           1  1 0.2426 0.2518 0.2609 0.2447 
           2  1 0.2643 0.2500 0.2220 0.2637 
           3  1 0.2534 0.2350 0.2568 0.2548 
           4  1 0.2546 0.2345 0.2560 0.2550 
           5  1 0.2802 0.2237 0.2183 0.2779 
           6  1 0.2517 0.2325 0.2637 0.2521 
           7  1 0.2325 0.2682 0.2677 0.2317 
           8  1 0.2435 0.2504 0.2618 0.2443 
           9  1 0.2483 0.2458 0.2581 0.2477 
          10  1 0.2568 0.2441 0.2411 0.2579 
          11  1 0.2929 0.2217 0.1986 0.2868 
          12  1 0.2541 0.2402 0.2515 0.2542 
          13  1 0.2684 0.2380 0.2261 0.2675 
          14  1 0.2541 0.2501 0.2412 0.2546 
          15  1 0.2446 0.2504 0.2596 0.2455 
          16  1 0.2579 0.2435 0.2460 0.2526 
          17  1 0.2374 0.2444 0.2798 0.2385 
          18  1 0.2509 0.2401 0.2585 0.2505 
          19  1 0.2816 0.2097 0.2285 0.2802 
          20  1 0.2031 0.3136 0.2795 0.2038 
          21  1 0.2391 0.2643 0.2557 0.2410 
          22  1 0.2579 0.2456 0.2387 0.2578 
          23  1 0.2643 0.2393 0.2330 0.2634 
          24  1 0.2391 0.2709 0.2507 0.2393 
          25  1 0.2478 0.2475 0.2561 0.2486 
          26  1 0.2510 0.2504 0.2483 0.2504 
          27  1 0.2560 0.2501 0.2407 0.2532 
          28  1 0.2875 0.2114 0.2144 0.2868 
          29  1 0.2768 0.2259 0.2177 0.2796 
          30  1 0.2376 0.2462 0.2772 0.2389 
          31  1 0.2411 0.2585 0.2603 0.2402 
          32  1 0.2928 0.1998 0.2166 0.2907 
          33  1 0.2464 0.2388 0.2659 0.2489 
          34  1 0.2555 0.2588 0.2274 0.2583 
          35  1 0.2261 0.2648 0.2834 0.2257 
          36  1 0.2520 0.2594 0.2356 0.2530 
          37  1 0.2520 0.2505 0.2430 0.2545 
          38  1 0.2783 0.2190 0.2266 0.2761 
          39  1 0.2318 0.2760 0.2605 0.2318 
          40  1 0.2486 0.2343 0.2686 0.2486 
          41  1 0.2474 0.2614 0.2434 0.2479 
          42  1 0.2196 0.2849 0.2755 0.2200 
          43  1 0.2656 0.2370 0.2338 0.2637 
          44  1 0.2360 0.2672 0.2623 0.2344 
          45  1 0.2395 0.2584 0.2626 0.2395 
          46  1 0.2381 0.2741 0.2501 0.2377 
          47  1 0.2519 0.2585 0.2377 0.2518 
          48  1 0.2513 0.2396 0.2570 0.2521 
          49  1 0.2601 0.2289 0.2536 0.2574 
          50  1 0.2634 0.2322 0.2417 0.2627 
          51  1 0.2572 0.2461 0.2400 0.2567 
          52  1 0.2532 0.2450 0.2471 0.2547 
          53  1 0.2775 0.2201 0.2218 0.2806 
          54  1 0.2405 0.2713 0.2469 0.2413 
          55  1 0.2346 0.2740 0.2565 0.2349 
          56  1 0.2733 0.2210 0.2333 0.2725 
          57  1 0.2493 0.2731 0.2300 0.2476 
          58  1 0.2493 0.2512 0.2509 0.2486 
          59  1 0.2257 0.2638 0.2861 0.2244 
          60  1 0.2404 0.2706 0.2485 0.2405 
          61  1 0.2448 0.2567 0.2521 0.2464 
          62  1 0.2580 0.2376 0.2456 0.2588 
          63  1 0.2399 0.2488 0.2724 0.2389 
          64  1 0.2398 0.2454 0.2741 0.2407 
          65  1 0.2644 0.2342 0.2381 0.2633 
          66  1 0.2585 0.2403 0.2419 0.2593 
          67  1 0.2419 0.2730 0.2445 0.2406 
          68  1 0.2167 0.2846 0.2810 0.2177 
          69  1 0.2487 0.2474 0.2571 0.2468 
          70  1 0.2371 0.2723 0.2525 0.2380 
          71  1 0.2441 0.2553 0.2567 0.2439 
          72  1 0.2309 0.2835 0.2548 0.2308 
          73  1 0.2595 0.2292 0.2511 0.2602 
          74  1 0.2435 0.2471 0.2649 0.2445 
          75  1 0.2239 0.2886 0.2629 0.2246 
          76  1 0.2514 0.2479 0.2469 0.2537 
          77  1 0.2455 0.2539 0.2542 0.2464 
          78  1 0.2626 0.2445 0.2306 0.2623 
          79  1 0.2458 0.2723 0.2354 0.2465 
          80  1 0.2288 0.2914 0.2493 0.2304 
          81  1 0.2657 0.2338 0.2344 0.2661 
          82  1 0.2538 0.2649 0.2314 0.2499 
          83  1 0.2205 0.3065 0.2518 0.2211 
          84  1 0.2442 0.2354 0.2754 0.2450 
          85  1 0.2284 0.2769 0.2660 0.2287 
          86  1 0.2247 0.2580 0.2908 0.2265 
          87  1 0.2436 0.2647 0.2471 0.2446 
          88  1 0.2465 0.2518 0.2564 0.2453 
          89  1 0.2609 0.2300 0.2500 0.2591 
          90  1 0.2496 0.2358 0.2645 0.2502 
          91  1 0.2657 0.2383 0.2328 0.2632 
          92  1 0.2659 0.2377 0.2321 0.2643 
          93  1 0.2672 0.2166 0.2506 0.2656 
          94  1 0.2222 0.2918 0.2633 0.2227 
          95  1 0.2390 0.2495 0.2717 0.2398 
          96  1 0.2383 0.2759 0.2463 0.2394 
          97  1 0.2494 0.2441 0.2578 0.2486 
          98  1 0.2481 0.2582 0.2454 0.2483 
          99  1 0.2459 0.2443 0.2629 0.2470 
         100  1 0.2626 0.2313 0.2454 0.2607 
         101  1 0.2184 0.2904 0.2722 0.2189 
         102  1 0.2755 0.2416 0.2100 0.2729 
         103  1 0.2556 0.2628 0.2299 0.2517 
         104  1 0.2562 0.2550 0.2346 0.2543 
         105  1 0.2378 0.2524 0.2722 0.2377 
         106  1 0.2407 0.2480 0.2679 0.2435 
         107  1 0.2289 0.2673 0.2741 0.2296 
         108  1 0.2804 0.2101 0.2282 0.2814 
         109  1 0.2831 0.2155 0.2150 0.2863 
         110  1 0.2802 0.2150 0.2252 0.2796 
         111  1 0.2549 0.2612 0.2315 0.2524 
         112  1 0.2481 0.2667 0.2356 0.2496 
         113  1 0.2332 0.2901 0.2432 0.2335 
         114  1 0.2624 0.2362 0.2393 0.2621 
         115  1 0.2390 0.2566 0.2664 0.2380 
         116  1 0.2530 0.2506 0.2414 0.2550 
         117  1 0.2399 0.2368 0.2817 0.2416 
         118  1 0.2524 0.2361 0.2576 0.2539 
         119  1 0.2404 0.2699 0.2516 0.2381 
         120  1 0.2583 0.2320 0.2491 0.2606 
         121  1 0.2290 0.2826 0.2575 0.2309 
         122  1 0.2489 0.2513 0.2501 0.2496 
         123  1 0.2661 0.2322 0.2397 0.2619 
         124  1 0.2469 0.2526 0.2531 0.2474 
         125  1 0.2614 0.2307 0.2472 0.2607 
         126  1 0.2450 0.2631 0.2455 0.2463 
         127  1 0.2362 0.2647 0.2612 0.2380 
         128  1 0.2255 0.2568 0.2914 0.2263 
         129  1 0.2564 0.2596 0.2311 0.2529 
         130  1 0.2539 0.2450 0.2469 0.2541 
         131  1 0.2381 0.2535 0.2709 0.2375 
         132  1 0.2384 0.2656 0.2574 0.2386 
         133  1 0.2584 0.2427 0.2414 0.2575 
         134  1 0.2598 0.2518 0.2287 0.2596 
         135  1 0.2229 0.2719 0.2817 0.2235 
         136  1 0.2580 0.2369 0.2460 0.2591 
         137  1 0.2465 0.2464 0.2584 0.2486 
         138  1 0.2297 0.2531 0.2867 0.2305 
         139  1 0.2496 0.2530 0.2505 0.2470 
         140  1 0.2722 0.2359 0.2216 0.2703 
         141  1 0.2427 0.2643 0.2483 0.2447 
         142  1 0.2430 0.2540 0.2606 0.2424 
         143  1 0.2481 0.2482 0.2544 0.2492 
         144  1 0.2406 0.2695 0.2481 0.2418 
         145  1 0.2525 0.2339 0.2605 0.2531 
         146  1 0.2435 0.2619 0.2512 0.2434 
         147  1 0.2591 0.2274 0.2532 0.2604 
         148  1 0.2549 0.2330 0.2587 0.2533 
         149  1 0.2508 0.2567 0.2418 0.2506 
         150  1 0.2466 0.2513 0.2562 0.2459 
         151  1 0.2598 0.2285 0.2508 0.2610 
         152  1 0.2718 0.2265 0.2301 0.2716 
         153  1 0.2497 0.2369 0.2638 0.2496 
         154  1 0.2615 0.2268 0.2491 0.2627 
         155  1 0.2298 0.2701 0.2702 0.2299 
         156  1 0.2477 0.2375 0.2686 0.2462 
         157  1 0.2358 0.2473 0.2811 0.2358 
         158  1 0.2629 0.2512 0.2217 0.2643 
         159  1 0.2532 0.2710 0.2249 0.2509 
         160  1 0.2852 0.2310 0.2000 0.2838 
         161  1 0.2370 0.2647 0.2613 0.2371 
         162  1 0.2329 0.2565 0.2793 0.2313 
         163  1 0.2440 0.2663 0.2451 0.2446 
         164  1 0.2450 0.2701 0.2388 0.2461 
         165  1 0.2579 0.2172 0.2679 0.2570 
         166  1 0.2424 0.2714 0.2446 0.2415 
         167  1 0.2364 0.2734 0.2519 0.2383 
         168  1 0.2352 0.2604 0.2666 0.2377 
         169  1 0.2324 0.2626 0.2714 0.2335 
         170  1 0.2618 0.2248 0.2515 0.2618 
         171  1 0.2601 0.2312 0.2538 0.2548 
         172  1 0.2709 0.2390 0.2192 0.2710 
         173  1 0.2403 0.2667 0.2525 0.2406 
         174  1 0.2484 0.2373 0.2652 0.2491 
         175  1 0.2467 0.2613 0.2483 0.2438 
         176  1 0.2695 0.2338 0.2247 0.2720 
         177  1 0.2186 0.2832 0.2792 0.2190 
         178  1 0.2503 0.2353 0.2613 0.2531 
         179  1 0.2530 0.2415 0.2520 0.2534 
         180  1 0.2517 0.2531 0.2442 0.2509 
         181  1 0.2178 0.2711 0.2929 0.2181 
         182  1 0.2400 0.2516 0.2692 0.2392 
         183  1 0.2527 0.2310 0.2654 0.2509 
         184  1 0.2412 0.2490 0.2682 0.2416 
         185  1 0.2788 0.2257 0.2195 0.2761 
         186  1 0.2219 0.2705 0.2847 0.2230 
         187  1 0.2578 0.2376 0.2502 0.2545 
         188  1 0.2604 0.2524 0.2295 0.2578 
         189  1 0.2637 0.2381 0.2338 0.2643 
         190  1 0.2693 0.2260 0.2356 0.2692 
         191  1 0.2797 0.2199 0.2195 0.2809 
         192  1 0.2373 0.2728 0.2502 0.2396 
         193  1 0.2341 0.2505 0.2794 0.2360 
         194  1 0.2581 0.2600 0.2272 0.2548 
         195  1 0.2427 0.2667 0.2472 0.2433 
         196  1 0.2729 0.2286 0.2267 0.2718 
         197  1 0.2493 0.2645 0.2363 0.2500 
         198  1 0.2571 0.2269 0.2610 0.2550 
         199  1 0.2530 0.2514 0.2421 0.2535 
         200  1 0.2542 0.2385 0.2518 0.2554 
         201  1 0.2061 0.2873 0.2991 0.2075 
         202  1 0.2315 0.2759 0.2591 0.2335 
         203  1 0.2703 0.2459 0.2195 0.2643 
         204  1 0.2623 0.2329 0.2426 0.2621 
         205  1 0.2588 0.2523 0.2293 0.2596 
         206  1 0.2487 0.2527 0.2502 0.2484 
         207  1 0.2456 0.2670 0.2435 0.2438 
         208  1 0.3362 0.1698 0.1738 0.3203 
         209  1 0.2384 0.2559 0.2672 0.2385 
         210  1 0.2187 0.3047 0.2570 0.2197 
         211  1 0.2492 0.2607 0.2394 0.2507 
         212  1 0.2252 0.2874 0.2628 0.2246 
         213  1 0.2589 0.2390 0.2475 0.2546 
         214  1 0.2591 0.2431 0.2375 0.2602 
         215  1 0.2522 0.2329 0.2639 0.2511 
         216  1 0.2488 0.2545 0.2481 0.2486 
         217  1 0.2433 0.2489 0.2633 0.2446 
         218  1 0.2259 0.2497 0.2986 0.2258 
         219  1 0.2212 0.2857 0.2721 0.2210 
         220  1 0.2495 0.2336 0.2678 0.2491 
         221  1 0.2563 0.2317 0.2565 0.2554 
         222  1 0.2483 0.2529 0.2523 0.2465 
         223  1 0.2803 0.2198 0.2194 0.2805 
         224  1 0.2725 0.2311 0.2234 0.2730 
         225  1 0.2379 0.2763 0.2479 0.2379 
         226  1 0.2581 0.2408 0.2441 0.2570 
         227  1 0.2481 0.2330 0.2715 0.2475 
         228  1 0.2462 0.2563 0.2514 0.2461 
         229  1 0.2392 0.2472 0.2725 0.2411 
         230  1 0.2216 0.2908 0.2665 0.2211 
         231  1 0.2470 0.2532 0.2532 0.2466 
         232  1 0.2379 0.2589 0.2661 0.2372 
         233  1 0.2124 0.2869 0.2879 0.2127 
         234  1 0.2757 0.2255 0.2274 0.2714 
         235  1 0.2397 0.2514 0.2687 0.2402 
         236  1 0.2557 0.2524 0.2382 0.2538 
         237  1 0.2549 0.2457 0.2447 0.2548 
         238  1 0.2265 0.2861 0.2599 0.2275 
         239  1 0.2575 0.2393 0.2462 0.2570 
         240  1 0.2557 0.2471 0.2424 0.2548 
         241  1 0.2340 0.2517 0.2802 0.2342 
         242  1 0.2464 0.2443 0.2626 0.2467 
         243  1 0.2174 0.2752 0.2886 0.2188 
         244  1 0.2543 0.2472 0.2436 0.2549 
         245  1 0.2492 0.2641 0.2384 0.2482 
         246  1 0.2342 0.2368 0.2940 0.2351 
         247  1 0.2586 0.2343 0.2487 0.2584 
         248  1 0.2720 0.2281 0.2290 0.2709 
         249  1 0.2501 0.2574 0.2450 0.2475 
         250  1 0.2227 0.2620 0.2926 0.2227 
         251  1 0.2545 0.2366 0.2523 0.2565 
         252  1 0.2341 0.2662 0.2654 0.2343 
         253  1 0.2197 0.2780 0.2814 0.2209 
         254  1 0.2789 0.2138 0.2305 0.2768 
         255  1 0.2552 0.2549 0.2350 0.2549 
         256  1 0.2704 0.2282 0.2298 0.2716 
         257  1 0.2624 0.2302 0.2461 0.2613 
         258  1 0.2411 0.2763 0.2414 0.2411 
         259  1 0.2519 0.2428 0.2522 0.2531 
         260  1 0.2323 0.2815 0.2534 0.2328 
         261  1 0.2420 0.2608 0.2546 0.2426 
         262  1 0.2859 0.2079 0.2263 0.2799 
         263  1 0.2177 0.2821 0.2826 0.2176 
         264  1 0.2396 0.2639 0.2586 0.2379 
         265  1 0.2439 0.2587 0.2533 0.2441 
         266  1 0.2723 0.2119 0.2440 0.2718 
         267  1 0.2285 0.2752 0.2653 0.2310 
         268  1 0.2451 0.2525 0.2576 0.2448 
         269  1 0.2732 0.2243 0.2306 0.2720 
         270  1 0.2255 0.2565 0.2915 0.2265 
         271  1 0.2506 0.2353 0.2631 0.2510 
         272  1 0.2484 0.2398 0.2628 0.2489 
         273  1 0.2595 0.2360 0.2459 0.2586 
         274  1 0.2371 0.2618 0.2638 0.2373 
         275  1 0.2445 0.2404 0.2708 0.2443 
         276  1 0.2416 0.2399 0.2749 0.2437 
         277  1 0.2530 0.2528 0.2398 0.2545 
         278  1 0.2461 0.2584 0.2476 0.2478 
         279  1 0.2101 0.3101 0.2701 0.2098 
         280  1 0.2400 0.2744 0.2450 0.2405 
         281  1 0.2790 0.2234 0.2178 0.2797 
         282  1 0.2717 0.2435 0.2127 0.2720 
         283  1 0.2679 0.2310 0.2388 0.2623 
         284  1 0.2496 0.2535 0.2460 0.2509 
         285  1 0.2278 0.2562 0.2876 0.2285 
         286  1 0.2985 0.2129 0.1969 0.2917 
         287  1 0.2697 0.2344 0.2250 0.2709 
         288  1 0.2525 0.2425 0.2510 0.2539 
         289  1 0.2439 0.2771 0.2364 0.2426 
         290  1 0.2529 0.2512 0.2425 0.2535 
         291  1 0.2248 0.2759 0.2735 0.2258 
         292  1 0.2694 0.2372 0.2238 0.2696 
         293  1 0.2380 0.2697 0.2536 0.2387 
         294  1 0.2316 0.2730 0.2637 0.2317 
         295  1 0.2793 0.2177 0.2246 0.2784 
         296  1 0.2169 0.3034 0.2611 0.2185 
         297  1 0.2191 0.2847 0.2767 0.2195 
         298  1 0.2500 0.2565 0.2485 0.2450 
         299  1 0.2524 0.2646 0.2325 0.2505 
         300  1 0.2396 0.2847 0.2348 0.2409 
         301  1 0.2655 0.2298 0.2402 0.2645 
         302  1 0.2356 0.2660 0.2640 0.2344 
         303  1 0.2194 0.2895 0.2710 0.2201 
