           1  1 0.1891 0.2046 0.1923 0.2112 0.2028 
           2  1 0.2239 0.1950 0.2202 0.1810 0.1799 
           3  1 0.1950 0.2024 0.1973 0.2083 0.1970 
           4  1 0.2053 0.1843 0.2061 0.1969 0.2074 
           5  1 0.2364 0.1771 0.2375 0.1788 0.1702 
           6  1 0.1977 0.1848 0.1979 0.2188 0.2007 
           7  1 0.1768 0.2148 0.1791 0.2225 0.2069 
           8  1 0.1920 0.1998 0.1939 0.2118 0.2024 
           9  1 0.1961 0.2089 0.1966 0.1944 0.2040 
          10  1 0.2064 0.2020 0.2050 0.1913 0.1953 
          11  1 0.2484 0.1738 0.2374 0.1781 0.1624 
          12  1 0.2046 0.1894 0.2031 0.2010 0.2018 
          13  1 0.2245 0.1949 0.2233 0.1721 0.1853 
          14  1 0.1972 0.1948 0.1996 0.2169 0.1915 
          15  1 0.1855 0.1871 0.1882 0.2340 0.2052 
          16  1 0.2136 0.1990 0.2039 0.1885 0.1951 
          17  1 0.1837 0.1998 0.1861 0.2129 0.2175 
          18  1 0.2010 0.1852 0.2021 0.2015 0.2102 
          19  1 0.2426 0.1656 0.2356 0.1760 0.1803 
          20  1 0.1522 0.2512 0.1526 0.2142 0.2297 
          21  1 0.1855 0.2131 0.1871 0.2207 0.1937 
          22  1 0.2043 0.1958 0.2064 0.2015 0.1921 
          23  1 0.2151 0.1905 0.2125 0.1979 0.1841 
          24  1 0.1936 0.2149 0.1931 0.1936 0.2047 
          25  1 0.1906 0.1955 0.1917 0.2118 0.2103 
          26  1 0.2061 0.2006 0.2053 0.1898 0.1981 
          27  1 0.2089 0.1906 0.2060 0.1945 0.2000 
          28  1 0.2366 0.1647 0.2353 0.1903 0.1731 
          29  1 0.2340 0.1805 0.2354 0.1788 0.1712 
          30  1 0.1818 0.1948 0.1831 0.2129 0.2274 
          31  1 0.1906 0.2023 0.1863 0.2213 0.1995 
          32  1 0.2493 0.1620 0.2433 0.1676 0.1779 
          33  1 0.1984 0.1893 0.1984 0.1984 0.2155 
          34  1 0.2061 0.2073 0.2097 0.1958 0.1811 
          35  1 0.1746 0.2132 0.1758 0.2142 0.2222 
          36  1 0.1996 0.2108 0.2012 0.1951 0.1933 
          37  1 0.2041 0.1986 0.2050 0.1895 0.2028 
          38  1 0.2338 0.1772 0.2297 0.1712 0.1883 
          39  1 0.1752 0.2230 0.1776 0.2207 0.2035 
          40  1 0.1942 0.1960 0.1958 0.1979 0.2162 
          41  1 0.1935 0.2109 0.1955 0.2003 0.1998 
          42  1 0.1722 0.2275 0.1710 0.2247 0.2046 
          43  1 0.2180 0.1909 0.2120 0.1896 0.1895 
          44  1 0.1875 0.2114 0.1875 0.1961 0.2175 
          45  1 0.1877 0.2150 0.1897 0.1997 0.2079 
          46  1 0.1849 0.2120 0.1858 0.2108 0.2065 
          47  1 0.1949 0.2193 0.1971 0.2055 0.1831 
          48  1 0.2024 0.1823 0.2045 0.2017 0.2091 
          49  1 0.2169 0.1794 0.2122 0.1906 0.2009 
          50  1 0.2177 0.1869 0.2126 0.1936 0.1892 
          51  1 0.2016 0.1965 0.2032 0.1926 0.2061 
          52  1 0.2014 0.1890 0.2052 0.1995 0.2050 
          53  1 0.2300 0.1756 0.2310 0.1865 0.1770 
          54  1 0.1892 0.2198 0.1891 0.2136 0.1883 
          55  1 0.1819 0.2350 0.1820 0.2002 0.2008 
          56  1 0.2279 0.1711 0.2252 0.1948 0.1810 
          57  1 0.2048 0.2173 0.2018 0.1923 0.1838 
          58  1 0.2003 0.2042 0.2013 0.1935 0.2007 
          59  1 0.1772 0.2112 0.1748 0.2016 0.2352 
          60  1 0.1876 0.2279 0.1885 0.1966 0.1994 
          61  1 0.1927 0.2101 0.1949 0.2024 0.1999 
          62  1 0.2113 0.1864 0.2114 0.1969 0.1940 
          63  1 0.1917 0.1948 0.1904 0.1979 0.2253 
          64  1 0.1816 0.1975 0.1839 0.2148 0.2222 
          65  1 0.2157 0.1850 0.2138 0.1974 0.1881 
          66  1 0.2105 0.1855 0.2121 0.1953 0.1966 
          67  1 0.1976 0.2176 0.1950 0.2036 0.1862 
          68  1 0.1681 0.2259 0.1686 0.2253 0.2121 
          69  1 0.2006 0.1870 0.1992 0.2098 0.2034 
          70  1 0.1838 0.2146 0.1842 0.2056 0.2117 
          71  1 0.1967 0.1942 0.1979 0.1952 0.2161 
          72  1 0.1755 0.2289 0.1782 0.2105 0.2069 
          73  1 0.2088 0.1797 0.2078 0.2142 0.1895 
          74  1 0.1938 0.1948 0.1948 0.2096 0.2071 
          75  1 0.1777 0.2316 0.1771 0.2099 0.2036 
          76  1 0.1981 0.1962 0.1988 0.2150 0.1919 
          77  1 0.1968 0.2054 0.1960 0.2007 0.2011 
          78  1 0.2173 0.1955 0.2157 0.1881 0.1834 
          79  1 0.1975 0.2138 0.1977 0.2048 0.1862 
          80  1 0.1815 0.2285 0.1829 0.2066 0.2005 
          81  1 0.2210 0.1851 0.2222 0.1851 0.1865 
          82  1 0.2130 0.2138 0.2081 0.1799 0.1853 
          83  1 0.1708 0.2531 0.1717 0.2054 0.1991 
          84  1 0.1972 0.1944 0.1958 0.1934 0.2192 
          85  1 0.1752 0.2315 0.1743 0.2128 0.2062 
          86  1 0.1751 0.2087 0.1761 0.2111 0.2290 
          87  1 0.1917 0.2052 0.1929 0.1966 0.2136 
          88  1 0.1939 0.2018 0.1955 0.2140 0.1949 
          89  1 0.2130 0.1882 0.2111 0.1887 0.1990 
          90  1 0.1973 0.1829 0.1983 0.2089 0.2126 
          91  1 0.2242 0.1828 0.2212 0.1870 0.1849 
          92  1 0.2143 0.1868 0.2144 0.2047 0.1798 
          93  1 0.2180 0.1724 0.2166 0.1977 0.1953 
          94  1 0.1751 0.2335 0.1752 0.2050 0.2112 
          95  1 0.1871 0.2032 0.1886 0.2101 0.2111 
          96  1 0.1901 0.2288 0.1901 0.1995 0.1915 
          97  1 0.1964 0.1924 0.1987 0.2014 0.2111 
          98  1 0.1968 0.1986 0.1989 0.2043 0.2014 
          99  1 0.1977 0.1841 0.1977 0.2089 0.2115 
         100  1 0.2183 0.1767 0.2142 0.1911 0.1997 
         101  1 0.1661 0.2348 0.1677 0.2172 0.2141 
         102  1 0.2224 0.2030 0.2222 0.1823 0.1701 
         103  1 0.2132 0.2135 0.2062 0.1872 0.1799 
         104  1 0.2065 0.2012 0.2030 0.1977 0.1917 
         105  1 0.1843 0.2024 0.1862 0.2016 0.2255 
         106  1 0.1884 0.1963 0.1907 0.1997 0.2249 
         107  1 0.1776 0.2060 0.1781 0.2100 0.2284 
         108  1 0.2308 0.1646 0.2331 0.1913 0.1802 
         109  1 0.2267 0.1720 0.2298 0.2004 0.1711 
         110  1 0.2301 0.1695 0.2294 0.1865 0.1845 
         111  1 0.2146 0.2114 0.2064 0.1796 0.1881 
         112  1 0.2062 0.2105 0.2058 0.1880 0.1895 
         113  1 0.1807 0.2354 0.1819 0.2066 0.1954 
         114  1 0.2112 0.1831 0.2116 0.2138 0.1805 
         115  1 0.1843 0.1931 0.1868 0.2148 0.2210 
         116  1 0.2002 0.1982 0.2037 0.1988 0.1991 
         117  1 0.1866 0.1996 0.1874 0.2051 0.2213 
         118  1 0.2002 0.1834 0.1991 0.2030 0.2143 
         119  1 0.1925 0.2255 0.1885 0.2043 0.1892 
         120  1 0.1975 0.1856 0.1994 0.2023 0.2152 
         121  1 0.1760 0.2254 0.1773 0.2156 0.2057 
         122  1 0.1906 0.2030 0.1927 0.2181 0.1956 
         123  1 0.2177 0.1859 0.2137 0.1957 0.1870 
         124  1 0.1983 0.2039 0.1968 0.1917 0.2093 
         125  1 0.2119 0.1811 0.2095 0.2103 0.1872 
         126  1 0.1961 0.2142 0.1975 0.1932 0.1990 
         127  1 0.1881 0.2073 0.1898 0.2017 0.2131 
         128  1 0.1777 0.1996 0.1788 0.2082 0.2357 
         129  1 0.2116 0.2108 0.2058 0.1938 0.1779 
         130  1 0.2103 0.1976 0.2072 0.1833 0.2016 
         131  1 0.1846 0.2012 0.1843 0.2226 0.2074 
         132  1 0.1800 0.2047 0.1814 0.2227 0.2112 
         133  1 0.2146 0.1932 0.2121 0.1927 0.1873 
         134  1 0.2105 0.2063 0.2120 0.1892 0.1821 
         135  1 0.1715 0.2052 0.1716 0.2384 0.2133 
         136  1 0.2021 0.1862 0.2033 0.2043 0.2040 
         137  1 0.1893 0.1902 0.1906 0.2216 0.2083 
         138  1 0.1828 0.1989 0.1827 0.2040 0.2316 
         139  1 0.2013 0.1968 0.1983 0.2037 0.2000 
         140  1 0.2201 0.1874 0.2158 0.2035 0.1731 
         141  1 0.1927 0.2115 0.1950 0.2042 0.1965 
         142  1 0.1882 0.2068 0.1903 0.2041 0.2107 
         143  1 0.1978 0.1980 0.1984 0.1986 0.2072 
         144  1 0.1871 0.2123 0.1893 0.2047 0.2066 
         145  1 0.2001 0.1870 0.2030 0.2047 0.2051 
         146  1 0.1943 0.2136 0.1924 0.1954 0.2043 
         147  1 0.2032 0.1807 0.2053 0.2117 0.1992 
         148  1 0.2009 0.1803 0.2046 0.2031 0.2111 
         149  1 0.2053 0.2029 0.2034 0.1864 0.2020 
         150  1 0.1997 0.1982 0.1963 0.1922 0.2137 
         151  1 0.2064 0.1801 0.2077 0.2066 0.1992 
         152  1 0.2196 0.1827 0.2199 0.1960 0.1819 
         153  1 0.1959 0.1883 0.1955 0.2188 0.2015 
         154  1 0.2087 0.1942 0.2102 0.1878 0.1992 
         155  1 0.1754 0.2118 0.1769 0.2119 0.2240 
         156  1 0.2039 0.1903 0.2016 0.1958 0.2084 
         157  1 0.1903 0.1980 0.1875 0.1983 0.2259 
         158  1 0.2123 0.1989 0.2135 0.2010 0.1742 
         159  1 0.2110 0.2079 0.2030 0.1932 0.1849 
         160  1 0.2412 0.1946 0.2394 0.1677 0.1572 
         161  1 0.1870 0.2132 0.1872 0.2154 0.1972 
         162  1 0.1824 0.2019 0.1805 0.2142 0.2211 
         163  1 0.1949 0.2140 0.1949 0.2051 0.1911 
         164  1 0.1867 0.2242 0.1882 0.2108 0.1901 
         165  1 0.2127 0.1728 0.2098 0.1911 0.2135 
         166  1 0.1939 0.2044 0.1943 0.2046 0.2028 
         167  1 0.1858 0.2223 0.1863 0.2078 0.1978 
         168  1 0.1908 0.1953 0.1906 0.2108 0.2125 
         169  1 0.1790 0.2120 0.1809 0.2202 0.2078 
         170  1 0.2161 0.1767 0.2165 0.1922 0.1985 
         171  1 0.2164 0.1850 0.2067 0.1897 0.2022 
         172  1 0.2232 0.1850 0.2223 0.1858 0.1837 
         173  1 0.1924 0.2121 0.1918 0.2139 0.1898 
         174  1 0.2032 0.1845 0.2005 0.2073 0.2046 
         175  1 0.1915 0.2119 0.1909 0.2101 0.1957 
         176  1 0.2213 0.1825 0.2213 0.1956 0.1793 
         177  1 0.1687 0.2149 0.1692 0.2265 0.2207 
         178  1 0.1981 0.1897 0.1993 0.2060 0.2069 
         179  1 0.1987 0.2014 0.2004 0.1942 0.2052 
         180  1 0.2024 0.2069 0.2023 0.1916 0.1968 
         181  1 0.1681 0.2063 0.1690 0.2153 0.2413 
         182  1 0.1931 0.1954 0.1928 0.2128 0.2059 
         183  1 0.2036 0.1887 0.1992 0.1981 0.2103 
         184  1 0.1894 0.1991 0.1892 0.2143 0.2081 
         185  1 0.2344 0.1762 0.2295 0.1839 0.1760 
         186  1 0.1717 0.2070 0.1729 0.2147 0.2337 
         187  1 0.2050 0.1839 0.2032 0.2038 0.2042 
         188  1 0.2144 0.2064 0.2091 0.1851 0.1850 
         189  1 0.2116 0.1895 0.2140 0.1958 0.1892 
         190  1 0.2251 0.1864 0.2229 0.1790 0.1866 
         191  1 0.2257 0.1707 0.2244 0.2014 0.1778 
         192  1 0.1892 0.2183 0.1903 0.2043 0.1978 
         193  1 0.1873 0.1974 0.1890 0.2077 0.2185 
         194  1 0.2191 0.2063 0.2118 0.1841 0.1787 
         195  1 0.1929 0.2233 0.1940 0.1920 0.1978 
         196  1 0.2294 0.1807 0.2243 0.1873 0.1782 
         197  1 0.2032 0.2145 0.2026 0.1937 0.1859 
         198  1 0.2065 0.1811 0.2034 0.2083 0.2006 
         199  1 0.2004 0.1955 0.2006 0.1992 0.2042 
         200  1 0.1996 0.1862 0.2011 0.2104 0.2027 
         201  1 0.1571 0.2282 0.1579 0.2074 0.2495 
         202  1 0.1781 0.2233 0.1790 0.2057 0.2138 
         203  1 0.2273 0.1963 0.2137 0.1844 0.1782 
         204  1 0.2097 0.1905 0.2100 0.1909 0.1988 
         205  1 0.2136 0.1990 0.2134 0.1827 0.1913 
         206  1 0.2007 0.1999 0.2006 0.1920 0.2067 
         207  1 0.1999 0.2076 0.1977 0.1902 0.2046 
         208  1 0.3120 0.1359 0.2800 0.1384 0.1337 
         209  1 0.1861 0.2001 0.1849 0.2160 0.2130 
         210  1 0.1669 0.2531 0.1688 0.2103 0.2010 
         211  1 0.2043 0.2098 0.2034 0.1892 0.1932 
         212  1 0.1762 0.2326 0.1772 0.2062 0.2077 
         213  1 0.2158 0.1880 0.2102 0.1866 0.1994 
         214  1 0.2069 0.1906 0.2065 0.1972 0.1988 
         215  1 0.1997 0.1897 0.1983 0.2058 0.2065 
         216  1 0.1962 0.1957 0.1951 0.2165 0.1965 
         217  1 0.1857 0.1903 0.1864 0.2177 0.2199 
         218  1 0.1672 0.2067 0.1692 0.2235 0.2334 
         219  1 0.1745 0.2215 0.1752 0.2087 0.2201 
         220  1 0.1954 0.1965 0.1964 0.1998 0.2120 
         221  1 0.1964 0.1984 0.1977 0.2107 0.1968 
         222  1 0.1977 0.1972 0.1965 0.2127 0.1960 
         223  1 0.2334 0.1795 0.2331 0.1798 0.1742 
         224  1 0.2261 0.1796 0.2269 0.1937 0.1737 
         225  1 0.1900 0.2280 0.1911 0.1913 0.1996 
         226  1 0.2127 0.1865 0.2117 0.2028 0.1862 
         227  1 0.1980 0.1867 0.1978 0.2067 0.2108 
         228  1 0.1885 0.2012 0.1913 0.2207 0.1983 
         229  1 0.1858 0.1920 0.1879 0.2165 0.2178 
         230  1 0.1677 0.2489 0.1687 0.2104 0.2043 
         231  1 0.1946 0.2103 0.1957 0.2004 0.1990 
         232  1 0.1881 0.2131 0.1885 0.2029 0.2074 
         233  1 0.1669 0.2260 0.1665 0.2073 0.2334 
         234  1 0.2339 0.1795 0.2244 0.1875 0.1748 
         235  1 0.1892 0.2129 0.1884 0.1975 0.2120 
         236  1 0.2115 0.2071 0.2056 0.1932 0.1826 
         237  1 0.1976 0.1920 0.1979 0.2037 0.2088 
         238  1 0.1785 0.2299 0.1805 0.2074 0.2038 
         239  1 0.2052 0.1964 0.2055 0.1957 0.1973 
         240  1 0.2102 0.1872 0.2066 0.1992 0.1967 
         241  1 0.1826 0.1997 0.1846 0.2036 0.2294 
         242  1 0.1917 0.2020 0.1931 0.1960 0.2171 
         243  1 0.1655 0.2211 0.1659 0.2188 0.2287 
         244  1 0.1987 0.1905 0.2012 0.2125 0.1972 
         245  1 0.1989 0.2150 0.1965 0.1959 0.1936 
         246  1 0.1783 0.1911 0.1793 0.2157 0.2356 
         247  1 0.2052 0.1859 0.2067 0.2111 0.1910 
         248  1 0.2294 0.1868 0.2266 0.1756 0.1816 
         249  1 0.2083 0.2045 0.2046 0.1936 0.1891 
         250  1 0.1663 0.2091 0.1684 0.2121 0.2442 
         251  1 0.1991 0.1957 0.2005 0.1915 0.2131 
         252  1 0.1826 0.2001 0.1826 0.2154 0.2193 
         253  1 0.1719 0.2197 0.1730 0.2089 0.2265 
         254  1 0.2307 0.1697 0.2276 0.1809 0.1911 
         255  1 0.1991 0.1970 0.1997 0.2133 0.1909 
         256  1 0.2227 0.1844 0.2233 0.1893 0.1804 
         257  1 0.2094 0.1904 0.2094 0.1941 0.1968 
         258  1 0.1971 0.2234 0.1974 0.1867 0.1954 
         259  1 0.1990 0.2032 0.2001 0.1973 0.2005 
         260  1 0.1819 0.2341 0.1816 0.2063 0.1962 
         261  1 0.1868 0.2020 0.1886 0.2079 0.2147 
         262  1 0.2412 0.1697 0.2330 0.1804 0.1756 
         263  1 0.1665 0.2345 0.1667 0.2210 0.2113 
         264  1 0.1919 0.2026 0.1910 0.2048 0.2097 
         265  1 0.1967 0.2031 0.1954 0.2005 0.2044 
         266  1 0.2207 0.1704 0.2211 0.1910 0.1967 
         267  1 0.1721 0.2204 0.1740 0.2209 0.2126 
         268  1 0.1912 0.2088 0.1920 0.2034 0.2046 
         269  1 0.2251 0.1779 0.2253 0.1890 0.1827 
         270  1 0.1719 0.2084 0.1743 0.2102 0.2352 
         271  1 0.1994 0.1842 0.1999 0.2032 0.2133 
         272  1 0.2013 0.1975 0.2026 0.1997 0.1989 
         273  1 0.2033 0.1861 0.2033 0.2005 0.2068 
         274  1 0.1867 0.2180 0.1874 0.2080 0.2000 
         275  1 0.1974 0.1945 0.1948 0.1941 0.2191 
         276  1 0.1902 0.1972 0.1914 0.2080 0.2131 
         277  1 0.1972 0.1928 0.1979 0.2118 0.2004 
         278  1 0.1945 0.2092 0.1960 0.1947 0.2055 
         279  1 0.1666 0.2501 0.1650 0.2020 0.2163 
         280  1 0.1901 0.2125 0.1920 0.1939 0.2116 
         281  1 0.2292 0.1733 0.2305 0.1872 0.1799 
         282  1 0.2279 0.1999 0.2291 0.1728 0.1702 
         283  1 0.2207 0.1822 0.2140 0.1932 0.1899 
         284  1 0.2047 0.1984 0.2069 0.1881 0.2018 
         285  1 0.1791 0.2022 0.1805 0.2202 0.2179 
         286  1 0.2690 0.1655 0.2537 0.1555 0.1563 
         287  1 0.2224 0.1884 0.2256 0.1881 0.1755 
         288  1 0.2041 0.1892 0.2052 0.1923 0.2092 
         289  1 0.2005 0.2262 0.1952 0.1924 0.1857 
         290  1 0.2001 0.2096 0.2027 0.1952 0.1923 
         291  1 0.1788 0.2167 0.1800 0.2110 0.2135 
         292  1 0.2249 0.1909 0.2262 0.1799 0.1782 
         293  1 0.1898 0.2227 0.1897 0.1925 0.2053 
         294  1 0.1823 0.2163 0.1838 0.1958 0.2218 
         295  1 0.2314 0.1744 0.2266 0.1851 0.1826 
         296  1 0.1664 0.2403 0.1687 0.2132 0.2114 
         297  1 0.1672 0.2314 0.1689 0.2040 0.2285 
         298  1 0.2079 0.2124 0.1996 0.1946 0.1854 
         299  1 0.2022 0.2286 0.2008 0.1795 0.1890 
         300  1 0.1861 0.2439 0.1869 0.1912 0.1919 
         301  1 0.2192 0.1870 0.2186 0.1817 0.1936 
         302  1 0.1869 0.2058 0.1876 0.2132 0.2065 
         303  1 0.1702 0.2357 0.1715 0.2128 0.2098 
