           1  1 0.3430 0.3462 0.3108 
           2  1 0.3070 0.3177 0.3753 
           3  1 0.3406 0.3333 0.3262 
           4  1 0.3285 0.3253 0.3462 
           5  1 0.3091 0.2962 0.3947 
           6  1 0.3400 0.3275 0.3325 
           7  1 0.3536 0.3574 0.2890 
           8  1 0.3454 0.3364 0.3182 
           9  1 0.3370 0.3342 0.3287 
          10  1 0.3277 0.3243 0.3480 
          11  1 0.2861 0.2919 0.4220 
          12  1 0.3297 0.3303 0.3400 
          13  1 0.3099 0.3126 0.3775 
          14  1 0.3309 0.3378 0.3313 
          15  1 0.3414 0.3397 0.3190 
          16  1 0.3245 0.3280 0.3475 
          17  1 0.3557 0.3407 0.3036 
          18  1 0.3343 0.3291 0.3366 
          19  1 0.2982 0.3001 0.4016 
          20  1 0.3658 0.3748 0.2594 
          21  1 0.3459 0.3433 0.3108 
          22  1 0.3271 0.3272 0.3457 
          23  1 0.3182 0.3114 0.3704 
          24  1 0.3291 0.3492 0.3217 
          25  1 0.3441 0.3343 0.3216 
          26  1 0.3279 0.3303 0.3418 
          27  1 0.3193 0.3385 0.3422 
          28  1 0.2978 0.3071 0.3951 
          29  1 0.3055 0.3070 0.3875 
          30  1 0.3497 0.3433 0.3071 
          31  1 0.3443 0.3438 0.3119 
          32  1 0.2973 0.2828 0.4200 
          33  1 0.3399 0.3279 0.3322 
          34  1 0.3224 0.3314 0.3462 
          35  1 0.3564 0.3507 0.2929 
          36  1 0.3348 0.3384 0.3268 
          37  1 0.3234 0.3377 0.3388 
          38  1 0.3010 0.3074 0.3916 
          39  1 0.3541 0.3502 0.2957 
          40  1 0.3433 0.3370 0.3197 
          41  1 0.3314 0.3395 0.3291 
          42  1 0.3648 0.3544 0.2808 
          43  1 0.3188 0.3243 0.3569 
          44  1 0.3387 0.3457 0.3156 
          45  1 0.3478 0.3417 0.3104 
          46  1 0.3365 0.3527 0.3108 
          47  1 0.3371 0.3336 0.3293 
          48  1 0.3300 0.3331 0.3369 
          49  1 0.3260 0.3215 0.3525 
          50  1 0.3187 0.3189 0.3625 
          51  1 0.3287 0.3364 0.3349 
          52  1 0.3370 0.3240 0.3390 
          53  1 0.3082 0.3165 0.3753 
          54  1 0.3457 0.3354 0.3189 
          55  1 0.3434 0.3493 0.3074 
          56  1 0.3114 0.3067 0.3819 
          57  1 0.3297 0.3283 0.3419 
          58  1 0.3314 0.3308 0.3378 
          59  1 0.3560 0.3483 0.2957 
          60  1 0.3379 0.3387 0.3234 
          61  1 0.3404 0.3332 0.3263 
          62  1 0.3308 0.3236 0.3456 
          63  1 0.3457 0.3315 0.3227 
          64  1 0.3493 0.3497 0.3010 
          65  1 0.3251 0.3140 0.3609 
          66  1 0.3239 0.3302 0.3458 
          67  1 0.3391 0.3399 0.3211 
          68  1 0.3705 0.3481 0.2814 
          69  1 0.3371 0.3399 0.3230 
          70  1 0.3416 0.3541 0.3043 
          71  1 0.3289 0.3397 0.3315 
          72  1 0.3429 0.3599 0.2971 
          73  1 0.3292 0.3244 0.3464 
          74  1 0.3471 0.3317 0.3212 
          75  1 0.3480 0.3559 0.2961 
          76  1 0.3368 0.3316 0.3316 
          77  1 0.3451 0.3273 0.3275 
          78  1 0.3171 0.3205 0.3624 
          79  1 0.3299 0.3430 0.3272 
          80  1 0.3496 0.3537 0.2967 
          81  1 0.3232 0.3188 0.3581 
          82  1 0.3227 0.3203 0.3570 
          83  1 0.3568 0.3562 0.2870 
          84  1 0.3389 0.3321 0.3290 
          85  1 0.3556 0.3494 0.2950 
          86  1 0.3546 0.3508 0.2946 
          87  1 0.3260 0.3458 0.3283 
          88  1 0.3448 0.3271 0.3281 
          89  1 0.3294 0.3186 0.3519 
          90  1 0.3304 0.3363 0.3333 
          91  1 0.3141 0.3211 0.3649 
          92  1 0.3247 0.3171 0.3582 
          93  1 0.3179 0.3134 0.3687 
          94  1 0.3551 0.3511 0.2938 
          95  1 0.3457 0.3460 0.3083 
          96  1 0.3392 0.3432 0.3176 
          97  1 0.3392 0.3315 0.3293 
          98  1 0.3289 0.3404 0.3307 
          99  1 0.3333 0.3395 0.3273 
         100  1 0.3223 0.3147 0.3630 
         101  1 0.3605 0.3598 0.2797 
         102  1 0.3058 0.3186 0.3756 
         103  1 0.3203 0.3302 0.3495 
         104  1 0.3208 0.3367 0.3424 
         105  1 0.3463 0.3498 0.3039 
         106  1 0.3382 0.3477 0.3141 
         107  1 0.3503 0.3537 0.2960 
         108  1 0.3011 0.3091 0.3898 
         109  1 0.3096 0.3071 0.3834 
         110  1 0.3032 0.3110 0.3858 
         111  1 0.3218 0.3286 0.3497 
         112  1 0.3251 0.3318 0.3432 
         113  1 0.3450 0.3535 0.3015 
         114  1 0.3228 0.3287 0.3485 
         115  1 0.3419 0.3415 0.3166 
         116  1 0.3295 0.3335 0.3369 
         117  1 0.3453 0.3392 0.3156 
         118  1 0.3266 0.3349 0.3384 
         119  1 0.3448 0.3390 0.3162 
         120  1 0.3348 0.3347 0.3305 
         121  1 0.3527 0.3458 0.3016 
         122  1 0.3428 0.3409 0.3162 
         123  1 0.3220 0.3141 0.3640 
         124  1 0.3295 0.3348 0.3357 
         125  1 0.3290 0.3186 0.3524 
         126  1 0.3325 0.3371 0.3303 
         127  1 0.3332 0.3485 0.3183 
         128  1 0.3547 0.3526 0.2926 
         129  1 0.3260 0.3254 0.3486 
         130  1 0.3201 0.3307 0.3492 
         131  1 0.3432 0.3462 0.3106 
         132  1 0.3371 0.3613 0.3015 
         133  1 0.3226 0.3270 0.3504 
         134  1 0.3198 0.3254 0.3547 
         135  1 0.3610 0.3601 0.2789 
         136  1 0.3269 0.3338 0.3393 
         137  1 0.3541 0.3320 0.3139 
         138  1 0.3474 0.3483 0.3042 
         139  1 0.3276 0.3416 0.3308 
         140  1 0.3188 0.3187 0.3624 
         141  1 0.3425 0.3439 0.3136 
         142  1 0.3482 0.3405 0.3114 
         143  1 0.3349 0.3371 0.3280 
         144  1 0.3456 0.3397 0.3147 
         145  1 0.3365 0.3293 0.3342 
         146  1 0.3376 0.3361 0.3263 
         147  1 0.3255 0.3337 0.3407 
         148  1 0.3337 0.3338 0.3325 
         149  1 0.3244 0.3366 0.3390 
         150  1 0.3327 0.3351 0.3323 
         151  1 0.3254 0.3233 0.3513 
         152  1 0.3136 0.3162 0.3702 
         153  1 0.3378 0.3306 0.3316 
         154  1 0.3245 0.3189 0.3566 
         155  1 0.3497 0.3562 0.2941 
         156  1 0.3343 0.3305 0.3351 
         157  1 0.3444 0.3387 0.3169 
         158  1 0.3193 0.3316 0.3491 
         159  1 0.3166 0.3279 0.3555 
         160  1 0.2968 0.2987 0.4046 
         161  1 0.3478 0.3462 0.3060 
         162  1 0.3532 0.3411 0.3057 
         163  1 0.3371 0.3406 0.3223 
         164  1 0.3425 0.3452 0.3123 
         165  1 0.3242 0.3164 0.3594 
         166  1 0.3328 0.3459 0.3213 
         167  1 0.3428 0.3517 0.3055 
         168  1 0.3432 0.3484 0.3083 
         169  1 0.3567 0.3473 0.2960 
         170  1 0.3164 0.3250 0.3586 
         171  1 0.3283 0.3277 0.3440 
         172  1 0.3111 0.3142 0.3747 
         173  1 0.3471 0.3375 0.3154 
         174  1 0.3353 0.3219 0.3428 
         175  1 0.3352 0.3405 0.3243 
         176  1 0.3185 0.3147 0.3668 
         177  1 0.3520 0.3699 0.2781 
         178  1 0.3418 0.3305 0.3277 
         179  1 0.3344 0.3239 0.3417 
         180  1 0.3261 0.3354 0.3384 
         181  1 0.3570 0.3622 0.2808 
         182  1 0.3399 0.3430 0.3171 
         183  1 0.3290 0.3332 0.3378 
         184  1 0.3430 0.3351 0.3219 
         185  1 0.3045 0.3092 0.3863 
         186  1 0.3518 0.3567 0.2915 
         187  1 0.3286 0.3332 0.3382 
         188  1 0.3259 0.3259 0.3482 
         189  1 0.3172 0.3268 0.3559 
         190  1 0.3149 0.3085 0.3766 
         191  1 0.3134 0.3110 0.3756 
         192  1 0.3412 0.3425 0.3163 
         193  1 0.3462 0.3460 0.3078 
         194  1 0.3144 0.3256 0.3600 
         195  1 0.3378 0.3375 0.3246 
         196  1 0.3110 0.3087 0.3804 
         197  1 0.3234 0.3266 0.3501 
         198  1 0.3279 0.3285 0.3436 
         199  1 0.3258 0.3365 0.3377 
         200  1 0.3338 0.3326 0.3337 
         201  1 0.3601 0.3711 0.2688 
         202  1 0.3422 0.3550 0.3028 
         203  1 0.3099 0.3175 0.3727 
         204  1 0.3223 0.3223 0.3554 
         205  1 0.3232 0.3223 0.3545 
         206  1 0.3335 0.3302 0.3364 
         207  1 0.3221 0.3385 0.3395 
         208  1 0.2421 0.2436 0.5142 
         209  1 0.3405 0.3457 0.3137 
         210  1 0.3602 0.3591 0.2806 
         211  1 0.3286 0.3308 0.3406 
         212  1 0.3481 0.3597 0.2922 
         213  1 0.3191 0.3270 0.3539 
         214  1 0.3328 0.3340 0.3332 
         215  1 0.3360 0.3349 0.3292 
         216  1 0.3288 0.3447 0.3265 
         217  1 0.3463 0.3436 0.3100 
         218  1 0.3633 0.3530 0.2837 
         219  1 0.3568 0.3542 0.2890 
         220  1 0.3429 0.3285 0.3286 
         221  1 0.3426 0.3261 0.3313 
         222  1 0.3394 0.3262 0.3344 
         223  1 0.3058 0.3032 0.3910 
         224  1 0.3131 0.3073 0.3795 
         225  1 0.3348 0.3460 0.3192 
         226  1 0.3254 0.3187 0.3558 
         227  1 0.3344 0.3331 0.3324 
         228  1 0.3384 0.3444 0.3172 
         229  1 0.3459 0.3510 0.3031 
         230  1 0.3626 0.3598 0.2775 
         231  1 0.3433 0.3379 0.3188 
         232  1 0.3479 0.3418 0.3103 
         233  1 0.3629 0.3589 0.2783 
         234  1 0.3107 0.3016 0.3877 
         235  1 0.3433 0.3364 0.3203 
         236  1 0.3298 0.3236 0.3466 
         237  1 0.3334 0.3440 0.3226 
         238  1 0.3456 0.3554 0.2990 
         239  1 0.3280 0.3252 0.3468 
         240  1 0.3286 0.3265 0.3449 
         241  1 0.3490 0.3504 0.3006 
         242  1 0.3385 0.3496 0.3119 
         243  1 0.3667 0.3584 0.2749 
         244  1 0.3357 0.3324 0.3319 
         245  1 0.3266 0.3399 0.3335 
         246  1 0.3562 0.3374 0.3064 
         247  1 0.3280 0.3306 0.3414 
         248  1 0.3116 0.3087 0.3797 
         249  1 0.3316 0.3346 0.3338 
         250  1 0.3645 0.3530 0.2825 
         251  1 0.3292 0.3395 0.3313 
         252  1 0.3423 0.3530 0.3047 
         253  1 0.3597 0.3550 0.2854 
         254  1 0.3059 0.3097 0.3844 
         255  1 0.3265 0.3378 0.3357 
         256  1 0.3132 0.3085 0.3782 
         257  1 0.3207 0.3294 0.3498 
         258  1 0.3394 0.3356 0.3250 
         259  1 0.3403 0.3338 0.3259 
         260  1 0.3408 0.3530 0.3061 
         261  1 0.3396 0.3442 0.3163 
         262  1 0.3022 0.2993 0.3984 
         263  1 0.3637 0.3567 0.2796 
         264  1 0.3423 0.3349 0.3228 
         265  1 0.3334 0.3432 0.3233 
         266  1 0.3138 0.3106 0.3756 
         267  1 0.3516 0.3516 0.2968 
         268  1 0.3449 0.3380 0.3171 
         269  1 0.3167 0.3102 0.3732 
         270  1 0.3634 0.3434 0.2932 
         271  1 0.3323 0.3323 0.3354 
         272  1 0.3368 0.3244 0.3388 
         273  1 0.3360 0.3247 0.3393 
         274  1 0.3423 0.3435 0.3143 
         275  1 0.3386 0.3375 0.3239 
         276  1 0.3470 0.3382 0.3148 
         277  1 0.3282 0.3443 0.3275 
         278  1 0.3312 0.3444 0.3244 
         279  1 0.3620 0.3581 0.2799 
         280  1 0.3354 0.3440 0.3206 
         281  1 0.3067 0.3068 0.3865 
         282  1 0.3076 0.3126 0.3798 
         283  1 0.3236 0.3148 0.3616 
         284  1 0.3327 0.3267 0.3407 
         285  1 0.3560 0.3423 0.3016 
         286  1 0.2829 0.2821 0.4350 
         287  1 0.3201 0.3097 0.3702 
         288  1 0.3337 0.3294 0.3369 
         289  1 0.3363 0.3344 0.3293 
         290  1 0.3331 0.3346 0.3323 
         291  1 0.3537 0.3487 0.2976 
         292  1 0.3135 0.3167 0.3698 
         293  1 0.3413 0.3358 0.3229 
         294  1 0.3526 0.3379 0.3096 
         295  1 0.3072 0.3031 0.3897 
         296  1 0.3587 0.3581 0.2831 
         297  1 0.3630 0.3540 0.2830 
         298  1 0.3321 0.3288 0.3391 
         299  1 0.3331 0.3281 0.3388 
         300  1 0.3447 0.3470 0.3083 
         301  1 0.3200 0.3128 0.3672 
         302  1 0.3496 0.3537 0.2967 
         303  1 0.3610 0.3523 0.2867 
