           1  1 0.3489 0.3406 0.3105 
           2  1 0.3092 0.3154 0.3753 
           3  1 0.3422 0.3335 0.3243 
           4  1 0.3255 0.3323 0.3422 
           5  1 0.3034 0.2990 0.3976 
           6  1 0.3430 0.3306 0.3264 
           7  1 0.3587 0.3534 0.2879 
           8  1 0.3436 0.3426 0.3138 
           9  1 0.3378 0.3314 0.3309 
          10  1 0.3302 0.3224 0.3474 
          11  1 0.2879 0.2889 0.4232 
          12  1 0.3310 0.3304 0.3386 
          13  1 0.3071 0.3155 0.3774 
          14  1 0.3379 0.3341 0.3279 
          15  1 0.3451 0.3346 0.3203 
          16  1 0.3296 0.3244 0.3460 
          17  1 0.3518 0.3441 0.3041 
          18  1 0.3283 0.3341 0.3377 
          19  1 0.2945 0.2966 0.4089 
          20  1 0.3626 0.3782 0.2592 
          21  1 0.3471 0.3421 0.3108 
          22  1 0.3315 0.3254 0.3432 
          23  1 0.3146 0.3197 0.3656 
          24  1 0.3336 0.3418 0.3246 
          25  1 0.3381 0.3408 0.3211 
          26  1 0.3260 0.3331 0.3409 
          27  1 0.3224 0.3323 0.3453 
          28  1 0.3037 0.2998 0.3965 
          29  1 0.3070 0.3029 0.3901 
          30  1 0.3438 0.3473 0.3089 
          31  1 0.3472 0.3416 0.3112 
          32  1 0.2902 0.2875 0.4222 
          33  1 0.3354 0.3326 0.3319 
          34  1 0.3297 0.3257 0.3447 
          35  1 0.3606 0.3496 0.2898 
          36  1 0.3380 0.3298 0.3322 
          37  1 0.3234 0.3357 0.3409 
          38  1 0.3003 0.3071 0.3926 
          39  1 0.3622 0.3448 0.2930 
          40  1 0.3397 0.3379 0.3224 
          41  1 0.3335 0.3378 0.3287 
          42  1 0.3692 0.3519 0.2790 
          43  1 0.3211 0.3215 0.3573 
          44  1 0.3326 0.3515 0.3158 
          45  1 0.3472 0.3440 0.3088 
          46  1 0.3439 0.3473 0.3088 
          47  1 0.3422 0.3289 0.3289 
          48  1 0.3291 0.3361 0.3347 
          49  1 0.3253 0.3220 0.3527 
          50  1 0.3205 0.3188 0.3606 
          51  1 0.3299 0.3331 0.3370 
          52  1 0.3268 0.3328 0.3404 
          53  1 0.3131 0.3122 0.3747 
          54  1 0.3483 0.3364 0.3153 
          55  1 0.3528 0.3392 0.3080 
          56  1 0.3102 0.3081 0.3817 
          57  1 0.3290 0.3291 0.3420 
          58  1 0.3334 0.3289 0.3378 
          59  1 0.3446 0.3589 0.2965 
          60  1 0.3361 0.3394 0.3246 
          61  1 0.3400 0.3363 0.3238 
          62  1 0.3324 0.3230 0.3447 
          63  1 0.3318 0.3447 0.3235 
          64  1 0.3531 0.3471 0.2998 
          65  1 0.3194 0.3223 0.3583 
          66  1 0.3327 0.3243 0.3430 
          67  1 0.3421 0.3358 0.3222 
          68  1 0.3636 0.3547 0.2817 
          69  1 0.3368 0.3382 0.3250 
          70  1 0.3421 0.3531 0.3048 
          71  1 0.3254 0.3423 0.3323 
          72  1 0.3499 0.3556 0.2945 
          73  1 0.3333 0.3216 0.3451 
          74  1 0.3371 0.3442 0.3187 
          75  1 0.3484 0.3549 0.2967 
          76  1 0.3385 0.3335 0.3280 
          77  1 0.3366 0.3340 0.3294 
          78  1 0.3138 0.3208 0.3654 
          79  1 0.3382 0.3308 0.3310 
          80  1 0.3477 0.3543 0.2979 
          81  1 0.3228 0.3162 0.3610 
          82  1 0.3164 0.3297 0.3539 
          83  1 0.3576 0.3594 0.2829 
          84  1 0.3325 0.3360 0.3315 
          85  1 0.3575 0.3484 0.2941 
          86  1 0.3497 0.3572 0.2930 
          87  1 0.3271 0.3483 0.3246 
          88  1 0.3378 0.3308 0.3313 
          89  1 0.3261 0.3202 0.3537 
          90  1 0.3315 0.3383 0.3302 
          91  1 0.3162 0.3191 0.3647 
          92  1 0.3242 0.3202 0.3556 
          93  1 0.3197 0.3121 0.3682 
          94  1 0.3526 0.3533 0.2941 
          95  1 0.3485 0.3424 0.3091 
          96  1 0.3431 0.3390 0.3179 
          97  1 0.3327 0.3376 0.3296 
          98  1 0.3312 0.3415 0.3273 
          99  1 0.3307 0.3449 0.3244 
         100  1 0.3142 0.3213 0.3645 
         101  1 0.3601 0.3610 0.2789 
         102  1 0.3174 0.3059 0.3767 
         103  1 0.3257 0.3250 0.3493 
         104  1 0.3262 0.3298 0.3440 
         105  1 0.3406 0.3489 0.3105 
         106  1 0.3385 0.3479 0.3136 
         107  1 0.3520 0.3525 0.2955 
         108  1 0.3078 0.3026 0.3896 
         109  1 0.3166 0.3035 0.3799 
         110  1 0.3093 0.3086 0.3821 
         111  1 0.3171 0.3258 0.3571 
         112  1 0.3241 0.3354 0.3405 
         113  1 0.3522 0.3442 0.3036 
         114  1 0.3314 0.3190 0.3496 
         115  1 0.3378 0.3484 0.3138 
         116  1 0.3258 0.3394 0.3348 
         117  1 0.3490 0.3379 0.3131 
         118  1 0.3282 0.3365 0.3352 
         119  1 0.3448 0.3381 0.3171 
         120  1 0.3343 0.3349 0.3308 
         121  1 0.3476 0.3513 0.3012 
         122  1 0.3489 0.3377 0.3134 
         123  1 0.3218 0.3145 0.3637 
         124  1 0.3264 0.3353 0.3384 
         125  1 0.3241 0.3230 0.3528 
         126  1 0.3272 0.3435 0.3293 
         127  1 0.3350 0.3494 0.3156 
         128  1 0.3477 0.3562 0.2961 
         129  1 0.3316 0.3212 0.3472 
         130  1 0.3223 0.3292 0.3485 
         131  1 0.3507 0.3397 0.3096 
         132  1 0.3502 0.3499 0.2999 
         133  1 0.3269 0.3246 0.3485 
         134  1 0.3208 0.3231 0.3561 
         135  1 0.3624 0.3587 0.2789 
         136  1 0.3311 0.3346 0.3344 
         137  1 0.3451 0.3433 0.3116 
         138  1 0.3404 0.3579 0.3017 
         139  1 0.3346 0.3375 0.3280 
         140  1 0.3249 0.3126 0.3625 
         141  1 0.3468 0.3361 0.3171 
         142  1 0.3437 0.3453 0.3110 
         143  1 0.3390 0.3376 0.3234 
         144  1 0.3415 0.3442 0.3143 
         145  1 0.3366 0.3288 0.3346 
         146  1 0.3379 0.3363 0.3258 
         147  1 0.3346 0.3287 0.3367 
         148  1 0.3401 0.3319 0.3280 
         149  1 0.3285 0.3276 0.3439 
         150  1 0.3259 0.3388 0.3353 
         151  1 0.3257 0.3264 0.3479 
         152  1 0.3140 0.3126 0.3733 
         153  1 0.3357 0.3361 0.3282 
         154  1 0.3241 0.3224 0.3535 
         155  1 0.3514 0.3542 0.2944 
         156  1 0.3291 0.3315 0.3393 
         157  1 0.3381 0.3414 0.3205 
         158  1 0.3309 0.3202 0.3489 
         159  1 0.3168 0.3296 0.3536 
         160  1 0.3020 0.2918 0.4062 
         161  1 0.3517 0.3418 0.3065 
         162  1 0.3487 0.3466 0.3047 
         163  1 0.3387 0.3388 0.3226 
         164  1 0.3509 0.3368 0.3123 
         165  1 0.3236 0.3155 0.3609 
         166  1 0.3355 0.3430 0.3216 
         167  1 0.3510 0.3439 0.3050 
         168  1 0.3422 0.3490 0.3088 
         169  1 0.3503 0.3539 0.2958 
         170  1 0.3222 0.3207 0.3571 
         171  1 0.3273 0.3208 0.3519 
         172  1 0.3122 0.3136 0.3742 
         173  1 0.3485 0.3391 0.3124 
         174  1 0.3296 0.3302 0.3402 
         175  1 0.3400 0.3373 0.3227 
         176  1 0.3187 0.3154 0.3659 
         177  1 0.3599 0.3600 0.2800 
         178  1 0.3408 0.3321 0.3271 
         179  1 0.3243 0.3354 0.3404 
         180  1 0.3316 0.3329 0.3355 
         181  1 0.3528 0.3640 0.2831 
         182  1 0.3389 0.3432 0.3180 
         183  1 0.3332 0.3333 0.3335 
         184  1 0.3432 0.3381 0.3187 
         185  1 0.3078 0.3055 0.3867 
         186  1 0.3520 0.3607 0.2873 
         187  1 0.3281 0.3311 0.3408 
         188  1 0.3274 0.3237 0.3489 
         189  1 0.3246 0.3231 0.3524 
         190  1 0.3102 0.3088 0.3810 
         191  1 0.3157 0.3044 0.3799 
         192  1 0.3450 0.3374 0.3175 
         193  1 0.3456 0.3476 0.3068 
         194  1 0.3179 0.3206 0.3615 
         195  1 0.3387 0.3376 0.3237 
         196  1 0.3121 0.3044 0.3835 
         197  1 0.3190 0.3294 0.3515 
         198  1 0.3317 0.3245 0.3438 
         199  1 0.3290 0.3361 0.3349 
         200  1 0.3339 0.3335 0.3326 
         201  1 0.3568 0.3763 0.2669 
         202  1 0.3434 0.3529 0.3037 
         203  1 0.3111 0.3160 0.3730 
         204  1 0.3244 0.3214 0.3541 
         205  1 0.3180 0.3278 0.3541 
         206  1 0.3326 0.3302 0.3372 
         207  1 0.3174 0.3409 0.3417 
         208  1 0.2430 0.2412 0.5159 
         209  1 0.3453 0.3443 0.3104 
         210  1 0.3588 0.3562 0.2850 
         211  1 0.3260 0.3342 0.3397 
         212  1 0.3544 0.3531 0.2925 
         213  1 0.3206 0.3264 0.3530 
         214  1 0.3291 0.3336 0.3373 
         215  1 0.3370 0.3322 0.3307 
         216  1 0.3403 0.3360 0.3237 
         217  1 0.3443 0.3447 0.3110 
         218  1 0.3657 0.3529 0.2814 
         219  1 0.3557 0.3565 0.2878 
         220  1 0.3384 0.3335 0.3281 
         221  1 0.3419 0.3249 0.3332 
         222  1 0.3339 0.3340 0.3321 
         223  1 0.3096 0.2999 0.3904 
         224  1 0.3168 0.3052 0.3780 
         225  1 0.3402 0.3389 0.3210 
         226  1 0.3208 0.3250 0.3541 
         227  1 0.3345 0.3314 0.3340 
         228  1 0.3433 0.3411 0.3155 
         229  1 0.3483 0.3521 0.2996 
         230  1 0.3633 0.3596 0.2771 
         231  1 0.3464 0.3358 0.3178 
         232  1 0.3508 0.3386 0.3106 
         233  1 0.3535 0.3695 0.2770 
         234  1 0.3079 0.3024 0.3897 
         235  1 0.3401 0.3408 0.3191 
         236  1 0.3296 0.3227 0.3478 
         237  1 0.3371 0.3335 0.3294 
         238  1 0.3484 0.3530 0.2986 
         239  1 0.3288 0.3241 0.3471 
         240  1 0.3277 0.3278 0.3445 
         241  1 0.3457 0.3521 0.3022 
         242  1 0.3425 0.3408 0.3167 
         243  1 0.3631 0.3630 0.2739 
         244  1 0.3371 0.3328 0.3301 
         245  1 0.3342 0.3346 0.3312 
         246  1 0.3481 0.3457 0.3061 
         247  1 0.3356 0.3249 0.3395 
         248  1 0.3109 0.3047 0.3844 
         249  1 0.3288 0.3311 0.3401 
         250  1 0.3606 0.3562 0.2832 
         251  1 0.3327 0.3354 0.3319 
         252  1 0.3436 0.3531 0.3033 
         253  1 0.3566 0.3603 0.2830 
         254  1 0.3079 0.3052 0.3870 
         255  1 0.3331 0.3357 0.3312 
         256  1 0.3110 0.3086 0.3804 
         257  1 0.3210 0.3275 0.3515 
         258  1 0.3302 0.3436 0.3262 
         259  1 0.3367 0.3314 0.3319 
         260  1 0.3483 0.3463 0.3054 
         261  1 0.3450 0.3412 0.3138 
         262  1 0.3060 0.2948 0.3992 
         263  1 0.3692 0.3548 0.2759 
         264  1 0.3307 0.3454 0.3239 
         265  1 0.3371 0.3378 0.3251 
         266  1 0.3106 0.3110 0.3784 
         267  1 0.3485 0.3570 0.2945 
         268  1 0.3453 0.3384 0.3163 
         269  1 0.3142 0.3113 0.3745 
         270  1 0.3542 0.3523 0.2935 
         271  1 0.3299 0.3338 0.3363 
         272  1 0.3328 0.3310 0.3363 
         273  1 0.3321 0.3258 0.3420 
         274  1 0.3447 0.3414 0.3139 
         275  1 0.3335 0.3370 0.3294 
         276  1 0.3524 0.3337 0.3138 
         277  1 0.3377 0.3400 0.3223 
         278  1 0.3356 0.3378 0.3266 
         279  1 0.3532 0.3671 0.2797 
         280  1 0.3305 0.3490 0.3205 
         281  1 0.3019 0.3100 0.3882 
         282  1 0.3082 0.3109 0.3809 
         283  1 0.3210 0.3179 0.3611 
         284  1 0.3235 0.3316 0.3449 
         285  1 0.3521 0.3501 0.2978 
         286  1 0.2758 0.2799 0.4443 
         287  1 0.3154 0.3148 0.3698 
         288  1 0.3268 0.3353 0.3379 
         289  1 0.3330 0.3361 0.3309 
         290  1 0.3396 0.3288 0.3316 
         291  1 0.3496 0.3567 0.2937 
         292  1 0.3116 0.3158 0.3726 
         293  1 0.3366 0.3444 0.3190 
         294  1 0.3421 0.3523 0.3056 
         295  1 0.3080 0.3051 0.3869 
         296  1 0.3540 0.3634 0.2827 
         297  1 0.3548 0.3630 0.2822 
         298  1 0.3336 0.3274 0.3390 
         299  1 0.3321 0.3277 0.3402 
         300  1 0.3473 0.3413 0.3114 
         301  1 0.3119 0.3202 0.3679 
         302  1 0.3562 0.3450 0.2988 
         303  1 0.3552 0.3595 0.2853 
