           1  1 0.1451 0.1392 0.1458 0.1449 0.1457 0.1393 0.1399 
           2  1 0.1381 0.1503 0.1403 0.1366 0.1335 0.1503 0.1508 
           3  1 0.1411 0.1414 0.1429 0.1456 0.1465 0.1412 0.1412 
           4  1 0.1396 0.1440 0.1413 0.1436 0.1432 0.1439 0.1444 
           5  1 0.1337 0.1538 0.1319 0.1358 0.1370 0.1539 0.1537 
           6  1 0.1471 0.1415 0.1408 0.1414 0.1461 0.1421 0.1409 
           7  1 0.1510 0.1358 0.1474 0.1446 0.1490 0.1362 0.1359 
           8  1 0.1473 0.1383 0.1441 0.1410 0.1517 0.1390 0.1387 
           9  1 0.1430 0.1437 0.1425 0.1416 0.1424 0.1433 0.1437 
          10  1 0.1418 0.1441 0.1422 0.1408 0.1419 0.1446 0.1446 
          11  1 0.1312 0.1600 0.1314 0.1331 0.1276 0.1580 0.1587 
          12  1 0.1458 0.1432 0.1393 0.1432 0.1432 0.1426 0.1427 
          13  1 0.1364 0.1505 0.1419 0.1370 0.1335 0.1506 0.1502 
          14  1 0.1436 0.1429 0.1415 0.1440 0.1417 0.1435 0.1428 
          15  1 0.1518 0.1379 0.1423 0.1446 0.1479 0.1379 0.1376 
          16  1 0.1425 0.1437 0.1431 0.1390 0.1442 0.1432 0.1443 
          17  1 0.1481 0.1363 0.1450 0.1468 0.1511 0.1365 0.1363 
          18  1 0.1408 0.1449 0.1403 0.1414 0.1427 0.1449 0.1450 
          19  1 0.1331 0.1563 0.1309 0.1346 0.1336 0.1552 0.1564 
          20  1 0.1591 0.1264 0.1667 0.1448 0.1505 0.1262 0.1263 
          21  1 0.1447 0.1392 0.1491 0.1425 0.1453 0.1402 0.1391 
          22  1 0.1396 0.1456 0.1405 0.1437 0.1396 0.1456 0.1454 
          23  1 0.1407 0.1474 0.1409 0.1387 0.1379 0.1474 0.1471 
          24  1 0.1447 0.1398 0.1497 0.1437 0.1419 0.1401 0.1400 
          25  1 0.1411 0.1421 0.1444 0.1458 0.1421 0.1421 0.1425 
          26  1 0.1422 0.1440 0.1450 0.1409 0.1400 0.1439 0.1441 
          27  1 0.1416 0.1462 0.1395 0.1410 0.1392 0.1465 0.1461 
          28  1 0.1342 0.1542 0.1308 0.1395 0.1328 0.1538 0.1546 
          29  1 0.1327 0.1530 0.1363 0.1374 0.1350 0.1528 0.1528 
          30  1 0.1469 0.1382 0.1440 0.1445 0.1506 0.1379 0.1380 
          31  1 0.1450 0.1388 0.1481 0.1451 0.1456 0.1389 0.1385 
          32  1 0.1299 0.1595 0.1277 0.1338 0.1315 0.1587 0.1590 
          33  1 0.1433 0.1410 0.1413 0.1445 0.1476 0.1413 0.1411 
          34  1 0.1409 0.1453 0.1432 0.1413 0.1374 0.1458 0.1461 
          35  1 0.1478 0.1365 0.1445 0.1480 0.1497 0.1367 0.1368 
          36  1 0.1423 0.1424 0.1464 0.1414 0.1427 0.1420 0.1427 
          37  1 0.1415 0.1457 0.1422 0.1420 0.1378 0.1456 0.1452 
          38  1 0.1336 0.1549 0.1313 0.1386 0.1329 0.1549 0.1539 
          39  1 0.1496 0.1363 0.1500 0.1458 0.1466 0.1359 0.1358 
          40  1 0.1417 0.1399 0.1452 0.1465 0.1456 0.1409 0.1402 
          41  1 0.1428 0.1423 0.1447 0.1449 0.1397 0.1426 0.1429 
          42  1 0.1543 0.1318 0.1507 0.1452 0.1548 0.1316 0.1316 
          43  1 0.1402 0.1476 0.1381 0.1403 0.1391 0.1469 0.1478 
          44  1 0.1450 0.1387 0.1523 0.1424 0.1446 0.1384 0.1386 
          45  1 0.1471 0.1371 0.1490 0.1437 0.1482 0.1378 0.1370 
          46  1 0.1476 0.1379 0.1462 0.1474 0.1448 0.1382 0.1378 
          47  1 0.1433 0.1422 0.1437 0.1414 0.1445 0.1424 0.1426 
          48  1 0.1427 0.1421 0.1418 0.1450 0.1430 0.1428 0.1426 
          49  1 0.1397 0.1468 0.1362 0.1419 0.1421 0.1466 0.1467 
          50  1 0.1428 0.1468 0.1404 0.1350 0.1412 0.1465 0.1472 
          51  1 0.1412 0.1442 0.1403 0.1439 0.1401 0.1448 0.1455 
          52  1 0.1393 0.1427 0.1444 0.1451 0.1414 0.1435 0.1436 
          53  1 0.1346 0.1514 0.1354 0.1390 0.1361 0.1514 0.1521 
          54  1 0.1461 0.1382 0.1489 0.1412 0.1484 0.1389 0.1382 
          55  1 0.1476 0.1374 0.1501 0.1423 0.1490 0.1369 0.1367 
          56  1 0.1367 0.1502 0.1335 0.1384 0.1402 0.1502 0.1508 
          57  1 0.1426 0.1443 0.1462 0.1421 0.1371 0.1443 0.1434 
          58  1 0.1430 0.1420 0.1446 0.1409 0.1445 0.1426 0.1424 
          59  1 0.1470 0.1357 0.1490 0.1458 0.1507 0.1354 0.1363 
          60  1 0.1456 0.1398 0.1499 0.1404 0.1446 0.1395 0.1401 
          61  1 0.1408 0.1421 0.1471 0.1436 0.1427 0.1421 0.1417 
          62  1 0.1404 0.1459 0.1364 0.1418 0.1441 0.1457 0.1458 
          63  1 0.1434 0.1405 0.1422 0.1430 0.1496 0.1408 0.1405 
          64  1 0.1482 0.1369 0.1453 0.1447 0.1504 0.1376 0.1369 
          65  1 0.1382 0.1476 0.1399 0.1387 0.1416 0.1470 0.1470 
          66  1 0.1418 0.1450 0.1370 0.1425 0.1440 0.1448 0.1449 
          67  1 0.1464 0.1404 0.1469 0.1408 0.1442 0.1408 0.1405 
          68  1 0.1537 0.1311 0.1519 0.1435 0.1577 0.1312 0.1308 
          69  1 0.1421 0.1412 0.1422 0.1460 0.1465 0.1410 0.1410 
          70  1 0.1446 0.1386 0.1458 0.1489 0.1437 0.1393 0.1391 
          71  1 0.1420 0.1421 0.1440 0.1486 0.1396 0.1421 0.1416 
          72  1 0.1479 0.1355 0.1518 0.1486 0.1453 0.1357 0.1354 
          73  1 0.1425 0.1456 0.1388 0.1414 0.1413 0.1452 0.1452 
          74  1 0.1429 0.1401 0.1442 0.1426 0.1490 0.1405 0.1407 
          75  1 0.1487 0.1348 0.1545 0.1470 0.1447 0.1352 0.1351 
          76  1 0.1432 0.1422 0.1422 0.1424 0.1457 0.1426 0.1417 
          77  1 0.1433 0.1415 0.1437 0.1418 0.1465 0.1414 0.1417 
          78  1 0.1394 0.1463 0.1426 0.1397 0.1388 0.1464 0.1467 
          79  1 0.1454 0.1424 0.1460 0.1409 0.1394 0.1429 0.1430 
          80  1 0.1472 0.1360 0.1508 0.1476 0.1453 0.1368 0.1363 
          81  1 0.1387 0.1487 0.1356 0.1393 0.1414 0.1484 0.1478 
          82  1 0.1406 0.1461 0.1473 0.1399 0.1350 0.1452 0.1459 
          83  1 0.1485 0.1336 0.1585 0.1457 0.1457 0.1339 0.1343 
          84  1 0.1446 0.1415 0.1403 0.1419 0.1485 0.1417 0.1416 
          85  1 0.1504 0.1350 0.1516 0.1436 0.1500 0.1348 0.1347 
          86  1 0.1472 0.1357 0.1487 0.1466 0.1505 0.1356 0.1356 
          87  1 0.1429 0.1414 0.1443 0.1479 0.1388 0.1427 0.1420 
          88  1 0.1468 0.1400 0.1448 0.1420 0.1471 0.1395 0.1397 
          89  1 0.1405 0.1451 0.1399 0.1403 0.1439 0.1452 0.1450 
          90  1 0.1428 0.1428 0.1403 0.1458 0.1429 0.1429 0.1424 
          91  1 0.1373 0.1493 0.1373 0.1401 0.1382 0.1481 0.1496 
          92  1 0.1400 0.1462 0.1417 0.1402 0.1399 0.1456 0.1464 
          93  1 0.1378 0.1491 0.1337 0.1421 0.1397 0.1486 0.1490 
          94  1 0.1505 0.1340 0.1544 0.1472 0.1453 0.1342 0.1345 
          95  1 0.1492 0.1379 0.1454 0.1427 0.1488 0.1380 0.1380 
          96  1 0.1449 0.1400 0.1480 0.1444 0.1420 0.1404 0.1403 
          97  1 0.1442 0.1404 0.1435 0.1448 0.1463 0.1406 0.1402 
          98  1 0.1423 0.1434 0.1442 0.1442 0.1397 0.1433 0.1428 
          99  1 0.1421 0.1404 0.1421 0.1490 0.1460 0.1406 0.1398 
         100  1 0.1383 0.1481 0.1349 0.1413 0.1418 0.1473 0.1483 
         101  1 0.1520 0.1322 0.1547 0.1443 0.1524 0.1326 0.1317 
         102  1 0.1349 0.1520 0.1360 0.1392 0.1335 0.1524 0.1519 
         103  1 0.1429 0.1454 0.1428 0.1418 0.1368 0.1449 0.1454 
         104  1 0.1448 0.1440 0.1428 0.1418 0.1387 0.1437 0.1442 
         105  1 0.1449 0.1394 0.1459 0.1453 0.1460 0.1391 0.1395 
         106  1 0.1414 0.1411 0.1417 0.1485 0.1452 0.1416 0.1406 
         107  1 0.1487 0.1359 0.1469 0.1470 0.1495 0.1360 0.1359 
         108  1 0.1346 0.1542 0.1313 0.1389 0.1325 0.1543 0.1543 
         109  1 0.1342 0.1520 0.1328 0.1413 0.1358 0.1519 0.1520 
         110  1 0.1356 0.1526 0.1321 0.1383 0.1356 0.1526 0.1531 
         111  1 0.1406 0.1470 0.1451 0.1385 0.1363 0.1463 0.1462 
         112  1 0.1414 0.1445 0.1457 0.1411 0.1389 0.1445 0.1440 
         113  1 0.1436 0.1401 0.1504 0.1431 0.1430 0.1398 0.1400 
         114  1 0.1424 0.1461 0.1383 0.1399 0.1419 0.1457 0.1457 
         115  1 0.1437 0.1387 0.1412 0.1525 0.1449 0.1395 0.1396 
         116  1 0.1414 0.1423 0.1452 0.1456 0.1409 0.1420 0.1425 
         117  1 0.1482 0.1387 0.1414 0.1414 0.1523 0.1388 0.1393 
         118  1 0.1401 0.1439 0.1380 0.1480 0.1417 0.1444 0.1439 
         119  1 0.1457 0.1388 0.1495 0.1408 0.1476 0.1388 0.1388 
         120  1 0.1402 0.1444 0.1374 0.1464 0.1434 0.1438 0.1444 
         121  1 0.1500 0.1350 0.1571 0.1423 0.1450 0.1356 0.1350 
         122  1 0.1448 0.1406 0.1443 0.1436 0.1444 0.1412 0.1411 
         123  1 0.1391 0.1487 0.1373 0.1391 0.1385 0.1485 0.1488 
         124  1 0.1415 0.1426 0.1448 0.1444 0.1420 0.1422 0.1425 
         125  1 0.1403 0.1472 0.1404 0.1384 0.1403 0.1466 0.1468 
         126  1 0.1418 0.1416 0.1511 0.1420 0.1405 0.1415 0.1416 
         127  1 0.1471 0.1386 0.1489 0.1459 0.1419 0.1387 0.1389 
         128  1 0.1456 0.1361 0.1438 0.1513 0.1506 0.1362 0.1364 
         129  1 0.1423 0.1449 0.1461 0.1372 0.1407 0.1442 0.1446 
         130  1 0.1387 0.1463 0.1416 0.1422 0.1383 0.1461 0.1467 
         131  1 0.1482 0.1374 0.1449 0.1463 0.1477 0.1378 0.1377 
         132  1 0.1510 0.1362 0.1433 0.1521 0.1447 0.1364 0.1362 
         133  1 0.1418 0.1447 0.1422 0.1429 0.1400 0.1446 0.1438 
         134  1 0.1380 0.1477 0.1420 0.1389 0.1382 0.1478 0.1474 
         135  1 0.1550 0.1316 0.1491 0.1479 0.1535 0.1317 0.1313 
         136  1 0.1437 0.1445 0.1373 0.1456 0.1407 0.1441 0.1441 
         137  1 0.1440 0.1392 0.1423 0.1463 0.1506 0.1392 0.1385 
         138  1 0.1460 0.1369 0.1456 0.1440 0.1540 0.1368 0.1367 
         139  1 0.1462 0.1405 0.1451 0.1422 0.1439 0.1413 0.1408 
         140  1 0.1395 0.1472 0.1396 0.1410 0.1379 0.1471 0.1477 
         141  1 0.1452 0.1406 0.1458 0.1425 0.1443 0.1414 0.1401 
         142  1 0.1457 0.1383 0.1440 0.1450 0.1500 0.1388 0.1382 
         143  1 0.1435 0.1408 0.1449 0.1443 0.1436 0.1416 0.1413 
         144  1 0.1477 0.1369 0.1490 0.1455 0.1452 0.1380 0.1376 
         145  1 0.1422 0.1430 0.1400 0.1434 0.1457 0.1432 0.1425 
         146  1 0.1463 0.1406 0.1461 0.1418 0.1438 0.1401 0.1413 
         147  1 0.1430 0.1443 0.1365 0.1452 0.1422 0.1445 0.1443 
         148  1 0.1442 0.1416 0.1388 0.1434 0.1488 0.1419 0.1414 
         149  1 0.1393 0.1461 0.1428 0.1424 0.1379 0.1453 0.1462 
         150  1 0.1395 0.1433 0.1439 0.1458 0.1417 0.1428 0.1430 
         151  1 0.1421 0.1433 0.1371 0.1457 0.1453 0.1434 0.1430 
         152  1 0.1376 0.1483 0.1355 0.1437 0.1367 0.1493 0.1488 
         153  1 0.1408 0.1423 0.1413 0.1451 0.1447 0.1430 0.1428 
         154  1 0.1385 0.1462 0.1395 0.1416 0.1417 0.1463 0.1462 
         155  1 0.1474 0.1355 0.1471 0.1481 0.1493 0.1361 0.1365 
         156  1 0.1420 0.1430 0.1402 0.1438 0.1442 0.1434 0.1435 
         157  1 0.1468 0.1389 0.1440 0.1453 0.1486 0.1379 0.1386 
         158  1 0.1427 0.1470 0.1408 0.1389 0.1374 0.1463 0.1469 
         159  1 0.1437 0.1455 0.1468 0.1388 0.1347 0.1449 0.1455 
         160  1 0.1316 0.1567 0.1354 0.1344 0.1286 0.1568 0.1565 
         161  1 0.1461 0.1390 0.1465 0.1436 0.1487 0.1381 0.1380 
         162  1 0.1461 0.1376 0.1442 0.1485 0.1475 0.1382 0.1379 
         163  1 0.1458 0.1410 0.1450 0.1444 0.1426 0.1407 0.1406 
         164  1 0.1447 0.1386 0.1487 0.1455 0.1446 0.1390 0.1389 
         165  1 0.1405 0.1472 0.1343 0.1379 0.1458 0.1468 0.1474 
         166  1 0.1477 0.1391 0.1468 0.1450 0.1430 0.1392 0.1390 
         167  1 0.1497 0.1365 0.1473 0.1449 0.1477 0.1375 0.1364 
         168  1 0.1471 0.1379 0.1423 0.1485 0.1477 0.1382 0.1381 
         169  1 0.1476 0.1361 0.1481 0.1455 0.1504 0.1362 0.1361 
         170  1 0.1419 0.1464 0.1364 0.1417 0.1409 0.1463 0.1464 
         171  1 0.1411 0.1460 0.1369 0.1414 0.1442 0.1450 0.1455 
         172  1 0.1373 0.1508 0.1368 0.1397 0.1338 0.1505 0.1510 
         173  1 0.1491 0.1391 0.1439 0.1422 0.1470 0.1393 0.1394 
         174  1 0.1434 0.1435 0.1436 0.1405 0.1426 0.1430 0.1435 
         175  1 0.1475 0.1393 0.1474 0.1438 0.1429 0.1395 0.1396 
         176  1 0.1372 0.1493 0.1359 0.1407 0.1373 0.1497 0.1499 
         177  1 0.1542 0.1308 0.1521 0.1515 0.1483 0.1315 0.1315 
         178  1 0.1437 0.1426 0.1398 0.1430 0.1458 0.1429 0.1422 
         179  1 0.1377 0.1450 0.1436 0.1409 0.1428 0.1448 0.1452 
         180  1 0.1428 0.1432 0.1469 0.1400 0.1407 0.1433 0.1431 
         181  1 0.1537 0.1312 0.1485 0.1501 0.1544 0.1310 0.1311 
         182  1 0.1433 0.1395 0.1454 0.1484 0.1440 0.1400 0.1395 
         183  1 0.1428 0.1443 0.1379 0.1433 0.1435 0.1439 0.1442 
         184  1 0.1458 0.1394 0.1455 0.1427 0.1468 0.1397 0.1401 
         185  1 0.1337 0.1546 0.1360 0.1347 0.1305 0.1548 0.1557 
         186  1 0.1484 0.1352 0.1473 0.1490 0.1514 0.1346 0.1341 
         187  1 0.1405 0.1439 0.1380 0.1458 0.1446 0.1437 0.1436 
         188  1 0.1396 0.1470 0.1398 0.1413 0.1394 0.1467 0.1463 
         189  1 0.1415 0.1469 0.1358 0.1433 0.1396 0.1465 0.1463 
         190  1 0.1355 0.1508 0.1365 0.1357 0.1385 0.1515 0.1515 
         191  1 0.1364 0.1513 0.1343 0.1393 0.1354 0.1515 0.1518 
         192  1 0.1471 0.1391 0.1488 0.1440 0.1438 0.1387 0.1385 
         193  1 0.1472 0.1369 0.1456 0.1458 0.1507 0.1370 0.1367 
         194  1 0.1402 0.1470 0.1446 0.1405 0.1343 0.1461 0.1472 
         195  1 0.1435 0.1415 0.1487 0.1424 0.1421 0.1411 0.1408 
         196  1 0.1354 0.1508 0.1370 0.1393 0.1374 0.1502 0.1500 
         197  1 0.1417 0.1442 0.1521 0.1373 0.1369 0.1441 0.1437 
         198  1 0.1437 0.1440 0.1388 0.1437 0.1421 0.1439 0.1437 
         199  1 0.1414 0.1450 0.1406 0.1447 0.1387 0.1451 0.1443 
         200  1 0.1456 0.1425 0.1394 0.1414 0.1455 0.1429 0.1427 
         201  1 0.1537 0.1291 0.1540 0.1510 0.1529 0.1297 0.1296 
         202  1 0.1474 0.1373 0.1492 0.1475 0.1438 0.1374 0.1374 
         203  1 0.1394 0.1493 0.1389 0.1406 0.1341 0.1481 0.1495 
         204  1 0.1404 0.1474 0.1382 0.1389 0.1404 0.1473 0.1474 
         205  1 0.1401 0.1459 0.1421 0.1399 0.1405 0.1454 0.1461 
         206  1 0.1458 0.1427 0.1400 0.1432 0.1435 0.1421 0.1426 
         207  1 0.1441 0.1420 0.1493 0.1423 0.1379 0.1423 0.1421 
         208  1 0.1171 0.1766 0.1162 0.1244 0.1169 0.1734 0.1754 
         209  1 0.1470 0.1374 0.1438 0.1499 0.1466 0.1378 0.1374 
         210  1 0.1481 0.1337 0.1570 0.1459 0.1479 0.1338 0.1338 
         211  1 0.1401 0.1451 0.1455 0.1419 0.1384 0.1448 0.1443 
         212  1 0.1492 0.1364 0.1526 0.1454 0.1438 0.1365 0.1362 
         213  1 0.1428 0.1453 0.1415 0.1401 0.1402 0.1451 0.1448 
         214  1 0.1405 0.1448 0.1381 0.1449 0.1420 0.1452 0.1444 
         215  1 0.1418 0.1439 0.1390 0.1429 0.1458 0.1429 0.1438 
         216  1 0.1456 0.1404 0.1423 0.1466 0.1438 0.1406 0.1407 
         217  1 0.1480 0.1389 0.1416 0.1468 0.1479 0.1383 0.1385 
         218  1 0.1489 0.1339 0.1444 0.1480 0.1561 0.1346 0.1340 
         219  1 0.1497 0.1351 0.1528 0.1457 0.1469 0.1348 0.1350 
         220  1 0.1426 0.1425 0.1419 0.1407 0.1477 0.1423 0.1421 
         221  1 0.1404 0.1437 0.1393 0.1427 0.1458 0.1438 0.1443 
         222  1 0.1428 0.1421 0.1452 0.1414 0.1446 0.1418 0.1421 
         223  1 0.1357 0.1529 0.1323 0.1362 0.1366 0.1535 0.1529 
         224  1 0.1380 0.1512 0.1362 0.1381 0.1348 0.1507 0.1510 
         225  1 0.1457 0.1392 0.1502 0.1418 0.1441 0.1395 0.1395 
         226  1 0.1389 0.1460 0.1408 0.1400 0.1424 0.1461 0.1460 
         227  1 0.1415 0.1419 0.1414 0.1457 0.1466 0.1413 0.1416 
         228  1 0.1480 0.1386 0.1451 0.1458 0.1436 0.1397 0.1391 
         229  1 0.1443 0.1385 0.1423 0.1487 0.1486 0.1388 0.1389 
         230  1 0.1516 0.1326 0.1543 0.1457 0.1496 0.1333 0.1328 
         231  1 0.1422 0.1430 0.1418 0.1436 0.1431 0.1432 0.1431 
         232  1 0.1464 0.1388 0.1444 0.1442 0.1488 0.1386 0.1387 
         233  1 0.1507 0.1312 0.1568 0.1466 0.1525 0.1312 0.1309 
         234  1 0.1370 0.1526 0.1353 0.1345 0.1370 0.1514 0.1522 
         235  1 0.1422 0.1412 0.1463 0.1430 0.1449 0.1415 0.1409 
         236  1 0.1393 0.1467 0.1430 0.1380 0.1399 0.1468 0.1463 
         237  1 0.1448 0.1416 0.1419 0.1433 0.1446 0.1421 0.1417 
         238  1 0.1474 0.1358 0.1533 0.1474 0.1448 0.1357 0.1356 
         239  1 0.1423 0.1450 0.1399 0.1409 0.1424 0.1450 0.1446 
         240  1 0.1403 0.1457 0.1410 0.1424 0.1404 0.1453 0.1450 
         241  1 0.1446 0.1389 0.1426 0.1482 0.1471 0.1396 0.1390 
         242  1 0.1447 0.1405 0.1442 0.1440 0.1456 0.1405 0.1405 
         243  1 0.1542 0.1305 0.1524 0.1471 0.1537 0.1313 0.1310 
         244  1 0.1418 0.1421 0.1417 0.1467 0.1426 0.1426 0.1425 
         245  1 0.1411 0.1434 0.1474 0.1429 0.1391 0.1429 0.1433 
         246  1 0.1463 0.1381 0.1431 0.1458 0.1506 0.1382 0.1380 
         247  1 0.1448 0.1436 0.1386 0.1437 0.1427 0.1434 0.1433 
         248  1 0.1341 0.1531 0.1350 0.1357 0.1375 0.1522 0.1524 
         249  1 0.1425 0.1437 0.1451 0.1427 0.1399 0.1431 0.1431 
         250  1 0.1522 0.1316 0.1476 0.1498 0.1564 0.1312 0.1312 
         251  1 0.1417 0.1440 0.1395 0.1453 0.1407 0.1447 0.1443 
         252  1 0.1475 0.1380 0.1423 0.1486 0.1475 0.1382 0.1378 
         253  1 0.1514 0.1328 0.1497 0.1482 0.1518 0.1328 0.1333 
         254  1 0.1346 0.1538 0.1335 0.1387 0.1328 0.1530 0.1535 
         255  1 0.1407 0.1420 0.1433 0.1501 0.1395 0.1422 0.1422 
         256  1 0.1390 0.1503 0.1376 0.1359 0.1362 0.1507 0.1504 
         257  1 0.1398 0.1460 0.1394 0.1428 0.1408 0.1455 0.1457 
         258  1 0.1417 0.1420 0.1500 0.1414 0.1410 0.1419 0.1420 
         259  1 0.1430 0.1424 0.1421 0.1417 0.1453 0.1426 0.1428 
         260  1 0.1461 0.1374 0.1516 0.1460 0.1426 0.1384 0.1379 
         261  1 0.1455 0.1406 0.1431 0.1472 0.1425 0.1406 0.1405 
         262  1 0.1353 0.1548 0.1304 0.1355 0.1344 0.1548 0.1548 
         263  1 0.1525 0.1311 0.1538 0.1456 0.1544 0.1315 0.1310 
         264  1 0.1435 0.1404 0.1466 0.1474 0.1418 0.1403 0.1399 
         265  1 0.1434 0.1415 0.1442 0.1419 0.1460 0.1418 0.1412 
         266  1 0.1384 0.1512 0.1348 0.1350 0.1385 0.1508 0.1513 
         267  1 0.1476 0.1363 0.1505 0.1477 0.1455 0.1359 0.1365 
         268  1 0.1460 0.1404 0.1442 0.1428 0.1453 0.1404 0.1408 
         269  1 0.1373 0.1509 0.1365 0.1376 0.1371 0.1506 0.1500 
         270  1 0.1505 0.1349 0.1457 0.1449 0.1548 0.1345 0.1347 
         271  1 0.1398 0.1435 0.1417 0.1475 0.1414 0.1429 0.1432 
         272  1 0.1417 0.1434 0.1411 0.1417 0.1461 0.1431 0.1430 
         273  1 0.1410 0.1444 0.1386 0.1423 0.1441 0.1447 0.1449 
         274  1 0.1430 0.1392 0.1467 0.1470 0.1451 0.1395 0.1394 
         275  1 0.1436 0.1421 0.1427 0.1420 0.1461 0.1422 0.1413 
         276  1 0.1468 0.1399 0.1404 0.1458 0.1486 0.1391 0.1394 
         277  1 0.1435 0.1427 0.1414 0.1455 0.1409 0.1433 0.1428 
         278  1 0.1430 0.1408 0.1459 0.1457 0.1429 0.1413 0.1405 
         279  1 0.1530 0.1307 0.1585 0.1486 0.1483 0.1304 0.1306 
         280  1 0.1456 0.1407 0.1441 0.1457 0.1418 0.1411 0.1410 
         281  1 0.1317 0.1529 0.1350 0.1414 0.1338 0.1529 0.1523 
         282  1 0.1345 0.1520 0.1384 0.1390 0.1326 0.1518 0.1517 
         283  1 0.1397 0.1475 0.1369 0.1387 0.1433 0.1471 0.1468 
         284  1 0.1436 0.1430 0.1436 0.1417 0.1436 0.1423 0.1423 
         285  1 0.1500 0.1354 0.1471 0.1440 0.1523 0.1357 0.1354 
         286  1 0.1275 0.1630 0.1284 0.1293 0.1276 0.1611 0.1631 
         287  1 0.1362 0.1493 0.1398 0.1370 0.1392 0.1489 0.1496 
         288  1 0.1407 0.1437 0.1427 0.1432 0.1425 0.1439 0.1433 
         289  1 0.1444 0.1418 0.1504 0.1397 0.1396 0.1421 0.1420 
         290  1 0.1421 0.1420 0.1433 0.1435 0.1440 0.1426 0.1425 
         291  1 0.1480 0.1347 0.1518 0.1475 0.1481 0.1351 0.1347 
         292  1 0.1369 0.1508 0.1381 0.1390 0.1345 0.1506 0.1502 
         293  1 0.1459 0.1386 0.1514 0.1438 0.1426 0.1391 0.1387 
         294  1 0.1455 0.1386 0.1444 0.1474 0.1470 0.1385 0.1387 
         295  1 0.1348 0.1543 0.1329 0.1368 0.1336 0.1533 0.1543 
         296  1 0.1510 0.1336 0.1567 0.1466 0.1442 0.1342 0.1338 
         297  1 0.1502 0.1328 0.1514 0.1507 0.1491 0.1330 0.1328 
         298  1 0.1441 0.1438 0.1435 0.1392 0.1433 0.1427 0.1434 
         299  1 0.1399 0.1464 0.1430 0.1412 0.1374 0.1464 0.1459 
         300  1 0.1420 0.1406 0.1510 0.1441 0.1402 0.1415 0.1406 
         301  1 0.1355 0.1505 0.1370 0.1407 0.1367 0.1496 0.1500 
         302  1 0.1502 0.1361 0.1445 0.1440 0.1522 0.1365 0.1364 
         303  1 0.1500 0.1334 0.1538 0.1465 0.1489 0.1334 0.1340 
