           1  1 0.1296 0.1237 0.1278 0.1176 0.1247 0.1277 0.1314 0.1175 
           2  1 0.1166 0.1242 0.1172 0.1408 0.1179 0.1226 0.1198 0.1409 
           3  1 0.1277 0.1225 0.1289 0.1180 0.1245 0.1312 0.1294 0.1177 
           4  1 0.1270 0.1259 0.1295 0.1249 0.1243 0.1220 0.1221 0.1245 
           5  1 0.1156 0.1299 0.1168 0.1447 0.1144 0.1145 0.1189 0.1452 
           6  1 0.1262 0.1296 0.1304 0.1223 0.1271 0.1187 0.1238 0.1219 
           7  1 0.1298 0.1248 0.1295 0.1129 0.1331 0.1290 0.1285 0.1125 
           8  1 0.1283 0.1250 0.1273 0.1190 0.1214 0.1294 0.1302 0.1193 
           9  1 0.1236 0.1251 0.1264 0.1264 0.1236 0.1269 0.1224 0.1255 
          10  1 0.1198 0.1257 0.1188 0.1319 0.1171 0.1258 0.1286 0.1323 
          11  1 0.1153 0.1279 0.1133 0.1535 0.1145 0.1099 0.1102 0.1554 
          12  1 0.1257 0.1297 0.1244 0.1288 0.1234 0.1169 0.1209 0.1302 
          13  1 0.1194 0.1252 0.1151 0.1381 0.1171 0.1213 0.1257 0.1382 
          14  1 0.1289 0.1249 0.1254 0.1230 0.1285 0.1240 0.1224 0.1229 
          15  1 0.1311 0.1282 0.1343 0.1190 0.1325 0.1161 0.1201 0.1186 
          16  1 0.1209 0.1206 0.1195 0.1332 0.1181 0.1235 0.1290 0.1354 
          17  1 0.1283 0.1267 0.1312 0.1152 0.1265 0.1262 0.1309 0.1150 
          18  1 0.1258 0.1258 0.1298 0.1267 0.1218 0.1202 0.1236 0.1263 
          19  1 0.1187 0.1297 0.1185 0.1504 0.1125 0.1095 0.1091 0.1517 
          20  1 0.1284 0.1206 0.1319 0.1036 0.1357 0.1386 0.1375 0.1037 
          21  1 0.1288 0.1227 0.1263 0.1180 0.1233 0.1334 0.1298 0.1177 
          22  1 0.1233 0.1239 0.1217 0.1285 0.1220 0.1237 0.1287 0.1282 
          23  1 0.1185 0.1259 0.1249 0.1376 0.1214 0.1175 0.1172 0.1369 
          24  1 0.1255 0.1221 0.1253 0.1228 0.1252 0.1310 0.1249 0.1232 
          25  1 0.1246 0.1240 0.1326 0.1160 0.1332 0.1276 0.1260 0.1161 
          26  1 0.1231 0.1266 0.1207 0.1310 0.1206 0.1233 0.1241 0.1307 
          27  1 0.1303 0.1256 0.1271 0.1265 0.1260 0.1197 0.1176 0.1273 
          28  1 0.1243 0.1298 0.1179 0.1435 0.1181 0.1104 0.1127 0.1433 
          29  1 0.1189 0.1266 0.1140 0.1432 0.1146 0.1216 0.1200 0.1411 
          30  1 0.1289 0.1287 0.1310 0.1179 0.1273 0.1235 0.1259 0.1167 
          31  1 0.1253 0.1223 0.1288 0.1193 0.1317 0.1276 0.1257 0.1194 
          32  1 0.1133 0.1285 0.1150 0.1537 0.1106 0.1094 0.1145 0.1550 
          33  1 0.1260 0.1301 0.1257 0.1228 0.1265 0.1196 0.1267 0.1227 
          34  1 0.1189 0.1237 0.1213 0.1284 0.1242 0.1277 0.1272 0.1285 
          35  1 0.1289 0.1234 0.1313 0.1133 0.1300 0.1274 0.1326 0.1132 
          36  1 0.1257 0.1271 0.1196 0.1210 0.1259 0.1278 0.1313 0.1217 
          37  1 0.1266 0.1285 0.1207 0.1289 0.1219 0.1229 0.1219 0.1286 
          38  1 0.1212 0.1270 0.1152 0.1460 0.1156 0.1165 0.1133 0.1452 
          39  1 0.1258 0.1211 0.1286 0.1124 0.1308 0.1335 0.1356 0.1122 
          40  1 0.1287 0.1242 0.1307 0.1174 0.1273 0.1284 0.1263 0.1171 
          41  1 0.1263 0.1268 0.1249 0.1235 0.1251 0.1248 0.1253 0.1233 
          42  1 0.1276 0.1184 0.1307 0.1103 0.1295 0.1356 0.1379 0.1100 
          43  1 0.1234 0.1273 0.1164 0.1349 0.1199 0.1201 0.1219 0.1361 
          44  1 0.1250 0.1263 0.1264 0.1203 0.1242 0.1293 0.1281 0.1204 
          45  1 0.1275 0.1284 0.1251 0.1185 0.1255 0.1281 0.1291 0.1179 
          46  1 0.1281 0.1239 0.1263 0.1200 0.1274 0.1271 0.1271 0.1200 
          47  1 0.1220 0.1230 0.1221 0.1241 0.1225 0.1304 0.1311 0.1249 
          48  1 0.1271 0.1229 0.1265 0.1266 0.1214 0.1225 0.1265 0.1265 
          49  1 0.1229 0.1248 0.1205 0.1325 0.1182 0.1221 0.1258 0.1331 
          50  1 0.1207 0.1256 0.1221 0.1358 0.1197 0.1212 0.1185 0.1365 
          51  1 0.1278 0.1317 0.1218 0.1245 0.1268 0.1206 0.1225 0.1243 
          52  1 0.1251 0.1260 0.1227 0.1239 0.1238 0.1222 0.1325 0.1238 
          53  1 0.1265 0.1283 0.1186 0.1372 0.1152 0.1165 0.1220 0.1358 
          54  1 0.1226 0.1202 0.1283 0.1218 0.1230 0.1316 0.1311 0.1213 
          55  1 0.1249 0.1231 0.1191 0.1193 0.1242 0.1367 0.1335 0.1192 
          56  1 0.1212 0.1298 0.1200 0.1400 0.1162 0.1145 0.1179 0.1404 
          57  1 0.1172 0.1209 0.1184 0.1293 0.1248 0.1277 0.1322 0.1295 
          58  1 0.1230 0.1225 0.1246 0.1251 0.1231 0.1282 0.1292 0.1242 
          59  1 0.1263 0.1267 0.1326 0.1165 0.1275 0.1281 0.1252 0.1170 
          60  1 0.1225 0.1234 0.1217 0.1214 0.1238 0.1352 0.1309 0.1210 
          61  1 0.1235 0.1221 0.1293 0.1210 0.1236 0.1288 0.1313 0.1205 
          62  1 0.1254 0.1257 0.1214 0.1297 0.1206 0.1218 0.1260 0.1295 
          63  1 0.1286 0.1278 0.1320 0.1229 0.1218 0.1193 0.1244 0.1234 
          64  1 0.1337 0.1260 0.1332 0.1115 0.1311 0.1283 0.1245 0.1117 
          65  1 0.1206 0.1264 0.1230 0.1325 0.1225 0.1204 0.1220 0.1327 
          66  1 0.1233 0.1270 0.1198 0.1294 0.1224 0.1232 0.1255 0.1295 
          67  1 0.1205 0.1199 0.1266 0.1210 0.1333 0.1337 0.1238 0.1213 
          68  1 0.1265 0.1203 0.1361 0.1102 0.1326 0.1329 0.1318 0.1097 
          69  1 0.1305 0.1253 0.1215 0.1244 0.1232 0.1231 0.1278 0.1243 
          70  1 0.1319 0.1253 0.1289 0.1158 0.1350 0.1245 0.1237 0.1149 
          71  1 0.1273 0.1226 0.1263 0.1220 0.1296 0.1257 0.1247 0.1218 
          72  1 0.1299 0.1195 0.1278 0.1119 0.1342 0.1320 0.1329 0.1118 
          73  1 0.1258 0.1273 0.1268 0.1301 0.1245 0.1187 0.1175 0.1292 
          74  1 0.1267 0.1241 0.1308 0.1202 0.1264 0.1249 0.1260 0.1209 
          75  1 0.1243 0.1176 0.1283 0.1144 0.1309 0.1410 0.1295 0.1139 
          76  1 0.1258 0.1234 0.1266 0.1233 0.1242 0.1265 0.1273 0.1228 
          77  1 0.1220 0.1260 0.1290 0.1240 0.1260 0.1235 0.1247 0.1247 
          78  1 0.1232 0.1272 0.1193 0.1349 0.1218 0.1190 0.1198 0.1348 
          79  1 0.1208 0.1223 0.1244 0.1222 0.1290 0.1289 0.1306 0.1218 
          80  1 0.1301 0.1207 0.1286 0.1125 0.1327 0.1313 0.1327 0.1116 
          81  1 0.1248 0.1298 0.1199 0.1323 0.1200 0.1200 0.1210 0.1322 
          82  1 0.1168 0.1194 0.1192 0.1341 0.1256 0.1261 0.1247 0.1342 
          83  1 0.1215 0.1149 0.1238 0.1107 0.1303 0.1440 0.1442 0.1106 
          84  1 0.1252 0.1282 0.1272 0.1264 0.1240 0.1224 0.1207 0.1261 
          85  1 0.1256 0.1211 0.1291 0.1142 0.1278 0.1333 0.1353 0.1137 
          86  1 0.1311 0.1214 0.1340 0.1128 0.1347 0.1287 0.1246 0.1128 
          87  1 0.1334 0.1248 0.1273 0.1191 0.1328 0.1230 0.1203 0.1192 
          88  1 0.1234 0.1252 0.1317 0.1228 0.1266 0.1248 0.1232 0.1224 
          89  1 0.1225 0.1286 0.1232 0.1323 0.1195 0.1185 0.1224 0.1330 
          90  1 0.1277 0.1282 0.1261 0.1230 0.1298 0.1209 0.1217 0.1227 
          91  1 0.1224 0.1228 0.1169 0.1366 0.1171 0.1241 0.1224 0.1378 
          92  1 0.1223 0.1278 0.1240 0.1298 0.1220 0.1202 0.1231 0.1307 
          93  1 0.1262 0.1249 0.1228 0.1354 0.1172 0.1162 0.1213 0.1360 
          94  1 0.1235 0.1182 0.1256 0.1127 0.1310 0.1385 0.1378 0.1126 
          95  1 0.1282 0.1261 0.1285 0.1185 0.1257 0.1286 0.1272 0.1173 
          96  1 0.1211 0.1205 0.1181 0.1232 0.1251 0.1372 0.1327 0.1221 
          97  1 0.1298 0.1294 0.1288 0.1202 0.1293 0.1202 0.1235 0.1188 
          98  1 0.1293 0.1244 0.1279 0.1208 0.1322 0.1228 0.1221 0.1206 
          99  1 0.1300 0.1227 0.1291 0.1209 0.1272 0.1240 0.1256 0.1205 
         100  1 0.1238 0.1262 0.1243 0.1346 0.1216 0.1153 0.1184 0.1359 
         101  1 0.1271 0.1196 0.1322 0.1085 0.1325 0.1384 0.1335 0.1081 
         102  1 0.1199 0.1242 0.1130 0.1377 0.1203 0.1238 0.1231 0.1380 
         103  1 0.1184 0.1204 0.1184 0.1326 0.1262 0.1268 0.1223 0.1349 
         104  1 0.1213 0.1292 0.1240 0.1305 0.1241 0.1224 0.1178 0.1307 
         105  1 0.1307 0.1288 0.1288 0.1160 0.1295 0.1252 0.1247 0.1163 
         106  1 0.1293 0.1256 0.1269 0.1192 0.1268 0.1254 0.1274 0.1193 
         107  1 0.1283 0.1238 0.1263 0.1147 0.1268 0.1316 0.1333 0.1152 
         108  1 0.1232 0.1305 0.1160 0.1405 0.1199 0.1126 0.1168 0.1403 
         109  1 0.1212 0.1290 0.1163 0.1372 0.1178 0.1169 0.1248 0.1367 
         110  1 0.1236 0.1296 0.1185 0.1392 0.1149 0.1194 0.1161 0.1386 
         111  1 0.1178 0.1265 0.1166 0.1351 0.1244 0.1204 0.1229 0.1363 
         112  1 0.1246 0.1211 0.1221 0.1258 0.1271 0.1297 0.1240 0.1255 
         113  1 0.1235 0.1206 0.1256 0.1149 0.1326 0.1339 0.1330 0.1159 
         114  1 0.1251 0.1247 0.1226 0.1280 0.1236 0.1239 0.1240 0.1281 
         115  1 0.1323 0.1271 0.1289 0.1177 0.1310 0.1204 0.1251 0.1176 
         116  1 0.1254 0.1253 0.1237 0.1245 0.1237 0.1225 0.1305 0.1244 
         117  1 0.1291 0.1282 0.1276 0.1195 0.1243 0.1253 0.1263 0.1197 
         118  1 0.1294 0.1263 0.1228 0.1253 0.1253 0.1229 0.1232 0.1249 
         119  1 0.1232 0.1183 0.1227 0.1209 0.1255 0.1376 0.1296 0.1222 
         120  1 0.1302 0.1300 0.1270 0.1222 0.1237 0.1186 0.1271 0.1213 
         121  1 0.1257 0.1224 0.1299 0.1133 0.1339 0.1303 0.1314 0.1130 
         122  1 0.1278 0.1248 0.1298 0.1188 0.1256 0.1248 0.1300 0.1184 
         123  1 0.1194 0.1283 0.1233 0.1375 0.1194 0.1158 0.1191 0.1372 
         124  1 0.1246 0.1226 0.1253 0.1273 0.1215 0.1257 0.1253 0.1275 
         125  1 0.1227 0.1245 0.1308 0.1288 0.1244 0.1205 0.1187 0.1297 
         126  1 0.1244 0.1237 0.1235 0.1214 0.1282 0.1297 0.1274 0.1216 
         127  1 0.1270 0.1211 0.1308 0.1200 0.1285 0.1293 0.1235 0.1197 
         128  1 0.1319 0.1255 0.1363 0.1138 0.1288 0.1261 0.1237 0.1139 
         129  1 0.1192 0.1208 0.1226 0.1293 0.1266 0.1293 0.1220 0.1301 
         130  1 0.1249 0.1244 0.1180 0.1327 0.1229 0.1223 0.1228 0.1320 
         131  1 0.1284 0.1249 0.1284 0.1188 0.1274 0.1245 0.1289 0.1186 
         132  1 0.1333 0.1287 0.1300 0.1143 0.1298 0.1240 0.1256 0.1144 
         133  1 0.1213 0.1248 0.1169 0.1343 0.1191 0.1214 0.1273 0.1349 
         134  1 0.1207 0.1235 0.1211 0.1317 0.1227 0.1272 0.1213 0.1317 
         135  1 0.1327 0.1233 0.1376 0.1078 0.1383 0.1264 0.1258 0.1080 
         136  1 0.1293 0.1294 0.1262 0.1248 0.1267 0.1186 0.1204 0.1245 
         137  1 0.1289 0.1232 0.1331 0.1154 0.1253 0.1252 0.1337 0.1153 
         138  1 0.1328 0.1227 0.1341 0.1154 0.1260 0.1284 0.1257 0.1149 
         139  1 0.1275 0.1257 0.1245 0.1262 0.1234 0.1237 0.1218 0.1272 
         140  1 0.1244 0.1265 0.1235 0.1329 0.1189 0.1183 0.1219 0.1336 
         141  1 0.1259 0.1217 0.1262 0.1178 0.1293 0.1319 0.1300 0.1172 
         142  1 0.1277 0.1260 0.1285 0.1187 0.1264 0.1255 0.1289 0.1183 
         143  1 0.1279 0.1268 0.1229 0.1222 0.1246 0.1260 0.1273 0.1222 
         144  1 0.1264 0.1221 0.1280 0.1153 0.1279 0.1276 0.1373 0.1153 
         145  1 0.1257 0.1250 0.1227 0.1248 0.1238 0.1246 0.1290 0.1244 
         146  1 0.1221 0.1275 0.1241 0.1269 0.1236 0.1238 0.1254 0.1266 
         147  1 0.1291 0.1298 0.1252 0.1251 0.1273 0.1189 0.1198 0.1249 
         148  1 0.1294 0.1288 0.1277 0.1226 0.1253 0.1194 0.1241 0.1227 
         149  1 0.1217 0.1257 0.1235 0.1283 0.1272 0.1243 0.1211 0.1283 
         150  1 0.1260 0.1237 0.1238 0.1252 0.1221 0.1284 0.1248 0.1259 
         151  1 0.1289 0.1258 0.1256 0.1257 0.1175 0.1215 0.1297 0.1254 
         152  1 0.1243 0.1278 0.1214 0.1337 0.1189 0.1221 0.1181 0.1336 
         153  1 0.1247 0.1234 0.1312 0.1225 0.1256 0.1249 0.1244 0.1232 
         154  1 0.1233 0.1283 0.1238 0.1288 0.1210 0.1246 0.1212 0.1290 
         155  1 0.1294 0.1255 0.1338 0.1126 0.1325 0.1278 0.1263 0.1121 
         156  1 0.1252 0.1257 0.1258 0.1288 0.1207 0.1258 0.1194 0.1285 
         157  1 0.1278 0.1231 0.1302 0.1210 0.1248 0.1262 0.1258 0.1211 
         158  1 0.1254 0.1247 0.1173 0.1246 0.1277 0.1272 0.1273 0.1258 
         159  1 0.1180 0.1227 0.1205 0.1344 0.1261 0.1214 0.1211 0.1356 
         160  1 0.1131 0.1244 0.1093 0.1464 0.1173 0.1239 0.1184 0.1471 
         161  1 0.1244 0.1232 0.1267 0.1183 0.1281 0.1321 0.1285 0.1189 
         162  1 0.1252 0.1228 0.1315 0.1194 0.1266 0.1274 0.1266 0.1204 
         163  1 0.1243 0.1223 0.1239 0.1233 0.1238 0.1307 0.1282 0.1236 
         164  1 0.1273 0.1257 0.1283 0.1159 0.1291 0.1299 0.1283 0.1156 
         165  1 0.1238 0.1261 0.1248 0.1345 0.1190 0.1157 0.1207 0.1353 
         166  1 0.1297 0.1221 0.1282 0.1212 0.1268 0.1236 0.1273 0.1211 
         167  1 0.1287 0.1201 0.1233 0.1166 0.1299 0.1309 0.1340 0.1165 
         168  1 0.1326 0.1246 0.1314 0.1168 0.1276 0.1253 0.1247 0.1168 
         169  1 0.1300 0.1221 0.1325 0.1135 0.1264 0.1337 0.1277 0.1141 
         170  1 0.1236 0.1313 0.1210 0.1359 0.1198 0.1172 0.1162 0.1350 
         171  1 0.1259 0.1266 0.1261 0.1300 0.1239 0.1173 0.1182 0.1320 
         172  1 0.1214 0.1295 0.1201 0.1366 0.1214 0.1143 0.1207 0.1360 
         173  1 0.1229 0.1214 0.1287 0.1220 0.1268 0.1291 0.1267 0.1225 
         174  1 0.1239 0.1217 0.1344 0.1282 0.1250 0.1185 0.1195 0.1288 
         175  1 0.1239 0.1209 0.1248 0.1219 0.1265 0.1290 0.1307 0.1225 
         176  1 0.1212 0.1275 0.1196 0.1324 0.1212 0.1218 0.1240 0.1322 
         177  1 0.1337 0.1205 0.1330 0.1080 0.1345 0.1331 0.1294 0.1078 
         178  1 0.1251 0.1306 0.1290 0.1222 0.1240 0.1219 0.1246 0.1225 
         179  1 0.1229 0.1269 0.1258 0.1261 0.1230 0.1268 0.1230 0.1255 
         180  1 0.1245 0.1241 0.1225 0.1256 0.1246 0.1285 0.1253 0.1249 
         181  1 0.1322 0.1254 0.1359 0.1106 0.1298 0.1291 0.1268 0.1104 
         182  1 0.1251 0.1208 0.1258 0.1224 0.1281 0.1305 0.1254 0.1220 
         183  1 0.1276 0.1267 0.1222 0.1290 0.1245 0.1184 0.1214 0.1302 
         184  1 0.1251 0.1238 0.1293 0.1203 0.1330 0.1228 0.1251 0.1206 
         185  1 0.1197 0.1266 0.1145 0.1422 0.1180 0.1175 0.1183 0.1432 
         186  1 0.1320 0.1221 0.1350 0.1126 0.1308 0.1282 0.1266 0.1127 
         187  1 0.1314 0.1274 0.1252 0.1258 0.1231 0.1196 0.1211 0.1265 
         188  1 0.1220 0.1221 0.1211 0.1299 0.1254 0.1277 0.1212 0.1306 
         189  1 0.1273 0.1288 0.1195 0.1315 0.1246 0.1190 0.1171 0.1322 
         190  1 0.1170 0.1269 0.1187 0.1414 0.1177 0.1180 0.1185 0.1418 
         191  1 0.1217 0.1273 0.1244 0.1348 0.1224 0.1149 0.1197 0.1349 
         192  1 0.1263 0.1224 0.1292 0.1168 0.1298 0.1324 0.1254 0.1179 
         193  1 0.1310 0.1240 0.1267 0.1183 0.1252 0.1270 0.1300 0.1178 
         194  1 0.1157 0.1208 0.1124 0.1376 0.1189 0.1282 0.1280 0.1384 
         195  1 0.1245 0.1225 0.1206 0.1196 0.1280 0.1335 0.1316 0.1197 
         196  1 0.1199 0.1230 0.1131 0.1401 0.1140 0.1207 0.1273 0.1418 
         197  1 0.1172 0.1220 0.1249 0.1287 0.1291 0.1296 0.1209 0.1276 
         198  1 0.1261 0.1284 0.1271 0.1296 0.1247 0.1163 0.1180 0.1299 
         199  1 0.1246 0.1246 0.1249 0.1265 0.1293 0.1204 0.1233 0.1264 
         200  1 0.1309 0.1328 0.1243 0.1237 0.1244 0.1181 0.1224 0.1234 
         201  1 0.1356 0.1210 0.1377 0.1042 0.1345 0.1322 0.1307 0.1040 
         202  1 0.1277 0.1232 0.1262 0.1167 0.1279 0.1353 0.1263 0.1168 
         203  1 0.1172 0.1241 0.1145 0.1406 0.1217 0.1190 0.1198 0.1431 
         204  1 0.1240 0.1275 0.1232 0.1318 0.1203 0.1212 0.1198 0.1322 
         205  1 0.1208 0.1279 0.1189 0.1307 0.1228 0.1228 0.1245 0.1317 
         206  1 0.1237 0.1279 0.1247 0.1288 0.1230 0.1206 0.1226 0.1286 
         207  1 0.1241 0.1245 0.1237 0.1295 0.1248 0.1241 0.1203 0.1290 
         208  1 0.1000 0.1272 0.0950 0.1917 0.0943 0.0977 0.0963 0.1978 
         209  1 0.1292 0.1261 0.1301 0.1175 0.1313 0.1233 0.1246 0.1179 
         210  1 0.1225 0.1172 0.1255 0.1095 0.1310 0.1462 0.1388 0.1095 
         211  1 0.1222 0.1225 0.1207 0.1291 0.1237 0.1265 0.1263 0.1290 
         212  1 0.1251 0.1173 0.1241 0.1125 0.1332 0.1412 0.1340 0.1126 
         213  1 0.1239 0.1244 0.1194 0.1330 0.1223 0.1213 0.1211 0.1346 
         214  1 0.1303 0.1291 0.1243 0.1223 0.1291 0.1205 0.1224 0.1219 
         215  1 0.1277 0.1246 0.1272 0.1261 0.1219 0.1262 0.1199 0.1266 
         216  1 0.1274 0.1234 0.1262 0.1239 0.1231 0.1244 0.1273 0.1243 
         217  1 0.1317 0.1284 0.1355 0.1170 0.1283 0.1179 0.1245 0.1168 
         218  1 0.1315 0.1246 0.1354 0.1098 0.1328 0.1264 0.1296 0.1099 
         219  1 0.1274 0.1194 0.1307 0.1114 0.1350 0.1305 0.1345 0.1111 
         220  1 0.1270 0.1283 0.1275 0.1242 0.1244 0.1197 0.1249 0.1240 
         221  1 0.1244 0.1258 0.1276 0.1258 0.1219 0.1240 0.1259 0.1246 
         222  1 0.1227 0.1246 0.1274 0.1254 0.1253 0.1234 0.1256 0.1256 
         223  1 0.1205 0.1306 0.1123 0.1455 0.1125 0.1162 0.1185 0.1440 
         224  1 0.1169 0.1253 0.1191 0.1384 0.1193 0.1194 0.1216 0.1400 
         225  1 0.1224 0.1205 0.1233 0.1192 0.1294 0.1344 0.1321 0.1186 
         226  1 0.1211 0.1236 0.1254 0.1345 0.1166 0.1234 0.1206 0.1348 
         227  1 0.1264 0.1248 0.1276 0.1253 0.1261 0.1230 0.1221 0.1248 
         228  1 0.1273 0.1253 0.1324 0.1175 0.1311 0.1280 0.1213 0.1170 
         229  1 0.1377 0.1288 0.1281 0.1144 0.1312 0.1210 0.1243 0.1144 
         230  1 0.1265 0.1181 0.1287 0.1098 0.1305 0.1437 0.1330 0.1097 
         231  1 0.1239 0.1263 0.1260 0.1222 0.1256 0.1278 0.1259 0.1224 
         232  1 0.1258 0.1230 0.1210 0.1198 0.1267 0.1301 0.1342 0.1193 
         233  1 0.1286 0.1193 0.1343 0.1074 0.1308 0.1377 0.1341 0.1077 
         234  1 0.1170 0.1242 0.1201 0.1465 0.1166 0.1139 0.1132 0.1484 
         235  1 0.1248 0.1241 0.1234 0.1204 0.1312 0.1266 0.1289 0.1205 
         236  1 0.1190 0.1213 0.1218 0.1305 0.1258 0.1284 0.1216 0.1317 
         237  1 0.1312 0.1317 0.1276 0.1211 0.1267 0.1211 0.1196 0.1209 
         238  1 0.1257 0.1202 0.1292 0.1137 0.1317 0.1381 0.1275 0.1139 
         239  1 0.1207 0.1264 0.1253 0.1325 0.1195 0.1214 0.1222 0.1320 
         240  1 0.1220 0.1264 0.1220 0.1282 0.1274 0.1211 0.1248 0.1281 
         241  1 0.1319 0.1239 0.1298 0.1153 0.1312 0.1272 0.1257 0.1150 
         242  1 0.1282 0.1288 0.1290 0.1162 0.1271 0.1286 0.1254 0.1166 
         243  1 0.1304 0.1238 0.1406 0.1059 0.1375 0.1267 0.1292 0.1057 
         244  1 0.1283 0.1241 0.1247 0.1196 0.1276 0.1259 0.1314 0.1185 
         245  1 0.1220 0.1209 0.1191 0.1266 0.1237 0.1299 0.1305 0.1272 
         246  1 0.1288 0.1257 0.1335 0.1145 0.1339 0.1215 0.1286 0.1134 
         247  1 0.1270 0.1271 0.1259 0.1252 0.1228 0.1239 0.1230 0.1251 
         248  1 0.1191 0.1273 0.1129 0.1403 0.1192 0.1182 0.1224 0.1406 
         249  1 0.1217 0.1213 0.1179 0.1304 0.1217 0.1292 0.1252 0.1326 
         250  1 0.1311 0.1266 0.1337 0.1095 0.1272 0.1281 0.1345 0.1093 
         251  1 0.1280 0.1259 0.1236 0.1235 0.1245 0.1276 0.1237 0.1232 
         252  1 0.1328 0.1245 0.1330 0.1176 0.1305 0.1222 0.1221 0.1174 
         253  1 0.1300 0.1183 0.1365 0.1101 0.1308 0.1326 0.1314 0.1102 
         254  1 0.1185 0.1313 0.1179 0.1408 0.1184 0.1140 0.1183 0.1408 
         255  1 0.1254 0.1225 0.1227 0.1223 0.1279 0.1273 0.1301 0.1217 
         256  1 0.1202 0.1275 0.1220 0.1386 0.1211 0.1168 0.1160 0.1379 
         257  1 0.1239 0.1267 0.1249 0.1312 0.1217 0.1218 0.1181 0.1318 
         258  1 0.1227 0.1228 0.1227 0.1231 0.1295 0.1305 0.1252 0.1234 
         259  1 0.1274 0.1255 0.1223 0.1237 0.1199 0.1275 0.1290 0.1246 
         260  1 0.1254 0.1208 0.1235 0.1164 0.1285 0.1397 0.1291 0.1165 
         261  1 0.1245 0.1257 0.1221 0.1187 0.1307 0.1278 0.1326 0.1178 
         262  1 0.1184 0.1294 0.1129 0.1482 0.1130 0.1149 0.1137 0.1496 
         263  1 0.1266 0.1187 0.1287 0.1093 0.1300 0.1407 0.1369 0.1090 
         264  1 0.1264 0.1210 0.1331 0.1219 0.1259 0.1254 0.1241 0.1220 
         265  1 0.1251 0.1238 0.1222 0.1255 0.1239 0.1269 0.1270 0.1257 
         266  1 0.1223 0.1309 0.1254 0.1386 0.1190 0.1121 0.1129 0.1388 
         267  1 0.1294 0.1196 0.1358 0.1120 0.1325 0.1327 0.1260 0.1120 
         268  1 0.1244 0.1234 0.1248 0.1214 0.1253 0.1286 0.1309 0.1211 
         269  1 0.1200 0.1295 0.1177 0.1381 0.1171 0.1174 0.1222 0.1380 
         270  1 0.1273 0.1274 0.1357 0.1125 0.1329 0.1241 0.1281 0.1119 
         271  1 0.1268 0.1267 0.1278 0.1241 0.1224 0.1232 0.1246 0.1243 
         272  1 0.1232 0.1254 0.1232 0.1290 0.1233 0.1240 0.1234 0.1285 
         273  1 0.1221 0.1323 0.1241 0.1252 0.1258 0.1203 0.1251 0.1250 
         274  1 0.1233 0.1241 0.1261 0.1202 0.1250 0.1359 0.1259 0.1196 
         275  1 0.1284 0.1264 0.1263 0.1237 0.1223 0.1217 0.1265 0.1246 
         276  1 0.1277 0.1252 0.1288 0.1195 0.1273 0.1283 0.1235 0.1197 
         277  1 0.1281 0.1249 0.1242 0.1226 0.1269 0.1236 0.1276 0.1220 
         278  1 0.1266 0.1220 0.1252 0.1203 0.1252 0.1333 0.1274 0.1200 
         279  1 0.1246 0.1160 0.1315 0.1097 0.1370 0.1374 0.1334 0.1104 
         280  1 0.1290 0.1264 0.1266 0.1216 0.1277 0.1230 0.1241 0.1216 
         281  1 0.1243 0.1296 0.1154 0.1364 0.1205 0.1179 0.1208 0.1351 
         282  1 0.1179 0.1249 0.1171 0.1380 0.1220 0.1244 0.1176 0.1379 
         283  1 0.1214 0.1269 0.1225 0.1363 0.1196 0.1164 0.1177 0.1391 
         284  1 0.1250 0.1256 0.1245 0.1274 0.1264 0.1203 0.1239 0.1269 
         285  1 0.1278 0.1213 0.1362 0.1150 0.1308 0.1277 0.1266 0.1147 
         286  1 0.1118 0.1285 0.1066 0.1650 0.1099 0.1050 0.1069 0.1662 
         287  1 0.1212 0.1268 0.1232 0.1345 0.1199 0.1196 0.1213 0.1335 
         288  1 0.1277 0.1268 0.1260 0.1237 0.1266 0.1210 0.1247 0.1235 
         289  1 0.1205 0.1200 0.1210 0.1245 0.1262 0.1323 0.1298 0.1256 
         290  1 0.1245 0.1218 0.1245 0.1218 0.1291 0.1314 0.1253 0.1216 
         291  1 0.1278 0.1179 0.1312 0.1119 0.1303 0.1379 0.1319 0.1111 
         292  1 0.1233 0.1266 0.1192 0.1346 0.1221 0.1241 0.1167 0.1335 
         293  1 0.1222 0.1225 0.1242 0.1207 0.1288 0.1303 0.1314 0.1200 
         294  1 0.1249 0.1217 0.1339 0.1172 0.1304 0.1264 0.1280 0.1175 
         295  1 0.1191 0.1291 0.1186 0.1427 0.1201 0.1131 0.1142 0.1432 
         296  1 0.1227 0.1180 0.1323 0.1086 0.1425 0.1367 0.1308 0.1083 
         297  1 0.1264 0.1228 0.1352 0.1081 0.1364 0.1359 0.1273 0.1079 
         298  1 0.1185 0.1212 0.1201 0.1323 0.1203 0.1322 0.1205 0.1350 
         299  1 0.1178 0.1232 0.1195 0.1267 0.1292 0.1305 0.1263 0.1269 
         300  1 0.1210 0.1215 0.1213 0.1166 0.1308 0.1395 0.1337 0.1156 
         301  1 0.1226 0.1245 0.1205 0.1369 0.1176 0.1208 0.1197 0.1373 
         302  1 0.1311 0.1238 0.1292 0.1140 0.1275 0.1315 0.1284 0.1145 
         303  1 0.1247 0.1203 0.1362 0.1108 0.1313 0.1374 0.1284 0.1109 
