           1  1 0.2457 0.2590 0.2501 0.2452 
           2  1 0.2632 0.2271 0.2464 0.2634 
           3  1 0.2544 0.2515 0.2408 0.2533 
           4  1 0.2579 0.2472 0.2370 0.2579 
           5  1 0.2728 0.2234 0.2308 0.2731 
           6  1 0.2511 0.2589 0.2394 0.2505 
           7  1 0.2341 0.2664 0.2665 0.2330 
           8  1 0.2446 0.2575 0.2553 0.2427 
           9  1 0.2465 0.2525 0.2541 0.2469 
          10  1 0.2536 0.2395 0.2522 0.2548 
          11  1 0.2800 0.2156 0.2189 0.2854 
          12  1 0.2532 0.2519 0.2426 0.2524 
          13  1 0.2643 0.2307 0.2386 0.2664 
          14  1 0.2529 0.2494 0.2455 0.2522 
          15  1 0.2420 0.2649 0.2530 0.2400 
          16  1 0.2494 0.2459 0.2493 0.2554 
          17  1 0.2368 0.2642 0.2632 0.2358 
          18  1 0.2509 0.2531 0.2438 0.2523 
          19  1 0.2736 0.2293 0.2189 0.2782 
          20  1 0.2095 0.2801 0.3017 0.2087 
          21  1 0.2386 0.2609 0.2617 0.2388 
          22  1 0.2572 0.2417 0.2446 0.2566 
          23  1 0.2583 0.2373 0.2441 0.2603 
          24  1 0.2407 0.2558 0.2631 0.2403 
          25  1 0.2494 0.2566 0.2467 0.2472 
          26  1 0.2557 0.2416 0.2465 0.2562 
          27  1 0.2551 0.2494 0.2385 0.2571 
          28  1 0.2820 0.2246 0.2123 0.2811 
          29  1 0.2739 0.2252 0.2272 0.2738 
          30  1 0.2386 0.2665 0.2578 0.2371 
          31  1 0.2410 0.2610 0.2549 0.2431 
          32  1 0.2829 0.2151 0.2159 0.2860 
          33  1 0.2508 0.2565 0.2416 0.2511 
          34  1 0.2553 0.2390 0.2509 0.2548 
          35  1 0.2320 0.2693 0.2674 0.2314 
          36  1 0.2497 0.2507 0.2500 0.2496 
          37  1 0.2560 0.2439 0.2446 0.2555 
          38  1 0.2715 0.2291 0.2254 0.2741 
          39  1 0.2330 0.2680 0.2665 0.2326 
          40  1 0.2484 0.2597 0.2433 0.2485 
          41  1 0.2512 0.2445 0.2532 0.2511 
          42  1 0.2239 0.2748 0.2773 0.2240 
          43  1 0.2599 0.2357 0.2405 0.2639 
          44  1 0.2392 0.2565 0.2653 0.2389 
          45  1 0.2395 0.2631 0.2582 0.2392 
          46  1 0.2414 0.2551 0.2620 0.2415 
          47  1 0.2486 0.2458 0.2578 0.2478 
          48  1 0.2508 0.2546 0.2430 0.2516 
          49  1 0.2577 0.2469 0.2359 0.2595 
          50  1 0.2609 0.2411 0.2344 0.2636 
          51  1 0.2554 0.2518 0.2379 0.2549 
          52  1 0.2552 0.2464 0.2438 0.2545 
          53  1 0.2747 0.2301 0.2212 0.2739 
          54  1 0.2381 0.2511 0.2721 0.2387 
          55  1 0.2340 0.2629 0.2688 0.2343 
          56  1 0.2690 0.2338 0.2279 0.2693 
          57  1 0.2481 0.2386 0.2632 0.2501 
          58  1 0.2525 0.2480 0.2487 0.2507 
          59  1 0.2289 0.2726 0.2698 0.2287 
          60  1 0.2411 0.2486 0.2716 0.2387 
          61  1 0.2487 0.2494 0.2530 0.2489 
          62  1 0.2567 0.2437 0.2437 0.2560 
          63  1 0.2419 0.2569 0.2580 0.2431 
          64  1 0.2390 0.2748 0.2470 0.2393 
          65  1 0.2602 0.2429 0.2354 0.2615 
          66  1 0.2605 0.2441 0.2356 0.2598 
          67  1 0.2429 0.2536 0.2593 0.2442 
          68  1 0.2197 0.2707 0.2907 0.2189 
          69  1 0.2477 0.2565 0.2468 0.2490 
          70  1 0.2423 0.2589 0.2577 0.2411 
          71  1 0.2487 0.2542 0.2485 0.2485 
          72  1 0.2358 0.2609 0.2691 0.2343 
          73  1 0.2564 0.2496 0.2367 0.2573 
          74  1 0.2447 0.2563 0.2542 0.2448 
          75  1 0.2282 0.2591 0.2846 0.2281 
          76  1 0.2499 0.2484 0.2531 0.2486 
          77  1 0.2431 0.2508 0.2620 0.2441 
          78  1 0.2590 0.2368 0.2437 0.2606 
          79  1 0.2492 0.2499 0.2532 0.2477 
          80  1 0.2348 0.2578 0.2742 0.2332 
          81  1 0.2623 0.2419 0.2337 0.2621 
          82  1 0.2516 0.2328 0.2605 0.2551 
          83  1 0.2281 0.2564 0.2878 0.2276 
          84  1 0.2421 0.2625 0.2531 0.2424 
          85  1 0.2295 0.2621 0.2801 0.2284 
          86  1 0.2312 0.2742 0.2644 0.2302 
          87  1 0.2475 0.2535 0.2522 0.2467 
          88  1 0.2438 0.2549 0.2564 0.2449 
          89  1 0.2542 0.2478 0.2410 0.2570 
          90  1 0.2540 0.2557 0.2379 0.2523 
          91  1 0.2616 0.2374 0.2386 0.2624 
          92  1 0.2603 0.2410 0.2379 0.2608 
          93  1 0.2639 0.2424 0.2286 0.2652 
          94  1 0.2269 0.2595 0.2868 0.2268 
          95  1 0.2407 0.2597 0.2602 0.2394 
          96  1 0.2401 0.2486 0.2719 0.2394 
          97  1 0.2479 0.2563 0.2478 0.2479 
          98  1 0.2507 0.2513 0.2460 0.2521 
          99  1 0.2510 0.2558 0.2433 0.2499 
         100  1 0.2605 0.2419 0.2359 0.2617 
         101  1 0.2242 0.2674 0.2861 0.2223 
         102  1 0.2701 0.2254 0.2335 0.2710 
         103  1 0.2506 0.2383 0.2576 0.2534 
         104  1 0.2523 0.2431 0.2494 0.2552 
         105  1 0.2406 0.2652 0.2537 0.2405 
         106  1 0.2474 0.2588 0.2465 0.2473 
         107  1 0.2336 0.2676 0.2657 0.2331 
         108  1 0.2785 0.2289 0.2152 0.2774 
         109  1 0.2802 0.2257 0.2165 0.2777 
         110  1 0.2753 0.2298 0.2209 0.2740 
         111  1 0.2497 0.2448 0.2516 0.2539 
         112  1 0.2511 0.2414 0.2571 0.2505 
         113  1 0.2386 0.2551 0.2681 0.2382 
         114  1 0.2601 0.2434 0.2362 0.2602 
         115  1 0.2428 0.2593 0.2566 0.2413 
         116  1 0.2523 0.2448 0.2519 0.2510 
         117  1 0.2435 0.2671 0.2473 0.2421 
         118  1 0.2573 0.2463 0.2395 0.2568 
         119  1 0.2359 0.2547 0.2715 0.2379 
         120  1 0.2577 0.2480 0.2385 0.2558 
         121  1 0.2331 0.2624 0.2726 0.2318 
         122  1 0.2476 0.2552 0.2510 0.2462 
         123  1 0.2607 0.2370 0.2395 0.2628 
         124  1 0.2511 0.2464 0.2507 0.2518 
         125  1 0.2574 0.2464 0.2365 0.2597 
         126  1 0.2488 0.2478 0.2550 0.2483 
         127  1 0.2394 0.2586 0.2639 0.2382 
         128  1 0.2319 0.2754 0.2628 0.2300 
         129  1 0.2506 0.2473 0.2478 0.2543 
         130  1 0.2566 0.2443 0.2409 0.2582 
         131  1 0.2408 0.2649 0.2548 0.2395 
         132  1 0.2395 0.2654 0.2573 0.2378 
         133  1 0.2553 0.2458 0.2424 0.2564 
         134  1 0.2577 0.2356 0.2494 0.2573 
         135  1 0.2275 0.2752 0.2709 0.2264 
         136  1 0.2586 0.2462 0.2383 0.2569 
         137  1 0.2457 0.2546 0.2560 0.2438 
         138  1 0.2369 0.2720 0.2544 0.2367 
         139  1 0.2462 0.2584 0.2451 0.2503 
         140  1 0.2662 0.2360 0.2292 0.2685 
         141  1 0.2472 0.2544 0.2515 0.2469 
         142  1 0.2423 0.2529 0.2628 0.2420 
         143  1 0.2528 0.2499 0.2459 0.2514 
         144  1 0.2442 0.2500 0.2624 0.2435 
         145  1 0.2546 0.2499 0.2422 0.2532 
         146  1 0.2442 0.2484 0.2625 0.2448 
         147  1 0.2586 0.2492 0.2329 0.2593 
         148  1 0.2554 0.2547 0.2344 0.2555 
         149  1 0.2538 0.2491 0.2431 0.2541 
         150  1 0.2470 0.2514 0.2526 0.2490 
         151  1 0.2594 0.2448 0.2372 0.2587 
         152  1 0.2635 0.2328 0.2391 0.2647 
         153  1 0.2498 0.2547 0.2458 0.2497 
         154  1 0.2604 0.2429 0.2369 0.2598 
         155  1 0.2357 0.2662 0.2634 0.2347 
         156  1 0.2479 0.2527 0.2518 0.2475 
         157  1 0.2362 0.2665 0.2602 0.2371 
         158  1 0.2634 0.2370 0.2366 0.2630 
         159  1 0.2506 0.2379 0.2575 0.2541 
         160  1 0.2784 0.2155 0.2258 0.2804 
         161  1 0.2367 0.2613 0.2671 0.2349 
         162  1 0.2332 0.2623 0.2695 0.2350 
         163  1 0.2419 0.2444 0.2718 0.2418 
         164  1 0.2458 0.2524 0.2569 0.2449 
         165  1 0.2578 0.2528 0.2297 0.2597 
         166  1 0.2441 0.2503 0.2603 0.2452 
         167  1 0.2411 0.2563 0.2628 0.2399 
         168  1 0.2422 0.2621 0.2547 0.2409 
         169  1 0.2363 0.2649 0.2644 0.2344 
         170  1 0.2628 0.2467 0.2290 0.2615 
         171  1 0.2531 0.2537 0.2356 0.2576 
         172  1 0.2697 0.2291 0.2319 0.2693 
         173  1 0.2392 0.2548 0.2660 0.2400 
         174  1 0.2475 0.2566 0.2470 0.2489 
         175  1 0.2420 0.2515 0.2644 0.2422 
         176  1 0.2655 0.2333 0.2363 0.2648 
         177  1 0.2260 0.2756 0.2731 0.2252 
         178  1 0.2540 0.2542 0.2389 0.2530 
         179  1 0.2551 0.2430 0.2473 0.2546 
         180  1 0.2531 0.2482 0.2448 0.2538 
         181  1 0.2230 0.2769 0.2774 0.2227 
         182  1 0.2401 0.2590 0.2599 0.2409 
         183  1 0.2548 0.2525 0.2367 0.2560 
         184  1 0.2425 0.2648 0.2510 0.2417 
         185  1 0.2748 0.2262 0.2227 0.2762 
         186  1 0.2311 0.2696 0.2692 0.2301 
         187  1 0.2544 0.2508 0.2386 0.2562 
         188  1 0.2541 0.2393 0.2506 0.2559 
         189  1 0.2589 0.2414 0.2398 0.2599 
         190  1 0.2652 0.2333 0.2336 0.2679 
         191  1 0.2731 0.2344 0.2195 0.2730 
         192  1 0.2389 0.2570 0.2663 0.2378 
         193  1 0.2393 0.2673 0.2555 0.2380 
         194  1 0.2543 0.2367 0.2511 0.2579 
         195  1 0.2461 0.2472 0.2618 0.2450 
         196  1 0.2690 0.2312 0.2282 0.2716 
         197  1 0.2501 0.2418 0.2577 0.2503 
         198  1 0.2521 0.2584 0.2357 0.2539 
         199  1 0.2552 0.2445 0.2465 0.2538 
         200  1 0.2544 0.2507 0.2419 0.2530 
         201  1 0.2160 0.2865 0.2825 0.2150 
         202  1 0.2328 0.2561 0.2785 0.2326 
         203  1 0.2594 0.2312 0.2429 0.2666 
         204  1 0.2624 0.2434 0.2340 0.2602 
         205  1 0.2578 0.2375 0.2470 0.2577 
         206  1 0.2484 0.2457 0.2560 0.2500 
         207  1 0.2464 0.2477 0.2598 0.2461 
         208  1 0.3088 0.1834 0.1832 0.3246 
         209  1 0.2408 0.2600 0.2572 0.2419 
         210  1 0.2260 0.2589 0.2900 0.2251 
         211  1 0.2496 0.2434 0.2561 0.2510 
         212  1 0.2322 0.2609 0.2760 0.2308 
         213  1 0.2562 0.2451 0.2386 0.2600 
         214  1 0.2593 0.2485 0.2341 0.2580 
         215  1 0.2478 0.2583 0.2447 0.2492 
         216  1 0.2457 0.2519 0.2569 0.2456 
         217  1 0.2442 0.2615 0.2511 0.2433 
         218  1 0.2279 0.2857 0.2587 0.2276 
         219  1 0.2290 0.2696 0.2734 0.2279 
         220  1 0.2503 0.2539 0.2452 0.2506 
         221  1 0.2536 0.2517 0.2413 0.2534 
         222  1 0.2469 0.2547 0.2504 0.2480 
         223  1 0.2765 0.2226 0.2245 0.2764 
         224  1 0.2675 0.2333 0.2297 0.2696 
         225  1 0.2436 0.2545 0.2587 0.2432 
         226  1 0.2531 0.2434 0.2491 0.2543 
         227  1 0.2499 0.2589 0.2428 0.2484 
         228  1 0.2448 0.2565 0.2545 0.2442 
         229  1 0.2458 0.2658 0.2446 0.2437 
         230  1 0.2220 0.2663 0.2910 0.2208 
         231  1 0.2477 0.2525 0.2537 0.2461 
         232  1 0.2394 0.2627 0.2586 0.2393 
         233  1 0.2205 0.2729 0.2857 0.2208 
         234  1 0.2633 0.2356 0.2330 0.2681 
         235  1 0.2430 0.2601 0.2538 0.2431 
         236  1 0.2554 0.2412 0.2470 0.2564 
         237  1 0.2504 0.2571 0.2420 0.2505 
         238  1 0.2325 0.2574 0.2769 0.2331 
         239  1 0.2569 0.2434 0.2434 0.2563 
         240  1 0.2555 0.2473 0.2410 0.2562 
         241  1 0.2400 0.2679 0.2535 0.2385 
         242  1 0.2476 0.2648 0.2408 0.2467 
         243  1 0.2195 0.2826 0.2784 0.2195 
         244  1 0.2521 0.2496 0.2469 0.2513 
         245  1 0.2507 0.2433 0.2546 0.2514 
         246  1 0.2391 0.2729 0.2509 0.2371 
         247  1 0.2551 0.2461 0.2429 0.2559 
         248  1 0.2681 0.2311 0.2317 0.2692 
         249  1 0.2452 0.2499 0.2557 0.2493 
         250  1 0.2254 0.2764 0.2730 0.2251 
         251  1 0.2556 0.2511 0.2397 0.2536 
         252  1 0.2384 0.2634 0.2594 0.2387 
         253  1 0.2262 0.2714 0.2766 0.2258 
         254  1 0.2718 0.2342 0.2192 0.2748 
         255  1 0.2548 0.2436 0.2490 0.2525 
         256  1 0.2652 0.2374 0.2327 0.2648 
         257  1 0.2584 0.2489 0.2342 0.2585 
         258  1 0.2425 0.2490 0.2647 0.2438 
         259  1 0.2506 0.2488 0.2509 0.2498 
         260  1 0.2357 0.2534 0.2761 0.2348 
         261  1 0.2467 0.2563 0.2508 0.2461 
         262  1 0.2761 0.2253 0.2178 0.2808 
         263  1 0.2215 0.2732 0.2847 0.2206 
         264  1 0.2419 0.2528 0.2621 0.2433 
         265  1 0.2463 0.2541 0.2531 0.2465 
         266  1 0.2663 0.2443 0.2214 0.2680 
         267  1 0.2320 0.2637 0.2732 0.2311 
         268  1 0.2443 0.2526 0.2598 0.2433 
         269  1 0.2693 0.2310 0.2310 0.2687 
         270  1 0.2278 0.2778 0.2672 0.2272 
         271  1 0.2505 0.2537 0.2446 0.2512 
         272  1 0.2488 0.2529 0.2488 0.2495 
         273  1 0.2584 0.2446 0.2383 0.2587 
         274  1 0.2419 0.2551 0.2619 0.2412 
         275  1 0.2460 0.2611 0.2465 0.2465 
         276  1 0.2414 0.2606 0.2565 0.2415 
         277  1 0.2549 0.2491 0.2437 0.2523 
         278  1 0.2483 0.2521 0.2523 0.2473 
         279  1 0.2165 0.2662 0.2996 0.2177 
         280  1 0.2443 0.2495 0.2628 0.2433 
         281  1 0.2754 0.2279 0.2204 0.2764 
         282  1 0.2710 0.2237 0.2358 0.2695 
         283  1 0.2577 0.2430 0.2383 0.2610 
         284  1 0.2520 0.2475 0.2494 0.2512 
         285  1 0.2316 0.2727 0.2644 0.2312 
         286  1 0.2848 0.2106 0.2125 0.2921 
         287  1 0.2658 0.2349 0.2348 0.2646 
         288  1 0.2533 0.2483 0.2450 0.2533 
         289  1 0.2451 0.2421 0.2654 0.2474 
         290  1 0.2526 0.2471 0.2504 0.2499 
         291  1 0.2319 0.2662 0.2708 0.2312 
         292  1 0.2676 0.2308 0.2334 0.2682 
         293  1 0.2401 0.2517 0.2679 0.2404 
         294  1 0.2371 0.2570 0.2690 0.2369 
         295  1 0.2734 0.2273 0.2244 0.2749 
         296  1 0.2244 0.2665 0.2853 0.2239 
         297  1 0.2226 0.2675 0.2885 0.2214 
         298  1 0.2450 0.2449 0.2601 0.2500 
         299  1 0.2521 0.2389 0.2571 0.2519 
         300  1 0.2438 0.2468 0.2655 0.2440 
         301  1 0.2621 0.2350 0.2407 0.2622 
         302  1 0.2386 0.2624 0.2601 0.2389 
         303  1 0.2218 0.2674 0.2890 0.2218 
