           1  1 0.1437 0.1378 0.1476 0.1375 0.1466 0.1497 0.1371 
           2  1 0.1385 0.1542 0.1277 0.1552 0.1355 0.1347 0.1541 
           3  1 0.1414 0.1412 0.1466 0.1413 0.1453 0.1418 0.1424 
           4  1 0.1353 0.1457 0.1414 0.1456 0.1461 0.1398 0.1462 
           5  1 0.1373 0.1588 0.1379 0.1579 0.1269 0.1226 0.1587 
           6  1 0.1357 0.1420 0.1484 0.1411 0.1444 0.1466 0.1418 
           7  1 0.1474 0.1323 0.1533 0.1320 0.1494 0.1529 0.1327 
           8  1 0.1464 0.1390 0.1507 0.1390 0.1432 0.1427 0.1389 
           9  1 0.1427 0.1426 0.1428 0.1423 0.1443 0.1432 0.1421 
          10  1 0.1434 0.1470 0.1397 0.1462 0.1383 0.1387 0.1467 
          11  1 0.1315 0.1633 0.1249 0.1647 0.1243 0.1284 0.1630 
          12  1 0.1394 0.1445 0.1427 0.1450 0.1409 0.1430 0.1445 
          13  1 0.1392 0.1552 0.1319 0.1546 0.1326 0.1324 0.1543 
          14  1 0.1398 0.1419 0.1400 0.1417 0.1429 0.1516 0.1422 
          15  1 0.1455 0.1357 0.1533 0.1362 0.1445 0.1497 0.1352 
          16  1 0.1413 0.1474 0.1427 0.1480 0.1383 0.1353 0.1469 
          17  1 0.1423 0.1366 0.1548 0.1358 0.1511 0.1428 0.1366 
          18  1 0.1377 0.1449 0.1421 0.1457 0.1419 0.1423 0.1453 
          19  1 0.1271 0.1617 0.1289 0.1617 0.1308 0.1288 0.1610 
          20  1 0.1621 0.1210 0.1565 0.1211 0.1557 0.1621 0.1216 
          21  1 0.1505 0.1366 0.1456 0.1367 0.1459 0.1488 0.1359 
          22  1 0.1471 0.1455 0.1396 0.1447 0.1405 0.1377 0.1449 
          23  1 0.1408 0.1521 0.1385 0.1516 0.1335 0.1323 0.1511 
          24  1 0.1432 0.1399 0.1396 0.1390 0.1463 0.1523 0.1398 
          25  1 0.1460 0.1411 0.1433 0.1410 0.1458 0.1419 0.1408 
          26  1 0.1390 0.1468 0.1401 0.1474 0.1385 0.1421 0.1461 
          27  1 0.1347 0.1464 0.1382 0.1465 0.1381 0.1498 0.1463 
          28  1 0.1272 0.1617 0.1253 0.1621 0.1288 0.1331 0.1619 
          29  1 0.1372 0.1564 0.1292 0.1563 0.1329 0.1319 0.1561 
          30  1 0.1452 0.1363 0.1569 0.1359 0.1465 0.1430 0.1362 
          31  1 0.1442 0.1388 0.1456 0.1390 0.1473 0.1464 0.1387 
          32  1 0.1295 0.1655 0.1285 0.1649 0.1258 0.1207 0.1650 
          33  1 0.1416 0.1414 0.1497 0.1409 0.1460 0.1386 0.1417 
          34  1 0.1429 0.1472 0.1350 0.1477 0.1389 0.1407 0.1477 
          35  1 0.1471 0.1316 0.1532 0.1320 0.1520 0.1519 0.1321 
          36  1 0.1438 0.1425 0.1417 0.1423 0.1395 0.1482 0.1421 
          37  1 0.1380 0.1460 0.1370 0.1457 0.1397 0.1480 0.1457 
          38  1 0.1329 0.1600 0.1277 0.1602 0.1284 0.1327 0.1581 
          39  1 0.1532 0.1306 0.1525 0.1309 0.1488 0.1532 0.1307 
          40  1 0.1403 0.1386 0.1465 0.1386 0.1523 0.1446 0.1391 
          41  1 0.1427 0.1447 0.1379 0.1435 0.1426 0.1438 0.1448 
          42  1 0.1562 0.1262 0.1649 0.1268 0.1477 0.1513 0.1268 
          43  1 0.1345 0.1511 0.1336 0.1495 0.1386 0.1434 0.1494 
          44  1 0.1447 0.1384 0.1449 0.1383 0.1470 0.1480 0.1386 
          45  1 0.1438 0.1354 0.1524 0.1361 0.1437 0.1524 0.1363 
          46  1 0.1434 0.1379 0.1421 0.1376 0.1458 0.1557 0.1375 
          47  1 0.1426 0.1407 0.1443 0.1405 0.1431 0.1476 0.1412 
          48  1 0.1386 0.1420 0.1422 0.1424 0.1450 0.1470 0.1428 
          49  1 0.1422 0.1485 0.1410 0.1488 0.1371 0.1341 0.1483 
          50  1 0.1359 0.1511 0.1385 0.1506 0.1379 0.1350 0.1509 
          51  1 0.1363 0.1459 0.1382 0.1461 0.1369 0.1500 0.1465 
          52  1 0.1463 0.1435 0.1402 0.1432 0.1415 0.1417 0.1435 
          53  1 0.1291 0.1564 0.1315 0.1558 0.1334 0.1376 0.1562 
          54  1 0.1505 0.1372 0.1479 0.1372 0.1461 0.1442 0.1369 
          55  1 0.1535 0.1325 0.1499 0.1335 0.1449 0.1528 0.1329 
          56  1 0.1322 0.1554 0.1366 0.1555 0.1341 0.1319 0.1542 
          57  1 0.1519 0.1442 0.1383 0.1431 0.1410 0.1391 0.1424 
          58  1 0.1471 0.1431 0.1430 0.1428 0.1446 0.1365 0.1429 
          59  1 0.1454 0.1307 0.1542 0.1308 0.1551 0.1528 0.1311 
          60  1 0.1552 0.1381 0.1450 0.1376 0.1444 0.1416 0.1382 
          61  1 0.1457 0.1395 0.1423 0.1396 0.1459 0.1468 0.1403 
          62  1 0.1397 0.1471 0.1420 0.1465 0.1386 0.1396 0.1464 
          63  1 0.1439 0.1399 0.1515 0.1399 0.1463 0.1389 0.1397 
          64  1 0.1407 0.1345 0.1522 0.1342 0.1504 0.1540 0.1339 
          65  1 0.1387 0.1501 0.1397 0.1499 0.1373 0.1341 0.1501 
          66  1 0.1386 0.1476 0.1403 0.1467 0.1407 0.1389 0.1471 
          67  1 0.1470 0.1406 0.1436 0.1394 0.1434 0.1472 0.1387 
          68  1 0.1627 0.1253 0.1711 0.1251 0.1519 0.1386 0.1254 
          69  1 0.1444 0.1377 0.1439 0.1387 0.1450 0.1515 0.1387 
          70  1 0.1445 0.1385 0.1422 0.1383 0.1456 0.1529 0.1381 
          71  1 0.1428 0.1408 0.1393 0.1401 0.1492 0.1472 0.1406 
          72  1 0.1520 0.1333 0.1434 0.1338 0.1479 0.1558 0.1338 
          73  1 0.1356 0.1464 0.1452 0.1452 0.1402 0.1417 0.1457 
          74  1 0.1433 0.1386 0.1539 0.1387 0.1447 0.1417 0.1391 
          75  1 0.1573 0.1311 0.1465 0.1307 0.1547 0.1485 0.1311 
          76  1 0.1446 0.1413 0.1492 0.1411 0.1402 0.1411 0.1425 
          77  1 0.1482 0.1396 0.1512 0.1391 0.1443 0.1385 0.1392 
          78  1 0.1412 0.1497 0.1356 0.1502 0.1353 0.1390 0.1490 
          79  1 0.1451 0.1410 0.1386 0.1415 0.1426 0.1501 0.1411 
          80  1 0.1526 0.1333 0.1511 0.1330 0.1466 0.1500 0.1333 
          81  1 0.1379 0.1521 0.1406 0.1514 0.1329 0.1333 0.1519 
          82  1 0.1460 0.1483 0.1377 0.1479 0.1372 0.1352 0.1477 
          83  1 0.1654 0.1282 0.1507 0.1279 0.1505 0.1492 0.1281 
          84  1 0.1436 0.1397 0.1541 0.1410 0.1449 0.1364 0.1403 
          85  1 0.1557 0.1313 0.1552 0.1312 0.1498 0.1451 0.1316 
          86  1 0.1462 0.1314 0.1507 0.1311 0.1568 0.1514 0.1325 
          87  1 0.1423 0.1400 0.1390 0.1397 0.1462 0.1524 0.1404 
          88  1 0.1444 0.1403 0.1542 0.1399 0.1426 0.1384 0.1401 
          89  1 0.1374 0.1484 0.1420 0.1479 0.1398 0.1371 0.1474 
          90  1 0.1367 0.1440 0.1421 0.1431 0.1454 0.1453 0.1435 
          91  1 0.1360 0.1541 0.1336 0.1530 0.1332 0.1368 0.1533 
          92  1 0.1377 0.1487 0.1401 0.1491 0.1356 0.1389 0.1498 
          93  1 0.1363 0.1505 0.1396 0.1494 0.1405 0.1339 0.1498 
          94  1 0.1626 0.1294 0.1492 0.1310 0.1520 0.1458 0.1299 
          95  1 0.1441 0.1375 0.1516 0.1374 0.1471 0.1454 0.1369 
          96  1 0.1535 0.1360 0.1428 0.1364 0.1460 0.1486 0.1366 
          97  1 0.1416 0.1405 0.1461 0.1405 0.1465 0.1442 0.1407 
          98  1 0.1430 0.1443 0.1399 0.1435 0.1415 0.1439 0.1440 
          99  1 0.1398 0.1399 0.1453 0.1395 0.1527 0.1421 0.1406 
         100  1 0.1432 0.1488 0.1419 0.1501 0.1369 0.1290 0.1501 
         101  1 0.1557 0.1281 0.1543 0.1282 0.1530 0.1532 0.1275 
         102  1 0.1352 0.1547 0.1279 0.1548 0.1318 0.1408 0.1549 
         103  1 0.1440 0.1463 0.1352 0.1471 0.1391 0.1429 0.1454 
         104  1 0.1389 0.1452 0.1351 0.1452 0.1414 0.1498 0.1443 
         105  1 0.1431 0.1362 0.1478 0.1357 0.1465 0.1546 0.1362 
         106  1 0.1384 0.1392 0.1438 0.1387 0.1512 0.1495 0.1392 
         107  1 0.1450 0.1337 0.1477 0.1347 0.1540 0.1512 0.1337 
         108  1 0.1272 0.1587 0.1288 0.1585 0.1315 0.1366 0.1587 
         109  1 0.1344 0.1546 0.1323 0.1549 0.1332 0.1351 0.1555 
         110  1 0.1280 0.1588 0.1287 0.1586 0.1351 0.1328 0.1581 
         111  1 0.1426 0.1464 0.1376 0.1472 0.1363 0.1444 0.1456 
         112  1 0.1470 0.1456 0.1391 0.1450 0.1377 0.1406 0.1450 
         113  1 0.1545 0.1338 0.1449 0.1338 0.1481 0.1506 0.1342 
         114  1 0.1370 0.1486 0.1409 0.1484 0.1391 0.1372 0.1488 
         115  1 0.1477 0.1366 0.1466 0.1382 0.1457 0.1474 0.1378 
         116  1 0.1438 0.1444 0.1418 0.1445 0.1398 0.1407 0.1450 
         117  1 0.1409 0.1373 0.1529 0.1375 0.1495 0.1444 0.1376 
         118  1 0.1391 0.1447 0.1380 0.1435 0.1445 0.1468 0.1436 
         119  1 0.1575 0.1357 0.1480 0.1354 0.1432 0.1449 0.1353 
         120  1 0.1355 0.1457 0.1416 0.1462 0.1401 0.1447 0.1462 
         121  1 0.1537 0.1318 0.1500 0.1320 0.1472 0.1528 0.1325 
         122  1 0.1432 0.1391 0.1478 0.1400 0.1432 0.1467 0.1400 
         123  1 0.1383 0.1500 0.1375 0.1517 0.1370 0.1347 0.1508 
         124  1 0.1403 0.1441 0.1371 0.1442 0.1450 0.1459 0.1434 
         125  1 0.1347 0.1478 0.1427 0.1480 0.1400 0.1390 0.1477 
         126  1 0.1470 0.1439 0.1372 0.1424 0.1426 0.1432 0.1438 
         127  1 0.1436 0.1394 0.1417 0.1404 0.1480 0.1466 0.1404 
         128  1 0.1424 0.1321 0.1492 0.1331 0.1585 0.1514 0.1334 
         129  1 0.1462 0.1452 0.1411 0.1455 0.1366 0.1414 0.1441 
         130  1 0.1389 0.1473 0.1374 0.1470 0.1374 0.1445 0.1475 
         131  1 0.1409 0.1355 0.1462 0.1357 0.1519 0.1531 0.1368 
         132  1 0.1405 0.1332 0.1435 0.1339 0.1486 0.1664 0.1340 
         133  1 0.1395 0.1479 0.1373 0.1476 0.1368 0.1440 0.1469 
         134  1 0.1422 0.1498 0.1334 0.1489 0.1382 0.1383 0.1492 
         135  1 0.1497 0.1287 0.1592 0.1292 0.1525 0.1521 0.1286 
         136  1 0.1344 0.1461 0.1394 0.1462 0.1410 0.1463 0.1466 
         137  1 0.1479 0.1375 0.1552 0.1374 0.1425 0.1422 0.1372 
         138  1 0.1414 0.1349 0.1518 0.1346 0.1509 0.1525 0.1338 
         139  1 0.1376 0.1416 0.1446 0.1410 0.1419 0.1522 0.1412 
         140  1 0.1318 0.1507 0.1378 0.1504 0.1347 0.1443 0.1501 
         141  1 0.1495 0.1390 0.1439 0.1387 0.1450 0.1446 0.1394 
         142  1 0.1475 0.1374 0.1558 0.1381 0.1438 0.1394 0.1380 
         143  1 0.1422 0.1421 0.1428 0.1414 0.1451 0.1450 0.1413 
         144  1 0.1506 0.1357 0.1447 0.1356 0.1489 0.1485 0.1360 
         145  1 0.1456 0.1440 0.1449 0.1445 0.1434 0.1329 0.1446 
         146  1 0.1461 0.1399 0.1429 0.1400 0.1448 0.1456 0.1407 
         147  1 0.1353 0.1460 0.1402 0.1473 0.1433 0.1417 0.1463 
         148  1 0.1382 0.1416 0.1507 0.1421 0.1462 0.1391 0.1421 
         149  1 0.1377 0.1446 0.1360 0.1445 0.1421 0.1510 0.1442 
         150  1 0.1403 0.1429 0.1385 0.1431 0.1467 0.1457 0.1428 
         151  1 0.1370 0.1443 0.1505 0.1449 0.1422 0.1372 0.1439 
         152  1 0.1402 0.1499 0.1379 0.1506 0.1380 0.1331 0.1501 
         153  1 0.1414 0.1420 0.1412 0.1422 0.1508 0.1400 0.1424 
         154  1 0.1389 0.1474 0.1395 0.1472 0.1422 0.1384 0.1465 
         155  1 0.1463 0.1322 0.1507 0.1323 0.1524 0.1538 0.1323 
         156  1 0.1409 0.1443 0.1464 0.1443 0.1441 0.1361 0.1439 
         157  1 0.1426 0.1373 0.1511 0.1374 0.1525 0.1418 0.1373 
         158  1 0.1407 0.1492 0.1319 0.1491 0.1377 0.1426 0.1488 
         159  1 0.1448 0.1468 0.1366 0.1462 0.1357 0.1440 0.1460 
         160  1 0.1374 0.1596 0.1279 0.1589 0.1271 0.1302 0.1589 
         161  1 0.1468 0.1358 0.1481 0.1362 0.1476 0.1492 0.1362 
         162  1 0.1486 0.1344 0.1512 0.1346 0.1529 0.1440 0.1343 
         163  1 0.1452 0.1407 0.1394 0.1405 0.1459 0.1471 0.1412 
         164  1 0.1469 0.1369 0.1433 0.1374 0.1454 0.1535 0.1365 
         165  1 0.1377 0.1465 0.1455 0.1468 0.1432 0.1343 0.1460 
         166  1 0.1421 0.1392 0.1424 0.1391 0.1459 0.1526 0.1387 
         167  1 0.1491 0.1365 0.1434 0.1349 0.1476 0.1523 0.1362 
         168  1 0.1387 0.1369 0.1473 0.1379 0.1504 0.1511 0.1377 
         169  1 0.1471 0.1321 0.1552 0.1320 0.1498 0.1517 0.1321 
         170  1 0.1295 0.1498 0.1390 0.1499 0.1400 0.1427 0.1492 
         171  1 0.1347 0.1474 0.1420 0.1472 0.1412 0.1412 0.1464 
         172  1 0.1384 0.1545 0.1303 0.1539 0.1319 0.1374 0.1536 
         173  1 0.1473 0.1387 0.1526 0.1377 0.1423 0.1423 0.1391 
         174  1 0.1420 0.1422 0.1473 0.1419 0.1435 0.1412 0.1419 
         175  1 0.1470 0.1409 0.1424 0.1396 0.1446 0.1456 0.1400 
         176  1 0.1403 0.1516 0.1373 0.1527 0.1327 0.1330 0.1525 
         177  1 0.1521 0.1275 0.1522 0.1273 0.1541 0.1594 0.1273 
         178  1 0.1391 0.1432 0.1467 0.1436 0.1432 0.1407 0.1436 
         179  1 0.1409 0.1448 0.1387 0.1450 0.1453 0.1399 0.1455 
         180  1 0.1426 0.1444 0.1387 0.1447 0.1412 0.1434 0.1450 
         181  1 0.1471 0.1293 0.1572 0.1288 0.1582 0.1505 0.1290 
         182  1 0.1461 0.1384 0.1416 0.1388 0.1528 0.1439 0.1385 
         183  1 0.1357 0.1459 0.1406 0.1470 0.1418 0.1428 0.1462 
         184  1 0.1445 0.1379 0.1492 0.1385 0.1462 0.1450 0.1388 
         185  1 0.1319 0.1595 0.1274 0.1587 0.1309 0.1328 0.1587 
         186  1 0.1483 0.1316 0.1517 0.1315 0.1543 0.1509 0.1318 
         187  1 0.1393 0.1442 0.1394 0.1445 0.1428 0.1457 0.1441 
         188  1 0.1457 0.1469 0.1387 0.1464 0.1367 0.1397 0.1460 
         189  1 0.1404 0.1483 0.1394 0.1487 0.1337 0.1411 0.1485 
         190  1 0.1364 0.1550 0.1375 0.1540 0.1329 0.1303 0.1538 
         191  1 0.1320 0.1555 0.1341 0.1541 0.1315 0.1383 0.1544 
         192  1 0.1520 0.1370 0.1448 0.1370 0.1460 0.1463 0.1369 
         193  1 0.1455 0.1355 0.1527 0.1355 0.1508 0.1454 0.1346 
         194  1 0.1425 0.1496 0.1332 0.1494 0.1368 0.1395 0.1490 
         195  1 0.1512 0.1396 0.1442 0.1400 0.1440 0.1411 0.1400 
         196  1 0.1422 0.1530 0.1323 0.1523 0.1329 0.1355 0.1519 
         197  1 0.1495 0.1435 0.1370 0.1444 0.1418 0.1396 0.1441 
         198  1 0.1347 0.1446 0.1438 0.1451 0.1409 0.1460 0.1449 
         199  1 0.1405 0.1458 0.1365 0.1457 0.1405 0.1448 0.1462 
         200  1 0.1401 0.1430 0.1460 0.1439 0.1409 0.1432 0.1429 
         201  1 0.1517 0.1244 0.1551 0.1250 0.1608 0.1582 0.1248 
         202  1 0.1501 0.1362 0.1426 0.1362 0.1500 0.1482 0.1368 
         203  1 0.1394 0.1545 0.1303 0.1531 0.1333 0.1373 0.1521 
         204  1 0.1369 0.1497 0.1381 0.1506 0.1365 0.1370 0.1513 
         205  1 0.1438 0.1479 0.1379 0.1485 0.1366 0.1375 0.1476 
         206  1 0.1414 0.1444 0.1414 0.1448 0.1418 0.1412 0.1451 
         207  1 0.1438 0.1413 0.1378 0.1413 0.1435 0.1510 0.1413 
         208  1 0.1104 0.1918 0.1079 0.1901 0.1074 0.1070 0.1854 
         209  1 0.1458 0.1364 0.1453 0.1345 0.1514 0.1502 0.1364 
         210  1 0.1630 0.1273 0.1486 0.1275 0.1536 0.1519 0.1281 
         211  1 0.1453 0.1454 0.1362 0.1458 0.1408 0.1409 0.1456 
         212  1 0.1564 0.1328 0.1449 0.1327 0.1506 0.1497 0.1329 
         213  1 0.1352 0.1509 0.1381 0.1504 0.1396 0.1364 0.1495 
         214  1 0.1425 0.1451 0.1391 0.1443 0.1384 0.1462 0.1444 
         215  1 0.1399 0.1424 0.1462 0.1422 0.1452 0.1420 0.1420 
         216  1 0.1390 0.1416 0.1424 0.1418 0.1440 0.1496 0.1416 
         217  1 0.1397 0.1388 0.1506 0.1381 0.1444 0.1499 0.1386 
         218  1 0.1465 0.1301 0.1615 0.1297 0.1541 0.1481 0.1301 
         219  1 0.1552 0.1296 0.1546 0.1294 0.1526 0.1491 0.1294 
         220  1 0.1410 0.1429 0.1441 0.1436 0.1433 0.1423 0.1428 
         221  1 0.1405 0.1437 0.1495 0.1432 0.1429 0.1361 0.1441 
         222  1 0.1441 0.1415 0.1445 0.1410 0.1431 0.1447 0.1411 
         223  1 0.1356 0.1579 0.1323 0.1589 0.1271 0.1299 0.1583 
         224  1 0.1396 0.1541 0.1330 0.1546 0.1309 0.1327 0.1550 
         225  1 0.1483 0.1363 0.1429 0.1364 0.1493 0.1504 0.1364 
         226  1 0.1391 0.1481 0.1416 0.1479 0.1371 0.1386 0.1477 
         227  1 0.1407 0.1414 0.1452 0.1420 0.1486 0.1402 0.1419 
         228  1 0.1441 0.1388 0.1478 0.1385 0.1461 0.1463 0.1383 
         229  1 0.1412 0.1385 0.1449 0.1381 0.1491 0.1499 0.1384 
         230  1 0.1637 0.1266 0.1555 0.1268 0.1501 0.1506 0.1266 
         231  1 0.1428 0.1408 0.1462 0.1410 0.1449 0.1427 0.1416 
         232  1 0.1484 0.1375 0.1504 0.1370 0.1448 0.1458 0.1360 
         233  1 0.1572 0.1267 0.1577 0.1270 0.1566 0.1484 0.1264 
         234  1 0.1357 0.1562 0.1370 0.1568 0.1307 0.1293 0.1542 
         235  1 0.1457 0.1388 0.1457 0.1384 0.1481 0.1444 0.1389 
         236  1 0.1459 0.1464 0.1420 0.1466 0.1391 0.1342 0.1459 
         237  1 0.1359 0.1433 0.1438 0.1430 0.1411 0.1493 0.1436 
         238  1 0.1532 0.1319 0.1461 0.1327 0.1519 0.1519 0.1324 
         239  1 0.1386 0.1480 0.1448 0.1480 0.1380 0.1348 0.1479 
         240  1 0.1390 0.1455 0.1424 0.1459 0.1388 0.1429 0.1456 
         241  1 0.1455 0.1351 0.1452 0.1351 0.1518 0.1523 0.1351 
         242  1 0.1361 0.1395 0.1452 0.1388 0.1468 0.1546 0.1390 
         243  1 0.1516 0.1242 0.1615 0.1249 0.1561 0.1568 0.1249 
         244  1 0.1451 0.1424 0.1418 0.1426 0.1408 0.1446 0.1427 
         245  1 0.1454 0.1434 0.1327 0.1439 0.1424 0.1486 0.1435 
         246  1 0.1493 0.1351 0.1575 0.1344 0.1508 0.1382 0.1347 
         247  1 0.1363 0.1475 0.1394 0.1470 0.1440 0.1392 0.1466 
         248  1 0.1374 0.1546 0.1347 0.1541 0.1332 0.1316 0.1543 
         249  1 0.1497 0.1436 0.1409 0.1436 0.1388 0.1413 0.1423 
         250  1 0.1522 0.1260 0.1589 0.1261 0.1586 0.1514 0.1267 
         251  1 0.1399 0.1456 0.1409 0.1455 0.1405 0.1430 0.1445 
         252  1 0.1433 0.1361 0.1496 0.1360 0.1463 0.1517 0.1370 
         253  1 0.1559 0.1268 0.1575 0.1273 0.1581 0.1469 0.1275 
         254  1 0.1271 0.1576 0.1321 0.1586 0.1324 0.1335 0.1587 
         255  1 0.1485 0.1407 0.1397 0.1406 0.1441 0.1450 0.1414 
         256  1 0.1376 0.1527 0.1373 0.1509 0.1345 0.1357 0.1513 
         257  1 0.1329 0.1479 0.1380 0.1471 0.1429 0.1438 0.1473 
         258  1 0.1508 0.1411 0.1415 0.1402 0.1420 0.1440 0.1405 
         259  1 0.1470 0.1418 0.1448 0.1412 0.1424 0.1419 0.1408 
         260  1 0.1521 0.1332 0.1430 0.1332 0.1529 0.1520 0.1336 
         261  1 0.1447 0.1397 0.1396 0.1409 0.1466 0.1484 0.1402 
         262  1 0.1312 0.1609 0.1310 0.1612 0.1271 0.1279 0.1608 
         263  1 0.1603 0.1251 0.1608 0.1253 0.1544 0.1494 0.1247 
         264  1 0.1473 0.1394 0.1443 0.1401 0.1478 0.1414 0.1398 
         265  1 0.1432 0.1420 0.1409 0.1426 0.1410 0.1476 0.1428 
         266  1 0.1309 0.1538 0.1401 0.1532 0.1348 0.1342 0.1530 
         267  1 0.1528 0.1316 0.1491 0.1313 0.1513 0.1523 0.1316 
         268  1 0.1478 0.1394 0.1495 0.1398 0.1433 0.1409 0.1392 
         269  1 0.1368 0.1546 0.1347 0.1546 0.1324 0.1312 0.1557 
         270  1 0.1490 0.1294 0.1642 0.1299 0.1536 0.1445 0.1293 
         271  1 0.1372 0.1432 0.1428 0.1432 0.1487 0.1416 0.1433 
         272  1 0.1425 0.1433 0.1479 0.1432 0.1409 0.1387 0.1436 
         273  1 0.1427 0.1464 0.1388 0.1465 0.1401 0.1378 0.1476 
         274  1 0.1512 0.1356 0.1441 0.1354 0.1510 0.1464 0.1364 
         275  1 0.1428 0.1388 0.1449 0.1383 0.1471 0.1491 0.1391 
         276  1 0.1490 0.1375 0.1528 0.1371 0.1478 0.1388 0.1370 
         277  1 0.1401 0.1432 0.1386 0.1435 0.1421 0.1496 0.1431 
         278  1 0.1482 0.1387 0.1397 0.1394 0.1475 0.1474 0.1391 
         279  1 0.1606 0.1251 0.1557 0.1250 0.1572 0.1512 0.1253 
         280  1 0.1419 0.1407 0.1382 0.1416 0.1445 0.1522 0.1409 
         281  1 0.1342 0.1568 0.1281 0.1568 0.1333 0.1345 0.1562 
         282  1 0.1372 0.1543 0.1294 0.1547 0.1352 0.1344 0.1548 
         283  1 0.1356 0.1520 0.1429 0.1512 0.1363 0.1319 0.1501 
         284  1 0.1442 0.1432 0.1455 0.1427 0.1426 0.1391 0.1426 
         285  1 0.1508 0.1326 0.1594 0.1328 0.1509 0.1402 0.1333 
         286  1 0.1260 0.1725 0.1221 0.1713 0.1185 0.1191 0.1706 
         287  1 0.1366 0.1529 0.1401 0.1537 0.1338 0.1302 0.1528 
         288  1 0.1403 0.1437 0.1422 0.1442 0.1420 0.1436 0.1440 
         289  1 0.1522 0.1422 0.1384 0.1418 0.1419 0.1423 0.1412 
         290  1 0.1431 0.1409 0.1399 0.1413 0.1459 0.1472 0.1417 
         291  1 0.1504 0.1333 0.1480 0.1332 0.1549 0.1467 0.1334 
         292  1 0.1377 0.1549 0.1307 0.1553 0.1339 0.1327 0.1548 
         293  1 0.1475 0.1379 0.1466 0.1383 0.1483 0.1435 0.1381 
         294  1 0.1511 0.1345 0.1505 0.1352 0.1529 0.1414 0.1344 
         295  1 0.1315 0.1591 0.1295 0.1587 0.1305 0.1327 0.1581 
         296  1 0.1622 0.1277 0.1524 0.1268 0.1517 0.1519 0.1273 
         297  1 0.1556 0.1276 0.1521 0.1270 0.1591 0.1510 0.1275 
         298  1 0.1445 0.1435 0.1439 0.1438 0.1425 0.1395 0.1422 
         299  1 0.1498 0.1433 0.1419 0.1432 0.1416 0.1376 0.1427 
         300  1 0.1567 0.1363 0.1411 0.1359 0.1471 0.1465 0.1365 
         301  1 0.1390 0.1498 0.1349 0.1502 0.1398 0.1366 0.1498 
         302  1 0.1459 0.1342 0.1524 0.1345 0.1520 0.1468 0.1342 
         303  1 0.1550 0.1282 0.1549 0.1285 0.1549 0.1501 0.1285 
