           1  1 0.1304 0.1297 0.1189 0.1192 0.1274 0.1293 0.1194 0.1257 
           2  1 0.1202 0.1161 0.1350 0.1344 0.1201 0.1204 0.1344 0.1195 
           3  1 0.1284 0.1282 0.1219 0.1218 0.1259 0.1239 0.1218 0.1282 
           4  1 0.1230 0.1262 0.1252 0.1259 0.1265 0.1201 0.1249 0.1282 
           5  1 0.1140 0.1175 0.1383 0.1377 0.1140 0.1171 0.1380 0.1233 
           6  1 0.1265 0.1306 0.1220 0.1222 0.1233 0.1257 0.1223 0.1275 
           7  1 0.1300 0.1282 0.1154 0.1158 0.1302 0.1324 0.1156 0.1324 
           8  1 0.1241 0.1310 0.1215 0.1213 0.1265 0.1268 0.1207 0.1281 
           9  1 0.1245 0.1257 0.1261 0.1248 0.1271 0.1253 0.1250 0.1215 
          10  1 0.1226 0.1259 0.1281 0.1276 0.1239 0.1223 0.1284 0.1211 
          11  1 0.1131 0.1121 0.1445 0.1419 0.1120 0.1161 0.1439 0.1163 
          12  1 0.1261 0.1277 0.1254 0.1244 0.1240 0.1253 0.1253 0.1218 
          13  1 0.1168 0.1168 0.1355 0.1339 0.1217 0.1199 0.1352 0.1202 
          14  1 0.1257 0.1231 0.1241 0.1237 0.1258 0.1250 0.1241 0.1285 
          15  1 0.1301 0.1308 0.1185 0.1184 0.1223 0.1323 0.1177 0.1299 
          16  1 0.1209 0.1213 0.1313 0.1282 0.1243 0.1249 0.1288 0.1202 
          17  1 0.1302 0.1316 0.1197 0.1198 0.1266 0.1285 0.1196 0.1240 
          18  1 0.1215 0.1316 0.1240 0.1251 0.1232 0.1224 0.1244 0.1277 
          19  1 0.1128 0.1175 0.1421 0.1413 0.1163 0.1136 0.1425 0.1138 
          20  1 0.1345 0.1270 0.1086 0.1088 0.1379 0.1402 0.1082 0.1347 
          21  1 0.1266 0.1277 0.1195 0.1196 0.1291 0.1267 0.1195 0.1314 
          22  1 0.1239 0.1251 0.1275 0.1276 0.1241 0.1219 0.1269 0.1230 
          23  1 0.1212 0.1186 0.1326 0.1316 0.1162 0.1220 0.1327 0.1252 
          24  1 0.1288 0.1212 0.1217 0.1215 0.1313 0.1298 0.1218 0.1238 
          25  1 0.1282 0.1336 0.1190 0.1190 0.1249 0.1248 0.1191 0.1313 
          26  1 0.1233 0.1240 0.1270 0.1268 0.1256 0.1232 0.1275 0.1226 
          27  1 0.1249 0.1230 0.1268 0.1262 0.1281 0.1222 0.1276 0.1213 
          28  1 0.1170 0.1170 0.1407 0.1398 0.1160 0.1147 0.1393 0.1155 
          29  1 0.1187 0.1191 0.1365 0.1368 0.1178 0.1181 0.1366 0.1164 
          30  1 0.1285 0.1337 0.1187 0.1186 0.1271 0.1270 0.1191 0.1273 
          31  1 0.1308 0.1253 0.1198 0.1192 0.1263 0.1276 0.1194 0.1316 
          32  1 0.1103 0.1178 0.1463 0.1442 0.1105 0.1114 0.1449 0.1148 
          33  1 0.1263 0.1289 0.1239 0.1241 0.1249 0.1258 0.1236 0.1225 
          34  1 0.1245 0.1181 0.1281 0.1285 0.1238 0.1231 0.1280 0.1259 
          35  1 0.1292 0.1334 0.1168 0.1173 0.1315 0.1282 0.1167 0.1268 
          36  1 0.1264 0.1243 0.1240 0.1242 0.1256 0.1297 0.1243 0.1215 
          37  1 0.1221 0.1235 0.1261 0.1270 0.1283 0.1237 0.1261 0.1233 
          38  1 0.1150 0.1228 0.1392 0.1388 0.1178 0.1137 0.1388 0.1139 
          39  1 0.1331 0.1331 0.1150 0.1155 0.1292 0.1316 0.1149 0.1277 
          40  1 0.1297 0.1301 0.1211 0.1218 0.1274 0.1253 0.1209 0.1236 
          41  1 0.1265 0.1210 0.1259 0.1250 0.1233 0.1276 0.1259 0.1249 
          42  1 0.1335 0.1316 0.1127 0.1127 0.1295 0.1318 0.1126 0.1356 
          43  1 0.1189 0.1207 0.1326 0.1314 0.1228 0.1217 0.1320 0.1200 
          44  1 0.1259 0.1244 0.1215 0.1211 0.1319 0.1281 0.1216 0.1257 
          45  1 0.1296 0.1276 0.1202 0.1203 0.1282 0.1309 0.1206 0.1225 
          46  1 0.1311 0.1237 0.1202 0.1197 0.1296 0.1279 0.1201 0.1276 
          47  1 0.1252 0.1205 0.1257 0.1263 0.1245 0.1260 0.1257 0.1262 
          48  1 0.1235 0.1292 0.1255 0.1255 0.1274 0.1219 0.1258 0.1210 
          49  1 0.1201 0.1319 0.1290 0.1279 0.1230 0.1196 0.1287 0.1197 
          50  1 0.1194 0.1205 0.1318 0.1319 0.1222 0.1194 0.1319 0.1229 
          51  1 0.1246 0.1305 0.1246 0.1255 0.1248 0.1246 0.1246 0.1208 
          52  1 0.1230 0.1331 0.1239 0.1247 0.1243 0.1240 0.1234 0.1236 
          53  1 0.1187 0.1221 0.1352 0.1354 0.1192 0.1171 0.1353 0.1171 
          54  1 0.1262 0.1214 0.1227 0.1237 0.1253 0.1274 0.1234 0.1299 
          55  1 0.1300 0.1237 0.1192 0.1182 0.1333 0.1325 0.1184 0.1247 
          56  1 0.1163 0.1211 0.1349 0.1350 0.1197 0.1147 0.1354 0.1228 
          57  1 0.1244 0.1189 0.1275 0.1258 0.1225 0.1277 0.1270 0.1261 
          58  1 0.1226 0.1230 0.1257 0.1258 0.1261 0.1245 0.1263 0.1261 
          59  1 0.1277 0.1296 0.1175 0.1175 0.1325 0.1302 0.1177 0.1273 
          60  1 0.1261 0.1225 0.1225 0.1222 0.1292 0.1293 0.1226 0.1256 
          61  1 0.1266 0.1272 0.1223 0.1225 0.1269 0.1256 0.1219 0.1270 
          62  1 0.1211 0.1280 0.1292 0.1297 0.1212 0.1200 0.1290 0.1218 
          63  1 0.1231 0.1296 0.1229 0.1225 0.1255 0.1262 0.1224 0.1277 
          64  1 0.1312 0.1320 0.1173 0.1179 0.1305 0.1268 0.1172 0.1272 
          65  1 0.1211 0.1224 0.1309 0.1289 0.1199 0.1200 0.1301 0.1267 
          66  1 0.1246 0.1260 0.1270 0.1279 0.1227 0.1216 0.1281 0.1219 
          67  1 0.1292 0.1214 0.1233 0.1226 0.1230 0.1267 0.1233 0.1305 
          68  1 0.1298 0.1316 0.1121 0.1123 0.1261 0.1342 0.1125 0.1413 
          69  1 0.1290 0.1289 0.1213 0.1214 0.1280 0.1241 0.1216 0.1257 
          70  1 0.1336 0.1270 0.1186 0.1190 0.1290 0.1274 0.1190 0.1264 
          71  1 0.1306 0.1284 0.1215 0.1224 0.1275 0.1236 0.1221 0.1238 
          72  1 0.1309 0.1254 0.1159 0.1169 0.1330 0.1325 0.1160 0.1294 
          73  1 0.1241 0.1240 0.1275 0.1270 0.1225 0.1219 0.1273 0.1256 
          74  1 0.1227 0.1270 0.1231 0.1232 0.1251 0.1238 0.1236 0.1315 
          75  1 0.1306 0.1238 0.1171 0.1168 0.1325 0.1311 0.1170 0.1312 
          76  1 0.1245 0.1262 0.1230 0.1225 0.1236 0.1272 0.1230 0.1300 
          77  1 0.1249 0.1231 0.1239 0.1242 0.1232 0.1279 0.1239 0.1288 
          78  1 0.1192 0.1174 0.1336 0.1330 0.1187 0.1239 0.1330 0.1211 
          79  1 0.1263 0.1210 0.1247 0.1243 0.1261 0.1282 0.1248 0.1246 
          80  1 0.1325 0.1208 0.1161 0.1164 0.1290 0.1349 0.1163 0.1340 
          81  1 0.1224 0.1230 0.1316 0.1315 0.1186 0.1210 0.1316 0.1202 
          82  1 0.1241 0.1167 0.1304 0.1298 0.1211 0.1245 0.1294 0.1240 
          83  1 0.1317 0.1272 0.1129 0.1132 0.1337 0.1351 0.1134 0.1329 
          84  1 0.1242 0.1275 0.1240 0.1242 0.1246 0.1263 0.1240 0.1253 
          85  1 0.1293 0.1261 0.1168 0.1172 0.1300 0.1327 0.1170 0.1309 
          86  1 0.1313 0.1304 0.1166 0.1174 0.1311 0.1275 0.1168 0.1290 
          87  1 0.1334 0.1247 0.1209 0.1207 0.1274 0.1280 0.1201 0.1248 
          88  1 0.1273 0.1238 0.1224 0.1226 0.1196 0.1283 0.1224 0.1335 
          89  1 0.1210 0.1231 0.1317 0.1309 0.1211 0.1224 0.1312 0.1186 
          90  1 0.1261 0.1300 0.1230 0.1225 0.1287 0.1224 0.1223 0.1250 
          91  1 0.1205 0.1254 0.1323 0.1316 0.1207 0.1184 0.1324 0.1186 
          92  1 0.1219 0.1221 0.1285 0.1282 0.1211 0.1235 0.1288 0.1260 
          93  1 0.1183 0.1266 0.1324 0.1327 0.1210 0.1177 0.1330 0.1182 
          94  1 0.1288 0.1277 0.1156 0.1153 0.1307 0.1344 0.1154 0.1320 
          95  1 0.1287 0.1268 0.1210 0.1216 0.1271 0.1278 0.1215 0.1256 
          96  1 0.1262 0.1234 0.1212 0.1208 0.1294 0.1312 0.1215 0.1263 
          97  1 0.1264 0.1250 0.1235 0.1243 0.1240 0.1274 0.1240 0.1254 
          98  1 0.1280 0.1226 0.1231 0.1240 0.1260 0.1263 0.1232 0.1267 
          99  1 0.1251 0.1287 0.1220 0.1217 0.1303 0.1230 0.1216 0.1276 
         100  1 0.1205 0.1274 0.1299 0.1276 0.1216 0.1193 0.1296 0.1241 
         101  1 0.1300 0.1275 0.1143 0.1138 0.1339 0.1329 0.1145 0.1330 
         102  1 0.1225 0.1175 0.1342 0.1341 0.1192 0.1237 0.1342 0.1146 
         103  1 0.1248 0.1164 0.1305 0.1290 0.1226 0.1264 0.1303 0.1201 
         104  1 0.1238 0.1180 0.1283 0.1276 0.1266 0.1264 0.1280 0.1213 
         105  1 0.1283 0.1301 0.1196 0.1197 0.1292 0.1271 0.1197 0.1263 
         106  1 0.1253 0.1315 0.1218 0.1222 0.1296 0.1251 0.1216 0.1230 
         107  1 0.1302 0.1359 0.1161 0.1165 0.1315 0.1290 0.1161 0.1247 
         108  1 0.1188 0.1241 0.1341 0.1347 0.1178 0.1185 0.1345 0.1175 
         109  1 0.1222 0.1241 0.1330 0.1328 0.1185 0.1168 0.1329 0.1197 
         110  1 0.1168 0.1191 0.1366 0.1374 0.1192 0.1155 0.1377 0.1176 
         111  1 0.1239 0.1179 0.1293 0.1279 0.1241 0.1254 0.1291 0.1225 
         112  1 0.1253 0.1196 0.1261 0.1264 0.1242 0.1246 0.1260 0.1279 
         113  1 0.1291 0.1237 0.1192 0.1198 0.1283 0.1320 0.1197 0.1282 
         114  1 0.1209 0.1252 0.1292 0.1292 0.1212 0.1210 0.1288 0.1247 
         115  1 0.1295 0.1350 0.1171 0.1182 0.1262 0.1298 0.1175 0.1267 
         116  1 0.1231 0.1232 0.1249 0.1255 0.1260 0.1254 0.1249 0.1268 
         117  1 0.1273 0.1287 0.1215 0.1218 0.1296 0.1273 0.1214 0.1225 
         118  1 0.1231 0.1317 0.1243 0.1239 0.1282 0.1213 0.1236 0.1239 
         119  1 0.1258 0.1239 0.1221 0.1214 0.1283 0.1277 0.1222 0.1287 
         120  1 0.1244 0.1291 0.1248 0.1244 0.1263 0.1238 0.1247 0.1225 
         121  1 0.1313 0.1251 0.1156 0.1162 0.1267 0.1348 0.1159 0.1345 
         122  1 0.1248 0.1291 0.1219 0.1227 0.1279 0.1247 0.1212 0.1278 
         123  1 0.1212 0.1220 0.1319 0.1308 0.1185 0.1208 0.1316 0.1232 
         124  1 0.1238 0.1229 0.1265 0.1262 0.1266 0.1225 0.1265 0.1249 
         125  1 0.1230 0.1249 0.1274 0.1268 0.1189 0.1215 0.1278 0.1297 
         126  1 0.1262 0.1198 0.1252 0.1254 0.1245 0.1275 0.1248 0.1265 
         127  1 0.1276 0.1285 0.1213 0.1212 0.1322 0.1236 0.1212 0.1244 
         128  1 0.1274 0.1355 0.1170 0.1167 0.1337 0.1278 0.1168 0.1251 
         129  1 0.1251 0.1200 0.1277 0.1271 0.1203 0.1253 0.1278 0.1267 
         130  1 0.1236 0.1187 0.1278 0.1277 0.1279 0.1228 0.1279 0.1235 
         131  1 0.1262 0.1265 0.1211 0.1216 0.1296 0.1272 0.1213 0.1266 
         132  1 0.1316 0.1283 0.1171 0.1175 0.1312 0.1338 0.1168 0.1236 
         133  1 0.1236 0.1227 0.1290 0.1290 0.1254 0.1205 0.1288 0.1209 
         134  1 0.1214 0.1159 0.1310 0.1312 0.1223 0.1213 0.1308 0.1260 
         135  1 0.1321 0.1307 0.1130 0.1134 0.1291 0.1327 0.1138 0.1352 
         136  1 0.1274 0.1250 0.1257 0.1259 0.1255 0.1233 0.1253 0.1219 
         137  1 0.1257 0.1327 0.1185 0.1196 0.1246 0.1258 0.1189 0.1341 
         138  1 0.1253 0.1294 0.1184 0.1190 0.1336 0.1252 0.1186 0.1303 
         139  1 0.1255 0.1230 0.1246 0.1235 0.1273 0.1254 0.1241 0.1264 
         140  1 0.1238 0.1209 0.1308 0.1295 0.1182 0.1232 0.1305 0.1232 
         141  1 0.1263 0.1295 0.1208 0.1211 0.1263 0.1289 0.1210 0.1262 
         142  1 0.1262 0.1307 0.1214 0.1210 0.1240 0.1283 0.1213 0.1271 
         143  1 0.1261 0.1271 0.1224 0.1230 0.1272 0.1261 0.1224 0.1257 
         144  1 0.1257 0.1252 0.1208 0.1210 0.1252 0.1323 0.1211 0.1286 
         145  1 0.1232 0.1310 0.1252 0.1257 0.1222 0.1245 0.1254 0.1228 
         146  1 0.1243 0.1223 0.1242 0.1250 0.1252 0.1306 0.1240 0.1243 
         147  1 0.1230 0.1246 0.1282 0.1291 0.1245 0.1220 0.1279 0.1208 
         148  1 0.1254 0.1295 0.1236 0.1238 0.1270 0.1207 0.1236 0.1264 
         149  1 0.1253 0.1257 0.1273 0.1276 0.1255 0.1218 0.1285 0.1184 
         150  1 0.1235 0.1293 0.1241 0.1242 0.1288 0.1237 0.1240 0.1224 
         151  1 0.1236 0.1266 0.1262 0.1264 0.1235 0.1230 0.1260 0.1246 
         152  1 0.1213 0.1229 0.1312 0.1322 0.1199 0.1204 0.1310 0.1212 
         153  1 0.1231 0.1278 0.1230 0.1234 0.1279 0.1219 0.1238 0.1293 
         154  1 0.1229 0.1213 0.1294 0.1296 0.1230 0.1228 0.1292 0.1216 
         155  1 0.1289 0.1310 0.1164 0.1164 0.1314 0.1301 0.1162 0.1296 
         156  1 0.1220 0.1261 0.1263 0.1269 0.1241 0.1228 0.1265 0.1252 
         157  1 0.1264 0.1272 0.1216 0.1213 0.1297 0.1263 0.1214 0.1261 
         158  1 0.1229 0.1201 0.1290 0.1292 0.1213 0.1269 0.1285 0.1222 
         159  1 0.1237 0.1144 0.1295 0.1279 0.1199 0.1292 0.1296 0.1259 
         160  1 0.1171 0.1125 0.1411 0.1411 0.1136 0.1164 0.1418 0.1164 
         161  1 0.1263 0.1277 0.1196 0.1210 0.1272 0.1293 0.1201 0.1287 
         162  1 0.1272 0.1328 0.1194 0.1189 0.1260 0.1272 0.1200 0.1285 
         163  1 0.1261 0.1205 0.1231 0.1241 0.1284 0.1287 0.1231 0.1260 
         164  1 0.1296 0.1221 0.1182 0.1197 0.1276 0.1352 0.1193 0.1283 
         165  1 0.1196 0.1285 0.1306 0.1300 0.1224 0.1180 0.1302 0.1207 
         166  1 0.1272 0.1219 0.1228 0.1224 0.1279 0.1281 0.1231 0.1266 
         167  1 0.1273 0.1255 0.1203 0.1206 0.1304 0.1297 0.1208 0.1255 
         168  1 0.1311 0.1263 0.1192 0.1191 0.1296 0.1276 0.1195 0.1276 
         169  1 0.1248 0.1282 0.1166 0.1169 0.1321 0.1278 0.1164 0.1372 
         170  1 0.1218 0.1227 0.1321 0.1319 0.1237 0.1186 0.1314 0.1179 
         171  1 0.1237 0.1239 0.1306 0.1278 0.1233 0.1231 0.1300 0.1176 
         172  1 0.1209 0.1227 0.1310 0.1314 0.1180 0.1236 0.1308 0.1216 
         173  1 0.1259 0.1247 0.1232 0.1234 0.1231 0.1258 0.1226 0.1313 
         174  1 0.1227 0.1291 0.1260 0.1256 0.1198 0.1214 0.1249 0.1305 
         175  1 0.1270 0.1231 0.1233 0.1235 0.1278 0.1278 0.1233 0.1241 
         176  1 0.1197 0.1236 0.1312 0.1313 0.1197 0.1188 0.1314 0.1243 
         177  1 0.1345 0.1333 0.1124 0.1124 0.1325 0.1324 0.1121 0.1303 
         178  1 0.1251 0.1283 0.1237 0.1234 0.1282 0.1254 0.1234 0.1227 
         179  1 0.1210 0.1232 0.1276 0.1283 0.1238 0.1224 0.1274 0.1263 
         180  1 0.1286 0.1196 0.1251 0.1251 0.1258 0.1278 0.1250 0.1230 
         181  1 0.1310 0.1348 0.1118 0.1122 0.1341 0.1321 0.1122 0.1318 
         182  1 0.1246 0.1314 0.1221 0.1223 0.1269 0.1235 0.1222 0.1270 
         183  1 0.1250 0.1275 0.1261 0.1253 0.1287 0.1201 0.1254 0.1220 
         184  1 0.1281 0.1290 0.1208 0.1204 0.1250 0.1283 0.1209 0.1275 
         185  1 0.1173 0.1203 0.1376 0.1357 0.1161 0.1173 0.1369 0.1188 
         186  1 0.1298 0.1286 0.1156 0.1157 0.1337 0.1296 0.1155 0.1314 
         187  1 0.1249 0.1252 0.1253 0.1241 0.1281 0.1253 0.1252 0.1219 
         188  1 0.1236 0.1212 0.1298 0.1292 0.1217 0.1214 0.1294 0.1236 
         189  1 0.1232 0.1243 0.1292 0.1291 0.1207 0.1231 0.1293 0.1210 
         190  1 0.1182 0.1180 0.1353 0.1343 0.1191 0.1199 0.1347 0.1205 
         191  1 0.1185 0.1219 0.1348 0.1342 0.1173 0.1173 0.1343 0.1216 
         192  1 0.1304 0.1234 0.1197 0.1204 0.1252 0.1325 0.1203 0.1282 
         193  1 0.1277 0.1311 0.1192 0.1193 0.1294 0.1273 0.1196 0.1263 
         194  1 0.1231 0.1183 0.1315 0.1300 0.1237 0.1230 0.1309 0.1196 
         195  1 0.1277 0.1176 0.1216 0.1229 0.1277 0.1305 0.1215 0.1306 
         196  1 0.1192 0.1242 0.1349 0.1330 0.1195 0.1166 0.1347 0.1179 
         197  1 0.1250 0.1182 0.1265 0.1267 0.1218 0.1260 0.1269 0.1288 
         198  1 0.1254 0.1240 0.1275 0.1265 0.1229 0.1229 0.1276 0.1233 
         199  1 0.1282 0.1245 0.1248 0.1256 0.1259 0.1239 0.1254 0.1217 
         200  1 0.1248 0.1259 0.1247 0.1254 0.1227 0.1259 0.1244 0.1262 
         201  1 0.1360 0.1326 0.1095 0.1093 0.1412 0.1340 0.1093 0.1283 
         202  1 0.1308 0.1226 0.1189 0.1190 0.1303 0.1307 0.1186 0.1291 
         203  1 0.1230 0.1171 0.1345 0.1319 0.1182 0.1224 0.1340 0.1189 
         204  1 0.1221 0.1248 0.1304 0.1310 0.1216 0.1193 0.1315 0.1191 
         205  1 0.1221 0.1232 0.1295 0.1292 0.1233 0.1227 0.1295 0.1205 
         206  1 0.1267 0.1237 0.1242 0.1246 0.1247 0.1266 0.1248 0.1247 
         207  1 0.1271 0.1191 0.1254 0.1260 0.1265 0.1269 0.1257 0.1232 
         208  1 0.0994 0.1023 0.1696 0.1639 0.0996 0.0976 0.1687 0.0990 
         209  1 0.1289 0.1257 0.1202 0.1196 0.1274 0.1318 0.1194 0.1269 
         210  1 0.1314 0.1248 0.1127 0.1133 0.1355 0.1381 0.1125 0.1317 
         211  1 0.1246 0.1185 0.1292 0.1288 0.1226 0.1234 0.1291 0.1238 
         212  1 0.1307 0.1278 0.1166 0.1166 0.1320 0.1343 0.1157 0.1263 
         213  1 0.1215 0.1207 0.1320 0.1305 0.1245 0.1184 0.1314 0.1211 
         214  1 0.1253 0.1301 0.1245 0.1249 0.1269 0.1230 0.1235 0.1218 
         215  1 0.1242 0.1283 0.1240 0.1246 0.1281 0.1212 0.1248 0.1249 
         216  1 0.1273 0.1236 0.1235 0.1236 0.1266 0.1293 0.1239 0.1222 
         217  1 0.1285 0.1326 0.1200 0.1196 0.1261 0.1282 0.1193 0.1257 
         218  1 0.1333 0.1342 0.1145 0.1152 0.1300 0.1287 0.1149 0.1293 
         219  1 0.1312 0.1337 0.1147 0.1145 0.1281 0.1308 0.1146 0.1323 
         220  1 0.1239 0.1252 0.1271 0.1271 0.1253 0.1232 0.1272 0.1209 
         221  1 0.1257 0.1258 0.1246 0.1248 0.1220 0.1253 0.1247 0.1271 
         222  1 0.1241 0.1260 0.1241 0.1239 0.1246 0.1245 0.1248 0.1280 
         223  1 0.1154 0.1202 0.1391 0.1389 0.1161 0.1162 0.1389 0.1152 
         224  1 0.1203 0.1221 0.1329 0.1327 0.1172 0.1193 0.1333 0.1222 
         225  1 0.1274 0.1228 0.1235 0.1230 0.1285 0.1302 0.1221 0.1225 
         226  1 0.1189 0.1193 0.1305 0.1302 0.1208 0.1198 0.1309 0.1296 
         227  1 0.1244 0.1273 0.1245 0.1244 0.1263 0.1206 0.1246 0.1278 
         228  1 0.1262 0.1250 0.1209 0.1209 0.1259 0.1276 0.1211 0.1323 
         229  1 0.1286 0.1297 0.1194 0.1194 0.1299 0.1269 0.1192 0.1271 
         230  1 0.1280 0.1260 0.1147 0.1152 0.1338 0.1344 0.1144 0.1334 
         231  1 0.1250 0.1255 0.1237 0.1241 0.1265 0.1257 0.1237 0.1258 
         232  1 0.1280 0.1318 0.1215 0.1209 0.1284 0.1256 0.1213 0.1225 
         233  1 0.1298 0.1316 0.1129 0.1133 0.1342 0.1332 0.1126 0.1324 
         234  1 0.1156 0.1190 0.1387 0.1362 0.1153 0.1152 0.1381 0.1219 
         235  1 0.1279 0.1243 0.1232 0.1231 0.1279 0.1261 0.1229 0.1247 
         236  1 0.1231 0.1218 0.1293 0.1286 0.1201 0.1210 0.1291 0.1270 
         237  1 0.1289 0.1278 0.1232 0.1229 0.1251 0.1270 0.1225 0.1227 
         238  1 0.1327 0.1233 0.1186 0.1186 0.1277 0.1333 0.1180 0.1277 
         239  1 0.1238 0.1216 0.1293 0.1288 0.1215 0.1204 0.1289 0.1257 
         240  1 0.1252 0.1274 0.1253 0.1253 0.1228 0.1235 0.1259 0.1245 
         241  1 0.1283 0.1363 0.1179 0.1180 0.1329 0.1247 0.1179 0.1239 
         242  1 0.1290 0.1264 0.1210 0.1217 0.1316 0.1274 0.1211 0.1219 
         243  1 0.1351 0.1296 0.1115 0.1117 0.1322 0.1359 0.1108 0.1332 
         244  1 0.1268 0.1283 0.1223 0.1226 0.1246 0.1276 0.1221 0.1257 
         245  1 0.1254 0.1228 0.1248 0.1244 0.1280 0.1273 0.1253 0.1220 
         246  1 0.1277 0.1392 0.1171 0.1176 0.1267 0.1266 0.1166 0.1285 
         247  1 0.1221 0.1239 0.1287 0.1284 0.1227 0.1228 0.1288 0.1226 
         248  1 0.1179 0.1183 0.1354 0.1348 0.1170 0.1215 0.1351 0.1200 
         249  1 0.1237 0.1242 0.1264 0.1253 0.1251 0.1235 0.1268 0.1248 
         250  1 0.1326 0.1398 0.1118 0.1120 0.1326 0.1319 0.1117 0.1276 
         251  1 0.1256 0.1279 0.1236 0.1252 0.1278 0.1230 0.1244 0.1225 
         252  1 0.1307 0.1278 0.1189 0.1189 0.1277 0.1286 0.1193 0.1281 
         253  1 0.1301 0.1310 0.1135 0.1135 0.1326 0.1327 0.1134 0.1332 
         254  1 0.1180 0.1222 0.1371 0.1369 0.1200 0.1156 0.1370 0.1131 
         255  1 0.1275 0.1249 0.1228 0.1228 0.1237 0.1297 0.1229 0.1257 
         256  1 0.1202 0.1188 0.1337 0.1327 0.1158 0.1217 0.1336 0.1235 
         257  1 0.1241 0.1214 0.1298 0.1295 0.1248 0.1189 0.1300 0.1217 
         258  1 0.1280 0.1204 0.1244 0.1241 0.1244 0.1280 0.1237 0.1270 
         259  1 0.1247 0.1287 0.1246 0.1250 0.1244 0.1246 0.1243 0.1236 
         260  1 0.1288 0.1212 0.1188 0.1199 0.1302 0.1307 0.1197 0.1306 
         261  1 0.1287 0.1346 0.1195 0.1204 0.1286 0.1260 0.1199 0.1222 
         262  1 0.1153 0.1197 0.1413 0.1405 0.1134 0.1140 0.1417 0.1142 
         263  1 0.1328 0.1299 0.1125 0.1129 0.1329 0.1325 0.1126 0.1340 
         264  1 0.1264 0.1280 0.1217 0.1211 0.1263 0.1250 0.1215 0.1301 
         265  1 0.1236 0.1286 0.1254 0.1242 0.1268 0.1244 0.1247 0.1222 
         266  1 0.1179 0.1236 0.1339 0.1341 0.1199 0.1159 0.1344 0.1204 
         267  1 0.1315 0.1256 0.1160 0.1167 0.1291 0.1313 0.1161 0.1335 
         268  1 0.1249 0.1270 0.1234 0.1232 0.1256 0.1283 0.1227 0.1249 
         269  1 0.1157 0.1227 0.1350 0.1348 0.1182 0.1199 0.1351 0.1186 
         270  1 0.1297 0.1349 0.1150 0.1146 0.1277 0.1330 0.1141 0.1311 
         271  1 0.1240 0.1284 0.1247 0.1246 0.1274 0.1226 0.1249 0.1234 
         272  1 0.1233 0.1218 0.1267 0.1262 0.1247 0.1232 0.1270 0.1271 
         273  1 0.1235 0.1289 0.1270 0.1258 0.1217 0.1247 0.1273 0.1210 
         274  1 0.1254 0.1265 0.1210 0.1212 0.1307 0.1268 0.1213 0.1270 
         275  1 0.1238 0.1277 0.1242 0.1232 0.1284 0.1256 0.1235 0.1235 
         276  1 0.1276 0.1323 0.1229 0.1230 0.1247 0.1249 0.1230 0.1215 
         277  1 0.1290 0.1307 0.1206 0.1208 0.1276 0.1261 0.1209 0.1245 
         278  1 0.1266 0.1277 0.1225 0.1225 0.1297 0.1265 0.1222 0.1224 
         279  1 0.1373 0.1236 0.1111 0.1116 0.1341 0.1366 0.1119 0.1339 
         280  1 0.1310 0.1246 0.1195 0.1194 0.1299 0.1292 0.1197 0.1267 
         281  1 0.1181 0.1192 0.1340 0.1340 0.1199 0.1209 0.1339 0.1201 
         282  1 0.1222 0.1156 0.1337 0.1340 0.1197 0.1204 0.1332 0.1212 
         283  1 0.1206 0.1222 0.1327 0.1312 0.1186 0.1192 0.1326 0.1229 
         284  1 0.1235 0.1201 0.1280 0.1273 0.1227 0.1257 0.1278 0.1249 
         285  1 0.1285 0.1325 0.1157 0.1158 0.1283 0.1258 0.1156 0.1378 
         286  1 0.1085 0.1083 0.1515 0.1484 0.1078 0.1114 0.1509 0.1132 
         287  1 0.1193 0.1181 0.1323 0.1326 0.1190 0.1195 0.1324 0.1268 
         288  1 0.1257 0.1240 0.1244 0.1251 0.1240 0.1247 0.1253 0.1268 
         289  1 0.1256 0.1187 0.1261 0.1248 0.1252 0.1281 0.1254 0.1262 
         290  1 0.1295 0.1228 0.1248 0.1243 0.1251 0.1257 0.1240 0.1239 
         291  1 0.1281 0.1336 0.1152 0.1154 0.1321 0.1258 0.1154 0.1343 
         292  1 0.1194 0.1186 0.1336 0.1333 0.1205 0.1195 0.1336 0.1214 
         293  1 0.1303 0.1230 0.1218 0.1221 0.1268 0.1293 0.1222 0.1245 
         294  1 0.1265 0.1335 0.1179 0.1178 0.1268 0.1279 0.1176 0.1320 
         295  1 0.1194 0.1214 0.1351 0.1346 0.1182 0.1167 0.1351 0.1194 
         296  1 0.1352 0.1276 0.1115 0.1121 0.1308 0.1357 0.1119 0.1353 
         297  1 0.1357 0.1320 0.1122 0.1128 0.1310 0.1332 0.1126 0.1305 
         298  1 0.1221 0.1189 0.1288 0.1270 0.1232 0.1239 0.1289 0.1273 
         299  1 0.1261 0.1216 0.1262 0.1254 0.1234 0.1262 0.1258 0.1254 
         300  1 0.1278 0.1253 0.1212 0.1213 0.1279 0.1300 0.1206 0.1259 
         301  1 0.1193 0.1217 0.1320 0.1315 0.1212 0.1200 0.1318 0.1226 
         302  1 0.1277 0.1300 0.1170 0.1180 0.1313 0.1286 0.1173 0.1303 
         303  1 0.1333 0.1259 0.1135 0.1133 0.1284 0.1327 0.1129 0.1399 
