           1  1 0.0989 0.0996 0.1002 0.1009 0.1000 0.1012 0.0983 0.1020 0.0999 0.0991 
           2  1 0.1048 0.0970 0.0991 0.1024 0.0978 0.0989 0.1019 0.0955 0.0971 0.1055 
           3  1 0.0987 0.1010 0.0983 0.1007 0.0987 0.0995 0.1001 0.1042 0.1005 0.0984 
           4  1 0.0997 0.0996 0.0997 0.1002 0.1007 0.0996 0.0991 0.1008 0.1004 0.1001 
           5  1 0.1064 0.0957 0.0995 0.1047 0.0943 0.1002 0.1022 0.0953 0.0947 0.1069 
           6  1 0.0987 0.1005 0.0998 0.0984 0.1011 0.1018 0.0991 0.1017 0.1002 0.0985 
           7  1 0.0961 0.1021 0.1011 0.0970 0.1019 0.1026 0.1003 0.1029 0.1004 0.0957 
           8  1 0.0982 0.1018 0.0992 0.0993 0.1024 0.1002 0.0986 0.1014 0.1008 0.0982 
           9  1 0.0998 0.1008 0.0998 0.1000 0.0987 0.1011 0.1019 0.0989 0.0988 0.1000 
          10  1 0.1026 0.0989 0.1006 0.1025 0.0987 0.1000 0.0990 0.0988 0.0964 0.1025 
          11  1 0.1093 0.0936 0.1000 0.1052 0.0952 0.0984 0.1001 0.0918 0.0958 0.1104 
          12  1 0.1019 0.0972 0.1005 0.0998 0.1008 0.1002 0.0996 0.0979 0.1000 0.1020 
          13  1 0.1040 0.0971 0.0998 0.1034 0.0973 0.0981 0.1005 0.0963 0.0991 0.1044 
          14  1 0.0984 0.1008 0.1017 0.0978 0.0998 0.1022 0.0977 0.1017 0.1012 0.0985 
          15  1 0.0977 0.0992 0.0996 0.0981 0.1043 0.1013 0.0996 0.1013 0.1017 0.0973 
          16  1 0.1017 0.0977 0.0996 0.1022 0.0981 0.0978 0.1005 0.0996 0.1001 0.1028 
          17  1 0.0969 0.1023 0.0988 0.0987 0.1000 0.1004 0.1025 0.1030 0.1007 0.0966 
          18  1 0.1016 0.0992 0.1006 0.1007 0.1003 0.0996 0.1001 0.0978 0.0986 0.1014 
          19  1 0.1083 0.0944 0.0995 0.1049 0.0948 0.0982 0.1020 0.0939 0.0946 0.1094 
          20  1 0.0913 0.1065 0.0997 0.0940 0.1076 0.0999 0.0979 0.1051 0.1067 0.0912 
          21  1 0.0964 0.1053 0.1001 0.0983 0.1029 0.0995 0.0969 0.1015 0.1027 0.0964 
          22  1 0.1013 0.0998 0.1016 0.1013 0.0969 0.1007 0.0995 0.0981 0.0995 0.1012 
          23  1 0.1038 0.0967 0.0982 0.1010 0.1001 0.0985 0.1008 0.0959 0.1008 0.1040 
          24  1 0.0982 0.1002 0.1014 0.0989 0.1021 0.0982 0.0994 0.1008 0.1029 0.0980 
          25  1 0.0969 0.1014 0.0996 0.0983 0.1007 0.0999 0.1007 0.1022 0.1040 0.0963 
          26  1 0.1024 0.0984 0.1016 0.1004 0.0990 0.1004 0.0996 0.0977 0.0978 0.1028 
          27  1 0.1006 0.0987 0.1014 0.0994 0.0987 0.1009 0.1005 0.0985 0.1004 0.1010 
          28  1 0.1067 0.0948 0.1002 0.1037 0.0948 0.0997 0.1011 0.0952 0.0962 0.1075 
          29  1 0.1057 0.0968 0.1005 0.1038 0.0947 0.0994 0.1012 0.0968 0.0955 0.1057 
          30  1 0.0974 0.1002 0.0996 0.0996 0.1026 0.1008 0.0999 0.1020 0.1006 0.0973 
          31  1 0.0974 0.0997 0.1010 0.0975 0.0999 0.1007 0.0994 0.1031 0.1027 0.0986 
          32  1 0.1098 0.0934 0.1002 0.1070 0.0924 0.0984 0.1025 0.0922 0.0927 0.1113 
          33  1 0.0993 0.0999 0.0992 0.1001 0.0984 0.1008 0.1028 0.1010 0.0996 0.0989 
          34  1 0.1004 0.0995 0.1004 0.1013 0.0988 0.1001 0.0993 0.0997 0.1001 0.1004 
          35  1 0.0963 0.1030 0.1012 0.0979 0.1022 0.1006 0.0978 0.1034 0.1018 0.0958 
          36  1 0.1001 0.1005 0.1016 0.1013 0.0974 0.1010 0.0993 0.0998 0.0989 0.1002 
          37  1 0.1012 0.0982 0.1010 0.1006 0.1000 0.0995 0.1004 0.0983 0.0995 0.1013 
          38  1 0.1058 0.0948 0.0998 0.1040 0.0973 0.0986 0.1020 0.0948 0.0965 0.1065 
          39  1 0.0957 0.1042 0.1012 0.0984 0.1017 0.1008 0.0968 0.1023 0.1027 0.0961 
          40  1 0.0984 0.0991 0.0998 0.0992 0.1004 0.0994 0.1016 0.1028 0.1012 0.0981 
          41  1 0.1007 0.1002 0.1006 0.1000 0.1008 0.0997 0.0996 0.0971 0.1006 0.1007 
          42  1 0.0937 0.1046 0.0989 0.0985 0.1045 0.0996 0.0969 0.1067 0.1031 0.0936 
          43  1 0.1044 0.0972 0.1023 0.1019 0.0957 0.1015 0.0995 0.0969 0.0949 0.1057 
          44  1 0.0991 0.1012 0.1004 0.0986 0.1014 0.1021 0.0992 0.0998 0.0993 0.0990 
          45  1 0.0982 0.1031 0.0996 0.0993 0.1026 0.1001 0.0991 0.1021 0.0982 0.0977 
          46  1 0.0980 0.1009 0.1014 0.0981 0.1010 0.1002 0.0983 0.1023 0.1015 0.0982 
          47  1 0.1004 0.0997 0.0997 0.1010 0.0996 0.1005 0.0985 0.1012 0.0991 0.1003 
          48  1 0.0999 0.0981 0.0996 0.0998 0.0990 0.1003 0.0998 0.1024 0.1011 0.0999 
          49  1 0.1023 0.0974 0.1001 0.1024 0.0965 0.1005 0.1012 0.1001 0.0966 0.1028 
          50  1 0.1017 0.1000 0.1001 0.1014 0.0983 0.0998 0.0992 0.0988 0.0985 0.1021 
          51  1 0.1009 0.0998 0.1017 0.1006 0.0981 0.1007 0.1006 0.0984 0.0985 0.1006 
          52  1 0.1003 0.1002 0.1002 0.1010 0.0978 0.1014 0.1009 0.1008 0.0976 0.1000 
          53  1 0.1043 0.0964 0.0999 0.1039 0.0961 0.1010 0.1010 0.0970 0.0960 0.1043 
          54  1 0.0987 0.1018 0.0980 0.0995 0.1007 0.0997 0.0991 0.1025 0.1005 0.0995 
          55  1 0.0977 0.1032 0.1012 0.1006 0.1011 0.0993 0.0976 0.1023 0.0988 0.0982 
          56  1 0.1055 0.0973 0.0999 0.1026 0.0967 0.1002 0.0991 0.0983 0.0955 0.1050 
          57  1 0.1003 0.1004 0.1009 0.1003 0.0975 0.0998 0.1003 0.0996 0.0999 0.1010 
          58  1 0.0989 0.1015 0.0979 0.1008 0.1009 0.0984 0.0995 0.1008 0.1020 0.0995 
          59  1 0.0969 0.1035 0.0998 0.0972 0.1038 0.0998 0.1023 0.1004 0.0996 0.0965 
          60  1 0.0984 0.1027 0.0991 0.0996 0.1011 0.0994 0.0995 0.0995 0.1027 0.0981 
          61  1 0.0993 0.1015 0.1013 0.1002 0.1003 0.1005 0.0975 0.1001 0.1002 0.0992 
          62  1 0.1022 0.0986 0.1008 0.1018 0.0966 0.1013 0.1000 0.0995 0.0970 0.1022 
          63  1 0.1001 0.1003 0.0996 0.1006 0.0999 0.1006 0.1007 0.0992 0.0989 0.1000 
          64  1 0.0961 0.1005 0.0990 0.0984 0.1038 0.1015 0.0982 0.1040 0.1031 0.0954 
          65  1 0.1019 0.0989 0.1005 0.1008 0.0983 0.0999 0.0991 0.0983 0.1000 0.1023 
          66  1 0.1008 0.0999 0.0988 0.1019 0.0981 0.1016 0.1002 0.1002 0.0978 0.1007 
          67  1 0.0994 0.1002 0.1010 0.0981 0.1014 0.0991 0.0994 0.1008 0.1015 0.0991 
          68  1 0.0947 0.1059 0.0981 0.0965 0.1032 0.0993 0.0998 0.1045 0.1031 0.0949 
          69  1 0.0985 0.1024 0.1011 0.0988 0.0995 0.1020 0.0996 0.1026 0.0972 0.0983 
          70  1 0.0978 0.1012 0.1003 0.0983 0.1040 0.1004 0.0993 0.0997 0.1011 0.0979 
          71  1 0.0979 0.0996 0.0992 0.0988 0.1010 0.0994 0.1023 0.1016 0.1019 0.0983 
          72  1 0.0945 0.1028 0.0997 0.0970 0.1052 0.1001 0.0985 0.1020 0.1054 0.0949 
          73  1 0.1018 0.0991 0.1013 0.0994 0.0994 0.0998 0.1001 0.0988 0.0988 0.1015 
          74  1 0.0984 0.1026 0.0996 0.0986 0.1025 0.1004 0.0978 0.1006 0.1016 0.0980 
          75  1 0.0954 0.1041 0.0991 0.0965 0.1040 0.0988 0.0993 0.1025 0.1050 0.0953 
          76  1 0.0995 0.1012 0.1002 0.1000 0.0996 0.1001 0.0995 0.1006 0.1001 0.0994 
          77  1 0.0997 0.1007 0.0989 0.0999 0.1013 0.1000 0.1015 0.0998 0.0988 0.0994 
          78  1 0.1028 0.0985 0.0991 0.1005 0.1007 0.0990 0.1005 0.0981 0.0992 0.1018 
          79  1 0.0999 0.1008 0.1007 0.1006 0.0992 0.1005 0.0983 0.1003 0.0995 0.1001 
          80  1 0.0963 0.1042 0.1012 0.0969 0.1021 0.1008 0.0972 0.1010 0.1039 0.0965 
          81  1 0.1035 0.0982 0.1000 0.1027 0.0966 0.1006 0.1009 0.0972 0.0965 0.1036 
          82  1 0.1028 0.0980 0.0992 0.1019 0.1004 0.0973 0.1013 0.0950 0.1005 0.1037 
          83  1 0.0936 0.1078 0.0996 0.0973 0.1022 0.1006 0.0978 0.1034 0.1041 0.0938 
          84  1 0.0996 0.0985 0.0996 0.1003 0.1016 0.0984 0.1021 0.0998 0.1001 0.1001 
          85  1 0.0973 0.1027 0.1002 0.0991 0.0999 0.1008 0.0996 0.1012 0.1021 0.0971 
          86  1 0.0942 0.1022 0.0988 0.0959 0.1056 0.0991 0.1011 0.1032 0.1063 0.0936 
          87  1 0.0984 0.0988 0.0996 0.0982 0.1049 0.0995 0.1005 0.0999 0.1023 0.0979 
          88  1 0.0985 0.1007 0.0982 0.0988 0.1024 0.0988 0.0999 0.1012 0.1036 0.0980 
          89  1 0.1022 0.0981 0.0999 0.1026 0.0985 0.1002 0.1016 0.0986 0.0956 0.1027 
          90  1 0.0992 0.0993 0.1001 0.0986 0.1004 0.1001 0.1015 0.1015 0.1003 0.0990 
          91  1 0.1039 0.0983 0.1000 0.1020 0.0976 0.0984 0.0997 0.0974 0.0984 0.1043 
          92  1 0.1019 0.0984 0.1003 0.1005 0.0973 0.1009 0.1008 0.0989 0.0992 0.1018 
          93  1 0.1040 0.0963 0.0983 0.1035 0.0967 0.0991 0.1018 0.0992 0.0974 0.1039 
          94  1 0.0945 0.1046 0.0994 0.0973 0.1020 0.0998 0.0993 0.1040 0.1049 0.0942 
          95  1 0.0990 0.0995 0.0993 0.0995 0.1009 0.1008 0.1012 0.1033 0.0979 0.0986 
          96  1 0.0984 0.1033 0.1010 0.1001 0.0988 0.0996 0.0977 0.1023 0.1002 0.0985 
          97  1 0.0982 0.1004 0.0991 0.0989 0.1039 0.1000 0.1011 0.1021 0.0983 0.0979 
          98  1 0.0999 0.0994 0.1009 0.0988 0.1004 0.1001 0.0991 0.0998 0.1017 0.1000 
          99  1 0.0976 0.1018 0.0996 0.0975 0.1000 0.1010 0.0999 0.1034 0.1020 0.0973 
         100  1 0.1023 0.0982 0.0984 0.1028 0.1000 0.0977 0.1021 0.0974 0.0983 0.1028 
         101  1 0.0947 0.1048 0.1016 0.0962 0.1031 0.1013 0.0976 0.1030 0.1030 0.0948 
         102  1 0.1056 0.0976 0.1015 0.1037 0.0951 0.1000 0.0990 0.0958 0.0960 0.1057 
         103  1 0.1024 0.0987 0.1016 0.1005 0.0992 0.0984 0.1002 0.0974 0.0981 0.1036 
         104  1 0.1020 0.0973 0.1015 0.0997 0.0994 0.1011 0.1015 0.0980 0.0972 0.1022 
         105  1 0.0982 0.1002 0.1003 0.0980 0.1025 0.1009 0.1007 0.1020 0.0994 0.0978 
         106  1 0.0988 0.0996 0.1005 0.0998 0.0999 0.1015 0.0999 0.1023 0.0991 0.0986 
         107  1 0.0953 0.1048 0.0995 0.0983 0.1022 0.1012 0.0991 0.1038 0.1004 0.0954 
         108  1 0.1067 0.0941 0.1004 0.1034 0.0950 0.0994 0.1019 0.0959 0.0966 0.1067 
         109  1 0.1052 0.0959 0.0999 0.1030 0.0952 0.1014 0.0999 0.0997 0.0948 0.1049 
         110  1 0.1050 0.0974 0.1007 0.1025 0.0961 0.1007 0.0998 0.0965 0.0966 0.1048 
         111  1 0.1022 0.0984 0.1009 0.1005 0.0981 0.0992 0.1023 0.0977 0.0978 0.1030 
         112  1 0.1005 0.0996 0.0990 0.1005 0.1018 0.0986 0.1008 0.0986 0.1002 0.1004 
         113  1 0.0971 0.1033 0.1016 0.0987 0.1008 0.0999 0.0972 0.1014 0.1027 0.0973 
         114  1 0.1010 0.0988 0.0996 0.1009 0.0969 0.1009 0.0993 0.1020 0.0990 0.1016 
         115  1 0.0969 0.1018 0.1008 0.0976 0.1032 0.1001 0.1003 0.0999 0.1026 0.0968 
         116  1 0.1004 0.0996 0.1003 0.1000 0.0987 0.1016 0.0999 0.1007 0.0987 0.1001 
         117  1 0.0984 0.0997 0.1001 0.0992 0.1028 0.0996 0.0991 0.1014 0.1014 0.0982 
         118  1 0.1002 0.1013 0.1000 0.0997 0.1010 0.1001 0.1003 0.0984 0.0987 0.1004 
         119  1 0.0977 0.1042 0.0997 0.0996 0.1020 0.0997 0.0985 0.1006 0.0997 0.0982 
         120  1 0.1013 0.0992 0.1010 0.1012 0.0989 0.1018 0.0986 0.0995 0.0978 0.1008 
         121  1 0.0960 0.1022 0.0988 0.0967 0.1048 0.1006 0.0989 0.1030 0.1032 0.0959 
         122  1 0.0994 0.1010 0.1002 0.1003 0.1006 0.1011 0.0982 0.0998 0.1003 0.0991 
         123  1 0.1036 0.0977 0.1005 0.1013 0.0964 0.1008 0.1018 0.0961 0.0972 0.1045 
         124  1 0.1000 0.0998 0.1004 0.1005 0.1000 0.1005 0.0999 0.0986 0.0995 0.1008 
         125  1 0.1013 0.0987 0.0986 0.1003 0.1007 0.0992 0.0998 0.0998 0.1006 0.1011 
         126  1 0.0989 0.1013 0.0993 0.1000 0.1021 0.0990 0.1000 0.0987 0.1016 0.0992 
         127  1 0.0964 0.1010 0.0991 0.0975 0.1031 0.0995 0.1008 0.1018 0.1046 0.0963 
         128  1 0.0961 0.1030 0.0997 0.0973 0.1025 0.1008 0.0996 0.1030 0.1020 0.0958 
         129  1 0.0998 0.1012 0.0996 0.1007 0.1003 0.0988 0.0983 0.0994 0.1010 0.1008 
         130  1 0.1020 0.0973 0.1006 0.1020 0.0986 0.0986 0.0996 0.0979 0.1015 0.1019 
         131  1 0.0981 0.0996 0.0984 0.0977 0.1010 0.1012 0.0988 0.1046 0.1033 0.0973 
         132  1 0.0969 0.1010 0.1022 0.0960 0.1021 0.1027 0.0996 0.1026 0.1005 0.0964 
         133  1 0.1018 0.0989 0.0995 0.1010 0.0997 0.0999 0.0994 0.1012 0.0966 0.1019 
         134  1 0.1017 0.0988 0.0998 0.1008 0.0993 0.0999 0.0987 0.0985 0.1010 0.1014 
         135  1 0.0940 0.1018 0.0991 0.0958 0.1043 0.1003 0.0992 0.1057 0.1057 0.0941 
         136  1 0.1009 0.0981 0.1005 0.1002 0.1012 0.1012 0.1007 0.0981 0.0983 0.1007 
         137  1 0.0968 0.1022 0.0982 0.0995 0.1021 0.1009 0.0987 0.1037 0.1019 0.0960 
         138  1 0.0959 0.1033 0.0990 0.0974 0.1050 0.1009 0.0981 0.1030 0.1016 0.0958 
         139  1 0.0982 0.1001 0.1002 0.0980 0.1033 0.0989 0.0981 0.1017 0.1025 0.0991 
         140  1 0.1030 0.0971 0.1005 0.1013 0.0980 0.1018 0.0981 0.0988 0.0981 0.1033 
         141  1 0.0974 0.1019 0.0997 0.1003 0.0998 0.1012 0.0997 0.1016 0.1005 0.0978 
         142  1 0.0992 0.1000 0.1003 0.1004 0.0997 0.1003 0.1009 0.1006 0.0994 0.0993 
         143  1 0.0991 0.1013 0.1005 0.1001 0.0997 0.1017 0.0991 0.1004 0.0990 0.0991 
         144  1 0.0967 0.1022 0.0982 0.1000 0.1030 0.1001 0.0991 0.1044 0.0997 0.0966 
         145  1 0.1001 0.0999 0.0994 0.1009 0.0967 0.1005 0.1001 0.1031 0.0994 0.0998 
         146  1 0.1004 0.1002 0.1003 0.0995 0.1012 0.1003 0.0996 0.0990 0.0988 0.1007 
         147  1 0.1007 0.0972 0.0997 0.1003 0.0999 0.1009 0.1005 0.0993 0.1003 0.1011 
         148  1 0.0986 0.1022 0.0985 0.0997 0.1007 0.1010 0.0994 0.1026 0.0990 0.0984 
         149  1 0.1017 0.0973 0.1008 0.1011 0.0970 0.1000 0.1017 0.0992 0.0994 0.1018 
         150  1 0.0992 0.1013 0.1011 0.0998 0.0992 0.1000 0.0998 0.0992 0.1007 0.0996 
         151  1 0.1005 0.0992 0.0988 0.1002 0.0984 0.1013 0.0993 0.1035 0.0987 0.1001 
         152  1 0.1028 0.0981 0.0997 0.1013 0.0990 0.0998 0.1009 0.0982 0.0982 0.1020 
         153  1 0.0977 0.1022 0.1001 0.0981 0.0990 0.1005 0.0993 0.1028 0.1027 0.0977 
         154  1 0.1020 0.0976 0.0999 0.1011 0.0989 0.1005 0.1007 0.0979 0.0992 0.1021 
         155  1 0.0957 0.1033 0.0997 0.0969 0.1050 0.1012 0.0988 0.1018 0.1019 0.0957 
         156  1 0.0998 0.0991 0.0992 0.1003 0.1002 0.0980 0.1013 0.1010 0.1014 0.0995 
         157  1 0.0974 0.1006 0.0992 0.1000 0.1029 0.0985 0.1002 0.1008 0.1024 0.0980 
         158  1 0.1011 0.0997 0.1004 0.1016 0.0962 0.1015 0.0994 0.0997 0.0997 0.1008 
         159  1 0.1029 0.0975 0.1001 0.0998 0.1011 0.0974 0.0995 0.0975 0.1003 0.1039 
         160  1 0.1076 0.0967 0.1011 0.1053 0.0930 0.0993 0.0999 0.0937 0.0952 0.1081 
         161  1 0.0971 0.1041 0.1007 0.0978 0.0990 0.1005 0.1012 0.1027 0.1003 0.0967 
         162  1 0.0979 0.1005 0.1000 0.0985 0.0996 0.1000 0.1015 0.1020 0.1015 0.0985 
         163  1 0.0996 0.1018 0.1009 0.0991 0.1008 0.1002 0.0995 0.0986 0.1002 0.0992 
         164  1 0.0984 0.1019 0.1011 0.0992 0.1019 0.1012 0.0978 0.1007 0.0994 0.0984 
         165  1 0.1026 0.0966 0.0985 0.1032 0.0992 0.0977 0.1016 0.0994 0.0984 0.1029 
         166  1 0.0981 0.0997 0.0997 0.0991 0.1016 0.1004 0.0992 0.1027 0.1015 0.0980 
         167  1 0.0960 0.1046 0.0999 0.0988 0.1025 0.1007 0.0987 0.1027 0.1007 0.0956 
         168  1 0.0969 0.1020 0.1023 0.0971 0.1030 0.1016 0.0975 0.1017 0.1010 0.0969 
         169  1 0.0961 0.1045 0.1019 0.0960 0.1019 0.1014 0.0968 0.1033 0.1020 0.0961 
         170  1 0.1041 0.0963 0.1003 0.1008 0.0982 0.1004 0.1010 0.0988 0.0967 0.1035 
         171  1 0.1017 0.0981 0.0996 0.1014 0.0996 0.0980 0.1006 0.0991 0.0989 0.1032 
         172  1 0.1048 0.0957 0.1009 0.1017 0.0976 0.1011 0.1014 0.0951 0.0970 0.1047 
         173  1 0.0993 0.1008 0.1018 0.0978 0.1002 0.0999 0.0989 0.1009 0.1011 0.0993 
         174  1 0.1005 0.0976 0.0989 0.1000 0.1016 0.0994 0.1003 0.0995 0.1016 0.1007 
         175  1 0.0996 0.1004 0.1014 0.0991 0.0997 0.1001 0.0992 0.0993 0.1014 0.0998 
         176  1 0.1029 0.0987 0.1008 0.1024 0.0964 0.1007 0.0996 0.0981 0.0978 0.1026 
         177  1 0.0928 0.1029 0.0997 0.0964 0.1036 0.1006 0.0995 0.1055 0.1065 0.0923 
         178  1 0.1008 0.0985 0.1005 0.0997 0.0979 0.1029 0.1018 0.1000 0.0976 0.1002 
         179  1 0.1011 0.1000 0.0990 0.1007 0.1007 0.0994 0.1009 0.0976 0.0998 0.1007 
         180  1 0.0999 0.0998 0.1011 0.0995 0.0994 0.0994 0.0991 0.1007 0.1010 0.1000 
         181  1 0.0927 0.1038 0.0999 0.0960 0.1061 0.1004 0.1008 0.1035 0.1046 0.0922 
         182  1 0.0976 0.1010 0.0996 0.0979 0.0997 0.0988 0.1007 0.1034 0.1033 0.0980 
         183  1 0.1017 0.0968 0.1009 0.1002 0.1002 0.0997 0.0994 0.0993 0.0999 0.1019 
         184  1 0.0975 0.0998 0.0989 0.0989 0.1014 0.0993 0.1008 0.1022 0.1036 0.0974 
         185  1 0.1060 0.0964 0.1005 0.1034 0.0943 0.0994 0.0997 0.0961 0.0977 0.1064 
         186  1 0.0957 0.1031 0.1000 0.0966 0.1037 0.1002 0.0994 0.1036 0.1021 0.0955 
         187  1 0.0996 0.1003 0.1010 0.1004 0.0999 0.1005 0.0993 0.0993 0.1000 0.0997 
         188  1 0.1010 0.0987 0.0986 0.1020 0.0997 0.1000 0.1014 0.0982 0.0986 0.1018 
         189  1 0.1023 0.0976 0.1001 0.1008 0.0996 0.1004 0.1009 0.0978 0.0986 0.1020 
         190  1 0.1054 0.0960 0.0992 0.1045 0.0963 0.0986 0.1029 0.0953 0.0961 0.1059 
         191  1 0.1043 0.0959 0.1004 0.1027 0.0968 0.1008 0.0988 0.0989 0.0972 0.1040 
         192  1 0.0961 0.1031 0.0978 0.0985 0.1050 0.0994 0.1000 0.1016 0.1022 0.0963 
         193  1 0.0969 0.1022 0.1002 0.0994 0.1013 0.1006 0.0996 0.1036 0.0995 0.0966 
         194  1 0.1026 0.0998 0.1012 0.1014 0.0963 0.0975 0.0993 0.0990 0.0998 0.1031 
         195  1 0.1001 0.1000 0.1005 0.0998 0.0999 0.0990 0.0991 0.0984 0.1034 0.0998 
         196  1 0.1051 0.0979 0.0995 0.1048 0.0956 0.0993 0.0993 0.0984 0.0943 0.1059 
         197  1 0.1009 0.0991 0.0978 0.0989 0.1029 0.0978 0.1007 0.0978 0.1033 0.1008 
         198  1 0.1021 0.0966 0.1013 0.0997 0.0996 0.0989 0.0995 0.1003 0.1000 0.1021 
         199  1 0.1008 0.0976 0.1001 0.1007 0.1003 0.1001 0.1006 0.0998 0.0997 0.1004 
         200  1 0.1006 0.0983 0.1019 0.0995 0.0994 0.1028 0.0993 0.0987 0.0988 0.1008 
         201  1 0.0916 0.1037 0.0990 0.0954 0.1086 0.0984 0.0990 0.1048 0.1077 0.0918 
         202  1 0.0968 0.1017 0.1001 0.0975 0.1024 0.1007 0.0996 0.1015 0.1028 0.0968 
         203  1 0.1036 0.0972 0.1003 0.1017 0.0965 0.0999 0.1007 0.0962 0.0985 0.1053 
         204  1 0.1018 0.0992 0.0985 0.1014 0.1013 0.1004 0.0999 0.0986 0.0976 0.1013 
         205  1 0.1019 0.1001 0.0990 0.1009 0.0997 0.1000 0.1018 0.0976 0.0972 0.1019 
         206  1 0.1014 0.0983 0.1001 0.1003 0.1005 0.1015 0.1013 0.0976 0.0977 0.1014 
         207  1 0.1010 0.0986 0.1005 0.0986 0.1028 0.0990 0.1004 0.0969 0.1007 0.1016 
         208  1 0.1212 0.0856 0.0998 0.1125 0.0851 0.0949 0.1037 0.0858 0.0865 0.1249 
         209  1 0.0978 0.1005 0.0991 0.0978 0.1025 0.1014 0.1002 0.1028 0.0999 0.0980 
         210  1 0.0944 0.1077 0.1024 0.0977 0.1007 0.1000 0.0980 0.1020 0.1033 0.0940 
         211  1 0.1000 0.1006 0.0991 0.1009 0.1003 0.0988 0.1009 0.0984 0.1005 0.1005 
         212  1 0.0955 0.1046 0.1015 0.0982 0.1008 0.0993 0.0993 0.1032 0.1028 0.0949 
         213  1 0.1019 0.0974 0.0994 0.1009 0.0985 0.0984 0.0996 0.0993 0.1018 0.1027 
         214  1 0.1008 0.1002 0.1007 0.1000 0.0997 0.1018 0.0998 0.0990 0.0979 0.1002 
         215  1 0.0989 0.1000 0.0997 0.1003 0.1007 0.0986 0.1000 0.1005 0.1018 0.0994 
         216  1 0.0999 0.0992 0.1021 0.0990 0.0994 0.1004 0.0992 0.1012 0.0997 0.0999 
         217  1 0.0982 0.0991 0.0998 0.0988 0.1026 0.1004 0.0988 0.1028 0.1017 0.0979 
         218  1 0.0942 0.1015 0.0984 0.0979 0.1049 0.0993 0.1002 0.1055 0.1038 0.0941 
         219  1 0.0951 0.1031 0.0998 0.0975 0.1022 0.1002 0.0990 0.1038 0.1047 0.0944 
         220  1 0.1003 0.1006 0.0987 0.1014 0.1015 0.1013 0.1003 0.0993 0.0967 0.0998 
         221  1 0.1007 0.0985 0.0991 0.1007 0.0961 0.1002 0.1014 0.1021 0.1005 0.1006 
         222  1 0.0989 0.1021 0.0992 0.0977 0.1001 0.1003 0.1002 0.1015 0.1012 0.0988 
         223  1 0.1068 0.0969 0.1008 0.1042 0.0943 0.1014 0.1002 0.0951 0.0938 0.1065 
         224  1 0.1046 0.0970 0.1009 0.1027 0.0956 0.1006 0.1001 0.0973 0.0962 0.1049 
         225  1 0.0981 0.1017 0.0992 0.1007 0.1022 0.0992 0.0981 0.1024 0.1005 0.0980 
         226  1 0.1011 0.0991 0.0987 0.1005 0.0997 0.0992 0.0994 0.1004 0.1004 0.1015 
         227  1 0.0992 0.0992 0.0983 0.1000 0.1009 0.0972 0.1003 0.1027 0.1025 0.0997 
         228  1 0.0974 0.1006 0.0994 0.0973 0.1017 0.1011 0.0991 0.1020 0.1040 0.0974 
         229  1 0.0974 0.1030 0.0999 0.0979 0.1031 0.1014 0.0990 0.1023 0.0994 0.0966 
         230  1 0.0937 0.1071 0.1006 0.0954 0.1034 0.0993 0.0990 0.1030 0.1051 0.0935 
         231  1 0.1007 0.1003 0.1017 0.0999 0.0986 0.1006 0.0997 0.1000 0.0987 0.0998 
         232  1 0.0985 0.1031 0.1007 0.1004 0.0997 0.0998 0.0976 0.1024 0.0992 0.0984 
         233  1 0.0938 0.1060 0.1003 0.0963 0.1033 0.1001 0.0987 0.1039 0.1044 0.0932 
         234  1 0.1048 0.0977 0.0985 0.1031 0.0978 0.0977 0.1019 0.0955 0.0970 0.1061 
         235  1 0.0985 0.0999 0.0996 0.1001 0.1017 0.0994 0.1007 0.0998 0.1022 0.0981 
         236  1 0.1023 0.0994 0.0996 0.1010 0.0981 0.0981 0.0997 0.0987 0.0999 0.1032 
         237  1 0.1001 0.0989 0.1006 0.1000 0.0988 0.1020 0.0999 0.1004 0.0997 0.0996 
         238  1 0.0963 0.1037 0.1004 0.0970 0.1031 0.0992 0.0992 0.1015 0.1030 0.0965 
         239  1 0.1027 0.0969 0.0999 0.1007 0.0971 0.0987 0.1011 0.0999 0.1003 0.1026 
         240  1 0.1005 0.0992 0.0999 0.0990 0.0969 0.1005 0.1015 0.1011 0.1006 0.1008 
         241  1 0.0968 0.1023 0.1008 0.0977 0.1022 0.1020 0.0995 0.1020 0.1000 0.0967 
         242  1 0.0982 0.0999 0.1011 0.0999 0.1009 0.1010 0.0993 0.1019 0.0997 0.0981 
         243  1 0.0936 0.1030 0.1003 0.0964 0.1075 0.1006 0.0990 0.1033 0.1033 0.0929 
         244  1 0.0983 0.1024 0.1014 0.1000 0.0997 0.0998 0.0992 0.1015 0.1001 0.0976 
         245  1 0.0997 0.1014 0.1017 0.1002 0.0994 0.0994 0.0977 0.1000 0.1002 0.1004 
         246  1 0.0966 0.1000 0.0984 0.0994 0.1010 0.0993 0.1019 0.1037 0.1034 0.0963 
         247  1 0.1014 0.0986 0.1004 0.1009 0.0975 0.1000 0.1003 0.1006 0.0991 0.1013 
         248  1 0.1061 0.0958 0.0994 0.1052 0.0953 0.0984 0.1014 0.0964 0.0959 0.1062 
         249  1 0.0994 0.1012 0.1006 0.0997 0.0984 0.0994 0.1001 0.1014 0.0993 0.1006 
         250  1 0.0960 0.1015 0.0999 0.0984 0.1029 0.1011 0.1001 0.1038 0.1005 0.0958 
         251  1 0.0998 0.0977 0.1005 0.1011 0.0979 0.0997 0.1021 0.1005 0.1005 0.1002 
         252  1 0.0965 0.1010 0.1007 0.0981 0.1047 0.0996 0.0993 0.1013 0.1027 0.0961 
         253  1 0.0934 0.1039 0.0978 0.0970 0.1068 0.0994 0.1002 0.1036 0.1052 0.0927 
         254  1 0.1056 0.0944 0.0998 0.1035 0.0940 0.1005 0.1030 0.0978 0.0956 0.1056 
         255  1 0.0991 0.0993 0.0997 0.0985 0.0979 0.1012 0.0993 0.1047 0.1016 0.0987 
         256  1 0.1051 0.0955 0.0996 0.1020 0.0994 0.0987 0.1005 0.0961 0.0983 0.1050 
         257  1 0.1011 0.0971 0.1003 0.1000 0.0999 0.0989 0.1007 0.1003 0.1005 0.1010 
         258  1 0.0993 0.1025 0.0993 0.0988 0.1037 0.0989 0.1003 0.0964 0.1012 0.0998 
         259  1 0.1017 0.1008 0.1005 0.1024 0.0974 0.1004 0.1002 0.0988 0.0963 0.1015 
         260  1 0.0986 0.1022 0.1006 0.0980 0.1001 0.0996 0.0982 0.1015 0.1030 0.0983 
         261  1 0.0991 0.1018 0.1008 0.0997 0.0984 0.1009 0.0997 0.1009 0.1002 0.0986 
         262  1 0.1081 0.0939 0.0990 0.1049 0.0939 0.0989 0.1017 0.0958 0.0941 0.1095 
         263  1 0.0947 0.1044 0.0978 0.0978 0.1040 0.0992 0.0986 0.1051 0.1035 0.0948 
         264  1 0.0974 0.1014 0.1000 0.0986 0.1020 0.0989 0.0999 0.0988 0.1048 0.0984 
         265  1 0.0998 0.1018 0.1015 0.0997 0.1007 0.0999 0.0987 0.1010 0.0973 0.0997 
         266  1 0.1039 0.0954 0.1000 0.1027 0.0983 0.0987 0.1013 0.0967 0.0979 0.1049 
         267  1 0.0951 0.1030 0.0991 0.0960 0.1052 0.1003 0.0996 0.1022 0.1045 0.0949 
         268  1 0.0994 0.0999 0.0991 0.1013 0.0980 0.0996 0.1002 0.1018 0.1017 0.0991 
         269  1 0.1054 0.0962 0.1002 0.1029 0.0961 0.1000 0.1020 0.0966 0.0952 0.1055 
         270  1 0.0949 0.1022 0.0979 0.0979 0.1044 0.0995 0.1022 0.1021 0.1034 0.0953 
         271  1 0.0991 0.0995 0.0999 0.0995 0.0982 0.1021 0.1012 0.1015 0.0998 0.0993 
         272  1 0.1009 0.0989 0.0995 0.1000 0.1018 0.0982 0.0992 0.0991 0.1013 0.1010 
         273  1 0.1021 0.0993 0.1005 0.1005 0.0960 0.1015 0.1017 0.0989 0.0975 0.1020 
         274  1 0.0986 0.1039 0.1005 0.0977 0.0998 0.0987 0.0987 0.1019 0.1017 0.0985 
         275  1 0.0998 0.0993 0.1004 0.1002 0.1010 0.1010 0.0999 0.1000 0.0983 0.1001 
         276  1 0.0989 0.1008 0.0990 0.1003 0.0997 0.0999 0.1021 0.1013 0.0988 0.0991 
         277  1 0.0997 0.0990 0.1021 0.0998 0.0988 0.1016 0.0991 0.1004 0.1003 0.0991 
         278  1 0.0982 0.1001 0.1005 0.0994 0.1001 0.1002 0.1003 0.1021 0.1012 0.0980 
         279  1 0.0936 0.1052 0.0997 0.0957 0.1060 0.0987 0.1002 0.1013 0.1055 0.0941 
         280  1 0.0988 0.1004 0.1027 0.0974 0.1018 0.1021 0.0991 0.0988 0.1007 0.0983 
         281  1 0.1040 0.0987 0.1018 0.1028 0.0944 0.0998 0.1004 0.0969 0.0978 0.1035 
         282  1 0.1045 0.0985 0.1015 0.1018 0.0976 0.0993 0.0994 0.0957 0.0971 0.1045 
         283  1 0.1031 0.0983 0.0986 0.1026 0.0988 0.0985 0.1005 0.0978 0.0979 0.1039 
         284  1 0.1010 0.0988 0.0982 0.1011 0.1022 0.0981 0.1010 0.0997 0.0998 0.1000 
         285  1 0.0943 0.1047 0.0984 0.0965 0.1056 0.0990 0.0989 0.1041 0.1045 0.0940 
         286  1 0.1128 0.0916 0.1008 0.1070 0.0919 0.0965 0.1022 0.0909 0.0924 0.1140 
         287  1 0.1032 0.0987 0.0995 0.1017 0.0984 0.0991 0.1002 0.0983 0.0983 0.1026 
         288  1 0.1005 0.0983 0.0999 0.0999 0.0995 0.1017 0.1006 0.1007 0.0986 0.1003 
         289  1 0.0995 0.1022 0.1000 0.0991 0.1010 0.0998 0.0989 0.0995 0.1003 0.0997 
         290  1 0.0991 0.1010 0.0990 0.1008 0.1016 0.0998 0.0996 0.1018 0.0987 0.0988 
         291  1 0.0928 0.1071 0.0988 0.0960 0.1065 0.0988 0.0978 0.1032 0.1063 0.0927 
         292  1 0.1033 0.0989 0.1004 0.1012 0.0980 0.0995 0.1008 0.0956 0.0989 0.1032 
         293  1 0.0986 0.1010 0.0997 0.0991 0.1014 0.0985 0.1005 0.0993 0.1034 0.0985 
         294  1 0.0962 0.1036 0.0985 0.0979 0.1054 0.0988 0.1028 0.0987 0.1017 0.0963 
         295  1 0.1045 0.0967 0.1006 0.1021 0.0964 0.1009 0.1016 0.0959 0.0958 0.1054 
         296  1 0.0950 0.1036 0.1003 0.0954 0.1059 0.0985 0.0995 0.1017 0.1056 0.0946 
         297  1 0.0943 0.1045 0.0980 0.0956 0.1066 0.0986 0.1028 0.1017 0.1040 0.0940 
         298  1 0.1014 0.1010 0.1007 0.1001 0.0988 0.0985 0.0993 0.0989 0.0986 0.1026 
         299  1 0.1003 0.1017 0.1012 0.1001 0.0972 0.1001 0.1013 0.0981 0.1000 0.1001 
         300  1 0.0980 0.1045 0.1004 0.0987 0.0990 0.1004 0.0998 0.1015 0.1004 0.0974 
         301  1 0.1034 0.0982 0.1008 0.1021 0.0983 0.1006 0.1007 0.0954 0.0972 0.1034 
         302  1 0.0962 0.1035 0.0988 0.0975 0.1034 0.1004 0.0995 0.1037 0.1018 0.0954 
         303  1 0.0939 0.1047 0.0989 0.0950 0.1061 0.0996 0.1006 0.1022 0.1055 0.0936 
