           1  1 0.1708 0.1660 0.1646 0.1655 0.1677 0.1653 
           2  1 0.1586 0.1730 0.1734 0.1623 0.1601 0.1726 
           3  1 0.1709 0.1682 0.1680 0.1630 0.1615 0.1684 
           4  1 0.1685 0.1678 0.1673 0.1654 0.1630 0.1681 
           5  1 0.1568 0.1761 0.1760 0.1576 0.1580 0.1755 
           6  1 0.1685 0.1662 0.1658 0.1659 0.1673 0.1664 
           7  1 0.1745 0.1586 0.1581 0.1720 0.1775 0.1594 
           8  1 0.1711 0.1636 0.1633 0.1687 0.1695 0.1638 
           9  1 0.1676 0.1652 0.1655 0.1673 0.1686 0.1658 
          10  1 0.1647 0.1691 0.1696 0.1647 0.1637 0.1682 
          11  1 0.1533 0.1786 0.1816 0.1532 0.1549 0.1784 
          12  1 0.1655 0.1671 0.1673 0.1659 0.1668 0.1675 
          13  1 0.1578 0.1738 0.1743 0.1610 0.1606 0.1725 
          14  1 0.1677 0.1678 0.1672 0.1647 0.1646 0.1680 
          15  1 0.1678 0.1623 0.1613 0.1731 0.1738 0.1617 
          16  1 0.1653 0.1673 0.1703 0.1643 0.1662 0.1667 
          17  1 0.1722 0.1635 0.1622 0.1702 0.1684 0.1635 
          18  1 0.1659 0.1674 0.1675 0.1665 0.1654 0.1673 
          19  1 0.1570 0.1774 0.1782 0.1552 0.1558 0.1764 
          20  1 0.1743 0.1496 0.1491 0.1894 0.1873 0.1504 
          21  1 0.1681 0.1631 0.1620 0.1705 0.1733 0.1629 
          22  1 0.1658 0.1686 0.1684 0.1642 0.1652 0.1678 
          23  1 0.1586 0.1708 0.1713 0.1656 0.1638 0.1699 
          24  1 0.1672 0.1632 0.1625 0.1712 0.1727 0.1632 
          25  1 0.1685 0.1650 0.1645 0.1685 0.1684 0.1652 
          26  1 0.1626 0.1698 0.1701 0.1639 0.1648 0.1687 
          27  1 0.1638 0.1682 0.1688 0.1634 0.1677 0.1681 
          28  1 0.1574 0.1789 0.1791 0.1522 0.1541 0.1783 
          29  1 0.1598 0.1778 0.1763 0.1543 0.1556 0.1762 
          30  1 0.1694 0.1621 0.1620 0.1712 0.1729 0.1623 
          31  1 0.1727 0.1621 0.1634 0.1705 0.1690 0.1623 
          32  1 0.1517 0.1821 0.1831 0.1521 0.1504 0.1805 
          33  1 0.1697 0.1656 0.1647 0.1655 0.1698 0.1647 
          34  1 0.1647 0.1688 0.1683 0.1648 0.1648 0.1687 
          35  1 0.1750 0.1606 0.1601 0.1720 0.1710 0.1613 
          36  1 0.1669 0.1670 0.1660 0.1666 0.1666 0.1668 
          37  1 0.1634 0.1691 0.1688 0.1641 0.1653 0.1692 
          38  1 0.1580 0.1757 0.1765 0.1560 0.1587 0.1750 
          39  1 0.1730 0.1597 0.1593 0.1716 0.1761 0.1603 
          40  1 0.1715 0.1656 0.1660 0.1662 0.1640 0.1667 
          41  1 0.1639 0.1681 0.1681 0.1668 0.1652 0.1679 
          42  1 0.1739 0.1561 0.1556 0.1775 0.1806 0.1563 
          43  1 0.1648 0.1709 0.1725 0.1602 0.1602 0.1714 
          44  1 0.1675 0.1634 0.1640 0.1718 0.1694 0.1639 
          45  1 0.1704 0.1633 0.1637 0.1684 0.1699 0.1643 
          46  1 0.1694 0.1629 0.1632 0.1720 0.1684 0.1640 
          47  1 0.1670 0.1668 0.1663 0.1684 0.1648 0.1668 
          48  1 0.1688 0.1668 0.1670 0.1655 0.1652 0.1667 
          49  1 0.1660 0.1685 0.1699 0.1613 0.1659 0.1683 
          50  1 0.1618 0.1707 0.1707 0.1626 0.1642 0.1700 
          51  1 0.1671 0.1675 0.1673 0.1633 0.1667 0.1680 
          52  1 0.1673 0.1669 0.1670 0.1664 0.1646 0.1677 
          53  1 0.1617 0.1767 0.1766 0.1536 0.1546 0.1768 
          54  1 0.1672 0.1638 0.1642 0.1714 0.1686 0.1648 
          55  1 0.1703 0.1607 0.1607 0.1705 0.1771 0.1606 
          56  1 0.1627 0.1748 0.1747 0.1567 0.1566 0.1744 
          57  1 0.1636 0.1655 0.1675 0.1705 0.1667 0.1662 
          58  1 0.1664 0.1651 0.1652 0.1684 0.1690 0.1659 
          59  1 0.1729 0.1590 0.1591 0.1753 0.1742 0.1595 
          60  1 0.1665 0.1637 0.1632 0.1708 0.1723 0.1634 
          61  1 0.1676 0.1676 0.1675 0.1667 0.1632 0.1674 
          62  1 0.1675 0.1690 0.1688 0.1630 0.1625 0.1692 
          63  1 0.1672 0.1637 0.1639 0.1721 0.1701 0.1629 
          64  1 0.1730 0.1613 0.1611 0.1697 0.1733 0.1616 
          65  1 0.1632 0.1708 0.1721 0.1640 0.1598 0.1702 
          66  1 0.1681 0.1693 0.1691 0.1609 0.1630 0.1696 
          67  1 0.1682 0.1639 0.1642 0.1709 0.1686 0.1642 
          68  1 0.1730 0.1530 0.1534 0.1844 0.1823 0.1538 
          69  1 0.1722 0.1652 0.1656 0.1646 0.1672 0.1652 
          70  1 0.1702 0.1634 0.1634 0.1679 0.1709 0.1642 
          71  1 0.1700 0.1645 0.1644 0.1674 0.1691 0.1646 
          72  1 0.1705 0.1611 0.1602 0.1735 0.1734 0.1613 
          73  1 0.1664 0.1685 0.1682 0.1629 0.1655 0.1686 
          74  1 0.1703 0.1655 0.1655 0.1691 0.1640 0.1657 
          75  1 0.1715 0.1586 0.1581 0.1770 0.1760 0.1589 
          76  1 0.1693 0.1661 0.1661 0.1662 0.1659 0.1664 
          77  1 0.1664 0.1640 0.1643 0.1730 0.1683 0.1641 
          78  1 0.1589 0.1716 0.1720 0.1651 0.1611 0.1713 
          79  1 0.1656 0.1665 0.1660 0.1677 0.1676 0.1666 
          80  1 0.1727 0.1599 0.1594 0.1750 0.1725 0.1605 
          81  1 0.1633 0.1714 0.1708 0.1595 0.1640 0.1710 
          82  1 0.1595 0.1690 0.1708 0.1675 0.1646 0.1686 
          83  1 0.1726 0.1575 0.1572 0.1764 0.1790 0.1574 
          84  1 0.1658 0.1648 0.1642 0.1705 0.1708 0.1640 
          85  1 0.1711 0.1588 0.1592 0.1766 0.1748 0.1595 
          86  1 0.1734 0.1580 0.1579 0.1748 0.1774 0.1585 
          87  1 0.1691 0.1642 0.1638 0.1689 0.1698 0.1642 
          88  1 0.1653 0.1655 0.1652 0.1721 0.1672 0.1648 
          89  1 0.1635 0.1699 0.1702 0.1647 0.1624 0.1693 
          90  1 0.1694 0.1670 0.1664 0.1630 0.1669 0.1674 
          91  1 0.1654 0.1703 0.1713 0.1593 0.1641 0.1695 
          92  1 0.1636 0.1714 0.1717 0.1630 0.1598 0.1706 
          93  1 0.1622 0.1728 0.1732 0.1581 0.1610 0.1726 
          94  1 0.1701 0.1578 0.1575 0.1799 0.1761 0.1586 
          95  1 0.1716 0.1626 0.1625 0.1701 0.1704 0.1629 
          96  1 0.1691 0.1630 0.1633 0.1713 0.1707 0.1626 
          97  1 0.1675 0.1665 0.1665 0.1679 0.1653 0.1663 
          98  1 0.1681 0.1650 0.1652 0.1679 0.1680 0.1659 
          99  1 0.1749 0.1637 0.1634 0.1672 0.1658 0.1651 
         100  1 0.1629 0.1692 0.1699 0.1641 0.1660 0.1680 
         101  1 0.1754 0.1559 0.1557 0.1793 0.1770 0.1566 
         102  1 0.1614 0.1755 0.1763 0.1548 0.1568 0.1752 
         103  1 0.1658 0.1682 0.1696 0.1655 0.1632 0.1676 
         104  1 0.1635 0.1681 0.1689 0.1651 0.1675 0.1669 
         105  1 0.1693 0.1638 0.1633 0.1696 0.1702 0.1638 
         106  1 0.1714 0.1653 0.1647 0.1655 0.1676 0.1656 
         107  1 0.1759 0.1598 0.1597 0.1723 0.1719 0.1605 
         108  1 0.1605 0.1781 0.1779 0.1522 0.1536 0.1777 
         109  1 0.1607 0.1779 0.1777 0.1521 0.1532 0.1783 
         110  1 0.1607 0.1771 0.1778 0.1551 0.1522 0.1771 
         111  1 0.1609 0.1678 0.1686 0.1671 0.1681 0.1675 
         112  1 0.1645 0.1663 0.1666 0.1681 0.1683 0.1662 
         113  1 0.1713 0.1610 0.1609 0.1721 0.1724 0.1622 
         114  1 0.1681 0.1686 0.1696 0.1610 0.1631 0.1695 
         115  1 0.1710 0.1626 0.1621 0.1698 0.1717 0.1629 
         116  1 0.1681 0.1675 0.1666 0.1660 0.1640 0.1678 
         117  1 0.1695 0.1633 0.1628 0.1689 0.1721 0.1634 
         118  1 0.1667 0.1706 0.1700 0.1612 0.1608 0.1707 
         119  1 0.1689 0.1622 0.1632 0.1721 0.1713 0.1623 
         120  1 0.1677 0.1705 0.1704 0.1613 0.1591 0.1711 
         121  1 0.1690 0.1593 0.1593 0.1790 0.1736 0.1597 
         122  1 0.1688 0.1651 0.1648 0.1669 0.1679 0.1665 
         123  1 0.1620 0.1717 0.1719 0.1625 0.1603 0.1717 
         124  1 0.1651 0.1679 0.1683 0.1690 0.1622 0.1674 
         125  1 0.1649 0.1706 0.1707 0.1625 0.1609 0.1705 
         126  1 0.1655 0.1662 0.1657 0.1689 0.1672 0.1666 
         127  1 0.1691 0.1623 0.1619 0.1716 0.1728 0.1622 
         128  1 0.1777 0.1594 0.1591 0.1716 0.1717 0.1605 
         129  1 0.1644 0.1661 0.1679 0.1672 0.1685 0.1658 
         130  1 0.1621 0.1692 0.1704 0.1629 0.1666 0.1688 
         131  1 0.1701 0.1634 0.1629 0.1695 0.1692 0.1647 
         132  1 0.1724 0.1626 0.1628 0.1680 0.1700 0.1642 
         133  1 0.1644 0.1699 0.1704 0.1614 0.1641 0.1698 
         134  1 0.1623 0.1699 0.1702 0.1646 0.1629 0.1702 
         135  1 0.1748 0.1563 0.1566 0.1783 0.1765 0.1574 
         136  1 0.1665 0.1686 0.1693 0.1628 0.1645 0.1684 
         137  1 0.1709 0.1644 0.1640 0.1696 0.1661 0.1650 
         138  1 0.1727 0.1615 0.1609 0.1718 0.1715 0.1615 
         139  1 0.1649 0.1655 0.1661 0.1680 0.1702 0.1654 
         140  1 0.1616 0.1733 0.1744 0.1587 0.1593 0.1726 
         141  1 0.1706 0.1636 0.1628 0.1686 0.1713 0.1629 
         142  1 0.1688 0.1638 0.1638 0.1697 0.1702 0.1637 
         143  1 0.1674 0.1673 0.1673 0.1657 0.1650 0.1674 
         144  1 0.1683 0.1638 0.1637 0.1740 0.1655 0.1647 
         145  1 0.1688 0.1673 0.1668 0.1644 0.1658 0.1669 
         146  1 0.1665 0.1640 0.1656 0.1708 0.1690 0.1642 
         147  1 0.1658 0.1697 0.1692 0.1619 0.1629 0.1705 
         148  1 0.1701 0.1670 0.1669 0.1636 0.1644 0.1679 
         149  1 0.1655 0.1683 0.1684 0.1631 0.1675 0.1671 
         150  1 0.1686 0.1647 0.1656 0.1679 0.1675 0.1657 
         151  1 0.1681 0.1696 0.1687 0.1619 0.1621 0.1696 
         152  1 0.1609 0.1730 0.1726 0.1603 0.1609 0.1724 
         153  1 0.1713 0.1658 0.1658 0.1651 0.1652 0.1667 
         154  1 0.1638 0.1713 0.1709 0.1617 0.1604 0.1720 
         155  1 0.1728 0.1596 0.1593 0.1740 0.1734 0.1610 
         156  1 0.1660 0.1672 0.1671 0.1672 0.1658 0.1667 
         157  1 0.1691 0.1619 0.1624 0.1711 0.1735 0.1620 
         158  1 0.1654 0.1693 0.1698 0.1622 0.1632 0.1700 
         159  1 0.1598 0.1679 0.1698 0.1695 0.1654 0.1675 
         160  1 0.1546 0.1795 0.1800 0.1531 0.1545 0.1784 
         161  1 0.1715 0.1628 0.1622 0.1710 0.1699 0.1626 
         162  1 0.1726 0.1618 0.1619 0.1727 0.1694 0.1616 
         163  1 0.1684 0.1652 0.1652 0.1678 0.1672 0.1662 
         164  1 0.1680 0.1653 0.1648 0.1683 0.1678 0.1659 
         165  1 0.1626 0.1695 0.1703 0.1620 0.1667 0.1690 
         166  1 0.1672 0.1643 0.1636 0.1735 0.1672 0.1642 
         167  1 0.1708 0.1616 0.1614 0.1728 0.1705 0.1629 
         168  1 0.1746 0.1623 0.1623 0.1692 0.1684 0.1633 
         169  1 0.1732 0.1605 0.1599 0.1738 0.1709 0.1618 
         170  1 0.1632 0.1718 0.1722 0.1597 0.1616 0.1714 
         171  1 0.1669 0.1691 0.1705 0.1616 0.1637 0.1682 
         172  1 0.1585 0.1745 0.1748 0.1591 0.1589 0.1742 
         173  1 0.1698 0.1619 0.1625 0.1733 0.1706 0.1619 
         174  1 0.1651 0.1661 0.1656 0.1693 0.1689 0.1649 
         175  1 0.1673 0.1643 0.1643 0.1703 0.1696 0.1641 
         176  1 0.1647 0.1727 0.1721 0.1582 0.1598 0.1725 
         177  1 0.1745 0.1554 0.1548 0.1779 0.1820 0.1555 
         178  1 0.1676 0.1676 0.1666 0.1643 0.1663 0.1676 
         179  1 0.1631 0.1700 0.1696 0.1657 0.1620 0.1696 
         180  1 0.1658 0.1668 0.1660 0.1668 0.1676 0.1668 
         181  1 0.1742 0.1554 0.1548 0.1798 0.1801 0.1557 
         182  1 0.1717 0.1642 0.1639 0.1685 0.1672 0.1645 
         183  1 0.1653 0.1686 0.1700 0.1618 0.1661 0.1683 
         184  1 0.1706 0.1613 0.1618 0.1710 0.1738 0.1615 
         185  1 0.1576 0.1761 0.1769 0.1560 0.1576 0.1759 
         186  1 0.1763 0.1574 0.1577 0.1757 0.1748 0.1581 
         187  1 0.1666 0.1677 0.1686 0.1620 0.1672 0.1679 
         188  1 0.1638 0.1685 0.1696 0.1653 0.1652 0.1676 
         189  1 0.1633 0.1697 0.1691 0.1629 0.1665 0.1684 
         190  1 0.1586 0.1748 0.1753 0.1593 0.1578 0.1741 
         191  1 0.1620 0.1768 0.1764 0.1548 0.1538 0.1762 
         192  1 0.1696 0.1619 0.1609 0.1725 0.1738 0.1613 
         193  1 0.1741 0.1613 0.1607 0.1701 0.1713 0.1626 
         194  1 0.1628 0.1693 0.1711 0.1642 0.1641 0.1686 
         195  1 0.1653 0.1648 0.1644 0.1708 0.1694 0.1652 
         196  1 0.1619 0.1738 0.1746 0.1573 0.1594 0.1729 
         197  1 0.1611 0.1668 0.1673 0.1700 0.1687 0.1660 
         198  1 0.1653 0.1679 0.1685 0.1637 0.1669 0.1676 
         199  1 0.1661 0.1691 0.1683 0.1634 0.1647 0.1683 
         200  1 0.1654 0.1685 0.1678 0.1647 0.1657 0.1680 
         201  1 0.1765 0.1520 0.1522 0.1810 0.1854 0.1529 
         202  1 0.1701 0.1607 0.1604 0.1757 0.1723 0.1607 
         203  1 0.1605 0.1720 0.1744 0.1615 0.1612 0.1705 
         204  1 0.1628 0.1708 0.1705 0.1614 0.1636 0.1709 
         205  1 0.1622 0.1700 0.1702 0.1639 0.1635 0.1702 
         206  1 0.1653 0.1665 0.1669 0.1690 0.1666 0.1658 
         207  1 0.1627 0.1656 0.1664 0.1705 0.1693 0.1655 
         208  1 0.1407 0.1957 0.2018 0.1340 0.1347 0.1930 
         209  1 0.1727 0.1627 0.1628 0.1699 0.1690 0.1629 
         210  1 0.1719 0.1580 0.1573 0.1784 0.1759 0.1585 
         211  1 0.1652 0.1668 0.1672 0.1685 0.1654 0.1669 
         212  1 0.1738 0.1590 0.1583 0.1750 0.1744 0.1596 
         213  1 0.1630 0.1696 0.1705 0.1639 0.1646 0.1684 
         214  1 0.1659 0.1696 0.1688 0.1616 0.1639 0.1703 
         215  1 0.1656 0.1679 0.1673 0.1637 0.1674 0.1681 
         216  1 0.1702 0.1663 0.1669 0.1650 0.1646 0.1669 
         217  1 0.1694 0.1648 0.1640 0.1695 0.1668 0.1655 
         218  1 0.1784 0.1568 0.1558 0.1745 0.1766 0.1578 
         219  1 0.1720 0.1568 0.1569 0.1775 0.1795 0.1573 
         220  1 0.1653 0.1676 0.1682 0.1648 0.1661 0.1681 
         221  1 0.1679 0.1687 0.1680 0.1654 0.1612 0.1689 
         222  1 0.1666 0.1657 0.1661 0.1690 0.1668 0.1658 
         223  1 0.1579 0.1776 0.1775 0.1539 0.1555 0.1776 
         224  1 0.1607 0.1744 0.1750 0.1578 0.1590 0.1731 
         225  1 0.1688 0.1637 0.1636 0.1702 0.1693 0.1644 
         226  1 0.1623 0.1700 0.1706 0.1663 0.1607 0.1700 
         227  1 0.1688 0.1667 0.1671 0.1646 0.1660 0.1668 
         228  1 0.1675 0.1641 0.1635 0.1717 0.1695 0.1637 
         229  1 0.1741 0.1632 0.1627 0.1665 0.1694 0.1641 
         230  1 0.1714 0.1567 0.1560 0.1806 0.1778 0.1575 
         231  1 0.1693 0.1655 0.1651 0.1675 0.1669 0.1659 
         232  1 0.1711 0.1619 0.1623 0.1693 0.1732 0.1623 
         233  1 0.1748 0.1550 0.1544 0.1823 0.1788 0.1547 
         234  1 0.1572 0.1732 0.1754 0.1619 0.1611 0.1712 
         235  1 0.1691 0.1641 0.1641 0.1695 0.1690 0.1642 
         236  1 0.1642 0.1676 0.1692 0.1658 0.1658 0.1674 
         237  1 0.1685 0.1669 0.1665 0.1658 0.1659 0.1664 
         238  1 0.1723 0.1601 0.1598 0.1746 0.1730 0.1603 
         239  1 0.1616 0.1704 0.1696 0.1656 0.1639 0.1689 
         240  1 0.1687 0.1668 0.1675 0.1645 0.1657 0.1668 
         241  1 0.1733 0.1624 0.1622 0.1683 0.1714 0.1624 
         242  1 0.1709 0.1657 0.1653 0.1642 0.1682 0.1656 
         243  1 0.1759 0.1546 0.1540 0.1803 0.1796 0.1555 
         244  1 0.1700 0.1668 0.1666 0.1637 0.1656 0.1672 
         245  1 0.1654 0.1676 0.1681 0.1659 0.1663 0.1666 
         246  1 0.1713 0.1612 0.1610 0.1700 0.1747 0.1618 
         247  1 0.1685 0.1694 0.1692 0.1625 0.1605 0.1700 
         248  1 0.1577 0.1761 0.1753 0.1573 0.1586 0.1750 
         249  1 0.1663 0.1650 0.1666 0.1678 0.1692 0.1651 
         250  1 0.1765 0.1567 0.1566 0.1771 0.1762 0.1570 
         251  1 0.1678 0.1672 0.1667 0.1641 0.1661 0.1681 
         252  1 0.1713 0.1607 0.1614 0.1718 0.1728 0.1620 
         253  1 0.1735 0.1567 0.1559 0.1787 0.1784 0.1567 
         254  1 0.1610 0.1769 0.1769 0.1534 0.1562 0.1756 
         255  1 0.1703 0.1673 0.1672 0.1649 0.1623 0.1680 
         256  1 0.1574 0.1735 0.1740 0.1609 0.1613 0.1729 
         257  1 0.1653 0.1707 0.1710 0.1601 0.1626 0.1703 
         258  1 0.1647 0.1643 0.1645 0.1724 0.1702 0.1641 
         259  1 0.1664 0.1672 0.1666 0.1650 0.1665 0.1682 
         260  1 0.1681 0.1630 0.1624 0.1711 0.1716 0.1638 
         261  1 0.1722 0.1639 0.1640 0.1673 0.1680 0.1646 
         262  1 0.1568 0.1788 0.1804 0.1537 0.1528 0.1776 
         263  1 0.1757 0.1556 0.1556 0.1774 0.1795 0.1562 
         264  1 0.1651 0.1627 0.1636 0.1735 0.1724 0.1626 
         265  1 0.1698 0.1653 0.1654 0.1666 0.1677 0.1653 
         266  1 0.1573 0.1742 0.1741 0.1583 0.1618 0.1742 
         267  1 0.1716 0.1581 0.1586 0.1782 0.1739 0.1595 
         268  1 0.1675 0.1648 0.1645 0.1691 0.1686 0.1655 
         269  1 0.1602 0.1757 0.1754 0.1573 0.1572 0.1741 
         270  1 0.1711 0.1583 0.1576 0.1760 0.1788 0.1581 
         271  1 0.1696 0.1671 0.1667 0.1640 0.1657 0.1670 
         272  1 0.1630 0.1685 0.1683 0.1661 0.1656 0.1685 
         273  1 0.1659 0.1695 0.1688 0.1624 0.1639 0.1696 
         274  1 0.1688 0.1640 0.1634 0.1698 0.1697 0.1643 
         275  1 0.1667 0.1652 0.1656 0.1677 0.1688 0.1660 
         276  1 0.1701 0.1630 0.1627 0.1702 0.1708 0.1632 
         277  1 0.1700 0.1678 0.1674 0.1623 0.1646 0.1680 
         278  1 0.1689 0.1644 0.1646 0.1687 0.1689 0.1645 
         279  1 0.1738 0.1532 0.1530 0.1845 0.1821 0.1535 
         280  1 0.1689 0.1634 0.1632 0.1707 0.1700 0.1637 
         281  1 0.1614 0.1753 0.1758 0.1556 0.1563 0.1756 
         282  1 0.1611 0.1750 0.1746 0.1573 0.1579 0.1742 
         283  1 0.1629 0.1703 0.1714 0.1634 0.1624 0.1697 
         284  1 0.1627 0.1673 0.1667 0.1707 0.1661 0.1666 
         285  1 0.1709 0.1592 0.1583 0.1767 0.1763 0.1586 
         286  1 0.1496 0.1824 0.1852 0.1518 0.1513 0.1797 
         287  1 0.1614 0.1727 0.1724 0.1623 0.1587 0.1726 
         288  1 0.1678 0.1671 0.1669 0.1679 0.1636 0.1667 
         289  1 0.1643 0.1663 0.1664 0.1702 0.1679 0.1649 
         290  1 0.1685 0.1674 0.1672 0.1653 0.1642 0.1673 
         291  1 0.1733 0.1588 0.1587 0.1763 0.1732 0.1596 
         292  1 0.1610 0.1732 0.1729 0.1610 0.1593 0.1726 
         293  1 0.1687 0.1633 0.1629 0.1721 0.1702 0.1629 
         294  1 0.1695 0.1602 0.1594 0.1768 0.1739 0.1603 
         295  1 0.1593 0.1763 0.1765 0.1562 0.1567 0.1750 
         296  1 0.1729 0.1554 0.1549 0.1811 0.1794 0.1563 
         297  1 0.1729 0.1565 0.1563 0.1804 0.1777 0.1562 
         298  1 0.1647 0.1658 0.1678 0.1686 0.1689 0.1643 
         299  1 0.1635 0.1664 0.1674 0.1680 0.1679 0.1667 
         300  1 0.1689 0.1637 0.1633 0.1715 0.1689 0.1638 
         301  1 0.1603 0.1728 0.1731 0.1626 0.1595 0.1717 
         302  1 0.1745 0.1601 0.1596 0.1709 0.1736 0.1613 
         303  1 0.1705 0.1562 0.1559 0.1829 0.1778 0.1567 
