           1  1 0.0980 0.0984 0.0980 0.0976 0.1072 0.0989 0.0989 0.1011 0.0996 0.1024 
           2  1 0.1043 0.0979 0.1007 0.1039 0.0952 0.1032 0.1025 0.0969 0.0958 0.0996 
           3  1 0.0980 0.0976 0.0984 0.0985 0.1067 0.0996 0.0998 0.1027 0.1006 0.0982 
           4  1 0.1009 0.1006 0.0982 0.1012 0.0927 0.1008 0.1009 0.1012 0.1044 0.0991 
           5  1 0.1063 0.0992 0.0984 0.1074 0.0946 0.1052 0.1048 0.0963 0.0948 0.0930 
           6  1 0.0993 0.1015 0.0999 0.0993 0.0967 0.0994 0.0997 0.1042 0.1008 0.0991 
           7  1 0.0944 0.0999 0.1022 0.0942 0.1055 0.0959 0.0950 0.1056 0.1035 0.1038 
           8  1 0.0986 0.0999 0.0997 0.0982 0.1035 0.0985 0.0986 0.1024 0.1001 0.1004 
           9  1 0.0983 0.1019 0.1005 0.0983 0.1017 0.0993 0.0992 0.0990 0.1003 0.1015 
          10  1 0.1010 0.1004 0.0978 0.1011 0.1049 0.1013 0.1014 0.0971 0.0958 0.0993 
          11  1 0.1095 0.1007 0.0980 0.1105 0.0905 0.1059 0.1068 0.0940 0.0922 0.0918 
          12  1 0.1021 0.0994 0.1017 0.1015 0.0940 0.1009 0.1016 0.0987 0.1001 0.1001 
          13  1 0.1049 0.0984 0.1006 0.1050 0.0989 0.1035 0.1038 0.0978 0.0943 0.0928 
          14  1 0.1005 0.1029 0.1003 0.1004 0.0992 0.1004 0.0996 0.1024 0.0980 0.0962 
          15  1 0.0970 0.0998 0.1009 0.0971 0.0984 0.0966 0.0973 0.1022 0.1044 0.1063 
          16  1 0.1028 0.0993 0.0983 0.1025 0.0999 0.1014 0.1021 0.0997 0.0965 0.0975 
          17  1 0.0973 0.1006 0.0978 0.0972 0.1016 0.0982 0.0992 0.1052 0.1019 0.1010 
          18  1 0.0996 0.1004 0.0995 0.1002 0.0954 0.0994 0.1001 0.1005 0.1060 0.0991 
          19  1 0.1088 0.1009 0.0980 0.1083 0.0895 0.1058 0.1059 0.0954 0.0933 0.0941 
          20  1 0.0910 0.1000 0.1047 0.0912 0.1119 0.0932 0.0920 0.1024 0.1052 0.1086 
          21  1 0.0959 0.1007 0.0993 0.0962 0.1082 0.0976 0.0962 0.1023 0.1013 0.1023 
          22  1 0.1002 0.1005 0.0987 0.1004 0.1023 0.1010 0.0990 0.0989 0.0990 0.1000 
          23  1 0.1039 0.1001 0.0987 0.1045 0.0931 0.1021 0.1030 0.0949 0.0991 0.1006 
          24  1 0.0978 0.1001 0.1037 0.0983 0.1026 0.0992 0.0979 0.1005 0.0996 0.1003 
          25  1 0.0971 0.1027 0.0983 0.0973 0.0963 0.0979 0.0983 0.1040 0.1042 0.1039 
          26  1 0.1015 0.0992 0.1017 0.1007 0.1001 0.1004 0.1016 0.0985 0.0984 0.0979 
          27  1 0.1016 0.1051 0.1010 0.1016 0.0943 0.1000 0.1015 0.0987 0.0988 0.0974 
          28  1 0.1078 0.1000 0.0981 0.1073 0.0884 0.1066 0.1063 0.0975 0.0947 0.0932 
          29  1 0.1046 0.0996 0.0979 0.1047 0.0984 0.1040 0.1036 0.0996 0.0925 0.0952 
          30  1 0.0984 0.1022 0.1007 0.0975 0.0991 0.0977 0.0984 0.1023 0.1027 0.1010 
          31  1 0.0986 0.1004 0.0990 0.0982 0.0991 0.0983 0.0982 0.1017 0.1013 0.1053 
          32  1 0.1087 0.1002 0.0961 0.1082 0.0906 0.1068 0.1074 0.0955 0.0938 0.0927 
          33  1 0.0994 0.1013 0.0990 0.0995 0.0981 0.0998 0.0993 0.1031 0.1005 0.1000 
          34  1 0.1012 0.0997 0.1008 0.1012 0.1016 0.1014 0.1020 0.0964 0.0965 0.0993 
          35  1 0.0954 0.0996 0.0994 0.0962 0.1058 0.0967 0.0965 0.1028 0.1050 0.1026 
          36  1 0.1004 0.1004 0.0978 0.1002 0.1080 0.1008 0.1000 0.0990 0.0959 0.0976 
          37  1 0.1012 0.1000 0.1040 0.1004 0.0978 0.1011 0.0999 0.1000 0.0987 0.0968 
          38  1 0.1079 0.1009 0.1002 0.1068 0.0925 0.1055 0.1061 0.0966 0.0942 0.0893 
          39  1 0.0946 0.0986 0.0979 0.0948 0.1141 0.0966 0.0960 0.1015 0.1003 0.1056 
          40  1 0.0982 0.1010 0.0989 0.0976 0.0998 0.0999 0.0992 0.1044 0.1025 0.0985 
          41  1 0.1000 0.1001 0.1020 0.1001 0.0985 0.0999 0.1004 0.0974 0.1028 0.0987 
          42  1 0.0938 0.0984 0.0980 0.0938 0.1166 0.0953 0.0953 0.1002 0.1013 0.1073 
          43  1 0.1026 0.1001 0.1009 0.1033 0.0953 0.1023 0.1023 0.0990 0.0961 0.0979 
          44  1 0.0981 0.1001 0.1019 0.0974 0.1015 0.0973 0.0985 0.1004 0.1029 0.1021 
          45  1 0.0969 0.1002 0.1007 0.0970 0.1080 0.0987 0.0981 0.1017 0.0999 0.0989 
          46  1 0.0983 0.1008 0.1005 0.0981 0.1028 0.0984 0.0982 0.1009 0.1011 0.1010 
          47  1 0.1004 0.0984 0.0985 0.1005 0.1059 0.1014 0.1012 0.0978 0.0960 0.1000 
          48  1 0.1009 0.1005 0.0988 0.1010 0.0971 0.1005 0.1019 0.1027 0.0986 0.0981 
          49  1 0.1019 0.1001 0.0993 0.1022 0.0984 0.1015 0.1020 0.1006 0.0962 0.0978 
          50  1 0.1033 0.1007 0.0975 0.1032 0.0983 0.1016 0.1019 0.0983 0.0963 0.0989 
          51  1 0.0998 0.1038 0.1007 0.0994 0.0980 0.1001 0.1005 0.1012 0.1005 0.0960 
          52  1 0.1001 0.1016 0.0968 0.0998 0.0999 0.0997 0.1005 0.1018 0.0997 0.1000 
          53  1 0.1050 0.1002 0.0972 0.1046 0.0956 0.1035 0.1048 0.1010 0.0951 0.0930 
          54  1 0.0991 0.0982 0.0978 0.0985 0.1073 0.0992 0.0985 0.0997 0.0981 0.1035 
          55  1 0.0946 0.0977 0.1017 0.0945 0.1210 0.0973 0.0945 0.0983 0.0967 0.1037 
          56  1 0.1055 0.0990 0.0973 0.1059 0.0936 0.1042 0.1043 0.1002 0.0950 0.0950 
          57  1 0.1014 0.0981 0.1001 0.1012 0.1059 0.1004 0.1001 0.0962 0.0972 0.0997 
          58  1 0.0991 0.0991 0.0982 0.0992 0.1028 0.1001 0.0989 0.0997 0.1003 0.1026 
          59  1 0.0951 0.1011 0.1017 0.0954 0.0992 0.0959 0.0964 0.1018 0.1079 0.1055 
          60  1 0.0977 0.0990 0.1022 0.0981 0.1076 0.0993 0.0980 0.0985 0.0978 0.1018 
          61  1 0.0979 0.0993 0.0973 0.0976 0.1035 0.0984 0.0991 0.1011 0.1028 0.1029 
          62  1 0.1020 0.0999 0.0980 0.1019 0.0994 0.1020 0.1020 0.1002 0.0970 0.0975 
          63  1 0.0990 0.1013 0.1004 0.0994 0.0965 0.0980 0.0997 0.0995 0.1053 0.1009 
          64  1 0.0976 0.1026 0.1015 0.0978 0.0986 0.0988 0.0983 0.1043 0.1021 0.0982 
          65  1 0.1045 0.0990 0.0984 0.1044 0.0940 0.1028 0.1042 0.0984 0.0984 0.0958 
          66  1 0.1004 0.0991 0.0973 0.1006 0.0995 0.0998 0.1004 0.1025 0.0996 0.1008 
          67  1 0.0995 0.0989 0.1002 0.0994 0.1028 0.0990 0.0997 0.0977 0.1003 0.1025 
          68  1 0.0931 0.1001 0.1008 0.0933 0.1073 0.0944 0.0930 0.0999 0.1074 0.1108 
          69  1 0.0990 0.0998 0.0989 0.0992 0.1023 0.0997 0.0988 0.1040 0.0985 0.0999 
          70  1 0.0971 0.1018 0.1041 0.0969 0.1005 0.0972 0.0985 0.1000 0.1035 0.1003 
          71  1 0.0985 0.1016 0.1017 0.0984 0.0946 0.0988 0.0989 0.1044 0.1024 0.1005 
          72  1 0.0959 0.1007 0.1035 0.0956 0.1068 0.0972 0.0968 0.0988 0.1023 0.1024 
          73  1 0.1018 0.0999 0.0973 0.1020 0.0949 0.1012 0.1017 0.1020 0.1003 0.0989 
          74  1 0.0991 0.0989 0.0993 0.0987 0.0975 0.0991 0.0997 0.1012 0.1055 0.1011 
          75  1 0.0946 0.0995 0.1025 0.0950 0.1063 0.0963 0.0947 0.0994 0.1038 0.1078 
          76  1 0.0997 0.1002 0.0990 0.0999 0.1017 0.0996 0.0992 0.1009 0.1003 0.0995 
          77  1 0.1002 0.1006 0.0998 0.1004 0.0979 0.1000 0.1003 0.0979 0.1008 0.1021 
          78  1 0.1045 0.0991 0.1008 0.1041 0.0982 0.1031 0.1034 0.0957 0.0961 0.0951 
          79  1 0.1005 0.0993 0.0987 0.1006 0.1069 0.1006 0.1005 0.0979 0.0961 0.0990 
          80  1 0.0957 0.0994 0.1016 0.0960 0.1068 0.0963 0.0969 0.0995 0.1049 0.1027 
          81  1 0.1037 0.1016 0.0983 0.1034 0.0974 0.1032 0.1031 0.0978 0.0958 0.0957 
          82  1 0.1033 0.0974 0.1017 0.1034 0.0998 0.1013 0.1022 0.0939 0.0990 0.0980 
          83  1 0.0922 0.0981 0.1001 0.0924 0.1203 0.0942 0.0934 0.0986 0.1008 0.1100 
          84  1 0.1003 0.1004 0.1012 0.0999 0.0958 0.1003 0.0998 0.1001 0.1027 0.0994 
          85  1 0.0939 0.0967 0.0992 0.0938 0.1160 0.0948 0.0948 0.1018 0.1025 0.1065 
          86  1 0.0959 0.1012 0.1009 0.0963 0.0993 0.0975 0.0967 0.1046 0.1053 0.1024 
          87  1 0.0978 0.1018 0.1046 0.0980 0.0955 0.0980 0.0974 0.1008 0.1053 0.1007 
          88  1 0.0994 0.0982 0.0993 0.0995 0.1003 0.0988 0.1002 0.0978 0.1040 0.1025 
          89  1 0.1040 0.0993 0.0969 0.1044 0.0988 0.1030 0.1031 0.0990 0.0956 0.0959 
          90  1 0.0991 0.1010 0.1009 0.0996 0.0928 0.0997 0.0991 0.1049 0.1017 0.1012 
          91  1 0.1042 0.1007 0.1000 0.1039 0.0970 0.1016 0.1028 0.0981 0.0966 0.0952 
          92  1 0.1038 0.1004 0.0981 0.1043 0.0962 0.1025 0.1025 0.0991 0.0974 0.0956 
          93  1 0.1046 0.0999 0.0975 0.1041 0.0931 0.1034 0.1035 0.1010 0.0970 0.0958 
          94  1 0.0941 0.0996 0.1021 0.0939 0.1110 0.0954 0.0947 0.0992 0.1027 0.1074 
          95  1 0.0973 0.1007 0.1000 0.0973 0.1020 0.0988 0.0984 0.1020 0.0994 0.1040 
          96  1 0.0977 0.0988 0.1019 0.0980 0.1118 0.0991 0.0971 0.0971 0.0963 0.1022 
          97  1 0.1000 0.1001 0.1003 0.0998 0.0986 0.1005 0.1002 0.1026 0.1006 0.0974 
          98  1 0.0995 0.1014 0.1007 0.0991 0.0955 0.0989 0.0999 0.0991 0.1026 0.1033 
          99  1 0.0975 0.0999 0.0984 0.0977 0.0937 0.0972 0.0978 0.1057 0.1050 0.1071 
         100  1 0.1026 0.1009 0.0973 0.1023 0.0946 0.1004 0.1010 0.0981 0.0996 0.1031 
         101  1 0.0938 0.1005 0.0996 0.0938 0.1095 0.0952 0.0943 0.1019 0.1034 0.1081 
         102  1 0.1037 0.0966 0.0994 0.1040 0.1063 0.1039 0.1026 0.0951 0.0937 0.0947 
         103  1 0.1013 0.0973 0.1012 0.1015 0.1052 0.1008 0.1005 0.0955 0.0958 0.1010 
         104  1 0.1009 0.1013 0.1034 0.1014 0.0970 0.1015 0.1007 0.0974 0.0961 0.1002 
         105  1 0.0976 0.1044 0.1021 0.0980 0.0981 0.0983 0.0987 0.1025 0.1012 0.0991 
         106  1 0.0987 0.1014 0.1017 0.0984 0.0980 0.0990 0.0991 0.1027 0.1031 0.0979 
         107  1 0.0960 0.1012 0.0989 0.0957 0.1038 0.0970 0.0969 0.1047 0.1029 0.1030 
         108  1 0.1053 0.1003 0.0991 0.1049 0.0911 0.1049 0.1045 0.1001 0.0960 0.0938 
         109  1 0.1050 0.0980 0.0984 0.1049 0.0969 0.1048 0.1053 0.0997 0.0928 0.0941 
         110  1 0.1057 0.0988 0.0987 0.1057 0.0922 0.1036 0.1046 0.1010 0.0961 0.0937 
         111  1 0.1020 0.0992 0.1013 0.1022 0.1036 0.1017 0.1008 0.0974 0.0960 0.0957 
         112  1 0.1002 0.1012 0.1020 0.1007 0.0997 0.1003 0.1004 0.0969 0.0987 0.1000 
         113  1 0.0962 0.0991 0.0975 0.0964 0.1123 0.0976 0.0959 0.0994 0.0999 0.1057 
         114  1 0.1014 0.0985 0.0972 0.1013 0.0987 0.1014 0.1013 0.1038 0.0971 0.0993 
         115  1 0.0968 0.1007 0.1009 0.0967 0.0980 0.0959 0.0973 0.1031 0.1078 0.1027 
         116  1 0.0991 0.0991 0.0999 0.0995 0.0992 0.0983 0.0991 0.1028 0.1015 0.1015 
         117  1 0.0981 0.0987 0.1010 0.0988 0.1008 0.0998 0.0992 0.1020 0.1016 0.1000 
         118  1 0.1001 0.0991 0.1006 0.0992 0.0944 0.0997 0.1008 0.1028 0.1039 0.0994 
         119  1 0.0970 0.0982 0.0986 0.0973 0.1145 0.0978 0.0967 0.0980 0.0982 0.1037 
         120  1 0.1006 0.1009 0.0999 0.1001 0.0961 0.1006 0.1012 0.1023 0.1025 0.0959 
         121  1 0.0958 0.1018 0.1014 0.0959 0.1029 0.0964 0.0965 0.0997 0.1023 0.1073 
         122  1 0.0978 0.1007 0.0984 0.0984 0.1028 0.0984 0.0988 0.1033 0.1013 0.1000 
         123  1 0.1045 0.0997 0.0982 0.1043 0.0950 0.1036 0.1036 0.0979 0.0964 0.0967 
         124  1 0.1003 0.0998 0.1014 0.1001 0.0981 0.1004 0.1004 0.0982 0.1010 0.1003 
         125  1 0.1021 0.0999 0.0986 0.1024 0.0942 0.1017 0.1019 0.1007 0.1009 0.0977 
         126  1 0.0996 0.0989 0.1002 0.0993 0.1026 0.0991 0.0999 0.0981 0.1009 0.1014 
         127  1 0.0977 0.1037 0.1010 0.0969 0.0980 0.0979 0.0978 0.1015 0.1019 0.1036 
         128  1 0.0963 0.1020 0.1014 0.0955 0.0973 0.0971 0.0972 0.1050 0.1059 0.1025 
         129  1 0.1026 0.1007 0.0966 0.1027 0.1044 0.1008 0.1013 0.0952 0.0966 0.0991 
         130  1 0.1014 0.1010 0.1010 0.1016 0.1006 0.1006 0.1007 0.1008 0.0982 0.0943 
         131  1 0.0990 0.0988 0.1000 0.0994 0.1014 0.0989 0.0998 0.1039 0.0999 0.0991 
         132  1 0.0955 0.0984 0.1051 0.0957 0.1019 0.0968 0.0968 0.1036 0.1045 0.1016 
         133  1 0.1014 0.0981 0.0992 0.1010 0.1052 0.1001 0.1015 0.1004 0.0955 0.0976 
         134  1 0.1023 0.1022 0.1011 0.1021 0.0977 0.1020 0.1010 0.0948 0.0965 0.1003 
         135  1 0.0947 0.1015 0.1003 0.0944 0.1014 0.0956 0.0951 0.1036 0.1051 0.1082 
         136  1 0.0999 0.1013 0.1005 0.0998 0.0950 0.0996 0.1015 0.1013 0.1012 0.0999 
         137  1 0.0974 0.0997 0.0972 0.0974 0.1004 0.0978 0.0985 0.1033 0.1044 0.1038 
         138  1 0.0972 0.1003 0.1018 0.0971 0.0972 0.0969 0.0979 0.1042 0.1068 0.1008 
         139  1 0.0998 0.1000 0.1020 0.1003 0.0970 0.0994 0.1004 0.1005 0.1006 0.0999 
         140  1 0.1033 0.0978 0.0986 0.1031 0.0995 0.1018 0.1026 0.1000 0.0974 0.0960 
         141  1 0.0965 0.0998 0.0980 0.0964 0.1080 0.0977 0.0976 0.1019 0.0989 0.1052 
         142  1 0.0980 0.0994 0.1007 0.0977 0.1028 0.0983 0.0987 0.1008 0.1020 0.1014 
         143  1 0.0996 0.0994 0.1000 0.0991 0.1010 0.0990 0.0998 0.1007 0.1012 0.1003 
         144  1 0.0977 0.1006 0.0980 0.0968 0.1049 0.0991 0.0982 0.0996 0.0995 0.1056 
         145  1 0.0995 0.0999 0.0975 0.1000 0.1010 0.1004 0.0995 0.1014 0.0989 0.1019 
         146  1 0.0997 0.1006 0.1003 0.0998 0.1009 0.1002 0.0989 0.0968 0.0991 0.1037 
         147  1 0.1011 0.0996 0.1005 0.1017 0.0943 0.1009 0.1011 0.1020 0.1005 0.0983 
         148  1 0.0994 0.1015 0.0967 0.0999 0.0960 0.0987 0.0996 0.1054 0.1005 0.1024 
         149  1 0.1013 0.1027 0.0995 0.1012 0.1011 0.1011 0.1010 0.0995 0.0967 0.0958 
         150  1 0.0999 0.1010 0.1015 0.0997 0.0977 0.0995 0.1005 0.1009 0.1024 0.0968 
         151  1 0.1012 0.0976 0.0995 0.1011 0.0975 0.1008 0.1018 0.1041 0.1002 0.0962 
         152  1 0.1016 0.0999 0.1017 0.1019 0.0942 0.1021 0.1017 0.1000 0.0986 0.0983 
         153  1 0.0985 0.0990 0.0972 0.0987 0.0977 0.0982 0.0990 0.1051 0.1035 0.1033 
         154  1 0.1018 0.0995 0.1004 0.1014 0.1008 0.1006 0.1019 0.0991 0.0997 0.0947 
         155  1 0.0949 0.1008 0.1006 0.0944 0.1014 0.0959 0.0957 0.1017 0.1087 0.1059 
         156  1 0.1009 0.0996 0.1002 0.1013 0.0964 0.1010 0.0998 0.0997 0.1007 0.1004 
         157  1 0.0978 0.0982 0.1013 0.0976 0.0995 0.0982 0.0985 0.1029 0.1038 0.1023 
         158  1 0.1019 0.0990 0.0992 0.1013 0.1021 0.1018 0.1006 0.1008 0.0951 0.0981 
         159  1 0.1029 0.0988 0.1027 0.1033 0.0976 0.1012 0.1014 0.0929 0.0992 0.1000 
         160  1 0.1076 0.0978 0.0978 0.1072 0.1034 0.1048 0.1054 0.0941 0.0906 0.0913 
         161  1 0.0979 0.1009 0.0986 0.0976 0.1036 0.0994 0.0979 0.1035 0.1007 0.1001 
         162  1 0.0967 0.1012 0.0993 0.0969 0.0985 0.0981 0.0975 0.1016 0.1047 0.1056 
         163  1 0.0987 0.0990 0.1016 0.0988 0.1008 0.0999 0.0985 0.0996 0.1000 0.1030 
         164  1 0.0964 0.0968 0.1013 0.0963 0.1112 0.0984 0.0964 0.1009 0.0999 0.1023 
         165  1 0.1027 0.1001 0.0986 0.1027 0.0949 0.1023 0.1018 0.1018 0.0980 0.0971 
         166  1 0.0996 0.1000 0.1009 0.0999 0.0968 0.0991 0.1008 0.0994 0.1017 0.1019 
         167  1 0.0978 0.0989 0.0983 0.0980 0.1072 0.0995 0.0985 0.1015 0.0979 0.1024 
         168  1 0.0964 0.0992 0.1015 0.0959 0.0999 0.0968 0.0978 0.1039 0.1049 0.1037 
         169  1 0.0958 0.0994 0.1029 0.0955 0.1039 0.0963 0.0964 0.1032 0.1056 0.1010 
         170  1 0.1039 0.0999 0.0999 0.1032 0.0941 0.1024 0.1024 0.1003 0.0981 0.0958 
         171  1 0.1040 0.0999 0.0994 0.1041 0.0959 0.1028 0.1030 0.0990 0.0970 0.0949 
         172  1 0.1053 0.0999 0.0999 0.1043 0.0924 0.1040 0.1040 0.0967 0.0970 0.0964 
         173  1 0.0985 0.0974 0.0989 0.0988 0.1029 0.0991 0.0994 0.0989 0.1027 0.1034 
         174  1 0.1011 0.1000 0.0985 0.1015 0.0937 0.1000 0.1009 0.0993 0.1032 0.1018 
         175  1 0.0985 0.0979 0.1000 0.0988 0.1051 0.0994 0.0987 0.1011 0.0987 0.1017 
         176  1 0.1034 0.0998 0.0990 0.1032 0.0981 0.1023 0.1031 0.0998 0.0960 0.0953 
         177  1 0.0933 0.1012 0.1027 0.0935 0.1044 0.0961 0.0948 0.1044 0.1036 0.1060 
         178  1 0.0995 0.1013 0.0994 0.0991 0.0978 0.1005 0.1000 0.1032 0.0998 0.0994 
         179  1 0.1020 0.0997 0.1002 0.1019 0.0968 0.1014 0.1019 0.0984 0.1005 0.0971 
         180  1 0.0997 0.0999 0.0995 0.0996 0.1050 0.1005 0.1002 0.0987 0.0984 0.0985 
         181  1 0.0935 0.0999 0.1033 0.0932 0.0984 0.0939 0.0945 0.1065 0.1106 0.1062 
         182  1 0.0978 0.0991 0.0990 0.0977 0.0995 0.0980 0.0976 0.1039 0.1036 0.1039 
         183  1 0.1022 0.1004 0.1005 0.1025 0.0952 0.1013 0.1026 0.1003 0.0986 0.0964 
         184  1 0.0978 0.1010 0.0989 0.0981 0.1001 0.0987 0.0981 0.1008 0.1025 0.1041 
         185  1 0.1061 0.1012 0.0980 0.1062 0.0940 0.1040 0.1046 0.0971 0.0945 0.0943 
         186  1 0.0941 0.1015 0.0999 0.0943 0.0994 0.0951 0.0951 0.1034 0.1078 0.1093 
         187  1 0.1014 0.1013 0.1011 0.1011 0.0961 0.1002 0.1004 0.1014 0.1006 0.0963 
         188  1 0.1029 0.1005 0.1006 0.1033 0.0978 0.1026 0.1023 0.0948 0.0972 0.0980 
         189  1 0.1017 0.1001 0.1016 0.1022 0.0966 0.1014 0.1015 0.0971 0.0997 0.0981 
         190  1 0.1047 0.0991 0.0970 0.1045 0.0982 0.1031 0.1036 0.0974 0.0963 0.0959 
         191  1 0.1067 0.1001 0.0987 0.1067 0.0921 0.1050 0.1058 0.0975 0.0952 0.0923 
         192  1 0.0965 0.1014 0.1005 0.0964 0.1035 0.0979 0.0968 0.0978 0.1015 0.1077 
         193  1 0.0954 0.0992 0.0990 0.0957 0.1040 0.0964 0.0965 0.1041 0.1031 0.1067 
         194  1 0.1024 0.0976 0.1004 0.1030 0.1054 0.1010 0.1018 0.0960 0.0946 0.0977 
         195  1 0.0987 0.0998 0.1029 0.0988 0.1053 0.0990 0.0982 0.0971 0.1000 0.1004 
         196  1 0.1055 0.0993 0.0962 0.1050 0.1032 0.1036 0.1039 0.0965 0.0907 0.0963 
         197  1 0.1007 0.1003 0.1015 0.1007 0.0997 0.0997 0.0997 0.0945 0.0986 0.1045 
         198  1 0.1023 0.0984 0.1000 0.1021 0.0963 0.1005 0.1018 0.0997 0.1004 0.0984 
         199  1 0.1019 0.1011 0.1013 0.1018 0.0955 0.1012 0.1013 0.0992 0.0991 0.0976 
         200  1 0.1016 0.0998 0.1011 0.1006 0.0968 0.1004 0.1009 0.1016 0.0985 0.0986 
         201  1 0.0912 0.1014 0.1061 0.0913 0.1028 0.0940 0.0932 0.1054 0.1102 0.1044 
         202  1 0.0966 0.1007 0.1063 0.0966 0.0989 0.0986 0.0965 0.0989 0.1019 0.1050 
         203  1 0.1048 0.0975 0.1003 0.1050 0.0985 0.1017 0.1032 0.0955 0.0967 0.0966 
         204  1 0.1037 0.1019 0.0989 0.1035 0.0954 0.1032 0.1033 0.0976 0.0966 0.0959 
         205  1 0.1022 0.0992 0.0997 0.1022 0.0973 0.1013 0.1018 0.0985 0.0985 0.0993 
         206  1 0.1002 0.1004 0.1015 0.1006 0.0959 0.1006 0.1005 0.0980 0.1001 0.1022 
         207  1 0.0987 0.0997 0.1043 0.0987 0.0987 0.0991 0.0990 0.0980 0.1015 0.1023 
         208  1 0.1234 0.0975 0.0939 0.1243 0.0817 0.1152 0.1181 0.0865 0.0805 0.0789 
         209  1 0.0967 0.0996 0.1019 0.0963 0.0995 0.0965 0.0969 0.1003 0.1053 0.1070 
         210  1 0.0925 0.0962 0.1024 0.0922 0.1210 0.0954 0.0930 0.1000 0.1016 0.1056 
         211  1 0.1026 0.0996 0.0999 0.1026 0.0998 0.1010 0.1021 0.0980 0.0985 0.0960 
         212  1 0.0954 0.0987 0.1005 0.0949 0.1111 0.0978 0.0962 0.1006 0.1005 0.1043 
         213  1 0.1036 0.0996 0.0990 0.1038 0.0953 0.1017 0.1028 0.0996 0.0972 0.0973 
         214  1 0.1003 0.1026 0.1003 0.1009 0.0961 0.1004 0.1015 0.1015 0.0987 0.0977 
         215  1 0.1000 0.1015 0.1008 0.0999 0.0977 0.1007 0.1003 0.1028 0.0996 0.0968 
         216  1 0.1000 0.0981 0.0999 0.0994 0.1029 0.0984 0.0992 0.1026 0.0991 0.1004 
         217  1 0.0994 0.1027 0.1004 0.0993 0.0964 0.0990 0.0995 0.1024 0.1016 0.0993 
         218  1 0.0952 0.1012 0.0997 0.0958 0.1013 0.0977 0.0965 0.1040 0.1064 0.1022 
         219  1 0.0940 0.1018 0.1000 0.0940 0.1072 0.0948 0.0944 0.1026 0.1042 0.1068 
         220  1 0.1010 0.0999 0.0993 0.1011 0.0998 0.1018 0.1014 0.1004 0.0981 0.0972 
         221  1 0.0988 0.0987 0.0968 0.0988 0.1041 0.0992 0.0994 0.1028 0.1010 0.1004 
         222  1 0.1000 0.1009 0.0983 0.1007 0.0990 0.0996 0.1005 0.1014 0.0995 0.1000 
         223  1 0.1057 0.0991 0.0990 0.1054 0.0981 0.1054 0.1046 0.0980 0.0919 0.0929 
         224  1 0.1053 0.0989 0.0969 0.1055 0.0967 0.1036 0.1039 0.0972 0.0949 0.0971 
         225  1 0.0982 0.0984 0.0997 0.0972 0.1105 0.0988 0.0988 0.0972 0.0986 0.1026 
         226  1 0.1036 0.1002 0.0986 0.1041 0.0938 0.1025 0.1026 0.0981 0.0984 0.0981 
         227  1 0.1000 0.0986 0.0985 0.0998 0.0976 0.0992 0.0999 0.1033 0.1042 0.0988 
         228  1 0.0974 0.1022 0.1017 0.0972 0.0972 0.0978 0.0972 0.1011 0.1038 0.1044 
         229  1 0.0976 0.1009 0.0997 0.0977 0.0990 0.0982 0.0982 0.1037 0.1034 0.1016 
         230  1 0.0933 0.0978 0.1034 0.0931 0.1135 0.0967 0.0943 0.0999 0.1036 0.1042 
         231  1 0.0986 0.0991 0.1015 0.0988 0.1031 0.1002 0.0992 0.1006 0.1002 0.0988 
         232  1 0.0980 0.0999 0.0979 0.0984 0.1107 0.0987 0.0985 0.1001 0.0977 0.1003 
         233  1 0.0923 0.1002 0.1018 0.0927 0.1075 0.0942 0.0942 0.1022 0.1077 0.1070 
         234  1 0.1076 0.1009 0.0961 0.1080 0.0925 0.1045 0.1048 0.0946 0.0953 0.0957 
         235  1 0.0990 0.0994 0.0995 0.0988 0.1038 0.0993 0.0986 0.0999 0.1018 0.0998 
         236  1 0.1014 0.0977 0.0977 0.1015 0.1041 0.1008 0.1004 0.0978 0.0986 0.0999 
         237  1 0.1006 0.1043 0.1007 0.1006 0.0945 0.1001 0.1009 0.1012 0.0987 0.0984 
         238  1 0.0955 0.0981 0.1029 0.0958 0.1070 0.0966 0.0961 0.0994 0.1050 0.1037 
         239  1 0.1011 0.0992 0.0997 0.1017 0.0989 0.1008 0.1014 0.0980 0.1002 0.0990 
         240  1 0.1021 0.1034 0.0979 0.1019 0.0969 0.1005 0.1013 0.1015 0.0981 0.0964 
         241  1 0.0968 0.1015 0.1022 0.0965 0.0989 0.0970 0.0971 0.1051 0.1041 0.1008 
         242  1 0.0989 0.1013 0.1021 0.0995 0.1004 0.0997 0.0995 0.1025 0.1001 0.0958 
         243  1 0.0931 0.0999 0.1029 0.0938 0.1019 0.0948 0.0948 0.1024 0.1083 0.1080 
         244  1 0.0985 0.0997 0.0994 0.0985 0.1005 0.0996 0.1000 0.1023 0.1008 0.1004 
         245  1 0.1000 0.0990 0.0989 0.1002 0.1073 0.1000 0.0997 0.0987 0.0965 0.0999 
         246  1 0.0958 0.1020 0.0985 0.0958 0.0996 0.0964 0.0971 0.1056 0.1051 0.1040 
         247  1 0.1010 0.0982 0.0986 0.1004 0.0963 0.1016 0.1012 0.1022 0.1003 0.1003 
         248  1 0.1073 0.0995 0.0986 0.1074 0.0973 0.1054 0.1058 0.0945 0.0924 0.0916 
         249  1 0.1004 0.0988 0.1013 0.1004 0.1044 0.1001 0.0988 0.0989 0.0969 0.0998 
         250  1 0.0927 0.0999 0.1014 0.0925 0.1046 0.0948 0.0951 0.1035 0.1072 0.1082 
         251  1 0.0992 0.1024 0.1015 0.0998 0.0971 0.1002 0.1002 0.1037 0.1004 0.0955 
         252  1 0.0978 0.1010 0.1013 0.0977 0.0968 0.0971 0.0983 0.1015 0.1065 0.1020 
         253  1 0.0927 0.0994 0.1011 0.0931 0.1030 0.0952 0.0948 0.1033 0.1077 0.1098 
         254  1 0.1069 0.1033 0.0979 0.1066 0.0915 0.1049 0.1061 0.0994 0.0932 0.0902 
         255  1 0.0987 0.1009 0.1001 0.0985 0.1005 0.0997 0.0994 0.1006 0.0988 0.1029 
         256  1 0.1047 0.1003 0.1013 0.1039 0.0937 0.1042 0.1035 0.0957 0.0959 0.0967 
         257  1 0.1018 0.1008 0.1016 0.1020 0.0954 0.1010 0.1024 0.1007 0.0996 0.0947 
         258  1 0.0999 0.0998 0.1016 0.0994 0.1020 0.0992 0.0990 0.0961 0.1021 0.1009 
         259  1 0.0985 0.0990 0.0994 0.0984 0.1074 0.1001 0.0990 0.1004 0.0977 0.1000 
         260  1 0.0957 0.0982 0.1025 0.0959 0.1090 0.0973 0.0963 0.0987 0.1008 0.1055 
         261  1 0.0969 0.0997 0.0992 0.0974 0.1036 0.0977 0.0971 0.1032 0.1026 0.1025 
         262  1 0.1081 0.0980 0.0981 0.1081 0.0958 0.1057 0.1066 0.0948 0.0929 0.0919 
         263  1 0.0926 0.0984 0.0987 0.0924 0.1168 0.0941 0.0933 0.1008 0.1030 0.1098 
         264  1 0.0978 0.1012 0.1009 0.0975 0.0968 0.0979 0.0978 0.1004 0.1068 0.1029 
         265  1 0.0999 0.1004 0.0993 0.0998 0.1039 0.1006 0.0992 0.1008 0.0980 0.0980 
         266  1 0.1054 0.1027 0.0997 0.1051 0.0907 0.1037 0.1039 0.0989 0.0960 0.0938 
         267  1 0.0944 0.0983 0.1021 0.0948 0.1039 0.0953 0.0957 0.1016 0.1078 0.1060 
         268  1 0.0972 0.0986 0.0996 0.0972 0.1080 0.0982 0.0987 0.1015 0.1001 0.1009 
         269  1 0.1059 0.0984 0.0981 0.1055 0.0949 0.1047 0.1039 0.0984 0.0951 0.0952 
         270  1 0.0950 0.1020 0.1004 0.0950 0.1003 0.0965 0.0953 0.1027 0.1092 0.1037 
         271  1 0.0991 0.1014 0.0997 0.0994 0.0951 0.0995 0.0996 0.1067 0.1022 0.0973 
         272  1 0.1019 0.0984 0.1008 0.1014 0.1003 0.1011 0.1020 0.0982 0.0992 0.0968 
         273  1 0.1002 0.1014 0.0991 0.1005 0.0977 0.1010 0.0996 0.1010 0.0988 0.1009 
         274  1 0.0971 0.0984 0.1014 0.0973 0.1071 0.0982 0.0985 0.1006 0.1007 0.1009 
         275  1 0.0999 0.1010 0.1020 0.0996 0.1000 0.1001 0.1001 0.1008 0.0994 0.0971 
         276  1 0.0983 0.1000 0.0984 0.0981 0.1018 0.1006 0.0991 0.1015 0.1001 0.1022 
         277  1 0.0995 0.1016 0.1009 0.0991 0.0973 0.0992 0.0989 0.1029 0.1001 0.1006 
         278  1 0.0976 0.1005 0.1008 0.0975 0.1034 0.0999 0.0983 0.1016 0.0982 0.1022 
         279  1 0.0921 0.0977 0.1036 0.0924 0.1099 0.0933 0.0932 0.0990 0.1079 0.1108 
         280  1 0.0973 0.1014 0.1047 0.0969 0.0968 0.0978 0.0977 0.0987 0.1062 0.1024 
         281  1 0.1047 0.1022 0.0985 0.1040 0.0933 0.1034 0.1044 0.0991 0.0964 0.0941 
         282  1 0.1035 0.0997 0.1006 0.1038 0.0992 0.1034 0.1027 0.0961 0.0976 0.0935 
         283  1 0.1047 0.1003 0.0981 0.1051 0.0917 0.1029 0.1031 0.0966 0.0997 0.0977 
         284  1 0.1015 0.0991 0.1004 0.1015 0.0973 0.1020 0.1017 0.0970 0.1003 0.0993 
         285  1 0.0961 0.1001 0.0992 0.0962 0.0993 0.0962 0.0962 0.1030 0.1063 0.1074 
         286  1 0.1133 0.0993 0.0962 0.1139 0.0883 0.1099 0.1095 0.0901 0.0902 0.0892 
         287  1 0.1046 0.0995 0.0971 0.1045 0.0949 0.1043 0.1043 0.0972 0.0976 0.0960 
         288  1 0.1004 0.1040 0.0993 0.0999 0.0942 0.1003 0.0997 0.1005 0.1006 0.1011 
         289  1 0.0991 0.0964 0.1017 0.0996 0.1086 0.0987 0.0985 0.0967 0.0983 0.1025 
         290  1 0.1004 0.0991 0.0987 0.1003 0.1038 0.1013 0.1001 0.0989 0.0977 0.0997 
         291  1 0.0952 0.0986 0.1006 0.0948 0.1032 0.0956 0.0956 0.1037 0.1074 0.1052 
         292  1 0.1046 0.1010 0.0997 0.1042 0.0940 0.1031 0.1027 0.0974 0.0980 0.0952 
         293  1 0.0977 0.0993 0.1010 0.0979 0.1049 0.0982 0.0987 0.1005 0.1015 0.1002 
         294  1 0.0960 0.1011 0.1007 0.0955 0.0971 0.0969 0.0967 0.0987 0.1108 0.1066 
         295  1 0.1060 0.1035 0.0973 0.1057 0.0889 0.1046 0.1040 0.0979 0.0964 0.0957 
         296  1 0.0929 0.0982 0.1036 0.0930 0.1070 0.0943 0.0940 0.0991 0.1085 0.1093 
         297  1 0.0921 0.1010 0.1018 0.0922 0.1026 0.0947 0.0938 0.1019 0.1107 0.1094 
         298  1 0.1005 0.0978 0.1000 0.1013 0.1027 0.1000 0.0997 0.0958 0.0985 0.1036 
         299  1 0.0987 0.1012 0.1008 0.0998 0.1054 0.0998 0.0990 0.0969 0.1003 0.0980 
         300  1 0.0953 0.0973 0.1011 0.0952 0.1131 0.0986 0.0964 0.0986 0.1015 0.1028 
         301  1 0.1031 0.0997 0.1005 0.1034 0.0934 0.1024 0.1030 0.0972 0.0997 0.0977 
         302  1 0.0949 0.0973 0.0993 0.0946 0.1041 0.0966 0.0960 0.1058 0.1039 0.1075 
         303  1 0.0937 0.1005 0.1032 0.0938 0.1007 0.0955 0.0940 0.0985 0.1102 0.1099 
