           1  1 0.1100 0.1149 0.1122 0.1084 0.1059 0.1144 0.1137 0.1136 0.1068 
           2  1 0.1154 0.1043 0.1074 0.1167 0.1220 0.1039 0.1037 0.1058 0.1207 
           3  1 0.1091 0.1099 0.1169 0.1074 0.1061 0.1148 0.1166 0.1126 0.1065 
           4  1 0.1114 0.1100 0.1118 0.1116 0.1106 0.1119 0.1095 0.1119 0.1113 
           5  1 0.1155 0.1026 0.1073 0.1173 0.1233 0.1041 0.1060 0.1008 0.1230 
           6  1 0.1087 0.1137 0.1103 0.1088 0.1081 0.1140 0.1138 0.1147 0.1079 
           7  1 0.1075 0.1175 0.1116 0.1092 0.1020 0.1191 0.1178 0.1131 0.1023 
           8  1 0.1119 0.1122 0.1153 0.1092 0.1051 0.1120 0.1179 0.1109 0.1054 
           9  1 0.1112 0.1127 0.1118 0.1097 0.1104 0.1099 0.1099 0.1135 0.1111 
          10  1 0.1108 0.1074 0.1091 0.1126 0.1158 0.1077 0.1111 0.1105 0.1151 
          11  1 0.1143 0.1021 0.1042 0.1172 0.1304 0.1025 0.0991 0.1014 0.1288 
          12  1 0.1116 0.1101 0.1118 0.1090 0.1109 0.1117 0.1109 0.1132 0.1109 
          13  1 0.1123 0.1048 0.1114 0.1147 0.1214 0.1047 0.1057 0.1045 0.1206 
          14  1 0.1078 0.1131 0.1109 0.1104 0.1079 0.1156 0.1111 0.1147 0.1085 
          15  1 0.1090 0.1183 0.1073 0.1077 0.1060 0.1143 0.1156 0.1151 0.1067 
          16  1 0.1112 0.1072 0.1101 0.1126 0.1152 0.1089 0.1132 0.1075 0.1142 
          17  1 0.1098 0.1129 0.1141 0.1116 0.1056 0.1139 0.1131 0.1123 0.1066 
          18  1 0.1111 0.1099 0.1121 0.1122 0.1116 0.1096 0.1117 0.1101 0.1117 
          19  1 0.1138 0.1042 0.1079 0.1148 0.1265 0.1031 0.0986 0.1051 0.1259 
          20  1 0.1075 0.1256 0.1138 0.1054 0.0966 0.1175 0.1190 0.1178 0.0967 
          21  1 0.1082 0.1149 0.1113 0.1095 0.1055 0.1143 0.1180 0.1135 0.1048 
          22  1 0.1103 0.1109 0.1095 0.1102 0.1126 0.1103 0.1106 0.1133 0.1124 
          23  1 0.1137 0.1067 0.1073 0.1155 0.1197 0.1073 0.1060 0.1050 0.1187 
          24  1 0.1087 0.1089 0.1120 0.1106 0.1096 0.1115 0.1132 0.1158 0.1097 
          25  1 0.1099 0.1134 0.1115 0.1097 0.1063 0.1153 0.1150 0.1124 0.1064 
          26  1 0.1095 0.1094 0.1114 0.1123 0.1151 0.1100 0.1094 0.1085 0.1143 
          27  1 0.1097 0.1114 0.1107 0.1084 0.1120 0.1137 0.1067 0.1155 0.1119 
          28  1 0.1124 0.1045 0.1060 0.1158 0.1246 0.1055 0.1000 0.1072 0.1240 
          29  1 0.1164 0.0999 0.1089 0.1169 0.1225 0.1035 0.1059 0.1038 0.1223 
          30  1 0.1090 0.1176 0.1110 0.1092 0.1063 0.1123 0.1149 0.1123 0.1074 
          31  1 0.1102 0.1182 0.1102 0.1090 0.1066 0.1106 0.1160 0.1127 0.1065 
          32  1 0.1158 0.0984 0.1080 0.1187 0.1311 0.1002 0.0990 0.0986 0.1301 
          33  1 0.1108 0.1098 0.1116 0.1107 0.1110 0.1108 0.1124 0.1116 0.1112 
          34  1 0.1116 0.1089 0.1087 0.1128 0.1137 0.1115 0.1089 0.1101 0.1140 
          35  1 0.1082 0.1171 0.1110 0.1086 0.1034 0.1162 0.1164 0.1158 0.1032 
          36  1 0.1113 0.1113 0.1104 0.1118 0.1117 0.1096 0.1112 0.1106 0.1121 
          37  1 0.1104 0.1084 0.1123 0.1110 0.1140 0.1108 0.1080 0.1110 0.1142 
          38  1 0.1123 0.1019 0.1075 0.1175 0.1248 0.1038 0.1026 0.1050 0.1245 
          39  1 0.1089 0.1164 0.1103 0.1079 0.1018 0.1170 0.1196 0.1157 0.1024 
          40  1 0.1098 0.1133 0.1167 0.1076 0.1059 0.1122 0.1142 0.1136 0.1067 
          41  1 0.1124 0.1094 0.1105 0.1100 0.1110 0.1126 0.1094 0.1138 0.1110 
          42  1 0.1096 0.1176 0.1107 0.1063 0.1003 0.1196 0.1219 0.1140 0.1000 
          43  1 0.1128 0.1071 0.1096 0.1123 0.1177 0.1085 0.1050 0.1097 0.1172 
          44  1 0.1102 0.1149 0.1155 0.1110 0.1087 0.1101 0.1105 0.1097 0.1095 
          45  1 0.1078 0.1140 0.1153 0.1088 0.1067 0.1135 0.1143 0.1128 0.1068 
          46  1 0.1115 0.1129 0.1098 0.1105 0.1085 0.1107 0.1106 0.1170 0.1084 
          47  1 0.1108 0.1108 0.1095 0.1104 0.1103 0.1137 0.1116 0.1127 0.1101 
          48  1 0.1094 0.1094 0.1130 0.1101 0.1104 0.1129 0.1125 0.1118 0.1104 
          49  1 0.1111 0.1056 0.1114 0.1125 0.1155 0.1088 0.1142 0.1067 0.1142 
          50  1 0.1108 0.1080 0.1067 0.1133 0.1179 0.1084 0.1081 0.1090 0.1177 
          51  1 0.1096 0.1096 0.1090 0.1110 0.1117 0.1119 0.1118 0.1138 0.1116 
          52  1 0.1116 0.1080 0.1126 0.1123 0.1111 0.1091 0.1137 0.1112 0.1104 
          53  1 0.1135 0.1032 0.1091 0.1129 0.1191 0.1095 0.1045 0.1081 0.1201 
          54  1 0.1145 0.1119 0.1094 0.1117 0.1089 0.1098 0.1151 0.1103 0.1084 
          55  1 0.1098 0.1145 0.1100 0.1084 0.1053 0.1109 0.1203 0.1159 0.1049 
          56  1 0.1141 0.1044 0.1091 0.1147 0.1203 0.1061 0.1065 0.1053 0.1196 
          57  1 0.1137 0.1110 0.1096 0.1121 0.1144 0.1099 0.1094 0.1060 0.1139 
          58  1 0.1134 0.1098 0.1100 0.1112 0.1110 0.1091 0.1139 0.1102 0.1115 
          59  1 0.1096 0.1175 0.1144 0.1100 0.1049 0.1135 0.1101 0.1154 0.1047 
          60  1 0.1120 0.1120 0.1128 0.1124 0.1083 0.1099 0.1156 0.1088 0.1082 
          61  1 0.1116 0.1108 0.1107 0.1125 0.1086 0.1151 0.1107 0.1117 0.1085 
          62  1 0.1124 0.1072 0.1094 0.1123 0.1131 0.1113 0.1121 0.1086 0.1134 
          63  1 0.1122 0.1131 0.1126 0.1115 0.1105 0.1095 0.1108 0.1106 0.1091 
          64  1 0.1072 0.1153 0.1139 0.1057 0.1030 0.1154 0.1175 0.1186 0.1033 
          65  1 0.1126 0.1079 0.1104 0.1144 0.1165 0.1097 0.1067 0.1060 0.1158 
          66  1 0.1139 0.1076 0.1074 0.1128 0.1152 0.1097 0.1093 0.1091 0.1149 
          67  1 0.1103 0.1130 0.1122 0.1095 0.1065 0.1140 0.1164 0.1108 0.1073 
          68  1 0.1134 0.1223 0.1097 0.1071 0.0980 0.1148 0.1246 0.1120 0.0980 
          69  1 0.1098 0.1094 0.1142 0.1095 0.1089 0.1103 0.1163 0.1128 0.1090 
          70  1 0.1095 0.1115 0.1133 0.1090 0.1055 0.1151 0.1119 0.1190 0.1052 
          71  1 0.1097 0.1086 0.1128 0.1109 0.1103 0.1126 0.1113 0.1131 0.1106 
          72  1 0.1084 0.1143 0.1148 0.1051 0.1017 0.1163 0.1179 0.1196 0.1019 
          73  1 0.1086 0.1109 0.1087 0.1134 0.1125 0.1135 0.1100 0.1095 0.1129 
          74  1 0.1114 0.1136 0.1140 0.1111 0.1076 0.1125 0.1136 0.1083 0.1079 
          75  1 0.1113 0.1164 0.1123 0.1084 0.1030 0.1138 0.1159 0.1154 0.1035 
          76  1 0.1105 0.1135 0.1117 0.1104 0.1083 0.1132 0.1152 0.1087 0.1085 
          77  1 0.1145 0.1121 0.1119 0.1099 0.1100 0.1090 0.1109 0.1123 0.1095 
          78  1 0.1134 0.1076 0.1113 0.1123 0.1188 0.1064 0.1057 0.1066 0.1179 
          79  1 0.1113 0.1112 0.1085 0.1113 0.1117 0.1142 0.1088 0.1116 0.1115 
          80  1 0.1118 0.1162 0.1119 0.1084 0.1025 0.1173 0.1148 0.1144 0.1026 
          81  1 0.1148 0.1065 0.1079 0.1136 0.1175 0.1072 0.1082 0.1067 0.1177 
          82  1 0.1131 0.1061 0.1108 0.1172 0.1182 0.1071 0.1076 0.1025 0.1174 
          83  1 0.1110 0.1156 0.1119 0.1088 0.1000 0.1181 0.1214 0.1130 0.1002 
          84  1 0.1112 0.1139 0.1115 0.1121 0.1123 0.1089 0.1101 0.1080 0.1120 
          85  1 0.1117 0.1172 0.1110 0.1114 0.1044 0.1141 0.1158 0.1102 0.1043 
          86  1 0.1083 0.1162 0.1152 0.1075 0.1023 0.1129 0.1196 0.1157 0.1023 
          87  1 0.1115 0.1081 0.1122 0.1078 0.1097 0.1128 0.1097 0.1186 0.1095 
          88  1 0.1116 0.1144 0.1116 0.1106 0.1080 0.1137 0.1136 0.1082 0.1082 
          89  1 0.1116 0.1097 0.1114 0.1137 0.1171 0.1064 0.1068 0.1067 0.1165 
          90  1 0.1081 0.1127 0.1101 0.1117 0.1098 0.1126 0.1112 0.1127 0.1111 
          91  1 0.1116 0.1038 0.1086 0.1138 0.1181 0.1075 0.1099 0.1086 0.1183 
          92  1 0.1105 0.1114 0.1085 0.1121 0.1145 0.1105 0.1096 0.1081 0.1148 
          93  1 0.1110 0.1066 0.1101 0.1121 0.1178 0.1070 0.1093 0.1086 0.1176 
          94  1 0.1125 0.1179 0.1119 0.1086 0.1032 0.1139 0.1157 0.1131 0.1032 
          95  1 0.1109 0.1122 0.1140 0.1086 0.1055 0.1136 0.1149 0.1134 0.1069 
          96  1 0.1123 0.1119 0.1112 0.1097 0.1094 0.1116 0.1123 0.1127 0.1090 
          97  1 0.1127 0.1120 0.1165 0.1093 0.1103 0.1082 0.1097 0.1111 0.1101 
          98  1 0.1097 0.1151 0.1125 0.1085 0.1087 0.1137 0.1085 0.1147 0.1087 
          99  1 0.1107 0.1167 0.1115 0.1095 0.1075 0.1141 0.1086 0.1137 0.1077 
         100  1 0.1139 0.1080 0.1089 0.1120 0.1177 0.1061 0.1088 0.1078 0.1168 
         101  1 0.1086 0.1194 0.1134 0.1067 0.0995 0.1163 0.1197 0.1167 0.0997 
         102  1 0.1129 0.1031 0.1066 0.1142 0.1220 0.1081 0.1041 0.1077 0.1214 
         103  1 0.1139 0.1064 0.1098 0.1121 0.1168 0.1093 0.1081 0.1073 0.1162 
         104  1 0.1104 0.1106 0.1110 0.1095 0.1142 0.1108 0.1053 0.1141 0.1141 
         105  1 0.1080 0.1145 0.1161 0.1065 0.1048 0.1140 0.1134 0.1172 0.1054 
         106  1 0.1085 0.1111 0.1136 0.1083 0.1085 0.1158 0.1109 0.1153 0.1080 
         107  1 0.1102 0.1139 0.1119 0.1093 0.1051 0.1127 0.1148 0.1169 0.1053 
         108  1 0.1125 0.1041 0.1056 0.1150 0.1209 0.1080 0.1052 0.1073 0.1213 
         109  1 0.1127 0.1031 0.1099 0.1127 0.1180 0.1110 0.1064 0.1077 0.1186 
         110  1 0.1151 0.1056 0.1098 0.1159 0.1218 0.1059 0.0999 0.1041 0.1219 
         111  1 0.1110 0.1095 0.1098 0.1126 0.1177 0.1082 0.1076 0.1067 0.1169 
         112  1 0.1135 0.1070 0.1136 0.1095 0.1115 0.1094 0.1133 0.1106 0.1116 
         113  1 0.1112 0.1168 0.1073 0.1098 0.1047 0.1152 0.1159 0.1139 0.1051 
         114  1 0.1107 0.1105 0.1067 0.1112 0.1125 0.1132 0.1134 0.1100 0.1118 
         115  1 0.1087 0.1129 0.1113 0.1111 0.1064 0.1146 0.1143 0.1144 0.1064 
         116  1 0.1109 0.1113 0.1128 0.1119 0.1105 0.1125 0.1095 0.1092 0.1113 
         117  1 0.1080 0.1137 0.1126 0.1094 0.1069 0.1130 0.1158 0.1134 0.1072 
         118  1 0.1112 0.1071 0.1132 0.1128 0.1121 0.1106 0.1097 0.1115 0.1118 
         119  1 0.1125 0.1132 0.1128 0.1085 0.1081 0.1076 0.1186 0.1109 0.1079 
         120  1 0.1109 0.1137 0.1110 0.1114 0.1101 0.1120 0.1067 0.1135 0.1107 
         121  1 0.1099 0.1199 0.1137 0.1048 0.1015 0.1133 0.1199 0.1157 0.1014 
         122  1 0.1101 0.1135 0.1095 0.1107 0.1069 0.1145 0.1134 0.1141 0.1072 
         123  1 0.1126 0.1076 0.1093 0.1150 0.1174 0.1085 0.1072 0.1057 0.1167 
         124  1 0.1123 0.1081 0.1137 0.1109 0.1123 0.1091 0.1086 0.1120 0.1129 
         125  1 0.1120 0.1080 0.1116 0.1124 0.1138 0.1121 0.1109 0.1066 0.1127 
         126  1 0.1109 0.1110 0.1144 0.1104 0.1106 0.1092 0.1116 0.1108 0.1109 
         127  1 0.1090 0.1160 0.1107 0.1091 0.1079 0.1121 0.1102 0.1170 0.1081 
         128  1 0.1084 0.1179 0.1146 0.1084 0.1024 0.1170 0.1125 0.1171 0.1017 
         129  1 0.1112 0.1086 0.1085 0.1115 0.1136 0.1104 0.1153 0.1086 0.1123 
         130  1 0.1105 0.1049 0.1132 0.1128 0.1172 0.1082 0.1083 0.1089 0.1161 
         131  1 0.1083 0.1176 0.1114 0.1079 0.1053 0.1137 0.1157 0.1151 0.1051 
         132  1 0.1072 0.1156 0.1116 0.1083 0.1057 0.1173 0.1122 0.1168 0.1053 
         133  1 0.1104 0.1067 0.1113 0.1118 0.1152 0.1086 0.1107 0.1102 0.1149 
         134  1 0.1118 0.1094 0.1081 0.1130 0.1155 0.1076 0.1068 0.1121 0.1156 
         135  1 0.1086 0.1245 0.1109 0.1051 0.0984 0.1153 0.1197 0.1193 0.0982 
         136  1 0.1094 0.1087 0.1112 0.1097 0.1119 0.1125 0.1092 0.1146 0.1127 
         137  1 0.1104 0.1140 0.1128 0.1097 0.1051 0.1151 0.1162 0.1113 0.1052 
         138  1 0.1080 0.1141 0.1169 0.1088 0.1041 0.1128 0.1173 0.1142 0.1037 
         139  1 0.1073 0.1129 0.1113 0.1092 0.1109 0.1134 0.1129 0.1118 0.1103 
         140  1 0.1121 0.1070 0.1080 0.1126 0.1179 0.1118 0.1056 0.1071 0.1179 
         141  1 0.1110 0.1119 0.1080 0.1098 0.1066 0.1151 0.1175 0.1135 0.1066 
         142  1 0.1094 0.1144 0.1117 0.1099 0.1071 0.1151 0.1139 0.1114 0.1070 
         143  1 0.1117 0.1093 0.1127 0.1129 0.1115 0.1109 0.1103 0.1101 0.1106 
         144  1 0.1127 0.1137 0.1136 0.1074 0.1063 0.1118 0.1129 0.1151 0.1065 
         145  1 0.1118 0.1128 0.1112 0.1091 0.1110 0.1109 0.1125 0.1103 0.1105 
         146  1 0.1138 0.1132 0.1108 0.1088 0.1102 0.1106 0.1087 0.1143 0.1097 
         147  1 0.1089 0.1125 0.1102 0.1088 0.1117 0.1122 0.1087 0.1144 0.1126 
         148  1 0.1133 0.1105 0.1101 0.1106 0.1108 0.1111 0.1105 0.1118 0.1113 
         149  1 0.1087 0.1067 0.1109 0.1107 0.1148 0.1122 0.1090 0.1121 0.1149 
         150  1 0.1099 0.1086 0.1132 0.1127 0.1122 0.1103 0.1090 0.1119 0.1122 
         151  1 0.1109 0.1121 0.1123 0.1112 0.1109 0.1134 0.1098 0.1080 0.1115 
         152  1 0.1128 0.1090 0.1087 0.1140 0.1188 0.1083 0.1035 0.1066 0.1184 
         153  1 0.1103 0.1140 0.1132 0.1110 0.1087 0.1132 0.1110 0.1105 0.1081 
         154  1 0.1125 0.1077 0.1162 0.1114 0.1138 0.1079 0.1087 0.1076 0.1142 
         155  1 0.1107 0.1151 0.1110 0.1074 0.1037 0.1174 0.1122 0.1190 0.1034 
         156  1 0.1106 0.1143 0.1119 0.1133 0.1125 0.1092 0.1083 0.1080 0.1119 
         157  1 0.1092 0.1141 0.1123 0.1126 0.1087 0.1123 0.1107 0.1118 0.1083 
         158  1 0.1124 0.1087 0.1084 0.1100 0.1130 0.1127 0.1103 0.1109 0.1135 
         159  1 0.1117 0.1092 0.1095 0.1124 0.1180 0.1073 0.1088 0.1072 0.1160 
         160  1 0.1163 0.0999 0.1073 0.1159 0.1275 0.1041 0.1026 0.1000 0.1264 
         161  1 0.1098 0.1152 0.1095 0.1104 0.1049 0.1144 0.1175 0.1126 0.1055 
         162  1 0.1103 0.1185 0.1105 0.1103 0.1068 0.1108 0.1130 0.1131 0.1068 
         163  1 0.1108 0.1122 0.1100 0.1128 0.1092 0.1120 0.1106 0.1136 0.1088 
         164  1 0.1112 0.1128 0.1140 0.1086 0.1068 0.1142 0.1117 0.1134 0.1074 
         165  1 0.1102 0.1065 0.1100 0.1127 0.1156 0.1062 0.1156 0.1071 0.1161 
         166  1 0.1124 0.1117 0.1099 0.1089 0.1106 0.1120 0.1092 0.1149 0.1103 
         167  1 0.1123 0.1113 0.1096 0.1082 0.1061 0.1148 0.1143 0.1176 0.1058 
         168  1 0.1088 0.1145 0.1142 0.1076 0.1059 0.1137 0.1124 0.1176 0.1053 
         169  1 0.1084 0.1184 0.1157 0.1073 0.1014 0.1194 0.1141 0.1139 0.1015 
         170  1 0.1099 0.1079 0.1086 0.1136 0.1167 0.1102 0.1063 0.1099 0.1170 
         171  1 0.1118 0.1081 0.1118 0.1085 0.1137 0.1104 0.1095 0.1133 0.1129 
         172  1 0.1137 0.1063 0.1094 0.1141 0.1182 0.1082 0.1047 0.1064 0.1190 
         173  1 0.1118 0.1150 0.1087 0.1116 0.1072 0.1162 0.1125 0.1102 0.1067 
         174  1 0.1101 0.1116 0.1091 0.1132 0.1116 0.1110 0.1136 0.1083 0.1115 
         175  1 0.1099 0.1124 0.1087 0.1124 0.1105 0.1134 0.1116 0.1108 0.1103 
         176  1 0.1125 0.1058 0.1095 0.1154 0.1158 0.1105 0.1096 0.1046 0.1164 
         177  1 0.1060 0.1185 0.1127 0.1046 0.1000 0.1189 0.1204 0.1181 0.1007 
         178  1 0.1102 0.1154 0.1124 0.1081 0.1094 0.1136 0.1088 0.1128 0.1093 
         179  1 0.1121 0.1066 0.1147 0.1121 0.1125 0.1098 0.1098 0.1097 0.1126 
         180  1 0.1096 0.1083 0.1154 0.1099 0.1113 0.1112 0.1128 0.1098 0.1117 
         181  1 0.1082 0.1200 0.1118 0.1097 0.1017 0.1170 0.1139 0.1159 0.1017 
         182  1 0.1098 0.1148 0.1116 0.1108 0.1073 0.1123 0.1141 0.1125 0.1068 
         183  1 0.1087 0.1094 0.1134 0.1104 0.1127 0.1097 0.1110 0.1127 0.1121 
         184  1 0.1085 0.1153 0.1093 0.1095 0.1078 0.1121 0.1176 0.1125 0.1074 
         185  1 0.1135 0.1023 0.1088 0.1150 0.1231 0.1068 0.1038 0.1042 0.1226 
         186  1 0.1096 0.1194 0.1121 0.1082 0.1026 0.1130 0.1144 0.1182 0.1024 
         187  1 0.1085 0.1091 0.1131 0.1092 0.1128 0.1108 0.1116 0.1134 0.1115 
         188  1 0.1138 0.1056 0.1086 0.1127 0.1165 0.1068 0.1107 0.1095 0.1157 
         189  1 0.1113 0.1062 0.1083 0.1127 0.1165 0.1100 0.1088 0.1091 0.1172 
         190  1 0.1142 0.1026 0.1097 0.1164 0.1233 0.1036 0.1042 0.1025 0.1235 
         191  1 0.1113 0.1068 0.1067 0.1151 0.1183 0.1107 0.1049 0.1078 0.1183 
         192  1 0.1128 0.1118 0.1110 0.1075 0.1053 0.1117 0.1171 0.1172 0.1056 
         193  1 0.1110 0.1153 0.1119 0.1104 0.1063 0.1126 0.1148 0.1114 0.1064 
         194  1 0.1114 0.1056 0.1091 0.1146 0.1200 0.1078 0.1066 0.1055 0.1193 
         195  1 0.1121 0.1127 0.1134 0.1086 0.1086 0.1101 0.1142 0.1121 0.1082 
         196  1 0.1132 0.1028 0.1110 0.1124 0.1191 0.1048 0.1119 0.1061 0.1187 
         197  1 0.1125 0.1108 0.1095 0.1119 0.1137 0.1058 0.1142 0.1090 0.1128 
         198  1 0.1081 0.1142 0.1098 0.1125 0.1151 0.1101 0.1059 0.1100 0.1142 
         199  1 0.1099 0.1088 0.1091 0.1128 0.1124 0.1101 0.1096 0.1143 0.1130 
         200  1 0.1108 0.1156 0.1107 0.1099 0.1107 0.1096 0.1098 0.1119 0.1110 
         201  1 0.1065 0.1186 0.1163 0.1075 0.0965 0.1169 0.1200 0.1206 0.0971 
         202  1 0.1110 0.1172 0.1125 0.1094 0.1045 0.1122 0.1095 0.1177 0.1060 
         203  1 0.1132 0.1049 0.1078 0.1156 0.1224 0.1065 0.1035 0.1050 0.1210 
         204  1 0.1110 0.1109 0.1077 0.1140 0.1161 0.1078 0.1061 0.1110 0.1156 
         205  1 0.1143 0.1077 0.1087 0.1152 0.1165 0.1070 0.1074 0.1072 0.1159 
         206  1 0.1139 0.1114 0.1102 0.1109 0.1138 0.1073 0.1063 0.1119 0.1144 
         207  1 0.1110 0.1099 0.1131 0.1116 0.1135 0.1089 0.1083 0.1110 0.1129 
         208  1 0.1173 0.0868 0.1006 0.1257 0.1558 0.0891 0.0857 0.0878 0.1512 
         209  1 0.1112 0.1116 0.1138 0.1067 0.1058 0.1141 0.1136 0.1171 0.1061 
         210  1 0.1105 0.1175 0.1135 0.1089 0.1026 0.1148 0.1185 0.1117 0.1020 
         211  1 0.1131 0.1091 0.1115 0.1138 0.1138 0.1079 0.1090 0.1085 0.1133 
         212  1 0.1096 0.1162 0.1133 0.1077 0.1036 0.1156 0.1180 0.1130 0.1031 
         213  1 0.1117 0.1085 0.1088 0.1135 0.1186 0.1071 0.1072 0.1072 0.1175 
         214  1 0.1089 0.1115 0.1126 0.1074 0.1074 0.1157 0.1109 0.1182 0.1075 
         215  1 0.1079 0.1120 0.1118 0.1116 0.1105 0.1131 0.1112 0.1114 0.1103 
         216  1 0.1082 0.1121 0.1101 0.1129 0.1105 0.1130 0.1101 0.1118 0.1113 
         217  1 0.1088 0.1181 0.1107 0.1080 0.1057 0.1158 0.1109 0.1165 0.1056 
         218  1 0.1075 0.1190 0.1124 0.1076 0.0996 0.1163 0.1199 0.1182 0.0995 
         219  1 0.1090 0.1175 0.1110 0.1073 0.1033 0.1165 0.1186 0.1139 0.1030 
         220  1 0.1102 0.1109 0.1133 0.1101 0.1103 0.1091 0.1124 0.1127 0.1109 
         221  1 0.1121 0.1117 0.1123 0.1106 0.1114 0.1131 0.1093 0.1083 0.1112 
         222  1 0.1100 0.1145 0.1116 0.1091 0.1089 0.1119 0.1130 0.1123 0.1087 
         223  1 0.1139 0.1028 0.1080 0.1160 0.1230 0.1048 0.1038 0.1048 0.1230 
         224  1 0.1136 0.1053 0.1078 0.1148 0.1209 0.1084 0.1032 0.1054 0.1205 
         225  1 0.1115 0.1096 0.1125 0.1090 0.1087 0.1135 0.1129 0.1133 0.1091 
         226  1 0.1119 0.1104 0.1086 0.1144 0.1166 0.1082 0.1065 0.1074 0.1162 
         227  1 0.1104 0.1109 0.1126 0.1109 0.1104 0.1078 0.1164 0.1098 0.1107 
         228  1 0.1105 0.1169 0.1106 0.1061 0.1061 0.1166 0.1109 0.1163 0.1059 
         229  1 0.1108 0.1170 0.1115 0.1087 0.1045 0.1132 0.1122 0.1175 0.1046 
         230  1 0.1091 0.1215 0.1111 0.1090 0.1000 0.1181 0.1179 0.1130 0.1003 
         231  1 0.1107 0.1130 0.1103 0.1098 0.1091 0.1157 0.1112 0.1117 0.1084 
         232  1 0.1096 0.1122 0.1103 0.1087 0.1083 0.1126 0.1173 0.1136 0.1074 
         233  1 0.1102 0.1198 0.1169 0.1075 0.1000 0.1152 0.1170 0.1130 0.1003 
         234  1 0.1132 0.1070 0.1062 0.1134 0.1226 0.1054 0.1062 0.1044 0.1216 
         235  1 0.1092 0.1108 0.1143 0.1096 0.1088 0.1100 0.1157 0.1124 0.1092 
         236  1 0.1128 0.1093 0.1104 0.1114 0.1153 0.1096 0.1126 0.1045 0.1142 
         237  1 0.1115 0.1139 0.1101 0.1088 0.1086 0.1133 0.1079 0.1170 0.1089 
         238  1 0.1104 0.1130 0.1138 0.1085 0.1047 0.1153 0.1171 0.1127 0.1045 
         239  1 0.1119 0.1092 0.1112 0.1111 0.1145 0.1111 0.1083 0.1080 0.1146 
         240  1 0.1103 0.1078 0.1095 0.1117 0.1134 0.1105 0.1126 0.1115 0.1128 
         241  1 0.1094 0.1124 0.1162 0.1069 0.1051 0.1139 0.1128 0.1182 0.1052 
         242  1 0.1074 0.1129 0.1161 0.1067 0.1065 0.1149 0.1127 0.1160 0.1069 
         243  1 0.1094 0.1218 0.1127 0.1068 0.0988 0.1162 0.1162 0.1186 0.0995 
         244  1 0.1096 0.1092 0.1128 0.1117 0.1090 0.1123 0.1133 0.1125 0.1096 
         245  1 0.1110 0.1087 0.1122 0.1100 0.1128 0.1122 0.1094 0.1119 0.1118 
         246  1 0.1072 0.1160 0.1141 0.1090 0.1031 0.1130 0.1215 0.1128 0.1034 
         247  1 0.1125 0.1142 0.1088 0.1111 0.1106 0.1120 0.1070 0.1131 0.1106 
         248  1 0.1128 0.1042 0.1098 0.1148 0.1214 0.1049 0.1063 0.1049 0.1210 
         249  1 0.1123 0.1105 0.1106 0.1118 0.1136 0.1108 0.1101 0.1075 0.1127 
         250  1 0.1108 0.1180 0.1145 0.1078 0.0990 0.1138 0.1189 0.1175 0.0996 
         251  1 0.1098 0.1093 0.1137 0.1098 0.1106 0.1123 0.1114 0.1124 0.1107 
         252  1 0.1090 0.1153 0.1092 0.1106 0.1057 0.1149 0.1116 0.1173 0.1065 
         253  1 0.1106 0.1177 0.1109 0.1105 0.1014 0.1161 0.1174 0.1141 0.1013 
         254  1 0.1099 0.1038 0.1100 0.1159 0.1248 0.1062 0.0995 0.1062 0.1238 
         255  1 0.1110 0.1142 0.1117 0.1098 0.1089 0.1115 0.1104 0.1133 0.1092 
         256  1 0.1134 0.1068 0.1103 0.1129 0.1183 0.1047 0.1097 0.1059 0.1179 
         257  1 0.1086 0.1070 0.1123 0.1129 0.1146 0.1115 0.1077 0.1111 0.1144 
         258  1 0.1140 0.1101 0.1121 0.1115 0.1094 0.1090 0.1127 0.1111 0.1101 
         259  1 0.1127 0.1098 0.1122 0.1102 0.1113 0.1096 0.1143 0.1092 0.1108 
         260  1 0.1109 0.1155 0.1113 0.1097 0.1070 0.1128 0.1130 0.1137 0.1061 
         261  1 0.1123 0.1118 0.1088 0.1109 0.1077 0.1119 0.1125 0.1163 0.1077 
         262  1 0.1128 0.1011 0.1095 0.1162 0.1272 0.1024 0.1034 0.1011 0.1264 
         263  1 0.1105 0.1181 0.1123 0.1072 0.0990 0.1123 0.1277 0.1147 0.0982 
         264  1 0.1096 0.1131 0.1112 0.1112 0.1102 0.1140 0.1090 0.1127 0.1090 
         265  1 0.1090 0.1091 0.1112 0.1105 0.1114 0.1106 0.1150 0.1124 0.1109 
         266  1 0.1101 0.1080 0.1091 0.1137 0.1193 0.1076 0.1058 0.1072 0.1192 
         267  1 0.1107 0.1158 0.1142 0.1095 0.1038 0.1165 0.1125 0.1134 0.1034 
         268  1 0.1105 0.1115 0.1119 0.1132 0.1100 0.1114 0.1136 0.1076 0.1102 
         269  1 0.1126 0.1070 0.1090 0.1146 0.1189 0.1065 0.1061 0.1054 0.1200 
         270  1 0.1095 0.1189 0.1123 0.1086 0.1017 0.1136 0.1195 0.1140 0.1020 
         271  1 0.1093 0.1115 0.1127 0.1126 0.1135 0.1122 0.1060 0.1091 0.1131 
         272  1 0.1090 0.1099 0.1144 0.1124 0.1119 0.1103 0.1128 0.1071 0.1120 
         273  1 0.1127 0.1120 0.1122 0.1097 0.1120 0.1099 0.1077 0.1116 0.1121 
         274  1 0.1094 0.1164 0.1128 0.1102 0.1071 0.1126 0.1131 0.1117 0.1067 
         275  1 0.1093 0.1129 0.1166 0.1071 0.1101 0.1108 0.1114 0.1123 0.1095 
         276  1 0.1110 0.1144 0.1116 0.1081 0.1081 0.1122 0.1150 0.1118 0.1078 
         277  1 0.1096 0.1106 0.1103 0.1084 0.1090 0.1148 0.1121 0.1162 0.1090 
         278  1 0.1111 0.1105 0.1119 0.1092 0.1081 0.1129 0.1133 0.1145 0.1084 
         279  1 0.1129 0.1172 0.1121 0.1112 0.1014 0.1160 0.1144 0.1130 0.1017 
         280  1 0.1106 0.1135 0.1112 0.1110 0.1076 0.1131 0.1082 0.1168 0.1079 
         281  1 0.1117 0.1041 0.1107 0.1130 0.1187 0.1106 0.1046 0.1080 0.1186 
         282  1 0.1125 0.1025 0.1106 0.1146 0.1185 0.1099 0.1051 0.1074 0.1189 
         283  1 0.1128 0.1066 0.1071 0.1132 0.1181 0.1082 0.1077 0.1092 0.1170 
         284  1 0.1119 0.1095 0.1126 0.1115 0.1120 0.1083 0.1114 0.1102 0.1126 
         285  1 0.1096 0.1195 0.1090 0.1118 0.1035 0.1144 0.1165 0.1122 0.1035 
         286  1 0.1157 0.0971 0.1035 0.1187 0.1359 0.0986 0.0975 0.0984 0.1346 
         287  1 0.1125 0.1083 0.1087 0.1147 0.1163 0.1103 0.1072 0.1060 0.1160 
         288  1 0.1111 0.1113 0.1136 0.1085 0.1104 0.1100 0.1098 0.1148 0.1105 
         289  1 0.1134 0.1116 0.1121 0.1097 0.1117 0.1095 0.1099 0.1102 0.1117 
         290  1 0.1132 0.1068 0.1128 0.1097 0.1097 0.1104 0.1137 0.1138 0.1098 
         291  1 0.1102 0.1140 0.1125 0.1115 0.1029 0.1159 0.1162 0.1140 0.1027 
         292  1 0.1135 0.1065 0.1109 0.1135 0.1175 0.1088 0.1047 0.1066 0.1181 
         293  1 0.1120 0.1089 0.1148 0.1132 0.1091 0.1111 0.1126 0.1088 0.1095 
         294  1 0.1157 0.1128 0.1111 0.1110 0.1046 0.1135 0.1122 0.1139 0.1052 
         295  1 0.1128 0.1056 0.1077 0.1144 0.1197 0.1052 0.1046 0.1100 0.1199 
         296  1 0.1113 0.1195 0.1132 0.1084 0.0978 0.1176 0.1202 0.1131 0.0989 
         297  1 0.1130 0.1164 0.1152 0.1084 0.0997 0.1149 0.1153 0.1172 0.0998 
         298  1 0.1136 0.1105 0.1075 0.1120 0.1152 0.1107 0.1080 0.1083 0.1142 
         299  1 0.1132 0.1105 0.1098 0.1115 0.1123 0.1125 0.1087 0.1093 0.1123 
         300  1 0.1125 0.1152 0.1118 0.1072 0.1052 0.1152 0.1135 0.1136 0.1059 
         301  1 0.1143 0.1055 0.1122 0.1142 0.1183 0.1071 0.1047 0.1055 0.1181 
         302  1 0.1123 0.1152 0.1089 0.1098 0.1028 0.1164 0.1166 0.1147 0.1033 
         303  1 0.1139 0.1200 0.1099 0.1091 0.0990 0.1154 0.1161 0.1171 0.0996 
