           1  1 0.2497 0.2539 0.2302 0.2662 
           2  1 0.2252 0.2376 0.2889 0.2483 
           3  1 0.2593 0.2510 0.2369 0.2529 
           4  1 0.2531 0.2530 0.2506 0.2434 
           5  1 0.2321 0.2319 0.3084 0.2276 
           6  1 0.2598 0.2383 0.2463 0.2556 
           7  1 0.2556 0.2542 0.2130 0.2771 
           8  1 0.2540 0.2504 0.2353 0.2603 
           9  1 0.2498 0.2436 0.2541 0.2525 
          10  1 0.2436 0.2469 0.2651 0.2443 
          11  1 0.2172 0.2183 0.3411 0.2234 
          12  1 0.2476 0.2412 0.2608 0.2505 
          13  1 0.2340 0.2415 0.2920 0.2326 
          14  1 0.2532 0.2535 0.2395 0.2539 
          15  1 0.2548 0.2486 0.2339 0.2627 
          16  1 0.2374 0.2380 0.2748 0.2499 
          17  1 0.2667 0.2547 0.2240 0.2546 
          18  1 0.2533 0.2503 0.2509 0.2456 
          19  1 0.2304 0.2195 0.3269 0.2233 
          20  1 0.2546 0.2681 0.1930 0.2843 
          21  1 0.2527 0.2537 0.2246 0.2690 
          22  1 0.2502 0.2504 0.2537 0.2457 
          23  1 0.2375 0.2336 0.2899 0.2390 
          24  1 0.2426 0.2596 0.2451 0.2527 
          25  1 0.2681 0.2594 0.2260 0.2466 
          26  1 0.2432 0.2450 0.2612 0.2506 
          27  1 0.2433 0.2529 0.2671 0.2367 
          28  1 0.2379 0.2305 0.2987 0.2328 
          29  1 0.2399 0.2356 0.2943 0.2301 
          30  1 0.2630 0.2656 0.2204 0.2509 
          31  1 0.2573 0.2451 0.2389 0.2588 
          32  1 0.2302 0.2280 0.3271 0.2146 
          33  1 0.2607 0.2441 0.2491 0.2461 
          34  1 0.2415 0.2553 0.2601 0.2431 
          35  1 0.2591 0.2561 0.2178 0.2670 
          36  1 0.2548 0.2510 0.2452 0.2490 
          37  1 0.2476 0.2565 0.2534 0.2424 
          38  1 0.2345 0.2409 0.3072 0.2174 
          39  1 0.2585 0.2544 0.2135 0.2736 
          40  1 0.2649 0.2556 0.2294 0.2501 
          41  1 0.2471 0.2573 0.2438 0.2518 
          42  1 0.2524 0.2592 0.2120 0.2764 
          43  1 0.2381 0.2359 0.2753 0.2507 
          44  1 0.2496 0.2566 0.2394 0.2545 
          45  1 0.2548 0.2541 0.2318 0.2593 
          46  1 0.2489 0.2607 0.2306 0.2598 
          47  1 0.2437 0.2401 0.2436 0.2726 
          48  1 0.2509 0.2526 0.2492 0.2473 
          49  1 0.2470 0.2447 0.2727 0.2355 
          50  1 0.2389 0.2358 0.2843 0.2409 
          51  1 0.2558 0.2566 0.2476 0.2400 
          52  1 0.2596 0.2502 0.2435 0.2467 
          53  1 0.2430 0.2411 0.2782 0.2377 
          54  1 0.2408 0.2443 0.2358 0.2790 
          55  1 0.2410 0.2533 0.2307 0.2750 
          56  1 0.2313 0.2294 0.2935 0.2459 
          57  1 0.2387 0.2479 0.2633 0.2501 
          58  1 0.2468 0.2457 0.2538 0.2537 
          59  1 0.2638 0.2598 0.2226 0.2538 
          60  1 0.2446 0.2520 0.2324 0.2710 
          61  1 0.2524 0.2562 0.2360 0.2555 
          62  1 0.2483 0.2468 0.2553 0.2496 
          63  1 0.2561 0.2498 0.2475 0.2467 
          64  1 0.2663 0.2600 0.2211 0.2526 
          65  1 0.2494 0.2367 0.2781 0.2358 
          66  1 0.2507 0.2511 0.2571 0.2412 
          67  1 0.2461 0.2442 0.2452 0.2645 
          68  1 0.2577 0.2523 0.2115 0.2785 
          69  1 0.2560 0.2568 0.2438 0.2434 
          70  1 0.2573 0.2709 0.2219 0.2499 
          71  1 0.2552 0.2629 0.2427 0.2393 
          72  1 0.2523 0.2667 0.2179 0.2631 
          73  1 0.2502 0.2361 0.2611 0.2526 
          74  1 0.2548 0.2453 0.2418 0.2582 
          75  1 0.2509 0.2643 0.2209 0.2639 
          76  1 0.2519 0.2500 0.2422 0.2559 
          77  1 0.2538 0.2467 0.2492 0.2503 
          78  1 0.2384 0.2402 0.2846 0.2369 
          79  1 0.2422 0.2478 0.2444 0.2656 
          80  1 0.2509 0.2607 0.2229 0.2655 
          81  1 0.2438 0.2395 0.2807 0.2361 
          82  1 0.2336 0.2496 0.2744 0.2424 
          83  1 0.2489 0.2628 0.2089 0.2794 
          84  1 0.2565 0.2489 0.2525 0.2421 
          85  1 0.2502 0.2482 0.2202 0.2814 
          86  1 0.2677 0.2623 0.2162 0.2538 
          87  1 0.2494 0.2671 0.2407 0.2428 
          88  1 0.2527 0.2399 0.2517 0.2557 
          89  1 0.2436 0.2356 0.2756 0.2451 
          90  1 0.2604 0.2551 0.2383 0.2462 
          91  1 0.2402 0.2463 0.2850 0.2284 
          92  1 0.2491 0.2377 0.2724 0.2407 
          93  1 0.2414 0.2352 0.2863 0.2370 
          94  1 0.2560 0.2674 0.2158 0.2607 
          95  1 0.2525 0.2513 0.2310 0.2652 
          96  1 0.2444 0.2548 0.2424 0.2584 
          97  1 0.2570 0.2530 0.2436 0.2465 
          98  1 0.2501 0.2571 0.2462 0.2465 
          99  1 0.2567 0.2487 0.2390 0.2556 
         100  1 0.2481 0.2449 0.2741 0.2328 
         101  1 0.2524 0.2572 0.2063 0.2842 
         102  1 0.2294 0.2383 0.2886 0.2438 
         103  1 0.2356 0.2427 0.2725 0.2492 
         104  1 0.2397 0.2514 0.2650 0.2439 
         105  1 0.2626 0.2624 0.2226 0.2524 
         106  1 0.2587 0.2626 0.2329 0.2457 
         107  1 0.2573 0.2636 0.2205 0.2586 
         108  1 0.2470 0.2320 0.2883 0.2327 
         109  1 0.2471 0.2398 0.2766 0.2365 
         110  1 0.2405 0.2403 0.2882 0.2310 
         111  1 0.2373 0.2408 0.2837 0.2382 
         112  1 0.2417 0.2618 0.2566 0.2398 
         113  1 0.2467 0.2491 0.2258 0.2784 
         114  1 0.2440 0.2342 0.2599 0.2619 
         115  1 0.2620 0.2674 0.2236 0.2470 
         116  1 0.2483 0.2531 0.2444 0.2543 
         117  1 0.2588 0.2452 0.2321 0.2639 
         118  1 0.2591 0.2571 0.2418 0.2420 
         119  1 0.2460 0.2482 0.2450 0.2608 
         120  1 0.2548 0.2570 0.2389 0.2493 
         121  1 0.2575 0.2507 0.2201 0.2717 
         122  1 0.2577 0.2488 0.2302 0.2633 
         123  1 0.2410 0.2387 0.2829 0.2374 
         124  1 0.2469 0.2575 0.2522 0.2434 
         125  1 0.2517 0.2373 0.2688 0.2422 
         126  1 0.2530 0.2557 0.2415 0.2498 
         127  1 0.2457 0.2649 0.2399 0.2495 
         128  1 0.2634 0.2580 0.2228 0.2558 
         129  1 0.2409 0.2395 0.2765 0.2430 
         130  1 0.2439 0.2497 0.2694 0.2371 
         131  1 0.2531 0.2399 0.2279 0.2790 
         132  1 0.2539 0.2586 0.2207 0.2668 
         133  1 0.2406 0.2424 0.2697 0.2473 
         134  1 0.2366 0.2508 0.2743 0.2383 
         135  1 0.2631 0.2572 0.2084 0.2713 
         136  1 0.2534 0.2552 0.2477 0.2437 
         137  1 0.2642 0.2563 0.2269 0.2525 
         138  1 0.2596 0.2574 0.2289 0.2541 
         139  1 0.2458 0.2519 0.2564 0.2459 
         140  1 0.2394 0.2361 0.2755 0.2490 
         141  1 0.2595 0.2528 0.2330 0.2547 
         142  1 0.2591 0.2643 0.2254 0.2511 
         143  1 0.2588 0.2566 0.2375 0.2471 
         144  1 0.2571 0.2627 0.2238 0.2563 
         145  1 0.2558 0.2443 0.2494 0.2506 
         146  1 0.2432 0.2516 0.2492 0.2561 
         147  1 0.2563 0.2510 0.2492 0.2434 
         148  1 0.2599 0.2508 0.2444 0.2449 
         149  1 0.2443 0.2512 0.2656 0.2389 
         150  1 0.2535 0.2569 0.2533 0.2363 
         151  1 0.2485 0.2458 0.2491 0.2566 
         152  1 0.2404 0.2490 0.2728 0.2378 
         153  1 0.2570 0.2426 0.2483 0.2521 
         154  1 0.2546 0.2476 0.2579 0.2399 
         155  1 0.2601 0.2649 0.2171 0.2580 
         156  1 0.2556 0.2552 0.2521 0.2371 
         157  1 0.2554 0.2547 0.2367 0.2532 
         158  1 0.2435 0.2397 0.2613 0.2555 
         159  1 0.2295 0.2445 0.2799 0.2461 
         160  1 0.2289 0.2281 0.3191 0.2239 
         161  1 0.2601 0.2476 0.2299 0.2624 
         162  1 0.2567 0.2544 0.2318 0.2570 
         163  1 0.2431 0.2521 0.2340 0.2708 
         164  1 0.2495 0.2523 0.2262 0.2720 
         165  1 0.2460 0.2338 0.2790 0.2412 
         166  1 0.2462 0.2582 0.2393 0.2563 
         167  1 0.2544 0.2541 0.2250 0.2665 
         168  1 0.2578 0.2594 0.2305 0.2523 
         169  1 0.2566 0.2532 0.2193 0.2709 
         170  1 0.2458 0.2380 0.2726 0.2436 
         171  1 0.2492 0.2380 0.2761 0.2367 
         172  1 0.2383 0.2463 0.2772 0.2381 
         173  1 0.2479 0.2431 0.2424 0.2665 
         174  1 0.2521 0.2415 0.2620 0.2443 
         175  1 0.2470 0.2456 0.2435 0.2639 
         176  1 0.2450 0.2472 0.2688 0.2390 
         177  1 0.2609 0.2751 0.2061 0.2579 
         178  1 0.2568 0.2455 0.2411 0.2566 
         179  1 0.2555 0.2504 0.2519 0.2422 
         180  1 0.2466 0.2495 0.2549 0.2490 
         181  1 0.2611 0.2752 0.2091 0.2547 
         182  1 0.2572 0.2504 0.2370 0.2554 
         183  1 0.2511 0.2467 0.2554 0.2468 
         184  1 0.2576 0.2441 0.2427 0.2555 
         185  1 0.2388 0.2376 0.2941 0.2294 
         186  1 0.2594 0.2680 0.2119 0.2607 
         187  1 0.2473 0.2522 0.2554 0.2451 
         188  1 0.2454 0.2504 0.2688 0.2354 
         189  1 0.2443 0.2500 0.2708 0.2349 
         190  1 0.2399 0.2301 0.2967 0.2333 
         191  1 0.2460 0.2358 0.2807 0.2375 
         192  1 0.2511 0.2552 0.2377 0.2559 
         193  1 0.2616 0.2544 0.2261 0.2579 
         194  1 0.2353 0.2423 0.2834 0.2390 
         195  1 0.2481 0.2527 0.2393 0.2599 
         196  1 0.2367 0.2406 0.2902 0.2325 
         197  1 0.2424 0.2448 0.2686 0.2443 
         198  1 0.2506 0.2379 0.2624 0.2491 
         199  1 0.2494 0.2588 0.2470 0.2449 
         200  1 0.2590 0.2547 0.2412 0.2451 
         201  1 0.2617 0.2782 0.1964 0.2638 
         202  1 0.2487 0.2753 0.2237 0.2524 
         203  1 0.2312 0.2348 0.3015 0.2325 
         204  1 0.2475 0.2472 0.2637 0.2417 
         205  1 0.2502 0.2499 0.2616 0.2383 
         206  1 0.2448 0.2513 0.2535 0.2504 
         207  1 0.2399 0.2585 0.2594 0.2423 
         208  1 0.1903 0.1871 0.4415 0.1810 
         209  1 0.2558 0.2508 0.2358 0.2576 
         210  1 0.2520 0.2593 0.2067 0.2820 
         211  1 0.2473 0.2489 0.2620 0.2418 
         212  1 0.2553 0.2631 0.2167 0.2649 
         213  1 0.2406 0.2403 0.2800 0.2392 
         214  1 0.2616 0.2529 0.2424 0.2432 
         215  1 0.2567 0.2574 0.2466 0.2392 
         216  1 0.2425 0.2480 0.2441 0.2655 
         217  1 0.2609 0.2643 0.2235 0.2513 
         218  1 0.2693 0.2585 0.2101 0.2621 
         219  1 0.2566 0.2637 0.2183 0.2614 
         220  1 0.2578 0.2444 0.2443 0.2535 
         221  1 0.2559 0.2333 0.2508 0.2600 
         222  1 0.2552 0.2390 0.2519 0.2540 
         223  1 0.2346 0.2355 0.2914 0.2384 
         224  1 0.2386 0.2318 0.2928 0.2369 
         225  1 0.2459 0.2508 0.2436 0.2597 
         226  1 0.2403 0.2436 0.2784 0.2378 
         227  1 0.2548 0.2450 0.2513 0.2489 
         228  1 0.2562 0.2589 0.2329 0.2520 
         229  1 0.2653 0.2598 0.2188 0.2561 
         230  1 0.2572 0.2629 0.2057 0.2742 
         231  1 0.2548 0.2524 0.2394 0.2534 
         232  1 0.2535 0.2487 0.2366 0.2612 
         233  1 0.2626 0.2677 0.2062 0.2635 
         234  1 0.2303 0.2238 0.3183 0.2276 
         235  1 0.2581 0.2476 0.2421 0.2522 
         236  1 0.2374 0.2357 0.2778 0.2491 
         237  1 0.2564 0.2567 0.2429 0.2439 
         238  1 0.2491 0.2584 0.2247 0.2679 
         239  1 0.2432 0.2452 0.2656 0.2460 
         240  1 0.2547 0.2444 0.2629 0.2379 
         241  1 0.2639 0.2614 0.2227 0.2519 
         242  1 0.2600 0.2560 0.2355 0.2485 
         243  1 0.2648 0.2579 0.2037 0.2736 
         244  1 0.2603 0.2575 0.2353 0.2469 
         245  1 0.2406 0.2530 0.2497 0.2568 
         246  1 0.2731 0.2525 0.2198 0.2546 
         247  1 0.2484 0.2415 0.2544 0.2556 
         248  1 0.2379 0.2338 0.2949 0.2335 
         249  1 0.2456 0.2489 0.2648 0.2407 
         250  1 0.2646 0.2676 0.2043 0.2635 
         251  1 0.2594 0.2626 0.2395 0.2386 
         252  1 0.2565 0.2668 0.2268 0.2500 
         253  1 0.2608 0.2680 0.2092 0.2620 
         254  1 0.2383 0.2388 0.2977 0.2252 
         255  1 0.2550 0.2524 0.2444 0.2482 
         256  1 0.2394 0.2344 0.2875 0.2386 
         257  1 0.2458 0.2480 0.2659 0.2404 
         258  1 0.2521 0.2563 0.2481 0.2435 
         259  1 0.2501 0.2494 0.2388 0.2617 
         260  1 0.2452 0.2573 0.2225 0.2749 
         261  1 0.2614 0.2564 0.2289 0.2533 
         262  1 0.2312 0.2205 0.3223 0.2261 
         263  1 0.2501 0.2514 0.2067 0.2918 
         264  1 0.2486 0.2668 0.2431 0.2416 
         265  1 0.2466 0.2508 0.2509 0.2517 
         266  1 0.2401 0.2352 0.2912 0.2335 
         267  1 0.2568 0.2589 0.2156 0.2688 
         268  1 0.2552 0.2509 0.2373 0.2567 
         269  1 0.2410 0.2287 0.2844 0.2459 
         270  1 0.2680 0.2574 0.2186 0.2561 
         271  1 0.2522 0.2535 0.2504 0.2439 
         272  1 0.2504 0.2462 0.2571 0.2462 
         273  1 0.2563 0.2482 0.2516 0.2439 
         274  1 0.2546 0.2484 0.2316 0.2655 
         275  1 0.2531 0.2490 0.2528 0.2451 
         276  1 0.2585 0.2541 0.2390 0.2483 
         277  1 0.2574 0.2598 0.2341 0.2486 
         278  1 0.2535 0.2595 0.2381 0.2489 
         279  1 0.2502 0.2661 0.2114 0.2724 
         280  1 0.2469 0.2717 0.2361 0.2453 
         281  1 0.2468 0.2441 0.2822 0.2269 
         282  1 0.2362 0.2467 0.2869 0.2302 
         283  1 0.2416 0.2412 0.2816 0.2357 
         284  1 0.2476 0.2528 0.2526 0.2469 
         285  1 0.2615 0.2573 0.2228 0.2585 
         286  1 0.2101 0.2106 0.3707 0.2087 
         287  1 0.2402 0.2361 0.2842 0.2395 
         288  1 0.2534 0.2566 0.2488 0.2412 
         289  1 0.2399 0.2480 0.2539 0.2583 
         290  1 0.2531 0.2539 0.2448 0.2482 
         291  1 0.2583 0.2653 0.2188 0.2577 
         292  1 0.2405 0.2440 0.2839 0.2315 
         293  1 0.2500 0.2581 0.2386 0.2533 
         294  1 0.2596 0.2653 0.2237 0.2514 
         295  1 0.2368 0.2356 0.2990 0.2286 
         296  1 0.2591 0.2656 0.2086 0.2666 
         297  1 0.2627 0.2758 0.2071 0.2543 
         298  1 0.2366 0.2409 0.2723 0.2502 
         299  1 0.2463 0.2557 0.2580 0.2400 
         300  1 0.2547 0.2595 0.2291 0.2567 
         301  1 0.2440 0.2500 0.2738 0.2321 
         302  1 0.2520 0.2530 0.2228 0.2721 
         303  1 0.2590 0.2668 0.2139 0.2603 
