           1  1 0.3498 0.3068 0.3434 
           2  1 0.3109 0.3779 0.3112 
           3  1 0.3423 0.3248 0.3329 
           4  1 0.3287 0.3440 0.3273 
           5  1 0.2889 0.4078 0.3033 
           6  1 0.3384 0.3283 0.3333 
           7  1 0.3526 0.2863 0.3611 
           8  1 0.3448 0.3112 0.3441 
           9  1 0.3339 0.3281 0.3380 
          10  1 0.3226 0.3482 0.3292 
          11  1 0.2780 0.4385 0.2836 
          12  1 0.3294 0.3395 0.3310 
          13  1 0.3073 0.3820 0.3107 
          14  1 0.3385 0.3320 0.3295 
          15  1 0.3362 0.3248 0.3390 
          16  1 0.3225 0.3469 0.3306 
          17  1 0.3478 0.3002 0.3519 
          18  1 0.3344 0.3329 0.3327 
          19  1 0.2929 0.4136 0.2935 
          20  1 0.3705 0.2496 0.3799 
          21  1 0.3449 0.3096 0.3455 
          22  1 0.3239 0.3443 0.3317 
          23  1 0.3120 0.3699 0.3181 
          24  1 0.3474 0.3187 0.3339 
          25  1 0.3461 0.3137 0.3402 
          26  1 0.3261 0.3424 0.3316 
          27  1 0.3279 0.3498 0.3223 
          28  1 0.2992 0.4065 0.2943 
          29  1 0.3025 0.3974 0.3002 
          30  1 0.3455 0.3033 0.3512 
          31  1 0.3454 0.3101 0.3446 
          32  1 0.2820 0.4301 0.2878 
          33  1 0.3331 0.3333 0.3336 
          34  1 0.3260 0.3497 0.3243 
          35  1 0.3521 0.2905 0.3574 
          36  1 0.3394 0.3248 0.3358 
          37  1 0.3298 0.3411 0.3291 
          38  1 0.3047 0.3996 0.2957 
          39  1 0.3536 0.2914 0.3550 
          40  1 0.3499 0.3158 0.3343 
          41  1 0.3382 0.3270 0.3348 
          42  1 0.3569 0.2772 0.3659 
          43  1 0.3181 0.3579 0.3240 
          44  1 0.3402 0.3117 0.3481 
          45  1 0.3478 0.3070 0.3452 
          46  1 0.3517 0.3058 0.3426 
          47  1 0.3354 0.3249 0.3397 
          48  1 0.3307 0.3354 0.3339 
          49  1 0.3223 0.3535 0.3242 
          50  1 0.3157 0.3655 0.3189 
          51  1 0.3366 0.3341 0.3292 
          52  1 0.3274 0.3333 0.3393 
          53  1 0.3106 0.3816 0.3078 
          54  1 0.3383 0.3119 0.3498 
          55  1 0.3532 0.2999 0.3469 
          56  1 0.3022 0.3912 0.3065 
          57  1 0.3220 0.3457 0.3323 
          58  1 0.3308 0.3365 0.3328 
          59  1 0.3556 0.2869 0.3575 
          60  1 0.3388 0.3168 0.3444 
          61  1 0.3370 0.3224 0.3406 
          62  1 0.3204 0.3463 0.3334 
          63  1 0.3354 0.3216 0.3430 
          64  1 0.3580 0.2966 0.3454 
          65  1 0.3184 0.3652 0.3164 
          66  1 0.3251 0.3504 0.3245 
          67  1 0.3426 0.3237 0.3336 
          68  1 0.3516 0.2791 0.3693 
          69  1 0.3395 0.3285 0.3320 
          70  1 0.3555 0.3001 0.3444 
          71  1 0.3407 0.3309 0.3284 
          72  1 0.3600 0.2886 0.3513 
          73  1 0.3247 0.3524 0.3229 
          74  1 0.3336 0.3188 0.3476 
          75  1 0.3560 0.2931 0.3509 
          76  1 0.3347 0.3275 0.3378 
          77  1 0.3314 0.3285 0.3401 
          78  1 0.3177 0.3682 0.3141 
          79  1 0.3368 0.3305 0.3327 
          80  1 0.3475 0.3004 0.3521 
          81  1 0.3165 0.3694 0.3141 
          82  1 0.3184 0.3550 0.3266 
          83  1 0.3523 0.2765 0.3711 
          84  1 0.3362 0.3272 0.3367 
          85  1 0.3479 0.2877 0.3644 
          86  1 0.3638 0.2876 0.3485 
          87  1 0.3452 0.3272 0.3276 
          88  1 0.3330 0.3311 0.3360 
          89  1 0.3244 0.3524 0.3232 
          90  1 0.3405 0.3269 0.3327 
          91  1 0.3196 0.3673 0.3131 
          92  1 0.3167 0.3627 0.3206 
          93  1 0.3136 0.3747 0.3117 
          94  1 0.3494 0.2908 0.3599 
          95  1 0.3473 0.3058 0.3469 
          96  1 0.3418 0.3142 0.3440 
          97  1 0.3402 0.3321 0.3277 
          98  1 0.3382 0.3304 0.3314 
          99  1 0.3378 0.3235 0.3386 
         100  1 0.3147 0.3685 0.3168 
         101  1 0.3566 0.2743 0.3690 
         102  1 0.3128 0.3785 0.3087 
         103  1 0.3255 0.3517 0.3228 
         104  1 0.3286 0.3442 0.3271 
         105  1 0.3546 0.3012 0.3442 
         106  1 0.3472 0.3124 0.3404 
         107  1 0.3554 0.2889 0.3557 
         108  1 0.3019 0.3988 0.2993 
         109  1 0.3050 0.3852 0.3098 
         110  1 0.3101 0.3915 0.2984 
         111  1 0.3192 0.3617 0.3192 
         112  1 0.3291 0.3460 0.3248 
         113  1 0.3450 0.3013 0.3537 
         114  1 0.3220 0.3539 0.3241 
         115  1 0.3417 0.3115 0.3468 
         116  1 0.3270 0.3330 0.3400 
         117  1 0.3453 0.3111 0.3436 
         118  1 0.3338 0.3330 0.3331 
         119  1 0.3438 0.3141 0.3421 
         120  1 0.3343 0.3286 0.3371 
         121  1 0.3509 0.2967 0.3524 
         122  1 0.3397 0.3119 0.3485 
         123  1 0.3134 0.3698 0.3168 
         124  1 0.3353 0.3338 0.3309 
         125  1 0.3254 0.3543 0.3203 
         126  1 0.3392 0.3271 0.3337 
         127  1 0.3428 0.3148 0.3425 
         128  1 0.3571 0.2910 0.3519 
         129  1 0.3244 0.3562 0.3194 
         130  1 0.3257 0.3562 0.3181 
         131  1 0.3478 0.3061 0.3461 
         132  1 0.3525 0.2957 0.3517 
         133  1 0.3206 0.3543 0.3251 
         134  1 0.3228 0.3612 0.3160 
         135  1 0.3603 0.2792 0.3605 
         136  1 0.3332 0.3378 0.3290 
         137  1 0.3380 0.3091 0.3529 
         138  1 0.3531 0.2985 0.3484 
         139  1 0.3376 0.3300 0.3324 
         140  1 0.3144 0.3677 0.3178 
         141  1 0.3389 0.3146 0.3465 
         142  1 0.3399 0.3065 0.3536 
         143  1 0.3358 0.3234 0.3408 
         144  1 0.3425 0.3115 0.3460 
         145  1 0.3306 0.3349 0.3345 
         146  1 0.3347 0.3238 0.3415 
         147  1 0.3340 0.3412 0.3248 
         148  1 0.3358 0.3322 0.3320 
         149  1 0.3339 0.3436 0.3225 
         150  1 0.3374 0.3291 0.3335 
         151  1 0.3222 0.3497 0.3281 
         152  1 0.3105 0.3796 0.3099 
         153  1 0.3333 0.3309 0.3358 
         154  1 0.3278 0.3543 0.3179 
         155  1 0.3533 0.2893 0.3574 
         156  1 0.3323 0.3360 0.3317 
         157  1 0.3457 0.3140 0.3404 
         158  1 0.3273 0.3528 0.3200 
         159  1 0.3187 0.3571 0.3242 
         160  1 0.2919 0.4164 0.2917 
         161  1 0.3480 0.3060 0.3461 
         162  1 0.3467 0.3013 0.3521 
         163  1 0.3376 0.3204 0.3420 
         164  1 0.3503 0.3063 0.3434 
         165  1 0.3209 0.3617 0.3175 
         166  1 0.3382 0.3175 0.3443 
         167  1 0.3492 0.3017 0.3491 
         168  1 0.3478 0.3113 0.3408 
         169  1 0.3484 0.2904 0.3612 
         170  1 0.3216 0.3629 0.3154 
         171  1 0.3294 0.3520 0.3186 
         172  1 0.3074 0.3813 0.3113 
         173  1 0.3355 0.3148 0.3497 
         174  1 0.3288 0.3424 0.3288 
         175  1 0.3360 0.3176 0.3464 
         176  1 0.3086 0.3744 0.3169 
         177  1 0.3655 0.2741 0.3604 
         178  1 0.3327 0.3266 0.3407 
         179  1 0.3348 0.3351 0.3301 
         180  1 0.3362 0.3373 0.3264 
         181  1 0.3610 0.2766 0.3625 
         182  1 0.3434 0.3161 0.3405 
         183  1 0.3344 0.3327 0.3328 
         184  1 0.3451 0.3137 0.3412 
         185  1 0.3027 0.3935 0.3038 
         186  1 0.3573 0.2871 0.3556 
         187  1 0.3334 0.3397 0.3269 
         188  1 0.3252 0.3518 0.3230 
         189  1 0.3211 0.3587 0.3203 
         190  1 0.3064 0.3824 0.3112 
         191  1 0.3052 0.3864 0.3084 
         192  1 0.3454 0.3175 0.3371 
         193  1 0.3479 0.3019 0.3502 
         194  1 0.3179 0.3624 0.3198 
         195  1 0.3406 0.3217 0.3376 
         196  1 0.3046 0.3871 0.3083 
         197  1 0.3272 0.3519 0.3209 
         198  1 0.3321 0.3457 0.3222 
         199  1 0.3327 0.3346 0.3327 
         200  1 0.3330 0.3375 0.3295 
         201  1 0.3765 0.2561 0.3674 
         202  1 0.3555 0.2977 0.3468 
         203  1 0.3097 0.3780 0.3123 
         204  1 0.3238 0.3568 0.3195 
         205  1 0.3175 0.3571 0.3253 
         206  1 0.3282 0.3405 0.3314 
         207  1 0.3324 0.3394 0.3281 
         208  1 0.2330 0.5370 0.2300 
         209  1 0.3464 0.3103 0.3432 
         210  1 0.3589 0.2755 0.3656 
         211  1 0.3323 0.3415 0.3263 
         212  1 0.3551 0.2861 0.3588 
         213  1 0.3219 0.3589 0.3193 
         214  1 0.3306 0.3411 0.3283 
         215  1 0.3374 0.3310 0.3315 
         216  1 0.3375 0.3223 0.3403 
         217  1 0.3454 0.3093 0.3453 
         218  1 0.3668 0.2779 0.3553 
         219  1 0.3537 0.2855 0.3609 
         220  1 0.3345 0.3257 0.3398 
         221  1 0.3306 0.3349 0.3345 
         222  1 0.3315 0.3340 0.3344 
         223  1 0.2969 0.4004 0.3027 
         224  1 0.3035 0.3883 0.3083 
         225  1 0.3437 0.3163 0.3400 
         226  1 0.3189 0.3589 0.3222 
         227  1 0.3368 0.3353 0.3279 
         228  1 0.3430 0.3161 0.3409 
         229  1 0.3613 0.2964 0.3423 
         230  1 0.3580 0.2721 0.3700 
         231  1 0.3363 0.3184 0.3454 
         232  1 0.3437 0.3073 0.3490 
         233  1 0.3591 0.2704 0.3704 
         234  1 0.3012 0.3979 0.3009 
         235  1 0.3461 0.3159 0.3380 
         236  1 0.3211 0.3564 0.3225 
         237  1 0.3434 0.3264 0.3301 
         238  1 0.3559 0.2946 0.3495 
         239  1 0.3218 0.3493 0.3290 
         240  1 0.3248 0.3500 0.3252 
         241  1 0.3532 0.2962 0.3506 
         242  1 0.3529 0.3099 0.3371 
         243  1 0.3665 0.2668 0.3667 
         244  1 0.3325 0.3311 0.3364 
         245  1 0.3415 0.3217 0.3368 
         246  1 0.3475 0.2990 0.3534 
         247  1 0.3324 0.3394 0.3282 
         248  1 0.3061 0.3880 0.3059 
         249  1 0.3269 0.3380 0.3351 
         250  1 0.3622 0.2710 0.3668 
         251  1 0.3393 0.3325 0.3282 
         252  1 0.3505 0.3040 0.3454 
         253  1 0.3573 0.2772 0.3655 
         254  1 0.3047 0.3932 0.3021 
         255  1 0.3335 0.3360 0.3306 
         256  1 0.3113 0.3851 0.3036 
         257  1 0.3311 0.3503 0.3186 
         258  1 0.3380 0.3265 0.3355 
         259  1 0.3370 0.3225 0.3404 
         260  1 0.3527 0.3000 0.3473 
         261  1 0.3470 0.3057 0.3473 
         262  1 0.2960 0.4110 0.2930 
         263  1 0.3637 0.2674 0.3689 
         264  1 0.3391 0.3210 0.3399 
         265  1 0.3386 0.3251 0.3363 
         266  1 0.3115 0.3806 0.3079 
         267  1 0.3554 0.2905 0.3541 
         268  1 0.3358 0.3132 0.3510 
         269  1 0.3043 0.3808 0.3150 
         270  1 0.3574 0.2856 0.3569 
         271  1 0.3316 0.3387 0.3298 
         272  1 0.3315 0.3358 0.3327 
         273  1 0.3295 0.3367 0.3338 
         274  1 0.3448 0.3134 0.3418 
         275  1 0.3400 0.3236 0.3364 
         276  1 0.3460 0.3136 0.3404 
         277  1 0.3374 0.3265 0.3361 
         278  1 0.3462 0.3200 0.3338 
         279  1 0.3611 0.2718 0.3671 
         280  1 0.3393 0.3187 0.3421 
         281  1 0.3049 0.3934 0.3017 
         282  1 0.3065 0.3931 0.3005 
         283  1 0.3155 0.3666 0.3179 
         284  1 0.3263 0.3439 0.3298 
         285  1 0.3487 0.2985 0.3528 
         286  1 0.2678 0.4602 0.2719 
         287  1 0.3079 0.3814 0.3107 
         288  1 0.3297 0.3402 0.3301 
         289  1 0.3330 0.3271 0.3398 
         290  1 0.3428 0.3308 0.3265 
         291  1 0.3567 0.2888 0.3546 
         292  1 0.3107 0.3817 0.3077 
         293  1 0.3415 0.3167 0.3418 
         294  1 0.3466 0.2974 0.3560 
         295  1 0.3019 0.3999 0.2981 
         296  1 0.3606 0.2750 0.3644 
         297  1 0.3680 0.2737 0.3583 
         298  1 0.3271 0.3398 0.3331 
         299  1 0.3273 0.3431 0.3296 
         300  1 0.3459 0.3059 0.3482 
         301  1 0.3148 0.3695 0.3157 
         302  1 0.3504 0.2951 0.3545 
         303  1 0.3622 0.2781 0.3596 
