           1  1 0.2050 0.2009 0.1949 0.2052 0.1940 
           2  1 0.1855 0.1938 0.2159 0.1877 0.2171 
           3  1 0.2043 0.1980 0.1996 0.1993 0.1988 
           4  1 0.2032 0.1948 0.2035 0.1942 0.2043 
           5  1 0.1877 0.1856 0.2217 0.1829 0.2220 
           6  1 0.2043 0.1940 0.1987 0.2052 0.1977 
           7  1 0.2077 0.2114 0.1829 0.2152 0.1828 
           8  1 0.2051 0.2030 0.1967 0.2004 0.1949 
           9  1 0.1958 0.2034 0.1972 0.2056 0.1980 
          10  1 0.1922 0.1970 0.2048 0.2004 0.2055 
          11  1 0.1752 0.1784 0.2286 0.1836 0.2343 
          12  1 0.2039 0.1947 0.2008 0.1989 0.2017 
          13  1 0.1811 0.1925 0.2187 0.1885 0.2191 
          14  1 0.1969 0.1948 0.2008 0.2079 0.1996 
          15  1 0.2128 0.1939 0.1917 0.2101 0.1915 
          16  1 0.1899 0.2007 0.2040 0.1968 0.2085 
          17  1 0.2123 0.2067 0.1879 0.2044 0.1887 
          18  1 0.2068 0.1912 0.2028 0.1960 0.2032 
          19  1 0.1851 0.1806 0.2240 0.1848 0.2254 
          20  1 0.2094 0.2275 0.1694 0.2249 0.1688 
          21  1 0.2057 0.2082 0.1901 0.2058 0.1902 
          22  1 0.1951 0.1958 0.2045 0.2001 0.2045 
          23  1 0.1922 0.1907 0.2118 0.1928 0.2124 
          24  1 0.1988 0.2084 0.1937 0.2055 0.1937 
          25  1 0.2099 0.1980 0.1967 0.2003 0.1952 
          26  1 0.1977 0.1988 0.2011 0.2006 0.2018 
          27  1 0.1979 0.1948 0.2017 0.2018 0.2039 
          28  1 0.1863 0.1747 0.2258 0.1874 0.2259 
          29  1 0.1863 0.1862 0.2205 0.1872 0.2198 
          30  1 0.2126 0.2028 0.1900 0.2049 0.1898 
          31  1 0.2058 0.2002 0.1904 0.2110 0.1926 
          32  1 0.1820 0.1763 0.2320 0.1752 0.2345 
          33  1 0.2051 0.1986 0.1982 0.2010 0.1970 
          34  1 0.1911 0.1981 0.2064 0.1986 0.2059 
          35  1 0.2090 0.2118 0.1844 0.2099 0.1849 
          36  1 0.1940 0.1998 0.2009 0.2051 0.2002 
          37  1 0.1946 0.1998 0.2028 0.2011 0.2017 
          38  1 0.1852 0.1859 0.2219 0.1845 0.2225 
          39  1 0.2076 0.2110 0.1832 0.2148 0.1834 
          40  1 0.2062 0.1993 0.1975 0.2013 0.1957 
          41  1 0.1987 0.1995 0.2001 0.2023 0.1994 
          42  1 0.2161 0.2138 0.1775 0.2150 0.1776 
          43  1 0.1902 0.1924 0.2083 0.1983 0.2108 
          44  1 0.2029 0.2085 0.1921 0.2043 0.1922 
          45  1 0.2034 0.2068 0.1900 0.2106 0.1893 
          46  1 0.2021 0.2032 0.1933 0.2083 0.1931 
          47  1 0.1930 0.2021 0.1998 0.2059 0.1993 
          48  1 0.2025 0.1950 0.2031 0.1967 0.2027 
          49  1 0.2037 0.1929 0.2053 0.1899 0.2081 
          50  1 0.1912 0.1929 0.2092 0.1966 0.2102 
          51  1 0.1978 0.1932 0.2034 0.2029 0.2027 
          52  1 0.2042 0.1913 0.2048 0.1965 0.2031 
          53  1 0.1880 0.1840 0.2189 0.1913 0.2178 
          54  1 0.2003 0.2090 0.1921 0.2058 0.1927 
          55  1 0.1965 0.2144 0.1867 0.2152 0.1873 
          56  1 0.1939 0.1874 0.2157 0.1864 0.2166 
          57  1 0.1921 0.2048 0.2018 0.1973 0.2040 
          58  1 0.1957 0.2031 0.2025 0.1970 0.2018 
          59  1 0.2142 0.2141 0.1821 0.2068 0.1828 
          60  1 0.1969 0.2150 0.1935 0.2012 0.1934 
          61  1 0.2002 0.2030 0.1986 0.2006 0.1976 
          62  1 0.1987 0.1929 0.2054 0.1977 0.2053 
          63  1 0.2096 0.2024 0.1945 0.1982 0.1953 
          64  1 0.2121 0.2009 0.1887 0.2102 0.1881 
          65  1 0.1981 0.1935 0.2092 0.1887 0.2105 
          66  1 0.1971 0.1929 0.2084 0.1933 0.2082 
          67  1 0.2004 0.2044 0.1940 0.2057 0.1955 
          68  1 0.2158 0.2204 0.1755 0.2128 0.1755 
          69  1 0.2087 0.1985 0.1952 0.2024 0.1952 
          70  1 0.2091 0.2076 0.1884 0.2073 0.1876 
          71  1 0.2068 0.1989 0.1989 0.1966 0.1988 
          72  1 0.2010 0.2125 0.1868 0.2136 0.1861 
          73  1 0.2014 0.1940 0.2028 0.1987 0.2032 
          74  1 0.2068 0.2055 0.1953 0.1971 0.1953 
          75  1 0.2058 0.2203 0.1835 0.2071 0.1834 
          76  1 0.1985 0.2029 0.1984 0.2021 0.1980 
          77  1 0.2008 0.2047 0.1960 0.2014 0.1971 
          78  1 0.1894 0.1930 0.2120 0.1936 0.2121 
          79  1 0.1944 0.1997 0.2014 0.2034 0.2011 
          80  1 0.1967 0.2149 0.1890 0.2120 0.1875 
          81  1 0.1933 0.1901 0.2124 0.1931 0.2111 
          82  1 0.1908 0.2054 0.2048 0.1923 0.2067 
          83  1 0.2038 0.2253 0.1786 0.2137 0.1786 
          84  1 0.2072 0.2050 0.1956 0.1959 0.1963 
          85  1 0.2029 0.2176 0.1834 0.2120 0.1841 
          86  1 0.2128 0.2120 0.1837 0.2078 0.1838 
          87  1 0.2048 0.1991 0.1967 0.2032 0.1961 
          88  1 0.2062 0.2006 0.1980 0.1979 0.1973 
          89  1 0.1987 0.1949 0.2044 0.1954 0.2065 
          90  1 0.2073 0.1954 0.1995 0.1993 0.1985 
          91  1 0.1937 0.1931 0.2117 0.1886 0.2129 
          92  1 0.1888 0.1909 0.2103 0.1996 0.2102 
          93  1 0.1960 0.1869 0.2117 0.1915 0.2139 
          94  1 0.2026 0.2214 0.1838 0.2085 0.1838 
          95  1 0.2071 0.2044 0.1906 0.2079 0.1899 
          96  1 0.1962 0.2133 0.1926 0.2056 0.1924 
          97  1 0.2069 0.1977 0.1978 0.1998 0.1979 
          98  1 0.2007 0.1976 0.1991 0.2033 0.1993 
          99  1 0.2091 0.2010 0.1971 0.1961 0.1967 
         100  1 0.2018 0.1901 0.2089 0.1886 0.2105 
         101  1 0.2051 0.2195 0.1772 0.2212 0.1770 
         102  1 0.1815 0.1912 0.2163 0.1935 0.2175 
         103  1 0.1886 0.2044 0.2024 0.1989 0.2057 
         104  1 0.1946 0.1964 0.1999 0.2070 0.2022 
         105  1 0.2094 0.2005 0.1909 0.2086 0.1906 
         106  1 0.2073 0.1998 0.1954 0.2022 0.1953 
         107  1 0.2110 0.2077 0.1881 0.2053 0.1878 
         108  1 0.1864 0.1780 0.2245 0.1877 0.2233 
         109  1 0.1913 0.1789 0.2208 0.1891 0.2200 
         110  1 0.1872 0.1859 0.2228 0.1812 0.2229 
         111  1 0.1908 0.1993 0.2031 0.2002 0.2066 
         112  1 0.1954 0.2012 0.2023 0.1995 0.2015 
         113  1 0.1967 0.2102 0.1909 0.2122 0.1900 
         114  1 0.1962 0.1900 0.2076 0.1984 0.2077 
         115  1 0.2155 0.1998 0.1924 0.2002 0.1922 
         116  1 0.1982 0.1997 0.2032 0.1967 0.2023 
         117  1 0.2059 0.2055 0.1932 0.2028 0.1926 
         118  1 0.2055 0.1950 0.2024 0.1949 0.2021 
         119  1 0.1980 0.2130 0.1900 0.2072 0.1918 
         120  1 0.1998 0.1922 0.2058 0.1978 0.2044 
         121  1 0.2032 0.2079 0.1870 0.2147 0.1872 
         122  1 0.2017 0.2025 0.1952 0.2057 0.1949 
         123  1 0.1932 0.1933 0.2104 0.1909 0.2122 
         124  1 0.1969 0.2010 0.2031 0.1961 0.2029 
         125  1 0.1994 0.1944 0.2059 0.1923 0.2080 
         126  1 0.1969 0.2038 0.1997 0.2003 0.1993 
         127  1 0.2045 0.2079 0.1912 0.2058 0.1906 
         128  1 0.2180 0.2133 0.1830 0.2025 0.1832 
         129  1 0.1901 0.1981 0.2029 0.2039 0.2050 
         130  1 0.1913 0.1995 0.2061 0.1972 0.2060 
         131  1 0.2051 0.2011 0.1930 0.2072 0.1936 
         132  1 0.2099 0.2015 0.1865 0.2159 0.1862 
         133  1 0.1964 0.1941 0.2054 0.1984 0.2056 
         134  1 0.1854 0.1961 0.2107 0.1981 0.2097 
         135  1 0.2147 0.2085 0.1802 0.2166 0.1801 
         136  1 0.2026 0.1929 0.2020 0.2013 0.2012 
         137  1 0.2128 0.1998 0.1951 0.1985 0.1939 
         138  1 0.2132 0.2070 0.1892 0.2019 0.1887 
         139  1 0.2042 0.1980 0.1962 0.2029 0.1986 
         140  1 0.1942 0.1849 0.2105 0.1985 0.2120 
         141  1 0.1997 0.2018 0.1961 0.2070 0.1954 
         142  1 0.2083 0.2048 0.1918 0.2040 0.1912 
         143  1 0.2014 0.2029 0.1981 0.2013 0.1963 
         144  1 0.2006 0.2009 0.1987 0.2016 0.1982 
         145  1 0.2025 0.1952 0.2028 0.1966 0.2029 
         146  1 0.1949 0.2049 0.1969 0.2055 0.1978 
         147  1 0.2002 0.1899 0.2049 0.2008 0.2042 
         148  1 0.2086 0.1954 0.2000 0.1961 0.1999 
         149  1 0.1983 0.1962 0.2011 0.2026 0.2018 
         150  1 0.2020 0.2070 0.1975 0.1952 0.1983 
         151  1 0.1979 0.1921 0.2094 0.1921 0.2085 
         152  1 0.1950 0.1922 0.2121 0.1885 0.2122 
         153  1 0.2077 0.2035 0.1962 0.1946 0.1980 
         154  1 0.1906 0.1983 0.2095 0.1932 0.2084 
         155  1 0.2123 0.2084 0.1856 0.2090 0.1846 
         156  1 0.2066 0.2028 0.1988 0.1921 0.1997 
         157  1 0.2085 0.2073 0.1929 0.1978 0.1934 
         158  1 0.1854 0.1891 0.2136 0.1986 0.2132 
         159  1 0.1901 0.1973 0.2045 0.2000 0.2081 
         160  1 0.1728 0.1883 0.2257 0.1862 0.2271 
         161  1 0.2042 0.2085 0.1894 0.2086 0.1893 
         162  1 0.2112 0.2062 0.1886 0.2041 0.1899 
         163  1 0.1961 0.2102 0.1954 0.2034 0.1949 
         164  1 0.1993 0.2051 0.1915 0.2132 0.1910 
         165  1 0.2028 0.1895 0.2087 0.1892 0.2098 
         166  1 0.1990 0.2006 0.1970 0.2060 0.1973 
         167  1 0.1983 0.2078 0.1919 0.2104 0.1916 
         168  1 0.2098 0.2027 0.1915 0.2049 0.1910 
         169  1 0.2096 0.2132 0.1841 0.2102 0.1829 
         170  1 0.1990 0.1889 0.2087 0.1949 0.2085 
         171  1 0.1987 0.1928 0.2035 0.1966 0.2083 
         172  1 0.1930 0.1843 0.2166 0.1906 0.2155 
         173  1 0.2060 0.2056 0.1918 0.2041 0.1924 
         174  1 0.2044 0.1945 0.2016 0.1975 0.2020 
         175  1 0.1989 0.2064 0.1925 0.2095 0.1927 
         176  1 0.1942 0.1925 0.2127 0.1890 0.2115 
         177  1 0.2190 0.2100 0.1769 0.2175 0.1764 
         178  1 0.2075 0.1962 0.1977 0.2021 0.1966 
         179  1 0.1969 0.2019 0.2032 0.1958 0.2021 
         180  1 0.1953 0.2008 0.2023 0.1999 0.2018 
         181  1 0.2239 0.2149 0.1776 0.2059 0.1777 
         182  1 0.2116 0.2039 0.1930 0.1987 0.1928 
         183  1 0.2053 0.1932 0.2009 0.1976 0.2029 
         184  1 0.2040 0.2004 0.1952 0.2050 0.1953 
         185  1 0.1862 0.1836 0.2213 0.1858 0.2230 
         186  1 0.2116 0.2109 0.1840 0.2102 0.1832 
         187  1 0.2053 0.1960 0.2001 0.1972 0.2015 
         188  1 0.1914 0.2001 0.2049 0.1972 0.2063 
         189  1 0.1992 0.1915 0.2064 0.1973 0.2056 
         190  1 0.1858 0.1915 0.2162 0.1888 0.2177 
         191  1 0.1903 0.1788 0.2201 0.1894 0.2213 
         192  1 0.2016 0.2054 0.1926 0.2078 0.1926 
         193  1 0.2117 0.2053 0.1904 0.2031 0.1895 
         194  1 0.1890 0.2015 0.2070 0.1927 0.2097 
         195  1 0.1889 0.2100 0.1985 0.2050 0.1977 
         196  1 0.1913 0.1856 0.2165 0.1883 0.2182 
         197  1 0.1892 0.2018 0.2035 0.2025 0.2031 
         198  1 0.2041 0.1898 0.2030 0.2003 0.2028 
         199  1 0.1998 0.1948 0.2022 0.2010 0.2022 
         200  1 0.1990 0.1935 0.2036 0.2018 0.2020 
         201  1 0.2184 0.2234 0.1723 0.2134 0.1725 
         202  1 0.2009 0.2155 0.1882 0.2072 0.1882 
         203  1 0.1882 0.1928 0.2107 0.1915 0.2169 
         204  1 0.1924 0.1918 0.2111 0.1955 0.2093 
         205  1 0.1944 0.1949 0.2095 0.1928 0.2083 
         206  1 0.1993 0.1994 0.2014 0.1982 0.2018 
         207  1 0.1999 0.2023 0.1978 0.2014 0.1985 
         208  1 0.1567 0.1562 0.2585 0.1553 0.2733 
         209  1 0.2088 0.2011 0.1913 0.2071 0.1918 
         210  1 0.2033 0.2280 0.1781 0.2132 0.1773 
         211  1 0.1933 0.2028 0.2030 0.1968 0.2040 
         212  1 0.2025 0.2156 0.1853 0.2118 0.1848 
         213  1 0.1947 0.1947 0.2073 0.1929 0.2104 
         214  1 0.2063 0.1913 0.2020 0.1994 0.2011 
         215  1 0.2068 0.2032 0.1972 0.1964 0.1964 
         216  1 0.2028 0.2008 0.1951 0.2057 0.1957 
         217  1 0.2076 0.1959 0.1966 0.2036 0.1964 
         218  1 0.2169 0.2097 0.1817 0.2108 0.1809 
         219  1 0.2125 0.2116 0.1817 0.2122 0.1820 
         220  1 0.2006 0.1986 0.2000 0.2002 0.2006 
         221  1 0.2001 0.1979 0.2027 0.1972 0.2020 
         222  1 0.2033 0.1993 0.1976 0.2014 0.1984 
         223  1 0.1839 0.1851 0.2222 0.1871 0.2216 
         224  1 0.1912 0.1844 0.2183 0.1863 0.2198 
         225  1 0.1947 0.2094 0.1961 0.2042 0.1956 
         226  1 0.1961 0.1942 0.2086 0.1918 0.2094 
         227  1 0.2074 0.1978 0.1986 0.1960 0.2001 
         228  1 0.2045 0.2014 0.1945 0.2063 0.1933 
         229  1 0.2084 0.1988 0.1947 0.2048 0.1934 
         230  1 0.2039 0.2265 0.1773 0.2163 0.1760 
         231  1 0.1990 0.2054 0.1954 0.2060 0.1941 
         232  1 0.2057 0.2066 0.1905 0.2068 0.1903 
         233  1 0.2173 0.2228 0.1752 0.2100 0.1746 
         234  1 0.1878 0.1866 0.2167 0.1885 0.2204 
         235  1 0.1980 0.2079 0.1956 0.2035 0.1949 
         236  1 0.1964 0.2003 0.2010 0.1985 0.2039 
         237  1 0.2005 0.1937 0.2005 0.2057 0.1996 
         238  1 0.2057 0.2157 0.1843 0.2101 0.1841 
         239  1 0.1995 0.1947 0.2057 0.1940 0.2061 
         240  1 0.1989 0.1929 0.2043 0.1996 0.2043 
         241  1 0.2166 0.2055 0.1872 0.2041 0.1866 
         242  1 0.2053 0.1992 0.1958 0.2051 0.1945 
         243  1 0.2166 0.2176 0.1751 0.2158 0.1749 
         244  1 0.2076 0.1983 0.1989 0.1968 0.1984 
         245  1 0.1942 0.2019 0.2005 0.2011 0.2024 
         246  1 0.2174 0.2011 0.1896 0.2031 0.1888 
         247  1 0.1965 0.1946 0.2052 0.1983 0.2054 
         248  1 0.1854 0.1886 0.2178 0.1890 0.2191 
         249  1 0.2010 0.2050 0.1965 0.1973 0.2003 
         250  1 0.2197 0.2104 0.1801 0.2102 0.1795 
         251  1 0.2002 0.1976 0.2030 0.1975 0.2017 
         252  1 0.2148 0.2003 0.1901 0.2046 0.1902 
         253  1 0.2142 0.2171 0.1813 0.2069 0.1805 
         254  1 0.1901 0.1816 0.2204 0.1869 0.2211 
         255  1 0.1984 0.1945 0.2025 0.2026 0.2020 
         256  1 0.1874 0.1872 0.2159 0.1932 0.2163 
         257  1 0.1975 0.1933 0.2064 0.1956 0.2072 
         258  1 0.1951 0.2081 0.1972 0.2020 0.1976 
         259  1 0.2026 0.1996 0.1987 0.2017 0.1974 
         260  1 0.1993 0.2154 0.1865 0.2124 0.1864 
         261  1 0.2045 0.2007 0.1972 0.2009 0.1967 
         262  1 0.1858 0.1822 0.2231 0.1823 0.2266 
         263  1 0.2119 0.2194 0.1764 0.2160 0.1763 
         264  1 0.2094 0.2058 0.1929 0.1972 0.1947 
         265  1 0.2013 0.2004 0.1965 0.2048 0.1970 
         266  1 0.1972 0.1846 0.2143 0.1890 0.2149 
         267  1 0.2109 0.2133 0.1849 0.2067 0.1842 
         268  1 0.2009 0.2062 0.1967 0.2007 0.1956 
         269  1 0.1901 0.1847 0.2178 0.1903 0.2170 
         270  1 0.2142 0.2097 0.1835 0.2096 0.1831 
         271  1 0.2054 0.1986 0.2002 0.1954 0.2005 
         272  1 0.2016 0.2022 0.2002 0.1955 0.2006 
         273  1 0.2015 0.1922 0.2049 0.1972 0.2042 
         274  1 0.2051 0.2118 0.1903 0.2033 0.1895 
         275  1 0.2040 0.1997 0.1977 0.1999 0.1986 
         276  1 0.2084 0.2051 0.1913 0.2042 0.1910 
         277  1 0.2013 0.1945 0.1999 0.2055 0.1989 
         278  1 0.2001 0.2036 0.1975 0.2022 0.1965 
         279  1 0.2127 0.2296 0.1721 0.2123 0.1732 
         280  1 0.2036 0.2046 0.1944 0.2036 0.1938 
         281  1 0.1896 0.1852 0.2201 0.1847 0.2204 
         282  1 0.1830 0.1955 0.2162 0.1902 0.2151 
         283  1 0.1973 0.1910 0.2082 0.1914 0.2121 
         284  1 0.1984 0.1973 0.2060 0.1930 0.2053 
         285  1 0.2174 0.2100 0.1850 0.2033 0.1843 
         286  1 0.1730 0.1727 0.2366 0.1746 0.2430 
         287  1 0.1899 0.1908 0.2151 0.1895 0.2147 
         288  1 0.2007 0.1946 0.2030 0.1995 0.2022 
         289  1 0.1945 0.2069 0.1984 0.1997 0.2005 
         290  1 0.1959 0.2024 0.1998 0.2028 0.1991 
         291  1 0.2125 0.2184 0.1843 0.2009 0.1838 
         292  1 0.1881 0.1954 0.2136 0.1896 0.2133 
         293  1 0.1996 0.2123 0.1927 0.2019 0.1934 
         294  1 0.2126 0.2096 0.1902 0.1985 0.1891 
         295  1 0.1860 0.1831 0.2202 0.1901 0.2207 
         296  1 0.2118 0.2207 0.1780 0.2129 0.1767 
         297  1 0.2145 0.2192 0.1783 0.2100 0.1781 
         298  1 0.1953 0.2065 0.1965 0.2006 0.2012 
         299  1 0.1915 0.2077 0.1992 0.2016 0.2000 
         300  1 0.1955 0.2122 0.1925 0.2076 0.1921 
         301  1 0.1942 0.1961 0.2118 0.1852 0.2127 
         302  1 0.2082 0.2121 0.1882 0.2042 0.1873 
         303  1 0.2065 0.2189 0.1810 0.2123 0.1813 
