           1  1 0.1941 0.2087 0.1931 0.2004 0.2036 
           2  1 0.2182 0.1802 0.2173 0.1933 0.1910 
           3  1 0.1972 0.2072 0.1972 0.2006 0.1978 
           4  1 0.2029 0.2032 0.2028 0.1960 0.1952 
           5  1 0.2238 0.1828 0.2248 0.1876 0.1809 
           6  1 0.2005 0.2061 0.2001 0.1987 0.1947 
           7  1 0.1826 0.2108 0.1822 0.2131 0.2113 
           8  1 0.1955 0.2064 0.1952 0.2044 0.1986 
           9  1 0.1988 0.2017 0.1988 0.1991 0.2017 
          10  1 0.2071 0.1961 0.2070 0.1932 0.1966 
          11  1 0.2331 0.1691 0.2335 0.1784 0.1859 
          12  1 0.2029 0.2012 0.2030 0.1969 0.1959 
          13  1 0.2169 0.1864 0.2166 0.1933 0.1868 
          14  1 0.1996 0.1978 0.2002 0.1976 0.2048 
          15  1 0.1916 0.2100 0.1922 0.2010 0.2052 
          16  1 0.2068 0.1982 0.2088 0.1958 0.1903 
          17  1 0.1897 0.2143 0.1890 0.2051 0.2019 
          18  1 0.2001 0.2076 0.1999 0.1997 0.1927 
          19  1 0.2280 0.1850 0.2296 0.1774 0.1800 
          20  1 0.1695 0.2097 0.1696 0.2252 0.2260 
          21  1 0.1922 0.2021 0.1932 0.2052 0.2073 
          22  1 0.2047 0.1969 0.2039 0.1963 0.1983 
          23  1 0.2115 0.1872 0.2113 0.1957 0.1944 
          24  1 0.1949 0.1976 0.1960 0.2048 0.2066 
          25  1 0.1925 0.2040 0.1927 0.2085 0.2024 
          26  1 0.2038 0.1997 0.2038 0.1971 0.1956 
          27  1 0.2032 0.1958 0.2039 0.1934 0.2037 
          28  1 0.2274 0.1844 0.2264 0.1768 0.1849 
          29  1 0.2221 0.1828 0.2224 0.1850 0.1877 
          30  1 0.1904 0.2167 0.1907 0.2006 0.2016 
          31  1 0.1908 0.2043 0.1914 0.2054 0.2081 
          32  1 0.2322 0.1835 0.2334 0.1787 0.1722 
          33  1 0.1995 0.2109 0.1980 0.1984 0.1931 
          34  1 0.2047 0.1882 0.2050 0.2009 0.2011 
          35  1 0.1832 0.2144 0.1832 0.2059 0.2132 
          36  1 0.2010 0.1953 0.2010 0.1996 0.2031 
          37  1 0.2056 0.1944 0.2058 0.1971 0.1970 
          38  1 0.2237 0.1876 0.2233 0.1838 0.1816 
          39  1 0.1839 0.2070 0.1841 0.2082 0.2169 
          40  1 0.1946 0.2109 0.1947 0.2015 0.1983 
          41  1 0.2000 0.1945 0.2009 0.1993 0.2052 
          42  1 0.1773 0.2168 0.1775 0.2128 0.2155 
          43  1 0.2113 0.1933 0.2112 0.1903 0.1939 
          44  1 0.1917 0.2032 0.1925 0.2043 0.2082 
          45  1 0.1927 0.2076 0.1920 0.2016 0.2062 
          46  1 0.1915 0.2040 0.1915 0.2007 0.2123 
          47  1 0.2026 0.1931 0.2032 0.1996 0.2016 
          48  1 0.2015 0.2058 0.2021 0.1940 0.1967 
          49  1 0.2058 0.2066 0.2063 0.1932 0.1881 
          50  1 0.2111 0.1950 0.2119 0.1925 0.1896 
          51  1 0.2032 0.1996 0.2023 0.1940 0.2009 
          52  1 0.2023 0.2031 0.2025 0.1967 0.1954 
          53  1 0.2222 0.1883 0.2222 0.1826 0.1848 
          54  1 0.1978 0.1958 0.1979 0.2035 0.2050 
          55  1 0.1886 0.2063 0.1886 0.2056 0.2110 
          56  1 0.2183 0.1914 0.2191 0.1853 0.1859 
          57  1 0.2016 0.1841 0.2024 0.2055 0.2064 
          58  1 0.2019 0.2002 0.2009 0.2011 0.1959 
          59  1 0.1842 0.2138 0.1840 0.2108 0.2071 
          60  1 0.1961 0.1936 0.1969 0.2080 0.2053 
          61  1 0.1951 0.2010 0.1954 0.2025 0.2060 
          62  1 0.2043 0.2027 0.2045 0.1940 0.1946 
          63  1 0.1921 0.2135 0.1930 0.2036 0.1979 
          64  1 0.1856 0.2190 0.1848 0.2068 0.2038 
          65  1 0.2078 0.1916 0.2090 0.2000 0.1917 
          66  1 0.2059 0.2022 0.2055 0.1924 0.1941 
          67  1 0.1927 0.1945 0.1936 0.2102 0.2090 
          68  1 0.1761 0.2143 0.1761 0.2213 0.2122 
          69  1 0.1970 0.2086 0.1970 0.1985 0.1989 
          70  1 0.1884 0.2048 0.1883 0.2091 0.2094 
          71  1 0.1963 0.2024 0.1951 0.2042 0.2020 
          72  1 0.1858 0.2033 0.1861 0.2127 0.2121 
          73  1 0.2051 0.2010 0.2050 0.1925 0.1964 
          74  1 0.1934 0.2067 0.1940 0.2063 0.1996 
          75  1 0.1830 0.1995 0.1821 0.2168 0.2186 
          76  1 0.1984 0.2016 0.1988 0.1999 0.2013 
          77  1 0.1991 0.1978 0.1989 0.2036 0.2007 
          78  1 0.2143 0.1861 0.2151 0.1933 0.1912 
          79  1 0.1968 0.1939 0.1975 0.2022 0.2095 
          80  1 0.1845 0.1978 0.1838 0.2123 0.2216 
          81  1 0.2121 0.1942 0.2106 0.1909 0.1922 
          82  1 0.2059 0.1830 0.2080 0.2046 0.1984 
          83  1 0.1809 0.2005 0.1800 0.2190 0.2196 
          84  1 0.1967 0.2108 0.1964 0.2026 0.1935 
          85  1 0.1834 0.2059 0.1847 0.2126 0.2134 
          86  1 0.1820 0.2162 0.1818 0.2134 0.2066 
          87  1 0.1938 0.1969 0.1934 0.2072 0.2086 
          88  1 0.1970 0.2013 0.1962 0.2069 0.1986 
          89  1 0.2091 0.1998 0.2091 0.1895 0.1924 
          90  1 0.2003 0.2085 0.1994 0.1956 0.1963 
          91  1 0.2117 0.1950 0.2116 0.1942 0.1874 
          92  1 0.2097 0.1903 0.2112 0.1931 0.1956 
          93  1 0.2129 0.2020 0.2135 0.1880 0.1836 
          94  1 0.1824 0.2009 0.1817 0.2191 0.2159 
          95  1 0.1903 0.2130 0.1897 0.2032 0.2037 
          96  1 0.1912 0.1966 0.1914 0.2103 0.2104 
          97  1 0.1981 0.2040 0.1985 0.2010 0.1984 
          98  1 0.1969 0.1978 0.1961 0.2016 0.2076 
          99  1 0.1966 0.2084 0.1976 0.1988 0.1986 
         100  1 0.2085 0.1988 0.2099 0.1943 0.1885 
         101  1 0.1774 0.2094 0.1772 0.2146 0.2214 
         102  1 0.2187 0.1828 0.2196 0.1858 0.1931 
         103  1 0.2038 0.1841 0.2047 0.2026 0.2048 
         104  1 0.2048 0.1911 0.2058 0.1958 0.2025 
         105  1 0.1905 0.2141 0.1886 0.2023 0.2045 
         106  1 0.1945 0.2128 0.1948 0.1987 0.1992 
         107  1 0.1866 0.2141 0.1861 0.2062 0.2070 
         108  1 0.2249 0.1877 0.2238 0.1813 0.1823 
         109  1 0.2228 0.1871 0.2220 0.1817 0.1864 
         110  1 0.2217 0.1882 0.2220 0.1833 0.1848 
         111  1 0.2070 0.1855 0.2077 0.1989 0.2010 
         112  1 0.2014 0.1902 0.2013 0.2032 0.2039 
         113  1 0.1893 0.1925 0.1893 0.2073 0.2216 
         114  1 0.2082 0.1967 0.2092 0.1911 0.1948 
         115  1 0.1906 0.2121 0.1898 0.2031 0.2043 
         116  1 0.2017 0.1973 0.2014 0.1989 0.2007 
         117  1 0.1926 0.2170 0.1923 0.2026 0.1955 
         118  1 0.2020 0.2068 0.2027 0.1931 0.1953 
         119  1 0.1927 0.1985 0.1930 0.2077 0.2081 
         120  1 0.2021 0.2061 0.2013 0.1918 0.1986 
         121  1 0.1877 0.1989 0.1879 0.2131 0.2125 
         122  1 0.1940 0.2044 0.1940 0.2029 0.2047 
         123  1 0.2126 0.1904 0.2125 0.1924 0.1921 
         124  1 0.2014 0.1990 0.2014 0.2006 0.1977 
         125  1 0.2054 0.1954 0.2053 0.2006 0.1933 
         126  1 0.1982 0.1940 0.1982 0.2054 0.2042 
         127  1 0.1938 0.2024 0.1935 0.2030 0.2074 
         128  1 0.1828 0.2168 0.1837 0.2073 0.2094 
         129  1 0.2009 0.1890 0.2021 0.2004 0.2077 
         130  1 0.2047 0.2016 0.2050 0.1935 0.1952 
         131  1 0.1956 0.2089 0.1949 0.1989 0.2017 
         132  1 0.1866 0.2092 0.1875 0.2012 0.2155 
         133  1 0.2079 0.1976 0.2083 0.1907 0.1955 
         134  1 0.2097 0.1837 0.2097 0.1972 0.1998 
         135  1 0.1794 0.2153 0.1787 0.2118 0.2147 
         136  1 0.2020 0.2054 0.2017 0.1926 0.1983 
         137  1 0.1921 0.2108 0.1916 0.2071 0.1985 
         138  1 0.1869 0.2202 0.1875 0.2051 0.2002 
         139  1 0.1981 0.2027 0.1995 0.1990 0.2007 
         140  1 0.2142 0.1916 0.2149 0.1877 0.1915 
         141  1 0.1930 0.2030 0.1928 0.2043 0.2069 
         142  1 0.1941 0.2108 0.1938 0.2009 0.2003 
         143  1 0.1975 0.2075 0.1969 0.1978 0.2002 
         144  1 0.1940 0.2000 0.1932 0.2071 0.2057 
         145  1 0.1997 0.2097 0.2002 0.1958 0.1947 
         146  1 0.1988 0.1953 0.1990 0.1990 0.2078 
         147  1 0.2047 0.2033 0.2055 0.1917 0.1949 
         148  1 0.1995 0.2120 0.1999 0.1949 0.1937 
         149  1 0.2019 0.1983 0.2029 0.1950 0.2018 
         150  1 0.1981 0.2027 0.1980 0.2030 0.1982 
         151  1 0.2065 0.2078 0.2060 0.1906 0.1890 
         152  1 0.2144 0.1897 0.2141 0.1916 0.1903 
         153  1 0.1969 0.2037 0.1977 0.2003 0.2014 
         154  1 0.2078 0.1970 0.2075 0.1957 0.1920 
         155  1 0.1825 0.2134 0.1827 0.2086 0.2126 
         156  1 0.2014 0.2064 0.2007 0.1977 0.1937 
         157  1 0.1898 0.2170 0.1894 0.2065 0.1973 
         158  1 0.2108 0.1847 0.2096 0.1948 0.2001 
         159  1 0.2071 0.1813 0.2084 0.2007 0.2025 
         160  1 0.2267 0.1732 0.2264 0.1837 0.1901 
         161  1 0.1920 0.2020 0.1926 0.2051 0.2083 
         162  1 0.1876 0.2112 0.1873 0.2066 0.2073 
         163  1 0.1973 0.1932 0.1977 0.2058 0.2061 
         164  1 0.1936 0.1988 0.1934 0.2043 0.2098 
         165  1 0.2085 0.2139 0.2080 0.1903 0.1793 
         166  1 0.1981 0.1966 0.1984 0.2009 0.2060 
         167  1 0.1912 0.2006 0.1918 0.2054 0.2110 
         168  1 0.1892 0.2108 0.1889 0.2032 0.2078 
         169  1 0.1825 0.2127 0.1828 0.2129 0.2091 
         170  1 0.2096 0.2029 0.2096 0.1871 0.1907 
         171  1 0.2047 0.2030 0.2057 0.1940 0.1926 
         172  1 0.2153 0.1835 0.2162 0.1923 0.1927 
         173  1 0.1928 0.1998 0.1919 0.2073 0.2082 
         174  1 0.1983 0.2068 0.1985 0.2004 0.1960 
         175  1 0.1944 0.1980 0.1947 0.2054 0.2074 
         176  1 0.2116 0.1889 0.2109 0.1944 0.1941 
         177  1 0.1757 0.2172 0.1747 0.2125 0.2198 
         178  1 0.2000 0.2089 0.1997 0.1945 0.1969 
         179  1 0.2031 0.1975 0.2019 0.2019 0.1955 
         180  1 0.2017 0.1973 0.2009 0.1997 0.2004 
         181  1 0.1765 0.2226 0.1763 0.2175 0.2071 
         182  1 0.1934 0.2041 0.1940 0.2036 0.2049 
         183  1 0.2019 0.2118 0.2025 0.1923 0.1914 
         184  1 0.1932 0.2091 0.1931 0.2046 0.2000 
         185  1 0.2208 0.1852 0.2225 0.1862 0.1853 
         186  1 0.1827 0.2181 0.1829 0.2056 0.2107 
         187  1 0.2015 0.2065 0.2022 0.1970 0.1927 
         188  1 0.2047 0.1898 0.2056 0.2005 0.1994 
         189  1 0.2056 0.1982 0.2061 0.1942 0.1960 
         190  1 0.2183 0.1902 0.2189 0.1884 0.1842 
         191  1 0.2184 0.1883 0.2183 0.1852 0.1898 
         192  1 0.1910 0.1960 0.1905 0.2086 0.2139 
         193  1 0.1889 0.2162 0.1881 0.2031 0.2036 
         194  1 0.2089 0.1847 0.2095 0.1989 0.1981 
         195  1 0.1948 0.1974 0.1933 0.2103 0.2041 
         196  1 0.2177 0.1937 0.2184 0.1836 0.1866 
         197  1 0.2044 0.1842 0.2044 0.2035 0.2034 
         198  1 0.2010 0.2105 0.2005 0.1930 0.1950 
         199  1 0.2014 0.1958 0.2031 0.1971 0.2026 
         200  1 0.2020 0.2033 0.2021 0.1964 0.1962 
         201  1 0.1707 0.2205 0.1708 0.2203 0.2177 
         202  1 0.1889 0.2001 0.1877 0.2134 0.2099 
         203  1 0.2112 0.1820 0.2134 0.1963 0.1971 
         204  1 0.2128 0.1947 0.2135 0.1884 0.1907 
         205  1 0.2098 0.1881 0.2091 0.1970 0.1960 
         206  1 0.2005 0.1981 0.2009 0.2017 0.1986 
         207  1 0.2011 0.1912 0.2002 0.2015 0.2060 
         208  1 0.2693 0.1533 0.2737 0.1516 0.1520 
         209  1 0.1896 0.2097 0.1898 0.2044 0.2064 
         210  1 0.1777 0.2012 0.1780 0.2220 0.2212 
         211  1 0.2018 0.1890 0.2018 0.2042 0.2031 
         212  1 0.1827 0.2039 0.1823 0.2126 0.2186 
         213  1 0.2082 0.1986 0.2087 0.1923 0.1922 
         214  1 0.2024 0.1989 0.2029 0.1962 0.1996 
         215  1 0.1993 0.2085 0.1997 0.1996 0.1928 
         216  1 0.1987 0.2024 0.1994 0.1966 0.2029 
         217  1 0.1933 0.2110 0.1932 0.1988 0.2037 
         218  1 0.1792 0.2236 0.1785 0.2110 0.2077 
         219  1 0.1794 0.2134 0.1796 0.2161 0.2115 
         220  1 0.2021 0.2093 0.2015 0.1948 0.1923 
         221  1 0.2013 0.2041 0.2018 0.1988 0.1941 
         222  1 0.2026 0.1956 0.2020 0.2005 0.1994 
         223  1 0.2256 0.1871 0.2250 0.1784 0.1838 
         224  1 0.2157 0.1859 0.2158 0.1905 0.1921 
         225  1 0.1947 0.1971 0.1950 0.2054 0.2078 
         226  1 0.2093 0.1925 0.2103 0.1951 0.1929 
         227  1 0.1976 0.2127 0.1978 0.1983 0.1936 
         228  1 0.1931 0.2013 0.1934 0.2065 0.2056 
         229  1 0.1907 0.2131 0.1910 0.2036 0.2016 
         230  1 0.1771 0.2042 0.1776 0.2210 0.2200 
         231  1 0.1951 0.2015 0.1945 0.2032 0.2057 
         232  1 0.1909 0.2114 0.1909 0.2030 0.2038 
         233  1 0.1750 0.2164 0.1749 0.2213 0.2124 
         234  1 0.2208 0.1831 0.2213 0.1881 0.1866 
         235  1 0.1937 0.2055 0.1924 0.2066 0.2018 
         236  1 0.2046 0.1927 0.2037 0.1996 0.1994 
         237  1 0.2007 0.2021 0.2001 0.1961 0.2010 
         238  1 0.1850 0.2015 0.1850 0.2129 0.2155 
         239  1 0.2066 0.2004 0.2060 0.1958 0.1912 
         240  1 0.2050 0.1975 0.2051 0.1940 0.1984 
         241  1 0.1865 0.2175 0.1861 0.2052 0.2047 
         242  1 0.1929 0.2124 0.1920 0.2011 0.2016 
         243  1 0.1741 0.2158 0.1731 0.2192 0.2178 
         244  1 0.1990 0.2030 0.1989 0.1983 0.2007 
         245  1 0.2005 0.1943 0.2018 0.1991 0.2043 
         246  1 0.1860 0.2267 0.1869 0.2046 0.1958 
         247  1 0.2065 0.1949 0.2058 0.1946 0.1982 
         248  1 0.2203 0.1894 0.2196 0.1877 0.1829 
         249  1 0.2002 0.1955 0.2007 0.2023 0.2013 
         250  1 0.1766 0.2250 0.1767 0.2124 0.2093 
         251  1 0.1994 0.2070 0.2000 0.1965 0.1971 
         252  1 0.1867 0.2121 0.1864 0.2045 0.2103 
         253  1 0.1778 0.2160 0.1768 0.2184 0.2110 
         254  1 0.2236 0.1918 0.2225 0.1798 0.1823 
         255  1 0.1992 0.1949 0.1990 0.2009 0.2059 
         256  1 0.2162 0.1866 0.2162 0.1922 0.1889 
         257  1 0.2061 0.1986 0.2062 0.1969 0.1923 
         258  1 0.1953 0.1879 0.1964 0.2118 0.2086 
         259  1 0.1975 0.2068 0.1976 0.2005 0.1976 
         260  1 0.1900 0.1979 0.1896 0.2098 0.2127 
         261  1 0.1939 0.2033 0.1941 0.2036 0.2051 
         262  1 0.2251 0.1875 0.2260 0.1814 0.1800 
         263  1 0.1770 0.2169 0.1762 0.2138 0.2161 
         264  1 0.1922 0.2031 0.1922 0.2111 0.2015 
         265  1 0.1980 0.2022 0.1991 0.1973 0.2034 
         266  1 0.2165 0.1985 0.2170 0.1870 0.1810 
         267  1 0.1821 0.2039 0.1833 0.2163 0.2145 
         268  1 0.1940 0.2064 0.1935 0.2049 0.2012 
         269  1 0.2192 0.1888 0.2200 0.1843 0.1878 
         270  1 0.1822 0.2206 0.1817 0.2125 0.2030 
         271  1 0.1989 0.2080 0.1992 0.1966 0.1973 
         272  1 0.2016 0.2054 0.2015 0.1996 0.1919 
         273  1 0.2054 0.2014 0.2057 0.1944 0.1932 
         274  1 0.1951 0.2028 0.1933 0.2022 0.2066 
         275  1 0.1960 0.2124 0.1966 0.2013 0.1936 
         276  1 0.1910 0.2144 0.1905 0.2006 0.2035 
         277  1 0.2007 0.1989 0.2008 0.1977 0.2018 
         278  1 0.1971 0.2020 0.1960 0.2020 0.2028 
         279  1 0.1728 0.2036 0.1728 0.2299 0.2209 
         280  1 0.1930 0.1954 0.1937 0.2072 0.2106 
         281  1 0.2189 0.1856 0.2190 0.1866 0.1899 
         282  1 0.2169 0.1786 0.2170 0.1929 0.1947 
         283  1 0.2119 0.1936 0.2124 0.1929 0.1892 
         284  1 0.2047 0.1966 0.2043 0.1997 0.1947 
         285  1 0.1843 0.2172 0.1835 0.2106 0.2045 
         286  1 0.2415 0.1678 0.2430 0.1729 0.1748 
         287  1 0.2166 0.1827 0.2162 0.1911 0.1934 
         288  1 0.2018 0.2030 0.2007 0.1963 0.1982 
         289  1 0.2002 0.1883 0.2002 0.2079 0.2034 
         290  1 0.1994 0.1973 0.1992 0.2004 0.2037 
         291  1 0.1820 0.2072 0.1812 0.2205 0.2091 
         292  1 0.2151 0.1832 0.2140 0.1933 0.1944 
         293  1 0.1926 0.1965 0.1925 0.2124 0.2060 
         294  1 0.1879 0.2027 0.1878 0.2175 0.2041 
         295  1 0.2231 0.1845 0.2233 0.1829 0.1862 
         296  1 0.1756 0.1992 0.1752 0.2251 0.2250 
         297  1 0.1764 0.2066 0.1758 0.2233 0.2178 
         298  1 0.2014 0.1950 0.2022 0.2009 0.2005 
         299  1 0.2003 0.1880 0.2006 0.2078 0.2033 
         300  1 0.1932 0.1906 0.1927 0.2106 0.2130 
         301  1 0.2123 0.1906 0.2122 0.1949 0.1899 
         302  1 0.1881 0.2080 0.1877 0.2087 0.2075 
         303  1 0.1794 0.1998 0.1790 0.2254 0.2165 
