           1  1 0.1464 0.1487 0.1400 0.1431 0.1402 0.1416 0.1400 
           2  1 0.1325 0.1296 0.1469 0.1353 0.1529 0.1514 0.1514 
           3  1 0.1452 0.1455 0.1379 0.1421 0.1427 0.1434 0.1433 
           4  1 0.1390 0.1432 0.1357 0.1430 0.1462 0.1465 0.1464 
           5  1 0.1377 0.1325 0.1314 0.1281 0.1575 0.1557 0.1572 
           6  1 0.1421 0.1471 0.1335 0.1478 0.1431 0.1435 0.1429 
           7  1 0.1484 0.1495 0.1492 0.1512 0.1331 0.1347 0.1339 
           8  1 0.1507 0.1484 0.1435 0.1405 0.1387 0.1391 0.1391 
           9  1 0.1389 0.1434 0.1433 0.1466 0.1428 0.1426 0.1423 
          10  1 0.1425 0.1391 0.1375 0.1383 0.1483 0.1465 0.1479 
          11  1 0.1309 0.1278 0.1311 0.1314 0.1611 0.1583 0.1593 
          12  1 0.1424 0.1457 0.1383 0.1444 0.1437 0.1422 0.1434 
          13  1 0.1364 0.1337 0.1357 0.1332 0.1545 0.1531 0.1534 
          14  1 0.1449 0.1435 0.1365 0.1446 0.1434 0.1436 0.1436 
          15  1 0.1498 0.1520 0.1349 0.1572 0.1349 0.1362 0.1350 
          16  1 0.1432 0.1431 0.1381 0.1367 0.1477 0.1457 0.1456 
          17  1 0.1467 0.1512 0.1415 0.1460 0.1380 0.1388 0.1379 
          18  1 0.1401 0.1469 0.1363 0.1449 0.1436 0.1443 0.1439 
          19  1 0.1303 0.1342 0.1275 0.1337 0.1597 0.1566 0.1581 
          20  1 0.1525 0.1461 0.1715 0.1575 0.1240 0.1248 0.1237 
          21  1 0.1495 0.1458 0.1523 0.1464 0.1342 0.1361 0.1357 
          22  1 0.1435 0.1408 0.1382 0.1422 0.1449 0.1450 0.1453 
          23  1 0.1380 0.1348 0.1409 0.1412 0.1492 0.1476 0.1483 
          24  1 0.1406 0.1402 0.1520 0.1479 0.1395 0.1397 0.1402 
          25  1 0.1441 0.1450 0.1408 0.1481 0.1406 0.1408 0.1406 
          26  1 0.1373 0.1419 0.1412 0.1413 0.1465 0.1458 0.1460 
          27  1 0.1411 0.1413 0.1383 0.1464 0.1445 0.1441 0.1443 
          28  1 0.1345 0.1353 0.1253 0.1361 0.1563 0.1555 0.1570 
          29  1 0.1373 0.1320 0.1364 0.1312 0.1542 0.1542 0.1547 
          30  1 0.1470 0.1521 0.1397 0.1491 0.1365 0.1386 0.1369 
          31  1 0.1444 0.1453 0.1481 0.1501 0.1376 0.1374 0.1371 
          32  1 0.1306 0.1332 0.1222 0.1268 0.1640 0.1607 0.1625 
          33  1 0.1419 0.1491 0.1364 0.1445 0.1430 0.1428 0.1423 
          34  1 0.1419 0.1347 0.1451 0.1387 0.1466 0.1464 0.1465 
          35  1 0.1509 0.1506 0.1430 0.1503 0.1346 0.1350 0.1357 
          36  1 0.1457 0.1424 0.1423 0.1401 0.1428 0.1434 0.1434 
          37  1 0.1390 0.1387 0.1419 0.1408 0.1467 0.1466 0.1462 
          38  1 0.1322 0.1372 0.1311 0.1341 0.1558 0.1542 0.1555 
          39  1 0.1534 0.1462 0.1494 0.1467 0.1340 0.1364 0.1339 
          40  1 0.1432 0.1487 0.1408 0.1446 0.1407 0.1410 0.1409 
          41  1 0.1409 0.1390 0.1466 0.1436 0.1434 0.1430 0.1435 
          42  1 0.1596 0.1528 0.1481 0.1471 0.1302 0.1317 0.1304 
          43  1 0.1387 0.1385 0.1379 0.1394 0.1489 0.1484 0.1481 
          44  1 0.1418 0.1420 0.1569 0.1456 0.1378 0.1385 0.1375 
          45  1 0.1455 0.1461 0.1482 0.1478 0.1373 0.1378 0.1373 
          46  1 0.1473 0.1432 0.1461 0.1491 0.1380 0.1381 0.1381 
          47  1 0.1487 0.1413 0.1436 0.1379 0.1428 0.1427 0.1429 
          48  1 0.1453 0.1463 0.1350 0.1427 0.1439 0.1437 0.1431 
          49  1 0.1414 0.1455 0.1329 0.1382 0.1489 0.1467 0.1465 
          50  1 0.1359 0.1387 0.1367 0.1386 0.1505 0.1495 0.1501 
          51  1 0.1404 0.1440 0.1356 0.1462 0.1446 0.1446 0.1446 
          52  1 0.1482 0.1444 0.1359 0.1414 0.1436 0.1433 0.1432 
          53  1 0.1391 0.1370 0.1301 0.1343 0.1533 0.1531 0.1530 
          54  1 0.1542 0.1405 0.1491 0.1402 0.1386 0.1384 0.1391 
          55  1 0.1488 0.1447 0.1535 0.1470 0.1350 0.1360 0.1349 
          56  1 0.1402 0.1352 0.1321 0.1325 0.1539 0.1528 0.1533 
          57  1 0.1433 0.1354 0.1498 0.1373 0.1448 0.1448 0.1447 
          58  1 0.1448 0.1406 0.1435 0.1385 0.1444 0.1440 0.1441 
          59  1 0.1450 0.1512 0.1538 0.1514 0.1328 0.1329 0.1328 
          60  1 0.1464 0.1393 0.1610 0.1402 0.1376 0.1371 0.1385 
          61  1 0.1437 0.1425 0.1466 0.1398 0.1421 0.1429 0.1424 
          62  1 0.1470 0.1438 0.1314 0.1386 0.1464 0.1466 0.1463 
          63  1 0.1465 0.1509 0.1374 0.1456 0.1398 0.1400 0.1397 
          64  1 0.1482 0.1513 0.1374 0.1508 0.1370 0.1382 0.1372 
          65  1 0.1399 0.1386 0.1414 0.1378 0.1481 0.1466 0.1476 
          66  1 0.1434 0.1411 0.1329 0.1404 0.1475 0.1471 0.1476 
          67  1 0.1443 0.1402 0.1508 0.1449 0.1399 0.1402 0.1397 
          68  1 0.1568 0.1524 0.1554 0.1495 0.1285 0.1294 0.1281 
          69  1 0.1516 0.1465 0.1389 0.1436 0.1397 0.1402 0.1395 
          70  1 0.1441 0.1443 0.1536 0.1518 0.1351 0.1356 0.1355 
          71  1 0.1400 0.1424 0.1438 0.1492 0.1417 0.1412 0.1416 
          72  1 0.1493 0.1460 0.1521 0.1512 0.1337 0.1340 0.1337 
          73  1 0.1399 0.1445 0.1357 0.1422 0.1457 0.1470 0.1449 
          74  1 0.1459 0.1463 0.1478 0.1417 0.1393 0.1391 0.1400 
          75  1 0.1447 0.1390 0.1708 0.1474 0.1329 0.1326 0.1326 
          76  1 0.1467 0.1461 0.1418 0.1417 0.1403 0.1420 0.1412 
          77  1 0.1460 0.1438 0.1466 0.1419 0.1410 0.1405 0.1403 
          78  1 0.1403 0.1388 0.1416 0.1368 0.1485 0.1464 0.1476 
          79  1 0.1466 0.1370 0.1454 0.1413 0.1434 0.1436 0.1427 
          80  1 0.1516 0.1434 0.1571 0.1480 0.1329 0.1336 0.1335 
          81  1 0.1419 0.1395 0.1345 0.1356 0.1497 0.1490 0.1499 
          82  1 0.1363 0.1306 0.1589 0.1380 0.1457 0.1455 0.1451 
          83  1 0.1540 0.1396 0.1661 0.1445 0.1314 0.1329 0.1315 
          84  1 0.1405 0.1504 0.1428 0.1456 0.1403 0.1405 0.1399 
          85  1 0.1509 0.1460 0.1525 0.1457 0.1342 0.1359 0.1349 
          86  1 0.1461 0.1523 0.1493 0.1520 0.1330 0.1338 0.1334 
          87  1 0.1408 0.1402 0.1478 0.1513 0.1398 0.1400 0.1401 
          88  1 0.1445 0.1452 0.1447 0.1446 0.1400 0.1406 0.1405 
          89  1 0.1411 0.1443 0.1332 0.1373 0.1478 0.1482 0.1481 
          90  1 0.1387 0.1465 0.1376 0.1504 0.1413 0.1432 0.1423 
          91  1 0.1393 0.1383 0.1379 0.1363 0.1504 0.1486 0.1492 
          92  1 0.1408 0.1412 0.1370 0.1412 0.1464 0.1472 0.1462 
          93  1 0.1400 0.1441 0.1257 0.1389 0.1509 0.1494 0.1510 
          94  1 0.1498 0.1430 0.1632 0.1461 0.1323 0.1330 0.1325 
          95  1 0.1452 0.1472 0.1432 0.1474 0.1389 0.1392 0.1389 
          96  1 0.1453 0.1384 0.1603 0.1414 0.1379 0.1380 0.1386 
          97  1 0.1452 0.1476 0.1409 0.1414 0.1420 0.1414 0.1415 
          98  1 0.1411 0.1436 0.1460 0.1478 0.1407 0.1405 0.1403 
          99  1 0.1436 0.1480 0.1429 0.1461 0.1400 0.1398 0.1396 
         100  1 0.1425 0.1432 0.1326 0.1406 0.1477 0.1466 0.1469 
         101  1 0.1535 0.1464 0.1617 0.1510 0.1290 0.1293 0.1291 
         102  1 0.1353 0.1341 0.1382 0.1327 0.1536 0.1532 0.1529 
         103  1 0.1374 0.1353 0.1532 0.1378 0.1460 0.1444 0.1458 
         104  1 0.1378 0.1356 0.1456 0.1442 0.1462 0.1453 0.1453 
         105  1 0.1451 0.1495 0.1396 0.1513 0.1381 0.1387 0.1378 
         106  1 0.1422 0.1498 0.1372 0.1470 0.1410 0.1413 0.1416 
         107  1 0.1488 0.1489 0.1469 0.1478 0.1355 0.1366 0.1355 
         108  1 0.1320 0.1386 0.1265 0.1358 0.1557 0.1555 0.1559 
         109  1 0.1421 0.1360 0.1253 0.1318 0.1549 0.1546 0.1553 
         110  1 0.1322 0.1371 0.1320 0.1327 0.1558 0.1547 0.1554 
         111  1 0.1385 0.1354 0.1470 0.1401 0.1476 0.1457 0.1458 
         112  1 0.1423 0.1368 0.1501 0.1431 0.1427 0.1421 0.1429 
         113  1 0.1513 0.1391 0.1561 0.1435 0.1363 0.1370 0.1368 
         114  1 0.1441 0.1419 0.1322 0.1387 0.1472 0.1475 0.1484 
         115  1 0.1468 0.1515 0.1403 0.1527 0.1357 0.1365 0.1366 
         116  1 0.1422 0.1420 0.1417 0.1409 0.1444 0.1442 0.1445 
         117  1 0.1445 0.1532 0.1382 0.1450 0.1398 0.1393 0.1401 
         118  1 0.1398 0.1456 0.1380 0.1444 0.1439 0.1438 0.1446 
         119  1 0.1505 0.1422 0.1572 0.1412 0.1363 0.1366 0.1359 
         120  1 0.1441 0.1472 0.1343 0.1414 0.1433 0.1451 0.1446 
         121  1 0.1472 0.1432 0.1571 0.1520 0.1336 0.1342 0.1328 
         122  1 0.1486 0.1445 0.1417 0.1445 0.1398 0.1410 0.1399 
         123  1 0.1363 0.1388 0.1363 0.1379 0.1509 0.1495 0.1502 
         124  1 0.1379 0.1425 0.1457 0.1445 0.1435 0.1429 0.1430 
         125  1 0.1390 0.1394 0.1396 0.1421 0.1469 0.1464 0.1466 
         126  1 0.1392 0.1387 0.1575 0.1433 0.1404 0.1402 0.1408 
         127  1 0.1423 0.1417 0.1497 0.1512 0.1383 0.1386 0.1383 
         128  1 0.1479 0.1546 0.1426 0.1521 0.1338 0.1349 0.1342 
         129  1 0.1443 0.1359 0.1454 0.1417 0.1452 0.1439 0.1435 
         130  1 0.1371 0.1421 0.1401 0.1396 0.1476 0.1470 0.1464 
         131  1 0.1494 0.1503 0.1390 0.1447 0.1387 0.1395 0.1385 
         132  1 0.1483 0.1477 0.1403 0.1558 0.1356 0.1365 0.1359 
         133  1 0.1429 0.1418 0.1334 0.1387 0.1486 0.1472 0.1474 
         134  1 0.1401 0.1339 0.1464 0.1391 0.1468 0.1467 0.1471 
         135  1 0.1536 0.1526 0.1463 0.1566 0.1299 0.1312 0.1298 
         136  1 0.1404 0.1446 0.1335 0.1473 0.1446 0.1446 0.1450 
         137  1 0.1577 0.1494 0.1362 0.1410 0.1381 0.1391 0.1385 
         138  1 0.1479 0.1546 0.1424 0.1500 0.1345 0.1355 0.1351 
         139  1 0.1437 0.1449 0.1387 0.1476 0.1421 0.1417 0.1413 
         140  1 0.1432 0.1380 0.1345 0.1375 0.1495 0.1483 0.1491 
         141  1 0.1488 0.1435 0.1434 0.1455 0.1398 0.1397 0.1394 
         142  1 0.1480 0.1500 0.1435 0.1437 0.1379 0.1389 0.1380 
         143  1 0.1395 0.1431 0.1458 0.1447 0.1419 0.1423 0.1426 
         144  1 0.1521 0.1444 0.1449 0.1420 0.1384 0.1393 0.1388 
         145  1 0.1442 0.1484 0.1359 0.1407 0.1437 0.1437 0.1435 
         146  1 0.1436 0.1409 0.1499 0.1434 0.1410 0.1406 0.1406 
         147  1 0.1419 0.1466 0.1303 0.1447 0.1446 0.1458 0.1461 
         148  1 0.1445 0.1456 0.1327 0.1425 0.1449 0.1448 0.1450 
         149  1 0.1397 0.1383 0.1401 0.1436 0.1462 0.1458 0.1463 
         150  1 0.1387 0.1444 0.1488 0.1435 0.1421 0.1409 0.1417 
         151  1 0.1470 0.1473 0.1305 0.1383 0.1454 0.1459 0.1456 
         152  1 0.1365 0.1397 0.1414 0.1396 0.1479 0.1474 0.1474 
         153  1 0.1433 0.1436 0.1459 0.1424 0.1420 0.1411 0.1416 
         154  1 0.1366 0.1448 0.1385 0.1369 0.1476 0.1475 0.1481 
         155  1 0.1496 0.1469 0.1468 0.1531 0.1343 0.1349 0.1344 
         156  1 0.1396 0.1471 0.1422 0.1401 0.1435 0.1436 0.1440 
         157  1 0.1422 0.1512 0.1444 0.1469 0.1386 0.1385 0.1381 
         158  1 0.1413 0.1364 0.1391 0.1375 0.1480 0.1487 0.1490 
         159  1 0.1382 0.1322 0.1510 0.1436 0.1456 0.1448 0.1446 
         160  1 0.1319 0.1249 0.1383 0.1253 0.1612 0.1587 0.1597 
         161  1 0.1484 0.1463 0.1478 0.1439 0.1374 0.1381 0.1382 
         162  1 0.1455 0.1512 0.1446 0.1477 0.1374 0.1366 0.1370 
         163  1 0.1432 0.1392 0.1540 0.1427 0.1401 0.1400 0.1408 
         164  1 0.1467 0.1427 0.1523 0.1456 0.1374 0.1377 0.1375 
         165  1 0.1386 0.1489 0.1256 0.1426 0.1482 0.1480 0.1481 
         166  1 0.1485 0.1410 0.1431 0.1470 0.1403 0.1399 0.1401 
         167  1 0.1519 0.1439 0.1479 0.1426 0.1380 0.1381 0.1376 
         168  1 0.1436 0.1488 0.1416 0.1517 0.1378 0.1380 0.1385 
         169  1 0.1492 0.1513 0.1510 0.1473 0.1333 0.1345 0.1335 
         170  1 0.1345 0.1413 0.1308 0.1424 0.1504 0.1504 0.1502 
         171  1 0.1425 0.1436 0.1308 0.1395 0.1492 0.1471 0.1473 
         172  1 0.1384 0.1359 0.1327 0.1372 0.1511 0.1525 0.1520 
         173  1 0.1500 0.1457 0.1442 0.1431 0.1391 0.1389 0.1391 
         174  1 0.1412 0.1453 0.1347 0.1476 0.1435 0.1440 0.1437 
         175  1 0.1468 0.1406 0.1479 0.1453 0.1398 0.1399 0.1396 
         176  1 0.1425 0.1361 0.1363 0.1331 0.1505 0.1502 0.1512 
         177  1 0.1509 0.1498 0.1501 0.1573 0.1301 0.1314 0.1304 
         178  1 0.1428 0.1462 0.1366 0.1426 0.1434 0.1443 0.1440 
         179  1 0.1403 0.1410 0.1460 0.1396 0.1445 0.1444 0.1442 
         180  1 0.1386 0.1412 0.1459 0.1424 0.1440 0.1436 0.1442 
         181  1 0.1463 0.1554 0.1498 0.1561 0.1302 0.1317 0.1305 
         182  1 0.1439 0.1457 0.1467 0.1437 0.1398 0.1397 0.1405 
         183  1 0.1393 0.1483 0.1336 0.1439 0.1460 0.1446 0.1443 
         184  1 0.1423 0.1478 0.1432 0.1501 0.1391 0.1389 0.1386 
         185  1 0.1316 0.1329 0.1360 0.1340 0.1559 0.1543 0.1552 
         186  1 0.1492 0.1529 0.1458 0.1540 0.1323 0.1331 0.1327 
         187  1 0.1450 0.1475 0.1360 0.1451 0.1422 0.1420 0.1421 
         188  1 0.1443 0.1359 0.1425 0.1406 0.1464 0.1449 0.1452 
         189  1 0.1404 0.1419 0.1369 0.1441 0.1456 0.1453 0.1457 
         190  1 0.1339 0.1387 0.1352 0.1341 0.1535 0.1521 0.1525 
         191  1 0.1403 0.1356 0.1263 0.1358 0.1541 0.1536 0.1543 
         192  1 0.1467 0.1398 0.1537 0.1484 0.1371 0.1369 0.1375 
         193  1 0.1472 0.1515 0.1438 0.1470 0.1359 0.1378 0.1367 
         194  1 0.1375 0.1306 0.1498 0.1365 0.1494 0.1479 0.1483 
         195  1 0.1417 0.1408 0.1536 0.1430 0.1404 0.1400 0.1404 
         196  1 0.1454 0.1377 0.1312 0.1324 0.1511 0.1510 0.1513 
         197  1 0.1368 0.1318 0.1588 0.1447 0.1428 0.1422 0.1429 
         198  1 0.1376 0.1476 0.1303 0.1472 0.1458 0.1460 0.1455 
         199  1 0.1403 0.1406 0.1367 0.1466 0.1457 0.1452 0.1449 
         200  1 0.1441 0.1480 0.1325 0.1431 0.1439 0.1444 0.1439 
         201  1 0.1510 0.1537 0.1596 0.1607 0.1249 0.1251 0.1250 
         202  1 0.1407 0.1440 0.1628 0.1493 0.1342 0.1344 0.1345 
         203  1 0.1370 0.1308 0.1427 0.1379 0.1520 0.1493 0.1502 
         204  1 0.1375 0.1408 0.1367 0.1389 0.1486 0.1485 0.1490 
         205  1 0.1433 0.1357 0.1431 0.1385 0.1465 0.1463 0.1466 
         206  1 0.1390 0.1426 0.1415 0.1426 0.1452 0.1449 0.1442 
         207  1 0.1391 0.1366 0.1554 0.1466 0.1409 0.1403 0.1412 
         208  1 0.1135 0.1175 0.1112 0.1120 0.1864 0.1793 0.1801 
         209  1 0.1460 0.1477 0.1421 0.1516 0.1379 0.1374 0.1374 
         210  1 0.1479 0.1422 0.1745 0.1462 0.1290 0.1307 0.1295 
         211  1 0.1440 0.1362 0.1488 0.1389 0.1444 0.1436 0.1442 
         212  1 0.1451 0.1420 0.1621 0.1472 0.1338 0.1350 0.1348 
         213  1 0.1383 0.1386 0.1366 0.1404 0.1496 0.1478 0.1488 
         214  1 0.1475 0.1446 0.1341 0.1432 0.1431 0.1436 0.1438 
         215  1 0.1434 0.1496 0.1414 0.1439 0.1407 0.1410 0.1401 
         216  1 0.1458 0.1457 0.1357 0.1447 0.1427 0.1423 0.1429 
         217  1 0.1494 0.1516 0.1330 0.1512 0.1376 0.1392 0.1381 
         218  1 0.1543 0.1594 0.1403 0.1524 0.1310 0.1311 0.1314 
         219  1 0.1504 0.1476 0.1520 0.1516 0.1325 0.1334 0.1325 
         220  1 0.1439 0.1484 0.1329 0.1420 0.1439 0.1444 0.1445 
         221  1 0.1425 0.1496 0.1354 0.1391 0.1444 0.1443 0.1447 
         222  1 0.1474 0.1426 0.1416 0.1430 0.1426 0.1408 0.1420 
         223  1 0.1355 0.1363 0.1299 0.1309 0.1559 0.1557 0.1559 
         224  1 0.1384 0.1346 0.1314 0.1323 0.1546 0.1541 0.1545 
         225  1 0.1431 0.1389 0.1579 0.1417 0.1396 0.1389 0.1400 
         226  1 0.1424 0.1411 0.1381 0.1377 0.1471 0.1462 0.1474 
         227  1 0.1425 0.1474 0.1384 0.1434 0.1430 0.1425 0.1429 
         228  1 0.1437 0.1449 0.1450 0.1480 0.1395 0.1394 0.1395 
         229  1 0.1473 0.1540 0.1391 0.1487 0.1365 0.1372 0.1374 
         230  1 0.1525 0.1462 0.1659 0.1467 0.1290 0.1306 0.1291 
         231  1 0.1451 0.1452 0.1408 0.1444 0.1415 0.1418 0.1413 
         232  1 0.1501 0.1476 0.1425 0.1427 0.1385 0.1394 0.1392 
         233  1 0.1497 0.1499 0.1635 0.1510 0.1278 0.1294 0.1286 
         234  1 0.1366 0.1366 0.1323 0.1350 0.1548 0.1520 0.1526 
         235  1 0.1422 0.1466 0.1494 0.1445 0.1390 0.1394 0.1389 
         236  1 0.1407 0.1377 0.1491 0.1376 0.1458 0.1439 0.1451 
         237  1 0.1437 0.1457 0.1378 0.1475 0.1412 0.1424 0.1417 
         238  1 0.1439 0.1412 0.1635 0.1485 0.1341 0.1342 0.1345 
         239  1 0.1380 0.1437 0.1355 0.1397 0.1479 0.1476 0.1476 
         240  1 0.1441 0.1413 0.1360 0.1428 0.1457 0.1451 0.1451 
         241  1 0.1455 0.1492 0.1432 0.1501 0.1374 0.1378 0.1369 
         242  1 0.1423 0.1451 0.1386 0.1465 0.1424 0.1427 0.1424 
         243  1 0.1516 0.1532 0.1545 0.1559 0.1278 0.1291 0.1279 
         244  1 0.1497 0.1447 0.1385 0.1435 0.1412 0.1417 0.1407 
         245  1 0.1389 0.1374 0.1485 0.1388 0.1461 0.1455 0.1449 
         246  1 0.1461 0.1576 0.1334 0.1509 0.1372 0.1375 0.1373 
         247  1 0.1418 0.1421 0.1364 0.1383 0.1471 0.1469 0.1474 
         248  1 0.1360 0.1381 0.1309 0.1312 0.1547 0.1537 0.1554 
         249  1 0.1444 0.1390 0.1491 0.1417 0.1428 0.1416 0.1414 
         250  1 0.1542 0.1567 0.1464 0.1527 0.1299 0.1303 0.1297 
         251  1 0.1390 0.1481 0.1376 0.1433 0.1436 0.1435 0.1449 
         252  1 0.1490 0.1514 0.1395 0.1532 0.1354 0.1361 0.1354 
         253  1 0.1525 0.1505 0.1544 0.1505 0.1304 0.1310 0.1307 
         254  1 0.1285 0.1365 0.1268 0.1359 0.1580 0.1563 0.1580 
         255  1 0.1482 0.1428 0.1390 0.1429 0.1423 0.1420 0.1428 
         256  1 0.1345 0.1375 0.1361 0.1401 0.1511 0.1500 0.1507 
         257  1 0.1364 0.1422 0.1362 0.1419 0.1477 0.1477 0.1479 
         258  1 0.1447 0.1372 0.1606 0.1430 0.1384 0.1380 0.1381 
         259  1 0.1493 0.1451 0.1405 0.1400 0.1417 0.1419 0.1415 
         260  1 0.1420 0.1389 0.1649 0.1441 0.1367 0.1371 0.1363 
         261  1 0.1439 0.1442 0.1430 0.1452 0.1408 0.1418 0.1412 
         262  1 0.1297 0.1353 0.1275 0.1315 0.1601 0.1571 0.1588 
         263  1 0.1557 0.1499 0.1583 0.1473 0.1294 0.1303 0.1292 
         264  1 0.1416 0.1433 0.1513 0.1484 0.1388 0.1387 0.1378 
         265  1 0.1459 0.1446 0.1404 0.1444 0.1421 0.1409 0.1416 
         266  1 0.1334 0.1423 0.1273 0.1400 0.1530 0.1518 0.1522 
         267  1 0.1490 0.1478 0.1590 0.1512 0.1308 0.1315 0.1307 
         268  1 0.1476 0.1470 0.1455 0.1407 0.1393 0.1405 0.1393 
         269  1 0.1375 0.1371 0.1303 0.1325 0.1546 0.1540 0.1540 
         270  1 0.1496 0.1582 0.1415 0.1525 0.1323 0.1336 0.1324 
         271  1 0.1362 0.1455 0.1415 0.1433 0.1445 0.1443 0.1446 
         272  1 0.1418 0.1478 0.1418 0.1385 0.1438 0.1435 0.1428 
         273  1 0.1422 0.1445 0.1347 0.1392 0.1463 0.1464 0.1466 
         274  1 0.1442 0.1447 0.1529 0.1419 0.1384 0.1388 0.1390 
         275  1 0.1437 0.1508 0.1386 0.1441 0.1410 0.1408 0.1408 
         276  1 0.1461 0.1515 0.1386 0.1457 0.1394 0.1393 0.1394 
         277  1 0.1437 0.1441 0.1391 0.1463 0.1420 0.1429 0.1419 
         278  1 0.1439 0.1443 0.1441 0.1451 0.1408 0.1409 0.1409 
         279  1 0.1491 0.1411 0.1780 0.1513 0.1270 0.1271 0.1263 
         280  1 0.1427 0.1420 0.1522 0.1487 0.1379 0.1388 0.1377 
         281  1 0.1341 0.1370 0.1355 0.1345 0.1534 0.1526 0.1528 
         282  1 0.1331 0.1310 0.1478 0.1343 0.1512 0.1507 0.1519 
         283  1 0.1400 0.1405 0.1371 0.1387 0.1483 0.1476 0.1477 
         284  1 0.1435 0.1440 0.1421 0.1417 0.1427 0.1429 0.1431 
         285  1 0.1498 0.1528 0.1451 0.1498 0.1336 0.1348 0.1340 
         286  1 0.1267 0.1282 0.1240 0.1252 0.1675 0.1634 0.1650 
         287  1 0.1413 0.1366 0.1355 0.1337 0.1508 0.1504 0.1517 
         288  1 0.1434 0.1442 0.1401 0.1432 0.1430 0.1425 0.1435 
         289  1 0.1422 0.1345 0.1599 0.1378 0.1426 0.1417 0.1413 
         290  1 0.1443 0.1411 0.1438 0.1414 0.1433 0.1427 0.1434 
         291  1 0.1466 0.1441 0.1607 0.1473 0.1335 0.1340 0.1339 
         292  1 0.1336 0.1352 0.1443 0.1366 0.1508 0.1497 0.1498 
         293  1 0.1421 0.1384 0.1609 0.1437 0.1381 0.1385 0.1382 
         294  1 0.1483 0.1457 0.1506 0.1467 0.1360 0.1361 0.1366 
         295  1 0.1328 0.1360 0.1317 0.1378 0.1545 0.1536 0.1537 
         296  1 0.1487 0.1419 0.1692 0.1532 0.1286 0.1296 0.1287 
         297  1 0.1477 0.1477 0.1629 0.1517 0.1297 0.1302 0.1301 
         298  1 0.1397 0.1382 0.1536 0.1389 0.1447 0.1422 0.1427 
         299  1 0.1400 0.1373 0.1537 0.1400 0.1430 0.1428 0.1432 
         300  1 0.1474 0.1388 0.1575 0.1406 0.1379 0.1390 0.1388 
         301  1 0.1345 0.1390 0.1444 0.1352 0.1494 0.1486 0.1488 
         302  1 0.1534 0.1479 0.1465 0.1439 0.1355 0.1365 0.1362 
         303  1 0.1494 0.1432 0.1644 0.1526 0.1297 0.1306 0.1301 
