           1  1 0.3483 0.3395 0.3122 
           2  1 0.3020 0.3243 0.3737 
           3  1 0.3471 0.3256 0.3273 
           4  1 0.3347 0.3261 0.3392 
           5  1 0.3102 0.2964 0.3934 
           6  1 0.3522 0.3188 0.3290 
           7  1 0.3537 0.3525 0.2938 
           8  1 0.3464 0.3353 0.3183 
           9  1 0.3372 0.3329 0.3299 
          10  1 0.3320 0.3227 0.3452 
          11  1 0.2907 0.2956 0.4137 
          12  1 0.3388 0.3240 0.3372 
          13  1 0.3107 0.3180 0.3713 
          14  1 0.3349 0.3353 0.3298 
          15  1 0.3511 0.3292 0.3197 
          16  1 0.3325 0.3204 0.3470 
          17  1 0.3592 0.3347 0.3062 
          18  1 0.3381 0.3272 0.3346 
          19  1 0.3079 0.2912 0.4009 
          20  1 0.3484 0.3894 0.2623 
          21  1 0.3412 0.3480 0.3108 
          22  1 0.3323 0.3235 0.3441 
          23  1 0.3192 0.3178 0.3630 
          24  1 0.3203 0.3582 0.3215 
          25  1 0.3441 0.3374 0.3185 
          26  1 0.3311 0.3297 0.3392 
          27  1 0.3213 0.3377 0.3410 
          28  1 0.3157 0.2949 0.3894 
          29  1 0.3096 0.3044 0.3860 
          30  1 0.3574 0.3314 0.3112 
          31  1 0.3453 0.3392 0.3155 
          32  1 0.3082 0.2782 0.4136 
          33  1 0.3509 0.3184 0.3307 
          34  1 0.3154 0.3408 0.3437 
          35  1 0.3532 0.3509 0.2958 
          36  1 0.3304 0.3396 0.3300 
          37  1 0.3255 0.3358 0.3387 
          38  1 0.3082 0.3042 0.3876 
          39  1 0.3513 0.3511 0.2975 
          40  1 0.3516 0.3276 0.3209 
          41  1 0.3296 0.3431 0.3272 
          42  1 0.3565 0.3586 0.2848 
          43  1 0.3243 0.3213 0.3544 
          44  1 0.3298 0.3540 0.3162 
          45  1 0.3467 0.3420 0.3114 
          46  1 0.3338 0.3549 0.3113 
          47  1 0.3291 0.3398 0.3311 
          48  1 0.3351 0.3290 0.3359 
          49  1 0.3385 0.3097 0.3518 
          50  1 0.3269 0.3108 0.3623 
          51  1 0.3348 0.3316 0.3336 
          52  1 0.3387 0.3259 0.3354 
          53  1 0.3197 0.3058 0.3744 
          54  1 0.3356 0.3466 0.3178 
          55  1 0.3403 0.3500 0.3098 
          56  1 0.3184 0.3020 0.3795 
          57  1 0.3145 0.3431 0.3424 
          58  1 0.3347 0.3293 0.3360 
          59  1 0.3504 0.3519 0.2977 
          60  1 0.3297 0.3477 0.3226 
          61  1 0.3334 0.3416 0.3250 
          62  1 0.3351 0.3187 0.3463 
          63  1 0.3455 0.3323 0.3222 
          64  1 0.3548 0.3409 0.3043 
          65  1 0.3198 0.3218 0.3584 
          66  1 0.3363 0.3166 0.3471 
          67  1 0.3249 0.3524 0.3227 
          68  1 0.3617 0.3534 0.2848 
          69  1 0.3382 0.3322 0.3296 
          70  1 0.3357 0.3615 0.3028 
          71  1 0.3265 0.3420 0.3315 
          72  1 0.3359 0.3671 0.2970 
          73  1 0.3399 0.3142 0.3459 
          74  1 0.3382 0.3386 0.3232 
          75  1 0.3325 0.3693 0.2982 
          76  1 0.3406 0.3279 0.3315 
          77  1 0.3371 0.3358 0.3272 
          78  1 0.3127 0.3254 0.3619 
          79  1 0.3247 0.3456 0.3297 
          80  1 0.3305 0.3696 0.2999 
          81  1 0.3268 0.3142 0.3590 
          82  1 0.3033 0.3439 0.3528 
          83  1 0.3371 0.3760 0.2869 
          84  1 0.3458 0.3251 0.3291 
          85  1 0.3484 0.3547 0.2969 
          86  1 0.3491 0.3537 0.2972 
          87  1 0.3184 0.3576 0.3240 
          88  1 0.3348 0.3332 0.3320 
          89  1 0.3302 0.3153 0.3545 
          90  1 0.3474 0.3204 0.3322 
          91  1 0.3151 0.3211 0.3638 
          92  1 0.3272 0.3180 0.3548 
          93  1 0.3362 0.2964 0.3674 
          94  1 0.3374 0.3682 0.2944 
          95  1 0.3516 0.3356 0.3128 
          96  1 0.3272 0.3534 0.3194 
          97  1 0.3334 0.3340 0.3327 
          98  1 0.3295 0.3439 0.3266 
          99  1 0.3443 0.3282 0.3275 
         100  1 0.3304 0.3102 0.3593 
         101  1 0.3487 0.3685 0.2828 
         102  1 0.3037 0.3215 0.3748 
         103  1 0.3095 0.3412 0.3493 
         104  1 0.3201 0.3359 0.3439 
         105  1 0.3480 0.3456 0.3064 
         106  1 0.3438 0.3375 0.3187 
         107  1 0.3479 0.3504 0.3016 
         108  1 0.3177 0.2935 0.3889 
         109  1 0.3225 0.2974 0.3801 
         110  1 0.3130 0.3006 0.3864 
         111  1 0.3103 0.3380 0.3518 
         112  1 0.3148 0.3458 0.3394 
         113  1 0.3301 0.3640 0.3059 
         114  1 0.3360 0.3142 0.3498 
         115  1 0.3465 0.3404 0.3131 
         116  1 0.3306 0.3352 0.3341 
         117  1 0.3572 0.3259 0.3169 
         118  1 0.3367 0.3262 0.3371 
         119  1 0.3340 0.3460 0.3200 
         120  1 0.3439 0.3255 0.3306 
         121  1 0.3404 0.3584 0.3012 
         122  1 0.3503 0.3352 0.3144 
         123  1 0.3225 0.3125 0.3649 
         124  1 0.3228 0.3395 0.3378 
         125  1 0.3245 0.3198 0.3557 
         126  1 0.3241 0.3494 0.3264 
         127  1 0.3337 0.3507 0.3156 
         128  1 0.3526 0.3485 0.2989 
         129  1 0.3177 0.3362 0.3461 
         130  1 0.3257 0.3290 0.3453 
         131  1 0.3491 0.3352 0.3158 
         132  1 0.3417 0.3570 0.3012 
         133  1 0.3253 0.3229 0.3519 
         134  1 0.3125 0.3342 0.3533 
         135  1 0.3621 0.3543 0.2837 
         136  1 0.3378 0.3251 0.3371 
         137  1 0.3525 0.3326 0.3149 
         138  1 0.3466 0.3472 0.3061 
         139  1 0.3324 0.3401 0.3275 
         140  1 0.3227 0.3155 0.3618 
         141  1 0.3421 0.3392 0.3187 
         142  1 0.3536 0.3329 0.3135 
         143  1 0.3394 0.3340 0.3267 
         144  1 0.3351 0.3473 0.3176 
         145  1 0.3507 0.3146 0.3347 
         146  1 0.3339 0.3411 0.3250 
         147  1 0.3443 0.3148 0.3409 
         148  1 0.3498 0.3168 0.3333 
         149  1 0.3192 0.3375 0.3433 
         150  1 0.3268 0.3432 0.3301 
         151  1 0.3432 0.3086 0.3482 
         152  1 0.3236 0.3105 0.3660 
         153  1 0.3384 0.3283 0.3333 
         154  1 0.3311 0.3173 0.3516 
         155  1 0.3481 0.3570 0.2950 
         156  1 0.3386 0.3249 0.3365 
         157  1 0.3439 0.3388 0.3173 
         158  1 0.3207 0.3295 0.3497 
         159  1 0.3028 0.3435 0.3537 
         160  1 0.2955 0.3033 0.4012 
         161  1 0.3450 0.3440 0.3110 
         162  1 0.3532 0.3402 0.3066 
         163  1 0.3284 0.3499 0.3217 
         164  1 0.3320 0.3547 0.3133 
         165  1 0.3452 0.2956 0.3593 
         166  1 0.3245 0.3537 0.3218 
         167  1 0.3398 0.3520 0.3082 
         168  1 0.3385 0.3500 0.3115 
         169  1 0.3492 0.3523 0.2984 
         170  1 0.3349 0.3097 0.3553 
         171  1 0.3301 0.3217 0.3482 
         172  1 0.3125 0.3215 0.3660 
         173  1 0.3393 0.3436 0.3171 
         174  1 0.3358 0.3236 0.3406 
         175  1 0.3362 0.3412 0.3226 
         176  1 0.3177 0.3157 0.3666 
         177  1 0.3509 0.3676 0.2815 
         178  1 0.3513 0.3181 0.3306 
         179  1 0.3275 0.3322 0.3403 
         180  1 0.3262 0.3369 0.3369 
         181  1 0.3535 0.3601 0.2864 
         182  1 0.3409 0.3386 0.3205 
         183  1 0.3464 0.3177 0.3359 
         184  1 0.3493 0.3308 0.3199 
         185  1 0.3101 0.3062 0.3837 
         186  1 0.3549 0.3534 0.2916 
         187  1 0.3345 0.3279 0.3376 
         188  1 0.3176 0.3371 0.3453 
         189  1 0.3275 0.3211 0.3514 
         190  1 0.3188 0.3033 0.3779 
         191  1 0.3201 0.3029 0.3770 
         192  1 0.3295 0.3549 0.3157 
         193  1 0.3552 0.3342 0.3107 
         194  1 0.3066 0.3335 0.3599 
         195  1 0.3313 0.3482 0.3205 
         196  1 0.3184 0.3023 0.3793 
         197  1 0.3124 0.3412 0.3464 
         198  1 0.3448 0.3157 0.3395 
         199  1 0.3261 0.3388 0.3351 
         200  1 0.3435 0.3190 0.3375 
         201  1 0.3524 0.3814 0.2662 
         202  1 0.3321 0.3635 0.3044 
         203  1 0.3055 0.3261 0.3683 
         204  1 0.3350 0.3139 0.3511 
         205  1 0.3218 0.3264 0.3517 
         206  1 0.3315 0.3328 0.3356 
         207  1 0.3097 0.3531 0.3372 
         208  1 0.2580 0.2386 0.5034 
         209  1 0.3429 0.3425 0.3146 
         210  1 0.3346 0.3780 0.2874 
         211  1 0.3170 0.3445 0.3385 
         212  1 0.3371 0.3671 0.2958 
         213  1 0.3290 0.3182 0.3528 
         214  1 0.3378 0.3295 0.3327 
         215  1 0.3438 0.3251 0.3311 
         216  1 0.3360 0.3356 0.3284 
         217  1 0.3515 0.3356 0.3130 
         218  1 0.3708 0.3415 0.2877 
         219  1 0.3478 0.3615 0.2907 
         220  1 0.3472 0.3212 0.3316 
         221  1 0.3470 0.3171 0.3359 
         222  1 0.3371 0.3293 0.3336 
         223  1 0.3182 0.2955 0.3862 
         224  1 0.3156 0.3082 0.3762 
         225  1 0.3230 0.3556 0.3215 
         226  1 0.3203 0.3233 0.3564 
         227  1 0.3460 0.3208 0.3332 
         228  1 0.3435 0.3392 0.3172 
         229  1 0.3578 0.3355 0.3067 
         230  1 0.3483 0.3727 0.2790 
         231  1 0.3427 0.3371 0.3202 
         232  1 0.3508 0.3384 0.3108 
         233  1 0.3499 0.3693 0.2808 
         234  1 0.3120 0.3022 0.3858 
         235  1 0.3396 0.3388 0.3216 
         236  1 0.3233 0.3281 0.3486 
         237  1 0.3421 0.3322 0.3257 
         238  1 0.3298 0.3686 0.3016 
         239  1 0.3352 0.3204 0.3444 
         240  1 0.3311 0.3247 0.3442 
         241  1 0.3490 0.3461 0.3048 
         242  1 0.3411 0.3403 0.3185 
         243  1 0.3555 0.3685 0.2760 
         244  1 0.3352 0.3335 0.3314 
         245  1 0.3195 0.3471 0.3334 
         246  1 0.3715 0.3194 0.3090 
         247  1 0.3372 0.3203 0.3425 
         248  1 0.3147 0.3072 0.3782 
         249  1 0.3267 0.3365 0.3368 
         250  1 0.3692 0.3482 0.2826 
         251  1 0.3410 0.3275 0.3316 
         252  1 0.3424 0.3518 0.3057 
         253  1 0.3554 0.3595 0.2851 
         254  1 0.3179 0.2974 0.3846 
         255  1 0.3300 0.3345 0.3354 
         256  1 0.3175 0.3076 0.3750 
         257  1 0.3263 0.3246 0.3491 
         258  1 0.3185 0.3575 0.3240 
         259  1 0.3459 0.3248 0.3293 
         260  1 0.3333 0.3596 0.3071 
         261  1 0.3443 0.3419 0.3137 
         262  1 0.3139 0.2891 0.3970 
         263  1 0.3611 0.3573 0.2816 
         264  1 0.3284 0.3498 0.3218 
         265  1 0.3325 0.3388 0.3287 
         266  1 0.3279 0.2977 0.3743 
         267  1 0.3346 0.3681 0.2973 
         268  1 0.3461 0.3345 0.3194 
         269  1 0.3240 0.3035 0.3724 
         270  1 0.3654 0.3399 0.2947 
         271  1 0.3349 0.3268 0.3383 
         272  1 0.3372 0.3241 0.3387 
         273  1 0.3442 0.3157 0.3400 
         274  1 0.3461 0.3375 0.3165 
         275  1 0.3382 0.3330 0.3288 
         276  1 0.3588 0.3235 0.3177 
         277  1 0.3357 0.3374 0.3269 
         278  1 0.3335 0.3418 0.3247 
         279  1 0.3340 0.3861 0.2800 
         280  1 0.3206 0.3610 0.3185 
         281  1 0.3113 0.3077 0.3810 
         282  1 0.3016 0.3240 0.3744 
         283  1 0.3264 0.3133 0.3602 
         284  1 0.3250 0.3341 0.3408 
         285  1 0.3601 0.3385 0.3013 
         286  1 0.2827 0.2832 0.4341 
         287  1 0.3145 0.3199 0.3656 
         288  1 0.3326 0.3293 0.3381 
         289  1 0.3165 0.3520 0.3315 
         290  1 0.3273 0.3411 0.3316 
         291  1 0.3395 0.3648 0.2956 
         292  1 0.3116 0.3211 0.3673 
         293  1 0.3282 0.3511 0.3207 
         294  1 0.3422 0.3542 0.3035 
         295  1 0.3184 0.3004 0.3812 
         296  1 0.3363 0.3792 0.2846 
         297  1 0.3445 0.3724 0.2831 
         298  1 0.3262 0.3330 0.3408 
         299  1 0.3241 0.3414 0.3345 
         300  1 0.3295 0.3592 0.3113 
         301  1 0.3158 0.3197 0.3645 
         302  1 0.3522 0.3440 0.3038 
         303  1 0.3410 0.3720 0.2870 
