           1  1 0.1111 0.1122 0.1065 0.1069 0.1197 0.1131 0.1122 0.1065 0.1118 
           2  1 0.1039 0.1083 0.1187 0.1191 0.1005 0.1053 0.1133 0.1199 0.1112 
           3  1 0.1108 0.1104 0.1113 0.1098 0.1097 0.1121 0.1140 0.1096 0.1123 
           4  1 0.1121 0.1086 0.1137 0.1145 0.1057 0.1108 0.1116 0.1132 0.1099 
           5  1 0.1051 0.1081 0.1228 0.1231 0.1006 0.1051 0.1160 0.1242 0.0950 
           6  1 0.1159 0.1105 0.1110 0.1107 0.1087 0.1184 0.1094 0.1109 0.1045 
           7  1 0.1184 0.1106 0.1053 0.1054 0.1189 0.1136 0.1084 0.1047 0.1147 
           8  1 0.1159 0.1127 0.1114 0.1095 0.1113 0.1128 0.1087 0.1098 0.1080 
           9  1 0.1132 0.1116 0.1096 0.1096 0.1128 0.1104 0.1096 0.1096 0.1137 
          10  1 0.1080 0.1073 0.1142 0.1150 0.1080 0.1083 0.1135 0.1146 0.1111 
          11  1 0.1011 0.1033 0.1248 0.1276 0.0973 0.1004 0.1164 0.1278 0.1014 
          12  1 0.1094 0.1092 0.1120 0.1118 0.1127 0.1111 0.1095 0.1128 0.1116 
          13  1 0.1047 0.1097 0.1183 0.1191 0.1052 0.1037 0.1151 0.1196 0.1046 
          14  1 0.1121 0.1090 0.1121 0.1126 0.1097 0.1086 0.1123 0.1118 0.1117 
          15  1 0.1148 0.1099 0.1050 0.1060 0.1190 0.1221 0.1082 0.1057 0.1094 
          16  1 0.1084 0.1093 0.1140 0.1150 0.1125 0.1079 0.1121 0.1157 0.1052 
          17  1 0.1168 0.1120 0.1074 0.1066 0.1144 0.1189 0.1088 0.1062 0.1089 
          18  1 0.1145 0.1125 0.1112 0.1110 0.1099 0.1144 0.1093 0.1111 0.1061 
          19  1 0.1035 0.1066 0.1219 0.1242 0.1021 0.1035 0.1139 0.1238 0.1005 
          20  1 0.1185 0.1177 0.0981 0.0971 0.1223 0.1178 0.1035 0.0967 0.1282 
          21  1 0.1135 0.1113 0.1075 0.1078 0.1127 0.1135 0.1107 0.1076 0.1155 
          22  1 0.1101 0.1107 0.1133 0.1133 0.1090 0.1075 0.1153 0.1125 0.1083 
          23  1 0.1084 0.1089 0.1152 0.1166 0.1053 0.1126 0.1108 0.1168 0.1055 
          24  1 0.1105 0.1078 0.1080 0.1076 0.1117 0.1125 0.1090 0.1078 0.1250 
          25  1 0.1173 0.1166 0.1075 0.1068 0.1085 0.1193 0.1089 0.1058 0.1095 
          26  1 0.1079 0.1117 0.1123 0.1126 0.1109 0.1108 0.1114 0.1126 0.1098 
          27  1 0.1125 0.1090 0.1110 0.1127 0.1098 0.1068 0.1097 0.1126 0.1158 
          28  1 0.1027 0.1079 0.1229 0.1232 0.1008 0.1017 0.1165 0.1233 0.1010 
          29  1 0.1051 0.1083 0.1213 0.1212 0.1020 0.1028 0.1170 0.1214 0.1009 
          30  1 0.1146 0.1122 0.1076 0.1070 0.1147 0.1192 0.1085 0.1068 0.1094 
          31  1 0.1140 0.1145 0.1061 0.1066 0.1125 0.1168 0.1075 0.1068 0.1153 
          32  1 0.1026 0.1072 0.1257 0.1272 0.0987 0.1036 0.1158 0.1287 0.0905 
          33  1 0.1117 0.1148 0.1112 0.1106 0.1128 0.1175 0.1100 0.1098 0.1016 
          34  1 0.1080 0.1120 0.1111 0.1120 0.1092 0.1061 0.1141 0.1118 0.1156 
          35  1 0.1161 0.1086 0.1057 0.1051 0.1171 0.1128 0.1112 0.1048 0.1185 
          36  1 0.1102 0.1136 0.1098 0.1095 0.1136 0.1098 0.1130 0.1092 0.1113 
          37  1 0.1080 0.1087 0.1130 0.1128 0.1109 0.1067 0.1108 0.1122 0.1169 
          38  1 0.1046 0.1086 0.1191 0.1206 0.1024 0.1043 0.1136 0.1203 0.1065 
          39  1 0.1146 0.1113 0.1030 0.1032 0.1195 0.1169 0.1133 0.1037 0.1145 
          40  1 0.1119 0.1143 0.1104 0.1084 0.1140 0.1144 0.1096 0.1084 0.1085 
          41  1 0.1109 0.1090 0.1114 0.1111 0.1104 0.1104 0.1129 0.1106 0.1133 
          42  1 0.1163 0.1138 0.0995 0.0996 0.1260 0.1210 0.1096 0.0998 0.1144 
          43  1 0.1076 0.1079 0.1151 0.1170 0.1086 0.1047 0.1120 0.1172 0.1098 
          44  1 0.1135 0.1134 0.1085 0.1090 0.1123 0.1091 0.1074 0.1092 0.1176 
          45  1 0.1139 0.1122 0.1084 0.1077 0.1168 0.1141 0.1079 0.1071 0.1119 
          46  1 0.1110 0.1095 0.1074 0.1070 0.1138 0.1122 0.1103 0.1068 0.1220 
          47  1 0.1104 0.1093 0.1104 0.1109 0.1114 0.1090 0.1134 0.1107 0.1146 
          48  1 0.1133 0.1100 0.1124 0.1124 0.1118 0.1081 0.1107 0.1122 0.1091 
          49  1 0.1115 0.1101 0.1150 0.1157 0.1101 0.1089 0.1122 0.1166 0.1000 
          50  1 0.1082 0.1113 0.1145 0.1153 0.1063 0.1096 0.1133 0.1159 0.1056 
          51  1 0.1133 0.1111 0.1108 0.1104 0.1096 0.1115 0.1116 0.1103 0.1114 
          52  1 0.1165 0.1153 0.1116 0.1100 0.1102 0.1105 0.1096 0.1105 0.1058 
          53  1 0.1060 0.1085 0.1191 0.1195 0.1056 0.1046 0.1159 0.1187 0.1022 
          54  1 0.1127 0.1111 0.1090 0.1083 0.1140 0.1114 0.1092 0.1082 0.1161 
          55  1 0.1106 0.1093 0.1043 0.1034 0.1248 0.1130 0.1099 0.1037 0.1210 
          56  1 0.1075 0.1057 0.1193 0.1211 0.1009 0.1050 0.1152 0.1207 0.1046 
          57  1 0.1083 0.1135 0.1104 0.1120 0.1116 0.1061 0.1148 0.1116 0.1117 
          58  1 0.1099 0.1110 0.1124 0.1111 0.1107 0.1101 0.1144 0.1114 0.1091 
          59  1 0.1174 0.1158 0.1055 0.1046 0.1175 0.1161 0.1033 0.1049 0.1148 
          60  1 0.1100 0.1114 0.1120 0.1107 0.1109 0.1082 0.1105 0.1107 0.1157 
          61  1 0.1121 0.1101 0.1100 0.1097 0.1133 0.1122 0.1129 0.1099 0.1098 
          62  1 0.1098 0.1089 0.1149 0.1154 0.1105 0.1080 0.1126 0.1157 0.1043 
          63  1 0.1119 0.1114 0.1090 0.1085 0.1132 0.1202 0.1074 0.1085 0.1100 
          64  1 0.1163 0.1121 0.1065 0.1054 0.1157 0.1178 0.1072 0.1046 0.1144 
          65  1 0.1096 0.1135 0.1150 0.1156 0.1023 0.1118 0.1114 0.1159 0.1048 
          66  1 0.1100 0.1100 0.1148 0.1153 0.1094 0.1089 0.1147 0.1149 0.1019 
          67  1 0.1114 0.1123 0.1089 0.1093 0.1094 0.1121 0.1112 0.1088 0.1166 
          68  1 0.1195 0.1142 0.1013 0.0997 0.1207 0.1264 0.1060 0.0999 0.1123 
          69  1 0.1126 0.1116 0.1091 0.1092 0.1148 0.1115 0.1099 0.1093 0.1120 
          70  1 0.1131 0.1107 0.1065 0.1058 0.1135 0.1128 0.1085 0.1060 0.1231 
          71  1 0.1116 0.1117 0.1104 0.1097 0.1092 0.1137 0.1093 0.1096 0.1147 
          72  1 0.1132 0.1127 0.1038 0.1035 0.1168 0.1112 0.1091 0.1033 0.1263 
          73  1 0.1116 0.1082 0.1133 0.1136 0.1086 0.1127 0.1130 0.1141 0.1050 
          74  1 0.1184 0.1133 0.1105 0.1095 0.1091 0.1129 0.1081 0.1095 0.1087 
          75  1 0.1152 0.1121 0.1033 0.1025 0.1124 0.1129 0.1093 0.1033 0.1289 
          76  1 0.1132 0.1083 0.1112 0.1116 0.1117 0.1128 0.1129 0.1115 0.1067 
          77  1 0.1146 0.1125 0.1102 0.1100 0.1095 0.1145 0.1082 0.1094 0.1112 
          78  1 0.1075 0.1134 0.1156 0.1161 0.1068 0.1061 0.1115 0.1162 0.1068 
          79  1 0.1090 0.1141 0.1083 0.1090 0.1143 0.1072 0.1155 0.1085 0.1141 
          80  1 0.1145 0.1108 0.1046 0.1043 0.1168 0.1107 0.1107 0.1041 0.1235 
          81  1 0.1083 0.1098 0.1151 0.1160 0.1094 0.1098 0.1135 0.1147 0.1034 
          82  1 0.1068 0.1119 0.1137 0.1161 0.1043 0.1086 0.1114 0.1158 0.1115 
          83  1 0.1138 0.1161 0.1012 0.1005 0.1227 0.1120 0.1122 0.1007 0.1207 
          84  1 0.1124 0.1133 0.1103 0.1101 0.1130 0.1173 0.1079 0.1107 0.1050 
          85  1 0.1129 0.1124 0.1050 0.1037 0.1220 0.1161 0.1095 0.1034 0.1150 
          86  1 0.1159 0.1134 0.1047 0.1038 0.1146 0.1204 0.1062 0.1040 0.1170 
          87  1 0.1092 0.1096 0.1070 0.1073 0.1139 0.1122 0.1068 0.1066 0.1275 
          88  1 0.1135 0.1121 0.1086 0.1081 0.1127 0.1206 0.1092 0.1079 0.1074 
          89  1 0.1064 0.1117 0.1139 0.1148 0.1129 0.1115 0.1104 0.1154 0.1030 
          90  1 0.1148 0.1124 0.1094 0.1094 0.1099 0.1151 0.1095 0.1089 0.1107 
          91  1 0.1085 0.1085 0.1149 0.1168 0.1050 0.1070 0.1150 0.1165 0.1077 
          92  1 0.1109 0.1113 0.1152 0.1162 0.1054 0.1090 0.1127 0.1156 0.1038 
          93  1 0.1071 0.1082 0.1179 0.1177 0.1081 0.1070 0.1138 0.1181 0.1022 
          94  1 0.1142 0.1156 0.1018 0.1016 0.1170 0.1144 0.1103 0.1010 0.1241 
          95  1 0.1132 0.1082 0.1083 0.1078 0.1173 0.1139 0.1094 0.1072 0.1146 
          96  1 0.1093 0.1121 0.1067 0.1070 0.1158 0.1085 0.1125 0.1072 0.1209 
          97  1 0.1099 0.1141 0.1109 0.1101 0.1135 0.1152 0.1069 0.1100 0.1094 
          98  1 0.1111 0.1138 0.1090 0.1085 0.1099 0.1105 0.1106 0.1086 0.1183 
          99  1 0.1123 0.1143 0.1095 0.1094 0.1112 0.1132 0.1094 0.1088 0.1120 
         100  1 0.1094 0.1115 0.1141 0.1146 0.1065 0.1154 0.1098 0.1155 0.1032 
         101  1 0.1194 0.1117 0.1024 0.1023 0.1179 0.1127 0.1075 0.1020 0.1243 
         102  1 0.1030 0.1082 0.1164 0.1174 0.1112 0.1020 0.1170 0.1167 0.1080 
         103  1 0.1057 0.1089 0.1128 0.1145 0.1110 0.1047 0.1131 0.1156 0.1137 
         104  1 0.1101 0.1064 0.1123 0.1135 0.1096 0.1065 0.1099 0.1139 0.1177 
         105  1 0.1157 0.1123 0.1074 0.1066 0.1144 0.1147 0.1067 0.1068 0.1155 
         106  1 0.1127 0.1119 0.1096 0.1092 0.1142 0.1101 0.1098 0.1086 0.1139 
         107  1 0.1173 0.1141 0.1038 0.1043 0.1159 0.1155 0.1094 0.1041 0.1155 
         108  1 0.1067 0.1090 0.1200 0.1201 0.1042 0.1049 0.1148 0.1194 0.1008 
         109  1 0.1076 0.1116 0.1178 0.1183 0.1062 0.1041 0.1152 0.1184 0.1007 
         110  1 0.1044 0.1094 0.1203 0.1213 0.1028 0.1044 0.1148 0.1212 0.1013 
         111  1 0.1069 0.1121 0.1135 0.1150 0.1085 0.1069 0.1108 0.1154 0.1108 
         112  1 0.1081 0.1080 0.1125 0.1125 0.1066 0.1099 0.1111 0.1123 0.1190 
         113  1 0.1136 0.1100 0.1063 0.1062 0.1146 0.1080 0.1150 0.1065 0.1198 
         114  1 0.1115 0.1087 0.1150 0.1146 0.1086 0.1073 0.1161 0.1148 0.1034 
         115  1 0.1171 0.1117 0.1051 0.1055 0.1149 0.1186 0.1077 0.1050 0.1143 
         116  1 0.1123 0.1108 0.1130 0.1134 0.1105 0.1074 0.1111 0.1137 0.1077 
         117  1 0.1127 0.1120 0.1090 0.1084 0.1158 0.1155 0.1084 0.1079 0.1102 
         118  1 0.1133 0.1114 0.1119 0.1118 0.1111 0.1075 0.1094 0.1117 0.1118 
         119  1 0.1136 0.1137 0.1070 0.1072 0.1148 0.1119 0.1094 0.1075 0.1149 
         120  1 0.1128 0.1117 0.1126 0.1118 0.1121 0.1079 0.1105 0.1123 0.1082 
         121  1 0.1155 0.1156 0.1039 0.1034 0.1124 0.1187 0.1070 0.1032 0.1202 
         122  1 0.1149 0.1106 0.1102 0.1089 0.1137 0.1104 0.1121 0.1092 0.1099 
         123  1 0.1073 0.1067 0.1172 0.1182 0.1051 0.1090 0.1133 0.1183 0.1049 
         124  1 0.1090 0.1101 0.1108 0.1117 0.1094 0.1103 0.1109 0.1113 0.1166 
         125  1 0.1127 0.1089 0.1127 0.1133 0.1058 0.1149 0.1119 0.1141 0.1056 
         126  1 0.1096 0.1140 0.1115 0.1109 0.1074 0.1093 0.1120 0.1109 0.1144 
         127  1 0.1135 0.1122 0.1061 0.1061 0.1100 0.1148 0.1075 0.1059 0.1240 
         128  1 0.1146 0.1129 0.1044 0.1036 0.1166 0.1164 0.1064 0.1031 0.1220 
         129  1 0.1076 0.1093 0.1112 0.1130 0.1093 0.1094 0.1146 0.1142 0.1114 
         130  1 0.1059 0.1076 0.1137 0.1139 0.1113 0.1086 0.1127 0.1141 0.1122 
         131  1 0.1141 0.1132 0.1079 0.1082 0.1154 0.1109 0.1090 0.1080 0.1133 
         132  1 0.1159 0.1082 0.1048 0.1047 0.1243 0.1090 0.1079 0.1042 0.1209 
         133  1 0.1075 0.1102 0.1132 0.1139 0.1136 0.1067 0.1126 0.1145 0.1077 
         134  1 0.1084 0.1086 0.1143 0.1144 0.1025 0.1072 0.1119 0.1145 0.1183 
         135  1 0.1210 0.1142 0.1021 0.1013 0.1160 0.1208 0.1055 0.1008 0.1184 
         136  1 0.1087 0.1080 0.1128 0.1134 0.1105 0.1109 0.1113 0.1130 0.1114 
         137  1 0.1195 0.1135 0.1076 0.1064 0.1125 0.1187 0.1092 0.1061 0.1066 
         138  1 0.1169 0.1133 0.1078 0.1067 0.1152 0.1133 0.1045 0.1071 0.1149 
         139  1 0.1113 0.1094 0.1101 0.1102 0.1139 0.1118 0.1095 0.1109 0.1129 
         140  1 0.1069 0.1087 0.1145 0.1162 0.1121 0.1098 0.1132 0.1165 0.1021 
         141  1 0.1145 0.1121 0.1076 0.1070 0.1160 0.1105 0.1141 0.1073 0.1108 
         142  1 0.1143 0.1119 0.1101 0.1095 0.1147 0.1147 0.1102 0.1087 0.1059 
         143  1 0.1105 0.1117 0.1119 0.1113 0.1120 0.1102 0.1108 0.1110 0.1105 
         144  1 0.1125 0.1160 0.1072 0.1064 0.1149 0.1111 0.1107 0.1065 0.1147 
         145  1 0.1112 0.1122 0.1114 0.1117 0.1113 0.1113 0.1161 0.1114 0.1035 
         146  1 0.1118 0.1071 0.1106 0.1108 0.1112 0.1100 0.1105 0.1105 0.1176 
         147  1 0.1118 0.1095 0.1142 0.1142 0.1089 0.1079 0.1130 0.1127 0.1078 
         148  1 0.1137 0.1112 0.1131 0.1122 0.1097 0.1133 0.1109 0.1113 0.1046 
         149  1 0.1088 0.1087 0.1118 0.1123 0.1117 0.1093 0.1135 0.1127 0.1112 
         150  1 0.1118 0.1132 0.1079 0.1087 0.1093 0.1129 0.1102 0.1086 0.1176 
         151  1 0.1105 0.1099 0.1141 0.1145 0.1109 0.1097 0.1134 0.1149 0.1021 
         152  1 0.1072 0.1095 0.1166 0.1172 0.1051 0.1086 0.1123 0.1171 0.1064 
         153  1 0.1155 0.1102 0.1107 0.1102 0.1079 0.1110 0.1114 0.1098 0.1131 
         154  1 0.1077 0.1107 0.1156 0.1150 0.1087 0.1084 0.1124 0.1151 0.1064 
         155  1 0.1178 0.1078 0.1061 0.1053 0.1163 0.1137 0.1099 0.1055 0.1175 
         156  1 0.1110 0.1112 0.1119 0.1116 0.1103 0.1145 0.1098 0.1120 0.1076 
         157  1 0.1115 0.1119 0.1075 0.1078 0.1169 0.1184 0.1082 0.1080 0.1097 
         158  1 0.1080 0.1111 0.1145 0.1147 0.1071 0.1045 0.1174 0.1140 0.1086 
         159  1 0.1070 0.1092 0.1115 0.1141 0.1093 0.1080 0.1101 0.1141 0.1167 
         160  1 0.0999 0.1081 0.1220 0.1235 0.1029 0.0993 0.1194 0.1246 0.1002 
         161  1 0.1164 0.1136 0.1079 0.1070 0.1134 0.1136 0.1106 0.1071 0.1104 
         162  1 0.1166 0.1133 0.1072 0.1057 0.1131 0.1170 0.1078 0.1061 0.1131 
         163  1 0.1118 0.1083 0.1097 0.1099 0.1109 0.1084 0.1112 0.1095 0.1202 
         164  1 0.1116 0.1106 0.1072 0.1069 0.1181 0.1124 0.1094 0.1067 0.1171 
         165  1 0.1081 0.1092 0.1169 0.1170 0.1097 0.1136 0.1106 0.1175 0.0974 
         166  1 0.1120 0.1101 0.1074 0.1086 0.1155 0.1105 0.1083 0.1077 0.1199 
         167  1 0.1124 0.1130 0.1057 0.1061 0.1166 0.1085 0.1131 0.1064 0.1182 
         168  1 0.1141 0.1089 0.1092 0.1075 0.1130 0.1139 0.1090 0.1069 0.1175 
         169  1 0.1178 0.1145 0.1056 0.1041 0.1193 0.1131 0.1068 0.1044 0.1144 
         170  1 0.1070 0.1088 0.1161 0.1164 0.1078 0.1075 0.1141 0.1168 0.1054 
         171  1 0.1094 0.1092 0.1134 0.1153 0.1100 0.1092 0.1110 0.1156 0.1069 
         172  1 0.1069 0.1085 0.1186 0.1185 0.1042 0.1051 0.1151 0.1186 0.1046 
         173  1 0.1138 0.1123 0.1088 0.1080 0.1152 0.1134 0.1110 0.1082 0.1093 
         174  1 0.1115 0.1107 0.1108 0.1122 0.1111 0.1185 0.1086 0.1119 0.1047 
         175  1 0.1130 0.1108 0.1082 0.1098 0.1152 0.1095 0.1111 0.1091 0.1134 
         176  1 0.1093 0.1081 0.1176 0.1172 0.1050 0.1055 0.1159 0.1174 0.1039 
         177  1 0.1169 0.1111 0.1005 0.1006 0.1238 0.1170 0.1080 0.1002 0.1220 
         178  1 0.1130 0.1137 0.1112 0.1102 0.1124 0.1137 0.1104 0.1098 0.1057 
         179  1 0.1085 0.1116 0.1129 0.1128 0.1064 0.1114 0.1102 0.1130 0.1131 
         180  1 0.1083 0.1111 0.1112 0.1115 0.1095 0.1097 0.1135 0.1108 0.1143 
         181  1 0.1176 0.1150 0.1003 0.0999 0.1207 0.1264 0.1034 0.0999 0.1168 
         182  1 0.1158 0.1131 0.1081 0.1080 0.1106 0.1124 0.1107 0.1084 0.1129 
         183  1 0.1099 0.1091 0.1121 0.1142 0.1096 0.1095 0.1103 0.1139 0.1114 
         184  1 0.1150 0.1139 0.1062 0.1062 0.1135 0.1205 0.1090 0.1061 0.1095 
         185  1 0.1041 0.1084 0.1186 0.1209 0.1008 0.1044 0.1182 0.1217 0.1029 
         186  1 0.1153 0.1117 0.1032 0.1025 0.1169 0.1180 0.1061 0.1016 0.1247 
         187  1 0.1094 0.1093 0.1104 0.1114 0.1122 0.1119 0.1100 0.1115 0.1139 
         188  1 0.1102 0.1091 0.1132 0.1142 0.1065 0.1070 0.1117 0.1146 0.1135 
         189  1 0.1090 0.1082 0.1137 0.1142 0.1106 0.1087 0.1129 0.1146 0.1081 
         190  1 0.1058 0.1100 0.1185 0.1187 0.1049 0.1074 0.1147 0.1194 0.1006 
         191  1 0.1089 0.1099 0.1178 0.1187 0.1048 0.1043 0.1156 0.1185 0.1015 
         192  1 0.1135 0.1080 0.1058 0.1060 0.1141 0.1151 0.1098 0.1053 0.1224 
         193  1 0.1144 0.1128 0.1069 0.1057 0.1180 0.1164 0.1088 0.1061 0.1109 
         194  1 0.1046 0.1098 0.1135 0.1153 0.1067 0.1056 0.1167 0.1157 0.1121 
         195  1 0.1097 0.1120 0.1091 0.1087 0.1117 0.1098 0.1122 0.1088 0.1179 
         196  1 0.1045 0.1094 0.1162 0.1182 0.1098 0.1024 0.1171 0.1183 0.1041 
         197  1 0.1079 0.1112 0.1122 0.1122 0.1045 0.1111 0.1100 0.1123 0.1186 
         198  1 0.1081 0.1116 0.1121 0.1128 0.1116 0.1137 0.1119 0.1128 0.1054 
         199  1 0.1108 0.1086 0.1128 0.1133 0.1083 0.1075 0.1116 0.1128 0.1142 
         200  1 0.1112 0.1112 0.1124 0.1121 0.1099 0.1140 0.1102 0.1120 0.1071 
         201  1 0.1190 0.1131 0.0985 0.0977 0.1209 0.1185 0.1016 0.0979 0.1328 
         202  1 0.1127 0.1119 0.1052 0.1052 0.1111 0.1132 0.1068 0.1053 0.1285 
         203  1 0.1052 0.1084 0.1164 0.1185 0.1046 0.1036 0.1145 0.1191 0.1098 
         204  1 0.1079 0.1102 0.1159 0.1150 0.1069 0.1095 0.1136 0.1150 0.1060 
         205  1 0.1104 0.1131 0.1156 0.1168 0.1053 0.1057 0.1110 0.1163 0.1058 
         206  1 0.1085 0.1090 0.1119 0.1114 0.1092 0.1141 0.1103 0.1117 0.1140 
         207  1 0.1083 0.1085 0.1106 0.1117 0.1127 0.1079 0.1070 0.1121 0.1211 
         208  1 0.0884 0.1008 0.1367 0.1443 0.0843 0.0904 0.1217 0.1469 0.0865 
         209  1 0.1134 0.1088 0.1062 0.1059 0.1179 0.1124 0.1088 0.1064 0.1202 
         210  1 0.1131 0.1162 0.1017 0.1008 0.1196 0.1136 0.1116 0.1010 0.1224 
         211  1 0.1082 0.1127 0.1128 0.1125 0.1075 0.1080 0.1125 0.1125 0.1134 
         212  1 0.1156 0.1143 0.1044 0.1039 0.1156 0.1093 0.1130 0.1034 0.1204 
         213  1 0.1060 0.1108 0.1139 0.1151 0.1079 0.1097 0.1117 0.1154 0.1096 
         214  1 0.1115 0.1114 0.1128 0.1133 0.1079 0.1064 0.1114 0.1126 0.1128 
         215  1 0.1133 0.1105 0.1113 0.1110 0.1102 0.1114 0.1097 0.1115 0.1110 
         216  1 0.1119 0.1076 0.1092 0.1093 0.1173 0.1098 0.1116 0.1095 0.1138 
         217  1 0.1157 0.1124 0.1061 0.1056 0.1150 0.1180 0.1077 0.1064 0.1131 
         218  1 0.1181 0.1159 0.1028 0.1014 0.1196 0.1204 0.1060 0.1013 0.1145 
         219  1 0.1155 0.1153 0.1013 0.1017 0.1203 0.1192 0.1101 0.1017 0.1148 
         220  1 0.1117 0.1137 0.1125 0.1116 0.1103 0.1114 0.1092 0.1119 0.1077 
         221  1 0.1115 0.1128 0.1111 0.1098 0.1120 0.1150 0.1135 0.1096 0.1047 
         222  1 0.1137 0.1152 0.1104 0.1103 0.1079 0.1141 0.1091 0.1107 0.1086 
         223  1 0.1035 0.1076 0.1216 0.1227 0.1037 0.1026 0.1169 0.1231 0.0983 
         224  1 0.1060 0.1113 0.1166 0.1184 0.1058 0.1066 0.1163 0.1183 0.1007 
         225  1 0.1100 0.1121 0.1068 0.1071 0.1168 0.1075 0.1134 0.1070 0.1193 
         226  1 0.1105 0.1098 0.1149 0.1162 0.1041 0.1099 0.1098 0.1156 0.1090 
         227  1 0.1118 0.1096 0.1118 0.1115 0.1090 0.1131 0.1115 0.1112 0.1106 
         228  1 0.1145 0.1130 0.1078 0.1069 0.1137 0.1148 0.1079 0.1073 0.1141 
         229  1 0.1150 0.1149 0.1082 0.1062 0.1140 0.1133 0.1084 0.1065 0.1135 
         230  1 0.1189 0.1159 0.1033 0.1021 0.1214 0.1104 0.1076 0.1022 0.1182 
         231  1 0.1119 0.1113 0.1111 0.1108 0.1142 0.1080 0.1126 0.1099 0.1102 
         232  1 0.1132 0.1113 0.1069 0.1068 0.1161 0.1130 0.1133 0.1068 0.1127 
         233  1 0.1169 0.1192 0.1002 0.0994 0.1191 0.1195 0.1063 0.0991 0.1204 
         234  1 0.1061 0.1076 0.1183 0.1214 0.1010 0.1100 0.1136 0.1212 0.1009 
         235  1 0.1116 0.1141 0.1084 0.1075 0.1122 0.1133 0.1112 0.1076 0.1141 
         236  1 0.1084 0.1099 0.1137 0.1149 0.1082 0.1093 0.1144 0.1152 0.1061 
         237  1 0.1115 0.1111 0.1086 0.1083 0.1121 0.1165 0.1082 0.1081 0.1156 
         238  1 0.1129 0.1112 0.1055 0.1053 0.1169 0.1128 0.1098 0.1052 0.1203 
         239  1 0.1087 0.1105 0.1142 0.1139 0.1090 0.1121 0.1125 0.1129 0.1062 
         240  1 0.1125 0.1122 0.1116 0.1126 0.1076 0.1133 0.1121 0.1119 0.1062 
         241  1 0.1158 0.1135 0.1070 0.1060 0.1152 0.1116 0.1077 0.1065 0.1167 
         242  1 0.1134 0.1115 0.1092 0.1084 0.1158 0.1102 0.1097 0.1088 0.1131 
         243  1 0.1173 0.1137 0.1003 0.0990 0.1234 0.1229 0.1028 0.0990 0.1215 
         244  1 0.1121 0.1115 0.1093 0.1088 0.1126 0.1132 0.1128 0.1086 0.1111 
         245  1 0.1100 0.1102 0.1095 0.1112 0.1116 0.1085 0.1136 0.1119 0.1135 
         246  1 0.1170 0.1162 0.1063 0.1044 0.1156 0.1233 0.1072 0.1040 0.1060 
         247  1 0.1107 0.1094 0.1131 0.1124 0.1099 0.1091 0.1133 0.1128 0.1093 
         248  1 0.1028 0.1087 0.1188 0.1194 0.1050 0.1043 0.1171 0.1194 0.1046 
         249  1 0.1104 0.1133 0.1109 0.1125 0.1139 0.1082 0.1110 0.1123 0.1077 
         250  1 0.1179 0.1119 0.1031 0.1017 0.1223 0.1198 0.1047 0.1016 0.1170 
         251  1 0.1115 0.1126 0.1121 0.1113 0.1116 0.1088 0.1113 0.1113 0.1094 
         252  1 0.1136 0.1106 0.1054 0.1053 0.1177 0.1166 0.1077 0.1050 0.1180 
         253  1 0.1171 0.1131 0.1048 0.1035 0.1196 0.1180 0.1059 0.1036 0.1144 
         254  1 0.1049 0.1120 0.1173 0.1197 0.1046 0.1077 0.1137 0.1196 0.1004 
         255  1 0.1112 0.1131 0.1098 0.1093 0.1127 0.1075 0.1139 0.1091 0.1134 
         256  1 0.1053 0.1073 0.1175 0.1186 0.1057 0.1096 0.1119 0.1188 0.1055 
         257  1 0.1089 0.1091 0.1146 0.1141 0.1085 0.1078 0.1106 0.1145 0.1120 
         258  1 0.1124 0.1139 0.1097 0.1099 0.1077 0.1104 0.1090 0.1104 0.1167 
         259  1 0.1101 0.1112 0.1114 0.1109 0.1176 0.1106 0.1118 0.1107 0.1057 
         260  1 0.1108 0.1111 0.1054 0.1051 0.1170 0.1101 0.1101 0.1057 0.1246 
         261  1 0.1156 0.1155 0.1072 0.1063 0.1125 0.1113 0.1128 0.1060 0.1129 
         262  1 0.1032 0.1069 0.1217 0.1233 0.1008 0.1036 0.1168 0.1242 0.0995 
         263  1 0.1169 0.1127 0.1019 0.1003 0.1232 0.1183 0.1073 0.1002 0.1193 
         264  1 0.1139 0.1133 0.1065 0.1077 0.1105 0.1198 0.1065 0.1079 0.1140 
         265  1 0.1131 0.1100 0.1110 0.1119 0.1099 0.1080 0.1124 0.1122 0.1115 
         266  1 0.1071 0.1107 0.1169 0.1180 0.1073 0.1129 0.1097 0.1178 0.0998 
         267  1 0.1153 0.1147 0.1028 0.1030 0.1179 0.1157 0.1059 0.1024 0.1222 
         268  1 0.1126 0.1154 0.1098 0.1084 0.1163 0.1087 0.1120 0.1089 0.1079 
         269  1 0.1077 0.1081 0.1196 0.1206 0.1052 0.1038 0.1151 0.1204 0.0995 
         270  1 0.1186 0.1136 0.1040 0.1026 0.1192 0.1269 0.1050 0.1036 0.1064 
         271  1 0.1125 0.1131 0.1106 0.1107 0.1111 0.1125 0.1095 0.1107 0.1092 
         272  1 0.1103 0.1126 0.1123 0.1131 0.1101 0.1126 0.1088 0.1125 0.1077 
         273  1 0.1152 0.1165 0.1122 0.1105 0.1095 0.1118 0.1112 0.1104 0.1027 
         274  1 0.1115 0.1132 0.1088 0.1080 0.1122 0.1096 0.1112 0.1083 0.1171 
         275  1 0.1108 0.1144 0.1096 0.1090 0.1184 0.1100 0.1082 0.1097 0.1099 
         276  1 0.1136 0.1135 0.1085 0.1069 0.1184 0.1153 0.1097 0.1075 0.1068 
         277  1 0.1139 0.1105 0.1093 0.1103 0.1117 0.1089 0.1122 0.1098 0.1135 
         278  1 0.1114 0.1104 0.1089 0.1086 0.1144 0.1097 0.1108 0.1093 0.1165 
         279  1 0.1131 0.1138 0.1007 0.1006 0.1207 0.1205 0.1051 0.1011 0.1242 
         280  1 0.1137 0.1080 0.1086 0.1095 0.1110 0.1100 0.1084 0.1090 0.1217 
         281  1 0.1071 0.1103 0.1181 0.1179 0.1009 0.1065 0.1158 0.1184 0.1048 
         282  1 0.1050 0.1069 0.1196 0.1200 0.1014 0.1027 0.1169 0.1192 0.1084 
         283  1 0.1091 0.1092 0.1147 0.1166 0.1063 0.1115 0.1104 0.1179 0.1043 
         284  1 0.1091 0.1125 0.1134 0.1138 0.1099 0.1104 0.1089 0.1132 0.1087 
         285  1 0.1155 0.1155 0.1049 0.1038 0.1157 0.1249 0.1061 0.1040 0.1095 
         286  1 0.0963 0.1048 0.1273 0.1308 0.0952 0.0996 0.1180 0.1324 0.0956 
         287  1 0.1081 0.1086 0.1192 0.1190 0.1018 0.1058 0.1134 0.1184 0.1056 
         288  1 0.1098 0.1113 0.1108 0.1114 0.1113 0.1114 0.1104 0.1113 0.1123 
         289  1 0.1105 0.1154 0.1104 0.1111 0.1111 0.1074 0.1111 0.1106 0.1124 
         290  1 0.1089 0.1077 0.1115 0.1109 0.1105 0.1113 0.1121 0.1110 0.1161 
         291  1 0.1172 0.1160 0.1027 0.1023 0.1110 0.1175 0.1084 0.1022 0.1226 
         292  1 0.1063 0.1106 0.1163 0.1174 0.1030 0.1066 0.1146 0.1173 0.1078 
         293  1 0.1112 0.1124 0.1090 0.1089 0.1108 0.1145 0.1096 0.1088 0.1149 
         294  1 0.1170 0.1148 0.1062 0.1054 0.1117 0.1188 0.1071 0.1052 0.1138 
         295  1 0.1067 0.1057 0.1201 0.1210 0.0985 0.1064 0.1144 0.1214 0.1058 
         296  1 0.1195 0.1162 0.1014 0.1011 0.1159 0.1159 0.1068 0.1012 0.1221 
         297  1 0.1189 0.1148 0.1010 0.1005 0.1159 0.1214 0.1034 0.1004 0.1238 
         298  1 0.1095 0.1101 0.1110 0.1133 0.1129 0.1097 0.1108 0.1135 0.1093 
         299  1 0.1107 0.1113 0.1122 0.1127 0.1094 0.1075 0.1145 0.1128 0.1088 
         300  1 0.1133 0.1154 0.1073 0.1062 0.1158 0.1063 0.1156 0.1068 0.1132 
         301  1 0.1084 0.1080 0.1173 0.1176 0.1049 0.1080 0.1123 0.1176 0.1059 
         302  1 0.1161 0.1089 0.1075 0.1061 0.1177 0.1139 0.1112 0.1067 0.1119 
         303  1 0.1195 0.1140 0.1013 0.1002 0.1145 0.1210 0.1034 0.0999 0.1263 
