           1  1 0.1011 0.1015 0.1011 0.1026 0.1014 0.0974 0.0979 0.1007 0.0988 0.0974 
           2  1 0.0987 0.0977 0.0993 0.0955 0.1000 0.1034 0.1040 0.0971 0.1007 0.1036 
           3  1 0.1016 0.0994 0.1014 0.1006 0.1000 0.0992 0.0987 0.1002 0.1002 0.0987 
           4  1 0.1016 0.0988 0.0976 0.0988 0.1011 0.1003 0.1013 0.0979 0.1009 0.1017 
           5  1 0.1007 0.0946 0.0963 0.0953 0.0978 0.1045 0.1067 0.0976 0.1003 0.1062 
           6  1 0.1016 0.1005 0.0988 0.1018 0.0992 0.0985 0.0987 0.1023 0.0996 0.0990 
           7  1 0.1010 0.1028 0.1023 0.1042 0.1001 0.0972 0.0955 0.1033 0.0980 0.0957 
           8  1 0.1031 0.1012 0.1018 0.1019 0.0978 0.0981 0.0969 0.1018 0.1003 0.0972 
           9  1 0.0995 0.1002 0.1009 0.1002 0.0989 0.1005 0.0994 0.1011 0.0999 0.0993 
          10  1 0.0975 0.0999 0.0997 0.1015 0.0984 0.1011 0.1012 0.0996 0.0999 0.1012 
          11  1 0.0970 0.0938 0.0936 0.0931 0.0991 0.1061 0.1097 0.0972 0.1008 0.1096 
          12  1 0.0992 0.1000 0.0980 0.0994 0.0995 0.0997 0.1008 0.1017 0.1006 0.1011 
          13  1 0.0995 0.0970 0.0961 0.0964 0.0997 0.1021 0.1042 0.1001 0.1007 0.1044 
          14  1 0.1002 0.0985 0.0988 0.1008 0.1018 0.0990 0.1005 0.0992 0.1011 0.1001 
          15  1 0.0990 0.1040 0.0996 0.1040 0.1017 0.0970 0.0972 0.1015 0.0985 0.0975 
          16  1 0.0997 0.0990 0.0981 0.0998 0.0975 0.0999 0.1017 0.1024 0.0993 0.1025 
          17  1 0.1008 0.1039 0.1012 0.1004 0.1012 0.0972 0.0963 0.1032 0.0994 0.0963 
          18  1 0.1000 0.0980 0.0997 0.1037 0.0995 0.0997 0.1003 0.0989 0.1000 0.1002 
          19  1 0.0991 0.0945 0.0940 0.0953 0.0984 0.1042 0.1076 0.0985 0.1006 0.1078 
          20  1 0.0994 0.1067 0.1081 0.1041 0.1014 0.0946 0.0917 0.1047 0.0974 0.0917 
          21  1 0.1005 0.1017 0.1033 0.1021 0.0991 0.0999 0.0965 0.1011 0.0990 0.0968 
          22  1 0.0988 0.0989 0.0989 0.1026 0.0993 0.1000 0.1002 0.1000 0.1012 0.1001 
          23  1 0.0996 0.0979 0.0969 0.0948 0.1004 0.1021 0.1036 0.1011 0.1003 0.1033 
          24  1 0.0979 0.1017 0.1029 0.0997 0.1005 0.0994 0.0991 0.1001 0.1001 0.0986 
          25  1 0.1020 0.1013 0.1000 0.1001 0.1019 0.0994 0.0978 0.1002 0.0999 0.0974 
          26  1 0.0987 0.0986 0.1009 0.0995 0.0992 0.1003 0.1009 0.1014 0.0998 0.1008 
          27  1 0.0984 0.0972 0.1001 0.0991 0.1009 0.0999 0.1018 0.0994 0.1018 0.1015 
          28  1 0.0985 0.0958 0.0946 0.0950 0.1003 0.1027 0.1064 0.0984 0.1021 0.1062 
          29  1 0.0977 0.0955 0.0968 0.0962 0.0986 0.1030 0.1062 0.0975 0.1023 0.1062 
          30  1 0.1005 0.1032 0.0998 0.1046 0.0995 0.0985 0.0973 0.1002 0.0988 0.0975 
          31  1 0.1008 0.1041 0.1028 0.0994 0.1014 0.0973 0.0968 0.1005 0.0997 0.0972 
          32  1 0.0994 0.0934 0.0909 0.0959 0.0975 0.1056 0.1094 0.0979 0.1012 0.1089 
          33  1 0.1011 0.1014 0.0985 0.1025 0.1004 0.0982 0.0991 0.1000 0.0996 0.0992 
          34  1 0.0984 0.0994 0.1014 0.0980 0.0996 0.1007 0.1011 0.0998 0.1003 0.1011 
          35  1 0.0999 0.1026 0.1032 0.1035 0.1006 0.0975 0.0962 0.1020 0.0983 0.0962 
          36  1 0.0990 0.0993 0.1008 0.1020 0.1004 0.0984 0.1001 0.0999 0.1003 0.0999 
          37  1 0.0988 0.0987 0.0981 0.0991 0.0993 0.1013 0.1012 0.1007 0.1013 0.1016 
          38  1 0.0987 0.0943 0.0948 0.0970 0.0999 0.1048 0.1067 0.0968 0.1008 0.1064 
          39  1 0.0986 0.1019 0.1050 0.1049 0.1005 0.0970 0.0958 0.1031 0.0976 0.0957 
          40  1 0.1013 0.1012 0.1009 0.1004 0.1007 0.0978 0.0987 0.1005 0.1006 0.0980 
          41  1 0.0998 0.0994 0.1000 0.0984 0.1015 0.1002 0.1000 0.1009 0.0998 0.0999 
          42  1 0.1006 0.1034 0.1047 0.1057 0.0991 0.0972 0.0949 0.1030 0.0968 0.0946 
          43  1 0.0973 0.0995 0.0976 0.0990 0.0985 0.1009 0.1031 0.1004 0.1003 0.1035 
          44  1 0.1001 0.1009 0.1039 0.1003 0.1020 0.0981 0.0978 0.0998 0.0994 0.0977 
          45  1 0.0992 0.1008 0.1034 0.1024 0.0997 0.0982 0.0969 0.1027 0.0996 0.0970 
          46  1 0.0987 0.1002 0.1028 0.1014 0.1028 0.0972 0.0985 0.0986 0.1013 0.0986 
          47  1 0.0987 0.0988 0.1025 0.0990 0.0980 0.1004 0.1002 0.1024 0.0996 0.1004 
          48  1 0.1002 0.0986 0.0986 0.1023 0.0997 0.0986 0.1005 0.0993 0.1014 0.1007 
          49  1 0.1012 0.0976 0.0972 0.1039 0.0988 0.1003 0.1015 0.0980 0.1000 0.1016 
          50  1 0.0991 0.0980 0.0963 0.0994 0.0979 0.1014 0.1032 0.1003 0.1009 0.1034 
          51  1 0.0988 0.0985 0.0995 0.1027 0.1011 0.1000 0.0998 0.0991 0.1004 0.1000 
          52  1 0.1009 0.0978 0.0991 0.1039 0.0998 0.0998 0.0996 0.0978 0.1018 0.0995 
          53  1 0.0988 0.0960 0.0969 0.0979 0.0990 0.1025 0.1048 0.0986 0.1011 0.1046 
          54  1 0.1001 0.1006 0.1030 0.0987 0.0985 0.1003 0.0990 0.1014 0.0991 0.0993 
          55  1 0.0978 0.1033 0.1035 0.1051 0.0987 0.0977 0.0961 0.1037 0.0977 0.0965 
          56  1 0.1006 0.0976 0.0947 0.0952 0.0990 0.1037 0.1058 0.0967 0.1010 0.1058 
          57  1 0.0995 0.0986 0.1001 0.0979 0.1008 0.1009 0.1016 0.0988 0.0998 0.1021 
          58  1 0.1017 0.1007 0.0968 0.1004 0.0988 0.1007 0.1004 0.1005 0.0995 0.1004 
          59  1 0.1011 0.1033 0.1020 0.1028 0.1003 0.0981 0.0960 0.1008 0.0993 0.0963 
          60  1 0.1005 0.1019 0.1014 0.0987 0.0999 0.1004 0.0984 0.1018 0.0986 0.0984 
          61  1 0.0992 0.0986 0.1020 0.0994 0.1002 0.0997 0.0992 0.1018 0.1005 0.0994 
          62  1 0.0999 0.0985 0.0972 0.1013 0.0986 0.1005 0.1018 0.1000 0.1004 0.1019 
          63  1 0.1014 0.1020 0.0982 0.1025 0.0984 0.0999 0.0994 0.1007 0.0987 0.0989 
          64  1 0.1010 0.1031 0.1011 0.1050 0.0993 0.0972 0.0964 0.1011 0.0990 0.0967 
          65  1 0.1015 0.0981 0.0993 0.0954 0.0980 0.1024 0.1026 0.0992 0.1006 0.1029 
          66  1 0.0999 0.0987 0.0994 0.1032 0.0991 0.0997 0.1006 0.0980 0.1011 0.1005 
          67  1 0.0994 0.1003 0.1058 0.0981 0.0975 0.0996 0.0990 0.1015 0.1004 0.0985 
          68  1 0.1017 0.1081 0.1026 0.1046 0.0974 0.0987 0.0936 0.1027 0.0963 0.0941 
          69  1 0.0995 0.1004 0.1005 0.1041 0.1012 0.0987 0.0990 0.0965 0.1013 0.0988 
          70  1 0.0990 0.1014 0.1052 0.1006 0.1017 0.0986 0.0969 0.0998 0.1001 0.0967 
          71  1 0.0990 0.1002 0.1007 0.1006 0.1031 0.0995 0.0993 0.0967 0.1019 0.0989 
          72  1 0.0997 0.1027 0.1061 0.1005 0.1010 0.0978 0.0955 0.1015 0.0995 0.0957 
          73  1 0.0991 0.0990 0.0976 0.0997 0.0993 0.1003 0.1019 0.1018 0.0999 0.1013 
          74  1 0.1025 0.1006 0.1026 0.0983 0.0980 0.1010 0.0986 0.0998 0.1000 0.0986 
          75  1 0.0995 0.1062 0.1031 0.0979 0.1021 0.1001 0.0961 0.0999 0.0987 0.0965 
          76  1 0.1001 0.0992 0.1007 0.1014 0.0988 0.1003 0.0995 0.1000 0.1005 0.0995 
          77  1 0.0997 0.1013 0.1001 0.0990 0.0983 0.1022 0.1004 0.0990 0.0994 0.1004 
          78  1 0.0998 0.0961 0.0992 0.0959 0.1006 0.1020 0.1035 0.0984 0.1008 0.1037 
          79  1 0.0989 0.0965 0.1007 0.1007 0.1021 0.0994 0.1018 0.0988 0.0996 0.1013 
          80  1 0.1005 0.1018 0.1053 0.0995 0.1017 0.0983 0.0957 0.1018 0.0990 0.0964 
          81  1 0.1003 0.0982 0.0976 0.0990 0.0982 0.1017 0.1025 0.0995 0.1000 0.1030 
          82  1 0.0991 0.0982 0.1013 0.0931 0.1005 0.1029 0.1025 0.1000 0.0996 0.1026 
          83  1 0.0994 0.1031 0.1065 0.1019 0.0996 0.0988 0.0950 0.1035 0.0974 0.0948 
          84  1 0.1017 0.1024 0.0978 0.1010 0.0982 0.0998 0.0996 0.1014 0.0986 0.0994 
          85  1 0.1010 0.1047 0.1049 0.1027 0.1003 0.0963 0.0946 0.1046 0.0963 0.0945 
          86  1 0.1023 0.1047 0.1014 0.1009 0.1014 0.0970 0.0960 0.1019 0.0987 0.0956 
          87  1 0.0977 0.1012 0.1024 0.0979 0.1029 0.0996 0.0993 0.0995 0.1001 0.0993 
          88  1 0.1017 0.1005 0.1011 0.0978 0.0992 0.1001 0.0991 0.1029 0.0990 0.0988 
          89  1 0.0995 0.0983 0.0982 0.0985 0.0987 0.1008 0.1031 0.0999 0.1004 0.1027 
          90  1 0.1006 0.1013 0.0974 0.1010 0.1022 0.0988 0.0996 0.0990 0.1005 0.0995 
          91  1 0.0982 0.0983 0.0977 0.0994 0.0989 0.1029 0.1038 0.0962 0.1006 0.1040 
          92  1 0.1004 0.0971 0.0999 0.0971 0.1009 0.1001 0.1015 0.0992 0.1019 0.1018 
          93  1 0.1012 0.0975 0.0947 0.1019 0.0992 0.1011 0.1028 0.0984 0.1003 0.1027 
          94  1 0.0998 0.1067 0.1042 0.1016 0.1001 0.0988 0.0951 0.1008 0.0978 0.0951 
          95  1 0.0998 0.1043 0.0999 0.1030 0.0985 0.0975 0.0979 0.1019 0.0996 0.0977 
          96  1 0.0977 0.1023 0.1016 0.1011 0.0994 0.1009 0.0993 0.1000 0.0987 0.0989 
          97  1 0.1012 0.1004 0.1017 0.0989 0.1006 0.0981 0.0989 0.0997 0.1010 0.0994 
          98  1 0.0993 0.0998 0.1015 0.0989 0.1022 0.0986 0.0989 0.1008 0.1010 0.0988 
          99  1 0.1018 0.1019 0.0996 0.1011 0.1026 0.0993 0.0981 0.0973 0.1003 0.0980 
         100  1 0.1009 0.0998 0.0952 0.1000 0.0991 0.1027 0.1024 0.0977 0.0997 0.1024 
         101  1 0.1004 0.1043 0.1069 0.1022 0.0998 0.0957 0.0938 0.1037 0.0996 0.0936 
         102  1 0.0972 0.0934 0.0994 0.0973 0.1005 0.1021 0.1053 0.0987 0.1006 0.1054 
         103  1 0.0970 0.0991 0.1007 0.0962 0.1005 0.1011 0.1030 0.0993 0.0997 0.1033 
         104  1 0.0981 0.0991 0.1008 0.0992 0.1015 0.0996 0.1005 0.0993 0.1010 0.1009 
         105  1 0.0994 0.1027 0.1001 0.1027 0.1000 0.0983 0.0985 0.0996 0.1000 0.0985 
         106  1 0.1001 0.0985 0.1011 0.1052 0.1000 0.0985 0.0990 0.0985 0.1005 0.0987 
         107  1 0.1000 0.1028 0.1020 0.1050 0.1010 0.0979 0.0972 0.0975 0.1000 0.0967 
         108  1 0.0996 0.0957 0.0944 0.0965 0.0994 0.1020 0.1060 0.0987 0.1015 0.1062 
         109  1 0.1002 0.0936 0.0981 0.0988 0.0990 0.1022 0.1044 0.0977 0.1018 0.1042 
         110  1 0.1011 0.0949 0.0970 0.0971 0.0995 0.1027 0.1048 0.0967 0.1016 0.1048 
         111  1 0.0983 0.0977 0.1006 0.0977 0.1013 0.1004 0.1028 0.0983 0.1000 0.1029 
         112  1 0.0988 0.1007 0.1019 0.0979 0.0999 0.1014 0.1003 0.0986 0.1002 0.1003 
         113  1 0.0999 0.1000 0.1036 0.0998 0.1010 0.0988 0.0980 0.1017 0.0989 0.0983 
         114  1 0.1010 0.0992 0.0969 0.1013 0.0987 0.1012 0.1015 0.0986 0.0997 0.1019 
         115  1 0.0998 0.1023 0.1010 0.1020 0.1025 0.0992 0.0972 0.0997 0.0991 0.0973 
         116  1 0.0993 0.0982 0.1016 0.1005 0.1003 0.1001 0.0996 0.0994 0.1012 0.0998 
         117  1 0.1037 0.1024 0.0985 0.1032 0.0983 0.0968 0.0974 0.1036 0.0986 0.0975 
         118  1 0.1007 0.0984 0.0994 0.1005 0.1020 0.0993 0.1001 0.0980 0.1013 0.1002 
         119  1 0.0991 0.1021 0.1049 0.1019 0.0981 0.1005 0.0979 0.0993 0.0986 0.0976 
         120  1 0.1004 0.0983 0.0992 0.1007 0.0998 0.0997 0.1009 0.0991 0.1007 0.1011 
         121  1 0.0991 0.1032 0.1057 0.1015 0.0998 0.0980 0.0958 0.1014 0.0996 0.0960 
         122  1 0.0999 0.1009 0.1002 0.1017 0.0997 0.0989 0.0982 0.1022 0.1002 0.0983 
         123  1 0.1008 0.0981 0.0975 0.0964 0.1009 0.1014 0.1026 0.0995 0.1001 0.1027 
         124  1 0.0996 0.1007 0.1011 0.0995 0.1008 0.1008 0.0996 0.0979 0.1003 0.0996 
         125  1 0.1015 0.0981 0.0981 0.0963 0.0997 0.1022 0.1026 0.0996 0.1000 0.1020 
         126  1 0.1010 0.0997 0.1030 0.0979 0.1002 0.1000 0.0990 0.0994 0.1007 0.0989 
         127  1 0.0994 0.1028 0.1032 0.0980 0.1020 0.0997 0.0974 0.1003 0.1002 0.0972 
         128  1 0.1021 0.1035 0.1016 0.1022 0.1010 0.0988 0.0965 0.0998 0.0984 0.0960 
         129  1 0.0982 0.0984 0.1007 0.0977 0.0981 0.1014 0.1021 0.1007 0.1000 0.1028 
         130  1 0.0984 0.0981 0.0976 0.0986 0.1002 0.1010 0.1031 0.1001 0.1001 0.1028 
         131  1 0.1020 0.0995 0.1016 0.1024 0.1022 0.0969 0.0982 0.1005 0.0986 0.0981 
         132  1 0.0993 0.1012 0.1040 0.1027 0.1048 0.0956 0.0958 0.1013 0.0993 0.0960 
         133  1 0.0984 0.0971 0.1013 0.1005 0.0981 0.1004 0.1016 0.0998 0.1008 0.1019 
         134  1 0.0988 0.1024 0.0992 0.0951 0.0984 0.1029 0.1021 0.0988 0.1001 0.1022 
         135  1 0.1015 0.1069 0.1049 0.1030 0.1004 0.0960 0.0932 0.1018 0.0989 0.0933 
         136  1 0.0993 0.0976 0.1000 0.1007 0.1024 0.0990 0.1003 0.0990 0.1013 0.1005 
         137  1 0.1029 0.1021 0.1001 0.1023 0.0986 0.1006 0.0975 0.0998 0.0991 0.0972 
         138  1 0.1029 0.1011 0.1029 0.1044 0.1004 0.0965 0.0963 0.0991 0.1001 0.0964 
         139  1 0.0999 0.0999 0.0998 0.1013 0.1008 0.0979 0.0998 0.1003 0.1001 0.1002 
         140  1 0.0981 0.0950 0.1011 0.0977 0.1011 0.1009 0.1036 0.0996 0.0997 0.1033 
         141  1 0.1006 0.0998 0.1011 0.1044 0.0995 0.0981 0.0977 0.1012 0.1000 0.0975 
         142  1 0.1007 0.1003 0.1017 0.1020 0.1003 0.0987 0.0978 0.1015 0.0994 0.0975 
         143  1 0.1000 0.1004 0.1028 0.1017 0.1010 0.0982 0.0982 0.0993 0.1005 0.0979 
         144  1 0.1005 0.1016 0.1001 0.1031 0.1002 0.0982 0.0983 0.0988 0.1010 0.0983 
         145  1 0.1015 0.1011 0.0962 0.1045 0.0980 0.0994 0.1000 0.0987 0.0999 0.1007 
         146  1 0.0990 0.1027 0.1002 0.0990 0.0977 0.1004 0.0998 0.1022 0.0994 0.0996 
         147  1 0.1013 0.1005 0.0972 0.1004 0.1005 0.0988 0.0999 0.1003 0.1007 0.1003 
         148  1 0.1020 0.1010 0.0971 0.1016 0.0997 0.0988 0.1003 0.0983 0.1014 0.0998 
         149  1 0.0983 0.0958 0.1006 0.1006 0.1026 0.1003 0.1023 0.0968 0.1004 0.1023 
         150  1 0.0996 0.1007 0.0995 0.1007 0.1015 0.1018 0.1000 0.0972 0.0988 0.1003 
         151  1 0.1016 0.0975 0.0977 0.1024 0.1005 0.0998 0.1008 0.0984 0.1001 0.1011 
         152  1 0.0983 0.0999 0.0975 0.0967 0.1005 0.1035 0.1033 0.0973 0.0998 0.1032 
         153  1 0.1035 0.1021 0.1001 0.0969 0.1017 0.1003 0.0983 0.0995 0.0994 0.0982 
         154  1 0.1013 0.0984 0.0989 0.0992 0.0992 0.0999 0.1009 0.1006 0.1001 0.1014 
         155  1 0.1001 0.1019 0.1025 0.1043 0.1024 0.0974 0.0960 0.1004 0.0989 0.0961 
         156  1 0.1012 0.1022 0.0985 0.0981 0.1003 0.1013 0.0997 0.1002 0.0988 0.0997 
         157  1 0.1011 0.1039 0.0992 0.1015 0.1010 0.0977 0.0979 0.1015 0.0983 0.0978 
         158  1 0.1006 0.0971 0.0991 0.1005 0.0991 0.1001 0.1016 0.0993 0.1007 0.1018 
         159  1 0.0973 0.0975 0.1004 0.0952 0.1015 0.1012 0.1030 0.1003 0.1003 0.1031 
         160  1 0.0971 0.0931 0.0962 0.0942 0.0990 0.1048 0.1090 0.0971 0.1006 0.1090 
         161  1 0.1003 0.1014 0.1024 0.1028 0.1002 0.0984 0.0975 0.1008 0.0992 0.0970 
         162  1 0.1005 0.1050 0.0999 0.1023 0.1014 0.0994 0.0967 0.0993 0.0987 0.0969 
         163  1 0.0987 0.1046 0.1009 0.0968 0.1000 0.1000 0.0986 0.1019 0.0999 0.0986 
         164  1 0.0990 0.0998 0.1061 0.0996 0.1008 0.0984 0.0972 0.1018 0.0999 0.0974 
         165  1 0.1018 0.0983 0.0934 0.1056 0.0981 0.0996 0.1025 0.0989 0.0997 0.1022 
         166  1 0.0990 0.0988 0.1016 0.1001 0.1037 0.0989 0.0999 0.0981 0.1004 0.0995 
         167  1 0.1002 0.1008 0.1020 0.1027 0.1007 0.0978 0.0972 0.1012 0.0997 0.0975 
         168  1 0.0998 0.1014 0.1040 0.1025 0.1024 0.0975 0.0964 0.0986 0.1010 0.0965 
         169  1 0.1026 0.1020 0.1030 0.1023 0.0986 0.0986 0.0959 0.1024 0.0991 0.0955 
         170  1 0.0989 0.0973 0.0974 0.0999 0.0993 0.1002 0.1031 0.0993 0.1013 0.1034 
         171  1 0.0993 0.0990 0.0982 0.0986 0.0985 0.1005 0.1027 0.1002 0.1001 0.1029 
         172  1 0.0986 0.0963 0.0973 0.0966 0.1012 0.1022 0.1049 0.0984 0.1005 0.1039 
         173  1 0.1004 0.1014 0.1018 0.0991 0.0982 0.0994 0.0982 0.1042 0.0987 0.0986 
         174  1 0.1001 0.0999 0.0988 0.1007 0.0994 0.1005 0.1004 0.1008 0.0992 0.1003 
         175  1 0.1000 0.1016 0.1014 0.0990 0.0999 0.0982 0.0982 0.1042 0.0995 0.0980 
         176  1 0.1013 0.0975 0.0980 0.0971 0.0993 0.1030 0.1029 0.0977 0.0998 0.1033 
         177  1 0.1007 0.1046 0.1037 0.1054 0.1044 0.0949 0.0937 0.1005 0.0988 0.0934 
         178  1 0.1014 0.0976 0.1016 0.1007 0.0987 0.0996 0.0990 0.1014 0.1004 0.0995 
         179  1 0.1015 0.0995 0.0995 0.0969 0.0977 0.1023 0.1009 0.1003 0.1009 0.1006 
         180  1 0.0998 0.0976 0.1012 0.1005 0.0993 0.0992 0.1008 0.1002 0.1009 0.1005 
         181  1 0.1022 0.1071 0.1036 0.1046 0.1018 0.0969 0.0933 0.1001 0.0972 0.0933 
         182  1 0.1021 0.1034 0.1008 0.0999 0.1015 0.0993 0.0974 0.0987 0.0992 0.0978 
         183  1 0.1005 0.0989 0.0974 0.1007 0.1000 0.0993 0.1015 0.1002 0.1005 0.1009 
         184  1 0.1012 0.1021 0.0991 0.1030 0.1014 0.0978 0.0980 0.1012 0.0982 0.0980 
         185  1 0.0985 0.0944 0.0940 0.0985 0.0991 0.1034 0.1065 0.0975 0.1014 0.1066 
         186  1 0.1005 0.1044 0.1026 0.1036 0.1020 0.0978 0.0952 0.0999 0.0990 0.0950 
         187  1 0.1001 0.0990 0.0982 0.1013 0.0999 0.1008 0.1007 0.0985 0.1003 0.1011 
         188  1 0.0982 0.0997 0.0997 0.0978 0.0988 0.1037 0.1024 0.0978 0.0995 0.1025 
         189  1 0.0988 0.0986 0.0975 0.1007 0.1016 0.1008 0.1016 0.0990 0.0995 0.1019 
         190  1 0.0997 0.0958 0.0960 0.0965 0.0985 0.1029 0.1052 0.0996 0.1013 0.1046 
         191  1 0.0989 0.0950 0.0956 0.0964 0.0992 0.1030 0.1062 0.0981 0.1014 0.1062 
         192  1 0.0985 0.1039 0.1027 0.0995 0.0996 0.1002 0.0977 0.1013 0.0988 0.0978 
         193  1 0.1021 0.1040 0.0987 0.1043 0.1014 0.0969 0.0967 0.1005 0.0987 0.0968 
         194  1 0.0974 0.0978 0.0993 0.0968 0.1004 0.1023 0.1036 0.0986 0.1002 0.1037 
         195  1 0.1005 0.1025 0.1014 0.0992 0.0980 0.0995 0.0982 0.1027 0.0999 0.0983 
         196  1 0.0988 0.0954 0.0960 0.1018 0.0975 0.1021 0.1051 0.0962 0.1014 0.1057 
         197  1 0.0976 0.1011 0.1015 0.0945 0.1006 0.1016 0.1005 0.1014 0.1005 0.1006 
         198  1 0.0986 0.1000 0.0983 0.1000 0.1011 0.0988 0.1011 0.1013 0.0998 0.1011 
         199  1 0.0987 0.0985 0.1001 0.0989 0.1018 0.0999 0.1013 0.0980 0.1013 0.1014 
         200  1 0.1007 0.1021 0.0980 0.1017 0.1000 0.0982 0.0998 0.1002 0.0999 0.0994 
         201  1 0.1025 0.1063 0.1045 0.1032 0.1031 0.0953 0.0921 0.1036 0.0973 0.0921 
         202  1 0.0983 0.1078 0.1040 0.0996 0.1005 0.0997 0.0961 0.0995 0.0986 0.0960 
         203  1 0.0971 0.0990 0.0984 0.0945 0.1000 0.1027 0.1046 0.0990 0.0995 0.1050 
         204  1 0.1004 0.0955 0.0977 0.0991 0.0989 0.1015 0.1034 0.0999 0.1008 0.1029 
         205  1 0.0991 0.0977 0.0990 0.0971 0.0999 0.1009 0.1025 0.0993 0.1023 0.1023 
         206  1 0.0999 0.1016 0.1005 0.0986 0.1001 0.1004 0.1003 0.0993 0.0992 0.1002 
         207  1 0.0977 0.1004 0.1007 0.0975 0.1038 0.0991 0.1005 0.0994 0.1006 0.1004 
         208  1 0.0937 0.0842 0.0855 0.0863 0.0971 0.1120 0.1221 0.0932 0.1030 0.1229 
         209  1 0.0983 0.1040 0.1022 0.1020 0.1011 0.0976 0.0976 0.1006 0.0992 0.0974 
         210  1 0.1004 0.1023 0.1069 0.1013 0.1023 0.0979 0.0942 0.1016 0.0987 0.0945 
         211  1 0.0994 0.0994 0.1003 0.0962 0.0994 0.1013 0.1017 0.1002 0.1005 0.1014 
         212  1 0.1001 0.1008 0.1051 0.1029 0.1019 0.0977 0.0958 0.1003 0.0999 0.0956 
         213  1 0.1000 0.1002 0.0960 0.0977 0.1002 0.1004 0.1031 0.0991 0.1002 0.1031 
         214  1 0.1003 0.0977 0.1001 0.1008 0.0977 0.1007 0.1000 0.0991 0.1030 0.1007 
         215  1 0.1019 0.1012 0.0972 0.1005 0.0989 0.1008 0.1001 0.0993 0.1002 0.1001 
         216  1 0.0988 0.0998 0.1020 0.1022 0.1019 0.0975 0.0990 0.1006 0.0995 0.0988 
         217  1 0.1007 0.1000 0.0992 0.1020 0.1018 0.0991 0.0990 0.0988 0.1005 0.0988 
         218  1 0.1039 0.1061 0.1002 0.1044 0.0993 0.0961 0.0946 0.1037 0.0972 0.0946 
         219  1 0.1002 0.1029 0.1034 0.1055 0.1009 0.0971 0.0953 0.1014 0.0979 0.0954 
         220  1 0.1011 0.0996 0.0994 0.1004 0.0980 0.0998 0.1004 0.1007 0.1000 0.1006 
         221  1 0.1021 0.0993 0.0984 0.0994 0.0991 0.1006 0.1002 0.1014 0.0993 0.1002 
         222  1 0.1012 0.0986 0.1005 0.0995 0.0983 0.1004 0.0998 0.1003 0.1012 0.1002 
         223  1 0.0980 0.0951 0.0951 0.0974 0.0987 0.1038 0.1065 0.0977 0.1016 0.1060 
         224  1 0.0988 0.0958 0.0966 0.0976 0.0985 0.1027 0.1053 0.0987 0.1006 0.1054 
         225  1 0.0998 0.0980 0.1029 0.1020 0.1018 0.0983 0.0988 0.0995 0.1001 0.0988 
         226  1 0.1002 0.0994 0.0984 0.0972 0.0983 0.1028 0.1023 0.0981 0.1005 0.1029 
         227  1 0.1026 0.1022 0.0976 0.0995 0.1004 0.0995 0.0997 0.0987 0.1001 0.0996 
         228  1 0.0996 0.1025 0.1016 0.1009 0.0994 0.0996 0.0976 0.1014 0.0998 0.0977 
         229  1 0.1033 0.1023 0.1003 0.1032 0.1012 0.0964 0.0966 0.1003 0.0998 0.0964 
         230  1 0.1015 0.1051 0.1050 0.1010 0.1004 0.0981 0.0942 0.1040 0.0971 0.0936 
         231  1 0.1003 0.0998 0.1001 0.1007 0.0995 0.0992 0.0993 0.1021 0.0999 0.0990 
         232  1 0.0994 0.1019 0.1005 0.1049 0.0979 0.0987 0.0986 0.1013 0.0986 0.0985 
         233  1 0.1017 0.1040 0.1048 0.1038 0.1009 0.0977 0.0935 0.1013 0.0983 0.0939 
         234  1 0.0996 0.0957 0.0957 0.0957 0.0971 0.1041 0.1060 0.0992 0.1006 0.1063 
         235  1 0.1017 0.1024 0.0998 0.1005 0.0998 0.0992 0.0982 0.1012 0.0985 0.0988 
         236  1 0.1015 0.0981 0.0993 0.0965 0.0993 0.1018 0.1020 0.0996 0.0997 0.1022 
         237  1 0.0983 0.1019 0.1004 0.1013 0.0997 0.0993 0.0996 0.0999 0.1000 0.0996 
         238  1 0.0988 0.1019 0.1062 0.0994 0.1026 0.0980 0.0963 0.1010 0.0996 0.0962 
         239  1 0.1001 0.0975 0.0986 0.0997 0.0984 0.1013 0.1019 0.1007 0.1004 0.1014 
         240  1 0.0987 0.0976 0.0989 0.1005 0.1007 0.1009 0.1017 0.0982 0.1008 0.1021 
         241  1 0.1001 0.1013 0.1028 0.1044 0.1009 0.0982 0.0971 0.0984 0.0996 0.0973 
         242  1 0.0997 0.0998 0.1017 0.1041 0.0999 0.0967 0.0986 0.1007 0.1004 0.0984 
         243  1 0.0995 0.1074 0.1048 0.1022 0.1005 0.0957 0.0941 0.1046 0.0970 0.0942 
         244  1 0.0992 0.1015 0.1007 0.1014 0.1011 0.1000 0.0985 0.0989 0.0997 0.0989 
         245  1 0.0982 0.0977 0.1016 0.0998 0.1006 0.0993 0.1013 0.0999 0.1006 0.1012 
         246  1 0.1032 0.1046 0.0977 0.1060 0.1000 0.0971 0.0964 0.1013 0.0977 0.0960 
         247  1 0.1011 0.1023 0.0992 0.0989 0.0989 0.0986 0.0992 0.1026 0.1003 0.0989 
         248  1 0.0992 0.0957 0.0946 0.0975 0.0974 0.1034 0.1067 0.0983 0.1007 0.1066 
         249  1 0.0992 0.1001 0.1007 0.1003 0.0992 0.1013 0.1007 0.0986 0.0988 0.1011 
         250  1 0.1014 0.1082 0.1019 0.1084 0.1002 0.0950 0.0930 0.1017 0.0976 0.0927 
         251  1 0.1002 0.0980 0.0986 0.1023 0.1003 0.0997 0.1000 0.0992 0.1016 0.1000 
         252  1 0.0992 0.1021 0.1009 0.1012 0.1024 0.0984 0.0977 0.1001 0.1000 0.0982 
         253  1 0.1027 0.1046 0.1028 0.1042 0.1016 0.0972 0.0936 0.1017 0.0982 0.0935 
         254  1 0.0987 0.0937 0.0959 0.0978 0.1007 0.1030 0.1062 0.0959 0.1013 0.1066 
         255  1 0.0984 0.1014 0.1004 0.1006 0.1017 0.0993 0.0994 0.0983 0.1009 0.0995 
         256  1 0.0988 0.0979 0.0959 0.0973 0.0990 0.1019 0.1041 0.1005 0.1009 0.1037 
         257  1 0.0999 0.0994 0.0980 0.0978 0.1002 0.1000 0.1017 0.1006 0.1007 0.1017 
         258  1 0.0998 0.1012 0.1036 0.0965 0.0997 0.1003 0.0995 0.1007 0.0997 0.0991 
         259  1 0.1013 0.0995 0.0976 0.1039 0.0987 0.0995 0.0998 0.1006 0.0997 0.0994 
         260  1 0.0987 0.1043 0.1034 0.0995 0.1022 0.0985 0.0969 0.1013 0.0986 0.0966 
         261  1 0.1007 0.1015 0.1013 0.1036 0.1004 0.0979 0.0976 0.0994 0.1008 0.0970 
         262  1 0.0988 0.0945 0.0956 0.0966 0.0971 0.1047 0.1075 0.0968 0.1012 0.1071 
         263  1 0.1018 0.1062 0.1042 0.1050 0.0993 0.0965 0.0934 0.1032 0.0971 0.0934 
         264  1 0.1013 0.1012 0.1020 0.0985 0.1023 0.1005 0.0976 0.0997 0.0993 0.0976 
         265  1 0.0988 0.0987 0.1016 0.1035 0.0994 0.0991 0.1000 0.0980 0.1009 0.1000 
         266  1 0.1003 0.0959 0.0944 0.0987 0.0981 0.1019 0.1049 0.0995 0.1012 0.1050 
         267  1 0.1006 0.1026 0.1049 0.1000 0.1023 0.0983 0.0957 0.1018 0.0980 0.0956 
         268  1 0.1012 0.1010 0.0991 0.1018 0.0994 0.0984 0.0991 0.1023 0.0989 0.0987 
         269  1 0.1017 0.0956 0.0961 0.0975 0.0985 0.1016 0.1041 0.0994 0.1011 0.1043 
         270  1 0.1029 0.1059 0.0988 0.1048 0.0991 0.0966 0.0948 0.1045 0.0973 0.0953 
         271  1 0.1003 0.0991 0.1006 0.1000 0.1031 0.1005 0.0999 0.0967 0.0998 0.1000 
         272  1 0.1021 0.0996 0.0999 0.0986 0.0980 0.1007 0.0999 0.1021 0.0994 0.0997 
         273  1 0.1004 0.0998 0.0987 0.1018 0.1001 0.0995 0.1004 0.0982 0.1005 0.1005 
         274  1 0.1004 0.0999 0.1012 0.1010 0.1011 0.1004 0.0981 0.1009 0.0990 0.0980 
         275  1 0.1018 0.0992 0.0991 0.1036 0.0995 0.0985 0.0992 0.1000 0.0997 0.0994 
         276  1 0.1016 0.1031 0.0984 0.1038 0.1005 0.0981 0.0976 0.1013 0.0981 0.0975 
         277  1 0.0981 0.0990 0.1009 0.1024 0.1005 0.0983 0.0990 0.1001 0.1027 0.0989 
         278  1 0.0990 0.0997 0.1011 0.1036 0.1012 0.0988 0.0983 0.0986 0.1014 0.0982 
         279  1 0.1002 0.1069 0.1063 0.0987 0.1027 0.0972 0.0934 0.1040 0.0970 0.0936 
         280  1 0.0986 0.1026 0.1028 0.0990 0.1022 0.0992 0.0985 0.0986 0.1001 0.0984 
         281  1 0.1002 0.0959 0.0953 0.0968 0.0981 0.1034 0.1044 0.0983 0.1030 0.1046 
         282  1 0.0983 0.0963 0.0994 0.0950 0.0992 0.1041 0.1047 0.0978 0.1010 0.1042 
         283  1 0.0989 0.0990 0.0963 0.0973 0.0972 0.1033 0.1042 0.0994 0.1001 0.1042 
         284  1 0.1012 0.0981 0.0996 0.0991 0.0997 0.1005 0.1009 0.0990 0.1011 0.1007 
         285  1 0.1031 0.1057 0.0999 0.1019 0.0991 0.0985 0.0962 0.1022 0.0974 0.0960 
         286  1 0.0973 0.0911 0.0918 0.0917 0.0959 0.1079 0.1131 0.0967 0.1014 0.1132 
         287  1 0.1027 0.0969 0.0969 0.0932 0.0981 0.1026 0.1040 0.1004 0.1011 0.1041 
         288  1 0.0987 0.1006 0.1003 0.1005 0.0990 0.1008 0.1005 0.0987 0.1006 0.1003 
         289  1 0.0996 0.0984 0.1040 0.0975 0.1001 0.1011 0.1003 0.0991 0.0997 0.1003 
         290  1 0.0991 0.1002 0.1026 0.0990 0.1000 0.0996 0.0999 0.0986 0.1009 0.1001 
         291  1 0.1041 0.1043 0.1043 0.0992 0.1003 0.0992 0.0948 0.1004 0.0989 0.0947 
         292  1 0.1005 0.0960 0.0984 0.0949 0.0986 0.1035 0.1033 0.0994 0.1021 0.1032 
         293  1 0.1004 0.1035 0.1028 0.0976 0.1019 0.0981 0.0968 0.1027 0.0992 0.0970 
         294  1 0.1027 0.1023 0.1010 0.1007 0.0994 0.1001 0.0964 0.1021 0.0986 0.0967 
         295  1 0.0987 0.0972 0.0948 0.0959 0.0973 0.1038 0.1063 0.0981 0.1019 0.1062 
         296  1 0.0996 0.1035 0.1070 0.1000 0.1015 0.0977 0.0944 0.1031 0.0988 0.0944 
         297  1 0.1002 0.1078 0.1039 0.0993 0.1017 0.0977 0.0942 0.1029 0.0982 0.0940 
         298  1 0.0985 0.1019 0.1001 0.0978 0.0980 0.1016 0.1008 0.1016 0.0986 0.1011 
         299  1 0.0990 0.0990 0.1003 0.0985 0.1003 0.1013 0.1008 0.1010 0.0988 0.1010 
         300  1 0.0990 0.0985 0.1058 0.1014 0.1009 0.0993 0.0973 0.1008 0.0993 0.0976 
         301  1 0.1004 0.0977 0.0971 0.0968 0.0999 0.1037 0.1030 0.0981 0.1000 0.1033 
         302  1 0.1039 0.1047 0.1011 0.1034 0.0992 0.0974 0.0953 0.1011 0.0987 0.0953 
         303  1 0.1002 0.1090 0.1053 0.0983 0.0991 0.0991 0.0937 0.1042 0.0974 0.0938 
