           1  1 0.2490 0.2495 0.2533 0.2483 
           2  1 0.2588 0.2429 0.2388 0.2595 
           3  1 0.2537 0.2451 0.2482 0.2530 
           4  1 0.2533 0.2471 0.2457 0.2540 
           5  1 0.2667 0.2296 0.2365 0.2672 
           6  1 0.2542 0.2407 0.2516 0.2536 
           7  1 0.2373 0.2645 0.2618 0.2364 
           8  1 0.2438 0.2560 0.2569 0.2433 
           9  1 0.2461 0.2548 0.2527 0.2464 
          10  1 0.2533 0.2477 0.2461 0.2529 
          11  1 0.2758 0.2176 0.2265 0.2802 
          12  1 0.2540 0.2451 0.2478 0.2532 
          13  1 0.2608 0.2395 0.2393 0.2604 
          14  1 0.2552 0.2423 0.2470 0.2555 
          15  1 0.2474 0.2530 0.2534 0.2461 
          16  1 0.2497 0.2490 0.2476 0.2537 
          17  1 0.2381 0.2642 0.2590 0.2387 
          18  1 0.2533 0.2450 0.2487 0.2530 
          19  1 0.2729 0.2201 0.2329 0.2741 
          20  1 0.2163 0.2989 0.2694 0.2154 
          21  1 0.2425 0.2584 0.2568 0.2423 
          22  1 0.2561 0.2440 0.2441 0.2558 
          23  1 0.2567 0.2451 0.2414 0.2569 
          24  1 0.2415 0.2638 0.2535 0.2412 
          25  1 0.2480 0.2519 0.2531 0.2470 
          26  1 0.2537 0.2471 0.2463 0.2529 
          27  1 0.2536 0.2461 0.2463 0.2540 
          28  1 0.2778 0.2129 0.2305 0.2787 
          29  1 0.2689 0.2273 0.2347 0.2692 
          30  1 0.2409 0.2597 0.2586 0.2408 
          31  1 0.2441 0.2594 0.2524 0.2440 
          32  1 0.2753 0.2176 0.2305 0.2766 
          33  1 0.2511 0.2458 0.2525 0.2507 
          34  1 0.2524 0.2478 0.2463 0.2534 
          35  1 0.2366 0.2652 0.2622 0.2360 
          36  1 0.2496 0.2469 0.2526 0.2509 
          37  1 0.2534 0.2432 0.2496 0.2538 
          38  1 0.2671 0.2263 0.2383 0.2684 
          39  1 0.2402 0.2592 0.2594 0.2412 
          40  1 0.2482 0.2518 0.2532 0.2468 
          41  1 0.2477 0.2560 0.2478 0.2484 
          42  1 0.2305 0.2714 0.2680 0.2301 
          43  1 0.2606 0.2374 0.2396 0.2624 
          44  1 0.2402 0.2672 0.2522 0.2404 
          45  1 0.2420 0.2596 0.2567 0.2417 
          46  1 0.2432 0.2608 0.2525 0.2435 
          47  1 0.2525 0.2475 0.2480 0.2521 
          48  1 0.2543 0.2428 0.2498 0.2531 
          49  1 0.2560 0.2386 0.2478 0.2576 
          50  1 0.2598 0.2357 0.2432 0.2613 
          51  1 0.2559 0.2400 0.2481 0.2560 
          52  1 0.2567 0.2413 0.2464 0.2557 
          53  1 0.2712 0.2224 0.2350 0.2714 
          54  1 0.2441 0.2616 0.2503 0.2440 
          55  1 0.2392 0.2629 0.2589 0.2391 
          56  1 0.2658 0.2296 0.2396 0.2650 
          57  1 0.2477 0.2564 0.2467 0.2492 
          58  1 0.2474 0.2539 0.2517 0.2471 
          59  1 0.2327 0.2713 0.2639 0.2321 
          60  1 0.2416 0.2657 0.2524 0.2403 
          61  1 0.2505 0.2499 0.2498 0.2498 
          62  1 0.2564 0.2398 0.2471 0.2567 
          63  1 0.2426 0.2603 0.2543 0.2429 
          64  1 0.2448 0.2528 0.2592 0.2432 
          65  1 0.2588 0.2371 0.2439 0.2602 
          66  1 0.2578 0.2365 0.2484 0.2574 
          67  1 0.2441 0.2589 0.2529 0.2440 
          68  1 0.2233 0.2874 0.2660 0.2234 
          69  1 0.2501 0.2486 0.2521 0.2492 
          70  1 0.2436 0.2593 0.2528 0.2443 
          71  1 0.2467 0.2537 0.2529 0.2467 
          72  1 0.2373 0.2688 0.2574 0.2365 
          73  1 0.2558 0.2402 0.2481 0.2559 
          74  1 0.2454 0.2548 0.2531 0.2466 
          75  1 0.2286 0.2826 0.2597 0.2291 
          76  1 0.2497 0.2494 0.2515 0.2494 
          77  1 0.2452 0.2566 0.2529 0.2452 
          78  1 0.2580 0.2406 0.2435 0.2580 
          79  1 0.2532 0.2440 0.2487 0.2541 
          80  1 0.2348 0.2720 0.2594 0.2339 
          81  1 0.2599 0.2358 0.2453 0.2590 
          82  1 0.2474 0.2585 0.2445 0.2496 
          83  1 0.2297 0.2787 0.2622 0.2293 
          84  1 0.2428 0.2579 0.2567 0.2427 
          85  1 0.2341 0.2722 0.2611 0.2326 
          86  1 0.2321 0.2725 0.2632 0.2322 
          87  1 0.2465 0.2580 0.2498 0.2457 
          88  1 0.2444 0.2576 0.2536 0.2444 
          89  1 0.2554 0.2419 0.2467 0.2560 
          90  1 0.2535 0.2419 0.2502 0.2544 
          91  1 0.2590 0.2367 0.2431 0.2612 
          92  1 0.2608 0.2363 0.2421 0.2609 
          93  1 0.2643 0.2291 0.2416 0.2650 
          94  1 0.2275 0.2803 0.2643 0.2278 
          95  1 0.2425 0.2583 0.2568 0.2424 
          96  1 0.2415 0.2603 0.2548 0.2434 
          97  1 0.2492 0.2485 0.2524 0.2498 
          98  1 0.2517 0.2506 0.2467 0.2509 
          99  1 0.2522 0.2492 0.2481 0.2505 
         100  1 0.2579 0.2381 0.2453 0.2587 
         101  1 0.2271 0.2834 0.2631 0.2265 
         102  1 0.2672 0.2296 0.2366 0.2666 
         103  1 0.2504 0.2503 0.2465 0.2528 
         104  1 0.2533 0.2489 0.2434 0.2544 
         105  1 0.2429 0.2570 0.2572 0.2429 
         106  1 0.2476 0.2489 0.2558 0.2477 
         107  1 0.2364 0.2636 0.2624 0.2377 
         108  1 0.2745 0.2165 0.2342 0.2748 
         109  1 0.2786 0.2097 0.2343 0.2774 
         110  1 0.2696 0.2227 0.2378 0.2699 
         111  1 0.2505 0.2488 0.2482 0.2525 
         112  1 0.2480 0.2568 0.2473 0.2479 
         113  1 0.2402 0.2656 0.2550 0.2392 
         114  1 0.2604 0.2321 0.2460 0.2615 
         115  1 0.2425 0.2610 0.2546 0.2419 
         116  1 0.2516 0.2486 0.2483 0.2515 
         117  1 0.2449 0.2530 0.2575 0.2446 
         118  1 0.2557 0.2416 0.2476 0.2551 
         119  1 0.2405 0.2622 0.2560 0.2413 
         120  1 0.2589 0.2361 0.2466 0.2583 
         121  1 0.2373 0.2700 0.2558 0.2369 
         122  1 0.2507 0.2483 0.2511 0.2499 
         123  1 0.2572 0.2421 0.2419 0.2588 
         124  1 0.2488 0.2530 0.2486 0.2495 
         125  1 0.2572 0.2384 0.2470 0.2574 
         126  1 0.2469 0.2569 0.2499 0.2464 
         127  1 0.2383 0.2691 0.2543 0.2383 
         128  1 0.2369 0.2658 0.2617 0.2356 
         129  1 0.2524 0.2458 0.2476 0.2543 
         130  1 0.2532 0.2444 0.2476 0.2548 
         131  1 0.2491 0.2485 0.2530 0.2495 
         132  1 0.2447 0.2560 0.2554 0.2439 
         133  1 0.2567 0.2385 0.2469 0.2579 
         134  1 0.2555 0.2469 0.2421 0.2555 
         135  1 0.2352 0.2678 0.2623 0.2347 
         136  1 0.2545 0.2443 0.2464 0.2547 
         137  1 0.2478 0.2516 0.2547 0.2460 
         138  1 0.2373 0.2633 0.2617 0.2376 
         139  1 0.2463 0.2534 0.2524 0.2479 
         140  1 0.2656 0.2292 0.2386 0.2666 
         141  1 0.2473 0.2510 0.2553 0.2463 
         142  1 0.2427 0.2614 0.2535 0.2424 
         143  1 0.2514 0.2486 0.2503 0.2497 
         144  1 0.2456 0.2573 0.2534 0.2437 
         145  1 0.2554 0.2409 0.2501 0.2536 
         146  1 0.2453 0.2577 0.2514 0.2455 
         147  1 0.2585 0.2352 0.2475 0.2588 
         148  1 0.2537 0.2440 0.2489 0.2534 
         149  1 0.2536 0.2445 0.2482 0.2537 
         150  1 0.2455 0.2542 0.2547 0.2456 
         151  1 0.2597 0.2356 0.2451 0.2597 
         152  1 0.2608 0.2371 0.2408 0.2612 
         153  1 0.2502 0.2497 0.2496 0.2505 
         154  1 0.2569 0.2398 0.2464 0.2569 
         155  1 0.2377 0.2667 0.2592 0.2364 
         156  1 0.2449 0.2552 0.2544 0.2455 
         157  1 0.2387 0.2638 0.2596 0.2379 
         158  1 0.2615 0.2339 0.2442 0.2605 
         159  1 0.2494 0.2566 0.2433 0.2507 
         160  1 0.2717 0.2221 0.2331 0.2731 
         161  1 0.2407 0.2602 0.2584 0.2407 
         162  1 0.2363 0.2692 0.2574 0.2370 
         163  1 0.2438 0.2635 0.2497 0.2430 
         164  1 0.2480 0.2540 0.2507 0.2472 
         165  1 0.2565 0.2368 0.2482 0.2585 
         166  1 0.2471 0.2549 0.2505 0.2475 
         167  1 0.2447 0.2528 0.2577 0.2447 
         168  1 0.2422 0.2613 0.2552 0.2413 
         169  1 0.2385 0.2630 0.2601 0.2384 
         170  1 0.2609 0.2332 0.2440 0.2620 
         171  1 0.2535 0.2385 0.2501 0.2579 
         172  1 0.2654 0.2330 0.2354 0.2662 
         173  1 0.2414 0.2623 0.2549 0.2413 
         174  1 0.2498 0.2477 0.2513 0.2511 
         175  1 0.2447 0.2594 0.2521 0.2439 
         176  1 0.2631 0.2317 0.2431 0.2621 
         177  1 0.2282 0.2760 0.2675 0.2283 
         178  1 0.2536 0.2418 0.2508 0.2538 
         179  1 0.2508 0.2482 0.2494 0.2515 
         180  1 0.2510 0.2506 0.2478 0.2506 
         181  1 0.2249 0.2833 0.2672 0.2247 
         182  1 0.2432 0.2587 0.2549 0.2431 
         183  1 0.2540 0.2429 0.2466 0.2565 
         184  1 0.2447 0.2535 0.2560 0.2457 
         185  1 0.2686 0.2247 0.2353 0.2714 
         186  1 0.2335 0.2754 0.2587 0.2324 
         187  1 0.2542 0.2426 0.2466 0.2566 
         188  1 0.2523 0.2459 0.2475 0.2543 
         189  1 0.2567 0.2423 0.2450 0.2560 
         190  1 0.2629 0.2311 0.2410 0.2649 
         191  1 0.2743 0.2153 0.2368 0.2736 
         192  1 0.2375 0.2679 0.2571 0.2375 
         193  1 0.2401 0.2607 0.2587 0.2406 
         194  1 0.2523 0.2486 0.2451 0.2541 
         195  1 0.2435 0.2610 0.2511 0.2443 
         196  1 0.2686 0.2227 0.2385 0.2702 
         197  1 0.2483 0.2571 0.2459 0.2487 
         198  1 0.2572 0.2373 0.2475 0.2580 
         199  1 0.2556 0.2444 0.2462 0.2539 
         200  1 0.2554 0.2411 0.2493 0.2543 
         201  1 0.2192 0.2926 0.2696 0.2186 
         202  1 0.2348 0.2749 0.2560 0.2344 
         203  1 0.2584 0.2406 0.2392 0.2618 
         204  1 0.2605 0.2361 0.2427 0.2608 
         205  1 0.2552 0.2453 0.2442 0.2553 
         206  1 0.2472 0.2570 0.2486 0.2471 
         207  1 0.2424 0.2648 0.2490 0.2439 
         208  1 0.3014 0.1828 0.2046 0.3112 
         209  1 0.2433 0.2605 0.2540 0.2422 
         210  1 0.2274 0.2825 0.2637 0.2264 
         211  1 0.2468 0.2562 0.2493 0.2477 
         212  1 0.2312 0.2744 0.2628 0.2316 
         213  1 0.2545 0.2461 0.2440 0.2555 
         214  1 0.2614 0.2341 0.2443 0.2602 
         215  1 0.2500 0.2482 0.2516 0.2503 
         216  1 0.2494 0.2517 0.2497 0.2492 
         217  1 0.2497 0.2481 0.2536 0.2486 
         218  1 0.2336 0.2648 0.2678 0.2339 
         219  1 0.2307 0.2752 0.2634 0.2306 
         220  1 0.2531 0.2445 0.2494 0.2530 
         221  1 0.2553 0.2406 0.2495 0.2547 
         222  1 0.2508 0.2479 0.2499 0.2515 
         223  1 0.2705 0.2242 0.2340 0.2713 
         224  1 0.2680 0.2254 0.2372 0.2694 
         225  1 0.2447 0.2558 0.2551 0.2443 
         226  1 0.2533 0.2451 0.2467 0.2548 
         227  1 0.2492 0.2497 0.2515 0.2496 
         228  1 0.2445 0.2584 0.2518 0.2453 
         229  1 0.2481 0.2505 0.2543 0.2470 
         230  1 0.2255 0.2819 0.2672 0.2254 
         231  1 0.2453 0.2547 0.2551 0.2449 
         232  1 0.2439 0.2553 0.2558 0.2450 
         233  1 0.2231 0.2890 0.2657 0.2222 
         234  1 0.2620 0.2337 0.2398 0.2645 
         235  1 0.2432 0.2563 0.2570 0.2435 
         236  1 0.2506 0.2510 0.2469 0.2515 
         237  1 0.2544 0.2439 0.2487 0.2530 
         238  1 0.2325 0.2774 0.2586 0.2316 
         239  1 0.2532 0.2458 0.2476 0.2534 
         240  1 0.2550 0.2390 0.2499 0.2560 
         241  1 0.2430 0.2570 0.2577 0.2423 
         242  1 0.2482 0.2491 0.2562 0.2465 
         243  1 0.2277 0.2771 0.2670 0.2282 
         244  1 0.2534 0.2434 0.2497 0.2534 
         245  1 0.2505 0.2495 0.2483 0.2517 
         246  1 0.2432 0.2543 0.2599 0.2425 
         247  1 0.2561 0.2416 0.2478 0.2544 
         248  1 0.2652 0.2291 0.2395 0.2662 
         249  1 0.2471 0.2520 0.2528 0.2481 
         250  1 0.2304 0.2743 0.2662 0.2291 
         251  1 0.2512 0.2451 0.2517 0.2521 
         252  1 0.2406 0.2634 0.2563 0.2396 
         253  1 0.2268 0.2795 0.2661 0.2276 
         254  1 0.2701 0.2202 0.2391 0.2706 
         255  1 0.2560 0.2456 0.2431 0.2553 
         256  1 0.2640 0.2338 0.2396 0.2626 
         257  1 0.2572 0.2389 0.2456 0.2583 
         258  1 0.2420 0.2633 0.2526 0.2420 
         259  1 0.2518 0.2474 0.2501 0.2507 
         260  1 0.2388 0.2695 0.2536 0.2381 
         261  1 0.2504 0.2472 0.2545 0.2480 
         262  1 0.2731 0.2171 0.2352 0.2747 
         263  1 0.2273 0.2811 0.2640 0.2276 
         264  1 0.2390 0.2656 0.2541 0.2412 
         265  1 0.2474 0.2511 0.2530 0.2485 
         266  1 0.2657 0.2279 0.2410 0.2653 
         267  1 0.2341 0.2724 0.2597 0.2338 
         268  1 0.2444 0.2547 0.2563 0.2445 
         269  1 0.2672 0.2272 0.2391 0.2666 
         270  1 0.2311 0.2700 0.2689 0.2301 
         271  1 0.2504 0.2482 0.2518 0.2496 
         272  1 0.2483 0.2503 0.2528 0.2486 
         273  1 0.2584 0.2358 0.2464 0.2594 
         274  1 0.2442 0.2595 0.2524 0.2439 
         275  1 0.2463 0.2502 0.2551 0.2483 
         276  1 0.2430 0.2561 0.2589 0.2421 
         277  1 0.2560 0.2427 0.2462 0.2551 
         278  1 0.2488 0.2514 0.2506 0.2493 
         279  1 0.2185 0.2974 0.2655 0.2185 
         280  1 0.2426 0.2636 0.2504 0.2434 
         281  1 0.2701 0.2223 0.2374 0.2702 
         282  1 0.2641 0.2350 0.2372 0.2637 
         283  1 0.2588 0.2380 0.2422 0.2610 
         284  1 0.2511 0.2492 0.2489 0.2507 
         285  1 0.2339 0.2687 0.2629 0.2345 
         286  1 0.2793 0.2128 0.2248 0.2831 
         287  1 0.2607 0.2397 0.2410 0.2586 
         288  1 0.2530 0.2468 0.2479 0.2524 
         289  1 0.2448 0.2583 0.2515 0.2455 
         290  1 0.2523 0.2454 0.2496 0.2528 
         291  1 0.2310 0.2742 0.2635 0.2312 
         292  1 0.2601 0.2389 0.2409 0.2601 
         293  1 0.2364 0.2718 0.2552 0.2366 
         294  1 0.2353 0.2723 0.2575 0.2348 
         295  1 0.2693 0.2263 0.2342 0.2703 
         296  1 0.2276 0.2827 0.2618 0.2278 
         297  1 0.2231 0.2893 0.2650 0.2226 
         298  1 0.2439 0.2586 0.2511 0.2464 
         299  1 0.2466 0.2565 0.2496 0.2474 
         300  1 0.2429 0.2606 0.2540 0.2425 
         301  1 0.2570 0.2418 0.2438 0.2574 
         302  1 0.2387 0.2617 0.2623 0.2373 
         303  1 0.2236 0.2885 0.2644 0.2235 
