           1  1 0.1437 0.1432 0.1398 0.1409 0.1469 0.1454 0.1401 
           2  1 0.1383 0.1416 0.1490 0.1470 0.1393 0.1362 0.1485 
           3  1 0.1459 0.1441 0.1402 0.1409 0.1448 0.1433 0.1408 
           4  1 0.1477 0.1422 0.1429 0.1430 0.1418 0.1406 0.1418 
           5  1 0.1324 0.1370 0.1526 0.1495 0.1368 0.1394 0.1521 
           6  1 0.1472 0.1410 0.1410 0.1416 0.1430 0.1446 0.1417 
           7  1 0.1485 0.1488 0.1362 0.1370 0.1454 0.1471 0.1369 
           8  1 0.1432 0.1450 0.1396 0.1402 0.1448 0.1468 0.1403 
           9  1 0.1472 0.1412 0.1421 0.1413 0.1430 0.1431 0.1421 
          10  1 0.1395 0.1375 0.1450 0.1440 0.1451 0.1441 0.1447 
          11  1 0.1343 0.1320 0.1557 0.1538 0.1343 0.1347 0.1552 
          12  1 0.1469 0.1388 0.1432 0.1423 0.1414 0.1446 0.1429 
          13  1 0.1342 0.1389 0.1491 0.1478 0.1392 0.1421 0.1486 
          14  1 0.1429 0.1411 0.1427 0.1438 0.1436 0.1431 0.1429 
          15  1 0.1475 0.1437 0.1395 0.1396 0.1432 0.1470 0.1396 
          16  1 0.1364 0.1402 0.1465 0.1445 0.1400 0.1476 0.1448 
          17  1 0.1464 0.1481 0.1381 0.1387 0.1438 0.1461 0.1388 
          18  1 0.1443 0.1422 0.1431 0.1430 0.1426 0.1417 0.1430 
          19  1 0.1378 0.1311 0.1537 0.1514 0.1365 0.1376 0.1519 
          20  1 0.1546 0.1579 0.1297 0.1327 0.1499 0.1454 0.1298 
          21  1 0.1433 0.1499 0.1383 0.1399 0.1456 0.1439 0.1392 
          22  1 0.1406 0.1378 0.1445 0.1445 0.1441 0.1446 0.1439 
          23  1 0.1411 0.1410 0.1477 0.1463 0.1374 0.1394 0.1471 
          24  1 0.1434 0.1483 0.1400 0.1408 0.1449 0.1426 0.1399 
          25  1 0.1461 0.1474 0.1407 0.1422 0.1417 0.1408 0.1411 
          26  1 0.1414 0.1394 0.1444 0.1438 0.1425 0.1441 0.1443 
          27  1 0.1442 0.1396 0.1447 0.1459 0.1398 0.1408 0.1451 
          28  1 0.1357 0.1293 0.1543 0.1524 0.1367 0.1371 0.1546 
          29  1 0.1343 0.1358 0.1513 0.1490 0.1399 0.1379 0.1519 
          30  1 0.1437 0.1466 0.1394 0.1398 0.1430 0.1477 0.1397 
          31  1 0.1479 0.1447 0.1401 0.1407 0.1441 0.1427 0.1398 
          32  1 0.1306 0.1311 0.1565 0.1527 0.1355 0.1380 0.1556 
          33  1 0.1445 0.1386 0.1426 0.1419 0.1426 0.1470 0.1429 
          34  1 0.1381 0.1433 0.1458 0.1454 0.1417 0.1403 0.1454 
          35  1 0.1499 0.1439 0.1367 0.1379 0.1480 0.1471 0.1364 
          36  1 0.1406 0.1407 0.1427 0.1431 0.1463 0.1443 0.1423 
          37  1 0.1410 0.1413 0.1440 0.1436 0.1429 0.1430 0.1442 
          38  1 0.1347 0.1337 0.1520 0.1505 0.1379 0.1398 0.1513 
          39  1 0.1448 0.1463 0.1369 0.1383 0.1498 0.1467 0.1372 
          40  1 0.1449 0.1423 0.1410 0.1412 0.1454 0.1442 0.1411 
          41  1 0.1421 0.1434 0.1442 0.1441 0.1429 0.1398 0.1435 
          42  1 0.1444 0.1512 0.1345 0.1364 0.1480 0.1503 0.1352 
          43  1 0.1430 0.1357 0.1470 0.1453 0.1415 0.1400 0.1474 
          44  1 0.1484 0.1477 0.1401 0.1391 0.1440 0.1412 0.1394 
          45  1 0.1453 0.1445 0.1386 0.1393 0.1476 0.1464 0.1382 
          46  1 0.1455 0.1434 0.1408 0.1411 0.1462 0.1428 0.1403 
          47  1 0.1406 0.1419 0.1432 0.1429 0.1433 0.1444 0.1437 
          48  1 0.1441 0.1408 0.1437 0.1432 0.1415 0.1435 0.1433 
          49  1 0.1383 0.1387 0.1459 0.1446 0.1425 0.1451 0.1449 
          50  1 0.1411 0.1398 0.1465 0.1452 0.1400 0.1420 0.1455 
          51  1 0.1425 0.1375 0.1452 0.1457 0.1417 0.1422 0.1452 
          52  1 0.1418 0.1377 0.1437 0.1447 0.1456 0.1425 0.1440 
          53  1 0.1355 0.1342 0.1495 0.1492 0.1406 0.1400 0.1510 
          54  1 0.1412 0.1465 0.1420 0.1413 0.1449 0.1427 0.1414 
          55  1 0.1421 0.1439 0.1383 0.1389 0.1495 0.1490 0.1382 
          56  1 0.1383 0.1375 0.1502 0.1484 0.1382 0.1377 0.1497 
          57  1 0.1381 0.1454 0.1445 0.1445 0.1434 0.1407 0.1433 
          58  1 0.1425 0.1424 0.1431 0.1432 0.1420 0.1443 0.1425 
          59  1 0.1537 0.1486 0.1364 0.1360 0.1446 0.1448 0.1359 
          60  1 0.1431 0.1475 0.1400 0.1403 0.1453 0.1432 0.1405 
          61  1 0.1430 0.1444 0.1417 0.1420 0.1447 0.1418 0.1424 
          62  1 0.1396 0.1385 0.1453 0.1449 0.1430 0.1439 0.1449 
          63  1 0.1479 0.1434 0.1400 0.1407 0.1426 0.1448 0.1405 
          64  1 0.1486 0.1438 0.1380 0.1394 0.1453 0.1463 0.1387 
          65  1 0.1400 0.1444 0.1465 0.1452 0.1392 0.1385 0.1462 
          66  1 0.1406 0.1401 0.1443 0.1442 0.1430 0.1424 0.1454 
          67  1 0.1421 0.1468 0.1419 0.1420 0.1423 0.1435 0.1414 
          68  1 0.1476 0.1540 0.1332 0.1346 0.1472 0.1501 0.1332 
          69  1 0.1412 0.1418 0.1412 0.1418 0.1472 0.1453 0.1415 
          70  1 0.1476 0.1469 0.1383 0.1407 0.1454 0.1420 0.1390 
          71  1 0.1467 0.1460 0.1410 0.1422 0.1429 0.1396 0.1416 
          72  1 0.1465 0.1463 0.1368 0.1392 0.1462 0.1475 0.1375 
          73  1 0.1411 0.1395 0.1450 0.1443 0.1409 0.1433 0.1459 
          74  1 0.1468 0.1475 0.1405 0.1404 0.1416 0.1430 0.1402 
          75  1 0.1486 0.1547 0.1353 0.1373 0.1478 0.1410 0.1353 
          76  1 0.1408 0.1435 0.1413 0.1420 0.1448 0.1456 0.1420 
          77  1 0.1448 0.1428 0.1423 0.1420 0.1427 0.1438 0.1417 
          78  1 0.1385 0.1402 0.1469 0.1456 0.1406 0.1412 0.1469 
          79  1 0.1407 0.1422 0.1445 0.1439 0.1434 0.1412 0.1441 
          80  1 0.1485 0.1488 0.1376 0.1394 0.1446 0.1434 0.1376 
          81  1 0.1372 0.1367 0.1480 0.1478 0.1399 0.1422 0.1483 
          82  1 0.1375 0.1474 0.1454 0.1448 0.1414 0.1382 0.1452 
          83  1 0.1443 0.1528 0.1352 0.1372 0.1492 0.1459 0.1353 
          84  1 0.1433 0.1460 0.1408 0.1405 0.1414 0.1471 0.1410 
          85  1 0.1461 0.1503 0.1364 0.1375 0.1463 0.1468 0.1366 
          86  1 0.1497 0.1480 0.1364 0.1384 0.1444 0.1465 0.1367 
          87  1 0.1486 0.1448 0.1413 0.1427 0.1437 0.1380 0.1410 
          88  1 0.1434 0.1498 0.1404 0.1403 0.1399 0.1449 0.1413 
          89  1 0.1379 0.1368 0.1473 0.1472 0.1420 0.1419 0.1470 
          90  1 0.1461 0.1421 0.1421 0.1422 0.1415 0.1435 0.1425 
          91  1 0.1369 0.1409 0.1472 0.1470 0.1414 0.1396 0.1469 
          92  1 0.1406 0.1386 0.1466 0.1460 0.1405 0.1417 0.1461 
          93  1 0.1372 0.1346 0.1483 0.1480 0.1409 0.1429 0.1482 
          94  1 0.1453 0.1529 0.1356 0.1370 0.1488 0.1446 0.1358 
          95  1 0.1477 0.1425 0.1400 0.1391 0.1450 0.1460 0.1397 
          96  1 0.1448 0.1467 0.1396 0.1396 0.1477 0.1426 0.1390 
          97  1 0.1432 0.1427 0.1426 0.1420 0.1446 0.1421 0.1426 
          98  1 0.1462 0.1433 0.1428 0.1435 0.1407 0.1408 0.1428 
          99  1 0.1515 0.1459 0.1399 0.1400 0.1418 0.1405 0.1403 
         100  1 0.1409 0.1393 0.1455 0.1455 0.1404 0.1431 0.1454 
         101  1 0.1510 0.1496 0.1341 0.1360 0.1468 0.1480 0.1346 
         102  1 0.1341 0.1354 0.1504 0.1488 0.1420 0.1391 0.1504 
         103  1 0.1407 0.1425 0.1452 0.1441 0.1437 0.1403 0.1435 
         104  1 0.1431 0.1397 0.1445 0.1446 0.1425 0.1408 0.1448 
         105  1 0.1483 0.1404 0.1391 0.1406 0.1450 0.1467 0.1399 
         106  1 0.1479 0.1416 0.1407 0.1406 0.1451 0.1438 0.1403 
         107  1 0.1483 0.1464 0.1379 0.1380 0.1472 0.1444 0.1379 
         108  1 0.1363 0.1316 0.1513 0.1507 0.1381 0.1401 0.1519 
         109  1 0.1330 0.1323 0.1515 0.1509 0.1399 0.1402 0.1523 
         110  1 0.1373 0.1387 0.1508 0.1480 0.1389 0.1354 0.1510 
         111  1 0.1404 0.1426 0.1451 0.1454 0.1412 0.1414 0.1439 
         112  1 0.1416 0.1444 0.1434 0.1431 0.1428 0.1409 0.1437 
         113  1 0.1455 0.1454 0.1397 0.1412 0.1451 0.1431 0.1400 
         114  1 0.1400 0.1396 0.1459 0.1453 0.1407 0.1423 0.1462 
         115  1 0.1467 0.1462 0.1384 0.1397 0.1452 0.1451 0.1387 
         116  1 0.1438 0.1437 0.1430 0.1426 0.1423 0.1415 0.1431 
         117  1 0.1454 0.1419 0.1395 0.1395 0.1418 0.1519 0.1400 
         118  1 0.1438 0.1396 0.1435 0.1438 0.1429 0.1422 0.1441 
         119  1 0.1415 0.1464 0.1395 0.1398 0.1487 0.1456 0.1386 
         120  1 0.1438 0.1374 0.1455 0.1454 0.1419 0.1407 0.1454 
         121  1 0.1499 0.1484 0.1372 0.1377 0.1461 0.1438 0.1369 
         122  1 0.1450 0.1416 0.1409 0.1417 0.1455 0.1443 0.1410 
         123  1 0.1392 0.1411 0.1467 0.1465 0.1393 0.1399 0.1473 
         124  1 0.1456 0.1439 0.1433 0.1421 0.1416 0.1401 0.1434 
         125  1 0.1430 0.1449 0.1446 0.1447 0.1394 0.1391 0.1444 
         126  1 0.1440 0.1463 0.1412 0.1421 0.1442 0.1405 0.1416 
         127  1 0.1463 0.1486 0.1396 0.1410 0.1429 0.1418 0.1398 
         128  1 0.1547 0.1483 0.1362 0.1371 0.1446 0.1429 0.1362 
         129  1 0.1399 0.1419 0.1446 0.1451 0.1421 0.1417 0.1449 
         130  1 0.1378 0.1395 0.1454 0.1461 0.1411 0.1452 0.1449 
         131  1 0.1462 0.1424 0.1414 0.1414 0.1431 0.1439 0.1416 
         132  1 0.1484 0.1440 0.1385 0.1392 0.1484 0.1433 0.1383 
         133  1 0.1377 0.1381 0.1459 0.1453 0.1427 0.1443 0.1459 
         134  1 0.1395 0.1412 0.1468 0.1459 0.1407 0.1395 0.1464 
         135  1 0.1507 0.1477 0.1354 0.1376 0.1459 0.1473 0.1354 
         136  1 0.1447 0.1382 0.1436 0.1430 0.1428 0.1441 0.1436 
         137  1 0.1427 0.1470 0.1403 0.1410 0.1438 0.1449 0.1403 
         138  1 0.1521 0.1476 0.1365 0.1378 0.1425 0.1469 0.1367 
         139  1 0.1438 0.1466 0.1416 0.1411 0.1410 0.1450 0.1409 
         140  1 0.1368 0.1394 0.1486 0.1463 0.1415 0.1391 0.1483 
         141  1 0.1435 0.1445 0.1405 0.1410 0.1439 0.1453 0.1412 
         142  1 0.1418 0.1461 0.1396 0.1400 0.1444 0.1476 0.1404 
         143  1 0.1439 0.1427 0.1419 0.1419 0.1446 0.1429 0.1421 
         144  1 0.1457 0.1439 0.1401 0.1413 0.1457 0.1425 0.1409 
         145  1 0.1428 0.1383 0.1425 0.1424 0.1447 0.1460 0.1432 
         146  1 0.1449 0.1402 0.1424 0.1427 0.1447 0.1429 0.1423 
         147  1 0.1440 0.1363 0.1446 0.1433 0.1433 0.1442 0.1443 
         148  1 0.1461 0.1420 0.1417 0.1418 0.1430 0.1439 0.1415 
         149  1 0.1411 0.1395 0.1454 0.1450 0.1429 0.1408 0.1453 
         150  1 0.1465 0.1460 0.1412 0.1421 0.1434 0.1400 0.1407 
         151  1 0.1417 0.1411 0.1449 0.1440 0.1397 0.1438 0.1448 
         152  1 0.1385 0.1422 0.1475 0.1459 0.1402 0.1388 0.1468 
         153  1 0.1484 0.1482 0.1409 0.1417 0.1411 0.1393 0.1405 
         154  1 0.1419 0.1393 0.1444 0.1435 0.1425 0.1431 0.1454 
         155  1 0.1540 0.1464 0.1363 0.1363 0.1467 0.1442 0.1360 
         156  1 0.1407 0.1465 0.1427 0.1425 0.1405 0.1446 0.1425 
         157  1 0.1446 0.1490 0.1402 0.1395 0.1405 0.1459 0.1402 
         158  1 0.1394 0.1394 0.1460 0.1460 0.1428 0.1397 0.1467 
         159  1 0.1403 0.1448 0.1463 0.1446 0.1403 0.1391 0.1448 
         160  1 0.1303 0.1345 0.1541 0.1524 0.1391 0.1365 0.1530 
         161  1 0.1435 0.1476 0.1392 0.1402 0.1456 0.1451 0.1389 
         162  1 0.1477 0.1454 0.1392 0.1396 0.1451 0.1444 0.1386 
         163  1 0.1430 0.1467 0.1413 0.1415 0.1446 0.1415 0.1414 
         164  1 0.1417 0.1454 0.1405 0.1405 0.1484 0.1428 0.1406 
         165  1 0.1398 0.1374 0.1463 0.1444 0.1393 0.1472 0.1455 
         166  1 0.1460 0.1451 0.1419 0.1418 0.1436 0.1402 0.1415 
         167  1 0.1454 0.1419 0.1392 0.1411 0.1473 0.1456 0.1394 
         168  1 0.1498 0.1462 0.1384 0.1391 0.1441 0.1439 0.1386 
         169  1 0.1508 0.1497 0.1356 0.1376 0.1453 0.1448 0.1362 
         170  1 0.1405 0.1369 0.1469 0.1454 0.1405 0.1423 0.1475 
         171  1 0.1403 0.1360 0.1472 0.1464 0.1401 0.1445 0.1455 
         172  1 0.1380 0.1368 0.1502 0.1481 0.1389 0.1385 0.1495 
         173  1 0.1417 0.1477 0.1410 0.1410 0.1426 0.1450 0.1410 
         174  1 0.1448 0.1436 0.1429 0.1432 0.1408 0.1417 0.1431 
         175  1 0.1426 0.1455 0.1419 0.1413 0.1446 0.1434 0.1407 
         176  1 0.1353 0.1408 0.1484 0.1471 0.1398 0.1404 0.1482 
         177  1 0.1486 0.1524 0.1339 0.1364 0.1479 0.1464 0.1343 
         178  1 0.1427 0.1390 0.1442 0.1427 0.1432 0.1443 0.1439 
         179  1 0.1428 0.1414 0.1438 0.1438 0.1429 0.1412 0.1441 
         180  1 0.1417 0.1432 0.1424 0.1426 0.1441 0.1440 0.1420 
         181  1 0.1495 0.1584 0.1330 0.1346 0.1449 0.1464 0.1332 
         182  1 0.1437 0.1481 0.1401 0.1413 0.1445 0.1416 0.1407 
         183  1 0.1442 0.1370 0.1437 0.1438 0.1416 0.1460 0.1437 
         184  1 0.1475 0.1430 0.1397 0.1408 0.1428 0.1462 0.1401 
         185  1 0.1362 0.1350 0.1511 0.1498 0.1393 0.1378 0.1507 
         186  1 0.1513 0.1480 0.1358 0.1377 0.1449 0.1465 0.1358 
         187  1 0.1416 0.1410 0.1435 0.1436 0.1435 0.1435 0.1433 
         188  1 0.1396 0.1402 0.1456 0.1458 0.1431 0.1407 0.1449 
         189  1 0.1408 0.1386 0.1453 0.1443 0.1425 0.1427 0.1458 
         190  1 0.1358 0.1373 0.1488 0.1472 0.1381 0.1437 0.1490 
         191  1 0.1375 0.1339 0.1514 0.1494 0.1386 0.1376 0.1516 
         192  1 0.1475 0.1472 0.1387 0.1400 0.1460 0.1416 0.1391 
         193  1 0.1488 0.1460 0.1387 0.1382 0.1449 0.1458 0.1378 
         194  1 0.1363 0.1451 0.1466 0.1458 0.1423 0.1391 0.1448 
         195  1 0.1417 0.1435 0.1415 0.1425 0.1425 0.1466 0.1418 
         196  1 0.1332 0.1334 0.1505 0.1492 0.1423 0.1417 0.1497 
         197  1 0.1438 0.1438 0.1438 0.1437 0.1415 0.1394 0.1439 
         198  1 0.1424 0.1382 0.1454 0.1447 0.1416 0.1427 0.1450 
         199  1 0.1422 0.1392 0.1445 0.1453 0.1423 0.1417 0.1448 
         200  1 0.1436 0.1386 0.1438 0.1427 0.1426 0.1453 0.1434 
         201  1 0.1556 0.1557 0.1307 0.1338 0.1454 0.1475 0.1314 
         202  1 0.1472 0.1522 0.1379 0.1379 0.1451 0.1416 0.1381 
         203  1 0.1389 0.1406 0.1495 0.1480 0.1385 0.1371 0.1474 
         204  1 0.1399 0.1376 0.1476 0.1461 0.1399 0.1415 0.1474 
         205  1 0.1401 0.1416 0.1460 0.1450 0.1410 0.1403 0.1460 
         206  1 0.1435 0.1430 0.1434 0.1431 0.1412 0.1426 0.1432 
         207  1 0.1467 0.1478 0.1416 0.1414 0.1427 0.1384 0.1413 
         208  1 0.1190 0.1192 0.1722 0.1649 0.1266 0.1292 0.1688 
         209  1 0.1521 0.1433 0.1385 0.1384 0.1458 0.1430 0.1390 
         210  1 0.1457 0.1561 0.1339 0.1358 0.1492 0.1449 0.1343 
         211  1 0.1394 0.1442 0.1441 0.1449 0.1429 0.1404 0.1440 
         212  1 0.1444 0.1501 0.1364 0.1376 0.1484 0.1462 0.1368 
         213  1 0.1408 0.1410 0.1465 0.1461 0.1387 0.1413 0.1456 
         214  1 0.1458 0.1383 0.1426 0.1435 0.1443 0.1430 0.1424 
         215  1 0.1411 0.1466 0.1409 0.1417 0.1421 0.1459 0.1416 
         216  1 0.1403 0.1434 0.1421 0.1418 0.1451 0.1445 0.1427 
         217  1 0.1463 0.1419 0.1409 0.1423 0.1430 0.1445 0.1412 
         218  1 0.1501 0.1449 0.1358 0.1371 0.1445 0.1515 0.1361 
         219  1 0.1464 0.1520 0.1349 0.1380 0.1467 0.1467 0.1353 
         220  1 0.1431 0.1385 0.1433 0.1435 0.1430 0.1457 0.1430 
         221  1 0.1440 0.1429 0.1424 0.1424 0.1403 0.1456 0.1424 
         222  1 0.1456 0.1437 0.1423 0.1431 0.1420 0.1411 0.1421 
         223  1 0.1329 0.1328 0.1516 0.1492 0.1403 0.1408 0.1522 
         224  1 0.1353 0.1372 0.1503 0.1481 0.1405 0.1390 0.1496 
         225  1 0.1456 0.1449 0.1401 0.1406 0.1453 0.1432 0.1402 
         226  1 0.1405 0.1445 0.1455 0.1451 0.1395 0.1398 0.1451 
         227  1 0.1434 0.1434 0.1425 0.1426 0.1415 0.1443 0.1424 
         228  1 0.1474 0.1471 0.1396 0.1400 0.1434 0.1425 0.1400 
         229  1 0.1487 0.1411 0.1390 0.1410 0.1458 0.1446 0.1398 
         230  1 0.1461 0.1543 0.1339 0.1361 0.1485 0.1473 0.1338 
         231  1 0.1430 0.1439 0.1418 0.1418 0.1431 0.1445 0.1418 
         232  1 0.1430 0.1423 0.1399 0.1409 0.1466 0.1477 0.1396 
         233  1 0.1519 0.1570 0.1320 0.1339 0.1472 0.1453 0.1326 
         234  1 0.1365 0.1381 0.1504 0.1490 0.1366 0.1402 0.1492 
         235  1 0.1459 0.1413 0.1397 0.1408 0.1448 0.1470 0.1405 
         236  1 0.1395 0.1438 0.1461 0.1443 0.1407 0.1409 0.1446 
         237  1 0.1465 0.1396 0.1429 0.1428 0.1435 0.1420 0.1426 
         238  1 0.1460 0.1513 0.1367 0.1376 0.1488 0.1420 0.1376 
         239  1 0.1407 0.1435 0.1448 0.1444 0.1385 0.1441 0.1440 
         240  1 0.1428 0.1383 0.1444 0.1450 0.1421 0.1423 0.1451 
         241  1 0.1529 0.1436 0.1378 0.1394 0.1456 0.1426 0.1381 
         242  1 0.1453 0.1404 0.1414 0.1411 0.1449 0.1458 0.1410 
         243  1 0.1561 0.1512 0.1327 0.1338 0.1477 0.1454 0.1331 
         244  1 0.1397 0.1440 0.1431 0.1432 0.1444 0.1424 0.1431 
         245  1 0.1403 0.1436 0.1439 0.1434 0.1447 0.1408 0.1433 
         246  1 0.1480 0.1432 0.1382 0.1385 0.1433 0.1510 0.1379 
         247  1 0.1408 0.1400 0.1457 0.1451 0.1417 0.1413 0.1453 
         248  1 0.1336 0.1357 0.1500 0.1490 0.1386 0.1431 0.1501 
         249  1 0.1405 0.1465 0.1427 0.1427 0.1446 0.1420 0.1411 
         250  1 0.1522 0.1462 0.1344 0.1352 0.1482 0.1493 0.1343 
         251  1 0.1423 0.1403 0.1433 0.1436 0.1420 0.1447 0.1438 
         252  1 0.1469 0.1471 0.1391 0.1396 0.1433 0.1450 0.1391 
         253  1 0.1498 0.1532 0.1344 0.1353 0.1449 0.1480 0.1344 
         254  1 0.1361 0.1332 0.1514 0.1497 0.1388 0.1388 0.1519 
         255  1 0.1435 0.1396 0.1438 0.1437 0.1441 0.1411 0.1441 
         256  1 0.1381 0.1377 0.1489 0.1470 0.1389 0.1411 0.1483 
         257  1 0.1441 0.1417 0.1446 0.1445 0.1393 0.1418 0.1440 
         258  1 0.1429 0.1472 0.1422 0.1429 0.1425 0.1406 0.1416 
         259  1 0.1416 0.1413 0.1422 0.1420 0.1466 0.1440 0.1422 
         260  1 0.1442 0.1501 0.1381 0.1397 0.1475 0.1417 0.1387 
         261  1 0.1453 0.1414 0.1413 0.1419 0.1454 0.1438 0.1410 
         262  1 0.1331 0.1320 0.1540 0.1510 0.1380 0.1390 0.1529 
         263  1 0.1458 0.1492 0.1336 0.1355 0.1507 0.1510 0.1340 
         264  1 0.1429 0.1541 0.1401 0.1420 0.1416 0.1402 0.1391 
         265  1 0.1416 0.1409 0.1421 0.1423 0.1458 0.1461 0.1411 
         266  1 0.1386 0.1372 0.1486 0.1468 0.1373 0.1427 0.1488 
         267  1 0.1514 0.1538 0.1360 0.1363 0.1448 0.1410 0.1367 
         268  1 0.1421 0.1433 0.1418 0.1417 0.1427 0.1468 0.1416 
         269  1 0.1350 0.1340 0.1502 0.1486 0.1401 0.1419 0.1502 
         270  1 0.1484 0.1462 0.1360 0.1367 0.1443 0.1515 0.1369 
         271  1 0.1446 0.1457 0.1437 0.1427 0.1408 0.1389 0.1436 
         272  1 0.1384 0.1452 0.1429 0.1431 0.1399 0.1478 0.1427 
         273  1 0.1397 0.1358 0.1470 0.1460 0.1416 0.1434 0.1465 
         274  1 0.1450 0.1471 0.1386 0.1399 0.1464 0.1437 0.1393 
         275  1 0.1442 0.1413 0.1417 0.1417 0.1436 0.1461 0.1414 
         276  1 0.1422 0.1416 0.1410 0.1409 0.1459 0.1468 0.1415 
         277  1 0.1435 0.1410 0.1418 0.1426 0.1452 0.1436 0.1424 
         278  1 0.1434 0.1431 0.1410 0.1414 0.1461 0.1438 0.1413 
         279  1 0.1512 0.1611 0.1316 0.1332 0.1481 0.1431 0.1316 
         280  1 0.1470 0.1482 0.1409 0.1411 0.1426 0.1396 0.1405 
         281  1 0.1371 0.1371 0.1500 0.1492 0.1387 0.1372 0.1508 
         282  1 0.1363 0.1401 0.1484 0.1482 0.1406 0.1379 0.1485 
         283  1 0.1399 0.1400 0.1482 0.1465 0.1390 0.1395 0.1469 
         284  1 0.1408 0.1437 0.1437 0.1441 0.1406 0.1437 0.1435 
         285  1 0.1479 0.1537 0.1357 0.1367 0.1429 0.1469 0.1362 
         286  1 0.1279 0.1289 0.1602 0.1571 0.1317 0.1362 0.1580 
         287  1 0.1390 0.1406 0.1479 0.1479 0.1379 0.1388 0.1478 
         288  1 0.1449 0.1392 0.1444 0.1434 0.1422 0.1416 0.1443 
         289  1 0.1406 0.1483 0.1423 0.1427 0.1446 0.1395 0.1419 
         290  1 0.1412 0.1399 0.1432 0.1436 0.1458 0.1431 0.1434 
         291  1 0.1485 0.1580 0.1344 0.1371 0.1456 0.1416 0.1349 
         292  1 0.1370 0.1397 0.1487 0.1481 0.1398 0.1383 0.1484 
         293  1 0.1449 0.1489 0.1395 0.1403 0.1438 0.1431 0.1394 
         294  1 0.1496 0.1496 0.1374 0.1394 0.1429 0.1432 0.1379 
         295  1 0.1390 0.1327 0.1505 0.1488 0.1394 0.1395 0.1500 
         296  1 0.1487 0.1554 0.1348 0.1367 0.1461 0.1430 0.1353 
         297  1 0.1496 0.1532 0.1357 0.1366 0.1462 0.1434 0.1353 
         298  1 0.1407 0.1459 0.1443 0.1428 0.1415 0.1420 0.1428 
         299  1 0.1418 0.1447 0.1427 0.1430 0.1436 0.1418 0.1424 
         300  1 0.1412 0.1460 0.1409 0.1414 0.1473 0.1425 0.1406 
         301  1 0.1401 0.1424 0.1472 0.1454 0.1397 0.1385 0.1468 
         302  1 0.1447 0.1500 0.1380 0.1380 0.1440 0.1472 0.1380 
         303  1 0.1510 0.1561 0.1344 0.1361 0.1440 0.1432 0.1351 
