           1  1 0.2631 0.2439 0.2456 0.2474 
           2  1 0.2330 0.2651 0.2630 0.2388 
           3  1 0.2414 0.2586 0.2601 0.2400 
           4  1 0.2403 0.2567 0.2564 0.2466 
           5  1 0.2252 0.2797 0.2789 0.2162 
           6  1 0.2439 0.2520 0.2538 0.2503 
           7  1 0.2661 0.2304 0.2308 0.2726 
           8  1 0.2577 0.2453 0.2458 0.2512 
           9  1 0.2549 0.2437 0.2432 0.2582 
          10  1 0.2474 0.2537 0.2534 0.2455 
          11  1 0.2099 0.2916 0.2893 0.2092 
          12  1 0.2454 0.2541 0.2532 0.2474 
          13  1 0.2325 0.2689 0.2683 0.2303 
          14  1 0.2389 0.2566 0.2566 0.2479 
          15  1 0.2576 0.2441 0.2445 0.2539 
          16  1 0.2482 0.2555 0.2526 0.2437 
          17  1 0.2577 0.2387 0.2402 0.2635 
          18  1 0.2463 0.2517 0.2516 0.2504 
          19  1 0.2198 0.2791 0.2784 0.2226 
          20  1 0.2969 0.2008 0.2008 0.3016 
          21  1 0.2608 0.2455 0.2449 0.2488 
          22  1 0.2444 0.2553 0.2564 0.2439 
          23  1 0.2396 0.2622 0.2620 0.2362 
          24  1 0.2551 0.2369 0.2377 0.2703 
          25  1 0.2490 0.2516 0.2501 0.2494 
          26  1 0.2498 0.2527 0.2533 0.2442 
          27  1 0.2372 0.2566 0.2562 0.2500 
          28  1 0.2101 0.2867 0.2885 0.2147 
          29  1 0.2176 0.2825 0.2805 0.2194 
          30  1 0.2689 0.2330 0.2343 0.2638 
          31  1 0.2538 0.2441 0.2431 0.2590 
          32  1 0.2126 0.2888 0.2860 0.2127 
          33  1 0.2523 0.2470 0.2475 0.2531 
          34  1 0.2436 0.2572 0.2576 0.2416 
          35  1 0.2690 0.2272 0.2281 0.2757 
          36  1 0.2492 0.2512 0.2521 0.2476 
          37  1 0.2409 0.2551 0.2564 0.2476 
          38  1 0.2244 0.2755 0.2750 0.2251 
          39  1 0.2716 0.2326 0.2338 0.2620 
          40  1 0.2503 0.2492 0.2477 0.2527 
          41  1 0.2493 0.2496 0.2510 0.2501 
          42  1 0.2915 0.2226 0.2232 0.2627 
          43  1 0.2341 0.2613 0.2606 0.2440 
          44  1 0.2588 0.2350 0.2361 0.2700 
          45  1 0.2640 0.2373 0.2371 0.2616 
          46  1 0.2529 0.2385 0.2379 0.2707 
          47  1 0.2513 0.2509 0.2501 0.2477 
          48  1 0.2384 0.2555 0.2558 0.2503 
          49  1 0.2419 0.2606 0.2597 0.2378 
          50  1 0.2401 0.2609 0.2600 0.2390 
          51  1 0.2410 0.2554 0.2558 0.2478 
          52  1 0.2423 0.2564 0.2564 0.2449 
          53  1 0.2190 0.2806 0.2823 0.2180 
          54  1 0.2623 0.2425 0.2426 0.2526 
          55  1 0.2781 0.2258 0.2260 0.2701 
          56  1 0.2238 0.2774 0.2763 0.2225 
          57  1 0.2511 0.2520 0.2490 0.2479 
          58  1 0.2570 0.2492 0.2497 0.2441 
          59  1 0.2774 0.2216 0.2202 0.2808 
          60  1 0.2638 0.2399 0.2409 0.2553 
          61  1 0.2534 0.2493 0.2481 0.2492 
          62  1 0.2443 0.2582 0.2578 0.2397 
          63  1 0.2655 0.2377 0.2376 0.2592 
          64  1 0.2643 0.2367 0.2359 0.2631 
          65  1 0.2355 0.2664 0.2649 0.2332 
          66  1 0.2391 0.2604 0.2606 0.2400 
          67  1 0.2538 0.2433 0.2429 0.2599 
          68  1 0.2940 0.2153 0.2148 0.2759 
          69  1 0.2474 0.2525 0.2516 0.2485 
          70  1 0.2612 0.2367 0.2373 0.2648 
          71  1 0.2449 0.2473 0.2466 0.2613 
          72  1 0.2672 0.2321 0.2319 0.2687 
          73  1 0.2380 0.2619 0.2609 0.2392 
          74  1 0.2576 0.2427 0.2430 0.2567 
          75  1 0.2748 0.2246 0.2251 0.2755 
          76  1 0.2486 0.2537 0.2533 0.2443 
          77  1 0.2604 0.2414 0.2418 0.2564 
          78  1 0.2362 0.2633 0.2637 0.2369 
          79  1 0.2523 0.2474 0.2480 0.2523 
          80  1 0.2709 0.2304 0.2301 0.2686 
          81  1 0.2422 0.2633 0.2628 0.2316 
          82  1 0.2500 0.2521 0.2510 0.2469 
          83  1 0.2887 0.2220 0.2229 0.2665 
          84  1 0.2647 0.2375 0.2374 0.2605 
          85  1 0.2777 0.2269 0.2264 0.2689 
          86  1 0.2738 0.2249 0.2253 0.2761 
          87  1 0.2495 0.2421 0.2437 0.2647 
          88  1 0.2555 0.2488 0.2497 0.2461 
          89  1 0.2449 0.2560 0.2556 0.2435 
          90  1 0.2411 0.2516 0.2522 0.2551 
          91  1 0.2338 0.2661 0.2650 0.2351 
          92  1 0.2312 0.2694 0.2682 0.2311 
          93  1 0.2365 0.2681 0.2682 0.2271 
          94  1 0.2816 0.2233 0.2235 0.2716 
          95  1 0.2617 0.2354 0.2354 0.2675 
          96  1 0.2681 0.2342 0.2345 0.2632 
          97  1 0.2482 0.2477 0.2476 0.2565 
          98  1 0.2471 0.2484 0.2496 0.2549 
          99  1 0.2485 0.2492 0.2485 0.2538 
         100  1 0.2430 0.2618 0.2600 0.2352 
         101  1 0.2801 0.2157 0.2164 0.2878 
         102  1 0.2288 0.2714 0.2703 0.2295 
         103  1 0.2460 0.2520 0.2503 0.2517 
         104  1 0.2399 0.2523 0.2503 0.2575 
         105  1 0.2590 0.2351 0.2350 0.2709 
         106  1 0.2534 0.2430 0.2445 0.2591 
         107  1 0.2698 0.2277 0.2280 0.2745 
         108  1 0.2112 0.2831 0.2844 0.2213 
         109  1 0.2083 0.2913 0.2926 0.2077 
         110  1 0.2161 0.2796 0.2778 0.2265 
         111  1 0.2436 0.2532 0.2521 0.2511 
         112  1 0.2496 0.2491 0.2498 0.2515 
         113  1 0.2697 0.2315 0.2338 0.2650 
         114  1 0.2364 0.2647 0.2648 0.2341 
         115  1 0.2552 0.2415 0.2412 0.2621 
         116  1 0.2413 0.2553 0.2555 0.2479 
         117  1 0.2654 0.2354 0.2372 0.2619 
         118  1 0.2380 0.2571 0.2576 0.2473 
         119  1 0.2708 0.2360 0.2355 0.2578 
         120  1 0.2414 0.2558 0.2556 0.2472 
         121  1 0.2678 0.2325 0.2325 0.2672 
         122  1 0.2506 0.2507 0.2505 0.2482 
         123  1 0.2326 0.2675 0.2663 0.2335 
         124  1 0.2499 0.2489 0.2479 0.2533 
         125  1 0.2364 0.2646 0.2640 0.2350 
         126  1 0.2577 0.2442 0.2434 0.2547 
         127  1 0.2589 0.2374 0.2374 0.2663 
         128  1 0.2739 0.2266 0.2274 0.2721 
         129  1 0.2511 0.2559 0.2543 0.2388 
         130  1 0.2423 0.2577 0.2586 0.2414 
         131  1 0.2533 0.2435 0.2451 0.2581 
         132  1 0.2473 0.2412 0.2405 0.2709 
         133  1 0.2389 0.2617 0.2612 0.2382 
         134  1 0.2434 0.2575 0.2574 0.2417 
         135  1 0.2744 0.2246 0.2253 0.2758 
         136  1 0.2350 0.2575 0.2592 0.2482 
         137  1 0.2571 0.2502 0.2499 0.2428 
         138  1 0.2636 0.2321 0.2318 0.2725 
         139  1 0.2452 0.2521 0.2517 0.2510 
         140  1 0.2241 0.2798 0.2783 0.2178 
         141  1 0.2564 0.2466 0.2471 0.2499 
         142  1 0.2617 0.2386 0.2395 0.2601 
         143  1 0.2488 0.2494 0.2508 0.2510 
         144  1 0.2622 0.2406 0.2405 0.2568 
         145  1 0.2508 0.2516 0.2528 0.2449 
         146  1 0.2591 0.2388 0.2395 0.2626 
         147  1 0.2342 0.2604 0.2611 0.2443 
         148  1 0.2438 0.2530 0.2545 0.2487 
         149  1 0.2458 0.2517 0.2515 0.2511 
         150  1 0.2538 0.2464 0.2468 0.2531 
         151  1 0.2379 0.2616 0.2623 0.2383 
         152  1 0.2312 0.2673 0.2700 0.2314 
         153  1 0.2423 0.2559 0.2552 0.2466 
         154  1 0.2397 0.2599 0.2612 0.2392 
         155  1 0.2682 0.2275 0.2275 0.2768 
         156  1 0.2541 0.2491 0.2486 0.2481 
         157  1 0.2663 0.2338 0.2330 0.2669 
         158  1 0.2334 0.2654 0.2667 0.2345 
         159  1 0.2442 0.2528 0.2522 0.2508 
         160  1 0.2186 0.2853 0.2834 0.2127 
         161  1 0.2583 0.2383 0.2385 0.2649 
         162  1 0.2692 0.2304 0.2300 0.2704 
         163  1 0.2533 0.2420 0.2422 0.2625 
         164  1 0.2539 0.2463 0.2470 0.2528 
         165  1 0.2478 0.2555 0.2561 0.2406 
         166  1 0.2500 0.2456 0.2454 0.2591 
         167  1 0.2649 0.2364 0.2369 0.2618 
         168  1 0.2522 0.2383 0.2391 0.2704 
         169  1 0.2695 0.2322 0.2324 0.2658 
         170  1 0.2318 0.2602 0.2621 0.2459 
         171  1 0.2422 0.2577 0.2549 0.2453 
         172  1 0.2254 0.2740 0.2737 0.2269 
         173  1 0.2610 0.2399 0.2414 0.2577 
         174  1 0.2548 0.2494 0.2478 0.2479 
         175  1 0.2547 0.2446 0.2436 0.2571 
         176  1 0.2283 0.2722 0.2736 0.2259 
         177  1 0.2759 0.2233 0.2244 0.2763 
         178  1 0.2457 0.2537 0.2564 0.2441 
         179  1 0.2502 0.2541 0.2544 0.2413 
         180  1 0.2474 0.2515 0.2515 0.2495 
         181  1 0.2811 0.2164 0.2160 0.2865 
         182  1 0.2535 0.2431 0.2424 0.2610 
         183  1 0.2462 0.2526 0.2523 0.2488 
         184  1 0.2624 0.2389 0.2389 0.2599 
         185  1 0.2210 0.2794 0.2784 0.2211 
         186  1 0.2732 0.2229 0.2235 0.2803 
         187  1 0.2433 0.2575 0.2584 0.2408 
         188  1 0.2482 0.2562 0.2539 0.2417 
         189  1 0.2402 0.2602 0.2594 0.2402 
         190  1 0.2326 0.2687 0.2697 0.2289 
         191  1 0.2168 0.2833 0.2835 0.2165 
         192  1 0.2650 0.2369 0.2381 0.2600 
         193  1 0.2670 0.2342 0.2342 0.2645 
         194  1 0.2411 0.2592 0.2575 0.2423 
         195  1 0.2648 0.2395 0.2398 0.2559 
         196  1 0.2331 0.2754 0.2744 0.2171 
         197  1 0.2503 0.2499 0.2503 0.2494 
         198  1 0.2448 0.2537 0.2540 0.2475 
         199  1 0.2423 0.2545 0.2529 0.2503 
         200  1 0.2456 0.2528 0.2525 0.2491 
         201  1 0.2904 0.2061 0.2062 0.2973 
         202  1 0.2672 0.2284 0.2288 0.2756 
         203  1 0.2314 0.2676 0.2643 0.2368 
         204  1 0.2416 0.2599 0.2599 0.2386 
         205  1 0.2390 0.2591 0.2586 0.2433 
         206  1 0.2517 0.2474 0.2477 0.2532 
         207  1 0.2469 0.2457 0.2437 0.2637 
         208  1 0.1711 0.3317 0.3236 0.1736 
         209  1 0.2540 0.2406 0.2391 0.2663 
         210  1 0.2872 0.2172 0.2175 0.2781 
         211  1 0.2483 0.2514 0.2507 0.2496 
         212  1 0.2728 0.2250 0.2259 0.2762 
         213  1 0.2417 0.2575 0.2569 0.2438 
         214  1 0.2366 0.2614 0.2612 0.2408 
         215  1 0.2514 0.2528 0.2513 0.2445 
         216  1 0.2434 0.2509 0.2502 0.2555 
         217  1 0.2561 0.2435 0.2436 0.2567 
         218  1 0.2812 0.2227 0.2234 0.2727 
         219  1 0.2824 0.2233 0.2227 0.2715 
         220  1 0.2537 0.2473 0.2486 0.2504 
         221  1 0.2476 0.2585 0.2566 0.2373 
         222  1 0.2470 0.2551 0.2543 0.2436 
         223  1 0.2212 0.2804 0.2796 0.2189 
         224  1 0.2308 0.2741 0.2728 0.2223 
         225  1 0.2669 0.2348 0.2340 0.2642 
         226  1 0.2400 0.2623 0.2608 0.2369 
         227  1 0.2512 0.2514 0.2497 0.2477 
         228  1 0.2528 0.2452 0.2449 0.2571 
         229  1 0.2575 0.2396 0.2405 0.2623 
         230  1 0.2875 0.2174 0.2179 0.2772 
         231  1 0.2542 0.2469 0.2476 0.2513 
         232  1 0.2688 0.2354 0.2351 0.2608 
         233  1 0.2910 0.2115 0.2117 0.2857 
         234  1 0.2318 0.2751 0.2715 0.2216 
         235  1 0.2649 0.2370 0.2364 0.2617 
         236  1 0.2505 0.2555 0.2564 0.2376 
         237  1 0.2456 0.2510 0.2515 0.2519 
         238  1 0.2666 0.2279 0.2289 0.2767 
         239  1 0.2435 0.2586 0.2594 0.2385 
         240  1 0.2372 0.2581 0.2595 0.2452 
         241  1 0.2623 0.2316 0.2322 0.2740 
         242  1 0.2513 0.2412 0.2430 0.2645 
         243  1 0.2864 0.2134 0.2140 0.2861 
         244  1 0.2439 0.2552 0.2560 0.2449 
         245  1 0.2467 0.2496 0.2498 0.2539 
         246  1 0.2692 0.2326 0.2336 0.2646 
         247  1 0.2382 0.2603 0.2601 0.2414 
         248  1 0.2359 0.2695 0.2702 0.2244 
         249  1 0.2526 0.2503 0.2490 0.2481 
         250  1 0.2826 0.2191 0.2185 0.2798 
         251  1 0.2418 0.2542 0.2531 0.2508 
         252  1 0.2605 0.2349 0.2362 0.2683 
         253  1 0.2865 0.2196 0.2190 0.2750 
         254  1 0.2208 0.2763 0.2751 0.2278 
         255  1 0.2400 0.2573 0.2574 0.2453 
         256  1 0.2327 0.2674 0.2677 0.2321 
         257  1 0.2370 0.2590 0.2590 0.2451 
         258  1 0.2618 0.2410 0.2401 0.2570 
         259  1 0.2575 0.2492 0.2484 0.2449 
         260  1 0.2669 0.2330 0.2323 0.2678 
         261  1 0.2526 0.2436 0.2433 0.2605 
         262  1 0.2180 0.2843 0.2829 0.2147 
         263  1 0.2910 0.2150 0.2159 0.2782 
         264  1 0.2599 0.2438 0.2425 0.2539 
         265  1 0.2522 0.2432 0.2424 0.2622 
         266  1 0.2329 0.2682 0.2679 0.2310 
         267  1 0.2691 0.2303 0.2310 0.2696 
         268  1 0.2617 0.2430 0.2429 0.2524 
         269  1 0.2270 0.2719 0.2721 0.2289 
         270  1 0.2815 0.2222 0.2229 0.2734 
         271  1 0.2451 0.2521 0.2530 0.2498 
         272  1 0.2531 0.2518 0.2523 0.2428 
         273  1 0.2391 0.2596 0.2596 0.2417 
         274  1 0.2612 0.2399 0.2410 0.2579 
         275  1 0.2594 0.2422 0.2417 0.2568 
         276  1 0.2651 0.2393 0.2382 0.2574 
         277  1 0.2346 0.2579 0.2580 0.2495 
         278  1 0.2516 0.2456 0.2446 0.2583 
         279  1 0.2939 0.2099 0.2091 0.2870 
         280  1 0.2543 0.2395 0.2404 0.2658 
         281  1 0.2162 0.2816 0.2831 0.2191 
         282  1 0.2282 0.2711 0.2708 0.2299 
         283  1 0.2422 0.2621 0.2613 0.2344 
         284  1 0.2524 0.2493 0.2498 0.2485 
         285  1 0.2786 0.2292 0.2287 0.2635 
         286  1 0.2076 0.2938 0.2920 0.2066 
         287  1 0.2305 0.2713 0.2718 0.2264 
         288  1 0.2478 0.2505 0.2499 0.2517 
         289  1 0.2606 0.2439 0.2419 0.2536 
         290  1 0.2480 0.2502 0.2513 0.2504 
         291  1 0.2740 0.2283 0.2296 0.2681 
         292  1 0.2309 0.2677 0.2689 0.2325 
         293  1 0.2614 0.2370 0.2373 0.2643 
         294  1 0.2746 0.2300 0.2301 0.2653 
         295  1 0.2192 0.2775 0.2756 0.2276 
         296  1 0.2803 0.2199 0.2208 0.2790 
         297  1 0.2819 0.2169 0.2179 0.2833 
         298  1 0.2573 0.2460 0.2433 0.2534 
         299  1 0.2542 0.2490 0.2478 0.2490 
         300  1 0.2621 0.2405 0.2408 0.2566 
         301  1 0.2389 0.2621 0.2609 0.2380 
         302  1 0.2674 0.2362 0.2356 0.2608 
         303  1 0.2854 0.2178 0.2184 0.2784 
