           1  1 0.1179 0.1082 0.1123 0.1133 0.1107 0.1080 0.1075 0.1131 0.1089 
           2  1 0.1098 0.1187 0.1087 0.1046 0.1096 0.1177 0.1197 0.1049 0.1063 
           3  1 0.1104 0.1082 0.1145 0.1149 0.1141 0.1078 0.1083 0.1145 0.1073 
           4  1 0.1079 0.1102 0.1113 0.1098 0.1112 0.1127 0.1113 0.1132 0.1124 
           5  1 0.1048 0.1200 0.1121 0.1039 0.1080 0.1209 0.1201 0.1064 0.1038 
           6  1 0.1105 0.1091 0.1142 0.1136 0.1095 0.1092 0.1095 0.1123 0.1122 
           7  1 0.1155 0.1050 0.1116 0.1145 0.1142 0.1054 0.1042 0.1152 0.1144 
           8  1 0.1106 0.1079 0.1120 0.1154 0.1136 0.1083 0.1076 0.1147 0.1099 
           9  1 0.1118 0.1107 0.1109 0.1106 0.1103 0.1106 0.1116 0.1104 0.1131 
          10  1 0.1092 0.1135 0.1115 0.1090 0.1100 0.1130 0.1145 0.1098 0.1095 
          11  1 0.1018 0.1259 0.1104 0.1000 0.1075 0.1235 0.1268 0.1034 0.1006 
          12  1 0.1072 0.1125 0.1133 0.1089 0.1124 0.1130 0.1125 0.1119 0.1083 
          13  1 0.1042 0.1187 0.1110 0.1070 0.1085 0.1186 0.1189 0.1067 0.1063 
          14  1 0.1110 0.1094 0.1105 0.1130 0.1131 0.1103 0.1100 0.1142 0.1085 
          15  1 0.1113 0.1082 0.1138 0.1148 0.1153 0.1080 0.1072 0.1103 0.1111 
          16  1 0.1086 0.1154 0.1115 0.1121 0.1078 0.1139 0.1164 0.1074 0.1068 
          17  1 0.1108 0.1061 0.1135 0.1168 0.1125 0.1073 0.1068 0.1103 0.1159 
          18  1 0.1094 0.1108 0.1091 0.1134 0.1100 0.1097 0.1096 0.1126 0.1155 
          19  1 0.1019 0.1241 0.1113 0.1021 0.1068 0.1227 0.1229 0.1054 0.1028 
          20  1 0.1240 0.0993 0.1097 0.1187 0.1142 0.1006 0.0996 0.1156 0.1184 
          21  1 0.1154 0.1072 0.1131 0.1112 0.1144 0.1065 0.1063 0.1150 0.1109 
          22  1 0.1070 0.1120 0.1118 0.1104 0.1117 0.1137 0.1126 0.1112 0.1096 
          23  1 0.1069 0.1173 0.1129 0.1069 0.1091 0.1168 0.1174 0.1068 0.1058 
          24  1 0.1185 0.1094 0.1093 0.1127 0.1116 0.1102 0.1097 0.1105 0.1082 
          25  1 0.1112 0.1057 0.1119 0.1169 0.1099 0.1054 0.1052 0.1116 0.1222 
          26  1 0.1077 0.1138 0.1145 0.1082 0.1106 0.1137 0.1145 0.1093 0.1076 
          27  1 0.1058 0.1144 0.1093 0.1077 0.1136 0.1130 0.1135 0.1135 0.1093 
          28  1 0.1007 0.1213 0.1101 0.1047 0.1108 0.1211 0.1210 0.1076 0.1029 
          29  1 0.1030 0.1200 0.1116 0.1082 0.1098 0.1191 0.1193 0.1049 0.1041 
          30  1 0.1088 0.1073 0.1114 0.1161 0.1105 0.1083 0.1073 0.1138 0.1163 
          31  1 0.1137 0.1079 0.1124 0.1134 0.1105 0.1070 0.1089 0.1152 0.1110 
          32  1 0.0994 0.1250 0.1098 0.1028 0.1039 0.1233 0.1248 0.1023 0.1088 
          33  1 0.1087 0.1106 0.1131 0.1154 0.1095 0.1109 0.1097 0.1105 0.1116 
          34  1 0.1127 0.1142 0.1106 0.1076 0.1094 0.1142 0.1143 0.1102 0.1068 
          35  1 0.1182 0.1041 0.1109 0.1158 0.1111 0.1049 0.1037 0.1142 0.1173 
          36  1 0.1166 0.1097 0.1083 0.1128 0.1109 0.1096 0.1094 0.1133 0.1095 
          37  1 0.1072 0.1137 0.1101 0.1099 0.1130 0.1141 0.1132 0.1104 0.1083 
          38  1 0.1007 0.1215 0.1106 0.1041 0.1081 0.1206 0.1214 0.1088 0.1043 
          39  1 0.1227 0.1040 0.1130 0.1170 0.1103 0.1036 0.1039 0.1122 0.1133 
          40  1 0.1122 0.1069 0.1117 0.1211 0.1100 0.1073 0.1065 0.1137 0.1106 
          41  1 0.1150 0.1100 0.1101 0.1100 0.1130 0.1109 0.1102 0.1115 0.1093 
          42  1 0.1222 0.1029 0.1158 0.1161 0.1119 0.1039 0.1028 0.1116 0.1129 
          43  1 0.1051 0.1152 0.1091 0.1077 0.1109 0.1141 0.1159 0.1105 0.1115 
          44  1 0.1108 0.1090 0.1092 0.1107 0.1127 0.1089 0.1093 0.1137 0.1157 
          45  1 0.1146 0.1065 0.1114 0.1181 0.1134 0.1063 0.1066 0.1112 0.1118 
          46  1 0.1202 0.1081 0.1089 0.1120 0.1121 0.1077 0.1085 0.1129 0.1096 
          47  1 0.1177 0.1113 0.1096 0.1094 0.1104 0.1112 0.1117 0.1108 0.1079 
          48  1 0.1053 0.1121 0.1091 0.1133 0.1117 0.1122 0.1121 0.1128 0.1112 
          49  1 0.1034 0.1149 0.1122 0.1102 0.1089 0.1129 0.1148 0.1106 0.1121 
          50  1 0.1054 0.1170 0.1133 0.1060 0.1090 0.1165 0.1166 0.1099 0.1063 
          51  1 0.1095 0.1098 0.1070 0.1126 0.1105 0.1088 0.1091 0.1144 0.1182 
          52  1 0.1077 0.1096 0.1073 0.1127 0.1116 0.1092 0.1081 0.1135 0.1204 
          53  1 0.1018 0.1180 0.1106 0.1089 0.1114 0.1180 0.1170 0.1081 0.1060 
          54  1 0.1252 0.1088 0.1115 0.1102 0.1104 0.1081 0.1083 0.1090 0.1084 
          55  1 0.1297 0.1069 0.1104 0.1119 0.1091 0.1073 0.1069 0.1116 0.1063 
          56  1 0.1030 0.1191 0.1139 0.1055 0.1098 0.1191 0.1195 0.1062 0.1040 
          57  1 0.1162 0.1114 0.1107 0.1069 0.1093 0.1113 0.1121 0.1079 0.1141 
          58  1 0.1115 0.1127 0.1126 0.1087 0.1093 0.1124 0.1119 0.1117 0.1092 
          59  1 0.1113 0.1058 0.1095 0.1153 0.1110 0.1057 0.1065 0.1120 0.1230 
          60  1 0.1163 0.1097 0.1119 0.1117 0.1110 0.1100 0.1097 0.1100 0.1098 
          61  1 0.1175 0.1068 0.1109 0.1129 0.1092 0.1070 0.1073 0.1123 0.1161 
          62  1 0.1060 0.1137 0.1124 0.1103 0.1108 0.1139 0.1138 0.1107 0.1084 
          63  1 0.1105 0.1096 0.1125 0.1119 0.1109 0.1099 0.1092 0.1121 0.1135 
          64  1 0.1089 0.1069 0.1128 0.1163 0.1132 0.1074 0.1064 0.1165 0.1115 
          65  1 0.1059 0.1159 0.1120 0.1091 0.1092 0.1154 0.1156 0.1096 0.1074 
          66  1 0.1055 0.1145 0.1099 0.1113 0.1117 0.1148 0.1142 0.1094 0.1087 
          67  1 0.1178 0.1088 0.1116 0.1140 0.1110 0.1094 0.1090 0.1091 0.1092 
          68  1 0.1244 0.1018 0.1166 0.1133 0.1102 0.1017 0.1019 0.1107 0.1193 
          69  1 0.1070 0.1100 0.1113 0.1138 0.1133 0.1102 0.1099 0.1135 0.1110 
          70  1 0.1131 0.1070 0.1116 0.1131 0.1159 0.1080 0.1067 0.1151 0.1096 
          71  1 0.1088 0.1091 0.1099 0.1156 0.1124 0.1097 0.1097 0.1116 0.1132 
          72  1 0.1190 0.1055 0.1094 0.1135 0.1156 0.1053 0.1050 0.1151 0.1117 
          73  1 0.1068 0.1126 0.1136 0.1114 0.1109 0.1126 0.1126 0.1099 0.1096 
          74  1 0.1098 0.1089 0.1109 0.1110 0.1120 0.1101 0.1089 0.1141 0.1143 
          75  1 0.1232 0.1047 0.1132 0.1115 0.1113 0.1051 0.1046 0.1119 0.1145 
          76  1 0.1114 0.1093 0.1128 0.1158 0.1112 0.1095 0.1087 0.1122 0.1091 
          77  1 0.1117 0.1109 0.1131 0.1111 0.1094 0.1100 0.1105 0.1083 0.1149 
          78  1 0.1078 0.1166 0.1101 0.1086 0.1117 0.1164 0.1169 0.1070 0.1048 
          79  1 0.1192 0.1106 0.1079 0.1120 0.1110 0.1112 0.1111 0.1100 0.1071 
          80  1 0.1210 0.1047 0.1107 0.1116 0.1151 0.1052 0.1053 0.1143 0.1122 
          81  1 0.1078 0.1157 0.1123 0.1071 0.1092 0.1163 0.1150 0.1114 0.1051 
          82  1 0.1098 0.1156 0.1140 0.1067 0.1103 0.1141 0.1160 0.1054 0.1081 
          83  1 0.1274 0.1028 0.1119 0.1111 0.1112 0.1039 0.1033 0.1123 0.1161 
          84  1 0.1084 0.1115 0.1128 0.1139 0.1088 0.1118 0.1109 0.1096 0.1124 
          85  1 0.1250 0.1045 0.1123 0.1119 0.1118 0.1051 0.1048 0.1115 0.1130 
          86  1 0.1137 0.1045 0.1134 0.1181 0.1095 0.1058 0.1049 0.1159 0.1141 
          87  1 0.1111 0.1093 0.1111 0.1116 0.1162 0.1095 0.1086 0.1135 0.1092 
          88  1 0.1135 0.1106 0.1139 0.1101 0.1121 0.1109 0.1110 0.1093 0.1087 
          89  1 0.1112 0.1153 0.1118 0.1110 0.1075 0.1140 0.1156 0.1074 0.1062 
          90  1 0.1066 0.1098 0.1086 0.1145 0.1120 0.1109 0.1092 0.1140 0.1145 
          91  1 0.1036 0.1176 0.1119 0.1082 0.1090 0.1154 0.1171 0.1104 0.1068 
          92  1 0.1075 0.1136 0.1125 0.1124 0.1104 0.1132 0.1124 0.1096 0.1085 
          93  1 0.1033 0.1161 0.1132 0.1099 0.1095 0.1163 0.1160 0.1082 0.1076 
          94  1 0.1194 0.1047 0.1121 0.1135 0.1104 0.1041 0.1039 0.1110 0.1209 
          95  1 0.1115 0.1070 0.1141 0.1160 0.1125 0.1093 0.1080 0.1113 0.1104 
          96  1 0.1197 0.1094 0.1106 0.1097 0.1105 0.1094 0.1092 0.1111 0.1104 
          97  1 0.1133 0.1090 0.1115 0.1165 0.1108 0.1083 0.1088 0.1114 0.1104 
          98  1 0.1083 0.1109 0.1110 0.1118 0.1142 0.1105 0.1100 0.1130 0.1103 
          99  1 0.1066 0.1094 0.1094 0.1120 0.1139 0.1091 0.1088 0.1158 0.1150 
         100  1 0.1045 0.1172 0.1137 0.1072 0.1098 0.1146 0.1156 0.1089 0.1085 
         101  1 0.1213 0.1023 0.1107 0.1162 0.1135 0.1028 0.1022 0.1149 0.1161 
         102  1 0.1157 0.1179 0.1090 0.1042 0.1092 0.1165 0.1182 0.1072 0.1021 
         103  1 0.1180 0.1134 0.1125 0.1086 0.1090 0.1125 0.1141 0.1054 0.1065 
         104  1 0.1102 0.1138 0.1093 0.1086 0.1108 0.1136 0.1146 0.1108 0.1083 
         105  1 0.1104 0.1059 0.1092 0.1169 0.1125 0.1067 0.1058 0.1142 0.1185 
         106  1 0.1077 0.1092 0.1097 0.1148 0.1135 0.1090 0.1091 0.1143 0.1127 
         107  1 0.1133 0.1059 0.1076 0.1158 0.1110 0.1065 0.1054 0.1145 0.1201 
         108  1 0.1018 0.1183 0.1100 0.1071 0.1092 0.1196 0.1192 0.1101 0.1048 
         109  1 0.1035 0.1175 0.1100 0.1073 0.1121 0.1183 0.1176 0.1093 0.1045 
         110  1 0.1030 0.1197 0.1095 0.1067 0.1089 0.1190 0.1186 0.1096 0.1051 
         111  1 0.1125 0.1151 0.1091 0.1089 0.1110 0.1138 0.1153 0.1069 0.1074 
         112  1 0.1111 0.1118 0.1124 0.1106 0.1121 0.1115 0.1128 0.1105 0.1072 
         113  1 0.1279 0.1056 0.1071 0.1089 0.1115 0.1064 0.1053 0.1142 0.1132 
         114  1 0.1101 0.1126 0.1110 0.1097 0.1125 0.1134 0.1130 0.1104 0.1074 
         115  1 0.1105 0.1054 0.1074 0.1143 0.1162 0.1050 0.1054 0.1174 0.1185 
         116  1 0.1086 0.1099 0.1089 0.1114 0.1131 0.1102 0.1102 0.1119 0.1160 
         117  1 0.1098 0.1092 0.1122 0.1132 0.1095 0.1101 0.1094 0.1135 0.1131 
         118  1 0.1049 0.1118 0.1068 0.1107 0.1143 0.1113 0.1109 0.1143 0.1149 
         119  1 0.1200 0.1077 0.1138 0.1123 0.1108 0.1074 0.1090 0.1103 0.1086 
         120  1 0.1070 0.1099 0.1066 0.1128 0.1112 0.1107 0.1095 0.1160 0.1162 
         121  1 0.1157 0.1038 0.1119 0.1162 0.1120 0.1043 0.1039 0.1130 0.1192 
         122  1 0.1143 0.1080 0.1121 0.1105 0.1127 0.1089 0.1077 0.1143 0.1114 
         123  1 0.1073 0.1169 0.1125 0.1067 0.1083 0.1161 0.1157 0.1093 0.1072 
         124  1 0.1087 0.1116 0.1090 0.1084 0.1123 0.1120 0.1132 0.1127 0.1120 
         125  1 0.1092 0.1137 0.1154 0.1104 0.1104 0.1121 0.1130 0.1087 0.1071 
         126  1 0.1135 0.1097 0.1114 0.1118 0.1129 0.1103 0.1097 0.1119 0.1089 
         127  1 0.1108 0.1099 0.1103 0.1116 0.1120 0.1100 0.1103 0.1127 0.1125 
         128  1 0.1136 0.1051 0.1110 0.1148 0.1123 0.1060 0.1057 0.1158 0.1157 
         129  1 0.1143 0.1131 0.1137 0.1123 0.1081 0.1123 0.1142 0.1079 0.1041 
         130  1 0.1070 0.1154 0.1126 0.1082 0.1098 0.1148 0.1157 0.1108 0.1059 
         131  1 0.1193 0.1071 0.1085 0.1117 0.1118 0.1077 0.1074 0.1150 0.1115 
         132  1 0.1192 0.1056 0.1051 0.1134 0.1172 0.1066 0.1049 0.1141 0.1139 
         133  1 0.1092 0.1142 0.1115 0.1101 0.1116 0.1135 0.1158 0.1075 0.1066 
         134  1 0.1108 0.1151 0.1097 0.1060 0.1102 0.1145 0.1152 0.1114 0.1071 
         135  1 0.1165 0.1024 0.1131 0.1174 0.1150 0.1025 0.1019 0.1160 0.1152 
         136  1 0.1063 0.1103 0.1105 0.1125 0.1142 0.1122 0.1105 0.1122 0.1113 
         137  1 0.1097 0.1063 0.1117 0.1131 0.1138 0.1066 0.1064 0.1123 0.1202 
         138  1 0.1083 0.1069 0.1102 0.1131 0.1143 0.1080 0.1071 0.1159 0.1162 
         139  1 0.1080 0.1120 0.1108 0.1096 0.1130 0.1119 0.1140 0.1108 0.1099 
         140  1 0.1091 0.1152 0.1116 0.1086 0.1118 0.1143 0.1163 0.1095 0.1036 
         141  1 0.1129 0.1084 0.1094 0.1126 0.1129 0.1088 0.1077 0.1139 0.1134 
         142  1 0.1108 0.1064 0.1126 0.1158 0.1121 0.1069 0.1072 0.1129 0.1152 
         143  1 0.1068 0.1113 0.1104 0.1128 0.1131 0.1111 0.1111 0.1114 0.1121 
         144  1 0.1157 0.1053 0.1063 0.1130 0.1119 0.1055 0.1049 0.1134 0.1241 
         145  1 0.1085 0.1112 0.1110 0.1122 0.1094 0.1118 0.1108 0.1130 0.1121 
         146  1 0.1146 0.1102 0.1096 0.1117 0.1082 0.1092 0.1100 0.1105 0.1160 
         147  1 0.1053 0.1120 0.1108 0.1097 0.1137 0.1116 0.1123 0.1147 0.1100 
         148  1 0.1053 0.1122 0.1120 0.1108 0.1106 0.1123 0.1115 0.1142 0.1112 
         149  1 0.1121 0.1137 0.1103 0.1118 0.1097 0.1130 0.1132 0.1100 0.1063 
         150  1 0.1073 0.1110 0.1101 0.1100 0.1120 0.1117 0.1113 0.1131 0.1136 
         151  1 0.1044 0.1115 0.1089 0.1163 0.1128 0.1121 0.1122 0.1122 0.1097 
         152  1 0.1045 0.1155 0.1113 0.1090 0.1114 0.1158 0.1147 0.1097 0.1083 
         153  1 0.1093 0.1104 0.1125 0.1079 0.1118 0.1102 0.1101 0.1147 0.1132 
         154  1 0.1087 0.1125 0.1121 0.1131 0.1099 0.1127 0.1118 0.1121 0.1070 
         155  1 0.1147 0.1052 0.1091 0.1128 0.1138 0.1062 0.1054 0.1146 0.1181 
         156  1 0.1070 0.1128 0.1125 0.1101 0.1100 0.1128 0.1132 0.1094 0.1123 
         157  1 0.1111 0.1100 0.1116 0.1139 0.1093 0.1095 0.1107 0.1106 0.1134 
         158  1 0.1137 0.1123 0.1072 0.1093 0.1130 0.1121 0.1119 0.1142 0.1064 
         159  1 0.1099 0.1159 0.1109 0.1072 0.1116 0.1151 0.1160 0.1069 0.1064 
         160  1 0.1079 0.1211 0.1109 0.1056 0.1071 0.1201 0.1216 0.1051 0.1005 
         161  1 0.1208 0.1065 0.1102 0.1156 0.1104 0.1068 0.1062 0.1112 0.1122 
         162  1 0.1154 0.1066 0.1116 0.1139 0.1086 0.1062 0.1061 0.1123 0.1194 
         163  1 0.1171 0.1099 0.1109 0.1090 0.1112 0.1101 0.1097 0.1099 0.1122 
         164  1 0.1270 0.1066 0.1085 0.1134 0.1115 0.1076 0.1061 0.1128 0.1064 
         165  1 0.1040 0.1174 0.1130 0.1098 0.1073 0.1160 0.1164 0.1078 0.1083 
         166  1 0.1129 0.1103 0.1080 0.1100 0.1158 0.1095 0.1102 0.1113 0.1120 
         167  1 0.1232 0.1063 0.1078 0.1113 0.1123 0.1067 0.1064 0.1139 0.1120 
         168  1 0.1090 0.1071 0.1104 0.1148 0.1165 0.1072 0.1073 0.1144 0.1134 
         169  1 0.1136 0.1047 0.1128 0.1134 0.1144 0.1060 0.1058 0.1155 0.1138 
         170  1 0.1053 0.1171 0.1109 0.1100 0.1097 0.1167 0.1161 0.1069 0.1073 
         171  1 0.1076 0.1155 0.1102 0.1109 0.1095 0.1146 0.1161 0.1097 0.1059 
         172  1 0.1053 0.1154 0.1096 0.1061 0.1113 0.1161 0.1153 0.1089 0.1120 
         173  1 0.1150 0.1081 0.1131 0.1127 0.1117 0.1079 0.1086 0.1094 0.1134 
         174  1 0.1091 0.1114 0.1158 0.1144 0.1081 0.1121 0.1115 0.1079 0.1097 
         175  1 0.1157 0.1103 0.1109 0.1116 0.1122 0.1094 0.1095 0.1105 0.1099 
         176  1 0.1066 0.1149 0.1119 0.1073 0.1095 0.1155 0.1161 0.1098 0.1083 
         177  1 0.1172 0.1024 0.1119 0.1160 0.1159 0.1034 0.1030 0.1164 0.1139 
         178  1 0.1090 0.1099 0.1113 0.1138 0.1101 0.1109 0.1098 0.1139 0.1112 
         179  1 0.1089 0.1121 0.1129 0.1115 0.1102 0.1138 0.1128 0.1104 0.1074 
         180  1 0.1122 0.1127 0.1103 0.1118 0.1118 0.1120 0.1121 0.1121 0.1051 
         181  1 0.1134 0.1046 0.1100 0.1150 0.1151 0.1042 0.1039 0.1145 0.1194 
         182  1 0.1159 0.1079 0.1114 0.1129 0.1106 0.1081 0.1075 0.1112 0.1145 
         183  1 0.1053 0.1129 0.1116 0.1080 0.1119 0.1128 0.1139 0.1139 0.1098 
         184  1 0.1135 0.1084 0.1138 0.1142 0.1087 0.1084 0.1086 0.1130 0.1114 
         185  1 0.1028 0.1196 0.1091 0.1051 0.1085 0.1196 0.1202 0.1095 0.1056 
         186  1 0.1147 0.1047 0.1099 0.1126 0.1130 0.1051 0.1056 0.1171 0.1174 
         187  1 0.1075 0.1129 0.1109 0.1090 0.1127 0.1124 0.1129 0.1135 0.1083 
         188  1 0.1081 0.1156 0.1124 0.1084 0.1101 0.1146 0.1148 0.1075 0.1086 
         189  1 0.1048 0.1139 0.1108 0.1081 0.1137 0.1156 0.1150 0.1112 0.1069 
         190  1 0.1058 0.1191 0.1104 0.1079 0.1081 0.1183 0.1192 0.1058 0.1055 
         191  1 0.1041 0.1177 0.1092 0.1110 0.1094 0.1175 0.1174 0.1085 0.1052 
         192  1 0.1176 0.1071 0.1128 0.1123 0.1113 0.1080 0.1072 0.1122 0.1116 
         193  1 0.1113 0.1072 0.1105 0.1128 0.1116 0.1071 0.1067 0.1150 0.1177 
         194  1 0.1107 0.1178 0.1100 0.1053 0.1094 0.1161 0.1189 0.1053 0.1066 
         195  1 0.1167 0.1100 0.1118 0.1096 0.1107 0.1098 0.1096 0.1126 0.1091 
         196  1 0.1048 0.1187 0.1096 0.1066 0.1085 0.1173 0.1192 0.1099 0.1053 
         197  1 0.1137 0.1134 0.1130 0.1091 0.1079 0.1130 0.1124 0.1105 0.1068 
         198  1 0.1081 0.1142 0.1126 0.1144 0.1087 0.1134 0.1135 0.1083 0.1069 
         199  1 0.1091 0.1115 0.1081 0.1118 0.1141 0.1124 0.1121 0.1099 0.1109 
         200  1 0.1064 0.1104 0.1120 0.1117 0.1122 0.1119 0.1112 0.1138 0.1103 
         201  1 0.1170 0.1010 0.1107 0.1180 0.1146 0.1010 0.1013 0.1163 0.1201 
         202  1 0.1148 0.1076 0.1098 0.1124 0.1127 0.1081 0.1079 0.1122 0.1145 
         203  1 0.1049 0.1203 0.1109 0.1041 0.1101 0.1167 0.1222 0.1057 0.1051 
         204  1 0.1064 0.1148 0.1098 0.1094 0.1094 0.1159 0.1147 0.1126 0.1070 
         205  1 0.1059 0.1142 0.1084 0.1090 0.1102 0.1137 0.1136 0.1089 0.1161 
         206  1 0.1091 0.1129 0.1113 0.1082 0.1104 0.1124 0.1128 0.1100 0.1130 
         207  1 0.1098 0.1121 0.1093 0.1100 0.1150 0.1122 0.1134 0.1091 0.1092 
         208  1 0.0882 0.1453 0.1100 0.0912 0.0979 0.1369 0.1464 0.0934 0.0908 
         209  1 0.1122 0.1078 0.1110 0.1125 0.1151 0.1072 0.1080 0.1128 0.1135 
         210  1 0.1321 0.1022 0.1116 0.1118 0.1126 0.1032 0.1027 0.1116 0.1121 
         211  1 0.1128 0.1124 0.1106 0.1106 0.1103 0.1123 0.1132 0.1084 0.1093 
         212  1 0.1229 0.1039 0.1074 0.1150 0.1123 0.1047 0.1042 0.1144 0.1152 
         213  1 0.1049 0.1171 0.1113 0.1072 0.1092 0.1159 0.1180 0.1094 0.1070 
         214  1 0.1074 0.1092 0.1097 0.1102 0.1149 0.1101 0.1098 0.1153 0.1133 
         215  1 0.1061 0.1123 0.1126 0.1107 0.1128 0.1111 0.1117 0.1120 0.1107 
         216  1 0.1166 0.1097 0.1086 0.1132 0.1136 0.1093 0.1094 0.1107 0.1089 
         217  1 0.1109 0.1058 0.1091 0.1173 0.1138 0.1064 0.1066 0.1146 0.1154 
         218  1 0.1147 0.1038 0.1145 0.1203 0.1103 0.1040 0.1030 0.1148 0.1146 
         219  1 0.1172 0.1042 0.1119 0.1144 0.1114 0.1054 0.1041 0.1141 0.1172 
         220  1 0.1085 0.1113 0.1117 0.1121 0.1110 0.1118 0.1115 0.1113 0.1107 
         221  1 0.1132 0.1109 0.1142 0.1081 0.1113 0.1118 0.1114 0.1103 0.1087 
         222  1 0.1104 0.1107 0.1133 0.1116 0.1118 0.1106 0.1102 0.1110 0.1105 
         223  1 0.1021 0.1208 0.1127 0.1061 0.1083 0.1202 0.1205 0.1059 0.1034 
         224  1 0.1064 0.1178 0.1099 0.1080 0.1089 0.1183 0.1185 0.1070 0.1052 
         225  1 0.1200 0.1090 0.1093 0.1104 0.1109 0.1101 0.1091 0.1119 0.1094 
         226  1 0.1078 0.1155 0.1110 0.1085 0.1098 0.1150 0.1149 0.1094 0.1080 
         227  1 0.1099 0.1115 0.1128 0.1115 0.1104 0.1117 0.1117 0.1123 0.1081 
         228  1 0.1118 0.1086 0.1118 0.1118 0.1137 0.1082 0.1081 0.1138 0.1122 
         229  1 0.1118 0.1057 0.1101 0.1151 0.1135 0.1064 0.1055 0.1188 0.1129 
         230  1 0.1266 0.1017 0.1109 0.1135 0.1112 0.1019 0.1017 0.1131 0.1193 
         231  1 0.1118 0.1088 0.1121 0.1120 0.1123 0.1101 0.1098 0.1111 0.1120 
         232  1 0.1143 0.1089 0.1108 0.1127 0.1105 0.1087 0.1085 0.1140 0.1118 
         233  1 0.1151 0.1037 0.1119 0.1158 0.1130 0.1034 0.1030 0.1151 0.1189 
         234  1 0.1053 0.1206 0.1154 0.1043 0.1060 0.1178 0.1208 0.1048 0.1050 
         235  1 0.1144 0.1090 0.1121 0.1119 0.1088 0.1096 0.1098 0.1134 0.1110 
         236  1 0.1129 0.1136 0.1148 0.1073 0.1101 0.1133 0.1139 0.1082 0.1059 
         237  1 0.1108 0.1102 0.1102 0.1133 0.1111 0.1104 0.1103 0.1146 0.1091 
         238  1 0.1246 0.1045 0.1127 0.1153 0.1135 0.1042 0.1048 0.1096 0.1108 
         239  1 0.1079 0.1146 0.1137 0.1067 0.1117 0.1146 0.1151 0.1088 0.1069 
         240  1 0.1073 0.1119 0.1109 0.1134 0.1105 0.1118 0.1128 0.1116 0.1098 
         241  1 0.1075 0.1074 0.1109 0.1148 0.1131 0.1067 0.1056 0.1161 0.1178 
         242  1 0.1101 0.1093 0.1079 0.1157 0.1126 0.1103 0.1089 0.1160 0.1092 
         243  1 0.1203 0.1008 0.1132 0.1200 0.1114 0.1016 0.1003 0.1132 0.1192 
         244  1 0.1101 0.1094 0.1089 0.1134 0.1137 0.1100 0.1095 0.1119 0.1132 
         245  1 0.1186 0.1107 0.1077 0.1104 0.1099 0.1101 0.1113 0.1119 0.1095 
         246  1 0.1096 0.1062 0.1133 0.1162 0.1098 0.1055 0.1056 0.1151 0.1187 
         247  1 0.1099 0.1117 0.1118 0.1109 0.1120 0.1118 0.1114 0.1112 0.1093 
         248  1 0.1049 0.1199 0.1107 0.1052 0.1074 0.1201 0.1209 0.1065 0.1043 
         249  1 0.1088 0.1134 0.1120 0.1100 0.1114 0.1113 0.1141 0.1077 0.1113 
         250  1 0.1149 0.1007 0.1106 0.1184 0.1103 0.1018 0.1011 0.1159 0.1262 
         251  1 0.1076 0.1107 0.1110 0.1135 0.1118 0.1113 0.1104 0.1119 0.1119 
         252  1 0.1140 0.1079 0.1088 0.1129 0.1152 0.1077 0.1071 0.1128 0.1138 
         253  1 0.1162 0.1042 0.1110 0.1147 0.1120 0.1048 0.1040 0.1123 0.1208 
         254  1 0.1019 0.1205 0.1089 0.1082 0.1074 0.1203 0.1199 0.1073 0.1055 
         255  1 0.1100 0.1099 0.1089 0.1137 0.1130 0.1096 0.1091 0.1130 0.1127 
         256  1 0.1086 0.1177 0.1122 0.1094 0.1071 0.1167 0.1158 0.1073 0.1051 
         257  1 0.1070 0.1138 0.1117 0.1089 0.1119 0.1148 0.1150 0.1104 0.1065 
         258  1 0.1133 0.1093 0.1104 0.1120 0.1105 0.1091 0.1088 0.1108 0.1159 
         259  1 0.1163 0.1095 0.1121 0.1108 0.1109 0.1096 0.1099 0.1105 0.1105 
         260  1 0.1279 0.1061 0.1114 0.1103 0.1098 0.1059 0.1063 0.1117 0.1106 
         261  1 0.1128 0.1079 0.1077 0.1125 0.1117 0.1078 0.1071 0.1146 0.1179 
         262  1 0.0995 0.1232 0.1134 0.1049 0.1087 0.1213 0.1236 0.1040 0.1014 
         263  1 0.1347 0.1007 0.1124 0.1146 0.1087 0.1010 0.1009 0.1141 0.1128 
         264  1 0.1116 0.1095 0.1130 0.1094 0.1122 0.1095 0.1102 0.1111 0.1136 
         265  1 0.1111 0.1111 0.1098 0.1151 0.1119 0.1100 0.1105 0.1124 0.1081 
         266  1 0.1036 0.1189 0.1125 0.1063 0.1079 0.1183 0.1185 0.1083 0.1058 
         267  1 0.1148 0.1047 0.1118 0.1125 0.1168 0.1060 0.1049 0.1135 0.1150 
         268  1 0.1104 0.1091 0.1113 0.1113 0.1114 0.1087 0.1092 0.1114 0.1171 
         269  1 0.1070 0.1163 0.1085 0.1075 0.1091 0.1177 0.1166 0.1088 0.1085 
         270  1 0.1157 0.1031 0.1129 0.1193 0.1069 0.1040 0.1032 0.1116 0.1234 
         271  1 0.1063 0.1109 0.1089 0.1112 0.1114 0.1124 0.1129 0.1127 0.1132 
         272  1 0.1090 0.1139 0.1129 0.1093 0.1109 0.1124 0.1128 0.1103 0.1086 
         273  1 0.1056 0.1117 0.1087 0.1139 0.1099 0.1123 0.1122 0.1097 0.1159 
         274  1 0.1210 0.1076 0.1113 0.1109 0.1099 0.1078 0.1078 0.1133 0.1104 
         275  1 0.1087 0.1111 0.1092 0.1114 0.1113 0.1102 0.1101 0.1139 0.1142 
         276  1 0.1113 0.1082 0.1152 0.1172 0.1088 0.1083 0.1080 0.1100 0.1130 
         277  1 0.1071 0.1092 0.1104 0.1141 0.1148 0.1093 0.1096 0.1137 0.1118 
         278  1 0.1157 0.1091 0.1096 0.1132 0.1107 0.1090 0.1084 0.1127 0.1115 
         279  1 0.1255 0.1025 0.1153 0.1137 0.1116 0.1019 0.1018 0.1101 0.1177 
         280  1 0.1098 0.1080 0.1079 0.1103 0.1138 0.1077 0.1078 0.1140 0.1206 
         281  1 0.1046 0.1160 0.1085 0.1069 0.1106 0.1154 0.1162 0.1122 0.1097 
         282  1 0.1079 0.1165 0.1136 0.1074 0.1114 0.1168 0.1164 0.1065 0.1035 
         283  1 0.1055 0.1167 0.1128 0.1076 0.1076 0.1152 0.1176 0.1085 0.1085 
         284  1 0.1098 0.1109 0.1090 0.1117 0.1127 0.1118 0.1117 0.1104 0.1121 
         285  1 0.1127 0.1058 0.1152 0.1153 0.1101 0.1065 0.1064 0.1135 0.1146 
         286  1 0.1005 0.1291 0.1096 0.0995 0.1055 0.1264 0.1309 0.0998 0.0987 
         287  1 0.1099 0.1153 0.1105 0.1075 0.1095 0.1157 0.1144 0.1104 0.1069 
         288  1 0.1078 0.1103 0.1087 0.1124 0.1115 0.1099 0.1102 0.1123 0.1170 
         289  1 0.1169 0.1105 0.1114 0.1087 0.1117 0.1102 0.1114 0.1086 0.1105 
         290  1 0.1176 0.1099 0.1109 0.1143 0.1100 0.1097 0.1097 0.1106 0.1073 
         291  1 0.1165 0.1040 0.1122 0.1127 0.1128 0.1045 0.1039 0.1156 0.1177 
         292  1 0.1068 0.1154 0.1116 0.1075 0.1116 0.1154 0.1154 0.1091 0.1071 
         293  1 0.1131 0.1089 0.1141 0.1143 0.1106 0.1083 0.1076 0.1092 0.1138 
         294  1 0.1137 0.1043 0.1108 0.1114 0.1102 0.1044 0.1051 0.1115 0.1285 
         295  1 0.1032 0.1185 0.1109 0.1061 0.1071 0.1184 0.1186 0.1078 0.1093 
         296  1 0.1194 0.1004 0.1119 0.1162 0.1126 0.1003 0.1008 0.1116 0.1269 
         297  1 0.1175 0.1009 0.1116 0.1190 0.1086 0.1009 0.1003 0.1088 0.1323 
         298  1 0.1130 0.1149 0.1132 0.1068 0.1078 0.1126 0.1146 0.1064 0.1106 
         299  1 0.1134 0.1105 0.1126 0.1102 0.1081 0.1101 0.1101 0.1078 0.1173 
         300  1 0.1209 0.1052 0.1084 0.1128 0.1103 0.1062 0.1054 0.1089 0.1218 
         301  1 0.1038 0.1149 0.1104 0.1068 0.1087 0.1152 0.1150 0.1097 0.1155 
         302  1 0.1155 0.1055 0.1107 0.1121 0.1154 0.1069 0.1055 0.1117 0.1166 
         303  1 0.1211 0.1027 0.1123 0.1128 0.1090 0.1032 0.1030 0.1113 0.1246 
