           1  1 0.1387 0.1448 0.1523 0.1552 0.1331 0.1355 0.1404 
           2  1 0.1489 0.1374 0.1497 0.1568 0.1232 0.1559 0.1281 
           3  1 0.1379 0.1460 0.1422 0.1513 0.1469 0.1362 0.1395 
           4  1 0.1308 0.1299 0.1316 0.1348 0.2078 0.1325 0.1326 
           5  1 0.1678 0.1269 0.1276 0.1476 0.1363 0.1671 0.1266 
           6  1 0.1432 0.1402 0.1426 0.1381 0.1405 0.1466 0.1488 
           7  1 0.1326 0.1521 0.1677 0.1419 0.1307 0.1313 0.1438 
           8  1 0.1414 0.1431 0.1419 0.1480 0.1330 0.1439 0.1487 
           9  1 0.1444 0.1472 0.1450 0.1456 0.1343 0.1447 0.1387 
          10  1 0.1495 0.1374 0.1374 0.1400 0.1432 0.1516 0.1410 
          11  1 0.1699 0.1282 0.1293 0.1513 0.1162 0.1848 0.1204 
          12  1 0.1520 0.1444 0.1434 0.1411 0.1246 0.1435 0.1511 
          13  1 0.1626 0.1330 0.1282 0.1517 0.1278 0.1628 0.1339 
          14  1 0.1467 0.1466 0.1516 0.1457 0.1282 0.1424 0.1389 
          15  1 0.1422 0.1553 0.1499 0.1376 0.1254 0.1420 0.1476 
          16  1 0.1579 0.1374 0.1361 0.1485 0.1254 0.1567 0.1379 
          17  1 0.1382 0.1557 0.1444 0.1393 0.1389 0.1360 0.1474 
          18  1 0.1360 0.1290 0.1325 0.1314 0.1977 0.1370 0.1365 
          19  1 0.1704 0.1293 0.1199 0.1520 0.1185 0.1735 0.1364 
          20  1 0.1253 0.1511 0.1711 0.1385 0.1455 0.1206 0.1479 
          21  1 0.1309 0.1468 0.1699 0.1507 0.1329 0.1309 0.1379 
          22  1 0.1426 0.1517 0.1437 0.1460 0.1291 0.1442 0.1427 
          23  1 0.1607 0.1282 0.1313 0.1465 0.1405 0.1642 0.1286 
          24  1 0.1403 0.1417 0.1499 0.1400 0.1362 0.1456 0.1463 
          25  1 0.1267 0.1362 0.1359 0.1257 0.2044 0.1274 0.1437 
          26  1 0.1498 0.1481 0.1341 0.1467 0.1300 0.1550 0.1363 
          27  1 0.1429 0.1479 0.1394 0.1400 0.1234 0.1388 0.1677 
          28  1 0.1645 0.1330 0.1282 0.1578 0.1154 0.1662 0.1348 
          29  1 0.1624 0.1225 0.1302 0.1526 0.1290 0.1648 0.1386 
          30  1 0.1382 0.1533 0.1450 0.1361 0.1367 0.1355 0.1551 
          31  1 0.1483 0.1453 0.1402 0.1424 0.1365 0.1472 0.1401 
          32  1 0.1441 0.1139 0.1182 0.1377 0.2198 0.1449 0.1214 
          33  1 0.1431 0.1399 0.1420 0.1435 0.1401 0.1425 0.1489 
          34  1 0.1535 0.1406 0.1391 0.1479 0.1342 0.1493 0.1354 
          35  1 0.1303 0.1596 0.1552 0.1319 0.1433 0.1290 0.1506 
          36  1 0.1430 0.1419 0.1460 0.1516 0.1311 0.1414 0.1451 
          37  1 0.1478 0.1444 0.1358 0.1460 0.1264 0.1489 0.1508 
          38  1 0.1530 0.1337 0.1280 0.1422 0.1158 0.1547 0.1726 
          39  1 0.1369 0.1483 0.1562 0.1375 0.1432 0.1337 0.1441 
          40  1 0.1303 0.1370 0.1457 0.1401 0.1759 0.1284 0.1426 
          41  1 0.1395 0.1448 0.1457 0.1401 0.1369 0.1425 0.1507 
          42  1 0.1291 0.1512 0.1578 0.1560 0.1373 0.1268 0.1418 
          43  1 0.1543 0.1363 0.1436 0.1460 0.1269 0.1557 0.1372 
          44  1 0.1404 0.1499 0.1472 0.1377 0.1416 0.1410 0.1421 
          45  1 0.1327 0.1396 0.1421 0.1358 0.1711 0.1329 0.1458 
          46  1 0.1354 0.1539 0.1644 0.1421 0.1254 0.1339 0.1449 
          47  1 0.1324 0.1495 0.1753 0.1618 0.1274 0.1288 0.1247 
          48  1 0.1445 0.1451 0.1388 0.1371 0.1512 0.1443 0.1390 
          49  1 0.1533 0.1368 0.1324 0.1414 0.1396 0.1585 0.1380 
          50  1 0.1616 0.1430 0.1308 0.1480 0.1263 0.1556 0.1346 
          51  1 0.1373 0.1339 0.1382 0.1331 0.1584 0.1371 0.1620 
          52  1 0.1320 0.1294 0.1302 0.1296 0.2137 0.1313 0.1338 
          53  1 0.1633 0.1331 0.1306 0.1491 0.1265 0.1611 0.1362 
          54  1 0.1299 0.1450 0.1734 0.1594 0.1329 0.1288 0.1307 
          55  1 0.1296 0.1414 0.1700 0.1567 0.1284 0.1324 0.1415 
          56  1 0.1626 0.1409 0.1351 0.1452 0.1224 0.1648 0.1291 
          57  1 0.1480 0.1445 0.1398 0.1380 0.1450 0.1502 0.1345 
          58  1 0.1424 0.1453 0.1491 0.1505 0.1333 0.1376 0.1418 
          59  1 0.1300 0.1436 0.1433 0.1297 0.1781 0.1280 0.1473 
          60  1 0.1298 0.1456 0.1745 0.1577 0.1274 0.1300 0.1350 
          61  1 0.1274 0.1250 0.1343 0.1278 0.2249 0.1286 0.1321 
          62  1 0.1466 0.1410 0.1421 0.1433 0.1286 0.1494 0.1490 
          63  1 0.1427 0.1440 0.1383 0.1430 0.1354 0.1464 0.1503 
          64  1 0.1373 0.1420 0.1444 0.1447 0.1392 0.1380 0.1545 
          65  1 0.1675 0.1337 0.1247 0.1471 0.1300 0.1656 0.1315 
          66  1 0.1508 0.1363 0.1395 0.1409 0.1484 0.1415 0.1426 
          67  1 0.1388 0.1451 0.1617 0.1493 0.1307 0.1410 0.1334 
          68  1 0.1252 0.1493 0.1613 0.1428 0.1536 0.1230 0.1448 
          69  1 0.1482 0.1461 0.1334 0.1391 0.1300 0.1429 0.1603 
          70  1 0.1381 0.1562 0.1395 0.1325 0.1361 0.1356 0.1621 
          71  1 0.1383 0.1435 0.1399 0.1358 0.1382 0.1357 0.1685 
          72  1 0.1336 0.1572 0.1493 0.1452 0.1323 0.1330 0.1494 
          73  1 0.1521 0.1457 0.1361 0.1531 0.1285 0.1501 0.1344 
          74  1 0.1396 0.1418 0.1429 0.1498 0.1542 0.1361 0.1356 
          75  1 0.1317 0.1498 0.1624 0.1402 0.1398 0.1301 0.1459 
          76  1 0.1426 0.1475 0.1420 0.1505 0.1332 0.1426 0.1415 
          77  1 0.1369 0.1282 0.1328 0.1329 0.2001 0.1355 0.1336 
          78  1 0.1552 0.1353 0.1330 0.1473 0.1296 0.1616 0.1380 
          79  1 0.1421 0.1479 0.1706 0.1484 0.1227 0.1399 0.1285 
          80  1 0.1293 0.1492 0.1624 0.1433 0.1370 0.1294 0.1493 
          81  1 0.1559 0.1346 0.1371 0.1463 0.1260 0.1560 0.1440 
          82  1 0.1510 0.1340 0.1297 0.1411 0.1592 0.1537 0.1314 
          83  1 0.1260 0.1509 0.1637 0.1464 0.1512 0.1242 0.1377 
          84  1 0.1485 0.1423 0.1420 0.1405 0.1343 0.1482 0.1440 
          85  1 0.1281 0.1500 0.1726 0.1530 0.1306 0.1269 0.1388 
          86  1 0.1328 0.1495 0.1447 0.1373 0.1479 0.1332 0.1547 
          87  1 0.1410 0.1483 0.1407 0.1304 0.1265 0.1373 0.1758 
          88  1 0.1445 0.1430 0.1448 0.1556 0.1323 0.1412 0.1385 
          89  1 0.1472 0.1363 0.1388 0.1509 0.1374 0.1511 0.1382 
          90  1 0.1369 0.1507 0.1433 0.1341 0.1304 0.1391 0.1655 
          91  1 0.1583 0.1389 0.1277 0.1413 0.1181 0.1680 0.1478 
          92  1 0.1568 0.1403 0.1352 0.1472 0.1281 0.1595 0.1328 
          93  1 0.1549 0.1437 0.1367 0.1584 0.1219 0.1497 0.1348 
          94  1 0.1268 0.1577 0.1549 0.1342 0.1488 0.1288 0.1488 
          95  1 0.1401 0.1488 0.1510 0.1418 0.1299 0.1382 0.1503 
          96  1 0.1372 0.1459 0.1605 0.1457 0.1299 0.1406 0.1402 
          97  1 0.1454 0.1417 0.1451 0.1375 0.1440 0.1388 0.1474 
          98  1 0.1396 0.1403 0.1379 0.1381 0.1524 0.1406 0.1510 
          99  1 0.1381 0.1652 0.1422 0.1391 0.1339 0.1392 0.1422 
         100  1 0.1443 0.1397 0.1249 0.1412 0.1308 0.1537 0.1654 
         101  1 0.1212 0.1554 0.1841 0.1419 0.1361 0.1197 0.1416 
         102  1 0.1529 0.1354 0.1463 0.1577 0.1238 0.1557 0.1282 
         103  1 0.1535 0.1357 0.1466 0.1421 0.1263 0.1572 0.1387 
         104  1 0.1563 0.1431 0.1397 0.1429 0.1219 0.1620 0.1341 
         105  1 0.1366 0.1434 0.1450 0.1332 0.1412 0.1376 0.1629 
         106  1 0.1360 0.1454 0.1394 0.1370 0.1555 0.1366 0.1501 
         107  1 0.1318 0.1515 0.1552 0.1346 0.1390 0.1286 0.1594 
         108  1 0.1518 0.1411 0.1268 0.1443 0.1163 0.1510 0.1687 
         109  1 0.1570 0.1386 0.1274 0.1516 0.1267 0.1565 0.1421 
         110  1 0.1568 0.1382 0.1386 0.1469 0.1198 0.1613 0.1383 
         111  1 0.1534 0.1339 0.1371 0.1390 0.1333 0.1682 0.1352 
         112  1 0.1483 0.1388 0.1352 0.1440 0.1435 0.1475 0.1426 
         113  1 0.1259 0.1472 0.1798 0.1490 0.1376 0.1281 0.1325 
         114  1 0.1463 0.1521 0.1483 0.1510 0.1241 0.1465 0.1316 
         115  1 0.1297 0.1559 0.1409 0.1283 0.1418 0.1319 0.1714 
         116  1 0.1378 0.1370 0.1386 0.1349 0.1720 0.1402 0.1395 
         117  1 0.1397 0.1471 0.1516 0.1472 0.1322 0.1371 0.1451 
         118  1 0.1352 0.1543 0.1367 0.1349 0.1303 0.1363 0.1724 
         119  1 0.1406 0.1406 0.1514 0.1546 0.1345 0.1400 0.1382 
         120  1 0.1340 0.1434 0.1433 0.1378 0.1615 0.1363 0.1438 
         121  1 0.1297 0.1445 0.1547 0.1355 0.1697 0.1283 0.1377 
         122  1 0.1416 0.1521 0.1484 0.1434 0.1315 0.1404 0.1425 
         123  1 0.1601 0.1376 0.1334 0.1502 0.1287 0.1611 0.1290 
         124  1 0.1431 0.1355 0.1342 0.1426 0.1562 0.1434 0.1449 
         125  1 0.1549 0.1405 0.1311 0.1476 0.1342 0.1560 0.1355 
         126  1 0.1428 0.1413 0.1386 0.1368 0.1569 0.1459 0.1377 
         127  1 0.1442 0.1559 0.1419 0.1362 0.1289 0.1364 0.1565 
         128  1 0.1290 0.1617 0.1467 0.1297 0.1412 0.1254 0.1663 
         129  1 0.1543 0.1291 0.1345 0.1442 0.1466 0.1618 0.1294 
         130  1 0.1492 0.1463 0.1447 0.1479 0.1242 0.1463 0.1415 
         131  1 0.1257 0.1581 0.1808 0.1563 0.1274 0.1241 0.1276 
         132  1 0.1333 0.1626 0.1603 0.1386 0.1253 0.1311 0.1489 
         133  1 0.1572 0.1471 0.1324 0.1490 0.1231 0.1539 0.1372 
         134  1 0.1479 0.1367 0.1316 0.1510 0.1492 0.1477 0.1358 
         135  1 0.1282 0.1579 0.1557 0.1413 0.1378 0.1273 0.1518 
         136  1 0.1535 0.1510 0.1368 0.1391 0.1254 0.1433 0.1508 
         137  1 0.1274 0.1406 0.1316 0.1378 0.1996 0.1274 0.1356 
         138  1 0.1371 0.1531 0.1405 0.1402 0.1448 0.1329 0.1516 
         139  1 0.1461 0.1489 0.1407 0.1415 0.1263 0.1496 0.1469 
         140  1 0.1562 0.1399 0.1422 0.1549 0.1219 0.1588 0.1261 
         141  1 0.1468 0.1457 0.1493 0.1424 0.1371 0.1408 0.1378 
         142  1 0.1409 0.1511 0.1467 0.1405 0.1401 0.1350 0.1456 
         143  1 0.1478 0.1419 0.1385 0.1383 0.1445 0.1469 0.1421 
         144  1 0.1267 0.1331 0.1386 0.1275 0.2155 0.1248 0.1339 
         145  1 0.1448 0.1466 0.1387 0.1386 0.1384 0.1475 0.1454 
         146  1 0.1366 0.1333 0.1415 0.1330 0.1779 0.1368 0.1410 
         147  1 0.1436 0.1498 0.1413 0.1450 0.1245 0.1446 0.1512 
         148  1 0.1433 0.1451 0.1480 0.1436 0.1400 0.1390 0.1411 
         149  1 0.1480 0.1445 0.1441 0.1454 0.1261 0.1476 0.1443 
         150  1 0.1403 0.1445 0.1304 0.1374 0.1352 0.1453 0.1669 
         151  1 0.1386 0.1528 0.1582 0.1442 0.1294 0.1417 0.1352 
         152  1 0.1558 0.1419 0.1378 0.1493 0.1231 0.1524 0.1397 
         153  1 0.1455 0.1528 0.1383 0.1400 0.1456 0.1431 0.1347 
         154  1 0.1405 0.1295 0.1397 0.1474 0.1608 0.1409 0.1411 
         155  1 0.1260 0.1420 0.1464 0.1254 0.1897 0.1251 0.1454 
         156  1 0.1459 0.1475 0.1320 0.1460 0.1372 0.1441 0.1473 
         157  1 0.1381 0.1476 0.1556 0.1411 0.1304 0.1391 0.1481 
         158  1 0.1500 0.1412 0.1519 0.1483 0.1199 0.1495 0.1392 
         159  1 0.1519 0.1458 0.1402 0.1454 0.1293 0.1551 0.1323 
         160  1 0.1708 0.1279 0.1365 0.1587 0.1189 0.1628 0.1243 
         161  1 0.1361 0.1464 0.1603 0.1485 0.1360 0.1378 0.1348 
         162  1 0.1303 0.1503 0.1499 0.1371 0.1533 0.1344 0.1447 
         163  1 0.1355 0.1561 0.1668 0.1538 0.1236 0.1305 0.1337 
         164  1 0.1352 0.1429 0.1584 0.1533 0.1366 0.1334 0.1403 
         165  1 0.1462 0.1376 0.1432 0.1493 0.1307 0.1509 0.1421 
         166  1 0.1405 0.1499 0.1460 0.1433 0.1407 0.1398 0.1398 
         167  1 0.1329 0.1532 0.1626 0.1437 0.1308 0.1306 0.1462 
         168  1 0.1377 0.1489 0.1444 0.1440 0.1402 0.1382 0.1464 
         169  1 0.1332 0.1516 0.1581 0.1486 0.1378 0.1303 0.1405 
         170  1 0.1607 0.1498 0.1378 0.1423 0.1175 0.1554 0.1364 
         171  1 0.1578 0.1342 0.1365 0.1457 0.1266 0.1552 0.1440 
         172  1 0.1549 0.1347 0.1301 0.1425 0.1461 0.1616 0.1301 
         173  1 0.1445 0.1446 0.1499 0.1545 0.1327 0.1423 0.1315 
         174  1 0.1551 0.1405 0.1308 0.1393 0.1394 0.1510 0.1439 
         175  1 0.1404 0.1534 0.1550 0.1443 0.1255 0.1426 0.1387 
         176  1 0.1522 0.1423 0.1334 0.1477 0.1320 0.1487 0.1438 
         177  1 0.1302 0.1589 0.1534 0.1313 0.1300 0.1275 0.1687 
         178  1 0.1486 0.1491 0.1443 0.1466 0.1266 0.1465 0.1383 
         179  1 0.1484 0.1389 0.1320 0.1491 0.1407 0.1475 0.1435 
         180  1 0.1450 0.1377 0.1442 0.1476 0.1426 0.1416 0.1414 
         181  1 0.1306 0.1552 0.1513 0.1356 0.1327 0.1301 0.1645 
         182  1 0.1428 0.1557 0.1484 0.1367 0.1347 0.1379 0.1438 
         183  1 0.1481 0.1570 0.1365 0.1363 0.1245 0.1552 0.1424 
         184  1 0.1401 0.1421 0.1438 0.1359 0.1523 0.1400 0.1459 
         185  1 0.1625 0.1272 0.1235 0.1490 0.1316 0.1718 0.1342 
         186  1 0.1271 0.1592 0.1533 0.1313 0.1384 0.1276 0.1630 
         187  1 0.1474 0.1436 0.1348 0.1448 0.1268 0.1496 0.1529 
         188  1 0.1571 0.1334 0.1280 0.1427 0.1356 0.1630 0.1402 
         189  1 0.1530 0.1459 0.1305 0.1404 0.1309 0.1554 0.1439 
         190  1 0.1650 0.1335 0.1292 0.1488 0.1326 0.1593 0.1315 
         191  1 0.1615 0.1407 0.1305 0.1493 0.1255 0.1630 0.1294 
         192  1 0.1384 0.1398 0.1478 0.1403 0.1449 0.1366 0.1521 
         193  1 0.1332 0.1498 0.1456 0.1321 0.1372 0.1319 0.1703 
         194  1 0.1495 0.1474 0.1393 0.1433 0.1189 0.1613 0.1402 
         195  1 0.1346 0.1448 0.1576 0.1491 0.1367 0.1338 0.1433 
         196  1 0.1634 0.1301 0.1296 0.1515 0.1260 0.1649 0.1345 
         197  1 0.1542 0.1330 0.1315 0.1389 0.1513 0.1490 0.1422 
         198  1 0.1551 0.1421 0.1435 0.1471 0.1215 0.1521 0.1386 
         199  1 0.1433 0.1438 0.1376 0.1401 0.1383 0.1480 0.1489 
         200  1 0.1457 0.1441 0.1457 0.1414 0.1238 0.1435 0.1559 
         201  1 0.1202 0.1579 0.1538 0.1238 0.1497 0.1213 0.1734 
         202  1 0.1364 0.1485 0.1490 0.1460 0.1322 0.1348 0.1531 
         203  1 0.1675 0.1343 0.1277 0.1406 0.1176 0.1827 0.1296 
         204  1 0.1483 0.1403 0.1348 0.1416 0.1397 0.1553 0.1400 
         205  1 0.1464 0.1291 0.1413 0.1394 0.1603 0.1435 0.1400 
         206  1 0.1476 0.1445 0.1401 0.1451 0.1318 0.1482 0.1428 
         207  1 0.1519 0.1438 0.1435 0.1358 0.1287 0.1441 0.1523 
         208  1 0.1877 0.1047 0.1028 0.1565 0.1006 0.2443 0.1033 
         209  1 0.1387 0.1524 0.1474 0.1361 0.1353 0.1391 0.1510 
         210  1 0.1199 0.1524 0.1869 0.1545 0.1342 0.1191 0.1330 
         211  1 0.1488 0.1437 0.1379 0.1414 0.1312 0.1575 0.1397 
         212  1 0.1298 0.1524 0.1666 0.1401 0.1325 0.1301 0.1485 
         213  1 0.1595 0.1395 0.1361 0.1445 0.1223 0.1631 0.1351 
         214  1 0.1421 0.1482 0.1384 0.1343 0.1336 0.1381 0.1653 
         215  1 0.1423 0.1492 0.1380 0.1432 0.1329 0.1486 0.1457 
         216  1 0.1379 0.1592 0.1568 0.1512 0.1229 0.1374 0.1346 
         217  1 0.1312 0.1538 0.1507 0.1338 0.1361 0.1322 0.1621 
         218  1 0.1288 0.1438 0.1443 0.1369 0.1606 0.1280 0.1576 
         219  1 0.1372 0.1555 0.1531 0.1376 0.1404 0.1316 0.1446 
         220  1 0.1529 0.1438 0.1377 0.1444 0.1339 0.1431 0.1443 
         221  1 0.1429 0.1470 0.1507 0.1536 0.1312 0.1376 0.1370 
         222  1 0.1445 0.1468 0.1456 0.1445 0.1345 0.1463 0.1379 
         223  1 0.1701 0.1327 0.1334 0.1504 0.1157 0.1678 0.1300 
         224  1 0.1611 0.1301 0.1300 0.1529 0.1282 0.1679 0.1299 
         225  1 0.1365 0.1513 0.1562 0.1389 0.1424 0.1367 0.1381 
         226  1 0.1487 0.1439 0.1354 0.1602 0.1255 0.1546 0.1317 
         227  1 0.1433 0.1481 0.1406 0.1365 0.1447 0.1423 0.1445 
         228  1 0.1427 0.1471 0.1437 0.1405 0.1391 0.1424 0.1446 
         229  1 0.1326 0.1518 0.1437 0.1349 0.1346 0.1322 0.1702 
         230  1 0.1227 0.1524 0.1683 0.1466 0.1447 0.1237 0.1416 
         231  1 0.1464 0.1443 0.1461 0.1459 0.1337 0.1420 0.1416 
         232  1 0.1416 0.1488 0.1550 0.1373 0.1310 0.1441 0.1422 
         233  1 0.1287 0.1541 0.1517 0.1326 0.1513 0.1278 0.1538 
         234  1 0.1673 0.1323 0.1231 0.1523 0.1246 0.1704 0.1299 
         235  1 0.1364 0.1443 0.1449 0.1443 0.1444 0.1368 0.1488 
         236  1 0.1548 0.1366 0.1389 0.1473 0.1476 0.1469 0.1280 
         237  1 0.1422 0.1455 0.1432 0.1429 0.1275 0.1400 0.1587 
         238  1 0.1318 0.1509 0.1613 0.1390 0.1354 0.1372 0.1444 
         239  1 0.1505 0.1465 0.1415 0.1550 0.1254 0.1468 0.1342 
         240  1 0.1494 0.1403 0.1322 0.1434 0.1316 0.1447 0.1584 
         241  1 0.1377 0.1553 0.1442 0.1336 0.1349 0.1349 0.1593 
         242  1 0.1374 0.1405 0.1522 0.1528 0.1319 0.1362 0.1491 
         243  1 0.1256 0.1430 0.1480 0.1279 0.1826 0.1258 0.1470 
         244  1 0.1376 0.1520 0.1306 0.1375 0.1481 0.1388 0.1553 
         245  1 0.1437 0.1390 0.1461 0.1406 0.1439 0.1493 0.1374 
         246  1 0.1326 0.1479 0.1431 0.1307 0.1592 0.1301 0.1564 
         247  1 0.1417 0.1436 0.1540 0.1528 0.1303 0.1404 0.1372 
         248  1 0.1613 0.1347 0.1345 0.1564 0.1206 0.1636 0.1289 
         249  1 0.1550 0.1450 0.1296 0.1432 0.1256 0.1542 0.1474 
         250  1 0.1205 0.1345 0.1502 0.1195 0.2035 0.1197 0.1522 
         251  1 0.1368 0.1481 0.1457 0.1348 0.1388 0.1347 0.1611 
         252  1 0.1345 0.1557 0.1477 0.1358 0.1324 0.1342 0.1596 
         253  1 0.1260 0.1500 0.1513 0.1338 0.1704 0.1251 0.1434 
         254  1 0.1542 0.1448 0.1327 0.1508 0.1198 0.1497 0.1480 
         255  1 0.1348 0.1614 0.1460 0.1400 0.1351 0.1362 0.1465 
         256  1 0.1521 0.1275 0.1354 0.1494 0.1419 0.1580 0.1356 
         257  1 0.1508 0.1462 0.1372 0.1467 0.1281 0.1492 0.1418 
         258  1 0.1413 0.1305 0.1349 0.1315 0.1817 0.1389 0.1412 
         259  1 0.1380 0.1411 0.1516 0.1496 0.1335 0.1404 0.1458 
         260  1 0.1261 0.1583 0.1741 0.1535 0.1271 0.1248 0.1361 
         261  1 0.1344 0.1470 0.1454 0.1332 0.1438 0.1356 0.1605 
         262  1 0.1700 0.1280 0.1208 0.1528 0.1170 0.1835 0.1280 
         263  1 0.1170 0.1505 0.1849 0.1524 0.1377 0.1157 0.1418 
         264  1 0.1400 0.1439 0.1363 0.1343 0.1465 0.1453 0.1537 
         265  1 0.1468 0.1457 0.1439 0.1450 0.1287 0.1455 0.1444 
         266  1 0.1506 0.1399 0.1317 0.1527 0.1220 0.1545 0.1487 
         267  1 0.1304 0.1475 0.1640 0.1452 0.1437 0.1304 0.1389 
         268  1 0.1405 0.1406 0.1466 0.1489 0.1483 0.1378 0.1373 
         269  1 0.1564 0.1375 0.1380 0.1550 0.1283 0.1572 0.1277 
         270  1 0.1258 0.1384 0.1437 0.1278 0.1820 0.1270 0.1552 
         271  1 0.1448 0.1572 0.1417 0.1390 0.1288 0.1404 0.1482 
         272  1 0.1494 0.1446 0.1367 0.1522 0.1347 0.1467 0.1357 
         273  1 0.1383 0.1323 0.1394 0.1456 0.1640 0.1392 0.1411 
         274  1 0.1301 0.1533 0.1707 0.1468 0.1314 0.1299 0.1379 
         275  1 0.1448 0.1426 0.1346 0.1429 0.1322 0.1518 0.1511 
         276  1 0.1376 0.1369 0.1489 0.1367 0.1490 0.1343 0.1566 
         277  1 0.1407 0.1568 0.1424 0.1338 0.1252 0.1377 0.1634 
         278  1 0.1370 0.1390 0.1503 0.1405 0.1505 0.1366 0.1460 
         279  1 0.1289 0.1494 0.1536 0.1312 0.1640 0.1251 0.1479 
         280  1 0.1264 0.1330 0.1389 0.1281 0.2042 0.1280 0.1415 
         281  1 0.1468 0.1331 0.1230 0.1456 0.1541 0.1450 0.1524 
         282  1 0.1395 0.1217 0.1267 0.1400 0.2097 0.1387 0.1236 
         283  1 0.1469 0.1227 0.1265 0.1353 0.1883 0.1485 0.1317 
         284  1 0.1299 0.1244 0.1295 0.1284 0.2270 0.1306 0.1303 
         285  1 0.1407 0.1546 0.1393 0.1339 0.1463 0.1373 0.1478 
         286  1 0.1721 0.1134 0.1148 0.1520 0.1616 0.1738 0.1124 
         287  1 0.1383 0.1237 0.1226 0.1383 0.2214 0.1358 0.1199 
         288  1 0.1292 0.1266 0.1291 0.1291 0.2274 0.1294 0.1292 
         289  1 0.1409 0.1394 0.1511 0.1518 0.1410 0.1455 0.1303 
         290  1 0.1362 0.1315 0.1369 0.1436 0.1793 0.1354 0.1371 
         291  1 0.1326 0.1539 0.1493 0.1342 0.1507 0.1285 0.1508 
         292  1 0.1516 0.1341 0.1261 0.1482 0.1545 0.1492 0.1363 
         293  1 0.1310 0.1360 0.1372 0.1288 0.1951 0.1326 0.1392 
         294  1 0.1196 0.1305 0.1388 0.1185 0.2310 0.1202 0.1414 
         295  1 0.1415 0.1218 0.1270 0.1356 0.2077 0.1424 0.1241 
         296  1 0.1177 0.1346 0.1429 0.1196 0.2249 0.1179 0.1425 
         297  1 0.1137 0.1301 0.1412 0.1145 0.2434 0.1136 0.1434 
         298  1 0.1556 0.1354 0.1405 0.1496 0.1268 0.1550 0.1370 
         299  1 0.1245 0.1245 0.1358 0.1240 0.2367 0.1245 0.1299 
         300  1 0.1222 0.1305 0.1420 0.1274 0.2241 0.1221 0.1318 
         301  1 0.1366 0.1215 0.1207 0.1330 0.2259 0.1362 0.1261 
         302  1 0.1259 0.1492 0.1639 0.1518 0.1464 0.1249 0.1378 
         303  1 0.1222 0.1349 0.1419 0.1248 0.2094 0.1229 0.1439 
