           1  1 0.1605 0.1698 0.1604 0.1721 0.1682 0.1691 
           2  1 0.1790 0.1590 0.1797 0.1535 0.1657 0.1632 
           3  1 0.1629 0.1670 0.1623 0.1742 0.1713 0.1622 
           4  1 0.1706 0.1631 0.1701 0.1685 0.1708 0.1569 
           5  1 0.1841 0.1520 0.1843 0.1566 0.1694 0.1535 
           6  1 0.1679 0.1630 0.1676 0.1721 0.1717 0.1577 
           7  1 0.1547 0.1754 0.1532 0.1767 0.1624 0.1776 
           8  1 0.1634 0.1652 0.1624 0.1743 0.1691 0.1656 
           9  1 0.1657 0.1653 0.1653 0.1664 0.1663 0.1710 
          10  1 0.1711 0.1605 0.1713 0.1634 0.1673 0.1664 
          11  1 0.1914 0.1493 0.1930 0.1480 0.1694 0.1489 
          12  1 0.1698 0.1665 0.1692 0.1666 0.1668 0.1610 
          13  1 0.1781 0.1588 0.1788 0.1555 0.1652 0.1637 
          14  1 0.1666 0.1636 0.1663 0.1666 0.1697 0.1671 
          15  1 0.1603 0.1727 0.1608 0.1765 0.1672 0.1625 
          16  1 0.1700 0.1635 0.1707 0.1660 0.1638 0.1660 
          17  1 0.1600 0.1723 0.1590 0.1771 0.1670 0.1646 
          18  1 0.1690 0.1646 0.1682 0.1691 0.1688 0.1604 
          19  1 0.1875 0.1499 0.1881 0.1526 0.1725 0.1494 
          20  1 0.1421 0.1866 0.1419 0.1751 0.1541 0.2004 
          21  1 0.1600 0.1703 0.1606 0.1731 0.1677 0.1683 
          22  1 0.1706 0.1622 0.1711 0.1656 0.1681 0.1625 
          23  1 0.1760 0.1621 0.1772 0.1599 0.1658 0.1590 
          24  1 0.1609 0.1745 0.1619 0.1638 0.1605 0.1783 
          25  1 0.1627 0.1736 0.1628 0.1705 0.1688 0.1616 
          26  1 0.1695 0.1624 0.1700 0.1654 0.1656 0.1671 
          27  1 0.1694 0.1628 0.1697 0.1621 0.1673 0.1687 
          28  1 0.1862 0.1510 0.1865 0.1539 0.1753 0.1471 
          29  1 0.1829 0.1542 0.1828 0.1554 0.1734 0.1514 
          30  1 0.1602 0.1731 0.1603 0.1745 0.1664 0.1656 
          31  1 0.1595 0.1695 0.1595 0.1744 0.1656 0.1716 
          32  1 0.1921 0.1485 0.1928 0.1497 0.1733 0.1436 
          33  1 0.1666 0.1645 0.1661 0.1709 0.1673 0.1646 
          34  1 0.1699 0.1631 0.1696 0.1633 0.1641 0.1701 
          35  1 0.1555 0.1719 0.1561 0.1793 0.1639 0.1733 
          36  1 0.1655 0.1621 0.1654 0.1649 0.1667 0.1754 
          37  1 0.1681 0.1684 0.1679 0.1613 0.1645 0.1698 
          38  1 0.1848 0.1570 0.1852 0.1521 0.1683 0.1527 
          39  1 0.1524 0.1748 0.1533 0.1783 0.1618 0.1794 
          40  1 0.1630 0.1710 0.1628 0.1701 0.1690 0.1642 
          41  1 0.1677 0.1668 0.1683 0.1628 0.1674 0.1671 
          42  1 0.1491 0.1775 0.1485 0.1820 0.1611 0.1818 
          43  1 0.1741 0.1595 0.1745 0.1609 0.1694 0.1616 
          44  1 0.1602 0.1677 0.1607 0.1701 0.1633 0.1781 
          45  1 0.1589 0.1700 0.1593 0.1696 0.1672 0.1751 
          46  1 0.1601 0.1705 0.1604 0.1670 0.1639 0.1782 
          47  1 0.1654 0.1639 0.1654 0.1663 0.1651 0.1738 
          48  1 0.1692 0.1665 0.1684 0.1658 0.1701 0.1600 
          49  1 0.1729 0.1627 0.1743 0.1642 0.1709 0.1549 
          50  1 0.1748 0.1570 0.1753 0.1638 0.1677 0.1614 
          51  1 0.1697 0.1642 0.1696 0.1610 0.1700 0.1654 
          52  1 0.1683 0.1630 0.1688 0.1647 0.1744 0.1608 
          53  1 0.1807 0.1549 0.1812 0.1579 0.1742 0.1512 
          54  1 0.1624 0.1674 0.1615 0.1700 0.1656 0.1732 
          55  1 0.1561 0.1721 0.1559 0.1698 0.1603 0.1858 
          56  1 0.1803 0.1548 0.1818 0.1601 0.1737 0.1494 
          57  1 0.1666 0.1658 0.1679 0.1618 0.1622 0.1757 
          58  1 0.1672 0.1667 0.1673 0.1679 0.1642 0.1667 
          59  1 0.1546 0.1759 0.1549 0.1763 0.1619 0.1765 
          60  1 0.1619 0.1719 0.1616 0.1666 0.1620 0.1761 
          61  1 0.1662 0.1647 0.1657 0.1694 0.1687 0.1653 
          62  1 0.1724 0.1624 0.1728 0.1653 0.1698 0.1573 
          63  1 0.1642 0.1685 0.1644 0.1727 0.1651 0.1652 
          64  1 0.1590 0.1713 0.1584 0.1754 0.1689 0.1671 
          65  1 0.1747 0.1610 0.1757 0.1655 0.1680 0.1552 
          66  1 0.1708 0.1607 0.1712 0.1674 0.1698 0.1601 
          67  1 0.1611 0.1711 0.1611 0.1689 0.1615 0.1763 
          68  1 0.1496 0.1796 0.1496 0.1810 0.1608 0.1794 
          69  1 0.1636 0.1699 0.1633 0.1715 0.1712 0.1604 
          70  1 0.1581 0.1754 0.1579 0.1689 0.1650 0.1746 
          71  1 0.1652 0.1744 0.1653 0.1642 0.1659 0.1650 
          72  1 0.1538 0.1780 0.1539 0.1715 0.1601 0.1828 
          73  1 0.1706 0.1640 0.1713 0.1695 0.1700 0.1545 
          74  1 0.1649 0.1668 0.1655 0.1747 0.1666 0.1616 
          75  1 0.1536 0.1819 0.1540 0.1689 0.1589 0.1826 
          76  1 0.1651 0.1676 0.1658 0.1717 0.1673 0.1625 
          77  1 0.1647 0.1671 0.1660 0.1675 0.1658 0.1690 
          78  1 0.1755 0.1605 0.1747 0.1572 0.1675 0.1645 
          79  1 0.1649 0.1642 0.1648 0.1639 0.1625 0.1797 
          80  1 0.1563 0.1737 0.1562 0.1713 0.1608 0.1817 
          81  1 0.1768 0.1579 0.1771 0.1599 0.1692 0.1591 
          82  1 0.1712 0.1679 0.1715 0.1594 0.1593 0.1708 
          83  1 0.1499 0.1803 0.1492 0.1760 0.1567 0.1880 
          84  1 0.1646 0.1728 0.1646 0.1703 0.1627 0.1649 
          85  1 0.1538 0.1710 0.1545 0.1782 0.1594 0.1831 
          86  1 0.1545 0.1812 0.1547 0.1771 0.1627 0.1697 
          87  1 0.1638 0.1767 0.1633 0.1614 0.1636 0.1712 
          88  1 0.1636 0.1696 0.1635 0.1725 0.1653 0.1655 
          89  1 0.1723 0.1596 0.1728 0.1650 0.1681 0.1623 
          90  1 0.1657 0.1699 0.1652 0.1699 0.1692 0.1601 
          91  1 0.1781 0.1611 0.1789 0.1574 0.1683 0.1562 
          92  1 0.1738 0.1569 0.1741 0.1646 0.1698 0.1608 
          93  1 0.1783 0.1592 0.1790 0.1609 0.1744 0.1482 
          94  1 0.1528 0.1795 0.1524 0.1718 0.1586 0.1849 
          95  1 0.1615 0.1691 0.1613 0.1714 0.1673 0.1694 
          96  1 0.1598 0.1732 0.1598 0.1650 0.1605 0.1817 
          97  1 0.1651 0.1674 0.1638 0.1683 0.1675 0.1679 
          98  1 0.1645 0.1686 0.1640 0.1672 0.1668 0.1689 
          99  1 0.1629 0.1718 0.1629 0.1736 0.1678 0.1610 
         100  1 0.1729 0.1642 0.1744 0.1646 0.1682 0.1557 
         101  1 0.1499 0.1744 0.1497 0.1786 0.1600 0.1874 
         102  1 0.1782 0.1560 0.1785 0.1551 0.1667 0.1655 
         103  1 0.1677 0.1673 0.1678 0.1617 0.1609 0.1746 
         104  1 0.1680 0.1615 0.1691 0.1597 0.1642 0.1774 
         105  1 0.1621 0.1692 0.1611 0.1672 0.1679 0.1725 
         106  1 0.1626 0.1708 0.1620 0.1713 0.1679 0.1655 
         107  1 0.1575 0.1729 0.1576 0.1729 0.1646 0.1744 
         108  1 0.1835 0.1546 0.1827 0.1553 0.1740 0.1500 
         109  1 0.1807 0.1513 0.1812 0.1603 0.1775 0.1489 
         110  1 0.1838 0.1517 0.1840 0.1580 0.1716 0.1509 
         111  1 0.1691 0.1642 0.1698 0.1567 0.1623 0.1779 
         112  1 0.1676 0.1701 0.1670 0.1607 0.1633 0.1714 
         113  1 0.1582 0.1707 0.1579 0.1685 0.1625 0.1821 
         114  1 0.1729 0.1597 0.1732 0.1651 0.1723 0.1568 
         115  1 0.1618 0.1758 0.1607 0.1721 0.1670 0.1626 
         116  1 0.1673 0.1660 0.1677 0.1651 0.1690 0.1650 
         117  1 0.1616 0.1666 0.1620 0.1773 0.1653 0.1673 
         118  1 0.1686 0.1661 0.1683 0.1681 0.1710 0.1579 
         119  1 0.1586 0.1710 0.1584 0.1709 0.1612 0.1798 
         120  1 0.1701 0.1630 0.1698 0.1657 0.1716 0.1597 
         121  1 0.1555 0.1748 0.1555 0.1706 0.1636 0.1800 
         122  1 0.1641 0.1644 0.1647 0.1708 0.1706 0.1654 
         123  1 0.1765 0.1590 0.1763 0.1628 0.1696 0.1557 
         124  1 0.1677 0.1664 0.1678 0.1652 0.1659 0.1669 
         125  1 0.1730 0.1632 0.1739 0.1665 0.1702 0.1532 
         126  1 0.1646 0.1712 0.1649 0.1629 0.1651 0.1714 
         127  1 0.1602 0.1768 0.1603 0.1660 0.1616 0.1751 
         128  1 0.1553 0.1782 0.1549 0.1781 0.1655 0.1680 
         129  1 0.1685 0.1653 0.1694 0.1644 0.1642 0.1683 
         130  1 0.1705 0.1658 0.1704 0.1622 0.1643 0.1668 
         131  1 0.1595 0.1680 0.1600 0.1725 0.1682 0.1718 
         132  1 0.1568 0.1744 0.1562 0.1719 0.1649 0.1758 
         133  1 0.1706 0.1629 0.1700 0.1642 0.1682 0.1642 
         134  1 0.1729 0.1616 0.1729 0.1587 0.1661 0.1678 
         135  1 0.1516 0.1772 0.1511 0.1805 0.1652 0.1744 
         136  1 0.1697 0.1655 0.1692 0.1666 0.1688 0.1601 
         137  1 0.1616 0.1718 0.1616 0.1772 0.1698 0.1580 
         138  1 0.1584 0.1698 0.1579 0.1792 0.1652 0.1695 
         139  1 0.1649 0.1685 0.1655 0.1675 0.1657 0.1679 
         140  1 0.1750 0.1571 0.1759 0.1622 0.1703 0.1595 
         141  1 0.1610 0.1684 0.1608 0.1705 0.1668 0.1725 
         142  1 0.1623 0.1683 0.1613 0.1714 0.1661 0.1705 
         143  1 0.1647 0.1639 0.1654 0.1723 0.1679 0.1659 
         144  1 0.1609 0.1691 0.1605 0.1687 0.1673 0.1735 
         145  1 0.1687 0.1645 0.1690 0.1678 0.1717 0.1584 
         146  1 0.1654 0.1653 0.1658 0.1626 0.1659 0.1750 
         147  1 0.1707 0.1615 0.1707 0.1679 0.1720 0.1572 
         148  1 0.1672 0.1657 0.1674 0.1710 0.1700 0.1588 
         149  1 0.1691 0.1651 0.1692 0.1581 0.1654 0.1730 
         150  1 0.1654 0.1705 0.1667 0.1681 0.1646 0.1646 
         151  1 0.1723 0.1611 0.1726 0.1671 0.1712 0.1558 
         152  1 0.1771 0.1629 0.1772 0.1580 0.1701 0.1546 
         153  1 0.1635 0.1675 0.1643 0.1747 0.1705 0.1595 
         154  1 0.1724 0.1595 0.1718 0.1664 0.1684 0.1615 
         155  1 0.1563 0.1728 0.1560 0.1743 0.1644 0.1761 
         156  1 0.1672 0.1690 0.1670 0.1683 0.1664 0.1621 
         157  1 0.1596 0.1742 0.1595 0.1765 0.1609 0.1693 
         158  1 0.1723 0.1595 0.1727 0.1607 0.1701 0.1648 
         159  1 0.1712 0.1668 0.1720 0.1566 0.1606 0.1728 
         160  1 0.1861 0.1511 0.1862 0.1501 0.1663 0.1603 
         161  1 0.1588 0.1692 0.1589 0.1716 0.1682 0.1734 
         162  1 0.1605 0.1717 0.1600 0.1726 0.1673 0.1679 
         163  1 0.1629 0.1701 0.1628 0.1665 0.1640 0.1737 
         164  1 0.1588 0.1688 0.1592 0.1699 0.1635 0.1798 
         165  1 0.1749 0.1623 0.1747 0.1669 0.1700 0.1512 
         166  1 0.1637 0.1677 0.1641 0.1659 0.1647 0.1738 
         167  1 0.1580 0.1702 0.1578 0.1713 0.1634 0.1792 
         168  1 0.1598 0.1698 0.1594 0.1768 0.1659 0.1684 
         169  1 0.1553 0.1713 0.1542 0.1778 0.1654 0.1760 
         170  1 0.1747 0.1606 0.1749 0.1617 0.1691 0.1591 
         171  1 0.1708 0.1640 0.1724 0.1640 0.1689 0.1600 
         172  1 0.1791 0.1582 0.1796 0.1563 0.1688 0.1581 
         173  1 0.1615 0.1685 0.1608 0.1738 0.1630 0.1724 
         174  1 0.1694 0.1675 0.1696 0.1698 0.1674 0.1563 
         175  1 0.1626 0.1702 0.1618 0.1686 0.1630 0.1738 
         176  1 0.1772 0.1588 0.1772 0.1607 0.1705 0.1557 
         177  1 0.1495 0.1834 0.1503 0.1751 0.1617 0.1801 
         178  1 0.1660 0.1631 0.1663 0.1712 0.1673 0.1662 
         179  1 0.1711 0.1641 0.1710 0.1661 0.1670 0.1607 
         180  1 0.1676 0.1670 0.1675 0.1642 0.1639 0.1699 
         181  1 0.1508 0.1837 0.1499 0.1791 0.1584 0.1782 
         182  1 0.1608 0.1740 0.1610 0.1698 0.1687 0.1657 
         183  1 0.1687 0.1650 0.1697 0.1663 0.1691 0.1612 
         184  1 0.1618 0.1716 0.1621 0.1721 0.1649 0.1675 
         185  1 0.1846 0.1531 0.1859 0.1526 0.1715 0.1523 
         186  1 0.1534 0.1756 0.1531 0.1787 0.1641 0.1752 
         187  1 0.1677 0.1687 0.1681 0.1679 0.1683 0.1593 
         188  1 0.1702 0.1657 0.1715 0.1606 0.1651 0.1668 
         189  1 0.1727 0.1651 0.1727 0.1610 0.1681 0.1604 
         190  1 0.1783 0.1564 0.1784 0.1603 0.1656 0.1610 
         191  1 0.1810 0.1542 0.1819 0.1588 0.1749 0.1492 
         192  1 0.1597 0.1757 0.1593 0.1689 0.1628 0.1737 
         193  1 0.1572 0.1724 0.1580 0.1779 0.1671 0.1673 
         194  1 0.1722 0.1659 0.1730 0.1588 0.1617 0.1683 
         195  1 0.1625 0.1696 0.1629 0.1654 0.1618 0.1778 
         196  1 0.1797 0.1566 0.1798 0.1573 0.1746 0.1522 
         197  1 0.1677 0.1690 0.1681 0.1605 0.1614 0.1734 
         198  1 0.1684 0.1668 0.1682 0.1681 0.1661 0.1624 
         199  1 0.1683 0.1663 0.1691 0.1645 0.1679 0.1638 
         200  1 0.1691 0.1591 0.1704 0.1701 0.1695 0.1618 
         201  1 0.1445 0.1889 0.1447 0.1793 0.1571 0.1856 
         202  1 0.1572 0.1779 0.1579 0.1665 0.1608 0.1797 
         203  1 0.1757 0.1618 0.1772 0.1579 0.1639 0.1635 
         204  1 0.1747 0.1596 0.1752 0.1605 0.1689 0.1611 
         205  1 0.1729 0.1625 0.1721 0.1598 0.1666 0.1661 
         206  1 0.1681 0.1646 0.1673 0.1668 0.1635 0.1698 
         207  1 0.1663 0.1731 0.1657 0.1593 0.1618 0.1738 
         208  1 0.2178 0.1290 0.2219 0.1295 0.1737 0.1280 
         209  1 0.1598 0.1732 0.1598 0.1739 0.1668 0.1665 
         210  1 0.1490 0.1785 0.1494 0.1752 0.1556 0.1923 
         211  1 0.1687 0.1677 0.1688 0.1616 0.1652 0.1679 
         212  1 0.1529 0.1778 0.1530 0.1716 0.1593 0.1854 
         213  1 0.1727 0.1629 0.1733 0.1626 0.1651 0.1634 
         214  1 0.1681 0.1656 0.1674 0.1637 0.1722 0.1630 
         215  1 0.1665 0.1689 0.1663 0.1694 0.1697 0.1591 
         216  1 0.1642 0.1684 0.1639 0.1693 0.1653 0.1689 
         217  1 0.1631 0.1692 0.1635 0.1703 0.1702 0.1637 
         218  1 0.1518 0.1780 0.1511 0.1851 0.1649 0.1690 
         219  1 0.1536 0.1796 0.1544 0.1728 0.1598 0.1798 
         220  1 0.1677 0.1626 0.1680 0.1698 0.1714 0.1605 
         221  1 0.1682 0.1631 0.1669 0.1706 0.1698 0.1613 
         222  1 0.1662 0.1655 0.1663 0.1696 0.1686 0.1638 
         223  1 0.1848 0.1494 0.1841 0.1562 0.1726 0.1529 
         224  1 0.1790 0.1559 0.1799 0.1595 0.1690 0.1567 
         225  1 0.1605 0.1686 0.1596 0.1668 0.1606 0.1839 
         226  1 0.1738 0.1604 0.1750 0.1631 0.1695 0.1582 
         227  1 0.1644 0.1711 0.1649 0.1715 0.1697 0.1585 
         228  1 0.1620 0.1702 0.1620 0.1696 0.1664 0.1698 
         229  1 0.1604 0.1671 0.1604 0.1745 0.1729 0.1647 
         230  1 0.1494 0.1785 0.1488 0.1752 0.1595 0.1887 
         231  1 0.1640 0.1661 0.1647 0.1705 0.1662 0.1685 
         232  1 0.1602 0.1708 0.1600 0.1721 0.1637 0.1732 
         233  1 0.1484 0.1836 0.1480 0.1794 0.1573 0.1832 
         234  1 0.1805 0.1575 0.1820 0.1575 0.1700 0.1525 
         235  1 0.1611 0.1711 0.1606 0.1718 0.1625 0.1728 
         236  1 0.1707 0.1643 0.1703 0.1622 0.1663 0.1662 
         237  1 0.1675 0.1642 0.1676 0.1642 0.1694 0.1671 
         238  1 0.1567 0.1776 0.1567 0.1693 0.1610 0.1786 
         239  1 0.1713 0.1636 0.1712 0.1649 0.1663 0.1627 
         240  1 0.1705 0.1629 0.1717 0.1629 0.1684 0.1635 
         241  1 0.1587 0.1726 0.1586 0.1728 0.1670 0.1703 
         242  1 0.1628 0.1678 0.1630 0.1688 0.1656 0.1720 
         243  1 0.1477 0.1834 0.1467 0.1839 0.1589 0.1794 
         244  1 0.1654 0.1693 0.1656 0.1698 0.1707 0.1592 
         245  1 0.1668 0.1660 0.1671 0.1613 0.1644 0.1745 
         246  1 0.1588 0.1727 0.1588 0.1791 0.1678 0.1628 
         247  1 0.1699 0.1603 0.1703 0.1685 0.1712 0.1598 
         248  1 0.1797 0.1555 0.1802 0.1579 0.1687 0.1580 
         249  1 0.1658 0.1686 0.1668 0.1652 0.1649 0.1686 
         250  1 0.1512 0.1779 0.1516 0.1810 0.1644 0.1740 
         251  1 0.1680 0.1682 0.1672 0.1629 0.1691 0.1647 
         252  1 0.1594 0.1748 0.1589 0.1743 0.1643 0.1682 
         253  1 0.1515 0.1799 0.1516 0.1801 0.1590 0.1781 
         254  1 0.1834 0.1528 0.1839 0.1531 0.1710 0.1558 
         255  1 0.1651 0.1682 0.1654 0.1655 0.1703 0.1656 
         256  1 0.1781 0.1612 0.1776 0.1568 0.1679 0.1584 
         257  1 0.1704 0.1648 0.1700 0.1642 0.1685 0.1621 
         258  1 0.1631 0.1724 0.1638 0.1627 0.1616 0.1763 
         259  1 0.1655 0.1682 0.1652 0.1662 0.1695 0.1654 
         260  1 0.1555 0.1749 0.1549 0.1670 0.1607 0.1870 
         261  1 0.1639 0.1666 0.1636 0.1689 0.1677 0.1694 
         262  1 0.1862 0.1504 0.1869 0.1558 0.1719 0.1488 
         263  1 0.1473 0.1791 0.1478 0.1799 0.1600 0.1860 
         264  1 0.1626 0.1767 0.1635 0.1669 0.1627 0.1676 
         265  1 0.1644 0.1659 0.1646 0.1673 0.1665 0.1713 
         266  1 0.1800 0.1575 0.1809 0.1601 0.1691 0.1524 
         267  1 0.1544 0.1793 0.1538 0.1763 0.1613 0.1749 
         268  1 0.1643 0.1667 0.1628 0.1707 0.1652 0.1702 
         269  1 0.1810 0.1530 0.1803 0.1577 0.1723 0.1557 
         270  1 0.1550 0.1758 0.1553 0.1787 0.1621 0.1732 
         271  1 0.1685 0.1664 0.1688 0.1664 0.1680 0.1619 
         272  1 0.1678 0.1652 0.1674 0.1712 0.1648 0.1635 
         273  1 0.1714 0.1592 0.1705 0.1662 0.1716 0.1612 
         274  1 0.1599 0.1700 0.1595 0.1703 0.1657 0.1747 
         275  1 0.1649 0.1668 0.1649 0.1682 0.1670 0.1681 
         276  1 0.1627 0.1688 0.1626 0.1729 0.1706 0.1624 
         277  1 0.1658 0.1679 0.1646 0.1671 0.1697 0.1649 
         278  1 0.1639 0.1699 0.1636 0.1635 0.1659 0.1732 
         279  1 0.1448 0.1898 0.1452 0.1767 0.1502 0.1933 
         280  1 0.1620 0.1712 0.1616 0.1662 0.1631 0.1759 
         281  1 0.1808 0.1563 0.1814 0.1576 0.1747 0.1491 
         282  1 0.1781 0.1589 0.1778 0.1548 0.1679 0.1625 
         283  1 0.1754 0.1616 0.1773 0.1633 0.1692 0.1532 
         284  1 0.1681 0.1676 0.1681 0.1633 0.1670 0.1659 
         285  1 0.1562 0.1767 0.1558 0.1805 0.1636 0.1674 
         286  1 0.1972 0.1441 0.1980 0.1422 0.1715 0.1469 
         287  1 0.1774 0.1566 0.1769 0.1603 0.1730 0.1559 
         288  1 0.1693 0.1657 0.1688 0.1633 0.1701 0.1628 
         289  1 0.1636 0.1682 0.1641 0.1626 0.1623 0.1792 
         290  1 0.1658 0.1664 0.1661 0.1660 0.1669 0.1687 
         291  1 0.1551 0.1791 0.1550 0.1771 0.1609 0.1728 
         292  1 0.1773 0.1611 0.1772 0.1559 0.1688 0.1596 
         293  1 0.1608 0.1736 0.1604 0.1691 0.1601 0.1761 
         294  1 0.1585 0.1779 0.1578 0.1716 0.1613 0.1730 
         295  1 0.1827 0.1542 0.1836 0.1550 0.1727 0.1518 
         296  1 0.1492 0.1850 0.1492 0.1737 0.1571 0.1858 
         297  1 0.1503 0.1858 0.1498 0.1739 0.1585 0.1816 
         298  1 0.1677 0.1635 0.1680 0.1652 0.1624 0.1733 
         299  1 0.1658 0.1677 0.1657 0.1606 0.1629 0.1773 
         300  1 0.1589 0.1706 0.1588 0.1642 0.1638 0.1837 
         301  1 0.1763 0.1628 0.1759 0.1602 0.1693 0.1554 
         302  1 0.1567 0.1710 0.1572 0.1775 0.1657 0.1719 
         303  1 0.1523 0.1829 0.1515 0.1736 0.1578 0.1819 
