           1  1 0.1551 0.1750 0.1550 0.1716 0.1722 0.1712 
           2  1 0.1866 0.1501 0.1858 0.1593 0.1519 0.1663 
           3  1 0.1625 0.1677 0.1628 0.1626 0.1729 0.1715 
           4  1 0.1704 0.1648 0.1699 0.1612 0.1716 0.1621 
           5  1 0.1964 0.1433 0.1963 0.1581 0.1515 0.1543 
           6  1 0.1654 0.1723 0.1648 0.1640 0.1744 0.1590 
           7  1 0.1502 0.1743 0.1492 0.1794 0.1781 0.1688 
           8  1 0.1607 0.1680 0.1601 0.1696 0.1705 0.1711 
           9  1 0.1653 0.1683 0.1651 0.1672 0.1659 0.1682 
          10  1 0.1734 0.1630 0.1743 0.1587 0.1633 0.1672 
          11  1 0.2050 0.1446 0.2095 0.1504 0.1451 0.1454 
          12  1 0.1695 0.1726 0.1700 0.1602 0.1665 0.1612 
          13  1 0.1862 0.1528 0.1872 0.1595 0.1564 0.1579 
          14  1 0.1654 0.1727 0.1657 0.1633 0.1711 0.1618 
          15  1 0.1570 0.1807 0.1573 0.1694 0.1727 0.1629 
          16  1 0.1745 0.1573 0.1769 0.1659 0.1632 0.1622 
          17  1 0.1541 0.1706 0.1539 0.1772 0.1717 0.1725 
          18  1 0.1679 0.1711 0.1696 0.1607 0.1669 0.1637 
          19  1 0.1995 0.1568 0.2008 0.1459 0.1506 0.1463 
          20  1 0.1326 0.1805 0.1323 0.1922 0.1783 0.1840 
          21  1 0.1562 0.1756 0.1559 0.1736 0.1686 0.1701 
          22  1 0.1714 0.1675 0.1713 0.1621 0.1637 0.1641 
          23  1 0.1830 0.1533 0.1844 0.1658 0.1561 0.1574 
          24  1 0.1635 0.1696 0.1631 0.1634 0.1678 0.1726 
          25  1 0.1564 0.1662 0.1563 0.1751 0.1746 0.1714 
          26  1 0.1719 0.1661 0.1719 0.1634 0.1627 0.1640 
          27  1 0.1697 0.1754 0.1700 0.1594 0.1643 0.1611 
          28  1 0.1948 0.1591 0.1966 0.1456 0.1539 0.1500 
          29  1 0.1915 0.1497 0.1913 0.1539 0.1526 0.1611 
          30  1 0.1530 0.1775 0.1527 0.1735 0.1725 0.1707 
          31  1 0.1575 0.1692 0.1587 0.1720 0.1706 0.1719 
          32  1 0.2063 0.1427 0.2081 0.1467 0.1491 0.1472 
          33  1 0.1657 0.1637 0.1649 0.1694 0.1699 0.1665 
          34  1 0.1722 0.1604 0.1721 0.1661 0.1647 0.1645 
          35  1 0.1513 0.1786 0.1502 0.1722 0.1780 0.1697 
          36  1 0.1640 0.1695 0.1635 0.1675 0.1664 0.1692 
          37  1 0.1696 0.1700 0.1677 0.1606 0.1669 0.1652 
          38  1 0.1923 0.1596 0.1921 0.1466 0.1550 0.1544 
          39  1 0.1477 0.1771 0.1476 0.1800 0.1758 0.1717 
          40  1 0.1587 0.1670 0.1577 0.1703 0.1736 0.1728 
          41  1 0.1671 0.1670 0.1675 0.1663 0.1638 0.1684 
          42  1 0.1426 0.1776 0.1418 0.1855 0.1808 0.1717 
          43  1 0.1790 0.1641 0.1824 0.1549 0.1586 0.1610 
          44  1 0.1588 0.1721 0.1597 0.1700 0.1649 0.1744 
          45  1 0.1542 0.1731 0.1538 0.1735 0.1739 0.1715 
          46  1 0.1581 0.1749 0.1572 0.1634 0.1708 0.1756 
          47  1 0.1660 0.1660 0.1655 0.1660 0.1691 0.1674 
          48  1 0.1682 0.1732 0.1677 0.1589 0.1705 0.1616 
          49  1 0.1751 0.1645 0.1780 0.1569 0.1644 0.1610 
          50  1 0.1796 0.1619 0.1815 0.1587 0.1618 0.1567 
          51  1 0.1689 0.1720 0.1676 0.1601 0.1691 0.1623 
          52  1 0.1654 0.1699 0.1659 0.1610 0.1691 0.1686 
          53  1 0.1861 0.1623 0.1863 0.1489 0.1588 0.1576 
          54  1 0.1594 0.1641 0.1597 0.1737 0.1665 0.1767 
          55  1 0.1535 0.1732 0.1536 0.1737 0.1707 0.1753 
          56  1 0.1914 0.1522 0.1911 0.1527 0.1563 0.1562 
          57  1 0.1707 0.1557 0.1722 0.1709 0.1612 0.1692 
          58  1 0.1685 0.1586 0.1682 0.1707 0.1673 0.1667 
          59  1 0.1489 0.1760 0.1494 0.1784 0.1737 0.1736 
          60  1 0.1618 0.1598 0.1612 0.1767 0.1621 0.1784 
          61  1 0.1632 0.1638 0.1624 0.1726 0.1698 0.1682 
          62  1 0.1728 0.1666 0.1727 0.1610 0.1651 0.1618 
          63  1 0.1622 0.1714 0.1624 0.1699 0.1662 0.1679 
          64  1 0.1510 0.1797 0.1509 0.1702 0.1787 0.1695 
          65  1 0.1769 0.1578 0.1786 0.1626 0.1625 0.1617 
          66  1 0.1738 0.1626 0.1729 0.1623 0.1665 0.1619 
          67  1 0.1641 0.1623 0.1644 0.1720 0.1687 0.1685 
          68  1 0.1428 0.1680 0.1422 0.1923 0.1745 0.1802 
          69  1 0.1612 0.1772 0.1611 0.1581 0.1723 0.1702 
          70  1 0.1535 0.1770 0.1539 0.1673 0.1740 0.1742 
          71  1 0.1635 0.1666 0.1639 0.1650 0.1695 0.1714 
          72  1 0.1496 0.1765 0.1493 0.1707 0.1757 0.1782 
          73  1 0.1713 0.1679 0.1725 0.1662 0.1667 0.1553 
          74  1 0.1635 0.1660 0.1623 0.1702 0.1694 0.1686 
          75  1 0.1503 0.1654 0.1509 0.1820 0.1679 0.1835 
          76  1 0.1647 0.1678 0.1629 0.1716 0.1670 0.1659 
          77  1 0.1628 0.1610 0.1632 0.1715 0.1680 0.1736 
          78  1 0.1789 0.1613 0.1805 0.1572 0.1576 0.1645 
          79  1 0.1653 0.1655 0.1649 0.1689 0.1681 0.1673 
          80  1 0.1508 0.1685 0.1509 0.1828 0.1733 0.1737 
          81  1 0.1810 0.1613 0.1801 0.1613 0.1611 0.1553 
          82  1 0.1756 0.1499 0.1778 0.1715 0.1565 0.1687 
          83  1 0.1442 0.1669 0.1440 0.1925 0.1716 0.1808 
          84  1 0.1648 0.1663 0.1654 0.1726 0.1667 0.1642 
          85  1 0.1496 0.1686 0.1496 0.1861 0.1701 0.1759 
          86  1 0.1505 0.1737 0.1500 0.1777 0.1761 0.1720 
          87  1 0.1624 0.1723 0.1629 0.1621 0.1686 0.1716 
          88  1 0.1650 0.1626 0.1649 0.1769 0.1665 0.1641 
          89  1 0.1773 0.1647 0.1777 0.1605 0.1606 0.1592 
          90  1 0.1637 0.1740 0.1634 0.1616 0.1723 0.1649 
          91  1 0.1816 0.1626 0.1843 0.1537 0.1589 0.1589 
          92  1 0.1754 0.1621 0.1756 0.1654 0.1635 0.1580 
          93  1 0.1833 0.1655 0.1823 0.1535 0.1586 0.1568 
          94  1 0.1492 0.1654 0.1488 0.1855 0.1701 0.1810 
          95  1 0.1600 0.1714 0.1589 0.1687 0.1712 0.1697 
          96  1 0.1611 0.1670 0.1603 0.1726 0.1643 0.1747 
          97  1 0.1640 0.1697 0.1625 0.1658 0.1687 0.1692 
          98  1 0.1653 0.1708 0.1646 0.1651 0.1671 0.1671 
          99  1 0.1624 0.1738 0.1618 0.1661 0.1678 0.1682 
         100  1 0.1764 0.1620 0.1795 0.1604 0.1619 0.1599 
         101  1 0.1432 0.1757 0.1425 0.1825 0.1742 0.1820 
         102  1 0.1850 0.1583 0.1853 0.1538 0.1571 0.1606 
         103  1 0.1762 0.1560 0.1779 0.1619 0.1606 0.1673 
         104  1 0.1714 0.1689 0.1732 0.1592 0.1622 0.1651 
         105  1 0.1564 0.1776 0.1561 0.1658 0.1749 0.1691 
         106  1 0.1585 0.1776 0.1591 0.1623 0.1745 0.1681 
         107  1 0.1509 0.1779 0.1507 0.1712 0.1741 0.1752 
         108  1 0.1919 0.1605 0.1905 0.1486 0.1571 0.1513 
         109  1 0.1832 0.1639 0.1823 0.1501 0.1625 0.1580 
         110  1 0.1896 0.1592 0.1889 0.1499 0.1547 0.1576 
         111  1 0.1756 0.1604 0.1783 0.1648 0.1610 0.1600 
         112  1 0.1730 0.1585 0.1726 0.1650 0.1625 0.1684 
         113  1 0.1546 0.1652 0.1543 0.1827 0.1697 0.1734 
         114  1 0.1759 0.1641 0.1767 0.1631 0.1637 0.1564 
         115  1 0.1545 0.1784 0.1548 0.1688 0.1716 0.1720 
         116  1 0.1677 0.1647 0.1672 0.1668 0.1653 0.1682 
         117  1 0.1575 0.1731 0.1576 0.1677 0.1773 0.1668 
         118  1 0.1671 0.1763 0.1671 0.1562 0.1673 0.1660 
         119  1 0.1575 0.1669 0.1603 0.1719 0.1660 0.1775 
         120  1 0.1637 0.1753 0.1634 0.1627 0.1675 0.1674 
         121  1 0.1510 0.1713 0.1505 0.1783 0.1728 0.1762 
         122  1 0.1588 0.1735 0.1575 0.1710 0.1719 0.1672 
         123  1 0.1830 0.1561 0.1833 0.1617 0.1585 0.1574 
         124  1 0.1687 0.1649 0.1697 0.1590 0.1653 0.1723 
         125  1 0.1749 0.1592 0.1748 0.1663 0.1668 0.1579 
         126  1 0.1669 0.1626 0.1659 0.1702 0.1635 0.1708 
         127  1 0.1596 0.1753 0.1594 0.1691 0.1664 0.1702 
         128  1 0.1500 0.1824 0.1504 0.1711 0.1746 0.1714 
         129  1 0.1728 0.1558 0.1755 0.1710 0.1652 0.1597 
         130  1 0.1747 0.1651 0.1743 0.1599 0.1652 0.1607 
         131  1 0.1576 0.1793 0.1572 0.1654 0.1726 0.1678 
         132  1 0.1533 0.1868 0.1523 0.1633 0.1748 0.1695 
         133  1 0.1749 0.1670 0.1759 0.1566 0.1660 0.1596 
         134  1 0.1791 0.1549 0.1785 0.1620 0.1600 0.1656 
         135  1 0.1448 0.1823 0.1447 0.1768 0.1788 0.1726 
         136  1 0.1674 0.1754 0.1672 0.1565 0.1690 0.1646 
         137  1 0.1548 0.1691 0.1554 0.1734 0.1754 0.1719 
         138  1 0.1532 0.1791 0.1532 0.1660 0.1775 0.1711 
         139  1 0.1646 0.1745 0.1670 0.1635 0.1706 0.1599 
         140  1 0.1777 0.1642 0.1796 0.1598 0.1605 0.1582 
         141  1 0.1577 0.1678 0.1576 0.1760 0.1723 0.1686 
         142  1 0.1548 0.1703 0.1537 0.1751 0.1697 0.1765 
         143  1 0.1641 0.1678 0.1645 0.1663 0.1685 0.1688 
         144  1 0.1573 0.1688 0.1576 0.1684 0.1731 0.1749 
         145  1 0.1696 0.1697 0.1682 0.1653 0.1640 0.1632 
         146  1 0.1658 0.1655 0.1664 0.1689 0.1637 0.1696 
         147  1 0.1702 0.1779 0.1690 0.1565 0.1676 0.1588 
         148  1 0.1642 0.1703 0.1632 0.1642 0.1719 0.1663 
         149  1 0.1718 0.1666 0.1717 0.1604 0.1656 0.1639 
         150  1 0.1645 0.1701 0.1657 0.1624 0.1655 0.1719 
         151  1 0.1703 0.1667 0.1691 0.1636 0.1646 0.1657 
         152  1 0.1801 0.1610 0.1809 0.1598 0.1526 0.1656 
         153  1 0.1665 0.1666 0.1662 0.1689 0.1674 0.1645 
         154  1 0.1744 0.1590 0.1746 0.1606 0.1656 0.1658 
         155  1 0.1504 0.1776 0.1496 0.1733 0.1783 0.1709 
         156  1 0.1679 0.1640 0.1677 0.1697 0.1644 0.1663 
         157  1 0.1587 0.1692 0.1586 0.1748 0.1696 0.1690 
         158  1 0.1748 0.1653 0.1733 0.1635 0.1626 0.1605 
         159  1 0.1754 0.1573 0.1788 0.1651 0.1587 0.1647 
         160  1 0.1983 0.1418 0.1989 0.1593 0.1481 0.1537 
         161  1 0.1567 0.1693 0.1569 0.1748 0.1707 0.1716 
         162  1 0.1556 0.1685 0.1565 0.1751 0.1683 0.1761 
         163  1 0.1633 0.1655 0.1629 0.1694 0.1648 0.1741 
         164  1 0.1554 0.1733 0.1552 0.1709 0.1683 0.1768 
         165  1 0.1783 0.1639 0.1781 0.1574 0.1664 0.1558 
         166  1 0.1598 0.1731 0.1607 0.1627 0.1701 0.1736 
         167  1 0.1536 0.1760 0.1539 0.1686 0.1746 0.1732 
         168  1 0.1572 0.1761 0.1566 0.1642 0.1734 0.1724 
         169  1 0.1492 0.1752 0.1487 0.1778 0.1759 0.1733 
         170  1 0.1800 0.1681 0.1803 0.1521 0.1648 0.1547 
         171  1 0.1730 0.1652 0.1767 0.1600 0.1666 0.1586 
         172  1 0.1856 0.1576 0.1846 0.1562 0.1564 0.1596 
         173  1 0.1606 0.1638 0.1615 0.1752 0.1723 0.1667 
         174  1 0.1706 0.1640 0.1710 0.1681 0.1690 0.1573 
         175  1 0.1620 0.1697 0.1625 0.1713 0.1655 0.1691 
         176  1 0.1833 0.1530 0.1829 0.1617 0.1603 0.1588 
         177  1 0.1426 0.1857 0.1418 0.1778 0.1776 0.1745 
         178  1 0.1634 0.1744 0.1626 0.1682 0.1668 0.1647 
         179  1 0.1696 0.1614 0.1695 0.1675 0.1633 0.1688 
         180  1 0.1702 0.1654 0.1702 0.1626 0.1652 0.1664 
         181  1 0.1433 0.1820 0.1428 0.1799 0.1746 0.1775 
         182  1 0.1625 0.1687 0.1620 0.1686 0.1667 0.1714 
         183  1 0.1669 0.1768 0.1691 0.1557 0.1689 0.1626 
         184  1 0.1603 0.1692 0.1617 0.1724 0.1735 0.1629 
         185  1 0.1916 0.1575 0.1939 0.1517 0.1534 0.1518 
         186  1 0.1472 0.1814 0.1470 0.1708 0.1767 0.1769 
         187  1 0.1678 0.1785 0.1686 0.1551 0.1655 0.1645 
         188  1 0.1739 0.1576 0.1759 0.1619 0.1631 0.1676 
         189  1 0.1773 0.1678 0.1767 0.1564 0.1620 0.1598 
         190  1 0.1866 0.1519 0.1863 0.1589 0.1579 0.1584 
         191  1 0.1838 0.1592 0.1845 0.1560 0.1632 0.1533 
         192  1 0.1597 0.1668 0.1588 0.1754 0.1674 0.1718 
         193  1 0.1558 0.1744 0.1556 0.1724 0.1724 0.1695 
         194  1 0.1802 0.1553 0.1827 0.1621 0.1571 0.1626 
         195  1 0.1619 0.1615 0.1615 0.1742 0.1674 0.1736 
         196  1 0.1845 0.1613 0.1856 0.1502 0.1587 0.1597 
         197  1 0.1742 0.1541 0.1727 0.1721 0.1595 0.1674 
         198  1 0.1718 0.1707 0.1725 0.1618 0.1666 0.1565 
         199  1 0.1680 0.1687 0.1681 0.1580 0.1709 0.1664 
         200  1 0.1658 0.1720 0.1656 0.1642 0.1673 0.1652 
         201  1 0.1354 0.1840 0.1348 0.1800 0.1835 0.1823 
         202  1 0.1534 0.1689 0.1533 0.1743 0.1663 0.1838 
         203  1 0.1848 0.1518 0.1900 0.1604 0.1540 0.1590 
         204  1 0.1751 0.1654 0.1745 0.1612 0.1631 0.1607 
         205  1 0.1741 0.1583 0.1731 0.1661 0.1606 0.1678 
         206  1 0.1691 0.1639 0.1687 0.1649 0.1642 0.1692 
         207  1 0.1694 0.1675 0.1697 0.1632 0.1623 0.1680 
         208  1 0.2470 0.1268 0.2564 0.1197 0.1241 0.1260 
         209  1 0.1594 0.1755 0.1599 0.1627 0.1732 0.1693 
         210  1 0.1420 0.1691 0.1423 0.1886 0.1693 0.1888 
         211  1 0.1709 0.1580 0.1717 0.1684 0.1630 0.1680 
         212  1 0.1482 0.1735 0.1482 0.1802 0.1712 0.1787 
         213  1 0.1781 0.1624 0.1806 0.1585 0.1611 0.1592 
         214  1 0.1644 0.1800 0.1635 0.1596 0.1680 0.1644 
         215  1 0.1630 0.1729 0.1635 0.1647 0.1688 0.1670 
         216  1 0.1648 0.1749 0.1660 0.1611 0.1658 0.1674 
         217  1 0.1537 0.1815 0.1521 0.1665 0.1765 0.1697 
         218  1 0.1435 0.1776 0.1437 0.1783 0.1856 0.1714 
         219  1 0.1465 0.1758 0.1466 0.1838 0.1745 0.1729 
         220  1 0.1639 0.1733 0.1641 0.1623 0.1697 0.1667 
         221  1 0.1669 0.1638 0.1656 0.1699 0.1675 0.1664 
         222  1 0.1654 0.1688 0.1658 0.1693 0.1664 0.1642 
         223  1 0.1939 0.1545 0.1931 0.1496 0.1528 0.1561 
         224  1 0.1858 0.1537 0.1885 0.1598 0.1578 0.1545 
         225  1 0.1615 0.1659 0.1605 0.1715 0.1692 0.1714 
         226  1 0.1783 0.1604 0.1785 0.1623 0.1607 0.1598 
         227  1 0.1680 0.1638 0.1694 0.1643 0.1690 0.1655 
         228  1 0.1578 0.1735 0.1584 0.1716 0.1702 0.1685 
         229  1 0.1516 0.1843 0.1510 0.1648 0.1775 0.1707 
         230  1 0.1408 0.1714 0.1405 0.1927 0.1737 0.1809 
         231  1 0.1613 0.1668 0.1609 0.1729 0.1721 0.1659 
         232  1 0.1575 0.1765 0.1586 0.1694 0.1717 0.1662 
         233  1 0.1409 0.1765 0.1410 0.1838 0.1723 0.1856 
         234  1 0.1898 0.1548 0.1943 0.1593 0.1535 0.1483 
         235  1 0.1614 0.1659 0.1616 0.1702 0.1718 0.1691 
         236  1 0.1736 0.1545 0.1761 0.1719 0.1597 0.1642 
         237  1 0.1601 0.1770 0.1602 0.1644 0.1697 0.1685 
         238  1 0.1543 0.1663 0.1533 0.1775 0.1691 0.1795 
         239  1 0.1729 0.1637 0.1729 0.1635 0.1645 0.1625 
         240  1 0.1715 0.1632 0.1715 0.1635 0.1694 0.1607 
         241  1 0.1536 0.1820 0.1524 0.1623 0.1758 0.1738 
         242  1 0.1592 0.1749 0.1590 0.1663 0.1762 0.1644 
         243  1 0.1403 0.1800 0.1391 0.1822 0.1825 0.1759 
         244  1 0.1629 0.1698 0.1634 0.1627 0.1712 0.1699 
         245  1 0.1678 0.1668 0.1689 0.1639 0.1631 0.1695 
         246  1 0.1535 0.1748 0.1530 0.1735 0.1781 0.1671 
         247  1 0.1718 0.1640 0.1718 0.1663 0.1640 0.1620 
         248  1 0.1882 0.1558 0.1883 0.1551 0.1570 0.1556 
         249  1 0.1665 0.1636 0.1691 0.1684 0.1651 0.1673 
         250  1 0.1423 0.1799 0.1417 0.1774 0.1781 0.1805 
         251  1 0.1646 0.1686 0.1640 0.1610 0.1709 0.1709 
         252  1 0.1524 0.1787 0.1529 0.1690 0.1745 0.1726 
         253  1 0.1434 0.1678 0.1427 0.1888 0.1769 0.1803 
         254  1 0.1900 0.1602 0.1904 0.1506 0.1568 0.1521 
         255  1 0.1665 0.1660 0.1664 0.1639 0.1662 0.1710 
         256  1 0.1862 0.1553 0.1860 0.1591 0.1579 0.1555 
         257  1 0.1752 0.1636 0.1754 0.1582 0.1670 0.1606 
         258  1 0.1621 0.1597 0.1628 0.1781 0.1651 0.1723 
         259  1 0.1632 0.1702 0.1632 0.1655 0.1643 0.1737 
         260  1 0.1556 0.1658 0.1554 0.1764 0.1648 0.1820 
         261  1 0.1580 0.1741 0.1581 0.1657 0.1729 0.1712 
         262  1 0.1972 0.1535 0.2015 0.1462 0.1501 0.1515 
         263  1 0.1426 0.1735 0.1419 0.1845 0.1740 0.1835 
         264  1 0.1598 0.1677 0.1618 0.1758 0.1641 0.1708 
         265  1 0.1657 0.1722 0.1671 0.1584 0.1680 0.1685 
         266  1 0.1867 0.1650 0.1864 0.1536 0.1597 0.1485 
         267  1 0.1478 0.1716 0.1470 0.1801 0.1737 0.1798 
         268  1 0.1602 0.1648 0.1615 0.1740 0.1704 0.1691 
         269  1 0.1872 0.1593 0.1865 0.1563 0.1564 0.1543 
         270  1 0.1479 0.1739 0.1469 0.1853 0.1787 0.1673 
         271  1 0.1678 0.1684 0.1674 0.1678 0.1616 0.1670 
         272  1 0.1680 0.1645 0.1675 0.1677 0.1682 0.1642 
         273  1 0.1697 0.1647 0.1700 0.1631 0.1645 0.1680 
         274  1 0.1576 0.1720 0.1567 0.1706 0.1650 0.1782 
         275  1 0.1643 0.1748 0.1632 0.1634 0.1709 0.1634 
         276  1 0.1571 0.1710 0.1579 0.1730 0.1707 0.1702 
         277  1 0.1615 0.1775 0.1609 0.1606 0.1727 0.1668 
         278  1 0.1607 0.1701 0.1600 0.1642 0.1692 0.1758 
         279  1 0.1412 0.1656 0.1420 0.1947 0.1724 0.1841 
         280  1 0.1613 0.1694 0.1615 0.1657 0.1697 0.1724 
         281  1 0.1870 0.1596 0.1878 0.1527 0.1568 0.1561 
         282  1 0.1868 0.1473 0.1883 0.1588 0.1575 0.1613 
         283  1 0.1788 0.1611 0.1815 0.1602 0.1611 0.1573 
         284  1 0.1683 0.1632 0.1678 0.1653 0.1683 0.1672 
         285  1 0.1511 0.1716 0.1504 0.1822 0.1760 0.1687 
         286  1 0.2166 0.1398 0.2216 0.1427 0.1403 0.1390 
         287  1 0.1848 0.1517 0.1840 0.1651 0.1597 0.1548 
         288  1 0.1676 0.1664 0.1681 0.1609 0.1689 0.1682 
         289  1 0.1646 0.1592 0.1662 0.1745 0.1617 0.1738 
         290  1 0.1661 0.1645 0.1662 0.1620 0.1689 0.1723 
         291  1 0.1483 0.1734 0.1484 0.1791 0.1745 0.1763 
         292  1 0.1841 0.1572 0.1832 0.1589 0.1563 0.1602 
         293  1 0.1623 0.1556 0.1609 0.1779 0.1688 0.1744 
         294  1 0.1539 0.1659 0.1534 0.1815 0.1710 0.1743 
         295  1 0.1913 0.1570 0.1912 0.1513 0.1571 0.1521 
         296  1 0.1421 0.1660 0.1421 0.1915 0.1764 0.1818 
         297  1 0.1434 0.1686 0.1437 0.1873 0.1743 0.1828 
         298  1 0.1703 0.1568 0.1737 0.1717 0.1606 0.1668 
         299  1 0.1688 0.1544 0.1687 0.1752 0.1643 0.1686 
         300  1 0.1555 0.1641 0.1549 0.1796 0.1693 0.1765 
         301  1 0.1812 0.1568 0.1813 0.1595 0.1582 0.1629 
         302  1 0.1506 0.1692 0.1501 0.1799 0.1763 0.1737 
         303  1 0.1453 0.1653 0.1444 0.1905 0.1750 0.1794 
