           1  1 0.6029 0.0453 0.1299 0.1590 0.0629 
           2  1 0.3115 0.1049 0.4336 0.0526 0.0974 
           3  1 0.0917 0.0696 0.0269 0.7840 0.0277 
           4  1 0.2662 0.2945 0.2338 0.1489 0.0567 
           5  1 0.4097 0.2980 0.1113 0.0336 0.1474 
           6  1 0.4077 0.4131 0.0531 0.0989 0.0272 
           7  1 0.2174 0.1682 0.2494 0.1127 0.2523 
           8  1 0.1717 0.0503 0.1174 0.4638 0.1968 
           9  1 0.2059 0.0429 0.0313 0.0378 0.6821 
          10  1 0.7511 0.0710 0.0533 0.0419 0.0827 
          11  1 0.5375 0.2482 0.0657 0.1267 0.0218 
          12  1 0.0689 0.0789 0.1054 0.0706 0.6762 
          13  1 0.0647 0.1801 0.5227 0.2003 0.0323 
          14  1 0.0433 0.0447 0.0767 0.7921 0.0431 
          15  1 0.0463 0.7161 0.1387 0.0717 0.0271 
          16  1 0.0300 0.2190 0.0876 0.0693 0.5941 
          17  1 0.0280 0.2355 0.1109 0.5878 0.0378 
          18  1 0.0588 0.0878 0.0490 0.7606 0.0439 
          19  1 0.7503 0.0458 0.0271 0.0289 0.1478 
          20  1 0.7088 0.1549 0.0597 0.0419 0.0347 
          21  1 0.0275 0.0363 0.1613 0.0393 0.7356 
          22  1 0.6124 0.1519 0.1268 0.0629 0.0460 
          23  1 0.0653 0.0779 0.0998 0.6364 0.1206 
          24  1 0.0172 0.0239 0.0200 0.0195 0.9194 
          25  1 0.0347 0.1859 0.2619 0.4670 0.0504 
          26  1 0.2873 0.1985 0.1638 0.1722 0.1782 
          27  1 0.1409 0.1123 0.0513 0.0813 0.6142 
          28  1 0.0630 0.0842 0.6800 0.1335 0.0393 
          29  1 0.1109 0.2677 0.3489 0.2368 0.0356 
          30  1 0.0562 0.0499 0.6235 0.2158 0.0546 
          31  1 0.1193 0.1611 0.2820 0.3161 0.1215 
          32  1 0.1215 0.5441 0.1836 0.0845 0.0664 
          33  1 0.0294 0.0478 0.0660 0.8198 0.0370 
          34  1 0.8205 0.0255 0.0320 0.0848 0.0372 
          35  1 0.0293 0.0239 0.0248 0.9038 0.0182 
          36  1 0.8185 0.0249 0.0340 0.0635 0.0590 
          37  1 0.0902 0.1415 0.2508 0.2996 0.2179 
          38  1 0.0500 0.0651 0.1079 0.0818 0.6952 
          39  1 0.2669 0.3265 0.2314 0.0709 0.1042 
          40  1 0.0406 0.2330 0.1164 0.3670 0.2430 
          41  1 0.0353 0.0477 0.0771 0.0386 0.8013 
          42  1 0.0734 0.1423 0.1151 0.6377 0.0315 
          43  1 0.0261 0.0265 0.0306 0.4036 0.5131 
          44  1 0.1323 0.0390 0.0557 0.0197 0.7533 
          45  1 0.1263 0.6118 0.1223 0.0630 0.0766 
          46  1 0.0328 0.0446 0.0383 0.8408 0.0434 
          47  1 0.0668 0.4716 0.0940 0.1206 0.2470 
          48  1 0.0775 0.5340 0.1215 0.0269 0.2402 
          49  1 0.0307 0.7050 0.0870 0.1253 0.0520 
          50  1 0.0434 0.7149 0.1337 0.0257 0.0823 
          51  1 0.0227 0.2526 0.6678 0.0349 0.0220 
          52  1 0.0589 0.2834 0.4459 0.1488 0.0630 
          53  1 0.3522 0.0722 0.4625 0.0891 0.0240 
          54  1 0.0228 0.8151 0.1082 0.0300 0.0239 
          55  1 0.1432 0.0949 0.4149 0.1817 0.1654 
          56  1 0.0330 0.2336 0.4134 0.0871 0.2329 
          57  1 0.0411 0.2053 0.5265 0.1766 0.0506 
          58  1 0.0758 0.0906 0.5811 0.1074 0.1450 
          59  1 0.4568 0.1566 0.2682 0.0588 0.0597 
          60  1 0.2896 0.3019 0.3120 0.0288 0.0678 
          61  1 0.0726 0.1042 0.0552 0.0480 0.7199 
          62  1 0.0537 0.3233 0.4395 0.1308 0.0526 
          63  1 0.0350 0.0404 0.0286 0.8650 0.0309 
          64  1 0.7714 0.1072 0.0801 0.0199 0.0214 
          65  1 0.0258 0.0420 0.7413 0.0380 0.1529 
          66  1 0.0433 0.0300 0.0309 0.0457 0.8501 
          67  1 0.0416 0.2534 0.3990 0.2606 0.0455 
          68  1 0.0243 0.5677 0.2584 0.0513 0.0983 
          69  1 0.0703 0.4982 0.1959 0.0558 0.1797 
          70  1 0.0388 0.7900 0.0615 0.0698 0.0399 
          71  1 0.0601 0.4458 0.2639 0.1457 0.0845 
          72  1 0.0288 0.0488 0.0389 0.8563 0.0272 
          73  1 0.0673 0.3598 0.1944 0.1931 0.1854 
          74  1 0.2181 0.0952 0.0948 0.5644 0.0275 
          75  1 0.1456 0.0652 0.2182 0.3578 0.2131 
          76  1 0.0451 0.2884 0.5886 0.0395 0.0383 
          77  1 0.4964 0.1534 0.1430 0.1502 0.0569 
          78  1 0.1531 0.2009 0.0864 0.3080 0.2516 
          79  1 0.2279 0.5852 0.0374 0.0942 0.0553 
          80  1 0.0366 0.0388 0.0498 0.8464 0.0283 
          81  1 0.0824 0.0377 0.6744 0.0278 0.1777 
          82  1 0.0712 0.1177 0.0966 0.6798 0.0346 
          83  1 0.0205 0.0349 0.0542 0.6966 0.1938 
          84  1 0.4833 0.0564 0.0911 0.1793 0.1899 
          85  1 0.0297 0.0978 0.6638 0.1561 0.0525 
          86  1 0.0359 0.0665 0.7957 0.0471 0.0547 
          87  1 0.5062 0.0943 0.0847 0.0602 0.2546 
          88  1 0.0480 0.2662 0.1109 0.2823 0.2926 
          89  1 0.0804 0.5417 0.2396 0.0675 0.0708 
          90  1 0.0269 0.0268 0.0352 0.8836 0.0275 
          91  1 0.0670 0.2823 0.1623 0.3488 0.1395 
          92  1 0.0305 0.0537 0.7304 0.1486 0.0368 
          93  1 0.0796 0.2367 0.5183 0.0533 0.1120 
          94  1 0.0453 0.1248 0.6460 0.1271 0.0568 
          95  1 0.0977 0.3004 0.0444 0.4919 0.0656 
          96  1 0.1634 0.2648 0.1671 0.2338 0.1709 
          97  1 0.7330 0.0680 0.1390 0.0421 0.0179 
          98  1 0.2388 0.4696 0.0551 0.1712 0.0654 
          99  1 0.0241 0.0527 0.8636 0.0342 0.0254 
         100  1 0.1004 0.2265 0.5232 0.0882 0.0616 
         101  1 0.0667 0.0522 0.0571 0.5561 0.2678 
         102  1 0.0277 0.0691 0.0494 0.7476 0.1061 
         103  1 0.0583 0.1304 0.0822 0.2681 0.4611 
         104  1 0.3958 0.2912 0.0591 0.1941 0.0597 
         105  1 0.1733 0.2574 0.2382 0.2049 0.1262 
         106  1 0.0711 0.1232 0.6418 0.0488 0.1151 
         107  1 0.0549 0.8376 0.0416 0.0398 0.0260 
         108  1 0.0657 0.2442 0.1335 0.4050 0.1515 
         109  1 0.0644 0.2461 0.3294 0.2377 0.1224 
         110  1 0.1451 0.4008 0.0822 0.3381 0.0338 
         111  1 0.6587 0.1231 0.0671 0.0601 0.0910 
         112  1 0.4745 0.2136 0.1123 0.1335 0.0661 
         113  1 0.0426 0.0651 0.0586 0.7677 0.0661 
         114  1 0.0354 0.8948 0.0301 0.0253 0.0143 
         115  1 0.1336 0.1144 0.0812 0.1260 0.5448 
         116  1 0.0931 0.0993 0.3099 0.1979 0.2999 
         117  1 0.3694 0.1226 0.0770 0.0353 0.3957 
         118  1 0.1082 0.6228 0.0919 0.1086 0.0685 
         119  1 0.0551 0.1670 0.0617 0.6716 0.0445 
         120  1 0.1017 0.0513 0.7463 0.0759 0.0248 
         121  1 0.0232 0.0662 0.0533 0.0339 0.8235 
         122  1 0.1880 0.0871 0.4062 0.1845 0.1342 
         123  1 0.9053 0.0246 0.0272 0.0240 0.0189 
         124  1 0.0269 0.0371 0.1444 0.7655 0.0260 
         125  1 0.5625 0.1050 0.1849 0.0892 0.0585 
         126  1 0.4985 0.2556 0.1276 0.0641 0.0543 
         127  1 0.0452 0.1845 0.6654 0.0813 0.0236 
         128  1 0.2143 0.1848 0.0397 0.3950 0.1662 
         129  1 0.0402 0.0684 0.7272 0.1164 0.0479 
         130  1 0.1942 0.2242 0.3858 0.1029 0.0929 
         131  1 0.1365 0.2275 0.2876 0.2653 0.0832 
         132  1 0.3686 0.0715 0.3887 0.1071 0.0641 
         133  1 0.0231 0.1707 0.1923 0.1574 0.4565 
         134  1 0.0331 0.0550 0.7147 0.1640 0.0332 
         135  1 0.0392 0.1048 0.5944 0.2270 0.0346 
         136  1 0.0487 0.2269 0.6241 0.0715 0.0287 
         137  1 0.1732 0.1299 0.6183 0.0464 0.0322 
         138  1 0.1541 0.0353 0.7336 0.0258 0.0513 
         139  1 0.2597 0.0790 0.5693 0.0389 0.0531 
         140  1 0.6782 0.1167 0.0798 0.1015 0.0239 
         141  1 0.1043 0.7760 0.0635 0.0206 0.0357 
         142  1 0.1569 0.7054 0.0437 0.0583 0.0356 
         143  1 0.1994 0.2506 0.4574 0.0331 0.0595 
         144  1 0.0440 0.1316 0.3056 0.4383 0.0805 
         145  1 0.3362 0.1751 0.3413 0.0481 0.0992 
         146  1 0.0467 0.2032 0.6749 0.0472 0.0280 
         147  1 0.0538 0.3734 0.1791 0.1667 0.2270 
         148  1 0.0681 0.3401 0.1517 0.2734 0.1667 
         149  1 0.1585 0.0661 0.0624 0.2374 0.4756 
         150  1 0.0539 0.6331 0.1948 0.0740 0.0442 
         151  1 0.0296 0.0239 0.0291 0.0341 0.8833 
         152  1 0.0856 0.1695 0.0631 0.6234 0.0585 
         153  1 0.0490 0.3950 0.1622 0.0392 0.3546 
         154  1 0.0667 0.0492 0.0420 0.2044 0.6376 
         155  1 0.0636 0.1841 0.2020 0.0432 0.5072 
         156  1 0.1330 0.5360 0.2223 0.0645 0.0442 
         157  1 0.6642 0.0469 0.1742 0.0758 0.0388 
         158  1 0.0285 0.7324 0.1573 0.0320 0.0499 
         159  1 0.8451 0.0410 0.0275 0.0658 0.0206 
         160  1 0.0580 0.3130 0.3182 0.1797 0.1311 
         161  1 0.3136 0.4438 0.0999 0.0760 0.0667 
         162  1 0.0737 0.2476 0.0964 0.2481 0.3342 
         163  1 0.5811 0.0940 0.2396 0.0466 0.0386 
         164  1 0.3963 0.2447 0.1398 0.1673 0.0518 
         165  1 0.8635 0.0461 0.0315 0.0380 0.0208 
         166  1 0.2256 0.3425 0.0697 0.1785 0.1837 
         167  1 0.0266 0.0503 0.0492 0.0739 0.8000 
         168  1 0.0329 0.3013 0.5452 0.0520 0.0687 
         169  1 0.1312 0.0356 0.1360 0.6347 0.0625 
         170  1 0.0271 0.0768 0.8226 0.0255 0.0480 
         171  1 0.4603 0.2090 0.1592 0.0719 0.0995 
         172  1 0.1117 0.1357 0.1472 0.1739 0.4316 
         173  1 0.1045 0.1279 0.0762 0.0543 0.6372 
         174  1 0.2775 0.3366 0.2608 0.0521 0.0730 
         175  1 0.0585 0.4530 0.2140 0.0872 0.1873 
         176  1 0.0256 0.5490 0.1942 0.0373 0.1940 
         177  1 0.0300 0.1946 0.2535 0.0786 0.4432 
         178  1 0.0824 0.1181 0.3774 0.3467 0.0755 
         179  1 0.0588 0.6828 0.0659 0.1186 0.0740 
         180  1 0.2219 0.5739 0.0893 0.0501 0.0649 
         181  1 0.0208 0.0326 0.0337 0.0477 0.8652 
         182  1 0.0253 0.1810 0.1948 0.4776 0.1215 
         183  1 0.1536 0.0496 0.7423 0.0278 0.0267 
         184  1 0.0669 0.1659 0.0828 0.4853 0.1991 
         185  1 0.1602 0.6777 0.0617 0.0787 0.0217 
         186  1 0.4899 0.1002 0.0793 0.0439 0.2867 
         187  1 0.1716 0.4516 0.0525 0.2197 0.1045 
         188  1 0.0364 0.7312 0.0923 0.0504 0.0896 
         189  1 0.1310 0.3403 0.4813 0.0261 0.0213 
         190  1 0.0399 0.0709 0.0368 0.0921 0.7603 
         191  1 0.5211 0.0352 0.0623 0.0735 0.3081 
         192  1 0.0397 0.6795 0.0878 0.0874 0.1056 
         193  1 0.9055 0.0247 0.0272 0.0242 0.0184 
         194  1 0.8779 0.0302 0.0415 0.0302 0.0200 
         195  1 0.4322 0.1399 0.3899 0.0206 0.0174 
         196  1 0.6931 0.1221 0.0336 0.0698 0.0815 
         197  1 0.5251 0.2351 0.0877 0.0542 0.0979 
         198  1 0.1670 0.6688 0.0811 0.0597 0.0234 
         199  1 0.0334 0.0304 0.0285 0.8831 0.0246 
         200  1 0.6240 0.0991 0.1065 0.1245 0.0459 
         201  1 0.8534 0.0335 0.0313 0.0472 0.0346 
         202  1 0.0622 0.3107 0.3264 0.2409 0.0597 
         203  1 0.0486 0.2319 0.6213 0.0703 0.0280 
         204  1 0.0955 0.1577 0.5894 0.1245 0.0329 
         205  1 0.1360 0.0710 0.0706 0.0669 0.6555 
         206  1 0.2311 0.5186 0.0804 0.1351 0.0348 
         207  1 0.0219 0.0535 0.0422 0.0322 0.8502 
         208  1 0.2928 0.4058 0.1096 0.0753 0.1165 
         209  1 0.5696 0.1282 0.0434 0.1471 0.1117 
         210  1 0.3621 0.3891 0.1401 0.0460 0.0626 
         211  1 0.1527 0.0463 0.0392 0.0490 0.7128 
         212  1 0.1073 0.0959 0.0495 0.0541 0.6933 
         213  1 0.0309 0.0574 0.8307 0.0398 0.0412 
         214  1 0.5984 0.0987 0.1229 0.1359 0.0441 
         215  1 0.3100 0.0652 0.4746 0.0374 0.1128 
         216  1 0.1782 0.1157 0.6208 0.0601 0.0252 
         217  1 0.1279 0.3398 0.4854 0.0257 0.0212 
         218  1 0.1559 0.0995 0.0576 0.0403 0.6467 
         219  1 0.8540 0.0334 0.0309 0.0473 0.0344 
         220  1 0.0838 0.0967 0.6708 0.1059 0.0427 
         221  1 0.6017 0.1306 0.0790 0.1138 0.0749 
         222  1 0.1211 0.2359 0.3904 0.1350 0.1176 
         223  1 0.1832 0.2921 0.1803 0.2598 0.0846 
         224  1 0.1706 0.0658 0.5855 0.0490 0.1290 
         225  1 0.0197 0.0290 0.0265 0.0328 0.8920 
         226  1 0.0316 0.0394 0.0242 0.0408 0.8640 
         227  1 0.0386 0.0497 0.0971 0.0840 0.7307 
         228  1 0.5305 0.2058 0.0683 0.1219 0.0735 
         229  1 0.1489 0.3033 0.0911 0.1380 0.3188 
         230  1 0.0623 0.5440 0.1621 0.2016 0.0299 
         231  1 0.0758 0.3387 0.2469 0.0480 0.2906 
         232  1 0.1619 0.5432 0.0868 0.1645 0.0436 
         233  1 0.0455 0.0922 0.6651 0.0449 0.1524 
         234  1 0.0952 0.5598 0.2397 0.0489 0.0564 
         235  1 0.0493 0.0353 0.0506 0.8203 0.0445 
         236  1 0.1727 0.0910 0.5911 0.1074 0.0379 
         237  1 0.0273 0.2738 0.0907 0.2968 0.3114 
         238  1 0.0210 0.1105 0.0426 0.0404 0.7856 
         239  1 0.1682 0.3009 0.2358 0.2536 0.0415 
         240  1 0.1696 0.3700 0.3579 0.0550 0.0474 
         241  1 0.0720 0.0359 0.0244 0.0385 0.8292 
         242  1 0.2899 0.4532 0.1239 0.0635 0.0695 
         243  1 0.0282 0.1712 0.4601 0.2863 0.0542 
         244  1 0.0341 0.0365 0.0213 0.8460 0.0621 
         245  1 0.3103 0.3791 0.0816 0.0838 0.1452 
         246  1 0.2707 0.2944 0.3472 0.0484 0.0393 
         247  1 0.1912 0.1768 0.3692 0.1033 0.1595 
         248  1 0.0519 0.3899 0.2002 0.0545 0.3035 
         249  1 0.2016 0.1909 0.4149 0.1252 0.0674 
         250  1 0.0599 0.1720 0.4624 0.0975 0.2083 
         251  1 0.0422 0.1197 0.3825 0.3864 0.0692 
         252  1 0.0666 0.4544 0.3188 0.0491 0.1112 
         253  1 0.7313 0.0894 0.0956 0.0528 0.0309 
         254  1 0.0830 0.6216 0.0546 0.1757 0.0651 
         255  1 0.8074 0.0382 0.0292 0.1039 0.0213 
         256  1 0.8075 0.0385 0.0304 0.1026 0.0209 
         257  1 0.3935 0.3922 0.0502 0.0885 0.0756 
         258  1 0.1147 0.7581 0.0448 0.0310 0.0515 
         259  1 0.1105 0.7762 0.0652 0.0264 0.0218 
         260  1 0.0628 0.6232 0.1567 0.0347 0.1226 
