           1  1 0.0878 0.6480 0.0720 0.1922 
           2  1 0.1601 0.4181 0.2749 0.1468 
           3  1 0.0333 0.1615 0.0438 0.7614 
           4  1 0.0625 0.3096 0.4313 0.1966 
           5  1 0.2014 0.5596 0.1830 0.0560 
           6  1 0.0325 0.7066 0.1267 0.1342 
           7  1 0.2967 0.2221 0.3020 0.1792 
           8  1 0.2358 0.1650 0.0814 0.5178 
           9  1 0.7709 0.1527 0.0359 0.0405 
          10  1 0.0884 0.7957 0.0701 0.0458 
          11  1 0.0244 0.7454 0.1005 0.1298 
          12  1 0.7397 0.0646 0.0931 0.1026 
          13  1 0.0373 0.0935 0.5267 0.3425 
          14  1 0.0462 0.0360 0.0678 0.8500 
          15  1 0.0329 0.1266 0.7372 0.1033 
          16  1 0.7076 0.0395 0.1393 0.1136 
          17  1 0.0400 0.0359 0.2947 0.6293 
          18  1 0.0605 0.0813 0.0731 0.7851 
          19  1 0.1646 0.7713 0.0317 0.0324 
          20  1 0.0355 0.8279 0.0841 0.0525 
          21  1 0.8039 0.0286 0.1141 0.0535 
          22  1 0.0584 0.6731 0.1684 0.1002 
          23  1 0.1269 0.0767 0.0522 0.7443 
          24  1 0.9397 0.0183 0.0206 0.0214 
          25  1 0.0537 0.0515 0.2255 0.6693 
          26  1 0.2313 0.3805 0.1784 0.2099 
          27  1 0.7321 0.1262 0.0576 0.0842 
          28  1 0.0536 0.1063 0.4449 0.3952 
          29  1 0.0412 0.1301 0.5292 0.2994 
          30  1 0.0676 0.0682 0.4000 0.4643 
          31  1 0.1520 0.1731 0.2384 0.4365 
          32  1 0.1103 0.2800 0.3412 0.2686 
          33  1 0.0401 0.0353 0.0504 0.8741 
          34  1 0.0420 0.8477 0.0263 0.0840 
          35  1 0.0223 0.0410 0.0282 0.9085 
          36  1 0.0854 0.8013 0.0388 0.0745 
          37  1 0.2432 0.1079 0.2329 0.4161 
          38  1 0.7528 0.0553 0.1013 0.0905 
          39  1 0.1440 0.3995 0.3572 0.0993 
          40  1 0.2585 0.0644 0.1174 0.5597 
          41  1 0.8688 0.0367 0.0505 0.0440 
          42  1 0.0365 0.0823 0.1252 0.7560 
          43  1 0.5511 0.0289 0.0280 0.3920 
          44  1 0.8214 0.1059 0.0465 0.0261 
          45  1 0.0948 0.2855 0.5332 0.0865 
          46  1 0.0524 0.0319 0.0339 0.8818 
          47  1 0.3059 0.0950 0.4015 0.1976 
          48  1 0.3109 0.0983 0.5543 0.0365 
          49  1 0.0755 0.0572 0.5907 0.2766 
          50  1 0.1273 0.0707 0.7622 0.0397 
          51  1 0.0230 0.0322 0.8883 0.0566 
          52  1 0.0640 0.0872 0.6261 0.2227 
          53  1 0.0300 0.4715 0.3514 0.1471 
          54  1 0.0328 0.0366 0.8749 0.0557 
          55  1 0.2097 0.1743 0.2688 0.3472 
          56  1 0.2879 0.0492 0.4892 0.1737 
          57  1 0.0531 0.0565 0.6015 0.2888 
          58  1 0.2087 0.1089 0.3422 0.3402 
          59  1 0.0711 0.5690 0.2685 0.0914 
          60  1 0.0919 0.4024 0.4519 0.0538 
          61  1 0.7941 0.0855 0.0694 0.0510 
          62  1 0.0515 0.0662 0.7510 0.1313 
          63  1 0.0353 0.0572 0.0311 0.8764 
          64  1 0.0209 0.9062 0.0515 0.0214 
          65  1 0.1839 0.0368 0.6565 0.1228 
          66  1 0.8938 0.0368 0.0300 0.0395 
          67  1 0.0590 0.0628 0.3990 0.4792 
          68  1 0.1403 0.0408 0.6666 0.1523 
          69  1 0.1935 0.0713 0.6686 0.0666 
          70  1 0.0879 0.1230 0.5606 0.2284 
          71  1 0.0869 0.0911 0.6228 0.1992 
          72  1 0.0272 0.0365 0.0446 0.8918 
          73  1 0.2239 0.0760 0.4470 0.2530 
          74  1 0.0339 0.2394 0.1384 0.5883 
          75  1 0.2635 0.1229 0.1180 0.4956 
          76  1 0.0491 0.0626 0.8123 0.0759 
          77  1 0.0605 0.6036 0.1932 0.1427 
          78  1 0.2715 0.2261 0.0932 0.4092 
          79  1 0.0718 0.6740 0.1268 0.1275 
          80  1 0.0341 0.0435 0.0415 0.8809 
          81  1 0.2817 0.1114 0.5309 0.0759 
          82  1 0.0342 0.0696 0.0819 0.8143 
          83  1 0.1807 0.0238 0.0390 0.7565 
          84  1 0.2374 0.4713 0.0784 0.2128 
          85  1 0.0624 0.0423 0.6002 0.2950 
          86  1 0.0814 0.0505 0.7163 0.1518 
          87  1 0.2951 0.5537 0.0797 0.0715 
          88  1 0.3062 0.0822 0.1266 0.4849 
          89  1 0.1061 0.1798 0.5729 0.1412 
          90  1 0.0323 0.0318 0.0356 0.9003 
          91  1 0.1799 0.0842 0.1893 0.5466 
          92  1 0.0510 0.0385 0.4122 0.4982 
          93  1 0.1495 0.0956 0.6730 0.0819 
          94  1 0.0880 0.0691 0.4419 0.4010 
          95  1 0.0812 0.2594 0.1167 0.5427 
          96  1 0.2441 0.2211 0.2352 0.2996 
          97  1 0.0197 0.8041 0.1279 0.0483 
          98  1 0.0879 0.5368 0.1872 0.1882 
          99  1 0.0351 0.0359 0.8001 0.1289 
         100  1 0.0761 0.1488 0.5916 0.1835 
         101  1 0.2977 0.0603 0.0539 0.5881 
         102  1 0.1122 0.0406 0.0593 0.7880 
         103  1 0.5228 0.0699 0.0766 0.3307 
         104  1 0.0826 0.5980 0.1147 0.2046 
         105  1 0.1611 0.2906 0.2785 0.2698 
         106  1 0.1353 0.0865 0.6605 0.1177 
         107  1 0.0416 0.5429 0.3206 0.0949 
         108  1 0.1717 0.0694 0.1678 0.5911 
         109  1 0.1769 0.0755 0.3684 0.3792 
         110  1 0.0400 0.3435 0.2882 0.3283 
         111  1 0.0988 0.7472 0.0739 0.0802 
         112  1 0.0660 0.6052 0.1329 0.1958 
         113  1 0.0754 0.0574 0.0667 0.8005 
         114  1 0.0187 0.1796 0.7286 0.0732 
         115  1 0.6386 0.1070 0.1446 0.1098 
         116  1 0.3576 0.0938 0.2509 0.2976 
         117  1 0.4635 0.3730 0.1179 0.0456 
         118  1 0.1058 0.3069 0.4029 0.1845 
         119  1 0.0474 0.0640 0.0852 0.8034 
         120  1 0.0332 0.1744 0.6552 0.1372 
         121  1 0.8646 0.0270 0.0727 0.0357 
         122  1 0.1965 0.2359 0.2703 0.2973 
         123  1 0.0234 0.9206 0.0308 0.0252 
         124  1 0.0275 0.0280 0.0682 0.8763 
         125  1 0.0767 0.6524 0.1519 0.1190 
         126  1 0.0619 0.6120 0.2532 0.0729 
         127  1 0.0320 0.0826 0.6474 0.2380 
         128  1 0.1926 0.4165 0.0700 0.3209 
         129  1 0.0682 0.0685 0.6149 0.2485 
         130  1 0.1154 0.2734 0.3543 0.2570 
         131  1 0.0923 0.2342 0.3013 0.3722 
         132  1 0.0750 0.3740 0.4315 0.1195 
         133  1 0.4896 0.0268 0.2822 0.2014 
         134  1 0.0402 0.0369 0.5684 0.3545 
         135  1 0.0409 0.0434 0.3918 0.5239 
         136  1 0.0337 0.0728 0.6804 0.2131 
         137  1 0.0359 0.2239 0.6807 0.0595 
         138  1 0.0778 0.2424 0.6270 0.0528 
         139  1 0.0643 0.3191 0.5686 0.0481 
         140  1 0.0282 0.7294 0.1372 0.1052 
         141  1 0.0526 0.4405 0.4776 0.0293 
         142  1 0.0469 0.6553 0.1910 0.1068 
         143  1 0.0642 0.2538 0.6392 0.0428 
         144  1 0.0897 0.0540 0.1832 0.6731 
         145  1 0.1061 0.4621 0.3716 0.0602 
         146  1 0.0295 0.0489 0.8539 0.0677 
         147  1 0.3032 0.0624 0.4078 0.2266 
         148  1 0.2478 0.1496 0.2044 0.3982 
         149  1 0.5463 0.1485 0.0491 0.2560 
         150  1 0.0580 0.1397 0.6436 0.1587 
         151  1 0.9142 0.0263 0.0266 0.0328 
         152  1 0.0620 0.1131 0.0840 0.7408 
         153  1 0.4126 0.0794 0.4536 0.0544 
         154  1 0.7288 0.0684 0.0396 0.1631 
         155  1 0.6122 0.1311 0.1644 0.0923 
         156  1 0.0636 0.1745 0.6424 0.1196 
         157  1 0.0489 0.7235 0.1288 0.0988 
         158  1 0.0595 0.0611 0.8294 0.0501 
         159  1 0.0233 0.8856 0.0281 0.0630 
         160  1 0.1826 0.0937 0.4153 0.3083 
         161  1 0.0791 0.6774 0.1501 0.0933 
         162  1 0.3951 0.1019 0.2148 0.2882 
         163  1 0.0442 0.6997 0.1890 0.0671 
         164  1 0.0573 0.6543 0.1317 0.1568 
         165  1 0.0226 0.8974 0.0382 0.0418 
         166  1 0.2486 0.4217 0.1385 0.1912 
         167  1 0.8432 0.0285 0.0555 0.0728 
         168  1 0.0771 0.0410 0.7897 0.0922 
         169  1 0.0727 0.0871 0.0799 0.7603 
         170  1 0.0532 0.0333 0.8613 0.0522 
         171  1 0.1254 0.5446 0.2304 0.0996 
         172  1 0.5186 0.0909 0.1725 0.2180 
         173  1 0.7150 0.1114 0.1140 0.0595 
         174  1 0.0894 0.3990 0.4147 0.0969 
         175  1 0.2587 0.1048 0.4920 0.1445 
         176  1 0.2332 0.0295 0.6792 0.0582 
         177  1 0.5320 0.0390 0.2671 0.1619 
         178  1 0.0845 0.0801 0.1861 0.6493 
         179  1 0.0937 0.3421 0.3357 0.2286 
         180  1 0.0778 0.5510 0.3008 0.0704 
         181  1 0.8993 0.0231 0.0301 0.0475 
         182  1 0.1410 0.0338 0.1426 0.6827 
         183  1 0.0352 0.2205 0.6863 0.0580 
         184  1 0.2464 0.0842 0.0771 0.5922 
         185  1 0.0257 0.6828 0.1812 0.1103 
         186  1 0.3429 0.5217 0.0759 0.0596 
         187  1 0.1335 0.3890 0.1551 0.3224 
         188  1 0.1419 0.0514 0.7348 0.0719 
         189  1 0.0221 0.1354 0.8145 0.0280 
         190  1 0.8127 0.0388 0.0505 0.0980 
         191  1 0.3625 0.4812 0.0653 0.0911 
         192  1 0.1617 0.0581 0.5794 0.2007 
         193  1 0.0241 0.9201 0.0301 0.0258 
         194  1 0.0244 0.8885 0.0459 0.0412 
         195  1 0.0190 0.4991 0.4564 0.0254 
         196  1 0.0804 0.8095 0.0488 0.0613 
         197  1 0.1038 0.7575 0.0837 0.0549 
         198  1 0.0300 0.6002 0.2684 0.1014 
         199  1 0.0287 0.0397 0.0292 0.9024 
         200  1 0.0510 0.7270 0.1001 0.1219 
         201  1 0.0322 0.8972 0.0272 0.0433 
         202  1 0.0701 0.0904 0.4097 0.4298 
         203  1 0.0336 0.0718 0.6836 0.2110 
         204  1 0.0389 0.1104 0.5809 0.2698 
         205  1 0.7074 0.1390 0.0587 0.0950 
         206  1 0.0479 0.5688 0.1640 0.2193 
         207  1 0.8840 0.0240 0.0525 0.0395 
         208  1 0.1313 0.6118 0.1455 0.1113 
         209  1 0.1176 0.7208 0.0552 0.1063 
         210  1 0.0636 0.7154 0.1723 0.0487 
         211  1 0.7889 0.1240 0.0397 0.0474 
         212  1 0.7797 0.1030 0.0597 0.0576 
         213  1 0.0443 0.0334 0.8382 0.0840 
         214  1 0.0507 0.6798 0.1067 0.1628 
         215  1 0.1269 0.3090 0.5182 0.0459 
         216  1 0.0321 0.2241 0.6203 0.1235 
         217  1 0.0223 0.1355 0.8147 0.0275 
         218  1 0.7349 0.1552 0.0617 0.0482 
         219  1 0.0325 0.8956 0.0282 0.0437 
         220  1 0.0518 0.1154 0.5546 0.2782 
         221  1 0.0833 0.7506 0.0737 0.0924 
         222  1 0.1471 0.1800 0.3593 0.3135 
         223  1 0.0937 0.2392 0.2260 0.4411 
         224  1 0.1885 0.2214 0.4965 0.0936 
         225  1 0.9189 0.0217 0.0259 0.0335 
         226  1 0.9046 0.0310 0.0290 0.0355 
         227  1 0.8061 0.0377 0.0674 0.0887 
         228  1 0.0770 0.7109 0.0721 0.1400 
         229  1 0.4436 0.1867 0.1215 0.2482 
         230  1 0.0316 0.0861 0.5969 0.2853 
         231  1 0.4374 0.1960 0.2619 0.1048 
         232  1 0.0673 0.3702 0.2474 0.3151 
         233  1 0.2083 0.0685 0.5683 0.1549 
         234  1 0.0881 0.1592 0.6779 0.0749 
         235  1 0.0486 0.0489 0.0518 0.8507 
         236  1 0.0444 0.1770 0.5544 0.2242 
         237  1 0.3631 0.0456 0.1636 0.4278 
         238  1 0.8585 0.0284 0.0655 0.0477 
         239  1 0.0439 0.3033 0.2013 0.4516 
         240  1 0.0577 0.2004 0.6678 0.0740 
         241  1 0.8792 0.0590 0.0264 0.0354 
         242  1 0.1099 0.6038 0.1953 0.0910 
         243  1 0.0659 0.0460 0.2799 0.6082 
         244  1 0.0701 0.0514 0.0244 0.8542 
         245  1 0.1929 0.5829 0.1333 0.0908 
         246  1 0.0401 0.3888 0.5219 0.0493 
         247  1 0.2177 0.2474 0.2768 0.2581 
         248  1 0.3977 0.0784 0.4406 0.0832 
         249  1 0.0813 0.2362 0.4990 0.1836 
         250  1 0.2992 0.0728 0.4563 0.1717 
         251  1 0.0783 0.0531 0.2493 0.6192 
         252  1 0.1225 0.1400 0.6716 0.0659 
         253  1 0.0343 0.8321 0.0749 0.0587 
         254  1 0.0948 0.1827 0.3071 0.4155 
         255  1 0.0239 0.8498 0.0348 0.0915 
         256  1 0.0242 0.8523 0.0338 0.0897 
         257  1 0.0979 0.6695 0.1318 0.1008 
         258  1 0.0918 0.6166 0.2192 0.0723 
         259  1 0.0272 0.5973 0.3325 0.0430 
         260  1 0.1618 0.1014 0.6781 0.0586 
