           1  1 0.2015 0.6307 0.0770 0.0908 
           2  1 0.1438 0.4174 0.2781 0.1607 
           3  1 0.7605 0.1614 0.0428 0.0353 
           4  1 0.2120 0.2963 0.4262 0.0655 
           5  1 0.0582 0.5672 0.1671 0.2075 
           6  1 0.1350 0.7343 0.0970 0.0338 
           7  1 0.1799 0.2186 0.3062 0.2954 
           8  1 0.5142 0.1528 0.0829 0.2501 
           9  1 0.0438 0.1656 0.0375 0.7531 
          10  1 0.0496 0.7826 0.0737 0.0941 
          11  1 0.1398 0.7328 0.1008 0.0267 
          12  1 0.1070 0.0692 0.0993 0.7245 
          13  1 0.3177 0.0969 0.5456 0.0398 
          14  1 0.8399 0.0394 0.0721 0.0485 
          15  1 0.1199 0.1224 0.7208 0.0368 
          16  1 0.1136 0.0425 0.1362 0.7078 
          17  1 0.6483 0.0371 0.2706 0.0441 
          18  1 0.7795 0.0867 0.0733 0.0605 
          19  1 0.0356 0.7656 0.0315 0.1673 
          20  1 0.0583 0.8295 0.0738 0.0384 
          21  1 0.0544 0.0288 0.1268 0.7900 
          22  1 0.1074 0.6667 0.1680 0.0579 
          23  1 0.7301 0.0835 0.0530 0.1334 
          24  1 0.0237 0.0198 0.0230 0.9336 
          25  1 0.6511 0.0601 0.2300 0.0588 
          26  1 0.2148 0.3905 0.1685 0.2262 
          27  1 0.0937 0.1355 0.0543 0.7165 
          28  1 0.3520 0.1109 0.4762 0.0609 
          29  1 0.3106 0.1214 0.5246 0.0435 
          30  1 0.4109 0.0690 0.4473 0.0729 
          31  1 0.4253 0.1855 0.2297 0.1595 
          32  1 0.2652 0.3003 0.3136 0.1210 
          33  1 0.8636 0.0369 0.0551 0.0444 
          34  1 0.0929 0.8340 0.0279 0.0453 
          35  1 0.9067 0.0400 0.0295 0.0237 
          36  1 0.0861 0.7784 0.0428 0.0926 
          37  1 0.4122 0.1054 0.2319 0.2505 
          38  1 0.0918 0.0572 0.1092 0.7417 
          39  1 0.1063 0.3840 0.3578 0.1519 
          40  1 0.5542 0.0702 0.1111 0.2645 
          41  1 0.0479 0.0392 0.0572 0.8556 
          42  1 0.7441 0.0848 0.1325 0.0386 
          43  1 0.3908 0.0304 0.0315 0.5473 
          44  1 0.0283 0.1137 0.0492 0.8087 
          45  1 0.0890 0.3148 0.4934 0.1028 
          46  1 0.8781 0.0326 0.0356 0.0537 
          47  1 0.2138 0.1003 0.3834 0.3025 
          48  1 0.0387 0.1026 0.5296 0.3290 
          49  1 0.3043 0.0611 0.5532 0.0814 
          50  1 0.0417 0.0770 0.7408 0.1405 
          51  1 0.0506 0.0330 0.8922 0.0242 
          52  1 0.2136 0.0840 0.6347 0.0677 
          53  1 0.1372 0.4276 0.4031 0.0321 
          54  1 0.0591 0.0398 0.8660 0.0351 
          55  1 0.3298 0.1786 0.2768 0.2148 
          56  1 0.1550 0.0533 0.5057 0.2860 
          57  1 0.2790 0.0540 0.6084 0.0586 
          58  1 0.3091 0.1010 0.3711 0.2188 
          59  1 0.0977 0.5306 0.2948 0.0769 
          60  1 0.0568 0.4063 0.4377 0.0992 
          61  1 0.0536 0.0970 0.0731 0.7764 
          62  1 0.1350 0.0636 0.7473 0.0541 
          63  1 0.8667 0.0624 0.0328 0.0382 
          64  1 0.0218 0.9022 0.0534 0.0226 
          65  1 0.0869 0.0330 0.6970 0.1831 
          66  1 0.0436 0.0394 0.0315 0.8855 
          67  1 0.4729 0.0681 0.3984 0.0606 
          68  1 0.1513 0.0455 0.6495 0.1536 
          69  1 0.0724 0.0765 0.6419 0.2091 
          70  1 0.2374 0.1391 0.5259 0.0976 
          71  1 0.2102 0.0936 0.6037 0.0924 
          72  1 0.8855 0.0391 0.0449 0.0306 
          73  1 0.2754 0.0787 0.4160 0.2299 
          74  1 0.5745 0.2375 0.1531 0.0349 
          75  1 0.4758 0.1234 0.1259 0.2750 
          76  1 0.0701 0.0576 0.8226 0.0497 
          77  1 0.1554 0.5718 0.2050 0.0678 
          78  1 0.3952 0.2452 0.0881 0.2715 
          79  1 0.1348 0.6938 0.0963 0.0751 
          80  1 0.8745 0.0452 0.0440 0.0363 
          81  1 0.0599 0.1011 0.5625 0.2764 
          82  1 0.8059 0.0732 0.0837 0.0373 
          83  1 0.7499 0.0241 0.0421 0.1839 
          84  1 0.2226 0.4523 0.0814 0.2437 
          85  1 0.2418 0.0443 0.6478 0.0661 
          86  1 0.1105 0.0501 0.7545 0.0850 
          87  1 0.0820 0.5270 0.0794 0.3116 
          88  1 0.4812 0.0910 0.1149 0.3129 
          89  1 0.1412 0.2113 0.5320 0.1155 
          90  1 0.8958 0.0322 0.0379 0.0342 
          91  1 0.5476 0.0890 0.1824 0.1810 
          92  1 0.4433 0.0395 0.4644 0.0527 
          93  1 0.0818 0.1059 0.6649 0.1473 
          94  1 0.3476 0.0811 0.4796 0.0917 
          95  1 0.5401 0.2789 0.0959 0.0851 
          96  1 0.3107 0.2220 0.2295 0.2378 
          97  1 0.0532 0.7823 0.1435 0.0210 
          98  1 0.2165 0.5169 0.1697 0.0969 
          99  1 0.0882 0.0366 0.8387 0.0365 
         100  1 0.1815 0.1634 0.5733 0.0818 
         101  1 0.5882 0.0604 0.0540 0.2974 
         102  1 0.7759 0.0449 0.0622 0.1170 
         103  1 0.3366 0.0801 0.0774 0.5059 
         104  1 0.1985 0.6284 0.0893 0.0839 
         105  1 0.2685 0.2863 0.2804 0.1648 
         106  1 0.1016 0.0926 0.6668 0.1390 
         107  1 0.0961 0.6044 0.2513 0.0482 
         108  1 0.5955 0.0733 0.1559 0.1753 
         109  1 0.3834 0.0799 0.3565 0.1803 
         110  1 0.3519 0.3355 0.2686 0.0440 
         111  1 0.0869 0.7415 0.0713 0.1003 
         112  1 0.2017 0.6058 0.1228 0.0697 
         113  1 0.7936 0.0583 0.0667 0.0814 
         114  1 0.0811 0.2010 0.6959 0.0220 
         115  1 0.1104 0.1116 0.1436 0.6343 
         116  1 0.2798 0.0929 0.2668 0.3604 
         117  1 0.0493 0.3776 0.1216 0.4514 
         118  1 0.1983 0.3059 0.3833 0.1125 
         119  1 0.7974 0.0699 0.0809 0.0518 
         120  1 0.1159 0.1283 0.7209 0.0349 
         121  1 0.0390 0.0289 0.0793 0.8528 
         122  1 0.2865 0.2428 0.2680 0.2027 
         123  1 0.0276 0.9118 0.0345 0.0262 
         124  1 0.8638 0.0291 0.0777 0.0294 
         125  1 0.1228 0.6408 0.1580 0.0784 
         126  1 0.0798 0.5822 0.2704 0.0675 
         127  1 0.2091 0.0949 0.6619 0.0340 
         128  1 0.2976 0.4453 0.0541 0.2031 
         129  1 0.2146 0.0648 0.6515 0.0691 
         130  1 0.2518 0.2642 0.3578 0.1261 
         131  1 0.3560 0.2404 0.3010 0.1026 
         132  1 0.1350 0.3022 0.4843 0.0784 
         133  1 0.2129 0.0283 0.2808 0.4780 
         134  1 0.3234 0.0380 0.5964 0.0422 
         135  1 0.4907 0.0468 0.4185 0.0440 
         136  1 0.1858 0.0834 0.6943 0.0365 
         137  1 0.0603 0.1681 0.7321 0.0395 
         138  1 0.0480 0.1729 0.7005 0.0786 
         139  1 0.0527 0.2601 0.6164 0.0707 
         140  1 0.1215 0.7122 0.1358 0.0306 
         141  1 0.0327 0.4692 0.4414 0.0567 
         142  1 0.1070 0.7106 0.1314 0.0510 
         143  1 0.0443 0.2102 0.6768 0.0687 
         144  1 0.6510 0.0576 0.1910 0.1003 
         145  1 0.0640 0.4435 0.3830 0.1095 
         146  1 0.0614 0.0542 0.8515 0.0329 
         147  1 0.2399 0.0646 0.3831 0.3124 
         148  1 0.4104 0.1581 0.1878 0.2438 
         149  1 0.2657 0.1648 0.0526 0.5169 
         150  1 0.1564 0.1521 0.6282 0.0633 
         151  1 0.0359 0.0280 0.0284 0.9077 
         152  1 0.7470 0.1184 0.0698 0.0649 
         153  1 0.0592 0.0894 0.4329 0.4185 
         154  1 0.1740 0.0712 0.0413 0.7135 
         155  1 0.0896 0.1372 0.1662 0.6070 
         156  1 0.1293 0.1864 0.6159 0.0683 
         157  1 0.1057 0.6964 0.1440 0.0539 
         158  1 0.0513 0.0692 0.8144 0.0651 
         159  1 0.0708 0.8743 0.0296 0.0254 
         160  1 0.3170 0.0929 0.4031 0.1871 
         161  1 0.0938 0.6964 0.1241 0.0857 
         162  1 0.3080 0.1095 0.1955 0.3870 
         163  1 0.0705 0.6804 0.2020 0.0470 
         164  1 0.1625 0.6432 0.1357 0.0587 
         165  1 0.0484 0.8848 0.0416 0.0252 
         166  1 0.1959 0.4412 0.1132 0.2497 
         167  1 0.0771 0.0327 0.0586 0.8315 
         168  1 0.0836 0.0418 0.7940 0.0806 
         169  1 0.7555 0.0828 0.0840 0.0777 
         170  1 0.0396 0.0318 0.8719 0.0567 
         171  1 0.1156 0.5126 0.2369 0.1349 
         172  1 0.2212 0.0904 0.1695 0.5189 
         173  1 0.0661 0.1205 0.1115 0.7019 
         174  1 0.0957 0.4100 0.4039 0.0903 
         175  1 0.1453 0.1100 0.4829 0.2618 
         176  1 0.0623 0.0315 0.6613 0.2449 
         177  1 0.1540 0.0446 0.2752 0.5262 
         178  1 0.6175 0.0875 0.2023 0.0927 
         179  1 0.2220 0.3694 0.3030 0.1057 
         180  1 0.0750 0.5599 0.2812 0.0840 
         181  1 0.0514 0.0250 0.0327 0.8908 
         182  1 0.6706 0.0378 0.1480 0.1435 
         183  1 0.0511 0.1646 0.7486 0.0357 
         184  1 0.5823 0.0924 0.0761 0.2492 
         185  1 0.1048 0.7526 0.1137 0.0289 
         186  1 0.0627 0.5285 0.0731 0.3357 
         187  1 0.3351 0.4102 0.1148 0.1399 
         188  1 0.0757 0.0584 0.7090 0.1569 
         189  1 0.0301 0.1004 0.8460 0.0235 
         190  1 0.1111 0.0396 0.0503 0.7990 
         191  1 0.0971 0.4729 0.0717 0.3584 
         192  1 0.2168 0.0635 0.5455 0.1742 
         193  1 0.0279 0.9111 0.0348 0.0262 
         194  1 0.0453 0.8791 0.0495 0.0261 
         195  1 0.0272 0.4595 0.4920 0.0212 
         196  1 0.0635 0.8065 0.0481 0.0819 
         197  1 0.0583 0.7535 0.0786 0.1097 
         198  1 0.1128 0.6363 0.2192 0.0317 
         199  1 0.8941 0.0435 0.0313 0.0311 
         200  1 0.1330 0.7017 0.1096 0.0557 
         201  1 0.0462 0.8906 0.0286 0.0346 
         202  1 0.4363 0.0907 0.3979 0.0750 
         203  1 0.1870 0.0834 0.6933 0.0362 
         204  1 0.2562 0.1165 0.5857 0.0416 
         205  1 0.0963 0.1509 0.0596 0.6932 
         206  1 0.2128 0.6164 0.1209 0.0499 
         207  1 0.0412 0.0258 0.0534 0.8796 
         208  1 0.1195 0.6091 0.1324 0.1390 
         209  1 0.1068 0.7228 0.0501 0.1202 
         210  1 0.0499 0.7201 0.1618 0.0683 
         211  1 0.0510 0.1290 0.0431 0.7770 
         212  1 0.0660 0.1100 0.0623 0.7616 
         213  1 0.0656 0.0339 0.8547 0.0457 
         214  1 0.1692 0.6609 0.1180 0.0519 
         215  1 0.0486 0.2523 0.5670 0.1321 
         216  1 0.1076 0.2312 0.6279 0.0333 
         217  1 0.0291 0.1004 0.8467 0.0238 
         218  1 0.0508 0.1757 0.0617 0.7117 
         219  1 0.0481 0.8893 0.0288 0.0339 
         220  1 0.2646 0.1123 0.5686 0.0544 
         221  1 0.0952 0.7412 0.0757 0.0878 
         222  1 0.3173 0.1684 0.3597 0.1546 
         223  1 0.4441 0.2472 0.2064 0.1024 
         224  1 0.0895 0.1866 0.5254 0.1985 
         225  1 0.0360 0.0242 0.0282 0.9116 
         226  1 0.0414 0.0335 0.0304 0.8948 
         227  1 0.0912 0.0388 0.0752 0.7949 
         228  1 0.1565 0.6933 0.0701 0.0801 
         229  1 0.2521 0.1893 0.1069 0.4517 
         230  1 0.3049 0.0827 0.5788 0.0336 
         231  1 0.0975 0.2191 0.2435 0.4399 
         232  1 0.3211 0.3919 0.2163 0.0707 
         233  1 0.1281 0.0655 0.5953 0.2111 
         234  1 0.0782 0.1783 0.6518 0.0918 
         235  1 0.8447 0.0503 0.0554 0.0496 
         236  1 0.2231 0.1713 0.5594 0.0462 
         237  1 0.4276 0.0515 0.1452 0.3756 
         238  1 0.0532 0.0305 0.0702 0.8461 
         239  1 0.4565 0.3030 0.1923 0.0481 
         240  1 0.0843 0.2153 0.6400 0.0604 
         241  1 0.0385 0.0647 0.0279 0.8689 
         242  1 0.0895 0.6363 0.1667 0.1075 
         243  1 0.5729 0.0504 0.3068 0.0699 
         244  1 0.8492 0.0540 0.0244 0.0724 
         245  1 0.1000 0.5896 0.1214 0.1890 
         246  1 0.0550 0.3557 0.5448 0.0445 
         247  1 0.2501 0.2498 0.2816 0.2185 
         248  1 0.0850 0.0873 0.4238 0.4039 
         249  1 0.1866 0.2282 0.5021 0.0832 
         250  1 0.1732 0.0701 0.4587 0.2980 
         251  1 0.5977 0.0523 0.2633 0.0866 
         252  1 0.0688 0.1515 0.6520 0.1277 
         253  1 0.0652 0.8153 0.0826 0.0368 
         254  1 0.4202 0.1980 0.2743 0.1075 
         255  1 0.0991 0.8384 0.0359 0.0266 
         256  1 0.1016 0.8361 0.0359 0.0265 
         257  1 0.1135 0.6547 0.1264 0.1054 
         258  1 0.0697 0.6805 0.1525 0.0973 
         259  1 0.0437 0.6605 0.2667 0.0291 
         260  1 0.0698 0.0980 0.6509 0.1813 
