           1  1 0.0355 0.3265 0.0785 0.0423 0.0143 0.0100 0.0636 0.0877 0.2747 0.0670 
           2  1 0.2101 0.1487 0.0222 0.0113 0.0215 0.0131 0.1173 0.1680 0.1027 0.1852 
           3  1 0.0111 0.0252 0.0220 0.7418 0.0124 0.0540 0.0291 0.0533 0.0250 0.0262 
           4  1 0.0351 0.1705 0.0391 0.0326 0.0169 0.0265 0.2442 0.0813 0.1625 0.1912 
           5  1 0.0155 0.3492 0.0295 0.0077 0.0198 0.0236 0.0870 0.0165 0.3938 0.0574 
           6  1 0.0152 0.0771 0.0177 0.0286 0.0092 0.2826 0.0944 0.3124 0.0748 0.0881 
           7  1 0.1286 0.1677 0.0916 0.0280 0.0892 0.0278 0.1380 0.0316 0.1454 0.1520 
           8  1 0.0243 0.2193 0.0752 0.2421 0.0618 0.0174 0.0535 0.0324 0.2342 0.0398 
           9  1 0.0110 0.1184 0.0336 0.0127 0.5495 0.0167 0.0340 0.0683 0.1307 0.0252 
          10  1 0.0094 0.3718 0.0241 0.0111 0.0126 0.0119 0.0546 0.0588 0.4142 0.0314 
          11  1 0.0249 0.0928 0.1328 0.0759 0.0074 0.2112 0.1006 0.1975 0.0783 0.0787 
          12  1 0.1049 0.0784 0.0154 0.0142 0.5094 0.0234 0.0736 0.0448 0.0596 0.0761 
          13  1 0.2262 0.0780 0.2046 0.0653 0.0123 0.0548 0.0914 0.0123 0.0645 0.1906 
          14  1 0.0569 0.0363 0.0261 0.6895 0.0190 0.0116 0.0506 0.0278 0.0368 0.0453 
          15  1 0.0123 0.1064 0.0999 0.0189 0.0084 0.0285 0.3741 0.0091 0.2246 0.1178 
          16  1 0.0314 0.1273 0.0131 0.0202 0.1511 0.0160 0.2974 0.0104 0.1838 0.1494 
          17  1 0.0248 0.0606 0.0218 0.4336 0.0164 0.0314 0.1946 0.0099 0.1098 0.0970 
          18  1 0.0545 0.0388 0.0143 0.7040 0.0132 0.0407 0.0431 0.0269 0.0325 0.0318 
          19  1 0.0113 0.0199 0.0146 0.0089 0.1188 0.0186 0.0201 0.7463 0.0191 0.0225 
          20  1 0.0320 0.0621 0.0124 0.0119 0.0152 0.0604 0.0521 0.6116 0.0459 0.0964 
          21  1 0.0551 0.0431 0.0184 0.0122 0.6997 0.0074 0.0297 0.0087 0.0488 0.0769 
          22  1 0.0251 0.1148 0.0265 0.0135 0.0130 0.0238 0.0854 0.4420 0.0870 0.1689 
          23  1 0.0541 0.1914 0.0224 0.1830 0.0342 0.0347 0.1629 0.0268 0.1128 0.1777 
          24  1 0.0145 0.0169 0.0079 0.0073 0.8825 0.0099 0.0202 0.0085 0.0159 0.0163 
          25  1 0.2548 0.1313 0.0234 0.2215 0.0133 0.0475 0.0975 0.0104 0.0681 0.1322 
          26  1 0.0396 0.2628 0.0210 0.0406 0.0439 0.0317 0.1396 0.0746 0.2167 0.1295 
          27  1 0.0301 0.2790 0.0222 0.0182 0.1305 0.0233 0.1257 0.0350 0.2327 0.1034 
          28  1 0.7604 0.0292 0.0199 0.0309 0.0124 0.0509 0.0215 0.0188 0.0299 0.0263 
          29  1 0.0516 0.2145 0.0702 0.1000 0.0085 0.0178 0.1474 0.0170 0.2152 0.1579 
          30  1 0.5925 0.0404 0.0495 0.1378 0.0204 0.0125 0.0468 0.0290 0.0320 0.0389 
          31  1 0.1185 0.1322 0.0414 0.1203 0.0419 0.0684 0.1337 0.0485 0.1021 0.1930 
          32  1 0.1044 0.1623 0.0118 0.0152 0.0188 0.1674 0.1728 0.0465 0.1615 0.1393 
          33  1 0.0482 0.0279 0.0145 0.7762 0.0154 0.0231 0.0290 0.0113 0.0263 0.0281 
          34  1 0.0266 0.0175 0.0332 0.0234 0.0138 0.0108 0.0131 0.8332 0.0153 0.0131 
          35  1 0.0083 0.0100 0.0178 0.9127 0.0064 0.0068 0.0102 0.0083 0.0102 0.0093 
          36  1 0.0093 0.2808 0.0865 0.0210 0.0208 0.0064 0.0402 0.1804 0.3378 0.0167 
          37  1 0.0426 0.2284 0.0337 0.0637 0.0367 0.0151 0.1899 0.0349 0.1387 0.2163 
          38  1 0.0381 0.0699 0.0566 0.0319 0.5868 0.0151 0.0631 0.0123 0.0566 0.0695 
          39  1 0.0173 0.3315 0.0548 0.0180 0.0136 0.0457 0.0955 0.0112 0.3197 0.0927 
          40  1 0.0761 0.1884 0.0104 0.1014 0.0506 0.0311 0.2083 0.0150 0.1442 0.1745 
          41  1 0.0464 0.0549 0.0331 0.0136 0.6988 0.0284 0.0310 0.0106 0.0555 0.0276 
          42  1 0.0386 0.1367 0.0164 0.3121 0.0094 0.0140 0.1708 0.0310 0.1064 0.1647 
          43  1 0.0183 0.0123 0.0102 0.3877 0.5077 0.0096 0.0149 0.0122 0.0123 0.0149 
          44  1 0.0308 0.0319 0.0965 0.0068 0.7124 0.0220 0.0210 0.0292 0.0287 0.0207 
          45  1 0.0516 0.1306 0.0181 0.0233 0.0261 0.1760 0.1957 0.0595 0.1189 0.2002 
          46  1 0.0231 0.0532 0.0078 0.7084 0.0141 0.0116 0.0498 0.0242 0.0572 0.0507 
          47  1 0.0320 0.0888 0.0121 0.0278 0.1200 0.0193 0.3856 0.0353 0.2123 0.0668 
          48  1 0.0408 0.1482 0.0374 0.0079 0.0671 0.1148 0.2672 0.0214 0.1551 0.1400 
          49  1 0.0365 0.1012 0.0185 0.0320 0.0194 0.0734 0.3847 0.0137 0.2174 0.1032 
          50  1 0.0268 0.0727 0.0397 0.0080 0.0247 0.0599 0.4399 0.0199 0.2470 0.0615 
          51  1 0.5340 0.0402 0.0754 0.0116 0.0089 0.1622 0.0758 0.0062 0.0352 0.0504 
          52  1 0.0881 0.1201 0.1479 0.0513 0.0276 0.1003 0.1673 0.0097 0.0943 0.1934 
          53  1 0.3065 0.0515 0.3466 0.0421 0.0090 0.0278 0.0395 0.0986 0.0310 0.0472 
          54  1 0.0266 0.1078 0.0159 0.0089 0.0071 0.0678 0.3625 0.0075 0.2288 0.1671 
          55  1 0.4609 0.0588 0.0222 0.0485 0.1063 0.0444 0.0476 0.1016 0.0399 0.0698 
          56  1 0.2117 0.1413 0.0348 0.0188 0.0538 0.0356 0.2214 0.0097 0.1254 0.1475 
          57  1 0.2233 0.1090 0.0291 0.0394 0.0172 0.0188 0.1147 0.0126 0.0663 0.3697 
          58  1 0.3520 0.1744 0.0342 0.0233 0.0535 0.0210 0.0763 0.0183 0.1530 0.0939 
          59  1 0.0341 0.2399 0.2652 0.0164 0.0148 0.0432 0.0826 0.0310 0.1777 0.0952 
          60  1 0.0991 0.1728 0.0453 0.0077 0.0203 0.0502 0.1841 0.0833 0.1426 0.1947 
          61  1 0.0306 0.0555 0.0176 0.0194 0.6010 0.1152 0.0430 0.0238 0.0507 0.0432 
          62  1 0.0995 0.1089 0.2015 0.0678 0.0207 0.1074 0.1478 0.0263 0.0832 0.1369 
          63  1 0.0165 0.0156 0.0089 0.8333 0.0120 0.0525 0.0127 0.0179 0.0156 0.0150 
          64  1 0.0150 0.0300 0.6253 0.0066 0.0081 0.1685 0.0181 0.0757 0.0326 0.0201 
          65  1 0.6558 0.0402 0.0618 0.0174 0.0626 0.0122 0.0339 0.0073 0.0351 0.0736 
          66  1 0.0148 0.0207 0.0246 0.0263 0.8243 0.0130 0.0168 0.0228 0.0215 0.0153 
          67  1 0.3168 0.0957 0.0145 0.0518 0.0133 0.0539 0.1294 0.0140 0.0769 0.2338 
          68  1 0.1755 0.0753 0.0134 0.0112 0.0334 0.0904 0.3455 0.0076 0.1588 0.0890 
          69  1 0.0178 0.1745 0.0291 0.0166 0.0412 0.0276 0.3083 0.0123 0.2079 0.1646 
          70  1 0.0433 0.0955 0.0142 0.0235 0.0118 0.1129 0.3742 0.0147 0.2321 0.0779 
          71  1 0.0345 0.1747 0.0742 0.0575 0.0248 0.0275 0.1971 0.0105 0.2061 0.1930 
          72  1 0.0212 0.0239 0.0104 0.8087 0.0113 0.0241 0.0236 0.0139 0.0234 0.0395 
          73  1 0.0170 0.1809 0.0262 0.0331 0.0358 0.0114 0.2990 0.0154 0.2715 0.1098 
          74  1 0.0344 0.0544 0.1027 0.4740 0.0101 0.0364 0.0698 0.1202 0.0554 0.0426 
          75  1 0.0665 0.3072 0.0237 0.0905 0.0563 0.0096 0.0610 0.0154 0.3180 0.0517 
          76  1 0.4070 0.0835 0.0741 0.0114 0.0106 0.0600 0.1779 0.0097 0.0936 0.0722 
          77  1 0.0134 0.0557 0.6303 0.0793 0.0266 0.0306 0.0450 0.0271 0.0558 0.0363 
          78  1 0.0739 0.1291 0.0121 0.0808 0.1107 0.0862 0.1445 0.1134 0.0911 0.1581 
          79  1 0.0116 0.1389 0.0279 0.0323 0.0194 0.2620 0.1987 0.0655 0.1577 0.0860 
          80  1 0.0269 0.0307 0.0193 0.7657 0.0126 0.0151 0.0338 0.0247 0.0278 0.0433 
          81  1 0.5539 0.0680 0.0912 0.0089 0.0838 0.0105 0.0359 0.0190 0.0764 0.0525 
          82  1 0.0540 0.1104 0.0139 0.4354 0.0128 0.0260 0.1163 0.0306 0.1049 0.0958 
          83  1 0.0530 0.0442 0.0091 0.6380 0.1155 0.0091 0.0457 0.0080 0.0336 0.0436 
          84  1 0.0354 0.2107 0.1046 0.0930 0.0564 0.0152 0.1014 0.0916 0.1916 0.1000 
          85  1 0.7402 0.0279 0.0213 0.0480 0.0137 0.0427 0.0276 0.0104 0.0226 0.0456 
          86  1 0.7771 0.0221 0.0296 0.0145 0.0156 0.0244 0.0254 0.0168 0.0214 0.0532 
          87  1 0.0252 0.2342 0.1006 0.0215 0.1006 0.0146 0.1033 0.1313 0.1597 0.1089 
          88  1 0.0516 0.2095 0.0133 0.0446 0.0681 0.0189 0.2513 0.0098 0.1615 0.1714 
          89  1 0.1095 0.1551 0.0210 0.0140 0.0123 0.1109 0.2218 0.0436 0.1097 0.2021 
          90  1 0.0177 0.0134 0.0120 0.8806 0.0122 0.0119 0.0139 0.0126 0.0125 0.0132 
          91  1 0.0287 0.2628 0.0110 0.0350 0.0170 0.0178 0.1733 0.0130 0.3170 0.1245 
          92  1 0.8340 0.0265 0.0125 0.0232 0.0110 0.0107 0.0205 0.0114 0.0251 0.0250 
          93  1 0.0883 0.1670 0.0551 0.0170 0.0474 0.0366 0.1771 0.0274 0.1222 0.2619 
          94  1 0.8534 0.0128 0.0095 0.0179 0.0103 0.0370 0.0122 0.0217 0.0098 0.0153 
          95  1 0.0298 0.0701 0.0180 0.3597 0.0297 0.2253 0.0718 0.0848 0.0450 0.0657 
          96  1 0.1182 0.1792 0.0819 0.0858 0.0335 0.0342 0.1842 0.0237 0.1745 0.0848 
          97  1 0.0443 0.0279 0.2423 0.0191 0.0067 0.0374 0.0310 0.4944 0.0262 0.0709 
          98  1 0.0103 0.1097 0.2481 0.0859 0.0145 0.0602 0.2003 0.0231 0.1362 0.1117 
          99  1 0.8460 0.0123 0.0473 0.0092 0.0098 0.0246 0.0160 0.0079 0.0121 0.0149 
         100  1 0.1594 0.1302 0.0470 0.0208 0.0187 0.0281 0.1230 0.0517 0.0804 0.3408 
         101  1 0.0218 0.0697 0.0285 0.4276 0.1910 0.0105 0.0863 0.0359 0.0599 0.0687 
         102  1 0.0243 0.0366 0.0184 0.6785 0.0712 0.0447 0.0445 0.0168 0.0277 0.0373 
         103  1 0.1235 0.1291 0.0139 0.0940 0.2046 0.0419 0.1483 0.0331 0.0770 0.1347 
         104  1 0.0450 0.0404 0.0218 0.0537 0.0218 0.1351 0.0597 0.5413 0.0381 0.0432 
         105  1 0.0534 0.1556 0.1706 0.1062 0.0433 0.1162 0.0980 0.0243 0.1265 0.1059 
         106  1 0.3065 0.0741 0.0377 0.0164 0.0433 0.0242 0.0469 0.0155 0.0749 0.3606 
         107  1 0.0097 0.0142 0.0098 0.0097 0.0103 0.8961 0.0153 0.0077 0.0139 0.0132 
         108  1 0.0615 0.1855 0.0119 0.0761 0.0365 0.0158 0.2324 0.0439 0.1220 0.2145 
         109  1 0.0961 0.1712 0.0161 0.0446 0.0234 0.0245 0.2255 0.0285 0.1836 0.1865 
         110  1 0.0145 0.0257 0.0378 0.3396 0.0151 0.4390 0.0401 0.0347 0.0287 0.0247 
         111  1 0.0236 0.1447 0.0237 0.0112 0.0167 0.0245 0.1313 0.4029 0.0856 0.1359 
         112  1 0.0321 0.1741 0.0405 0.0290 0.0186 0.0317 0.1592 0.2184 0.1534 0.1430 
         113  1 0.0172 0.0304 0.0547 0.7197 0.0289 0.0347 0.0341 0.0260 0.0274 0.0269 
         114  1 0.0126 0.0233 0.0091 0.0089 0.0054 0.7013 0.1372 0.0159 0.0642 0.0221 
         115  1 0.0355 0.1940 0.0142 0.0659 0.2024 0.0136 0.1371 0.0286 0.1910 0.1177 
         116  1 0.1524 0.2463 0.0241 0.0503 0.0625 0.0136 0.0872 0.0150 0.2242 0.1244 
         117  1 0.0160 0.1738 0.0679 0.0116 0.2292 0.0268 0.0933 0.1144 0.1782 0.0888 
         118  1 0.0376 0.1379 0.0256 0.0263 0.0169 0.0801 0.2888 0.0658 0.1751 0.1458 
         119  1 0.0403 0.1513 0.0131 0.3030 0.0169 0.1083 0.1208 0.0321 0.1224 0.0918 
         120  1 0.0297 0.0133 0.8629 0.0264 0.0086 0.0096 0.0143 0.0081 0.0131 0.0139 
         121  1 0.0232 0.0212 0.0199 0.0143 0.7818 0.0384 0.0377 0.0086 0.0262 0.0286 
         122  1 0.0849 0.1875 0.2475 0.0623 0.0275 0.0329 0.0841 0.0137 0.1560 0.1036 
         123  1 0.0075 0.0151 0.8152 0.0095 0.0077 0.0107 0.0107 0.0970 0.0160 0.0105 
         124  1 0.0896 0.0473 0.0126 0.5869 0.0102 0.0094 0.0435 0.0119 0.0322 0.1566 
         125  1 0.0568 0.3268 0.0259 0.0398 0.0140 0.0251 0.0618 0.0539 0.3303 0.0656 
         126  1 0.0135 0.0398 0.5960 0.0214 0.0238 0.0608 0.0948 0.0632 0.0539 0.0328 
         127  1 0.4435 0.0384 0.0235 0.0156 0.0073 0.0894 0.0389 0.0178 0.0319 0.2937 
         128  1 0.0179 0.0946 0.0152 0.2371 0.0862 0.1096 0.0924 0.1977 0.0658 0.0835 
         129  1 0.3970 0.0657 0.2298 0.0464 0.0172 0.0323 0.0588 0.0137 0.0489 0.0902 
         130  1 0.0524 0.1946 0.0222 0.0164 0.0183 0.0143 0.2017 0.0397 0.1271 0.3133 
         131  1 0.0984 0.1466 0.0794 0.1171 0.0308 0.1199 0.1230 0.0234 0.1208 0.1406 
         132  1 0.0156 0.0250 0.7276 0.0727 0.0229 0.0098 0.0241 0.0596 0.0224 0.0202 
         133  1 0.3518 0.1168 0.0137 0.0381 0.1529 0.0259 0.1079 0.0087 0.0708 0.1134 
         134  1 0.3480 0.0700 0.0186 0.0770 0.0120 0.0104 0.0722 0.0171 0.0658 0.3089 
         135  1 0.6012 0.0350 0.0103 0.0588 0.0114 0.0143 0.0497 0.0178 0.0343 0.1673 
         136  1 0.4476 0.0210 0.0072 0.0097 0.0069 0.0215 0.0158 0.0191 0.0263 0.4249 
         137  1 0.0204 0.0308 0.8082 0.0142 0.0103 0.0164 0.0249 0.0105 0.0339 0.0304 
         138  1 0.1813 0.0204 0.6567 0.0119 0.0435 0.0136 0.0176 0.0153 0.0182 0.0214 
         139  1 0.0242 0.0340 0.7992 0.0112 0.0159 0.0144 0.0255 0.0183 0.0237 0.0337 
         140  1 0.0135 0.0712 0.1346 0.0507 0.0105 0.0141 0.0677 0.5022 0.0868 0.0487 
         141  1 0.0184 0.0219 0.0112 0.0063 0.0138 0.8342 0.0268 0.0225 0.0189 0.0260 
         142  1 0.0152 0.0425 0.0113 0.0138 0.0113 0.7947 0.0241 0.0226 0.0429 0.0216 
         143  1 0.0287 0.0297 0.7664 0.0087 0.0320 0.0286 0.0353 0.0095 0.0366 0.0245 
         144  1 0.2090 0.1094 0.0226 0.1902 0.0242 0.0341 0.1000 0.0119 0.0811 0.2175 
         145  1 0.0274 0.0677 0.5853 0.0139 0.0352 0.0337 0.0766 0.0217 0.0619 0.0766 
         146  1 0.3640 0.0395 0.0293 0.0149 0.0106 0.1099 0.0833 0.0261 0.0570 0.2654 
         147  1 0.0500 0.1523 0.0163 0.0429 0.0207 0.0097 0.3158 0.0146 0.2280 0.1497 
         148  1 0.0610 0.1902 0.0154 0.0590 0.0263 0.0987 0.2144 0.0230 0.1476 0.1642 
         149  1 0.0297 0.2690 0.0152 0.0786 0.1126 0.0169 0.1226 0.0229 0.2048 0.1277 
         150  1 0.1086 0.0897 0.0287 0.0222 0.0155 0.3265 0.1569 0.0227 0.0953 0.1340 
         151  1 0.0211 0.0306 0.0160 0.0162 0.8214 0.0089 0.0214 0.0104 0.0322 0.0218 
         152  1 0.0206 0.1129 0.0206 0.4064 0.0189 0.0449 0.1208 0.0364 0.0938 0.1246 
         153  1 0.1217 0.1392 0.0176 0.0115 0.1430 0.0913 0.1948 0.0138 0.1382 0.1289 
         154  1 0.0264 0.0589 0.0184 0.1138 0.5061 0.0215 0.0684 0.0861 0.0461 0.0542 
         155  1 0.2163 0.1110 0.0240 0.0119 0.2789 0.1056 0.0736 0.0143 0.0543 0.1101 
         156  1 0.0229 0.1458 0.0234 0.0144 0.0092 0.0167 0.3554 0.0355 0.2865 0.0902 
         157  1 0.0135 0.0132 0.8739 0.0132 0.0088 0.0119 0.0113 0.0307 0.0125 0.0110 
         158  1 0.0888 0.0551 0.0343 0.0139 0.0200 0.5558 0.1017 0.0084 0.0549 0.0672 
         159  1 0.0105 0.0192 0.0165 0.0158 0.0071 0.0121 0.0176 0.8684 0.0166 0.0162 
         160  1 0.0456 0.2183 0.0253 0.0385 0.0289 0.0622 0.1915 0.0163 0.1437 0.2296 
         161  1 0.0295 0.0506 0.0158 0.0261 0.0170 0.6677 0.0291 0.0891 0.0444 0.0307 
         162  1 0.0342 0.2053 0.0123 0.0640 0.1103 0.0432 0.1903 0.0293 0.1475 0.1637 
         163  1 0.0286 0.1330 0.3839 0.0145 0.0115 0.0228 0.0820 0.1374 0.0899 0.0965 
         164  1 0.0302 0.1515 0.1054 0.0934 0.0195 0.2862 0.0587 0.0624 0.1396 0.0531 
         165  1 0.0085 0.0399 0.0645 0.0152 0.0088 0.0109 0.0342 0.7475 0.0443 0.0262 
         166  1 0.0206 0.1922 0.0132 0.0645 0.0397 0.1007 0.1661 0.0702 0.1648 0.1682 
         167  1 0.0405 0.0243 0.0171 0.0364 0.7620 0.0248 0.0285 0.0120 0.0231 0.0311 
         168  1 0.1638 0.0703 0.0242 0.0131 0.0189 0.0183 0.3001 0.0091 0.1828 0.1994 
         169  1 0.0426 0.0613 0.0400 0.5238 0.0269 0.0077 0.0436 0.1234 0.0473 0.0833 
         170  1 0.3577 0.0471 0.0339 0.0100 0.0176 0.0213 0.0359 0.0080 0.0560 0.4124 
         171  1 0.0211 0.1949 0.1190 0.0258 0.0190 0.0132 0.1737 0.1072 0.2169 0.1093 
         172  1 0.0664 0.2017 0.0304 0.0372 0.1000 0.0106 0.2041 0.0388 0.1375 0.1735 
         173  1 0.0183 0.1204 0.0270 0.0181 0.4563 0.0191 0.1095 0.0481 0.0755 0.1078 
         174  1 0.0407 0.2304 0.1054 0.0115 0.0196 0.0736 0.1162 0.0169 0.2556 0.1301 
         175  1 0.0760 0.1516 0.0133 0.0242 0.0560 0.1668 0.1712 0.0161 0.1310 0.1939 
         176  1 0.0738 0.1155 0.0106 0.0093 0.0338 0.0196 0.4035 0.0083 0.2430 0.0826 
         177  1 0.0682 0.1622 0.0182 0.0122 0.2014 0.0147 0.1858 0.0084 0.1061 0.2228 
         178  1 0.2943 0.1164 0.0244 0.0842 0.0201 0.0207 0.1056 0.0441 0.0909 0.1993 
         179  1 0.0298 0.0223 0.0135 0.0302 0.0397 0.7716 0.0249 0.0192 0.0209 0.0279 
         180  1 0.0194 0.0447 0.0867 0.0141 0.0246 0.6769 0.0291 0.0320 0.0473 0.0251 
         181  1 0.0178 0.0211 0.0097 0.0183 0.8470 0.0136 0.0213 0.0085 0.0235 0.0192 
         182  1 0.3533 0.0994 0.0108 0.1743 0.0330 0.0545 0.1011 0.0133 0.0586 0.1018 
         183  1 0.1108 0.0809 0.5073 0.0117 0.0083 0.0111 0.0437 0.0109 0.0996 0.1157 
         184  1 0.0531 0.2162 0.0110 0.1074 0.0226 0.0270 0.2200 0.0173 0.1945 0.1309 
         185  1 0.0184 0.0150 0.0109 0.0147 0.0068 0.8670 0.0144 0.0227 0.0143 0.0158 
         186  1 0.0163 0.3955 0.0083 0.0078 0.0179 0.0134 0.0552 0.0222 0.4397 0.0237 
         187  1 0.0161 0.2195 0.0140 0.0513 0.0286 0.0898 0.2110 0.0365 0.1739 0.1593 
         188  1 0.0352 0.1047 0.0340 0.0163 0.0160 0.1004 0.3674 0.0109 0.2225 0.0926 
         189  1 0.0115 0.0163 0.8182 0.0084 0.0064 0.0119 0.0599 0.0108 0.0386 0.0180 
         190  1 0.0177 0.0429 0.0106 0.0356 0.6723 0.0103 0.1052 0.0165 0.0623 0.0266 
         191  1 0.0283 0.0861 0.0493 0.0249 0.2062 0.0074 0.0542 0.3934 0.0877 0.0625 
         192  1 0.0268 0.1125 0.0112 0.0151 0.0247 0.0283 0.4476 0.0111 0.2358 0.0869 
         193  1 0.0075 0.0156 0.8144 0.0095 0.0078 0.0105 0.0104 0.0969 0.0178 0.0096 
         194  1 0.0148 0.0462 0.0287 0.0081 0.0087 0.0099 0.0202 0.7747 0.0527 0.0358 
         195  1 0.0174 0.0277 0.7242 0.0075 0.0056 0.0783 0.0278 0.0574 0.0275 0.0268 
         196  1 0.0157 0.0663 0.0118 0.0207 0.0249 0.1568 0.0455 0.5510 0.0661 0.0413 
         197  1 0.0230 0.1978 0.1809 0.0214 0.0253 0.1907 0.0761 0.0396 0.1703 0.0748 
         198  1 0.0270 0.1263 0.0658 0.0176 0.0075 0.3128 0.1532 0.0433 0.1387 0.1078 
         199  1 0.0138 0.0203 0.0104 0.8625 0.0108 0.0169 0.0171 0.0115 0.0197 0.0169 
         200  1 0.0485 0.1112 0.0746 0.0573 0.0148 0.0289 0.0865 0.3922 0.1003 0.0856 
         201  1 0.0168 0.0135 0.0198 0.0163 0.0164 0.0226 0.0114 0.8581 0.0125 0.0125 
         202  1 0.0775 0.1954 0.0137 0.0552 0.0102 0.0210 0.2108 0.0261 0.1870 0.2030 
         203  1 0.4498 0.0177 0.0075 0.0098 0.0068 0.0215 0.0157 0.0196 0.0243 0.4272 
         204  1 0.3152 0.0584 0.0078 0.0245 0.0096 0.0113 0.0427 0.0601 0.0444 0.4261 
         205  1 0.0603 0.0279 0.0071 0.0163 0.6047 0.0274 0.0243 0.1807 0.0214 0.0298 
         206  1 0.0175 0.1950 0.0521 0.0252 0.0090 0.1819 0.1708 0.0515 0.1247 0.1723 
         207  1 0.0216 0.0229 0.0076 0.0120 0.8010 0.0143 0.0398 0.0079 0.0289 0.0440 
         208  1 0.0317 0.1311 0.0417 0.0204 0.0442 0.1818 0.1522 0.1364 0.1057 0.1546 
         209  1 0.0121 0.3812 0.0096 0.0191 0.0149 0.0277 0.0567 0.0305 0.4304 0.0178 
         210  1 0.0297 0.0216 0.1307 0.0140 0.0153 0.7104 0.0194 0.0200 0.0196 0.0192 
         211  1 0.0119 0.0630 0.0936 0.0213 0.6311 0.0158 0.0342 0.0343 0.0671 0.0276 
         212  1 0.0195 0.1139 0.0304 0.0216 0.5135 0.0433 0.0680 0.0286 0.1026 0.0585 
         213  1 0.5246 0.0217 0.0395 0.0122 0.0141 0.0182 0.0304 0.0169 0.0272 0.2953 
         214  1 0.0760 0.0546 0.3858 0.0582 0.0151 0.0326 0.0689 0.2160 0.0418 0.0510 
         215  1 0.0188 0.0175 0.8122 0.0141 0.0610 0.0103 0.0164 0.0174 0.0160 0.0163 
         216  1 0.3445 0.0319 0.0699 0.0175 0.0085 0.0592 0.0221 0.0401 0.0443 0.3620 
         217  1 0.0124 0.0157 0.8189 0.0087 0.0066 0.0115 0.0597 0.0105 0.0367 0.0193 
         218  1 0.0316 0.0601 0.0520 0.0136 0.5614 0.0831 0.0446 0.0639 0.0510 0.0386 
         219  1 0.0162 0.0136 0.0197 0.0156 0.0156 0.0248 0.0110 0.8569 0.0126 0.0140 
         220  1 0.1153 0.2098 0.0155 0.0229 0.0133 0.0097 0.0883 0.0090 0.2644 0.2517 
         221  1 0.0179 0.3848 0.0134 0.0148 0.0115 0.0228 0.0533 0.0275 0.4328 0.0213 
         222  1 0.0526 0.2008 0.0208 0.0196 0.0229 0.0155 0.2148 0.0226 0.1242 0.3061 
         223  1 0.0693 0.1575 0.0117 0.0643 0.0330 0.0361 0.1713 0.1145 0.0955 0.2470 
         224  1 0.0527 0.0984 0.5873 0.0160 0.0301 0.0090 0.0526 0.0117 0.0954 0.0468 
         225  1 0.0120 0.0196 0.0098 0.0141 0.8713 0.0117 0.0185 0.0064 0.0195 0.0170 
         226  1 0.0132 0.0238 0.0154 0.0235 0.8121 0.0259 0.0286 0.0153 0.0217 0.0206 
         227  1 0.0357 0.1303 0.0464 0.0384 0.4705 0.0123 0.0696 0.0082 0.1454 0.0431 
         228  1 0.0258 0.1532 0.0205 0.0231 0.0254 0.0506 0.1344 0.3527 0.0852 0.1291 
         229  1 0.0281 0.2325 0.0385 0.0148 0.0354 0.0218 0.2380 0.0236 0.1642 0.2032 
         230  1 0.0140 0.1053 0.0457 0.0469 0.0104 0.0401 0.3792 0.0143 0.1879 0.1561 
         231  1 0.1518 0.0673 0.0656 0.0133 0.1635 0.3367 0.0710 0.0128 0.0462 0.0719 
         232  1 0.0463 0.1269 0.0142 0.0462 0.0112 0.1350 0.1965 0.1616 0.1402 0.1217 
         233  1 0.7247 0.0403 0.0296 0.0090 0.0376 0.0210 0.0363 0.0253 0.0283 0.0479 
         234  1 0.0312 0.2140 0.0682 0.0127 0.0108 0.0235 0.2407 0.0135 0.1682 0.2171 
         235  1 0.0206 0.0273 0.0465 0.7882 0.0235 0.0116 0.0226 0.0129 0.0226 0.0243 
         236  1 0.1547 0.1621 0.0377 0.0324 0.0131 0.0251 0.1057 0.0694 0.1585 0.2411 
         237  1 0.0413 0.1352 0.0221 0.1219 0.1258 0.0526 0.2207 0.0084 0.1302 0.1417 
         238  1 0.0221 0.0375 0.0079 0.0159 0.6680 0.0285 0.1120 0.0071 0.0709 0.0302 
         239  1 0.1535 0.1575 0.0196 0.0497 0.0132 0.0653 0.1542 0.0840 0.0933 0.2096 
         240  1 0.0393 0.1533 0.0689 0.0136 0.0156 0.0636 0.1833 0.0770 0.1128 0.2727 
         241  1 0.0112 0.0179 0.0124 0.0194 0.7867 0.0243 0.0151 0.0829 0.0158 0.0143 
         242  1 0.0236 0.1769 0.1570 0.0191 0.0147 0.1498 0.1586 0.0270 0.1066 0.1666 
         243  1 0.4820 0.0767 0.0231 0.1110 0.0174 0.0775 0.0730 0.0076 0.0493 0.0822 
         244  1 0.0129 0.0196 0.0138 0.8441 0.0243 0.0208 0.0202 0.0091 0.0179 0.0172 
         245  1 0.0150 0.3360 0.0533 0.0229 0.0208 0.0495 0.0729 0.0150 0.3796 0.0350 
         246  1 0.0088 0.0159 0.8548 0.0161 0.0116 0.0272 0.0194 0.0134 0.0176 0.0151 
         247  1 0.0961 0.2826 0.0394 0.0152 0.0275 0.0247 0.0917 0.0188 0.3130 0.0910 
         248  1 0.0322 0.1822 0.0480 0.0132 0.0771 0.0410 0.2237 0.0174 0.1348 0.2304 
         249  1 0.1317 0.1402 0.1038 0.0399 0.0194 0.0256 0.1740 0.0794 0.1014 0.1845 
         250  1 0.1657 0.2174 0.0348 0.0223 0.0309 0.0326 0.1576 0.0091 0.1593 0.1703 
         251  1 0.1899 0.1641 0.0208 0.1087 0.0161 0.0167 0.1565 0.0139 0.1166 0.1968 
         252  1 0.0739 0.0389 0.0355 0.0205 0.0680 0.5999 0.0320 0.0079 0.0400 0.0833 
         253  1 0.0354 0.0704 0.0445 0.0195 0.0108 0.0930 0.0455 0.5398 0.0725 0.0686 
         254  1 0.0214 0.0951 0.0150 0.0494 0.0187 0.0640 0.4174 0.0328 0.2289 0.0572 
         255  1 0.0107 0.0143 0.0150 0.0346 0.0070 0.0166 0.0127 0.8611 0.0149 0.0129 
         256  1 0.0106 0.0148 0.0149 0.0351 0.0073 0.0163 0.0127 0.8604 0.0147 0.0132 
         257  1 0.0161 0.1192 0.0256 0.0380 0.0248 0.0339 0.2344 0.2408 0.1531 0.1142 
         258  1 0.0189 0.0891 0.0150 0.0068 0.0181 0.5960 0.0841 0.0362 0.0581 0.0777 
         259  1 0.0255 0.0188 0.0280 0.0071 0.0090 0.8361 0.0221 0.0145 0.0198 0.0192 
         260  1 0.0111 0.0928 0.0618 0.0094 0.0385 0.0261 0.4173 0.0109 0.2607 0.0713 
