           1  1 0.0339 0.0484 0.1475 0.1318 0.5021 0.1364 
           2  1 0.0685 0.0654 0.2830 0.2883 0.2628 0.0320 
           3  1 0.0679 0.0230 0.0280 0.0370 0.0758 0.7683 
           4  1 0.1279 0.0398 0.2006 0.3407 0.1978 0.0933 
           5  1 0.1892 0.0988 0.1198 0.2752 0.2942 0.0229 
           6  1 0.4096 0.0188 0.0479 0.0920 0.3685 0.0632 
           7  1 0.0878 0.1866 0.2076 0.2901 0.1514 0.0765 
           8  1 0.0392 0.1623 0.1308 0.0902 0.1427 0.4348 
           9  1 0.0327 0.6533 0.0377 0.0449 0.2036 0.0278 
          10  1 0.0470 0.0627 0.0541 0.1010 0.7057 0.0295 
          11  1 0.2793 0.0163 0.0845 0.1015 0.4207 0.0977 
          12  1 0.0746 0.6343 0.0803 0.1065 0.0573 0.0470 
          13  1 0.1419 0.0259 0.3664 0.2791 0.0352 0.1515 
          14  1 0.0318 0.0351 0.0625 0.0606 0.0385 0.7715 
          15  1 0.2027 0.0192 0.2336 0.4713 0.0277 0.0456 
          16  1 0.1365 0.4985 0.0885 0.2014 0.0227 0.0525 
          17  1 0.1289 0.0296 0.1020 0.1764 0.0208 0.5423 
          18  1 0.0797 0.0296 0.0406 0.0565 0.0454 0.7480 
          19  1 0.0454 0.1373 0.0220 0.0273 0.7482 0.0198 
          20  1 0.1252 0.0266 0.0472 0.0956 0.6763 0.0291 
          21  1 0.0205 0.7298 0.1108 0.0864 0.0235 0.0289 
          22  1 0.0805 0.0304 0.0880 0.1930 0.5701 0.0381 
          23  1 0.0911 0.1008 0.0893 0.1453 0.0614 0.5122 
          24  1 0.0208 0.9118 0.0172 0.0204 0.0146 0.0152 
          25  1 0.1732 0.0356 0.1909 0.1881 0.0212 0.3910 
          26  1 0.1354 0.1305 0.1306 0.1975 0.2696 0.1364 
          27  1 0.0947 0.5106 0.0592 0.1205 0.1530 0.0619 
          28  1 0.0796 0.0284 0.4995 0.2484 0.0432 0.1008 
          29  1 0.0838 0.0237 0.2687 0.3776 0.0690 0.1771 
          30  1 0.0374 0.0406 0.4750 0.2237 0.0385 0.1848 
          31  1 0.1735 0.0901 0.2024 0.1905 0.0899 0.2536 
          32  1 0.4862 0.0419 0.1204 0.2261 0.0836 0.0418 
          33  1 0.0381 0.0288 0.0501 0.0489 0.0215 0.8126 
          34  1 0.0222 0.0283 0.0297 0.0256 0.8290 0.0652 
          35  1 0.0169 0.0131 0.0212 0.0216 0.0195 0.9076 
          36  1 0.0175 0.0455 0.0345 0.0339 0.8238 0.0448 
          37  1 0.0852 0.1489 0.1767 0.2926 0.0772 0.2193 
          38  1 0.0446 0.6655 0.0934 0.0984 0.0326 0.0656 
          39  1 0.1385 0.0592 0.2181 0.3909 0.1465 0.0468 
          40  1 0.2166 0.1731 0.0931 0.2111 0.0291 0.2770 
          41  1 0.0453 0.7768 0.0674 0.0530 0.0276 0.0298 
          42  1 0.0701 0.0238 0.1061 0.2150 0.0620 0.5230 
          43  1 0.0216 0.5112 0.0236 0.0245 0.0208 0.3984 
          44  1 0.0432 0.7434 0.0541 0.0436 0.1014 0.0142 
          45  1 0.5336 0.0614 0.0891 0.1753 0.0913 0.0493 
          46  1 0.0311 0.0327 0.0342 0.0586 0.0330 0.8104 
          47  1 0.3021 0.2105 0.0916 0.2501 0.0563 0.0895 
          48  1 0.3746 0.1898 0.1263 0.2277 0.0617 0.0199 
          49  1 0.4782 0.0399 0.1017 0.2629 0.0251 0.0922 
          50  1 0.4705 0.0721 0.1608 0.2419 0.0352 0.0195 
          51  1 0.2608 0.0168 0.4725 0.2099 0.0139 0.0260 
          52  1 0.2000 0.0460 0.2989 0.3205 0.0283 0.1062 
          53  1 0.0587 0.0177 0.4403 0.1981 0.2149 0.0704 
          54  1 0.4365 0.0168 0.1250 0.3840 0.0167 0.0211 
          55  1 0.0892 0.1459 0.3063 0.2030 0.1149 0.1408 
          56  1 0.1705 0.1857 0.2826 0.2787 0.0217 0.0609 
          57  1 0.0956 0.0358 0.2865 0.4395 0.0282 0.1143 
          58  1 0.0631 0.1114 0.4290 0.2733 0.0544 0.0689 
          59  1 0.0947 0.0400 0.2619 0.2884 0.2722 0.0429 
          60  1 0.2557 0.0487 0.1918 0.2617 0.2229 0.0192 
          61  1 0.1258 0.6773 0.0417 0.0532 0.0645 0.0374 
          62  1 0.1920 0.0406 0.3781 0.2470 0.0335 0.1087 
          63  1 0.0465 0.0234 0.0222 0.0237 0.0305 0.8537 
          64  1 0.2337 0.0153 0.1508 0.0895 0.4968 0.0139 
          65  1 0.0293 0.1322 0.5292 0.2579 0.0176 0.0338 
          66  1 0.0234 0.8434 0.0302 0.0282 0.0358 0.0391 
          67  1 0.1941 0.0316 0.2394 0.3469 0.0287 0.1593 
          68  1 0.5466 0.0721 0.1405 0.1917 0.0160 0.0331 
          69  1 0.1535 0.1088 0.1852 0.4685 0.0466 0.0373 
          70  1 0.6606 0.0294 0.0672 0.1551 0.0327 0.0550 
          71  1 0.1474 0.0583 0.2471 0.3975 0.0327 0.1170 
          72  1 0.0464 0.0217 0.0298 0.0368 0.0235 0.8417 
          73  1 0.1011 0.1265 0.1877 0.4144 0.0488 0.1215 
          74  1 0.0785 0.0203 0.1002 0.0863 0.1944 0.5203 
          75  1 0.0421 0.1654 0.1762 0.1830 0.1290 0.3043 
          76  1 0.2339 0.0284 0.4327 0.2482 0.0270 0.0298 
          77  1 0.0928 0.0423 0.2467 0.2321 0.2732 0.1129 
          78  1 0.2146 0.2045 0.0754 0.1537 0.1403 0.2115 
          79  1 0.6010 0.0384 0.0460 0.1075 0.1435 0.0636 
          80  1 0.0308 0.0232 0.0414 0.0471 0.0304 0.8271 
          81  1 0.0301 0.1575 0.5003 0.2277 0.0632 0.0210 
          82  1 0.0870 0.0273 0.0768 0.1284 0.0692 0.6113 
          83  1 0.0257 0.1766 0.0433 0.0515 0.0161 0.6868 
          84  1 0.0381 0.1429 0.0962 0.1153 0.4386 0.1691 
          85  1 0.1090 0.0392 0.4827 0.2358 0.0212 0.1121 
          86  1 0.0555 0.0415 0.5708 0.2683 0.0277 0.0363 
          87  1 0.0508 0.2193 0.1131 0.1435 0.4243 0.0490 
          88  1 0.1998 0.2288 0.1044 0.2613 0.0294 0.1763 
          89  1 0.4508 0.0458 0.1503 0.2573 0.0522 0.0436 
          90  1 0.0201 0.0213 0.0268 0.0251 0.0214 0.8854 
          91  1 0.1279 0.0832 0.1464 0.3863 0.0558 0.2004 
          92  1 0.0416 0.0279 0.5226 0.2824 0.0232 0.1023 
          93  1 0.1687 0.0867 0.3795 0.2660 0.0596 0.0395 
          94  1 0.1339 0.0406 0.4687 0.2418 0.0323 0.0828 
          95  1 0.3474 0.0497 0.0401 0.0742 0.0670 0.4216 
          96  1 0.1594 0.1178 0.2308 0.1972 0.1114 0.1834 
          97  1 0.0739 0.0136 0.1213 0.0902 0.6675 0.0335 
          98  1 0.1781 0.0443 0.1642 0.3107 0.1504 0.1522 
          99  1 0.0447 0.0191 0.6306 0.2650 0.0161 0.0245 
         100  1 0.1560 0.0441 0.2964 0.3727 0.0704 0.0604 
         101  1 0.0396 0.2457 0.0518 0.0742 0.0559 0.5329 
         102  1 0.0638 0.0926 0.0430 0.0468 0.0206 0.7332 
         103  1 0.1574 0.4031 0.0724 0.1160 0.0508 0.2002 
         104  1 0.3596 0.0433 0.0499 0.0610 0.3542 0.1321 
         105  1 0.2266 0.0907 0.2203 0.2118 0.0889 0.1617 
         106  1 0.0828 0.0922 0.3787 0.3572 0.0529 0.0363 
         107  1 0.8764 0.0187 0.0261 0.0314 0.0231 0.0243 
         108  1 0.1248 0.1061 0.1182 0.3004 0.0556 0.2949 
         109  1 0.1442 0.0869 0.2345 0.3218 0.0566 0.1559 
         110  1 0.3693 0.0274 0.0969 0.1141 0.0729 0.3194 
         111  1 0.0917 0.0645 0.0621 0.1584 0.5853 0.0379 
         112  1 0.2010 0.0465 0.0954 0.1749 0.3992 0.0831 
         113  1 0.0616 0.0563 0.0584 0.0483 0.0297 0.7456 
         114  1 0.8632 0.0110 0.0302 0.0499 0.0262 0.0195 
         115  1 0.0718 0.4565 0.0706 0.1612 0.1289 0.1109 
         116  1 0.0607 0.2374 0.2371 0.2344 0.0826 0.1479 
         117  1 0.0632 0.3486 0.0913 0.1547 0.3178 0.0245 
         118  1 0.3111 0.0500 0.1418 0.3233 0.0947 0.0791 
         119  1 0.1747 0.0360 0.0571 0.0970 0.0506 0.5846 
         120  1 0.0294 0.0179 0.6606 0.2138 0.0265 0.0518 
         121  1 0.0533 0.8072 0.0495 0.0456 0.0168 0.0276 
         122  1 0.0728 0.0889 0.3604 0.2143 0.1093 0.1543 
         123  1 0.0225 0.0141 0.1156 0.0685 0.7608 0.0185 
         124  1 0.0245 0.0209 0.1038 0.1203 0.0212 0.7093 
         125  1 0.0698 0.0406 0.1409 0.1937 0.4866 0.0683 
         126  1 0.2035 0.0415 0.2380 0.1954 0.2747 0.0468 
         127  1 0.2319 0.0181 0.3524 0.3245 0.0290 0.0441 
         128  1 0.2485 0.1391 0.0326 0.0554 0.2010 0.3234 
         129  1 0.0538 0.0344 0.5652 0.2297 0.0239 0.0930 
         130  1 0.0945 0.0521 0.2190 0.4585 0.1189 0.0570 
         131  1 0.2999 0.0610 0.1845 0.1582 0.0885 0.2079 
         132  1 0.0312 0.0422 0.4561 0.2104 0.1687 0.0914 
         133  1 0.1362 0.3834 0.1525 0.1804 0.0191 0.1284 
         134  1 0.0315 0.0250 0.4693 0.3160 0.0267 0.1315 
         135  1 0.0637 0.0244 0.3823 0.3453 0.0292 0.1550 
         136  1 0.1550 0.0190 0.3089 0.4458 0.0351 0.0363 
         137  1 0.0549 0.0220 0.5812 0.2619 0.0482 0.0317 
         138  1 0.0233 0.0460 0.6413 0.2073 0.0622 0.0198 
         139  1 0.0410 0.0360 0.5554 0.2304 0.1111 0.0261 
         140  1 0.0439 0.0174 0.0910 0.1250 0.6376 0.0850 
         141  1 0.8115 0.0268 0.0460 0.0559 0.0454 0.0143 
         142  1 0.8140 0.0212 0.0264 0.0363 0.0706 0.0315 
         143  1 0.1003 0.0428 0.5133 0.2642 0.0600 0.0195 
         144  1 0.1093 0.0590 0.1989 0.2559 0.0339 0.3430 
         145  1 0.1593 0.0701 0.3484 0.2297 0.1580 0.0345 
         146  1 0.1698 0.0213 0.4826 0.2564 0.0357 0.0343 
         147  1 0.1095 0.1319 0.1527 0.4557 0.0383 0.1120 
         148  1 0.3513 0.1001 0.1051 0.2062 0.0440 0.1932 
         149  1 0.0580 0.3929 0.0645 0.1524 0.1354 0.1967 
         150  1 0.5361 0.0333 0.1508 0.1890 0.0397 0.0511 
         151  1 0.0171 0.8745 0.0265 0.0275 0.0269 0.0275 
         152  1 0.1515 0.0441 0.0584 0.1246 0.0676 0.5537 
         153  1 0.2997 0.2936 0.1341 0.2059 0.0360 0.0307 
         154  1 0.0473 0.6027 0.0404 0.0539 0.0661 0.1896 
         155  1 0.1833 0.4423 0.1414 0.1671 0.0368 0.0291 
         156  1 0.2034 0.0304 0.2057 0.4064 0.1101 0.0439 
         157  1 0.0355 0.0281 0.3136 0.1389 0.4304 0.0535 
         158  1 0.6608 0.0380 0.1231 0.1351 0.0177 0.0253 
         159  1 0.0319 0.0152 0.0263 0.0285 0.8492 0.0489 
         160  1 0.1978 0.0891 0.2020 0.3580 0.0384 0.1148 
         161  1 0.5596 0.0459 0.0657 0.0823 0.1950 0.0516 
         162  1 0.1607 0.2669 0.0886 0.2396 0.0615 0.1827 
         163  1 0.0701 0.0278 0.2722 0.2072 0.3884 0.0342 
         164  1 0.3027 0.0398 0.1400 0.1374 0.2441 0.1361 
         165  1 0.0317 0.0163 0.0366 0.0469 0.8377 0.0308 
         166  1 0.3240 0.1184 0.0637 0.1988 0.1562 0.1388 
         167  1 0.0437 0.7893 0.0411 0.0420 0.0218 0.0621 
         168  1 0.1397 0.0523 0.3596 0.3890 0.0240 0.0354 
         169  1 0.0200 0.0528 0.0979 0.0885 0.1415 0.5993 
         170  1 0.0583 0.0379 0.5265 0.3372 0.0192 0.0210 
         171  1 0.0878 0.0608 0.1738 0.2865 0.3413 0.0498 
         172  1 0.0621 0.3239 0.1285 0.2629 0.1042 0.1184 
         173  1 0.0795 0.5789 0.0694 0.1395 0.0890 0.0437 
         174  1 0.2800 0.0554 0.2085 0.2787 0.1478 0.0297 
         175  1 0.3149 0.1330 0.1406 0.3110 0.0425 0.0580 
         176  1 0.2827 0.1338 0.1580 0.3788 0.0198 0.0268 
         177  1 0.0878 0.3532 0.1700 0.3266 0.0199 0.0425 
         178  1 0.0889 0.0537 0.2411 0.3065 0.0709 0.2388 
         179  1 0.7660 0.0532 0.0405 0.0469 0.0314 0.0620 
         180  1 0.5974 0.0495 0.1031 0.0963 0.1190 0.0348 
         181  1 0.0273 0.8601 0.0276 0.0310 0.0163 0.0378 
         182  1 0.2064 0.0854 0.1333 0.1644 0.0195 0.3910 
         183  1 0.0303 0.0192 0.5877 0.2632 0.0769 0.0228 
         184  1 0.1735 0.1174 0.0736 0.1715 0.0521 0.4119 
         185  1 0.8381 0.0145 0.0301 0.0314 0.0529 0.0330 
         186  1 0.0810 0.2040 0.0659 0.1280 0.4890 0.0322 
         187  1 0.3965 0.0766 0.0653 0.2016 0.1158 0.1442 
         188  1 0.5370 0.0640 0.0913 0.2453 0.0249 0.0376 
         189  1 0.0618 0.0143 0.5474 0.3220 0.0367 0.0178 
         190  1 0.0393 0.7522 0.0390 0.0599 0.0340 0.0756 
         191  1 0.0214 0.2782 0.0563 0.0652 0.5211 0.0577 
         192  1 0.4569 0.0759 0.0971 0.2805 0.0317 0.0579 
         193  1 0.0213 0.0144 0.1145 0.0691 0.7619 0.0189 
         194  1 0.0197 0.0140 0.0271 0.0287 0.8921 0.0183 
         195  1 0.0970 0.0128 0.4373 0.2018 0.2353 0.0157 
         196  1 0.1303 0.0603 0.0283 0.0436 0.6912 0.0462 
         197  1 0.3016 0.0702 0.1259 0.1566 0.3039 0.0417 
         198  1 0.5398 0.0171 0.1077 0.1782 0.1141 0.0431 
         199  1 0.0285 0.0198 0.0236 0.0246 0.0271 0.8764 
         200  1 0.0738 0.0351 0.1079 0.1089 0.5690 0.1053 
         201  1 0.0330 0.0269 0.0296 0.0242 0.8490 0.0374 
         202  1 0.1503 0.0366 0.1987 0.4112 0.0457 0.1575 
         203  1 0.1605 0.0190 0.3124 0.4357 0.0354 0.0370 
         204  1 0.0796 0.0231 0.3067 0.4378 0.0765 0.0764 
         205  1 0.0717 0.6316 0.0522 0.0601 0.1351 0.0494 
         206  1 0.5277 0.0232 0.0799 0.1849 0.1192 0.0652 
         207  1 0.0410 0.8382 0.0330 0.0461 0.0170 0.0247 
         208  1 0.3626 0.0869 0.0944 0.1773 0.2244 0.0545 
         209  1 0.1146 0.0786 0.0419 0.0790 0.5642 0.1216 
         210  1 0.6166 0.0374 0.1224 0.0864 0.1089 0.0282 
         211  1 0.0391 0.6979 0.0483 0.0499 0.1270 0.0378 
         212  1 0.0902 0.6579 0.0505 0.0757 0.0818 0.0439 
         213  1 0.0415 0.0305 0.5781 0.2922 0.0255 0.0322 
         214  1 0.1127 0.0345 0.1832 0.1124 0.4416 0.1156 
         215  1 0.0322 0.0848 0.5173 0.1998 0.1394 0.0265 
         216  1 0.1201 0.0195 0.3615 0.2975 0.1507 0.0507 
         217  1 0.0638 0.0139 0.5451 0.3213 0.0376 0.0183 
         218  1 0.1239 0.6149 0.0565 0.0585 0.1178 0.0284 
         219  1 0.0340 0.0282 0.0284 0.0247 0.8489 0.0359 
         220  1 0.0534 0.0310 0.3575 0.4366 0.0555 0.0661 
         221  1 0.1056 0.0512 0.0709 0.1166 0.5615 0.0941 
         222  1 0.1048 0.0658 0.2250 0.4610 0.0713 0.0721 
         223  1 0.1444 0.0664 0.1354 0.3122 0.1663 0.1753 
         224  1 0.0311 0.0771 0.5114 0.2682 0.0790 0.0331 
         225  1 0.0249 0.8888 0.0204 0.0250 0.0146 0.0262 
         226  1 0.0370 0.8479 0.0215 0.0289 0.0292 0.0355 
         227  1 0.0340 0.7002 0.0933 0.0763 0.0259 0.0703 
         228  1 0.1869 0.0558 0.0701 0.1654 0.4375 0.0843 
         229  1 0.2152 0.2147 0.1057 0.2793 0.1096 0.0755 
         230  1 0.2803 0.0228 0.1840 0.3292 0.0435 0.1402 
         231  1 0.4652 0.2078 0.1421 0.1205 0.0322 0.0320 
         232  1 0.4838 0.0289 0.0742 0.1682 0.1337 0.1112 
         233  1 0.0733 0.1176 0.4599 0.2862 0.0342 0.0288 
         234  1 0.2371 0.0346 0.2041 0.4407 0.0511 0.0325 
         235  1 0.0232 0.0374 0.0518 0.0424 0.0352 0.8100 
         236  1 0.0513 0.0287 0.3875 0.2983 0.1517 0.0825 
         237  1 0.1762 0.2669 0.0951 0.1926 0.0191 0.2502 
         238  1 0.0812 0.7671 0.0399 0.0627 0.0154 0.0336 
         239  1 0.1866 0.0285 0.1695 0.3254 0.1203 0.1696 
         240  1 0.1665 0.0355 0.2547 0.3912 0.1174 0.0347 
         241  1 0.0358 0.8104 0.0198 0.0248 0.0772 0.0320 
         242  1 0.4652 0.0425 0.1228 0.2047 0.1223 0.0425 
         243  1 0.1950 0.0391 0.2950 0.2338 0.0197 0.2176 
         244  1 0.0285 0.0472 0.0196 0.0269 0.0280 0.8497 
         245  1 0.2921 0.1137 0.1283 0.1990 0.1936 0.0734 
         246  1 0.1526 0.0270 0.4589 0.2403 0.0874 0.0339 
         247  1 0.1309 0.1078 0.2639 0.3159 0.1254 0.0561 
         248  1 0.2923 0.2194 0.1449 0.2734 0.0346 0.0354 
         249  1 0.1191 0.0476 0.3028 0.2842 0.1462 0.1001 
         250  1 0.0936 0.1345 0.3448 0.3159 0.0393 0.0719 
         251  1 0.0851 0.0480 0.2401 0.2930 0.0329 0.3009 
         252  1 0.5129 0.0935 0.1792 0.1486 0.0293 0.0364 
         253  1 0.1129 0.0233 0.0874 0.0859 0.6506 0.0398 
         254  1 0.4981 0.0537 0.0706 0.1622 0.0759 0.1394 
         255  1 0.0312 0.0156 0.0236 0.0241 0.8322 0.0733 
         256  1 0.0303 0.0158 0.0232 0.0243 0.8329 0.0734 
         257  1 0.1918 0.0593 0.0843 0.2325 0.3609 0.0711 
         258  1 0.7920 0.0370 0.0344 0.0715 0.0490 0.0162 
         259  1 0.8480 0.0152 0.0440 0.0393 0.0373 0.0162 
         260  1 0.2008 0.0856 0.2209 0.4305 0.0372 0.0250 
