           1  1 0.1775 0.2602 0.1636 0.2210 0.0765 0.0598 0.0156 0.0258 
           2  1 0.0324 0.2178 0.1571 0.1664 0.0152 0.3600 0.0221 0.0289 
           3  1 0.0258 0.0572 0.0309 0.0316 0.7659 0.0155 0.0592 0.0139 
           4  1 0.0620 0.1310 0.2957 0.3183 0.0465 0.0811 0.0433 0.0220 
           5  1 0.0736 0.0972 0.3645 0.3165 0.0113 0.0321 0.0631 0.0417 
           6  1 0.0206 0.3498 0.1021 0.1044 0.0388 0.0260 0.3464 0.0119 
           7  1 0.1164 0.0606 0.2084 0.2509 0.0401 0.1640 0.0413 0.1183 
           8  1 0.1387 0.0828 0.0980 0.1140 0.3885 0.0389 0.0235 0.1156 
           9  1 0.0443 0.1602 0.0516 0.0628 0.0166 0.0125 0.0237 0.6284 
          10  1 0.0564 0.4241 0.1959 0.2207 0.0178 0.0211 0.0275 0.0366 
          11  1 0.1449 0.2509 0.1039 0.1158 0.0795 0.0297 0.2659 0.0095 
          12  1 0.0215 0.0514 0.0896 0.0939 0.0214 0.1195 0.0363 0.5665 
          13  1 0.2567 0.0156 0.0999 0.1025 0.0820 0.3628 0.0652 0.0154 
          14  1 0.0296 0.0322 0.0479 0.0436 0.7398 0.0671 0.0170 0.0229 
          15  1 0.1735 0.0133 0.4007 0.2944 0.0253 0.0214 0.0607 0.0108 
          16  1 0.0192 0.0141 0.3376 0.2422 0.0278 0.0579 0.0350 0.2662 
          17  1 0.0335 0.0137 0.1868 0.1176 0.5126 0.0536 0.0624 0.0198 
          18  1 0.0171 0.0318 0.0522 0.0556 0.7362 0.0389 0.0510 0.0171 
          19  1 0.0183 0.7611 0.0210 0.0221 0.0111 0.0149 0.0238 0.1278 
          20  1 0.0151 0.6963 0.0585 0.0757 0.0142 0.0430 0.0800 0.0173 
          21  1 0.0242 0.0146 0.0404 0.0464 0.0173 0.1134 0.0101 0.7335 
          22  1 0.0314 0.5378 0.1329 0.1758 0.0188 0.0571 0.0300 0.0163 
          23  1 0.0278 0.0448 0.1580 0.2955 0.2997 0.0711 0.0546 0.0485 
          24  1 0.0098 0.0106 0.0207 0.0189 0.0094 0.0119 0.0131 0.9056 
          25  1 0.0318 0.0129 0.1546 0.2003 0.2771 0.2258 0.0787 0.0189 
          26  1 0.0303 0.1461 0.2816 0.2892 0.0627 0.0653 0.0587 0.0661 
          27  1 0.0331 0.0798 0.2571 0.2730 0.0266 0.0291 0.0442 0.2571 
          28  1 0.0302 0.0260 0.0321 0.0325 0.0464 0.7546 0.0633 0.0149 
          29  1 0.0971 0.0332 0.3268 0.2919 0.1076 0.1015 0.0293 0.0126 
          30  1 0.0718 0.0311 0.0658 0.0615 0.1582 0.5619 0.0218 0.0280 
          31  1 0.0624 0.0540 0.1475 0.1821 0.1648 0.2288 0.1047 0.0556 
          32  1 0.0171 0.0634 0.2202 0.2032 0.0202 0.1712 0.2823 0.0224 
          33  1 0.0193 0.0145 0.0344 0.0323 0.8091 0.0451 0.0268 0.0184 
          34  1 0.0335 0.8456 0.0157 0.0191 0.0340 0.0195 0.0141 0.0186 
          35  1 0.0202 0.0109 0.0124 0.0123 0.9180 0.0092 0.0091 0.0079 
          36  1 0.1161 0.7052 0.0326 0.0532 0.0315 0.0160 0.0093 0.0361 
          37  1 0.0437 0.0555 0.2559 0.3816 0.0964 0.0870 0.0254 0.0545 
          38  1 0.0699 0.0202 0.0757 0.0860 0.0420 0.0512 0.0211 0.6340 
          39  1 0.0998 0.0351 0.3442 0.3614 0.0221 0.0359 0.0775 0.0239 
          40  1 0.0129 0.0199 0.2547 0.3370 0.1430 0.0799 0.0714 0.0812 
          41  1 0.0451 0.0147 0.0408 0.0428 0.0175 0.0432 0.0326 0.7632 
          42  1 0.0249 0.0465 0.2079 0.2282 0.3952 0.0593 0.0246 0.0134 
          43  1 0.0123 0.0134 0.0166 0.0187 0.3954 0.0195 0.0121 0.5119 
          44  1 0.1035 0.0396 0.0259 0.0297 0.0085 0.0307 0.0279 0.7343 
          45  1 0.0216 0.0670 0.1883 0.1939 0.0305 0.1048 0.3557 0.0382 
          46  1 0.0098 0.0293 0.0664 0.0635 0.7664 0.0305 0.0163 0.0179 
          47  1 0.0202 0.0410 0.3706 0.2538 0.0405 0.0623 0.0698 0.1420 
          48  1 0.0444 0.0288 0.3177 0.2620 0.0100 0.0408 0.2047 0.0917 
          49  1 0.0283 0.0163 0.3616 0.2431 0.0534 0.0655 0.2079 0.0239 
          50  1 0.0700 0.0249 0.3849 0.2323 0.0111 0.0557 0.1766 0.0445 
          51  1 0.0951 0.0085 0.0675 0.0577 0.0144 0.5165 0.2287 0.0115 
          52  1 0.2178 0.0138 0.1824 0.1813 0.0853 0.1442 0.1374 0.0378 
          53  1 0.4465 0.0933 0.0541 0.0710 0.0622 0.2163 0.0444 0.0122 
          54  1 0.0233 0.0096 0.4134 0.2862 0.0118 0.0512 0.1949 0.0095 
          55  1 0.0277 0.0930 0.0662 0.0801 0.0725 0.4723 0.0604 0.1278 
          56  1 0.0579 0.0123 0.2886 0.2504 0.0282 0.2012 0.0637 0.0977 
          57  1 0.0423 0.0175 0.1943 0.1821 0.0524 0.4549 0.0340 0.0225 
          58  1 0.0507 0.0347 0.1511 0.1826 0.0339 0.4371 0.0320 0.0778 
          59  1 0.3892 0.0680 0.1619 0.2436 0.0257 0.0411 0.0471 0.0235 
          60  1 0.0521 0.1473 0.2426 0.2453 0.0107 0.1827 0.0918 0.0276 
          61  1 0.0220 0.0450 0.0499 0.0543 0.0236 0.0405 0.1305 0.6342 
          62  1 0.2617 0.0239 0.1636 0.1709 0.0817 0.1276 0.1411 0.0296 
          63  1 0.0108 0.0206 0.0157 0.0176 0.8536 0.0179 0.0495 0.0142 
          64  1 0.6536 0.1164 0.0198 0.0218 0.0084 0.0187 0.1512 0.0100 
          65  1 0.0729 0.0106 0.0465 0.0481 0.0175 0.7120 0.0147 0.0777 
          66  1 0.0266 0.0251 0.0185 0.0204 0.0282 0.0164 0.0160 0.8488 
          67  1 0.0173 0.0185 0.1237 0.1277 0.0664 0.5626 0.0677 0.0162 
          68  1 0.0191 0.0106 0.2200 0.1395 0.0164 0.3230 0.2260 0.0453 
          69  1 0.0390 0.0213 0.4873 0.3096 0.0208 0.0380 0.0389 0.0450 
          70  1 0.0211 0.0212 0.3250 0.1829 0.0299 0.0456 0.3577 0.0166 
          71  1 0.1220 0.0168 0.3404 0.2883 0.0785 0.0712 0.0492 0.0335 
          72  1 0.0126 0.0170 0.0274 0.0258 0.8405 0.0316 0.0307 0.0144 
          73  1 0.0352 0.0237 0.5099 0.2886 0.0461 0.0314 0.0173 0.0479 
          74  1 0.1135 0.1373 0.0598 0.0541 0.5299 0.0426 0.0497 0.0131 
          75  1 0.0556 0.0701 0.1827 0.2413 0.2002 0.1396 0.0199 0.0907 
          76  1 0.1087 0.0143 0.2121 0.1498 0.0160 0.3696 0.1150 0.0146 
          77  1 0.6858 0.0420 0.0478 0.0492 0.0930 0.0168 0.0329 0.0325 
          78  1 0.0148 0.1195 0.1595 0.1824 0.1163 0.1240 0.1455 0.1379 
          79  1 0.0356 0.0733 0.1952 0.1583 0.0373 0.0151 0.4602 0.0249 
          80  1 0.0248 0.0270 0.0344 0.0342 0.8107 0.0344 0.0198 0.0148 
          81  1 0.1245 0.0356 0.0493 0.0542 0.0116 0.6012 0.0152 0.1084 
          82  1 0.0184 0.0478 0.1433 0.1296 0.5174 0.0835 0.0420 0.0179 
          83  1 0.0109 0.0113 0.0527 0.0565 0.6732 0.0440 0.0126 0.1389 
          84  1 0.1295 0.2312 0.1636 0.1842 0.1208 0.0505 0.0245 0.0959 
          85  1 0.0263 0.0136 0.0340 0.0364 0.0637 0.7503 0.0574 0.0183 
          86  1 0.0349 0.0184 0.0292 0.0277 0.0180 0.8205 0.0325 0.0187 
          87  1 0.1376 0.2142 0.1820 0.2660 0.0267 0.0270 0.0213 0.1253 
          88  1 0.0180 0.0142 0.3349 0.3649 0.0688 0.0573 0.0407 0.1012 
          89  1 0.0285 0.0398 0.2331 0.3148 0.0191 0.1645 0.1815 0.0187 
          90  1 0.0157 0.0149 0.0161 0.0153 0.8922 0.0176 0.0135 0.0146 
          91  1 0.0164 0.0298 0.4237 0.3375 0.0644 0.0659 0.0320 0.0303 
          92  1 0.0154 0.0158 0.0250 0.0268 0.0359 0.8485 0.0186 0.0140 
          93  1 0.0849 0.0369 0.2197 0.3277 0.0218 0.1843 0.0661 0.0586 
          94  1 0.0134 0.0240 0.0205 0.0243 0.0318 0.8043 0.0658 0.0160 
          95  1 0.0222 0.0699 0.0867 0.1007 0.3741 0.0235 0.2859 0.0371 
          96  1 0.1393 0.0426 0.2735 0.2320 0.1251 0.0583 0.0782 0.0509 
          97  1 0.2353 0.5389 0.0313 0.0371 0.0217 0.0808 0.0465 0.0084 
          98  1 0.2875 0.0307 0.2292 0.2408 0.0943 0.0118 0.0846 0.0211 
          99  1 0.0735 0.0096 0.0184 0.0183 0.0138 0.8167 0.0371 0.0127 
         100  1 0.0811 0.0583 0.1730 0.2145 0.0306 0.3627 0.0541 0.0257 
         101  1 0.0349 0.0448 0.0748 0.0731 0.4989 0.0317 0.0169 0.2248 
         102  1 0.0218 0.0165 0.0413 0.0411 0.7274 0.0249 0.0505 0.0766 
         103  1 0.0172 0.0381 0.1489 0.1861 0.1242 0.1348 0.0773 0.2735 
         104  1 0.0348 0.4134 0.0634 0.0697 0.0856 0.0362 0.2695 0.0274 
         105  1 0.1941 0.0395 0.1586 0.1926 0.1166 0.0705 0.1687 0.0594 
         106  1 0.0520 0.0263 0.0804 0.0874 0.0201 0.6375 0.0380 0.0583 
         107  1 0.0133 0.0098 0.0171 0.0178 0.0113 0.0127 0.9066 0.0115 
         108  1 0.0167 0.0456 0.3165 0.3389 0.1216 0.0742 0.0285 0.0579 
         109  1 0.0236 0.0392 0.2975 0.2249 0.0714 0.2611 0.0436 0.0387 
         110  1 0.0603 0.0343 0.0450 0.0462 0.3454 0.0198 0.4312 0.0178 
         111  1 0.0290 0.4480 0.1593 0.2584 0.0169 0.0299 0.0353 0.0233 
         112  1 0.0510 0.3490 0.1721 0.2394 0.0380 0.0463 0.0775 0.0266 
         113  1 0.0611 0.0244 0.0363 0.0410 0.7350 0.0196 0.0452 0.0375 
         114  1 0.0109 0.0184 0.0710 0.0341 0.0121 0.0162 0.8303 0.0069 
         115  1 0.0172 0.0683 0.2469 0.2420 0.0778 0.0550 0.0265 0.2663 
         116  1 0.0371 0.0379 0.2176 0.2922 0.0808 0.1995 0.0233 0.1115 
         117  1 0.0951 0.1798 0.1785 0.1914 0.0143 0.0249 0.0406 0.2753 
         118  1 0.0322 0.0681 0.3435 0.3320 0.0394 0.0316 0.1304 0.0228 
         119  1 0.0185 0.0450 0.1449 0.1507 0.4255 0.0431 0.1499 0.0224 
         120  1 0.8857 0.0102 0.0148 0.0159 0.0278 0.0229 0.0123 0.0105 
         121  1 0.0235 0.0106 0.0367 0.0288 0.0176 0.0283 0.0402 0.8143 
         122  1 0.3708 0.0241 0.1304 0.1929 0.1068 0.0898 0.0413 0.0437 
         123  1 0.7975 0.1297 0.0134 0.0148 0.0117 0.0098 0.0133 0.0097 
         124  1 0.0168 0.0159 0.0551 0.0671 0.6631 0.1554 0.0134 0.0132 
         125  1 0.0509 0.2902 0.1728 0.2676 0.0433 0.1095 0.0431 0.0226 
         126  1 0.6377 0.0647 0.0763 0.0622 0.0284 0.0153 0.0848 0.0306 
         127  1 0.0269 0.0190 0.0433 0.0438 0.0208 0.7485 0.0888 0.0089 
         128  1 0.0180 0.2181 0.0798 0.1077 0.2827 0.0262 0.1669 0.1006 
         129  1 0.3322 0.0171 0.0719 0.0836 0.0677 0.3581 0.0458 0.0236 
         130  1 0.0291 0.0650 0.3196 0.3963 0.0249 0.1145 0.0259 0.0246 
         131  1 0.1162 0.0480 0.1222 0.1613 0.1661 0.1610 0.1859 0.0393 
         132  1 0.7446 0.0708 0.0274 0.0305 0.0719 0.0144 0.0140 0.0265 
         133  1 0.0194 0.0115 0.1924 0.1871 0.0634 0.2461 0.0557 0.2241 
         134  1 0.0268 0.0215 0.0995 0.0889 0.0895 0.6440 0.0145 0.0152 
         135  1 0.0125 0.0197 0.0389 0.0398 0.0626 0.7955 0.0176 0.0135 
         136  1 0.0101 0.0249 0.0292 0.0314 0.0128 0.8473 0.0352 0.0092 
         137  1 0.8513 0.0157 0.0287 0.0286 0.0166 0.0263 0.0203 0.0124 
         138  1 0.7080 0.0197 0.0237 0.0261 0.0157 0.1349 0.0170 0.0550 
         139  1 0.8184 0.0225 0.0377 0.0398 0.0127 0.0346 0.0158 0.0184 
         140  1 0.1409 0.5875 0.0849 0.0723 0.0631 0.0195 0.0202 0.0117 
         141  1 0.0145 0.0236 0.0307 0.0361 0.0080 0.0192 0.8518 0.0161 
         142  1 0.0143 0.0336 0.0258 0.0249 0.0170 0.0196 0.8519 0.0127 
         143  1 0.8171 0.0141 0.0340 0.0294 0.0111 0.0275 0.0325 0.0343 
         144  1 0.0270 0.0189 0.0983 0.1381 0.2202 0.4146 0.0514 0.0314 
         145  1 0.6175 0.0277 0.0935 0.0914 0.0183 0.0358 0.0643 0.0516 
         146  1 0.0390 0.0293 0.0839 0.0666 0.0180 0.6373 0.1135 0.0124 
         147  1 0.0214 0.0178 0.4761 0.3352 0.0495 0.0524 0.0157 0.0318 
         148  1 0.0213 0.0294 0.2893 0.2518 0.0902 0.0770 0.1979 0.0431 
         149  1 0.0226 0.0588 0.2210 0.2896 0.1204 0.0377 0.0276 0.2223 
         150  1 0.0349 0.0297 0.1677 0.1348 0.0300 0.1593 0.4247 0.0189 
         151  1 0.0176 0.0162 0.0249 0.0258 0.0193 0.0203 0.0106 0.8653 
         152  1 0.0271 0.0443 0.1498 0.1571 0.4772 0.0409 0.0770 0.0265 
         153  1 0.0227 0.0215 0.2502 0.2398 0.0163 0.1272 0.1368 0.1855 
         154  1 0.0236 0.0812 0.0714 0.0697 0.1410 0.0254 0.0310 0.5567 
         155  1 0.0302 0.0185 0.1164 0.2390 0.0144 0.1629 0.1068 0.3117 
         156  1 0.0325 0.0608 0.4994 0.2923 0.0201 0.0453 0.0360 0.0135 
         157  1 0.8752 0.0384 0.0139 0.0148 0.0170 0.0143 0.0147 0.0117 
         158  1 0.0483 0.0100 0.1102 0.0823 0.0168 0.0685 0.6397 0.0243 
         159  1 0.0227 0.8734 0.0197 0.0213 0.0225 0.0135 0.0177 0.0093 
         160  1 0.0357 0.0228 0.2930 0.3538 0.0548 0.0990 0.1011 0.0398 
         161  1 0.0211 0.1063 0.0514 0.0684 0.0290 0.0385 0.6609 0.0243 
         162  1 0.0158 0.0401 0.2803 0.3252 0.0921 0.0433 0.0609 0.1421 
         163  1 0.4398 0.1953 0.1044 0.1582 0.0183 0.0360 0.0328 0.0152 
         164  1 0.1384 0.1234 0.0974 0.1098 0.1070 0.0415 0.3568 0.0256 
         165  1 0.0524 0.8169 0.0376 0.0356 0.0191 0.0111 0.0167 0.0106 
         166  1 0.0173 0.1027 0.2652 0.2412 0.0740 0.0368 0.2013 0.0614 
         167  1 0.0205 0.0144 0.0312 0.0308 0.0438 0.0416 0.0312 0.7865 
         168  1 0.0357 0.0150 0.3024 0.1669 0.0198 0.3932 0.0384 0.0286 
         169  1 0.0466 0.1522 0.0574 0.0723 0.5636 0.0641 0.0103 0.0334 
         170  1 0.0491 0.0117 0.0778 0.0734 0.0129 0.7172 0.0333 0.0246 
         171  1 0.1552 0.1993 0.2811 0.2607 0.0276 0.0259 0.0235 0.0265 
         172  1 0.0325 0.0522 0.2912 0.3717 0.0475 0.0598 0.0159 0.1291 
         173  1 0.0326 0.0579 0.1414 0.2079 0.0226 0.0244 0.0285 0.4847 
         174  1 0.2158 0.0650 0.1771 0.2212 0.0157 0.1194 0.1499 0.0360 
         175  1 0.0173 0.0222 0.2499 0.2843 0.0274 0.1243 0.2080 0.0666 
         176  1 0.0148 0.0124 0.5083 0.2644 0.0129 0.0826 0.0577 0.0470 
         177  1 0.0264 0.0113 0.3070 0.2772 0.0173 0.0871 0.0246 0.2492 
         178  1 0.0287 0.0570 0.1209 0.1131 0.1072 0.5175 0.0319 0.0235 
         179  1 0.0168 0.0197 0.0294 0.0294 0.0360 0.0386 0.7885 0.0416 
         180  1 0.1071 0.0473 0.0469 0.0451 0.0190 0.0213 0.6827 0.0306 
         181  1 0.0130 0.0107 0.0225 0.0224 0.0235 0.0209 0.0168 0.8701 
         182  1 0.0140 0.0152 0.1082 0.1436 0.2166 0.3525 0.1022 0.0477 
         183  1 0.6016 0.0242 0.0616 0.0637 0.0171 0.2047 0.0155 0.0116 
         184  1 0.0153 0.0269 0.3577 0.2838 0.1792 0.0431 0.0549 0.0391 
         185  1 0.0148 0.0226 0.0166 0.0172 0.0164 0.0199 0.8841 0.0085 
         186  1 0.0156 0.3039 0.2297 0.2864 0.0132 0.0379 0.0371 0.0762 
         187  1 0.0192 0.0752 0.2788 0.3419 0.0716 0.0226 0.1546 0.0362 
         188  1 0.0415 0.0135 0.3657 0.2237 0.0216 0.0532 0.2568 0.0239 
         189  1 0.8595 0.0132 0.0478 0.0272 0.0110 0.0174 0.0156 0.0083 
         190  1 0.0150 0.0250 0.0748 0.0559 0.0504 0.0196 0.0158 0.7436 
         191  1 0.0515 0.5046 0.0641 0.0715 0.0319 0.0339 0.0105 0.2318 
         192  1 0.0189 0.0173 0.4413 0.2795 0.0234 0.0536 0.1294 0.0367 
         193  1 0.7995 0.1273 0.0137 0.0148 0.0117 0.0099 0.0136 0.0095 
         194  1 0.0203 0.8878 0.0198 0.0231 0.0097 0.0190 0.0114 0.0088 
         195  1 0.7426 0.0750 0.0358 0.0347 0.0090 0.0221 0.0734 0.0072 
         196  1 0.0139 0.6440 0.0493 0.0523 0.0232 0.0211 0.1662 0.0299 
         197  1 0.2071 0.0898 0.1298 0.1849 0.0258 0.0287 0.2993 0.0346 
         198  1 0.0909 0.0538 0.1702 0.1723 0.0232 0.0354 0.4445 0.0096 
         199  1 0.0131 0.0180 0.0191 0.0192 0.8804 0.0179 0.0193 0.0130 
         200  1 0.0781 0.5223 0.1007 0.1080 0.0746 0.0545 0.0419 0.0200 
         201  1 0.0210 0.8711 0.0143 0.0163 0.0192 0.0166 0.0244 0.0170 
         202  1 0.0195 0.0311 0.3433 0.3064 0.0691 0.1778 0.0383 0.0145 
         203  1 0.0100 0.0251 0.0276 0.0289 0.0125 0.8517 0.0349 0.0092 
         204  1 0.0107 0.0889 0.0746 0.0819 0.0339 0.6814 0.0166 0.0119 
         205  1 0.0091 0.1604 0.0368 0.0396 0.0240 0.0623 0.0459 0.6219 
         206  1 0.0601 0.0588 0.1891 0.3066 0.0338 0.0284 0.3116 0.0116 
         207  1 0.0091 0.0112 0.0364 0.0292 0.0149 0.0389 0.0211 0.8392 
         208  1 0.0598 0.1717 0.1838 0.1992 0.0275 0.0493 0.2534 0.0553 
         209  1 0.0188 0.4001 0.1712 0.2150 0.0547 0.0198 0.0795 0.0409 
         210  1 0.1469 0.0289 0.0245 0.0291 0.0166 0.0265 0.7075 0.0201 
         211  1 0.0989 0.0626 0.0402 0.0421 0.0254 0.0136 0.0237 0.6934 
         212  1 0.0397 0.0521 0.1069 0.1112 0.0257 0.0237 0.0655 0.5751 
         213  1 0.0430 0.0191 0.0303 0.0322 0.0144 0.8221 0.0230 0.0158 
         214  1 0.4337 0.2009 0.0664 0.0856 0.0881 0.0458 0.0592 0.0203 
         215  1 0.8244 0.0201 0.0206 0.0200 0.0186 0.0209 0.0128 0.0627 
         216  1 0.0817 0.0704 0.0380 0.0431 0.0264 0.6612 0.0694 0.0097 
         217  1 0.8622 0.0128 0.0466 0.0253 0.0107 0.0185 0.0159 0.0080 
         218  1 0.0592 0.0743 0.0551 0.0598 0.0164 0.0306 0.0990 0.6056 
         219  1 0.0225 0.8711 0.0140 0.0164 0.0199 0.0176 0.0223 0.0163 
         220  1 0.0295 0.0315 0.2012 0.2541 0.0318 0.4154 0.0186 0.0179 
         221  1 0.0331 0.3917 0.1769 0.2140 0.0445 0.0432 0.0696 0.0270 
         222  1 0.0300 0.0345 0.3356 0.3978 0.0309 0.1096 0.0291 0.0326 
         223  1 0.0143 0.1629 0.2315 0.2763 0.0915 0.1316 0.0551 0.0367 
         224  1 0.7240 0.0174 0.0643 0.0720 0.0192 0.0516 0.0130 0.0385 
         225  1 0.0119 0.0084 0.0188 0.0187 0.0164 0.0148 0.0145 0.8965 
         226  1 0.0156 0.0169 0.0321 0.0294 0.0247 0.0145 0.0285 0.8382 
         227  1 0.0682 0.0134 0.0937 0.0840 0.0447 0.0391 0.0180 0.6389 
         228  1 0.0291 0.3863 0.1827 0.2162 0.0334 0.0296 0.0912 0.0315 
         229  1 0.0471 0.0355 0.3161 0.4515 0.0230 0.0317 0.0401 0.0550 
         230  1 0.0812 0.0261 0.3615 0.2764 0.0965 0.0348 0.1101 0.0134 
         231  1 0.0809 0.0150 0.0688 0.0676 0.0164 0.1289 0.4384 0.1841 
         232  1 0.0192 0.1309 0.2256 0.2294 0.0579 0.0565 0.2649 0.0156 
         233  1 0.0428 0.0236 0.0518 0.0630 0.0132 0.7259 0.0298 0.0500 
         234  1 0.0839 0.0174 0.3715 0.3980 0.0160 0.0467 0.0531 0.0134 
         235  1 0.0513 0.0183 0.0304 0.0323 0.8078 0.0207 0.0144 0.0248 
         236  1 0.0495 0.1337 0.2020 0.2118 0.0453 0.3130 0.0287 0.0160 
         237  1 0.0296 0.0103 0.2694 0.2294 0.1589 0.0471 0.0816 0.1736 
         238  1 0.0118 0.0100 0.0864 0.0522 0.0210 0.0260 0.0404 0.7523 
         239  1 0.0269 0.0896 0.2209 0.2780 0.0737 0.1869 0.1061 0.0179 
         240  1 0.1053 0.0777 0.2617 0.3446 0.0188 0.0994 0.0736 0.0190 
         241  1 0.0142 0.0769 0.0195 0.0227 0.0223 0.0125 0.0289 0.8031 
         242  1 0.1784 0.0358 0.1827 0.2577 0.0246 0.0341 0.2650 0.0218 
         243  1 0.0326 0.0104 0.0803 0.0983 0.1414 0.4926 0.1207 0.0236 
         244  1 0.0156 0.0118 0.0251 0.0263 0.8559 0.0125 0.0212 0.0316 
         245  1 0.1158 0.0570 0.2788 0.2568 0.0345 0.0208 0.1829 0.0534 
         246  1 0.8740 0.0162 0.0204 0.0191 0.0183 0.0108 0.0276 0.0135 
         247  1 0.1027 0.0561 0.2334 0.2838 0.0262 0.1910 0.0488 0.0582 
         248  1 0.0576 0.0189 0.2863 0.3430 0.0184 0.0629 0.1077 0.1052 
         249  1 0.1386 0.1115 0.2287 0.1828 0.0593 0.1992 0.0494 0.0305 
         250  1 0.0537 0.0178 0.2986 0.3712 0.0317 0.1341 0.0424 0.0505 
         251  1 0.0295 0.0209 0.2005 0.2327 0.1525 0.3092 0.0303 0.0244 
         252  1 0.0563 0.0129 0.0422 0.0463 0.0264 0.1458 0.5944 0.0757 
         253  1 0.0589 0.6250 0.0543 0.0628 0.0231 0.0588 0.1027 0.0143 
         254  1 0.0234 0.0476 0.3673 0.2160 0.0942 0.0250 0.1928 0.0336 
         255  1 0.0175 0.8641 0.0158 0.0157 0.0417 0.0139 0.0218 0.0094 
         256  1 0.0184 0.8607 0.0167 0.0162 0.0430 0.0129 0.0227 0.0092 
         257  1 0.0371 0.2542 0.2636 0.2662 0.0457 0.0251 0.0742 0.0339 
         258  1 0.0180 0.0331 0.0704 0.1060 0.0083 0.0201 0.7202 0.0239 
         259  1 0.0317 0.0166 0.0197 0.0193 0.0092 0.0261 0.8674 0.0100 
         260  1 0.1256 0.0159 0.4724 0.2465 0.0133 0.0193 0.0560 0.0510 
