           1  1 0.3951 0.1058 0.1502 0.0933 0.0228 0.1996 0.0333 
           2  1 0.2753 0.0203 0.1503 0.4009 0.0336 0.0853 0.0344 
           3  1 0.0632 0.7782 0.0324 0.0200 0.0572 0.0309 0.0181 
           4  1 0.1895 0.0726 0.3889 0.1091 0.0727 0.1355 0.0318 
           5  1 0.2021 0.0153 0.4008 0.0626 0.1480 0.1011 0.0702 
           6  1 0.3843 0.0495 0.1090 0.0329 0.3808 0.0292 0.0143 
           7  1 0.0993 0.0564 0.2850 0.1898 0.0583 0.1555 0.1557 
           8  1 0.1196 0.4116 0.0931 0.0633 0.0321 0.1462 0.1341 
           9  1 0.1816 0.0214 0.0515 0.0193 0.0285 0.0521 0.6455 
          10  1 0.6528 0.0232 0.1384 0.0346 0.0422 0.0579 0.0509 
          11  1 0.3002 0.0886 0.1172 0.0479 0.2822 0.1524 0.0114 
          12  1 0.0590 0.0295 0.0995 0.1114 0.0528 0.0404 0.6074 
          13  1 0.0207 0.1021 0.1181 0.3686 0.0861 0.2852 0.0193 
          14  1 0.0334 0.7654 0.0467 0.0626 0.0243 0.0401 0.0276 
          15  1 0.0201 0.0323 0.4805 0.0528 0.1253 0.2752 0.0138 
          16  1 0.0186 0.0353 0.3376 0.0770 0.0808 0.0400 0.4106 
          17  1 0.0166 0.5485 0.1912 0.0609 0.0969 0.0639 0.0220 
          18  1 0.0362 0.7521 0.0642 0.0392 0.0619 0.0248 0.0217 
          19  1 0.7598 0.0142 0.0255 0.0192 0.0322 0.0210 0.1281 
          20  1 0.7327 0.0180 0.0700 0.0491 0.0881 0.0228 0.0192 
          21  1 0.0203 0.0211 0.0432 0.1100 0.0146 0.0455 0.7453 
          22  1 0.5862 0.0234 0.1956 0.0813 0.0420 0.0508 0.0208 
          23  1 0.0573 0.4117 0.2364 0.1040 0.0712 0.0455 0.0740 
          24  1 0.0123 0.0116 0.0217 0.0134 0.0152 0.0112 0.9145 
          25  1 0.0163 0.3393 0.2047 0.2420 0.1033 0.0692 0.0251 
          26  1 0.2437 0.0985 0.2951 0.0967 0.1143 0.0571 0.0946 
          27  1 0.1171 0.0393 0.2968 0.0412 0.0728 0.0442 0.3884 
          28  1 0.0336 0.0577 0.0431 0.6664 0.0632 0.1161 0.0198 
          29  1 0.0535 0.1522 0.3886 0.1548 0.0571 0.1765 0.0172 
          30  1 0.0336 0.1765 0.0705 0.5188 0.0274 0.1409 0.0323 
          31  1 0.0641 0.2007 0.1731 0.2446 0.1422 0.1119 0.0633 
          32  1 0.0810 0.0261 0.2202 0.2023 0.3910 0.0483 0.0311 
          33  1 0.0175 0.8238 0.0339 0.0455 0.0285 0.0293 0.0215 
          34  1 0.8434 0.0420 0.0205 0.0232 0.0174 0.0324 0.0212 
          35  1 0.0134 0.9151 0.0146 0.0131 0.0118 0.0221 0.0098 
          36  1 0.8053 0.0324 0.0251 0.0229 0.0113 0.0708 0.0322 
          37  1 0.0778 0.1480 0.4173 0.1446 0.0483 0.0783 0.0857 
          38  1 0.0266 0.0481 0.0912 0.0654 0.0303 0.0830 0.6554 
          39  1 0.0748 0.0315 0.4741 0.0710 0.1335 0.1782 0.0369 
          40  1 0.0278 0.2252 0.3453 0.1108 0.1338 0.0311 0.1259 
          41  1 0.0206 0.0213 0.0411 0.0466 0.0357 0.0506 0.7841 
          42  1 0.0607 0.4880 0.2581 0.0842 0.0430 0.0479 0.0182 
          43  1 0.0153 0.3979 0.0198 0.0219 0.0154 0.0147 0.5150 
          44  1 0.0545 0.0101 0.0283 0.0427 0.0300 0.0905 0.7440 
          45  1 0.0846 0.0350 0.2188 0.1015 0.4720 0.0386 0.0495 
          46  1 0.0315 0.8004 0.0698 0.0360 0.0226 0.0158 0.0238 
          47  1 0.0517 0.0591 0.4266 0.0783 0.1688 0.0444 0.1711 
          48  1 0.0416 0.0135 0.3727 0.0533 0.3303 0.0607 0.1279 
          49  1 0.0211 0.0664 0.3632 0.0780 0.3894 0.0502 0.0316 
          50  1 0.0288 0.0148 0.3972 0.0696 0.3212 0.1060 0.0623 
          51  1 0.0107 0.0193 0.0730 0.4534 0.2661 0.1638 0.0137 
          52  1 0.0180 0.1085 0.1979 0.1907 0.1444 0.2990 0.0415 
          53  1 0.1048 0.0715 0.0709 0.2526 0.0500 0.4350 0.0151 
          54  1 0.0132 0.0147 0.5077 0.0577 0.3435 0.0505 0.0126 
          55  1 0.0983 0.0926 0.0815 0.4335 0.0706 0.0885 0.1349 
          56  1 0.0154 0.0418 0.3204 0.2447 0.1112 0.1226 0.1438 
          57  1 0.0219 0.0741 0.2407 0.4564 0.0537 0.1255 0.0277 
          58  1 0.0513 0.0439 0.1727 0.4848 0.0423 0.1104 0.0946 
          59  1 0.1389 0.0369 0.2087 0.1043 0.0590 0.4199 0.0324 
          60  1 0.2051 0.0130 0.2381 0.2387 0.1774 0.0910 0.0367 
          61  1 0.0598 0.0280 0.0542 0.0414 0.1227 0.0289 0.6651 
          62  1 0.0242 0.0962 0.1850 0.1499 0.1864 0.3227 0.0356 
          63  1 0.0249 0.8609 0.0188 0.0216 0.0418 0.0141 0.0179 
          64  1 0.1963 0.0100 0.0249 0.0933 0.1597 0.5039 0.0119 
          65  1 0.0135 0.0229 0.0565 0.6459 0.0184 0.1483 0.0945 
          66  1 0.0277 0.0313 0.0208 0.0198 0.0179 0.0297 0.8529 
          67  1 0.0218 0.0860 0.1427 0.5402 0.0937 0.0947 0.0209 
          68  1 0.0126 0.0220 0.1777 0.3071 0.3492 0.0768 0.0546 
          69  1 0.0318 0.0269 0.6339 0.0587 0.0850 0.0980 0.0658 
          70  1 0.0249 0.0392 0.2433 0.0483 0.5888 0.0347 0.0209 
          71  1 0.0262 0.1084 0.4100 0.0954 0.0998 0.2131 0.0471 
          72  1 0.0216 0.8443 0.0289 0.0343 0.0340 0.0197 0.0172 
          73  1 0.0363 0.0751 0.6131 0.0536 0.0460 0.0925 0.0834 
          74  1 0.1418 0.5363 0.0582 0.0599 0.0656 0.1221 0.0161 
          75  1 0.1212 0.2546 0.2095 0.1646 0.0296 0.0913 0.1291 
          76  1 0.0201 0.0219 0.2004 0.3791 0.1806 0.1786 0.0194 
          77  1 0.0690 0.0870 0.0555 0.0971 0.0374 0.6204 0.0335 
          78  1 0.1450 0.1460 0.1857 0.1348 0.1780 0.0360 0.1745 
          79  1 0.1044 0.0430 0.1735 0.0227 0.5838 0.0429 0.0297 
          80  1 0.0283 0.8277 0.0349 0.0363 0.0237 0.0304 0.0186 
          81  1 0.0475 0.0148 0.0506 0.5599 0.0192 0.1832 0.1249 
          82  1 0.0645 0.5865 0.1249 0.1029 0.0600 0.0396 0.0217 
          83  1 0.0134 0.6868 0.0590 0.0456 0.0173 0.0188 0.1591 
          84  1 0.3455 0.1511 0.1571 0.0719 0.0310 0.1254 0.1180 
          85  1 0.0170 0.0771 0.0436 0.6538 0.0682 0.1147 0.0256 
          86  1 0.0206 0.0227 0.0365 0.7307 0.0368 0.1282 0.0245 
          87  1 0.3231 0.0329 0.2135 0.0528 0.0351 0.1682 0.1744 
          88  1 0.0207 0.1228 0.4848 0.0781 0.1033 0.0364 0.1539 
          89  1 0.0461 0.0279 0.3561 0.1945 0.2792 0.0677 0.0285 
          90  1 0.0163 0.8937 0.0186 0.0213 0.0152 0.0197 0.0153 
          91  1 0.0531 0.1272 0.5263 0.1196 0.0722 0.0450 0.0565 
          92  1 0.0190 0.0456 0.0304 0.7536 0.0205 0.1130 0.0179 
          93  1 0.0472 0.0307 0.3156 0.2429 0.1273 0.1586 0.0777 
          94  1 0.0257 0.0433 0.0310 0.7005 0.0749 0.1015 0.0231 
          95  1 0.0814 0.4037 0.1057 0.0314 0.3049 0.0320 0.0409 
          96  1 0.0675 0.1527 0.2685 0.0871 0.1369 0.2080 0.0793 
          97  1 0.5597 0.0243 0.0379 0.1109 0.0550 0.2021 0.0101 
          98  1 0.0606 0.1001 0.3222 0.0491 0.1101 0.3282 0.0296 
          99  1 0.0120 0.0173 0.0261 0.7164 0.0405 0.1721 0.0156 
         100  1 0.0613 0.0415 0.2227 0.4041 0.0881 0.1496 0.0327 
         101  1 0.0515 0.5182 0.0826 0.0414 0.0267 0.0427 0.2370 
         102  1 0.0186 0.7389 0.0468 0.0286 0.0567 0.0296 0.0808 
         103  1 0.0455 0.1565 0.1632 0.1335 0.1164 0.0356 0.3493 
         104  1 0.3662 0.1030 0.0743 0.0407 0.3434 0.0412 0.0314 
         105  1 0.0623 0.1479 0.1920 0.1116 0.1823 0.2280 0.0760 
         106  1 0.0344 0.0233 0.0768 0.6102 0.0476 0.1401 0.0675 
         107  1 0.0148 0.0159 0.0330 0.0169 0.8866 0.0180 0.0147 
         108  1 0.0540 0.1875 0.4665 0.1024 0.0708 0.0398 0.0791 
         109  1 0.0594 0.0924 0.3073 0.3119 0.0890 0.0818 0.0582 
         110  1 0.0434 0.3478 0.0649 0.0332 0.3946 0.0959 0.0202 
         111  1 0.5244 0.0227 0.2664 0.0476 0.0549 0.0435 0.0404 
         112  1 0.4265 0.0538 0.2061 0.0715 0.1289 0.0768 0.0364 
         113  1 0.0273 0.7441 0.0422 0.0284 0.0517 0.0609 0.0455 
         114  1 0.0209 0.0144 0.0598 0.0179 0.8634 0.0155 0.0081 
         115  1 0.1104 0.0930 0.2893 0.0653 0.0429 0.0319 0.3671 
         116  1 0.0693 0.1171 0.2794 0.2340 0.0406 0.0839 0.1757 
         117  1 0.2667 0.0176 0.1724 0.0472 0.0562 0.1111 0.3288 
         118  1 0.0865 0.0528 0.5125 0.0454 0.2023 0.0681 0.0325 
         119  1 0.0488 0.5129 0.1487 0.0515 0.1812 0.0289 0.0280 
         120  1 0.0124 0.0296 0.0196 0.1431 0.0151 0.7670 0.0132 
         121  1 0.0133 0.0206 0.0348 0.0305 0.0433 0.0310 0.8266 
         122  1 0.0418 0.1341 0.1706 0.1586 0.0542 0.3830 0.0577 
         123  1 0.2567 0.0134 0.0176 0.0974 0.0165 0.5873 0.0110 
         124  1 0.0178 0.6810 0.0643 0.1632 0.0171 0.0407 0.0160 
         125  1 0.4525 0.0485 0.2049 0.1285 0.0530 0.0816 0.0310 
         126  1 0.0827 0.0332 0.0728 0.0951 0.1088 0.5720 0.0355 
         127  1 0.0211 0.0237 0.0450 0.6780 0.0986 0.1224 0.0112 
         128  1 0.2203 0.3202 0.0888 0.0296 0.2049 0.0238 0.1123 
         129  1 0.0190 0.0769 0.0727 0.3798 0.0523 0.3707 0.0286 
         130  1 0.1096 0.0371 0.4965 0.1892 0.0634 0.0671 0.0370 
         131  1 0.0643 0.2006 0.1369 0.1779 0.2276 0.1428 0.0498 
         132  1 0.0760 0.0742 0.0334 0.1078 0.0179 0.6626 0.0280 
         133  1 0.0141 0.0885 0.2181 0.2227 0.0940 0.0562 0.3064 
         134  1 0.0248 0.1005 0.0911 0.6235 0.0217 0.1201 0.0182 
         135  1 0.0230 0.0755 0.0462 0.7067 0.0250 0.1076 0.0160 
         136  1 0.0300 0.0170 0.0351 0.7507 0.0430 0.1127 0.0115 
         137  1 0.0203 0.0202 0.0299 0.1326 0.0245 0.7572 0.0152 
         138  1 0.0284 0.0188 0.0293 0.2231 0.0209 0.6189 0.0605 
         139  1 0.0331 0.0151 0.0435 0.1394 0.0214 0.7238 0.0238 
         140  1 0.6150 0.0693 0.0829 0.0401 0.0301 0.1497 0.0130 
         141  1 0.0305 0.0099 0.0494 0.0245 0.8446 0.0226 0.0184 
         142  1 0.0493 0.0201 0.0342 0.0231 0.8398 0.0179 0.0156 
         143  1 0.0210 0.0136 0.0364 0.1329 0.0381 0.7197 0.0384 
         144  1 0.0263 0.2530 0.1198 0.4075 0.0653 0.0862 0.0420 
         145  1 0.0432 0.0238 0.1186 0.1184 0.0949 0.5394 0.0617 
         146  1 0.0301 0.0226 0.0891 0.5699 0.1480 0.1254 0.0151 
         147  1 0.0249 0.0619 0.7039 0.0728 0.0401 0.0441 0.0523 
         148  1 0.0417 0.1306 0.3262 0.0954 0.2998 0.0407 0.0655 
         149  1 0.1135 0.1729 0.2512 0.0538 0.0385 0.0382 0.3320 
         150  1 0.0335 0.0385 0.1776 0.1664 0.4915 0.0694 0.0230 
         151  1 0.0212 0.0214 0.0256 0.0207 0.0127 0.0206 0.8779 
         152  1 0.0539 0.5292 0.1790 0.0508 0.1179 0.0355 0.0337 
         153  1 0.0292 0.0218 0.3286 0.1291 0.2046 0.0544 0.2323 
         154  1 0.0688 0.1674 0.0758 0.0300 0.0396 0.0291 0.5893 
         155  1 0.0259 0.0193 0.1939 0.1679 0.1374 0.0616 0.3941 
         156  1 0.0978 0.0293 0.5808 0.0829 0.1037 0.0856 0.0199 
         157  1 0.0773 0.0225 0.0194 0.1191 0.0194 0.7275 0.0148 
         158  1 0.0129 0.0191 0.1287 0.0673 0.6785 0.0648 0.0287 
         159  1 0.8653 0.0309 0.0240 0.0177 0.0229 0.0277 0.0115 
         160  1 0.0319 0.0763 0.4410 0.1432 0.1624 0.0857 0.0595 
         161  1 0.1446 0.0372 0.0903 0.0520 0.6098 0.0338 0.0322 
         162  1 0.0545 0.1213 0.4307 0.0577 0.1146 0.0308 0.1905 
         163  1 0.2602 0.0231 0.1215 0.0995 0.0468 0.4294 0.0194 
         164  1 0.2035 0.1175 0.1121 0.0665 0.3031 0.1662 0.0312 
         165  1 0.8295 0.0233 0.0388 0.0182 0.0230 0.0548 0.0124 
         166  1 0.1513 0.0942 0.2936 0.0469 0.2919 0.0313 0.0908 
         167  1 0.0169 0.0516 0.0335 0.0391 0.0335 0.0264 0.7989 
         168  1 0.0195 0.0261 0.2888 0.4243 0.0859 0.1169 0.0385 
         169  1 0.1526 0.5778 0.0703 0.0861 0.0140 0.0591 0.0400 
         170  1 0.0155 0.0164 0.0758 0.6698 0.0430 0.1512 0.0283 
         171  1 0.2859 0.0379 0.3376 0.0584 0.0466 0.1940 0.0397 
         172  1 0.0720 0.0630 0.5107 0.0886 0.0298 0.0522 0.1838 
         173  1 0.0809 0.0295 0.2250 0.0346 0.0534 0.0451 0.5314 
         174  1 0.1117 0.0204 0.1862 0.1713 0.2007 0.2663 0.0433 
         175  1 0.0350 0.0411 0.3645 0.1517 0.2658 0.0469 0.0951 
         176  1 0.0154 0.0174 0.6124 0.1096 0.1350 0.0399 0.0702 
         177  1 0.0148 0.0271 0.4112 0.1342 0.0571 0.0527 0.3029 
         178  1 0.0647 0.1267 0.1232 0.5060 0.0486 0.1000 0.0308 
         179  1 0.0246 0.0462 0.0441 0.0435 0.7764 0.0236 0.0416 
         180  1 0.0606 0.0248 0.0605 0.0412 0.6378 0.1379 0.0372 
         181  1 0.0133 0.0283 0.0244 0.0243 0.0197 0.0173 0.8726 
         182  1 0.0175 0.2695 0.1233 0.3207 0.1361 0.0682 0.0647 
         183  1 0.0350 0.0197 0.0601 0.2756 0.0187 0.5769 0.0139 
         184  1 0.0414 0.2949 0.3878 0.0601 0.1102 0.0320 0.0735 
         185  1 0.0285 0.0205 0.0301 0.0235 0.8682 0.0188 0.0104 
         186  1 0.5115 0.0197 0.2015 0.0551 0.0604 0.0266 0.1251 
         187  1 0.1108 0.1029 0.4061 0.0303 0.2697 0.0309 0.0491 
         188  1 0.0176 0.0285 0.3843 0.0661 0.4079 0.0580 0.0375 
         189  1 0.0168 0.0123 0.0399 0.1234 0.0208 0.7768 0.0098 
         190  1 0.0301 0.0620 0.0690 0.0235 0.0259 0.0260 0.7634 
         191  1 0.5289 0.0427 0.0630 0.0409 0.0143 0.0572 0.2530 
         192  1 0.0239 0.0367 0.4825 0.0656 0.2905 0.0456 0.0552 
         193  1 0.2626 0.0138 0.0161 0.0978 0.0161 0.5826 0.0110 
         194  1 0.8973 0.0120 0.0202 0.0225 0.0147 0.0227 0.0105 
         195  1 0.0953 0.0107 0.0434 0.1183 0.0730 0.6506 0.0088 
         196  1 0.7027 0.0300 0.0487 0.0247 0.1389 0.0176 0.0375 
         197  1 0.1611 0.0296 0.1615 0.0577 0.3340 0.2125 0.0436 
         198  1 0.0803 0.0286 0.2014 0.0517 0.5077 0.1173 0.0130 
         199  1 0.0217 0.8848 0.0210 0.0200 0.0213 0.0164 0.0148 
         200  1 0.5707 0.0844 0.1116 0.0623 0.0533 0.0912 0.0265 
         201  1 0.8696 0.0245 0.0175 0.0198 0.0257 0.0236 0.0193 
         202  1 0.0411 0.0995 0.4317 0.2478 0.0825 0.0746 0.0229 
         203  1 0.0301 0.0171 0.0364 0.7496 0.0432 0.1123 0.0112 
         204  1 0.0901 0.0393 0.0745 0.6516 0.0246 0.1052 0.0149 
         205  1 0.1590 0.0330 0.0453 0.0663 0.0516 0.0179 0.6268 
         206  1 0.0759 0.0463 0.2909 0.0455 0.4616 0.0627 0.0171 
         207  1 0.0137 0.0176 0.0355 0.0377 0.0287 0.0174 0.8492 
         208  1 0.2127 0.0370 0.2225 0.0698 0.2982 0.0892 0.0706 
         209  1 0.6038 0.0823 0.1179 0.0274 0.0914 0.0269 0.0501 
         210  1 0.0448 0.0205 0.0464 0.0532 0.6535 0.1553 0.0263 
         211  1 0.0784 0.0315 0.0386 0.0271 0.0291 0.0917 0.7037 
         212  1 0.0697 0.0327 0.1040 0.0315 0.0827 0.0469 0.6324 
         213  1 0.0216 0.0180 0.0385 0.7299 0.0293 0.1413 0.0213 
         214  1 0.2283 0.1058 0.0752 0.1006 0.0895 0.3749 0.0257 
         215  1 0.0317 0.0200 0.0255 0.1266 0.0169 0.7101 0.0691 
         216  1 0.0896 0.0288 0.0414 0.6140 0.0657 0.1482 0.0123 
         217  1 0.0165 0.0118 0.0405 0.1225 0.0205 0.7784 0.0097 
         218  1 0.0860 0.0211 0.0596 0.0402 0.1081 0.0647 0.6203 
         219  1 0.8697 0.0233 0.0180 0.0202 0.0260 0.0232 0.0196 
         220  1 0.0549 0.0392 0.2373 0.4953 0.0311 0.1187 0.0236 
         221  1 0.5936 0.0616 0.1315 0.0545 0.0811 0.0441 0.0336 
         222  1 0.0665 0.0472 0.5177 0.1876 0.0677 0.0659 0.0475 
         223  1 0.2224 0.1303 0.2853 0.1836 0.0866 0.0404 0.0513 
         224  1 0.0275 0.0230 0.0707 0.1524 0.0174 0.6611 0.0480 
         225  1 0.0112 0.0195 0.0203 0.0168 0.0181 0.0156 0.8985 
         226  1 0.0211 0.0269 0.0337 0.0166 0.0312 0.0180 0.8525 
         227  1 0.0187 0.0498 0.0739 0.0520 0.0252 0.0831 0.6973 
         228  1 0.4711 0.0524 0.2105 0.0440 0.1357 0.0450 0.0413 
         229  1 0.0564 0.0363 0.5832 0.0517 0.1028 0.0647 0.1049 
         230  1 0.0330 0.1355 0.3809 0.0619 0.2059 0.1644 0.0184 
         231  1 0.0191 0.0213 0.0784 0.1441 0.4467 0.0964 0.1939 
         232  1 0.1344 0.0775 0.2813 0.0636 0.3930 0.0289 0.0212 
         233  1 0.0273 0.0166 0.0638 0.6613 0.0376 0.1309 0.0624 
         234  1 0.0265 0.0206 0.6196 0.0745 0.1264 0.1127 0.0197 
         235  1 0.0232 0.8134 0.0336 0.0279 0.0185 0.0546 0.0288 
         236  1 0.1727 0.0620 0.2015 0.3874 0.0403 0.1156 0.0206 
         237  1 0.0142 0.1943 0.3272 0.0594 0.1291 0.0479 0.2279 
         238  1 0.0127 0.0251 0.0741 0.0298 0.0601 0.0211 0.7771 
         239  1 0.1342 0.1077 0.2938 0.2449 0.1291 0.0679 0.0223 
         240  1 0.0964 0.0276 0.4074 0.1518 0.1167 0.1741 0.0260 
         241  1 0.0749 0.0251 0.0242 0.0151 0.0311 0.0168 0.8127 
         242  1 0.0548 0.0336 0.2725 0.0602 0.3654 0.1823 0.0312 
         243  1 0.0138 0.1713 0.0906 0.4550 0.1351 0.1056 0.0287 
         244  1 0.0167 0.8585 0.0290 0.0152 0.0226 0.0186 0.0395 
         245  1 0.1248 0.0524 0.2808 0.0442 0.2704 0.1503 0.0772 
         246  1 0.0213 0.0197 0.0258 0.1173 0.0391 0.7605 0.0164 
         247  1 0.0913 0.0369 0.2862 0.2570 0.0839 0.1644 0.0805 
         248  1 0.0253 0.0241 0.4096 0.0837 0.2148 0.0764 0.1659 
         249  1 0.1238 0.0741 0.2534 0.2338 0.0808 0.1951 0.0390 
         250  1 0.0269 0.0475 0.4690 0.1775 0.0677 0.1272 0.0842 
         251  1 0.0276 0.2143 0.2192 0.3616 0.0536 0.0928 0.0310 
         252  1 0.0181 0.0297 0.0662 0.1582 0.5454 0.0976 0.0848 
         253  1 0.6580 0.0269 0.0591 0.0644 0.0975 0.0771 0.0171 
         254  1 0.0597 0.1315 0.3130 0.0387 0.3671 0.0460 0.0440 
         255  1 0.8541 0.0530 0.0191 0.0165 0.0253 0.0203 0.0118 
         256  1 0.8547 0.0519 0.0199 0.0164 0.0257 0.0200 0.0114 
         257  1 0.3435 0.0552 0.3438 0.0338 0.1209 0.0615 0.0413 
         258  1 0.0376 0.0104 0.1022 0.0228 0.7777 0.0226 0.0268 
         259  1 0.0238 0.0113 0.0286 0.0307 0.8592 0.0351 0.0113 
         260  1 0.0231 0.0182 0.5160 0.0544 0.1206 0.2070 0.0607 
