           1  1 0.0757 0.2783 0.0100 0.0411 0.0949 0.0616 0.1946 0.1755 0.0141 0.0541 
           2  1 0.0230 0.1866 0.0142 0.0109 0.1386 0.1493 0.1822 0.1297 0.0209 0.1447 
           3  1 0.0219 0.0247 0.0513 0.7481 0.0508 0.0290 0.0215 0.0310 0.0117 0.0100 
           4  1 0.0435 0.1738 0.0260 0.0348 0.0809 0.2329 0.1448 0.2166 0.0169 0.0298 
           5  1 0.0325 0.3607 0.0265 0.0074 0.0208 0.0682 0.2434 0.2060 0.0205 0.0139 
           6  1 0.0180 0.0743 0.2903 0.0294 0.3198 0.0980 0.0552 0.0904 0.0094 0.0151 
           7  1 0.0917 0.1729 0.0302 0.0295 0.0373 0.1582 0.1216 0.1561 0.0913 0.1112 
           8  1 0.0825 0.2017 0.0172 0.2581 0.0361 0.0433 0.1438 0.1224 0.0670 0.0279 
           9  1 0.0333 0.1156 0.0181 0.0120 0.0850 0.0276 0.0581 0.0659 0.5702 0.0143 
          10  1 0.0303 0.3739 0.0123 0.0117 0.0853 0.0388 0.2473 0.1788 0.0133 0.0084 
          11  1 0.1350 0.0882 0.2241 0.0682 0.2097 0.0946 0.0482 0.0958 0.0074 0.0289 
          12  1 0.0150 0.0733 0.0238 0.0142 0.0444 0.0775 0.0659 0.0714 0.4908 0.1236 
          13  1 0.2031 0.0707 0.0554 0.0654 0.0126 0.1400 0.2069 0.0785 0.0126 0.1548 
          14  1 0.0256 0.0352 0.0118 0.6882 0.0304 0.0480 0.0388 0.0439 0.0185 0.0596 
          15  1 0.1066 0.1506 0.0303 0.0183 0.0089 0.2651 0.0579 0.3426 0.0081 0.0116 
          16  1 0.0141 0.1506 0.0173 0.0205 0.0099 0.2395 0.0783 0.2832 0.1509 0.0357 
          17  1 0.0213 0.0705 0.0299 0.4165 0.0102 0.1581 0.0923 0.1671 0.0153 0.0188 
          18  1 0.0140 0.0391 0.0387 0.7006 0.0276 0.0384 0.0204 0.0401 0.0134 0.0677 
          19  1 0.0148 0.0179 0.0185 0.0092 0.7459 0.0210 0.0196 0.0192 0.1247 0.0093 
          20  1 0.0129 0.0590 0.0651 0.0118 0.6119 0.0675 0.0842 0.0526 0.0148 0.0201 
          21  1 0.0193 0.0394 0.0079 0.0115 0.0088 0.0489 0.1067 0.0288 0.7062 0.0224 
          22  1 0.0259 0.1180 0.0244 0.0133 0.4344 0.1189 0.1543 0.0794 0.0133 0.0180 
          23  1 0.0234 0.2286 0.0394 0.1912 0.0278 0.1728 0.0812 0.1433 0.0337 0.0587 
          24  1 0.0078 0.0185 0.0095 0.0073 0.0084 0.0180 0.0118 0.0199 0.8795 0.0193 
          25  1 0.0231 0.0933 0.0522 0.2282 0.0098 0.1208 0.0475 0.0885 0.0128 0.3237 
          26  1 0.0197 0.2680 0.0318 0.0449 0.0741 0.1283 0.1527 0.1966 0.0456 0.0384 
          27  1 0.0237 0.3085 0.0250 0.0187 0.0389 0.1122 0.1305 0.1695 0.1333 0.0397 
          28  1 0.0169 0.0288 0.0464 0.0269 0.0173 0.0218 0.0309 0.0224 0.0110 0.7777 
          29  1 0.0719 0.2252 0.0193 0.0981 0.0185 0.1622 0.1970 0.1627 0.0097 0.0355 
          30  1 0.0377 0.0329 0.0112 0.1080 0.0258 0.0354 0.0206 0.0345 0.0168 0.6770 
          31  1 0.0401 0.1210 0.0759 0.1199 0.0501 0.1710 0.1443 0.1176 0.0431 0.1170 
          32  1 0.0125 0.1708 0.1766 0.0150 0.0455 0.1548 0.1474 0.1743 0.0182 0.0848 
          33  1 0.0145 0.0256 0.0229 0.7752 0.0108 0.0265 0.0261 0.0272 0.0143 0.0569 
          34  1 0.0278 0.0165 0.0103 0.0226 0.8361 0.0120 0.0116 0.0142 0.0138 0.0351 
          35  1 0.0179 0.0094 0.0067 0.9139 0.0080 0.0104 0.0085 0.0104 0.0062 0.0086 
          36  1 0.1265 0.2509 0.0064 0.0253 0.2578 0.0210 0.1661 0.1087 0.0281 0.0092 
          37  1 0.0339 0.2278 0.0161 0.0634 0.0358 0.2316 0.1317 0.1793 0.0374 0.0430 
          38  1 0.0576 0.0679 0.0153 0.0314 0.0123 0.0659 0.0582 0.0587 0.5913 0.0415 
          39  1 0.0605 0.3562 0.0457 0.0172 0.0123 0.0811 0.2142 0.1839 0.0142 0.0146 
          40  1 0.0102 0.1829 0.0358 0.0992 0.0159 0.2319 0.0730 0.1842 0.0509 0.1158 
          41  1 0.0315 0.0527 0.0275 0.0136 0.0100 0.0286 0.0330 0.0414 0.7073 0.0544 
          42  1 0.0193 0.1424 0.0166 0.3272 0.0324 0.1724 0.0899 0.1510 0.0099 0.0389 
          43  1 0.0101 0.0129 0.0096 0.3876 0.0114 0.0142 0.0127 0.0131 0.5093 0.0190 
          44  1 0.0931 0.0274 0.0218 0.0065 0.0311 0.0204 0.0222 0.0242 0.7163 0.0369 
          45  1 0.0188 0.1406 0.1950 0.0230 0.0529 0.1994 0.1400 0.1653 0.0268 0.0384 
          46  1 0.0079 0.0566 0.0107 0.7147 0.0249 0.0536 0.0458 0.0498 0.0144 0.0217 
          47  1 0.0132 0.1092 0.0215 0.0272 0.0345 0.2297 0.0527 0.3497 0.1246 0.0378 
          48  1 0.0373 0.1831 0.1255 0.0079 0.0219 0.1886 0.0749 0.2374 0.0729 0.0503 
          49  1 0.0179 0.1327 0.0779 0.0327 0.0135 0.2615 0.0943 0.3255 0.0177 0.0262 
          50  1 0.0385 0.1147 0.0610 0.0075 0.0202 0.2533 0.0431 0.4036 0.0257 0.0323 
          51  1 0.0635 0.0296 0.1594 0.0110 0.0063 0.0529 0.0335 0.0491 0.0086 0.5862 
          52  1 0.1463 0.1022 0.0993 0.0485 0.0105 0.1832 0.1545 0.1473 0.0265 0.0818 
          53  1 0.2946 0.0406 0.0257 0.0331 0.1132 0.0343 0.0244 0.0302 0.0083 0.3956 
          54  1 0.0161 0.1309 0.0794 0.0084 0.0071 0.2871 0.1123 0.3326 0.0069 0.0192 
          55  1 0.0205 0.0596 0.0489 0.0546 0.1058 0.0573 0.0572 0.0431 0.1036 0.4493 
          56  1 0.0324 0.1139 0.0327 0.0188 0.0096 0.1706 0.0615 0.1595 0.0553 0.3457 
          57  1 0.0320 0.0777 0.0179 0.0399 0.0118 0.2125 0.4280 0.0912 0.0177 0.0712 
          58  1 0.0299 0.1556 0.0214 0.0220 0.0201 0.0846 0.1215 0.1121 0.0492 0.3836 
          59  1 0.2666 0.2236 0.0434 0.0175 0.0304 0.0845 0.1488 0.1314 0.0147 0.0392 
          60  1 0.0470 0.1880 0.0517 0.0077 0.0841 0.1874 0.1488 0.1897 0.0192 0.0763 
          61  1 0.0192 0.0544 0.1177 0.0198 0.0260 0.0403 0.0454 0.0452 0.6041 0.0278 
          62  1 0.2034 0.0944 0.1077 0.0684 0.0233 0.1453 0.0746 0.1361 0.0207 0.1261 
          63  1 0.0092 0.0160 0.0519 0.8352 0.0171 0.0138 0.0152 0.0136 0.0116 0.0163 
          64  1 0.6353 0.0280 0.1635 0.0064 0.0792 0.0187 0.0233 0.0221 0.0083 0.0153 
          65  1 0.0594 0.0442 0.0127 0.0189 0.0078 0.0647 0.1023 0.0362 0.0600 0.5939 
          66  1 0.0240 0.0204 0.0124 0.0276 0.0214 0.0151 0.0159 0.0180 0.8305 0.0148 
          67  1 0.0151 0.1014 0.0596 0.0475 0.0140 0.1848 0.2388 0.1019 0.0132 0.2237 
          68  1 0.0131 0.0853 0.0879 0.0111 0.0075 0.1874 0.0735 0.2520 0.0307 0.2514 
          69  1 0.0291 0.1771 0.0282 0.0160 0.0125 0.2339 0.1412 0.3044 0.0433 0.0142 
          70  1 0.0152 0.1362 0.1332 0.0234 0.0146 0.2396 0.0510 0.3201 0.0112 0.0556 
          71  1 0.0793 0.1802 0.0305 0.0588 0.0108 0.2044 0.1909 0.1962 0.0255 0.0234 
          72  1 0.0105 0.0232 0.0223 0.8042 0.0135 0.0337 0.0478 0.0208 0.0113 0.0128 
          73  1 0.0253 0.2364 0.0123 0.0337 0.0154 0.2121 0.1104 0.2992 0.0379 0.0172 
          74  1 0.1010 0.0521 0.0367 0.4784 0.1172 0.0648 0.0418 0.0664 0.0101 0.0315 
          75  1 0.0276 0.2817 0.0104 0.1035 0.0181 0.0628 0.2055 0.1636 0.0571 0.0697 
          76  1 0.0596 0.0690 0.0491 0.0111 0.0102 0.0945 0.0312 0.1241 0.0095 0.5417 
          77  1 0.6354 0.0489 0.0311 0.0841 0.0316 0.0438 0.0333 0.0507 0.0276 0.0136 
          78  1 0.0118 0.1304 0.0973 0.0860 0.1082 0.1551 0.1149 0.1149 0.1098 0.0716 
          79  1 0.0280 0.1368 0.2963 0.0316 0.0611 0.1595 0.0574 0.1979 0.0197 0.0117 
          80  1 0.0192 0.0301 0.0147 0.7676 0.0227 0.0374 0.0409 0.0327 0.0115 0.0231 
          81  1 0.0929 0.0624 0.0101 0.0081 0.0221 0.0395 0.0709 0.0460 0.0755 0.5724 
          82  1 0.0136 0.0991 0.0275 0.4457 0.0314 0.1057 0.1022 0.1111 0.0129 0.0507 
          83  1 0.0091 0.0390 0.0088 0.6350 0.0081 0.0438 0.0257 0.0428 0.1092 0.0784 
          84  1 0.0991 0.2239 0.0168 0.0922 0.0982 0.1033 0.1402 0.1359 0.0591 0.0313 
          85  1 0.0194 0.0233 0.0385 0.0412 0.0096 0.0328 0.0417 0.0276 0.0128 0.7532 
          86  1 0.0287 0.0259 0.0236 0.0144 0.0152 0.0437 0.0697 0.0300 0.0153 0.7335 
          87  1 0.1044 0.2003 0.0156 0.0215 0.1307 0.1091 0.1060 0.1649 0.1099 0.0375 
          88  1 0.0137 0.2202 0.0229 0.0414 0.0104 0.2238 0.0780 0.2388 0.0734 0.0774 
          89  1 0.0205 0.1556 0.1088 0.0137 0.0410 0.2483 0.0927 0.1671 0.0126 0.1397 
          90  1 0.0121 0.0126 0.0114 0.8805 0.0124 0.0135 0.0123 0.0133 0.0122 0.0197 
          91  1 0.0121 0.2993 0.0184 0.0335 0.0149 0.1688 0.1917 0.2148 0.0188 0.0277 
          92  1 0.0117 0.0255 0.0115 0.0220 0.0106 0.0232 0.0303 0.0230 0.0096 0.8326 
          93  1 0.0611 0.1731 0.0430 0.0171 0.0290 0.2286 0.1419 0.1691 0.0468 0.0903 
          94  1 0.0082 0.0104 0.0282 0.0138 0.0195 0.0110 0.0104 0.0104 0.0088 0.8794 
          95  1 0.0183 0.0653 0.2470 0.3665 0.0707 0.0810 0.0245 0.0589 0.0299 0.0379 
          96  1 0.0828 0.1673 0.0367 0.0805 0.0227 0.1141 0.0862 0.1925 0.0358 0.1814 
          97  1 0.2354 0.0308 0.0377 0.0192 0.4962 0.0483 0.0689 0.0260 0.0063 0.0311 
          98  1 0.2491 0.1228 0.0659 0.0888 0.0261 0.1737 0.0311 0.2145 0.0155 0.0125 
          99  1 0.0412 0.0109 0.0215 0.0084 0.0073 0.0145 0.0149 0.0129 0.0093 0.8591 
         100  1 0.0428 0.1029 0.0334 0.0204 0.0512 0.2316 0.3330 0.1034 0.0200 0.0612 
         101  1 0.0290 0.0712 0.0110 0.4392 0.0345 0.0844 0.0454 0.0736 0.1843 0.0273 
         102  1 0.0187 0.0319 0.0462 0.6936 0.0182 0.0377 0.0237 0.0381 0.0671 0.0249 
         103  1 0.0140 0.1259 0.0436 0.0899 0.0324 0.1720 0.0617 0.1207 0.1902 0.1496 
         104  1 0.0226 0.0426 0.1529 0.0585 0.5232 0.0514 0.0234 0.0511 0.0197 0.0546 
         105  1 0.1736 0.1519 0.1256 0.0977 0.0233 0.1224 0.1032 0.1126 0.0437 0.0460 
         106  1 0.0351 0.0590 0.0222 0.0162 0.0139 0.1906 0.4824 0.0436 0.0398 0.0971 
         107  1 0.0099 0.0138 0.8978 0.0095 0.0077 0.0156 0.0122 0.0148 0.0094 0.0093 
         108  1 0.0125 0.2449 0.0181 0.0763 0.0390 0.2250 0.0834 0.1922 0.0377 0.0709 
         109  1 0.0172 0.1777 0.0244 0.0499 0.0266 0.2008 0.2005 0.2201 0.0241 0.0587 
         110  1 0.0386 0.0276 0.4406 0.3425 0.0319 0.0359 0.0189 0.0334 0.0157 0.0148 
         111  1 0.0226 0.1464 0.0274 0.0108 0.4147 0.1591 0.0583 0.1192 0.0172 0.0242 
         112  1 0.0419 0.1597 0.0351 0.0297 0.2330 0.1780 0.1013 0.1605 0.0188 0.0420 
         113  1 0.0555 0.0290 0.0361 0.7212 0.0246 0.0314 0.0198 0.0339 0.0287 0.0196 
         114  1 0.0093 0.0370 0.7188 0.0095 0.0152 0.0741 0.0233 0.0949 0.0053 0.0126 
         115  1 0.0140 0.1979 0.0142 0.0637 0.0293 0.1381 0.1289 0.1908 0.1954 0.0277 
         116  1 0.0247 0.2509 0.0142 0.0485 0.0167 0.1105 0.2125 0.1405 0.0578 0.1236 
         117  1 0.0740 0.2152 0.0259 0.0113 0.1150 0.0829 0.1114 0.1230 0.2270 0.0144 
         118  1 0.0254 0.1954 0.0829 0.0257 0.0608 0.2343 0.0433 0.2651 0.0176 0.0496 
         119  1 0.0130 0.1486 0.1183 0.3281 0.0342 0.0961 0.0715 0.1199 0.0173 0.0530 
         120  1 0.8557 0.0131 0.0096 0.0240 0.0081 0.0139 0.0120 0.0132 0.0084 0.0419 
         121  1 0.0190 0.0210 0.0360 0.0148 0.0087 0.0320 0.0243 0.0315 0.7870 0.0256 
         122  1 0.2360 0.1734 0.0350 0.0652 0.0149 0.0826 0.1226 0.1135 0.0284 0.1285 
         123  1 0.7972 0.0151 0.0111 0.0092 0.1197 0.0100 0.0105 0.0125 0.0074 0.0073 
         124  1 0.0121 0.0402 0.0089 0.5772 0.0121 0.0863 0.1802 0.0328 0.0097 0.0406 
         125  1 0.0267 0.3314 0.0253 0.0389 0.0633 0.0625 0.2372 0.1547 0.0148 0.0451 
         126  1 0.5998 0.0416 0.0633 0.0210 0.0630 0.0675 0.0176 0.0851 0.0250 0.0162 
         127  1 0.0255 0.0325 0.0933 0.0148 0.0156 0.1661 0.3862 0.0347 0.0078 0.2235 
         128  1 0.0153 0.0839 0.1213 0.2481 0.1957 0.1068 0.0452 0.0831 0.0810 0.0195 
         129  1 0.1735 0.0572 0.0281 0.0399 0.0128 0.0574 0.0428 0.0462 0.0143 0.5278 
         130  1 0.0227 0.2356 0.0137 0.0179 0.0377 0.2493 0.2052 0.1556 0.0187 0.0435 
         131  1 0.0779 0.1085 0.1351 0.1247 0.0278 0.1476 0.1015 0.1265 0.0306 0.1199 
         132  1 0.7330 0.0255 0.0105 0.0716 0.0574 0.0222 0.0150 0.0235 0.0228 0.0186 
         133  1 0.0130 0.0763 0.0270 0.0337 0.0081 0.0804 0.0440 0.0938 0.1358 0.4878 
         134  1 0.0169 0.0754 0.0103 0.0688 0.0160 0.1824 0.3681 0.0583 0.0115 0.1922 
         135  1 0.0108 0.0467 0.0148 0.0563 0.0186 0.1163 0.2539 0.0450 0.0114 0.4263 
         136  1 0.0072 0.0153 0.0247 0.0088 0.0158 0.2142 0.6119 0.0131 0.0067 0.0824 
         137  1 0.8139 0.0326 0.0152 0.0138 0.0105 0.0271 0.0330 0.0263 0.0105 0.0171 
         138  1 0.6504 0.0205 0.0127 0.0115 0.0156 0.0208 0.0217 0.0179 0.0408 0.1882 
         139  1 0.8110 0.0270 0.0131 0.0108 0.0194 0.0269 0.0293 0.0244 0.0163 0.0218 
         140  1 0.1352 0.0782 0.0145 0.0523 0.5170 0.0563 0.0509 0.0742 0.0096 0.0119 
         141  1 0.0103 0.0213 0.8401 0.0065 0.0229 0.0256 0.0152 0.0235 0.0140 0.0207 
         142  1 0.0114 0.0374 0.8107 0.0136 0.0246 0.0218 0.0305 0.0258 0.0107 0.0136 
         143  1 0.7762 0.0298 0.0287 0.0092 0.0091 0.0271 0.0241 0.0325 0.0314 0.0320 
         144  1 0.0228 0.0966 0.0378 0.1744 0.0129 0.1529 0.2722 0.1038 0.0249 0.1018 
         145  1 0.5750 0.0713 0.0400 0.0138 0.0210 0.0778 0.0545 0.0773 0.0354 0.0339 
         146  1 0.0263 0.0487 0.1220 0.0157 0.0258 0.1750 0.3129 0.0753 0.0100 0.1883 
         147  1 0.0170 0.1751 0.0100 0.0416 0.0141 0.2580 0.0591 0.3463 0.0216 0.0572 
         148  1 0.0147 0.2006 0.0936 0.0563 0.0202 0.2122 0.1018 0.1917 0.0250 0.0838 
         149  1 0.0150 0.2388 0.0154 0.0803 0.0255 0.1278 0.1746 0.1718 0.1200 0.0309 
         150  1 0.0293 0.0878 0.3359 0.0229 0.0231 0.1518 0.0909 0.1376 0.0156 0.1052 
         151  1 0.0152 0.0309 0.0091 0.0163 0.0112 0.0213 0.0248 0.0251 0.8241 0.0221 
         152  1 0.0212 0.1136 0.0512 0.4263 0.0369 0.1260 0.0719 0.1156 0.0203 0.0170 
         153  1 0.0176 0.1348 0.0885 0.0115 0.0147 0.1633 0.0624 0.1748 0.1403 0.1921 
         154  1 0.0193 0.0699 0.0216 0.1090 0.0859 0.0668 0.0273 0.0577 0.5032 0.0394 
         155  1 0.0236 0.0823 0.0911 0.0110 0.0146 0.0985 0.0316 0.0693 0.2731 0.3049 
         156  1 0.0236 0.1951 0.0173 0.0140 0.0387 0.2385 0.1018 0.3359 0.0091 0.0260 
         157  1 0.8740 0.0125 0.0114 0.0132 0.0319 0.0114 0.0103 0.0116 0.0091 0.0146 
         158  1 0.0365 0.0551 0.5522 0.0134 0.0084 0.0835 0.0429 0.0959 0.0194 0.0927 
         159  1 0.0148 0.0182 0.0121 0.0167 0.8739 0.0154 0.0150 0.0168 0.0071 0.0101 
         160  1 0.0239 0.2368 0.0712 0.0380 0.0166 0.2015 0.1580 0.1798 0.0282 0.0460 
         161  1 0.0156 0.0501 0.6692 0.0244 0.0863 0.0327 0.0315 0.0357 0.0168 0.0377 
         162  1 0.0133 0.2161 0.0505 0.0696 0.0297 0.1995 0.0778 0.1832 0.1172 0.0431 
         163  1 0.4078 0.1177 0.0240 0.0148 0.1475 0.0867 0.0678 0.0900 0.0121 0.0317 
         164  1 0.1103 0.1421 0.3134 0.0928 0.0639 0.0551 0.0980 0.0772 0.0203 0.0268 
         165  1 0.0625 0.0453 0.0108 0.0151 0.7533 0.0313 0.0272 0.0379 0.0083 0.0084 
         166  1 0.0128 0.1948 0.1067 0.0655 0.0632 0.1904 0.1373 0.1715 0.0394 0.0184 
         167  1 0.0175 0.0233 0.0250 0.0356 0.0108 0.0303 0.0256 0.0262 0.7634 0.0423 
         168  1 0.0231 0.1031 0.0177 0.0117 0.0090 0.2482 0.2095 0.2555 0.0187 0.1035 
         169  1 0.0368 0.0605 0.0079 0.5318 0.1312 0.0550 0.0722 0.0447 0.0282 0.0319 
         170  1 0.0262 0.0406 0.0189 0.0086 0.0077 0.2142 0.5435 0.0344 0.0148 0.0912 
         171  1 0.1310 0.2306 0.0134 0.0253 0.1110 0.1428 0.1186 0.1871 0.0182 0.0219 
         172  1 0.0311 0.2146 0.0100 0.0363 0.0419 0.2030 0.0557 0.2194 0.1034 0.0845 
         173  1 0.0279 0.1218 0.0206 0.0186 0.0495 0.1129 0.0473 0.1137 0.4676 0.0202 
         174  1 0.1219 0.1935 0.0788 0.0110 0.0212 0.1329 0.2237 0.1592 0.0219 0.0359 
         175  1 0.0135 0.1634 0.1738 0.0238 0.0153 0.1722 0.1456 0.1681 0.0574 0.0669 
         176  1 0.0106 0.1467 0.0215 0.0085 0.0088 0.2400 0.0566 0.3659 0.0372 0.1041 
         177  1 0.0202 0.1607 0.0151 0.0122 0.0083 0.2015 0.1227 0.1633 0.2122 0.0838 
         178  1 0.0227 0.1235 0.0227 0.0811 0.0440 0.1541 0.2264 0.1077 0.0214 0.1963 
         179  1 0.0142 0.0246 0.7683 0.0292 0.0197 0.0273 0.0276 0.0241 0.0375 0.0274 
         180  1 0.0869 0.0433 0.6800 0.0144 0.0342 0.0267 0.0288 0.0378 0.0258 0.0222 
         181  1 0.0099 0.0212 0.0133 0.0181 0.0086 0.0208 0.0206 0.0210 0.8492 0.0172 
         182  1 0.0108 0.0717 0.0478 0.1709 0.0139 0.0827 0.0498 0.0781 0.0283 0.4460 
         183  1 0.5138 0.0723 0.0110 0.0119 0.0118 0.0769 0.1609 0.0574 0.0085 0.0755 
         184  1 0.0111 0.2182 0.0280 0.1018 0.0172 0.1704 0.0961 0.2352 0.0224 0.0996 
         185  1 0.0109 0.0156 0.8660 0.0137 0.0215 0.0151 0.0147 0.0152 0.0066 0.0208 
         186  1 0.0100 0.4064 0.0135 0.0076 0.0399 0.0332 0.2542 0.1972 0.0220 0.0161 
         187  1 0.0146 0.2402 0.0901 0.0471 0.0393 0.2259 0.0730 0.2228 0.0294 0.0175 
         188  1 0.0364 0.1252 0.1117 0.0159 0.0104 0.2500 0.0618 0.3380 0.0153 0.0353 
         189  1 0.8308 0.0234 0.0112 0.0084 0.0106 0.0363 0.0183 0.0434 0.0063 0.0112 
         190  1 0.0112 0.0444 0.0100 0.0374 0.0168 0.0665 0.0229 0.0837 0.6867 0.0204 
         191  1 0.0446 0.0850 0.0075 0.0236 0.4166 0.0558 0.0645 0.0657 0.2046 0.0320 
         192  1 0.0111 0.1389 0.0323 0.0137 0.0122 0.2825 0.0612 0.3941 0.0230 0.0311 
         193  1 0.7971 0.0155 0.0106 0.0088 0.1193 0.0099 0.0112 0.0128 0.0073 0.0074 
         194  1 0.0257 0.0460 0.0099 0.0082 0.7961 0.0262 0.0428 0.0253 0.0082 0.0117 
         195  1 0.7299 0.0281 0.0691 0.0074 0.0601 0.0269 0.0260 0.0275 0.0058 0.0193 
         196  1 0.0113 0.0641 0.1560 0.0207 0.5579 0.0483 0.0496 0.0531 0.0247 0.0141 
         197  1 0.1722 0.1876 0.2174 0.0210 0.0415 0.0889 0.1021 0.1185 0.0267 0.0240 
         198  1 0.0592 0.1285 0.3289 0.0172 0.0416 0.1558 0.0627 0.1751 0.0076 0.0234 
         199  1 0.0114 0.0187 0.0165 0.8619 0.0121 0.0173 0.0195 0.0190 0.0104 0.0133 
         200  1 0.0675 0.1047 0.0298 0.0532 0.4174 0.0838 0.0695 0.0902 0.0145 0.0695 
         201  1 0.0177 0.0132 0.0238 0.0155 0.8619 0.0118 0.0114 0.0122 0.0159 0.0167 
         202  1 0.0141 0.1925 0.0237 0.0531 0.0253 0.2007 0.2109 0.2158 0.0107 0.0533 
         203  1 0.0069 0.0151 0.0253 0.0088 0.0155 0.2160 0.6108 0.0135 0.0067 0.0814 
         204  1 0.0078 0.0403 0.0112 0.0231 0.0446 0.2176 0.5332 0.0327 0.0090 0.0805 
         205  1 0.0073 0.0283 0.0287 0.0176 0.1653 0.0293 0.0252 0.0241 0.6050 0.0691 
         206  1 0.0539 0.1928 0.2154 0.0240 0.0534 0.1978 0.0769 0.1649 0.0086 0.0123 
         207  1 0.0073 0.0230 0.0140 0.0112 0.0080 0.0411 0.0471 0.0325 0.8032 0.0126 
         208  1 0.0405 0.1433 0.1869 0.0206 0.1312 0.1713 0.0742 0.1592 0.0407 0.0322 
         209  1 0.0114 0.3764 0.0331 0.0224 0.0638 0.0303 0.2404 0.1899 0.0190 0.0134 
         210  1 0.1243 0.0212 0.7085 0.0137 0.0203 0.0198 0.0148 0.0205 0.0151 0.0419 
         211  1 0.0951 0.0589 0.0167 0.0208 0.0365 0.0308 0.0412 0.0393 0.6483 0.0123 
         212  1 0.0271 0.1199 0.0495 0.0223 0.0274 0.0670 0.0626 0.0873 0.5165 0.0203 
         213  1 0.0453 0.0257 0.0170 0.0136 0.0169 0.1628 0.4007 0.0312 0.0150 0.2717 
         214  1 0.3762 0.0460 0.0349 0.0643 0.2304 0.0527 0.0196 0.0523 0.0148 0.1088 
         215  1 0.8186 0.0166 0.0099 0.0153 0.0165 0.0157 0.0151 0.0163 0.0569 0.0191 
         216  1 0.0593 0.0292 0.0557 0.0149 0.0363 0.1822 0.5100 0.0229 0.0078 0.0816 
         217  1 0.8305 0.0232 0.0113 0.0085 0.0110 0.0353 0.0187 0.0443 0.0064 0.0108 
         218  1 0.0506 0.0548 0.0801 0.0132 0.0663 0.0418 0.0310 0.0468 0.5746 0.0408 
         219  1 0.0188 0.0133 0.0244 0.0152 0.8592 0.0124 0.0119 0.0122 0.0157 0.0170 
         220  1 0.0178 0.1974 0.0102 0.0203 0.0097 0.1589 0.3917 0.1222 0.0137 0.0581 
         221  1 0.0159 0.3851 0.0271 0.0177 0.0561 0.0286 0.2513 0.1869 0.0129 0.0185 
         222  1 0.0240 0.2368 0.0153 0.0209 0.0221 0.2607 0.1881 0.1578 0.0236 0.0506 
         223  1 0.0114 0.1621 0.0405 0.0713 0.1103 0.2084 0.1634 0.1392 0.0334 0.0599 
         224  1 0.5848 0.0935 0.0094 0.0155 0.0114 0.0407 0.0701 0.0694 0.0304 0.0748 
         225  1 0.0099 0.0199 0.0121 0.0135 0.0065 0.0175 0.0165 0.0190 0.8738 0.0112 
         226  1 0.0154 0.0223 0.0260 0.0222 0.0146 0.0259 0.0123 0.0258 0.8205 0.0149 
         227  1 0.0476 0.1365 0.0124 0.0365 0.0086 0.0487 0.0804 0.0904 0.4923 0.0466 
         228  1 0.0198 0.1854 0.0591 0.0248 0.3311 0.1382 0.0688 0.1213 0.0250 0.0265 
         229  1 0.0385 0.2952 0.0258 0.0156 0.0250 0.2296 0.0485 0.2450 0.0394 0.0375 
         230  1 0.0483 0.1288 0.0429 0.0451 0.0143 0.2703 0.1141 0.3126 0.0105 0.0131 
         231  1 0.0579 0.0573 0.3355 0.0128 0.0131 0.0717 0.0415 0.0567 0.1608 0.1926 
         232  1 0.0145 0.1477 0.1460 0.0425 0.1610 0.1883 0.0567 0.1818 0.0117 0.0497 
         233  1 0.0285 0.0348 0.0202 0.0088 0.0269 0.0417 0.0365 0.0311 0.0354 0.7361 
         234  1 0.0746 0.2359 0.0248 0.0127 0.0140 0.2437 0.1207 0.2323 0.0107 0.0306 
         235  1 0.0459 0.0270 0.0118 0.7909 0.0127 0.0242 0.0177 0.0228 0.0244 0.0225 
         236  1 0.0370 0.1900 0.0244 0.0294 0.0713 0.1740 0.2414 0.1177 0.0134 0.1015 
         237  1 0.0246 0.1281 0.0529 0.1326 0.0085 0.2095 0.0594 0.1894 0.1344 0.0607 
         238  1 0.0086 0.0431 0.0278 0.0157 0.0072 0.0732 0.0219 0.0915 0.6831 0.0278 
         239  1 0.0205 0.1611 0.0722 0.0541 0.0753 0.2034 0.1206 0.1459 0.0130 0.1338 
         240  1 0.0631 0.1334 0.0547 0.0126 0.0776 0.2383 0.2151 0.1619 0.0163 0.0270 
         241  1 0.0122 0.0170 0.0233 0.0194 0.0804 0.0152 0.0115 0.0162 0.7927 0.0121 
         242  1 0.1737 0.1701 0.1628 0.0196 0.0243 0.1807 0.0871 0.1433 0.0151 0.0233 
         243  1 0.0223 0.0564 0.0692 0.1047 0.0079 0.0677 0.0589 0.0562 0.0174 0.5393 
         244  1 0.0135 0.0195 0.0208 0.8460 0.0093 0.0188 0.0116 0.0227 0.0238 0.0141 
         245  1 0.0559 0.3602 0.0638 0.0224 0.0159 0.0444 0.2196 0.1788 0.0231 0.0158 
         246  1 0.8579 0.0155 0.0288 0.0168 0.0130 0.0171 0.0127 0.0176 0.0111 0.0095 
         247  1 0.0490 0.2513 0.0241 0.0153 0.0235 0.1007 0.2117 0.1804 0.0305 0.1135 
         248  1 0.0519 0.1786 0.0421 0.0139 0.0169 0.2454 0.1400 0.2133 0.0744 0.0236 
         249  1 0.1016 0.1347 0.0276 0.0410 0.0863 0.1862 0.0954 0.1446 0.0198 0.1628 
         250  1 0.0321 0.2070 0.0295 0.0188 0.0089 0.1479 0.0871 0.1607 0.0276 0.2804 
         251  1 0.0213 0.1545 0.0187 0.1079 0.0147 0.1619 0.1575 0.1437 0.0166 0.2030 
         252  1 0.0352 0.0309 0.6042 0.0201 0.0082 0.0582 0.1173 0.0307 0.0636 0.0317 
         253  1 0.0438 0.0655 0.0950 0.0184 0.5451 0.0589 0.0762 0.0511 0.0110 0.0351 
         254  1 0.0155 0.1242 0.0606 0.0504 0.0305 0.2432 0.0421 0.3848 0.0193 0.0293 
         255  1 0.0144 0.0153 0.0161 0.0365 0.8627 0.0124 0.0125 0.0129 0.0070 0.0101 
         256  1 0.0145 0.0150 0.0170 0.0354 0.8621 0.0128 0.0126 0.0132 0.0070 0.0105 
         257  1 0.0262 0.1495 0.0417 0.0349 0.2147 0.2110 0.0456 0.2403 0.0227 0.0132 
         258  1 0.0154 0.0933 0.6205 0.0069 0.0330 0.0890 0.0268 0.0728 0.0195 0.0228 
         259  1 0.0273 0.0194 0.8413 0.0069 0.0139 0.0208 0.0187 0.0189 0.0089 0.0239 
         260  1 0.0724 0.1329 0.0259 0.0095 0.0108 0.2490 0.0582 0.3891 0.0395 0.0126 
