           1  1 0.1708 0.2584 0.2239 0.0775 0.0176 0.0544 0.0267 0.1706 
           2  1 0.1462 0.2379 0.1321 0.0156 0.0221 0.3871 0.0290 0.0300 
           3  1 0.0324 0.0603 0.0322 0.7596 0.0588 0.0158 0.0149 0.0261 
           4  1 0.2944 0.1158 0.3406 0.0477 0.0431 0.0731 0.0223 0.0630 
           5  1 0.3180 0.0857 0.4013 0.0108 0.0537 0.0300 0.0378 0.0626 
           6  1 0.0953 0.3539 0.1103 0.0372 0.3428 0.0278 0.0121 0.0207 
           7  1 0.2258 0.0602 0.2129 0.0405 0.0429 0.1723 0.1199 0.1255 
           8  1 0.1091 0.0827 0.1325 0.3647 0.0237 0.0364 0.1111 0.1398 
           9  1 0.0692 0.1393 0.0823 0.0177 0.0252 0.0136 0.6083 0.0444 
          10  1 0.2040 0.3541 0.2973 0.0166 0.0262 0.0203 0.0317 0.0498 
          11  1 0.1076 0.2470 0.0889 0.0859 0.2772 0.0302 0.0097 0.1534 
          12  1 0.0897 0.0549 0.0972 0.0221 0.0395 0.1207 0.5543 0.0216 
          13  1 0.0942 0.0166 0.0888 0.0858 0.0688 0.3676 0.0157 0.2624 
          14  1 0.0428 0.0327 0.0488 0.7439 0.0177 0.0590 0.0230 0.0321 
          15  1 0.3559 0.0147 0.3347 0.0249 0.0651 0.0203 0.0112 0.1731 
          16  1 0.2964 0.0156 0.2632 0.0295 0.0435 0.0596 0.2729 0.0193 
          17  1 0.1619 0.0145 0.1702 0.4925 0.0599 0.0480 0.0205 0.0324 
          18  1 0.0531 0.0320 0.0450 0.7379 0.0568 0.0401 0.0173 0.0179 
          19  1 0.0216 0.7603 0.0202 0.0117 0.0255 0.0161 0.1262 0.0184 
          20  1 0.0604 0.6999 0.0540 0.0155 0.0832 0.0523 0.0188 0.0158 
          21  1 0.0414 0.0145 0.0465 0.0180 0.0109 0.1178 0.7262 0.0247 
          22  1 0.1467 0.5546 0.1391 0.0192 0.0332 0.0558 0.0174 0.0341 
          23  1 0.2272 0.0468 0.1968 0.3102 0.0569 0.0803 0.0521 0.0297 
          24  1 0.0239 0.0109 0.0208 0.0102 0.0136 0.0130 0.8977 0.0100 
          25  1 0.1600 0.0145 0.1171 0.3047 0.0896 0.2615 0.0193 0.0332 
          26  1 0.2740 0.1412 0.2942 0.0657 0.0577 0.0688 0.0671 0.0312 
          27  1 0.2957 0.0685 0.2705 0.0294 0.0435 0.0328 0.2275 0.0322 
          28  1 0.0351 0.0281 0.0331 0.0462 0.0587 0.7514 0.0161 0.0313 
          29  1 0.2690 0.0323 0.3508 0.1136 0.0310 0.0921 0.0127 0.0986 
          30  1 0.0653 0.0338 0.0629 0.1657 0.0211 0.5505 0.0304 0.0703 
          31  1 0.1548 0.0584 0.1264 0.1851 0.1174 0.2276 0.0607 0.0696 
          32  1 0.1964 0.0646 0.2305 0.0209 0.2776 0.1688 0.0243 0.0169 
          33  1 0.0358 0.0149 0.0339 0.8041 0.0256 0.0464 0.0193 0.0200 
          34  1 0.0188 0.8414 0.0177 0.0341 0.0142 0.0204 0.0182 0.0352 
          35  1 0.0128 0.0112 0.0132 0.9136 0.0097 0.0099 0.0084 0.0212 
          36  1 0.0739 0.5848 0.1233 0.0352 0.0095 0.0152 0.0364 0.1218 
          37  1 0.3091 0.0571 0.2942 0.1065 0.0285 0.0979 0.0587 0.0479 
          38  1 0.0855 0.0206 0.0806 0.0441 0.0235 0.0541 0.6155 0.0762 
          39  1 0.3357 0.0338 0.3881 0.0218 0.0765 0.0321 0.0213 0.0908 
          40  1 0.2953 0.0213 0.2444 0.1558 0.0911 0.0882 0.0894 0.0144 
          41  1 0.0457 0.0155 0.0449 0.0189 0.0338 0.0437 0.7504 0.0470 
          42  1 0.2193 0.0457 0.1967 0.4069 0.0269 0.0627 0.0144 0.0274 
          43  1 0.0167 0.0142 0.0163 0.4004 0.0129 0.0201 0.5067 0.0127 
          44  1 0.0249 0.0428 0.0271 0.0087 0.0288 0.0314 0.7335 0.1027 
          45  1 0.2171 0.0750 0.1741 0.0311 0.3401 0.1032 0.0372 0.0222 
          46  1 0.0660 0.0296 0.0656 0.7605 0.0175 0.0310 0.0190 0.0107 
          47  1 0.3073 0.0453 0.2846 0.0419 0.0891 0.0588 0.1538 0.0191 
          48  1 0.3156 0.0290 0.2476 0.0111 0.2094 0.0434 0.0967 0.0472 
          49  1 0.3019 0.0178 0.2877 0.0544 0.2191 0.0670 0.0253 0.0269 
          50  1 0.3047 0.0244 0.3105 0.0111 0.1964 0.0465 0.0410 0.0655 
          51  1 0.0709 0.0086 0.0603 0.0167 0.2184 0.5065 0.0115 0.1071 
          52  1 0.1720 0.0134 0.2038 0.0838 0.1234 0.1455 0.0354 0.2226 
          53  1 0.0595 0.0973 0.0559 0.0585 0.0440 0.2456 0.0126 0.4266 
          54  1 0.3811 0.0100 0.3077 0.0124 0.2065 0.0482 0.0094 0.0247 
          55  1 0.0597 0.0988 0.0538 0.0727 0.0563 0.5044 0.1258 0.0286 
          56  1 0.2719 0.0134 0.2424 0.0294 0.0700 0.2077 0.1009 0.0643 
          57  1 0.1945 0.0188 0.1684 0.0566 0.0370 0.4544 0.0232 0.0472 
          58  1 0.1713 0.0338 0.1516 0.0347 0.0330 0.4410 0.0796 0.0550 
          59  1 0.1853 0.0781 0.2046 0.0290 0.0487 0.0453 0.0224 0.3866 
          60  1 0.2274 0.1467 0.2208 0.0107 0.1122 0.1973 0.0283 0.0566 
          61  1 0.0570 0.0417 0.0547 0.0227 0.1324 0.0408 0.6275 0.0231 
          62  1 0.1526 0.0257 0.1410 0.0914 0.1558 0.1218 0.0302 0.2814 
          63  1 0.0178 0.0233 0.0186 0.8460 0.0481 0.0200 0.0150 0.0111 
          64  1 0.0214 0.1131 0.0245 0.0089 0.1534 0.0190 0.0105 0.6493 
          65  1 0.0493 0.0107 0.0438 0.0197 0.0156 0.7049 0.0804 0.0755 
          66  1 0.0210 0.0272 0.0216 0.0307 0.0155 0.0174 0.8373 0.0292 
          67  1 0.1267 0.0198 0.1272 0.0745 0.0704 0.5457 0.0176 0.0181 
          68  1 0.1908 0.0109 0.2082 0.0160 0.2463 0.2634 0.0446 0.0200 
          69  1 0.4074 0.0225 0.3775 0.0222 0.0457 0.0341 0.0501 0.0405 
          70  1 0.2662 0.0207 0.2484 0.0332 0.3499 0.0435 0.0165 0.0217 
          71  1 0.2874 0.0177 0.3402 0.0782 0.0543 0.0626 0.0350 0.1247 
          72  1 0.0286 0.0172 0.0293 0.8337 0.0304 0.0325 0.0148 0.0135 
          73  1 0.3760 0.0231 0.4218 0.0464 0.0197 0.0272 0.0487 0.0371 
          74  1 0.0628 0.1323 0.0655 0.5092 0.0491 0.0472 0.0132 0.1206 
          75  1 0.2128 0.0653 0.2515 0.1715 0.0200 0.1332 0.0923 0.0534 
          76  1 0.1774 0.0150 0.1763 0.0170 0.1204 0.3625 0.0153 0.1161 
          77  1 0.0513 0.0443 0.0693 0.0898 0.0338 0.0178 0.0322 0.6615 
          78  1 0.1680 0.1301 0.1393 0.1229 0.1477 0.1275 0.1481 0.0163 
          79  1 0.1696 0.0746 0.1563 0.0392 0.4842 0.0163 0.0256 0.0342 
          80  1 0.0368 0.0262 0.0367 0.8003 0.0201 0.0382 0.0157 0.0261 
          81  1 0.0541 0.0324 0.0599 0.0116 0.0154 0.5802 0.1088 0.1376 
          82  1 0.1280 0.0477 0.1578 0.4988 0.0469 0.0841 0.0175 0.0192 
          83  1 0.0597 0.0108 0.0481 0.6688 0.0134 0.0464 0.1408 0.0120 
          84  1 0.1883 0.2149 0.1581 0.1320 0.0254 0.0547 0.0939 0.1327 
          85  1 0.0346 0.0140 0.0340 0.0672 0.0611 0.7393 0.0205 0.0293 
          86  1 0.0291 0.0191 0.0284 0.0193 0.0306 0.8178 0.0210 0.0346 
          87  1 0.1797 0.2595 0.1732 0.0281 0.0263 0.0291 0.1634 0.1407 
          88  1 0.3553 0.0161 0.3136 0.0752 0.0534 0.0556 0.1103 0.0205 
          89  1 0.2496 0.0493 0.2157 0.0216 0.2158 0.1949 0.0218 0.0313 
          90  1 0.0152 0.0151 0.0167 0.8910 0.0133 0.0186 0.0141 0.0161 
          91  1 0.3725 0.0278 0.4031 0.0617 0.0286 0.0588 0.0309 0.0166 
          92  1 0.0275 0.0165 0.0275 0.0381 0.0162 0.8423 0.0150 0.0170 
          93  1 0.2541 0.0428 0.1946 0.0243 0.0884 0.2255 0.0677 0.1026 
          94  1 0.0212 0.0253 0.0179 0.0343 0.0652 0.8047 0.0163 0.0151 
          95  1 0.0721 0.0848 0.0625 0.3957 0.2971 0.0274 0.0371 0.0232 
          96  1 0.2440 0.0411 0.2539 0.1300 0.0804 0.0551 0.0547 0.1408 
          97  1 0.0339 0.5397 0.0328 0.0231 0.0460 0.0852 0.0088 0.2306 
          98  1 0.2509 0.0424 0.1932 0.1033 0.0890 0.0128 0.0238 0.2845 
          99  1 0.0207 0.0106 0.0188 0.0145 0.0337 0.8162 0.0131 0.0725 
         100  1 0.1876 0.0590 0.1743 0.0333 0.0575 0.3788 0.0282 0.0812 
         101  1 0.0864 0.0467 0.0757 0.4890 0.0182 0.0355 0.2112 0.0373 
         102  1 0.0388 0.0175 0.0403 0.7260 0.0523 0.0262 0.0746 0.0243 
         103  1 0.1699 0.0403 0.1217 0.1356 0.0965 0.1388 0.2791 0.0179 
         104  1 0.0666 0.4403 0.0544 0.0854 0.2534 0.0379 0.0286 0.0334 
         105  1 0.1589 0.0415 0.1555 0.1333 0.1674 0.0800 0.0599 0.2036 
         106  1 0.0800 0.0260 0.0782 0.0206 0.0373 0.6420 0.0622 0.0537 
         107  1 0.0192 0.0105 0.0187 0.0122 0.9003 0.0138 0.0123 0.0131 
         108  1 0.3361 0.0558 0.2641 0.1432 0.0344 0.0901 0.0576 0.0188 
         109  1 0.2554 0.0431 0.2678 0.0736 0.0483 0.2473 0.0381 0.0265 
         110  1 0.0446 0.0380 0.0510 0.3431 0.4218 0.0197 0.0177 0.0641 
         111  1 0.2033 0.4799 0.1599 0.0177 0.0427 0.0354 0.0284 0.0328 
         112  1 0.1883 0.3313 0.2329 0.0404 0.0788 0.0479 0.0279 0.0526 
         113  1 0.0388 0.0256 0.0359 0.7369 0.0457 0.0204 0.0364 0.0602 
         114  1 0.0677 0.0198 0.0732 0.0123 0.7916 0.0165 0.0071 0.0118 
         115  1 0.2585 0.0681 0.2218 0.0818 0.0280 0.0556 0.2676 0.0185 
         116  1 0.2503 0.0382 0.2474 0.0827 0.0250 0.2073 0.1102 0.0388 
         117  1 0.1896 0.1729 0.2073 0.0149 0.0413 0.0244 0.2630 0.0866 
         118  1 0.3358 0.0842 0.3134 0.0370 0.1343 0.0339 0.0249 0.0365 
         119  1 0.1342 0.0442 0.1635 0.4254 0.1472 0.0444 0.0214 0.0197 
         120  1 0.0164 0.0107 0.0151 0.0279 0.0128 0.0247 0.0111 0.8813 
         121  1 0.0353 0.0107 0.0361 0.0189 0.0425 0.0283 0.8028 0.0254 
         122  1 0.1512 0.0243 0.1454 0.1092 0.0420 0.1056 0.0432 0.3791 
         123  1 0.0153 0.1556 0.0158 0.0125 0.0139 0.0103 0.0098 0.7667 
         124  1 0.0623 0.0169 0.0615 0.6502 0.0143 0.1637 0.0135 0.0176 
         125  1 0.2149 0.2499 0.2648 0.0443 0.0435 0.1140 0.0224 0.0463 
         126  1 0.0684 0.0688 0.0716 0.0287 0.0928 0.0147 0.0317 0.6232 
         127  1 0.0428 0.0203 0.0429 0.0216 0.0906 0.7424 0.0093 0.0300 
         128  1 0.0856 0.2165 0.0717 0.2939 0.1795 0.0283 0.1043 0.0201 
         129  1 0.0750 0.0182 0.0609 0.0695 0.0446 0.3613 0.0255 0.3451 
         130  1 0.3780 0.0686 0.3043 0.0266 0.0272 0.1379 0.0262 0.0311 
         131  1 0.1240 0.0472 0.1338 0.1698 0.1996 0.1590 0.0440 0.1227 
         132  1 0.0291 0.0709 0.0286 0.0748 0.0144 0.0153 0.0261 0.7406 
         133  1 0.1985 0.0122 0.1513 0.0696 0.0623 0.2500 0.2351 0.0210 
         134  1 0.0950 0.0215 0.1056 0.0870 0.0153 0.6310 0.0157 0.0288 
         135  1 0.0432 0.0209 0.0408 0.0627 0.0195 0.7855 0.0141 0.0133 
         136  1 0.0293 0.0279 0.0319 0.0144 0.0377 0.8383 0.0098 0.0106 
         137  1 0.0282 0.0159 0.0318 0.0175 0.0210 0.0264 0.0130 0.8462 
         138  1 0.0240 0.0202 0.0247 0.0167 0.0172 0.1453 0.0538 0.6981 
         139  1 0.0340 0.0252 0.0305 0.0138 0.0186 0.0372 0.0218 0.8189 
         140  1 0.0816 0.5685 0.0995 0.0619 0.0223 0.0195 0.0117 0.1350 
         141  1 0.0332 0.0283 0.0294 0.0084 0.8473 0.0219 0.0161 0.0154 
         142  1 0.0263 0.0332 0.0289 0.0170 0.8461 0.0197 0.0139 0.0149 
         143  1 0.0343 0.0149 0.0367 0.0117 0.0331 0.0269 0.0365 0.8060 
         144  1 0.1108 0.0192 0.0949 0.2241 0.0514 0.4389 0.0324 0.0283 
         145  1 0.1049 0.0272 0.0862 0.0187 0.0706 0.0395 0.0496 0.6033 
         146  1 0.0775 0.0294 0.0785 0.0196 0.1393 0.6029 0.0125 0.0404 
         147  1 0.4356 0.0192 0.3562 0.0544 0.0176 0.0590 0.0349 0.0230 
         148  1 0.3009 0.0287 0.2481 0.0921 0.1874 0.0777 0.0429 0.0221 
         149  1 0.2689 0.0577 0.2604 0.1191 0.0287 0.0409 0.2001 0.0243 
         150  1 0.1488 0.0285 0.1413 0.0308 0.4327 0.1593 0.0203 0.0383 
         151  1 0.0272 0.0173 0.0259 0.0199 0.0117 0.0217 0.8574 0.0190 
         152  1 0.1369 0.0499 0.1363 0.4959 0.0827 0.0425 0.0271 0.0286 
         153  1 0.2561 0.0220 0.2044 0.0170 0.1590 0.1185 0.1974 0.0255 
         154  1 0.0764 0.0802 0.0678 0.1428 0.0347 0.0277 0.5467 0.0237 
         155  1 0.1386 0.0222 0.0978 0.0167 0.1546 0.1701 0.3615 0.0384 
         156  1 0.3564 0.0578 0.4411 0.0202 0.0369 0.0415 0.0136 0.0326 
         157  1 0.0157 0.0424 0.0156 0.0180 0.0157 0.0138 0.0119 0.8668 
         158  1 0.1117 0.0108 0.0909 0.0165 0.6303 0.0681 0.0244 0.0474 
         159  1 0.0201 0.8716 0.0201 0.0243 0.0172 0.0140 0.0095 0.0232 
         160  1 0.3279 0.0230 0.2820 0.0569 0.1092 0.1177 0.0417 0.0416 
         161  1 0.0582 0.1098 0.0550 0.0318 0.6547 0.0435 0.0246 0.0224 
         162  1 0.3065 0.0467 0.2463 0.1080 0.0774 0.0442 0.1518 0.0190 
         163  1 0.1096 0.1962 0.1070 0.0191 0.0352 0.0406 0.0156 0.4767 
         164  1 0.1147 0.1128 0.1237 0.1041 0.3424 0.0387 0.0269 0.1367 
         165  1 0.0414 0.7982 0.0422 0.0200 0.0177 0.0113 0.0101 0.0591 
         166  1 0.2561 0.0979 0.2292 0.0851 0.2146 0.0358 0.0630 0.0183 
         167  1 0.0321 0.0141 0.0309 0.0473 0.0310 0.0416 0.7817 0.0213 
         168  1 0.2429 0.0139 0.2860 0.0182 0.0461 0.3277 0.0289 0.0363 
         169  1 0.0613 0.1635 0.0607 0.5570 0.0109 0.0650 0.0348 0.0467 
         170  1 0.0733 0.0125 0.0765 0.0134 0.0347 0.7096 0.0247 0.0553 
         171  1 0.2682 0.1862 0.2722 0.0305 0.0246 0.0268 0.0269 0.1646 
         172  1 0.3489 0.0650 0.2618 0.0517 0.0167 0.0698 0.1494 0.0368 
         173  1 0.1803 0.0725 0.1193 0.0240 0.0354 0.0269 0.5057 0.0359 
         174  1 0.1935 0.0556 0.2552 0.0168 0.1327 0.1114 0.0323 0.2025 
         175  1 0.2547 0.0240 0.2274 0.0315 0.2436 0.1309 0.0682 0.0197 
         176  1 0.4092 0.0132 0.3550 0.0134 0.0684 0.0721 0.0536 0.0152 
         177  1 0.3257 0.0119 0.2342 0.0181 0.0265 0.1022 0.2530 0.0285 
         178  1 0.1214 0.0600 0.1091 0.1082 0.0328 0.5141 0.0247 0.0298 
         179  1 0.0300 0.0221 0.0287 0.0391 0.7840 0.0387 0.0404 0.0170 
         180  1 0.0458 0.0457 0.0498 0.0195 0.6753 0.0222 0.0311 0.1107 
         181  1 0.0239 0.0113 0.0242 0.0237 0.0173 0.0233 0.8623 0.0141 
         182  1 0.1180 0.0153 0.0955 0.2412 0.1161 0.3495 0.0484 0.0160 
         183  1 0.0624 0.0236 0.0798 0.0164 0.0155 0.1880 0.0119 0.6024 
         184  1 0.3127 0.0294 0.3119 0.1865 0.0588 0.0424 0.0415 0.0169 
         185  1 0.0180 0.0237 0.0178 0.0173 0.8793 0.0199 0.0087 0.0152 
         186  1 0.2491 0.2352 0.3536 0.0128 0.0331 0.0337 0.0661 0.0165 
         187  1 0.2977 0.0723 0.2735 0.0811 0.1910 0.0239 0.0405 0.0201 
         188  1 0.3086 0.0146 0.2759 0.0227 0.2567 0.0534 0.0253 0.0426 
         189  1 0.0411 0.0144 0.0481 0.0113 0.0175 0.0178 0.0085 0.8413 
         190  1 0.0689 0.0241 0.0880 0.0534 0.0175 0.0187 0.7143 0.0152 
         191  1 0.0696 0.4812 0.0808 0.0335 0.0113 0.0327 0.2353 0.0557 
         192  1 0.3549 0.0185 0.3504 0.0254 0.1429 0.0508 0.0383 0.0188 
         193  1 0.0158 0.1586 0.0148 0.0121 0.0143 0.0103 0.0100 0.7641 
         194  1 0.0246 0.8671 0.0307 0.0106 0.0119 0.0206 0.0098 0.0248 
         195  1 0.0376 0.0783 0.0360 0.0095 0.0698 0.0242 0.0075 0.7372 
         196  1 0.0578 0.6290 0.0512 0.0261 0.1669 0.0227 0.0318 0.0145 
         197  1 0.1414 0.0925 0.1565 0.0243 0.3139 0.0298 0.0352 0.2063 
         198  1 0.1749 0.0590 0.1672 0.0228 0.4409 0.0364 0.0103 0.0885 
         199  1 0.0193 0.0173 0.0220 0.8732 0.0213 0.0195 0.0133 0.0140 
         200  1 0.1186 0.4910 0.1179 0.0720 0.0429 0.0526 0.0208 0.0841 
         201  1 0.0155 0.8659 0.0138 0.0201 0.0255 0.0180 0.0182 0.0229 
         202  1 0.2797 0.0349 0.3693 0.0707 0.0417 0.1677 0.0147 0.0213 
         203  1 0.0344 0.0265 0.0320 0.0144 0.0358 0.8371 0.0093 0.0104 
         204  1 0.0657 0.0859 0.0695 0.0373 0.0175 0.7007 0.0123 0.0113 
         205  1 0.0359 0.1774 0.0334 0.0257 0.0384 0.0651 0.6141 0.0100 
         206  1 0.2505 0.0667 0.1853 0.0372 0.3514 0.0317 0.0130 0.0642 
         207  1 0.0351 0.0110 0.0387 0.0160 0.0225 0.0414 0.8253 0.0100 
         208  1 0.1765 0.1813 0.1763 0.0300 0.2584 0.0552 0.0592 0.0631 
         209  1 0.2004 0.3130 0.2972 0.0505 0.0668 0.0197 0.0348 0.0177 
         210  1 0.0265 0.0312 0.0268 0.0173 0.6969 0.0277 0.0217 0.1521 
         211  1 0.0462 0.0551 0.0508 0.0267 0.0245 0.0140 0.6794 0.1033 
         212  1 0.1140 0.0505 0.1119 0.0273 0.0710 0.0245 0.5629 0.0379 
         213  1 0.0295 0.0201 0.0293 0.0159 0.0243 0.8173 0.0173 0.0463 
         214  1 0.0633 0.2172 0.0585 0.0927 0.0621 0.0493 0.0210 0.4359 
         215  1 0.0214 0.0223 0.0194 0.0186 0.0140 0.0219 0.0679 0.8145 
         216  1 0.0381 0.0712 0.0435 0.0272 0.0714 0.6586 0.0106 0.0796 
         217  1 0.0421 0.0142 0.0489 0.0113 0.0173 0.0172 0.0084 0.8405 
         218  1 0.0572 0.0754 0.0586 0.0181 0.1003 0.0324 0.5955 0.0625 
         219  1 0.0148 0.8670 0.0143 0.0202 0.0257 0.0177 0.0186 0.0217 
         220  1 0.2146 0.0277 0.3000 0.0322 0.0188 0.3605 0.0178 0.0285 
         221  1 0.2098 0.3013 0.3001 0.0375 0.0605 0.0383 0.0244 0.0281 
         222  1 0.3805 0.0364 0.3148 0.0325 0.0318 0.1375 0.0337 0.0328 
         223  1 0.2196 0.1893 0.1919 0.1082 0.0574 0.1715 0.0465 0.0156 
         224  1 0.0727 0.0176 0.0892 0.0197 0.0135 0.0525 0.0402 0.6947 
         225  1 0.0215 0.0091 0.0212 0.0170 0.0153 0.0151 0.8878 0.0131 
         226  1 0.0317 0.0185 0.0273 0.0270 0.0299 0.0155 0.8334 0.0167 
         227  1 0.0980 0.0135 0.1203 0.0489 0.0183 0.0371 0.5948 0.0692 
         228  1 0.1851 0.4309 0.1540 0.0370 0.0929 0.0344 0.0337 0.0320 
         229  1 0.4160 0.0405 0.3179 0.0257 0.0529 0.0331 0.0616 0.0522 
         230  1 0.3010 0.0235 0.3544 0.0799 0.1066 0.0339 0.0141 0.0865 
         231  1 0.0750 0.0156 0.0670 0.0177 0.4148 0.1400 0.1883 0.0815 
         232  1 0.2324 0.1442 0.1970 0.0588 0.2738 0.0582 0.0164 0.0193 
         233  1 0.0496 0.0247 0.0441 0.0132 0.0281 0.7481 0.0512 0.0410 
         234  1 0.4330 0.0195 0.3101 0.0172 0.0578 0.0566 0.0144 0.0913 
         235  1 0.0303 0.0190 0.0285 0.8066 0.0152 0.0210 0.0256 0.0538 
         236  1 0.1745 0.1266 0.2312 0.0472 0.0290 0.3205 0.0180 0.0530 
         237  1 0.2524 0.0109 0.2122 0.1822 0.0779 0.0445 0.1864 0.0335 
         238  1 0.0752 0.0104 0.0826 0.0210 0.0451 0.0251 0.7283 0.0123 
         239  1 0.2217 0.1219 0.1873 0.0811 0.1022 0.2380 0.0182 0.0295 
         240  1 0.2647 0.0899 0.3064 0.0198 0.0828 0.0996 0.0209 0.1158 
         241  1 0.0198 0.0797 0.0205 0.0231 0.0294 0.0134 0.7989 0.0151 
         242  1 0.2283 0.0383 0.1698 0.0273 0.2900 0.0372 0.0237 0.1854 
         243  1 0.0853 0.0113 0.0847 0.1466 0.1134 0.4995 0.0239 0.0352 
         244  1 0.0262 0.0123 0.0222 0.8555 0.0225 0.0128 0.0321 0.0164 
         245  1 0.2705 0.0519 0.3276 0.0352 0.1488 0.0202 0.0446 0.1013 
         246  1 0.0208 0.0171 0.0211 0.0198 0.0320 0.0113 0.0143 0.8636 
         247  1 0.2471 0.0528 0.3194 0.0248 0.0445 0.1673 0.0492 0.0948 
         248  1 0.3259 0.0218 0.2525 0.0210 0.1216 0.0776 0.1161 0.0636 
         249  1 0.2273 0.1097 0.1886 0.0606 0.0509 0.1964 0.0299 0.1366 
         250  1 0.3287 0.0176 0.3055 0.0345 0.0469 0.1489 0.0520 0.0659 
         251  1 0.2062 0.0213 0.2241 0.1605 0.0348 0.2959 0.0247 0.0326 
         252  1 0.0471 0.0136 0.0456 0.0253 0.5806 0.1530 0.0764 0.0584 
         253  1 0.0651 0.6019 0.0718 0.0248 0.1052 0.0550 0.0146 0.0615 
         254  1 0.2672 0.0450 0.3235 0.0761 0.2116 0.0227 0.0306 0.0233 
         255  1 0.0166 0.8574 0.0163 0.0450 0.0221 0.0141 0.0098 0.0188 
         256  1 0.0171 0.8578 0.0167 0.0443 0.0226 0.0135 0.0098 0.0181 
         257  1 0.2487 0.3057 0.2264 0.0476 0.0779 0.0240 0.0332 0.0364 
         258  1 0.0846 0.0360 0.0695 0.0089 0.7370 0.0213 0.0241 0.0185 
         259  1 0.0219 0.0181 0.0204 0.0092 0.8622 0.0270 0.0102 0.0309 
         260  1 0.3522 0.0164 0.3804 0.0132 0.0574 0.0191 0.0492 0.1120 
