           1  1 0.6976 0.1137 0.1887 
           2  1 0.4413 0.3603 0.1983 
           3  1 0.4364 0.1903 0.3733 
           4  1 0.4333 0.4739 0.0928 
           5  1 0.6149 0.1799 0.2052 
           6  1 0.7953 0.1553 0.0493 
           7  1 0.2720 0.3800 0.3480 
           8  1 0.2260 0.1684 0.6056 
           9  1 0.1584 0.0399 0.8017 
          10  1 0.8196 0.0803 0.1000 
          11  1 0.8263 0.1212 0.0525 
          12  1 0.0613 0.1249 0.8138 
          13  1 0.1315 0.7927 0.0758 
          14  1 0.0602 0.5210 0.4187 
          15  1 0.3051 0.6380 0.0569 
          16  1 0.0481 0.1609 0.7910 
          17  1 0.0532 0.7713 0.1756 
          18  1 0.1710 0.3392 0.4898 
          19  1 0.8003 0.0390 0.1608 
          20  1 0.8617 0.0926 0.0457 
          21  1 0.0383 0.1318 0.8298 
          22  1 0.6968 0.2235 0.0798 
          23  1 0.1601 0.3033 0.5366 
          24  1 0.0235 0.0266 0.9499 
          25  1 0.0858 0.5983 0.3159 
          26  1 0.4107 0.2507 0.3386 
          27  1 0.1451 0.0704 0.7844 
          28  1 0.1466 0.7410 0.1124 
          29  1 0.1902 0.7348 0.0749 
          30  1 0.1003 0.7209 0.1788 
          31  1 0.2095 0.3786 0.4119 
          32  1 0.3027 0.5366 0.1608 
          33  1 0.0790 0.3372 0.5838 
          34  1 0.8900 0.0401 0.0699 
          35  1 0.2172 0.2740 0.5088 
          36  1 0.8489 0.0511 0.1000 
          37  1 0.1471 0.3988 0.4541 
          38  1 0.0744 0.1142 0.8114 
          39  1 0.5118 0.3274 0.1608 
          40  1 0.0826 0.2632 0.6542 
          41  1 0.0528 0.0647 0.8825 
          42  1 0.1744 0.6382 0.1874 
          43  1 0.0349 0.0764 0.8887 
          44  1 0.1401 0.0534 0.8066 
          45  1 0.3520 0.5204 0.1276 
          46  1 0.0534 0.3689 0.5777 
          47  1 0.1118 0.4254 0.4628 
          48  1 0.1538 0.5345 0.3117 
          49  1 0.0860 0.7658 0.1482 
          50  1 0.1695 0.6317 0.1988 
          51  1 0.0545 0.9107 0.0348 
          52  1 0.1355 0.7819 0.0827 
          53  1 0.5814 0.3655 0.0531 
          54  1 0.0683 0.8789 0.0527 
          55  1 0.2001 0.4748 0.3251 
          56  1 0.0734 0.5179 0.4087 
          57  1 0.0610 0.8583 0.0807 
          58  1 0.1344 0.5478 0.3178 
          59  1 0.6944 0.2205 0.0851 
          60  1 0.4874 0.4004 0.1122 
          61  1 0.0886 0.0684 0.8431 
          62  1 0.1204 0.7931 0.0865 
          63  1 0.1831 0.2801 0.5368 
          64  1 0.9349 0.0405 0.0246 
          65  1 0.0541 0.7448 0.2011 
          66  1 0.0452 0.0371 0.9177 
          67  1 0.0732 0.7917 0.1351 
          68  1 0.0574 0.7628 0.1799 
          69  1 0.1126 0.6593 0.2280 
          70  1 0.1589 0.6768 0.1643 
          71  1 0.1734 0.6911 0.1355 
          72  1 0.1291 0.4958 0.3751 
          73  1 0.1062 0.5417 0.3521 
          74  1 0.4681 0.3858 0.1461 
          75  1 0.1548 0.2959 0.5493 
          76  1 0.1244 0.7917 0.0840 
          77  1 0.7596 0.1554 0.0850 
          78  1 0.2343 0.2238 0.5419 
          79  1 0.7777 0.1076 0.1147 
          80  1 0.1313 0.4001 0.4686 
          81  1 0.1439 0.6102 0.2458 
          82  1 0.1698 0.5431 0.2871 
          83  1 0.0399 0.2407 0.7194 
          84  1 0.4978 0.1088 0.3934 
          85  1 0.0568 0.8404 0.1029 
          86  1 0.0722 0.8118 0.1161 
          87  1 0.6534 0.0841 0.2625 
          88  1 0.1237 0.3177 0.5586 
          89  1 0.2383 0.5959 0.1658 
          90  1 0.0856 0.4042 0.5102 
          91  1 0.1242 0.4633 0.4126 
          92  1 0.0487 0.8509 0.1005 
          93  1 0.1554 0.6473 0.1974 
          94  1 0.0913 0.7285 0.1802 
          95  1 0.4373 0.2311 0.3316 
          96  1 0.3231 0.2966 0.3803 
          97  1 0.8503 0.1215 0.0282 
          98  1 0.6968 0.1320 0.1712 
          99  1 0.0548 0.8971 0.0481 
         100  1 0.1898 0.6969 0.1133 
         101  1 0.0801 0.1281 0.7919 
         102  1 0.0850 0.3117 0.6032 
         103  1 0.0702 0.1301 0.7997 
         104  1 0.6986 0.1378 0.1636 
         105  1 0.4342 0.2849 0.2809 
         106  1 0.1124 0.7434 0.1442 
         107  1 0.7098 0.2193 0.0709 
         108  1 0.0952 0.4649 0.4400 
         109  1 0.1058 0.5626 0.3316 
         110  1 0.5826 0.3295 0.0879 
         111  1 0.7697 0.0957 0.1345 
         112  1 0.7083 0.1809 0.1107 
         113  1 0.1565 0.2792 0.5643 
         114  1 0.2614 0.7071 0.0315 
         115  1 0.1069 0.1704 0.7228 
         116  1 0.1147 0.3843 0.5010 
         117  1 0.4349 0.1154 0.4497 
         118  1 0.4430 0.3834 0.1736 
         119  1 0.1670 0.5344 0.2986 
         120  1 0.3713 0.5657 0.0630 
         121  1 0.0372 0.0820 0.8807 
         122  1 0.2931 0.3299 0.3770 
         123  1 0.9360 0.0333 0.0307 
         124  1 0.0578 0.6457 0.2965 
         125  1 0.7056 0.1880 0.1064 
         126  1 0.7775 0.1493 0.0733 
         127  1 0.1046 0.8463 0.0491 
         128  1 0.4769 0.1096 0.4136 
         129  1 0.1073 0.7839 0.1088 
         130  1 0.3037 0.5480 0.1483 
         131  1 0.3221 0.4804 0.1976 
         132  1 0.6071 0.2736 0.1192 
         133  1 0.0333 0.3552 0.6115 
         134  1 0.0459 0.8740 0.0801 
         135  1 0.0526 0.8406 0.1069 
         136  1 0.0850 0.8691 0.0459 
         137  1 0.4742 0.4796 0.0462 
         138  1 0.4312 0.4816 0.0872 
         139  1 0.5375 0.3814 0.0811 
         140  1 0.8245 0.1273 0.0482 
         141  1 0.6460 0.2916 0.0624 
         142  1 0.7796 0.1443 0.0762 
         143  1 0.5545 0.3720 0.0735 
         144  1 0.0677 0.5658 0.3666 
         145  1 0.6243 0.2366 0.1390 
         146  1 0.0803 0.8756 0.0441 
         147  1 0.0697 0.4554 0.4749 
         148  1 0.1988 0.2552 0.5459 
         149  1 0.1461 0.0822 0.7718 
         150  1 0.1973 0.7129 0.0898 
         151  1 0.0366 0.0370 0.9264 
         152  1 0.2160 0.4581 0.3259 
         153  1 0.1221 0.4020 0.4759 
         154  1 0.0551 0.0499 0.8951 
         155  1 0.1798 0.1833 0.6368 
         156  1 0.2776 0.6273 0.0952 
         157  1 0.8335 0.0985 0.0679 
         158  1 0.1799 0.7249 0.0952 
         159  1 0.9214 0.0399 0.0387 
         160  1 0.1317 0.5688 0.2995 
         161  1 0.7694 0.1304 0.1002 
         162  1 0.1218 0.2652 0.6130 
         163  1 0.7937 0.1529 0.0534 
         164  1 0.8049 0.1065 0.0886 
         165  1 0.9212 0.0455 0.0332 
         166  1 0.4205 0.1460 0.4336 
         167  1 0.0379 0.0711 0.8910 
         168  1 0.0606 0.8419 0.0975 
         169  1 0.1297 0.4567 0.4136 
         170  1 0.0512 0.8865 0.0623 
         171  1 0.6256 0.2002 0.1742 
         172  1 0.0907 0.2438 0.6655 
         173  1 0.1261 0.1014 0.7724 
         174  1 0.5483 0.3615 0.0902 
         175  1 0.1325 0.5641 0.3033 
         176  1 0.0440 0.6574 0.2985 
         177  1 0.0493 0.3211 0.6296 
         178  1 0.1054 0.6501 0.2445 
         179  1 0.4757 0.3492 0.1751 
         180  1 0.7353 0.1749 0.0898 
         181  1 0.0286 0.0409 0.9304 
         182  1 0.0469 0.4561 0.4969 
         183  1 0.3490 0.6049 0.0461 
         184  1 0.0987 0.1593 0.7421 
         185  1 0.8153 0.1426 0.0421 
         186  1 0.5587 0.1039 0.3374 
         187  1 0.4823 0.2404 0.2774 
         188  1 0.1004 0.6846 0.2150 
         189  1 0.3932 0.5741 0.0327 
         190  1 0.0506 0.0757 0.8736 
         191  1 0.5034 0.0902 0.4064 
         192  1 0.0842 0.6815 0.2343 
         193  1 0.9359 0.0326 0.0314 
         194  1 0.8990 0.0688 0.0323 
         195  1 0.7306 0.2438 0.0256 
         196  1 0.8271 0.0612 0.1116 
         197  1 0.8243 0.0678 0.1079 
         198  1 0.7688 0.1847 0.0466 
         199  1 0.1381 0.3125 0.5494 
         200  1 0.7993 0.1181 0.0826 
         201  1 0.9202 0.0346 0.0452 
         202  1 0.1073 0.7430 0.1497 
         203  1 0.0817 0.8712 0.0471 
         204  1 0.0920 0.8534 0.0546 
         205  1 0.1208 0.0796 0.7996 
         206  1 0.6864 0.2241 0.0896 
         207  1 0.0329 0.0615 0.9057 
         208  1 0.7185 0.1409 0.1407 
         209  1 0.7614 0.0731 0.1656 
         210  1 0.8410 0.0939 0.0651 
         211  1 0.1617 0.0464 0.7919 
         212  1 0.1031 0.0657 0.8313 
         213  1 0.0496 0.8944 0.0560 
         214  1 0.7965 0.1150 0.0885 
         215  1 0.5100 0.3492 0.1408 
         216  1 0.2955 0.6571 0.0474 
         217  1 0.3917 0.5757 0.0326 
         218  1 0.1914 0.0704 0.7382 
         219  1 0.9195 0.0353 0.0451 
         220  1 0.1134 0.8149 0.0717 
         221  1 0.8051 0.0876 0.1073 
         222  1 0.2147 0.5860 0.1993 
         223  1 0.2529 0.5672 0.1799 
         224  1 0.3157 0.4716 0.2127 
         225  1 0.0305 0.0352 0.9343 
         226  1 0.0320 0.0381 0.9299 
         227  1 0.0513 0.0990 0.8497 
         228  1 0.7851 0.0959 0.1190 
         229  1 0.2195 0.1942 0.5863 
         230  1 0.1597 0.7866 0.0537 
         231  1 0.2603 0.2549 0.4848 
         232  1 0.4427 0.3757 0.1816 
         233  1 0.0954 0.7022 0.2025 
         234  1 0.2635 0.5854 0.1512 
         235  1 0.0816 0.4270 0.4914 
         236  1 0.1890 0.7459 0.0651 
         237  1 0.0637 0.2715 0.6648 
         238  1 0.0388 0.0786 0.8826 
         239  1 0.4200 0.4641 0.1159 
         240  1 0.3410 0.5854 0.0736 
         241  1 0.0508 0.0339 0.9153 
         242  1 0.7125 0.1399 0.1476 
         243  1 0.0672 0.6852 0.2476 
         244  1 0.1009 0.2031 0.6960 
         245  1 0.6849 0.1148 0.2003 
         246  1 0.7037 0.2489 0.0474 
         247  1 0.3074 0.4455 0.2471 
         248  1 0.1205 0.3685 0.5111 
         249  1 0.3316 0.5358 0.1326 
         250  1 0.0961 0.4943 0.4095 
         251  1 0.0780 0.6997 0.2223 
         252  1 0.2998 0.5530 0.1472 
         253  1 0.8759 0.0778 0.0464 
         254  1 0.2948 0.4700 0.2352 
         255  1 0.8983 0.0526 0.0490 
         256  1 0.8996 0.0525 0.0479 
         257  1 0.7722 0.1009 0.1269 
         258  1 0.7256 0.1593 0.1151 
         259  1 0.8135 0.1524 0.0341 
         260  1 0.2004 0.5597 0.2399 
