           1  1 0.0172 0.0982 0.0122 0.1153 0.0496 0.2772 0.0457 0.2392 0.1454 
           2  1 0.0229 0.1692 0.0163 0.0231 0.0121 0.1488 0.2659 0.1572 0.1845 
           3  1 0.0128 0.0272 0.0490 0.0226 0.7726 0.0241 0.0123 0.0279 0.0514 
           4  1 0.0160 0.2778 0.0262 0.0444 0.0390 0.2119 0.0444 0.2463 0.0940 
           5  1 0.0231 0.1137 0.0350 0.0403 0.0079 0.4411 0.0175 0.2879 0.0336 
           6  1 0.0103 0.1000 0.3250 0.0187 0.0324 0.0853 0.0188 0.0961 0.3135 
           7  1 0.1008 0.1775 0.0332 0.0959 0.0330 0.1659 0.1389 0.2160 0.0389 
           8  1 0.0799 0.0573 0.0189 0.1064 0.2927 0.2047 0.0305 0.1597 0.0498 
           9  1 0.6003 0.0387 0.0202 0.0362 0.0138 0.1052 0.0118 0.0757 0.0982 
          10  1 0.0174 0.0815 0.0154 0.0380 0.0125 0.4024 0.0114 0.2687 0.1527 
          11  1 0.0077 0.0988 0.2489 0.1448 0.0776 0.0865 0.0259 0.0985 0.2112 
          12  1 0.5348 0.0837 0.0276 0.0161 0.0156 0.0742 0.1176 0.0843 0.0462 
          13  1 0.0119 0.1465 0.0585 0.2380 0.0679 0.0719 0.3032 0.0895 0.0127 
          14  1 0.0190 0.0450 0.0126 0.0275 0.7312 0.0370 0.0582 0.0393 0.0301 
          15  1 0.0087 0.2826 0.0454 0.1671 0.0209 0.1973 0.0145 0.2527 0.0108 
          16  1 0.2037 0.2508 0.0245 0.0143 0.0235 0.2140 0.0441 0.2138 0.0114 
          17  1 0.0166 0.1671 0.0424 0.0267 0.4638 0.1214 0.0358 0.1152 0.0110 
          18  1 0.0135 0.0395 0.0419 0.0146 0.7419 0.0410 0.0410 0.0402 0.0264 
          19  1 0.1207 0.0200 0.0191 0.0133 0.0094 0.0161 0.0131 0.0178 0.7704 
          20  1 0.0160 0.0813 0.0702 0.0131 0.0124 0.0516 0.0394 0.0660 0.6501 
          21  1 0.7319 0.0548 0.0085 0.0204 0.0137 0.0446 0.0706 0.0451 0.0105 
          22  1 0.0134 0.1405 0.0258 0.0287 0.0146 0.1017 0.0348 0.1517 0.4887 
          23  1 0.0403 0.1846 0.0429 0.0230 0.2530 0.1375 0.0578 0.2256 0.0354 
          24  1 0.9013 0.0170 0.0104 0.0081 0.0077 0.0165 0.0121 0.0183 0.0088 
          25  1 0.0157 0.1564 0.0584 0.0248 0.2391 0.0942 0.2576 0.1428 0.0110 
          26  1 0.0501 0.1584 0.0362 0.0220 0.0478 0.2988 0.0475 0.2509 0.0883 
          27  1 0.1667 0.1259 0.0270 0.0247 0.0202 0.2877 0.0290 0.2741 0.0449 
          28  1 0.0122 0.0265 0.0470 0.0221 0.0332 0.0283 0.7790 0.0307 0.0210 
          29  1 0.0098 0.1805 0.0228 0.0791 0.0921 0.2759 0.0648 0.2556 0.0195 
          30  1 0.0227 0.0539 0.0152 0.0518 0.1378 0.0439 0.6034 0.0413 0.0299 
          31  1 0.0457 0.1782 0.0803 0.0494 0.1383 0.1142 0.1814 0.1613 0.0512 
          32  1 0.0201 0.1729 0.2200 0.0127 0.0151 0.2179 0.1198 0.1741 0.0474 
          33  1 0.0149 0.0254 0.0221 0.0153 0.8105 0.0286 0.0439 0.0282 0.0112 
          34  1 0.0151 0.0129 0.0113 0.0271 0.0242 0.0156 0.0205 0.0150 0.8584 
          35  1 0.0064 0.0093 0.0071 0.0166 0.9243 0.0101 0.0077 0.0099 0.0086 
          36  1 0.0307 0.0317 0.0073 0.1345 0.0270 0.2356 0.0118 0.1478 0.3736 
          37  1 0.0398 0.2543 0.0171 0.0312 0.0688 0.1852 0.0560 0.3097 0.0379 
          38  1 0.6123 0.0728 0.0161 0.0605 0.0390 0.0671 0.0420 0.0761 0.0141 
          39  1 0.0158 0.1301 0.0553 0.0700 0.0181 0.3823 0.0194 0.2932 0.0159 
          40  1 0.0658 0.2434 0.0481 0.0107 0.1223 0.1797 0.0804 0.2327 0.0168 
          41  1 0.7455 0.0309 0.0267 0.0381 0.0143 0.0483 0.0419 0.0426 0.0116 
          42  1 0.0103 0.1934 0.0181 0.0200 0.3704 0.1299 0.0452 0.1795 0.0333 
          43  1 0.5119 0.0149 0.0102 0.0100 0.3960 0.0124 0.0175 0.0153 0.0117 
          44  1 0.7392 0.0212 0.0244 0.0916 0.0067 0.0266 0.0302 0.0267 0.0334 
          45  1 0.0278 0.2198 0.2329 0.0192 0.0261 0.1686 0.0758 0.1710 0.0589 
          46  1 0.0142 0.0487 0.0122 0.0087 0.7499 0.0597 0.0289 0.0544 0.0234 
          47  1 0.1280 0.2603 0.0401 0.0152 0.0321 0.2282 0.0514 0.2089 0.0358 
          48  1 0.0801 0.2193 0.1467 0.0366 0.0083 0.2044 0.0387 0.2430 0.0228 
          49  1 0.0193 0.2913 0.1339 0.0208 0.0387 0.2265 0.0457 0.2097 0.0142 
          50  1 0.0327 0.2785 0.1172 0.0595 0.0082 0.2422 0.0458 0.1957 0.0203 
          51  1 0.0096 0.0651 0.1830 0.0837 0.0124 0.0476 0.5421 0.0496 0.0068 
          52  1 0.0270 0.2296 0.1017 0.1714 0.0651 0.1304 0.0993 0.1654 0.0102 
          53  1 0.0094 0.0545 0.0326 0.3732 0.0443 0.0432 0.2886 0.0533 0.1009 
          54  1 0.0075 0.3150 0.1117 0.0186 0.0094 0.2358 0.0357 0.2586 0.0078 
          55  1 0.1143 0.0667 0.0499 0.0216 0.0604 0.0531 0.4716 0.0646 0.0978 
          56  1 0.0706 0.2457 0.0480 0.0436 0.0221 0.1604 0.2199 0.1800 0.0096 
          57  1 0.0188 0.2781 0.0271 0.0354 0.0413 0.1048 0.3291 0.1515 0.0140 
          58  1 0.0645 0.1175 0.0228 0.0382 0.0232 0.1658 0.3773 0.1681 0.0227 
          59  1 0.0166 0.1130 0.0412 0.3244 0.0182 0.2068 0.0388 0.2006 0.0405 
          60  1 0.0211 0.2265 0.0636 0.0473 0.0081 0.2107 0.1317 0.1892 0.1017 
          61  1 0.6251 0.0454 0.1227 0.0186 0.0209 0.0515 0.0354 0.0515 0.0290 
          62  1 0.0233 0.1617 0.1188 0.2310 0.0717 0.1026 0.1238 0.1428 0.0244 
          63  1 0.0122 0.0143 0.0459 0.0093 0.8544 0.0153 0.0157 0.0152 0.0178 
          64  1 0.0082 0.0195 0.1629 0.6527 0.0065 0.0233 0.0147 0.0238 0.0884 
          65  1 0.0654 0.0589 0.0124 0.0606 0.0162 0.0382 0.6962 0.0440 0.0081 
          66  1 0.8491 0.0161 0.0124 0.0227 0.0256 0.0196 0.0143 0.0188 0.0215 
          67  1 0.0139 0.1984 0.0549 0.0146 0.0531 0.1014 0.4312 0.1181 0.0145 
          68  1 0.0353 0.2292 0.1477 0.0149 0.0122 0.1797 0.2528 0.1205 0.0077 
          69  1 0.0414 0.3097 0.0302 0.0347 0.0180 0.2499 0.0236 0.2785 0.0140 
          70  1 0.0129 0.2357 0.2189 0.0172 0.0263 0.2426 0.0454 0.1847 0.0165 
          71  1 0.0267 0.2147 0.0377 0.1026 0.0640 0.2570 0.0436 0.2418 0.0119 
          72  1 0.0110 0.0301 0.0229 0.0104 0.8418 0.0232 0.0235 0.0229 0.0143 
          73  1 0.0379 0.2272 0.0133 0.0278 0.0342 0.3673 0.0200 0.2567 0.0155 
          74  1 0.0104 0.0519 0.0418 0.1058 0.5095 0.0559 0.0434 0.0568 0.1246 
          75  1 0.0691 0.0930 0.0126 0.0318 0.1156 0.3138 0.0859 0.2510 0.0273 
          76  1 0.0113 0.1632 0.0795 0.0876 0.0121 0.1327 0.3995 0.1035 0.0105 
          77  1 0.0292 0.0465 0.0284 0.6629 0.0796 0.0556 0.0139 0.0502 0.0337 
          78  1 0.1221 0.1704 0.1176 0.0127 0.1019 0.1169 0.0968 0.1558 0.1058 
          79  1 0.0208 0.1464 0.3652 0.0310 0.0328 0.1722 0.0128 0.1566 0.0622 
          80  1 0.0130 0.0343 0.0167 0.0186 0.8091 0.0280 0.0296 0.0290 0.0217 
          81  1 0.0920 0.0471 0.0117 0.1028 0.0092 0.0701 0.5859 0.0586 0.0227 
          82  1 0.0144 0.1119 0.0339 0.0139 0.4729 0.1317 0.0657 0.1225 0.0330 
          83  1 0.1230 0.0462 0.0100 0.0092 0.6603 0.0433 0.0524 0.0469 0.0086 
          84  1 0.0723 0.1166 0.0184 0.1094 0.1114 0.2120 0.0388 0.1869 0.1340 
          85  1 0.0147 0.0368 0.0397 0.0216 0.0493 0.0256 0.7717 0.0298 0.0107 
          86  1 0.0149 0.0363 0.0247 0.0289 0.0155 0.0228 0.8182 0.0230 0.0156 
          87  1 0.1203 0.1352 0.0175 0.1109 0.0216 0.1841 0.0301 0.2122 0.1681 
          88  1 0.0793 0.2628 0.0264 0.0148 0.0515 0.2283 0.0511 0.2750 0.0109 
          89  1 0.0148 0.2454 0.1400 0.0232 0.0146 0.1420 0.1460 0.2328 0.0412 
          90  1 0.0116 0.0132 0.0112 0.0122 0.8972 0.0130 0.0165 0.0127 0.0123 
          91  1 0.0194 0.1803 0.0199 0.0124 0.0436 0.3781 0.0379 0.2925 0.0158 
          92  1 0.0116 0.0259 0.0119 0.0123 0.0253 0.0245 0.8518 0.0242 0.0125 
          93  1 0.0508 0.2578 0.0500 0.0669 0.0182 0.1475 0.1529 0.2274 0.0286 
          94  1 0.0121 0.0163 0.0394 0.0099 0.0199 0.0120 0.8534 0.0152 0.0218 
          95  1 0.0315 0.0789 0.2647 0.0192 0.3781 0.0551 0.0267 0.0771 0.0686 
          96  1 0.0414 0.1636 0.0476 0.1014 0.0986 0.2184 0.0893 0.2126 0.0271 
          97  1 0.0069 0.0475 0.0388 0.2197 0.0190 0.0274 0.0588 0.0296 0.5524 
          98  1 0.0162 0.1761 0.0741 0.2828 0.0908 0.1336 0.0103 0.1905 0.0257 
          99  1 0.0097 0.0154 0.0232 0.0514 0.0097 0.0136 0.8543 0.0141 0.0087 
         100  1 0.0203 0.2946 0.0359 0.0567 0.0243 0.1190 0.2308 0.1666 0.0517 
         101  1 0.1974 0.0738 0.0129 0.0293 0.4864 0.0658 0.0288 0.0683 0.0373 
         102  1 0.0656 0.0408 0.0429 0.0187 0.7238 0.0323 0.0232 0.0365 0.0162 
         103  1 0.2260 0.1676 0.0536 0.0144 0.1061 0.1103 0.1446 0.1437 0.0337 
         104  1 0.0215 0.0565 0.1777 0.0246 0.0666 0.0453 0.0430 0.0524 0.5125 
         105  1 0.0489 0.1252 0.1398 0.1798 0.1046 0.1418 0.0631 0.1697 0.0271 
         106  1 0.0456 0.2197 0.0296 0.0400 0.0168 0.0913 0.4524 0.0869 0.0175 
         107  1 0.0095 0.0144 0.9102 0.0103 0.0099 0.0135 0.0106 0.0136 0.0079 
         108  1 0.0423 0.2694 0.0195 0.0125 0.0900 0.1789 0.0678 0.2791 0.0404 
         109  1 0.0269 0.2302 0.0284 0.0179 0.0535 0.2225 0.1617 0.2294 0.0295 
         110  1 0.0145 0.0393 0.4422 0.0433 0.3457 0.0301 0.0150 0.0378 0.0323 
         111  1 0.0199 0.1456 0.0290 0.0235 0.0124 0.1083 0.0256 0.1946 0.4410 
         112  1 0.0204 0.1957 0.0466 0.0398 0.0320 0.1814 0.0356 0.1957 0.2527 
         113  1 0.0296 0.0319 0.0379 0.0523 0.7467 0.0297 0.0180 0.0303 0.0235 
         114  1 0.0054 0.0631 0.7868 0.0094 0.0094 0.0619 0.0139 0.0347 0.0152 
         115  1 0.2143 0.1681 0.0174 0.0140 0.0691 0.2300 0.0420 0.2102 0.0350 
         116  1 0.0766 0.1264 0.0157 0.0255 0.0596 0.2706 0.1618 0.2453 0.0186 
         117  1 0.2464 0.1014 0.0294 0.0749 0.0121 0.2038 0.0170 0.1773 0.1379 
         118  1 0.0185 0.2629 0.1038 0.0316 0.0301 0.1938 0.0349 0.2618 0.0624 
         119  1 0.0172 0.1118 0.1193 0.0143 0.3500 0.1553 0.0391 0.1589 0.0341 
         120  1 0.0085 0.0134 0.0097 0.8884 0.0223 0.0124 0.0242 0.0126 0.0085 
         121  1 0.8110 0.0305 0.0373 0.0195 0.0146 0.0278 0.0247 0.0260 0.0087 
         122  1 0.0322 0.1061 0.0347 0.2970 0.0760 0.1716 0.0962 0.1697 0.0165 
         123  1 0.0075 0.0108 0.0105 0.7900 0.0095 0.0132 0.0077 0.0131 0.1376 
         124  1 0.0105 0.0976 0.0106 0.0143 0.6379 0.0414 0.1187 0.0567 0.0122 
         125  1 0.0155 0.1034 0.0326 0.0341 0.0359 0.3435 0.0698 0.2619 0.1033 
         126  1 0.0294 0.0649 0.0705 0.6205 0.0246 0.0564 0.0148 0.0506 0.0683 
         127  1 0.0076 0.1615 0.0869 0.0222 0.0167 0.0341 0.6035 0.0488 0.0187 
         128  1 0.0893 0.0901 0.1334 0.0164 0.2893 0.0742 0.0234 0.0887 0.1952 
         129  1 0.0183 0.0682 0.0311 0.2650 0.0517 0.0524 0.4237 0.0755 0.0140 
         130  1 0.0195 0.3478 0.0174 0.0229 0.0188 0.1878 0.0703 0.2707 0.0449 
         131  1 0.0347 0.1577 0.1461 0.0910 0.1413 0.1254 0.1237 0.1520 0.0282 
         132  1 0.0234 0.0226 0.0113 0.7482 0.0704 0.0242 0.0142 0.0250 0.0606 
         133  1 0.1885 0.1520 0.0374 0.0151 0.0433 0.1320 0.3023 0.1199 0.0094 
         134  1 0.0126 0.2034 0.0108 0.0203 0.0692 0.0879 0.4855 0.0931 0.0170 
         135  1 0.0111 0.1066 0.0145 0.0104 0.0525 0.0362 0.7023 0.0483 0.0181 
         136  1 0.0074 0.2334 0.0269 0.0081 0.0108 0.0266 0.6310 0.0351 0.0206 
         137  1 0.0101 0.0251 0.0163 0.8447 0.0146 0.0298 0.0219 0.0262 0.0113 
         138  1 0.0482 0.0210 0.0140 0.6889 0.0129 0.0208 0.1571 0.0211 0.0161 
         139  1 0.0169 0.0309 0.0136 0.8206 0.0113 0.0254 0.0299 0.0329 0.0186 
         140  1 0.0103 0.0608 0.0159 0.1450 0.0513 0.0943 0.0144 0.0704 0.5376 
         141  1 0.0142 0.0296 0.8504 0.0110 0.0069 0.0204 0.0177 0.0275 0.0224 
         142  1 0.0108 0.0220 0.8483 0.0112 0.0137 0.0288 0.0151 0.0253 0.0247 
         143  1 0.0322 0.0274 0.0285 0.8048 0.0086 0.0302 0.0269 0.0313 0.0100 
         144  1 0.0275 0.1724 0.0421 0.0243 0.2017 0.0848 0.3064 0.1274 0.0135 
         145  1 0.0408 0.0875 0.0459 0.5949 0.0138 0.0761 0.0316 0.0835 0.0259 
         146  1 0.0106 0.1656 0.1168 0.0291 0.0156 0.0562 0.5161 0.0645 0.0255 
         147  1 0.0247 0.2871 0.0108 0.0187 0.0411 0.2443 0.0535 0.3057 0.0141 
         148  1 0.0297 0.2187 0.1143 0.0167 0.0684 0.2306 0.0687 0.2300 0.0228 
         149  1 0.1623 0.1530 0.0163 0.0175 0.0901 0.2597 0.0322 0.2381 0.0308 
         150  1 0.0159 0.1500 0.3902 0.0301 0.0231 0.1028 0.1454 0.1185 0.0240 
         151  1 0.8553 0.0214 0.0091 0.0145 0.0158 0.0269 0.0198 0.0256 0.0117 
         152  1 0.0215 0.1432 0.0540 0.0229 0.4471 0.1150 0.0262 0.1336 0.0366 
         153  1 0.1635 0.2008 0.1089 0.0194 0.0129 0.1738 0.1402 0.1647 0.0158 
         154  1 0.5378 0.0585 0.0239 0.0186 0.1302 0.0555 0.0264 0.0651 0.0839 
         155  1 0.3010 0.1154 0.1023 0.0256 0.0125 0.0742 0.2082 0.1456 0.0153 
         156  1 0.0102 0.2258 0.0231 0.0264 0.0159 0.3739 0.0304 0.2567 0.0376 
         157  1 0.0093 0.0113 0.0116 0.8751 0.0142 0.0120 0.0127 0.0132 0.0406 
         158  1 0.0204 0.0942 0.6009 0.0380 0.0146 0.0720 0.0747 0.0761 0.0091 
         159  1 0.0074 0.0157 0.0133 0.0176 0.0182 0.0173 0.0117 0.0183 0.8804 
         160  1 0.0316 0.2554 0.0847 0.0292 0.0397 0.1851 0.0611 0.2968 0.0166 
         161  1 0.0197 0.0379 0.6759 0.0179 0.0249 0.0486 0.0365 0.0513 0.0873 
         162  1 0.1199 0.2226 0.0482 0.0126 0.0738 0.1903 0.0353 0.2675 0.0299 
         163  1 0.0132 0.1007 0.0257 0.4184 0.0150 0.1013 0.0321 0.1296 0.1639 
         164  1 0.0216 0.0751 0.3288 0.1156 0.0967 0.1375 0.0305 0.1190 0.0751 
         165  1 0.0093 0.0292 0.0126 0.0589 0.0159 0.0447 0.0090 0.0346 0.7859 
         166  1 0.0462 0.1979 0.1435 0.0142 0.0696 0.2196 0.0290 0.2025 0.0774 
         167  1 0.7866 0.0306 0.0242 0.0185 0.0371 0.0251 0.0425 0.0244 0.0110 
         168  1 0.0241 0.2582 0.0266 0.0289 0.0145 0.2091 0.2765 0.1522 0.0101 
         169  1 0.0294 0.0663 0.0084 0.0367 0.5451 0.0496 0.0485 0.0634 0.1526 
         170  1 0.0184 0.2384 0.0237 0.0372 0.0109 0.0692 0.5202 0.0736 0.0085 
         171  1 0.0206 0.1661 0.0162 0.1378 0.0248 0.2538 0.0211 0.2317 0.1279 
         172  1 0.1149 0.2154 0.0121 0.0297 0.0376 0.1760 0.0695 0.2995 0.0454 
         173  1 0.4821 0.1144 0.0242 0.0300 0.0188 0.0979 0.0213 0.1577 0.0536 
         174  1 0.0229 0.1809 0.0960 0.1365 0.0118 0.2714 0.0580 0.1941 0.0284 
         175  1 0.0555 0.2115 0.1889 0.0147 0.0242 0.1722 0.0960 0.2213 0.0156 
         176  1 0.0392 0.3105 0.0335 0.0123 0.0104 0.2674 0.0869 0.2312 0.0085 
         177  1 0.2261 0.2358 0.0178 0.0205 0.0131 0.1796 0.0803 0.2183 0.0085 
         178  1 0.0200 0.1815 0.0245 0.0226 0.0911 0.1091 0.3870 0.1186 0.0456 
         179  1 0.0363 0.0251 0.8032 0.0130 0.0309 0.0197 0.0307 0.0233 0.0177 
         180  1 0.0283 0.0327 0.6905 0.0879 0.0146 0.0482 0.0189 0.0420 0.0368 
         181  1 0.8729 0.0194 0.0130 0.0104 0.0186 0.0193 0.0168 0.0205 0.0091 
         182  1 0.0390 0.1226 0.0729 0.0123 0.1883 0.0769 0.3683 0.1068 0.0131 
         183  1 0.0091 0.0809 0.0119 0.5624 0.0128 0.0885 0.1427 0.0770 0.0148 
         184  1 0.0280 0.2130 0.0335 0.0123 0.1217 0.2819 0.0557 0.2340 0.0199 
         185  1 0.0069 0.0146 0.8850 0.0114 0.0136 0.0144 0.0182 0.0144 0.0214 
         186  1 0.0354 0.0739 0.0192 0.0114 0.0088 0.4407 0.0200 0.3077 0.0828 
         187  1 0.0297 0.2241 0.1187 0.0156 0.0594 0.2086 0.0177 0.2800 0.0463 
         188  1 0.0180 0.2713 0.1695 0.0364 0.0174 0.2194 0.0473 0.2096 0.0111 
         189  1 0.0068 0.0270 0.0121 0.8701 0.0087 0.0306 0.0131 0.0208 0.0108 
         190  1 0.7263 0.0542 0.0116 0.0123 0.0418 0.0682 0.0178 0.0490 0.0188 
         191  1 0.2269 0.0589 0.0082 0.0440 0.0252 0.0861 0.0284 0.0776 0.4447 
         192  1 0.0248 0.3324 0.0619 0.0131 0.0175 0.2667 0.0385 0.2309 0.0142 
         193  1 0.0080 0.0108 0.0109 0.7887 0.0092 0.0139 0.0080 0.0135 0.1371 
         194  1 0.0082 0.0234 0.0098 0.0231 0.0082 0.0369 0.0143 0.0307 0.8454 
         195  1 0.0058 0.0278 0.0741 0.7455 0.0076 0.0290 0.0192 0.0287 0.0623 
         196  1 0.0254 0.0451 0.1711 0.0115 0.0227 0.0635 0.0167 0.0590 0.5849 
         197  1 0.0289 0.0928 0.2724 0.1809 0.0217 0.1652 0.0248 0.1573 0.0560 
         198  1 0.0082 0.1557 0.3761 0.0754 0.0189 0.1275 0.0284 0.1663 0.0434 
         199  1 0.0105 0.0160 0.0167 0.0109 0.8839 0.0183 0.0148 0.0168 0.0121 
         200  1 0.0162 0.0876 0.0314 0.0759 0.0596 0.1190 0.0510 0.1188 0.4404 
         201  1 0.0160 0.0120 0.0225 0.0185 0.0160 0.0123 0.0153 0.0136 0.8737 
         202  1 0.0109 0.2526 0.0267 0.0142 0.0537 0.2616 0.1000 0.2544 0.0259 
         203  1 0.0075 0.2348 0.0272 0.0078 0.0108 0.0270 0.6317 0.0335 0.0197 
         204  1 0.0100 0.2526 0.0130 0.0084 0.0278 0.0625 0.4805 0.0759 0.0693 
         205  1 0.6212 0.0313 0.0318 0.0072 0.0190 0.0280 0.0623 0.0300 0.1692 
         206  1 0.0094 0.1866 0.2710 0.0543 0.0282 0.1368 0.0218 0.2379 0.0540 
         207  1 0.8327 0.0392 0.0165 0.0075 0.0126 0.0283 0.0276 0.0270 0.0085 
         208  1 0.0467 0.1779 0.2114 0.0488 0.0244 0.1360 0.0389 0.1750 0.1409 
         209  1 0.0223 0.0572 0.0395 0.0116 0.0279 0.4309 0.0141 0.2729 0.1236 
         210  1 0.0156 0.0206 0.7278 0.1293 0.0143 0.0200 0.0287 0.0219 0.0218 
         211  1 0.6791 0.0318 0.0184 0.0934 0.0219 0.0570 0.0119 0.0478 0.0387 
         212  1 0.5530 0.0737 0.0562 0.0302 0.0233 0.1135 0.0216 0.0968 0.0319 
         213  1 0.0136 0.1379 0.0184 0.0358 0.0129 0.0242 0.7043 0.0365 0.0163 
         214  1 0.0163 0.0604 0.0427 0.4099 0.0746 0.0476 0.0625 0.0557 0.2302 
         215  1 0.0560 0.0171 0.0110 0.8284 0.0157 0.0181 0.0186 0.0164 0.0186 
         216  1 0.0083 0.2012 0.0668 0.0663 0.0208 0.0450 0.4870 0.0505 0.0540 
         217  1 0.0067 0.0252 0.0121 0.8719 0.0087 0.0312 0.0127 0.0209 0.0106 
         218  1 0.5988 0.0426 0.0902 0.0529 0.0136 0.0513 0.0307 0.0522 0.0676 
         219  1 0.0152 0.0125 0.0224 0.0177 0.0168 0.0124 0.0166 0.0139 0.8724 
         220  1 0.0139 0.2349 0.0116 0.0184 0.0226 0.2813 0.1806 0.2246 0.0120 
         221  1 0.0157 0.0606 0.0353 0.0188 0.0210 0.4276 0.0222 0.2801 0.1187 
         222  1 0.0242 0.3534 0.0182 0.0228 0.0238 0.1834 0.0710 0.2778 0.0254 
         223  1 0.0352 0.2478 0.0415 0.0117 0.0761 0.1449 0.0987 0.2120 0.1320 
         224  1 0.0328 0.0542 0.0098 0.6451 0.0155 0.0938 0.0506 0.0858 0.0125 
         225  1 0.8944 0.0166 0.0120 0.0104 0.0132 0.0187 0.0116 0.0167 0.0065 
         226  1 0.8395 0.0235 0.0243 0.0141 0.0224 0.0239 0.0133 0.0245 0.0146 
         227  1 0.5524 0.0569 0.0135 0.0548 0.0409 0.1381 0.0366 0.0977 0.0091 
         228  1 0.0257 0.1445 0.0657 0.0221 0.0250 0.1439 0.0268 0.1802 0.3660 
         229  1 0.0422 0.2414 0.0316 0.0403 0.0189 0.2152 0.0299 0.3503 0.0302 
         230  1 0.0110 0.3220 0.0689 0.0662 0.0644 0.2161 0.0192 0.2148 0.0173 
         231  1 0.1824 0.0766 0.3816 0.0671 0.0147 0.0629 0.1381 0.0633 0.0133 
         232  1 0.0125 0.1853 0.1879 0.0149 0.0472 0.1561 0.0510 0.1936 0.1515 
         233  1 0.0397 0.0499 0.0207 0.0347 0.0096 0.0357 0.7419 0.0450 0.0226 
         234  1 0.0106 0.3160 0.0288 0.0738 0.0133 0.2239 0.0375 0.2813 0.0147 
         235  1 0.0230 0.0245 0.0120 0.0456 0.8111 0.0231 0.0191 0.0268 0.0148 
         236  1 0.0132 0.2161 0.0231 0.0397 0.0349 0.1971 0.1980 0.1893 0.0885 
         237  1 0.1521 0.2100 0.0612 0.0255 0.1502 0.1631 0.0476 0.1819 0.0083 
         238  1 0.7307 0.0591 0.0338 0.0095 0.0171 0.0690 0.0250 0.0483 0.0075 
         239  1 0.0142 0.2332 0.0807 0.0221 0.0600 0.1326 0.1683 0.2056 0.0832 
         240  1 0.0158 0.3058 0.0617 0.0781 0.0139 0.1586 0.0552 0.2335 0.0773 
         241  1 0.8092 0.0164 0.0243 0.0122 0.0192 0.0148 0.0111 0.0189 0.0740 
         242  1 0.0184 0.1788 0.2161 0.1643 0.0216 0.1450 0.0279 0.1976 0.0304 
         243  1 0.0182 0.0959 0.0946 0.0259 0.1195 0.0698 0.4913 0.0764 0.0085 
         244  1 0.0250 0.0187 0.0196 0.0139 0.8635 0.0182 0.0113 0.0198 0.0099 
         245  1 0.0276 0.0882 0.0810 0.0706 0.0243 0.4032 0.0155 0.2671 0.0226 
         246  1 0.0108 0.0151 0.0261 0.8768 0.0167 0.0167 0.0087 0.0158 0.0132 
         247  1 0.0317 0.1403 0.0274 0.0535 0.0173 0.3236 0.1202 0.2583 0.0276 
         248  1 0.0786 0.2831 0.0559 0.0496 0.0149 0.1959 0.0496 0.2544 0.0179 
         249  1 0.0222 0.2080 0.0338 0.1177 0.0491 0.1465 0.1693 0.1616 0.0918 
         250  1 0.0385 0.2107 0.0318 0.0398 0.0249 0.2245 0.1614 0.2579 0.0104 
         251  1 0.0198 0.2032 0.0218 0.0236 0.1239 0.1776 0.2236 0.1912 0.0153 
         252  1 0.0672 0.0672 0.6176 0.0419 0.0228 0.0358 0.0945 0.0436 0.0094 
         253  1 0.0123 0.0618 0.0983 0.0472 0.0201 0.0712 0.0452 0.0687 0.5750 
         254  1 0.0236 0.2544 0.1219 0.0176 0.0679 0.2702 0.0306 0.1777 0.0361 
         255  1 0.0073 0.0127 0.0170 0.0141 0.0340 0.0142 0.0108 0.0138 0.8761 
         256  1 0.0076 0.0123 0.0178 0.0142 0.0339 0.0130 0.0110 0.0142 0.8761 
         257  1 0.0276 0.2140 0.0576 0.0303 0.0414 0.1470 0.0201 0.2217 0.2404 
         258  1 0.0196 0.0696 0.6919 0.0145 0.0069 0.0542 0.0197 0.0915 0.0321 
         259  1 0.0087 0.0180 0.8651 0.0276 0.0075 0.0172 0.0242 0.0176 0.0142 
         260  1 0.0446 0.2783 0.0408 0.1066 0.0110 0.2821 0.0171 0.2080 0.0116 
