           1  1 0.7046 0.1755 0.1199 
           2  1 0.4496 0.2126 0.3378 
           3  1 0.3856 0.2871 0.3273 
           4  1 0.4429 0.0910 0.4661 
           5  1 0.6191 0.2396 0.1413 
           6  1 0.7658 0.0489 0.1854 
           7  1 0.2767 0.3586 0.3647 
           8  1 0.2449 0.5454 0.2097 
           9  1 0.1379 0.8245 0.0376 
          10  1 0.8221 0.1058 0.0722 
          11  1 0.8382 0.0474 0.1144 
          12  1 0.0586 0.8315 0.1098 
          13  1 0.1409 0.0647 0.7944 
          14  1 0.0536 0.3040 0.6423 
          15  1 0.3997 0.0616 0.5387 
          16  1 0.0460 0.8152 0.1388 
          17  1 0.0507 0.1399 0.8094 
          18  1 0.1508 0.4141 0.4351 
          19  1 0.8021 0.1616 0.0363 
          20  1 0.8696 0.0429 0.0875 
          21  1 0.0356 0.8470 0.1175 
          22  1 0.7118 0.0847 0.2036 
          23  1 0.1383 0.4655 0.3962 
          24  1 0.0222 0.9527 0.0251 
          25  1 0.0769 0.2358 0.6873 
          26  1 0.3898 0.3630 0.2471 
          27  1 0.1309 0.8005 0.0686 
          28  1 0.1391 0.0944 0.7665 
          29  1 0.2202 0.0730 0.7068 
          30  1 0.0971 0.1575 0.7453 
          31  1 0.1959 0.3668 0.4373 
          32  1 0.2747 0.1504 0.5749 
          33  1 0.0716 0.4242 0.5042 
          34  1 0.8974 0.0609 0.0417 
          35  1 0.1896 0.3621 0.4484 
          36  1 0.8548 0.0948 0.0503 
          37  1 0.1428 0.4090 0.4482 
          38  1 0.0723 0.8271 0.1007 
          39  1 0.5474 0.1843 0.2683 
          40  1 0.0753 0.5431 0.3815 
          41  1 0.0497 0.8924 0.0579 
          42  1 0.1521 0.1453 0.7027 
          43  1 0.0349 0.8578 0.1073 
          44  1 0.1239 0.8270 0.0490 
          45  1 0.3474 0.1432 0.5093 
          46  1 0.0478 0.4230 0.5292 
          47  1 0.1058 0.4941 0.4000 
          48  1 0.1520 0.4346 0.4134 
          49  1 0.0891 0.1517 0.7592 
          50  1 0.1938 0.2822 0.5240 
          51  1 0.0644 0.0393 0.8963 
          52  1 0.1400 0.0827 0.7774 
          53  1 0.6198 0.0487 0.3315 
          54  1 0.0810 0.0631 0.8559 
          55  1 0.1907 0.3115 0.4977 
          56  1 0.0721 0.4405 0.4875 
          57  1 0.0652 0.0759 0.8588 
          58  1 0.1374 0.3175 0.5452 
          59  1 0.7322 0.0843 0.1835 
          60  1 0.5333 0.1443 0.3224 
          61  1 0.0790 0.8574 0.0636 
          62  1 0.1487 0.0954 0.7559 
          63  1 0.1537 0.3901 0.4562 
          64  1 0.9389 0.0240 0.0371 
          65  1 0.0598 0.2416 0.6986 
          66  1 0.0421 0.9235 0.0344 
          67  1 0.0671 0.1280 0.8049 
          68  1 0.0548 0.1997 0.7455 
          69  1 0.1284 0.3408 0.5307 
          70  1 0.1557 0.1707 0.6736 
          71  1 0.2113 0.1288 0.6599 
          72  1 0.0989 0.2749 0.6262 
          73  1 0.1143 0.3842 0.5015 
          74  1 0.4238 0.1195 0.4567 
          75  1 0.1507 0.5042 0.3451 
          76  1 0.1408 0.0981 0.7611 
          77  1 0.7851 0.0767 0.1382 
          78  1 0.2099 0.5081 0.2820 
          79  1 0.7689 0.1197 0.1114 
          80  1 0.1119 0.3481 0.5400 
          81  1 0.1553 0.3292 0.5155 
          82  1 0.1385 0.2106 0.6509 
          83  1 0.0380 0.5917 0.3703 
          84  1 0.5034 0.3922 0.1044 
          85  1 0.0500 0.0881 0.8619 
          86  1 0.0742 0.1192 0.8067 
          87  1 0.6593 0.2694 0.0713 
          88  1 0.1114 0.5018 0.3867 
          89  1 0.2265 0.1692 0.6044 
          90  1 0.0777 0.3629 0.5594 
          91  1 0.1115 0.3891 0.4995 
          92  1 0.0448 0.0874 0.8678 
          93  1 0.1584 0.2245 0.6171 
          94  1 0.0841 0.1452 0.7707 
          95  1 0.4033 0.2741 0.3227 
          96  1 0.3243 0.3958 0.2799 
          97  1 0.8666 0.0266 0.1068 
          98  1 0.7244 0.1545 0.1212 
          99  1 0.0605 0.0479 0.8916 
         100  1 0.1900 0.1196 0.6904 
         101  1 0.0789 0.7465 0.1746 
         102  1 0.0798 0.4798 0.4404 
         103  1 0.0667 0.7587 0.1747 
         104  1 0.6780 0.1562 0.1658 
         105  1 0.4661 0.2559 0.2780 
         106  1 0.1155 0.1543 0.7301 
         107  1 0.6713 0.0674 0.2612 
         108  1 0.0866 0.3865 0.5269 
         109  1 0.0964 0.3321 0.5715 
         110  1 0.5740 0.0813 0.3447 
         111  1 0.7730 0.1307 0.0963 
         112  1 0.6861 0.1077 0.2062 
         113  1 0.1465 0.4158 0.4376 
         114  1 0.2646 0.0313 0.7040 
         115  1 0.0948 0.7711 0.1341 
         116  1 0.1064 0.5116 0.3820 
         117  1 0.4113 0.4974 0.0913 
         118  1 0.4805 0.1774 0.3422 
         119  1 0.1329 0.2190 0.6481 
         120  1 0.4585 0.0587 0.4829 
         121  1 0.0346 0.8947 0.0707 
         122  1 0.2976 0.3639 0.3385 
         123  1 0.9413 0.0296 0.0291 
         124  1 0.0497 0.2203 0.7299 
         125  1 0.7275 0.1010 0.1715 
         126  1 0.8121 0.0706 0.1173 
         127  1 0.1022 0.0448 0.8530 
         128  1 0.4497 0.3860 0.1644 
         129  1 0.1105 0.1065 0.7829 
         130  1 0.3462 0.1650 0.4888 
         131  1 0.2919 0.1684 0.5397 
         132  1 0.6849 0.1008 0.2143 
         133  1 0.0322 0.6299 0.3378 
         134  1 0.0432 0.0704 0.8863 
         135  1 0.0473 0.0880 0.8646 
         136  1 0.0816 0.0452 0.8732 
         137  1 0.5758 0.0444 0.3798 
         138  1 0.5417 0.0907 0.3676 
         139  1 0.6429 0.0780 0.2791 
         140  1 0.8452 0.0437 0.1111 
         141  1 0.6768 0.0703 0.2528 
         142  1 0.7471 0.0711 0.1818 
         143  1 0.6418 0.0748 0.2833 
         144  1 0.0639 0.2735 0.6626 
         145  1 0.6649 0.1412 0.1939 
         146  1 0.0850 0.0432 0.8718 
         147  1 0.0699 0.5670 0.3631 
         148  1 0.1904 0.5441 0.2654 
         149  1 0.1314 0.7793 0.0893 
         150  1 0.1975 0.0873 0.7152 
         151  1 0.0330 0.9332 0.0338 
         152  1 0.1750 0.2593 0.5657 
         153  1 0.1182 0.5626 0.3192 
         154  1 0.0536 0.8924 0.0540 
         155  1 0.1844 0.6440 0.1716 
         156  1 0.3352 0.1125 0.5523 
         157  1 0.8544 0.0608 0.0848 
         158  1 0.2444 0.1167 0.6389 
         159  1 0.9232 0.0351 0.0416 
         160  1 0.1307 0.2815 0.5878 
         161  1 0.7669 0.0987 0.1344 
         162  1 0.1092 0.6276 0.2632 
         163  1 0.8262 0.0517 0.1221 
         164  1 0.8190 0.0798 0.1012 
         165  1 0.9292 0.0300 0.0408 
         166  1 0.4089 0.4480 0.1431 
         167  1 0.0347 0.8941 0.0712 
         168  1 0.0622 0.1134 0.8244 
         169  1 0.1131 0.3232 0.5637 
         170  1 0.0575 0.0661 0.8764 
         171  1 0.6604 0.1722 0.1674 
         172  1 0.0797 0.7308 0.1895 
         173  1 0.1128 0.8062 0.0809 
         174  1 0.5756 0.0985 0.3259 
         175  1 0.1419 0.3435 0.5146 
         176  1 0.0443 0.4435 0.5122 
         177  1 0.0489 0.6797 0.2714 
         178  1 0.0926 0.1942 0.7132 
         179  1 0.4459 0.1576 0.3964 
         180  1 0.7572 0.0898 0.1530 
         181  1 0.0269 0.9345 0.0385 
         182  1 0.0426 0.3763 0.5811 
         183  1 0.4497 0.0494 0.5008 
         184  1 0.0928 0.7003 0.2069 
         185  1 0.7640 0.0379 0.1981 
         186  1 0.5011 0.4063 0.0926 
         187  1 0.4636 0.2545 0.2819 
         188  1 0.1077 0.2802 0.6120 
         189  1 0.5391 0.0328 0.4281 
         190  1 0.0471 0.8798 0.0731 
         191  1 0.4848 0.4281 0.0871 
         192  1 0.0835 0.2598 0.6567 
         193  1 0.9410 0.0296 0.0295 
         194  1 0.9044 0.0311 0.0645 
         195  1 0.7988 0.0245 0.1767 
         196  1 0.8251 0.1127 0.0622 
         197  1 0.8366 0.1001 0.0633 
         198  1 0.7823 0.0439 0.1738 
         199  1 0.1121 0.3962 0.4917 
         200  1 0.8044 0.0781 0.1175 
         201  1 0.9230 0.0411 0.0359 
         202  1 0.1014 0.1338 0.7648 
         203  1 0.0794 0.0455 0.8751 
         204  1 0.0881 0.0517 0.8602 
         205  1 0.1107 0.8093 0.0800 
         206  1 0.6347 0.0828 0.2825 
         207  1 0.0283 0.9194 0.0523 
         208  1 0.7201 0.1442 0.1357 
         209  1 0.7451 0.1759 0.0790 
         210  1 0.8484 0.0650 0.0866 
         211  1 0.1387 0.8182 0.0431 
         212  1 0.0957 0.8426 0.0617 
         213  1 0.0533 0.0562 0.8905 
         214  1 0.8012 0.0787 0.1201 
         215  1 0.6028 0.1411 0.2561 
         216  1 0.3222 0.0455 0.6323 
         217  1 0.5394 0.0336 0.4269 
         218  1 0.1694 0.7700 0.0607 
         219  1 0.9238 0.0415 0.0347 
         220  1 0.1185 0.0732 0.8084 
         221  1 0.8058 0.1067 0.0875 
         222  1 0.2460 0.2174 0.5366 
         223  1 0.2292 0.1647 0.6061 
         224  1 0.3690 0.2512 0.3798 
         225  1 0.0267 0.9393 0.0340 
         226  1 0.0295 0.9338 0.0367 
         227  1 0.0491 0.8639 0.0870 
         228  1 0.7939 0.1124 0.0936 
         229  1 0.1934 0.6199 0.1867 
         230  1 0.1566 0.0490 0.7944 
         231  1 0.2433 0.5153 0.2414 
         232  1 0.4030 0.1585 0.4385 
         233  1 0.1037 0.2163 0.6800 
         234  1 0.3157 0.2040 0.4803 
         235  1 0.0755 0.3574 0.5671 
         236  1 0.1988 0.0657 0.7354 
         237  1 0.0691 0.6236 0.3073 
         238  1 0.0356 0.8961 0.0683 
         239  1 0.4153 0.1005 0.4842 
         240  1 0.4032 0.0810 0.5157 
         241  1 0.0462 0.9205 0.0333 
         242  1 0.7210 0.1502 0.1288 
         243  1 0.0595 0.1881 0.7524 
         244  1 0.1038 0.5467 0.3495 
         245  1 0.6761 0.2152 0.1087 
         246  1 0.7712 0.0450 0.1838 
         247  1 0.2802 0.2675 0.4523 
         248  1 0.1174 0.5727 0.3099 
         249  1 0.3695 0.1403 0.4901 
         250  1 0.0978 0.4622 0.4400 
         251  1 0.0676 0.1837 0.7487 
         252  1 0.3575 0.1550 0.4875 
         253  1 0.8857 0.0433 0.0710 
         254  1 0.2629 0.2153 0.5219 
         255  1 0.9043 0.0429 0.0529 
         256  1 0.9029 0.0436 0.0536 
         257  1 0.7863 0.1201 0.0936 
         258  1 0.6965 0.1100 0.1935 
         259  1 0.8020 0.0343 0.1637 
         260  1 0.2511 0.3117 0.4372 
