           1  1 0.1359 0.5934 0.1611 0.0634 0.0463 
           2  1 0.4097 0.3083 0.0575 0.1034 0.1211 
           3  1 0.0285 0.0923 0.7790 0.0287 0.0715 
           4  1 0.2534 0.2638 0.1526 0.0557 0.2745 
           5  1 0.1166 0.4132 0.0376 0.1506 0.2819 
           6  1 0.0529 0.4178 0.0988 0.0267 0.4039 
           7  1 0.2585 0.2223 0.1165 0.2461 0.1566 
           8  1 0.1155 0.1777 0.4542 0.2040 0.0485 
           9  1 0.0310 0.2100 0.0378 0.6789 0.0423 
          10  1 0.0522 0.7521 0.0407 0.0806 0.0744 
          11  1 0.0685 0.5317 0.1238 0.0222 0.2538 
          12  1 0.1023 0.0662 0.0734 0.6742 0.0840 
          13  1 0.5129 0.0610 0.2042 0.0339 0.1880 
          14  1 0.0782 0.0453 0.7875 0.0438 0.0452 
          15  1 0.1927 0.0486 0.0735 0.0279 0.6573 
          16  1 0.0895 0.0307 0.0703 0.5878 0.2217 
          17  1 0.1194 0.0285 0.5915 0.0391 0.2215 
          18  1 0.0508 0.0601 0.7529 0.0436 0.0925 
          19  1 0.0264 0.7522 0.0293 0.1440 0.0481 
          20  1 0.0620 0.6929 0.0416 0.0346 0.1689 
          21  1 0.1559 0.0275 0.0387 0.7413 0.0366 
          22  1 0.1261 0.6082 0.0642 0.0434 0.1582 
          23  1 0.0881 0.0654 0.6536 0.1176 0.0753 
          24  1 0.0206 0.0178 0.0194 0.9195 0.0227 
          25  1 0.2551 0.0342 0.4766 0.0514 0.1827 
          26  1 0.1658 0.2898 0.1787 0.1740 0.1918 
          27  1 0.0519 0.1422 0.0808 0.6180 0.1070 
          28  1 0.6587 0.0617 0.1457 0.0402 0.0936 
          29  1 0.3699 0.1135 0.2420 0.0356 0.2389 
          30  1 0.6125 0.0577 0.2190 0.0563 0.0545 
          31  1 0.2745 0.1180 0.3142 0.1193 0.1742 
          32  1 0.1768 0.1199 0.0822 0.0711 0.5500 
          33  1 0.0642 0.0288 0.8226 0.0370 0.0475 
          34  1 0.0302 0.8237 0.0824 0.0372 0.0264 
          35  1 0.0261 0.0288 0.9030 0.0182 0.0238 
          36  1 0.0364 0.8210 0.0596 0.0586 0.0244 
          37  1 0.2501 0.0940 0.3066 0.2140 0.1352 
          38  1 0.1123 0.0482 0.0815 0.6930 0.0651 
          39  1 0.2402 0.2758 0.0720 0.0976 0.3144 
          40  1 0.1091 0.0421 0.3683 0.2431 0.2374 
          41  1 0.0757 0.0357 0.0389 0.8042 0.0456 
          42  1 0.1198 0.0701 0.6330 0.0316 0.1455 
          43  1 0.0301 0.0262 0.4036 0.5128 0.0272 
          44  1 0.0563 0.1281 0.0200 0.7543 0.0413 
          45  1 0.1228 0.1263 0.0622 0.0767 0.6120 
          46  1 0.0368 0.0314 0.8449 0.0443 0.0426 
          47  1 0.1105 0.0687 0.1182 0.2396 0.4630 
          48  1 0.1409 0.0770 0.0274 0.2430 0.5118 
          49  1 0.0909 0.0318 0.1248 0.0518 0.7007 
          50  1 0.1694 0.0426 0.0266 0.0831 0.6783 
          51  1 0.6697 0.0216 0.0359 0.0222 0.2505 
          52  1 0.4567 0.0561 0.1501 0.0605 0.2767 
          53  1 0.4557 0.3536 0.0925 0.0246 0.0735 
          54  1 0.1340 0.0228 0.0310 0.0246 0.7875 
          55  1 0.3775 0.1491 0.1942 0.1738 0.1054 
          56  1 0.4140 0.0326 0.0911 0.2315 0.2307 
          57  1 0.5138 0.0436 0.1834 0.0490 0.2103 
          58  1 0.5513 0.0772 0.1232 0.1564 0.0919 
          59  1 0.2778 0.4482 0.0615 0.0559 0.1566 
          60  1 0.2989 0.2945 0.0298 0.0732 0.3035 
          61  1 0.0534 0.0736 0.0489 0.7148 0.1092 
          62  1 0.4553 0.0509 0.1245 0.0530 0.3163 
          63  1 0.0278 0.0352 0.8647 0.0300 0.0423 
          64  1 0.0825 0.7625 0.0198 0.0208 0.1144 
          65  1 0.7307 0.0247 0.0412 0.1602 0.0431 
          66  1 0.0313 0.0437 0.0445 0.8499 0.0306 
          67  1 0.3733 0.0424 0.2694 0.0476 0.2672 
          68  1 0.2522 0.0245 0.0517 0.0974 0.5742 
          69  1 0.2290 0.0729 0.0593 0.1791 0.4597 
          70  1 0.0686 0.0412 0.0723 0.0415 0.7764 
          71  1 0.3017 0.0587 0.1536 0.0856 0.4005 
          72  1 0.0390 0.0295 0.8551 0.0279 0.0485 
          73  1 0.2209 0.0684 0.2020 0.1884 0.3202 
          74  1 0.0984 0.2252 0.5517 0.0275 0.0972 
          75  1 0.2117 0.1444 0.3630 0.2145 0.0664 
          76  1 0.5865 0.0448 0.0399 0.0380 0.2908 
          77  1 0.1591 0.4972 0.1509 0.0577 0.1351 
          78  1 0.0879 0.1420 0.3101 0.2472 0.2127 
          79  1 0.0377 0.2343 0.0940 0.0546 0.5795 
          80  1 0.0483 0.0377 0.8461 0.0297 0.0383 
          81  1 0.6671 0.0806 0.0286 0.1846 0.0391 
          82  1 0.0938 0.0690 0.6894 0.0339 0.1139 
          83  1 0.0511 0.0212 0.7012 0.1920 0.0345 
          84  1 0.0892 0.4810 0.1869 0.1878 0.0551 
          85  1 0.6420 0.0306 0.1608 0.0543 0.1123 
          86  1 0.7738 0.0360 0.0519 0.0593 0.0790 
          87  1 0.0825 0.5053 0.0599 0.2554 0.0969 
          88  1 0.1064 0.0495 0.2897 0.2888 0.2656 
          89  1 0.2510 0.0779 0.0668 0.0725 0.5317 
          90  1 0.0362 0.0284 0.8801 0.0280 0.0273 
          91  1 0.1637 0.0674 0.3624 0.1382 0.2682 
          92  1 0.7010 0.0299 0.1701 0.0389 0.0601 
          93  1 0.5022 0.0799 0.0558 0.1182 0.2438 
          94  1 0.6105 0.0447 0.1348 0.0598 0.1502 
          95  1 0.0459 0.0982 0.4822 0.0645 0.3092 
          96  1 0.1768 0.1689 0.2330 0.1658 0.2555 
          97  1 0.1374 0.7309 0.0430 0.0185 0.0701 
          98  1 0.0667 0.2482 0.1760 0.0635 0.4456 
          99  1 0.8535 0.0255 0.0358 0.0262 0.0590 
         100  1 0.5086 0.0993 0.0920 0.0629 0.2371 
         101  1 0.0582 0.0627 0.5602 0.2671 0.0518 
         102  1 0.0500 0.0286 0.7440 0.1078 0.0695 
         103  1 0.0803 0.0558 0.2573 0.4640 0.1426 
         104  1 0.0576 0.3928 0.1807 0.0621 0.3068 
         105  1 0.2434 0.1733 0.2086 0.1230 0.2517 
         106  1 0.6126 0.0721 0.0556 0.1188 0.1409 
         107  1 0.0412 0.0566 0.0389 0.0259 0.8373 
         108  1 0.1328 0.0651 0.4324 0.1444 0.2254 
         109  1 0.3199 0.0657 0.2413 0.1254 0.2477 
         110  1 0.0911 0.1492 0.3264 0.0334 0.4000 
         111  1 0.0686 0.6581 0.0608 0.0886 0.1239 
         112  1 0.1182 0.4672 0.1394 0.0652 0.2100 
         113  1 0.0606 0.0462 0.7614 0.0687 0.0630 
         114  1 0.0299 0.0364 0.0262 0.0142 0.8933 
         115  1 0.0803 0.1367 0.1235 0.5485 0.1109 
         116  1 0.2979 0.0972 0.2130 0.2940 0.0979 
         117  1 0.0843 0.3753 0.0347 0.3895 0.1161 
         118  1 0.1149 0.1215 0.1147 0.0679 0.5809 
         119  1 0.0578 0.0556 0.6785 0.0471 0.1610 
         120  1 0.7395 0.1057 0.0788 0.0255 0.0505 
         121  1 0.0578 0.0231 0.0339 0.8190 0.0662 
         122  1 0.4047 0.1858 0.1867 0.1362 0.0866 
         123  1 0.0291 0.9033 0.0246 0.0186 0.0244 
         124  1 0.1320 0.0270 0.7777 0.0258 0.0375 
         125  1 0.1776 0.5662 0.0908 0.0561 0.1093 
         126  1 0.1450 0.4873 0.0640 0.0545 0.2492 
         127  1 0.6359 0.0436 0.0847 0.0242 0.2116 
         128  1 0.0397 0.2155 0.3806 0.1660 0.1982 
         129  1 0.7210 0.0406 0.1217 0.0486 0.0680 
         130  1 0.3656 0.1903 0.1191 0.0889 0.2361 
         131  1 0.2816 0.1341 0.2676 0.0815 0.2352 
         132  1 0.3968 0.3660 0.1066 0.0639 0.0668 
         133  1 0.1879 0.0249 0.1625 0.4507 0.1740 
         134  1 0.7017 0.0314 0.1782 0.0331 0.0556 
         135  1 0.5678 0.0370 0.2515 0.0357 0.1080 
         136  1 0.5724 0.0499 0.0786 0.0270 0.2720 
         137  1 0.6320 0.1720 0.0462 0.0327 0.1171 
         138  1 0.7259 0.1578 0.0262 0.0539 0.0363 
         139  1 0.5667 0.2644 0.0382 0.0540 0.0767 
         140  1 0.0861 0.6808 0.1056 0.0238 0.1038 
         141  1 0.0678 0.0972 0.0207 0.0349 0.7794 
         142  1 0.0417 0.1579 0.0562 0.0341 0.7101 
         143  1 0.4892 0.1925 0.0325 0.0600 0.2258 
         144  1 0.2787 0.0447 0.4605 0.0820 0.1340 
         145  1 0.3349 0.3479 0.0476 0.0974 0.1723 
         146  1 0.6547 0.0440 0.0481 0.0287 0.2245 
         147  1 0.1926 0.0562 0.1763 0.2379 0.3370 
         148  1 0.1447 0.0704 0.2773 0.1653 0.3423 
         149  1 0.0611 0.1680 0.2277 0.4748 0.0684 
         150  1 0.2024 0.0537 0.0775 0.0423 0.6241 
         151  1 0.0290 0.0297 0.0340 0.8839 0.0234 
         152  1 0.0576 0.0875 0.6325 0.0574 0.1650 
         153  1 0.1766 0.0493 0.0409 0.3386 0.3946 
         154  1 0.0401 0.0623 0.2106 0.6378 0.0492 
         155  1 0.1841 0.0626 0.0408 0.5053 0.2073 
         156  1 0.2502 0.1337 0.0674 0.0449 0.5037 
         157  1 0.1885 0.6543 0.0743 0.0392 0.0437 
         158  1 0.1725 0.0292 0.0338 0.0509 0.7136 
         159  1 0.0274 0.8418 0.0672 0.0211 0.0425 
         160  1 0.3045 0.0578 0.1841 0.1346 0.3190 
         161  1 0.0965 0.3125 0.0758 0.0679 0.4473 
         162  1 0.1055 0.0715 0.2346 0.3298 0.2586 
         163  1 0.2486 0.5808 0.0462 0.0379 0.0866 
         164  1 0.1387 0.3913 0.1688 0.0521 0.2491 
         165  1 0.0314 0.8660 0.0378 0.0212 0.0436 
         166  1 0.0707 0.2249 0.1784 0.1790 0.3470 
         167  1 0.0484 0.0267 0.0750 0.7999 0.0500 
         168  1 0.5502 0.0329 0.0496 0.0712 0.2962 
         169  1 0.1290 0.1306 0.6401 0.0654 0.0349 
         170  1 0.8133 0.0274 0.0267 0.0481 0.0844 
         171  1 0.1673 0.4622 0.0717 0.0992 0.1996 
         172  1 0.1447 0.1179 0.1736 0.4340 0.1299 
         173  1 0.0824 0.1055 0.0575 0.6328 0.1218 
         174  1 0.2635 0.2771 0.0537 0.0722 0.3334 
         175  1 0.2125 0.0556 0.0888 0.1796 0.4634 
         176  1 0.2215 0.0250 0.0401 0.2015 0.5118 
         177  1 0.2449 0.0299 0.0907 0.4366 0.1979 
         178  1 0.3361 0.0818 0.3713 0.0782 0.1326 
         179  1 0.0714 0.0619 0.1110 0.0702 0.6855 
         180  1 0.0944 0.2257 0.0499 0.0627 0.5673 
         181  1 0.0338 0.0206 0.0461 0.8678 0.0317 
         182  1 0.1806 0.0258 0.4819 0.1203 0.1915 
         183  1 0.7482 0.1481 0.0289 0.0255 0.0493 
         184  1 0.0822 0.0679 0.4920 0.1966 0.1612 
         185  1 0.0581 0.1535 0.0719 0.0212 0.6952 
         186  1 0.0754 0.4983 0.0439 0.2796 0.1027 
         187  1 0.0564 0.1750 0.2250 0.1006 0.4430 
         188  1 0.1035 0.0377 0.0482 0.0942 0.7164 
         189  1 0.5334 0.1252 0.0252 0.0207 0.2956 
         190  1 0.0389 0.0405 0.0903 0.7622 0.0681 
         191  1 0.0636 0.5218 0.0728 0.3078 0.0341 
         192  1 0.0969 0.0432 0.0912 0.1054 0.6633 
         193  1 0.0287 0.9041 0.0245 0.0182 0.0246 
         194  1 0.0421 0.8761 0.0306 0.0196 0.0317 
         195  1 0.4114 0.4191 0.0210 0.0174 0.1313 
         196  1 0.0337 0.6866 0.0691 0.0832 0.1274 
         197  1 0.0839 0.5326 0.0552 0.0950 0.2333 
         198  1 0.0847 0.1802 0.0600 0.0236 0.6515 
         199  1 0.0283 0.0329 0.8824 0.0257 0.0307 
         200  1 0.1070 0.6235 0.1237 0.0468 0.0991 
         201  1 0.0301 0.8539 0.0468 0.0344 0.0348 
         202  1 0.3307 0.0647 0.2392 0.0622 0.3033 
         203  1 0.5689 0.0499 0.0809 0.0278 0.2724 
         204  1 0.5354 0.0983 0.1353 0.0345 0.1965 
         205  1 0.0674 0.1321 0.0710 0.6547 0.0748 
         206  1 0.0811 0.2346 0.1257 0.0342 0.5243 
         207  1 0.0421 0.0214 0.0333 0.8457 0.0575 
         208  1 0.1039 0.3005 0.0747 0.1124 0.4086 
         209  1 0.0409 0.5708 0.1452 0.1076 0.1355 
         210  1 0.1352 0.3468 0.0440 0.0593 0.4147 
         211  1 0.0389 0.1577 0.0488 0.7095 0.0450 
         212  1 0.0506 0.1057 0.0534 0.6973 0.0930 
         213  1 0.8174 0.0306 0.0434 0.0416 0.0670 
         214  1 0.1283 0.5955 0.1326 0.0438 0.0999 
         215  1 0.4837 0.3039 0.0365 0.1156 0.0603 
         216  1 0.5753 0.1835 0.0665 0.0261 0.1486 
         217  1 0.5375 0.1264 0.0258 0.0207 0.2895 
         218  1 0.0575 0.1549 0.0393 0.6467 0.1016 
         219  1 0.0307 0.8544 0.0467 0.0344 0.0338 
         220  1 0.6590 0.0871 0.1122 0.0413 0.1004 
         221  1 0.0799 0.6007 0.1137 0.0724 0.1334 
         222  1 0.3752 0.1172 0.1492 0.1156 0.2429 
         223  1 0.1687 0.1754 0.2766 0.0852 0.2942 
         224  1 0.5885 0.1697 0.0507 0.1242 0.0669 
         225  1 0.0259 0.0197 0.0321 0.8933 0.0291 
         226  1 0.0242 0.0321 0.0408 0.8620 0.0408 
         227  1 0.0981 0.0375 0.0822 0.7318 0.0505 
         228  1 0.0671 0.5312 0.1236 0.0726 0.2054 
         229  1 0.0982 0.1453 0.1426 0.3155 0.2984 
         230  1 0.1839 0.0623 0.2139 0.0300 0.5098 
         231  1 0.2350 0.0730 0.0497 0.2877 0.3546 
         232  1 0.0893 0.1702 0.1606 0.0437 0.5363 
         233  1 0.6443 0.0469 0.0501 0.1536 0.1051 
         234  1 0.2729 0.0989 0.0508 0.0574 0.5199 
         235  1 0.0507 0.0484 0.8208 0.0453 0.0348 
         236  1 0.5864 0.1714 0.1104 0.0358 0.0961 
         237  1 0.0909 0.0266 0.2972 0.3015 0.2837 
         238  1 0.0431 0.0221 0.0408 0.7893 0.1048 
         239  1 0.2218 0.1649 0.2768 0.0388 0.2977 
         240  1 0.3742 0.1734 0.0543 0.0508 0.3474 
         241  1 0.0238 0.0744 0.0376 0.8284 0.0359 
         242  1 0.1290 0.3015 0.0592 0.0708 0.4395 
         243  1 0.4353 0.0296 0.3020 0.0557 0.1774 
         244  1 0.0213 0.0357 0.8446 0.0612 0.0373 
         245  1 0.0911 0.3173 0.0890 0.1545 0.3481 
         246  1 0.3869 0.2654 0.0455 0.0384 0.2637 
         247  1 0.3665 0.1891 0.1086 0.1562 0.1796 
         248  1 0.1894 0.0527 0.0535 0.3011 0.4034 
         249  1 0.4066 0.1968 0.1340 0.0654 0.1973 
         250  1 0.4557 0.0604 0.1059 0.2056 0.1724 
         251  1 0.3754 0.0421 0.3900 0.0677 0.1247 
         252  1 0.2998 0.0639 0.0468 0.1140 0.4756 
         253  1 0.0975 0.7237 0.0542 0.0312 0.0933 
         254  1 0.0702 0.0863 0.1846 0.0637 0.5951 
         255  1 0.0297 0.8125 0.0971 0.0212 0.0395 
         256  1 0.0287 0.8112 0.0991 0.0212 0.0399 
         257  1 0.0554 0.3935 0.0904 0.0746 0.3861 
         258  1 0.0433 0.1201 0.0288 0.0536 0.7542 
         259  1 0.0625 0.1091 0.0267 0.0205 0.7812 
         260  1 0.1931 0.0710 0.0370 0.1285 0.5704 
