           1  1 0.5928 0.1628 0.0645 0.1365 0.0435 
           2  1 0.3146 0.0552 0.1030 0.4264 0.1008 
           3  1 0.0957 0.7744 0.0289 0.0286 0.0725 
           4  1 0.2617 0.1357 0.0554 0.2405 0.3067 
           5  1 0.4061 0.0356 0.1549 0.1192 0.2842 
           6  1 0.4259 0.1006 0.0271 0.0568 0.3896 
           7  1 0.2169 0.1123 0.2589 0.2502 0.1618 
           8  1 0.1690 0.4660 0.1969 0.1175 0.0506 
           9  1 0.2082 0.0369 0.6795 0.0322 0.0432 
          10  1 0.7545 0.0402 0.0819 0.0555 0.0679 
          11  1 0.5277 0.1250 0.0217 0.0682 0.2574 
          12  1 0.0678 0.0701 0.6779 0.1032 0.0810 
          13  1 0.0584 0.1996 0.0342 0.5186 0.1892 
          14  1 0.0445 0.7826 0.0437 0.0812 0.0481 
          15  1 0.0440 0.0709 0.0285 0.1647 0.6918 
          16  1 0.0307 0.0719 0.5969 0.0859 0.2146 
          17  1 0.0275 0.5852 0.0397 0.1160 0.2316 
          18  1 0.0625 0.7549 0.0432 0.0493 0.0900 
          19  1 0.7513 0.0289 0.1469 0.0263 0.0466 
          20  1 0.7108 0.0424 0.0343 0.0592 0.1533 
          21  1 0.0281 0.0379 0.7394 0.1565 0.0381 
          22  1 0.6148 0.0595 0.0441 0.1220 0.1596 
          23  1 0.0652 0.6421 0.1171 0.1000 0.0756 
          24  1 0.0180 0.0202 0.9177 0.0206 0.0235 
          25  1 0.0352 0.4709 0.0505 0.2594 0.1840 
          26  1 0.2936 0.1763 0.1768 0.1698 0.1836 
          27  1 0.1481 0.0823 0.6135 0.0517 0.1043 
          28  1 0.0621 0.1507 0.0397 0.6583 0.0892 
          29  1 0.1037 0.2270 0.0365 0.3601 0.2727 
          30  1 0.0565 0.2167 0.0557 0.6187 0.0525 
          31  1 0.1216 0.3148 0.1180 0.2833 0.1624 
          32  1 0.1237 0.0829 0.0690 0.1649 0.5595 
          33  1 0.0294 0.8209 0.0374 0.0631 0.0492 
          34  1 0.8239 0.0825 0.0369 0.0315 0.0253 
          35  1 0.0277 0.9036 0.0182 0.0261 0.0243 
          36  1 0.8166 0.0630 0.0593 0.0366 0.0244 
          37  1 0.0929 0.2907 0.2144 0.2630 0.1390 
          38  1 0.0462 0.0786 0.6954 0.1146 0.0652 
          39  1 0.2616 0.0674 0.1042 0.2437 0.3231 
          40  1 0.0411 0.3814 0.2397 0.1089 0.2290 
          41  1 0.0361 0.0405 0.7970 0.0781 0.0483 
          42  1 0.0738 0.6234 0.0317 0.1171 0.1540 
          43  1 0.0265 0.3992 0.5171 0.0304 0.0268 
          44  1 0.1284 0.0199 0.7520 0.0580 0.0417 
          45  1 0.1270 0.0621 0.0808 0.1195 0.6106 
          46  1 0.0330 0.8409 0.0439 0.0364 0.0458 
          47  1 0.0672 0.1252 0.2449 0.0953 0.4674 
          48  1 0.0779 0.0281 0.2550 0.1319 0.5071 
          49  1 0.0316 0.1250 0.0530 0.0841 0.7062 
          50  1 0.0428 0.0262 0.0843 0.1497 0.6969 
          51  1 0.0213 0.0360 0.0234 0.6611 0.2582 
          52  1 0.0544 0.1521 0.0607 0.4575 0.2754 
          53  1 0.3369 0.0909 0.0240 0.4797 0.0685 
          54  1 0.0230 0.0301 0.0248 0.1101 0.8121 
          55  1 0.1508 0.1882 0.1727 0.3899 0.0984 
          56  1 0.0321 0.0863 0.2270 0.4244 0.2302 
          57  1 0.0419 0.1720 0.0514 0.5073 0.2275 
          58  1 0.0763 0.1220 0.1505 0.5611 0.0901 
          59  1 0.4384 0.0596 0.0585 0.2939 0.1497 
          60  1 0.2908 0.0288 0.0725 0.3054 0.3024 
          61  1 0.0780 0.0480 0.7184 0.0506 0.1050 
          62  1 0.0492 0.1268 0.0538 0.4570 0.3133 
          63  1 0.0376 0.8615 0.0318 0.0272 0.0419 
          64  1 0.7625 0.0203 0.0214 0.0827 0.1131 
          65  1 0.0238 0.0385 0.1638 0.7289 0.0450 
          66  1 0.0444 0.0440 0.8501 0.0310 0.0305 
          67  1 0.0407 0.2673 0.0473 0.3752 0.2694 
          68  1 0.0247 0.0535 0.1005 0.2335 0.5878 
          69  1 0.0699 0.0570 0.1940 0.2148 0.4644 
          70  1 0.0423 0.0738 0.0425 0.0599 0.7816 
          71  1 0.0531 0.1472 0.0834 0.2850 0.4313 
          72  1 0.0301 0.8548 0.0281 0.0362 0.0507 
          73  1 0.0658 0.1930 0.1871 0.2085 0.3457 
          74  1 0.2349 0.5357 0.0280 0.1018 0.0996 
          75  1 0.1453 0.3598 0.2179 0.2097 0.0673 
          76  1 0.0425 0.0415 0.0398 0.5919 0.2842 
          77  1 0.4810 0.1516 0.0592 0.1613 0.1470 
          78  1 0.1516 0.3058 0.2474 0.0825 0.2127 
          79  1 0.2421 0.0957 0.0554 0.0369 0.5699 
          80  1 0.0379 0.8429 0.0302 0.0487 0.0404 
          81  1 0.0806 0.0275 0.1811 0.6717 0.0392 
          82  1 0.0731 0.6820 0.0357 0.0894 0.1197 
          83  1 0.0207 0.6969 0.1954 0.0524 0.0347 
          84  1 0.4784 0.1889 0.1858 0.0916 0.0553 
          85  1 0.0312 0.1597 0.0575 0.6469 0.1047 
          86  1 0.0364 0.0503 0.0610 0.7797 0.0727 
          87  1 0.5037 0.0632 0.2545 0.0900 0.0886 
          88  1 0.0469 0.2872 0.2914 0.1041 0.2705 
          89  1 0.0780 0.0681 0.0698 0.2554 0.5287 
          90  1 0.0286 0.8793 0.0278 0.0366 0.0277 
          91  1 0.0694 0.3539 0.1361 0.1504 0.2902 
          92  1 0.0314 0.1662 0.0396 0.7029 0.0598 
          93  1 0.0792 0.0554 0.1142 0.5203 0.2309 
          94  1 0.0484 0.1363 0.0606 0.6124 0.1423 
          95  1 0.1011 0.4748 0.0645 0.0448 0.3148 
          96  1 0.1661 0.2272 0.1759 0.1708 0.2601 
          97  1 0.7254 0.0424 0.0186 0.1457 0.0679 
          98  1 0.2510 0.1703 0.0676 0.0611 0.4500 
          99  1 0.0251 0.0356 0.0261 0.8589 0.0542 
         100  1 0.1002 0.0898 0.0618 0.5123 0.2357 
         101  1 0.0659 0.5547 0.2662 0.0604 0.0528 
         102  1 0.0285 0.7450 0.1055 0.0513 0.0696 
         103  1 0.0576 0.2680 0.4578 0.0761 0.1405 
         104  1 0.4177 0.1779 0.0648 0.0580 0.2816 
         105  1 0.1582 0.2058 0.1262 0.2492 0.2606 
         106  1 0.0707 0.0510 0.1193 0.6319 0.1271 
         107  1 0.0668 0.0400 0.0258 0.0402 0.8272 
         108  1 0.0668 0.4184 0.1523 0.1270 0.2355 
         109  1 0.0682 0.2368 0.1307 0.3115 0.2528 
         110  1 0.1460 0.3225 0.0342 0.0886 0.4087 
         111  1 0.6641 0.0575 0.0903 0.0672 0.1208 
         112  1 0.4744 0.1340 0.0646 0.1152 0.2118 
         113  1 0.0406 0.7602 0.0702 0.0636 0.0654 
         114  1 0.0398 0.0257 0.0149 0.0296 0.8900 
         115  1 0.1405 0.1162 0.5636 0.0766 0.1031 
         116  1 0.0965 0.2035 0.2985 0.3028 0.0987 
         117  1 0.3679 0.0340 0.3887 0.0787 0.1308 
         118  1 0.1189 0.1115 0.0722 0.1036 0.5938 
         119  1 0.0578 0.6756 0.0449 0.0557 0.1660 
         120  1 0.0698 0.0752 0.0241 0.7831 0.0478 
         121  1 0.0228 0.0338 0.8224 0.0548 0.0661 
         122  1 0.1778 0.1800 0.1333 0.4233 0.0857 
         123  1 0.9040 0.0238 0.0185 0.0291 0.0245 
         124  1 0.0267 0.7667 0.0266 0.1421 0.0379 
         125  1 0.5524 0.0929 0.0596 0.1877 0.1075 
         126  1 0.4818 0.0631 0.0547 0.1424 0.2579 
         127  1 0.0462 0.0770 0.0243 0.6379 0.2146 
         128  1 0.2241 0.3830 0.1592 0.0406 0.1930 
         129  1 0.0377 0.1193 0.0484 0.7260 0.0685 
         130  1 0.1864 0.1084 0.0934 0.3991 0.2127 
         131  1 0.1399 0.2694 0.0813 0.2758 0.2336 
         132  1 0.3225 0.1093 0.0642 0.4308 0.0732 
         133  1 0.0242 0.1603 0.4627 0.1800 0.1728 
         134  1 0.0327 0.1718 0.0342 0.7014 0.0598 
         135  1 0.0395 0.2452 0.0367 0.5661 0.1125 
         136  1 0.0517 0.0720 0.0287 0.5812 0.2664 
         137  1 0.1256 0.0482 0.0332 0.6583 0.1347 
         138  1 0.1245 0.0264 0.0510 0.7629 0.0352 
         139  1 0.2165 0.0390 0.0531 0.6149 0.0765 
         140  1 0.6712 0.1060 0.0239 0.0871 0.1118 
         141  1 0.1109 0.0202 0.0354 0.0691 0.7644 
         142  1 0.1751 0.0571 0.0339 0.0403 0.6937 
         143  1 0.1545 0.0312 0.0585 0.4970 0.2588 
         144  1 0.0457 0.4607 0.0842 0.2776 0.1318 
         145  1 0.3179 0.0483 0.0979 0.3584 0.1775 
         146  1 0.0458 0.0465 0.0293 0.6554 0.2231 
         147  1 0.0557 0.1685 0.2463 0.1796 0.3499 
         148  1 0.0701 0.2823 0.1634 0.1559 0.3283 
         149  1 0.1655 0.2342 0.4721 0.0608 0.0674 
         150  1 0.0545 0.0737 0.0437 0.1898 0.6383 
         151  1 0.0305 0.0348 0.8819 0.0290 0.0238 
         152  1 0.0894 0.6195 0.0610 0.0580 0.1719 
         153  1 0.0497 0.0406 0.3450 0.1671 0.3977 
         154  1 0.0670 0.2112 0.6323 0.0404 0.0491 
         155  1 0.0635 0.0430 0.5042 0.1873 0.2020 
         156  1 0.1307 0.0640 0.0451 0.2457 0.5145 
         157  1 0.6417 0.0775 0.0400 0.1955 0.0452 
         158  1 0.0278 0.0327 0.0496 0.1688 0.7211 
         159  1 0.8461 0.0660 0.0211 0.0278 0.0390 
         160  1 0.0555 0.1866 0.1345 0.3146 0.3088 
         161  1 0.3260 0.0778 0.0681 0.0936 0.4345 
         162  1 0.0758 0.2367 0.3317 0.1008 0.2551 
         163  1 0.5538 0.0471 0.0381 0.2645 0.0965 
         164  1 0.3741 0.1654 0.0535 0.1407 0.2663 
         165  1 0.8606 0.0390 0.0222 0.0327 0.0454 
         166  1 0.2320 0.1859 0.1842 0.0700 0.3279 
         167  1 0.0270 0.0740 0.8017 0.0477 0.0497 
         168  1 0.0333 0.0494 0.0710 0.5436 0.3027 
         169  1 0.1331 0.6233 0.0653 0.1432 0.0351 
         170  1 0.0254 0.0267 0.0481 0.8084 0.0914 
         171  1 0.4474 0.0717 0.1016 0.1755 0.2037 
         172  1 0.1193 0.1637 0.4382 0.1435 0.1354 
         173  1 0.1062 0.0557 0.6314 0.0822 0.1246 
         174  1 0.2595 0.0499 0.0743 0.2712 0.3451 
         175  1 0.0574 0.0827 0.1924 0.1952 0.4723 
         176  1 0.0251 0.0396 0.2065 0.2091 0.5197 
         177  1 0.0294 0.0829 0.4407 0.2506 0.1965 
         178  1 0.0862 0.3667 0.0785 0.3437 0.1250 
         179  1 0.0672 0.1173 0.0718 0.0667 0.6769 
         180  1 0.2300 0.0504 0.0662 0.0945 0.5589 
         181  1 0.0211 0.0466 0.8655 0.0333 0.0336 
         182  1 0.0255 0.4926 0.1247 0.1726 0.1846 
         183  1 0.1340 0.0285 0.0264 0.7571 0.0541 
         184  1 0.0694 0.4934 0.2014 0.0743 0.1615 
         185  1 0.1727 0.0753 0.0215 0.0570 0.6734 
         186  1 0.5079 0.0463 0.2727 0.0773 0.0958 
         187  1 0.1759 0.2252 0.1041 0.0559 0.4388 
         188  1 0.0367 0.0480 0.0951 0.1002 0.7201 
         189  1 0.0895 0.0250 0.0200 0.5414 0.3241 
         190  1 0.0398 0.0947 0.7590 0.0377 0.0688 
         191  1 0.5175 0.0722 0.3094 0.0649 0.0360 
         192  1 0.0417 0.0907 0.1070 0.0881 0.6725 
         193  1 0.9032 0.0239 0.0191 0.0286 0.0253 
         194  1 0.8788 0.0298 0.0204 0.0415 0.0295 
         195  1 0.3907 0.0213 0.0177 0.4391 0.1312 
         196  1 0.7093 0.0671 0.0823 0.0322 0.1091 
         197  1 0.5262 0.0554 0.1006 0.0897 0.2281 
         198  1 0.1836 0.0592 0.0238 0.0829 0.6505 
         199  1 0.0348 0.8799 0.0253 0.0284 0.0316 
         200  1 0.6165 0.1268 0.0467 0.1101 0.0998 
         201  1 0.8548 0.0472 0.0345 0.0306 0.0329 
         202  1 0.0639 0.2394 0.0602 0.3080 0.3285 
         203  1 0.0518 0.0739 0.0276 0.5794 0.2672 
         204  1 0.1052 0.1245 0.0342 0.5463 0.1898 
         205  1 0.1423 0.0683 0.6542 0.0656 0.0696 
         206  1 0.2362 0.1266 0.0355 0.0825 0.5193 
         207  1 0.0213 0.0337 0.8488 0.0420 0.0542 
         208  1 0.3059 0.0779 0.1071 0.1050 0.4040 
         209  1 0.5820 0.1416 0.1111 0.0428 0.1225 
         210  1 0.3591 0.0447 0.0593 0.1467 0.3902 
         211  1 0.1563 0.0478 0.7105 0.0403 0.0451 
         212  1 0.1024 0.0552 0.7019 0.0477 0.0929 
         213  1 0.0311 0.0422 0.0422 0.8226 0.0619 
         214  1 0.5898 0.1372 0.0456 0.1295 0.0978 
         215  1 0.2714 0.0366 0.1187 0.5104 0.0630 
         216  1 0.1777 0.0646 0.0258 0.6041 0.1278 
         217  1 0.0895 0.0254 0.0217 0.5395 0.3239 
         218  1 0.1583 0.0406 0.6402 0.0594 0.1015 
         219  1 0.8539 0.0466 0.0336 0.0315 0.0343 
         220  1 0.0844 0.1072 0.0427 0.6486 0.1171 
         221  1 0.6013 0.1113 0.0752 0.0836 0.1285 
         222  1 0.1130 0.1406 0.1192 0.3991 0.2281 
         223  1 0.1905 0.2643 0.0857 0.1693 0.2903 
         224  1 0.1515 0.0512 0.1312 0.5924 0.0737 
         225  1 0.0202 0.0326 0.8915 0.0262 0.0294 
         226  1 0.0324 0.0414 0.8623 0.0230 0.0409 
         227  1 0.0379 0.0806 0.7331 0.0982 0.0502 
         228  1 0.5391 0.1222 0.0764 0.0764 0.1858 
         229  1 0.1467 0.1434 0.3158 0.0960 0.2982 
         230  1 0.0617 0.1984 0.0294 0.1830 0.5274 
         231  1 0.0752 0.0497 0.2804 0.2505 0.3441 
         232  1 0.1772 0.1644 0.0460 0.0868 0.5256 
         233  1 0.0451 0.0481 0.1551 0.6483 0.1034 
         234  1 0.0958 0.0507 0.0621 0.2650 0.5264 
         235  1 0.0487 0.8154 0.0470 0.0528 0.0362 
         236  1 0.1728 0.1099 0.0371 0.5879 0.0923 
         237  1 0.0276 0.2929 0.3127 0.0923 0.2746 
         238  1 0.0213 0.0430 0.7872 0.0438 0.1047 
         239  1 0.1746 0.2592 0.0397 0.2253 0.3013 
         240  1 0.1698 0.0541 0.0508 0.3598 0.3656 
         241  1 0.0751 0.0387 0.8261 0.0244 0.0357 
         242  1 0.2875 0.0637 0.0722 0.1367 0.4399 
         243  1 0.0286 0.2936 0.0562 0.4353 0.1863 
         244  1 0.0367 0.8425 0.0629 0.0216 0.0363 
         245  1 0.3100 0.0886 0.1537 0.0911 0.3566 
         246  1 0.2142 0.0477 0.0405 0.3937 0.3039 
         247  1 0.1848 0.1050 0.1614 0.3703 0.1785 
         248  1 0.0494 0.0538 0.2951 0.1970 0.4047 
         249  1 0.1937 0.1268 0.0668 0.4182 0.1945 
         250  1 0.0573 0.1007 0.2117 0.4691 0.1613 
         251  1 0.0431 0.3914 0.0688 0.3669 0.1298 
         252  1 0.0607 0.0467 0.1118 0.3057 0.4751 
         253  1 0.7200 0.0535 0.0304 0.1011 0.0950 
         254  1 0.0864 0.1893 0.0658 0.0606 0.5978 
         255  1 0.8147 0.0979 0.0213 0.0286 0.0376 
         256  1 0.8168 0.0960 0.0213 0.0275 0.0384 
         257  1 0.3968 0.0905 0.0784 0.0515 0.3829 
         258  1 0.1277 0.0315 0.0528 0.0437 0.7444 
         259  1 0.1152 0.0267 0.0220 0.0694 0.7668 
         260  1 0.0634 0.0372 0.1314 0.1726 0.5955 
