           1  1 0.0759 0.1168 0.0151 0.0101 0.0433 0.0936 0.4773 0.0576 0.0233 0.0870 
           2  1 0.0228 0.0915 0.0228 0.0144 0.0111 0.1603 0.1782 0.1407 0.2264 0.1318 
           3  1 0.0233 0.0295 0.0130 0.0525 0.7421 0.0537 0.0213 0.0138 0.0193 0.0314 
           4  1 0.0432 0.2123 0.0165 0.0262 0.0369 0.0812 0.1428 0.0686 0.1386 0.2337 
           5  1 0.0329 0.1423 0.0215 0.0263 0.0079 0.0185 0.6064 0.0295 0.0435 0.0710 
           6  1 0.0172 0.0857 0.0100 0.2778 0.0284 0.3200 0.0616 0.0395 0.0532 0.1065 
           7  1 0.0985 0.1529 0.0883 0.0298 0.0294 0.0367 0.1241 0.1346 0.1203 0.1854 
           8  1 0.0796 0.0934 0.0658 0.0167 0.2474 0.0351 0.3594 0.0329 0.0220 0.0478 
           9  1 0.0340 0.0566 0.5597 0.0182 0.0125 0.0787 0.1709 0.0197 0.0117 0.0378 
          10  1 0.0287 0.1300 0.0139 0.0130 0.0119 0.0735 0.6445 0.0184 0.0299 0.0362 
          11  1 0.1158 0.0957 0.0077 0.2276 0.0723 0.2164 0.0632 0.0506 0.0372 0.1134 
          12  1 0.0155 0.0655 0.4974 0.0242 0.0152 0.0465 0.0570 0.1278 0.0690 0.0819 
          13  1 0.2210 0.0885 0.0127 0.0561 0.0673 0.0120 0.0513 0.1191 0.2785 0.0935 
          14  1 0.0271 0.0447 0.0186 0.0116 0.6896 0.0293 0.0292 0.0589 0.0455 0.0455 
          15  1 0.1093 0.3386 0.0082 0.0313 0.0193 0.0104 0.0589 0.0477 0.0467 0.3295 
          16  1 0.0141 0.3001 0.1525 0.0181 0.0209 0.0107 0.0731 0.0808 0.0774 0.2524 
          17  1 0.0230 0.1653 0.0155 0.0324 0.4430 0.0101 0.0359 0.0325 0.0980 0.1442 
          18  1 0.0143 0.0435 0.0131 0.0436 0.6949 0.0268 0.0289 0.0699 0.0216 0.0433 
          19  1 0.0141 0.0190 0.1258 0.0199 0.0092 0.7420 0.0178 0.0122 0.0207 0.0193 
          20  1 0.0124 0.0581 0.0151 0.0599 0.0119 0.6020 0.0422 0.0363 0.0898 0.0723 
          21  1 0.0188 0.0300 0.6971 0.0076 0.0129 0.0086 0.0492 0.0208 0.1251 0.0298 
          22  1 0.0254 0.0882 0.0133 0.0238 0.0131 0.4230 0.0917 0.0452 0.1529 0.1234 
          23  1 0.0237 0.1329 0.0351 0.0424 0.2001 0.0264 0.1351 0.1200 0.0630 0.2214 
          24  1 0.0083 0.0187 0.8813 0.0101 0.0075 0.0090 0.0147 0.0210 0.0106 0.0188 
          25  1 0.0241 0.0985 0.0138 0.0521 0.2315 0.0108 0.0408 0.3119 0.0678 0.1487 
          26  1 0.0217 0.1753 0.0448 0.0329 0.0443 0.0735 0.3314 0.0689 0.0596 0.1477 
          27  1 0.0240 0.1578 0.1356 0.0249 0.0199 0.0367 0.3470 0.0796 0.0246 0.1499 
          28  1 0.0191 0.0232 0.0122 0.0504 0.0321 0.0191 0.0412 0.5944 0.1847 0.0236 
          29  1 0.0712 0.1634 0.0095 0.0201 0.0976 0.0182 0.2592 0.0544 0.1491 0.1572 
          30  1 0.0455 0.0420 0.0184 0.0120 0.1209 0.0273 0.0198 0.5372 0.1321 0.0447 
          31  1 0.0449 0.1314 0.0457 0.0785 0.1235 0.0521 0.0800 0.1141 0.1680 0.1616 
          32  1 0.0125 0.1713 0.0184 0.1827 0.0160 0.0504 0.1621 0.0999 0.1257 0.1611 
          33  1 0.0151 0.0285 0.0163 0.0243 0.7664 0.0114 0.0275 0.0521 0.0291 0.0295 
          34  1 0.0297 0.0144 0.0144 0.0112 0.0253 0.8279 0.0178 0.0329 0.0116 0.0146 
          35  1 0.0184 0.0113 0.0065 0.0069 0.9094 0.0089 0.0105 0.0089 0.0081 0.0111 
          36  1 0.1186 0.0864 0.0265 0.0070 0.0252 0.2229 0.4653 0.0123 0.0166 0.0191 
          37  1 0.0317 0.1742 0.0363 0.0161 0.0666 0.0360 0.1458 0.0986 0.1140 0.2807 
          38  1 0.0593 0.0625 0.5900 0.0169 0.0330 0.0122 0.0584 0.0522 0.0495 0.0660 
          39  1 0.0547 0.1585 0.0149 0.0463 0.0166 0.0118 0.5019 0.0379 0.0631 0.0943 
          40  1 0.0107 0.2097 0.0530 0.0368 0.1050 0.0170 0.1002 0.1451 0.0595 0.2630 
          41  1 0.0347 0.0352 0.7000 0.0299 0.0140 0.0107 0.0672 0.0557 0.0212 0.0313 
          42  1 0.0174 0.1607 0.0098 0.0161 0.3104 0.0320 0.0831 0.0700 0.0945 0.2060 
          43  1 0.0103 0.0146 0.5045 0.0101 0.3891 0.0121 0.0114 0.0184 0.0144 0.0150 
          44  1 0.0926 0.0237 0.7120 0.0221 0.0072 0.0300 0.0370 0.0345 0.0169 0.0240 
          45  1 0.0196 0.1770 0.0295 0.1894 0.0254 0.0594 0.0796 0.0681 0.1437 0.2082 
          46  1 0.0081 0.0496 0.0145 0.0118 0.7113 0.0246 0.0592 0.0318 0.0381 0.0510 
          47  1 0.0135 0.3378 0.1260 0.0231 0.0305 0.0386 0.0477 0.0552 0.0481 0.2795 
          48  1 0.0359 0.2145 0.0792 0.1341 0.0079 0.0220 0.1161 0.0882 0.0532 0.2489 
          49  1 0.0203 0.3536 0.0189 0.0743 0.0325 0.0132 0.0539 0.0501 0.0891 0.2941 
          50  1 0.0429 0.3941 0.0246 0.0679 0.0080 0.0204 0.0444 0.0509 0.0441 0.3027 
          51  1 0.0753 0.0579 0.0092 0.1713 0.0121 0.0064 0.0194 0.4492 0.1428 0.0565 
          52  1 0.1592 0.1355 0.0276 0.0968 0.0567 0.0105 0.0711 0.1020 0.1685 0.1721 
          53  1 0.3079 0.0405 0.0090 0.0256 0.0376 0.1097 0.0310 0.3304 0.0632 0.0450 
          54  1 0.0165 0.3394 0.0069 0.0737 0.0098 0.0070 0.0490 0.0541 0.1130 0.3306 
          55  1 0.0222 0.0492 0.1062 0.0444 0.0526 0.1061 0.0414 0.3595 0.1545 0.0639 
          56  1 0.0356 0.1881 0.0558 0.0351 0.0193 0.0103 0.0594 0.3201 0.0778 0.1986 
          57  1 0.0327 0.0901 0.0179 0.0203 0.0415 0.0126 0.0595 0.0815 0.5408 0.1030 
          58  1 0.0339 0.0997 0.0539 0.0183 0.0226 0.0186 0.2235 0.3094 0.1141 0.1058 
          59  1 0.2463 0.1123 0.0153 0.0448 0.0173 0.0309 0.2985 0.0595 0.0422 0.1330 
          60  1 0.0457 0.1896 0.0198 0.0453 0.0083 0.0821 0.1523 0.1024 0.1481 0.2062 
          61  1 0.0190 0.0464 0.5999 0.1154 0.0197 0.0246 0.0631 0.0332 0.0336 0.0451 
          62  1 0.2081 0.1385 0.0200 0.1224 0.0683 0.0231 0.0391 0.1292 0.0852 0.1661 
          63  1 0.0092 0.0142 0.0115 0.0540 0.8290 0.0194 0.0177 0.0161 0.0150 0.0139 
          64  1 0.6163 0.0205 0.0085 0.1651 0.0067 0.0891 0.0385 0.0160 0.0192 0.0200 
          65  1 0.0625 0.0389 0.0613 0.0126 0.0193 0.0079 0.0349 0.4551 0.2616 0.0459 
          66  1 0.0244 0.0188 0.8227 0.0122 0.0280 0.0223 0.0245 0.0154 0.0140 0.0177 
          67  1 0.0154 0.1269 0.0130 0.0568 0.0520 0.0142 0.0516 0.1933 0.3456 0.1312 
          68  1 0.0134 0.2540 0.0322 0.0944 0.0114 0.0076 0.0563 0.2109 0.0943 0.2254 
          69  1 0.0324 0.2889 0.0442 0.0258 0.0176 0.0127 0.1179 0.0559 0.1233 0.2812 
          70  1 0.0167 0.3373 0.0126 0.1332 0.0230 0.0155 0.0793 0.0778 0.0385 0.2660 
          71  1 0.0833 0.1982 0.0257 0.0325 0.0634 0.0110 0.1679 0.0520 0.1673 0.1986 
          72  1 0.0106 0.0226 0.0113 0.0243 0.8051 0.0132 0.0227 0.0151 0.0512 0.0239 
          73  1 0.0270 0.2947 0.0382 0.0123 0.0359 0.0149 0.2225 0.0465 0.0719 0.2361 
          74  1 0.0997 0.0641 0.0097 0.0377 0.4733 0.1283 0.0495 0.0372 0.0371 0.0634 
          75  1 0.0265 0.1195 0.0592 0.0108 0.0950 0.0180 0.4861 0.0644 0.0548 0.0656 
          76  1 0.0672 0.1237 0.0102 0.0589 0.0114 0.0109 0.0532 0.4516 0.0898 0.1231 
          77  1 0.6310 0.0458 0.0280 0.0300 0.0815 0.0351 0.0531 0.0216 0.0233 0.0507 
          78  1 0.0127 0.1254 0.1124 0.0964 0.0859 0.1101 0.0828 0.0896 0.1160 0.1687 
          79  1 0.0286 0.1900 0.0204 0.3127 0.0326 0.0657 0.1078 0.0366 0.0341 0.1714 
          80  1 0.0197 0.0346 0.0122 0.0162 0.7666 0.0233 0.0259 0.0254 0.0452 0.0308 
          81  1 0.0993 0.0418 0.0846 0.0111 0.0088 0.0204 0.0957 0.4350 0.1695 0.0339 
          82  1 0.0139 0.1048 0.0133 0.0297 0.4328 0.0301 0.1213 0.0623 0.0871 0.1048 
          83  1 0.0095 0.0448 0.1137 0.0096 0.6399 0.0086 0.0272 0.0735 0.0267 0.0465 
          84  1 0.0978 0.1243 0.0592 0.0167 0.0945 0.1027 0.2685 0.0607 0.0551 0.1204 
          85  1 0.0205 0.0297 0.0145 0.0421 0.0415 0.0099 0.0186 0.5888 0.2019 0.0325 
          86  1 0.0284 0.0303 0.0155 0.0243 0.0155 0.0166 0.0200 0.5686 0.2505 0.0303 
          87  1 0.0950 0.1418 0.1063 0.0153 0.0219 0.1306 0.2372 0.0644 0.0181 0.1693 
          88  1 0.0143 0.2326 0.0751 0.0218 0.0480 0.0106 0.1526 0.1047 0.0430 0.2972 
          89  1 0.0213 0.1833 0.0127 0.1175 0.0138 0.0399 0.0704 0.1471 0.1087 0.2853 
          90  1 0.0126 0.0145 0.0128 0.0121 0.8760 0.0120 0.0131 0.0202 0.0133 0.0134 
          91  1 0.0122 0.1982 0.0184 0.0176 0.0380 0.0143 0.3883 0.0619 0.0881 0.1630 
          92  1 0.0128 0.0232 0.0107 0.0113 0.0248 0.0113 0.0324 0.6374 0.2150 0.0210 
          93  1 0.0578 0.1923 0.0473 0.0408 0.0176 0.0262 0.0743 0.1030 0.1582 0.2825 
          94  1 0.0091 0.0135 0.0096 0.0324 0.0163 0.0224 0.0088 0.6789 0.1959 0.0132 
          95  1 0.0181 0.0702 0.0319 0.2320 0.3697 0.0777 0.0318 0.0554 0.0200 0.0932 
          96  1 0.0862 0.1905 0.0328 0.0348 0.0842 0.0229 0.1915 0.1786 0.0242 0.1541 
          97  1 0.2324 0.0295 0.0068 0.0388 0.0195 0.4900 0.0295 0.0310 0.0874 0.0351 
          98  1 0.2260 0.2232 0.0150 0.0656 0.0882 0.0286 0.0533 0.0595 0.0173 0.2232 
          99  1 0.0526 0.0157 0.0093 0.0234 0.0092 0.0077 0.0101 0.6613 0.1947 0.0160 
         100  1 0.0493 0.1206 0.0220 0.0321 0.0219 0.0535 0.0610 0.0798 0.4157 0.1441 
         101  1 0.0280 0.0797 0.1910 0.0107 0.4380 0.0357 0.0486 0.0454 0.0385 0.0844 
         102  1 0.0195 0.0405 0.0729 0.0472 0.6854 0.0173 0.0186 0.0302 0.0248 0.0436 
         103  1 0.0144 0.1309 0.2016 0.0400 0.1008 0.0379 0.0608 0.1787 0.0745 0.1604 
         104  1 0.0236 0.0577 0.0213 0.1529 0.0603 0.5174 0.0244 0.0585 0.0241 0.0600 
         105  1 0.1692 0.1177 0.0436 0.1235 0.1001 0.0241 0.1615 0.0642 0.0662 0.1298 
         106  1 0.0394 0.0523 0.0435 0.0237 0.0160 0.0139 0.0744 0.0511 0.6310 0.0547 
         107  1 0.0104 0.0166 0.0097 0.8935 0.0098 0.0078 0.0124 0.0107 0.0125 0.0165 
         108  1 0.0121 0.2073 0.0385 0.0166 0.0838 0.0423 0.0994 0.1370 0.0862 0.2768 
         109  1 0.0169 0.2332 0.0252 0.0246 0.0512 0.0254 0.1482 0.0760 0.1871 0.2123 
         110  1 0.0401 0.0358 0.0149 0.4402 0.3439 0.0335 0.0191 0.0193 0.0170 0.0363 
         111  1 0.0220 0.1143 0.0176 0.0264 0.0116 0.4113 0.0772 0.0651 0.0523 0.2023 
         112  1 0.0406 0.1512 0.0190 0.0374 0.0292 0.2351 0.1496 0.0740 0.0638 0.2002 
         113  1 0.0547 0.0340 0.0290 0.0358 0.7162 0.0270 0.0264 0.0257 0.0157 0.0357 
         114  1 0.0096 0.1113 0.0056 0.7053 0.0096 0.0165 0.0218 0.0181 0.0214 0.0808 
         115  1 0.0142 0.1821 0.1961 0.0148 0.0719 0.0295 0.2065 0.0559 0.0667 0.1622 
         116  1 0.0222 0.1316 0.0621 0.0144 0.0522 0.0139 0.3399 0.1191 0.1235 0.1211 
         117  1 0.0680 0.1136 0.2296 0.0260 0.0125 0.1127 0.2468 0.0376 0.0456 0.1075 
         118  1 0.0247 0.2729 0.0183 0.0832 0.0297 0.0621 0.0858 0.0965 0.0312 0.2957 
         119  1 0.0143 0.1252 0.0176 0.1144 0.3242 0.0340 0.1451 0.0727 0.0351 0.1174 
         120  1 0.8539 0.0141 0.0089 0.0096 0.0247 0.0082 0.0132 0.0377 0.0149 0.0147 
         121  1 0.0199 0.0383 0.7779 0.0387 0.0149 0.0085 0.0191 0.0256 0.0264 0.0307 
         122  1 0.2408 0.0981 0.0296 0.0369 0.0677 0.0139 0.2503 0.1123 0.0476 0.1028 
         123  1 0.7863 0.0117 0.0077 0.0116 0.0097 0.1257 0.0186 0.0091 0.0081 0.0114 
         124  1 0.0126 0.0361 0.0101 0.0089 0.5602 0.0119 0.0331 0.0369 0.2432 0.0471 
         125  1 0.0272 0.1307 0.0143 0.0258 0.0413 0.0599 0.5132 0.0493 0.0620 0.0763 
         126  1 0.5930 0.0819 0.0248 0.0662 0.0216 0.0720 0.0261 0.0237 0.0154 0.0752 
         127  1 0.0276 0.0405 0.0079 0.0952 0.0149 0.0168 0.0332 0.1332 0.5820 0.0487 
         128  1 0.0150 0.0787 0.0896 0.1198 0.2546 0.2017 0.0566 0.0420 0.0330 0.1090 
         129  1 0.2109 0.0546 0.0164 0.0282 0.0439 0.0129 0.0409 0.4304 0.0990 0.0628 
         130  1 0.0218 0.1579 0.0198 0.0155 0.0181 0.0405 0.1497 0.1022 0.2407 0.2337 
         131  1 0.0841 0.1341 0.0315 0.1220 0.1281 0.0263 0.1108 0.1298 0.0875 0.1458 
         132  1 0.7273 0.0243 0.0230 0.0109 0.0710 0.0594 0.0250 0.0206 0.0130 0.0254 
         133  1 0.0132 0.1010 0.1432 0.0292 0.0356 0.0080 0.0518 0.4459 0.0743 0.0978 
         134  1 0.0171 0.0683 0.0114 0.0105 0.0693 0.0164 0.0696 0.1149 0.5475 0.0750 
         135  1 0.0117 0.0447 0.0119 0.0154 0.0564 0.0199 0.0359 0.3040 0.4502 0.0500 
         136  1 0.0072 0.0142 0.0071 0.0195 0.0093 0.0172 0.0337 0.0152 0.8568 0.0198 
         137  1 0.8098 0.0266 0.0107 0.0171 0.0142 0.0106 0.0371 0.0180 0.0324 0.0236 
         138  1 0.6442 0.0196 0.0414 0.0131 0.0120 0.0146 0.0226 0.1637 0.0501 0.0186 
         139  1 0.7915 0.0289 0.0165 0.0136 0.0115 0.0206 0.0303 0.0236 0.0302 0.0333 
         140  1 0.1406 0.0717 0.0104 0.0151 0.0542 0.5031 0.0886 0.0192 0.0305 0.0664 
         141  1 0.0111 0.0274 0.0152 0.8328 0.0065 0.0214 0.0124 0.0237 0.0176 0.0318 
         142  1 0.0113 0.0267 0.0107 0.7991 0.0141 0.0251 0.0556 0.0153 0.0188 0.0232 
         143  1 0.7641 0.0356 0.0319 0.0298 0.0094 0.0094 0.0356 0.0309 0.0214 0.0320 
         144  1 0.0227 0.0999 0.0257 0.0356 0.1809 0.0128 0.0877 0.0883 0.3256 0.1208 
         145  1 0.5779 0.0694 0.0375 0.0380 0.0143 0.0231 0.0557 0.0450 0.0520 0.0870 
         146  1 0.0298 0.0847 0.0103 0.1277 0.0152 0.0257 0.0288 0.1063 0.4876 0.0839 
         147  1 0.0171 0.3603 0.0219 0.0101 0.0454 0.0150 0.0593 0.0926 0.0573 0.3210 
         148  1 0.0167 0.1942 0.0284 0.1039 0.0670 0.0221 0.1653 0.1218 0.0781 0.2025 
         149  1 0.0161 0.1278 0.1331 0.0158 0.0856 0.0250 0.3316 0.0679 0.0600 0.1372 
         150  1 0.0290 0.1462 0.0159 0.3445 0.0218 0.0216 0.0454 0.1065 0.1197 0.1495 
         151  1 0.0156 0.0242 0.8204 0.0090 0.0171 0.0112 0.0361 0.0236 0.0194 0.0232 
         152  1 0.0217 0.1165 0.0200 0.0525 0.4261 0.0405 0.0676 0.0504 0.0648 0.1397 
         153  1 0.0185 0.1935 0.1395 0.0930 0.0123 0.0150 0.0673 0.1935 0.0730 0.1945 
         154  1 0.0205 0.0656 0.5017 0.0250 0.1183 0.0874 0.0406 0.0542 0.0249 0.0617 
         155  1 0.0218 0.0821 0.2633 0.0907 0.0115 0.0143 0.0439 0.2660 0.0509 0.1555 
         156  1 0.0245 0.3481 0.0092 0.0172 0.0145 0.0377 0.1823 0.0437 0.0477 0.2753 
         157  1 0.8647 0.0119 0.0097 0.0126 0.0139 0.0352 0.0139 0.0162 0.0097 0.0121 
         158  1 0.0358 0.0940 0.0201 0.5505 0.0143 0.0087 0.0292 0.1023 0.0563 0.0888 
         159  1 0.0159 0.0178 0.0072 0.0114 0.0170 0.8675 0.0183 0.0133 0.0131 0.0185 
         160  1 0.0266 0.1698 0.0288 0.0755 0.0414 0.0173 0.1713 0.0903 0.1397 0.2392 
         161  1 0.0167 0.0345 0.0182 0.6621 0.0272 0.0851 0.0582 0.0415 0.0195 0.0369 
         162  1 0.0128 0.2034 0.1129 0.0496 0.0634 0.0314 0.1105 0.0874 0.0575 0.2711 
         163  1 0.4039 0.0800 0.0121 0.0231 0.0148 0.1393 0.1179 0.0485 0.0433 0.1170 
         164  1 0.1082 0.0837 0.0204 0.2900 0.0900 0.0658 0.2077 0.0342 0.0337 0.0663 
         165  1 0.0654 0.0375 0.0087 0.0117 0.0161 0.7442 0.0553 0.0145 0.0152 0.0314 
         166  1 0.0130 0.1667 0.0428 0.1152 0.0624 0.0745 0.1673 0.0575 0.1250 0.1756 
         167  1 0.0163 0.0275 0.7583 0.0253 0.0361 0.0111 0.0208 0.0407 0.0321 0.0317 
         168  1 0.0239 0.2530 0.0198 0.0204 0.0126 0.0092 0.0703 0.0926 0.3000 0.1981 
         169  1 0.0411 0.0485 0.0276 0.0083 0.5320 0.1102 0.0559 0.0428 0.0698 0.0636 
         170  1 0.0289 0.0407 0.0151 0.0205 0.0093 0.0077 0.0558 0.0387 0.7423 0.0410 
         171  1 0.1157 0.2035 0.0196 0.0128 0.0251 0.1100 0.2434 0.0545 0.0356 0.1797 
         172  1 0.0296 0.2178 0.1026 0.0107 0.0385 0.0377 0.0949 0.1317 0.0336 0.3029 
         173  1 0.0267 0.1075 0.4615 0.0207 0.0189 0.0483 0.0673 0.0555 0.0314 0.1622 
         174  1 0.1179 0.1291 0.0204 0.0729 0.0119 0.0195 0.3159 0.0443 0.1439 0.1242 
         175  1 0.0143 0.1688 0.0512 0.1826 0.0256 0.0143 0.1133 0.0929 0.1432 0.1937 
         176  1 0.0119 0.3855 0.0384 0.0240 0.0095 0.0087 0.0619 0.1128 0.0495 0.2978 
         177  1 0.0199 0.1605 0.2046 0.0153 0.0122 0.0087 0.0956 0.1212 0.1243 0.2377 
         178  1 0.0236 0.0975 0.0211 0.0215 0.0865 0.0417 0.0916 0.1859 0.3062 0.1245 
         179  1 0.0142 0.0261 0.0382 0.7690 0.0297 0.0196 0.0188 0.0272 0.0320 0.0252 
         180  1 0.0813 0.0334 0.0281 0.6777 0.0149 0.0336 0.0615 0.0243 0.0160 0.0291 
         181  1 0.0099 0.0201 0.8454 0.0137 0.0190 0.0088 0.0225 0.0185 0.0204 0.0217 
         182  1 0.0113 0.0815 0.0313 0.0480 0.1718 0.0147 0.0503 0.3869 0.0974 0.1068 
         183  1 0.5029 0.0507 0.0082 0.0115 0.0123 0.0111 0.1134 0.0682 0.1762 0.0455 
         184  1 0.0118 0.2115 0.0241 0.0304 0.1191 0.0170 0.2172 0.1350 0.0320 0.2017 
         185  1 0.0114 0.0142 0.0068 0.8668 0.0133 0.0222 0.0152 0.0196 0.0163 0.0143 
         186  1 0.0096 0.1374 0.0218 0.0135 0.0079 0.0310 0.7044 0.0254 0.0184 0.0305 
         187  1 0.0148 0.2048 0.0312 0.1070 0.0559 0.0398 0.1672 0.0725 0.0414 0.2653 
         188  1 0.0368 0.3374 0.0162 0.1110 0.0177 0.0113 0.0496 0.0560 0.0554 0.3084 
         189  1 0.8112 0.0580 0.0069 0.0118 0.0089 0.0108 0.0149 0.0130 0.0172 0.0473 
         190  1 0.0119 0.0871 0.6784 0.0106 0.0362 0.0173 0.0472 0.0267 0.0176 0.0670 
         191  1 0.0492 0.0606 0.2146 0.0075 0.0254 0.4058 0.0898 0.0445 0.0404 0.0622 
         192  1 0.0118 0.3840 0.0241 0.0313 0.0158 0.0121 0.0700 0.0557 0.0509 0.3443 
         193  1 0.7856 0.0120 0.0081 0.0113 0.0097 0.1246 0.0195 0.0090 0.0084 0.0118 
         194  1 0.0266 0.0258 0.0089 0.0104 0.0087 0.7733 0.0702 0.0143 0.0406 0.0213 
         195  1 0.7243 0.0297 0.0057 0.0711 0.0078 0.0573 0.0292 0.0216 0.0236 0.0296 
         196  1 0.0114 0.0582 0.0258 0.1606 0.0214 0.5470 0.0792 0.0212 0.0274 0.0478 
         197  1 0.1783 0.1003 0.0264 0.2007 0.0212 0.0435 0.2384 0.0452 0.0249 0.1211 
         198  1 0.0623 0.1684 0.0077 0.3259 0.0173 0.0443 0.0858 0.0479 0.0462 0.1942 
         199  1 0.0117 0.0184 0.0108 0.0171 0.8579 0.0123 0.0223 0.0132 0.0191 0.0173 
         200  1 0.0682 0.1011 0.0142 0.0303 0.0560 0.4070 0.1077 0.0778 0.0449 0.0927 
         201  1 0.0204 0.0128 0.0158 0.0264 0.0172 0.8512 0.0135 0.0166 0.0129 0.0133 
         202  1 0.0132 0.1965 0.0109 0.0223 0.0561 0.0264 0.1806 0.0862 0.1917 0.2160 
         203  1 0.0072 0.0141 0.0072 0.0204 0.0094 0.0178 0.0323 0.0150 0.8586 0.0178 
         204  1 0.0081 0.0442 0.0098 0.0111 0.0240 0.0477 0.0482 0.0394 0.7209 0.0467 
         205  1 0.0074 0.0238 0.6010 0.0280 0.0180 0.1741 0.0196 0.0652 0.0327 0.0303 
         206  1 0.0573 0.1480 0.0096 0.2004 0.0263 0.0530 0.1171 0.0670 0.0589 0.2625 
         207  1 0.0075 0.0369 0.7949 0.0144 0.0116 0.0081 0.0213 0.0149 0.0556 0.0348 
         208  1 0.0413 0.1565 0.0422 0.1829 0.0213 0.1470 0.0949 0.0658 0.0696 0.1785 
         209  1 0.0106 0.1349 0.0172 0.0304 0.0212 0.0428 0.6753 0.0225 0.0130 0.0321 
         210  1 0.1278 0.0193 0.0166 0.7048 0.0138 0.0206 0.0197 0.0411 0.0138 0.0225 
         211  1 0.0918 0.0399 0.6395 0.0179 0.0214 0.0376 0.0883 0.0179 0.0148 0.0310 
         212  1 0.0303 0.0773 0.5109 0.0498 0.0216 0.0308 0.1366 0.0351 0.0268 0.0808 
         213  1 0.0438 0.0319 0.0156 0.0196 0.0136 0.0169 0.0225 0.1669 0.6323 0.0370 
         214  1 0.3794 0.0533 0.0153 0.0338 0.0579 0.2343 0.0291 0.1110 0.0203 0.0655 
         215  1 0.8075 0.0167 0.0590 0.0104 0.0150 0.0181 0.0177 0.0198 0.0171 0.0188 
         216  1 0.0686 0.0231 0.0079 0.0521 0.0161 0.0356 0.0453 0.0271 0.6979 0.0263 
         217  1 0.8117 0.0573 0.0067 0.0116 0.0089 0.0110 0.0146 0.0133 0.0191 0.0457 
         218  1 0.0532 0.0501 0.5632 0.0832 0.0142 0.0670 0.0579 0.0405 0.0210 0.0496 
         219  1 0.0199 0.0127 0.0155 0.0266 0.0169 0.8530 0.0134 0.0160 0.0126 0.0132 
         220  1 0.0188 0.1073 0.0141 0.0107 0.0218 0.0086 0.3004 0.0688 0.3624 0.0871 
         221  1 0.0150 0.1340 0.0120 0.0256 0.0170 0.0373 0.6884 0.0242 0.0186 0.0278 
         222  1 0.0221 0.1675 0.0254 0.0169 0.0215 0.0220 0.1324 0.1129 0.2285 0.2508 
         223  1 0.0118 0.1533 0.0340 0.0384 0.0707 0.1124 0.0806 0.1085 0.1758 0.2144 
         224  1 0.5777 0.0627 0.0322 0.0093 0.0155 0.0116 0.1421 0.0632 0.0349 0.0509 
         225  1 0.0104 0.0189 0.8687 0.0127 0.0142 0.0065 0.0225 0.0125 0.0166 0.0170 
         226  1 0.0140 0.0277 0.8138 0.0279 0.0230 0.0164 0.0172 0.0191 0.0131 0.0277 
         227  1 0.0475 0.0741 0.4840 0.0131 0.0385 0.0087 0.1980 0.0536 0.0265 0.0561 
         228  1 0.0215 0.1145 0.0270 0.0566 0.0244 0.3542 0.1314 0.0609 0.0404 0.1691 
         229  1 0.0396 0.2386 0.0388 0.0283 0.0175 0.0261 0.1287 0.1075 0.0290 0.3459 
         230  1 0.0594 0.3159 0.0108 0.0444 0.0486 0.0149 0.0767 0.0401 0.1075 0.2816 
         231  1 0.0667 0.0599 0.1713 0.3349 0.0135 0.0139 0.0409 0.1737 0.0524 0.0729 
         232  1 0.0146 0.2033 0.0126 0.1644 0.0434 0.1676 0.0690 0.0778 0.0426 0.2047 
         233  1 0.0313 0.0366 0.0371 0.0212 0.0096 0.0271 0.0268 0.5762 0.1910 0.0431 
         234  1 0.0754 0.2133 0.0122 0.0291 0.0130 0.0142 0.1368 0.0829 0.1168 0.3063 
         235  1 0.0467 0.0255 0.0242 0.0121 0.7854 0.0122 0.0233 0.0254 0.0165 0.0287 
         236  1 0.0412 0.1213 0.0135 0.0248 0.0327 0.0654 0.1920 0.1087 0.2729 0.1274 
         237  1 0.0254 0.2262 0.1389 0.0498 0.1338 0.0083 0.0639 0.0919 0.0478 0.2139 
         238  1 0.0084 0.0966 0.6765 0.0298 0.0155 0.0073 0.0370 0.0320 0.0212 0.0757 
         239  1 0.0209 0.1430 0.0137 0.0729 0.0574 0.0806 0.0696 0.1707 0.1546 0.2166 
         240  1 0.0680 0.1703 0.0166 0.0538 0.0136 0.0715 0.0960 0.0646 0.2113 0.2344 
         241  1 0.0120 0.0166 0.7833 0.0259 0.0209 0.0818 0.0156 0.0154 0.0107 0.0177 
         242  1 0.1689 0.1349 0.0161 0.1617 0.0204 0.0288 0.1240 0.0653 0.0730 0.2069 
         243  1 0.0236 0.0684 0.0183 0.0717 0.1072 0.0085 0.0576 0.4403 0.1293 0.0751 
         244  1 0.0138 0.0227 0.0245 0.0207 0.8429 0.0101 0.0161 0.0166 0.0096 0.0230 
         245  1 0.0567 0.1351 0.0223 0.0532 0.0225 0.0141 0.6069 0.0240 0.0187 0.0467 
         246  1 0.8542 0.0194 0.0125 0.0274 0.0164 0.0136 0.0142 0.0119 0.0118 0.0186 
         247  1 0.0484 0.1417 0.0297 0.0253 0.0164 0.0217 0.4229 0.1085 0.0888 0.0965 
         248  1 0.0508 0.2086 0.0763 0.0431 0.0143 0.0173 0.0780 0.0781 0.1364 0.2971 
         249  1 0.1033 0.1646 0.0210 0.0274 0.0427 0.0913 0.0628 0.1907 0.1324 0.1638 
         250  1 0.0362 0.1810 0.0290 0.0300 0.0221 0.0093 0.1829 0.2676 0.0536 0.1882 
         251  1 0.0210 0.1359 0.0160 0.0196 0.1084 0.0148 0.1257 0.2080 0.1815 0.1691 
         252  1 0.0370 0.0349 0.0620 0.5924 0.0205 0.0086 0.0370 0.0301 0.1400 0.0374 
         253  1 0.0453 0.0509 0.0109 0.0927 0.0191 0.5383 0.0884 0.0386 0.0681 0.0477 
         254  1 0.0166 0.3684 0.0205 0.0764 0.0515 0.0331 0.0825 0.0401 0.0259 0.2851 
         255  1 0.0144 0.0138 0.0073 0.0172 0.0395 0.8544 0.0169 0.0108 0.0123 0.0134 
         256  1 0.0150 0.0141 0.0073 0.0183 0.0372 0.8547 0.0163 0.0110 0.0123 0.0136 
         257  1 0.0232 0.2434 0.0244 0.0386 0.0344 0.2278 0.0603 0.0547 0.0348 0.2584 
         258  1 0.0156 0.0718 0.0192 0.6237 0.0068 0.0350 0.0508 0.0458 0.0207 0.1107 
         259  1 0.0286 0.0203 0.0090 0.8379 0.0071 0.0139 0.0183 0.0225 0.0217 0.0207 
         260  1 0.0773 0.3911 0.0389 0.0264 0.0100 0.0106 0.0828 0.0327 0.0400 0.2903 
