           1  1 0.2013 0.0233 0.3503 0.0800 0.0955 0.0331 0.2166 
           2  1 0.0379 0.0364 0.2496 0.4254 0.0195 0.0373 0.1939 
           3  1 0.0325 0.0552 0.0602 0.0180 0.7824 0.0173 0.0345 
           4  1 0.1292 0.0828 0.2077 0.1286 0.0682 0.0315 0.3520 
           5  1 0.1043 0.1590 0.2031 0.0556 0.0160 0.0702 0.3918 
           6  1 0.0272 0.3733 0.3768 0.0352 0.0506 0.0134 0.1234 
           7  1 0.1559 0.0554 0.0866 0.1837 0.0547 0.1479 0.3157 
           8  1 0.1548 0.0316 0.1154 0.0516 0.4210 0.1345 0.0911 
           9  1 0.0560 0.0265 0.1894 0.0158 0.0204 0.6396 0.0523 
          10  1 0.0623 0.0438 0.6487 0.0304 0.0229 0.0481 0.1438 
          11  1 0.1700 0.2801 0.2966 0.0351 0.0937 0.0111 0.1133 
          12  1 0.0301 0.0550 0.0612 0.1299 0.0298 0.6062 0.0879 
          13  1 0.2909 0.0813 0.0194 0.3623 0.1009 0.0191 0.1260 
          14  1 0.0361 0.0254 0.0348 0.0620 0.7707 0.0265 0.0445 
          15  1 0.3035 0.1322 0.0197 0.0286 0.0324 0.0140 0.4695 
          16  1 0.0288 0.0895 0.0189 0.0922 0.0360 0.4085 0.3261 
          17  1 0.0551 0.1168 0.0176 0.0678 0.5695 0.0226 0.1506 
          18  1 0.0225 0.0655 0.0363 0.0410 0.7469 0.0213 0.0666 
          19  1 0.0216 0.0292 0.7605 0.0184 0.0143 0.1283 0.0279 
          20  1 0.0181 0.0777 0.7324 0.0510 0.0183 0.0184 0.0840 
          21  1 0.0312 0.0143 0.0188 0.1349 0.0212 0.7340 0.0456 
          22  1 0.0444 0.0397 0.5898 0.0858 0.0233 0.0198 0.1972 
          23  1 0.0333 0.0670 0.0585 0.1041 0.3877 0.0688 0.2806 
          24  1 0.0112 0.0160 0.0115 0.0139 0.0120 0.9149 0.0206 
          25  1 0.0380 0.1104 0.0161 0.2467 0.3207 0.0241 0.2439 
          26  1 0.0424 0.1165 0.2461 0.1174 0.0914 0.0871 0.2991 
          27  1 0.0468 0.0705 0.1216 0.0427 0.0378 0.3935 0.2871 
          28  1 0.0451 0.0593 0.0364 0.7318 0.0605 0.0196 0.0473 
          29  1 0.1768 0.0584 0.0576 0.1731 0.1557 0.0168 0.3616 
          30  1 0.0883 0.0298 0.0333 0.5673 0.1770 0.0327 0.0716 
          31  1 0.0715 0.1278 0.0645 0.2850 0.1944 0.0652 0.1916 
          32  1 0.0227 0.3921 0.0824 0.2402 0.0282 0.0300 0.2044 
          33  1 0.0240 0.0292 0.0178 0.0499 0.8217 0.0221 0.0353 
          34  1 0.0361 0.0157 0.8416 0.0206 0.0430 0.0216 0.0213 
          35  1 0.0220 0.0119 0.0134 0.0116 0.9164 0.0098 0.0148 
          36  1 0.0831 0.0118 0.7973 0.0176 0.0342 0.0342 0.0218 
          37  1 0.0695 0.0455 0.0716 0.1487 0.1438 0.0901 0.4309 
          38  1 0.0894 0.0293 0.0265 0.0596 0.0510 0.6531 0.0911 
          39  1 0.1969 0.1160 0.0806 0.0658 0.0303 0.0336 0.4768 
          40  1 0.0170 0.1330 0.0274 0.1093 0.2106 0.1208 0.3820 
          41  1 0.0493 0.0366 0.0202 0.0478 0.0214 0.7800 0.0447 
          42  1 0.0376 0.0417 0.0576 0.0883 0.4772 0.0166 0.2810 
          43  1 0.0145 0.0159 0.0157 0.0217 0.3988 0.5128 0.0206 
          44  1 0.1015 0.0306 0.0507 0.0343 0.0099 0.7433 0.0297 
          45  1 0.0288 0.4947 0.0870 0.1099 0.0363 0.0494 0.1940 
          46  1 0.0120 0.0231 0.0325 0.0403 0.8069 0.0229 0.0624 
          47  1 0.0337 0.2593 0.0557 0.0878 0.0630 0.1770 0.3235 
          48  1 0.0602 0.3575 0.0402 0.0510 0.0127 0.1238 0.3547 
          49  1 0.0358 0.4576 0.0205 0.0887 0.0668 0.0300 0.3005 
          50  1 0.0991 0.4346 0.0279 0.0784 0.0147 0.0600 0.2853 
          51  1 0.1205 0.2857 0.0103 0.4766 0.0185 0.0133 0.0750 
          52  1 0.3151 0.1496 0.0171 0.1608 0.1090 0.0407 0.2077 
          53  1 0.4580 0.0505 0.1006 0.2236 0.0676 0.0141 0.0855 
          54  1 0.0412 0.3759 0.0133 0.0675 0.0150 0.0119 0.4752 
          55  1 0.0393 0.0711 0.0970 0.4790 0.0890 0.1302 0.0943 
          56  1 0.0854 0.1217 0.0154 0.2730 0.0416 0.1385 0.3244 
          57  1 0.0706 0.0525 0.0230 0.5241 0.0711 0.0277 0.2310 
          58  1 0.0647 0.0468 0.0516 0.4982 0.0438 0.0950 0.2000 
          59  1 0.4506 0.0528 0.1304 0.0579 0.0337 0.0311 0.2436 
          60  1 0.0688 0.1899 0.2040 0.2445 0.0129 0.0360 0.2439 
          61  1 0.0258 0.1187 0.0606 0.0432 0.0282 0.6652 0.0583 
          62  1 0.3153 0.1834 0.0264 0.1350 0.0980 0.0363 0.2055 
          63  1 0.0133 0.0390 0.0234 0.0205 0.8664 0.0172 0.0201 
          64  1 0.6256 0.1317 0.1730 0.0226 0.0105 0.0117 0.0249 
          65  1 0.0840 0.0186 0.0136 0.7085 0.0213 0.0923 0.0617 
          66  1 0.0305 0.0174 0.0280 0.0192 0.0312 0.8517 0.0219 
          67  1 0.0239 0.0889 0.0219 0.6179 0.0841 0.0207 0.1426 
          68  1 0.0289 0.4281 0.0132 0.3338 0.0199 0.0550 0.1211 
          69  1 0.0932 0.1031 0.0327 0.0656 0.0292 0.0678 0.6084 
          70  1 0.0279 0.6605 0.0249 0.0472 0.0373 0.0200 0.1823 
          71  1 0.2287 0.1086 0.0280 0.0957 0.1074 0.0477 0.3839 
          72  1 0.0161 0.0330 0.0209 0.0354 0.8495 0.0167 0.0284 
          73  1 0.0995 0.0698 0.0426 0.0629 0.0956 0.0914 0.5381 
          74  1 0.1310 0.0655 0.1476 0.0530 0.5314 0.0152 0.0563 
          75  1 0.0715 0.0311 0.1169 0.1889 0.2491 0.1228 0.2197 
          76  1 0.1363 0.2282 0.0186 0.4083 0.0211 0.0198 0.1678 
          77  1 0.7133 0.0322 0.0595 0.0203 0.0867 0.0330 0.0550 
          78  1 0.0193 0.1765 0.1397 0.1371 0.1569 0.1696 0.2009 
          79  1 0.0401 0.6128 0.1135 0.0206 0.0436 0.0293 0.1402 
          80  1 0.0284 0.0246 0.0287 0.0394 0.8259 0.0178 0.0352 
          81  1 0.1422 0.0209 0.0437 0.6027 0.0143 0.1195 0.0567 
          82  1 0.0260 0.0783 0.0644 0.1131 0.5740 0.0214 0.1227 
          83  1 0.0142 0.0190 0.0132 0.0499 0.6866 0.1589 0.0583 
          84  1 0.1461 0.0323 0.3297 0.0621 0.1454 0.1176 0.1669 
          85  1 0.0393 0.0634 0.0170 0.7443 0.0734 0.0235 0.0391 
          86  1 0.0481 0.0352 0.0192 0.8148 0.0230 0.0232 0.0365 
          87  1 0.1635 0.0349 0.2876 0.0344 0.0322 0.1630 0.2845 
          88  1 0.0280 0.1101 0.0207 0.0874 0.1183 0.1565 0.4789 
          89  1 0.0337 0.2796 0.0427 0.2218 0.0270 0.0273 0.3679 
          90  1 0.0190 0.0150 0.0171 0.0209 0.8945 0.0163 0.0172 
          91  1 0.0298 0.0759 0.0536 0.1422 0.1369 0.0550 0.5067 
          92  1 0.0263 0.0206 0.0193 0.8420 0.0449 0.0168 0.0301 
          93  1 0.1035 0.1202 0.0440 0.2767 0.0296 0.0704 0.3555 
          94  1 0.0258 0.0722 0.0257 0.7740 0.0431 0.0223 0.0370 
          95  1 0.0303 0.2943 0.0845 0.0317 0.3941 0.0412 0.1238 
          96  1 0.2120 0.1601 0.0650 0.0718 0.1489 0.0772 0.2650 
          97  1 0.2314 0.0493 0.5486 0.0926 0.0245 0.0101 0.0435 
          98  1 0.3534 0.1125 0.0479 0.0155 0.1039 0.0281 0.3387 
          99  1 0.0988 0.0408 0.0120 0.7868 0.0183 0.0159 0.0275 
         100  1 0.1101 0.0807 0.0610 0.4306 0.0413 0.0325 0.2439 
         101  1 0.0397 0.0263 0.0475 0.0392 0.5264 0.2400 0.0809 
         102  1 0.0270 0.0553 0.0170 0.0292 0.7427 0.0795 0.0493 
         103  1 0.0213 0.1095 0.0439 0.1401 0.1612 0.3461 0.1778 
         104  1 0.0401 0.3652 0.3491 0.0406 0.0968 0.0313 0.0770 
         105  1 0.2529 0.1648 0.0631 0.0917 0.1534 0.0725 0.2017 
         106  1 0.0538 0.0438 0.0340 0.6900 0.0236 0.0661 0.0888 
         107  1 0.0185 0.8866 0.0155 0.0178 0.0163 0.0141 0.0311 
         108  1 0.0274 0.0666 0.0576 0.1046 0.1802 0.0718 0.4920 
         109  1 0.0347 0.0917 0.0599 0.3901 0.0941 0.0529 0.2767 
         110  1 0.1115 0.3859 0.0424 0.0257 0.3502 0.0197 0.0646 
         111  1 0.0389 0.0518 0.4825 0.0412 0.0225 0.0323 0.3308 
         112  1 0.0686 0.1221 0.4320 0.0720 0.0540 0.0355 0.2157 
         113  1 0.0670 0.0482 0.0272 0.0229 0.7469 0.0456 0.0422 
         114  1 0.0142 0.8879 0.0216 0.0186 0.0138 0.0078 0.0362 
         115  1 0.0227 0.0532 0.1148 0.0775 0.0929 0.3535 0.2854 
         116  1 0.0544 0.0406 0.0752 0.2606 0.1111 0.1654 0.2928 
         117  1 0.1298 0.0609 0.2678 0.0365 0.0175 0.3226 0.1650 
         118  1 0.0681 0.2311 0.0795 0.0453 0.0531 0.0318 0.4912 
         119  1 0.0253 0.1803 0.0532 0.0570 0.5119 0.0274 0.1450 
         120  1 0.8766 0.0149 0.0131 0.0343 0.0287 0.0128 0.0195 
         121  1 0.0302 0.0459 0.0130 0.0336 0.0210 0.8205 0.0356 
         122  1 0.3857 0.0471 0.0384 0.1301 0.1274 0.0557 0.2155 
         123  1 0.7154 0.0162 0.2136 0.0117 0.0140 0.0111 0.0179 
         124  1 0.0209 0.0174 0.0179 0.1732 0.6824 0.0160 0.0721 
         125  1 0.0702 0.0466 0.4392 0.1338 0.0506 0.0286 0.2310 
         126  1 0.6447 0.1296 0.0735 0.0191 0.0335 0.0324 0.0672 
         127  1 0.0374 0.0793 0.0205 0.7714 0.0233 0.0108 0.0571 
         128  1 0.0213 0.1959 0.2250 0.0295 0.3189 0.1133 0.0962 
         129  1 0.3318 0.0525 0.0197 0.3986 0.0762 0.0291 0.0922 
         130  1 0.0438 0.0453 0.0953 0.1672 0.0350 0.0359 0.5774 
         131  1 0.1291 0.2246 0.0666 0.2059 0.1893 0.0487 0.1357 
         132  1 0.7521 0.0174 0.0733 0.0197 0.0750 0.0277 0.0348 
         133  1 0.0263 0.1106 0.0147 0.2496 0.0858 0.3116 0.2015 
         134  1 0.0315 0.0217 0.0244 0.7220 0.1027 0.0174 0.0802 
         135  1 0.0176 0.0249 0.0231 0.7920 0.0761 0.0155 0.0506 
         136  1 0.0134 0.0399 0.0297 0.8441 0.0167 0.0115 0.0447 
         137  1 0.8586 0.0247 0.0201 0.0329 0.0200 0.0151 0.0286 
         138  1 0.6955 0.0205 0.0261 0.1502 0.0193 0.0583 0.0301 
         139  1 0.8170 0.0207 0.0292 0.0467 0.0159 0.0221 0.0484 
         140  1 0.1681 0.0307 0.6206 0.0250 0.0662 0.0130 0.0764 
         141  1 0.0230 0.8347 0.0312 0.0251 0.0099 0.0182 0.0579 
         142  1 0.0186 0.8372 0.0511 0.0252 0.0196 0.0153 0.0329 
         143  1 0.8247 0.0386 0.0198 0.0328 0.0137 0.0376 0.0328 
         144  1 0.0353 0.0653 0.0245 0.4397 0.2533 0.0418 0.1401 
         145  1 0.6116 0.0977 0.0425 0.0486 0.0220 0.0601 0.1175 
         146  1 0.0493 0.1408 0.0306 0.6671 0.0225 0.0140 0.0757 
         147  1 0.0349 0.0408 0.0232 0.0774 0.0632 0.0527 0.7077 
         148  1 0.0296 0.3203 0.0405 0.1053 0.1315 0.0657 0.3070 
         149  1 0.0323 0.0395 0.1100 0.0538 0.1562 0.3147 0.2935 
         150  1 0.0471 0.4924 0.0317 0.1952 0.0368 0.0229 0.1738 
         151  1 0.0207 0.0129 0.0218 0.0210 0.0209 0.8777 0.0250 
         152  1 0.0328 0.1200 0.0540 0.0537 0.5372 0.0323 0.1700 
         153  1 0.0331 0.2412 0.0294 0.1494 0.0208 0.2265 0.2996 
         154  1 0.0263 0.0384 0.0727 0.0288 0.1688 0.5871 0.0780 
         155  1 0.0402 0.1149 0.0244 0.1514 0.0190 0.3657 0.2845 
         156  1 0.0799 0.1484 0.1211 0.1029 0.0321 0.0204 0.4951 
         157  1 0.8384 0.0181 0.0681 0.0192 0.0230 0.0147 0.0184 
         158  1 0.0675 0.6984 0.0122 0.0621 0.0179 0.0296 0.1122 
         159  1 0.0280 0.0241 0.8630 0.0162 0.0307 0.0118 0.0262 
         160  1 0.0581 0.1394 0.0325 0.1580 0.0721 0.0570 0.4829 
         161  1 0.0319 0.5748 0.1534 0.0530 0.0379 0.0307 0.1184 
         162  1 0.0236 0.1122 0.0571 0.0681 0.1279 0.1876 0.4236 
         163  1 0.4674 0.0409 0.2530 0.0482 0.0226 0.0184 0.1495 
         164  1 0.1915 0.2839 0.2078 0.0533 0.1218 0.0302 0.1115 
         165  1 0.0580 0.0222 0.8345 0.0145 0.0227 0.0115 0.0367 
         166  1 0.0256 0.2887 0.1677 0.0532 0.1035 0.0893 0.2721 
         167  1 0.0241 0.0350 0.0167 0.0412 0.0502 0.7992 0.0337 
         168  1 0.0549 0.1196 0.0194 0.5237 0.0266 0.0399 0.2159 
         169  1 0.0486 0.0141 0.1526 0.0864 0.5778 0.0392 0.0813 
         170  1 0.0630 0.0414 0.0151 0.7704 0.0157 0.0282 0.0662 
         171  1 0.2151 0.0526 0.2901 0.0382 0.0373 0.0412 0.3255 
         172  1 0.0395 0.0303 0.0624 0.0835 0.0607 0.1758 0.5477 
         173  1 0.0391 0.0479 0.0791 0.0327 0.0287 0.5206 0.2518 
         174  1 0.2947 0.1869 0.1071 0.1585 0.0208 0.0422 0.1898 
         175  1 0.0277 0.2758 0.0379 0.1737 0.0384 0.0843 0.3622 
         176  1 0.0272 0.2225 0.0167 0.1293 0.0174 0.0732 0.5138 
         177  1 0.0359 0.0461 0.0149 0.1437 0.0260 0.2927 0.4408 
         178  1 0.0341 0.0487 0.0639 0.5756 0.1253 0.0308 0.1217 
         179  1 0.0218 0.7707 0.0261 0.0486 0.0490 0.0442 0.0395 
         180  1 0.1637 0.6277 0.0587 0.0273 0.0243 0.0362 0.0621 
         181  1 0.0161 0.0205 0.0136 0.0248 0.0277 0.8717 0.0256 
         182  1 0.0198 0.1482 0.0180 0.3332 0.2776 0.0627 0.1405 
         183  1 0.6225 0.0194 0.0338 0.2307 0.0201 0.0138 0.0597 
         184  1 0.0232 0.1402 0.0444 0.0663 0.2993 0.0717 0.3549 
         185  1 0.0202 0.8651 0.0321 0.0256 0.0213 0.0102 0.0254 
         186  1 0.0215 0.0545 0.5328 0.0612 0.0192 0.1236 0.1872 
         187  1 0.0276 0.2747 0.1243 0.0334 0.1088 0.0491 0.3820 
         188  1 0.0527 0.4713 0.0174 0.0727 0.0291 0.0358 0.3210 
         189  1 0.8852 0.0232 0.0164 0.0194 0.0121 0.0099 0.0338 
         190  1 0.0222 0.0340 0.0294 0.0262 0.0619 0.7670 0.0594 
         191  1 0.0582 0.0149 0.5345 0.0409 0.0394 0.2478 0.0641 
         192  1 0.0349 0.3939 0.0246 0.0776 0.0377 0.0541 0.3772 
         193  1 0.7145 0.0159 0.2137 0.0121 0.0142 0.0113 0.0182 
         194  1 0.0223 0.0134 0.8988 0.0232 0.0120 0.0102 0.0201 
         195  1 0.7546 0.0640 0.0880 0.0276 0.0112 0.0086 0.0460 
         196  1 0.0161 0.1428 0.7027 0.0253 0.0286 0.0339 0.0507 
         197  1 0.2457 0.2788 0.1707 0.0354 0.0314 0.0430 0.1951 
         198  1 0.1210 0.5135 0.0759 0.0428 0.0280 0.0124 0.2064 
         199  1 0.0154 0.0223 0.0220 0.0204 0.8849 0.0150 0.0200 
         200  1 0.0900 0.0550 0.5676 0.0652 0.0865 0.0246 0.1112 
         201  1 0.0238 0.0245 0.8716 0.0182 0.0242 0.0190 0.0187 
         202  1 0.0327 0.1028 0.0437 0.3158 0.0963 0.0217 0.3870 
         203  1 0.0133 0.0418 0.0301 0.8438 0.0179 0.0115 0.0417 
         204  1 0.0133 0.0238 0.0868 0.7436 0.0393 0.0149 0.0783 
         205  1 0.0119 0.0474 0.1622 0.0714 0.0309 0.6267 0.0495 
         206  1 0.0632 0.3933 0.0773 0.0431 0.0483 0.0160 0.3589 
         207  1 0.0125 0.0312 0.0142 0.0428 0.0177 0.8479 0.0337 
         208  1 0.0919 0.2749 0.2109 0.0684 0.0381 0.0690 0.2469 
         209  1 0.0229 0.0929 0.6131 0.0264 0.0798 0.0497 0.1152 
         210  1 0.1976 0.6160 0.0485 0.0351 0.0210 0.0283 0.0536 
         211  1 0.1064 0.0295 0.0774 0.0164 0.0302 0.6987 0.0413 
         212  1 0.0504 0.0784 0.0727 0.0307 0.0350 0.6276 0.1053 
         213  1 0.0522 0.0277 0.0206 0.8248 0.0175 0.0208 0.0365 
         214  1 0.4243 0.0896 0.2095 0.0516 0.1139 0.0253 0.0858 
         215  1 0.8117 0.0167 0.0293 0.0288 0.0202 0.0680 0.0253 
         216  1 0.0846 0.0651 0.0831 0.6765 0.0287 0.0120 0.0501 
         217  1 0.8851 0.0244 0.0154 0.0190 0.0124 0.0098 0.0339 
         218  1 0.0689 0.1083 0.0880 0.0357 0.0213 0.6164 0.0614 
         219  1 0.0247 0.0242 0.8734 0.0178 0.0221 0.0192 0.0186 
         220  1 0.0509 0.0309 0.0556 0.5890 0.0404 0.0235 0.2098 
         221  1 0.0394 0.0841 0.6019 0.0543 0.0614 0.0339 0.1251 
         222  1 0.0446 0.0494 0.0496 0.1530 0.0428 0.0471 0.6134 
         223  1 0.0208 0.0838 0.2137 0.1883 0.1238 0.0491 0.3204 
         224  1 0.7395 0.0193 0.0244 0.0751 0.0230 0.0473 0.0712 
         225  1 0.0155 0.0178 0.0107 0.0175 0.0191 0.8997 0.0197 
         226  1 0.0184 0.0318 0.0205 0.0171 0.0279 0.8534 0.0310 
         227  1 0.0872 0.0260 0.0177 0.0496 0.0538 0.6940 0.0717 
         228  1 0.0410 0.1382 0.4431 0.0390 0.0495 0.0382 0.2510 
         229  1 0.0601 0.0952 0.0528 0.0491 0.0335 0.0996 0.6096 
         230  1 0.1577 0.2399 0.0367 0.0603 0.1391 0.0187 0.3476 
         231  1 0.0966 0.4113 0.0198 0.1542 0.0227 0.1966 0.0988 
         232  1 0.0243 0.4330 0.1368 0.0675 0.0693 0.0196 0.2495 
         233  1 0.0628 0.0395 0.0262 0.7118 0.0173 0.0612 0.0812 
         234  1 0.1237 0.1204 0.0263 0.0596 0.0212 0.0195 0.6293 
         235  1 0.0569 0.0172 0.0229 0.0230 0.8146 0.0278 0.0375 
         236  1 0.0719 0.0416 0.1715 0.4373 0.0584 0.0207 0.1986 
         237  1 0.0474 0.1302 0.0132 0.0616 0.2121 0.2258 0.3097 
         238  1 0.0180 0.0770 0.0132 0.0326 0.0250 0.7731 0.0610 
         239  1 0.0431 0.1233 0.1165 0.2399 0.0992 0.0206 0.3574 
         240  1 0.1638 0.1043 0.0906 0.1449 0.0258 0.0247 0.4459 
         241  1 0.0177 0.0284 0.0753 0.0149 0.0253 0.8137 0.0247 
         242  1 0.2165 0.3008 0.0520 0.0421 0.0343 0.0318 0.3225 
         243  1 0.0430 0.1412 0.0133 0.4962 0.1744 0.0282 0.1038 
         244  1 0.0194 0.0225 0.0152 0.0146 0.8592 0.0383 0.0309 
         245  1 0.1731 0.2761 0.1322 0.0302 0.0517 0.0780 0.2586 
         246  1 0.8725 0.0344 0.0209 0.0139 0.0199 0.0162 0.0223 
         247  1 0.1510 0.0802 0.0964 0.2799 0.0398 0.0767 0.2759 
         248  1 0.0715 0.1826 0.0249 0.0856 0.0236 0.1538 0.4580 
         249  1 0.1830 0.0866 0.1253 0.2412 0.0749 0.0378 0.2512 
         250  1 0.0935 0.0712 0.0276 0.2194 0.0471 0.0809 0.4604 
         251  1 0.0416 0.0578 0.0303 0.4144 0.2069 0.0326 0.2165 
         252  1 0.1031 0.5177 0.0176 0.1706 0.0300 0.0844 0.0766 
         253  1 0.0776 0.0833 0.6689 0.0677 0.0286 0.0165 0.0573 
         254  1 0.0422 0.4916 0.0632 0.0446 0.1103 0.0451 0.2029 
         255  1 0.0205 0.0256 0.8525 0.0161 0.0544 0.0112 0.0197 
         256  1 0.0210 0.0255 0.8520 0.0165 0.0538 0.0114 0.0197 
         257  1 0.0568 0.1302 0.2970 0.0310 0.0580 0.0382 0.3888 
         258  1 0.0217 0.7417 0.0434 0.0235 0.0111 0.0263 0.1323 
         259  1 0.0378 0.8599 0.0251 0.0297 0.0116 0.0110 0.0250 
         260  1 0.2532 0.1840 0.0239 0.0363 0.0188 0.0636 0.4202 
