           1  1 0.4970 0.1369 0.0487 0.0370 0.1552 0.1252 
           2  1 0.2573 0.0328 0.0683 0.0703 0.3290 0.2423 
           3  1 0.0777 0.7605 0.0241 0.0683 0.0384 0.0310 
           4  1 0.1931 0.0924 0.0405 0.1087 0.3358 0.2296 
           5  1 0.3000 0.0239 0.1023 0.2063 0.2612 0.1063 
           6  1 0.3668 0.0640 0.0190 0.3922 0.1116 0.0464 
           7  1 0.1612 0.0769 0.1944 0.0846 0.2838 0.1992 
           8  1 0.1456 0.4368 0.1663 0.0403 0.0898 0.1213 
           9  1 0.2123 0.0286 0.6465 0.0315 0.0440 0.0371 
          10  1 0.7026 0.0308 0.0664 0.0568 0.0973 0.0462 
          11  1 0.4239 0.1037 0.0162 0.2820 0.0969 0.0772 
          12  1 0.0610 0.0475 0.6335 0.0764 0.1034 0.0783 
          13  1 0.0374 0.1534 0.0254 0.1374 0.2867 0.3598 
          14  1 0.0422 0.7605 0.0358 0.0336 0.0602 0.0677 
          15  1 0.0279 0.0429 0.0199 0.1793 0.4658 0.2643 
          16  1 0.0240 0.0527 0.4945 0.1429 0.1995 0.0863 
          17  1 0.0212 0.5362 0.0298 0.1211 0.1739 0.1179 
          18  1 0.0463 0.7426 0.0318 0.0787 0.0568 0.0438 
          19  1 0.7452 0.0209 0.1379 0.0438 0.0302 0.0219 
          20  1 0.6612 0.0282 0.0256 0.1216 0.1196 0.0437 
          21  1 0.0231 0.0309 0.7229 0.0213 0.0877 0.1141 
          22  1 0.5482 0.0375 0.0327 0.0773 0.2186 0.0856 
          23  1 0.0582 0.5265 0.0984 0.0867 0.1526 0.0777 
          24  1 0.0146 0.0153 0.9109 0.0212 0.0207 0.0174 
          25  1 0.0228 0.3805 0.0385 0.1629 0.2139 0.1814 
          26  1 0.2614 0.1419 0.1308 0.1363 0.2061 0.1235 
          27  1 0.1567 0.0620 0.4989 0.1038 0.1209 0.0578 
          28  1 0.0447 0.1027 0.0282 0.0868 0.2406 0.4969 
          29  1 0.0686 0.1799 0.0243 0.0809 0.3557 0.2906 
          30  1 0.0426 0.1917 0.0448 0.0400 0.2087 0.4721 
          31  1 0.0875 0.2527 0.0925 0.1948 0.1862 0.1863 
          32  1 0.0844 0.0412 0.0407 0.5004 0.2211 0.1122 
          33  1 0.0227 0.8071 0.0305 0.0380 0.0492 0.0525 
          34  1 0.8216 0.0671 0.0308 0.0237 0.0264 0.0304 
          35  1 0.0209 0.9043 0.0137 0.0172 0.0209 0.0230 
          36  1 0.8148 0.0480 0.0473 0.0173 0.0348 0.0377 
          37  1 0.0754 0.2094 0.1542 0.0857 0.3105 0.1649 
          38  1 0.0333 0.0636 0.6690 0.0463 0.0931 0.0947 
          39  1 0.1497 0.0478 0.0599 0.1619 0.3652 0.2154 
          40  1 0.0312 0.2659 0.1814 0.2260 0.2170 0.0784 
          41  1 0.0277 0.0312 0.7701 0.0448 0.0553 0.0709 
          42  1 0.0599 0.5207 0.0240 0.0710 0.2309 0.0937 
          43  1 0.0219 0.3975 0.5091 0.0226 0.0260 0.0229 
          44  1 0.1063 0.0146 0.7383 0.0424 0.0457 0.0528 
          45  1 0.0952 0.0478 0.0655 0.5518 0.1505 0.0893 
          46  1 0.0332 0.8075 0.0341 0.0354 0.0573 0.0325 
          47  1 0.0590 0.0888 0.2069 0.2928 0.2331 0.1193 
          48  1 0.0605 0.0199 0.1854 0.3694 0.2353 0.1294 
          49  1 0.0270 0.0959 0.0430 0.4787 0.2449 0.1104 
          50  1 0.0358 0.0193 0.0726 0.4144 0.2427 0.2151 
          51  1 0.0150 0.0265 0.0179 0.2548 0.1968 0.4890 
          52  1 0.0298 0.1059 0.0497 0.1615 0.3316 0.3214 
          53  1 0.2274 0.0709 0.0187 0.0616 0.1959 0.4254 
          54  1 0.0169 0.0213 0.0180 0.4303 0.3699 0.1435 
          55  1 0.1206 0.1394 0.1469 0.0875 0.2200 0.2856 
          56  1 0.0223 0.0564 0.1916 0.1621 0.2744 0.2933 
          57  1 0.0301 0.1212 0.0387 0.1070 0.4175 0.2856 
          58  1 0.0561 0.0717 0.1139 0.0645 0.3016 0.3923 
          59  1 0.2751 0.0443 0.0429 0.0933 0.2884 0.2560 
          60  1 0.2236 0.0195 0.0506 0.2528 0.2709 0.1826 
          61  1 0.0616 0.0378 0.6727 0.1300 0.0539 0.0439 
          62  1 0.0342 0.1095 0.0419 0.1844 0.2305 0.3995 
          63  1 0.0298 0.8515 0.0241 0.0483 0.0244 0.0219 
          64  1 0.5201 0.0147 0.0159 0.2380 0.0890 0.1224 
          65  1 0.0187 0.0339 0.1336 0.0299 0.2475 0.5363 
          66  1 0.0379 0.0405 0.8389 0.0240 0.0287 0.0300 
          67  1 0.0299 0.1674 0.0345 0.2050 0.3442 0.2190 
          68  1 0.0172 0.0323 0.0768 0.5032 0.2043 0.1662 
          69  1 0.0475 0.0392 0.1085 0.1386 0.4676 0.1986 
          70  1 0.0324 0.0576 0.0314 0.6623 0.1391 0.0772 
          71  1 0.0350 0.1176 0.0603 0.1360 0.3791 0.2720 
          72  1 0.0231 0.8368 0.0234 0.0471 0.0394 0.0302 
          73  1 0.0500 0.1195 0.1308 0.1021 0.3932 0.2044 
          74  1 0.1908 0.5163 0.0219 0.0726 0.0875 0.1110 
          75  1 0.1290 0.3114 0.1667 0.0468 0.1816 0.1645 
          76  1 0.0286 0.0296 0.0272 0.2311 0.2258 0.4577 
          77  1 0.2843 0.1160 0.0448 0.0765 0.2235 0.2548 
          78  1 0.1363 0.2049 0.2046 0.2346 0.1566 0.0630 
          79  1 0.1395 0.0648 0.0395 0.6046 0.1026 0.0489 
          80  1 0.0319 0.8214 0.0240 0.0334 0.0467 0.0426 
          81  1 0.0671 0.0210 0.1615 0.0311 0.2242 0.4952 
          82  1 0.0674 0.6062 0.0281 0.0870 0.1335 0.0779 
          83  1 0.0159 0.6827 0.1816 0.0262 0.0494 0.0442 
          84  1 0.4483 0.1639 0.1501 0.0407 0.1146 0.0824 
          85  1 0.0231 0.1192 0.0418 0.1083 0.2220 0.4855 
          86  1 0.0287 0.0379 0.0428 0.0634 0.2657 0.5616 
          87  1 0.4252 0.0467 0.2025 0.0515 0.1729 0.1012 
          88  1 0.0313 0.1662 0.2242 0.1867 0.2878 0.1037 
          89  1 0.0483 0.0439 0.0462 0.4380 0.2836 0.1400 
          90  1 0.0225 0.8799 0.0225 0.0209 0.0260 0.0283 
          91  1 0.0561 0.2033 0.0873 0.1368 0.3808 0.1357 
          92  1 0.0243 0.1109 0.0308 0.0473 0.2740 0.5127 
          93  1 0.0637 0.0379 0.0908 0.1701 0.2625 0.3750 
          94  1 0.0341 0.0872 0.0400 0.1399 0.2358 0.4629 
          95  1 0.0688 0.4220 0.0490 0.3303 0.0874 0.0425 
          96  1 0.1116 0.1880 0.1200 0.1526 0.1869 0.2409 
          97  1 0.6769 0.0361 0.0147 0.0724 0.0902 0.1097 
          98  1 0.1470 0.1408 0.0422 0.1501 0.3516 0.1682 
          99  1 0.0169 0.0253 0.0201 0.0465 0.2476 0.6436 
         100  1 0.0695 0.0631 0.0463 0.1678 0.3733 0.2800 
         101  1 0.0575 0.5253 0.2544 0.0408 0.0699 0.0521 
         102  1 0.0222 0.7268 0.0940 0.0647 0.0491 0.0431 
         103  1 0.0515 0.2045 0.4025 0.1620 0.1164 0.0631 
         104  1 0.3536 0.1328 0.0447 0.3531 0.0652 0.0506 
         105  1 0.0956 0.1635 0.0892 0.2381 0.1913 0.2223 
         106  1 0.0571 0.0399 0.0977 0.0939 0.3616 0.3498 
         107  1 0.0241 0.0239 0.0198 0.8726 0.0329 0.0266 
         108  1 0.0558 0.2881 0.1104 0.1251 0.3083 0.1122 
         109  1 0.0541 0.1511 0.0839 0.1481 0.3363 0.2266 
         110  1 0.0781 0.3275 0.0273 0.3469 0.1110 0.1091 
         111  1 0.5633 0.0381 0.0658 0.0928 0.1890 0.0511 
         112  1 0.3912 0.0810 0.0476 0.1697 0.2014 0.1091 
         113  1 0.0314 0.7390 0.0575 0.0618 0.0469 0.0634 
         114  1 0.0260 0.0201 0.0111 0.8542 0.0535 0.0350 
         115  1 0.1314 0.1091 0.4628 0.0690 0.1572 0.0705 
         116  1 0.0824 0.1629 0.2349 0.0622 0.2247 0.2330 
         117  1 0.3151 0.0248 0.3530 0.0701 0.1438 0.0931 
         118  1 0.0943 0.0762 0.0514 0.2848 0.3426 0.1506 
         119  1 0.0500 0.5894 0.0367 0.1585 0.1077 0.0577 
         120  1 0.0368 0.0538 0.0174 0.0299 0.2055 0.6567 
         121  1 0.0176 0.0278 0.8062 0.0532 0.0439 0.0512 
         122  1 0.1130 0.1485 0.0924 0.0811 0.2288 0.3362 
         123  1 0.7866 0.0201 0.0147 0.0235 0.0747 0.0805 
         124  1 0.0218 0.7144 0.0208 0.0243 0.1234 0.0954 
         125  1 0.4716 0.0701 0.0433 0.0742 0.2097 0.1311 
         126  1 0.3005 0.0472 0.0441 0.1725 0.1726 0.2631 
         127  1 0.0302 0.0460 0.0188 0.2419 0.3346 0.3285 
         128  1 0.1952 0.3339 0.1399 0.2344 0.0644 0.0322 
         129  1 0.0261 0.0897 0.0361 0.0586 0.2258 0.5638 
         130  1 0.1206 0.0572 0.0589 0.0911 0.4944 0.1778 
         131  1 0.0923 0.2112 0.0655 0.2749 0.1636 0.1924 
         132  1 0.1873 0.0881 0.0453 0.0300 0.1782 0.4711 
         133  1 0.0188 0.1274 0.3938 0.1389 0.1686 0.1525 
         134  1 0.0267 0.1372 0.0252 0.0339 0.3106 0.4664 
         135  1 0.0312 0.1648 0.0271 0.0709 0.3481 0.3579 
         136  1 0.0369 0.0420 0.0206 0.2074 0.4214 0.2718 
         137  1 0.0570 0.0319 0.0227 0.0544 0.2278 0.6063 
         138  1 0.0730 0.0205 0.0441 0.0260 0.2046 0.6318 
         139  1 0.1273 0.0271 0.0361 0.0408 0.2077 0.5610 
         140  1 0.6360 0.0868 0.0183 0.0425 0.1136 0.1028 
         141  1 0.0453 0.0151 0.0276 0.7885 0.0730 0.0504 
         142  1 0.0703 0.0313 0.0221 0.8120 0.0370 0.0273 
         143  1 0.0667 0.0210 0.0450 0.0870 0.2258 0.5544 
         144  1 0.0339 0.3522 0.0598 0.1175 0.2596 0.1769 
         145  1 0.1679 0.0345 0.0751 0.1633 0.2128 0.3464 
         146  1 0.0379 0.0364 0.0216 0.1712 0.2451 0.4879 
         147  1 0.0405 0.1034 0.1255 0.0971 0.4646 0.1689 
         148  1 0.0430 0.1931 0.1053 0.3724 0.1865 0.0997 
         149  1 0.1288 0.1887 0.4182 0.0617 0.1543 0.0483 
         150  1 0.0402 0.0561 0.0326 0.5128 0.1968 0.1615 
         151  1 0.0279 0.0289 0.8697 0.0172 0.0291 0.0272 
         152  1 0.0701 0.5478 0.0464 0.1536 0.1315 0.0506 
         153  1 0.0361 0.0314 0.2935 0.2993 0.1922 0.1475 
         154  1 0.0657 0.1965 0.5998 0.0483 0.0494 0.0403 
         155  1 0.0379 0.0295 0.4201 0.1855 0.2010 0.1260 
         156  1 0.1113 0.0467 0.0322 0.1834 0.3919 0.2345 
         157  1 0.4461 0.0573 0.0287 0.0372 0.1237 0.3069 
         158  1 0.0178 0.0255 0.0397 0.6499 0.1312 0.1358 
         159  1 0.8451 0.0492 0.0160 0.0331 0.0310 0.0256 
         160  1 0.0371 0.1208 0.0841 0.2015 0.3661 0.1904 
         161  1 0.1875 0.0539 0.0470 0.5500 0.1009 0.0607 
         162  1 0.0619 0.1785 0.2622 0.1591 0.2534 0.0850 
         163  1 0.3859 0.0350 0.0291 0.0714 0.2049 0.2738 
         164  1 0.2491 0.1361 0.0423 0.3037 0.1291 0.1396 
         165  1 0.8390 0.0311 0.0169 0.0326 0.0436 0.0368 
         166  1 0.1568 0.1327 0.1246 0.3629 0.1681 0.0550 
         167  1 0.0224 0.0645 0.7854 0.0437 0.0423 0.0418 
         168  1 0.0248 0.0372 0.0511 0.1365 0.3589 0.3915 
         169  1 0.1388 0.5992 0.0524 0.0215 0.0966 0.0916 
         170  1 0.0206 0.0211 0.0401 0.0600 0.3112 0.5470 
         171  1 0.3390 0.0507 0.0633 0.0855 0.2926 0.1690 
         172  1 0.1003 0.1100 0.3158 0.0586 0.2969 0.1184 
         173  1 0.0849 0.0423 0.5681 0.0817 0.1547 0.0682 
         174  1 0.1563 0.0298 0.0538 0.2475 0.2945 0.2181 
         175  1 0.0427 0.0628 0.1322 0.3203 0.3050 0.1370 
         176  1 0.0206 0.0268 0.1351 0.2482 0.3856 0.1837 
         177  1 0.0204 0.0451 0.3593 0.1029 0.3250 0.1474 
         178  1 0.0720 0.2413 0.0543 0.0955 0.3172 0.2198 
         179  1 0.0328 0.0669 0.0520 0.7587 0.0487 0.0409 
         180  1 0.1168 0.0356 0.0523 0.5849 0.0974 0.1129 
         181  1 0.0169 0.0381 0.8582 0.0274 0.0306 0.0288 
         182  1 0.0207 0.3913 0.0896 0.2093 0.1639 0.1252 
         183  1 0.0855 0.0223 0.0192 0.0310 0.2447 0.5973 
         184  1 0.0537 0.3968 0.1306 0.1802 0.1664 0.0723 
         185  1 0.0488 0.0345 0.0150 0.8402 0.0318 0.0297 
         186  1 0.4883 0.0322 0.2056 0.0889 0.1248 0.0602 
         187  1 0.1135 0.1434 0.0750 0.3812 0.2276 0.0591 
         188  1 0.0276 0.0381 0.0639 0.5340 0.2266 0.1099 
         189  1 0.0451 0.0180 0.0144 0.0504 0.2562 0.6160 
         190  1 0.0343 0.0773 0.7372 0.0394 0.0638 0.0480 
         191  1 0.5142 0.0585 0.2881 0.0219 0.0638 0.0535 
         192  1 0.0336 0.0559 0.0742 0.4422 0.2815 0.1126 
         193  1 0.7869 0.0197 0.0146 0.0236 0.0734 0.0816 
         194  1 0.8863 0.0196 0.0149 0.0213 0.0308 0.0272 
         195  1 0.2525 0.0158 0.0129 0.1022 0.1801 0.4366 
         196  1 0.6811 0.0481 0.0611 0.1338 0.0486 0.0273 
         197  1 0.3101 0.0416 0.0700 0.3154 0.1478 0.1151 
         198  1 0.1108 0.0426 0.0176 0.5121 0.1937 0.1232 
         199  1 0.0285 0.8709 0.0211 0.0285 0.0259 0.0250 
         200  1 0.5598 0.1080 0.0364 0.0742 0.1116 0.1100 
         201  1 0.8433 0.0366 0.0284 0.0362 0.0249 0.0307 
         202  1 0.0460 0.1592 0.0383 0.1695 0.3952 0.1918 
         203  1 0.0347 0.0410 0.0213 0.2046 0.4283 0.2700 
         204  1 0.0744 0.0792 0.0229 0.0916 0.4839 0.2480 
         205  1 0.1349 0.0484 0.6303 0.0746 0.0634 0.0485 
         206  1 0.1165 0.0674 0.0249 0.5477 0.1869 0.0566 
         207  1 0.0170 0.0249 0.8360 0.0408 0.0476 0.0336 
         208  1 0.2211 0.0512 0.0910 0.3353 0.2032 0.0981 
         209  1 0.5481 0.1256 0.0808 0.1259 0.0793 0.0402 
         210  1 0.1075 0.0310 0.0384 0.6158 0.0811 0.1262 
         211  1 0.1306 0.0390 0.6980 0.0382 0.0467 0.0474 
         212  1 0.0872 0.0436 0.6450 0.0966 0.0768 0.0508 
         213  1 0.0262 0.0334 0.0320 0.0444 0.2794 0.5845 
         214  1 0.4589 0.1135 0.0355 0.1097 0.1014 0.1811 
         215  1 0.1556 0.0283 0.0886 0.0335 0.1707 0.5232 
         216  1 0.1555 0.0524 0.0206 0.1423 0.2919 0.3374 
         217  1 0.0449 0.0178 0.0149 0.0526 0.2573 0.6126 
         218  1 0.1209 0.0291 0.6127 0.1190 0.0610 0.0573 
         219  1 0.8415 0.0377 0.0286 0.0355 0.0254 0.0312 
         220  1 0.0563 0.0660 0.0321 0.0530 0.4350 0.3576 
         221  1 0.5516 0.0952 0.0515 0.1153 0.1138 0.0726 
         222  1 0.0693 0.0745 0.0753 0.1018 0.4924 0.1868 
         223  1 0.1622 0.1721 0.0646 0.1418 0.3516 0.1076 
         224  1 0.0895 0.0330 0.0849 0.0322 0.2401 0.5203 
         225  1 0.0161 0.0272 0.8856 0.0232 0.0253 0.0226 
         226  1 0.0306 0.0349 0.8430 0.0389 0.0308 0.0219 
         227  1 0.0265 0.0682 0.6931 0.0340 0.0818 0.0964 
         228  1 0.4271 0.0815 0.0563 0.1907 0.1823 0.0620 
         229  1 0.1040 0.0771 0.2025 0.2194 0.3056 0.0914 
         230  1 0.0408 0.1369 0.0238 0.2253 0.3568 0.2164 
         231  1 0.0322 0.0315 0.2140 0.4632 0.1222 0.1370 
         232  1 0.1338 0.1070 0.0298 0.4932 0.1634 0.0728 
         233  1 0.0366 0.0285 0.1270 0.0774 0.2806 0.4500 
         234  1 0.0542 0.0332 0.0347 0.2324 0.4405 0.2050 
         235  1 0.0349 0.8047 0.0382 0.0247 0.0444 0.0531 
         236  1 0.1583 0.0852 0.0288 0.0538 0.2857 0.3881 
         237  1 0.0194 0.2447 0.2608 0.1739 0.2119 0.0892 
         238  1 0.0158 0.0345 0.7622 0.0793 0.0623 0.0458 
         239  1 0.1171 0.1614 0.0295 0.1768 0.3600 0.1552 
         240  1 0.1162 0.0352 0.0355 0.1515 0.4073 0.2543 
         241  1 0.0770 0.0320 0.8085 0.0358 0.0264 0.0204 
         242  1 0.1269 0.0432 0.0409 0.4878 0.2056 0.0956 
         243  1 0.0194 0.2230 0.0417 0.1949 0.2328 0.2883 
         244  1 0.0286 0.8447 0.0476 0.0282 0.0310 0.0198 
         245  1 0.1943 0.0717 0.1124 0.3105 0.1916 0.1195 
         246  1 0.0958 0.0337 0.0293 0.1326 0.2091 0.4995 
         247  1 0.1238 0.0599 0.1107 0.1291 0.3228 0.2537 
         248  1 0.0341 0.0361 0.2144 0.3092 0.2835 0.1227 
         249  1 0.1529 0.0968 0.0512 0.1108 0.2773 0.3110 
         250  1 0.0410 0.0767 0.1406 0.1018 0.3014 0.3386 
         251  1 0.0339 0.3063 0.0533 0.0860 0.2813 0.2391 
         252  1 0.0303 0.0358 0.0971 0.5172 0.1573 0.1622 
         253  1 0.6432 0.0409 0.0250 0.1135 0.0910 0.0863 
         254  1 0.0725 0.1360 0.0549 0.4478 0.1865 0.1023 
         255  1 0.8229 0.0793 0.0162 0.0336 0.0245 0.0234 
         256  1 0.8251 0.0770 0.0165 0.0336 0.0245 0.0233 
         257  1 0.3495 0.0749 0.0568 0.1675 0.2614 0.0899 
         258  1 0.0509 0.0163 0.0366 0.7892 0.0771 0.0299 
         259  1 0.0383 0.0163 0.0158 0.8418 0.0402 0.0476 
         260  1 0.0373 0.0242 0.0846 0.1840 0.4165 0.2534 
