           1  1 0.0230 0.2040 0.0348 0.1676 0.1040 0.3882 0.0785 
           2  1 0.0325 0.0352 0.0362 0.1536 0.0192 0.2779 0.4453 
           3  1 0.0626 0.0348 0.0176 0.0327 0.7768 0.0578 0.0176 
           4  1 0.0765 0.1339 0.0297 0.3872 0.0705 0.1877 0.1144 
           5  1 0.1368 0.1145 0.0683 0.4133 0.0160 0.1961 0.0548 
           6  1 0.3897 0.0275 0.0142 0.1149 0.0481 0.3721 0.0334 
           7  1 0.0552 0.1587 0.1493 0.3073 0.0550 0.0915 0.1830 
           8  1 0.0310 0.1553 0.1376 0.0834 0.4210 0.1225 0.0492 
           9  1 0.0277 0.0579 0.6456 0.0568 0.0219 0.1747 0.0155 
          10  1 0.0410 0.0651 0.0485 0.1718 0.0231 0.6195 0.0309 
          11  1 0.2962 0.1593 0.0116 0.1170 0.0951 0.2866 0.0341 
          12  1 0.0531 0.0278 0.6022 0.0979 0.0284 0.0592 0.1313 
          13  1 0.0836 0.2884 0.0195 0.1185 0.0993 0.0208 0.3698 
          14  1 0.0249 0.0377 0.0266 0.0469 0.7630 0.0342 0.0667 
          15  1 0.1089 0.3182 0.0140 0.4812 0.0326 0.0182 0.0268 
          16  1 0.0857 0.0296 0.4221 0.3133 0.0379 0.0195 0.0919 
          17  1 0.1037 0.0600 0.0243 0.1713 0.5590 0.0166 0.0652 
          18  1 0.0656 0.0214 0.0226 0.0625 0.7436 0.0369 0.0474 
          19  1 0.0289 0.0222 0.1308 0.0264 0.0150 0.7583 0.0185 
          20  1 0.0844 0.0186 0.0191 0.0771 0.0177 0.7293 0.0538 
          21  1 0.0137 0.0339 0.7324 0.0484 0.0215 0.0191 0.1310 
          22  1 0.0429 0.0427 0.0208 0.1883 0.0232 0.5971 0.0850 
          23  1 0.0705 0.0340 0.0687 0.2729 0.3744 0.0608 0.1187 
          24  1 0.0155 0.0114 0.9124 0.0221 0.0116 0.0117 0.0152 
          25  1 0.1198 0.0357 0.0265 0.2112 0.3265 0.0166 0.2637 
          26  1 0.1078 0.0434 0.0931 0.2966 0.0962 0.2453 0.1177 
          27  1 0.0753 0.0454 0.3855 0.3061 0.0370 0.1088 0.0419 
          28  1 0.0608 0.0397 0.0202 0.0401 0.0597 0.0337 0.7458 
          29  1 0.0548 0.1878 0.0179 0.3736 0.1626 0.0519 0.1515 
          30  1 0.0276 0.0798 0.0331 0.0731 0.1756 0.0332 0.5777 
          31  1 0.1473 0.0767 0.0697 0.1556 0.1913 0.0675 0.2918 
          32  1 0.4011 0.0235 0.0310 0.2160 0.0264 0.0824 0.2196 
          33  1 0.0283 0.0248 0.0227 0.0371 0.8191 0.0175 0.0506 
          34  1 0.0168 0.0346 0.0216 0.0209 0.0469 0.8382 0.0210 
          35  1 0.0119 0.0234 0.0100 0.0152 0.9143 0.0136 0.0117 
          36  1 0.0115 0.0927 0.0351 0.0284 0.0377 0.7760 0.0185 
          37  1 0.0466 0.0713 0.0932 0.4159 0.1395 0.0756 0.1578 
          38  1 0.0289 0.0907 0.6529 0.0889 0.0523 0.0248 0.0615 
          39  1 0.1082 0.2043 0.0349 0.4872 0.0317 0.0763 0.0573 
          40  1 0.1487 0.0183 0.1246 0.3630 0.2046 0.0256 0.1152 
          41  1 0.0357 0.0490 0.7810 0.0438 0.0225 0.0204 0.0476 
          42  1 0.0406 0.0395 0.0175 0.2758 0.4785 0.0582 0.0899 
          43  1 0.0158 0.0143 0.5140 0.0201 0.3946 0.0165 0.0247 
          44  1 0.0302 0.1032 0.7421 0.0281 0.0102 0.0522 0.0340 
          45  1 0.5068 0.0299 0.0484 0.1793 0.0367 0.0849 0.1140 
          46  1 0.0242 0.0128 0.0235 0.0681 0.7975 0.0334 0.0405 
          47  1 0.2201 0.0296 0.1730 0.3773 0.0583 0.0552 0.0865 
          48  1 0.3420 0.0621 0.1279 0.3565 0.0134 0.0445 0.0536 
          49  1 0.4063 0.0399 0.0315 0.3492 0.0699 0.0197 0.0836 
          50  1 0.3954 0.1055 0.0585 0.3262 0.0148 0.0284 0.0712 
          51  1 0.2771 0.1133 0.0138 0.0685 0.0192 0.0110 0.4972 
          52  1 0.1304 0.3177 0.0439 0.2170 0.1042 0.0175 0.1692 
          53  1 0.0507 0.4501 0.0148 0.0739 0.0679 0.1066 0.2361 
          54  1 0.3571 0.0385 0.0126 0.5000 0.0150 0.0134 0.0635 
          55  1 0.0660 0.0375 0.1251 0.0886 0.0933 0.0965 0.4930 
          56  1 0.1059 0.0915 0.1466 0.3173 0.0389 0.0151 0.2847 
          57  1 0.0536 0.0712 0.0280 0.2456 0.0699 0.0234 0.5083 
          58  1 0.0465 0.0592 0.0955 0.1887 0.0433 0.0506 0.5161 
          59  1 0.0522 0.4539 0.0314 0.2322 0.0356 0.1315 0.0633 
          60  1 0.1827 0.0668 0.0344 0.2418 0.0130 0.2019 0.2594 
          61  1 0.1242 0.0262 0.6624 0.0553 0.0284 0.0583 0.0452 
          62  1 0.1925 0.3248 0.0371 0.1878 0.1017 0.0259 0.1302 
          63  1 0.0432 0.0140 0.0175 0.0191 0.8594 0.0253 0.0215 
          64  1 0.1526 0.5933 0.0117 0.0242 0.0104 0.1836 0.0242 
          65  1 0.0182 0.0829 0.0944 0.0586 0.0216 0.0133 0.7110 
          66  1 0.0185 0.0315 0.8500 0.0213 0.0315 0.0288 0.0184 
          67  1 0.0868 0.0231 0.0216 0.1376 0.0793 0.0218 0.6297 
          68  1 0.4098 0.0255 0.0536 0.1444 0.0213 0.0129 0.3325 
          69  1 0.0827 0.0932 0.0663 0.6428 0.0281 0.0331 0.0538 
          70  1 0.6304 0.0275 0.0214 0.2024 0.0403 0.0249 0.0532 
          71  1 0.0932 0.2331 0.0466 0.4056 0.1097 0.0247 0.0870 
          72  1 0.0356 0.0171 0.0173 0.0296 0.8439 0.0206 0.0360 
          73  1 0.0458 0.0979 0.0860 0.5991 0.0864 0.0353 0.0495 
          74  1 0.0593 0.1320 0.0156 0.0594 0.5400 0.1414 0.0522 
          75  1 0.0290 0.0738 0.1254 0.2293 0.2549 0.1134 0.1741 
          76  1 0.1945 0.1357 0.0195 0.1921 0.0216 0.0193 0.4174 
          77  1 0.0324 0.7177 0.0340 0.0528 0.0852 0.0583 0.0197 
          78  1 0.1847 0.0203 0.1696 0.1927 0.1426 0.1384 0.1518 
          79  1 0.5942 0.0438 0.0289 0.1658 0.0479 0.0998 0.0196 
          80  1 0.0236 0.0293 0.0184 0.0393 0.8242 0.0264 0.0386 
          81  1 0.0192 0.1347 0.1225 0.0505 0.0141 0.0460 0.6129 
          82  1 0.0661 0.0284 0.0215 0.1379 0.5714 0.0617 0.1130 
          83  1 0.0182 0.0144 0.1553 0.0636 0.6809 0.0131 0.0544 
          84  1 0.0277 0.1410 0.1187 0.1832 0.1451 0.3201 0.0642 
          85  1 0.0680 0.0330 0.0237 0.0404 0.0772 0.0169 0.7409 
          86  1 0.0351 0.0407 0.0244 0.0356 0.0227 0.0214 0.8201 
          87  1 0.0338 0.1757 0.1759 0.2267 0.0342 0.3162 0.0374 
          88  1 0.1070 0.0287 0.1557 0.4843 0.1148 0.0198 0.0898 
          89  1 0.3004 0.0389 0.0269 0.3321 0.0280 0.0457 0.2279 
          90  1 0.0152 0.0197 0.0169 0.0185 0.8908 0.0170 0.0220 
          91  1 0.0710 0.0297 0.0519 0.5483 0.1213 0.0496 0.1283 
          92  1 0.0203 0.0197 0.0182 0.0324 0.0459 0.0191 0.8445 
          93  1 0.1394 0.1232 0.0790 0.2922 0.0302 0.0474 0.2886 
          94  1 0.0748 0.0193 0.0214 0.0279 0.0438 0.0264 0.7863 
          95  1 0.3140 0.0294 0.0421 0.1043 0.3970 0.0839 0.0293 
          96  1 0.1337 0.2192 0.0862 0.2668 0.1566 0.0639 0.0736 
          97  1 0.0567 0.2193 0.0100 0.0423 0.0256 0.5496 0.0964 
          98  1 0.0968 0.3815 0.0291 0.3234 0.1058 0.0480 0.0155 
          99  1 0.0372 0.0864 0.0159 0.0261 0.0187 0.0121 0.8035 
         100  1 0.0854 0.1170 0.0334 0.2273 0.0423 0.0622 0.4323 
         101  1 0.0270 0.0431 0.2386 0.0789 0.5185 0.0498 0.0442 
         102  1 0.0587 0.0286 0.0812 0.0476 0.7352 0.0178 0.0310 
         103  1 0.1314 0.0221 0.3370 0.1693 0.1463 0.0442 0.1497 
         104  1 0.3453 0.0412 0.0343 0.0741 0.0979 0.3647 0.0425 
         105  1 0.1664 0.2621 0.0757 0.1970 0.1537 0.0600 0.0850 
         106  1 0.0476 0.0595 0.0694 0.0810 0.0245 0.0350 0.6830 
         107  1 0.8956 0.0184 0.0145 0.0249 0.0156 0.0143 0.0168 
         108  1 0.0639 0.0258 0.0777 0.4731 0.1876 0.0576 0.1142 
         109  1 0.0856 0.0354 0.0575 0.2855 0.0878 0.0585 0.3896 
         110  1 0.3814 0.1086 0.0202 0.0618 0.3601 0.0419 0.0261 
         111  1 0.0486 0.0394 0.0402 0.2936 0.0221 0.5120 0.0442 
         112  1 0.1302 0.0683 0.0344 0.2213 0.0572 0.4197 0.0689 
         113  1 0.0517 0.0689 0.0464 0.0400 0.7430 0.0268 0.0232 
         114  1 0.8755 0.0145 0.0081 0.0463 0.0146 0.0218 0.0193 
         115  1 0.0502 0.0245 0.3608 0.2798 0.0957 0.1135 0.0754 
         116  1 0.0386 0.0546 0.1742 0.2942 0.1133 0.0686 0.2565 
         117  1 0.0498 0.1403 0.3239 0.1791 0.0178 0.2525 0.0365 
         118  1 0.1960 0.0685 0.0328 0.5216 0.0530 0.0851 0.0431 
         119  1 0.1707 0.0253 0.0277 0.1506 0.5187 0.0527 0.0543 
         120  1 0.0154 0.8797 0.0127 0.0193 0.0301 0.0123 0.0305 
         121  1 0.0462 0.0308 0.8195 0.0357 0.0216 0.0129 0.0333 
         122  1 0.0551 0.4008 0.0598 0.1601 0.1318 0.0418 0.1506 
         123  1 0.0166 0.6904 0.0114 0.0181 0.0139 0.2370 0.0126 
         124  1 0.0167 0.0207 0.0156 0.0729 0.6748 0.0187 0.1806 
         125  1 0.0477 0.0734 0.0291 0.2320 0.0515 0.4332 0.1331 
         126  1 0.1105 0.6581 0.0337 0.0690 0.0348 0.0751 0.0188 
         127  1 0.0879 0.0372 0.0112 0.0477 0.0239 0.0216 0.7705 
         128  1 0.2145 0.0226 0.1120 0.0875 0.3139 0.2185 0.0310 
         129  1 0.0522 0.3396 0.0296 0.0832 0.0744 0.0194 0.4016 
         130  1 0.0388 0.0452 0.0371 0.5307 0.0363 0.0980 0.2138 
         131  1 0.2387 0.1298 0.0522 0.1278 0.1900 0.0650 0.1965 
         132  1 0.0172 0.7552 0.0280 0.0319 0.0749 0.0742 0.0185 
         133  1 0.1038 0.0257 0.3034 0.2014 0.0830 0.0145 0.2682 
         134  1 0.0212 0.0357 0.0182 0.0889 0.0988 0.0248 0.7124 
         135  1 0.0250 0.0157 0.0159 0.0471 0.0715 0.0229 0.8019 
         136  1 0.0473 0.0137 0.0117 0.0412 0.0178 0.0314 0.8369 
         137  1 0.0244 0.8594 0.0154 0.0310 0.0199 0.0200 0.0299 
         138  1 0.0212 0.6973 0.0588 0.0308 0.0188 0.0277 0.1453 
         139  1 0.0220 0.8202 0.0245 0.0426 0.0160 0.0309 0.0437 
         140  1 0.0283 0.1636 0.0134 0.0852 0.0722 0.6127 0.0247 
         141  1 0.8335 0.0227 0.0188 0.0575 0.0101 0.0308 0.0266 
         142  1 0.8433 0.0182 0.0158 0.0305 0.0212 0.0474 0.0235 
         143  1 0.0374 0.8244 0.0388 0.0338 0.0141 0.0200 0.0316 
         144  1 0.0684 0.0358 0.0402 0.1210 0.2476 0.0248 0.4622 
         145  1 0.1006 0.6126 0.0592 0.1121 0.0222 0.0423 0.0510 
         146  1 0.1597 0.0454 0.0150 0.0752 0.0230 0.0306 0.6511 
         147  1 0.0326 0.0344 0.0524 0.7178 0.0630 0.0227 0.0771 
         148  1 0.3151 0.0322 0.0631 0.2995 0.1287 0.0414 0.1200 
         149  1 0.0378 0.0353 0.3189 0.2696 0.1609 0.1132 0.0644 
         150  1 0.5050 0.0458 0.0241 0.1769 0.0367 0.0331 0.1784 
         151  1 0.0130 0.0217 0.8749 0.0261 0.0205 0.0218 0.0221 
         152  1 0.1141 0.0332 0.0335 0.1789 0.5311 0.0549 0.0544 
         153  1 0.2319 0.0325 0.2217 0.3214 0.0211 0.0285 0.1429 
         154  1 0.0409 0.0282 0.5959 0.0732 0.1617 0.0696 0.0305 
         155  1 0.1370 0.0439 0.3837 0.2169 0.0183 0.0265 0.1736 
         156  1 0.1082 0.0794 0.0207 0.5630 0.0337 0.1065 0.0886 
         157  1 0.0200 0.8350 0.0150 0.0191 0.0231 0.0686 0.0192 
         158  1 0.6820 0.0674 0.0291 0.1217 0.0191 0.0121 0.0686 
         159  1 0.0237 0.0284 0.0113 0.0242 0.0308 0.8648 0.0168 
         160  1 0.1501 0.0597 0.0588 0.4744 0.0707 0.0310 0.1552 
         161  1 0.5900 0.0299 0.0335 0.1045 0.0376 0.1494 0.0550 
         162  1 0.0994 0.0252 0.1921 0.4271 0.1270 0.0571 0.0720 
         163  1 0.0426 0.4800 0.0199 0.1228 0.0235 0.2629 0.0483 
         164  1 0.2939 0.1955 0.0319 0.1154 0.1242 0.1886 0.0506 
         165  1 0.0241 0.0589 0.0127 0.0390 0.0237 0.8278 0.0138 
         166  1 0.2903 0.0258 0.0854 0.2968 0.1042 0.1470 0.0505 
         167  1 0.0337 0.0259 0.7949 0.0362 0.0498 0.0167 0.0428 
         168  1 0.0941 0.0582 0.0397 0.2736 0.0274 0.0194 0.4875 
         169  1 0.0140 0.0478 0.0399 0.0703 0.5759 0.1549 0.0971 
         170  1 0.0451 0.0668 0.0294 0.0794 0.0162 0.0154 0.7476 
         171  1 0.0474 0.2202 0.0418 0.3398 0.0365 0.2772 0.0371 
         172  1 0.0287 0.0432 0.1932 0.4972 0.0621 0.0764 0.0991 
         173  1 0.0511 0.0448 0.5246 0.2340 0.0290 0.0807 0.0359 
         174  1 0.1892 0.3112 0.0445 0.1801 0.0220 0.1032 0.1499 
         175  1 0.2738 0.0290 0.0869 0.3625 0.0391 0.0363 0.1723 
         176  1 0.1707 0.0248 0.0719 0.5684 0.0180 0.0166 0.1296 
         177  1 0.0448 0.0368 0.2886 0.4367 0.0251 0.0147 0.1533 
         178  1 0.0479 0.0330 0.0299 0.1189 0.1287 0.0641 0.5773 
         179  1 0.7830 0.0213 0.0438 0.0371 0.0441 0.0250 0.0457 
         180  1 0.6303 0.1595 0.0378 0.0592 0.0243 0.0609 0.0280 
         181  1 0.0207 0.0166 0.8698 0.0253 0.0282 0.0133 0.0262 
         182  1 0.1527 0.0195 0.0655 0.1315 0.2604 0.0182 0.3523 
         183  1 0.0183 0.6335 0.0143 0.0588 0.0191 0.0329 0.2232 
         184  1 0.1314 0.0238 0.0730 0.3877 0.2692 0.0434 0.0716 
         185  1 0.8772 0.0187 0.0102 0.0211 0.0205 0.0290 0.0233 
         186  1 0.0555 0.0233 0.1224 0.2251 0.0194 0.4963 0.0581 
         187  1 0.2809 0.0272 0.0483 0.4085 0.1062 0.0977 0.0312 
         188  1 0.4619 0.0508 0.0373 0.3329 0.0289 0.0174 0.0707 
         189  1 0.0205 0.8850 0.0100 0.0361 0.0130 0.0163 0.0191 
         190  1 0.0274 0.0233 0.7632 0.0678 0.0643 0.0291 0.0249 
         191  1 0.0143 0.0594 0.2569 0.0627 0.0399 0.5272 0.0396 
         192  1 0.3539 0.0304 0.0551 0.4153 0.0403 0.0256 0.0794 
         193  1 0.0164 0.6877 0.0110 0.0179 0.0140 0.2406 0.0124 
         194  1 0.0145 0.0215 0.0102 0.0218 0.0128 0.8955 0.0238 
         195  1 0.0672 0.7547 0.0090 0.0425 0.0111 0.0880 0.0275 
         196  1 0.1506 0.0156 0.0354 0.0480 0.0296 0.6938 0.0270 
         197  1 0.3051 0.2475 0.0448 0.1738 0.0323 0.1608 0.0357 
         198  1 0.4972 0.1322 0.0122 0.2117 0.0279 0.0748 0.0439 
         199  1 0.0221 0.0161 0.0154 0.0204 0.8844 0.0215 0.0202 
         200  1 0.0538 0.0959 0.0265 0.1074 0.0905 0.5641 0.0619 
         201  1 0.0250 0.0240 0.0197 0.0174 0.0250 0.8697 0.0191 
         202  1 0.0858 0.0366 0.0230 0.4290 0.0952 0.0428 0.2876 
         203  1 0.0457 0.0138 0.0117 0.0430 0.0177 0.0315 0.8365 
         204  1 0.0245 0.0142 0.0145 0.0834 0.0407 0.0898 0.7329 
         205  1 0.0485 0.0118 0.6264 0.0463 0.0303 0.1624 0.0744 
         206  1 0.4376 0.0693 0.0164 0.3069 0.0465 0.0808 0.0426 
         207  1 0.0300 0.0126 0.8446 0.0341 0.0194 0.0135 0.0458 
         208  1 0.2693 0.0888 0.0716 0.2468 0.0398 0.2136 0.0701 
         209  1 0.0929 0.0232 0.0516 0.1524 0.0800 0.5732 0.0267 
         210  1 0.6457 0.1764 0.0282 0.0447 0.0221 0.0467 0.0362 
         211  1 0.0284 0.1074 0.7008 0.0399 0.0308 0.0753 0.0174 
         212  1 0.0781 0.0503 0.6293 0.1067 0.0333 0.0708 0.0315 
         213  1 0.0311 0.0499 0.0207 0.0379 0.0179 0.0213 0.8211 
         214  1 0.0949 0.4101 0.0274 0.0783 0.1133 0.2221 0.0539 
         215  1 0.0172 0.8156 0.0686 0.0235 0.0216 0.0277 0.0259 
         216  1 0.0693 0.0823 0.0129 0.0483 0.0296 0.0868 0.6708 
         217  1 0.0215 0.8828 0.0097 0.0378 0.0126 0.0159 0.0197 
         218  1 0.1113 0.0695 0.6165 0.0601 0.0214 0.0859 0.0353 
         219  1 0.0257 0.0238 0.0199 0.0180 0.0240 0.8701 0.0186 
         220  1 0.0310 0.0515 0.0239 0.2427 0.0420 0.0529 0.5559 
         221  1 0.0863 0.0395 0.0332 0.1590 0.0640 0.5654 0.0526 
         222  1 0.0443 0.0473 0.0464 0.5473 0.0471 0.0571 0.2105 
         223  1 0.0831 0.0213 0.0540 0.3185 0.1273 0.2009 0.1949 
         224  1 0.0178 0.7423 0.0491 0.0779 0.0248 0.0245 0.0636 
         225  1 0.0181 0.0159 0.8962 0.0214 0.0197 0.0115 0.0172 
         226  1 0.0325 0.0182 0.8510 0.0331 0.0277 0.0201 0.0174 
         227  1 0.0243 0.0901 0.6931 0.0771 0.0508 0.0177 0.0468 
         228  1 0.1234 0.0466 0.0437 0.2275 0.0501 0.4643 0.0444 
         229  1 0.0974 0.0630 0.1049 0.5882 0.0330 0.0574 0.0561 
         230  1 0.2044 0.1670 0.0189 0.3830 0.1399 0.0328 0.0540 
         231  1 0.4412 0.0926 0.1964 0.0787 0.0218 0.0196 0.1496 
         232  1 0.4280 0.0239 0.0204 0.2586 0.0696 0.1320 0.0675 
         233  1 0.0374 0.0546 0.0618 0.0670 0.0166 0.0268 0.7359 
         234  1 0.1076 0.1409 0.0203 0.5983 0.0217 0.0298 0.0814 
         235  1 0.0188 0.0577 0.0294 0.0353 0.8129 0.0223 0.0237 
         236  1 0.0374 0.0702 0.0211 0.2018 0.0580 0.1696 0.4419 
         237  1 0.1291 0.0469 0.2265 0.3157 0.2022 0.0137 0.0659 
         238  1 0.0620 0.0182 0.7753 0.0721 0.0255 0.0132 0.0337 
         239  1 0.1171 0.0479 0.0211 0.3389 0.1041 0.1165 0.2545 
         240  1 0.1093 0.1833 0.0260 0.4047 0.0281 0.1003 0.1484 
         241  1 0.0303 0.0174 0.8114 0.0237 0.0251 0.0772 0.0149 
         242  1 0.3425 0.2179 0.0325 0.2682 0.0322 0.0561 0.0505 
         243  1 0.1495 0.0430 0.0306 0.0966 0.1665 0.0134 0.5003 
         244  1 0.0218 0.0208 0.0382 0.0314 0.8576 0.0157 0.0145 
         245  1 0.2559 0.1864 0.0778 0.2728 0.0525 0.1276 0.0269 
         246  1 0.0356 0.8707 0.0167 0.0229 0.0199 0.0214 0.0128 
         247  1 0.0719 0.1585 0.0803 0.2893 0.0386 0.0937 0.2677 
         248  1 0.2186 0.0748 0.1698 0.3836 0.0237 0.0250 0.1046 
         249  1 0.0761 0.1867 0.0397 0.2623 0.0756 0.1187 0.2409 
         250  1 0.0648 0.1064 0.0831 0.4448 0.0489 0.0265 0.2255 
         251  1 0.0541 0.0455 0.0295 0.2300 0.2102 0.0287 0.4019 
         252  1 0.5315 0.1055 0.0820 0.0682 0.0306 0.0180 0.1641 
         253  1 0.0846 0.0781 0.0169 0.0604 0.0281 0.6631 0.0687 
         254  1 0.4280 0.0368 0.0443 0.2684 0.1206 0.0618 0.0402 
         255  1 0.0250 0.0213 0.0113 0.0197 0.0551 0.8510 0.0166 
         256  1 0.0260 0.0209 0.0118 0.0205 0.0525 0.8519 0.0165 
         257  1 0.1244 0.0597 0.0423 0.3603 0.0587 0.3232 0.0314 
         258  1 0.7876 0.0215 0.0267 0.0903 0.0104 0.0394 0.0241 
         259  1 0.8669 0.0347 0.0114 0.0236 0.0117 0.0223 0.0293 
         260  1 0.1266 0.2617 0.0626 0.4757 0.0184 0.0227 0.0323 
