           1  1 0.2018 0.0904 0.0760 0.6318 
           2  1 0.1463 0.1603 0.2868 0.4065 
           3  1 0.7649 0.0357 0.0416 0.1578 
           4  1 0.2229 0.0661 0.4129 0.2980 
           5  1 0.0603 0.1994 0.1786 0.5617 
           6  1 0.1348 0.0333 0.1152 0.7166 
           7  1 0.1847 0.3067 0.2894 0.2193 
           8  1 0.5068 0.2483 0.0838 0.1611 
           9  1 0.0412 0.7564 0.0375 0.1649 
          10  1 0.0503 0.0921 0.0698 0.7878 
          11  1 0.1354 0.0248 0.1053 0.7346 
          12  1 0.1099 0.7268 0.0951 0.0682 
          13  1 0.3551 0.0380 0.5173 0.0895 
          14  1 0.8424 0.0485 0.0706 0.0386 
          15  1 0.1299 0.0352 0.7204 0.1145 
          16  1 0.1190 0.7019 0.1380 0.0411 
          17  1 0.6508 0.0434 0.2677 0.0381 
          18  1 0.7738 0.0608 0.0803 0.0850 
          19  1 0.0348 0.1668 0.0323 0.7662 
          20  1 0.0548 0.0373 0.0814 0.8265 
          21  1 0.0566 0.7953 0.1187 0.0294 
          22  1 0.1067 0.0568 0.1627 0.6737 
          23  1 0.7303 0.1286 0.0579 0.0832 
          24  1 0.0228 0.9354 0.0225 0.0193 
          25  1 0.6653 0.0549 0.2230 0.0567 
          26  1 0.2141 0.2362 0.1806 0.3691 
          27  1 0.0905 0.7182 0.0554 0.1359 
          28  1 0.3609 0.0580 0.4719 0.1091 
          29  1 0.3123 0.0424 0.5211 0.1242 
          30  1 0.4177 0.0720 0.4450 0.0653 
          31  1 0.4243 0.1630 0.2312 0.1815 
          32  1 0.2821 0.1169 0.3115 0.2896 
          33  1 0.8660 0.0435 0.0534 0.0371 
          34  1 0.0845 0.0444 0.0271 0.8440 
          35  1 0.9072 0.0229 0.0294 0.0404 
          36  1 0.0785 0.0917 0.0406 0.7891 
          37  1 0.4106 0.2397 0.2388 0.1110 
          38  1 0.0911 0.7481 0.1033 0.0576 
          39  1 0.1087 0.1431 0.3667 0.3816 
          40  1 0.5607 0.2624 0.1115 0.0654 
          41  1 0.0473 0.8586 0.0546 0.0395 
          42  1 0.7573 0.0382 0.1206 0.0839 
          43  1 0.3895 0.5497 0.0308 0.0300 
          44  1 0.0271 0.8064 0.0492 0.1173 
          45  1 0.0854 0.0991 0.5075 0.3080 
          46  1 0.8780 0.0532 0.0357 0.0330 
          47  1 0.2021 0.3063 0.3926 0.0991 
          48  1 0.0368 0.3121 0.5459 0.1052 
          49  1 0.3035 0.0778 0.5616 0.0572 
          50  1 0.0380 0.1345 0.7532 0.0742 
          51  1 0.0544 0.0241 0.8887 0.0328 
          52  1 0.2429 0.0669 0.6051 0.0851 
          53  1 0.1419 0.0310 0.3939 0.4332 
          54  1 0.0610 0.0339 0.8675 0.0377 
          55  1 0.3328 0.2178 0.2737 0.1757 
          56  1 0.1678 0.2772 0.5033 0.0517 
          57  1 0.3193 0.0566 0.5716 0.0524 
          58  1 0.3217 0.2142 0.3585 0.1056 
          59  1 0.0990 0.0744 0.2886 0.5380 
          60  1 0.0566 0.0979 0.4401 0.4054 
          61  1 0.0531 0.7793 0.0704 0.0972 
          62  1 0.1304 0.0548 0.7495 0.0653 
          63  1 0.8681 0.0375 0.0342 0.0602 
          64  1 0.0228 0.0210 0.0522 0.9041 
          65  1 0.1019 0.1813 0.6825 0.0343 
          66  1 0.0423 0.8879 0.0312 0.0386 
          67  1 0.4863 0.0592 0.3878 0.0667 
          68  1 0.1380 0.1562 0.6640 0.0418 
          69  1 0.0768 0.1990 0.6511 0.0730 
          70  1 0.2216 0.0931 0.5559 0.1294 
          71  1 0.2135 0.0922 0.6031 0.0912 
          72  1 0.8881 0.0307 0.0436 0.0376 
          73  1 0.2759 0.2276 0.4189 0.0776 
          74  1 0.5786 0.0356 0.1549 0.2309 
          75  1 0.4923 0.2654 0.1146 0.1277 
          76  1 0.0688 0.0483 0.8259 0.0570 
          77  1 0.1592 0.0649 0.1975 0.5784 
          78  1 0.3917 0.2676 0.0909 0.2498 
          79  1 0.1277 0.0723 0.1109 0.6892 
          80  1 0.8771 0.0352 0.0422 0.0455 
          81  1 0.0669 0.2772 0.5494 0.1066 
          82  1 0.8083 0.0365 0.0841 0.0711 
          83  1 0.7541 0.1793 0.0414 0.0252 
          84  1 0.2231 0.2399 0.0775 0.4595 
          85  1 0.2516 0.0663 0.6396 0.0424 
          86  1 0.1232 0.0847 0.7418 0.0503 
          87  1 0.0777 0.3117 0.0791 0.5315 
          88  1 0.4917 0.3048 0.1207 0.0828 
          89  1 0.1414 0.1140 0.5447 0.1999 
          90  1 0.8944 0.0342 0.0384 0.0330 
          91  1 0.5574 0.1783 0.1782 0.0861 
          92  1 0.4611 0.0546 0.4439 0.0404 
          93  1 0.0853 0.1464 0.6639 0.1044 
          94  1 0.3524 0.0893 0.4820 0.0763 
          95  1 0.5269 0.0864 0.1103 0.2764 
          96  1 0.2886 0.2385 0.2550 0.2180 
          97  1 0.0539 0.0205 0.1345 0.7911 
          98  1 0.2179 0.0972 0.1834 0.5014 
          99  1 0.1008 0.0348 0.8272 0.0372 
         100  1 0.1858 0.0788 0.5738 0.1616 
         101  1 0.5899 0.2941 0.0533 0.0626 
         102  1 0.7816 0.1153 0.0606 0.0425 
         103  1 0.3237 0.5225 0.0771 0.0767 
         104  1 0.1897 0.0845 0.1082 0.6175 
         105  1 0.2707 0.1568 0.2933 0.2792 
         106  1 0.1199 0.1386 0.6533 0.0882 
         107  1 0.0934 0.0473 0.2949 0.5644 
         108  1 0.5986 0.1751 0.1575 0.0688 
         109  1 0.3796 0.1761 0.3664 0.0779 
         110  1 0.3422 0.0413 0.2940 0.3224 
         111  1 0.0913 0.1013 0.0713 0.7361 
         112  1 0.2057 0.0678 0.1245 0.6020 
         113  1 0.7863 0.0825 0.0710 0.0602 
         114  1 0.0751 0.0208 0.7123 0.1918 
         115  1 0.1159 0.6288 0.1443 0.1110 
         116  1 0.2826 0.3585 0.2653 0.0936 
         117  1 0.0499 0.4549 0.1172 0.3779 
         118  1 0.1977 0.1090 0.3977 0.2956 
         119  1 0.8024 0.0486 0.0804 0.0686 
         120  1 0.1240 0.0342 0.6948 0.1470 
         121  1 0.0371 0.8539 0.0809 0.0281 
         122  1 0.2918 0.1944 0.2782 0.2356 
         123  1 0.0268 0.0254 0.0346 0.9133 
         124  1 0.8723 0.0283 0.0714 0.0281 
         125  1 0.1294 0.0767 0.1538 0.6402 
         126  1 0.0755 0.0660 0.2826 0.5759 
         127  1 0.2438 0.0328 0.6281 0.0953 
         128  1 0.2984 0.2064 0.0601 0.4350 
         129  1 0.2274 0.0674 0.6380 0.0672 
         130  1 0.2764 0.1239 0.3450 0.2548 
         131  1 0.3475 0.1007 0.3145 0.2373 
         132  1 0.1322 0.0779 0.4612 0.3286 
         133  1 0.2051 0.4831 0.2848 0.0269 
         134  1 0.3385 0.0408 0.5843 0.0364 
         135  1 0.4984 0.0426 0.4126 0.0464 
         136  1 0.2305 0.0352 0.6538 0.0805 
         137  1 0.0610 0.0371 0.7110 0.1909 
         138  1 0.0488 0.0780 0.6734 0.1998 
         139  1 0.0522 0.0684 0.6076 0.2718 
         140  1 0.1166 0.0294 0.1389 0.7151 
         141  1 0.0297 0.0552 0.4608 0.4543 
         142  1 0.1056 0.0500 0.1622 0.6822 
         143  1 0.0429 0.0668 0.6684 0.2218 
         144  1 0.6743 0.0953 0.1754 0.0550 
         145  1 0.0638 0.1096 0.3811 0.4455 
         146  1 0.0647 0.0311 0.8527 0.0515 
         147  1 0.2436 0.3111 0.3817 0.0636 
         148  1 0.3986 0.2487 0.1986 0.1541 
         149  1 0.2655 0.5229 0.0515 0.1601 
         150  1 0.1572 0.0603 0.6357 0.1468 
         151  1 0.0336 0.9119 0.0282 0.0262 
         152  1 0.7530 0.0612 0.0740 0.1118 
         153  1 0.0559 0.4099 0.4508 0.0834 
         154  1 0.1701 0.7174 0.0409 0.0716 
         155  1 0.0887 0.6101 0.1748 0.1264 
         156  1 0.1291 0.0665 0.6275 0.1769 
         157  1 0.0986 0.0520 0.1456 0.7039 
         158  1 0.0519 0.0625 0.8196 0.0660 
         159  1 0.0647 0.0242 0.0301 0.8809 
         160  1 0.3148 0.1800 0.4131 0.0921 
         161  1 0.0930 0.0800 0.1432 0.6838 
         162  1 0.2923 0.3988 0.2043 0.1046 
         163  1 0.0713 0.0467 0.1903 0.6917 
         164  1 0.1590 0.0584 0.1419 0.6407 
         165  1 0.0456 0.0249 0.0404 0.8892 
         166  1 0.1876 0.2491 0.1288 0.4345 
         167  1 0.0753 0.8340 0.0594 0.0313 
         168  1 0.0923 0.0831 0.7833 0.0413 
         169  1 0.7558 0.0777 0.0827 0.0838 
         170  1 0.0517 0.0568 0.8598 0.0318 
         171  1 0.1062 0.1334 0.2305 0.5299 
         172  1 0.2158 0.5056 0.1842 0.0943 
         173  1 0.0649 0.7052 0.1119 0.1180 
         174  1 0.1039 0.0895 0.4060 0.4006 
         175  1 0.1475 0.2579 0.4872 0.1074 
         176  1 0.0615 0.2329 0.6736 0.0320 
         177  1 0.1718 0.5221 0.2655 0.0406 
         178  1 0.6409 0.0883 0.1873 0.0834 
         179  1 0.2122 0.0998 0.3249 0.3632 
         180  1 0.0727 0.0810 0.3052 0.5411 
         181  1 0.0502 0.8935 0.0317 0.0246 
         182  1 0.6763 0.1444 0.1438 0.0354 
         183  1 0.0551 0.0361 0.7118 0.1970 
         184  1 0.5830 0.2490 0.0810 0.0870 
         185  1 0.1043 0.0272 0.1536 0.7148 
         186  1 0.0590 0.3241 0.0792 0.5376 
         187  1 0.3353 0.1335 0.1275 0.4037 
         188  1 0.0749 0.1438 0.7259 0.0554 
         189  1 0.0294 0.0225 0.8291 0.1190 
         190  1 0.1051 0.8058 0.0506 0.0384 
         191  1 0.0961 0.3570 0.0692 0.4777 
         192  1 0.2075 0.1699 0.5632 0.0593 
         193  1 0.0274 0.0253 0.0330 0.9143 
         194  1 0.0430 0.0263 0.0467 0.8840 
         195  1 0.0283 0.0207 0.4732 0.4777 
         196  1 0.0617 0.0821 0.0469 0.8094 
         197  1 0.0580 0.1106 0.0867 0.7446 
         198  1 0.1189 0.0318 0.2416 0.6076 
         199  1 0.8947 0.0309 0.0310 0.0434 
         200  1 0.1294 0.0525 0.1045 0.7137 
         201  1 0.0443 0.0343 0.0285 0.8929 
         202  1 0.4586 0.0735 0.3780 0.0899 
         203  1 0.2305 0.0351 0.6512 0.0832 
         204  1 0.2907 0.0395 0.5602 0.1096 
         205  1 0.0953 0.6983 0.0590 0.1475 
         206  1 0.2252 0.0480 0.1332 0.5935 
         207  1 0.0392 0.8827 0.0528 0.0253 
         208  1 0.1280 0.1368 0.1414 0.5939 
         209  1 0.1086 0.1193 0.0513 0.7208 
         210  1 0.0497 0.0679 0.1688 0.7137 
         211  1 0.0494 0.7789 0.0429 0.1288 
         212  1 0.0636 0.7659 0.0596 0.1109 
         213  1 0.0778 0.0467 0.8419 0.0337 
         214  1 0.1601 0.0529 0.1231 0.6639 
         215  1 0.0473 0.1302 0.5487 0.2737 
         216  1 0.1288 0.0320 0.6131 0.2261 
         217  1 0.0292 0.0221 0.8312 0.1175 
         218  1 0.0484 0.7182 0.0634 0.1701 
         219  1 0.0444 0.0344 0.0279 0.8933 
         220  1 0.3038 0.0542 0.5255 0.1166 
         221  1 0.0964 0.0858 0.0694 0.7484 
         222  1 0.3442 0.1482 0.3458 0.1618 
         223  1 0.4617 0.0912 0.2099 0.2371 
         224  1 0.0924 0.1936 0.5104 0.2037 
         225  1 0.0355 0.9139 0.0274 0.0232 
         226  1 0.0400 0.8981 0.0298 0.0321 
         227  1 0.0923 0.7959 0.0734 0.0385 
         228  1 0.1514 0.0819 0.0717 0.6949 
         229  1 0.2587 0.4359 0.1138 0.1916 
         230  1 0.3234 0.0340 0.5593 0.0832 
         231  1 0.1002 0.4310 0.2615 0.2073 
         232  1 0.3095 0.0663 0.2397 0.3845 
         233  1 0.1429 0.2067 0.5828 0.0675 
         234  1 0.0792 0.0880 0.6638 0.1690 
         235  1 0.8482 0.0483 0.0548 0.0487 
         236  1 0.2260 0.0458 0.5578 0.1704 
         237  1 0.4344 0.3703 0.1479 0.0474 
         238  1 0.0512 0.8476 0.0717 0.0296 
         239  1 0.4698 0.0469 0.2001 0.2832 
         240  1 0.0861 0.0588 0.6360 0.2192 
         241  1 0.0378 0.8720 0.0269 0.0633 
         242  1 0.0985 0.1086 0.1835 0.6094 
         243  1 0.5843 0.0714 0.2953 0.0490 
         244  1 0.8508 0.0732 0.0244 0.0516 
         245  1 0.1009 0.1826 0.1362 0.5803 
         246  1 0.0531 0.0443 0.5372 0.3655 
         247  1 0.2648 0.2090 0.2742 0.2520 
         248  1 0.0915 0.4001 0.4228 0.0857 
         249  1 0.1804 0.0811 0.5144 0.2240 
         250  1 0.1763 0.2893 0.4640 0.0704 
         251  1 0.6107 0.0813 0.2549 0.0532 
         252  1 0.0731 0.1273 0.6518 0.1478 
         253  1 0.0613 0.0356 0.0803 0.8228 
         254  1 0.3893 0.1081 0.3074 0.1952 
         255  1 0.0915 0.0265 0.0354 0.8466 
         256  1 0.0928 0.0255 0.0366 0.8451 
         257  1 0.1109 0.1059 0.1298 0.6533 
         258  1 0.0691 0.0986 0.1794 0.6529 
         259  1 0.0440 0.0280 0.3065 0.6215 
         260  1 0.0677 0.1691 0.6666 0.0965 
