           1  1 0.0114 0.1334 0.1252 0.0505 0.1188 0.1155 0.0346 0.3944 0.0163 
           2  1 0.0166 0.1771 0.1371 0.0119 0.1738 0.0256 0.3084 0.1271 0.0226 
           3  1 0.0530 0.0512 0.0280 0.7663 0.0292 0.0233 0.0130 0.0234 0.0128 
           4  1 0.0278 0.0886 0.2635 0.0396 0.2252 0.0453 0.0479 0.2456 0.0165 
           5  1 0.0345 0.0305 0.1365 0.0082 0.1033 0.0394 0.0192 0.6052 0.0232 
           6  1 0.2952 0.3119 0.1158 0.0330 0.1084 0.0190 0.0193 0.0872 0.0103 
           7  1 0.0326 0.0422 0.1581 0.0331 0.2343 0.1021 0.1431 0.1607 0.0938 
           8  1 0.0179 0.0481 0.0784 0.2920 0.0604 0.1032 0.0257 0.2935 0.0808 
           9  1 0.0206 0.0976 0.0398 0.0134 0.0435 0.0356 0.0106 0.1435 0.5955 
          10  1 0.0146 0.1365 0.1043 0.0125 0.0554 0.0344 0.0124 0.6139 0.0161 
          11  1 0.2465 0.2069 0.0961 0.0822 0.1157 0.1422 0.0261 0.0766 0.0076 
          12  1 0.0278 0.0463 0.0861 0.0168 0.0976 0.0172 0.1029 0.0661 0.5393 
          13  1 0.0607 0.0128 0.1030 0.0752 0.1034 0.2353 0.3364 0.0604 0.0129 
          14  1 0.0118 0.0296 0.0417 0.7390 0.0414 0.0269 0.0598 0.0305 0.0193 
          15  1 0.0438 0.0102 0.3634 0.0202 0.2665 0.1375 0.0151 0.1343 0.0090 
          16  1 0.0200 0.0105 0.3172 0.0221 0.2647 0.0140 0.0420 0.1188 0.1907 
          17  1 0.0385 0.0105 0.1943 0.4686 0.1305 0.0235 0.0382 0.0805 0.0154 
          18  1 0.0431 0.0264 0.0420 0.7491 0.0455 0.0151 0.0362 0.0292 0.0133 
          19  1 0.0202 0.7649 0.0188 0.0092 0.0196 0.0138 0.0134 0.0170 0.1232 
          20  1 0.0757 0.6528 0.0611 0.0127 0.0707 0.0131 0.0460 0.0525 0.0154 
          21  1 0.0085 0.0102 0.0393 0.0145 0.0336 0.0203 0.0917 0.0544 0.7276 
          22  1 0.0256 0.4874 0.1188 0.0149 0.1435 0.0275 0.0417 0.1270 0.0138 
          23  1 0.0454 0.0314 0.1412 0.2295 0.2965 0.0235 0.0545 0.1415 0.0365 
          24  1 0.0094 0.0087 0.0186 0.0079 0.0205 0.0081 0.0113 0.0149 0.9006 
          25  1 0.0553 0.0107 0.1231 0.2646 0.2234 0.0258 0.2318 0.0507 0.0147 
          26  1 0.0353 0.0859 0.1917 0.0476 0.2083 0.0231 0.0452 0.3142 0.0487 
          27  1 0.0284 0.0477 0.1534 0.0203 0.2050 0.0261 0.0251 0.3161 0.1779 
          28  1 0.0537 0.0219 0.0211 0.0363 0.0267 0.0240 0.7669 0.0366 0.0127 
          29  1 0.0218 0.0211 0.1776 0.1024 0.1754 0.0786 0.0733 0.3403 0.0094 
          30  1 0.0143 0.0303 0.0611 0.1537 0.0642 0.0575 0.5604 0.0351 0.0234 
          31  1 0.0837 0.0526 0.1461 0.1446 0.2096 0.0526 0.1872 0.0767 0.0469 
          32  1 0.2164 0.0488 0.1884 0.0165 0.1685 0.0137 0.1311 0.1976 0.0190 
          33  1 0.0231 0.0113 0.0281 0.8135 0.0256 0.0161 0.0401 0.0268 0.0155 
          34  1 0.0108 0.8552 0.0128 0.0245 0.0151 0.0313 0.0179 0.0174 0.0151 
          35  1 0.0069 0.0084 0.0103 0.9224 0.0104 0.0175 0.0075 0.0101 0.0064 
          36  1 0.0070 0.3375 0.0604 0.0250 0.0205 0.1125 0.0117 0.3964 0.0288 
          37  1 0.0188 0.0375 0.2144 0.0750 0.3202 0.0350 0.0694 0.1910 0.0388 
          38  1 0.0170 0.0139 0.0645 0.0360 0.0793 0.0653 0.0411 0.0708 0.6121 
          39  1 0.0505 0.0149 0.1448 0.0175 0.1317 0.0626 0.0212 0.5420 0.0148 
          40  1 0.0438 0.0156 0.2103 0.1290 0.3596 0.0107 0.0664 0.1033 0.0613 
          41  1 0.0284 0.0107 0.0334 0.0146 0.0364 0.0389 0.0374 0.0529 0.7473 
          42  1 0.0175 0.0331 0.1679 0.3685 0.2214 0.0202 0.0421 0.1188 0.0104 
          43  1 0.0103 0.0117 0.0144 0.3958 0.0167 0.0103 0.0175 0.0110 0.5123 
          44  1 0.0238 0.0322 0.0218 0.0068 0.0257 0.0920 0.0278 0.0317 0.7382 
          45  1 0.2163 0.0586 0.2214 0.0257 0.2502 0.0182 0.0807 0.1008 0.0282 
          46  1 0.0113 0.0241 0.0506 0.7555 0.0545 0.0082 0.0270 0.0540 0.0147 
          47  1 0.0282 0.0357 0.3695 0.0334 0.2379 0.0149 0.0401 0.1130 0.1274 
          48  1 0.1208 0.0232 0.3005 0.0083 0.2790 0.0358 0.0332 0.1321 0.0672 
          49  1 0.1109 0.0138 0.3751 0.0349 0.2543 0.0204 0.0514 0.1200 0.0192 
          50  1 0.0703 0.0209 0.4389 0.0080 0.2251 0.0444 0.0308 0.1328 0.0288 
          51  1 0.1742 0.0065 0.0795 0.0133 0.0656 0.0848 0.5336 0.0328 0.0096 
          52  1 0.1065 0.0101 0.1984 0.0634 0.2049 0.1684 0.1092 0.1105 0.0288 
          53  1 0.0325 0.0976 0.0514 0.0523 0.0656 0.3993 0.2509 0.0410 0.0095 
          54  1 0.0931 0.0075 0.4023 0.0099 0.2851 0.0181 0.0375 0.1389 0.0076 
          55  1 0.0450 0.0938 0.0546 0.0593 0.0631 0.0224 0.5084 0.0381 0.1153 
          56  1 0.0401 0.0105 0.2838 0.0231 0.2729 0.0444 0.1564 0.0972 0.0716 
          57  1 0.0255 0.0147 0.1785 0.0452 0.1921 0.0345 0.3969 0.0936 0.0189 
          58  1 0.0249 0.0229 0.1061 0.0267 0.1449 0.0407 0.3760 0.1948 0.0629 
          59  1 0.0432 0.0395 0.1147 0.0183 0.1607 0.3120 0.0333 0.2626 0.0158 
          60  1 0.0564 0.0941 0.2211 0.0086 0.2278 0.0498 0.1476 0.1740 0.0207 
          61  1 0.1305 0.0277 0.0428 0.0209 0.0464 0.0187 0.0343 0.0598 0.6189 
          62  1 0.1187 0.0250 0.1514 0.0713 0.1896 0.2411 0.1176 0.0624 0.0230 
          63  1 0.0465 0.0179 0.0131 0.8544 0.0142 0.0093 0.0165 0.0160 0.0122 
          64  1 0.1728 0.0867 0.0189 0.0066 0.0201 0.6386 0.0162 0.0315 0.0086 
          65  1 0.0122 0.0078 0.0404 0.0162 0.0410 0.0649 0.7116 0.0367 0.0692 
          66  1 0.0130 0.0213 0.0161 0.0268 0.0166 0.0227 0.0149 0.0222 0.8466 
          67  1 0.0602 0.0148 0.1597 0.0556 0.1399 0.0149 0.4827 0.0581 0.0141 
          68  1 0.1097 0.0076 0.3331 0.0122 0.1706 0.0147 0.2135 0.1035 0.0353 
          69  1 0.0293 0.0142 0.3550 0.0179 0.2796 0.0300 0.0253 0.2067 0.0420 
          70  1 0.1721 0.0154 0.3603 0.0258 0.2208 0.0155 0.0366 0.1411 0.0124 
          71  1 0.0356 0.0117 0.2269 0.0584 0.2040 0.0970 0.0492 0.2902 0.0270 
          72  1 0.0237 0.0141 0.0263 0.8396 0.0230 0.0112 0.0279 0.0225 0.0118 
          73  1 0.0130 0.0158 0.3214 0.0346 0.2047 0.0271 0.0188 0.3251 0.0394 
          74  1 0.0393 0.1284 0.0612 0.5024 0.0536 0.1055 0.0388 0.0601 0.0106 
          75  1 0.0117 0.0276 0.1095 0.1148 0.1087 0.0353 0.0860 0.4374 0.0689 
          76  1 0.0644 0.0112 0.2186 0.0130 0.1694 0.0891 0.3271 0.0962 0.0111 
          77  1 0.0301 0.0362 0.0497 0.0826 0.0486 0.6541 0.0141 0.0568 0.0279 
          78  1 0.1148 0.1073 0.1469 0.1036 0.1920 0.0130 0.1083 0.0888 0.1253 
          79  1 0.3685 0.0622 0.1804 0.0323 0.1627 0.0297 0.0134 0.1301 0.0207 
          80  1 0.0156 0.0225 0.0311 0.8053 0.0332 0.0210 0.0314 0.0274 0.0125 
          81  1 0.0111 0.0214 0.0449 0.0093 0.0432 0.1030 0.5678 0.0995 0.0998 
          82  1 0.0267 0.0321 0.1106 0.4765 0.1020 0.0131 0.0639 0.1619 0.0132 
          83  1 0.0096 0.0085 0.0487 0.6645 0.0563 0.0093 0.0411 0.0319 0.1301 
          84  1 0.0195 0.1267 0.1284 0.1074 0.1575 0.1102 0.0351 0.2455 0.0697 
          85  1 0.0411 0.0108 0.0368 0.0510 0.0365 0.0232 0.7625 0.0238 0.0144 
          86  1 0.0232 0.0153 0.0255 0.0153 0.0239 0.0271 0.8360 0.0184 0.0154 
          87  1 0.0161 0.1701 0.1354 0.0217 0.1979 0.1215 0.0236 0.1932 0.1205 
          88  1 0.0289 0.0110 0.2715 0.0554 0.3262 0.0151 0.0405 0.1671 0.0843 
          89  1 0.1188 0.0428 0.2194 0.0143 0.3564 0.0226 0.1373 0.0740 0.0142 
          90  1 0.0108 0.0123 0.0137 0.8976 0.0132 0.0125 0.0157 0.0124 0.0118 
          91  1 0.0204 0.0166 0.2055 0.0450 0.1933 0.0127 0.0383 0.4480 0.0202 
          92  1 0.0110 0.0127 0.0201 0.0278 0.0200 0.0127 0.8529 0.0310 0.0118 
          93  1 0.0447 0.0301 0.2298 0.0181 0.3009 0.0729 0.1625 0.0908 0.0501 
          94  1 0.0425 0.0228 0.0158 0.0208 0.0181 0.0107 0.8471 0.0108 0.0115 
          95  1 0.2608 0.0774 0.0693 0.3829 0.1026 0.0187 0.0230 0.0348 0.0305 
          96  1 0.0414 0.0270 0.2173 0.1045 0.1813 0.1110 0.0606 0.2186 0.0382 
          97  1 0.0427 0.5454 0.0360 0.0179 0.0370 0.2135 0.0724 0.0277 0.0073 
          98  1 0.0719 0.0266 0.2159 0.0837 0.2283 0.2603 0.0100 0.0871 0.0163 
          99  1 0.0243 0.0084 0.0156 0.0105 0.0166 0.0578 0.8454 0.0113 0.0100 
         100  1 0.0385 0.0548 0.1819 0.0248 0.2380 0.0549 0.2990 0.0878 0.0204 
         101  1 0.0112 0.0379 0.0792 0.4720 0.0914 0.0298 0.0260 0.0517 0.2008 
         102  1 0.0440 0.0169 0.0392 0.7227 0.0441 0.0184 0.0220 0.0242 0.0685 
         103  1 0.0531 0.0322 0.1531 0.1041 0.2248 0.0145 0.1317 0.0625 0.2240 
         104  1 0.1789 0.5128 0.0624 0.0651 0.0646 0.0252 0.0410 0.0282 0.0220 
         105  1 0.1587 0.0253 0.1042 0.1091 0.1533 0.1769 0.0659 0.1562 0.0505 
         106  1 0.0294 0.0187 0.1037 0.0165 0.0739 0.0416 0.5770 0.0910 0.0482 
         107  1 0.9094 0.0077 0.0149 0.0097 0.0153 0.0101 0.0111 0.0125 0.0093 
         108  1 0.0184 0.0426 0.2252 0.0955 0.3886 0.0130 0.0646 0.1108 0.0412 
         109  1 0.0269 0.0290 0.2623 0.0538 0.2104 0.0184 0.1921 0.1794 0.0276 
         110  1 0.4423 0.0354 0.0390 0.3437 0.0372 0.0463 0.0151 0.0260 0.0151 
         111  1 0.0302 0.4267 0.1439 0.0126 0.2432 0.0227 0.0238 0.0766 0.0204 
         112  1 0.0443 0.2295 0.1675 0.0308 0.2183 0.0378 0.0322 0.2194 0.0201 
         113  1 0.0390 0.0232 0.0309 0.7421 0.0352 0.0553 0.0175 0.0259 0.0309 
         114  1 0.7343 0.0154 0.1059 0.0095 0.0538 0.0097 0.0134 0.0526 0.0055 
         115  1 0.0183 0.0358 0.1882 0.0707 0.1769 0.0150 0.0444 0.2373 0.2133 
         116  1 0.0160 0.0201 0.1361 0.0603 0.1552 0.0292 0.1674 0.3436 0.0720 
         117  1 0.0281 0.1268 0.1231 0.0115 0.1171 0.0713 0.0167 0.2731 0.2323 
         118  1 0.0912 0.0635 0.3047 0.0302 0.3146 0.0265 0.0252 0.1256 0.0185 
         119  1 0.1107 0.0353 0.1307 0.3560 0.1405 0.0146 0.0378 0.1566 0.0179 
         120  1 0.0098 0.0083 0.0132 0.0235 0.0136 0.8893 0.0216 0.0116 0.0091 
         121  1 0.0365 0.0087 0.0357 0.0149 0.0264 0.0207 0.0256 0.0237 0.8078 
         122  1 0.0354 0.0156 0.1017 0.0808 0.1347 0.3119 0.0853 0.2038 0.0308 
         123  1 0.0113 0.1329 0.0110 0.0094 0.0123 0.7909 0.0081 0.0160 0.0081 
         124  1 0.0109 0.0128 0.0582 0.6404 0.0727 0.0138 0.1397 0.0403 0.0110 
         125  1 0.0276 0.1007 0.1128 0.0383 0.1021 0.0324 0.0765 0.4938 0.0157 
         126  1 0.0624 0.0658 0.0879 0.0253 0.0670 0.6129 0.0124 0.0407 0.0255 
         127  1 0.0944 0.0181 0.0721 0.0180 0.0456 0.0231 0.6969 0.0240 0.0079 
         128  1 0.1428 0.1892 0.0804 0.2709 0.1212 0.0165 0.0210 0.0600 0.0981 
         129  1 0.0320 0.0150 0.0693 0.0553 0.0892 0.2996 0.3784 0.0421 0.0191 
         130  1 0.0184 0.0440 0.2538 0.0195 0.3599 0.0234 0.0832 0.1775 0.0203 
         131  1 0.1421 0.0274 0.1502 0.1366 0.1687 0.0869 0.1270 0.1274 0.0336 
         132  1 0.0111 0.0630 0.0228 0.0675 0.0269 0.7490 0.0128 0.0240 0.0228 
         133  1 0.0335 0.0094 0.1771 0.0499 0.2101 0.0158 0.2411 0.0792 0.1840 
         134  1 0.0112 0.0172 0.1104 0.0761 0.0974 0.0216 0.5817 0.0708 0.0136 
         135  1 0.0138 0.0182 0.0491 0.0508 0.0366 0.0109 0.7828 0.0267 0.0112 
         136  1 0.0302 0.0205 0.0732 0.0107 0.0268 0.0083 0.7989 0.0242 0.0074 
         137  1 0.0176 0.0113 0.0234 0.0147 0.0221 0.8445 0.0217 0.0347 0.0100 
         138  1 0.0150 0.0163 0.0198 0.0128 0.0230 0.7014 0.1426 0.0226 0.0465 
         139  1 0.0134 0.0199 0.0282 0.0116 0.0324 0.8193 0.0297 0.0278 0.0176 
         140  1 0.0152 0.5389 0.0661 0.0545 0.0615 0.1334 0.0150 0.1055 0.0099 
         141  1 0.8484 0.0237 0.0298 0.0067 0.0323 0.0121 0.0177 0.0144 0.0149 
         142  1 0.8352 0.0254 0.0232 0.0135 0.0220 0.0117 0.0166 0.0412 0.0113 
         143  1 0.0278 0.0101 0.0328 0.0090 0.0276 0.8052 0.0246 0.0326 0.0303 
         144  1 0.0403 0.0130 0.1205 0.1949 0.1219 0.0221 0.3829 0.0780 0.0263 
         145  1 0.0455 0.0216 0.0886 0.0149 0.0959 0.6039 0.0309 0.0583 0.0403 
         146  1 0.1089 0.0283 0.0969 0.0150 0.0670 0.0331 0.6011 0.0401 0.0098 
         147  1 0.0105 0.0149 0.3756 0.0487 0.3259 0.0178 0.0465 0.1360 0.0241 
         148  1 0.1182 0.0231 0.2549 0.0738 0.2760 0.0176 0.0600 0.1459 0.0306 
         149  1 0.0183 0.0303 0.1391 0.0912 0.2107 0.0167 0.0300 0.3136 0.1501 
         150  1 0.3663 0.0231 0.1591 0.0254 0.1468 0.0316 0.1589 0.0734 0.0153 
         151  1 0.0092 0.0112 0.0217 0.0160 0.0239 0.0154 0.0186 0.0323 0.8517 
         152  1 0.0562 0.0395 0.1250 0.4617 0.1662 0.0239 0.0303 0.0761 0.0212 
         153  1 0.1061 0.0149 0.2450 0.0129 0.2366 0.0187 0.1055 0.0950 0.1652 
         154  1 0.0264 0.0880 0.0624 0.1227 0.0806 0.0202 0.0222 0.0431 0.5344 
         155  1 0.1157 0.0161 0.0913 0.0126 0.1944 0.0282 0.1767 0.0488 0.3163 
         156  1 0.0198 0.0373 0.3633 0.0158 0.2032 0.0231 0.0280 0.3000 0.0096 
         157  1 0.0124 0.0363 0.0120 0.0143 0.0126 0.8802 0.0112 0.0118 0.0093 
         158  1 0.5830 0.0092 0.1188 0.0149 0.0967 0.0400 0.0714 0.0468 0.0192 
         159  1 0.0126 0.8812 0.0167 0.0176 0.0183 0.0181 0.0107 0.0174 0.0074 
         160  1 0.0784 0.0163 0.2208 0.0422 0.3275 0.0295 0.0748 0.1789 0.0315 
         161  1 0.6851 0.0910 0.0351 0.0247 0.0425 0.0160 0.0307 0.0551 0.0198 
         162  1 0.0546 0.0325 0.2323 0.0781 0.2948 0.0136 0.0338 0.1396 0.1208 
         163  1 0.0268 0.1482 0.0798 0.0153 0.1252 0.4350 0.0297 0.1273 0.0126 
         164  1 0.3407 0.0691 0.0612 0.1040 0.0690 0.1126 0.0319 0.1903 0.0211 
         165  1 0.0133 0.7809 0.0321 0.0158 0.0314 0.0639 0.0088 0.0450 0.0088 
         166  1 0.1459 0.0762 0.2092 0.0682 0.2379 0.0146 0.0302 0.1705 0.0474 
         167  1 0.0239 0.0116 0.0300 0.0376 0.0316 0.0177 0.0420 0.0215 0.7841 
         168  1 0.0213 0.0097 0.3141 0.0138 0.1698 0.0276 0.2665 0.1555 0.0217 
         169  1 0.0082 0.1504 0.0516 0.5462 0.0620 0.0383 0.0549 0.0596 0.0288 
         170  1 0.0253 0.0090 0.0982 0.0110 0.0511 0.0413 0.6543 0.0903 0.0193 
         171  1 0.0159 0.1274 0.1898 0.0255 0.1948 0.1403 0.0215 0.2647 0.0201 
         172  1 0.0116 0.0446 0.2391 0.0411 0.3306 0.0289 0.0588 0.1302 0.1151 
         173  1 0.0228 0.0530 0.1138 0.0193 0.1926 0.0287 0.0207 0.0687 0.4804 
         174  1 0.0900 0.0252 0.1649 0.0122 0.1349 0.1252 0.0685 0.3566 0.0223 
         175  1 0.1924 0.0171 0.2067 0.0240 0.2336 0.0143 0.1061 0.1515 0.0542 
         176  1 0.0242 0.0090 0.4302 0.0101 0.2678 0.0118 0.0625 0.1454 0.0389 
         177  1 0.0179 0.0086 0.2276 0.0139 0.2893 0.0227 0.0675 0.1269 0.2256 
         178  1 0.0236 0.0468 0.1282 0.0852 0.1291 0.0251 0.4487 0.0932 0.0202 
         179  1 0.8048 0.0180 0.0239 0.0288 0.0265 0.0138 0.0296 0.0184 0.0361 
         180  1 0.7003 0.0346 0.0358 0.0152 0.0331 0.0853 0.0168 0.0530 0.0259 
         181  1 0.0132 0.0087 0.0204 0.0181 0.0207 0.0103 0.0176 0.0194 0.8716 
         182  1 0.0691 0.0131 0.1149 0.1860 0.1558 0.0126 0.3579 0.0518 0.0388 
         183  1 0.0135 0.0149 0.0690 0.0131 0.0520 0.5481 0.1553 0.1251 0.0090 
         184  1 0.0316 0.0192 0.2597 0.1477 0.2484 0.0121 0.0388 0.2137 0.0288 
         185  1 0.8864 0.0207 0.0142 0.0139 0.0152 0.0114 0.0173 0.0141 0.0069 
         186  1 0.0173 0.0732 0.1104 0.0091 0.0675 0.0105 0.0183 0.6647 0.0290 
         187  1 0.1234 0.0446 0.2069 0.0619 0.3150 0.0162 0.0175 0.1839 0.0306 
         188  1 0.1260 0.0113 0.3747 0.0176 0.2550 0.0350 0.0386 0.1248 0.0171 
         189  1 0.0118 0.0108 0.0441 0.0087 0.0267 0.8485 0.0135 0.0291 0.0068 
         190  1 0.0100 0.0185 0.0814 0.0394 0.0541 0.0122 0.0155 0.0584 0.7105 
         191  1 0.0080 0.4284 0.0645 0.0258 0.0697 0.0450 0.0262 0.1165 0.2160 
         192  1 0.0407 0.0116 0.4471 0.0176 0.2601 0.0123 0.0349 0.1512 0.0245 
         193  1 0.0113 0.1279 0.0108 0.0096 0.0117 0.7959 0.0081 0.0169 0.0078 
         194  1 0.0103 0.8352 0.0225 0.0083 0.0188 0.0229 0.0182 0.0550 0.0088 
         195  1 0.0729 0.0642 0.0286 0.0077 0.0295 0.7434 0.0188 0.0291 0.0059 
         196  1 0.1711 0.5828 0.0495 0.0222 0.0490 0.0119 0.0178 0.0699 0.0259 
         197  1 0.2709 0.0517 0.0774 0.0214 0.1185 0.1869 0.0235 0.2217 0.0280 
         198  1 0.3640 0.0404 0.1713 0.0188 0.1945 0.0725 0.0285 0.1020 0.0081 
         199  1 0.0167 0.0126 0.0175 0.8799 0.0159 0.0110 0.0153 0.0204 0.0107 
         200  1 0.0322 0.4352 0.0967 0.0599 0.1124 0.0734 0.0465 0.1280 0.0157 
         201  1 0.0233 0.8739 0.0114 0.0159 0.0132 0.0182 0.0155 0.0128 0.0158 
         202  1 0.0244 0.0283 0.2431 0.0591 0.2239 0.0141 0.1165 0.2794 0.0112 
         203  1 0.0309 0.0212 0.0746 0.0110 0.0250 0.0082 0.7976 0.0241 0.0074 
         204  1 0.0124 0.0762 0.1116 0.0291 0.0795 0.0089 0.6078 0.0649 0.0097 
         205  1 0.0297 0.1730 0.0293 0.0190 0.0396 0.0078 0.0582 0.0206 0.6228 
         206  1 0.2738 0.0545 0.1422 0.0267 0.2992 0.0535 0.0246 0.1160 0.0095 
         207  1 0.0156 0.0090 0.0402 0.0124 0.0297 0.0078 0.0304 0.0253 0.8295 
         208  1 0.2205 0.1370 0.1749 0.0229 0.2227 0.0450 0.0379 0.0882 0.0510 
         209  1 0.0397 0.1099 0.1028 0.0283 0.0575 0.0120 0.0125 0.6156 0.0219 
         210  1 0.7343 0.0199 0.0193 0.0141 0.0241 0.1298 0.0222 0.0208 0.0155 
         211  1 0.0175 0.0385 0.0337 0.0212 0.0345 0.0946 0.0113 0.0763 0.6724 
         212  1 0.0619 0.0314 0.0763 0.0238 0.0858 0.0309 0.0189 0.1287 0.5424 
         213  1 0.0169 0.0172 0.0497 0.0122 0.0273 0.0378 0.8091 0.0165 0.0133 
         214  1 0.0395 0.2158 0.0613 0.0742 0.0796 0.4299 0.0476 0.0351 0.0169 
         215  1 0.0106 0.0188 0.0163 0.0152 0.0174 0.8291 0.0182 0.0160 0.0585 
         216  1 0.0728 0.0574 0.0744 0.0217 0.0380 0.0659 0.6130 0.0486 0.0083 
         217  1 0.0115 0.0107 0.0445 0.0087 0.0278 0.8488 0.0139 0.0273 0.0068 
         218  1 0.0820 0.0674 0.0496 0.0142 0.0538 0.0537 0.0274 0.0512 0.6008 
         219  1 0.0234 0.8726 0.0120 0.0165 0.0135 0.0192 0.0156 0.0122 0.0151 
         220  1 0.0113 0.0128 0.1448 0.0239 0.1089 0.0177 0.2068 0.4611 0.0127 
         221  1 0.0352 0.1044 0.1002 0.0210 0.0555 0.0193 0.0223 0.6270 0.0151 
         222  1 0.0173 0.0253 0.2698 0.0232 0.3753 0.0240 0.0787 0.1608 0.0255 
         223  1 0.0466 0.1323 0.2060 0.0842 0.2691 0.0119 0.1127 0.1012 0.0361 
         224  1 0.0101 0.0116 0.0568 0.0159 0.0524 0.6525 0.0407 0.1267 0.0334 
         225  1 0.0122 0.0067 0.0175 0.0138 0.0160 0.0102 0.0127 0.0198 0.8911 
         226  1 0.0243 0.0155 0.0264 0.0220 0.0283 0.0143 0.0122 0.0175 0.8396 
         227  1 0.0132 0.0099 0.0760 0.0385 0.0619 0.0527 0.0308 0.1829 0.5341 
         228  1 0.0679 0.3642 0.1338 0.0264 0.2273 0.0235 0.0269 0.1042 0.0258 
         229  1 0.0305 0.0319 0.2413 0.0170 0.4300 0.0406 0.0272 0.1369 0.0446 
         230  1 0.0538 0.0150 0.3593 0.0598 0.2309 0.0530 0.0186 0.1987 0.0110 
         231  1 0.3910 0.0130 0.0697 0.0150 0.0855 0.0699 0.1335 0.0386 0.1838 
         232  1 0.1773 0.1537 0.2050 0.0520 0.2402 0.0150 0.0471 0.0966 0.0130 
         233  1 0.0211 0.0222 0.0425 0.0100 0.0582 0.0347 0.7404 0.0302 0.0408 
         234  1 0.0316 0.0138 0.2738 0.0129 0.3809 0.0776 0.0404 0.1580 0.0109 
         235  1 0.0118 0.0137 0.0225 0.8097 0.0277 0.0483 0.0186 0.0239 0.0238 
         236  1 0.0236 0.0871 0.1538 0.0352 0.1512 0.0403 0.2368 0.2585 0.0135 
         237  1 0.0573 0.0088 0.2274 0.1514 0.2342 0.0277 0.0373 0.1089 0.1469 
         238  1 0.0298 0.0074 0.0941 0.0169 0.0574 0.0096 0.0206 0.0508 0.7133 
         239  1 0.0809 0.0885 0.1805 0.0578 0.2856 0.0218 0.1896 0.0814 0.0139 
         240  1 0.0595 0.0782 0.2471 0.0148 0.2691 0.0781 0.0703 0.1673 0.0157 
         241  1 0.0248 0.0752 0.0166 0.0200 0.0186 0.0124 0.0106 0.0146 0.8072 
         242  1 0.2240 0.0279 0.1450 0.0219 0.2576 0.1693 0.0275 0.1103 0.0163 
         243  1 0.0946 0.0088 0.0852 0.1330 0.0867 0.0294 0.4802 0.0624 0.0197 
         244  1 0.0203 0.0101 0.0192 0.8624 0.0230 0.0135 0.0105 0.0159 0.0251 
         245  1 0.0796 0.0205 0.1193 0.0239 0.0857 0.0695 0.0158 0.5582 0.0275 
         246  1 0.0291 0.0131 0.0163 0.0161 0.0175 0.8709 0.0090 0.0161 0.0119 
         247  1 0.0285 0.0262 0.1529 0.0176 0.1320 0.0507 0.1129 0.4460 0.0332 
         248  1 0.0596 0.0181 0.2594 0.0148 0.3831 0.0480 0.0524 0.0884 0.0761 
         249  1 0.0290 0.0869 0.2108 0.0480 0.2409 0.1152 0.1526 0.0935 0.0231 
         250  1 0.0327 0.0106 0.2215 0.0254 0.2972 0.0444 0.1102 0.2210 0.0370 
         251  1 0.0203 0.0157 0.1768 0.1209 0.2288 0.0237 0.2149 0.1789 0.0199 
         252  1 0.6276 0.0090 0.0440 0.0212 0.0382 0.0383 0.1139 0.0399 0.0679 
         253  1 0.1077 0.5581 0.0553 0.0207 0.0608 0.0475 0.0445 0.0939 0.0116 
         254  1 0.0730 0.0318 0.3920 0.0674 0.2180 0.0165 0.0182 0.1633 0.0199 
         255  1 0.0168 0.8789 0.0123 0.0325 0.0122 0.0143 0.0110 0.0147 0.0073 
         256  1 0.0171 0.8784 0.0118 0.0322 0.0128 0.0149 0.0113 0.0141 0.0074 
         257  1 0.0503 0.2467 0.2543 0.0384 0.2337 0.0285 0.0207 0.1023 0.0252 
         258  1 0.6879 0.0326 0.0617 0.0069 0.1104 0.0155 0.0182 0.0467 0.0200 
         259  1 0.8649 0.0140 0.0190 0.0071 0.0182 0.0287 0.0236 0.0162 0.0084 
         260  1 0.0288 0.0111 0.4095 0.0108 0.2180 0.0865 0.0143 0.1800 0.0409 
