           1  1 0.2096 0.2512 0.0744 0.2024 0.0565 0.1648 0.0159 0.0252 
           2  1 0.1885 0.2067 0.0154 0.1615 0.3470 0.0306 0.0214 0.0289 
           3  1 0.0314 0.0569 0.7666 0.0306 0.0156 0.0281 0.0557 0.0152 
           4  1 0.2931 0.1429 0.0491 0.2950 0.0819 0.0701 0.0455 0.0225 
           5  1 0.3672 0.0938 0.0108 0.3266 0.0321 0.0723 0.0582 0.0390 
           6  1 0.1015 0.3526 0.0379 0.1072 0.0256 0.0219 0.3412 0.0120 
           7  1 0.2152 0.0608 0.0403 0.2251 0.1813 0.1234 0.0404 0.1135 
           8  1 0.1175 0.0883 0.3716 0.1101 0.0382 0.1427 0.0242 0.1073 
           9  1 0.0671 0.1513 0.0171 0.0584 0.0134 0.0469 0.0227 0.6232 
          10  1 0.2313 0.4147 0.0174 0.1968 0.0219 0.0547 0.0287 0.0344 
          11  1 0.1043 0.2531 0.0825 0.1083 0.0302 0.1586 0.2534 0.0096 
          12  1 0.0957 0.0549 0.0216 0.0918 0.1147 0.0212 0.0365 0.5635 
          13  1 0.0937 0.0160 0.0846 0.1119 0.3604 0.2482 0.0690 0.0161 
          14  1 0.0432 0.0332 0.7433 0.0439 0.0641 0.0310 0.0185 0.0227 
          15  1 0.3092 0.0144 0.0251 0.3418 0.0207 0.1997 0.0776 0.0115 
          16  1 0.2948 0.0139 0.0290 0.2585 0.0604 0.0195 0.0476 0.2763 
          17  1 0.1339 0.0134 0.5175 0.1535 0.0539 0.0347 0.0731 0.0200 
          18  1 0.0520 0.0308 0.7395 0.0506 0.0372 0.0197 0.0538 0.0166 
          19  1 0.0219 0.7622 0.0119 0.0206 0.0161 0.0166 0.0234 0.1272 
          20  1 0.0645 0.6947 0.0155 0.0650 0.0501 0.0159 0.0770 0.0174 
          21  1 0.0431 0.0153 0.0168 0.0441 0.1135 0.0252 0.0111 0.7308 
          22  1 0.1576 0.5406 0.0181 0.1482 0.0525 0.0341 0.0323 0.0166 
          23  1 0.2383 0.0429 0.2906 0.2165 0.0738 0.0303 0.0551 0.0525 
          24  1 0.0216 0.0102 0.0097 0.0207 0.0121 0.0099 0.0130 0.9028 
          25  1 0.1552 0.0126 0.2796 0.1963 0.2250 0.0322 0.0796 0.0195 
          26  1 0.3041 0.1437 0.0668 0.2597 0.0658 0.0309 0.0629 0.0661 
          27  1 0.3046 0.0729 0.0277 0.2461 0.0312 0.0322 0.0390 0.2464 
          28  1 0.0334 0.0274 0.0483 0.0367 0.7531 0.0313 0.0542 0.0155 
          29  1 0.2889 0.0356 0.1203 0.3087 0.1016 0.0996 0.0324 0.0128 
          30  1 0.0625 0.0315 0.1649 0.0626 0.5604 0.0680 0.0210 0.0291 
          31  1 0.1689 0.0558 0.1679 0.1607 0.2262 0.0648 0.0992 0.0564 
          32  1 0.2249 0.0632 0.0215 0.2001 0.1723 0.0174 0.2769 0.0238 
          33  1 0.0328 0.0144 0.8080 0.0335 0.0446 0.0205 0.0270 0.0192 
          34  1 0.0183 0.8418 0.0341 0.0186 0.0197 0.0349 0.0138 0.0187 
          35  1 0.0130 0.0113 0.9143 0.0131 0.0100 0.0207 0.0095 0.0081 
          36  1 0.0674 0.6677 0.0311 0.0585 0.0160 0.1145 0.0096 0.0351 
          37  1 0.3428 0.0552 0.0911 0.2893 0.0958 0.0447 0.0276 0.0535 
          38  1 0.0851 0.0210 0.0417 0.0832 0.0528 0.0703 0.0221 0.6238 
          39  1 0.3841 0.0369 0.0224 0.3270 0.0322 0.1048 0.0698 0.0227 
          40  1 0.2982 0.0206 0.1432 0.2821 0.0846 0.0136 0.0718 0.0858 
          41  1 0.0436 0.0159 0.0188 0.0434 0.0425 0.0457 0.0319 0.7583 
          42  1 0.2118 0.0447 0.3848 0.2252 0.0652 0.0276 0.0275 0.0132 
          43  1 0.0169 0.0146 0.3920 0.0177 0.0208 0.0125 0.0124 0.5131 
          44  1 0.0267 0.0430 0.0086 0.0303 0.0307 0.0991 0.0281 0.7335 
          45  1 0.1724 0.0739 0.0310 0.1899 0.1033 0.0232 0.3656 0.0407 
          46  1 0.0639 0.0296 0.7614 0.0656 0.0334 0.0102 0.0176 0.0184 
          47  1 0.2660 0.0446 0.0430 0.3012 0.0694 0.0206 0.1052 0.1500 
          48  1 0.2566 0.0295 0.0105 0.2545 0.0420 0.0469 0.2555 0.1046 
          49  1 0.2517 0.0171 0.0537 0.2953 0.0701 0.0284 0.2584 0.0253 
          50  1 0.2409 0.0258 0.0115 0.2799 0.0535 0.0811 0.2600 0.0472 
          51  1 0.0479 0.0088 0.0157 0.0598 0.5094 0.0971 0.2501 0.0112 
          52  1 0.1705 0.0140 0.0868 0.2049 0.1326 0.2231 0.1313 0.0367 
          53  1 0.0646 0.0940 0.0588 0.0715 0.2251 0.4308 0.0432 0.0121 
          54  1 0.2979 0.0098 0.0118 0.3458 0.0559 0.0246 0.2448 0.0094 
          55  1 0.0745 0.0934 0.0756 0.0730 0.4727 0.0301 0.0553 0.1253 
          56  1 0.2640 0.0129 0.0287 0.2506 0.2070 0.0583 0.0770 0.1014 
          57  1 0.1839 0.0172 0.0521 0.1831 0.4556 0.0485 0.0363 0.0233 
          58  1 0.1686 0.0353 0.0324 0.1673 0.4289 0.0551 0.0329 0.0796 
          59  1 0.2084 0.0722 0.0248 0.2214 0.0434 0.3665 0.0411 0.0222 
          60  1 0.2335 0.1413 0.0103 0.2372 0.1887 0.0539 0.1061 0.0290 
          61  1 0.0574 0.0425 0.0234 0.0531 0.0417 0.0224 0.1270 0.6324 
          62  1 0.1409 0.0237 0.0890 0.1552 0.1276 0.2666 0.1665 0.0305 
          63  1 0.0172 0.0212 0.8530 0.0170 0.0197 0.0113 0.0457 0.0149 
          64  1 0.0222 0.1251 0.0084 0.0232 0.0199 0.6410 0.1500 0.0102 
          65  1 0.0448 0.0106 0.0172 0.0461 0.7144 0.0718 0.0156 0.0795 
          66  1 0.0195 0.0268 0.0291 0.0196 0.0172 0.0283 0.0157 0.8437 
          67  1 0.1318 0.0173 0.0716 0.1306 0.5455 0.0174 0.0688 0.0170 
          68  1 0.1391 0.0105 0.0167 0.1858 0.2905 0.0195 0.2915 0.0463 
          69  1 0.3617 0.0204 0.0214 0.4119 0.0382 0.0457 0.0532 0.0474 
          70  1 0.2067 0.0218 0.0307 0.2130 0.0457 0.0223 0.4433 0.0166 
          71  1 0.3054 0.0179 0.0786 0.3204 0.0728 0.1185 0.0537 0.0327 
          72  1 0.0278 0.0179 0.8352 0.0284 0.0332 0.0128 0.0301 0.0147 
          73  1 0.3946 0.0240 0.0489 0.3907 0.0294 0.0401 0.0226 0.0496 
          74  1 0.0557 0.1285 0.5133 0.0640 0.0469 0.1246 0.0539 0.0129 
          75  1 0.2377 0.0669 0.1818 0.2140 0.1345 0.0542 0.0193 0.0916 
          76  1 0.1581 0.0149 0.0156 0.1710 0.3666 0.1118 0.1475 0.0146 
          77  1 0.0482 0.0447 0.0893 0.0545 0.0164 0.6838 0.0309 0.0322 
          78  1 0.1663 0.1199 0.1197 0.1744 0.1274 0.0157 0.1296 0.1469 
          79  1 0.1750 0.0778 0.0402 0.1737 0.0158 0.0377 0.4547 0.0250 
          80  1 0.0350 0.0254 0.8075 0.0374 0.0370 0.0242 0.0193 0.0144 
          81  1 0.0525 0.0329 0.0116 0.0567 0.5992 0.1219 0.0153 0.1100 
          82  1 0.1347 0.0510 0.5078 0.1343 0.0839 0.0198 0.0511 0.0174 
          83  1 0.0554 0.0101 0.6693 0.0528 0.0462 0.0114 0.0132 0.1415 
          84  1 0.1981 0.2072 0.1188 0.1780 0.0480 0.1330 0.0241 0.0929 
          85  1 0.0335 0.0134 0.0675 0.0307 0.7475 0.0278 0.0597 0.0200 
          86  1 0.0278 0.0179 0.0184 0.0294 0.8241 0.0333 0.0298 0.0193 
          87  1 0.2056 0.2181 0.0272 0.2219 0.0246 0.1457 0.0226 0.1343 
          88  1 0.3700 0.0143 0.0727 0.3207 0.0526 0.0207 0.0443 0.1047 
          89  1 0.2564 0.0410 0.0192 0.2663 0.1609 0.0282 0.2086 0.0195 
          90  1 0.0153 0.0147 0.8935 0.0152 0.0186 0.0155 0.0128 0.0145 
          91  1 0.4060 0.0302 0.0668 0.3453 0.0699 0.0173 0.0347 0.0297 
          92  1 0.0287 0.0160 0.0351 0.0287 0.8451 0.0164 0.0155 0.0144 
          93  1 0.2274 0.0376 0.0242 0.2651 0.2097 0.0873 0.0869 0.0618 
          94  1 0.0245 0.0253 0.0346 0.0237 0.8036 0.0147 0.0575 0.0160 
          95  1 0.0798 0.0737 0.3884 0.0977 0.0266 0.0226 0.2754 0.0358 
          96  1 0.2556 0.0429 0.1310 0.2197 0.0604 0.1465 0.0841 0.0598 
          97  1 0.0334 0.5424 0.0215 0.0372 0.0842 0.2264 0.0465 0.0085 
          98  1 0.2164 0.0351 0.0981 0.2280 0.0118 0.3086 0.0804 0.0216 
          99  1 0.0206 0.0102 0.0142 0.0210 0.8155 0.0720 0.0335 0.0130 
         100  1 0.1910 0.0582 0.0314 0.2116 0.3530 0.0778 0.0508 0.0262 
         101  1 0.0785 0.0448 0.4803 0.0799 0.0338 0.0362 0.0179 0.2286 
         102  1 0.0427 0.0166 0.7210 0.0417 0.0254 0.0230 0.0537 0.0759 
         103  1 0.1648 0.0381 0.1272 0.1577 0.1398 0.0179 0.0753 0.2792 
         104  1 0.0632 0.4095 0.0854 0.0586 0.0364 0.0380 0.2814 0.0275 
         105  1 0.1757 0.0405 0.1232 0.1800 0.0749 0.2039 0.1449 0.0569 
         106  1 0.0814 0.0262 0.0200 0.0993 0.6285 0.0517 0.0367 0.0562 
         107  1 0.0185 0.0109 0.0127 0.0186 0.0132 0.0136 0.9008 0.0117 
         108  1 0.3328 0.0480 0.1291 0.3112 0.0730 0.0173 0.0328 0.0558 
         109  1 0.2670 0.0379 0.0709 0.2607 0.2495 0.0243 0.0519 0.0379 
         110  1 0.0406 0.0387 0.3509 0.0446 0.0193 0.0646 0.4234 0.0179 
         111  1 0.2078 0.4456 0.0155 0.2025 0.0317 0.0329 0.0369 0.0271 
         112  1 0.1977 0.3420 0.0387 0.2166 0.0477 0.0524 0.0764 0.0285 
         113  1 0.0384 0.0254 0.7380 0.0381 0.0197 0.0627 0.0427 0.0349 
         114  1 0.0360 0.0189 0.0123 0.0531 0.0163 0.0115 0.8453 0.0067 
         115  1 0.2405 0.0712 0.0830 0.2283 0.0571 0.0186 0.0292 0.2720 
         116  1 0.2633 0.0383 0.0739 0.2449 0.2076 0.0373 0.0234 0.1113 
         117  1 0.1913 0.1947 0.0137 0.1533 0.0254 0.0997 0.0416 0.2802 
         118  1 0.3303 0.0709 0.0384 0.3301 0.0323 0.0354 0.1385 0.0241 
         119  1 0.1471 0.0437 0.4209 0.1542 0.0419 0.0184 0.1519 0.0221 
         120  1 0.0151 0.0099 0.0262 0.0159 0.0240 0.8862 0.0120 0.0107 
         121  1 0.0299 0.0104 0.0183 0.0319 0.0297 0.0253 0.0413 0.8132 
         122  1 0.1655 0.0247 0.1042 0.1726 0.0967 0.3545 0.0407 0.0411 
         123  1 0.0150 0.1471 0.0116 0.0152 0.0098 0.7779 0.0135 0.0098 
         124  1 0.0669 0.0152 0.6462 0.0728 0.1558 0.0165 0.0132 0.0134 
         125  1 0.2302 0.2733 0.0432 0.2331 0.1095 0.0498 0.0390 0.0219 
         126  1 0.0618 0.0677 0.0273 0.0667 0.0155 0.6374 0.0933 0.0303 
         127  1 0.0414 0.0196 0.0214 0.0457 0.7456 0.0278 0.0896 0.0090 
         128  1 0.0925 0.2233 0.2734 0.0879 0.0264 0.0182 0.1700 0.1083 
         129  1 0.0795 0.0162 0.0679 0.0733 0.3657 0.3281 0.0457 0.0235 
         130  1 0.3688 0.0627 0.0237 0.3525 0.1141 0.0292 0.0233 0.0257 
         131  1 0.1325 0.0497 0.1606 0.1405 0.1630 0.1174 0.1921 0.0442 
         132  1 0.0287 0.0728 0.0722 0.0293 0.0154 0.7419 0.0142 0.0255 
         133  1 0.1760 0.0119 0.0667 0.1611 0.2594 0.0201 0.0700 0.2349 
         134  1 0.0948 0.0214 0.0910 0.0973 0.6355 0.0289 0.0155 0.0156 
         135  1 0.0436 0.0200 0.0660 0.0460 0.7791 0.0130 0.0184 0.0139 
         136  1 0.0304 0.0275 0.0139 0.0395 0.8342 0.0102 0.0351 0.0091 
         137  1 0.0285 0.0162 0.0173 0.0300 0.0263 0.8495 0.0197 0.0125 
         138  1 0.0266 0.0205 0.0153 0.0245 0.1464 0.6979 0.0163 0.0525 
         139  1 0.0373 0.0235 0.0137 0.0365 0.0350 0.8184 0.0158 0.0199 
         140  1 0.0805 0.5867 0.0611 0.0850 0.0194 0.1344 0.0216 0.0113 
         141  1 0.0300 0.0249 0.0082 0.0328 0.0216 0.0152 0.8514 0.0159 
         142  1 0.0276 0.0366 0.0174 0.0272 0.0191 0.0142 0.8447 0.0132 
         143  1 0.0332 0.0148 0.0113 0.0335 0.0286 0.8123 0.0322 0.0342 
         144  1 0.1230 0.0185 0.2228 0.1329 0.3939 0.0275 0.0499 0.0315 
         145  1 0.0919 0.0278 0.0183 0.0960 0.0370 0.6116 0.0664 0.0510 
         146  1 0.0565 0.0298 0.0189 0.0698 0.6464 0.0372 0.1292 0.0123 
         147  1 0.4005 0.0177 0.0533 0.3973 0.0566 0.0239 0.0172 0.0333 
         148  1 0.3226 0.0281 0.0879 0.2457 0.0710 0.0237 0.1771 0.0438 
         149  1 0.2739 0.0604 0.1137 0.2505 0.0396 0.0236 0.0245 0.2138 
         150  1 0.1385 0.0290 0.0299 0.1417 0.1751 0.0346 0.4323 0.0189 
         151  1 0.0257 0.0172 0.0194 0.0237 0.0204 0.0185 0.0112 0.8640 
         152  1 0.1579 0.0454 0.4759 0.1534 0.0391 0.0260 0.0756 0.0267 
         153  1 0.2269 0.0226 0.0171 0.2270 0.1300 0.0252 0.1595 0.1918 
         154  1 0.0755 0.0767 0.1378 0.0719 0.0251 0.0238 0.0303 0.5589 
         155  1 0.1526 0.0203 0.0152 0.1875 0.1562 0.0338 0.1092 0.3251 
         156  1 0.3763 0.0590 0.0217 0.3996 0.0485 0.0338 0.0476 0.0135 
         157  1 0.0148 0.0406 0.0173 0.0156 0.0143 0.8714 0.0142 0.0119 
         158  1 0.0907 0.0100 0.0155 0.0981 0.0642 0.0501 0.6461 0.0253 
         159  1 0.0206 0.8692 0.0237 0.0214 0.0134 0.0243 0.0183 0.0091 
         160  1 0.3191 0.0226 0.0538 0.3327 0.0924 0.0381 0.1016 0.0397 
         161  1 0.0649 0.1179 0.0309 0.0617 0.0405 0.0235 0.6355 0.0252 
         162  1 0.3057 0.0419 0.0859 0.2806 0.0438 0.0175 0.0755 0.1490 
         163  1 0.1206 0.2021 0.0192 0.1296 0.0396 0.4397 0.0331 0.0160 
         164  1 0.1167 0.1269 0.1115 0.1212 0.0435 0.1471 0.3063 0.0268 
         165  1 0.0372 0.8100 0.0188 0.0385 0.0112 0.0557 0.0180 0.0105 
         166  1 0.2651 0.1042 0.0763 0.2496 0.0394 0.0192 0.1851 0.0611 
         167  1 0.0312 0.0143 0.0452 0.0318 0.0434 0.0211 0.0295 0.7834 
         168  1 0.2258 0.0142 0.0196 0.2412 0.3728 0.0350 0.0586 0.0328 
         169  1 0.0670 0.1543 0.5551 0.0665 0.0667 0.0456 0.0108 0.0341 
         170  1 0.0702 0.0118 0.0138 0.0761 0.7165 0.0518 0.0351 0.0247 
         171  1 0.2799 0.1967 0.0276 0.2666 0.0253 0.1522 0.0243 0.0275 
         172  1 0.3289 0.0506 0.0500 0.3124 0.0667 0.0352 0.0181 0.1381 
         173  1 0.1583 0.0626 0.0244 0.1748 0.0251 0.0338 0.0325 0.4885 
         174  1 0.1979 0.0706 0.0164 0.2223 0.1180 0.2041 0.1386 0.0320 
         175  1 0.2756 0.0241 0.0303 0.2372 0.1309 0.0190 0.2150 0.0678 
         176  1 0.3513 0.0126 0.0132 0.3732 0.0844 0.0161 0.0965 0.0527 
         177  1 0.2937 0.0115 0.0182 0.2686 0.1020 0.0272 0.0271 0.2517 
         178  1 0.1339 0.0589 0.1059 0.1236 0.4877 0.0290 0.0359 0.0251 
         179  1 0.0304 0.0221 0.0373 0.0311 0.0390 0.0169 0.7811 0.0420 
         180  1 0.0466 0.0474 0.0204 0.0454 0.0219 0.1184 0.6694 0.0304 
         181  1 0.0219 0.0111 0.0231 0.0236 0.0224 0.0131 0.0169 0.8679 
         182  1 0.1259 0.0154 0.2243 0.1293 0.3322 0.0155 0.1092 0.0482 
         183  1 0.0703 0.0240 0.0153 0.0643 0.2084 0.5907 0.0152 0.0118 
         184  1 0.3493 0.0264 0.1758 0.2842 0.0456 0.0166 0.0611 0.0409 
         185  1 0.0184 0.0254 0.0168 0.0188 0.0220 0.0148 0.8752 0.0086 
         186  1 0.2883 0.2904 0.0131 0.2431 0.0388 0.0192 0.0333 0.0737 
         187  1 0.3136 0.0718 0.0742 0.3017 0.0231 0.0200 0.1574 0.0381 
         188  1 0.2258 0.0147 0.0235 0.2665 0.0597 0.0440 0.3391 0.0268 
         189  1 0.0297 0.0140 0.0112 0.0369 0.0170 0.8661 0.0170 0.0081 
         190  1 0.0641 0.0252 0.0517 0.0664 0.0198 0.0161 0.0200 0.7366 
         191  1 0.0729 0.5009 0.0331 0.0685 0.0331 0.0489 0.0105 0.2320 
         192  1 0.3085 0.0189 0.0267 0.3486 0.0530 0.0195 0.1886 0.0362 
         193  1 0.0146 0.1503 0.0122 0.0151 0.0097 0.7748 0.0136 0.0097 
         194  1 0.0237 0.8840 0.0099 0.0210 0.0196 0.0209 0.0115 0.0092 
         195  1 0.0364 0.0759 0.0093 0.0346 0.0238 0.7446 0.0682 0.0072 
         196  1 0.0538 0.6431 0.0242 0.0553 0.0230 0.0148 0.1559 0.0299 
         197  1 0.1723 0.0934 0.0260 0.1785 0.0273 0.2112 0.2569 0.0345 
         198  1 0.1715 0.0541 0.0218 0.1795 0.0364 0.0948 0.4320 0.0099 
         199  1 0.0188 0.0181 0.8780 0.0195 0.0182 0.0131 0.0206 0.0138 
         200  1 0.1151 0.5111 0.0724 0.1021 0.0573 0.0804 0.0411 0.0205 
         201  1 0.0155 0.8659 0.0208 0.0152 0.0184 0.0224 0.0241 0.0176 
         202  1 0.3142 0.0322 0.0704 0.3263 0.1739 0.0210 0.0469 0.0150 
         203  1 0.0334 0.0256 0.0143 0.0400 0.8332 0.0105 0.0337 0.0093 
         204  1 0.0821 0.0881 0.0356 0.0848 0.6676 0.0109 0.0186 0.0123 
         205  1 0.0411 0.1628 0.0251 0.0406 0.0620 0.0092 0.0390 0.6202 
         206  1 0.2519 0.0629 0.0334 0.2508 0.0314 0.0616 0.2956 0.0124 
         207  1 0.0325 0.0112 0.0147 0.0338 0.0383 0.0094 0.0231 0.8371 
         208  1 0.1980 0.1748 0.0294 0.1953 0.0558 0.0623 0.2257 0.0586 
         209  1 0.2246 0.3872 0.0537 0.1923 0.0176 0.0183 0.0690 0.0373 
         210  1 0.0300 0.0315 0.0179 0.0303 0.0277 0.1611 0.6799 0.0217 
         211  1 0.0456 0.0593 0.0266 0.0397 0.0138 0.1019 0.0238 0.6892 
         212  1 0.1148 0.0522 0.0267 0.1057 0.0249 0.0383 0.0673 0.5702 
         213  1 0.0281 0.0193 0.0147 0.0312 0.8227 0.0446 0.0232 0.0161 
         214  1 0.0687 0.2038 0.0866 0.0791 0.0479 0.4343 0.0588 0.0207 
         215  1 0.0205 0.0220 0.0181 0.0200 0.0209 0.8201 0.0132 0.0651 
         216  1 0.0469 0.0728 0.0258 0.0508 0.6485 0.0788 0.0659 0.0104 
         217  1 0.0297 0.0138 0.0109 0.0382 0.0171 0.8645 0.0174 0.0085 
         218  1 0.0571 0.0764 0.0169 0.0553 0.0312 0.0619 0.0996 0.6015 
         219  1 0.0147 0.8698 0.0202 0.0151 0.0173 0.0222 0.0238 0.0169 
         220  1 0.2270 0.0330 0.0316 0.2451 0.3981 0.0301 0.0179 0.0173 
         221  1 0.2308 0.3695 0.0407 0.2009 0.0387 0.0311 0.0640 0.0244 
         222  1 0.3667 0.0337 0.0284 0.3697 0.1126 0.0303 0.0267 0.0321 
         223  1 0.2282 0.1710 0.0990 0.2455 0.1417 0.0153 0.0555 0.0438 
         224  1 0.0750 0.0186 0.0195 0.0661 0.0476 0.7187 0.0131 0.0414 
         225  1 0.0198 0.0088 0.0166 0.0196 0.0152 0.0130 0.0145 0.8926 
         226  1 0.0280 0.0174 0.0259 0.0287 0.0142 0.0167 0.0307 0.8383 
         227  1 0.0966 0.0125 0.0475 0.0849 0.0387 0.0723 0.0178 0.6297 
         228  1 0.2116 0.3812 0.0354 0.1887 0.0289 0.0297 0.0926 0.0319 
         229  1 0.4048 0.0362 0.0235 0.3411 0.0327 0.0497 0.0482 0.0638 
         230  1 0.2737 0.0257 0.0919 0.3348 0.0334 0.0885 0.1381 0.0140 
         231  1 0.0758 0.0157 0.0179 0.0794 0.1279 0.0820 0.4174 0.1839 
         232  1 0.2043 0.1322 0.0553 0.2188 0.0615 0.0193 0.2931 0.0155 
         233  1 0.0604 0.0243 0.0129 0.0648 0.7114 0.0442 0.0309 0.0512 
         234  1 0.3959 0.0193 0.0157 0.3712 0.0475 0.0847 0.0515 0.0142 
         235  1 0.0306 0.0186 0.8044 0.0318 0.0210 0.0524 0.0155 0.0258 
         236  1 0.2069 0.1293 0.0455 0.2015 0.3205 0.0515 0.0282 0.0165 
         237  1 0.2610 0.0111 0.1681 0.2350 0.0450 0.0328 0.0780 0.1690 
         238  1 0.0663 0.0099 0.0204 0.0669 0.0261 0.0119 0.0494 0.7492 
         239  1 0.2453 0.1015 0.0739 0.2361 0.2016 0.0287 0.0946 0.0182 
         240  1 0.2560 0.0846 0.0187 0.3335 0.1051 0.0958 0.0880 0.0183 
         241  1 0.0203 0.0768 0.0224 0.0199 0.0125 0.0151 0.0274 0.8057 
         242  1 0.2229 0.0385 0.0242 0.2409 0.0406 0.1895 0.2214 0.0220 
         243  1 0.0864 0.0105 0.1512 0.0935 0.4812 0.0340 0.1184 0.0248 
         244  1 0.0265 0.0119 0.8575 0.0255 0.0127 0.0171 0.0197 0.0290 
         245  1 0.3005 0.0594 0.0360 0.2622 0.0211 0.1138 0.1572 0.0500 
         246  1 0.0202 0.0167 0.0185 0.0195 0.0109 0.8703 0.0307 0.0131 
         247  1 0.3004 0.0555 0.0248 0.2501 0.1788 0.0924 0.0411 0.0569 
         248  1 0.2966 0.0204 0.0188 0.3049 0.0705 0.0594 0.1181 0.1115 
         249  1 0.2057 0.1067 0.0600 0.2183 0.1932 0.1349 0.0505 0.0306 
         250  1 0.3703 0.0167 0.0305 0.2965 0.1373 0.0571 0.0432 0.0484 
         251  1 0.2466 0.0219 0.1519 0.1955 0.2978 0.0290 0.0334 0.0240 
         252  1 0.0439 0.0128 0.0267 0.0536 0.1472 0.0622 0.5716 0.0819 
         253  1 0.0627 0.6220 0.0248 0.0650 0.0567 0.0614 0.0932 0.0140 
         254  1 0.2442 0.0508 0.0872 0.2607 0.0249 0.0251 0.2761 0.0311 
         255  1 0.0161 0.8610 0.0428 0.0165 0.0133 0.0177 0.0233 0.0094 
         256  1 0.0158 0.8598 0.0452 0.0157 0.0137 0.0179 0.0225 0.0094 
         257  1 0.2634 0.2605 0.0488 0.2547 0.0231 0.0366 0.0796 0.0332 
         258  1 0.0950 0.0365 0.0086 0.0931 0.0204 0.0181 0.7064 0.0220 
         259  1 0.0210 0.0190 0.0093 0.0219 0.0277 0.0311 0.8600 0.0102 
         260  1 0.3331 0.0160 0.0145 0.3613 0.0223 0.1260 0.0747 0.0521 
