           1  1 0.1682 0.0171 0.1616 0.2521 0.0731 0.0629 0.2388 0.0262 
           2  1 0.0308 0.0227 0.1320 0.2048 0.0156 0.3839 0.1817 0.0284 
           3  1 0.0246 0.0533 0.0311 0.0588 0.7710 0.0149 0.0315 0.0146 
           4  1 0.0618 0.0422 0.3083 0.1344 0.0491 0.0743 0.3078 0.0220 
           5  1 0.0668 0.0655 0.4149 0.1048 0.0107 0.0307 0.2667 0.0400 
           6  1 0.0196 0.3428 0.1033 0.3475 0.0371 0.0245 0.1138 0.0114 
           7  1 0.1099 0.0384 0.2068 0.0656 0.0418 0.1503 0.2761 0.1111 
           8  1 0.1461 0.0253 0.1068 0.0857 0.3891 0.0400 0.0913 0.1157 
           9  1 0.0428 0.0236 0.0553 0.1707 0.0167 0.0130 0.0541 0.6238 
          10  1 0.0531 0.0297 0.2251 0.4597 0.0178 0.0211 0.1571 0.0366 
          11  1 0.1429 0.2457 0.0969 0.2829 0.0815 0.0279 0.1125 0.0095 
          12  1 0.0213 0.0368 0.0938 0.0516 0.0205 0.1154 0.0944 0.5662 
          13  1 0.2609 0.0676 0.1003 0.0165 0.0869 0.3250 0.1273 0.0155 
          14  1 0.0329 0.0161 0.0411 0.0315 0.7493 0.0595 0.0467 0.0230 
          15  1 0.1899 0.0609 0.3656 0.0138 0.0250 0.0203 0.3134 0.0110 
          16  1 0.0202 0.0417 0.3099 0.0144 0.0278 0.0579 0.2412 0.2870 
          17  1 0.0360 0.0637 0.1966 0.0138 0.5087 0.0468 0.1149 0.0195 
          18  1 0.0176 0.0482 0.0525 0.0308 0.7362 0.0419 0.0553 0.0174 
          19  1 0.0166 0.0252 0.0205 0.7609 0.0115 0.0150 0.0229 0.1273 
          20  1 0.0151 0.0779 0.0603 0.6761 0.0148 0.0444 0.0946 0.0168 
          21  1 0.0259 0.0102 0.0440 0.0153 0.0175 0.1162 0.0414 0.7294 
          22  1 0.0317 0.0322 0.1476 0.5085 0.0170 0.0543 0.1923 0.0165 
          23  1 0.0274 0.0586 0.1497 0.0460 0.3154 0.0800 0.2706 0.0523 
          24  1 0.0093 0.0124 0.0207 0.0100 0.0094 0.0125 0.0180 0.9078 
          25  1 0.0309 0.0790 0.1308 0.0118 0.2719 0.2151 0.2419 0.0185 
          26  1 0.0280 0.0640 0.2817 0.1556 0.0655 0.0741 0.2644 0.0667 
          27  1 0.0340 0.0442 0.2586 0.0822 0.0282 0.0335 0.2455 0.2738 
          28  1 0.0318 0.0573 0.0339 0.0256 0.0476 0.7549 0.0338 0.0153 
          29  1 0.0906 0.0280 0.3359 0.0354 0.1068 0.0902 0.2995 0.0136 
          30  1 0.0712 0.0193 0.0635 0.0297 0.1645 0.5648 0.0595 0.0275 
          31  1 0.0658 0.1024 0.1340 0.0543 0.1710 0.2237 0.1938 0.0549 
          32  1 0.0167 0.3064 0.2003 0.0615 0.0202 0.1714 0.2010 0.0226 
          33  1 0.0196 0.0259 0.0328 0.0141 0.8122 0.0451 0.0312 0.0190 
          34  1 0.0318 0.0136 0.0167 0.8467 0.0333 0.0203 0.0188 0.0189 
          35  1 0.0209 0.0091 0.0127 0.0110 0.9158 0.0101 0.0127 0.0078 
          36  1 0.0980 0.0090 0.0507 0.7342 0.0318 0.0157 0.0260 0.0347 
          37  1 0.0466 0.0263 0.2672 0.0497 0.0952 0.0886 0.3684 0.0579 
          38  1 0.0761 0.0222 0.0841 0.0187 0.0427 0.0486 0.0892 0.6183 
          39  1 0.0980 0.0726 0.3660 0.0374 0.0223 0.0328 0.3486 0.0224 
          40  1 0.0134 0.0713 0.2564 0.0200 0.1449 0.0763 0.3392 0.0784 
          41  1 0.0471 0.0316 0.0424 0.0160 0.0171 0.0424 0.0418 0.7616 
          42  1 0.0269 0.0242 0.1995 0.0499 0.3996 0.0565 0.2304 0.0131 
          43  1 0.0122 0.0120 0.0153 0.0139 0.3994 0.0210 0.0180 0.5083 
          44  1 0.1017 0.0290 0.0255 0.0413 0.0084 0.0312 0.0309 0.7319 
          45  1 0.0215 0.3524 0.1921 0.0652 0.0327 0.0990 0.2002 0.0369 
          46  1 0.0100 0.0163 0.0662 0.0275 0.7715 0.0310 0.0583 0.0193 
          47  1 0.0228 0.0797 0.3289 0.0418 0.0472 0.0621 0.2729 0.1446 
          48  1 0.0455 0.2345 0.3107 0.0283 0.0105 0.0374 0.2397 0.0934 
          49  1 0.0293 0.2519 0.3037 0.0166 0.0547 0.0688 0.2485 0.0264 
          50  1 0.0814 0.2065 0.3440 0.0247 0.0110 0.0527 0.2303 0.0494 
          51  1 0.1077 0.2374 0.0586 0.0084 0.0149 0.4919 0.0698 0.0113 
          52  1 0.2301 0.1228 0.2033 0.0138 0.0857 0.1281 0.1812 0.0349 
          53  1 0.4307 0.0424 0.0588 0.0933 0.0602 0.2218 0.0803 0.0125 
          54  1 0.0262 0.2036 0.3562 0.0100 0.0118 0.0432 0.3396 0.0095 
          55  1 0.0282 0.0537 0.0568 0.0847 0.0709 0.4950 0.0852 0.1256 
          56  1 0.0654 0.0677 0.2695 0.0121 0.0288 0.1991 0.2540 0.1035 
          57  1 0.0476 0.0370 0.2101 0.0163 0.0539 0.4199 0.1926 0.0226 
          58  1 0.0517 0.0289 0.1338 0.0330 0.0331 0.4330 0.2114 0.0752 
          59  1 0.3635 0.0453 0.1585 0.0738 0.0260 0.0453 0.2649 0.0226 
          60  1 0.0544 0.1113 0.2289 0.1424 0.0103 0.1860 0.2392 0.0276 
          61  1 0.0224 0.1274 0.0490 0.0431 0.0233 0.0428 0.0541 0.6380 
          62  1 0.2900 0.1467 0.1426 0.0224 0.0850 0.1080 0.1767 0.0287 
          63  1 0.0108 0.0445 0.0170 0.0217 0.8553 0.0194 0.0170 0.0142 
          64  1 0.6098 0.1588 0.0227 0.1491 0.0084 0.0188 0.0221 0.0103 
          65  1 0.0747 0.0148 0.0440 0.0105 0.0176 0.7116 0.0510 0.0759 
          66  1 0.0279 0.0160 0.0203 0.0245 0.0282 0.0173 0.0198 0.8461 
          67  1 0.0170 0.0724 0.1316 0.0172 0.0747 0.5359 0.1338 0.0173 
          68  1 0.0201 0.2507 0.2077 0.0098 0.0171 0.3099 0.1340 0.0508 
          69  1 0.0404 0.0397 0.4552 0.0191 0.0206 0.0331 0.3501 0.0419 
          70  1 0.0223 0.4237 0.2757 0.0209 0.0325 0.0463 0.1614 0.0172 
          71  1 0.1156 0.0522 0.3526 0.0167 0.0802 0.0586 0.2904 0.0337 
          72  1 0.0135 0.0296 0.0270 0.0165 0.8421 0.0319 0.0262 0.0132 
          73  1 0.0412 0.0205 0.5254 0.0252 0.0484 0.0271 0.2612 0.0511 
          74  1 0.1185 0.0482 0.0607 0.1289 0.5266 0.0451 0.0588 0.0131 
          75  1 0.0572 0.0197 0.2109 0.0713 0.1856 0.1464 0.2136 0.0954 
          76  1 0.1091 0.1166 0.2011 0.0148 0.0158 0.3629 0.1646 0.0151 
          77  1 0.6608 0.0347 0.0599 0.0537 0.0875 0.0170 0.0541 0.0323 
          78  1 0.0156 0.1300 0.1430 0.1247 0.1165 0.1218 0.2123 0.1361 
          79  1 0.0370 0.4721 0.1923 0.0810 0.0393 0.0158 0.1366 0.0260 
          80  1 0.0257 0.0186 0.0376 0.0246 0.8121 0.0340 0.0324 0.0149 
          81  1 0.1186 0.0143 0.0509 0.0361 0.0112 0.6142 0.0505 0.1042 
          82  1 0.0187 0.0433 0.1373 0.0492 0.5183 0.0891 0.1256 0.0185 
          83  1 0.0120 0.0129 0.0576 0.0105 0.6673 0.0460 0.0569 0.1368 
          84  1 0.1212 0.0233 0.1608 0.2424 0.1268 0.0499 0.1830 0.0926 
          85  1 0.0282 0.0537 0.0355 0.0138 0.0721 0.7365 0.0409 0.0194 
          86  1 0.0346 0.0311 0.0276 0.0179 0.0190 0.8241 0.0265 0.0192 
          87  1 0.1245 0.0194 0.1657 0.2094 0.0253 0.0258 0.3184 0.1115 
          88  1 0.0185 0.0432 0.3168 0.0137 0.0656 0.0532 0.3903 0.0986 
          89  1 0.0277 0.1738 0.2195 0.0390 0.0193 0.1673 0.3341 0.0193 
          90  1 0.0162 0.0129 0.0155 0.0143 0.8919 0.0186 0.0155 0.0151 
          91  1 0.0178 0.0375 0.4536 0.0309 0.0686 0.0680 0.2926 0.0310 
          92  1 0.0164 0.0154 0.0266 0.0159 0.0345 0.8525 0.0251 0.0136 
          93  1 0.0875 0.0682 0.1914 0.0345 0.0228 0.2082 0.3281 0.0593 
          94  1 0.0155 0.0586 0.0204 0.0219 0.0311 0.8112 0.0257 0.0156 
          95  1 0.0240 0.2837 0.0759 0.0605 0.3864 0.0233 0.1105 0.0358 
          96  1 0.1448 0.0853 0.2473 0.0443 0.1271 0.0586 0.2350 0.0576 
          97  1 0.2238 0.0487 0.0342 0.5407 0.0216 0.0831 0.0395 0.0083 
          98  1 0.2495 0.0690 0.2281 0.0379 0.0949 0.0119 0.2903 0.0185 
          99  1 0.0833 0.0315 0.0202 0.0100 0.0137 0.8071 0.0208 0.0133 
         100  1 0.0753 0.0535 0.2005 0.0531 0.0318 0.3394 0.2204 0.0260 
         101  1 0.0352 0.0180 0.0781 0.0419 0.4961 0.0328 0.0744 0.2234 
         102  1 0.0244 0.0504 0.0403 0.0153 0.7208 0.0241 0.0492 0.0756 
         103  1 0.0174 0.0773 0.1405 0.0378 0.1340 0.1316 0.1845 0.2770 
         104  1 0.0353 0.2896 0.0571 0.3977 0.0869 0.0375 0.0685 0.0275 
         105  1 0.2050 0.1509 0.1530 0.0418 0.1232 0.0670 0.1980 0.0610 
         106  1 0.0495 0.0375 0.0789 0.0247 0.0197 0.6434 0.0913 0.0551 
         107  1 0.0127 0.9010 0.0178 0.0100 0.0123 0.0138 0.0210 0.0114 
         108  1 0.0175 0.0354 0.2984 0.0420 0.1292 0.0716 0.3457 0.0603 
         109  1 0.0257 0.0487 0.2709 0.0399 0.0660 0.2629 0.2463 0.0397 
         110  1 0.0662 0.4174 0.0466 0.0342 0.3502 0.0184 0.0499 0.0171 
         111  1 0.0268 0.0356 0.1483 0.4386 0.0151 0.0300 0.2804 0.0251 
         112  1 0.0474 0.0775 0.1984 0.3385 0.0385 0.0455 0.2282 0.0261 
         113  1 0.0656 0.0431 0.0335 0.0243 0.7395 0.0198 0.0392 0.0350 
         114  1 0.0115 0.8568 0.0496 0.0173 0.0117 0.0162 0.0304 0.0066 
         115  1 0.0177 0.0285 0.2524 0.0672 0.0866 0.0551 0.2241 0.2685 
         116  1 0.0362 0.0251 0.2075 0.0443 0.0803 0.2147 0.2751 0.1169 
         117  1 0.0874 0.0410 0.1955 0.2036 0.0149 0.0247 0.1588 0.2741 
         118  1 0.0351 0.1184 0.3558 0.0617 0.0399 0.0298 0.3361 0.0232 
         119  1 0.0186 0.1555 0.1424 0.0445 0.4296 0.0440 0.1430 0.0224 
         120  1 0.8913 0.0117 0.0142 0.0098 0.0248 0.0222 0.0156 0.0104 
         121  1 0.0245 0.0399 0.0345 0.0107 0.0181 0.0266 0.0276 0.8180 
         122  1 0.3485 0.0411 0.1277 0.0266 0.0995 0.0954 0.2200 0.0412 
         123  1 0.7023 0.0131 0.0140 0.2230 0.0121 0.0105 0.0157 0.0092 
         124  1 0.0171 0.0129 0.0540 0.0145 0.6557 0.1566 0.0761 0.0130 
         125  1 0.0487 0.0425 0.2023 0.2721 0.0427 0.1119 0.2575 0.0224 
         126  1 0.6239 0.0908 0.0736 0.0726 0.0283 0.0152 0.0632 0.0323 
         127  1 0.0290 0.0887 0.0409 0.0182 0.0202 0.7442 0.0496 0.0092 
         128  1 0.0190 0.1648 0.0757 0.2159 0.2932 0.0259 0.0969 0.1086 
         129  1 0.3413 0.0425 0.0661 0.0173 0.0650 0.3555 0.0880 0.0242 
         130  1 0.0305 0.0241 0.3246 0.0584 0.0245 0.1081 0.4033 0.0264 
         131  1 0.1144 0.1853 0.1299 0.0498 0.1688 0.1538 0.1566 0.0414 
         132  1 0.7377 0.0141 0.0279 0.0731 0.0755 0.0152 0.0293 0.0271 
         133  1 0.0198 0.0613 0.1893 0.0118 0.0691 0.2385 0.1768 0.2333 
         134  1 0.0280 0.0142 0.1029 0.0197 0.0878 0.6528 0.0797 0.0149 
         135  1 0.0128 0.0179 0.0442 0.0201 0.0663 0.7859 0.0396 0.0132 
         136  1 0.0103 0.0356 0.0348 0.0242 0.0136 0.8448 0.0276 0.0092 
         137  1 0.8501 0.0204 0.0287 0.0173 0.0177 0.0269 0.0263 0.0126 
         138  1 0.7025 0.0169 0.0231 0.0203 0.0164 0.1409 0.0253 0.0547 
         139  1 0.8145 0.0160 0.0330 0.0225 0.0140 0.0382 0.0429 0.0188 
         140  1 0.1380 0.0218 0.0876 0.5902 0.0588 0.0200 0.0723 0.0114 
         141  1 0.0154 0.8464 0.0312 0.0234 0.0081 0.0201 0.0390 0.0164 
         142  1 0.0136 0.8518 0.0256 0.0351 0.0167 0.0192 0.0250 0.0130 
         143  1 0.8114 0.0350 0.0327 0.0155 0.0116 0.0271 0.0320 0.0348 
         144  1 0.0278 0.0494 0.0986 0.0190 0.2228 0.3937 0.1551 0.0337 
         145  1 0.6154 0.0651 0.0981 0.0282 0.0183 0.0369 0.0876 0.0504 
         146  1 0.0451 0.1305 0.0697 0.0283 0.0188 0.6271 0.0681 0.0124 
         147  1 0.0239 0.0174 0.4115 0.0175 0.0495 0.0517 0.3952 0.0334 
         148  1 0.0232 0.1968 0.2956 0.0287 0.0992 0.0791 0.2322 0.0452 
         149  1 0.0223 0.0249 0.2413 0.0627 0.1180 0.0393 0.2706 0.2209 
         150  1 0.0341 0.4299 0.1522 0.0288 0.0309 0.1479 0.1584 0.0179 
         151  1 0.0182 0.0111 0.0257 0.0176 0.0201 0.0201 0.0252 0.8620 
         152  1 0.0255 0.0787 0.1470 0.0441 0.4745 0.0378 0.1672 0.0254 
         153  1 0.0245 0.1417 0.2499 0.0220 0.0171 0.1305 0.2224 0.1920 
         154  1 0.0234 0.0327 0.0672 0.0748 0.1478 0.0252 0.0678 0.5612 
         155  1 0.0284 0.0966 0.0985 0.0174 0.0153 0.1568 0.2921 0.2949 
         156  1 0.0381 0.0448 0.4770 0.0624 0.0207 0.0450 0.2983 0.0138 
         157  1 0.8698 0.0148 0.0141 0.0438 0.0169 0.0143 0.0146 0.0118 
         158  1 0.0508 0.6317 0.1084 0.0097 0.0164 0.0643 0.0943 0.0244 
         159  1 0.0224 0.0185 0.0206 0.8664 0.0242 0.0144 0.0240 0.0094 
         160  1 0.0379 0.1007 0.2883 0.0222 0.0506 0.0925 0.3692 0.0386 
         161  1 0.0212 0.6460 0.0497 0.1100 0.0300 0.0407 0.0789 0.0234 
         162  1 0.0168 0.0620 0.2787 0.0379 0.0834 0.0463 0.3373 0.1375 
         163  1 0.4349 0.0302 0.0974 0.1942 0.0183 0.0367 0.1736 0.0146 
         164  1 0.1397 0.3293 0.1046 0.1354 0.1112 0.0409 0.1124 0.0265 
         165  1 0.0519 0.0174 0.0390 0.8165 0.0199 0.0112 0.0340 0.0101 
         166  1 0.0183 0.1907 0.2788 0.1134 0.0820 0.0382 0.2119 0.0668 
         167  1 0.0204 0.0292 0.0290 0.0137 0.0441 0.0398 0.0341 0.7897 
         168  1 0.0401 0.0450 0.3136 0.0140 0.0185 0.3851 0.1508 0.0328 
         169  1 0.0451 0.0107 0.0604 0.1429 0.5613 0.0659 0.0794 0.0343 
         170  1 0.0510 0.0327 0.0870 0.0119 0.0125 0.7186 0.0625 0.0238 
         171  1 0.1603 0.0227 0.2857 0.2060 0.0263 0.0256 0.2454 0.0281 
         172  1 0.0325 0.0156 0.2425 0.0460 0.0457 0.0575 0.4406 0.1197 
         173  1 0.0325 0.0296 0.1307 0.0576 0.0221 0.0231 0.2237 0.4807 
         174  1 0.2094 0.1495 0.2179 0.0664 0.0167 0.1064 0.2026 0.0311 
         175  1 0.0192 0.2040 0.2513 0.0232 0.0307 0.1257 0.2792 0.0666 
         176  1 0.0166 0.0637 0.4516 0.0124 0.0131 0.0885 0.3042 0.0498 
         177  1 0.0268 0.0267 0.3064 0.0112 0.0163 0.0904 0.2773 0.2449 
         178  1 0.0280 0.0340 0.1260 0.0536 0.1068 0.5047 0.1223 0.0245 
         179  1 0.0165 0.7908 0.0261 0.0211 0.0375 0.0362 0.0311 0.0407 
         180  1 0.1022 0.6843 0.0463 0.0490 0.0180 0.0215 0.0469 0.0318 
         181  1 0.0132 0.0165 0.0234 0.0109 0.0227 0.0216 0.0213 0.8703 
         182  1 0.0149 0.1059 0.1040 0.0145 0.2331 0.3387 0.1429 0.0461 
         183  1 0.6030 0.0145 0.0641 0.0272 0.0163 0.2048 0.0583 0.0118 
         184  1 0.0157 0.0604 0.3331 0.0304 0.1814 0.0437 0.2919 0.0434 
         185  1 0.0151 0.8807 0.0173 0.0230 0.0165 0.0213 0.0176 0.0084 
         186  1 0.0160 0.0381 0.2833 0.3275 0.0140 0.0398 0.2014 0.0798 
         187  1 0.0189 0.1579 0.2665 0.0684 0.0751 0.0218 0.3558 0.0357 
         188  1 0.0458 0.2863 0.3160 0.0137 0.0227 0.0520 0.2368 0.0267 
         189  1 0.8665 0.0163 0.0428 0.0143 0.0108 0.0170 0.0247 0.0077 
         190  1 0.0159 0.0170 0.0802 0.0257 0.0467 0.0188 0.0531 0.7425 
         191  1 0.0509 0.0109 0.0680 0.5084 0.0317 0.0340 0.0693 0.2269 
         192  1 0.0201 0.1484 0.3858 0.0180 0.0227 0.0480 0.3181 0.0389 
         193  1 0.7007 0.0145 0.0143 0.2225 0.0128 0.0102 0.0157 0.0094 
         194  1 0.0197 0.0112 0.0221 0.8893 0.0101 0.0196 0.0196 0.0084 
         195  1 0.7450 0.0663 0.0384 0.0797 0.0088 0.0216 0.0330 0.0070 
         196  1 0.0132 0.1521 0.0475 0.6591 0.0256 0.0224 0.0500 0.0302 
         197  1 0.2009 0.2778 0.1320 0.0954 0.0258 0.0296 0.2031 0.0354 
         198  1 0.0874 0.4155 0.1733 0.0581 0.0233 0.0348 0.1975 0.0100 
         199  1 0.0126 0.0190 0.0186 0.0175 0.8819 0.0184 0.0193 0.0127 
         200  1 0.0748 0.0415 0.1056 0.5195 0.0739 0.0564 0.1075 0.0209 
         201  1 0.0226 0.0265 0.0140 0.8655 0.0199 0.0183 0.0159 0.0173 
         202  1 0.0204 0.0442 0.3504 0.0294 0.0714 0.1615 0.3081 0.0146 
         203  1 0.0100 0.0357 0.0345 0.0256 0.0136 0.8429 0.0282 0.0094 
         204  1 0.0112 0.0183 0.0822 0.0740 0.0339 0.6742 0.0946 0.0116 
         205  1 0.0097 0.0417 0.0384 0.1500 0.0254 0.0676 0.0483 0.6189 
         206  1 0.0561 0.3102 0.1707 0.0594 0.0334 0.0307 0.3275 0.0120 
         207  1 0.0095 0.0222 0.0356 0.0108 0.0153 0.0383 0.0276 0.8406 
         208  1 0.0542 0.2164 0.1976 0.1768 0.0281 0.0513 0.2176 0.0580 
         209  1 0.0193 0.0863 0.1892 0.4386 0.0617 0.0209 0.1429 0.0412 
         210  1 0.1550 0.6954 0.0253 0.0299 0.0166 0.0260 0.0312 0.0207 
         211  1 0.1001 0.0229 0.0384 0.0655 0.0264 0.0142 0.0363 0.6961 
         212  1 0.0371 0.0643 0.1078 0.0549 0.0257 0.0232 0.1096 0.5773 
         213  1 0.0447 0.0242 0.0310 0.0191 0.0149 0.8143 0.0349 0.0167 
         214  1 0.4086 0.0583 0.0582 0.2359 0.0865 0.0499 0.0814 0.0212 
         215  1 0.8231 0.0134 0.0196 0.0215 0.0186 0.0207 0.0195 0.0636 
         216  1 0.0722 0.0723 0.0426 0.0736 0.0243 0.6611 0.0439 0.0100 
         217  1 0.8674 0.0166 0.0415 0.0137 0.0106 0.0170 0.0250 0.0083 
         218  1 0.0598 0.1051 0.0508 0.0738 0.0161 0.0330 0.0589 0.6025 
         219  1 0.0220 0.0257 0.0134 0.8663 0.0200 0.0179 0.0165 0.0180 
         220  1 0.0283 0.0177 0.2554 0.0309 0.0311 0.3999 0.2189 0.0178 
         221  1 0.0319 0.0739 0.2107 0.4137 0.0453 0.0449 0.1531 0.0266 
         222  1 0.0322 0.0254 0.3392 0.0307 0.0294 0.1015 0.4109 0.0307 
         223  1 0.0148 0.0562 0.2110 0.1442 0.0919 0.1266 0.3157 0.0396 
         224  1 0.7134 0.0129 0.0756 0.0192 0.0203 0.0508 0.0680 0.0398 
         225  1 0.0124 0.0148 0.0197 0.0086 0.0166 0.0149 0.0183 0.8946 
         226  1 0.0154 0.0276 0.0278 0.0193 0.0243 0.0143 0.0311 0.8401 
         227  1 0.0740 0.0176 0.1068 0.0137 0.0438 0.0382 0.0694 0.6366 
         228  1 0.0306 0.0901 0.1696 0.3682 0.0371 0.0316 0.2411 0.0316 
         229  1 0.0461 0.0445 0.2890 0.0318 0.0221 0.0319 0.4763 0.0583 
         230  1 0.0964 0.1146 0.3354 0.0261 0.0881 0.0345 0.2899 0.0149 
         231  1 0.0824 0.4218 0.0673 0.0150 0.0165 0.1320 0.0779 0.1871 
         232  1 0.0180 0.2826 0.2098 0.1282 0.0558 0.0551 0.2344 0.0161 
         233  1 0.0447 0.0275 0.0513 0.0222 0.0135 0.7226 0.0680 0.0503 
         234  1 0.0803 0.0538 0.3821 0.0187 0.0163 0.0477 0.3871 0.0140 
         235  1 0.0541 0.0143 0.0283 0.0180 0.8056 0.0200 0.0342 0.0255 
         236  1 0.0517 0.0291 0.2270 0.1293 0.0462 0.3097 0.1902 0.0168 
         237  1 0.0288 0.0775 0.2798 0.0104 0.1615 0.0382 0.2503 0.1535 
         238  1 0.0117 0.0451 0.0857 0.0100 0.0203 0.0262 0.0467 0.7541 
         239  1 0.0274 0.0872 0.1985 0.0830 0.0743 0.1826 0.3291 0.0178 
         240  1 0.1008 0.0685 0.2851 0.0768 0.0181 0.0867 0.3452 0.0188 
         241  1 0.0143 0.0285 0.0195 0.0777 0.0213 0.0127 0.0207 0.8051 
         242  1 0.1814 0.2494 0.1788 0.0393 0.0265 0.0356 0.2652 0.0237 
         243  1 0.0354 0.1200 0.0872 0.0103 0.1409 0.4750 0.1074 0.0238 
         244  1 0.0150 0.0204 0.0236 0.0126 0.8598 0.0121 0.0282 0.0283 
         245  1 0.1165 0.1938 0.3038 0.0663 0.0376 0.0215 0.2049 0.0556 
         246  1 0.8687 0.0321 0.0200 0.0170 0.0180 0.0104 0.0199 0.0139 
         247  1 0.0973 0.0476 0.2562 0.0628 0.0266 0.1890 0.2662 0.0542 
         248  1 0.0584 0.0995 0.2692 0.0190 0.0174 0.0640 0.3627 0.1097 
         249  1 0.1412 0.0490 0.2221 0.1049 0.0624 0.1958 0.1932 0.0314 
         250  1 0.0570 0.0394 0.3118 0.0173 0.0307 0.1401 0.3499 0.0538 
         251  1 0.0301 0.0333 0.2280 0.0211 0.1577 0.2827 0.2221 0.0251 
         252  1 0.0593 0.5712 0.0478 0.0122 0.0245 0.1477 0.0612 0.0760 
         253  1 0.0586 0.0933 0.0639 0.6254 0.0235 0.0579 0.0630 0.0143 
         254  1 0.0256 0.2314 0.3390 0.0477 0.0879 0.0264 0.2056 0.0363 
         255  1 0.0173 0.0222 0.0158 0.8596 0.0452 0.0138 0.0165 0.0096 
         256  1 0.0182 0.0223 0.0163 0.8608 0.0434 0.0135 0.0164 0.0091 
         257  1 0.0362 0.0699 0.2445 0.2520 0.0471 0.0228 0.2967 0.0309 
         258  1 0.0179 0.7183 0.0733 0.0343 0.0084 0.0204 0.1030 0.0243 
         259  1 0.0316 0.8643 0.0195 0.0168 0.0090 0.0270 0.0217 0.0100 
         260  1 0.1287 0.0613 0.4616 0.0160 0.0137 0.0203 0.2451 0.0532 
