           1  1 0.7130 0.1206 0.1664 
           2  1 0.4401 0.3385 0.2214 
           3  1 0.4210 0.3428 0.2361 
           4  1 0.4487 0.4594 0.0919 
           5  1 0.6018 0.1384 0.2598 
           6  1 0.7735 0.1800 0.0465 
           7  1 0.2743 0.3552 0.3704 
           8  1 0.2567 0.2319 0.5114 
           9  1 0.1401 0.0363 0.8236 
          10  1 0.8215 0.0692 0.1093 
          11  1 0.8419 0.1143 0.0439 
          12  1 0.0573 0.1131 0.8296 
          13  1 0.1444 0.7917 0.0639 
          14  1 0.0518 0.6997 0.2486 
          15  1 0.4125 0.5260 0.0615 
          16  1 0.0427 0.1367 0.8206 
          17  1 0.0498 0.8293 0.1209 
          18  1 0.1537 0.4764 0.3699 
          19  1 0.7964 0.0366 0.1669 
          20  1 0.8691 0.0894 0.0415 
          21  1 0.0369 0.1138 0.8492 
          22  1 0.7064 0.2126 0.0810 
          23  1 0.1394 0.4478 0.4129 
          24  1 0.0216 0.0241 0.9543 
          25  1 0.0742 0.7135 0.2123 
          26  1 0.3901 0.2585 0.3514 
          27  1 0.1234 0.0671 0.8095 
          28  1 0.1348 0.7736 0.0916 
          29  1 0.2158 0.7159 0.0683 
          30  1 0.0958 0.7586 0.1456 
          31  1 0.1945 0.4523 0.3531 
          32  1 0.2602 0.5779 0.1619 
          33  1 0.0726 0.5578 0.3696 
          34  1 0.8975 0.0423 0.0602 
          35  1 0.2082 0.4983 0.2934 
          36  1 0.8551 0.0491 0.0958 
          37  1 0.1530 0.4474 0.3996 
          38  1 0.0715 0.1004 0.8282 
          39  1 0.5538 0.2594 0.1868 
          40  1 0.0767 0.3962 0.5272 
          41  1 0.0464 0.0545 0.8991 
          42  1 0.1405 0.7349 0.1246 
          43  1 0.0355 0.1155 0.8490 
          44  1 0.1225 0.0452 0.8324 
          45  1 0.3529 0.4923 0.1548 
          46  1 0.0456 0.5839 0.3705 
          47  1 0.1037 0.3969 0.4994 
          48  1 0.1490 0.3785 0.4725 
          49  1 0.0843 0.7642 0.1514 
          50  1 0.2054 0.4916 0.3030 
          51  1 0.0657 0.8957 0.0386 
          52  1 0.1471 0.7720 0.0809 
          53  1 0.6355 0.3170 0.0475 
          54  1 0.0759 0.8587 0.0653 
          55  1 0.1820 0.5214 0.2966 
          56  1 0.0761 0.4899 0.4340 
          57  1 0.0632 0.8622 0.0746 
          58  1 0.1374 0.5577 0.3049 
          59  1 0.7538 0.1632 0.0829 
          60  1 0.5312 0.3128 0.1560 
          61  1 0.0791 0.0614 0.8595 
          62  1 0.1558 0.7458 0.0984 
          63  1 0.1642 0.5129 0.3229 
          64  1 0.9427 0.0345 0.0229 
          65  1 0.0641 0.6886 0.2473 
          66  1 0.0417 0.0368 0.9215 
          67  1 0.0657 0.8193 0.1149 
          68  1 0.0551 0.7281 0.2168 
          69  1 0.1296 0.5089 0.3615 
          70  1 0.1437 0.6762 0.1801 
          71  1 0.2111 0.6646 0.1244 
          72  1 0.0987 0.6882 0.2131 
          73  1 0.1152 0.5022 0.3825 
          74  1 0.4131 0.4847 0.1022 
          75  1 0.1504 0.3745 0.4750 
          76  1 0.1465 0.7512 0.1023 
          77  1 0.7992 0.1284 0.0725 
          78  1 0.2079 0.2912 0.5008 
          79  1 0.7719 0.1089 0.1192 
          80  1 0.1142 0.5985 0.2873 
          81  1 0.1606 0.5089 0.3305 
          82  1 0.1252 0.6994 0.1754 
          83  1 0.0393 0.4094 0.5513 
          84  1 0.4984 0.1095 0.3921 
          85  1 0.0523 0.8612 0.0865 
          86  1 0.0755 0.8013 0.1232 
          87  1 0.6577 0.0680 0.2743 
          88  1 0.1019 0.3872 0.5110 
          89  1 0.2301 0.5957 0.1742 
          90  1 0.0792 0.6294 0.2914 
          91  1 0.1014 0.5224 0.3762 
          92  1 0.0425 0.8791 0.0784 
          93  1 0.1580 0.6110 0.2310 
          94  1 0.0823 0.7779 0.1398 
          95  1 0.4192 0.3412 0.2396 
          96  1 0.3360 0.2863 0.3777 
          97  1 0.8741 0.1007 0.0253 
          98  1 0.7412 0.1158 0.1430 
          99  1 0.0587 0.8914 0.0500 
         100  1 0.1888 0.6873 0.1239 
         101  1 0.0815 0.2012 0.7173 
         102  1 0.0747 0.5074 0.4179 
         103  1 0.0624 0.1785 0.7591 
         104  1 0.6841 0.1745 0.1414 
         105  1 0.4760 0.2731 0.2509 
         106  1 0.1179 0.7270 0.1551 
         107  1 0.6903 0.2448 0.0649 
         108  1 0.0841 0.5551 0.3608 
         109  1 0.0934 0.5960 0.3106 
         110  1 0.5817 0.3495 0.0688 
         111  1 0.7658 0.0942 0.1400 
         112  1 0.6903 0.2070 0.1027 
         113  1 0.1524 0.4839 0.3637 
         114  1 0.2677 0.7002 0.0322 
         115  1 0.0887 0.1373 0.7740 
         116  1 0.1041 0.4098 0.4860 
         117  1 0.4036 0.0873 0.5091 
         118  1 0.4879 0.3405 0.1717 
         119  1 0.1259 0.6959 0.1782 
         120  1 0.4861 0.4576 0.0563 
         121  1 0.0338 0.0661 0.9000 
         122  1 0.2966 0.3575 0.3459 
         123  1 0.9427 0.0281 0.0292 
         124  1 0.0465 0.7771 0.1764 
         125  1 0.7305 0.1693 0.1002 
         126  1 0.8191 0.1114 0.0695 
         127  1 0.0989 0.8577 0.0434 
         128  1 0.4693 0.1720 0.3588 
         129  1 0.1114 0.7834 0.1052 
         130  1 0.3280 0.5041 0.1679 
         131  1 0.2963 0.5442 0.1595 
         132  1 0.7114 0.1901 0.0984 
         133  1 0.0303 0.3293 0.6404 
         134  1 0.0415 0.8935 0.0650 
         135  1 0.0448 0.8738 0.0813 
         136  1 0.0797 0.8769 0.0435 
         137  1 0.6096 0.3478 0.0426 
         138  1 0.5672 0.3343 0.0984 
         139  1 0.6605 0.2603 0.0791 
         140  1 0.8512 0.1082 0.0407 
         141  1 0.6992 0.2256 0.0752 
         142  1 0.7546 0.1744 0.0710 
         143  1 0.6762 0.2473 0.0765 
         144  1 0.0646 0.6800 0.2554 
         145  1 0.6769 0.1756 0.1475 
         146  1 0.0863 0.8696 0.0441 
         147  1 0.0673 0.3579 0.5748 
         148  1 0.1852 0.2603 0.5545 
         149  1 0.1308 0.0946 0.7747 
         150  1 0.2003 0.7170 0.0828 
         151  1 0.0318 0.0329 0.9352 
         152  1 0.1757 0.6040 0.2203 
         153  1 0.1201 0.2886 0.5913 
         154  1 0.0553 0.0560 0.8887 
         155  1 0.1701 0.1675 0.6625 
         156  1 0.3400 0.5504 0.1096 
         157  1 0.8613 0.0846 0.0540 
         158  1 0.2489 0.6259 0.1252 
         159  1 0.9245 0.0406 0.0349 
         160  1 0.1308 0.6012 0.2680 
         161  1 0.7688 0.1369 0.0943 
         162  1 0.1083 0.2667 0.6250 
         163  1 0.8364 0.1142 0.0494 
         164  1 0.8268 0.0976 0.0756 
         165  1 0.9307 0.0403 0.0290 
         166  1 0.4068 0.1415 0.4516 
         167  1 0.0353 0.0715 0.8932 
         168  1 0.0647 0.8185 0.1168 
         169  1 0.1135 0.6231 0.2634 
         170  1 0.0554 0.8741 0.0705 
         171  1 0.6670 0.1577 0.1753 
         172  1 0.0797 0.1977 0.7226 
         173  1 0.1087 0.0842 0.8071 
         174  1 0.5854 0.3187 0.0960 
         175  1 0.1356 0.5039 0.3606 
         176  1 0.0407 0.4938 0.4655 
         177  1 0.0472 0.2657 0.6871 
         178  1 0.0892 0.7351 0.1757 
         179  1 0.4547 0.3929 0.1524 
         180  1 0.7656 0.1436 0.0908 
         181  1 0.0264 0.0393 0.9343 
         182  1 0.0421 0.6037 0.3542 
         183  1 0.4794 0.4721 0.0485 
         184  1 0.0883 0.2101 0.7016 
         185  1 0.7798 0.1830 0.0372 
         186  1 0.4846 0.0916 0.4238 
         187  1 0.4515 0.2852 0.2633 
         188  1 0.1121 0.5858 0.3021 
         189  1 0.5751 0.3906 0.0344 
         190  1 0.0462 0.0738 0.8800 
         191  1 0.4828 0.0872 0.4300 
         192  1 0.0764 0.6286 0.2950 
         193  1 0.9420 0.0287 0.0293 
         194  1 0.9036 0.0651 0.0314 
         195  1 0.8217 0.1534 0.0249 
         196  1 0.8232 0.0635 0.1133 
         197  1 0.8386 0.0599 0.1015 
         198  1 0.7939 0.1628 0.0432 
         199  1 0.1260 0.5482 0.3258 
         200  1 0.8022 0.1225 0.0753 
         201  1 0.9238 0.0359 0.0404 
         202  1 0.0943 0.7782 0.1275 
         203  1 0.0814 0.8724 0.0462 
         204  1 0.0876 0.8648 0.0476 
         205  1 0.1108 0.0841 0.8051 
         206  1 0.6349 0.2850 0.0800 
         207  1 0.0281 0.0533 0.9186 
         208  1 0.7342 0.1249 0.1409 
         209  1 0.7512 0.0781 0.1707 
         210  1 0.8554 0.0801 0.0644 
         211  1 0.1376 0.0427 0.8196 
         212  1 0.1004 0.0574 0.8421 
         213  1 0.0541 0.8873 0.0586 
         214  1 0.8059 0.1188 0.0753 
         215  1 0.6283 0.2284 0.1433 
         216  1 0.3261 0.6281 0.0458 
         217  1 0.5796 0.3876 0.0328 
         218  1 0.1692 0.0609 0.7698 
         219  1 0.9232 0.0356 0.0412 
         220  1 0.1155 0.8119 0.0726 
         221  1 0.8103 0.0856 0.1042 
         222  1 0.2283 0.5538 0.2178 
         223  1 0.2221 0.6320 0.1458 
         224  1 0.3885 0.3640 0.2474 
         225  1 0.0263 0.0328 0.9408 
         226  1 0.0289 0.0357 0.9354 
         227  1 0.0485 0.0881 0.8634 
         228  1 0.7902 0.0972 0.1125 
         229  1 0.1902 0.1882 0.6217 
         230  1 0.1436 0.8093 0.0471 
         231  1 0.2481 0.2306 0.5214 
         232  1 0.4008 0.4461 0.1531 
         233  1 0.1097 0.6648 0.2255 
         234  1 0.3280 0.4579 0.2142 
         235  1 0.0795 0.6287 0.2918 
         236  1 0.1967 0.7393 0.0640 
         237  1 0.0670 0.3084 0.6246 
         238  1 0.0331 0.0654 0.9015 
         239  1 0.3879 0.5158 0.0964 
         240  1 0.4202 0.4989 0.0809 
         241  1 0.0449 0.0317 0.9233 
         242  1 0.7164 0.1285 0.1550 
         243  1 0.0607 0.7727 0.1666 
         244  1 0.1187 0.4002 0.4812 
         245  1 0.6891 0.1001 0.2108 
         246  1 0.7931 0.1643 0.0426 
         247  1 0.2793 0.4602 0.2605 
         248  1 0.1171 0.2812 0.6017 
         249  1 0.3549 0.5047 0.1404 
         250  1 0.0980 0.4295 0.4725 
         251  1 0.0684 0.7684 0.1631 
         252  1 0.3749 0.4576 0.1675 
         253  1 0.8875 0.0694 0.0430 
         254  1 0.2625 0.5325 0.2050 
         255  1 0.9049 0.0549 0.0402 
         256  1 0.9037 0.0560 0.0403 
         257  1 0.7832 0.0902 0.1266 
         258  1 0.7004 0.1837 0.1159 
         259  1 0.8285 0.1385 0.0331 
         260  1 0.2586 0.4148 0.3266 
