           1  1 0.6517 0.0854 0.1925 0.0704 
           2  1 0.4311 0.1553 0.1435 0.2701 
           3  1 0.1650 0.0354 0.7565 0.0431 
           4  1 0.3010 0.0652 0.2085 0.4252 
           5  1 0.5702 0.1997 0.0558 0.1743 
           6  1 0.7111 0.0340 0.1424 0.1125 
           7  1 0.2212 0.3000 0.1802 0.2986 
           8  1 0.1640 0.2433 0.5096 0.0831 
           9  1 0.1623 0.7602 0.0406 0.0369 
          10  1 0.7890 0.0910 0.0485 0.0715 
          11  1 0.7344 0.0250 0.1342 0.1063 
          12  1 0.0668 0.7269 0.1095 0.0967 
          13  1 0.0916 0.0385 0.3387 0.5313 
          14  1 0.0406 0.0476 0.8385 0.0732 
          15  1 0.1270 0.0346 0.1266 0.7117 
          16  1 0.0398 0.7098 0.1133 0.1371 
          17  1 0.0359 0.0428 0.6418 0.2794 
          18  1 0.0836 0.0620 0.7787 0.0757 
          19  1 0.7722 0.1628 0.0333 0.0318 
          20  1 0.8277 0.0373 0.0557 0.0793 
          21  1 0.0296 0.7957 0.0552 0.1195 
          22  1 0.6732 0.0580 0.1051 0.1638 
          23  1 0.0812 0.1223 0.7422 0.0543 
          24  1 0.0191 0.9369 0.0225 0.0215 
          25  1 0.0549 0.0565 0.6643 0.2243 
          26  1 0.3924 0.2281 0.2116 0.1679 
          27  1 0.1334 0.7252 0.0871 0.0543 
          28  1 0.1087 0.0555 0.3697 0.4660 
          29  1 0.1278 0.0442 0.3058 0.5222 
          30  1 0.0703 0.0708 0.4453 0.4137 
          31  1 0.1808 0.1650 0.4107 0.2435 
          32  1 0.2764 0.1176 0.2860 0.3200 
          33  1 0.0370 0.0426 0.8664 0.0540 
          34  1 0.8441 0.0420 0.0866 0.0273 
          35  1 0.0398 0.0227 0.9091 0.0283 
          36  1 0.7906 0.0891 0.0784 0.0420 
          37  1 0.1065 0.2435 0.4122 0.2377 
          38  1 0.0540 0.7483 0.0900 0.1077 
          39  1 0.3906 0.1455 0.1100 0.3539 
          40  1 0.0632 0.2648 0.5637 0.1083 
          41  1 0.0395 0.8588 0.0464 0.0554 
          42  1 0.0875 0.0381 0.7477 0.1267 
          43  1 0.0309 0.5481 0.3917 0.0292 
          44  1 0.1117 0.8135 0.0261 0.0487 
          45  1 0.2922 0.0992 0.0888 0.5199 
          46  1 0.0344 0.0519 0.8784 0.0354 
          47  1 0.0963 0.3056 0.2077 0.3904 
          48  1 0.0979 0.3231 0.0379 0.5410 
          49  1 0.0600 0.0752 0.3020 0.5629 
          50  1 0.0712 0.1358 0.0390 0.7540 
          51  1 0.0316 0.0242 0.0518 0.8924 
          52  1 0.0890 0.0661 0.2362 0.6087 
          53  1 0.4584 0.0304 0.1413 0.3699 
          54  1 0.0391 0.0332 0.0598 0.8680 
          55  1 0.1801 0.2142 0.3395 0.2662 
          56  1 0.0511 0.2830 0.1687 0.4973 
          57  1 0.0533 0.0554 0.2893 0.6020 
          58  1 0.1076 0.2121 0.3324 0.3480 
          59  1 0.5602 0.0731 0.0952 0.2715 
          60  1 0.3995 0.0973 0.0552 0.4480 
          61  1 0.0929 0.7783 0.0561 0.0727 
          62  1 0.0631 0.0541 0.1328 0.7500 
          63  1 0.0608 0.0371 0.8691 0.0330 
          64  1 0.9016 0.0216 0.0220 0.0547 
          65  1 0.0356 0.1850 0.0985 0.6809 
          66  1 0.0391 0.8889 0.0416 0.0304 
          67  1 0.0660 0.0587 0.4737 0.4016 
          68  1 0.0436 0.1473 0.1465 0.6626 
          69  1 0.0744 0.2086 0.0740 0.6430 
          70  1 0.1254 0.0911 0.2376 0.5459 
          71  1 0.0923 0.0885 0.2179 0.6012 
          72  1 0.0387 0.0303 0.8871 0.0438 
          73  1 0.0759 0.2198 0.2842 0.4201 
          74  1 0.2428 0.0345 0.5736 0.1491 
          75  1 0.1261 0.2656 0.4908 0.1175 
          76  1 0.0606 0.0504 0.0726 0.8164 
          77  1 0.5912 0.0645 0.1526 0.1917 
          78  1 0.2407 0.2683 0.4004 0.0907 
          79  1 0.6883 0.0730 0.1273 0.1114 
          80  1 0.0441 0.0339 0.8817 0.0404 
          81  1 0.1122 0.2860 0.0679 0.5340 
          82  1 0.0716 0.0366 0.8153 0.0764 
          83  1 0.0246 0.1826 0.7518 0.0410 
          84  1 0.4541 0.2401 0.2292 0.0766 
          85  1 0.0439 0.0657 0.2437 0.6468 
          86  1 0.0496 0.0821 0.1203 0.7479 
          87  1 0.5444 0.3099 0.0729 0.0728 
          88  1 0.0879 0.3069 0.4819 0.1233 
          89  1 0.1934 0.1127 0.1333 0.5607 
          90  1 0.0324 0.0323 0.8990 0.0363 
          91  1 0.0873 0.1668 0.5587 0.1873 
          92  1 0.0398 0.0539 0.4692 0.4371 
          93  1 0.1040 0.1504 0.0813 0.6643 
          94  1 0.0737 0.0867 0.3791 0.4605 
          95  1 0.2667 0.0816 0.5468 0.1050 
          96  1 0.2310 0.2413 0.2950 0.2327 
          97  1 0.7927 0.0205 0.0518 0.1350 
          98  1 0.5237 0.0955 0.2091 0.1718 
          99  1 0.0375 0.0349 0.1053 0.8224 
         100  1 0.1589 0.0804 0.1720 0.5887 
         101  1 0.0639 0.2893 0.5937 0.0531 
         102  1 0.0437 0.1184 0.7784 0.0595 
         103  1 0.0755 0.5085 0.3378 0.0782 
         104  1 0.6098 0.0813 0.1989 0.1100 
         105  1 0.2766 0.1637 0.2651 0.2946 
         106  1 0.0852 0.1326 0.1054 0.6767 
         107  1 0.5475 0.0462 0.0937 0.3126 
         108  1 0.0707 0.1639 0.6110 0.1545 
         109  1 0.0796 0.1731 0.3860 0.3613 
         110  1 0.3316 0.0412 0.3460 0.2811 
         111  1 0.7428 0.0983 0.0866 0.0723 
         112  1 0.6074 0.0701 0.2020 0.1204 
         113  1 0.0561 0.0787 0.7973 0.0679 
         114  1 0.1758 0.0198 0.0766 0.7278 
         115  1 0.1075 0.6348 0.1161 0.1416 
         116  1 0.0947 0.3570 0.2897 0.2586 
         117  1 0.3782 0.4559 0.0481 0.1177 
         118  1 0.3030 0.1070 0.2018 0.3883 
         119  1 0.0682 0.0471 0.8056 0.0791 
         120  1 0.1633 0.0336 0.1257 0.6774 
         121  1 0.0282 0.8565 0.0370 0.0784 
         122  1 0.2430 0.2016 0.2888 0.2666 
         123  1 0.9171 0.0255 0.0258 0.0316 
         124  1 0.0273 0.0276 0.8736 0.0715 
         125  1 0.6356 0.0769 0.1262 0.1612 
         126  1 0.5974 0.0650 0.0744 0.2632 
         127  1 0.0860 0.0331 0.2197 0.6612 
         128  1 0.4417 0.1998 0.2996 0.0589 
         129  1 0.0711 0.0672 0.2259 0.6359 
         130  1 0.2697 0.1201 0.2716 0.3386 
         131  1 0.2441 0.1048 0.3546 0.2965 
         132  1 0.3565 0.0787 0.1241 0.4407 
         133  1 0.0269 0.4918 0.1971 0.2841 
         134  1 0.0380 0.0420 0.3399 0.5801 
         135  1 0.0461 0.0429 0.4997 0.4113 
         136  1 0.0736 0.0343 0.1878 0.7043 
         137  1 0.1991 0.0373 0.0583 0.7053 
         138  1 0.2155 0.0790 0.0498 0.6558 
         139  1 0.2921 0.0697 0.0520 0.5863 
         140  1 0.7254 0.0301 0.1120 0.1325 
         141  1 0.4414 0.0542 0.0300 0.4744 
         142  1 0.6687 0.0485 0.1045 0.1783 
         143  1 0.2291 0.0671 0.0419 0.6619 
         144  1 0.0544 0.0974 0.6645 0.1836 
         145  1 0.4682 0.1073 0.0616 0.3630 
         146  1 0.0505 0.0315 0.0608 0.8572 
         147  1 0.0614 0.3109 0.2549 0.3728 
         148  1 0.1575 0.2454 0.3988 0.1983 
         149  1 0.1586 0.5411 0.2490 0.0513 
         150  1 0.1376 0.0608 0.1527 0.6489 
         151  1 0.0275 0.9082 0.0356 0.0287 
         152  1 0.1142 0.0607 0.7544 0.0707 
         153  1 0.0834 0.4238 0.0557 0.4371 
         154  1 0.0701 0.7151 0.1744 0.0404 
         155  1 0.1308 0.6100 0.0902 0.1690 
         156  1 0.1741 0.0653 0.1302 0.6304 
         157  1 0.7130 0.0526 0.0980 0.1364 
         158  1 0.0658 0.0632 0.0510 0.8200 
         159  1 0.8792 0.0236 0.0673 0.0299 
         160  1 0.0939 0.1876 0.3217 0.3969 
         161  1 0.6739 0.0821 0.0924 0.1515 
         162  1 0.1022 0.3969 0.2957 0.2052 
         163  1 0.6985 0.0458 0.0705 0.1853 
         164  1 0.6436 0.0590 0.1551 0.1422 
         165  1 0.8900 0.0241 0.0440 0.0418 
         166  1 0.4280 0.2477 0.1934 0.1310 
         167  1 0.0312 0.8344 0.0766 0.0578 
         168  1 0.0414 0.0831 0.0880 0.7875 
         169  1 0.0842 0.0748 0.7607 0.0803 
         170  1 0.0325 0.0552 0.0487 0.8636 
         171  1 0.5372 0.1286 0.1103 0.2239 
         172  1 0.0980 0.5140 0.2268 0.1612 
         173  1 0.1163 0.7100 0.0623 0.1114 
         174  1 0.4019 0.0896 0.0983 0.4102 
         175  1 0.1032 0.2492 0.1507 0.4968 
         176  1 0.0319 0.2419 0.0618 0.6644 
         177  1 0.0407 0.5164 0.1676 0.2752 
         178  1 0.0849 0.0861 0.6525 0.1765 
         179  1 0.3458 0.0987 0.2157 0.3398 
         180  1 0.5556 0.0797 0.0698 0.2948 
         181  1 0.0250 0.8942 0.0509 0.0300 
         182  1 0.0352 0.1432 0.6764 0.1452 
         183  1 0.2012 0.0337 0.0507 0.7144 
         184  1 0.0849 0.2456 0.5911 0.0785 
         185  1 0.7043 0.0268 0.1027 0.1663 
         186  1 0.5288 0.3350 0.0628 0.0734 
         187  1 0.3933 0.1351 0.3388 0.1328 
         188  1 0.0542 0.1500 0.0759 0.7199 
         189  1 0.1263 0.0225 0.0286 0.8225 
         190  1 0.0407 0.8036 0.1055 0.0502 
         191  1 0.4779 0.3608 0.0934 0.0678 
         192  1 0.0616 0.1673 0.2077 0.5635 
         193  1 0.9137 0.0265 0.0264 0.0334 
         194  1 0.8823 0.0254 0.0440 0.0484 
         195  1 0.4855 0.0196 0.0262 0.4687 
         196  1 0.8033 0.0800 0.0638 0.0529 
         197  1 0.7492 0.1103 0.0585 0.0819 
         198  1 0.6115 0.0308 0.1104 0.2474 
         199  1 0.0419 0.0306 0.8967 0.0309 
         200  1 0.7188 0.0543 0.1257 0.1012 
         201  1 0.8929 0.0333 0.0440 0.0297 
         202  1 0.0893 0.0727 0.4425 0.3954 
         203  1 0.0762 0.0336 0.1898 0.7004 
         204  1 0.1105 0.0402 0.2553 0.5940 
         205  1 0.1440 0.6992 0.0983 0.0586 
         206  1 0.5849 0.0483 0.2221 0.1447 
         207  1 0.0242 0.8815 0.0403 0.0540 
         208  1 0.6101 0.1345 0.1141 0.1413 
         209  1 0.7158 0.1236 0.1087 0.0519 
         210  1 0.7006 0.0670 0.0509 0.1815 
         211  1 0.1282 0.7791 0.0497 0.0430 
         212  1 0.1060 0.7712 0.0624 0.0604 
         213  1 0.0324 0.0464 0.0708 0.8504 
         214  1 0.6727 0.0525 0.1630 0.1118 
         215  1 0.2941 0.1312 0.0455 0.5292 
         216  1 0.2061 0.0324 0.1077 0.6538 
         217  1 0.1280 0.0227 0.0280 0.8213 
         218  1 0.1644 0.7224 0.0496 0.0636 
         219  1 0.8935 0.0338 0.0444 0.0284 
         220  1 0.1118 0.0543 0.2805 0.5534 
         221  1 0.7466 0.0856 0.0942 0.0736 
         222  1 0.1759 0.1510 0.3356 0.3374 
         223  1 0.2342 0.0921 0.4631 0.2106 
         224  1 0.2227 0.1948 0.0913 0.4911 
         225  1 0.0229 0.9154 0.0342 0.0275 
         226  1 0.0322 0.8980 0.0397 0.0301 
         227  1 0.0385 0.7960 0.0926 0.0729 
         228  1 0.7015 0.0761 0.1514 0.0711 
         229  1 0.1877 0.4431 0.2572 0.1120 
         230  1 0.0805 0.0328 0.3186 0.5680 
         231  1 0.2048 0.4347 0.1025 0.2580 
         232  1 0.3779 0.0666 0.3160 0.2395 
         233  1 0.0702 0.2073 0.1400 0.5825 
         234  1 0.1770 0.0946 0.0793 0.6491 
         235  1 0.0516 0.0484 0.8473 0.0528 
         236  1 0.1781 0.0453 0.2261 0.5505 
         237  1 0.0475 0.3608 0.4394 0.1523 
         238  1 0.0300 0.8505 0.0502 0.0693 
         239  1 0.2916 0.0457 0.4729 0.1898 
         240  1 0.2221 0.0599 0.0841 0.6340 
         241  1 0.0638 0.8728 0.0377 0.0258 
         242  1 0.6071 0.1111 0.0899 0.1919 
         243  1 0.0486 0.0676 0.5910 0.2928 
         244  1 0.0505 0.0717 0.8539 0.0239 
         245  1 0.5824 0.1880 0.0976 0.1321 
         246  1 0.3706 0.0435 0.0513 0.5346 
         247  1 0.2583 0.2063 0.2653 0.2701 
         248  1 0.0836 0.3986 0.0825 0.4353 
         249  1 0.2382 0.0837 0.1904 0.4877 
         250  1 0.0714 0.2958 0.1718 0.4610 
         251  1 0.0541 0.0813 0.6139 0.2508 
         252  1 0.1364 0.1252 0.0678 0.6706 
         253  1 0.8256 0.0347 0.0609 0.0787 
         254  1 0.1934 0.1059 0.4138 0.2869 
         255  1 0.8473 0.0256 0.0915 0.0356 
         256  1 0.8496 0.0251 0.0897 0.0356 
         257  1 0.6611 0.1044 0.1103 0.1243 
         258  1 0.6358 0.0941 0.0726 0.1976 
         259  1 0.6142 0.0276 0.0440 0.3143 
         260  1 0.0984 0.1773 0.0689 0.6554 
