           1  1 0.1842 0.2003 0.3816 0.0946 0.0234 0.0354 0.0805 
           2  1 0.1442 0.0343 0.2762 0.0194 0.0310 0.0372 0.4578 
           3  1 0.0336 0.0315 0.0613 0.7833 0.0561 0.0175 0.0168 
           4  1 0.3687 0.1140 0.2056 0.0711 0.0854 0.0308 0.1244 
           5  1 0.4667 0.0946 0.1807 0.0152 0.1302 0.0618 0.0508 
           6  1 0.1165 0.0276 0.3818 0.0492 0.3759 0.0139 0.0350 
           7  1 0.3178 0.1508 0.0883 0.0530 0.0560 0.1426 0.1915 
           8  1 0.0918 0.1554 0.1221 0.4201 0.0295 0.1315 0.0496 
           9  1 0.0535 0.0530 0.1866 0.0213 0.0271 0.6430 0.0155 
          10  1 0.1954 0.0613 0.6092 0.0218 0.0383 0.0451 0.0290 
          11  1 0.1138 0.1632 0.2926 0.0947 0.2891 0.0111 0.0355 
          12  1 0.0938 0.0276 0.0593 0.0294 0.0549 0.6003 0.1346 
          13  1 0.1202 0.2979 0.0194 0.1007 0.0824 0.0189 0.3606 
          14  1 0.0452 0.0333 0.0331 0.7751 0.0248 0.0254 0.0632 
          15  1 0.4483 0.3130 0.0182 0.0313 0.1464 0.0142 0.0285 
          16  1 0.3102 0.0256 0.0202 0.0350 0.0962 0.4267 0.0861 
          17  1 0.1712 0.0505 0.0164 0.5628 0.1133 0.0222 0.0636 
          18  1 0.0604 0.0218 0.0374 0.7567 0.0634 0.0213 0.0390 
          19  1 0.0238 0.0217 0.7625 0.0138 0.0283 0.1320 0.0180 
          20  1 0.0718 0.0176 0.7432 0.0166 0.0825 0.0184 0.0499 
          21  1 0.0444 0.0298 0.0186 0.0212 0.0145 0.7419 0.1296 
          22  1 0.1866 0.0409 0.6065 0.0237 0.0406 0.0197 0.0819 
          23  1 0.2392 0.0290 0.0587 0.4349 0.0656 0.0658 0.1069 
          24  1 0.0199 0.0108 0.0118 0.0114 0.0155 0.9169 0.0136 
          25  1 0.2077 0.0360 0.0167 0.3179 0.1339 0.0244 0.2634 
          26  1 0.3018 0.0423 0.2501 0.0909 0.1077 0.0910 0.1162 
          27  1 0.3185 0.0399 0.1225 0.0376 0.0674 0.3732 0.0408 
          28  1 0.0437 0.0379 0.0354 0.0581 0.0597 0.0192 0.7460 
          29  1 0.4138 0.1576 0.0520 0.1453 0.0598 0.0168 0.1547 
          30  1 0.0690 0.0814 0.0325 0.1740 0.0282 0.0320 0.5829 
          31  1 0.1643 0.0781 0.0679 0.2004 0.1382 0.0690 0.2821 
          32  1 0.2304 0.0222 0.0825 0.0276 0.3724 0.0297 0.2352 
          33  1 0.0359 0.0244 0.0177 0.8228 0.0275 0.0224 0.0494 
          34  1 0.0202 0.0342 0.8452 0.0411 0.0163 0.0210 0.0219 
          35  1 0.0141 0.0229 0.0130 0.9174 0.0115 0.0093 0.0119 
          36  1 0.0252 0.0952 0.7823 0.0335 0.0114 0.0351 0.0173 
          37  1 0.4107 0.0662 0.0740 0.1496 0.0557 0.0897 0.1540 
          38  1 0.0887 0.0815 0.0262 0.0521 0.0285 0.6648 0.0582 
          39  1 0.5200 0.1672 0.0785 0.0301 0.1146 0.0360 0.0536 
          40  1 0.3524 0.0173 0.0274 0.2118 0.1507 0.1276 0.1127 
          41  1 0.0426 0.0471 0.0202 0.0205 0.0376 0.7834 0.0485 
          42  1 0.2713 0.0358 0.0617 0.4893 0.0428 0.0167 0.0824 
          43  1 0.0201 0.0138 0.0159 0.4025 0.0155 0.5084 0.0239 
          44  1 0.0270 0.1025 0.0476 0.0099 0.0308 0.7486 0.0336 
          45  1 0.1850 0.0278 0.0901 0.0359 0.5053 0.0481 0.1077 
          46  1 0.0662 0.0118 0.0299 0.8104 0.0224 0.0229 0.0364 
          47  1 0.3239 0.0257 0.0528 0.0595 0.2600 0.1846 0.0936 
          48  1 0.3432 0.0597 0.0406 0.0129 0.3707 0.1239 0.0490 
          49  1 0.2989 0.0364 0.0204 0.0673 0.4590 0.0311 0.0868 
          50  1 0.2884 0.0904 0.0291 0.0138 0.4520 0.0585 0.0677 
          51  1 0.0658 0.1149 0.0102 0.0181 0.2836 0.0127 0.4947 
          52  1 0.1962 0.3117 0.0171 0.1090 0.1562 0.0433 0.1665 
          53  1 0.0706 0.4708 0.1006 0.0680 0.0484 0.0143 0.2271 
          54  1 0.4693 0.0348 0.0130 0.0152 0.3935 0.0119 0.0624 
          55  1 0.0829 0.0337 0.0918 0.0879 0.0640 0.1263 0.5134 
          56  1 0.3115 0.0822 0.0154 0.0378 0.1215 0.1461 0.2854 
          57  1 0.2464 0.0614 0.0213 0.0708 0.0566 0.0267 0.5167 
          58  1 0.1610 0.0607 0.0527 0.0430 0.0497 0.0920 0.5409 
          59  1 0.2333 0.4549 0.1290 0.0358 0.0576 0.0307 0.0588 
          60  1 0.2280 0.0613 0.2062 0.0127 0.1886 0.0367 0.2665 
          61  1 0.0567 0.0243 0.0603 0.0284 0.1184 0.6659 0.0459 
          62  1 0.1854 0.3281 0.0255 0.0980 0.2005 0.0357 0.1268 
          63  1 0.0194 0.0133 0.0248 0.8661 0.0375 0.0178 0.0211 
          64  1 0.0238 0.6468 0.1649 0.0102 0.1197 0.0117 0.0230 
          65  1 0.0557 0.0777 0.0129 0.0213 0.0183 0.0915 0.7225 
          66  1 0.0229 0.0300 0.0264 0.0323 0.0177 0.8527 0.0180 
          67  1 0.1347 0.0219 0.0212 0.0851 0.0947 0.0202 0.6221 
          68  1 0.1171 0.0235 0.0128 0.0201 0.4371 0.0542 0.3351 
          69  1 0.6390 0.0776 0.0326 0.0278 0.1054 0.0632 0.0544 
          70  1 0.1825 0.0255 0.0261 0.0363 0.6609 0.0195 0.0492 
          71  1 0.4663 0.1815 0.0254 0.1006 0.0978 0.0438 0.0846 
          72  1 0.0286 0.0150 0.0208 0.8524 0.0316 0.0162 0.0352 
          73  1 0.6219 0.0748 0.0387 0.0791 0.0534 0.0818 0.0502 
          74  1 0.0556 0.1294 0.1392 0.5420 0.0669 0.0152 0.0516 
          75  1 0.2394 0.0686 0.1180 0.2439 0.0329 0.1202 0.1769 
          76  1 0.1769 0.1308 0.0184 0.0219 0.2226 0.0186 0.4108 
          77  1 0.0512 0.7243 0.0523 0.0855 0.0354 0.0322 0.0192 
          78  1 0.1868 0.0202 0.1434 0.1543 0.1721 0.1707 0.1526 
          79  1 0.1817 0.0426 0.1128 0.0455 0.5693 0.0292 0.0189 
          80  1 0.0374 0.0280 0.0274 0.8294 0.0240 0.0170 0.0367 
          81  1 0.0466 0.1376 0.0397 0.0140 0.0200 0.1231 0.6190 
          82  1 0.1260 0.0259 0.0637 0.5810 0.0735 0.0216 0.1084 
          83  1 0.0606 0.0135 0.0128 0.6853 0.0190 0.1586 0.0502 
          84  1 0.1933 0.1374 0.3227 0.1408 0.0300 0.1168 0.0591 
          85  1 0.0396 0.0314 0.0163 0.0754 0.0700 0.0232 0.7441 
          86  1 0.0332 0.0361 0.0205 0.0221 0.0359 0.0240 0.8282 
          87  1 0.2392 0.1664 0.3138 0.0314 0.0354 0.1781 0.0357 
          88  1 0.4691 0.0270 0.0212 0.1141 0.1150 0.1590 0.0946 
          89  1 0.3074 0.0364 0.0469 0.0260 0.3223 0.0268 0.2341 
          90  1 0.0171 0.0181 0.0161 0.8965 0.0148 0.0163 0.0211 
          91  1 0.5686 0.0242 0.0505 0.1221 0.0710 0.0484 0.1152 
          92  1 0.0303 0.0191 0.0189 0.0435 0.0195 0.0162 0.8525 
          93  1 0.2913 0.1137 0.0468 0.0305 0.1501 0.0742 0.2933 
          94  1 0.0315 0.0181 0.0248 0.0410 0.0678 0.0213 0.7955 
          95  1 0.1062 0.0277 0.0842 0.3863 0.3227 0.0416 0.0313 
          96  1 0.2770 0.1955 0.0661 0.1522 0.1550 0.0835 0.0706 
          97  1 0.0401 0.2374 0.5492 0.0242 0.0492 0.0099 0.0901 
          98  1 0.3111 0.3744 0.0510 0.1061 0.1134 0.0288 0.0152 
          99  1 0.0239 0.0920 0.0120 0.0170 0.0384 0.0152 0.8015 
         100  1 0.2329 0.1035 0.0617 0.0414 0.0861 0.0327 0.4417 
         101  1 0.0756 0.0407 0.0516 0.5230 0.0261 0.2408 0.0424 
         102  1 0.0455 0.0271 0.0168 0.7524 0.0532 0.0763 0.0286 
         103  1 0.1528 0.0205 0.0441 0.1655 0.1238 0.3403 0.1529 
         104  1 0.0690 0.0403 0.3767 0.0981 0.3442 0.0318 0.0399 
         105  1 0.2015 0.2486 0.0644 0.1519 0.1723 0.0737 0.0877 
         106  1 0.0853 0.0580 0.0316 0.0227 0.0440 0.0658 0.6927 
         107  1 0.0271 0.0174 0.0147 0.0166 0.8931 0.0141 0.0170 
         108  1 0.4687 0.0248 0.0605 0.1844 0.0765 0.0734 0.1117 
         109  1 0.2787 0.0353 0.0576 0.0896 0.0929 0.0569 0.3888 
         110  1 0.0597 0.1124 0.0441 0.3482 0.3918 0.0195 0.0243 
         111  1 0.2921 0.0390 0.5102 0.0220 0.0546 0.0381 0.0439 
         112  1 0.2109 0.0719 0.4242 0.0513 0.1386 0.0333 0.0698 
         113  1 0.0396 0.0653 0.0267 0.7559 0.0482 0.0420 0.0223 
         114  1 0.0475 0.0133 0.0212 0.0141 0.8779 0.0077 0.0183 
         115  1 0.2898 0.0217 0.1178 0.0918 0.0515 0.3553 0.0720 
         116  1 0.3076 0.0521 0.0655 0.1186 0.0393 0.1654 0.2515 
         117  1 0.1829 0.1225 0.2495 0.0179 0.0611 0.3323 0.0339 
         118  1 0.4800 0.0586 0.0908 0.0506 0.2455 0.0324 0.0422 
         119  1 0.1385 0.0221 0.0524 0.5365 0.1697 0.0255 0.0552 
         120  1 0.0173 0.8858 0.0117 0.0284 0.0146 0.0124 0.0297 
         121  1 0.0361 0.0278 0.0129 0.0196 0.0458 0.8254 0.0324 
         122  1 0.1833 0.4072 0.0386 0.1277 0.0536 0.0537 0.1359 
         123  1 0.0177 0.7391 0.1912 0.0139 0.0153 0.0114 0.0114 
         124  1 0.0664 0.0200 0.0178 0.6951 0.0166 0.0154 0.1687 
         125  1 0.2524 0.0658 0.4324 0.0477 0.0486 0.0291 0.1241 
         126  1 0.0591 0.6606 0.0745 0.0348 0.1188 0.0336 0.0185 
         127  1 0.0453 0.0343 0.0204 0.0247 0.0851 0.0111 0.7791 
         128  1 0.0796 0.0211 0.2460 0.3164 0.1955 0.1115 0.0300 
         129  1 0.0823 0.3390 0.0200 0.0766 0.0554 0.0268 0.3998 
         130  1 0.5519 0.0441 0.1013 0.0350 0.0464 0.0339 0.1875 
         131  1 0.1186 0.1296 0.0633 0.1957 0.2396 0.0463 0.2070 
         132  1 0.0332 0.7610 0.0704 0.0728 0.0174 0.0274 0.0178 
         133  1 0.1993 0.0244 0.0144 0.0775 0.1101 0.3156 0.2587 
         134  1 0.0962 0.0326 0.0245 0.0962 0.0220 0.0173 0.7112 
         135  1 0.0448 0.0154 0.0222 0.0725 0.0242 0.0156 0.8053 
         136  1 0.0404 0.0125 0.0300 0.0161 0.0388 0.0112 0.8510 
         137  1 0.0286 0.8658 0.0189 0.0199 0.0243 0.0140 0.0284 
         138  1 0.0307 0.7074 0.0266 0.0186 0.0200 0.0593 0.1374 
         139  1 0.0405 0.8279 0.0296 0.0155 0.0207 0.0240 0.0419 
         140  1 0.0931 0.1493 0.6233 0.0695 0.0292 0.0127 0.0230 
         141  1 0.0508 0.0223 0.0320 0.0098 0.8415 0.0178 0.0259 
         142  1 0.0311 0.0193 0.0504 0.0201 0.8398 0.0157 0.0237 
         143  1 0.0344 0.8250 0.0189 0.0141 0.0374 0.0383 0.0320 
         144  1 0.1193 0.0343 0.0242 0.2619 0.0640 0.0383 0.4579 
         145  1 0.1052 0.6275 0.0383 0.0223 0.0926 0.0648 0.0493 
         146  1 0.0883 0.0466 0.0294 0.0232 0.1526 0.0135 0.6464 
         147  1 0.7195 0.0304 0.0224 0.0581 0.0408 0.0531 0.0757 
         148  1 0.2988 0.0296 0.0419 0.1215 0.3279 0.0708 0.1096 
         149  1 0.2783 0.0301 0.1142 0.1500 0.0413 0.3312 0.0550 
         150  1 0.1762 0.0420 0.0336 0.0363 0.5089 0.0228 0.1801 
         151  1 0.0248 0.0198 0.0195 0.0197 0.0130 0.8824 0.0208 
         152  1 0.1839 0.0338 0.0541 0.5327 0.1123 0.0303 0.0529 
         153  1 0.2988 0.0314 0.0293 0.0202 0.2404 0.2313 0.1486 
         154  1 0.0724 0.0269 0.0714 0.1647 0.0393 0.5938 0.0315 
         155  1 0.2029 0.0441 0.0283 0.0178 0.1379 0.3891 0.1800 
         156  1 0.5906 0.0567 0.1044 0.0269 0.1156 0.0194 0.0863 
         157  1 0.0174 0.8562 0.0553 0.0214 0.0179 0.0146 0.0171 
         158  1 0.1031 0.0612 0.0124 0.0181 0.7118 0.0294 0.0640 
         159  1 0.0252 0.0279 0.8690 0.0290 0.0226 0.0108 0.0156 
         160  1 0.4781 0.0593 0.0320 0.0748 0.1495 0.0556 0.1506 
         161  1 0.1063 0.0302 0.1536 0.0352 0.5893 0.0306 0.0547 
         162  1 0.4419 0.0221 0.0554 0.1242 0.1093 0.1859 0.0612 
         163  1 0.1336 0.4813 0.2562 0.0218 0.0384 0.0188 0.0500 
         164  1 0.1169 0.1851 0.2081 0.1186 0.2877 0.0310 0.0526 
         165  1 0.0384 0.0563 0.8358 0.0218 0.0228 0.0117 0.0133 
         166  1 0.3058 0.0237 0.1734 0.0929 0.2642 0.0894 0.0506 
         167  1 0.0332 0.0242 0.0167 0.0500 0.0343 0.7984 0.0431 
         168  1 0.2661 0.0530 0.0188 0.0252 0.1039 0.0394 0.4936 
         169  1 0.0712 0.0484 0.1501 0.5866 0.0140 0.0379 0.0918 
         170  1 0.0818 0.0638 0.0148 0.0160 0.0421 0.0277 0.7538 
         171  1 0.3328 0.2234 0.2823 0.0368 0.0490 0.0395 0.0362 
         172  1 0.4966 0.0408 0.0786 0.0645 0.0329 0.1880 0.0985 
         173  1 0.2246 0.0425 0.0848 0.0286 0.0542 0.5309 0.0346 
         174  1 0.1876 0.2876 0.1041 0.0197 0.2018 0.0433 0.1560 
         175  1 0.3586 0.0258 0.0367 0.0411 0.2828 0.0861 0.1689 
         176  1 0.5452 0.0221 0.0157 0.0167 0.2114 0.0715 0.1175 
         177  1 0.4276 0.0350 0.0144 0.0264 0.0474 0.3059 0.1433 
         178  1 0.1149 0.0329 0.0637 0.1313 0.0461 0.0298 0.5813 
         179  1 0.0351 0.0203 0.0259 0.0502 0.7807 0.0415 0.0462 
         180  1 0.0610 0.1670 0.0560 0.0250 0.6261 0.0377 0.0271 
         181  1 0.0240 0.0157 0.0131 0.0263 0.0202 0.8770 0.0238 
         182  1 0.1119 0.0182 0.0171 0.2858 0.1577 0.0585 0.3508 
         183  1 0.0611 0.6325 0.0308 0.0188 0.0192 0.0139 0.2237 
         184  1 0.3619 0.0220 0.0491 0.2830 0.1387 0.0795 0.0658 
         185  1 0.0229 0.0196 0.0299 0.0217 0.8715 0.0100 0.0243 
         186  1 0.2427 0.0205 0.4997 0.0179 0.0514 0.1134 0.0543 
         187  1 0.3983 0.0258 0.1207 0.0994 0.2777 0.0474 0.0307 
         188  1 0.3067 0.0511 0.0168 0.0280 0.4904 0.0361 0.0709 
         189  1 0.0353 0.8862 0.0160 0.0122 0.0219 0.0097 0.0187 
         190  1 0.0671 0.0198 0.0286 0.0626 0.0307 0.7664 0.0248 
         191  1 0.0688 0.0594 0.5276 0.0398 0.0142 0.2520 0.0383 
         192  1 0.3686 0.0292 0.0253 0.0377 0.4064 0.0561 0.0767 
         193  1 0.0172 0.7404 0.1908 0.0132 0.0150 0.0115 0.0118 
         194  1 0.0211 0.0222 0.8959 0.0122 0.0144 0.0102 0.0239 
         195  1 0.0463 0.7632 0.0842 0.0103 0.0622 0.0085 0.0252 
         196  1 0.0483 0.0167 0.7105 0.0274 0.1365 0.0348 0.0259 
         197  1 0.2064 0.2411 0.1659 0.0287 0.2767 0.0450 0.0362 
         198  1 0.1932 0.1200 0.0790 0.0290 0.5222 0.0117 0.0450 
         199  1 0.0189 0.0149 0.0212 0.8886 0.0207 0.0148 0.0208 
         200  1 0.1079 0.0912 0.5723 0.0863 0.0520 0.0255 0.0647 
         201  1 0.0173 0.0232 0.8784 0.0223 0.0224 0.0188 0.0176 
         202  1 0.4373 0.0313 0.0418 0.0871 0.1041 0.0212 0.2771 
         203  1 0.0391 0.0124 0.0311 0.0167 0.0380 0.0112 0.8514 
         204  1 0.0691 0.0132 0.0898 0.0374 0.0249 0.0139 0.7518 
         205  1 0.0466 0.0114 0.1609 0.0298 0.0479 0.6299 0.0736 
         206  1 0.3325 0.0693 0.0836 0.0475 0.4093 0.0149 0.0429 
         207  1 0.0328 0.0117 0.0132 0.0179 0.0305 0.8527 0.0412 
         208  1 0.2224 0.0877 0.2263 0.0360 0.2865 0.0680 0.0730 
         209  1 0.1538 0.0213 0.5924 0.0747 0.0848 0.0473 0.0257 
         210  1 0.0440 0.1982 0.0471 0.0212 0.6272 0.0281 0.0342 
         211  1 0.0390 0.1063 0.0753 0.0295 0.0293 0.7038 0.0167 
         212  1 0.1143 0.0475 0.0733 0.0333 0.0739 0.6289 0.0288 
         213  1 0.0347 0.0452 0.0211 0.0179 0.0296 0.0201 0.8314 
         214  1 0.0722 0.4325 0.2142 0.1148 0.0904 0.0247 0.0511 
         215  1 0.0235 0.8224 0.0250 0.0200 0.0173 0.0678 0.0240 
         216  1 0.0487 0.0844 0.0832 0.0281 0.0645 0.0125 0.6785 
         217  1 0.0351 0.8854 0.0157 0.0123 0.0230 0.0097 0.0188 
         218  1 0.0608 0.0680 0.0849 0.0213 0.1080 0.6197 0.0373 
         219  1 0.0174 0.0232 0.8787 0.0224 0.0222 0.0184 0.0177 
         220  1 0.2590 0.0448 0.0508 0.0377 0.0326 0.0231 0.5522 
         221  1 0.1594 0.0384 0.5794 0.0591 0.0774 0.0321 0.0543 
         222  1 0.5644 0.0447 0.0572 0.0470 0.0519 0.0469 0.1879 
         223  1 0.3121 0.0204 0.2124 0.1242 0.0864 0.0488 0.1958 
         224  1 0.0736 0.7459 0.0253 0.0233 0.0191 0.0476 0.0652 
         225  1 0.0199 0.0146 0.0106 0.0182 0.0173 0.9025 0.0169 
         226  1 0.0314 0.0167 0.0192 0.0267 0.0304 0.8583 0.0173 
         227  1 0.0779 0.0810 0.0182 0.0520 0.0233 0.7023 0.0454 
         228  1 0.2141 0.0391 0.4779 0.0477 0.1395 0.0395 0.0422 
         229  1 0.5812 0.0621 0.0630 0.0372 0.1034 0.0997 0.0534 
         230  1 0.3555 0.1462 0.0354 0.1398 0.2503 0.0172 0.0556 
         231  1 0.0837 0.0934 0.0193 0.0214 0.4224 0.2018 0.1580 
         232  1 0.2600 0.0220 0.1394 0.0737 0.4224 0.0188 0.0637 
         233  1 0.0643 0.0507 0.0261 0.0161 0.0384 0.0576 0.7467 
         234  1 0.6350 0.1112 0.0277 0.0207 0.1236 0.0194 0.0624 
         235  1 0.0341 0.0567 0.0219 0.8177 0.0186 0.0283 0.0227 
         236  1 0.2256 0.0663 0.1660 0.0572 0.0378 0.0212 0.4259 
         237  1 0.3134 0.0435 0.0134 0.2058 0.1356 0.2278 0.0604 
         238  1 0.0657 0.0155 0.0130 0.0230 0.0684 0.7836 0.0306 
         239  1 0.3181 0.0447 0.1267 0.0954 0.1393 0.0205 0.2552 
         240  1 0.4203 0.1680 0.0996 0.0256 0.1166 0.0245 0.1454 
         241  1 0.0238 0.0173 0.0728 0.0242 0.0290 0.8181 0.0147 
         242  1 0.3014 0.2117 0.0545 0.0328 0.3218 0.0332 0.0446 
         243  1 0.0947 0.0395 0.0131 0.1595 0.1352 0.0289 0.5291 
         244  1 0.0298 0.0188 0.0150 0.8660 0.0207 0.0359 0.0139 
         245  1 0.3234 0.1607 0.1264 0.0491 0.2437 0.0702 0.0264 
         246  1 0.0227 0.8759 0.0196 0.0200 0.0326 0.0164 0.0127 
         247  1 0.3008 0.1477 0.0908 0.0390 0.0775 0.0781 0.2661 
         248  1 0.3987 0.0694 0.0254 0.0239 0.2280 0.1627 0.0920 
         249  1 0.2450 0.1764 0.1276 0.0731 0.0826 0.0389 0.2565 
         250  1 0.4566 0.0997 0.0274 0.0472 0.0780 0.0776 0.2136 
         251  1 0.2252 0.0394 0.0285 0.2094 0.0596 0.0295 0.4085 
         252  1 0.0661 0.1069 0.0175 0.0300 0.5292 0.0832 0.1671 
         253  1 0.0587 0.0738 0.6756 0.0265 0.0833 0.0167 0.0653 
         254  1 0.2387 0.0304 0.0616 0.1138 0.4721 0.0432 0.0402 
         255  1 0.0180 0.0204 0.8600 0.0511 0.0243 0.0110 0.0152 
         256  1 0.0185 0.0205 0.8580 0.0512 0.0252 0.0109 0.0158 
         257  1 0.3375 0.0574 0.3402 0.0545 0.1360 0.0430 0.0315 
         258  1 0.1113 0.0210 0.0428 0.0107 0.7651 0.0260 0.0231 
         259  1 0.0250 0.0385 0.0226 0.0111 0.8639 0.0110 0.0279 
         260  1 0.4864 0.2211 0.0230 0.0174 0.1624 0.0586 0.0311 
