           1  1 0.1145 0.2060 0.0404 0.1332 0.0473 0.4586 
           2  1 0.4614 0.0933 0.0676 0.0303 0.0555 0.2917 
           3  1 0.0241 0.0427 0.0596 0.7718 0.0233 0.0785 
           4  1 0.1517 0.3374 0.1732 0.0948 0.0407 0.2022 
           5  1 0.1081 0.2271 0.2477 0.0223 0.1033 0.2915 
           6  1 0.0571 0.0633 0.3387 0.0636 0.0194 0.4580 
           7  1 0.2261 0.2433 0.1134 0.0768 0.1955 0.1449 
           8  1 0.0790 0.1388 0.0427 0.4495 0.1579 0.1321 
           9  1 0.0231 0.0685 0.0347 0.0290 0.6620 0.1826 
          10  1 0.0457 0.1505 0.0781 0.0307 0.0631 0.6319 
          11  1 0.0507 0.1354 0.2658 0.1052 0.0152 0.4277 
          12  1 0.1272 0.0548 0.0760 0.0449 0.6357 0.0614 
          13  1 0.3701 0.2977 0.1293 0.1419 0.0259 0.0353 
          14  1 0.0654 0.0496 0.0356 0.7773 0.0349 0.0372 
          15  1 0.0862 0.5388 0.2912 0.0386 0.0186 0.0265 
          16  1 0.1178 0.1070 0.1853 0.0509 0.5134 0.0256 
          17  1 0.0830 0.1622 0.1576 0.5465 0.0287 0.0221 
          18  1 0.0489 0.0388 0.0799 0.7571 0.0298 0.0454 
          19  1 0.0228 0.0298 0.0398 0.0203 0.1378 0.7495 
          20  1 0.0624 0.0481 0.1038 0.0260 0.0252 0.7345 
          21  1 0.1271 0.0628 0.0257 0.0287 0.7332 0.0225 
          22  1 0.1150 0.1207 0.0972 0.0364 0.0314 0.5993 
          23  1 0.1361 0.0617 0.0887 0.5386 0.1036 0.0714 
          24  1 0.0177 0.0149 0.0209 0.0151 0.9171 0.0143 
          25  1 0.2854 0.0872 0.1669 0.3954 0.0356 0.0295 
          26  1 0.1538 0.1250 0.1691 0.1308 0.1346 0.2867 
          27  1 0.0585 0.0763 0.1241 0.0569 0.5405 0.1437 
          28  1 0.6829 0.0982 0.0635 0.0829 0.0265 0.0460 
          29  1 0.1922 0.4053 0.1355 0.1802 0.0235 0.0633 
          30  1 0.5640 0.1258 0.0451 0.1829 0.0422 0.0400 
          31  1 0.2909 0.0983 0.1759 0.2486 0.0905 0.0959 
          32  1 0.2290 0.0858 0.4741 0.0431 0.0430 0.1250 
          33  1 0.0573 0.0384 0.0353 0.8170 0.0286 0.0234 
          34  1 0.0266 0.0383 0.0228 0.0642 0.0288 0.8194 
          35  1 0.0168 0.0240 0.0167 0.9108 0.0130 0.0188 
          36  1 0.0246 0.1535 0.0193 0.0526 0.0495 0.7005 
          37  1 0.2153 0.1766 0.1214 0.2285 0.1622 0.0960 
          38  1 0.0761 0.1048 0.0500 0.0621 0.6734 0.0336 
          39  1 0.1186 0.4424 0.2025 0.0463 0.0586 0.1316 
          40  1 0.1561 0.0745 0.2403 0.2947 0.1891 0.0453 
          41  1 0.0613 0.0538 0.0421 0.0294 0.7860 0.0274 
          42  1 0.1329 0.1200 0.1079 0.5464 0.0232 0.0696 
          43  1 0.0289 0.0187 0.0220 0.3938 0.5150 0.0216 
          44  1 0.0461 0.0785 0.0340 0.0139 0.7437 0.0838 
          45  1 0.1146 0.0775 0.5716 0.0469 0.0620 0.1274 
          46  1 0.0459 0.0294 0.0406 0.8170 0.0343 0.0329 
          47  1 0.1066 0.1633 0.3821 0.0814 0.2064 0.0602 
          48  1 0.0876 0.1682 0.4839 0.0191 0.1825 0.0587 
          49  1 0.1171 0.1616 0.5623 0.0897 0.0414 0.0278 
          50  1 0.0981 0.2515 0.5234 0.0184 0.0713 0.0374 
          51  1 0.5157 0.1564 0.2666 0.0260 0.0183 0.0170 
          52  1 0.2189 0.4183 0.1757 0.1115 0.0462 0.0294 
          53  1 0.3192 0.3279 0.0633 0.0745 0.0183 0.1968 
          54  1 0.1111 0.2407 0.5912 0.0211 0.0172 0.0188 
          55  1 0.4599 0.0793 0.0771 0.1231 0.1430 0.1175 
          56  1 0.3444 0.1905 0.1886 0.0610 0.1922 0.0233 
          57  1 0.4797 0.2248 0.1219 0.1046 0.0379 0.0311 
          58  1 0.5703 0.1204 0.0723 0.0652 0.1111 0.0608 
          59  1 0.1331 0.4404 0.0934 0.0460 0.0411 0.2461 
          60  1 0.2944 0.1419 0.2506 0.0182 0.0477 0.2474 
          61  1 0.0497 0.0400 0.1125 0.0364 0.6886 0.0729 
          62  1 0.2041 0.3642 0.2371 0.1107 0.0458 0.0380 
          63  1 0.0257 0.0193 0.0382 0.8582 0.0240 0.0346 
          64  1 0.0464 0.3163 0.1710 0.0140 0.0152 0.4371 
          65  1 0.6578 0.1364 0.0344 0.0296 0.1248 0.0172 
          66  1 0.0236 0.0340 0.0235 0.0359 0.8499 0.0332 
          67  1 0.5381 0.0948 0.1600 0.1438 0.0316 0.0318 
          68  1 0.3331 0.1115 0.4357 0.0310 0.0693 0.0194 
          69  1 0.1280 0.3887 0.2767 0.0379 0.1214 0.0474 
          70  1 0.0678 0.0973 0.7163 0.0498 0.0301 0.0387 
          71  1 0.1329 0.4492 0.2044 0.1188 0.0591 0.0355 
          72  1 0.0387 0.0278 0.0413 0.8452 0.0221 0.0249 
          73  1 0.1255 0.3510 0.2257 0.1145 0.1338 0.0494 
          74  1 0.0647 0.1355 0.0716 0.5423 0.0206 0.1653 
          75  1 0.2131 0.1248 0.0625 0.3048 0.1653 0.1295 
          76  1 0.4524 0.2182 0.2456 0.0278 0.0273 0.0286 
          77  1 0.0549 0.5695 0.0608 0.0946 0.0381 0.1821 
          78  1 0.1377 0.0569 0.2144 0.2023 0.2081 0.1805 
          79  1 0.0382 0.0886 0.5554 0.0604 0.0391 0.2184 
          80  1 0.0429 0.0401 0.0316 0.8303 0.0232 0.0319 
          81  1 0.5704 0.1658 0.0312 0.0200 0.1517 0.0610 
          82  1 0.1183 0.0740 0.0925 0.6186 0.0263 0.0703 
          83  1 0.0565 0.0291 0.0304 0.6872 0.1803 0.0164 
          84  1 0.0859 0.1445 0.0574 0.1655 0.1507 0.3960 
          85  1 0.6523 0.0959 0.0878 0.1041 0.0359 0.0240 
          86  1 0.7471 0.1041 0.0529 0.0321 0.0348 0.0290 
          87  1 0.0703 0.1957 0.0711 0.0453 0.2185 0.3990 
          88  1 0.1496 0.1224 0.2557 0.1881 0.2440 0.0403 
          89  1 0.2751 0.1056 0.4544 0.0420 0.0460 0.0768 
          90  1 0.0257 0.0251 0.0201 0.8878 0.0213 0.0201 
          91  1 0.2109 0.1793 0.2206 0.2226 0.0980 0.0686 
          92  1 0.7541 0.0901 0.0343 0.0736 0.0250 0.0229 
          93  1 0.3694 0.1962 0.2243 0.0417 0.0983 0.0701 
          94  1 0.7019 0.0759 0.0879 0.0645 0.0340 0.0358 
          95  1 0.0482 0.0563 0.2908 0.4193 0.0510 0.1344 
          96  1 0.1300 0.2632 0.2040 0.1827 0.1205 0.0995 
          97  1 0.1045 0.1870 0.0649 0.0340 0.0138 0.5958 
          98  1 0.0546 0.4446 0.2016 0.1366 0.0433 0.1193 
          99  1 0.7562 0.1399 0.0429 0.0246 0.0198 0.0166 
         100  1 0.4379 0.2173 0.1639 0.0558 0.0441 0.0810 
         101  1 0.0558 0.0536 0.0432 0.5326 0.2609 0.0539 
         102  1 0.0382 0.0407 0.0632 0.7405 0.0929 0.0245 
         103  1 0.1336 0.0480 0.1475 0.1940 0.4174 0.0594 
         104  1 0.0525 0.0494 0.3147 0.1198 0.0455 0.4180 
         105  1 0.1374 0.2766 0.2098 0.1670 0.0990 0.1102 
         106  1 0.6245 0.1327 0.0730 0.0322 0.0858 0.0518 
         107  1 0.0325 0.0332 0.7455 0.0258 0.0211 0.1420 
         108  1 0.1802 0.1431 0.1911 0.3047 0.1153 0.0658 
         109  1 0.3872 0.1402 0.1819 0.1427 0.0874 0.0605 
         110  1 0.0501 0.2005 0.2958 0.3250 0.0258 0.1028 
         111  1 0.0795 0.0850 0.1158 0.0377 0.0742 0.6078 
         112  1 0.0939 0.1661 0.1613 0.0849 0.0459 0.4479 
         113  1 0.0373 0.0637 0.0569 0.7494 0.0571 0.0356 
         114  1 0.0310 0.0525 0.8135 0.0197 0.0111 0.0723 
         115  1 0.0885 0.0883 0.1178 0.1066 0.4750 0.1236 
         116  1 0.2963 0.1292 0.0909 0.1546 0.2477 0.0813 
         117  1 0.0525 0.2097 0.0895 0.0245 0.3601 0.2637 
         118  1 0.1043 0.2529 0.4001 0.0734 0.0524 0.1169 
         119  1 0.0737 0.0596 0.1612 0.6083 0.0360 0.0613 
         120  1 0.2572 0.6145 0.0297 0.0511 0.0178 0.0297 
         121  1 0.0396 0.0481 0.0517 0.0266 0.8167 0.0174 
         122  1 0.2667 0.3079 0.0842 0.1571 0.0876 0.0966 
         123  1 0.0193 0.3925 0.0214 0.0184 0.0143 0.5341 
         124  1 0.1710 0.0457 0.0275 0.7129 0.0205 0.0223 
         125  1 0.1688 0.1640 0.0848 0.0694 0.0414 0.4717 
         126  1 0.0567 0.5200 0.1404 0.0445 0.0380 0.2003 
         127  1 0.6558 0.1070 0.1489 0.0384 0.0163 0.0336 
         128  1 0.0385 0.0358 0.2085 0.3208 0.1353 0.2611 
         129  1 0.5407 0.2474 0.0608 0.0879 0.0364 0.0267 
         130  1 0.3710 0.1803 0.1639 0.0693 0.0584 0.1571 
         131  1 0.2186 0.1528 0.2370 0.2228 0.0646 0.1042 
         132  1 0.1204 0.5876 0.0294 0.0843 0.0387 0.1395 
         133  1 0.2480 0.0668 0.1631 0.1158 0.3878 0.0185 
         134  1 0.6720 0.1177 0.0389 0.1200 0.0242 0.0273 
         135  1 0.6898 0.0876 0.0541 0.1165 0.0230 0.0290 
         136  1 0.6925 0.1029 0.1161 0.0303 0.0181 0.0400 
         137  1 0.1695 0.6935 0.0453 0.0271 0.0213 0.0432 
         138  1 0.3485 0.4898 0.0275 0.0219 0.0534 0.0589 
         139  1 0.1933 0.6141 0.0384 0.0244 0.0333 0.0966 
         140  1 0.0437 0.2237 0.0552 0.0793 0.0178 0.5804 
         141  1 0.0481 0.0494 0.7184 0.0139 0.0270 0.1432 
         142  1 0.0367 0.0321 0.6780 0.0325 0.0230 0.1977 
         143  1 0.1232 0.6984 0.0669 0.0194 0.0434 0.0485 
         144  1 0.4069 0.0828 0.0931 0.3255 0.0571 0.0345 
         145  1 0.1461 0.4516 0.1606 0.0340 0.0737 0.1340 
         146  1 0.5834 0.1437 0.1785 0.0322 0.0205 0.0416 
         147  1 0.1881 0.2608 0.2499 0.1094 0.1497 0.0421 
         148  1 0.1544 0.0834 0.3992 0.1844 0.1086 0.0700 
         149  1 0.0853 0.0724 0.0752 0.2017 0.4295 0.1359 
         150  1 0.2133 0.1258 0.5131 0.0501 0.0316 0.0660 
         151  1 0.0253 0.0269 0.0182 0.0270 0.8785 0.0242 
         152  1 0.0788 0.0688 0.1551 0.5691 0.0437 0.0845 
         153  1 0.1624 0.1314 0.3438 0.0296 0.2871 0.0457 
         154  1 0.0399 0.0379 0.0496 0.1930 0.6123 0.0672 
         155  1 0.2225 0.0765 0.1730 0.0271 0.4492 0.0517 
         156  1 0.1553 0.3215 0.3251 0.0442 0.0306 0.1232 
         157  1 0.0841 0.5026 0.0317 0.0492 0.0249 0.3075 
         158  1 0.1126 0.1237 0.6729 0.0236 0.0389 0.0282 
         159  1 0.0223 0.0336 0.0296 0.0457 0.0153 0.8535 
         160  1 0.2683 0.2045 0.2555 0.1233 0.0975 0.0509 
         161  1 0.0825 0.0624 0.4657 0.0501 0.0452 0.2941 
         162  1 0.1165 0.1185 0.2243 0.1894 0.2779 0.0734 
         163  1 0.1107 0.3996 0.0714 0.0340 0.0262 0.3580 
         164  1 0.0768 0.2113 0.2484 0.1296 0.0399 0.2939 
         165  1 0.0236 0.0856 0.0359 0.0320 0.0170 0.8058 
         166  1 0.0818 0.0876 0.3723 0.1182 0.1263 0.2138 
         167  1 0.0467 0.0345 0.0421 0.0582 0.7978 0.0207 
         168  1 0.4840 0.2252 0.1824 0.0349 0.0475 0.0260 
         169  1 0.1097 0.0722 0.0272 0.6145 0.0497 0.1266 
         170  1 0.6687 0.1869 0.0662 0.0206 0.0364 0.0212 
         171  1 0.0904 0.3355 0.1277 0.0554 0.0632 0.3279 
         172  1 0.1746 0.1282 0.1334 0.1161 0.3425 0.1053 
         173  1 0.0657 0.0907 0.1103 0.0417 0.5973 0.0943 
         174  1 0.1769 0.3981 0.2000 0.0309 0.0528 0.1413 
         175  1 0.2228 0.1517 0.3699 0.0583 0.1392 0.0581 
         176  1 0.1989 0.2156 0.4053 0.0256 0.1337 0.0208 
         177  1 0.2506 0.1342 0.1666 0.0480 0.3784 0.0223 
         178  1 0.5055 0.0878 0.0808 0.2084 0.0468 0.0707 
         179  1 0.0632 0.0368 0.6518 0.0738 0.0534 0.1210 
         180  1 0.0528 0.2310 0.4948 0.0385 0.0524 0.1305 
         181  1 0.0308 0.0257 0.0263 0.0357 0.8643 0.0172 
         182  1 0.3112 0.0541 0.1758 0.3484 0.0864 0.0242 
         183  1 0.3394 0.5171 0.0351 0.0228 0.0192 0.0664 
         184  1 0.1084 0.0707 0.2183 0.3991 0.1384 0.0650 
         185  1 0.0387 0.0305 0.6967 0.0340 0.0142 0.1860 
         186  1 0.0779 0.0799 0.1006 0.0299 0.2040 0.5078 
         187  1 0.0645 0.1103 0.4144 0.1504 0.0735 0.1868 
         188  1 0.0935 0.1527 0.6270 0.0353 0.0656 0.0260 
         189  1 0.1095 0.7798 0.0507 0.0162 0.0133 0.0304 
         190  1 0.0352 0.0574 0.0481 0.0764 0.7507 0.0321 
         191  1 0.0513 0.1052 0.0308 0.0585 0.2848 0.4694 
         192  1 0.1150 0.1592 0.5520 0.0555 0.0845 0.0338 
         193  1 0.0194 0.3916 0.0213 0.0184 0.0143 0.5350 
         194  1 0.0348 0.0677 0.0254 0.0208 0.0149 0.8365 
         195  1 0.1306 0.5522 0.0908 0.0149 0.0123 0.1992 
         196  1 0.0323 0.0277 0.1204 0.0405 0.0548 0.7241 
         197  1 0.0626 0.2415 0.2819 0.0411 0.0655 0.3073 
         198  1 0.0695 0.2102 0.4960 0.0407 0.0168 0.1668 
         199  1 0.0246 0.0230 0.0268 0.8785 0.0191 0.0279 
         200  1 0.0814 0.1255 0.0806 0.1048 0.0342 0.5735 
         201  1 0.0250 0.0259 0.0294 0.0336 0.0258 0.8604 
         202  1 0.3197 0.2059 0.2206 0.1552 0.0383 0.0602 
         203  1 0.6949 0.1023 0.1135 0.0319 0.0174 0.0399 
         204  1 0.6486 0.1141 0.0657 0.0616 0.0213 0.0888 
         205  1 0.0792 0.0270 0.0628 0.0451 0.6318 0.1540 
         206  1 0.0744 0.0969 0.5278 0.0648 0.0235 0.2126 
         207  1 0.0455 0.0281 0.0422 0.0242 0.8427 0.0173 
         208  1 0.1056 0.1526 0.3012 0.0516 0.0870 0.3020 
         209  1 0.0414 0.0727 0.1113 0.1061 0.0788 0.5896 
         210  1 0.0680 0.1769 0.4983 0.0285 0.0374 0.1910 
         211  1 0.0254 0.0904 0.0371 0.0383 0.7067 0.1021 
         212  1 0.0453 0.0705 0.0889 0.0438 0.6674 0.0841 
         213  1 0.7547 0.1202 0.0434 0.0268 0.0285 0.0263 
         214  1 0.0900 0.2617 0.1120 0.1219 0.0352 0.3793 
         215  1 0.1551 0.5842 0.0319 0.0273 0.0853 0.1164 
         216  1 0.5843 0.1346 0.0909 0.0423 0.0180 0.1299 
         217  1 0.1081 0.7826 0.0494 0.0160 0.0135 0.0304 
         218  1 0.0473 0.0779 0.1003 0.0295 0.6275 0.1176 
         219  1 0.0246 0.0261 0.0299 0.0321 0.0256 0.8616 
         220  1 0.5468 0.2231 0.0713 0.0653 0.0306 0.0629 
         221  1 0.0701 0.1032 0.1053 0.0818 0.0525 0.5871 
         222  1 0.3719 0.1869 0.1770 0.0897 0.0798 0.0947 
         223  1 0.2570 0.1208 0.1743 0.1812 0.0644 0.2023 
         224  1 0.2079 0.5884 0.0362 0.0331 0.0718 0.0626 
         225  1 0.0219 0.0219 0.0235 0.0246 0.8927 0.0154 
         226  1 0.0217 0.0228 0.0362 0.0327 0.8602 0.0264 
         227  1 0.0679 0.0977 0.0397 0.0670 0.7028 0.0249 
         228  1 0.0769 0.0888 0.1839 0.0830 0.0559 0.5114 
         229  1 0.1265 0.1441 0.3001 0.0769 0.2322 0.1201 
         230  1 0.0991 0.3629 0.3285 0.1440 0.0227 0.0428 
         231  1 0.2159 0.0996 0.3725 0.0301 0.2295 0.0523 
         232  1 0.0829 0.0825 0.5137 0.1062 0.0298 0.1850 
         233  1 0.6697 0.1077 0.0642 0.0253 0.0963 0.0367 
         234  1 0.1645 0.3342 0.3844 0.0323 0.0352 0.0493 
         235  1 0.0325 0.0580 0.0273 0.8149 0.0359 0.0313 
         236  1 0.4682 0.1948 0.0761 0.0825 0.0289 0.1495 
         237  1 0.1082 0.1206 0.2235 0.2515 0.2760 0.0202 
         238  1 0.0425 0.0518 0.0821 0.0317 0.7748 0.0171 
         239  1 0.3031 0.1506 0.1970 0.1720 0.0287 0.1488 
         240  1 0.2100 0.3865 0.2085 0.0363 0.0352 0.1235 
         241  1 0.0196 0.0223 0.0313 0.0293 0.8186 0.0788 
         242  1 0.0878 0.2056 0.4558 0.0426 0.0472 0.1611 
         243  1 0.5031 0.0930 0.1375 0.2068 0.0386 0.0209 
         244  1 0.0197 0.0248 0.0275 0.8538 0.0481 0.0261 
         245  1 0.0576 0.2792 0.2936 0.0696 0.1053 0.1947 
         246  1 0.0902 0.6978 0.0886 0.0302 0.0246 0.0687 
         247  1 0.3155 0.2519 0.1337 0.0608 0.1094 0.1287 
         248  1 0.1520 0.1525 0.3778 0.0362 0.2410 0.0405 
         249  1 0.2966 0.2709 0.1388 0.0993 0.0502 0.1443 
         250  1 0.3534 0.2349 0.1488 0.0740 0.1468 0.0420 
         251  1 0.3823 0.1411 0.0992 0.2946 0.0466 0.0361 
         252  1 0.2198 0.1868 0.4169 0.0359 0.0967 0.0438 
         253  1 0.0736 0.0920 0.0921 0.0371 0.0234 0.6818 
         254  1 0.0640 0.1550 0.4932 0.1473 0.0527 0.0878 
         255  1 0.0233 0.0289 0.0313 0.0813 0.0158 0.8194 
         256  1 0.0237 0.0303 0.0314 0.0757 0.0159 0.8230 
         257  1 0.0646 0.1763 0.2272 0.0721 0.0550 0.4048 
         258  1 0.0385 0.0407 0.6924 0.0161 0.0369 0.1754 
         259  1 0.0410 0.0519 0.7194 0.0161 0.0155 0.1561 
         260  1 0.0864 0.5025 0.2839 0.0228 0.0731 0.0312 
