           1  1 0.1700 0.1088 0.0354 0.1029 0.3911 0.0250 0.1668 
           2  1 0.0576 0.4116 0.0386 0.0214 0.2466 0.0364 0.1879 
           3  1 0.0308 0.0224 0.0180 0.7676 0.0644 0.0614 0.0354 
           4  1 0.1156 0.1620 0.0310 0.0713 0.1848 0.0708 0.3646 
           5  1 0.0923 0.1103 0.0667 0.0158 0.2056 0.1276 0.3817 
           6  1 0.0242 0.0507 0.0139 0.0490 0.3637 0.3826 0.1159 
           7  1 0.1490 0.2033 0.1453 0.0555 0.1049 0.0559 0.2861 
           8  1 0.1467 0.0614 0.1413 0.4127 0.1185 0.0317 0.0877 
           9  1 0.0458 0.0220 0.6299 0.0218 0.2007 0.0277 0.0521 
          10  1 0.0564 0.0524 0.0505 0.0227 0.6405 0.0399 0.1377 
          11  1 0.1380 0.0507 0.0118 0.0868 0.3235 0.2809 0.1083 
          12  1 0.0336 0.1299 0.5959 0.0314 0.0581 0.0506 0.1006 
          13  1 0.2968 0.3235 0.0206 0.1106 0.0221 0.0878 0.1385 
          14  1 0.0437 0.0620 0.0273 0.7592 0.0348 0.0240 0.0491 
          15  1 0.2337 0.1003 0.0143 0.0322 0.0193 0.1112 0.4891 
          16  1 0.0304 0.1245 0.3803 0.0374 0.0184 0.0754 0.3335 
          17  1 0.0558 0.0821 0.0241 0.5495 0.0171 0.0920 0.1794 
          18  1 0.0254 0.0472 0.0221 0.7400 0.0374 0.0655 0.0624 
          19  1 0.0218 0.0206 0.1318 0.0149 0.7531 0.0313 0.0265 
          20  1 0.0195 0.0740 0.0193 0.0190 0.6965 0.0861 0.0856 
          21  1 0.0481 0.1165 0.7306 0.0223 0.0197 0.0147 0.0481 
          22  1 0.0417 0.1145 0.0202 0.0248 0.5414 0.0449 0.2125 
          23  1 0.0371 0.1403 0.0687 0.4044 0.0550 0.0704 0.2242 
          24  1 0.0120 0.0156 0.9089 0.0123 0.0125 0.0158 0.0231 
          25  1 0.0658 0.2478 0.0248 0.3299 0.0163 0.1154 0.2001 
          26  1 0.0488 0.1426 0.0896 0.0938 0.2316 0.1017 0.2920 
          27  1 0.0416 0.0847 0.3598 0.0401 0.1265 0.0694 0.2779 
          28  1 0.1664 0.5880 0.0217 0.0718 0.0365 0.0689 0.0467 
          29  1 0.1630 0.1930 0.0176 0.1504 0.0545 0.0523 0.3693 
          30  1 0.2128 0.4416 0.0331 0.1778 0.0345 0.0268 0.0733 
          31  1 0.0952 0.2573 0.0695 0.2049 0.0667 0.1313 0.1751 
          32  1 0.0259 0.2371 0.0301 0.0274 0.0762 0.3846 0.2188 
          33  1 0.0307 0.0484 0.0230 0.8080 0.0185 0.0315 0.0399 
          34  1 0.0356 0.0215 0.0231 0.0475 0.8343 0.0172 0.0207 
          35  1 0.0235 0.0134 0.0099 0.9103 0.0148 0.0123 0.0159 
          36  1 0.0712 0.0222 0.0370 0.0365 0.7960 0.0122 0.0249 
          37  1 0.0785 0.1959 0.0929 0.1520 0.0739 0.0506 0.3563 
          38  1 0.0901 0.0699 0.6536 0.0515 0.0253 0.0299 0.0798 
          39  1 0.1652 0.1173 0.0368 0.0318 0.0807 0.1128 0.4553 
          40  1 0.0233 0.1561 0.1205 0.2079 0.0260 0.1271 0.3391 
          41  1 0.0571 0.0480 0.7699 0.0227 0.0206 0.0388 0.0429 
          42  1 0.0392 0.1186 0.0178 0.4449 0.0587 0.0399 0.2809 
          43  1 0.0154 0.0226 0.5125 0.3950 0.0167 0.0161 0.0217 
          44  1 0.0902 0.0358 0.7377 0.0109 0.0610 0.0344 0.0300 
          45  1 0.0373 0.1312 0.0483 0.0370 0.0881 0.4431 0.2150 
          46  1 0.0143 0.0466 0.0228 0.7862 0.0325 0.0234 0.0743 
          47  1 0.0399 0.1282 0.1757 0.0625 0.0518 0.1820 0.3599 
          48  1 0.0616 0.0941 0.1301 0.0134 0.0421 0.2984 0.3602 
          49  1 0.0406 0.1219 0.0316 0.0684 0.0209 0.3651 0.3515 
          50  1 0.1280 0.0927 0.0632 0.0147 0.0290 0.3703 0.3021 
          51  1 0.2444 0.3928 0.0135 0.0190 0.0110 0.2516 0.0676 
          52  1 0.2810 0.1765 0.0413 0.1020 0.0189 0.1605 0.2197 
          53  1 0.4736 0.1903 0.0149 0.0680 0.1290 0.0548 0.0694 
          54  1 0.0408 0.1267 0.0124 0.0156 0.0132 0.2888 0.5024 
          55  1 0.0805 0.4201 0.1371 0.0960 0.1040 0.0737 0.0886 
          56  1 0.1257 0.2363 0.1400 0.0425 0.0162 0.1163 0.3230 
          57  1 0.0906 0.4585 0.0280 0.0713 0.0212 0.0569 0.2734 
          58  1 0.1183 0.4633 0.0965 0.0482 0.0519 0.0449 0.1768 
          59  1 0.3933 0.1113 0.0324 0.0367 0.1493 0.0578 0.2193 
          60  1 0.0735 0.2596 0.0370 0.0132 0.1994 0.1678 0.2494 
          61  1 0.0286 0.0499 0.6524 0.0294 0.0555 0.1271 0.0571 
          62  1 0.3509 0.1411 0.0349 0.0951 0.0261 0.1708 0.1810 
          63  1 0.0144 0.0224 0.0179 0.8558 0.0245 0.0452 0.0198 
          64  1 0.4749 0.0271 0.0122 0.0105 0.2581 0.1918 0.0253 
          65  1 0.2128 0.5653 0.1021 0.0251 0.0141 0.0203 0.0602 
          66  1 0.0311 0.0217 0.8435 0.0331 0.0295 0.0185 0.0226 
          67  1 0.0353 0.5261 0.0218 0.0965 0.0222 0.1110 0.1872 
          68  1 0.0403 0.3114 0.0606 0.0226 0.0134 0.3974 0.1543 
          69  1 0.0722 0.1338 0.0624 0.0283 0.0338 0.0747 0.5947 
          70  1 0.0338 0.0799 0.0221 0.0396 0.0271 0.5661 0.2315 
          71  1 0.1859 0.1393 0.0439 0.1031 0.0255 0.0800 0.4223 
          72  1 0.0171 0.0372 0.0184 0.8401 0.0207 0.0353 0.0311 
          73  1 0.0762 0.1152 0.0780 0.0784 0.0367 0.0422 0.5733 
          74  1 0.1287 0.0566 0.0162 0.5222 0.1506 0.0665 0.0593 
          75  1 0.0833 0.1920 0.1244 0.2464 0.1171 0.0309 0.2060 
          76  1 0.2407 0.3338 0.0205 0.0217 0.0203 0.2049 0.1581 
          77  1 0.5757 0.0469 0.0348 0.1002 0.1163 0.0482 0.0779 
          78  1 0.0225 0.1548 0.1774 0.1543 0.1378 0.1736 0.1797 
          79  1 0.0393 0.0451 0.0308 0.0493 0.1067 0.5606 0.1681 
          80  1 0.0293 0.0405 0.0180 0.8228 0.0272 0.0241 0.0381 
          81  1 0.2521 0.4801 0.1317 0.0154 0.0470 0.0219 0.0519 
          82  1 0.0307 0.1207 0.0235 0.5612 0.0658 0.0687 0.1295 
          83  1 0.0200 0.0527 0.1601 0.6783 0.0135 0.0183 0.0570 
          84  1 0.1193 0.0833 0.1101 0.1452 0.3450 0.0313 0.1659 
          85  1 0.1728 0.5805 0.0273 0.0817 0.0171 0.0757 0.0450 
          86  1 0.1989 0.6453 0.0277 0.0244 0.0216 0.0400 0.0422 
          87  1 0.1478 0.0821 0.1668 0.0341 0.3157 0.0313 0.2222 
          88  1 0.0328 0.1428 0.1555 0.1009 0.0211 0.0933 0.4536 
          89  1 0.0472 0.2456 0.0273 0.0294 0.0414 0.2963 0.3128 
          90  1 0.0209 0.0215 0.0171 0.8879 0.0174 0.0164 0.0189 
          91  1 0.0294 0.1636 0.0484 0.1158 0.0474 0.0612 0.5342 
          92  1 0.1434 0.6819 0.0200 0.0591 0.0203 0.0249 0.0503 
          93  1 0.1806 0.2664 0.0726 0.0303 0.0483 0.1246 0.2772 
          94  1 0.1429 0.6215 0.0247 0.0524 0.0266 0.0939 0.0380 
          95  1 0.0286 0.0463 0.0396 0.4054 0.0699 0.3088 0.1014 
          96  1 0.2166 0.0975 0.0795 0.1518 0.0737 0.1250 0.2560 
          97  1 0.2015 0.0827 0.0105 0.0271 0.5809 0.0571 0.0401 
          98  1 0.2647 0.0686 0.0295 0.1098 0.0747 0.1079 0.3449 
          99  1 0.2785 0.6134 0.0153 0.0173 0.0124 0.0378 0.0254 
         100  1 0.1163 0.4184 0.0342 0.0436 0.0589 0.0906 0.2380 
         101  1 0.0397 0.0507 0.2493 0.5078 0.0501 0.0261 0.0762 
         102  1 0.0306 0.0321 0.0836 0.7308 0.0174 0.0556 0.0499 
         103  1 0.0246 0.1540 0.3338 0.1626 0.0428 0.1207 0.1616 
         104  1 0.0437 0.0478 0.0321 0.1053 0.3475 0.3441 0.0796 
         105  1 0.2417 0.1144 0.0704 0.1433 0.0629 0.1853 0.1819 
         106  1 0.0868 0.6069 0.0690 0.0261 0.0369 0.0488 0.1255 
         107  1 0.0182 0.0202 0.0146 0.0166 0.0147 0.8891 0.0266 
         108  1 0.0294 0.1618 0.0721 0.1948 0.0499 0.0537 0.4383 
         109  1 0.0457 0.3542 0.0573 0.0941 0.0511 0.0855 0.3121 
         110  1 0.0930 0.0298 0.0210 0.3476 0.0464 0.4039 0.0583 
         111  1 0.0337 0.0781 0.0381 0.0239 0.5082 0.0571 0.2610 
         112  1 0.0664 0.0969 0.0354 0.0580 0.4095 0.1336 0.2002 
         113  1 0.0702 0.0268 0.0448 0.7388 0.0276 0.0516 0.0402 
         114  1 0.0154 0.0232 0.0084 0.0150 0.0223 0.8693 0.0463 
         115  1 0.0272 0.1032 0.3531 0.0989 0.1087 0.0462 0.2627 
         116  1 0.0807 0.2697 0.1645 0.1066 0.0724 0.0368 0.2692 
         117  1 0.1072 0.0607 0.3212 0.0178 0.2582 0.0574 0.1775 
         118  1 0.0684 0.1116 0.0316 0.0527 0.0852 0.1930 0.4574 
         119  1 0.0254 0.0737 0.0275 0.5063 0.0491 0.1665 0.1515 
         120  1 0.8719 0.0317 0.0134 0.0332 0.0143 0.0163 0.0191 
         121  1 0.0345 0.0329 0.8121 0.0212 0.0131 0.0489 0.0374 
         122  1 0.3809 0.1604 0.0602 0.1302 0.0496 0.0586 0.1601 
         123  1 0.5524 0.0133 0.0117 0.0149 0.3740 0.0165 0.0171 
         124  1 0.0294 0.1653 0.0152 0.6760 0.0191 0.0169 0.0783 
         125  1 0.0699 0.1630 0.0291 0.0511 0.4311 0.0495 0.2063 
         126  1 0.5570 0.0324 0.0387 0.0356 0.1250 0.1414 0.0699 
         127  1 0.0744 0.6375 0.0122 0.0277 0.0213 0.1379 0.0891 
         128  1 0.0222 0.0432 0.1206 0.3156 0.2054 0.2087 0.0842 
         129  1 0.4385 0.3111 0.0284 0.0801 0.0195 0.0496 0.0727 
         130  1 0.0440 0.2418 0.0367 0.0349 0.1067 0.0416 0.4943 
         131  1 0.1400 0.1805 0.0486 0.1997 0.0679 0.2407 0.1226 
         132  1 0.7151 0.0236 0.0316 0.0814 0.0929 0.0187 0.0367 
         133  1 0.0470 0.2432 0.3058 0.0860 0.0149 0.0908 0.2123 
         134  1 0.1188 0.5782 0.0193 0.1086 0.0246 0.0219 0.1286 
         135  1 0.0649 0.6746 0.0173 0.0864 0.0242 0.0292 0.1034 
         136  1 0.0277 0.7387 0.0133 0.0221 0.0305 0.0657 0.1018 
         137  1 0.8373 0.0366 0.0166 0.0220 0.0241 0.0280 0.0354 
         138  1 0.7301 0.1175 0.0534 0.0176 0.0311 0.0209 0.0293 
         139  1 0.7937 0.0487 0.0262 0.0173 0.0423 0.0222 0.0495 
         140  1 0.1299 0.0422 0.0136 0.0734 0.6262 0.0282 0.0865 
         141  1 0.0255 0.0311 0.0205 0.0102 0.0304 0.8339 0.0485 
         142  1 0.0177 0.0259 0.0164 0.0222 0.0485 0.8388 0.0305 
         143  1 0.7967 0.0369 0.0375 0.0152 0.0285 0.0462 0.0389 
         144  1 0.0427 0.3918 0.0400 0.2702 0.0261 0.0688 0.1603 
         145  1 0.5543 0.0732 0.0606 0.0241 0.0597 0.1023 0.1258 
         146  1 0.1726 0.5185 0.0157 0.0246 0.0311 0.1510 0.0865 
         147  1 0.0414 0.1375 0.0502 0.0611 0.0244 0.0294 0.6559 
         148  1 0.0362 0.1408 0.0671 0.1396 0.0387 0.2828 0.2948 
         149  1 0.0300 0.0990 0.3110 0.1596 0.1103 0.0407 0.2495 
         150  1 0.0683 0.1880 0.0243 0.0402 0.0344 0.4785 0.1663 
         151  1 0.0210 0.0239 0.8698 0.0214 0.0232 0.0131 0.0277 
         152  1 0.0307 0.0820 0.0338 0.5189 0.0538 0.1081 0.1727 
         153  1 0.0601 0.1592 0.2304 0.0221 0.0296 0.2134 0.2853 
         154  1 0.0294 0.0373 0.5735 0.1716 0.0718 0.0421 0.0743 
         155  1 0.0543 0.1861 0.3756 0.0202 0.0267 0.1329 0.2042 
         156  1 0.0780 0.1484 0.0204 0.0311 0.1043 0.0989 0.5189 
         157  1 0.7513 0.0225 0.0166 0.0289 0.1374 0.0211 0.0221 
         158  1 0.0758 0.0755 0.0306 0.0189 0.0128 0.6645 0.1219 
         159  1 0.0255 0.0201 0.0117 0.0321 0.8595 0.0250 0.0262 
         160  1 0.0640 0.2021 0.0537 0.0807 0.0330 0.1387 0.4278 
         161  1 0.0325 0.0632 0.0324 0.0378 0.1468 0.6081 0.0792 
         162  1 0.0258 0.1120 0.1880 0.1236 0.0515 0.1077 0.3913 
         163  1 0.4266 0.0798 0.0198 0.0245 0.2713 0.0437 0.1344 
         164  1 0.1663 0.0692 0.0303 0.1225 0.1927 0.3177 0.1014 
         165  1 0.0487 0.0195 0.0126 0.0250 0.8303 0.0228 0.0410 
         166  1 0.0260 0.0971 0.0903 0.1042 0.1431 0.2574 0.2819 
         167  1 0.0279 0.0432 0.7872 0.0534 0.0164 0.0363 0.0355 
         168  1 0.1154 0.4225 0.0384 0.0264 0.0194 0.0847 0.2932 
         169  1 0.0562 0.0924 0.0408 0.5768 0.1451 0.0144 0.0742 
         170  1 0.1736 0.6145 0.0305 0.0167 0.0159 0.0425 0.1063 
         171  1 0.1870 0.0913 0.0412 0.0370 0.2822 0.0435 0.3177 
         172  1 0.0462 0.1414 0.1996 0.0703 0.0722 0.0272 0.4432 
         173  1 0.0428 0.0645 0.5230 0.0308 0.0775 0.0469 0.2145 
         174  1 0.2459 0.1829 0.0422 0.0228 0.1100 0.2174 0.1789 
         175  1 0.0376 0.1889 0.0934 0.0393 0.0347 0.2480 0.3580 
         176  1 0.0423 0.1640 0.0742 0.0172 0.0161 0.1319 0.5543 
         177  1 0.0458 0.1754 0.2865 0.0255 0.0155 0.0419 0.4093 
         178  1 0.0459 0.4858 0.0328 0.1550 0.0653 0.0523 0.1628 
         179  1 0.0223 0.0462 0.0429 0.0483 0.0246 0.7786 0.0371 
         180  1 0.1385 0.0324 0.0377 0.0244 0.0681 0.6410 0.0580 
         181  1 0.0174 0.0254 0.8658 0.0304 0.0133 0.0209 0.0268 
         182  1 0.0290 0.3103 0.0612 0.2942 0.0175 0.1485 0.1394 
         183  1 0.6419 0.1989 0.0148 0.0196 0.0381 0.0201 0.0665 
         184  1 0.0262 0.1127 0.0745 0.2830 0.0472 0.1118 0.3446 
         185  1 0.0200 0.0243 0.0108 0.0226 0.0292 0.8689 0.0242 
         186  1 0.0243 0.0977 0.1192 0.0212 0.4878 0.0597 0.1902 
         187  1 0.0279 0.0892 0.0489 0.1054 0.1067 0.2626 0.3593 
         188  1 0.0529 0.1065 0.0385 0.0292 0.0187 0.4124 0.3418 
         189  1 0.8646 0.0240 0.0103 0.0136 0.0207 0.0226 0.0441 
         190  1 0.0235 0.0321 0.7536 0.0650 0.0303 0.0283 0.0673 
         191  1 0.0516 0.0467 0.2524 0.0423 0.5276 0.0150 0.0644 
         192  1 0.0298 0.1356 0.0553 0.0395 0.0241 0.2884 0.4273 
         193  1 0.5511 0.0133 0.0113 0.0148 0.3741 0.0173 0.0181 
         194  1 0.0223 0.0238 0.0105 0.0132 0.8951 0.0143 0.0209 
         195  1 0.7075 0.0334 0.0091 0.0116 0.1154 0.0733 0.0497 
         196  1 0.0175 0.0338 0.0415 0.0307 0.6853 0.1412 0.0501 
         197  1 0.1990 0.0706 0.0477 0.0326 0.1804 0.3065 0.1631 
         198  1 0.1073 0.0711 0.0130 0.0288 0.0783 0.5081 0.1934 
         199  1 0.0170 0.0222 0.0155 0.8783 0.0228 0.0236 0.0206 
         200  1 0.0940 0.0715 0.0272 0.0879 0.5542 0.0544 0.1107 
         201  1 0.0263 0.0193 0.0213 0.0265 0.8601 0.0274 0.0190 
         202  1 0.0393 0.3127 0.0225 0.0958 0.0427 0.0819 0.4051 
         203  1 0.0268 0.7368 0.0130 0.0214 0.0310 0.0641 0.1068 
         204  1 0.0222 0.6672 0.0163 0.0454 0.0764 0.0302 0.1423 
         205  1 0.0170 0.0718 0.6261 0.0348 0.1490 0.0522 0.0489 
         206  1 0.0599 0.0900 0.0166 0.0494 0.0816 0.4150 0.2875 
         207  1 0.0137 0.0434 0.8418 0.0195 0.0140 0.0306 0.0371 
         208  1 0.0752 0.0979 0.0693 0.0391 0.1993 0.2951 0.2241 
         209  1 0.0239 0.0563 0.0548 0.0821 0.5659 0.0964 0.1206 
         210  1 0.1632 0.0348 0.0262 0.0215 0.0455 0.6735 0.0353 
         211  1 0.0930 0.0239 0.6919 0.0302 0.0911 0.0306 0.0392 
         212  1 0.0466 0.0452 0.6106 0.0340 0.0766 0.0794 0.1075 
         213  1 0.2025 0.6519 0.0226 0.0206 0.0215 0.0303 0.0508 
         214  1 0.3753 0.0543 0.0258 0.1040 0.2763 0.0928 0.0715 
         215  1 0.7876 0.0297 0.0684 0.0217 0.0458 0.0185 0.0283 
         216  1 0.1147 0.5631 0.0141 0.0358 0.1047 0.0912 0.0764 
         217  1 0.8665 0.0244 0.0103 0.0134 0.0208 0.0223 0.0423 
         218  1 0.0664 0.0400 0.6049 0.0220 0.0921 0.1167 0.0579 
         219  1 0.0271 0.0192 0.0211 0.0258 0.8584 0.0284 0.0200 
         220  1 0.0812 0.5259 0.0235 0.0446 0.0477 0.0305 0.2466 
         221  1 0.0398 0.0863 0.0355 0.0612 0.5568 0.0875 0.1328 
         222  1 0.0475 0.2346 0.0452 0.0468 0.0635 0.0497 0.5127 
         223  1 0.0224 0.2168 0.0507 0.1239 0.1897 0.0792 0.3173 
         224  1 0.6984 0.0822 0.0540 0.0247 0.0350 0.0200 0.0857 
         225  1 0.0158 0.0194 0.8914 0.0210 0.0117 0.0189 0.0218 
         226  1 0.0174 0.0213 0.8401 0.0293 0.0222 0.0352 0.0344 
         227  1 0.0910 0.0549 0.6793 0.0574 0.0194 0.0242 0.0739 
         228  1 0.0395 0.0869 0.0399 0.0526 0.4280 0.1263 0.2268 
         229  1 0.0619 0.1188 0.1011 0.0412 0.0610 0.1000 0.5162 
         230  1 0.1445 0.1089 0.0184 0.1238 0.0348 0.1861 0.3834 
         231  1 0.0966 0.1291 0.2022 0.0224 0.0211 0.4428 0.0856 
         232  1 0.0306 0.1007 0.0212 0.0800 0.1325 0.3995 0.2355 
         233  1 0.1460 0.5980 0.0742 0.0192 0.0278 0.0450 0.0898 
         234  1 0.1159 0.1391 0.0196 0.0225 0.0290 0.1018 0.5720 
         235  1 0.0560 0.0262 0.0297 0.8078 0.0248 0.0190 0.0365 
         236  1 0.1321 0.3671 0.0222 0.0640 0.1709 0.0378 0.2059 
         237  1 0.0430 0.1014 0.2175 0.1956 0.0146 0.1124 0.3156 
         238  1 0.0212 0.0391 0.7682 0.0260 0.0128 0.0675 0.0651 
         239  1 0.0469 0.2597 0.0226 0.1067 0.1137 0.1314 0.3190 
         240  1 0.1639 0.1889 0.0260 0.0263 0.0957 0.1135 0.3858 
         241  1 0.0170 0.0187 0.8041 0.0265 0.0758 0.0327 0.0251 
         242  1 0.1756 0.0987 0.0323 0.0348 0.0627 0.3368 0.2590 
         243  1 0.0809 0.4452 0.0299 0.1728 0.0143 0.1461 0.1107 
         244  1 0.0182 0.0185 0.0354 0.8545 0.0182 0.0226 0.0327 
         245  1 0.1465 0.0803 0.0749 0.0525 0.1327 0.2450 0.2681 
         246  1 0.8119 0.0214 0.0187 0.0234 0.0377 0.0546 0.0323 
         247  1 0.1424 0.2843 0.0774 0.0386 0.0916 0.0811 0.2846 
         248  1 0.0724 0.1456 0.1557 0.0239 0.0263 0.1779 0.3983 
         249  1 0.1945 0.2282 0.0391 0.0787 0.1244 0.0806 0.2546 
         250  1 0.1376 0.2388 0.0789 0.0497 0.0294 0.0635 0.4021 
         251  1 0.0664 0.3752 0.0323 0.2104 0.0277 0.0541 0.2339 
         252  1 0.0945 0.1537 0.0835 0.0314 0.0183 0.5531 0.0655 
         253  1 0.0757 0.0690 0.0174 0.0287 0.6427 0.1037 0.0628 
         254  1 0.0431 0.0731 0.0431 0.1134 0.0623 0.4003 0.2647 
         255  1 0.0203 0.0176 0.0118 0.0586 0.8454 0.0262 0.0201 
         256  1 0.0206 0.0172 0.0119 0.0576 0.8454 0.0271 0.0203 
         257  1 0.0504 0.0809 0.0404 0.0585 0.3067 0.1155 0.3475 
         258  1 0.0214 0.0428 0.0282 0.0117 0.0394 0.7632 0.0933 
         259  1 0.0397 0.0277 0.0120 0.0122 0.0223 0.8614 0.0248 
         260  1 0.1959 0.0948 0.0646 0.0183 0.0251 0.1228 0.4784 
