           1  1 0.0907 0.6437 0.0704 0.1951 
           2  1 0.1633 0.4215 0.2846 0.1306 
           3  1 0.0347 0.1528 0.0415 0.7710 
           4  1 0.0658 0.3121 0.3967 0.2255 
           5  1 0.2072 0.5656 0.1716 0.0556 
           6  1 0.0339 0.7128 0.1210 0.1323 
           7  1 0.3031 0.2187 0.3028 0.1754 
           8  1 0.2374 0.1669 0.0818 0.5139 
           9  1 0.7598 0.1603 0.0365 0.0434 
          10  1 0.0910 0.7944 0.0656 0.0490 
          11  1 0.0254 0.7331 0.1014 0.1402 
          12  1 0.7341 0.0674 0.0948 0.1037 
          13  1 0.0385 0.0997 0.5377 0.3240 
          14  1 0.0485 0.0394 0.0691 0.8430 
          15  1 0.0364 0.1374 0.6978 0.1285 
          16  1 0.7083 0.0418 0.1354 0.1145 
          17  1 0.0420 0.0356 0.2725 0.6499 
          18  1 0.0625 0.0830 0.0766 0.7779 
          19  1 0.1675 0.7648 0.0323 0.0354 
          20  1 0.0369 0.8267 0.0820 0.0544 
          21  1 0.7970 0.0296 0.1185 0.0550 
          22  1 0.0585 0.6770 0.1620 0.1025 
          23  1 0.1245 0.0782 0.0559 0.7413 
          24  1 0.9365 0.0194 0.0218 0.0224 
          25  1 0.0549 0.0552 0.2409 0.6490 
          26  1 0.2380 0.3771 0.1664 0.2184 
          27  1 0.7289 0.1289 0.0549 0.0872 
          28  1 0.0555 0.1080 0.4974 0.3391 
          29  1 0.0431 0.1399 0.5076 0.3094 
          30  1 0.0712 0.0726 0.4469 0.4093 
          31  1 0.1563 0.1814 0.2454 0.4169 
          32  1 0.1176 0.2752 0.3355 0.2716 
          33  1 0.0441 0.0367 0.0567 0.8624 
          34  1 0.0417 0.8408 0.0271 0.0905 
          35  1 0.0225 0.0383 0.0289 0.9102 
          36  1 0.0919 0.7823 0.0406 0.0852 
          37  1 0.2479 0.1059 0.2336 0.4126 
          38  1 0.7513 0.0549 0.1037 0.0902 
          39  1 0.1530 0.4055 0.3385 0.1030 
          40  1 0.2604 0.0646 0.1152 0.5599 
          41  1 0.8593 0.0387 0.0550 0.0470 
          42  1 0.0372 0.0848 0.1277 0.7503 
          43  1 0.5404 0.0302 0.0296 0.3998 
          44  1 0.8114 0.1142 0.0486 0.0258 
          45  1 0.1010 0.2969 0.5148 0.0872 
          46  1 0.0521 0.0322 0.0347 0.8810 
          47  1 0.3092 0.0926 0.3849 0.2132 
          48  1 0.3436 0.1055 0.5137 0.0372 
          49  1 0.0804 0.0584 0.5637 0.2974 
          50  1 0.1414 0.0756 0.7395 0.0435 
          51  1 0.0252 0.0326 0.8911 0.0510 
          52  1 0.0686 0.0864 0.6234 0.2215 
          53  1 0.0299 0.4504 0.3854 0.1343 
          54  1 0.0354 0.0405 0.8683 0.0558 
          55  1 0.2151 0.1766 0.2863 0.3220 
          56  1 0.2783 0.0528 0.5131 0.1557 
          57  1 0.0564 0.0532 0.5898 0.3005 
          58  1 0.2160 0.1085 0.3616 0.3140 
          59  1 0.0751 0.5617 0.2699 0.0933 
          60  1 0.0975 0.4008 0.4505 0.0512 
          61  1 0.7847 0.0916 0.0705 0.0532 
          62  1 0.0548 0.0682 0.7450 0.1319 
          63  1 0.0366 0.0588 0.0331 0.8715 
          64  1 0.0215 0.9028 0.0540 0.0217 
          65  1 0.1848 0.0363 0.6848 0.0940 
          66  1 0.8885 0.0391 0.0309 0.0415 
          67  1 0.0627 0.0664 0.4171 0.4537 
          68  1 0.1454 0.0447 0.6720 0.1379 
          69  1 0.2278 0.0789 0.6180 0.0752 
          70  1 0.0932 0.1309 0.5515 0.2244 
          71  1 0.0909 0.1001 0.6035 0.2055 
          72  1 0.0311 0.0387 0.0446 0.8856 
          73  1 0.2361 0.0784 0.4022 0.2833 
          74  1 0.0344 0.2314 0.1482 0.5860 
          75  1 0.2723 0.1234 0.1198 0.4844 
          76  1 0.0497 0.0598 0.8202 0.0703 
          77  1 0.0681 0.5882 0.1876 0.1561 
          78  1 0.2761 0.2309 0.0944 0.3986 
          79  1 0.0752 0.6809 0.1096 0.1343 
          80  1 0.0355 0.0438 0.0423 0.8784 
          81  1 0.2825 0.1079 0.5447 0.0649 
          82  1 0.0369 0.0707 0.0830 0.8094 
          83  1 0.1789 0.0243 0.0418 0.7551 
          84  1 0.2510 0.4571 0.0734 0.2185 
          85  1 0.0646 0.0421 0.6576 0.2357 
          86  1 0.0792 0.0493 0.7590 0.1125 
          87  1 0.3031 0.5536 0.0685 0.0748 
          88  1 0.2993 0.0801 0.1217 0.4988 
          89  1 0.1101 0.1872 0.5704 0.1322 
          90  1 0.0331 0.0328 0.0368 0.8972 
          91  1 0.1772 0.0893 0.1876 0.5459 
          92  1 0.0542 0.0398 0.4792 0.4268 
          93  1 0.1490 0.1046 0.6696 0.0768 
          94  1 0.0891 0.0787 0.4893 0.3429 
          95  1 0.0791 0.2614 0.1135 0.5460 
          96  1 0.2417 0.2322 0.2333 0.2928 
          97  1 0.0206 0.7938 0.1360 0.0495 
          98  1 0.0948 0.5352 0.1673 0.2027 
          99  1 0.0363 0.0362 0.8355 0.0920 
         100  1 0.0776 0.1553 0.5882 0.1788 
         101  1 0.2967 0.0599 0.0532 0.5901 
         102  1 0.1171 0.0427 0.0638 0.7764 
         103  1 0.5241 0.0737 0.0772 0.3250 
         104  1 0.0805 0.5990 0.1106 0.2099 
         105  1 0.1600 0.2917 0.2823 0.2660 
         106  1 0.1366 0.0896 0.6675 0.1063 
         107  1 0.0454 0.5715 0.2981 0.0850 
         108  1 0.1699 0.0670 0.1694 0.5937 
         109  1 0.1805 0.0798 0.3632 0.3765 
         110  1 0.0401 0.3443 0.2701 0.3455 
         111  1 0.1012 0.7385 0.0760 0.0843 
         112  1 0.0673 0.5878 0.1259 0.2190 
         113  1 0.0779 0.0572 0.0673 0.7976 
         114  1 0.0204 0.1977 0.7055 0.0764 
         115  1 0.6466 0.1066 0.1344 0.1124 
         116  1 0.3669 0.0966 0.2554 0.2811 
         117  1 0.4542 0.3860 0.1128 0.0471 
         118  1 0.1087 0.3055 0.3906 0.1952 
         119  1 0.0483 0.0672 0.0826 0.8019 
         120  1 0.0338 0.1717 0.6756 0.1189 
         121  1 0.8581 0.0281 0.0767 0.0370 
         122  1 0.1989 0.2458 0.2749 0.2804 
         123  1 0.0253 0.9145 0.0335 0.0266 
         124  1 0.0290 0.0289 0.0756 0.8664 
         125  1 0.0758 0.6493 0.1582 0.1167 
         126  1 0.0663 0.5968 0.2582 0.0787 
         127  1 0.0336 0.0893 0.6802 0.1968 
         128  1 0.1956 0.4122 0.0608 0.3314 
         129  1 0.0692 0.0678 0.6505 0.2125 
         130  1 0.1287 0.2751 0.3598 0.2364 
         131  1 0.1005 0.2313 0.3109 0.3574 
         132  1 0.0788 0.3540 0.4416 0.1256 
         133  1 0.4871 0.0277 0.2817 0.2035 
         134  1 0.0421 0.0377 0.6100 0.3102 
         135  1 0.0435 0.0447 0.4405 0.4713 
         136  1 0.0353 0.0796 0.7014 0.1837 
         137  1 0.0372 0.2157 0.6868 0.0603 
         138  1 0.0765 0.2216 0.6542 0.0477 
         139  1 0.0698 0.3157 0.5648 0.0497 
         140  1 0.0290 0.7271 0.1265 0.1173 
         141  1 0.0574 0.4626 0.4496 0.0304 
         142  1 0.0494 0.6767 0.1751 0.0987 
         143  1 0.0677 0.2592 0.6302 0.0429 
         144  1 0.0989 0.0549 0.2026 0.6437 
         145  1 0.1092 0.4664 0.3645 0.0600 
         146  1 0.0318 0.0499 0.8555 0.0629 
         147  1 0.3296 0.0641 0.3724 0.2338 
         148  1 0.2543 0.1591 0.1998 0.3868 
         149  1 0.5213 0.1589 0.0524 0.2675 
         150  1 0.0617 0.1487 0.6414 0.1482 
         151  1 0.9107 0.0268 0.0274 0.0352 
         152  1 0.0637 0.1102 0.0756 0.7505 
         153  1 0.4276 0.0837 0.4319 0.0567 
         154  1 0.7166 0.0706 0.0395 0.1734 
         155  1 0.6104 0.1388 0.1675 0.0833 
         156  1 0.0706 0.1829 0.6144 0.1321 
         157  1 0.0520 0.7161 0.1351 0.0968 
         158  1 0.0657 0.0677 0.8170 0.0496 
         159  1 0.0248 0.8783 0.0294 0.0675 
         160  1 0.1880 0.0954 0.4119 0.3047 
         161  1 0.0804 0.6714 0.1549 0.0933 
         162  1 0.4029 0.1019 0.2024 0.2927 
         163  1 0.0458 0.6930 0.1906 0.0705 
         164  1 0.0597 0.6458 0.1390 0.1555 
         165  1 0.0243 0.8883 0.0418 0.0456 
         166  1 0.2533 0.4178 0.1260 0.2029 
         167  1 0.8347 0.0299 0.0589 0.0764 
         168  1 0.0814 0.0437 0.7872 0.0877 
         169  1 0.0765 0.0860 0.0845 0.7530 
         170  1 0.0561 0.0345 0.8633 0.0462 
         171  1 0.1354 0.5361 0.2184 0.1101 
         172  1 0.5231 0.0910 0.1665 0.2193 
         173  1 0.7117 0.1156 0.1082 0.0645 
         174  1 0.0904 0.4062 0.4066 0.0969 
         175  1 0.2675 0.1112 0.4791 0.1421 
         176  1 0.2579 0.0310 0.6534 0.0577 
         177  1 0.5263 0.0411 0.2791 0.1535 
         178  1 0.0909 0.0856 0.2066 0.6169 
         179  1 0.0998 0.3515 0.3360 0.2128 
         180  1 0.0809 0.5609 0.2882 0.0699 
         181  1 0.8944 0.0239 0.0308 0.0509 
         182  1 0.1447 0.0360 0.1604 0.6588 
         183  1 0.0352 0.2064 0.7057 0.0526 
         184  1 0.2451 0.0859 0.0791 0.5899 
         185  1 0.0269 0.6996 0.1701 0.1033 
         186  1 0.3462 0.5173 0.0753 0.0612 
         187  1 0.1431 0.3743 0.1332 0.3494 
         188  1 0.1548 0.0534 0.7198 0.0721 
         189  1 0.0227 0.1482 0.8007 0.0284 
         190  1 0.8048 0.0386 0.0505 0.1061 
         191  1 0.3600 0.4757 0.0697 0.0946 
         192  1 0.1718 0.0599 0.5550 0.2133 
         193  1 0.0254 0.9155 0.0320 0.0271 
         194  1 0.0249 0.8856 0.0461 0.0434 
         195  1 0.0199 0.5064 0.4465 0.0272 
         196  1 0.0829 0.7991 0.0531 0.0649 
         197  1 0.1058 0.7520 0.0852 0.0570 
         198  1 0.0309 0.6230 0.2440 0.1021 
         199  1 0.0297 0.0403 0.0302 0.8998 
         200  1 0.0550 0.7136 0.1044 0.1269 
         201  1 0.0337 0.8927 0.0286 0.0450 
         202  1 0.0738 0.0844 0.4061 0.4356 
         203  1 0.0357 0.0775 0.6995 0.1873 
         204  1 0.0425 0.1120 0.5915 0.2540 
         205  1 0.7027 0.1441 0.0602 0.0930 
         206  1 0.0488 0.5677 0.1460 0.2375 
         207  1 0.8838 0.0241 0.0520 0.0401 
         208  1 0.1400 0.6027 0.1459 0.1114 
         209  1 0.1252 0.7079 0.0518 0.1151 
         210  1 0.0672 0.7085 0.1742 0.0501 
         211  1 0.7853 0.1231 0.0418 0.0498 
         212  1 0.7682 0.1102 0.0597 0.0619 
         213  1 0.0456 0.0346 0.8456 0.0742 
         214  1 0.0517 0.6710 0.1092 0.1681 
         215  1 0.1298 0.3030 0.5190 0.0483 
         216  1 0.0323 0.2271 0.6309 0.1097 
         217  1 0.0226 0.1483 0.8006 0.0286 
         218  1 0.7227 0.1642 0.0632 0.0499 
         219  1 0.0339 0.8911 0.0290 0.0461 
         220  1 0.0529 0.1105 0.5429 0.2936 
         221  1 0.0869 0.7468 0.0730 0.0933 
         222  1 0.1584 0.1872 0.3624 0.2921 
         223  1 0.0956 0.2379 0.2242 0.4424 
         224  1 0.1929 0.2218 0.4972 0.0882 
         225  1 0.9151 0.0229 0.0275 0.0345 
         226  1 0.8980 0.0322 0.0300 0.0398 
         227  1 0.7930 0.0389 0.0736 0.0946 
         228  1 0.0836 0.7017 0.0704 0.1443 
         229  1 0.4497 0.1791 0.1159 0.2552 
         230  1 0.0340 0.0882 0.5476 0.3302 
         231  1 0.4282 0.2115 0.2636 0.0967 
         232  1 0.0684 0.3727 0.2420 0.3169 
         233  1 0.2043 0.0683 0.5970 0.1304 
         234  1 0.0983 0.1767 0.6453 0.0797 
         235  1 0.0488 0.0487 0.0531 0.8494 
         236  1 0.0465 0.1821 0.5650 0.2065 
         237  1 0.3852 0.0491 0.1539 0.4119 
         238  1 0.8502 0.0297 0.0676 0.0524 
         239  1 0.0500 0.3067 0.2124 0.4309 
         240  1 0.0616 0.2180 0.6364 0.0840 
         241  1 0.8735 0.0617 0.0276 0.0372 
         242  1 0.1083 0.6175 0.1806 0.0936 
         243  1 0.0690 0.0499 0.3196 0.5615 
         244  1 0.0715 0.0514 0.0243 0.8529 
         245  1 0.1891 0.5883 0.1252 0.0974 
         246  1 0.0441 0.3980 0.5046 0.0534 
         247  1 0.2118 0.2532 0.2748 0.2602 
         248  1 0.4083 0.0879 0.4205 0.0833 
         249  1 0.0844 0.2382 0.4955 0.1819 
         250  1 0.3027 0.0741 0.4632 0.1600 
         251  1 0.0831 0.0516 0.2573 0.6080 
         252  1 0.1286 0.1495 0.6571 0.0648 
         253  1 0.0350 0.8282 0.0757 0.0611 
         254  1 0.1090 0.1878 0.2878 0.4154 
         255  1 0.0267 0.8378 0.0366 0.0989 
         256  1 0.0257 0.8400 0.0363 0.0980 
         257  1 0.1015 0.6685 0.1233 0.1067 
         258  1 0.0937 0.6398 0.1942 0.0723 
         259  1 0.0279 0.6226 0.3060 0.0435 
         260  1 0.1773 0.1116 0.6417 0.0694 
