           1  1 0.0584 0.1568 0.1235 0.5114 0.1499 
           2  1 0.0861 0.2763 0.3435 0.2425 0.0515 
           3  1 0.0265 0.0580 0.0265 0.0997 0.7892 
           4  1 0.0489 0.3499 0.2198 0.2525 0.1289 
           5  1 0.1377 0.3286 0.0879 0.4128 0.0330 
           6  1 0.0259 0.3207 0.0487 0.5031 0.1017 
           7  1 0.2174 0.2523 0.2481 0.1857 0.0965 
           8  1 0.1972 0.0698 0.1117 0.1607 0.4607 
           9  1 0.6819 0.0488 0.0301 0.2044 0.0349 
          10  1 0.0746 0.0930 0.0444 0.7521 0.0359 
          11  1 0.0204 0.1789 0.0713 0.6080 0.1215 
          12  1 0.6691 0.0961 0.0984 0.0632 0.0732 
          13  1 0.0309 0.2004 0.5104 0.0637 0.1946 
          14  1 0.0400 0.0477 0.0728 0.0396 0.8000 
          15  1 0.0240 0.7572 0.1197 0.0397 0.0593 
          16  1 0.5631 0.2622 0.0776 0.0295 0.0675 
          17  1 0.0358 0.1898 0.1124 0.0273 0.6346 
          18  1 0.0383 0.0842 0.0502 0.0593 0.7680 
          19  1 0.1518 0.0414 0.0234 0.7579 0.0256 
          20  1 0.0303 0.1907 0.0496 0.6919 0.0374 
          21  1 0.7367 0.0511 0.1504 0.0247 0.0371 
          22  1 0.0366 0.3147 0.0979 0.5010 0.0497 
          23  1 0.1079 0.1563 0.0806 0.0636 0.5916 
          24  1 0.9224 0.0238 0.0187 0.0163 0.0188 
          25  1 0.0450 0.2280 0.2494 0.0351 0.4425 
          26  1 0.1581 0.2632 0.1397 0.2821 0.1569 
          27  1 0.5836 0.1467 0.0491 0.1474 0.0732 
          28  1 0.0357 0.0685 0.6955 0.0677 0.1327 
          29  1 0.0320 0.3217 0.3397 0.0936 0.2130 
          30  1 0.0509 0.0609 0.6343 0.0498 0.2041 
          31  1 0.1101 0.1866 0.2521 0.1328 0.3184 
          32  1 0.0649 0.5588 0.1598 0.1345 0.0821 
          33  1 0.0344 0.0466 0.0577 0.0273 0.8340 
          34  1 0.0352 0.0285 0.0301 0.8194 0.0868 
          35  1 0.0165 0.0233 0.0242 0.0252 0.9108 
          36  1 0.0631 0.0307 0.0365 0.8060 0.0637 
          37  1 0.1785 0.2720 0.2179 0.0765 0.2551 
          38  1 0.6961 0.0793 0.1048 0.0427 0.0772 
          39  1 0.0822 0.4173 0.1919 0.2494 0.0593 
          40  1 0.2193 0.3058 0.0944 0.0406 0.3400 
          41  1 0.8033 0.0490 0.0749 0.0352 0.0375 
          42  1 0.0286 0.2351 0.0914 0.0656 0.5793 
          43  1 0.5124 0.0279 0.0273 0.0239 0.4085 
          44  1 0.7558 0.0418 0.0574 0.1267 0.0184 
          45  1 0.0752 0.5528 0.1403 0.1698 0.0619 
          46  1 0.0404 0.0558 0.0313 0.0308 0.8416 
          47  1 0.2196 0.4520 0.1120 0.0719 0.1444 
          48  1 0.2264 0.5226 0.1520 0.0740 0.0250 
          49  1 0.0500 0.6845 0.0904 0.0324 0.1426 
          50  1 0.0915 0.6125 0.2186 0.0509 0.0264 
          51  1 0.0211 0.1531 0.7661 0.0227 0.0369 
          52  1 0.0603 0.2727 0.4535 0.0589 0.1547 
          53  1 0.0215 0.0924 0.5067 0.2986 0.0808 
          54  1 0.0217 0.8159 0.1104 0.0237 0.0283 
          55  1 0.1670 0.1241 0.3911 0.1400 0.1777 
          56  1 0.2207 0.2603 0.4093 0.0321 0.0777 
          57  1 0.0467 0.2918 0.4610 0.0401 0.1604 
          58  1 0.1351 0.1667 0.5253 0.0659 0.1070 
          59  1 0.0520 0.2682 0.2556 0.3682 0.0560 
          60  1 0.0706 0.3191 0.3024 0.2814 0.0266 
          61  1 0.7139 0.0983 0.0527 0.0875 0.0476 
          62  1 0.0470 0.2624 0.5296 0.0453 0.1158 
          63  1 0.0286 0.0329 0.0255 0.0388 0.8742 
          64  1 0.0189 0.0605 0.0728 0.8304 0.0174 
          65  1 0.1444 0.0527 0.7448 0.0213 0.0369 
          66  1 0.8601 0.0296 0.0291 0.0395 0.0416 
          67  1 0.0430 0.3343 0.3272 0.0457 0.2498 
          68  1 0.1063 0.4988 0.3109 0.0256 0.0583 
          69  1 0.1369 0.5920 0.1645 0.0553 0.0513 
          70  1 0.0434 0.7259 0.0796 0.0560 0.0950 
          71  1 0.0766 0.4639 0.2629 0.0498 0.1469 
          72  1 0.0256 0.0415 0.0342 0.0288 0.8699 
          73  1 0.1721 0.4201 0.1665 0.0622 0.1792 
          74  1 0.0253 0.0862 0.1063 0.2268 0.5554 
          75  1 0.1976 0.1318 0.1866 0.1275 0.3565 
          76  1 0.0360 0.2142 0.6698 0.0418 0.0382 
          77  1 0.0545 0.1578 0.1493 0.4860 0.1523 
          78  1 0.2341 0.2237 0.0746 0.1923 0.2753 
          79  1 0.0522 0.3776 0.0404 0.4261 0.1038 
          80  1 0.0268 0.0377 0.0414 0.0350 0.8591 
          81  1 0.1836 0.0462 0.6741 0.0702 0.0259 
          82  1 0.0328 0.1296 0.0822 0.0694 0.6861 
          83  1 0.1865 0.0492 0.0512 0.0192 0.6939 
          84  1 0.1751 0.1005 0.0837 0.4544 0.1863 
          85  1 0.0490 0.0804 0.7057 0.0287 0.1362 
          86  1 0.0523 0.0606 0.8047 0.0348 0.0475 
          87  1 0.2171 0.2839 0.0703 0.3753 0.0535 
          88  1 0.2484 0.3973 0.0840 0.0408 0.2295 
          89  1 0.0562 0.6243 0.1923 0.0748 0.0524 
          90  1 0.0259 0.0264 0.0337 0.0262 0.8878 
          91  1 0.1129 0.4150 0.1195 0.0647 0.2880 
          92  1 0.0349 0.0665 0.7120 0.0289 0.1576 
          93  1 0.1000 0.3048 0.4709 0.0734 0.0510 
          94  1 0.0529 0.1229 0.6510 0.0451 0.1281 
          95  1 0.0641 0.2653 0.0468 0.1288 0.4950 
          96  1 0.1607 0.2592 0.1871 0.1618 0.2312 
          97  1 0.0164 0.0622 0.1325 0.7493 0.0395 
          98  1 0.0511 0.5445 0.0471 0.2110 0.1462 
          99  1 0.0228 0.0376 0.8862 0.0221 0.0313 
         100  1 0.0577 0.3046 0.4488 0.1021 0.0867 
         101  1 0.2620 0.0658 0.0519 0.0568 0.5635 
         102  1 0.1054 0.0629 0.0456 0.0280 0.7581 
         103  1 0.4418 0.1623 0.0698 0.0597 0.2664 
         104  1 0.0609 0.1939 0.0593 0.4963 0.1897 
         105  1 0.1108 0.2670 0.2527 0.1734 0.1962 
         106  1 0.1149 0.1880 0.5836 0.0655 0.0481 
         107  1 0.0281 0.6360 0.0735 0.2049 0.0575 
         108  1 0.1313 0.3609 0.0938 0.0526 0.3614 
         109  1 0.1071 0.3487 0.2757 0.0580 0.2104 
         110  1 0.0344 0.2711 0.1058 0.2276 0.3611 
         111  1 0.0681 0.2498 0.0524 0.5826 0.0470 
         112  1 0.0584 0.2332 0.1003 0.4808 0.1274 
         113  1 0.0635 0.0592 0.0666 0.0408 0.7699 
         114  1 0.0149 0.8133 0.0593 0.0766 0.0360 
         115  1 0.4954 0.1875 0.0723 0.1188 0.1260 
         116  1 0.2688 0.2080 0.2682 0.0794 0.1756 
         117  1 0.3851 0.1486 0.0785 0.3568 0.0311 
         118  1 0.0560 0.6560 0.0948 0.1036 0.0896 
         119  1 0.0435 0.1612 0.0527 0.0607 0.6819 
         120  1 0.0220 0.0461 0.8010 0.0603 0.0707 
         121  1 0.8357 0.0519 0.0557 0.0231 0.0336 
         122  1 0.1214 0.1608 0.3671 0.1721 0.1785 
         123  1 0.0179 0.0260 0.0287 0.9042 0.0232 
         124  1 0.0237 0.0688 0.1211 0.0237 0.7628 
         125  1 0.0524 0.2167 0.1509 0.5001 0.0800 
         126  1 0.0544 0.2038 0.1752 0.4990 0.0677 
         127  1 0.0220 0.2114 0.6384 0.0504 0.0778 
         128  1 0.1632 0.1459 0.0356 0.2816 0.3736 
         129  1 0.0434 0.0733 0.7363 0.0348 0.1121 
         130  1 0.0698 0.4664 0.2442 0.1390 0.0806 
         131  1 0.0754 0.1964 0.2844 0.1648 0.2789 
         132  1 0.0622 0.0983 0.4622 0.2682 0.1090 
         133  1 0.4308 0.1963 0.1948 0.0219 0.1562 
         134  1 0.0324 0.0972 0.6672 0.0300 0.1733 
         135  1 0.0327 0.1427 0.5331 0.0383 0.2532 
         136  1 0.0273 0.3059 0.5354 0.0541 0.0773 
         137  1 0.0297 0.1105 0.7070 0.1077 0.0451 
         138  1 0.0468 0.0370 0.7971 0.0961 0.0229 
         139  1 0.0458 0.1103 0.6477 0.1615 0.0347 
         140  1 0.0225 0.1198 0.0828 0.6686 0.1063 
         141  1 0.0382 0.6141 0.1182 0.2095 0.0201 
         142  1 0.0377 0.4398 0.0540 0.3902 0.0783 
         143  1 0.0530 0.1809 0.5844 0.1525 0.0292 
         144  1 0.0751 0.1832 0.2423 0.0439 0.4555 
         145  1 0.0910 0.1779 0.3740 0.3108 0.0463 
         146  1 0.0257 0.1419 0.7420 0.0471 0.0432 
         147  1 0.1571 0.5485 0.1304 0.0425 0.1215 
         148  1 0.1537 0.3428 0.1412 0.0838 0.2785 
         149  1 0.4546 0.1250 0.0496 0.1512 0.2196 
         150  1 0.0431 0.5258 0.2797 0.0702 0.0813 
         151  1 0.8864 0.0279 0.0280 0.0262 0.0315 
         152  1 0.0548 0.1995 0.0534 0.0913 0.6011 
         153  1 0.3293 0.3763 0.1917 0.0616 0.0411 
         154  1 0.6294 0.0572 0.0386 0.0654 0.2093 
         155  1 0.4289 0.3449 0.1425 0.0471 0.0366 
         156  1 0.0393 0.5660 0.2220 0.1107 0.0620 
         157  1 0.0389 0.0495 0.2373 0.5957 0.0786 
         158  1 0.0455 0.5922 0.2907 0.0380 0.0336 
         159  1 0.0191 0.0418 0.0275 0.8450 0.0666 
         160  1 0.1080 0.4443 0.2420 0.0527 0.1531 
         161  1 0.0634 0.3406 0.0839 0.4462 0.0659 
         162  1 0.2884 0.3486 0.0869 0.0699 0.2063 
         163  1 0.0354 0.1699 0.2268 0.5261 0.0418 
         164  1 0.0487 0.1792 0.1473 0.4757 0.1491 
         165  1 0.0200 0.0517 0.0312 0.8576 0.0396 
         166  1 0.1771 0.2965 0.0624 0.2832 0.1808 
         167  1 0.8061 0.0471 0.0482 0.0250 0.0736 
         168  1 0.0696 0.2832 0.5624 0.0321 0.0527 
         169  1 0.0607 0.0760 0.1205 0.1049 0.6381 
         170  1 0.0478 0.0900 0.8127 0.0243 0.0252 
         171  1 0.0841 0.3134 0.1408 0.3962 0.0655 
         172  1 0.3223 0.3614 0.1022 0.0835 0.1307 
         173  1 0.5850 0.2143 0.0672 0.0856 0.0479 
         174  1 0.0699 0.3219 0.2493 0.3059 0.0530 
         175  1 0.1672 0.5049 0.1917 0.0593 0.0769 
         176  1 0.1583 0.5721 0.2111 0.0235 0.0350 
         177  1 0.4006 0.3258 0.1792 0.0267 0.0677 
         178  1 0.0727 0.1923 0.2978 0.0751 0.3621 
         179  1 0.0752 0.4921 0.1017 0.1646 0.1664 
         180  1 0.0687 0.3596 0.1360 0.3768 0.0589 
         181  1 0.8745 0.0322 0.0303 0.0195 0.0434 
         182  1 0.1176 0.2011 0.1594 0.0252 0.4967 
         183  1 0.0240 0.0650 0.7692 0.1165 0.0254 
         184  1 0.1630 0.2059 0.0699 0.0670 0.4941 
         185  1 0.0220 0.3703 0.0709 0.4382 0.0986 
         186  1 0.2598 0.1149 0.0676 0.5184 0.0393 
         187  1 0.0900 0.4591 0.0477 0.2019 0.2014 
         188  1 0.0745 0.7238 0.1168 0.0387 0.0461 
         189  1 0.0187 0.2303 0.6527 0.0738 0.0245 
         190  1 0.7698 0.0723 0.0338 0.0351 0.0890 
         191  1 0.3142 0.0596 0.0625 0.4943 0.0694 
         192  1 0.0969 0.6976 0.0873 0.0338 0.0844 
         193  1 0.0178 0.0269 0.0284 0.9033 0.0235 
         194  1 0.0187 0.0385 0.0390 0.8755 0.0283 
         195  1 0.0160 0.1076 0.4715 0.3854 0.0195 
         196  1 0.0733 0.0853 0.0306 0.7538 0.0570 
         197  1 0.0971 0.2138 0.0848 0.5522 0.0521 
         198  1 0.0224 0.5387 0.0882 0.2904 0.0602 
         199  1 0.0235 0.0286 0.0267 0.0322 0.8890 
         200  1 0.0444 0.1094 0.1034 0.6207 0.1222 
         201  1 0.0321 0.0301 0.0304 0.8643 0.0431 
         202  1 0.0483 0.4374 0.2487 0.0551 0.2104 
         203  1 0.0267 0.3060 0.5367 0.0534 0.0771 
         204  1 0.0301 0.3471 0.4312 0.0744 0.1172 
         205  1 0.6531 0.0858 0.0608 0.1337 0.0667 
         206  1 0.0288 0.5293 0.0619 0.2777 0.1022 
         207  1 0.8617 0.0491 0.0385 0.0205 0.0303 
         208  1 0.1112 0.3672 0.0909 0.3611 0.0695 
         209  1 0.0988 0.1031 0.0367 0.6471 0.1144 
         210  1 0.0614 0.2214 0.1673 0.5080 0.0419 
         211  1 0.7232 0.0470 0.0370 0.1478 0.0450 
         212  1 0.6907 0.1034 0.0451 0.1080 0.0527 
         213  1 0.0371 0.0539 0.8442 0.0277 0.0371 
         214  1 0.0404 0.0922 0.1447 0.5856 0.1371 
         215  1 0.1069 0.0719 0.5787 0.2072 0.0353 
         216  1 0.0240 0.1332 0.5948 0.1832 0.0648 
         217  1 0.0189 0.2268 0.6570 0.0729 0.0245 
         218  1 0.6499 0.0824 0.0591 0.1715 0.0370 
         219  1 0.0318 0.0307 0.0300 0.8628 0.0447 
         220  1 0.0382 0.2158 0.5776 0.0735 0.0949 
         221  1 0.0641 0.1084 0.0739 0.6617 0.0919 
         222  1 0.0903 0.4652 0.2531 0.0878 0.1035 
         223  1 0.0721 0.4567 0.1120 0.1424 0.2167 
         224  1 0.1243 0.1131 0.5865 0.1296 0.0464 
         225  1 0.9022 0.0268 0.0230 0.0189 0.0290 
         226  1 0.8634 0.0415 0.0230 0.0320 0.0400 
         227  1 0.7408 0.0578 0.0905 0.0352 0.0756 
         228  1 0.0607 0.2919 0.0590 0.4787 0.1096 
         229  1 0.2162 0.5068 0.0706 0.1100 0.0965 
         230  1 0.0269 0.5473 0.1604 0.0593 0.2061 
         231  1 0.3196 0.2714 0.2434 0.1143 0.0512 
         232  1 0.0438 0.4568 0.0899 0.2382 0.1712 
         233  1 0.1529 0.1080 0.6531 0.0416 0.0444 
         234  1 0.0442 0.6402 0.1953 0.0792 0.0410 
         235  1 0.0432 0.0475 0.0521 0.0417 0.8156 
         236  1 0.0337 0.1562 0.5440 0.1599 0.1061 
         237  1 0.2964 0.3095 0.0775 0.0279 0.2886 
         238  1 0.8079 0.0844 0.0427 0.0226 0.0425 
         239  1 0.0358 0.4192 0.1682 0.1576 0.2192 
         240  1 0.0441 0.4710 0.2892 0.1487 0.0470 
         241  1 0.8265 0.0365 0.0232 0.0772 0.0366 
         242  1 0.0600 0.4609 0.1037 0.3209 0.0545 
         243  1 0.0534 0.1731 0.4391 0.0300 0.3044 
         244  1 0.0551 0.0403 0.0194 0.0355 0.8497 
         245  1 0.1466 0.2873 0.0796 0.4040 0.0826 
         246  1 0.0382 0.2136 0.4591 0.2438 0.0453 
         247  1 0.1483 0.2503 0.3266 0.1825 0.0923 
         248  1 0.2611 0.4704 0.1704 0.0490 0.0491 
         249  1 0.0616 0.2188 0.4116 0.1852 0.1228 
         250  1 0.1783 0.2781 0.3982 0.0499 0.0955 
         251  1 0.0633 0.1734 0.3420 0.0394 0.3819 
         252  1 0.1146 0.3372 0.3943 0.1079 0.0459 
         253  1 0.0290 0.0749 0.0896 0.7576 0.0489 
         254  1 0.0701 0.4988 0.0728 0.1116 0.2466 
         255  1 0.0193 0.0344 0.0273 0.8225 0.0965 
         256  1 0.0187 0.0340 0.0275 0.8198 0.0999 
         257  1 0.0666 0.4822 0.0465 0.3247 0.0800 
         258  1 0.0484 0.6606 0.0424 0.2186 0.0300 
         259  1 0.0217 0.4786 0.1278 0.3399 0.0320 
         260  1 0.1099 0.6361 0.1601 0.0597 0.0342 
