           1  1 0.1245 0.1695 0.7059 
           2  1 0.3356 0.2299 0.4344 
           3  1 0.3370 0.2317 0.4313 
           4  1 0.4662 0.0893 0.4446 
           5  1 0.1433 0.2588 0.5979 
           6  1 0.1654 0.0454 0.7892 
           7  1 0.3564 0.3629 0.2807 
           8  1 0.2318 0.5188 0.2493 
           9  1 0.0366 0.8229 0.1405 
          10  1 0.0739 0.1097 0.8164 
          11  1 0.1159 0.0444 0.8397 
          12  1 0.1081 0.8368 0.0551 
          13  1 0.8066 0.0613 0.1321 
          14  1 0.6955 0.2510 0.0535 
          15  1 0.5481 0.0564 0.3955 
          16  1 0.1357 0.8206 0.0437 
          17  1 0.8221 0.1248 0.0531 
          18  1 0.4440 0.3867 0.1694 
          19  1 0.0371 0.1664 0.7965 
          20  1 0.0864 0.0439 0.8696 
          21  1 0.1193 0.8444 0.0363 
          22  1 0.2096 0.0849 0.7055 
          23  1 0.4169 0.4379 0.1452 
          24  1 0.0243 0.9535 0.0221 
          25  1 0.6946 0.2234 0.0820 
          26  1 0.2532 0.3550 0.3918 
          27  1 0.0662 0.8124 0.1214 
          28  1 0.7736 0.0903 0.1361 
          29  1 0.7306 0.0666 0.2028 
          30  1 0.7587 0.1465 0.0948 
          31  1 0.4324 0.3650 0.2026 
          32  1 0.5544 0.1630 0.2826 
          33  1 0.5349 0.3854 0.0797 
          34  1 0.0423 0.0631 0.8945 
          35  1 0.4733 0.2950 0.2317 
          36  1 0.0524 0.0961 0.8514 
          37  1 0.4542 0.3985 0.1473 
          38  1 0.1011 0.8299 0.0691 
          39  1 0.2741 0.1923 0.5336 
          40  1 0.3588 0.5539 0.0873 
          41  1 0.0565 0.8969 0.0466 
          42  1 0.7382 0.1208 0.1410 
          43  1 0.1082 0.8552 0.0366 
          44  1 0.0470 0.8345 0.1186 
          45  1 0.4953 0.1493 0.3553 
          46  1 0.5676 0.3800 0.0524 
          47  1 0.3938 0.4947 0.1115 
          48  1 0.3963 0.4498 0.1539 
          49  1 0.7507 0.1560 0.0932 
          50  1 0.4948 0.2915 0.2137 
          51  1 0.8986 0.0384 0.0630 
          52  1 0.7780 0.0794 0.1426 
          53  1 0.3327 0.0469 0.6205 
          54  1 0.8548 0.0615 0.0837 
          55  1 0.5231 0.2980 0.1788 
          56  1 0.4798 0.4434 0.0768 
          57  1 0.8657 0.0731 0.0612 
          58  1 0.5481 0.3163 0.1356 
          59  1 0.1858 0.0844 0.7297 
          60  1 0.3241 0.1555 0.5204 
          61  1 0.0609 0.8573 0.0818 
          62  1 0.7595 0.0949 0.1456 
          63  1 0.4743 0.3313 0.1944 
          64  1 0.0371 0.0241 0.9389 
          65  1 0.7052 0.2340 0.0608 
          66  1 0.0359 0.9211 0.0430 
          67  1 0.8099 0.1200 0.0701 
          68  1 0.7214 0.2210 0.0576 
          69  1 0.5390 0.3369 0.1241 
          70  1 0.6631 0.1771 0.1599 
          71  1 0.6653 0.1210 0.2138 
          72  1 0.6703 0.2137 0.1160 
          73  1 0.5068 0.3834 0.1098 
          74  1 0.4723 0.1010 0.4267 
          75  1 0.3747 0.4794 0.1459 
          76  1 0.7544 0.1011 0.1445 
          77  1 0.1427 0.0750 0.7823 
          78  1 0.2798 0.5051 0.2151 
          79  1 0.1100 0.1230 0.7669 
          80  1 0.5866 0.2883 0.1251 
          81  1 0.5099 0.3368 0.1533 
          82  1 0.6880 0.1700 0.1421 
          83  1 0.3860 0.5715 0.0426 
          84  1 0.1126 0.3987 0.4887 
          85  1 0.8520 0.0930 0.0550 
          86  1 0.7935 0.1292 0.0773 
          87  1 0.0697 0.2722 0.6582 
          88  1 0.3842 0.5061 0.1096 
          89  1 0.5743 0.1838 0.2419 
          90  1 0.6136 0.2987 0.0876 
          91  1 0.5153 0.3758 0.1090 
          92  1 0.8703 0.0851 0.0445 
          93  1 0.5990 0.2372 0.1638 
          94  1 0.7610 0.1505 0.0885 
          95  1 0.3127 0.2484 0.4389 
          96  1 0.2919 0.3837 0.3244 
          97  1 0.1068 0.0266 0.8666 
          98  1 0.1204 0.1438 0.7358 
          99  1 0.8909 0.0501 0.0590 
         100  1 0.6838 0.1271 0.1891 
         101  1 0.1808 0.7387 0.0805 
         102  1 0.4803 0.4368 0.0830 
         103  1 0.1639 0.7659 0.0702 
         104  1 0.1659 0.1465 0.6876 
         105  1 0.2766 0.2492 0.4742 
         106  1 0.7247 0.1598 0.1155 
         107  1 0.2232 0.0621 0.7147 
         108  1 0.5256 0.3886 0.0857 
         109  1 0.5820 0.3226 0.0954 
         110  1 0.3534 0.0706 0.5761 
         111  1 0.0892 0.1443 0.7665 
         112  1 0.2022 0.1041 0.6937 
         113  1 0.4560 0.3702 0.1738 
         114  1 0.6857 0.0321 0.2822 
         115  1 0.1405 0.7630 0.0964 
         116  1 0.3927 0.4994 0.1080 
         117  1 0.0923 0.5059 0.4018 
         118  1 0.3472 0.1704 0.4824 
         119  1 0.6593 0.2002 0.1405 
         120  1 0.4913 0.0565 0.4523 
         121  1 0.0698 0.8946 0.0356 
         122  1 0.3524 0.3623 0.2853 
         123  1 0.0302 0.0297 0.9401 
         124  1 0.7758 0.1764 0.0477 
         125  1 0.1770 0.1020 0.7209 
         126  1 0.1196 0.0704 0.8100 
         127  1 0.8542 0.0445 0.1013 
         128  1 0.1582 0.3690 0.4728 
         129  1 0.7861 0.1047 0.1092 
         130  1 0.5136 0.1720 0.3144 
         131  1 0.5343 0.1685 0.2971 
         132  1 0.2199 0.0994 0.6807 
         133  1 0.3213 0.6475 0.0311 
         134  1 0.8891 0.0674 0.0435 
         135  1 0.8705 0.0825 0.0470 
         136  1 0.8724 0.0470 0.0806 
         137  1 0.3795 0.0439 0.5766 
         138  1 0.3769 0.0960 0.5270 
         139  1 0.2872 0.0819 0.6308 
         140  1 0.1119 0.0421 0.8460 
         141  1 0.2283 0.0734 0.6984 
         142  1 0.1592 0.0723 0.7685 
         143  1 0.2766 0.0740 0.6494 
         144  1 0.6813 0.2541 0.0645 
         145  1 0.1975 0.1443 0.6582 
         146  1 0.8670 0.0442 0.0888 
         147  1 0.3664 0.5635 0.0701 
         148  1 0.2551 0.5635 0.1814 
         149  1 0.0913 0.7807 0.1280 
         150  1 0.6990 0.0882 0.2128 
         151  1 0.0342 0.9339 0.0319 
         152  1 0.5884 0.2232 0.1884 
         153  1 0.2823 0.5923 0.1253 
         154  1 0.0545 0.8902 0.0553 
         155  1 0.1617 0.6646 0.1736 
         156  1 0.5524 0.1145 0.3331 
         157  1 0.0905 0.0586 0.8509 
         158  1 0.6297 0.1231 0.2471 
         159  1 0.0407 0.0345 0.9248 
         160  1 0.5911 0.2820 0.1269 
         161  1 0.1261 0.1005 0.7733 
         162  1 0.2508 0.6317 0.1175 
         163  1 0.1281 0.0525 0.8194 
         164  1 0.1010 0.0774 0.8217 
         165  1 0.0422 0.0305 0.9273 
         166  1 0.1392 0.4551 0.4057 
         167  1 0.0713 0.8914 0.0373 
         168  1 0.8223 0.1135 0.0642 
         169  1 0.6124 0.2686 0.1190 
         170  1 0.8746 0.0703 0.0551 
         171  1 0.1699 0.1729 0.6572 
         172  1 0.2011 0.7167 0.0822 
         173  1 0.0819 0.8058 0.1123 
         174  1 0.3256 0.1000 0.5743 
         175  1 0.5001 0.3593 0.1405 
         176  1 0.4964 0.4597 0.0440 
         177  1 0.2708 0.6811 0.0481 
         178  1 0.7188 0.1880 0.0932 
         179  1 0.3630 0.1595 0.4774 
         180  1 0.1522 0.0919 0.7559 
         181  1 0.0405 0.9326 0.0269 
         182  1 0.5753 0.3797 0.0450 
         183  1 0.5115 0.0498 0.4387 
         184  1 0.2006 0.7082 0.0911 
         185  1 0.1654 0.0392 0.7954 
         186  1 0.0944 0.4160 0.4896 
         187  1 0.2622 0.2636 0.4741 
         188  1 0.5893 0.2983 0.1124 
         189  1 0.4298 0.0337 0.5365 
         190  1 0.0720 0.8799 0.0481 
         191  1 0.0936 0.4274 0.4790 
         192  1 0.6321 0.2870 0.0809 
         193  1 0.0310 0.0300 0.9390 
         194  1 0.0669 0.0319 0.9011 
         195  1 0.1771 0.0252 0.7977 
         196  1 0.0608 0.1135 0.8256 
         197  1 0.0603 0.1023 0.8374 
         198  1 0.1676 0.0445 0.7880 
         199  1 0.5237 0.3297 0.1466 
         200  1 0.1233 0.0740 0.8027 
         201  1 0.0360 0.0399 0.9241 
         202  1 0.7703 0.1322 0.0976 
         203  1 0.8764 0.0453 0.0783 
         204  1 0.8623 0.0510 0.0867 
         205  1 0.0776 0.8105 0.1119 
         206  1 0.2789 0.0829 0.6382 
         207  1 0.0540 0.9164 0.0295 
         208  1 0.1317 0.1430 0.7252 
         209  1 0.0771 0.1693 0.7536 
         210  1 0.0826 0.0679 0.8495 
         211  1 0.0433 0.8170 0.1397 
         212  1 0.0608 0.8431 0.0961 
         213  1 0.8868 0.0575 0.0557 
         214  1 0.1207 0.0782 0.8011 
         215  1 0.2597 0.1461 0.5942 
         216  1 0.6347 0.0462 0.3191 
         217  1 0.4307 0.0336 0.5356 
         218  1 0.0619 0.7716 0.1665 
         219  1 0.0358 0.0414 0.9228 
         220  1 0.8172 0.0687 0.1141 
         221  1 0.0886 0.1043 0.8071 
         222  1 0.5604 0.2232 0.2164 
         223  1 0.6124 0.1516 0.2360 
         224  1 0.3876 0.2435 0.3689 
         225  1 0.0331 0.9397 0.0272 
         226  1 0.0361 0.9338 0.0301 
         227  1 0.0913 0.8587 0.0500 
         228  1 0.0959 0.1136 0.7905 
         229  1 0.1847 0.6232 0.1921 
         230  1 0.8041 0.0465 0.1493 
         231  1 0.2254 0.5281 0.2466 
         232  1 0.4242 0.1566 0.4192 
         233  1 0.6625 0.2353 0.1022 
         234  1 0.4705 0.2167 0.3128 
         235  1 0.6188 0.2982 0.0830 
         236  1 0.7414 0.0643 0.1943 
         237  1 0.2965 0.6369 0.0666 
         238  1 0.0669 0.8974 0.0357 
         239  1 0.5018 0.1003 0.3979 
         240  1 0.5076 0.0827 0.4097 
         241  1 0.0316 0.9204 0.0480 
         242  1 0.1260 0.1575 0.7164 
         243  1 0.7609 0.1773 0.0617 
         244  1 0.3577 0.5147 0.1276 
         245  1 0.1081 0.2101 0.6817 
         246  1 0.1801 0.0449 0.7750 
         247  1 0.4605 0.2596 0.2799 
         248  1 0.2906 0.5938 0.1156 
         249  1 0.4934 0.1473 0.3593 
         250  1 0.4139 0.4927 0.0934 
         251  1 0.7589 0.1727 0.0684 
         252  1 0.4771 0.1616 0.3612 
         253  1 0.0744 0.0443 0.8813 
         254  1 0.5073 0.2094 0.2834 
         255  1 0.0558 0.0421 0.9022 
         256  1 0.0565 0.0419 0.9016 
         257  1 0.0940 0.1175 0.7885 
         258  1 0.1554 0.1204 0.7243 
         259  1 0.1298 0.0344 0.8358 
         260  1 0.4240 0.3214 0.2546 
