  1:   0.3327  0.2647  0.1638  0.2388  1
  2:   0.2720  0.2720  0.1700  0.2860  1
  3:   0.2102  0.2593  0.3534  0.1772  1
  4:   0.2547  0.4156  0.1648  0.1648  1
  5:   0.2322  0.1612  0.1862  0.4204  1
  6:   0.2957  0.2278  0.1958  0.2807  1
  7:   0.1820  0.2300  0.3320  0.2560  1
  8:   0.2830  0.1810  0.3160  0.2200  1
  9:   0.1798  0.4545  0.2118  0.1538  1
 10:   0.4030  0.1280  0.3520  0.1170  1
 11:   0.2480  0.1780  0.2960  0.2780  1
 12:   0.3080  0.2390  0.2380  0.2150  1
 13:   0.2480  0.2360  0.3310  0.1850  1
 14:   0.1648  0.4615  0.1638  0.2098  1
 15:   0.1279  0.1668  0.1469  0.5584  1
 16:   0.2663  0.1552  0.3554  0.2232  1
 17:   0.1888  0.3776  0.2438  0.1898  1
 18:   0.2870  0.3340  0.1170  0.2620  1
 19:   0.2733  0.3724  0.1652  0.1892  1
 20:   0.2100  0.3420  0.3100  0.1380  1
 21:   0.4390  0.1450  0.2030  0.2130  1
 22:   0.2587  0.3357  0.2268  0.1788  1
 23:   0.2140  0.1690  0.2120  0.4050  1
 24:   0.2587  0.2707  0.2967  0.1738  1
 25:   0.3493  0.2262  0.2052  0.2192  1
 26:   0.2540  0.2690  0.1930  0.2840  1
 27:   0.1970  0.2740  0.3230  0.2060  1
 28:   0.2630  0.1590  0.2450  0.3330  1
 29:   0.2530  0.3520  0.1580  0.2370  1
 30:   0.2300  0.3430  0.2380  0.1890  1
 31:   0.2700  0.2440  0.3080  0.1780  1
 32:   0.1858  0.1808  0.1598  0.4735  1
 33:   0.1878  0.2647  0.1798  0.3676  1
 34:   0.2667  0.3107  0.1568  0.2657  1
 35:   0.2008  0.3536  0.1578  0.2877  1
 36:   0.2022  0.2533  0.1992  0.3453  1
 37:   0.2150  0.2640  0.2120  0.3090  1
 38:   0.2610  0.2600  0.2620  0.2170  1
 39:   0.3373  0.2172  0.2022  0.2432  1
 40:   0.3467  0.1479  0.2458  0.2597  1
 41:   0.3143  0.2132  0.3013  0.1712  1
 42:   0.1730  0.1450  0.2910  0.3910  1
 43:   0.3483  0.3403  0.1612  0.1502  1
 44:   0.2250  0.2920  0.2880  0.1950  1
 45:   0.2442  0.1512  0.2062  0.3984  1
 46:   0.2630  0.1760  0.2810  0.2800  1
 47:   0.3430  0.2670  0.2450  0.1450  1
 48:   0.1420  0.1620  0.1270  0.5690  1
 49:   0.2000  0.3830  0.3150  0.1020  1
 50:   0.2042  0.3213  0.2773  0.1972  1
 51:   0.3247  0.3217  0.1868  0.1668  1
 52:   0.2590  0.1630  0.4210  0.1570  1
 53:   0.3250  0.2540  0.2290  0.1920  1
 54:   0.2450  0.3520  0.1910  0.2120  1
 55:   0.2657  0.1528  0.1728  0.4086  1
 56:   0.2052  0.1261  0.1572  0.5115  1
 57:   0.2760  0.2510  0.2820  0.1910  1
 58:   0.1660  0.1180  0.0920  0.6240  1
 59:   0.2262  0.1552  0.2743  0.3443  1
 60:   0.2140  0.2840  0.2950  0.2070  1
 61:   0.2600  0.2310  0.3370  0.1720  1
 62:   0.3400  0.1170  0.2940  0.2490  1
 63:   0.2132  0.1872  0.4074  0.1922  1
 64:   0.3910  0.2070  0.2410  0.1610  1
 65:   0.2950  0.2340  0.2770  0.1940  1
 66:   0.2603  0.2883  0.2723  0.1792  1
 67:   0.3220  0.2080  0.3300  0.1400  1
 68:   0.1890  0.2300  0.3720  0.2090  1
 69:   0.3173  0.1331  0.3674  0.1822  1
 70:   0.2300  0.2290  0.2150  0.3260  1
 71:   0.3240  0.2340  0.2330  0.2090  1
 72:   0.2890  0.2370  0.2790  0.1950  1
 73:   0.2202  0.2713  0.1792  0.3293  1
 74:   0.2680  0.2730  0.2840  0.1750  1
 75:   0.1860  0.3250  0.2610  0.2280  1
 76:   0.3170  0.2200  0.2970  0.1660  1
 77:   0.2250  0.2340  0.2360  0.3050  1
 78:   0.3560  0.2390  0.2600  0.1450  1
 79:   0.2378  0.2058  0.2048  0.3516  1
 80:   0.2338  0.2128  0.3487  0.2048  1
 81:   0.3090  0.1540  0.4130  0.1240  1
 82:   0.2660  0.1550  0.2370  0.3420  1
 83:   0.1389  0.1518  0.5904  0.1189  1
 84:   0.2270  0.2040  0.3350  0.2340  1
 85:   0.2330  0.1930  0.2610  0.3130  1
 86:   0.3210  0.1370  0.2140  0.3280  1
 87:   0.3170  0.1770  0.3830  0.1230  1
 88:   0.2350  0.2280  0.1830  0.3540  1
 89:   0.2400  0.3200  0.2760  0.1640  1
 90:   0.2787  0.1538  0.3087  0.2587  1
 91:   0.2482  0.2322  0.2613  0.2583  1
 92:   0.2480  0.1350  0.2720  0.3450  1
 93:   0.2290  0.2110  0.4050  0.1550  1
 94:   0.3277  0.3427  0.1948  0.1349  1
 95:   0.2887  0.1978  0.2188  0.2947  1
 96:   0.2020  0.3150  0.2430  0.2400  1
 97:   0.2800  0.1910  0.3390  0.1900  1
 98:   0.2210  0.2630  0.3210  0.1950  1
 99:   0.2760  0.2050  0.3480  0.1710  1
100:   0.2048  0.2947  0.2797  0.2208  1
101:   0.2368  0.2617  0.3227  0.1788  1
102:   0.1860  0.1840  0.1920  0.4380  1
103:   0.1600  0.3240  0.1510  0.3650  1
104:   0.2567  0.1948  0.2997  0.2488  1
105:   0.1988  0.3427  0.2567  0.2018  1
106:   0.2663  0.2513  0.2623  0.2202  1
107:   0.3300  0.1410  0.2570  0.2720  1
108:   0.2448  0.1429  0.3107  0.3017  1
109:   0.1828  0.2957  0.3327  0.1888  1
110:   0.1680  0.5400  0.1360  0.1560  1
111:   0.2850  0.2270  0.2110  0.2770  1
112:   0.2050  0.3900  0.1780  0.2270  1
113:   0.3556  0.1648  0.1918  0.2877  1
114:   0.2100  0.3770  0.2240  0.1890  1
115:   0.2793  0.1692  0.2913  0.2603  1
116:   0.2790  0.1720  0.2640  0.2850  1
117:   0.1920  0.1540  0.1290  0.5250  1
118:   0.1790  0.4510  0.2040  0.1660  1
119:   0.2068  0.2288  0.1628  0.4016  1
120:   0.1712  0.2382  0.1221  0.4685  1
121:   0.2042  0.3013  0.3093  0.1852  1
122:   0.3193  0.2092  0.3483  0.1231  1
123:   0.2000  0.1740  0.1580  0.4680  1
124:   0.3263  0.1762  0.3233  0.1742  1
125:   0.1778  0.1289  0.2338  0.4595  1
126:   0.3776  0.2168  0.1908  0.2148  1
127:   0.3083  0.2032  0.1912  0.2973  1
128:   0.2523  0.1251  0.2252  0.3974  1
129:   0.3140  0.1380  0.3470  0.2010  1
130:   0.3676  0.3147  0.1718  0.1459  1
131:   0.3746  0.1548  0.3047  0.1658  1
132:   0.1990  0.1490  0.1180  0.5340  1
133:   0.2140  0.3490  0.1350  0.3020  1
134:   0.3110  0.2090  0.2420  0.2380  1
135:   0.2200  0.5420  0.1220  0.1160  1
136:   0.2260  0.2130  0.2720  0.2890  1
137:   0.4040  0.1660  0.2190  0.2110  1
138:   0.3143  0.2102  0.1702  0.3053  1
139:   0.2240  0.2960  0.1370  0.3430  1
140:   0.2820  0.1620  0.4000  0.1560  1
141:   0.2162  0.3644  0.1692  0.2503  1
142:   0.1850  0.1520  0.1750  0.4880  1
143:   0.3200  0.1510  0.3550  0.1740  1
144:   0.2240  0.2510  0.2850  0.2400  1
145:   0.2290  0.3240  0.1640  0.2830  1
146:   0.2663  0.3594  0.2252  0.1491  1
147:   0.2140  0.2980  0.2660  0.2220  1
148:   0.1852  0.3323  0.2943  0.1882  1
149:   0.2080  0.1580  0.1960  0.4380  1
150:   0.2220  0.4600  0.1940  0.1240  1
151:   0.2028  0.3756  0.2727  0.1489  1
152:   0.2830  0.2450  0.2760  0.1960  1
153:   0.1960  0.2510  0.3560  0.1970  1
154:   0.2440  0.2210  0.2510  0.2840  1
155:   0.1650  0.1340  0.1910  0.5100  1
156:   0.2050  0.2830  0.3150  0.1970  1
157:   0.3470  0.1760  0.2120  0.2650  1
158:   0.4326  0.1379  0.2158  0.2138  1
159:   0.1920  0.1880  0.2210  0.3990  1
160:   0.2820  0.1930  0.1640  0.3610  1
161:   0.3090  0.2840  0.1170  0.2900  1
162:   0.1980  0.3920  0.1760  0.2340  1
163:   0.2100  0.3650  0.2040  0.2210  1
164:   0.1530  0.0990  0.2580  0.4900  1
165:   0.2813  0.2422  0.2603  0.2162  1
166:   0.3250  0.2030  0.2300  0.2420  1
167:   0.1590  0.1510  0.1050  0.5850  1
168:   0.2292  0.2743  0.2442  0.2523  1
169:   0.3560  0.2190  0.2280  0.1970  1
170:   0.2132  0.4535  0.2132  0.1201  1
171:   0.2080  0.2280  0.2300  0.3340  1
172:   0.1902  0.4354  0.2172  0.1572  1
173:   0.2697  0.2188  0.1568  0.3546  1
174:   0.2597  0.2018  0.3287  0.2098  1
175:   0.2857  0.3187  0.2358  0.1598  1
176:   0.1930  0.4650  0.2080  0.1340  1
177:   0.2008  0.1419  0.5205  0.1369  1
178:   0.3000  0.2280  0.2660  0.2060  1
179:   0.2690  0.1840  0.2170  0.3300  1
180:   0.2172  0.3003  0.3193  0.1632  1
181:   0.1920  0.2280  0.1590  0.4210  1
182:   0.1080  0.0920  0.6740  0.1260  1
183:   0.2670  0.4000  0.1390  0.1940  1
184:   0.2292  0.3063  0.2733  0.1912  1
185:   0.2670  0.2490  0.1990  0.2850  1
186:   0.2032  0.3103  0.2272  0.2593  1
187:   0.2693  0.3714  0.1742  0.1852  1
188:   0.1850  0.2310  0.1940  0.3900  1
189:   0.2490  0.3140  0.2660  0.1710  1
190:   0.2070  0.3490  0.2550  0.1890  1
191:   0.3417  0.2388  0.1698  0.2498  1
192:   0.3570  0.1480  0.2940  0.2010  1
193:   0.2650  0.3030  0.2170  0.2150  1
194:   0.2390  0.1820  0.1900  0.3890  1
195:   0.3560  0.1790  0.2960  0.1690  1
196:   0.2933  0.3183  0.1762  0.2122  1
197:   0.1730  0.2050  0.2200  0.4020  1
198:   0.2370  0.3730  0.1440  0.2460  1
199:   0.2048  0.1189  0.4645  0.2118  1
200:   0.2242  0.2723  0.1642  0.3393  1
201:   0.2290  0.1800  0.4500  0.1410  1
202:   0.2148  0.2767  0.2847  0.2238  1
203:   0.2290  0.1720  0.3790  0.2200  1
204:   0.2040  0.3230  0.3060  0.1670  1
205:   0.2693  0.1852  0.3483  0.1972  1
206:   0.3307  0.1828  0.3007  0.1858  1
207:   0.3103  0.1481  0.2713  0.2703  1
208:   0.2170  0.3350  0.2930  0.1550  1
209:   0.3730  0.1460  0.2260  0.2550  1
210:   0.2580  0.3050  0.2310  0.2060  1
211:   0.3560  0.1730  0.3520  0.1190  1
212:   0.2340  0.3620  0.1540  0.2500  1
213:   0.2627  0.2078  0.1938  0.3357  1
214:   0.4350  0.1900  0.2240  0.1510  1
215:   0.2068  0.2468  0.1998  0.3467  1
216:   0.2753  0.2062  0.2673  0.2513  1
217:   0.2907  0.2777  0.1538  0.2777  1
218:   0.2160  0.1700  0.1460  0.4680  1
219:   0.1730  0.4270  0.2170  0.1830  1
220:   0.3243  0.1702  0.2903  0.2152  1
221:   0.1740  0.1380  0.5240  0.1640  1
222:   0.3043  0.2262  0.1902  0.2793  1
223:   0.2997  0.1768  0.1758  0.3477  1
224:   0.3100  0.2010  0.2950  0.1940  1
225:   0.4196  0.1648  0.2747  0.1409  1
226:   0.2150  0.3520  0.1640  0.2690  1
227:   0.2770  0.1810  0.2960  0.2460  1
228:   0.2260  0.2490  0.2440  0.2810  1
229:   0.2378  0.2348  0.3027  0.2248  1
230:   0.1481  0.5395  0.1311  0.1812  1
231:   0.3023  0.2823  0.1962  0.2192  1
232:   0.2490  0.1200  0.3650  0.2660  1
233:   0.2617  0.4216  0.1439  0.1728  1
234:   0.2960  0.2600  0.1810  0.2630  1
235:   0.2360  0.3140  0.2600  0.1900  1
236:   0.1838  0.2228  0.2368  0.3566  1
237:   0.2890  0.1570  0.3340  0.2200  1
238:   0.3040  0.3060  0.1960  0.1940  1
239:   0.1700  0.4020  0.2510  0.1770  1
240:   0.2110  0.2780  0.2570  0.2540  1
241:   0.3230  0.2060  0.2830  0.1880  1
242:   0.2500  0.1790  0.3300  0.2410  1
243:   0.2328  0.1868  0.2248  0.3556  1
244:   0.3120  0.1710  0.3610  0.1560  1
245:   0.1750  0.3290  0.2170  0.2790  1
246:   0.1710  0.2510  0.1960  0.3820  1
247:   0.2600  0.3310  0.2290  0.1800  1
248:   0.3550  0.3200  0.1550  0.1700  1
249:   0.2510  0.3350  0.2170  0.1970  1
250:   0.1680  0.2050  0.1780  0.4490  1
251:   0.3100  0.2370  0.1610  0.2920  1
252:   0.3634  0.1732  0.2973  0.1662  1
253:   0.2060  0.1900  0.2940  0.3100  1
254:   0.2278  0.4186  0.1399  0.2138  1
255:   0.1732  0.2242  0.4114  0.1912  1
256:   0.2730  0.1590  0.1940  0.3740  1
257:   0.2757  0.2927  0.2098  0.2218  1
258:   0.2040  0.2730  0.2900  0.2330  1
259:   0.2663  0.3193  0.2563  0.1582  1
260:   0.2110  0.1720  0.3420  0.2750  1
261:   0.2783  0.3463  0.1982  0.1772  1
262:   0.2250  0.2670  0.2680  0.2400  1
263:   0.3130  0.3220  0.2170  0.1480  1
264:   0.2540  0.1900  0.3170  0.2390  1
265:   0.3330  0.2500  0.2750  0.1420  1
266:   0.2810  0.2010  0.1940  0.3240  1
267:   0.2780  0.2130  0.3340  0.1750  1
268:   0.2600  0.4350  0.1340  0.1710  1
269:   0.1770  0.3180  0.3770  0.1280  1
270:   0.2520  0.3120  0.3000  0.1360  1
271:   0.2913  0.2362  0.2262  0.2462  1
272:   0.2913  0.2953  0.2482  0.1652  1
273:   0.2937  0.1858  0.2837  0.2368  1
274:   0.1540  0.5640  0.1560  0.1260  1
275:   0.1858  0.3227  0.3437  0.1479  1
276:   0.2360  0.1280  0.2170  0.4190  1
277:   0.1270  0.1750  0.5640  0.1340  1
278:   0.2010  0.2720  0.4240  0.1030  1
279:   0.1968  0.1998  0.2458  0.3576  1
280:   0.2068  0.2338  0.2368  0.3227  1
281:   0.3250  0.2790  0.2680  0.1280  1
282:   0.2270  0.3780  0.2000  0.1950  1
283:   0.1860  0.2200  0.2520  0.3420  1
284:   0.1760  0.1350  0.4650  0.2240  1
285:   0.3300  0.2170  0.2030  0.2500  1
286:   0.2783  0.2432  0.3243  0.1542  1
287:   0.1560  0.2270  0.1840  0.4330  1
288:   0.1351  0.1131  0.6376  0.1141  1
289:   0.2380  0.2780  0.2270  0.2570  1
290:   0.3636  0.2617  0.1768  0.1978  1
291:   0.2690  0.2800  0.1190  0.3320  1
292:   0.2630  0.1590  0.2730  0.3050  1
293:   0.1732  0.4625  0.1451  0.2192  1
294:   0.2630  0.2440  0.2980  0.1950  1
295:   0.1420  0.1000  0.1080  0.6500  1
296:   0.1580  0.2020  0.4140  0.2260  1
297:   0.2040  0.3630  0.2370  0.1960  1
298:   0.2583  0.2563  0.1682  0.3173  1
299:   0.1582  0.1141  0.1321  0.5956  1
300:   0.1870  0.3660  0.2200  0.2270  1
301:   0.2118  0.2348  0.2308  0.3227  1
302:   0.1698  0.1598  0.1149  0.5554  1
303:   0.3287  0.3207  0.1888  0.1618  1
304:   0.2627  0.2488  0.2378  0.2507  1
305:   0.2540  0.2610  0.2000  0.2850  1
306:   0.1580  0.1290  0.3670  0.3460  1
307:   0.2472  0.2412  0.2673  0.2442  1
308:   0.2620  0.2020  0.3020  0.2340  1
309:   0.2228  0.2827  0.3417  0.1528  1
310:   0.2627  0.2797  0.3107  0.1469  1
311:   0.1828  0.1449  0.4026  0.2697  1
312:   0.1760  0.3750  0.3070  0.1420  1
313:   0.2200  0.2200  0.2880  0.2720  1
314:   0.2817  0.1389  0.2927  0.2867  1
315:   0.2050  0.1450  0.3350  0.3150  1
316:   0.2500  0.2610  0.2590  0.2300  1
317:   0.1640  0.3780  0.3170  0.1410  1
318:   0.2030  0.4860  0.1770  0.1340  1
319:   0.2740  0.2590  0.1700  0.2970  1
320:   0.1540  0.1410  0.2580  0.4470  1
321:   0.2840  0.3610  0.1430  0.2120  1
322:   0.3300  0.2370  0.2360  0.1970  1
323:   0.1670  0.2260  0.3610  0.2460  1
324:   0.4000  0.2070  0.2400  0.1530  1
325:   0.2080  0.3810  0.2120  0.1990  1
326:   0.1708  0.1808  0.4995  0.1489  1
327:   0.2330  0.3240  0.1980  0.2450  1
328:   0.3040  0.2830  0.1920  0.2210  1
329:   0.2680  0.1770  0.3420  0.2130  1
330:   0.3904  0.1321  0.3143  0.1632  1
331:   0.2660  0.1950  0.3300  0.2090  1
332:   0.2550  0.3560  0.2430  0.1460  1
333:   0.2238  0.2118  0.3816  0.1828  1
334:   0.2072  0.3994  0.2422  0.1512  1
335:   0.2250  0.2290  0.2870  0.2590  1
336:   0.2470  0.2010  0.3290  0.2230  1
337:   0.1850  0.4030  0.1980  0.2140  1
338:   0.2350  0.1700  0.4020  0.1930  1
339:   0.2737  0.1728  0.2028  0.3506  1
340:   0.2442  0.4114  0.1872  0.1572  1
341:   0.2140  0.1650  0.2040  0.4170  1
342:   0.3087  0.2108  0.2897  0.1908  1
343:   0.1970  0.2110  0.4410  0.1510  1
344:   0.1942  0.4344  0.2202  0.1512  1
345:   0.1818  0.2238  0.4166  0.1778  1
346:   0.2370  0.2780  0.2030  0.2820  1
347:   0.4036  0.1528  0.2028  0.2408  1
348:   0.2030  0.2820  0.1920  0.3230  1
349:   0.1740  0.2540  0.3680  0.2040  1
350:   0.2640  0.2760  0.2000  0.2600  1
351:   0.2240  0.2880  0.2080  0.2800  1
352:   0.1990  0.2820  0.2620  0.2570  1
353:   0.2100  0.1370  0.2570  0.3960  1
354:   0.2550  0.1890  0.3550  0.2010  1
355:   0.2268  0.2887  0.3017  0.1828  1
356:   0.2050  0.2730  0.2290  0.2930  1
357:   0.2920  0.2170  0.2450  0.2460  1
358:   0.2060  0.1960  0.3590  0.2390  1
359:   0.1890  0.1860  0.1600  0.4650  1
360:   0.2392  0.3163  0.1622  0.2823  1
361:   0.2228  0.1678  0.2328  0.3766  1
362:   0.2290  0.3310  0.2320  0.2080  1
363:   0.2300  0.4080  0.2150  0.1470  1
364:   0.1780  0.3390  0.3030  0.1800  1
365:   0.2210  0.3130  0.1830  0.2830  1
366:   0.1880  0.2180  0.2190  0.3750  1
367:   0.2410  0.2600  0.2220  0.2770  1
368:   0.4240  0.1670  0.1420  0.2670  1
369:   0.2360  0.1420  0.2890  0.3330  1
370:   0.2380  0.1480  0.2740  0.3400  1
371:   0.1560  0.1550  0.3770  0.3120  1
372:   0.2098  0.1908  0.2058  0.3936  1
373:   0.2210  0.2210  0.2480  0.3100  1
374:   0.2903  0.2432  0.2392  0.2272  1
375:   0.2617  0.2458  0.3037  0.1888  1
376:   0.2352  0.3183  0.2092  0.2372  1
377:   0.3664  0.1862  0.1261  0.3213  1
378:   0.3606  0.2208  0.1918  0.2268  1
379:   0.1682  0.1872  0.1371  0.5075  1
380:   0.3714  0.1411  0.1471  0.3403  1
381:   0.2200  0.2590  0.2610  0.2600  1
382:   0.2410  0.2160  0.3110  0.2320  1
383:   0.2080  0.1580  0.3540  0.2800  1
384:   0.1870  0.3690  0.1080  0.3360  1
385:   0.3030  0.3190  0.2410  0.1370  1
386:   0.1660  0.1040  0.1130  0.6170  1
387:   0.3610  0.2250  0.1880  0.2260  1
388:   0.2190  0.2200  0.1280  0.4330  1
389:   0.1668  0.2438  0.3766  0.2128  1
390:   0.3590  0.1490  0.2910  0.2010  1
391:   0.2182  0.2042  0.1411  0.4364  1
392:   0.2050  0.1510  0.3970  0.2470  1
393:   0.1910  0.3350  0.1150  0.3590  1
394:   0.3430  0.1560  0.3910  0.1100  1
395:   0.1960  0.2960  0.2890  0.2190  1
396:   0.2310  0.3940  0.2160  0.1590  1
397:   0.1580  0.4050  0.3130  0.1240  1
398:   0.2810  0.2330  0.1900  0.2960  1
399:   0.2280  0.2520  0.1820  0.3380  1
400:   0.1720  0.1690  0.2870  0.3720  1
401:   0.2803  0.3013  0.1562  0.2623  1
402:   0.2458  0.3027  0.2298  0.2218  1
403:   0.2230  0.3110  0.3530  0.1130  1
404:   0.2700  0.1960  0.3150  0.2190  1
405:   0.2890  0.3170  0.2270  0.1670  1
406:   0.3240  0.1710  0.2690  0.2360  1
407:   0.1820  0.2440  0.1320  0.4420  1
408:   0.2990  0.2830  0.2010  0.2170  1
409:   0.2290  0.3000  0.2180  0.2530  1
410:   0.2400  0.2850  0.2650  0.2100  1
411:   0.2260  0.3400  0.3190  0.1150  1
412:   0.3450  0.2630  0.1240  0.2680  1
413:   0.2060  0.2600  0.4260  0.1080  1
414:   0.3263  0.2332  0.1522  0.2883  1
415:   0.4296  0.1369  0.1469  0.2867  1
416:   0.1680  0.5690  0.1410  0.1220  1
417:   0.3664  0.1992  0.1872  0.2472  1
418:   0.3347  0.2338  0.2058  0.2258  1
419:   0.3270  0.1510  0.3010  0.2210  1
420:   0.2340  0.4190  0.2170  0.1300  1
421:   0.3350  0.2330  0.2740  0.1580  1
422:   0.2970  0.1970  0.3130  0.1930  1
423:   0.3090  0.2950  0.2190  0.1770  1
424:   0.2238  0.3826  0.2488  0.1449  1
425:   0.2810  0.1990  0.2540  0.2660  1
426:   0.3057  0.1489  0.1788  0.3666  1
427:   0.3590  0.1800  0.1690  0.2920  1
428:   0.2963  0.2382  0.2022  0.2633  1
429:   0.1550  0.1420  0.3350  0.3680  1
430:   0.3880  0.1910  0.2030  0.2180  1
431:   0.2743  0.3483  0.2282  0.1491  1
432:   0.2140  0.2590  0.1990  0.3280  1
433:   0.2763  0.2623  0.1582  0.3033  1
434:   0.2360  0.3640  0.2060  0.1940  1
435:   0.2200  0.3410  0.2300  0.2090  1
436:   0.3470  0.1880  0.2640  0.2010  1
437:   0.2130  0.3260  0.1560  0.3050  1
438:   0.2382  0.1692  0.1231  0.4695  1
439:   0.3670  0.1840  0.2420  0.2070  1
440:   0.1860  0.1860  0.4660  0.1620  1
441:   0.2350  0.2270  0.2050  0.3330  1
442:   0.2570  0.3580  0.2430  0.1420  1
443:   0.1928  0.2727  0.2957  0.2388  1
444:   0.2040  0.2160  0.2140  0.3660  1
445:   0.3100  0.1230  0.3450  0.2220  1
446:   0.2890  0.2250  0.2780  0.2080  1
447:   0.2000  0.4490  0.1660  0.1850  1
448:   0.2230  0.2680  0.1850  0.3240  1
449:   0.1658  0.2957  0.3057  0.2328  1
450:   0.2220  0.2360  0.3950  0.1470  1
451:   0.1892  0.1632  0.3614  0.2863  1
452:   0.1710  0.1650  0.4880  0.1760  1
453:   0.2168  0.3387  0.2138  0.2308  1
454:   0.2102  0.3173  0.3514  0.1211  1
455:   0.3954  0.1672  0.2222  0.2152  1
456:   0.2667  0.1678  0.2408  0.3247  1
457:   0.3140  0.1840  0.1650  0.3370  1
458:   0.1638  0.1059  0.4845  0.2458  1
459:   0.2540  0.1550  0.1990  0.3920  1
460:   0.2260  0.3080  0.2390  0.2270  1
461:   0.1401  0.6096  0.1381  0.1121  1
462:   0.4220  0.2060  0.2500  0.1220  1
463:   0.2923  0.1401  0.2052  0.3624  1
464:   0.2740  0.2090  0.2200  0.2970  1
465:   0.3020  0.1700  0.3230  0.2050  1
466:   0.2660  0.1970  0.1510  0.3860  1
467:   0.2300  0.1750  0.4110  0.1840  1
468:   0.1862  0.2042  0.3133  0.2963  1
469:   0.2563  0.1982  0.2192  0.3263  1
470:   0.2670  0.2370  0.1440  0.3520  1
471:   0.1260  0.1500  0.5870  0.1370  1
472:   0.1712  0.3063  0.1201  0.4024  1
473:   0.3536  0.2887  0.1558  0.2018  1
474:   0.1930  0.3740  0.2480  0.1850  1
475:   0.3090  0.1680  0.2760  0.2470  1
476:   0.2292  0.1351  0.3273  0.3083  1
477:   0.3350  0.2220  0.2500  0.1930  1
478:   0.2190  0.4680  0.1400  0.1730  1
479:   0.3213  0.1792  0.3293  0.1702  1
480:   0.2070  0.4240  0.1390  0.2300  1
481:   0.2790  0.1950  0.3070  0.2190  1
482:   0.2150  0.2470  0.1430  0.3950  1
483:   0.2060  0.1700  0.3670  0.2570  1
484:   0.4480  0.2520  0.1840  0.1160  1
485:   0.3640  0.1710  0.3000  0.1650  1
486:   0.2270  0.2910  0.2640  0.2180  1
487:   0.2140  0.2560  0.1930  0.3370  1
488:   0.3110  0.1420  0.2240  0.3230  1
489:   0.2240  0.3340  0.2360  0.2060  1
490:   0.2523  0.2402  0.1762  0.3313  1
491:   0.1828  0.2158  0.1269  0.4745  1
492:   0.2830  0.1740  0.2990  0.2440  1
493:   0.3393  0.2202  0.1982  0.2422  1
494:   0.2540  0.1670  0.2200  0.3590  1
495:   0.1510  0.1700  0.5580  0.1210  1
496:   0.2460  0.3420  0.2750  0.1370  1
497:   0.2840  0.4070  0.1590  0.1500  1
498:   0.1730  0.4410  0.2250  0.1610  1
499:   0.2000  0.2920  0.1430  0.3650  1
500:   0.2048  0.1578  0.2897  0.3477  1
501:   0.2420  0.3120  0.2800  0.1660  1
502:   0.2610  0.2070  0.3110  0.2210  1
503:   0.2200  0.3900  0.1840  0.2060  1
504:   0.3470  0.3310  0.1710  0.1510  1
505:   0.2160  0.1550  0.2780  0.3510  1
506:   0.2900  0.2200  0.2950  0.1950  1
507:   0.1842  0.2613  0.2813  0.2733  1
508:   0.1800  0.5130  0.2050  0.1020  1
509:   0.2553  0.1572  0.3754  0.2122  1
510:   0.2617  0.3856  0.2228  0.1299  1
511:   0.2060  0.2140  0.1800  0.4000  1
512:   0.1818  0.5914  0.1149  0.1119  1
513:   0.2523  0.2873  0.3493  0.1111  1
514:   0.1960  0.4500  0.1830  0.1710  1
515:   0.1329  0.1978  0.1089  0.5604  1
516:   0.2170  0.1520  0.3880  0.2430  1
517:   0.2760  0.1310  0.4030  0.1900  1
518:   0.2370  0.4410  0.1780  0.1440  1
519:   0.4214  0.2182  0.1952  0.1652  1
520:   0.2190  0.1940  0.2500  0.3370  1
521:   0.3070  0.2960  0.1750  0.2220  1
522:   0.3407  0.2148  0.2737  0.1708  1
523:   0.2720  0.2250  0.2190  0.2840  1
524:   0.1922  0.1111  0.5506  0.1461  1
525:   0.2610  0.2080  0.2000  0.3310  1
526:   0.1610  0.3810  0.2010  0.2570  1
527:   0.2610  0.3140  0.2080  0.2170  1
528:   0.2370  0.1740  0.1280  0.4610  1
529:   0.3070  0.2340  0.2330  0.2260  1
530:   0.3047  0.2018  0.1668  0.3267  1
531:   0.2498  0.1588  0.2677  0.3237  1
532:   0.1800  0.1510  0.5710  0.0980  1
533:   0.1578  0.5734  0.1269  0.1419  1
534:   0.2653  0.1962  0.1932  0.3453  1
535:   0.2060  0.2570  0.2270  0.3100  1
536:   0.2300  0.3130  0.2670  0.1900  1
537:   0.2342  0.2563  0.1471  0.3624  1
538:   0.2507  0.1978  0.3337  0.2178  1
539:   0.2140  0.3180  0.1900  0.2780  1
540:   0.1720  0.2160  0.2880  0.3240  1
541:   0.2837  0.1658  0.2797  0.2707  1
542:   0.1800  0.1640  0.1580  0.4980  1
543:   0.2428  0.1089  0.1289  0.5195  1
544:   0.2527  0.1608  0.1678  0.4186  1
545:   0.2030  0.2870  0.2260  0.2840  1
546:   0.1638  0.2018  0.1748  0.4595  1
547:   0.2930  0.1990  0.2990  0.2090  1
548:   0.2450  0.2780  0.2300  0.2470  1
549:   0.2660  0.2550  0.2530  0.2260  1
550:   0.2332  0.3604  0.1882  0.2182  1
551:   0.2110  0.1920  0.1660  0.4310  1
552:   0.1920  0.3850  0.1970  0.2260  1
553:   0.2400  0.2520  0.3310  0.1770  1
554:   0.2090  0.1870  0.0980  0.5060  1
555:   0.2750  0.2290  0.3090  0.1870  1
556:   0.1938  0.4535  0.2318  0.1209  1
557:   0.3710  0.2120  0.2090  0.2080  1
558:   0.1760  0.1240  0.3190  0.3810  1
559:   0.2540  0.2610  0.2410  0.2440  1
560:   0.2550  0.1850  0.1410  0.4190  1
561:   0.2480  0.1880  0.3610  0.2030  1
562:   0.1820  0.2510  0.1850  0.3820  1
563:   0.3203  0.1702  0.2653  0.2442  1
564:   0.2330  0.3260  0.2210  0.2200  1
565:   0.2680  0.2240  0.2400  0.2680  1
566:   0.2460  0.2870  0.2660  0.2010  1
567:   0.2350  0.1550  0.3220  0.2880  1
568:   0.2800  0.3320  0.1420  0.2460  1
569:   0.1780  0.3150  0.3500  0.1570  1
570:   0.1970  0.2760  0.2750  0.2520  1
571:   0.2583  0.2452  0.2432  0.2533  1
572:   0.1788  0.5075  0.1518  0.1618  1
573:   0.2480  0.1710  0.2660  0.3150  1
574:   0.2600  0.2020  0.3590  0.1790  1
575:   0.1530  0.1460  0.4430  0.2580  1
576:   0.3250  0.1930  0.1980  0.2840  1
577:   0.2100  0.3340  0.2700  0.1860  1
578:   0.2430  0.1450  0.3790  0.2330  1
579:   0.1958  0.2557  0.3067  0.2418  1
580:   0.3440  0.3150  0.1920  0.1490  1
581:   0.2140  0.1630  0.2610  0.3620  1
582:   0.3170  0.2250  0.3070  0.1510  1
583:   0.2633  0.1882  0.2272  0.3213  1
584:   0.3340  0.1860  0.2030  0.2770  1
585:   0.2300  0.2620  0.3140  0.1940  1
586:   0.2440  0.1470  0.3240  0.2850  1
587:   0.2750  0.3090  0.2850  0.1310  1
588:   0.2188  0.2398  0.3846  0.1568  1
589:   0.2870  0.2010  0.2080  0.3040  1
590:   0.2040  0.2380  0.3560  0.2020  1
591:   0.3190  0.1730  0.2380  0.2700  1
592:   0.2280  0.3610  0.2490  0.1620  1
593:   0.2603  0.1582  0.2673  0.3143  1
594:   0.2500  0.2340  0.1640  0.3520  1
595:   0.2140  0.2710  0.2130  0.3020  1
596:   0.2980  0.3090  0.1940  0.1990  1
597:   0.2380  0.2720  0.2030  0.2870  1
598:   0.1738  0.2108  0.2348  0.3806  1
599:   0.1808  0.1179  0.3187  0.3826  1
600:   0.2600  0.2700  0.2470  0.2230  1
601:   0.2980  0.2690  0.2590  0.1740  1
602:   0.2070  0.3210  0.3110  0.1610  1
603:   0.3227  0.3017  0.1758  0.1998  1
604:   0.2860  0.2790  0.1580  0.2770  1
605:   0.2422  0.4775  0.1662  0.1141  1
606:   0.2458  0.1548  0.2018  0.3976  1
607:   0.3423  0.2442  0.2472  0.1662  1
608:   0.3090  0.2880  0.1850  0.2180  1
609:   0.2870  0.2240  0.2090  0.2800  1
610:   0.1972  0.1371  0.4845  0.1812  1
611:   0.2847  0.1658  0.3467  0.2028  1
612:   0.2040  0.2110  0.3410  0.2440  1
613:   0.2670  0.2750  0.2740  0.1840  1
614:   0.2350  0.2470  0.1820  0.3360  1
615:   0.2820  0.4360  0.1750  0.1070  1
616:   0.3150  0.2000  0.3080  0.1770  1
617:   0.2943  0.2533  0.2272  0.2252  1
618:   0.2038  0.2188  0.4645  0.1129  1
619:   0.3480  0.1340  0.2870  0.2310  1
620:   0.2378  0.1648  0.1508  0.4466  1
621:   0.2603  0.2823  0.1952  0.2623  1
622:   0.3263  0.2623  0.2322  0.1792  1
623:   0.2857  0.2278  0.2967  0.1898  1
624:   0.2370  0.2420  0.3870  0.1340  1
625:   0.2312  0.2412  0.2122  0.3153  1
626:   0.1908  0.1878  0.4835  0.1379  1
627:   0.2160  0.3580  0.1360  0.2900  1
628:   0.2540  0.4050  0.1600  0.1810  1
629:   0.2600  0.2110  0.3340  0.1950  1
630:   0.2248  0.3157  0.1928  0.2667  1
631:   0.2368  0.2737  0.1728  0.3167  1
632:   0.2240  0.1700  0.1570  0.4490  1
633:   0.2620  0.2750  0.2430  0.2200  1
634:   0.2420  0.2200  0.4060  0.1320  1
635:   0.2080  0.4220  0.2020  0.1680  1
636:   0.2030  0.2820  0.2710  0.2440  1
637:   0.2170  0.3170  0.2060  0.2600  1
638:   0.1780  0.2310  0.4630  0.1280  1
639:   0.3846  0.2358  0.1708  0.2088  1
640:   0.2298  0.2937  0.2328  0.2438  1
641:   0.3020  0.2130  0.2600  0.2250  1
642:   0.2520  0.1690  0.3880  0.1910  1
643:   0.2122  0.4474  0.1381  0.2022  1
644:   0.2610  0.1570  0.4830  0.0990  1
645:   0.2350  0.2060  0.1870  0.3720  1
646:   0.1890  0.2480  0.3400  0.2230  1
647:   0.1648  0.3996  0.1538  0.2817  1
648:   0.4700  0.2020  0.1460  0.1820  1
649:   0.1880  0.1210  0.3380  0.3530  1
650:   0.2560  0.1580  0.3160  0.2700  1
651:   0.6970  0.1020  0.0770  0.1240  1
652:   0.1728  0.1568  0.1169  0.5534  1
653:   0.1620  0.1600  0.1650  0.5130  1
654:   0.2817  0.2607  0.2088  0.2488  1
655:   0.3860  0.2710  0.1710  0.1720  1
656:   0.1431  0.6296  0.1291  0.0981  1
657:   0.3247  0.2348  0.2318  0.2088  1
658:   0.2760  0.1610  0.1970  0.3660  1
659:   0.2380  0.2630  0.2020  0.2970  1
660:   0.2260  0.3030  0.2150  0.2560  1
661:   0.2757  0.2398  0.3746  0.1099  1
662:   0.2290  0.1950  0.4400  0.1360  1
663:   0.2910  0.3200  0.1960  0.1930  1
664:   0.2240  0.2420  0.2220  0.3120  1
665:   0.2230  0.2560  0.1570  0.3640  1
666:   0.3816  0.2058  0.1369  0.2757  1
667:   0.2420  0.1210  0.3550  0.2820  1
668:   0.4130  0.2320  0.1860  0.1690  1
669:   0.2940  0.1860  0.2060  0.3140  1
670:   0.1870  0.2780  0.2580  0.2770  1
671:   0.1481  0.5586  0.1612  0.1321  1
672:   0.1810  0.1530  0.1470  0.5190  1
673:   0.2310  0.3380  0.2460  0.1850  1
674:   0.2482  0.3704  0.1962  0.1852  1
675:   0.2262  0.4965  0.1121  0.1652  1
676:   0.2760  0.1990  0.4090  0.1160  1
677:   0.2020  0.1510  0.4430  0.2040  1
678:   0.2338  0.2478  0.2717  0.2468  1
679:   0.2420  0.3440  0.1990  0.2150  1
680:   0.2280  0.1770  0.4050  0.1900  1
681:   0.2420  0.3600  0.1480  0.2500  1
682:   0.3457  0.3067  0.2398  0.1079  1
683:   0.2710  0.2480  0.2970  0.1840  1
684:   0.2740  0.2160  0.1130  0.3970  1
685:   0.2278  0.3387  0.2198  0.2138  1
686:   0.2640  0.2780  0.1820  0.2760  1
687:   0.2823  0.3844  0.1552  0.1782  1
688:   0.4080  0.1380  0.2270  0.2270  1
689:   0.1610  0.6350  0.1090  0.0950  1
690:   0.3020  0.2450  0.1830  0.2700  1
691:   0.2408  0.3407  0.1409  0.2777  1
692:   0.1760  0.1640  0.4240  0.2360  1
693:   0.3680  0.1820  0.3010  0.1490  1
694:   0.2000  0.1990  0.2250  0.3760  1
695:   0.2008  0.4965  0.1688  0.1339  1
696:   0.2470  0.1640  0.2940  0.2950  1
697:   0.1890  0.1870  0.2600  0.3640  1
698:   0.2342  0.4234  0.1592  0.1832  1
699:   0.2340  0.4810  0.1400  0.1450  1
700:   0.2713  0.1331  0.3734  0.2222  1
701:   0.2923  0.2663  0.2052  0.2362  1
702:   0.2300  0.2330  0.2340  0.3030  1
703:   0.3090  0.1170  0.3260  0.2480  1
704:   0.2402  0.2112  0.3954  0.1532  1
705:   0.1970  0.1690  0.2180  0.4160  1
706:   0.2370  0.1970  0.3050  0.2610  1
707:   0.3410  0.1980  0.2590  0.2020  1
708:   0.2122  0.1792  0.2533  0.3554  1
709:   0.2310  0.3040  0.2930  0.1720  1
710:   0.1970  0.1920  0.2910  0.3200  1
711:   0.2460  0.2020  0.2150  0.3370  1
712:   0.2503  0.4675  0.1632  0.1191  1
713:   0.2440  0.2780  0.2140  0.2640  1
714:   0.2987  0.1758  0.2787  0.2468  1
715:   0.3140  0.2240  0.2160  0.2460  1
716:   0.2040  0.4450  0.1730  0.1780  1
717:   0.3100  0.1720  0.1570  0.3610  1
718:   0.1850  0.2180  0.3300  0.2670  1
719:   0.2770  0.2130  0.3890  0.1210  1
720:   0.1998  0.1888  0.1948  0.4166  1
721:   0.1972  0.3634  0.2763  0.1632  1
722:   0.3083  0.1181  0.2462  0.3273  1
723:   0.2302  0.2312  0.3343  0.2042  1
724:   0.1592  0.5175  0.1201  0.2032  1
725:   0.2032  0.3313  0.3053  0.1602  1
726:   0.2100  0.2700  0.2940  0.2260  1
727:   0.1948  0.2817  0.2118  0.3117  1
728:   0.3650  0.1650  0.2190  0.2510  1
729:   0.3610  0.2920  0.1940  0.1530  1
730:   0.1970  0.1350  0.2170  0.4510  1
731:   0.2460  0.2290  0.1800  0.3450  1
732:   0.2208  0.1748  0.2308  0.3736  1
733:   0.2062  0.4014  0.1592  0.2332  1
734:   0.3177  0.2088  0.2418  0.2318  1
735:   0.2830  0.1720  0.2870  0.2580  1
736:   0.3193  0.1802  0.2462  0.2543  1
737:   0.1430  0.5450  0.1500  0.1620  1
738:   0.2817  0.2058  0.2627  0.2498  1
739:   0.2780  0.1860  0.1770  0.3590  1
740:   0.2350  0.2390  0.1820  0.3440  1
741:   0.3360  0.2150  0.1990  0.2500  1
742:   0.3504  0.1622  0.3173  0.1702  1
743:   0.1998  0.5534  0.1109  0.1359  1
744:   0.1890  0.4750  0.1460  0.1900  1
745:   0.2192  0.1932  0.3854  0.2022  1
746:   0.2160  0.1590  0.4830  0.1420  1
747:   0.1530  0.1760  0.2200  0.4510  1
748:   0.1840  0.3460  0.2260  0.2440  1
749:   0.1930  0.3740  0.1750  0.2580  1
750:   0.2690  0.2250  0.2810  0.2250  1
751:   0.2827  0.1968  0.1968  0.3237  1
752:   0.2238  0.4106  0.2118  0.1538  1
753:   0.1728  0.3097  0.1768  0.3407  1
754:   0.1700  0.1270  0.3720  0.3310  1
755:   0.2040  0.3260  0.1970  0.2730  1
756:   0.2930  0.1350  0.2930  0.2790  1
757:   0.3190  0.1760  0.2400  0.2650  1
758:   0.1730  0.1350  0.2040  0.4880  1
759:   0.2158  0.2867  0.3007  0.1968  1
760:   0.1760  0.4430  0.2570  0.1240  1
761:   0.2430  0.2110  0.3290  0.2170  1
762:   0.1590  0.1450  0.1180  0.5780  1
763:   0.2680  0.3240  0.2360  0.1720  1
764:   0.2700  0.2020  0.3120  0.2160  1
765:   0.1880  0.1630  0.4960  0.1530  1
766:   0.2570  0.2130  0.1680  0.3620  1
767:   0.1758  0.2338  0.1339  0.4565  1
768:   0.2867  0.1908  0.2098  0.3127  1
769:   0.2092  0.1451  0.4374  0.2082  1
770:   0.2022  0.4324  0.2402  0.1251  1
771:   0.2390  0.3510  0.2510  0.1590  1
772:   0.2660  0.2180  0.3630  0.1530  1
773:   0.2298  0.1369  0.1778  0.4555  1
774:   0.1680  0.1920  0.2430  0.3970  1
775:   0.2330  0.1580  0.4340  0.1750  1
776:   0.2740  0.2370  0.3120  0.1770  1
777:   0.2230  0.2600  0.2680  0.2490  1
778:   0.3160  0.2230  0.2600  0.2010  1
779:   0.2380  0.2760  0.2600  0.2260  1
780:   0.1590  0.4380  0.2590  0.1440  1
781:   0.2442  0.1622  0.3113  0.2823  1

  1:   0.2312  0.3093  0.2032  0.2563  1
  2:   0.2250  0.2910  0.2030  0.2810  1
  3:   0.2550  0.2720  0.2870  0.1860  1
  4:   0.2260  0.4200  0.1970  0.1570  1
  5:   0.2018  0.1568  0.1998  0.4416  1
  6:   0.2713  0.2302  0.2322  0.2663  1
  7:   0.2430  0.2100  0.2720  0.2750  1
  8:   0.3000  0.1820  0.2980  0.2200  1
  9:   0.2000  0.4620  0.1960  0.1420  1
 10:   0.4116  0.1069  0.3756  0.1059  1
 11:   0.2993  0.1572  0.2913  0.2523  1
 12:   0.3240  0.2000  0.2860  0.1900  1
 13:   0.3073  0.2252  0.2973  0.1702  1
 14:   0.1431  0.4985  0.1532  0.2052  1
 15:   0.1180  0.1500  0.1340  0.5980  1
 16:   0.3177  0.1479  0.3237  0.2108  1
 17:   0.2190  0.3540  0.2510  0.1760  1
 18:   0.1600  0.4300  0.1460  0.2640  1
 19:   0.1710  0.4480  0.1720  0.2090  1
 20:   0.2603  0.3383  0.2763  0.1251  1
 21:   0.3544  0.1311  0.3073  0.2072  1
 22:   0.2130  0.3890  0.2160  0.1820  1
 23:   0.2380  0.1470  0.2180  0.3970  1
 24:   0.3360  0.2180  0.2910  0.1550  1
 25:   0.2510  0.2380  0.2610  0.2500  1
 26:   0.2200  0.2800  0.2040  0.2960  1
 27:   0.2400  0.2910  0.2710  0.1980  1
 28:   0.2947  0.1289  0.2707  0.3057  1
 29:   0.1748  0.3916  0.1778  0.2557  1
 30:   0.2320  0.3440  0.2380  0.1860  1
 31:   0.3183  0.2192  0.3023  0.1602  1
 32:   0.1710  0.1660  0.1690  0.4940  1
 33:   0.1880  0.2620  0.1850  0.3650  1
 34:   0.2212  0.3223  0.2012  0.2553  1
 35:   0.1660  0.3760  0.1660  0.2920  1
 36:   0.1720  0.2950  0.1900  0.3430  1
 37:   0.2232  0.2673  0.2132  0.2963  1
 38:   0.2350  0.2990  0.2440  0.2220  1
 39:   0.2947  0.1898  0.2757  0.2398  1
 40:   0.2400  0.1880  0.2730  0.2990  1
 41:   0.3430  0.1950  0.3050  0.1570  1
 42:   0.2212  0.1331  0.2573  0.3884  1
 43:   0.2310  0.4070  0.2200  0.1420  1
 44:   0.2570  0.2940  0.2670  0.1820  1
 45:   0.2450  0.1570  0.2250  0.3730  1
 46:   0.2342  0.1852  0.2673  0.3133  1
 47:   0.2707  0.2847  0.2847  0.1598  1
 48:   0.1140  0.1650  0.1190  0.6020  1
 49:   0.2737  0.3726  0.2637  0.0899  1
 50:   0.2178  0.3387  0.2428  0.2008  1
 51:   0.2680  0.3320  0.2300  0.1700  1
 52:   0.3750  0.1360  0.3600  0.1290  1
 53:   0.2700  0.2840  0.2590  0.1870  1
 54:   0.2460  0.3200  0.2240  0.2100  1
 55:   0.1790  0.1680  0.1890  0.4640  1
 56:   0.1860  0.1160  0.1690  0.5290  1
 57:   0.2927  0.2468  0.2847  0.1758  1
 58:   0.1130  0.1100  0.1060  0.6710  1
 59:   0.2270  0.1440  0.2810  0.3480  1
 60:   0.2408  0.3057  0.2627  0.1908  1
 61:   0.2817  0.2557  0.3027  0.1598  1
 62:   0.3320  0.1060  0.3120  0.2500  1
 63:   0.3113  0.1742  0.3353  0.1792  1
 64:   0.3240  0.2100  0.2910  0.1750  1
 65:   0.2570  0.2550  0.2850  0.2030  1
 66:   0.2563  0.2883  0.2703  0.1852  1
 67:   0.3910  0.1550  0.3370  0.1170  1
 68:   0.2530  0.2490  0.3010  0.1970  1
 69:   0.3744  0.1191  0.3453  0.1612  1
 70:   0.2268  0.2208  0.2108  0.3417  1
 71:   0.3287  0.2098  0.2847  0.1768  1
 72:   0.3480  0.1930  0.2900  0.1690  1
 73:   0.1870  0.2780  0.2040  0.3310  1
 74:   0.2830  0.2880  0.2690  0.1600  1
 75:   0.2270  0.3130  0.2340  0.2260  1
 76:   0.2850  0.2140  0.3290  0.1720  1
 77:   0.2272  0.2112  0.2442  0.3173  1
 78:   0.3037  0.2458  0.3007  0.1499  1
 79:   0.2897  0.1698  0.2348  0.3057  1
 80:   0.2910  0.1920  0.3140  0.2030  1
 81:   0.3894  0.1381  0.3614  0.1111  1
 82:   0.2660  0.1380  0.2480  0.3480  1
 83:   0.3390  0.1330  0.4260  0.1020  1
 84:   0.2690  0.2060  0.2980  0.2270  1
 85:   0.2517  0.1898  0.2488  0.3097  1
 86:   0.2370  0.1300  0.2540  0.3790  1
 87:   0.3670  0.1480  0.3740  0.1110  1
 88:   0.2012  0.2112  0.2092  0.3784  1
 89:   0.2202  0.3574  0.2573  0.1652  1
 90:   0.2797  0.1518  0.2937  0.2747  1
 91:   0.2677  0.2248  0.2677  0.2398  1
 92:   0.2950  0.1230  0.2640  0.3180  1
 93:   0.3070  0.2070  0.3470  0.1390  1
 94:   0.2492  0.3804  0.2452  0.1251  1
 95:   0.2550  0.1960  0.2280  0.3210  1
 96:   0.2040  0.3380  0.2260  0.2320  1
 97:   0.3500  0.1630  0.3180  0.1690  1
 98:   0.2730  0.2400  0.2950  0.1920  1
 99:   0.3430  0.1900  0.3160  0.1510  1
100:   0.2577  0.2817  0.2547  0.2058  1
101:   0.2810  0.2580  0.2970  0.1640  1
102:   0.1810  0.1890  0.1840  0.4460  1
103:   0.1411  0.3403  0.1522  0.3664  1
104:   0.2920  0.1820  0.2990  0.2270  1
105:   0.2400  0.3410  0.2340  0.1850  1
106:   0.2593  0.2513  0.2623  0.2272  1
107:   0.2883  0.1321  0.2823  0.2973  1
108:   0.3120  0.1230  0.2890  0.2760  1
109:   0.2420  0.2970  0.2870  0.1740  1
110:   0.1510  0.5520  0.1410  0.1560  1
111:   0.2020  0.2580  0.2130  0.3270  1
112:   0.1830  0.4090  0.1860  0.2220  1
113:   0.2720  0.1510  0.2640  0.3130  1
114:   0.1870  0.4080  0.2210  0.1840  1
115:   0.3173  0.1451  0.2863  0.2513  1
116:   0.2693  0.1812  0.2543  0.2953  1
117:   0.1578  0.1449  0.1479  0.5495  1
118:   0.1940  0.4520  0.1940  0.1600  1
119:   0.1568  0.2438  0.1668  0.4326  1
120:   0.1391  0.2262  0.1391  0.4955  1
121:   0.2560  0.3130  0.2610  0.1700  1
122:   0.3826  0.1648  0.3477  0.1049  1
123:   0.1650  0.1780  0.1570  0.5000  1
124:   0.3370  0.1640  0.3380  0.1610  1
125:   0.2050  0.1170  0.2130  0.4650  1
126:   0.2783  0.2292  0.2553  0.2372  1
127:   0.3040  0.1740  0.2600  0.2620  1
128:   0.2410  0.1160  0.2200  0.4230  1
129:   0.3790  0.1240  0.3290  0.1680  1
130:   0.3080  0.2890  0.2620  0.1410  1
131:   0.3300  0.1440  0.3560  0.1700  1
132:   0.1430  0.1390  0.1390  0.5790  1
133:   0.1590  0.3900  0.1530  0.2980  1
134:   0.2583  0.2222  0.2603  0.2593  1
135:   0.1670  0.5730  0.1450  0.1150  1
136:   0.2350  0.2130  0.2660  0.2860  1
137:   0.3187  0.1588  0.3257  0.1968  1
138:   0.2200  0.2370  0.2190  0.3240  1
139:   0.2110  0.2740  0.1830  0.3320  1
140:   0.3353  0.1451  0.3784  0.1411  1
141:   0.2122  0.3644  0.1852  0.2382  1
142:   0.1470  0.1450  0.1680  0.5400  1
143:   0.3370  0.1460  0.3410  0.1760  1
144:   0.2368  0.2517  0.2767  0.2348  1
145:   0.1730  0.3900  0.1690  0.2680  1
146:   0.2670  0.3440  0.2420  0.1470  1
147:   0.2340  0.2840  0.2510  0.2310  1
148:   0.2490  0.3210  0.2630  0.1670  1
149:   0.2120  0.1460  0.2050  0.4370  1
150:   0.2122  0.4755  0.2012  0.1111  1
151:   0.2320  0.4000  0.2240  0.1440  1
152:   0.2700  0.2590  0.2750  0.1960  1
153:   0.2660  0.2530  0.2940  0.1870  1
154:   0.2650  0.2120  0.2510  0.2720  1
155:   0.1670  0.1320  0.1760  0.5250  1
156:   0.2820  0.2660  0.2670  0.1850  1
157:   0.2677  0.1868  0.2687  0.2767  1
158:   0.3510  0.1240  0.3250  0.2000  1
159:   0.2190  0.1720  0.2180  0.3910  1
160:   0.2352  0.1822  0.2142  0.3684  1
161:   0.1590  0.3270  0.1520  0.3620  1
162:   0.1950  0.3800  0.1970  0.2280  1
163:   0.1930  0.3890  0.1960  0.2220  1
164:   0.1862  0.0911  0.2212  0.5015  1
165:   0.2800  0.2200  0.2890  0.2110  1
166:   0.2947  0.2138  0.2527  0.2388  1
167:   0.1379  0.1459  0.1199  0.5964  1
168:   0.2432  0.2613  0.2452  0.2503  1
169:   0.3000  0.2240  0.2570  0.2190  1
170:   0.2462  0.4274  0.2132  0.1131  1
171:   0.2292  0.2182  0.2212  0.3313  1
172:   0.2028  0.4416  0.2088  0.1469  1
173:   0.2250  0.2040  0.2020  0.3690  1
174:   0.2667  0.2178  0.3037  0.2118  1
175:   0.2587  0.3477  0.2468  0.1469  1
176:   0.1848  0.4995  0.1888  0.1269  1
177:   0.3410  0.1220  0.4140  0.1230  1
178:   0.3030  0.2230  0.2910  0.1830  1
179:   0.2368  0.1898  0.2428  0.3307  1
180:   0.2750  0.2930  0.2810  0.1510  1
181:   0.1852  0.2302  0.1692  0.4154  1
182:   0.3510  0.0790  0.4670  0.1030  1
183:   0.1700  0.4820  0.1480  0.2000  1
184:   0.2660  0.2910  0.2580  0.1850  1
185:   0.2110  0.2690  0.2120  0.3080  1
186:   0.1968  0.3217  0.2178  0.2637  1
187:   0.2168  0.4036  0.1998  0.1798  1
188:   0.1700  0.2450  0.1810  0.4040  1
189:   0.2370  0.3400  0.2490  0.1740  1
190:   0.2650  0.3140  0.2460  0.1750  1
191:   0.2320  0.2710  0.2180  0.2790  1
192:   0.3350  0.1330  0.3190  0.2130  1
193:   0.2212  0.3313  0.2212  0.2262  1
194:   0.1830  0.2040  0.1910  0.4220  1
