  1:   0.2881  0.2882  0.1720  0.2518  1
  2:   0.2581  0.2855  0.1742  0.2823  1
  3:   0.2126  0.2672  0.3356  0.1846  1
  4:   0.2611  0.4139  0.1632  0.1618  1
  5:   0.2090  0.1602  0.2024  0.4284  1
  6:   0.3023  0.2269  0.2049  0.2659  1
  7:   0.1788  0.2188  0.3364  0.2660  1
  8:   0.2984  0.1800  0.3034  0.2182  1
  9:   0.1864  0.4546  0.2128  0.1462  1
 10:   0.4542  0.1166  0.3148  0.1144  1
 11:   0.2871  0.1647  0.2885  0.2597  1
 12:   0.3636  0.2156  0.2186  0.2022  1
 13:   0.2754  0.2286  0.3201  0.1758  1
 14:   0.1434  0.4801  0.1710  0.2056  1
 15:   0.1122  0.1594  0.1534  0.5751  1
 16:   0.2684  0.1526  0.3642  0.2148  1
 17:   0.2046  0.3661  0.2474  0.1820  1
 18:   0.2186  0.3910  0.1240  0.2664  1
 19:   0.2097  0.4145  0.1718  0.2040  1
 20:   0.2292  0.3410  0.2988  0.1310  1
 21:   0.4340  0.1386  0.2146  0.2128  1
 22:   0.2077  0.3671  0.2460  0.1792  1
 23:   0.2456  0.1552  0.2044  0.3948  1
 24:   0.3333  0.2337  0.2711  0.1619  1
 25:   0.2909  0.2318  0.2332  0.2440  1
 26:   0.2378  0.2757  0.1940  0.2925  1
 27:   0.1936  0.2821  0.3213  0.2030  1
 28:   0.3099  0.1397  0.2315  0.3189  1
 29:   0.2062  0.3774  0.1670  0.2494  1
 30:   0.2290  0.3412  0.2394  0.1904  1
 31:   0.3120  0.2276  0.2918  0.1686  1
 32:   0.1820  0.1746  0.1646  0.4789  1
 33:   0.1932  0.2620  0.1828  0.3620  1
 34:   0.2604  0.3176  0.1614  0.2606  1
 35:   0.1786  0.3674  0.1636  0.2904  1
 36:   0.1678  0.2779  0.2090  0.3453  1
 37:   0.2262  0.2691  0.2074  0.2973  1
 38:   0.2362  0.2797  0.2663  0.2178  1
 39:   0.3515  0.2036  0.1960  0.2490  1
 40:   0.2602  0.1729  0.2835  0.2833  1
 41:   0.3537  0.2017  0.2817  0.1629  1
 42:   0.1879  0.1403  0.2839  0.3880  1
 43:   0.2952  0.3822  0.1746  0.1480  1
 44:   0.2276  0.2923  0.2959  0.1842  1
 45:   0.2634  0.1550  0.1998  0.3818  1
 46:   0.2304  0.1822  0.2832  0.3042  1
 47:   0.2906  0.2790  0.2734  0.1570  1
 48:   0.1232  0.1648  0.1244  0.5877  1
 49:   0.2169  0.3738  0.3148  0.0945  1
 50:   0.1876  0.3307  0.2803  0.2014  1
 51:   0.3157  0.3259  0.1882  0.1702  1
 52:   0.3118  0.1458  0.4050  0.1374  1
 53:   0.2941  0.2737  0.2431  0.1892  1
 54:   0.2626  0.3296  0.1974  0.2104  1
 55:   0.2102  0.1614  0.1776  0.4509  1
 56:   0.2019  0.1211  0.1567  0.5203  1
 57:   0.2849  0.2493  0.2861  0.1798  1
 58:   0.1408  0.1162  0.0966  0.6465  1
 59:   0.2118  0.1508  0.2876  0.3498  1
 60:   0.2150  0.2933  0.2955  0.1962  1
 61:   0.2362  0.2468  0.3532  0.1638  1
 62:   0.3524  0.1116  0.2856  0.2504  1
 63:   0.2402  0.1807  0.3960  0.1831  1
 64:   0.3657  0.2108  0.2499  0.1736  1
 65:   0.2649  0.2457  0.2857  0.2037  1
 66:   0.2671  0.2889  0.2567  0.1873  1
 67:   0.4105  0.1750  0.2874  0.1270  1
 68:   0.1870  0.2376  0.3735  0.2020  1
 69:   0.3417  0.1255  0.3673  0.1655  1
 70:   0.2227  0.2269  0.2231  0.3274  1
 71:   0.3706  0.2187  0.2207  0.1899  1
 72:   0.3572  0.2066  0.2600  0.1762  1
 73:   0.2035  0.2755  0.1889  0.3321  1
 74:   0.2566  0.2803  0.2965  0.1666  1
 75:   0.2120  0.3145  0.2477  0.2258  1
 76:   0.3090  0.2188  0.2980  0.1742  1
 77:   0.2316  0.2204  0.2330  0.3149  1
 78:   0.3321  0.2496  0.2689  0.1494  1
 79:   0.3003  0.1837  0.1973  0.3187  1
 80:   0.2562  0.2050  0.3342  0.2046  1
 81:   0.3659  0.1460  0.3705  0.1176  1
 82:   0.2789  0.1455  0.2317  0.3439  1
 83:   0.1666  0.1412  0.5831  0.1090  1
 84:   0.2304  0.2076  0.3319  0.2300  1
 85:   0.2506  0.1900  0.2504  0.3090  1
 86:   0.2813  0.1354  0.2186  0.3647  1
 87:   0.3736  0.1626  0.3468  0.1170  1
 88:   0.2220  0.2204  0.1876  0.3699  1
 89:   0.2105  0.3393  0.2851  0.1651  1
 90:   0.2479  0.1538  0.3316  0.2667  1
 91:   0.2620  0.2292  0.2612  0.2476  1
 92:   0.2648  0.1300  0.2822  0.3230  1
 93:   0.2668  0.2104  0.3766  0.1462  1
 94:   0.2901  0.3638  0.2149  0.1313  1
 95:   0.2707  0.1983  0.2295  0.3015  1
 96:   0.2046  0.3274  0.2348  0.2332  1
 97:   0.3414  0.1722  0.3102  0.1762  1
 98:   0.2402  0.2518  0.3146  0.1934  1
 99:   0.3199  0.1956  0.3262  0.1582  1
100:   0.2373  0.2825  0.2689  0.2113  1
101:   0.2552  0.2598  0.3162  0.1688  1
102:   0.1710  0.1898  0.1992  0.4401  1
103:   0.1443  0.3333  0.1569  0.3655  1
104:   0.2824  0.1894  0.2878  0.2404  1
105:   0.2288  0.3381  0.2401  0.1930  1
106:   0.2548  0.2513  0.2684  0.2255  1
107:   0.3075  0.1362  0.2701  0.2863  1
108:   0.2844  0.1306  0.3016  0.2834  1
109:   0.1919  0.2958  0.3321  0.1803  1
110:   0.1646  0.5423  0.1384  0.1548  1
111:   0.2219  0.2477  0.2255  0.3049  1
112:   0.1850  0.4000  0.1926  0.2224  1
113:   0.3291  0.1601  0.2069  0.3039  1
114:   0.1806  0.3929  0.2394  0.1870  1
115:   0.3055  0.1541  0.2925  0.2479  1
116:   0.2478  0.1794  0.2849  0.2879  1
117:   0.1782  0.1518  0.1364  0.5337  1
118:   0.1896  0.4478  0.1992  0.1634  1
119:   0.1736  0.2353  0.1678  0.4233  1
120:   0.1552  0.2334  0.1240  0.4873  1
121:   0.2126  0.3066  0.3044  0.1764  1
122:   0.3901  0.1844  0.3118  0.1136  1
123:   0.1832  0.1766  0.1546  0.4855  1
124:   0.3474  0.1697  0.3174  0.1655  1
125:   0.1948  0.1218  0.2250  0.4585  1
126:   0.3250  0.2261  0.2208  0.2281  1
127:   0.3410  0.1886  0.1950  0.2754  1
128:   0.2445  0.1215  0.2309  0.4030  1
129:   0.3666  0.1314  0.3230  0.1790  1
130:   0.3751  0.3011  0.1810  0.1428  1
131:   0.3635  0.1501  0.3155  0.1709  1
132:   0.1692  0.1448  0.1240  0.5621  1
133:   0.1912  0.3748  0.1324  0.3016  1
134:   0.2696  0.2162  0.2626  0.2516  1
135:   0.2066  0.5559  0.1212  0.1164  1
136:   0.2115  0.2121  0.2859  0.2905  1
137:   0.3786  0.1660  0.2480  0.2074  1
138:   0.2685  0.2269  0.1841  0.3205  1
139:   0.2419  0.2811  0.1416  0.3353  1
140:   0.3079  0.1527  0.3896  0.1499  1
141:   0.2276  0.3625  0.1668  0.2430  1
142:   0.1534  0.1482  0.1814  0.5169  1
143:   0.3142  0.1490  0.3600  0.1768  1
144:   0.2136  0.2522  0.2940  0.2402  1
145:   0.1902  0.3607  0.1780  0.2711  1
146:   0.2739  0.3445  0.2334  0.1482  1
147:   0.1978  0.2899  0.2832  0.2292  1
148:   0.2117  0.3222  0.2930  0.1731  1
149:   0.2206  0.1514  0.1912  0.4367  1
150:   0.2262  0.4631  0.1940  0.1166  1
151:   0.2206  0.3881  0.2451  0.1462  1
152:   0.2692  0.2529  0.2821  0.1958  1
153:   0.2046  0.2523  0.3499  0.1932  1
154:   0.2585  0.2154  0.2524  0.2737  1
155:   0.1598  0.1322  0.1924  0.5156  1
156:   0.2469  0.2677  0.2995  0.1859  1
157:   0.3050  0.1848  0.2394  0.2708  1
158:   0.4259  0.1342  0.2256  0.2144  1
159:   0.2187  0.1792  0.2100  0.3921  1
160:   0.2656  0.1868  0.1830  0.3645  1
161:   0.2304  0.3100  0.1270  0.3326  1
162:   0.2043  0.3854  0.1795  0.2309  1
163:   0.1990  0.3777  0.2020  0.2212  1
164:   0.1588  0.0948  0.2522  0.4941  1
165:   0.2825  0.2296  0.2723  0.2156  1
166:   0.3243  0.2100  0.2326  0.2332  1
167:   0.1560  0.1508  0.1140  0.5793  1
168:   0.2401  0.2638  0.2437  0.2524  1
169:   0.3339  0.2225  0.2347  0.2089  1
170:   0.2520  0.4311  0.2000  0.1168  1
171:   0.2162  0.2248  0.2298  0.3291  1
172:   0.1976  0.4376  0.2130  0.1518  1
173:   0.2604  0.2120  0.1616  0.3660  1
174:   0.2422  0.2069  0.3374  0.2135  1
175:   0.2816  0.3369  0.2272  0.1543  1
176:   0.1892  0.4847  0.1944  0.1318  1
177:   0.2622  0.1314  0.4749  0.1316  1
178:   0.3186  0.2274  0.2608  0.1932  1
179:   0.2538  0.1890  0.2256  0.3316  1
180:   0.2491  0.2935  0.3019  0.1555  1
181:   0.1977  0.2293  0.1573  0.4156  1
182:   0.1544  0.0854  0.6478  0.1124  1
183:   0.2116  0.4441  0.1452  0.1990  1
184:   0.2370  0.2966  0.2800  0.1864  1
185:   0.2256  0.2599  0.2187  0.2957  1
186:   0.1828  0.3170  0.2406  0.2596  1
187:   0.2564  0.3910  0.1700  0.1826  1
188:   0.1628  0.2392  0.2020  0.3960  1
189:   0.2273  0.3259  0.2745  0.1723  1
190:   0.2533  0.3255  0.2417  0.1795  1
191:   0.2855  0.2584  0.1832  0.2730  1
192:   0.3320  0.1398  0.3172  0.2110  1
193:   0.2428  0.3169  0.2160  0.2242  1
194:   0.2002  0.1934  0.1964  0.4100  1
195:   0.3918  0.1741  0.2725  0.1617  1
196:   0.2581  0.3377  0.1835  0.2207  1
197:   0.1604  0.2046  0.2325  0.4025  1
198:   0.2256  0.3769  0.1452  0.2523  1
199:   0.2178  0.1122  0.4642  0.2058  1
200:   0.2226  0.2705  0.1676  0.3393  1
201:   0.2760  0.1697  0.4208  0.1335  1
202:   0.2054  0.2931  0.2855  0.2160  1
203:   0.2477  0.1649  0.3617  0.2257  1
204:   0.2393  0.3067  0.2981  0.1559  1
205:   0.2734  0.1856  0.3418  0.1992  1
206:   0.3755  0.1654  0.2861  0.1730  1
207:   0.2770  0.1492  0.2834  0.2904  1
208:   0.2308  0.3418  0.2820  0.1454  1
209:   0.3680  0.1431  0.2233  0.2655  1
210:   0.2626  0.3092  0.2314  0.1968  1
211:   0.3543  0.1770  0.3413  0.1274  1
212:   0.1732  0.3999  0.1602  0.2667  1
213:   0.2563  0.2034  0.1958  0.3445  1
214:   0.4583  0.1692  0.2403  0.1322  1
215:   0.1930  0.2554  0.2072  0.3445  1
216:   0.3131  0.1998  0.2408  0.2463  1
217:   0.2487  0.2945  0.1644  0.2923  1
218:   0.2134  0.1722  0.1508  0.4637  1
219:   0.1836  0.4196  0.2182  0.1786  1
220:   0.3065  0.1748  0.3087  0.2100  1
221:   0.2018  0.1298  0.5209  0.1476  1
222:   0.2743  0.2346  0.1978  0.2933  1
223:   0.2728  0.1814  0.1880  0.3578  1
224:   0.3281  0.1934  0.2837  0.1948  1
225:   0.4359  0.1488  0.2747  0.1406  1
226:   0.2126  0.3556  0.1638  0.2680  1
227:   0.3357  0.1656  0.2737  0.2250  1
228:   0.2280  0.2587  0.2408  0.2725  1
229:   0.2296  0.2332  0.3146  0.2226  1
230:   0.1308  0.5583  0.1330  0.1778  1
231:   0.2778  0.2836  0.2098  0.2288  1
232:   0.2487  0.1154  0.3583  0.2777  1
233:   0.2222  0.4567  0.1478  0.1734  1
234:   0.2959  0.2513  0.1986  0.2543  1
235:   0.2244  0.3119  0.2699  0.1938  1
236:   0.1660  0.2388  0.2411  0.3541  1
237:   0.2872  0.1568  0.3284  0.2276  1
238:   0.2600  0.3281  0.2126  0.1992  1
239:   0.2050  0.3931  0.2326  0.1692  1
240:   0.2028  0.2788  0.2708  0.2476  1
241:   0.3616  0.1930  0.2700  0.1754  1
242:   0.2622  0.1752  0.3325  0.2302  1
243:   0.2378  0.1810  0.2276  0.3536  1
244:   0.3059  0.1680  0.3703  0.1558  1
245:   0.1966  0.3204  0.2124  0.2706  1
246:   0.1846  0.2458  0.2026  0.3670  1
247:   0.2805  0.3235  0.2194  0.1766  1
248:   0.3330  0.3232  0.1710  0.1728  1
249:   0.2600  0.3334  0.2084  0.1982  1
250:   0.1536  0.2080  0.1790  0.4593  1
251:   0.2650  0.2390  0.1698  0.3262  1
252:   0.3894  0.1648  0.2770  0.1688  1
253:   0.2502  0.1752  0.2677  0.3069  1
254:   0.2104  0.4320  0.1456  0.2120  1
255:   0.1938  0.2188  0.4054  0.1820  1
256:   0.2581  0.1567  0.1959  0.3894  1
257:   0.3378  0.2602  0.2038  0.1982  1
258:   0.2118  0.2663  0.2999  0.2220  1
259:   0.3240  0.2851  0.2459  0.1450  1
260:   0.2566  0.1616  0.3132  0.2686  1
261:   0.2941  0.3355  0.1991  0.1713  1
262:   0.2189  0.2649  0.2671  0.2491  1
263:   0.3005  0.3311  0.2285  0.1399  1
264:   0.2384  0.2074  0.3046  0.2496  1
265:   0.3006  0.2580  0.2986  0.1428  1
266:   0.2685  0.2037  0.1857  0.3421  1
267:   0.2358  0.2376  0.3434  0.1832  1
268:   0.2284  0.4612  0.1386  0.1718  1
269:   0.2209  0.3089  0.3475  0.1226  1
270:   0.2482  0.3154  0.3026  0.1338  1
271:   0.2737  0.2441  0.2413  0.2409  1
272:   0.3199  0.2863  0.2386  0.1552  1
273:   0.2793  0.1874  0.2941  0.2392  1
274:   0.1416  0.5823  0.1568  0.1194  1
275:   0.2002  0.3211  0.3361  0.1426  1
276:   0.2607  0.1182  0.2122  0.4089  1
277:   0.1684  0.1694  0.5374  0.1248  1
278:   0.2565  0.2525  0.3927  0.0982  1
279:   0.1804  0.2118  0.2516  0.3562  1
280:   0.2024  0.2478  0.2354  0.3145  1
281:   0.3077  0.3025  0.2605  0.1292  1
282:   0.2884  0.3475  0.1894  0.1746  1
283:   0.1812  0.2172  0.2689  0.3327  1
284:   0.1855  0.1285  0.4594  0.2267  1
285:   0.3373  0.2144  0.2019  0.2464  1
286:   0.2799  0.2367  0.3369  0.1465  1
287:   0.1464  0.2214  0.1930  0.4392  1
288:   0.1654  0.1046  0.6262  0.1038  1
289:   0.2290  0.2847  0.2242  0.2621  1
290:   0.3193  0.2751  0.1844  0.2212  1
291:   0.2106  0.3003  0.1276  0.3615  1
292:   0.2685  0.1602  0.2757  0.2957  1
293:   0.1716  0.4713  0.1440  0.2130  1
294:   0.2975  0.2348  0.2817  0.1860  1
295:   0.1496  0.0940  0.1050  0.6514  1
296:   0.1765  0.1979  0.4056  0.2199  1
297:   0.2144  0.3488  0.2444  0.1924  1
298:   0.3193  0.2277  0.1699  0.2831  1
299:   0.1595  0.1045  0.1263  0.6098  1
300:   0.2039  0.3569  0.2187  0.2205  1
301:   0.2223  0.2287  0.2325  0.3166  1
302:   0.1298  0.1626  0.1208  0.5868  1
303:   0.2866  0.3489  0.1894  0.1751  1
304:   0.3000  0.2360  0.2310  0.2330  1
305:   0.2204  0.2661  0.2178  0.2957  1
306:   0.1639  0.1219  0.3758  0.3384  1
307:   0.2668  0.2334  0.2571  0.2426  1
308:   0.2598  0.2016  0.3142  0.2244  1
309:   0.2589  0.2689  0.3243  0.1480  1
310:   0.2479  0.2883  0.3219  0.1418  1
311:   0.2154  0.1430  0.3737  0.2679  1
312:   0.1960  0.3722  0.2972  0.1346  1
313:   0.2366  0.2150  0.2847  0.2637  1
314:   0.2743  0.1361  0.2921  0.2975  1
315:   0.2313  0.1398  0.3173  0.3115  1
316:   0.2490  0.2648  0.2610  0.2252  1
317:   0.1854  0.3702  0.3124  0.1320  1
318:   0.1896  0.5117  0.1660  0.1326  1
319:   0.2460  0.2616  0.1818  0.3106  1
320:   0.1748  0.1324  0.2580  0.4348  1
321:   0.2403  0.3990  0.1477  0.2131  1
322:   0.3192  0.2436  0.2416  0.1956  1
323:   0.1801  0.2144  0.3625  0.2430  1
324:   0.3807  0.2203  0.2423  0.1567  1
325:   0.2072  0.3969  0.2042  0.1918  1
326:   0.2060  0.1743  0.4786  0.1411  1
327:   0.2452  0.3216  0.1904  0.2428  1
328:   0.3234  0.2654  0.2036  0.2076  1
329:   0.3089  0.1776  0.3094  0.2040  1
330:   0.4311  0.1254  0.2885  0.1550  1
331:   0.2617  0.2073  0.3245  0.2065  1
332:   0.2720  0.3431  0.2317  0.1532  1
333:   0.2478  0.2074  0.3669  0.1780  1
334:   0.2243  0.3950  0.2395  0.1413  1
335:   0.2372  0.2190  0.2759  0.2679  1
336:   0.2689  0.1941  0.3181  0.2189  1
337:   0.1756  0.4108  0.1982  0.2154  1
338:   0.3109  0.1536  0.3585  0.1770  1
339:   0.2952  0.1560  0.2048  0.3440  1
340:   0.2382  0.4105  0.1900  0.1612  1
341:   0.1772  0.1742  0.2196  0.4290  1
342:   0.3776  0.1848  0.2644  0.1732  1
343:   0.2823  0.1843  0.4021  0.1313  1
344:   0.2293  0.4161  0.2102  0.1444  1
345:   0.2388  0.2144  0.3762  0.1706  1
346:   0.2317  0.2730  0.2109  0.2844  1
347:   0.4146  0.1409  0.2085  0.2359  1
348:   0.2040  0.2784  0.1960  0.3216  1
349:   0.1801  0.2495  0.3792  0.1911  1
350:   0.2470  0.2838  0.2124  0.2568  1
351:   0.1950  0.3128  0.2144  0.2778  1
352:   0.2060  0.2876  0.2598  0.2466  1
353:   0.2054  0.1376  0.2634  0.3936  1
354:   0.3357  0.1668  0.3195  0.1780  1
355:   0.2368  0.2905  0.2951  0.1776  1
356:   0.2398  0.2558  0.2276  0.2768  1
357:   0.2676  0.2122  0.2552  0.2650  1
358:   0.2183  0.1925  0.3617  0.2275  1
359:   0.1952  0.1856  0.1634  0.4558  1
360:   0.1937  0.3397  0.1713  0.2953  1
361:   0.2537  0.1595  0.2281  0.3586  1
362:   0.2226  0.3438  0.2322  0.2014  1
363:   0.2202  0.4296  0.2110  0.1392  1
364:   0.2070  0.3330  0.2800  0.1800  1
365:   0.2307  0.3083  0.1905  0.2705  1
366:   0.1930  0.2108  0.2192  0.3770  1
367:   0.2250  0.2626  0.2324  0.2800  1
368:   0.4096  0.1596  0.1576  0.2732  1
369:   0.2264  0.1348  0.2863  0.3525  1
370:   0.2447  0.1443  0.2745  0.3365  1
371:   0.1841  0.1479  0.3643  0.3037  1
372:   0.1989  0.1921  0.2051  0.4038  1
373:   0.2144  0.2306  0.2471  0.3079  1
374:   0.2517  0.2692  0.2558  0.2232  1
375:   0.2850  0.2374  0.2978  0.1798  1
376:   0.2167  0.3299  0.2265  0.2269  1
377:   0.2874  0.2043  0.1457  0.3626  1
378:   0.2957  0.2364  0.2322  0.2358  1
379:   0.1440  0.1890  0.1452  0.5218  1
380:   0.3098  0.1391  0.1651  0.3859  1
381:   0.2336  0.2464  0.2656  0.2544  1
382:   0.2453  0.2111  0.3018  0.2419  1
383:   0.2429  0.1533  0.3368  0.2670  1
384:   0.1578  0.3869  0.1094  0.3459  1
385:   0.3316  0.3024  0.2322  0.1338  1
386:   0.1380  0.1034  0.1102  0.6483  1
387:   0.3417  0.2228  0.1980  0.2376  1
388:   0.1794  0.2282  0.1348  0.4575  1
389:   0.1869  0.2359  0.3752  0.2019  1
390:   0.3935  0.1428  0.2690  0.1946  1
391:   0.2366  0.1932  0.1456  0.4245  1
392:   0.2472  0.1440  0.3707  0.2380  1
393:   0.1568  0.3439  0.1132  0.3861  1
394:   0.4022  0.1408  0.3574  0.0996  1
395:   0.2172  0.2881  0.2863  0.2084  1
396:   0.2350  0.4048  0.2016  0.1586  1
397:   0.1840  0.3975  0.2991  0.1194  1
398:   0.3061  0.2174  0.1894  0.2871  1
399:   0.2312  0.2549  0.1792  0.3347  1
400:   0.1734  0.1604  0.3081  0.3581  1
401:   0.2690  0.3058  0.1566  0.2686  1
402:   0.2403  0.3047  0.2317  0.2233  1
403:   0.2528  0.2927  0.3489  0.1056  1
404:   0.3326  0.1791  0.2936  0.1947  1
405:   0.2787  0.3355  0.2216  0.1642  1
406:   0.3348  0.1642  0.2708  0.2302  1
407:   0.1418  0.2570  0.1412  0.4600  1
408:   0.2638  0.2995  0.2188  0.2178  1
409:   0.2416  0.2946  0.2146  0.2492  1
410:   0.2522  0.2660  0.2734  0.2084  1
411:   0.2313  0.3273  0.3309  0.1104  1
412:   0.3335  0.2669  0.1330  0.2667  1
413:   0.2326  0.2580  0.4050  0.1044  1
414:   0.2766  0.2428  0.1660  0.3146  1
415:   0.3849  0.1376  0.1612  0.3163  1
416:   0.1407  0.5996  0.1393  0.1204  1
417:   0.3815  0.1795  0.1927  0.2463  1
418:   0.3073  0.2320  0.2296  0.2312  1
419:   0.3403  0.1452  0.2899  0.2246  1
420:   0.2128  0.4397  0.2236  0.1240  1
421:   0.3419  0.2269  0.2725  0.1587  1
422:   0.3101  0.1948  0.2979  0.1972  1
423:   0.2526  0.3211  0.2355  0.1908  1
424:   0.2271  0.3894  0.2439  0.1397  1
425:   0.2404  0.2068  0.2889  0.2639  1
426:   0.2797  0.1429  0.1903  0.3870  1
427:   0.3759  0.1608  0.1708  0.2925  1
428:   0.2909  0.2378  0.2180  0.2533  1
429:   0.1666  0.1376  0.3461  0.3497  1
430:   0.3638  0.1970  0.2260  0.2132  1
431:   0.2556  0.3512  0.2482  0.1450  1
432:   0.1762  0.2710  0.2120  0.3408  1
433:   0.2229  0.2777  0.1559  0.3435  1
434:   0.2476  0.3590  0.2084  0.1850  1
435:   0.2417  0.3315  0.2214  0.2054  1
436:   0.2812  0.1921  0.3120  0.2147  1
437:   0.2061  0.3239  0.1557  0.3143  1
438:   0.2032  0.1724  0.1236  0.5008  1
439:   0.3611  0.1757  0.2655  0.1977  1
440:   0.2071  0.1741  0.4709  0.1479  1
441:   0.2244  0.2228  0.2178  0.3349  1
442:   0.2742  0.3472  0.2422  0.1364  1
443:   0.1924  0.2793  0.2921  0.2362  1
444:   0.2030  0.2162  0.1964  0.3844  1
445:   0.3192  0.1180  0.3496  0.2132  1
446:   0.3358  0.2107  0.2682  0.1853  1
447:   0.2198  0.4385  0.1632  0.1786  1
448:   0.2375  0.2601  0.1915  0.3109  1
449:   0.1592  0.2983  0.3229  0.2196  1
450:   0.2220  0.2294  0.4053  0.1432  1
451:   0.1982  0.1574  0.3570  0.2874  1
452:   0.2336  0.1598  0.4355  0.1712  1
453:   0.2030  0.3321  0.2248  0.2402  1
454:   0.2007  0.3343  0.3485  0.1164  1
455:   0.4002  0.1585  0.2188  0.2225  1
456:   0.3273  0.1528  0.2424  0.2775  1
457:   0.2434  0.1880  0.1900  0.3786  1
458:   0.1788  0.1016  0.4807  0.2390  1
459:   0.2581  0.1534  0.2044  0.3841  1
460:   0.2618  0.2981  0.2229  0.2172  1
461:   0.1323  0.6277  0.1345  0.1056  1
462:   0.4458  0.1996  0.2420  0.1126  1
463:   0.2429  0.1482  0.2206  0.3883  1
464:   0.2875  0.1968  0.2129  0.3029  1
465:   0.3509  0.1572  0.3053  0.1866  1
466:   0.2208  0.2145  0.1572  0.4075  1
467:   0.2132  0.1844  0.4196  0.1828  1
468:   0.1904  0.2126  0.2986  0.2984  1
469:   0.2381  0.2062  0.2264  0.3293  1
470:   0.2396  0.2344  0.1550  0.3710  1
471:   0.1694  0.1404  0.5587  0.1314  1
472:   0.1623  0.3099  0.1243  0.4036  1
473:   0.2652  0.3520  0.1696  0.2132  1
474:   0.2298  0.3590  0.2388  0.1724  1
475:   0.3120  0.1786  0.2620  0.2474  1
476:   0.2794  0.1254  0.3135  0.2817  1
477:   0.3045  0.2227  0.2705  0.2023  1
478:   0.1937  0.4953  0.1459  0.1651  1
479:   0.3362  0.1745  0.3262  0.1631  1
480:   0.1716  0.4469  0.1478  0.2336  1
481:   0.2670  0.1992  0.3142  0.2196  1
482:   0.1992  0.2461  0.1528  0.4019  1
483:   0.2619  0.1552  0.3365  0.2464  1
484:   0.4507  0.2404  0.1992  0.1098  1
485:   0.4069  0.1566  0.2856  0.1508  1
486:   0.2222  0.2948  0.2676  0.2154  1
487:   0.2272  0.2480  0.1984  0.3265  1
488:   0.3036  0.1440  0.2326  0.3198  1
489:   0.2396  0.3278  0.2312  0.2014  1
490:   0.2287  0.2467  0.1841  0.3405  1
491:   0.1595  0.2156  0.1283  0.4966  1
492:   0.2803  0.1644  0.3061  0.2492  1
493:   0.3186  0.2170  0.2024  0.2620  1
494:   0.2565  0.1584  0.2152  0.3699  1
495:   0.1656  0.1660  0.5534  0.1150  1
496:   0.3079  0.3165  0.2504  0.1252  1
497:   0.2408  0.4178  0.1808  0.1606  1
498:   0.1676  0.4569  0.2220  0.1536  1
499:   0.1712  0.3011  0.1404  0.3873  1
500:   0.1873  0.1569  0.3049  0.3509  1
501:   0.2619  0.2921  0.2763  0.1697  1
502:   0.2646  0.2022  0.3072  0.2260  1
503:   0.2052  0.4037  0.1790  0.2120  1
504:   0.3367  0.3359  0.1784  0.1490  1
505:   0.2156  0.1502  0.2753  0.3589  1
506:   0.2861  0.2206  0.3015  0.1918  1
507:   0.2242  0.2528  0.2660  0.2570  1
508:   0.2084  0.5003  0.1928  0.0986  1
509:   0.2765  0.1546  0.3611  0.2078  1
510:   0.2410  0.4020  0.2320  0.1250  1
511:   0.1930  0.2250  0.1810  0.4010  1
512:   0.1582  0.6187  0.1160  0.1072  1
513:   0.2425  0.2893  0.3580  0.1102  1
514:   0.2094  0.4386  0.1854  0.1666  1
515:   0.1180  0.1968  0.1136  0.5717  1
516:   0.2516  0.1420  0.3796  0.2268  1
517:   0.3037  0.1228  0.3950  0.1785  1
518:   0.2517  0.4437  0.1686  0.1360  1
519:   0.3798  0.2226  0.2272  0.1704  1
520:   0.2086  0.1938  0.2723  0.3253  1
521:   0.2982  0.3020  0.1754  0.2244  1
522:   0.3505  0.2185  0.2641  0.1669  1
523:   0.2440  0.2336  0.2230  0.2993  1
524:   0.2056  0.1036  0.5580  0.1328  1
525:   0.2451  0.2093  0.1987  0.3469  1
526:   0.1616  0.3804  0.2070  0.2510  1
527:   0.2412  0.3147  0.2204  0.2238  1
528:   0.2170  0.1674  0.1324  0.4832  1
529:   0.2741  0.2416  0.2511  0.2332  1
530:   0.2849  0.2007  0.1745  0.3399  1
531:   0.2926  0.1442  0.2549  0.3083  1
532:   0.1940  0.1398  0.5742  0.0920  1
533:   0.1280  0.6071  0.1268  0.1380  1
534:   0.2611  0.1925  0.1981  0.3483  1
535:   0.1804  0.2705  0.2507  0.2985  1
536:   0.2122  0.3254  0.2644  0.1980  1
537:   0.2229  0.2511  0.1609  0.3651  1
538:   0.2749  0.1927  0.3161  0.2163  1
539:   0.1984  0.3266  0.2038  0.2712  1
540:   0.2090  0.2066  0.2864  0.2981  1
541:   0.3064  0.1594  0.2660  0.2682  1
542:   0.1734  0.1610  0.1628  0.5027  1
543:   0.2138  0.1058  0.1328  0.5476  1
544:   0.2100  0.1608  0.1824  0.4468  1
545:   0.2088  0.2832  0.2268  0.2812  1
546:   0.1588  0.1996  0.1744  0.4672  1
547:   0.2801  0.1999  0.3241  0.1959  1
548:   0.2683  0.2731  0.2243  0.2343  1
549:   0.2856  0.2362  0.2530  0.2252  1
550:   0.2360  0.3537  0.1831  0.2272  1
551:   0.2032  0.1878  0.1716  0.4373  1
552:   0.1882  0.3911  0.1968  0.2238  1
553:   0.2674  0.2462  0.3212  0.1652  1
554:   0.1606  0.1914  0.1002  0.5477  1
555:   0.3101  0.2180  0.2909  0.1810  1
556:   0.1868  0.4595  0.2332  0.1206  1
557:   0.3197  0.2288  0.2358  0.2158  1
558:   0.1998  0.1174  0.2986  0.3842  1
559:   0.3023  0.2491  0.2239  0.2247  1
560:   0.2358  0.1720  0.1416  0.4505  1
561:   0.2929  0.1796  0.3351  0.1924  1
562:   0.1651  0.2463  0.1919  0.3966  1
563:   0.3171  0.1738  0.2655  0.2436  1
564:   0.2543  0.3149  0.2137  0.2171  1
565:   0.2586  0.2339  0.2402  0.2673  1
566:   0.3128  0.2577  0.2451  0.1844  1
567:   0.2508  0.1478  0.3287  0.2727  1
568:   0.2150  0.3599  0.1532  0.2719  1
569:   0.1943  0.3139  0.3439  0.1480  1
570:   0.1803  0.2701  0.2823  0.2673  1
571:   0.2800  0.2366  0.2391  0.2442  1
572:   0.1580  0.5349  0.1516  0.1554  1
573:   0.2805  0.1593  0.2617  0.2985  1
574:   0.2677  0.1960  0.3705  0.1658  1
575:   0.2028  0.1384  0.4081  0.2507  1
576:   0.3429  0.1853  0.1983  0.2735  1
577:   0.2338  0.3413  0.2486  0.1762  1
578:   0.2256  0.1390  0.4010  0.2344  1
579:   0.2162  0.2448  0.2986  0.2404  1
580:   0.3447  0.3105  0.1992  0.1456  1
581:   0.1761  0.1663  0.2811  0.3764  1
582:   0.2752  0.2418  0.3190  0.1640  1
583:   0.2605  0.1841  0.2209  0.3345  1
584:   0.3194  0.1966  0.2000  0.2840  1
585:   0.2566  0.2506  0.3162  0.1766  1
586:   0.2812  0.1374  0.2988  0.2826  1
587:   0.2684  0.3076  0.2978  0.1262  1
588:   0.2686  0.2171  0.3647  0.1496  1
589:   0.2665  0.2038  0.2118  0.3179  1
590:   0.2238  0.2376  0.3438  0.1948  1
591:   0.2945  0.1714  0.2543  0.2797  1
592:   0.2325  0.3543  0.2559  0.1573  1
593:   0.2355  0.1606  0.2757  0.3283  1
594:   0.2122  0.2378  0.1674  0.3825  1
595:   0.1988  0.2780  0.2124  0.3108  1
596:   0.2234  0.3570  0.2124  0.2072  1
597:   0.2300  0.2770  0.2114  0.2816  1
598:   0.2023  0.1983  0.2251  0.3743  1
599:   0.1866  0.1176  0.3116  0.3842  1
600:   0.2366  0.2848  0.2566  0.2220  1
601:   0.3324  0.2552  0.2510  0.1614  1
602:   0.2046  0.3249  0.3119  0.1586  1
603:   0.3047  0.3027  0.1766  0.2160  1
604:   0.2323  0.3140  0.1681  0.2856  1
605:   0.2527  0.4722  0.1663  0.1088  1
606:   0.2300  0.1482  0.2066  0.4152  1
607:   0.4099  0.2107  0.2321  0.1473  1
608:   0.2500  0.3229  0.1967  0.2303  1
609:   0.3074  0.2104  0.1980  0.2842  1
610:   0.2620  0.1274  0.4392  0.1714  1
611:   0.3085  0.1554  0.3375  0.1986  1
612:   0.2360  0.2074  0.3262  0.2304  1
613:   0.2656  0.2686  0.2834  0.1824  1
614:   0.2374  0.2426  0.1924  0.3275  1
615:   0.2652  0.4544  0.1756  0.1048  1
616:   0.3567  0.1846  0.2927  0.1660  1
617:   0.2440  0.2657  0.2563  0.2340  1
618:   0.2431  0.2213  0.4254  0.1102  1
619:   0.3283  0.1309  0.3025  0.2383  1
620:   0.2626  0.1530  0.1492  0.4352  1
621:   0.2372  0.2826  0.2044  0.2758  1
622:   0.3764  0.2379  0.2275  0.1583  1
623:   0.3263  0.2142  0.2757  0.1838  1
624:   0.2501  0.2423  0.3742  0.1335  1
625:   0.2714  0.2229  0.1999  0.3059  1
626:   0.2470  0.1794  0.4450  0.1286  1
627:   0.2010  0.3689  0.1360  0.2941  1
628:   0.2365  0.4141  0.1688  0.1806  1
629:   0.2833  0.2136  0.3141  0.1890  1
630:   0.2299  0.3137  0.1891  0.2673  1
631:   0.1977  0.2745  0.1789  0.3489  1
632:   0.2090  0.1654  0.1568  0.4689  1
633:   0.2839  0.2685  0.2311  0.2165  1
634:   0.2450  0.2250  0.3994  0.1306  1
635:   0.2663  0.3817  0.1976  0.1544  1
636:   0.2366  0.2714  0.2578  0.2342  1
637:   0.1954  0.3373  0.2054  0.2619  1
638:   0.1960  0.2386  0.4416  0.1238  1
639:   0.3442  0.2547  0.1845  0.2165  1
640:   0.2568  0.2780  0.2288  0.2364  1
641:   0.3292  0.2063  0.2439  0.2205  1
642:   0.2422  0.1652  0.4073  0.1852  1
643:   0.1965  0.4558  0.1481  0.1997  1
644:   0.3247  0.1458  0.4371  0.0924  1
645:   0.2092  0.2066  0.1934  0.3908  1
646:   0.2202  0.2418  0.3277  0.2102  1
647:   0.1680  0.4065  0.1558  0.2697  1
648:   0.4540  0.1934  0.1688  0.1838  1
649:   0.2272  0.1132  0.3234  0.3362  1
650:   0.2890  0.1448  0.3154  0.2508  1
651:   0.5203  0.1518  0.1228  0.2051  1
652:   0.1646  0.1516  0.1188  0.5649  1
653:   0.1404  0.1584  0.1740  0.5271  1
654:   0.2834  0.2660  0.2088  0.2418  1
655:   0.3831  0.2695  0.1838  0.1636  1
656:   0.1491  0.6369  0.1222  0.0918  1
657:   0.2663  0.2489  0.2439  0.2409  1
658:   0.2903  0.1488  0.1950  0.3659  1
659:   0.2437  0.2509  0.1941  0.3113  1
660:   0.1794  0.3121  0.2555  0.2530  1
661:   0.2374  0.2472  0.4037  0.1116  1
662:   0.2540  0.1843  0.4315  0.1303  1
663:   0.2925  0.3089  0.2048  0.1938  1
664:   0.2473  0.2397  0.2179  0.2951  1
665:   0.2094  0.2619  0.1606  0.3681  1
666:   0.3056  0.2122  0.1590  0.3232  1
667:   0.2656  0.1196  0.3354  0.2794  1
668:   0.4079  0.2202  0.2016  0.1702  1
669:   0.2771  0.1847  0.2229  0.3153  1
670:   0.1796  0.2817  0.2689  0.2697  1
671:   0.1373  0.5720  0.1661  0.1246  1
672:   0.1585  0.1501  0.1519  0.5394  1
673:   0.2087  0.3475  0.2595  0.1843  1
674:   0.2299  0.3702  0.2057  0.1941  1
675:   0.1932  0.5261  0.1182  0.1624  1
676:   0.2774  0.1940  0.4131  0.1156  1
677:   0.2446  0.1442  0.4202  0.1910  1
678:   0.2464  0.2406  0.2735  0.2396  1
679:   0.2143  0.3595  0.2063  0.2199  1
680:   0.2480  0.1686  0.3901  0.1934  1
681:   0.2139  0.3904  0.1471  0.2487  1
682:   0.3587  0.3043  0.2376  0.0994  1
683:   0.3011  0.2541  0.2670  0.1778  1
684:   0.2261  0.2307  0.1219  0.4214  1
685:   0.2160  0.3538  0.2122  0.2180  1
686:   0.2441  0.2777  0.1887  0.2895  1
687:   0.2409  0.3995  0.1674  0.1922  1
688:   0.4094  0.1302  0.2430  0.2174  1
689:   0.1520  0.6504  0.1080  0.0896  1
690:   0.2887  0.2581  0.1892  0.2639  1
691:   0.1863  0.3639  0.1577  0.2921  1
692:   0.1888  0.1546  0.4340  0.2226  1
693:   0.3689  0.1770  0.3097  0.1444  1
694:   0.1994  0.1958  0.2385  0.3663  1
695:   0.2009  0.5022  0.1713  0.1255  1
696:   0.2492  0.1590  0.2972  0.2946  1
697:   0.2016  0.1800  0.2682  0.3502  1
698:   0.2630  0.4050  0.1547  0.1773  1
699:   0.1934  0.5132  0.1448  0.1486  1
700:   0.3367  0.1207  0.3335  0.2091  1
701:   0.2747  0.2871  0.2029  0.2353  1
702:   0.2491  0.2252  0.2220  0.3037  1
703:   0.2754  0.1194  0.3325  0.2727  1
704:   0.3298  0.1890  0.3440  0.1372  1
705:   0.2054  0.1618  0.2160  0.4168  1
706:   0.2784  0.1896  0.2891  0.2429  1
707:   0.3710  0.1926  0.2482  0.1882  1
708:   0.2121  0.1763  0.2568  0.3548  1
709:   0.2043  0.3143  0.3101  0.1714  1
710:   0.1941  0.1911  0.3113  0.3035  1
711:   0.2335  0.1996  0.2202  0.3467  1
712:   0.2141  0.4963  0.1686  0.1210  1
713:   0.2777  0.2614  0.2068  0.2541  1
714:   0.3213  0.1697  0.2676  0.2414  1
715:   0.3043  0.2330  0.2071  0.2555  1
716:   0.1902  0.4587  0.1824  0.1688  1
717:   0.2662  0.1694  0.1624  0.4020  1
718:   0.2292  0.2018  0.3164  0.2526  1
719:   0.3566  0.1862  0.3464  0.1108  1
720:   0.2098  0.1775  0.1896  0.4231  1
721:   0.2180  0.3590  0.2654  0.1576  1
722:   0.2617  0.1154  0.2651  0.3577  1
723:   0.2735  0.2187  0.3163  0.1915  1
724:   0.1523  0.5260  0.1204  0.2013  1
725:   0.2052  0.3258  0.3098  0.1592  1
726:   0.2265  0.2685  0.2969  0.2081  1
727:   0.1816  0.2858  0.2162  0.3164  1
728:   0.4071  0.1418  0.2066  0.2446  1
729:   0.3419  0.2905  0.2122  0.1554  1
730:   0.2030  0.1330  0.2156  0.4485  1
731:   0.2248  0.2326  0.1746  0.3680  1
732:   0.2315  0.1721  0.2229  0.3734  1
733:   0.2024  0.4130  0.1554  0.2292  1
734:   0.2915  0.2181  0.2629  0.2275  1
735:   0.3355  0.1566  0.2714  0.2366  1
736:   0.3185  0.1731  0.2415  0.2669  1
737:   0.1360  0.5627  0.1480  0.1532  1
738:   0.3017  0.1914  0.2639  0.2430  1
739:   0.2314  0.1870  0.1900  0.3916  1
740:   0.2384  0.2338  0.1856  0.3422  1
741:   0.3003  0.2204  0.2022  0.2771  1
742:   0.3890  0.1583  0.2942  0.1585  1
743:   0.1544  0.5934  0.1136  0.1386  1
744:   0.1819  0.4796  0.1437  0.1947  1
745:   0.3037  0.1707  0.3531  0.1725  1
746:   0.3037  0.1516  0.4161  0.1286  1
747:   0.1678  0.1734  0.2142  0.4446  1
748:   0.1996  0.3504  0.2200  0.2300  1
749:   0.2116  0.3623  0.1728  0.2534  1
750:   0.2621  0.2284  0.2795  0.2300  1
751:   0.2533  0.1938  0.2140  0.3389  1
752:   0.2483  0.4151  0.1916  0.1450  1
753:   0.1733  0.3047  0.1799  0.3421  1
754:   0.1925  0.1244  0.3597  0.3233  1
755:   0.1966  0.3167  0.2108  0.2759  1
756:   0.3843  0.1126  0.2568  0.2464  1
757:   0.3009  0.1724  0.2472  0.2795  1
758:   0.1606  0.1330  0.2051  0.5013  1
759:   0.2432  0.2885  0.2807  0.1876  1
760:   0.1904  0.4371  0.2559  0.1166  1
761:   0.2476  0.2032  0.3216  0.2276  1
762:   0.1436  0.1444  0.1296  0.5823  1
763:   0.2953  0.2987  0.2456  0.1604  1
764:   0.3042  0.1916  0.2960  0.2082  1
765:   0.2330  0.1552  0.4632  0.1486  1
766:   0.2589  0.2092  0.1730  0.3589  1
767:   0.1471  0.2321  0.1417  0.4790  1
768:   0.2624  0.1894  0.2114  0.3368  1
769:   0.2495  0.1383  0.4016  0.2107  1
770:   0.2393  0.4201  0.2217  0.1189  1
771:   0.2608  0.3371  0.2479  0.1542  1
772:   0.2858  0.2060  0.3628  0.1454  1
773:   0.1967  0.1340  0.1921  0.4772  1
774:   0.1698  0.1844  0.2514  0.3944  1
775:   0.2896  0.1502  0.3955  0.1646  1
776:   0.2766  0.2264  0.3248  0.1722  1
777:   0.2112  0.2566  0.2822  0.2500  1
778:   0.2811  0.2477  0.2657  0.2054  1
779:   0.2192  0.2771  0.2827  0.2210  1
780:   0.1674  0.4395  0.2548  0.1382  1
781:   0.2342  0.1584  0.3264  0.2810  1
