  1:   0.2518  0.2881  0.1720  0.2882  1
  2:   0.2823  0.2581  0.1742  0.2855  1
  3:   0.1846  0.2126  0.3356  0.2672  1
  4:   0.1618  0.2611  0.1632  0.4139  1
  5:   0.4284  0.2090  0.2024  0.1602  1
  6:   0.2659  0.3023  0.2049  0.2269  1
  7:   0.2660  0.1788  0.3364  0.2188  1
  8:   0.2182  0.2984  0.3034  0.1800  1
  9:   0.1462  0.1864  0.2128  0.4546  1
 10:   0.1144  0.4542  0.3148  0.1166  1
 11:   0.2597  0.2871  0.2885  0.1647  1
 12:   0.2022  0.3636  0.2186  0.2156  1
 13:   0.1758  0.2754  0.3201  0.2286  1
 14:   0.2056  0.1434  0.1710  0.4801  1
 15:   0.5751  0.1122  0.1534  0.1594  1
 16:   0.2148  0.2684  0.3642  0.1526  1
 17:   0.1820  0.2046  0.2474  0.3661  1
 18:   0.2664  0.2186  0.1240  0.3910  1
 19:   0.2040  0.2097  0.1718  0.4145  1
 20:   0.1310  0.2292  0.2988  0.3410  1
 21:   0.2128  0.4340  0.2146  0.1386  1
 22:   0.1792  0.2077  0.2460  0.3671  1
 23:   0.3948  0.2456  0.2044  0.1552  1
 24:   0.1619  0.3333  0.2711  0.2337  1
 25:   0.2440  0.2909  0.2332  0.2318  1
 26:   0.2925  0.2378  0.1940  0.2757  1
 27:   0.2030  0.1936  0.3213  0.2821  1
 28:   0.3189  0.3099  0.2315  0.1397  1
 29:   0.2494  0.2062  0.1670  0.3774  1
 30:   0.1904  0.2290  0.2394  0.3412  1
 31:   0.1686  0.3120  0.2918  0.2276  1
 32:   0.4789  0.1820  0.1646  0.1746  1
 33:   0.3620  0.1932  0.1828  0.2620  1
 34:   0.2606  0.2604  0.1614  0.3176  1
 35:   0.2904  0.1786  0.1636  0.3674  1
 36:   0.3453  0.1678  0.2090  0.2779  1
 37:   0.2973  0.2262  0.2074  0.2691  1
 38:   0.2178  0.2362  0.2663  0.2797  1
 39:   0.2490  0.3515  0.1960  0.2036  1
 40:   0.2833  0.2602  0.2835  0.1729  1
 41:   0.1629  0.3537  0.2817  0.2017  1
 42:   0.3880  0.1879  0.2839  0.1403  1
 43:   0.1480  0.2952  0.1746  0.3822  1
 44:   0.1842  0.2276  0.2959  0.2923  1
 45:   0.3818  0.2634  0.1998  0.1550  1
 46:   0.3042  0.2304  0.2832  0.1822  1
 47:   0.1570  0.2906  0.2734  0.2790  1
 48:   0.5877  0.1232  0.1244  0.1648  1
 49:   0.0945  0.2169  0.3148  0.3738  1
 50:   0.2014  0.1876  0.2803  0.3307  1
 51:   0.1702  0.3157  0.1882  0.3259  1
 52:   0.1374  0.3118  0.4050  0.1458  1
 53:   0.1892  0.2941  0.2431  0.2737  1
 54:   0.2104  0.2626  0.1974  0.3296  1
 55:   0.4509  0.2102  0.1776  0.1614  1
 56:   0.5203  0.2019  0.1567  0.1211  1
 57:   0.1798  0.2849  0.2861  0.2493  1
 58:   0.6465  0.1408  0.0966  0.1162  1
 59:   0.3498  0.2118  0.2876  0.1508  1
 60:   0.1962  0.2150  0.2955  0.2933  1
 61:   0.1638  0.2362  0.3532  0.2468  1
 62:   0.2504  0.3524  0.2856  0.1116  1
 63:   0.1831  0.2402  0.3960  0.1807  1
 64:   0.1736  0.3657  0.2499  0.2108  1
 65:   0.2037  0.2649  0.2857  0.2457  1
 66:   0.1873  0.2671  0.2567  0.2889  1
 67:   0.1270  0.4105  0.2874  0.1750  1
 68:   0.2020  0.1870  0.3735  0.2376  1
 69:   0.1655  0.3417  0.3673  0.1255  1
 70:   0.3274  0.2227  0.2231  0.2269  1
 71:   0.1899  0.3706  0.2207  0.2187  1
 72:   0.1762  0.3572  0.2600  0.2066  1
 73:   0.3321  0.2035  0.1889  0.2755  1
 74:   0.1666  0.2566  0.2965  0.2803  1
 75:   0.2258  0.2120  0.2477  0.3145  1
 76:   0.1742  0.3090  0.2980  0.2188  1
 77:   0.3149  0.2316  0.2330  0.2204  1
 78:   0.1494  0.3321  0.2689  0.2496  1
 79:   0.3187  0.3003  0.1973  0.1837  1
 80:   0.2046  0.2562  0.3342  0.2050  1
 81:   0.1176  0.3659  0.3705  0.1460  1
 82:   0.3439  0.2789  0.2317  0.1455  1
 83:   0.1090  0.1666  0.5831  0.1412  1
 84:   0.2300  0.2304  0.3319  0.2076  1
 85:   0.3090  0.2506  0.2504  0.1900  1
 86:   0.3647  0.2813  0.2186  0.1354  1
 87:   0.1170  0.3736  0.3468  0.1626  1
 88:   0.3699  0.2220  0.1876  0.2204  1
 89:   0.1651  0.2105  0.2851  0.3393  1
 90:   0.2667  0.2479  0.3316  0.1538  1
 91:   0.2476  0.2620  0.2612  0.2292  1
 92:   0.3230  0.2648  0.2822  0.1300  1
 93:   0.1462  0.2668  0.3766  0.2104  1
 94:   0.1313  0.2901  0.2149  0.3638  1
 95:   0.3015  0.2707  0.2295  0.1983  1
 96:   0.2332  0.2046  0.2348  0.3274  1
 97:   0.1762  0.3414  0.3102  0.1722  1
 98:   0.1934  0.2402  0.3146  0.2518  1
 99:   0.1582  0.3199  0.3262  0.1956  1
100:   0.2113  0.2373  0.2689  0.2825  1
101:   0.1688  0.2552  0.3162  0.2598  1
102:   0.4401  0.1710  0.1992  0.1898  1
103:   0.3655  0.1443  0.1569  0.3333  1
104:   0.2404  0.2824  0.2878  0.1894  1
105:   0.1930  0.2288  0.2401  0.3381  1
106:   0.2255  0.2548  0.2684  0.2513  1
107:   0.2863  0.3075  0.2701  0.1362  1
108:   0.2834  0.2844  0.3016  0.1306  1
109:   0.1803  0.1919  0.3321  0.2958  1
110:   0.1548  0.1646  0.1384  0.5423  1
111:   0.3049  0.2219  0.2255  0.2477  1
112:   0.2224  0.1850  0.1926  0.4000  1
113:   0.3039  0.3291  0.2069  0.1601  1
114:   0.1870  0.1806  0.2394  0.3929  1
115:   0.2479  0.3055  0.2925  0.1541  1
116:   0.2879  0.2478  0.2849  0.1794  1
117:   0.5337  0.1782  0.1364  0.1518  1
118:   0.1634  0.1896  0.1992  0.4478  1
119:   0.4233  0.1736  0.1678  0.2353  1
120:   0.4873  0.1552  0.1240  0.2334  1
121:   0.1764  0.2126  0.3044  0.3066  1
122:   0.1136  0.3901  0.3118  0.1844  1
123:   0.4855  0.1832  0.1546  0.1766  1
124:   0.1655  0.3474  0.3174  0.1697  1
125:   0.4585  0.1948  0.2250  0.1218  1
126:   0.2281  0.3250  0.2208  0.2261  1
127:   0.2754  0.3410  0.1950  0.1886  1
128:   0.4030  0.2445  0.2309  0.1215  1
129:   0.1790  0.3666  0.3230  0.1314  1
130:   0.1428  0.3751  0.1810  0.3011  1
131:   0.1709  0.3635  0.3155  0.1501  1
132:   0.5621  0.1692  0.1240  0.1448  1
133:   0.3016  0.1912  0.1324  0.3748  1
134:   0.2516  0.2696  0.2626  0.2162  1
135:   0.1164  0.2066  0.1212  0.5559  1
136:   0.2905  0.2115  0.2859  0.2121  1
137:   0.2074  0.3786  0.2480  0.1660  1
138:   0.3205  0.2685  0.1841  0.2269  1
139:   0.3353  0.2419  0.1416  0.2811  1
140:   0.1499  0.3079  0.3896  0.1527  1
141:   0.2430  0.2276  0.1668  0.3625  1
142:   0.5169  0.1534  0.1814  0.1482  1
143:   0.1768  0.3142  0.3600  0.1490  1
144:   0.2402  0.2136  0.2940  0.2522  1
145:   0.2711  0.1902  0.1780  0.3607  1
146:   0.1482  0.2739  0.2334  0.3445  1
147:   0.2292  0.1978  0.2832  0.2899  1
148:   0.1731  0.2117  0.2930  0.3222  1
149:   0.4367  0.2206  0.1912  0.1514  1
150:   0.1166  0.2262  0.1940  0.4631  1
151:   0.1462  0.2206  0.2451  0.3881  1
152:   0.1958  0.2692  0.2821  0.2529  1
153:   0.1932  0.2046  0.3499  0.2523  1
154:   0.2737  0.2585  0.2524  0.2154  1
155:   0.5156  0.1598  0.1924  0.1322  1
156:   0.1859  0.2469  0.2995  0.2677  1
157:   0.2708  0.3050  0.2394  0.1848  1
158:   0.2144  0.4259  0.2256  0.1342  1
159:   0.3921  0.2187  0.2100  0.1792  1
160:   0.3645  0.2656  0.1830  0.1868  1
161:   0.3326  0.2304  0.1270  0.3100  1
162:   0.2309  0.2043  0.1795  0.3854  1
163:   0.2212  0.1990  0.2020  0.3777  1
164:   0.4941  0.1588  0.2522  0.0948  1
165:   0.2156  0.2825  0.2723  0.2296  1
166:   0.2332  0.3243  0.2326  0.2100  1
167:   0.5793  0.1560  0.1140  0.1508  1
168:   0.2524  0.2401  0.2437  0.2638  1
169:   0.2089  0.3339  0.2347  0.2225  1
170:   0.1168  0.2520  0.2000  0.4311  1
171:   0.3291  0.2162  0.2298  0.2248  1
172:   0.1518  0.1976  0.2130  0.4376  1
173:   0.3660  0.2604  0.1616  0.2120  1
174:   0.2135  0.2422  0.3374  0.2069  1
175:   0.1543  0.2816  0.2272  0.3369  1
176:   0.1318  0.1892  0.1944  0.4847  1
177:   0.1316  0.2622  0.4749  0.1314  1
178:   0.1932  0.3186  0.2608  0.2274  1
179:   0.3316  0.2538  0.2256  0.1890  1
180:   0.1555  0.2491  0.3019  0.2935  1
181:   0.4156  0.1977  0.1573  0.2293  1
182:   0.1124  0.1544  0.6478  0.0854  1
183:   0.1990  0.2116  0.1452  0.4441  1
184:   0.1864  0.2370  0.2800  0.2966  1
185:   0.2957  0.2256  0.2187  0.2599  1
186:   0.2596  0.1828  0.2406  0.3170  1
187:   0.1826  0.2564  0.1700  0.3910  1
188:   0.3960  0.1628  0.2020  0.2392  1
189:   0.1723  0.2273  0.2745  0.3259  1
190:   0.1795  0.2533  0.2417  0.3255  1
191:   0.2730  0.2855  0.1832  0.2584  1
192:   0.2110  0.3320  0.3172  0.1398  1
193:   0.2242  0.2428  0.2160  0.3169  1
194:   0.4100  0.2002  0.1964  0.1934  1
195:   0.1617  0.3918  0.2725  0.1741  1
196:   0.2207  0.2581  0.1835  0.3377  1
197:   0.4025  0.1604  0.2325  0.2046  1
198:   0.2523  0.2256  0.1452  0.3769  1
199:   0.2058  0.2178  0.4642  0.1122  1
200:   0.3393  0.2226  0.1676  0.2705  1
201:   0.1335  0.2760  0.4208  0.1697  1
202:   0.2160  0.2054  0.2855  0.2931  1
203:   0.2257  0.2477  0.3617  0.1649  1
204:   0.1559  0.2393  0.2981  0.3067  1
205:   0.1992  0.2734  0.3418  0.1856  1
206:   0.1730  0.3755  0.2861  0.1654  1
207:   0.2904  0.2770  0.2834  0.1492  1
208:   0.1454  0.2308  0.2820  0.3418  1
209:   0.2655  0.3680  0.2233  0.1431  1
210:   0.1968  0.2626  0.2314  0.3092  1
211:   0.1274  0.3543  0.3413  0.1770  1
212:   0.2667  0.1732  0.1602  0.3999  1
213:   0.3445  0.2563  0.1958  0.2034  1
214:   0.1322  0.4583  0.2403  0.1692  1
215:   0.3445  0.1930  0.2072  0.2554  1
216:   0.2463  0.3131  0.2408  0.1998  1
217:   0.2923  0.2487  0.1644  0.2945  1
218:   0.4637  0.2134  0.1508  0.1722  1
219:   0.1786  0.1836  0.2182  0.4196  1
220:   0.2100  0.3065  0.3087  0.1748  1
221:   0.1476  0.2018  0.5209  0.1298  1
222:   0.2933  0.2743  0.1978  0.2346  1
223:   0.3578  0.2728  0.1880  0.1814  1
224:   0.1948  0.3281  0.2837  0.1934  1
225:   0.1406  0.4359  0.2747  0.1488  1
226:   0.2680  0.2126  0.1638  0.3556  1
227:   0.2250  0.3357  0.2737  0.1656  1
228:   0.2725  0.2280  0.2408  0.2587  1
229:   0.2226  0.2296  0.3146  0.2332  1
230:   0.1778  0.1308  0.1330  0.5583  1
231:   0.2288  0.2778  0.2098  0.2836  1
232:   0.2777  0.2487  0.3583  0.1154  1
233:   0.1734  0.2222  0.1478  0.4567  1
234:   0.2543  0.2959  0.1986  0.2513  1
235:   0.1938  0.2244  0.2699  0.3119  1
236:   0.3541  0.1660  0.2411  0.2388  1
237:   0.2276  0.2872  0.3284  0.1568  1
238:   0.1992  0.2600  0.2126  0.3281  1
239:   0.1692  0.2050  0.2326  0.3931  1
240:   0.2476  0.2028  0.2708  0.2788  1
241:   0.1754  0.3616  0.2700  0.1930  1
242:   0.2302  0.2622  0.3325  0.1752  1
243:   0.3536  0.2378  0.2276  0.1810  1
244:   0.1558  0.3059  0.3703  0.1680  1
245:   0.2706  0.1966  0.2124  0.3204  1
246:   0.3670  0.1846  0.2026  0.2458  1
247:   0.1766  0.2805  0.2194  0.3235  1
248:   0.1728  0.3330  0.1710  0.3232  1
249:   0.1982  0.2600  0.2084  0.3334  1
250:   0.4593  0.1536  0.1790  0.2080  1
251:   0.3262  0.2650  0.1698  0.2390  1
252:   0.1688  0.3894  0.2770  0.1648  1
253:   0.3069  0.2502  0.2677  0.1752  1
254:   0.2120  0.2104  0.1456  0.4320  1
255:   0.1820  0.1938  0.4054  0.2188  1
256:   0.3894  0.2581  0.1959  0.1567  1
257:   0.1982  0.3378  0.2038  0.2602  1
258:   0.2220  0.2118  0.2999  0.2663  1
259:   0.1450  0.3240  0.2459  0.2851  1
260:   0.2686  0.2566  0.3132  0.1616  1
261:   0.1713  0.2941  0.1991  0.3355  1
262:   0.2491  0.2189  0.2671  0.2649  1
263:   0.1399  0.3005  0.2285  0.3311  1
264:   0.2496  0.2384  0.3046  0.2074  1
265:   0.1428  0.3006  0.2986  0.2580  1
266:   0.3421  0.2685  0.1857  0.2037  1
267:   0.1832  0.2358  0.3434  0.2376  1
268:   0.1718  0.2284  0.1386  0.4612  1
269:   0.1226  0.2209  0.3475  0.3089  1
270:   0.1338  0.2482  0.3026  0.3154  1
271:   0.2409  0.2737  0.2413  0.2441  1
272:   0.1552  0.3199  0.2386  0.2863  1
273:   0.2392  0.2793  0.2941  0.1874  1
274:   0.1194  0.1416  0.1568  0.5823  1
275:   0.1426  0.2002  0.3361  0.3211  1
276:   0.4089  0.2607  0.2122  0.1182  1
277:   0.1248  0.1684  0.5374  0.1694  1
278:   0.0982  0.2565  0.3927  0.2525  1
279:   0.3562  0.1804  0.2516  0.2118  1
280:   0.3145  0.2024  0.2354  0.2478  1
281:   0.1292  0.3077  0.2605  0.3025  1
282:   0.1746  0.2884  0.1894  0.3475  1
283:   0.3327  0.1812  0.2689  0.2172  1
284:   0.2267  0.1855  0.4594  0.1285  1
285:   0.2464  0.3373  0.2019  0.2144  1
286:   0.1465  0.2799  0.3369  0.2367  1
287:   0.4392  0.1464  0.1930  0.2214  1
288:   0.1038  0.1654  0.6262  0.1046  1
289:   0.2621  0.2290  0.2242  0.2847  1
290:   0.2212  0.3193  0.1844  0.2751  1
291:   0.3615  0.2106  0.1276  0.3003  1
292:   0.2957  0.2685  0.2757  0.1602  1
293:   0.2130  0.1716  0.1440  0.4713  1
294:   0.1860  0.2975  0.2817  0.2348  1
295:   0.6514  0.1496  0.1050  0.0940  1
296:   0.2199  0.1765  0.4056  0.1979  1
297:   0.1924  0.2144  0.2444  0.3488  1
298:   0.2831  0.3193  0.1699  0.2277  1
299:   0.6098  0.1595  0.1263  0.1045  1
300:   0.2205  0.2039  0.2187  0.3569  1
301:   0.3166  0.2223  0.2325  0.2287  1
302:   0.5868  0.1298  0.1208  0.1626  1
303:   0.1751  0.2866  0.1894  0.3489  1
304:   0.2330  0.3000  0.2310  0.2360  1
305:   0.2957  0.2204  0.2178  0.2661  1
306:   0.3384  0.1639  0.3758  0.1219  1
307:   0.2426  0.2668  0.2571  0.2334  1
308:   0.2244  0.2598  0.3142  0.2016  1
309:   0.1480  0.2589  0.3243  0.2689  1
310:   0.1418  0.2479  0.3219  0.2883  1
311:   0.2679  0.2154  0.3737  0.1430  1
312:   0.1346  0.1960  0.2972  0.3722  1
313:   0.2637  0.2366  0.2847  0.2150  1
314:   0.2975  0.2743  0.2921  0.1361  1
315:   0.3115  0.2313  0.3173  0.1398  1
316:   0.2252  0.2490  0.2610  0.2648  1
317:   0.1320  0.1854  0.3124  0.3702  1
318:   0.1326  0.1896  0.1660  0.5117  1
319:   0.3106  0.2460  0.1818  0.2616  1
320:   0.4348  0.1748  0.2580  0.1324  1
321:   0.2131  0.2403  0.1477  0.3990  1
322:   0.1956  0.3192  0.2416  0.2436  1
323:   0.2430  0.1801  0.3625  0.2144  1
324:   0.1567  0.3807  0.2423  0.2203  1
325:   0.1918  0.2072  0.2042  0.3969  1
326:   0.1411  0.2060  0.4786  0.1743  1
327:   0.2428  0.2452  0.1904  0.3216  1
328:   0.2076  0.3234  0.2036  0.2654  1
329:   0.2040  0.3089  0.3094  0.1776  1
330:   0.1550  0.4311  0.2885  0.1254  1
331:   0.2065  0.2617  0.3245  0.2073  1
332:   0.1532  0.2720  0.2317  0.3431  1
333:   0.1780  0.2478  0.3669  0.2074  1
334:   0.1413  0.2243  0.2395  0.3950  1
335:   0.2679  0.2372  0.2759  0.2190  1
336:   0.2189  0.2689  0.3181  0.1941  1
337:   0.2154  0.1756  0.1982  0.4108  1
338:   0.1770  0.3109  0.3585  0.1536  1
339:   0.3440  0.2952  0.2048  0.1560  1
340:   0.1612  0.2382  0.1900  0.4105  1
341:   0.4290  0.1772  0.2196  0.1742  1
342:   0.1732  0.3776  0.2644  0.1848  1
343:   0.1313  0.2823  0.4021  0.1843  1
344:   0.1444  0.2293  0.2102  0.4161  1
345:   0.1706  0.2388  0.3762  0.2144  1
346:   0.2844  0.2317  0.2109  0.2730  1
347:   0.2359  0.4146  0.2085  0.1409  1
348:   0.3216  0.2040  0.1960  0.2784  1
349:   0.1911  0.1801  0.3792  0.2495  1
350:   0.2568  0.2470  0.2124  0.2838  1
351:   0.2778  0.1950  0.2144  0.3128  1
352:   0.2466  0.2060  0.2598  0.2876  1
353:   0.3936  0.2054  0.2634  0.1376  1
354:   0.1780  0.3357  0.3195  0.1668  1
355:   0.1776  0.2368  0.2951  0.2905  1
356:   0.2768  0.2398  0.2276  0.2558  1
357:   0.2650  0.2676  0.2552  0.2122  1
358:   0.2275  0.2183  0.3617  0.1925  1
359:   0.4558  0.1952  0.1634  0.1856  1
360:   0.2953  0.1937  0.1713  0.3397  1
361:   0.3586  0.2537  0.2281  0.1595  1
362:   0.2014  0.2226  0.2322  0.3438  1
363:   0.1392  0.2202  0.2110  0.4296  1
364:   0.1800  0.2070  0.2800  0.3330  1
365:   0.2705  0.2307  0.1905  0.3083  1
366:   0.3770  0.1930  0.2192  0.2108  1
367:   0.2800  0.2250  0.2324  0.2626  1
368:   0.2732  0.4096  0.1576  0.1596  1
369:   0.3525  0.2264  0.2863  0.1348  1
370:   0.3365  0.2447  0.2745  0.1443  1
371:   0.3037  0.1841  0.3643  0.1479  1
372:   0.4038  0.1989  0.2051  0.1921  1
373:   0.3079  0.2144  0.2471  0.2306  1
374:   0.2232  0.2517  0.2558  0.2692  1
375:   0.1798  0.2850  0.2978  0.2374  1
376:   0.2269  0.2167  0.2265  0.3299  1
377:   0.3626  0.2874  0.1457  0.2043  1
378:   0.2358  0.2957  0.2322  0.2364  1
379:   0.5218  0.1440  0.1452  0.1890  1
380:   0.3859  0.3098  0.1651  0.1391  1
381:   0.2544  0.2336  0.2656  0.2464  1
382:   0.2419  0.2453  0.3018  0.2111  1
383:   0.2670  0.2429  0.3368  0.1533  1
384:   0.3459  0.1578  0.1094  0.3869  1
385:   0.1338  0.3316  0.2322  0.3024  1
386:   0.6483  0.1380  0.1102  0.1034  1
387:   0.2376  0.3417  0.1980  0.2228  1
388:   0.4575  0.1794  0.1348  0.2282  1
389:   0.2019  0.1869  0.3752  0.2359  1
390:   0.1946  0.3935  0.2690  0.1428  1
391:   0.4245  0.2366  0.1456  0.1932  1
392:   0.2380  0.2472  0.3707  0.1440  1
393:   0.3861  0.1568  0.1132  0.3439  1
394:   0.0996  0.4022  0.3574  0.1408  1
395:   0.2084  0.2172  0.2863  0.2881  1
396:   0.1586  0.2350  0.2016  0.4048  1
397:   0.1194  0.1840  0.2991  0.3975  1
398:   0.2871  0.3061  0.1894  0.2174  1
399:   0.3347  0.2312  0.1792  0.2549  1
400:   0.3581  0.1734  0.3081  0.1604  1
401:   0.2686  0.2690  0.1566  0.3058  1
402:   0.2233  0.2403  0.2317  0.3047  1
403:   0.1056  0.2528  0.3489  0.2927  1
404:   0.1947  0.3326  0.2936  0.1791  1
405:   0.1642  0.2787  0.2216  0.3355  1
406:   0.2302  0.3348  0.2708  0.1642  1
407:   0.4600  0.1418  0.1412  0.2570  1
408:   0.2178  0.2638  0.2188  0.2995  1
409:   0.2492  0.2416  0.2146  0.2946  1
410:   0.2084  0.2522  0.2734  0.2660  1
411:   0.1104  0.2313  0.3309  0.3273  1
412:   0.2667  0.3335  0.1330  0.2669  1
413:   0.1044  0.2326  0.4050  0.2580  1
414:   0.3146  0.2766  0.1660  0.2428  1
415:   0.3163  0.3849  0.1612  0.1376  1
416:   0.1204  0.1407  0.1393  0.5996  1
417:   0.2463  0.3815  0.1927  0.1795  1
418:   0.2312  0.3073  0.2296  0.2320  1
419:   0.2246  0.3403  0.2899  0.1452  1
420:   0.1240  0.2128  0.2236  0.4397  1
421:   0.1587  0.3419  0.2725  0.2269  1
422:   0.1972  0.3101  0.2979  0.1948  1
423:   0.1908  0.2526  0.2355  0.3211  1
424:   0.1397  0.2271  0.2439  0.3894  1
425:   0.2639  0.2404  0.2889  0.2068  1
426:   0.3870  0.2797  0.1903  0.1429  1
427:   0.2925  0.3759  0.1708  0.1608  1
428:   0.2533  0.2909  0.2180  0.2378  1
429:   0.3497  0.1666  0.3461  0.1376  1
430:   0.2132  0.3638  0.2260  0.1970  1
431:   0.1450  0.2556  0.2482  0.3512  1
432:   0.3408  0.1762  0.2120  0.2710  1
433:   0.3435  0.2229  0.1559  0.2777  1
434:   0.1850  0.2476  0.2084  0.3590  1
435:   0.2054  0.2417  0.2214  0.3315  1
436:   0.2147  0.2812  0.3120  0.1921  1
437:   0.3143  0.2061  0.1557  0.3239  1
438:   0.5008  0.2032  0.1236  0.1724  1
439:   0.1977  0.3611  0.2655  0.1757  1
440:   0.1479  0.2071  0.4709  0.1741  1
441:   0.3349  0.2244  0.2178  0.2228  1
442:   0.1364  0.2742  0.2422  0.3472  1
443:   0.2362  0.1924  0.2921  0.2793  1
444:   0.3844  0.2030  0.1964  0.2162  1
445:   0.2132  0.3192  0.3496  0.1180  1
446:   0.1853  0.3358  0.2682  0.2107  1
447:   0.1786  0.2198  0.1632  0.4385  1
448:   0.3109  0.2375  0.1915  0.2601  1
449:   0.2196  0.1592  0.3229  0.2983  1
450:   0.1432  0.2220  0.4053  0.2294  1
451:   0.2874  0.1982  0.3570  0.1574  1
452:   0.1712  0.2336  0.4355  0.1598  1
453:   0.2402  0.2030  0.2248  0.3321  1
454:   0.1164  0.2007  0.3485  0.3343  1
455:   0.2225  0.4002  0.2188  0.1585  1
456:   0.2775  0.3273  0.2424  0.1528  1
457:   0.3786  0.2434  0.1900  0.1880  1
458:   0.2390  0.1788  0.4807  0.1016  1
459:   0.3841  0.2581  0.2044  0.1534  1
460:   0.2172  0.2618  0.2229  0.2981  1
461:   0.1056  0.1323  0.1345  0.6277  1
462:   0.1126  0.4458  0.2420  0.1996  1
463:   0.3883  0.2429  0.2206  0.1482  1
464:   0.3029  0.2875  0.2129  0.1968  1
465:   0.1866  0.3509  0.3053  0.1572  1
466:   0.4075  0.2208  0.1572  0.2145  1
467:   0.1828  0.2132  0.4196  0.1844  1
468:   0.2984  0.1904  0.2986  0.2126  1
469:   0.3293  0.2381  0.2264  0.2062  1
470:   0.3710  0.2396  0.1550  0.2344  1
471:   0.1314  0.1694  0.5587  0.1404  1
472:   0.4036  0.1623  0.1243  0.3099  1
473:   0.2132  0.2652  0.1696  0.3520  1
474:   0.1724  0.2298  0.2388  0.3590  1
475:   0.2474  0.3120  0.2620  0.1786  1
476:   0.2817  0.2794  0.3135  0.1254  1
477:   0.2023  0.3045  0.2705  0.2227  1
478:   0.1651  0.1937  0.1459  0.4953  1
479:   0.1631  0.3362  0.3262  0.1745  1
480:   0.2336  0.1716  0.1478  0.4469  1
481:   0.2196  0.2670  0.3142  0.1992  1
482:   0.4019  0.1992  0.1528  0.2461  1
483:   0.2464  0.2619  0.3365  0.1552  1
484:   0.1098  0.4507  0.1992  0.2404  1
485:   0.1508  0.4069  0.2856  0.1566  1
486:   0.2154  0.2222  0.2676  0.2948  1
487:   0.3265  0.2272  0.1984  0.2480  1
488:   0.3198  0.3036  0.2326  0.1440  1
489:   0.2014  0.2396  0.2312  0.3278  1
490:   0.3405  0.2287  0.1841  0.2467  1
491:   0.4966  0.1595  0.1283  0.2156  1
492:   0.2492  0.2803  0.3061  0.1644  1
493:   0.2620  0.3186  0.2024  0.2170  1
494:   0.3699  0.2565  0.2152  0.1584  1
495:   0.1150  0.1656  0.5534  0.1660  1
496:   0.1252  0.3079  0.2504  0.3165  1
497:   0.1606  0.2408  0.1808  0.4178  1
498:   0.1536  0.1676  0.2220  0.4569  1
499:   0.3873  0.1712  0.1404  0.3011  1
500:   0.3509  0.1873  0.3049  0.1569  1
501:   0.1697  0.2619  0.2763  0.2921  1
502:   0.2260  0.2646  0.3072  0.2022  1
503:   0.2120  0.2052  0.1790  0.4037  1
504:   0.1490  0.3367  0.1784  0.3359  1
505:   0.3589  0.2156  0.2753  0.1502  1
506:   0.1918  0.2861  0.3015  0.2206  1
507:   0.2570  0.2242  0.2660  0.2528  1
508:   0.0986  0.2084  0.1928  0.5003  1
509:   0.2078  0.2765  0.3611  0.1546  1
510:   0.1250  0.2410  0.2320  0.4020  1
511:   0.4010  0.1930  0.1810  0.2250  1
512:   0.1072  0.1582  0.1160  0.6187  1
513:   0.1102  0.2425  0.3580  0.2893  1
514:   0.1666  0.2094  0.1854  0.4386  1
515:   0.5717  0.1180  0.1136  0.1968  1
516:   0.2268  0.2516  0.3796  0.1420  1
517:   0.1785  0.3037  0.3950  0.1228  1
518:   0.1360  0.2517  0.1686  0.4437  1
519:   0.1704  0.3798  0.2272  0.2226  1
520:   0.3253  0.2086  0.2723  0.1938  1
521:   0.2244  0.2982  0.1754  0.3020  1
522:   0.1669  0.3505  0.2641  0.2185  1
523:   0.2993  0.2440  0.2230  0.2336  1
524:   0.1328  0.2056  0.5580  0.1036  1
525:   0.3469  0.2451  0.1987  0.2093  1
526:   0.2510  0.1616  0.2070  0.3804  1
527:   0.2238  0.2412  0.2204  0.3147  1
528:   0.4832  0.2170  0.1324  0.1674  1
529:   0.2332  0.2741  0.2511  0.2416  1
530:   0.3399  0.2849  0.1745  0.2007  1
531:   0.3083  0.2926  0.2549  0.1442  1
532:   0.0920  0.1940  0.5742  0.1398  1
533:   0.1380  0.1280  0.1268  0.6071  1
534:   0.3483  0.2611  0.1981  0.1925  1
535:   0.2985  0.1804  0.2507  0.2705  1
536:   0.1980  0.2122  0.2644  0.3254  1
537:   0.3651  0.2229  0.1609  0.2511  1
538:   0.2163  0.2749  0.3161  0.1927  1
539:   0.2712  0.1984  0.2038  0.3266  1
540:   0.2981  0.2090  0.2864  0.2066  1
541:   0.2682  0.3064  0.2660  0.1594  1
542:   0.5027  0.1734  0.1628  0.1610  1
543:   0.5476  0.2138  0.1328  0.1058  1
544:   0.4468  0.2100  0.1824  0.1608  1
545:   0.2812  0.2088  0.2268  0.2832  1
546:   0.4672  0.1588  0.1744  0.1996  1
547:   0.1959  0.2801  0.3241  0.1999  1
548:   0.2343  0.2683  0.2243  0.2731  1
549:   0.2252  0.2856  0.2530  0.2362  1
550:   0.2272  0.2360  0.1831  0.3537  1
551:   0.4373  0.2032  0.1716  0.1878  1
552:   0.2238  0.1882  0.1968  0.3911  1
553:   0.1652  0.2674  0.3212  0.2462  1
554:   0.5477  0.1606  0.1002  0.1914  1
555:   0.1810  0.3101  0.2909  0.2180  1
556:   0.1206  0.1868  0.2332  0.4595  1
557:   0.2158  0.3197  0.2358  0.2288  1
558:   0.3842  0.1998  0.2986  0.1174  1
559:   0.2247  0.3023  0.2239  0.2491  1
560:   0.4505  0.2358  0.1416  0.1720  1
561:   0.1924  0.2929  0.3351  0.1796  1
562:   0.3966  0.1651  0.1919  0.2463  1
563:   0.2436  0.3171  0.2655  0.1738  1
564:   0.2171  0.2543  0.2137  0.3149  1
565:   0.2673  0.2586  0.2402  0.2339  1
566:   0.1844  0.3128  0.2451  0.2577  1
567:   0.2727  0.2508  0.3287  0.1478  1
568:   0.2719  0.2150  0.1532  0.3599  1
569:   0.1480  0.1943  0.3439  0.3139  1
570:   0.2673  0.1803  0.2823  0.2701  1
571:   0.2442  0.2800  0.2391  0.2366  1
572:   0.1554  0.1580  0.1516  0.5349  1
573:   0.2985  0.2805  0.2617  0.1593  1
574:   0.1658  0.2677  0.3705  0.1960  1
575:   0.2507  0.2028  0.4081  0.1384  1
576:   0.2735  0.3429  0.1983  0.1853  1
577:   0.1762  0.2338  0.2486  0.3413  1
578:   0.2344  0.2256  0.4010  0.1390  1
579:   0.2404  0.2162  0.2986  0.2448  1
580:   0.1456  0.3447  0.1992  0.3105  1
581:   0.3764  0.1761  0.2811  0.1663  1
582:   0.1640  0.2752  0.3190  0.2418  1
583:   0.3345  0.2605  0.2209  0.1841  1
584:   0.2840  0.3194  0.2000  0.1966  1
585:   0.1766  0.2566  0.3162  0.2506  1
586:   0.2826  0.2812  0.2988  0.1374  1
587:   0.1262  0.2684  0.2978  0.3076  1
588:   0.1496  0.2686  0.3647  0.2171  1
589:   0.3179  0.2665  0.2118  0.2038  1
590:   0.1948  0.2238  0.3438  0.2376  1
591:   0.2797  0.2945  0.2543  0.1714  1
592:   0.1573  0.2325  0.2559  0.3543  1
593:   0.3283  0.2355  0.2757  0.1606  1
594:   0.3825  0.2122  0.1674  0.2378  1
595:   0.3108  0.1988  0.2124  0.2780  1
596:   0.2072  0.2234  0.2124  0.3570  1
597:   0.2816  0.2300  0.2114  0.2770  1
598:   0.3743  0.2023  0.2251  0.1983  1
599:   0.3842  0.1866  0.3116  0.1176  1
600:   0.2220  0.2366  0.2566  0.2848  1
601:   0.1614  0.3324  0.2510  0.2552  1
602:   0.1586  0.2046  0.3119  0.3249  1
603:   0.2160  0.3047  0.1766  0.3027  1
604:   0.2856  0.2323  0.1681  0.3140  1
605:   0.1088  0.2527  0.1663  0.4722  1
606:   0.4152  0.2300  0.2066  0.1482  1
607:   0.1473  0.4099  0.2321  0.2107  1
608:   0.2303  0.2500  0.1967  0.3229  1
609:   0.2842  0.3074  0.1980  0.2104  1
610:   0.1714  0.2620  0.4392  0.1274  1
611:   0.1986  0.3085  0.3375  0.1554  1
612:   0.2304  0.2360  0.3262  0.2074  1
613:   0.1824  0.2656  0.2834  0.2686  1
614:   0.3275  0.2374  0.1924  0.2426  1
615:   0.1048  0.2652  0.1756  0.4544  1
616:   0.1660  0.3567  0.2927  0.1846  1
617:   0.2340  0.2440  0.2563  0.2657  1
618:   0.1102  0.2431  0.4254  0.2213  1
619:   0.2383  0.3283  0.3025  0.1309  1
620:   0.4352  0.2626  0.1492  0.1530  1
621:   0.2758  0.2372  0.2044  0.2826  1
622:   0.1583  0.3764  0.2275  0.2379  1
623:   0.1838  0.3263  0.2757  0.2142  1
624:   0.1335  0.2501  0.3742  0.2423  1
625:   0.3059  0.2714  0.1999  0.2229  1
626:   0.1286  0.2470  0.4450  0.1794  1
627:   0.2941  0.2010  0.1360  0.3689  1
628:   0.1806  0.2365  0.1688  0.4141  1
629:   0.1890  0.2833  0.3141  0.2136  1
630:   0.2673  0.2299  0.1891  0.3137  1
631:   0.3489  0.1977  0.1789  0.2745  1
632:   0.4689  0.2090  0.1568  0.1654  1
633:   0.2165  0.2839  0.2311  0.2685  1
634:   0.1306  0.2450  0.3994  0.2250  1
635:   0.1544  0.2663  0.1976  0.3817  1
636:   0.2342  0.2366  0.2578  0.2714  1
637:   0.2619  0.1954  0.2054  0.3373  1
638:   0.1238  0.1960  0.4416  0.2386  1
639:   0.2165  0.3442  0.1845  0.2547  1
640:   0.2364  0.2568  0.2288  0.2780  1
641:   0.2205  0.3292  0.2439  0.2063  1
642:   0.1852  0.2422  0.4073  0.1652  1
643:   0.1997  0.1965  0.1481  0.4558  1
644:   0.0924  0.3247  0.4371  0.1458  1
645:   0.3908  0.2092  0.1934  0.2066  1
646:   0.2102  0.2202  0.3277  0.2418  1
647:   0.2697  0.1680  0.1558  0.4065  1
648:   0.1838  0.4540  0.1688  0.1934  1
649:   0.3362  0.2272  0.3234  0.1132  1
650:   0.2508  0.2890  0.3154  0.1448  1
651:   0.2051  0.5203  0.1228  0.1518  1
652:   0.5649  0.1646  0.1188  0.1516  1
653:   0.5271  0.1404  0.1740  0.1584  1
654:   0.2418  0.2834  0.2088  0.2660  1
655:   0.1636  0.3831  0.1838  0.2695  1
656:   0.0918  0.1491  0.1222  0.6369  1
657:   0.2409  0.2663  0.2439  0.2489  1
658:   0.3659  0.2903  0.1950  0.1488  1
659:   0.3113  0.2437  0.1941  0.2509  1
660:   0.2530  0.1794  0.2555  0.3121  1
661:   0.1116  0.2374  0.4037  0.2472  1
662:   0.1303  0.2540  0.4315  0.1843  1
663:   0.1938  0.2925  0.2048  0.3089  1
664:   0.2951  0.2473  0.2179  0.2397  1
665:   0.3681  0.2094  0.1606  0.2619  1
666:   0.3232  0.3056  0.1590  0.2122  1
667:   0.2794  0.2656  0.3354  0.1196  1
668:   0.1702  0.4079  0.2016  0.2202  1
669:   0.3153  0.2771  0.2229  0.1847  1
670:   0.2697  0.1796  0.2689  0.2817  1
671:   0.1246  0.1373  0.1661  0.5720  1
672:   0.5394  0.1585  0.1519  0.1501  1
673:   0.1843  0.2087  0.2595  0.3475  1
674:   0.1941  0.2299  0.2057  0.3702  1
675:   0.1624  0.1932  0.1182  0.5261  1
676:   0.1156  0.2774  0.4131  0.1940  1
677:   0.1910  0.2446  0.4202  0.1442  1
678:   0.2396  0.2464  0.2735  0.2406  1
679:   0.2199  0.2143  0.2063  0.3595  1
680:   0.1934  0.2480  0.3901  0.1686  1
681:   0.2487  0.2139  0.1471  0.3904  1
682:   0.0994  0.3587  0.2376  0.3043  1
683:   0.1778  0.3011  0.2670  0.2541  1
684:   0.4214  0.2261  0.1219  0.2307  1
685:   0.2180  0.2160  0.2122  0.3538  1
686:   0.2895  0.2441  0.1887  0.2777  1
687:   0.1922  0.2409  0.1674  0.3995  1
688:   0.2174  0.4094  0.2430  0.1302  1
689:   0.0896  0.1520  0.1080  0.6504  1
690:   0.2639  0.2887  0.1892  0.2581  1
691:   0.2921  0.1863  0.1577  0.3639  1
692:   0.2226  0.1888  0.4340  0.1546  1
693:   0.1444  0.3689  0.3097  0.1770  1
694:   0.3663  0.1994  0.2385  0.1958  1
695:   0.1255  0.2009  0.1713  0.5022  1
696:   0.2946  0.2492  0.2972  0.1590  1
697:   0.3502  0.2016  0.2682  0.1800  1
698:   0.1773  0.2630  0.1547  0.4050  1
699:   0.1486  0.1934  0.1448  0.5132  1
700:   0.2091  0.3367  0.3335  0.1207  1
701:   0.2353  0.2747  0.2029  0.2871  1
702:   0.3037  0.2491  0.2220  0.2252  1
703:   0.2727  0.2754  0.3325  0.1194  1
704:   0.1372  0.3298  0.3440  0.1890  1
705:   0.4168  0.2054  0.2160  0.1618  1
706:   0.2429  0.2784  0.2891  0.1896  1
707:   0.1882  0.3710  0.2482  0.1926  1
708:   0.3548  0.2121  0.2568  0.1763  1
709:   0.1714  0.2043  0.3101  0.3143  1
710:   0.3035  0.1941  0.3113  0.1911  1
711:   0.3467  0.2335  0.2202  0.1996  1
712:   0.1210  0.2141  0.1686  0.4963  1
713:   0.2541  0.2777  0.2068  0.2614  1
714:   0.2414  0.3213  0.2676  0.1697  1
715:   0.2555  0.3043  0.2071  0.2330  1
716:   0.1688  0.1902  0.1824  0.4587  1
717:   0.4020  0.2662  0.1624  0.1694  1
718:   0.2526  0.2292  0.3164  0.2018  1
719:   0.1108  0.3566  0.3464  0.1862  1
720:   0.4231  0.2098  0.1896  0.1775  1
721:   0.1576  0.2180  0.2654  0.3590  1
722:   0.3577  0.2617  0.2651  0.1154  1
723:   0.1915  0.2735  0.3163  0.2187  1
724:   0.2013  0.1523  0.1204  0.5260  1
725:   0.1592  0.2052  0.3098  0.3258  1
726:   0.2081  0.2265  0.2969  0.2685  1
727:   0.3164  0.1816  0.2162  0.2858  1
728:   0.2446  0.4071  0.2066  0.1418  1
729:   0.1554  0.3419  0.2122  0.2905  1
730:   0.4485  0.2030  0.2156  0.1330  1
731:   0.3680  0.2248  0.1746  0.2326  1
732:   0.3734  0.2315  0.2229  0.1721  1
733:   0.2292  0.2024  0.1554  0.4130  1
734:   0.2275  0.2915  0.2629  0.2181  1
735:   0.2366  0.3355  0.2714  0.1566  1
736:   0.2669  0.3185  0.2415  0.1731  1
737:   0.1532  0.1360  0.1480  0.5627  1
738:   0.2430  0.3017  0.2639  0.1914  1
739:   0.3916  0.2314  0.1900  0.1870  1
740:   0.3422  0.2384  0.1856  0.2338  1
741:   0.2771  0.3003  0.2022  0.2204  1
742:   0.1585  0.3890  0.2942  0.1583  1
743:   0.1386  0.1544  0.1136  0.5934  1
744:   0.1947  0.1819  0.1437  0.4796  1
745:   0.1725  0.3037  0.3531  0.1707  1
746:   0.1286  0.3037  0.4161  0.1516  1
747:   0.4446  0.1678  0.2142  0.1734  1
748:   0.2300  0.1996  0.2200  0.3504  1
749:   0.2534  0.2116  0.1728  0.3623  1
750:   0.2300  0.2621  0.2795  0.2284  1
751:   0.3389  0.2533  0.2140  0.1938  1
752:   0.1450  0.2483  0.1916  0.4151  1
753:   0.3421  0.1733  0.1799  0.3047  1
754:   0.3233  0.1925  0.3597  0.1244  1
755:   0.2759  0.1966  0.2108  0.3167  1
756:   0.2464  0.3843  0.2568  0.1126  1
757:   0.2795  0.3009  0.2472  0.1724  1
758:   0.5013  0.1606  0.2051  0.1330  1
759:   0.1876  0.2432  0.2807  0.2885  1
760:   0.1166  0.1904  0.2559  0.4371  1
761:   0.2276  0.2476  0.3216  0.2032  1
762:   0.5823  0.1436  0.1296  0.1444  1
763:   0.1604  0.2953  0.2456  0.2987  1
764:   0.2082  0.3042  0.2960  0.1916  1
765:   0.1486  0.2330  0.4632  0.1552  1
766:   0.3589  0.2589  0.1730  0.2092  1
767:   0.4790  0.1471  0.1417  0.2321  1
768:   0.3368  0.2624  0.2114  0.1894  1
769:   0.2107  0.2495  0.4016  0.1383  1
770:   0.1189  0.2393  0.2217  0.4201  1
771:   0.1542  0.2608  0.2479  0.3371  1
772:   0.1454  0.2858  0.3628  0.2060  1
773:   0.4772  0.1967  0.1921  0.1340  1
774:   0.3944  0.1698  0.2514  0.1844  1
775:   0.1646  0.2896  0.3955  0.1502  1
776:   0.1722  0.2766  0.3248  0.2264  1
777:   0.2500  0.2112  0.2822  0.2566  1
778:   0.2054  0.2811  0.2657  0.2477  1
779:   0.2210  0.2192  0.2827  0.2771  1
780:   0.1382  0.1674  0.2548  0.4395  1
781:   0.2810  0.2342  0.3264  0.1584  1
