1:    0.333 0.265 0.164 0.239 1    
2:    0.272 0.272 0.170 0.286 1    
3:    0.210 0.259 0.353 0.177 1    
4:    0.255 0.416 0.165 0.165 1    
5:    0.232 0.161 0.186 0.420 1    
6:    0.296 0.228 0.196 0.281 1    
7:    0.182 0.230 0.332 0.256 1    
8:    0.283 0.181 0.316 0.220 1    
9:    0.180 0.455 0.212 0.154 1    
10:   0.403 0.128 0.352 0.117 1    
11:   0.248 0.178 0.296 0.278 1    
12:   0.308 0.239 0.238 0.215 1    
13:   0.248 0.236 0.331 0.185 1    
14:   0.165 0.462 0.164 0.210 1    
15:   0.128 0.167 0.147 0.559 1    
16:   0.266 0.155 0.355 0.223 1    
17:   0.189 0.378 0.244 0.190 1    
18:   0.287 0.334 0.117 0.262 1    
19:   0.273 0.372 0.165 0.189 1    
20:   0.210 0.342 0.310 0.138 1    
21:   0.439 0.145 0.203 0.213 1    
22:   0.259 0.336 0.227 0.179 1    
23:   0.214 0.169 0.212 0.405 1    
24:   0.259 0.271 0.297 0.174 1    
25:   0.349 0.226 0.205 0.219 1    
26:   0.254 0.269 0.193 0.284 1    
27:   0.197 0.274 0.323 0.206 1    
28:   0.263 0.159 0.245 0.333 1    
29:   0.253 0.352 0.158 0.237 1    
30:   0.230 0.343 0.238 0.189 1    
31:   0.270 0.244 0.308 0.178 1    
32:   0.186 0.181 0.160 0.474 1    
33:   0.188 0.265 0.180 0.368 1    
34:   0.267 0.311 0.157 0.266 1    
35:   0.201 0.354 0.158 0.288 1    
36:   0.202 0.253 0.199 0.345 1    
37:   0.215 0.264 0.212 0.309 1    
38:   0.261 0.260 0.262 0.217 1    
39:   0.337 0.217 0.202 0.243 1    
40:   0.347 0.148 0.246 0.260 1    
41:   0.314 0.213 0.301 0.171 1    
42:   0.173 0.145 0.291 0.391 1    
43:   0.348 0.340 0.161 0.150 1    
44:   0.225 0.292 0.288 0.195 1    
45:   0.244 0.151 0.206 0.398 1    
46:   0.263 0.176 0.281 0.280 1    
47:   0.343 0.267 0.245 0.145 1    
48:   0.142 0.162 0.127 0.569 1    
49:   0.200 0.383 0.315 0.102 1    
50:   0.204 0.321 0.277 0.197 1    
51:   0.325 0.322 0.187 0.167 1    
52:   0.259 0.163 0.421 0.157 1    
53:   0.325 0.254 0.229 0.192 1    
54:   0.245 0.352 0.191 0.212 1    
55:   0.266 0.153 0.173 0.409 1    
56:   0.205 0.126 0.157 0.511 1    
57:   0.276 0.251 0.282 0.191 1    
58:   0.166 0.118 0.092 0.624 1    
59:   0.226 0.155 0.274 0.344 1    
60:   0.214 0.284 0.295 0.207 1    
61:   0.260 0.231 0.337 0.172 1    
62:   0.340 0.117 0.294 0.249 1    
63:   0.213 0.187 0.407 0.192 1    
64:   0.391 0.207 0.241 0.161 1    
65:   0.295 0.234 0.277 0.194 1    
66:   0.260 0.288 0.272 0.179 1    
67:   0.322 0.208 0.330 0.140 1    
68:   0.189 0.230 0.372 0.209 1    
69:   0.317 0.133 0.367 0.182 1    
70:   0.230 0.229 0.215 0.326 1    
71:   0.324 0.234 0.233 0.209 1    
72:   0.289 0.237 0.279 0.195 1    
73:   0.220 0.271 0.179 0.329 1    
74:   0.268 0.273 0.284 0.175 1    
75:   0.186 0.325 0.261 0.228 1    
76:   0.317 0.220 0.297 0.166 1    
77:   0.225 0.234 0.236 0.305 1    
78:   0.356 0.239 0.260 0.145 1    
79:   0.238 0.206 0.205 0.352 1    
80:   0.234 0.213 0.349 0.205 1    
81:   0.309 0.154 0.413 0.124 1    
82:   0.266 0.155 0.237 0.342 1    
83:   0.139 0.152 0.591 0.119 1    
84:   0.227 0.204 0.335 0.234 1    
85:   0.233 0.193 0.261 0.313 1    
86:   0.321 0.137 0.214 0.328 1    
87:   0.317 0.177 0.383 0.123 1    
88:   0.235 0.228 0.183 0.354 1    
89:   0.240 0.320 0.276 0.164 1    
90:   0.279 0.154 0.309 0.259 1    
91:   0.248 0.232 0.261 0.258 1    
92:   0.248 0.135 0.272 0.345 1    
93:   0.229 0.211 0.405 0.155 1    
94:   0.328 0.343 0.195 0.135 1    
95:   0.289 0.198 0.219 0.295 1    
96:   0.202 0.315 0.243 0.240 1    
97:   0.280 0.191 0.339 0.190 1    
98:   0.221 0.263 0.321 0.195 1    
99:   0.276 0.205 0.348 0.171 1    
100:  0.205 0.295 0.280 0.221 1    
101:  0.237 0.262 0.323 0.179 1    
102:  0.186 0.184 0.192 0.438 1    
103:  0.160 0.324 0.151 0.365 1    
104:  0.257 0.195 0.300 0.249 1    
105:  0.199 0.343 0.257 0.202 1    
106:  0.266 0.251 0.262 0.220 1    
107:  0.330 0.141 0.257 0.272 1    
108:  0.245 0.143 0.311 0.302 1    
109:  0.183 0.296 0.333 0.189 1    
110:  0.168 0.540 0.136 0.156 1    
111:  0.285 0.227 0.211 0.277 1    
112:  0.205 0.390 0.178 0.227 1    
113:  0.356 0.165 0.192 0.288 1    
114:  0.210 0.377 0.224 0.189 1    
115:  0.279 0.169 0.291 0.260 1    
116:  0.279 0.172 0.264 0.285 1    
117:  0.192 0.154 0.129 0.525 1    
118:  0.179 0.451 0.204 0.166 1    
119:  0.207 0.229 0.163 0.402 1    
120:  0.171 0.238 0.122 0.468 1    
121:  0.204 0.301 0.309 0.185 1    
122:  0.319 0.209 0.348 0.123 1    
123:  0.200 0.174 0.158 0.468 1    
124:  0.326 0.176 0.323 0.174 1    
125:  0.178 0.129 0.234 0.460 1    
126:  0.378 0.217 0.191 0.215 1    
127:  0.308 0.203 0.191 0.297 1    
128:  0.252 0.125 0.225 0.397 1    
129:  0.314 0.138 0.347 0.201 1    
130:  0.368 0.315 0.172 0.146 1    
131:  0.375 0.155 0.305 0.166 1    
132:  0.199 0.149 0.118 0.534 1    
133:  0.214 0.349 0.135 0.302 1    
134:  0.311 0.209 0.242 0.238 1    
135:  0.220 0.542 0.122 0.116 1    
136:  0.226 0.213 0.272 0.289 1    
137:  0.404 0.166 0.219 0.211 1    
138:  0.314 0.210 0.170 0.305 1    
139:  0.224 0.296 0.137 0.343 1    
140:  0.282 0.162 0.400 0.156 1    
141:  0.216 0.364 0.169 0.250 1    
142:  0.185 0.152 0.175 0.488 1    
143:  0.320 0.151 0.355 0.174 1    
144:  0.224 0.251 0.285 0.240 1    
145:  0.229 0.324 0.164 0.283 1    
146:  0.266 0.359 0.225 0.149 1    
147:  0.214 0.298 0.266 0.222 1    
148:  0.185 0.332 0.294 0.188 1    
149:  0.208 0.158 0.196 0.438 1    
150:  0.222 0.460 0.194 0.124 1    
151:  0.203 0.376 0.273 0.149 1    
152:  0.283 0.245 0.276 0.196 1    
153:  0.196 0.251 0.356 0.197 1    
154:  0.244 0.221 0.251 0.284 1    
155:  0.165 0.134 0.191 0.510 1    
156:  0.205 0.283 0.315 0.197 1    
157:  0.347 0.176 0.212 0.265 1    
158:  0.433 0.138 0.216 0.214 1    
159:  0.192 0.188 0.221 0.399 1    
160:  0.282 0.193 0.164 0.361 1    
161:  0.309 0.284 0.117 0.290 1    
162:  0.198 0.392 0.176 0.234 1    
163:  0.210 0.365 0.204 0.221 1    
164:  0.153 0.099 0.258 0.490 1    
165:  0.281 0.242 0.260 0.216 1    
166:  0.325 0.203 0.230 0.242 1    
167:  0.159 0.151 0.105 0.585 1    
168:  0.229 0.274 0.244 0.252 1    
169:  0.356 0.219 0.228 0.197 1    
170:  0.213 0.453 0.213 0.120 1    
171:  0.208 0.228 0.230 0.334 1    
172:  0.190 0.435 0.217 0.157 1    
173:  0.270 0.219 0.157 0.355 1    
174:  0.260 0.202 0.329 0.210 1    
175:  0.286 0.319 0.236 0.160 1    
176:  0.193 0.465 0.208 0.134 1    
177:  0.201 0.142 0.521 0.137 1    
178:  0.300 0.228 0.266 0.206 1    
179:  0.269 0.184 0.217 0.330 1    
180:  0.217 0.300 0.319 0.163 1    
181:  0.192 0.228 0.159 0.421 1    
182:  0.108 0.092 0.674 0.126 1    
183:  0.267 0.400 0.139 0.194 1    
184:  0.229 0.306 0.273 0.191 1    
185:  0.267 0.249 0.199 0.285 1    
186:  0.203 0.310 0.227 0.259 1    
187:  0.269 0.371 0.174 0.185 1    
188:  0.185 0.231 0.194 0.390 1    
189:  0.249 0.314 0.266 0.171 1    
190:  0.207 0.349 0.255 0.189 1    
191:  0.342 0.239 0.170 0.250 1    
192:  0.357 0.148 0.294 0.201 1    
193:  0.265 0.303 0.217 0.215 1    
194:  0.239 0.182 0.190 0.389 1    
195:  0.356 0.179 0.296 0.169 1    
196:  0.293 0.318 0.176 0.212 1    
197:  0.173 0.205 0.220 0.402 1    
198:  0.237 0.373 0.144 0.246 1    
199:  0.205 0.119 0.465 0.212 1    
200:  0.224 0.272 0.164 0.339 1    
201:  0.229 0.180 0.450 0.141 1    
202:  0.215 0.277 0.285 0.224 1    
203:  0.229 0.172 0.379 0.220 1    
204:  0.204 0.323 0.306 0.167 1    
205:  0.269 0.185 0.348 0.197 1    
206:  0.331 0.183 0.301 0.186 1    
207:  0.310 0.148 0.271 0.270 1    
208:  0.217 0.335 0.293 0.155 1    
209:  0.373 0.146 0.226 0.255 1    
210:  0.258 0.305 0.231 0.206 1    
211:  0.356 0.173 0.352 0.119 1    
212:  0.234 0.362 0.154 0.250 1    
213:  0.263 0.208 0.194 0.336 1    
214:  0.435 0.190 0.224 0.151 1    
215:  0.207 0.247 0.200 0.347 1    
216:  0.275 0.206 0.267 0.251 1    
217:  0.291 0.278 0.154 0.278 1    
218:  0.216 0.170 0.146 0.468 1    
219:  0.173 0.427 0.217 0.183 1    
220:  0.324 0.170 0.290 0.215 1    
221:  0.174 0.138 0.524 0.164 1    
222:  0.304 0.226 0.190 0.279 1    
223:  0.300 0.177 0.176 0.348 1    
224:  0.310 0.201 0.295 0.194 1    
225:  0.420 0.165 0.275 0.141 1    
226:  0.215 0.352 0.164 0.269 1    
227:  0.277 0.181 0.296 0.246 1    
228:  0.226 0.249 0.244 0.281 1    
229:  0.238 0.235 0.303 0.225 1    
230:  0.148 0.539 0.131 0.181 1    
231:  0.302 0.282 0.196 0.219 1    
232:  0.249 0.120 0.365 0.266 1    
233:  0.262 0.422 0.144 0.173 1    
234:  0.296 0.260 0.181 0.263 1    
235:  0.236 0.314 0.260 0.190 1    
236:  0.184 0.223 0.237 0.357 1    
237:  0.289 0.157 0.334 0.220 1    
238:  0.304 0.306 0.196 0.194 1    
239:  0.170 0.402 0.251 0.177 1    
240:  0.211 0.278 0.257 0.254 1    
241:  0.323 0.206 0.283 0.188 1    
242:  0.250 0.179 0.330 0.241 1    
243:  0.233 0.187 0.225 0.356 1    
244:  0.312 0.171 0.361 0.156 1    
245:  0.175 0.329 0.217 0.279 1    
246:  0.171 0.251 0.196 0.382 1    
247:  0.260 0.331 0.229 0.180 1    
248:  0.355 0.320 0.155 0.170 1    
249:  0.251 0.335 0.217 0.197 1    
250:  0.168 0.205 0.178 0.449 1    
251:  0.310 0.237 0.161 0.292 1    
252:  0.363 0.173 0.297 0.166 1    
253:  0.206 0.190 0.294 0.310 1    
254:  0.228 0.419 0.140 0.214 1    
255:  0.173 0.224 0.411 0.191 1    
256:  0.273 0.159 0.194 0.374 1    
257:  0.276 0.293 0.210 0.222 1    
258:  0.204 0.273 0.290 0.233 1    
259:  0.266 0.319 0.256 0.158 1    
260:  0.211 0.172 0.342 0.275 1    
261:  0.278 0.346 0.198 0.177 1    
262:  0.225 0.267 0.268 0.240 1    
263:  0.313 0.322 0.217 0.148 1    
264:  0.254 0.190 0.317 0.239 1    
265:  0.333 0.250 0.275 0.142 1    
266:  0.281 0.201 0.194 0.324 1    
267:  0.278 0.213 0.334 0.175 1    
268:  0.260 0.435 0.134 0.171 1    
269:  0.177 0.318 0.377 0.128 1    
270:  0.252 0.312 0.300 0.136 1    
271:  0.291 0.236 0.226 0.246 1    
272:  0.291 0.295 0.248 0.165 1    
273:  0.294 0.186 0.284 0.237 1    
274:  0.154 0.564 0.156 0.126 1    
275:  0.186 0.323 0.344 0.148 1    
276:  0.236 0.128 0.217 0.419 1    
277:  0.127 0.175 0.564 0.134 1    
278:  0.201 0.272 0.424 0.103 1    
279:  0.197 0.200 0.246 0.358 1    
280:  0.207 0.234 0.237 0.323 1    
281:  0.325 0.279 0.268 0.128 1    
282:  0.227 0.378 0.200 0.195 1    
283:  0.186 0.220 0.252 0.342 1    
284:  0.176 0.135 0.465 0.224 1    
285:  0.330 0.217 0.203 0.250 1    
286:  0.278 0.243 0.324 0.154 1    
287:  0.156 0.227 0.184 0.433 1    
288:  0.135 0.113 0.637 0.114 1    
289:  0.238 0.278 0.227 0.257 1    
290:  0.364 0.262 0.177 0.198 1    
291:  0.269 0.280 0.119 0.332 1    
292:  0.263 0.159 0.273 0.305 1    
293:  0.173 0.462 0.145 0.219 1    
294:  0.263 0.244 0.298 0.195 1    
295:  0.142 0.100 0.108 0.650 1    
296:  0.158 0.202 0.414 0.226 1    
297:  0.204 0.363 0.237 0.196 1    
298:  0.258 0.256 0.168 0.317 1    
299:  0.158 0.114 0.132 0.595 1    
300:  0.187 0.366 0.220 0.227 1    
301:  0.212 0.235 0.231 0.323 1    
302:  0.170 0.160 0.115 0.556 1    
303:  0.329 0.321 0.189 0.162 1    
304:  0.263 0.249 0.238 0.251 1    
305:  0.254 0.261 0.200 0.285 1    
306:  0.158 0.129 0.367 0.346 1    
307:  0.247 0.241 0.267 0.244 1    
308:  0.262 0.202 0.302 0.234 1    
309:  0.223 0.283 0.342 0.153 1    
310:  0.263 0.280 0.311 0.147 1    
311:  0.183 0.145 0.403 0.270 1    
312:  0.176 0.375 0.307 0.142 1    
313:  0.220 0.220 0.288 0.272 1    
314:  0.282 0.139 0.293 0.287 1    
315:  0.205 0.145 0.335 0.315 1    
316:  0.250 0.261 0.259 0.230 1    
317:  0.164 0.378 0.317 0.141 1    
318:  0.203 0.486 0.177 0.134 1    
319:  0.274 0.259 0.170 0.297 1    
320:  0.154 0.141 0.258 0.447 1    
321:  0.284 0.361 0.143 0.212 1    
322:  0.330 0.237 0.236 0.197 1    
323:  0.167 0.226 0.361 0.246 1    
324:  0.400 0.207 0.240 0.153 1    
325:  0.208 0.381 0.212 0.199 1    
326:  0.171 0.181 0.500 0.149 1    
327:  0.233 0.324 0.198 0.245 1    
328:  0.304 0.283 0.192 0.221 1    
329:  0.268 0.177 0.342 0.213 1    
330:  0.390 0.132 0.314 0.163 1    
331:  0.266 0.195 0.330 0.209 1    
332:  0.255 0.356 0.243 0.146 1    
333:  0.224 0.212 0.382 0.183 1    
334:  0.207 0.399 0.242 0.151 1    
335:  0.225 0.229 0.287 0.259 1    
336:  0.247 0.201 0.329 0.223 1    
337:  0.185 0.403 0.198 0.214 1    
338:  0.235 0.170 0.402 0.193 1    
339:  0.274 0.173 0.203 0.351 1    
340:  0.244 0.411 0.187 0.157 1    
341:  0.214 0.165 0.204 0.417 1    
342:  0.309 0.211 0.290 0.191 1    
343:  0.197 0.211 0.441 0.151 1    
344:  0.194 0.434 0.220 0.151 1    
345:  0.182 0.224 0.417 0.178 1    
346:  0.237 0.278 0.203 0.282 1    
347:  0.404 0.153 0.203 0.241 1    
348:  0.203 0.282 0.192 0.323 1    
349:  0.174 0.254 0.368 0.204 1    
350:  0.264 0.276 0.200 0.260 1    
351:  0.224 0.288 0.208 0.280 1    
352:  0.199 0.282 0.262 0.257 1    
353:  0.210 0.137 0.257 0.396 1    
354:  0.255 0.189 0.355 0.201 1    
355:  0.227 0.289 0.302 0.183 1    
356:  0.205 0.273 0.229 0.293 1    
357:  0.292 0.217 0.245 0.246 1    
358:  0.206 0.196 0.359 0.239 1    
359:  0.189 0.186 0.160 0.465 1    
360:  0.239 0.316 0.162 0.282 1    
361:  0.223 0.168 0.233 0.377 1    
362:  0.229 0.331 0.232 0.208 1    
363:  0.230 0.408 0.215 0.147 1    
364:  0.178 0.339 0.303 0.180 1    
365:  0.221 0.313 0.183 0.283 1    
366:  0.188 0.218 0.219 0.375 1    
367:  0.241 0.260 0.222 0.277 1    
368:  0.424 0.167 0.142 0.267 1    
369:  0.236 0.142 0.289 0.333 1    
370:  0.238 0.148 0.274 0.340 1    
371:  0.156 0.155 0.377 0.312 1    
372:  0.210 0.191 0.206 0.394 1    
373:  0.221 0.221 0.248 0.310 1    
374:  0.290 0.243 0.239 0.227 1    
375:  0.262 0.246 0.304 0.189 1    
376:  0.235 0.318 0.209 0.237 1    
377:  0.366 0.186 0.126 0.321 1    
378:  0.361 0.221 0.192 0.227 1    
379:  0.168 0.187 0.137 0.507 1    
380:  0.371 0.141 0.147 0.340 1    
381:  0.220 0.259 0.261 0.260 1    
382:  0.241 0.216 0.311 0.232 1    
383:  0.208 0.158 0.354 0.280 1    
384:  0.187 0.369 0.108 0.336 1    
385:  0.303 0.319 0.241 0.137 1    
386:  0.166 0.104 0.113 0.617 1    
387:  0.361 0.225 0.188 0.226 1    
388:  0.219 0.220 0.128 0.433 1    
389:  0.167 0.244 0.377 0.213 1    
390:  0.359 0.149 0.291 0.201 1    
391:  0.218 0.204 0.141 0.436 1    
392:  0.205 0.151 0.397 0.247 1    
393:  0.191 0.335 0.115 0.359 1    
394:  0.343 0.156 0.391 0.110 1    
395:  0.196 0.296 0.289 0.219 1    
396:  0.231 0.394 0.216 0.159 1    
397:  0.158 0.405 0.313 0.124 1    
398:  0.281 0.233 0.190 0.296 1    
399:  0.228 0.252 0.182 0.338 1    
400:  0.172 0.169 0.287 0.372 1    
401:  0.280 0.301 0.156 0.262 1    
402:  0.246 0.303 0.230 0.222 1    
403:  0.223 0.311 0.353 0.113 1    
404:  0.270 0.196 0.315 0.219 1    
405:  0.289 0.317 0.227 0.167 1    
406:  0.324 0.171 0.269 0.236 1    
407:  0.182 0.244 0.132 0.442 1    
408:  0.299 0.283 0.201 0.217 1    
409:  0.229 0.300 0.218 0.253 1    
410:  0.240 0.285 0.265 0.210 1    
411:  0.226 0.340 0.319 0.115 1    
412:  0.345 0.263 0.124 0.268 1    
413:  0.206 0.260 0.426 0.108 1    
414:  0.326 0.233 0.152 0.288 1    
415:  0.430 0.137 0.147 0.287 1    
416:  0.168 0.569 0.141 0.122 1    
417:  0.366 0.199 0.187 0.247 1    
418:  0.335 0.234 0.206 0.226 1    
419:  0.327 0.151 0.301 0.221 1    
420:  0.234 0.419 0.217 0.130 1    
421:  0.335 0.233 0.274 0.158 1    
422:  0.297 0.197 0.313 0.193 1    
423:  0.309 0.295 0.219 0.177 1    
424:  0.224 0.383 0.249 0.145 1    
425:  0.281 0.199 0.254 0.266 1    
426:  0.306 0.149 0.179 0.367 1    
427:  0.359 0.180 0.169 0.292 1    
428:  0.296 0.238 0.202 0.263 1    
429:  0.155 0.142 0.335 0.368 1    
430:  0.388 0.191 0.203 0.218 1    
431:  0.274 0.348 0.228 0.149 1    
432:  0.214 0.259 0.199 0.328 1    
433:  0.276 0.262 0.158 0.303 1    
434:  0.236 0.364 0.206 0.194 1    
435:  0.220 0.341 0.230 0.209 1    
436:  0.347 0.188 0.264 0.201 1    
437:  0.213 0.326 0.156 0.305 1    
438:  0.238 0.169 0.123 0.469 1    
439:  0.367 0.184 0.242 0.207 1    
440:  0.186 0.186 0.466 0.162 1    
441:  0.235 0.227 0.205 0.333 1    
442:  0.257 0.358 0.243 0.142 1    
443:  0.193 0.273 0.296 0.239 1    
444:  0.204 0.216 0.214 0.366 1    
445:  0.310 0.123 0.345 0.222 1    
446:  0.289 0.225 0.278 0.208 1    
447:  0.200 0.449 0.166 0.185 1    
448:  0.223 0.268 0.185 0.324 1    
449:  0.166 0.296 0.306 0.233 1    
450:  0.222 0.236 0.395 0.147 1    
451:  0.189 0.163 0.361 0.286 1    
452:  0.171 0.165 0.488 0.176 1    
453:  0.217 0.339 0.214 0.231 1    
454:  0.210 0.317 0.351 0.121 1    
455:  0.395 0.167 0.222 0.215 1    
456:  0.267 0.168 0.241 0.325 1    
457:  0.314 0.184 0.165 0.337 1    
458:  0.164 0.106 0.485 0.246 1    
459:  0.254 0.155 0.199 0.392 1    
460:  0.226 0.308 0.239 0.227 1    
461:  0.140 0.609 0.138 0.112 1    
462:  0.422 0.206 0.250 0.122 1    
463:  0.292 0.140 0.205 0.362 1    
464:  0.274 0.209 0.220 0.297 1    
465:  0.302 0.170 0.323 0.205 1    
466:  0.266 0.197 0.151 0.386 1    
467:  0.230 0.175 0.411 0.184 1    
468:  0.186 0.204 0.313 0.296 1    
469:  0.256 0.198 0.219 0.326 1    
470:  0.267 0.237 0.144 0.352 1    
471:  0.126 0.150 0.587 0.137 1    
472:  0.171 0.306 0.120 0.402 1    
473:  0.354 0.289 0.156 0.202 1    
474:  0.193 0.374 0.248 0.185 1    
475:  0.309 0.168 0.276 0.247 1    
476:  0.229 0.135 0.327 0.308 1    
477:  0.335 0.222 0.250 0.193 1    
478:  0.219 0.468 0.140 0.173 1    
479:  0.321 0.179 0.329 0.170 1    
480:  0.207 0.424 0.139 0.230 1    
481:  0.279 0.195 0.307 0.219 1    
482:  0.215 0.247 0.143 0.395 1    
483:  0.206 0.170 0.367 0.257 1    
484:  0.448 0.252 0.184 0.116 1    
485:  0.364 0.171 0.300 0.165 1    
486:  0.227 0.291 0.264 0.218 1    
487:  0.214 0.256 0.193 0.337 1    
488:  0.311 0.142 0.224 0.323 1    
489:  0.224 0.334 0.236 0.206 1    
490:  0.252 0.240 0.176 0.331 1    
491:  0.183 0.216 0.127 0.475 1    
492:  0.283 0.174 0.299 0.244 1    
493:  0.339 0.220 0.198 0.242 1    
494:  0.254 0.167 0.220 0.359 1    
495:  0.151 0.170 0.558 0.121 1    
496:  0.246 0.342 0.275 0.137 1    
497:  0.284 0.407 0.159 0.150 1    
498:  0.173 0.441 0.225 0.161 1    
499:  0.200 0.292 0.143 0.365 1    
500:  0.205 0.158 0.290 0.348 1    
501:  0.242 0.312 0.280 0.166 1    
502:  0.261 0.207 0.311 0.221 1    
503:  0.220 0.390 0.184 0.206 1    
504:  0.347 0.331 0.171 0.151 1    
505:  0.216 0.155 0.278 0.351 1    
506:  0.290 0.220 0.295 0.195 1    
507:  0.184 0.261 0.281 0.273 1    
508:  0.180 0.513 0.205 0.102 1    
509:  0.255 0.157 0.375 0.212 1    
510:  0.262 0.386 0.223 0.130 1    
511:  0.206 0.214 0.180 0.400 1    
512:  0.182 0.592 0.115 0.112 1    
513:  0.252 0.287 0.349 0.111 1    
514:  0.196 0.450 0.183 0.171 1    
515:  0.133 0.198 0.109 0.561 1    
516:  0.217 0.152 0.388 0.243 1    
517:  0.276 0.131 0.403 0.190 1    
518:  0.237 0.441 0.178 0.144 1    
519:  0.421 0.218 0.195 0.165 1    
520:  0.219 0.194 0.250 0.337 1    
521:  0.307 0.296 0.175 0.222 1    
522:  0.341 0.215 0.274 0.171 1    
523:  0.272 0.225 0.219 0.284 1    
524:  0.192 0.111 0.550 0.146 1    
525:  0.261 0.208 0.200 0.331 1    
526:  0.161 0.381 0.201 0.257 1    
527:  0.261 0.314 0.208 0.217 1    
528:  0.237 0.174 0.128 0.461 1    
529:  0.307 0.234 0.233 0.226 1    
530:  0.305 0.202 0.167 0.327 1    
531:  0.250 0.159 0.268 0.324 1    
532:  0.180 0.151 0.571 0.098 1    
533:  0.158 0.574 0.127 0.142 1    
534:  0.265 0.196 0.193 0.345 1    
535:  0.206 0.257 0.227 0.310 1    
536:  0.230 0.313 0.267 0.190 1    
537:  0.234 0.256 0.147 0.362 1    
538:  0.251 0.198 0.334 0.218 1    
539:  0.214 0.318 0.190 0.278 1    
540:  0.172 0.216 0.288 0.324 1    
541:  0.284 0.166 0.280 0.271 1    
542:  0.180 0.164 0.158 0.498 1    
543:  0.243 0.109 0.129 0.520 1    
544:  0.253 0.161 0.168 0.419 1    
545:  0.203 0.287 0.226 0.284 1    
546:  0.164 0.202 0.175 0.460 1    
547:  0.293 0.199 0.299 0.209 1    
548:  0.245 0.278 0.230 0.247 1    
549:  0.266 0.255 0.253 0.226 1    
550:  0.233 0.360 0.188 0.218 1    
551:  0.211 0.192 0.166 0.431 1    
552:  0.192 0.385 0.197 0.226 1    
553:  0.240 0.252 0.331 0.177 1    
554:  0.209 0.187 0.098 0.506 1    
555:  0.275 0.229 0.309 0.187 1    
556:  0.194 0.454 0.232 0.121 1    
557:  0.371 0.212 0.209 0.208 1    
558:  0.176 0.124 0.319 0.381 1    
559:  0.254 0.261 0.241 0.244 1    
560:  0.255 0.185 0.141 0.419 1    
561:  0.248 0.188 0.361 0.203 1    
562:  0.182 0.251 0.185 0.382 1    
563:  0.320 0.170 0.265 0.244 1    
564:  0.233 0.326 0.221 0.220 1    
565:  0.268 0.224 0.240 0.268 1    
566:  0.246 0.287 0.266 0.201 1    
567:  0.235 0.155 0.322 0.288 1    
568:  0.280 0.332 0.142 0.246 1    
569:  0.178 0.315 0.350 0.157 1    
570:  0.197 0.276 0.275 0.252 1    
571:  0.258 0.245 0.243 0.253 1    
572:  0.179 0.508 0.152 0.162 1    
573:  0.248 0.171 0.266 0.315 1    
574:  0.260 0.202 0.359 0.179 1    
575:  0.153 0.146 0.443 0.258 1    
576:  0.325 0.193 0.198 0.284 1    
577:  0.210 0.334 0.270 0.186 1    
578:  0.243 0.145 0.379 0.233 1    
579:  0.196 0.256 0.307 0.242 1    
580:  0.344 0.315 0.192 0.149 1    
581:  0.214 0.163 0.261 0.362 1    
582:  0.317 0.225 0.307 0.151 1    
583:  0.263 0.188 0.227 0.321 1    
584:  0.334 0.186 0.203 0.277 1    
585:  0.230 0.262 0.314 0.194 1    
586:  0.244 0.147 0.324 0.285 1    
587:  0.275 0.309 0.285 0.131 1    
588:  0.219 0.240 0.385 0.157 1    
589:  0.287 0.201 0.208 0.304 1    
590:  0.204 0.238 0.356 0.202 1    
591:  0.319 0.173 0.238 0.270 1    
592:  0.228 0.361 0.249 0.162 1    
593:  0.260 0.158 0.267 0.314 1    
594:  0.250 0.234 0.164 0.352 1    
595:  0.214 0.271 0.213 0.302 1    
596:  0.298 0.309 0.194 0.199 1    
597:  0.238 0.272 0.203 0.287 1    
598:  0.174 0.211 0.235 0.381 1    
599:  0.181 0.118 0.319 0.383 1    
600:  0.260 0.270 0.247 0.223 1    
601:  0.298 0.269 0.259 0.174 1    
602:  0.207 0.321 0.311 0.161 1    
603:  0.323 0.302 0.176 0.200 1    
604:  0.286 0.279 0.158 0.277 1    
605:  0.242 0.477 0.166 0.114 1    
606:  0.246 0.155 0.202 0.398 1    
607:  0.342 0.244 0.247 0.166 1    
608:  0.309 0.288 0.185 0.218 1    
609:  0.287 0.224 0.209 0.280 1    
610:  0.197 0.137 0.484 0.181 1    
611:  0.285 0.166 0.347 0.203 1    
612:  0.204 0.211 0.341 0.244 1    
613:  0.267 0.275 0.274 0.184 1    
614:  0.235 0.247 0.182 0.336 1    
615:  0.282 0.436 0.175 0.107 1    
616:  0.315 0.200 0.308 0.177 1    
617:  0.294 0.253 0.227 0.225 1    
618:  0.204 0.219 0.465 0.113 1    
619:  0.348 0.134 0.287 0.231 1    
620:  0.238 0.165 0.151 0.447 1    
621:  0.260 0.282 0.195 0.262 1    
622:  0.326 0.262 0.232 0.179 1    
623:  0.286 0.228 0.297 0.190 1    
624:  0.237 0.242 0.387 0.134 1    
625:  0.231 0.241 0.212 0.315 1    
626:  0.191 0.188 0.484 0.138 1    
627:  0.216 0.358 0.136 0.290 1    
628:  0.254 0.405 0.160 0.181 1    
629:  0.260 0.211 0.334 0.195 1    
630:  0.225 0.316 0.193 0.267 1    
631:  0.237 0.274 0.173 0.317 1    
632:  0.224 0.170 0.157 0.449 1    
633:  0.262 0.275 0.243 0.220 1    
634:  0.242 0.220 0.406 0.132 1    
635:  0.208 0.422 0.202 0.168 1    
636:  0.203 0.282 0.271 0.244 1    
637:  0.217 0.317 0.206 0.260 1    
638:  0.178 0.231 0.463 0.128 1    
639:  0.385 0.236 0.171 0.209 1    
640:  0.230 0.294 0.233 0.244 1    
641:  0.302 0.213 0.260 0.225 1    
642:  0.252 0.169 0.388 0.191 1    
643:  0.212 0.447 0.138 0.202 1    
644:  0.261 0.157 0.483 0.099 1    
645:  0.235 0.206 0.187 0.372 1    
646:  0.189 0.248 0.340 0.223 1    
647:  0.165 0.400 0.154 0.282 1    
648:  0.470 0.202 0.146 0.182 1    
649:  0.188 0.121 0.338 0.353 1    
650:  0.256 0.158 0.316 0.270 1    
651:  0.697 0.102 0.077 0.124 1    
652:  0.173 0.157 0.117 0.554 1    
653:  0.162 0.160 0.165 0.513 1    
654:  0.282 0.261 0.209 0.249 1    
655:  0.386 0.271 0.171 0.172 1    
656:  0.143 0.629 0.129 0.098 1    
657:  0.325 0.235 0.232 0.209 1    
658:  0.276 0.161 0.197 0.366 1    
659:  0.238 0.263 0.202 0.297 1    
660:  0.226 0.303 0.215 0.256 1    
661:  0.276 0.240 0.375 0.110 1    
662:  0.229 0.195 0.440 0.136 1    
663:  0.291 0.320 0.196 0.193 1    
664:  0.224 0.242 0.222 0.312 1    
665:  0.223 0.256 0.157 0.364 1    
666:  0.382 0.206 0.137 0.276 1    
667:  0.242 0.121 0.355 0.282 1    
668:  0.413 0.232 0.186 0.169 1    
669:  0.294 0.186 0.206 0.314 1    
670:  0.187 0.278 0.258 0.277 1    
671:  0.148 0.558 0.161 0.132 1    
672:  0.181 0.153 0.147 0.519 1    
673:  0.231 0.338 0.246 0.185 1    
674:  0.248 0.370 0.196 0.185 1    
675:  0.226 0.496 0.112 0.165 1    
676:  0.276 0.199 0.409 0.116 1    
677:  0.202 0.151 0.443 0.204 1    
678:  0.234 0.248 0.272 0.247 1    
679:  0.242 0.344 0.199 0.215 1    
680:  0.228 0.177 0.405 0.190 1    
681:  0.242 0.360 0.148 0.250 1    
682:  0.346 0.307 0.240 0.108 1    
683:  0.271 0.248 0.297 0.184 1    
684:  0.274 0.216 0.113 0.397 1    
685:  0.228 0.339 0.220 0.214 1    
686:  0.264 0.278 0.182 0.276 1    
687:  0.282 0.384 0.155 0.178 1    
688:  0.408 0.138 0.227 0.227 1    
689:  0.161 0.635 0.109 0.095 1    
690:  0.302 0.245 0.183 0.270 1    
691:  0.241 0.341 0.141 0.278 1    
692:  0.176 0.164 0.424 0.236 1    
693:  0.368 0.182 0.301 0.149 1    
694:  0.200 0.199 0.225 0.376 1    
695:  0.201 0.497 0.169 0.134 1    
696:  0.247 0.164 0.294 0.295 1    
697:  0.189 0.187 0.260 0.364 1    
698:  0.234 0.423 0.159 0.183 1    
699:  0.234 0.481 0.140 0.145 1    
700:  0.271 0.133 0.373 0.222 1    
701:  0.292 0.266 0.205 0.236 1    
702:  0.230 0.233 0.234 0.303 1    
703:  0.309 0.117 0.326 0.248 1    
704:  0.240 0.211 0.395 0.153 1    
705:  0.197 0.169 0.218 0.416 1    
706:  0.237 0.197 0.305 0.261 1    
707:  0.341 0.198 0.259 0.202 1    
708:  0.212 0.179 0.253 0.355 1    
709:  0.231 0.304 0.293 0.172 1    
710:  0.197 0.192 0.291 0.320 1    
711:  0.246 0.202 0.215 0.337 1    
712:  0.250 0.467 0.163 0.119 1    
713:  0.244 0.278 0.214 0.264 1    
714:  0.299 0.176 0.279 0.247 1    
715:  0.314 0.224 0.216 0.246 1    
716:  0.204 0.445 0.173 0.178 1    
717:  0.310 0.172 0.157 0.361 1    
718:  0.185 0.218 0.330 0.267 1    
719:  0.277 0.213 0.389 0.121 1    
720:  0.200 0.189 0.195 0.417 1    
721:  0.197 0.363 0.276 0.163 1    
722:  0.308 0.118 0.246 0.327 1    
723:  0.230 0.231 0.334 0.204 1    
724:  0.159 0.517 0.120 0.203 1    
725:  0.203 0.331 0.305 0.160 1    
726:  0.210 0.270 0.294 0.226 1    
727:  0.195 0.282 0.212 0.312 1    
728:  0.365 0.165 0.219 0.251 1    
729:  0.361 0.292 0.194 0.153 1    
730:  0.197 0.135 0.217 0.451 1    
731:  0.246 0.229 0.180 0.345 1    
732:  0.221 0.175 0.231 0.374 1    
733:  0.206 0.401 0.159 0.233 1    
734:  0.318 0.209 0.242 0.232 1    
735:  0.283 0.172 0.287 0.258 1    
736:  0.319 0.180 0.246 0.254 1    
737:  0.143 0.545 0.150 0.162 1    
738:  0.282 0.206 0.263 0.250 1    
739:  0.278 0.186 0.177 0.359 1    
740:  0.235 0.239 0.182 0.344 1    
741:  0.336 0.215 0.199 0.250 1    
742:  0.350 0.162 0.317 0.170 1    
743:  0.200 0.554 0.111 0.136 1    
744:  0.189 0.475 0.146 0.190 1    
745:  0.219 0.193 0.385 0.202 1    
746:  0.216 0.159 0.483 0.142 1    
747:  0.153 0.176 0.220 0.451 1    
748:  0.184 0.346 0.226 0.244 1    
749:  0.193 0.374 0.175 0.258 1    
750:  0.269 0.225 0.281 0.225 1    
751:  0.283 0.197 0.197 0.324 1    
752:  0.224 0.411 0.212 0.154 1    
753:  0.173 0.310 0.177 0.341 1    
754:  0.170 0.127 0.372 0.331 1    
755:  0.204 0.326 0.197 0.273 1    
756:  0.293 0.135 0.293 0.279 1    
757:  0.319 0.176 0.240 0.265 1    
758:  0.173 0.135 0.204 0.488 1    
759:  0.216 0.287 0.301 0.197 1    
760:  0.176 0.443 0.257 0.124 1    
761:  0.243 0.211 0.329 0.217 1    
762:  0.159 0.145 0.118 0.578 1    
763:  0.268 0.324 0.236 0.172 1    
764:  0.270 0.202 0.312 0.216 1    
765:  0.188 0.163 0.496 0.153 1    
766:  0.257 0.213 0.168 0.362 1    
767:  0.176 0.234 0.134 0.457 1    
768:  0.287 0.191 0.210 0.313 1    
769:  0.209 0.145 0.437 0.208 1    
770:  0.202 0.432 0.240 0.125 1    
771:  0.239 0.351 0.251 0.159 1    
772:  0.266 0.218 0.363 0.153 1    
773:  0.230 0.137 0.178 0.456 1    
774:  0.168 0.192 0.243 0.397 1    
775:  0.233 0.158 0.434 0.175 1    
776:  0.274 0.237 0.312 0.177 1    
777:  0.223 0.260 0.268 0.249 1    
778:  0.316 0.223 0.260 0.201 1    
779:  0.238 0.276 0.260 0.226 1    
780:  0.159 0.438 0.259 0.144 1    
781:  0.244 0.162 0.311 0.282 1    
                 
                 
1:    0.203 0.231 0.256 0.309 1    
2:    0.203 0.225 0.281 0.291 1    
3:    0.287 0.255 0.186 0.272 1    
4:    0.197 0.226 0.157 0.420 1    
5:    0.200 0.202 0.442 0.157 1    
6:    0.232 0.271 0.266 0.230 1    
7:    0.272 0.243 0.275 0.210 1    
8:    0.298 0.300 0.220 0.182 1    
9:    0.196 0.200 0.142 0.462 1    
10:   0.376 0.412 0.106 0.107 1    
11:   0.291 0.299 0.252 0.157 1    
12:   0.286 0.324 0.190 0.200 1    
13:   0.297 0.307 0.170 0.225 1    
14:   0.153 0.143 0.205 0.498 1    
15:   0.134 0.118 0.598 0.150 1    
16:   0.324 0.318 0.211 0.148 1    
17:   0.251 0.219 0.176 0.354 1    
18:   0.146 0.160 0.264 0.430 1    
19:   0.172 0.171 0.209 0.448 1    
20:   0.276 0.260 0.125 0.338 1    
21:   0.307 0.354 0.207 0.131 1    
22:   0.216 0.213 0.182 0.389 1    
23:   0.218 0.238 0.397 0.147 1    
24:   0.291 0.336 0.155 0.218 1    
25:   0.261 0.251 0.250 0.238 1    
26:   0.204 0.220 0.296 0.280 1    
27:   0.271 0.240 0.198 0.291 1    
28:   0.271 0.295 0.306 0.129 1    
29:   0.178 0.175 0.256 0.392 1    
30:   0.238 0.232 0.186 0.344 1    
31:   0.302 0.318 0.160 0.219 1    
32:   0.169 0.171 0.494 0.166 1    
33:   0.185 0.188 0.365 0.262 1    
34:   0.201 0.221 0.255 0.322 1    
35:   0.166 0.166 0.292 0.376 1    
36:   0.190 0.172 0.343 0.295 1    
37:   0.213 0.223 0.296 0.267 1    
38:   0.244 0.235 0.222 0.299 1    
39:   0.276 0.295 0.240 0.190 1    
40:   0.273 0.240 0.299 0.188 1    
41:   0.305 0.343 0.157 0.195 1    
42:   0.257 0.221 0.388 0.133 1    
43:   0.220 0.231 0.142 0.407 1    
44:   0.267 0.257 0.182 0.294 1    
45:   0.225 0.245 0.373 0.157 1    
46:   0.267 0.234 0.313 0.185 1    
47:   0.285 0.271 0.160 0.285 1    
48:   0.119 0.114 0.602 0.165 1    
49:   0.264 0.274 0.090 0.373 1    
50:   0.243 0.218 0.201 0.339 1    
51:   0.230 0.268 0.170 0.332 1    
52:   0.360 0.375 0.129 0.136 1    
53:   0.259 0.270 0.187 0.284 1    
54:   0.224 0.246 0.210 0.320 1    
55:   0.189 0.179 0.464 0.168 1    
56:   0.169 0.186 0.529 0.116 1    
57:   0.285 0.293 0.176 0.247 1    
58:   0.106 0.113 0.671 0.110 1    
59:   0.281 0.227 0.348 0.144 1    
60:   0.263 0.241 0.191 0.306 1    
61:   0.303 0.282 0.160 0.256 1    
62:   0.312 0.332 0.250 0.106 1    
63:   0.335 0.311 0.179 0.174 1    
64:   0.291 0.324 0.175 0.210 1    
65:   0.285 0.257 0.203 0.255 1    
66:   0.270 0.256 0.185 0.288 1    
67:   0.337 0.391 0.117 0.155 1    
68:   0.301 0.253 0.197 0.249 1    
69:   0.345 0.374 0.161 0.119 1    
70:   0.211 0.227 0.342 0.221 1    
71:   0.285 0.329 0.177 0.210 1    
72:   0.290 0.348 0.169 0.193 1    
73:   0.204 0.187 0.331 0.278 1    
74:   0.269 0.283 0.160 0.288 1    
75:   0.234 0.227 0.226 0.313 1    
76:   0.329 0.285 0.172 0.214 1    
77:   0.244 0.227 0.317 0.211 1    
78:   0.301 0.304 0.150 0.246 1    
79:   0.235 0.290 0.306 0.170 1    
80:   0.314 0.291 0.203 0.192 1    
81:   0.361 0.389 0.111 0.138 1    
82:   0.248 0.266 0.348 0.138 1    
83:   0.426 0.339 0.102 0.133 1    
84:   0.298 0.269 0.227 0.206 1    
85:   0.249 0.252 0.310 0.190 1    
86:   0.254 0.237 0.379 0.130 1    
87:   0.374 0.367 0.111 0.148 1    
88:   0.209 0.201 0.378 0.211 1    
89:   0.257 0.220 0.165 0.357 1    
90:   0.294 0.280 0.275 0.152 1    
91:   0.268 0.268 0.240 0.225 1    
92:   0.264 0.295 0.318 0.123 1    
93:   0.347 0.307 0.139 0.207 1    
94:   0.245 0.249 0.125 0.380 1    
95:   0.228 0.255 0.321 0.196 1    
96:   0.226 0.204 0.232 0.338 1    
97:   0.318 0.350 0.169 0.163 1    
98:   0.295 0.273 0.192 0.240 1    
99:   0.316 0.343 0.151 0.190 1    
100:  0.255 0.258 0.206 0.282 1    
101:  0.297 0.281 0.164 0.258 1    
102:  0.184 0.181 0.446 0.189 1    
103:  0.152 0.141 0.366 0.340 1    
104:  0.299 0.292 0.227 0.182 1    
105:  0.234 0.240 0.185 0.341 1    
106:  0.262 0.259 0.227 0.251 1    
107:  0.282 0.288 0.297 0.132 1    
108:  0.289 0.312 0.276 0.123 1    
109:  0.287 0.242 0.174 0.297 1    
110:  0.141 0.151 0.156 0.552 1    
111:  0.213 0.202 0.327 0.258 1    
112:  0.186 0.183 0.222 0.409 1    
113:  0.264 0.272 0.313 0.151 1    
114:  0.221 0.187 0.184 0.408 1    
115:  0.286 0.317 0.251 0.145 1    
116:  0.254 0.269 0.295 0.181 1    
117:  0.148 0.158 0.550 0.145 1    
118:  0.194 0.194 0.160 0.452 1    
119:  0.167 0.157 0.433 0.244 1    
120:  0.139 0.139 0.495 0.226 1    
121:  0.261 0.256 0.170 0.313 1    
122:  0.348 0.383 0.105 0.165 1    
123:  0.157 0.165 0.500 0.178 1    
124:  0.338 0.337 0.161 0.164 1    
125:  0.213 0.205 0.465 0.117 1    
126:  0.255 0.278 0.237 0.229 1    
127:  0.260 0.304 0.262 0.174 1    
128:  0.220 0.241 0.423 0.116 1    
129:  0.329 0.379 0.168 0.124 1    
130:  0.262 0.308 0.141 0.289 1    
131:  0.356 0.330 0.170 0.144 1    
132:  0.139 0.143 0.579 0.139 1    
133:  0.153 0.159 0.298 0.390 1    
134:  0.260 0.258 0.259 0.222 1    
135:  0.145 0.167 0.115 0.573 1    
136:  0.266 0.235 0.286 0.213 1    
137:  0.326 0.319 0.197 0.159 1    
138:  0.219 0.220 0.324 0.237 1    
139:  0.183 0.211 0.332 0.274 1    
140:  0.378 0.335 0.141 0.145 1    
141:  0.185 0.212 0.238 0.364 1    
142:  0.168 0.147 0.540 0.145 1    
143:  0.341 0.337 0.176 0.146 1    
144:  0.277 0.237 0.235 0.252 1    
145:  0.169 0.173 0.268 0.390 1    
146:  0.242 0.267 0.147 0.344 1    
147:  0.251 0.234 0.231 0.284 1    
148:  0.263 0.249 0.167 0.321 1    
149:  0.205 0.212 0.437 0.146 1    
150:  0.201 0.212 0.111 0.475 1    
151:  0.224 0.232 0.144 0.400 1    
152:  0.275 0.270 0.196 0.259 1    
153:  0.294 0.266 0.187 0.253 1    
154:  0.251 0.265 0.272 0.212 1    
155:  0.176 0.167 0.525 0.132 1    
156:  0.267 0.282 0.185 0.266 1    
157:  0.269 0.268 0.277 0.187 1    
158:  0.325 0.351 0.200 0.124 1    
159:  0.218 0.219 0.391 0.172 1    
160:  0.214 0.235 0.368 0.182 1    
161:  0.152 0.159 0.362 0.327 1    
162:  0.197 0.195 0.228 0.380 1    
163:  0.196 0.193 0.222 0.389 1    
164:  0.221 0.186 0.501 0.091 1    
165:  0.289 0.280 0.211 0.220 1    
166:  0.253 0.295 0.239 0.214 1    
167:  0.120 0.138 0.597 0.146 1    
168:  0.245 0.243 0.250 0.261 1    
169:  0.257 0.300 0.219 0.224 1    
170:  0.213 0.246 0.113 0.427 1    
171:  0.221 0.229 0.331 0.218 1    
172:  0.209 0.203 0.147 0.442 1    
173:  0.202 0.225 0.369 0.204 1    
174:  0.304 0.267 0.212 0.218 1    
175:  0.247 0.259 0.147 0.348 1    
176:  0.189 0.185 0.127 0.500 1    
177:  0.414 0.341 0.123 0.122 1    
178:  0.291 0.303 0.183 0.223 1    
179:  0.243 0.237 0.331 0.190 1    
180:  0.281 0.275 0.151 0.293 1    
181:  0.169 0.185 0.415 0.230 1    
182:  0.467 0.351 0.103 0.079 1    
183:  0.148 0.170 0.200 0.482 1    
184:  0.258 0.266 0.185 0.291 1    
185:  0.212 0.211 0.308 0.269 1    
186:  0.218 0.197 0.264 0.322 1    
187:  0.200 0.217 0.180 0.404 1    
188:  0.181 0.170 0.404 0.245 1    
189:  0.249 0.237 0.174 0.340 1    
190:  0.246 0.265 0.175 0.314 1    
191:  0.218 0.232 0.279 0.271 1    
192:  0.319 0.335 0.213 0.133 1    
193:  0.221 0.221 0.226 0.331 1    
194:  0.191 0.183 0.422 0.204 1    
195:  0.333 0.349 0.153 0.164 1    
196:  0.202 0.219 0.223 0.356 1    
197:  0.205 0.178 0.414 0.203 1    
198:  0.161 0.194 0.258 0.387 1    
199:  0.372 0.321 0.201 0.106 1    
200:  0.180 0.202 0.344 0.274 1    
201:  0.393 0.321 0.127 0.158 1    
202:  0.251 0.234 0.213 0.302 1    
203:  0.320 0.289 0.230 0.160 1    
204:  0.278 0.273 0.148 0.301 1    
205:  0.314 0.303 0.198 0.185 1    
206:  0.318 0.365 0.164 0.153 1    
207:  0.283 0.271 0.298 0.149 1    
208:  0.264 0.254 0.140 0.342 1    
209:  0.289 0.309 0.263 0.139 1    
210:  0.242 0.254 0.194 0.309 1    
211:  0.368 0.336 0.128 0.168 1    
212:  0.155 0.143 0.271 0.431 1    
213:  0.225 0.229 0.351 0.195 1    
214:  0.308 0.412 0.124 0.156 1    
215:  0.196 0.192 0.349 0.263 1    
216:  0.276 0.289 0.241 0.195 1    
217:  0.190 0.204 0.301 0.305 1    
218:  0.169 0.190 0.468 0.173 1    
219:  0.211 0.193 0.174 0.422 1    
220:  0.308 0.304 0.208 0.181 1    
221:  0.395 0.345 0.138 0.122 1    
222:  0.234 0.232 0.294 0.239 1    
223:  0.226 0.231 0.362 0.181 1    
224:  0.305 0.317 0.188 0.189 1    
225:  0.361 0.368 0.135 0.137 1    
226:  0.187 0.188 0.266 0.360 1    
227:  0.306 0.330 0.212 0.153 1    
228:  0.242 0.231 0.265 0.262 1    
229:  0.278 0.271 0.222 0.229 1    
230:  0.125 0.123 0.173 0.579 1    
231:  0.253 0.246 0.231 0.270 1    
232:  0.338 0.281 0.272 0.108 1    
233:  0.172 0.182 0.169 0.478 1    
234:  0.245 0.262 0.247 0.247 1    
235:  0.253 0.244 0.197 0.306 1    
236:  0.211 0.181 0.359 0.248 1    
237:  0.331 0.293 0.222 0.154 1    
238:  0.219 0.227 0.207 0.347 1    
239:  0.220 0.225 0.165 0.389 1    
240:  0.251 0.226 0.244 0.279 1    
241:  0.318 0.339 0.164 0.179 1    
242:  0.289 0.312 0.227 0.172 1    
243:  0.223 0.240 0.359 0.177 1    
244:  0.368 0.321 0.151 0.159 1    
245:  0.206 0.206 0.269 0.319 1    
246:  0.192 0.197 0.365 0.246 1    
247:  0.259 0.259 0.169 0.313 1    
248:  0.242 0.270 0.167 0.321 1    
249:  0.219 0.246 0.199 0.336 1    
250:  0.163 0.153 0.473 0.210 1    
251:  0.205 0.215 0.342 0.238 1    
252:  0.325 0.347 0.170 0.158 1    
253:  0.254 0.270 0.311 0.165 1    
254:  0.162 0.179 0.212 0.447 1    
255:  0.336 0.276 0.173 0.215 1    
256:  0.213 0.230 0.401 0.155 1    
257:  0.251 0.317 0.188 0.244 1    
258:  0.271 0.247 0.219 0.264 1    
259:  0.275 0.315 0.139 0.270 1    
260:  0.297 0.287 0.260 0.157 1    
261:  0.246 0.264 0.162 0.328 1    
262:  0.257 0.231 0.252 0.260 1    
263:  0.252 0.278 0.134 0.336 1    
264:  0.278 0.258 0.250 0.214 1    
265:  0.311 0.288 0.138 0.263 1    
266:  0.210 0.227 0.359 0.203 1    
267:  0.296 0.263 0.190 0.251 1    
268:  0.157 0.189 0.171 0.483 1    
269:  0.298 0.279 0.120 0.303 1    
270:  0.286 0.264 0.128 0.322 1    
271:  0.255 0.259 0.238 0.248 1    
272:  0.270 0.303 0.147 0.279 1    
273:  0.295 0.280 0.243 0.182 1    
274:  0.147 0.137 0.113 0.603 1    
275:  0.298 0.249 0.137 0.316 1    
276:  0.232 0.249 0.407 0.112 1    
277:  0.400 0.318 0.117 0.165 1    
278:  0.343 0.324 0.094 0.238 1    
279:  0.223 0.200 0.355 0.221 1    
280:  0.226 0.207 0.307 0.260 1    
281:  0.251 0.295 0.130 0.324 1    
282:  0.222 0.276 0.167 0.335 1    
283:  0.242 0.214 0.331 0.213 1    
284:  0.364 0.288 0.225 0.122 1    
285:  0.263 0.288 0.237 0.211 1    
286:  0.304 0.321 0.145 0.231 1    
287:  0.177 0.156 0.446 0.220 1    
288:  0.456 0.350 0.097 0.098 1    
289:  0.231 0.217 0.264 0.288 1    
290:  0.250 0.254 0.221 0.275 1    
291:  0.138 0.158 0.390 0.314 1    
292:  0.267 0.278 0.295 0.160 1    
293:  0.146 0.158 0.209 0.487 1    
294:  0.291 0.305 0.177 0.227 1    
295:  0.116 0.133 0.661 0.089 1    
296:  0.328 0.266 0.213 0.193 1    
297:  0.244 0.231 0.184 0.341 1    
298:  0.227 0.289 0.270 0.214 1    
299:  0.136 0.143 0.624 0.097 1    
300:  0.209 0.219 0.219 0.353 1    
301:  0.228 0.228 0.319 0.225 1    
302:  0.115 0.112 0.615 0.159 1    
303:  0.227 0.234 0.173 0.367 1    
304:  0.250 0.297 0.224 0.228 1    
305:  0.234 0.209 0.299 0.259 1    
306:  0.300 0.243 0.338 0.118 1    
307:  0.262 0.267 0.243 0.227 1    
308:  0.291 0.283 0.221 0.205 1    
309:  0.288 0.304 0.144 0.264 1    
310:  0.290 0.276 0.139 0.295 1    
311:  0.318 0.273 0.269 0.140 1    
312:  0.258 0.240 0.131 0.372 1    
313:  0.266 0.260 0.265 0.209 1    
314:  0.276 0.282 0.308 0.133 1    
315:  0.294 0.265 0.308 0.134 1    
316:  0.245 0.259 0.232 0.264 1    
317:  0.269 0.238 0.126 0.367 1    
318:  0.164 0.172 0.131 0.533 1    
319:  0.205 0.217 0.316 0.263 1    
320:  0.233 0.208 0.432 0.127 1    
321:  0.182 0.190 0.206 0.421 1    
322:  0.266 0.288 0.201 0.245 1    
323:  0.299 0.254 0.241 0.207 1    
324:  0.303 0.318 0.155 0.223 1    
325:  0.196 0.203 0.187 0.414 1    
326:  0.380 0.318 0.134 0.167 1    
327:  0.218 0.228 0.236 0.319 1    
328:  0.259 0.286 0.200 0.255 1    
329:  0.322 0.314 0.192 0.173 1    
