  1:   0.1281  0.0971  0.1672  0.1151  0.4054  0.0871  1
  2:   0.0480  0.1740  0.1070  0.1220  0.1670  0.3820  1
  3:   0.1290  0.1230  0.1520  0.3340  0.1390  0.1230  1
  4:   0.7930  0.0440  0.0390  0.0440  0.0340  0.0460  1
  5:   0.1309  0.2557  0.2028  0.1129  0.0879  0.2098  1
  6:   0.2530  0.0870  0.0680  0.4550  0.0470  0.0900  1
  7:   0.0400  0.1139  0.1928  0.1279  0.4156  0.1099  1
  8:   0.3504  0.1592  0.1271  0.0881  0.1141  0.1612  1
  9:   0.0490  0.1928  0.2797  0.2008  0.1618  0.1159  1
 10:   0.0510  0.2930  0.1940  0.1690  0.0760  0.2170  1
 11:   0.0799  0.0699  0.0739  0.6723  0.0430  0.0609  1
 12:   0.2850  0.0850  0.0640  0.4310  0.0470  0.0880  1
 13:   0.3370  0.1050  0.1370  0.0830  0.2200  0.1180  1
 14:   0.0720  0.1700  0.2100  0.1040  0.2930  0.1510  1
 15:   0.0819  0.2428  0.1938  0.1009  0.1279  0.2527  1
 16:   0.0730  0.1100  0.1420  0.0640  0.4250  0.1860  1
 17:   0.2398  0.1309  0.1229  0.2178  0.1419  0.1469  1
 18:   0.1510  0.1660  0.0790  0.2190  0.0960  0.2890  1
 19:   0.1179  0.2727  0.2158  0.0490  0.0709  0.2737  1
 20:   0.0970  0.2150  0.2590  0.0990  0.1540  0.1760  1
 21:   0.2910  0.1580  0.1360  0.0920  0.1250  0.1980  1
 22:   0.1712  0.1532  0.1502  0.0551  0.2773  0.1932  1
 23:   0.0790  0.1270  0.1560  0.1240  0.3590  0.1550  1
 24:   0.1111  0.1652  0.1502  0.1131  0.2563  0.2042  1
 25:   0.1271  0.1712  0.1722  0.2362  0.1471  0.1461  1
 26:   0.0629  0.2717  0.2777  0.0569  0.1319  0.1988  1
 27:   0.0560  0.1790  0.2390  0.0970  0.2780  0.1510  1
 28:   0.3160  0.1740  0.1360  0.0800  0.0720  0.2220  1
 29:   0.0621  0.2232  0.2162  0.0961  0.1311  0.2713  1
 30:   0.1010  0.1950  0.1460  0.0920  0.1570  0.3090  1
 31:   0.0630  0.1760  0.2220  0.1720  0.2200  0.1470  1
 32:   0.1260  0.2140  0.2160  0.1470  0.1190  0.1780  1
 33:   0.1139  0.1758  0.1279  0.2318  0.1269  0.2238  1
 34:   0.1160  0.2010  0.1340  0.1030  0.1290  0.3170  1
 35:   0.0560  0.2040  0.1200  0.0610  0.1370  0.4220  1
 36:   0.1181  0.1932  0.1121  0.1041  0.1021  0.3704  1
 37:   0.2090  0.1740  0.1360  0.1400  0.1440  0.1970  1
 38:   0.2100  0.1330  0.1220  0.2670  0.1220  0.1460  1
 39:   0.0750  0.2350  0.2120  0.0890  0.1240  0.2650  1
 40:   0.0609  0.0849  0.0809  0.6244  0.0659  0.0829  1
 41:   0.0330  0.1962  0.1441  0.1181  0.1331  0.3754  1
 42:   0.0440  0.2410  0.1640  0.1050  0.1470  0.2990  1
 43:   0.1210  0.2180  0.1810  0.0410  0.1860  0.2530  1
 44:   0.0660  0.2250  0.2010  0.2510  0.0740  0.1830  1
 45:   0.1980  0.1940  0.1760  0.1060  0.1180  0.2080  1
 46:   0.1230  0.1630  0.1520  0.0670  0.2520  0.2430  1
 47:   0.0569  0.2527  0.1479  0.1658  0.0749  0.3017  1
 48:   0.0840  0.1900  0.1630  0.1370  0.1630  0.2630  1
 49:   0.1210  0.2000  0.1020  0.0610  0.1810  0.3350  1
 50:   0.0591  0.2352  0.2222  0.1782  0.1341  0.1712  1
 51:   0.3784  0.1331  0.1061  0.0661  0.1271  0.1892  1
 52:   0.1041  0.1552  0.1371  0.2362  0.1572  0.2102  1
 53:   0.5656  0.1111  0.0971  0.0511  0.0480  0.1271  1
 54:   0.1740  0.1860  0.1560  0.1080  0.1490  0.2270  1
 55:   0.4246  0.1229  0.1109  0.1309  0.0909  0.1199  1
 56:   0.2410  0.0740  0.0670  0.4730  0.0560  0.0890  1
 57:   0.0850  0.1690  0.1340  0.1950  0.1850  0.2320  1
 58:   0.1648  0.1658  0.1229  0.2957  0.0749  0.1758  1
 59:   0.3790  0.1180  0.1070  0.2200  0.0690  0.1070  1
 60:   0.1690  0.0970  0.1840  0.0400  0.4310  0.0790  1
 61:   0.1978  0.2078  0.1918  0.1169  0.1019  0.1838  1
 62:   0.1850  0.1570  0.1310  0.0750  0.2420  0.2100  1
 63:   0.0760  0.2210  0.2640  0.0740  0.1550  0.2100  1
 64:   0.0470  0.1409  0.1748  0.0999  0.3616  0.1758  1
 65:   0.1160  0.0910  0.0890  0.5130  0.0990  0.0920  1
 66:   0.0450  0.1380  0.1690  0.2530  0.2270  0.1680  1
 67:   0.2690  0.1750  0.1740  0.1360  0.1020  0.1440  1
 68:   0.2960  0.1750  0.1320  0.1200  0.0960  0.1810  1
 69:   0.2160  0.2110  0.1480  0.0930  0.0910  0.2410  1
 70:   0.2070  0.2030  0.1550  0.0940  0.1130  0.2280  1
 71:   0.2500  0.1760  0.1410  0.0680  0.1400  0.2250  1
 72:   0.2953  0.1211  0.0941  0.3043  0.0551  0.1301  1
 73:   0.1692  0.2172  0.2783  0.0741  0.1431  0.1181  1
 74:   0.2098  0.1858  0.1449  0.0689  0.1558  0.2348  1
 75:   0.1331  0.1562  0.1351  0.0641  0.2753  0.2362  1
 76:   0.1090  0.2860  0.2300  0.0510  0.1160  0.2080  1
 77:   0.1672  0.2603  0.1572  0.0591  0.0581  0.2983  1
 78:   0.7340  0.0590  0.0590  0.0560  0.0390  0.0530  1
 79:   0.2533  0.1441  0.1381  0.1301  0.1962  0.1381  1
 80:   0.1120  0.1410  0.1620  0.0880  0.3520  0.1450  1
 81:   0.1500  0.2600  0.1790  0.0820  0.0760  0.2530  1
 82:   0.1732  0.1331  0.1772  0.0901  0.3153  0.1111  1
 83:   0.1060  0.1700  0.1740  0.0450  0.3290  0.1760  1
 84:   0.1429  0.1818  0.1618  0.0649  0.1948  0.2537  1
 85:   0.1041  0.2513  0.1331  0.0440  0.0901  0.3774  1
 86:   0.1562  0.2352  0.1451  0.1562  0.0751  0.2322  1
 87:   0.0651  0.2272  0.2222  0.1351  0.1852  0.1652  1
 88:   0.2270  0.1900  0.1750  0.1030  0.1290  0.1760  1
 89:   0.0260  0.0330  0.1600  0.0240  0.7210  0.0360  1
 90:   0.0541  0.2212  0.1972  0.1191  0.2382  0.1702  1
 91:   0.1630  0.2030  0.1800  0.1920  0.0900  0.1720  1
 92:   0.1720  0.1480  0.1900  0.0980  0.2270  0.1650  1
 93:   0.0290  0.0400  0.1650  0.0220  0.7040  0.0400  1
 94:   0.1260  0.1640  0.1570  0.1120  0.2350  0.2060  1
 95:   0.1250  0.2410  0.1800  0.0850  0.1120  0.2570  1
 96:   0.0460  0.2530  0.3750  0.0530  0.1650  0.1080  1
 97:   0.0740  0.1770  0.1230  0.4590  0.0450  0.1220  1
 98:   0.2012  0.2442  0.2052  0.0490  0.1241  0.1762  1
 99:   0.7752  0.0450  0.0440  0.0260  0.0619  0.0480  1
100:   0.1630  0.1530  0.1150  0.3090  0.0730  0.1870  1
101:   0.1250  0.0950  0.1630  0.1090  0.3990  0.1090  1
102:   0.5180  0.1110  0.1000  0.0440  0.0800  0.1470  1
103:   0.0410  0.2600  0.2900  0.0520  0.1270  0.2300  1
104:   0.0872  0.2555  0.2204  0.1142  0.1192  0.2034  1
105:   0.2020  0.1410  0.1490  0.0840  0.2640  0.1600  1
106:   0.0310  0.2690  0.4300  0.0330  0.1550  0.0820  1
107:   0.2000  0.1350  0.1450  0.1230  0.2430  0.1540  1
108:   0.0579  0.2318  0.3137  0.0929  0.1708  0.1329  1
109:   0.2520  0.1440  0.1110  0.1810  0.0860  0.2260  1
110:   0.1190  0.1980  0.1950  0.1800  0.1220  0.1860  1
111:   0.0781  0.1942  0.1181  0.0591  0.1762  0.3744  1
112:   0.1010  0.2010  0.1910  0.0520  0.2700  0.1850  1
113:   0.1560  0.2030  0.1710  0.1810  0.0920  0.1970  1
114:   0.0320  0.2680  0.4280  0.0330  0.1530  0.0860  1
115:   0.2400  0.1900  0.1520  0.1400  0.0920  0.1860  1
116:   0.3782  0.0828  0.1158  0.0479  0.2864  0.0888  1
117:   0.0821  0.1632  0.1782  0.1682  0.2783  0.1301  1
118:   0.1820  0.2540  0.1880  0.0850  0.1030  0.1880  1
119:   0.3033  0.1522  0.1542  0.0851  0.1291  0.1762  1
120:   0.7732  0.0450  0.0450  0.0270  0.0619  0.0480  1
121:   0.0620  0.2360  0.2190  0.1970  0.1040  0.1820  1
122:   0.2080  0.1330  0.1180  0.3900  0.0480  0.1030  1
123:   0.0629  0.2408  0.1658  0.1968  0.0659  0.2677  1
124:   0.1290  0.1630  0.1070  0.2170  0.1420  0.2420  1
125:   0.2022  0.2132  0.2122  0.0721  0.1161  0.1842  1
126:   0.7030  0.0680  0.0670  0.0420  0.0530  0.0670  1
127:   0.0220  0.0250  0.0240  0.8821  0.0230  0.0240  1
128:   0.1610  0.1160  0.1650  0.0850  0.3670  0.1060  1
129:   0.0290  0.0390  0.1650  0.0210  0.7070  0.0390  1
130:   0.0400  0.2382  0.4404  0.0360  0.1872  0.0581  1
131:   0.0360  0.2400  0.4460  0.0380  0.1840  0.0560  1
132:   0.0740  0.2310  0.2670  0.0640  0.2090  0.1550  1
133:   0.1309  0.2188  0.1628  0.1658  0.0919  0.2298  1
134:   0.0629  0.2498  0.3077  0.0649  0.1269  0.1878  1
135:   0.1419  0.2408  0.3087  0.0589  0.1019  0.1479  1
136:   0.3080  0.1510  0.1180  0.1990  0.0750  0.1490  1
137:   0.0240  0.0250  0.0240  0.8761  0.0250  0.0260  1
138:   0.0230  0.0250  0.0240  0.8780  0.0250  0.0250  1
139:   0.1310  0.1760  0.1890  0.0790  0.1830  0.2420  1
140:   0.0651  0.2362  0.1862  0.0480  0.2282  0.2362  1
141:   0.0630  0.2630  0.2710  0.1070  0.1070  0.1890  1
142:   0.1160  0.2090  0.1910  0.0870  0.1190  0.2780  1
143:   0.0890  0.2200  0.1060  0.0420  0.0960  0.4470  1
144:   0.1160  0.1890  0.1790  0.0790  0.2740  0.1630  1
145:   0.0730  0.2050  0.1880  0.2120  0.1160  0.2060  1
146:   0.3267  0.1179  0.1239  0.0290  0.2827  0.1199  1
147:   0.0900  0.2640  0.2030  0.1620  0.1000  0.1810  1
148:   0.2350  0.1700  0.1950  0.0800  0.1580  0.1620  1
149:   0.1019  0.2597  0.1928  0.1039  0.1409  0.2008  1
150:   0.1250  0.1990  0.2000  0.0420  0.1960  0.2380  1
151:   0.1770  0.1190  0.1220  0.3720  0.0860  0.1240  1
152:   0.0990  0.2500  0.1830  0.0950  0.1240  0.2490  1
153:   0.1401  0.2222  0.2222  0.0761  0.1271  0.2122  1
154:   0.0490  0.2700  0.2070  0.1820  0.0770  0.2150  1
155:   0.0730  0.1970  0.2400  0.2090  0.1110  0.1700  1
156:   0.1240  0.1130  0.1640  0.1280  0.3570  0.1140  1
157:   0.0330  0.1190  0.1910  0.1640  0.3420  0.1510  1
158:   0.0330  0.1200  0.1910  0.1500  0.3350  0.1710  1
159:   0.0500  0.2410  0.3270  0.0940  0.1410  0.1470  1
160:   0.0470  0.2533  0.1441  0.0871  0.0951  0.3734  1
161:   0.0501  0.1131  0.0821  0.5906  0.0420  0.1221  1
162:   0.0620  0.1500  0.1930  0.0870  0.3550  0.1530  1
163:   0.5270  0.0870  0.0790  0.1120  0.0910  0.1040  1
164:   0.3610  0.1010  0.1160  0.0800  0.2440  0.0980  1
165:   0.0511  0.2753  0.1932  0.2202  0.0581  0.2022  1
166:   0.1389  0.2318  0.2168  0.0899  0.1249  0.1978  1
167:   0.1389  0.2448  0.2727  0.0849  0.0929  0.1658  1
168:   0.3417  0.1678  0.1678  0.1179  0.0679  0.1369  1
169:   0.0400  0.2380  0.3330  0.0680  0.1500  0.1710  1
170:   0.1170  0.2440  0.1860  0.1580  0.0850  0.2100  1
171:   0.0530  0.2230  0.3830  0.0350  0.2130  0.0930  1
172:   0.1230  0.0930  0.0990  0.3930  0.1780  0.1140  1
173:   0.1988  0.1269  0.0819  0.3177  0.0699  0.2048  1
174:   0.1838  0.2547  0.2008  0.0689  0.0859  0.2058  1
175:   0.4130  0.1320  0.0920  0.1510  0.0460  0.1660  1
176:   0.0630  0.2060  0.2070  0.0800  0.2240  0.2200  1
177:   0.5900  0.1040  0.0800  0.1120  0.0340  0.0800  1
178:   0.0541  0.2292  0.2703  0.1191  0.1512  0.1762  1
179:   0.1050  0.1980  0.2940  0.0520  0.2270  0.1240  1
180:   0.3053  0.1642  0.1872  0.0380  0.1562  0.1491  1
181:   0.1100  0.0960  0.1120  0.3990  0.1980  0.0850  1
182:   0.3090  0.1700  0.1400  0.0620  0.1120  0.2070  1
183:   0.0549  0.2118  0.1738  0.2038  0.0949  0.2607  1
184:   0.0611  0.2893  0.2302  0.1451  0.0791  0.1952  1
185:   0.0290  0.0340  0.1590  0.0260  0.7160  0.0360  1
186:   0.0290  0.0320  0.1580  0.0250  0.7210  0.0350  1
187:   0.1159  0.2727  0.1768  0.0639  0.0849  0.2857  1
188:   0.0891  0.2543  0.2432  0.0611  0.1421  0.2102  1
189:   0.2060  0.1100  0.0950  0.3720  0.0860  0.1310  1
190:   0.2200  0.1490  0.1130  0.1940  0.1310  0.1930  1
191:   0.1570  0.2140  0.1520  0.2000  0.0800  0.1970  1
192:   0.0480  0.1139  0.0859  0.5914  0.0420  0.1189  1
193:   0.2188  0.1648  0.1339  0.2108  0.0779  0.1938  1
194:   0.0740  0.1130  0.1140  0.3380  0.1860  0.1750  1
195:   0.1700  0.1710  0.1230  0.1680  0.1350  0.2330  1
196:   0.0560  0.2290  0.3730  0.0910  0.1450  0.1060  1
197:   0.3540  0.1220  0.0850  0.2560  0.0650  0.1180  1
198:   0.0530  0.1930  0.1760  0.1720  0.2170  0.1890  1
199:   0.1170  0.1310  0.1600  0.2430  0.2280  0.1210  1
200:   0.1560  0.1830  0.1530  0.0610  0.2560  0.1910  1
201:   0.0659  0.2358  0.2068  0.0380  0.1908  0.2627  1
202:   0.0460  0.3097  0.2138  0.1109  0.0749  0.2448  1
203:   0.0590  0.2480  0.3810  0.0430  0.1610  0.1080  1
204:   0.0869  0.1399  0.1708  0.0919  0.3297  0.1808  1
205:   0.2997  0.1399  0.1359  0.1389  0.1339  0.1518  1
206:   0.2462  0.1502  0.0981  0.1652  0.1051  0.2352  1
207:   0.0520  0.2200  0.2950  0.1780  0.1150  0.1400  1
208:   0.0810  0.1840  0.2200  0.2240  0.0980  0.1930  1
209:   0.0699  0.2358  0.1978  0.1608  0.1469  0.1888  1
210:   0.0650  0.1780  0.1340  0.3540  0.0800  0.1890  1
211:   0.0681  0.1201  0.1231  0.4404  0.0971  0.1512  1
212:   0.0800  0.2720  0.1780  0.0980  0.1130  0.2590  1
213:   0.1389  0.2547  0.1409  0.0330  0.0589  0.3736  1
214:   0.1030  0.1880  0.1420  0.1750  0.1080  0.2840  1
215:   0.0410  0.0910  0.1690  0.0360  0.5490  0.1140  1
216:   0.6210  0.0490  0.0490  0.1560  0.0670  0.0580  1
217:   0.0900  0.2280  0.2710  0.1050  0.1480  0.1580  1
218:   0.0791  0.2052  0.1582  0.0671  0.2392  0.2513  1
219:   0.1200  0.2040  0.2540  0.0990  0.1640  0.1590  1
220:   0.1339  0.1678  0.1528  0.1798  0.1578  0.2078  1
221:   0.0910  0.1570  0.1870  0.1340  0.2910  0.1400  1
222:   0.0669  0.1578  0.1998  0.0929  0.3257  0.1568  1
223:   0.0920  0.2080  0.1750  0.1030  0.2250  0.1970  1
224:   0.0601  0.2913  0.2713  0.1091  0.0731  0.1952  1
225:   0.1111  0.2062  0.1081  0.0671  0.1281  0.3794  1
226:   0.0650  0.0630  0.0680  0.7100  0.0400  0.0540  1
227:   0.0600  0.1830  0.1190  0.0620  0.1610  0.4150  1
228:   0.1141  0.2062  0.2613  0.0571  0.2102  0.1512  1
229:   0.3070  0.1230  0.1020  0.0800  0.2050  0.1830  1
230:   0.1986  0.1527  0.1657  0.1786  0.1387  0.1657  1
231:   0.1050  0.2580  0.2010  0.1190  0.1130  0.2040  1
232:   0.2270  0.1440  0.1630  0.0510  0.2450  0.1700  1
233:   0.4580  0.0830  0.0630  0.2890  0.0370  0.0700  1
234:   0.2350  0.1790  0.2610  0.0610  0.1570  0.1070  1
235:   0.0731  0.1602  0.0951  0.3363  0.0581  0.2773  1
236:   0.4730  0.1150  0.0950  0.1160  0.0760  0.1250  1
237:   0.1788  0.1419  0.1439  0.1309  0.2238  0.1808  1
238:   0.5420  0.0720  0.0670  0.1690  0.0700  0.0800  1
239:   0.3020  0.1480  0.1500  0.1300  0.1090  0.1610  1
240:   0.0800  0.1790  0.1710  0.0860  0.2400  0.2440  1
241:   0.3990  0.0920  0.1000  0.0980  0.1940  0.1170  1
242:   0.5170  0.0870  0.0640  0.2150  0.0390  0.0780  1
243:   0.1040  0.1980  0.1760  0.0740  0.1950  0.2530  1
244:   0.0700  0.2260  0.2490  0.1230  0.1320  0.2000  1
245:   0.1250  0.2530  0.2380  0.0780  0.1310  0.1750  1
246:   0.1031  0.1391  0.1411  0.2112  0.2232  0.1822  1
247:   0.1750  0.1640  0.2300  0.1920  0.1390  0.1000  1
248:   0.2550  0.2110  0.1560  0.1490  0.0630  0.1660  1
249:   0.1540  0.1880  0.2800  0.0640  0.1870  0.1270  1
250:   0.2330  0.1230  0.1410  0.1190  0.2470  0.1370  1
251:   0.1400  0.1490  0.1300  0.3730  0.0760  0.1320  1
252:   0.1010  0.2110  0.2590  0.0850  0.1860  0.1580  1
253:   0.3450  0.1650  0.1320  0.0690  0.0980  0.1910  1
254:   0.1111  0.2462  0.1802  0.1321  0.1021  0.2282  1
255:   0.2760  0.1210  0.1300  0.2080  0.1330  0.1320  1
256:   0.4670  0.1110  0.0700  0.0860  0.0560  0.2100  1
257:   0.6543  0.0679  0.0589  0.1159  0.0440  0.0589  1
258:   0.2823  0.1722  0.1391  0.1241  0.1401  0.1421  1
259:   0.2092  0.2322  0.1321  0.0901  0.0611  0.2753  1
260:   0.2593  0.1351  0.1101  0.2082  0.1281  0.1592  1
261:   0.0930  0.1250  0.1360  0.3080  0.2050  0.1330  1
262:   0.4420  0.0890  0.1020  0.1700  0.1090  0.0880  1
263:   0.0599  0.2378  0.2697  0.1059  0.1499  0.1768  1
264:   0.2242  0.1922  0.1652  0.1121  0.1141  0.1922  1
265:   0.2840  0.1600  0.1260  0.2170  0.0720  0.1410  1
266:   0.1120  0.1390  0.1790  0.1220  0.3210  0.1270  1
267:   0.1201  0.1782  0.1632  0.1011  0.2312  0.2062  1
268:   0.4765  0.1101  0.0831  0.0751  0.1031  0.1522  1
269:   0.2440  0.2400  0.1620  0.0410  0.0840  0.2290  1
270:   0.3904  0.1231  0.1091  0.0891  0.1191  0.1692  1

  1:   0.1220  0.1020  0.3020  0.1150  0.2680  0.0910  1
  2:   0.0490  0.1918  0.1329  0.1329  0.1339  0.3596  1
  3:   0.1261  0.1241  0.1431  0.3514  0.1271  0.1281  1
  4:   0.7808  0.0450  0.0380  0.0460  0.0400  0.0501  1
  5:   0.1321  0.2252  0.1331  0.1201  0.1932  0.1962  1
  6:   0.2843  0.0821  0.0621  0.4114  0.0721  0.0881  1
  7:   0.0440  0.1311  0.2923  0.1311  0.2783  0.1231  1
  8:   0.3397  0.1453  0.1212  0.0952  0.1363  0.1623  1
  9:   0.0480  0.2202  0.2112  0.2092  0.1431  0.1682  1
 10:   0.0549  0.2498  0.1279  0.1868  0.2038  0.1768  1
 11:   0.0901  0.0731  0.0711  0.6346  0.0601  0.0711  1
 12:   0.2920  0.0820  0.0620  0.4120  0.0680  0.0840  1
 13:   0.3270  0.1130  0.1890  0.0860  0.1630  0.1220  1
 14:   0.0731  0.1653  0.2425  0.1062  0.2435  0.1693  1
 15:   0.0879  0.2178  0.1499  0.0999  0.1768  0.2677  1
 16:   0.0789  0.1129  0.2927  0.0639  0.2677  0.1838  1
 17:   0.2330  0.1350  0.1450  0.2130  0.1350  0.1390  1
 18:   0.1560  0.1640  0.0880  0.2370  0.0940  0.2610  1
 19:   0.1239  0.2577  0.1349  0.0529  0.1508  0.2797  1
 20:   0.0940  0.2340  0.2070  0.1050  0.1760  0.1840  1
 21:   0.2880  0.1730  0.1270  0.0850  0.1300  0.1970  1
 22:   0.1692  0.1451  0.2092  0.0601  0.2132  0.2032  1
 23:   0.0830  0.1250  0.2710  0.1190  0.2510  0.1510  1
 24:   0.1181  0.1672  0.2092  0.1161  0.2272  0.1622  1
 25:   0.1271  0.1722  0.1692  0.2312  0.1572  0.1431  1
 26:   0.0660  0.2780  0.1860  0.0620  0.1930  0.2150  1
 27:   0.0609  0.1838  0.2378  0.0969  0.2278  0.1928  1
 28:   0.3173  0.1732  0.1031  0.0801  0.1081  0.2182  1
 29:   0.0669  0.2358  0.1528  0.1079  0.1499  0.2867  1
 30:   0.1029  0.2138  0.1568  0.0919  0.1568  0.2777  1
 31:   0.0651  0.1772  0.2152  0.1892  0.1802  0.1732  1
 32:   0.1299  0.2108  0.1578  0.1489  0.1459  0.2068  1
 33:   0.1160  0.1700  0.1420  0.2290  0.1400  0.2030  1
 34:   0.1220  0.2000  0.1250  0.1030  0.1430  0.3070  1
 35:   0.0570  0.2230  0.1320  0.0670  0.1320  0.3890  1
 36:   0.1341  0.1942  0.1051  0.1031  0.1291  0.3343  1
 37:   0.2162  0.1572  0.1351  0.1411  0.1632  0.1872  1
 38:   0.2220  0.1360  0.1170  0.2490  0.1280  0.1480  1
 39:   0.0870  0.2350  0.1670  0.0830  0.1390  0.2890  1
 40:   0.0670  0.0920  0.0810  0.6010  0.0730  0.0860  1
 41:   0.0350  0.2322  0.1401  0.1271  0.1281  0.3373  1
 42:   0.0480  0.2350  0.1680  0.1180  0.1630  0.2680  1
 43:   0.1200  0.2190  0.1900  0.0440  0.1920  0.2350  1
 44:   0.0641  0.2222  0.1271  0.2573  0.1662  0.1632  1
 45:   0.1930  0.1980  0.1460  0.1080  0.1360  0.2190  1
 46:   0.1229  0.1648  0.2178  0.0669  0.1968  0.2308  1
 47:   0.0620  0.2370  0.1020  0.1820  0.1420  0.2750  1
 48:   0.0861  0.2072  0.1652  0.1381  0.1812  0.2222  1
 49:   0.1191  0.2052  0.1481  0.0651  0.1622  0.3003  1
 50:   0.0589  0.2248  0.1628  0.1918  0.2308  0.1309  1
 51:   0.3620  0.1370  0.1320  0.0660  0.1200  0.1830  1
 52:   0.1099  0.1638  0.1538  0.2398  0.1469  0.1858  1
 53:   0.5546  0.1151  0.0771  0.0511  0.0681  0.1341  1
 54:   0.1790  0.1900  0.1650  0.1000  0.1480  0.2180  1
 55:   0.4140  0.1250  0.1110  0.1240  0.0950  0.1310  1
 56:   0.2570  0.0740  0.0790  0.4320  0.0760  0.0820  1
 57:   0.0899  0.1708  0.1678  0.1868  0.1788  0.2058  1
 58:   0.1570  0.1720  0.1110  0.2810  0.1240  0.1550  1
 59:   0.3714  0.1181  0.0911  0.2162  0.0941  0.1091  1
 60:   0.1610  0.1110  0.3170  0.0420  0.2850  0.0840  1
 61:   0.1950  0.1900  0.1440  0.1150  0.1500  0.2060  1
 62:   0.1790  0.1520  0.1990  0.0840  0.2040  0.1820  1
 63:   0.0760  0.2620  0.2220  0.0730  0.1480  0.2190  1
 64:   0.0480  0.1419  0.2847  0.1049  0.2547  0.1658  1
 65:   0.1361  0.0881  0.1181  0.4585  0.1091  0.0901  1
 66:   0.0450  0.1409  0.2018  0.2607  0.1888  0.1628  1
 67:   0.2577  0.1818  0.1299  0.1439  0.1578  0.1289  1
 68:   0.2910  0.1640  0.1120  0.1240  0.1370  0.1720  1
 69:   0.2242  0.1882  0.1031  0.0901  0.1491  0.2452  1
 70:   0.2170  0.1920  0.1120  0.0940  0.1510  0.2340  1
 71:   0.2647  0.1668  0.1369  0.0649  0.1548  0.2118  1
 72:   0.3137  0.1099  0.0859  0.2677  0.0939  0.1289  1
 73:   0.1808  0.2178  0.2008  0.0719  0.1538  0.1748  1
 74:   0.2072  0.1902  0.1491  0.0691  0.1582  0.2262  1
 75:   0.1290  0.1640  0.2150  0.0660  0.2030  0.2230  1
 76:   0.1189  0.2517  0.1548  0.0569  0.2338  0.1838  1
 77:   0.1898  0.2328  0.0899  0.0589  0.1389  0.2897  1
 78:   0.7163  0.0609  0.0539  0.0599  0.0509  0.0579  1
 79:   0.2547  0.1379  0.1608  0.1269  0.1818  0.1379  1
 80:   0.1129  0.1379  0.2577  0.0929  0.2627  0.1359  1
 81:   0.1660  0.2220  0.1060  0.0830  0.1720  0.2510  1
 82:   0.1692  0.1221  0.2683  0.0961  0.2382  0.1061  1
 83:   0.1080  0.1620  0.2570  0.0480  0.2760  0.1490  1
 84:   0.1441  0.1762  0.1852  0.0661  0.1752  0.2533  1
 85:   0.1199  0.2328  0.1079  0.0440  0.1279  0.3676  1
 86:   0.1600  0.1990  0.1090  0.1590  0.1580  0.2150  1
 87:   0.0640  0.2140  0.1810  0.1580  0.2630  0.1200  1
 88:   0.2370  0.1810  0.1500  0.1030  0.1420  0.1870  1
 89:   0.0260  0.0320  0.4635  0.0240  0.4214  0.0330  1
 90:   0.0551  0.1972  0.2172  0.1231  0.2513  0.1562  1
 91:   0.1632  0.1902  0.1241  0.2062  0.1612  0.1552  1
 92:   0.1652  0.1772  0.2132  0.1001  0.1742  0.1702  1
 93:   0.0310  0.0420  0.4460  0.0240  0.4170  0.0400  1
 94:   0.1240  0.1650  0.2180  0.1200  0.1850  0.1880  1
 95:   0.1370  0.2060  0.1270  0.0830  0.1950  0.2520  1
 96:   0.0500  0.2767  0.2478  0.0539  0.1768  0.1948  1
 97:   0.0779  0.1548  0.0869  0.4366  0.1489  0.0949  1
 98:   0.1988  0.2138  0.1479  0.0529  0.1958  0.1908  1
 99:   0.7582  0.0490  0.0549  0.0270  0.0599  0.0509  1
100:   0.1732  0.1431  0.1021  0.2943  0.1051  0.1822  1
101:   0.1170  0.0980  0.2870  0.1030  0.2740  0.1210  1
102:   0.5005  0.1149  0.0929  0.0480  0.0889  0.1548  1
103:   0.0460  0.2967  0.2088  0.0519  0.1389  0.2577  1
104:   0.0909  0.2318  0.1518  0.1189  0.1928  0.2138  1
105:   0.2010  0.1440  0.2060  0.0850  0.2000  0.1640  1
106:   0.0330  0.3137  0.3017  0.0340  0.1538  0.1638  1
107:   0.2000  0.1320  0.2090  0.1180  0.1930  0.1480  1
108:   0.0630  0.2620  0.2320  0.1010  0.1850  0.1570  1
109:   0.2507  0.1439  0.1139  0.1848  0.1019  0.2048  1
110:   0.1240  0.2000  0.1510  0.1950  0.1510  0.1790  1
111:   0.0840  0.2070  0.1590  0.0630  0.1670  0.3200  1
112:   0.1029  0.2018  0.2168  0.0549  0.2637  0.1598  1
113:   0.1489  0.1998  0.1239  0.1998  0.1608  0.1668  1
114:   0.0330  0.3170  0.3010  0.0340  0.1540  0.1610  1
115:   0.2503  0.1772  0.1171  0.1361  0.1191  0.2002  1
116:   0.3674  0.0901  0.2012  0.0490  0.1952  0.0971  1
117:   0.0860  0.1650  0.2200  0.1740  0.2490  0.1060  1
118:   0.1820  0.2140  0.1390  0.0930  0.1670  0.2050  1
119:   0.3040  0.1640  0.1450  0.0860  0.1240  0.1770  1
120:   0.7570  0.0480  0.0540  0.0270  0.0600  0.0540  1
121:   0.0631  0.2192  0.1532  0.2092  0.1702  0.1852  1
122:   0.2140  0.1260  0.0820  0.3780  0.0990  0.1010  1
123:   0.0679  0.2178  0.1069  0.2138  0.1798  0.2138  1
124:   0.1450  0.1650  0.1260  0.2120  0.1390  0.2130  1
125:   0.1982  0.2182  0.1602  0.0781  0.1642  0.1812  1
126:   0.6760  0.0700  0.0710  0.0440  0.0620  0.0770  1
127:   0.0220  0.0250  0.0240  0.8790  0.0250  0.0250  1
128:   0.1570  0.1230  0.2680  0.0900  0.2560  0.1060  1
129:   0.0300  0.0430  0.4474  0.0220  0.4164  0.0410  1
130:   0.0420  0.2930  0.3270  0.0380  0.1600  0.1400  1
131:   0.0400  0.2923  0.3233  0.0400  0.1622  0.1421  1
132:   0.0729  0.2238  0.2378  0.0719  0.2398  0.1538  1
133:   0.1360  0.2120  0.1280  0.1670  0.1540  0.2030  1
134:   0.0650  0.2930  0.2050  0.0710  0.1380  0.2280  1
135:   0.1451  0.2543  0.1862  0.0671  0.1692  0.1782  1
136:   0.3170  0.1390  0.1040  0.1860  0.1150  0.1390  1
137:   0.0250  0.0270  0.0260  0.8691  0.0260  0.0270  1
138:   0.0250  0.0260  0.0250  0.8699  0.0270  0.0270  1
139:   0.1310  0.1910  0.1990  0.0830  0.1590  0.2370  1
140:   0.0730  0.2160  0.2010  0.0490  0.2170  0.2440  1
141:   0.0650  0.2670  0.1790  0.1110  0.1810  0.1970  1
142:   0.1129  0.2388  0.1489  0.0899  0.1469  0.2627  1
143:   0.0890  0.2470  0.0940  0.0440  0.1200  0.4060  1
144:   0.1130  0.1780  0.2290  0.0790  0.2630  0.1380  1
145:   0.0789  0.1928  0.1299  0.2138  0.1469  0.2378  1
146:   0.3233  0.1041  0.1952  0.0290  0.2142  0.1341  1
147:   0.0991  0.2212  0.1291  0.1642  0.1792  0.2072  1
148:   0.2250  0.1730  0.1590  0.0840  0.1640  0.1950  1
149:   0.1079  0.2148  0.1538  0.1109  0.1928  0.2198  1
150:   0.1321  0.2112  0.2082  0.0420  0.1632  0.2432  1
151:   0.2038  0.1219  0.0949  0.3427  0.0999  0.1369  1
152:   0.1100  0.2190  0.1380  0.0960  0.1760  0.2610  1
153:   0.1469  0.2268  0.1578  0.0799  0.1449  0.2438  1
154:   0.0509  0.2428  0.1369  0.1828  0.2128  0.1738  1
155:   0.0800  0.2070  0.1590  0.2330  0.1410  0.1800  1
156:   0.1221  0.1051  0.2673  0.1191  0.2523  0.1341  1
157:   0.0350  0.1350  0.2380  0.1890  0.2470  0.1560  1
158:   0.0350  0.1420  0.2290  0.1730  0.2390  0.1820  1
159:   0.0521  0.2693  0.2222  0.1011  0.1502  0.2052  1
160:   0.0490  0.2547  0.1219  0.0949  0.1319  0.3477  1
161:   0.0531  0.1071  0.0601  0.6036  0.0851  0.0911  1
162:   0.0599  0.1439  0.2987  0.0919  0.2488  0.1568  1
163:   0.5135  0.0869  0.0909  0.1139  0.0889  0.1059  1
164:   0.3480  0.0930  0.1920  0.0810  0.1820  0.1040  1
165:   0.0500  0.2410  0.1190  0.2260  0.2180  0.1460  1
166:   0.1370  0.2290  0.1620  0.0960  0.1900  0.1860  1
167:   0.1400  0.2540  0.1760  0.0840  0.1700  0.1760  1
168:   0.3347  0.1754  0.1132  0.1172  0.1042  0.1553  1
169:   0.0420  0.2773  0.2282  0.0661  0.1552  0.2312  1
170:   0.1160  0.2170  0.1290  0.1780  0.2030  0.1570  1
171:   0.0571  0.2693  0.3013  0.0380  0.1972  0.1371  1
172:   0.1229  0.0959  0.1479  0.3786  0.1439  0.1109  1
173:   0.2028  0.1279  0.0739  0.3267  0.0909  0.1778  1
174:   0.1910  0.2260  0.1230  0.0740  0.1680  0.2180  1
175:   0.4060  0.1290  0.0680  0.1440  0.0830  0.1700  1
176:   0.0650  0.2120  0.2040  0.0800  0.2220  0.2170  1
177:   0.5660  0.1020  0.0590  0.1220  0.0830  0.0680  1
178:   0.0569  0.2418  0.1918  0.1309  0.1948  0.1838  1
179:   0.1100  0.2360  0.2360  0.0500  0.2020  0.1660  1
180:   0.2940  0.1770  0.1550  0.0390  0.1450  0.1900  1
181:   0.1170  0.0930  0.1610  0.3860  0.1530  0.0900  1
182:   0.3043  0.1682  0.1251  0.0671  0.1361  0.1992  1
183:   0.0581  0.2242  0.1291  0.2162  0.1141  0.2583  1
184:   0.0601  0.2603  0.1431  0.1562  0.2332  0.1471  1
185:   0.0280  0.0330  0.4615  0.0270  0.4166  0.0340  1
186:   0.0280  0.0340  0.4605  0.0260  0.4184  0.0330  1
187:   0.1340  0.2330  0.1100  0.0650  0.1560  0.3020  1
188:   0.1010  0.2370  0.1770  0.0630  0.1890  0.2330  1
189:   0.2240  0.1040  0.1140  0.3340  0.1010  0.1230  1
190:   0.2370  0.1350  0.1400  0.1690  0.1390  0.1800  1
191:   0.1660  0.1850  0.1120  0.2030  0.1390  0.1950  1
192:   0.0520  0.1080  0.0620  0.6050  0.0830  0.0900  1
193:   0.2198  0.1638  0.1119  0.2058  0.1089  0.1898  1
194:   0.0731  0.1201  0.1692  0.3193  0.1481  0.1702  1
195:   0.1990  0.1530  0.1290  0.1390  0.1480  0.2320  1
196:   0.0580  0.2720  0.2610  0.0940  0.1500  0.1650  1
197:   0.3560  0.1140  0.0810  0.2530  0.0950  0.1010  1
198:   0.0561  0.1872  0.2002  0.1712  0.2162  0.1692  1
199:   0.1201  0.1431  0.1952  0.2162  0.1862  0.1391  1
200:   0.1489  0.1788  0.2058  0.0659  0.2298  0.1708  1
201:   0.0709  0.2308  0.1968  0.0400  0.1868  0.2747  1
202:   0.0480  0.2770  0.1300  0.1330  0.2180  0.1940  1
203:   0.0620  0.2830  0.2610  0.0440  0.1600  0.1900  1
204:   0.0920  0.1450  0.2430  0.0960  0.2480  0.1760  1
205:   0.2937  0.1359  0.1349  0.1449  0.1419  0.1489  1
206:   0.2340  0.1560  0.1050  0.1620  0.1170  0.2260  1
207:   0.0580  0.2520  0.1910  0.1870  0.1310  0.1810  1
208:   0.0880  0.2140  0.1580  0.2190  0.1120  0.2090  1
209:   0.0720  0.2210  0.1550  0.1760  0.2320  0.1440  1
210:   0.0680  0.1780  0.1040  0.3550  0.1350  0.1600  1
211:   0.0649  0.1359  0.1239  0.4256  0.0919  0.1578  1
212:   0.0791  0.2332  0.1281  0.1181  0.2102  0.2312  1
213:   0.1471  0.2543  0.0981  0.0330  0.1261  0.3413  1
214:   0.1049  0.1938  0.1329  0.1768  0.1309  0.2607  1
215:   0.0430  0.0940  0.3650  0.0390  0.3510  0.1080  1
216:   0.6060  0.0490  0.0560  0.1710  0.0650  0.0530  1
217:   0.0909  0.2378  0.2018  0.1129  0.2018  0.1548  1
218:   0.0870  0.1970  0.1880  0.0710  0.2070  0.2500  1
219:   0.1150  0.2210  0.2060  0.1090  0.1860  0.1630  1
220:   0.1370  0.1760  0.1570  0.1790  0.1470  0.2040  1
221:   0.0889  0.1578  0.2208  0.1369  0.2478  0.1479  1
222:   0.0700  0.1710  0.2320  0.0980  0.2530  0.1760  1
223:   0.0941  0.1902  0.1982  0.1081  0.2492  0.1602  1
224:   0.0611  0.2753  0.1562  0.1281  0.2152  0.1642  1
225:   0.1080  0.2230  0.1250  0.0710  0.1320  0.3410  1
226:   0.0631  0.0671  0.0561  0.7047  0.0531  0.0561  1
227:   0.0620  0.2090  0.1440  0.0650  0.1350  0.3850  1
228:   0.1181  0.2172  0.2372  0.0571  0.1862  0.1842  1
229:   0.3010  0.1150  0.1650  0.0810  0.1650  0.1730  1
230:   0.1930  0.1620  0.1580  0.1850  0.1310  0.1710  1
231:   0.1030  0.2350  0.1610  0.1180  0.2230  0.1600  1
232:   0.2262  0.1512  0.2072  0.0531  0.1912  0.1712  1
233:   0.4340  0.0770  0.0600  0.2980  0.0660  0.0650  1
234:   0.2178  0.1948  0.2068  0.0649  0.1538  0.1618  1
235:   0.0720  0.1750  0.0820  0.3320  0.0900  0.2490  1
236:   0.4610  0.1100  0.0950  0.1160  0.1040  0.1140  1
237:   0.1760  0.1470  0.1810  0.1350  0.1880  0.1730  1
238:   0.5295  0.0761  0.0691  0.1752  0.0711  0.0791  1
239:   0.2797  0.1459  0.1309  0.1359  0.1349  0.1728  1
240:   0.0821  0.1922  0.2192  0.0911  0.1912  0.2242  1
241:   0.3726  0.0969  0.1538  0.0989  0.1678  0.1099  1
242:   0.5150  0.0750  0.0610  0.2100  0.0680  0.0710  1
243:   0.1141  0.1832  0.1802  0.0791  0.1712  0.2723  1
244:   0.0780  0.2450  0.1820  0.1200  0.1600  0.2150  1
245:   0.1201  0.2362  0.1822  0.0851  0.2212  0.1552  1
246:   0.1079  0.1449  0.1878  0.2118  0.1818  0.1658  1
247:   0.1710  0.1750  0.2050  0.1860  0.1320  0.1310  1
248:   0.2432  0.1822  0.1051  0.1692  0.1481  0.1522  1
249:   0.1582  0.2162  0.2392  0.0641  0.1632  0.1592  1
250:   0.2190  0.1300  0.2050  0.1220  0.1980  0.1260  1
251:   0.1430  0.1450  0.1050  0.3610  0.1160  0.1300  1
252:   0.1040  0.2130  0.1940  0.0900  0.2100  0.1890  1
253:   0.3330  0.1610  0.1190  0.0730  0.1280  0.1860  1
254:   0.1170  0.2070  0.1250  0.1370  0.1710  0.2430  1
255:   0.2820  0.1220  0.1420  0.1990  0.1260  0.1290  1
256:   0.4730  0.1230  0.0650  0.0860  0.0670  0.1860  1
257:   0.6480  0.0610  0.0560  0.1120  0.0590  0.0640  1
258:   0.2900  0.1480  0.1310  0.1290  0.1550  0.1470  1
259:   0.2230  0.2080  0.0870  0.0970  0.1290  0.2560  1
260:   0.2593  0.1261  0.1351  0.1892  0.1441  0.1461  1
261:   0.0922  0.1222  0.1844  0.2956  0.1713  0.1343  1
262:   0.4440  0.0900  0.1140  0.1550  0.0980  0.0990  1
263:   0.0660  0.2570  0.2020  0.1030  0.1910  0.1810  1
264:   0.2278  0.1818  0.1379  0.1099  0.1489  0.1938  1
265:   0.2810  0.1470  0.1030  0.2230  0.1140  0.1320  1
266:   0.1180  0.1370  0.2250  0.1290  0.2470  0.1440  1
267:   0.1240  0.1750  0.2030  0.0980  0.2120  0.1880  1
268:   0.4765  0.1139  0.0919  0.0729  0.1009  0.1439  1
269:   0.2640  0.2100  0.1100  0.0410  0.1410  0.2340  1
270:   0.3920  0.1190  0.1230  0.0840  0.1170  0.1650  1

  1:   0.1331  0.1031  0.1131  0.1091  0.4434  0.0981  1
  2:   0.0519  0.1179  0.1878  0.1249  0.1578  0.3596  1
  3:   0.1290  0.1360  0.1350  0.3230  0.1300  0.1470  1
  4:   0.7618  0.0460  0.0450  0.0501  0.0470  0.0501  1
  5:   0.1341  0.2643  0.2162  0.1281  0.0731  0.1842  1
  6:   0.2563  0.0871  0.0911  0.4304  0.0470  0.0881  1
  7:   0.0440  0.1330  0.1340  0.1280  0.4390  0.1220  1
  8:   0.3477  0.1459  0.1429  0.0929  0.1149  0.1558  1
  9:   0.0539  0.2216  0.2615  0.1986  0.1148  0.1497  1
 10:   0.0590  0.2640  0.2040  0.2100  0.0730  0.1900  1
 11:   0.0889  0.0819  0.0779  0.6404  0.0390  0.0719  1
 12:   0.2750  0.0810  0.0880  0.4240  0.0470  0.0850  1
 13:   0.3210  0.1020  0.1130  0.0850  0.2560  0.1230  1
 14:   0.0790  0.1660  0.1720  0.1050  0.3030  0.1750  1
 15:   0.0940  0.2170  0.1950  0.0990  0.1150  0.2800  1
 16:   0.0739  0.0859  0.1159  0.0649  0.4725  0.1868  1
 17:   0.2470  0.1260  0.1310  0.2040  0.1540  0.1380  1
 18:   0.1520  0.1010  0.1480  0.2260  0.0970  0.2760  1
 19:   0.1359  0.2478  0.2448  0.0529  0.0410  0.2777  1
 20:   0.1009  0.2288  0.2498  0.1049  0.1309  0.1848  1
 21:   0.2820  0.1520  0.1590  0.0900  0.1360  0.1810  1
 22:   0.1750  0.1340  0.1380  0.0580  0.2980  0.1970  1
 23:   0.0849  0.1169  0.1259  0.1169  0.3946  0.1608  1
 24:   0.1181  0.1512  0.1522  0.1161  0.2863  0.1762  1
 25:   0.1290  0.1680  0.1770  0.2360  0.1410  0.1490  1
 26:   0.0690  0.2730  0.2740  0.0660  0.1010  0.2170  1
 27:   0.0699  0.1828  0.1938  0.0969  0.2667  0.1898  1
 28:   0.3007  0.1638  0.1748  0.0809  0.0599  0.2198  1
 29:   0.0721  0.2052  0.2513  0.1081  0.0971  0.2663  1
 30:   0.0970  0.1540  0.2030  0.0970  0.1720  0.2770  1
 31:   0.0670  0.1990  0.2040  0.1750  0.1880  0.1670  1
 32:   0.1400  0.2220  0.2170  0.1450  0.0820  0.1940  1
 33:   0.1250  0.1530  0.1620  0.2240  0.1230  0.2130  1
 34:   0.1219  0.1708  0.1778  0.0939  0.1279  0.3077  1
 35:   0.0590  0.1380  0.2160  0.0630  0.1430  0.3810  1
 36:   0.1320  0.1520  0.1810  0.1000  0.0930  0.3420  1
 37:   0.2150  0.1530  0.1450  0.1370  0.1600  0.1900  1
 38:   0.2170  0.1310  0.1290  0.2600  0.1220  0.1410  1
 39:   0.0850  0.2070  0.2570  0.0840  0.0960  0.2710  1
 40:   0.0660  0.0860  0.0870  0.6110  0.0630  0.0870  1
 41:   0.0380  0.1419  0.2288  0.1099  0.1259  0.3556  1
 42:   0.0490  0.1950  0.2190  0.1110  0.1470  0.2790  1
 43:   0.1230  0.1800  0.1990  0.0440  0.2110  0.2430  1
 44:   0.0601  0.2302  0.2152  0.2733  0.0561  0.1652  1
 45:   0.1890  0.1870  0.1940  0.1070  0.1080  0.2150  1
 46:   0.1301  0.1361  0.1471  0.0681  0.2863  0.2322  1
 47:   0.0681  0.2092  0.2052  0.1932  0.0571  0.2673  1
 48:   0.0810  0.1760  0.2010  0.1560  0.1620  0.2240  1
 49:   0.1130  0.1220  0.1670  0.0650  0.2190  0.3140  1
 50:   0.0580  0.2570  0.2140  0.2160  0.1360  0.1190  1
 51:   0.3600  0.1150  0.1330  0.0650  0.1480  0.1790  1
 52:   0.1060  0.1460  0.1480  0.2310  0.1680  0.2010  1
 53:   0.5395  0.1169  0.1219  0.0529  0.0410  0.1279  1
 54:   0.1788  0.1638  0.1778  0.1039  0.1439  0.2318  1
 55:   0.4156  0.1219  0.1209  0.1319  0.0819  0.1279  1
 56:   0.2777  0.0829  0.0749  0.4196  0.0529  0.0919  1
 57:   0.0880  0.1470  0.1690  0.1910  0.1990  0.2060  1
 58:   0.1660  0.1520  0.1480  0.3020  0.0760  0.1560  1
 59:   0.3680  0.1230  0.1180  0.2190  0.0650  0.1070  1
 60:   0.1722  0.1051  0.1091  0.0390  0.4915  0.0831  1
 61:   0.1890  0.2110  0.2010  0.1160  0.0800  0.2030  1
 62:   0.1732  0.1251  0.1411  0.0821  0.2993  0.1792  1
 63:   0.0740  0.2170  0.3010  0.0760  0.1240  0.2080  1
 64:   0.0480  0.1221  0.1351  0.1011  0.4254  0.1682  1
 65:   0.1469  0.0909  0.0899  0.4595  0.1019  0.1109  1
 66:   0.0480  0.1210  0.1490  0.2490  0.2650  0.1680  1
 67:   0.2560  0.1950  0.1690  0.1600  0.0940  0.1260  1
 68:   0.2817  0.1668  0.1538  0.1249  0.0939  0.1788  1
 69:   0.2360  0.1870  0.1710  0.0920  0.0690  0.2450  1
 70:   0.2158  0.1918  0.1668  0.0959  0.0869  0.2428  1
 71:   0.2380  0.1620  0.1590  0.0640  0.1580  0.2190  1
 72:   0.3213  0.1181  0.1071  0.2703  0.0490  0.1341  1
 73:   0.1892  0.2523  0.2332  0.0741  0.0861  0.1652  1
 74:   0.1950  0.1630  0.1650  0.0720  0.1590  0.2460  1
 75:   0.1229  0.1289  0.1399  0.0649  0.3217  0.2218  1
 76:   0.1121  0.3083  0.2442  0.0561  0.1061  0.1732  1
 77:   0.1772  0.2202  0.2032  0.0581  0.0320  0.3093  1
 78:   0.7143  0.0619  0.0609  0.0659  0.0390  0.0579  1
 79:   0.2610  0.1500  0.1240  0.1360  0.2010  0.1280  1
 80:   0.1160  0.1350  0.1190  0.0960  0.4030  0.1310  1
 81:   0.1640  0.2310  0.1890  0.0830  0.0570  0.2760  1
 82:   0.1622  0.1321  0.1321  0.0921  0.3794  0.1021  1
 83:   0.1090  0.1580  0.1470  0.0470  0.3850  0.1540  1
 84:   0.1502  0.1582  0.1762  0.0631  0.1802  0.2723  1
 85:   0.1190  0.1860  0.2160  0.0440  0.0730  0.3620  1
 86:   0.1830  0.1970  0.1630  0.1610  0.0760  0.2200  1
 87:   0.0610  0.2530  0.2030  0.1730  0.1910  0.1190  1
 88:   0.2220  0.1850  0.1890  0.1040  0.1090  0.1910  1
 89:   0.0260  0.0300  0.0330  0.0240  0.8560  0.0310  1
 90:   0.0570  0.2100  0.1900  0.1310  0.2560  0.1560  1
 91:   0.1710  0.2070  0.1840  0.2080  0.0780  0.1520  1
 92:   0.1672  0.1481  0.1762  0.1001  0.2372  0.1712  1
 93:   0.0300  0.0390  0.0420  0.0230  0.8270  0.0390  1
 94:   0.1330  0.1410  0.1550  0.1150  0.2580  0.1980  1
 95:   0.1261  0.2252  0.2032  0.0821  0.1081  0.2553  1
 96:   0.0570  0.3110  0.3290  0.0550  0.0790  0.1690  1
 97:   0.0730  0.1780  0.1460  0.4810  0.0390  0.0830  1
 98:   0.1898  0.2587  0.1998  0.0529  0.1119  0.1868  1
 99:   0.7380  0.0450  0.0480  0.0280  0.0910  0.0500  1
100:   0.1828  0.1489  0.1269  0.2727  0.0649  0.2038  1
101:   0.1279  0.1009  0.0999  0.0999  0.4486  0.1229  1
102:   0.4950  0.1090  0.1180  0.0480  0.0790  0.1510  1
103:   0.0450  0.2340  0.3300  0.0520  0.0810  0.2580  1
104:   0.0960  0.2620  0.2270  0.1180  0.0950  0.2020  1
105:   0.1950  0.1270  0.1400  0.0850  0.2850  0.1680  1
106:   0.0320  0.3370  0.3760  0.0340  0.0730  0.1480  1
107:   0.2060  0.1300  0.1300  0.1170  0.2580  0.1590  1
108:   0.0650  0.2680  0.2880  0.0990  0.1270  0.1530  1
109:   0.2645  0.1297  0.1407  0.1747  0.0808  0.2096  1
110:   0.1199  0.1978  0.2088  0.1958  0.0939  0.1838  1
111:   0.0880  0.1300  0.1750  0.0610  0.2070  0.3390  1
112:   0.1049  0.2058  0.1808  0.0569  0.2947  0.1568  1
113:   0.1420  0.2170  0.1780  0.2010  0.0820  0.1800  1
114:   0.0310  0.3363  0.3794  0.0350  0.0731  0.1451  1
115:   0.2530  0.1750  0.1670  0.1390  0.0820  0.1840  1
116:   0.3746  0.0879  0.0759  0.0480  0.3187  0.0949  1
117:   0.0791  0.1782  0.1502  0.1872  0.2983  0.1071  1
118:   0.1860  0.2520  0.2020  0.0930  0.0770  0.1900  1
119:   0.2880  0.1620  0.1730  0.0850  0.1140  0.1780  1
120:   0.7387  0.0470  0.0490  0.0280  0.0861  0.0511  1
121:   0.0660  0.2320  0.2340  0.2130  0.0740  0.1810  1
122:   0.1940  0.1340  0.1230  0.4170  0.0390  0.0930  1
123:   0.0690  0.2260  0.2040  0.2350  0.0610  0.2050  1
124:   0.1340  0.1370  0.1550  0.2110  0.1510  0.2120  1
125:   0.2038  0.2308  0.2098  0.0749  0.1009  0.1798  1
126:   0.6800  0.0740  0.0720  0.0430  0.0590  0.0720  1
127:   0.0230  0.0250  0.0240  0.8790  0.0240  0.0250  1
128:   0.1550  0.1190  0.1190  0.0880  0.4150  0.1040  1
129:   0.0300  0.0390  0.0390  0.0220  0.8300  0.0400  1
130:   0.0401  0.3246  0.3657  0.0361  0.1052  0.1283  1
131:   0.0390  0.3280  0.3630  0.0380  0.1100  0.1220  1
132:   0.0751  0.2482  0.2543  0.0731  0.1992  0.1502  1
133:   0.1340  0.2030  0.1970  0.1830  0.0820  0.2010  1
134:   0.0620  0.2640  0.3370  0.0660  0.0650  0.2060  1
135:   0.1459  0.2797  0.2937  0.0609  0.0559  0.1638  1
136:   0.3130  0.1510  0.1310  0.1950  0.0720  0.1380  1
137:   0.0250  0.0260  0.0260  0.8719  0.0250  0.0260  1
138:   0.0250  0.0260  0.0260  0.8720  0.0250  0.0260  1
139:   0.1281  0.1642  0.2002  0.0851  0.1852  0.2372  1
140:   0.0729  0.2268  0.2028  0.0490  0.2138  0.2348  1
141:   0.0670  0.2820  0.2690  0.1190  0.0680  0.1950  1
142:   0.1189  0.1968  0.2248  0.0869  0.1009  0.2717  1
143:   0.0931  0.1291  0.2102  0.0410  0.0941  0.4324  1
144:   0.1160  0.1900  0.1650  0.0890  0.2990  0.1410  1
145:   0.0870  0.2020  0.1900  0.2150  0.0810  0.2250  1
146:   0.3143  0.1021  0.0871  0.0290  0.3323  0.1351  1
147:   0.1071  0.2753  0.1882  0.1662  0.0701  0.1932  1
148:   0.2470  0.1830  0.1760  0.0820  0.1330  0.1790  1
149:   0.1130  0.2520  0.1980  0.1100  0.1150  0.2120  1
150:   0.1221  0.1822  0.2222  0.0410  0.1842  0.2482  1
151:   0.1840  0.1320  0.1290  0.3430  0.0700  0.1420  1
152:   0.1131  0.2352  0.2072  0.0961  0.1001  0.2482  1
153:   0.1410  0.2260  0.2230  0.0780  0.0900  0.2420  1
154:   0.0511  0.2713  0.2292  0.2152  0.0681  0.1652  1
155:   0.0830  0.2130  0.2430  0.2110  0.0650  0.1850  1
156:   0.1300  0.1090  0.1180  0.1170  0.3890  0.1370  1
157:   0.0380  0.1590  0.1520  0.1620  0.3100  0.1790  1
158:   0.0390  0.1542  0.1642  0.1471  0.3063  0.1892  1
159:   0.0579  0.2687  0.3147  0.0929  0.0729  0.1928  1
160:   0.0519  0.1858  0.2468  0.0929  0.0739  0.3487  1
161:   0.0521  0.0991  0.1091  0.6036  0.0400  0.0961  1
