  1:   0.4090  0.1320  0.2520  0.2070  1
  2:   0.1890  0.5390  0.1610  0.1110  1
  3:   0.2570  0.2320  0.2440  0.2670  1
  4:   0.2650  0.1280  0.0990  0.5080  1
  5:   0.1818  0.2358  0.3187  0.2637  1
  6:   0.1740  0.1390  0.2440  0.4430  1
  7:   0.4090  0.1800  0.2880  0.1230  1
  8:   0.2362  0.2392  0.1952  0.3293  1
  9:   0.2630  0.1960  0.3490  0.1920  1
 10:   0.1309  0.2567  0.3736  0.2388  1
 11:   0.1512  0.1612  0.3083  0.3794  1
 12:   0.1670  0.1470  0.2600  0.4260  1
 13:   0.3390  0.1740  0.1930  0.2940  1
 14:   0.3407  0.2178  0.2737  0.1678  1
 15:   0.2152  0.3814  0.2152  0.1882  1
 16:   0.3397  0.3347  0.1968  0.1289  1
 17:   0.2560  0.2020  0.2130  0.3290  1
 18:   0.1421  0.4104  0.1982  0.2492  1
 19:   0.1648  0.4505  0.1848  0.1998  1
 20:   0.3190  0.2430  0.2670  0.1710  1
 21:   0.2677  0.2867  0.1798  0.2657  1
 22:   0.3050  0.3000  0.1960  0.1990  1
 23:   0.3307  0.2627  0.2288  0.1778  1
 24:   0.2757  0.2537  0.2527  0.2178  1
 25:   0.2513  0.1792  0.2993  0.2703  1
 26:   0.2410  0.3020  0.3000  0.1570  1
 27:   0.3500  0.2610  0.2530  0.1360  1
 28:   0.2020  0.3170  0.1780  0.3030  1
 29:   0.2030  0.3760  0.2570  0.1640  1
 30:   0.2713  0.3433  0.2232  0.1622  1
 31:   0.3343  0.2082  0.2903  0.1672  1
 32:   0.2400  0.2470  0.2620  0.2510  1
 33:   0.2220  0.3190  0.2100  0.2490  1
 34:   0.2320  0.4300  0.1580  0.1800  1
 35:   0.2140  0.5290  0.1540  0.1030  1
 36:   0.1820  0.4830  0.1320  0.2030  1
 37:   0.2300  0.2610  0.2150  0.2940  1
 38:   0.2110  0.1910  0.2710  0.3270  1
 39:   0.2422  0.3914  0.1962  0.1702  1
 40:   0.1530  0.1680  0.3570  0.3220  1
 41:   0.1770  0.5290  0.1870  0.1070  1
 42:   0.2180  0.3800  0.2520  0.1500  1
 43:   0.2957  0.3526  0.2088  0.1429  1
 44:   0.1320  0.2020  0.4110  0.2550  1
 45:   0.2262  0.2843  0.2272  0.2623  1
 46:   0.2740  0.3730  0.1870  0.1660  1
 47:   0.1270  0.4420  0.2390  0.1920  1
 48:   0.2330  0.3110  0.2830  0.1730  1
 49:   0.2160  0.4750  0.1460  0.1630  1
 50:   0.2020  0.1390  0.4230  0.2360  1
 51:   0.2540  0.3010  0.1650  0.2800  1
 52:   0.2503  0.2953  0.2402  0.2142  1
 53:   0.2290  0.2200  0.1360  0.4150  1
 54:   0.2560  0.2960  0.1960  0.2520  1
 55:   0.2480  0.1760  0.1810  0.3950  1
 56:   0.2110  0.1480  0.1690  0.4720  1
 57:   0.2298  0.3267  0.2328  0.2108  1
 58:   0.1858  0.2288  0.2757  0.3097  1
 59:   0.1870  0.1520  0.2610  0.4000  1
 60:   0.4640  0.1210  0.2420  0.1730  1
 61:   0.2108  0.2398  0.2557  0.2937  1
 62:   0.2797  0.2687  0.2378  0.2138  1
 63:   0.2870  0.3270  0.2470  0.1390  1
 64:   0.3450  0.2690  0.2640  0.1220  1
 65:   0.2228  0.1738  0.2348  0.3686  1
 66:   0.2740  0.2940  0.2710  0.1610  1
 67:   0.2340  0.1510  0.2960  0.3190  1
 68:   0.2112  0.2392  0.2202  0.3293  1
 69:   0.1912  0.3283  0.1762  0.3043  1
 70:   0.2128  0.3227  0.1748  0.2897  1
 71:   0.2288  0.3177  0.1708  0.2827  1
 72:   0.2020  0.1800  0.1910  0.4270  1
 73:   0.3240  0.2020  0.2080  0.2660  1
 74:   0.2560  0.3210  0.1690  0.2540  1
 75:   0.2830  0.3420  0.1950  0.1800  1
 76:   0.2302  0.2623  0.2893  0.2182  1
 77:   0.1480  0.4580  0.1540  0.2400  1
 78:   0.2573  0.1071  0.1171  0.5185  1
 79:   0.2800  0.1640  0.2250  0.3310  1
 80:   0.3330  0.2110  0.2570  0.1990  1
 81:   0.1670  0.3860  0.1930  0.2540  1
 82:   0.3800  0.1370  0.2670  0.2160  1
 83:   0.3540  0.2510  0.2380  0.1570  1
 84:   0.2650  0.3760  0.1650  0.1940  1
 85:   0.1640  0.5430  0.1340  0.1590  1
 86:   0.1730  0.3210  0.2180  0.2880  1
 87:   0.2220  0.1350  0.4180  0.2250  1
 88:   0.2643  0.2402  0.2062  0.2893  1
 89:   0.5650  0.0960  0.2720  0.0670  1
 90:   0.2877  0.1908  0.3347  0.1868  1
 91:   0.1842  0.1852  0.3323  0.2983  1
 92:   0.3480  0.2260  0.2310  0.1950  1
 93:   0.5580  0.1030  0.2760  0.0630  1
 94:   0.2860  0.2850  0.2200  0.2090  1
 95:   0.1742  0.3393  0.2553  0.2312  1
 96:   0.3380  0.2240  0.2940  0.1440  1
 97:   0.1080  0.1330  0.4100  0.3490  1
 98:   0.2402  0.2482  0.2553  0.2563  1
 99:   0.3070  0.1320  0.1080  0.4530  1
100:   0.2060  0.3180  0.1520  0.3240  1
101:   0.3770  0.1930  0.2190  0.2110  1
102:   0.2610  0.2500  0.1330  0.3560  1
103:   0.2390  0.4330  0.2210  0.1070  1
104:   0.1970  0.2590  0.3100  0.2340  1
105:   0.3400  0.2270  0.2050  0.2280  1
106:   0.4130  0.2120  0.2910  0.0840  1
107:   0.3200  0.2050  0.2040  0.2710  1
108:   0.3300  0.1720  0.3260  0.1720  1
109:   0.2170  0.3080  0.1550  0.3200  1
110:   0.1820  0.2270  0.3390  0.2520  1
111:   0.1920  0.5060  0.1590  0.1430  1
112:   0.3273  0.2352  0.2633  0.1742  1
113:   0.1730  0.2200  0.3310  0.2760  1
114:   0.4086  0.2128  0.2937  0.0849  1
115:   0.2090  0.2780  0.2240  0.2890  1
116:   0.3550  0.1430  0.1790  0.3230  1
117:   0.3210  0.1350  0.3390  0.2050  1
118:   0.1998  0.2398  0.2767  0.2837  1
119:   0.2750  0.2660  0.1960  0.2630  1
120:   0.3110  0.1300  0.1070  0.4520  1
121:   0.1802  0.2122  0.3744  0.2332  1
122:   0.1630  0.1250  0.3100  0.4020  1
123:   0.1070  0.3100  0.3360  0.2470  1
124:   0.1722  0.3403  0.2442  0.2432  1
125:   0.2773  0.2492  0.2292  0.2442  1
126:   0.2770  0.1340  0.1140  0.4750  1
127:   0.0570  0.0640  0.4840  0.3950  1
128:   0.3914  0.1522  0.2593  0.1972  1
129:   0.5566  0.1041  0.2743  0.0651  1
130:   0.4980  0.1160  0.2990  0.0870  1
131:   0.5000  0.1100  0.3050  0.0850  1
132:   0.3320  0.1770  0.3240  0.1670  1
133:   0.1840  0.2900  0.2720  0.2540  1
134:   0.2380  0.3430  0.2690  0.1500  1
135:   0.2158  0.2068  0.3317  0.2458  1
136:   0.2320  0.1740  0.1840  0.4100  1
137:   0.0631  0.0681  0.4755  0.3934  1
138:   0.0610  0.0670  0.4770  0.3950  1
139:   0.3170  0.2850  0.2180  0.1800  1
140:   0.2670  0.3620  0.2320  0.1390  1
141:   0.2070  0.2490  0.3460  0.1980  1
142:   0.2222  0.3433  0.2452  0.1892  1
143:   0.1630  0.5800  0.1290  0.1280  1
144:   0.2990  0.2060  0.2890  0.2060  1
145:   0.1698  0.3696  0.2537  0.2068  1
146:   0.3220  0.2500  0.1490  0.2790  1
147:   0.1640  0.2420  0.3280  0.2660  1
148:   0.2670  0.2340  0.2120  0.2870  1
149:   0.2040  0.2920  0.2830  0.2210  1
150:   0.3303  0.3263  0.2112  0.1321  1
151:   0.1780  0.2160  0.2530  0.3530  1
152:   0.1798  0.3586  0.2517  0.2098  1
153:   0.2320  0.3680  0.2080  0.1920  1
154:   0.1230  0.1970  0.4280  0.2520  1
155:   0.1690  0.2380  0.3520  0.2410  1
156:   0.3520  0.2030  0.2210  0.2240  1
157:   0.2990  0.3260  0.2580  0.1170  1
158:   0.2980  0.3390  0.2520  0.1110  1
159:   0.2410  0.2690  0.3200  0.1700  1
160:   0.1480  0.5180  0.1980  0.1360  1
161:   0.1060  0.2380  0.3540  0.3020  1
162:   0.3980  0.2310  0.2500  0.1210  1
163:   0.2490  0.1790  0.1470  0.4250  1
164:   0.3260  0.1550  0.1780  0.3410  1
165:   0.1080  0.1720  0.4440  0.2760  1
166:   0.2340  0.2200  0.3080  0.2380  1
167:   0.2040  0.2070  0.3400  0.2490  1
168:   0.2350  0.2190  0.1800  0.3660  1
169:   0.2910  0.3390  0.2520  0.1180  1
170:   0.1530  0.2140  0.3740  0.2590  1
171:   0.4700  0.1370  0.2950  0.0980  1
172:   0.2188  0.1918  0.2797  0.3097  1
173:   0.1552  0.2673  0.2432  0.3343  1
174:   0.1850  0.3300  0.2110  0.2740  1
175:   0.1690  0.2360  0.2100  0.3850  1
176:   0.2927  0.2677  0.2877  0.1518  1
177:   0.1870  0.0960  0.2310  0.4860  1
178:   0.2392  0.2242  0.3493  0.1872  1
179:   0.3724  0.2032  0.2613  0.1632  1
180:   0.3017  0.2657  0.1788  0.2537  1
181:   0.2970  0.1380  0.2630  0.3020  1
182:   0.2430  0.2510  0.1980  0.3080  1
183:   0.1381  0.3504  0.3023  0.2092  1
184:   0.1330  0.1640  0.4470  0.2560  1
185:   0.5616  0.0941  0.2723  0.0721  1
186:   0.5600  0.0960  0.2730  0.0710  1
187:   0.1560  0.4580  0.1760  0.2100  1
188:   0.2540  0.3350  0.2300  0.1810  1
189:   0.2250  0.1970  0.1830  0.3950  1
190:   0.2523  0.2773  0.1411  0.3293  1
191:   0.1742  0.2563  0.2623  0.3073  1
192:   0.1069  0.2378  0.3516  0.3037  1
193:   0.1980  0.2790  0.1940  0.3290  1
194:   0.2490  0.3370  0.2210  0.1930  1
195:   0.1880  0.3590  0.1660  0.2870  1
196:   0.3780  0.2210  0.2740  0.1270  1
197:   0.1920  0.1460  0.2330  0.4290  1
198:   0.2520  0.2410  0.3240  0.1830  1
199:   0.3140  0.1800  0.2460  0.2600  1
200:   0.2910  0.2940  0.2190  0.1960  1
201:   0.2947  0.3906  0.1988  0.1159  1
202:   0.1440  0.2760  0.3720  0.2080  1
203:   0.3556  0.2388  0.2747  0.1309  1
204:   0.3140  0.3000  0.2250  0.1610  1
205:   0.2580  0.2010  0.2130  0.3280  1
206:   0.2018  0.3546  0.1568  0.2867  1
207:   0.1840  0.2220  0.3760  0.2180  1
208:   0.2180  0.3370  0.2340  0.2110  1
209:   0.2110  0.1680  0.3830  0.2380  1
210:   0.1471  0.2733  0.3213  0.2583  1
211:   0.1860  0.2910  0.2890  0.2340  1
212:   0.1460  0.3430  0.2880  0.2230  1
213:   0.1429  0.5155  0.1688  0.1728  1
214:   0.2050  0.4220  0.1800  0.1930  1
215:   0.4310  0.2380  0.2440  0.0870  1
216:   0.2370  0.1080  0.1590  0.4960  1
217:   0.2820  0.1900  0.3270  0.2010  1
218:   0.2740  0.3930  0.1820  0.1510  1
219:   0.2980  0.2190  0.2880  0.1950  1
220:   0.2490  0.2900  0.2420  0.2190  1
221:   0.2783  0.2022  0.3063  0.2132  1
222:   0.3417  0.2517  0.2657  0.1409  1
223:   0.2440  0.2360  0.3130  0.2070  1
224:   0.1380  0.2170  0.4140  0.2310  1
225:   0.1838  0.4715  0.1718  0.1728  1
226:   0.1020  0.0930  0.4420  0.3630  1
227:   0.1898  0.5684  0.1359  0.1059  1
228:   0.3540  0.2160  0.2570  0.1730  1
229:   0.2740  0.2670  0.1760  0.2830  1
230:   0.2920  0.2010  0.2260  0.2810  1
231:   0.1988  0.2388  0.3437  0.2188  1
232:   0.3263  0.2553  0.2212  0.1972  1
233:   0.1748  0.0969  0.2368  0.4915  1
234:   0.3726  0.1708  0.2188  0.2378  1
235:   0.1210  0.3870  0.2450  0.2470  1
236:   0.2340  0.1680  0.1570  0.4410  1
237:   0.2900  0.2510  0.2210  0.2380  1
238:   0.2208  0.1389  0.1898  0.4505  1
239:   0.2607  0.2428  0.1678  0.3287  1
240:   0.3170  0.3100  0.2210  0.1520  1
241:   0.3027  0.1728  0.1858  0.3387  1
242:   0.2040  0.1060  0.1820  0.5080  1
243:   0.2690  0.3810  0.1770  0.1730  1
244:   0.2530  0.3070  0.2630  0.1770  1
245:   0.2360  0.1870  0.3300  0.2470  1
246:   0.2610  0.2450  0.2830  0.2110  1
247:   0.3163  0.1502  0.2382  0.2953  1
248:   0.1440  0.1660  0.3400  0.3500  1
249:   0.3660  0.1960  0.2300  0.2080  1
250:   0.3483  0.1922  0.2182  0.2412  1
251:   0.1722  0.1842  0.2963  0.3473  1
252:   0.2863  0.2282  0.2753  0.2102  1
253:   0.2510  0.2640  0.1710  0.3140  1
254:   0.1850  0.3540  0.2190  0.2420  1
255:   0.2540  0.1690  0.2220  0.3550  1
256:   0.2048  0.3027  0.1169  0.3756  1
257:   0.2350  0.1010  0.1390  0.5250  1
258:   0.2430  0.1770  0.2460  0.3340  1
259:   0.1680  0.3850  0.1780  0.2690  1
260:   0.2490  0.2060  0.1640  0.3810  1
261:   0.2930  0.2210  0.2330  0.2530  1
262:   0.2860  0.1490  0.1630  0.4020  1
263:   0.2800  0.2260  0.3150  0.1790  1
264:   0.2220  0.2470  0.2340  0.2970  1
265:   0.1930  0.1610  0.2800  0.3660  1
266:   0.3606  0.2008  0.2408  0.1978  1
267:   0.2840  0.2710  0.2310  0.2140  1
268:   0.2440  0.2580  0.1370  0.3610  1
269:   0.1980  0.3880  0.1570  0.2570  1
270:   0.2640  0.2560  0.1560  0.3240  1

  1:   0.3934  0.1371  0.1672  0.3023  1
  2:   0.1960  0.5280  0.1360  0.1400  1
  3:   0.2510  0.2380  0.2760  0.2350  1
  4:   0.2188  0.1279  0.1329  0.5205  1
  5:   0.1898  0.2458  0.3437  0.2208  1
  6:   0.1518  0.1379  0.4136  0.2967  1
  7:   0.4250  0.1800  0.1750  0.2200  1
  8:   0.2172  0.2402  0.2072  0.3353  1
  9:   0.2890  0.1940  0.3410  0.1760  1
 10:   0.1310  0.2630  0.4730  0.1330  1
 11:   0.1510  0.1610  0.4770  0.2110  1
 12:   0.1550  0.1470  0.4120  0.2860  1
 13:   0.3300  0.1720  0.1370  0.3610  1
 14:   0.3670  0.2200  0.1840  0.2290  1
 15:   0.2240  0.3930  0.1830  0.2000  1
 16:   0.3420  0.3130  0.1130  0.2320  1
 17:   0.2430  0.2050  0.2480  0.3040  1
 18:   0.1319  0.4056  0.2797  0.1828  1
 19:   0.1790  0.4500  0.1610  0.2100  1
 20:   0.3340  0.2450  0.1870  0.2340  1
 21:   0.2540  0.2830  0.1460  0.3170  1
 22:   0.2947  0.3167  0.1119  0.2767  1
 23:   0.3367  0.2557  0.1778  0.2298  1
 24:   0.2583  0.2613  0.2523  0.2282  1
 25:   0.2513  0.1812  0.3423  0.2252  1
 26:   0.2697  0.3117  0.2398  0.1788  1
 27:   0.3750  0.2660  0.1420  0.2170  1
 28:   0.1888  0.3057  0.1898  0.3157  1
 29:   0.2290  0.3620  0.2520  0.1570  1
 30:   0.2850  0.3290  0.1760  0.2100  1
 31:   0.3544  0.2082  0.2242  0.2132  1
 32:   0.2500  0.2480  0.2540  0.2480  1
 33:   0.2308  0.3197  0.2198  0.2298  1
 34:   0.2330  0.4230  0.1110  0.2330  1
 35:   0.2170  0.5190  0.1080  0.1560  1
 36:   0.1770  0.4590  0.1260  0.2380  1
 37:   0.2170  0.2620  0.2420  0.2790  1
 38:   0.2010  0.1820  0.3540  0.2630  1
 39:   0.2627  0.3736  0.1439  0.2198  1
 40:   0.1560  0.1670  0.5190  0.1580  1
 41:   0.1950  0.5060  0.1830  0.1160  1
 42:   0.2350  0.3650  0.2550  0.1450  1
 43:   0.3037  0.3497  0.1189  0.2278  1
 44:   0.1430  0.1980  0.5450  0.1140  1
 45:   0.2340  0.2770  0.2180  0.2710  1
 46:   0.2757  0.3606  0.1319  0.2318  1
 47:   0.1330  0.4550  0.2800  0.1320  1
 48:   0.2607  0.2927  0.2707  0.1758  1
 49:   0.2060  0.4720  0.1140  0.2080  1
 50:   0.2070  0.1400  0.4980  0.1550  1
 51:   0.2603  0.2833  0.1361  0.3203  1
 52:   0.2640  0.3080  0.2200  0.2080  1
 53:   0.2128  0.2068  0.1439  0.4366  1
 54:   0.2640  0.2810  0.1850  0.2700  1
 55:   0.2392  0.1732  0.2022  0.3854  1
 56:   0.1960  0.1590  0.2690  0.3760  1
 57:   0.2198  0.3307  0.2547  0.1948  1
 58:   0.1820  0.2320  0.3580  0.2280  1
 59:   0.1720  0.1460  0.3910  0.2910  1
 60:   0.4535  0.1271  0.0871  0.3323  1
 61:   0.2080  0.2360  0.2720  0.2840  1
 62:   0.2760  0.2540  0.2250  0.2450  1
 63:   0.3160  0.3120  0.1760  0.1960  1
 64:   0.3650  0.2640  0.1750  0.1960  1
 65:   0.2110  0.1670  0.3370  0.2850  1
 66:   0.2910  0.2790  0.2640  0.1660  1
 67:   0.2240  0.1610  0.3350  0.2800  1
 68:   0.1938  0.2517  0.2537  0.3007  1
 69:   0.1830  0.3250  0.2100  0.2820  1
 70:   0.2132  0.3293  0.1762  0.2813  1
 71:   0.2140  0.3200  0.1700  0.2960  1
 72:   0.1798  0.1828  0.2927  0.3447  1
 73:   0.3280  0.1980  0.1260  0.3480  1
 74:   0.2510  0.3120  0.1430  0.2940  1
 75:   0.2817  0.3347  0.1389  0.2448  1
 76:   0.2370  0.2580  0.2690  0.2360  1
 77:   0.1451  0.4605  0.1632  0.2312  1
 78:   0.2210  0.1050  0.1630  0.5110  1
 79:   0.2733  0.1702  0.2252  0.3313  1
 80:   0.3200  0.2120  0.2150  0.2530  1
 81:   0.1678  0.3956  0.1978  0.2388  1
 82:   0.3660  0.1380  0.2010  0.2950  1
 83:   0.3680  0.2400  0.1430  0.2490  1
 84:   0.2620  0.3660  0.1060  0.2660  1
 85:   0.1668  0.5255  0.1169  0.1908  1
 86:   0.1540  0.3130  0.2960  0.2370  1
 87:   0.2202  0.1351  0.4855  0.1592  1
 88:   0.2710  0.2310  0.1790  0.3190  1
 89:   0.5560  0.1080  0.0670  0.2690  1
 90:   0.3103  0.2002  0.2953  0.1942  1
 91:   0.1910  0.1820  0.4060  0.2210  1
 92:   0.3400  0.2240  0.1680  0.2680  1
 93:   0.5700  0.1040  0.0600  0.2660  1
 94:   0.2740  0.2970  0.1860  0.2430  1
 95:   0.1858  0.3337  0.2747  0.2058  1
 96:   0.3780  0.2410  0.1600  0.2210  1
 97:   0.1079  0.1329  0.6214  0.1379  1
 98:   0.2450  0.2580  0.2080  0.2890  1
 99:   0.2520  0.1240  0.0920  0.5320  1
100:   0.1930  0.3290  0.1750  0.3030  1
101:   0.3810  0.1980  0.1180  0.3030  1
102:   0.2360  0.2470  0.1010  0.4160  1
103:   0.2840  0.3990  0.1600  0.1570  1
104:   0.2120  0.2500  0.3390  0.1990  1
105:   0.3180  0.2240  0.1480  0.3100  1
106:   0.4705  0.2188  0.0969  0.2138  1
107:   0.3103  0.2062  0.1562  0.3273  1
108:   0.3590  0.1750  0.2540  0.2120  1
109:   0.2112  0.3073  0.1692  0.3123  1
110:   0.1988  0.2228  0.4006  0.1778  1
111:   0.1832  0.5035  0.1461  0.1672  1
112:   0.3160  0.2410  0.1860  0.2570  1
113:   0.1730  0.2210  0.4190  0.1870  1
114:   0.4745  0.2162  0.0971  0.2122  1
115:   0.2030  0.2710  0.2510  0.2750  1
116:   0.3280  0.1570  0.0880  0.4270  1
117:   0.3090  0.1420  0.3370  0.2120  1
118:   0.1962  0.2422  0.3123  0.2492  1
119:   0.2733  0.2553  0.1642  0.3073  1
120:   0.2560  0.1230  0.0900  0.5310  1
121:   0.1960  0.2120  0.4460  0.1460  1
122:   0.1510  0.1270  0.4490  0.2730  1
123:   0.1189  0.3057  0.4496  0.1259  1
124:   0.1650  0.3410  0.3060  0.1880  1
125:   0.2737  0.2517  0.1918  0.2827  1
126:   0.2350  0.1290  0.1190  0.5170  1
127:   0.0570  0.0660  0.8150  0.0620  1
128:   0.3874  0.1552  0.1622  0.2953  1
129:   0.5640  0.1080  0.0600  0.2680  1
130:   0.5375  0.1291  0.0721  0.2613  1
131:   0.5440  0.1170  0.0780  0.2610  1
132:   0.3600  0.1790  0.2380  0.2230  1
133:   0.1898  0.2767  0.3257  0.2078  1
134:   0.2770  0.3290  0.2170  0.1770  1
135:   0.2328  0.2048  0.3117  0.2507  1
136:   0.2120  0.1840  0.2320  0.3720  1
137:   0.0629  0.0689  0.8012  0.0669  1
138:   0.0641  0.0681  0.7998  0.0681  1
139:   0.3363  0.2743  0.1351  0.2543  1
140:   0.2880  0.3690  0.1550  0.1880  1
141:   0.2372  0.2633  0.3343  0.1652  1
142:   0.2350  0.3360  0.2260  0.2030  1
143:   0.1630  0.5730  0.0990  0.1650  1
144:   0.3010  0.2110  0.2570  0.2310  1
145:   0.1860  0.3770  0.2650  0.1720  1
146:   0.2950  0.2420  0.0720  0.3910  1
147:   0.1702  0.2513  0.3754  0.2032  1
148:   0.2780  0.2260  0.1690  0.3270  1
149:   0.2168  0.2897  0.2927  0.2008  1
150:   0.3400  0.3130  0.1050  0.2420  1
151:   0.1670  0.2100  0.3630  0.2600  1
152:   0.1960  0.3390  0.2710  0.1940  1
153:   0.2482  0.3654  0.1542  0.2322  1
154:   0.1480  0.1940  0.5460  0.1120  1
155:   0.1900  0.2280  0.4120  0.1700  1
156:   0.3604  0.2082  0.1381  0.2933  1
157:   0.3120  0.3450  0.1870  0.1560  1
158:   0.3130  0.3510  0.1780  0.1580  1
159:   0.2800  0.2530  0.2890  0.1780  1
160:   0.1690  0.5020  0.2010  0.1280  1
161:   0.1101  0.2543  0.5165  0.1191  1
162:   0.4016  0.2318  0.1379  0.2288  1
163:   0.2290  0.1790  0.1740  0.4180  1
164:   0.2987  0.1558  0.1449  0.4006  1
165:   0.1140  0.1710  0.6060  0.1090  1
166:   0.2470  0.2280  0.2980  0.2270  1
167:   0.2180  0.2010  0.3650  0.2160  1
168:   0.2302  0.2262  0.1862  0.3574  1
169:   0.3270  0.3520  0.1350  0.1860  1
170:   0.1610  0.2090  0.4720  0.1580  1
171:   0.4970  0.1550  0.0920  0.2560  1
172:   0.2080  0.1890  0.3740  0.2290  1
173:   0.1450  0.2570  0.3790  0.2190  1
174:   0.1838  0.3357  0.1978  0.2827  1
175:   0.1600  0.2180  0.3050  0.3170  1
176:   0.3100  0.2610  0.2350  0.1940  1
177:   0.1600  0.0990  0.3690  0.3720  1
178:   0.2630  0.2400  0.3160  0.1810  1
179:   0.3934  0.2022  0.1211  0.2833  1
180:   0.2980  0.2520  0.1000  0.3500  1
181:   0.2880  0.1460  0.2870  0.2790  1
182:   0.2330  0.2480  0.1880  0.3310  1
183:   0.1560  0.3360  0.3840  0.1240  1
184:   0.1512  0.1782  0.5445  0.1261  1
185:   0.5495  0.1071  0.0731  0.2703  1
186:   0.5530  0.1050  0.0710  0.2710  1
187:   0.1650  0.4380  0.1860  0.2110  1
188:   0.2770  0.3350  0.1480  0.2400  1
189:   0.2018  0.1918  0.2607  0.3457  1
190:   0.2248  0.2657  0.1598  0.3497  1
191:   0.1620  0.2540  0.3440  0.2400  1
192:   0.1121  0.2533  0.5165  0.1181  1
193:   0.2020  0.2790  0.2230  0.2960  1
194:   0.2500  0.3240  0.2330  0.1930  1
195:   0.1780  0.3540  0.2080  0.2600  1
196:   0.3980  0.2340  0.1440  0.2240  1
197:   0.1722  0.1542  0.3534  0.3203  1
198:   0.2670  0.2390  0.3220  0.1720  1
199:   0.3150  0.1840  0.2190  0.2820  1
200:   0.2657  0.3037  0.1748  0.2557  1
201:   0.3180  0.3790  0.0940  0.2090  1
202:   0.1542  0.2993  0.4264  0.1201  1
203:   0.3830  0.2570  0.1250  0.2350  1
204:   0.2970  0.3020  0.1790  0.2220  1
205:   0.2520  0.1990  0.2150  0.3340  1
206:   0.1888  0.3437  0.1858  0.2817  1
207:   0.2168  0.2138  0.4156  0.1538  1
208:   0.2330  0.3320  0.2390  0.1960  1
209:   0.2122  0.1652  0.4464  0.1762  1
210:   0.1512  0.2713  0.4374  0.1401  1
211:   0.1968  0.2767  0.3726  0.1538  1
212:   0.1420  0.3370  0.3640  0.1570  1
213:   0.1550  0.4870  0.1660  0.1920  1
214:   0.2070  0.4140  0.1750  0.2040  1
215:   0.4306  0.2557  0.0839  0.2298  1
216:   0.2090  0.1090  0.2470  0.4350  1
217:   0.3080  0.1970  0.2680  0.2270  1
218:   0.2700  0.3950  0.1090  0.2260  1
219:   0.3167  0.2218  0.2428  0.2188  1
220:   0.2530  0.2740  0.2460  0.2270  1
221:   0.2790  0.2060  0.2980  0.2170  1
222:   0.3420  0.2550  0.1790  0.2240  1
223:   0.2422  0.2352  0.3193  0.2032  1
224:   0.1650  0.2320  0.4520  0.1510  1
225:   0.1900  0.4530  0.1740  0.1830  1
226:   0.1029  0.0919  0.6903  0.1149  1
227:   0.2030  0.5490  0.1020  0.1460  1
228:   0.3666  0.2228  0.1439  0.2667  1
229:   0.2430  0.2670  0.1580  0.3320  1
230:   0.2890  0.2110  0.2180  0.2820  1
231:   0.2062  0.2372  0.3704  0.1862  1
232:   0.3150  0.2620  0.1410  0.2820  1
233:   0.1502  0.0971  0.4234  0.3293  1
234:   0.3670  0.1790  0.1070  0.3470  1
235:   0.1260  0.3610  0.3740  0.1390  1
236:   0.2060  0.1680  0.2110  0.4150  1
237:   0.2790  0.2480  0.1910  0.2820  1
238:   0.1960  0.1350  0.2800  0.3890  1
239:   0.2458  0.2547  0.1439  0.3556  1
240:   0.3243  0.3153  0.1441  0.2162  1
241:   0.2710  0.1850  0.1790  0.3650  1
242:   0.1698  0.1129  0.3167  0.4006  1
243:   0.2663  0.3794  0.1141  0.2402  1
244:   0.2757  0.3147  0.2158  0.1938  1
245:   0.2490  0.1830  0.3370  0.2310  1
246:   0.2620  0.2450  0.2910  0.2020  1
247:   0.3120  0.1520  0.2230  0.3130  1
248:   0.1400  0.1740  0.4620  0.2240  1
249:   0.3530  0.1990  0.1360  0.3120  1
250:   0.3277  0.2058  0.1528  0.3137  1
251:   0.1760  0.1910  0.4060  0.2270  1
252:   0.2930  0.2490  0.2140  0.2440  1
253:   0.2340  0.2630  0.1550  0.3480  1
254:   0.1878  0.3656  0.2358  0.2108  1
255:   0.2390  0.1740  0.2650  0.3220  1
256:   0.1842  0.2933  0.1401  0.3824  1
257:   0.1920  0.0980  0.2340  0.4760  1
258:   0.2230  0.1760  0.2860  0.3150  1
259:   0.1630  0.3830  0.1980  0.2560  1
260:   0.2250  0.2100  0.2010  0.3640  1
261:   0.2847  0.2348  0.2238  0.2567  1
262:   0.2553  0.1481  0.1742  0.4224  1
263:   0.3007  0.2368  0.2697  0.1928  1
264:   0.2200  0.2370  0.2580  0.2850  1
265:   0.1850  0.1580  0.3950  0.2620  1
266:   0.3440  0.2240  0.1510  0.2810  1
267:   0.2890  0.2650  0.1960  0.2500  1
268:   0.2132  0.2653  0.1461  0.3754  1
269:   0.1978  0.3706  0.1379  0.2937  1
270:   0.2470  0.2480  0.1410  0.3640  1

  1:   0.4070  0.1340  0.1550  0.3040  1
  2:   0.1920  0.5390  0.1130  0.1560  1
  3:   0.2643  0.2292  0.2853  0.2212  1
  4:   0.3560  0.1230  0.2200  0.3010  1
  5:   0.1768  0.2507  0.3207  0.2517  1
  6:   0.2078  0.1249  0.4615  0.2058  1
  7:   0.3796  0.1698  0.1429  0.3077  1
  8:   0.2660  0.2460  0.2240  0.2640  1
  9:   0.1990  0.2000  0.3350  0.2660  1
 10:   0.1290  0.2650  0.4320  0.1740  1
 11:   0.1608  0.1419  0.5355  0.1618  1
 12:   0.1950  0.1260  0.4920  0.1870  1
 13:   0.3566  0.1828  0.1588  0.3017  1
 14:   0.2917  0.2338  0.1578  0.3167  1
 15:   0.1908  0.4086  0.1598  0.2408  1
 16:   0.3370  0.3130  0.0970  0.2530  1
 17:   0.2643  0.1972  0.2883  0.2503  1
 18:   0.1590  0.4100  0.2760  0.1550  1
 19:   0.1510  0.4790  0.1430  0.2270  1
 20:   0.2880  0.2710  0.1730  0.2680  1
 21:   0.2830  0.3010  0.1540  0.2620  1
 22:   0.2877  0.3387  0.1149  0.2587  1
 23:   0.2983  0.2663  0.1582  0.2773  1
 24:   0.2840  0.2550  0.2200  0.2410  1
 25:   0.2402  0.1852  0.3293  0.2452  1
 26:   0.1880  0.2970  0.2330  0.2820  1
 27:   0.2863  0.2793  0.1241  0.3103  1
 28:   0.2412  0.3233  0.1722  0.2633  1
 29:   0.1720  0.3720  0.2240  0.2320  1
 30:   0.2563  0.3483  0.1592  0.2362  1
 31:   0.3140  0.2080  0.2030  0.2750  1
 32:   0.2200  0.2610  0.2390  0.2800  1
 33:   0.2342  0.3233  0.2202  0.2222  1
 34:   0.2412  0.4414  0.1001  0.2172  1
 35:   0.2040  0.5360  0.0910  0.1690  1
 36:   0.1900  0.4870  0.1170  0.2060  1
 37:   0.2460  0.2770  0.2350  0.2420  1
 38:   0.2272  0.1832  0.3554  0.2342  1
 39:   0.2120  0.3990  0.1350  0.2540  1
 40:   0.1399  0.1638  0.5435  0.1528  1
 41:   0.1490  0.5300  0.1580  0.1630  1
 42:   0.1912  0.3834  0.2122  0.2132  1
 43:   0.2690  0.3730  0.1070  0.2510  1
 44:   0.1120  0.2040  0.4980  0.1860  1
 45:   0.2312  0.2913  0.2102  0.2673  1
 46:   0.2430  0.3980  0.1200  0.2390  1
 47:   0.1020  0.4550  0.2720  0.1710  1
 48:   0.1880  0.2990  0.2580  0.2550  1
 49:   0.2032  0.4995  0.1051  0.1922  1
 50:   0.2160  0.1330  0.4570  0.1940  1
 51:   0.2760  0.2930  0.1660  0.2650  1
 52:   0.2580  0.2840  0.2260  0.2320  1
 53:   0.2900  0.2230  0.1920  0.2950  1
 54:   0.2650  0.2970  0.1740  0.2640  1
 55:   0.2903  0.1782  0.2513  0.2803  1
 56:   0.2813  0.1341  0.3373  0.2472  1
 57:   0.2140  0.3320  0.2420  0.2120  1
 58:   0.1888  0.2338  0.3826  0.1948  1
 59:   0.2010  0.1370  0.4520  0.2100  1
 60:   0.4660  0.1140  0.0800  0.3400  1
 61:   0.2200  0.2530  0.2420  0.2850  1
 62:   0.2910  0.2610  0.2100  0.2380  1
 63:   0.2260  0.3360  0.1640  0.2740  1
 64:   0.3190  0.2660  0.1490  0.2660  1
 65:   0.2570  0.1510  0.3550  0.2370  1
 66:   0.2240  0.2970  0.2530  0.2260  1
 67:   0.2630  0.1630  0.3280  0.2460  1
 68:   0.2410  0.2460  0.2550  0.2580  1
 69:   0.2068  0.3377  0.2018  0.2537  1
 70:   0.2460  0.3160  0.1660  0.2720  1
 71:   0.2490  0.3210  0.1620  0.2680  1
 72:   0.2620  0.1600  0.3320  0.2460  1
 73:   0.3210  0.2080  0.1360  0.3350  1
 74:   0.2680  0.3350  0.1300  0.2670  1
 75:   0.2660  0.3560  0.1230  0.2550  1
 76:   0.2220  0.2680  0.2490  0.2610  1
 77:   0.1640  0.4530  0.1420  0.2410  1
 78:   0.3443  0.0951  0.2643  0.2963  1
 79:   0.3060  0.1810  0.2440  0.2690  1
 80:   0.3263  0.2102  0.1912  0.2723  1
 81:   0.1850  0.4110  0.1690  0.2350  1
 82:   0.3920  0.1350  0.1800  0.2930  1
 83:   0.3500  0.2400  0.1230  0.2870  1
 84:   0.2630  0.4020  0.0960  0.2390  1
 85:   0.1580  0.5420  0.1020  0.1980  1
 86:   0.1980  0.3230  0.2790  0.2000  1
 87:   0.2412  0.1241  0.4384  0.1962  1
 88:   0.2720  0.2500  0.1870  0.2910  1
 89:   0.5055  0.0909  0.0529  0.3506  1
 90:   0.2680  0.2080  0.2510  0.2730  1
 91:   0.1718  0.1818  0.4276  0.2188  1
 92:   0.3417  0.2068  0.1608  0.2907  1
 93:   0.5040  0.0920  0.0480  0.3560  1
 94:   0.2963  0.2863  0.1712  0.2462  1
 95:   0.1610  0.3360  0.2480  0.2550  1
 96:   0.2470  0.2500  0.1340  0.3690  1
 97:   0.1000  0.1280  0.6260  0.1460  1
 98:   0.2358  0.2637  0.1978  0.3027  1
 99:   0.4160  0.1230  0.1490  0.3120  1
100:   0.2480  0.3210  0.2010  0.2300  1
101:   0.3756  0.2088  0.1259  0.2897  1
102:   0.3177  0.2717  0.1219  0.2887  1
103:   0.1910  0.4210  0.1370  0.2510  1
104:   0.1748  0.2527  0.3057  0.2667  1
105:   0.3560  0.2270  0.1350  0.2820  1
106:   0.3037  0.2308  0.0829  0.3826  1
107:   0.3740  0.1950  0.1520  0.2790  1
108:   0.2790  0.1760  0.2430  0.3020  1
109:   0.2398  0.3247  0.2088  0.2268  1
110:   0.1520  0.2190  0.3850  0.2440  1
111:   0.1692  0.5215  0.1281  0.1812  1
112:   0.3544  0.2242  0.1582  0.2633  1
113:   0.1842  0.2262  0.3944  0.1952  1
114:   0.3057  0.2288  0.0849  0.3806  1
115:   0.2330  0.2640  0.2670  0.2360  1
116:   0.4290  0.1540  0.1050  0.3120  1
117:   0.3320  0.1290  0.2860  0.2530  1
118:   0.2038  0.2517  0.2847  0.2597  1
119:   0.2960  0.2500  0.1910  0.2630  1
120:   0.4130  0.1260  0.1490  0.3120  1
121:   0.1460  0.2120  0.4140  0.2280  1
122:   0.1840  0.1220  0.4900  0.2040  1
123:   0.0950  0.2730  0.4340  0.1980  1
124:   0.1780  0.3180  0.3290  0.1750  1
125:   0.3157  0.2378  0.1778  0.2687  1
126:   0.3524  0.1361  0.1902  0.3213  1
127:   0.0500  0.0549  0.8402  0.0549  1
128:   0.4000  0.1480  0.1500  0.3020  1
129:   0.5025  0.0931  0.0470  0.3574  1
130:   0.4360  0.1200  0.0610  0.3830  1
131:   0.4420  0.1110  0.0640  0.3830  1
132:   0.2900  0.1820  0.2290  0.2990  1
133:   0.1642  0.2943  0.3143  0.2272  1
134:   0.1922  0.3273  0.2062  0.2743  1
135:   0.1870  0.2080  0.2910  0.3140  1
136:   0.2737  0.1868  0.2717  0.2677  1
137:   0.0550  0.0590  0.8270  0.0590  1
138:   0.0550  0.0580  0.8280  0.0590  1
139:   0.2950  0.2960  0.1300  0.2790  1
140:   0.2100  0.3580  0.1370  0.2950  1
141:   0.1680  0.2590  0.2890  0.2840  1
142:   0.2220  0.3430  0.2040  0.2310  1
143:   0.1562  0.6026  0.0831  0.1582  1
144:   0.2860  0.2160  0.2270  0.2710  1
145:   0.1380  0.3850  0.2480  0.2290  1
146:   0.3730  0.2600  0.0710  0.2960  1
147:   0.1550  0.2520  0.3430  0.2500  1
148:   0.2650  0.2530  0.1700  0.3120  1
149:   0.1858  0.2877  0.2667  0.2597  1
150:   0.2960  0.3270  0.0910  0.2860  1
151:   0.1940  0.1990  0.3960  0.2110  1
152:   0.1590  0.3330  0.2500  0.2580  1
153:   0.2010  0.3980  0.1470  0.2540  1
154:   0.0970  0.1930  0.4920  0.2180  1
155:   0.1360  0.2370  0.3930  0.2340  1
156:   0.3437  0.2218  0.1479  0.2867  1
157:   0.3110  0.2990  0.1530  0.2370  1
158:   0.3190  0.3010  0.1430  0.2370  1
159:   0.1710  0.2640  0.2720  0.2930  1
160:   0.1200  0.5050  0.1800  0.1950  1
161:   0.0960  0.2270  0.5620  0.1150  1
162:   0.3770  0.2210  0.1140  0.2880  1
163:   0.3107  0.1748  0.2298  0.2847  1
164:   0.3956  0.1449  0.1678  0.2917  1
165:   0.0930  0.1700  0.5600  0.1770  1
166:   0.2028  0.2258  0.2977  0.2737  1
167:   0.1730  0.1960  0.3470  0.2840  1
168:   0.2613  0.2392  0.2122  0.2873  1
169:   0.2232  0.3594  0.1121  0.3053  1
170:   0.1230  0.1990  0.4650  0.2130  1
171:   0.4310  0.1350  0.0770  0.3570  1
172:   0.2182  0.1822  0.4044  0.1952  1
173:   0.1600  0.2480  0.4230  0.1690  1
174:   0.1990  0.3510  0.1860  0.2640  1
175:   0.2050  0.2290  0.3350  0.2310  1
176:   0.2810  0.2520  0.2000  0.2670  1
177:   0.2408  0.0839  0.4416  0.2338  1
178:   0.1940  0.2340  0.3060  0.2660  1
179:   0.3473  0.1982  0.1051  0.3493  1
180:   0.3160  0.2770  0.1030  0.3040  1
181:   0.3120  0.1360  0.3010  0.2510  1
182:   0.2670  0.2740  0.1840  0.2750  1
183:   0.1070  0.3370  0.3600  0.1960  1
184:   0.1050  0.1570  0.5080  0.2300  1
185:   0.5055  0.0871  0.0581  0.3493  1
186:   0.5030  0.0890  0.0570  0.3510  1
187:   0.1592  0.4354  0.1592  0.2462  1
188:   0.2470  0.3480  0.1340  0.2710  1
189:   0.2707  0.1808  0.2987  0.2498  1
190:   0.2827  0.2707  0.1728  0.2737  1
191:   0.1980  0.2610  0.3440  0.1970  1
192:   0.0950  0.2260  0.5650  0.1140  1
193:   0.2258  0.2797  0.2438  0.2507  1
194:   0.2320  0.3330  0.2310  0.2040  1
195:   0.2108  0.3327  0.2248  0.2318  1
196:   0.3320  0.2120  0.1370  0.3190  1
197:   0.2330  0.1450  0.4020  0.2200  1
198:   0.2258  0.2488  0.2847  0.2408  1
199:   0.3130  0.1900  0.2120  0.2850  1
200:   0.3047  0.3017  0.1518  0.2418  1
201:   0.2492  0.3924  0.0801  0.2783  1
202:   0.1240  0.2760  0.3910  0.2090  1
203:   0.2670  0.2670  0.1020  0.3640  1
204:   0.3247  0.2887  0.1499  0.2368  1
205:   0.2710  0.2060  0.2310  0.2920  1
206:   0.2340  0.3410  0.2060  0.2190  1
207:   0.1500  0.2120  0.3890  0.2490  1
208:   0.1810  0.3470  0.2530  0.2190  1
209:   0.2328  0.1678  0.4036  0.1958  1
210:   0.1260  0.2800  0.4360  0.1580  1
211:   0.1720  0.2610  0.3990  0.1680  1
212:   0.1400  0.3510  0.3250  0.1840  1
213:   0.1370  0.5050  0.1460  0.2120  1
214:   0.2092  0.4214  0.1722  0.1972  1
215:   0.4150  0.2200  0.0690  0.2960  1
216:   0.3037  0.0929  0.3477  0.2557  1
217:   0.2430  0.2080  0.2670  0.2820  1
218:   0.2810  0.3880  0.0960  0.2350  1
219:   0.2850  0.2090  0.2240  0.2820  1
220:   0.2450  0.2740  0.2600  0.2210  1
221:   0.2630  0.2000  0.2770  0.2600  1
222:   0.3666  0.2128  0.1528  0.2677  1
223:   0.2090  0.2380  0.2990  0.2540  1
224:   0.1151  0.2082  0.4374  0.2392  1
225:   0.1712  0.4905  0.1552  0.1832  1
226:   0.0900  0.0850  0.7220  0.1030  1
227:   0.1600  0.5820  0.0930  0.1650  1
228:   0.2897  0.2328  0.1319  0.3457  1
229:   0.3190  0.2700  0.1610  0.2500  1
230:   0.2780  0.2160  0.2470  0.2590  1
231:   0.1680  0.2380  0.3530  0.2410  1
232:   0.3190  0.2650  0.1280  0.2880  1
233:   0.2240  0.0850  0.4860  0.2050  1
234:   0.4030  0.1670  0.1040  0.3260  1
235:   0.1270  0.3820  0.3570  0.1340  1
236:   0.2870  0.1710  0.2730  0.2690  1
237:   0.3137  0.2388  0.1798  0.2677  1
238:   0.2780  0.1270  0.3470  0.2480  1
239:   0.2930  0.2670  0.1790  0.2610  1
240:   0.2880  0.3270  0.1290  0.2560  1
241:   0.3674  0.1672  0.1942  0.2713  1
242:   0.2750  0.0970  0.3840  0.2440  1
243:   0.2480  0.4050  0.1050  0.2420  1
244:   0.1940  0.3240  0.1910  0.2910  1
245:   0.2278  0.1928  0.2997  0.2797  1
246:   0.2590  0.2440  0.2720  0.2250  1
247:   0.2910  0.1570  0.2570  0.2950  1
248:   0.1470  0.1620  0.4610  0.2300  1
249:   0.3420  0.2060  0.1340  0.3180  1
250:   0.3850  0.1830  0.1420  0.2900  1
251:   0.1812  0.1852  0.4324  0.2012  1
252:   0.2452  0.2422  0.1892  0.3233  1
253:   0.2930  0.2860  0.1590  0.2620  1
254:   0.1920  0.3640  0.2190  0.2250  1
255:   0.2670  0.1700  0.2960  0.2670  1
256:   0.2500  0.3100  0.1820  0.2580  1
257:   0.3200  0.0870  0.3160  0.2770  1
258:   0.2890  0.1750  0.2960  0.2400  1
259:   0.1870  0.4050  0.1810  0.2270  1
260:   0.2860  0.2040  0.2530  0.2570  1
261:   0.3027  0.2188  0.2208  0.2577  1
262:   0.3390  0.1330  0.2390  0.2890  1
263:   0.2312  0.2322  0.2432  0.2933  1
264:   0.2390  0.2550  0.2340  0.2720  1
265:   0.2160  0.1640  0.3990  0.2210  1
266:   0.3810  0.1890  0.1430  0.2870  1
267:   0.2770  0.2830  0.1850  0.2550  1
268:   0.3000  0.2560  0.1820  0.2620  1
269:   0.2250  0.3690  0.1230  0.2830  1
270:   0.3090  0.2620  0.1590  0.2700  1

  1:   0.3670  0.1310  0.1900  0.3120  1
  2:   0.1868  0.5315  0.1229  0.1588  1
  3:   0.2677  0.2208  0.2488  0.2627  1
  4:   0.1830  0.1230  0.3140  0.3800  1
  5:   0.2198  0.2378  0.3147  0.2278  1
  6:   0.1890  0.1400  0.4010  0.2700  1
  7:   0.3910  0.1770  0.1520  0.2800  1
  8:   0.2008  0.2388  0.2797  0.2807  1
  9:   0.3000  0.2010  0.2610  0.2380  1
 10:   0.2150  0.2530  0.3580  0.1740  1
 11:   0.2210  0.1550  0.3830  0.2410  1
 12:   0.2000  0.1470  0.3880  0.2650  1
 13:   0.2900  0.1790  0.2140  0.3170  1
 14:   0.3330  0.2180  0.1860  0.2630  1
 15:   0.2110  0.3880  0.1940  0.2070  1
 16:   0.2993  0.3243  0.1351  0.2412  1
 17:   0.2352  0.2042  0.2763  0.2843  1
 18:   0.1602  0.4094  0.2492  0.1812  1
 19:   0.1632  0.4615  0.1952  0.1802  1
 20:   0.3110  0.2490  0.1830  0.2570  1
 21:   0.2238  0.2857  0.2198  0.2707  1
 22:   0.2580  0.3150  0.1700  0.2570  1
 23:   0.2910  0.2650  0.1930  0.2510  1
 24:   0.2607  0.2547  0.2448  0.2398  1
 25:   0.2690  0.1860  0.2970  0.2480  1
 26:   0.2560  0.3190  0.2190  0.2060  1
 27:   0.3290  0.2690  0.1490  0.2530  1
 28:   0.1750  0.3180  0.2530  0.2540  1
 29:   0.2240  0.3680  0.2190  0.1890  1
 30:   0.2650  0.3450  0.1680  0.2220  1
 31:   0.3433  0.2012  0.1932  0.2623  1
 32:   0.2500  0.2470  0.2550  0.2480  1
 33:   0.2250  0.3200  0.2240  0.2310  1
 34:   0.2090  0.4200  0.1500  0.2210  1
 35:   0.1970  0.5270  0.1090  0.1670  1
 36:   0.1618  0.4705  0.1658  0.2018  1
 37:   0.2150  0.2560  0.2720  0.2570  1
 38:   0.2222  0.1862  0.3263  0.2653  1
 39:   0.2290  0.3920  0.1670  0.2120  1
 40:   0.2372  0.1632  0.3834  0.2162  1
 41:   0.1850  0.5260  0.1460  0.1430  1
 42:   0.2400  0.3830  0.1970  0.1800  1
 43:   0.2740  0.3540  0.1430  0.2290  1
 44:   0.2262  0.2032  0.3924  0.1782  1
 45:   0.2200  0.2850  0.2510  0.2440  1
 46:   0.2380  0.3760  0.1640  0.2220  1
 47:   0.1590  0.4580  0.2360  0.1470  1
 48:   0.2597  0.2937  0.2338  0.2128  1
 49:   0.1850  0.4820  0.1440  0.1890  1
 50:   0.2790  0.1360  0.3730  0.2120  1
 51:   0.2180  0.2900  0.2190  0.2730  1
 52:   0.2560  0.2950  0.2180  0.2310  1
 53:   0.1782  0.2152  0.2883  0.3183  1
 54:   0.2348  0.2967  0.2158  0.2527  1
 55:   0.2180  0.1750  0.2960  0.3110  1
 56:   0.1950  0.1540  0.3260  0.3250  1
 57:   0.2192  0.3293  0.2442  0.2072  1
 58:   0.2090  0.2350  0.3230  0.2330  1
 59:   0.2110  0.1520  0.3770  0.2600  1
 60:   0.4016  0.1209  0.1449  0.3327  1
 61:   0.2150  0.2400  0.2880  0.2570  1
 62:   0.2657  0.2557  0.2278  0.2507  1
 63:   0.2840  0.3340  0.1620  0.2200  1
 64:   0.3430  0.2620  0.1510  0.2440  1
 65:   0.2290  0.1730  0.3120  0.2860  1
 66:   0.2797  0.2887  0.2108  0.2208  1
 67:   0.2537  0.1588  0.3227  0.2647  1
 68:   0.2020  0.2450  0.2900  0.2630  1
 69:   0.1718  0.3327  0.2567  0.2388  1
 70:   0.2020  0.3100  0.2330  0.2550  1
 71:   0.1880  0.3200  0.2370  0.2550  1
 72:   0.1960  0.1790  0.3230  0.3020  1
 73:   0.2903  0.1922  0.2072  0.3103  1
 74:   0.2228  0.3127  0.2048  0.2597  1
 75:   0.2450  0.3490  0.1700  0.2360  1
 76:   0.2470  0.2640  0.2590  0.2300  1
 77:   0.1391  0.4545  0.2102  0.1962  1
 78:   0.1930  0.1020  0.3230  0.3820  1
 79:   0.2580  0.1660  0.2770  0.2990  1
 80:   0.3080  0.2110  0.2170  0.2640  1
 81:   0.1580  0.3950  0.2340  0.2130  1
 82:   0.3470  0.1400  0.2170  0.2960  1
 83:   0.3410  0.2350  0.1580  0.2660  1
 84:   0.2230  0.3690  0.1650  0.2430  1
 85:   0.1449  0.5325  0.1528  0.1698  1
 86:   0.1830  0.3180  0.2760  0.2230  1
 87:   0.2890  0.1310  0.3610  0.2190  1
 88:   0.2438  0.2368  0.2358  0.2837  1
 89:   0.4795  0.1069  0.0889  0.3247  1
 90:   0.3180  0.1950  0.2510  0.2360  1
 91:   0.2300  0.1800  0.3510  0.2390  1
 92:   0.3113  0.2332  0.1852  0.2703  1
 93:   0.4950  0.0990  0.0720  0.3340  1
 94:   0.2600  0.2960  0.2030  0.2410  1
 95:   0.1878  0.3447  0.2627  0.2048  1
 96:   0.3253  0.2442  0.1682  0.2623  1
 97:   0.2148  0.1249  0.4695  0.1908  1
 98:   0.2350  0.2590  0.2480  0.2580  1
 99:   0.2030  0.1180  0.2930  0.3860  1
100:   0.1830  0.3100  0.2290  0.2780  1
101:   0.3280  0.1910  0.1710  0.3100  1
102:   0.2000  0.2430  0.2360  0.3210  1
103:   0.2482  0.4254  0.1381  0.1882  1
104:   0.2380  0.2520  0.2920  0.2180  1
105:   0.2930  0.2230  0.1960  0.2880  1
106:   0.4030  0.2210  0.0980  0.2780  1
107:   0.2843  0.1942  0.2142  0.3073  1
108:   0.3483  0.1752  0.2132  0.2633  1
109:   0.1920  0.3090  0.2270  0.2720  1
110:   0.2350  0.2260  0.3200  0.2190  1
111:   0.1660  0.5180  0.1530  0.1630  1
112:   0.3130  0.2370  0.1900  0.2600  1
113:   0.2290  0.2170  0.3430  0.2110  1
114:   0.4036  0.2228  0.0979  0.2757  1
115:   0.2120  0.2670  0.2670  0.2540  1
116:   0.2773  0.1512  0.2212  0.3504  1
117:   0.3300  0.1360  0.2800  0.2540  1
118:   0.2250  0.2350  0.2990  0.2410  1
119:   0.2498  0.2637  0.2168  0.2697  1
120:   0.2028  0.1219  0.2897  0.3856  1
121:   0.2488  0.2108  0.3367  0.2038  1
122:   0.2050  0.1280  0.4040  0.2630  1
123:   0.1730  0.3090  0.3510  0.1670  1
124:   0.1920  0.3320  0.2820  0.1940  1
125:   0.2600  0.2520  0.2250  0.2630  1
126:   0.1950  0.1290  0.3010  0.3750  1
127:   0.2290  0.0610  0.5330  0.1770  1
128:   0.3560  0.1550  0.1930  0.2960  1
129:   0.4940  0.0980  0.0720  0.3360  1
130:   0.4730  0.1200  0.0830  0.3240  1
131:   0.4795  0.1079  0.0839  0.3287  1
132:   0.3400  0.1800  0.2090  0.2710  1
133:   0.2110  0.2860  0.2940  0.2090  1
134:   0.2643  0.3363  0.1902  0.2092  1
135:   0.2420  0.2220  0.3000  0.2360  1
136:   0.2062  0.1832  0.2993  0.3113  1
137:   0.2290  0.0670  0.5220  0.1820  1
138:   0.2300  0.0660  0.5240  0.1800  1
139:   0.2963  0.2793  0.1602  0.2643  1
140:   0.2610  0.3580  0.1660  0.2150  1
141:   0.2560  0.2540  0.2790  0.2110  1
142:   0.2380  0.3410  0.2110  0.2100  1
143:   0.1510  0.5800  0.1190  0.1500  1
144:   0.2900  0.2120  0.2500  0.2480  1
145:   0.1990  0.3670  0.2440  0.1900  1
146:   0.2420  0.2390  0.2020  0.3170  1
147:   0.2160  0.2370  0.3300  0.2170  1
148:   0.2450  0.2200  0.2430  0.2920  1
149:   0.2258  0.2887  0.2687  0.2168  1
150:   0.2900  0.3390  0.1290  0.2420  1
151:   0.2032  0.2082  0.3403  0.2482  1
152:   0.2000  0.3440  0.2540  0.2020  1
153:   0.2230  0.3660  0.1900  0.2210  1
154:   0.2210  0.2020  0.4060  0.1710  1
155:   0.2250  0.2430  0.3250  0.2070  1
156:   0.3127  0.2018  0.1798  0.3057  1
157:   0.3000  0.3300  0.1550  0.2150  1
158:   0.2980  0.3420  0.1460  0.2140  1
159:   0.2690  0.2740  0.2360  0.2210  1
160:   0.1720  0.5110  0.1700  0.1470  1
161:   0.2000  0.2450  0.3810  0.1740  1
162:   0.3680  0.2310  0.1320  0.2690  1
163:   0.1998  0.1808  0.2887  0.3307  1
164:   0.2690  0.1470  0.2450  0.3390  1
165:   0.2110  0.1690  0.4510  0.1690  1
