  1:   0.5331  0.0780  0.0650  0.1123  0.1031  0.1085  1
  2:   0.1022  0.0530  0.0574  0.1120  0.0662  0.6090  1
  3:   0.0646  0.0492  0.4422  0.0858  0.2444  0.1138  1
  4:   0.6291  0.1061  0.0729  0.0749  0.0765  0.0406  1
  5:   0.6599  0.0434  0.0764  0.0764  0.0914  0.0524  1
  6:   0.0778  0.1082  0.3638  0.0696  0.2443  0.1363  1
  7:   0.0771  0.2614  0.1803  0.0292  0.1711  0.2810  1
  8:   0.6829  0.0684  0.0552  0.0968  0.0586  0.0382  1
  9:   0.0558  0.0396  0.4611  0.0586  0.3007  0.0842  1
 10:   0.5594  0.0622  0.1046  0.0968  0.1314  0.0456  1
 11:   0.0416  0.6877  0.0670  0.0696  0.0746  0.0596  1
 12:   0.2740  0.0416  0.0754  0.1122  0.0742  0.4226  1
 13:   0.2502  0.3276  0.0736  0.1235  0.1083  0.1169  1
 14:   0.1746  0.0440  0.2720  0.2646  0.1886  0.0562  1
 15:   0.0604  0.0488  0.2603  0.1959  0.3047  0.1299  1
 16:   0.3193  0.3731  0.0770  0.0718  0.0922  0.0666  1
 17:   0.0654  0.5122  0.0574  0.0784  0.0688  0.2178  1
 18:   0.5477  0.0566  0.0728  0.1198  0.0776  0.1254  1
 19:   0.1068  0.1588  0.2584  0.0816  0.2508  0.1436  1
 20:   0.3443  0.1178  0.2324  0.0500  0.1958  0.0598  1
 21:   0.3416  0.1126  0.1244  0.2074  0.1468  0.0672  1
 22:   0.1016  0.0572  0.2057  0.2673  0.3245  0.0436  1
 23:   0.0388  0.1006  0.0678  0.0544  0.0678  0.6706  1
 24:   0.0390  0.0954  0.3009  0.0818  0.3231  0.1598  1
 25:   0.1045  0.6238  0.0736  0.0598  0.0963  0.0420  1
 26:   0.0698  0.0702  0.1409  0.0468  0.1307  0.5416  1
 27:   0.3501  0.0824  0.1092  0.2372  0.1718  0.0494  1
 28:   0.0424  0.3659  0.1395  0.1535  0.2271  0.0716  1
 29:   0.0897  0.0414  0.4222  0.0748  0.2552  0.1167  1
 30:   0.0880  0.0552  0.2173  0.1824  0.3559  0.1012  1
 31:   0.0714  0.4026  0.0952  0.0682  0.1218  0.2408  1
 32:   0.0554  0.0724  0.2479  0.1200  0.4280  0.0764  1
 33:   0.0532  0.1108  0.1634  0.3343  0.1740  0.1644  1
 34:   0.0974  0.1960  0.1442  0.1266  0.2120  0.2238  1
 35:   0.4195  0.0420  0.1365  0.1123  0.1533  0.1365  1
 36:   0.0562  0.0680  0.3105  0.1306  0.3159  0.1188  1
 37:   0.0840  0.6006  0.0810  0.0424  0.0728  0.1192  1
 38:   0.0398  0.0742  0.2544  0.0478  0.4703  0.1135  1
 39:   0.3191  0.1277  0.2275  0.0878  0.1917  0.0462  1
 40:   0.0510  0.0768  0.0626  0.6628  0.0664  0.0804  1
 41:   0.1281  0.0440  0.2866  0.1149  0.3176  0.1087  1
 42:   0.0500  0.4404  0.1790  0.0682  0.1206  0.1418  1
 43:   0.0260  0.0320  0.0454  0.0380  0.0440  0.8146  1
 44:   0.0368  0.1140  0.1168  0.0526  0.0976  0.5821  1
 45:   0.6985  0.0640  0.0724  0.0522  0.0630  0.0498  1
 46:   0.0380  0.0635  0.0573  0.0933  0.0581  0.6898  1
 47:   0.6075  0.0754  0.1012  0.0562  0.0938  0.0658  1
 48:   0.0406  0.0946  0.3808  0.0840  0.2875  0.1126  1
 49:   0.0884  0.0458  0.0930  0.4477  0.1616  0.1636  1
 50:   0.2811  0.1018  0.0948  0.3359  0.1308  0.0556  1
 51:   0.0662  0.0508  0.0840  0.6559  0.0924  0.0506  1
 52:   0.0865  0.0887  0.1149  0.4803  0.1229  0.1065  1
 53:   0.0659  0.0819  0.1933  0.3147  0.2956  0.0486  1
 54:   0.3267  0.0534  0.0908  0.3239  0.1008  0.1042  1
 55:   0.0918  0.4914  0.0864  0.1038  0.0880  0.1385  1
 56:   0.0554  0.2098  0.2140  0.0630  0.2493  0.2086  1
 57:   0.0578  0.0512  0.1914  0.1112  0.1760  0.4124  1
 58:   0.0460  0.0394  0.4054  0.0863  0.2576  0.1653  1
 59:   0.0522  0.0546  0.4024  0.1220  0.3084  0.0604  1
 60:   0.1148  0.0878  0.2449  0.1301  0.2419  0.1805  1
 61:   0.0574  0.7748  0.0416  0.0524  0.0442  0.0296  1
 62:   0.0400  0.0660  0.4587  0.0512  0.2501  0.1342  1
 63:   0.4221  0.1434  0.1292  0.1144  0.1496  0.0412  1
 64:   0.0629  0.0426  0.0833  0.6597  0.1019  0.0496  1
 65:   0.0356  0.1106  0.1184  0.5101  0.1482  0.0770  1
 66:   0.3024  0.0678  0.1392  0.1984  0.2192  0.0730  1
 67:   0.0528  0.1542  0.0842  0.0572  0.0800  0.5715  1
 68:   0.0550  0.0668  0.3912  0.0828  0.2525  0.1518  1
 69:   0.7183  0.0698  0.0494  0.0790  0.0594  0.0242  1
 70:   0.0296  0.0338  0.2888  0.0326  0.1518  0.4634  1
 71:   0.1237  0.0648  0.3562  0.0899  0.3102  0.0552  1
 72:   0.0894  0.0428  0.3682  0.0768  0.2955  0.1273  1
 73:   0.6394  0.0922  0.0426  0.0714  0.0490  0.1054  1
 74:   0.1531  0.1993  0.2123  0.0578  0.3323  0.0452  1
 75:   0.0696  0.6770  0.0648  0.0834  0.0678  0.0374  1
 76:   0.1228  0.1270  0.1594  0.0644  0.1700  0.3563  1
 77:   0.0976  0.0612  0.4221  0.1142  0.2393  0.0656  1
 78:   0.0536  0.6349  0.0658  0.0528  0.0832  0.1096  1
 79:   0.1599  0.3900  0.0886  0.1877  0.1096  0.0642  1
 80:   0.0418  0.0620  0.4141  0.0920  0.2628  0.1272  1
 81:   0.1757  0.0863  0.1247  0.3947  0.1847  0.0338  1
 82:   0.2454  0.2140  0.0874  0.1580  0.1248  0.1702  1
 83:   0.1060  0.0726  0.3512  0.0660  0.2554  0.1488  1
 84:   0.1493  0.0891  0.2678  0.1489  0.2183  0.1265  1
 85:   0.5706  0.0498  0.1226  0.0730  0.1108  0.0732  1
 86:   0.0946  0.0836  0.1930  0.1960  0.1674  0.2655  1
 87:   0.0704  0.0512  0.1342  0.4405  0.1512  0.1526  1
 88:   0.0696  0.1488  0.2244  0.2074  0.2184  0.1314  1
 89:   0.0534  0.6891  0.0626  0.0798  0.0576  0.0576  1
 90:   0.0496  0.0638  0.0590  0.1600  0.0638  0.6039  1
 91:   0.1174  0.0714  0.1411  0.4426  0.1949  0.0326  1
 92:   0.1184  0.0572  0.0822  0.0504  0.0864  0.6055  1
 93:   0.0576  0.0826  0.1484  0.3295  0.2852  0.0968  1
 94:   0.3547  0.1012  0.1710  0.0780  0.2174  0.0776  1
 95:   0.0646  0.0838  0.2692  0.0908  0.3463  0.1453  1
 96:   0.0446  0.5214  0.1172  0.1550  0.1240  0.0378  1
 97:   0.0386  0.0512  0.0636  0.0396  0.0544  0.7524  1
 98:   0.0774  0.1147  0.1427  0.4373  0.1423  0.0857  1
 99:   0.0542  0.3345  0.1938  0.0814  0.2116  0.1246  1
100:   0.0634  0.2575  0.0548  0.5358  0.0544  0.0342  1
101:   0.0774  0.0618  0.4470  0.0514  0.2958  0.0666  1
102:   0.0696  0.1204  0.1920  0.2464  0.3426  0.0290  1
103:   0.0708  0.1284  0.2416  0.0666  0.2326  0.2599  1
104:   0.0704  0.7086  0.0424  0.0496  0.0544  0.0746  1
105:   0.0372  0.1189  0.0416  0.6980  0.0530  0.0512  1
106:   0.0738  0.0472  0.2523  0.0700  0.4678  0.0888  1
107:   0.5923  0.0414  0.0770  0.0694  0.1188  0.1010  1
108:   0.0762  0.1140  0.0406  0.6895  0.0474  0.0324  1
109:   0.0592  0.6890  0.0650  0.0424  0.0666  0.0778  1
110:   0.1456  0.1838  0.0772  0.0924  0.0810  0.4201  1
111:   0.0718  0.4024  0.0708  0.2779  0.1078  0.0694  1
112:   0.4916  0.1024  0.1170  0.0896  0.1204  0.0790  1
113:   0.0498  0.1810  0.0890  0.0826  0.0942  0.5034  1
114:   0.0692  0.3944  0.0508  0.0890  0.0646  0.3321  1
115:   0.4737  0.0624  0.1357  0.0516  0.2414  0.0352  1
116:   0.5240  0.0492  0.1136  0.0938  0.1809  0.0384  1
117:   0.0476  0.1757  0.3136  0.0532  0.2453  0.1647  1
118:   0.5391  0.1011  0.0951  0.0979  0.1051  0.0616  1
119:   0.0648  0.5545  0.1360  0.0748  0.1234  0.0464  1
120:   0.0528  0.0426  0.1014  0.5588  0.1430  0.1014  1
121:   0.0512  0.0794  0.3647  0.1416  0.2729  0.0902  1
122:   0.0604  0.0836  0.1170  0.2303  0.1591  0.3497  1
123:   0.0478  0.0392  0.0636  0.0464  0.0652  0.7380  1
124:   0.0500  0.0846  0.2667  0.0944  0.2268  0.2775  1
125:   0.2204  0.0652  0.0512  0.0568  0.0596  0.5469  1
126:   0.1380  0.0630  0.4071  0.0756  0.2477  0.0686  1
127:   0.0854  0.1907  0.1939  0.2361  0.2137  0.0802  1
128:   0.1084  0.0632  0.0778  0.5632  0.1052  0.0822  1
129:   0.0523  0.0727  0.0837  0.3497  0.1021  0.3395  1
130:   0.1363  0.0847  0.3147  0.0637  0.3387  0.0619  1
131:   0.0354  0.0804  0.0530  0.0900  0.0658  0.6755  1
132:   0.1143  0.1797  0.2048  0.2122  0.2478  0.0412  1
133:   0.0644  0.6729  0.0506  0.1205  0.0480  0.0436  1
134:   0.0528  0.0602  0.2349  0.1923  0.3145  0.1453  1
135:   0.0566  0.0496  0.4320  0.0516  0.3686  0.0416  1
136:   0.4458  0.0670  0.0938  0.1390  0.1334  0.1210  1
137:   0.0927  0.1139  0.1361  0.3424  0.2191  0.0959  1
138:   0.0632  0.0940  0.0916  0.4746  0.1100  0.1666  1
139:   0.6231  0.0550  0.0630  0.0844  0.0706  0.1040  1
140:   0.0534  0.0706  0.3929  0.0502  0.3305  0.1024  1
141:   0.1170  0.1399  0.2073  0.2289  0.2369  0.0700  1
142:   0.0750  0.5613  0.1083  0.0592  0.1413  0.0548  1
143:   0.1296  0.0666  0.1984  0.3863  0.1698  0.0492  1
144:   0.0872  0.0924  0.3368  0.1730  0.2782  0.0324  1
145:   0.0902  0.0776  0.1032  0.0988  0.1322  0.4980  1
146:   0.0950  0.1396  0.3506  0.0580  0.2966  0.0602  1
147:   0.1008  0.0912  0.0872  0.1466  0.0986  0.4755  1
148:   0.0466  0.0566  0.4258  0.1349  0.2432  0.0929  1
149:   0.0642  0.4594  0.0812  0.1190  0.0874  0.1887  1
150:   0.0612  0.4847  0.1635  0.0654  0.1809  0.0442  1
151:   0.0964  0.7095  0.0480  0.0534  0.0476  0.0452  1
152:   0.0590  0.0468  0.3746  0.0760  0.3260  0.1176  1
153:   0.1482  0.0574  0.0492  0.6616  0.0492  0.0344  1
154:   0.0532  0.1552  0.2182  0.1958  0.3044  0.0732  1
155:   0.0570  0.0836  0.2571  0.2491  0.2848  0.0684  1
156:   0.1622  0.1800  0.2408  0.1630  0.2146  0.0394  1
157:   0.1088  0.1413  0.0848  0.0738  0.0790  0.5122  1
158:   0.1059  0.2000  0.1591  0.2578  0.1669  0.1103  1
159:   0.3890  0.0892  0.1305  0.0962  0.1507  0.1445  1
160:   0.6675  0.0708  0.0710  0.0608  0.0784  0.0516  1
161:   0.5872  0.0914  0.0860  0.0696  0.0796  0.0860  1
162:   0.0602  0.0506  0.3771  0.1046  0.3257  0.0818  1
163:   0.0524  0.1919  0.0954  0.0536  0.1376  0.4690  1
164:   0.7201  0.0594  0.0564  0.0526  0.0560  0.0554  1
165:   0.0916  0.3151  0.2331  0.0614  0.1756  0.1232  1
166:   0.0644  0.0564  0.0656  0.6755  0.0776  0.0604  1
167:   0.0634  0.1124  0.2564  0.2498  0.2396  0.0784  1
168:   0.1886  0.1022  0.2681  0.1046  0.2809  0.0556  1
169:   0.7161  0.0442  0.0828  0.0458  0.0794  0.0318  1
170:   0.3949  0.0666  0.1562  0.1500  0.1614  0.0708  1
171:   0.0462  0.1046  0.1201  0.1300  0.1300  0.4692  1
172:   0.0691  0.0819  0.0538  0.6948  0.0582  0.0422  1
173:   0.0374  0.0590  0.0496  0.7630  0.0634  0.0278  1
174:   0.1530  0.1876  0.1540  0.1658  0.1500  0.1894  1
175:   0.0720  0.0842  0.0816  0.2522  0.0986  0.4114  1
176:   0.4521  0.0592  0.1454  0.0778  0.1914  0.0740  1
177:   0.1193  0.0967  0.1651  0.2217  0.1497  0.2475  1
178:   0.0678  0.0820  0.1062  0.5312  0.1064  0.1064  1
179:   0.0810  0.3981  0.0790  0.1428  0.0970  0.2022  1
180:   0.2889  0.0884  0.1702  0.1038  0.3022  0.0466  1
181:   0.0862  0.1256  0.1596  0.1944  0.2914  0.1428  1
182:   0.1010  0.6454  0.0536  0.0488  0.0534  0.0976  1
183:   0.6743  0.0776  0.0586  0.0802  0.0606  0.0486  1
184:   0.1106  0.2589  0.1558  0.1256  0.1876  0.1616  1
185:   0.3313  0.0848  0.1062  0.0748  0.1720  0.2310  1
186:   0.1842  0.0792  0.1472  0.3328  0.1884  0.0682  1
187:   0.0440  0.0574  0.2529  0.0956  0.2297  0.3205  1
188:   0.7366  0.0602  0.0456  0.0760  0.0474  0.0342  1
189:   0.2300  0.1248  0.2317  0.0786  0.1808  0.1542  1
190:   0.0954  0.1245  0.2095  0.3383  0.1975  0.0348  1
191:   0.0472  0.0706  0.0638  0.6811  0.0706  0.0666  1
192:   0.2921  0.0628  0.0668  0.1174  0.0748  0.3861  1
193:   0.2742  0.1795  0.1655  0.1327  0.1537  0.0945  1
194:   0.0702  0.0654  0.3595  0.0698  0.3621  0.0730  1
195:   0.0490  0.6037  0.0646  0.1044  0.0894  0.0890  1
196:   0.2153  0.0560  0.1915  0.0812  0.3690  0.0869  1
197:   0.0574  0.1334  0.3256  0.1376  0.2782  0.0678  1
198:   0.0614  0.1528  0.1176  0.5055  0.0930  0.0698  1
199:   0.0508  0.0710  0.0572  0.0528  0.0628  0.7053  1
200:   0.0330  0.6661  0.0676  0.0930  0.0644  0.0760  1
201:   0.4985  0.0382  0.0986  0.1708  0.1586  0.0354  1
202:   0.0888  0.0932  0.3224  0.0580  0.1874  0.2502  1
203:   0.0644  0.0654  0.3414  0.0934  0.3254  0.1100  1
204:   0.0538  0.2116  0.1570  0.2210  0.1656  0.1908  1
205:   0.0450  0.0382  0.0772  0.0374  0.0606  0.7415  1
206:   0.0620  0.0602  0.4111  0.0862  0.2679  0.1126  1
207:   0.0488  0.4501  0.1182  0.0700  0.1962  0.1168  1
208:   0.0418  0.7022  0.0534  0.0678  0.0628  0.0722  1
209:   0.1782  0.0812  0.1630  0.3899  0.1132  0.0746  1
210:   0.1023  0.0701  0.3082  0.1209  0.2822  0.1163  1
211:   0.0658  0.0626  0.1130  0.6106  0.0980  0.0500  1
212:   0.0524  0.1004  0.0540  0.6679  0.0594  0.0658  1
213:   0.2398  0.0956  0.3366  0.0518  0.2276  0.0486  1
214:   0.0538  0.0418  0.3874  0.0620  0.3744  0.0806  1
215:   0.0570  0.6645  0.0726  0.0568  0.0940  0.0550  1
216:   0.0696  0.6246  0.0864  0.0826  0.0936  0.0432  1
217:   0.0952  0.0502  0.1333  0.0912  0.1391  0.4910  1
218:   0.0688  0.1306  0.0750  0.0392  0.0762  0.6101  1
219:   0.0610  0.0506  0.0632  0.6915  0.1006  0.0332  1
220:   0.0452  0.0708  0.0616  0.5824  0.0748  0.1653  1
221:   0.0610  0.0546  0.3389  0.1216  0.3547  0.0692  1
222:   0.0772  0.0588  0.1044  0.4177  0.2011  0.1408  1
223:   0.0658  0.0632  0.4632  0.0890  0.2790  0.0398  1
224:   0.1100  0.1186  0.1882  0.2917  0.1790  0.1124  1
225:   0.4503  0.0676  0.1056  0.2098  0.1160  0.0508  1
226:   0.1797  0.1663  0.1256  0.2729  0.1501  0.1054  1
227:   0.0308  0.0360  0.1084  0.0406  0.0862  0.6980  1
228:   0.0514  0.1837  0.1307  0.0796  0.1269  0.4278  1
229:   0.3865  0.1594  0.1016  0.1134  0.1158  0.1234  1
230:   0.0634  0.3193  0.0938  0.0972  0.1090  0.3175  1
231:   0.0388  0.7217  0.0472  0.1088  0.0546  0.0288  1
232:   0.0682  0.3926  0.0502  0.0716  0.0548  0.3626  1
233:   0.0572  0.0678  0.0774  0.6321  0.0986  0.0670  1
234:   0.0926  0.5495  0.0962  0.0850  0.1004  0.0762  1
235:   0.2515  0.0896  0.2177  0.0526  0.3446  0.0440  1
236:   0.0706  0.0552  0.2815  0.2107  0.2743  0.1076  1
237:   0.1148  0.4498  0.0940  0.0708  0.1064  0.1642  1
238:   0.0712  0.0452  0.3387  0.0992  0.3455  0.1002  1
239:   0.4159  0.0678  0.0616  0.0584  0.0558  0.3405  1
240:   0.1340  0.0732  0.2351  0.0444  0.3603  0.1530  1
241:   0.0892  0.0886  0.1951  0.2627  0.2989  0.0654  1
242:   0.5351  0.0632  0.0965  0.1325  0.0897  0.0830  1
243:   0.0626  0.4142  0.1932  0.0588  0.1502  0.1210  1
244:   0.0320  0.0634  0.1792  0.0416  0.1966  0.4871  1
245:   0.2547  0.4195  0.0758  0.0884  0.1164  0.0452  1
246:   0.0552  0.3734  0.0640  0.0891  0.0820  0.3364  1
247:   0.4319  0.0873  0.1525  0.0596  0.2125  0.0562  1
248:   0.2677  0.0890  0.1696  0.1474  0.2428  0.0836  1
249:   0.0476  0.7475  0.0614  0.0380  0.0636  0.0418  1
250:   0.1006  0.0574  0.0898  0.5957  0.1130  0.0434  1
251:   0.1094  0.6392  0.0398  0.0926  0.0408  0.0782  1
252:   0.0972  0.1150  0.3327  0.0910  0.2943  0.0696  1
253:   0.0436  0.0366  0.1808  0.0588  0.1438  0.5364  1
254:   0.1251  0.0408  0.1659  0.3756  0.2037  0.0889  1
255:   0.0486  0.3936  0.0772  0.0862  0.0914  0.3031  1
256:   0.0410  0.0462  0.4790  0.0682  0.3036  0.0620  1
257:   0.2701  0.0770  0.0968  0.3697  0.1191  0.0674  1
258:   0.6452  0.0564  0.0880  0.0426  0.1258  0.0420  1
259:   0.7025  0.0554  0.0532  0.0706  0.0750  0.0434  1
260:   0.0810  0.0606  0.2558  0.2214  0.3130  0.0682  1
261:   0.0540  0.0430  0.0902  0.1657  0.1020  0.5450  1
262:   0.0934  0.0638  0.1711  0.0770  0.1519  0.4428  1
263:   0.0837  0.0786  0.2696  0.2195  0.2982  0.0504  1
264:   0.0442  0.0652  0.2125  0.0340  0.1427  0.5014  1
265:   0.3188  0.0956  0.0710  0.0882  0.0856  0.3408  1
266:   0.1962  0.1244  0.1906  0.1540  0.2739  0.0608  1
267:   0.0638  0.0852  0.0760  0.6499  0.0786  0.0466  1
268:   0.0634  0.6122  0.1088  0.0662  0.0882  0.0610  1
269:   0.2625  0.1070  0.1258  0.2699  0.1664  0.0684  1
270:   0.4058  0.0924  0.1563  0.0776  0.2327  0.0352  1
271:   0.0374  0.1642  0.3343  0.0670  0.2103  0.1868  1
272:   0.0923  0.1031  0.1787  0.0639  0.1451  0.4169  1
273:   0.0802  0.6752  0.0604  0.0612  0.0608  0.0624  1
274:   0.5767  0.0730  0.1019  0.0939  0.1157  0.0388  1
275:   0.0934  0.1066  0.1770  0.3613  0.1758  0.0860  1
276:   0.1541  0.1078  0.2017  0.1775  0.2763  0.0826  1
277:   0.0780  0.0576  0.4976  0.0492  0.2748  0.0430  1
278:   0.0894  0.2304  0.1156  0.3365  0.1252  0.1028  1
279:   0.2559  0.0374  0.2533  0.0462  0.2474  0.1598  1
280:   0.1136  0.0646  0.1920  0.2981  0.2024  0.1294  1
281:   0.0922  0.7157  0.0502  0.0514  0.0512  0.0392  1
282:   0.0556  0.0414  0.5028  0.0432  0.2786  0.0785  1
283:   0.0842  0.1496  0.0722  0.0782  0.0924  0.5235  1
284:   0.1342  0.3078  0.1102  0.1366  0.1324  0.1788  1
285:   0.1482  0.1836  0.1948  0.2084  0.1406  0.1244  1
286:   0.3247  0.0572  0.2905  0.0630  0.1823  0.0824  1
287:   0.0416  0.0952  0.2582  0.1268  0.1714  0.3067  1
288:   0.0920  0.0700  0.3076  0.1820  0.2560  0.0924  1
289:   0.0610  0.3828  0.1481  0.0913  0.2331  0.0838  1
290:   0.0500  0.0580  0.2738  0.0764  0.1940  0.3478  1
291:   0.0456  0.0468  0.4986  0.0378  0.2804  0.0908  1
292:   0.0528  0.2627  0.0456  0.1242  0.0548  0.4598  1
293:   0.1127  0.0448  0.0645  0.6455  0.0923  0.0402  1
294:   0.1036  0.0630  0.4371  0.0492  0.2939  0.0530  1
295:   0.0736  0.0516  0.0604  0.0706  0.0566  0.6873  1
296:   0.0582  0.1162  0.3695  0.0594  0.2356  0.1612  1
297:   0.0550  0.0594  0.0660  0.0566  0.0940  0.6690  1
298:   0.4000  0.0616  0.0582  0.3682  0.0880  0.0240  1
299:   0.2438  0.0708  0.2092  0.0658  0.3366  0.0738  1
300:   0.6144  0.0542  0.0732  0.0981  0.1295  0.0306  1
301:   0.2429  0.0608  0.1505  0.1497  0.1601  0.2361  1
302:   0.6250  0.0548  0.1064  0.0536  0.1300  0.0304  1
303:   0.0709  0.0751  0.2968  0.0635  0.3791  0.1145  1
304:   0.2284  0.0448  0.0670  0.5073  0.1082  0.0442  1
305:   0.2298  0.1662  0.1474  0.1730  0.1704  0.1130  1
306:   0.0514  0.0608  0.1531  0.4643  0.2197  0.0506  1
307:   0.0606  0.1496  0.3476  0.0654  0.3366  0.0402  1
308:   0.3977  0.1426  0.1542  0.0826  0.1602  0.0626  1
309:   0.1666  0.1242  0.1564  0.2324  0.2547  0.0658  1
310:   0.1166  0.0648  0.0566  0.6321  0.0666  0.0634  1
311:   0.0966  0.0368  0.0604  0.6782  0.0666  0.0614  1
312:   0.7661  0.0294  0.0504  0.0700  0.0612  0.0230  1
313:   0.1184  0.0670  0.0700  0.0426  0.0586  0.6433  1
314:   0.5044  0.0748  0.0730  0.1423  0.0850  0.1206  1
315:   0.7369  0.0344  0.0528  0.0934  0.0530  0.0296  1
316:   0.0642  0.1410  0.0596  0.5532  0.0642  0.1178  1
317:   0.0802  0.2836  0.0893  0.4219  0.0897  0.0354  1
318:   0.5193  0.0600  0.1292  0.0472  0.1588  0.0854  1
319:   0.0606  0.4194  0.0564  0.3569  0.0664  0.0404  1
320:   0.7262  0.0440  0.0862  0.0352  0.0730  0.0354  1
321:   0.1028  0.1204  0.0930  0.0802  0.0994  0.5041  1
322:   0.0878  0.0634  0.2314  0.2064  0.3564  0.0546  1
323:   0.1024  0.0518  0.3462  0.1767  0.2619  0.0610  1
324:   0.5629  0.0640  0.0672  0.1695  0.0788  0.0578  1
325:   0.0766  0.4723  0.0732  0.2733  0.0670  0.0376  1
326:   0.1010  0.0680  0.3042  0.2406  0.2042  0.0820  1
327:   0.0474  0.0554  0.1083  0.4989  0.0912  0.1987  1
328:   0.1208  0.0474  0.4127  0.0780  0.3105  0.0306  1
329:   0.0972  0.0552  0.4036  0.0608  0.3416  0.0416  1
330:   0.1000  0.0450  0.3874  0.0884  0.2893  0.0898  1
331:   0.0706  0.2627  0.1540  0.1118  0.2547  0.1462  1
332:   0.0476  0.0656  0.4240  0.0660  0.2859  0.1110  1
333:   0.3578  0.1346  0.0698  0.0806  0.1080  0.2492  1
334:   0.0492  0.0454  0.0468  0.7597  0.0462  0.0528  1
335:   0.1367  0.5908  0.0800  0.0450  0.0994  0.0482  1
336:   0.0594  0.0706  0.1713  0.3863  0.1971  0.1152  1
337:   0.4980  0.0756  0.1350  0.0568  0.1092  0.1255  1
338:   0.0602  0.0744  0.3581  0.1473  0.3249  0.0352  1
339:   0.0544  0.7148  0.0654  0.0588  0.0594  0.0474  1
340:   0.0800  0.0662  0.2862  0.1566  0.2016  0.2094  1
341:   0.1120  0.0462  0.4652  0.0680  0.2567  0.0520  1
342:   0.0406  0.0528  0.0680  0.0430  0.0654  0.7302  1
343:   0.6001  0.1360  0.0580  0.0820  0.0544  0.0694  1
344:   0.1026  0.2261  0.2399  0.0480  0.3467  0.0366  1
345:   0.0528  0.7267  0.0598  0.0510  0.0586  0.0510  1
346:   0.6651  0.0608  0.0562  0.0582  0.0638  0.0960  1
347:   0.0480  0.3872  0.1318  0.1768  0.2116  0.0446  1
348:   0.0928  0.1916  0.0914  0.3064  0.1242  0.1936  1
349:   0.0812  0.4596  0.0696  0.1244  0.1042  0.1610  1
350:   0.1450  0.0450  0.1120  0.5253  0.0954  0.0772  1
351:   0.0770  0.0988  0.2651  0.2583  0.2415  0.0594  1
352:   0.0376  0.0956  0.2798  0.1456  0.2632  0.1782  1
353:   0.0498  0.0504  0.0464  0.7268  0.0486  0.0780  1
354:   0.1037  0.1219  0.0945  0.1859  0.1323  0.3617  1
355:   0.0324  0.0528  0.1160  0.5854  0.1274  0.0862  1
356:   0.7617  0.0342  0.0506  0.0460  0.0516  0.0558  1
357:   0.0482  0.0532  0.0895  0.0676  0.0746  0.6668  1
358:   0.3241  0.0690  0.1206  0.2125  0.1797  0.0940  1
359:   0.4888  0.0646  0.1162  0.0552  0.1192  0.1560  1
360:   0.0520  0.0542  0.1390  0.1380  0.1172  0.4995  1
361:   0.4784  0.0446  0.1272  0.0910  0.1569  0.1020  1
362:   0.0700  0.1130  0.2823  0.0612  0.3317  0.1417  1
363:   0.0398  0.0526  0.3806  0.0916  0.3872  0.0482  1
364:   0.0716  0.0698  0.1217  0.2587  0.2259  0.2523  1
365:   0.1384  0.4897  0.1320  0.0494  0.1630  0.0276  1
366:   0.3567  0.0590  0.1578  0.1682  0.1520  0.1064  1
367:   0.0728  0.0600  0.1260  0.4938  0.1883  0.0590  1
368:   0.0360  0.2951  0.2098  0.1070  0.2963  0.0558  1
369:   0.0648  0.0648  0.2205  0.0396  0.1773  0.4330  1
370:   0.1155  0.1175  0.1509  0.4030  0.1449  0.0682  1
371:   0.0630  0.1116  0.1394  0.0654  0.1268  0.4938  1
372:   0.0430  0.0932  0.0970  0.0914  0.1162  0.5591  1
373:   0.3051  0.0750  0.2588  0.1080  0.1618  0.0912  1
374:   0.4306  0.1511  0.1114  0.0810  0.1483  0.0776  1
375:   0.0354  0.0470  0.0570  0.0360  0.0658  0.7588  1
376:   0.0600  0.5729  0.1352  0.0702  0.0974  0.0644  1
377:   0.6565  0.0648  0.0994  0.0420  0.0776  0.0598  1
378:   0.6332  0.0824  0.0704  0.0400  0.0636  0.1104  1
379:   0.0374  0.0856  0.0714  0.6179  0.0832  0.1044  1
380:   0.1104  0.1236  0.0894  0.2745  0.1214  0.2807  1
381:   0.1964  0.0829  0.2352  0.0661  0.2570  0.1623  1
382:   0.0506  0.0612  0.0472  0.0568  0.0528  0.7313  1
383:   0.0400  0.1370  0.4122  0.0508  0.3170  0.0430  1
384:   0.4455  0.1050  0.1352  0.0450  0.1478  0.1214  1
385:   0.2070  0.5349  0.0736  0.0382  0.0898  0.0566  1
386:   0.0616  0.2327  0.3223  0.0558  0.2679  0.0598  1
387:   0.0420  0.0396  0.4473  0.0790  0.3293  0.0628  1
388:   0.1496  0.0758  0.0868  0.0728  0.0926  0.5223  1
389:   0.0528  0.4144  0.0630  0.0828  0.0740  0.3130  1
390:   0.0510  0.0892  0.1268  0.0524  0.1260  0.5547  1
391:   0.0694  0.3063  0.1975  0.0804  0.1883  0.1581  1
392:   0.2368  0.0682  0.1866  0.1752  0.1968  0.1364  1
393:   0.1744  0.1680  0.1582  0.1622  0.1536  0.1834  1
394:   0.0602  0.5860  0.0862  0.1223  0.1029  0.0424  1
395:   0.0406  0.0582  0.2805  0.0748  0.4279  0.1180  1
396:   0.2103  0.0638  0.0584  0.0646  0.0616  0.5412  1
397:   0.1134  0.0578  0.4014  0.0500  0.2403  0.1371  1
398:   0.3035  0.0570  0.2137  0.0596  0.2704  0.0958  1
399:   0.0532  0.0548  0.1240  0.0962  0.1766  0.4951  1
400:   0.0876  0.1140  0.3528  0.0886  0.2602  0.0968  1
401:   0.0689  0.0526  0.4371  0.0566  0.3305  0.0542  1
402:   0.0728  0.6388  0.0908  0.0512  0.0748  0.0718  1
403:   0.3957  0.0666  0.1896  0.1398  0.1632  0.0452  1
404:   0.0678  0.3739  0.1613  0.0782  0.2579  0.0608  1
405:   0.1592  0.4585  0.0756  0.0496  0.1044  0.1528  1
406:   0.0632  0.0806  0.0672  0.0450  0.0700  0.6740  1
407:   0.0436  0.0911  0.1591  0.1517  0.1401  0.4143  1
408:   0.2747  0.1058  0.0924  0.3343  0.1534  0.0394  1
409:   0.0606  0.3022  0.1293  0.2305  0.1587  0.1187  1
410:   0.0574  0.0454  0.3601  0.0620  0.2520  0.2230  1
411:   0.1726  0.0884  0.3862  0.0670  0.2307  0.0550  1
412:   0.1176  0.0734  0.1237  0.3089  0.2507  0.1256  1
413:   0.0974  0.4685  0.0866  0.1474  0.0984  0.1016  1
414:   0.1267  0.2549  0.1473  0.1889  0.1637  0.1184  1
415:   0.6547  0.0870  0.0886  0.0488  0.0750  0.0460  1
416:   0.0386  0.7484  0.0440  0.0644  0.0480  0.0564  1
417:   0.0892  0.0848  0.3352  0.1128  0.2331  0.1450  1
418:   0.0494  0.2046  0.1630  0.3155  0.1836  0.0838  1
419:   0.1030  0.1004  0.0830  0.1078  0.1020  0.5039  1
420:   0.1142  0.0682  0.3153  0.0744  0.2815  0.1464  1
421:   0.1002  0.3581  0.1566  0.0550  0.2126  0.1174  1
422:   0.1548  0.1784  0.1756  0.1926  0.2440  0.0544  1
423:   0.0318  0.0498  0.3368  0.0386  0.4640  0.0792  1
424:   0.7120  0.0683  0.0681  0.0374  0.0675  0.0468  1
425:   0.1489  0.0716  0.2552  0.0694  0.2217  0.2333  1
426:   0.0845  0.4917  0.1429  0.0875  0.1283  0.0650  1
427:   0.0404  0.1061  0.1123  0.4927  0.1149  0.1337  1
428:   0.0657  0.0610  0.3749  0.1551  0.2334  0.1099  1
429:   0.0452  0.0860  0.3817  0.0680  0.3361  0.0828  1
430:   0.6722  0.0352  0.0634  0.1119  0.0716  0.0458  1
431:   0.0686  0.0802  0.2851  0.0726  0.4416  0.0520  1
432:   0.0590  0.2566  0.0796  0.4685  0.0852  0.0512  1
433:   0.0712  0.0698  0.0566  0.0740  0.0534  0.6749  1
434:   0.3261  0.3865  0.0662  0.0664  0.0738  0.0810  1
435:   0.0478  0.0934  0.1536  0.2171  0.2860  0.2022  1
436:   0.0740  0.1246  0.0794  0.1682  0.0834  0.4705  1
437:   0.6257  0.0526  0.0926  0.0720  0.0790  0.0782  1
438:   0.1279  0.0704  0.0760  0.5874  0.0899  0.0484  1
439:   0.0704  0.0770  0.2745  0.0550  0.3443  0.1788  1
440:   0.6721  0.0552  0.0712  0.0886  0.0772  0.0358  1
441:   0.0460  0.6391  0.0510  0.0516  0.0610  0.1512  1
442:   0.1135  0.0452  0.0799  0.2042  0.1091  0.4482  1
443:   0.0404  0.0544  0.0716  0.0426  0.0814  0.7095  1
444:   0.0692  0.0780  0.4475  0.0538  0.2819  0.0696  1
445:   0.0490  0.0679  0.2056  0.1197  0.3395  0.2182  1
446:   0.0384  0.6753  0.0650  0.1042  0.0704  0.0466  1
447:   0.0692  0.0532  0.2880  0.1053  0.2890  0.1953  1
448:   0.3173  0.0944  0.1448  0.2038  0.1914  0.0484  1
449:   0.7068  0.0764  0.0478  0.0448  0.0564  0.0680  1
450:   0.0675  0.6511  0.0530  0.0849  0.0488  0.0947  1
451:   0.0596  0.6836  0.0558  0.0810  0.0562  0.0638  1
452:   0.0386  0.0434  0.0534  0.0580  0.0552  0.7513  1
453:   0.0608  0.0670  0.0518  0.7057  0.0508  0.0640  1
454:   0.0728  0.1956  0.1230  0.3386  0.1574  0.1126  1
455:   0.0426  0.0590  0.3265  0.2711  0.2246  0.0762  1
456:   0.0592  0.6425  0.0652  0.1052  0.0626  0.0652  1
457:   0.5863  0.0882  0.0962  0.0808  0.0748  0.0738  1
458:   0.0814  0.0430  0.5146  0.0416  0.2692  0.0502  1
459:   0.0542  0.4805  0.0500  0.2188  0.0590  0.1376  1
460:   0.0482  0.0492  0.4555  0.0740  0.2410  0.1320  1
461:   0.6481  0.0716  0.0604  0.0792  0.0592  0.0816  1
462:   0.0534  0.0766  0.0606  0.6646  0.0536  0.0912  1
463:   0.1488  0.4825  0.0910  0.0814  0.1356  0.0606  1
464:   0.0971  0.0889  0.3587  0.0791  0.2224  0.1537  1
465:   0.1558  0.5841  0.0800  0.0554  0.0858  0.0388  1
466:   0.0600  0.1136  0.3017  0.1134  0.2191  0.1921  1
467:   0.0366  0.0638  0.0650  0.0584  0.0650  0.7112  1
468:   0.0562  0.2036  0.2678  0.0524  0.3497  0.0702  1
469:   0.0276  0.0398  0.0982  0.0324  0.0660  0.7361  1
470:   0.1230  0.1868  0.1774  0.1850  0.2589  0.0690  1
471:   0.1170  0.0936  0.2412  0.0780  0.3031  0.1670  1
472:   0.1263  0.1389  0.3121  0.1196  0.2453  0.0578  1
473:   0.0918  0.1270  0.3741  0.0762  0.2905  0.0404  1
474:   0.0530  0.1066  0.3358  0.0474  0.2916  0.1656  1
475:   0.1404  0.0398  0.2560  0.0414  0.4459  0.0766  1
476:   0.0724  0.5088  0.1258  0.1190  0.1426  0.0314  1
477:   0.0990  0.0674  0.3435  0.0502  0.4004  0.0394  1
478:   0.7190  0.0498  0.0620  0.0584  0.0614  0.0496  1
479:   0.0652  0.0878  0.3266  0.0758  0.2324  0.2122  1
480:   0.0624  0.0494  0.0620  0.0518  0.0610  0.7135  1
481:   0.3411  0.1068  0.1239  0.1397  0.1539  0.1347  1
482:   0.5830  0.0920  0.0704  0.0858  0.0856  0.0834  1
483:   0.0908  0.0894  0.2358  0.2430  0.2110  0.1298  1
484:   0.0810  0.0452  0.3152  0.0464  0.1828  0.3295  1
485:   0.0428  0.0502  0.0859  0.0324  0.0794  0.7092  1
486:   0.0422  0.7305  0.0386  0.0552  0.0388  0.0946  1
487:   0.0649  0.0949  0.1333  0.0809  0.1275  0.4984  1
488:   0.0340  0.0672  0.4460  0.0432  0.3358  0.0738  1
489:   0.1235  0.1735  0.1777  0.1501  0.3177  0.0574  1
490:   0.0666  0.2576  0.1984  0.0642  0.2953  0.1178  1
491:   0.0494  0.0732  0.0630  0.0602  0.0696  0.6844  1
492:   0.0532  0.0402  0.0836  0.0358  0.0794  0.7077  1
