  1:   0.5140  0.0800  0.1390  0.1100  0.0480  0.1090  1
  2:   0.1030  0.0540  0.0730  0.1110  0.0550  0.6040  1
  3:   0.0670  0.0520  0.1160  0.0910  0.5500  0.1240  1
  4:   0.6280  0.1090  0.0760  0.0770  0.0680  0.0420  1
  5:   0.6713  0.0440  0.0969  0.0689  0.0649  0.0539  1
  6:   0.0781  0.1121  0.1692  0.0741  0.4234  0.1431  1
  7:   0.0789  0.2707  0.1439  0.0290  0.1958  0.2817  1
  8:   0.6683  0.0729  0.0659  0.1009  0.0539  0.0380  1
  9:   0.0570  0.0400  0.2080  0.0600  0.5520  0.0830  1
 10:   0.5810  0.0610  0.1430  0.0880  0.0800  0.0470  1
 11:   0.0420  0.6840  0.0840  0.0670  0.0630  0.0600  1
 12:   0.2657  0.0420  0.0789  0.1149  0.0769  0.4216  1
 13:   0.2430  0.3370  0.1240  0.1220  0.0560  0.1180  1
 14:   0.1782  0.0470  0.1311  0.2763  0.3113  0.0561  1
 15:   0.0640  0.0500  0.2990  0.1960  0.2600  0.1310  1
 16:   0.3170  0.3730  0.1020  0.0720  0.0700  0.0660  1
 17:   0.0670  0.5090  0.0780  0.0780  0.0520  0.2160  1
 18:   0.5280  0.0570  0.0900  0.1240  0.0700  0.1310  1
 19:   0.1090  0.1650  0.2410  0.0780  0.2600  0.1470  1
 20:   0.3550  0.1190  0.1670  0.0500  0.2490  0.0600  1
 21:   0.3530  0.1110  0.1540  0.2050  0.1100  0.0670  1
 22:   0.1000  0.0580  0.4110  0.2320  0.1560  0.0430  1
 23:   0.0390  0.1070  0.0700  0.0560  0.0670  0.6610  1
 24:   0.0410  0.0941  0.3584  0.0831  0.2553  0.1682  1
 25:   0.1091  0.6106  0.1121  0.0601  0.0661  0.0420  1
 26:   0.0719  0.0709  0.1259  0.0470  0.1429  0.5415  1
 27:   0.3590  0.0800  0.1960  0.2410  0.0760  0.0480  1
 28:   0.0440  0.3630  0.2670  0.1440  0.1090  0.0730  1
 29:   0.0970  0.0430  0.1430  0.0750  0.5140  0.1280  1
 30:   0.0920  0.0540  0.4400  0.1740  0.1380  0.1020  1
 31:   0.0730  0.3970  0.1360  0.0710  0.0840  0.2390  1
 32:   0.0549  0.0679  0.5165  0.1189  0.1678  0.0739  1
 33:   0.0539  0.1099  0.1868  0.3247  0.1628  0.1618  1
 34:   0.0959  0.1918  0.2567  0.1279  0.1089  0.2188  1
 35:   0.4294  0.0420  0.1592  0.1071  0.1211  0.1411  1
 36:   0.0570  0.0670  0.3210  0.1290  0.3050  0.1210  1
 37:   0.0881  0.5966  0.0641  0.0430  0.0901  0.1181  1
 38:   0.0410  0.0780  0.6040  0.0480  0.1130  0.1160  1
 39:   0.3113  0.1271  0.1862  0.0841  0.2452  0.0460  1
 40:   0.0529  0.0769  0.0689  0.6623  0.0589  0.0799  1
 41:   0.1170  0.0450  0.3440  0.0990  0.2850  0.1100  1
 42:   0.0509  0.4406  0.0909  0.0679  0.2148  0.1349  1
 43:   0.0270  0.0320  0.0410  0.0390  0.0490  0.8122  1
 44:   0.0380  0.1171  0.0961  0.0551  0.1281  0.5656  1
 45:   0.6910  0.0650  0.0550  0.0540  0.0830  0.0520  1
 46:   0.0390  0.0619  0.0579  0.0979  0.0589  0.6843  1
 47:   0.6014  0.0769  0.0889  0.0579  0.1079  0.0669  1
 48:   0.0430  0.0919  0.2458  0.0829  0.4206  0.1159  1
 49:   0.0869  0.0440  0.2068  0.4356  0.0669  0.1598  1
 50:   0.2917  0.0999  0.1598  0.3207  0.0739  0.0539  1
 51:   0.0690  0.0510  0.1050  0.6430  0.0790  0.0530  1
 52:   0.0860  0.0890  0.1210  0.4870  0.1100  0.1070  1
 53:   0.0681  0.0801  0.3604  0.2973  0.1441  0.0501  1
 54:   0.3067  0.0529  0.1129  0.3437  0.0839  0.0999  1
 55:   0.0951  0.4855  0.0931  0.1021  0.0851  0.1391  1
 56:   0.0579  0.2088  0.2977  0.0609  0.1678  0.2068  1
 57:   0.0590  0.0510  0.1740  0.1090  0.1880  0.4190  1
 58:   0.0450  0.0400  0.1822  0.0861  0.4805  0.1662  1
 59:   0.0530  0.0570  0.2520  0.1280  0.4480  0.0620  1
 60:   0.1179  0.0879  0.2358  0.1229  0.2537  0.1818  1
 61:   0.0600  0.7750  0.0450  0.0500  0.0400  0.0300  1
 62:   0.0420  0.0699  0.1269  0.0490  0.5804  0.1319  1
 63:   0.4330  0.1430  0.1580  0.1150  0.1100  0.0410  1
 64:   0.0639  0.0420  0.1179  0.6503  0.0769  0.0490  1
 65:   0.0360  0.1100  0.1830  0.4980  0.0940  0.0790  1
 66:   0.3027  0.0659  0.2737  0.1888  0.0949  0.0739  1
 67:   0.0551  0.1532  0.0791  0.0591  0.0881  0.5656  1
 68:   0.0571  0.0681  0.1702  0.0821  0.4685  0.1542  1
 69:   0.7120  0.0730  0.0660  0.0800  0.0440  0.0250  1
 70:   0.0310  0.0340  0.0940  0.0330  0.3570  0.4510  1
 71:   0.1299  0.0679  0.2687  0.0889  0.3876  0.0569  1
 72:   0.0909  0.0480  0.2498  0.0769  0.3966  0.1379  1
 73:   0.6290  0.0930  0.0560  0.0720  0.0410  0.1090  1
 74:   0.1700  0.2050  0.3830  0.0630  0.1320  0.0470  1
 75:   0.0740  0.6720  0.0700  0.0840  0.0630  0.0370  1
 76:   0.1269  0.1239  0.1708  0.0669  0.1558  0.3556  1
 77:   0.1090  0.0650  0.1270  0.1190  0.5130  0.0670  1
 78:   0.0560  0.6340  0.0910  0.0510  0.0570  0.1110  1
 79:   0.1632  0.3694  0.1281  0.1912  0.0841  0.0641  1
 80:   0.0420  0.0651  0.1802  0.0921  0.4895  0.1311  1
 81:   0.1860  0.0840  0.2360  0.3740  0.0840  0.0360  1
 82:   0.2480  0.2040  0.1640  0.1470  0.0640  0.1730  1
 83:   0.1100  0.0800  0.1970  0.0650  0.3900  0.1580  1
 84:   0.1508  0.0919  0.1988  0.1399  0.2927  0.1259  1
 85:   0.5620  0.0520  0.0990  0.0770  0.1340  0.0760  1
 86:   0.0900  0.0810  0.1510  0.2090  0.2050  0.2640  1
 87:   0.0710  0.0510  0.1670  0.4320  0.1210  0.1580  1
 88:   0.0710  0.1570  0.2090  0.1970  0.2350  0.1310  1
 89:   0.0541  0.6847  0.0561  0.0791  0.0681  0.0581  1
 90:   0.0480  0.0610  0.0670  0.1620  0.0570  0.6050  1
 91:   0.1170  0.0730  0.2320  0.4300  0.1140  0.0340  1
 92:   0.1180  0.0590  0.0860  0.0510  0.0840  0.6020  1
 93:   0.0540  0.0810  0.3880  0.3050  0.0770  0.0950  1
 94:   0.3746  0.0989  0.2438  0.0729  0.1309  0.0789  1
 95:   0.0680  0.0850  0.3860  0.0910  0.2130  0.1570  1
 96:   0.0470  0.5150  0.1320  0.1540  0.1130  0.0390  1
 97:   0.0400  0.0521  0.0480  0.0410  0.0731  0.7457  1
 98:   0.0741  0.1152  0.1383  0.4469  0.1413  0.0842  1
 99:   0.0570  0.3350  0.2080  0.0800  0.1950  0.1250  1
100:   0.0671  0.2533  0.0511  0.5385  0.0551  0.0350  1
101:   0.0800  0.0640  0.2050  0.0490  0.5350  0.0670  1
102:   0.0710  0.1230  0.4290  0.2350  0.1130  0.0290  1
103:   0.0730  0.1260  0.2230  0.0650  0.2480  0.2650  1
104:   0.0720  0.6960  0.0650  0.0520  0.0390  0.0760  1
105:   0.0370  0.1071  0.0601  0.7077  0.0370  0.0511  1
106:   0.0800  0.0490  0.5870  0.0740  0.1190  0.0910  1
107:   0.5930  0.0410  0.1510  0.0620  0.0530  0.1000  1
108:   0.0750  0.1160  0.0550  0.6850  0.0360  0.0330  1
109:   0.0610  0.6890  0.0690  0.0400  0.0630  0.0780  1
110:   0.1510  0.1830  0.0830  0.0930  0.0730  0.4170  1
111:   0.0740  0.4080  0.1250  0.2730  0.0500  0.0700  1
112:   0.4850  0.1040  0.1260  0.0910  0.1160  0.0780  1
113:   0.0510  0.1780  0.0970  0.0850  0.0850  0.5040  1
114:   0.0690  0.3980  0.0760  0.0860  0.0440  0.3270  1
115:   0.4745  0.0611  0.3023  0.0501  0.0771  0.0350  1
116:   0.5075  0.0490  0.2302  0.0921  0.0831  0.0380  1
117:   0.0500  0.1850  0.2300  0.0530  0.3250  0.1570  1
118:   0.5245  0.1069  0.1179  0.0979  0.0889  0.0639  1
119:   0.0659  0.5485  0.1179  0.0769  0.1439  0.0470  1
120:   0.0530  0.0430  0.1760  0.5390  0.0880  0.1010  1
121:   0.0520  0.0820  0.2220  0.1460  0.4070  0.0910  1
122:   0.0609  0.0819  0.1918  0.2218  0.0959  0.3477  1
123:   0.0500  0.0390  0.0659  0.0460  0.0659  0.7333  1
124:   0.0500  0.0860  0.1970  0.0950  0.2870  0.2850  1
125:   0.2230  0.0650  0.0650  0.0560  0.0470  0.5440  1
126:   0.1410  0.0670  0.1650  0.0780  0.4800  0.0690  1
127:   0.0869  0.1938  0.2248  0.2308  0.1828  0.0809  1
128:   0.1140  0.0660  0.1160  0.5570  0.0640  0.0830  1
129:   0.0501  0.0731  0.1191  0.3343  0.0741  0.3493  1
130:   0.1430  0.0860  0.3480  0.0580  0.3020  0.0630  1
131:   0.0370  0.0800  0.0770  0.0880  0.0500  0.6680  1
132:   0.1129  0.1788  0.2647  0.2198  0.1818  0.0420  1
133:   0.0681  0.6617  0.0460  0.1251  0.0541  0.0450  1
134:   0.0560  0.0580  0.3540  0.1790  0.2090  0.1440  1
135:   0.0540  0.0490  0.3360  0.0510  0.4680  0.0420  1
136:   0.4310  0.0690  0.1630  0.1370  0.0740  0.1260  1
137:   0.0940  0.1190  0.2730  0.3330  0.0840  0.0970  1
138:   0.0651  0.0931  0.1171  0.4785  0.0811  0.1652  1
139:   0.6070  0.0580  0.0800  0.0890  0.0620  0.1040  1
140:   0.0571  0.0721  0.2793  0.0490  0.4364  0.1061  1
141:   0.1160  0.1490  0.2550  0.2080  0.2000  0.0720  1
142:   0.0801  0.5506  0.1672  0.0601  0.0881  0.0541  1
143:   0.1240  0.0660  0.1630  0.3840  0.2120  0.0510  1
144:   0.0901  0.0931  0.2442  0.1692  0.3704  0.0330  1
145:   0.0900  0.0770  0.1500  0.0990  0.0930  0.4910  1
146:   0.1010  0.1350  0.2470  0.0590  0.3950  0.0630  1
147:   0.1020  0.0900  0.1070  0.1450  0.0840  0.4720  1
148:   0.0480  0.0591  0.1131  0.1592  0.5255  0.0951  1
149:   0.0660  0.4600  0.0870  0.1170  0.0840  0.1860  1
150:   0.0641  0.4915  0.1832  0.0631  0.1542  0.0440  1
151:   0.1030  0.7020  0.0480  0.0530  0.0500  0.0440  1
152:   0.0581  0.0460  0.2993  0.0771  0.3984  0.1211  1
153:   0.1510  0.0560  0.0480  0.6630  0.0470  0.0350  1
154:   0.0539  0.1528  0.3616  0.1938  0.1668  0.0709  1
155:   0.0579  0.0839  0.3027  0.2478  0.2358  0.0719  1
156:   0.1640  0.1740  0.2030  0.1560  0.2630  0.0400  1
157:   0.1080  0.1440  0.0710  0.0780  0.0900  0.5090  1
158:   0.1119  0.2048  0.1768  0.2428  0.1489  0.1149  1
159:   0.4030  0.0890  0.1580  0.0900  0.1140  0.1460  1
160:   0.6567  0.0721  0.0881  0.0631  0.0681  0.0521  1
161:   0.5770  0.0920  0.0780  0.0710  0.0910  0.0910  1
162:   0.0581  0.0511  0.3033  0.1081  0.3984  0.0811  1
163:   0.0530  0.1960  0.1610  0.0560  0.0750  0.4590  1
164:   0.7117  0.0611  0.0581  0.0551  0.0581  0.0561  1
165:   0.0959  0.3267  0.1309  0.0619  0.2567  0.1279  1
166:   0.0661  0.0561  0.0861  0.6707  0.0591  0.0621  1
167:   0.0669  0.1099  0.2168  0.2577  0.2677  0.0809  1
168:   0.1882  0.1001  0.2873  0.1071  0.2613  0.0561  1
169:   0.7080  0.0450  0.0830  0.0460  0.0870  0.0310  1
170:   0.4114  0.0671  0.1562  0.1441  0.1502  0.0711  1
171:   0.0460  0.1060  0.1400  0.1360  0.1090  0.4630  1
172:   0.0669  0.0799  0.0609  0.6963  0.0519  0.0440  1
173:   0.0380  0.0589  0.0699  0.7622  0.0430  0.0280  1
174:   0.1532  0.1872  0.1512  0.1642  0.1542  0.1902  1
175:   0.0721  0.0861  0.1091  0.2503  0.0741  0.4084  1
176:   0.4590  0.0590  0.2200  0.0720  0.1160  0.0740  1
177:   0.1210  0.0990  0.1350  0.2240  0.1730  0.2480  1
178:   0.0709  0.0809  0.0999  0.5275  0.1119  0.1089  1
179:   0.0800  0.3980  0.1040  0.1460  0.0710  0.2010  1
180:   0.2910  0.0870  0.3820  0.1000  0.0930  0.0470  1
181:   0.0890  0.1220  0.3770  0.1860  0.0820  0.1440  1
182:   0.1060  0.6380  0.0550  0.0500  0.0540  0.0970  1
183:   0.6600  0.0790  0.0680  0.0840  0.0590  0.0500  1
184:   0.1130  0.2570  0.2050  0.1280  0.1370  0.1600  1
185:   0.3297  0.0819  0.2128  0.0709  0.0799  0.2248  1
186:   0.1910  0.0770  0.2130  0.3280  0.1230  0.0680  1
187:   0.0440  0.0560  0.2200  0.0890  0.2660  0.3250  1
188:   0.7253  0.0619  0.0519  0.0809  0.0450  0.0350  1
189:   0.2400  0.1260  0.1410  0.0800  0.2600  0.1530  1
190:   0.0930  0.1240  0.1940  0.3410  0.2120  0.0360  1
191:   0.0490  0.0680  0.0700  0.6800  0.0650  0.0680  1
192:   0.2790  0.0640  0.0810  0.1180  0.0650  0.3930  1
193:   0.2790  0.1790  0.1400  0.1340  0.1740  0.0940  1
194:   0.0710  0.0620  0.3390  0.0630  0.3900  0.0750  1
195:   0.0490  0.6050  0.0980  0.1040  0.0530  0.0910  1
196:   0.2142  0.0531  0.4725  0.0771  0.0971  0.0861  1
197:   0.0590  0.1390  0.2370  0.1420  0.3530  0.0700  1
198:   0.0660  0.1510  0.0790  0.5070  0.1270  0.0700  1
199:   0.0511  0.0731  0.0661  0.0521  0.0561  0.7017  1
200:   0.0340  0.6610  0.0660  0.0960  0.0660  0.0770  1
201:   0.5095  0.0370  0.2038  0.1499  0.0629  0.0370  1
202:   0.0960  0.0980  0.1000  0.0570  0.3850  0.2640  1
203:   0.0670  0.0640  0.3080  0.0910  0.3600  0.1100  1
204:   0.0530  0.2160  0.1620  0.2280  0.1470  0.1940  1
205:   0.0470  0.0390  0.0480  0.0370  0.0900  0.7390  1
206:   0.0631  0.0601  0.1772  0.0851  0.4975  0.1171  1
207:   0.0500  0.4650  0.2170  0.0780  0.0740  0.1160  1
208:   0.0420  0.6993  0.0679  0.0669  0.0500  0.0739  1
209:   0.1752  0.0791  0.0871  0.3954  0.1902  0.0731  1
210:   0.1010  0.0710  0.2830  0.1220  0.3110  0.1120  1
211:   0.0650  0.0620  0.0770  0.6210  0.1250  0.0500  1
212:   0.0530  0.0990  0.0620  0.6740  0.0460  0.0660  1
213:   0.2573  0.0981  0.1481  0.0511  0.3954  0.0501  1
214:   0.0540  0.0410  0.3310  0.0610  0.4310  0.0820  1
215:   0.0600  0.6600  0.1090  0.0560  0.0600  0.0550  1
216:   0.0729  0.6224  0.0959  0.0829  0.0819  0.0440  1
217:   0.0980  0.0500  0.1460  0.0870  0.1230  0.4960  1
218:   0.0741  0.1331  0.0741  0.0390  0.0781  0.6016  1
219:   0.0609  0.0519  0.1309  0.6763  0.0460  0.0340  1
220:   0.0440  0.0741  0.0851  0.5806  0.0551  0.1612  1
221:   0.0639  0.0569  0.3407  0.1169  0.3526  0.0689  1
222:   0.0750  0.0600  0.2780  0.3880  0.0640  0.1350  1
223:   0.0670  0.0650  0.1510  0.1000  0.5780  0.0390  1
224:   0.1109  0.1209  0.1798  0.2877  0.1858  0.1149  1
225:   0.4660  0.0670  0.1160  0.2010  0.0980  0.0520  1
226:   0.1830  0.1660  0.1610  0.2660  0.1190  0.1050  1
227:   0.0320  0.0370  0.0720  0.0420  0.1260  0.6910  1
228:   0.0541  0.1872  0.1241  0.0781  0.1321  0.4244  1
229:   0.3760  0.1570  0.1320  0.1110  0.0990  0.1250  1
230:   0.0631  0.3163  0.1231  0.0931  0.0891  0.3153  1
231:   0.0390  0.7207  0.0621  0.1051  0.0430  0.0300  1
232:   0.0680  0.3960  0.0590  0.0730  0.0470  0.3570  1
233:   0.0600  0.0720  0.1190  0.6070  0.0700  0.0720  1
234:   0.0950  0.5380  0.1110  0.0830  0.0940  0.0790  1
235:   0.2713  0.0901  0.4054  0.0490  0.1381  0.0460  1
236:   0.0670  0.0550  0.2710  0.2070  0.2940  0.1060  1
237:   0.1090  0.4470  0.1180  0.0700  0.0900  0.1660  1
238:   0.0730  0.0450  0.3470  0.0960  0.3400  0.0990  1
239:   0.4056  0.0659  0.0569  0.0589  0.0659  0.3467  1
240:   0.1350  0.0730  0.4140  0.0440  0.1750  0.1590  1
241:   0.0931  0.0881  0.3584  0.2452  0.1471  0.0681  1
242:   0.5170  0.0630  0.0900  0.1450  0.0990  0.0860  1
243:   0.0640  0.4130  0.1280  0.0600  0.2110  0.1240  1
244:   0.0320  0.0621  0.2012  0.0390  0.1832  0.4825  1
245:   0.2510  0.4140  0.1410  0.0880  0.0600  0.0460  1
246:   0.0561  0.3697  0.0892  0.0902  0.0541  0.3407  1
247:   0.4170  0.0870  0.2620  0.0610  0.1160  0.0570  1
248:   0.2780  0.0880  0.2820  0.1470  0.1220  0.0830  1
249:   0.0490  0.7480  0.0630  0.0380  0.0590  0.0430  1
250:   0.1011  0.0581  0.1361  0.5796  0.0801  0.0450  1
251:   0.1101  0.6346  0.0440  0.0961  0.0390  0.0761  1
252:   0.0940  0.1190  0.2770  0.0890  0.3520  0.0690  1
253:   0.0460  0.0370  0.1151  0.0561  0.2012  0.5445  1
254:   0.1151  0.0400  0.2372  0.3684  0.1522  0.0871  1
255:   0.0489  0.3882  0.0958  0.0878  0.0689  0.3104  1
256:   0.0440  0.0470  0.1992  0.0711  0.5746  0.0641  1
257:   0.2677  0.0769  0.1399  0.3666  0.0829  0.0659  1
258:   0.6360  0.0550  0.1510  0.0430  0.0730  0.0420  1
259:   0.6897  0.0561  0.0921  0.0721  0.0450  0.0450  1
260:   0.0860  0.0580  0.3230  0.2400  0.2210  0.0720  1
261:   0.0551  0.0450  0.1181  0.1622  0.0851  0.5345  1
262:   0.0959  0.0629  0.1548  0.0729  0.1848  0.4286  1
263:   0.0840  0.0780  0.3150  0.2090  0.2620  0.0520  1
264:   0.0450  0.0679  0.0919  0.0340  0.2498  0.5115  1
265:   0.3280  0.0940  0.0950  0.0850  0.0660  0.3320  1
266:   0.2050  0.1200  0.3340  0.1370  0.1420  0.0620  1
267:   0.0670  0.0860  0.0780  0.6490  0.0740  0.0460  1
268:   0.0641  0.6106  0.0731  0.0671  0.1221  0.0631  1
269:   0.2600  0.1060  0.2060  0.2640  0.0960  0.0680  1
270:   0.4250  0.0920  0.2770  0.0710  0.1000  0.0350  1
271:   0.0410  0.1730  0.1370  0.0690  0.3860  0.1940  1
272:   0.0910  0.1030  0.1280  0.0660  0.1990  0.4130  1
273:   0.0810  0.6710  0.0610  0.0590  0.0620  0.0660  1
274:   0.6046  0.0711  0.1151  0.0851  0.0841  0.0400  1
275:   0.0940  0.1090  0.1560  0.3750  0.1800  0.0860  1
276:   0.1499  0.1159  0.3217  0.1838  0.1459  0.0829  1
277:   0.0870  0.0630  0.1310  0.0520  0.6210  0.0460  1
278:   0.0870  0.2290  0.1290  0.3400  0.1110  0.1040  1
279:   0.2547  0.0370  0.2448  0.0460  0.2607  0.1568  1
280:   0.1180  0.0660  0.2110  0.2810  0.1910  0.1330  1
281:   0.0942  0.7114  0.0531  0.0501  0.0511  0.0401  1
282:   0.0599  0.0430  0.1169  0.0430  0.6583  0.0789  1
283:   0.0850  0.1410  0.1070  0.0820  0.0620  0.5230  1
284:   0.1330  0.3020  0.1500  0.1410  0.0960  0.1780  1
285:   0.1461  0.1812  0.1221  0.2152  0.2132  0.1221  1
286:   0.3180  0.0580  0.1260  0.0630  0.3510  0.0840  1
287:   0.0410  0.0940  0.1420  0.1270  0.2880  0.3080  1
288:   0.0910  0.0730  0.2170  0.1790  0.3480  0.0920  1
289:   0.0639  0.4112  0.2515  0.1008  0.0908  0.0818  1
290:   0.0500  0.0580  0.1710  0.0760  0.3060  0.3390  1
291:   0.0490  0.0500  0.1560  0.0360  0.6200  0.0890  1
292:   0.0510  0.2680  0.0640  0.1280  0.0410  0.4480  1
293:   0.1170  0.0440  0.1170  0.6310  0.0520  0.0390  1
294:   0.1130  0.0640  0.1980  0.0500  0.5220  0.0530  1
295:   0.0750  0.0520  0.0530  0.0700  0.0650  0.6850  1
296:   0.0589  0.1219  0.1449  0.0589  0.4496  0.1658  1
297:   0.0570  0.0590  0.1100  0.0590  0.0500  0.6650  1
298:   0.3700  0.0640  0.1160  0.3830  0.0430  0.0240  1
299:   0.2360  0.0730  0.4180  0.0670  0.1320  0.0740  1
300:   0.6050  0.0550  0.1680  0.0920  0.0490  0.0310  1
301:   0.2432  0.0581  0.1652  0.1491  0.1481  0.2362  1
302:   0.6260  0.0540  0.1410  0.0520  0.0960  0.0310  1
303:   0.0749  0.0769  0.4216  0.0629  0.2428  0.1209  1
304:   0.2358  0.0450  0.1369  0.4935  0.0440  0.0450  1
305:   0.2290  0.1750  0.1800  0.1750  0.1310  0.1100  1
306:   0.0520  0.0600  0.2680  0.4560  0.1130  0.0510  1
307:   0.0590  0.1410  0.3520  0.0610  0.3470  0.0400  1
308:   0.4020  0.1540  0.1540  0.0770  0.1500  0.0630  1
309:   0.1588  0.1339  0.3067  0.2348  0.0979  0.0679  1
310:   0.1160  0.0640  0.0730  0.6300  0.0500  0.0670  1
311:   0.0919  0.0360  0.0749  0.6753  0.0579  0.0639  1
312:   0.7780  0.0290  0.0730  0.0600  0.0370  0.0230  1
313:   0.1210  0.0690  0.0510  0.0440  0.0760  0.6390  1
314:   0.4935  0.0769  0.0989  0.1449  0.0659  0.1199  1
315:   0.7400  0.0340  0.0550  0.0880  0.0530  0.0300  1
316:   0.0621  0.1341  0.0681  0.5616  0.0561  0.1181  1
317:   0.0811  0.2833  0.0901  0.4214  0.0881  0.0360  1
318:   0.5140  0.0640  0.1700  0.0470  0.1180  0.0870  1
319:   0.0640  0.4000  0.0720  0.3680  0.0550  0.0410  1
320:   0.7280  0.0440  0.0600  0.0350  0.0960  0.0370  1
321:   0.1060  0.1140  0.1060  0.0800  0.0930  0.5010  1
322:   0.0890  0.0630  0.4190  0.2010  0.1740  0.0540  1
323:   0.1039  0.0519  0.2108  0.1798  0.3926  0.0609  1
324:   0.5350  0.0640  0.0960  0.1840  0.0620  0.0590  1
325:   0.0720  0.4650  0.0620  0.2820  0.0810  0.0380  1
326:   0.0999  0.0679  0.1489  0.2517  0.3477  0.0839  1
327:   0.0471  0.0541  0.0701  0.5140  0.1152  0.1994  1
328:   0.1229  0.0490  0.2388  0.0739  0.4855  0.0300  1
329:   0.1001  0.0551  0.3043  0.0631  0.4354  0.0420  1
330:   0.1031  0.0440  0.2232  0.0841  0.4535  0.0921  1
331:   0.0691  0.2663  0.3093  0.1181  0.0911  0.1461  1
332:   0.0509  0.0679  0.2058  0.0679  0.4935  0.1139  1
333:   0.3483  0.1301  0.1371  0.0821  0.0511  0.2513  1
334:   0.0490  0.0450  0.0430  0.7640  0.0460  0.0530  1
335:   0.1390  0.5850  0.1140  0.0450  0.0670  0.0500  1
336:   0.0591  0.0711  0.2172  0.3664  0.1652  0.1211  1
337:   0.4840  0.0770  0.1010  0.0560  0.1580  0.1240  1
338:   0.0630  0.0710  0.2900  0.1430  0.3970  0.0360  1
339:   0.0551  0.7117  0.0571  0.0601  0.0681  0.0480  1
340:   0.0830  0.0680  0.1380  0.1670  0.3370  0.2070  1
341:   0.1160  0.0470  0.1340  0.0650  0.5860  0.0520  1
342:   0.0410  0.0540  0.0670  0.0430  0.0720  0.7230  1
343:   0.5866  0.1401  0.0561  0.0871  0.0601  0.0701  1
344:   0.1101  0.2292  0.3874  0.0450  0.1922  0.0360  1
345:   0.0570  0.7220  0.0570  0.0510  0.0610  0.0520  1
346:   0.6550  0.0620  0.0730  0.0590  0.0540  0.0970  1
347:   0.0460  0.3776  0.2647  0.1708  0.0989  0.0420  1
348:   0.0950  0.1780  0.1520  0.3030  0.0790  0.1930  1
349:   0.0779  0.4565  0.1289  0.1229  0.0519  0.1618  1
350:   0.1420  0.0460  0.0860  0.5240  0.1240  0.0780  1
351:   0.0751  0.1011  0.2212  0.2573  0.2853  0.0601  1
352:   0.0370  0.0970  0.2600  0.1480  0.2760  0.1820  1
353:   0.0510  0.0530  0.0510  0.7230  0.0450  0.0770  1
354:   0.1021  0.1191  0.1562  0.1862  0.0761  0.3604  1
355:   0.0330  0.0519  0.1329  0.5824  0.1099  0.0899  1
356:   0.7590  0.0350  0.0510  0.0450  0.0530  0.0570  1
357:   0.0490  0.0541  0.0651  0.0681  0.0971  0.6667  1
358:   0.3333  0.0701  0.2232  0.1932  0.0871  0.0931  1
359:   0.4910  0.0680  0.1200  0.0560  0.1160  0.1490  1
360:   0.0540  0.0540  0.1020  0.1420  0.1520  0.4960  1
361:   0.4815  0.0470  0.1818  0.0829  0.1069  0.0999  1
362:   0.0690  0.1160  0.3530  0.0600  0.2540  0.1480  1
363:   0.0420  0.0511  0.3614  0.0891  0.4054  0.0511  1
364:   0.0699  0.0649  0.3237  0.2268  0.0659  0.2488  1
365:   0.1460  0.4870  0.1770  0.0460  0.1160  0.0280  1
366:   0.3544  0.0611  0.1522  0.1712  0.1562  0.1051  1
367:   0.0761  0.0641  0.2412  0.4575  0.1011  0.0601  1
368:   0.0380  0.3030  0.3360  0.1100  0.1550  0.0580  1
369:   0.0651  0.0661  0.1632  0.0400  0.2382  0.4274  1
370:   0.1190  0.1190  0.1360  0.3930  0.1630  0.0700  1
371:   0.0620  0.1100  0.1230  0.0650  0.1480  0.4920  1
372:   0.0430  0.0931  0.1271  0.0901  0.0861  0.5606  1
373:   0.3060  0.0770  0.0970  0.1160  0.3110  0.0930  1
374:   0.4410  0.1490  0.1670  0.0740  0.0900  0.0790  1
375:   0.0350  0.0490  0.0670  0.0360  0.0540  0.7590  1
376:   0.0571  0.5706  0.0811  0.0711  0.1562  0.0641  1
377:   0.6424  0.0669  0.0729  0.0430  0.1149  0.0599  1
378:   0.6250  0.0860  0.0620  0.0410  0.0740  0.1120  1
379:   0.0381  0.0842  0.0922  0.6152  0.0641  0.1062  1
380:   0.1079  0.1159  0.1449  0.2717  0.0749  0.2847  1
381:   0.1978  0.0849  0.2837  0.0669  0.2038  0.1628  1
382:   0.0531  0.0651  0.0561  0.0561  0.0460  0.7237  1
383:   0.0400  0.1341  0.2523  0.0480  0.4825  0.0430  1
384:   0.4515  0.1061  0.1532  0.0440  0.1221  0.1231  1
385:   0.2118  0.5215  0.1039  0.0390  0.0659  0.0579  1
386:   0.0639  0.2405  0.2246  0.0569  0.3513  0.0629  1
387:   0.0440  0.0400  0.2310  0.0840  0.5350  0.0660  1
388:   0.1543  0.0752  0.0952  0.0701  0.0822  0.5230  1
389:   0.0510  0.4100  0.0880  0.0820  0.0570  0.3120  1
390:   0.0531  0.0881  0.1391  0.0521  0.1311  0.5365  1
391:   0.0740  0.3270  0.1600  0.0940  0.1960  0.1490  1
392:   0.2462  0.0681  0.2032  0.1742  0.1682  0.1401  1
393:   0.1750  0.1700  0.1490  0.1610  0.1610  0.1840  1
394:   0.0611  0.5906  0.0991  0.1331  0.0741  0.0420  1
395:   0.0390  0.0559  0.5155  0.0739  0.1978  0.1179  1
396:   0.2098  0.0639  0.0669  0.0659  0.0559  0.5375  1
397:   0.1209  0.0579  0.1628  0.0519  0.4725  0.1339  1
398:   0.3090  0.0570  0.2820  0.0580  0.1960  0.0980  1
399:   0.0530  0.0540  0.2150  0.0930  0.1020  0.4830  1
400:   0.0861  0.1201  0.2062  0.0931  0.3934  0.1011  1
401:   0.0751  0.0531  0.2543  0.0521  0.5105  0.0551  1
402:   0.0750  0.6400  0.0600  0.0490  0.1040  0.0720  1
403:   0.4020  0.0700  0.1380  0.1440  0.2000  0.0460  1
404:   0.0720  0.3920  0.2790  0.0910  0.1050  0.0610  1
405:   0.1600  0.4540  0.1250  0.0480  0.0600  0.1530  1
406:   0.0630  0.0850  0.0730  0.0480  0.0650  0.6660  1
407:   0.0440  0.0930  0.1310  0.1630  0.1660  0.4030  1
408:   0.2710  0.1070  0.1950  0.3120  0.0740  0.0410  1
409:   0.0620  0.3130  0.1690  0.2290  0.1100  0.1170  1
410:   0.0590  0.0450  0.2000  0.0650  0.4100  0.2210  1
411:   0.1768  0.0899  0.1439  0.0669  0.4695  0.0529  1
412:   0.1110  0.0720  0.3490  0.2740  0.0690  0.1250  1
413:   0.0971  0.4685  0.1071  0.1481  0.0781  0.1011  1
414:   0.1260  0.2570  0.1690  0.1880  0.1390  0.1210  1
415:   0.6517  0.0901  0.0651  0.0480  0.0961  0.0490  1
416:   0.0390  0.7520  0.0490  0.0610  0.0420  0.0570  1
417:   0.0881  0.0841  0.1922  0.1131  0.3794  0.1431  1
418:   0.0480  0.2090  0.1940  0.3120  0.1490  0.0880  1
419:   0.1071  0.0911  0.1121  0.1111  0.0761  0.5025  1
420:   0.1200  0.0690  0.2580  0.0710  0.3400  0.1420  1
421:   0.0970  0.3600  0.2460  0.0550  0.1240  0.1180  1
422:   0.1500  0.1700  0.2950  0.1920  0.1390  0.0540  1
423:   0.0340  0.0490  0.5225  0.0380  0.2743  0.0821  1
424:   0.7047  0.0691  0.0721  0.0390  0.0661  0.0490  1
425:   0.1508  0.0719  0.2088  0.0669  0.2707  0.2308  1
426:   0.0879  0.4975  0.1119  0.0889  0.1489  0.0649  1
427:   0.0390  0.1061  0.1271  0.4835  0.1121  0.1321  1
428:   0.0689  0.0629  0.1369  0.1618  0.4555  0.1139  1
429:   0.0450  0.0840  0.3220  0.0650  0.3990  0.0850  1
430:   0.6880  0.0360  0.0760  0.0970  0.0550  0.0480  1
431:   0.0680  0.0780  0.5410  0.0760  0.1850  0.0520  1
432:   0.0610  0.2500  0.0870  0.4740  0.0750  0.0530  1
433:   0.0710  0.0710  0.0530  0.0770  0.0600  0.6680  1
434:   0.3290  0.3860  0.0770  0.0650  0.0650  0.0780  1
435:   0.0470  0.1009  0.3516  0.2158  0.0849  0.1998  1
436:   0.0740  0.1220  0.0920  0.1700  0.0800  0.4620  1
437:   0.6264  0.0539  0.0699  0.0699  0.1039  0.0759  1
438:   0.1290  0.0690  0.0990  0.5890  0.0650  0.0490  1
439:   0.0720  0.0790  0.3610  0.0500  0.2560  0.1820  1
440:   0.6733  0.0519  0.0799  0.0889  0.0699  0.0360  1
441:   0.0490  0.6260  0.0740  0.0530  0.0450  0.1530  1
442:   0.1170  0.0460  0.1320  0.1990  0.0630  0.4430  1
443:   0.0420  0.0551  0.0861  0.0440  0.0671  0.7057  1
444:   0.0740  0.0810  0.1790  0.0560  0.5350  0.0750  1
445:   0.0520  0.0660  0.4100  0.1190  0.1340  0.2190  1
446:   0.0400  0.6730  0.0750  0.1040  0.0610  0.0470  1
447:   0.0689  0.0519  0.2717  0.1019  0.3067  0.1988  1
448:   0.3307  0.0959  0.2238  0.1918  0.1069  0.0509  1
449:   0.6930  0.0760  0.0650  0.0460  0.0470  0.0730  1
450:   0.0691  0.6466  0.0470  0.0881  0.0551  0.0941  1
451:   0.0610  0.6740  0.0610  0.0830  0.0560  0.0650  1
452:   0.0390  0.0440  0.0549  0.0609  0.0539  0.7473  1
453:   0.0610  0.0650  0.0490  0.7090  0.0510  0.0650  1
454:   0.0740  0.2070  0.1620  0.3350  0.1050  0.1170  1
455:   0.0440  0.0601  0.1552  0.2833  0.3804  0.0771  1
456:   0.0601  0.6406  0.0621  0.1051  0.0651  0.0671  1
457:   0.5680  0.0910  0.0760  0.0880  0.1050  0.0720  1
458:   0.0831  0.0450  0.1251  0.0400  0.6557  0.0511  1
459:   0.0540  0.4690  0.0670  0.2290  0.0450  0.1360  1
460:   0.0511  0.0521  0.1161  0.0771  0.5606  0.1431  1
461:   0.6370  0.0740  0.0640  0.0780  0.0620  0.0850  1
462:   0.0540  0.0750  0.0490  0.6660  0.0630  0.0930  1
463:   0.1540  0.4810  0.1550  0.0810  0.0680  0.0610  1
464:   0.1029  0.0959  0.1369  0.0809  0.4206  0.1628  1
465:   0.1572  0.5766  0.0951  0.0521  0.0801  0.0390  1
466:   0.0641  0.1141  0.1792  0.1171  0.3363  0.1892  1
467:   0.0370  0.0631  0.0651  0.0611  0.0671  0.7067  1
468:   0.0611  0.2082  0.3834  0.0521  0.2262  0.0691  1
469:   0.0290  0.0400  0.0520  0.0330  0.1180  0.7280  1
470:   0.1280  0.1830  0.3010  0.1840  0.1350  0.0690  1
471:   0.1280  0.0900  0.3280  0.0760  0.2080  0.1700  1
472:   0.1300  0.1360  0.1970  0.1160  0.3620  0.0590  1
473:   0.0970  0.1290  0.2400  0.0750  0.4170  0.0420  1
474:   0.0541  0.1081  0.2713  0.0480  0.3514  0.1672  1
475:   0.1390  0.0400  0.5840  0.0370  0.1220  0.0780  1
476:   0.0771  0.4925  0.1592  0.1191  0.1201  0.0320  1
477:   0.1030  0.0650  0.4270  0.0500  0.3160  0.0390  1
478:   0.7053  0.0539  0.0649  0.0619  0.0619  0.0519  1
479:   0.0679  0.0919  0.1848  0.0759  0.3666  0.2128  1
480:   0.0649  0.0500  0.0589  0.0509  0.0669  0.7083  1
481:   0.3460  0.1110  0.1620  0.1400  0.1060  0.1350  1
482:   0.5660  0.0940  0.1010  0.0890  0.0650  0.0850  1
483:   0.0910  0.0930  0.1920  0.2540  0.2430  0.1270  1
484:   0.0810  0.0460  0.1240  0.0470  0.3760  0.3260  1
485:   0.0440  0.0510  0.0730  0.0330  0.0920  0.7070  1
486:   0.0440  0.7300  0.0400  0.0540  0.0390  0.0930  1
487:   0.0659  0.0988  0.1277  0.0808  0.1357  0.4910  1
488:   0.0330  0.0700  0.3170  0.0430  0.4670  0.0700  1
489:   0.1200  0.1900  0.3770  0.1540  0.1040  0.0550  1
490:   0.0729  0.2717  0.3077  0.0779  0.1548  0.1149  1
491:   0.0511  0.0721  0.0741  0.0601  0.0611  0.6817  1
492:   0.0530  0.0400  0.0780  0.0380  0.0870  0.7040  1

  1:   0.5300  0.0790  0.0880  0.1170  0.0780  0.1080  1
  2:   0.1030  0.0520  0.0630  0.1080  0.0590  0.6150  1
  3:   0.0630  0.0470  0.3370  0.0880  0.3610  0.1040  1
  4:   0.6276  0.1061  0.0761  0.0731  0.0761  0.0410  1
  5:   0.6617  0.0440  0.0841  0.0761  0.0831  0.0511  1
  6:   0.0780  0.1030  0.2980  0.0720  0.3170  0.1320  1
  7:   0.0769  0.2537  0.1908  0.0300  0.1638  0.2847  1
  8:   0.6840  0.0680  0.0570  0.0970  0.0560  0.0380  1
  9:   0.0550  0.0410  0.3680  0.0580  0.3940  0.0840  1
 10:   0.5460  0.0650  0.1260  0.0970  0.1210  0.0450  1
 11:   0.0410  0.6840  0.0710  0.0740  0.0700  0.0600  1
 12:   0.2743  0.0410  0.0751  0.1081  0.0731  0.4284  1
 13:   0.2533  0.3213  0.0981  0.1261  0.0851  0.1161  1
 14:   0.1750  0.0430  0.2340  0.2610  0.2310  0.0560  1
 15:   0.0601  0.0501  0.3163  0.1932  0.2492  0.1311  1
 16:   0.3190  0.3700  0.0890  0.0730  0.0820  0.0670  1
 17:   0.0659  0.5055  0.0649  0.0799  0.0619  0.2218  1
 18:   0.5445  0.0561  0.0751  0.1231  0.0761  0.1251  1
 19:   0.1100  0.1560  0.2610  0.0820  0.2490  0.1420  1
 20:   0.3467  0.1199  0.2058  0.0509  0.2178  0.0589  1
 21:   0.3430  0.1120  0.1370  0.2050  0.1370  0.0660  1
 22:   0.1011  0.0581  0.2913  0.2743  0.2322  0.0430  1
 23:   0.0400  0.0980  0.0670  0.0550  0.0700  0.6700  1
 24:   0.0380  0.0990  0.2790  0.0850  0.3440  0.1550  1
 25:   0.1021  0.6186  0.0931  0.0641  0.0811  0.0410  1
 26:   0.0680  0.0700  0.1290  0.0470  0.1400  0.5460  1
 27:   0.3400  0.0880  0.1530  0.2330  0.1340  0.0520  1
 28:   0.0420  0.3644  0.2062  0.1562  0.1622  0.0691  1
 29:   0.0879  0.0420  0.3367  0.0749  0.3506  0.1079  1
 30:   0.0850  0.0580  0.3020  0.1790  0.2750  0.1010  1
 31:   0.0700  0.4030  0.1100  0.0680  0.1060  0.2430  1
 32:   0.0540  0.0730  0.3860  0.1200  0.2920  0.0750  1
 33:   0.0540  0.1140  0.1680  0.3350  0.1660  0.1630  1
 34:   0.0980  0.1930  0.1920  0.1280  0.1710  0.2180  1
 35:   0.4160  0.0430  0.1510  0.1130  0.1450  0.1320  1
 36:   0.0569  0.0699  0.3087  0.1349  0.3117  0.1179  1
 37:   0.0879  0.5944  0.0799  0.0440  0.0749  0.1189  1
 38:   0.0400  0.0759  0.3666  0.0500  0.3556  0.1119  1
 39:   0.3213  0.1311  0.1922  0.0891  0.2202  0.0460  1
 40:   0.0490  0.0790  0.0650  0.6570  0.0670  0.0830  1
 41:   0.1321  0.0450  0.3123  0.1191  0.2853  0.1061  1
 42:   0.0490  0.4344  0.1421  0.0721  0.1612  0.1411  1
 43:   0.0260  0.0310  0.0450  0.0370  0.0440  0.8170  1
 44:   0.0360  0.1110  0.1040  0.0510  0.1090  0.5890  1
 45:   0.7010  0.0630  0.0680  0.0510  0.0670  0.0500  1
 46:   0.0379  0.0629  0.0579  0.0878  0.0569  0.6966  1
 47:   0.6026  0.0761  0.0991  0.0581  0.1011  0.0631  1
 48:   0.0390  0.0950  0.3180  0.0850  0.3560  0.1070  1
 49:   0.0860  0.0510  0.1450  0.4370  0.1120  0.1690  1
 50:   0.2850  0.1050  0.1150  0.3300  0.1080  0.0570  1
 51:   0.0650  0.0520  0.0910  0.6510  0.0920  0.0490  1
 52:   0.0889  0.0899  0.1219  0.4715  0.1229  0.1049  1
 53:   0.0651  0.0871  0.2543  0.3213  0.2242  0.0480  1
 54:   0.3307  0.0541  0.0942  0.3176  0.0962  0.1072  1
 55:   0.0930  0.4830  0.0890  0.1070  0.0890  0.1390  1
 56:   0.0530  0.2040  0.2130  0.0650  0.2570  0.2080  1
 57:   0.0550  0.0510  0.1810  0.1140  0.1870  0.4120  1
 58:   0.0460  0.0410  0.3193  0.0871  0.3453  0.1612  1
 59:   0.0520  0.0550  0.3600  0.1250  0.3490  0.0590  1
 60:   0.1191  0.0901  0.2442  0.1291  0.2352  0.1822  1
 61:   0.0579  0.7702  0.0440  0.0569  0.0420  0.0290  1
 62:   0.0390  0.0649  0.3387  0.0529  0.3776  0.1269  1
 63:   0.4150  0.1460  0.1410  0.1130  0.1440  0.0410  1
 64:   0.0609  0.0450  0.0929  0.6623  0.0889  0.0500  1
 65:   0.0350  0.1141  0.1261  0.5125  0.1391  0.0731  1
 66:   0.3070  0.0690  0.1910  0.1930  0.1690  0.0710  1
 67:   0.0510  0.1550  0.0780  0.0570  0.0820  0.5770  1
 68:   0.0529  0.0669  0.3137  0.0839  0.3347  0.1479  1
 69:   0.7170  0.0710  0.0550  0.0780  0.0550  0.0240  1
 70:   0.0290  0.0340  0.1890  0.0330  0.2530  0.4620  1
 71:   0.1269  0.0659  0.3087  0.0909  0.3536  0.0539  1
 72:   0.0890  0.0410  0.3530  0.0780  0.3170  0.1220  1
 73:   0.6416  0.0911  0.0460  0.0731  0.0440  0.1041  1
 74:   0.1420  0.2040  0.2830  0.0580  0.2690  0.0440  1
 75:   0.0679  0.6763  0.0659  0.0869  0.0649  0.0380  1
 76:   0.1241  0.1281  0.1642  0.0651  0.1632  0.3554  1
 77:   0.0950  0.0600  0.3170  0.1140  0.3510  0.0630  1
 78:   0.0521  0.6316  0.0761  0.0561  0.0731  0.1111  1
 79:   0.1562  0.3854  0.1041  0.1942  0.0951  0.0651  1
 80:   0.0400  0.0610  0.3240  0.0940  0.3550  0.1260  1
 81:   0.1712  0.0921  0.1471  0.3984  0.1582  0.0330  1
 82:   0.2462  0.2112  0.1051  0.1562  0.1071  0.1742  1
 83:   0.1080  0.0710  0.3140  0.0680  0.2920  0.1470  1
 84:   0.1490  0.0910  0.2340  0.1450  0.2560  0.1250  1
 85:   0.5710  0.0500  0.1210  0.0700  0.1170  0.0710  1
 86:   0.0950  0.0850  0.1750  0.1900  0.1890  0.2660  1
 87:   0.0699  0.0529  0.1449  0.4366  0.1459  0.1499  1
 88:   0.0680  0.1470  0.2290  0.2140  0.2120  0.1300  1
 89:   0.0529  0.6863  0.0599  0.0819  0.0609  0.0579  1
 90:   0.0500  0.0629  0.0599  0.1618  0.0609  0.6044  1
 91:   0.1191  0.0731  0.1702  0.4334  0.1722  0.0320  1
 92:   0.1189  0.0579  0.0879  0.0490  0.0809  0.6054  1
 93:   0.0550  0.0870  0.2310  0.3270  0.2040  0.0960  1
 94:   0.3554  0.1061  0.1912  0.0791  0.1902  0.0781  1
 95:   0.0619  0.0859  0.2947  0.0909  0.3227  0.1439  1
 96:   0.0440  0.5210  0.1130  0.1600  0.1240  0.0380  1
 97:   0.0380  0.0501  0.0591  0.0390  0.0571  0.7568  1
 98:   0.0790  0.1140  0.1380  0.4420  0.1420  0.0850  1
 99:   0.0550  0.3300  0.2140  0.0830  0.1930  0.1250  1
100:   0.0609  0.2587  0.0569  0.5345  0.0549  0.0340  1
101:   0.0750  0.0620  0.3550  0.0540  0.3910  0.0630  1
102:   0.0700  0.1230  0.2840  0.2440  0.2500  0.0290  1
103:   0.0711  0.1331  0.2402  0.0671  0.2282  0.2603  1
104:   0.0699  0.7013  0.0519  0.0559  0.0470  0.0739  1
105:   0.0370  0.1221  0.0521  0.6917  0.0450  0.0521  1
106:   0.0711  0.0480  0.3804  0.0711  0.3423  0.0871  1
107:   0.5920  0.0420  0.1030  0.0690  0.0930  0.1010  1
108:   0.0759  0.1169  0.0440  0.6873  0.0440  0.0320  1
109:   0.0581  0.6807  0.0671  0.0470  0.0671  0.0801  1
110:   0.1460  0.1830  0.0780  0.0930  0.0770  0.4230  1
111:   0.0709  0.4076  0.0899  0.2777  0.0849  0.0689  1
112:   0.4920  0.1020  0.1220  0.0890  0.1170  0.0780  1
113:   0.0480  0.1830  0.0910  0.0830  0.0920  0.5030  1
114:   0.0689  0.3826  0.0609  0.0919  0.0539  0.3417  1
115:   0.4585  0.0669  0.2088  0.0529  0.1778  0.0350  1
116:   0.5190  0.0490  0.1610  0.0940  0.1390  0.0380  1
117:   0.0460  0.1768  0.2587  0.0559  0.3027  0.1598  1
118:   0.5380  0.0990  0.1010  0.1010  0.1010  0.0600  1
119:   0.0651  0.5516  0.1281  0.0771  0.1321  0.0460  1
120:   0.0520  0.0440  0.1290  0.5620  0.1130  0.1000  1
121:   0.0510  0.0820  0.3000  0.1430  0.3340  0.0900  1
122:   0.0600  0.0850  0.1420  0.2250  0.1320  0.3560  1
123:   0.0480  0.0390  0.0659  0.0460  0.0619  0.7393  1
124:   0.0500  0.0830  0.2450  0.0930  0.2500  0.2790  1
125:   0.2240  0.0650  0.0560  0.0550  0.0520  0.5480  1
126:   0.1401  0.0621  0.3073  0.0771  0.3463  0.0671  1
127:   0.0820  0.1920  0.2050  0.2420  0.2000  0.0790  1
128:   0.1070  0.0620  0.0990  0.5600  0.0880  0.0840  1
129:   0.0521  0.0731  0.0971  0.3423  0.0931  0.3423  1
130:   0.1387  0.0898  0.3353  0.0669  0.3084  0.0609  1
131:   0.0350  0.0820  0.0600  0.0880  0.0550  0.6800  1
132:   0.1139  0.1778  0.2258  0.2178  0.2228  0.0420  1
133:   0.0631  0.6657  0.0511  0.1291  0.0480  0.0430  1
134:   0.0519  0.0649  0.2927  0.1968  0.2547  0.1389  1
135:   0.0571  0.0490  0.3984  0.0531  0.4024  0.0400  1
136:   0.4420  0.0640  0.1220  0.1410  0.1100  0.1210  1
137:   0.0931  0.1171  0.1682  0.3483  0.1742  0.0991  1
138:   0.0639  0.0959  0.1009  0.4745  0.0979  0.1668  1
139:   0.6250  0.0540  0.0670  0.0860  0.0670  0.1010  1
140:   0.0519  0.0709  0.3596  0.0529  0.3636  0.1009  1
141:   0.1180  0.1440  0.2270  0.2290  0.2130  0.0690  1
142:   0.0711  0.5626  0.1241  0.0601  0.1261  0.0561  1
143:   0.1290  0.0670  0.1710  0.3920  0.1930  0.0480  1
144:   0.0899  0.0979  0.2817  0.1798  0.3187  0.0320  1
145:   0.0910  0.0790  0.1250  0.0980  0.1090  0.4980  1
146:   0.0950  0.1500  0.3140  0.0600  0.3220  0.0590  1
147:   0.1011  0.0911  0.0941  0.1421  0.0891  0.4825  1
148:   0.0460  0.0549  0.3277  0.1319  0.3516  0.0879  1
149:   0.0631  0.4515  0.0901  0.1211  0.0811  0.1932  1
150:   0.0611  0.4855  0.1722  0.0701  0.1682  0.0430  1
151:   0.0970  0.7030  0.0470  0.0590  0.0480  0.0460  1
152:   0.0600  0.0480  0.3140  0.0770  0.3890  0.1120  1
153:   0.1480  0.0590  0.0500  0.6580  0.0510  0.0340  1
154:   0.0521  0.1642  0.2643  0.1892  0.2553  0.0751  1
155:   0.0569  0.0869  0.2607  0.2577  0.2717  0.0659  1
156:   0.1630  0.1770  0.2320  0.1650  0.2240  0.0390  1
157:   0.1081  0.1391  0.0831  0.0751  0.0821  0.5125  1
158:   0.1039  0.1978  0.1618  0.2697  0.1588  0.1079  1
159:   0.3914  0.0921  0.1401  0.0961  0.1381  0.1421  1
160:   0.6643  0.0719  0.0779  0.0609  0.0739  0.0509  1
161:   0.5876  0.0901  0.0861  0.0711  0.0821  0.0831  1
162:   0.0610  0.0510  0.3540  0.1040  0.3500  0.0800  1
163:   0.0521  0.1882  0.1221  0.0531  0.1091  0.4755  1
164:   0.7230  0.0590  0.0570  0.0520  0.0550  0.0540  1
165:   0.0910  0.3130  0.2030  0.0630  0.2070  0.1230  1
166:   0.0641  0.0591  0.0751  0.6697  0.0721  0.0601  1
167:   0.0631  0.1161  0.2503  0.2482  0.2442  0.0781  1
168:   0.1858  0.1039  0.2717  0.1019  0.2827  0.0539  1
169:   0.7170  0.0440  0.0810  0.0460  0.0800  0.0320  1
170:   0.4004  0.0691  0.1542  0.1471  0.1592  0.0701  1
171:   0.0460  0.1029  0.1199  0.1289  0.1299  0.4725  1
172:   0.0689  0.0829  0.0579  0.6913  0.0569  0.0420  1
173:   0.0380  0.0599  0.0599  0.7592  0.0549  0.0280  1
174:   0.1540  0.1870  0.1480  0.1660  0.1530  0.1920  1
175:   0.0709  0.0849  0.0919  0.2468  0.0859  0.4196  1
176:   0.4500  0.0620  0.1740  0.0790  0.1620  0.0730  1
177:   0.1181  0.0971  0.1582  0.2202  0.1592  0.2472  1
178:   0.0670  0.0830  0.1080  0.5280  0.1060  0.1080  1
179:   0.0819  0.3946  0.0889  0.1459  0.0859  0.2028  1
180:   0.2860  0.0910  0.2520  0.1020  0.2230  0.0460  1
181:   0.0830  0.1320  0.2370  0.1890  0.2140  0.1450  1
182:   0.1001  0.6356  0.0561  0.0531  0.0541  0.1011  1
183:   0.6717  0.0761  0.0581  0.0851  0.0601  0.0490  1
184:   0.1110  0.2630  0.1710  0.1240  0.1680  0.1630  1
185:   0.3320  0.0870  0.1500  0.0740  0.1230  0.2340  1
186:   0.1840  0.0830  0.1760  0.3230  0.1650  0.0690  1
187:   0.0450  0.0589  0.2398  0.0969  0.2448  0.3147  1
188:   0.7377  0.0591  0.0450  0.0761  0.0480  0.0340  1
189:   0.2280  0.1240  0.2110  0.0790  0.2060  0.1520  1
190:   0.0941  0.1311  0.1982  0.3413  0.2012  0.0340  1
191:   0.0460  0.0731  0.0721  0.6787  0.0651  0.0651  1
192:   0.2930  0.0630  0.0720  0.1170  0.0670  0.3880  1
193:   0.2753  0.1822  0.1612  0.1301  0.1582  0.0931  1
194:   0.0700  0.0680  0.3810  0.0740  0.3350  0.0720  1
195:   0.0490  0.6000  0.0840  0.1080  0.0720  0.0870  1
196:   0.2002  0.0581  0.3173  0.0841  0.2533  0.0871  1
197:   0.0580  0.1330  0.3000  0.1390  0.3050  0.0650  1
198:   0.0610  0.1500  0.1030  0.5030  0.1130  0.0700  1
199:   0.0500  0.0700  0.0610  0.0530  0.0580  0.7080  1
200:   0.0330  0.6553  0.0659  0.1009  0.0699  0.0749  1
201:   0.4940  0.0390  0.1400  0.1710  0.1210  0.0350  1
202:   0.0840  0.0910  0.2540  0.0580  0.2660  0.2470  1
203:   0.0640  0.0690  0.3240  0.0950  0.3370  0.1110  1
204:   0.0541  0.2102  0.1622  0.2222  0.1612  0.1902  1
205:   0.0440  0.0380  0.0691  0.0370  0.0691  0.7427  1
206:   0.0630  0.0620  0.3400  0.0880  0.3430  0.1040  1
207:   0.0480  0.4470  0.1660  0.0700  0.1490  0.1200  1
208:   0.0420  0.6953  0.0579  0.0739  0.0589  0.0719  1
209:   0.1748  0.0819  0.1289  0.3896  0.1508  0.0739  1
