   1:   0.2795  0.1697  0.1222  0.2749  0.1537  1
   2:   0.0956  0.4134  0.1664  0.1420  0.1826  1
   3:   0.1395  0.2048  0.1357  0.1047  0.4153  1
   4:   0.3641  0.1373  0.2293  0.1260  0.1433  1
   5:   0.2802  0.1362  0.1680  0.1454  0.2702  1
   6:   0.1861  0.1309  0.2321  0.2207  0.2301  1
   7:   0.1086  0.1530  0.4093  0.0968  0.2323  1
   8:   0.2089  0.1581  0.2337  0.1611  0.2383  1
   9:   0.2696  0.1597  0.1691  0.1859  0.2158  1
  10:   0.1800  0.3402  0.2244  0.1426  0.1128  1
  11:   0.2531  0.2001  0.1563  0.1140  0.2765  1
  12:   0.3386  0.2282  0.1520  0.1144  0.1668  1
  13:   0.2516  0.1252  0.1752  0.2456  0.2024  1
  14:   0.1613  0.1271  0.1388  0.1034  0.4694  1
  15:   0.3272  0.0902  0.1202  0.0846  0.3778  1
  16:   0.1788  0.1532  0.2016  0.2032  0.2631  1
  17:   0.1631  0.1337  0.1331  0.4401  0.1299  1
  18:   0.2008  0.1534  0.2420  0.1200  0.2838  1
  19:   0.1702  0.2006  0.2896  0.2130  0.1266  1
  20:   0.1646  0.2060  0.1972  0.1804  0.2520  1
  21:   0.1754  0.1288  0.2651  0.2084  0.2224  1
  22:   0.1770  0.2933  0.1486  0.1082  0.2729  1
  23:   0.2787  0.1826  0.1748  0.1914  0.1724  1
  24:   0.1266  0.1721  0.2001  0.3782  0.1230  1
  25:   0.1446  0.1200  0.3087  0.2300  0.1968  1
  26:   0.3027  0.1756  0.1650  0.1226  0.2342  1
  27:   0.0766  0.4290  0.2574  0.1398  0.0972  1
  28:   0.1096  0.1601  0.1438  0.0900  0.4966  1
  29:   0.2564  0.3133  0.2042  0.1488  0.0772  1
  30:   0.2927  0.0750  0.1431  0.2009  0.2883  1
  31:   0.1493  0.1551  0.3070  0.2450  0.1437  1
  32:   0.2984  0.1276  0.2292  0.1508  0.1940  1
  33:   0.1468  0.1684  0.0948  0.2773  0.3127  1
  34:   0.1874  0.1690  0.1888  0.2382  0.2164  1
  35:   0.2491  0.1278  0.1712  0.1828  0.2691  1
  36:   0.3743  0.1252  0.1682  0.1034  0.2290  1
  37:   0.1434  0.1986  0.4161  0.1202  0.1216  1
  38:   0.2066  0.3702  0.2216  0.1010  0.1006  1
  39:   0.3328  0.1321  0.0919  0.1897  0.2536  1
  40:   0.1881  0.1663  0.1421  0.3295  0.1741  1
  41:   0.2900  0.1482  0.2928  0.0708  0.1982  1
  42:   0.1502  0.1968  0.1918  0.3217  0.1396  1
  43:   0.1688  0.4748  0.0862  0.1172  0.1530  1
  44:   0.1932  0.2058  0.1562  0.2374  0.2076  1
  45:   0.1552  0.1160  0.1238  0.4246  0.1804  1
  46:   0.0712  0.3777  0.1319  0.2583  0.1609  1
  47:   0.3966  0.0978  0.1643  0.1785  0.1629  1
  48:   0.1753  0.1861  0.4196  0.1150  0.1040  1
  49:   0.2075  0.1399  0.1795  0.2481  0.2249  1
  50:   0.1658  0.2282  0.1690  0.1066  0.3303  1
  51:   0.1356  0.0732  0.1290  0.5806  0.0816  1
  52:   0.1073  0.1149  0.1821  0.3894  0.2063  1
  53:   0.2052  0.1140  0.1622  0.2168  0.3018  1
  54:   0.1450  0.1204  0.3489  0.2999  0.0858  1
  55:   0.0736  0.2048  0.3251  0.2691  0.1274  1
  56:   0.1719  0.3357  0.1367  0.2568  0.0989  1
  57:   0.0514  0.1438  0.1098  0.6192  0.0758  1
  58:   0.1204  0.2201  0.2497  0.1741  0.2357  1
  59:   0.0953  0.0819  0.1187  0.3573  0.3469  1
  60:   0.2322  0.2034  0.1764  0.1372  0.2508  1
  61:   0.2229  0.2275  0.2093  0.1285  0.2117  1
  62:   0.4331  0.1364  0.1140  0.1500  0.1666  1
  63:   0.2422  0.1388  0.3157  0.1554  0.1480  1
  64:   0.2362  0.1454  0.1948  0.2478  0.1760  1
  65:   0.0944  0.2362  0.2618  0.2096  0.1982  1
  66:   0.1034  0.4856  0.1687  0.0884  0.1538  1
  67:   0.2887  0.1396  0.1486  0.0934  0.3297  1
  68:   0.2797  0.1755  0.2443  0.1080  0.1925  1
  69:   0.1863  0.3533  0.2323  0.0822  0.1458  1
  70:   0.2371  0.2007  0.2231  0.1485  0.1907  1
  71:   0.0634  0.3217  0.1635  0.2817  0.1697  1
  72:   0.0670  0.1298  0.1644  0.4798  0.1590  1
  73:   0.2097  0.3882  0.1735  0.0990  0.1295  1
  74:   0.2027  0.1967  0.1529  0.2535  0.1941  1
  75:   0.0834  0.2641  0.1547  0.0630  0.4348  1
  76:   0.3387  0.1792  0.1760  0.1160  0.1902  1
  77:   0.1096  0.4641  0.0862  0.0606  0.2796  1
  78:   0.3653  0.1160  0.1957  0.2141  0.1090  1
  79:   0.2786  0.1796  0.3081  0.0960  0.1378  1
  80:   0.3035  0.0700  0.1776  0.1110  0.3379  1
  81:   0.1447  0.1297  0.1717  0.1034  0.4504  1
  82:   0.1682  0.1204  0.1140  0.3857  0.2118  1
  83:   0.2748  0.1125  0.1515  0.0835  0.3777  1
  84:   0.3832  0.0942  0.1725  0.1253  0.2247  1
  85:   0.1138  0.3071  0.2426  0.2020  0.1346  1
  86:   0.1634  0.2312  0.1220  0.1998  0.2835  1
  87:   0.1809  0.2167  0.1873  0.2581  0.1569  1
  88:   0.1254  0.5247  0.1118  0.1022  0.1358  1
  89:   0.0826  0.1632  0.2152  0.2052  0.3338  1
  90:   0.1052  0.1924  0.3249  0.2318  0.1456  1
  91:   0.2112  0.1714  0.2410  0.1664  0.2102  1
  92:   0.1408  0.2603  0.3153  0.0680  0.2156  1
  93:   0.1156  0.1683  0.1353  0.4152  0.1657  1
  94:   0.1164  0.1943  0.1901  0.1561  0.3431  1
  95:   0.5439  0.1004  0.1252  0.1092  0.1214  1
  96:   0.2968  0.3582  0.1500  0.0672  0.1278  1
  97:   0.2198  0.2180  0.1630  0.1362  0.2630  1
  98:   0.4235  0.0782  0.1559  0.2441  0.0983  1
  99:   0.1834  0.1734  0.1118  0.3011  0.2302  1
 100:   0.2101  0.2173  0.2325  0.1253  0.2149  1
 101:   0.1178  0.2343  0.1921  0.2167  0.2391  1
 102:   0.1947  0.1148  0.1703  0.1375  0.3826  1
 103:   0.1104  0.3003  0.1326  0.0908  0.3661  1
 104:   0.1846  0.1382  0.4045  0.1236  0.1492  1
 105:   0.2036  0.1462  0.2024  0.2298  0.2180  1
 106:   0.0686  0.2918  0.2115  0.0951  0.3330  1
 107:   0.2040  0.2529  0.2687  0.1296  0.1448  1
 108:   0.1813  0.1249  0.1954  0.3175  0.1809  1
 109:   0.1926  0.1258  0.1690  0.1306  0.3819  1
 110:   0.2275  0.3105  0.2091  0.1002  0.1527  1
 111:   0.4019  0.0842  0.1740  0.0948  0.2451  1
 112:   0.1535  0.1413  0.1671  0.3372  0.2009  1
 113:   0.1237  0.1109  0.1897  0.3880  0.1877  1
 114:   0.1692  0.2751  0.1688  0.1638  0.2230  1
 115:   0.0818  0.3195  0.1802  0.2613  0.1572  1
 116:   0.1056  0.3167  0.1410  0.2452  0.1916  1
 117:   0.1334  0.4367  0.1608  0.1494  0.1196  1
 118:   0.1234  0.1922  0.1564  0.4063  0.1216  1
 119:   0.0896  0.3135  0.1666  0.1460  0.2843  1
 120:   0.1315  0.1463  0.1453  0.2093  0.3676  1
 121:   0.1312  0.1482  0.2296  0.3496  0.1414  1
 122:   0.2383  0.1558  0.4327  0.0562  0.1170  1
 123:   0.2675  0.1968  0.2478  0.1564  0.1316  1
 124:   0.0918  0.4247  0.1989  0.1877  0.0968  1
 125:   0.0910  0.3110  0.1902  0.2838  0.1240  1
 126:   0.0578  0.6481  0.0942  0.1074  0.0926  1
 127:   0.0924  0.5467  0.1236  0.1032  0.1342  1
 128:   0.1894  0.2948  0.1922  0.1570  0.1666  1
 129:   0.1695  0.1815  0.3526  0.1637  0.1327  1
 130:   0.2274  0.0960  0.1756  0.0620  0.4389  1
 131:   0.2629  0.1556  0.1704  0.1108  0.3003  1
 132:   0.1664  0.1372  0.2434  0.2222  0.2308  1
 133:   0.2236  0.1541  0.2296  0.2440  0.1487  1
 134:   0.3446  0.1359  0.1429  0.0792  0.2974  1
 135:   0.0812  0.1177  0.1541  0.2877  0.3593  1
 136:   0.5112  0.1205  0.1065  0.1275  0.1343  1
 137:   0.4649  0.0790  0.1084  0.0820  0.2656  1
 138:   0.3880  0.1036  0.2368  0.0862  0.1854  1
 139:   0.1696  0.0994  0.1666  0.4364  0.1280  1
 140:   0.1757  0.1433  0.1727  0.1759  0.3323  1
 141:   0.1624  0.1172  0.0962  0.2593  0.3649  1
 142:   0.2632  0.1493  0.1333  0.2678  0.1865  1
 143:   0.1342  0.1270  0.1660  0.3143  0.2585  1
 144:   0.1298  0.3007  0.1786  0.2751  0.1158  1
 145:   0.2167  0.1398  0.3089  0.2243  0.1102  1
 146:   0.0706  0.0744  0.0540  0.7011  0.1000  1
 147:   0.5283  0.1112  0.1604  0.0906  0.1094  1
 148:   0.1580  0.1632  0.2052  0.2907  0.1828  1
 149:   0.2904  0.3094  0.1277  0.1253  0.1471  1
 150:   0.6061  0.0924  0.1056  0.0984  0.0976  1
 151:   0.1778  0.1978  0.1318  0.2686  0.2240  1
 152:   0.1698  0.1712  0.1474  0.2398  0.2719  1
 153:   0.1194  0.2449  0.2563  0.1769  0.2025  1
 154:   0.3591  0.2090  0.1004  0.1438  0.1876  1
 155:   0.3948  0.1524  0.1262  0.2048  0.1218  1
 156:   0.3129  0.2763  0.1548  0.1624  0.0936  1
 157:   0.2713  0.1773  0.1745  0.1389  0.2379  1
 158:   0.3091  0.0900  0.1615  0.2627  0.1767  1
 159:   0.2877  0.2404  0.0926  0.1422  0.2370  1
 160:   0.5150  0.0808  0.1264  0.1010  0.1767  1
 161:   0.1908  0.1326  0.1446  0.2654  0.2666  1
 162:   0.1296  0.2939  0.2208  0.0772  0.2785  1
 163:   0.1813  0.3009  0.2105  0.1299  0.1775  1
 164:   0.2316  0.1234  0.1832  0.1236  0.3382  1
 165:   0.1301  0.2037  0.3321  0.1307  0.2035  1
 166:   0.3631  0.0736  0.1693  0.2743  0.1198  1
 167:   0.1471  0.1493  0.4878  0.1096  0.1062  1
 168:   0.4772  0.0828  0.1327  0.1130  0.1943  1
 169:   0.1369  0.3055  0.1285  0.1913  0.2379  1
 170:   0.0722  0.1106  0.1162  0.1709  0.5300  1
 171:   0.4860  0.1064  0.1080  0.1641  0.1355  1
 172:   0.1311  0.1485  0.2329  0.3465  0.1409  1
 173:   0.1098  0.1556  0.1466  0.2260  0.3620  1
 174:   0.1165  0.2107  0.1901  0.3072  0.1755  1
 175:   0.1449  0.1819  0.1467  0.3110  0.2155  1
 176:   0.2098  0.0994  0.1780  0.1888  0.3241  1
 177:   0.1114  0.2713  0.1690  0.2801  0.1682  1
 178:   0.1568  0.0986  0.2344  0.3590  0.1512  1
 179:   0.2128  0.2779  0.1338  0.2771  0.0984  1
 180:   0.4429  0.1646  0.1090  0.0908  0.1928  1
 181:   0.1601  0.1483  0.1653  0.0877  0.4385  1
 182:   0.5658  0.0942  0.1609  0.0854  0.0938  1
 183:   0.3438  0.1502  0.1216  0.2516  0.1328  1
 184:   0.1577  0.1687  0.1869  0.1175  0.3692  1
 185:   0.0728  0.2091  0.4236  0.1445  0.1499  1
 186:   0.1000  0.3674  0.2327  0.1567  0.1433  1
 187:   0.3227  0.1382  0.2933  0.0750  0.1708  1
 188:   0.1224  0.2650  0.1872  0.3059  0.1194  1
 189:   0.1282  0.3149  0.1710  0.2068  0.1792  1
 190:   0.0688  0.1212  0.1326  0.5946  0.0828  1
 191:   0.0844  0.2485  0.1613  0.2907  0.2151  1
 192:   0.2852  0.1444  0.1734  0.1202  0.2768  1
 193:   0.1222  0.2100  0.1556  0.3068  0.2054  1
 194:   0.5218  0.0749  0.1245  0.0993  0.1795  1
 195:   0.1844  0.0764  0.1340  0.3424  0.2628  1
 196:   0.0928  0.3690  0.1128  0.2356  0.1898  1
 197:   0.1046  0.1438  0.1508  0.4769  0.1240  1
 198:   0.1060  0.2756  0.0868  0.2748  0.2568  1
 199:   0.0730  0.4399  0.3437  0.0532  0.0902  1
 200:   0.1718  0.3221  0.2795  0.1162  0.1104  1
 201:   0.0952  0.2203  0.4294  0.1263  0.1289  1
 202:   0.4947  0.1336  0.1688  0.0790  0.1238  1
 203:   0.1753  0.3333  0.1088  0.2593  0.1234  1
 204:   0.0858  0.5150  0.0988  0.1776  0.1228  1
 205:   0.1667  0.3786  0.2327  0.1034  0.1186  1
 206:   0.1326  0.2708  0.4136  0.0882  0.0948  1
 207:   0.1768  0.1678  0.1620  0.1628  0.3306  1
 208:   0.3569  0.1300  0.1156  0.1396  0.2579  1
 209:   0.0820  0.3501  0.2099  0.1653  0.1927  1
 210:   0.1046  0.1396  0.1792  0.4339  0.1426  1
 211:   0.0732  0.2254  0.1272  0.4609  0.1132  1
 212:   0.5218  0.1085  0.2052  0.0777  0.0867  1
 213:   0.1126  0.1305  0.2073  0.3279  0.2217  1
 214:   0.0606  0.2848  0.1898  0.2363  0.2285  1
 215:   0.1255  0.1731  0.1128  0.4422  0.1465  1
 216:   0.1730  0.0792  0.2417  0.3143  0.1918  1
 217:   0.1154  0.2192  0.1278  0.4121  0.1256  1
 218:   0.2021  0.0986  0.1817  0.3423  0.1753  1
 219:   0.0428  0.6673  0.0658  0.1072  0.1170  1
 220:   0.2867  0.1855  0.2743  0.1661  0.0874  1
 221:   0.1036  0.2041  0.4750  0.1184  0.0988  1
 222:   0.1701  0.0869  0.2664  0.3002  0.1763  1
 223:   0.0884  0.2630  0.0664  0.5236  0.0586  1
 224:   0.0912  0.3853  0.2748  0.1388  0.1100  1
 225:   0.0706  0.1326  0.1582  0.5116  0.1270  1
 226:   0.0886  0.2001  0.2719  0.2361  0.2033  1
 227:   0.1702  0.2364  0.1812  0.1624  0.2497  1
 228:   0.5710  0.1140  0.1415  0.0778  0.0956  1
 229:   0.2301  0.2199  0.2239  0.1505  0.1755  1
 230:   0.0662  0.5440  0.1176  0.1431  0.1292  1
 231:   0.0636  0.5830  0.0874  0.1655  0.1004  1
 232:   0.1192  0.2214  0.2128  0.0934  0.3531  1
 233:   0.5088  0.0910  0.1420  0.1184  0.1398  1
 234:   0.1726  0.1388  0.2072  0.3528  0.1286  1
 235:   0.1790  0.3231  0.1800  0.1656  0.1522  1
 236:   0.4045  0.0958  0.1788  0.1410  0.1800  1
 237:   0.1652  0.1800  0.0924  0.4378  0.1246  1
 238:   0.1327  0.2791  0.1387  0.0624  0.3872  1
 239:   0.3502  0.0774  0.1825  0.1043  0.2856  1
 240:   0.0982  0.1305  0.1042  0.4048  0.2623  1
 241:   0.0802  0.2962  0.1456  0.1656  0.3124  1
 242:   0.2135  0.3249  0.1739  0.1038  0.1839  1
 243:   0.1809  0.2034  0.1886  0.2974  0.1297  1
 244:   0.1208  0.0736  0.1630  0.2094  0.4332  1
 245:   0.1190  0.0734  0.1628  0.2102  0.4347  1
 246:   0.2799  0.1841  0.2039  0.2207  0.1114  1
 247:   0.1098  0.2399  0.1553  0.0940  0.4010  1
 248:   0.1017  0.1219  0.1345  0.3490  0.2930  1
 249:   0.1658  0.2725  0.2843  0.1256  0.1518  1
 250:   0.0540  0.1708  0.1330  0.5088  0.1334  1
 251:   0.2485  0.1351  0.2031  0.2159  0.1975  1
 252:   0.3539  0.1405  0.1118  0.1973  0.1965  1
 253:   0.3484  0.1182  0.0898  0.2700  0.1736  1
 254:   0.2199  0.1277  0.2895  0.1779  0.1849  1
 255:   0.1234  0.1810  0.2300  0.1818  0.2839  1
 256:   0.1391  0.2895  0.1122  0.1134  0.3457  1
 257:   0.1142  0.4036  0.1908  0.1798  0.1116  1
 258:   0.4552  0.1258  0.1637  0.1134  0.1420  1
 259:   0.0692  0.0844  0.0754  0.7182  0.0528  1
 260:   0.1595  0.1101  0.2211  0.2982  0.2111  1
 261:   0.2616  0.1599  0.1779  0.1755  0.2251  1
 262:   0.3369  0.1969  0.1571  0.1140  0.1951  1
 263:   0.4856  0.1188  0.0974  0.1184  0.1797  1
 264:   0.3477  0.1104  0.1436  0.2036  0.1948  1
 265:   0.1494  0.3895  0.1010  0.1094  0.2507  1
 266:   0.0696  0.1114  0.3607  0.3293  0.1290  1
 267:   0.1896  0.2190  0.2943  0.1248  0.1722  1
 268:   0.2485  0.1028  0.1094  0.3135  0.2258  1
 269:   0.1575  0.2759  0.2977  0.1046  0.1643  1
 270:   0.0670  0.4258  0.1467  0.2105  0.1499  1
 271:   0.1910  0.2841  0.2308  0.1640  0.1301  1
 272:   0.1978  0.1730  0.1168  0.2799  0.2325  1
 273:   0.1306  0.1794  0.3809  0.1784  0.1306  1
 274:   0.3987  0.2306  0.2072  0.0808  0.0826  1
 275:   0.1392  0.1632  0.1340  0.4115  0.1522  1
 276:   0.1560  0.0778  0.1378  0.1338  0.4947  1
 277:   0.0736  0.3119  0.2081  0.2455  0.1609  1
 278:   0.1368  0.1740  0.1332  0.2134  0.3426  1
 279:   0.1112  0.2911  0.1712  0.0710  0.3555  1
 280:   0.0740  0.5108  0.0876  0.1008  0.2269  1
 281:   0.1247  0.4353  0.1025  0.1469  0.1905  1
 282:   0.1898  0.1417  0.1511  0.1459  0.3715  1
 283:   0.4915  0.1326  0.1386  0.0832  0.1540  1
 284:   0.1112  0.1547  0.2491  0.1010  0.3840  1
 285:   0.2736  0.1200  0.3865  0.1424  0.0774  1
 286:   0.2548  0.1006  0.1786  0.1546  0.3113  1
 287:   0.3471  0.1198  0.0730  0.1793  0.2807  1
 288:   0.1272  0.3857  0.2130  0.1416  0.1324  1
 289:   0.3034  0.0892  0.3701  0.0868  0.1504  1
 290:   0.1974  0.2446  0.1248  0.1652  0.2679  1
 291:   0.3023  0.1998  0.1468  0.1874  0.1638  1
 292:   0.1970  0.1904  0.2152  0.1928  0.2044  1
 293:   0.3547  0.1699  0.2145  0.1363  0.1247  1
 294:   0.0998  0.1954  0.2887  0.1144  0.3017  1
 295:   0.1740  0.1454  0.3752  0.0720  0.2334  1
 296:   0.1420  0.3380  0.1842  0.1108  0.2250  1
 297:   0.3205  0.0892  0.3197  0.1637  0.1068  1
 298:   0.1500  0.0926  0.2142  0.2388  0.3044  1
 299:   0.4046  0.1545  0.2071  0.1529  0.0809  1
 300:   0.1357  0.1867  0.1427  0.3994  0.1353  1
 301:   0.0984  0.1438  0.1806  0.1612  0.4160  1
 302:   0.0842  0.0726  0.1106  0.6398  0.0928  1
 303:   0.2637  0.1512  0.2867  0.1282  0.1702  1
 304:   0.0962  0.1894  0.1572  0.3157  0.2416  1
 305:   0.0956  0.2174  0.2386  0.2176  0.2308  1
 306:   0.0782  0.2209  0.1258  0.2013  0.3738  1
 307:   0.1979  0.1617  0.1955  0.2189  0.2259  1
 308:   0.4480  0.1210  0.1301  0.1441  0.1567  1
 309:   0.3223  0.1974  0.2698  0.1009  0.1097  1
 310:   0.4411  0.0988  0.1596  0.1008  0.1996  1
 311:   0.3641  0.1254  0.1699  0.1373  0.2033  1
 312:   0.0754  0.1917  0.1973  0.1095  0.4262  1
 313:   0.3996  0.1974  0.2230  0.0752  0.1048  1
 314:   0.0854  0.1897  0.5123  0.0954  0.1172  1
 315:   0.2985  0.1415  0.1695  0.1287  0.2619  1
 316:   0.2665  0.0666  0.1152  0.2442  0.3075  1
 317:   0.2255  0.1347  0.1751  0.2257  0.2389  1
 318:   0.2474  0.1064  0.2872  0.1214  0.2376  1
 319:   0.0821  0.1807  0.1743  0.1423  0.4207  1
 320:   0.2274  0.1642  0.1628  0.2442  0.2012  1
 321:   0.2310  0.1888  0.2002  0.2862  0.0938  1
 322:   0.0958  0.1458  0.3554  0.1960  0.2070  1
 323:   0.0680  0.1776  0.4028  0.2306  0.1210  1
 324:   0.1134  0.1284  0.2244  0.4311  0.1026  1
 325:   0.3381  0.1308  0.1300  0.1252  0.2759  1
 326:   0.1126  0.1853  0.2849  0.2677  0.1495  1
 327:   0.1661  0.2953  0.1509  0.2103  0.1775  1
 328:   0.1928  0.3377  0.1802  0.1012  0.1880  1
 329:   0.2687  0.2191  0.1803  0.1092  0.2227  1
 330:   0.3690  0.0962  0.1676  0.0898  0.2774  1
 331:   0.1516  0.1154  0.1172  0.2268  0.3889  1
 332:   0.2469  0.1217  0.1773  0.2171  0.2369  1
 333:   0.2308  0.1690  0.1224  0.3630  0.1148  1
 334:   0.1852  0.1906  0.3131  0.1184  0.1928  1
 335:   0.2061  0.1717  0.3503  0.1058  0.1661  1
 336:   0.2000  0.1646  0.2670  0.1336  0.2348  1
 337:   0.1144  0.1462  0.2042  0.2024  0.3329  1
 338:   0.0862  0.2779  0.1577  0.0878  0.3904  1
 339:   0.1397  0.3071  0.1569  0.2101  0.1861  1
 340:   0.1338  0.2140  0.2579  0.1966  0.1978  1
 341:   0.1510  0.1134  0.4315  0.1700  0.1340  1
 342:   0.2506  0.1226  0.2082  0.1826  0.2359  1
 343:   0.3718  0.1486  0.1974  0.1928  0.0894  1
 344:   0.5290  0.0796  0.1106  0.0962  0.1847  1
 345:   0.1325  0.2088  0.3249  0.1009  0.2330  1
 346:   0.1633  0.1565  0.3636  0.1493  0.1673  1
 347:   0.3068  0.2054  0.2182  0.1017  0.1679  1
 348:   0.2457  0.1097  0.1643  0.1819  0.2984  1
 349:   0.2622  0.1841  0.2255  0.1865  0.1417  1
 350:   0.1331  0.1363  0.2948  0.1279  0.3078  1
 351:   0.1478  0.2070  0.2656  0.2128  0.1668  1
 352:   0.2340  0.1180  0.2350  0.2002  0.2128  1
 353:   0.2143  0.3914  0.1017  0.1201  0.1725  1
 354:   0.1076  0.2692  0.1166  0.3714  0.1352  1
 355:   0.2475  0.1174  0.1830  0.1050  0.3471  1
 356:   0.1049  0.3344  0.2640  0.1377  0.1591  1
 357:   0.1098  0.1603  0.3219  0.2729  0.1351  1
 358:   0.3253  0.1436  0.3290  0.0810  0.1210  1
 359:   0.0822  0.1304  0.4831  0.2200  0.0844  1
 360:   0.2192  0.1846  0.1520  0.2506  0.1938  1
 361:   0.3532  0.0736  0.1256  0.2400  0.2076  1
 362:   0.0991  0.2057  0.2357  0.3070  0.1525  1
 363:   0.0992  0.2740  0.1080  0.3870  0.1318  1
 364:   0.1640  0.3049  0.2178  0.1546  0.1586  1
 365:   0.2648  0.2280  0.2618  0.1788  0.0666  1
 366:   0.2109  0.1483  0.3631  0.1457  0.1321  1
 367:   0.1533  0.2085  0.2646  0.1917  0.1819  1
 368:   0.2061  0.2107  0.2131  0.1997  0.1703  1
 369:   0.0868  0.5363  0.1488  0.1066  0.1216  1
 370:   0.1845  0.0949  0.1755  0.4132  0.1319  1
 371:   0.2266  0.1864  0.1880  0.2610  0.1380  1
 372:   0.1269  0.1134  0.2007  0.1377  0.4214  1
 373:   0.3185  0.1681  0.2165  0.1591  0.1377  1
 374:   0.3313  0.1898  0.2122  0.1188  0.1480  1
 375:   0.2064  0.3403  0.2809  0.0862  0.0862  1
 376:   0.3136  0.1806  0.2062  0.0864  0.2132  1
 377:   0.1900  0.2760  0.2900  0.1371  0.1069  1
 378:   0.1654  0.2190  0.2541  0.1280  0.2336  1
 379:   0.1617  0.3895  0.1307  0.1669  0.1513  1
 380:   0.5838  0.1032  0.1094  0.0704  0.1332  1
 381:   0.1380  0.1744  0.2450  0.2200  0.2228  1
 382:   0.2511  0.1303  0.1649  0.2795  0.1743  1
 383:   0.1321  0.1185  0.1805  0.0873  0.4815  1
 384:   0.2381  0.1931  0.2041  0.1038  0.2609  1
 385:   0.0952  0.1878  0.2432  0.2645  0.2094  1
 386:   0.1402  0.0944  0.1192  0.5426  0.1036  1
 387:   0.2470  0.1586  0.1264  0.1512  0.3169  1
 388:   0.1964  0.1664  0.2024  0.3154  0.1194  1
 389:   0.2172  0.1114  0.1864  0.3265  0.1584  1
 390:   0.2061  0.1707  0.1655  0.1947  0.2630  1
 391:   0.0976  0.2904  0.2198  0.2538  0.1384  1
 392:   0.2223  0.1469  0.2071  0.1551  0.2685  1
 393:   0.4283  0.1495  0.1887  0.1085  0.1249  1
 394:   0.2294  0.2479  0.1448  0.2046  0.1732  1
 395:   0.1396  0.1552  0.1376  0.3915  0.1762  1
 396:   0.1910  0.1530  0.2246  0.2547  0.1766  1
 397:   0.1487  0.2473  0.2920  0.1125  0.1995  1
 398:   0.1954  0.2630  0.1410  0.1736  0.2270  1
 399:   0.2357  0.1391  0.1923  0.1489  0.2839  1
 400:   0.3000  0.1944  0.2472  0.0548  0.2036  1
 401:   0.1785  0.1090  0.1429  0.3419  0.2277  1
 402:   0.2156  0.1526  0.2515  0.1828  0.1976  1
 403:   0.1160  0.2075  0.1751  0.3549  0.1465  1
 404:   0.2034  0.2920  0.2412  0.1084  0.1550  1
 405:   0.1418  0.2226  0.0948  0.4172  0.1236  1
 406:   0.3982  0.1150  0.1888  0.1410  0.1570  1
 407:   0.2004  0.2175  0.1928  0.1852  0.2040  1
 408:   0.1650  0.0912  0.1450  0.1892  0.4097  1
 409:   0.2651  0.0734  0.1202  0.1004  0.4409  1
 410:   0.1273  0.2357  0.1825  0.0865  0.3680  1
 411:   0.3301  0.1406  0.2498  0.1022  0.1772  1
 412:   0.1046  0.1407  0.1403  0.5110  0.1034  1
 413:   0.3023  0.0990  0.1562  0.1344  0.3081  1
 414:   0.1764  0.3588  0.1898  0.1664  0.1086  1
 415:   0.1628  0.1842  0.1166  0.3723  0.1640  1
 416:   0.1183  0.3190  0.1375  0.2966  0.1287  1
 417:   0.1985  0.1205  0.2405  0.1861  0.2544  1
 418:   0.4014  0.1066  0.1477  0.1947  0.1497  1
 419:   0.1817  0.2391  0.1633  0.2149  0.2011  1
 420:   0.2070  0.2394  0.1910  0.1738  0.1888  1
 421:   0.0576  0.1893  0.2309  0.1629  0.3593  1
 422:   0.2013  0.3985  0.1509  0.0798  0.1695  1
 423:   0.1642  0.2767  0.1736  0.1414  0.2441  1
 424:   0.1124  0.1206  0.2663  0.0942  0.4065  1
 425:   0.3377  0.1312  0.2959  0.1448  0.0904  1
 426:   0.0852  0.1946  0.0896  0.5165  0.1142  1
 427:   0.2685  0.2551  0.1632  0.1138  0.1994  1
 428:   0.1749  0.2120  0.2836  0.1859  0.1437  1
 429:   0.1998  0.1320  0.2022  0.2476  0.2184  1
 430:   0.1280  0.3407  0.2098  0.1682  0.1534  1
 431:   0.3349  0.1090  0.1564  0.1274  0.2723  1
 432:   0.0776  0.5109  0.1738  0.1160  0.1218  1
 433:   0.1660  0.2050  0.2230  0.2528  0.1534  1
 434:   0.1574  0.1840  0.2687  0.2572  0.1326  1
 435:   0.3998  0.1345  0.1659  0.1607  0.1391  1
 436:   0.1192  0.3196  0.1260  0.1498  0.2854  1
 437:   0.2818  0.2098  0.2283  0.1998  0.0802  1
 438:   0.3257  0.1110  0.1609  0.2071  0.1953  1
 439:   0.1497  0.0973  0.2628  0.2393  0.2508  1
 440:   0.2807  0.1740  0.0860  0.2675  0.1918  1
 441:   0.2212  0.1260  0.1294  0.1874  0.3360  1
 442:   0.3207  0.1073  0.1383  0.0861  0.3475  1
 443:   0.1748  0.3975  0.1504  0.1122  0.1652  1
 444:   0.1146  0.3098  0.2346  0.1734  0.1676  1
 445:   0.2810  0.2045  0.1681  0.1539  0.1925  1
 446:   0.1932  0.2166  0.2578  0.1346  0.1978  1
 447:   0.3100  0.2059  0.0953  0.2732  0.1155  1
 448:   0.2361  0.1827  0.1679  0.1451  0.2681  1
 449:   0.4380  0.1004  0.0914  0.2076  0.1626  1
 450:   0.1150  0.1605  0.2559  0.2453  0.2233  1
 451:   0.1686  0.0972  0.2278  0.1566  0.3499  1
 452:   0.1092  0.3879  0.2246  0.1230  0.1554  1
 453:   0.1262  0.1966  0.2156  0.2627  0.1988  1
 454:   0.1244  0.2174  0.1516  0.3073  0.1992  1
 455:   0.1495  0.1431  0.3151  0.2766  0.1157  1
 456:   0.1030  0.3367  0.2431  0.1479  0.1693  1
 457:   0.0528  0.1541  0.0786  0.5982  0.1163  1
 458:   0.3729  0.1637  0.1903  0.1737  0.0994  1
 459:   0.1872  0.0994  0.1088  0.5039  0.1006  1
 460:   0.1670  0.2296  0.1734  0.1942  0.2358  1
 461:   0.2449  0.0958  0.3289  0.2066  0.1238  1
 462:   0.2607  0.0836  0.0982  0.4450  0.1124  1
 463:   0.1827  0.3524  0.1835  0.0941  0.1873  1
 464:   0.2243  0.1419  0.1527  0.3201  0.1609  1
 465:   0.1908  0.1230  0.2921  0.1136  0.2805  1
 466:   0.1260  0.2149  0.2097  0.2729  0.1765  1
 467:   0.0946  0.2272  0.1594  0.4141  0.1046  1
 468:   0.3901  0.1400  0.1392  0.2004  0.1304  1
 469:   0.1034  0.3988  0.2126  0.1596  0.1256  1
 470:   0.1140  0.2710  0.1124  0.3446  0.1580  1
 471:   0.2028  0.2356  0.2552  0.1386  0.1678  1
 472:   0.0866  0.1618  0.1186  0.3842  0.2488  1
 473:   0.1564  0.2258  0.2104  0.2278  0.1796  1
 474:   0.1358  0.1136  0.1524  0.4064  0.1918  1
 475:   0.1351  0.2567  0.1999  0.0960  0.3123  1
 476:   0.1342  0.1754  0.3875  0.1288  0.1740  1
 477:   0.2089  0.2113  0.2784  0.1407  0.1607  1
 478:   0.2958  0.1789  0.2076  0.1327  0.1851  1
 479:   0.3541  0.2328  0.1362  0.1226  0.1542  1
 480:   0.1239  0.1256  0.1915  0.2939  0.2651  1
 481:   0.2704  0.1272  0.3057  0.1068  0.1898  1
 482:   0.4198  0.1353  0.1619  0.0784  0.2047  1
 483:   0.1236  0.2218  0.2208  0.2479  0.1858  1
 484:   0.1041  0.1691  0.4021  0.0931  0.2316  1
 485:   0.2814  0.1104  0.1980  0.1232  0.2870  1
 486:   0.2887  0.1110  0.1026  0.1311  0.3666  1
 487:   0.2127  0.0992  0.1361  0.2425  0.3095  1
 488:   0.1855  0.1236  0.1675  0.3551  0.1683  1
 489:   0.1946  0.1512  0.1202  0.2652  0.2688  1
 490:   0.3364  0.1261  0.1839  0.1551  0.1985  1
 491:   0.1210  0.0878  0.1548  0.1586  0.4779  1
 492:   0.2783  0.1840  0.1528  0.1666  0.2182  1
 493:   0.4925  0.1332  0.1170  0.0848  0.1724  1
 494:   0.1638  0.1118  0.2708  0.2382  0.2156  1
 495:   0.2216  0.1156  0.1842  0.1916  0.2870  1
 496:   0.2419  0.1377  0.2557  0.0784  0.2863  1
 497:   0.2752  0.1127  0.1849  0.1379  0.2894  1
 498:   0.2840  0.1740  0.1548  0.2314  0.1558  1
 499:   0.1323  0.1959  0.1651  0.3453  0.1615  1
 500:   0.1476  0.4414  0.1584  0.1408  0.1118  1
 501:   0.1864  0.2639  0.3365  0.0814  0.1318  1
 502:   0.2535  0.2336  0.2360  0.1186  0.1582  1
 503:   0.4481  0.1578  0.2082  0.0668  0.1192  1
 504:   0.3680  0.1342  0.2302  0.0582  0.2094  1
 505:   0.3332  0.1562  0.3198  0.1096  0.0812  1
 506:   0.1068  0.3593  0.2114  0.1960  0.1266  1
 507:   0.3896  0.1557  0.1923  0.1025  0.1599  1
 508:   0.3015  0.2296  0.1732  0.1190  0.1768  1
 509:   0.1347  0.3318  0.1859  0.1905  0.1571  1
 510:   0.2473  0.2006  0.2582  0.1072  0.1866  1
 511:   0.1317  0.1236  0.1887  0.3039  0.2521  1
 512:   0.0812  0.2297  0.2021  0.3950  0.0920  1
 513:   0.1185  0.1363  0.2475  0.1981  0.2996  1
 514:   0.5062  0.0862  0.1080  0.1508  0.1488  1
 515:   0.2013  0.1539  0.2031  0.2659  0.1757  1
 516:   0.0746  0.2002  0.1252  0.4328  0.1672  1
 517:   0.1761  0.2798  0.1373  0.2113  0.1955  1
 518:   0.5392  0.1066  0.1288  0.1020  0.1233  1
 519:   0.0814  0.2532  0.1987  0.2552  0.2115  1
 520:   0.0739  0.3020  0.3697  0.1377  0.1167  1
 521:   0.0780  0.4586  0.1445  0.1921  0.1268  1
 522:   0.1743  0.2125  0.1675  0.2351  0.2105  1
 523:   0.3562  0.1790  0.2482  0.0882  0.1284  1
 524:   0.1858  0.2939  0.1112  0.0810  0.3281  1
 525:   0.3203  0.0986  0.1362  0.2465  0.1984  1
 526:   0.1198  0.2294  0.1220  0.1230  0.4058  1
 527:   0.3419  0.0850  0.1433  0.2633  0.1665  1
 528:   0.3719  0.1074  0.1242  0.2477  0.1489  1
 529:   0.1640  0.1040  0.2382  0.3336  0.1602  1
 530:   0.1808  0.3016  0.2046  0.1410  0.1720  1
 531:   0.4956  0.0858  0.1762  0.1272  0.1152  1
 532:   0.3771  0.1731  0.1597  0.0654  0.2247  1
 533:   0.1851  0.1817  0.3199  0.1473  0.1661  1
 534:   0.1450  0.1418  0.2070  0.2432  0.2630  1
 535:   0.4922  0.0962  0.1780  0.0940  0.1396  1
 536:   0.2351  0.1014  0.1321  0.3043  0.2271  1
 537:   0.1199  0.0909  0.1689  0.1715  0.4488  1
 538:   0.0900  0.3160  0.1352  0.1374  0.3214  1
 539:   0.1274  0.2230  0.2890  0.1586  0.2020  1
 540:   0.2881  0.0738  0.1284  0.1275  0.3822  1
 541:   0.1754  0.1412  0.1588  0.2130  0.3116  1
 542:   0.3147  0.1529  0.1273  0.2273  0.1779  1
 543:   0.2693  0.1474  0.3281  0.0878  0.1674  1
 544:   0.0867  0.3861  0.2236  0.1393  0.1643  1
 545:   0.0696  0.1552  0.1398  0.4056  0.2298  1
 546:   0.1676  0.1154  0.4934  0.1160  0.1076  1
 547:   0.1104  0.2162  0.2390  0.2310  0.2034  1
 548:   0.2634  0.1500  0.2548  0.2298  0.1020  1
 549:   0.1206  0.2023  0.1875  0.3351  0.1545  1
 550:   0.1154  0.1448  0.1684  0.2030  0.3683  1
 551:   0.1972  0.1286  0.1380  0.1138  0.4223  1
 552:   0.2264  0.1038  0.2380  0.1866  0.2451  1
 553:   0.0676  0.1632  0.4212  0.1280  0.2200  1
 554:   0.1082  0.2363  0.1058  0.3717  0.1780  1
 555:   0.2799  0.1084  0.1336  0.2062  0.2719  1
 556:   0.1102  0.1882  0.1790  0.1866  0.3360  1
 557:   0.1454  0.1614  0.2130  0.2318  0.2484  1
 558:   0.1484  0.1640  0.4656  0.1182  0.1038  1
 559:   0.0822  0.3070  0.1760  0.1514  0.2834  1
 560:   0.2438  0.2308  0.1670  0.2152  0.1430  1
 561:   0.0740  0.3817  0.1420  0.1828  0.2196  1
 562:   0.3479  0.1747  0.1911  0.0778  0.2085  1
 563:   0.0798  0.1414  0.2573  0.1602  0.3612  1
 564:   0.1598  0.1826  0.2729  0.1704  0.2142  1
 565:   0.4495  0.2341  0.0843  0.0794  0.1527  1
 566:   0.1406  0.4068  0.1142  0.1512  0.1872  1
 567:   0.1745  0.0948  0.1249  0.1997  0.4060  1
 568:   0.5276  0.0703  0.0865  0.0807  0.2348  1
 569:   0.2131  0.1324  0.0884  0.1551  0.4110  1
 570:   0.4751  0.1308  0.1540  0.1146  0.1254  1
 571:   0.0678  0.3917  0.0954  0.2044  0.2406  1
 572:   0.1380  0.1758  0.1258  0.4122  0.1482  1
 573:   0.2635  0.2561  0.1543  0.1295  0.1967  1
 574:   0.3119  0.1230  0.2160  0.1298  0.2192  1
 575:   0.1004  0.2305  0.1122  0.1612  0.3957  1
 576:   0.1823  0.1146  0.2615  0.2715  0.1701  1
 577:   0.4418  0.0974  0.1746  0.1430  0.1432  1
 578:   0.1100  0.5485  0.1046  0.0916  0.1454  1
 579:   0.1648  0.1670  0.1894  0.1004  0.3783  1
 580:   0.1670  0.1420  0.1630  0.1564  0.3716  1
 581:   0.0948  0.2088  0.1970  0.2820  0.2174  1
 582:   0.0872  0.1875  0.2691  0.3451  0.1110  1
 583:   0.2543  0.3625  0.2368  0.0660  0.0804  1
 584:   0.0698  0.1920  0.2164  0.1694  0.3524  1
 585:   0.2444  0.0781  0.1868  0.0743  0.4164  1
 586:   0.0938  0.2572  0.2512  0.1670  0.2308  1
 587:   0.3038  0.1122  0.1954  0.1076  0.2810  1
 588:   0.3782  0.0952  0.1561  0.0986  0.2719  1
 589:   0.1887  0.1491  0.2546  0.2642  0.1435  1
 590:   0.5016  0.1313  0.0672  0.0834  0.2165  1
 591:   0.0734  0.1904  0.2212  0.2216  0.2934  1
 592:   0.5968  0.1088  0.0758  0.0692  0.1494  1
 593:   0.1268  0.3416  0.1284  0.1198  0.2834  1
 594:   0.2184  0.2450  0.2158  0.0846  0.2360  1
 595:   0.2695  0.1374  0.2841  0.2040  0.1050  1
 596:   0.0494  0.3178  0.2698  0.1907  0.1723  1
 597:   0.4663  0.0680  0.1927  0.0863  0.1867  1
 598:   0.2092  0.1436  0.2304  0.1704  0.2465  1
 599:   0.2268  0.1958  0.1382  0.1314  0.3078  1
 600:   0.4363  0.1406  0.0980  0.0898  0.2352  1
 601:   0.3423  0.1504  0.2223  0.1042  0.1808  1
 602:   0.1275  0.0729  0.1137  0.1233  0.5626  1
 603:   0.1614  0.0722  0.2364  0.1444  0.3855  1
 604:   0.1250  0.2370  0.1380  0.3250  0.1750  1
 605:   0.1779  0.1289  0.1607  0.2819  0.2507  1
 606:   0.4216  0.1741  0.1497  0.0864  0.1681  1
 607:   0.1996  0.1490  0.3057  0.1168  0.2288  1
 608:   0.2202  0.1924  0.1978  0.0970  0.2926  1
 609:   0.0676  0.1306  0.1642  0.4781  0.1594  1
 610:   0.2772  0.2590  0.2678  0.0886  0.1074  1
 611:   0.0686  0.3425  0.1489  0.3063  0.1337  1
 612:   0.1382  0.2472  0.2106  0.1354  0.2686  1
 613:   0.5033  0.0954  0.1228  0.1224  0.1562  1
 614:   0.3447  0.1368  0.1436  0.0796  0.2953  1
 615:   0.1763  0.1151  0.1711  0.2099  0.3277  1
 616:   0.1108  0.2610  0.2610  0.1064  0.2608  1
 617:   0.2891  0.1320  0.2061  0.0602  0.3125  1
 618:   0.2230  0.1836  0.1176  0.2132  0.2625  1
 619:   0.2926  0.1467  0.1803  0.1405  0.2399  1
 620:   0.1718  0.1626  0.3152  0.1386  0.2118  1
 621:   0.1636  0.1234  0.2148  0.1580  0.3403  1
 622:   0.0810  0.2198  0.0998  0.4920  0.1074  1
 623:   0.2292  0.1454  0.1470  0.3178  0.1606  1
 624:   0.1382  0.2568  0.1920  0.2412  0.1718  1
 625:   0.1922  0.0904  0.1666  0.1150  0.4358  1
 626:   0.1068  0.2599  0.2021  0.2473  0.1839  1
 627:   0.3451  0.1530  0.1524  0.0988  0.2507  1
 628:   0.2654  0.1203  0.2832  0.1455  0.1855  1
 629:   0.1264  0.1130  0.1716  0.2806  0.3084  1
 630:   0.1160  0.3544  0.1552  0.1072  0.2672  1
 631:   0.3675  0.1789  0.1581  0.1076  0.1879  1
 632:   0.4812  0.0884  0.2643  0.0806  0.0854  1
 633:   0.3029  0.1297  0.1338  0.0632  0.3704  1
 634:   0.1788  0.1622  0.3485  0.0896  0.2208  1
 635:   0.1814  0.1094  0.3470  0.2518  0.1104  1
 636:   0.1934  0.1560  0.2442  0.2242  0.1822  1
 637:   0.0724  0.1346  0.1638  0.4457  0.1836  1
 638:   0.3649  0.1218  0.1574  0.1890  0.1670  1
 639:   0.3254  0.0806  0.1880  0.0644  0.3416  1
 640:   0.4106  0.0876  0.1764  0.1894  0.1360  1
 641:   0.2756  0.1040  0.3140  0.1260  0.1804  1
 642:   0.3660  0.1075  0.1037  0.1943  0.2285  1
 643:   0.0840  0.2923  0.2809  0.0670  0.2759  1
 644:   0.1320  0.2478  0.0954  0.1102  0.4147  1
 645:   0.0814  0.1346  0.1688  0.4089  0.2064  1
 646:   0.1452  0.3471  0.1854  0.1930  0.1292  1
 647:   0.1512  0.2074  0.2772  0.2020  0.1622  1
 648:   0.2925  0.1214  0.2873  0.1570  0.1418  1
 649:   0.4612  0.1216  0.1048  0.1076  0.2048  1
 650:   0.0896  0.2409  0.0966  0.4569  0.1160  1
 651:   0.1789  0.1114  0.4544  0.1182  0.1371  1
 652:   0.1269  0.2043  0.3589  0.1657  0.1443  1
 653:   0.2670  0.2782  0.2002  0.0880  0.1666  1
 654:   0.1698  0.1414  0.2624  0.1730  0.2534  1
 655:   0.0994  0.1906  0.2755  0.2877  0.1468  1
 656:   0.3650  0.1964  0.2426  0.0882  0.1078  1
 657:   0.4616  0.0882  0.1903  0.1779  0.0820  1
 658:   0.3361  0.1269  0.1221  0.0867  0.3283  1
 659:   0.1605  0.2453  0.2225  0.1459  0.2257  1
 660:   0.4589  0.1268  0.1298  0.1046  0.1798  1
 661:   0.1942  0.2822  0.1184  0.3080  0.0972  1
 662:   0.2424  0.2032  0.2236  0.1078  0.2228  1
 663:   0.0890  0.1298  0.3591  0.2877  0.1344  1
 664:   0.1798  0.1896  0.3536  0.1158  0.1612  1
 665:   0.1122  0.3647  0.2300  0.1388  0.1542  1
 666:   0.2257  0.1325  0.1841  0.1082  0.3495  1
 667:   0.1838  0.1548  0.2070  0.2036  0.2510  1
 668:   0.3033  0.1822  0.3021  0.1058  0.1066  1
 669:   0.0712  0.0728  0.0624  0.7357  0.0580  1
 670:   0.0876  0.1320  0.3025  0.3882  0.0896  1
 671:   0.1987  0.1479  0.3092  0.1411  0.2031  1
 672:   0.1574  0.1808  0.2650  0.2236  0.1732  1
 673:   0.1186  0.2139  0.1965  0.3089  0.1621  1
 674:   0.0888  0.5010  0.0702  0.0794  0.2606  1
 675:   0.2229  0.3121  0.1030  0.1048  0.2571  1
 676:   0.3706  0.1805  0.2983  0.0650  0.0856  1
 677:   0.3446  0.2214  0.2050  0.1208  0.1082  1
 678:   0.1550  0.1138  0.1192  0.2860  0.3260  1
 679:   0.3897  0.0974  0.0916  0.0800  0.3413  1
 680:   0.2550  0.0768  0.1966  0.3438  0.1278  1
 681:   0.1579  0.1427  0.4425  0.1665  0.0905  1
 682:   0.1445  0.3550  0.1281  0.1369  0.2355  1
 683:   0.2096  0.2501  0.1904  0.1492  0.2006  1
 684:   0.0770  0.5117  0.1229  0.1291  0.1593  1
 685:   0.2366  0.2648  0.1860  0.2052  0.1075  1
 686:   0.2358  0.1276  0.3054  0.2104  0.1208  1
 687:   0.1400  0.1706  0.1596  0.1378  0.3919  1
 688:   0.2818  0.1648  0.2114  0.1370  0.2050  1
 689:   0.1012  0.2781  0.2879  0.2190  0.1138  1
 690:   0.1438  0.1600  0.1350  0.2509  0.3103  1
 691:   0.2230  0.2957  0.1970  0.2078  0.0764  1
 692:   0.2212  0.3084  0.1105  0.1623  0.1976  1
 693:   0.2139  0.1000  0.2257  0.1226  0.3377  1
 694:   0.1070  0.1916  0.2931  0.0664  0.3419  1
 695:   0.2688  0.0932  0.1108  0.1626  0.3645  1
 696:   0.1998  0.1902  0.0958  0.1446  0.3696  1
 697:   0.3644  0.1488  0.1576  0.0966  0.2326  1
 698:   0.0726  0.4274  0.1493  0.1641  0.1865  1
 699:   0.1393  0.2035  0.1631  0.1771  0.3171  1
 700:   0.0975  0.2190  0.3719  0.1855  0.1261  1
 701:   0.0716  0.1717  0.1571  0.1223  0.4773  1
 702:   0.2156  0.3166  0.2396  0.1390  0.0892  1
 703:   0.1931  0.1877  0.2085  0.2781  0.1325  1
 704:   0.1178  0.2118  0.2034  0.2062  0.2610  1
 705:   0.3313  0.1933  0.1503  0.0816  0.2435  1
 706:   0.0905  0.4748  0.1333  0.1777  0.1237  1
 707:   0.1132  0.2500  0.2577  0.2506  0.1284  1
 708:   0.1796  0.2004  0.2681  0.1076  0.2442  1
 709:   0.1997  0.1024  0.2031  0.1309  0.3640  1
 710:   0.1010  0.2875  0.2399  0.1543  0.2173  1
 711:   0.1376  0.1342  0.2678  0.1356  0.3248  1
 712:   0.0806  0.1564  0.3702  0.1630  0.2298  1
 713:   0.3486  0.0876  0.2082  0.1562  0.1994  1
 714:   0.0982  0.3825  0.1436  0.2182  0.1576  1
 715:   0.1134  0.1940  0.3878  0.1222  0.1826  1
 716:   0.1072  0.1924  0.2320  0.3534  0.1150  1
 717:   0.0672  0.1529  0.3756  0.1727  0.2315  1
 718:   0.1330  0.2896  0.2094  0.1070  0.2609  1
 719:   0.0810  0.2739  0.1373  0.4034  0.1044  1
 720:   0.3551  0.2162  0.1719  0.0809  0.1759  1
 721:   0.1146  0.1636  0.3586  0.1410  0.2222  1
 722:   0.2348  0.1628  0.1742  0.1116  0.3167  1
 723:   0.1656  0.1348  0.1560  0.3299  0.2136  1
 724:   0.1421  0.2073  0.1607  0.1597  0.3302  1
 725:   0.1054  0.1410  0.2661  0.1316  0.3559  1
 726:   0.1606  0.1274  0.5214  0.0798  0.1108  1
 727:   0.5811  0.0740  0.1392  0.0844  0.1212  1
 728:   0.2105  0.1605  0.1359  0.2999  0.1933  1
 729:   0.1878  0.3094  0.1158  0.0824  0.3046  1
 730:   0.2378  0.1036  0.4675  0.1034  0.0878  1
 731:   0.1292  0.2148  0.2802  0.1530  0.2228  1
 732:   0.2183  0.1349  0.1737  0.1184  0.3547  1
 733:   0.1551  0.2314  0.2206  0.1994  0.1936  1
 734:   0.2813  0.2084  0.1772  0.1002  0.2328  1
 735:   0.1828  0.2072  0.1196  0.0958  0.3946  1
 736:   0.2391  0.1100  0.1184  0.1146  0.4178  1
 737:   0.2153  0.1299  0.2143  0.2859  0.1547  1
 738:   0.1182  0.3649  0.2403  0.1443  0.1322  1
 739:   0.1613  0.2791  0.2689  0.1154  0.1753  1
 740:   0.3090  0.1018  0.3730  0.0844  0.1318  1
 741:   0.0880  0.2987  0.1339  0.2113  0.2681  1
 742:   0.1540  0.1982  0.2975  0.1062  0.2441  1
 743:   0.1483  0.2954  0.1483  0.2068  0.2012  1
 744:   0.1506  0.0820  0.1444  0.1968  0.4262  1
 745:   0.1150  0.1615  0.4584  0.0984  0.1667  1
 746:   0.2959  0.2851  0.1875  0.0956  0.1359  1
 747:   0.0800  0.4729  0.1509  0.1425  0.1537  1
 748:   0.1673  0.1745  0.2180  0.3295  0.1107  1
 749:   0.1068  0.2494  0.2058  0.2823  0.1556  1
 750:   0.4732  0.1180  0.1859  0.0774  0.1455  1
 751:   0.1575  0.1299  0.1905  0.3554  0.1667  1
 752:   0.2358  0.1322  0.1794  0.1410  0.3116  1
 753:   0.1446  0.1286  0.1630  0.2802  0.2836  1
 754:   0.2302  0.1672  0.2366  0.1466  0.2194  1
 755:   0.1038  0.4719  0.1930  0.0918  0.1396  1
 756:   0.2262  0.2762  0.1992  0.0830  0.2154  1
 757:   0.4308  0.1381  0.1080  0.0724  0.2507  1
 758:   0.1628  0.2466  0.1718  0.1602  0.2586  1
 759:   0.1378  0.1072  0.1148  0.2144  0.4257  1
 760:   0.0784  0.3193  0.1903  0.1293  0.2827  1
 761:   0.0722  0.3838  0.1144  0.0756  0.3539  1
 762:   0.2098  0.2444  0.1592  0.2690  0.1176  1
 763:   0.1744  0.1176  0.2526  0.0952  0.3602  1
 764:   0.3088  0.1026  0.0992  0.2762  0.2132  1
 765:   0.0954  0.1504  0.5889  0.0724  0.0928  1
 766:   0.2258  0.3843  0.1362  0.0792  0.1744  1
 767:   0.1016  0.1266  0.1334  0.4837  0.1548  1
 768:   0.2247  0.1449  0.1951  0.0854  0.3499  1
 769:   0.2216  0.1176  0.2939  0.1810  0.1860  1
 770:   0.0949  0.2436  0.2696  0.2208  0.1711  1
 771:   0.1731  0.1687  0.1613  0.2293  0.2675  1
 772:   0.1609  0.2355  0.2085  0.1911  0.2041  1
 773:   0.1438  0.2368  0.1490  0.1634  0.3070  1
 774:   0.2112  0.4204  0.1618  0.0790  0.1276  1
 775:   0.0970  0.1876  0.2070  0.2641  0.2443  1
 776:   0.2108  0.1104  0.2186  0.2869  0.1732  1
 777:   0.2866  0.1223  0.2320  0.1175  0.2416  1
 778:   0.0840  0.1318  0.1156  0.5385  0.1302  1
 779:   0.1334  0.1654  0.3969  0.1654  0.1388  1
 780:   0.1445  0.1182  0.2197  0.1046  0.4130  1
 781:   0.3403  0.0872  0.0850  0.3045  0.1830  1
 782:   0.2629  0.3367  0.1098  0.1456  0.1450  1
 783:   0.2239  0.1083  0.1725  0.1699  0.3254  1
 784:   0.1505  0.3359  0.1589  0.2123  0.1425  1
 785:   0.2134  0.1204  0.3811  0.1898  0.0952  1
 786:   0.1924  0.2940  0.1940  0.1936  0.1260  1
 787:   0.0832  0.3313  0.1100  0.2432  0.2323  1
 788:   0.2229  0.1527  0.4340  0.0826  0.1078  1
 789:   0.0536  0.4155  0.2362  0.1960  0.0988  1
 790:   0.2577  0.1190  0.2086  0.1212  0.2935  1
 791:   0.1663  0.4364  0.1635  0.1265  0.1073  1
 792:   0.2099  0.2927  0.2453  0.0712  0.1809  1
 793:   0.1395  0.0800  0.0820  0.5722  0.1263  1
 794:   0.2312  0.1706  0.2298  0.1946  0.1738  1
 795:   0.2409  0.0926  0.3681  0.2102  0.0882  1
 796:   0.0870  0.1856  0.1400  0.3714  0.2160  1
 797:   0.1499  0.1821  0.2665  0.2377  0.1639  1
 798:   0.1030  0.1593  0.2611  0.3257  0.1509  1
 799:   0.1132  0.2213  0.3824  0.1220  0.1611  1
 800:   0.1975  0.3707  0.1517  0.1329  0.1473  1
