   1:   0.2763  0.1722  0.1231  0.2733  0.1552  1
   2:   0.0970  0.4200  0.1690  0.1450  0.1690  1
   3:   0.1431  0.2022  0.1241  0.1061  0.4244  1
   4:   0.3530  0.1380  0.2360  0.1280  0.1450  1
   5:   0.2790  0.1360  0.1660  0.1450  0.2740  1
   6:   0.1860  0.1290  0.2300  0.2200  0.2350  1
   7:   0.1110  0.1450  0.4090  0.0990  0.2360  1
   8:   0.2080  0.1570  0.2310  0.1630  0.2410  1
   9:   0.2717  0.1628  0.1658  0.1848  0.2148  1
  10:   0.1770  0.3370  0.2370  0.1450  0.1040  1
  11:   0.2583  0.1992  0.1512  0.1151  0.2763  1
  12:   0.3340  0.2370  0.1530  0.1140  0.1620  1
  13:   0.2500  0.1250  0.1740  0.2480  0.2030  1
  14:   0.1632  0.1291  0.1231  0.1041  0.4805  1
  15:   0.3320  0.0900  0.1080  0.0860  0.3840  1
  16:   0.1792  0.1562  0.1962  0.2022  0.2663  1
  17:   0.1658  0.1389  0.1309  0.4336  0.1309  1
  18:   0.2050  0.1490  0.2380  0.1200  0.2880  1
  19:   0.1712  0.1982  0.2923  0.2142  0.1241  1
  20:   0.1660  0.2070  0.1950  0.1800  0.2520  1
  21:   0.1740  0.1260  0.2630  0.2090  0.2280  1
  22:   0.1750  0.2910  0.1460  0.1100  0.2780  1
  23:   0.2770  0.1870  0.1730  0.1920  0.1710  1
  24:   0.1270  0.1750  0.1990  0.3770  0.1220  1
  25:   0.1469  0.1159  0.3017  0.2328  0.2028  1
  26:   0.3030  0.1730  0.1630  0.1250  0.2360  1
  27:   0.0760  0.4290  0.2700  0.1410  0.0840  1
  28:   0.1139  0.1608  0.1299  0.0919  0.5035  1
  29:   0.2430  0.3080  0.2310  0.1500  0.0680  1
  30:   0.2990  0.0750  0.1360  0.2030  0.2870  1
  31:   0.1489  0.1518  0.3077  0.2448  0.1469  1
  32:   0.2960  0.1240  0.2290  0.1540  0.1970  1
  33:   0.1510  0.1710  0.0870  0.2690  0.3220  1
  34:   0.1872  0.1702  0.1832  0.2392  0.2202  1
  35:   0.2543  0.1311  0.1672  0.1812  0.2663  1
  36:   0.3740  0.1240  0.1650  0.1050  0.2320  1
  37:   0.1430  0.1930  0.4180  0.1230  0.1230  1
  38:   0.2020  0.3680  0.2380  0.1030  0.0890  1
  39:   0.3323  0.1301  0.0861  0.1902  0.2613  1
  40:   0.1902  0.1712  0.1391  0.3233  0.1762  1
  41:   0.2900  0.1450  0.2940  0.0720  0.1990  1
  42:   0.1491  0.1962  0.1962  0.3193  0.1391  1
  43:   0.1722  0.4835  0.0871  0.1181  0.1391  1
  44:   0.1950  0.2060  0.1550  0.2370  0.2070  1
  45:   0.1580  0.1180  0.1220  0.4140  0.1880  1
  46:   0.0720  0.3910  0.1330  0.2550  0.1490  1
  47:   0.3954  0.0971  0.1662  0.1822  0.1592  1
  48:   0.1740  0.1770  0.4260  0.1200  0.1030  1
  49:   0.2078  0.1399  0.1768  0.2478  0.2278  1
  50:   0.1660  0.2280  0.1650  0.1080  0.3330  1
  51:   0.1350  0.0740  0.1310  0.5770  0.0830  1
  52:   0.1101  0.1131  0.1802  0.3804  0.2162  1
  53:   0.2072  0.1131  0.1572  0.2182  0.3043  1
  54:   0.1450  0.1130  0.3470  0.3090  0.0860  1
  55:   0.0740  0.2000  0.3310  0.2700  0.1250  1
  56:   0.1728  0.3467  0.1389  0.2567  0.0849  1
  57:   0.0520  0.1530  0.1120  0.6090  0.0740  1
  58:   0.1210  0.2150  0.2490  0.1760  0.2390  1
  59:   0.0981  0.0821  0.1081  0.3564  0.3554  1
  60:   0.2310  0.2060  0.1740  0.1410  0.2480  1
  61:   0.2202  0.2232  0.2132  0.1311  0.2122  1
  62:   0.4280  0.1390  0.1140  0.1510  0.1680  1
  63:   0.2420  0.1350  0.3170  0.1580  0.1480  1
  64:   0.2350  0.1440  0.1930  0.2510  0.1770  1
  65:   0.0950  0.2410  0.2570  0.2120  0.1950  1
  66:   0.1041  0.4885  0.1792  0.0901  0.1381  1
  67:   0.2920  0.1380  0.1440  0.0950  0.3310  1
  68:   0.2817  0.1718  0.2448  0.1099  0.1918  1
  69:   0.1842  0.3564  0.2392  0.0841  0.1361  1
  70:   0.2388  0.2028  0.2218  0.1489  0.1878  1
  71:   0.0639  0.3357  0.1638  0.2737  0.1628  1
  72:   0.0690  0.1320  0.1650  0.4720  0.1620  1
  73:   0.2100  0.3820  0.1880  0.1020  0.1180  1
  74:   0.2058  0.1998  0.1518  0.2498  0.1928  1
  75:   0.0830  0.2530  0.1480  0.0640  0.4520  1
  76:   0.3347  0.1768  0.1788  0.1169  0.1928  1
  77:   0.1140  0.4670  0.0840  0.0620  0.2730  1
  78:   0.3650  0.1160  0.1910  0.2210  0.1070  1
  79:   0.2727  0.1778  0.3137  0.0979  0.1379  1
  80:   0.3080  0.0680  0.1680  0.1160  0.3400  1
  81:   0.1449  0.1289  0.1628  0.1039  0.4595  1
  82:   0.1680  0.1240  0.1120  0.3780  0.2180  1
  83:   0.2813  0.1131  0.1431  0.0851  0.3774  1
  84:   0.3766  0.0929  0.1758  0.1279  0.2268  1
  85:   0.1140  0.3170  0.2480  0.1960  0.1250  1
  86:   0.1670  0.2360  0.1170  0.1970  0.2830  1
  87:   0.1798  0.2168  0.1888  0.2577  0.1568  1
  88:   0.1260  0.5330  0.1180  0.1040  0.1190  1
  89:   0.0830  0.1630  0.2090  0.2020  0.3430  1
  90:   0.1051  0.1892  0.3263  0.2332  0.1461  1
  91:   0.2110  0.1710  0.2420  0.1670  0.2090  1
  92:   0.1400  0.2540  0.3210  0.0700  0.2150  1
  93:   0.1170  0.1700  0.1350  0.4080  0.1700  1
  94:   0.1170  0.1950  0.1820  0.1570  0.3490  1
  95:   0.5370  0.1010  0.1270  0.1110  0.1240  1
  96:   0.2920  0.3470  0.1710  0.0690  0.1210  1
  97:   0.2190  0.2180  0.1590  0.1390  0.2650  1
  98:   0.4136  0.0779  0.1618  0.2478  0.0989  1
  99:   0.1830  0.1810  0.1070  0.2950  0.2340  1
 100:   0.2098  0.2168  0.2368  0.1259  0.2108  1
 101:   0.1191  0.2382  0.1932  0.2132  0.2362  1
 102:   0.1958  0.1129  0.1568  0.1389  0.3956  1
 103:   0.1139  0.3037  0.1249  0.0919  0.3656  1
 104:   0.1858  0.1289  0.4066  0.1259  0.1528  1
 105:   0.2040  0.1470  0.2000  0.2290  0.2200  1
 106:   0.0711  0.3013  0.2042  0.0961  0.3273  1
 107:   0.1990  0.2510  0.2780  0.1310  0.1410  1
 108:   0.1802  0.1251  0.1952  0.3153  0.1842  1
 109:   0.1950  0.1250  0.1600  0.1320  0.3880  1
 110:   0.2260  0.3110  0.2150  0.1020  0.1460  1
 111:   0.4024  0.0821  0.1682  0.0981  0.2492  1
 112:   0.1532  0.1411  0.1672  0.3333  0.2052  1
 113:   0.1251  0.1091  0.1862  0.3854  0.1942  1
 114:   0.1690  0.2810  0.1670  0.1640  0.2190  1
 115:   0.0830  0.3310  0.1780  0.2580  0.1500  1
 116:   0.1069  0.3267  0.1389  0.2418  0.1858  1
 117:   0.1340  0.4430  0.1670  0.1510  0.1050  1
 118:   0.1250  0.1990  0.1550  0.4020  0.1190  1
 119:   0.0910  0.3190  0.1620  0.1480  0.2800  1
 120:   0.1319  0.1489  0.1369  0.2038  0.3786  1
 121:   0.1340  0.1490  0.2290  0.3470  0.1410  1
 122:   0.2350  0.1430  0.4460  0.0580  0.1180  1
 123:   0.2610  0.1950  0.2570  0.1570  0.1300  1
 124:   0.0901  0.4264  0.2122  0.1872  0.0841  1
 125:   0.0910  0.3230  0.1880  0.2820  0.1160  1
 126:   0.0590  0.6650  0.1020  0.1080  0.0660  1
 127:   0.0940  0.5480  0.1350  0.1040  0.1190  1
 128:   0.1860  0.2890  0.2030  0.1590  0.1630  1
 129:   0.1698  0.1798  0.3546  0.1648  0.1309  1
 130:   0.2290  0.0930  0.1650  0.0640  0.4490  1
 131:   0.2630  0.1560  0.1640  0.1130  0.3040  1
 132:   0.1670  0.1370  0.2410  0.2210  0.2340  1
 133:   0.2218  0.1558  0.2308  0.2428  0.1489  1
 134:   0.3440  0.1370  0.1380  0.0790  0.3020  1
 135:   0.0821  0.1171  0.1421  0.2813  0.3774  1
 136:   0.5065  0.1231  0.1071  0.1291  0.1341  1
 137:   0.4710  0.0780  0.1000  0.0840  0.2670  1
 138:   0.3850  0.1000  0.2380  0.0890  0.1880  1
 139:   0.1730  0.1010  0.1670  0.4290  0.1300  1
 140:   0.1780  0.1440  0.1630  0.1780  0.3370  1
 141:   0.1640  0.1200  0.0850  0.2580  0.3730  1
 142:   0.2627  0.1528  0.1299  0.2687  0.1858  1
 143:   0.1370  0.1280  0.1600  0.3130  0.2620  1
 144:   0.1301  0.3073  0.1792  0.2743  0.1091  1
 145:   0.2122  0.1351  0.3103  0.2292  0.1131  1
 146:   0.0740  0.0790  0.0530  0.6890  0.1050  1
 147:   0.5190  0.1140  0.1670  0.0930  0.1070  1
 148:   0.1592  0.1652  0.2032  0.2853  0.1872  1
 149:   0.2927  0.3097  0.1309  0.1259  0.1409  1
 150:   0.5964  0.0939  0.1089  0.1019  0.0989  1
 151:   0.1800  0.2040  0.1290  0.2630  0.2240  1
 152:   0.1710  0.1740  0.1390  0.2400  0.2760  1
 153:   0.1231  0.2462  0.2583  0.1762  0.1962  1
 154:   0.3600  0.2060  0.1010  0.1450  0.1880  1
 155:   0.3860  0.1550  0.1300  0.2060  0.1230  1
 156:   0.3097  0.2807  0.1628  0.1618  0.0849  1
 157:   0.2730  0.1760  0.1710  0.1400  0.2400  1
 158:   0.3107  0.0879  0.1618  0.2627  0.1768  1
 159:   0.2873  0.2472  0.0881  0.1411  0.2362  1
 160:   0.5175  0.0821  0.1241  0.1031  0.1732  1
 161:   0.1900  0.1340  0.1410  0.2640  0.2710  1
 162:   0.1320  0.2890  0.2220  0.0790  0.2780  1
 163:   0.1832  0.3053  0.2142  0.1281  0.1692  1
 164:   0.2350  0.1250  0.1730  0.1240  0.3430  1
 165:   0.1311  0.2012  0.3313  0.1321  0.2042  1
 166:   0.3626  0.0719  0.1658  0.2797  0.1199  1
 167:   0.1470  0.1390  0.4940  0.1130  0.1070  1
 168:   0.4825  0.0829  0.1319  0.1129  0.1898  1
 169:   0.1360  0.3150  0.1240  0.1900  0.2350  1
 170:   0.0741  0.1121  0.0991  0.1662  0.5485  1
 171:   0.4840  0.1090  0.1070  0.1650  0.1350  1
 172:   0.1319  0.1508  0.2288  0.3467  0.1419  1
 173:   0.1130  0.1600  0.1330  0.2270  0.3670  1
 174:   0.1179  0.2158  0.1868  0.3057  0.1738  1
 175:   0.1451  0.1862  0.1431  0.3043  0.2212  1
 176:   0.2108  0.0989  0.1688  0.1898  0.3317  1
 177:   0.1139  0.2787  0.1698  0.2717  0.1658  1
 178:   0.1580  0.0950  0.2350  0.3590  0.1530  1
 179:   0.2150  0.2820  0.1400  0.2730  0.0900  1
 180:   0.4346  0.1668  0.1089  0.0929  0.1968  1
 181:   0.1670  0.1470  0.1500  0.0880  0.4480  1
 182:   0.5554  0.0929  0.1678  0.0889  0.0949  1
 183:   0.3370  0.1550  0.1230  0.2500  0.1350  1
 184:   0.1608  0.1668  0.1798  0.1199  0.3726  1
 185:   0.0729  0.2028  0.4236  0.1479  0.1528  1
 186:   0.1000  0.3680  0.2360  0.1570  0.1390  1
 187:   0.3190  0.1320  0.3030  0.0760  0.1700  1
 188:   0.1220  0.2690  0.1910  0.3030  0.1150  1
 189:   0.1290  0.3150  0.1740  0.2090  0.1730  1
 190:   0.0700  0.1280  0.1350  0.5840  0.0830  1
 191:   0.0861  0.2613  0.1592  0.2833  0.2102  1
 192:   0.2860  0.1430  0.1690  0.1200  0.2820  1
 193:   0.1239  0.2108  0.1538  0.3027  0.2088  1
 194:   0.5195  0.0749  0.1229  0.0999  0.1828  1
 195:   0.1870  0.0760  0.1280  0.3430  0.2660  1
 196:   0.0940  0.3750  0.1120  0.2360  0.1830  1
 197:   0.1060  0.1480  0.1510  0.4720  0.1230  1
 198:   0.1099  0.2897  0.0819  0.2657  0.2527  1
 199:   0.0720  0.4340  0.3630  0.0540  0.0770  1
 200:   0.1708  0.3237  0.2837  0.1189  0.1029  1
 201:   0.0941  0.2112  0.4404  0.1281  0.1261  1
 202:   0.4900  0.1330  0.1740  0.0810  0.1220  1
 203:   0.1770  0.3460  0.1080  0.2590  0.1100  1
 204:   0.0870  0.5310  0.1000  0.1770  0.1050  1
 205:   0.1692  0.3784  0.2382  0.1051  0.1091  1
 206:   0.1270  0.2600  0.4310  0.0920  0.0900  1
 207:   0.1780  0.1690  0.1540  0.1630  0.3360  1
 208:   0.3570  0.1300  0.1110  0.1400  0.2620  1
 209:   0.0829  0.3506  0.2108  0.1678  0.1878  1
 210:   0.1060  0.1400  0.1800  0.4300  0.1440  1
 211:   0.0740  0.2330  0.1300  0.4550  0.1080  1
 212:   0.5075  0.1069  0.2168  0.0799  0.0889  1
 213:   0.1141  0.1311  0.2042  0.3233  0.2272  1
 214:   0.0620  0.2960  0.1880  0.2320  0.2220  1
 215:   0.1261  0.1792  0.1121  0.4334  0.1491  1
 216:   0.1770  0.0760  0.2420  0.3150  0.1900  1
 217:   0.1170  0.2310  0.1270  0.4040  0.1210  1
 218:   0.2008  0.0969  0.1798  0.3427  0.1798  1
 219:   0.0440  0.6950  0.0670  0.1070  0.0870  1
 220:   0.2810  0.1880  0.2790  0.1670  0.0850  1
 221:   0.1020  0.1930  0.4850  0.1220  0.0980  1
 222:   0.1728  0.0809  0.2597  0.3037  0.1828  1
 223:   0.0920  0.2780  0.0710  0.5090  0.0500  1
 224:   0.0910  0.3910  0.2810  0.1380  0.0990  1
 225:   0.0710  0.1340  0.1560  0.5090  0.1300  1
 226:   0.0900  0.1960  0.2680  0.2400  0.2060  1
 227:   0.1730  0.2410  0.1760  0.1630  0.2470  1
 228:   0.5616  0.1131  0.1491  0.0811  0.0951  1
 229:   0.2278  0.2188  0.2278  0.1518  0.1738  1
 230:   0.0679  0.5564  0.1219  0.1439  0.1099  1
 231:   0.0660  0.6040  0.0910  0.1630  0.0760  1
 232:   0.1210  0.2160  0.2090  0.0950  0.3590  1
 233:   0.5030  0.0900  0.1430  0.1220  0.1420  1
 234:   0.1740  0.1360  0.2130  0.3470  0.1300  1
 235:   0.1752  0.3293  0.1812  0.1662  0.1481  1
 236:   0.4046  0.0939  0.1778  0.1429  0.1808  1
 237:   0.1670  0.1890  0.0920  0.4300  0.1220  1
 238:   0.1351  0.2713  0.1341  0.0641  0.3954  1
 239:   0.3520  0.0750  0.1790  0.1070  0.2870  1
 240:   0.0990  0.1330  0.0970  0.3940  0.2770  1
 241:   0.0820  0.2950  0.1440  0.1640  0.3150  1
 242:   0.2142  0.3223  0.1792  0.1041  0.1802  1
 243:   0.1758  0.1988  0.1978  0.2997  0.1279  1
 244:   0.1210  0.0720  0.1530  0.2090  0.4450  1
 245:   0.1209  0.0719  0.1528  0.2128  0.4416  1
 246:   0.2727  0.1848  0.2118  0.2218  0.1089  1
 247:   0.1099  0.2368  0.1489  0.0959  0.4086  1
 248:   0.1051  0.1261  0.1291  0.3413  0.2983  1
 249:   0.1620  0.2710  0.2920  0.1270  0.1480  1
 250:   0.0550  0.1800  0.1300  0.5010  0.1340  1
 251:   0.2488  0.1359  0.1998  0.2168  0.1988  1
 252:   0.3487  0.1429  0.1099  0.1978  0.2008  1
 253:   0.3450  0.1210  0.0870  0.2710  0.1760  1
 254:   0.2208  0.1239  0.2917  0.1788  0.1848  1
 255:   0.1259  0.1768  0.2308  0.1828  0.2837  1
 256:   0.1421  0.2903  0.1061  0.1151  0.3463  1
 257:   0.1140  0.4070  0.2020  0.1770  0.1000  1
 258:   0.4515  0.1249  0.1668  0.1159  0.1409  1
 259:   0.0699  0.0899  0.0779  0.7093  0.0529  1
 260:   0.1618  0.1099  0.2168  0.2987  0.2128  1
 261:   0.2607  0.1608  0.1758  0.1768  0.2258  1
 262:   0.3360  0.1990  0.1570  0.1160  0.1920  1
 263:   0.4790  0.1190  0.0970  0.1200  0.1850  1
 264:   0.3536  0.1129  0.1389  0.2048  0.1898  1
 265:   0.1540  0.3920  0.0990  0.1090  0.2460  1
 266:   0.0710  0.1000  0.3570  0.3390  0.1330  1
 267:   0.1872  0.2152  0.3013  0.1261  0.1702  1
 268:   0.2470  0.1040  0.1070  0.3110  0.2310  1
 269:   0.1550  0.2770  0.3020  0.1040  0.1620  1
 270:   0.0689  0.4336  0.1489  0.2108  0.1379  1
 271:   0.1892  0.2873  0.2342  0.1652  0.1241  1
 272:   0.2010  0.1770  0.1110  0.2780  0.2330  1
 273:   0.1320  0.1710  0.3800  0.1860  0.1310  1
 274:   0.3870  0.2300  0.2210  0.0830  0.0790  1
 275:   0.1410  0.1650  0.1340  0.4070  0.1530  1
 276:   0.1600  0.0800  0.1210  0.1370  0.5020  1
 277:   0.0741  0.3193  0.2072  0.2442  0.1552  1
 278:   0.1370  0.1750  0.1250  0.2120  0.3510  1
 279:   0.1150  0.2870  0.1650  0.0720  0.3610  1
 280:   0.0759  0.5205  0.0869  0.1009  0.2158  1
 281:   0.1257  0.4401  0.1048  0.1477  0.1816  1
 282:   0.1962  0.1391  0.1421  0.1481  0.3744  1
 283:   0.4855  0.1311  0.1421  0.0861  0.1552  1
 284:   0.1121  0.1522  0.2412  0.1021  0.3924  1
 285:   0.2690  0.1100  0.3950  0.1480  0.0780  1
 286:   0.2610  0.1000  0.1700  0.1550  0.3140  1
 287:   0.3500  0.1190  0.0630  0.1800  0.2880  1
 288:   0.1281  0.3954  0.2162  0.1411  0.1191  1
 289:   0.3000  0.0820  0.3760  0.0880  0.1540  1
 290:   0.1970  0.2470  0.1200  0.1640  0.2720  1
 291:   0.3007  0.2008  0.1489  0.1898  0.1598  1
 292:   0.1962  0.1882  0.2162  0.1932  0.2062  1
 293:   0.3463  0.1702  0.2202  0.1381  0.1251  1
 294:   0.0990  0.1940  0.2890  0.1140  0.3040  1
 295:   0.1730  0.1350  0.3810  0.0740  0.2370  1
 296:   0.1430  0.3430  0.1850  0.1120  0.2170  1
 297:   0.3200  0.0820  0.3170  0.1700  0.1110  1
 298:   0.1499  0.0909  0.2078  0.2378  0.3137  1
 299:   0.3956  0.1538  0.2168  0.1548  0.0789  1
 300:   0.1350  0.1900  0.1470  0.3950  0.1330  1
 301:   0.1010  0.1420  0.1710  0.1610  0.4250  1
 302:   0.0860  0.0720  0.1120  0.6320  0.0980  1
 303:   0.2580  0.1500  0.2890  0.1310  0.1720  1
 304:   0.0980  0.1900  0.1550  0.3150  0.2420  1
 305:   0.0960  0.2210  0.2340  0.2180  0.2310  1
 306:   0.0800  0.2270  0.1130  0.2000  0.3800  1
 307:   0.2002  0.1632  0.1872  0.2212  0.2282  1
 308:   0.4510  0.1240  0.1270  0.1440  0.1540  1
 309:   0.3243  0.1942  0.2713  0.1021  0.1081  1
 310:   0.4420  0.0970  0.1560  0.1040  0.2010  1
 311:   0.3600  0.1250  0.1700  0.1400  0.2050  1
 312:   0.0759  0.1888  0.1818  0.1119  0.4416  1
 313:   0.3830  0.2000  0.2350  0.0770  0.1050  1
 314:   0.0879  0.1778  0.5175  0.0979  0.1189  1
 315:   0.2923  0.1431  0.1672  0.1301  0.2673  1
 316:   0.2690  0.0670  0.1090  0.2460  0.3090  1
 317:   0.2258  0.1339  0.1728  0.2268  0.2408  1
 318:   0.2498  0.1019  0.2877  0.1239  0.2368  1
 319:   0.0839  0.1818  0.1618  0.1399  0.4326  1
 320:   0.2290  0.1650  0.1610  0.2420  0.2030  1
 321:   0.2270  0.1870  0.2100  0.2850  0.0910  1
 322:   0.0980  0.1390  0.3540  0.1980  0.2110  1
 323:   0.0680  0.1700  0.4020  0.2350  0.1250  1
 324:   0.1130  0.1270  0.2260  0.4300  0.1040  1
 325:   0.3343  0.1301  0.1241  0.1281  0.2833  1
 326:   0.1109  0.1818  0.2927  0.2647  0.1499  1
 327:   0.1662  0.2953  0.1552  0.2092  0.1742  1
 328:   0.1930  0.3280  0.1910  0.1030  0.1850  1
 329:   0.2723  0.2162  0.1802  0.1101  0.2212  1
 330:   0.3700  0.0940  0.1640  0.0930  0.2790  1
 331:   0.1540  0.1190  0.1040  0.2250  0.3980  1
 332:   0.2520  0.1220  0.1720  0.2150  0.2390  1
 333:   0.2280  0.1760  0.1270  0.3550  0.1140  1
 334:   0.1828  0.1868  0.3147  0.1219  0.1938  1
 335:   0.2072  0.1652  0.3514  0.1081  0.1682  1
 336:   0.1970  0.1590  0.2710  0.1370  0.2360  1
 337:   0.1159  0.1439  0.1968  0.2038  0.3397  1
 338:   0.0881  0.2713  0.1522  0.0881  0.4004  1
 339:   0.1410  0.3090  0.1570  0.2120  0.1810  1
 340:   0.1349  0.2098  0.2567  0.1978  0.2008  1
 341:   0.1540  0.1000  0.4340  0.1750  0.1370  1
 342:   0.2490  0.1210  0.2060  0.1850  0.2390  1
 343:   0.3600  0.1460  0.2100  0.1960  0.0880  1
 344:   0.5310  0.0800  0.1080  0.0980  0.1830  1
 345:   0.1321  0.2022  0.3263  0.1041  0.2352  1
 346:   0.1618  0.1508  0.3676  0.1508  0.1688  1
 347:   0.3013  0.2022  0.2242  0.1041  0.1682  1
 348:   0.2472  0.1081  0.1602  0.1822  0.3023  1
 349:   0.2627  0.1858  0.2258  0.1878  0.1379  1
 350:   0.1319  0.1289  0.2937  0.1299  0.3157  1
 351:   0.1470  0.2060  0.2680  0.2140  0.1650  1
 352:   0.2322  0.1181  0.2332  0.2012  0.2152  1
 353:   0.2168  0.3986  0.1019  0.1219  0.1608  1
 354:   0.1100  0.2750  0.1190  0.3690  0.1270  1
 355:   0.2533  0.1181  0.1702  0.1071  0.3514  1
 356:   0.1061  0.3363  0.2673  0.1381  0.1522  1
 357:   0.1130  0.1600  0.3220  0.2710  0.1340  1
 358:   0.3163  0.1391  0.3403  0.0821  0.1221  1
 359:   0.0840  0.1150  0.4850  0.2300  0.0860  1
 360:   0.2190  0.1810  0.1530  0.2510  0.1960  1
 361:   0.3590  0.0730  0.1200  0.2420  0.2060  1
 362:   0.0999  0.2028  0.2398  0.3047  0.1528  1
 363:   0.1000  0.2820  0.1110  0.3800  0.1270  1
 364:   0.1610  0.3030  0.2270  0.1550  0.1540  1
 365:   0.2550  0.2300  0.2740  0.1810  0.0600  1
 366:   0.2092  0.1401  0.3704  0.1471  0.1331  1
 367:   0.1528  0.2048  0.2677  0.1928  0.1818  1
 368:   0.2078  0.2128  0.2118  0.1998  0.1678  1
 369:   0.0860  0.5300  0.1700  0.1080  0.1060  1
 370:   0.1862  0.0951  0.1772  0.4104  0.1311  1
 371:   0.2260  0.1860  0.1910  0.2590  0.1380  1
 372:   0.1280  0.1110  0.1900  0.1380  0.4330  1
 373:   0.3167  0.1688  0.2178  0.1618  0.1349  1
 374:   0.3310  0.1880  0.2130  0.1210  0.1470  1
 375:   0.1990  0.3390  0.2960  0.0880  0.0780  1
 376:   0.3110  0.1780  0.2080  0.0880  0.2150  1
 377:   0.1888  0.2747  0.2967  0.1399  0.0999  1
 378:   0.1650  0.2140  0.2540  0.1300  0.2370  1
 379:   0.1630  0.3890  0.1360  0.1690  0.1430  1
 380:   0.5830  0.1040  0.1100  0.0710  0.1320  1
 381:   0.1389  0.1738  0.2428  0.2188  0.2258  1
 382:   0.2480  0.1320  0.1640  0.2810  0.1750  1
 383:   0.1309  0.1179  0.1648  0.0889  0.4975  1
 384:   0.2340  0.1950  0.2050  0.1050  0.2610  1
 385:   0.0970  0.1870  0.2390  0.2640  0.2130  1
 386:   0.1440  0.0970  0.1210  0.5330  0.1050  1
 387:   0.2470  0.1580  0.1190  0.1510  0.3250  1
 388:   0.1970  0.1640  0.2050  0.3150  0.1190  1
 389:   0.2200  0.1120  0.1860  0.3230  0.1590  1
 390:   0.2048  0.1698  0.1618  0.1948  0.2687  1
 391:   0.0990  0.2910  0.2250  0.2520  0.1330  1
 392:   0.2208  0.1459  0.2038  0.1588  0.2707  1
 393:   0.4196  0.1469  0.1978  0.1099  0.1259  1
 394:   0.2280  0.2540  0.1440  0.2040  0.1700  1
 395:   0.1400  0.1580  0.1360  0.3890  0.1770  1
 396:   0.1910  0.1520  0.2240  0.2550  0.1780  1
 397:   0.1508  0.2448  0.2907  0.1129  0.2008  1
 398:   0.1980  0.2630  0.1430  0.1740  0.2220  1
 399:   0.2368  0.1399  0.1858  0.1499  0.2877  1
 400:   0.2970  0.1870  0.2540  0.0560  0.2060  1
 401:   0.1810  0.1090  0.1380  0.3430  0.2290  1
 402:   0.2158  0.1499  0.2507  0.1838  0.1998  1
 403:   0.1161  0.2072  0.1782  0.3524  0.1461  1
 404:   0.2010  0.2920  0.2470  0.1100  0.1500  1
 405:   0.1440  0.2320  0.0960  0.4080  0.1200  1
 406:   0.3886  0.1149  0.1948  0.1429  0.1588  1
 407:   0.2014  0.2214  0.1924  0.1824  0.2024  1
 408:   0.1680  0.0930  0.1300  0.1890  0.4200  1
 409:   0.2743  0.0731  0.1031  0.1031  0.4464  1
 410:   0.1291  0.2352  0.1762  0.0881  0.3714  1
 411:   0.3313  0.1371  0.2472  0.1061  0.1782  1
 412:   0.1069  0.1439  0.1439  0.5015  0.1039  1
 413:   0.3050  0.0980  0.1500  0.1380  0.3090  1
 414:   0.1740  0.3660  0.1980  0.1630  0.0990  1
 415:   0.1642  0.1932  0.1151  0.3624  0.1652  1
 416:   0.1181  0.3233  0.1411  0.2983  0.1191  1
 417:   0.2008  0.1179  0.2328  0.1888  0.2597  1
 418:   0.4000  0.1070  0.1490  0.1930  0.1510  1
 419:   0.1808  0.2408  0.1648  0.2148  0.1988  1
 420:   0.2080  0.2400  0.1890  0.1750  0.1880  1
 421:   0.0590  0.1840  0.2230  0.1620  0.3720  1
 422:   0.2032  0.3984  0.1562  0.0811  0.1612  1
 423:   0.1660  0.2760  0.1750  0.1420  0.2410  1
 424:   0.1150  0.1160  0.2620  0.0960  0.4110  1
 425:   0.3340  0.1290  0.2990  0.1480  0.0900  1
 426:   0.0870  0.2090  0.0910  0.5030  0.1100  1
 427:   0.2670  0.2520  0.1630  0.1170  0.2010  1
 428:   0.1718  0.2098  0.2877  0.1898  0.1409  1
 429:   0.2000  0.1310  0.2000  0.2480  0.2210  1
 430:   0.1280  0.3420  0.2160  0.1700  0.1440  1
 431:   0.3350  0.1100  0.1510  0.1290  0.2750  1
 432:   0.0780  0.5100  0.1910  0.1160  0.1050  1
 433:   0.1678  0.2038  0.2248  0.2498  0.1538  1
 434:   0.1550  0.1790  0.2730  0.2620  0.1310  1
 435:   0.3894  0.1371  0.1672  0.1642  0.1421  1
 436:   0.1220  0.3250  0.1190  0.1520  0.2820  1
 437:   0.2733  0.2072  0.2422  0.2022  0.0751  1
 438:   0.3213  0.1111  0.1602  0.2082  0.1992  1
 439:   0.1528  0.0939  0.2577  0.2408  0.2547  1
 440:   0.2780  0.1760  0.0850  0.2660  0.1950  1
 441:   0.2250  0.1300  0.1190  0.1880  0.3380  1
 442:   0.3263  0.1061  0.1271  0.0881  0.3524  1
 443:   0.1740  0.3920  0.1640  0.1120  0.1580  1
 444:   0.1160  0.3110  0.2360  0.1740  0.1630  1
 445:   0.2753  0.2042  0.1712  0.1552  0.1942  1
 446:   0.1890  0.2140  0.2630  0.1360  0.1980  1
 447:   0.3097  0.2118  0.0979  0.2687  0.1119  1
 448:   0.2358  0.1818  0.1618  0.1459  0.2747  1
 449:   0.4320  0.1010  0.0910  0.2100  0.1660  1
 450:   0.1161  0.1572  0.2573  0.2422  0.2272  1
 451:   0.1708  0.0949  0.2248  0.1578  0.3516  1
 452:   0.1100  0.3910  0.2300  0.1240  0.1450  1
 453:   0.1280  0.1990  0.2100  0.2610  0.2020  1
 454:   0.1260  0.2260  0.1520  0.2990  0.1970  1
 455:   0.1491  0.1361  0.3163  0.2813  0.1171  1
 456:   0.1029  0.3367  0.2468  0.1479  0.1658  1
 457:   0.0539  0.1698  0.0789  0.5794  0.1179  1
 458:   0.3666  0.1668  0.1968  0.1748  0.0949  1
 459:   0.1900  0.1020  0.1110  0.4980  0.0990  1
 460:   0.1660  0.2290  0.1690  0.1970  0.2390  1
 461:   0.2460  0.0880  0.3260  0.2170  0.1230  1
 462:   0.2603  0.0851  0.0981  0.4434  0.1131  1
 463:   0.1818  0.3497  0.1868  0.0969  0.1848  1
 464:   0.2218  0.1439  0.1528  0.3197  0.1618  1
 465:   0.1890  0.1170  0.2900  0.1160  0.2880  1
 466:   0.1270  0.2210  0.2080  0.2660  0.1780  1
 467:   0.0960  0.2340  0.1640  0.4050  0.1010  1
 468:   0.3850  0.1450  0.1430  0.1980  0.1290  1
 469:   0.1040  0.4080  0.2180  0.1580  0.1120  1
 470:   0.1170  0.2800  0.1120  0.3380  0.1530  1
 471:   0.2060  0.2370  0.2510  0.1400  0.1660  1
 472:   0.0880  0.1710  0.1110  0.3760  0.2540  1
 473:   0.1568  0.2308  0.2048  0.2288  0.1788  1
 474:   0.1370  0.1150  0.1500  0.4040  0.1940  1
 475:   0.1389  0.2498  0.1998  0.0979  0.3137  1
 476:   0.1340  0.1630  0.3950  0.1310  0.1770  1
 477:   0.2088  0.2068  0.2827  0.1429  0.1588  1
 478:   0.2987  0.1798  0.2038  0.1329  0.1848  1
 479:   0.3493  0.2382  0.1381  0.1241  0.1502  1
 480:   0.1269  0.1229  0.1838  0.2927  0.2737  1
 481:   0.2720  0.1210  0.3040  0.1100  0.1930  1
 482:   0.4150  0.1340  0.1630  0.0800  0.2080  1
 483:   0.1250  0.2250  0.2190  0.2470  0.1840  1
 484:   0.1059  0.1578  0.3996  0.0949  0.2418  1
 485:   0.2830  0.1080  0.1960  0.1250  0.2880  1
 486:   0.2897  0.1079  0.0899  0.1329  0.3796  1
 487:   0.2108  0.0979  0.1279  0.2398  0.3237  1
 488:   0.1868  0.1239  0.1678  0.3516  0.1698  1
 489:   0.1990  0.1530  0.1130  0.2620  0.2730  1
 490:   0.3367  0.1259  0.1818  0.1558  0.1998  1
 491:   0.1230  0.0870  0.1390  0.1600  0.4910  1
 492:   0.2820  0.1860  0.1500  0.1660  0.2160  1
 493:   0.4910  0.1330  0.1160  0.0870  0.1730  1
 494:   0.1658  0.1079  0.2667  0.2398  0.2198  1
 495:   0.2210  0.1150  0.1790  0.1920  0.2930  1
 496:   0.2408  0.1339  0.2537  0.0799  0.2917  1
 497:   0.2773  0.1131  0.1782  0.1411  0.2903  1
 498:   0.2780  0.1750  0.1580  0.2330  0.1560  1
 499:   0.1341  0.2062  0.1642  0.3353  0.1602  1
 500:   0.1470  0.4490  0.1650  0.1410  0.0980  1
 501:   0.1828  0.2567  0.3467  0.0839  0.1299  1
 502:   0.2553  0.2312  0.2382  0.1201  0.1552  1
 503:   0.4370  0.1560  0.2180  0.0690  0.1200  1
 504:   0.3610  0.1290  0.2350  0.0600  0.2150  1
 505:   0.3240  0.1540  0.3300  0.1130  0.0790  1
 506:   0.1060  0.3640  0.2190  0.1950  0.1160  1
 507:   0.3906  0.1568  0.1928  0.1039  0.1558  1
 508:   0.3010  0.2310  0.1740  0.1220  0.1720  1
 509:   0.1361  0.3283  0.1932  0.1922  0.1502  1
 510:   0.2480  0.1970  0.2600  0.1080  0.1870  1
 511:   0.1340  0.1240  0.1830  0.3040  0.2550  1
 512:   0.0819  0.2368  0.1998  0.3936  0.0879  1
 513:   0.1199  0.1309  0.2478  0.1958  0.3057  1
 514:   0.5040  0.0870  0.1060  0.1530  0.1500  1
 515:   0.2018  0.1558  0.2008  0.2667  0.1748  1
 516:   0.0770  0.2090  0.1240  0.4200  0.1700  1
 517:   0.1748  0.2887  0.1379  0.2088  0.1898  1
 518:   0.5320  0.1090  0.1320  0.1040  0.1230  1
 519:   0.0819  0.2597  0.1968  0.2517  0.2098  1
 520:   0.0741  0.3033  0.3694  0.1391  0.1141  1
 521:   0.0810  0.4670  0.1480  0.1940  0.1100  1
 522:   0.1750  0.2090  0.1660  0.2370  0.2130  1
 523:   0.3460  0.1800  0.2560  0.0910  0.1270  1
 524:   0.1930  0.2950  0.1050  0.0820  0.3250  1
 525:   0.3170  0.0980  0.1360  0.2460  0.2030  1
 526:   0.1230  0.2360  0.1100  0.1210  0.4100  1
 527:   0.3420  0.0840  0.1420  0.2650  0.1670  1
 528:   0.3726  0.1069  0.1229  0.2468  0.1508  1
 529:   0.1640  0.1030  0.2370  0.3330  0.1630  1
 530:   0.1790  0.2900  0.2200  0.1430  0.1680  1
 531:   0.4950  0.0850  0.1770  0.1290  0.1140  1
 532:   0.3716  0.1738  0.1618  0.0679  0.2248  1
 533:   0.1842  0.1782  0.3233  0.1481  0.1662  1
 534:   0.1470  0.1370  0.2040  0.2440  0.2680  1
 535:   0.4855  0.0941  0.1822  0.0971  0.1411  1
 536:   0.2338  0.1019  0.1299  0.3037  0.2308  1
 537:   0.1211  0.0891  0.1582  0.1732  0.4585  1
 538:   0.0920  0.3110  0.1310  0.1370  0.3290  1
 539:   0.1320  0.2220  0.2890  0.1580  0.1990  1
 540:   0.2923  0.0741  0.1161  0.1271  0.3904  1
 541:   0.1770  0.1410  0.1500  0.2110  0.3210  1
 542:   0.3133  0.1582  0.1261  0.2282  0.1742  1
 543:   0.2663  0.1391  0.3393  0.0891  0.1662  1
 544:   0.0869  0.3856  0.2298  0.1409  0.1568  1
 545:   0.0710  0.1610  0.1320  0.3970  0.2390  1
 546:   0.1680  0.1000  0.5000  0.1220  0.1100  1
 547:   0.1120  0.2170  0.2380  0.2300  0.2030  1
 548:   0.2640  0.1520  0.2560  0.2290  0.0990  1
 549:   0.1230  0.2040  0.1860  0.3360  0.1510  1
 550:   0.1190  0.1470  0.1610  0.2030  0.3700  1
 551:   0.2000  0.1280  0.1260  0.1160  0.4300  1
 552:   0.2260  0.1020  0.2340  0.1890  0.2490  1
 553:   0.0690  0.1540  0.4160  0.1300  0.2310  1
 554:   0.1110  0.2470  0.1050  0.3630  0.1740  1
 555:   0.2813  0.1111  0.1261  0.2082  0.2733  1
 556:   0.1139  0.1878  0.1688  0.1858  0.3437  1
 557:   0.1470  0.1620  0.2090  0.2300  0.2520  1
 558:   0.1480  0.1540  0.4680  0.1250  0.1050  1
 559:   0.0840  0.3150  0.1690  0.1510  0.2810  1
 560:   0.2430  0.2310  0.1720  0.2140  0.1400  1
 561:   0.0750  0.3920  0.1400  0.1830  0.2100  1
 562:   0.3457  0.1778  0.1888  0.0789  0.2088  1
 563:   0.0810  0.1350  0.2490  0.1630  0.3720  1
 564:   0.1610  0.1830  0.2720  0.1700  0.2140  1
 565:   0.4545  0.2322  0.0841  0.0811  0.1481  1
 566:   0.1410  0.4050  0.1200  0.1510  0.1830  1
 567:   0.1770  0.0940  0.1130  0.2000  0.4160  1
 568:   0.5275  0.0699  0.0809  0.0839  0.2378  1
 569:   0.2170  0.1320  0.0740  0.1550  0.4220  1
 570:   0.4750  0.1330  0.1560  0.1150  0.1210  1
 571:   0.0690  0.4010  0.0910  0.2050  0.2340  1
 572:   0.1400  0.1800  0.1270  0.4030  0.1500  1
 573:   0.2593  0.2593  0.1532  0.1321  0.1962  1
 574:   0.3110  0.1220  0.2150  0.1310  0.2210  1
 575:   0.1009  0.2398  0.1019  0.1568  0.4006  1
 576:   0.1842  0.1111  0.2563  0.2743  0.1742  1
 577:   0.4430  0.0960  0.1750  0.1410  0.1450  1
 578:   0.1139  0.5574  0.1089  0.0929  0.1269  1
 579:   0.1682  0.1682  0.1792  0.1021  0.3824  1
 580:   0.1690  0.1400  0.1500  0.1570  0.3840  1
 581:   0.0961  0.2132  0.1922  0.2813  0.2172  1
 582:   0.0881  0.1892  0.2663  0.3453  0.1111  1
 583:   0.2380  0.3540  0.2700  0.0680  0.0700  1
 584:   0.0710  0.1910  0.2050  0.1710  0.3620  1
 585:   0.2482  0.0751  0.1742  0.0761  0.4264  1
 586:   0.0950  0.2600  0.2450  0.1700  0.2300  1
 587:   0.3030  0.1110  0.1940  0.1100  0.2820  1
 588:   0.3776  0.0959  0.1538  0.1009  0.2717  1
 589:   0.1902  0.1461  0.2563  0.2643  0.1431  1
 590:   0.5050  0.1300  0.0610  0.0850  0.2190  1
 591:   0.0740  0.1910  0.2150  0.2180  0.3020  1
 592:   0.5990  0.1090  0.0730  0.0700  0.1490  1
 593:   0.1269  0.3477  0.1269  0.1199  0.2787  1
 594:   0.2170  0.2410  0.2180  0.0860  0.2380  1
 595:   0.2610  0.1330  0.2900  0.2110  0.1050  1
 596:   0.0501  0.3193  0.2713  0.1922  0.1672  1
 597:   0.4675  0.0659  0.1888  0.0889  0.1888  1
 598:   0.2080  0.1390  0.2280  0.1720  0.2530  1
 599:   0.2290  0.1940  0.1300  0.1310  0.3160  1
 600:   0.4390  0.1410  0.0920  0.0910  0.2370  1
 601:   0.3460  0.1490  0.2200  0.1080  0.1770  1
 602:   0.1331  0.0741  0.0931  0.1251  0.5746  1
 603:   0.1692  0.0671  0.2262  0.1481  0.3894  1
 604:   0.1280  0.2390  0.1390  0.3200  0.1740  1
 605:   0.1802  0.1291  0.1552  0.2803  0.2553  1
 606:   0.4180  0.1750  0.1520  0.0890  0.1660  1
 607:   0.2002  0.1441  0.3083  0.1181  0.2292  1
 608:   0.2180  0.1890  0.1980  0.0970  0.2980  1
 609:   0.0691  0.1351  0.1632  0.4685  0.1642  1
 610:   0.2740  0.2580  0.2790  0.0900  0.0990  1
 611:   0.0700  0.3490  0.1510  0.3080  0.1220  1
 612:   0.1380  0.2410  0.2130  0.1390  0.2690  1
 613:   0.4960  0.0950  0.1240  0.1250  0.1600  1
 614:   0.3440  0.1380  0.1370  0.0800  0.3010  1
 615:   0.1802  0.1181  0.1622  0.2112  0.3283  1
 616:   0.1120  0.2580  0.2610  0.1060  0.2630  1
 617:   0.2843  0.1291  0.2032  0.0621  0.3213  1
 618:   0.2230  0.1870  0.1140  0.2100  0.2660  1
 619:   0.2963  0.1491  0.1752  0.1411  0.2382  1
 620:   0.1718  0.1548  0.3167  0.1419  0.2148  1
 621:   0.1660  0.1190  0.2080  0.1580  0.3490  1
 622:   0.0820  0.2320  0.1020  0.4790  0.1050  1
 623:   0.2270  0.1460  0.1490  0.3160  0.1620  1
 624:   0.1380  0.2570  0.1920  0.2440  0.1690  1
 625:   0.1910  0.0870  0.1530  0.1160  0.4530  1
 626:   0.1069  0.2657  0.1988  0.2448  0.1838  1
 627:   0.3490  0.1510  0.1530  0.0990  0.2480  1
 628:   0.2627  0.1169  0.2837  0.1499  0.1868  1
 629:   0.1310  0.1130  0.1630  0.2800  0.3130  1
 630:   0.1180  0.3530  0.1560  0.1080  0.2650  1
 631:   0.3716  0.1778  0.1568  0.1089  0.1848  1
 632:   0.4720  0.0870  0.2720  0.0820  0.0870  1
 633:   0.3080  0.1260  0.1220  0.0640  0.3800  1
 634:   0.1802  0.1572  0.3504  0.0921  0.2202  1
 635:   0.1820  0.1000  0.3500  0.2570  0.1110  1
 636:   0.1940  0.1530  0.2400  0.2290  0.1840  1
 637:   0.0730  0.1370  0.1620  0.4410  0.1870  1
 638:   0.3660  0.1220  0.1570  0.1910  0.1640  1
 639:   0.3330  0.0790  0.1790  0.0660  0.3430  1
 640:   0.4050  0.0860  0.1790  0.1970  0.1330  1
 641:   0.2750  0.0950  0.3150  0.1290  0.1860  1
 642:   0.3644  0.1081  0.0991  0.1982  0.2302  1
 643:   0.0850  0.2910  0.2750  0.0690  0.2800  1
 644:   0.1350  0.2470  0.0840  0.1100  0.4240  1
 645:   0.0829  0.1419  0.1658  0.3986  0.2108  1
 646:   0.1471  0.3463  0.1922  0.1932  0.1211  1
 647:   0.1520  0.2050  0.2790  0.2040  0.1600  1
 648:   0.2827  0.1179  0.2927  0.1608  0.1459  1
 649:   0.4630  0.1180  0.1020  0.1090  0.2080  1
 650:   0.0911  0.2503  0.0981  0.4525  0.1081  1
 651:   0.1772  0.0991  0.4605  0.1211  0.1421  1
 652:   0.1270  0.2000  0.3650  0.1670  0.1410  1
 653:   0.2633  0.2773  0.2062  0.0891  0.1642  1
 654:   0.1720  0.1400  0.2640  0.1700  0.2540  1
 655:   0.1010  0.1890  0.2780  0.2870  0.1450  1
 656:   0.3580  0.1970  0.2510  0.0900  0.1040  1
 657:   0.4490  0.0860  0.2000  0.1810  0.0840  1
 658:   0.3343  0.1291  0.1141  0.0881  0.3343  1
 659:   0.1628  0.2468  0.2208  0.1469  0.2228  1
 660:   0.4565  0.1279  0.1279  0.1069  0.1808  1
 661:   0.1970  0.2860  0.1270  0.2990  0.0910  1
 662:   0.2420  0.2000  0.2240  0.1090  0.2250  1
 663:   0.0919  0.1219  0.3546  0.2947  0.1369  1
 664:   0.1780  0.1820  0.3610  0.1180  0.1610  1
 665:   0.1140  0.3680  0.2320  0.1400  0.1460  1
 666:   0.2242  0.1291  0.1802  0.1091  0.3574  1
 667:   0.1858  0.1548  0.2038  0.2028  0.2527  1
 668:   0.2960  0.1830  0.3070  0.1100  0.1040  1
 669:   0.0740  0.0770  0.0650  0.7260  0.0580  1
 670:   0.0881  0.1251  0.3023  0.3944  0.0901  1
 671:   0.1998  0.1429  0.3077  0.1459  0.2038  1
 672:   0.1560  0.1790  0.2660  0.2250  0.1740  1
 673:   0.1201  0.2152  0.1942  0.3113  0.1592  1
 674:   0.0921  0.5105  0.0661  0.0811  0.2503  1
 675:   0.2272  0.3123  0.0981  0.1061  0.2563  1
 676:   0.3586  0.1778  0.3127  0.0669  0.0839  1
 677:   0.3430  0.2180  0.2130  0.1230  0.1030  1
 678:   0.1558  0.1139  0.1109  0.2817  0.3377  1
 679:   0.3974  0.1001  0.0791  0.0821  0.3413  1
 680:   0.2490  0.0730  0.1990  0.3470  0.1320  1
 681:   0.1552  0.1331  0.4505  0.1702  0.0911  1
 682:   0.1479  0.3536  0.1279  0.1389  0.2318  1
 683:   0.2092  0.2492  0.1912  0.1502  0.2002  1
 684:   0.0789  0.5225  0.1249  0.1339  0.1399  1
 685:   0.2342  0.2683  0.1932  0.2042  0.1001  1
 686:   0.2360  0.1240  0.3010  0.2160  0.1230  1
 687:   0.1420  0.1700  0.1510  0.1400  0.3970  1
 688:   0.2780  0.1610  0.2120  0.1400  0.2090  1
 689:   0.1009  0.2817  0.2897  0.2198  0.1079  1
 690:   0.1470  0.1610  0.1290  0.2470  0.3160  1
 691:   0.2222  0.3043  0.2022  0.2052  0.0661  1
 692:   0.2202  0.3123  0.1111  0.1602  0.1962  1
 693:   0.2170  0.0970  0.2170  0.1260  0.3430  1
 694:   0.1069  0.1888  0.2867  0.0689  0.3487  1
 695:   0.2700  0.0960  0.1010  0.1610  0.3720  1
 696:   0.2030  0.1930  0.0850  0.1450  0.3740  1
 697:   0.3580  0.1480  0.1580  0.0990  0.2370  1
 698:   0.0739  0.4346  0.1508  0.1668  0.1738  1
 699:   0.1421  0.2012  0.1582  0.1782  0.3203  1
 700:   0.0981  0.2142  0.3744  0.1882  0.1251  1
 701:   0.0721  0.1752  0.1411  0.1221  0.4895  1
 702:   0.2110  0.3180  0.2490  0.1420  0.0800  1
 703:   0.1918  0.1858  0.2098  0.2817  0.1309  1
 704:   0.1170  0.2140  0.1970  0.2070  0.2650  1
 705:   0.3250  0.1950  0.1520  0.0840  0.2440  1
 706:   0.0912  0.4709  0.1523  0.1784  0.1072  1
 707:   0.1140  0.2520  0.2630  0.2470  0.1240  1
 708:   0.1780  0.1980  0.2680  0.1110  0.2450  1
 709:   0.2012  0.0981  0.1942  0.1341  0.3724  1
 710:   0.1040  0.2900  0.2390  0.1520  0.2150  1
 711:   0.1380  0.1270  0.2600  0.1360  0.3390  1
 712:   0.0831  0.1491  0.3664  0.1642  0.2372  1
 713:   0.3520  0.0860  0.2070  0.1580  0.1970  1
 714:   0.1010  0.3910  0.1450  0.2190  0.1440  1
 715:   0.1140  0.1860  0.3920  0.1220  0.1860  1
 716:   0.1070  0.1960  0.2320  0.3530  0.1120  1
 717:   0.0691  0.1451  0.3714  0.1762  0.2382  1
 718:   0.1350  0.2920  0.2080  0.1080  0.2570  1
 719:   0.0809  0.2717  0.1479  0.4006  0.0989  1
 720:   0.3427  0.2158  0.1788  0.0839  0.1788  1
 721:   0.1160  0.1590  0.3480  0.1470  0.2300  1
 722:   0.2350  0.1650  0.1670  0.1110  0.3220  1
 723:   0.1702  0.1351  0.1532  0.3233  0.2182  1
 724:   0.1411  0.2072  0.1552  0.1582  0.3383  1
 725:   0.1070  0.1380  0.2620  0.1320  0.3610  1
 726:   0.1600  0.1130  0.5270  0.0840  0.1160  1
 727:   0.5736  0.0731  0.1441  0.0851  0.1241  1
 728:   0.2130  0.1620  0.1350  0.2980  0.1920  1
 729:   0.1850  0.3040  0.1140  0.0840  0.3130  1
 730:   0.2320  0.0930  0.4770  0.1070  0.0910  1
 731:   0.1320  0.2170  0.2750  0.1550  0.2210  1
 732:   0.2170  0.1350  0.1670  0.1210  0.3600  1
 733:   0.1552  0.2262  0.2252  0.2012  0.1922  1
 734:   0.2850  0.2100  0.1730  0.1000  0.2320  1
 735:   0.1860  0.2050  0.1100  0.0980  0.4010  1
 736:   0.2440  0.1110  0.1020  0.1190  0.4240  1
 737:   0.2202  0.1301  0.2132  0.2873  0.1491  1
 738:   0.1191  0.3684  0.2432  0.1471  0.1221  1
 739:   0.1620  0.2740  0.2720  0.1190  0.1730  1
 740:   0.2990  0.0940  0.3830  0.0880  0.1360  1
 741:   0.0899  0.2967  0.1309  0.2098  0.2727  1
 742:   0.1530  0.1960  0.2950  0.1080  0.2480  1
 743:   0.1502  0.3033  0.1441  0.2062  0.1962  1
 744:   0.1540  0.0810  0.1310  0.1970  0.4370  1
 745:   0.1131  0.1481  0.4675  0.1011  0.1702  1
 746:   0.2913  0.2853  0.1942  0.0961  0.1331  1
 747:   0.0811  0.4805  0.1532  0.1431  0.1421  1
 748:   0.1708  0.1758  0.2168  0.3307  0.1059  1
 749:   0.1080  0.2540  0.2070  0.2780  0.1530  1
 750:   0.4705  0.1181  0.1862  0.0791  0.1461  1
 751:   0.1568  0.1279  0.1888  0.3576  0.1688  1
 752:   0.2330  0.1320  0.1750  0.1420  0.3180  1
 753:   0.1470  0.1300  0.1570  0.2760  0.2900  1
 754:   0.2320  0.1660  0.2360  0.1480  0.2180  1
 755:   0.1050  0.4720  0.2040  0.0930  0.1260  1
 756:   0.2270  0.2750  0.2020  0.0840  0.2120  1
 757:   0.4316  0.1369  0.1029  0.0749  0.2537  1
 758:   0.1628  0.2507  0.1708  0.1588  0.2567  1
 759:   0.1410  0.1080  0.1000  0.2150  0.4360  1
 760:   0.0791  0.3203  0.1882  0.1291  0.2833  1
 761:   0.0741  0.3844  0.1071  0.0771  0.3574  1
 762:   0.2110  0.2440  0.1650  0.2670  0.1130  1
 763:   0.1782  0.1111  0.2442  0.0971  0.3694  1
 764:   0.3113  0.1031  0.0961  0.2713  0.2182  1
 765:   0.0960  0.1330  0.6010  0.0760  0.0940  1
 766:   0.2272  0.3734  0.1481  0.0811  0.1702  1
 767:   0.1049  0.1289  0.1319  0.4765  0.1578  1
 768:   0.2330  0.1430  0.1880  0.0880  0.3480  1
 769:   0.2178  0.1119  0.2967  0.1828  0.1908  1
 770:   0.0959  0.2468  0.2677  0.2198  0.1698  1
 771:   0.1730  0.1710  0.1570  0.2260  0.2730  1
 772:   0.1598  0.2368  0.2068  0.1928  0.2038  1
 773:   0.1450  0.2410  0.1440  0.1620  0.3080  1
 774:   0.2120  0.4300  0.1650  0.0810  0.1120  1
 775:   0.0980  0.1870  0.2010  0.2650  0.2490  1
 776:   0.2130  0.1070  0.2200  0.2870  0.1730  1
 777:   0.2893  0.1191  0.2272  0.1201  0.2442  1
 778:   0.0859  0.1359  0.1149  0.5305  0.1329  1
 779:   0.1350  0.1620  0.3940  0.1700  0.1390  1
 780:   0.1451  0.1161  0.2082  0.1061  0.4244  1
 781:   0.3380  0.0880  0.0820  0.3020  0.1900  1
 782:   0.2650  0.3310  0.1180  0.1470  0.1390  1
 783:   0.2272  0.1051  0.1632  0.1712  0.3333  1
 784:   0.1502  0.3403  0.1622  0.2122  0.1351  1
 785:   0.2130  0.1140  0.3830  0.1940  0.0960  1
 786:   0.1900  0.2900  0.2050  0.1930  0.1220  1
 787:   0.0840  0.3420  0.1050  0.2410  0.2280  1
 788:   0.2198  0.1449  0.4416  0.0859  0.1079  1
 789:   0.0540  0.4210  0.2430  0.1950  0.0870  1
 790:   0.2560  0.1160  0.2020  0.1240  0.3020  1
 791:   0.1640  0.4480  0.1700  0.1250  0.0930  1
 792:   0.2062  0.2903  0.2543  0.0741  0.1752  1
 793:   0.1431  0.0831  0.0821  0.5636  0.1281  1
 794:   0.2290  0.1690  0.2310  0.1960  0.1750  1
 795:   0.2370  0.0830  0.3740  0.2170  0.0890  1
 796:   0.0880  0.1890  0.1350  0.3690  0.2190  1
 797:   0.1471  0.1812  0.2723  0.2352  0.1642  1
 798:   0.1049  0.1588  0.2587  0.3247  0.1528  1
 799:   0.1121  0.2162  0.3894  0.1231  0.1592  1
 800:   0.2012  0.3764  0.1562  0.1321  0.1341  1
