  1:   0.3550  0.2610  0.2670  0.0620  0.0550  1
  2:   0.2860  0.3290  0.3440  0.0140  0.0270  1
  3:   0.2860  0.3410  0.3020  0.0570  0.0140  1
  4:   0.3130  0.3270  0.3340  0.0140  0.0120  1
  5:   0.2810  0.3530  0.3020  0.0480  0.0160  1
  6:   0.1220  0.1440  0.1230  0.0510  0.5600  1
  7:   0.2597  0.3107  0.3077  0.0170  0.1049  1
  8:   0.2537  0.3946  0.3237  0.0150  0.0130  1
  9:   0.1440  0.1880  0.1800  0.4170  0.0710  1
 10:   0.2980  0.3300  0.3020  0.0200  0.0500  1
 11:   0.1790  0.2290  0.2360  0.1490  0.2070  1
 12:   0.2348  0.3556  0.3347  0.0310  0.0440  1
 13:   0.1240  0.1360  0.1250  0.1050  0.5100  1
 14:   0.2810  0.2710  0.2580  0.0450  0.1450  1
 15:   0.2630  0.3440  0.3190  0.0340  0.0400  1
 16:   0.2580  0.3250  0.3370  0.0430  0.0370  1
 17:   0.3440  0.2930  0.3280  0.0170  0.0180  1
 18:   0.2268  0.2328  0.2058  0.2627  0.0719  1
 19:   0.3300  0.3270  0.2800  0.0170  0.0460  1
 20:   0.2743  0.3093  0.3293  0.0571  0.0300  1
 21:   0.2793  0.2492  0.2452  0.0300  0.1962  1
 22:   0.2570  0.3200  0.3710  0.0140  0.0380  1
 23:   0.2680  0.3420  0.3370  0.0410  0.0120  1
 24:   0.2990  0.2800  0.2980  0.0420  0.0810  1
 25:   0.3263  0.3253  0.2963  0.0370  0.0150  1
 26:   0.1810  0.2190  0.1900  0.0270  0.3830  1
 27:   0.2750  0.3210  0.3490  0.0220  0.0330  1
 28:   0.2630  0.3520  0.2990  0.0340  0.0520  1
 29:   0.3027  0.3147  0.2887  0.0350  0.0589  1
 30:   0.2070  0.2560  0.2400  0.2190  0.0780  1
 31:   0.3323  0.1962  0.2523  0.1882  0.0310  1
 32:   0.3300  0.3180  0.2910  0.0270  0.0340  1
 33:   0.2870  0.3170  0.3070  0.0260  0.0630  1
 34:   0.2610  0.2830  0.2730  0.1650  0.0180  1
 35:   0.4270  0.2360  0.2870  0.0250  0.0250  1
 36:   0.1718  0.1598  0.1578  0.2637  0.2468  1
 37:   0.2850  0.3230  0.3620  0.0160  0.0140  1
 38:   0.2580  0.3120  0.3010  0.0680  0.0610  1
 39:   0.2300  0.2910  0.3310  0.0600  0.0880  1
 40:   0.3944  0.2062  0.2713  0.1111  0.0170  1
 41:   0.1209  0.1049  0.1069  0.5115  0.1558  1
 42:   0.2760  0.2670  0.2610  0.0750  0.1210  1
 43:   0.3273  0.2993  0.3143  0.0130  0.0460  1
 44:   0.3550  0.2990  0.2790  0.0380  0.0290  1
 45:   0.3143  0.2983  0.3293  0.0260  0.0320  1
 46:   0.3640  0.2760  0.2890  0.0430  0.0280  1
 47:   0.2553  0.3123  0.2693  0.1321  0.0310  1
 48:   0.2703  0.2923  0.3343  0.0220  0.0811  1
 49:   0.3000  0.2960  0.2970  0.0450  0.0620  1
 50:   0.2647  0.2967  0.3387  0.0330  0.0669  1
 51:   0.2630  0.2810  0.3040  0.0810  0.0710  1
 52:   0.2600  0.3540  0.3390  0.0320  0.0150  1
 53:   0.3447  0.2737  0.2937  0.0490  0.0390  1
 54:   0.1910  0.2180  0.2240  0.1000  0.2670  1
 55:   0.3617  0.2796  0.2886  0.0311  0.0391  1
 56:   0.2667  0.3257  0.3217  0.0589  0.0270  1
 57:   0.3926  0.2527  0.2577  0.0699  0.0270  1
 58:   0.3220  0.3210  0.3020  0.0350  0.0200  1
 59:   0.2052  0.3333  0.2503  0.0300  0.1812  1
 60:   0.4330  0.2290  0.3040  0.0210  0.0130  1
 61:   0.2707  0.2338  0.2597  0.0849  0.1508  1
 62:   0.3043  0.2813  0.3473  0.0480  0.0190  1
 63:   0.3580  0.3100  0.2930  0.0140  0.0250  1
 64:   0.2667  0.3157  0.3546  0.0270  0.0360  1
 65:   0.3140  0.2260  0.2440  0.1370  0.0790  1
 66:   0.3410  0.2890  0.3010  0.0240  0.0450  1
 67:   0.0600  0.0660  0.0740  0.5360  0.2640  1
 68:   0.2710  0.3200  0.3150  0.0350  0.0590  1
 69:   0.3420  0.3180  0.2940  0.0280  0.0180  1
 70:   0.3786  0.2667  0.2947  0.0230  0.0370  1
 71:   0.2787  0.3147  0.3167  0.0270  0.0629  1
 72:   0.2020  0.2410  0.2450  0.1360  0.1760  1
 73:   0.2847  0.3097  0.3137  0.0340  0.0579  1
 74:   0.3160  0.3250  0.3110  0.0140  0.0340  1
 75:   0.2640  0.2500  0.2760  0.0800  0.1300  1
 76:   0.2907  0.3287  0.3167  0.0380  0.0260  1
 77:   0.3606  0.2957  0.3157  0.0140  0.0140  1
 78:   0.2560  0.3800  0.3040  0.0140  0.0460  1
 79:   0.3053  0.3133  0.3473  0.0210  0.0130  1
 80:   0.2950  0.3200  0.3420  0.0170  0.0260  1
 81:   0.2710  0.2790  0.2860  0.0620  0.1020  1
 82:   0.2563  0.3173  0.3423  0.0440  0.0400  1
 83:   0.2630  0.2990  0.2870  0.0300  0.1210  1
 84:   0.3160  0.3000  0.3120  0.0450  0.0270  1
 85:   0.2950  0.3530  0.2960  0.0400  0.0160  1
 86:   0.2430  0.3510  0.3170  0.0710  0.0180  1
 87:   0.2172  0.2663  0.3073  0.0380  0.1712  1
 88:   0.2913  0.3153  0.3403  0.0180  0.0350  1
 89:   0.2560  0.3340  0.3580  0.0220  0.0300  1
 90:   0.3714  0.2763  0.2833  0.0370  0.0320  1
 91:   0.3287  0.2977  0.3197  0.0370  0.0170  1
 92:   0.3750  0.2710  0.2820  0.0520  0.0200  1
 93:   0.2390  0.3360  0.2650  0.0340  0.1260  1
 94:   0.2620  0.3450  0.3480  0.0270  0.0180  1
 95:   0.3060  0.3310  0.3050  0.0140  0.0440  1
 96:   0.1730  0.2020  0.1800  0.3310  0.1140  1
 97:   0.3210  0.3200  0.3190  0.0230  0.0170  1
 98:   0.3090  0.3100  0.2950  0.0350  0.0510  1
 99:   0.3744  0.2753  0.2863  0.0300  0.0340  1
100:   0.3363  0.2853  0.2933  0.0581  0.0270  1
101:   0.2570  0.3600  0.3490  0.0190  0.0150  1
102:   0.3083  0.3193  0.3403  0.0100  0.0220  1
103:   0.2630  0.3400  0.3640  0.0130  0.0200  1
104:   0.3303  0.2933  0.3353  0.0200  0.0210  1
105:   0.2090  0.2020  0.2140  0.3090  0.0660  1
106:   0.3310  0.3130  0.3260  0.0160  0.0140  1
107:   0.2440  0.2080  0.2130  0.1470  0.1880  1
108:   0.2840  0.3440  0.3030  0.0210  0.0480  1
109:   0.3480  0.3040  0.3170  0.0170  0.0140  1
110:   0.2957  0.3137  0.3636  0.0130  0.0140  1
111:   0.2660  0.3250  0.3060  0.0110  0.0920  1
112:   0.3524  0.2873  0.3033  0.0390  0.0180  1
113:   0.2920  0.3600  0.3090  0.0220  0.0170  1
114:   0.2222  0.2402  0.2513  0.0501  0.2362  1
115:   0.3077  0.2957  0.3067  0.0490  0.0410  1
116:   0.2890  0.3210  0.3080  0.0520  0.0300  1
117:   0.3990  0.2490  0.2890  0.0290  0.0340  1
118:   0.3796  0.2727  0.3117  0.0210  0.0150  1
119:   0.2570  0.2560  0.2570  0.1060  0.1240  1
120:   0.2600  0.3120  0.3310  0.0340  0.0630  1
121:   0.3487  0.2937  0.3047  0.0360  0.0170  1
122:   0.2350  0.2940  0.3030  0.1310  0.0370  1
123:   0.2174  0.2224  0.2285  0.1403  0.1914  1
124:   0.2980  0.3060  0.3200  0.0430  0.0330  1
125:   0.3130  0.3330  0.3160  0.0220  0.0160  1
126:   0.2420  0.2510  0.2640  0.1030  0.1400  1
127:   0.3337  0.2468  0.2947  0.1019  0.0230  1
128:   0.4020  0.2410  0.2850  0.0300  0.0420  1
129:   0.2160  0.2210  0.2290  0.0200  0.3140  1
130:   0.0579  0.0529  0.0490  0.2348  0.6054  1
131:   0.3497  0.2937  0.3067  0.0170  0.0330  1
132:   0.3800  0.2720  0.2960  0.0260  0.0260  1
133:   0.2943  0.2563  0.2753  0.1121  0.0621  1
134:   0.2710  0.3530  0.3220  0.0270  0.0270  1
135:   0.3080  0.3150  0.3320  0.0160  0.0290  1
136:   0.4180  0.2260  0.2690  0.0450  0.0420  1
137:   0.2870  0.2810  0.2880  0.0870  0.0570  1
138:   0.2030  0.2480  0.2540  0.2660  0.0290  1
139:   0.3380  0.2900  0.2920  0.0570  0.0230  1
140:   0.2030  0.1780  0.1790  0.3240  0.1160  1
141:   0.0370  0.0410  0.0360  0.1150  0.7710  1
142:   0.2930  0.3350  0.2890  0.0440  0.0390  1
143:   0.0878  0.1208  0.1158  0.5030  0.1727  1
144:   0.2630  0.3830  0.2980  0.0160  0.0400  1
145:   0.2760  0.3420  0.3130  0.0320  0.0370  1
146:   0.2830  0.3430  0.2640  0.0350  0.0750  1
147:   0.2432  0.2683  0.2322  0.0951  0.1612  1
148:   0.2680  0.3720  0.3060  0.0210  0.0330  1
149:   0.2810  0.3190  0.3010  0.0480  0.0510  1
150:   0.2480  0.3990  0.3250  0.0140  0.0140  1
151:   0.3920  0.2430  0.2770  0.0630  0.0250  1
152:   0.3217  0.2867  0.2967  0.0440  0.0509  1
153:   0.2110  0.2060  0.1980  0.3410  0.0440  1
154:   0.4430  0.2260  0.2940  0.0220  0.0150  1
155:   0.3580  0.2660  0.3070  0.0360  0.0330  1
156:   0.2492  0.2933  0.2843  0.1171  0.0561  1
157:   0.2490  0.3530  0.3400  0.0260  0.0320  1
158:   0.2760  0.3220  0.2990  0.0270  0.0760  1
159:   0.3810  0.2540  0.3080  0.0450  0.0120  1
160:   0.3460  0.2820  0.2810  0.0560  0.0350  1
161:   0.4380  0.2330  0.2810  0.0290  0.0190  1
162:   0.3220  0.3010  0.2910  0.0330  0.0530  1
163:   0.3490  0.2830  0.3000  0.0380  0.0300  1
164:   0.3536  0.2967  0.3137  0.0180  0.0180  1
165:   0.2783  0.3153  0.3313  0.0621  0.0130  1
166:   0.2390  0.2560  0.2670  0.1570  0.0810  1
167:   0.3177  0.2977  0.3257  0.0400  0.0190  1
168:   0.3370  0.2970  0.3000  0.0230  0.0430  1
169:   0.2970  0.2470  0.2600  0.1440  0.0520  1
170:   0.1790  0.1930  0.1850  0.4050  0.0380  1
171:   0.2890  0.2660  0.2840  0.1430  0.0180  1
172:   0.2900  0.2030  0.2310  0.0730  0.2030  1
173:   0.3650  0.2810  0.2930  0.0190  0.0420  1
174:   0.3714  0.2773  0.3163  0.0160  0.0190  1
175:   0.2903  0.2833  0.2943  0.0430  0.0891  1
176:   0.3347  0.2308  0.2478  0.1359  0.0509  1
177:   0.0380  0.0460  0.0400  0.7010  0.1750  1
178:   0.0590  0.0760  0.0750  0.7040  0.0860  1
179:   0.0290  0.0300  0.0290  0.8941  0.0180  1
180:   0.2700  0.3260  0.3410  0.0490  0.0140  1
181:   0.0280  0.0270  0.0260  0.8910  0.0280  1
182:   0.0350  0.0420  0.0380  0.8000  0.0850  1
183:   0.0921  0.0761  0.0801  0.6296  0.1221  1
184:   0.0819  0.0919  0.0809  0.5574  0.1878  1
185:   0.0690  0.0730  0.0690  0.5190  0.2700  1
186:   0.0580  0.0750  0.0740  0.6520  0.1410  1
187:   0.2090  0.1730  0.1610  0.1030  0.3540  1
188:   0.1710  0.2310  0.2100  0.1450  0.2430  1
189:   0.0240  0.0220  0.0220  0.9071  0.0250  1
190:   0.1650  0.1550  0.1630  0.5030  0.0140  1
191:   0.1240  0.1540  0.1620  0.2110  0.3490  1
192:   0.0130  0.0130  0.0140  0.9361  0.0240  1
193:   0.0120  0.0120  0.0120  0.9460  0.0180  1
194:   0.0190  0.0190  0.0190  0.9171  0.0260  1
195:   0.0160  0.0160  0.0150  0.9370  0.0160  1
196:   0.0240  0.0240  0.0270  0.8288  0.0961  1
197:   0.0160  0.0140  0.0130  0.9420  0.0150  1
198:   0.0501  0.0410  0.0430  0.8458  0.0200  1
199:   0.0260  0.0290  0.0270  0.9031  0.0150  1
200:   0.0601  0.0791  0.0711  0.7037  0.0861  1
201:   0.1580  0.1550  0.1600  0.1080  0.4190  1
202:   0.0220  0.0180  0.0200  0.9270  0.0130  1
203:   0.0390  0.0360  0.0350  0.8290  0.0610  1
204:   0.0130  0.0150  0.0140  0.9210  0.0370  1
205:   0.0310  0.0270  0.0300  0.8859  0.0260  1
206:   0.0330  0.0380  0.0350  0.7552  0.1389  1
207:   0.0770  0.0880  0.0980  0.2050  0.5320  1
208:   0.0140  0.0140  0.0140  0.0130  0.9450  1
209:   0.1050  0.1120  0.0960  0.1250  0.5620  1
210:   0.0170  0.0170  0.0160  0.1620  0.7880  1
211:   0.0390  0.0370  0.0370  0.0220  0.8651  1
212:   0.0410  0.0440  0.0460  0.8190  0.0500  1
213:   0.0240  0.0270  0.0270  0.0230  0.8989  1
214:   0.0260  0.0300  0.0300  0.1451  0.7688  1
215:   0.0140  0.0140  0.0130  0.8789  0.0801  1
216:   0.0410  0.0420  0.0450  0.4960  0.3760  1
217:   0.0310  0.0300  0.0290  0.6883  0.2218  1
218:   0.0320  0.0250  0.0260  0.8959  0.0210  1
219:   0.0240  0.0270  0.0270  0.1810  0.7410  1
220:   0.0390  0.0560  0.0460  0.1340  0.7250  1
221:   0.1460  0.1320  0.1440  0.0510  0.5270  1
222:   0.0200  0.0220  0.0190  0.0460  0.8930  1
223:   0.0210  0.0210  0.0190  0.9030  0.0360  1
224:   0.2292  0.2803  0.2583  0.1502  0.0821  1
225:   0.0711  0.1021  0.1011  0.6396  0.0861  1
226:   0.0200  0.0200  0.0200  0.9040  0.0360  1
227:   0.0871  0.0961  0.0961  0.5656  0.1552  1
228:   0.0420  0.0440  0.0470  0.8278  0.0390  1
229:   0.0200  0.0190  0.0190  0.0200  0.9221  1
230:   0.0270  0.0260  0.0250  0.0190  0.9031  1
231:   0.0230  0.0220  0.0220  0.8690  0.0640  1
232:   0.0160  0.0180  0.0160  0.0260  0.9241  1
233:   0.0250  0.0260  0.0240  0.0270  0.8981  1
234:   0.3720  0.2540  0.2810  0.0470  0.0460  1
235:   0.0530  0.0460  0.0530  0.0400  0.8080  1
236:   0.0250  0.0270  0.0280  0.0180  0.9020  1
237:   0.0340  0.0400  0.0380  0.0670  0.8210  1
238:   0.0390  0.0370  0.0410  0.4066  0.4765  1
239:   0.0551  0.0661  0.0581  0.0270  0.7938  1
240:   0.0380  0.0630  0.0540  0.0390  0.8060  1
241:   0.3380  0.2600  0.2560  0.0840  0.0620  1
242:   0.0862  0.0812  0.0862  0.1503  0.5962  1
243:   0.0260  0.0260  0.0270  0.0240  0.8969  1
244:   0.1540  0.1400  0.1490  0.2130  0.3440  1
245:   0.0110  0.0130  0.0120  0.0250  0.9389  1
246:   0.0530  0.0570  0.0630  0.1690  0.6580  1
247:   0.0490  0.0550  0.0530  0.0820  0.7610  1
248:   0.0340  0.0410  0.0350  0.0649  0.8252  1
249:   0.0690  0.1070  0.0850  0.0440  0.6950  1
250:   0.1718  0.1748  0.1728  0.1419  0.3387  1
251:   0.0170  0.0180  0.0180  0.0619  0.8851  1
252:   0.0150  0.0200  0.0200  0.0160  0.9290  1
253:   0.0410  0.0410  0.0410  0.1800  0.6970  1
254:   0.0650  0.0710  0.0720  0.0710  0.7210  1
255:   0.0170  0.0180  0.0190  0.1321  0.8138  1
256:   0.0140  0.0140  0.0130  0.0270  0.9321  1
257:   0.0170  0.0150  0.0170  0.0840  0.8670  1
258:   0.0529  0.0559  0.0509  0.0879  0.7522  1
259:   0.0380  0.0430  0.0390  0.0889  0.7912  1

  1:   0.3300  0.2460  0.3030  0.0650  0.0560  1
  2:   0.2940  0.2890  0.3770  0.0140  0.0260  1
  3:   0.2770  0.4360  0.2210  0.0520  0.0140  1
  4:   0.3097  0.3716  0.2937  0.0130  0.0120  1
  5:   0.2650  0.4390  0.2350  0.0450  0.0160  1
  6:   0.1270  0.1940  0.0990  0.0520  0.5280  1
  7:   0.2520  0.3020  0.3220  0.0170  0.1070  1
  8:   0.2330  0.5090  0.2310  0.0150  0.0120  1
  9:   0.1310  0.1850  0.1650  0.4520  0.0670  1
 10:   0.2770  0.4410  0.2160  0.0190  0.0470  1
 11:   0.1970  0.2310  0.2190  0.1490  0.2040  1
 12:   0.2360  0.4000  0.2870  0.0300  0.0470  1
 13:   0.1179  0.1389  0.1259  0.1009  0.5165  1
 14:   0.2870  0.2230  0.2900  0.0470  0.1530  1
 15:   0.2577  0.3257  0.3447  0.0330  0.0390  1
 16:   0.2690  0.2920  0.3540  0.0470  0.0380  1
 17:   0.3390  0.1800  0.4470  0.0160  0.0180  1
 18:   0.2388  0.2388  0.1968  0.2637  0.0619  1
 19:   0.2990  0.3030  0.3330  0.0170  0.0480  1
 20:   0.2418  0.2757  0.3946  0.0589  0.0290  1
 21:   0.2680  0.2210  0.2880  0.0300  0.1930  1
 22:   0.2580  0.2870  0.4030  0.0150  0.0370  1
 23:   0.2460  0.4150  0.2890  0.0380  0.0120  1
 24:   0.3310  0.2330  0.3140  0.0420  0.0800  1
 25:   0.3200  0.3330  0.2930  0.0390  0.0150  1
 26:   0.1758  0.2088  0.1978  0.0260  0.3916  1
 27:   0.3040  0.2500  0.3920  0.0220  0.0320  1
 28:   0.2248  0.5235  0.1748  0.0320  0.0450  1
 29:   0.3546  0.2677  0.2887  0.0340  0.0549  1
 30:   0.2012  0.2743  0.2372  0.2092  0.0781  1
 31:   0.3397  0.1698  0.2767  0.1818  0.0320  1
 32:   0.3193  0.3273  0.2943  0.0270  0.0320  1
 33:   0.3616  0.3027  0.2358  0.0310  0.0689  1
 34:   0.2630  0.2830  0.2610  0.1750  0.0180  1
 35:   0.4260  0.1700  0.3520  0.0250  0.0270  1
 36:   0.1818  0.1648  0.1528  0.2667  0.2338  1
 37:   0.2960  0.2230  0.4490  0.0180  0.0140  1
 38:   0.2673  0.2973  0.3033  0.0651  0.0671  1
 39:   0.2330  0.3150  0.3050  0.0630  0.0840  1
 40:   0.4200  0.1680  0.3080  0.0870  0.0170  1
 41:   0.1149  0.1019  0.1089  0.5185  0.1558  1
 42:   0.2810  0.2760  0.2390  0.0800  0.1240  1
 43:   0.3307  0.2228  0.3826  0.0150  0.0490  1
 44:   0.3640  0.3160  0.2540  0.0360  0.0300  1
 45:   0.3103  0.2182  0.4134  0.0260  0.0320  1
 46:   0.3844  0.1922  0.3524  0.0440  0.0270  1
 47:   0.2537  0.3297  0.2418  0.1419  0.0330  1
 48:   0.2547  0.2897  0.3526  0.0220  0.0809  1
 49:   0.3187  0.2607  0.3187  0.0430  0.0589  1
 50:   0.2650  0.2670  0.3700  0.0330  0.0650  1
 51:   0.2480  0.2730  0.3190  0.0900  0.0700  1
 52:   0.2620  0.3380  0.3510  0.0330  0.0160  1
 53:   0.3340  0.2000  0.3770  0.0520  0.0370  1
 54:   0.1740  0.2080  0.2640  0.1000  0.2540  1
 55:   0.3410  0.3230  0.2670  0.0310  0.0380  1
 56:   0.2422  0.3584  0.2983  0.0731  0.0280  1
 57:   0.3680  0.1910  0.3370  0.0760  0.0280  1
 58:   0.3453  0.3353  0.2633  0.0340  0.0220  1
 59:   0.2130  0.4430  0.1390  0.0290  0.1760  1
 60:   0.4400  0.2230  0.3020  0.0200  0.0150  1
 61:   0.2770  0.2060  0.2610  0.0940  0.1620  1
 62:   0.3013  0.2503  0.3794  0.0480  0.0210  1
 63:   0.3293  0.3223  0.3073  0.0140  0.0270  1
 64:   0.2920  0.2730  0.3720  0.0260  0.0370  1
 65:   0.3457  0.2038  0.2418  0.1239  0.0849  1
 66:   0.3774  0.2332  0.3233  0.0230  0.0430  1
 67:   0.0589  0.0679  0.0619  0.5764  0.2348  1
 68:   0.3427  0.2617  0.2927  0.0400  0.0629  1
 69:   0.3820  0.2980  0.2750  0.0270  0.0180  1
 70:   0.4080  0.2020  0.3350  0.0210  0.0340  1
 71:   0.2420  0.3280  0.3230  0.0380  0.0690  1
 72:   0.1738  0.2507  0.2458  0.1528  0.1768  1
 73:   0.2492  0.3273  0.3283  0.0380  0.0571  1
 74:   0.2940  0.2790  0.3770  0.0140  0.0360  1
 75:   0.2500  0.1970  0.3460  0.0790  0.1280  1
 76:   0.3000  0.3370  0.3000  0.0380  0.0250  1
 77:   0.3920  0.2190  0.3620  0.0130  0.0140  1
 78:   0.1940  0.5230  0.2220  0.0140  0.0470  1
 79:   0.2827  0.3017  0.3796  0.0220  0.0140  1
 80:   0.2967  0.2557  0.4086  0.0170  0.0220  1
 81:   0.2623  0.2412  0.3303  0.0651  0.1011  1
 82:   0.2482  0.3023  0.3704  0.0410  0.0380  1
 83:   0.2600  0.2810  0.3070  0.0310  0.1210  1
 84:   0.2683  0.3504  0.3103  0.0440  0.0270  1
 85:   0.2040  0.4720  0.2670  0.0410  0.0160  1
 86:   0.1992  0.5405  0.1742  0.0671  0.0190  1
 87:   0.2160  0.2880  0.2870  0.0400  0.1690  1
 88:   0.2990  0.2550  0.3930  0.0170  0.0360  1
 89:   0.2170  0.3860  0.3460  0.0210  0.0300  1
 90:   0.4100  0.2190  0.2970  0.0380  0.0360  1
 91:   0.3020  0.3000  0.3420  0.0390  0.0170  1
 92:   0.4310  0.2120  0.2860  0.0510  0.0200  1
 93:   0.2118  0.3786  0.2488  0.0380  0.1229  1
 94:   0.2358  0.4555  0.2637  0.0260  0.0190  1
 95:   0.2990  0.2810  0.3550  0.0140  0.0510  1
 96:   0.1439  0.3556  0.1149  0.2907  0.0949  1
 97:   0.3520  0.2780  0.3310  0.0230  0.0160  1
 98:   0.3490  0.3020  0.2620  0.0360  0.0510  1
 99:   0.4010  0.2470  0.2900  0.0290  0.0330  1
100:   0.3546  0.2468  0.3157  0.0569  0.0260  1
101:   0.2500  0.4920  0.2230  0.0190  0.0160  1
102:   0.3130  0.2930  0.3610  0.0110  0.0220  1
103:   0.2603  0.3564  0.3463  0.0150  0.0220  1
104:   0.3160  0.2530  0.3900  0.0200  0.0210  1
105:   0.2012  0.2082  0.1882  0.3363  0.0661  1
106:   0.3510  0.2650  0.3540  0.0170  0.0130  1
107:   0.2633  0.1702  0.2292  0.1441  0.1932  1
108:   0.2780  0.4380  0.2150  0.0230  0.0460  1
109:   0.3726  0.2527  0.3417  0.0190  0.0140  1
110:   0.3107  0.2308  0.4316  0.0130  0.0140  1
111:   0.2332  0.4304  0.2452  0.0110  0.0801  1
112:   0.3560  0.2520  0.3320  0.0420  0.0180  1
113:   0.2108  0.4935  0.2587  0.0200  0.0170  1
114:   0.2058  0.2088  0.3177  0.0500  0.2178  1
115:   0.3113  0.2563  0.3423  0.0501  0.0400  1
116:   0.3300  0.3590  0.2220  0.0580  0.0310  1
117:   0.4144  0.1732  0.3504  0.0280  0.0340  1
118:   0.3616  0.1948  0.4066  0.0210  0.0160  1
119:   0.2488  0.2587  0.2587  0.1109  0.1229  1
120:   0.2503  0.2923  0.3564  0.0360  0.0651  1
121:   0.3360  0.2220  0.3940  0.0330  0.0150  1
122:   0.2340  0.2730  0.3240  0.1300  0.0390  1
123:   0.2062  0.2202  0.2342  0.1522  0.1872  1
124:   0.3167  0.2448  0.3616  0.0420  0.0350  1
125:   0.3240  0.3010  0.3390  0.0210  0.0150  1
126:   0.2200  0.2570  0.2770  0.1110  0.1350  1
127:   0.3590  0.1750  0.3460  0.0970  0.0230  1
128:   0.4140  0.1810  0.3350  0.0280  0.0420  1
129:   0.2160  0.2260  0.2180  0.0210  0.3190  1
130:   0.0580  0.0550  0.0530  0.2400  0.5940  1
131:   0.3636  0.1938  0.3936  0.0180  0.0310  1
132:   0.3926  0.2048  0.3516  0.0270  0.0240  1
133:   0.3367  0.2368  0.2527  0.1079  0.0659  1
134:   0.2690  0.4270  0.2520  0.0280  0.0240  1
135:   0.3173  0.2573  0.3814  0.0150  0.0290  1
136:   0.4340  0.1600  0.3200  0.0440  0.0420  1
137:   0.3410  0.2220  0.2800  0.1010  0.0560  1
138:   0.2332  0.2573  0.2022  0.2783  0.0290  1
139:   0.3650  0.2450  0.3070  0.0590  0.0240  1
140:   0.2190  0.1780  0.1610  0.3240  0.1180  1
141:   0.0350  0.0550  0.0360  0.1230  0.7510  1
142:   0.2870  0.4150  0.2160  0.0410  0.0410  1
143:   0.0839  0.1329  0.0939  0.5524  0.1369  1
144:   0.2288  0.5305  0.1878  0.0150  0.0380  1
145:   0.2520  0.4080  0.2620  0.0370  0.0410  1
146:   0.2320  0.4780  0.1890  0.0320  0.0690  1
147:   0.2780  0.2230  0.2230  0.1100  0.1660  1
148:   0.2358  0.5095  0.2008  0.0200  0.0340  1
149:   0.2760  0.3240  0.3050  0.0450  0.0500  1
150:   0.2178  0.5924  0.1628  0.0130  0.0140  1
151:   0.4030  0.1990  0.3080  0.0630  0.0270  1
152:   0.3353  0.2983  0.2683  0.0460  0.0521  1
153:   0.2130  0.2610  0.1650  0.3170  0.0440  1
154:   0.4750  0.1330  0.3560  0.0200  0.0160  1
155:   0.3453  0.2322  0.3504  0.0370  0.0350  1
156:   0.2280  0.3560  0.2360  0.1250  0.0550  1
157:   0.2590  0.4420  0.2420  0.0260  0.0310  1
158:   0.3327  0.2937  0.2757  0.0270  0.0709  1
159:   0.3730  0.2620  0.3130  0.0400  0.0120  1
160:   0.3293  0.3323  0.2553  0.0490  0.0340  1
161:   0.4550  0.1560  0.3400  0.0290  0.0200  1
162:   0.2913  0.2863  0.3353  0.0330  0.0541  1
163:   0.3904  0.2282  0.3123  0.0360  0.0330  1
164:   0.3990  0.2170  0.3460  0.0180  0.0200  1
165:   0.2793  0.2793  0.3604  0.0671  0.0140  1
166:   0.2438  0.2398  0.2747  0.1588  0.0829  1
167:   0.3680  0.2670  0.3060  0.0380  0.0210  1
168:   0.3550  0.2970  0.2830  0.0210  0.0440  1
169:   0.3040  0.2420  0.2530  0.1470  0.0540  1
170:   0.1630  0.2320  0.1460  0.4220  0.0370  1
171:   0.3223  0.2312  0.2763  0.1522  0.0180  1
172:   0.2840  0.1740  0.2420  0.0730  0.2270  1
173:   0.4090  0.1900  0.3400  0.0180  0.0430  1
174:   0.4210  0.1930  0.3490  0.0180  0.0190  1
175:   0.3187  0.2607  0.2837  0.0420  0.0949  1
176:   0.3377  0.1938  0.2847  0.1309  0.0529  1
177:   0.0330  0.0559  0.0310  0.7123  0.1678  1
178:   0.0581  0.0681  0.0741  0.7227  0.0771  1
179:   0.0310  0.0290  0.0310  0.8910  0.0180  1
180:   0.2390  0.3690  0.3210  0.0560  0.0150  1
181:   0.0320  0.0260  0.0300  0.8830  0.0290  1
182:   0.0340  0.0450  0.0320  0.8120  0.0770  1
183:   0.0949  0.0779  0.0929  0.6194  0.1149  1
184:   0.0800  0.0950  0.0770  0.5630  0.1850  1
185:   0.0691  0.0751  0.0681  0.5145  0.2733  1
186:   0.0540  0.0720  0.0680  0.6770  0.1290  1
187:   0.2132  0.1512  0.1852  0.0961  0.3544  1
188:   0.1459  0.2807  0.1708  0.1588  0.2438  1
189:   0.0230  0.0230  0.0230  0.9079  0.0230  1
190:   0.1600  0.2040  0.1350  0.4870  0.0140  1
191:   0.0990  0.1450  0.1660  0.2480  0.3420  1
192:   0.0130  0.0130  0.0120  0.9390  0.0230  1
193:   0.0130  0.0130  0.0120  0.9440  0.0180  1
194:   0.0190  0.0180  0.0190  0.9191  0.0250  1
195:   0.0160  0.0180  0.0160  0.9320  0.0180  1
196:   0.0270  0.0270  0.0260  0.8270  0.0930  1
197:   0.0150  0.0140  0.0140  0.9420  0.0150  1
198:   0.0580  0.0360  0.0460  0.8400  0.0200  1
199:   0.0280  0.0320  0.0270  0.8990  0.0140  1
200:   0.0620  0.1440  0.0520  0.6510  0.0910  1
201:   0.1530  0.1620  0.1680  0.1100  0.4070  1
202:   0.0220  0.0200  0.0190  0.9251  0.0140  1
203:   0.0480  0.0370  0.0340  0.8158  0.0651  1
204:   0.0150  0.0130  0.0150  0.9191  0.0380  1
205:   0.0280  0.0290  0.0290  0.8879  0.0260  1
206:   0.0400  0.0450  0.0350  0.7380  0.1420  1
207:   0.0750  0.0860  0.0950  0.2110  0.5330  1
208:   0.0140  0.0130  0.0140  0.0130  0.9461  1
209:   0.0900  0.1320  0.0890  0.1280  0.5610  1
210:   0.0170  0.0190  0.0160  0.1800  0.7680  1
211:   0.0350  0.0480  0.0350  0.0210  0.8611  1
212:   0.0440  0.0450  0.0460  0.8180  0.0470  1
213:   0.0240  0.0300  0.0260  0.0230  0.8970  1
214:   0.0270  0.0310  0.0310  0.1760  0.7350  1
215:   0.0130  0.0160  0.0130  0.8889  0.0691  1
216:   0.0420  0.0400  0.0400  0.5190  0.3590  1
217:   0.0330  0.0300  0.0310  0.6850  0.2210  1
218:   0.0290  0.0280  0.0290  0.8920  0.0220  1
219:   0.0240  0.0290  0.0240  0.2110  0.7120  1
220:   0.0380  0.0840  0.0410  0.1400  0.6970  1
221:   0.1520  0.1260  0.1480  0.0490  0.5250  1
222:   0.0200  0.0200  0.0200  0.0470  0.8930  1
223:   0.0200  0.0200  0.0210  0.9020  0.0370  1
224:   0.2218  0.3067  0.2308  0.1548  0.0859  1
225:   0.0739  0.1089  0.0809  0.6613  0.0749  1
226:   0.0190  0.0200  0.0200  0.9050  0.0360  1
227:   0.0840  0.0840  0.1060  0.5790  0.1470  1
228:   0.0450  0.0470  0.0530  0.8160  0.0390  1
229:   0.0180  0.0220  0.0180  0.0190  0.9229  1
230:   0.0230  0.0280  0.0260  0.0220  0.9010  1
231:   0.0230  0.0230  0.0240  0.8611  0.0689  1
232:   0.0160  0.0210  0.0150  0.0250  0.9231  1
233:   0.0260  0.0270  0.0250  0.0280  0.8940  1
234:   0.3930  0.1900  0.3230  0.0480  0.0460  1
235:   0.0500  0.0480  0.0500  0.0450  0.8070  1
236:   0.0270  0.0250  0.0300  0.0210  0.8970  1
237:   0.0330  0.0420  0.0330  0.0690  0.8230  1
238:   0.0431  0.0341  0.0391  0.3948  0.4890  1
239:   0.0549  0.0929  0.0440  0.0290  0.7792  1
240:   0.0370  0.1091  0.0360  0.0340  0.7838  1
241:   0.3460  0.2260  0.2800  0.0800  0.0680  1
242:   0.0960  0.0760  0.0980  0.1480  0.5820  1
243:   0.0260  0.0290  0.0270  0.0250  0.8929  1
244:   0.1718  0.1259  0.1459  0.2118  0.3447  1
245:   0.0120  0.0140  0.0130  0.0280  0.9330  1
246:   0.0569  0.0539  0.0609  0.1718  0.6563  1
247:   0.0530  0.0610  0.0450  0.0900  0.7510  1
248:   0.0350  0.0370  0.0350  0.0759  0.8172  1
249:   0.0671  0.1441  0.0721  0.0440  0.6727  1
250:   0.1732  0.1632  0.1772  0.1522  0.3343  1
251:   0.0180  0.0180  0.0180  0.0670  0.8790  1
252:   0.0150  0.0200  0.0170  0.0160  0.9320  1
253:   0.0420  0.0380  0.0380  0.2038  0.6783  1
254:   0.0609  0.0779  0.0749  0.0749  0.7113  1
255:   0.0170  0.0180  0.0190  0.1431  0.8028  1
256:   0.0140  0.0130  0.0140  0.0270  0.9320  1
257:   0.0170  0.0180  0.0160  0.0849  0.8641  1
258:   0.0510  0.0680  0.0500  0.0890  0.7420  1
259:   0.0410  0.0420  0.0390  0.1031  0.7748  1

  1:   0.2957  0.2927  0.2887  0.0639  0.0589  1
  2:   0.2787  0.3137  0.3646  0.0150  0.0280  1
  3:   0.2980  0.3140  0.3100  0.0630  0.0150  1
  4:   0.3664  0.3183  0.2883  0.0150  0.0120  1
  5:   0.3027  0.3187  0.3117  0.0500  0.0170  1
  6:   0.1480  0.1320  0.1170  0.0570  0.5460  1
  7:   0.2750  0.2870  0.3180  0.0180  0.1020  1
  8:   0.2900  0.3360  0.3450  0.0160  0.0130  1
  9:   0.1310  0.1650  0.2000  0.4260  0.0780  1
 10:   0.2770  0.3490  0.3050  0.0200  0.0490  1
 11:   0.1708  0.2048  0.2537  0.1578  0.2128  1
 12:   0.2428  0.3107  0.3646  0.0320  0.0500  1
 13:   0.1390  0.1260  0.1280  0.1010  0.5060  1
 14:   0.3100  0.2560  0.2370  0.0460  0.1510  1
 15:   0.2260  0.3140  0.3830  0.0340  0.0430  1
 16:   0.2438  0.3037  0.3626  0.0500  0.0400  1
 17:   0.3107  0.3067  0.3427  0.0190  0.0210  1
 18:   0.2330  0.2140  0.2110  0.2740  0.0680  1
 19:   0.3250  0.3070  0.2980  0.0190  0.0510  1
 20:   0.2272  0.3113  0.3714  0.0601  0.0300  1
 21:   0.3150  0.2450  0.2220  0.0300  0.1880  1
 22:   0.2430  0.2910  0.4160  0.0140  0.0360  1
 23:   0.2677  0.3287  0.3497  0.0410  0.0130  1
 24:   0.3696  0.2657  0.2458  0.0440  0.0749  1
 25:   0.3070  0.3330  0.3030  0.0400  0.0170  1
 26:   0.1750  0.2200  0.2100  0.0250  0.3700  1
 27:   0.2320  0.3250  0.3860  0.0230  0.0340  1
 28:   0.2927  0.3057  0.3097  0.0380  0.0539  1
 29:   0.2900  0.3110  0.3110  0.0340  0.0540  1
 30:   0.2050  0.2540  0.2530  0.2110  0.0770  1
 31:   0.3387  0.2428  0.2048  0.1798  0.0340  1
 32:   0.2976  0.3116  0.3277  0.0291  0.0341  1
 33:   0.2953  0.3153  0.2953  0.0280  0.0661  1
 34:   0.2693  0.2883  0.2623  0.1632  0.0170  1
 35:   0.4104  0.3063  0.2332  0.0240  0.0260  1
 36:   0.1810  0.1630  0.1500  0.2590  0.2470  1
 37:   0.2470  0.2950  0.4250  0.0170  0.0160  1
 38:   0.2523  0.2913  0.3193  0.0701  0.0671  1
 39:   0.2442  0.2723  0.3413  0.0581  0.0841  1
 40:   0.4050  0.2750  0.2180  0.0850  0.0170  1
 41:   0.1259  0.1109  0.1039  0.5075  0.1518  1
 42:   0.2540  0.2720  0.2720  0.0800  0.1220  1
 43:   0.3420  0.2900  0.3080  0.0150  0.0450  1
 44:   0.3090  0.3260  0.2940  0.0400  0.0310  1
 45:   0.2693  0.3093  0.3614  0.0250  0.0350  1
 46:   0.3730  0.2860  0.2660  0.0440  0.0310  1
 47:   0.2560  0.2920  0.2740  0.1440  0.0340  1
 48:   0.2777  0.2897  0.3297  0.0210  0.0819  1
 49:   0.2877  0.3157  0.2837  0.0470  0.0659  1
 50:   0.2747  0.2817  0.3427  0.0330  0.0679  1
 51:   0.2260  0.2870  0.3220  0.0880  0.0770  1
 52:   0.2470  0.3180  0.3840  0.0340  0.0170  1
 53:   0.2990  0.3200  0.2910  0.0500  0.0400  1
 54:   0.1790  0.2070  0.2510  0.1030  0.2600  1
 55:   0.3674  0.3023  0.2563  0.0340  0.0400  1
 56:   0.2340  0.3140  0.3620  0.0630  0.0270  1
 57:   0.3710  0.2800  0.2480  0.0720  0.0290  1
 58:   0.2880  0.3500  0.3050  0.0350  0.0220  1
 59:   0.2330  0.2590  0.2740  0.0320  0.2020  1
 60:   0.4505  0.2843  0.2312  0.0200  0.0140  1
 61:   0.2910  0.2370  0.2330  0.0840  0.1550  1
 62:   0.2763  0.3173  0.3323  0.0521  0.0220  1
 63:   0.3690  0.3240  0.2670  0.0150  0.0250  1
 64:   0.2787  0.2857  0.3666  0.0300  0.0390  1
 65:   0.3260  0.2430  0.2160  0.1280  0.0870  1
 66:   0.3500  0.3010  0.2780  0.0260  0.0450  1
 67:   0.0541  0.0641  0.0731  0.5536  0.2553  1
 68:   0.3150  0.2900  0.2970  0.0390  0.0590  1
 69:   0.3734  0.3113  0.2703  0.0260  0.0190  1
 70:   0.3520  0.2990  0.2890  0.0220  0.0380  1
 71:   0.2438  0.2917  0.3686  0.0330  0.0629  1
 72:   0.1888  0.2138  0.2637  0.1508  0.1828  1
 73:   0.2777  0.2957  0.3337  0.0350  0.0579  1
 74:   0.3110  0.3130  0.3250  0.0150  0.0360  1
 75:   0.2162  0.2492  0.3283  0.0801  0.1261  1
 76:   0.3163  0.2943  0.3253  0.0380  0.0260  1
 77:   0.3556  0.3167  0.2967  0.0150  0.0160  1
 78:   0.2488  0.3447  0.3357  0.0150  0.0559  1
 79:   0.2543  0.3323  0.3804  0.0200  0.0130  1
 80:   0.2507  0.3067  0.4006  0.0160  0.0260  1
 81:   0.2543  0.2703  0.3073  0.0691  0.0991  1
 82:   0.2570  0.2920  0.3720  0.0380  0.0410  1
 83:   0.2630  0.2820  0.2940  0.0330  0.1280  1
 84:   0.3060  0.3150  0.3040  0.0460  0.0290  1
 85:   0.2482  0.3363  0.3584  0.0410  0.0160  1
 86:   0.2468  0.3067  0.3437  0.0809  0.0220  1
 87:   0.2160  0.2550  0.3190  0.0420  0.1680  1
 88:   0.2773  0.3133  0.3564  0.0170  0.0360  1
 89:   0.2468  0.3077  0.3886  0.0240  0.0330  1
 90:   0.3467  0.3137  0.2647  0.0410  0.0340  1
 91:   0.2840  0.3150  0.3420  0.0400  0.0190  1
 92:   0.3447  0.3037  0.2737  0.0559  0.0220  1
 93:   0.2490  0.2770  0.3070  0.0380  0.1290  1
 94:   0.2637  0.3247  0.3636  0.0290  0.0190  1
 95:   0.3060  0.3080  0.3220  0.0140  0.0500  1
 96:   0.1780  0.1860  0.1620  0.3530  0.1210  1
 97:   0.3660  0.2940  0.2970  0.0260  0.0170  1
 98:   0.3680  0.2890  0.2540  0.0350  0.0540  1
 99:   0.3864  0.2893  0.2583  0.0300  0.0360  1
100:   0.3240  0.3100  0.2740  0.0630  0.0290  1
101:   0.2490  0.3210  0.3960  0.0190  0.0150  1
102:   0.2650  0.3410  0.3600  0.0110  0.0230  1
103:   0.2520  0.3300  0.3830  0.0140  0.0210  1
104:   0.2663  0.3243  0.3664  0.0200  0.0230  1
105:   0.2372  0.2042  0.1702  0.3203  0.0681  1
106:   0.3010  0.3420  0.3260  0.0180  0.0130  1
107:   0.2278  0.2238  0.2088  0.1429  0.1968  1
108:   0.2740  0.3330  0.3210  0.0220  0.0500  1
109:   0.2753  0.3313  0.3584  0.0200  0.0150  1
110:   0.2460  0.3050  0.4200  0.0140  0.0150  1
111:   0.2550  0.3180  0.3240  0.0110  0.0920  1
112:   0.2760  0.3380  0.3230  0.0430  0.0200  1
113:   0.2933  0.3293  0.3383  0.0220  0.0170  1
114:   0.1800  0.2430  0.3030  0.0520  0.2220  1
115:   0.2903  0.3103  0.3103  0.0480  0.0410  1
116:   0.2690  0.3320  0.3100  0.0580  0.0310  1
117:   0.4044  0.2923  0.2392  0.0290  0.0350  1
118:   0.3560  0.3130  0.2930  0.0220  0.0160  1
119:   0.2600  0.2540  0.2610  0.1070  0.1180  1
120:   0.2370  0.3020  0.3610  0.0350  0.0650  1
121:   0.3140  0.3110  0.3230  0.0360  0.0160  1
122:   0.2358  0.2767  0.3307  0.1189  0.0380  1
123:   0.1840  0.2290  0.2500  0.1460  0.1910  1
124:   0.2720  0.3080  0.3380  0.0460  0.0360  1
125:   0.3120  0.3320  0.3180  0.0220  0.0160  1
126:   0.2028  0.2507  0.2997  0.1069  0.1399  1
127:   0.3050  0.2830  0.2840  0.1060  0.0220  1
128:   0.4070  0.2900  0.2290  0.0300  0.0440  1
129:   0.2032  0.2362  0.2362  0.0210  0.3033  1
130:   0.0570  0.0550  0.0520  0.2360  0.6000  1
131:   0.2787  0.3167  0.3506  0.0200  0.0340  1
132:   0.3670  0.3190  0.2610  0.0290  0.0240  1
133:   0.3160  0.2710  0.2330  0.1220  0.0580  1
134:   0.2790  0.3200  0.3460  0.0290  0.0260  1
135:   0.2360  0.3310  0.3870  0.0150  0.0310  1
136:   0.3880  0.2800  0.2420  0.0440  0.0460  1
137:   0.4040  0.2500  0.2140  0.0770  0.0550  1
138:   0.2570  0.2320  0.2110  0.2720  0.0280  1
139:   0.4254  0.2783  0.2202  0.0521  0.0240  1
140:   0.2450  0.1730  0.1540  0.3080  0.1200  1
141:   0.0390  0.0420  0.0420  0.1390  0.7380  1
142:   0.2422  0.3483  0.3253  0.0420  0.0420  1
143:   0.0970  0.1100  0.1050  0.5260  0.1620  1
144:   0.2760  0.3640  0.2960  0.0160  0.0480  1
145:   0.2740  0.3310  0.3140  0.0390  0.0420  1
146:   0.3433  0.2993  0.2452  0.0330  0.0791  1
147:   0.2790  0.2280  0.2190  0.1060  0.1680  1
148:   0.2700  0.3600  0.3130  0.0200  0.0370  1
149:   0.2450  0.3160  0.3380  0.0480  0.0530  1
150:   0.2653  0.3864  0.3203  0.0130  0.0150  1
151:   0.4196  0.2807  0.2148  0.0589  0.0260  1
152:   0.4100  0.2770  0.2230  0.0420  0.0480  1
153:   0.2360  0.2030  0.1750  0.3410  0.0450  1
154:   0.4340  0.2900  0.2380  0.0210  0.0170  1
155:   0.3556  0.3017  0.2657  0.0390  0.0380  1
156:   0.2590  0.2760  0.2860  0.1170  0.0620  1
157:   0.2933  0.3223  0.3223  0.0270  0.0350  1
158:   0.3023  0.3003  0.2923  0.0290  0.0761  1
159:   0.3420  0.3200  0.2810  0.0450  0.0120  1
160:   0.3900  0.2800  0.2350  0.0560  0.0390  1
161:   0.4244  0.2783  0.2462  0.0310  0.0200  1
162:   0.3130  0.3080  0.2920  0.0350  0.0520  1
163:   0.4234  0.2933  0.2122  0.0400  0.0310  1
164:   0.4276  0.2957  0.2388  0.0180  0.0200  1
165:   0.2657  0.2967  0.3526  0.0699  0.0150  1
166:   0.2320  0.2580  0.2620  0.1660  0.0820  1
167:   0.4220  0.2870  0.2310  0.0400  0.0200  1
168:   0.3756  0.2947  0.2647  0.0220  0.0430  1
169:   0.3350  0.2600  0.2120  0.1430  0.0500  1
170:   0.1922  0.1862  0.1732  0.4084  0.0400  1
171:   0.3746  0.2607  0.2208  0.1249  0.0190  1
172:   0.3150  0.2130  0.1850  0.0740  0.2130  1
173:   0.3984  0.3033  0.2372  0.0170  0.0440  1
174:   0.4254  0.3003  0.2392  0.0170  0.0180  1
175:   0.3263  0.2763  0.2673  0.0440  0.0861  1
176:   0.3544  0.2623  0.2012  0.1301  0.0521  1
177:   0.0320  0.0370  0.0390  0.7303  0.1618  1
178:   0.0670  0.0670  0.0760  0.7020  0.0880  1
179:   0.0310  0.0300  0.0270  0.8950  0.0170  1
180:   0.2472  0.3173  0.3694  0.0501  0.0160  1
181:   0.0360  0.0290  0.0280  0.8770  0.0300  1
182:   0.0370  0.0380  0.0370  0.8062  0.0819  1
183:   0.1049  0.0869  0.0779  0.6074  0.1229  1
184:   0.0800  0.0890  0.0840  0.5570  0.1900  1
185:   0.0820  0.0680  0.0680  0.5170  0.2650  1
186:   0.0651  0.0721  0.0842  0.6403  0.1383  1
187:   0.2028  0.1668  0.1528  0.0989  0.3786  1
188:   0.1660  0.2180  0.2200  0.1530  0.2430  1
189:   0.0280  0.0230  0.0230  0.9030  0.0230  1
190:   0.1742  0.1612  0.1351  0.5145  0.0150  1
191:   0.1049  0.1289  0.1878  0.2478  0.3307  1
192:   0.0130  0.0130  0.0130  0.9359  0.0250  1
193:   0.0140  0.0130  0.0130  0.9410  0.0190  1
194:   0.0180  0.0210  0.0180  0.9170  0.0260  1
195:   0.0190  0.0170  0.0160  0.9310  0.0170  1
196:   0.0300  0.0280  0.0260  0.8220  0.0940  1
197:   0.0160  0.0140  0.0150  0.9390  0.0160  1
198:   0.0500  0.0430  0.0400  0.8470  0.0200  1
199:   0.0260  0.0300  0.0320  0.8969  0.0150  1
200:   0.0619  0.0629  0.0729  0.7143  0.0879  1
201:   0.1480  0.1610  0.1590  0.1080  0.4240  1
202:   0.0240  0.0200  0.0210  0.9210  0.0140  1
203:   0.0440  0.0420  0.0340  0.8160  0.0640  1
204:   0.0160  0.0150  0.0150  0.9140  0.0400  1
205:   0.0330  0.0320  0.0310  0.8760  0.0280  1
206:   0.0420  0.0370  0.0380  0.7233  0.1598  1
207:   0.0719  0.0799  0.1059  0.2008  0.5415  1
208:   0.0140  0.0130  0.0150  0.0140  0.9439  1
209:   0.1060  0.1060  0.1050  0.1200  0.5630  1
210:   0.0190  0.0180  0.0170  0.1980  0.7480  1
211:   0.0430  0.0390  0.0360  0.0240  0.8580  1
212:   0.0420  0.0509  0.0490  0.8062  0.0519  1
213:   0.0230  0.0270  0.0260  0.0220  0.9020  1
214:   0.0280  0.0300  0.0290  0.1620  0.7510  1
215:   0.0150  0.0150  0.0150  0.8791  0.0759  1
216:   0.0430  0.0430  0.0450  0.4890  0.3800  1
217:   0.0320  0.0290  0.0290  0.6810  0.2290  1
218:   0.0340  0.0290  0.0280  0.8850  0.0240  1
219:   0.0250  0.0250  0.0310  0.1968  0.7223  1
220:   0.0400  0.0510  0.0500  0.1410  0.7180  1
221:   0.1532  0.1391  0.1221  0.0501  0.5355  1
222:   0.0230  0.0200  0.0190  0.0490  0.8890  1
223:   0.0230  0.0210  0.0210  0.8950  0.0400  1
224:   0.2110  0.2850  0.2680  0.1540  0.0820  1
225:   0.0790  0.0920  0.1090  0.6300  0.0900  1
226:   0.0210  0.0200  0.0210  0.9030  0.0350  1
227:   0.0870  0.0920  0.1090  0.5570  0.1550  1
228:   0.0470  0.0500  0.0500  0.8100  0.0430  1
229:   0.0230  0.0220  0.0200  0.0220  0.9131  1
230:   0.0250  0.0250  0.0250  0.0190  0.9060  1
231:   0.0230  0.0230  0.0230  0.8569  0.0741  1
232:   0.0170  0.0180  0.0160  0.0280  0.9210  1
233:   0.0250  0.0280  0.0250  0.0290  0.8930  1
234:   0.4050  0.2670  0.2300  0.0490  0.0490  1
235:   0.0480  0.0539  0.0549  0.0420  0.8012  1
236:   0.0270  0.0310  0.0330  0.0210  0.8880  1
237:   0.0310  0.0340  0.0410  0.0690  0.8250  1
238:   0.0460  0.0400  0.0330  0.3860  0.4950  1
239:   0.0600  0.0570  0.0560  0.0310  0.7960  1
240:   0.0410  0.0520  0.0460  0.0350  0.8260  1
241:   0.3610  0.2560  0.2360  0.0840  0.0630  1
242:   0.0889  0.0869  0.0899  0.1618  0.5724  1
243:   0.0270  0.0280  0.0340  0.0240  0.8870  1
244:   0.1610  0.1470  0.1220  0.2080  0.3620  1
245:   0.0130  0.0130  0.0140  0.0250  0.9349  1
246:   0.0570  0.0550  0.0610  0.1980  0.6290  1
247:   0.0610  0.0540  0.0490  0.0900  0.7460  1
248:   0.0370  0.0360  0.0380  0.0669  0.8222  1
249:   0.0720  0.0880  0.1010  0.0420  0.6970  1
250:   0.2090  0.1650  0.1480  0.1390  0.3390  1
251:   0.0200  0.0180  0.0170  0.0600  0.8850  1
252:   0.0170  0.0170  0.0210  0.0160  0.9289  1
253:   0.0420  0.0400  0.0410  0.1730  0.7040  1
254:   0.0630  0.0720  0.0840  0.0710  0.7100  1
255:   0.0190  0.0190  0.0190  0.1481  0.7948  1
256:   0.0150  0.0140  0.0140  0.0290  0.9280  1
257:   0.0170  0.0170  0.0160  0.0810  0.8690  1
258:   0.0511  0.0601  0.0581  0.0921  0.7387  1
259:   0.0410  0.0390  0.0370  0.0960  0.7870  1

  1:   0.3020  0.2860  0.2810  0.0730  0.0580  1
  2:   0.2452  0.3293  0.3844  0.0140  0.0270  1
  3:   0.3200  0.3460  0.2630  0.0570  0.0140  1
  4:   0.3487  0.3257  0.2987  0.0150  0.0120  1
  5:   0.3223  0.3453  0.2673  0.0501  0.0150  1
  6:   0.1588  0.1389  0.1139  0.0519  0.5365  1
  7:   0.2600  0.3100  0.3110  0.0160  0.1030  1
  8:   0.3073  0.3874  0.2783  0.0150  0.0120  1
  9:   0.1210  0.1930  0.1850  0.4280  0.0730  1
 10:   0.3270  0.3300  0.2730  0.0200  0.0500  1
 11:   0.1592  0.2292  0.2392  0.1592  0.2132  1
 12:   0.2320  0.3580  0.3380  0.0290  0.0430  1
 13:   0.1420  0.1320  0.1160  0.0980  0.5120  1
 14:   0.2970  0.2440  0.2570  0.0460  0.1560  1
 15:   0.2200  0.3330  0.3730  0.0320  0.0420  1
 16:   0.1982  0.3403  0.3794  0.0440  0.0380  1
 17:   0.2953  0.2853  0.3814  0.0170  0.0210  1
 18:   0.2490  0.2120  0.2030  0.2670  0.0690  1
 19:   0.3120  0.3100  0.3130  0.0170  0.0480  1
 20:   0.1930  0.3350  0.3840  0.0570  0.0310  1
 21:   0.3020  0.2310  0.2490  0.0330  0.1850  1
 22:   0.1638  0.3417  0.4426  0.0150  0.0370  1
 23:   0.2920  0.3500  0.3090  0.0370  0.0120  1
 24:   0.3450  0.2470  0.2900  0.0400  0.0780  1
 25:   0.3510  0.3230  0.2700  0.0400  0.0160  1
 26:   0.1858  0.1918  0.1978  0.0260  0.3986  1
 27:   0.1990  0.3290  0.4160  0.0210  0.0350  1
 28:   0.3220  0.3440  0.2390  0.0340  0.0610  1
 29:   0.3360  0.2740  0.3030  0.0320  0.0550  1
 30:   0.2112  0.2573  0.2482  0.2042  0.0791  1
 31:   0.3427  0.2288  0.2188  0.1768  0.0330  1
 32:   0.3160  0.3080  0.3160  0.0290  0.0310  1
 33:   0.3604  0.2623  0.2833  0.0260  0.0681  1
 34:   0.2800  0.2870  0.2470  0.1690  0.0170  1
 35:   0.4260  0.2530  0.2690  0.0250  0.0270  1
 36:   0.1840  0.1500  0.1450  0.2750  0.2460  1
 37:   0.1810  0.3240  0.4630  0.0180  0.0140  1
 38:   0.2570  0.2960  0.3180  0.0650  0.0640  1
 39:   0.2040  0.3190  0.3280  0.0620  0.0870  1
