  1:   0.3257  0.2667  0.2857  0.0656  0.0562  1
  2:   0.2896  0.3114  0.3578  0.0142  0.0270  1
  3:   0.2995  0.3445  0.2847  0.0574  0.0140  1
  4:   0.3341  0.3287  0.3113  0.0140  0.0118  1
  5:   0.2882  0.3592  0.2890  0.0476  0.0160  1
  6:   0.1378  0.1460  0.1218  0.0526  0.5419  1
  7:   0.2741  0.2983  0.3083  0.0168  0.1024  1
  8:   0.2819  0.3923  0.2987  0.0150  0.0122  1
  9:   0.1334  0.1800  0.1806  0.4338  0.0722  1
 10:   0.2947  0.3583  0.2793  0.0194  0.0484  1
 11:   0.1810  0.2248  0.2278  0.1552  0.2114  1
 12:   0.2501  0.3465  0.3279  0.0300  0.0456  1
 13:   0.1298  0.1304  0.1294  0.1008  0.5097  1
 14:   0.2953  0.2442  0.2657  0.0454  0.1494  1
 15:   0.2555  0.3239  0.3465  0.0328  0.0412  1
 16:   0.2524  0.3148  0.3502  0.0450  0.0376  1
 17:   0.3331  0.2683  0.3621  0.0172  0.0194  1
 18:   0.2325  0.2205  0.2131  0.2672  0.0668  1
 19:   0.3157  0.3209  0.2989  0.0172  0.0474  1
 20:   0.2502  0.3012  0.3614  0.0578  0.0294  1
 21:   0.2861  0.2334  0.2578  0.0306  0.1920  1
 22:   0.2456  0.3165  0.3865  0.0144  0.0370  1
 23:   0.2720  0.3522  0.3246  0.0392  0.0120  1
 24:   0.3355  0.2517  0.2940  0.0416  0.0772  1
 25:   0.3321  0.3237  0.2899  0.0388  0.0154  1
 26:   0.1785  0.2101  0.1961  0.0260  0.3892  1
 27:   0.2771  0.2999  0.3685  0.0218  0.0328  1
 28:   0.2721  0.3754  0.2663  0.0340  0.0522  1
 29:   0.3211  0.2913  0.2989  0.0334  0.0554  1
 30:   0.2061  0.2610  0.2443  0.2115  0.0770  1
 31:   0.3323  0.2108  0.2452  0.1798  0.0320  1
 32:   0.3173  0.3097  0.3127  0.0280  0.0322  1
 33:   0.3211  0.2969  0.2883  0.0276  0.0662  1
 34:   0.2611  0.2905  0.2651  0.1664  0.0170  1
 35:   0.4171  0.2373  0.2948  0.0248  0.0260  1
 36:   0.1792  0.1576  0.1558  0.2625  0.2450  1
 37:   0.2783  0.2901  0.4001  0.0172  0.0142  1
 38:   0.2598  0.3006  0.3078  0.0668  0.0650  1
 39:   0.2306  0.3115  0.3125  0.0600  0.0854  1
 40:   0.4041  0.2146  0.2723  0.0926  0.0164  1
 41:   0.1197  0.1061  0.1065  0.5137  0.1539  1
 42:   0.2756  0.2626  0.2620  0.0770  0.1228  1
 43:   0.3365  0.2704  0.3321  0.0138  0.0472  1
 44:   0.3426  0.3060  0.2834  0.0386  0.0294  1
 45:   0.3021  0.2822  0.3571  0.0252  0.0334  1
 46:   0.3714  0.2504  0.3066  0.0430  0.0286  1
 47:   0.2532  0.3081  0.2675  0.1386  0.0326  1
 48:   0.2651  0.2969  0.3339  0.0222  0.0820  1
 49:   0.3121  0.2861  0.2959  0.0438  0.0622  1
 50:   0.2683  0.2897  0.3437  0.0324  0.0660  1
 51:   0.2340  0.3007  0.3051  0.0884  0.0718  1
 52:   0.2570  0.3362  0.3576  0.0332  0.0160  1
 53:   0.3279  0.2719  0.3105  0.0510  0.0386  1
 54:   0.1836  0.2154  0.2398  0.1012  0.2599  1
 55:   0.3570  0.2913  0.2803  0.0324  0.0390  1
 56:   0.2364  0.3501  0.3227  0.0640  0.0268  1
 57:   0.3728  0.2459  0.2797  0.0744  0.0272  1
 58:   0.3187  0.3331  0.2931  0.0342  0.0208  1
 59:   0.2208  0.3259  0.2321  0.0298  0.1914  1
 60:   0.4323  0.2451  0.2888  0.0202  0.0136  1
 61:   0.2804  0.2198  0.2538  0.0866  0.1594  1
 62:   0.2863  0.3015  0.3417  0.0502  0.0202  1
 63:   0.3478  0.3148  0.2982  0.0142  0.0250  1
 64:   0.2739  0.3045  0.3569  0.0278  0.0370  1
 65:   0.3251  0.2243  0.2383  0.1278  0.0846  1
 66:   0.3535  0.2714  0.3075  0.0240  0.0436  1
 67:   0.0558  0.0660  0.0672  0.5608  0.2502  1
 68:   0.3205  0.2747  0.3079  0.0366  0.0602  1
 69:   0.3607  0.3057  0.2885  0.0266  0.0184  1
 70:   0.3771  0.2609  0.3037  0.0226  0.0356  1
 71:   0.2479  0.3293  0.3271  0.0314  0.0644  1
 72:   0.1853  0.2443  0.2449  0.1451  0.1805  1
 73:   0.2566  0.3296  0.3194  0.0362  0.0582  1
 74:   0.3027  0.3059  0.3425  0.0140  0.0350  1
 75:   0.2484  0.2398  0.3038  0.0796  0.1284  1
 76:   0.3017  0.3195  0.3153  0.0384  0.0252  1
 77:   0.3659  0.2837  0.3223  0.0138  0.0144  1
 78:   0.2348  0.4069  0.2931  0.0144  0.0508  1
 79:   0.2780  0.3201  0.3671  0.0214  0.0134  1
 80:   0.2836  0.3038  0.3714  0.0166  0.0246  1
 81:   0.2624  0.2692  0.3027  0.0642  0.1014  1
 82:   0.2411  0.3255  0.3541  0.0402  0.0390  1
 83:   0.2649  0.2811  0.2989  0.0308  0.1244  1
 84:   0.3069  0.3189  0.3025  0.0442  0.0276  1
 85:   0.2472  0.3901  0.3063  0.0402  0.0162  1
 86:   0.2189  0.4069  0.2813  0.0734  0.0196  1
 87:   0.2118  0.2875  0.2919  0.0404  0.1684  1
 88:   0.2936  0.2942  0.3602  0.0168  0.0352  1
 89:   0.2348  0.3593  0.3529  0.0222  0.0308  1
 90:   0.3793  0.2632  0.2855  0.0384  0.0336  1
 91:   0.3091  0.3071  0.3275  0.0390  0.0172  1
 92:   0.3811  0.2609  0.2851  0.0528  0.0202  1
 93:   0.2428  0.3210  0.2760  0.0368  0.1234  1
 94:   0.2421  0.3913  0.3219  0.0260  0.0186  1
 95:   0.3110  0.3112  0.3160  0.0138  0.0480  1
 96:   0.1646  0.2376  0.1574  0.3280  0.1124  1
 97:   0.3409  0.2921  0.3273  0.0234  0.0162  1
 98:   0.3401  0.2917  0.2807  0.0344  0.0532  1
 99:   0.3878  0.2670  0.2822  0.0294  0.0336  1
100:   0.3445  0.2821  0.2867  0.0588  0.0278  1
101:   0.2576  0.3848  0.3232  0.0190  0.0154  1
102:   0.2897  0.3323  0.3451  0.0110  0.0220  1
103:   0.2481  0.3671  0.3507  0.0138  0.0204  1
104:   0.3046  0.2968  0.3571  0.0198  0.0216  1
105:   0.2100  0.2052  0.1953  0.3225  0.0671  1
106:   0.3207  0.3147  0.3345  0.0168  0.0134  1
107:   0.2482  0.2006  0.2154  0.1446  0.1914  1
108:   0.2865  0.3567  0.2859  0.0222  0.0486  1
109:   0.3319  0.3015  0.3343  0.0188  0.0136  1
110:   0.2830  0.2962  0.3942  0.0130  0.0136  1
111:   0.2587  0.3406  0.3011  0.0108  0.0888  1
112:   0.3369  0.2963  0.3075  0.0408  0.0186  1
113:   0.2688  0.3885  0.3046  0.0212  0.0170  1
114:   0.2038  0.2418  0.2821  0.0508  0.2216  1
115:   0.3059  0.2847  0.3211  0.0484  0.0398  1
116:   0.3058  0.3266  0.2822  0.0546  0.0308  1
117:   0.4056  0.2417  0.2901  0.0288  0.0338  1
118:   0.3621  0.2713  0.3299  0.0214  0.0154  1
119:   0.2534  0.2571  0.2543  0.1096  0.1256  1
120:   0.2449  0.3112  0.3442  0.0346  0.0650  1
121:   0.3240  0.2912  0.3340  0.0352  0.0156  1
122:   0.2340  0.2905  0.3139  0.1248  0.0368  1
123:   0.2033  0.2265  0.2325  0.1459  0.1919  1
124:   0.2936  0.2876  0.3384  0.0446  0.0358  1
125:   0.3208  0.3226  0.3196  0.0216  0.0154  1
126:   0.2141  0.2651  0.2755  0.1064  0.1389  1
127:   0.3285  0.2465  0.2979  0.1044  0.0228  1
128:   0.3984  0.2370  0.2938  0.0290  0.0418  1
129:   0.2138  0.2262  0.2284  0.0206  0.3109  1
130:   0.0564  0.0528  0.0514  0.2366  0.6029  1
131:   0.3258  0.2796  0.3446  0.0178  0.0322  1
132:   0.3683  0.2739  0.3055  0.0274  0.0250  1
133:   0.3206  0.2472  0.2588  0.1124  0.0610  1
134:   0.2798  0.3574  0.3092  0.0286  0.0250  1
135:   0.2866  0.3124  0.3566  0.0152  0.0292  1
136:   0.4081  0.2271  0.2762  0.0456  0.0430  1
137:   0.3429  0.2418  0.2745  0.0854  0.0554  1
138:   0.2304  0.2419  0.2276  0.2721  0.0280  1
139:   0.3764  0.2584  0.2888  0.0538  0.0226  1
140:   0.2184  0.1728  0.1742  0.3179  0.1168  1
141:   0.0366  0.0446  0.0382  0.1270  0.7536  1
142:   0.2812  0.3585  0.2781  0.0424  0.0398  1
143:   0.0869  0.1199  0.1037  0.5351  0.1543  1
144:   0.2554  0.4195  0.2678  0.0152  0.0422  1
145:   0.2607  0.3675  0.2979  0.0352  0.0386  1
146:   0.2865  0.3577  0.2476  0.0328  0.0754  1
147:   0.2635  0.2349  0.2361  0.1034  0.1621  1
148:   0.2468  0.4221  0.2772  0.0198  0.0342  1
149:   0.2771  0.3133  0.3129  0.0462  0.0506  1
150:   0.2436  0.4561  0.2725  0.0132  0.0146  1
151:   0.4012  0.2371  0.2763  0.0604  0.0250  1
152:   0.3527  0.2752  0.2779  0.0458  0.0484  1
153:   0.2248  0.2138  0.1880  0.3290  0.0444  1
154:   0.4452  0.2210  0.2980  0.0202  0.0156  1
155:   0.3519  0.2686  0.3077  0.0372  0.0346  1
156:   0.2435  0.3105  0.2703  0.1190  0.0566  1
157:   0.2676  0.3724  0.3016  0.0258  0.0326  1
158:   0.3065  0.2957  0.2977  0.0270  0.0732  1
159:   0.3672  0.2786  0.2988  0.0432  0.0122  1
160:   0.3531  0.2873  0.2693  0.0548  0.0354  1
161:   0.4334  0.2236  0.2952  0.0286  0.0192  1
162:   0.3032  0.3036  0.3066  0.0330  0.0536  1
163:   0.3882  0.2570  0.2856  0.0378  0.0314  1
164:   0.3929  0.2683  0.3023  0.0178  0.0186  1
165:   0.2637  0.3151  0.3413  0.0662  0.0138  1
166:   0.2330  0.2596  0.2639  0.1624  0.0812  1
167:   0.3689  0.2727  0.3005  0.0384  0.0196  1
168:   0.3590  0.2907  0.2843  0.0224  0.0436  1
169:   0.3149  0.2452  0.2475  0.1410  0.0514  1
170:   0.1793  0.1979  0.1711  0.4140  0.0376  1
171:   0.3250  0.2512  0.2715  0.1342  0.0180  1
172:   0.2932  0.1972  0.2266  0.0726  0.2104  1
173:   0.3897  0.2516  0.2979  0.0180  0.0428  1
174:   0.4088  0.2543  0.3007  0.0172  0.0190  1
175:   0.3133  0.2672  0.2859  0.0426  0.0910  1
176:   0.3374  0.2248  0.2534  0.1324  0.0520  1
177:   0.0342  0.0452  0.0366  0.7151  0.1689  1
178:   0.0612  0.0716  0.0720  0.7130  0.0822  1
179:   0.0302  0.0288  0.0282  0.8956  0.0172  1
180:   0.2382  0.3582  0.3360  0.0518  0.0158  1
181:   0.0316  0.0264  0.0278  0.8856  0.0286  1
182:   0.0342  0.0404  0.0354  0.8090  0.0810  1
183:   0.0954  0.0796  0.0844  0.6196  0.1210  1
184:   0.0798  0.0906  0.0818  0.5626  0.1853  1
185:   0.0722  0.0700  0.0692  0.5176  0.2709  1
186:   0.0560  0.0732  0.0722  0.6636  0.1349  1
187:   0.2048  0.1628  0.1666  0.0998  0.3659  1
188:   0.1580  0.2473  0.1962  0.1508  0.2478  1
189:   0.0240  0.0226  0.0234  0.9060  0.0240  1
190:   0.1631  0.1731  0.1457  0.5040  0.0142  1
191:   0.1054  0.1498  0.1638  0.2417  0.3393  1
192:   0.0126  0.0126  0.0128  0.9382  0.0238  1
193:   0.0124  0.0126  0.0120  0.9450  0.0180  1
194:   0.0180  0.0190  0.0182  0.9194  0.0254  1
195:   0.0170  0.0168  0.0156  0.9338  0.0168  1
196:   0.0268  0.0264  0.0258  0.8281  0.0928  1
197:   0.0152  0.0140  0.0136  0.9418  0.0154  1
198:   0.0526  0.0416  0.0426  0.8440  0.0192  1
199:   0.0260  0.0300  0.0284  0.9010  0.0146  1
200:   0.0588  0.0888  0.0654  0.7025  0.0844  1
201:   0.1570  0.1566  0.1612  0.1088  0.4165  1
202:   0.0222  0.0198  0.0194  0.9252  0.0134  1
203:   0.0422  0.0374  0.0354  0.8244  0.0606  1
204:   0.0146  0.0142  0.0144  0.9196  0.0372  1
205:   0.0306  0.0286  0.0298  0.8844  0.0266  1
206:   0.0374  0.0388  0.0362  0.7433  0.1443  1
207:   0.0728  0.0882  0.0950  0.2086  0.5355  1
208:   0.0140  0.0132  0.0140  0.0130  0.9458  1
209:   0.0974  0.1120  0.0986  0.1236  0.5683  1
210:   0.0172  0.0174  0.0160  0.1808  0.7687  1
211:   0.0384  0.0402  0.0372  0.0220  0.8622  1
212:   0.0420  0.0462  0.0448  0.8172  0.0498  1
213:   0.0236  0.0270  0.0256  0.0218  0.9020  1
214:   0.0266  0.0298  0.0296  0.1652  0.7488  1
215:   0.0134  0.0148  0.0136  0.8848  0.0734  1
216:   0.0412  0.0412  0.0422  0.5041  0.3712  1
217:   0.0326  0.0292  0.0300  0.6833  0.2249  1
218:   0.0310  0.0272  0.0282  0.8918  0.0218  1
219:   0.0230  0.0286  0.0268  0.2001  0.7215  1
220:   0.0394  0.0594  0.0446  0.1376  0.7190  1
221:   0.1522  0.1306  0.1374  0.0490  0.5307  1
222:   0.0210  0.0202  0.0194  0.0458  0.8936  1
223:   0.0210  0.0204  0.0206  0.9004  0.0376  1
224:   0.2254  0.2888  0.2498  0.1524  0.0836  1
225:   0.0752  0.1026  0.0950  0.6437  0.0834  1
226:   0.0192  0.0198  0.0202  0.9056  0.0352  1
227:   0.0852  0.0904  0.0986  0.5756  0.1502  1
228:   0.0440  0.0468  0.0482  0.8222  0.0388  1
229:   0.0204  0.0202  0.0192  0.0206  0.9196  1
230:   0.0252  0.0262  0.0254  0.0200  0.9032  1
231:   0.0228  0.0220  0.0226  0.8628  0.0698  1
232:   0.0168  0.0178  0.0160  0.0258  0.9236  1
233:   0.0246  0.0256  0.0240  0.0274  0.8984  1
234:   0.3844  0.2398  0.2804  0.0486  0.0468  1
235:   0.0514  0.0486  0.0520  0.0414  0.8066  1
236:   0.0252  0.0276  0.0298  0.0200  0.8974  1
237:   0.0312  0.0380  0.0374  0.0676  0.8258  1
238:   0.0414  0.0366  0.0376  0.3991  0.4853  1
239:   0.0554  0.0656  0.0516  0.0290  0.7984  1
240:   0.0394  0.0696  0.0452  0.0356  0.8102  1
241:   0.3497  0.2448  0.2615  0.0812  0.0628  1
242:   0.0902  0.0796  0.0902  0.1510  0.5890  1
243:   0.0264  0.0274  0.0276  0.0230  0.8955  1
244:   0.1614  0.1338  0.1404  0.2094  0.3550  1
245:   0.0120  0.0132  0.0126  0.0256  0.9366  1
246:   0.0554  0.0558  0.0588  0.1784  0.6517  1
247:   0.0546  0.0548  0.0492  0.0884  0.7529  1
248:   0.0352  0.0364  0.0352  0.0676  0.8257  1
249:   0.0680  0.1074  0.0848  0.0420  0.6978  1
250:   0.1805  0.1663  0.1727  0.1445  0.3359  1
251:   0.0184  0.0180  0.0178  0.0634  0.8824  1
252:   0.0158  0.0188  0.0180  0.0156  0.9318  1
253:   0.0416  0.0392  0.0400  0.1867  0.6926  1
254:   0.0614  0.0748  0.0762  0.0726  0.7151  1
255:   0.0178  0.0182  0.0188  0.1445  0.8006  1
256:   0.0142  0.0138  0.0138  0.0284  0.9298  1
257:   0.0164  0.0162  0.0162  0.0876  0.8636  1
258:   0.0508  0.0596  0.0516  0.0874  0.7506  1
259:   0.0398  0.0408  0.0372  0.0952  0.7870  1
