  1:   0.4128  0.1322  0.1906  0.2644  1
  2:   0.1992  0.5351  0.1296  0.1362  1
  3:   0.2665  0.2282  0.2620  0.2433  1
  4:   0.2200  0.1242  0.2288  0.4271  1
  5:   0.1826  0.2394  0.3235  0.2545  1
  6:   0.1589  0.1367  0.3880  0.3163  1
  7:   0.4335  0.1744  0.1786  0.2135  1
  8:   0.2155  0.2408  0.2402  0.3035  1
  9:   0.2762  0.1970  0.3076  0.2192  1
 10:   0.1438  0.2548  0.3956  0.2058  1
 11:   0.1598  0.1552  0.4194  0.2656  1
 12:   0.1610  0.1436  0.3924  0.3030  1
 13:   0.3275  0.1774  0.1884  0.3067  1
 14:   0.3520  0.2215  0.1941  0.2325  1
 15:   0.2124  0.3940  0.1876  0.2060  1
 16:   0.3435  0.3257  0.1324  0.1984  1
 17:   0.2417  0.2027  0.2638  0.2918  1
 18:   0.1396  0.4119  0.2502  0.1982  1
 19:   0.1580  0.4602  0.1766  0.2052  1
 20:   0.3278  0.2528  0.1972  0.2222  1
 21:   0.2483  0.2911  0.1863  0.2743  1
 22:   0.2941  0.3167  0.1524  0.2367  1
 23:   0.3267  0.2635  0.1868  0.2230  1
 24:   0.2721  0.2577  0.2395  0.2307  1
 25:   0.2539  0.1837  0.3120  0.2503  1
 26:   0.2470  0.3110  0.2374  0.2046  1
 27:   0.3574  0.2680  0.1610  0.2136  1
 28:   0.1858  0.3165  0.2125  0.2851  1
 29:   0.2122  0.3732  0.2284  0.1862  1
 30:   0.2763  0.3459  0.1779  0.1999  1
 31:   0.3612  0.2037  0.2173  0.2177  1
 32:   0.2396  0.2512  0.2528  0.2564  1
 33:   0.2288  0.3186  0.2214  0.2312  1
 34:   0.2303  0.4324  0.1336  0.2037  1
 35:   0.2158  0.5314  0.1124  0.1404  1
 36:   0.1723  0.4750  0.1435  0.2091  1
 37:   0.2194  0.2640  0.2474  0.2692  1
 38:   0.2047  0.1879  0.3258  0.2816  1
 39:   0.2388  0.3942  0.1606  0.2064  1
 40:   0.1664  0.1644  0.4367  0.2325  1
 41:   0.1822  0.5276  0.1602  0.1300  1
 42:   0.2316  0.3750  0.2198  0.1736  1
 43:   0.2971  0.3579  0.1427  0.2023  1
 44:   0.1478  0.2018  0.4421  0.2082  1
 45:   0.2205  0.2845  0.2317  0.2633  1
 46:   0.2615  0.3779  0.1525  0.2081  1
 47:   0.1256  0.4517  0.2504  0.1722  1
 48:   0.2399  0.3023  0.2521  0.2057  1
 49:   0.2004  0.4855  0.1308  0.1832  1
 50:   0.2244  0.1348  0.4198  0.2210  1
 51:   0.2433  0.2967  0.1822  0.2779  1
 52:   0.2638  0.2948  0.2238  0.2176  1
 53:   0.2034  0.2164  0.2168  0.3635  1
 54:   0.2520  0.2941  0.1990  0.2549  1
 55:   0.2345  0.1759  0.2493  0.3403  1
 56:   0.1967  0.1490  0.2961  0.3582  1
 57:   0.2219  0.3323  0.2389  0.2069  1
 58:   0.1833  0.2341  0.3319  0.2507  1
 59:   0.1766  0.1476  0.3734  0.3024  1
 60:   0.4711  0.1208  0.1394  0.2686  1
 61:   0.2037  0.2431  0.2709  0.2823  1
 62:   0.2797  0.2629  0.2227  0.2347  1
 63:   0.2881  0.3321  0.1812  0.1986  1
 64:   0.3672  0.2630  0.1756  0.1942  1
 65:   0.2182  0.1654  0.3166  0.2998  1
 66:   0.2825  0.2915  0.2370  0.1890  1
 67:   0.2360  0.1584  0.3212  0.2844  1
 68:   0.1980  0.2462  0.2639  0.2919  1
 69:   0.1737  0.3289  0.2239  0.2735  1
 70:   0.2092  0.3196  0.1978  0.2734  1
 71:   0.2082  0.3205  0.1970  0.2743  1
 72:   0.1876  0.1742  0.3019  0.3363  1
 73:   0.3191  0.1976  0.1806  0.3027  1
 74:   0.2418  0.3233  0.1724  0.2625  1
 75:   0.2730  0.3488  0.1584  0.2198  1
 76:   0.2334  0.2635  0.2641  0.2390  1
 77:   0.1353  0.4588  0.1769  0.2291  1
 78:   0.2217  0.1012  0.2511  0.4260  1
 79:   0.2750  0.1680  0.2524  0.3046  1
 80:   0.3349  0.2094  0.2174  0.2383  1
 81:   0.1566  0.3971  0.2070  0.2394  1
 82:   0.3840  0.1372  0.2148  0.2640  1
 83:   0.3691  0.2422  0.1620  0.2268  1
 84:   0.2559  0.3775  0.1392  0.2274  1
 85:   0.1551  0.5366  0.1307  0.1775  1
 86:   0.1624  0.3160  0.2742  0.2474  1
 87:   0.2443  0.1305  0.4064  0.2189  1
 88:   0.2572  0.2392  0.2130  0.2906  1
 89:   0.5672  0.1024  0.1092  0.2213  1
 90:   0.3115  0.1940  0.2727  0.2218  1
 91:   0.1856  0.1804  0.3744  0.2596  1
 92:   0.3500  0.2246  0.1838  0.2416  1
 93:   0.5776  0.0982  0.1030  0.2212  1
 94:   0.2855  0.2903  0.1960  0.2282  1
 95:   0.1702  0.3413  0.2575  0.2310  1
 96:   0.3447  0.2418  0.1806  0.2329  1
 97:   0.1195  0.1287  0.5150  0.2367  1
 98:   0.2316  0.2568  0.2339  0.2776  1
 99:   0.2606  0.1246  0.1964  0.4184  1
100:   0.1938  0.3166  0.2068  0.2828  1
101:   0.3807  0.1946  0.1618  0.2629  1
102:   0.2359  0.2523  0.1732  0.3385  1
103:   0.2508  0.4264  0.1556  0.1672  1
104:   0.2030  0.2514  0.3072  0.2384  1
105:   0.3336  0.2242  0.1762  0.2660  1
106:   0.4372  0.2199  0.1314  0.2115  1
107:   0.3245  0.1988  0.1906  0.2861  1
108:   0.3479  0.1748  0.2476  0.2297  1
109:   0.2038  0.3123  0.2041  0.2798  1
110:   0.1896  0.2234  0.3505  0.2366  1
111:   0.1773  0.5186  0.1451  0.1591  1
112:   0.3375  0.2335  0.1971  0.2319  1
113:   0.1838  0.2200  0.3619  0.2342  1
114:   0.4380  0.2197  0.1319  0.2105  1
115:   0.2044  0.2720  0.2558  0.2678  1
116:   0.3411  0.1504  0.1674  0.3411  1
117:   0.3354  0.1356  0.2982  0.2308  1
118:   0.1979  0.2379  0.2971  0.2671  1
119:   0.2732  0.2589  0.1993  0.2686  1
120:   0.2619  0.1250  0.1955  0.4176  1
121:   0.1936  0.2112  0.3768  0.2184  1
122:   0.1574  0.1258  0.4149  0.3019  1
123:   0.1156  0.3005  0.3783  0.2056  1
124:   0.1714  0.3366  0.2840  0.2080  1
125:   0.2811  0.2484  0.2102  0.2603  1
126:   0.2345  0.1302  0.2166  0.4187  1
127:   0.0888  0.0618  0.6369  0.2125  1
128:   0.4034  0.1505  0.1893  0.2569  1
129:   0.5752  0.0995  0.1027  0.2227  1
130:   0.5343  0.1182  0.1188  0.2287  1
131:   0.5399  0.1090  0.1222  0.2289  1
132:   0.3476  0.1790  0.2394  0.2340  1
133:   0.1804  0.2895  0.2971  0.2330  1
134:   0.2494  0.3379  0.2132  0.1995  1
135:   0.2166  0.2120  0.3033  0.2682  1
136:   0.2126  0.1796  0.2660  0.3418  1
137:   0.0930  0.0660  0.6265  0.2145  1
138:   0.0930  0.0652  0.6272  0.2146  1
139:   0.3239  0.2845  0.1612  0.2305  1
140:   0.2688  0.3640  0.1670  0.2002  1
141:   0.2206  0.2573  0.3005  0.2216  1
142:   0.2327  0.3423  0.2175  0.2075  1
143:   0.1586  0.5837  0.1102  0.1474  1
144:   0.3010  0.2118  0.2502  0.2370  1
145:   0.1726  0.3757  0.2477  0.2040  1
146:   0.2980  0.2464  0.1430  0.3126  1
147:   0.1674  0.2451  0.3389  0.2486  1
148:   0.2586  0.2328  0.2090  0.2996  1
149:   0.2058  0.2904  0.2734  0.2304  1
150:   0.3303  0.3303  0.1312  0.2082  1
151:   0.1724  0.2114  0.3385  0.2776  1
152:   0.1788  0.3484  0.2522  0.2206  1
153:   0.2258  0.3783  0.1748  0.2210  1
154:   0.1418  0.1954  0.4466  0.2162  1
155:   0.1786  0.2362  0.3582  0.2270  1
156:   0.3567  0.2050  0.1742  0.2641  1
157:   0.3314  0.3226  0.1764  0.1696  1
158:   0.3310  0.3332  0.1682  0.1676  1
159:   0.2480  0.2692  0.2674  0.2154  1
160:   0.1536  0.5113  0.1810  0.1540  1
161:   0.1206  0.2387  0.4371  0.2036  1
162:   0.4144  0.2262  0.1518  0.2076  1
163:   0.2261  0.1777  0.2333  0.3629  1
164:   0.3123  0.1491  0.2027  0.3359  1
165:   0.1216  0.1670  0.4941  0.2173  1
166:   0.2340  0.2264  0.2889  0.2507  1
167:   0.2090  0.2036  0.3345  0.2528  1
168:   0.2181  0.2275  0.2303  0.3240  1
169:   0.3006  0.3559  0.1512  0.1923  1
170:   0.1552  0.2074  0.4071  0.2303  1
171:   0.5014  0.1419  0.1316  0.2251  1
172:   0.2160  0.1872  0.3414  0.2554  1
173:   0.1464  0.2623  0.3407  0.2505  1
174:   0.1761  0.3327  0.2241  0.2671  1
175:   0.1588  0.2304  0.3051  0.3057  1
176:   0.3089  0.2625  0.2217  0.2068  1
177:   0.1692  0.0930  0.3754  0.3624  1
178:   0.2509  0.2315  0.2961  0.2215  1
179:   0.3872  0.2007  0.1589  0.2533  1
180:   0.2915  0.2611  0.1566  0.2907  1
181:   0.3030  0.1374  0.2810  0.2786  1
182:   0.2300  0.2569  0.2191  0.2941  1
183:   0.1475  0.3439  0.3197  0.1889  1
184:   0.1470  0.1646  0.4610  0.2274  1
185:   0.5634  0.0999  0.1133  0.2234  1
186:   0.5628  0.1000  0.1134  0.2238  1
187:   0.1518  0.4473  0.1867  0.2142  1
188:   0.2657  0.3321  0.1752  0.2270  1
189:   0.2047  0.1913  0.2765  0.3275  1
190:   0.2205  0.2715  0.1983  0.3097  1
191:   0.1728  0.2521  0.3165  0.2587  1
192:   0.1212  0.2391  0.4363  0.2034  1
193:   0.1900  0.2783  0.2446  0.2871  1
194:   0.2458  0.3368  0.2196  0.1978  1
195:   0.1731  0.3494  0.2213  0.2563  1
196:   0.3975  0.2228  0.1658  0.2140  1
197:   0.1798  0.1486  0.3487  0.3229  1
198:   0.2666  0.2376  0.2873  0.2086  1
199:   0.3174  0.1822  0.2310  0.2694  1
200:   0.2781  0.3027  0.1887  0.2305  1
201:   0.3041  0.3855  0.1194  0.1910  1
202:   0.1562  0.2821  0.3633  0.1984  1
203:   0.3590  0.2585  0.1539  0.2285  1
204:   0.3181  0.2977  0.1793  0.2049  1
205:   0.2428  0.2008  0.2445  0.3119  1
206:   0.1893  0.3477  0.2043  0.2587  1
207:   0.2048  0.2132  0.3595  0.2226  1
208:   0.2176  0.3424  0.2316  0.2084  1
209:   0.2299  0.1640  0.3795  0.2266  1
210:   0.1535  0.2708  0.3731  0.2026  1
211:   0.2003  0.2803  0.3219  0.1975  1
212:   0.1470  0.3459  0.3071  0.1999  1
213:   0.1364  0.5120  0.1673  0.1843  1
214:   0.2073  0.4197  0.1781  0.1949  1
215:   0.4477  0.2367  0.1162  0.1994  1
216:   0.2101  0.1048  0.2977  0.3873  1
217:   0.2938  0.1972  0.2694  0.2396  1
218:   0.2772  0.3894  0.1334  0.2000  1
219:   0.3161  0.2178  0.2370  0.2292  1
220:   0.2539  0.2803  0.2414  0.2244  1
221:   0.2879  0.2006  0.2777  0.2338  1
222:   0.3702  0.2362  0.1839  0.2097  1
223:   0.2373  0.2395  0.2949  0.2283  1
224:   0.1540  0.2184  0.4019  0.2256  1
225:   0.1794  0.4744  0.1694  0.1768  1
226:   0.1238  0.0890  0.5583  0.2290  1
227:   0.1848  0.5729  0.1066  0.1358  1
228:   0.3454  0.2263  0.1769  0.2514  1
229:   0.2522  0.2691  0.1948  0.2839  1
230:   0.2866  0.2096  0.2350  0.2688  1
231:   0.2000  0.2376  0.3362  0.2262  1
232:   0.3183  0.2633  0.1710  0.2474  1
233:   0.1624  0.0948  0.3969  0.3459  1
234:   0.3815  0.1688  0.1590  0.2908  1
235:   0.1312  0.3787  0.3067  0.1834  1
236:   0.2052  0.1656  0.2630  0.3662  1
237:   0.2929  0.2432  0.2056  0.2583  1
238:   0.2010  0.1346  0.3072  0.3573  1
239:   0.2445  0.2501  0.1975  0.3079  1
240:   0.3227  0.3161  0.1578  0.2034  1
241:   0.2878  0.1750  0.2176  0.3196  1
242:   0.1818  0.1050  0.3369  0.3763  1
243:   0.2597  0.3860  0.1411  0.2133  1
244:   0.2543  0.3203  0.2114  0.2140  1
245:   0.2442  0.1868  0.3115  0.2575  1
246:   0.2719  0.2420  0.2652  0.2210  1
247:   0.3066  0.1540  0.2458  0.2936  1
248:   0.1410  0.1662  0.4129  0.2799  1
249:   0.3581  0.1980  0.1750  0.2689  1
250:   0.3469  0.1932  0.1858  0.2741  1
251:   0.1797  0.1885  0.3657  0.2661  1
252:   0.2851  0.2392  0.2236  0.2521  1
253:   0.2343  0.2631  0.1995  0.3031  1
254:   0.1862  0.3553  0.2318  0.2268  1
255:   0.2364  0.1718  0.2798  0.3120  1
256:   0.1776  0.3014  0.1968  0.3242  1
257:   0.2018  0.0950  0.2891  0.4141  1
258:   0.2386  0.1724  0.2910  0.2980  1
259:   0.1572  0.3896  0.2086  0.2446  1
260:   0.2252  0.2056  0.2417  0.3275  1
261:   0.2953  0.2241  0.2271  0.2535  1
262:   0.2621  0.1440  0.2328  0.3611  1
263:   0.2925  0.2324  0.2549  0.2202  1
264:   0.2166  0.2428  0.2577  0.2829  1
265:   0.1940  0.1590  0.3592  0.2878  1
266:   0.3713  0.2004  0.1784  0.2499  1
267:   0.2853  0.2697  0.2060  0.2391  1
268:   0.2143  0.2607  0.2009  0.3241  1
269:   0.1840  0.3789  0.1718  0.2653  1
270:   0.2426  0.2528  0.1928  0.3117  1
