1:    0.409 0.207 0.132 0.252 1    
2:    0.189 0.111 0.539 0.161 1    
3:    0.257 0.267 0.232 0.244 1    
4:    0.265 0.508 0.128 0.099 1    
5:    0.182 0.264 0.236 0.319 1    
6:    0.174 0.443 0.139 0.244 1    
7:    0.409 0.123 0.180 0.288 1    
8:    0.236 0.329 0.239 0.195 1    
9:    0.263 0.192 0.196 0.349 1    
10:   0.131 0.239 0.257 0.374 1    
11:   0.151 0.379 0.161 0.308 1    
12:   0.167 0.426 0.147 0.260 1    
13:   0.339 0.294 0.174 0.193 1    
14:   0.341 0.168 0.218 0.274 1    
15:   0.215 0.188 0.381 0.215 1    
16:   0.340 0.129 0.335 0.197 1    
17:   0.256 0.329 0.202 0.213 1    
18:   0.142 0.249 0.410 0.198 1    
19:   0.165 0.200 0.451 0.185 1    
20:   0.319 0.171 0.243 0.267 1    
21:   0.268 0.266 0.287 0.180 1    
22:   0.305 0.199 0.300 0.196 1    
23:   0.331 0.178 0.263 0.229 1    
24:   0.276 0.218 0.254 0.253 1    
25:   0.251 0.270 0.179 0.299 1    
26:   0.241 0.157 0.302 0.300 1    
27:   0.350 0.136 0.261 0.253 1    
28:   0.202 0.303 0.317 0.178 1    
29:   0.203 0.164 0.376 0.257 1    
30:   0.271 0.162 0.343 0.223 1    
31:   0.334 0.167 0.208 0.290 1    
32:   0.240 0.251 0.247 0.262 1    
33:   0.222 0.249 0.319 0.210 1    
34:   0.232 0.180 0.430 0.158 1    
35:   0.214 0.103 0.529 0.154 1    
36:   0.182 0.203 0.483 0.132 1    
37:   0.230 0.294 0.261 0.215 1    
38:   0.211 0.327 0.191 0.271 1    
39:   0.242 0.170 0.391 0.196 1    
40:   0.153 0.322 0.168 0.357 1    
41:   0.177 0.107 0.529 0.187 1    
42:   0.218 0.150 0.380 0.252 1    
43:   0.296 0.143 0.353 0.209 1    
44:   0.132 0.255 0.202 0.411 1    
45:   0.226 0.262 0.284 0.227 1    
46:   0.274 0.166 0.373 0.187 1    
47:   0.127 0.192 0.442 0.239 1    
48:   0.233 0.173 0.311 0.283 1    
49:   0.216 0.163 0.475 0.146 1    
50:   0.202 0.236 0.139 0.423 1    
51:   0.254 0.280 0.301 0.165 1    
52:   0.250 0.214 0.295 0.240 1    
53:   0.229 0.415 0.220 0.136 1    
54:   0.256 0.252 0.296 0.196 1    
55:   0.248 0.395 0.176 0.181 1    
56:   0.211 0.472 0.148 0.169 1    
57:   0.230 0.211 0.327 0.233 1    
58:   0.186 0.310 0.229 0.276 1    
59:   0.187 0.400 0.152 0.261 1    
60:   0.464 0.173 0.121 0.242 1    
61:   0.211 0.294 0.240 0.256 1    
62:   0.280 0.214 0.269 0.238 1    
63:   0.287 0.139 0.327 0.247 1    
64:   0.345 0.122 0.269 0.264 1    
65:   0.223 0.369 0.174 0.235 1    
66:   0.274 0.161 0.294 0.271 1    
67:   0.234 0.319 0.151 0.296 1    
68:   0.211 0.329 0.239 0.220 1    
69:   0.191 0.304 0.328 0.176 1    
70:   0.213 0.290 0.323 0.175 1    
71:   0.229 0.283 0.318 0.171 1    
72:   0.202 0.427 0.180 0.191 1    
73:   0.324 0.266 0.202 0.208 1    
74:   0.256 0.254 0.321 0.169 1    
75:   0.283 0.180 0.342 0.195 1    
76:   0.230 0.218 0.262 0.289 1    
77:   0.148 0.240 0.458 0.154 1    
78:   0.257 0.518 0.107 0.117 1    
79:   0.280 0.331 0.164 0.225 1    
80:   0.333 0.199 0.211 0.257 1    
81:   0.167 0.254 0.386 0.193 1    
82:   0.380 0.216 0.137 0.267 1    
83:   0.354 0.157 0.251 0.238 1    
84:   0.265 0.194 0.376 0.165 1    
85:   0.164 0.159 0.543 0.134 1    
86:   0.173 0.288 0.321 0.218 1    
87:   0.222 0.225 0.135 0.418 1    
88:   0.264 0.289 0.240 0.206 1    
89:   0.565 0.067 0.096 0.272 1    
90:   0.288 0.187 0.191 0.335 1    
91:   0.184 0.298 0.185 0.332 1    
92:   0.348 0.195 0.226 0.231 1    
93:   0.558 0.063 0.103 0.276 1    
94:   0.286 0.209 0.285 0.220 1    
95:   0.174 0.231 0.339 0.255 1    
96:   0.338 0.144 0.224 0.294 1    
97:   0.108 0.349 0.133 0.410 1    
98:   0.240 0.256 0.248 0.255 1    
99:   0.307 0.453 0.132 0.108 1    
100:  0.206 0.324 0.318 0.152 1    
101:  0.377 0.211 0.193 0.219 1    
102:  0.261 0.356 0.250 0.133 1    
103:  0.239 0.107 0.433 0.221 1    
104:  0.197 0.234 0.259 0.310 1    
105:  0.340 0.228 0.227 0.205 1    
106:  0.413 0.084 0.212 0.291 1    
107:  0.320 0.271 0.205 0.204 1    
108:  0.330 0.172 0.172 0.326 1    
109:  0.217 0.320 0.308 0.155 1    
110:  0.182 0.252 0.227 0.339 1    
111:  0.192 0.143 0.506 0.159 1    
112:  0.327 0.174 0.235 0.263 1    
113:  0.173 0.276 0.220 0.331 1    
114:  0.409 0.085 0.213 0.294 1    
115:  0.209 0.289 0.278 0.224 1    
116:  0.355 0.323 0.143 0.179 1    
117:  0.321 0.205 0.135 0.339 1    
118:  0.200 0.284 0.240 0.277 1    
119:  0.275 0.263 0.266 0.196 1    
120:  0.311 0.452 0.130 0.107 1    
121:  0.180 0.233 0.212 0.374 1    
122:  0.163 0.402 0.125 0.310 1    
123:  0.107 0.247 0.310 0.336 1    
124:  0.172 0.243 0.340 0.244 1    
125:  0.277 0.244 0.249 0.229 1    
126:  0.277 0.475 0.134 0.114 1    
127:  0.057 0.395 0.064 0.484 1    
128:  0.391 0.197 0.152 0.259 1    
129:  0.556 0.065 0.104 0.274 1    
130:  0.498 0.087 0.116 0.299 1    
131:  0.500 0.085 0.110 0.305 1    
132:  0.332 0.167 0.177 0.324 1    
133:  0.184 0.254 0.290 0.272 1    
134:  0.238 0.150 0.343 0.269 1    
135:  0.216 0.246 0.207 0.332 1    
136:  0.232 0.410 0.174 0.184 1    
137:  0.063 0.393 0.068 0.475 1    
138:  0.061 0.395 0.067 0.477 1    
139:  0.317 0.180 0.285 0.218 1    
140:  0.267 0.139 0.362 0.232 1    
141:  0.207 0.198 0.249 0.346 1    
142:  0.222 0.189 0.343 0.245 1    
143:  0.163 0.128 0.580 0.129 1    
144:  0.299 0.206 0.206 0.289 1    
145:  0.170 0.207 0.370 0.254 1    
146:  0.322 0.279 0.250 0.149 1    
147:  0.164 0.266 0.242 0.328 1    
148:  0.267 0.287 0.234 0.212 1    
149:  0.204 0.221 0.292 0.283 1    
150:  0.330 0.132 0.326 0.211 1    
151:  0.178 0.353 0.216 0.253 1    
152:  0.180 0.210 0.359 0.252 1    
153:  0.232 0.192 0.368 0.208 1    
154:  0.123 0.252 0.197 0.428 1    
155:  0.169 0.241 0.238 0.352 1    
156:  0.352 0.224 0.203 0.221 1    
157:  0.299 0.117 0.326 0.258 1    
158:  0.298 0.111 0.339 0.252 1    
159:  0.241 0.170 0.269 0.320 1    
160:  0.148 0.136 0.518 0.198 1    
161:  0.106 0.302 0.238 0.354 1    
162:  0.398 0.121 0.231 0.250 1    
163:  0.249 0.425 0.179 0.147 1    
164:  0.326 0.341 0.155 0.178 1    
165:  0.108 0.276 0.172 0.444 1    
166:  0.234 0.238 0.220 0.308 1    
167:  0.204 0.249 0.207 0.340 1    
168:  0.235 0.366 0.219 0.180 1    
169:  0.291 0.118 0.339 0.252 1    
170:  0.153 0.259 0.214 0.374 1    
171:  0.470 0.098 0.137 0.295 1    
172:  0.219 0.310 0.192 0.280 1    
173:  0.155 0.334 0.267 0.243 1    
174:  0.185 0.274 0.330 0.211 1    
175:  0.169 0.385 0.236 0.210 1    
176:  0.293 0.152 0.268 0.288 1    
177:  0.187 0.486 0.096 0.231 1    
178:  0.239 0.187 0.224 0.349 1    
179:  0.372 0.163 0.203 0.261 1    
180:  0.302 0.254 0.266 0.179 1    
181:  0.297 0.302 0.138 0.263 1    
182:  0.243 0.308 0.251 0.198 1    
183:  0.138 0.209 0.350 0.302 1    
184:  0.133 0.256 0.164 0.447 1    
185:  0.561 0.072 0.094 0.272 1    
186:  0.560 0.071 0.096 0.273 1    
187:  0.156 0.210 0.458 0.176 1    
188:  0.254 0.181 0.335 0.230 1    
189:  0.225 0.395 0.197 0.183 1    
190:  0.252 0.329 0.277 0.141 1    
191:  0.174 0.307 0.256 0.262 1    
192:  0.107 0.304 0.238 0.352 1    
193:  0.198 0.329 0.279 0.194 1    
194:  0.249 0.193 0.337 0.221 1    
195:  0.188 0.287 0.359 0.166 1    
196:  0.378 0.127 0.221 0.274 1    
197:  0.192 0.429 0.146 0.233 1    
198:  0.252 0.183 0.241 0.324 1    
199:  0.314 0.260 0.180 0.246 1    
200:  0.291 0.196 0.294 0.219 1    
201:  0.295 0.116 0.391 0.199 1    
202:  0.144 0.208 0.276 0.372 1    
203:  0.356 0.131 0.239 0.275 1    
204:  0.314 0.161 0.300 0.225 1    
205:  0.258 0.328 0.201 0.213 1    
206:  0.202 0.287 0.355 0.157 1    
207:  0.184 0.218 0.222 0.376 1    
208:  0.218 0.211 0.337 0.234 1    
209:  0.211 0.238 0.168 0.383 1    
210:  0.147 0.258 0.273 0.321 1    
211:  0.186 0.234 0.291 0.289 1    
212:  0.146 0.223 0.343 0.288 1    
213:  0.143 0.173 0.516 0.169 1    
214:  0.205 0.193 0.422 0.180 1    
215:  0.431 0.087 0.238 0.244 1    
216:  0.237 0.496 0.108 0.159 1    
217:  0.282 0.201 0.190 0.327 1    
218:  0.274 0.151 0.393 0.182 1    
219:  0.298 0.195 0.219 0.288 1    
220:  0.249 0.219 0.290 0.242 1    
221:  0.278 0.213 0.202 0.306 1    
222:  0.342 0.141 0.252 0.266 1    
223:  0.244 0.207 0.236 0.313 1    
224:  0.138 0.231 0.217 0.414 1    
225:  0.184 0.173 0.472 0.172 1    
226:  0.102 0.363 0.093 0.442 1    
227:  0.190 0.106 0.569 0.136 1    
228:  0.354 0.173 0.216 0.257 1    
229:  0.274 0.283 0.267 0.176 1    
230:  0.292 0.281 0.201 0.226 1    
231:  0.199 0.219 0.239 0.344 1    
232:  0.326 0.197 0.255 0.221 1    
233:  0.175 0.492 0.097 0.237 1    
234:  0.373 0.238 0.171 0.219 1    
235:  0.121 0.247 0.387 0.245 1    
236:  0.234 0.441 0.168 0.157 1    
237:  0.290 0.238 0.251 0.221 1    
238:  0.221 0.451 0.139 0.190 1    
239:  0.261 0.329 0.243 0.168 1    
240:  0.317 0.152 0.310 0.221 1    
241:  0.303 0.339 0.173 0.186 1    
242:  0.204 0.508 0.106 0.182 1    
243:  0.269 0.173 0.381 0.177 1    
244:  0.253 0.177 0.307 0.263 1    
245:  0.236 0.247 0.187 0.330 1    
246:  0.261 0.211 0.245 0.283 1    
247:  0.316 0.295 0.150 0.238 1    
248:  0.144 0.350 0.166 0.340 1    
249:  0.366 0.208 0.196 0.230 1    
250:  0.348 0.241 0.192 0.218 1    
251:  0.172 0.347 0.184 0.296 1    
252:  0.286 0.210 0.228 0.275 1    
253:  0.251 0.314 0.264 0.171 1    
254:  0.185 0.242 0.354 0.219 1    
255:  0.254 0.355 0.169 0.222 1    
256:  0.205 0.376 0.303 0.117 1    
257:  0.235 0.525 0.101 0.139 1    
258:  0.243 0.334 0.177 0.246 1    
259:  0.168 0.269 0.385 0.178 1    
260:  0.249 0.381 0.206 0.164 1    
261:  0.293 0.253 0.221 0.233 1    
262:  0.286 0.402 0.149 0.163 1    
263:  0.280 0.179 0.226 0.315 1    
264:  0.222 0.297 0.247 0.234 1    
265:  0.193 0.366 0.161 0.280 1    
266:  0.361 0.198 0.201 0.241 1    
267:  0.284 0.214 0.271 0.231 1    
268:  0.244 0.361 0.258 0.137 1    
269:  0.198 0.257 0.388 0.157 1    
270:  0.264 0.324 0.256 0.156 1    
                 
                 
1:    0.393 0.137 0.167 0.302 1    
2:    0.196 0.528 0.136 0.140 1    
3:    0.251 0.238 0.276 0.235 1    
4:    0.219 0.128 0.133 0.521 1    
5:    0.190 0.246 0.344 0.221 1    
6:    0.152 0.138 0.414 0.297 1    
7:    0.425 0.180 0.175 0.220 1    
8:    0.217 0.240 0.207 0.335 1    
9:    0.289 0.194 0.341 0.176 1    
10:   0.131 0.263 0.473 0.133 1    
11:   0.151 0.161 0.477 0.211 1    
12:   0.155 0.147 0.412 0.286 1    
13:   0.330 0.172 0.137 0.361 1    
14:   0.367 0.220 0.184 0.229 1    
15:   0.224 0.393 0.183 0.200 1    
16:   0.342 0.313 0.113 0.232 1    
17:   0.243 0.205 0.248 0.304 1    
18:   0.132 0.406 0.280 0.183 1    
19:   0.179 0.450 0.161 0.210 1    
20:   0.334 0.245 0.187 0.234 1    
21:   0.254 0.283 0.146 0.317 1    
22:   0.295 0.317 0.112 0.277 1    
23:   0.337 0.256 0.178 0.230 1    
24:   0.258 0.261 0.252 0.228 1    
25:   0.251 0.181 0.342 0.225 1    
26:   0.270 0.312 0.240 0.179 1    
27:   0.375 0.266 0.142 0.217 1    
28:   0.189 0.306 0.190 0.316 1    
29:   0.229 0.362 0.252 0.157 1    
30:   0.285 0.329 0.176 0.210 1    
31:   0.354 0.208 0.224 0.213 1    
32:   0.250 0.248 0.254 0.248 1    
33:   0.231 0.320 0.220 0.230 1    
34:   0.233 0.423 0.111 0.233 1    
35:   0.217 0.519 0.108 0.156 1    
36:   0.177 0.459 0.126 0.238 1    
37:   0.217 0.262 0.242 0.279 1    
38:   0.201 0.182 0.354 0.263 1    
39:   0.263 0.374 0.144 0.220 1    
40:   0.156 0.167 0.519 0.158 1    
41:   0.195 0.506 0.183 0.116 1    
42:   0.235 0.365 0.255 0.145 1    
43:   0.304 0.350 0.119 0.228 1    
44:   0.143 0.198 0.545 0.114 1    
45:   0.234 0.277 0.218 0.271 1    
46:   0.276 0.361 0.132 0.232 1    
47:   0.133 0.455 0.280 0.132 1    
48:   0.261 0.293 0.271 0.176 1    
49:   0.206 0.472 0.114 0.208 1    
50:   0.207 0.140 0.498 0.155 1    
51:   0.260 0.283 0.136 0.320 1    
52:   0.264 0.308 0.220 0.208 1    
53:   0.213 0.207 0.144 0.437 1    
54:   0.264 0.281 0.185 0.270 1    
55:   0.239 0.173 0.202 0.385 1    
56:   0.196 0.159 0.269 0.376 1    
57:   0.220 0.331 0.255 0.195 1    
58:   0.182 0.232 0.358 0.228 1    
59:   0.172 0.146 0.391 0.291 1    
60:   0.453 0.127 0.087 0.332 1    
61:   0.208 0.236 0.272 0.284 1    
62:   0.276 0.254 0.225 0.245 1    
63:   0.316 0.312 0.176 0.196 1    
64:   0.365 0.264 0.175 0.196 1    
65:   0.211 0.167 0.337 0.285 1    
66:   0.291 0.279 0.264 0.166 1    
67:   0.224 0.161 0.335 0.280 1    
68:   0.194 0.252 0.254 0.301 1    
69:   0.183 0.325 0.210 0.282 1    
70:   0.213 0.329 0.176 0.281 1    
71:   0.214 0.320 0.170 0.296 1    
72:   0.180 0.183 0.293 0.345 1    
73:   0.328 0.198 0.126 0.348 1    
74:   0.251 0.312 0.143 0.294 1    
75:   0.282 0.335 0.139 0.245 1    
76:   0.237 0.258 0.269 0.236 1    
77:   0.145 0.460 0.163 0.231 1    
78:   0.221 0.105 0.163 0.511 1    
79:   0.273 0.170 0.225 0.331 1    
80:   0.320 0.212 0.215 0.253 1    
81:   0.168 0.396 0.198 0.239 1    
82:   0.366 0.138 0.201 0.295 1    
83:   0.368 0.240 0.143 0.249 1    
84:   0.262 0.366 0.106 0.266 1    
85:   0.167 0.526 0.117 0.191 1    
86:   0.154 0.313 0.296 0.237 1    
87:   0.220 0.135 0.485 0.159 1    
88:   0.271 0.231 0.179 0.319 1    
89:   0.556 0.108 0.067 0.269 1    
90:   0.310 0.200 0.295 0.194 1    
91:   0.191 0.182 0.406 0.221 1    
92:   0.340 0.224 0.168 0.268 1    
93:   0.570 0.104 0.060 0.266 1    
94:   0.274 0.297 0.186 0.243 1    
95:   0.186 0.334 0.275 0.206 1    
96:   0.378 0.241 0.160 0.221 1    
97:   0.108 0.133 0.622 0.138 1    
98:   0.245 0.258 0.208 0.289 1    
99:   0.252 0.124 0.092 0.532 1    
100:  0.193 0.329 0.175 0.303 1    
101:  0.381 0.198 0.118 0.303 1    
102:  0.236 0.247 0.101 0.416 1    
103:  0.284 0.399 0.160 0.157 1    
104:  0.212 0.250 0.339 0.199 1    
105:  0.318 0.224 0.148 0.310 1    
106:  0.471 0.219 0.097 0.214 1    
107:  0.310 0.206 0.156 0.327 1    
108:  0.359 0.175 0.254 0.212 1    
109:  0.211 0.307 0.169 0.312 1    
110:  0.199 0.223 0.401 0.178 1    
111:  0.183 0.503 0.146 0.167 1    
112:  0.316 0.241 0.186 0.257 1    
113:  0.173 0.221 0.419 0.187 1    
114:  0.474 0.216 0.097 0.212 1    
115:  0.203 0.271 0.251 0.275 1    
116:  0.328 0.157 0.088 0.427 1    
117:  0.309 0.142 0.337 0.212 1    
118:  0.196 0.242 0.312 0.249 1    
119:  0.273 0.255 0.164 0.307 1    
120:  0.256 0.123 0.090 0.531 1    
121:  0.196 0.212 0.446 0.146 1    
122:  0.151 0.127 0.449 0.273 1    
123:  0.119 0.306 0.450 0.126 1    
124:  0.165 0.341 0.306 0.188 1    
125:  0.274 0.252 0.192 0.283 1    
126:  0.235 0.129 0.119 0.517 1    
127:  0.057 0.066 0.815 0.062 1    
128:  0.387 0.155 0.162 0.295 1    
129:  0.564 0.108 0.060 0.268 1    
130:  0.537 0.129 0.072 0.261 1    
131:  0.544 0.117 0.078 0.261 1    
132:  0.360 0.179 0.238 0.223 1    
133:  0.190 0.277 0.326 0.208 1    
134:  0.277 0.329 0.217 0.177 1    
135:  0.233 0.205 0.312 0.251 1    
136:  0.212 0.184 0.232 0.372 1    
137:  0.063 0.069 0.802 0.067 1    
138:  0.064 0.068 0.799 0.068 1    
139:  0.336 0.274 0.135 0.254 1    
140:  0.288 0.369 0.155 0.188 1    
141:  0.237 0.263 0.334 0.165 1    
142:  0.235 0.336 0.226 0.203 1    
143:  0.163 0.573 0.099 0.165 1    
144:  0.301 0.211 0.257 0.231 1    
145:  0.186 0.377 0.265 0.172 1    
146:  0.295 0.242 0.072 0.391 1    
147:  0.170 0.251 0.375 0.203 1    
148:  0.278 0.226 0.169 0.327 1    
149:  0.217 0.290 0.293 0.201 1    
150:  0.340 0.313 0.105 0.242 1    
151:  0.167 0.210 0.363 0.260 1    
152:  0.196 0.339 0.271 0.194 1    
153:  0.248 0.365 0.154 0.232 1    
154:  0.148 0.194 0.546 0.112 1    
155:  0.190 0.228 0.412 0.170 1    
156:  0.360 0.208 0.138 0.293 1    
157:  0.312 0.345 0.187 0.156 1    
158:  0.313 0.351 0.178 0.158 1    
159:  0.280 0.253 0.289 0.178 1    
160:  0.169 0.502 0.201 0.128 1    
161:  0.110 0.254 0.516 0.119 1    
162:  0.402 0.232 0.138 0.229 1    
163:  0.229 0.179 0.174 0.418 1    
164:  0.299 0.156 0.145 0.401 1    
165:  0.114 0.171 0.606 0.109 1    
166:  0.247 0.228 0.298 0.227 1    
167:  0.218 0.201 0.365 0.216 1    
168:  0.230 0.226 0.186 0.357 1    
169:  0.327 0.352 0.135 0.186 1    
170:  0.161 0.209 0.472 0.158 1    
171:  0.497 0.155 0.092 0.256 1    
172:  0.208 0.189 0.374 0.229 1    
173:  0.145 0.257 0.379 0.219 1    
174:  0.184 0.336 0.198 0.283 1    
175:  0.160 0.218 0.305 0.317 1    
176:  0.310 0.261 0.235 0.194 1    
177:  0.160 0.099 0.369 0.372 1    
178:  0.263 0.240 0.316 0.181 1    
179:  0.393 0.202 0.121 0.283 1    
180:  0.298 0.252 0.100 0.350 1    
181:  0.288 0.146 0.287 0.279 1    
182:  0.233 0.248 0.188 0.331 1    
183:  0.156 0.336 0.384 0.124 1    
184:  0.151 0.178 0.544 0.126 1    
185:  0.549 0.107 0.073 0.270 1    
186:  0.553 0.105 0.071 0.271 1    
187:  0.165 0.438 0.186 0.211 1    
188:  0.277 0.335 0.148 0.240 1    
189:  0.202 0.192 0.261 0.346 1    
190:  0.225 0.266 0.160 0.350 1    
191:  0.162 0.254 0.344 0.240 1    
192:  0.112 0.253 0.516 0.118 1    
193:  0.202 0.279 0.223 0.296 1    
194:  0.250 0.324 0.233 0.193 1    
195:  0.178 0.354 0.208 0.260 1    
196:  0.398 0.234 0.144 0.224 1    
197:  0.172 0.154 0.353 0.320 1    
198:  0.267 0.239 0.322 0.172 1    
199:  0.315 0.184 0.219 0.282 1    
200:  0.266 0.304 0.175 0.256 1    
201:  0.318 0.379 0.094 0.209 1    
202:  0.154 0.299 0.426 0.120 1    
203:  0.383 0.257 0.125 0.235 1    
204:  0.297 0.302 0.179 0.222 1    
205:  0.252 0.199 0.215 0.334 1    
206:  0.189 0.344 0.186 0.282 1    
207:  0.217 0.214 0.416 0.154 1    
208:  0.233 0.332 0.239 0.196 1    
209:  0.212 0.165 0.446 0.176 1    
210:  0.151 0.271 0.437 0.140 1    
211:  0.197 0.277 0.373 0.154 1    
212:  0.142 0.337 0.364 0.157 1    
213:  0.155 0.487 0.166 0.192 1    
214:  0.207 0.414 0.175 0.204 1    
215:  0.431 0.256 0.084 0.230 1    
216:  0.209 0.109 0.247 0.435 1    
217:  0.308 0.197 0.268 0.227 1    
218:  0.270 0.395 0.109 0.226 1    
219:  0.317 0.222 0.243 0.219 1    
220:  0.253 0.274 0.246 0.227 1    
221:  0.279 0.206 0.298 0.217 1    
222:  0.342 0.255 0.179 0.224 1    
223:  0.242 0.235 0.319 0.203 1    
224:  0.165 0.232 0.452 0.151 1    
225:  0.190 0.453 0.174 0.183 1    
226:  0.103 0.092 0.691 0.115 1    
227:  0.203 0.549 0.102 0.146 1    
228:  0.367 0.223 0.144 0.267 1    
229:  0.243 0.267 0.158 0.332 1    
230:  0.289 0.211 0.218 0.282 1    
231:  0.206 0.237 0.370 0.186 1    
232:  0.315 0.262 0.141 0.282 1    
233:  0.150 0.097 0.423 0.329 1    
234:  0.367 0.179 0.107 0.347 1    
235:  0.126 0.361 0.374 0.139 1    
236:  0.206 0.168 0.211 0.415 1    
237:  0.279 0.248 0.191 0.282 1    
238:  0.196 0.135 0.280 0.389 1    
239:  0.246 0.255 0.144 0.356 1    
240:  0.324 0.315 0.144 0.216 1    
241:  0.271 0.185 0.179 0.365 1    
242:  0.170 0.113 0.317 0.401 1    
243:  0.266 0.379 0.114 0.240 1    
244:  0.276 0.315 0.216 0.194 1    
245:  0.249 0.183 0.337 0.231 1    
246:  0.262 0.245 0.291 0.202 1    
247:  0.312 0.152 0.223 0.313 1    
248:  0.140 0.174 0.462 0.224 1    
249:  0.353 0.199 0.136 0.312 1    
250:  0.328 0.206 0.153 0.314 1    
251:  0.176 0.191 0.406 0.227 1    
252:  0.293 0.249 0.214 0.244 1    
253:  0.234 0.263 0.155 0.348 1    
254:  0.188 0.366 0.236 0.211 1    
255:  0.239 0.174 0.265 0.322 1    
256:  0.184 0.293 0.140 0.382 1    
257:  0.192 0.098 0.234 0.476 1    
258:  0.223 0.176 0.286 0.315 1    
259:  0.163 0.383 0.198 0.256 1    
260:  0.225 0.210 0.201 0.364 1    
261:  0.285 0.235 0.224 0.257 1    
262:  0.255 0.148 0.174 0.422 1    
263:  0.301 0.237 0.270 0.193 1    
264:  0.220 0.237 0.258 0.285 1    
265:  0.185 0.158 0.395 0.262 1    
266:  0.344 0.224 0.151 0.281 1    
267:  0.289 0.265 0.196 0.250 1    
268:  0.213 0.265 0.146 0.375 1    
269:  0.198 0.371 0.138 0.294 1    
270:  0.247 0.248 0.141 0.364 1    
                 
                 
1:    0.155 0.134 0.407 0.304 1    
2:    0.113 0.539 0.192 0.156 1    
3:    0.285 0.229 0.264 0.221 1    
4:    0.220 0.123 0.356 0.301 1    
5:    0.321 0.251 0.177 0.252 1    
6:    0.462 0.125 0.208 0.206 1    
7:    0.143 0.170 0.380 0.308 1    
8:    0.224 0.246 0.266 0.264 1    
9:    0.335 0.200 0.199 0.266 1    
10:   0.432 0.265 0.129 0.174 1    
11:   0.536 0.142 0.161 0.162 1    
12:   0.492 0.126 0.195 0.187 1    
13:   0.159 0.183 0.357 0.302 1    
14:   0.158 0.234 0.292 0.317 1    
15:   0.160 0.409 0.191 0.241 1    
16:   0.097 0.313 0.337 0.253 1    
17:   0.288 0.197 0.264 0.250 1    
18:   0.276 0.410 0.159 0.155 1    
19:   0.143 0.479 0.151 0.227 1    
20:   0.173 0.271 0.288 0.268 1    
21:   0.154 0.301 0.283 0.262 1    
22:   0.115 0.339 0.288 0.259 1    
23:   0.158 0.266 0.298 0.277 1    
24:   0.220 0.255 0.284 0.241 1    
25:   0.329 0.185 0.240 0.245 1    
26:   0.233 0.297 0.188 0.282 1    
27:   0.124 0.279 0.286 0.310 1    
28:   0.172 0.323 0.241 0.263 1    
29:   0.224 0.372 0.172 0.232 1    
30:   0.159 0.348 0.256 0.236 1    
31:   0.203 0.208 0.314 0.275 1    
32:   0.239 0.261 0.220 0.280 1    
33:   0.220 0.323 0.234 0.222 1    
34:   0.100 0.441 0.241 0.217 1    
35:   0.091 0.536 0.204 0.169 1    
36:   0.117 0.487 0.190 0.206 1    
37:   0.235 0.277 0.246 0.242 1    
38:   0.355 0.183 0.227 0.234 1    
39:   0.135 0.399 0.212 0.254 1    
40:   0.544 0.164 0.140 0.153 1    
41:   0.158 0.530 0.149 0.163 1    
42:   0.212 0.383 0.191 0.213 1    
43:   0.107 0.373 0.269 0.251 1    
44:   0.498 0.204 0.112 0.186 1    
45:   0.210 0.291 0.231 0.267 1    
46:   0.120 0.398 0.243 0.239 1    
47:   0.272 0.455 0.102 0.171 1    
48:   0.258 0.299 0.188 0.255 1    
49:   0.105 0.499 0.203 0.192 1    
50:   0.457 0.133 0.216 0.194 1    
51:   0.166 0.293 0.276 0.265 1    
52:   0.226 0.284 0.258 0.232 1    
53:   0.192 0.223 0.290 0.295 1    
54:   0.174 0.297 0.265 0.264 1    
55:   0.251 0.178 0.290 0.280 1    
56:   0.337 0.134 0.281 0.247 1    
57:   0.242 0.332 0.214 0.212 1    
58:   0.383 0.234 0.189 0.195 1    
59:   0.452 0.137 0.201 0.210 1    
60:   0.080 0.114 0.466 0.340 1    
61:   0.242 0.253 0.220 0.285 1    
62:   0.210 0.261 0.291 0.238 1    
63:   0.164 0.336 0.226 0.274 1    
64:   0.149 0.266 0.319 0.266 1    
65:   0.355 0.151 0.257 0.237 1    
66:   0.253 0.297 0.224 0.226 1    
67:   0.328 0.163 0.263 0.246 1    
68:   0.255 0.246 0.241 0.258 1    
69:   0.202 0.338 0.207 0.254 1    
70:   0.166 0.316 0.246 0.272 1    
71:   0.162 0.321 0.249 0.268 1    
72:   0.332 0.160 0.262 0.246 1    
73:   0.136 0.208 0.321 0.335 1    
74:   0.130 0.335 0.268 0.267 1    
75:   0.123 0.356 0.266 0.255 1    
76:   0.249 0.268 0.222 0.261 1    
77:   0.142 0.453 0.164 0.241 1    
78:   0.264 0.095 0.344 0.296 1    
79:   0.244 0.181 0.306 0.269 1    
80:   0.191 0.210 0.326 0.272 1    
81:   0.169 0.411 0.185 0.235 1    
82:   0.180 0.135 0.392 0.293 1    
83:   0.123 0.240 0.350 0.287 1    
84:   0.096 0.402 0.263 0.239 1    
85:   0.102 0.542 0.158 0.198 1    
86:   0.279 0.323 0.198 0.200 1    
87:   0.438 0.124 0.241 0.196 1    
88:   0.187 0.250 0.272 0.291 1    
89:   0.053 0.091 0.506 0.351 1    
90:   0.251 0.208 0.268 0.273 1    
91:   0.428 0.182 0.172 0.219 1    
92:   0.161 0.207 0.342 0.291 1    
93:   0.048 0.092 0.504 0.356 1    
94:   0.171 0.286 0.296 0.246 1    
95:   0.248 0.336 0.161 0.255 1    
96:   0.134 0.250 0.247 0.369 1    
97:   0.626 0.128 0.100 0.146 1    
98:   0.198 0.264 0.236 0.303 1    
99:   0.149 0.123 0.416 0.312 1    
100:  0.201 0.321 0.248 0.230 1    
101:  0.126 0.209 0.376 0.290 1    
102:  0.122 0.272 0.318 0.289 1    
103:  0.137 0.421 0.191 0.251 1    
104:  0.306 0.253 0.175 0.267 1    
105:  0.135 0.227 0.356 0.282 1    
106:  0.083 0.231 0.304 0.383 1    
107:  0.152 0.195 0.374 0.279 1    
108:  0.243 0.176 0.279 0.302 1    
109:  0.209 0.325 0.240 0.227 1    
110:  0.385 0.219 0.152 0.244 1    
111:  0.128 0.521 0.169 0.181 1    
112:  0.158 0.224 0.354 0.263 1    
113:  0.394 0.226 0.184 0.195 1    
114:  0.085 0.229 0.306 0.381 1    
115:  0.267 0.264 0.233 0.236 1    
116:  0.105 0.154 0.429 0.312 1    
117:  0.286 0.129 0.332 0.253 1    
118:  0.285 0.252 0.204 0.260 1    
119:  0.191 0.250 0.296 0.263 1    
120:  0.149 0.126 0.413 0.312 1    
121:  0.414 0.212 0.146 0.228 1    
122:  0.490 0.122 0.184 0.204 1    
123:  0.434 0.273 0.095 0.198 1    
124:  0.329 0.318 0.178 0.175 1    
125:  0.178 0.238 0.316 0.269 1    
126:  0.190 0.136 0.352 0.321 1    
127:  0.841 0.055 0.050 0.055 1    
128:  0.150 0.148 0.400 0.302 1    
129:  0.047 0.093 0.502 0.357 1    
130:  0.061 0.120 0.436 0.383 1    
131:  0.064 0.111 0.442 0.383 1    
132:  0.229 0.182 0.290 0.299 1    
133:  0.314 0.294 0.164 0.227 1    
134:  0.206 0.327 0.192 0.274 1    
135:  0.291 0.208 0.187 0.314 1    
136:  0.272 0.187 0.274 0.268 1    
137:  0.827 0.059 0.055 0.059 1    
138:  0.828 0.058 0.055 0.059 1    
139:  0.130 0.296 0.295 0.279 1    
140:  0.137 0.358 0.210 0.295 1    
141:  0.289 0.259 0.168 0.284 1    
142:  0.204 0.343 0.222 0.231 1    
143:  0.083 0.602 0.156 0.158 1    
144:  0.227 0.216 0.286 0.271 1    
145:  0.248 0.385 0.138 0.229 1    
146:  0.071 0.260 0.373 0.296 1    
147:  0.343 0.252 0.155 0.250 1    
148:  0.170 0.253 0.265 0.312 1    
149:  0.267 0.288 0.186 0.260 1    
150:  0.091 0.327 0.296 0.286 1    
151:  0.396 0.199 0.194 0.211 1    
152:  0.250 0.333 0.159 0.258 1    
153:  0.147 0.398 0.201 0.254 1    
154:  0.492 0.193 0.097 0.218 1    
155:  0.393 0.237 0.136 0.234 1    
156:  0.148 0.222 0.344 0.287 1    
157:  0.153 0.299 0.311 0.237 1    
158:  0.143 0.301 0.319 0.237 1    
159:  0.272 0.264 0.171 0.293 1    
160:  0.180 0.505 0.120 0.195 1    
161:  0.562 0.227 0.096 0.115 1    
162:  0.114 0.221 0.377 0.288 1    
163:  0.230 0.175 0.311 0.285 1    
164:  0.168 0.145 0.396 0.292 1    
165:  0.560 0.170 0.093 0.177 1    
166:  0.298 0.226 0.203 0.274 1    
167:  0.347 0.196 0.173 0.284 1    
168:  0.212 0.239 0.261 0.287 1    
169:  0.112 0.359 0.223 0.305 1    
170:  0.465 0.199 0.123 0.213 1    
171:  0.077 0.135 0.431 0.357 1    
172:  0.404 0.182 0.218 0.195 1    
173:  0.423 0.248 0.160 0.169 1    
174:  0.186 0.351 0.199 0.264 1    
175:  0.335 0.229 0.205 0.231 1    
176:  0.200 0.252 0.281 0.267 1    
177:  0.442 0.084 0.241 0.234 1    
178:  0.306 0.234 0.194 0.266 1    
179:  0.105 0.198 0.347 0.349 1    
180:  0.103 0.277 0.316 0.304 1    
181:  0.301 0.136 0.312 0.251 1    
182:  0.184 0.274 0.267 0.275 1    
183:  0.360 0.337 0.107 0.196 1    
184:  0.508 0.157 0.105 0.230 1    
185:  0.058 0.087 0.505 0.349 1    
186:  0.057 0.089 0.503 0.351 1    
187:  0.159 0.435 0.159 0.246 1    
188:  0.134 0.348 0.247 0.271 1    
189:  0.299 0.181 0.271 0.250 1    
190:  0.173 0.271 0.283 0.274 1    
191:  0.344 0.261 0.198 0.197 1    
192:  0.565 0.226 0.095 0.114 1    
193:  0.244 0.280 0.226 0.251 1    
194:  0.231 0.333 0.232 0.204 1    
195:  0.225 0.333 0.211 0.232 1    
196:  0.137 0.212 0.332 0.319 1    
197:  0.402 0.145 0.233 0.220 1    
198:  0.285 0.249 0.226 0.241 1    
199:  0.212 0.190 0.313 0.285 1    
200:  0.152 0.302 0.305 0.242 1    
201:  0.080 0.392 0.249 0.278 1    
202:  0.391 0.276 0.124 0.209 1    
203:  0.102 0.267 0.267 0.364 1    
204:  0.150 0.289 0.325 0.237 1    
205:  0.231 0.206 0.271 0.292 1    
206:  0.206 0.341 0.234 0.219 1    
207:  0.389 0.212 0.150 0.249 1    
208:  0.253 0.347 0.181 0.219 1    
209:  0.404 0.168 0.233 0.196 1    
210:  0.436 0.280 0.126 0.158 1    
211:  0.399 0.261 0.172 0.168 1    
212:  0.325 0.351 0.140 0.184 1    
213:  0.146 0.505 0.137 0.212 1    
214:  0.172 0.421 0.209 0.197 1    
215:  0.069 0.220 0.415 0.296 1    
216:  0.348 0.093 0.304 0.256 1    
217:  0.267 0.208 0.243 0.282 1    
218:  0.096 0.388 0.281 0.235 1    
219:  0.224 0.209 0.285 0.282 1    
220:  0.260 0.274 0.245 0.221 1    
221:  0.277 0.200 0.263 0.260 1    
222:  0.153 0.213 0.367 0.268 1    
223:  0.299 0.238 0.209 0.254 1    
224:  0.437 0.208 0.115 0.239 1    
225:  0.155 0.490 0.171 0.183 1    
226:  0.722 0.085 0.090 0.103 1    
227:  0.093 0.582 0.160 0.165 1    
228:  0.132 0.233 0.290 0.346 1    
229:  0.161 0.270 0.319 0.250 1    
230:  0.247 0.216 0.278 0.259 1    
231:  0.353 0.238 0.168 0.241 1    
232:  0.128 0.265 0.319 0.288 1    
233:  0.486 0.085 0.224 0.205 1    
234:  0.104 0.167 0.403 0.326 1    
235:  0.357 0.382 0.127 0.134 1    
236:  0.273 0.171 0.287 0.269 1    
237:  0.180 0.239 0.314 0.268 1    
238:  0.347 0.127 0.278 0.248 1    
239:  0.179 0.267 0.293 0.261 1    
240:  0.129 0.327 0.288 0.256 1    
241:  0.194 0.167 0.367 0.271 1    
242:  0.384 0.097 0.275 0.244 1    
243:  0.105 0.405 0.248 0.242 1    
244:  0.191 0.324 0.194 0.291 1    
245:  0.300 0.193 0.228 0.280 1    
246:  0.272 0.244 0.259 0.225 1    
247:  0.257 0.157 0.291 0.295 1    
248:  0.461 0.162 0.147 0.230 1    
249:  0.134 0.206 0.342 0.318 1    
250:  0.142 0.183 0.385 0.290 1    
251:  0.432 0.185 0.181 0.201 1    
252:  0.189 0.242 0.245 0.323 1    
253:  0.159 0.286 0.293 0.262 1    
254:  0.219 0.364 0.192 0.225 1    
255:  0.296 0.170 0.267 0.267 1    
256:  0.182 0.310 0.250 0.258 1    
257:  0.316 0.087 0.320 0.277 1    
258:  0.296 0.175 0.289 0.240 1    
259:  0.181 0.405 0.187 0.227 1    
260:  0.253 0.204 0.286 0.257 1    
261:  0.221 0.219 0.303 0.258 1    
262:  0.239 0.133 0.339 0.289 1    
263:  0.243 0.232 0.231 0.293 1    
264:  0.234 0.255 0.239 0.272 1    
265:  0.399 0.164 0.216 0.221 1    
266:  0.143 0.189 0.381 0.287 1    
267:  0.185 0.283 0.277 0.255 1    
268:  0.182 0.256 0.300 0.262 1    
269:  0.123 0.369 0.225 0.283 1    
270:  0.159 0.262 0.309 0.270 1    
                 
                 
1:    0.312 0.190 0.131 0.367 1    
2:    0.159 0.123 0.532 0.187 1    
3:    0.263 0.249 0.221 0.268 1    
4:    0.380 0.314 0.123 0.183 1    
5:    0.228 0.315 0.238 0.220 1    
6:    0.270 0.401 0.140 0.189 1    
7:    0.280 0.152 0.177 0.391 1    
8:    0.281 0.280 0.239 0.201 1    
9:    0.238 0.261 0.201 0.300 1    
10:   0.174 0.358 0.253 0.215 1    
11:   0.241 0.383 0.155 0.221 1    
12:   0.265 0.388 0.147 0.200 1    
13:   0.317 0.214 0.179 0.290 1    
14:   0.263 0.186 0.218 0.333 1    
15:   0.207 0.194 0.388 0.211 1    
16:   0.241 0.135 0.324 0.299 1    
17:   0.284 0.276 0.204 0.235 1    
18:   0.181 0.249 0.409 0.160 1    
19:   0.180 0.195 0.461 0.163 1    
20:   0.257 0.183 0.249 0.311 1    
21:   0.271 0.220 0.286 0.224 1    
22:   0.257 0.170 0.315 0.258 1    
23:   0.251 0.193 0.265 0.291 1    
24:   0.240 0.245 0.255 0.261 1    
25:   0.248 0.297 0.186 0.269 1    
26:   0.206 0.219 0.319 0.256 1    
27:   0.253 0.149 0.269 0.329 1    
28:   0.254 0.253 0.318 0.175 1    
29:   0.189 0.219 0.368 0.224 1    
30:   0.222 0.168 0.345 0.265 1    
31:   0.262 0.193 0.201 0.343 1    
32:   0.248 0.255 0.247 0.250 1    
33:   0.231 0.224 0.320 0.225 1    
34:   0.221 0.150 0.420 0.209 1    
35:   0.167 0.109 0.527 0.197 1    
36:   0.202 0.166 0.471 0.162 1    
37:   0.257 0.272 0.256 0.215 1    
38:   0.265 0.326 0.186 0.222 1    
39:   0.212 0.167 0.392 0.229 1    
40:   0.216 0.383 0.163 0.237 1    
41:   0.143 0.146 0.526 0.185 1    
42:   0.180 0.197 0.383 0.240 1    
43:   0.229 0.143 0.354 0.274 1    
44:   0.178 0.392 0.203 0.226 1    
45:   0.244 0.251 0.285 0.220 1    
46:   0.222 0.164 0.376 0.238 1    
47:   0.147 0.236 0.458 0.159 1    
48:   0.213 0.234 0.294 0.260 1    
49:   0.189 0.144 0.482 0.185 1    
50:   0.212 0.373 0.136 0.279 1    
51:   0.273 0.219 0.290 0.218 1    
52:   0.231 0.218 0.295 0.256 1    
53:   0.318 0.288 0.215 0.178 1    
54:   0.253 0.216 0.297 0.235 1    
55:   0.311 0.296 0.175 0.218 1    
56:   0.325 0.326 0.154 0.195 1    
57:   0.207 0.244 0.329 0.219 1    
58:   0.233 0.323 0.235 0.209 1    
59:   0.260 0.377 0.152 0.211 1    
60:   0.333 0.145 0.121 0.402 1    
61:   0.257 0.288 0.240 0.215 1    
62:   0.251 0.228 0.256 0.266 1    
63:   0.220 0.162 0.334 0.284 1    
64:   0.244 0.151 0.262 0.343 1    
65:   0.286 0.312 0.173 0.229 1    
66:   0.221 0.211 0.289 0.280 1    
67:   0.265 0.323 0.159 0.254 1    
68:   0.263 0.290 0.245 0.202 1    
69:   0.239 0.257 0.333 0.172 1    
70:   0.255 0.233 0.310 0.202 1    
71:   0.255 0.237 0.320 0.188 1    
72:   0.302 0.323 0.179 0.196 1    
73:   0.310 0.207 0.192 0.290 1    
74:   0.260 0.205 0.313 0.223 1    
75:   0.236 0.170 0.349 0.245 1    
76:   0.230 0.259 0.264 0.247 1    
77:   0.196 0.210 0.454 0.139 1    
78:   0.382 0.323 0.102 0.193 1    
79:   0.299 0.277 0.166 0.258 1    
80:   0.264 0.217 0.211 0.308 1    
81:   0.213 0.234 0.395 0.158 1    
82:   0.296 0.217 0.140 0.347 1    
83:   0.266 0.158 0.235 0.341 1    
84:   0.243 0.165 0.369 0.223 1    
85:   0.170 0.153 0.533 0.145 1    
86:   0.223 0.276 0.318 0.183 1    
87:   0.219 0.361 0.131 0.289 1    
88:   0.284 0.236 0.237 0.244 1    
89:   0.325 0.089 0.107 0.480 1    
90:   0.236 0.251 0.195 0.318 1    
91:   0.239 0.351 0.180 0.230 1    
92:   0.270 0.185 0.233 0.311 1    
93:   0.334 0.072 0.099 0.495 1    
94:   0.241 0.203 0.296 0.260 1    
95:   0.205 0.263 0.345 0.188 1    
96:   0.262 0.168 0.244 0.325 1    
97:   0.191 0.470 0.125 0.215 1    
98:   0.258 0.248 0.259 0.235 1    
99:   0.386 0.293 0.118 0.203 1    
100:  0.278 0.229 0.310 0.183 1    
101:  0.310 0.171 0.191 0.328 1    
102:  0.321 0.236 0.243 0.200 1    
103:  0.188 0.138 0.425 0.248 1    
104:  0.218 0.292 0.252 0.238 1    
105:  0.288 0.196 0.223 0.293 1    
106:  0.278 0.098 0.221 0.403 1    
107:  0.307 0.214 0.194 0.284 1    
108:  0.263 0.213 0.175 0.348 1    
109:  0.272 0.227 0.309 0.192 1    
110:  0.219 0.320 0.226 0.235 1    
111:  0.163 0.153 0.518 0.166 1    
112:  0.260 0.190 0.237 0.313 1    
113:  0.211 0.343 0.217 0.229 1    
114:  0.276 0.098 0.223 0.404 1    
115:  0.254 0.267 0.267 0.212 1    
116:  0.350 0.221 0.151 0.277 1    
117:  0.254 0.280 0.136 0.330 1    
118:  0.241 0.299 0.235 0.225 1    
119:  0.270 0.217 0.264 0.250 1    
120:  0.386 0.290 0.122 0.203 1    
121:  0.204 0.337 0.211 0.249 1    
122:  0.263 0.404 0.128 0.205 1    
123:  0.167 0.351 0.309 0.173 1    
124:  0.194 0.282 0.332 0.192 1    
125:  0.263 0.225 0.252 0.260 1    
126:  0.375 0.301 0.129 0.195 1    
127:  0.177 0.533 0.061 0.229 1    
128:  0.296 0.193 0.155 0.356 1    
129:  0.336 0.072 0.098 0.494 1    
130:  0.324 0.083 0.120 0.473 1    
131:  0.329 0.084 0.108 0.480 1    
132:  0.271 0.209 0.180 0.340 1    
133:  0.209 0.294 0.286 0.211 1    
134:  0.209 0.190 0.336 0.264 1    
135:  0.236 0.300 0.222 0.242 1    
136:  0.311 0.299 0.183 0.206 1    
137:  0.182 0.522 0.067 0.229 1    
138:  0.180 0.524 0.066 0.230 1    
139:  0.264 0.160 0.279 0.296 1    
140:  0.215 0.166 0.358 0.261 1    
141:  0.211 0.279 0.254 0.256 1    
142:  0.210 0.211 0.341 0.238 1    
143:  0.150 0.119 0.580 0.151 1    
144:  0.248 0.250 0.212 0.290 1    
145:  0.190 0.244 0.367 0.199 1    
146:  0.317 0.202 0.239 0.242 1    
147:  0.217 0.330 0.237 0.216 1    
148:  0.292 0.243 0.220 0.245 1    
149:  0.217 0.269 0.289 0.226 1    
150:  0.242 0.129 0.339 0.290 1    
151:  0.248 0.340 0.208 0.203 1    
152:  0.202 0.254 0.344 0.200 1    
153:  0.221 0.190 0.366 0.223 1    
154:  0.171 0.406 0.202 0.221 1    
155:  0.207 0.325 0.243 0.225 1    
156:  0.306 0.180 0.202 0.313 1    
157:  0.215 0.155 0.330 0.300 1    
158:  0.214 0.146 0.342 0.298 1    
159:  0.221 0.236 0.274 0.269 1    
160:  0.147 0.170 0.511 0.172 1    
161:  0.174 0.381 0.245 0.200 1    
162:  0.269 0.132 0.231 0.368 1    
163:  0.331 0.289 0.181 0.200 1    
164:  0.339 0.245 0.147 0.269 1    
165:  0.169 0.451 0.169 0.211 1    
166:  0.239 0.272 0.232 0.257 1    
167:  0.221 0.322 0.207 0.249 1    
168:  0.297 0.265 0.231 0.207 1    
169:  0.219 0.138 0.360 0.283 1    
170:  0.199 0.377 0.214 0.210 1    
171:  0.309 0.101 0.145 0.446 1    
172:  0.251 0.323 0.185 0.241 1    
173:  0.229 0.330 0.259 0.182 1    
174:  0.234 0.259 0.323 0.184 1    
175:  0.259 0.336 0.226 0.178 1    
176:  0.234 0.199 0.263 0.304 1    
177:  0.304 0.404 0.096 0.196 1    
178:  0.226 0.264 0.232 0.278 1    
179:  0.292 0.159 0.199 0.351 1    
180:  0.296 0.196 0.249 0.259 1    
181:  0.297 0.267 0.136 0.300 1    
182:  0.273 0.255 0.256 0.215 1    
183:  0.169 0.286 0.350 0.194 1    
184:  0.184 0.422 0.168 0.227 1    
185:  0.326 0.091 0.103 0.479 1    
186:  0.326 0.094 0.102 0.477 1    
187:  0.185 0.209 0.447 0.160 1    
188:  0.240 0.182 0.322 0.256 1    
189:  0.306 0.297 0.194 0.203 1    
190:  0.292 0.243 0.272 0.194 1    
191:  0.241 0.310 0.246 0.203 1    
192:  0.176 0.377 0.245 0.201 1    
193:  0.262 0.265 0.282 0.191 1    
194:  0.214 0.213 0.334 0.239 1    
195:  0.230 0.254 0.351 0.166 1    
196:  0.267 0.145 0.220 0.368 1    
197:  0.284 0.363 0.149 0.204 1    
198:  0.219 0.257 0.239 0.285 1    
199:  0.282 0.235 0.183 0.300 1    
200:  0.240 0.198 0.309 0.253 1    
201:  0.221 0.115 0.382 0.282 1    
202:  0.172 0.318 0.293 0.217 1    
203:  0.265 0.140 0.257 0.338 1    
204:  0.236 0.177 0.307 0.281 1    
205:  0.300 0.268 0.200 0.233 1    
206:  0.245 0.227 0.353 0.175 1    
207:  0.210 0.314 0.215 0.261 1    
208:  0.213 0.223 0.340 0.224 1    
209:  0.220 0.338 0.166 0.275 1    
210:  0.182 0.346 0.263 0.208 1    
211:  0.200 0.283 0.278 0.240 1    
212:  0.176 0.289 0.349 0.186 1    
213:  0.157 0.183 0.518 0.142 1    
214:  0.198 0.186 0.415 0.200 1    
215:  0.277 0.096 0.245 0.382 1    
216:  0.353 0.344 0.107 0.196 1    
217:  0.253 0.242 0.201 0.304 1    
218:  0.224 0.140 0.388 0.248 1    
219:  0.249 0.224 0.222 0.305 1    
220:  0.237 0.229 0.274 0.259 1    
221:  0.244 0.265 0.199 0.293 1    
222:  0.260 0.168 0.239 0.333 1    
223:  0.223 0.284 0.240 0.252 1    
224:  0.188 0.361 0.228 0.223 1    
225:  0.175 0.176 0.469 0.180 1    
226:  0.202 0.474 0.091 0.233 1    
227:  0.153 0.105 0.576 0.166 1    
228:  0.276 0.178 0.227 0.319 1    
229:  0.281 0.235 0.264 0.219 1    
230:  0.281 0.236 0.208 0.275 1    
231:  0.204 0.325 0.237 0.234 1    
232:  0.269 0.187 0.263 0.281 1    
233:  0.301 0.401 0.100 0.198 1    
234:  0.324 0.176 0.167 0.333 1    
235:  0.164 0.285 0.372 0.178 1    
236:  0.331 0.313 0.165 0.191 1    
237:  0.269 0.215 0.237 0.279 1    
238:  0.318 0.342 0.136 0.204 1    
239:  0.302 0.231 0.251 0.216 1    
240:  0.241 0.151 0.308 0.300 1    
241:  0.321 0.247 0.181 0.251 1    
242:  0.328 0.371 0.107 0.194 1    
243:  0.232 0.157 0.381 0.229 1    
244:  0.222 0.199 0.322 0.257 1    
245:  0.246 0.301 0.184 0.269 1    
246:  0.236 0.247 0.240 0.277 1    
247:  0.307 0.246 0.157 0.291 1    
248:  0.234 0.398 0.172 0.196 1    
249:  0.303 0.184 0.199 0.315 1    
250:  0.300 0.203 0.200 0.298 1    
251:  0.242 0.344 0.195 0.219 1    
252:  0.255 0.228 0.239 0.279 1    
253:  0.294 0.243 0.253 0.209 1    
254:  0.214 0.237 0.352 0.197 1    
255:  0.296 0.292 0.177 0.235 1    
256:  0.284 0.252 0.304 0.160 1    
257:  0.369 0.349 0.094 0.189 1    
258:  0.283 0.304 0.169 0.244 1    
259:  0.215 0.234 0.391 0.160 1    
260:  0.311 0.273 0.209 0.207 1    
261:  0.273 0.223 0.233 0.271 1    
262:  0.345 0.272 0.148 0.235 1    
263:  0.230 0.233 0.237 0.301 1    
264:  0.266 0.277 0.235 0.221 1    
265:  0.256 0.357 0.158 0.229 1    
266:  0.291 0.180 0.200 0.328 1    
267:  0.255 0.210 0.263 0.271 1    
268:  0.296 0.255 0.261 0.187 1    
269:  0.236 0.222 0.371 0.171 1    
270:  0.302 0.242 0.243 0.212 1    
                 
                 
1:    0.488 0.189 0.197 0.127 1    
2:    0.232 0.115 0.115 0.538 1    
3:    0.293 0.256 0.231 0.221 1    
4:    0.077 0.378 0.426 0.119 1    
5:    0.145 0.320 0.309 0.227 1    
6:    0.072 0.420 0.366 0.142 1    
7:    0.563 0.135 0.137 0.165 1    
8:    0.157 0.295 0.308 0.240 1    
9:    0.330 0.252 0.224 0.194 1    
10:   0.113 0.341 0.309 0.236 1    
11:   0.115 0.393 0.335 0.157 1    
12:   0.088 0.410 0.351 0.151 1    
13:   0.322 0.239 0.260 0.179 1    
14:   0.428 0.169 0.186 0.218 1    
15:   0.221 0.186 0.194 0.399 1    
16:   0.400 0.120 0.137 0.344 1    
17:   0.210 0.293 0.291 0.205 1    
18:   0.105 0.248 0.223 0.424 1    
19:   0.132 0.199 0.209 0.460 1    
20:   0.387 0.176 0.181 0.256 1    
21:   0.213 0.232 0.256 0.299 1    
22:   0.325 0.169 0.192 0.313 1    
23:   0.377 0.176 0.179 0.268 1    
24:   0.282 0.228 0.227 0.264 1    
25:   0.258 0.292 0.263 0.187 1    
26:   0.280 0.195 0.199 0.325 1    
27:   0.447 0.137 0.152 0.265 1    
