   1:   0.1666  0.1626  0.1708  0.1712  0.1656  0.1632  1
   2:   0.1631  0.1619  0.1671  0.1719  0.1683  0.1675  1
   3:   0.1629  0.1637  0.1699  0.1709  0.1621  0.1705  1
   4:   0.1602  0.1622  0.1666  0.1790  0.1620  0.1700  1
   5:   0.1665  0.1661  0.1685  0.1671  0.1671  0.1647  1
   6:   0.1664  0.1640  0.1714  0.1662  0.1694  0.1628  1
   7:   0.1639  0.1633  0.1713  0.1745  0.1655  0.1615  1
   8:   0.1640  0.1632  0.1682  0.1734  0.1666  0.1646  1
   9:   0.1693  0.1697  0.1649  0.1619  0.1669  0.1671  1
  10:   0.1662  0.1652  0.1602  0.1708  0.1694  0.1682  1
  11:   0.1688  0.1752  0.1670  0.1558  0.1658  0.1676  1
  12:   0.1715  0.1709  0.1645  0.1579  0.1653  0.1701  1
  13:   0.1676  0.1642  0.1706  0.1660  0.1678  0.1640  1
  14:   0.1660  0.1588  0.1722  0.1744  0.1670  0.1616  1
  15:   0.1666  0.1628  0.1694  0.1706  0.1656  0.1652  1
  16:   0.1699  0.1687  0.1671  0.1649  0.1645  0.1647  1
  17:   0.1658  0.1706  0.1652  0.1622  0.1670  0.1692  1
  18:   0.1718  0.1736  0.1644  0.1576  0.1670  0.1654  1
  19:   0.1692  0.1624  0.1640  0.1700  0.1664  0.1678  1
  20:   0.1770  0.1684  0.1700  0.1590  0.1660  0.1598  1
  21:   0.1658  0.1650  0.1674  0.1686  0.1656  0.1674  1
  22:   0.1704  0.1692  0.1670  0.1610  0.1688  0.1634  1
  23:   0.1695  0.1617  0.1673  0.1675  0.1689  0.1651  1
  24:   0.1641  0.1603  0.1671  0.1809  0.1613  0.1665  1
  25:   0.1624  0.1650  0.1662  0.1726  0.1620  0.1716  1
  26:   0.1687  0.1707  0.1683  0.1595  0.1679  0.1651  1
  27:   0.1611  0.1601  0.1687  0.1739  0.1663  0.1697  1
  28:   0.1637  0.1675  0.1641  0.1679  0.1635  0.1733  1
  29:   0.1656  0.1652  0.1656  0.1680  0.1660  0.1696  1
  30:   0.1616  0.1668  0.1672  0.1708  0.1656  0.1682  1
  31:   0.1694  0.1690  0.1676  0.1608  0.1682  0.1650  1
  32:   0.1652  0.1694  0.1626  0.1664  0.1644  0.1722  1
  33:   0.1665  0.1745  0.1627  0.1601  0.1669  0.1693  1
  34:   0.1678  0.1712  0.1668  0.1630  0.1662  0.1652  1
  35:   0.1647  0.1675  0.1681  0.1675  0.1629  0.1691  1
  36:   0.1633  0.1643  0.1681  0.1699  0.1657  0.1689  1
  37:   0.1679  0.1719  0.1625  0.1619  0.1691  0.1665  1
  38:   0.1611  0.1667  0.1657  0.1679  0.1677  0.1711  1
  39:   0.1609  0.1657  0.1673  0.1743  0.1627  0.1689  1
  40:   0.1711  0.1655  0.1665  0.1639  0.1683  0.1647  1
  41:   0.1677  0.1735  0.1653  0.1597  0.1697  0.1643  1
  42:   0.1641  0.1719  0.1641  0.1623  0.1667  0.1707  1
  43:   0.1637  0.1645  0.1671  0.1717  0.1659  0.1673  1
  44:   0.1719  0.1683  0.1685  0.1627  0.1663  0.1625  1
  45:   0.1741  0.1657  0.1703  0.1615  0.1697  0.1589  1
  46:   0.1614  0.1638  0.1670  0.1746  0.1674  0.1656  1
  47:   0.1646  0.1656  0.1672  0.1688  0.1676  0.1662  1
  48:   0.1653  0.1645  0.1663  0.1695  0.1653  0.1691  1
  49:   0.1655  0.1723  0.1647  0.1625  0.1657  0.1695  1
  50:   0.1685  0.1609  0.1723  0.1687  0.1671  0.1627  1
  51:   0.1672  0.1716  0.1624  0.1592  0.1732  0.1666  1
  52:   0.1724  0.1696  0.1622  0.1608  0.1722  0.1630  1
  53:   0.1733  0.1737  0.1625  0.1569  0.1717  0.1621  1
  54:   0.1687  0.1673  0.1603  0.1621  0.1719  0.1697  1
  55:   0.1702  0.1738  0.1626  0.1570  0.1674  0.1692  1
  56:   0.1636  0.1660  0.1716  0.1678  0.1676  0.1636  1
  57:   0.1689  0.1755  0.1637  0.1563  0.1657  0.1701  1
  58:   0.1675  0.1739  0.1615  0.1591  0.1749  0.1633  1
  59:   0.1694  0.1634  0.1694  0.1646  0.1706  0.1628  1
  60:   0.1718  0.1650  0.1678  0.1658  0.1650  0.1644  1
  61:   0.1620  0.1628  0.1688  0.1764  0.1640  0.1658  1
  62:   0.1654  0.1690  0.1676  0.1658  0.1690  0.1634  1
  63:   0.1648  0.1630  0.1682  0.1688  0.1694  0.1656  1
  64:   0.1672  0.1746  0.1634  0.1580  0.1638  0.1732  1
  65:   0.1696  0.1662  0.1688  0.1632  0.1666  0.1654  1
  66:   0.1612  0.1586  0.1618  0.1880  0.1598  0.1708  1
  67:   0.1653  0.1703  0.1581  0.1673  0.1685  0.1703  1
  68:   0.1686  0.1712  0.1658  0.1624  0.1672  0.1650  1
  69:   0.1652  0.1682  0.1658  0.1650  0.1674  0.1684  1
  70:   0.1704  0.1694  0.1630  0.1618  0.1702  0.1650  1
  71:   0.1732  0.1648  0.1688  0.1612  0.1710  0.1612  1
  72:   0.1650  0.1718  0.1606  0.1652  0.1688  0.1688  1
  73:   0.1629  0.1685  0.1641  0.1711  0.1617  0.1719  1
  74:   0.1714  0.1660  0.1624  0.1656  0.1744  0.1602  1
  75:   0.1604  0.1640  0.1670  0.1766  0.1634  0.1686  1
  76:   0.1655  0.1651  0.1673  0.1685  0.1667  0.1669  1
  77:   0.1664  0.1678  0.1700  0.1624  0.1672  0.1662  1
  78:   0.1597  0.1635  0.1661  0.1713  0.1677  0.1715  1
  79:   0.1660  0.1614  0.1696  0.1698  0.1672  0.1658  1
  80:   0.1609  0.1651  0.1651  0.1731  0.1649  0.1711  1
  81:   0.1727  0.1723  0.1639  0.1575  0.1673  0.1661  1
  82:   0.1683  0.1655  0.1681  0.1675  0.1681  0.1623  1
  83:   0.1714  0.1688  0.1650  0.1600  0.1692  0.1656  1
  84:   0.1603  0.1627  0.1685  0.1739  0.1667  0.1679  1
  85:   0.1647  0.1619  0.1703  0.1749  0.1653  0.1631  1
  86:   0.1642  0.1690  0.1632  0.1690  0.1654  0.1690  1
  87:   0.1658  0.1676  0.1634  0.1658  0.1714  0.1658  1
  88:   0.1692  0.1686  0.1666  0.1630  0.1682  0.1642  1
  89:   0.1653  0.1723  0.1625  0.1647  0.1673  0.1677  1
  90:   0.1654  0.1652  0.1646  0.1708  0.1664  0.1674  1
  91:   0.1700  0.1734  0.1634  0.1562  0.1658  0.1710  1
  92:   0.1618  0.1642  0.1660  0.1730  0.1646  0.1706  1
  93:   0.1695  0.1679  0.1649  0.1625  0.1669  0.1681  1
  94:   0.1710  0.1744  0.1682  0.1542  0.1708  0.1612  1
  95:   0.1677  0.1667  0.1653  0.1647  0.1671  0.1687  1
  96:   0.1649  0.1651  0.1655  0.1677  0.1669  0.1701  1
  97:   0.1679  0.1721  0.1637  0.1591  0.1627  0.1747  1
  98:   0.1702  0.1734  0.1638  0.1582  0.1644  0.1698  1
  99:   0.1610  0.1634  0.1682  0.1696  0.1658  0.1718  1
 100:   0.1626  0.1706  0.1628  0.1666  0.1664  0.1708  1
 101:   0.1689  0.1715  0.1641  0.1607  0.1633  0.1717  1
 102:   0.1691  0.1687  0.1627  0.1661  0.1653  0.1679  1
 103:   0.1685  0.1711  0.1635  0.1583  0.1679  0.1709  1
 104:   0.1630  0.1696  0.1664  0.1672  0.1650  0.1690  1
 105:   0.1671  0.1675  0.1661  0.1629  0.1707  0.1657  1
 106:   0.1656  0.1710  0.1636  0.1642  0.1704  0.1650  1
 107:   0.1772  0.1636  0.1686  0.1626  0.1706  0.1572  1
 108:   0.1641  0.1643  0.1651  0.1659  0.1727  0.1677  1
 109:   0.1577  0.1543  0.1687  0.1865  0.1611  0.1719  1
 110:   0.1641  0.1593  0.1683  0.1737  0.1671  0.1673  1
 111:   0.1688  0.1616  0.1730  0.1692  0.1664  0.1608  1
 112:   0.1663  0.1657  0.1639  0.1701  0.1637  0.1703  1
 113:   0.1688  0.1642  0.1686  0.1674  0.1662  0.1650  1
 114:   0.1668  0.1666  0.1674  0.1632  0.1676  0.1684  1
 115:   0.1659  0.1671  0.1671  0.1655  0.1695  0.1651  1
 116:   0.1657  0.1685  0.1641  0.1619  0.1667  0.1729  1
 117:   0.1742  0.1708  0.1632  0.1582  0.1676  0.1658  1
 118:   0.1651  0.1683  0.1653  0.1665  0.1645  0.1701  1
 119:   0.1746  0.1688  0.1670  0.1600  0.1630  0.1664  1
 120:   0.1652  0.1604  0.1720  0.1710  0.1684  0.1632  1
 121:   0.1666  0.1638  0.1672  0.1716  0.1642  0.1666  1
 122:   0.1653  0.1681  0.1645  0.1681  0.1681  0.1661  1
 123:   0.1639  0.1639  0.1645  0.1703  0.1607  0.1767  1
 124:   0.1778  0.1660  0.1712  0.1568  0.1686  0.1596  1
 125:   0.1607  0.1599  0.1703  0.1777  0.1669  0.1643  1
 126:   0.1639  0.1639  0.1731  0.1705  0.1671  0.1615  1
 127:   0.1654  0.1636  0.1676  0.1682  0.1670  0.1680  1
 128:   0.1693  0.1687  0.1655  0.1623  0.1661  0.1679  1
 129:   0.1686  0.1662  0.1660  0.1652  0.1676  0.1662  1
 130:   0.1637  0.1647  0.1629  0.1713  0.1659  0.1717  1
 131:   0.1733  0.1671  0.1663  0.1623  0.1663  0.1647  1
 132:   0.1748  0.1608  0.1730  0.1650  0.1678  0.1586  1
 133:   0.1595  0.1647  0.1671  0.1723  0.1655  0.1707  1
 134:   0.1534  0.1556  0.1684  0.1912  0.1626  0.1688  1
 135:   0.1656  0.1702  0.1660  0.1646  0.1642  0.1694  1
 136:   0.1640  0.1702  0.1672  0.1626  0.1690  0.1668  1
 137:   0.1658  0.1656  0.1630  0.1682  0.1656  0.1716  1
 138:   0.1642  0.1646  0.1658  0.1688  0.1664  0.1704  1
 139:   0.1681  0.1675  0.1679  0.1639  0.1677  0.1647  1
 140:   0.1681  0.1701  0.1669  0.1619  0.1675  0.1657  1
 141:   0.1642  0.1602  0.1642  0.1772  0.1690  0.1652  1
 142:   0.1673  0.1671  0.1643  0.1667  0.1603  0.1741  1
 143:   0.1679  0.1635  0.1697  0.1673  0.1649  0.1665  1
 144:   0.1656  0.1662  0.1624  0.1712  0.1618  0.1728  1
 145:   0.1676  0.1760  0.1632  0.1574  0.1660  0.1696  1
 146:   0.1648  0.1646  0.1678  0.1678  0.1666  0.1686  1
 147:   0.1666  0.1668  0.1690  0.1672  0.1684  0.1620  1
 148:   0.1650  0.1636  0.1682  0.1706  0.1638  0.1686  1
 149:   0.1639  0.1593  0.1687  0.1757  0.1673  0.1651  1
 150:   0.1631  0.1637  0.1675  0.1697  0.1653  0.1705  1
 151:   0.1652  0.1722  0.1646  0.1606  0.1686  0.1686  1
 152:   0.1641  0.1605  0.1683  0.1723  0.1703  0.1647  1
 153:   0.1666  0.1668  0.1682  0.1646  0.1670  0.1670  1
 154:   0.1600  0.1644  0.1646  0.1774  0.1616  0.1722  1
 155:   0.1642  0.1728  0.1630  0.1616  0.1656  0.1730  1
 156:   0.1681  0.1725  0.1651  0.1605  0.1675  0.1661  1
 157:   0.1656  0.1612  0.1732  0.1736  0.1640  0.1626  1
 158:   0.1614  0.1644  0.1658  0.1746  0.1614  0.1724  1
 159:   0.1639  0.1621  0.1699  0.1763  0.1647  0.1633  1
 160:   0.1663  0.1659  0.1683  0.1675  0.1675  0.1645  1
 161:   0.1630  0.1646  0.1660  0.1714  0.1650  0.1700  1
 162:   0.1655  0.1685  0.1657  0.1635  0.1691  0.1675  1
 163:   0.1643  0.1695  0.1641  0.1665  0.1669  0.1687  1
 164:   0.1682  0.1660  0.1674  0.1642  0.1714  0.1630  1
 165:   0.1683  0.1663  0.1685  0.1649  0.1679  0.1641  1
 166:   0.1734  0.1728  0.1660  0.1582  0.1660  0.1636  1
 167:   0.1666  0.1610  0.1678  0.1700  0.1702  0.1642  1
 168:   0.1679  0.1731  0.1663  0.1619  0.1653  0.1655  1
 169:   0.1682  0.1714  0.1664  0.1622  0.1664  0.1654  1
 170:   0.1690  0.1674  0.1680  0.1624  0.1666  0.1664  1
 171:   0.1634  0.1642  0.1706  0.1708  0.1674  0.1638  1
 172:   0.1688  0.1662  0.1690  0.1638  0.1700  0.1624  1
 173:   0.1644  0.1614  0.1666  0.1740  0.1654  0.1682  1
 174:   0.1664  0.1632  0.1704  0.1704  0.1664  0.1632  1
 175:   0.1698  0.1696  0.1680  0.1608  0.1666  0.1654  1
 176:   0.1682  0.1678  0.1666  0.1634  0.1684  0.1656  1
 177:   0.1635  0.1683  0.1655  0.1677  0.1689  0.1661  1
 178:   0.1664  0.1698  0.1664  0.1630  0.1664  0.1680  1
 179:   0.1632  0.1646  0.1650  0.1744  0.1620  0.1710  1
 180:   0.1732  0.1650  0.1704  0.1620  0.1708  0.1588  1
 181:   0.1684  0.1712  0.1682  0.1600  0.1630  0.1692  1
 182:   0.1704  0.1712  0.1664  0.1584  0.1692  0.1646  1
 183:   0.1666  0.1646  0.1666  0.1640  0.1698  0.1682  1
 184:   0.1684  0.1680  0.1682  0.1620  0.1686  0.1646  1
 185:   0.1657  0.1699  0.1633  0.1607  0.1687  0.1717  1
 186:   0.1709  0.1677  0.1695  0.1617  0.1685  0.1619  1
 187:   0.1699  0.1689  0.1663  0.1629  0.1699  0.1623  1
 188:   0.1666  0.1724  0.1646  0.1614  0.1664  0.1688  1
 189:   0.1662  0.1668  0.1650  0.1640  0.1698  0.1684  1
 190:   0.1692  0.1668  0.1688  0.1614  0.1658  0.1678  1
 191:   0.1697  0.1599  0.1709  0.1671  0.1679  0.1643  1
 192:   0.1634  0.1634  0.1656  0.1758  0.1628  0.1690  1
 193:   0.1682  0.1682  0.1630  0.1638  0.1664  0.1706  1
 194:   0.1646  0.1642  0.1686  0.1684  0.1644  0.1696  1
 195:   0.1645  0.1633  0.1657  0.1709  0.1653  0.1703  1
 196:   0.1678  0.1686  0.1670  0.1618  0.1670  0.1678  1
 197:   0.1650  0.1696  0.1636  0.1690  0.1610  0.1720  1
 198:   0.1731  0.1647  0.1677  0.1623  0.1703  0.1621  1
 199:   0.1656  0.1632  0.1648  0.1722  0.1656  0.1686  1
 200:   0.1571  0.1657  0.1683  0.1739  0.1631  0.1721  1
 201:   0.1665  0.1775  0.1613  0.1597  0.1663  0.1689  1
 202:   0.1705  0.1693  0.1677  0.1609  0.1689  0.1627  1
 203:   0.1643  0.1675  0.1675  0.1653  0.1643  0.1713  1
 204:   0.1708  0.1628  0.1700  0.1666  0.1654  0.1642  1
 205:   0.1651  0.1671  0.1679  0.1659  0.1671  0.1667  1
 206:   0.1710  0.1634  0.1718  0.1654  0.1654  0.1628  1
 207:   0.1719  0.1667  0.1691  0.1639  0.1671  0.1611  1
 208:   0.1626  0.1674  0.1640  0.1726  0.1640  0.1692  1
 209:   0.1674  0.1682  0.1650  0.1654  0.1648  0.1692  1
 210:   0.1584  0.1630  0.1720  0.1740  0.1644  0.1682  1
 211:   0.1543  0.1491  0.1633  0.2097  0.1571  0.1665  1
 212:   0.1700  0.1738  0.1658  0.1578  0.1642  0.1686  1
 213:   0.1633  0.1621  0.1699  0.1697  0.1693  0.1657  1
 214:   0.1618  0.1660  0.1640  0.1744  0.1590  0.1746  1
 215:   0.1647  0.1667  0.1695  0.1697  0.1641  0.1653  1
 216:   0.1732  0.1714  0.1648  0.1600  0.1646  0.1662  1
 217:   0.1580  0.1604  0.1692  0.1760  0.1660  0.1702  1
 218:   0.1701  0.1599  0.1715  0.1637  0.1747  0.1599  1
 219:   0.1614  0.1658  0.1632  0.1706  0.1700  0.1688  1
 220:   0.1689  0.1589  0.1697  0.1741  0.1633  0.1649  1
 221:   0.1657  0.1641  0.1627  0.1721  0.1675  0.1677  1
 222:   0.1690  0.1666  0.1672  0.1618  0.1724  0.1632  1
 223:   0.1713  0.1677  0.1661  0.1613  0.1735  0.1601  1
 224:   0.1733  0.1691  0.1685  0.1595  0.1659  0.1635  1
 225:   0.1695  0.1651  0.1683  0.1649  0.1683  0.1641  1
 226:   0.1663  0.1649  0.1675  0.1669  0.1657  0.1687  1
 227:   0.1673  0.1697  0.1593  0.1665  0.1723  0.1649  1
 228:   0.1665  0.1663  0.1657  0.1689  0.1649  0.1675  1
 229:   0.1667  0.1743  0.1647  0.1603  0.1675  0.1665  1
 230:   0.1620  0.1704  0.1672  0.1672  0.1646  0.1684  1
 231:   0.1646  0.1726  0.1640  0.1600  0.1630  0.1760  1
 232:   0.1716  0.1690  0.1646  0.1620  0.1650  0.1678  1
 233:   0.1685  0.1663  0.1679  0.1651  0.1665  0.1659  1
 234:   0.1692  0.1678  0.1660  0.1644  0.1654  0.1674  1
 235:   0.1682  0.1754  0.1640  0.1586  0.1642  0.1698  1
 236:   0.1620  0.1632  0.1664  0.1728  0.1690  0.1666  1
 237:   0.1714  0.1728  0.1652  0.1552  0.1644  0.1712  1
 238:   0.1630  0.1678  0.1652  0.1684  0.1642  0.1712  1
 239:   0.1673  0.1701  0.1655  0.1627  0.1683  0.1661  1
 240:   0.1717  0.1621  0.1711  0.1671  0.1659  0.1623  1
 241:   0.1680  0.1724  0.1630  0.1584  0.1656  0.1726  1
 242:   0.1693  0.1729  0.1615  0.1643  0.1649  0.1671  1
 243:   0.1662  0.1638  0.1712  0.1676  0.1668  0.1646  1
 244:   0.1658  0.1658  0.1674  0.1674  0.1686  0.1650  1
 245:   0.1739  0.1651  0.1671  0.1625  0.1659  0.1653  1
 246:   0.1662  0.1666  0.1656  0.1676  0.1680  0.1658  1
 247:   0.1660  0.1644  0.1644  0.1686  0.1700  0.1668  1
 248:   0.1658  0.1716  0.1656  0.1620  0.1642  0.1710  1
 249:   0.1704  0.1636  0.1658  0.1670  0.1672  0.1662  1
 250:   0.1684  0.1676  0.1716  0.1624  0.1654  0.1644  1
 251:   0.1660  0.1738  0.1628  0.1606  0.1704  0.1666  1
 252:   0.1656  0.1620  0.1672  0.1748  0.1654  0.1648  1
 253:   0.1651  0.1629  0.1653  0.1709  0.1631  0.1725  1
 254:   0.1690  0.1652  0.1662  0.1646  0.1700  0.1650  1
 255:   0.1645  0.1613  0.1681  0.1731  0.1667  0.1665  1
 256:   0.1659  0.1681  0.1661  0.1653  0.1685  0.1661  1
 257:   0.1552  0.1572  0.1694  0.1838  0.1640  0.1706  1
 258:   0.1602  0.1622  0.1676  0.1750  0.1660  0.1690  1
 259:   0.1587  0.1591  0.1657  0.1799  0.1623  0.1743  1
 260:   0.1639  0.1641  0.1651  0.1711  0.1685  0.1675  1
 261:   0.1780  0.1712  0.1664  0.1530  0.1706  0.1606  1
 262:   0.1670  0.1610  0.1684  0.1770  0.1642  0.1626  1
 263:   0.1684  0.1722  0.1636  0.1610  0.1644  0.1702  1
 264:   0.1637  0.1633  0.1699  0.1693  0.1649  0.1687  1
 265:   0.1633  0.1665  0.1639  0.1679  0.1637  0.1745  1
 266:   0.1649  0.1663  0.1693  0.1635  0.1701  0.1659  1
 267:   0.1623  0.1667  0.1647  0.1731  0.1619  0.1711  1
 268:   0.1701  0.1659  0.1681  0.1661  0.1693  0.1603  1
 269:   0.1610  0.1572  0.1660  0.1858  0.1614  0.1688  1
 270:   0.1660  0.1672  0.1658  0.1662  0.1682  0.1666  1
 271:   0.1704  0.1730  0.1686  0.1576  0.1658  0.1646  1
 272:   0.1601  0.1633  0.1665  0.1737  0.1651  0.1713  1
 273:   0.1696  0.1766  0.1638  0.1568  0.1650  0.1680  1
 274:   0.1648  0.1648  0.1682  0.1684  0.1636  0.1700  1
 275:   0.1578  0.1570  0.1676  0.1850  0.1632  0.1692  1
 276:   0.1736  0.1608  0.1722  0.1628  0.1696  0.1612  1
 277:   0.1706  0.1670  0.1694  0.1636  0.1648  0.1646  1
 278:   0.1668  0.1660  0.1676  0.1706  0.1654  0.1638  1
 279:   0.1687  0.1649  0.1685  0.1677  0.1663  0.1641  1
 280:   0.1712  0.1676  0.1680  0.1648  0.1662  0.1624  1
 281:   0.1692  0.1738  0.1622  0.1570  0.1670  0.1710  1
 282:   0.1717  0.1731  0.1629  0.1593  0.1683  0.1645  1
 283:   0.1731  0.1655  0.1703  0.1643  0.1671  0.1599  1
 284:   0.1757  0.1705  0.1655  0.1561  0.1673  0.1649  1
 285:   0.1668  0.1754  0.1626  0.1626  0.1650  0.1674  1
 286:   0.1673  0.1599  0.1689  0.1715  0.1691  0.1631  1
 287:   0.1682  0.1700  0.1660  0.1608  0.1680  0.1668  1
 288:   0.1683  0.1701  0.1671  0.1623  0.1661  0.1659  1
 289:   0.1670  0.1780  0.1624  0.1582  0.1638  0.1708  1
 290:   0.1796  0.1724  0.1664  0.1520  0.1670  0.1624  1
 291:   0.1663  0.1641  0.1679  0.1727  0.1649  0.1641  1
 292:   0.1679  0.1691  0.1669  0.1617  0.1639  0.1705  1
 293:   0.1679  0.1711  0.1629  0.1601  0.1657  0.1723  1
 294:   0.1669  0.1763  0.1607  0.1609  0.1679  0.1671  1
 295:   0.1615  0.1635  0.1651  0.1701  0.1623  0.1775  1
 296:   0.1696  0.1692  0.1646  0.1634  0.1726  0.1604  1
 297:   0.1665  0.1685  0.1649  0.1631  0.1685  0.1687  1
 298:   0.1658  0.1720  0.1620  0.1664  0.1602  0.1736  1
 299:   0.1652  0.1712  0.1596  0.1634  0.1690  0.1714  1
 300:   0.1621  0.1555  0.1677  0.1837  0.1661  0.1647  1
 301:   0.1644  0.1666  0.1684  0.1634  0.1706  0.1664  1
 302:   0.1656  0.1656  0.1668  0.1710  0.1646  0.1664  1
 303:   0.1662  0.1608  0.1690  0.1714  0.1674  0.1652  1
 304:   0.1721  0.1601  0.1717  0.1649  0.1693  0.1619  1
 305:   0.1718  0.1628  0.1688  0.1646  0.1698  0.1620  1
 306:   0.1642  0.1650  0.1688  0.1706  0.1656  0.1658  1
 307:   0.1641  0.1691  0.1649  0.1685  0.1643  0.1693  1
 308:   0.1660  0.1680  0.1660  0.1680  0.1638  0.1682  1
 309:   0.1662  0.1706  0.1660  0.1606  0.1670  0.1698  1
 310:   0.1652  0.1684  0.1658  0.1682  0.1658  0.1664  1
 311:   0.1667  0.1655  0.1727  0.1661  0.1673  0.1619  1
 312:   0.1779  0.1667  0.1687  0.1605  0.1667  0.1597  1
 313:   0.1631  0.1641  0.1679  0.1717  0.1661  0.1669  1
 314:   0.1654  0.1720  0.1630  0.1626  0.1592  0.1778  1
 315:   0.1645  0.1635  0.1697  0.1705  0.1629  0.1687  1
 316:   0.1648  0.1654  0.1674  0.1678  0.1644  0.1702  1
 317:   0.1717  0.1725  0.1651  0.1559  0.1635  0.1713  1
 318:   0.1673  0.1715  0.1663  0.1613  0.1623  0.1715  1
 319:   0.1659  0.1581  0.1705  0.1787  0.1621  0.1647  1
 320:   0.1665  0.1703  0.1677  0.1621  0.1637  0.1695  1
 321:   0.1646  0.1676  0.1652  0.1710  0.1672  0.1646  1
 322:   0.1680  0.1746  0.1648  0.1576  0.1662  0.1688  1
 323:   0.1699  0.1703  0.1659  0.1617  0.1659  0.1663  1
 324:   0.1592  0.1624  0.1678  0.1764  0.1666  0.1676  1
 325:   0.1685  0.1709  0.1627  0.1571  0.1617  0.1789  1
 326:   0.1600  0.1600  0.1706  0.1794  0.1624  0.1678  1
 327:   0.1696  0.1684  0.1656  0.1620  0.1700  0.1646  1
 328:   0.1634  0.1702  0.1634  0.1664  0.1640  0.1724  1
 329:   0.1687  0.1683  0.1669  0.1645  0.1615  0.1703  1
 330:   0.1665  0.1665  0.1697  0.1649  0.1687  0.1637  1
 331:   0.1730  0.1692  0.1650  0.1650  0.1668  0.1612  1
 332:   0.1674  0.1640  0.1670  0.1692  0.1678  0.1646  1
 333:   0.1694  0.1636  0.1714  0.1662  0.1670  0.1626  1
 334:   0.1656  0.1700  0.1660  0.1654  0.1656  0.1676  1
 335:   0.1679  0.1751  0.1681  0.1549  0.1673  0.1665  1
 336:   0.1698  0.1724  0.1660  0.1584  0.1734  0.1600  1
 337:   0.1611  0.1653  0.1667  0.1725  0.1645  0.1699  1
 338:   0.1670  0.1684  0.1646  0.1666  0.1634  0.1700  1
 339:   0.1693  0.1655  0.1673  0.1641  0.1655  0.1681  1
 340:   0.1655  0.1625  0.1695  0.1719  0.1675  0.1633  1
 341:   0.1660  0.1622  0.1694  0.1698  0.1682  0.1644  1
 342:   0.1649  0.1637  0.1669  0.1689  0.1685  0.1673  1
 343:   0.1674  0.1702  0.1702  0.1606  0.1680  0.1636  1
 344:   0.1622  0.1680  0.1668  0.1678  0.1624  0.1728  1
 345:   0.1637  0.1669  0.1637  0.1687  0.1665  0.1707  1
 346:   0.1681  0.1641  0.1697  0.1665  0.1697  0.1621  1
 347:   0.1649  0.1627  0.1687  0.1699  0.1685  0.1653  1
 348:   0.1685  0.1661  0.1665  0.1673  0.1625  0.1691  1
 349:   0.1655  0.1663  0.1679  0.1647  0.1715  0.1641  1
 350:   0.1735  0.1671  0.1671  0.1623  0.1701  0.1597  1
 351:   0.1664  0.1666  0.1656  0.1680  0.1672  0.1662  1
 352:   0.1695  0.1767  0.1655  0.1537  0.1687  0.1657  1
 353:   0.1756  0.1670  0.1678  0.1612  0.1638  0.1644  1
 354:   0.1656  0.1658  0.1688  0.1656  0.1666  0.1678  1
 355:   0.1657  0.1695  0.1673  0.1621  0.1671  0.1683  1
 356:   0.1670  0.1664  0.1676  0.1658  0.1680  0.1652  1
 357:   0.1626  0.1584  0.1714  0.1772  0.1656  0.1646  1
 358:   0.1670  0.1642  0.1694  0.1672  0.1704  0.1618  1
 359:   0.1638  0.1560  0.1714  0.1812  0.1652  0.1622  1
 360:   0.1683  0.1711  0.1681  0.1589  0.1649  0.1685  1
 361:   0.1512  0.1560  0.1614  0.2074  0.1528  0.1714  1
 362:   0.1580  0.1640  0.1680  0.1732  0.1652  0.1718  1
 363:   0.1680  0.1674  0.1692  0.1626  0.1676  0.1654  1
 364:   0.1674  0.1688  0.1668  0.1626  0.1692  0.1654  1
 365:   0.1583  0.1615  0.1667  0.1751  0.1653  0.1733  1
 366:   0.1681  0.1697  0.1673  0.1621  0.1689  0.1641  1
 367:   0.1713  0.1687  0.1679  0.1611  0.1655  0.1655  1
 368:   0.1666  0.1766  0.1612  0.1560  0.1678  0.1716  1
 369:   0.1669  0.1697  0.1621  0.1633  0.1739  0.1643  1
 370:   0.1664  0.1684  0.1670  0.1634  0.1710  0.1640  1
 371:   0.1662  0.1654  0.1662  0.1680  0.1698  0.1646  1
 372:   0.1675  0.1669  0.1669  0.1685  0.1639  0.1661  1
 373:   0.1699  0.1681  0.1665  0.1617  0.1677  0.1663  1
 374:   0.1634  0.1672  0.1646  0.1718  0.1634  0.1696  1
 375:   0.1679  0.1673  0.1649  0.1683  0.1623  0.1691  1
 376:   0.1679  0.1693  0.1655  0.1607  0.1671  0.1693  1
 377:   0.1652  0.1646  0.1674  0.1692  0.1632  0.1704  1
 378:   0.1700  0.1658  0.1722  0.1644  0.1650  0.1628  1
 379:   0.1666  0.1710  0.1656  0.1632  0.1650  0.1684  1
 380:   0.1659  0.1777  0.1625  0.1591  0.1643  0.1705  1
 381:   0.1665  0.1623  0.1667  0.1727  0.1675  0.1643  1
 382:   0.1635  0.1657  0.1649  0.1687  0.1711  0.1661  1
 383:   0.1682  0.1640  0.1670  0.1658  0.1728  0.1622  1
 384:   0.1655  0.1663  0.1651  0.1701  0.1657  0.1675  1
 385:   0.1666  0.1616  0.1686  0.1706  0.1688  0.1640  1
 386:   0.1676  0.1676  0.1634  0.1660  0.1724  0.1630  1
 387:   0.1625  0.1659  0.1701  0.1719  0.1667  0.1631  1
 388:   0.1678  0.1718  0.1674  0.1574  0.1698  0.1660  1
 389:   0.1638  0.1664  0.1688  0.1658  0.1686  0.1664  1
 390:   0.1569  0.1609  0.1663  0.1795  0.1679  0.1687  1
 391:   0.1635  0.1667  0.1673  0.1691  0.1675  0.1661  1
 392:   0.1652  0.1686  0.1662  0.1660  0.1680  0.1658  1
 393:   0.1660  0.1708  0.1652  0.1632  0.1668  0.1682  1
 394:   0.1660  0.1640  0.1702  0.1688  0.1666  0.1646  1
 395:   0.1686  0.1658  0.1686  0.1692  0.1652  0.1628  1
 396:   0.1669  0.1705  0.1647  0.1633  0.1683  0.1661  1
 397:   0.1682  0.1646  0.1694  0.1694  0.1638  0.1644  1
 398:   0.1632  0.1678  0.1676  0.1700  0.1654  0.1662  1
 399:   0.1704  0.1742  0.1634  0.1564  0.1658  0.1698  1
 400:   0.1676  0.1668  0.1696  0.1646  0.1654  0.1658  1
 401:   0.1711  0.1643  0.1657  0.1701  0.1625  0.1665  1
 402:   0.1662  0.1720  0.1656  0.1656  0.1626  0.1678  1
 403:   0.1760  0.1694  0.1672  0.1586  0.1650  0.1636  1
 404:   0.1728  0.1674  0.1690  0.1606  0.1712  0.1590  1
 405:   0.1673  0.1687  0.1675  0.1631  0.1683  0.1651  1
 406:   0.1758  0.1634  0.1726  0.1608  0.1680  0.1594  1
 407:   0.1663  0.1629  0.1711  0.1695  0.1657  0.1645  1
 408:   0.1672  0.1674  0.1672  0.1626  0.1688  0.1670  1
 409:   0.1639  0.1625  0.1681  0.1685  0.1713  0.1655  1
 410:   0.1658  0.1652  0.1704  0.1676  0.1660  0.1650  1
 411:   0.1618  0.1642  0.1614  0.1708  0.1684  0.1734  1
 412:   0.1696  0.1678  0.1662  0.1622  0.1732  0.1608  1
 413:   0.1672  0.1672  0.1646  0.1652  0.1690  0.1668  1
 414:   0.1693  0.1785  0.1611  0.1523  0.1713  0.1677  1
 415:   0.1714  0.1664  0.1680  0.1636  0.1690  0.1618  1
 416:   0.1729  0.1679  0.1679  0.1627  0.1675  0.1613  1
 417:   0.1696  0.1644  0.1690  0.1626  0.1706  0.1638  1
 418:   0.1758  0.1640  0.1692  0.1626  0.1652  0.1634  1
 419:   0.1653  0.1673  0.1693  0.1637  0.1661  0.1683  1
 420:   0.1753  0.1653  0.1669  0.1607  0.1697  0.1621  1
 421:   0.1630  0.1634  0.1706  0.1754  0.1628  0.1646  1
 422:   0.1684  0.1628  0.1670  0.1696  0.1654  0.1668  1
 423:   0.1601  0.1639  0.1671  0.1729  0.1627  0.1733  1
 424:   0.1676  0.1756  0.1626  0.1582  0.1764  0.1594  1
 425:   0.1641  0.1727  0.1655  0.1601  0.1687  0.1689  1
 426:   0.1700  0.1656  0.1694  0.1654  0.1644  0.1652  1
 427:   0.1734  0.1660  0.1676  0.1614  0.1672  0.1642  1
 428:   0.1700  0.1708  0.1636  0.1610  0.1686  0.1658  1
 429:   0.1712  0.1674  0.1676  0.1610  0.1702  0.1624  1
 430:   0.1756  0.1696  0.1644  0.1586  0.1688  0.1632  1
 431:   0.1663  0.1677  0.1677  0.1633  0.1697  0.1655  1
 432:   0.1664  0.1704  0.1678  0.1604  0.1676  0.1672  1
 433:   0.1657  0.1725  0.1679  0.1609  0.1645  0.1687  1
 434:   0.1639  0.1645  0.1647  0.1705  0.1703  0.1661  1
 435:   0.1732  0.1676  0.1666  0.1602  0.1672  0.1652  1
 436:   0.1700  0.1608  0.1694  0.1684  0.1694  0.1620  1
 437:   0.1630  0.1614  0.1720  0.1724  0.1654  0.1658  1
 438:   0.1658  0.1664  0.1616  0.1682  0.1706  0.1672  1
 439:   0.1661  0.1667  0.1675  0.1687  0.1663  0.1645  1
 440:   0.1692  0.1692  0.1688  0.1614  0.1664  0.1652  1
 441:   0.1617  0.1653  0.1651  0.1713  0.1665  0.1699  1
 442:   0.1602  0.1654  0.1652  0.1710  0.1688  0.1696  1
 443:   0.1761  0.1635  0.1713  0.1603  0.1673  0.1613  1
 444:   0.1641  0.1673  0.1633  0.1715  0.1613  0.1727  1
 445:   0.1680  0.1672  0.1680  0.1672  0.1642  0.1656  1
 446:   0.1713  0.1695  0.1647  0.1611  0.1679  0.1657  1
 447:   0.1684  0.1688  0.1660  0.1624  0.1686  0.1660  1
 448:   0.1668  0.1656  0.1662  0.1650  0.1692  0.1674  1
 449:   0.1689  0.1631  0.1669  0.1673  0.1669  0.1671  1
 450:   0.1657  0.1703  0.1637  0.1649  0.1663  0.1693  1
 451:   0.1658  0.1702  0.1658  0.1618  0.1684  0.1680  1
 452:   0.1687  0.1677  0.1697  0.1633  0.1685  0.1621  1
 453:   0.1706  0.1652  0.1690  0.1644  0.1702  0.1604  1
 454:   0.1691  0.1667  0.1683  0.1627  0.1645  0.1685  1
 455:   0.1665  0.1685  0.1651  0.1633  0.1697  0.1667  1
 456:   0.1671  0.1717  0.1659  0.1609  0.1687  0.1659  1
 457:   0.1699  0.1701  0.1665  0.1627  0.1681  0.1627  1
 458:   0.1683  0.1671  0.1689  0.1599  0.1707  0.1653  1
 459:   0.1725  0.1747  0.1651  0.1553  0.1645  0.1681  1
 460:   0.1672  0.1650  0.1670  0.1678  0.1678  0.1654  1
 461:   0.1684  0.1730  0.1608  0.1582  0.1678  0.1720  1
 462:   0.1653  0.1701  0.1645  0.1661  0.1649  0.1689  1
 463:   0.1670  0.1688  0.1648  0.1654  0.1694  0.1644  1
 464:   0.1655  0.1675  0.1677  0.1651  0.1705  0.1637  1
 465:   0.1624  0.1628  0.1640  0.1786  0.1646  0.1676  1
 466:   0.1679  0.1663  0.1695  0.1639  0.1673  0.1649  1
 467:   0.1677  0.1693  0.1655  0.1641  0.1641  0.1691  1
 468:   0.1674  0.1694  0.1680  0.1620  0.1692  0.1640  1
 469:   0.1618  0.1666  0.1592  0.1692  0.1694  0.1736  1
 470:   0.1650  0.1702  0.1670  0.1650  0.1664  0.1664  1
 471:   0.1681  0.1667  0.1727  0.1633  0.1665  0.1627  1
 472:   0.1681  0.1695  0.1645  0.1647  0.1671  0.1663  1
 473:   0.1643  0.1595  0.1691  0.1741  0.1665  0.1663  1
 474:   0.1666  0.1636  0.1672  0.1652  0.1698  0.1676  1
 475:   0.1686  0.1660  0.1702  0.1656  0.1648  0.1650  1
 476:   0.1643  0.1615  0.1645  0.1747  0.1631  0.1719  1
 477:   0.1756  0.1692  0.1704  0.1542  0.1706  0.1598  1
 478:   0.1703  0.1693  0.1667  0.1601  0.1659  0.1675  1
 479:   0.1649  0.1683  0.1655  0.1623  0.1667  0.1721  1
 480:   0.1672  0.1640  0.1702  0.1686  0.1664  0.1634  1
 481:   0.1590  0.1674  0.1650  0.1698  0.1668  0.1718  1
 482:   0.1709  0.1721  0.1667  0.1587  0.1699  0.1619  1
 483:   0.1674  0.1622  0.1650  0.1710  0.1686  0.1656  1
 484:   0.1681  0.1659  0.1671  0.1703  0.1659  0.1627  1
 485:   0.1646  0.1656  0.1664  0.1648  0.1702  0.1682  1
 486:   0.1736  0.1674  0.1668  0.1618  0.1686  0.1616  1
 487:   0.1636  0.1570  0.1708  0.1812  0.1640  0.1636  1
 488:   0.1626  0.1624  0.1712  0.1706  0.1678  0.1654  1
 489:   0.1635  0.1615  0.1645  0.1803  0.1611  0.1691  1
 490:   0.1704  0.1684  0.1678  0.1628  0.1642  0.1664  1
 491:   0.1652  0.1692  0.1656  0.1646  0.1678  0.1678  1
 492:   0.1649  0.1679  0.1667  0.1633  0.1675  0.1697  1
 493:   0.1680  0.1658  0.1698  0.1650  0.1688  0.1628  1
 494:   0.1668  0.1714  0.1636  0.1610  0.1680  0.1692  1
 495:   0.1608  0.1586  0.1680  0.1788  0.1638  0.1700  1
 496:   0.1651  0.1673  0.1645  0.1683  0.1635  0.1715  1
 497:   0.1621  0.1643  0.1653  0.1717  0.1661  0.1703  1
 498:   0.1629  0.1693  0.1687  0.1657  0.1691  0.1641  1
 499:   0.1655  0.1649  0.1659  0.1711  0.1683  0.1641  1
 500:   0.1703  0.1705  0.1653  0.1613  0.1665  0.1659  1
 501:   0.1567  0.1483  0.1681  0.2045  0.1571  0.1653  1
 502:   0.1694  0.1658  0.1648  0.1684  0.1668  0.1650  1
 503:   0.1569  0.1591  0.1645  0.1823  0.1645  0.1727  1
 504:   0.1691  0.1673  0.1681  0.1653  0.1657  0.1645  1
 505:   0.1646  0.1620  0.1694  0.1750  0.1634  0.1656  1
 506:   0.1621  0.1675  0.1641  0.1703  0.1665  0.1697  1
 507:   0.1658  0.1642  0.1642  0.1678  0.1716  0.1666  1
 508:   0.1658  0.1666  0.1662  0.1654  0.1686  0.1672  1
 509:   0.1615  0.1631  0.1677  0.1729  0.1661  0.1685  1
 510:   0.1695  0.1721  0.1675  0.1579  0.1645  0.1685  1
 511:   0.1659  0.1681  0.1637  0.1659  0.1659  0.1705  1
 512:   0.1638  0.1604  0.1700  0.1724  0.1680  0.1652  1
 513:   0.1672  0.1648  0.1664  0.1670  0.1682  0.1664  1
 514:   0.1669  0.1715  0.1655  0.1589  0.1695  0.1679  1
 515:   0.1628  0.1656  0.1672  0.1692  0.1672  0.1682  1
 516:   0.1642  0.1654  0.1650  0.1686  0.1702  0.1664  1
 517:   0.1648  0.1668  0.1698  0.1644  0.1696  0.1644  1
 518:   0.1686  0.1636  0.1694  0.1676  0.1642  0.1668  1
 519:   0.1617  0.1663  0.1661  0.1711  0.1669  0.1677  1
 520:   0.1599  0.1647  0.1717  0.1713  0.1661  0.1663  1
 521:   0.1693  0.1587  0.1687  0.1741  0.1661  0.1629  1
 522:   0.1724  0.1678  0.1678  0.1638  0.1672  0.1610  1
 523:   0.1644  0.1676  0.1638  0.1654  0.1680  0.1708  1
 524:   0.1627  0.1589  0.1683  0.1777  0.1669  0.1655  1
 525:   0.1627  0.1691  0.1619  0.1709  0.1653  0.1703  1
 526:   0.1648  0.1628  0.1688  0.1708  0.1662  0.1666  1
 527:   0.1627  0.1639  0.1635  0.1711  0.1703  0.1685  1
 528:   0.1718  0.1642  0.1684  0.1640  0.1680  0.1638  1
 529:   0.1671  0.1677  0.1709  0.1661  0.1647  0.1633  1
 530:   0.1672  0.1704  0.1650  0.1614  0.1634  0.1724  1
 531:   0.1646  0.1736  0.1648  0.1616  0.1678  0.1676  1
 532:   0.1686  0.1658  0.1662  0.1654  0.1634  0.1704  1
 533:   0.1622  0.1670  0.1636  0.1680  0.1642  0.1748  1
 534:   0.1674  0.1704  0.1638  0.1638  0.1670  0.1676  1
 535:   0.1656  0.1642  0.1662  0.1704  0.1652  0.1682  1
 536:   0.1677  0.1741  0.1645  0.1593  0.1637  0.1707  1
 537:   0.1592  0.1674  0.1654  0.1728  0.1674  0.1676  1
 538:   0.1701  0.1669  0.1691  0.1625  0.1691  0.1621  1
 539:   0.1643  0.1667  0.1683  0.1675  0.1659  0.1673  1
 540:   0.1621  0.1635  0.1637  0.1723  0.1693  0.1693  1
 541:   0.1668  0.1742  0.1622  0.1614  0.1620  0.1732  1
 542:   0.1674  0.1706  0.1634  0.1682  0.1596  0.1708  1
 543:   0.1660  0.1670  0.1640  0.1712  0.1632  0.1686  1
 544:   0.1621  0.1635  0.1689  0.1709  0.1697  0.1651  1
 545:   0.1646  0.1634  0.1670  0.1694  0.1680  0.1674  1
 546:   0.1658  0.1618  0.1670  0.1702  0.1676  0.1674  1
 547:   0.1715  0.1633  0.1689  0.1683  0.1651  0.1627  1
 548:   0.1720  0.1704  0.1688  0.1598  0.1670  0.1622  1
 549:   0.1624  0.1642  0.1670  0.1708  0.1678  0.1680  1
 550:   0.1658  0.1692  0.1660  0.1644  0.1688  0.1660  1
 551:   0.1560  0.1618  0.1638  0.1824  0.1600  0.1760  1
 552:   0.1663  0.1639  0.1693  0.1685  0.1669  0.1649  1
 553:   0.1552  0.1598  0.1704  0.1842  0.1644  0.1660  1
 554:   0.1716  0.1698  0.1656  0.1590  0.1654  0.1688  1
 555:   0.1630  0.1680  0.1654  0.1690  0.1686  0.1658  1
 556:   0.1659  0.1655  0.1679  0.1657  0.1693  0.1657  1
 557:   0.1662  0.1634  0.1706  0.1654  0.1692  0.1654  1
 558:   0.1682  0.1634  0.1678  0.1672  0.1682  0.1654  1
 559:   0.1634  0.1648  0.1644  0.1708  0.1642  0.1722  1
 560:   0.1635  0.1647  0.1711  0.1699  0.1655  0.1651  1
 561:   0.1665  0.1687  0.1675  0.1623  0.1661  0.1691  1
 562:   0.1687  0.1669  0.1715  0.1607  0.1701  0.1619  1
 563:   0.1685  0.1655  0.1703  0.1623  0.1687  0.1647  1
 564:   0.1782  0.1688  0.1686  0.1568  0.1678  0.1598  1
 565:   0.1648  0.1676  0.1684  0.1658  0.1666  0.1668  1
 566:   0.1694  0.1800  0.1592  0.1540  0.1716  0.1658  1
 567:   0.1711  0.1713  0.1647  0.1591  0.1649  0.1691  1
 568:   0.1682  0.1602  0.1654  0.1742  0.1628  0.1694  1
 569:   0.1652  0.1696  0.1696  0.1632  0.1650  0.1672  1
 570:   0.1563  0.1545  0.1665  0.1945  0.1607  0.1673  1
 571:   0.1697  0.1767  0.1617  0.1555  0.1653  0.1709  1
 572:   0.1695  0.1671  0.1661  0.1625  0.1689  0.1657  1
 573:   0.1626  0.1632  0.1646  0.1742  0.1668  0.1688  1
 574:   0.1662  0.1666  0.1674  0.1670  0.1662  0.1666  1
 575:   0.1633  0.1647  0.1679  0.1683  0.1653  0.1707  1
 576:   0.1660  0.1654  0.1626  0.1668  0.1688  0.1706  1
 577:   0.1713  0.1651  0.1693  0.1605  0.1725  0.1611  1
 578:   0.1662  0.1664  0.1658  0.1658  0.1676  0.1682  1
 579:   0.1650  0.1650  0.1660  0.1702  0.1660  0.1680  1
 580:   0.1699  0.1729  0.1657  0.1563  0.1675  0.1675  1
 581:   0.1722  0.1620  0.1698  0.1666  0.1672  0.1624  1
 582:   0.1664  0.1672  0.1666  0.1666  0.1662  0.1670  1
 583:   0.1662  0.1746  0.1628  0.1584  0.1666  0.1716  1
 584:   0.1656  0.1670  0.1648  0.1696  0.1654  0.1678  1
 585:   0.1713  0.1771  0.1631  0.1563  0.1635  0.1687  1
 586:   0.1669  0.1615  0.1693  0.1701  0.1673  0.1649  1
 587:   0.1667  0.1755  0.1641  0.1565  0.1641  0.1729  1
 588:   0.1648  0.1646  0.1684  0.1676  0.1694  0.1654  1
 589:   0.1688  0.1726  0.1642  0.1622  0.1638  0.1682  1
 590:   0.1733  0.1675  0.1703  0.1613  0.1651  0.1627  1
 591:   0.1729  0.1699  0.1649  0.1623  0.1677  0.1621  1
 592:   0.1681  0.1739  0.1641  0.1585  0.1685  0.1671  1
 593:   0.1681  0.1687  0.1651  0.1651  0.1657  0.1675  1
 594:   0.1638  0.1672  0.1674  0.1672  0.1698  0.1648  1
 595:   0.1684  0.1682  0.1646  0.1630  0.1694  0.1666  1
 596:   0.1660  0.1606  0.1724  0.1740  0.1642  0.1630  1
 597:   0.1647  0.1669  0.1665  0.1691  0.1649  0.1679  1
 598:   0.1661  0.1819  0.1603  0.1491  0.1719  0.1709  1
 599:   0.1633  0.1679  0.1615  0.1693  0.1669  0.1709  1
 600:   0.1682  0.1698  0.1642  0.1626  0.1692  0.1660  1
 601:   0.1751  0.1653  0.1697  0.1625  0.1673  0.1599  1
 602:   0.1668  0.1682  0.1640  0.1674  0.1640  0.1696  1
 603:   0.1683  0.1683  0.1657  0.1627  0.1671  0.1679  1
 604:   0.1651  0.1641  0.1673  0.1713  0.1685  0.1637  1
 605:   0.1632  0.1610  0.1670  0.1764  0.1642  0.1684  1
 606:   0.1647  0.1687  0.1651  0.1663  0.1669  0.1683  1
 607:   0.1606  0.1578  0.1724  0.1784  0.1664  0.1642  1
 608:   0.1671  0.1647  0.1683  0.1673  0.1683  0.1645  1
 609:   0.1674  0.1650  0.1662  0.1672  0.1668  0.1674  1
 610:   0.1659  0.1641  0.1707  0.1693  0.1647  0.1653  1
 611:   0.1617  0.1599  0.1673  0.1765  0.1659  0.1687  1
 612:   0.1679  0.1689  0.1661  0.1607  0.1687  0.1679  1
 613:   0.1701  0.1677  0.1673  0.1629  0.1673  0.1645  1
 614:   0.1666  0.1686  0.1658  0.1656  0.1650  0.1682  1
 615:   0.1687  0.1711  0.1663  0.1597  0.1675  0.1669  1
 616:   0.1691  0.1693  0.1695  0.1605  0.1669  0.1647  1
 617:   0.1667  0.1687  0.1669  0.1651  0.1683  0.1643  1
 618:   0.1646  0.1716  0.1644  0.1662  0.1684  0.1646  1
 619:   0.1636  0.1598  0.1676  0.1780  0.1616  0.1692  1
 620:   0.1632  0.1626  0.1678  0.1754  0.1628  0.1682  1
 621:   0.1594  0.1636  0.1682  0.1742  0.1668  0.1678  1
 622:   0.1585  0.1609  0.1649  0.1823  0.1627  0.1705  1
 623:   0.1650  0.1704  0.1626  0.1658  0.1694  0.1670  1
 624:   0.1630  0.1654  0.1666  0.1710  0.1680  0.1658  1
 625:   0.1708  0.1754  0.1602  0.1576  0.1662  0.1700  1
 626:   0.1650  0.1760  0.1634  0.1592  0.1638  0.1724  1
 627:   0.1648  0.1630  0.1704  0.1704  0.1660  0.1652  1
 628:   0.1715  0.1631  0.1675  0.1679  0.1685  0.1613  1
 629:   0.1630  0.1660  0.1654  0.1698  0.1678  0.1682  1
 630:   0.1692  0.1618  0.1730  0.1672  0.1664  0.1624  1
 631:   0.1612  0.1614  0.1656  0.1788  0.1642  0.1688  1
 632:   0.1662  0.1756  0.1662  0.1582  0.1670  0.1668  1
 633:   0.1766  0.1698  0.1716  0.1558  0.1704  0.1560  1
 634:   0.1672  0.1712  0.1644  0.1632  0.1668  0.1670  1
 635:   0.1612  0.1570  0.1684  0.1836  0.1636  0.1660  1
 636:   0.1641  0.1671  0.1671  0.1651  0.1691  0.1673  1
 637:   0.1677  0.1699  0.1655  0.1617  0.1669  0.1683  1
 638:   0.1623  0.1685  0.1665  0.1667  0.1697  0.1663  1
 639:   0.1670  0.1682  0.1664  0.1642  0.1678  0.1666  1
 640:   0.1638  0.1672  0.1656  0.1694  0.1648  0.1692  1
 641:   0.1621  0.1671  0.1631  0.1711  0.1637  0.1731  1
 642:   0.1673  0.1663  0.1647  0.1671  0.1667  0.1679  1
 643:   0.1689  0.1719  0.1667  0.1601  0.1665  0.1657  1
 644:   0.1723  0.1665  0.1673  0.1645  0.1679  0.1617  1
 645:   0.1624  0.1598  0.1688  0.1744  0.1684  0.1660  1
 646:   0.1632  0.1618  0.1688  0.1734  0.1658  0.1670  1
 647:   0.1673  0.1695  0.1609  0.1665  0.1695  0.1665  1
 648:   0.1709  0.1659  0.1637  0.1641  0.1701  0.1655  1
 649:   0.1666  0.1674  0.1646  0.1690  0.1632  0.1692  1
 650:   0.1713  0.1641  0.1697  0.1657  0.1667  0.1625  1
 651:   0.1622  0.1728  0.1674  0.1622  0.1682  0.1672  1
 652:   0.1774  0.1686  0.1690  0.1584  0.1678  0.1588  1
 653:   0.1648  0.1628  0.1690  0.1708  0.1682  0.1644  1
 654:   0.1686  0.1690  0.1666  0.1656  0.1650  0.1650  1
 655:   0.1655  0.1707  0.1629  0.1647  0.1657  0.1707  1
 656:   0.1682  0.1642  0.1662  0.1658  0.1724  0.1634  1
 657:   0.1668  0.1660  0.1636  0.1680  0.1658  0.1696  1
 658:   0.1618  0.1656  0.1684  0.1678  0.1664  0.1702  1
 659:   0.1664  0.1702  0.1644  0.1636  0.1674  0.1682  1
 660:   0.1653  0.1681  0.1681  0.1659  0.1687  0.1639  1
 661:   0.1666  0.1686  0.1646  0.1644  0.1658  0.1702  1
 662:   0.1625  0.1647  0.1671  0.1701  0.1653  0.1703  1
 663:   0.1632  0.1696  0.1670  0.1654  0.1664  0.1682  1
 664:   0.1682  0.1694  0.1706  0.1608  0.1650  0.1660  1
 665:   0.1691  0.1681  0.1665  0.1639  0.1659  0.1665  1
 666:   0.1746  0.1644  0.1666  0.1652  0.1658  0.1632  1
 667:   0.1666  0.1680  0.1660  0.1654  0.1670  0.1672  1
 668:   0.1678  0.1626  0.1682  0.1698  0.1646  0.1670  1
 669:   0.1694  0.1648  0.1692  0.1638  0.1702  0.1626  1
 670:   0.1654  0.1620  0.1678  0.1692  0.1664  0.1694  1
 671:   0.1649  0.1659  0.1673  0.1701  0.1677  0.1639  1
 672:   0.1738  0.1662  0.1658  0.1620  0.1690  0.1630  1
 673:   0.1650  0.1656  0.1670  0.1686  0.1674  0.1666  1
 674:   0.1668  0.1696  0.1692  0.1610  0.1648  0.1684  1
 675:   0.1582  0.1608  0.1640  0.1828  0.1616  0.1726  1
 676:   0.1696  0.1680  0.1632  0.1674  0.1682  0.1636  1
 677:   0.1694  0.1674  0.1680  0.1616  0.1630  0.1704  1
 678:   0.1703  0.1713  0.1677  0.1621  0.1641  0.1647  1
 679:   0.1628  0.1638  0.1656  0.1716  0.1630  0.1734  1
 680:   0.1760  0.1664  0.1682  0.1624  0.1676  0.1596  1
 681:   0.1698  0.1732  0.1632  0.1620  0.1688  0.1628  1
 682:   0.1668  0.1636  0.1722  0.1646  0.1702  0.1624  1
 683:   0.1685  0.1707  0.1665  0.1629  0.1673  0.1643  1
 684:   0.1700  0.1674  0.1652  0.1632  0.1706  0.1638  1
 685:   0.1683  0.1699  0.1663  0.1621  0.1631  0.1703  1
 686:   0.1683  0.1685  0.1659  0.1631  0.1669  0.1671  1
 687:   0.1649  0.1693  0.1681  0.1655  0.1643  0.1681  1
 688:   0.1675  0.1761  0.1631  0.1593  0.1651  0.1691  1
 689:   0.1681  0.1667  0.1679  0.1623  0.1723  0.1629  1
