  1:   0.2438  0.2577  0.2458  0.2527  1
  2:   0.2475  0.2535  0.2491  0.2499  1
  3:   0.2475  0.2537  0.2484  0.2504  1
  4:   0.2432  0.2588  0.2444  0.2536  1
  5:   0.2410  0.2615  0.2440  0.2536  1
  6:   0.2563  0.2416  0.2555  0.2466  1
  7:   0.2562  0.2420  0.2546  0.2472  1
  8:   0.2538  0.2445  0.2538  0.2479  1
  9:   0.2484  0.2508  0.2500  0.2508  1
 10:   0.2496  0.2502  0.2510  0.2492  1
 11:   0.2446  0.2565  0.2470  0.2518  1
 12:   0.2603  0.2368  0.2569  0.2460  1
 13:   0.2552  0.2416  0.2552  0.2480  1
 14:   0.2535  0.2460  0.2521  0.2484  1
 15:   0.2557  0.2422  0.2539  0.2482  1
 16:   0.2350  0.2694  0.2390  0.2566  1
 17:   0.2539  0.2448  0.2535  0.2478  1
 18:   0.2492  0.2506  0.2498  0.2504  1
 19:   0.2384  0.2647  0.2424  0.2545  1
 20:   0.2551  0.2447  0.2523  0.2479  1
 21:   0.2298  0.2764  0.2354  0.2584  1
 22:   0.2549  0.2418  0.2551  0.2481  1
 23:   0.2495  0.2494  0.2507  0.2504  1
 24:   0.2550  0.2436  0.2538  0.2476  1
 25:   0.2570  0.2408  0.2552  0.2470  1
 26:   0.2508  0.2497  0.2494  0.2501  1
 27:   0.2469  0.2535  0.2484  0.2512  1
 28:   0.2551  0.2440  0.2534  0.2476  1
 29:   0.2404  0.2634  0.2432  0.2530  1
 30:   0.2580  0.2396  0.2556  0.2468  1
 31:   0.2467  0.2545  0.2469  0.2519  1
 32:   0.2531  0.2428  0.2565  0.2476  1
 33:   0.2488  0.2524  0.2486  0.2502  1
 34:   0.2440  0.2565  0.2462  0.2533  1
 35:   0.2575  0.2418  0.2535  0.2472  1
 36:   0.2490  0.2515  0.2492  0.2504  1
 37:   0.2608  0.2357  0.2588  0.2447  1
 38:   0.2589  0.2389  0.2559  0.2463  1
 39:   0.2360  0.2672  0.2406  0.2562  1
 40:   0.2398  0.2624  0.2434  0.2544  1
 41:   0.2464  0.2544  0.2472  0.2520  1
 42:   0.2474  0.2529  0.2479  0.2518  1
 43:   0.2562  0.2430  0.2540  0.2468  1
 44:   0.2386  0.2643  0.2420  0.2551  1
 45:   0.2504  0.2490  0.2506  0.2500  1
 46:   0.2438  0.2573  0.2460  0.2530  1
 47:   0.2553  0.2426  0.2541  0.2479  1
 48:   0.2416  0.2605  0.2444  0.2535  1
 49:   0.2645  0.2319  0.2599  0.2437  1
 50:   0.2508  0.2501  0.2489  0.2502  1
 51:   0.2438  0.2574  0.2462  0.2526  1
 52:   0.2510  0.2472  0.2522  0.2496  1
 53:   0.2492  0.2507  0.2501  0.2500  1
 54:   0.2526  0.2453  0.2532  0.2490  1
 55:   0.2302  0.2751  0.2364  0.2583  1
 56:   0.2396  0.2625  0.2442  0.2537  1
 57:   0.2544  0.2445  0.2522  0.2488  1
 58:   0.2474  0.2519  0.2496  0.2512  1
 59:   0.2516  0.2501  0.2492  0.2491  1
 60:   0.2584  0.2392  0.2552  0.2472  1
 61:   0.2484  0.2518  0.2492  0.2506  1
 62:   0.2508  0.2492  0.2508  0.2492  1
 63:   0.2378  0.2658  0.2408  0.2556  1
 64:   0.2386  0.2645  0.2420  0.2548  1
 65:   0.2530  0.2470  0.2514  0.2486  1
 66:   0.2505  0.2487  0.2499  0.2509  1
 67:   0.2502  0.2499  0.2503  0.2497  1
 68:   0.2527  0.2473  0.2515  0.2485  1
 69:   0.2465  0.2535  0.2487  0.2513  1
 70:   0.2510  0.2492  0.2504  0.2494  1
 71:   0.2566  0.2424  0.2540  0.2470  1
 72:   0.2443  0.2571  0.2455  0.2531  1
 73:   0.2478  0.2548  0.2466  0.2508  1
 74:   0.2589  0.2390  0.2549  0.2471  1
 75:   0.2510  0.2494  0.2504  0.2492  1
 76:   0.2591  0.2402  0.2547  0.2461  1
 77:   0.2547  0.2428  0.2543  0.2482  1
 78:   0.2452  0.2569  0.2452  0.2527  1
 79:   0.2531  0.2461  0.2513  0.2495  1
 80:   0.2388  0.2632  0.2426  0.2554  1
 81:   0.2553  0.2434  0.2532  0.2481  1
 82:   0.2553  0.2432  0.2529  0.2486  1
 83:   0.2476  0.2527  0.2490  0.2507  1
 84:   0.2519  0.2484  0.2501  0.2496  1
 85:   0.2564  0.2445  0.2510  0.2481  1
 86:   0.2501  0.2504  0.2489  0.2505  1
 87:   0.2309  0.2743  0.2369  0.2579  1
 88:   0.2538  0.2454  0.2530  0.2478  1
 89:   0.2394  0.2612  0.2442  0.2552  1
 90:   0.2445  0.2563  0.2469  0.2523  1
 91:   0.2483  0.2492  0.2531  0.2494  1
 92:   0.2512  0.2484  0.2514  0.2490  1
 93:   0.2495  0.2513  0.2496  0.2496  1
 94:   0.2589  0.2390  0.2567  0.2454  1
 95:   0.2588  0.2395  0.2554  0.2463  1
 96:   0.2498  0.2486  0.2513  0.2503  1
 97:   0.2330  0.2709  0.2382  0.2578  1
 98:   0.2546  0.2442  0.2538  0.2474  1
 99:   0.2622  0.2360  0.2570  0.2448  1
100:   0.2529  0.2458  0.2529  0.2484  1
101:   0.2549  0.2437  0.2531  0.2483  1
102:   0.2564  0.2434  0.2526  0.2476  1
103:   0.2444  0.2568  0.2462  0.2526  1
104:   0.2511  0.2491  0.2507  0.2492  1
105:   0.2444  0.2571  0.2460  0.2526  1
106:   0.2405  0.2619  0.2439  0.2537  1
107:   0.2420  0.2603  0.2440  0.2537  1
108:   0.2493  0.2524  0.2471  0.2513  1
109:   0.2522  0.2470  0.2522  0.2486  1
110:   0.2372  0.2657  0.2428  0.2543  1
111:   0.2559  0.2399  0.2575  0.2467  1
112:   0.2472  0.2534  0.2478  0.2516  1
113:   0.2485  0.2521  0.2480  0.2513  1
114:   0.2599  0.2372  0.2577  0.2452  1
115:   0.2571  0.2426  0.2531  0.2473  1
116:   0.2453  0.2564  0.2461  0.2522  1
117:   0.2491  0.2521  0.2486  0.2502  1
118:   0.2486  0.2506  0.2494  0.2513  1
119:   0.2470  0.2541  0.2481  0.2509  1
120:   0.2543  0.2452  0.2517  0.2488  1
121:   0.2521  0.2464  0.2521  0.2494  1
122:   0.2422  0.2600  0.2450  0.2529  1
123:   0.2472  0.2536  0.2494  0.2498  1
124:   0.2432  0.2586  0.2456  0.2526  1
125:   0.2499  0.2507  0.2493  0.2501  1
126:   0.2464  0.2547  0.2482  0.2506  1
127:   0.2368  0.2651  0.2429  0.2551  1
128:   0.2436  0.2584  0.2456  0.2524  1
129:   0.2386  0.2651  0.2410  0.2553  1
130:   0.2555  0.2438  0.2537  0.2470  1
131:   0.2377  0.2633  0.2437  0.2553  1
132:   0.2534  0.2444  0.2548  0.2474  1
133:   0.2551  0.2424  0.2545  0.2480  1
134:   0.2456  0.2569  0.2448  0.2527  1
135:   0.2561  0.2424  0.2543  0.2473  1
136:   0.2446  0.2574  0.2448  0.2532  1
137:   0.2575  0.2414  0.2541  0.2470  1
138:   0.2536  0.2468  0.2518  0.2478  1
139:   0.2527  0.2477  0.2508  0.2488  1
140:   0.2492  0.2538  0.2462  0.2508  1
141:   0.2531  0.2453  0.2527  0.2489  1
142:   0.2392  0.2636  0.2430  0.2542  1
143:   0.2512  0.2499  0.2495  0.2494  1
144:   0.2574  0.2388  0.2576  0.2462  1
145:   0.2466  0.2534  0.2488  0.2512  1
146:   0.2454  0.2540  0.2488  0.2518  1
147:   0.2563  0.2431  0.2525  0.2481  1
148:   0.2400  0.2619  0.2434  0.2547  1
149:   0.2491  0.2503  0.2505  0.2501  1
150:   0.2468  0.2536  0.2484  0.2512  1
151:   0.2571  0.2414  0.2546  0.2469  1
152:   0.2599  0.2368  0.2577  0.2457  1
153:   0.2598  0.2388  0.2550  0.2464  1
154:   0.2639  0.2340  0.2581  0.2440  1
155:   0.2549  0.2430  0.2538  0.2483  1
156:   0.2524  0.2472  0.2504  0.2500  1
157:   0.2452  0.2572  0.2462  0.2514  1
158:   0.2496  0.2513  0.2493  0.2499  1
159:   0.2560  0.2424  0.2538  0.2478  1
160:   0.2509  0.2477  0.2517  0.2497  1
161:   0.2444  0.2558  0.2478  0.2520  1
162:   0.2498  0.2519  0.2486  0.2497  1
163:   0.2569  0.2420  0.2535  0.2476  1
164:   0.2424  0.2584  0.2466  0.2525  1
165:   0.2571  0.2412  0.2553  0.2464  1
166:   0.2586  0.2402  0.2554  0.2458  1
167:   0.2528  0.2478  0.2502  0.2492  1
168:   0.2521  0.2473  0.2509  0.2497  1
169:   0.2516  0.2490  0.2502  0.2492  1
170:   0.2502  0.2490  0.2500  0.2509  1
171:   0.2517  0.2471  0.2519  0.2493  1
172:   0.2448  0.2571  0.2458  0.2523  1
173:   0.2508  0.2492  0.2498  0.2502  1
174:   0.2505  0.2486  0.2515  0.2494  1
175:   0.2384  0.2636  0.2430  0.2550  1
176:   0.2586  0.2410  0.2538  0.2466  1
177:   0.2454  0.2560  0.2460  0.2526  1
178:   0.2488  0.2511  0.2495  0.2506  1
179:   0.2484  0.2521  0.2484  0.2511  1
180:   0.2446  0.2570  0.2466  0.2518  1
181:   0.2535  0.2463  0.2527  0.2475  1
182:   0.2480  0.2532  0.2484  0.2504  1
183:   0.2545  0.2450  0.2529  0.2477  1
184:   0.2366  0.2665  0.2410  0.2559  1
185:   0.2581  0.2400  0.2550  0.2469  1
186:   0.2496  0.2494  0.2510  0.2500  1
187:   0.2430  0.2599  0.2444  0.2526  1
188:   0.2519  0.2473  0.2519  0.2489  1
189:   0.2561  0.2423  0.2539  0.2477  1
190:   0.2539  0.2452  0.2525  0.2484  1
191:   0.2544  0.2440  0.2540  0.2476  1
192:   0.2502  0.2484  0.2510  0.2504  1
193:   0.2436  0.2587  0.2454  0.2523  1
194:   0.2559  0.2431  0.2535  0.2475  1
195:   0.2547  0.2444  0.2519  0.2490  1
196:   0.2500  0.2521  0.2478  0.2501  1
197:   0.2541  0.2456  0.2520  0.2482  1
198:   0.2507  0.2489  0.2507  0.2497  1
199:   0.2522  0.2464  0.2526  0.2488  1
200:   0.2396  0.2651  0.2404  0.2549  1
201:   0.2518  0.2484  0.2514  0.2484  1
202:   0.2492  0.2525  0.2482  0.2501  1
203:   0.2440  0.2571  0.2464  0.2525  1
204:   0.2517  0.2468  0.2527  0.2488  1
205:   0.2422  0.2594  0.2458  0.2526  1
206:   0.2563  0.2431  0.2525  0.2481  1
207:   0.2370  0.2663  0.2422  0.2545  1
208:   0.2402  0.2608  0.2446  0.2544  1
209:   0.2511  0.2478  0.2510  0.2501  1
210:   0.2538  0.2446  0.2535  0.2481  1
211:   0.2584  0.2385  0.2566  0.2465  1
212:   0.2567  0.2417  0.2541  0.2475  1
213:   0.2551  0.2424  0.2547  0.2478  1
214:   0.2563  0.2398  0.2563  0.2476  1
215:   0.2570  0.2422  0.2530  0.2478  1
216:   0.2549  0.2447  0.2521  0.2483  1
217:   0.2514  0.2480  0.2518  0.2488  1
218:   0.2518  0.2480  0.2507  0.2495  1
219:   0.2546  0.2458  0.2516  0.2480  1
220:   0.2487  0.2510  0.2495  0.2507  1
221:   0.2563  0.2422  0.2543  0.2472  1
222:   0.2480  0.2533  0.2479  0.2508  1
223:   0.2523  0.2501  0.2489  0.2487  1
224:   0.2533  0.2454  0.2527  0.2486  1
225:   0.2498  0.2514  0.2490  0.2498  1
226:   0.2540  0.2446  0.2528  0.2486  1
227:   0.2491  0.2515  0.2489  0.2506  1
228:   0.2546  0.2462  0.2514  0.2478  1
229:   0.2356  0.2677  0.2410  0.2556  1
230:   0.2491  0.2497  0.2497  0.2515  1
231:   0.2569  0.2414  0.2549  0.2467  1
232:   0.2596  0.2376  0.2574  0.2454  1
233:   0.2586  0.2408  0.2538  0.2468  1
234:   0.2450  0.2559  0.2474  0.2516  1
235:   0.2462  0.2543  0.2481  0.2514  1
236:   0.2490  0.2510  0.2496  0.2504  1
237:   0.2520  0.2478  0.2504  0.2498  1
238:   0.2524  0.2466  0.2524  0.2486  1
239:   0.2580  0.2419  0.2538  0.2463  1
240:   0.2603  0.2390  0.2551  0.2456  1
241:   0.2413  0.2587  0.2463  0.2537  1
242:   0.2522  0.2486  0.2502  0.2490  1
243:   0.2584  0.2399  0.2550  0.2467  1
244:   0.2567  0.2407  0.2549  0.2477  1
245:   0.2531  0.2462  0.2522  0.2484  1
246:   0.2514  0.2478  0.2519  0.2490  1
247:   0.2516  0.2485  0.2500  0.2499  1
248:   0.2466  0.2549  0.2472  0.2513  1
249:   0.2565  0.2415  0.2557  0.2463  1
250:   0.2426  0.2591  0.2454  0.2529  1
251:   0.2538  0.2446  0.2540  0.2476  1
252:   0.2488  0.2523  0.2497  0.2492  1
253:   0.2482  0.2522  0.2494  0.2502  1
254:   0.2554  0.2424  0.2556  0.2466  1
255:   0.2557  0.2427  0.2535  0.2481  1
256:   0.2548  0.2449  0.2530  0.2473  1
257:   0.2490  0.2503  0.2488  0.2519  1
258:   0.2443  0.2563  0.2465  0.2529  1
259:   0.2451  0.2569  0.2459  0.2521  1
260:   0.2468  0.2547  0.2466  0.2519  1
261:   0.2454  0.2576  0.2448  0.2522  1
262:   0.2657  0.2304  0.2615  0.2424  1
263:   0.2468  0.2532  0.2490  0.2510  1
264:   0.2564  0.2410  0.2552  0.2474  1
265:   0.2494  0.2482  0.2518  0.2506  1
266:   0.2484  0.2502  0.2512  0.2502  1
267:   0.2464  0.2552  0.2468  0.2516  1
268:   0.2425  0.2603  0.2443  0.2529  1
269:   0.2390  0.2623  0.2432  0.2555  1
270:   0.2542  0.2457  0.2522  0.2479  1
271:   0.2387  0.2629  0.2429  0.2555  1
272:   0.2563  0.2412  0.2547  0.2478  1
273:   0.2520  0.2480  0.2513  0.2487  1
274:   0.2476  0.2527  0.2490  0.2507  1
275:   0.2538  0.2458  0.2510  0.2494  1
276:   0.2387  0.2637  0.2427  0.2549  1
277:   0.2460  0.2551  0.2479  0.2510  1
278:   0.2499  0.2523  0.2467  0.2511  1
279:   0.2434  0.2583  0.2452  0.2531  1
280:   0.2523  0.2462  0.2522  0.2493  1
281:   0.2448  0.2559  0.2468  0.2525  1
282:   0.2553  0.2448  0.2519  0.2480  1
283:   0.2635  0.2336  0.2580  0.2450  1
284:   0.2559  0.2426  0.2531  0.2484  1
285:   0.2431  0.2585  0.2451  0.2533  1
286:   0.2537  0.2471  0.2507  0.2485  1
287:   0.2490  0.2509  0.2492  0.2509  1
288:   0.2531  0.2464  0.2525  0.2480  1
289:   0.2584  0.2403  0.2548  0.2465  1
290:   0.2580  0.2382  0.2570  0.2468  1
291:   0.2518  0.2476  0.2508  0.2498  1
292:   0.2463  0.2557  0.2469  0.2511  1
293:   0.2519  0.2499  0.2494  0.2488  1
294:   0.2366  0.2665  0.2408  0.2561  1
295:   0.2374  0.2649  0.2428  0.2549  1
296:   0.2583  0.2412  0.2549  0.2456  1
297:   0.2457  0.2555  0.2473  0.2515  1
298:   0.2477  0.2519  0.2501  0.2503  1
299:   0.2581  0.2411  0.2533  0.2475  1
300:   0.2484  0.2531  0.2478  0.2507  1
301:   0.2431  0.2589  0.2443  0.2537  1
302:   0.2566  0.2428  0.2530  0.2476  1
303:   0.2533  0.2457  0.2519  0.2491  1
