  1:   0.0120  0.2138  0.4845  0.2897  1
  2:   0.0170  0.2420  0.4460  0.2950  1
  3:   0.0470  0.3147  0.3037  0.3347  1
  4:   0.0100  0.2322  0.4595  0.2983  1
  5:   0.0290  0.1900  0.4800  0.3010  1
  6:   0.0130  0.2010  0.4930  0.2930  1
  7:   0.0110  0.1890  0.5170  0.2830  1
  8:   0.0090  0.2218  0.4655  0.3037  1
  9:   0.0110  0.2110  0.4890  0.2890  1
 10:   0.0260  0.1842  0.4995  0.2903  1
 11:   0.0170  0.2340  0.4530  0.2960  1
 12:   0.0110  0.2630  0.4150  0.3110  1
 13:   0.0140  0.2452  0.4124  0.3283  1
 14:   0.0160  0.2140  0.4900  0.2800  1
 15:   0.0280  0.1828  0.5175  0.2717  1
 16:   0.0160  0.2563  0.4374  0.2903  1
 17:   0.0220  0.2220  0.4590  0.2970  1
 18:   0.0180  0.2623  0.4144  0.3053  1
 19:   0.0150  0.2388  0.4675  0.2787  1
 20:   0.0390  0.2212  0.4354  0.3043  1
 21:   0.0100  0.2663  0.4194  0.3043  1
 22:   0.0200  0.2650  0.4130  0.3020  1
 23:   0.0390  0.2510  0.4130  0.2970  1
 24:   0.0480  0.3357  0.3007  0.3157  1
 25:   0.0619  0.1908  0.4645  0.2827  1
 26:   0.1270  0.3810  0.1700  0.3220  1
 27:   0.7440  0.1420  0.0130  0.1010  1
 28:   0.1100  0.5050  0.0390  0.3460  1
 29:   0.0609  0.5105  0.0659  0.3626  1
 30:   0.1660  0.4840  0.0180  0.3320  1
 31:   0.2230  0.4610  0.0120  0.3040  1
 32:   0.0819  0.5325  0.0130  0.3726  1
 33:   0.0290  0.5345  0.0581  0.3784  1
 34:   0.0639  0.5245  0.0450  0.3666  1
 35:   0.0510  0.5270  0.0660  0.3560  1
 36:   0.9490  0.0210  0.0090  0.0210  1
 37:   0.1800  0.4690  0.0260  0.3250  1
 38:   0.2657  0.2637  0.2348  0.2358  1
 39:   0.1820  0.4590  0.0500  0.3090  1
 40:   0.3030  0.2900  0.1680  0.2390  1
 41:   0.0649  0.3297  0.3067  0.2987  1
 42:   0.8320  0.0590  0.0530  0.0560  1
 43:   0.6793  0.1179  0.1069  0.0959  1
 44:   0.5310  0.1780  0.1190  0.1720  1
 45:   0.9510  0.0170  0.0130  0.0190  1
 46:   0.9000  0.0350  0.0300  0.0350  1
 47:   0.9550  0.0170  0.0120  0.0160  1
 48:   0.9690  0.0120  0.0080  0.0110  1
 49:   0.8350  0.0780  0.0170  0.0700  1
 50:   0.9360  0.0170  0.0280  0.0190  1
 51:   0.9510  0.0170  0.0150  0.0170  1
 52:   0.7490  0.1170  0.0280  0.1060  1
 53:   0.4760  0.2850  0.0470  0.1920  1
 54:   0.3696  0.3467  0.0210  0.2627  1
 55:   0.1700  0.4640  0.0360  0.3300  1
 56:   0.7293  0.1219  0.0480  0.1009  1
 57:   0.4690  0.2540  0.0610  0.2160  1
 58:   0.7230  0.0950  0.0910  0.0910  1
 59:   0.9740  0.0090  0.0080  0.0090  1
 60:   0.8880  0.0420  0.0260  0.0440  1
 61:   0.2747  0.3676  0.0629  0.2947  1
 62:   0.7160  0.1190  0.0490  0.1160  1
 63:   0.1928  0.4266  0.0639  0.3167  1
 64:   0.1240  0.4290  0.1040  0.3430  1
 65:   0.0971  0.5205  0.0180  0.3644  1
 66:   0.9270  0.0240  0.0260  0.0230  1
 67:   0.5820  0.1800  0.0880  0.1500  1
 68:   0.6310  0.1740  0.0540  0.1410  1
 69:   0.0900  0.5110  0.0370  0.3620  1
 70:   0.4054  0.1932  0.2032  0.1982  1
 71:   0.9480  0.0250  0.0090  0.0180  1
 72:   0.5980  0.2060  0.0450  0.1510  1
 73:   0.8670  0.0590  0.0210  0.0530  1
 74:   0.0230  0.2220  0.5000  0.2550  1
 75:   0.0070  0.2410  0.4330  0.3190  1
 76:   0.0090  0.1882  0.5255  0.2773  1
 77:   0.0090  0.2507  0.4346  0.3057  1
 78:   0.0070  0.1810  0.5370  0.2750  1
 79:   0.0510  0.1860  0.4820  0.2810  1
 80:   0.0190  0.1888  0.4965  0.2957  1
 81:   0.0090  0.2492  0.4214  0.3203  1
 82:   0.0180  0.2462  0.4364  0.2993  1
 83:   0.0080  0.1772  0.5035  0.3113  1
 84:   0.0170  0.3614  0.2893  0.3323  1
 85:   0.0080  0.2190  0.4440  0.3290  1
 86:   0.0360  0.2290  0.4550  0.2800  1
 87:   0.0140  0.2272  0.4384  0.3203  1
 88:   0.0110  0.1732  0.5195  0.2963  1
 89:   0.0080  0.1980  0.5010  0.2930  1
 90:   0.0180  0.1622  0.5556  0.2643  1
 91:   0.0170  0.2490  0.4240  0.3100  1
 92:   0.0810  0.2780  0.3510  0.2900  1
 93:   0.0120  0.2050  0.4740  0.3090  1
 94:   0.0180  0.2200  0.4600  0.3020  1
 95:   0.0130  0.2418  0.4266  0.3187  1
 96:   0.0330  0.2517  0.4106  0.3047  1
 97:   0.0140  0.2178  0.4785  0.2897  1
 98:   0.0110  0.1860  0.4960  0.3070  1
 99:   0.0170  0.1990  0.4890  0.2950  1
100:   0.1010  0.2760  0.3500  0.2730  1
101:   0.0170  0.1818  0.5125  0.2887  1
102:   0.5070  0.2870  0.0130  0.1930  1
103:   0.9479  0.0210  0.0110  0.0200  1
104:   0.9710  0.0110  0.0080  0.0100  1
105:   0.4895  0.2867  0.0100  0.2138  1
106:   0.8248  0.0621  0.0541  0.0591  1
107:   0.9520  0.0200  0.0100  0.0180  1
108:   0.9260  0.0330  0.0080  0.0330  1
109:   0.8450  0.0420  0.0660  0.0470  1
110:   0.9750  0.0100  0.0070  0.0080  1
111:   0.8520  0.0750  0.0200  0.0530  1
112:   0.6950  0.1670  0.0200  0.1180  1
113:   0.9050  0.0470  0.0120  0.0360  1
114:   0.9670  0.0150  0.0070  0.0110  1
115:   0.9700  0.0110  0.0080  0.0110  1
116:   0.9610  0.0150  0.0100  0.0140  1
117:   0.5410  0.2640  0.0160  0.1790  1
118:   0.8650  0.0720  0.0100  0.0530  1
119:   0.9680  0.0140  0.0070  0.0110  1

  1:   0.0120  0.1582  0.4234  0.4064  1
  2:   0.0170  0.1860  0.3850  0.4120  1
  3:   0.0731  0.3053  0.3043  0.3173  1
  4:   0.0100  0.1610  0.4390  0.3900  1
  5:   0.0280  0.1349  0.4336  0.4036  1
  6:   0.0130  0.1430  0.4350  0.4090  1
  7:   0.0110  0.1460  0.4260  0.4170  1
  8:   0.0090  0.1700  0.4310  0.3900  1
  9:   0.0120  0.1600  0.4380  0.3900  1
 10:   0.0250  0.1390  0.4410  0.3950  1
 11:   0.0180  0.1598  0.4036  0.4186  1
 12:   0.0120  0.1980  0.3720  0.4180  1
 13:   0.0140  0.1570  0.4450  0.3840  1
 14:   0.0150  0.1610  0.4140  0.4100  1
 15:   0.0270  0.1270  0.3880  0.4580  1
 16:   0.0180  0.1880  0.4150  0.3790  1
 17:   0.0210  0.1460  0.4320  0.4010  1
 18:   0.0190  0.1970  0.3950  0.3890  1
 19:   0.0180  0.1768  0.3906  0.4146  1
 20:   0.0430  0.1788  0.4036  0.3746  1
 21:   0.0110  0.2000  0.3930  0.3960  1
 22:   0.0230  0.2098  0.3836  0.3836  1
 23:   0.0390  0.1650  0.3890  0.4070  1
 24:   0.0620  0.3450  0.2990  0.2940  1
 25:   0.0719  0.1449  0.3826  0.4006  1
 26:   0.2188  0.3986  0.1748  0.2078  1
 27:   0.8350  0.1380  0.0130  0.0140  1
 28:   0.3640  0.5220  0.0560  0.0580  1
 29:   0.2110  0.5620  0.1070  0.1200  1
 30:   0.4805  0.4735  0.0230  0.0230  1
 31:   0.5230  0.4500  0.0130  0.0140  1
 32:   0.4176  0.5395  0.0210  0.0220  1
 33:   0.1650  0.6000  0.1260  0.1090  1
 34:   0.2660  0.5640  0.0840  0.0860  1
 35:   0.1932  0.5766  0.1061  0.1241  1
 36:   0.9580  0.0260  0.0080  0.0080  1
 37:   0.4590  0.4810  0.0300  0.0300  1
 38:   0.3510  0.2600  0.1930  0.1960  1
 39:   0.4216  0.4525  0.0609  0.0649  1
 40:   0.3986  0.2917  0.1499  0.1598  1
 41:   0.0929  0.3047  0.2927  0.3097  1
 42:   0.8290  0.0570  0.0520  0.0620  1
 43:   0.6893  0.1139  0.0959  0.1009  1
 44:   0.6120  0.1760  0.1060  0.1060  1
 45:   0.9510  0.0230  0.0130  0.0130  1
 46:   0.9100  0.0330  0.0290  0.0280  1
 47:   0.9600  0.0170  0.0110  0.0120  1
 48:   0.9710  0.0130  0.0080  0.0080  1
 49:   0.8740  0.0920  0.0160  0.0180  1
 50:   0.9149  0.0210  0.0330  0.0310  1
 51:   0.9481  0.0200  0.0160  0.0160  1
 52:   0.8038  0.1401  0.0270  0.0290  1
 53:   0.6290  0.2730  0.0470  0.0510  1
 54:   0.5940  0.3670  0.0190  0.0200  1
 55:   0.4190  0.4830  0.0490  0.0490  1
 56:   0.7988  0.1261  0.0360  0.0390  1
 57:   0.6064  0.2757  0.0539  0.0639  1
 58:   0.7430  0.0900  0.0830  0.0840  1
 59:   0.9750  0.0090  0.0080  0.0080  1
 60:   0.8950  0.0520  0.0260  0.0270  1
 61:   0.4750  0.3920  0.0640  0.0690  1
 62:   0.7640  0.1370  0.0500  0.0490  1
 63:   0.3980  0.4490  0.0750  0.0780  1
 64:   0.2820  0.4640  0.1230  0.1310  1
 65:   0.4144  0.5335  0.0260  0.0260  1
 66:   0.9080  0.0300  0.0310  0.0310  1
 67:   0.6613  0.1708  0.0799  0.0879  1
 68:   0.7270  0.1770  0.0470  0.0490  1
 69:   0.3750  0.5250  0.0490  0.0510  1
 70:   0.4150  0.2180  0.1780  0.1890  1
 71:   0.9590  0.0250  0.0080  0.0080  1
 72:   0.7277  0.2022  0.0360  0.0340  1
 73:   0.8989  0.0611  0.0200  0.0200  1
 74:   0.0230  0.1620  0.3740  0.4410  1
 75:   0.0070  0.1750  0.4220  0.3960  1
 76:   0.0090  0.1409  0.4176  0.4326  1
 77:   0.0090  0.1700  0.4450  0.3760  1
 78:   0.0070  0.1220  0.4300  0.4410  1
 79:   0.0480  0.1350  0.3990  0.4180  1
 80:   0.0190  0.1409  0.4066  0.4336  1
 81:   0.0100  0.1670  0.4540  0.3690  1
 82:   0.0220  0.2160  0.3740  0.3880  1
 83:   0.0080  0.1260  0.4270  0.4390  1
 84:   0.0270  0.4020  0.2840  0.2870  1
 85:   0.0090  0.1622  0.4384  0.3904  1
 86:   0.0370  0.1720  0.3600  0.4310  1
 87:   0.0160  0.1740  0.3990  0.4110  1
 88:   0.0120  0.1229  0.4296  0.4356  1
 89:   0.0090  0.1349  0.4336  0.4226  1
 90:   0.0170  0.1141  0.4024  0.4665  1
 91:   0.0170  0.1942  0.4254  0.3634  1
 92:   0.1201  0.2212  0.2953  0.3634  1
 93:   0.0130  0.1668  0.4106  0.4096  1
 94:   0.0200  0.1690  0.4180  0.3930  1
 95:   0.0130  0.1832  0.4424  0.3614  1
 96:   0.0340  0.1840  0.3930  0.3890  1
 97:   0.0140  0.1598  0.4515  0.3746  1
 98:   0.0100  0.1490  0.4330  0.4080  1
 99:   0.0160  0.1369  0.4406  0.4066  1
100:   0.1129  0.2308  0.3097  0.3467  1
101:   0.0150  0.1310  0.4040  0.4500  1
102:   0.7017  0.2733  0.0120  0.0130  1
103:   0.9570  0.0210  0.0110  0.0110  1
104:   0.9730  0.0110  0.0080  0.0080  1
105:   0.6737  0.3083  0.0090  0.0090  1
106:   0.8320  0.0580  0.0520  0.0580  1
107:   0.9580  0.0220  0.0100  0.0100  1
108:   0.9370  0.0470  0.0080  0.0080  1
109:   0.8298  0.0370  0.0681  0.0651  1
110:   0.9760  0.0100  0.0070  0.0070  1
111:   0.8990  0.0630  0.0190  0.0190  1
112:   0.8078  0.1542  0.0190  0.0190  1
113:   0.9290  0.0470  0.0110  0.0130  1
114:   0.9720  0.0140  0.0070  0.0070  1
115:   0.9720  0.0120  0.0080  0.0080  1
116:   0.9640  0.0160  0.0100  0.0100  1
117:   0.7267  0.2422  0.0140  0.0170  1
118:   0.9000  0.0800  0.0100  0.0100  1
119:   0.9720  0.0140  0.0070  0.0070  1

  1:   0.0130  0.0440  0.4496  0.4935  1
  2:   0.0180  0.0930  0.4360  0.4530  1
  3:   0.0490  0.3100  0.3250  0.3160  1
  4:   0.0110  0.0400  0.4730  0.4760  1
  5:   0.0300  0.0340  0.4790  0.4570  1
  6:   0.0140  0.0350  0.4910  0.4600  1
  7:   0.0120  0.0390  0.5020  0.4470  1
  8:   0.0090  0.0490  0.4660  0.4760  1
  9:   0.0120  0.0579  0.4565  0.4735  1
 10:   0.0260  0.0380  0.4476  0.4885  1
 11:   0.0170  0.0430  0.4150  0.5250  1
 12:   0.0110  0.0690  0.4440  0.4760  1
 13:   0.0140  0.0410  0.4745  0.4705  1
 14:   0.0150  0.0470  0.4765  0.4615  1
 15:   0.0300  0.0410  0.4540  0.4750  1
 16:   0.0180  0.0890  0.4540  0.4390  1
 17:   0.0200  0.0370  0.4420  0.5010  1
 18:   0.0190  0.0710  0.4170  0.4930  1
 19:   0.0150  0.0840  0.4350  0.4660  1
 20:   0.0410  0.1090  0.4470  0.4030  1
 21:   0.0100  0.0670  0.4320  0.4910  1
 22:   0.0220  0.0880  0.4250  0.4650  1
 23:   0.0400  0.0590  0.4260  0.4750  1
 24:   0.0460  0.4074  0.2843  0.2623  1
 25:   0.0590  0.0890  0.4120  0.4400  1
 26:   0.1400  0.4920  0.1750  0.1930  1
 27:   0.7440  0.2270  0.0140  0.0150  1
 28:   0.1460  0.7640  0.0460  0.0440  1
 29:   0.0729  0.7882  0.0749  0.0639  1
 30:   0.2128  0.7463  0.0210  0.0200  1
 31:   0.2680  0.7090  0.0110  0.0120  1
 32:   0.1050  0.8670  0.0140  0.0140  1
 33:   0.0380  0.8350  0.0630  0.0640  1
 34:   0.0810  0.8200  0.0480  0.0510  1
 35:   0.0609  0.7902  0.0729  0.0759  1
 36:   0.9460  0.0360  0.0090  0.0090  1
 37:   0.1958  0.7532  0.0240  0.0270  1
 38:   0.2773  0.3163  0.1972  0.2092  1
 39:   0.1970  0.6940  0.0580  0.0510  1
 40:   0.3033  0.3864  0.1512  0.1592  1
 41:   0.0690  0.3080  0.2770  0.3460  1
 42:   0.8328  0.0601  0.0521  0.0551  1
 43:   0.6760  0.1150  0.1040  0.1050  1
 44:   0.5220  0.2590  0.1100  0.1090  1
 45:   0.9490  0.0250  0.0140  0.0120  1
 46:   0.8921  0.0390  0.0350  0.0340  1
 47:   0.9560  0.0210  0.0120  0.0110  1
 48:   0.9680  0.0140  0.0090  0.0090  1
 49:   0.8088  0.1572  0.0170  0.0170  1
 50:   0.9310  0.0110  0.0300  0.0280  1
 51:   0.9489  0.0220  0.0150  0.0140  1
 52:   0.7167  0.2272  0.0280  0.0280  1
 53:   0.4950  0.4060  0.0510  0.0480  1
 54:   0.3900  0.5700  0.0200  0.0200  1
 55:   0.1892  0.7447  0.0330  0.0330  1
 56:   0.7200  0.1810  0.0480  0.0510  1
 57:   0.4450  0.4280  0.0650  0.0620  1
 58:   0.7210  0.1130  0.0810  0.0850  1
 59:   0.9740  0.0100  0.0080  0.0080  1
 60:   0.8800  0.0650  0.0270  0.0280  1
 61:   0.2740  0.6100  0.0560  0.0600  1
 62:   0.6843  0.2058  0.0529  0.0569  1
 63:   0.2110  0.6620  0.0640  0.0630  1
 64:   0.1421  0.6717  0.0971  0.0891  1
 65:   0.1251  0.8378  0.0180  0.0190  1
 66:   0.9260  0.0230  0.0250  0.0260  1
 67:   0.5746  0.2452  0.0871  0.0931  1
 68:   0.6260  0.2770  0.0520  0.0450  1
 69:   0.1120  0.8160  0.0360  0.0360  1
 70:   0.3740  0.2570  0.1900  0.1790  1
 71:   0.9479  0.0360  0.0080  0.0080  1
 72:   0.6024  0.3147  0.0420  0.0410  1
 73:   0.8739  0.0861  0.0200  0.0200  1
 74:   0.0240  0.0760  0.4340  0.4660  1
 75:   0.0070  0.0509  0.4426  0.4995  1
 76:   0.0100  0.0240  0.4910  0.4750  1
 77:   0.0090  0.0531  0.4685  0.4695  1
 78:   0.0080  0.0240  0.5400  0.4280  1
 79:   0.0521  0.0320  0.4795  0.4364  1
 80:   0.0200  0.0450  0.5145  0.4206  1
 81:   0.0090  0.0420  0.4610  0.4880  1
 82:   0.0200  0.1520  0.4100  0.4180  1
 83:   0.0090  0.0260  0.5090  0.4560  1
 84:   0.0190  0.4755  0.2677  0.2378  1
 85:   0.0090  0.0539  0.5015  0.4356  1
 86:   0.0370  0.0760  0.4030  0.4840  1
 87:   0.0140  0.0911  0.4905  0.4044  1
 88:   0.0120  0.0380  0.5120  0.4380  1
 89:   0.0080  0.0310  0.4650  0.4960  1
 90:   0.0180  0.0280  0.4945  0.4595  1
 91:   0.0170  0.0640  0.4280  0.4910  1
 92:   0.0860  0.1710  0.3470  0.3960  1
 93:   0.0120  0.0850  0.4840  0.4190  1
 94:   0.0200  0.0719  0.4416  0.4665  1
 95:   0.0120  0.0601  0.4474  0.4805  1
 96:   0.0340  0.0759  0.4186  0.4715  1
 97:   0.0140  0.0430  0.4970  0.4460  1
 98:   0.0100  0.0340  0.5060  0.4500  1
 99:   0.0160  0.0330  0.4710  0.4800  1
100:   0.0959  0.1758  0.3327  0.3956  1
101:   0.0180  0.0340  0.4895  0.4585  1
102:   0.5315  0.4434  0.0120  0.0130  1
103:   0.9471  0.0290  0.0120  0.0120  1
104:   0.9700  0.0140  0.0080  0.0080  1
105:   0.5130  0.4670  0.0100  0.0100  1
106:   0.8170  0.0720  0.0580  0.0530  1
107:   0.9510  0.0280  0.0110  0.0100  1
108:   0.9290  0.0550  0.0080  0.0080  1
109:   0.8440  0.0230  0.0670  0.0660  1
110:   0.9740  0.0120  0.0070  0.0070  1
111:   0.8609  0.0981  0.0200  0.0210  1
112:   0.7013  0.2527  0.0230  0.0230  1
113:   0.9020  0.0710  0.0140  0.0130  1
114:   0.9680  0.0180  0.0070  0.0070  1
115:   0.9690  0.0160  0.0070  0.0080  1
116:   0.9600  0.0200  0.0100  0.0100  1
117:   0.5716  0.3954  0.0160  0.0170  1
118:   0.8590  0.1210  0.0100  0.0100  1
119:   0.9660  0.0200  0.0070  0.0070  1

  1:   0.0120  0.0220  0.4650  0.5010  1
  2:   0.0160  0.0691  0.4494  0.4655  1
  3:   0.0450  0.2933  0.3303  0.3313  1
  4:   0.0110  0.0180  0.5100  0.4610  1
  5:   0.0290  0.0210  0.4970  0.4530  1
  6:   0.0130  0.0090  0.5160  0.4620  1
  7:   0.0120  0.0100  0.5360  0.4420  1
  8:   0.0090  0.0130  0.4970  0.4810  1
  9:   0.0110  0.0430  0.4755  0.4705  1
 10:   0.0260  0.0210  0.4825  0.4705  1
 11:   0.0170  0.0170  0.4430  0.5230  1
 12:   0.0100  0.0290  0.4800  0.4810  1
 13:   0.0140  0.0120  0.5125  0.4615  1
 14:   0.0160  0.0240  0.4925  0.4675  1
 15:   0.0270  0.0270  0.4820  0.4640  1
 16:   0.0160  0.0631  0.4805  0.4404  1
 17:   0.0200  0.0200  0.4760  0.4840  1
 18:   0.0180  0.0380  0.4510  0.4930  1
 19:   0.0150  0.0680  0.4260  0.4910  1
 20:   0.0390  0.1050  0.4450  0.4110  1
 21:   0.0100  0.0280  0.4790  0.4830  1
 22:   0.0210  0.0510  0.4680  0.4600  1
 23:   0.0380  0.0260  0.4364  0.4995  1
 24:   0.0430  0.4390  0.2750  0.2430  1
 25:   0.0561  0.0711  0.4284  0.4444  1
 26:   0.1299  0.4955  0.1808  0.1938  1
 27:   0.7460  0.2260  0.0130  0.0150  1
 28:   0.0871  0.8348  0.0380  0.0400  1
 29:   0.0380  0.8498  0.0601  0.0521  1
 30:   0.1490  0.8130  0.0180  0.0200  1
 31:   0.2090  0.7670  0.0120  0.0120  1
 32:   0.0380  0.9390  0.0110  0.0120  1
 33:   0.0110  0.8960  0.0460  0.0470  1
 34:   0.0390  0.8810  0.0400  0.0400  1
 35:   0.0320  0.8550  0.0570  0.0560  1
 36:   0.9470  0.0350  0.0090  0.0090  1
 37:   0.1429  0.8092  0.0230  0.0250  1
 38:   0.2527  0.3297  0.1908  0.2268  1
 39:   0.1510  0.7500  0.0520  0.0470  1
 40:   0.2770  0.4140  0.1560  0.1530  1
 41:   0.0610  0.3400  0.2830  0.3160  1
 42:   0.8320  0.0610  0.0540  0.0530  1
 43:   0.6743  0.1199  0.1019  0.1039  1
 44:   0.5135  0.2743  0.1021  0.1101  1
 45:   0.9520  0.0220  0.0130  0.0130  1
 46:   0.8950  0.0400  0.0310  0.0340  1
 47:   0.9550  0.0230  0.0110  0.0110  1
 48:   0.9680  0.0160  0.0080  0.0080  1
 49:   0.8240  0.1420  0.0180  0.0160  1
 50:   0.9371  0.0090  0.0270  0.0270  1
 51:   0.9500  0.0200  0.0150  0.0150  1
 52:   0.7300  0.2130  0.0300  0.0270  1
 53:   0.4730  0.4410  0.0420  0.0440  1
 54:   0.3680  0.5930  0.0200  0.0190  1
 55:   0.1500  0.7780  0.0340  0.0380  1
 56:   0.6950  0.2030  0.0510  0.0510  1
 57:   0.4500  0.4160  0.0660  0.0680  1
 58:   0.7300  0.1120  0.0840  0.0740  1
 59:   0.9760  0.0100  0.0070  0.0070  1
 60:   0.8749  0.0731  0.0270  0.0250  1
 61:   0.2540  0.6300  0.0580  0.0580  1
 62:   0.7020  0.1950  0.0510  0.0520  1
 63:   0.1720  0.7090  0.0620  0.0570  1
 64:   0.1109  0.7113  0.0859  0.0919  1
 65:   0.0570  0.9090  0.0170  0.0170  1
 66:   0.9270  0.0240  0.0250  0.0240  1
 67:   0.5656  0.2513  0.0901  0.0931  1
 68:   0.6160  0.2840  0.0520  0.0480  1
 69:   0.0630  0.8660  0.0350  0.0360  1
 70:   0.3706  0.2687  0.1728  0.1878  1
 71:   0.9459  0.0380  0.0080  0.0080  1
 72:   0.5766  0.3413  0.0420  0.0400  1
 73:   0.8719  0.0891  0.0200  0.0190  1
 74:   0.0210  0.0530  0.4410  0.4850  1
 75:   0.0070  0.0160  0.4920  0.4850  1
 76:   0.0090  0.0120  0.4870  0.4920  1
 77:   0.0090  0.0280  0.4810  0.4820  1
 78:   0.0070  0.0090  0.5370  0.4470  1
 79:   0.0530  0.0200  0.4720  0.4550  1
 80:   0.0190  0.0230  0.5420  0.4160  1
 81:   0.0100  0.0150  0.4820  0.4930  1
 82:   0.0170  0.1351  0.4094  0.4384  1
 83:   0.0090  0.0090  0.5110  0.4710  1
 84:   0.0150  0.5265  0.2302  0.2282  1
 85:   0.0080  0.0230  0.5040  0.4650  1
 86:   0.0360  0.0500  0.4310  0.4830  1
 87:   0.0130  0.0720  0.4750  0.4400  1
 88:   0.0120  0.0230  0.5325  0.4326  1
 89:   0.0080  0.0100  0.4570  0.5250  1
 90:   0.0190  0.0160  0.4910  0.4740  1
 91:   0.0170  0.0410  0.4560  0.4860  1
 92:   0.0780  0.1510  0.3740  0.3970  1
 93:   0.0120  0.0640  0.4950  0.4290  1
 94:   0.0190  0.0430  0.4630  0.4750  1
 95:   0.0120  0.0220  0.5060  0.4600  1
 96:   0.0320  0.0570  0.4350  0.4760  1
 97:   0.0140  0.0110  0.5075  0.4675  1
 98:   0.0100  0.0170  0.5170  0.4560  1
 99:   0.0170  0.0140  0.4940  0.4750  1
100:   0.0970  0.1650  0.3470  0.3910  1
101:   0.0170  0.0120  0.5065  0.4645  1
102:   0.5280  0.4470  0.0120  0.0130  1
103:   0.9440  0.0340  0.0110  0.0110  1
104:   0.9710  0.0130  0.0080  0.0080  1
105:   0.4980  0.4820  0.0100  0.0100  1
106:   0.8150  0.0740  0.0570  0.0540  1
107:   0.9510  0.0290  0.0100  0.0100  1
108:   0.9190  0.0650  0.0080  0.0080  1
109:   0.8462  0.0250  0.0659  0.0629  1
110:   0.9730  0.0130  0.0070  0.0070  1
111:   0.8500  0.1070  0.0210  0.0220  1
112:   0.6783  0.2757  0.0230  0.0230  1
113:   0.9000  0.0740  0.0130  0.0130  1
114:   0.9680  0.0190  0.0070  0.0060  1
115:   0.9700  0.0150  0.0070  0.0080  1
116:   0.9630  0.0190  0.0090  0.0090  1
117:   0.5586  0.4064  0.0180  0.0170  1
118:   0.8730  0.1060  0.0110  0.0100  1
119:   0.9650  0.0210  0.0070  0.0070  1

  1:   0.0130  0.2490  0.3870  0.3510  1
  2:   0.0160  0.2833  0.3684  0.3323  1
  3:   0.0820  0.3300  0.3020  0.2860  1
  4:   0.0100  0.2120  0.4200  0.3580  1
  5:   0.0300  0.2098  0.4136  0.3467  1
  6:   0.0120  0.2110  0.4170  0.3600  1
  7:   0.0110  0.2052  0.4054  0.3784  1
  8:   0.0090  0.2322  0.4344  0.3243  1
  9:   0.0120  0.2018  0.4056  0.3806  1
 10:   0.0250  0.2130  0.4150  0.3470  1
 11:   0.0170  0.2418  0.3756  0.3656  1
 12:   0.0120  0.2670  0.3710  0.3500  1
 13:   0.0140  0.2280  0.4280  0.3300  1
 14:   0.0170  0.2250  0.4220  0.3360  1
 15:   0.0260  0.2020  0.4110  0.3610  1
 16:   0.0190  0.2753  0.3894  0.3163  1
 17:   0.0200  0.2120  0.4140  0.3540  1
 18:   0.0200  0.2690  0.3740  0.3370  1
 19:   0.0190  0.2510  0.3760  0.3540  1
 20:   0.0470  0.2308  0.3836  0.3387  1
 21:   0.0100  0.2577  0.3976  0.3347  1
 22:   0.0230  0.2790  0.3690  0.3290  1
 23:   0.0380  0.2500  0.3770  0.3350  1
 24:   0.0630  0.3900  0.2730  0.2740  1
 25:   0.0740  0.2080  0.3670  0.3510  1
 26:   0.2330  0.3710  0.1750  0.2210  1
 27:   0.8691  0.0859  0.0140  0.0310  1
 28:   0.4440  0.3370  0.0700  0.1490  1
 29:   0.2540  0.4260  0.1210  0.1990  1
 30:   0.5710  0.2940  0.0230  0.1120  1
 31:   0.6246  0.2693  0.0130  0.0931  1
 32:   0.5070  0.3480  0.0260  0.1190  1
 33:   0.1922  0.4464  0.1391  0.2222  1
 34:   0.3100  0.4170  0.0890  0.1840  1
 35:   0.2240  0.4520  0.1200  0.2040  1
 36:   0.9640  0.0160  0.0090  0.0110  1
 37:   0.5370  0.3220  0.0300  0.1110  1
 38:   0.3720  0.2470  0.1800  0.2010  1
 39:   0.4785  0.3163  0.0661  0.1391  1
 40:   0.4240  0.2500  0.1460  0.1800  1
 41:   0.1011  0.2953  0.2913  0.3123  1
 42:   0.8208  0.0641  0.0571  0.0581  1
 43:   0.6970  0.1090  0.1000  0.0940  1
 44:   0.6270  0.1540  0.1000  0.1190  1
 45:   0.9560  0.0180  0.0130  0.0130  1
 46:   0.9140  0.0320  0.0260  0.0280  1
 47:   0.9620  0.0150  0.0110  0.0120  1
 48:   0.9720  0.0110  0.0080  0.0090  1
 49:   0.8830  0.0760  0.0160  0.0250  1
 50:   0.9090  0.0260  0.0330  0.0320  1
 51:   0.9540  0.0160  0.0150  0.0150  1
 52:   0.8328  0.1021  0.0240  0.0410  1
 53:   0.6610  0.1980  0.0490  0.0920  1
 54:   0.6803  0.2188  0.0210  0.0799  1
 55:   0.5040  0.3160  0.0540  0.1260  1
 56:   0.8110  0.1020  0.0340  0.0530  1
 57:   0.6476  0.2082  0.0551  0.0891  1
 58:   0.7257  0.1051  0.0801  0.0891  1
 59:   0.9750  0.0090  0.0080  0.0080  1
 60:   0.8950  0.0520  0.0250  0.0280  1
 61:   0.5385  0.2783  0.0681  0.1151  1
 62:   0.7880  0.1140  0.0460  0.0520  1
 63:   0.4545  0.3133  0.0821  0.1502  1
 64:   0.3300  0.3730  0.1230  0.1740  1
 65:   0.5080  0.3510  0.0270  0.1140  1
 66:   0.9090  0.0300  0.0320  0.0290  1
 67:   0.6500  0.1630  0.0830  0.1040  1
 68:   0.7560  0.1330  0.0440  0.0670  1
 69:   0.4420  0.3570  0.0590  0.1420  1
 70:   0.4210  0.2230  0.1730  0.1830  1
 71:   0.9630  0.0180  0.0080  0.0110  1
 72:   0.7610  0.1400  0.0340  0.0650  1
 73:   0.9039  0.0460  0.0230  0.0270  1
 74:   0.0240  0.2643  0.3564  0.3554  1
 75:   0.0080  0.2537  0.4116  0.3267  1
 76:   0.0090  0.2118  0.4096  0.3696  1
 77:   0.0090  0.2340  0.4180  0.3390  1
 78:   0.0070  0.2132  0.4134  0.3664  1
 79:   0.0460  0.2010  0.3880  0.3650  1
 80:   0.0200  0.2130  0.4090  0.3580  1
 81:   0.0100  0.2228  0.4136  0.3536  1
 82:   0.0240  0.2770  0.3730  0.3260  1
 83:   0.0080  0.2200  0.4290  0.3430  1
 84:   0.0300  0.3720  0.2770  0.3210  1
 85:   0.0090  0.2328  0.4296  0.3287  1
 86:   0.0380  0.2617  0.3506  0.3497  1
 87:   0.0150  0.2523  0.4054  0.3273  1
 88:   0.0120  0.1982  0.4494  0.3403  1
 89:   0.0080  0.1962  0.3954  0.4004  1
 90:   0.0170  0.2090  0.4040  0.3700  1
 91:   0.0180  0.2470  0.4040  0.3310  1
 92:   0.1120  0.2810  0.2990  0.3080  1
 93:   0.0140  0.2352  0.4104  0.3403  1
 94:   0.0200  0.2270  0.4090  0.3440  1
 95:   0.0140  0.2490  0.4150  0.3220  1
 96:   0.0360  0.2492  0.3714  0.3433  1
 97:   0.0120  0.2258  0.4336  0.3287  1
 98:   0.0100  0.2290  0.3970  0.3640  1
 99:   0.0150  0.2372  0.4054  0.3423  1
100:   0.1080  0.2640  0.3130  0.3150  1
101:   0.0150  0.2090  0.4350  0.3410  1
102:   0.7850  0.1480  0.0130  0.0540  1
103:   0.9600  0.0180  0.0100  0.0120  1
104:   0.9730  0.0100  0.0080  0.0090  1
105:   0.7712  0.1688  0.0090  0.0509  1
106:   0.8390  0.0570  0.0530  0.0510  1
107:   0.9650  0.0150  0.0090  0.0110  1
108:   0.9430  0.0360  0.0080  0.0130  1
109:   0.8192  0.0519  0.0639  0.0649  1
110:   0.9760  0.0090  0.0070  0.0080  1
111:   0.9051  0.0500  0.0180  0.0270  1
112:   0.8350  0.1010  0.0190  0.0450  1
113:   0.9360  0.0370  0.0110  0.0160  1
114:   0.9760  0.0100  0.0060  0.0080  1
115:   0.9720  0.0110  0.0080  0.0090  1
116:   0.9650  0.0140  0.0100  0.0110  1
117:   0.7798  0.1471  0.0140  0.0591  1
118:   0.9300  0.0430  0.0090  0.0180  1
119:   0.9740  0.0110  0.0070  0.0080  1

