  1:   0.0120  0.2897  0.4845  0.2138  1
  2:   0.0170  0.2950  0.4460  0.2420  1
  3:   0.0470  0.3347  0.3037  0.3147  1
  4:   0.0100  0.2983  0.4595  0.2322  1
  5:   0.0290  0.3010  0.4800  0.1900  1
  6:   0.0130  0.2930  0.4930  0.2010  1
  7:   0.0110  0.2830  0.5170  0.1890  1
  8:   0.0090  0.3037  0.4655  0.2218  1
  9:   0.0110  0.2890  0.4890  0.2110  1
 10:   0.0260  0.2903  0.4995  0.1842  1
 11:   0.0170  0.2960  0.4530  0.2340  1
 12:   0.0110  0.3110  0.4150  0.2630  1
 13:   0.0140  0.3283  0.4124  0.2452  1
 14:   0.0160  0.2800  0.4900  0.2140  1
 15:   0.0280  0.2717  0.5175  0.1828  1
 16:   0.0160  0.2903  0.4374  0.2563  1
 17:   0.0220  0.2970  0.4590  0.2220  1
 18:   0.0180  0.3053  0.4144  0.2623  1
 19:   0.0150  0.2787  0.4675  0.2388  1
 20:   0.0390  0.3043  0.4354  0.2212  1
 21:   0.0100  0.3043  0.4194  0.2663  1
 22:   0.0200  0.3020  0.4130  0.2650  1
 23:   0.0390  0.2970  0.4130  0.2510  1
 24:   0.0480  0.3157  0.3007  0.3357  1
 25:   0.0619  0.2827  0.4645  0.1908  1
 26:   0.1270  0.3220  0.1700  0.3810  1
 27:   0.7440  0.1010  0.0130  0.1420  1
 28:   0.1100  0.3460  0.0390  0.5050  1
 29:   0.0609  0.3626  0.0659  0.5105  1
 30:   0.1660  0.3320  0.0180  0.4840  1
 31:   0.2230  0.3040  0.0120  0.4610  1
 32:   0.0819  0.3726  0.0130  0.5325  1
 33:   0.0290  0.3784  0.0581  0.5345  1
 34:   0.0639  0.3666  0.0450  0.5245  1
 35:   0.0510  0.3560  0.0660  0.5270  1
 36:   0.9490  0.0210  0.0090  0.0210  1
 37:   0.1800  0.3250  0.0260  0.4690  1
 38:   0.2657  0.2358  0.2348  0.2637  1
 39:   0.1820  0.3090  0.0500  0.4590  1
 40:   0.3030  0.2390  0.1680  0.2900  1
 41:   0.0649  0.2987  0.3067  0.3297  1
 42:   0.8320  0.0560  0.0530  0.0590  1
 43:   0.6793  0.0959  0.1069  0.1179  1
 44:   0.5310  0.1720  0.1190  0.1780  1
 45:   0.9510  0.0190  0.0130  0.0170  1
 46:   0.9000  0.0350  0.0300  0.0350  1
 47:   0.9550  0.0160  0.0120  0.0170  1
 48:   0.9690  0.0110  0.0080  0.0120  1
 49:   0.8350  0.0700  0.0170  0.0780  1
 50:   0.9360  0.0190  0.0280  0.0170  1
 51:   0.9510  0.0170  0.0150  0.0170  1
 52:   0.7490  0.1060  0.0280  0.1170  1
 53:   0.4760  0.1920  0.0470  0.2850  1
 54:   0.3696  0.2627  0.0210  0.3467  1
 55:   0.1700  0.3300  0.0360  0.4640  1
 56:   0.7293  0.1009  0.0480  0.1219  1
 57:   0.4690  0.2160  0.0610  0.2540  1
 58:   0.7230  0.0910  0.0910  0.0950  1
 59:   0.9740  0.0090  0.0080  0.0090  1
 60:   0.8880  0.0440  0.0260  0.0420  1
 61:   0.2747  0.2947  0.0629  0.3676  1
 62:   0.7160  0.1160  0.0490  0.1190  1
 63:   0.1928  0.3167  0.0639  0.4266  1
 64:   0.1240  0.3430  0.1040  0.4290  1
 65:   0.0971  0.3644  0.0180  0.5205  1
 66:   0.9270  0.0230  0.0260  0.0240  1
 67:   0.5820  0.1500  0.0880  0.1800  1
 68:   0.6310  0.1410  0.0540  0.1740  1
 69:   0.0900  0.3620  0.0370  0.5110  1
 70:   0.4054  0.1982  0.2032  0.1932  1
 71:   0.9480  0.0180  0.0090  0.0250  1
 72:   0.5980  0.1510  0.0450  0.2060  1
 73:   0.8670  0.0530  0.0210  0.0590  1
 74:   0.0230  0.2550  0.5000  0.2220  1
 75:   0.0070  0.3190  0.4330  0.2410  1
 76:   0.0090  0.2773  0.5255  0.1882  1
 77:   0.0090  0.3057  0.4346  0.2507  1
 78:   0.0070  0.2750  0.5370  0.1810  1
 79:   0.0510  0.2810  0.4820  0.1860  1
 80:   0.0190  0.2957  0.4965  0.1888  1
 81:   0.0090  0.3203  0.4214  0.2492  1
 82:   0.0180  0.2993  0.4364  0.2462  1
 83:   0.0080  0.3113  0.5035  0.1772  1
 84:   0.0170  0.3323  0.2893  0.3614  1
 85:   0.0080  0.3290  0.4440  0.2190  1
 86:   0.0360  0.2800  0.4550  0.2290  1
 87:   0.0140  0.3203  0.4384  0.2272  1
 88:   0.0110  0.2963  0.5195  0.1732  1
 89:   0.0080  0.2930  0.5010  0.1980  1
 90:   0.0180  0.2643  0.5556  0.1622  1
 91:   0.0170  0.3100  0.4240  0.2490  1
 92:   0.0810  0.2900  0.3510  0.2780  1
 93:   0.0120  0.3090  0.4740  0.2050  1
 94:   0.0180  0.3020  0.4600  0.2200  1
 95:   0.0130  0.3187  0.4266  0.2418  1
 96:   0.0330  0.3047  0.4106  0.2517  1
 97:   0.0140  0.2897  0.4785  0.2178  1
 98:   0.0110  0.3070  0.4960  0.1860  1
 99:   0.0170  0.2950  0.4890  0.1990  1
100:   0.1010  0.2730  0.3500  0.2760  1
101:   0.0170  0.2887  0.5125  0.1818  1
102:   0.5070  0.1930  0.0130  0.2870  1
103:   0.9479  0.0200  0.0110  0.0210  1
104:   0.9710  0.0100  0.0080  0.0110  1
105:   0.4895  0.2138  0.0100  0.2867  1
106:   0.8248  0.0591  0.0541  0.0621  1
107:   0.9520  0.0180  0.0100  0.0200  1
108:   0.9260  0.0330  0.0080  0.0330  1
109:   0.8450  0.0470  0.0660  0.0420  1
110:   0.9750  0.0080  0.0070  0.0100  1
111:   0.8520  0.0530  0.0200  0.0750  1
112:   0.6950  0.1180  0.0200  0.1670  1
113:   0.9050  0.0360  0.0120  0.0470  1
114:   0.9670  0.0110  0.0070  0.0150  1
115:   0.9700  0.0110  0.0080  0.0110  1
116:   0.9610  0.0140  0.0100  0.0150  1
117:   0.5410  0.1790  0.0160  0.2640  1
118:   0.8650  0.0530  0.0100  0.0720  1
119:   0.9680  0.0110  0.0070  0.0140  1

  1:   0.0120  0.4064  0.4234  0.1582  1
  2:   0.0170  0.4120  0.3850  0.1860  1
  3:   0.0731  0.3173  0.3043  0.3053  1
  4:   0.0100  0.3900  0.4390  0.1610  1
  5:   0.0280  0.4036  0.4336  0.1349  1
  6:   0.0130  0.4090  0.4350  0.1430  1
  7:   0.0110  0.4170  0.4260  0.1460  1
  8:   0.0090  0.3900  0.4310  0.1700  1
  9:   0.0120  0.3900  0.4380  0.1600  1
 10:   0.0250  0.3950  0.4410  0.1390  1
 11:   0.0180  0.4186  0.4036  0.1598  1
 12:   0.0120  0.4180  0.3720  0.1980  1
 13:   0.0140  0.3840  0.4450  0.1570  1
 14:   0.0150  0.4100  0.4140  0.1610  1
 15:   0.0270  0.4580  0.3880  0.1270  1
 16:   0.0180  0.3790  0.4150  0.1880  1
 17:   0.0210  0.4010  0.4320  0.1460  1
 18:   0.0190  0.3890  0.3950  0.1970  1
 19:   0.0180  0.4146  0.3906  0.1768  1
 20:   0.0430  0.3746  0.4036  0.1788  1
 21:   0.0110  0.3960  0.3930  0.2000  1
 22:   0.0230  0.3836  0.3836  0.2098  1
 23:   0.0390  0.4070  0.3890  0.1650  1
 24:   0.0620  0.2940  0.2990  0.3450  1
 25:   0.0719  0.4006  0.3826  0.1449  1
 26:   0.2188  0.2078  0.1748  0.3986  1
 27:   0.8350  0.0140  0.0130  0.1380  1
 28:   0.3640  0.0580  0.0560  0.5220  1
 29:   0.2110  0.1200  0.1070  0.5620  1
 30:   0.4805  0.0230  0.0230  0.4735  1
 31:   0.5230  0.0140  0.0130  0.4500  1
 32:   0.4176  0.0220  0.0210  0.5395  1
 33:   0.1650  0.1090  0.1260  0.6000  1
 34:   0.2660  0.0860  0.0840  0.5640  1
 35:   0.1932  0.1241  0.1061  0.5766  1
 36:   0.9580  0.0080  0.0080  0.0260  1
 37:   0.4590  0.0300  0.0300  0.4810  1
 38:   0.3510  0.1960  0.1930  0.2600  1
 39:   0.4216  0.0649  0.0609  0.4525  1
 40:   0.3986  0.1598  0.1499  0.2917  1
 41:   0.0929  0.3097  0.2927  0.3047  1
 42:   0.8290  0.0620  0.0520  0.0570  1
 43:   0.6893  0.1009  0.0959  0.1139  1
 44:   0.6120  0.1060  0.1060  0.1760  1
 45:   0.9510  0.0130  0.0130  0.0230  1
 46:   0.9100  0.0280  0.0290  0.0330  1
 47:   0.9600  0.0120  0.0110  0.0170  1
 48:   0.9710  0.0080  0.0080  0.0130  1
 49:   0.8740  0.0180  0.0160  0.0920  1
 50:   0.9149  0.0310  0.0330  0.0210  1
 51:   0.9481  0.0160  0.0160  0.0200  1
 52:   0.8038  0.0290  0.0270  0.1401  1
 53:   0.6290  0.0510  0.0470  0.2730  1
 54:   0.5940  0.0200  0.0190  0.3670  1
 55:   0.4190  0.0490  0.0490  0.4830  1
 56:   0.7988  0.0390  0.0360  0.1261  1
 57:   0.6064  0.0639  0.0539  0.2757  1
 58:   0.7430  0.0840  0.0830  0.0900  1
 59:   0.9750  0.0080  0.0080  0.0090  1
 60:   0.8950  0.0270  0.0260  0.0520  1
 61:   0.4750  0.0690  0.0640  0.3920  1
 62:   0.7640  0.0490  0.0500  0.1370  1
 63:   0.3980  0.0780  0.0750  0.4490  1
 64:   0.2820  0.1310  0.1230  0.4640  1
 65:   0.4144  0.0260  0.0260  0.5335  1
 66:   0.9080  0.0310  0.0310  0.0300  1
 67:   0.6613  0.0879  0.0799  0.1708  1
 68:   0.7270  0.0490  0.0470  0.1770  1
 69:   0.3750  0.0510  0.0490  0.5250  1
 70:   0.4150  0.1890  0.1780  0.2180  1
 71:   0.9590  0.0080  0.0080  0.0250  1
 72:   0.7277  0.0340  0.0360  0.2022  1
 73:   0.8989  0.0200  0.0200  0.0611  1
 74:   0.0230  0.4410  0.3740  0.1620  1
 75:   0.0070  0.3960  0.4220  0.1750  1
 76:   0.0090  0.4326  0.4176  0.1409  1
 77:   0.0090  0.3760  0.4450  0.1700  1
 78:   0.0070  0.4410  0.4300  0.1220  1
 79:   0.0480  0.4180  0.3990  0.1350  1
 80:   0.0190  0.4336  0.4066  0.1409  1
 81:   0.0100  0.3690  0.4540  0.1670  1
 82:   0.0220  0.3880  0.3740  0.2160  1
 83:   0.0080  0.4390  0.4270  0.1260  1
 84:   0.0270  0.2870  0.2840  0.4020  1
 85:   0.0090  0.3904  0.4384  0.1622  1
 86:   0.0370  0.4310  0.3600  0.1720  1
 87:   0.0160  0.4110  0.3990  0.1740  1
 88:   0.0120  0.4356  0.4296  0.1229  1
 89:   0.0090  0.4226  0.4336  0.1349  1
 90:   0.0170  0.4665  0.4024  0.1141  1
 91:   0.0170  0.3634  0.4254  0.1942  1
 92:   0.1201  0.3634  0.2953  0.2212  1
 93:   0.0130  0.4096  0.4106  0.1668  1
 94:   0.0200  0.3930  0.4180  0.1690  1
 95:   0.0130  0.3614  0.4424  0.1832  1
 96:   0.0340  0.3890  0.3930  0.1840  1
 97:   0.0140  0.3746  0.4515  0.1598  1
 98:   0.0100  0.4080  0.4330  0.1490  1
 99:   0.0160  0.4066  0.4406  0.1369  1
100:   0.1129  0.3467  0.3097  0.2308  1
101:   0.0150  0.4500  0.4040  0.1310  1
102:   0.7017  0.0130  0.0120  0.2733  1
103:   0.9570  0.0110  0.0110  0.0210  1
104:   0.9730  0.0080  0.0080  0.0110  1
105:   0.6737  0.0090  0.0090  0.3083  1
106:   0.8320  0.0580  0.0520  0.0580  1
107:   0.9580  0.0100  0.0100  0.0220  1
108:   0.9370  0.0080  0.0080  0.0470  1
109:   0.8298  0.0651  0.0681  0.0370  1
110:   0.9760  0.0070  0.0070  0.0100  1
111:   0.8990  0.0190  0.0190  0.0630  1
112:   0.8078  0.0190  0.0190  0.1542  1
113:   0.9290  0.0130  0.0110  0.0470  1
114:   0.9720  0.0070  0.0070  0.0140  1
115:   0.9720  0.0080  0.0080  0.0120  1
116:   0.9640  0.0100  0.0100  0.0160  1
117:   0.7267  0.0170  0.0140  0.2422  1
118:   0.9000  0.0100  0.0100  0.0800  1
119:   0.9720  0.0070  0.0070  0.0140  1

  1:   0.0130  0.4935  0.4496  0.0440  1
  2:   0.0180  0.4530  0.4360  0.0930  1
  3:   0.0490  0.3160  0.3250  0.3100  1
  4:   0.0110  0.4760  0.4730  0.0400  1
  5:   0.0300  0.4570  0.4790  0.0340  1
  6:   0.0140  0.4600  0.4910  0.0350  1
  7:   0.0120  0.4470  0.5020  0.0390  1
  8:   0.0090  0.4760  0.4660  0.0490  1
  9:   0.0120  0.4735  0.4565  0.0579  1
 10:   0.0260  0.4885  0.4476  0.0380  1
 11:   0.0170  0.5250  0.4150  0.0430  1
 12:   0.0110  0.4760  0.4440  0.0690  1
 13:   0.0140  0.4705  0.4745  0.0410  1
 14:   0.0150  0.4615  0.4765  0.0470  1
 15:   0.0300  0.4750  0.4540  0.0410  1
 16:   0.0180  0.4390  0.4540  0.0890  1
 17:   0.0200  0.5010  0.4420  0.0370  1
 18:   0.0190  0.4930  0.4170  0.0710  1
 19:   0.0150  0.4660  0.4350  0.0840  1
 20:   0.0410  0.4030  0.4470  0.1090  1
 21:   0.0100  0.4910  0.4320  0.0670  1
 22:   0.0220  0.4650  0.4250  0.0880  1
 23:   0.0400  0.4750  0.4260  0.0590  1
 24:   0.0460  0.2623  0.2843  0.4074  1
 25:   0.0590  0.4400  0.4120  0.0890  1
 26:   0.1400  0.1930  0.1750  0.4920  1
 27:   0.7440  0.0150  0.0140  0.2270  1
 28:   0.1460  0.0440  0.0460  0.7640  1
 29:   0.0729  0.0639  0.0749  0.7882  1
 30:   0.2128  0.0200  0.0210  0.7463  1
 31:   0.2680  0.0120  0.0110  0.7090  1
 32:   0.1050  0.0140  0.0140  0.8670  1
 33:   0.0380  0.0640  0.0630  0.8350  1
 34:   0.0810  0.0510  0.0480  0.8200  1
 35:   0.0609  0.0759  0.0729  0.7902  1
 36:   0.9460  0.0090  0.0090  0.0360  1
 37:   0.1958  0.0270  0.0240  0.7532  1
 38:   0.2773  0.2092  0.1972  0.3163  1
 39:   0.1970  0.0510  0.0580  0.6940  1
 40:   0.3033  0.1592  0.1512  0.3864  1
 41:   0.0690  0.3460  0.2770  0.3080  1
 42:   0.8328  0.0551  0.0521  0.0601  1
 43:   0.6760  0.1050  0.1040  0.1150  1
 44:   0.5220  0.1090  0.1100  0.2590  1
 45:   0.9490  0.0120  0.0140  0.0250  1
 46:   0.8921  0.0340  0.0350  0.0390  1
 47:   0.9560  0.0110  0.0120  0.0210  1
 48:   0.9680  0.0090  0.0090  0.0140  1
 49:   0.8088  0.0170  0.0170  0.1572  1
 50:   0.9310  0.0280  0.0300  0.0110  1
 51:   0.9489  0.0140  0.0150  0.0220  1
 52:   0.7167  0.0280  0.0280  0.2272  1
 53:   0.4950  0.0480  0.0510  0.4060  1
 54:   0.3900  0.0200  0.0200  0.5700  1
 55:   0.1892  0.0330  0.0330  0.7447  1
 56:   0.7200  0.0510  0.0480  0.1810  1
 57:   0.4450  0.0620  0.0650  0.4280  1
 58:   0.7210  0.0850  0.0810  0.1130  1
 59:   0.9740  0.0080  0.0080  0.0100  1
 60:   0.8800  0.0280  0.0270  0.0650  1
 61:   0.2740  0.0600  0.0560  0.6100  1
 62:   0.6843  0.0569  0.0529  0.2058  1
 63:   0.2110  0.0630  0.0640  0.6620  1
 64:   0.1421  0.0891  0.0971  0.6717  1
 65:   0.1251  0.0190  0.0180  0.8378  1
 66:   0.9260  0.0260  0.0250  0.0230  1
 67:   0.5746  0.0931  0.0871  0.2452  1
 68:   0.6260  0.0450  0.0520  0.2770  1
 69:   0.1120  0.0360  0.0360  0.8160  1
 70:   0.3740  0.1790  0.1900  0.2570  1
 71:   0.9479  0.0080  0.0080  0.0360  1
 72:   0.6024  0.0410  0.0420  0.3147  1
 73:   0.8739  0.0200  0.0200  0.0861  1
 74:   0.0240  0.4660  0.4340  0.0760  1
 75:   0.0070  0.4995  0.4426  0.0509  1
 76:   0.0100  0.4750  0.4910  0.0240  1
 77:   0.0090  0.4695  0.4685  0.0531  1
 78:   0.0080  0.4280  0.5400  0.0240  1
 79:   0.0521  0.4364  0.4795  0.0320  1
 80:   0.0200  0.4206  0.5145  0.0450  1
 81:   0.0090  0.4880  0.4610  0.0420  1
 82:   0.0200  0.4180  0.4100  0.1520  1
 83:   0.0090  0.4560  0.5090  0.0260  1
 84:   0.0190  0.2378  0.2677  0.4755  1
 85:   0.0090  0.4356  0.5015  0.0539  1
 86:   0.0370  0.4840  0.4030  0.0760  1
 87:   0.0140  0.4044  0.4905  0.0911  1
 88:   0.0120  0.4380  0.5120  0.0380  1
 89:   0.0080  0.4960  0.4650  0.0310  1
 90:   0.0180  0.4595  0.4945  0.0280  1
 91:   0.0170  0.4910  0.4280  0.0640  1
 92:   0.0860  0.3960  0.3470  0.1710  1
 93:   0.0120  0.4190  0.4840  0.0850  1
 94:   0.0200  0.4665  0.4416  0.0719  1
 95:   0.0120  0.4805  0.4474  0.0601  1
 96:   0.0340  0.4715  0.4186  0.0759  1
 97:   0.0140  0.4460  0.4970  0.0430  1
 98:   0.0100  0.4500  0.5060  0.0340  1
 99:   0.0160  0.4800  0.4710  0.0330  1
100:   0.0959  0.3956  0.3327  0.1758  1
101:   0.0180  0.4585  0.4895  0.0340  1
102:   0.5315  0.0130  0.0120  0.4434  1
103:   0.9471  0.0120  0.0120  0.0290  1
104:   0.9700  0.0080  0.0080  0.0140  1
105:   0.5130  0.0100  0.0100  0.4670  1
106:   0.8170  0.0530  0.0580  0.0720  1
107:   0.9510  0.0100  0.0110  0.0280  1
108:   0.9290  0.0080  0.0080  0.0550  1
109:   0.8440  0.0660  0.0670  0.0230  1
110:   0.9740  0.0070  0.0070  0.0120  1
111:   0.8609  0.0210  0.0200  0.0981  1
112:   0.7013  0.0230  0.0230  0.2527  1
113:   0.9020  0.0130  0.0140  0.0710  1
114:   0.9680  0.0070  0.0070  0.0180  1
115:   0.9690  0.0080  0.0070  0.0160  1
116:   0.9600  0.0100  0.0100  0.0200  1
117:   0.5716  0.0170  0.0160  0.3954  1
118:   0.8590  0.0100  0.0100  0.1210  1
119:   0.9660  0.0070  0.0070  0.0200  1

  1:   0.0120  0.5010  0.4650  0.0220  1
  2:   0.0160  0.4655  0.4494  0.0691  1
  3:   0.0450  0.3313  0.3303  0.2933  1
  4:   0.0110  0.4610  0.5100  0.0180  1
  5:   0.0290  0.4530  0.4970  0.0210  1
  6:   0.0130  0.4620  0.5160  0.0090  1
  7:   0.0120  0.4420  0.5360  0.0100  1
  8:   0.0090  0.4810  0.4970  0.0130  1
  9:   0.0110  0.4705  0.4755  0.0430  1
 10:   0.0260  0.4705  0.4825  0.0210  1
 11:   0.0170  0.5230  0.4430  0.0170  1
 12:   0.0100  0.4810  0.4800  0.0290  1
 13:   0.0140  0.4615  0.5125  0.0120  1
 14:   0.0160  0.4675  0.4925  0.0240  1
 15:   0.0270  0.4640  0.4820  0.0270  1
 16:   0.0160  0.4404  0.4805  0.0631  1
 17:   0.0200  0.4840  0.4760  0.0200  1
 18:   0.0180  0.4930  0.4510  0.0380  1
 19:   0.0150  0.4910  0.4260  0.0680  1
 20:   0.0390  0.4110  0.4450  0.1050  1
 21:   0.0100  0.4830  0.4790  0.0280  1
 22:   0.0210  0.4600  0.4680  0.0510  1
 23:   0.0380  0.4995  0.4364  0.0260  1
 24:   0.0430  0.2430  0.2750  0.4390  1
 25:   0.0561  0.4444  0.4284  0.0711  1
 26:   0.1299  0.1938  0.1808  0.4955  1
 27:   0.7460  0.0150  0.0130  0.2260  1
 28:   0.0871  0.0400  0.0380  0.8348  1
 29:   0.0380  0.0521  0.0601  0.8498  1
 30:   0.1490  0.0200  0.0180  0.8130  1
 31:   0.2090  0.0120  0.0120  0.7670  1
 32:   0.0380  0.0120  0.0110  0.9390  1
 33:   0.0110  0.0470  0.0460  0.8960  1
 34:   0.0390  0.0400  0.0400  0.8810  1
 35:   0.0320  0.0560  0.0570  0.8550  1
 36:   0.9470  0.0090  0.0090  0.0350  1
 37:   0.1429  0.0250  0.0230  0.8092  1
 38:   0.2527  0.2268  0.1908  0.3297  1
 39:   0.1510  0.0470  0.0520  0.7500  1
 40:   0.2770  0.1530  0.1560  0.4140  1
 41:   0.0610  0.3160  0.2830  0.3400  1
 42:   0.8320  0.0530  0.0540  0.0610  1
 43:   0.6743  0.1039  0.1019  0.1199  1
 44:   0.5135  0.1101  0.1021  0.2743  1
 45:   0.9520  0.0130  0.0130  0.0220  1
 46:   0.8950  0.0340  0.0310  0.0400  1
 47:   0.9550  0.0110  0.0110  0.0230  1
 48:   0.9680  0.0080  0.0080  0.0160  1
 49:   0.8240  0.0160  0.0180  0.1420  1
 50:   0.9371  0.0270  0.0270  0.0090  1
 51:   0.9500  0.0150  0.0150  0.0200  1
 52:   0.7300  0.0270  0.0300  0.2130  1
 53:   0.4730  0.0440  0.0420  0.4410  1
 54:   0.3680  0.0190  0.0200  0.5930  1
 55:   0.1500  0.0380  0.0340  0.7780  1
 56:   0.6950  0.0510  0.0510  0.2030  1
 57:   0.4500  0.0680  0.0660  0.4160  1
 58:   0.7300  0.0740  0.0840  0.1120  1
 59:   0.9760  0.0070  0.0070  0.0100  1
 60:   0.8749  0.0250  0.0270  0.0731  1
 61:   0.2540  0.0580  0.0580  0.6300  1
 62:   0.7020  0.0520  0.0510  0.1950  1
 63:   0.1720  0.0570  0.0620  0.7090  1
 64:   0.1109  0.0919  0.0859  0.7113  1
 65:   0.0570  0.0170  0.0170  0.9090  1
 66:   0.9270  0.0240  0.0250  0.0240  1
 67:   0.5656  0.0931  0.0901  0.2513  1
 68:   0.6160  0.0480  0.0520  0.2840  1
 69:   0.0630  0.0360  0.0350  0.8660  1
 70:   0.3706  0.1878  0.1728  0.2687  1
 71:   0.9459  0.0080  0.0080  0.0380  1
 72:   0.5766  0.0400  0.0420  0.3413  1
 73:   0.8719  0.0190  0.0200  0.0891  1
 74:   0.0210  0.4850  0.4410  0.0530  1
 75:   0.0070  0.4850  0.4920  0.0160  1
 76:   0.0090  0.4920  0.4870  0.0120  1
 77:   0.0090  0.4820  0.4810  0.0280  1
 78:   0.0070  0.4470  0.5370  0.0090  1
 79:   0.0530  0.4550  0.4720  0.0200  1
 80:   0.0190  0.4160  0.5420  0.0230  1
 81:   0.0100  0.4930  0.4820  0.0150  1
 82:   0.0170  0.4384  0.4094  0.1351  1
 83:   0.0090  0.4710  0.5110  0.0090  1
 84:   0.0150  0.2282  0.2302  0.5265  1
 85:   0.0080  0.4650  0.5040  0.0230  1
 86:   0.0360  0.4830  0.4310  0.0500  1
 87:   0.0130  0.4400  0.4750  0.0720  1
 88:   0.0120  0.4326  0.5325  0.0230  1
 89:   0.0080  0.5250  0.4570  0.0100  1
 90:   0.0190  0.4740  0.4910  0.0160  1
 91:   0.0170  0.4860  0.4560  0.0410  1
 92:   0.0780  0.3970  0.3740  0.1510  1
 93:   0.0120  0.4290  0.4950  0.0640  1
 94:   0.0190  0.4750  0.4630  0.0430  1
 95:   0.0120  0.4600  0.5060  0.0220  1
 96:   0.0320  0.4760  0.4350  0.0570  1
 97:   0.0140  0.4675  0.5075  0.0110  1
 98:   0.0100  0.4560  0.5170  0.0170  1
 99:   0.0170  0.4750  0.4940  0.0140  1
100:   0.0970  0.3910  0.3470  0.1650  1
101:   0.0170  0.4645  0.5065  0.0120  1
102:   0.5280  0.0130  0.0120  0.4470  1
103:   0.9440  0.0110  0.0110  0.0340  1
104:   0.9710  0.0080  0.0080  0.0130  1
105:   0.4980  0.0100  0.0100  0.4820  1
106:   0.8150  0.0540  0.0570  0.0740  1
107:   0.9510  0.0100  0.0100  0.0290  1
108:   0.9190  0.0080  0.0080  0.0650  1
109:   0.8462  0.0629  0.0659  0.0250  1
110:   0.9730  0.0070  0.0070  0.0130  1
111:   0.8500  0.0220  0.0210  0.1070  1
112:   0.6783  0.0230  0.0230  0.2757  1
113:   0.9000  0.0130  0.0130  0.0740  1
114:   0.9680  0.0060  0.0070  0.0190  1
115:   0.9700  0.0080  0.0070  0.0150  1
116:   0.9630  0.0090  0.0090  0.0190  1
117:   0.5586  0.0170  0.0180  0.4064  1
118:   0.8730  0.0100  0.0110  0.1060  1
119:   0.9650  0.0070  0.0070  0.0210  1

  1:   0.0130  0.3510  0.3870  0.2490  1
  2:   0.0160  0.3323  0.3684  0.2833  1
  3:   0.0820  0.2860  0.3020  0.3300  1
  4:   0.0100  0.3580  0.4200  0.2120  1
  5:   0.0300  0.3467  0.4136  0.2098  1
  6:   0.0120  0.3600  0.4170  0.2110  1
  7:   0.0110  0.3784  0.4054  0.2052  1
  8:   0.0090  0.3243  0.4344  0.2322  1
  9:   0.0120  0.3806  0.4056  0.2018  1
 10:   0.0250  0.3470  0.4150  0.2130  1
 11:   0.0170  0.3656  0.3756  0.2418  1
 12:   0.0120  0.3500  0.3710  0.2670  1
 13:   0.0140  0.3300  0.4280  0.2280  1
 14:   0.0170  0.3360  0.4220  0.2250  1
 15:   0.0260  0.3610  0.4110  0.2020  1
 16:   0.0190  0.3163  0.3894  0.2753  1
 17:   0.0200  0.3540  0.4140  0.2120  1
 18:   0.0200  0.3370  0.3740  0.2690  1
 19:   0.0190  0.3540  0.3760  0.2510  1
 20:   0.0470  0.3387  0.3836  0.2308  1
 21:   0.0100  0.3347  0.3976  0.2577  1
 22:   0.0230  0.3290  0.3690  0.2790  1
 23:   0.0380  0.3350  0.3770  0.2500  1
 24:   0.0630  0.2740  0.2730  0.3900  1
 25:   0.0740  0.3510  0.3670  0.2080  1
 26:   0.2330  0.2210  0.1750  0.3710  1
 27:   0.8691  0.0310  0.0140  0.0859  1
 28:   0.4440  0.1490  0.0700  0.3370  1
 29:   0.2540  0.1990  0.1210  0.4260  1
 30:   0.5710  0.1120  0.0230  0.2940  1
 31:   0.6246  0.0931  0.0130  0.2693  1
 32:   0.5070  0.1190  0.0260  0.3480  1
 33:   0.1922  0.2222  0.1391  0.4464  1
 34:   0.3100  0.1840  0.0890  0.4170  1
 35:   0.2240  0.2040  0.1200  0.4520  1
 36:   0.9640  0.0110  0.0090  0.0160  1
 37:   0.5370  0.1110  0.0300  0.3220  1
 38:   0.3720  0.2010  0.1800  0.2470  1
 39:   0.4785  0.1391  0.0661  0.3163  1
 40:   0.4240  0.1800  0.1460  0.2500  1
 41:   0.1011  0.3123  0.2913  0.2953  1
 42:   0.8208  0.0581  0.0571  0.0641  1
 43:   0.6970  0.0940  0.1000  0.1090  1
 44:   0.6270  0.1190  0.1000  0.1540  1
 45:   0.9560  0.0130  0.0130  0.0180  1
 46:   0.9140  0.0280  0.0260  0.0320  1
 47:   0.9620  0.0120  0.0110  0.0150  1
 48:   0.9720  0.0090  0.0080  0.0110  1
 49:   0.8830  0.0250  0.0160  0.0760  1
 50:   0.9090  0.0320  0.0330  0.0260  1
 51:   0.9540  0.0150  0.0150  0.0160  1
 52:   0.8328  0.0410  0.0240  0.1021  1
 53:   0.6610  0.0920  0.0490  0.1980  1
 54:   0.6803  0.0799  0.0210  0.2188  1
 55:   0.5040  0.1260  0.0540  0.3160  1
 56:   0.8110  0.0530  0.0340  0.1020  1
 57:   0.6476  0.0891  0.0551  0.2082  1
 58:   0.7257  0.0891  0.0801  0.1051  1
 59:   0.9750  0.0080  0.0080  0.0090  1
 60:   0.8950  0.0280  0.0250  0.0520  1
 61:   0.5385  0.1151  0.0681  0.2783  1
 62:   0.7880  0.0520  0.0460  0.1140  1
 63:   0.4545  0.1502  0.0821  0.3133  1
 64:   0.3300  0.1740  0.1230  0.3730  1
 65:   0.5080  0.1140  0.0270  0.3510  1
 66:   0.9090  0.0290  0.0320  0.0300  1
 67:   0.6500  0.1040  0.0830  0.1630  1
 68:   0.7560  0.0670  0.0440  0.1330  1
 69:   0.4420  0.1420  0.0590  0.3570  1
 70:   0.4210  0.1830  0.1730  0.2230  1
 71:   0.9630  0.0110  0.0080  0.0180  1
 72:   0.7610  0.0650  0.0340  0.1400  1
 73:   0.9039  0.0270  0.0230  0.0460  1
 74:   0.0240  0.3554  0.3564  0.2643  1
 75:   0.0080  0.3267  0.4116  0.2537  1
 76:   0.0090  0.3696  0.4096  0.2118  1
 77:   0.0090  0.3390  0.4180  0.2340  1
 78:   0.0070  0.3664  0.4134  0.2132  1
 79:   0.0460  0.3650  0.3880  0.2010  1
 80:   0.0200  0.3580  0.4090  0.2130  1
 81:   0.0100  0.3536  0.4136  0.2228  1
 82:   0.0240  0.3260  0.3730  0.2770  1
 83:   0.0080  0.3430  0.4290  0.2200  1
 84:   0.0300  0.3210  0.2770  0.3720  1
 85:   0.0090  0.3287  0.4296  0.2328  1
 86:   0.0380  0.3497  0.3506  0.2617  1
 87:   0.0150  0.3273  0.4054  0.2523  1
 88:   0.0120  0.3403  0.4494  0.1982  1
 89:   0.0080  0.4004  0.3954  0.1962  1
 90:   0.0170  0.3700  0.4040  0.2090  1
 91:   0.0180  0.3310  0.4040  0.2470  1
 92:   0.1120  0.3080  0.2990  0.2810  1
 93:   0.0140  0.3403  0.4104  0.2352  1
 94:   0.0200  0.3440  0.4090  0.2270  1
 95:   0.0140  0.3220  0.4150  0.2490  1
 96:   0.0360  0.3433  0.3714  0.2492  1
 97:   0.0120  0.3287  0.4336  0.2258  1
 98:   0.0100  0.3640  0.3970  0.2290  1
 99:   0.0150  0.3423  0.4054  0.2372  1
100:   0.1080  0.3150  0.3130  0.2640  1
101:   0.0150  0.3410  0.4350  0.2090  1
102:   0.7850  0.0540  0.0130  0.1480  1
103:   0.9600  0.0120  0.0100  0.0180  1
104:   0.9730  0.0090  0.0080  0.0100  1
105:   0.7712  0.0509  0.0090  0.1688  1
106:   0.8390  0.0510  0.0530  0.0570  1
107:   0.9650  0.0110  0.0090  0.0150  1
108:   0.9430  0.0130  0.0080  0.0360  1
109:   0.8192  0.0649  0.0639  0.0519  1
110:   0.9760  0.0080  0.0070  0.0090  1
111:   0.9051  0.0270  0.0180  0.0500  1
112:   0.8350  0.0450  0.0190  0.1010  1
113:   0.9360  0.0160  0.0110  0.0370  1
114:   0.9760  0.0080  0.0060  0.0100  1
115:   0.9720  0.0090  0.0080  0.0110  1
116:   0.9650  0.0110  0.0100  0.0140  1
117:   0.7798  0.0591  0.0140  0.1471  1
118:   0.9300  0.0180  0.0090  0.0430  1
119:   0.9740  0.0080  0.0070  0.0110  1

