  1:   0.0124  0.4083  0.4419  0.1374  1
  2:   0.0168  0.3916  0.4170  0.1747  1
  3:   0.0592  0.3171  0.3131  0.3107  1
  4:   0.0104  0.3967  0.4603  0.1326  1
  5:   0.0292  0.3922  0.4606  0.1179  1
  6:   0.0130  0.3968  0.4704  0.1198  1
  7:   0.0114  0.3935  0.4773  0.1178  1
  8:   0.0090  0.3950  0.4588  0.1372  1
  9:   0.0116  0.4007  0.4529  0.1348  1
 10:   0.0256  0.3983  0.4571  0.1190  1
 11:   0.0172  0.4256  0.4180  0.1391  1
 12:   0.0112  0.4072  0.4164  0.1652  1
 13:   0.0140  0.3949  0.4545  0.1367  1
 14:   0.0158  0.3910  0.4590  0.1342  1
 15:   0.0276  0.4059  0.4505  0.1160  1
 16:   0.0174  0.3730  0.4353  0.1743  1
 17:   0.0206  0.4074  0.4446  0.1274  1
 18:   0.0188  0.4035  0.4103  0.1675  1
 19:   0.0164  0.4009  0.4190  0.1637  1
 20:   0.0418  0.3663  0.4229  0.1690  1
 21:   0.0102  0.4018  0.4242  0.1638  1
 22:   0.0218  0.3879  0.4117  0.1786  1
 23:   0.0388  0.4027  0.4083  0.1502  1
 24:   0.0524  0.2778  0.2864  0.3834  1
 25:   0.0646  0.3838  0.4109  0.1407  1
 26:   0.1697  0.2275  0.1751  0.4276  1
 27:   0.7876  0.0352  0.0134  0.1638  1
 28:   0.2302  0.1274  0.0498  0.5926  1
 29:   0.1274  0.1595  0.0858  0.6273  1
 30:   0.3159  0.1014  0.0206  0.5621  1
 31:   0.3695  0.0870  0.0122  0.5313  1
 32:   0.2299  0.1079  0.0170  0.6452  1
 33:   0.0870  0.1641  0.0864  0.6624  1
 34:   0.1520  0.1455  0.0612  0.6413  1
 35:   0.1122  0.1632  0.0844  0.6402  1
 36:   0.9528  0.0116  0.0088  0.0268  1
 37:   0.3029  0.1036  0.0266  0.5669  1
 38:   0.3038  0.2137  0.1992  0.2833  1
 39:   0.2860  0.1222  0.0574  0.5344  1
 40:   0.3412  0.1782  0.1542  0.3264  1
 41:   0.0778  0.3165  0.2901  0.3155  1
 42:   0.8293  0.0568  0.0536  0.0602  1
 43:   0.6832  0.0999  0.1017  0.1151  1
 44:   0.5611  0.1232  0.1074  0.2083  1
 45:   0.9518  0.0140  0.0132  0.0210  1
 46:   0.9022  0.0318  0.0302  0.0358  1
 47:   0.9576  0.0124  0.0114  0.0186  1
 48:   0.9696  0.0090  0.0082  0.0132  1
 49:   0.8450  0.0292  0.0168  0.1090  1
 50:   0.9256  0.0274  0.0302  0.0168  1
 51:   0.9504  0.0154  0.0152  0.0190  1
 52:   0.7665  0.0462  0.0274  0.1599  1
 53:   0.5468  0.0854  0.0472  0.3206  1
 54:   0.4804  0.0803  0.0202  0.4191  1
 55:   0.2864  0.1152  0.0412  0.5571  1
 56:   0.7508  0.0590  0.0434  0.1468  1
 57:   0.5236  0.0998  0.0602  0.3164  1
 58:   0.7285  0.0846  0.0838  0.1030  1
 59:   0.9748  0.0080  0.0078  0.0094  1
 60:   0.8866  0.0304  0.0262  0.0568  1
 61:   0.3633  0.1194  0.0618  0.4556  1
 62:   0.7309  0.0652  0.0498  0.1542  1
 63:   0.2857  0.1330  0.0694  0.5120  1
 64:   0.1978  0.1658  0.1066  0.5298  1
 65:   0.2403  0.1081  0.0212  0.6304  1
 66:   0.9194  0.0266  0.0278  0.0262  1
 67:   0.6067  0.1056  0.0856  0.2021  1
 68:   0.6712  0.0700  0.0498  0.2090  1
 69:   0.2164  0.1254  0.0432  0.6150  1
 70:   0.3972  0.1874  0.1834  0.2320  1
 71:   0.9528  0.0106  0.0082  0.0284  1
 72:   0.6531  0.0662  0.0398  0.2408  1
 73:   0.8831  0.0278  0.0208  0.0683  1
 74:   0.0230  0.4005  0.4211  0.1555  1
 75:   0.0072  0.4052  0.4402  0.1473  1
 76:   0.0092  0.4093  0.4661  0.1154  1
 77:   0.0090  0.3944  0.4494  0.1472  1
 78:   0.0072  0.3915  0.4915  0.1098  1
 79:   0.0500  0.3911  0.4441  0.1148  1
 80:   0.0194  0.3848  0.4737  0.1221  1
 81:   0.0096  0.4048  0.4464  0.1392  1
 82:   0.0202  0.3739  0.4006  0.2053  1
 83:   0.0084  0.4041  0.4759  0.1116  1
 84:   0.0216  0.2813  0.2697  0.4275  1
 85:   0.0086  0.3897  0.4635  0.1382  1
 86:   0.0368  0.4055  0.3999  0.1577  1
 87:   0.0144  0.3806  0.4417  0.1633  1
 88:   0.0118  0.3886  0.4886  0.1110  1
 89:   0.0082  0.4274  0.4504  0.1140  1
 90:   0.0178  0.4068  0.4695  0.1059  1
 91:   0.0172  0.3963  0.4275  0.1590  1
 92:   0.0954  0.3509  0.3333  0.2204  1
 93:   0.0126  0.3814  0.4548  0.1512  1
 94:   0.0194  0.3961  0.4383  0.1462  1
 95:   0.0128  0.3885  0.4475  0.1512  1
 96:   0.0338  0.3969  0.4057  0.1636  1
 97:   0.0136  0.3813  0.4736  0.1315  1
 98:   0.0102  0.3970  0.4698  0.1230  1
 99:   0.0162  0.3998  0.4600  0.1240  1
100:   0.1030  0.3443  0.3305  0.2223  1
101:   0.0164  0.4005  0.4695  0.1136  1
102:   0.6106  0.0572  0.0124  0.3197  1
103:   0.9512  0.0132  0.0110  0.0246  1
104:   0.9716  0.0086  0.0080  0.0118  1
105:   0.5891  0.0587  0.0096  0.3426  1
106:   0.8256  0.0550  0.0548  0.0646  1
107:   0.9554  0.0118  0.0100  0.0228  1
108:   0.9308  0.0140  0.0080  0.0472  1
109:   0.8368  0.0612  0.0662  0.0358  1
110:   0.9748  0.0074  0.0070  0.0108  1
111:   0.8734  0.0284  0.0196  0.0786  1
112:   0.7435  0.0456  0.0208  0.1901  1
113:   0.9144  0.0182  0.0122  0.0552  1
114:   0.9702  0.0078  0.0068  0.0152  1
115:   0.9706  0.0088  0.0076  0.0130  1
116:   0.9626  0.0108  0.0098  0.0168  1
117:   0.6355  0.0578  0.0156  0.2910  1
118:   0.8854  0.0202  0.0100  0.0844  1
119:   0.9690  0.0080  0.0070  0.0160  1
