           1  1 0.0323 0.2111 0.1723 0.2226 0.1620 0.1997 
           2  1 0.0355 0.2366 0.1454 0.1521 0.1817 0.2486 
           3  1 0.0192 0.2818 0.1483 0.1305 0.1857 0.2345 
           4  1 0.0755 0.1624 0.2126 0.1743 0.2085 0.1667 
           5  1 0.1467 0.1814 0.1380 0.1637 0.1807 0.1895 
           6  1 0.7547 0.0548 0.0468 0.0440 0.0512 0.0485 
           7  1 0.0524 0.1878 0.1389 0.2111 0.1970 0.2128 
           8  1 0.0935 0.1442 0.1766 0.1824 0.2416 0.1617 
           9  1 0.0284 0.0845 0.4081 0.2460 0.1544 0.0787 
          10  1 0.1122 0.2893 0.1547 0.0897 0.1439 0.2102 
          11  1 0.1201 0.2455 0.1348 0.0947 0.2013 0.2037 
          12  1 0.0480 0.1107 0.1220 0.2880 0.2040 0.2273 
          13  1 0.0225 0.1583 0.1476 0.2096 0.2550 0.2072 
          14  1 0.0381 0.1705 0.2478 0.1750 0.1879 0.1807 
          15  1 0.0211 0.1695 0.1547 0.2365 0.2147 0.2034 
          16  1 0.4244 0.1693 0.0976 0.0818 0.1026 0.1243 
          17  1 0.0507 0.1464 0.3063 0.1857 0.1863 0.1246 
          18  1 0.0349 0.1550 0.2483 0.2219 0.1789 0.1611 
          19  1 0.0869 0.2408 0.1444 0.1208 0.1959 0.2111 
          20  1 0.0269 0.1483 0.2271 0.2188 0.2126 0.1663 
          21  1 0.0795 0.1160 0.1038 0.2590 0.2169 0.2248 
          22  1 0.7798 0.0654 0.0356 0.0301 0.0420 0.0472 
          23  1 0.7527 0.0578 0.0395 0.0379 0.0670 0.0451 
          24  1 0.2515 0.1587 0.1249 0.1441 0.1476 0.1731 
          25  1 0.0637 0.3126 0.1483 0.1156 0.1436 0.2163 
          26  1 0.2003 0.1552 0.1336 0.1780 0.1581 0.1748 
          27  1 0.7447 0.0670 0.0452 0.0370 0.0519 0.0543 
          28  1 0.1285 0.2251 0.1282 0.1433 0.1743 0.2006 
          29  1 0.7657 0.0587 0.0514 0.0361 0.0379 0.0502 
          30  1 0.6506 0.0859 0.0806 0.0527 0.0614 0.0687 
          31  1 0.8921 0.0250 0.0228 0.0177 0.0216 0.0208 
          32  1 0.6438 0.0398 0.0756 0.1137 0.0548 0.0723 
          33  1 0.1238 0.1971 0.1283 0.1532 0.1758 0.2218 
          34  1 0.7906 0.0527 0.0406 0.0361 0.0392 0.0407 
          35  1 0.2031 0.2675 0.1176 0.0844 0.1264 0.2010 
          36  1 0.6036 0.0725 0.0536 0.1135 0.0611 0.0957 
          37  1 0.7726 0.0705 0.0394 0.0237 0.0423 0.0515 
          38  1 0.5025 0.1320 0.0879 0.0639 0.0866 0.1271 
          39  1 0.5415 0.1764 0.0744 0.0408 0.0600 0.1070 
          40  1 0.1093 0.2659 0.1323 0.1106 0.1553 0.2266 
          41  1 0.6611 0.0830 0.0599 0.0596 0.0581 0.0783 
          42  1 0.3734 0.1520 0.0933 0.1243 0.0914 0.1655 
          43  1 0.7690 0.0454 0.0470 0.0480 0.0404 0.0503 
          44  1 0.4026 0.1613 0.0889 0.1018 0.1042 0.1412 
          45  1 0.7646 0.0591 0.0491 0.0350 0.0450 0.0472 
          46  1 0.7711 0.0569 0.0414 0.0369 0.0439 0.0499 
          47  1 0.4670 0.1417 0.0926 0.0797 0.0934 0.1256 
          48  1 0.7616 0.0556 0.0522 0.0394 0.0428 0.0484 
          49  1 0.7086 0.0731 0.0498 0.0450 0.0558 0.0677 
          50  1 0.1431 0.2853 0.1554 0.0865 0.1227 0.2070 
          51  1 0.6120 0.1102 0.0653 0.0475 0.0659 0.0990 
          52  1 0.6079 0.1201 0.0640 0.0421 0.0745 0.0914 
          53  1 0.5058 0.1483 0.0838 0.0676 0.0753 0.1192 
          54  1 0.7999 0.0480 0.0387 0.0345 0.0351 0.0438 
          55  1 0.0720 0.1173 0.2811 0.2237 0.1730 0.1329 
          56  1 0.1072 0.2347 0.1480 0.1436 0.1372 0.2293 
          57  1 0.0523 0.2190 0.2058 0.1445 0.2012 0.1772 
          58  1 0.0411 0.1864 0.1551 0.1567 0.2640 0.1968 
          59  1 0.0654 0.3342 0.1531 0.0823 0.1301 0.2348 
          60  1 0.0328 0.1101 0.3575 0.2206 0.1713 0.1076 
          61  1 0.0249 0.0895 0.3926 0.2396 0.1657 0.0877 
          62  1 0.0353 0.2454 0.1431 0.1679 0.1518 0.2565 
          63  1 0.0360 0.3216 0.1461 0.1017 0.1553 0.2393 
          64  1 0.0529 0.1818 0.1912 0.2130 0.1615 0.1995 
          65  1 0.0565 0.2593 0.1294 0.1186 0.2218 0.2144 
          66  1 0.0873 0.1570 0.1954 0.1810 0.2157 0.1636 
          67  1 0.0226 0.2183 0.1772 0.1465 0.2405 0.1948 
          68  1 0.0323 0.2029 0.1424 0.1824 0.1848 0.2552 
          69  1 0.0255 0.1202 0.2455 0.2437 0.2046 0.1605 
          70  1 0.0319 0.1158 0.2797 0.2396 0.1889 0.1441 
          71  1 0.0659 0.1706 0.1518 0.2088 0.1915 0.2115 
          72  1 0.0235 0.0768 0.4515 0.2327 0.1501 0.0654 
          73  1 0.6712 0.0733 0.0629 0.0629 0.0630 0.0667 
          74  1 0.0305 0.1597 0.0977 0.2545 0.1925 0.2651 
          75  1 0.0193 0.0663 0.4497 0.2540 0.1485 0.0623 
          76  1 0.3543 0.2046 0.0888 0.0830 0.1159 0.1534 
          77  1 0.0267 0.1556 0.1179 0.2488 0.1989 0.2521 
          78  1 0.0392 0.1698 0.2102 0.2235 0.1763 0.1811 
          79  1 0.0752 0.1354 0.2718 0.2040 0.1653 0.1483 
          80  1 0.6043 0.0572 0.1217 0.0867 0.0684 0.0616 
          81  1 0.1036 0.1631 0.1943 0.1822 0.2050 0.1518 
          82  1 0.1352 0.2040 0.1422 0.1674 0.1657 0.1856 
          83  1 0.0276 0.0903 0.2471 0.3171 0.1531 0.1648 
          84  1 0.0654 0.0838 0.3924 0.2310 0.1505 0.0769 
          85  1 0.0831 0.1984 0.1517 0.1376 0.2463 0.1829 
          86  1 0.2373 0.2805 0.1196 0.0663 0.1089 0.1875 
          87  1 0.0281 0.2149 0.1612 0.1778 0.2179 0.2002 
          88  1 0.0220 0.1998 0.2087 0.2013 0.1788 0.1894 
          89  1 0.0440 0.1947 0.1579 0.1762 0.2294 0.1978 
          90  1 0.0331 0.1950 0.1532 0.1795 0.2429 0.1963 
          91  1 0.1138 0.2479 0.1247 0.1082 0.2063 0.1991 
          92  1 0.0268 0.0816 0.1232 0.3025 0.2363 0.2296 
          93  1 0.5638 0.0780 0.1054 0.0969 0.0729 0.0829 
          94  1 0.0411 0.2433 0.1465 0.1554 0.2129 0.2009 
          95  1 0.1585 0.1979 0.1343 0.1310 0.1902 0.1882 
          96  1 0.0388 0.0784 0.1516 0.3324 0.1892 0.2096 
          97  1 0.4893 0.1045 0.1089 0.1041 0.0886 0.1046 
          98  1 0.0633 0.2330 0.1514 0.1869 0.1654 0.2000 
          99  1 0.0153 0.0745 0.0972 0.3392 0.2237 0.2502 
         100  1 0.0496 0.2324 0.1368 0.1433 0.2262 0.2117 
         101  1 0.0473 0.1014 0.3795 0.2277 0.1522 0.0918 
         102  1 0.0336 0.1977 0.2164 0.1761 0.1852 0.1909 
         103  1 0.0678 0.2169 0.1732 0.1313 0.2169 0.1940 
         104  1 0.0218 0.0760 0.2435 0.3520 0.1553 0.1514 
         105  1 0.2513 0.1928 0.1242 0.1173 0.1525 0.1619 
         106  1 0.0751 0.2651 0.1511 0.1389 0.1626 0.2072 
         107  1 0.2051 0.2031 0.1804 0.1301 0.1355 0.1460 
         108  1 0.0297 0.2079 0.1712 0.1879 0.2134 0.1899 
         109  1 0.0813 0.1212 0.1142 0.2894 0.1821 0.2119 
         110  1 0.6815 0.0801 0.0513 0.0485 0.0630 0.0756 
         111  1 0.0580 0.1488 0.2496 0.1991 0.2126 0.1318 
         112  1 0.0417 0.1559 0.2336 0.1929 0.1990 0.1768 
         113  1 0.0331 0.1122 0.1941 0.2875 0.1771 0.1959 
         114  1 0.0254 0.1650 0.2479 0.2051 0.2011 0.1555 
         115  1 0.7398 0.0729 0.0486 0.0341 0.0480 0.0565 
         116  1 0.0452 0.1443 0.2776 0.2068 0.1692 0.1568 
         117  1 0.0146 0.0630 0.1094 0.3651 0.2158 0.2321 
         118  1 0.0279 0.1867 0.2464 0.1765 0.1857 0.1768 
         119  1 0.6039 0.0812 0.1020 0.0726 0.0680 0.0722 
         120  1 0.0527 0.1100 0.2935 0.2267 0.1779 0.1392 
         121  1 0.0303 0.1396 0.2501 0.2552 0.1675 0.1574 
         122  1 0.6573 0.0741 0.0673 0.0615 0.0679 0.0719 
         123  1 0.0489 0.2427 0.1520 0.1332 0.1989 0.2243 
         124  1 0.1784 0.2312 0.1323 0.1183 0.1486 0.1911 
         125  1 0.0403 0.3233 0.1495 0.0889 0.1649 0.2332 
         126  1 0.0391 0.1684 0.2031 0.2286 0.1830 0.1779 
         127  1 0.0464 0.1983 0.1854 0.1760 0.2090 0.1848 
         128  1 0.0326 0.1431 0.2999 0.2025 0.1819 0.1400 
         129  1 0.0232 0.1205 0.1427 0.2716 0.2396 0.2024 
         130  1 0.0570 0.2417 0.1616 0.1442 0.2130 0.1825 
         131  1 0.5604 0.0971 0.0746 0.0953 0.0747 0.0978 
         132  1 0.0252 0.1031 0.1205 0.2917 0.2314 0.2281 
         133  1 0.4371 0.1548 0.0693 0.0721 0.1358 0.1310 
         134  1 0.0344 0.1146 0.2113 0.3134 0.1640 0.1623 
         135  1 0.0270 0.2576 0.1710 0.1494 0.1795 0.2156 
         136  1 0.0337 0.0994 0.3780 0.2226 0.1795 0.0868 
         137  1 0.0526 0.1326 0.1651 0.2527 0.1997 0.1973 
         138  1 0.1932 0.1993 0.1305 0.1041 0.2137 0.1593 
         139  1 0.4080 0.1703 0.1052 0.0870 0.0991 0.1303 
         140  1 0.0276 0.1369 0.2505 0.2450 0.1734 0.1667 
         141  1 0.2439 0.1811 0.1438 0.1307 0.1523 0.1482 
         142  1 0.4552 0.1348 0.1271 0.0877 0.0937 0.1014 
         143  1 0.0378 0.1436 0.2542 0.1951 0.2470 0.1222 
         144  1 0.3705 0.0754 0.2197 0.1611 0.0924 0.0809 
         145  1 0.0341 0.1719 0.1318 0.2060 0.2607 0.1955 
         146  1 0.0229 0.1121 0.1359 0.2944 0.2210 0.2136 
         147  1 0.0686 0.1793 0.1148 0.1654 0.2708 0.2011 
         148  1 0.0482 0.1444 0.1419 0.2302 0.2281 0.2072 
         149  1 0.0358 0.2150 0.1752 0.1667 0.1995 0.2079 
         150  1 0.0235 0.3167 0.1627 0.1230 0.1435 0.2305 
         151  1 0.0280 0.0958 0.3376 0.2564 0.1653 0.1170 
         152  1 0.0275 0.1916 0.1749 0.2023 0.2117 0.1920 
         153  1 0.0363 0.1899 0.1614 0.1826 0.2085 0.2212 
         154  1 0.0368 0.0948 0.3429 0.2600 0.1570 0.1085 
         155  1 0.0347 0.1221 0.3473 0.1995 0.1805 0.1159 
         156  1 0.0477 0.1488 0.1983 0.2310 0.1994 0.1748 
         157  1 0.0359 0.1211 0.1507 0.2832 0.1925 0.2166 
         158  1 0.0546 0.2120 0.1881 0.1650 0.2010 0.1794 
         159  1 0.1761 0.1974 0.1167 0.1304 0.1935 0.1859 
         160  1 0.0514 0.1508 0.2644 0.1713 0.2064 0.1556 
         161  1 0.1259 0.2536 0.1153 0.1143 0.1759 0.2149 
         162  1 0.0274 0.1096 0.3721 0.2318 0.1607 0.0983 
         163  1 0.0302 0.2726 0.2045 0.1270 0.1646 0.2011 
         164  1 0.0588 0.1497 0.3181 0.2039 0.1411 0.1283 
         165  1 0.3843 0.1294 0.1348 0.1121 0.1101 0.1294 
         166  1 0.0469 0.2461 0.1223 0.1704 0.1638 0.2504 
         167  1 0.0494 0.1959 0.1347 0.2121 0.2018 0.2062 
         168  1 0.0239 0.2390 0.2197 0.1358 0.1853 0.1963 
         169  1 0.0842 0.2318 0.1470 0.1155 0.2379 0.1835 
         170  1 0.5483 0.0969 0.1152 0.0865 0.0749 0.0783 
         171  1 0.1309 0.1239 0.1916 0.2322 0.1591 0.1622 
         172  1 0.0433 0.1824 0.2529 0.1856 0.1762 0.1595 
         173  1 0.0633 0.1700 0.1593 0.2054 0.2218 0.1802 
         174  1 0.0612 0.1773 0.1723 0.1845 0.2219 0.1828 
         175  1 0.0302 0.2098 0.1731 0.1977 0.1811 0.2081 
         176  1 0.0191 0.1634 0.1407 0.2385 0.2294 0.2090 
         177  1 0.0709 0.2254 0.1787 0.1207 0.2067 0.1976 
         178  1 0.0407 0.1532 0.2480 0.1981 0.2120 0.1481 
         179  1 0.0258 0.2576 0.1651 0.1609 0.1653 0.2253 
         180  1 0.1137 0.2283 0.1194 0.1288 0.2149 0.1949 
         181  1 0.0285 0.2485 0.1479 0.1404 0.2162 0.2186 
         182  1 0.0275 0.2033 0.1617 0.1865 0.2450 0.1761 
         183  1 0.0290 0.1077 0.1211 0.2907 0.2224 0.2291 
         184  1 0.0274 0.1217 0.1465 0.2785 0.2070 0.2188 
         185  1 0.0219 0.1678 0.1501 0.2479 0.2100 0.2023 
         186  1 0.0287 0.0871 0.4030 0.2343 0.1682 0.0787 
         187  1 0.0696 0.1878 0.2187 0.1601 0.1888 0.1749 
         188  1 0.0577 0.2162 0.1265 0.1502 0.2394 0.2099 
         189  1 0.0389 0.2017 0.1702 0.1409 0.2663 0.1819 
         190  1 0.0468 0.0726 0.4100 0.2469 0.1492 0.0744 
         191  1 0.0522 0.1795 0.1004 0.2085 0.2415 0.2180 
         192  1 0.0387 0.1731 0.1928 0.1807 0.2374 0.1771 
         193  1 0.0311 0.0982 0.3626 0.2350 0.1752 0.0979 
         194  1 0.0334 0.0706 0.4009 0.2667 0.1399 0.0884 
         195  1 0.3413 0.2141 0.0997 0.0911 0.1013 0.1525 
         196  1 0.0530 0.2575 0.2124 0.1310 0.1806 0.1655 
         197  1 0.0657 0.1891 0.2017 0.1837 0.1857 0.1742 
         198  1 0.0523 0.1286 0.0972 0.2571 0.2273 0.2375 
         199  1 0.0238 0.1385 0.2579 0.2238 0.1940 0.1620 
         200  1 0.0432 0.2452 0.1432 0.1637 0.1828 0.2219 
         201  1 0.0208 0.0603 0.2729 0.3494 0.1485 0.1481 
         202  1 0.0340 0.0883 0.3790 0.2545 0.1523 0.0919 
         203  1 0.0312 0.1542 0.1142 0.2681 0.1931 0.2391 
         204  1 0.0229 0.1048 0.0954 0.3219 0.2055 0.2495 
         205  1 0.8661 0.0329 0.0280 0.0209 0.0263 0.0258 
