           1  1 0.1900 0.1778 0.1739 0.2257 0.1938 0.0388 
           2  1 0.1330 0.1783 0.2202 0.2387 0.1817 0.0481 
           3  1 0.1366 0.1901 0.2285 0.2348 0.1809 0.0290 
           4  1 0.2183 0.1937 0.1848 0.1409 0.1668 0.0955 
           5  1 0.1470 0.1365 0.1715 0.1826 0.2058 0.1566 
           6  1 0.0618 0.0518 0.0663 0.0652 0.0557 0.6991 
           7  1 0.1708 0.2002 0.1824 0.1922 0.1946 0.0598 
           8  1 0.1935 0.1848 0.1842 0.1407 0.1804 0.1165 
           9  1 0.3660 0.1893 0.1627 0.1016 0.1422 0.0383 
          10  1 0.1357 0.1422 0.2220 0.2447 0.1303 0.1250 
          11  1 0.1163 0.1235 0.2184 0.2053 0.1787 0.1578 
          12  1 0.1752 0.2383 0.1096 0.1732 0.2437 0.0601 
          13  1 0.1785 0.2254 0.1692 0.1661 0.2270 0.0339 
          14  1 0.2253 0.1895 0.1779 0.1773 0.1779 0.0521 
          15  1 0.1572 0.1828 0.1620 0.1989 0.2700 0.0291 
          16  1 0.0937 0.0942 0.1342 0.1464 0.1014 0.4301 
          17  1 0.2884 0.1765 0.1897 0.1391 0.1461 0.0604 
          18  1 0.2352 0.1772 0.1848 0.1761 0.1819 0.0448 
          19  1 0.1312 0.1759 0.2228 0.2030 0.1668 0.1004 
          20  1 0.2100 0.2050 0.1823 0.1496 0.2116 0.0416 
          21  1 0.1367 0.2387 0.1078 0.1635 0.2547 0.0986 
          22  1 0.0345 0.0451 0.0689 0.0693 0.0489 0.7334 
          23  1 0.0416 0.0485 0.0687 0.0575 0.0634 0.7202 
          24  1 0.1391 0.1455 0.1658 0.1694 0.1449 0.2353 
          25  1 0.1236 0.1382 0.2378 0.2560 0.1720 0.0725 
          26  1 0.1547 0.1660 0.1382 0.1581 0.1679 0.2151 
          27  1 0.0473 0.0554 0.0735 0.0742 0.0548 0.6947 
          28  1 0.1220 0.1710 0.1991 0.2004 0.1679 0.1396 
          29  1 0.0570 0.0571 0.0745 0.0827 0.0559 0.6728 
          30  1 0.0795 0.0752 0.0941 0.0997 0.0785 0.5729 
          31  1 0.0310 0.0278 0.0442 0.0385 0.0350 0.8235 
          32  1 0.1285 0.0984 0.0732 0.0663 0.0879 0.5457 
          33  1 0.1343 0.1628 0.1731 0.2045 0.1827 0.1426 
          34  1 0.0451 0.0436 0.0598 0.0661 0.0496 0.7357 
          35  1 0.0960 0.1199 0.2103 0.2250 0.1317 0.2171 
          36  1 0.0839 0.1064 0.0858 0.1079 0.0983 0.5177 
          37  1 0.0296 0.0493 0.0715 0.0779 0.0517 0.7200 
          38  1 0.0736 0.0861 0.1262 0.1371 0.0996 0.4774 
          39  1 0.0615 0.0722 0.1354 0.1640 0.0785 0.4885 
          40  1 0.1192 0.1569 0.2019 0.2321 0.1662 0.1238 
          41  1 0.0743 0.0817 0.0871 0.0952 0.0793 0.5824 
          42  1 0.1042 0.1327 0.1246 0.1661 0.1346 0.3379 
          43  1 0.0617 0.0632 0.0603 0.0623 0.0569 0.6957 
          44  1 0.0886 0.1208 0.1399 0.1522 0.1233 0.3753 
          45  1 0.0535 0.0497 0.0649 0.0657 0.0589 0.7073 
          46  1 0.0538 0.0547 0.0753 0.0685 0.0515 0.6962 
          47  1 0.0996 0.0918 0.1388 0.1344 0.1040 0.4313 
          48  1 0.0635 0.0544 0.0759 0.0655 0.0581 0.6826 
          49  1 0.0591 0.0638 0.0810 0.1006 0.0680 0.6275 
          50  1 0.1165 0.1330 0.2269 0.2349 0.1294 0.1593 
          51  1 0.0554 0.0782 0.0958 0.1230 0.0816 0.5660 
          52  1 0.0630 0.0754 0.1255 0.1355 0.0818 0.5189 
          53  1 0.0799 0.0906 0.1335 0.1541 0.0916 0.4503 
          54  1 0.0386 0.0460 0.0635 0.0694 0.0515 0.7311 
          55  1 0.2589 0.1999 0.1574 0.1327 0.1713 0.0798 
          56  1 0.1328 0.1491 0.1914 0.2342 0.1686 0.1239 
          57  1 0.1968 0.1819 0.2207 0.1754 0.1604 0.0648 
          58  1 0.1713 0.2046 0.2263 0.1648 0.1748 0.0583 
          59  1 0.1227 0.1351 0.2379 0.2953 0.1306 0.0784 
          60  1 0.3259 0.1925 0.1647 0.1083 0.1634 0.0453 
          61  1 0.3474 0.2019 0.1649 0.1044 0.1474 0.0339 
          62  1 0.1327 0.1771 0.1796 0.2653 0.2002 0.0453 
          63  1 0.1275 0.1563 0.2376 0.2639 0.1618 0.0529 
          64  1 0.1923 0.1988 0.1684 0.1750 0.1971 0.0684 
          65  1 0.1127 0.1639 0.2400 0.2261 0.1852 0.0722 
          66  1 0.1937 0.1844 0.1760 0.1558 0.1832 0.1070 
          67  1 0.1779 0.1751 0.2223 0.2039 0.1848 0.0361 
          68  1 0.1397 0.1854 0.1802 0.2319 0.2187 0.0441 
          69  1 0.2201 0.2226 0.1675 0.1416 0.2140 0.0342 
          70  1 0.2904 0.2046 0.1612 0.1243 0.1756 0.0440 
          71  1 0.1561 0.1863 0.1757 0.1920 0.2168 0.0730 
          72  1 0.3832 0.1922 0.1582 0.0875 0.1474 0.0315 
          73  1 0.0689 0.0683 0.0873 0.0910 0.0778 0.6067 
          74  1 0.1506 0.2239 0.1387 0.1930 0.2519 0.0419 
          75  1 0.4018 0.1948 0.1546 0.0800 0.1423 0.0264 
          76  1 0.0835 0.1184 0.1600 0.1686 0.1317 0.3378 
          77  1 0.1523 0.2256 0.1482 0.1892 0.2479 0.0367 
          78  1 0.2390 0.1946 0.1653 0.1607 0.1882 0.0522 
          79  1 0.2620 0.1740 0.1749 0.1517 0.1505 0.0869 
          80  1 0.1451 0.0987 0.1003 0.0747 0.0853 0.4958 
          81  1 0.1870 0.1746 0.1770 0.1674 0.1717 0.1224 
          82  1 0.1610 0.1648 0.1770 0.1880 0.1782 0.1311 
          83  1 0.2658 0.2269 0.1232 0.1311 0.2161 0.0368 
          84  1 0.3531 0.1870 0.1573 0.0938 0.1449 0.0639 
          85  1 0.1473 0.1778 0.2109 0.1622 0.1894 0.1124 
          86  1 0.0927 0.1065 0.2005 0.2248 0.1172 0.2584 
          87  1 0.1661 0.1729 0.2267 0.2122 0.1839 0.0381 
          88  1 0.1994 0.1854 0.2006 0.1831 0.1964 0.0351 
          89  1 0.1705 0.1892 0.2131 0.1762 0.1920 0.0589 
          90  1 0.1519 0.1881 0.2039 0.1796 0.2294 0.0472 
          91  1 0.1305 0.1513 0.2267 0.2055 0.1603 0.1259 
          92  1 0.1687 0.2736 0.0865 0.1519 0.2831 0.0361 
          93  1 0.1253 0.1001 0.0955 0.0903 0.0985 0.4903 
          94  1 0.1549 0.1701 0.2091 0.2289 0.1805 0.0564 
          95  1 0.1182 0.1549 0.1935 0.1857 0.1750 0.1727 
          96  1 0.2069 0.2405 0.0938 0.1597 0.2523 0.0468 
          97  1 0.1305 0.1075 0.1191 0.1175 0.1041 0.4214 
          98  1 0.1505 0.1815 0.1915 0.2166 0.1868 0.0731 
          99  1 0.1692 0.2597 0.0722 0.1641 0.3097 0.0249 
         100  1 0.1385 0.1904 0.2166 0.2132 0.1799 0.0614 
         101  1 0.3414 0.1856 0.1641 0.1096 0.1438 0.0556 
         102  1 0.1937 0.1771 0.2067 0.2010 0.1716 0.0500 
         103  1 0.1674 0.1774 0.2147 0.1847 0.1652 0.0906 
         104  1 0.2777 0.2359 0.1101 0.1135 0.2339 0.0289 
         105  1 0.1285 0.1315 0.1764 0.1691 0.1539 0.2405 
         106  1 0.1333 0.1602 0.2016 0.2135 0.1970 0.0945 
         107  1 0.1807 0.1334 0.1853 0.1707 0.1271 0.2028 
         108  1 0.1515 0.2040 0.1859 0.2067 0.2146 0.0373 
         109  1 0.1624 0.2219 0.1225 0.1770 0.2247 0.0914 
         110  1 0.0620 0.0719 0.1014 0.0982 0.0676 0.5989 
         111  1 0.2272 0.1877 0.1878 0.1581 0.1741 0.0652 
         112  1 0.2390 0.1932 0.1908 0.1394 0.1857 0.0520 
         113  1 0.2228 0.2083 0.1233 0.1562 0.2439 0.0453 
         114  1 0.2438 0.1938 0.1967 0.1377 0.1914 0.0367 
         115  1 0.0484 0.0494 0.0926 0.0997 0.0605 0.6493 
         116  1 0.2798 0.1942 0.1550 0.1319 0.1833 0.0558 
         117  1 0.1776 0.2555 0.0673 0.1682 0.3114 0.0201 
         118  1 0.2380 0.1756 0.2143 0.1855 0.1461 0.0405 
         119  1 0.0997 0.0827 0.1002 0.0939 0.0831 0.5405 
         120  1 0.2779 0.1928 0.1543 0.1397 0.1754 0.0599 
         121  1 0.2591 0.1856 0.1735 0.1584 0.1813 0.0420 
         122  1 0.0737 0.0756 0.0896 0.0901 0.0775 0.5936 
         123  1 0.1382 0.2033 0.2184 0.2010 0.1760 0.0631 
         124  1 0.1291 0.1398 0.1919 0.2057 0.1368 0.1968 
         125  1 0.1148 0.1695 0.2342 0.2689 0.1597 0.0530 
         126  1 0.2339 0.2102 0.1558 0.1578 0.1909 0.0515 
         127  1 0.2135 0.1828 0.1908 0.1618 0.1879 0.0632 
         128  1 0.2730 0.2015 0.1809 0.1307 0.1694 0.0445 
         129  1 0.1764 0.2523 0.1253 0.1606 0.2534 0.0320 
         130  1 0.1705 0.1651 0.2182 0.2041 0.1721 0.0700 
         131  1 0.0887 0.1123 0.1043 0.1133 0.0965 0.4849 
         132  1 0.1706 0.2441 0.1070 0.1703 0.2775 0.0305 
         133  1 0.0711 0.1082 0.1472 0.1303 0.1154 0.4278 
         134  1 0.2477 0.2154 0.1391 0.1469 0.2081 0.0429 
         135  1 0.1572 0.1830 0.2129 0.2411 0.1687 0.0371 
         136  1 0.3489 0.1926 0.1611 0.0990 0.1544 0.0440 
         137  1 0.1849 0.2285 0.1411 0.1578 0.2230 0.0647 
         138  1 0.1156 0.1455 0.1913 0.1444 0.1587 0.2444 
         139  1 0.1097 0.1070 0.1435 0.1718 0.0996 0.3684 
         140  1 0.2538 0.2148 0.1520 0.1437 0.1970 0.0388 
         141  1 0.1409 0.1348 0.1702 0.1723 0.1482 0.2336 
         142  1 0.1361 0.1023 0.1332 0.1272 0.0939 0.4073 
         143  1 0.2625 0.1922 0.1816 0.1337 0.1795 0.0504 
         144  1 0.2469 0.1315 0.1245 0.0821 0.1126 0.3025 
         145  1 0.1457 0.2174 0.1924 0.1826 0.2146 0.0473 
         146  1 0.1788 0.2388 0.1060 0.1648 0.2809 0.0307 
         147  1 0.1107 0.1918 0.2289 0.1805 0.1996 0.0885 
         148  1 0.1617 0.2226 0.1621 0.1789 0.2134 0.0612 
         149  1 0.1773 0.1876 0.2103 0.2057 0.1703 0.0488 
         150  1 0.1230 0.1624 0.2253 0.2851 0.1704 0.0338 
         151  1 0.3192 0.1931 0.1614 0.1156 0.1689 0.0417 
         152  1 0.1846 0.2008 0.1906 0.1896 0.1982 0.0363 
         153  1 0.1607 0.1838 0.2011 0.2052 0.1981 0.0511 
         154  1 0.2895 0.2111 0.1500 0.1173 0.1871 0.0449 
         155  1 0.2821 0.1941 0.1821 0.1266 0.1698 0.0454 
         156  1 0.2047 0.2158 0.1764 0.1573 0.1905 0.0553 
         157  1 0.1927 0.2126 0.1330 0.1761 0.2409 0.0448 
         158  1 0.1836 0.1760 0.2120 0.1985 0.1676 0.0622 
         159  1 0.1136 0.1611 0.1948 0.1812 0.1608 0.1885 
         160  1 0.2388 0.2001 0.1966 0.1347 0.1645 0.0653 
         161  1 0.1079 0.1491 0.2315 0.2216 0.1509 0.1390 
         162  1 0.3452 0.1802 0.1728 0.1153 0.1513 0.0352 
         163  1 0.1842 0.1604 0.2224 0.2284 0.1609 0.0436 
         164  1 0.2586 0.1747 0.1923 0.1665 0.1405 0.0674 
         165  1 0.1362 0.1249 0.1460 0.1488 0.1098 0.3343 
         166  1 0.1419 0.1802 0.1871 0.2401 0.1909 0.0598 
         167  1 0.1705 0.2021 0.1708 0.1888 0.2033 0.0644 
         168  1 0.1754 0.1762 0.2325 0.2102 0.1710 0.0347 
         169  1 0.1281 0.1886 0.2334 0.1865 0.1637 0.0996 
         170  1 0.1110 0.0906 0.1182 0.1056 0.0896 0.4849 
         171  1 0.1970 0.1692 0.1610 0.1698 0.1751 0.1279 
         172  1 0.2358 0.1635 0.2061 0.1791 0.1626 0.0530 
         173  1 0.1811 0.1925 0.1760 0.1680 0.2086 0.0738 
         174  1 0.1857 0.1934 0.2005 0.1742 0.1755 0.0707 
         175  1 0.2027 0.1836 0.1963 0.1996 0.1795 0.0383 
         176  1 0.1701 0.2336 0.1575 0.1715 0.2359 0.0314 
         177  1 0.1410 0.1723 0.2356 0.2092 0.1502 0.0918 
         178  1 0.2185 0.2005 0.1925 0.1623 0.1742 0.0521 
         179  1 0.1385 0.1488 0.2078 0.2532 0.2140 0.0377 
         180  1 0.1201 0.1842 0.2187 0.1820 0.1686 0.1264 
         181  1 0.1317 0.1883 0.2228 0.2242 0.1895 0.0434 
         182  1 0.1581 0.1845 0.2007 0.1791 0.2359 0.0417 
         183  1 0.1642 0.2318 0.1191 0.1756 0.2653 0.0439 
         184  1 0.1850 0.2357 0.1382 0.1607 0.2418 0.0386 
         185  1 0.1715 0.2126 0.1798 0.1783 0.2265 0.0313 
         186  1 0.3579 0.1934 0.1623 0.1059 0.1431 0.0373 
         187  1 0.1945 0.1700 0.2116 0.1802 0.1628 0.0808 
         188  1 0.1248 0.1953 0.2157 0.1812 0.2068 0.0762 
         189  1 0.1663 0.1960 0.2337 0.1665 0.1846 0.0528 
         190  1 0.3847 0.1819 0.1565 0.0864 0.1350 0.0555 
         191  1 0.1320 0.2175 0.1717 0.1942 0.2194 0.0652 
         192  1 0.1882 0.1988 0.2118 0.1776 0.1691 0.0544 
         193  1 0.3242 0.1939 0.1705 0.1078 0.1620 0.0415 
         194  1 0.3448 0.2119 0.1419 0.0840 0.1770 0.0404 
         195  1 0.0822 0.1165 0.1730 0.1834 0.1349 0.3100 
         196  1 0.1943 0.1562 0.2140 0.2232 0.1503 0.0620 
         197  1 0.1819 0.1761 0.2030 0.1770 0.1658 0.0962 
         198  1 0.1473 0.2464 0.1261 0.1728 0.2437 0.0638 
         199  1 0.2230 0.2125 0.1631 0.1659 0.2024 0.0331 
         200  1 0.1425 0.1804 0.2013 0.2505 0.1741 0.0512 
         201  1 0.2829 0.2362 0.1080 0.1141 0.2320 0.0267 
         202  1 0.3234 0.1989 0.1543 0.1209 0.1623 0.0402 
         203  1 0.1685 0.2158 0.1452 0.2026 0.2250 0.0429 
         204  1 0.1740 0.2485 0.0955 0.1770 0.2740 0.0310 
         205  1 0.0344 0.0269 0.0459 0.0415 0.0378 0.8134 
