           1  1 0.1115 0.0852 0.0978 0.1110 0.0947 0.1126 0.0969 0.1149 0.0838 0.0917 
           2  1 0.1209 0.0980 0.0837 0.1287 0.0787 0.1059 0.0905 0.1139 0.0876 0.0920 
           3  1 0.1123 0.0850 0.0896 0.1275 0.0897 0.0977 0.0878 0.1303 0.0799 0.1001 
           4  1 0.0941 0.1253 0.0982 0.0972 0.1018 0.0987 0.0987 0.0882 0.0896 0.1081 
           5  1 0.1037 0.1053 0.0940 0.0864 0.0887 0.1276 0.1061 0.0942 0.1032 0.0908 
           6  1 0.0674 0.1078 0.1121 0.0605 0.1023 0.0643 0.1258 0.0583 0.1807 0.1208 
           7  1 0.1137 0.0865 0.0932 0.1108 0.0875 0.1090 0.0980 0.1133 0.0919 0.0961 
           8  1 0.0935 0.1033 0.0931 0.0919 0.0998 0.1065 0.1005 0.0916 0.0939 0.1259 
           9  1 0.0903 0.1526 0.1196 0.0853 0.1193 0.0898 0.0798 0.0735 0.0903 0.0997 
          10  1 0.1046 0.0977 0.0958 0.1298 0.0953 0.0780 0.0909 0.1164 0.0926 0.0987 
          11  1 0.0947 0.1065 0.0912 0.1084 0.0940 0.0846 0.0990 0.1033 0.1081 0.1101 
          12  1 0.0984 0.0885 0.1002 0.0817 0.1003 0.1292 0.1108 0.0900 0.1125 0.0884 
          13  1 0.0993 0.0941 0.0977 0.0977 0.0913 0.1227 0.1108 0.0982 0.0897 0.0984 
          14  1 0.1038 0.1092 0.0968 0.0951 0.0861 0.1253 0.0953 0.0976 0.0859 0.1049 
          15  1 0.0991 0.1025 0.1094 0.0819 0.0807 0.1587 0.1173 0.0782 0.0853 0.0869 
          16  1 0.0949 0.1028 0.1028 0.1044 0.0994 0.0792 0.0944 0.1020 0.1160 0.1040 
          17  1 0.1031 0.1344 0.1051 0.0970 0.1017 0.0880 0.0867 0.0954 0.0920 0.0967 
          18  1 0.1079 0.1124 0.0936 0.1106 0.0953 0.0949 0.0897 0.1037 0.0875 0.1044 
          19  1 0.1188 0.0801 0.0922 0.1190 0.0954 0.1033 0.0854 0.1169 0.0832 0.1057 
          20  1 0.0984 0.1026 0.0953 0.0935 0.1021 0.1244 0.0984 0.0902 0.0918 0.1033 
          21  1 0.0802 0.0940 0.1308 0.0636 0.0829 0.1421 0.1436 0.0780 0.1043 0.0805 
          22  1 0.0804 0.0890 0.1006 0.0961 0.0881 0.0607 0.1230 0.0978 0.1660 0.0983 
          23  1 0.0500 0.1106 0.1232 0.0418 0.1142 0.0481 0.1474 0.0415 0.1979 0.1252 
          24  1 0.1006 0.0896 0.0972 0.1050 0.1102 0.0991 0.0947 0.1070 0.0947 0.1019 
          25  1 0.1180 0.0907 0.0884 0.1452 0.0849 0.0930 0.0773 0.1297 0.0858 0.0870 
          26  1 0.0977 0.0906 0.0946 0.0990 0.0926 0.0989 0.1054 0.1023 0.1216 0.0974 
          27  1 0.0664 0.0983 0.1122 0.0690 0.0987 0.0608 0.1262 0.0694 0.1771 0.1221 
          28  1 0.1027 0.0923 0.0919 0.1102 0.1012 0.0892 0.1117 0.1097 0.1041 0.0869 
          29  1 0.0845 0.0803 0.0897 0.0961 0.1255 0.0868 0.0977 0.1076 0.1244 0.1073 
          30  1 0.0858 0.0888 0.0916 0.0906 0.1011 0.0777 0.1154 0.0865 0.1634 0.0991 
          31  1 0.0689 0.1041 0.0918 0.0777 0.0847 0.0638 0.1387 0.0775 0.1935 0.0993 
          32  1 0.0632 0.0743 0.1455 0.0535 0.1758 0.1070 0.1193 0.0532 0.1030 0.1053 
          33  1 0.1095 0.1027 0.0873 0.1068 0.0824 0.0946 0.1082 0.1018 0.0994 0.1073 
          34  1 0.0835 0.0996 0.0893 0.0880 0.0907 0.0737 0.1100 0.0935 0.1736 0.0982 
          35  1 0.1115 0.0883 0.0965 0.1307 0.0897 0.0731 0.0871 0.1308 0.0921 0.1002 
          36  1 0.0748 0.0768 0.1443 0.0705 0.1412 0.1056 0.1184 0.0715 0.0969 0.0999 
          37  1 0.0738 0.0998 0.1028 0.0865 0.0843 0.0535 0.1164 0.0814 0.1935 0.1080 
          38  1 0.0927 0.1036 0.0854 0.0966 0.0800 0.0788 0.1172 0.1098 0.1452 0.0907 
          39  1 0.1125 0.0838 0.0863 0.1246 0.0851 0.0678 0.0954 0.1238 0.1306 0.0900 
          40  1 0.1101 0.0950 0.0853 0.1221 0.0808 0.0908 0.0997 0.1165 0.0983 0.1014 
          41  1 0.0919 0.0837 0.0965 0.0969 0.0904 0.0909 0.1243 0.0944 0.1392 0.0917 
          42  1 0.0996 0.0812 0.1088 0.1008 0.0879 0.1063 0.1177 0.1077 0.1097 0.0803 
          43  1 0.0807 0.0868 0.0910 0.0798 0.1045 0.0768 0.1204 0.0820 0.1767 0.1013 
          44  1 0.1041 0.0901 0.0939 0.1070 0.0987 0.0873 0.1229 0.1068 0.1103 0.0789 
          45  1 0.0674 0.1058 0.0982 0.0694 0.1001 0.0639 0.1339 0.0707 0.1878 0.1028 
          46  1 0.0803 0.0984 0.1051 0.0811 0.1023 0.0724 0.1146 0.0802 0.1479 0.1176 
          47  1 0.0943 0.0974 0.1028 0.1029 0.1033 0.0749 0.0996 0.0985 0.1263 0.0998 
          48  1 0.0824 0.0998 0.0944 0.0865 0.1052 0.0737 0.1209 0.0818 0.1504 0.1049 
          49  1 0.0913 0.0975 0.0840 0.1016 0.0894 0.0792 0.1153 0.1051 0.1398 0.0968 
          50  1 0.1153 0.0922 0.0832 0.1336 0.0891 0.0879 0.0891 0.1304 0.0897 0.0895 
          51  1 0.0967 0.0926 0.0936 0.1103 0.0865 0.0780 0.1098 0.1068 0.1330 0.0927 
          52  1 0.0948 0.0925 0.0876 0.1200 0.0863 0.0743 0.1019 0.1083 0.1402 0.0941 
          53  1 0.1076 0.0893 0.0833 0.1194 0.0852 0.0781 0.1019 0.1191 0.1192 0.0970 
          54  1 0.0692 0.0947 0.1021 0.0804 0.0877 0.0578 0.1316 0.0821 0.1908 0.1037 
          55  1 0.0931 0.1282 0.1067 0.0821 0.1064 0.1116 0.1001 0.0806 0.0877 0.1034 
          56  1 0.1203 0.0918 0.0868 0.1251 0.0836 0.0934 0.0907 0.1284 0.0897 0.0901 
          57  1 0.1104 0.1005 0.0840 0.1108 0.1010 0.1064 0.0879 0.1112 0.0831 0.1047 
          58  1 0.1094 0.0958 0.0825 0.1089 0.0969 0.1115 0.0797 0.1043 0.0879 0.1231 
          59  1 0.1128 0.0852 0.0839 0.1458 0.0859 0.0744 0.0879 0.1560 0.0881 0.0801 
          60  1 0.1013 0.1287 0.1009 0.0888 0.1027 0.1119 0.0871 0.0829 0.0887 0.1070 
          61  1 0.0932 0.1663 0.1260 0.0671 0.1241 0.0875 0.0730 0.0732 0.0914 0.0979 
          62  1 0.1181 0.0824 0.1019 0.1212 0.0747 0.1111 0.1051 0.1257 0.0810 0.0788 
          63  1 0.1206 0.0848 0.0883 0.1444 0.0860 0.0822 0.0858 0.1464 0.0770 0.0846 
          64  1 0.0998 0.0927 0.1064 0.0953 0.1042 0.1196 0.0945 0.0979 0.0911 0.0986 
          65  1 0.1089 0.0978 0.0911 0.1287 0.0866 0.0859 0.0867 0.1281 0.0877 0.0986 
          66  1 0.0947 0.1049 0.1022 0.0957 0.1101 0.0944 0.1032 0.0934 0.0971 0.1044 
          67  1 0.1137 0.1001 0.0931 0.1176 0.0905 0.0958 0.0830 0.1125 0.0804 0.1134 
          68  1 0.1089 0.0902 0.0984 0.1103 0.0776 0.1239 0.1056 0.1149 0.0918 0.0783 
          69  1 0.1006 0.1117 0.0943 0.0894 0.1002 0.1200 0.1000 0.0858 0.0888 0.1093 
          70  1 0.0963 0.1024 0.1023 0.0846 0.1273 0.1165 0.0975 0.0850 0.0857 0.1023 
          71  1 0.1005 0.0903 0.1028 0.0980 0.0958 0.1161 0.1109 0.1038 0.0943 0.0875 
          72  1 0.0932 0.1757 0.1152 0.0682 0.1257 0.0897 0.0709 0.0680 0.0891 0.1044 
          73  1 0.0917 0.0979 0.0980 0.0866 0.0924 0.0689 0.1159 0.0870 0.1568 0.1049 
          74  1 0.1084 0.0791 0.0941 0.1051 0.0802 0.1250 0.1022 0.1185 0.1038 0.0836 
          75  1 0.0917 0.1733 0.1150 0.0708 0.1216 0.0926 0.0806 0.0666 0.0892 0.0986 
          76  1 0.0928 0.0912 0.1028 0.0993 0.0937 0.0780 0.1168 0.0953 0.1297 0.1003 
          77  1 0.1007 0.0800 0.1060 0.1033 0.0758 0.1288 0.1104 0.1082 0.0979 0.0890 
          78  1 0.0888 0.0882 0.1165 0.0841 0.1395 0.1120 0.0931 0.0840 0.0909 0.1029 
          79  1 0.1102 0.1130 0.0939 0.1076 0.1055 0.0992 0.0824 0.1039 0.0899 0.0945 
          80  1 0.0749 0.0963 0.1032 0.0738 0.1460 0.0960 0.1038 0.0718 0.1240 0.1102 
          81  1 0.1018 0.1097 0.0939 0.0991 0.1049 0.0989 0.0958 0.1023 0.0956 0.0981 
          82  1 0.0972 0.0862 0.1039 0.1055 0.1106 0.0982 0.0944 0.1061 0.0966 0.1012 
          83  1 0.0773 0.0812 0.1388 0.0674 0.1415 0.1216 0.1236 0.0729 0.0862 0.0894 
          84  1 0.0850 0.1378 0.1149 0.0751 0.1329 0.0940 0.0856 0.0705 0.0969 0.1074 
          85  1 0.0770 0.1127 0.1067 0.0819 0.1245 0.0851 0.1168 0.0779 0.1050 0.1125 
          86  1 0.1002 0.0851 0.0976 0.1300 0.0798 0.0730 0.0923 0.1293 0.1172 0.0955 
          87  1 0.1120 0.0975 0.0940 0.1230 0.0854 0.0959 0.0961 0.1206 0.0780 0.0974 
          88  1 0.1116 0.0974 0.0978 0.1140 0.0984 0.0969 0.0903 0.1182 0.0860 0.0893 
          89  1 0.1104 0.0959 0.0887 0.1162 0.0913 0.1000 0.0946 0.1142 0.0853 0.1035 
          90  1 0.1002 0.1034 0.0837 0.0992 0.1055 0.1090 0.1059 0.1032 0.0924 0.0975 
          91  1 0.1072 0.0968 0.0880 0.1233 0.0826 0.0886 0.0922 0.1108 0.1057 0.1049 
          92  1 0.0824 0.0829 0.1421 0.0527 0.0782 0.1677 0.1597 0.0635 0.0925 0.0783 
          93  1 0.0885 0.0896 0.1086 0.0809 0.1281 0.0961 0.1027 0.0861 0.1124 0.1071 
          94  1 0.1111 0.0944 0.0899 0.1243 0.0884 0.0924 0.0920 0.1238 0.0853 0.0982 
          95  1 0.1016 0.1066 0.0890 0.1055 0.0883 0.0843 0.1086 0.1043 0.1084 0.1035 
          96  1 0.0833 0.0917 0.1309 0.0658 0.0937 0.1373 0.1363 0.0733 0.1036 0.0841 
          97  1 0.0847 0.0884 0.1159 0.0841 0.1350 0.0999 0.1027 0.0874 0.1026 0.0993 
          98  1 0.1129 0.0907 0.0968 0.1205 0.0923 0.1054 0.0901 0.1179 0.0894 0.0840 
          99  1 0.0872 0.0788 0.1364 0.0496 0.0625 0.1861 0.1589 0.0666 0.0965 0.0773 
         100  1 0.1149 0.0889 0.0892 0.1247 0.0876 0.1010 0.0835 0.1224 0.0812 0.1064 
         101  1 0.0868 0.1348 0.1172 0.0804 0.1321 0.0952 0.0805 0.0804 0.0883 0.1043 
         102  1 0.1124 0.1142 0.0958 0.1129 0.0904 0.0955 0.0853 0.1102 0.0857 0.0976 
         103  1 0.1013 0.1092 0.0958 0.1147 0.0993 0.0881 0.0884 0.1033 0.0833 0.1168 
         104  1 0.0757 0.0793 0.1422 0.0519 0.1655 0.1218 0.1227 0.0604 0.0806 0.1000 
         105  1 0.0960 0.0884 0.1106 0.0998 0.1206 0.1018 0.0884 0.0974 0.0943 0.1027 
         106  1 0.1121 0.0827 0.1030 0.1173 0.0868 0.1212 0.0952 0.1120 0.0773 0.0923 
         107  1 0.1140 0.0990 0.0942 0.1215 0.0993 0.0846 0.0866 0.1156 0.0968 0.0886 
         108  1 0.1200 0.0864 0.0988 0.1013 0.0872 0.1231 0.0946 0.1026 0.0804 0.1057 
         109  1 0.0951 0.0806 0.1195 0.0842 0.0922 0.1269 0.1261 0.0952 0.0960 0.0840 
         110  1 0.0949 0.0852 0.0941 0.1031 0.1020 0.0831 0.1070 0.0999 0.1284 0.1023 
         111  1 0.1020 0.1162 0.0935 0.1068 0.1036 0.0958 0.0888 0.0960 0.0918 0.1054 
         112  1 0.1002 0.0955 0.0927 0.1026 0.1050 0.1156 0.0873 0.0962 0.0847 0.1201 
         113  1 0.0895 0.0923 0.1360 0.0697 0.1054 0.1340 0.1196 0.0712 0.0813 0.1010 
         114  1 0.0987 0.0912 0.0869 0.1006 0.1052 0.1233 0.0964 0.1020 0.0862 0.1094 
         115  1 0.0835 0.0928 0.0838 0.1060 0.0789 0.0706 0.1089 0.1067 0.1738 0.0949 
         116  1 0.1012 0.1046 0.0995 0.0921 0.1065 0.1125 0.0855 0.0963 0.0926 0.1092 
         117  1 0.0871 0.0826 0.1440 0.0479 0.0610 0.1875 0.1573 0.0572 0.0941 0.0813 
         118  1 0.1076 0.1081 0.0985 0.1145 0.1008 0.0863 0.0850 0.1100 0.0818 0.1074 
         119  1 0.0906 0.0920 0.0935 0.0944 0.1031 0.0881 0.1046 0.0930 0.1411 0.0995 
         120  1 0.0949 0.1222 0.1191 0.0740 0.1108 0.1133 0.1035 0.0710 0.0887 0.1025 
         121  1 0.0976 0.0933 0.1061 0.0844 0.1316 0.1080 0.0877 0.0948 0.0915 0.1051 
         122  1 0.0878 0.0959 0.0935 0.0948 0.1072 0.0858 0.1121 0.0928 0.1307 0.0994 
         123  1 0.1058 0.0979 0.1010 0.1031 0.0927 0.1017 0.1066 0.1100 0.0867 0.0945 
         124  1 0.1100 0.1018 0.0836 0.1189 0.0872 0.0820 0.1016 0.1173 0.1056 0.0920 
         125  1 0.1235 0.0864 0.0798 0.1498 0.0830 0.0883 0.0745 0.1454 0.0811 0.0882 
         126  1 0.0966 0.1013 0.0974 0.0976 0.1066 0.1111 0.0983 0.0935 0.0943 0.1034 
         127  1 0.0903 0.0974 0.1081 0.0954 0.1216 0.1068 0.1001 0.0862 0.0880 0.1061 
         128  1 0.1071 0.1179 0.0879 0.1065 0.0952 0.1119 0.0794 0.0997 0.0834 0.1110 
         129  1 0.0950 0.0932 0.1203 0.0663 0.0764 0.1714 0.1249 0.0725 0.0795 0.1005 
         130  1 0.1162 0.0928 0.0812 0.1141 0.0968 0.0997 0.0941 0.1100 0.0947 0.1004 
         131  1 0.0725 0.0794 0.1298 0.0774 0.1462 0.1016 0.1106 0.0772 0.1017 0.1036 
         132  1 0.1014 0.0843 0.1144 0.0709 0.0683 0.1614 0.1350 0.0758 0.0961 0.0924 
         133  1 0.0871 0.0961 0.1056 0.0878 0.0814 0.0647 0.1180 0.0894 0.1500 0.1199 
         134  1 0.0957 0.0826 0.1249 0.0813 0.1490 0.1116 0.0878 0.0825 0.0833 0.1012 
         135  1 0.1109 0.0848 0.0913 0.1239 0.0913 0.1019 0.0971 0.1305 0.0792 0.0891 
         136  1 0.0931 0.1425 0.1133 0.0760 0.1318 0.0934 0.0834 0.0697 0.0914 0.1053 
         137  1 0.0972 0.0901 0.1135 0.0853 0.0990 0.1264 0.1143 0.0861 0.0928 0.0955 
         138  1 0.0786 0.1139 0.1091 0.0794 0.1141 0.0835 0.1204 0.0771 0.1130 0.1110 
         139  1 0.1057 0.0868 0.0886 0.1154 0.1072 0.0847 0.0935 0.1179 0.1020 0.0982 
         140  1 0.0922 0.1050 0.1135 0.0857 0.1028 0.1174 0.1106 0.0829 0.0946 0.0951 
         141  1 0.0982 0.0935 0.0932 0.0954 0.1049 0.1046 0.0963 0.0931 0.1119 0.1089 
         142  1 0.0995 0.0975 0.0915 0.1064 0.1135 0.0905 0.0888 0.1020 0.1127 0.0976 
         143  1 0.0996 0.1176 0.0938 0.0897 0.1135 0.1063 0.0860 0.0907 0.0892 0.1137 
         144  1 0.0810 0.1047 0.1147 0.0713 0.1624 0.0991 0.0930 0.0682 0.0990 0.1068 
         145  1 0.1003 0.0960 0.1041 0.0933 0.0837 0.1218 0.1117 0.0973 0.0862 0.1056 
         146  1 0.1011 0.0845 0.1293 0.0623 0.0784 0.1716 0.1304 0.0695 0.0757 0.0972 
         147  1 0.1037 0.1045 0.0946 0.1038 0.0832 0.0950 0.1014 0.1017 0.0933 0.1187 
         148  1 0.1041 0.0873 0.1068 0.0859 0.0896 0.1254 0.1140 0.0884 0.1008 0.0978 
         149  1 0.1237 0.0975 0.0843 0.1179 0.0848 0.1005 0.0872 0.1178 0.0891 0.0973 
         150  1 0.1134 0.0958 0.0857 0.1447 0.0849 0.0851 0.0852 0.1464 0.0759 0.0828 
         151  1 0.0939 0.1111 0.1058 0.0875 0.1231 0.1029 0.0913 0.0861 0.0939 0.1044 
         152  1 0.0996 0.0862 0.1083 0.1033 0.1161 0.1045 0.0957 0.1045 0.0812 0.1005 
         153  1 0.1133 0.1002 0.0840 0.1168 0.0931 0.0957 0.0913 0.1093 0.0890 0.1073 
         154  1 0.0942 0.1202 0.1015 0.0827 0.1201 0.1045 0.0968 0.0832 0.0988 0.0980 
         155  1 0.1064 0.1297 0.0943 0.0972 0.1048 0.0980 0.0769 0.1015 0.0866 0.1046 
         156  1 0.0999 0.1049 0.0944 0.0927 0.1123 0.1056 0.1015 0.0935 0.0927 0.1025 
         157  1 0.0968 0.0867 0.1045 0.0914 0.1078 0.1206 0.1050 0.0990 0.1025 0.0856 
         158  1 0.1084 0.0936 0.0887 0.1125 0.0974 0.0941 0.0941 0.1160 0.0930 0.1022 
         159  1 0.0982 0.1044 0.0945 0.1049 0.0831 0.0834 0.1028 0.1054 0.1123 0.1108 
         160  1 0.1000 0.1043 0.0888 0.0993 0.1072 0.1149 0.0856 0.0985 0.0856 0.1158 
         161  1 0.1104 0.0938 0.0920 0.1252 0.0783 0.0769 0.0925 0.1235 0.1036 0.1037 
         162  1 0.1002 0.1439 0.1131 0.0916 0.1107 0.0860 0.0780 0.0890 0.0898 0.0977 
         163  1 0.1157 0.0916 0.0891 0.1341 0.0922 0.0779 0.0813 0.1421 0.0834 0.0925 
         164  1 0.1037 0.1228 0.1027 0.1058 0.1076 0.0853 0.0837 0.1020 0.0940 0.0925 
         165  1 0.0931 0.1121 0.0861 0.0897 0.0909 0.0825 0.1190 0.0894 0.1416 0.0956 
         166  1 0.1141 0.0789 0.0837 0.1286 0.0777 0.1044 0.0868 0.1382 0.0932 0.0945 
         167  1 0.0951 0.0978 0.1138 0.0986 0.0956 0.1067 0.1078 0.1014 0.0895 0.0936 
         168  1 0.1149 0.0907 0.0861 0.1208 0.0841 0.1096 0.0752 0.1236 0.0785 0.1165 
         169  1 0.1043 0.0994 0.0932 0.1191 0.0911 0.0903 0.0897 0.1146 0.0869 0.1113 
         170  1 0.0909 0.1038 0.0888 0.0919 0.1179 0.0890 0.1046 0.0881 0.1202 0.1048 
         171  1 0.0977 0.1096 0.0970 0.0926 0.1030 0.1000 0.1073 0.0903 0.1078 0.0948 
         172  1 0.1119 0.1068 0.0930 0.1205 0.0886 0.0858 0.0840 0.1225 0.0883 0.0986 
         173  1 0.1008 0.0979 0.0914 0.0962 0.1078 0.1173 0.1014 0.0961 0.0894 0.1016 
         174  1 0.1085 0.1058 0.0939 0.1021 0.1035 0.1010 0.0941 0.1025 0.0851 0.1035 
         175  1 0.1169 0.0949 0.0882 0.1349 0.0905 0.0982 0.0784 0.1211 0.0834 0.0934 
         176  1 0.1034 0.0900 0.0957 0.0991 0.0962 0.1166 0.1036 0.1068 0.0952 0.0934 
         177  1 0.1094 0.1046 0.0878 0.1275 0.0900 0.0824 0.0820 0.1283 0.0862 0.1018 
         178  1 0.1004 0.1161 0.0895 0.0983 0.1046 0.0971 0.0900 0.1001 0.0962 0.1077 
         179  1 0.1209 0.0915 0.0893 0.1280 0.0729 0.1099 0.0817 0.1285 0.0860 0.0914 
         180  1 0.1070 0.0937 0.0923 0.1027 0.0861 0.0961 0.0993 0.1027 0.0998 0.1203 
         181  1 0.1148 0.0900 0.0917 0.1305 0.0869 0.0912 0.0907 0.1352 0.0768 0.0924 
         182  1 0.1042 0.0978 0.0893 0.1101 0.1052 0.1088 0.0946 0.0983 0.0899 0.1019 
         183  1 0.1051 0.0871 0.1149 0.0808 0.0702 0.1516 0.1260 0.0847 0.0881 0.0915 
         184  1 0.0976 0.0928 0.0960 0.0982 0.0926 0.1178 0.1060 0.0990 0.1118 0.0883 
         185  1 0.1109 0.0827 0.0910 0.1180 0.1016 0.0967 0.0857 0.1250 0.0945 0.0939 
         186  1 0.0962 0.1636 0.1193 0.0703 0.1277 0.0850 0.0729 0.0674 0.0940 0.1035 
         187  1 0.1111 0.1085 0.0974 0.1082 0.1039 0.0895 0.0868 0.1038 0.0920 0.0988 
         188  1 0.0966 0.0981 0.1034 0.1007 0.0928 0.1042 0.1117 0.0957 0.0933 0.1036 
         189  1 0.1007 0.1130 0.0837 0.1101 0.1067 0.0947 0.0956 0.1005 0.0895 0.1055 
         190  1 0.0921 0.1668 0.1269 0.0674 0.1217 0.0883 0.0765 0.0643 0.0991 0.0971 
         191  1 0.1125 0.0843 0.1040 0.0993 0.0909 0.1120 0.1083 0.1025 0.0808 0.1054 
         192  1 0.1014 0.1306 0.0925 0.1039 0.1021 0.0917 0.0895 0.0969 0.0837 0.1077 
         193  1 0.0962 0.1503 0.1077 0.0806 0.1195 0.0964 0.0782 0.0839 0.0861 0.1011 
         194  1 0.0832 0.1519 0.1205 0.0561 0.1308 0.1066 0.0999 0.0586 0.0943 0.0981 
         195  1 0.1101 0.0956 0.0872 0.1234 0.0887 0.0862 0.0982 0.1221 0.1016 0.0868 
         196  1 0.1097 0.0978 0.0867 0.1241 0.1000 0.0888 0.0863 0.1256 0.0879 0.0931 
         197  1 0.1001 0.1175 0.0925 0.1053 0.1034 0.0919 0.0896 0.1037 0.0902 0.1058 
         198  1 0.0914 0.0827 0.1212 0.0709 0.0740 0.1427 0.1383 0.0861 0.1023 0.0902 
         199  1 0.1117 0.1121 0.0928 0.0924 0.0988 0.1078 0.0955 0.0952 0.0879 0.1058 
         200  1 0.1191 0.0871 0.0803 0.1475 0.0825 0.0832 0.0796 0.1422 0.0848 0.0937 
         201  1 0.0773 0.0852 0.1403 0.0458 0.1641 0.1245 0.1324 0.0559 0.0770 0.0976 
         202  1 0.0941 0.1629 0.1219 0.0638 0.1245 0.0940 0.0763 0.0644 0.0929 0.1053 
         203  1 0.1109 0.0795 0.0949 0.1112 0.0865 0.1107 0.0986 0.1238 0.0998 0.0840 
         204  1 0.0914 0.0751 0.1216 0.0786 0.0857 0.1446 0.1311 0.0954 0.1013 0.0752 
         205  1 0.0604 0.1138 0.1119 0.0553 0.1001 0.0499 0.1308 0.0574 0.2036 0.1166 
