           1  1 0.0359 0.2650 0.2215 0.2265 0.2511 
           2  1 0.0418 0.2849 0.2003 0.1730 0.3000 
           3  1 0.0224 0.2741 0.2307 0.1552 0.3176 
           4  1 0.0961 0.1770 0.2628 0.2712 0.1929 
           5  1 0.1982 0.2271 0.1751 0.1468 0.2527 
           6  1 0.7927 0.0531 0.0529 0.0497 0.0516 
           7  1 0.0631 0.2573 0.2153 0.2186 0.2457 
           8  1 0.1305 0.1801 0.2442 0.2508 0.1944 
           9  1 0.0353 0.1312 0.3178 0.4513 0.0645 
          10  1 0.1464 0.2479 0.2301 0.1036 0.2719 
          11  1 0.1593 0.2475 0.1894 0.1011 0.3027 
          12  1 0.0603 0.2502 0.1978 0.2775 0.2142 
          13  1 0.0277 0.2786 0.2173 0.2182 0.2582 
          14  1 0.0441 0.2025 0.2709 0.2862 0.1963 
          15  1 0.0215 0.3001 0.1939 0.1825 0.3020 
          16  1 0.5205 0.1234 0.1197 0.0800 0.1564 
          17  1 0.0575 0.1677 0.2803 0.3516 0.1429 
          18  1 0.0392 0.1782 0.2763 0.3331 0.1732 
          19  1 0.1298 0.2522 0.2018 0.1306 0.2855 
          20  1 0.0335 0.2250 0.2516 0.3018 0.1881 
          21  1 0.0973 0.2632 0.1870 0.2171 0.2352 
          22  1 0.8326 0.0441 0.0433 0.0266 0.0533 
          23  1 0.8153 0.0481 0.0435 0.0304 0.0628 
          24  1 0.3099 0.1794 0.1644 0.1600 0.1862 
          25  1 0.0823 0.2850 0.2273 0.1230 0.2824 
          26  1 0.2434 0.2095 0.1709 0.1911 0.1850 
          27  1 0.7960 0.0538 0.0509 0.0332 0.0660 
          28  1 0.1677 0.2427 0.1924 0.1415 0.2558 
          29  1 0.8071 0.0520 0.0512 0.0383 0.0513 
          30  1 0.6631 0.0850 0.0815 0.0882 0.0821 
          31  1 0.9060 0.0254 0.0243 0.0206 0.0238 
          32  1 0.7062 0.0630 0.0773 0.0991 0.0543 
          33  1 0.1573 0.2203 0.1774 0.1614 0.2835 
          34  1 0.8369 0.0432 0.0397 0.0388 0.0414 
          35  1 0.3169 0.1961 0.1741 0.0825 0.2303 
          36  1 0.6661 0.0886 0.0770 0.0808 0.0875 
          37  1 0.8191 0.0553 0.0412 0.0243 0.0602 
          38  1 0.5787 0.1272 0.0967 0.0753 0.1221 
          39  1 0.5913 0.1271 0.1056 0.0487 0.1273 
          40  1 0.1262 0.2432 0.2085 0.1348 0.2872 
          41  1 0.7091 0.0805 0.0711 0.0618 0.0775 
          42  1 0.4885 0.1611 0.1142 0.0881 0.1481 
          43  1 0.7893 0.0556 0.0506 0.0524 0.0521 
          44  1 0.4869 0.1523 0.1184 0.0831 0.1594 
          45  1 0.8018 0.0557 0.0507 0.0404 0.0514 
          46  1 0.8188 0.0436 0.0446 0.0389 0.0541 
          47  1 0.5137 0.1329 0.1191 0.0894 0.1449 
          48  1 0.7907 0.0525 0.0527 0.0541 0.0500 
          49  1 0.7581 0.0670 0.0600 0.0456 0.0693 
          50  1 0.2433 0.2136 0.2086 0.1027 0.2319 
          51  1 0.7025 0.0862 0.0710 0.0470 0.0933 
          52  1 0.6409 0.1011 0.0944 0.0454 0.1181 
          53  1 0.5499 0.1222 0.1114 0.0811 0.1354 
          54  1 0.8189 0.0505 0.0449 0.0353 0.0504 
          55  1 0.0791 0.1676 0.2644 0.3591 0.1298 
          56  1 0.1311 0.2502 0.1982 0.1617 0.2587 
          57  1 0.0644 0.2199 0.2327 0.2214 0.2617 
          58  1 0.0562 0.2357 0.2475 0.1953 0.2653 
          59  1 0.0958 0.2557 0.2458 0.1107 0.2919 
          60  1 0.0371 0.1384 0.3033 0.4248 0.0964 
          61  1 0.0292 0.1517 0.2969 0.4388 0.0834 
          62  1 0.0420 0.2988 0.2009 0.1587 0.2997 
          63  1 0.0473 0.2757 0.2355 0.1310 0.3105 
          64  1 0.0674 0.2124 0.2404 0.2681 0.2118 
          65  1 0.0739 0.2617 0.2227 0.1258 0.3159 
          66  1 0.1119 0.2100 0.2181 0.2398 0.2201 
          67  1 0.0291 0.2711 0.2210 0.1965 0.2823 
          68  1 0.0396 0.2937 0.1927 0.1777 0.2963 
          69  1 0.0261 0.2113 0.2580 0.3465 0.1581 
          70  1 0.0346 0.1645 0.2827 0.3919 0.1262 
          71  1 0.0823 0.2544 0.1933 0.2161 0.2538 
          72  1 0.0254 0.1204 0.3273 0.4796 0.0473 
          73  1 0.7249 0.0725 0.0680 0.0594 0.0752 
          74  1 0.0390 0.2889 0.1835 0.2146 0.2741 
          75  1 0.0192 0.1209 0.3246 0.4905 0.0448 
          76  1 0.3943 0.1794 0.1348 0.0783 0.2133 
          77  1 0.0309 0.2749 0.1896 0.2256 0.2790 
          78  1 0.0493 0.1855 0.2665 0.3051 0.1935 
          79  1 0.0923 0.1633 0.2721 0.3280 0.1442 
          80  1 0.6472 0.0720 0.1100 0.1156 0.0553 
          81  1 0.1370 0.1946 0.2327 0.2247 0.2110 
          82  1 0.1635 0.2154 0.2104 0.1786 0.2322 
          83  1 0.0314 0.1808 0.2737 0.3854 0.1286 
          84  1 0.0659 0.1294 0.2900 0.4478 0.0669 
          85  1 0.1046 0.2395 0.2234 0.1336 0.2989 
          86  1 0.2901 0.2144 0.1950 0.0811 0.2194 
          87  1 0.0337 0.2476 0.2331 0.1889 0.2967 
          88  1 0.0279 0.2360 0.2372 0.2734 0.2255 
          89  1 0.0558 0.2344 0.2283 0.2149 0.2666 
          90  1 0.0387 0.2578 0.2246 0.1873 0.2915 
          91  1 0.1387 0.2475 0.2062 0.1202 0.2874 
          92  1 0.0317 0.2762 0.1975 0.2816 0.2131 
          93  1 0.6165 0.0892 0.1006 0.1168 0.0768 
          94  1 0.0583 0.2624 0.2261 0.1614 0.2919 
          95  1 0.1937 0.2224 0.1770 0.1309 0.2760 
          96  1 0.0446 0.2482 0.2044 0.3190 0.1837 
          97  1 0.5751 0.0972 0.1128 0.1160 0.0990 
          98  1 0.0812 0.2495 0.2220 0.1995 0.2478 
          99  1 0.0190 0.2881 0.1895 0.2710 0.2323 
         100  1 0.0654 0.2498 0.2156 0.1562 0.3130 
         101  1 0.0550 0.1392 0.2917 0.4292 0.0848 
         102  1 0.0441 0.2273 0.2428 0.2524 0.2334 
         103  1 0.0974 0.2393 0.2240 0.1696 0.2696 
         104  1 0.0242 0.1734 0.2649 0.4202 0.1173 
         105  1 0.3209 0.1852 0.1526 0.1227 0.2186 
         106  1 0.1060 0.2624 0.2110 0.1253 0.2953 
         107  1 0.2789 0.1751 0.1847 0.1833 0.1779 
         108  1 0.0330 0.2722 0.2230 0.2033 0.2685 
         109  1 0.1029 0.2644 0.1810 0.2361 0.2156 
         110  1 0.7496 0.0663 0.0621 0.0489 0.0731 
         111  1 0.0642 0.1927 0.2640 0.2967 0.1824 
         112  1 0.0486 0.2051 0.2596 0.2971 0.1895 
         113  1 0.0384 0.2401 0.2112 0.2999 0.2103 
         114  1 0.0348 0.1893 0.2770 0.3141 0.1848 
         115  1 0.7619 0.0675 0.0583 0.0413 0.0711 
         116  1 0.0533 0.1814 0.2736 0.3631 0.1285 
         117  1 0.0159 0.2955 0.1907 0.2767 0.2212 
         118  1 0.0349 0.2023 0.2727 0.2719 0.2182 
         119  1 0.6671 0.0834 0.0889 0.0958 0.0648 
         120  1 0.0635 0.1815 0.2514 0.3477 0.1560 
         121  1 0.0304 0.1866 0.2694 0.3425 0.1711 
         122  1 0.7139 0.0727 0.0696 0.0707 0.0732 
         123  1 0.0763 0.2519 0.2368 0.1403 0.2948 
         124  1 0.2197 0.2050 0.2024 0.1281 0.2448 
         125  1 0.0602 0.2887 0.2226 0.0970 0.3314 
         126  1 0.0452 0.2042 0.2558 0.3191 0.1756 
         127  1 0.0634 0.2130 0.2616 0.2361 0.2258 
         128  1 0.0389 0.1671 0.2874 0.3620 0.1446 
         129  1 0.0264 0.2584 0.2069 0.2793 0.2290 
         130  1 0.0630 0.2445 0.2372 0.1747 0.2807 
         131  1 0.6254 0.1031 0.0901 0.0812 0.1002 
         132  1 0.0270 0.2699 0.1980 0.2639 0.2412 
         133  1 0.4949 0.1480 0.1171 0.0671 0.1729 
         134  1 0.0405 0.1915 0.2670 0.3488 0.1523 
         135  1 0.0334 0.2891 0.2282 0.1830 0.2664 
         136  1 0.0400 0.1537 0.2888 0.4235 0.0940 
         137  1 0.0655 0.2430 0.2199 0.2661 0.2056 
         138  1 0.2882 0.2019 0.1605 0.0924 0.2570 
         139  1 0.4983 0.1419 0.1356 0.0931 0.1312 
         140  1 0.0360 0.1856 0.2729 0.3506 0.1550 
         141  1 0.2980 0.1918 0.1611 0.1402 0.2089 
         142  1 0.5101 0.1115 0.1336 0.1335 0.1112 
         143  1 0.0440 0.1789 0.2820 0.3221 0.1730 
         144  1 0.4086 0.0863 0.1808 0.2618 0.0625 
         145  1 0.0408 0.2524 0.2166 0.2195 0.2707 
         146  1 0.0251 0.2654 0.1953 0.2789 0.2354 
         147  1 0.0988 0.2463 0.2005 0.1485 0.3059 
         148  1 0.0587 0.2495 0.2123 0.2259 0.2536 
         149  1 0.0445 0.2492 0.2330 0.2243 0.2490 
         150  1 0.0302 0.2771 0.2635 0.1369 0.2924 
         151  1 0.0314 0.1546 0.2937 0.4201 0.1003 
         152  1 0.0311 0.2577 0.2337 0.2377 0.2398 
         153  1 0.0445 0.2362 0.2227 0.2215 0.2751 
         154  1 0.0452 0.1568 0.2905 0.4100 0.0975 
         155  1 0.0393 0.1560 0.3029 0.3919 0.1099 
         156  1 0.0524 0.2023 0.2514 0.2895 0.2044 
         157  1 0.0426 0.2328 0.2308 0.2913 0.2025 
         158  1 0.0615 0.2378 0.2396 0.2173 0.2437 
         159  1 0.2012 0.2078 0.1895 0.1513 0.2503 
         160  1 0.0639 0.1888 0.2826 0.3020 0.1626 
         161  1 0.1445 0.2486 0.1953 0.1176 0.2941 
         162  1 0.0317 0.1523 0.2968 0.4337 0.0855 
         163  1 0.0385 0.2318 0.2626 0.1965 0.2705 
         164  1 0.0667 0.1675 0.2817 0.3633 0.1207 
         165  1 0.3949 0.1458 0.1428 0.1703 0.1461 
         166  1 0.0578 0.2806 0.1940 0.1705 0.2971 
         167  1 0.0673 0.2397 0.2167 0.2038 0.2725 
         168  1 0.0278 0.2475 0.2558 0.2079 0.2610 
         169  1 0.1145 0.2380 0.2146 0.1233 0.3096 
         170  1 0.5928 0.0928 0.1184 0.1104 0.0856 
         171  1 0.1524 0.1773 0.2192 0.2691 0.1820 
         172  1 0.0494 0.1928 0.2640 0.3055 0.1884 
         173  1 0.0750 0.2389 0.2176 0.2169 0.2516 
         174  1 0.0830 0.2285 0.2409 0.2044 0.2432 
         175  1 0.0366 0.2504 0.2192 0.2507 0.2432 
         176  1 0.0250 0.2769 0.2212 0.2294 0.2476 
         177  1 0.1024 0.2277 0.2354 0.1534 0.2810 
         178  1 0.0456 0.1776 0.2703 0.3143 0.1921 
         179  1 0.0307 0.2978 0.2252 0.1514 0.2949 
         180  1 0.1454 0.2343 0.2002 0.1347 0.2854 
         181  1 0.0382 0.3058 0.2027 0.1432 0.3100 
         182  1 0.0327 0.2669 0.2132 0.1848 0.3024 
         183  1 0.0375 0.2814 0.1800 0.2462 0.2550 
         184  1 0.0333 0.2586 0.2206 0.2792 0.2083 
         185  1 0.0264 0.2818 0.2089 0.2482 0.2348 
         186  1 0.0324 0.1476 0.2979 0.4436 0.0785 
         187  1 0.0890 0.2170 0.2360 0.2461 0.2118 
         188  1 0.0710 0.2737 0.2145 0.1500 0.2909 
         189  1 0.0492 0.2379 0.2347 0.1563 0.3219 
         190  1 0.0480 0.1261 0.3078 0.4643 0.0538 
         191  1 0.0652 0.2558 0.1993 0.2004 0.2793 
         192  1 0.0532 0.2118 0.2567 0.2244 0.2540 
         193  1 0.0361 0.1410 0.2996 0.4326 0.0907 
         194  1 0.0351 0.1360 0.2945 0.4685 0.0660 
         195  1 0.4261 0.1678 0.1316 0.0788 0.1958 
         196  1 0.0576 0.2305 0.2314 0.2132 0.2673 
         197  1 0.1045 0.1996 0.2545 0.2373 0.2041 
         198  1 0.0582 0.2842 0.1939 0.2140 0.2497 
         199  1 0.0290 0.2162 0.2480 0.3215 0.1853 
         200  1 0.0537 0.2748 0.1928 0.1823 0.2963 
         201  1 0.0231 0.1767 0.2579 0.4254 0.1169 
         202  1 0.0408 0.1677 0.2755 0.4230 0.0930 
         203  1 0.0383 0.3010 0.1966 0.2158 0.2483 
         204  1 0.0296 0.2911 0.2028 0.2440 0.2325 
         205  1 0.8907 0.0268 0.0287 0.0241 0.0297 
