           1  1 0.1326 0.1660 0.1825 0.1069 0.1603 0.1207 0.1311 
           2  1 0.1007 0.1802 0.1959 0.1167 0.1664 0.0961 0.1439 
           3  1 0.0817 0.2043 0.2128 0.0936 0.1961 0.0892 0.1222 
           4  1 0.1683 0.1544 0.1362 0.1019 0.1466 0.1111 0.1815 
           5  1 0.0987 0.1417 0.1694 0.1597 0.1666 0.1416 0.1223 
           6  1 0.0893 0.0692 0.0640 0.3432 0.0721 0.2908 0.0713 
           7  1 0.1183 0.1604 0.1673 0.1228 0.1645 0.1279 0.1389 
           8  1 0.1484 0.1540 0.1419 0.1123 0.1621 0.1151 0.1661 
           9  1 0.2891 0.0996 0.0780 0.0572 0.1023 0.0828 0.2910 
          10  1 0.0822 0.2060 0.1985 0.0983 0.1820 0.0946 0.1385 
          11  1 0.0739 0.1838 0.1867 0.1436 0.1674 0.1135 0.1311 
          12  1 0.1920 0.0890 0.1109 0.1610 0.1279 0.2173 0.1019 
          13  1 0.1547 0.1413 0.1428 0.1314 0.1502 0.1465 0.1331 
          14  1 0.1627 0.1589 0.1488 0.1040 0.1474 0.1025 0.1757 
          15  1 0.1352 0.1332 0.1704 0.1413 0.1715 0.1426 0.1058 
          16  1 0.0963 0.1358 0.1307 0.2184 0.1270 0.1863 0.1055 
          17  1 0.2097 0.1356 0.1181 0.0770 0.1303 0.0886 0.2407 
          18  1 0.1623 0.1582 0.1532 0.0833 0.1477 0.0910 0.2042 
          19  1 0.0865 0.1980 0.1937 0.1119 0.1846 0.0956 0.1296 
          20  1 0.1839 0.1493 0.1450 0.1110 0.1394 0.1089 0.1625 
          21  1 0.1748 0.0881 0.1128 0.1971 0.1327 0.2143 0.0803 
          22  1 0.0556 0.0917 0.0905 0.3561 0.0683 0.2761 0.0617 
          23  1 0.0692 0.0623 0.0606 0.3648 0.0618 0.3159 0.0653 
          24  1 0.1543 0.1375 0.1406 0.1508 0.1409 0.1469 0.1289 
          25  1 0.0749 0.2086 0.2105 0.0921 0.1965 0.0802 0.1370 
          26  1 0.1324 0.1293 0.1352 0.1695 0.1228 0.1883 0.1225 
          27  1 0.0716 0.0751 0.0812 0.3367 0.0781 0.2884 0.0689 
          28  1 0.0904 0.1678 0.1708 0.1486 0.1637 0.1367 0.1221 
          29  1 0.1282 0.0914 0.0898 0.2842 0.0791 0.2444 0.0829 
          30  1 0.1019 0.0950 0.0959 0.2808 0.0863 0.2484 0.0917 
          31  1 0.0604 0.0528 0.0530 0.3998 0.0461 0.3320 0.0560 
          32  1 0.2213 0.0559 0.0598 0.2695 0.0643 0.2380 0.0914 
          33  1 0.0958 0.1652 0.1711 0.1307 0.1728 0.1310 0.1334 
          34  1 0.0880 0.0696 0.0752 0.3340 0.0669 0.2961 0.0701 
          35  1 0.0718 0.1925 0.1968 0.1323 0.1806 0.1039 0.1221 
          36  1 0.1647 0.0789 0.0910 0.2770 0.0896 0.2315 0.0672 
          37  1 0.0515 0.0859 0.0838 0.3612 0.0630 0.2961 0.0585 
          38  1 0.0737 0.1288 0.1299 0.2292 0.1115 0.2227 0.1042 
          39  1 0.0689 0.1490 0.1558 0.2334 0.1300 0.1746 0.0885 
          40  1 0.0815 0.1717 0.1828 0.1387 0.1678 0.1183 0.1393 
          41  1 0.0942 0.0948 0.0971 0.3003 0.0853 0.2500 0.0782 
          42  1 0.1081 0.1302 0.1399 0.2338 0.1258 0.1773 0.0848 
          43  1 0.0952 0.0660 0.0686 0.3426 0.0696 0.2866 0.0714 
          44  1 0.0804 0.1332 0.1399 0.2408 0.1278 0.1884 0.0895 
          45  1 0.0736 0.0661 0.0716 0.3509 0.0685 0.2963 0.0730 
          46  1 0.1052 0.0805 0.0795 0.3175 0.0807 0.2648 0.0717 
          47  1 0.0934 0.1279 0.1345 0.2084 0.1295 0.2001 0.1062 
          48  1 0.0993 0.0716 0.0724 0.3308 0.0767 0.2607 0.0886 
          49  1 0.0871 0.1033 0.1083 0.2750 0.0907 0.2530 0.0826 
          50  1 0.0844 0.1916 0.1961 0.1073 0.1848 0.0975 0.1383 
          51  1 0.0782 0.1218 0.1273 0.2620 0.1154 0.2153 0.0800 
          52  1 0.0613 0.1301 0.1215 0.2790 0.1098 0.2165 0.0819 
          53  1 0.0857 0.1372 0.1369 0.2191 0.1339 0.1841 0.1031 
          54  1 0.0622 0.0681 0.0709 0.3681 0.0658 0.3022 0.0626 
          55  1 0.2186 0.1101 0.1062 0.1185 0.1161 0.1292 0.2014 
          56  1 0.0936 0.1770 0.1937 0.1220 0.1696 0.1224 0.1217 
          57  1 0.1299 0.1759 0.1650 0.0917 0.1642 0.0950 0.1782 
          58  1 0.1105 0.1805 0.1768 0.0900 0.1767 0.0921 0.1734 
          59  1 0.0651 0.2098 0.2194 0.0874 0.1783 0.0844 0.1556 
          60  1 0.2628 0.1227 0.0963 0.0760 0.1083 0.0893 0.2446 
          61  1 0.3077 0.0840 0.0837 0.0553 0.0884 0.0935 0.2874 
          62  1 0.0931 0.1799 0.2007 0.1171 0.1844 0.1132 0.1116 
          63  1 0.0695 0.2294 0.2229 0.0929 0.1898 0.0810 0.1146 
          64  1 0.1631 0.1447 0.1518 0.1211 0.1477 0.1343 0.1373 
          65  1 0.0728 0.1907 0.1868 0.1021 0.1964 0.0996 0.1517 
          66  1 0.1437 0.1455 0.1387 0.1242 0.1543 0.1288 0.1649 
          67  1 0.1106 0.1774 0.1871 0.0862 0.1901 0.0879 0.1606 
          68  1 0.1173 0.1556 0.1744 0.1305 0.1703 0.1329 0.1190 
          69  1 0.1885 0.1360 0.1241 0.1189 0.1230 0.1315 0.1779 
          70  1 0.2335 0.1259 0.1137 0.0935 0.1147 0.1232 0.1955 
          71  1 0.1243 0.1455 0.1516 0.1513 0.1586 0.1486 0.1201 
          72  1 0.3332 0.0913 0.0707 0.0433 0.0780 0.0859 0.2975 
          73  1 0.0904 0.0880 0.0901 0.3058 0.0908 0.2519 0.0829 
          74  1 0.1498 0.1225 0.1363 0.1518 0.1466 0.2034 0.0896 
          75  1 0.3362 0.0828 0.0662 0.0462 0.0785 0.0846 0.3056 
          76  1 0.0671 0.1456 0.1518 0.2259 0.1361 0.1760 0.0974 
          77  1 0.1363 0.1330 0.1487 0.1507 0.1533 0.1759 0.1022 
          78  1 0.2022 0.1441 0.1385 0.0948 0.1447 0.1157 0.1601 
          79  1 0.1988 0.1469 0.1278 0.0935 0.1293 0.1121 0.1916 
          80  1 0.1854 0.0728 0.0738 0.2458 0.0733 0.2234 0.1255 
          81  1 0.1617 0.1535 0.1378 0.1250 0.1457 0.1227 0.1535 
          82  1 0.1534 0.1533 0.1433 0.1248 0.1620 0.1380 0.1253 
          83  1 0.2678 0.1005 0.0924 0.1350 0.0953 0.1672 0.1417 
          84  1 0.3076 0.1015 0.0772 0.0621 0.0803 0.0995 0.2717 
          85  1 0.1026 0.1658 0.1572 0.1280 0.1661 0.1314 0.1490 
          86  1 0.0602 0.1750 0.1848 0.1690 0.1618 0.1387 0.1104 
          87  1 0.0953 0.1917 0.1827 0.0913 0.1777 0.0913 0.1700 
          88  1 0.1434 0.1603 0.1653 0.0949 0.1596 0.1001 0.1764 
          89  1 0.1137 0.1616 0.1710 0.1143 0.1810 0.1076 0.1508 
          90  1 0.1245 0.1652 0.1629 0.1167 0.1758 0.1184 0.1365 
          91  1 0.0903 0.1947 0.1746 0.1302 0.1712 0.1031 0.1359 
          92  1 0.2071 0.0729 0.0931 0.2013 0.1195 0.2242 0.0819 
          93  1 0.1778 0.0819 0.0827 0.2400 0.0939 0.2140 0.1097 
          94  1 0.1008 0.1931 0.1869 0.0983 0.1802 0.0939 0.1467 
          95  1 0.0878 0.1531 0.1580 0.1564 0.1666 0.1417 0.1364 
          96  1 0.2361 0.0677 0.0950 0.1789 0.1051 0.2184 0.0988 
          97  1 0.1625 0.1073 0.1080 0.2102 0.1013 0.1993 0.1113 
          98  1 0.1222 0.1773 0.1689 0.1116 0.1656 0.1068 0.1476 
          99  1 0.1936 0.0585 0.0892 0.2142 0.1269 0.2557 0.0619 
         100  1 0.0946 0.1957 0.1882 0.1012 0.1796 0.0937 0.1469 
         101  1 0.2709 0.1016 0.0936 0.0655 0.0983 0.0990 0.2711 
         102  1 0.1299 0.1711 0.1653 0.0913 0.1649 0.0852 0.1922 
         103  1 0.1146 0.1732 0.1721 0.0942 0.1744 0.0955 0.1761 
         104  1 0.2961 0.0892 0.0782 0.1466 0.0815 0.1836 0.1247 
         105  1 0.1205 0.1609 0.1600 0.1507 0.1538 0.1294 0.1247 
         106  1 0.0866 0.1849 0.1902 0.1166 0.2026 0.1043 0.1149 
         107  1 0.1272 0.1534 0.1605 0.1178 0.1527 0.1220 0.1664 
         108  1 0.1164 0.1517 0.1658 0.1243 0.1759 0.1257 0.1403 
         109  1 0.1660 0.1014 0.1208 0.1781 0.1357 0.2124 0.0856 
         110  1 0.1108 0.1007 0.1048 0.2800 0.0992 0.2201 0.0844 
         111  1 0.1669 0.1366 0.1484 0.0968 0.1446 0.1053 0.2013 
         112  1 0.1862 0.1553 0.1370 0.0892 0.1337 0.1073 0.1914 
         113  1 0.2213 0.0947 0.1089 0.1465 0.1223 0.1756 0.1307 
         114  1 0.1662 0.1844 0.1482 0.0851 0.1512 0.0919 0.1731 
         115  1 0.0619 0.0987 0.0986 0.3190 0.0787 0.2743 0.0688 
         116  1 0.2152 0.1385 0.1250 0.0848 0.1183 0.1170 0.2012 
         117  1 0.2049 0.0503 0.0946 0.2123 0.1233 0.2465 0.0681 
         118  1 0.1351 0.1626 0.1725 0.0756 0.1547 0.0887 0.2108 
         119  1 0.1202 0.0994 0.0939 0.2476 0.0915 0.2425 0.1049 
         120  1 0.2440 0.0965 0.1065 0.1094 0.1257 0.1228 0.1952 
         121  1 0.2048 0.1349 0.1315 0.0934 0.1306 0.1285 0.1761 
         122  1 0.1154 0.0872 0.0951 0.2811 0.0936 0.2364 0.0912 
         123  1 0.1044 0.1821 0.1858 0.1105 0.1778 0.0978 0.1415 
         124  1 0.0857 0.1679 0.1756 0.1434 0.1608 0.1349 0.1317 
         125  1 0.0627 0.2300 0.2298 0.0838 0.1847 0.0718 0.1372 
         126  1 0.1976 0.1260 0.1310 0.1101 0.1268 0.1374 0.1711 
         127  1 0.1618 0.1711 0.1493 0.1007 0.1534 0.1045 0.1590 
         128  1 0.2039 0.1562 0.1296 0.0766 0.1291 0.0872 0.2173 
         129  1 0.1704 0.1075 0.1162 0.1659 0.1508 0.1749 0.1142 
         130  1 0.0999 0.1910 0.1719 0.0952 0.1856 0.1038 0.1526 
         131  1 0.1583 0.0996 0.1033 0.2508 0.1037 0.2042 0.0802 
         132  1 0.1680 0.0995 0.1214 0.1838 0.1412 0.1958 0.0903 
         133  1 0.0590 0.1272 0.1361 0.2541 0.1313 0.1984 0.0940 
         134  1 0.2383 0.1192 0.1119 0.1281 0.1154 0.1564 0.1307 
         135  1 0.0985 0.1945 0.1895 0.1031 0.1735 0.0882 0.1528 
         136  1 0.2919 0.0939 0.0785 0.0621 0.0961 0.1022 0.2753 
         137  1 0.1739 0.1202 0.1291 0.1478 0.1433 0.1604 0.1252 
         138  1 0.0875 0.1503 0.1615 0.1647 0.1473 0.1619 0.1268 
         139  1 0.1337 0.1519 0.1511 0.1674 0.1406 0.1478 0.1075 
         140  1 0.2241 0.1319 0.1175 0.1142 0.1276 0.1168 0.1680 
         141  1 0.1083 0.1411 0.1505 0.1651 0.1513 0.1516 0.1321 
         142  1 0.1403 0.1299 0.1214 0.1852 0.1162 0.1750 0.1320 
         143  1 0.1879 0.1479 0.1344 0.0867 0.1419 0.0980 0.2033 
         144  1 0.2599 0.0822 0.0785 0.1566 0.0821 0.1631 0.1776 
         145  1 0.1134 0.1591 0.1565 0.1328 0.1763 0.1330 0.1289 
         146  1 0.1690 0.0915 0.1131 0.1742 0.1519 0.1926 0.1077 
         147  1 0.0876 0.1761 0.1706 0.1309 0.1748 0.1164 0.1435 
         148  1 0.1410 0.1290 0.1440 0.1406 0.1548 0.1554 0.1352 
         149  1 0.1172 0.1632 0.1747 0.0983 0.1650 0.1159 0.1657 
         150  1 0.0774 0.2035 0.2243 0.0927 0.1986 0.0749 0.1286 
         151  1 0.2591 0.1106 0.1014 0.0785 0.1055 0.1169 0.2281 
         152  1 0.1486 0.1581 0.1544 0.1169 0.1626 0.1235 0.1359 
         153  1 0.1222 0.1633 0.1628 0.1152 0.1731 0.1204 0.1429 
         154  1 0.2697 0.1016 0.0965 0.0981 0.0991 0.1241 0.2109 
         155  1 0.2359 0.1346 0.1178 0.0742 0.1177 0.0942 0.2255 
         156  1 0.1604 0.1368 0.1378 0.1262 0.1440 0.1339 0.1611 
         157  1 0.1962 0.1096 0.1307 0.1401 0.1284 0.1722 0.1229 
         158  1 0.1178 0.1839 0.1725 0.0934 0.1687 0.1085 0.1551 
         159  1 0.0934 0.1691 0.1651 0.1489 0.1564 0.1395 0.1276 
         160  1 0.1855 0.1543 0.1314 0.0906 0.1274 0.1017 0.2090 
         161  1 0.0763 0.1858 0.1983 0.1258 0.1774 0.1110 0.1254 
         162  1 0.2662 0.1056 0.0992 0.0557 0.1046 0.0912 0.2774 
         163  1 0.0962 0.2135 0.2008 0.0775 0.1788 0.0749 0.1583 
         164  1 0.2277 0.1442 0.1258 0.0707 0.1352 0.0785 0.2179 
         165  1 0.1344 0.1154 0.1164 0.2039 0.1160 0.1905 0.1234 
         166  1 0.0995 0.1800 0.1896 0.1076 0.1618 0.1432 0.1184 
         167  1 0.1435 0.1517 0.1568 0.1343 0.1581 0.1240 0.1317 
         168  1 0.1086 0.2051 0.1943 0.0790 0.1669 0.0787 0.1673 
         169  1 0.0909 0.1915 0.1826 0.1118 0.1778 0.0990 0.1463 
         170  1 0.1498 0.1024 0.0990 0.2277 0.1019 0.1907 0.1285 
         171  1 0.1878 0.1183 0.1143 0.1320 0.1291 0.1579 0.1607 
         172  1 0.1742 0.1557 0.1475 0.0790 0.1492 0.0941 0.2003 
         173  1 0.1266 0.1530 0.1569 0.1243 0.1700 0.1241 0.1451 
         174  1 0.1290 0.1707 0.1646 0.1128 0.1607 0.1141 0.1481 
         175  1 0.1226 0.1721 0.1640 0.0929 0.1658 0.1210 0.1616 
         176  1 0.1584 0.1414 0.1395 0.1225 0.1590 0.1560 0.1231 
         177  1 0.1037 0.1927 0.1685 0.1036 0.1762 0.0861 0.1692 
         178  1 0.1679 0.1602 0.1433 0.0957 0.1413 0.0962 0.1954 
         179  1 0.0855 0.1886 0.2174 0.0899 0.1990 0.0918 0.1278 
         180  1 0.0862 0.1870 0.1908 0.1180 0.1855 0.1042 0.1282 
         181  1 0.0866 0.2029 0.2052 0.0983 0.1837 0.1063 0.1171 
         182  1 0.1073 0.1735 0.1744 0.1058 0.1784 0.1104 0.1502 
         183  1 0.1560 0.0986 0.1222 0.1689 0.1553 0.2176 0.0815 
         184  1 0.1875 0.1114 0.1131 0.1347 0.1333 0.1937 0.1262 
         185  1 0.1452 0.1373 0.1582 0.1263 0.1484 0.1626 0.1219 
         186  1 0.2978 0.0878 0.0810 0.0519 0.0961 0.0972 0.2882 
         187  1 0.1534 0.1529 0.1493 0.0960 0.1533 0.1040 0.1911 
         188  1 0.0964 0.1769 0.1673 0.1233 0.1782 0.1161 0.1417 
         189  1 0.1069 0.1837 0.1669 0.1002 0.1770 0.0962 0.1691 
         190  1 0.3357 0.0888 0.0700 0.0547 0.0800 0.0965 0.2743 
         191  1 0.0975 0.1567 0.1672 0.1459 0.1713 0.1403 0.1212 
         192  1 0.1401 0.1626 0.1418 0.1079 0.1520 0.1021 0.1936 
         193  1 0.2746 0.1039 0.0919 0.0682 0.1051 0.0918 0.2645 
         194  1 0.3324 0.0710 0.0590 0.0937 0.0798 0.1179 0.2463 
         195  1 0.0682 0.1689 0.1727 0.1754 0.1556 0.1488 0.1103 
         196  1 0.1144 0.1935 0.1755 0.0825 0.1804 0.0847 0.1690 
         197  1 0.1630 0.1657 0.1517 0.0980 0.1596 0.0948 0.1672 
         198  1 0.1583 0.0990 0.1279 0.1779 0.1458 0.2033 0.0878 
         199  1 0.1734 0.1309 0.1318 0.1010 0.1352 0.1275 0.2002 
         200  1 0.0846 0.1916 0.1895 0.0961 0.1763 0.1190 0.1427 
         201  1 0.2969 0.0699 0.0693 0.1513 0.0802 0.1799 0.1525 
         202  1 0.2953 0.0797 0.0820 0.0709 0.0965 0.1062 0.2694 
         203  1 0.1571 0.1304 0.1403 0.1254 0.1409 0.2003 0.1055 
         204  1 0.1994 0.0881 0.1056 0.1778 0.1167 0.2377 0.0748 
         205  1 0.0715 0.0499 0.0463 0.3854 0.0493 0.3373 0.0604 
