           1  1 0.1239 0.1002 0.0947 0.1543 0.1371 0.1422 0.1278 0.1197 
           2  1 0.1469 0.0983 0.1022 0.1322 0.1541 0.1266 0.1550 0.0847 
           3  1 0.1464 0.1129 0.1052 0.1006 0.1793 0.1003 0.1716 0.0837 
           4  1 0.1223 0.1329 0.1481 0.1210 0.1341 0.1255 0.1275 0.0886 
           5  1 0.1291 0.1251 0.0888 0.1615 0.1133 0.1279 0.1087 0.1457 
           6  1 0.1133 0.1830 0.1495 0.0475 0.0749 0.0582 0.0611 0.3125 
           7  1 0.1468 0.1106 0.1142 0.1324 0.1387 0.1142 0.1447 0.0983 
           8  1 0.1342 0.1355 0.1283 0.1122 0.1352 0.1131 0.1438 0.0977 
           9  1 0.0914 0.1276 0.1557 0.1631 0.0877 0.2097 0.0851 0.0797 
          10  1 0.1427 0.1344 0.1094 0.0763 0.1814 0.0831 0.1730 0.0997 
          11  1 0.1409 0.1536 0.1027 0.0882 0.1504 0.0910 0.1567 0.1165 
          12  1 0.1191 0.0799 0.1281 0.1780 0.0805 0.1676 0.1012 0.1457 
          13  1 0.1344 0.0970 0.1342 0.1447 0.1161 0.1499 0.1174 0.1064 
          14  1 0.1106 0.1038 0.1194 0.1676 0.1245 0.1578 0.1221 0.0944 
          15  1 0.1140 0.0950 0.0826 0.2076 0.0927 0.1660 0.1082 0.1340 
          16  1 0.1215 0.1679 0.1275 0.0808 0.1213 0.0788 0.1206 0.1816 
          17  1 0.1214 0.1273 0.1347 0.1211 0.1299 0.1666 0.1182 0.0808 
          18  1 0.1218 0.1243 0.1359 0.1215 0.1309 0.1482 0.1401 0.0774 
          19  1 0.1464 0.1245 0.1091 0.1014 0.1578 0.1014 0.1652 0.0942 
          20  1 0.1101 0.1141 0.1501 0.1551 0.1219 0.1374 0.1316 0.0797 
          21  1 0.1103 0.0853 0.1010 0.2042 0.0815 0.1615 0.0931 0.1632 
          22  1 0.1084 0.1845 0.1506 0.0425 0.0909 0.0403 0.0844 0.2984 
          23  1 0.1267 0.2108 0.1426 0.0342 0.0650 0.0407 0.0479 0.3320 
          24  1 0.1215 0.1237 0.1279 0.1212 0.1261 0.1143 0.1339 0.1314 
          25  1 0.1334 0.1346 0.0819 0.1079 0.1743 0.0980 0.1618 0.1081 
          26  1 0.1411 0.1198 0.1257 0.1087 0.1175 0.1115 0.1070 0.1687 
          27  1 0.1167 0.1771 0.1518 0.0478 0.0785 0.0435 0.0690 0.3155 
          28  1 0.1407 0.1187 0.1129 0.1147 0.1354 0.1181 0.1414 0.1180 
          29  1 0.0983 0.1264 0.1478 0.0919 0.0855 0.0802 0.0848 0.2850 
          30  1 0.1119 0.1582 0.1378 0.0745 0.0871 0.0751 0.0886 0.2668 
          31  1 0.1131 0.1997 0.1625 0.0347 0.0602 0.0323 0.0481 0.3495 
          32  1 0.0762 0.1010 0.1667 0.1514 0.0558 0.1391 0.0588 0.2511 
          33  1 0.1431 0.1192 0.1040 0.1364 0.1258 0.1108 0.1473 0.1134 
          34  1 0.1043 0.1754 0.1490 0.0563 0.0699 0.0536 0.0691 0.3225 
          35  1 0.1307 0.1355 0.1078 0.0795 0.1814 0.0744 0.1763 0.1145 
          36  1 0.0919 0.0998 0.1515 0.1376 0.0841 0.1222 0.0796 0.2333 
          37  1 0.1143 0.1994 0.1470 0.0359 0.0838 0.0401 0.0655 0.3139 
          38  1 0.1321 0.1606 0.1271 0.0761 0.1164 0.0737 0.1068 0.2071 
          39  1 0.1164 0.1778 0.1197 0.0519 0.1439 0.0571 0.1399 0.1932 
          40  1 0.1525 0.1134 0.1070 0.0977 0.1553 0.1138 0.1627 0.0977 
          41  1 0.1066 0.1530 0.1495 0.0781 0.0986 0.0697 0.0914 0.2532 
          42  1 0.1157 0.1174 0.1185 0.1235 0.1180 0.0985 0.1353 0.1730 
          43  1 0.1049 0.1686 0.1459 0.0705 0.0668 0.0609 0.0615 0.3209 
          44  1 0.1230 0.1401 0.1202 0.1001 0.1205 0.0964 0.1231 0.1766 
          45  1 0.1199 0.1992 0.1428 0.0545 0.0709 0.0500 0.0558 0.3069 
          46  1 0.0996 0.1548 0.1433 0.0678 0.0891 0.0703 0.0807 0.2943 
          47  1 0.1209 0.1646 0.1159 0.0843 0.1153 0.0792 0.1097 0.2100 
          48  1 0.0968 0.1714 0.1338 0.0782 0.0798 0.0780 0.0765 0.2854 
          49  1 0.1136 0.1569 0.1418 0.0648 0.0986 0.0543 0.1026 0.2675 
          50  1 0.1350 0.1210 0.1136 0.0822 0.1810 0.0855 0.1846 0.0970 
          51  1 0.1243 0.1438 0.1318 0.0679 0.1190 0.0681 0.1084 0.2367 
          52  1 0.1143 0.1670 0.1313 0.0612 0.1145 0.0664 0.1122 0.2330 
          53  1 0.1268 0.1368 0.1267 0.0780 0.1283 0.0795 0.1266 0.1974 
          54  1 0.1173 0.1949 0.1507 0.0437 0.0742 0.0396 0.0636 0.3159 
          55  1 0.1082 0.1035 0.1545 0.1701 0.0944 0.1695 0.0999 0.0998 
          56  1 0.1312 0.1115 0.1088 0.1173 0.1492 0.1121 0.1577 0.1122 
          57  1 0.1443 0.1131 0.1260 0.1115 0.1419 0.1292 0.1564 0.0776 
          58  1 0.1391 0.1313 0.1252 0.1046 0.1508 0.1184 0.1570 0.0736 
          59  1 0.1365 0.1329 0.1037 0.0888 0.2013 0.0848 0.1747 0.0773 
          60  1 0.1123 0.1170 0.1418 0.1527 0.1077 0.1760 0.1155 0.0772 
          61  1 0.0969 0.1319 0.1485 0.1646 0.0870 0.2111 0.0692 0.0910 
          62  1 0.1223 0.0942 0.0894 0.1433 0.1617 0.1158 0.1689 0.1045 
          63  1 0.1363 0.1200 0.0915 0.0850 0.2085 0.0922 0.1911 0.0754 
          64  1 0.1204 0.1108 0.1414 0.1410 0.1239 0.1298 0.1370 0.0957 
          65  1 0.1706 0.1307 0.1042 0.0910 0.1714 0.0842 0.1686 0.0794 
          66  1 0.1338 0.1281 0.1207 0.1293 0.1250 0.1270 0.1280 0.1080 
          67  1 0.1349 0.1290 0.1100 0.1109 0.1572 0.1327 0.1461 0.0792 
          68  1 0.1231 0.0966 0.0874 0.1706 0.1311 0.1380 0.1337 0.1195 
          69  1 0.1146 0.1047 0.1500 0.1657 0.1013 0.1549 0.1202 0.0886 
          70  1 0.1153 0.1146 0.1386 0.1487 0.1052 0.1770 0.1040 0.0966 
          71  1 0.1392 0.1074 0.1090 0.1388 0.1269 0.1347 0.1320 0.1120 
          72  1 0.0854 0.1241 0.1611 0.1784 0.0737 0.2224 0.0702 0.0847 
          73  1 0.1070 0.1725 0.1480 0.0693 0.0926 0.0704 0.0817 0.2585 
          74  1 0.1245 0.0842 0.1033 0.1713 0.1132 0.1325 0.1350 0.1360 
          75  1 0.0806 0.1303 0.1708 0.1829 0.0641 0.2307 0.0636 0.0769 
          76  1 0.1452 0.1704 0.1035 0.0871 0.1301 0.0724 0.1146 0.1767 
          77  1 0.1260 0.0887 0.0991 0.1766 0.1213 0.1327 0.1411 0.1145 
          78  1 0.1189 0.1211 0.1391 0.1373 0.1249 0.1496 0.1176 0.0916 
          79  1 0.1314 0.1273 0.1331 0.1167 0.1315 0.1386 0.1320 0.0896 
          80  1 0.0820 0.1290 0.1631 0.1357 0.0690 0.1232 0.0670 0.2310 
          81  1 0.1334 0.1329 0.1356 0.1272 0.1246 0.1205 0.1296 0.0962 
          82  1 0.1277 0.1172 0.1288 0.1158 0.1347 0.1243 0.1387 0.1127 
          83  1 0.0969 0.0978 0.1600 0.1982 0.0767 0.1802 0.0817 0.1085 
          84  1 0.0913 0.1327 0.1564 0.1653 0.0796 0.2035 0.0741 0.0971 
          85  1 0.1553 0.1471 0.1232 0.0909 0.1384 0.1010 0.1317 0.1124 
          86  1 0.1353 0.1648 0.1025 0.0702 0.1693 0.0674 0.1556 0.1348 
          87  1 0.1612 0.1216 0.1153 0.1126 0.1609 0.1074 0.1540 0.0670 
          88  1 0.1306 0.1205 0.1150 0.1135 0.1455 0.1406 0.1466 0.0877 
          89  1 0.1520 0.1184 0.1306 0.1141 0.1459 0.1130 0.1435 0.0825 
          90  1 0.1521 0.1163 0.1239 0.1241 0.1307 0.1327 0.1261 0.0941 
          91  1 0.1541 0.1319 0.1123 0.0882 0.1561 0.0933 0.1623 0.1017 
          92  1 0.1025 0.0731 0.1105 0.2450 0.0599 0.1820 0.0872 0.1399 
          93  1 0.0939 0.1304 0.1507 0.1240 0.0864 0.1134 0.0840 0.2173 
          94  1 0.1491 0.1242 0.1090 0.1054 0.1663 0.1005 0.1736 0.0718 
          95  1 0.1551 0.1474 0.1184 0.1022 0.1304 0.0964 0.1266 0.1235 
          96  1 0.1048 0.0788 0.1388 0.2072 0.0592 0.1916 0.0751 0.1446 
          97  1 0.1050 0.1178 0.1438 0.1167 0.1020 0.1174 0.1054 0.1919 
          98  1 0.1318 0.1160 0.1132 0.1203 0.1511 0.1172 0.1582 0.0922 
          99  1 0.0949 0.0593 0.0998 0.2654 0.0531 0.1820 0.0823 0.1633 
         100  1 0.1427 0.1222 0.1167 0.0990 0.1731 0.0936 0.1814 0.0712 
         101  1 0.0972 0.1360 0.1469 0.1540 0.0940 0.1972 0.0866 0.0882 
         102  1 0.1341 0.1196 0.1311 0.1260 0.1425 0.1275 0.1421 0.0771 
         103  1 0.1350 0.1360 0.1088 0.1034 0.1609 0.1137 0.1525 0.0897 
         104  1 0.0900 0.0920 0.1772 0.2109 0.0609 0.1940 0.0693 0.1058 
         105  1 0.1267 0.1345 0.1138 0.1094 0.1314 0.1062 0.1277 0.1502 
         106  1 0.1087 0.1259 0.0813 0.1397 0.1458 0.1222 0.1478 0.1285 
         107  1 0.1267 0.1348 0.1194 0.0985 0.1462 0.1097 0.1499 0.1147 
         108  1 0.1233 0.1126 0.0952 0.1614 0.1253 0.1452 0.1264 0.1105 
         109  1 0.1162 0.0892 0.1250 0.1766 0.0966 0.1351 0.1185 0.1428 
         110  1 0.1003 0.1314 0.1436 0.0825 0.0998 0.0902 0.1051 0.2472 
         111  1 0.1342 0.1223 0.1469 0.1220 0.1230 0.1454 0.1234 0.0826 
         112  1 0.1229 0.1170 0.1363 0.1294 0.1259 0.1482 0.1319 0.0884 
         113  1 0.1065 0.0905 0.1201 0.2040 0.0843 0.1694 0.0948 0.1303 
         114  1 0.1256 0.1144 0.1315 0.1225 0.1554 0.1326 0.1463 0.0716 
         115  1 0.1092 0.1858 0.1402 0.0476 0.0931 0.0509 0.0877 0.2856 
         116  1 0.1123 0.1229 0.1411 0.1439 0.1218 0.1550 0.1094 0.0935 
         117  1 0.0967 0.0566 0.1018 0.2698 0.0473 0.1911 0.0651 0.1716 
         118  1 0.1410 0.1254 0.1194 0.1136 0.1373 0.1468 0.1362 0.0804 
         119  1 0.1096 0.1480 0.1429 0.0833 0.0908 0.0891 0.0893 0.2468 
         120  1 0.0985 0.1164 0.1292 0.1816 0.0881 0.1965 0.0860 0.1037 
         121  1 0.1197 0.1163 0.1460 0.1392 0.1207 0.1447 0.1138 0.0997 
         122  1 0.1061 0.1514 0.1408 0.0864 0.0962 0.0772 0.0906 0.2513 
         123  1 0.1359 0.1141 0.1170 0.1148 0.1546 0.1148 0.1599 0.0888 
         124  1 0.1361 0.1331 0.1190 0.0901 0.1548 0.0930 0.1490 0.1248 
         125  1 0.1430 0.1137 0.1155 0.0873 0.2031 0.0777 0.1917 0.0680 
         126  1 0.1314 0.1107 0.1377 0.1386 0.1164 0.1450 0.1257 0.0945 
         127  1 0.1333 0.1242 0.1348 0.1143 0.1333 0.1383 0.1342 0.0876 
         128  1 0.1193 0.1109 0.1404 0.1359 0.1262 0.1676 0.1294 0.0703 
         129  1 0.1150 0.0818 0.1059 0.2237 0.0874 0.1593 0.1041 0.1227 
         130  1 0.1560 0.1298 0.1197 0.1034 0.1617 0.1103 0.1451 0.0740 
         131  1 0.0980 0.1116 0.1501 0.1216 0.0960 0.1156 0.0920 0.2150 
         132  1 0.1037 0.0807 0.0948 0.2267 0.0788 0.1818 0.1027 0.1308 
         133  1 0.1420 0.1844 0.1316 0.0575 0.1222 0.0578 0.1047 0.1998 
         134  1 0.1066 0.1015 0.1623 0.1655 0.0961 0.1632 0.0948 0.1099 
         135  1 0.1384 0.1134 0.1062 0.1178 0.1638 0.1130 0.1646 0.0828 
         136  1 0.0979 0.1256 0.1426 0.1660 0.0851 0.2113 0.0791 0.0924 
         137  1 0.1201 0.0988 0.1262 0.1725 0.1071 0.1443 0.1200 0.1110 
         138  1 0.1375 0.1612 0.1148 0.0785 0.1274 0.0917 0.1237 0.1651 
         139  1 0.1059 0.1231 0.1307 0.0982 0.1442 0.0998 0.1385 0.1596 
         140  1 0.1049 0.1165 0.1555 0.1745 0.1029 0.1504 0.1144 0.0808 
         141  1 0.1178 0.1520 0.1074 0.1263 0.1272 0.1152 0.1108 0.1433 
         142  1 0.1105 0.1365 0.1370 0.1033 0.1134 0.0958 0.1105 0.1930 
         143  1 0.1401 0.1340 0.1422 0.1276 0.1262 0.1371 0.1190 0.0738 
         144  1 0.0870 0.1205 0.1558 0.1633 0.0747 0.1604 0.0666 0.1717 
         145  1 0.1383 0.1106 0.1153 0.1494 0.1251 0.1234 0.1443 0.0937 
         146  1 0.1010 0.0802 0.0958 0.2420 0.0733 0.1746 0.0879 0.1451 
         147  1 0.1444 0.1432 0.1204 0.1109 0.1405 0.0904 0.1549 0.0952 
         148  1 0.1374 0.1025 0.1017 0.1660 0.1094 0.1430 0.1205 0.1196 
         149  1 0.1483 0.1168 0.1215 0.1119 0.1544 0.1189 0.1493 0.0788 
         150  1 0.1405 0.1158 0.0976 0.0898 0.1897 0.0995 0.1944 0.0727 
         151  1 0.1045 0.1215 0.1596 0.1648 0.0958 0.1806 0.0897 0.0835 
         152  1 0.1271 0.1177 0.1315 0.1303 0.1356 0.1301 0.1350 0.0926 
         153  1 0.1312 0.1160 0.1185 0.1218 0.1464 0.1208 0.1577 0.0876 
         154  1 0.1029 0.1054 0.1669 0.1751 0.0869 0.1808 0.0887 0.0933 
         155  1 0.1132 0.1137 0.1417 0.1494 0.1169 0.1749 0.1080 0.0821 
         156  1 0.1347 0.1049 0.1414 0.1496 0.1185 0.1395 0.1187 0.0927 
         157  1 0.1225 0.0859 0.1308 0.1684 0.1002 0.1603 0.1126 0.1194 
         158  1 0.1603 0.1171 0.1197 0.1019 0.1570 0.1159 0.1512 0.0769 
         159  1 0.1585 0.1351 0.1230 0.0971 0.1412 0.0867 0.1437 0.1148 
         160  1 0.1177 0.1140 0.1432 0.1308 0.1233 0.1540 0.1310 0.0860 
         161  1 0.1587 0.1389 0.1104 0.0869 0.1615 0.0783 0.1674 0.0980 
         162  1 0.0979 0.1256 0.1372 0.1537 0.0951 0.2094 0.0938 0.0873 
         163  1 0.1444 0.1267 0.1169 0.0844 0.1814 0.1071 0.1707 0.0684 
         164  1 0.0993 0.1179 0.1412 0.1495 0.1184 0.1630 0.1258 0.0849 
         165  1 0.1264 0.1505 0.1364 0.1014 0.1047 0.1022 0.1059 0.1725 
         166  1 0.1504 0.1046 0.1038 0.1048 0.1559 0.1135 0.1594 0.1077 
         167  1 0.1231 0.1041 0.1172 0.1438 0.1368 0.1370 0.1350 0.1030 
         168  1 0.1263 0.1076 0.1305 0.0984 0.1672 0.1257 0.1757 0.0685 
         169  1 0.1467 0.1304 0.1279 0.0975 0.1522 0.0972 0.1531 0.0948 
         170  1 0.1123 0.1368 0.1334 0.1032 0.0998 0.0999 0.1002 0.2144 
         171  1 0.1215 0.1153 0.1356 0.1476 0.1080 0.1547 0.1049 0.1124 
         172  1 0.1351 0.1223 0.1240 0.1165 0.1453 0.1378 0.1421 0.0770 
         173  1 0.1383 0.1204 0.1273 0.1355 0.1269 0.1256 0.1255 0.1004 
         174  1 0.1402 0.1232 0.1293 0.1098 0.1428 0.1197 0.1347 0.1003 
         175  1 0.1315 0.1142 0.1252 0.0973 0.1597 0.1259 0.1535 0.0926 
         176  1 0.1243 0.0928 0.1351 0.1341 0.1197 0.1506 0.1266 0.1169 
         177  1 0.1403 0.1269 0.1110 0.0973 0.1743 0.1036 0.1654 0.0813 
         178  1 0.1268 0.1311 0.1450 0.1384 0.1144 0.1335 0.1334 0.0773 
         179  1 0.1255 0.1107 0.0823 0.1421 0.1579 0.1185 0.1492 0.1139 
         180  1 0.1446 0.1373 0.1198 0.0941 0.1569 0.0911 0.1543 0.1019 
         181  1 0.1480 0.1151 0.1012 0.1021 0.1795 0.1027 0.1614 0.0899 
         182  1 0.1459 0.1214 0.1280 0.1138 0.1405 0.1197 0.1446 0.0859 
         183  1 0.1072 0.0774 0.0937 0.2230 0.0841 0.1578 0.1122 0.1445 
         184  1 0.1310 0.0882 0.1248 0.1529 0.0991 0.1586 0.1084 0.1370 
         185  1 0.1277 0.1036 0.1424 0.1194 0.1324 0.1265 0.1355 0.1125 
         186  1 0.0945 0.1242 0.1476 0.1801 0.0795 0.2139 0.0721 0.0881 
         187  1 0.1326 0.1187 0.1208 0.1172 0.1374 0.1466 0.1301 0.0966 
         188  1 0.1398 0.1225 0.1235 0.1127 0.1427 0.1128 0.1502 0.0958 
         189  1 0.1531 0.1271 0.1358 0.1060 0.1463 0.1113 0.1472 0.0733 
         190  1 0.0874 0.1295 0.1633 0.1707 0.0747 0.2172 0.0692 0.0880 
         191  1 0.1413 0.1131 0.1121 0.1371 0.1317 0.1192 0.1380 0.1074 
         192  1 0.1427 0.1293 0.1368 0.1191 0.1353 0.1223 0.1379 0.0765 
         193  1 0.1058 0.1304 0.1459 0.1514 0.0995 0.1968 0.0903 0.0799 
         194  1 0.0856 0.1119 0.1779 0.1972 0.0612 0.2165 0.0575 0.0923 
         195  1 0.1347 0.1476 0.0998 0.0885 0.1503 0.0735 0.1460 0.1597 
         196  1 0.1491 0.1289 0.1148 0.0986 0.1628 0.1160 0.1583 0.0715 
         197  1 0.1233 0.1332 0.1382 0.1206 0.1412 0.1169 0.1439 0.0827 
         198  1 0.1337 0.0854 0.1092 0.1847 0.0856 0.1461 0.1086 0.1466 
         199  1 0.1158 0.1025 0.1308 0.1672 0.1125 0.1630 0.1061 0.1021 
         200  1 0.1388 0.1202 0.1097 0.0856 0.1700 0.1018 0.1805 0.0935 
         201  1 0.0908 0.0864 0.1801 0.2278 0.0509 0.1958 0.0543 0.1141 
         202  1 0.0839 0.1108 0.1441 0.1894 0.0751 0.2317 0.0686 0.0966 
         203  1 0.1265 0.0861 0.1117 0.1466 0.1142 0.1300 0.1373 0.1476 
         204  1 0.1152 0.0628 0.1083 0.2150 0.0636 0.1747 0.0943 0.1660 
         205  1 0.1120 0.2062 0.1523 0.0325 0.0586 0.0377 0.0412 0.3594 
