           1  1 0.4344 0.2454 0.0421 0.2781 
           2  1 0.4579 0.1956 0.0450 0.3015 
           3  1 0.4870 0.2171 0.0238 0.2721 
           4  1 0.1986 0.4096 0.0944 0.2974 
           5  1 0.3714 0.1230 0.3016 0.2041 
           6  1 0.0568 0.0501 0.8472 0.0459 
           7  1 0.2809 0.2881 0.0663 0.3648 
           8  1 0.1537 0.4086 0.1278 0.3099 
           9  1 0.0602 0.5411 0.0334 0.3652 
          10  1 0.5388 0.1888 0.1536 0.1188 
          11  1 0.5144 0.1561 0.2014 0.1280 
          12  1 0.2136 0.3004 0.0611 0.4249 
          13  1 0.2575 0.3009 0.0293 0.4122 
          14  1 0.2716 0.3552 0.0553 0.3180 
          15  1 0.4608 0.1795 0.0230 0.3367 
          16  1 0.2123 0.0908 0.6330 0.0639 
          17  1 0.1651 0.4503 0.0565 0.3281 
          18  1 0.1480 0.4754 0.0382 0.3384 
          19  1 0.3860 0.1674 0.2490 0.1976 
          20  1 0.1724 0.4292 0.0370 0.3615 
          21  1 0.2546 0.2175 0.1028 0.4251 
          22  1 0.0571 0.0256 0.8951 0.0223 
          23  1 0.0828 0.0333 0.8470 0.0369 
          24  1 0.2012 0.1759 0.4424 0.1806 
          25  1 0.5860 0.1368 0.1468 0.1304 
          26  1 0.2628 0.2415 0.2473 0.2484 
          27  1 0.0582 0.0305 0.8819 0.0294 
          28  1 0.3729 0.1808 0.1861 0.2602 
          29  1 0.0493 0.0348 0.8886 0.0273 
          30  1 0.1064 0.0781 0.7532 0.0623 
          31  1 0.0275 0.0213 0.9341 0.0171 
          32  1 0.0409 0.0893 0.7987 0.0711 
          33  1 0.3988 0.1559 0.2163 0.2289 
          34  1 0.0475 0.0346 0.8896 0.0283 
          35  1 0.3745 0.0927 0.4733 0.0595 
          36  1 0.0727 0.0718 0.7740 0.0815 
          37  1 0.0740 0.0260 0.8782 0.0218 
          38  1 0.1700 0.0587 0.7124 0.0588 
          39  1 0.1871 0.0483 0.7242 0.0404 
          40  1 0.4928 0.1615 0.1325 0.2133 
          41  1 0.0780 0.0641 0.7967 0.0612 
          42  1 0.1835 0.0877 0.6187 0.1101 
          43  1 0.0465 0.0460 0.8625 0.0450 
          44  1 0.1761 0.0871 0.6113 0.1254 
          45  1 0.0791 0.0386 0.8438 0.0385 
          46  1 0.0486 0.0341 0.8873 0.0300 
          47  1 0.2011 0.0679 0.6489 0.0820 
          48  1 0.0503 0.0416 0.8694 0.0386 
          49  1 0.0665 0.0437 0.8517 0.0382 
          50  1 0.3606 0.1423 0.4149 0.0821 
          51  1 0.0917 0.0430 0.8264 0.0389 
          52  1 0.2030 0.0554 0.6944 0.0472 
          53  1 0.1569 0.0799 0.6834 0.0797 
          54  1 0.0538 0.0296 0.8837 0.0329 
          55  1 0.1296 0.4384 0.0804 0.3516 
          56  1 0.4018 0.1934 0.1698 0.2350 
          57  1 0.3144 0.3181 0.0753 0.2922 
          58  1 0.3210 0.3202 0.0684 0.2904 
          59  1 0.6131 0.1367 0.1498 0.1004 
          60  1 0.0889 0.5049 0.0351 0.3711 
          61  1 0.1031 0.5033 0.0331 0.3605 
          62  1 0.4469 0.1792 0.0496 0.3242 
          63  1 0.5745 0.1876 0.0540 0.1839 
          64  1 0.2095 0.3965 0.0798 0.3143 
          65  1 0.5200 0.1810 0.0865 0.2125 
          66  1 0.2295 0.3215 0.1128 0.3362 
          67  1 0.3902 0.2853 0.0359 0.2886 
          68  1 0.4381 0.1700 0.0406 0.3513 
          69  1 0.1372 0.4240 0.0259 0.4129 
          70  1 0.1068 0.5032 0.0351 0.3549 
          71  1 0.2884 0.2664 0.0861 0.3590 
          72  1 0.0503 0.5590 0.0254 0.3654 
          73  1 0.0673 0.0613 0.8122 0.0592 
          74  1 0.3164 0.2187 0.0334 0.4315 
          75  1 0.0398 0.5650 0.0210 0.3741 
          76  1 0.3151 0.0780 0.5080 0.0990 
          77  1 0.2936 0.2209 0.0296 0.4559 
          78  1 0.1515 0.4619 0.0482 0.3384 
          79  1 0.1177 0.4605 0.1046 0.3172 
          80  1 0.0571 0.1097 0.7531 0.0801 
          81  1 0.1842 0.3882 0.1375 0.2902 
          82  1 0.2477 0.2902 0.2135 0.2486 
          83  1 0.1065 0.4841 0.0340 0.3753 
          84  1 0.0692 0.5013 0.0791 0.3503 
          85  1 0.4391 0.2148 0.1063 0.2398 
          86  1 0.4365 0.0972 0.3931 0.0732 
          87  1 0.3353 0.3136 0.0352 0.3159 
          88  1 0.3041 0.3532 0.0274 0.3152 
          89  1 0.2887 0.3008 0.0564 0.3541 
          90  1 0.3560 0.2657 0.0462 0.3320 
          91  1 0.4466 0.1883 0.1818 0.1833 
          92  1 0.1880 0.2746 0.0318 0.5056 
          93  1 0.0743 0.1094 0.7333 0.0830 
          94  1 0.3679 0.2952 0.0709 0.2660 
          95  1 0.3867 0.1667 0.2291 0.2175 
          96  1 0.1862 0.3295 0.0420 0.4423 
          97  1 0.0896 0.1123 0.7041 0.0940 
          98  1 0.3248 0.2855 0.0918 0.2980 
          99  1 0.2136 0.2397 0.0181 0.5286 
         100  1 0.3882 0.2885 0.0874 0.2358 
         101  1 0.1093 0.4909 0.0535 0.3462 
         102  1 0.3047 0.3688 0.0496 0.2769 
         103  1 0.3950 0.2564 0.1285 0.2200 
         104  1 0.0969 0.5170 0.0259 0.3601 
         105  1 0.2530 0.1181 0.5073 0.1215 
         106  1 0.5147 0.1347 0.1619 0.1887 
         107  1 0.2209 0.1763 0.4631 0.1397 
         108  1 0.3964 0.2259 0.0370 0.3407 
         109  1 0.2494 0.2361 0.1503 0.3642 
         110  1 0.0683 0.0445 0.8514 0.0359 
         111  1 0.1685 0.4414 0.0590 0.3311 
         112  1 0.1825 0.4226 0.0540 0.3409 
         113  1 0.2092 0.3447 0.0449 0.4013 
         114  1 0.1405 0.4707 0.0347 0.3542 
         115  1 0.0920 0.0368 0.8374 0.0337 
         116  1 0.1571 0.4398 0.0550 0.3480 
         117  1 0.2179 0.2547 0.0176 0.5098 
         118  1 0.2522 0.4041 0.0359 0.3079 
         119  1 0.0754 0.0934 0.7643 0.0669 
         120  1 0.1728 0.3658 0.0843 0.3771 
         121  1 0.1725 0.4592 0.0342 0.3342 
         122  1 0.0683 0.0590 0.8163 0.0565 
         123  1 0.4622 0.2335 0.0826 0.2217 
         124  1 0.3965 0.1941 0.2250 0.1844 
         125  1 0.6043 0.1958 0.0665 0.1333 
         126  1 0.1847 0.3978 0.0461 0.3714 
         127  1 0.2446 0.4007 0.0695 0.2852 
         128  1 0.1353 0.4756 0.0384 0.3507 
         129  1 0.2187 0.2922 0.0246 0.4645 
         130  1 0.4034 0.2714 0.0935 0.2318 
         131  1 0.0959 0.0766 0.7531 0.0744 
         132  1 0.2373 0.2394 0.0274 0.4958 
         133  1 0.2515 0.0963 0.5723 0.0799 
         134  1 0.1429 0.4738 0.0379 0.3454 
         135  1 0.4191 0.2617 0.0398 0.2794 
         136  1 0.1027 0.4808 0.0442 0.3722 
         137  1 0.1788 0.3432 0.0611 0.4170 
         138  1 0.3528 0.1131 0.4213 0.1128 
         139  1 0.1565 0.1057 0.6636 0.0742 
         140  1 0.1270 0.4883 0.0388 0.3459 
         141  1 0.3145 0.1298 0.3974 0.1583 
         142  1 0.1355 0.1265 0.6458 0.0922 
         143  1 0.1089 0.5088 0.0396 0.3428 
         144  1 0.0567 0.2540 0.5269 0.1623 
         145  1 0.3017 0.2608 0.0454 0.3920 
         146  1 0.2289 0.2674 0.0264 0.4774 
         147  1 0.3728 0.2188 0.1260 0.2824 
         148  1 0.2607 0.2675 0.0574 0.4144 
         149  1 0.3304 0.2986 0.0480 0.3230 
         150  1 0.5610 0.2445 0.0335 0.1610 
         151  1 0.0744 0.5387 0.0318 0.3551 
         152  1 0.2659 0.3547 0.0323 0.3471 
         153  1 0.3413 0.2749 0.0559 0.3278 
         154  1 0.0960 0.4917 0.0445 0.3678 
         155  1 0.1065 0.5026 0.0400 0.3509 
         156  1 0.1828 0.3909 0.0495 0.3768 
         157  1 0.1955 0.3774 0.0455 0.3816 
         158  1 0.2876 0.3242 0.0675 0.3207 
         159  1 0.3502 0.2055 0.2230 0.2213 
         160  1 0.1780 0.4407 0.0697 0.3116 
         161  1 0.4966 0.1767 0.1608 0.1658 
         162  1 0.0980 0.5218 0.0331 0.3471 
         163  1 0.4498 0.2794 0.0434 0.2274 
         164  1 0.1518 0.4403 0.0943 0.3136 
         165  1 0.1939 0.1554 0.4737 0.1770 
         166  1 0.4297 0.2141 0.0642 0.2920 
         167  1 0.2895 0.3085 0.0745 0.3275 
         168  1 0.3431 0.3560 0.0342 0.2668 
         169  1 0.4446 0.2077 0.1679 0.1797 
         170  1 0.0919 0.0997 0.7279 0.0805 
         171  1 0.1818 0.3412 0.1679 0.3091 
         172  1 0.1885 0.4416 0.0477 0.3223 
         173  1 0.2742 0.2939 0.0808 0.3511 
         174  1 0.2622 0.3494 0.0979 0.2905 
         175  1 0.3460 0.3062 0.0410 0.3068 
         176  1 0.2672 0.3016 0.0251 0.4062 
         177  1 0.3903 0.2910 0.1153 0.2034 
         178  1 0.1424 0.4761 0.0474 0.3340 
         179  1 0.5738 0.1775 0.0314 0.2173 
         180  1 0.3945 0.2005 0.1814 0.2235 
         181  1 0.4186 0.2250 0.0386 0.3178 
         182  1 0.3619 0.2851 0.0357 0.3172 
         183  1 0.2681 0.2240 0.0412 0.4668 
         184  1 0.2091 0.3385 0.0312 0.4212 
         185  1 0.2599 0.3091 0.0275 0.4035 
         186  1 0.0852 0.5221 0.0344 0.3583 
         187  1 0.2918 0.3342 0.0977 0.2763 
         188  1 0.4001 0.2041 0.0802 0.3156 
         189  1 0.3954 0.3058 0.0496 0.2493 
         190  1 0.0551 0.5338 0.0538 0.3573 
         191  1 0.3313 0.2315 0.0686 0.3686 
         192  1 0.2688 0.3847 0.0546 0.2919 
         193  1 0.0780 0.5221 0.0337 0.3662 
         194  1 0.0609 0.5351 0.0419 0.3621 
         195  1 0.2488 0.0673 0.5961 0.0878 
         196  1 0.3832 0.3109 0.0633 0.2426 
         197  1 0.2265 0.4068 0.1177 0.2491 
         198  1 0.2573 0.2191 0.0575 0.4661 
         199  1 0.2101 0.3849 0.0290 0.3760 
         200  1 0.4553 0.2170 0.0645 0.2632 
         201  1 0.1038 0.4896 0.0241 0.3826 
         202  1 0.1335 0.4560 0.0508 0.3597 
         203  1 0.3188 0.2399 0.0401 0.4012 
         204  1 0.2456 0.2613 0.0255 0.4677 
         205  1 0.0327 0.0231 0.9251 0.0191 
