           1  1 0.1021 0.1412 0.1054 0.0991 0.1462 0.1263 0.1381 0.1416 
           2  1 0.1225 0.1092 0.1096 0.1210 0.1449 0.1398 0.1371 0.1159 
           3  1 0.1232 0.1109 0.1150 0.1164 0.1552 0.1318 0.1442 0.1034 
           4  1 0.1309 0.1273 0.1255 0.1087 0.1162 0.1366 0.1418 0.1129 
           5  1 0.1377 0.1108 0.1405 0.1162 0.1236 0.1216 0.1141 0.1355 
           6  1 0.1568 0.0912 0.1768 0.2226 0.1088 0.0942 0.0778 0.0718 
           7  1 0.1098 0.1278 0.1151 0.1109 0.1322 0.1362 0.1333 0.1349 
           8  1 0.1291 0.1175 0.1149 0.1213 0.1125 0.1429 0.1446 0.1171 
           9  1 0.1438 0.1730 0.1076 0.0859 0.0803 0.0917 0.1217 0.1959 
          10  1 0.1341 0.1029 0.1237 0.1392 0.1873 0.0925 0.1283 0.0920 
          11  1 0.1451 0.0889 0.1440 0.1337 0.1586 0.1058 0.1185 0.1054 
          12  1 0.1105 0.1552 0.1098 0.0931 0.0923 0.1809 0.1107 0.1474 
          13  1 0.1281 0.1354 0.1126 0.0907 0.1132 0.1573 0.1206 0.1421 
          14  1 0.1476 0.1331 0.1179 0.0974 0.1151 0.1290 0.1260 0.1338 
          15  1 0.1404 0.1352 0.1274 0.0816 0.1065 0.1442 0.1144 0.1504 
          16  1 0.1235 0.0953 0.1546 0.1745 0.1497 0.0929 0.1160 0.0933 
          17  1 0.1367 0.1384 0.1159 0.1061 0.1181 0.1089 0.1241 0.1518 
          18  1 0.1136 0.1275 0.1178 0.1116 0.1339 0.1161 0.1378 0.1416 
          19  1 0.1218 0.1074 0.1178 0.1273 0.1420 0.1225 0.1505 0.1107 
          20  1 0.1351 0.1369 0.1081 0.0916 0.1045 0.1560 0.1315 0.1364 
          21  1 0.1307 0.1549 0.1197 0.0849 0.0887 0.1849 0.0925 0.1437 
          22  1 0.1321 0.0846 0.1727 0.2276 0.1367 0.0903 0.0939 0.0621 
          23  1 0.1739 0.0750 0.1963 0.2367 0.1080 0.0905 0.0582 0.0613 
          24  1 0.1108 0.1257 0.1295 0.1309 0.1384 0.1179 0.1250 0.1218 
          25  1 0.1042 0.0918 0.1128 0.1287 0.1815 0.0980 0.1602 0.1228 
          26  1 0.1230 0.1202 0.1345 0.1393 0.1211 0.1419 0.1106 0.1094 
          27  1 0.1483 0.0857 0.1737 0.2378 0.1189 0.0931 0.0792 0.0633 
          28  1 0.1273 0.1062 0.1272 0.1337 0.1359 0.1306 0.1306 0.1085 
          29  1 0.1206 0.1187 0.1390 0.2164 0.1329 0.0814 0.1026 0.0884 
          30  1 0.1319 0.1139 0.1449 0.2097 0.1171 0.0981 0.0937 0.0907 
          31  1 0.1521 0.0794 0.1924 0.2588 0.1135 0.0896 0.0617 0.0524 
          32  1 0.1053 0.1503 0.1450 0.1285 0.0758 0.1466 0.1075 0.1410 
          33  1 0.1149 0.1024 0.1249 0.1344 0.1325 0.1291 0.1350 0.1269 
          34  1 0.1316 0.0940 0.1733 0.2327 0.1223 0.0934 0.0793 0.0734 
          35  1 0.1073 0.0882 0.1345 0.1515 0.1882 0.0881 0.1446 0.0976 
          36  1 0.1056 0.1466 0.1490 0.1326 0.1000 0.1366 0.1053 0.1242 
          37  1 0.1449 0.0769 0.1842 0.2470 0.1253 0.0836 0.0773 0.0607 
          38  1 0.1304 0.0867 0.1612 0.1975 0.1265 0.1078 0.1077 0.0822 
          39  1 0.1132 0.0834 0.1472 0.2031 0.1798 0.0805 0.1073 0.0855 
          40  1 0.1200 0.1001 0.1257 0.1406 0.1500 0.1295 0.1327 0.1015 
          41  1 0.1239 0.1044 0.1555 0.1937 0.1272 0.1133 0.0943 0.0878 
          42  1 0.1151 0.1204 0.1327 0.1404 0.1367 0.1324 0.1112 0.1112 
          43  1 0.1330 0.1193 0.1566 0.2210 0.1081 0.0933 0.0822 0.0865 
          44  1 0.1227 0.1029 0.1431 0.1573 0.1291 0.1166 0.1367 0.0917 
          45  1 0.1557 0.0831 0.1756 0.2409 0.1073 0.0916 0.0717 0.0743 
          46  1 0.1397 0.0983 0.1701 0.2079 0.1174 0.0927 0.0965 0.0775 
          47  1 0.1236 0.0998 0.1434 0.1783 0.1448 0.0883 0.1106 0.1112 
          48  1 0.1312 0.1093 0.1693 0.2217 0.1119 0.0853 0.0827 0.0885 
          49  1 0.1189 0.1027 0.1458 0.2144 0.1388 0.0973 0.1033 0.0788 
          50  1 0.1022 0.0915 0.1188 0.1471 0.1874 0.0971 0.1521 0.1038 
          51  1 0.1189 0.0932 0.1557 0.1936 0.1445 0.0955 0.1138 0.0847 
          52  1 0.1192 0.0960 0.1553 0.2074 0.1547 0.0845 0.1097 0.0733 
          53  1 0.1167 0.1046 0.1426 0.1901 0.1539 0.0922 0.1081 0.0919 
          54  1 0.1460 0.0844 0.1885 0.2351 0.1186 0.0872 0.0737 0.0664 
          55  1 0.1364 0.1629 0.1130 0.0935 0.0920 0.1344 0.1219 0.1458 
          56  1 0.1110 0.1081 0.1225 0.1294 0.1669 0.1124 0.1358 0.1139 
          57  1 0.1317 0.1157 0.1146 0.1157 0.1343 0.1239 0.1378 0.1263 
          58  1 0.1363 0.1140 0.1110 0.1177 0.1242 0.1380 0.1577 0.1011 
          59  1 0.0943 0.0891 0.1182 0.1467 0.1938 0.0865 0.1628 0.1085 
          60  1 0.1585 0.1610 0.1107 0.0927 0.0849 0.1150 0.1240 0.1533 
          61  1 0.1486 0.1717 0.1030 0.0832 0.0783 0.0943 0.1246 0.1963 
          62  1 0.1056 0.1303 0.1210 0.1084 0.1635 0.1230 0.1284 0.1199 
          63  1 0.1011 0.1038 0.1176 0.1358 0.1863 0.1049 0.1432 0.1073 
          64  1 0.1132 0.1308 0.1194 0.1057 0.1187 0.1439 0.1234 0.1448 
          65  1 0.1177 0.0982 0.1303 0.1320 0.1674 0.1093 0.1421 0.1029 
          66  1 0.1338 0.1288 0.1269 0.1136 0.1187 0.1206 0.1244 0.1332 
          67  1 0.1245 0.1114 0.1132 0.1126 0.1473 0.1094 0.1589 0.1227 
          68  1 0.1162 0.1285 0.1160 0.1088 0.1259 0.1421 0.1229 0.1395 
          69  1 0.1421 0.1536 0.1091 0.0896 0.0935 0.1512 0.1255 0.1353 
          70  1 0.1298 0.1497 0.1095 0.0904 0.0966 0.1428 0.1274 0.1537 
          71  1 0.1210 0.1372 0.1189 0.1045 0.1273 0.1387 0.1214 0.1310 
          72  1 0.1585 0.1757 0.1026 0.0802 0.0699 0.0915 0.1203 0.2013 
          73  1 0.1393 0.1008 0.1660 0.2003 0.1215 0.0944 0.0924 0.0853 
          74  1 0.1071 0.1360 0.1107 0.1048 0.1198 0.1648 0.1193 0.1375 
          75  1 0.1513 0.1859 0.1032 0.0712 0.0661 0.0993 0.1183 0.2048 
          76  1 0.1241 0.0828 0.1595 0.1758 0.1503 0.1059 0.1103 0.0914 
          77  1 0.1145 0.1491 0.1134 0.0989 0.1188 0.1568 0.1190 0.1295 
          78  1 0.1012 0.1372 0.1121 0.1001 0.1064 0.1494 0.1375 0.1561 
          79  1 0.1241 0.1267 0.1145 0.1108 0.1191 0.1206 0.1288 0.1553 
          80  1 0.1225 0.1498 0.1293 0.1679 0.0928 0.1031 0.1077 0.1270 
          81  1 0.1315 0.1222 0.1260 0.1200 0.1176 0.1303 0.1212 0.1312 
          82  1 0.1101 0.1265 0.1286 0.1150 0.1228 0.1321 0.1311 0.1338 
          83  1 0.1009 0.1791 0.1079 0.0697 0.0760 0.1786 0.1162 0.1716 
          84  1 0.1507 0.1666 0.1042 0.0965 0.0800 0.0887 0.1248 0.1884 
          85  1 0.1585 0.1034 0.1354 0.1252 0.1232 0.1232 0.1157 0.1154 
          86  1 0.1108 0.0842 0.1430 0.1649 0.1810 0.0902 0.1303 0.0955 
          87  1 0.1127 0.1163 0.1193 0.1138 0.1463 0.1232 0.1457 0.1226 
          88  1 0.1074 0.1315 0.1168 0.1109 0.1407 0.1169 0.1408 0.1351 
          89  1 0.1270 0.1178 0.1179 0.1155 0.1291 0.1391 0.1365 0.1171 
          90  1 0.1452 0.1088 0.1179 0.1036 0.1214 0.1533 0.1222 0.1277 
          91  1 0.1252 0.1014 0.1290 0.1408 0.1525 0.1107 0.1421 0.0983 
          92  1 0.1378 0.1801 0.1117 0.0607 0.0639 0.2028 0.0870 0.1559 
          93  1 0.1164 0.1400 0.1417 0.1527 0.1096 0.1058 0.1090 0.1248 
          94  1 0.1114 0.1106 0.1192 0.1229 0.1541 0.1181 0.1456 0.1179 
          95  1 0.1368 0.0944 0.1381 0.1424 0.1393 0.1257 0.1198 0.1036 
          96  1 0.1231 0.1860 0.1074 0.0697 0.0700 0.1899 0.0935 0.1603 
          97  1 0.1135 0.1141 0.1370 0.1450 0.1116 0.1224 0.1264 0.1300 
          98  1 0.1040 0.1294 0.1195 0.1185 0.1493 0.1276 0.1347 0.1169 
          99  1 0.1226 0.1920 0.1143 0.0547 0.0593 0.2171 0.0870 0.1531 
         100  1 0.1056 0.1163 0.1120 0.1238 0.1531 0.1237 0.1654 0.1000 
         101  1 0.1375 0.1722 0.1046 0.0962 0.0872 0.0910 0.1254 0.1857 
         102  1 0.1127 0.1209 0.1180 0.1157 0.1402 0.1192 0.1428 0.1306 
         103  1 0.1341 0.1148 0.1216 0.1187 0.1394 0.1082 0.1433 0.1199 
         104  1 0.1034 0.1944 0.1075 0.0651 0.0541 0.1907 0.1051 0.1798 
         105  1 0.1097 0.1045 0.1408 0.1328 0.1509 0.1062 0.1326 0.1224 
         106  1 0.1057 0.1094 0.1313 0.1161 0.1670 0.1077 0.1328 0.1301 
         107  1 0.1109 0.1124 0.1200 0.1345 0.1486 0.0975 0.1432 0.1329 
         108  1 0.1196 0.1425 0.1184 0.0979 0.1287 0.1259 0.1314 0.1357 
         109  1 0.1152 0.1665 0.1107 0.0989 0.1073 0.1609 0.1085 0.1321 
         110  1 0.1194 0.1104 0.1561 0.1836 0.1328 0.0963 0.1096 0.0918 
         111  1 0.1323 0.1340 0.1124 0.1107 0.1236 0.1298 0.1265 0.1306 
         112  1 0.1255 0.1336 0.1090 0.1062 0.1147 0.1432 0.1343 0.1334 
         113  1 0.1173 0.1657 0.1187 0.0765 0.0777 0.1652 0.1068 0.1721 
         114  1 0.1274 0.1218 0.1143 0.1094 0.1183 0.1387 0.1387 0.1316 
         115  1 0.1274 0.0854 0.1680 0.2398 0.1372 0.0849 0.0885 0.0688 
         116  1 0.1371 0.1429 0.1144 0.0999 0.1059 0.1257 0.1270 0.1472 
         117  1 0.1236 0.2062 0.1079 0.0562 0.0529 0.2130 0.0833 0.1570 
         118  1 0.1202 0.1233 0.1133 0.1131 0.1456 0.1048 0.1352 0.1446 
         119  1 0.1230 0.1233 0.1395 0.2061 0.1114 0.0952 0.1034 0.0981 
         120  1 0.1461 0.1684 0.1121 0.0853 0.0840 0.1128 0.1216 0.1697 
         121  1 0.1029 0.1516 0.1024 0.0972 0.1017 0.1474 0.1347 0.1620 
         122  1 0.1221 0.1149 0.1534 0.1970 0.1248 0.0993 0.0990 0.0895 
         123  1 0.1234 0.1176 0.1307 0.1137 0.1381 0.1141 0.1385 0.1238 
         124  1 0.1132 0.1056 0.1355 0.1476 0.1583 0.1141 0.1248 0.1008 
         125  1 0.1009 0.0911 0.1193 0.1309 0.2011 0.0928 0.1587 0.1051 
         126  1 0.1253 0.1384 0.1165 0.1025 0.1074 0.1523 0.1191 0.1384 
         127  1 0.1269 0.1133 0.1287 0.1077 0.1182 0.1392 0.1315 0.1345 
         128  1 0.1430 0.1389 0.1159 0.1024 0.1047 0.1261 0.1285 0.1404 
         129  1 0.1426 0.1688 0.1164 0.0744 0.0786 0.1777 0.1078 0.1338 
         130  1 0.1210 0.1038 0.1142 0.1263 0.1480 0.1246 0.1253 0.1368 
         131  1 0.1047 0.1299 0.1485 0.1312 0.1124 0.1323 0.1179 0.1231 
         132  1 0.1229 0.1670 0.1135 0.0740 0.0795 0.1916 0.1053 0.1462 
         133  1 0.1358 0.0815 0.1630 0.1821 0.1443 0.1094 0.1135 0.0705 
         134  1 0.0952 0.1677 0.1133 0.0799 0.0897 0.1643 0.1214 0.1685 
         135  1 0.1123 0.1265 0.1158 0.1113 0.1651 0.1101 0.1476 0.1114 
         136  1 0.1577 0.1627 0.1032 0.0874 0.0736 0.1008 0.1229 0.1916 
         137  1 0.1319 0.1489 0.1145 0.0862 0.0999 0.1646 0.1098 0.1443 
         138  1 0.1603 0.0886 0.1653 0.1424 0.1306 0.0967 0.1080 0.1082 
         139  1 0.0994 0.1139 0.1347 0.1481 0.1582 0.0989 0.1365 0.1105 
         140  1 0.1125 0.1516 0.1093 0.0873 0.0950 0.1562 0.1328 0.1553 
         141  1 0.1218 0.1115 0.1306 0.1540 0.1277 0.1054 0.1263 0.1227 
         142  1 0.1160 0.1255 0.1389 0.1616 0.1289 0.0922 0.1202 0.1167 
         143  1 0.1367 0.1246 0.1168 0.1062 0.1079 0.1342 0.1299 0.1437 
         144  1 0.1196 0.1536 0.1177 0.1225 0.0877 0.1104 0.1192 0.1692 
         145  1 0.1338 0.1261 0.1189 0.1024 0.1138 0.1522 0.1361 0.1167 
         146  1 0.1295 0.1782 0.1146 0.0658 0.0777 0.1739 0.1025 0.1578 
         147  1 0.1296 0.1093 0.1231 0.1161 0.1250 0.1487 0.1527 0.0955 
         148  1 0.1190 0.1354 0.1161 0.0984 0.1092 0.1613 0.1309 0.1297 
         149  1 0.1157 0.1103 0.1114 0.1186 0.1533 0.1337 0.1384 0.1187 
         150  1 0.0972 0.1038 0.1158 0.1266 0.1777 0.1115 0.1522 0.1152 
         151  1 0.1222 0.1530 0.1009 0.0887 0.0941 0.1383 0.1270 0.1757 
         152  1 0.1094 0.1351 0.1203 0.0998 0.1272 0.1338 0.1332 0.1412 
         153  1 0.1284 0.1192 0.1146 0.1111 0.1332 0.1401 0.1316 0.1218 
         154  1 0.1461 0.1741 0.0987 0.0826 0.0817 0.1342 0.1186 0.1640 
         155  1 0.1437 0.1412 0.1116 0.1036 0.1047 0.1166 0.1236 0.1550 
         156  1 0.1224 0.1481 0.1155 0.0983 0.1024 0.1551 0.1252 0.1331 
         157  1 0.1066 0.1502 0.1089 0.0846 0.0994 0.1746 0.1199 0.1557 
         158  1 0.1149 0.1157 0.1137 0.1204 0.1445 0.1361 0.1273 0.1274 
         159  1 0.1317 0.0984 0.1316 0.1566 0.1401 0.1220 0.1241 0.0955 
         160  1 0.1454 0.1355 0.1087 0.1056 0.1015 0.1277 0.1345 0.1411 
         161  1 0.1225 0.0954 0.1243 0.1537 0.1639 0.1102 0.1371 0.0929 
         162  1 0.1438 0.1663 0.1027 0.0878 0.0984 0.0939 0.1309 0.1763 
         163  1 0.1099 0.1093 0.1146 0.1194 0.1736 0.1033 0.1501 0.1198 
         164  1 0.1219 0.1573 0.1151 0.1103 0.1199 0.0989 0.1261 0.1506 
         165  1 0.1366 0.1128 0.1350 0.1763 0.1146 0.1108 0.1064 0.1075 
         166  1 0.1091 0.1136 0.1137 0.1222 0.1636 0.1352 0.1324 0.1102 
         167  1 0.1156 0.1317 0.1255 0.1034 0.1197 0.1526 0.1187 0.1327 
         168  1 0.1343 0.1105 0.1049 0.1133 0.1500 0.1228 0.1479 0.1164 
         169  1 0.1272 0.1046 0.1243 0.1376 0.1512 0.1122 0.1382 0.1047 
         170  1 0.1228 0.1349 0.1386 0.1827 0.1164 0.0911 0.1063 0.1072 
         171  1 0.1202 0.1483 0.1080 0.1217 0.1027 0.1437 0.1137 0.1419 
         172  1 0.1203 0.1247 0.1160 0.1150 0.1370 0.1170 0.1269 0.1431 
         173  1 0.1251 0.1315 0.1160 0.1058 0.1167 0.1461 0.1231 0.1358 
         174  1 0.1311 0.1117 0.1175 0.1170 0.1247 0.1308 0.1413 0.1258 
         175  1 0.1021 0.1211 0.1110 0.1171 0.1614 0.1146 0.1495 0.1233 
         176  1 0.1205 0.1303 0.1102 0.1014 0.1106 0.1674 0.1297 0.1299 
         177  1 0.1244 0.1073 0.1249 0.1377 0.1516 0.1037 0.1392 0.1112 
         178  1 0.1355 0.1228 0.1190 0.1105 0.1166 0.1377 0.1364 0.1215 
         179  1 0.1104 0.1031 0.1177 0.1133 0.1722 0.1049 0.1463 0.1321 
         180  1 0.1263 0.1120 0.1265 0.1290 0.1408 0.1216 0.1515 0.0923 
         181  1 0.1168 0.1015 0.1200 0.1160 0.1734 0.1099 0.1458 0.1166 
         182  1 0.1336 0.1035 0.1140 0.1092 0.1291 0.1458 0.1340 0.1308 
         183  1 0.1269 0.1580 0.1144 0.0890 0.0965 0.1702 0.1086 0.1363 
         184  1 0.1171 0.1346 0.1076 0.0931 0.1038 0.1881 0.1167 0.1390 
         185  1 0.1067 0.1399 0.1072 0.1018 0.1364 0.1366 0.1443 0.1271 
         186  1 0.1533 0.1717 0.1030 0.0815 0.0712 0.0924 0.1241 0.2030 
         187  1 0.1302 0.1256 0.1140 0.1288 0.1246 0.1144 0.1304 0.1320 
         188  1 0.1336 0.1085 0.1259 0.1184 0.1335 0.1316 0.1365 0.1119 
         189  1 0.1369 0.1076 0.1316 0.1149 0.1306 0.1346 0.1282 0.1156 
         190  1 0.1557 0.1727 0.1042 0.0821 0.0731 0.0978 0.1116 0.2027 
         191  1 0.1071 0.1365 0.1227 0.1046 0.1208 0.1532 0.1450 0.1102 
         192  1 0.1295 0.1234 0.1248 0.1082 0.1270 0.1286 0.1297 0.1288 
         193  1 0.1484 0.1700 0.1033 0.0983 0.0857 0.1027 0.1239 0.1677 
         194  1 0.1603 0.2008 0.1025 0.0667 0.0554 0.1134 0.1097 0.1914 
         195  1 0.1131 0.0870 0.1353 0.1633 0.1718 0.1069 0.1170 0.1056 
         196  1 0.1111 0.1080 0.1183 0.1195 0.1658 0.1090 0.1292 0.1393 
         197  1 0.1199 0.1223 0.1237 0.1176 0.1293 0.1234 0.1404 0.1233 
         198  1 0.1315 0.1482 0.1152 0.0910 0.0962 0.1866 0.1042 0.1271 
         199  1 0.1298 0.1683 0.1038 0.0911 0.1036 0.1225 0.1279 0.1529 
         200  1 0.0994 0.1065 0.1127 0.1238 0.1868 0.1064 0.1580 0.1063 
         201  1 0.1124 0.2164 0.1060 0.0608 0.0537 0.1761 0.0977 0.1769 
         202  1 0.1581 0.1911 0.1012 0.0793 0.0698 0.0899 0.1231 0.1875 
         203  1 0.1067 0.1376 0.1073 0.1066 0.1287 0.1581 0.1325 0.1224 
         204  1 0.1154 0.1682 0.1049 0.0744 0.0829 0.2062 0.0996 0.1484 
         205  1 0.1613 0.0809 0.1937 0.2558 0.1117 0.0797 0.0549 0.0620 
