           1  1 0.0448 0.2567 0.3314 0.3672 
           2  1 0.0366 0.2651 0.3210 0.3773 
           3  1 0.0193 0.2810 0.3267 0.3730 
           4  1 0.0916 0.3501 0.3440 0.2142 
           5  1 0.2799 0.1989 0.2389 0.2823 
           6  1 0.8750 0.0433 0.0449 0.0368 
           7  1 0.0646 0.2795 0.2843 0.3716 
           8  1 0.1155 0.3679 0.3061 0.2105 
           9  1 0.0294 0.4643 0.3237 0.1825 
          10  1 0.1649 0.2544 0.3784 0.2023 
          11  1 0.1810 0.2607 0.3461 0.2121 
          12  1 0.0537 0.2224 0.2489 0.4750 
          13  1 0.0249 0.2560 0.3104 0.4087 
          14  1 0.0433 0.3459 0.3255 0.2854 
          15  1 0.0238 0.2335 0.3103 0.4324 
          16  1 0.6481 0.1256 0.1353 0.0911 
          17  1 0.0535 0.4104 0.3455 0.1906 
          18  1 0.0369 0.4221 0.3216 0.2195 
          19  1 0.2493 0.2354 0.2498 0.2655 
          20  1 0.0319 0.3438 0.3206 0.3037 
          21  1 0.0882 0.1846 0.2391 0.4881 
          22  1 0.9131 0.0292 0.0320 0.0258 
          23  1 0.8602 0.0395 0.0541 0.0463 
          24  1 0.4388 0.1791 0.1686 0.2135 
          25  1 0.1718 0.2630 0.3088 0.2564 
          26  1 0.2333 0.2181 0.2577 0.2909 
          27  1 0.8943 0.0330 0.0354 0.0373 
          28  1 0.1816 0.2253 0.2824 0.3107 
          29  1 0.9080 0.0343 0.0314 0.0263 
          30  1 0.7608 0.0893 0.0851 0.0648 
          31  1 0.9464 0.0182 0.0179 0.0175 
          32  1 0.8223 0.0750 0.0498 0.0530 
          33  1 0.1651 0.2580 0.2349 0.3420 
          34  1 0.9064 0.0286 0.0322 0.0328 
          35  1 0.5169 0.1715 0.1863 0.1254 
          36  1 0.8074 0.0557 0.0622 0.0746 
          37  1 0.9021 0.0312 0.0383 0.0283 
          38  1 0.6924 0.1007 0.1116 0.0953 
          39  1 0.7793 0.0819 0.0803 0.0586 
          40  1 0.1207 0.2739 0.3149 0.2905 
          41  1 0.8309 0.0540 0.0543 0.0608 
          42  1 0.6768 0.0897 0.1083 0.1252 
          43  1 0.8804 0.0411 0.0389 0.0397 
          44  1 0.6355 0.1009 0.1234 0.1402 
          45  1 0.8567 0.0486 0.0530 0.0417 
          46  1 0.8936 0.0367 0.0385 0.0312 
          47  1 0.6600 0.1234 0.0980 0.1186 
          48  1 0.8831 0.0508 0.0369 0.0292 
          49  1 0.8673 0.0452 0.0441 0.0434 
          50  1 0.4768 0.1696 0.2072 0.1465 
          51  1 0.8330 0.0561 0.0636 0.0473 
          52  1 0.7475 0.0824 0.0952 0.0749 
          53  1 0.7009 0.1093 0.1095 0.0803 
          54  1 0.9020 0.0336 0.0327 0.0317 
          55  1 0.0714 0.3738 0.3058 0.2489 
          56  1 0.1590 0.2381 0.2756 0.3272 
          57  1 0.0631 0.3562 0.3293 0.2514 
          58  1 0.0623 0.3344 0.3496 0.2537 
          59  1 0.1917 0.2695 0.3306 0.2082 
          60  1 0.0313 0.4452 0.3198 0.2037 
          61  1 0.0270 0.4341 0.3274 0.2114 
          62  1 0.0402 0.2273 0.2778 0.4547 
          63  1 0.0532 0.2927 0.3509 0.3033 
          64  1 0.0715 0.3034 0.2888 0.3363 
          65  1 0.0777 0.3044 0.3479 0.2700 
          66  1 0.1036 0.3211 0.2849 0.2904 
          67  1 0.0327 0.3195 0.3384 0.3093 
          68  1 0.0346 0.2224 0.2775 0.4655 
          69  1 0.0246 0.3353 0.3211 0.3190 
          70  1 0.0282 0.4029 0.3268 0.2422 
          71  1 0.0766 0.2457 0.2754 0.4023 
          72  1 0.0237 0.4725 0.3288 0.1750 
          73  1 0.8419 0.0539 0.0518 0.0524 
          74  1 0.0313 0.1870 0.2659 0.5158 
          75  1 0.0204 0.4813 0.3236 0.1748 
          76  1 0.5123 0.1640 0.1525 0.1712 
          77  1 0.0277 0.2076 0.2694 0.4954 
          78  1 0.0489 0.3817 0.3255 0.2440 
          79  1 0.0946 0.4082 0.3104 0.1869 
          80  1 0.7589 0.1078 0.0777 0.0556 
          81  1 0.1275 0.3277 0.2981 0.2467 
          82  1 0.2253 0.2748 0.2528 0.2471 
          83  1 0.0310 0.3510 0.3005 0.3176 
          84  1 0.0651 0.4542 0.3088 0.1718 
          85  1 0.0867 0.2605 0.3391 0.3137 
          86  1 0.4347 0.1945 0.2337 0.1371 
          87  1 0.0318 0.3764 0.3178 0.2739 
          88  1 0.0260 0.3241 0.3298 0.3201 
          89  1 0.0460 0.3260 0.3097 0.3183 
          90  1 0.0374 0.2659 0.3435 0.3532 
          91  1 0.1694 0.2842 0.3321 0.2143 
          92  1 0.0308 0.2146 0.2413 0.5132 
          93  1 0.7642 0.0979 0.0718 0.0661 
          94  1 0.0671 0.3459 0.3263 0.2607 
          95  1 0.1780 0.2502 0.2990 0.2728 
          96  1 0.0404 0.2206 0.2547 0.4843 
          97  1 0.7224 0.1081 0.0880 0.0814 
          98  1 0.0901 0.2946 0.2945 0.3208 
          99  1 0.0161 0.1759 0.2112 0.5968 
         100  1 0.0733 0.3349 0.3577 0.2341 
         101  1 0.0510 0.4409 0.3211 0.1869 
         102  1 0.0441 0.3798 0.3299 0.2462 
         103  1 0.1179 0.2862 0.3318 0.2641 
         104  1 0.0215 0.3527 0.2985 0.3273 
         105  1 0.5180 0.1752 0.1556 0.1512 
         106  1 0.1654 0.2470 0.2808 0.3069 
         107  1 0.4829 0.2006 0.1895 0.1270 
         108  1 0.0318 0.2565 0.2702 0.4415 
         109  1 0.1431 0.1865 0.2163 0.4541 
         110  1 0.8515 0.0485 0.0564 0.0435 
         111  1 0.0510 0.3775 0.3399 0.2316 
         112  1 0.0476 0.3656 0.3152 0.2716 
         113  1 0.0397 0.2742 0.2795 0.4067 
         114  1 0.0293 0.4288 0.3250 0.2168 
         115  1 0.8691 0.0422 0.0509 0.0379 
         116  1 0.0539 0.3770 0.3190 0.2501 
         117  1 0.0158 0.1749 0.2476 0.5617 
         118  1 0.0310 0.3947 0.3469 0.2275 
         119  1 0.7949 0.0775 0.0689 0.0587 
         120  1 0.0791 0.3599 0.2738 0.2872 
         121  1 0.0336 0.3905 0.3323 0.2436 
         122  1 0.8342 0.0596 0.0518 0.0544 
         123  1 0.0845 0.2818 0.3500 0.2837 
         124  1 0.2189 0.2423 0.2865 0.2524 
         125  1 0.0632 0.2942 0.4167 0.2258 
         126  1 0.0428 0.3325 0.3074 0.3173 
         127  1 0.0639 0.3468 0.3442 0.2450 
         128  1 0.0338 0.4408 0.3102 0.2152 
         129  1 0.0235 0.2274 0.2825 0.4666 
         130  1 0.0748 0.3561 0.3408 0.2283 
         131  1 0.7819 0.0697 0.0748 0.0736 
         132  1 0.0251 0.2103 0.2213 0.5433 
         133  1 0.5527 0.1430 0.1858 0.1185 
         134  1 0.0357 0.3294 0.2933 0.3416 
         135  1 0.0349 0.2883 0.3381 0.3388 
         136  1 0.0386 0.4343 0.3298 0.1973 
         137  1 0.0584 0.2880 0.2555 0.3981 
         138  1 0.4306 0.1660 0.2226 0.1807 
         139  1 0.7000 0.1297 0.1016 0.0688 
         140  1 0.0334 0.4005 0.3046 0.2616 
         141  1 0.4144 0.1994 0.1921 0.1941 
         142  1 0.6770 0.1309 0.1132 0.0789 
         143  1 0.0339 0.4348 0.3306 0.2007 
         144  1 0.5448 0.2276 0.1435 0.0841 
         145  1 0.0398 0.2623 0.2956 0.4023 
         146  1 0.0236 0.2168 0.2567 0.5030 
         147  1 0.1041 0.2958 0.3142 0.2859 
         148  1 0.0552 0.2952 0.2480 0.4016 
         149  1 0.0434 0.3326 0.3045 0.3196 
         150  1 0.0333 0.3147 0.3696 0.2824 
         151  1 0.0260 0.4338 0.3257 0.2144 
         152  1 0.0301 0.2853 0.3020 0.3826 
         153  1 0.0469 0.2778 0.3183 0.3570 
         154  1 0.0453 0.4106 0.3104 0.2337 
         155  1 0.0359 0.4247 0.3298 0.2096 
         156  1 0.0484 0.3156 0.3227 0.3132 
         157  1 0.0439 0.2737 0.2786 0.4038 
         158  1 0.0552 0.3762 0.3144 0.2543 
         159  1 0.2108 0.2631 0.3022 0.2238 
         160  1 0.0606 0.3635 0.3267 0.2493 
         161  1 0.1526 0.2784 0.3392 0.2298 
         162  1 0.0301 0.4456 0.3315 0.1928 
         163  1 0.0382 0.3261 0.3943 0.2414 
         164  1 0.1057 0.4207 0.3012 0.1723 
         165  1 0.4651 0.1893 0.1815 0.1640 
         166  1 0.0595 0.2225 0.3226 0.3954 
         167  1 0.0711 0.2697 0.2991 0.3600 
         168  1 0.0293 0.3863 0.3502 0.2342 
         169  1 0.1537 0.2703 0.3249 0.2512 
         170  1 0.7582 0.0962 0.0845 0.0611 
         171  1 0.1547 0.2967 0.2668 0.2818 
         172  1 0.0435 0.4253 0.3396 0.1916 
         173  1 0.0718 0.2854 0.2829 0.3600 
         174  1 0.0842 0.2818 0.3231 0.3108 
         175  1 0.0347 0.3007 0.3059 0.3587 
         176  1 0.0225 0.2358 0.3026 0.4391 
         177  1 0.1096 0.3178 0.3507 0.2219 
         178  1 0.0393 0.3909 0.3429 0.2269 
         179  1 0.0317 0.2638 0.3415 0.3630 
         180  1 0.1579 0.2608 0.3155 0.2658 
         181  1 0.0375 0.2299 0.2922 0.4404 
         182  1 0.0313 0.2867 0.3397 0.3423 
         183  1 0.0365 0.1954 0.2327 0.5354 
         184  1 0.0288 0.2526 0.2692 0.4494 
         185  1 0.0220 0.2377 0.2800 0.4603 
         186  1 0.0303 0.4635 0.3076 0.1986 
         187  1 0.0817 0.3267 0.3332 0.2583 
         188  1 0.0664 0.2538 0.3327 0.3471 
         189  1 0.0395 0.3164 0.3966 0.2475 
         190  1 0.0482 0.4600 0.3164 0.1754 
         191  1 0.0622 0.2421 0.2580 0.4376 
         192  1 0.0443 0.3419 0.3603 0.2535 
         193  1 0.0299 0.4554 0.3209 0.1938 
         194  1 0.0436 0.4273 0.2923 0.2368 
         195  1 0.6148 0.1345 0.1209 0.1298 
         196  1 0.0654 0.4015 0.3342 0.1989 
         197  1 0.1235 0.3536 0.3259 0.1970 
         198  1 0.0478 0.1983 0.2443 0.5095 
         199  1 0.0256 0.3151 0.3082 0.3511 
         200  1 0.0590 0.2548 0.2966 0.3897 
         201  1 0.0212 0.3268 0.2894 0.3627 
         202  1 0.0434 0.3907 0.2865 0.2795 
         203  1 0.0342 0.1966 0.2651 0.5041 
         204  1 0.0255 0.2000 0.2488 0.5258 
         205  1 0.9367 0.0212 0.0232 0.0189 
