           1  1 0.3446 0.0422 0.3475 0.2658 
           2  1 0.4342 0.0492 0.3561 0.1605 
           3  1 0.4497 0.0228 0.4120 0.1155 
           4  1 0.2706 0.1062 0.2110 0.4121 
           5  1 0.2915 0.3207 0.2679 0.1199 
           6  1 0.0559 0.8489 0.0446 0.0506 
           7  1 0.2715 0.0739 0.3702 0.2844 
           8  1 0.2238 0.1348 0.2050 0.4364 
           9  1 0.1367 0.0347 0.1463 0.6823 
          10  1 0.4883 0.1544 0.2378 0.1195 
          11  1 0.4729 0.2247 0.2372 0.0653 
          12  1 0.1802 0.0639 0.4614 0.2945 
          13  1 0.2794 0.0307 0.4221 0.2679 
          14  1 0.3089 0.0522 0.2655 0.3734 
          15  1 0.3541 0.0242 0.4481 0.1736 
          16  1 0.2065 0.6192 0.1008 0.0735 
          17  1 0.2215 0.0590 0.1747 0.5448 
          18  1 0.2155 0.0396 0.1968 0.5481 
          19  1 0.3712 0.2337 0.2829 0.1121 
          20  1 0.2284 0.0371 0.3041 0.4304 
          21  1 0.2392 0.1139 0.4680 0.1790 
          22  1 0.0451 0.9054 0.0266 0.0228 
          23  1 0.0659 0.8571 0.0567 0.0204 
          24  1 0.1926 0.4271 0.2103 0.1700 
          25  1 0.4705 0.1697 0.2520 0.1078 
          26  1 0.2177 0.2757 0.2846 0.2220 
          27  1 0.0695 0.8621 0.0420 0.0263 
          28  1 0.3482 0.2067 0.3179 0.1273 
          29  1 0.0602 0.8702 0.0332 0.0364 
          30  1 0.1086 0.7427 0.0685 0.0802 
          31  1 0.0244 0.9381 0.0166 0.0209 
          32  1 0.0487 0.7872 0.0692 0.0949 
          33  1 0.3433 0.2102 0.3005 0.1460 
          34  1 0.0478 0.8884 0.0328 0.0311 
          35  1 0.3258 0.4935 0.1267 0.0540 
          36  1 0.0674 0.7776 0.0963 0.0587 
          37  1 0.0674 0.8810 0.0348 0.0168 
          38  1 0.1434 0.7275 0.0839 0.0452 
          39  1 0.1743 0.7343 0.0596 0.0318 
          40  1 0.4594 0.1583 0.2702 0.1121 
          41  1 0.0779 0.7882 0.0736 0.0603 
          42  1 0.1612 0.6242 0.1382 0.0764 
          43  1 0.0487 0.8469 0.0547 0.0498 
          44  1 0.1640 0.6266 0.1446 0.0648 
          45  1 0.0643 0.8508 0.0504 0.0345 
          46  1 0.0572 0.8776 0.0340 0.0312 
          47  1 0.1596 0.6473 0.1170 0.0761 
          48  1 0.0536 0.8680 0.0340 0.0444 
          49  1 0.0689 0.8361 0.0526 0.0423 
          50  1 0.3509 0.4289 0.1362 0.0840 
          51  1 0.1016 0.8124 0.0531 0.0330 
          52  1 0.1656 0.7214 0.0780 0.0349 
          53  1 0.1561 0.6843 0.0804 0.0792 
          54  1 0.0470 0.8866 0.0373 0.0290 
          55  1 0.1855 0.0862 0.2271 0.5012 
          56  1 0.3415 0.1686 0.3101 0.1798 
          57  1 0.3513 0.0794 0.2432 0.3262 
          58  1 0.3677 0.0692 0.2642 0.2989 
          59  1 0.5304 0.1855 0.2016 0.0824 
          60  1 0.1621 0.0385 0.1618 0.6376 
          61  1 0.1689 0.0339 0.1812 0.6160 
          62  1 0.3879 0.0443 0.3998 0.1681 
          63  1 0.4999 0.0595 0.3225 0.1181 
          64  1 0.2311 0.0748 0.2916 0.4025 
          65  1 0.4696 0.0942 0.3047 0.1315 
          66  1 0.2384 0.1151 0.2918 0.3547 
          67  1 0.3899 0.0353 0.3076 0.2672 
          68  1 0.3762 0.0437 0.4202 0.1599 
          69  1 0.2067 0.0288 0.3056 0.4589 
          70  1 0.1713 0.0367 0.2279 0.5642 
          71  1 0.2628 0.0905 0.4042 0.2425 
          72  1 0.1331 0.0291 0.1328 0.7050 
          73  1 0.0702 0.8106 0.0579 0.0614 
          74  1 0.2574 0.0372 0.5177 0.1877 
          75  1 0.1245 0.0227 0.1389 0.7139 
          76  1 0.2363 0.5480 0.1666 0.0491 
          77  1 0.2479 0.0324 0.5148 0.2049 
          78  1 0.2142 0.0552 0.2310 0.4996 
          79  1 0.1704 0.1073 0.1636 0.5587 
          80  1 0.0721 0.7330 0.0635 0.1314 
          81  1 0.2285 0.1501 0.2474 0.3739 
          82  1 0.2565 0.2253 0.2314 0.2868 
          83  1 0.1328 0.0319 0.2851 0.5502 
          84  1 0.1357 0.0703 0.1452 0.6487 
          85  1 0.4210 0.1092 0.3452 0.1246 
          86  1 0.3732 0.4338 0.1390 0.0540 
          87  1 0.3331 0.0364 0.2921 0.3383 
          88  1 0.2863 0.0303 0.3294 0.3540 
          89  1 0.3101 0.0594 0.3338 0.2966 
          90  1 0.3388 0.0470 0.4039 0.2104 
          91  1 0.4315 0.1813 0.2436 0.1436 
          92  1 0.1892 0.0336 0.5183 0.2589 
          93  1 0.0852 0.7081 0.0828 0.1239 
          94  1 0.3699 0.0759 0.2555 0.2987 
          95  1 0.3540 0.2381 0.2918 0.1162 
          96  1 0.1401 0.0447 0.4465 0.3688 
          97  1 0.0976 0.7076 0.0792 0.1155 
          98  1 0.3257 0.0929 0.3256 0.2558 
          99  1 0.1718 0.0186 0.5813 0.2284 
         100  1 0.4145 0.0863 0.2678 0.2315 
         101  1 0.1605 0.0605 0.1620 0.6170 
         102  1 0.3075 0.0539 0.2466 0.3920 
         103  1 0.3962 0.1191 0.2818 0.2029 
         104  1 0.1155 0.0244 0.3012 0.5590 
         105  1 0.2475 0.4856 0.1575 0.1093 
         106  1 0.4092 0.1671 0.3128 0.1109 
         107  1 0.2420 0.4290 0.1377 0.1914 
         108  1 0.3241 0.0401 0.4295 0.2063 
         109  1 0.1838 0.1338 0.4523 0.2300 
         110  1 0.0749 0.8434 0.0429 0.0388 
         111  1 0.2191 0.0592 0.2264 0.4953 
         112  1 0.2270 0.0538 0.2626 0.4566 
         113  1 0.1792 0.0440 0.3763 0.4006 
         114  1 0.2298 0.0348 0.1990 0.5363 
         115  1 0.0858 0.8358 0.0449 0.0335 
         116  1 0.1973 0.0550 0.2152 0.5324 
         117  1 0.1655 0.0179 0.5531 0.2635 
         118  1 0.2907 0.0359 0.2234 0.4500 
         119  1 0.0945 0.7542 0.0657 0.0856 
         120  1 0.1738 0.0821 0.2652 0.4790 
         121  1 0.1952 0.0357 0.2464 0.5228 
         122  1 0.0728 0.7986 0.0661 0.0625 
         123  1 0.4666 0.0900 0.3090 0.1344 
         124  1 0.3539 0.2595 0.2529 0.1338 
         125  1 0.6010 0.0709 0.2435 0.0847 
         126  1 0.2166 0.0484 0.2833 0.4517 
         127  1 0.2913 0.0738 0.2546 0.3803 
         128  1 0.2039 0.0407 0.1886 0.5668 
         129  1 0.2191 0.0260 0.4697 0.2853 
         130  1 0.3841 0.0930 0.2445 0.2784 
         131  1 0.0965 0.7439 0.0837 0.0758 
         132  1 0.1881 0.0296 0.5386 0.2436 
         133  1 0.2233 0.5996 0.1304 0.0467 
         134  1 0.1575 0.0422 0.3036 0.4966 
         135  1 0.4236 0.0395 0.3287 0.2082 
         136  1 0.1582 0.0465 0.1895 0.6058 
         137  1 0.2047 0.0648 0.3774 0.3532 
         138  1 0.3427 0.4154 0.1854 0.0564 
         139  1 0.1733 0.6442 0.0746 0.1080 
         140  1 0.2064 0.0352 0.2420 0.5164 
         141  1 0.2519 0.4132 0.2127 0.1222 
         142  1 0.1585 0.6274 0.0756 0.1385 
         143  1 0.1975 0.0437 0.1899 0.5689 
         144  1 0.0938 0.5231 0.0838 0.2992 
         145  1 0.3179 0.0517 0.4251 0.2052 
         146  1 0.1919 0.0264 0.5113 0.2705 
         147  1 0.3933 0.1290 0.3002 0.1775 
         148  1 0.2487 0.0627 0.4005 0.2881 
         149  1 0.3042 0.0523 0.3207 0.3229 
         150  1 0.5124 0.0378 0.2864 0.1634 
         151  1 0.1411 0.0310 0.1957 0.6323 
         152  1 0.2653 0.0352 0.3572 0.3423 
         153  1 0.3182 0.0552 0.3781 0.2485 
         154  1 0.1414 0.0487 0.2191 0.5908 
         155  1 0.1835 0.0409 0.1754 0.6002 
         156  1 0.2289 0.0589 0.3120 0.4002 
         157  1 0.1755 0.0455 0.3865 0.3925 
         158  1 0.2982 0.0668 0.2685 0.3666 
         159  1 0.3409 0.2355 0.2642 0.1594 
         160  1 0.2499 0.0679 0.2392 0.4431 
         161  1 0.4471 0.1709 0.2725 0.1096 
         162  1 0.1573 0.0321 0.1692 0.6414 
         163  1 0.4255 0.0456 0.2658 0.2630 
         164  1 0.2143 0.1109 0.1491 0.5257 
         165  1 0.1950 0.4711 0.1558 0.1780 
         166  1 0.3639 0.0678 0.3959 0.1724 
         167  1 0.2940 0.0837 0.3524 0.2699 
         168  1 0.3894 0.0325 0.2613 0.3169 
         169  1 0.4264 0.1693 0.2846 0.1198 
         170  1 0.0973 0.7223 0.0643 0.1161 
         171  1 0.1958 0.1693 0.2713 0.3636 
         172  1 0.2276 0.0546 0.1930 0.5248 
         173  1 0.2608 0.0758 0.3889 0.2745 
         174  1 0.3010 0.0982 0.2974 0.3035 
         175  1 0.3062 0.0425 0.3280 0.3233 
         176  1 0.2552 0.0263 0.4666 0.2518 
         177  1 0.4013 0.1203 0.2550 0.2233 
         178  1 0.2342 0.0494 0.2103 0.5061 
         179  1 0.4305 0.0345 0.3646 0.1705 
         180  1 0.3923 0.1836 0.2901 0.1340 
         181  1 0.4143 0.0409 0.4022 0.1426 
         182  1 0.3469 0.0389 0.3925 0.2216 
         183  1 0.2093 0.0423 0.5369 0.2115 
         184  1 0.1920 0.0323 0.4262 0.3496 
         185  1 0.2283 0.0264 0.4423 0.3029 
         186  1 0.1405 0.0361 0.1624 0.6610 
         187  1 0.3105 0.1056 0.2603 0.3237 
         188  1 0.4030 0.0857 0.3971 0.1142 
         189  1 0.4002 0.0484 0.2988 0.2527 
         190  1 0.1183 0.0545 0.1323 0.6949 
         191  1 0.3072 0.0745 0.4377 0.1807 
         192  1 0.3292 0.0545 0.2667 0.3496 
         193  1 0.1619 0.0361 0.1581 0.6438 
         194  1 0.1196 0.0424 0.1897 0.6482 
         195  1 0.2207 0.6120 0.1182 0.0491 
         196  1 0.3626 0.0687 0.2190 0.3496 
         197  1 0.3061 0.1301 0.1778 0.3860 
         198  1 0.2330 0.0603 0.5361 0.1705 
         199  1 0.2186 0.0308 0.3136 0.4371 
         200  1 0.3771 0.0631 0.3608 0.1990 
         201  1 0.1101 0.0236 0.3201 0.5462 
         202  1 0.1616 0.0472 0.2324 0.5587 
         203  1 0.2602 0.0399 0.4660 0.2338 
         204  1 0.1967 0.0277 0.5183 0.2573 
         205  1 0.0329 0.9238 0.0211 0.0222 
