           1  1 0.2571 0.1660 0.2363 0.0362 0.3044 
           2  1 0.2660 0.1386 0.2860 0.0406 0.2689 
           3  1 0.2595 0.1107 0.2932 0.0213 0.3153 
           4  1 0.1787 0.3603 0.2086 0.0888 0.1636 
           5  1 0.2202 0.0847 0.2432 0.2390 0.2128 
           6  1 0.0493 0.0527 0.0496 0.7950 0.0534 
           7  1 0.2759 0.1606 0.2663 0.0610 0.2361 
           8  1 0.1939 0.3515 0.1815 0.1054 0.1676 
           9  1 0.1646 0.6069 0.0665 0.0319 0.1300 
          10  1 0.1918 0.1218 0.2253 0.1365 0.3245 
          11  1 0.2161 0.0837 0.2526 0.1804 0.2671 
          12  1 0.2844 0.1644 0.3077 0.0562 0.1873 
          13  1 0.2691 0.1754 0.3296 0.0265 0.1994 
          14  1 0.2031 0.3379 0.2055 0.0464 0.2071 
          15  1 0.2972 0.0966 0.3405 0.0219 0.2438 
          16  1 0.1120 0.0852 0.1138 0.5342 0.1548 
          17  1 0.1966 0.4364 0.1329 0.0559 0.1782 
          18  1 0.2022 0.3999 0.1665 0.0379 0.1934 
          19  1 0.2400 0.1195 0.2479 0.1408 0.2519 
          20  1 0.2011 0.3566 0.2281 0.0344 0.1798 
          21  1 0.2745 0.0997 0.3504 0.0951 0.1803 
          22  1 0.0405 0.0255 0.0371 0.8484 0.0485 
          23  1 0.0538 0.0247 0.0601 0.8043 0.0570 
          24  1 0.1685 0.1345 0.1718 0.3397 0.1854 
          25  1 0.2379 0.0926 0.2144 0.1095 0.3456 
          26  1 0.2042 0.1722 0.2070 0.2233 0.1934 
          27  1 0.0495 0.0318 0.0582 0.8026 0.0579 
          28  1 0.2344 0.1124 0.2349 0.1615 0.2568 
          29  1 0.0373 0.0443 0.0395 0.8183 0.0605 
          30  1 0.0704 0.0865 0.0686 0.6669 0.1077 
          31  1 0.0236 0.0239 0.0218 0.9069 0.0238 
          32  1 0.0556 0.1035 0.0559 0.7229 0.0621 
          33  1 0.2374 0.1188 0.2476 0.1489 0.2472 
          34  1 0.0395 0.0344 0.0379 0.8367 0.0515 
          35  1 0.1569 0.0764 0.1761 0.3334 0.2572 
          36  1 0.0796 0.0500 0.0846 0.6971 0.0886 
          37  1 0.0366 0.0243 0.0485 0.8282 0.0624 
          38  1 0.1040 0.0586 0.1003 0.6083 0.1288 
          39  1 0.0897 0.0400 0.0781 0.6132 0.1790 
          40  1 0.2298 0.1100 0.2384 0.1180 0.3038 
          41  1 0.0701 0.0563 0.0723 0.7044 0.0968 
          42  1 0.1304 0.0636 0.1438 0.5007 0.1615 
          43  1 0.0479 0.0496 0.0501 0.7953 0.0571 
          44  1 0.1321 0.0682 0.1296 0.5111 0.1590 
          45  1 0.0511 0.0370 0.0467 0.8020 0.0631 
          46  1 0.0367 0.0377 0.0445 0.8286 0.0525 
          47  1 0.1242 0.0727 0.1052 0.5394 0.1585 
          48  1 0.0435 0.0588 0.0408 0.8031 0.0538 
          49  1 0.0618 0.0457 0.0591 0.7590 0.0743 
          50  1 0.1592 0.1023 0.1801 0.2687 0.2897 
          51  1 0.0636 0.0369 0.0689 0.7367 0.0938 
          52  1 0.0747 0.0457 0.0947 0.6386 0.1464 
          53  1 0.0987 0.0876 0.0892 0.5738 0.1507 
          54  1 0.0432 0.0318 0.0409 0.8345 0.0496 
          55  1 0.2001 0.3896 0.1782 0.0713 0.1609 
          56  1 0.2233 0.1228 0.2492 0.1375 0.2673 
          57  1 0.2247 0.2720 0.2156 0.0647 0.2231 
          58  1 0.2297 0.2379 0.2750 0.0495 0.2079 
          59  1 0.1986 0.0996 0.1891 0.1053 0.4075 
          60  1 0.1632 0.5682 0.1065 0.0339 0.1282 
          61  1 0.1843 0.5531 0.0884 0.0294 0.1448 
          62  1 0.2651 0.1058 0.2713 0.0426 0.3152 
          63  1 0.2415 0.1090 0.2481 0.0458 0.3556 
          64  1 0.2065 0.2950 0.2132 0.0737 0.2117 
          65  1 0.2366 0.1257 0.2710 0.0700 0.2967 
          66  1 0.2327 0.2436 0.2217 0.1056 0.1964 
          67  1 0.2348 0.1852 0.2749 0.0322 0.2729 
          68  1 0.2877 0.1081 0.3032 0.0396 0.2614 
          69  1 0.1994 0.3802 0.2247 0.0260 0.1697 
          70  1 0.1741 0.4828 0.1507 0.0352 0.1573 
          71  1 0.2700 0.1559 0.2730 0.0832 0.2178 
          72  1 0.1508 0.6438 0.0607 0.0264 0.1183 
          73  1 0.0696 0.0544 0.0639 0.7362 0.0759 
          74  1 0.2872 0.1151 0.3331 0.0351 0.2295 
          75  1 0.1458 0.6545 0.0579 0.0211 0.1207 
          76  1 0.1774 0.0601 0.1428 0.4171 0.2026 
          77  1 0.2747 0.1279 0.3444 0.0303 0.2228 
          78  1 0.1854 0.3939 0.1644 0.0486 0.2078 
          79  1 0.1850 0.4084 0.1293 0.0990 0.1783 
          80  1 0.0745 0.1553 0.0518 0.6422 0.0761 
          81  1 0.2099 0.2681 0.2074 0.1301 0.1845 
          82  1 0.2027 0.1561 0.2016 0.1812 0.2583 
          83  1 0.1895 0.4143 0.1850 0.0308 0.1805 
          84  1 0.1472 0.5895 0.0639 0.0667 0.1327 
          85  1 0.2596 0.1190 0.2933 0.0948 0.2332 
          86  1 0.1604 0.0632 0.1659 0.3273 0.2832 
          87  1 0.2656 0.1955 0.2433 0.0314 0.2640 
          88  1 0.2439 0.2586 0.2215 0.0270 0.2490 
          89  1 0.2664 0.1987 0.2735 0.0477 0.2137 
          90  1 0.2713 0.1520 0.3111 0.0414 0.2242 
          91  1 0.2158 0.1364 0.2436 0.1331 0.2711 
          92  1 0.2997 0.1368 0.3707 0.0300 0.1628 
          93  1 0.0809 0.1349 0.0705 0.6210 0.0927 
          94  1 0.2357 0.1665 0.2390 0.0583 0.3005 
          95  1 0.2309 0.1131 0.2572 0.1746 0.2241 
          96  1 0.2605 0.1969 0.3156 0.0424 0.1846 
          97  1 0.0883 0.1292 0.0756 0.6113 0.0955 
          98  1 0.2213 0.1733 0.2419 0.0797 0.2838 
          99  1 0.3082 0.1085 0.3923 0.0181 0.1730 
         100  1 0.2292 0.1553 0.2598 0.0667 0.2890 
         101  1 0.1692 0.5481 0.0812 0.0534 0.1482 
         102  1 0.2415 0.2737 0.2067 0.0443 0.2338 
         103  1 0.2248 0.1716 0.2672 0.0913 0.2451 
         104  1 0.1806 0.4210 0.2019 0.0250 0.1715 
         105  1 0.1717 0.1098 0.1571 0.3753 0.1861 
         106  1 0.2576 0.1007 0.2144 0.1133 0.3139 
         107  1 0.1547 0.1902 0.1290 0.3129 0.2132 
         108  1 0.2767 0.1343 0.2897 0.0346 0.2647 
         109  1 0.2677 0.1241 0.3036 0.0945 0.2101 
         110  1 0.0524 0.0511 0.0614 0.7601 0.0751 
         111  1 0.2007 0.3704 0.1867 0.0571 0.1852 
         112  1 0.1936 0.4028 0.1951 0.0470 0.1615 
         113  1 0.2568 0.2361 0.2654 0.0387 0.2029 
         114  1 0.1869 0.4297 0.1605 0.0330 0.1900 
         115  1 0.0557 0.0360 0.0593 0.7514 0.0976 
         116  1 0.1700 0.4467 0.1480 0.0528 0.1825 
         117  1 0.3065 0.1183 0.3790 0.0157 0.1806 
         118  1 0.2420 0.3414 0.1715 0.0344 0.2108 
         119  1 0.0797 0.1056 0.0693 0.6591 0.0863 
         120  1 0.2182 0.3553 0.1775 0.0698 0.1792 
         121  1 0.2062 0.3913 0.1680 0.0302 0.2043 
         122  1 0.0668 0.0646 0.0673 0.7192 0.0821 
         123  1 0.2405 0.1061 0.3067 0.0703 0.2765 
         124  1 0.2151 0.1135 0.2059 0.2018 0.2637 
         125  1 0.2303 0.0924 0.2472 0.0545 0.3755 
         126  1 0.1944 0.3547 0.2105 0.0457 0.1948 
         127  1 0.2149 0.2915 0.2242 0.0657 0.2038 
         128  1 0.1772 0.5046 0.1301 0.0395 0.1486 
         129  1 0.2841 0.1753 0.3428 0.0250 0.1728 
         130  1 0.2610 0.1797 0.2004 0.0713 0.2875 
         131  1 0.0832 0.0633 0.0815 0.6750 0.0971 
         132  1 0.3026 0.1283 0.3601 0.0269 0.1821 
         133  1 0.1341 0.0604 0.1376 0.4991 0.1687 
         134  1 0.1978 0.3383 0.2109 0.0426 0.2104 
         135  1 0.2363 0.1642 0.2616 0.0330 0.3049 
         136  1 0.1770 0.5310 0.1072 0.0421 0.1427 
         137  1 0.2411 0.2196 0.2877 0.0632 0.1884 
         138  1 0.1874 0.0686 0.2228 0.3282 0.1929 
         139  1 0.1016 0.1137 0.0830 0.5293 0.1724 
         140  1 0.1886 0.4106 0.1821 0.0349 0.1838 
         141  1 0.1961 0.1091 0.1791 0.3124 0.2033 
         142  1 0.1069 0.1579 0.0876 0.5243 0.1233 
         143  1 0.1925 0.4566 0.1541 0.0407 0.1561 
         144  1 0.1012 0.3397 0.0554 0.4047 0.0989 
         145  1 0.2847 0.1361 0.3302 0.0419 0.2070 
         146  1 0.3085 0.1402 0.3399 0.0246 0.1868 
         147  1 0.2472 0.1324 0.3047 0.0861 0.2296 
         148  1 0.2944 0.1625 0.2927 0.0529 0.1975 
         149  1 0.2600 0.2057 0.2369 0.0458 0.2515 
         150  1 0.2337 0.1179 0.2353 0.0297 0.3835 
         151  1 0.1662 0.5440 0.1065 0.0311 0.1521 
         152  1 0.2426 0.2083 0.2711 0.0346 0.2434 
         153  1 0.2501 0.1830 0.2843 0.0453 0.2373 
         154  1 0.1723 0.4949 0.1351 0.0429 0.1548 
         155  1 0.1728 0.5315 0.1156 0.0377 0.1424 
         156  1 0.2387 0.2730 0.2583 0.0499 0.1801 
         157  1 0.2404 0.2247 0.2840 0.0425 0.2084 
         158  1 0.2408 0.2518 0.2005 0.0615 0.2454 
         159  1 0.2161 0.1328 0.2463 0.1768 0.2280 
         160  1 0.1802 0.4144 0.1754 0.0599 0.1702 
         161  1 0.2178 0.1135 0.2315 0.1266 0.3107 
         162  1 0.1645 0.5681 0.0859 0.0298 0.1516 
         163  1 0.2243 0.2222 0.2171 0.0366 0.2997 
         164  1 0.1665 0.4815 0.0906 0.0792 0.1822 
         165  1 0.1500 0.1443 0.1453 0.3846 0.1758 
         166  1 0.2390 0.1394 0.2809 0.0592 0.2815 
         167  1 0.2607 0.1542 0.2756 0.0674 0.2421 
         168  1 0.2096 0.2840 0.2194 0.0293 0.2577 
         169  1 0.2218 0.1238 0.2869 0.1203 0.2472 
         170  1 0.0871 0.1252 0.0693 0.6218 0.0965 
         171  1 0.2104 0.2439 0.2038 0.1425 0.1994 
         172  1 0.2096 0.3848 0.1439 0.0488 0.2129 
         173  1 0.2786 0.1751 0.2552 0.0706 0.2205 
         174  1 0.2384 0.2136 0.2419 0.0826 0.2236 
         175  1 0.2396 0.2207 0.2225 0.0371 0.2801 
         176  1 0.2810 0.1588 0.3189 0.0241 0.2172 
         177  1 0.2248 0.1694 0.2677 0.0881 0.2500 
         178  1 0.1980 0.3992 0.1946 0.0427 0.1656 
         179  1 0.2821 0.0934 0.2622 0.0324 0.3299 
         180  1 0.2191 0.1369 0.2687 0.1331 0.2423 
         181  1 0.2579 0.1028 0.3078 0.0377 0.2939 
         182  1 0.3108 0.1492 0.2804 0.0345 0.2250 
         183  1 0.3054 0.1155 0.3466 0.0375 0.1950 
         184  1 0.2630 0.2160 0.2938 0.0326 0.1945 
         185  1 0.2707 0.1811 0.2901 0.0273 0.2308 
         186  1 0.1779 0.5677 0.0848 0.0332 0.1364 
         187  1 0.2260 0.2553 0.2030 0.0798 0.2359 
         188  1 0.2669 0.1128 0.3254 0.0693 0.2255 
         189  1 0.2582 0.1627 0.3160 0.0391 0.2240 
         190  1 0.1537 0.6099 0.0605 0.0520 0.1239 
         191  1 0.2774 0.1070 0.3278 0.0627 0.2251 
         192  1 0.2588 0.2267 0.2632 0.0449 0.2064 
         193  1 0.1642 0.5679 0.0947 0.0348 0.1384 
         194  1 0.1639 0.5448 0.1189 0.0389 0.1335 
         195  1 0.1436 0.0624 0.1404 0.4639 0.1896 
         196  1 0.2207 0.2587 0.1670 0.0570 0.2965 
         197  1 0.1976 0.2809 0.1974 0.1007 0.2234 
         198  1 0.2880 0.1165 0.3593 0.0527 0.1834 
         199  1 0.2343 0.2961 0.2330 0.0280 0.2085 
         200  1 0.2388 0.1345 0.2511 0.0543 0.3212 
         201  1 0.1816 0.4171 0.2010 0.0225 0.1777 
         202  1 0.1862 0.4694 0.1382 0.0403 0.1659 
         203  1 0.2804 0.1350 0.2996 0.0388 0.2463 
         204  1 0.2959 0.1363 0.3396 0.0262 0.2020 
         205  1 0.0246 0.0259 0.0251 0.8975 0.0269 
