           1  1 0.0427 0.3656 0.3259 0.2658 
           2  1 0.0423 0.3385 0.2895 0.3297 
           3  1 0.0252 0.3686 0.3239 0.2823 
           4  1 0.0995 0.2675 0.2764 0.3566 
           5  1 0.3175 0.2749 0.2045 0.2032 
           6  1 0.8433 0.0514 0.0524 0.0529 
           7  1 0.0667 0.3138 0.3331 0.2863 
           8  1 0.1243 0.2379 0.2768 0.3610 
           9  1 0.0370 0.2083 0.3520 0.4027 
          10  1 0.1523 0.3045 0.2922 0.2510 
          11  1 0.2165 0.2932 0.2614 0.2289 
          12  1 0.0658 0.3428 0.3114 0.2799 
          13  1 0.0319 0.3560 0.2945 0.3176 
          14  1 0.0511 0.2887 0.3094 0.3508 
          15  1 0.0269 0.3974 0.2994 0.2763 
          16  1 0.6370 0.1267 0.1242 0.1121 
          17  1 0.0580 0.2404 0.3353 0.3663 
          18  1 0.0408 0.2427 0.3336 0.3829 
          19  1 0.2474 0.2735 0.2408 0.2383 
          20  1 0.0381 0.2954 0.3276 0.3390 
          21  1 0.1042 0.3623 0.2852 0.2484 
          22  1 0.8991 0.0346 0.0326 0.0337 
          23  1 0.8544 0.0575 0.0414 0.0466 
          24  1 0.4393 0.2000 0.1815 0.1792 
          25  1 0.1618 0.3217 0.2788 0.2376 
          26  1 0.2766 0.2649 0.2356 0.2229 
          27  1 0.8538 0.0547 0.0405 0.0510 
          28  1 0.1985 0.2992 0.2730 0.2294 
          29  1 0.8761 0.0372 0.0425 0.0442 
          30  1 0.7173 0.0943 0.0955 0.0929 
          31  1 0.9335 0.0202 0.0230 0.0233 
          32  1 0.7981 0.0637 0.0731 0.0651 
          33  1 0.1886 0.2888 0.2510 0.2716 
          34  1 0.8886 0.0395 0.0374 0.0345 
          35  1 0.4808 0.1849 0.1743 0.1600 
          36  1 0.7778 0.0832 0.0753 0.0636 
          37  1 0.8740 0.0469 0.0394 0.0398 
          38  1 0.6961 0.1044 0.0985 0.1011 
          39  1 0.7483 0.0897 0.0951 0.0669 
          40  1 0.1259 0.2961 0.2842 0.2938 
          41  1 0.7907 0.0692 0.0735 0.0667 
          42  1 0.6320 0.1440 0.1182 0.1058 
          43  1 0.8514 0.0542 0.0498 0.0446 
          44  1 0.6402 0.1400 0.1132 0.1066 
          45  1 0.8506 0.0528 0.0454 0.0511 
          46  1 0.8821 0.0370 0.0367 0.0442 
          47  1 0.6319 0.1309 0.1301 0.1072 
          48  1 0.8643 0.0446 0.0456 0.0455 
          49  1 0.8406 0.0509 0.0573 0.0513 
          50  1 0.4260 0.1940 0.2064 0.1736 
          51  1 0.8164 0.0666 0.0630 0.0540 
          52  1 0.7187 0.1031 0.0991 0.0792 
          53  1 0.6675 0.1087 0.1182 0.1056 
          54  1 0.8838 0.0411 0.0375 0.0375 
          55  1 0.0776 0.2618 0.3130 0.3476 
          56  1 0.1647 0.3052 0.2711 0.2590 
          57  1 0.0791 0.2901 0.2856 0.3452 
          58  1 0.0711 0.2948 0.2769 0.3573 
          59  1 0.1557 0.2957 0.3055 0.2432 
          60  1 0.0384 0.2252 0.3392 0.3973 
          61  1 0.0320 0.2394 0.3420 0.3865 
          62  1 0.0492 0.3534 0.3136 0.2839 
          63  1 0.0561 0.3415 0.3331 0.2694 
          64  1 0.0756 0.2878 0.3233 0.3133 
          65  1 0.0885 0.3418 0.2704 0.2993 
          66  1 0.1224 0.2788 0.3005 0.2982 
          67  1 0.0358 0.3277 0.3039 0.3326 
          68  1 0.0409 0.3630 0.3052 0.2910 
          69  1 0.0296 0.2943 0.3223 0.3539 
          70  1 0.0353 0.2491 0.3451 0.3705 
          71  1 0.0916 0.3348 0.2966 0.2771 
          72  1 0.0317 0.2126 0.3579 0.3978 
          73  1 0.8029 0.0648 0.0676 0.0646 
          74  1 0.0360 0.3711 0.2971 0.2958 
          75  1 0.0219 0.2093 0.3632 0.4056 
          76  1 0.5457 0.1720 0.1365 0.1458 
          77  1 0.0317 0.3730 0.3016 0.2936 
          78  1 0.0591 0.2609 0.3406 0.3394 
          79  1 0.1003 0.2135 0.3213 0.3649 
          80  1 0.7422 0.0787 0.0868 0.0923 
          81  1 0.1510 0.2422 0.3074 0.2994 
          82  1 0.2309 0.2369 0.2937 0.2385 
          83  1 0.0323 0.2839 0.3665 0.3173 
          84  1 0.0763 0.2094 0.3410 0.3733 
          85  1 0.1097 0.3507 0.2870 0.2526 
          86  1 0.4381 0.2075 0.2068 0.1476 
          87  1 0.0347 0.2893 0.3302 0.3458 
          88  1 0.0293 0.3197 0.3473 0.3037 
          89  1 0.0564 0.3195 0.2941 0.3300 
          90  1 0.0511 0.3651 0.2950 0.2888 
          91  1 0.1647 0.2930 0.2615 0.2809 
          92  1 0.0355 0.3791 0.2920 0.2935 
          93  1 0.7220 0.0899 0.0997 0.0884 
          94  1 0.0760 0.2938 0.3052 0.3249 
          95  1 0.2149 0.2891 0.2370 0.2590 
          96  1 0.0431 0.3782 0.2916 0.2871 
          97  1 0.7015 0.0884 0.1083 0.1018 
          98  1 0.0946 0.3099 0.3085 0.2870 
          99  1 0.0196 0.4104 0.2812 0.2888 
         100  1 0.0815 0.3094 0.2954 0.3137 
         101  1 0.0621 0.2227 0.3419 0.3733 
         102  1 0.0516 0.2770 0.3208 0.3506 
         103  1 0.1166 0.3153 0.2756 0.2925 
         104  1 0.0266 0.2858 0.3672 0.3205 
         105  1 0.5006 0.1720 0.1752 0.1522 
         106  1 0.1746 0.3198 0.2758 0.2298 
         107  1 0.4311 0.1637 0.2234 0.1818 
         108  1 0.0386 0.3618 0.3154 0.2843 
         109  1 0.1466 0.3381 0.2631 0.2522 
         110  1 0.8457 0.0507 0.0508 0.0528 
         111  1 0.0591 0.2644 0.3148 0.3617 
         112  1 0.0548 0.2757 0.2914 0.3782 
         113  1 0.0431 0.3405 0.3070 0.3094 
         114  1 0.0366 0.2358 0.3348 0.3929 
         115  1 0.8322 0.0568 0.0580 0.0530 
         116  1 0.0592 0.2656 0.3123 0.3629 
         117  1 0.0180 0.4121 0.2893 0.2806 
         118  1 0.0402 0.2708 0.3231 0.3659 
         119  1 0.7519 0.0752 0.0903 0.0825 
         120  1 0.0855 0.2859 0.2910 0.3376 
         121  1 0.0368 0.2629 0.3674 0.3329 
         122  1 0.8098 0.0631 0.0634 0.0637 
         123  1 0.0921 0.3427 0.3094 0.2558 
         124  1 0.2590 0.2642 0.2550 0.2218 
         125  1 0.0760 0.3539 0.3166 0.2535 
         126  1 0.0475 0.3013 0.3054 0.3459 
         127  1 0.0736 0.2657 0.3298 0.3309 
         128  1 0.0430 0.2343 0.3212 0.4015 
         129  1 0.0275 0.3758 0.2944 0.3024 
         130  1 0.0881 0.2731 0.3448 0.2941 
         131  1 0.7598 0.0856 0.0831 0.0715 
         132  1 0.0289 0.3773 0.2947 0.2992 
         133  1 0.5922 0.1508 0.1316 0.1254 
         134  1 0.0427 0.2869 0.3579 0.3125 
         135  1 0.0395 0.3381 0.3258 0.2966 
         136  1 0.0464 0.2322 0.3402 0.3812 
         137  1 0.0674 0.3250 0.3118 0.2958 
         138  1 0.4314 0.2363 0.1816 0.1507 
         139  1 0.6585 0.0975 0.1340 0.1101 
         140  1 0.0399 0.2714 0.3372 0.3515 
         141  1 0.4054 0.2227 0.1879 0.1840 
         142  1 0.6417 0.1046 0.1315 0.1222 
         143  1 0.0429 0.2237 0.3430 0.3904 
         144  1 0.5156 0.1063 0.1946 0.1834 
         145  1 0.0488 0.3598 0.3015 0.2900 
         146  1 0.0275 0.3897 0.2948 0.2879 
         147  1 0.1160 0.3358 0.2472 0.3011 
         148  1 0.0620 0.3490 0.2826 0.3064 
         149  1 0.0487 0.3156 0.2957 0.3401 
         150  1 0.0389 0.3301 0.3691 0.2619 
         151  1 0.0336 0.2260 0.3673 0.3732 
         152  1 0.0352 0.3187 0.3537 0.2924 
         153  1 0.0526 0.3276 0.3075 0.3123 
         154  1 0.0508 0.2536 0.3449 0.3507 
         155  1 0.0393 0.2297 0.3468 0.3843 
         156  1 0.0516 0.2976 0.3316 0.3191 
         157  1 0.0451 0.3340 0.3191 0.3019 
         158  1 0.0664 0.2879 0.3305 0.3152 
         159  1 0.2075 0.2851 0.2253 0.2822 
         160  1 0.0706 0.2674 0.2953 0.3666 
         161  1 0.1514 0.2992 0.2753 0.2741 
         162  1 0.0342 0.2390 0.3462 0.3806 
         163  1 0.0463 0.3087 0.3425 0.3025 
         164  1 0.0939 0.2166 0.3370 0.3525 
         165  1 0.4178 0.1930 0.1843 0.2048 
         166  1 0.0675 0.3564 0.3028 0.2733 
         167  1 0.0777 0.3456 0.2996 0.2771 
         168  1 0.0335 0.2927 0.3110 0.3627 
         169  1 0.1622 0.3161 0.2603 0.2614 
         170  1 0.7179 0.0846 0.0938 0.1036 
         171  1 0.1629 0.2731 0.2917 0.2724 
         172  1 0.0491 0.2328 0.3510 0.3672 
         173  1 0.0786 0.3398 0.3152 0.2664 
         174  1 0.0936 0.3101 0.2727 0.3236 
         175  1 0.0440 0.3183 0.3238 0.3139 
         176  1 0.0280 0.3772 0.3175 0.2774 
         177  1 0.1134 0.3114 0.2641 0.3111 
         178  1 0.0456 0.2367 0.3486 0.3692 
         179  1 0.0365 0.3841 0.3075 0.2718 
         180  1 0.1794 0.3093 0.2514 0.2599 
         181  1 0.0430 0.3581 0.3303 0.2686 
         182  1 0.0405 0.3304 0.3291 0.3000 
         183  1 0.0456 0.3905 0.2727 0.2912 
         184  1 0.0319 0.3629 0.2876 0.3177 
         185  1 0.0284 0.3517 0.3264 0.2934 
         186  1 0.0390 0.2328 0.3450 0.3832 
         187  1 0.1030 0.2873 0.2938 0.3159 
         188  1 0.0817 0.3637 0.2693 0.2854 
         189  1 0.0501 0.3161 0.3023 0.3315 
         190  1 0.0502 0.2049 0.3438 0.4010 
         191  1 0.0765 0.3580 0.2787 0.2868 
         192  1 0.0565 0.2996 0.3119 0.3320 
         193  1 0.0370 0.2237 0.3308 0.4085 
         194  1 0.0432 0.2522 0.3381 0.3664 
         195  1 0.6136 0.1381 0.1153 0.1330 
         196  1 0.0610 0.2584 0.3742 0.3064 
         197  1 0.1295 0.2450 0.3086 0.3169 
         198  1 0.0581 0.3935 0.2666 0.2818 
         199  1 0.0311 0.3126 0.3239 0.3325 
         200  1 0.0693 0.3358 0.3094 0.2855 
         201  1 0.0227 0.3086 0.3577 0.3109 
         202  1 0.0498 0.2781 0.3204 0.3517 
         203  1 0.0417 0.3822 0.3014 0.2747 
         204  1 0.0275 0.4049 0.2887 0.2788 
         205  1 0.9164 0.0261 0.0273 0.0302 
