           1  1 0.2749 0.6249 0.1002 
           2  1 0.2042 0.6819 0.1139 
           3  1 0.2053 0.7236 0.0710 
           4  1 0.5944 0.2477 0.1579 
           5  1 0.0948 0.4185 0.4867 
           6  1 0.0824 0.0935 0.8242 
           7  1 0.4773 0.4129 0.1099 
           8  1 0.6211 0.1926 0.1863 
           9  1 0.8003 0.1158 0.0839 
          10  1 0.2675 0.4502 0.2823 
          11  1 0.1286 0.4648 0.4066 
          12  1 0.3863 0.5013 0.1124 
          13  1 0.5123 0.4124 0.0754 
          14  1 0.4967 0.3955 0.1078 
          15  1 0.1632 0.7545 0.0823 
          16  1 0.1081 0.1671 0.7248 
          17  1 0.7031 0.1850 0.1119 
          18  1 0.7215 0.1904 0.0881 
          19  1 0.1734 0.3964 0.4302 
          20  1 0.6180 0.3114 0.0706 
          21  1 0.1814 0.6428 0.1758 
          22  1 0.0374 0.0818 0.8808 
          23  1 0.0353 0.1080 0.8567 
          24  1 0.2123 0.2659 0.5218 
          25  1 0.1051 0.5184 0.3765 
          26  1 0.2773 0.4082 0.3144 
          27  1 0.0548 0.0911 0.8542 
          28  1 0.1678 0.5543 0.2780 
          29  1 0.0634 0.0845 0.8521 
          30  1 0.1159 0.1223 0.7618 
          31  1 0.0402 0.0698 0.8900 
          32  1 0.1399 0.0928 0.7674 
          33  1 0.1463 0.4953 0.3583 
          34  1 0.0640 0.0827 0.8533 
          35  1 0.0788 0.2292 0.6919 
          36  1 0.0934 0.1470 0.7596 
          37  1 0.0306 0.0922 0.8772 
          38  1 0.0675 0.1423 0.7903 
          39  1 0.0515 0.1435 0.8050 
          40  1 0.1515 0.6026 0.2458 
          41  1 0.1027 0.1155 0.7817 
          42  1 0.0987 0.1989 0.7024 
          43  1 0.0792 0.1029 0.8179 
          44  1 0.0704 0.2381 0.6915 
          45  1 0.0590 0.0983 0.8427 
          46  1 0.0578 0.0839 0.8583 
          47  1 0.0726 0.1848 0.7426 
          48  1 0.0654 0.0827 0.8519 
          49  1 0.0732 0.0978 0.8290 
          50  1 0.1365 0.2746 0.5889 
          51  1 0.0559 0.1155 0.8286 
          52  1 0.0598 0.1681 0.7721 
          53  1 0.1050 0.1496 0.7454 
          54  1 0.0421 0.0961 0.8619 
          55  1 0.6871 0.2048 0.1081 
          56  1 0.2131 0.4977 0.2892 
          57  1 0.5504 0.3189 0.1307 
          58  1 0.5232 0.3374 0.1394 
          59  1 0.1190 0.4781 0.4029 
          60  1 0.7785 0.1451 0.0764 
          61  1 0.7323 0.1909 0.0768 
          62  1 0.1444 0.7479 0.1077 
          63  1 0.1915 0.6623 0.1462 
          64  1 0.5031 0.3809 0.1159 
          65  1 0.2781 0.5268 0.1951 
          66  1 0.5329 0.2853 0.1817 
          67  1 0.4432 0.4622 0.0946 
          68  1 0.1278 0.7678 0.1044 
          69  1 0.6759 0.2640 0.0600 
          70  1 0.7545 0.1746 0.0709 
          71  1 0.3208 0.5418 0.1374 
          72  1 0.8147 0.1085 0.0768 
          73  1 0.0969 0.0999 0.8032 
          74  1 0.1525 0.7645 0.0830 
          75  1 0.8556 0.0872 0.0572 
          76  1 0.0532 0.2457 0.7011 
          77  1 0.2282 0.7020 0.0697 
          78  1 0.6419 0.2574 0.1007 
          79  1 0.7398 0.1222 0.1380 
          80  1 0.1546 0.0911 0.7543 
          81  1 0.5575 0.2450 0.1975 
          82  1 0.4264 0.3015 0.2721 
          83  1 0.6326 0.3086 0.0587 
          84  1 0.7430 0.1259 0.1311 
          85  1 0.2866 0.5156 0.1978 
          86  1 0.0721 0.2981 0.6298 
          87  1 0.5810 0.3344 0.0846 
          88  1 0.4726 0.4560 0.0714 
          89  1 0.5361 0.3600 0.1039 
          90  1 0.3491 0.5446 0.1064 
          91  1 0.2680 0.4423 0.2898 
          92  1 0.4310 0.5026 0.0664 
          93  1 0.1611 0.1212 0.7177 
          94  1 0.5714 0.2891 0.1395 
          95  1 0.1906 0.4740 0.3354 
          96  1 0.4564 0.4708 0.0728 
          97  1 0.1471 0.1177 0.7352 
          98  1 0.3836 0.4748 0.1416 
          99  1 0.2645 0.6835 0.0521 
         100  1 0.4725 0.3773 0.1502 
         101  1 0.7181 0.1652 0.1167 
         102  1 0.5737 0.3137 0.1127 
         103  1 0.4129 0.3765 0.2106 
         104  1 0.6497 0.3064 0.0440 
         105  1 0.1366 0.2059 0.6574 
         106  1 0.0898 0.5227 0.3876 
         107  1 0.2339 0.1926 0.5735 
         108  1 0.2775 0.6285 0.0940 
         109  1 0.2388 0.5386 0.2226 
         110  1 0.0710 0.0983 0.8306 
         111  1 0.7189 0.1868 0.0943 
         112  1 0.6834 0.2255 0.0911 
         113  1 0.5079 0.4137 0.0785 
         114  1 0.7347 0.1820 0.0833 
         115  1 0.0524 0.1243 0.8233 
         116  1 0.6264 0.2647 0.1089 
         117  1 0.3456 0.6051 0.0493 
         118  1 0.6728 0.2417 0.0855 
         119  1 0.1221 0.1090 0.7689 
         120  1 0.5763 0.2837 0.1399 
         121  1 0.6109 0.3181 0.0711 
         122  1 0.1036 0.1026 0.7938 
         123  1 0.2820 0.5341 0.1839 
         124  1 0.2307 0.4430 0.3262 
         125  1 0.3030 0.5033 0.1937 
         126  1 0.5841 0.3264 0.0895 
         127  1 0.6049 0.2725 0.1227 
         128  1 0.7411 0.1705 0.0884 
         129  1 0.4532 0.4869 0.0599 
         130  1 0.4809 0.3510 0.1680 
         131  1 0.1108 0.1270 0.7622 
         132  1 0.3066 0.6226 0.0707 
         133  1 0.0752 0.2086 0.7162 
         134  1 0.6007 0.3317 0.0676 
         135  1 0.3568 0.5565 0.0867 
         136  1 0.7370 0.1714 0.0916 
         137  1 0.5631 0.3444 0.0924 
         138  1 0.0910 0.2835 0.6256 
         139  1 0.1461 0.1343 0.7196 
         140  1 0.7108 0.2165 0.0727 
         141  1 0.1497 0.2665 0.5837 
         142  1 0.1678 0.1286 0.7036 
         143  1 0.7550 0.1520 0.0930 
         144  1 0.3346 0.0923 0.5731 
         145  1 0.3793 0.5193 0.1014 
         146  1 0.3781 0.5646 0.0573 
         147  1 0.3605 0.4127 0.2268 
         148  1 0.4653 0.4164 0.1184 
         149  1 0.5050 0.3916 0.1034 
         150  1 0.2982 0.6047 0.0971 
         151  1 0.7714 0.1670 0.0616 
         152  1 0.5129 0.4172 0.0700 
         153  1 0.3619 0.5323 0.1058 
         154  1 0.6900 0.2175 0.0925 
         155  1 0.7595 0.1610 0.0795 
         156  1 0.6112 0.2993 0.0894 
         157  1 0.5120 0.4116 0.0764 
         158  1 0.5675 0.3149 0.1176 
         159  1 0.2841 0.4109 0.3050 
         160  1 0.6577 0.2329 0.1094 
         161  1 0.2112 0.5208 0.2680 
         162  1 0.7538 0.1685 0.0777 
         163  1 0.4331 0.4661 0.1007 
         164  1 0.6084 0.2108 0.1808 
         165  1 0.2294 0.2440 0.5265 
         166  1 0.2035 0.6731 0.1235 
         167  1 0.4754 0.4088 0.1158 
         168  1 0.5514 0.3699 0.0787 
         169  1 0.2481 0.4092 0.3428 
         170  1 0.1382 0.0995 0.7623 
         171  1 0.4613 0.3116 0.2270 
         172  1 0.7198 0.1860 0.0942 
         173  1 0.4485 0.4259 0.1256 
         174  1 0.5402 0.2943 0.1655 
         175  1 0.4138 0.4875 0.0987 
         176  1 0.4038 0.5335 0.0627 
         177  1 0.4329 0.3657 0.2014 
         178  1 0.7034 0.2016 0.0950 
         179  1 0.1576 0.7430 0.0995 
         180  1 0.2301 0.4789 0.2909 
         181  1 0.1982 0.7059 0.0959 
         182  1 0.4067 0.5018 0.0915 
         183  1 0.2068 0.6905 0.1027 
         184  1 0.4975 0.4308 0.0716 
         185  1 0.3931 0.5410 0.0659 
         186  1 0.7778 0.1433 0.0790 
         187  1 0.4457 0.3848 0.1695 
         188  1 0.1949 0.6453 0.1598 
         189  1 0.5053 0.3898 0.1049 
         190  1 0.7959 0.1017 0.1024 
         191  1 0.3041 0.5570 0.1388 
         192  1 0.5819 0.3158 0.1023 
         193  1 0.7913 0.1306 0.0781 
         194  1 0.7581 0.1699 0.0720 
         195  1 0.0565 0.1992 0.7443 
         196  1 0.5231 0.3367 0.1402 
         197  1 0.5656 0.2496 0.1848 
         198  1 0.1935 0.6941 0.1124 
         199  1 0.5639 0.3672 0.0689 
         200  1 0.2239 0.6428 0.1333 
         201  1 0.6116 0.3458 0.0426 
         202  1 0.6397 0.2727 0.0876 
         203  1 0.2184 0.6986 0.0830 
         204  1 0.2675 0.6706 0.0620 
         205  1 0.0401 0.0735 0.8865 
