           1  1 0.1076 0.0779 0.0974 0.0961 0.1022 0.1035 0.1183 0.1142 0.0943 0.0884 
           2  1 0.0960 0.0994 0.0908 0.1047 0.0947 0.1023 0.1071 0.1064 0.1044 0.0941 
           3  1 0.0960 0.0760 0.1007 0.0980 0.1134 0.1059 0.1028 0.1051 0.1052 0.0969 
           4  1 0.0980 0.1258 0.1057 0.1018 0.0911 0.0856 0.0882 0.0860 0.1070 0.1108 
           5  1 0.1111 0.0828 0.0910 0.0989 0.1133 0.1055 0.0980 0.1012 0.0995 0.0987 
           6  1 0.0813 0.0961 0.1326 0.1111 0.1090 0.1231 0.0704 0.0610 0.0770 0.1385 
           7  1 0.0948 0.0868 0.1013 0.0952 0.1093 0.1041 0.1012 0.1131 0.1046 0.0895 
           8  1 0.0969 0.1087 0.1010 0.1190 0.1122 0.0889 0.0814 0.0910 0.0929 0.1079 
           9  1 0.1090 0.1768 0.0909 0.0934 0.0835 0.0734 0.0792 0.0721 0.1225 0.0993 
          10  1 0.0923 0.1016 0.1241 0.0937 0.1155 0.0909 0.0895 0.0780 0.1016 0.1129 
          11  1 0.0927 0.0962 0.1114 0.0995 0.1136 0.1069 0.0818 0.0905 0.0921 0.1155 
          12  1 0.1042 0.0818 0.0947 0.0959 0.0853 0.1253 0.1228 0.1140 0.0876 0.0884 
          13  1 0.0987 0.0933 0.0899 0.0905 0.0974 0.1097 0.1180 0.1150 0.0989 0.0886 
          14  1 0.0960 0.1083 0.0941 0.0992 0.0930 0.0930 0.0969 0.1039 0.1064 0.1091 
          15  1 0.1195 0.0647 0.0836 0.0758 0.1042 0.1181 0.1278 0.1217 0.0912 0.0934 
          16  1 0.0905 0.1046 0.1055 0.1038 0.1142 0.1057 0.0886 0.0833 0.0941 0.1096 
          17  1 0.0985 0.1541 0.0887 0.0976 0.0984 0.0774 0.0868 0.0859 0.1182 0.0945 
          18  1 0.0987 0.1229 0.0883 0.0997 0.1104 0.0931 0.0859 0.0979 0.1072 0.0958 
          19  1 0.0903 0.0851 0.0979 0.1078 0.1211 0.1086 0.0929 0.1028 0.1043 0.0893 
          20  1 0.0974 0.1041 0.0943 0.1060 0.0895 0.0959 0.1071 0.1044 0.1105 0.0908 
          21  1 0.1026 0.0614 0.0943 0.0741 0.0938 0.1247 0.1383 0.1259 0.0750 0.1100 
          22  1 0.0738 0.0990 0.1071 0.1149 0.1097 0.1304 0.0721 0.0837 0.0937 0.1155 
          23  1 0.0698 0.0874 0.1397 0.1086 0.1199 0.1387 0.0585 0.0511 0.0688 0.1575 
          24  1 0.1113 0.0922 0.0965 0.0925 0.1060 0.0984 0.1005 0.1078 0.1021 0.0926 
          25  1 0.0954 0.0870 0.0988 0.1034 0.1055 0.0986 0.1041 0.1028 0.1113 0.0933 
          26  1 0.0948 0.0972 0.1007 0.1115 0.0988 0.1057 0.0893 0.0958 0.1011 0.1052 
          27  1 0.0746 0.0805 0.1328 0.1168 0.1242 0.1175 0.0632 0.0636 0.0838 0.1430 
          28  1 0.0898 0.0976 0.0856 0.1000 0.0906 0.1263 0.0953 0.1077 0.1144 0.0928 
          29  1 0.1223 0.0914 0.1080 0.0973 0.1014 0.0995 0.1028 0.0962 0.0838 0.0975 
          30  1 0.0943 0.0869 0.1224 0.1168 0.1036 0.1130 0.0811 0.0780 0.0931 0.1109 
          31  1 0.0723 0.0900 0.1213 0.1326 0.0997 0.1435 0.0668 0.0791 0.0861 0.1085 
          32  1 0.1427 0.0875 0.1046 0.0968 0.0639 0.0891 0.1401 0.1253 0.0628 0.0872 
          33  1 0.0919 0.0875 0.0958 0.1050 0.1110 0.1156 0.0918 0.1036 0.1009 0.0969 
          34  1 0.0837 0.0939 0.1153 0.1154 0.1034 0.1208 0.0781 0.0845 0.1003 0.1047 
          35  1 0.0930 0.1010 0.1067 0.0934 0.1216 0.0876 0.0931 0.0899 0.1082 0.1055 
          36  1 0.1284 0.0793 0.0990 0.0940 0.0760 0.0959 0.1375 0.1299 0.0708 0.0891 
          37  1 0.0716 0.0793 0.1264 0.1188 0.1147 0.1310 0.0680 0.0722 0.0830 0.1350 
          38  1 0.0863 0.0888 0.0982 0.1219 0.1005 0.1293 0.0770 0.1035 0.1016 0.0929 
          39  1 0.0875 0.0842 0.1208 0.1056 0.1090 0.1059 0.0904 0.0932 0.1017 0.1016 
          40  1 0.0910 0.1025 0.0858 0.1037 0.1015 0.1074 0.0978 0.1124 0.1114 0.0865 
          41  1 0.0877 0.0888 0.1075 0.1106 0.1017 0.1208 0.0901 0.0956 0.0938 0.1034 
          42  1 0.1007 0.0752 0.1017 0.0945 0.0952 0.1097 0.1072 0.1125 0.0952 0.1082 
          43  1 0.0952 0.0889 0.1126 0.1114 0.1038 0.1212 0.0806 0.0843 0.0901 0.1118 
          44  1 0.0910 0.0964 0.0875 0.1007 0.0920 0.1286 0.0904 0.1091 0.1098 0.0944 
          45  1 0.0748 0.0842 0.1249 0.1163 0.1092 0.1374 0.0649 0.0794 0.0838 0.1250 
          46  1 0.1073 0.1012 0.1116 0.0893 0.0953 0.1262 0.0782 0.0883 0.0851 0.1175 
          47  1 0.0925 0.0905 0.1049 0.0995 0.1212 0.1035 0.0881 0.0903 0.0955 0.1140 
          48  1 0.0970 0.1133 0.0949 0.0931 0.0925 0.1285 0.0753 0.0848 0.1133 0.1073 
          49  1 0.0929 0.0944 0.0985 0.1157 0.1047 0.1238 0.0820 0.1003 0.0985 0.0893 
          50  1 0.0932 0.0955 0.0958 0.1033 0.1292 0.0946 0.0989 0.0976 0.1046 0.0872 
          51  1 0.0918 0.0801 0.1198 0.1074 0.1113 0.1102 0.0872 0.0927 0.0921 0.1075 
          52  1 0.0883 0.0957 0.0975 0.1020 0.0953 0.1260 0.0916 0.0960 0.1089 0.0986 
          53  1 0.0898 0.0948 0.1061 0.1037 0.1058 0.1055 0.0935 0.0948 0.1084 0.0976 
          54  1 0.0741 0.0833 0.1186 0.1241 0.1111 0.1320 0.0687 0.0807 0.0877 0.1197 
          55  1 0.0948 0.1295 0.1001 0.0956 0.0866 0.0900 0.0866 0.0951 0.1109 0.1108 
          56  1 0.1030 0.0865 0.1035 0.0941 0.1054 0.0974 0.1029 0.1039 0.0981 0.1054 
          57  1 0.0933 0.1121 0.1082 0.1112 0.0964 0.0874 0.0928 0.0925 0.1125 0.0936 
          58  1 0.0921 0.1144 0.0949 0.1245 0.0959 0.0867 0.0848 0.0965 0.1051 0.1049 
          59  1 0.0934 0.0962 0.0993 0.1016 0.1053 0.0850 0.1010 0.0994 0.1178 0.1010 
          60  1 0.0934 0.1503 0.0966 0.1081 0.0785 0.0771 0.0865 0.0879 0.1238 0.0978 
          61  1 0.1059 0.1797 0.0931 0.0974 0.0716 0.0717 0.0746 0.0727 0.1313 0.1022 
          62  1 0.1014 0.0728 0.0988 0.0867 0.1120 0.1090 0.1115 0.1117 0.0965 0.0994 
          63  1 0.0885 0.0856 0.1063 0.1027 0.1173 0.0916 0.1063 0.0986 0.1080 0.0951 
          64  1 0.1009 0.0939 0.1030 0.0933 0.0883 0.1017 0.1180 0.1187 0.0962 0.0859 
          65  1 0.0940 0.0932 0.1047 0.0972 0.1100 0.0920 0.0901 0.1014 0.1056 0.1118 
          66  1 0.0971 0.1029 0.1069 0.0948 0.1114 0.0982 0.0888 0.0910 0.0966 0.1124 
          67  1 0.0963 0.0959 0.1063 0.1078 0.1004 0.0917 0.0860 0.1003 0.1098 0.1054 
          68  1 0.0992 0.0797 0.0880 0.0843 0.1019 0.1164 0.1258 0.1151 0.0967 0.0928 
          69  1 0.0917 0.1133 0.0983 0.0973 0.0865 0.1031 0.0981 0.1088 0.1094 0.0937 
          70  1 0.1089 0.1054 0.1027 0.1032 0.0866 0.0961 0.1095 0.1043 0.0976 0.0856 
          71  1 0.0999 0.0842 0.0950 0.0909 0.0953 0.1115 0.1133 0.1063 0.1038 0.0998 
          72  1 0.0995 0.1986 0.0893 0.0896 0.0639 0.0667 0.0716 0.0745 0.1392 0.1069 
          73  1 0.0885 0.0927 0.1115 0.1034 0.1033 0.1208 0.0808 0.0797 0.0987 0.1205 
          74  1 0.0963 0.0685 0.0920 0.0918 0.0939 0.1194 0.1386 0.1211 0.0928 0.0855 
          75  1 0.1023 0.1917 0.0911 0.0928 0.0656 0.0680 0.0750 0.0741 0.1352 0.1043 
          76  1 0.0846 0.0769 0.1036 0.1137 0.1251 0.1161 0.0821 0.0911 0.0925 0.1142 
          77  1 0.1051 0.0703 0.0945 0.0825 0.0914 0.1131 0.1346 0.1232 0.0871 0.0981 
          78  1 0.1231 0.0866 0.0954 0.1009 0.0793 0.0937 0.1395 0.1216 0.0814 0.0785 
          79  1 0.0983 0.1237 0.0946 0.1033 0.0981 0.0900 0.0941 0.0904 0.1175 0.0900 
          80  1 0.1261 0.1107 0.1034 0.0999 0.0813 0.0910 0.1050 0.0940 0.0914 0.0972 
          81  1 0.1046 0.1052 0.1000 0.1038 0.1078 0.0932 0.1027 0.0885 0.1038 0.0904 
          82  1 0.1129 0.0868 0.0995 0.0974 0.0929 0.0988 0.1211 0.1103 0.0911 0.0893 
          83  1 0.1089 0.0724 0.0959 0.1046 0.0727 0.1035 0.1504 0.1326 0.0721 0.0870 
          84  1 0.1059 0.1620 0.0955 0.0977 0.0799 0.0769 0.0840 0.0744 0.1138 0.1100 
          85  1 0.1015 0.1024 0.1188 0.0899 0.1161 0.1022 0.0859 0.0676 0.0901 0.1256 
          86  1 0.0875 0.0836 0.1128 0.0968 0.1184 0.1000 0.0978 0.0871 0.0971 0.1190 
          87  1 0.0978 0.1043 0.0960 0.0978 0.1257 0.0943 0.0937 0.1006 0.1002 0.0896 
          88  1 0.1007 0.1075 0.1001 0.0956 0.1045 0.0974 0.0977 0.1013 0.1087 0.0865 
          89  1 0.0962 0.0980 0.0955 0.0968 0.1169 0.0973 0.1021 0.1012 0.1005 0.0956 
          90  1 0.1026 0.1007 0.0921 0.0960 0.1027 0.1065 0.1079 0.0984 0.1016 0.0916 
          91  1 0.0919 0.0975 0.1024 0.1120 0.1160 0.0892 0.0962 0.0968 0.0977 0.1002 
          92  1 0.1070 0.0591 0.0899 0.0692 0.0788 0.1361 0.1519 0.1337 0.0729 0.1014 
          93  1 0.1240 0.1009 0.1037 0.0921 0.0921 0.0974 0.1048 0.0936 0.0911 0.1002 
          94  1 0.0964 0.0917 0.1083 0.0992 0.1119 0.0861 0.0956 0.1072 0.1041 0.0995 
          95  1 0.0945 0.0908 0.1031 0.1114 0.1110 0.0952 0.0828 0.1020 0.1055 0.1038 
          96  1 0.1011 0.0788 0.0954 0.0850 0.0749 0.1259 0.1283 0.1235 0.0840 0.1030 
          97  1 0.1219 0.0972 0.0984 0.0967 0.0831 0.0970 0.1206 0.1065 0.0903 0.0883 
          98  1 0.0974 0.0891 0.1028 0.1100 0.1038 0.0924 0.1042 0.1085 0.0974 0.0945 
          99  1 0.1103 0.0474 0.0835 0.0701 0.0771 0.1475 0.1536 0.1407 0.0667 0.1029 
         100  1 0.0919 0.0951 0.1030 0.1089 0.1179 0.0953 0.0895 0.1020 0.0990 0.0975 
         101  1 0.1069 0.1574 0.0947 0.0959 0.0897 0.0801 0.0837 0.0764 0.1173 0.0981 
         102  1 0.1005 0.1238 0.0885 0.0956 0.1026 0.0885 0.0874 0.1049 0.1160 0.0923 
         103  1 0.0904 0.1062 0.1103 0.0976 0.1091 0.0952 0.0834 0.0894 0.1088 0.1095 
         104  1 0.1102 0.0736 0.0961 0.1095 0.0577 0.1045 0.1541 0.1458 0.0706 0.0780 
         105  1 0.1023 0.0911 0.1002 0.1080 0.1089 0.0997 0.1019 0.1075 0.0869 0.0935 
         106  1 0.0926 0.0677 0.0986 0.0967 0.1376 0.1050 0.1070 0.1037 0.0898 0.1013 
         107  1 0.0965 0.1117 0.1036 0.1004 0.0998 0.0935 0.0900 0.0921 0.1128 0.0996 
         108  1 0.0958 0.0740 0.0990 0.0984 0.1143 0.1090 0.1058 0.1086 0.0944 0.1006 
         109  1 0.0971 0.0720 0.0970 0.0919 0.0918 0.1164 0.1254 0.1187 0.0866 0.1031 
         110  1 0.1195 0.1011 0.1013 0.0932 0.0901 0.1114 0.0867 0.0982 0.0940 0.1047 
         111  1 0.1016 0.1227 0.0958 0.0955 0.1061 0.0897 0.0934 0.0953 0.1077 0.0922 
         112  1 0.0991 0.1180 0.0961 0.1015 0.0988 0.1011 0.0873 0.0995 0.1054 0.0932 
         113  1 0.1098 0.0752 0.0875 0.0859 0.0851 0.1167 0.1443 0.1303 0.0717 0.0934 
         114  1 0.0977 0.1042 0.0920 0.1238 0.1028 0.0874 0.1010 0.0988 0.1009 0.0914 
         115  1 0.0850 0.0951 0.1137 0.1177 0.1079 0.1223 0.0794 0.0827 0.0965 0.0996 
         116  1 0.1034 0.1247 0.0886 0.1071 0.0892 0.0849 0.1020 0.1051 0.1006 0.0945 
         117  1 0.1062 0.0543 0.0830 0.0617 0.0824 0.1487 0.1421 0.1417 0.0711 0.1089 
         118  1 0.0972 0.1181 0.1002 0.1025 0.1083 0.0850 0.0888 0.0890 0.1236 0.0873 
         119  1 0.1053 0.0998 0.1106 0.1042 0.0993 0.1045 0.0858 0.0900 0.0937 0.1067 
         120  1 0.0965 0.1308 0.0900 0.0904 0.0820 0.0987 0.0862 0.0920 0.1162 0.1173 
         121  1 0.1085 0.0932 0.0891 0.1046 0.0847 0.0861 0.1446 0.1210 0.0914 0.0770 
         122  1 0.1016 0.0963 0.1122 0.1013 0.1066 0.1082 0.0818 0.0941 0.0937 0.1042 
         123  1 0.1011 0.0949 0.1084 0.0863 0.1025 0.0972 0.1030 0.0939 0.1023 0.1105 
         124  1 0.0916 0.0915 0.1093 0.1016 0.1048 0.0961 0.0903 0.1051 0.1060 0.1036 
         125  1 0.0946 0.0856 0.1080 0.1110 0.1105 0.0919 0.0988 0.0907 0.1109 0.0981 
         126  1 0.0968 0.1071 0.0929 0.1076 0.0851 0.0960 0.1168 0.1130 0.0986 0.0859 
         127  1 0.1181 0.1014 0.1042 0.0935 0.0914 0.0993 0.1122 0.0955 0.0898 0.0946 
         128  1 0.0938 0.1371 0.0862 0.1155 0.0895 0.0813 0.0834 0.0907 0.1249 0.0976 
         129  1 0.1086 0.0740 0.0884 0.0861 0.0962 0.1180 0.1202 0.1290 0.0837 0.0960 
         130  1 0.0962 0.1097 0.0929 0.1024 0.1125 0.0918 0.1036 0.0929 0.1016 0.0965 
         131  1 0.1255 0.0855 0.1001 0.0990 0.0781 0.0949 0.1345 0.1188 0.0733 0.0904 
         132  1 0.1121 0.0593 0.0880 0.0819 0.0892 0.1314 0.1314 0.1292 0.0778 0.0996 
         133  1 0.0795 0.0897 0.1129 0.1192 0.1207 0.0993 0.0694 0.0834 0.0889 0.1369 
         134  1 0.1081 0.0777 0.0922 0.1075 0.0698 0.0953 0.1508 0.1420 0.0839 0.0727 
         135  1 0.0991 0.0863 0.1089 0.1021 0.1043 0.0877 0.0989 0.1123 0.1048 0.0956 
         136  1 0.1018 0.1708 0.0930 0.0954 0.0766 0.0724 0.0758 0.0766 0.1268 0.1107 
         137  1 0.1058 0.0865 0.0954 0.0893 0.0903 0.1097 0.1122 0.1163 0.0944 0.1003 
         138  1 0.0984 0.1021 0.1198 0.0923 0.1157 0.1076 0.0805 0.0688 0.0815 0.1333 
         139  1 0.1102 0.0966 0.1069 0.0984 0.1054 0.0897 0.0994 0.0950 0.1019 0.0966 
         140  1 0.1063 0.1095 0.0913 0.1032 0.0799 0.0957 0.1086 0.1074 0.0980 0.1002 
         141  1 0.0879 0.0901 0.1009 0.1057 0.1208 0.1077 0.0856 0.0962 0.0970 0.1083 
         142  1 0.1122 0.1131 0.0984 0.0994 0.1125 0.0875 0.0908 0.0898 0.0993 0.0970 
         143  1 0.1055 0.1277 0.0877 0.1054 0.1117 0.0810 0.0956 0.0875 0.1042 0.0936 
         144  1 0.1269 0.1231 0.0925 0.0926 0.0711 0.0756 0.1217 0.1084 0.0961 0.0920 
         145  1 0.0967 0.0875 0.0935 0.1009 0.1008 0.1051 0.1019 0.1132 0.1012 0.0991 
         146  1 0.1067 0.0568 0.0879 0.0830 0.0955 0.1207 0.1312 0.1435 0.0747 0.0998 
         147  1 0.0879 0.1029 0.1031 0.1105 0.1128 0.0899 0.0898 0.0954 0.0929 0.1148 
         148  1 0.0997 0.0823 0.0954 0.0923 0.1064 0.1088 0.1093 0.1159 0.0903 0.0996 
         149  1 0.0956 0.0964 0.0940 0.1022 0.1022 0.0953 0.0982 0.1100 0.1156 0.0904 
         150  1 0.1010 0.0810 0.1085 0.0900 0.1135 0.0842 0.1056 0.1087 0.1126 0.0949 
         151  1 0.1093 0.1270 0.0926 0.1046 0.0831 0.0904 0.1080 0.1059 0.0940 0.0851 
         152  1 0.0980 0.0852 0.0946 0.0992 0.0927 0.1041 0.1233 0.1221 0.0970 0.0837 
         153  1 0.1068 0.0876 0.0949 0.1010 0.1031 0.0969 0.0958 0.1100 0.1044 0.0995 
         154  1 0.0935 0.1352 0.0977 0.0977 0.0793 0.0978 0.1001 0.0922 0.1133 0.0931 
         155  1 0.0940 0.1407 0.0945 0.1014 0.0948 0.0818 0.0873 0.0966 0.1161 0.0930 
         156  1 0.1018 0.1058 0.0900 0.1000 0.0942 0.0989 0.1049 0.1103 0.0942 0.1000 
         157  1 0.1046 0.0802 0.0967 0.0948 0.0886 0.1124 0.1202 0.1246 0.0924 0.0855 
         158  1 0.0957 0.0987 0.0987 0.1122 0.1094 0.0999 0.0995 0.0940 0.0964 0.0956 
         159  1 0.0857 0.1019 0.1066 0.1012 0.1151 0.0905 0.0872 0.0878 0.0962 0.1278 
         160  1 0.0981 0.1230 0.0959 0.1058 0.0936 0.0916 0.0866 0.0889 0.1157 0.1007 
         161  1 0.0920 0.0943 0.1094 0.1002 0.1161 0.0881 0.0887 0.0960 0.0986 0.1166 
         162  1 0.1033 0.1746 0.0865 0.0989 0.0790 0.0723 0.0814 0.0836 0.1208 0.0996 
         163  1 0.0966 0.1013 0.1095 0.0953 0.1089 0.0901 0.0985 0.0946 0.1147 0.0905 
         164  1 0.1061 0.1510 0.0959 0.0921 0.0960 0.0776 0.0858 0.0852 0.1144 0.0959 
         165  1 0.0871 0.1066 0.1055 0.1146 0.0913 0.1181 0.0835 0.0881 0.0992 0.1059 
         166  1 0.1014 0.0831 0.0944 0.1029 0.1071 0.1061 0.1002 0.1130 0.0965 0.0952 
         167  1 0.1024 0.0846 0.0914 0.0942 0.0922 0.1021 0.1232 0.1197 0.0953 0.0949 
         168  1 0.0969 0.1057 0.1033 0.1051 0.1088 0.0953 0.0894 0.1019 0.1062 0.0873 
         169  1 0.0911 0.0956 0.1034 0.1086 0.1227 0.0946 0.0895 0.0970 0.1057 0.0918 
         170  1 0.1062 0.1163 0.0977 0.0980 0.1037 0.0947 0.0889 0.0912 0.0976 0.1058 
         171  1 0.1059 0.1113 0.0928 0.0974 0.0958 0.1034 0.0987 0.1051 0.0959 0.0937 
         172  1 0.0966 0.1243 0.1023 0.1013 0.1094 0.0827 0.0975 0.0942 0.1026 0.0891 
         173  1 0.1080 0.0990 0.0887 0.0997 0.1131 0.0979 0.1055 0.1010 0.0954 0.0916 
         174  1 0.0963 0.1025 0.0959 0.1057 0.1049 0.0978 0.0938 0.0935 0.1131 0.0965 
         175  1 0.0950 0.0975 0.1020 0.0999 0.0972 0.0963 0.1011 0.1031 0.1233 0.0847 
         176  1 0.0971 0.0867 0.0850 0.1010 0.1001 0.1129 0.1259 0.1123 0.0943 0.0845 
         177  1 0.0909 0.1034 0.1040 0.1016 0.1133 0.0899 0.0868 0.0929 0.1152 0.1021 
         178  1 0.1007 0.1254 0.0837 0.1047 0.1086 0.0961 0.0939 0.0939 0.1054 0.0875 
         179  1 0.1047 0.0772 0.0969 0.0951 0.1108 0.0992 0.1114 0.1132 0.0980 0.0934 
         180  1 0.0897 0.0936 0.1122 0.1012 0.1127 0.0908 0.0908 0.0986 0.0950 0.1153 
         181  1 0.0918 0.0820 0.1019 0.0918 0.1195 0.1066 0.1047 0.1082 0.1034 0.0902 
         182  1 0.1066 0.0971 0.0911 0.0978 0.1086 0.1046 0.1010 0.0952 0.1108 0.0873 
         183  1 0.1200 0.0571 0.0849 0.0830 0.0998 0.1265 0.1335 0.1197 0.0804 0.0951 
         184  1 0.1046 0.0906 0.0872 0.0997 0.0831 0.1153 0.1222 0.1148 0.0987 0.0840 
         185  1 0.0936 0.0815 0.0951 0.1006 0.0939 0.1088 0.1101 0.1137 0.1112 0.0915 
         186  1 0.0999 0.1822 0.0891 0.0920 0.0710 0.0772 0.0784 0.0709 0.1360 0.1034 
         187  1 0.0982 0.1148 0.0990 0.0982 0.1010 0.0858 0.0946 0.0945 0.1128 0.1011 
         188  1 0.0978 0.0949 0.0991 0.0985 0.1030 0.1025 0.1008 0.1011 0.0959 0.1063 
         189  1 0.1015 0.1103 0.0932 0.1042 0.1208 0.0894 0.0906 0.0868 0.1012 0.1021 
         190  1 0.1062 0.1792 0.0873 0.0982 0.0667 0.0719 0.0838 0.0753 0.1284 0.1032 
         191  1 0.0967 0.0716 0.0975 0.1032 0.1138 0.1091 0.1004 0.1181 0.0903 0.0994 
         192  1 0.1016 0.1202 0.0974 0.0931 0.1144 0.0942 0.0843 0.0906 0.1073 0.0970 
         193  1 0.1010 0.1577 0.0850 0.1020 0.0864 0.0791 0.0841 0.0872 0.1222 0.0953 
         194  1 0.1027 0.1736 0.0953 0.0814 0.0635 0.0818 0.0924 0.0877 0.1177 0.1039 
         195  1 0.0947 0.0882 0.1024 0.1088 0.1098 0.1007 0.0950 0.1030 0.0979 0.0994 
         196  1 0.1036 0.1266 0.0930 0.1006 0.1101 0.0811 0.0959 0.0803 0.1074 0.1012 
         197  1 0.1035 0.1140 0.0990 0.0943 0.1028 0.0955 0.0890 0.0983 0.1075 0.0962 
         198  1 0.0994 0.0652 0.0959 0.0791 0.0934 0.1245 0.1340 0.1175 0.0858 0.1052 
         199  1 0.0977 0.1138 0.0929 0.0885 0.0904 0.1025 0.0996 0.1090 0.1034 0.1022 
         200  1 0.0931 0.0821 0.1068 0.0986 0.0986 0.0933 0.0975 0.1152 0.1238 0.0910 
         201  1 0.1009 0.0814 0.1027 0.0965 0.0581 0.1071 0.1502 0.1428 0.0731 0.0872 
         202  1 0.0936 0.1775 0.0932 0.0829 0.0752 0.0803 0.0760 0.0799 0.1303 0.1112 
         203  1 0.1028 0.0733 0.0932 0.1005 0.0899 0.1066 0.1330 0.1125 0.0987 0.0895 
         204  1 0.1110 0.0607 0.0881 0.0866 0.0750 0.1314 0.1462 0.1338 0.0813 0.0860 
         205  1 0.0721 0.0931 0.1287 0.1147 0.1147 0.1344 0.0636 0.0650 0.0754 0.1382 
