           1  1 0.1304 0.1092 0.1389 0.1004 0.0966 0.1186 0.0858 0.1070 0.1131 
           2  1 0.1321 0.1161 0.0961 0.1120 0.0995 0.1101 0.1019 0.0999 0.1323 
           3  1 0.1560 0.1113 0.0958 0.1038 0.0840 0.1090 0.1075 0.0851 0.1475 
           4  1 0.1035 0.1282 0.1049 0.1114 0.1084 0.1105 0.1215 0.1019 0.1097 
           5  1 0.1044 0.1047 0.1516 0.1114 0.1089 0.1019 0.0856 0.1198 0.1118 
           6  1 0.0624 0.0836 0.1291 0.1569 0.1531 0.0541 0.1007 0.1756 0.0845 
           7  1 0.1237 0.1146 0.1191 0.1047 0.0946 0.1177 0.1073 0.0964 0.1218 
           8  1 0.1050 0.1208 0.1106 0.1185 0.1071 0.0937 0.1389 0.0935 0.1119 
           9  1 0.0806 0.1037 0.0996 0.0855 0.1301 0.1643 0.1454 0.1108 0.0802 
          10  1 0.1392 0.1247 0.1040 0.1097 0.1035 0.0904 0.1083 0.0833 0.1369 
          11  1 0.1211 0.1173 0.1104 0.1222 0.1131 0.0833 0.1065 0.0989 0.1271 
          12  1 0.0911 0.1007 0.1338 0.1179 0.1088 0.1479 0.0974 0.1095 0.0929 
          13  1 0.1041 0.1128 0.1185 0.1099 0.0980 0.1229 0.1142 0.1082 0.1114 
          14  1 0.1102 0.1041 0.1070 0.1034 0.1050 0.1168 0.1012 0.1323 0.1200 
          15  1 0.0965 0.0923 0.1584 0.1110 0.1019 0.1241 0.0745 0.1399 0.1014 
          16  1 0.1116 0.1047 0.1041 0.1263 0.1149 0.0784 0.1151 0.1344 0.1105 
          17  1 0.1043 0.1047 0.1001 0.0966 0.1206 0.1326 0.1238 0.1049 0.1123 
          18  1 0.1146 0.1124 0.1030 0.1006 0.1024 0.1259 0.1397 0.0891 0.1124 
          19  1 0.1396 0.1112 0.1056 0.1081 0.0886 0.0981 0.1198 0.0923 0.1367 
          20  1 0.1044 0.1320 0.1012 0.1089 0.1061 0.1119 0.1149 0.1083 0.1123 
          21  1 0.0785 0.1047 0.1337 0.1132 0.1215 0.1503 0.0734 0.1367 0.0881 
          22  1 0.0921 0.0717 0.0983 0.1552 0.1164 0.0575 0.1109 0.1852 0.1127 
          23  1 0.0457 0.0864 0.1336 0.1667 0.1728 0.0416 0.0922 0.1793 0.0817 
          24  1 0.1133 0.1250 0.0997 0.1120 0.1124 0.1007 0.1190 0.1055 0.1124 
          25  1 0.1560 0.1205 0.1226 0.0994 0.0832 0.1041 0.0935 0.0893 0.1316 
          26  1 0.1109 0.0963 0.1084 0.1204 0.1092 0.1065 0.1100 0.1251 0.1132 
          27  1 0.0727 0.0849 0.1279 0.1532 0.1433 0.0549 0.1002 0.1720 0.0910 
          28  1 0.1350 0.1094 0.1121 0.1186 0.0937 0.1005 0.1015 0.1043 0.1249 
          29  1 0.0973 0.1110 0.0965 0.1338 0.1293 0.0762 0.1174 0.1390 0.0995 
          30  1 0.0932 0.0954 0.1119 0.1286 0.1346 0.0787 0.1067 0.1516 0.0994 
          31  1 0.0652 0.0638 0.1015 0.1593 0.1272 0.0495 0.1061 0.2336 0.0939 
          32  1 0.0544 0.1650 0.1025 0.1085 0.1858 0.0951 0.1219 0.1085 0.0584 
          33  1 0.1282 0.0939 0.1141 0.1194 0.0919 0.0997 0.1083 0.1237 0.1208 
          34  1 0.0877 0.0848 0.0956 0.1428 0.1183 0.0675 0.1148 0.1846 0.1039 
          35  1 0.1492 0.1119 0.0945 0.1194 0.0808 0.1005 0.1160 0.0876 0.1401 
          36  1 0.0776 0.1421 0.0984 0.1056 0.1656 0.0918 0.1098 0.1264 0.0827 
          37  1 0.0855 0.0691 0.1154 0.1557 0.1357 0.0510 0.1017 0.1834 0.1024 
          38  1 0.1066 0.0972 0.1035 0.1225 0.1110 0.0793 0.1072 0.1449 0.1277 
          39  1 0.1315 0.0938 0.0976 0.1244 0.1016 0.0770 0.1013 0.1467 0.1261 
          40  1 0.1296 0.1030 0.0996 0.1236 0.0984 0.1004 0.1115 0.1000 0.1340 
          41  1 0.1057 0.0964 0.0961 0.1222 0.1119 0.0838 0.1101 0.1674 0.1065 
          42  1 0.1195 0.1151 0.1038 0.1115 0.1094 0.1132 0.0954 0.1222 0.1098 
          43  1 0.0731 0.0793 0.1121 0.1348 0.1387 0.0741 0.1137 0.1815 0.0929 
          44  1 0.1123 0.1018 0.1135 0.1315 0.1030 0.0943 0.1004 0.1179 0.1253 
          45  1 0.0663 0.0689 0.1105 0.1531 0.1419 0.0579 0.1003 0.2075 0.0937 
          46  1 0.0775 0.1044 0.1087 0.1563 0.1376 0.0618 0.1118 0.1479 0.0939 
          47  1 0.1082 0.0915 0.1185 0.1299 0.1084 0.0860 0.1001 0.1448 0.1127 
          48  1 0.0776 0.0795 0.1123 0.1460 0.1163 0.0756 0.1206 0.1783 0.0939 
          49  1 0.1097 0.0931 0.0930 0.1191 0.1034 0.0811 0.1129 0.1678 0.1200 
          50  1 0.1703 0.1194 0.0888 0.1035 0.0745 0.0966 0.1136 0.0843 0.1489 
          51  1 0.1191 0.1012 0.1028 0.1285 0.1117 0.0790 0.1046 0.1410 0.1120 
          52  1 0.1168 0.0984 0.0977 0.1412 0.0995 0.0747 0.1039 0.1420 0.1258 
          53  1 0.1187 0.1061 0.0947 0.1266 0.0957 0.0917 0.1097 0.1351 0.1217 
          54  1 0.0753 0.0704 0.1117 0.1514 0.1333 0.0543 0.1056 0.1998 0.0982 
          55  1 0.0860 0.1099 0.1107 0.1015 0.1209 0.1355 0.1177 0.1287 0.0891 
          56  1 0.1460 0.1092 0.1041 0.1075 0.0920 0.1039 0.0991 0.1044 0.1338 
          57  1 0.1229 0.1102 0.1016 0.1041 0.0998 0.1064 0.1324 0.1016 0.1209 
          58  1 0.1162 0.1145 0.1056 0.1083 0.0908 0.1051 0.1256 0.1035 0.1303 
          59  1 0.1747 0.1207 0.0912 0.1070 0.0748 0.0970 0.1069 0.0821 0.1455 
          60  1 0.0877 0.0991 0.0972 0.1023 0.1133 0.1392 0.1320 0.1298 0.0993 
          61  1 0.0726 0.0893 0.1031 0.0856 0.1298 0.1807 0.1395 0.1205 0.0789 
          62  1 0.1512 0.1068 0.1090 0.1007 0.0836 0.1232 0.0903 0.1049 0.1303 
          63  1 0.1756 0.1150 0.0853 0.1024 0.0796 0.1122 0.1055 0.0747 0.1496 
          64  1 0.1197 0.1275 0.0917 0.1073 0.1179 0.1195 0.1039 0.1042 0.1083 
          65  1 0.1384 0.1157 0.1003 0.1160 0.0838 0.1018 0.1133 0.0804 0.1503 
          66  1 0.1030 0.1040 0.1160 0.1144 0.1166 0.1121 0.1172 0.1021 0.1146 
          67  1 0.1328 0.1082 0.1090 0.1064 0.0838 0.1208 0.1135 0.0948 0.1306 
          68  1 0.1341 0.0992 0.1122 0.1089 0.0941 0.1260 0.0904 0.1110 0.1241 
          69  1 0.0923 0.1111 0.1061 0.1098 0.1116 0.1313 0.1197 0.1183 0.0998 
          70  1 0.0919 0.1343 0.1099 0.0915 0.1225 0.1294 0.1233 0.1020 0.0950 
          71  1 0.1146 0.1071 0.1202 0.1138 0.1027 0.1217 0.0922 0.1092 0.1185 
          72  1 0.0713 0.0941 0.0964 0.0840 0.1394 0.1668 0.1373 0.1321 0.0786 
          73  1 0.0908 0.0965 0.1089 0.1403 0.1293 0.0730 0.1067 0.1519 0.1025 
          74  1 0.1268 0.0999 0.1273 0.1158 0.0851 0.1441 0.0850 0.1020 0.1139 
          75  1 0.0678 0.1000 0.1040 0.0816 0.1335 0.1725 0.1393 0.1334 0.0678 
          76  1 0.1080 0.0849 0.1211 0.1269 0.1082 0.0761 0.1043 0.1590 0.1114 
          77  1 0.1216 0.0965 0.1214 0.1080 0.0935 0.1430 0.0887 0.1143 0.1130 
          78  1 0.0983 0.1509 0.0967 0.0964 0.1483 0.1142 0.1135 0.0785 0.1032 
          79  1 0.1088 0.1240 0.1026 0.1048 0.1125 0.1158 0.1222 0.1020 0.1072 
          80  1 0.0783 0.1167 0.1074 0.1052 0.1395 0.1038 0.1235 0.1419 0.0837 
          81  1 0.1132 0.1198 0.1040 0.1106 0.1143 0.1036 0.1249 0.0982 0.1114 
          82  1 0.1262 0.1333 0.0941 0.1071 0.1280 0.1001 0.1058 0.0871 0.1183 
          83  1 0.0718 0.1509 0.1145 0.0991 0.1635 0.1359 0.1006 0.0927 0.0710 
          84  1 0.0750 0.1098 0.1002 0.0866 0.1379 0.1566 0.1386 0.1179 0.0774 
          85  1 0.0924 0.1322 0.1276 0.1286 0.1406 0.0845 0.1030 0.0886 0.1027 
          86  1 0.1438 0.1006 0.0966 0.1210 0.1080 0.0907 0.0976 0.1091 0.1327 
          87  1 0.1449 0.1082 0.1005 0.1017 0.0904 0.1107 0.1252 0.0869 0.1315 
          88  1 0.1347 0.1153 0.1091 0.1006 0.0959 0.1305 0.1102 0.0851 0.1185 
          89  1 0.1289 0.1106 0.1065 0.1103 0.1009 0.1139 0.1107 0.0910 0.1274 
          90  1 0.1166 0.1215 0.1116 0.1192 0.1113 0.1061 0.1028 0.0887 0.1224 
          91  1 0.1340 0.1076 0.0942 0.1146 0.1131 0.0913 0.1188 0.0954 0.1309 
          92  1 0.0632 0.1075 0.1386 0.1050 0.1224 0.1637 0.0777 0.1472 0.0747 
          93  1 0.0912 0.1111 0.1076 0.1133 0.1326 0.0914 0.1256 0.1394 0.0878 
          94  1 0.1464 0.1211 0.0972 0.0984 0.0919 0.1048 0.1136 0.0905 0.1361 
          95  1 0.1179 0.1034 0.1083 0.1244 0.1073 0.0933 0.1055 0.1170 0.1230 
          96  1 0.0663 0.1051 0.1528 0.1034 0.1210 0.1600 0.0866 0.1348 0.0700 
          97  1 0.0929 0.1351 0.1021 0.1116 0.1342 0.0940 0.1156 0.1102 0.1044 
          98  1 0.1411 0.1202 0.1006 0.1018 0.0989 0.1115 0.1075 0.0880 0.1306 
          99  1 0.0625 0.0787 0.1783 0.1101 0.1056 0.1717 0.0571 0.1685 0.0675 
         100  1 0.1457 0.1177 0.1023 0.1131 0.0750 0.1056 0.1268 0.0812 0.1327 
         101  1 0.0882 0.1040 0.1021 0.0861 0.1267 0.1568 0.1431 0.1111 0.0818 
         102  1 0.1264 0.1069 0.1118 0.1010 0.0934 0.1204 0.1263 0.0915 0.1223 
         103  1 0.1268 0.1118 0.1149 0.1103 0.0966 0.0997 0.1145 0.1001 0.1254 
         104  1 0.0547 0.1682 0.1126 0.0990 0.1695 0.1410 0.0987 0.0972 0.0592 
         105  1 0.1125 0.1116 0.1126 0.1167 0.1156 0.0898 0.1284 0.1028 0.1101 
         106  1 0.1290 0.0908 0.1547 0.0982 0.0921 0.1090 0.1026 0.1138 0.1097 
         107  1 0.1293 0.1134 0.1014 0.1052 0.1038 0.1026 0.1128 0.1003 0.1311 
         108  1 0.1174 0.0966 0.1508 0.0956 0.0862 0.1231 0.1011 0.1178 0.1114 
         109  1 0.0940 0.1034 0.1411 0.1147 0.1123 0.1350 0.0828 0.1245 0.0922 
         110  1 0.1018 0.1145 0.0997 0.1363 0.1225 0.0728 0.1210 0.1288 0.1026 
         111  1 0.1099 0.1086 0.1042 0.1059 0.1201 0.1120 0.1236 0.0999 0.1157 
         112  1 0.0987 0.1167 0.1105 0.1033 0.1013 0.1144 0.1370 0.1082 0.1099 
         113  1 0.0784 0.1151 0.1315 0.1011 0.1382 0.1378 0.0850 0.1325 0.0804 
         114  1 0.1139 0.1321 0.0977 0.0986 0.1016 0.1080 0.1363 0.1004 0.1113 
         115  1 0.1093 0.0837 0.0961 0.1293 0.1051 0.0676 0.1070 0.1840 0.1179 
         116  1 0.1012 0.1274 0.0974 0.1059 0.1155 0.1278 0.1158 0.1066 0.1023 
         117  1 0.0502 0.0758 0.1883 0.1138 0.1115 0.1715 0.0550 0.1755 0.0584 
         118  1 0.1311 0.1061 0.1048 0.1012 0.0984 0.1176 0.1197 0.0965 0.1244 
         119  1 0.0996 0.1010 0.1023 0.1234 0.1275 0.0926 0.1043 0.1490 0.1005 
         120  1 0.0788 0.0902 0.1342 0.0898 0.1177 0.1565 0.1181 0.1348 0.0799 
         121  1 0.1056 0.1376 0.1003 0.1002 0.1450 0.1175 0.1092 0.0852 0.0995 
         122  1 0.0920 0.0975 0.1048 0.1337 0.1074 0.0828 0.1132 0.1688 0.0997 
         123  1 0.1339 0.1269 0.1081 0.1049 0.0964 0.1158 0.1042 0.0891 0.1209 
         124  1 0.1426 0.1069 0.1018 0.1113 0.0856 0.0951 0.1117 0.1076 0.1375 
         125  1 0.1753 0.1261 0.0900 0.1017 0.0721 0.1091 0.1062 0.0662 0.1533 
         126  1 0.1036 0.1193 0.1044 0.1060 0.1225 0.1257 0.1107 0.1011 0.1067 
         127  1 0.1069 0.1510 0.1040 0.1055 0.1266 0.0990 0.1166 0.0846 0.1058 
         128  1 0.1109 0.1044 0.0974 0.1041 0.1114 0.1208 0.1314 0.1140 0.1055 
         129  1 0.0718 0.0981 0.1497 0.1114 0.1057 0.1344 0.0871 0.1587 0.0831 
         130  1 0.1404 0.1182 0.0982 0.1054 0.1086 0.1030 0.1079 0.0946 0.1238 
         131  1 0.0856 0.1445 0.0992 0.1095 0.1552 0.0846 0.1194 0.1153 0.0867 
         132  1 0.0775 0.0886 0.1500 0.1077 0.1071 0.1590 0.0801 0.1484 0.0816 
         133  1 0.0914 0.0864 0.1152 0.1415 0.1272 0.0692 0.1088 0.1501 0.1104 
         134  1 0.0883 0.1471 0.1114 0.1000 0.1458 0.1236 0.1084 0.0883 0.0872 
         135  1 0.1517 0.1197 0.0997 0.0943 0.0859 0.1239 0.1061 0.0878 0.1309 
         136  1 0.0726 0.0906 0.1136 0.0995 0.1316 0.1596 0.1356 0.1164 0.0806 
         137  1 0.0958 0.1103 0.1183 0.1121 0.1211 0.1214 0.1004 0.1210 0.0997 
         138  1 0.0881 0.1141 0.1370 0.1356 0.1485 0.0801 0.1036 0.0984 0.0947 
         139  1 0.1320 0.1312 0.0891 0.1111 0.1044 0.0873 0.1236 0.1016 0.1199 
         140  1 0.0894 0.1352 0.1055 0.1021 0.1214 0.1331 0.1096 0.1084 0.0954 
         141  1 0.0992 0.0944 0.1415 0.1062 0.1178 0.1003 0.1019 0.1321 0.1067 
         142  1 0.1087 0.1015 0.1048 0.1112 0.1136 0.0992 0.1311 0.1188 0.1110 
         143  1 0.1031 0.1149 0.1099 0.1065 0.1269 0.1079 0.1360 0.0939 0.1009 
         144  1 0.0751 0.1423 0.0964 0.0966 0.1505 0.1173 0.1272 0.1172 0.0773 
         145  1 0.1118 0.1114 0.1116 0.1157 0.0970 0.1176 0.1054 0.1179 0.1116 
         146  1 0.0679 0.0892 0.1752 0.1069 0.1092 0.1492 0.0739 0.1580 0.0707 
         147  1 0.1136 0.1066 0.1091 0.1259 0.0943 0.0989 0.1267 0.0962 0.1289 
         148  1 0.1030 0.0886 0.1381 0.1074 0.0936 0.1339 0.1121 0.1190 0.1044 
         149  1 0.1297 0.1084 0.1087 0.1116 0.0975 0.1140 0.1113 0.0935 0.1252 
         150  1 0.1684 0.1200 0.0923 0.0973 0.0805 0.1075 0.1039 0.0757 0.1545 
         151  1 0.0859 0.1307 0.1028 0.1020 0.1341 0.1302 0.1248 0.0996 0.0899 
         152  1 0.1295 0.1317 0.0981 0.1020 0.1145 0.1148 0.1121 0.0843 0.1130 
         153  1 0.1256 0.1159 0.1021 0.1112 0.0954 0.1226 0.1045 0.0979 0.1248 
         154  1 0.0857 0.1088 0.1150 0.1003 0.1235 0.1452 0.1237 0.1160 0.0817 
         155  1 0.1005 0.1011 0.0964 0.0987 0.1196 0.1420 0.1286 0.1110 0.1022 
         156  1 0.1004 0.1149 0.1129 0.1130 0.1210 0.1235 0.1020 0.1051 0.1071 
         157  1 0.0981 0.1183 0.1203 0.1097 0.1178 0.1419 0.0999 0.1001 0.0938 
         158  1 0.1357 0.1129 0.1022 0.1060 0.1003 0.1035 0.1203 0.0922 0.1268 
         159  1 0.1191 0.1030 0.1065 0.1298 0.1037 0.0927 0.1226 0.1062 0.1164 
         160  1 0.1017 0.1169 0.1095 0.1024 0.1024 0.1173 0.1315 0.1158 0.1026 
         161  1 0.1455 0.1084 0.0994 0.1211 0.0890 0.0947 0.1165 0.0942 0.1313 
         162  1 0.0892 0.1041 0.1026 0.0868 0.1278 0.1613 0.1306 0.1107 0.0868 
         163  1 0.1562 0.1203 0.0905 0.1019 0.0877 0.1158 0.1048 0.0802 0.1427 
         164  1 0.1091 0.1129 0.0945 0.0907 0.1129 0.1400 0.1339 0.0996 0.1064 
         165  1 0.0963 0.0913 0.1107 0.1223 0.1139 0.1027 0.1115 0.1432 0.1082 
         166  1 0.1447 0.1081 0.1048 0.1119 0.0812 0.1176 0.1064 0.0952 0.1300 
         167  1 0.1223 0.1304 0.1031 0.1001 0.1102 0.1102 0.1087 0.0963 0.1188 
         168  1 0.1347 0.1063 0.0883 0.0972 0.0898 0.1085 0.1351 0.1063 0.1338 
         169  1 0.1366 0.1195 0.1054 0.1116 0.0915 0.1027 0.1128 0.0862 0.1336 
         170  1 0.0929 0.0971 0.1078 0.1262 0.1248 0.0940 0.1142 0.1434 0.0995 
         171  1 0.0954 0.1102 0.1178 0.1090 0.1256 0.1289 0.1123 0.1097 0.0910 
         172  1 0.1264 0.1153 0.0931 0.1024 0.1115 0.1212 0.1179 0.0888 0.1234 
         173  1 0.1148 0.1142 0.1162 0.1144 0.1197 0.1069 0.1049 0.0943 0.1145 
         174  1 0.1252 0.1121 0.1093 0.1133 0.0985 0.1066 0.1185 0.0974 0.1192 
         175  1 0.1382 0.1155 0.1067 0.1049 0.0863 0.1181 0.1151 0.0852 0.1300 
         176  1 0.1093 0.1115 0.1201 0.1204 0.0966 0.1315 0.0972 0.1007 0.1127 
         177  1 0.1464 0.1151 0.0991 0.1069 0.0882 0.1108 0.1165 0.0833 0.1335 
         178  1 0.1086 0.1226 0.0978 0.1087 0.1115 0.1129 0.1263 0.0973 0.1144 
         179  1 0.1442 0.1003 0.1407 0.1047 0.0761 0.1126 0.0915 0.0995 0.1304 
         180  1 0.1223 0.1131 0.1105 0.1211 0.0931 0.0926 0.1136 0.0983 0.1355 
         181  1 0.1629 0.1177 0.1021 0.1049 0.0744 0.1139 0.1047 0.0790 0.1403 
         182  1 0.1183 0.1187 0.1152 0.1157 0.1112 0.1049 0.1037 0.0886 0.1236 
         183  1 0.0852 0.0897 0.1604 0.1089 0.1026 0.1455 0.0752 0.1435 0.0891 
         184  1 0.1029 0.0998 0.1284 0.1188 0.1067 0.1406 0.1002 0.1079 0.0947 
         185  1 0.1268 0.1099 0.1170 0.1081 0.0927 0.1302 0.1079 0.0928 0.1145 
         186  1 0.0712 0.0912 0.1031 0.0879 0.1325 0.1642 0.1469 0.1226 0.0802 
         187  1 0.1291 0.1059 0.1002 0.1061 0.1062 0.1267 0.1161 0.0973 0.1125 
         188  1 0.1170 0.1253 0.1114 0.1139 0.1064 0.1048 0.1063 0.1006 0.1143 
         189  1 0.1221 0.1212 0.1004 0.1129 0.1048 0.1109 0.1162 0.0844 0.1270 
         190  1 0.0683 0.1069 0.0985 0.0876 0.1370 0.1682 0.1401 0.1194 0.0738 
         191  1 0.1129 0.1088 0.1251 0.1086 0.0910 0.1278 0.1129 0.0993 0.1136 
         192  1 0.1143 0.1200 0.1119 0.1039 0.1017 0.1139 0.1254 0.0938 0.1151 
         193  1 0.0891 0.1045 0.1058 0.0897 0.1266 0.1537 0.1379 0.1068 0.0858 
         194  1 0.0539 0.1178 0.1098 0.0869 0.1489 0.1680 0.1272 0.1277 0.0597 
         195  1 0.1300 0.0987 0.1137 0.1168 0.0860 0.0941 0.1088 0.1296 0.1223 
         196  1 0.1413 0.1068 0.0924 0.1050 0.1008 0.1117 0.1242 0.0855 0.1323 
         197  1 0.1199 0.1332 0.0995 0.1099 0.1030 0.1035 0.1267 0.0860 0.1182 
         198  1 0.0886 0.0882 0.1338 0.1202 0.1068 0.1445 0.0815 0.1389 0.0975 
         199  1 0.1024 0.0956 0.1254 0.1073 0.1076 0.1406 0.1027 0.1190 0.0994 
         200  1 0.1516 0.1174 0.1009 0.1130 0.0755 0.1144 0.1071 0.0785 0.1417 
         201  1 0.0488 0.1483 0.1258 0.1009 0.1732 0.1509 0.0932 0.1054 0.0535 
         202  1 0.0672 0.0900 0.1196 0.0892 0.1377 0.1749 0.1279 0.1229 0.0706 
         203  1 0.1262 0.1020 0.1227 0.1163 0.0868 0.1369 0.0928 0.0962 0.1201 
         204  1 0.0865 0.1040 0.1509 0.1043 0.1073 0.1570 0.0760 0.1263 0.0877 
         205  1 0.0543 0.0730 0.1238 0.1626 0.1536 0.0442 0.0993 0.2009 0.0883 
