           1  1 0.0859 0.2701 0.6440 
           2  1 0.0633 0.2230 0.7137 
           3  1 0.0343 0.2685 0.6972 
           4  1 0.1287 0.6428 0.2284 
           5  1 0.5244 0.0905 0.3851 
           6  1 0.9114 0.0491 0.0395 
           7  1 0.0696 0.4457 0.4847 
           8  1 0.1263 0.6767 0.1970 
           9  1 0.0434 0.8069 0.1498 
          10  1 0.3100 0.3632 0.3268 
          11  1 0.4496 0.1744 0.3760 
          12  1 0.0688 0.3172 0.6141 
          13  1 0.0368 0.4593 0.5038 
          14  1 0.0715 0.4899 0.4386 
          15  1 0.0493 0.1720 0.7787 
          16  1 0.8101 0.1118 0.0780 
          17  1 0.0663 0.7484 0.1853 
          18  1 0.0428 0.7573 0.1999 
          19  1 0.4939 0.1843 0.3217 
          20  1 0.0397 0.5465 0.4138 
          21  1 0.1318 0.1765 0.6918 
          22  1 0.9540 0.0244 0.0216 
          23  1 0.9337 0.0210 0.0453 
          24  1 0.5445 0.2038 0.2516 
          25  1 0.4786 0.1157 0.4057 
          26  1 0.3039 0.2496 0.4466 
          27  1 0.9403 0.0282 0.0316 
          28  1 0.2651 0.1832 0.5517 
          29  1 0.9302 0.0400 0.0298 
          30  1 0.8292 0.0946 0.0762 
          31  1 0.9646 0.0190 0.0164 
          32  1 0.8533 0.0762 0.0705 
          33  1 0.3413 0.1973 0.4613 
          34  1 0.9334 0.0336 0.0330 
          35  1 0.8161 0.0806 0.1034 
          36  1 0.8323 0.0619 0.1059 
          37  1 0.9514 0.0212 0.0274 
          38  1 0.8568 0.0479 0.0954 
          39  1 0.9237 0.0289 0.0474 
          40  1 0.2198 0.2068 0.5734 
          41  1 0.8755 0.0578 0.0667 
          42  1 0.7858 0.0633 0.1510 
          43  1 0.9037 0.0410 0.0553 
          44  1 0.7500 0.0560 0.1940 
          45  1 0.9213 0.0321 0.0466 
          46  1 0.9309 0.0395 0.0296 
          47  1 0.8165 0.0611 0.1223 
          48  1 0.9299 0.0387 0.0314 
          49  1 0.9073 0.0503 0.0424 
          50  1 0.7152 0.1542 0.1306 
          51  1 0.9175 0.0341 0.0484 
          52  1 0.8744 0.0557 0.0699 
          53  1 0.8453 0.0798 0.0748 
          54  1 0.9415 0.0241 0.0344 
          55  1 0.0753 0.6523 0.2724 
          56  1 0.2576 0.2204 0.5219 
          57  1 0.0929 0.5640 0.3431 
          58  1 0.0968 0.5708 0.3324 
          59  1 0.5186 0.1664 0.3150 
          60  1 0.0486 0.7477 0.2037 
          61  1 0.0413 0.7178 0.2409 
          62  1 0.0673 0.1791 0.7537 
          63  1 0.1145 0.2723 0.6132 
          64  1 0.0883 0.4477 0.4641 
          65  1 0.1566 0.3954 0.4480 
          66  1 0.1475 0.5336 0.3188 
          67  1 0.0520 0.4724 0.4757 
          68  1 0.0575 0.1524 0.7901 
          69  1 0.0309 0.5785 0.3906 
          70  1 0.0381 0.7159 0.2461 
          71  1 0.1096 0.2915 0.5989 
          72  1 0.0469 0.7936 0.1594 
          73  1 0.8902 0.0581 0.0517 
          74  1 0.0408 0.1645 0.7947 
          75  1 0.0296 0.8163 0.1541 
          76  1 0.7970 0.0454 0.1576 
          77  1 0.0325 0.2067 0.7608 
          78  1 0.0697 0.6269 0.3034 
          79  1 0.1233 0.7158 0.1609 
          80  1 0.8308 0.1059 0.0633 
          81  1 0.1620 0.5782 0.2597 
          82  1 0.2622 0.4365 0.3014 
          83  1 0.0362 0.5373 0.4265 
          84  1 0.1066 0.7296 0.1638 
          85  1 0.1595 0.3651 0.4755 
          86  1 0.7745 0.0739 0.1516 
          87  1 0.0394 0.6725 0.2881 
          88  1 0.0392 0.4669 0.4940 
          89  1 0.0585 0.5261 0.4154 
          90  1 0.0570 0.3496 0.5934 
          91  1 0.2696 0.3736 0.3568 
          92  1 0.0388 0.3242 0.6370 
          93  1 0.8087 0.1050 0.0863 
          94  1 0.1023 0.6360 0.2618 
          95  1 0.2950 0.2515 0.4536 
          96  1 0.0351 0.3441 0.6208 
          97  1 0.8134 0.1052 0.0814 
          98  1 0.1079 0.4131 0.4790 
          99  1 0.0185 0.1925 0.7890 
         100  1 0.1139 0.6031 0.2830 
         101  1 0.0753 0.7301 0.1946 
         102  1 0.0661 0.6435 0.2904 
         103  1 0.1785 0.4821 0.3395 
         104  1 0.0270 0.5220 0.4510 
         105  1 0.7368 0.1342 0.1289 
         106  1 0.4658 0.1174 0.4169 
         107  1 0.6662 0.1960 0.1377 
         108  1 0.0622 0.2929 0.6449 
         109  1 0.1834 0.1883 0.6283 
         110  1 0.9098 0.0512 0.0390 
         111  1 0.0522 0.7334 0.2144 
         112  1 0.0595 0.6598 0.2807 
         113  1 0.0479 0.4197 0.5324 
         114  1 0.0453 0.7534 0.2013 
         115  1 0.9150 0.0431 0.0419 
         116  1 0.0762 0.5547 0.3691 
         117  1 0.0192 0.2331 0.7477 
         118  1 0.0437 0.7040 0.2523 
         119  1 0.8580 0.0779 0.0641 
         120  1 0.1140 0.5432 0.3428 
         121  1 0.0425 0.5726 0.3849 
         122  1 0.8750 0.0626 0.0624 
         123  1 0.1874 0.3788 0.4338 
         124  1 0.3222 0.2750 0.4028 
         125  1 0.1868 0.4540 0.3593 
         126  1 0.0535 0.4987 0.4477 
         127  1 0.1000 0.6130 0.2870 
         128  1 0.0531 0.7131 0.2338 
         129  1 0.0296 0.3710 0.5994 
         130  1 0.1456 0.5380 0.3164 
         131  1 0.8503 0.0712 0.0785 
         132  1 0.0327 0.2438 0.7235 
         133  1 0.7827 0.0818 0.1355 
         134  1 0.0422 0.4948 0.4631 
         135  1 0.0630 0.3610 0.5760 
         136  1 0.0619 0.7123 0.2258 
         137  1 0.0651 0.4860 0.4488 
         138  1 0.7081 0.1021 0.1898 
         139  1 0.8115 0.1291 0.0594 
         140  1 0.0460 0.6982 0.2557 
         141  1 0.6447 0.1326 0.2227 
         142  1 0.7858 0.1474 0.0668 
         143  1 0.0416 0.7921 0.1664 
         144  1 0.6487 0.2649 0.0864 
         145  1 0.0579 0.3702 0.5719 
         146  1 0.0299 0.3013 0.6688 
         147  1 0.1778 0.4582 0.3640 
         148  1 0.0774 0.4873 0.4353 
         149  1 0.0661 0.4880 0.4459 
         150  1 0.0663 0.3840 0.5497 
         151  1 0.0339 0.7153 0.2508 
         152  1 0.0340 0.4733 0.4927 
         153  1 0.0650 0.3586 0.5764 
         154  1 0.0701 0.6030 0.3269 
         155  1 0.0435 0.7307 0.2258 
         156  1 0.0554 0.5815 0.3631 
         157  1 0.0516 0.4144 0.5340 
         158  1 0.0808 0.5928 0.3264 
         159  1 0.2805 0.3416 0.3778 
         160  1 0.0804 0.6484 0.2712 
         161  1 0.2525 0.2989 0.4486 
         162  1 0.0449 0.7409 0.2142 
         163  1 0.0610 0.5199 0.4190 
         164  1 0.1681 0.6489 0.1830 
         165  1 0.5299 0.2231 0.2470 
         166  1 0.0952 0.2144 0.6903 
         167  1 0.0837 0.4668 0.4495 
         168  1 0.0433 0.6012 0.3555 
         169  1 0.3446 0.3231 0.3324 
         170  1 0.8574 0.0910 0.0516 
         171  1 0.1878 0.4675 0.3447 
         172  1 0.0555 0.7597 0.1848 
         173  1 0.0980 0.4289 0.4731 
         174  1 0.1361 0.5168 0.3471 
         175  1 0.0473 0.3856 0.5672 
         176  1 0.0293 0.3355 0.6352 
         177  1 0.1565 0.5496 0.2938 
         178  1 0.0491 0.7333 0.2177 
         179  1 0.0664 0.1981 0.7355 
         180  1 0.2865 0.2781 0.4354 
         181  1 0.0569 0.2377 0.7054 
         182  1 0.0518 0.4403 0.5079 
         183  1 0.0535 0.1875 0.7589 
         184  1 0.0346 0.3975 0.5679 
         185  1 0.0288 0.3393 0.6319 
         186  1 0.0498 0.7368 0.2134 
         187  1 0.1288 0.4964 0.3748 
         188  1 0.1208 0.2361 0.6431 
         189  1 0.0570 0.6348 0.3082 
         190  1 0.0755 0.7613 0.1631 
         191  1 0.0989 0.3120 0.5892 
         192  1 0.0523 0.6821 0.2655 
         193  1 0.0389 0.7855 0.1757 
         194  1 0.0596 0.6495 0.2910 
         195  1 0.8423 0.0398 0.1179 
         196  1 0.1096 0.6462 0.2442 
         197  1 0.1681 0.6377 0.1942 
         198  1 0.0599 0.1678 0.7723 
         199  1 0.0340 0.5218 0.4442 
         200  1 0.0943 0.2539 0.6518 
         201  1 0.0241 0.4849 0.4910 
         202  1 0.0547 0.5735 0.3717 
         203  1 0.0449 0.2154 0.7396 
         204  1 0.0270 0.2156 0.7573 
         205  1 0.9582 0.0215 0.0203 
