           1  1 0.0711 0.1223 0.1017 0.1088 0.1001 0.1134 0.0833 0.0920 0.1179 0.0895 
           2  1 0.0725 0.0988 0.0748 0.1030 0.1006 0.1277 0.0965 0.0988 0.1265 0.1007 
           3  1 0.0754 0.0953 0.0755 0.0937 0.0981 0.1414 0.0935 0.0936 0.1319 0.1016 
           4  1 0.1073 0.1042 0.0888 0.0941 0.1013 0.0881 0.0987 0.1089 0.0930 0.1158 
           5  1 0.0898 0.1134 0.1125 0.1106 0.0908 0.0896 0.0905 0.0976 0.1127 0.0926 
           6  1 0.2783 0.0496 0.0910 0.0843 0.0468 0.0533 0.0890 0.1573 0.0491 0.1012 
           7  1 0.0811 0.0974 0.0858 0.1113 0.0903 0.1181 0.0993 0.0948 0.1112 0.1108 
           8  1 0.0937 0.1051 0.0924 0.0964 0.0991 0.0925 0.1122 0.1053 0.0971 0.1060 
           9  1 0.0600 0.1276 0.1364 0.0907 0.1510 0.0704 0.1390 0.0768 0.0691 0.0791 
          10  1 0.1355 0.0682 0.0658 0.0946 0.0781 0.1327 0.0753 0.1227 0.1066 0.1205 
          11  1 0.1312 0.0696 0.0817 0.1015 0.0768 0.1223 0.0868 0.1094 0.1101 0.1107 
          12  1 0.0943 0.1352 0.0973 0.0972 0.1102 0.0811 0.0986 0.0802 0.1105 0.0954 
          13  1 0.0805 0.1069 0.0849 0.0976 0.1145 0.1005 0.0979 0.0884 0.1106 0.1180 
          14  1 0.0687 0.1176 0.1060 0.1108 0.1335 0.0951 0.0871 0.0807 0.1009 0.0996 
          15  1 0.0739 0.1327 0.1113 0.1194 0.1159 0.0786 0.0743 0.0811 0.1228 0.0898 
          16  1 0.1455 0.0679 0.0938 0.1000 0.0768 0.0972 0.1062 0.1109 0.0980 0.1036 
          17  1 0.0716 0.1003 0.1093 0.0983 0.1244 0.0976 0.1166 0.0920 0.0922 0.0976 
          18  1 0.0651 0.1008 0.0929 0.1021 0.1135 0.1097 0.1204 0.0948 0.1081 0.0926 
          19  1 0.0868 0.0938 0.0830 0.1003 0.0894 0.1168 0.0944 0.1050 0.1140 0.1164 
          20  1 0.0683 0.1053 0.0988 0.1021 0.1130 0.0995 0.0947 0.0889 0.1047 0.1248 
          21  1 0.1107 0.1313 0.0949 0.1062 0.1186 0.0718 0.0834 0.0799 0.1055 0.0976 
          22  1 0.2372 0.0468 0.1023 0.1003 0.0494 0.0807 0.1177 0.1201 0.0754 0.0701 
          23  1 0.3395 0.0300 0.0865 0.0896 0.0326 0.0381 0.0850 0.1558 0.0348 0.1082 
          24  1 0.0834 0.0996 0.1214 0.0996 0.0946 0.1005 0.1050 0.1028 0.1000 0.0930 
          25  1 0.0681 0.0957 0.0830 0.0988 0.0847 0.1409 0.0919 0.1090 0.1353 0.0925 
          26  1 0.1143 0.1101 0.0946 0.1108 0.0914 0.0992 0.0906 0.1014 0.0909 0.0966 
          27  1 0.2756 0.0488 0.0883 0.0900 0.0422 0.0596 0.0910 0.1568 0.0505 0.0972 
          28  1 0.1080 0.0858 0.0965 0.0998 0.0846 0.1113 0.1190 0.0915 0.1078 0.0958 
          29  1 0.1367 0.0776 0.1339 0.0806 0.0823 0.0838 0.1193 0.1259 0.0743 0.0857 
          30  1 0.1912 0.0732 0.1046 0.0892 0.0725 0.0803 0.0994 0.1304 0.0722 0.0869 
          31  1 0.2604 0.0421 0.1173 0.0972 0.0442 0.0620 0.1119 0.1276 0.0650 0.0723 
          32  1 0.0950 0.1369 0.1833 0.0772 0.1064 0.0399 0.1163 0.1056 0.0455 0.0939 
          33  1 0.0967 0.1065 0.0929 0.1141 0.0822 0.1043 0.1105 0.0940 0.1092 0.0896 
          34  1 0.1936 0.0629 0.0971 0.1027 0.0579 0.0820 0.1066 0.1288 0.0772 0.0912 
          35  1 0.0967 0.0756 0.0768 0.0946 0.0795 0.1417 0.0898 0.1291 0.1130 0.1032 
          36  1 0.0939 0.1237 0.1651 0.0883 0.0985 0.0604 0.1154 0.0995 0.0635 0.0917 
          37  1 0.2618 0.0445 0.0968 0.0903 0.0439 0.0775 0.0928 0.1407 0.0696 0.0822 
          38  1 0.1457 0.0755 0.1031 0.0950 0.0726 0.1026 0.1045 0.1153 0.1065 0.0790 
          39  1 0.1277 0.0690 0.0901 0.0909 0.0763 0.1254 0.0951 0.1342 0.1025 0.0886 
          40  1 0.1101 0.0948 0.0898 0.1052 0.0941 0.1129 0.1109 0.0919 0.1040 0.0864 
          41  1 0.1645 0.0734 0.1069 0.0976 0.0730 0.0928 0.1045 0.1150 0.0823 0.0899 
          42  1 0.1064 0.0917 0.0928 0.1007 0.0894 0.1175 0.0977 0.1025 0.1121 0.0893 
          43  1 0.2144 0.0686 0.1065 0.1017 0.0656 0.0625 0.1091 0.1283 0.0639 0.0794 
          44  1 0.1396 0.0771 0.1041 0.0967 0.0817 0.0988 0.1175 0.1012 0.1060 0.0773 
          45  1 0.2455 0.0544 0.1133 0.1028 0.0482 0.0634 0.1003 0.1220 0.0652 0.0850 
          46  1 0.2115 0.0620 0.1113 0.0793 0.0706 0.0689 0.1112 0.1323 0.0672 0.0857 
          47  1 0.1374 0.0882 0.0937 0.1076 0.0772 0.0962 0.0987 0.1213 0.0903 0.0896 
          48  1 0.1847 0.0690 0.1310 0.0971 0.0699 0.0678 0.1307 0.1075 0.0709 0.0714 
          49  1 0.1608 0.0685 0.0977 0.1010 0.0676 0.1038 0.1062 0.1198 0.0927 0.0820 
          50  1 0.0781 0.0829 0.0641 0.0959 0.0830 0.1461 0.0982 0.1143 0.1313 0.1061 
          51  1 0.1448 0.0708 0.0863 0.0970 0.0785 0.1110 0.0957 0.1282 0.1044 0.0833 
          52  1 0.1934 0.0678 0.0943 0.0901 0.0640 0.1011 0.1134 0.1092 0.0954 0.0713 
          53  1 0.1218 0.0775 0.0940 0.0958 0.0731 0.1287 0.1002 0.1128 0.1154 0.0807 
          54  1 0.2483 0.0480 0.0987 0.0961 0.0504 0.0638 0.1075 0.1416 0.0712 0.0745 
          55  1 0.0818 0.1067 0.1101 0.1034 0.1239 0.0811 0.1082 0.0870 0.0857 0.1123 
          56  1 0.0828 0.0894 0.0891 0.0996 0.0960 0.1296 0.0869 0.1119 0.1227 0.0921 
          57  1 0.0755 0.0997 0.0813 0.1059 0.1107 0.1140 0.1044 0.0926 0.1000 0.1159 
          58  1 0.0834 0.1017 0.0809 0.1022 0.1147 0.1067 0.1000 0.0966 0.0994 0.1145 
          59  1 0.0795 0.0730 0.0725 0.0893 0.0829 0.1584 0.0980 0.1113 0.1388 0.0961 
          60  1 0.0642 0.1138 0.1184 0.1008 0.1475 0.0790 0.1053 0.0771 0.0819 0.1119 
          61  1 0.0538 0.1287 0.1428 0.0894 0.1692 0.0659 0.1338 0.0721 0.0640 0.0804 
          62  1 0.0774 0.0973 0.0763 0.0969 0.0981 0.1458 0.0888 0.0991 0.1366 0.0838 
          63  1 0.0807 0.0793 0.0751 0.0917 0.0867 0.1657 0.0881 0.1038 0.1337 0.0953 
          64  1 0.0718 0.1047 0.1199 0.1029 0.1068 0.1031 0.0923 0.0875 0.0977 0.1133 
          65  1 0.0906 0.0819 0.0739 0.1018 0.0863 0.1272 0.1000 0.1176 0.1276 0.0931 
          66  1 0.1083 0.0978 0.0960 0.0938 0.1007 0.0918 0.1077 0.1003 0.0977 0.1059 
          67  1 0.0726 0.1051 0.0878 0.1037 0.1165 0.1173 0.0914 0.0976 0.1107 0.0973 
          68  1 0.0800 0.1007 0.0825 0.1072 0.1117 0.1153 0.0903 0.0972 0.1262 0.0889 
          69  1 0.0734 0.1100 0.0989 0.1055 0.1180 0.0863 0.1006 0.0851 0.0970 0.1251 
          70  1 0.0700 0.1196 0.1117 0.0976 0.1249 0.0832 0.0962 0.0909 0.0852 0.1207 
          71  1 0.0893 0.1159 0.0977 0.1145 0.0928 0.1065 0.0956 0.0854 0.1109 0.0915 
          72  1 0.0472 0.1338 0.1468 0.0905 0.1847 0.0637 0.1321 0.0653 0.0568 0.0793 
          73  1 0.1940 0.0616 0.0866 0.0903 0.0664 0.0853 0.1020 0.1292 0.0889 0.0956 
          74  1 0.0840 0.1340 0.0780 0.1023 0.1057 0.1017 0.0873 0.0786 0.1345 0.0937 
          75  1 0.0497 0.1327 0.1479 0.0968 0.1851 0.0563 0.1204 0.0648 0.0605 0.0859 
          76  1 0.1553 0.0699 0.0960 0.1091 0.0655 0.0997 0.1027 0.1166 0.0967 0.0885 
          77  1 0.0917 0.1226 0.0829 0.1060 0.1113 0.1066 0.0859 0.0824 0.1225 0.0882 
          78  1 0.0628 0.1316 0.1289 0.0975 0.1067 0.0906 0.1029 0.0892 0.0879 0.1020 
          79  1 0.0732 0.1039 0.1023 0.0985 0.1102 0.1065 0.1091 0.0962 0.0995 0.1007 
          80  1 0.1280 0.0943 0.1618 0.0854 0.0925 0.0647 0.1136 0.1027 0.0660 0.0909 
          81  1 0.0829 0.0913 0.0962 0.0962 0.0944 0.1069 0.1058 0.0987 0.0994 0.1281 
          82  1 0.0841 0.1048 0.1106 0.0931 0.0971 0.1058 0.0927 0.0929 0.0985 0.1203 
          83  1 0.0735 0.1409 0.1711 0.0891 0.1173 0.0614 0.0924 0.0692 0.0724 0.1126 
          84  1 0.0637 0.1236 0.1516 0.0851 0.1598 0.0621 0.1288 0.0755 0.0644 0.0855 
          85  1 0.1751 0.0706 0.0765 0.0945 0.0712 0.0842 0.0734 0.1356 0.0750 0.1438 
          86  1 0.1392 0.0663 0.0799 0.0969 0.0695 0.1356 0.0833 0.1196 0.1168 0.0930 
          87  1 0.0759 0.0918 0.0779 0.1066 0.0915 0.1253 0.1144 0.0968 0.1195 0.1003 
          88  1 0.0731 0.0901 0.0840 0.1002 0.1143 0.1286 0.1004 0.0934 0.1176 0.0983 
          89  1 0.0797 0.0872 0.0866 0.1081 0.0909 0.1241 0.0959 0.1012 0.1200 0.1063 
          90  1 0.0852 0.0885 0.0858 0.1011 0.0898 0.1085 0.0905 0.1001 0.1174 0.1330 
          91  1 0.1081 0.0805 0.0758 0.0964 0.0916 0.1190 0.1072 0.1100 0.1088 0.1025 
          92  1 0.1042 0.1581 0.1081 0.0994 0.1267 0.0526 0.0815 0.0619 0.1025 0.1051 
          93  1 0.1246 0.0970 0.1330 0.0849 0.0976 0.0749 0.1074 0.1145 0.0694 0.0967 
          94  1 0.0809 0.0889 0.0841 0.0948 0.0935 0.1287 0.1012 0.1048 0.1163 0.1068 
          95  1 0.1217 0.0827 0.0922 0.1076 0.0740 0.1028 0.1000 0.1055 0.1155 0.0980 
          96  1 0.0888 0.1529 0.1170 0.1070 0.1231 0.0577 0.0949 0.0690 0.0920 0.0976 
          97  1 0.0960 0.1059 0.1406 0.0926 0.0989 0.0820 0.1080 0.1060 0.0828 0.0873 
          98  1 0.0843 0.0958 0.0908 0.0999 0.0889 0.1338 0.0898 0.1020 0.1055 0.1092 
          99  1 0.0971 0.1830 0.1032 0.1082 0.1340 0.0493 0.0732 0.0492 0.1121 0.0906 
         100  1 0.0756 0.0944 0.0800 0.1012 0.0928 0.1200 0.1025 0.0963 0.1284 0.1089 
         101  1 0.0646 0.1204 0.1482 0.0883 0.1480 0.0697 0.1345 0.0748 0.0726 0.0791 
         102  1 0.0642 0.0963 0.0873 0.1074 0.1077 0.1173 0.1059 0.1038 0.1126 0.0974 
         103  1 0.0996 0.0928 0.0842 0.0969 0.0980 0.1091 0.0985 0.0998 0.1018 0.1193 
         104  1 0.0713 0.1515 0.1864 0.0898 0.1209 0.0420 0.0981 0.0605 0.0582 0.1213 
         105  1 0.0819 0.0968 0.1185 0.1094 0.0911 0.0958 0.0966 0.1047 0.0984 0.1068 
         106  1 0.0862 0.1239 0.0946 0.1063 0.0866 0.1112 0.0801 0.1001 0.1200 0.0911 
         107  1 0.0842 0.0943 0.0912 0.0979 0.1019 0.1163 0.0989 0.1102 0.1079 0.0972 
         108  1 0.0806 0.1252 0.1010 0.1024 0.1085 0.1061 0.0837 0.0932 0.1103 0.0891 
         109  1 0.0923 0.1301 0.0965 0.1057 0.0955 0.0868 0.0913 0.0842 0.1109 0.1067 
         110  1 0.1441 0.0751 0.1136 0.0781 0.0926 0.0944 0.1114 0.1178 0.0927 0.0803 
         111  1 0.0810 0.0952 0.1012 0.1028 0.1013 0.1031 0.1080 0.0994 0.0996 0.1084 
         112  1 0.0753 0.1129 0.0967 0.1053 0.1149 0.0973 0.0976 0.0909 0.0941 0.1150 
         113  1 0.0797 0.1508 0.1396 0.0998 0.1177 0.0668 0.0911 0.0713 0.0959 0.0873 
         114  1 0.0626 0.1122 0.0970 0.0945 0.1176 0.1070 0.1074 0.0890 0.0916 0.1212 
         115  1 0.2098 0.0515 0.0888 0.1007 0.0594 0.0964 0.1025 0.1297 0.0821 0.0791 
         116  1 0.0658 0.1229 0.1130 0.0995 0.1204 0.0928 0.1006 0.0890 0.0934 0.1028 
         117  1 0.0966 0.1805 0.1037 0.1207 0.1260 0.0457 0.0749 0.0529 0.1106 0.0886 
         118  1 0.0682 0.1055 0.0926 0.1015 0.1257 0.1139 0.1054 0.0910 0.1067 0.0896 
         119  1 0.1566 0.0791 0.1054 0.0900 0.0793 0.0943 0.1001 0.1207 0.0868 0.0876 
         120  1 0.0719 0.1403 0.1424 0.1059 0.1324 0.0661 0.1182 0.0701 0.0760 0.0768 
         121  1 0.0597 0.1306 0.1311 0.1019 0.1129 0.0871 0.1020 0.0814 0.0867 0.1066 
         122  1 0.1349 0.0760 0.1101 0.1025 0.0766 0.0866 0.1091 0.1165 0.0870 0.1007 
         123  1 0.1075 0.0871 0.0719 0.0983 0.0964 0.1266 0.0816 0.1036 0.1108 0.1160 
         124  1 0.1001 0.0837 0.0798 0.1061 0.0818 0.1402 0.0935 0.1062 0.1129 0.0957 
         125  1 0.0770 0.0687 0.0664 0.1020 0.0861 0.1629 0.0861 0.1025 0.1382 0.1101 
         126  1 0.0731 0.1199 0.1117 0.1016 0.1102 0.0950 0.0956 0.0852 0.0988 0.1088 
         127  1 0.1029 0.0973 0.0955 0.0965 0.0983 0.0930 0.0862 0.0961 0.0877 0.1466 
         128  1 0.0640 0.1155 0.1082 0.0984 0.1283 0.0935 0.1109 0.0845 0.0911 0.1055 
         129  1 0.0881 0.1483 0.1056 0.1143 0.1264 0.0685 0.0748 0.0706 0.1058 0.0976 
         130  1 0.0740 0.0958 0.0851 0.1055 0.0995 0.1147 0.1033 0.0970 0.1081 0.1169 
         131  1 0.0953 0.1166 0.1604 0.0914 0.0988 0.0696 0.1098 0.0966 0.0689 0.0926 
         132  1 0.0955 0.1541 0.1001 0.1215 0.1200 0.0703 0.0825 0.0632 0.1141 0.0787 
         133  1 0.2107 0.0609 0.0891 0.1039 0.0566 0.0780 0.1047 0.1280 0.0889 0.0792 
         134  1 0.0653 0.1353 0.1627 0.0951 0.1095 0.0724 0.0922 0.0769 0.0766 0.1139 
         135  1 0.0739 0.0947 0.0809 0.1006 0.0880 0.1283 0.0872 0.1107 0.1320 0.1036 
         136  1 0.0689 0.1281 0.1326 0.0852 0.1666 0.0654 0.1261 0.0720 0.0654 0.0896 
         137  1 0.0838 0.1219 0.1008 0.1010 0.1175 0.0818 0.0918 0.0869 0.1028 0.1116 
         138  1 0.1966 0.0689 0.0762 0.0958 0.0670 0.0750 0.0754 0.1287 0.0752 0.1412 
         139  1 0.0894 0.0810 0.1022 0.0858 0.0962 0.1289 0.0995 0.1156 0.1054 0.0962 
         140  1 0.0744 0.1174 0.1061 0.0928 0.1201 0.0911 0.0987 0.0807 0.0897 0.1290 
         141  1 0.1199 0.1056 0.1062 0.1100 0.0858 0.0911 0.0888 0.1017 0.0954 0.0954 
         142  1 0.1117 0.0811 0.1055 0.0963 0.0956 0.0962 0.1109 0.1125 0.0909 0.0993 
         143  1 0.0643 0.0992 0.0991 0.0948 0.1121 0.0988 0.1280 0.0874 0.0950 0.1212 
         144  1 0.0778 0.1193 0.1707 0.0891 0.1235 0.0610 0.1175 0.0899 0.0572 0.0939 
         145  1 0.0871 0.1042 0.0881 0.1118 0.1038 0.0992 0.0986 0.0900 0.1074 0.1097 
         146  1 0.0910 0.1573 0.1227 0.1112 0.1208 0.0615 0.0699 0.0693 0.1042 0.0921 
         147  1 0.1043 0.0901 0.0798 0.0961 0.0884 0.1065 0.1076 0.1110 0.1135 0.1028 
         148  1 0.0939 0.1387 0.0903 0.1082 0.1044 0.0880 0.1050 0.0802 0.1039 0.0873 
         149  1 0.0766 0.0956 0.0836 0.1079 0.0955 0.1186 0.1088 0.1003 0.1153 0.0977 
         150  1 0.0650 0.0763 0.0763 0.0992 0.0928 0.1543 0.0920 0.1069 0.1313 0.1062 
         151  1 0.0583 0.1262 0.1348 0.1014 0.1236 0.0784 0.1055 0.0816 0.0810 0.1093 
         152  1 0.0717 0.1087 0.1157 0.1011 0.1122 0.0991 0.0911 0.0910 0.0987 0.1108 
         153  1 0.0809 0.1065 0.0835 0.1075 0.0954 0.1195 0.1029 0.0913 0.1158 0.0966 
         154  1 0.0753 0.1146 0.1214 0.0910 0.1428 0.0744 0.1123 0.0750 0.0863 0.1070 
         155  1 0.0570 0.1103 0.1107 0.0973 0.1373 0.0916 0.1137 0.0874 0.0928 0.1018 
         156  1 0.0748 0.1065 0.1020 0.1063 0.1079 0.0976 0.1039 0.0917 0.1013 0.1080 
         157  1 0.0834 0.1348 0.1008 0.0962 0.1096 0.0819 0.1058 0.0850 0.1028 0.0998 
         158  1 0.0779 0.0997 0.0880 0.1036 0.0920 0.1250 0.0983 0.0952 0.1090 0.1114 
         159  1 0.1230 0.0809 0.0839 0.1029 0.0807 0.1084 0.0941 0.1268 0.1080 0.0913 
         160  1 0.0823 0.0986 0.0945 0.1015 0.1209 0.0961 0.0968 0.0893 0.0926 0.1273 
         161  1 0.1017 0.0736 0.0782 0.0955 0.0802 0.1298 0.0999 0.1251 0.1220 0.0941 
         162  1 0.0556 0.1161 0.1291 0.1048 0.1476 0.0811 0.1163 0.0851 0.0815 0.0828 
         163  1 0.0764 0.0836 0.0696 0.0981 0.1036 0.1470 0.0851 0.1105 0.1273 0.0987 
         164  1 0.0593 0.0958 0.1123 0.0977 0.1308 0.1197 0.1111 0.0890 0.0971 0.0874 
         165  1 0.1370 0.0842 0.1112 0.1014 0.0883 0.0922 0.0985 0.1153 0.0844 0.0876 
         166  1 0.0807 0.1067 0.0793 0.1026 0.0940 0.1226 0.0889 0.1058 0.1254 0.0942 
         167  1 0.0798 0.1029 0.0971 0.0992 0.1069 0.1039 0.0998 0.0939 0.1015 0.1151 
         168  1 0.0615 0.0989 0.0759 0.1038 0.1165 0.1204 0.0896 0.0932 0.1236 0.1166 
         169  1 0.0934 0.0863 0.0766 0.1033 0.0860 0.1208 0.1020 0.1060 0.1213 0.1042 
         170  1 0.1234 0.0808 0.1230 0.0961 0.0819 0.0883 0.1201 0.1113 0.0852 0.0901 
         171  1 0.0901 0.1132 0.1036 0.1020 0.1007 0.0916 0.1067 0.0931 0.1020 0.0969 
         172  1 0.0612 0.0955 0.0875 0.1028 0.1190 0.1212 0.1124 0.1014 0.1055 0.0935 
         173  1 0.0823 0.1068 0.1002 0.1002 0.0980 0.0955 0.1123 0.0951 0.1013 0.1083 
         174  1 0.0820 0.0946 0.0842 0.1042 0.1003 0.1110 0.0984 0.1052 0.1037 0.1164 
         175  1 0.0668 0.1023 0.0809 0.1097 0.1023 0.1281 0.0968 0.0968 0.1262 0.0899 
         176  1 0.0841 0.1135 0.0837 0.0969 0.1022 0.1055 0.0897 0.0879 0.1219 0.1146 
         177  1 0.0804 0.0844 0.0742 0.1000 0.0924 0.1373 0.1031 0.1058 0.1214 0.1010 
         178  1 0.0700 0.0961 0.0994 0.1010 0.1022 0.1012 0.1098 0.0943 0.1069 0.1191 
         179  1 0.0663 0.1029 0.0914 0.1034 0.0980 0.1276 0.0909 0.1000 0.1316 0.0879 
         180  1 0.1080 0.0894 0.0777 0.1065 0.0912 0.1155 0.0979 0.1137 0.1076 0.0926 
         181  1 0.0782 0.0786 0.0686 0.1068 0.0977 0.1387 0.0874 0.1085 0.1317 0.1039 
         182  1 0.0803 0.0926 0.0913 0.1051 0.0957 0.1096 0.0991 0.0954 0.1107 0.1203 
         183  1 0.0995 0.1435 0.1028 0.1133 0.1133 0.0804 0.0781 0.0646 0.1138 0.0907 
         184  1 0.0737 0.1316 0.0915 0.1069 0.1128 0.0948 0.1007 0.0795 0.1091 0.0993 
         185  1 0.0768 0.1037 0.0864 0.1061 0.1052 0.1162 0.0947 0.0866 0.1211 0.1031 
         186  1 0.0521 0.1326 0.1465 0.0902 0.1642 0.0601 0.1465 0.0687 0.0625 0.0766 
         187  1 0.0759 0.1103 0.0930 0.1042 0.1052 0.1094 0.1053 0.0963 0.1060 0.0945 
         188  1 0.1128 0.0879 0.0813 0.1027 0.0922 0.1066 0.0822 0.1094 0.1136 0.1112 
         189  1 0.0957 0.0889 0.0722 0.0986 0.0888 0.1105 0.1034 0.1061 0.1093 0.1266 
         190  1 0.0504 0.1293 0.1451 0.0924 0.1648 0.0630 0.1258 0.0754 0.0630 0.0906 
         191  1 0.0876 0.1111 0.0899 0.1106 0.0957 0.1042 0.1045 0.0967 0.1066 0.0931 
         192  1 0.0781 0.0910 0.0852 0.1035 0.1032 0.1029 0.1113 0.0939 0.1043 0.1264 
         193  1 0.0629 0.1204 0.1357 0.0987 0.1422 0.0744 0.1353 0.0713 0.0743 0.0848 
         194  1 0.0641 0.1256 0.1543 0.0917 0.1691 0.0454 0.1381 0.0655 0.0549 0.0914 
         195  1 0.0949 0.0786 0.0937 0.1168 0.0753 0.1286 0.1021 0.0996 0.1213 0.0891 
         196  1 0.0759 0.0822 0.0810 0.0982 0.0999 0.1311 0.1109 0.1044 0.1101 0.1062 
         197  1 0.0835 0.0933 0.0822 0.0999 0.1056 0.1092 0.1028 0.0973 0.1044 0.1219 
         198  1 0.1109 0.1307 0.0850 0.1084 0.1104 0.0804 0.0812 0.0785 0.1103 0.1042 
         199  1 0.0738 0.1151 0.1060 0.1031 0.1291 0.0879 0.1111 0.0823 0.1007 0.0909 
         200  1 0.0714 0.0911 0.0752 0.1132 0.0931 0.1357 0.1004 0.1052 0.1284 0.0862 
         201  1 0.0769 0.1415 0.1754 0.0914 0.1330 0.0439 0.0983 0.0669 0.0613 0.1113 
         202  1 0.0587 0.1324 0.1541 0.0958 0.1619 0.0558 0.1404 0.0673 0.0611 0.0725 
         203  1 0.0792 0.1162 0.0805 0.0990 0.1006 0.1103 0.0880 0.0959 0.1285 0.1018 
         204  1 0.0871 0.1492 0.0955 0.1056 0.1193 0.0819 0.0846 0.0723 0.1164 0.0879 
         205  1 0.3114 0.0394 0.0909 0.0861 0.0434 0.0469 0.0976 0.1601 0.0434 0.0809 
