           1  1 0.2236 0.1370 0.6394 
           2  1 0.2755 0.1472 0.5773 
           3  1 0.3063 0.1002 0.5935 
           4  1 0.6070 0.1569 0.2361 
           5  1 0.1410 0.5094 0.3495 
           6  1 0.1072 0.8211 0.0717 
           7  1 0.3784 0.1226 0.4990 
           8  1 0.6240 0.1707 0.2054 
           9  1 0.7081 0.0732 0.2187 
          10  1 0.4328 0.3297 0.2374 
          11  1 0.2297 0.5086 0.2617 
          12  1 0.2816 0.1063 0.6122 
          13  1 0.4723 0.0725 0.4552 
          14  1 0.4562 0.1201 0.4237 
          15  1 0.2062 0.1080 0.6859 
          16  1 0.1438 0.7706 0.0856 
          17  1 0.6804 0.1038 0.2157 
          18  1 0.6669 0.0894 0.2438 
          19  1 0.2266 0.4841 0.2892 
          20  1 0.5001 0.0787 0.4213 
          21  1 0.2119 0.1676 0.6205 
          22  1 0.0646 0.8926 0.0428 
          23  1 0.0683 0.8712 0.0605 
          24  1 0.2095 0.4990 0.2915 
          25  1 0.1594 0.4781 0.3625 
          26  1 0.2544 0.3026 0.4430 
          27  1 0.0695 0.8630 0.0675 
          28  1 0.2455 0.2830 0.4714 
          29  1 0.0919 0.8431 0.0649 
          30  1 0.1273 0.7541 0.1187 
          31  1 0.0637 0.8945 0.0418 
          32  1 0.1228 0.7190 0.1582 
          33  1 0.2367 0.3754 0.3878 
          34  1 0.0821 0.8368 0.0811 
          35  1 0.1139 0.7867 0.0994 
          36  1 0.0961 0.7133 0.1906 
          37  1 0.0510 0.9051 0.0439 
          38  1 0.0954 0.7990 0.1056 
          39  1 0.0722 0.8620 0.0658 
          40  1 0.2560 0.2948 0.4491 
          41  1 0.0989 0.7739 0.1272 
          42  1 0.0925 0.6967 0.2108 
          43  1 0.0838 0.8001 0.1161 
          44  1 0.0907 0.6954 0.2139 
          45  1 0.0795 0.8381 0.0824 
          46  1 0.0966 0.8442 0.0592 
          47  1 0.1054 0.7640 0.1306 
          48  1 0.1007 0.8375 0.0618 
          49  1 0.0949 0.8154 0.0897 
          50  1 0.1927 0.6785 0.1288 
          51  1 0.0733 0.8386 0.0881 
          52  1 0.1035 0.8086 0.0879 
          53  1 0.1265 0.7678 0.1057 
          54  1 0.0605 0.8749 0.0647 
          55  1 0.5393 0.1079 0.3528 
          56  1 0.2335 0.3018 0.4646 
          57  1 0.5642 0.1448 0.2910 
          58  1 0.5395 0.1480 0.3125 
          59  1 0.1956 0.5373 0.2671 
          60  1 0.6555 0.0860 0.2585 
          61  1 0.6466 0.0727 0.2807 
          62  1 0.2042 0.1576 0.6382 
          63  1 0.3150 0.1977 0.4873 
          64  1 0.3726 0.1290 0.4984 
          65  1 0.4177 0.2436 0.3387 
          66  1 0.5041 0.1760 0.3199 
          67  1 0.4722 0.1192 0.4086 
          68  1 0.2022 0.1383 0.6595 
          69  1 0.5183 0.0611 0.4205 
          70  1 0.6032 0.0683 0.3286 
          71  1 0.3016 0.1384 0.5600 
          72  1 0.6938 0.0740 0.2322 
          73  1 0.1117 0.7886 0.0997 
          74  1 0.1904 0.1053 0.7043 
          75  1 0.6960 0.0578 0.2462 
          76  1 0.0796 0.7669 0.1535 
          77  1 0.2257 0.0893 0.6850 
          78  1 0.5125 0.1075 0.3800 
          79  1 0.6395 0.1445 0.2160 
          80  1 0.1599 0.6984 0.1417 
          81  1 0.5229 0.1859 0.2913 
          82  1 0.3623 0.2886 0.3491 
          83  1 0.4232 0.0648 0.5120 
          84  1 0.6239 0.1339 0.2422 
          85  1 0.4315 0.2182 0.3503 
          86  1 0.1130 0.7464 0.1407 
          87  1 0.6225 0.1040 0.2735 
          88  1 0.4342 0.0814 0.4844 
          89  1 0.5158 0.1085 0.3757 
          90  1 0.4006 0.1099 0.4895 
          91  1 0.4095 0.3170 0.2735 
          92  1 0.2915 0.0645 0.6441 
          93  1 0.1677 0.6891 0.1432 
          94  1 0.5782 0.1583 0.2635 
          95  1 0.3191 0.3425 0.3384 
          96  1 0.2660 0.0718 0.6622 
          97  1 0.1649 0.6862 0.1489 
          98  1 0.3591 0.1613 0.4795 
          99  1 0.1881 0.0515 0.7604 
         100  1 0.5170 0.1898 0.2932 
         101  1 0.6281 0.1105 0.2615 
         102  1 0.5855 0.1237 0.2908 
         103  1 0.4621 0.2268 0.3111 
         104  1 0.3988 0.0511 0.5501 
         105  1 0.1610 0.6813 0.1576 
         106  1 0.1492 0.4641 0.3867 
         107  1 0.2326 0.5970 0.1704 
         108  1 0.2730 0.1196 0.6074 
         109  1 0.1786 0.2114 0.6100 
         110  1 0.1048 0.8228 0.0724 
         111  1 0.6668 0.0894 0.2438 
         112  1 0.6073 0.0905 0.3022 
         113  1 0.3180 0.0850 0.5970 
         114  1 0.6848 0.0906 0.2247 
         115  1 0.0896 0.8510 0.0594 
         116  1 0.4823 0.1152 0.4025 
         117  1 0.1907 0.0467 0.7626 
         118  1 0.6492 0.0886 0.2621 
         119  1 0.1411 0.7398 0.1192 
         120  1 0.4548 0.1436 0.4017 
         121  1 0.4635 0.0813 0.4552 
         122  1 0.1181 0.7611 0.1208 
         123  1 0.3755 0.2210 0.4034 
         124  1 0.3014 0.3519 0.3467 
         125  1 0.4167 0.2836 0.2997 
         126  1 0.4322 0.0942 0.4736 
         127  1 0.5731 0.1258 0.3010 
         128  1 0.6453 0.0963 0.2584 
         129  1 0.3301 0.0574 0.6125 
         130  1 0.5241 0.1868 0.2890 
         131  1 0.1093 0.7415 0.1492 
         132  1 0.2304 0.0751 0.6945 
         133  1 0.1374 0.7649 0.0977 
         134  1 0.3935 0.0770 0.5295 
         135  1 0.3577 0.1191 0.5232 
         136  1 0.6386 0.0887 0.2727 
         137  1 0.4051 0.0915 0.5034 
         138  1 0.1564 0.6658 0.1777 
         139  1 0.1860 0.7249 0.0891 
         140  1 0.5715 0.0796 0.3489 
         141  1 0.1756 0.5853 0.2390 
         142  1 0.2097 0.6882 0.1022 
         143  1 0.7375 0.0758 0.1867 
         144  1 0.3081 0.5326 0.1593 
         145  1 0.3719 0.1067 0.5214 
         146  1 0.2588 0.0621 0.6792 
         147  1 0.4421 0.2461 0.3118 
         148  1 0.4178 0.1297 0.4526 
         149  1 0.4500 0.1183 0.4317 
         150  1 0.3449 0.1423 0.5128 
         151  1 0.6076 0.0621 0.3303 
         152  1 0.4340 0.0821 0.4839 
         153  1 0.3525 0.1137 0.5339 
         154  1 0.5129 0.1003 0.3868 
         155  1 0.6562 0.0787 0.2651 
         156  1 0.4746 0.0843 0.4411 
         157  1 0.3491 0.0851 0.5657 
         158  1 0.5521 0.1267 0.3212 
         159  1 0.3742 0.3142 0.3116 
         160  1 0.6074 0.1144 0.2782 
         161  1 0.3300 0.3137 0.3563 
         162  1 0.6507 0.0759 0.2734 
         163  1 0.5253 0.1277 0.3470 
         164  1 0.5852 0.2013 0.2136 
         165  1 0.2154 0.5144 0.2702 
         166  1 0.2437 0.1565 0.5998 
         167  1 0.4166 0.1256 0.4578 
         168  1 0.6019 0.1028 0.2953 
         169  1 0.3804 0.3669 0.2527 
         170  1 0.1512 0.7448 0.1040 
         171  1 0.4052 0.2095 0.3853 
         172  1 0.6703 0.1042 0.2255 
         173  1 0.4068 0.1275 0.4657 
         174  1 0.5207 0.1653 0.3140 
         175  1 0.3884 0.1190 0.4926 
         176  1 0.3586 0.0669 0.5745 
         177  1 0.5580 0.2068 0.2352 
         178  1 0.6787 0.0875 0.2338 
         179  1 0.2158 0.1532 0.6310 
         180  1 0.3168 0.3330 0.3502 
         181  1 0.2950 0.1323 0.5728 
         182  1 0.4620 0.0915 0.4465 
         183  1 0.1868 0.1028 0.7103 
         184  1 0.3701 0.0736 0.5563 
         185  1 0.3286 0.0823 0.5891 
         186  1 0.6392 0.0813 0.2795 
         187  1 0.4974 0.1542 0.3484 
         188  1 0.2945 0.1734 0.5321 
         189  1 0.6371 0.1104 0.2525 
         190  1 0.6745 0.0991 0.2264 
         191  1 0.2675 0.1593 0.5732 
         192  1 0.6365 0.0965 0.2670 
         193  1 0.6825 0.0737 0.2438 
         194  1 0.5325 0.0780 0.3896 
         195  1 0.0754 0.7874 0.1372 
         196  1 0.6087 0.1581 0.2331 
         197  1 0.5941 0.1998 0.2061 
         198  1 0.2171 0.1105 0.6724 
         199  1 0.4258 0.0769 0.4973 
         200  1 0.2585 0.1940 0.5475 
         201  1 0.3629 0.0482 0.5890 
         202  1 0.4566 0.0934 0.4500 
         203  1 0.2282 0.1113 0.6605 
         204  1 0.2095 0.0735 0.7171 
         205  1 0.0734 0.8880 0.0386 
