           1  1 0.1633 0.2100 0.2024 0.1486 0.0373 0.2384 
           2  1 0.2218 0.1550 0.1813 0.2301 0.0473 0.1645 
           3  1 0.2487 0.1442 0.1962 0.2119 0.0284 0.1706 
           4  1 0.1827 0.1947 0.1528 0.2038 0.1028 0.1631 
           5  1 0.1744 0.1671 0.1860 0.1506 0.1593 0.1627 
           6  1 0.0622 0.0617 0.0549 0.0631 0.7051 0.0530 
           7  1 0.1889 0.1605 0.1856 0.2075 0.0643 0.1932 
           8  1 0.1871 0.1849 0.1508 0.2250 0.1154 0.1369 
           9  1 0.1110 0.3178 0.2050 0.1107 0.0394 0.2161 
          10  1 0.2386 0.1348 0.1479 0.2014 0.1344 0.1429 
          11  1 0.2269 0.1223 0.1476 0.2145 0.1619 0.1269 
          12  1 0.1272 0.1854 0.2141 0.1564 0.0667 0.2502 
          13  1 0.1898 0.1627 0.1761 0.2261 0.0348 0.2104 
          14  1 0.1589 0.1993 0.1990 0.1795 0.0513 0.2119 
          15  1 0.1540 0.1780 0.2341 0.1761 0.0308 0.2269 
          16  1 0.1491 0.1085 0.1061 0.1330 0.4165 0.0868 
          17  1 0.1509 0.2448 0.1944 0.1611 0.0618 0.1869 
          18  1 0.1645 0.2508 0.1931 0.1799 0.0466 0.1651 
          19  1 0.2422 0.1234 0.1592 0.2228 0.0998 0.1526 
          20  1 0.1547 0.2015 0.1816 0.2150 0.0425 0.2047 
          21  1 0.1146 0.1690 0.2179 0.1704 0.0930 0.2350 
          22  1 0.0703 0.0465 0.0496 0.0587 0.7418 0.0330 
          23  1 0.0623 0.0487 0.0517 0.0704 0.7305 0.0365 
          24  1 0.1638 0.1483 0.1419 0.1631 0.2272 0.1556 
          25  1 0.2488 0.1670 0.1685 0.1793 0.0747 0.1616 
          26  1 0.1596 0.1587 0.1530 0.1543 0.2110 0.1633 
          27  1 0.0734 0.0459 0.0590 0.0741 0.7050 0.0426 
          28  1 0.2045 0.1265 0.1703 0.2034 0.1438 0.1516 
          29  1 0.0831 0.0677 0.0665 0.0667 0.6622 0.0538 
          30  1 0.1078 0.0882 0.0853 0.0771 0.5546 0.0869 
          31  1 0.0435 0.0367 0.0367 0.0332 0.8215 0.0284 
          32  1 0.0704 0.1322 0.0828 0.0764 0.5158 0.1224 
          33  1 0.1995 0.1572 0.1699 0.1621 0.1600 0.1513 
          34  1 0.0611 0.0554 0.0537 0.0525 0.7296 0.0477 
          35  1 0.2279 0.1039 0.1397 0.1707 0.2547 0.1031 
          36  1 0.0832 0.1107 0.1108 0.0927 0.4821 0.1205 
          37  1 0.0782 0.0422 0.0618 0.0556 0.7331 0.0291 
          38  1 0.1456 0.0872 0.0887 0.1262 0.4705 0.0818 
          39  1 0.1385 0.0836 0.0849 0.0942 0.5189 0.0798 
          40  1 0.2389 0.1295 0.1483 0.2309 0.1147 0.1377 
          41  1 0.0945 0.0723 0.0850 0.0836 0.5825 0.0820 
          42  1 0.1420 0.1089 0.1415 0.1335 0.3424 0.1317 
          43  1 0.0615 0.0625 0.0633 0.0588 0.6821 0.0718 
          44  1 0.1482 0.0948 0.1202 0.1472 0.3778 0.1117 
          45  1 0.0712 0.0556 0.0543 0.0616 0.7024 0.0548 
          46  1 0.0719 0.0600 0.0645 0.0698 0.6853 0.0486 
          47  1 0.1313 0.1057 0.1027 0.1046 0.4461 0.1097 
          48  1 0.0657 0.0749 0.0577 0.0581 0.6844 0.0592 
          49  1 0.0936 0.0636 0.0750 0.0773 0.6342 0.0563 
          50  1 0.2351 0.1216 0.1611 0.2014 0.1655 0.1152 
          51  1 0.1174 0.0716 0.0851 0.0933 0.5698 0.0629 
          52  1 0.1389 0.0729 0.0844 0.1035 0.5445 0.0558 
          53  1 0.1343 0.0923 0.0974 0.1086 0.4809 0.0864 
          54  1 0.0615 0.0424 0.0474 0.0495 0.7574 0.0419 
          55  1 0.1240 0.2295 0.1966 0.1518 0.0729 0.2252 
          56  1 0.2032 0.1524 0.1853 0.1732 0.1221 0.1639 
          57  1 0.2157 0.1753 0.1653 0.2245 0.0685 0.1507 
          58  1 0.2261 0.1606 0.1475 0.2539 0.0562 0.1556 
          59  1 0.2703 0.1387 0.1702 0.1880 0.0842 0.1486 
          60  1 0.1249 0.2797 0.1914 0.1529 0.0416 0.2094 
          61  1 0.1160 0.3219 0.1976 0.1050 0.0353 0.2243 
          62  1 0.1987 0.1794 0.2138 0.1615 0.0480 0.1986 
          63  1 0.2709 0.1430 0.1901 0.1963 0.0490 0.1507 
          64  1 0.1662 0.2008 0.1914 0.1805 0.0665 0.1947 
          65  1 0.2784 0.1197 0.1452 0.2232 0.0890 0.1445 
          66  1 0.1651 0.1838 0.1764 0.1923 0.1106 0.1719 
          67  1 0.2303 0.1582 0.1775 0.2185 0.0368 0.1787 
          68  1 0.1796 0.1796 0.2247 0.1729 0.0457 0.1975 
          69  1 0.1476 0.2075 0.1877 0.1929 0.0327 0.2315 
          70  1 0.1303 0.2599 0.1997 0.1568 0.0389 0.2144 
          71  1 0.1849 0.1691 0.1925 0.1818 0.0799 0.1918 
          72  1 0.0933 0.3355 0.2042 0.1028 0.0321 0.2321 
          73  1 0.0777 0.0735 0.0734 0.0810 0.6267 0.0677 
          74  1 0.1626 0.1646 0.2317 0.1618 0.0451 0.2342 
          75  1 0.0884 0.3424 0.2091 0.0961 0.0256 0.2383 
          76  1 0.1675 0.1037 0.1109 0.1318 0.3801 0.1060 
          77  1 0.1602 0.1756 0.2218 0.1694 0.0373 0.2358 
          78  1 0.1672 0.2346 0.1903 0.1649 0.0532 0.1898 
          79  1 0.1684 0.2310 0.1780 0.1600 0.0910 0.1715 
          80  1 0.0844 0.1384 0.0870 0.0739 0.4969 0.1194 
          81  1 0.1630 0.1946 0.1724 0.1902 0.1226 0.1572 
          82  1 0.1811 0.1600 0.1702 0.1887 0.1466 0.1534 
          83  1 0.1085 0.2562 0.2147 0.1287 0.0318 0.2602 
          84  1 0.1134 0.3062 0.1884 0.1018 0.0750 0.2152 
          85  1 0.2157 0.1422 0.1633 0.2143 0.1237 0.1409 
          86  1 0.2018 0.1088 0.1384 0.1535 0.2934 0.1041 
          87  1 0.2469 0.1594 0.1875 0.2229 0.0401 0.1431 
          88  1 0.2091 0.1989 0.1891 0.1777 0.0341 0.1912 
          89  1 0.2237 0.1562 0.1739 0.2290 0.0600 0.1571 
          90  1 0.1923 0.1627 0.1809 0.2386 0.0517 0.1738 
          91  1 0.2374 0.1316 0.1477 0.2162 0.1422 0.1248 
          92  1 0.0889 0.1878 0.2494 0.1639 0.0330 0.2771 
          93  1 0.0898 0.1388 0.0935 0.0887 0.4714 0.1178 
          94  1 0.2390 0.1608 0.1662 0.2423 0.0597 0.1319 
          95  1 0.2102 0.1249 0.1426 0.2058 0.1841 0.1324 
          96  1 0.0961 0.2087 0.2366 0.1218 0.0467 0.2902 
          97  1 0.1153 0.1462 0.1182 0.1025 0.4124 0.1054 
          98  1 0.1925 0.1719 0.1928 0.1869 0.0746 0.1814 
          99  1 0.0728 0.1818 0.2686 0.1397 0.0255 0.3116 
         100  1 0.2242 0.1505 0.1715 0.2534 0.0684 0.1321 
         101  1 0.1309 0.2977 0.1949 0.1136 0.0570 0.2060 
         102  1 0.2033 0.2050 0.1822 0.2013 0.0523 0.1560 
         103  1 0.2148 0.1599 0.1646 0.2040 0.0911 0.1655 
         104  1 0.0970 0.2559 0.2119 0.1236 0.0259 0.2856 
         105  1 0.1870 0.1471 0.1435 0.1494 0.2466 0.1264 
         106  1 0.2164 0.1586 0.1886 0.1579 0.1068 0.1717 
         107  1 0.1804 0.1702 0.1461 0.1561 0.1927 0.1545 
         108  1 0.1781 0.1748 0.2103 0.1770 0.0411 0.2187 
         109  1 0.1246 0.1576 0.2125 0.1413 0.0904 0.2736 
         110  1 0.0999 0.0651 0.0755 0.0856 0.6145 0.0594 
         111  1 0.1722 0.2061 0.1855 0.1891 0.0682 0.1789 
         112  1 0.1800 0.2167 0.1663 0.2043 0.0495 0.1832 
         113  1 0.1183 0.2177 0.2188 0.1495 0.0398 0.2558 
         114  1 0.1878 0.2304 0.1795 0.2082 0.0375 0.1566 
         115  1 0.0935 0.0575 0.0767 0.0645 0.6628 0.0450 
         116  1 0.1466 0.2473 0.1854 0.1569 0.0537 0.2101 
         117  1 0.0757 0.1831 0.2555 0.1352 0.0199 0.3307 
         118  1 0.1966 0.2179 0.1852 0.1950 0.0409 0.1644 
         119  1 0.0987 0.1020 0.0863 0.0852 0.5330 0.0948 
         120  1 0.1225 0.2450 0.1949 0.1271 0.0620 0.2486 
         121  1 0.1528 0.2456 0.2090 0.1471 0.0350 0.2105 
         122  1 0.0857 0.0844 0.0710 0.0840 0.5932 0.0817 
         123  1 0.2284 0.1412 0.1858 0.2168 0.0664 0.1614 
         124  1 0.2138 0.1354 0.1412 0.1836 0.1856 0.1404 
         125  1 0.2622 0.1318 0.1864 0.2266 0.0625 0.1306 
         126  1 0.1590 0.2082 0.1878 0.1817 0.0508 0.2124 
         127  1 0.1947 0.1934 0.1810 0.2071 0.0618 0.1619 
         128  1 0.1661 0.2413 0.1748 0.1939 0.0468 0.1770 
         129  1 0.1184 0.1898 0.2295 0.1786 0.0299 0.2538 
         130  1 0.2317 0.1613 0.1800 0.2300 0.0686 0.1284 
         131  1 0.1113 0.1213 0.1015 0.0978 0.4666 0.1015 
         132  1 0.1118 0.1917 0.2553 0.1477 0.0327 0.2609 
         133  1 0.1600 0.0731 0.0807 0.1406 0.4740 0.0718 
         134  1 0.1388 0.2218 0.2099 0.1459 0.0424 0.2412 
         135  1 0.2232 0.1647 0.1799 0.1921 0.0355 0.2046 
         136  1 0.1234 0.2944 0.1903 0.1201 0.0462 0.2258 
         137  1 0.1442 0.1834 0.2127 0.1794 0.0614 0.2188 
         138  1 0.1850 0.1145 0.1442 0.1980 0.2467 0.1116 
         139  1 0.1393 0.1271 0.1222 0.1271 0.3844 0.0999 
         140  1 0.1431 0.2434 0.2017 0.1725 0.0334 0.2058 
         141  1 0.1568 0.1373 0.1519 0.1406 0.2533 0.1600 
         142  1 0.1379 0.1438 0.1158 0.1068 0.3845 0.1112 
         143  1 0.1640 0.2449 0.1961 0.1984 0.0484 0.1483 
         144  1 0.0977 0.2313 0.1285 0.0910 0.2942 0.1574 
         145  1 0.1976 0.1457 0.1904 0.2353 0.0483 0.1827 
         146  1 0.0997 0.1895 0.2508 0.1499 0.0286 0.2815 
         147  1 0.2367 0.1253 0.1445 0.2574 0.1117 0.1244 
         148  1 0.1655 0.1753 0.2172 0.1757 0.0666 0.1998 
         149  1 0.2241 0.1715 0.1736 0.2051 0.0533 0.1722 
         150  1 0.2453 0.1661 0.2041 0.2033 0.0332 0.1479 
         151  1 0.1209 0.3021 0.2026 0.1358 0.0394 0.1992 
         152  1 0.1798 0.1736 0.2013 0.2202 0.0349 0.1903 
         153  1 0.2102 0.1665 0.1814 0.2000 0.0499 0.1918 
         154  1 0.1116 0.2603 0.2029 0.1317 0.0480 0.2455 
         155  1 0.1371 0.2661 0.1967 0.1606 0.0453 0.1942 
         156  1 0.1556 0.1973 0.1943 0.1947 0.0555 0.2026 
         157  1 0.1303 0.2133 0.2224 0.1631 0.0424 0.2285 
         158  1 0.2273 0.1795 0.1960 0.1970 0.0653 0.1350 
         159  1 0.2146 0.1228 0.1376 0.1974 0.1980 0.1296 
         160  1 0.1743 0.2259 0.1673 0.1809 0.0598 0.1918 
         161  1 0.2442 0.1212 0.1527 0.2118 0.1529 0.1172 
         162  1 0.1201 0.3063 0.1956 0.1132 0.0363 0.2285 
         163  1 0.2292 0.1655 0.1851 0.2023 0.0457 0.1720 
         164  1 0.1587 0.2733 0.1869 0.1318 0.0688 0.1805 
         165  1 0.1500 0.1301 0.1151 0.1282 0.3449 0.1317 
         166  1 0.2183 0.1636 0.1868 0.1892 0.0605 0.1817 
         167  1 0.1826 0.1738 0.1906 0.2078 0.0629 0.1822 
         168  1 0.2377 0.1682 0.1664 0.2367 0.0301 0.1609 
         169  1 0.2405 0.1298 0.1527 0.2503 0.1002 0.1265 
         170  1 0.1014 0.1273 0.0904 0.0876 0.4900 0.1033 
         171  1 0.1322 0.2023 0.1886 0.1480 0.1296 0.1992 
         172  1 0.1840 0.2206 0.2027 0.1810 0.0546 0.1571 
         173  1 0.1698 0.1858 0.1916 0.2005 0.0708 0.1816 
         174  1 0.2002 0.1670 0.1542 0.2227 0.0774 0.1785 
         175  1 0.2141 0.1824 0.1785 0.1873 0.0407 0.1969 
         176  1 0.1858 0.1539 0.1950 0.2129 0.0293 0.2232 
         177  1 0.2255 0.1502 0.1595 0.2342 0.0876 0.1430 
         178  1 0.1724 0.2203 0.1873 0.2093 0.0488 0.1619 
         179  1 0.2180 0.1780 0.2084 0.1757 0.0429 0.1771 
         180  1 0.2405 0.1219 0.1467 0.2129 0.1433 0.1348 
         181  1 0.2366 0.1303 0.1934 0.2296 0.0441 0.1660 
         182  1 0.2274 0.1630 0.1766 0.2466 0.0402 0.1463 
         183  1 0.1156 0.1731 0.2434 0.1569 0.0439 0.2671 
         184  1 0.1540 0.1912 0.2114 0.1662 0.0402 0.2369 
         185  1 0.1998 0.1533 0.1911 0.1819 0.0325 0.2414 
         186  1 0.1058 0.3211 0.2045 0.1105 0.0367 0.2215 
         187  1 0.1893 0.1979 0.1676 0.1945 0.0765 0.1742 
         188  1 0.2191 0.1329 0.1704 0.2365 0.0777 0.1634 
         189  1 0.2303 0.1524 0.1750 0.2526 0.0567 0.1330 
         190  1 0.0969 0.3325 0.1910 0.1024 0.0544 0.2228 
         191  1 0.1940 0.1355 0.1920 0.2270 0.0677 0.1839 
         192  1 0.1955 0.1816 0.1774 0.2397 0.0562 0.1496 
         193  1 0.1230 0.2954 0.1971 0.1338 0.0407 0.2099 
         194  1 0.0923 0.2950 0.1977 0.1125 0.0370 0.2655 
         195  1 0.1876 0.1103 0.1236 0.1350 0.3264 0.1172 
         196  1 0.2192 0.1912 0.2092 0.1826 0.0680 0.1297 
         197  1 0.1942 0.1908 0.1647 0.2187 0.0876 0.1440 
         198  1 0.1468 0.1476 0.2251 0.1738 0.0674 0.2394 
         199  1 0.1421 0.2213 0.2020 0.1559 0.0315 0.2471 
         200  1 0.2463 0.1528 0.1719 0.1898 0.0577 0.1814 
         201  1 0.0894 0.2528 0.2175 0.1272 0.0235 0.2896 
         202  1 0.1039 0.2790 0.2097 0.1057 0.0433 0.2584 
         203  1 0.1813 0.1574 0.2097 0.1642 0.0438 0.2436 
         204  1 0.1144 0.1752 0.2448 0.1476 0.0316 0.2864 
         205  1 0.0463 0.0358 0.0375 0.0435 0.8081 0.0288 
