           1  1 0.1031 0.1158 0.1072 0.0747 0.1115 0.0779 0.0934 0.0874 0.1175 0.1115 
           2  1 0.1093 0.1055 0.1063 0.0815 0.1108 0.0907 0.0993 0.1002 0.0975 0.0989 
           3  1 0.1103 0.1218 0.1132 0.0708 0.1221 0.0800 0.0889 0.0964 0.0930 0.1035 
           4  1 0.0922 0.0855 0.1009 0.1110 0.0890 0.1191 0.0905 0.1188 0.1007 0.0925 
           5  1 0.1091 0.0909 0.1026 0.0888 0.0917 0.1090 0.1014 0.1007 0.1116 0.0941 
           6  1 0.0993 0.0545 0.0819 0.1558 0.0649 0.1837 0.1638 0.0691 0.0731 0.0539 
           7  1 0.1092 0.1182 0.1033 0.0783 0.1158 0.0785 0.0953 0.1020 0.0930 0.1065 
           8  1 0.0896 0.0867 0.1110 0.1092 0.0836 0.1267 0.0986 0.1063 0.0990 0.0894 
           9  1 0.0748 0.0821 0.0811 0.1559 0.0749 0.0810 0.0862 0.1251 0.1410 0.0980 
          10  1 0.1092 0.1062 0.1112 0.1114 0.1207 0.1121 0.1034 0.0902 0.0798 0.0559 
          11  1 0.1186 0.0892 0.1051 0.0946 0.1024 0.1418 0.1065 0.0993 0.0804 0.0621 
          12  1 0.0998 0.1072 0.0924 0.0809 0.0919 0.0731 0.0931 0.1039 0.1232 0.1346 
          13  1 0.1030 0.1034 0.1042 0.0784 0.1009 0.0731 0.0893 0.1026 0.1247 0.1205 
          14  1 0.0940 0.0930 0.0935 0.0964 0.0980 0.0834 0.0877 0.1041 0.1328 0.1170 
          15  1 0.1076 0.0805 0.1070 0.0724 0.0843 0.0732 0.0863 0.0899 0.1458 0.1530 
          16  1 0.1104 0.0921 0.0926 0.1109 0.0961 0.1386 0.1299 0.0875 0.0730 0.0689 
          17  1 0.0912 0.0950 0.0987 0.1290 0.0923 0.0902 0.0939 0.1155 0.1083 0.0858 
          18  1 0.0943 0.1034 0.1048 0.1128 0.1063 0.0921 0.0912 0.1065 0.0956 0.0931 
          19  1 0.1103 0.1036 0.1117 0.0794 0.1112 0.0898 0.0967 0.0982 0.0923 0.1068 
          20  1 0.0935 0.0999 0.0935 0.0863 0.0889 0.0952 0.0897 0.1156 0.1239 0.1135 
          21  1 0.1103 0.0987 0.0843 0.0745 0.0908 0.0788 0.0905 0.0751 0.1186 0.1784 
          22  1 0.1110 0.0849 0.0949 0.1250 0.0896 0.1567 0.1573 0.0695 0.0597 0.0514 
          23  1 0.1117 0.0425 0.0765 0.1542 0.0521 0.2230 0.1734 0.0638 0.0655 0.0373 
          24  1 0.0974 0.1024 0.0957 0.0998 0.1004 0.1003 0.0993 0.1058 0.0908 0.1083 
          25  1 0.1127 0.1194 0.1072 0.0721 0.1299 0.1001 0.0975 0.0985 0.0879 0.0748 
          26  1 0.1034 0.1050 0.0971 0.0970 0.0988 0.1098 0.1089 0.0935 0.0962 0.0903 
          27  1 0.0992 0.0604 0.0913 0.1484 0.0728 0.1796 0.1608 0.0702 0.0652 0.0521 
          28  1 0.1079 0.1123 0.1135 0.0904 0.1065 0.0949 0.0989 0.1008 0.0873 0.0876 
          29  1 0.0846 0.0956 0.0943 0.1341 0.0988 0.1142 0.1170 0.0919 0.0792 0.0902 
          30  1 0.0941 0.0842 0.0854 0.1356 0.0912 0.1281 0.1425 0.0829 0.0863 0.0698 
          31  1 0.1019 0.0840 0.0798 0.1420 0.0766 0.1722 0.1703 0.0645 0.0627 0.0460 
          32  1 0.0617 0.0819 0.0707 0.1272 0.0739 0.1340 0.0919 0.1102 0.1029 0.1458 
          33  1 0.1108 0.0982 0.1082 0.1019 0.1033 0.1026 0.1029 0.0952 0.0879 0.0890 
          34  1 0.1034 0.0905 0.0907 0.1278 0.0897 0.1313 0.1409 0.0795 0.0759 0.0704 
          35  1 0.1096 0.1047 0.1081 0.0848 0.1276 0.1160 0.1138 0.0931 0.0751 0.0673 
          36  1 0.0820 0.0924 0.0808 0.1048 0.0857 0.1192 0.0960 0.0955 0.0885 0.1551 
          37  1 0.1071 0.0780 0.0931 0.1368 0.0838 0.1781 0.1681 0.0562 0.0587 0.0401 
          38  1 0.1073 0.0992 0.0907 0.1009 0.0993 0.1464 0.1229 0.0954 0.0751 0.0627 
          39  1 0.1147 0.1098 0.0973 0.1033 0.1176 0.1329 0.1306 0.0755 0.0643 0.0539 
          40  1 0.1129 0.1001 0.1091 0.0962 0.1023 0.1084 0.0919 0.1083 0.0850 0.0859 
          41  1 0.0971 0.0980 0.0917 0.1074 0.0989 0.1236 0.1310 0.0813 0.0804 0.0906 
          42  1 0.1023 0.1053 0.0946 0.0834 0.1090 0.0975 0.1060 0.0915 0.0951 0.1155 
          43  1 0.0897 0.0787 0.0875 0.1391 0.0880 0.1257 0.1403 0.0850 0.0822 0.0839 
          44  1 0.1112 0.1110 0.1004 0.0927 0.1065 0.1104 0.1119 0.0959 0.0766 0.0834 
          45  1 0.1089 0.0750 0.0770 0.1276 0.0741 0.1818 0.1597 0.0699 0.0700 0.0561 
          46  1 0.0912 0.0752 0.0871 0.1372 0.0799 0.1670 0.1323 0.0867 0.0740 0.0694 
          47  1 0.1065 0.0979 0.0920 0.1100 0.0981 0.1315 0.1271 0.0886 0.0798 0.0685 
          48  1 0.0948 0.0888 0.0830 0.1549 0.0798 0.1218 0.1305 0.0929 0.0841 0.0694 
          49  1 0.0988 0.1142 0.1015 0.1159 0.0998 0.1026 0.1244 0.0890 0.0771 0.0766 
          50  1 0.1101 0.1140 0.1087 0.0797 0.1336 0.0920 0.1021 0.1075 0.0788 0.0735 
          51  1 0.1075 0.1013 0.0981 0.0994 0.1072 0.1384 0.1252 0.0850 0.0702 0.0677 
          52  1 0.1019 0.1049 0.1011 0.1241 0.1080 0.1096 0.1272 0.0961 0.0694 0.0576 
          53  1 0.1092 0.1122 0.1046 0.1126 0.1183 0.1111 0.1097 0.0860 0.0688 0.0677 
          54  1 0.1111 0.0723 0.0883 0.1316 0.0788 0.1766 0.1637 0.0665 0.0635 0.0477 
          55  1 0.0860 0.0908 0.0868 0.1091 0.0853 0.0842 0.0851 0.1090 0.1332 0.1305 
          56  1 0.1033 0.1188 0.1063 0.0853 0.1266 0.0897 0.0999 0.0908 0.0918 0.0875 
          57  1 0.0960 0.1011 0.1042 0.1042 0.1056 0.0957 0.0910 0.1036 0.1047 0.0940 
          58  1 0.0966 0.0945 0.1041 0.0958 0.1035 0.1076 0.0883 0.1168 0.0990 0.0937 
          59  1 0.1228 0.1254 0.1083 0.0768 0.1384 0.0996 0.1001 0.0979 0.0747 0.0560 
          60  1 0.0837 0.0840 0.0842 0.1223 0.0860 0.0864 0.0847 0.1221 0.1418 0.1048 
          61  1 0.0806 0.0813 0.0831 0.1575 0.0741 0.0716 0.0886 0.1195 0.1477 0.0961 
          62  1 0.1126 0.1169 0.1068 0.0670 0.1287 0.0804 0.0999 0.0802 0.0934 0.1141 
          63  1 0.1166 0.1251 0.1098 0.0748 0.1324 0.0822 0.1054 0.0956 0.0826 0.0755 
          64  1 0.0927 0.1106 0.0941 0.0808 0.1035 0.0981 0.0891 0.1069 0.1037 0.1206 
          65  1 0.1155 0.1037 0.1171 0.0914 0.1155 0.1044 0.0977 0.1114 0.0741 0.0692 
          66  1 0.0923 0.0894 0.1022 0.1080 0.0927 0.1050 0.0974 0.1042 0.1166 0.0923 
          67  1 0.1133 0.1048 0.1098 0.0912 0.1130 0.0901 0.0955 0.1050 0.0949 0.0824 
          68  1 0.1122 0.1140 0.1103 0.0719 0.1092 0.0721 0.0956 0.0820 0.1134 0.1192 
          69  1 0.0959 0.0962 0.0993 0.0880 0.0932 0.0779 0.0803 0.1095 0.1272 0.1326 
          70  1 0.0903 0.1011 0.0913 0.0965 0.0892 0.0903 0.0880 0.1173 0.1199 0.1161 
          71  1 0.1040 0.1106 0.1074 0.0819 0.1033 0.0841 0.0884 0.0943 0.0997 0.1264 
          72  1 0.0762 0.0815 0.0769 0.1631 0.0703 0.0709 0.0853 0.1280 0.1577 0.0901 
          73  1 0.1031 0.0811 0.0900 0.1231 0.0850 0.1467 0.1460 0.0842 0.0767 0.0640 
          74  1 0.1127 0.1244 0.1138 0.0693 0.1090 0.0711 0.0950 0.0822 0.1057 0.1168 
          75  1 0.0759 0.0738 0.0727 0.1621 0.0643 0.0738 0.0824 0.1327 0.1618 0.1005 
          76  1 0.1227 0.0903 0.1009 0.0995 0.0957 0.1443 0.1359 0.0732 0.0695 0.0680 
          77  1 0.1093 0.1069 0.1008 0.0738 0.1023 0.0755 0.0892 0.0852 0.1100 0.1471 
          78  1 0.0832 0.1030 0.0906 0.0948 0.0905 0.0989 0.0922 0.1268 0.1015 0.1184 
          79  1 0.0940 0.1041 0.0996 0.1033 0.0957 0.0863 0.0973 0.1240 0.1067 0.0890 
          80  1 0.0733 0.0822 0.0839 0.1490 0.0818 0.0996 0.1099 0.1060 0.1049 0.1095 
          81  1 0.0902 0.1052 0.1038 0.0928 0.0931 0.1060 0.0961 0.1159 0.1022 0.0947 
          82  1 0.0929 0.1145 0.1005 0.0892 0.1046 0.1075 0.0964 0.1102 0.0916 0.0926 
          83  1 0.0794 0.1018 0.0773 0.0829 0.0852 0.0831 0.0726 0.1218 0.1131 0.1829 
          84  1 0.0759 0.0798 0.0775 0.1528 0.0738 0.0803 0.0934 0.1266 0.1411 0.0989 
          85  1 0.1045 0.0802 0.0967 0.1207 0.0817 0.1347 0.1114 0.1004 0.1008 0.0688 
          86  1 0.1187 0.1001 0.1054 0.0927 0.1214 0.1255 0.1246 0.0851 0.0735 0.0530 
          87  1 0.1092 0.1097 0.1156 0.0826 0.1242 0.0818 0.0901 0.1078 0.0856 0.0934 
          88  1 0.1024 0.1108 0.1010 0.0894 0.1139 0.0825 0.0896 0.1066 0.1052 0.0985 
          89  1 0.1014 0.1059 0.1090 0.0867 0.1081 0.0903 0.0957 0.1145 0.0900 0.0983 
          90  1 0.1002 0.1000 0.1119 0.0802 0.0972 0.0950 0.0993 0.1070 0.1196 0.0894 
          91  1 0.1077 0.1013 0.1086 0.0970 0.1097 0.1149 0.1064 0.0979 0.0829 0.0736 
          92  1 0.1062 0.0896 0.0759 0.0667 0.0795 0.0682 0.0797 0.0777 0.1362 0.2204 
          93  1 0.0838 0.0845 0.0871 0.1273 0.0886 0.1120 0.1126 0.0976 0.0985 0.1081 
          94  1 0.1008 0.1081 0.1053 0.0845 0.1302 0.1018 0.0937 0.0981 0.0849 0.0926 
          95  1 0.1091 0.0992 0.1025 0.0989 0.1007 0.1191 0.1084 0.1042 0.0842 0.0737 
          96  1 0.0941 0.0933 0.0788 0.0873 0.0847 0.0618 0.0833 0.0953 0.1426 0.1788 
          97  1 0.0850 0.0966 0.0886 0.1119 0.0920 0.1244 0.1033 0.1074 0.0884 0.1025 
          98  1 0.1078 0.1093 0.1011 0.0816 0.1193 0.0961 0.0985 0.0973 0.0874 0.1016 
          99  1 0.1136 0.0887 0.0886 0.0567 0.0797 0.0518 0.0784 0.0695 0.1336 0.2394 
         100  1 0.1009 0.1033 0.1141 0.0865 0.1145 0.1105 0.0961 0.1015 0.0843 0.0882 
         101  1 0.0785 0.0843 0.0832 0.1461 0.0817 0.0814 0.0875 0.1262 0.1321 0.0990 
         102  1 0.1036 0.1082 0.1061 0.0977 0.1081 0.0907 0.0922 0.1113 0.0954 0.0867 
         103  1 0.1127 0.0971 0.1078 0.1069 0.1019 0.0944 0.0950 0.1011 0.0959 0.0872 
         104  1 0.0710 0.0952 0.0714 0.0865 0.0717 0.0957 0.0649 0.1374 0.1136 0.1927 
         105  1 0.0987 0.0989 0.1056 0.0952 0.1022 0.1089 0.1034 0.1027 0.0883 0.0962 
         106  1 0.1170 0.0992 0.1114 0.0831 0.1075 0.0960 0.0998 0.0860 0.0916 0.1084 
         107  1 0.1007 0.1026 0.0961 0.1061 0.1083 0.1009 0.1046 0.1107 0.0939 0.0760 
         108  1 0.1118 0.0974 0.1075 0.0843 0.1085 0.0730 0.0904 0.0899 0.1034 0.1338 
         109  1 0.1031 0.1002 0.0938 0.0710 0.1045 0.0790 0.0865 0.0881 0.1048 0.1690 
         110  1 0.0970 0.0909 0.0954 0.1214 0.0952 0.1343 0.1095 0.0983 0.0780 0.0800 
         111  1 0.0941 0.0995 0.1062 0.1082 0.1003 0.0909 0.0924 0.1128 0.1060 0.0897 
         112  1 0.0890 0.1006 0.1009 0.0944 0.0918 0.0875 0.0925 0.1143 0.1128 0.1162 
         113  1 0.0966 0.0938 0.0905 0.0863 0.0860 0.0789 0.0855 0.0928 0.1226 0.1670 
         114  1 0.0892 0.0995 0.0984 0.0910 0.0950 0.0995 0.0855 0.1173 0.1157 0.1089 
         115  1 0.1042 0.0982 0.0934 0.1249 0.1001 0.1390 0.1487 0.0795 0.0617 0.0504 
         116  1 0.0929 0.0984 0.0973 0.0994 0.0923 0.0957 0.0926 0.1133 0.1184 0.0998 
         117  1 0.1072 0.0800 0.0870 0.0573 0.0767 0.0464 0.0728 0.0625 0.1580 0.2521 
         118  1 0.0996 0.1083 0.1073 0.1019 0.1080 0.0855 0.0953 0.1068 0.0977 0.0895 
         119  1 0.0947 0.0901 0.0972 0.1201 0.0968 0.1046 0.1249 0.0916 0.0948 0.0851 
         120  1 0.0887 0.0785 0.0837 0.1333 0.0815 0.0685 0.0818 0.1087 0.1450 0.1303 
         121  1 0.0784 0.1153 0.0967 0.0962 0.0876 0.0891 0.0903 0.1135 0.1089 0.1241 
         122  1 0.0896 0.0906 0.0890 0.1169 0.0969 0.1181 0.1292 0.0892 0.0881 0.0924 
         123  1 0.1069 0.1000 0.0994 0.0920 0.1082 0.0879 0.0899 0.1030 0.1008 0.1120 
         124  1 0.1119 0.1147 0.1076 0.0916 0.1169 0.1066 0.1084 0.0923 0.0774 0.0727 
         125  1 0.1074 0.1258 0.1155 0.0684 0.1529 0.0897 0.1004 0.0986 0.0747 0.0666 
         126  1 0.0920 0.1003 0.0980 0.0915 0.0931 0.1020 0.0924 0.1134 0.1096 0.1077 
         127  1 0.0929 0.1005 0.0934 0.0988 0.0987 0.1033 0.0927 0.1142 0.1108 0.0947 
         128  1 0.0913 0.0924 0.0908 0.1162 0.0879 0.0916 0.0904 0.1175 0.1189 0.1029 
         129  1 0.1049 0.0804 0.1002 0.0710 0.0844 0.0707 0.0745 0.0788 0.1333 0.2018 
         130  1 0.0984 0.1177 0.1215 0.0763 0.1071 0.0884 0.0966 0.1133 0.0991 0.0816 
         131  1 0.0778 0.0971 0.0810 0.1024 0.0880 0.1312 0.1036 0.0996 0.0888 0.1304 
         132  1 0.1128 0.0853 0.0969 0.0741 0.0863 0.0605 0.0812 0.0823 0.1273 0.1933 
         133  1 0.1091 0.0753 0.1014 0.1195 0.0900 0.1723 0.1339 0.0860 0.0598 0.0527 
         134  1 0.0853 0.1109 0.0857 0.0880 0.0857 0.0942 0.0762 0.1241 0.1032 0.1467 
         135  1 0.1091 0.1165 0.1056 0.0800 0.1208 0.0881 0.0898 0.0981 0.0882 0.1039 
         136  1 0.0837 0.0787 0.0819 0.1457 0.0672 0.0800 0.0931 0.1191 0.1574 0.0932 
         137  1 0.0983 0.1003 0.0959 0.0776 0.0926 0.0833 0.0862 0.0921 0.1239 0.1497 
         138  1 0.1078 0.0682 0.0975 0.1133 0.0784 0.1634 0.1157 0.0947 0.0956 0.0654 
         139  1 0.0950 0.1085 0.0974 0.1024 0.1170 0.1172 0.0993 0.0995 0.0807 0.0829 
         140  1 0.0885 0.0971 0.0908 0.0909 0.0924 0.0966 0.0854 0.1078 0.1146 0.1359 
         141  1 0.1059 0.0938 0.0987 0.0979 0.0939 0.1075 0.1071 0.0991 0.1012 0.0949 
         142  1 0.0932 0.0982 0.0971 0.1191 0.1028 0.0942 0.1080 0.1097 0.0956 0.0820 
         143  1 0.0849 0.1002 0.1100 0.0984 0.0885 0.0881 0.0946 0.1283 0.1179 0.0891 
         144  1 0.0710 0.0882 0.0777 0.1366 0.0752 0.1023 0.0956 0.1270 0.1065 0.1200 
         145  1 0.1069 0.0994 0.1054 0.0807 0.0991 0.0917 0.0862 0.0908 0.1082 0.1315 
         146  1 0.1104 0.0836 0.1036 0.0665 0.0840 0.0637 0.0749 0.0734 0.1306 0.2093 
         147  1 0.1075 0.0922 0.1174 0.1015 0.0944 0.1256 0.0952 0.1014 0.0802 0.0847 
         148  1 0.1025 0.0956 0.1013 0.0919 0.0993 0.0758 0.0876 0.0918 0.1126 0.1416 
         149  1 0.1076 0.1160 0.1063 0.0844 0.1121 0.0985 0.0952 0.1040 0.0923 0.0835 
         150  1 0.1072 0.1323 0.1109 0.0696 0.1496 0.0807 0.0954 0.0919 0.0775 0.0848 
         151  1 0.0766 0.1006 0.0933 0.1076 0.0831 0.0898 0.0910 0.1283 0.1157 0.1140 
         152  1 0.0991 0.1111 0.0965 0.0815 0.1058 0.0967 0.0816 0.1028 0.0998 0.1251 
         153  1 0.1040 0.1043 0.1055 0.0897 0.1122 0.0872 0.0932 0.1081 0.0893 0.1067 
         154  1 0.0849 0.0883 0.0845 0.1156 0.0823 0.0771 0.0871 0.1234 0.1445 0.1122 
         155  1 0.0876 0.1011 0.0944 0.1158 0.0958 0.0794 0.0868 0.1207 0.1234 0.0951 
         156  1 0.0897 0.0977 0.0988 0.0878 0.0957 0.0868 0.0861 0.1139 0.1075 0.1359 
         157  1 0.0916 0.1116 0.0901 0.0850 0.0978 0.0820 0.0866 0.1074 0.1085 0.1393 
         158  1 0.0986 0.1129 0.1141 0.0888 0.1120 0.0857 0.0965 0.1048 0.0975 0.0892 
         159  1 0.1023 0.0924 0.1067 0.1040 0.1027 0.1441 0.1052 0.0967 0.0803 0.0656 
         160  1 0.0867 0.0952 0.0971 0.1031 0.0924 0.0905 0.0960 0.1129 0.1197 0.1064 
         161  1 0.1100 0.1035 0.1128 0.0976 0.1166 0.1264 0.1073 0.0948 0.0698 0.0612 
         162  1 0.0866 0.0895 0.0918 0.1344 0.0898 0.0728 0.0883 0.1197 0.1338 0.0932 
         163  1 0.0953 0.1247 0.1089 0.0904 0.1266 0.0842 0.0963 0.1033 0.0923 0.0780 
         164  1 0.0924 0.0998 0.0928 0.1253 0.0960 0.0841 0.0897 0.1171 0.1160 0.0867 
         165  1 0.0986 0.0910 0.0867 0.1171 0.0898 0.1221 0.1184 0.0980 0.1009 0.0772 
         166  1 0.1106 0.1159 0.1165 0.0699 0.1245 0.0871 0.0966 0.0901 0.0937 0.0952 
         167  1 0.0979 0.1070 0.1005 0.0818 0.1054 0.0943 0.0918 0.1016 0.0999 0.1198 
         168  1 0.1035 0.1051 0.1093 0.0843 0.1141 0.0802 0.0910 0.1054 0.1023 0.1047 
         169  1 0.1092 0.1089 0.1147 0.0897 0.1146 0.0984 0.0946 0.1033 0.0851 0.0815 
         170  1 0.0874 0.0878 0.0910 0.1363 0.0975 0.1054 0.1101 0.0980 0.1019 0.0845 
         171  1 0.0901 0.1077 0.0956 0.1060 0.0917 0.0817 0.0968 0.1076 0.1128 0.1099 
         172  1 0.0969 0.1144 0.1117 0.0999 0.1125 0.0885 0.0960 0.1089 0.0939 0.0772 
         173  1 0.0930 0.1104 0.1072 0.0815 0.0928 0.0809 0.0940 0.1100 0.1097 0.1205 
         174  1 0.1059 0.1042 0.1099 0.0915 0.0996 0.0879 0.0944 0.1081 0.1035 0.0950 
         175  1 0.1011 0.1151 0.1049 0.0926 0.1125 0.0893 0.0974 0.1133 0.0895 0.0844 
         176  1 0.1003 0.1162 0.1035 0.0708 0.1035 0.0760 0.0922 0.1002 0.1198 0.1175 
         177  1 0.1068 0.1187 0.1091 0.0949 0.1159 0.0915 0.0984 0.0996 0.0842 0.0809 
         178  1 0.0924 0.1003 0.1039 0.0956 0.0969 0.1005 0.0897 0.1212 0.1028 0.0966 
         179  1 0.1140 0.1129 0.1147 0.0766 0.1212 0.0850 0.1001 0.0901 0.1039 0.0815 
         180  1 0.1035 0.0991 0.1191 0.0934 0.1026 0.1203 0.1006 0.0995 0.0812 0.0808 
         181  1 0.1127 0.1215 0.1118 0.0746 0.1264 0.0878 0.0905 0.0914 0.0868 0.0964 
         182  1 0.0931 0.1120 0.1211 0.0815 0.0995 0.0846 0.0893 0.1205 0.1052 0.0931 
         183  1 0.1134 0.0836 0.1094 0.0699 0.0921 0.0753 0.0856 0.0808 0.1123 0.1775 
         184  1 0.1008 0.1065 0.0947 0.0860 0.0942 0.0791 0.1038 0.1013 0.1206 0.1130 
         185  1 0.1037 0.1240 0.1063 0.0747 0.1136 0.0806 0.0907 0.1018 0.0997 0.1048 
         186  1 0.0749 0.0811 0.0770 0.1564 0.0733 0.0647 0.0900 0.1253 0.1581 0.0993 
         187  1 0.0965 0.1116 0.1040 0.1004 0.1049 0.0853 0.0994 0.1072 0.1049 0.0858 
         188  1 0.1084 0.0890 0.1066 0.0909 0.1041 0.1065 0.0928 0.1097 0.0892 0.1028 
         189  1 0.1002 0.1008 0.1102 0.0942 0.1013 0.0956 0.0892 0.1168 0.0985 0.0933 
         190  1 0.0713 0.0766 0.0757 0.1654 0.0658 0.0887 0.0893 0.1234 0.1507 0.0931 
         191  1 0.1100 0.0962 0.1132 0.0796 0.1058 0.0904 0.0888 0.0977 0.0849 0.1334 
         192  1 0.0933 0.1025 0.1028 0.0986 0.0995 0.1120 0.0859 0.1092 0.0934 0.1028 
         193  1 0.0816 0.0873 0.0858 0.1372 0.0888 0.0786 0.0856 0.1161 0.1388 0.1001 
         194  1 0.0740 0.0726 0.0716 0.1436 0.0612 0.0715 0.0737 0.1238 0.1725 0.1356 
         195  1 0.1170 0.1086 0.1027 0.0802 0.1148 0.1117 0.1207 0.0911 0.0763 0.0769 
         196  1 0.0969 0.1134 0.1142 0.0901 0.1176 0.0818 0.1027 0.1046 0.1018 0.0769 
         197  1 0.0923 0.0986 0.1025 0.1028 0.0959 0.1267 0.0961 0.1041 0.0877 0.0934 
         198  1 0.1053 0.0946 0.0974 0.0711 0.0907 0.0791 0.0912 0.0801 0.1248 0.1656 
         199  1 0.0945 0.0925 0.0990 0.0972 0.0936 0.0700 0.0832 0.1034 0.1274 0.1392 
         200  1 0.1152 0.1265 0.1045 0.0820 0.1286 0.0908 0.1003 0.1017 0.0762 0.0741 
         201  1 0.0760 0.0849 0.0706 0.0866 0.0755 0.0798 0.0607 0.1227 0.1235 0.2197 
         202  1 0.0812 0.0701 0.0751 0.1584 0.0671 0.0581 0.0803 0.1213 0.1717 0.1168 
         203  1 0.0991 0.1227 0.1075 0.0787 0.1125 0.0802 0.0993 0.0926 0.1052 0.1020 
         204  1 0.0993 0.1115 0.0907 0.0708 0.0898 0.0617 0.0911 0.0839 0.1295 0.1716 
         205  1 0.1014 0.0545 0.0794 0.1631 0.0618 0.2008 0.1758 0.0610 0.0643 0.0380 
