           1  1 0.4294 0.0463 0.1771 0.3472 
           2  1 0.4029 0.0514 0.1698 0.3759 
           3  1 0.4841 0.0240 0.1199 0.3720 
           4  1 0.1858 0.0981 0.4555 0.2605 
           5  1 0.3251 0.3098 0.0852 0.2799 
           6  1 0.0485 0.8520 0.0511 0.0485 
           7  1 0.3320 0.0688 0.2589 0.3403 
           8  1 0.1632 0.1230 0.4867 0.2270 
           9  1 0.0627 0.0322 0.7180 0.1871 
          10  1 0.3764 0.1765 0.1586 0.2886 
          11  1 0.4105 0.2161 0.0707 0.3026 
          12  1 0.3481 0.0634 0.2143 0.3743 
          13  1 0.3336 0.0315 0.2742 0.3607 
          14  1 0.2699 0.0491 0.4078 0.2732 
          15  1 0.4467 0.0265 0.1218 0.4049 
          16  1 0.1459 0.6452 0.0884 0.1205 
          17  1 0.1375 0.0574 0.5832 0.2219 
          18  1 0.1492 0.0400 0.5764 0.2344 
          19  1 0.3462 0.2629 0.1181 0.2728 
          20  1 0.2148 0.0368 0.4593 0.2891 
          21  1 0.3714 0.0982 0.1470 0.3833 
          22  1 0.0379 0.9034 0.0219 0.0368 
          23  1 0.0613 0.8520 0.0176 0.0691 
          24  1 0.2148 0.4352 0.1506 0.1994 
          25  1 0.4516 0.1811 0.0712 0.2961 
          26  1 0.2849 0.2526 0.1960 0.2664 
          27  1 0.0509 0.8759 0.0247 0.0485 
          28  1 0.3615 0.1877 0.1192 0.3316 
          29  1 0.0400 0.8894 0.0351 0.0354 
          30  1 0.0913 0.7518 0.0825 0.0744 
          31  1 0.0228 0.9349 0.0228 0.0194 
          32  1 0.0548 0.8001 0.0938 0.0513 
          33  1 0.3512 0.2065 0.1401 0.3022 
          34  1 0.0381 0.8965 0.0298 0.0356 
          35  1 0.2299 0.5433 0.0578 0.1690 
          36  1 0.0935 0.7742 0.0539 0.0785 
          37  1 0.0502 0.8887 0.0166 0.0444 
          38  1 0.1436 0.7020 0.0498 0.1046 
          39  1 0.1155 0.7783 0.0311 0.0751 
          40  1 0.4151 0.1451 0.1159 0.3239 
          41  1 0.0731 0.8019 0.0614 0.0636 
          42  1 0.1659 0.6339 0.0600 0.1402 
          43  1 0.0490 0.8599 0.0454 0.0458 
          44  1 0.1798 0.6165 0.0464 0.1574 
          45  1 0.0628 0.8531 0.0338 0.0503 
          46  1 0.0401 0.8818 0.0347 0.0434 
          47  1 0.1552 0.6614 0.0555 0.1279 
          48  1 0.0478 0.8557 0.0495 0.0469 
          49  1 0.0602 0.8479 0.0405 0.0515 
          50  1 0.2472 0.4644 0.0962 0.1922 
          51  1 0.0703 0.8354 0.0301 0.0642 
          52  1 0.1500 0.7142 0.0322 0.1036 
          53  1 0.1224 0.7025 0.0827 0.0924 
          54  1 0.0425 0.8918 0.0251 0.0406 
          55  1 0.1670 0.0779 0.5077 0.2473 
          56  1 0.3681 0.1773 0.1540 0.3006 
          57  1 0.2826 0.0742 0.3764 0.2668 
          58  1 0.3073 0.0654 0.3117 0.3156 
          59  1 0.4390 0.1767 0.0890 0.2953 
          60  1 0.0894 0.0356 0.6849 0.1901 
          61  1 0.1014 0.0340 0.6412 0.2234 
          62  1 0.4647 0.0524 0.1251 0.3578 
          63  1 0.4772 0.0602 0.1127 0.3498 
          64  1 0.2700 0.0815 0.3695 0.2789 
          65  1 0.4100 0.0957 0.1377 0.3567 
          66  1 0.2447 0.1219 0.3709 0.2624 
          67  1 0.3747 0.0353 0.2394 0.3506 
          68  1 0.4443 0.0438 0.1249 0.3870 
          69  1 0.2137 0.0260 0.4705 0.2897 
          70  1 0.1282 0.0338 0.5981 0.2399 
          71  1 0.3469 0.0863 0.2104 0.3564 
          72  1 0.0597 0.0314 0.7324 0.1766 
          73  1 0.0617 0.8131 0.0626 0.0626 
          74  1 0.4244 0.0365 0.1224 0.4166 
          75  1 0.0461 0.0207 0.7595 0.1736 
          76  1 0.2378 0.5460 0.0408 0.1754 
          77  1 0.4000 0.0316 0.1625 0.4059 
          78  1 0.1942 0.0541 0.5087 0.2430 
          79  1 0.1103 0.1079 0.5933 0.1884 
          80  1 0.0629 0.7370 0.1352 0.0649 
          81  1 0.2139 0.1412 0.3904 0.2545 
          82  1 0.2567 0.2205 0.2852 0.2376 
          83  1 0.2006 0.0320 0.4906 0.2768 
          84  1 0.0734 0.0750 0.6745 0.1771 
          85  1 0.3708 0.1003 0.1614 0.3675 
          86  1 0.2851 0.4787 0.0499 0.1863 
          87  1 0.3066 0.0352 0.3702 0.2880 
          88  1 0.2868 0.0312 0.3382 0.3438 
          89  1 0.2960 0.0593 0.3226 0.3220 
          90  1 0.3637 0.0438 0.2277 0.3648 
          91  1 0.3590 0.1792 0.1744 0.2873 
          92  1 0.3462 0.0321 0.2312 0.3905 
          93  1 0.0758 0.7287 0.1201 0.0754 
          94  1 0.3200 0.0796 0.3338 0.2666 
          95  1 0.3368 0.2027 0.1457 0.3148 
          96  1 0.3160 0.0426 0.2594 0.3820 
          97  1 0.0923 0.6996 0.1224 0.0857 
          98  1 0.3210 0.0967 0.2583 0.3239 
          99  1 0.3952 0.0173 0.1625 0.4249 
         100  1 0.3526 0.0869 0.2454 0.3152 
         101  1 0.1000 0.0591 0.6425 0.1984 
         102  1 0.2613 0.0523 0.4139 0.2726 
         103  1 0.3379 0.1187 0.2149 0.3285 
         104  1 0.1984 0.0260 0.4834 0.2922 
         105  1 0.2156 0.5192 0.1124 0.1527 
         106  1 0.4345 0.1753 0.0867 0.3036 
         107  1 0.1668 0.4687 0.2169 0.1477 
         108  1 0.4123 0.0375 0.1584 0.3918 
         109  1 0.3474 0.1387 0.1509 0.3630 
         110  1 0.0528 0.8537 0.0417 0.0518 
         111  1 0.1734 0.0584 0.5019 0.2663 
         112  1 0.1877 0.0509 0.5117 0.2496 
         113  1 0.3027 0.0415 0.3230 0.3328 
         114  1 0.1418 0.0372 0.6121 0.2089 
         115  1 0.0673 0.8394 0.0342 0.0591 
         116  1 0.1839 0.0608 0.5290 0.2263 
         117  1 0.3931 0.0164 0.1708 0.4198 
         118  1 0.2004 0.0404 0.4913 0.2678 
         119  1 0.0721 0.7658 0.0937 0.0684 
         120  1 0.2234 0.0801 0.4272 0.2693 
         121  1 0.2264 0.0370 0.4834 0.2531 
         122  1 0.0690 0.8070 0.0614 0.0626 
         123  1 0.4113 0.0948 0.1466 0.3474 
         124  1 0.3365 0.2386 0.1329 0.2919 
         125  1 0.4670 0.0798 0.1121 0.3412 
         126  1 0.2310 0.0458 0.4236 0.2997 
         127  1 0.2469 0.0667 0.4063 0.2800 
         128  1 0.1222 0.0413 0.6228 0.2136 
         129  1 0.3384 0.0256 0.2464 0.3896 
         130  1 0.3304 0.0956 0.3148 0.2592 
         131  1 0.0898 0.7594 0.0709 0.0799 
         132  1 0.3777 0.0271 0.1947 0.4004 
         133  1 0.1799 0.6262 0.0531 0.1408 
         134  1 0.2256 0.0404 0.4306 0.3034 
         135  1 0.3825 0.0404 0.2166 0.3605 
         136  1 0.1104 0.0411 0.6389 0.2096 
         137  1 0.2848 0.0611 0.3504 0.3037 
         138  1 0.2987 0.4057 0.0588 0.2367 
         139  1 0.1075 0.6653 0.1385 0.0888 
         140  1 0.1725 0.0376 0.5542 0.2357 
         141  1 0.2610 0.4168 0.1072 0.2150 
         142  1 0.1121 0.6310 0.1561 0.1008 
         143  1 0.1218 0.0413 0.6290 0.2080 
         144  1 0.0593 0.5156 0.3351 0.0900 
         145  1 0.3857 0.0414 0.2008 0.3721 
         146  1 0.3841 0.0250 0.2032 0.3877 
         147  1 0.3556 0.1217 0.1928 0.3299 
         148  1 0.3316 0.0584 0.2606 0.3494 
         149  1 0.3256 0.0496 0.3134 0.3113 
         150  1 0.4572 0.0389 0.1525 0.3514 
         151  1 0.0994 0.0322 0.6729 0.1955 
         152  1 0.3309 0.0306 0.2912 0.3473 
         153  1 0.3569 0.0529 0.2370 0.3531 
         154  1 0.1376 0.0498 0.5857 0.2269 
         155  1 0.1183 0.0395 0.6303 0.2119 
         156  1 0.2464 0.0581 0.3924 0.3032 
         157  1 0.2904 0.0472 0.3255 0.3369 
         158  1 0.2772 0.0698 0.3903 0.2628 
         159  1 0.2910 0.2276 0.1957 0.2857 
         160  1 0.1862 0.0657 0.5008 0.2473 
         161  1 0.3802 0.1719 0.1397 0.3083 
         162  1 0.1005 0.0340 0.6604 0.2051 
         163  1 0.3506 0.0444 0.2938 0.3113 
         164  1 0.1374 0.1040 0.5716 0.1870 
         165  1 0.1931 0.4518 0.1779 0.1772 
         166  1 0.4481 0.0715 0.1329 0.3475 
         167  1 0.3253 0.0767 0.2591 0.3389 
         168  1 0.2941 0.0341 0.4117 0.2601 
         169  1 0.3863 0.1557 0.1425 0.3154 
         170  1 0.0806 0.7280 0.1184 0.0731 
         171  1 0.2434 0.1609 0.3403 0.2554 
         172  1 0.1554 0.0544 0.5804 0.2098 
         173  1 0.3381 0.0799 0.2602 0.3219 
         174  1 0.2809 0.0988 0.3123 0.3080 
         175  1 0.3443 0.0408 0.2672 0.3478 
         176  1 0.3739 0.0243 0.2128 0.3889 
         177  1 0.3324 0.1085 0.2471 0.3120 
         178  1 0.1568 0.0438 0.5478 0.2517 
         179  1 0.4729 0.0382 0.1079 0.3810 
         180  1 0.3644 0.1829 0.1394 0.3133 
         181  1 0.4535 0.0440 0.1202 0.3824 
         182  1 0.3759 0.0359 0.2372 0.3510 
         183  1 0.4088 0.0392 0.1450 0.4070 
         184  1 0.3006 0.0329 0.2966 0.3699 
         185  1 0.3453 0.0271 0.2297 0.3979 
         186  1 0.0882 0.0338 0.6810 0.1969 
         187  1 0.2741 0.0960 0.3396 0.2902 
         188  1 0.4036 0.0814 0.1347 0.3803 
         189  1 0.3440 0.0474 0.2654 0.3432 
         190  1 0.0586 0.0530 0.7173 0.1711 
         191  1 0.4057 0.0744 0.1426 0.3773 
         192  1 0.2570 0.0498 0.3799 0.3133 
         193  1 0.0846 0.0347 0.6892 0.1915 
         194  1 0.1145 0.0452 0.6226 0.2177 
         195  1 0.1842 0.6373 0.0363 0.1421 
         196  1 0.2951 0.0737 0.3877 0.2435 
         197  1 0.2040 0.1237 0.4278 0.2445 
         198  1 0.3776 0.0585 0.1502 0.4136 
         199  1 0.2783 0.0307 0.3734 0.3176 
         200  1 0.4232 0.0694 0.1377 0.3697 
         201  1 0.2211 0.0226 0.4469 0.3093 
         202  1 0.1997 0.0486 0.4888 0.2629 
         203  1 0.3841 0.0422 0.1450 0.4287 
         204  1 0.3892 0.0265 0.1548 0.4295 
         205  1 0.0246 0.9261 0.0224 0.0268 
