           1  1 0.2473 0.1902 0.2104 0.2539 0.0982 
           2  1 0.2230 0.1969 0.2275 0.2783 0.0743 
           3  1 0.2125 0.2016 0.1827 0.3440 0.0591 
           4  1 0.2411 0.2682 0.1662 0.1773 0.1472 
           5  1 0.1829 0.1852 0.2264 0.2385 0.1670 
           6  1 0.0636 0.0995 0.1901 0.0888 0.5581 
           7  1 0.2467 0.2212 0.2272 0.1926 0.1123 
           8  1 0.2337 0.2704 0.1674 0.1731 0.1553 
           9  1 0.2410 0.3036 0.1807 0.0909 0.1838 
          10  1 0.1557 0.1748 0.1553 0.3858 0.1284 
          11  1 0.1749 0.1915 0.1798 0.3281 0.1257 
          12  1 0.2563 0.2109 0.2914 0.1186 0.1227 
          13  1 0.2629 0.2597 0.2288 0.1655 0.0832 
          14  1 0.2517 0.2320 0.1871 0.2099 0.1193 
          15  1 0.2682 0.2255 0.2315 0.2176 0.0572 
          16  1 0.1025 0.1314 0.1831 0.2125 0.3705 
          17  1 0.2395 0.2655 0.1769 0.1587 0.1593 
          18  1 0.2316 0.2720 0.1769 0.1886 0.1310 
          19  1 0.2050 0.1958 0.1641 0.2939 0.1412 
          20  1 0.2718 0.2680 0.1992 0.1396 0.1215 
          21  1 0.2811 0.2163 0.2545 0.1385 0.1097 
          22  1 0.0440 0.0787 0.2066 0.1083 0.5624 
          23  1 0.0648 0.1043 0.1918 0.1025 0.5366 
          24  1 0.1643 0.1547 0.2015 0.1923 0.2873 
          25  1 0.1763 0.1621 0.1628 0.4030 0.0958 
          26  1 0.1844 0.1713 0.2321 0.1921 0.2202 
          27  1 0.0726 0.0936 0.1806 0.1109 0.5423 
          28  1 0.1854 0.1946 0.2131 0.2667 0.1401 
          29  1 0.0517 0.0739 0.1902 0.0965 0.5877 
          30  1 0.0957 0.0987 0.1804 0.1367 0.4885 
          31  1 0.0340 0.0666 0.2071 0.0732 0.6192 
          32  1 0.1135 0.0934 0.1805 0.0660 0.5466 
          33  1 0.2005 0.1687 0.2310 0.2637 0.1360 
          34  1 0.0596 0.0751 0.1946 0.0864 0.5844 
          35  1 0.1291 0.1492 0.1668 0.3361 0.2188 
          36  1 0.1260 0.0887 0.1928 0.1017 0.4908 
          37  1 0.0481 0.0812 0.1984 0.1228 0.5495 
          38  1 0.0920 0.1113 0.1982 0.1833 0.4152 
          39  1 0.0682 0.0832 0.1824 0.2395 0.4268 
          40  1 0.1687 0.1658 0.2215 0.3348 0.1092 
          41  1 0.0998 0.0901 0.1907 0.1155 0.5038 
          42  1 0.1515 0.1132 0.2037 0.1944 0.3372 
          43  1 0.0808 0.0746 0.1944 0.0799 0.5703 
          44  1 0.1233 0.1248 0.2049 0.1931 0.3540 
          45  1 0.0644 0.0840 0.1979 0.0967 0.5569 
          46  1 0.0501 0.0885 0.1938 0.0955 0.5721 
          47  1 0.1089 0.1129 0.1843 0.2032 0.3906 
          48  1 0.0541 0.0823 0.2020 0.0871 0.5745 
          49  1 0.0739 0.0854 0.1941 0.1126 0.5340 
          50  1 0.1375 0.1657 0.1611 0.3456 0.1901 
          51  1 0.0822 0.0923 0.1978 0.1494 0.4783 
          52  1 0.0773 0.0998 0.1953 0.1885 0.4391 
          53  1 0.0959 0.1069 0.1922 0.1924 0.4126 
          54  1 0.0526 0.0801 0.2048 0.1043 0.5583 
          55  1 0.2643 0.2596 0.1934 0.1148 0.1679 
          56  1 0.2000 0.1690 0.2072 0.2852 0.1385 
          57  1 0.2139 0.2420 0.1744 0.2367 0.1330 
          58  1 0.2628 0.2396 0.1561 0.2329 0.1086 
          59  1 0.1325 0.1489 0.1724 0.4527 0.0935 
          60  1 0.2576 0.2970 0.1746 0.0988 0.1720 
          61  1 0.2397 0.2839 0.1886 0.0929 0.1949 
          62  1 0.2162 0.1788 0.2252 0.3097 0.0702 
          63  1 0.1786 0.1780 0.1787 0.3939 0.0708 
          64  1 0.2652 0.2209 0.2005 0.1862 0.1272 
          65  1 0.2081 0.1955 0.1868 0.3288 0.0807 
          66  1 0.2477 0.2473 0.1864 0.1737 0.1449 
          67  1 0.2418 0.2244 0.1723 0.2679 0.0935 
          68  1 0.2243 0.1980 0.2427 0.2617 0.0733 
          69  1 0.2869 0.2759 0.2032 0.1123 0.1217 
          70  1 0.2845 0.2849 0.1798 0.1042 0.1466 
          71  1 0.2432 0.2024 0.2411 0.1999 0.1133 
          72  1 0.2512 0.2942 0.1876 0.0654 0.2016 
          73  1 0.0837 0.1002 0.1960 0.1125 0.5076 
          74  1 0.2620 0.1867 0.2839 0.1960 0.0714 
          75  1 0.2591 0.3019 0.1776 0.0617 0.1997 
          76  1 0.1367 0.1280 0.1943 0.2706 0.2704 
          77  1 0.2687 0.2098 0.2631 0.1833 0.0751 
          78  1 0.2676 0.2442 0.1901 0.1789 0.1192 
          79  1 0.2337 0.2561 0.1721 0.1556 0.1824 
          80  1 0.1007 0.1191 0.1822 0.0855 0.5126 
          81  1 0.2143 0.2401 0.1902 0.1883 0.1671 
          82  1 0.1988 0.1909 0.1804 0.2524 0.1775 
          83  1 0.3048 0.2542 0.2198 0.0936 0.1276 
          84  1 0.2396 0.2828 0.1858 0.0848 0.2069 
          85  1 0.2143 0.2406 0.1847 0.2535 0.1069 
          86  1 0.1225 0.1260 0.1815 0.3673 0.2027 
          87  1 0.2260 0.2476 0.1683 0.2762 0.0819 
          88  1 0.2248 0.2195 0.2093 0.2362 0.1102 
          89  1 0.2519 0.2501 0.2003 0.2029 0.0948 
          90  1 0.2292 0.2639 0.2105 0.2167 0.0797 
          91  1 0.1763 0.2088 0.1860 0.2998 0.1290 
          92  1 0.3187 0.2480 0.2604 0.0898 0.0832 
          93  1 0.1102 0.1149 0.1798 0.0999 0.4952 
          94  1 0.2183 0.2098 0.1660 0.3171 0.0887 
          95  1 0.1827 0.2026 0.2099 0.2590 0.1457 
          96  1 0.2852 0.2232 0.2750 0.0909 0.1257 
          97  1 0.1164 0.1211 0.1877 0.1296 0.4452 
          98  1 0.2081 0.2101 0.1862 0.2781 0.1174 
          99  1 0.3314 0.2324 0.2958 0.0761 0.0643 
         100  1 0.2255 0.2135 0.1646 0.3027 0.0937 
         101  1 0.2479 0.2738 0.1826 0.1085 0.1873 
         102  1 0.2237 0.2371 0.1701 0.2550 0.1141 
         103  1 0.2192 0.2155 0.1708 0.2634 0.1311 
         104  1 0.3254 0.2538 0.2187 0.0680 0.1341 
         105  1 0.1483 0.1581 0.1830 0.2248 0.2859 
         106  1 0.1925 0.1603 0.1857 0.3555 0.1059 
         107  1 0.1471 0.1611 0.1770 0.2416 0.2732 
         108  1 0.2497 0.2067 0.2047 0.2527 0.0863 
         109  1 0.2617 0.2058 0.2557 0.1491 0.1277 
         110  1 0.0635 0.0911 0.1934 0.1163 0.5358 
         111  1 0.2389 0.2686 0.1750 0.1625 0.1550 
         112  1 0.2531 0.2629 0.1839 0.1653 0.1348 
         113  1 0.2901 0.2247 0.2390 0.1376 0.1087 
         114  1 0.2485 0.2897 0.1680 0.1790 0.1148 
         115  1 0.0546 0.0876 0.1995 0.1354 0.5229 
         116  1 0.2523 0.2575 0.2045 0.1375 0.1482 
         117  1 0.3287 0.2275 0.2985 0.0724 0.0729 
         118  1 0.2201 0.2382 0.1962 0.2179 0.1276 
         119  1 0.0934 0.1016 0.1823 0.1068 0.5158 
         120  1 0.2667 0.2492 0.1969 0.1203 0.1669 
         121  1 0.2795 0.2401 0.1940 0.1485 0.1380 
         122  1 0.0888 0.0948 0.1943 0.0990 0.5231 
         123  1 0.2190 0.2141 0.1606 0.3239 0.0824 
         124  1 0.1530 0.1702 0.2019 0.2945 0.1803 
         125  1 0.1612 0.1790 0.1550 0.4326 0.0722 
         126  1 0.2769 0.2306 0.2150 0.1480 0.1296 
         127  1 0.2422 0.2636 0.1733 0.2106 0.1103 
         128  1 0.2441 0.2725 0.1806 0.1542 0.1486 
         129  1 0.3135 0.2478 0.2301 0.1196 0.0891 
         130  1 0.1963 0.2172 0.1775 0.3003 0.1088 
         131  1 0.1116 0.1016 0.1815 0.1241 0.4812 
         132  1 0.3031 0.2270 0.2707 0.1202 0.0791 
         133  1 0.1116 0.1413 0.2002 0.2404 0.3065 
         134  1 0.2769 0.2309 0.2223 0.1297 0.1402 
         135  1 0.2174 0.2159 0.1700 0.3106 0.0862 
         136  1 0.2463 0.2771 0.1973 0.0903 0.1889 
         137  1 0.2823 0.2301 0.2318 0.1328 0.1230 
         138  1 0.1671 0.1993 0.1683 0.2478 0.2175 
         139  1 0.0917 0.1257 0.1773 0.2117 0.3936 
         140  1 0.2761 0.2611 0.1853 0.1516 0.1259 
         141  1 0.1640 0.1655 0.1922 0.2234 0.2548 
         142  1 0.1092 0.1364 0.1752 0.1574 0.4217 
         143  1 0.2520 0.3063 0.1500 0.1448 0.1469 
         144  1 0.1539 0.1865 0.1771 0.0815 0.4010 
         145  1 0.2882 0.2393 0.2046 0.1891 0.0788 
         146  1 0.3333 0.2342 0.2310 0.1164 0.0851 
         147  1 0.2349 0.2362 0.1792 0.2576 0.0920 
         148  1 0.2537 0.2399 0.2238 0.1815 0.1012 
         149  1 0.2171 0.2171 0.2047 0.2626 0.0985 
         150  1 0.1889 0.1669 0.1580 0.4228 0.0634 
         151  1 0.2725 0.2812 0.1916 0.0914 0.1633 
         152  1 0.2559 0.2248 0.2000 0.2156 0.1036 
         153  1 0.2431 0.2057 0.2134 0.2479 0.0900 
         154  1 0.2677 0.2738 0.2121 0.0850 0.1614 
         155  1 0.2570 0.2770 0.1841 0.1188 0.1631 
         156  1 0.2933 0.2451 0.1996 0.1446 0.1173 
         157  1 0.2670 0.2297 0.2522 0.1413 0.1097 
         158  1 0.2110 0.2345 0.1911 0.2495 0.1139 
         159  1 0.1832 0.1994 0.1851 0.2696 0.1627 
         160  1 0.2508 0.2591 0.1731 0.1541 0.1629 
         161  1 0.1677 0.1773 0.1815 0.3537 0.1198 
         162  1 0.2378 0.2841 0.1839 0.1111 0.1831 
         163  1 0.1970 0.1996 0.1745 0.3245 0.1044 
         164  1 0.2163 0.2489 0.1795 0.1790 0.1763 
         165  1 0.1521 0.1484 0.2037 0.1723 0.3235 
         166  1 0.2019 0.1748 0.2328 0.3044 0.0862 
         167  1 0.2409 0.2272 0.1935 0.2360 0.1024 
         168  1 0.2186 0.2219 0.1656 0.2934 0.1004 
         169  1 0.1993 0.2187 0.1784 0.2848 0.1188 
         170  1 0.1052 0.1305 0.1806 0.1261 0.4576 
         171  1 0.2316 0.2062 0.2171 0.1518 0.1934 
         172  1 0.2173 0.2649 0.1767 0.2056 0.1356 
         173  1 0.2330 0.2464 0.2068 0.1888 0.1249 
         174  1 0.2192 0.2453 0.2002 0.2083 0.1270 
         175  1 0.2088 0.2044 0.2109 0.2701 0.1059 
         176  1 0.2445 0.2543 0.2379 0.1810 0.0823 
         177  1 0.1981 0.2210 0.1600 0.2963 0.1247 
         178  1 0.2473 0.2783 0.1734 0.1716 0.1295 
         179  1 0.1964 0.1856 0.1972 0.3524 0.0684 
         180  1 0.1948 0.1905 0.1937 0.2846 0.1364 
         181  1 0.2340 0.2223 0.1874 0.2903 0.0659 
         182  1 0.2343 0.2638 0.1861 0.2433 0.0725 
         183  1 0.2805 0.2202 0.2769 0.1455 0.0770 
         184  1 0.2499 0.2323 0.2684 0.1448 0.1045 
         185  1 0.2400 0.2209 0.2400 0.1902 0.1090 
         186  1 0.2530 0.2828 0.1838 0.0808 0.1996 
         187  1 0.2002 0.2235 0.2035 0.2251 0.1478 
         188  1 0.2488 0.2360 0.1851 0.2516 0.0785 
         189  1 0.2438 0.2595 0.1677 0.2502 0.0788 
         190  1 0.2444 0.2885 0.1845 0.0766 0.2060 
         191  1 0.2717 0.2087 0.2254 0.2112 0.0830 
         192  1 0.2421 0.2715 0.1715 0.2147 0.1001 
         193  1 0.2579 0.2987 0.1745 0.0941 0.1747 
         194  1 0.2844 0.2699 0.1958 0.0603 0.1897 
         195  1 0.1250 0.1190 0.1897 0.2695 0.2968 
         196  1 0.1799 0.2118 0.1631 0.3287 0.1166 
         197  1 0.2082 0.2529 0.1649 0.2353 0.1386 
         198  1 0.2703 0.2274 0.2671 0.1503 0.0850 
         199  1 0.2795 0.2439 0.2128 0.1411 0.1227 
         200  1 0.1751 0.1639 0.2111 0.3599 0.0900 
         201  1 0.3408 0.2519 0.2172 0.0573 0.1328 
         202  1 0.2636 0.2588 0.1998 0.0897 0.1881 
         203  1 0.2205 0.2076 0.2649 0.2206 0.0863 
         204  1 0.2806 0.2211 0.2874 0.1284 0.0825 
         205  1 0.0340 0.0809 0.2009 0.0800 0.6042 
