           1  1 0.1545 0.0540 0.1914 0.2389 0.2006 0.1606 
           2  1 0.1718 0.0497 0.1948 0.2021 0.1550 0.2266 
           3  1 0.2230 0.0339 0.1975 0.1609 0.1770 0.2078 
           4  1 0.2081 0.1146 0.1963 0.1083 0.1658 0.2068 
           5  1 0.1483 0.1372 0.1624 0.2463 0.1492 0.1566 
           6  1 0.0601 0.6149 0.0545 0.1708 0.0478 0.0519 
           7  1 0.1788 0.0656 0.1718 0.1916 0.2176 0.1745 
           8  1 0.2169 0.1236 0.1835 0.1009 0.1693 0.2058 
           9  1 0.2074 0.1365 0.2293 0.0555 0.2105 0.1608 
          10  1 0.2333 0.1264 0.2137 0.1402 0.1078 0.1787 
          11  1 0.1923 0.1304 0.1953 0.1801 0.1196 0.1824 
          12  1 0.1008 0.0651 0.1033 0.2666 0.2745 0.1897 
          13  1 0.1654 0.0474 0.1569 0.2139 0.2202 0.1962 
          14  1 0.1813 0.0881 0.1894 0.1563 0.1840 0.2009 
          15  1 0.1359 0.0282 0.1612 0.2895 0.1893 0.1958 
          16  1 0.1390 0.3669 0.1277 0.1636 0.0879 0.1149 
          17  1 0.1937 0.1189 0.2239 0.0872 0.2013 0.1750 
          18  1 0.2214 0.0924 0.2191 0.0927 0.1934 0.1811 
          19  1 0.2147 0.0902 0.1773 0.1519 0.1602 0.2058 
          20  1 0.1871 0.0670 0.1846 0.1599 0.2025 0.1990 
          21  1 0.1104 0.0808 0.0993 0.2991 0.2466 0.1639 
          22  1 0.0516 0.6425 0.0534 0.1773 0.0311 0.0441 
          23  1 0.0484 0.6300 0.0504 0.1856 0.0388 0.0469 
          24  1 0.1513 0.2080 0.1509 0.1713 0.1616 0.1569 
          25  1 0.2035 0.0741 0.2225 0.1953 0.1218 0.1828 
          26  1 0.1323 0.2117 0.1268 0.2014 0.1775 0.1503 
          27  1 0.0574 0.6083 0.0546 0.1694 0.0463 0.0640 
          28  1 0.1775 0.1460 0.1575 0.1884 0.1517 0.1789 
          29  1 0.0755 0.6051 0.0666 0.1450 0.0465 0.0614 
          30  1 0.0821 0.5301 0.0845 0.1609 0.0623 0.0801 
          31  1 0.0278 0.7141 0.0292 0.1818 0.0217 0.0254 
          32  1 0.1019 0.4997 0.0720 0.1391 0.1023 0.0850 
          33  1 0.1768 0.1166 0.1808 0.2071 0.1409 0.1779 
          34  1 0.0446 0.6485 0.0479 0.1792 0.0396 0.0402 
          35  1 0.1899 0.1998 0.2035 0.1235 0.1057 0.1777 
          36  1 0.1042 0.4813 0.0642 0.1692 0.1093 0.0718 
          37  1 0.0521 0.6406 0.0575 0.1779 0.0283 0.0436 
          38  1 0.1058 0.4277 0.1164 0.1704 0.0704 0.1094 
          39  1 0.1127 0.4650 0.1086 0.1750 0.0509 0.0879 
          40  1 0.1856 0.1150 0.1979 0.1723 0.1296 0.1995 
          41  1 0.0801 0.5297 0.0673 0.1808 0.0737 0.0684 
          42  1 0.1219 0.3416 0.1119 0.1976 0.1087 0.1183 
          43  1 0.0500 0.6189 0.0533 0.1770 0.0516 0.0492 
          44  1 0.1263 0.3605 0.1077 0.1877 0.0974 0.1205 
          45  1 0.0551 0.6076 0.0583 0.1834 0.0474 0.0482 
          46  1 0.0726 0.6218 0.0518 0.1486 0.0478 0.0574 
          47  1 0.1148 0.3926 0.1261 0.1753 0.0800 0.1112 
          48  1 0.0599 0.6210 0.0677 0.1541 0.0389 0.0584 
          49  1 0.0733 0.5611 0.0797 0.1636 0.0586 0.0636 
          50  1 0.1989 0.1593 0.2113 0.1172 0.1203 0.1930 
          51  1 0.1011 0.5222 0.0919 0.1641 0.0524 0.0684 
          52  1 0.1012 0.5016 0.1098 0.1437 0.0521 0.0916 
          53  1 0.1205 0.4317 0.1263 0.1449 0.0686 0.1080 
          54  1 0.0432 0.6580 0.0454 0.1807 0.0344 0.0381 
          55  1 0.1825 0.1245 0.1880 0.1249 0.1972 0.1830 
          56  1 0.1874 0.1090 0.1792 0.2137 0.1330 0.1776 
          57  1 0.2168 0.0863 0.2061 0.1251 0.1467 0.2189 
          58  1 0.2268 0.0635 0.1783 0.1237 0.1686 0.2391 
          59  1 0.2128 0.0828 0.2469 0.1511 0.1004 0.2060 
          60  1 0.2002 0.1285 0.2129 0.0757 0.1966 0.1860 
          61  1 0.1884 0.1348 0.2379 0.0620 0.2136 0.1634 
          62  1 0.1679 0.0417 0.1878 0.2514 0.1582 0.1931 
          63  1 0.2308 0.0478 0.2412 0.1521 0.1255 0.2026 
          64  1 0.1894 0.0720 0.1734 0.1751 0.2144 0.1756 
          65  1 0.2269 0.0715 0.2169 0.1397 0.1320 0.2131 
          66  1 0.1936 0.1195 0.1708 0.1562 0.1851 0.1747 
          67  1 0.2181 0.0526 0.2093 0.1499 0.1533 0.2167 
          68  1 0.1441 0.0425 0.1675 0.2630 0.1778 0.2050 
          69  1 0.1643 0.0812 0.1776 0.1573 0.2222 0.1975 
          70  1 0.1983 0.0973 0.2040 0.1143 0.2163 0.1699 
          71  1 0.1569 0.0811 0.1531 0.2263 0.2156 0.1669 
          72  1 0.1873 0.1507 0.2435 0.0460 0.2023 0.1702 
          73  1 0.0774 0.5550 0.0670 0.1638 0.0623 0.0745 
          74  1 0.1104 0.0410 0.1159 0.2795 0.2615 0.1916 
          75  1 0.2024 0.1480 0.2379 0.0428 0.2081 0.1608 
          76  1 0.1384 0.2998 0.1321 0.2143 0.0935 0.1219 
          77  1 0.1349 0.0373 0.1399 0.2610 0.2422 0.1847 
          78  1 0.2392 0.0728 0.2038 0.1251 0.2010 0.1581 
          79  1 0.2220 0.1303 0.2075 0.0982 0.1799 0.1621 
          80  1 0.1012 0.4834 0.1024 0.1265 0.0902 0.0964 
          81  1 0.1946 0.1170 0.1995 0.1230 0.1951 0.1708 
          82  1 0.2000 0.1317 0.1707 0.1504 0.1834 0.1638 
          83  1 0.1862 0.0745 0.1618 0.1717 0.2630 0.1428 
          84  1 0.2004 0.1649 0.2143 0.0595 0.2011 0.1598 
          85  1 0.1964 0.0946 0.1948 0.1545 0.1600 0.1997 
          86  1 0.1672 0.2526 0.1829 0.1550 0.0885 0.1539 
          87  1 0.2312 0.0451 0.2062 0.1306 0.1903 0.1966 
          88  1 0.1836 0.0598 0.1973 0.1608 0.2089 0.1897 
          89  1 0.1983 0.0646 0.1883 0.1621 0.1860 0.2008 
          90  1 0.1883 0.0420 0.1887 0.1930 0.1816 0.2065 
          91  1 0.1933 0.1325 0.1963 0.1388 0.1317 0.2074 
          92  1 0.1030 0.0372 0.1021 0.3155 0.2707 0.1715 
          93  1 0.0997 0.4542 0.1034 0.1465 0.1019 0.0942 
          94  1 0.2461 0.0579 0.1998 0.1320 0.1618 0.2025 
          95  1 0.1733 0.1523 0.1798 0.1718 0.1383 0.1845 
          96  1 0.1101 0.0566 0.1055 0.2816 0.2748 0.1714 
          97  1 0.1301 0.4121 0.1143 0.1375 0.1044 0.1016 
          98  1 0.1915 0.0803 0.1729 0.1796 0.1838 0.1919 
          99  1 0.0573 0.0243 0.0714 0.3633 0.3041 0.1795 
         100  1 0.2489 0.0611 0.1964 0.1100 0.1679 0.2157 
         101  1 0.2069 0.1419 0.2172 0.0710 0.2021 0.1609 
         102  1 0.2018 0.0730 0.2288 0.1187 0.1865 0.1913 
         103  1 0.2141 0.0886 0.2076 0.1388 0.1480 0.2029 
         104  1 0.1758 0.0726 0.1584 0.1712 0.2784 0.1435 
         105  1 0.1918 0.2171 0.1665 0.1579 0.1308 0.1360 
         106  1 0.1963 0.0804 0.1942 0.2177 0.1411 0.1703 
         107  1 0.1738 0.2087 0.1986 0.1322 0.1266 0.1601 
         108  1 0.1799 0.0486 0.1593 0.2279 0.1975 0.1868 
         109  1 0.1083 0.0820 0.1050 0.2930 0.2491 0.1626 
         110  1 0.0852 0.5531 0.0765 0.1397 0.0591 0.0863 
         111  1 0.1967 0.1019 0.2184 0.1110 0.1988 0.1733 
         112  1 0.2009 0.0860 0.1855 0.1315 0.1931 0.2030 
         113  1 0.1428 0.0596 0.1450 0.2340 0.2459 0.1727 
         114  1 0.2453 0.0777 0.1914 0.0956 0.1916 0.1983 
         115  1 0.0682 0.5897 0.0813 0.1639 0.0433 0.0535 
         116  1 0.1933 0.1056 0.1997 0.1180 0.2056 0.1778 
         117  1 0.0558 0.0219 0.0723 0.3816 0.2954 0.1731 
         118  1 0.2032 0.0817 0.2210 0.1128 0.1989 0.1824 
         119  1 0.0881 0.5071 0.0900 0.1518 0.0812 0.0818 
         120  1 0.1823 0.1158 0.1858 0.1445 0.1941 0.1775 
         121  1 0.2128 0.0772 0.2071 0.1258 0.2258 0.1512 
         122  1 0.0784 0.5395 0.0789 0.1591 0.0640 0.0801 
         123  1 0.2164 0.0612 0.1902 0.1596 0.1664 0.2062 
         124  1 0.1808 0.1727 0.1780 0.1688 0.1237 0.1760 
         125  1 0.2400 0.0584 0.2441 0.1330 0.1314 0.1931 
         126  1 0.1750 0.0792 0.1794 0.1633 0.2087 0.1945 
         127  1 0.2170 0.0698 0.1972 0.1341 0.1882 0.1937 
         128  1 0.2036 0.1098 0.2041 0.0913 0.1824 0.2087 
         129  1 0.1317 0.0376 0.1355 0.2663 0.2482 0.1808 
         130  1 0.2039 0.0741 0.2255 0.1367 0.1726 0.1872 
         131  1 0.1234 0.4388 0.0915 0.1522 0.1040 0.0901 
         132  1 0.1038 0.0304 0.1075 0.3120 0.2614 0.1850 
         133  1 0.1344 0.3823 0.1129 0.1755 0.0795 0.1155 
         134  1 0.1799 0.0707 0.1601 0.1711 0.2570 0.1613 
         135  1 0.2086 0.0486 0.2024 0.1675 0.1872 0.1857 
         136  1 0.1904 0.1301 0.2199 0.0726 0.2109 0.1761 
         137  1 0.1585 0.0736 0.1440 0.2200 0.2291 0.1747 
         138  1 0.1794 0.1973 0.1513 0.1692 0.1308 0.1720 
         139  1 0.1468 0.3894 0.1396 0.1233 0.0825 0.1183 
         140  1 0.2015 0.0826 0.1837 0.1215 0.2212 0.1895 
         141  1 0.1520 0.2241 0.1588 0.1914 0.1312 0.1425 
         142  1 0.1383 0.3775 0.1353 0.1250 0.1016 0.1223 
         143  1 0.2115 0.0874 0.2259 0.0779 0.2248 0.1725 
         144  1 0.1367 0.3508 0.1608 0.0898 0.1395 0.1224 
         145  1 0.1841 0.0462 0.1597 0.1864 0.2107 0.2129 
         146  1 0.1064 0.0326 0.1098 0.3030 0.2695 0.1788 
         147  1 0.2131 0.0833 0.1716 0.1310 0.1707 0.2302 
         148  1 0.1632 0.0596 0.1388 0.2302 0.2133 0.1950 
         149  1 0.1855 0.0687 0.1997 0.1580 0.1800 0.2080 
         150  1 0.2473 0.0376 0.2396 0.1484 0.1464 0.1807 
         151  1 0.2017 0.0985 0.2061 0.0899 0.2423 0.1616 
         152  1 0.1867 0.0511 0.1814 0.1802 0.2248 0.1757 
         153  1 0.1799 0.0588 0.1962 0.1854 0.1850 0.1945 
         154  1 0.1776 0.1191 0.1984 0.1182 0.2283 0.1584 
         155  1 0.1863 0.1241 0.2282 0.0790 0.2075 0.1748 
         156  1 0.1884 0.0774 0.1860 0.1531 0.2136 0.1814 
         157  1 0.1439 0.0545 0.1446 0.2159 0.2512 0.1899 
         158  1 0.2210 0.0776 0.2038 0.1354 0.1846 0.1776 
         159  1 0.1872 0.1576 0.1770 0.1591 0.1293 0.1898 
         160  1 0.2116 0.1093 0.1978 0.1080 0.1840 0.1893 
         161  1 0.2165 0.1158 0.2180 0.1546 0.1145 0.1807 
         162  1 0.1860 0.1341 0.2384 0.0666 0.2089 0.1660 
         163  1 0.2279 0.0618 0.2502 0.1242 0.1563 0.1796 
         164  1 0.2078 0.1371 0.2479 0.0715 0.1688 0.1669 
         165  1 0.1217 0.3254 0.1459 0.1551 0.1137 0.1381 
         166  1 0.1585 0.0582 0.1674 0.2233 0.2000 0.1926 
         167  1 0.2037 0.0610 0.1740 0.1778 0.2012 0.1822 
         168  1 0.2342 0.0601 0.2011 0.1143 0.1722 0.2181 
         169  1 0.2055 0.0915 0.1970 0.1375 0.1468 0.2218 
         170  1 0.1071 0.4482 0.1119 0.1389 0.0939 0.1001 
         171  1 0.1488 0.1401 0.1713 0.1633 0.2039 0.1728 
         172  1 0.2030 0.1043 0.2363 0.0970 0.1803 0.1792 
         173  1 0.1826 0.0705 0.1835 0.1789 0.2103 0.1741 
         174  1 0.1873 0.0865 0.1886 0.1531 0.1877 0.1968 
         175  1 0.1774 0.0590 0.2108 0.1657 0.1940 0.1931 
         176  1 0.1419 0.0407 0.1391 0.2344 0.2552 0.1887 
         177  1 0.2261 0.0904 0.2099 0.1111 0.1630 0.1994 
         178  1 0.2036 0.0781 0.2223 0.0913 0.2146 0.1901 
         179  1 0.1931 0.0378 0.2166 0.2264 0.1435 0.1826 
         180  1 0.2058 0.1095 0.1834 0.1429 0.1503 0.2081 
         181  1 0.2061 0.0410 0.1810 0.1843 0.1859 0.2016 
         182  1 0.2173 0.0439 0.2023 0.1576 0.1923 0.1867 
         183  1 0.0902 0.0388 0.1047 0.3133 0.2673 0.1858 
         184  1 0.1308 0.0515 0.1327 0.2393 0.2454 0.2003 
         185  1 0.1421 0.0441 0.1524 0.2297 0.2519 0.1798 
         186  1 0.2022 0.1322 0.2296 0.0568 0.2169 0.1622 
         187  1 0.1873 0.1113 0.2135 0.1168 0.1763 0.1948 
         188  1 0.1974 0.0678 0.1660 0.1707 0.1820 0.2160 
         189  1 0.2298 0.0519 0.2183 0.0937 0.1870 0.2193 
         190  1 0.1937 0.1551 0.2275 0.0536 0.2091 0.1609 
         191  1 0.1763 0.0552 0.1502 0.2108 0.2072 0.2004 
         192  1 0.2187 0.0655 0.2068 0.1072 0.2026 0.1992 
         193  1 0.2021 0.1352 0.2209 0.0602 0.2080 0.1736 
         194  1 0.1810 0.1373 0.1982 0.0983 0.2149 0.1704 
         195  1 0.1440 0.2892 0.1493 0.1884 0.0928 0.1364 
         196  1 0.2291 0.0775 0.2451 0.1060 0.1756 0.1667 
         197  1 0.2292 0.0937 0.1923 0.1044 0.1773 0.2031 
         198  1 0.1093 0.0529 0.1135 0.2947 0.2508 0.1787 
         199  1 0.1619 0.0793 0.1775 0.1805 0.2274 0.1734 
         200  1 0.1903 0.0563 0.2060 0.1919 0.1733 0.1822 
         201  1 0.1660 0.0843 0.1507 0.1906 0.2684 0.1400 
         202  1 0.1792 0.1357 0.2095 0.0998 0.2079 0.1679 
         203  1 0.1163 0.0471 0.1345 0.2568 0.2489 0.1965 
         204  1 0.0789 0.0348 0.0931 0.3202 0.2820 0.1911 
         205  1 0.0343 0.7047 0.0329 0.1758 0.0229 0.0294 
