           1  1 0.1075 0.1592 0.1762 0.1679 0.1529 0.1470 0.0894 
           2  1 0.1016 0.1721 0.1572 0.1810 0.1748 0.1241 0.0892 
           3  1 0.1184 0.1769 0.1564 0.1842 0.1510 0.1208 0.0923 
           4  1 0.1374 0.1196 0.1360 0.1308 0.1661 0.1747 0.1354 
           5  1 0.1453 0.1546 0.1688 0.1378 0.1477 0.1370 0.1089 
           6  1 0.2871 0.0913 0.0552 0.0645 0.0612 0.1195 0.3212 
           7  1 0.1162 0.1537 0.1644 0.1534 0.1741 0.1381 0.1001 
           8  1 0.1497 0.1229 0.1313 0.1365 0.1660 0.1657 0.1279 
           9  1 0.1050 0.1244 0.0974 0.1612 0.1524 0.1829 0.1767 
          10  1 0.1562 0.1634 0.1156 0.1750 0.1194 0.1331 0.1372 
          11  1 0.1731 0.1503 0.1436 0.1628 0.1274 0.1187 0.1240 
          12  1 0.1173 0.1836 0.1868 0.1221 0.1787 0.1270 0.0846 
          13  1 0.1221 0.1740 0.1638 0.1335 0.1776 0.1444 0.0847 
          14  1 0.0929 0.1531 0.1510 0.1680 0.1746 0.1340 0.1264 
          15  1 0.1144 0.1738 0.2160 0.1336 0.1672 0.1325 0.0625 
          16  1 0.2103 0.1206 0.1032 0.1200 0.0986 0.1320 0.2154 
          17  1 0.1219 0.1316 0.1148 0.1525 0.1539 0.1747 0.1505 
          18  1 0.1136 0.1378 0.1356 0.1543 0.1636 0.1612 0.1339 
          19  1 0.1300 0.1424 0.1580 0.1684 0.1627 0.1384 0.1000 
          20  1 0.1112 0.1417 0.1535 0.1387 0.1761 0.1658 0.1131 
          21  1 0.1231 0.1787 0.2161 0.1131 0.1570 0.1330 0.0790 
          22  1 0.2880 0.0834 0.0534 0.0718 0.0578 0.1035 0.3421 
          23  1 0.3217 0.0934 0.0512 0.0558 0.0430 0.1126 0.3224 
          24  1 0.1468 0.1357 0.1460 0.1471 0.1400 0.1365 0.1479 
          25  1 0.1150 0.1721 0.1555 0.1819 0.1370 0.1337 0.1049 
          26  1 0.1599 0.1526 0.1394 0.1377 0.1310 0.1309 0.1486 
          27  1 0.2858 0.0858 0.0600 0.0670 0.0601 0.1120 0.3294 
          28  1 0.1402 0.1496 0.1480 0.1665 0.1386 0.1299 0.1272 
          29  1 0.2553 0.0776 0.0648 0.0891 0.0724 0.1219 0.3190 
          30  1 0.2435 0.1004 0.0784 0.0964 0.0750 0.1215 0.2850 
          31  1 0.3151 0.0799 0.0371 0.0520 0.0399 0.1039 0.3722 
          32  1 0.2140 0.0807 0.1108 0.0791 0.0912 0.1481 0.2762 
          33  1 0.1304 0.1503 0.1626 0.1512 0.1689 0.1234 0.1132 
          34  1 0.2854 0.0810 0.0624 0.0656 0.0588 0.1093 0.3376 
          35  1 0.1610 0.1449 0.1323 0.1684 0.1090 0.1182 0.1663 
          36  1 0.2042 0.0875 0.1294 0.0937 0.0900 0.1428 0.2523 
          37  1 0.2932 0.0889 0.0520 0.0712 0.0515 0.1047 0.3385 
          38  1 0.2079 0.1172 0.1018 0.1202 0.1043 0.1150 0.2336 
          39  1 0.2060 0.1403 0.0871 0.1360 0.0751 0.1089 0.2466 
          40  1 0.1160 0.1493 0.1495 0.1893 0.1520 0.1215 0.1225 
          41  1 0.2426 0.0979 0.0857 0.0949 0.0822 0.1087 0.2880 
          42  1 0.1768 0.1409 0.1405 0.1251 0.1108 0.1181 0.1877 
          43  1 0.2724 0.0828 0.0697 0.0691 0.0669 0.1109 0.3281 
          44  1 0.1853 0.1224 0.1173 0.1441 0.1078 0.1143 0.2088 
          45  1 0.2912 0.0944 0.0654 0.0700 0.0608 0.1060 0.3122 
          46  1 0.2658 0.0828 0.0585 0.0745 0.0589 0.1219 0.3376 
          47  1 0.1947 0.1210 0.1092 0.1157 0.1101 0.1255 0.2238 
          48  1 0.2585 0.0864 0.0579 0.0845 0.0711 0.1118 0.3298 
          49  1 0.2437 0.0901 0.0836 0.0903 0.0782 0.1034 0.3107 
          50  1 0.1450 0.1554 0.1388 0.1738 0.1293 0.1173 0.1404 
          51  1 0.2355 0.1027 0.0906 0.0977 0.0803 0.1084 0.2849 
          52  1 0.2308 0.1020 0.0816 0.1268 0.0754 0.1061 0.2774 
          53  1 0.2023 0.1181 0.0963 0.1294 0.0831 0.1172 0.2536 
          54  1 0.2920 0.0880 0.0530 0.0640 0.0518 0.1114 0.3398 
          55  1 0.1042 0.1412 0.1489 0.1381 0.1576 0.1751 0.1348 
          56  1 0.1259 0.1648 0.1579 0.1787 0.1424 0.1154 0.1149 
          57  1 0.1250 0.1411 0.1401 0.1580 0.1654 0.1430 0.1274 
          58  1 0.1254 0.1275 0.1508 0.1558 0.1751 0.1544 0.1109 
          59  1 0.1072 0.1856 0.1352 0.2245 0.1129 0.1243 0.1103 
          60  1 0.1015 0.1246 0.1123 0.1617 0.1586 0.1808 0.1605 
          61  1 0.1057 0.1300 0.0957 0.1615 0.1427 0.1816 0.1828 
          62  1 0.1054 0.1948 0.1756 0.1829 0.1418 0.1158 0.0836 
          63  1 0.1096 0.1751 0.1536 0.2014 0.1338 0.1272 0.0993 
          64  1 0.1123 0.1372 0.1695 0.1495 0.1684 0.1506 0.1125 
          65  1 0.1466 0.1435 0.1472 0.1742 0.1515 0.1272 0.1099 
          66  1 0.1457 0.1429 0.1461 0.1445 0.1457 0.1501 0.1250 
          67  1 0.1200 0.1480 0.1520 0.1720 0.1603 0.1385 0.1092 
          68  1 0.1003 0.1873 0.1988 0.1535 0.1627 0.1218 0.0756 
          69  1 0.1040 0.1516 0.1582 0.1444 0.1718 0.1653 0.1048 
          70  1 0.1117 0.1296 0.1337 0.1449 0.1471 0.1935 0.1394 
          71  1 0.1191 0.1617 0.1779 0.1461 0.1641 0.1333 0.0977 
          72  1 0.0987 0.1167 0.0874 0.1701 0.1507 0.1908 0.1856 
          73  1 0.2609 0.0999 0.0703 0.0832 0.0722 0.1098 0.3037 
          74  1 0.1225 0.1970 0.1954 0.1372 0.1672 0.1138 0.0669 
          75  1 0.0899 0.1198 0.0868 0.1607 0.1578 0.2028 0.1822 
          76  1 0.1962 0.1326 0.1229 0.1259 0.1167 0.1128 0.1929 
          77  1 0.1185 0.1892 0.1964 0.1354 0.1682 0.1211 0.0712 
          78  1 0.1144 0.1312 0.1527 0.1474 0.1480 0.1930 0.1132 
          79  1 0.1306 0.1345 0.1172 0.1523 0.1531 0.1662 0.1462 
          80  1 0.2300 0.0892 0.0782 0.0957 0.0948 0.1473 0.2647 
          81  1 0.1444 0.1409 0.1272 0.1346 0.1603 0.1611 0.1315 
          82  1 0.1312 0.1348 0.1605 0.1366 0.1418 0.1645 0.1305 
          83  1 0.0881 0.1287 0.1765 0.1227 0.1776 0.2032 0.1033 
          84  1 0.1119 0.1170 0.0944 0.1558 0.1475 0.1974 0.1760 
          85  1 0.1737 0.1484 0.1363 0.1402 0.1315 0.1543 0.1157 
          86  1 0.1712 0.1512 0.1237 0.1604 0.1042 0.1084 0.1810 
          87  1 0.1153 0.1549 0.1444 0.1633 0.1824 0.1383 0.1016 
          88  1 0.0989 0.1547 0.1491 0.1599 0.1687 0.1533 0.1154 
          89  1 0.1298 0.1504 0.1625 0.1537 0.1640 0.1407 0.0989 
          90  1 0.1375 0.1654 0.1595 0.1514 0.1493 0.1468 0.0901 
          91  1 0.1386 0.1445 0.1363 0.1605 0.1433 0.1467 0.1301 
          92  1 0.1029 0.1806 0.2406 0.0931 0.1772 0.1495 0.0561 
          93  1 0.2212 0.0994 0.0942 0.1011 0.0984 0.1290 0.2567 
          94  1 0.1227 0.1520 0.1555 0.1646 0.1528 0.1438 0.1087 
          95  1 0.1536 0.1404 0.1481 0.1509 0.1473 0.1269 0.1327 
          96  1 0.0990 0.1895 0.2230 0.1067 0.1666 0.1415 0.0737 
          97  1 0.1938 0.1067 0.1049 0.1073 0.1012 0.1466 0.2394 
          98  1 0.1085 0.1535 0.1606 0.1675 0.1493 0.1532 0.1073 
          99  1 0.1031 0.1942 0.2569 0.0896 0.1878 0.1249 0.0435 
         100  1 0.1234 0.1523 0.1586 0.1556 0.1600 0.1467 0.1033 
         101  1 0.1058 0.1244 0.1111 0.1592 0.1537 0.1808 0.1650 
         102  1 0.1137 0.1333 0.1501 0.1638 0.1652 0.1472 0.1267 
         103  1 0.1394 0.1426 0.1433 0.1557 0.1540 0.1465 0.1186 
         104  1 0.0859 0.1261 0.1934 0.1225 0.1691 0.2055 0.0974 
         105  1 0.1531 0.1257 0.1452 0.1423 0.1333 0.1424 0.1581 
         106  1 0.1151 0.1631 0.1887 0.1599 0.1565 0.1215 0.0951 
         107  1 0.1452 0.1416 0.1176 0.1650 0.1324 0.1344 0.1638 
         108  1 0.1096 0.1624 0.1943 0.1451 0.1754 0.1341 0.0792 
         109  1 0.1270 0.1785 0.1987 0.1192 0.1632 0.1323 0.0811 
         110  1 0.2424 0.0915 0.0727 0.0961 0.0725 0.1180 0.3069 
         111  1 0.1272 0.1424 0.1420 0.1523 0.1511 0.1626 0.1224 
         112  1 0.1238 0.1371 0.1357 0.1446 0.1740 0.1662 0.1186 
         113  1 0.1156 0.1444 0.2141 0.1232 0.1529 0.1649 0.0849 
         114  1 0.1081 0.1277 0.1375 0.1521 0.1685 0.1815 0.1245 
         115  1 0.2694 0.0879 0.0627 0.0885 0.0652 0.1036 0.3227 
         116  1 0.1094 0.1262 0.1372 0.1673 0.1521 0.1668 0.1411 
         117  1 0.1023 0.2016 0.2434 0.0952 0.1842 0.1318 0.0417 
         118  1 0.1209 0.1465 0.1290 0.1722 0.1554 0.1490 0.1270 
         119  1 0.2294 0.0963 0.0836 0.1002 0.0866 0.1279 0.2760 
         120  1 0.1129 0.1407 0.1496 0.1445 0.1558 0.1627 0.1339 
         121  1 0.1132 0.1337 0.1489 0.1441 0.1552 0.1905 0.1143 
         122  1 0.2405 0.0983 0.0830 0.0911 0.0875 0.1252 0.2744 
         123  1 0.1251 0.1580 0.1619 0.1617 0.1439 0.1465 0.1028 
         124  1 0.1508 0.1539 0.1300 0.1584 0.1353 0.1273 0.1441 
         125  1 0.1143 0.1888 0.1391 0.1957 0.1211 0.1259 0.1151 
         126  1 0.1000 0.1461 0.1589 0.1564 0.1644 0.1588 0.1154 
         127  1 0.1361 0.1346 0.1397 0.1472 0.1551 0.1742 0.1131 
         128  1 0.1138 0.1266 0.1240 0.1700 0.1706 0.1481 0.1471 
         129  1 0.1071 0.1642 0.2354 0.1020 0.1784 0.1457 0.0672 
         130  1 0.1302 0.1589 0.1430 0.1514 0.1535 0.1429 0.1201 
         131  1 0.2022 0.0993 0.1157 0.1004 0.0948 0.1416 0.2461 
         132  1 0.1075 0.1802 0.2363 0.1030 0.1895 0.1266 0.0569 
         133  1 0.2482 0.1153 0.0919 0.0982 0.0946 0.1141 0.2377 
         134  1 0.0930 0.1257 0.1731 0.1389 0.1772 0.1970 0.0952 
         135  1 0.1054 0.1760 0.1576 0.1706 0.1491 0.1400 0.1014 
         136  1 0.1097 0.1320 0.1024 0.1644 0.1511 0.1689 0.1714 
         137  1 0.1207 0.1577 0.1917 0.1331 0.1502 0.1525 0.0940 
         138  1 0.2023 0.1440 0.1257 0.1299 0.1099 0.1342 0.1540 
         139  1 0.1879 0.1276 0.0947 0.1440 0.0965 0.1292 0.2201 
         140  1 0.1009 0.1295 0.1575 0.1539 0.1589 0.1814 0.1180 
         141  1 0.1545 0.1311 0.1455 0.1411 0.1378 0.1385 0.1515 
         142  1 0.1881 0.1097 0.0955 0.1302 0.0999 0.1392 0.2375 
         143  1 0.1391 0.1231 0.1143 0.1417 0.1568 0.1935 0.1315 
         144  1 0.1727 0.0977 0.0876 0.1220 0.1176 0.1800 0.2224 
         145  1 0.1162 0.1529 0.1884 0.1354 0.1744 0.1504 0.0823 
         146  1 0.1051 0.1697 0.2495 0.1073 0.1645 0.1481 0.0558 
         147  1 0.1449 0.1383 0.1647 0.1308 0.1709 0.1378 0.1125 
         148  1 0.1137 0.1689 0.1752 0.1267 0.1859 0.1373 0.0924 
         149  1 0.1185 0.1585 0.1498 0.1591 0.1694 0.1325 0.1122 
         150  1 0.1159 0.1661 0.1630 0.1947 0.1304 0.1282 0.1016 
         151  1 0.1064 0.1205 0.1291 0.1485 0.1614 0.1940 0.1401 
         152  1 0.1091 0.1414 0.1838 0.1470 0.1619 0.1628 0.0941 
         153  1 0.1248 0.1663 0.1540 0.1590 0.1661 0.1332 0.0967 
         154  1 0.1040 0.1400 0.1329 0.1567 0.1491 0.1833 0.1339 
         155  1 0.1084 0.1355 0.1142 0.1682 0.1557 0.1649 0.1531 
         156  1 0.1124 0.1452 0.1715 0.1391 0.1579 0.1714 0.1025 
         157  1 0.1055 0.1565 0.1896 0.1383 0.1800 0.1395 0.0908 
         158  1 0.1198 0.1638 0.1403 0.1568 0.1599 0.1482 0.1113 
         159  1 0.1598 0.1373 0.1354 0.1455 0.1400 0.1412 0.1408 
         160  1 0.1347 0.1347 0.1230 0.1629 0.1450 0.1695 0.1301 
         161  1 0.1373 0.1414 0.1421 0.1706 0.1406 0.1373 0.1307 
         162  1 0.0968 0.1303 0.1025 0.1692 0.1435 0.1827 0.1750 
         163  1 0.1215 0.1649 0.1284 0.1927 0.1359 0.1400 0.1165 
         164  1 0.0972 0.1259 0.1174 0.1741 0.1461 0.1807 0.1586 
         165  1 0.1751 0.1293 0.1108 0.1292 0.1210 0.1297 0.2048 
         166  1 0.1202 0.1835 0.1662 0.1768 0.1495 0.1073 0.0966 
         167  1 0.1148 0.1520 0.1773 0.1503 0.1526 0.1530 0.1000 
         168  1 0.1118 0.1459 0.1455 0.1939 0.1580 0.1315 0.1135 
         169  1 0.1401 0.1460 0.1531 0.1606 0.1476 0.1419 0.1107 
         170  1 0.2094 0.1048 0.0941 0.1114 0.0995 0.1433 0.2375 
         171  1 0.1241 0.1477 0.1526 0.1455 0.1532 0.1433 0.1337 
         172  1 0.1198 0.1487 0.1258 0.1683 0.1430 0.1598 0.1344 
         173  1 0.1352 0.1542 0.1584 0.1369 0.1558 0.1546 0.1048 
         174  1 0.1356 0.1436 0.1478 0.1381 0.1756 0.1462 0.1132 
         175  1 0.1098 0.1554 0.1499 0.1715 0.1717 0.1296 0.1121 
         176  1 0.1140 0.1827 0.1744 0.1378 0.1720 0.1411 0.0780 
         177  1 0.1418 0.1419 0.1381 0.1735 0.1420 0.1351 0.1276 
         178  1 0.1347 0.1417 0.1414 0.1387 0.1508 0.1670 0.1257 
         179  1 0.1156 0.1630 0.1760 0.1819 0.1433 0.1271 0.0930 
         180  1 0.1471 0.1455 0.1490 0.1528 0.1480 0.1344 0.1232 
         181  1 0.1128 0.1709 0.1727 0.1713 0.1551 0.1256 0.0916 
         182  1 0.1312 0.1513 0.1629 0.1536 0.1650 0.1409 0.0952 
         183  1 0.1203 0.1879 0.2230 0.1087 0.1707 0.1264 0.0630 
         184  1 0.1127 0.1852 0.1788 0.1385 0.1661 0.1325 0.0861 
         185  1 0.1126 0.1759 0.1628 0.1514 0.1762 0.1293 0.0918 
         186  1 0.1057 0.1218 0.0959 0.1680 0.1512 0.1829 0.1743 
         187  1 0.1256 0.1479 0.1313 0.1760 0.1363 0.1477 0.1352 
         188  1 0.1314 0.1552 0.1592 0.1593 0.1561 0.1423 0.0965 
         189  1 0.1352 0.1535 0.1494 0.1381 0.1568 0.1589 0.1081 
         190  1 0.1117 0.1159 0.0862 0.1676 0.1552 0.1811 0.1823 
         191  1 0.1181 0.1443 0.1983 0.1429 0.1817 0.1342 0.0805 
         192  1 0.1258 0.1368 0.1554 0.1363 0.1639 0.1612 0.1206 
         193  1 0.1051 0.1291 0.1055 0.1585 0.1506 0.1860 0.1653 
         194  1 0.0909 0.1232 0.1266 0.1546 0.1589 0.1879 0.1579 
         195  1 0.1799 0.1297 0.1351 0.1496 0.1269 0.1094 0.1693 
         196  1 0.1230 0.1635 0.1269 0.1761 0.1362 0.1547 0.1195 
         197  1 0.1251 0.1284 0.1390 0.1505 0.1499 0.1723 0.1348 
         198  1 0.1226 0.2012 0.1924 0.1226 0.1583 0.1318 0.0711 
         199  1 0.1013 0.1508 0.1630 0.1723 0.1493 0.1556 0.1077 
         200  1 0.1203 0.1621 0.1526 0.1925 0.1556 0.1153 0.1016 
         201  1 0.0798 0.1309 0.1942 0.1268 0.1630 0.1996 0.1058 
         202  1 0.0952 0.1323 0.1236 0.1712 0.1500 0.1739 0.1537 
         203  1 0.1215 0.1976 0.1794 0.1522 0.1535 0.1151 0.0807 
         204  1 0.1120 0.2044 0.2125 0.1150 0.1705 0.1271 0.0585 
         205  1 0.3183 0.0808 0.0354 0.0460 0.0400 0.1077 0.3718 
