           1  1 0.1362 0.0841 0.1057 0.1181 0.1229 0.1079 0.0871 0.1001 0.1379 
           2  1 0.1189 0.0834 0.1166 0.1112 0.1166 0.1308 0.1068 0.1041 0.1115 
           3  1 0.1173 0.0770 0.1137 0.1014 0.1292 0.1018 0.1149 0.1281 0.1165 
           4  1 0.1034 0.1245 0.1227 0.1118 0.1097 0.0959 0.1289 0.1074 0.0957 
           5  1 0.1342 0.0908 0.1243 0.1005 0.0924 0.1334 0.1132 0.0911 0.1201 
           6  1 0.0732 0.1469 0.1059 0.1208 0.0631 0.1275 0.2196 0.0847 0.0584 
           7  1 0.1091 0.0881 0.1225 0.1078 0.1147 0.1184 0.0987 0.1220 0.1188 
           8  1 0.0916 0.1211 0.1162 0.1119 0.1136 0.1048 0.1176 0.1295 0.0936 
           9  1 0.1504 0.1462 0.1164 0.0957 0.1032 0.1052 0.0695 0.1083 0.1051 
          10  1 0.1087 0.1101 0.1008 0.1018 0.1180 0.0955 0.1671 0.1250 0.0730 
          11  1 0.0966 0.1169 0.0997 0.1055 0.0982 0.1188 0.1747 0.1103 0.0793 
          12  1 0.1246 0.0831 0.1220 0.1117 0.1031 0.1152 0.0717 0.0994 0.1692 
          13  1 0.1149 0.0917 0.1181 0.1079 0.1090 0.1193 0.0869 0.1187 0.1334 
          14  1 0.1302 0.1052 0.1175 0.1044 0.1122 0.1005 0.0934 0.0978 0.1388 
          15  1 0.1660 0.0742 0.1146 0.0977 0.1040 0.1160 0.0833 0.0764 0.1678 
          16  1 0.0958 0.1283 0.1046 0.1210 0.1035 0.1179 0.1549 0.1003 0.0736 
          17  1 0.1342 0.1291 0.1233 0.0934 0.1045 0.1150 0.0874 0.1143 0.0988 
          18  1 0.1145 0.1094 0.1100 0.1112 0.1198 0.1094 0.0952 0.1252 0.1052 
          19  1 0.1060 0.0895 0.1083 0.1114 0.1207 0.1063 0.1216 0.1288 0.1073 
          20  1 0.1041 0.1182 0.1133 0.1133 0.1102 0.1010 0.0891 0.1213 0.1296 
          21  1 0.1352 0.0788 0.1083 0.1149 0.1004 0.1187 0.0789 0.0865 0.1784 
          22  1 0.0784 0.1305 0.1034 0.1206 0.0742 0.1544 0.1907 0.0980 0.0497 
          23  1 0.0627 0.1582 0.0957 0.1108 0.0404 0.1477 0.2722 0.0753 0.0369 
          24  1 0.0995 0.1429 0.1058 0.1163 0.1154 0.0995 0.1043 0.1099 0.1063 
          25  1 0.1227 0.0797 0.1072 0.1126 0.1273 0.1106 0.1201 0.1204 0.0995 
          26  1 0.1093 0.0945 0.1095 0.1167 0.1006 0.1237 0.1280 0.1093 0.1084 
          27  1 0.0706 0.1328 0.1082 0.1196 0.0632 0.1448 0.2240 0.0867 0.0500 
          28  1 0.1067 0.0936 0.1171 0.1045 0.1021 0.1269 0.1209 0.1259 0.1024 
          29  1 0.0890 0.1726 0.1127 0.1261 0.1020 0.0943 0.1236 0.0914 0.0883 
          30  1 0.0877 0.1235 0.1174 0.1215 0.0889 0.1333 0.1617 0.0910 0.0751 
          31  1 0.0755 0.1352 0.0997 0.1290 0.0547 0.1780 0.1924 0.0816 0.0541 
          32  1 0.0775 0.2235 0.0833 0.1344 0.1408 0.0728 0.0693 0.0773 0.1210 
          33  1 0.1183 0.0797 0.1244 0.1027 0.0980 0.1358 0.1215 0.1212 0.0984 
          34  1 0.0820 0.1297 0.1027 0.1343 0.0777 0.1574 0.1693 0.0813 0.0656 
          35  1 0.1046 0.0898 0.1034 0.1176 0.1294 0.1097 0.1434 0.1220 0.0802 
          36  1 0.0861 0.1952 0.0829 0.1279 0.1403 0.0789 0.0858 0.0817 0.1211 
          37  1 0.0684 0.1328 0.1009 0.1162 0.0703 0.1490 0.2308 0.0858 0.0457 
          38  1 0.0966 0.1047 0.1058 0.1096 0.0896 0.1762 0.1489 0.0926 0.0760 
          39  1 0.1024 0.0985 0.1006 0.1082 0.0984 0.1341 0.1822 0.1038 0.0718 
          40  1 0.1104 0.0794 0.1305 0.1073 0.1034 0.1318 0.1211 0.1133 0.1027 
          41  1 0.0864 0.1229 0.0991 0.1324 0.0983 0.1373 0.1396 0.0938 0.0902 
          42  1 0.1103 0.1038 0.0943 0.1169 0.1227 0.1156 0.1156 0.0960 0.1247 
          43  1 0.0862 0.1314 0.1139 0.1219 0.0778 0.1499 0.1506 0.0828 0.0855 
          44  1 0.1007 0.1022 0.1115 0.1218 0.0969 0.1336 0.1265 0.1107 0.0961 
          45  1 0.0809 0.1408 0.1002 0.1196 0.0598 0.1630 0.1954 0.0762 0.0641 
          46  1 0.0898 0.1641 0.0989 0.1219 0.0947 0.1049 0.1591 0.0867 0.0798 
          47  1 0.0936 0.1120 0.1095 0.1207 0.0976 0.1276 0.1535 0.1003 0.0853 
          48  1 0.1007 0.1421 0.1235 0.1224 0.0714 0.1321 0.1324 0.0891 0.0864 
          49  1 0.0928 0.1151 0.1189 0.1218 0.0926 0.1513 0.1351 0.1012 0.0711 
          50  1 0.1079 0.0886 0.1057 0.1177 0.1413 0.1092 0.1206 0.1271 0.0819 
          51  1 0.0918 0.1220 0.1042 0.1114 0.1025 0.1279 0.1600 0.1024 0.0778 
          52  1 0.1052 0.1100 0.1176 0.1133 0.0958 0.1177 0.1541 0.1086 0.0777 
          53  1 0.0985 0.1086 0.1084 0.1172 0.1014 0.1263 0.1438 0.1072 0.0887 
          54  1 0.0808 0.1328 0.1006 0.1204 0.0612 0.1668 0.2003 0.0867 0.0505 
          55  1 0.1258 0.1251 0.1074 0.1138 0.1045 0.1049 0.0870 0.1008 0.1307 
          56  1 0.1223 0.0843 0.1070 0.1033 0.1226 0.1146 0.1151 0.1196 0.1111 
          57  1 0.1136 0.1061 0.1197 0.1140 0.1062 0.1057 0.1156 0.1145 0.1045 
          58  1 0.0954 0.1006 0.1235 0.1086 0.1075 0.0975 0.1339 0.1216 0.1112 
          59  1 0.1302 0.0820 0.1096 0.1045 0.1279 0.1150 0.1232 0.1240 0.0835 
          60  1 0.1191 0.1435 0.1092 0.1071 0.1083 0.1068 0.0796 0.1065 0.1199 
          61  1 0.1661 0.1500 0.1223 0.0897 0.1046 0.0983 0.0585 0.1000 0.1105 
          62  1 0.1368 0.0730 0.1042 0.1132 0.1219 0.1121 0.0973 0.1113 0.1302 
          63  1 0.1172 0.0780 0.1060 0.1035 0.1255 0.1144 0.1288 0.1292 0.0975 
          64  1 0.1055 0.1164 0.1008 0.1210 0.1339 0.0959 0.0839 0.1189 0.1237 
          65  1 0.1187 0.0856 0.1267 0.1040 0.1134 0.1082 0.1329 0.1288 0.0817 
          66  1 0.1120 0.1081 0.1180 0.1091 0.1088 0.1055 0.1174 0.1155 0.1056 
          67  1 0.1255 0.0914 0.1203 0.1020 0.1142 0.1013 0.1068 0.1243 0.1142 
          68  1 0.1469 0.0703 0.1150 0.1030 0.1159 0.1236 0.0914 0.0978 0.1362 
          69  1 0.1094 0.1167 0.1174 0.1151 0.1022 0.1044 0.0805 0.1135 0.1409 
          70  1 0.1079 0.1362 0.0984 0.1179 0.1395 0.0957 0.0764 0.1072 0.1207 
          71  1 0.1169 0.0860 0.1193 0.1137 0.1122 0.1128 0.0961 0.1085 0.1345 
          72  1 0.1543 0.1643 0.1145 0.0869 0.0999 0.0991 0.0611 0.1003 0.1195 
          73  1 0.0843 0.1312 0.1016 0.1205 0.0834 0.1366 0.1696 0.0977 0.0750 
          74  1 0.1320 0.0649 0.1193 0.1011 0.1202 0.1094 0.0925 0.1086 0.1520 
          75  1 0.1545 0.1528 0.1135 0.0992 0.0994 0.1066 0.0540 0.0977 0.1224 
          76  1 0.0922 0.1032 0.0949 0.1204 0.0852 0.1560 0.1658 0.1050 0.0771 
          77  1 0.1406 0.0685 0.1188 0.0980 0.1219 0.1132 0.0857 0.0960 0.1572 
          78  1 0.0922 0.1334 0.0939 0.1281 0.1609 0.0807 0.0791 0.1211 0.1107 
          79  1 0.1139 0.1202 0.1114 0.1109 0.1180 0.1087 0.0893 0.1220 0.1056 
          80  1 0.0998 0.1748 0.1111 0.1284 0.0963 0.0974 0.0906 0.0965 0.1053 
          81  1 0.0979 0.1170 0.1020 0.1176 0.1281 0.1114 0.0988 0.1403 0.0869 
          82  1 0.0970 0.1263 0.0943 0.1195 0.1442 0.0954 0.0977 0.1170 0.1086 
          83  1 0.0943 0.1432 0.0793 0.1296 0.1457 0.0804 0.0561 0.0965 0.1748 
          84  1 0.1353 0.1523 0.1082 0.1038 0.1056 0.0982 0.0763 0.1033 0.1170 
          85  1 0.0962 0.1380 0.1039 0.0959 0.0880 0.1006 0.1861 0.1161 0.0751 
          86  1 0.0956 0.1037 0.0923 0.1214 0.1045 0.1152 0.1798 0.1133 0.0742 
          87  1 0.1127 0.0881 0.1170 0.1068 0.1175 0.1183 0.1046 0.1357 0.0994 
          88  1 0.1271 0.0903 0.1181 0.1092 0.1294 0.1058 0.0980 0.1076 0.1146 
          89  1 0.1024 0.0875 0.1195 0.1084 0.1077 0.1158 0.1094 0.1384 0.1109 
          90  1 0.1108 0.0994 0.1135 0.0978 0.1215 0.1165 0.1106 0.1265 0.1032 
          91  1 0.1014 0.1001 0.1168 0.1024 0.1071 0.1151 0.1483 0.1229 0.0858 
          92  1 0.1405 0.0702 0.1116 0.1166 0.0999 0.1157 0.0560 0.0779 0.2117 
          93  1 0.1009 0.1759 0.1020 0.1254 0.1066 0.0907 0.1006 0.0937 0.1042 
          94  1 0.1094 0.0928 0.1131 0.1124 0.1237 0.1114 0.1067 0.1275 0.1030 
          95  1 0.1015 0.0954 0.1153 0.1097 0.0995 0.1386 0.1415 0.1159 0.0826 
          96  1 0.1322 0.0927 0.1102 0.1108 0.0990 0.1051 0.0586 0.0831 0.2085 
          97  1 0.0955 0.1571 0.0980 0.1223 0.1309 0.0996 0.0939 0.1010 0.1016 
          98  1 0.1087 0.0937 0.1040 0.1173 0.1325 0.1057 0.1057 0.1166 0.1157 
          99  1 0.1527 0.0529 0.1142 0.1100 0.0887 0.1232 0.0450 0.0736 0.2397 
         100  1 0.1051 0.0923 0.1225 0.1087 0.1157 0.1046 0.1185 0.1388 0.0937 
         101  1 0.1409 0.1369 0.1115 0.0982 0.1050 0.1041 0.0771 0.1117 0.1145 
         102  1 0.1161 0.0930 0.1191 0.1049 0.1272 0.1106 0.1012 0.1306 0.0972 
         103  1 0.1207 0.1066 0.1141 0.1013 0.1085 0.0992 0.1365 0.1162 0.0970 
         104  1 0.0822 0.1603 0.0725 0.1460 0.1521 0.0667 0.0507 0.0974 0.1721 
         105  1 0.0984 0.1314 0.1085 0.1227 0.1144 0.0963 0.1165 0.1125 0.0992 
         106  1 0.1328 0.0801 0.1099 0.1100 0.1042 0.1139 0.1176 0.1065 0.1249 
         107  1 0.1250 0.1075 0.1110 0.1075 0.1164 0.1159 0.1069 0.1170 0.0929 
         108  1 0.1283 0.0777 0.1142 0.1063 0.1159 0.1172 0.0850 0.0970 0.1583 
         109  1 0.1167 0.0834 0.1092 0.1108 0.1146 0.1082 0.0827 0.0998 0.1747 
         110  1 0.0968 0.1507 0.1044 0.1155 0.1065 0.1040 0.1327 0.0975 0.0919 
         111  1 0.1066 0.1179 0.1191 0.1113 0.1030 0.1103 0.1036 0.1241 0.1042 
         112  1 0.1109 0.1227 0.1219 0.1170 0.1026 0.1008 0.0954 0.1169 0.1119 
         113  1 0.1261 0.1023 0.1067 0.1114 0.1340 0.1010 0.0592 0.0947 0.1647 
         114  1 0.0969 0.1244 0.1051 0.1269 0.1216 0.0972 0.0915 0.1288 0.1077 
         115  1 0.0905 0.1135 0.1041 0.1198 0.0799 0.1572 0.1803 0.0934 0.0613 
         116  1 0.1119 0.1252 0.1080 0.1109 0.1266 0.0948 0.0868 0.1169 0.1189 
         117  1 0.1516 0.0521 0.1173 0.1063 0.0870 0.1213 0.0428 0.0665 0.2551 
         118  1 0.1277 0.1054 0.1179 0.1021 0.1143 0.1084 0.0897 0.1355 0.0991 
         119  1 0.0993 0.1283 0.1144 0.1203 0.0968 0.1279 0.1301 0.0992 0.0838 
         120  1 0.1434 0.1243 0.1188 0.1030 0.0965 0.1013 0.0703 0.0875 0.1548 
         121  1 0.1006 0.1343 0.0955 0.1263 0.1398 0.0955 0.0694 0.1202 0.1186 
         122  1 0.0889 0.1424 0.1043 0.1260 0.0872 0.1366 0.1333 0.0928 0.0884 
         123  1 0.1115 0.0957 0.1205 0.1130 0.1246 0.0943 0.1228 0.1092 0.1084 
         124  1 0.1064 0.0941 0.1169 0.1102 0.1118 0.1242 0.1368 0.1177 0.0819 
         125  1 0.1128 0.0836 0.1054 0.1113 0.1397 0.1030 0.1279 0.1351 0.0812 
         126  1 0.1105 0.1089 0.1115 0.1151 0.1201 0.1060 0.0895 0.1135 0.1248 
         127  1 0.0968 0.1320 0.1018 0.1156 0.1335 0.0955 0.1092 0.1219 0.0936 
         128  1 0.1183 0.1190 0.1108 0.1090 0.1002 0.1083 0.0933 0.1289 0.1122 
         129  1 0.1312 0.0846 0.1130 0.1146 0.0964 0.1112 0.0726 0.0844 0.1919 
         130  1 0.1045 0.0978 0.1108 0.1188 0.1108 0.1200 0.1064 0.1411 0.0898 
         131  1 0.0807 0.1910 0.0845 0.1286 0.1422 0.0850 0.0933 0.0857 0.1090 
         132  1 0.1466 0.0636 0.1178 0.1058 0.0923 0.1321 0.0645 0.0809 0.1962 
         133  1 0.0765 0.1202 0.1058 0.1030 0.0762 0.1515 0.1985 0.1111 0.0571 
         134  1 0.0923 0.1447 0.0901 0.1220 0.1514 0.0776 0.0686 0.1068 0.1465 
         135  1 0.1216 0.0803 0.1158 0.1002 0.1241 0.1009 0.1084 0.1221 0.1266 
         136  1 0.1554 0.1428 0.1256 0.0867 0.1004 0.1093 0.0643 0.0996 0.1160 
         137  1 0.1177 0.1017 0.1083 0.1095 0.1214 0.1072 0.0783 0.1092 0.1467 
         138  1 0.0873 0.1395 0.1007 0.0988 0.0885 0.1022 0.2100 0.1024 0.0705 
         139  1 0.1082 0.1408 0.1005 0.1099 0.1244 0.0984 0.1159 0.1134 0.0886 
         140  1 0.0989 0.1312 0.1064 0.1261 0.1291 0.0960 0.0786 0.1092 0.1245 
         141  1 0.1075 0.1060 0.1171 0.1069 0.0932 0.1220 0.1336 0.0993 0.1143 
         142  1 0.0978 0.1394 0.1156 0.1234 0.1018 0.1078 0.1199 0.1058 0.0885 
         143  1 0.0987 0.1216 0.1066 0.1112 0.1188 0.1125 0.0924 0.1451 0.0932 
         144  1 0.1068 0.1877 0.0973 0.1214 0.1284 0.0766 0.0735 0.0987 0.1097 
         145  1 0.1096 0.0878 0.1152 0.1150 0.1109 0.1089 0.1062 0.1142 0.1323 
         146  1 0.1446 0.0715 0.1076 0.1096 0.1047 0.1130 0.0576 0.0726 0.2188 
         147  1 0.0887 0.0970 0.1214 0.1117 0.0999 0.1081 0.1410 0.1356 0.0966 
         148  1 0.1212 0.0806 0.1188 0.1129 0.0987 0.1237 0.0863 0.1034 0.1543 
         149  1 0.1162 0.0881 0.1229 0.1096 0.1102 0.1220 0.0989 0.1301 0.1019 
         150  1 0.1189 0.0887 0.0948 0.1284 0.1370 0.0954 0.1136 0.1268 0.0965 
         151  1 0.1118 0.1346 0.1068 0.1149 0.1257 0.1032 0.0682 0.1237 0.1113 
         152  1 0.1072 0.1097 0.1015 0.1163 0.1308 0.0873 0.0913 0.1202 0.1357 
         153  1 0.1188 0.0875 0.1161 0.1071 0.1209 0.1089 0.1007 0.1260 0.1139 
         154  1 0.1280 0.1263 0.1158 0.1056 0.1121 0.1027 0.0678 0.0988 0.1430 
         155  1 0.1240 0.1375 0.1084 0.0998 0.1042 0.1080 0.0787 0.1242 0.1151 
         156  1 0.1096 0.1047 0.1086 0.1166 0.1173 0.1047 0.0907 0.1228 0.1250 
         157  1 0.1135 0.1021 0.1015 0.1263 0.1234 0.1035 0.0803 0.1056 0.1439 
         158  1 0.1005 0.0970 0.1208 0.1167 0.1135 0.1105 0.1061 0.1300 0.1050 
         159  1 0.0964 0.1067 0.1142 0.1141 0.0945 0.1094 0.1598 0.1204 0.0845 
         160  1 0.1044 0.1389 0.1128 0.1146 0.1040 0.0949 0.1008 0.1224 0.1071 
         161  1 0.1037 0.0940 0.1129 0.1115 0.1098 0.1103 0.1482 0.1272 0.0825 
         162  1 0.1528 0.1328 0.1139 0.0935 0.1155 0.1013 0.0720 0.1087 0.1096 
         163  1 0.1244 0.0873 0.1206 0.1030 0.1199 0.1081 0.1138 0.1314 0.0915 
         164  1 0.1309 0.1300 0.1173 0.1169 0.1190 0.0927 0.0809 0.1086 0.1037 
         165  1 0.1039 0.1056 0.1228 0.1154 0.0841 0.1527 0.1224 0.0987 0.0944 
         166  1 0.1215 0.0747 0.1165 0.1036 0.1269 0.1107 0.1110 0.1232 0.1119 
         167  1 0.1094 0.1075 0.1057 0.1166 0.1340 0.1055 0.0940 0.1102 0.1171 
         168  1 0.1056 0.0986 0.1127 0.1020 0.1193 0.1007 0.1137 0.1431 0.1043 
         169  1 0.0939 0.0942 0.1129 0.1088 0.1179 0.1150 0.1272 0.1369 0.0931 
         170  1 0.1029 0.1500 0.1158 0.1239 0.0926 0.1089 0.1076 0.0961 0.1021 
         171  1 0.1156 0.1101 0.1176 0.1140 0.1171 0.1192 0.0870 0.1029 0.1165 
         172  1 0.1158 0.1161 0.1064 0.1054 0.1239 0.1093 0.0964 0.1344 0.0921 
         173  1 0.1085 0.0994 0.1156 0.1107 0.1089 0.1135 0.0919 0.1291 0.1224 
         174  1 0.1089 0.1034 0.1063 0.1095 0.1144 0.1103 0.1041 0.1336 0.1095 
         175  1 0.1323 0.0875 0.1163 0.1042 0.1232 0.1077 0.0980 0.1209 0.1099 
         176  1 0.1141 0.0802 0.1251 0.1003 0.1148 0.1161 0.0865 0.1254 0.1375 
         177  1 0.1004 0.0961 0.1186 0.1067 0.1276 0.1071 0.1324 0.1251 0.0859 
         178  1 0.1036 0.1094 0.1175 0.1151 0.1164 0.1124 0.0949 0.1399 0.0907 
         179  1 0.1465 0.0773 0.1102 0.1080 0.1225 0.0985 0.1138 0.1078 0.1155 
         180  1 0.0941 0.0952 0.1179 0.1086 0.1065 0.1046 0.1405 0.1380 0.0946 
         181  1 0.1173 0.0780 0.1131 0.1077 0.1231 0.1032 0.1135 0.1289 0.1152 
         182  1 0.1027 0.0990 0.1090 0.1147 0.1139 0.1185 0.1067 0.1362 0.0993 
         183  1 0.1382 0.0641 0.1214 0.0975 0.1027 0.1168 0.0739 0.0851 0.2002 
         184  1 0.1331 0.0880 0.1197 0.1025 0.0944 0.1184 0.0816 0.1106 0.1517 
         185  1 0.1108 0.0916 0.1227 0.0990 0.1180 0.0996 0.0928 0.1223 0.1432 
         186  1 0.1481 0.1535 0.1182 0.0925 0.0994 0.1060 0.0575 0.1062 0.1185 
         187  1 0.1265 0.1022 0.1179 0.1039 0.1222 0.1072 0.0960 0.1188 0.1053 
         188  1 0.1012 0.0955 0.1105 0.1145 0.1065 0.1024 0.1424 0.1193 0.1078 
         189  1 0.0952 0.1038 0.1206 0.1033 0.1119 0.1064 0.1337 0.1386 0.0865 
         190  1 0.1441 0.1633 0.1102 0.0946 0.1112 0.0951 0.0629 0.1032 0.1154 
         191  1 0.1071 0.0819 0.1176 0.1106 0.1103 0.1085 0.1045 0.1148 0.1446 
         192  1 0.1153 0.1015 0.1240 0.1121 0.1132 0.1097 0.1018 0.1292 0.0932 
         193  1 0.1302 0.1466 0.1150 0.0994 0.1089 0.0974 0.0760 0.1114 0.1151 
         194  1 0.1341 0.1599 0.1059 0.1021 0.1030 0.0940 0.0516 0.0927 0.1565 
         195  1 0.1035 0.0933 0.1094 0.1116 0.1065 0.1377 0.1411 0.1110 0.0859 
         196  1 0.1143 0.1063 0.1134 0.1165 0.1171 0.1090 0.1063 0.1376 0.0795 
         197  1 0.1014 0.1263 0.1227 0.1077 0.1352 0.0936 0.1066 0.1184 0.0882 
         198  1 0.1344 0.0665 0.1212 0.1080 0.0910 0.1162 0.0836 0.1028 0.1762 
         199  1 0.1405 0.0980 0.1138 0.1026 0.1119 0.1125 0.0777 0.1054 0.1376 
         200  1 0.1333 0.0735 0.1142 0.0987 0.1340 0.1105 0.1135 0.1237 0.0988 
         201  1 0.1014 0.1337 0.0755 0.1378 0.1441 0.0782 0.0454 0.0884 0.1954 
         202  1 0.1563 0.1472 0.1142 0.0898 0.0975 0.0963 0.0580 0.0916 0.1491 
         203  1 0.1343 0.0740 0.1195 0.0954 0.1205 0.1064 0.0872 0.1150 0.1476 
         204  1 0.1472 0.0726 0.1066 0.1044 0.1039 0.1170 0.0587 0.0877 0.2018 
         205  1 0.0745 0.1556 0.1093 0.1222 0.0501 0.1565 0.2179 0.0763 0.0378 
