           1  1 0.1522 0.1270 0.0777 0.0931 0.0894 0.1151 0.1183 0.1053 0.1219 
           2  1 0.1188 0.1192 0.1002 0.1165 0.1038 0.1116 0.1145 0.1186 0.0967 
           3  1 0.1175 0.1150 0.0945 0.1249 0.1220 0.1200 0.1009 0.1054 0.0999 
           4  1 0.0951 0.1051 0.1464 0.1217 0.1229 0.1048 0.0937 0.1155 0.0949 
           5  1 0.1524 0.1278 0.0955 0.0938 0.0926 0.1023 0.1222 0.1065 0.1069 
           6  1 0.0566 0.0936 0.1958 0.1263 0.0896 0.1234 0.1102 0.0839 0.1207 
           7  1 0.1213 0.1113 0.0919 0.1174 0.1190 0.1141 0.1045 0.1192 0.1014 
           8  1 0.0877 0.1033 0.1390 0.1339 0.1203 0.1104 0.0890 0.1207 0.0957 
           9  1 0.1104 0.1125 0.1098 0.0802 0.1268 0.0830 0.1542 0.1287 0.0944 
          10  1 0.0868 0.0991 0.1422 0.1500 0.1114 0.1070 0.0990 0.1090 0.0955 
          11  1 0.1007 0.1120 0.1343 0.1251 0.1004 0.1116 0.0971 0.1056 0.1130 
          12  1 0.1450 0.1253 0.0839 0.1025 0.0972 0.1398 0.1102 0.0978 0.0982 
          13  1 0.1265 0.1192 0.1110 0.1198 0.1177 0.1161 0.1013 0.1046 0.0837 
          14  1 0.1277 0.1230 0.0994 0.1021 0.1186 0.0902 0.1306 0.1154 0.0930 
          15  1 0.2000 0.1359 0.0814 0.0816 0.0753 0.1050 0.1379 0.0858 0.0972 
          16  1 0.0884 0.1030 0.1301 0.1279 0.0980 0.1101 0.1103 0.1025 0.1297 
          17  1 0.1050 0.1042 0.1111 0.1040 0.1460 0.0899 0.1281 0.1228 0.0889 
          18  1 0.1099 0.1173 0.0990 0.1083 0.1224 0.1046 0.1106 0.1267 0.1012 
          19  1 0.0945 0.1119 0.1095 0.1266 0.1152 0.1125 0.1076 0.1223 0.1001 
          20  1 0.1138 0.1172 0.1114 0.1166 0.1308 0.0996 0.1059 0.1089 0.0957 
          21  1 0.1490 0.1296 0.0987 0.1012 0.0800 0.1313 0.1168 0.0896 0.1038 
          22  1 0.0695 0.0977 0.1506 0.1121 0.0831 0.1165 0.1294 0.0869 0.1541 
          23  1 0.0519 0.0960 0.2260 0.1328 0.0843 0.1153 0.0984 0.0763 0.1190 
          24  1 0.1108 0.0930 0.0949 0.1132 0.1054 0.1134 0.1033 0.1150 0.1508 
          25  1 0.1280 0.1138 0.0820 0.1137 0.1028 0.1119 0.1004 0.1226 0.1247 
          26  1 0.1062 0.1228 0.1063 0.1100 0.1007 0.1158 0.1065 0.1083 0.1234 
          27  1 0.0571 0.0963 0.1947 0.1285 0.0850 0.1241 0.1017 0.0875 0.1252 
          28  1 0.1094 0.1086 0.1010 0.1107 0.1147 0.1214 0.0991 0.1186 0.1164 
          29  1 0.0879 0.0762 0.1299 0.1084 0.0867 0.1171 0.1211 0.0958 0.1770 
          30  1 0.0779 0.1019 0.1462 0.1083 0.0948 0.1208 0.1044 0.0982 0.1475 
          31  1 0.0505 0.1093 0.1762 0.1048 0.0725 0.1025 0.1313 0.0910 0.1620 
          32  1 0.0933 0.0956 0.1120 0.0990 0.0828 0.1262 0.0935 0.0841 0.2135 
          33  1 0.1139 0.1207 0.0908 0.1084 0.1014 0.1138 0.1209 0.1400 0.0902 
          34  1 0.0652 0.1086 0.1491 0.1089 0.0815 0.1097 0.1299 0.0897 0.1574 
          35  1 0.0954 0.1051 0.1069 0.1231 0.1127 0.1156 0.1056 0.1242 0.1115 
          36  1 0.1055 0.0917 0.1037 0.1097 0.0769 0.1252 0.1047 0.0913 0.1913 
          37  1 0.0580 0.0994 0.1851 0.1169 0.0830 0.1225 0.1107 0.0880 0.1364 
          38  1 0.0841 0.1140 0.1270 0.1175 0.1005 0.1041 0.1049 0.1136 0.1342 
          39  1 0.0827 0.0990 0.1166 0.1262 0.0964 0.1220 0.1111 0.1037 0.1424 
          40  1 0.1110 0.1141 0.1024 0.1126 0.1115 0.1151 0.1055 0.1302 0.0977 
          41  1 0.0774 0.1051 0.1327 0.1072 0.0906 0.1094 0.1222 0.0950 0.1605 
          42  1 0.1188 0.1109 0.0943 0.1100 0.0848 0.1244 0.1215 0.1044 0.1310 
          43  1 0.0744 0.0981 0.1434 0.0954 0.0821 0.1240 0.1310 0.0885 0.1632 
          44  1 0.1068 0.0987 0.1046 0.1098 0.1049 0.1222 0.1026 0.1128 0.1375 
          45  1 0.0631 0.1129 0.1732 0.1080 0.0762 0.1039 0.1160 0.0982 0.1484 
          46  1 0.0782 0.0807 0.1488 0.1279 0.0867 0.1312 0.1120 0.0867 0.1477 
          47  1 0.0901 0.1036 0.1291 0.1147 0.0964 0.1167 0.1190 0.1121 0.1183 
          48  1 0.0849 0.0900 0.1364 0.0835 0.1014 0.1072 0.1482 0.0992 0.1491 
          49  1 0.0811 0.0999 0.1266 0.1050 0.0963 0.1031 0.1255 0.1054 0.1571 
          50  1 0.1052 0.1008 0.1015 0.1342 0.1148 0.1061 0.1031 0.1171 0.1172 
          51  1 0.0867 0.1018 0.1243 0.1247 0.0915 0.1265 0.1128 0.0998 0.1320 
          52  1 0.0890 0.0916 0.1328 0.1091 0.0958 0.1177 0.1302 0.0984 0.1353 
          53  1 0.0840 0.0954 0.1103 0.1159 0.1008 0.1176 0.1279 0.1141 0.1341 
          54  1 0.0602 0.1005 0.1683 0.1198 0.0814 0.1192 0.1224 0.0880 0.1402 
          55  1 0.1139 0.1060 0.1059 0.0942 0.1241 0.1033 0.1285 0.1215 0.1025 
          56  1 0.1119 0.1165 0.0914 0.1093 0.1112 0.1075 0.1173 0.1264 0.1084 
          57  1 0.0953 0.1092 0.1183 0.1130 0.1351 0.1071 0.1071 0.1263 0.0886 
          58  1 0.1015 0.1077 0.1316 0.1261 0.1279 0.1025 0.0941 0.1209 0.0877 
          59  1 0.0955 0.1114 0.0874 0.1339 0.1110 0.1136 0.1062 0.1379 0.1030 
          60  1 0.0955 0.1094 0.1082 0.0944 0.1538 0.0844 0.1471 0.1186 0.0886 
          61  1 0.0979 0.1089 0.0990 0.0813 0.1587 0.0735 0.1661 0.1277 0.0869 
          62  1 0.1397 0.1164 0.0791 0.1043 0.0977 0.1194 0.1280 0.1135 0.1019 
          63  1 0.1068 0.1196 0.0931 0.1166 0.1238 0.1229 0.1009 0.1143 0.1021 
          64  1 0.1196 0.1196 0.0955 0.1128 0.1134 0.1138 0.0989 0.1133 0.1131 
          65  1 0.0972 0.1054 0.1059 0.1291 0.1173 0.1231 0.1043 0.1252 0.0925 
          66  1 0.1115 0.1056 0.1219 0.1102 0.1303 0.1083 0.1015 0.1136 0.0971 
          67  1 0.1112 0.1143 0.1015 0.1077 0.1377 0.1049 0.1160 0.1109 0.0959 
          68  1 0.1447 0.1269 0.0822 0.1017 0.1005 0.1160 0.1211 0.1130 0.0939 
          69  1 0.1173 0.1152 0.1064 0.1013 0.1360 0.0931 0.1194 0.1120 0.0993 
          70  1 0.1106 0.1146 0.1111 0.1162 0.1259 0.1004 0.1030 0.1128 0.1053 
          71  1 0.1346 0.1189 0.0947 0.1007 0.1056 0.1293 0.1087 0.1063 0.1012 
          72  1 0.0899 0.1125 0.1074 0.0766 0.1707 0.0624 0.1759 0.1224 0.0822 
          73  1 0.0712 0.0981 0.1483 0.1300 0.0916 0.1233 0.1140 0.0985 0.1249 
          74  1 0.1538 0.1218 0.0814 0.1040 0.0965 0.1279 0.1178 0.1121 0.0847 
          75  1 0.1064 0.1104 0.1045 0.0768 0.1547 0.0684 0.1631 0.1281 0.0876 
          76  1 0.0909 0.1114 0.1348 0.1153 0.0937 0.1066 0.1121 0.1086 0.1266 
          77  1 0.1604 0.1219 0.0891 0.0983 0.0856 0.1279 0.1296 0.0951 0.0922 
          78  1 0.1193 0.1154 0.0976 0.1135 0.1120 0.1165 0.0841 0.1088 0.1329 
          79  1 0.1010 0.1070 0.1068 0.1092 0.1380 0.1051 0.1151 0.1169 0.1008 
          80  1 0.0908 0.0971 0.1310 0.0853 0.1024 0.1094 0.1188 0.0963 0.1689 
          81  1 0.1091 0.1090 0.1202 0.1172 0.1341 0.1082 0.0874 0.1133 0.1015 
          82  1 0.1100 0.1008 0.0956 0.1352 0.1213 0.1185 0.0858 0.1120 0.1207 
          83  1 0.1296 0.1219 0.0910 0.0967 0.0994 0.1243 0.0985 0.1069 0.1317 
          84  1 0.1000 0.1063 0.1189 0.0810 0.1364 0.0744 0.1549 0.1277 0.1004 
          85  1 0.0908 0.1013 0.1690 0.1539 0.1164 0.1023 0.0735 0.1106 0.0822 
          86  1 0.0893 0.1083 0.1288 0.1277 0.1026 0.1208 0.1008 0.1026 0.1192 
          87  1 0.1173 0.1079 0.1037 0.1199 0.1269 0.1143 0.0949 0.1127 0.1023 
          88  1 0.1183 0.1100 0.0930 0.1210 0.1172 0.1189 0.1085 0.1184 0.0945 
          89  1 0.1172 0.1183 0.1085 0.1136 0.1236 0.1058 0.0940 0.1202 0.0988 
          90  1 0.1190 0.1124 0.1250 0.1300 0.1253 0.1081 0.0870 0.1044 0.0888 
          91  1 0.0969 0.1184 0.1284 0.1325 0.1075 0.1064 0.0950 0.1168 0.0981 
          92  1 0.1841 0.1284 0.0938 0.0798 0.0703 0.1240 0.1348 0.0853 0.0994 
          93  1 0.0941 0.0888 0.1179 0.0969 0.0978 0.1189 0.1135 0.0955 0.1764 
          94  1 0.1067 0.1011 0.1007 0.1279 0.1269 0.1105 0.1023 0.1225 0.1015 
          95  1 0.1014 0.1120 0.1184 0.1218 0.1074 0.1158 0.0978 0.1233 0.1020 
          96  1 0.1588 0.1343 0.0897 0.0767 0.0826 0.1215 0.1354 0.0990 0.1020 
          97  1 0.0994 0.1028 0.1064 0.1114 0.1021 0.1203 0.1028 0.1003 0.1545 
          98  1 0.1118 0.1083 0.1009 0.1240 0.1123 0.1142 0.0995 0.1150 0.1139 
          99  1 0.2077 0.1416 0.0761 0.0653 0.0572 0.1299 0.1508 0.0826 0.0887 
         100  1 0.1019 0.1011 0.1161 0.1257 0.1228 0.1130 0.0908 0.1312 0.0974 
         101  1 0.1058 0.1055 0.1151 0.0860 0.1254 0.0898 0.1468 0.1283 0.0973 
         102  1 0.1200 0.1103 0.1036 0.1130 0.1262 0.1036 0.1078 0.1235 0.0919 
         103  1 0.1062 0.1045 0.1237 0.1199 0.1146 0.1069 0.1072 0.1218 0.0950 
         104  1 0.1245 0.1152 0.0932 0.0896 0.1056 0.1246 0.0900 0.1067 0.1506 
         105  1 0.1063 0.0943 0.1094 0.1163 0.1095 0.1194 0.0964 0.1185 0.1299 
         106  1 0.1488 0.1148 0.0959 0.0909 0.0969 0.1166 0.1334 0.1046 0.0982 
         107  1 0.0971 0.1129 0.1017 0.1163 0.1126 0.1099 0.1262 0.1148 0.1085 
         108  1 0.1521 0.1228 0.0861 0.0884 0.1023 0.1121 0.1356 0.1003 0.1002 
         109  1 0.1466 0.1276 0.0879 0.0840 0.0816 0.1234 0.1266 0.1007 0.1215 
         110  1 0.0924 0.0898 0.1187 0.1169 0.0936 0.1263 0.1101 0.0974 0.1548 
         111  1 0.1099 0.1139 0.1133 0.1042 0.1395 0.0985 0.1108 0.1138 0.0960 
         112  1 0.1031 0.1095 0.1208 0.1185 0.1241 0.0982 0.1029 0.1167 0.1061 
         113  1 0.1743 0.1328 0.0896 0.0818 0.0838 0.1116 0.1295 0.0869 0.1097 
         114  1 0.0944 0.1097 0.1105 0.1251 0.1348 0.1008 0.0974 0.1203 0.1071 
         115  1 0.0720 0.1051 0.1436 0.1045 0.0834 0.1080 0.1298 0.1061 0.1476 
         116  1 0.1085 0.1180 0.1074 0.1052 0.1237 0.0938 0.1164 0.1174 0.1096 
         117  1 0.2127 0.1533 0.0689 0.0590 0.0480 0.1239 0.1645 0.0779 0.0919 
         118  1 0.1009 0.1132 0.0961 0.1133 0.1273 0.1104 0.1213 0.1254 0.0921 
         119  1 0.0818 0.0988 0.1257 0.1122 0.1019 0.1101 0.1162 0.1038 0.1495 
         120  1 0.1304 0.1126 0.0937 0.0749 0.1198 0.0965 0.1652 0.1164 0.0906 
         121  1 0.1258 0.1096 0.0884 0.1065 0.1133 0.1077 0.0986 0.1118 0.1384 
         122  1 0.0834 0.0978 0.1335 0.1094 0.0890 0.1039 0.1192 0.1066 0.1573 
         123  1 0.1206 0.0995 0.1198 0.1359 0.1172 0.1116 0.0988 0.1110 0.0856 
         124  1 0.0995 0.1179 0.1113 0.1127 0.1114 0.1177 0.1035 0.1143 0.1117 
         125  1 0.1115 0.1054 0.0986 0.1316 0.1240 0.1106 0.0953 0.1258 0.0971 
         126  1 0.1200 0.1190 0.0919 0.1105 0.1212 0.1112 0.1069 0.1129 0.1063 
         127  1 0.1019 0.1048 0.1318 0.1382 0.1282 0.0998 0.0837 0.1068 0.1048 
         128  1 0.0982 0.1166 0.1144 0.1051 0.1405 0.0837 0.1325 0.1255 0.0834 
         129  1 0.1845 0.1270 0.0929 0.0765 0.0791 0.1175 0.1360 0.0939 0.0925 
         130  1 0.1095 0.1130 0.1005 0.1130 0.1402 0.1013 0.0949 0.1140 0.1135 
         131  1 0.1083 0.0961 0.1052 0.1061 0.0903 0.1199 0.0960 0.0932 0.1849 
         132  1 0.1866 0.1320 0.0755 0.0773 0.0771 0.1269 0.1429 0.0974 0.0843 
         133  1 0.0670 0.1074 0.1569 0.1392 0.0925 0.1211 0.1034 0.0963 0.1163 
         134  1 0.1193 0.1152 0.1012 0.0970 0.1116 0.1306 0.0890 0.1036 0.1326 
         135  1 0.1121 0.1171 0.0929 0.1148 0.1194 0.1147 0.1124 0.1134 0.1033 
         136  1 0.1004 0.1072 0.1120 0.0840 0.1581 0.0733 0.1497 0.1291 0.0861 
         137  1 0.1372 0.1116 0.1004 0.1018 0.1095 0.1131 0.1125 0.1033 0.1105 
         138  1 0.0854 0.1058 0.1685 0.1453 0.1170 0.1126 0.0716 0.1052 0.0886 
         139  1 0.0944 0.0895 0.1020 0.1203 0.1020 0.1251 0.1072 0.1169 0.1426 
         140  1 0.1225 0.1121 0.1023 0.1102 0.1233 0.1017 0.1008 0.1090 0.1182 
         141  1 0.1242 0.1157 0.1068 0.0940 0.1046 0.0993 0.1237 0.1070 0.1248 
         142  1 0.0916 0.0964 0.1248 0.1133 0.1127 0.1036 0.1139 0.1023 0.1414 
         143  1 0.1068 0.1166 0.1248 0.1110 0.1384 0.0879 0.0919 0.1234 0.0992 
         144  1 0.0975 0.0974 0.1136 0.0880 0.1166 0.1030 0.1253 0.0996 0.1589 
         145  1 0.1176 0.1076 0.1210 0.1100 0.1214 0.1121 0.1021 0.1208 0.0874 
         146  1 0.1982 0.1319 0.0874 0.0698 0.0684 0.1150 0.1518 0.0817 0.0959 
         147  1 0.0991 0.1060 0.1443 0.1222 0.1193 0.1115 0.0851 0.1217 0.0909 
         148  1 0.1364 0.1182 0.0956 0.0955 0.1065 0.1253 0.1155 0.1161 0.0910 
         149  1 0.1200 0.1125 0.0926 0.1169 0.1200 0.1124 0.1055 0.1225 0.0977 
         150  1 0.1134 0.1017 0.0818 0.1394 0.1019 0.1168 0.0994 0.1339 0.1115 
         151  1 0.1260 0.1249 0.0995 0.1001 0.1191 0.0997 0.1127 0.1057 0.1123 
         152  1 0.1139 0.1099 0.0956 0.1201 0.1228 0.1335 0.0991 0.1047 0.1004 
         153  1 0.1181 0.1156 0.0944 0.1105 0.1177 0.1199 0.1081 0.1212 0.0944 
         154  1 0.1172 0.1144 0.0941 0.0938 0.1385 0.0895 0.1361 0.1145 0.1020 
         155  1 0.1058 0.1118 0.1031 0.0980 0.1490 0.0827 0.1384 0.1208 0.0904 
         156  1 0.1235 0.1168 0.1043 0.1071 0.1175 0.1074 0.1012 0.1101 0.1121 
         157  1 0.1409 0.1145 0.0869 0.1085 0.1017 0.1232 0.1005 0.1055 0.1183 
         158  1 0.1024 0.1097 0.1024 0.1082 0.1355 0.1137 0.0984 0.1239 0.1059 
         159  1 0.0923 0.1133 0.1406 0.1250 0.1029 0.1091 0.0939 0.1255 0.0974 
         160  1 0.0933 0.1118 0.1322 0.1210 0.1356 0.0900 0.1106 0.1104 0.0951 
         161  1 0.0950 0.1065 0.1295 0.1247 0.1049 0.1164 0.1006 0.1248 0.0976 
         162  1 0.1154 0.1207 0.0909 0.0857 0.1378 0.0811 0.1455 0.1305 0.0925 
         163  1 0.1059 0.1100 0.0955 0.1222 0.1202 0.1144 0.1092 0.1226 0.1001 
         164  1 0.1188 0.1095 0.0945 0.1021 0.1226 0.0961 0.1230 0.1202 0.1132 
         165  1 0.0908 0.1091 0.1180 0.0980 0.1115 0.0987 0.1261 0.1241 0.1237 
         166  1 0.1260 0.1150 0.0873 0.1200 0.0943 0.1288 0.1052 0.1220 0.1015 
         167  1 0.1218 0.1051 0.1009 0.1156 0.1211 0.1139 0.1011 0.1092 0.1113 
         168  1 0.0940 0.1209 0.1205 0.1152 0.1239 0.1005 0.1112 0.1208 0.0931 
         169  1 0.1009 0.1161 0.1185 0.1288 0.1207 0.1155 0.0852 0.1205 0.0939 
         170  1 0.0922 0.0919 0.1183 0.0980 0.1067 0.1095 0.1289 0.1046 0.1500 
         171  1 0.1244 0.1206 0.1004 0.0945 0.1130 0.1058 0.1046 0.1224 0.1144 
         172  1 0.1035 0.1196 0.1002 0.1099 0.1306 0.0995 0.1169 0.1182 0.1017 
         173  1 0.1297 0.1071 0.1057 0.1111 0.1178 0.1063 0.1010 0.1110 0.1103 
         174  1 0.0990 0.1156 0.1156 0.1213 0.1297 0.1170 0.0992 0.1111 0.0914 
         175  1 0.1062 0.1073 0.0914 0.1180 0.1140 0.1359 0.1090 0.1197 0.0985 
         176  1 0.1331 0.1248 0.1002 0.1237 0.1110 0.1185 0.0900 0.1105 0.0882 
         177  1 0.1021 0.1121 0.1110 0.1263 0.1240 0.1115 0.0999 0.1185 0.0947 
         178  1 0.1201 0.1129 0.1132 0.1150 0.1325 0.0919 0.0927 0.1234 0.0983 
         179  1 0.1496 0.1178 0.0796 0.1011 0.0996 0.1074 0.1189 0.1140 0.1120 
         180  1 0.0959 0.1159 0.1288 0.1243 0.1100 0.1180 0.0968 0.1200 0.0903 
         181  1 0.1125 0.1051 0.0904 0.1242 0.1235 0.1268 0.0926 0.1193 0.1055 
         182  1 0.1224 0.1095 0.1028 0.1234 0.1309 0.1117 0.0813 0.1152 0.1028 
         183  1 0.1874 0.1335 0.0778 0.0743 0.0779 0.1269 0.1427 0.0884 0.0911 
         184  1 0.1420 0.1285 0.0844 0.1046 0.0990 0.1281 0.1141 0.1068 0.0926 
         185  1 0.1198 0.1098 0.0921 0.1172 0.1159 0.1312 0.1022 0.1145 0.0973 
         186  1 0.1020 0.1022 0.1007 0.0690 0.1560 0.0708 0.1695 0.1345 0.0953 
         187  1 0.1055 0.1144 0.1007 0.1144 0.1327 0.1065 0.1114 0.1193 0.0951 
         188  1 0.1063 0.1003 0.1285 0.1309 0.1196 0.1125 0.0964 0.1168 0.0888 
         189  1 0.1121 0.1120 0.1343 0.1356 0.1329 0.1003 0.0770 0.1052 0.0906 
         190  1 0.0989 0.1080 0.1037 0.0803 0.1446 0.0784 0.1689 0.1271 0.0901 
         191  1 0.1157 0.1089 0.1127 0.1137 0.1089 0.1207 0.1011 0.1186 0.0996 
         192  1 0.1173 0.1070 0.1209 0.1239 0.1243 0.1027 0.0971 0.1180 0.0887 
         193  1 0.1089 0.1036 0.1078 0.0803 0.1519 0.0816 0.1425 0.1313 0.0922 
         194  1 0.1091 0.1081 0.0954 0.0712 0.1406 0.0823 0.1641 0.1195 0.1097 
         195  1 0.0888 0.1059 0.1148 0.1224 0.0981 0.1055 0.1121 0.1234 0.1290 
         196  1 0.1098 0.1178 0.1050 0.1119 0.1216 0.1041 0.1027 0.1203 0.1069 
         197  1 0.1106 0.0956 0.1117 0.1326 0.1181 0.1038 0.0939 0.1179 0.1157 
         198  1 0.1542 0.1318 0.0961 0.0988 0.0817 0.1279 0.1251 0.0966 0.0879 
         199  1 0.1323 0.1206 0.0854 0.0883 0.1165 0.1051 0.1374 0.1146 0.0998 
         200  1 0.1034 0.1111 0.0844 0.1247 0.1131 0.1377 0.1081 0.1197 0.0978 
         201  1 0.1400 0.1195 0.0907 0.0733 0.0967 0.1152 0.1139 0.1083 0.1424 
         202  1 0.1076 0.1065 0.0922 0.0648 0.1421 0.0804 0.1769 0.1278 0.1017 
         203  1 0.1377 0.1195 0.0826 0.1147 0.0992 0.1394 0.1056 0.1065 0.0948 
         204  1 0.1700 0.1357 0.0862 0.0887 0.0773 0.1287 0.1202 0.0908 0.1025 
         205  1 0.0469 0.0978 0.1945 0.1207 0.0786 0.1302 0.1189 0.0794 0.1330 
