 1:   0.7057  0.0741  0.2202  1
 2:   0.7320  0.2520  0.0160  1
 3:   0.0290  0.9470  0.0240  1
 4:   0.8440  0.0060  0.1500  1
 5:   0.7890  0.2020  0.0090  1
 6:   0.4080  0.5690  0.0230  1
 7:   0.9780  0.0160  0.0060  1
 8:   0.6553  0.0070  0.3377  1
 9:   0.9210  0.0110  0.0680  1
10:   0.9060  0.0710  0.0230  1
11:   0.4110  0.0150  0.5740  1
12:   0.0140  0.0110  0.9750  1
13:   0.9670  0.0110  0.0220  1
14:   0.9140  0.0140  0.0720  1
15:   0.9770  0.0140  0.0090  1
16:   0.8601  0.1339  0.0060  1
17:   0.9660  0.0290  0.0050  1
18:   0.9111  0.0769  0.0120  1
19:   0.9480  0.0440  0.0080  1
20:   0.9820  0.0110  0.0070  1
21:   0.2062  0.0480  0.7457  1
22:   0.0030  0.0030  0.9940  1
23:   0.1640  0.0290  0.8070  1
24:   0.1632  0.0070  0.8298  1
25:   0.0300  0.0150  0.9550  1
26:   0.9650  0.0290  0.0060  1
27:   0.2780  0.0060  0.7160  1
28:   0.1269  0.0190  0.8541  1
29:   0.0270  0.0070  0.9660  1
30:   0.1860  0.0130  0.8010  1
31:   0.3420  0.0200  0.6380  1
32:   0.9750  0.0170  0.0080  1
33:   0.0840  0.0530  0.8630  1
34:   0.9530  0.0350  0.0120  1
35:   0.0120  0.0140  0.9740  1
36:   0.0130  0.9810  0.0060  1
37:   0.9610  0.0250  0.0140  1
38:   0.9820  0.0130  0.0050  1
39:   0.0080  0.0060  0.9860  1
40:   0.3210  0.0240  0.6550  1
41:   0.9730  0.0120  0.0150  1
42:   0.1450  0.0070  0.8480  1
43:   0.3207  0.0090  0.6703  1
44:   0.1180  0.0170  0.8650  1
45:   0.2620  0.0130  0.7250  1
46:   0.9830  0.0100  0.0070  1
47:   0.9200  0.0510  0.0290  1
48:   0.0050  0.0060  0.9890  1
49:   0.1380  0.8530  0.0090  1
50:   0.2860  0.7030  0.0110  1
51:   0.0210  0.9720  0.0070  1
52:   0.9490  0.0190  0.0320  1
53:   0.1610  0.8320  0.0070  1
54:   0.0080  0.9820  0.0100  1
55:   0.0130  0.9720  0.0150  1
56:   0.0560  0.9250  0.0190  1
57:   0.9339  0.0140  0.0521  1
58:   0.0820  0.9090  0.0090  1
59:   0.0210  0.0210  0.9580  1
60:   0.1201  0.0300  0.8498  1
61:   0.2870  0.0290  0.6840  1
62:   0.8860  0.0410  0.0730  1
63:   0.9580  0.0260  0.0160  1
64:   0.0300  0.9650  0.0050  1
65:   0.2382  0.7027  0.0591  1
66:   0.0320  0.8920  0.0760  1
67:   0.9300  0.0310  0.0390  1
68:   0.0110  0.9760  0.0130  1
69:   0.9680  0.0220  0.0100  1
70:   0.9660  0.0190  0.0150  1
71:   0.1369  0.5435  0.3197  1
72:   0.8889  0.0050  0.1061  1
73:   0.7632  0.0839  0.1528  1
74:   0.9570  0.0080  0.0350  1
75:   0.3670  0.0170  0.6160  1
76:   0.9450  0.0480  0.0070  1
77:   0.9560  0.0090  0.0350  1
78:   0.9071  0.0090  0.0839  1
79:   0.5826  0.3694  0.0480  1
80:   0.7762  0.2178  0.0060  1
81:   0.8850  0.0830  0.0320  1
82:   0.9740  0.0130  0.0130  1
83:   0.9481  0.0120  0.0400  1
84:   0.9140  0.0140  0.0720  1
85:   0.7463  0.0180  0.2358  1
86:   0.7490  0.0180  0.2330  1
87:   0.9750  0.0160  0.0090  1
88:   0.8800  0.0700  0.0500  1

 1:   0.7240  0.0670  0.2090  1
 2:   0.7330  0.2520  0.0150  1
 3:   0.0270  0.9499  0.0230  1
 4:   0.8450  0.0070  0.1480  1
 5:   0.7830  0.2090  0.0080  1
 6:   0.4080  0.5700  0.0220  1
 7:   0.9790  0.0150  0.0060  1
 8:   0.6550  0.0060  0.3390  1
 9:   0.9260  0.0110  0.0630  1
10:   0.9001  0.0739  0.0260  1
11:   0.3930  0.0150  0.5920  1
12:   0.0150  0.0110  0.9740  1
13:   0.9670  0.0110  0.0220  1
14:   0.9140  0.0140  0.0720  1
15:   0.9770  0.0140  0.0090  1
16:   0.8579  0.1371  0.0050  1
17:   0.9680  0.0270  0.0050  1
18:   0.9100  0.0780  0.0120  1
19:   0.9470  0.0450  0.0080  1
20:   0.9820  0.0100  0.0080  1
21:   0.1940  0.0510  0.7550  1
22:   0.0030  0.0030  0.9940  1
23:   0.1530  0.0310  0.8160  1
24:   0.1552  0.0070  0.8378  1
25:   0.0290  0.0140  0.9570  1
26:   0.9630  0.0310  0.0060  1
27:   0.2710  0.0060  0.7230  1
28:   0.1190  0.0180  0.8630  1
29:   0.0280  0.0060  0.9660  1
30:   0.1710  0.0120  0.8170  1
31:   0.3330  0.0220  0.6450  1
32:   0.9760  0.0160  0.0080  1
33:   0.0780  0.0520  0.8700  1
34:   0.9530  0.0350  0.0120  1
35:   0.0120  0.0140  0.9740  1
36:   0.0130  0.9810  0.0060  1
37:   0.9640  0.0220  0.0140  1
38:   0.9820  0.0130  0.0050  1
39:   0.0080  0.0070  0.9850  1
40:   0.3083  0.0260  0.6657  1
41:   0.9740  0.0110  0.0150  1
42:   0.1399  0.0070  0.8531  1
43:   0.3157  0.0090  0.6753  1
44:   0.1141  0.0170  0.8689  1
45:   0.2517  0.0130  0.7353  1
46:   0.9830  0.0100  0.0070  1
47:   0.9170  0.0540  0.0290  1
48:   0.0050  0.0060  0.9890  1
49:   0.1410  0.8500  0.0090  1
50:   0.2897  0.6993  0.0110  1
51:   0.0210  0.9730  0.0060  1
52:   0.9500  0.0180  0.0320  1
53:   0.1612  0.8318  0.0070  1
54:   0.0080  0.9820  0.0100  1
55:   0.0120  0.9730  0.0150  1
56:   0.0560  0.9240  0.0200  1
57:   0.9280  0.0150  0.0570  1
58:   0.0780  0.9130  0.0090  1
59:   0.0200  0.0200  0.9600  1
60:   0.1140  0.0280  0.8580  1
61:   0.2870  0.0260  0.6870  1
62:   0.8830  0.0420  0.0750  1
63:   0.9570  0.0280  0.0150  1
64:   0.0300  0.9650  0.0050  1
65:   0.2420  0.7000  0.0580  1
66:   0.0320  0.8890  0.0790  1
67:   0.9330  0.0310  0.0360  1
68:   0.0120  0.9740  0.0140  1
69:   0.9690  0.0210  0.0100  1
70:   0.9660  0.0190  0.0150  1
71:   0.1480  0.5340  0.3180  1
72:   0.8910  0.0050  0.1040  1
73:   0.7510  0.0880  0.1610  1
74:   0.9580  0.0080  0.0340  1
75:   0.3630  0.0170  0.6200  1
76:   0.9430  0.0500  0.0070  1
77:   0.9580  0.0090  0.0330  1
78:   0.9100  0.0080  0.0820  1
79:   0.5880  0.3640  0.0480  1
80:   0.7738  0.2212  0.0050  1
81:   0.8840  0.0840  0.0320  1
82:   0.9730  0.0140  0.0130  1
83:   0.9510  0.0110  0.0380  1
84:   0.9160  0.0130  0.0710  1
85:   0.7490  0.0160  0.2350  1
86:   0.7480  0.0190  0.2330  1
87:   0.9750  0.0160  0.0090  1
88:   0.8819  0.0691  0.0490  1

 1:   0.7060  0.0750  0.2190  1
 2:   0.7350  0.2500  0.0150  1
 3:   0.0280  0.9490  0.0230  1
 4:   0.8550  0.0060  0.1390  1
 5:   0.7820  0.2090  0.0090  1
 6:   0.4110  0.5670  0.0220  1
 7:   0.9780  0.0160  0.0060  1
 8:   0.6547  0.0060  0.3393  1
 9:   0.9250  0.0110  0.0640  1
10:   0.9050  0.0710  0.0240  1
11:   0.4170  0.0140  0.5690  1
12:   0.0150  0.0110  0.9740  1
13:   0.9670  0.0110  0.0220  1
14:   0.9160  0.0150  0.0690  1
15:   0.9760  0.0150  0.0090  1
16:   0.8501  0.1439  0.0060  1
17:   0.9650  0.0300  0.0050  1
18:   0.9100  0.0780  0.0120  1
19:   0.9500  0.0420  0.0080  1
20:   0.9820  0.0110  0.0070  1
21:   0.2080  0.0500  0.7420  1
22:   0.0030  0.0030  0.9940  1
23:   0.1552  0.0310  0.8138  1
24:   0.1600  0.0070  0.8330  1
25:   0.0290  0.0150  0.9560  1
26:   0.9620  0.0320  0.0060  1
27:   0.2813  0.0060  0.7127  1
28:   0.1260  0.0180  0.8560  1
29:   0.0280  0.0070  0.9650  1
30:   0.1760  0.0130  0.8110  1
31:   0.3480  0.0200  0.6320  1
32:   0.9760  0.0160  0.0080  1
33:   0.0810  0.0540  0.8650  1
34:   0.9550  0.0330  0.0120  1
35:   0.0120  0.0140  0.9740  1
36:   0.0130  0.9810  0.0060  1
37:   0.9630  0.0230  0.0140  1
38:   0.9810  0.0140  0.0050  1
39:   0.0080  0.0070  0.9850  1
40:   0.3100  0.0290  0.6610  1
41:   0.9740  0.0120  0.0140  1
42:   0.1400  0.0070  0.8530  1
43:   0.3170  0.0090  0.6740  1
44:   0.1169  0.0180  0.8651  1
45:   0.2630  0.0130  0.7240  1
46:   0.9830  0.0100  0.0070  1
47:   0.9141  0.0569  0.0290  1
48:   0.0050  0.0060  0.9890  1
49:   0.1359  0.8551  0.0090  1
50:   0.2780  0.7100  0.0120  1
51:   0.0210  0.9730  0.0060  1
52:   0.9510  0.0180  0.0310  1
53:   0.1600  0.8330  0.0070  1
54:   0.0070  0.9830  0.0100  1
55:   0.0130  0.9730  0.0140  1
56:   0.0590  0.9220  0.0190  1
57:   0.9330  0.0150  0.0520  1
58:   0.0850  0.9060  0.0090  1
59:   0.0220  0.0210  0.9570  1
60:   0.1169  0.0290  0.8541  1
61:   0.2937  0.0260  0.6803  1
62:   0.8900  0.0390  0.0710  1
63:   0.9570  0.0270  0.0160  1
64:   0.0290  0.9660  0.0050  1
65:   0.2440  0.6990  0.0570  1
66:   0.0340  0.8890  0.0770  1
67:   0.9330  0.0300  0.0370  1
68:   0.0110  0.9760  0.0130  1
69:   0.9690  0.0210  0.0100  1
70:   0.9670  0.0180  0.0150  1
71:   0.1430  0.5390  0.3180  1
72:   0.8879  0.0050  0.1071  1
73:   0.7680  0.0820  0.1500  1
74:   0.9590  0.0080  0.0330  1
75:   0.3660  0.0170  0.6170  1
76:   0.9430  0.0500  0.0070  1
77:   0.9550  0.0100  0.0350  1
78:   0.9139  0.0080  0.0781  1
79:   0.5730  0.3790  0.0480  1
80:   0.7768  0.2182  0.0050  1
81:   0.8840  0.0850  0.0310  1
82:   0.9740  0.0130  0.0130  1
83:   0.9500  0.0110  0.0390  1
84:   0.9200  0.0140  0.0660  1
85:   0.7510  0.0160  0.2330  1
86:   0.7528  0.0180  0.2292  1
87:   0.9750  0.0160  0.0090  1
88:   0.8800  0.0730  0.0470  1

 1:   0.7407  0.0621  0.1972  1
 2:   0.7400  0.2450  0.0150  1
 3:   0.0310  0.9480  0.0210  1
 4:   0.8680  0.0060  0.1260  1
 5:   0.7900  0.2020  0.0080  1
 6:   0.4080  0.5700  0.0220  1
 7:   0.9790  0.0150  0.0060  1
 8:   0.6590  0.0060  0.3350  1
 9:   0.9250  0.0100  0.0650  1
10:   0.9100  0.0660  0.0240  1
11:   0.4254  0.0130  0.5616  1
12:   0.0130  0.0100  0.9770  1
13:   0.9700  0.0100  0.0200  1
14:   0.9210  0.0140  0.0650  1
15:   0.9760  0.0150  0.0090  1
16:   0.8630  0.1320  0.0050  1
17:   0.9660  0.0290  0.0050  1
18:   0.9120  0.0760  0.0120  1
19:   0.9530  0.0400  0.0070  1
20:   0.9830  0.0100  0.0070  1
21:   0.1950  0.0500  0.7550  1
22:   0.0030  0.0030  0.9940  1
23:   0.1520  0.0300  0.8180  1
24:   0.1460  0.0070  0.8470  1
25:   0.0280  0.0140  0.9580  1
26:   0.9640  0.0300  0.0060  1
27:   0.2857  0.0060  0.7083  1
28:   0.1210  0.0170  0.8620  1
29:   0.0260  0.0060  0.9680  1
30:   0.1630  0.0120  0.8250  1
31:   0.3460  0.0190  0.6350  1
32:   0.9750  0.0170  0.0080  1
33:   0.0769  0.0480  0.8751  1
34:   0.9560  0.0330  0.0110  1
35:   0.0110  0.0130  0.9760  1
36:   0.0120  0.9820  0.0060  1
37:   0.9650  0.0210  0.0140  1
38:   0.9810  0.0140  0.0050  1
39:   0.0080  0.0060  0.9860  1
40:   0.3060  0.0270  0.6670  1
41:   0.9750  0.0110  0.0140  1
42:   0.1280  0.0070  0.8650  1
43:   0.3140  0.0080  0.6780  1
44:   0.1090  0.0170  0.8740  1
45:   0.2620  0.0120  0.7260  1
46:   0.9840  0.0090  0.0070  1
47:   0.9250  0.0470  0.0280  1
48:   0.0050  0.0050  0.9900  1
49:   0.1320  0.8590  0.0090  1
50:   0.2803  0.7097  0.0100  1
51:   0.0190  0.9750  0.0060  1
52:   0.9520  0.0170  0.0310  1
53:   0.1580  0.8350  0.0070  1
54:   0.0070  0.9840  0.0090  1
55:   0.0130  0.9740  0.0130  1
56:   0.0560  0.9240  0.0200  1
57:   0.9381  0.0140  0.0480  1
58:   0.0851  0.9069  0.0080  1
59:   0.0200  0.0180  0.9620  1
60:   0.1140  0.0250  0.8610  1
61:   0.2810  0.0280  0.6910  1
62:   0.8939  0.0380  0.0681  1
63:   0.9590  0.0260  0.0150  1
64:   0.0280  0.9680  0.0040  1
65:   0.2460  0.6990  0.0550  1
66:   0.0290  0.8970  0.0740  1
67:   0.9330  0.0300  0.0370  1
68:   0.0110  0.9760  0.0130  1
69:   0.9710  0.0200  0.0090  1
70:   0.9660  0.0190  0.0150  1
71:   0.1420  0.5410  0.3170  1
72:   0.8970  0.0050  0.0980  1
73:   0.7850  0.0760  0.1390  1
74:   0.9630  0.0070  0.0300  1
75:   0.3670  0.0160  0.6170  1
76:   0.9470  0.0460  0.0070  1
77:   0.9590  0.0090  0.0320  1
78:   0.9190  0.0080  0.0730  1
79:   0.5810  0.3700  0.0490  1
80:   0.7830  0.2120  0.0050  1
81:   0.8980  0.0730  0.0290  1
82:   0.9750  0.0130  0.0120  1
83:   0.9510  0.0110  0.0380  1
84:   0.9250  0.0120  0.0630  1
85:   0.7630  0.0160  0.2210  1
86:   0.7630  0.0170  0.2200  1
87:   0.9760  0.0160  0.0080  1
88:   0.8900  0.0650  0.0450  1

 1:   0.7150  0.0730  0.2120  1
 2:   0.7370  0.2480  0.0150  1
 3:   0.0270  0.9510  0.0220  1
 4:   0.8570  0.0060  0.1370  1
 5:   0.7880  0.2040  0.0080  1
 6:   0.4020  0.5740  0.0240  1
 7:   0.9790  0.0150  0.0060  1
 8:   0.6550  0.0060  0.3390  1
 9:   0.9250  0.0100  0.0650  1
10:   0.9040  0.0710  0.0250  1
11:   0.4104  0.0140  0.5756  1
12:   0.0150  0.0100  0.9750  1
13:   0.9670  0.0110  0.0220  1
14:   0.9180  0.0140  0.0680  1
15:   0.9770  0.0140  0.0090  1
16:   0.8591  0.1349  0.0060  1
17:   0.9650  0.0300  0.0050  1
18:   0.9099  0.0791  0.0110  1
19:   0.9490  0.0440  0.0070  1
20:   0.9830  0.0100  0.0070  1
21:   0.1970  0.0510  0.7520  1
22:   0.0030  0.0030  0.9940  1
23:   0.1489  0.0330  0.8182  1
24:   0.1540  0.0070  0.8390  1
25:   0.0280  0.0150  0.9570  1
26:   0.9620  0.0320  0.0060  1
27:   0.2820  0.0060  0.7120  1
28:   0.1200  0.0180  0.8620  1
29:   0.0280  0.0070  0.9650  1
30:   0.1720  0.0130  0.8150  1
31:   0.3440  0.0210  0.6350  1
32:   0.9750  0.0170  0.0080  1
33:   0.0800  0.0500  0.8700  1
34:   0.9560  0.0330  0.0110  1
35:   0.0120  0.0130  0.9750  1
36:   0.0130  0.9810  0.0060  1
37:   0.9650  0.0220  0.0130  1
38:   0.9810  0.0140  0.0050  1
39:   0.0080  0.0070  0.9850  1
40:   0.3113  0.0270  0.6617  1
41:   0.9740  0.0110  0.0150  1
42:   0.1360  0.0070  0.8570  1
43:   0.3170  0.0090  0.6740  1
44:   0.1140  0.0170  0.8690  1
45:   0.2600  0.0120  0.7280  1
46:   0.9830  0.0100  0.0070  1
47:   0.9180  0.0540  0.0280  1
48:   0.0050  0.0060  0.9890  1
49:   0.1320  0.8590  0.0090  1
50:   0.2730  0.7170  0.0100  1
51:   0.0190  0.9750  0.0060  1
52:   0.9530  0.0180  0.0290  1
53:   0.1540  0.8390  0.0070  1
54:   0.0070  0.9830  0.0100  1
55:   0.0120  0.9750  0.0130  1
56:   0.0550  0.9250  0.0200  1
57:   0.9349  0.0140  0.0511  1
58:   0.0800  0.9110  0.0090  1
59:   0.0210  0.0200  0.9590  1
60:   0.1190  0.0290  0.8520  1
61:   0.2833  0.0280  0.6887  1
62:   0.8920  0.0380  0.0700  1
63:   0.9580  0.0260  0.0160  1
64:   0.0280  0.9670  0.0050  1
65:   0.2342  0.7077  0.0581  1
66:   0.0290  0.8980  0.0730  1
67:   0.9311  0.0300  0.0390  1
68:   0.0110  0.9760  0.0130  1
69:   0.9690  0.0210  0.0100  1
70:   0.9650  0.0200  0.0150  1
71:   0.1400  0.5430  0.3170  1
72:   0.8920  0.0050  0.1030  1
73:   0.7600  0.0830  0.1570  1
74:   0.9610  0.0080  0.0310  1
75:   0.3640  0.0170  0.6190  1
76:   0.9440  0.0490  0.0070  1
77:   0.9570  0.0090  0.0340  1
78:   0.9100  0.0080  0.0820  1
79:   0.5710  0.3780  0.0510  1
80:   0.7800  0.2140  0.0060  1
81:   0.8890  0.0780  0.0330  1
82:   0.9740  0.0130  0.0130  1
83:   0.9480  0.0110  0.0410  1
84:   0.9220  0.0130  0.0650  1
85:   0.7590  0.0150  0.2260  1
86:   0.7600  0.0170  0.2230  1
87:   0.9760  0.0160  0.0080  1
88:   0.8819  0.0691  0.0490  1

