 1:   0.7910  0.0510  0.1190  0.0240  0.0150  1
 2:   0.6663  0.2527  0.0120  0.0150  0.0539  1
 3:   0.0200  0.8430  0.0170  0.0090  0.1110  1
 4:   0.7562  0.0070  0.2088  0.0090  0.0190  1
 5:   0.6740  0.1940  0.0070  0.0670  0.0580  1
 6:   0.1730  0.5670  0.0290  0.1250  0.1060  1
 7:   0.0070  0.0070  0.0040  0.9740  0.0080  1
 8:   0.7938  0.0050  0.1832  0.0100  0.0080  1
 9:   0.9239  0.0090  0.0310  0.0180  0.0180  1
10:   0.7790  0.0740  0.0150  0.0690  0.0630  1
11:   0.3854  0.0160  0.5125  0.0290  0.0571  1
12:   0.0240  0.0130  0.9200  0.0120  0.0310  1
13:   0.1460  0.0070  0.0100  0.0140  0.8230  1
14:   0.0601  0.0090  0.1733  0.7435  0.0140  1
15:   0.0110  0.0070  0.0060  0.9670  0.0090  1
16:   0.0250  0.1720  0.0040  0.7870  0.0120  1
17:   0.0911  0.0330  0.0040  0.7077  0.1642  1
18:   0.8710  0.0620  0.0070  0.0460  0.0140  1
19:   0.8791  0.0549  0.0060  0.0330  0.0270  1
20:   0.8290  0.0090  0.0050  0.1230  0.0340  1
21:   0.1522  0.0330  0.6196  0.0821  0.1131  1
22:   0.0030  0.0020  0.9890  0.0030  0.0030  1
23:   0.3050  0.0140  0.6630  0.0080  0.0100  1
24:   0.0070  0.0040  0.6470  0.3300  0.0120  1
25:   0.0310  0.0180  0.8970  0.0150  0.0390  1
26:   0.0090  0.0120  0.0040  0.2780  0.6970  1
27:   0.1059  0.0060  0.7433  0.1399  0.0050  1
28:   0.0860  0.0090  0.7480  0.0050  0.1520  1
29:   0.0519  0.0060  0.8521  0.0230  0.0669  1
30:   0.3257  0.0080  0.6134  0.0290  0.0240  1
31:   0.2947  0.0180  0.5964  0.0519  0.0390  1
32:   0.1550  0.0080  0.0060  0.0180  0.8130  1
33:   0.0400  0.0230  0.6990  0.1900  0.0480  1
34:   0.0510  0.0250  0.0100  0.0960  0.8180  1
35:   0.0130  0.0180  0.9340  0.0160  0.0190  1
36:   0.0100  0.9130  0.0050  0.0550  0.0170  1
37:   0.8390  0.0190  0.0110  0.0190  0.1120  1
38:   0.5060  0.0130  0.0040  0.1820  0.2950  1
39:   0.0150  0.0080  0.9590  0.0070  0.0110  1
40:   0.0300  0.0150  0.5960  0.3450  0.0140  1
41:   0.8530  0.0100  0.0120  0.0670  0.0580  1
42:   0.0160  0.0040  0.6454  0.3287  0.0060  1
43:   0.2830  0.0070  0.5970  0.0210  0.0920  1
44:   0.1688  0.0140  0.7083  0.0430  0.0659  1
45:   0.2430  0.0120  0.6900  0.0300  0.0250  1
46:   0.0300  0.0060  0.0050  0.9409  0.0180  1
47:   0.0120  0.0280  0.0250  0.0120  0.9230  1
48:   0.0070  0.0060  0.9770  0.0050  0.0050  1
49:   0.0920  0.7520  0.0060  0.1190  0.0310  1
50:   0.0070  0.5534  0.0060  0.4206  0.0130  1
51:   0.0150  0.8599  0.0050  0.0501  0.0701  1
52:   0.7250  0.0190  0.0260  0.0280  0.2020  1
53:   0.0440  0.7490  0.0050  0.0360  0.1660  1
54:   0.0060  0.9610  0.0100  0.0050  0.0180  1
55:   0.0130  0.9540  0.0140  0.0050  0.0140  1
56:   0.1131  0.8579  0.0120  0.0070  0.0100  1
57:   0.9560  0.0100  0.0190  0.0060  0.0090  1
58:   0.0700  0.8610  0.0060  0.0270  0.0360  1
59:   0.0430  0.0240  0.8450  0.0470  0.0410  1
60:   0.0180  0.0110  0.6080  0.3420  0.0210  1
61:   0.3806  0.0130  0.5594  0.0170  0.0300  1
62:   0.2418  0.0929  0.1159  0.5335  0.0160  1
63:   0.9400  0.0190  0.0100  0.0210  0.0100  1
64:   0.0370  0.9219  0.0040  0.0240  0.0130  1
65:   0.2290  0.6450  0.0410  0.0260  0.0590  1
66:   0.0569  0.8332  0.0609  0.0120  0.0370  1
67:   0.4635  0.0220  0.0360  0.4655  0.0130  1
68:   0.0120  0.9481  0.0120  0.0080  0.0200  1
69:   0.0450  0.0110  0.0060  0.0180  0.9200  1
70:   0.0210  0.0180  0.0110  0.8831  0.0669  1
71:   0.0620  0.5210  0.2980  0.0520  0.0670  1
72:   0.9250  0.0040  0.0530  0.0060  0.0120  1
73:   0.6220  0.0750  0.1090  0.0270  0.1670  1
74:   0.6917  0.0060  0.0280  0.2673  0.0070  1
75:   0.0060  0.0050  0.4865  0.0060  0.4965  1
76:   0.0190  0.0250  0.0050  0.0180  0.9331  1
77:   0.0809  0.0090  0.0280  0.0440  0.8382  1
78:   0.8840  0.0070  0.0610  0.0270  0.0210  1
79:   0.0460  0.3480  0.0380  0.1790  0.3890  1
80:   0.6533  0.2088  0.0050  0.0280  0.1049  1
81:   0.8670  0.0760  0.0180  0.0150  0.0240  1
82:   0.3063  0.0120  0.0120  0.5936  0.0761  1
83:   0.8599  0.0100  0.0240  0.0360  0.0701  1
84:   0.9200  0.0110  0.0400  0.0120  0.0170  1
85:   0.5310  0.0160  0.1890  0.0400  0.2240  1
86:   0.8492  0.0110  0.1229  0.0080  0.0090  1
87:   0.0470  0.0080  0.0090  0.9211  0.0150  1
88:   0.8880  0.0490  0.0320  0.0180  0.0130  1

 1:   0.8030  0.0480  0.1130  0.0220  0.0140  1
 2:   0.6560  0.2600  0.0120  0.0160  0.0560  1
 3:   0.0200  0.8420  0.0170  0.0090  0.1120  1
 4:   0.7403  0.0070  0.2198  0.0100  0.0230  1
 5:   0.6647  0.2012  0.0070  0.0711  0.0561  1
 6:   0.1648  0.5654  0.0290  0.1329  0.1079  1
 7:   0.0070  0.0070  0.0040  0.9730  0.0090  1
 8:   0.7952  0.0050  0.1798  0.0110  0.0090  1
 9:   0.9271  0.0090  0.0290  0.0180  0.0170  1
10:   0.7802  0.0769  0.0160  0.0659  0.0609  1
11:   0.3770  0.0170  0.5170  0.0280  0.0610  1
12:   0.0240  0.0130  0.9200  0.0130  0.0300  1
13:   0.1399  0.0070  0.0100  0.0130  0.8302  1
14:   0.0460  0.0090  0.1750  0.7550  0.0150  1
15:   0.0110  0.0070  0.0070  0.9660  0.0090  1
16:   0.0230  0.1780  0.0040  0.7830  0.0120  1
17:   0.0720  0.0310  0.0040  0.7230  0.1700  1
18:   0.8780  0.0590  0.0070  0.0420  0.0140  1
19:   0.8700  0.0590  0.0060  0.0340  0.0310  1
20:   0.7860  0.0090  0.0060  0.1500  0.0490  1
21:   0.1420  0.0330  0.6180  0.0850  0.1220  1
22:   0.0030  0.0020  0.9890  0.0030  0.0030  1
23:   0.3090  0.0140  0.6590  0.0090  0.0090  1
24:   0.0070  0.0040  0.6476  0.3293  0.0120  1
25:   0.0290  0.0180  0.8970  0.0160  0.0400  1
26:   0.0100  0.0110  0.0040  0.2760  0.6990  1
27:   0.0781  0.0060  0.7528  0.1582  0.0050  1
28:   0.0870  0.0090  0.7490  0.0060  0.1490  1
29:   0.0529  0.0060  0.8541  0.0240  0.0629  1
30:   0.3270  0.0080  0.6110  0.0290  0.0250  1
31:   0.2780  0.0190  0.5950  0.0600  0.0480  1
32:   0.1548  0.0080  0.0060  0.0170  0.8142  1
33:   0.0470  0.0250  0.6970  0.1820  0.0490  1
34:   0.0460  0.0240  0.0090  0.1011  0.8198  1
35:   0.0130  0.0180  0.9331  0.0170  0.0190  1
36:   0.0100  0.9170  0.0050  0.0520  0.0160  1
37:   0.8380  0.0180  0.0100  0.0170  0.1170  1
38:   0.4160  0.0130  0.0050  0.2250  0.3410  1
39:   0.0150  0.0080  0.9590  0.0070  0.0110  1
40:   0.0290  0.0140  0.5926  0.3504  0.0140  1
41:   0.8450  0.0100  0.0110  0.0680  0.0660  1
42:   0.0160  0.0040  0.6460  0.3280  0.0060  1
43:   0.2697  0.0070  0.5954  0.0200  0.1079  1
44:   0.1798  0.0130  0.7023  0.0420  0.0629  1
45:   0.2392  0.0110  0.6947  0.0280  0.0270  1
46:   0.0290  0.0070  0.0050  0.9400  0.0190  1
47:   0.0110  0.0290  0.0230  0.0120  0.9250  1
48:   0.0070  0.0060  0.9770  0.0050  0.0050  1
49:   0.1059  0.7542  0.0070  0.1019  0.0310  1
50:   0.0070  0.5550  0.0060  0.4180  0.0140  1
51:   0.0150  0.8660  0.0050  0.0480  0.0660  1
52:   0.6947  0.0190  0.0270  0.0290  0.2302  1
53:   0.0380  0.7477  0.0050  0.0330  0.1762  1
54:   0.0070  0.9600  0.0110  0.0050  0.0170  1
55:   0.0140  0.9510  0.0140  0.0060  0.0150  1
56:   0.1112  0.8597  0.0120  0.0070  0.0100  1
57:   0.9510  0.0100  0.0210  0.0070  0.0110  1
58:   0.0661  0.8609  0.0070  0.0270  0.0390  1
59:   0.0450  0.0250  0.8420  0.0480  0.0400  1
60:   0.0180  0.0110  0.6096  0.3403  0.0210  1
61:   0.3920  0.0120  0.5550  0.0140  0.0270  1
62:   0.2330  0.0910  0.1130  0.5450  0.0180  1
63:   0.9420  0.0190  0.0090  0.0200  0.0100  1
64:   0.0400  0.9199  0.0040  0.0240  0.0120  1
65:   0.2282  0.6446  0.0410  0.0260  0.0601  1
66:   0.0560  0.8320  0.0620  0.0130  0.0370  1
67:   0.4825  0.0230  0.0330  0.4494  0.0120  1
68:   0.0120  0.9480  0.0120  0.0080  0.0200  1
69:   0.0380  0.0120  0.0060  0.0170  0.9270  1
70:   0.0210  0.0180  0.0100  0.8790  0.0720  1
71:   0.0560  0.5190  0.2990  0.0530  0.0730  1
72:   0.9269  0.0040  0.0511  0.0060  0.0120  1
73:   0.5914  0.0809  0.1149  0.0300  0.1828  1
74:   0.6683  0.0070  0.0340  0.2827  0.0080  1
75:   0.0060  0.0050  0.4855  0.0060  0.4975  1
76:   0.0200  0.0240  0.0050  0.0160  0.9351  1
77:   0.0640  0.0090  0.0280  0.0470  0.8520  1
78:   0.8841  0.0070  0.0619  0.0260  0.0210  1
79:   0.0480  0.3420  0.0410  0.1800  0.3890  1
80:   0.6464  0.2098  0.0050  0.0280  0.1109  1
81:   0.8620  0.0800  0.0180  0.0160  0.0240  1
82:   0.3267  0.0110  0.0120  0.5764  0.0739  1
83:   0.8530  0.0100  0.0250  0.0380  0.0740  1
84:   0.9211  0.0120  0.0360  0.0120  0.0190  1
85:   0.5020  0.0160  0.1900  0.0410  0.2510  1
86:   0.8430  0.0110  0.1290  0.0080  0.0090  1
87:   0.0340  0.0080  0.0090  0.9330  0.0160  1
88:   0.8879  0.0501  0.0310  0.0180  0.0130  1

 1:   0.7880  0.0550  0.1180  0.0230  0.0160  1
 2:   0.6753  0.2537  0.0120  0.0150  0.0440  1
 3:   0.0200  0.8438  0.0170  0.0090  0.1101  1
 4:   0.7768  0.0060  0.1902  0.0080  0.0190  1
 5:   0.6683  0.1958  0.0060  0.0789  0.0509  1
 6:   0.1810  0.5640  0.0290  0.1330  0.0930  1
 7:   0.0070  0.0070  0.0040  0.9730  0.0090  1
 8:   0.8040  0.0050  0.1720  0.0110  0.0080  1
 9:   0.9251  0.0090  0.0300  0.0180  0.0180  1
10:   0.8008  0.0661  0.0150  0.0641  0.0541  1
11:   0.4094  0.0150  0.4965  0.0250  0.0541  1
12:   0.0220  0.0130  0.9219  0.0130  0.0300  1
13:   0.1429  0.0070  0.0100  0.0150  0.8252  1
14:   0.0730  0.0090  0.1710  0.7330  0.0140  1
15:   0.0100  0.0070  0.0060  0.9680  0.0090  1
16:   0.0230  0.1840  0.0040  0.7770  0.0120  1
17:   0.0900  0.0330  0.0040  0.7170  0.1560  1
18:   0.8760  0.0570  0.0070  0.0470  0.0130  1
19:   0.8831  0.0549  0.0060  0.0300  0.0260  1
20:   0.8260  0.0090  0.0050  0.1240  0.0360  1
21:   0.1640  0.0330  0.6130  0.0810  0.1090  1
22:   0.0030  0.0020  0.9890  0.0030  0.0030  1
23:   0.3010  0.0160  0.6650  0.0080  0.0100  1
24:   0.0070  0.0040  0.6466  0.3303  0.0120  1
25:   0.0320  0.0180  0.8950  0.0150  0.0400  1
26:   0.0110  0.0120  0.0040  0.2884  0.6846  1
27:   0.1309  0.0060  0.7363  0.1219  0.0050  1
28:   0.0879  0.0090  0.7453  0.0060  0.1518  1
29:   0.0460  0.0060  0.8520  0.0270  0.0690  1
30:   0.3197  0.0080  0.6154  0.0320  0.0250  1
31:   0.3040  0.0160  0.5860  0.0570  0.0370  1
32:   0.1560  0.0080  0.0060  0.0190  0.8110  1
33:   0.0380  0.0240  0.6950  0.1960  0.0470  1
34:   0.0600  0.0230  0.0100  0.1000  0.8070  1
35:   0.0140  0.0190  0.9320  0.0160  0.0190  1
36:   0.0100  0.9090  0.0050  0.0610  0.0150  1
37:   0.8561  0.0180  0.0110  0.0160  0.0989  1
38:   0.5030  0.0120  0.0040  0.1880  0.2930  1
39:   0.0140  0.0080  0.9600  0.0070  0.0110  1
40:   0.0230  0.0150  0.5946  0.3534  0.0140  1
41:   0.8659  0.0100  0.0110  0.0631  0.0501  1
42:   0.0150  0.0040  0.6460  0.3290  0.0060  1
43:   0.2740  0.0070  0.5990  0.0180  0.1020  1
44:   0.1530  0.0140  0.7140  0.0480  0.0710  1
45:   0.2630  0.0100  0.6800  0.0250  0.0220  1
46:   0.0340  0.0070  0.0060  0.9351  0.0180  1
47:   0.0120  0.0290  0.0250  0.0120  0.9220  1
48:   0.0070  0.0060  0.9770  0.0050  0.0050  1
49:   0.0910  0.7660  0.0060  0.1080  0.0290  1
50:   0.0070  0.5550  0.0060  0.4180  0.0140  1
51:   0.0160  0.8601  0.0050  0.0529  0.0659  1
52:   0.7140  0.0210  0.0260  0.0280  0.2110  1
53:   0.0460  0.7530  0.0050  0.0370  0.1590  1
54:   0.0070  0.9610  0.0100  0.0050  0.0170  1
55:   0.0140  0.9540  0.0140  0.0050  0.0130  1
56:   0.1000  0.8710  0.0120  0.0070  0.0100  1
57:   0.9530  0.0100  0.0200  0.0070  0.0100  1
58:   0.0670  0.8650  0.0060  0.0280  0.0340  1
59:   0.0440  0.0250  0.8372  0.0559  0.0380  1
60:   0.0170  0.0110  0.6050  0.3470  0.0200  1
61:   0.3880  0.0130  0.5580  0.0160  0.0250  1
62:   0.2747  0.0859  0.1079  0.5155  0.0160  1
63:   0.9400  0.0190  0.0090  0.0220  0.0100  1
64:   0.0330  0.9280  0.0040  0.0230  0.0120  1
65:   0.2292  0.6476  0.0390  0.0280  0.0561  1
66:   0.0510  0.8440  0.0590  0.0120  0.0340  1
67:   0.4735  0.0230  0.0350  0.4565  0.0120  1
68:   0.0110  0.9520  0.0120  0.0080  0.0170  1
69:   0.0539  0.0110  0.0060  0.0160  0.9131  1
70:   0.0210  0.0180  0.0100  0.8811  0.0699  1
71:   0.0620  0.5220  0.2940  0.0530  0.0690  1
72:   0.9300  0.0040  0.0470  0.0070  0.0120  1
73:   0.6354  0.0719  0.1019  0.0290  0.1618  1
74:   0.7037  0.0060  0.0270  0.2563  0.0070  1
75:   0.0060  0.0050  0.4865  0.0060  0.4965  1
76:   0.0220  0.0230  0.0050  0.0170  0.9330  1
77:   0.0900  0.0090  0.0270  0.0420  0.8320  1
78:   0.8881  0.0070  0.0569  0.0280  0.0200  1
79:   0.0510  0.3480  0.0400  0.1860  0.3750  1
80:   0.6603  0.2158  0.0050  0.0260  0.0929  1
81:   0.8720  0.0740  0.0170  0.0150  0.0220  1
82:   0.3100  0.0110  0.0120  0.5960  0.0710  1
83:   0.8680  0.0100  0.0230  0.0330  0.0660  1
84:   0.9270  0.0110  0.0330  0.0120  0.0170  1
85:   0.5520  0.0150  0.1760  0.0370  0.2200  1
86:   0.8490  0.0110  0.1240  0.0080  0.0080  1
87:   0.0550  0.0080  0.0080  0.9150  0.0140  1
88:   0.8911  0.0480  0.0300  0.0180  0.0130  1

 1:   0.8002  0.0500  0.1109  0.0220  0.0170  1
 2:   0.6344  0.2597  0.0120  0.0140  0.0799  1
 3:   0.0190  0.8550  0.0180  0.0090  0.0990  1
 4:   0.6870  0.0060  0.2160  0.0100  0.0810  1
 5:   0.6563  0.2118  0.0070  0.0749  0.0500  1
 6:   0.1500  0.5770  0.0310  0.1330  0.1090  1
 7:   0.0070  0.0070  0.0040  0.9730  0.0090  1
 8:   0.8032  0.0050  0.1728  0.0100  0.0090  1
 9:   0.9231  0.0100  0.0290  0.0180  0.0200  1
10:   0.7680  0.0800  0.0150  0.0650  0.0720  1
11:   0.3610  0.0170  0.5150  0.0300  0.0770  1
12:   0.0220  0.0120  0.9209  0.0130  0.0320  1
13:   0.1411  0.0070  0.0090  0.0140  0.8288  1
14:   0.0460  0.0090  0.1728  0.7562  0.0160  1
15:   0.0110  0.0070  0.0060  0.9670  0.0090  1
16:   0.0250  0.1658  0.0040  0.7922  0.0130  1
17:   0.0830  0.0300  0.0040  0.7090  0.1740  1
18:   0.8859  0.0531  0.0070  0.0410  0.0130  1
19:   0.8280  0.0600  0.0060  0.0360  0.0700  1
20:   0.7768  0.0090  0.0050  0.1291  0.0801  1
21:   0.1450  0.0370  0.6150  0.0840  0.1190  1
22:   0.0030  0.0020  0.9890  0.0030  0.0030  1
23:   0.3100  0.0140  0.6580  0.0080  0.0100  1
24:   0.0070  0.0040  0.6476  0.3293  0.0120  1
25:   0.0300  0.0190  0.8960  0.0150  0.0400  1
26:   0.0100  0.0120  0.0040  0.2840  0.6900  1
27:   0.0871  0.0050  0.7487  0.1502  0.0090  1
28:   0.0880  0.0090  0.7460  0.0050  0.1520  1
29:   0.0541  0.0050  0.8488  0.0230  0.0691  1
30:   0.3413  0.0070  0.6036  0.0260  0.0220  1
31:   0.2760  0.0190  0.5930  0.0540  0.0580  1
32:   0.1390  0.0080  0.0060  0.0170  0.8300  1
33:   0.0430  0.0250  0.6980  0.1870  0.0470  1
34:   0.0521  0.0220  0.0080  0.0931  0.8248  1
35:   0.0140  0.0180  0.9320  0.0170  0.0190  1
36:   0.0100  0.9190  0.0050  0.0510  0.0150  1
37:   0.7860  0.0190  0.0110  0.0170  0.1670  1
38:   0.4494  0.0120  0.0050  0.1922  0.3413  1
39:   0.0150  0.0080  0.9590  0.0070  0.0110  1
40:   0.0290  0.0140  0.5900  0.3520  0.0150  1
41:   0.8090  0.0100  0.0110  0.0600  0.1100  1
42:   0.0150  0.0040  0.6454  0.3287  0.0070  1
43:   0.2677  0.0070  0.5964  0.0200  0.1089  1
44:   0.1880  0.0130  0.6980  0.0390  0.0620  1
45:   0.2278  0.0120  0.6913  0.0260  0.0430  1
46:   0.0280  0.0070  0.0060  0.9391  0.0200  1
47:   0.0120  0.0290  0.0230  0.0120  0.9241  1
48:   0.0070  0.0060  0.9770  0.0050  0.0050  1
49:   0.1050  0.7520  0.0060  0.1090  0.0280  1
50:   0.0060  0.5570  0.0060  0.4180  0.0130  1
51:   0.0160  0.8701  0.0050  0.0450  0.0639  1
52:   0.6623  0.0190  0.0240  0.0290  0.2657  1
53:   0.0410  0.7510  0.0050  0.0360  0.1670  1
54:   0.0060  0.9620  0.0100  0.0050  0.0170  1
55:   0.0140  0.9520  0.0140  0.0060  0.0140  1
56:   0.1070  0.8620  0.0120  0.0070  0.0120  1
57:   0.9550  0.0100  0.0190  0.0060  0.0100  1
58:   0.0639  0.8631  0.0070  0.0260  0.0400  1
59:   0.0450  0.0240  0.8410  0.0480  0.0420  1
60:   0.0170  0.0110  0.6086  0.3433  0.0200  1
61:   0.3924  0.0110  0.5536  0.0150  0.0280  1
62:   0.2160  0.0960  0.1140  0.5510  0.0230  1
63:   0.9439  0.0170  0.0090  0.0200  0.0100  1
64:   0.0390  0.9210  0.0040  0.0230  0.0130  1
65:   0.2440  0.6390  0.0380  0.0250  0.0540  1
66:   0.0671  0.8308  0.0561  0.0120  0.0340  1
67:   0.4850  0.0230  0.0310  0.4470  0.0140  1
68:   0.0120  0.9510  0.0120  0.0070  0.0180  1
69:   0.0390  0.0120  0.0060  0.0160  0.9270  1
70:   0.0200  0.0180  0.0100  0.8830  0.0690  1
71:   0.0591  0.5185  0.2953  0.0541  0.0731  1
72:   0.9259  0.0040  0.0531  0.0060  0.0110  1
73:   0.5810  0.0710  0.1110  0.0290  0.2080  1
74:   0.6610  0.0070  0.0320  0.2860  0.0140  1
75:   0.0050  0.0050  0.4910  0.0060  0.4930  1
76:   0.0200  0.0240  0.0050  0.0170  0.9339  1
77:   0.0680  0.0090  0.0270  0.0460  0.8500  1
78:   0.8780  0.0070  0.0660  0.0270  0.0220  1
79:   0.0420  0.3423  0.0360  0.1852  0.3944  1
80:   0.5990  0.2140  0.0050  0.0290  0.1530  1
81:   0.8610  0.0810  0.0180  0.0150  0.0250  1
82:   0.3157  0.0110  0.0130  0.5884  0.0719  1
83:   0.8549  0.0100  0.0230  0.0410  0.0711  1
84:   0.9200  0.0110  0.0350  0.0120  0.0220  1
85:   0.4900  0.0150  0.1800  0.0360  0.2790  1
86:   0.8480  0.0100  0.1260  0.0070  0.0090  1
87:   0.0410  0.0080  0.0090  0.9251  0.0170  1
88:   0.8850  0.0510  0.0310  0.0180  0.0150  1

 1:   0.7920  0.0540  0.1160  0.0230  0.0150  1
 2:   0.6590  0.2580  0.0120  0.0140  0.0570  1
 3:   0.0210  0.8470  0.0180  0.0090  0.1050  1
 4:   0.7320  0.0070  0.2130  0.0100  0.0380  1
 5:   0.6893  0.1948  0.0070  0.0619  0.0470  1
 6:   0.1742  0.5696  0.0290  0.1211  0.1061  1
 7:   0.0070  0.0070  0.0040  0.9730  0.0090  1
 8:   0.7980  0.0050  0.1780  0.0100  0.0090  1
 9:   0.9249  0.0090  0.0290  0.0190  0.0180  1
10:   0.7810  0.0770  0.0150  0.0650  0.0620  1
11:   0.3744  0.0150  0.5105  0.0320  0.0681  1
12:   0.0250  0.0140  0.9190  0.0120  0.0300  1
13:   0.1370  0.0070  0.0100  0.0110  0.8350  1
14:   0.0550  0.0090  0.1710  0.7510  0.0140  1
15:   0.0110  0.0070  0.0060  0.9670  0.0090  1
16:   0.0240  0.1690  0.0040  0.7910  0.0120  1
17:   0.0830  0.0310  0.0040  0.7130  0.1690  1
18:   0.8801  0.0539  0.0070  0.0450  0.0140  1
19:   0.8661  0.0569  0.0060  0.0310  0.0400  1
20:   0.8080  0.0090  0.0050  0.1260  0.0520  1
21:   0.1560  0.0330  0.6120  0.0830  0.1160  1
22:   0.0030  0.0020  0.9890  0.0030  0.0030  1
23:   0.3117  0.0140  0.6563  0.0080  0.0100  1
24:   0.0070  0.0040  0.6470  0.3290  0.0130  1
25:   0.0300  0.0190  0.8951  0.0170  0.0390  1
26:   0.0110  0.0120  0.0040  0.2777  0.6953  1
27:   0.0970  0.0060  0.7430  0.1480  0.0060  1
28:   0.0849  0.0090  0.7433  0.0060  0.1568  1
29:   0.0550  0.0060  0.8470  0.0240  0.0680  1
30:   0.3320  0.0080  0.6080  0.0270  0.0250  1
31:   0.2910  0.0180  0.5890  0.0550  0.0470  1
32:   0.1419  0.0080  0.0060  0.0190  0.8252  1
33:   0.0410  0.0240  0.6943  0.1958  0.0450  1
34:   0.0520  0.0240  0.0090  0.0970  0.8180  1
35:   0.0130  0.0190  0.9330  0.0170  0.0180  1
36:   0.0110  0.9181  0.0050  0.0519  0.0140  1
37:   0.8332  0.0190  0.0110  0.0170  0.1199  1
38:   0.4730  0.0120  0.0040  0.1890  0.3220  1
39:   0.0150  0.0080  0.9590  0.0070  0.0110  1
40:   0.0330  0.0140  0.5900  0.3490  0.0140  1
41:   0.8470  0.0100  0.0120  0.0610  0.0700  1
42:   0.0160  0.0040  0.6450  0.3290  0.0060  1
43:   0.2683  0.0070  0.5976  0.0190  0.1081  1
44:   0.1790  0.0130  0.6990  0.0460  0.0630  1
45:   0.2362  0.0110  0.6897  0.0320  0.0310  1
46:   0.0260  0.0060  0.0060  0.9430  0.0190  1
47:   0.0120  0.0290  0.0230  0.0120  0.9239  1
48:   0.0070  0.0060  0.9770  0.0050  0.0050  1
49:   0.1030  0.7550  0.0070  0.1060  0.0290  1
50:   0.0070  0.5540  0.0050  0.4220  0.0120  1
51:   0.0170  0.8681  0.0050  0.0480  0.0619  1
52:   0.6800  0.0200  0.0260  0.0290  0.2450  1
53:   0.0430  0.7490  0.0050  0.0350  0.1680  1
54:   0.0070  0.9610  0.0100  0.0050  0.0170  1
55:   0.0140  0.9510  0.0140  0.0060  0.0150  1
56:   0.1140  0.8570  0.0120  0.0070  0.0100  1
57:   0.9520  0.0100  0.0210  0.0070  0.0100  1
58:   0.0610  0.8660  0.0070  0.0280  0.0380  1
59:   0.0450  0.0260  0.8380  0.0500  0.0410  1
60:   0.0180  0.0110  0.6040  0.3460  0.0210  1
61:   0.3830  0.0120  0.5570  0.0170  0.0310  1
62:   0.2310  0.0900  0.1130  0.5480  0.0180  1
63:   0.9420  0.0180  0.0100  0.0200  0.0100  1
64:   0.0390  0.9230  0.0040  0.0210  0.0130  1
65:   0.2190  0.6460  0.0430  0.0310  0.0610  1
66:   0.0600  0.8330  0.0590  0.0120  0.0360  1
67:   0.4730  0.0230  0.0330  0.4590  0.0120  1
68:   0.0120  0.9480  0.0120  0.0080  0.0200  1
69:   0.0410  0.0120  0.0060  0.0180  0.9230  1
70:   0.0210  0.0190  0.0100  0.8811  0.0689  1
71:   0.0561  0.5245  0.2963  0.0490  0.0741  1
72:   0.9249  0.0040  0.0531  0.0060  0.0120  1
73:   0.5960  0.0740  0.1110  0.0280  0.1910  1
74:   0.6740  0.0070  0.0330  0.2770  0.0090  1
75:   0.0060  0.0050  0.4895  0.0060  0.4935  1
76:   0.0210  0.0240  0.0040  0.0170  0.9339  1
77:   0.0729  0.0100  0.0280  0.0420  0.8472  1
78:   0.8870  0.0070  0.0600  0.0260  0.0200  1
79:   0.0470  0.3490  0.0400  0.1780  0.3860  1
80:   0.6376  0.2072  0.0050  0.0310  0.1191  1
81:   0.8701  0.0739  0.0180  0.0160  0.0220  1
82:   0.3187  0.0110  0.0120  0.5934  0.0649  1
83:   0.8560  0.0100  0.0250  0.0350  0.0740  1
84:   0.9190  0.0110  0.0380  0.0120  0.0200  1
85:   0.5080  0.0140  0.1850  0.0370  0.2560  1
86:   0.8412  0.0110  0.1299  0.0080  0.0100  1
87:   0.0410  0.0080  0.0090  0.9260  0.0160  1
88:   0.8919  0.0460  0.0310  0.0180  0.0130  1

