   1:   0.2783  0.3524  0.3694  1
   2:   0.5060  0.2280  0.2660  1
   3:   0.2620  0.2950  0.4430  1
   4:   0.2650  0.4910  0.2440  1
   5:   0.2488  0.3576  0.3936  1
   6:   0.2870  0.3240  0.3890  1
   7:   0.3580  0.3130  0.3290  1
   8:   0.3170  0.3270  0.3560  1
   9:   0.2887  0.3666  0.3447  1
  10:   0.3980  0.3900  0.2120  1
  11:   0.2710  0.3620  0.3670  1
  12:   0.2880  0.4500  0.2620  1
  13:   0.2550  0.3380  0.4070  1
  14:   0.2340  0.2860  0.4800  1
  15:   0.1730  0.3910  0.4360  1
  16:   0.3050  0.3030  0.3920  1
  17:   0.3510  0.2710  0.3780  1
  18:   0.2687  0.3666  0.3646  1
  19:   0.4094  0.3343  0.2563  1
  20:   0.3544  0.2843  0.3614  1
  21:   0.2840  0.3280  0.3880  1
  22:   0.3370  0.3150  0.3480  1
  23:   0.3190  0.3700  0.3110  1
  24:   0.4164  0.2793  0.3043  1
  25:   0.3130  0.3090  0.3780  1
  26:   0.2390  0.4130  0.3480  1
  27:   0.5940  0.2210  0.1850  1
  28:   0.2610  0.2490  0.4900  1
  29:   0.3680  0.4390  0.1930  1
  30:   0.1802  0.3483  0.4715  1
  31:   0.3810  0.3090  0.3100  1
  32:   0.2420  0.4270  0.3310  1
  33:   0.2680  0.2130  0.5190  1
  34:   0.3230  0.3050  0.3720  1
  35:   0.2330  0.3850  0.3820  1
  36:   0.2118  0.4555  0.3327  1
  37:   0.4070  0.3650  0.2280  1
  38:   0.3940  0.4140  0.1920  1
  39:   0.2070  0.3570  0.4360  1
  40:   0.3250  0.3020  0.3730  1
  41:   0.2320  0.5100  0.2580  1
  42:   0.4000  0.2850  0.3150  1
  43:   0.4154  0.3203  0.2643  1
  44:   0.3060  0.3330  0.3610  1
  45:   0.2740  0.2610  0.4650  1
  46:   0.5470  0.1770  0.2760  1
  47:   0.2210  0.4140  0.3650  1
  48:   0.3686  0.4186  0.2128  1
  49:   0.2760  0.3360  0.3880  1
  50:   0.3120  0.3220  0.3660  1
  51:   0.2807  0.2987  0.4206  1
  52:   0.2893  0.2282  0.4825  1
  53:   0.2250  0.3070  0.4680  1
  54:   0.3690  0.3640  0.2670  1
  55:   0.5395  0.2028  0.2577  1
  56:   0.4580  0.3040  0.2380  1
  57:   0.5320  0.1480  0.3200  1
  58:   0.3756  0.2777  0.3467  1
  59:   0.2420  0.1720  0.5860  1
  60:   0.3000  0.3630  0.3370  1
  61:   0.3140  0.3810  0.3050  1
  62:   0.2380  0.4280  0.3340  1
  63:   0.2920  0.4450  0.2630  1
  64:   0.2983  0.3534  0.3483  1
  65:   0.4550  0.2290  0.3160  1
  66:   0.4880  0.2760  0.2360  1
  67:   0.2090  0.4190  0.3720  1
  68:   0.2980  0.4240  0.2780  1
  69:   0.4144  0.3724  0.2132  1
  70:   0.3140  0.3940  0.2920  1
  71:   0.5556  0.1552  0.2893  1
  72:   0.3990  0.1640  0.4370  1
  73:   0.3804  0.4024  0.2172  1
  74:   0.3320  0.3020  0.3660  1
  75:   0.3020  0.2810  0.4170  1
  76:   0.2740  0.4430  0.2830  1
  77:   0.3970  0.2910  0.3120  1
  78:   0.2430  0.4810  0.2760  1
  79:   0.2920  0.4700  0.2380  1
  80:   0.1600  0.3870  0.4530  1
  81:   0.2500  0.3010  0.4490  1
  82:   0.2667  0.2507  0.4825  1
  83:   0.1920  0.4100  0.3980  1
  84:   0.1958  0.4625  0.3417  1
  85:   0.5215  0.2472  0.2312  1
  86:   0.3143  0.2793  0.4064  1
  87:   0.3740  0.2940  0.3320  1
  88:   0.4650  0.3080  0.2270  1
  89:   0.3540  0.2120  0.4340  1
  90:   0.4560  0.2550  0.2890  1
  91:   0.3020  0.3710  0.3270  1
  92:   0.3403  0.3894  0.2703  1
  93:   0.3586  0.2208  0.4206  1
  94:   0.3400  0.2510  0.4090  1
  95:   0.1900  0.5510  0.2590  1
  96:   0.2590  0.5430  0.1980  1
  97:   0.3050  0.3360  0.3590  1
  98:   0.1900  0.4980  0.3120  1
  99:   0.3390  0.2470  0.4140  1
 100:   0.3267  0.3796  0.2937  1
 101:   0.3950  0.2450  0.3600  1
 102:   0.2320  0.3150  0.4530  1
 103:   0.3230  0.2880  0.3890  1
 104:   0.3123  0.4094  0.2783  1
 105:   0.2840  0.3390  0.3770  1
 106:   0.4460  0.2050  0.3490  1
 107:   0.3756  0.3906  0.2338  1
 108:   0.2960  0.3060  0.3980  1
 109:   0.2392  0.3213  0.4394  1
 110:   0.3480  0.4040  0.2480  1
 111:   0.1790  0.4690  0.3520  1
 112:   0.2997  0.2717  0.4286  1
 113:   0.3000  0.2640  0.4360  1
 114:   0.3620  0.3070  0.3310  1
 115:   0.5195  0.1962  0.2843  1
 116:   0.4735  0.2172  0.3093  1
 117:   0.5000  0.2790  0.2210  1
 118:   0.4340  0.2620  0.3040  1
 119:   0.4180  0.2150  0.3670  1
 120:   0.3100  0.2330  0.4570  1
 121:   0.3840  0.2890  0.3270  1
 122:   0.2590  0.5560  0.1850  1
 123:   0.3120  0.4390  0.2490  1
 124:   0.5560  0.2480  0.1960  1
 125:   0.5470  0.1930  0.2600  1
 126:   0.6570  0.1810  0.1620  1
 127:   0.5230  0.2440  0.2330  1
 128:   0.3257  0.3746  0.2997  1
 129:   0.4176  0.3457  0.2368  1
 130:   0.1980  0.4120  0.3900  1
 131:   0.2308  0.4056  0.3636  1
 132:   0.2757  0.3357  0.3886  1
 133:   0.3060  0.3870  0.3070  1
 134:   0.2008  0.4665  0.3327  1
 135:   0.2870  0.1970  0.5160  1
 136:   0.2230  0.4960  0.2810  1
 137:   0.1530  0.4730  0.3740  1
 138:   0.1812  0.5465  0.2723  1
 139:   0.2840  0.3030  0.4130  1
 140:   0.2620  0.3050  0.4330  1
 141:   0.2140  0.2200  0.5660  1
 142:   0.2920  0.3470  0.3610  1
 143:   0.2940  0.2590  0.4470  1
 144:   0.4730  0.2840  0.2430  1
 145:   0.3400  0.3930  0.2670  1
 146:   0.3060  0.1680  0.5260  1
 147:   0.2082  0.5596  0.2322  1
 148:   0.3423  0.2993  0.3584  1
 149:   0.3260  0.4170  0.2570  1
 150:   0.1990  0.5570  0.2440  1
 151:   0.3330  0.2900  0.3770  1
 152:   0.3230  0.2530  0.4240  1
 153:   0.4040  0.2830  0.3130  1
 154:   0.2380  0.4060  0.3560  1
 155:   0.2813  0.4404  0.2783  1
 156:   0.3734  0.4374  0.1892  1
 157:   0.2740  0.3840  0.3420  1
 158:   0.2142  0.3824  0.4034  1
 159:   0.2860  0.3430  0.3710  1
 160:   0.1610  0.5140  0.3250  1
 161:   0.2500  0.2860  0.4640  1
 162:   0.3680  0.3250  0.3070  1
 163:   0.3870  0.3500  0.2630  1
 164:   0.2250  0.3620  0.4130  1
 165:   0.3700  0.3360  0.2940  1
 166:   0.2000  0.4420  0.3580  1
 167:   0.3720  0.4050  0.2230  1
 168:   0.1700  0.4740  0.3560  1
 169:   0.3780  0.2570  0.3650  1
 170:   0.2300  0.1580  0.6120  1
 171:   0.2228  0.4286  0.3487  1
 172:   0.3850  0.2880  0.3270  1
 173:   0.2970  0.2080  0.4950  1
 174:   0.4196  0.2418  0.3387  1
 175:   0.3420  0.2490  0.4090  1
 176:   0.2260  0.3150  0.4590  1
 177:   0.4590  0.2300  0.3110  1
 178:   0.3100  0.3030  0.3870  1
 179:   0.4116  0.3337  0.2547  1
 180:   0.2170  0.4700  0.3130  1
 181:   0.2388  0.3267  0.4346  1
 182:   0.1792  0.6106  0.2102  1
 183:   0.2940  0.4060  0.3000  1
 184:   0.2820  0.3210  0.3970  1
 185:   0.4920  0.2450  0.2630  1
 186:   0.4885  0.2547  0.2567  1
 187:   0.2540  0.5140  0.2320  1
 188:   0.4615  0.2677  0.2707  1
 189:   0.4400  0.2630  0.2970  1
 190:   0.4370  0.1880  0.3750  1
 191:   0.4410  0.2020  0.3570  1
 192:   0.2420  0.3970  0.3610  1
 193:   0.3576  0.2328  0.4096  1
 194:   0.1560  0.5280  0.3160  1
 195:   0.2120  0.2450  0.5430  1
 196:   0.4945  0.1948  0.3107  1
 197:   0.3876  0.2537  0.3586  1
 198:   0.3906  0.2028  0.4066  1
 199:   0.5440  0.3020  0.1540  1
 200:   0.4490  0.3600  0.1910  1
 201:   0.4450  0.3140  0.2410  1
 202:   0.2128  0.5654  0.2218  1
 203:   0.4040  0.3040  0.2920  1
 204:   0.5720  0.2040  0.2240  1
 205:   0.4250  0.3570  0.2180  1
 206:   0.4160  0.3960  0.1880  1
 207:   0.2800  0.3070  0.4130  1
 208:   0.2140  0.3860  0.4000  1
 209:   0.4940  0.2190  0.2870  1
 210:   0.3910  0.2440  0.3650  1
 211:   0.5200  0.1810  0.2990  1
 212:   0.1870  0.6280  0.1850  1
 213:   0.3283  0.2302  0.4414  1
 214:   0.5280  0.1530  0.3190  1
 215:   0.3784  0.2362  0.3854  1
 216:   0.2380  0.3170  0.4450  1
 217:   0.4570  0.2420  0.3010  1
 218:   0.2630  0.3070  0.4300  1
 219:   0.6840  0.1280  0.1880  1
 220:   0.3330  0.4700  0.1970  1
 221:   0.4220  0.3540  0.2240  1
 222:   0.2332  0.3534  0.4134  1
 223:   0.5495  0.2022  0.2482  1
 224:   0.5340  0.2700  0.1960  1
 225:   0.4380  0.1890  0.3730  1
 226:   0.4540  0.2150  0.3310  1
 227:   0.3600  0.3070  0.3330  1
 228:   0.1910  0.6110  0.1980  1
 229:   0.3410  0.3820  0.2770  1
 230:   0.6230  0.1680  0.2090  1
 231:   0.6430  0.1740  0.1830  1
 232:   0.3290  0.3180  0.3530  1
 233:   0.1780  0.5400  0.2820  1
 234:   0.3506  0.3017  0.3477  1
 235:   0.4170  0.3180  0.2650  1
 236:   0.1892  0.4525  0.3584  1
 237:   0.3900  0.2610  0.3490  1
 238:   0.3030  0.3370  0.3600  1
 239:   0.1680  0.4480  0.3840  1
 240:   0.2840  0.1860  0.5300  1
 241:   0.3830  0.2010  0.4160  1
 242:   0.3340  0.3970  0.2690  1
 243:   0.3506  0.3337  0.3157  1
 244:   0.1860  0.2260  0.5880  1
 245:   0.1850  0.2230  0.5920  1
 246:   0.3460  0.3940  0.2600  1
 247:   0.3230  0.2680  0.4090  1
 248:   0.2930  0.2070  0.5000  1
 249:   0.3916  0.3616  0.2468  1
 250:   0.4960  0.1500  0.3540  1
 251:   0.3023  0.3554  0.3423  1
 252:   0.2563  0.3614  0.3824  1
 253:   0.2430  0.3350  0.4220  1
 254:   0.2870  0.4020  0.3110  1
 255:   0.3330  0.2800  0.3870  1
 256:   0.3380  0.2500  0.4120  1
 257:   0.5030  0.2760  0.2210  1
 258:   0.2062  0.5055  0.2883  1
 259:   0.4250  0.1880  0.3870  1
 260:   0.2870  0.2860  0.4270  1
 261:   0.2960  0.3520  0.3520  1
 262:   0.2713  0.4364  0.2923  1
 263:   0.2012  0.4655  0.3333  1
 264:   0.2210  0.4160  0.3630  1
 265:   0.3770  0.2880  0.3350  1
 266:   0.4240  0.2000  0.3760  1
 267:   0.3410  0.3910  0.2680  1
 268:   0.2060  0.3000  0.4940  1
 269:   0.4134  0.3524  0.2342  1
 270:   0.5670  0.1830  0.2500  1
 271:   0.4100  0.3520  0.2380  1
 272:   0.2900  0.2950  0.4150  1
 273:   0.3920  0.3220  0.2860  1
 274:   0.2513  0.5846  0.1642  1
 275:   0.3620  0.2570  0.3810  1
 276:   0.1830  0.2630  0.5540  1
 277:   0.5540  0.1850  0.2610  1
 278:   0.3010  0.2400  0.4590  1
 279:   0.3310  0.3060  0.3630  1
 280:   0.5020  0.1880  0.3100  1
 281:   0.4520  0.2450  0.3030  1
 282:   0.2540  0.2900  0.4560  1
 283:   0.1960  0.5530  0.2510  1
 284:   0.3120  0.2730  0.4150  1
 285:   0.2770  0.5220  0.2010  1
 286:   0.2282  0.3243  0.4474  1
 287:   0.2050  0.2940  0.5010  1
 288:   0.4660  0.3000  0.2340  1
 289:   0.2100  0.5490  0.2410  1
 290:   0.3260  0.2950  0.3790  1
 291:   0.3067  0.3996  0.2937  1
 292:   0.3203  0.3333  0.3463  1
 293:   0.2730  0.4960  0.2310  1
 294:   0.3630  0.2730  0.3640  1
 295:   0.2677  0.4406  0.2917  1
 296:   0.3946  0.3107  0.2947  1
 297:   0.2380  0.4920  0.2700  1
 298:   0.2260  0.2750  0.4990  1
 299:   0.2630  0.5340  0.2030  1
 300:   0.3690  0.2490  0.3820  1
 301:   0.2947  0.2368  0.4685  1
 302:   0.3100  0.2170  0.4730  1
 303:   0.2840  0.4430  0.2730  1
 304:   0.4164  0.1832  0.4004  1
 305:   0.4230  0.2280  0.3490  1
 306:   0.3900  0.1720  0.4380  1
 307:   0.3050  0.3180  0.3770  1
 308:   0.2260  0.4560  0.3180  1
 309:   0.3060  0.4910  0.2030  1
 310:   0.1900  0.4970  0.3130  1
 311:   0.2190  0.4440  0.3370  1
 312:   0.3556  0.2048  0.4396  1
 313:   0.2358  0.5774  0.1868  1
 314:   0.4590  0.3070  0.2340  1
 315:   0.2380  0.4190  0.3430  1
 316:   0.1600  0.2800  0.5600  1
 317:   0.2517  0.3457  0.4026  1
 318:   0.2218  0.4156  0.3626  1
 319:   0.3710  0.1910  0.4380  1
 320:   0.2880  0.3380  0.3740  1
 321:   0.3540  0.4010  0.2450  1
 322:   0.3854  0.2372  0.3774  1
 323:   0.4825  0.2318  0.2857  1
 324:   0.4056  0.2607  0.3337  1
 325:   0.2310  0.3650  0.4040  1
 326:   0.4080  0.2730  0.3190  1
 327:   0.3880  0.2890  0.3230  1
 328:   0.3390  0.3820  0.2790  1
 329:   0.2720  0.4090  0.3190  1
 330:   0.1880  0.4500  0.3620  1
 331:   0.2250  0.2330  0.5420  1
 332:   0.2480  0.3420  0.4100  1
 333:   0.3640  0.3440  0.2920  1
 334:   0.3290  0.3870  0.2840  1
 335:   0.3073  0.4194  0.2733  1
 336:   0.2740  0.3920  0.3340  1
 337:   0.3123  0.2462  0.4414  1
 338:   0.3760  0.2220  0.4020  1
 339:   0.4104  0.2543  0.3353  1
 340:   0.3890  0.2800  0.3310  1
 341:   0.3200  0.3620  0.3180  1
 342:   0.2560  0.3830  0.3610  1
 343:   0.2623  0.5005  0.2372  1
 344:   0.1580  0.5150  0.3270  1
 345:   0.3380  0.3610  0.3010  1
 346:   0.3357  0.3666  0.2977  1
 347:   0.2720  0.4520  0.2760  1
 348:   0.2140  0.3710  0.4150  1
 349:   0.3130  0.4170  0.2700  1
 350:   0.3110  0.3070  0.3820  1
 351:   0.3860  0.3060  0.3080  1
 352:   0.2540  0.3680  0.3780  1
 353:   0.3590  0.3550  0.2860  1
 354:   0.4450  0.2290  0.3260  1
 355:   0.2170  0.3800  0.4030  1
 356:   0.4910  0.2620  0.2470  1
 357:   0.4540  0.2640  0.2820  1
 358:   0.2570  0.5360  0.2070  1
 359:   0.4730  0.2860  0.2410  1
 360:   0.2990  0.3250  0.3760  1
 361:   0.1750  0.3600  0.4650  1
 362:   0.4620  0.2280  0.3100  1
 363:   0.4570  0.2180  0.3250  1
 364:   0.4090  0.3310  0.2600  1
 365:   0.3746  0.4446  0.1808  1
 366:   0.3097  0.4356  0.2547  1
 367:   0.3440  0.3500  0.3060  1
 368:   0.3430  0.3460  0.3110  1
 369:   0.5195  0.2563  0.2242  1
 370:   0.2957  0.3307  0.3736  1
 371:   0.3350  0.3730  0.2920  1
 372:   0.2390  0.2890  0.4720  1
 373:   0.2853  0.4414  0.2733  1
 374:   0.2680  0.4750  0.2570  1
 375:   0.4040  0.4340  0.1620  1
 376:   0.2570  0.4620  0.2810  1
 377:   0.3940  0.3930  0.2130  1
 378:   0.3430  0.3430  0.3140  1
 379:   0.4390  0.2930  0.2680  1
 380:   0.1700  0.5860  0.2440  1
 381:   0.3560  0.2760  0.3680  1
 382:   0.2847  0.3566  0.3586  1
 383:   0.2480  0.2770  0.4750  1
 384:   0.3060  0.3900  0.3040  1
 385:   0.4280  0.2150  0.3570  1
 386:   0.3190  0.2690  0.4120  1
 387:   0.2703  0.3103  0.4194  1
 388:   0.3500  0.3430  0.3070  1
 389:   0.2830  0.3400  0.3770  1
 390:   0.2927  0.3137  0.3936  1
 391:   0.4975  0.2372  0.2653  1
 392:   0.2560  0.3570  0.3870  1
 393:   0.2650  0.5050  0.2300  1
 394:   0.3524  0.3253  0.3223  1
 395:   0.3380  0.2530  0.4090  1
 396:   0.3247  0.3247  0.3506  1
 397:   0.3940  0.3280  0.2780  1
 398:   0.3520  0.3010  0.3470  1
 399:   0.2390  0.3820  0.3790  1
 400:   0.2510  0.5110  0.2380  1
 401:   0.2560  0.2810  0.4630  1
 402:   0.2950  0.3620  0.3430  1
 403:   0.4116  0.2468  0.3417  1
 404:   0.3620  0.3930  0.2450  1
 405:   0.4270  0.2350  0.3380  1
 406:   0.2160  0.5040  0.2800  1
 407:   0.3397  0.3227  0.3377  1
 408:   0.1980  0.2810  0.5210  1
 409:   0.1530  0.3370  0.5100  1
 410:   0.3403  0.3063  0.3534  1
 411:   0.2220  0.5050  0.2730  1
 412:   0.4246  0.2318  0.3437  1
 413:   0.2050  0.3810  0.4140  1
 414:   0.4550  0.3400  0.2050  1
 415:   0.3700  0.2600  0.3700  1
 416:   0.4680  0.2430  0.2890  1
 417:   0.2490  0.3540  0.3970  1
 418:   0.2517  0.4106  0.3377  1
 419:   0.3457  0.3127  0.3417  1
 420:   0.3320  0.3640  0.3040  1
 421:   0.4110  0.1670  0.4220  1
 422:   0.3730  0.3860  0.2410  1
 423:   0.3760  0.3110  0.3130  1
 424:   0.2810  0.2960  0.4230  1
 425:   0.2790  0.5070  0.2140  1
 426:   0.4620  0.2020  0.3360  1
 427:   0.2897  0.4056  0.3047  1
 428:   0.3770  0.3410  0.2820  1
 429:   0.2820  0.3060  0.4120  1
 430:   0.4270  0.3050  0.2680  1
 431:   0.2040  0.4100  0.3860  1
 432:   0.5435  0.2378  0.2188  1
 433:   0.3920  0.3120  0.2960  1
 434:   0.3910  0.3180  0.2910  1
 435:   0.2517  0.4635  0.2847  1
 436:   0.3974  0.2362  0.3664  1
 437:   0.3540  0.4340  0.2120  1
 438:   0.2458  0.3666  0.3876  1
 439:   0.2510  0.3030  0.4460  1
 440:   0.2860  0.2760  0.4380  1
 441:   0.2320  0.3110  0.4570  1
 442:   0.1988  0.4016  0.3996  1
 443:   0.3614  0.3614  0.2773  1
 444:   0.4740  0.2580  0.2680  1
 445:   0.3030  0.3690  0.3280  1
 446:   0.3463  0.3564  0.2973  1
 447:   0.3090  0.3820  0.3090  1
 448:   0.2750  0.3540  0.3710  1
 449:   0.2040  0.4010  0.3950  1
 450:   0.3450  0.2720  0.3830  1
 451:   0.2460  0.3060  0.4480  1
 452:   0.4920  0.2640  0.2440  1
 453:   0.4020  0.2480  0.3500  1
 454:   0.3950  0.2420  0.3630  1
 455:   0.3810  0.3270  0.2920  1
 456:   0.4710  0.2530  0.2760  1
 457:   0.4950  0.1350  0.3700  1
 458:   0.3150  0.4480  0.2370  1
 459:   0.2900  0.2980  0.4120  1
 460:   0.3380  0.3100  0.3520  1
 461:   0.3057  0.3956  0.2987  1
 462:   0.2290  0.3220  0.4490  1
 463:   0.3540  0.3750  0.2710  1
 464:   0.3190  0.2960  0.3850  1
 465:   0.2520  0.4060  0.3420  1
 466:   0.4270  0.2550  0.3180  1
 467:   0.5210  0.2140  0.2650  1
 468:   0.2900  0.4150  0.2950  1
 469:   0.5330  0.2430  0.2240  1
 470:   0.4340  0.2190  0.3470  1
 471:   0.3510  0.3630  0.2860  1
 472:   0.3864  0.1742  0.4394  1
 473:   0.4030  0.2770  0.3200  1
 474:   0.2950  0.2650  0.4400  1
 475:   0.3420  0.3210  0.3370  1
 476:   0.3560  0.3580  0.2860  1
 477:   0.3210  0.4000  0.2790  1
 478:   0.2930  0.4150  0.2920  1
 479:   0.2880  0.4460  0.2660  1
 480:   0.2970  0.2440  0.4590  1
 481:   0.2358  0.4645  0.2997  1
 482:   0.1950  0.5220  0.2830  1
 483:   0.4020  0.2670  0.3310  1
 484:   0.3670  0.3110  0.3220  1
 485:   0.2170  0.4070  0.3760  1
 486:   0.1890  0.3200  0.4910  1
 487:   0.2050  0.2760  0.5190  1
 488:   0.2950  0.3150  0.3900  1
 489:   0.2610  0.2700  0.4690  1
 490:   0.2210  0.4340  0.3450  1
 491:   0.2070  0.2310  0.5620  1
 492:   0.2730  0.3630  0.3640  1
 493:   0.1870  0.5280  0.2850  1
 494:   0.2727  0.3237  0.4036  1
 495:   0.2488  0.3117  0.4396  1
 496:   0.2380  0.4470  0.3150  1
 497:   0.2060  0.4020  0.3920  1
 498:   0.3077  0.3856  0.3067  1
 499:   0.3990  0.2600  0.3410  1
 500:   0.4695  0.3043  0.2262  1
 501:   0.3430  0.4490  0.2080  1
 502:   0.3120  0.4230  0.2650  1
 503:   0.2180  0.5890  0.1930  1
 504:   0.2080  0.5470  0.2450  1
 505:   0.2880  0.5280  0.1840  1
 506:   0.5170  0.2400  0.2430  1
 507:   0.2450  0.5000  0.2550  1
 508:   0.2950  0.4230  0.2820  1
 509:   0.4246  0.2847  0.2907  1
 510:   0.2967  0.4296  0.2737  1
 511:   0.3050  0.2460  0.4490  1
 512:   0.5480  0.2070  0.2450  1
 513:   0.2930  0.2790  0.4280  1
 514:   0.1810  0.4530  0.3660  1
 515:   0.3177  0.3327  0.3497  1
 516:   0.4520  0.1800  0.3680  1
 517:   0.3840  0.2950  0.3210  1
 518:   0.1940  0.5370  0.2690  1
 519:   0.4760  0.1920  0.3320  1
 520:   0.5570  0.2230  0.2200  1
 521:   0.5720  0.1980  0.2300  1
 522:   0.3190  0.3010  0.3800  1
 523:   0.2660  0.5170  0.2170  1
 524:   0.2960  0.3510  0.3530  1
 525:   0.2270  0.3430  0.4300  1
 526:   0.3260  0.2410  0.4330  1
 527:   0.1960  0.3900  0.4140  1
 528:   0.2210  0.3890  0.3900  1
 529:   0.2817  0.3117  0.4066  1
 530:   0.3320  0.3590  0.3090  1
 531:   0.1870  0.5370  0.2760  1
 532:   0.2042  0.5315  0.2643  1
 533:   0.3470  0.3730  0.2800  1
 534:   0.3010  0.2800  0.4190  1
 535:   0.1800  0.5750  0.2450  1
 536:   0.2378  0.2897  0.4725  1
 537:   0.2110  0.2480  0.5410  1
 538:   0.3690  0.2190  0.4120  1
 539:   0.3914  0.3053  0.3033  1
 540:   0.1680  0.3300  0.5020  1
 541:   0.2640  0.2780  0.4580  1
 542:   0.2700  0.3810  0.3490  1
 543:   0.2680  0.4880  0.2440  1
 544:   0.5050  0.2430  0.2520  1
 545:   0.3834  0.1602  0.4565  1
 546:   0.3150  0.4390  0.2460  1
 547:   0.4484  0.2462  0.3053  1
 548:   0.3380  0.4300  0.2320  1
 549:   0.4160  0.2600  0.3240  1
 550:   0.3050  0.2260  0.4690  1
 551:   0.2328  0.3057  0.4615  1
 552:   0.2390  0.3720  0.3890  1
 553:   0.4494  0.2272  0.3233  1
 554:   0.4270  0.2060  0.3670  1
 555:   0.2240  0.3450  0.4310  1
 556:   0.3467  0.2208  0.4326  1
 557:   0.3330  0.2670  0.4000  1
 558:   0.3864  0.3814  0.2322  1
 559:   0.4520  0.2060  0.3420  1
 560:   0.3730  0.3320  0.2950  1
 561:   0.5240  0.1810  0.2950  1
 562:   0.2230  0.5050  0.2720  1
 563:   0.3323  0.2232  0.4444  1
 564:   0.3373  0.3293  0.3333  1
 565:   0.2490  0.4860  0.2650  1
 566:   0.3860  0.2770  0.3370  1
 567:   0.2050  0.2540  0.5410  1
 568:   0.1340  0.4610  0.4050  1
 569:   0.2130  0.2640  0.5230  1
 570:   0.2340  0.5030  0.2630  1
 571:   0.4650  0.1650  0.3700  1
 572:   0.3564  0.2673  0.3764  1
 573:   0.3333  0.3754  0.2913  1
 574:   0.2210  0.4590  0.3200  1
 575:   0.3360  0.2060  0.4580  1
 576:   0.2850  0.3370  0.3780  1
 577:   0.2112  0.4845  0.3043  1
 578:   0.4815  0.2853  0.2332  1
 579:   0.2880  0.3320  0.3800  1
 580:   0.2703  0.2613  0.4685  1
 581:   0.4360  0.2140  0.3500  1
 582:   0.5115  0.2242  0.2643  1
 583:   0.2940  0.5520  0.1540  1
 584:   0.3880  0.1980  0.4140  1
 585:   0.1690  0.3890  0.4420  1
 586:   0.4540  0.2230  0.3230  1
 587:   0.1950  0.4480  0.3570  1
 588:   0.1770  0.4850  0.3380  1
 589:   0.3447  0.3357  0.3197  1
 590:   0.1652  0.4805  0.3544  1
 591:   0.3926  0.1978  0.4096  1
 592:   0.1590  0.5630  0.2780  1
 593:   0.3850  0.2760  0.3390  1
 594:   0.2787  0.4256  0.2957  1
 595:   0.2980  0.4410  0.2610  1
 596:   0.5740  0.1560  0.2700  1
 597:   0.1570  0.5490  0.2940  1
 598:   0.2770  0.3300  0.3930  1
 599:   0.2570  0.3500  0.3930  1
 600:   0.1940  0.4710  0.3350  1
 601:   0.2350  0.4820  0.2830  1
 602:   0.1700  0.2200  0.6100  1
 603:   0.1970  0.3180  0.4850  1
 604:   0.4070  0.2360  0.3570  1
 605:   0.2750  0.2820  0.4430  1
 606:   0.2230  0.5160  0.2610  1
 607:   0.2780  0.4090  0.3130  1
 608:   0.2707  0.3746  0.3546  1
 609:   0.4010  0.1650  0.4340  1
 610:   0.3400  0.4710  0.1890  1
 611:   0.5674  0.1768  0.2557  1
 612:   0.3650  0.2950  0.3400  1
 613:   0.1890  0.4910  0.3200  1
 614:   0.2018  0.4645  0.3337  1
 615:   0.2430  0.3120  0.4450  1
 616:   0.3876  0.2957  0.3167  1
 617:   0.2148  0.4795  0.3057  1
 618:   0.2813  0.2943  0.4244  1
 619:   0.2400  0.4280  0.3320  1
 620:   0.3150  0.3560  0.3290  1
 621:   0.2590  0.3310  0.4100  1
 622:   0.4900  0.1770  0.3330  1
 623:   0.3040  0.3140  0.3820  1
 624:   0.4190  0.2720  0.3090  1
 625:   0.1830  0.3210  0.4960  1
 626:   0.4460  0.2200  0.3340  1
 627:   0.2370  0.4140  0.3490  1
 628:   0.2450  0.4550  0.3000  1
 629:   0.2703  0.2292  0.5005  1
 630:   0.3914  0.2723  0.3363  1
 631:   0.2730  0.4450  0.2820  1
 632:   0.1770  0.6360  0.1870  1
 633:   0.1830  0.4400  0.3770  1
 634:   0.3117  0.3916  0.2967  1
 635:   0.3443  0.3604  0.2953  1
 636:   0.3010  0.3620  0.3370  1
 637:   0.3870  0.1680  0.4450  1
 638:   0.2450  0.4150  0.3400  1
 639:   0.1720  0.4760  0.3520  1
 640:   0.2110  0.4400  0.3490  1
 641:   0.2370  0.4500  0.3130  1
 642:   0.1940  0.3690  0.4370  1
 643:   0.4300  0.2670  0.3030  1
 644:   0.2730  0.2560  0.4710  1
 645:   0.3620  0.2050  0.4330  1
 646:   0.4580  0.2970  0.2450  1
 647:   0.3770  0.3310  0.2920  1
 648:   0.2350  0.4780  0.2870  1
 649:   0.1878  0.4825  0.3297  1
 650:   0.4845  0.2018  0.3137  1
 651:   0.2750  0.4460  0.2790  1
 652:   0.4090  0.3060  0.2850  1
 653:   0.2857  0.4695  0.2448  1
 654:   0.3120  0.3090  0.3790  1
 655:   0.4530  0.2300  0.3170  1
 656:   0.2810  0.5220  0.1970  1
 657:   0.2140  0.5530  0.2330  1
 658:   0.1980  0.4190  0.3830  1
 659:   0.3670  0.3100  0.3230  1
 660:   0.2230  0.4700  0.3070  1
 661:   0.4194  0.3103  0.2703  1
 662:   0.2760  0.4280  0.2960  1
 663:   0.4160  0.2650  0.3190  1
 664:   0.3190  0.4120  0.2690  1
 665:   0.4950  0.2650  0.2400  1
 666:   0.2172  0.3724  0.4104  1
 667:   0.2900  0.3420  0.3680  1
 668:   0.2960  0.4990  0.2050  1
 669:   0.3830  0.1900  0.4270  1
 670:   0.4294  0.2883  0.2823  1
 671:   0.3030  0.3950  0.3020  1
 672:   0.3650  0.3110  0.3240  1
 673:   0.3954  0.2673  0.3373  1
 674:   0.4380  0.2320  0.3300  1
 675:   0.3170  0.3630  0.3200  1
 676:   0.2470  0.5930  0.1600  1
 677:   0.3020  0.4820  0.2160  1
 678:   0.2218  0.2418  0.5365  1
 679:   0.1570  0.4340  0.4090  1
 680:   0.2090  0.3740  0.4170  1
 681:   0.3410  0.4250  0.2340  1
 682:   0.3710  0.3110  0.3180  1
 683:   0.3526  0.3447  0.3027  1
 684:   0.5510  0.2130  0.2360  1
 685:   0.3970  0.3740  0.2290  1
 686:   0.3060  0.4260  0.2680  1
 687:   0.2690  0.2850  0.4460  1
 688:   0.2530  0.4460  0.3010  1
 689:   0.5190  0.2660  0.2150  1
 690:   0.2737  0.2448  0.4815  1
 691:   0.4745  0.3626  0.1628  1
 692:   0.3280  0.3280  0.3440  1
 693:   0.2160  0.3610  0.4230  1
 694:   0.3380  0.3310  0.3310  1
 695:   0.2060  0.3020  0.4920  1
 696:   0.2580  0.2780  0.4640  1
 697:   0.2030  0.4770  0.3200  1
 698:   0.4990  0.2100  0.2910  1
 699:   0.3280  0.2610  0.4110  1
 700:   0.4820  0.2550  0.2630  1
 701:   0.3190  0.1890  0.4920  1
 702:   0.3950  0.4040  0.2010  1
 703:   0.3430  0.3500  0.3070  1
 704:   0.3710  0.2630  0.3660  1
 705:   0.2380  0.4680  0.2940  1
 706:   0.5260  0.2370  0.2370  1
 707:   0.4720  0.2770  0.2510  1
 708:   0.2940  0.3920  0.3140  1
 709:   0.2190  0.3420  0.4390  1
 710:   0.4600  0.2450  0.2950  1
 711:   0.2653  0.3083  0.4264  1
 712:   0.4156  0.2428  0.3417  1
 713:   0.2010  0.4070  0.3920  1
 714:   0.5260  0.2150  0.2590  1
 715:   0.3874  0.3123  0.3003  1
 716:   0.4710  0.2490  0.2800  1
 717:   0.4200  0.2160  0.3640  1
 718:   0.3800  0.3040  0.3160  1
 719:   0.4830  0.2170  0.3000  1
 720:   0.2410  0.4960  0.2630  1
 721:   0.3630  0.2870  0.3500  1
 722:   0.2450  0.3750  0.3800  1
 723:   0.3130  0.2500  0.4370  1
 724:   0.2960  0.2720  0.4320  1
 725:   0.3097  0.2767  0.4136  1
 726:   0.3180  0.4620  0.2200  1
 727:   0.1590  0.5990  0.2420  1
 728:   0.2863  0.3223  0.3914  1
 729:   0.2530  0.3590  0.3880  1
 730:   0.2670  0.5220  0.2110  1
 731:   0.3816  0.2997  0.3187  1
 732:   0.2250  0.3820  0.3930  1
 733:   0.3660  0.3020  0.3320  1
 734:   0.2633  0.4264  0.3103  1
 735:   0.2610  0.3180  0.4210  1
 736:   0.1880  0.3340  0.4780  1
 737:   0.3073  0.3483  0.3443  1
 738:   0.4740  0.2760  0.2500  1
 739:   0.3854  0.3493  0.2653  1
 740:   0.1970  0.5770  0.2260  1
 741:   0.4450  0.1910  0.3640  1
 742:   0.3300  0.3610  0.3090  1
 743:   0.4080  0.2700  0.3220  1
 744:   0.1830  0.2620  0.5550  1
 745:   0.3520  0.3700  0.2780  1
 746:   0.3100  0.4620  0.2280  1
 747:   0.5450  0.2100  0.2450  1
 748:   0.3840  0.3320  0.2840  1
 749:   0.4770  0.2230  0.3000  1
 750:   0.1972  0.5676  0.2352  1
 751:   0.3147  0.3027  0.3826  1
 752:   0.2390  0.3710  0.3900  1
 753:   0.2870  0.2590  0.4540  1
 754:   0.3103  0.3704  0.3193  1
 755:   0.4900  0.2860  0.2240  1
 756:   0.3210  0.4080  0.2710  1
 757:   0.1902  0.4835  0.3263  1
 758:   0.3480  0.3110  0.3410  1
 759:   0.2210  0.2210  0.5580  1
 760:   0.4380  0.2060  0.3560  1
 761:   0.4200  0.2010  0.3790  1
 762:   0.4040  0.3150  0.2810  1
 763:   0.2490  0.3760  0.3750  1
 764:   0.2092  0.3323  0.4585  1
 765:   0.4274  0.3684  0.2042  1
 766:   0.2937  0.4376  0.2687  1
 767:   0.3370  0.2320  0.4310  1
 768:   0.2300  0.4090  0.3610  1
 769:   0.2650  0.4020  0.3330  1
 770:   0.4690  0.2520  0.2790  1
 771:   0.3000  0.2770  0.4230  1
 772:   0.3950  0.3010  0.3040  1
 773:   0.3370  0.2640  0.3990  1
 774:   0.3890  0.4120  0.1990  1
 775:   0.3806  0.2248  0.3946  1
 776:   0.2660  0.3510  0.3830  1
 777:   0.2270  0.4320  0.3410  1
 778:   0.3830  0.1950  0.4220  1
 779:   0.4080  0.2980  0.2940  1
 780:   0.2442  0.2973  0.4585  1
 781:   0.1930  0.3000  0.5070  1
 782:   0.3160  0.3900  0.2940  1
 783:   0.2130  0.3200  0.4670  1
 784:   0.4390  0.2960  0.2650  1
 785:   0.3170  0.4510  0.2320  1
 786:   0.3900  0.3560  0.2540  1
 787:   0.4630  0.1830  0.3540  1
 788:   0.3130  0.4840  0.2030  1
 789:   0.6460  0.1700  0.1840  1
 790:   0.2310  0.4100  0.3590  1
 791:   0.4660  0.3420  0.1920  1
 792:   0.3150  0.4470  0.2380  1
 793:   0.2390  0.2430  0.5180  1
 794:   0.2933  0.3944  0.3123  1
 795:   0.2620  0.4780  0.2600  1
 796:   0.4010  0.1960  0.4030  1
 797:   0.3790  0.3060  0.3150  1
 798:   0.4296  0.2268  0.3437  1
 799:   0.4130  0.3160  0.2710  1
 800:   0.3980  0.3590  0.2430  1
 801:   0.2990  0.1570  0.5440  1
 802:   0.4464  0.3143  0.2392  1
 803:   0.5005  0.2813  0.2182  1
 804:   0.2070  0.4510  0.3420  1
 805:   0.4795  0.2607  0.2597  1
 806:   0.3480  0.2190  0.4330  1
 807:   0.1890  0.4290  0.3820  1
 808:   0.2740  0.3220  0.4040  1
 809:   0.1982  0.5736  0.2282  1
 810:   0.4540  0.2410  0.3050  1
 811:   0.3060  0.2730  0.4210  1
 812:   0.2272  0.5385  0.2342  1
 813:   0.3363  0.3554  0.3083  1
 814:   0.2330  0.4220  0.3450  1
 815:   0.2670  0.3980  0.3350  1
 816:   0.2180  0.4970  0.2850  1
 817:   0.2252  0.3043  0.4705  1
 818:   0.2713  0.4084  0.3203  1
 819:   0.3934  0.1972  0.4094  1
 820:   0.3570  0.4000  0.2430  1
 821:   0.2260  0.3030  0.4710  1
 822:   0.1780  0.5200  0.3020  1
 823:   0.2120  0.4810  0.3070  1
 824:   0.2120  0.4660  0.3220  1
 825:   0.2547  0.4655  0.2797  1
 826:   0.3240  0.2720  0.4040  1
 827:   0.3570  0.4270  0.2160  1
 828:   0.1882  0.5465  0.2653  1
 829:   0.4370  0.2930  0.2700  1
 830:   0.1720  0.4730  0.3550  1
 831:   0.3220  0.4230  0.2550  1
 832:   0.4106  0.1988  0.3906  1
 833:   0.2340  0.5240  0.2420  1
 834:   0.1830  0.4880  0.3290  1
 835:   0.4795  0.1748  0.3457  1
 836:   0.3100  0.3610  0.3290  1
 837:   0.2590  0.3640  0.3770  1
 838:   0.2080  0.5260  0.2660  1
 839:   0.2770  0.3700  0.3530  1
 840:   0.3936  0.2507  0.3556  1
 841:   0.4700  0.3090  0.2210  1
 842:   0.2757  0.4366  0.2877  1
 843:   0.3620  0.3670  0.2710  1
 844:   0.2527  0.4316  0.3157  1
 845:   0.3427  0.3247  0.3327  1
 846:   0.5150  0.1650  0.3200  1
 847:   0.2560  0.1970  0.5470  1
 848:   0.2388  0.1648  0.5964  1
 849:   0.2623  0.3243  0.4134  1
 850:   0.2837  0.3746  0.3417  1
 851:   0.2398  0.3037  0.4565  1
 852:   0.3830  0.3290  0.2880  1
 853:   0.4620  0.2690  0.2690  1
 854:   0.2060  0.1750  0.6190  1
 855:   0.3530  0.2890  0.3580  1
 856:   0.2162  0.3704  0.4134  1
 857:   0.3754  0.3934  0.2312  1
 858:   0.3600  0.4470  0.1930  1
 859:   0.3477  0.4476  0.2048  1
 860:   0.3980  0.2890  0.3130  1
 861:   0.3910  0.2200  0.3890  1
 862:   0.3650  0.3580  0.2770  1
 863:   0.3480  0.2250  0.4270  1
 864:   0.3624  0.1922  0.4454  1
 865:   0.2308  0.3696  0.3996  1
 866:   0.3780  0.3060  0.3160  1
 867:   0.3000  0.3130  0.3870  1
 868:   0.2160  0.3610  0.4230  1
 869:   0.4160  0.1860  0.3980  1
 870:   0.1900  0.3970  0.4130  1
 871:   0.3170  0.2410  0.4420  1
 872:   0.3130  0.5040  0.1830  1
 873:   0.4540  0.2450  0.3010  1
 874:   0.2700  0.4630  0.2670  1
 875:   0.3080  0.2910  0.4010  1
 876:   0.1770  0.5140  0.3090  1
 877:   0.2350  0.2960  0.4690  1
 878:   0.3844  0.2192  0.3964  1
 879:   0.2980  0.1850  0.5170  1
 880:   0.4700  0.2250  0.3050  1
 881:   0.2767  0.2897  0.4336  1
 882:   0.3880  0.3300  0.2820  1
 883:   0.3130  0.2870  0.4000  1
 884:   0.1770  0.6090  0.2140  1
 885:   0.2420  0.4070  0.3510  1
 886:   0.3904  0.2513  0.3584  1
 887:   0.4585  0.3117  0.2298  1
 888:   0.1900  0.3860  0.4240  1
 889:   0.3896  0.2178  0.3926  1
 890:   0.3670  0.3350  0.2980  1
 891:   0.3900  0.2930  0.3170  1
 892:   0.2318  0.3506  0.4176  1
 893:   0.2687  0.4735  0.2577  1
 894:   0.2913  0.3193  0.3894  1
 895:   0.2813  0.3614  0.3574  1
 896:   0.2490  0.4410  0.3100  1
 897:   0.4356  0.1948  0.3696  1
 898:   0.5650  0.1830  0.2520  1
 899:   0.3830  0.2850  0.3320  1
 900:   0.1870  0.3320  0.4810  1
 901:   0.2773  0.2963  0.4264  1
 902:   0.3250  0.3080  0.3670  1
 903:   0.3313  0.2312  0.4374  1
 904:   0.2700  0.4670  0.2630  1
 905:   0.3530  0.4050  0.2420  1
 906:   0.3390  0.3130  0.3480  1
 907:   0.3620  0.2430  0.3950  1
 908:   0.3270  0.3470  0.3260  1
 909:   0.3230  0.3060  0.3710  1
 910:   0.4104  0.2342  0.3554  1
 911:   0.2953  0.4955  0.2092  1
 912:   0.1502  0.6296  0.2202  1
 913:   0.2620  0.3650  0.3730  1
 914:   0.3560  0.4120  0.2320  1
 915:   0.4340  0.2140  0.3520  1
 916:   0.3123  0.3023  0.3854  1
 917:   0.3090  0.3630  0.3280  1
 918:   0.2580  0.3770  0.3650  1
 919:   0.2292  0.4334  0.3373  1
 920:   0.4180  0.2080  0.3740  1
 921:   0.4770  0.3090  0.2140  1
 922:   0.3590  0.3260  0.3150  1
 923:   0.1752  0.5726  0.2523  1
 924:   0.3980  0.3880  0.2140  1
 925:   0.2730  0.3480  0.3790  1
 926:   0.2580  0.2990  0.4430  1
 927:   0.2380  0.4980  0.2640  1
 928:   0.3830  0.3170  0.3000  1
 929:   0.3626  0.3287  0.3087  1
 930:   0.4650  0.2930  0.2420  1
 931:   0.2930  0.4450  0.2620  1
 932:   0.2422  0.4494  0.3083  1
 933:   0.3680  0.2500  0.3820  1
 934:   0.4460  0.3350  0.2190  1
 935:   0.3980  0.1640  0.4380  1
 936:   0.5770  0.2320  0.1910  1
 937:   0.3680  0.3370  0.2950  1
 938:   0.3830  0.3570  0.2600  1
 939:   0.2830  0.4190  0.2980  1
 940:   0.1850  0.4360  0.3790  1
 941:   0.4855  0.1722  0.3423  1
 942:   0.2288  0.3267  0.4446  1
 943:   0.3350  0.3340  0.3310  1
 944:   0.2408  0.2488  0.5105  1
 945:   0.3526  0.3417  0.3057  1
 946:   0.3430  0.3200  0.3370  1
 947:   0.3560  0.3310  0.3130  1
 948:   0.4240  0.2240  0.3520  1
 949:   0.2440  0.4000  0.3560  1
 950:   0.4204  0.2653  0.3143  1
 951:   0.4080  0.3750  0.2170  1
 952:   0.2920  0.2170  0.4910  1
 953:   0.5060  0.2630  0.2310  1
 954:   0.2230  0.3870  0.3900  1
 955:   0.3293  0.2843  0.3864  1
 956:   0.2670  0.4750  0.2580  1
 957:   0.2212  0.5335  0.2452  1
 958:   0.3830  0.3010  0.3160  1
 959:   0.1990  0.4130  0.3880  1
 960:   0.3000  0.3390  0.3610  1
 961:   0.3130  0.2830  0.4040  1
 962:   0.2302  0.3524  0.4174  1
 963:   0.2740  0.3570  0.3690  1
 964:   0.3746  0.2827  0.3427  1
 965:   0.2710  0.3960  0.3330  1
 966:   0.4320  0.2980  0.2700  1
 967:   0.3140  0.3590  0.3270  1
 968:   0.3160  0.4060  0.2780  1
 969:   0.5060  0.2480  0.2460  1
 970:   0.2700  0.4510  0.2790  1
 971:   0.3420  0.3050  0.3530  1
 972:   0.2050  0.3500  0.4450  1
 973:   0.2920  0.3920  0.3160  1
 974:   0.4650  0.2210  0.3140  1
 975:   0.4540  0.1830  0.3630  1
 976:   0.3410  0.3820  0.2770  1
 977:   0.2730  0.4330  0.2940  1
 978:   0.4310  0.2750  0.2940  1
 979:   0.1828  0.3067  0.5105  1
 980:   0.2260  0.2970  0.4770  1
 981:   0.4540  0.2420  0.3040  1
 982:   0.2770  0.2450  0.4780  1
 983:   0.1900  0.4770  0.3330  1
 984:   0.4190  0.2920  0.2890  1
 985:   0.3120  0.3550  0.3330  1
 986:   0.4500  0.2260  0.3240  1
 987:   0.5290  0.2440  0.2270  1
 988:   0.5280  0.1820  0.2900  1
 989:   0.4180  0.3380  0.2440  1
 990:   0.5840  0.2220  0.1940  1
 991:   0.6630  0.1930  0.1440  1
 992:   0.2800  0.2720  0.4480  1
 993:   0.4470  0.2420  0.3110  1
 994:   0.2520  0.3930  0.3550  1
 995:   0.3180  0.4350  0.2470  1
 996:   0.4320  0.3210  0.2470  1
 997:   0.5750  0.1840  0.2410  1
 998:   0.3830  0.3110  0.3060  1
 999:   0.5060  0.2860  0.2080  1
1000:   0.3423  0.2192  0.4384  1
1001:   0.4440  0.2410  0.3150  1
1002:   0.3010  0.4600  0.2390  1
1003:   0.5270  0.2350  0.2380  1
1004:   0.4060  0.3300  0.2640  1
1005:   0.3550  0.2940  0.3510  1
1006:   0.2268  0.4715  0.3017  1
1007:   0.5730  0.2290  0.1980  1
1008:   0.4454  0.1852  0.3694  1
1009:   0.4230  0.2420  0.3350  1
1010:   0.3417  0.1948  0.4635  1
1011:   0.2730  0.2970  0.4300  1
1012:   0.2570  0.4170  0.3260  1
1013:   0.4825  0.1538  0.3636  1
1014:   0.2530  0.4030  0.3440  1
1015:   0.3367  0.2168  0.4466  1
1016:   0.3934  0.2813  0.3253  1
1017:   0.2180  0.4890  0.2930  1
1018:   0.3450  0.2650  0.3900  1
1019:   0.3363  0.4334  0.2302  1
1020:   0.4430  0.2980  0.2590  1
1021:   0.2440  0.3510  0.4050  1
1022:   0.3163  0.4014  0.2823  1
1023:   0.3990  0.4040  0.1970  1
1024:   0.3590  0.2880  0.3530  1
1025:   0.2870  0.2640  0.4490  1
1026:   0.3317  0.3137  0.3546  1
1027:   0.3630  0.3780  0.2590  1
1028:   0.3420  0.1720  0.4860  1
1029:   0.3870  0.2690  0.3440  1
1030:   0.2690  0.5150  0.2160  1
1031:   0.3350  0.2820  0.3830  1
1032:   0.1832  0.3904  0.4264  1
1033:   0.2850  0.3880  0.3270  1
1034:   0.2617  0.3726  0.3656  1
1035:   0.2340  0.2770  0.4890  1
1036:   0.1868  0.4376  0.3756  1
1037:   0.5000  0.1920  0.3080  1
1038:   0.4320  0.2670  0.3010  1
1039:   0.3690  0.2600  0.3710  1
1040:   0.2172  0.3984  0.3844  1
1041:   0.2422  0.5215  0.2362  1
1042:   0.2410  0.4610  0.2980  1
1043:   0.3077  0.4196  0.2727  1
1044:   0.4540  0.2440  0.3020  1
1045:   0.4140  0.4020  0.1840  1
1046:   0.3090  0.3840  0.3070  1
1047:   0.3480  0.3240  0.3280  1
1048:   0.3180  0.3880  0.2940  1
1049:   0.2470  0.4940  0.2590  1
1050:   0.2310  0.2070  0.5620  1
1051:   0.4350  0.2250  0.3400  1
1052:   0.4030  0.2910  0.3060  1
1053:   0.5390  0.1550  0.3060  1
1054:   0.2150  0.5890  0.1960  1
1055:   0.3420  0.3390  0.3190  1
1056:   0.3430  0.2340  0.4230  1
1057:   0.1890  0.5240  0.2870  1
1058:   0.3067  0.2977  0.3956  1
1059:   0.2843  0.1822  0.5335  1
1060:   0.2970  0.2440  0.4590  1
1061:   0.2160  0.5240  0.2600  1
1062:   0.3017  0.5015  0.1968  1
1063:   0.5630  0.2180  0.2190  1
1064:   0.2960  0.2960  0.4080  1
1065:   0.2470  0.4910  0.2620  1
1066:   0.4550  0.2360  0.3090  1
1067:   0.4920  0.2530  0.2550  1
1068:   0.2670  0.4320  0.3010  1
1069:   0.5155  0.2368  0.2478  1
1070:   0.3307  0.2238  0.4456  1
1071:   0.5410  0.1950  0.2640  1
1072:   0.4640  0.2970  0.2390  1
1073:   0.1580  0.6210  0.2210  1
1074:   0.3380  0.2700  0.3920  1
1075:   0.2740  0.4930  0.2330  1
1076:   0.4585  0.2072  0.3343  1
1077:   0.3447  0.4086  0.2468  1
1078:   0.4320  0.2350  0.3330  1
1079:   0.3070  0.4370  0.2560  1
1080:   0.2370  0.4550  0.3080  1
1081:   0.2790  0.4920  0.2290  1
1082:   0.3200  0.2870  0.3930  1
1083:   0.2190  0.4920  0.2890  1
1084:   0.2800  0.4550  0.2650  1
1085:   0.4250  0.2730  0.3020  1
1086:   0.3003  0.4484  0.2513  1
1087:   0.2660  0.4330  0.3010  1
1088:   0.4170  0.3320  0.2510  1
1089:   0.2900  0.3420  0.3680  1
1090:   0.4000  0.2890  0.3110  1
1091:   0.2240  0.4930  0.2830  1
1092:   0.2610  0.2880  0.4510  1
1093:   0.2288  0.4476  0.3237  1
1094:   0.2182  0.3463  0.4354  1
1095:   0.1950  0.6020  0.2030  1
1096:   0.2470  0.4600  0.2930  1
1097:   0.3210  0.3220  0.3570  1
1098:   0.2950  0.2770  0.4280  1
1099:   0.2550  0.2050  0.5400  1
1100:   0.2210  0.3530  0.4260  1
1101:   0.2880  0.4460  0.2660  1
1102:   0.4630  0.2040  0.3330  1
1103:   0.2560  0.3490  0.3950  1
1104:   0.5020  0.1640  0.3340  1
1105:   0.5584  0.2607  0.1808  1
1106:   0.2843  0.3073  0.4084  1
1107:   0.3320  0.4200  0.2480  1
1108:   0.4030  0.1960  0.4010  1
1109:   0.2823  0.2943  0.4234  1
1110:   0.3150  0.3960  0.2890  1
1111:   0.3000  0.2870  0.4130  1
1112:   0.2010  0.4780  0.3210  1
1113:   0.1460  0.3960  0.4580  1
1114:   0.2580  0.3030  0.4390  1
1115:   0.2440  0.1860  0.5700  1
1116:   0.2192  0.4104  0.3704  1
1117:   0.2900  0.1560  0.5540  1
1118:   0.2550  0.2180  0.5270  1
1119:   0.2490  0.4590  0.2920  1
1120:   0.4645  0.1748  0.3606  1
1121:   0.4580  0.1740  0.3680  1
1122:   0.5380  0.1930  0.2690  1
1123:   0.3097  0.2677  0.4226  1
1124:   0.4700  0.2200  0.3100  1
1125:   0.1570  0.6050  0.2380  1
1126:   0.4740  0.2760  0.2500  1
1127:   0.5275  0.2803  0.1922  1
1128:   0.3660  0.3560  0.2780  1
1129:   0.3180  0.3120  0.3700  1
1130:   0.1690  0.5220  0.3090  1
1131:   0.2320  0.5380  0.2300  1
1132:   0.2442  0.3423  0.4134  1
1133:   0.3570  0.2210  0.4220  1
1134:   0.4630  0.2990  0.2380  1
1135:   0.2970  0.3830  0.3200  1
1136:   0.4300  0.3140  0.2560  1
1137:   0.1978  0.5335  0.2687  1
1138:   0.2160  0.4340  0.3500  1
1139:   0.2600  0.3160  0.4240  1
1140:   0.1772  0.4555  0.3674  1
1141:   0.3530  0.3560  0.2910  1
1142:   0.4340  0.2440  0.3220  1
1143:   0.3544  0.3914  0.2543  1
1144:   0.2613  0.4525  0.2863  1
1145:   0.3980  0.3020  0.3000  1
1146:   0.2040  0.4070  0.3890  1
1147:   0.2760  0.3720  0.3520  1
1148:   0.2162  0.4134  0.3704  1
1149:   0.2823  0.4344  0.2833  1
1150:   0.3220  0.3290  0.3490  1
1151:   0.5000  0.2790  0.2210  1
1152:   0.4000  0.3910  0.2090  1
1153:   0.4060  0.2240  0.3700  1
1154:   0.4795  0.3083  0.2122  1
1155:   0.3850  0.3730  0.2420  1
1156:   0.2230  0.4170  0.3600  1
1157:   0.3584  0.3203  0.3213  1
1158:   0.2352  0.5305  0.2342  1
1159:   0.3630  0.3300  0.3070  1
1160:   0.2310  0.5090  0.2600  1
1161:   0.3090  0.2820  0.4090  1
1162:   0.3960  0.2010  0.4030  1
1163:   0.3397  0.3397  0.3207  1
1164:   0.4840  0.2440  0.2720  1
1165:   0.2332  0.3303  0.4364  1
1166:   0.4100  0.1850  0.4050  1
1167:   0.2222  0.3784  0.3994  1
1168:   0.3190  0.2910  0.3900  1
1169:   0.4266  0.3726  0.2008  1
1170:   0.3530  0.4470  0.2000  1
1171:   0.2797  0.4875  0.2328  1
1172:   0.3950  0.3440  0.2610  1
1173:   0.2550  0.4860  0.2590  1
1174:   0.4825  0.1548  0.3626  1
1175:   0.3060  0.4480  0.2460  1
1176:   0.2930  0.2880  0.4190  1
