1:    0.038 0.041 0.044 0.042 0.793 0.042 1    
2:    0.045 0.031 0.023 0.032 0.825 0.044 1    
3:    0.020 0.020 0.021 0.021 0.899 0.020 1    
4:    0.035 0.028 0.030 0.030 0.845 0.033 1    
5:    0.017 0.018 0.017 0.017 0.915 0.015 1    
6:    0.017 0.016 0.016 0.017 0.918 0.017 1    
7:    0.051 0.035 0.037 0.037 0.791 0.049 1    
8:    0.020 0.019 0.017 0.018 0.909 0.018 1    
9:    0.019 0.021 0.021 0.022 0.897 0.020 1    
10:   0.016 0.013 0.012 0.014 0.931 0.013 1    
11:   0.025 0.025 0.023 0.024 0.881 0.022 1    
12:   0.154 0.158 0.174 0.160 0.213 0.142 1    
13:   0.056 0.055 0.058 0.053 0.725 0.053 1    
14:   0.109 0.130 0.150 0.120 0.349 0.143 1    
15:   0.079 0.079 0.102 0.092 0.560 0.088 1    
16:   0.218 0.212 0.164 0.244 0.010 0.152 1    
17:   0.237 0.250 0.111 0.215 0.008 0.178 1    
18:   0.242 0.239 0.110 0.213 0.011 0.186 1    
19:   0.259 0.189 0.117 0.172 0.024 0.240 1    
20:   0.095 0.203 0.306 0.183 0.010 0.204 1    
21:   0.311 0.183 0.075 0.134 0.012 0.286 1    
22:   0.190 0.164 0.143 0.163 0.141 0.199 1    
23:   0.162 0.200 0.209 0.181 0.038 0.208 1    
24:   0.206 0.176 0.190 0.170 0.024 0.234 1    
25:   0.263 0.189 0.143 0.240 0.021 0.144 1    
26:   0.156 0.176 0.258 0.164 0.052 0.195 1    
27:   0.150 0.208 0.236 0.198 0.014 0.194 1    
28:   0.227 0.197 0.158 0.201 0.009 0.208 1    
29:   0.261 0.178 0.148 0.255 0.010 0.148 1    
30:   0.301 0.202 0.088 0.160 0.018 0.229 1    
31:   0.115 0.124 0.123 0.132 0.394 0.113 1    
32:   0.256 0.188 0.102 0.178 0.010 0.266 1    
33:   0.196 0.196 0.171 0.187 0.013 0.238 1    
34:   0.101 0.105 0.111 0.098 0.469 0.115 1    
35:   0.197 0.185 0.196 0.222 0.038 0.162 1    
36:   0.269 0.162 0.154 0.230 0.032 0.154 1    
37:   0.146 0.190 0.226 0.183 0.061 0.194 1    
38:   0.230 0.196 0.154 0.205 0.015 0.201 1    
39:   0.250 0.190 0.148 0.234 0.011 0.167 1    
40:   0.196 0.201 0.193 0.196 0.010 0.205 1    
41:   0.172 0.219 0.221 0.202 0.017 0.169 1    
42:   0.212 0.162 0.209 0.189 0.020 0.208 1    
43:   0.174 0.184 0.247 0.197 0.026 0.171 1    
44:   0.262 0.193 0.133 0.260 0.009 0.143 1    
45:   0.168 0.188 0.225 0.213 0.015 0.191 1    
46:   0.195 0.241 0.151 0.227 0.023 0.163 1    
47:   0.133 0.186 0.278 0.183 0.023 0.197 1    
48:   0.257 0.160 0.151 0.182 0.032 0.219 1    
49:   0.217 0.201 0.153 0.174 0.042 0.213 1    
50:   0.125 0.198 0.260 0.189 0.063 0.164 1    
51:   0.135 0.218 0.241 0.181 0.038 0.187 1    
52:   0.227 0.176 0.141 0.199 0.042 0.214 1    
53:   0.317 0.160 0.084 0.154 0.023 0.262 1    
54:   0.144 0.216 0.260 0.190 0.010 0.180 1    
55:   0.285 0.233 0.085 0.162 0.008 0.227 1    
56:   0.149 0.189 0.244 0.197 0.020 0.201 1    
57:   0.180 0.165 0.250 0.196 0.056 0.153 1    
58:   0.232 0.219 0.145 0.194 0.020 0.191 1    
59:   0.200 0.198 0.167 0.209 0.012 0.215 1    
60:   0.258 0.164 0.146 0.183 0.030 0.219 1    
61:   0.120 0.214 0.277 0.170 0.007 0.213 1    
62:   0.228 0.202 0.151 0.221 0.016 0.182 1    
63:   0.139 0.231 0.233 0.194 0.029 0.174 1    
64:   0.205 0.178 0.204 0.193 0.020 0.201 1    
65:   0.145 0.191 0.232 0.244 0.009 0.179 1    
66:   0.154 0.189 0.226 0.232 0.011 0.187 1    
67:   0.242 0.229 0.103 0.237 0.013 0.176 1    
68:   0.100 0.214 0.310 0.146 0.029 0.201 1    
69:   0.159 0.210 0.236 0.199 0.009 0.188 1    
70:   0.285 0.204 0.108 0.158 0.015 0.229 1    
71:   0.127 0.223 0.271 0.163 0.013 0.203 1    
72:   0.216 0.255 0.119 0.234 0.005 0.171 1    
73:   0.180 0.195 0.190 0.203 0.037 0.195 1    
74:   0.188 0.235 0.169 0.202 0.008 0.198 1    
75:   0.244 0.171 0.186 0.219 0.017 0.163 1    
76:   0.105 0.183 0.287 0.156 0.081 0.187 1    
77:   0.272 0.152 0.123 0.226 0.081 0.146 1    
78:   0.124 0.214 0.257 0.202 0.015 0.188 1    
79:   0.197 0.219 0.177 0.169 0.008 0.230 1    
80:   0.104 0.206 0.306 0.171 0.017 0.196 1    
81:   0.211 0.199 0.169 0.179 0.017 0.225 1    
82:   0.064 0.185 0.366 0.154 0.008 0.224 1    
83:   0.139 0.211 0.257 0.175 0.015 0.203 1    
84:   0.146 0.200 0.267 0.158 0.016 0.214 1    
85:   0.201 0.200 0.204 0.205 0.014 0.177 1    
86:   0.239 0.240 0.117 0.196 0.022 0.186 1    
87:   0.154 0.183 0.232 0.253 0.008 0.170 1    
88:   0.160 0.225 0.219 0.211 0.021 0.164 1    
89:   0.074 0.180 0.363 0.170 0.010 0.205 1    
90:   0.139 0.195 0.260 0.201 0.010 0.194 1    
91:   0.190 0.215 0.188 0.212 0.010 0.185 1    
92:   0.204 0.204 0.185 0.205 0.009 0.192 1    
93:   0.244 0.235 0.106 0.227 0.019 0.169 1    
94:   0.243 0.196 0.137 0.176 0.006 0.242 1    
95:   0.214 0.211 0.163 0.182 0.013 0.217 1    
96:   0.172 0.162 0.172 0.158 0.148 0.187 1    
97:   0.208 0.214 0.157 0.209 0.011 0.201 1    
98:   0.258 0.183 0.143 0.183 0.019 0.214 1    
99:   0.190 0.177 0.218 0.200 0.021 0.194 1    
100:  0.189 0.216 0.200 0.169 0.023 0.202 1    
101:  0.219 0.180 0.202 0.210 0.022 0.168 1    
102:  0.191 0.206 0.196 0.218 0.011 0.178 1    
103:  0.197 0.216 0.156 0.190 0.044 0.197 1    
104:  0.126 0.182 0.288 0.199 0.009 0.196 1    
105:  0.090 0.201 0.308 0.198 0.018 0.185 1    
106:  0.093 0.203 0.315 0.203 0.018 0.168 1    
107:  0.146 0.180 0.219 0.184 0.089 0.183 1    
108:  0.268 0.188 0.131 0.158 0.006 0.249 1    
109:  0.222 0.216 0.140 0.168 0.029 0.225 1    
110:  0.149 0.202 0.256 0.195 0.009 0.188 1    
111:  0.263 0.218 0.123 0.239 0.018 0.139 1    
112:  0.258 0.230 0.106 0.182 0.012 0.212 1    
113:  0.147 0.210 0.243 0.191 0.006 0.203 1    
114:  0.144 0.175 0.237 0.176 0.065 0.203 1    
115:  0.145 0.223 0.235 0.187 0.010 0.201 1    
116:  0.134 0.197 0.265 0.198 0.024 0.183 1    
117:  0.164 0.206 0.217 0.215 0.013 0.186 1    
118:  0.251 0.210 0.139 0.150 0.017 0.232 1    
119:  0.241 0.226 0.119 0.176 0.017 0.221 1    
120:  0.161 0.158 0.165 0.169 0.180 0.166 1    
121:  0.196 0.177 0.185 0.150 0.067 0.225 1    
122:  0.197 0.187 0.197 0.239 0.006 0.174 1    
123:  0.158 0.216 0.215 0.183 0.011 0.217 1    
124:  0.191 0.193 0.203 0.172 0.017 0.224 1    
125:  0.149 0.199 0.228 0.248 0.007 0.169 1    
126:  0.240 0.208 0.129 0.221 0.006 0.195 1    
127:  0.237 0.180 0.172 0.240 0.025 0.146 1    
128:  0.186 0.183 0.223 0.203 0.020 0.186 1    
129:  0.149 0.191 0.231 0.220 0.017 0.193 1    
130:  0.236 0.229 0.114 0.159 0.016 0.247 1    
131:  0.228 0.239 0.136 0.225 0.011 0.161 1    
132:  0.171 0.171 0.217 0.148 0.079 0.214 1    
133:  0.203 0.214 0.154 0.213 0.007 0.209 1    
134:  0.223 0.216 0.153 0.235 0.008 0.165 1    
135:  0.297 0.185 0.095 0.139 0.006 0.278 1    
136:  0.142 0.196 0.246 0.227 0.005 0.184 1    
137:  0.215 0.234 0.139 0.183 0.029 0.199 1    
138:  0.184 0.175 0.224 0.194 0.033 0.189 1    
139:  0.185 0.189 0.197 0.227 0.014 0.188 1    
140:  0.254 0.159 0.129 0.151 0.069 0.238 1    
141:  0.254 0.181 0.156 0.249 0.007 0.152 1    
142:  0.255 0.228 0.119 0.206 0.015 0.177 1    
143:  0.093 0.093 0.093 0.096 0.535 0.090 1    
144:  0.156 0.219 0.225 0.221 0.011 0.168 1    
145:  0.159 0.193 0.206 0.183 0.047 0.212 1    
146:  0.319 0.173 0.085 0.139 0.006 0.278 1    
147:  0.120 0.155 0.206 0.158 0.210 0.152 1    
148:  0.237 0.220 0.140 0.194 0.020 0.189 1    
149:  0.262 0.187 0.152 0.232 0.023 0.144 1    
150:  0.169 0.212 0.217 0.179 0.024 0.199 1    
151:  0.293 0.159 0.119 0.162 0.018 0.249 1    
152:  0.242 0.195 0.140 0.167 0.011 0.245 1    
153:  0.188 0.152 0.274 0.183 0.016 0.186 1    
154:  0.305 0.188 0.074 0.145 0.006 0.282 1    
155:  0.241 0.191 0.163 0.224 0.025 0.156 1    
156:  0.219 0.192 0.189 0.204 0.013 0.182 1    
157:  0.207 0.202 0.177 0.216 0.034 0.164 1    
158:  0.162 0.182 0.234 0.227 0.010 0.184 1    
159:  0.114 0.225 0.297 0.154 0.011 0.198 1    
160:  0.149 0.196 0.230 0.226 0.008 0.190 1    
161:  0.249 0.164 0.169 0.207 0.041 0.170 1    
162:  0.244 0.201 0.143 0.238 0.022 0.153 1    
163:  0.247 0.229 0.123 0.175 0.012 0.215 1    
164:  0.128 0.221 0.264 0.184 0.006 0.197 1    
165:  0.152 0.208 0.209 0.210 0.044 0.177 1    
166:  0.270 0.163 0.134 0.168 0.022 0.242 1    
167:  0.199 0.182 0.220 0.218 0.009 0.171 1    
168:  0.248 0.179 0.149 0.182 0.019 0.223 1    
169:  0.151 0.200 0.231 0.192 0.052 0.174 1    
170:  0.215 0.232 0.144 0.216 0.021 0.173 1    
171:  0.228 0.249 0.112 0.234 0.009 0.169 1    
172:  0.241 0.209 0.151 0.214 0.015 0.170 1    
173:  0.179 0.174 0.204 0.209 0.058 0.175 1    
174:  0.135 0.187 0.263 0.186 0.027 0.202 1    
175:  0.121 0.204 0.266 0.198 0.019 0.193 1    
176:  0.192 0.178 0.198 0.207 0.023 0.202 1    
177:  0.188 0.233 0.160 0.207 0.020 0.191 1    
178:  0.163 0.201 0.196 0.206 0.049 0.185 1    
179:  0.320 0.183 0.073 0.155 0.009 0.260 1    
180:  0.230 0.187 0.187 0.226 0.017 0.154 1    
181:  0.167 0.167 0.177 0.199 0.138 0.152 1    
182:  0.228 0.203 0.155 0.205 0.026 0.182 1    
183:  0.112 0.210 0.288 0.182 0.017 0.190 1    
184:  0.260 0.187 0.127 0.159 0.039 0.228 1    
185:  0.184 0.199 0.184 0.243 0.028 0.163 1    
186:  0.176 0.203 0.201 0.231 0.015 0.174 1    
187:  0.147 0.205 0.260 0.186 0.017 0.184 1    
188:  0.170 0.187 0.220 0.179 0.024 0.221 1    
189:  0.321 0.186 0.083 0.159 0.019 0.231 1    
190:  0.240 0.181 0.157 0.180 0.017 0.224 1    
191:  0.247 0.191 0.158 0.233 0.032 0.139 1    
192:  0.222 0.194 0.172 0.185 0.014 0.213 1    
193:  0.144 0.179 0.268 0.158 0.067 0.185 1    
194:  0.244 0.183 0.142 0.188 0.026 0.216 1    
195:  0.214 0.210 0.157 0.164 0.035 0.220 1    
196:  0.135 0.185 0.215 0.177 0.122 0.166 1    
197:  0.266 0.228 0.099 0.156 0.007 0.244 1    
198:  0.275 0.185 0.118 0.171 0.010 0.241 1    
199:  0.239 0.233 0.114 0.197 0.011 0.206 1    
200:  0.166 0.199 0.223 0.202 0.013 0.198 1    
201:  0.182 0.217 0.187 0.223 0.014 0.178 1    
202:  0.136 0.186 0.257 0.167 0.088 0.167 1    
203:  0.253 0.192 0.157 0.245 0.019 0.134 1    
204:  0.194 0.225 0.165 0.220 0.025 0.172 1    
205:  0.161 0.209 0.212 0.202 0.008 0.209 1    
206:  0.159 0.226 0.217 0.191 0.012 0.195 1    
207:  0.197 0.200 0.195 0.164 0.018 0.226 1    
208:  0.205 0.191 0.195 0.215 0.047 0.147 1    
209:  0.122 0.190 0.285 0.197 0.010 0.195 1    
210:  0.198 0.221 0.175 0.239 0.008 0.159 1    
211:  0.247 0.178 0.138 0.173 0.008 0.256 1    
212:  0.176 0.190 0.213 0.214 0.018 0.190 1    
213:  0.155 0.198 0.232 0.178 0.055 0.183 1    
214:  0.168 0.204 0.227 0.181 0.011 0.209 1    
215:  0.136 0.214 0.252 0.184 0.018 0.196 1    
216:  0.229 0.179 0.168 0.161 0.029 0.234 1    
217:  0.192 0.175 0.237 0.199 0.029 0.168 1    
218:  0.188 0.187 0.199 0.242 0.023 0.162 1    
219:  0.276 0.175 0.143 0.239 0.009 0.159 1    
220:  0.127 0.197 0.305 0.150 0.025 0.196 1    
221:  0.198 0.219 0.165 0.198 0.007 0.212 1    
222:  0.153 0.196 0.226 0.215 0.006 0.204 1    
223:  0.219 0.204 0.152 0.211 0.024 0.189 1    
224:  0.260 0.175 0.145 0.161 0.008 0.252 1    
225:  0.240 0.222 0.131 0.199 0.006 0.202 1    
226:  0.179 0.179 0.211 0.223 0.012 0.196 1    
227:  0.119 0.196 0.306 0.163 0.010 0.206 1    
228:  0.151 0.167 0.246 0.219 0.037 0.181 1    
229:  0.267 0.192 0.092 0.167 0.009 0.273 1    
230:  0.111 0.214 0.285 0.184 0.018 0.188 1    
231:  0.124 0.199 0.269 0.193 0.021 0.194 1    
232:  0.131 0.203 0.237 0.216 0.008 0.206 1    
233:  0.206 0.184 0.197 0.177 0.020 0.215 1    
234:  0.183 0.239 0.183 0.174 0.010 0.212 1    
235:  0.184 0.174 0.210 0.231 0.017 0.184 1    
236:  0.221 0.180 0.180 0.212 0.057 0.149 1    
237:  0.159 0.192 0.254 0.192 0.007 0.196 1    
238:  0.189 0.182 0.197 0.170 0.024 0.239 1    
239:  0.169 0.191 0.201 0.171 0.104 0.164 1    
240:  0.238 0.228 0.121 0.192 0.007 0.213 1    
241:  0.250 0.217 0.126 0.187 0.007 0.212 1    
242:  0.151 0.204 0.232 0.179 0.024 0.211 1    
243:  0.248 0.179 0.138 0.185 0.013 0.237 1    
244:  0.242 0.174 0.150 0.209 0.036 0.190 1    
245:  0.210 0.224 0.148 0.241 0.008 0.169 1    
246:  0.165 0.196 0.185 0.185 0.126 0.144 1    
247:  0.205 0.190 0.209 0.211 0.015 0.170 1    
248:  0.233 0.190 0.150 0.212 0.033 0.182 1    
249:  0.100 0.214 0.295 0.162 0.026 0.203 1    
250:  0.154 0.206 0.235 0.215 0.012 0.177 1    
251:  0.244 0.232 0.122 0.160 0.010 0.232 1    
252:  0.101 0.107 0.129 0.115 0.439 0.108 1    
253:  0.281 0.164 0.114 0.138 0.056 0.247 1    
254:  0.174 0.219 0.203 0.212 0.008 0.185 1    
255:  0.220 0.253 0.133 0.204 0.017 0.173 1    
256:  0.203 0.237 0.150 0.206 0.010 0.194 1    
257:  0.158 0.197 0.214 0.237 0.008 0.186 1    
258:  0.234 0.180 0.183 0.180 0.015 0.207 1    
259:  0.280 0.164 0.122 0.163 0.036 0.234 1    
260:  0.203 0.187 0.182 0.216 0.010 0.202 1    
261:  0.117 0.201 0.277 0.204 0.022 0.179 1    
262:  0.147 0.193 0.233 0.184 0.042 0.201 1    
263:  0.173 0.209 0.209 0.185 0.031 0.193 1    
264:  0.193 0.244 0.144 0.211 0.019 0.189 1    
265:  0.223 0.192 0.160 0.199 0.014 0.213 1    
266:  0.260 0.220 0.099 0.234 0.012 0.175 1    
267:  0.222 0.170 0.177 0.205 0.066 0.159 1    
268:  0.202 0.191 0.209 0.204 0.012 0.181 1    
269:  0.208 0.171 0.173 0.201 0.010 0.237 1    
270:  0.235 0.195 0.149 0.236 0.006 0.179 1    
271:  0.269 0.215 0.110 0.223 0.012 0.171 1    
272:  0.289 0.179 0.095 0.158 0.026 0.253 1    
273:  0.182 0.193 0.222 0.154 0.022 0.227 1    
274:  0.131 0.186 0.289 0.170 0.031 0.194 1    
275:  0.165 0.212 0.244 0.211 0.011 0.158 1    
276:  0.175 0.178 0.229 0.208 0.014 0.197 1    
277:  0.297 0.218 0.065 0.144 0.007 0.268 1    
278:  0.344 0.162 0.064 0.143 0.008 0.279 1    
279:  0.248 0.212 0.125 0.218 0.020 0.177 1    
280:  0.186 0.211 0.197 0.202 0.011 0.194 1    
281:  0.243 0.220 0.112 0.230 0.018 0.177 1    
282:  0.239 0.202 0.130 0.166 0.018 0.245 1    
283:  0.263 0.229 0.111 0.175 0.013 0.209 1    
284:  0.240 0.187 0.166 0.177 0.009 0.222 1    
285:  0.171 0.193 0.259 0.190 0.015 0.173 1    
286:  0.118 0.194 0.286 0.191 0.017 0.195 1    
287:  0.210 0.215 0.164 0.198 0.010 0.202 1    
288:  0.212 0.217 0.169 0.177 0.017 0.209 1    
289:  0.221 0.183 0.166 0.193 0.017 0.220 1    
290:  0.316 0.176 0.079 0.149 0.021 0.261 1    
291:  0.273 0.182 0.130 0.222 0.030 0.162 1    
292:  0.201 0.211 0.186 0.201 0.009 0.192 1    
293:  0.173 0.199 0.242 0.185 0.009 0.191 1    
294:  0.248 0.223 0.101 0.152 0.024 0.253 1    
295:  0.232 0.188 0.142 0.212 0.017 0.208 1    
296:  0.165 0.199 0.205 0.214 0.025 0.191 1    
297:  0.203 0.169 0.176 0.220 0.092 0.141 1    
298:  0.157 0.185 0.245 0.216 0.018 0.179 1    
299:  0.120 0.210 0.257 0.218 0.006 0.189 1    
300:  0.181 0.201 0.224 0.174 0.028 0.193 1    
301:  0.158 0.171 0.231 0.196 0.021 0.222 1    
302:  0.152 0.201 0.203 0.240 0.014 0.190 1    
303:  0.175 0.197 0.205 0.210 0.044 0.169 1    
304:  0.260 0.194 0.124 0.157 0.014 0.250 1    
305:  0.289 0.185 0.111 0.143 0.009 0.262 1    
306:  0.148 0.207 0.238 0.213 0.011 0.184 1    
307:  0.141 0.202 0.266 0.198 0.020 0.173 1    
308:  0.157 0.183 0.270 0.149 0.017 0.224 1    
309:  0.309 0.162 0.090 0.170 0.011 0.258 1    
310:  0.243 0.189 0.169 0.207 0.014 0.179 1    
311:  0.135 0.208 0.272 0.170 0.023 0.193 1    
312:  0.103 0.194 0.314 0.145 0.020 0.223 1    
313:  0.248 0.202 0.137 0.190 0.016 0.208 1    
314:  0.172 0.188 0.235 0.207 0.009 0.188 1    
315:  0.145 0.200 0.232 0.168 0.061 0.193 1    
316:  0.113 0.191 0.286 0.171 0.055 0.185 1    
317:  0.164 0.205 0.200 0.208 0.060 0.164 1    
318:  0.248 0.175 0.164 0.236 0.011 0.167 1    
319:  0.279 0.237 0.095 0.153 0.009 0.227 1    
320:  0.170 0.210 0.209 0.214 0.007 0.191 1    
321:  0.183 0.221 0.189 0.228 0.013 0.166 1    
322:  0.264 0.232 0.091 0.180 0.026 0.207 1    
323:  0.237 0.189 0.128 0.164 0.014 0.269 1    
324:  0.205 0.189 0.212 0.207 0.013 0.174 1    
325:  0.166 0.203 0.206 0.206 0.006 0.212 1    
326:  0.196 0.203 0.184 0.186 0.008 0.224 1    
327:  0.170 0.196 0.236 0.190 0.027 0.181 1    
328:  0.185 0.200 0.168 0.219 0.080 0.148 1    
329:  0.237 0.188 0.156 0.182 0.008 0.229 1    
330:  0.183 0.236 0.155 0.203 0.035 0.187 1    
331:  0.220 0.202 0.154 0.192 0.015 0.217 1    
332:  0.243 0.215 0.122 0.229 0.022 0.168 1    
333:  0.217 0.182 0.192 0.204 0.022 0.184 1    
334:  0.270 0.156 0.109 0.223 0.113 0.129 1    
335:  0.227 0.233 0.124 0.254 0.007 0.155 1    
336:  0.242 0.187 0.136 0.177 0.012 0.246 1    
337:  0.219 0.217 0.146 0.192 0.034 0.192 1    
338:  0.257 0.185 0.127 0.175 0.030 0.226 1    
339:  0.192 0.180 0.168 0.167 0.097 0.197 1    
340:  0.242 0.157 0.196 0.223 0.015 0.167 1    
341:  0.203 0.234 0.155 0.249 0.015 0.144 1    
342:  0.082 0.142 0.183 0.125 0.349 0.118 1    
343:  0.202 0.205 0.178 0.212 0.026 0.177 1    
344:  0.207 0.207 0.175 0.230 0.020 0.161 1    
345:  0.206 0.192 0.161 0.191 0.033 0.217 1    
346:  0.259 0.185 0.146 0.244 0.017 0.148 1    
347:  0.129 0.181 0.282 0.145 0.043 0.220 1    
348:  0.126 0.224 0.275 0.183 0.005 0.187 1    
349:  0.125 0.155 0.234 0.149 0.149 0.188 1    
350:  0.149 0.189 0.246 0.207 0.017 0.192 1    
351:  0.208 0.224 0.141 0.247 0.011 0.169 1    
352:  0.189 0.196 0.185 0.181 0.007 0.242 1    
353:  0.227 0.247 0.126 0.219 0.008 0.173 1    
354:  0.140 0.200 0.249 0.200 0.012 0.201 1    
355:  0.116 0.196 0.312 0.178 0.017 0.181 1    
356:  0.167 0.197 0.223 0.199 0.044 0.171 1    
357:  0.179 0.190 0.210 0.219 0.011 0.190 1    
358:  0.141 0.195 0.248 0.225 0.007 0.183 1    
359:  0.155 0.155 0.162 0.171 0.192 0.166 1    
360:  0.215 0.197 0.186 0.218 0.018 0.167 1    
361:  0.138 0.183 0.232 0.147 0.121 0.178 1    
362:  0.124 0.206 0.287 0.140 0.025 0.219 1    
363:  0.164 0.190 0.235 0.225 0.007 0.179 1    
364:  0.215 0.218 0.144 0.175 0.048 0.201 1    
365:  0.197 0.171 0.164 0.203 0.116 0.148 1    
366:  0.181 0.187 0.215 0.202 0.021 0.194 1    
367:  0.238 0.202 0.150 0.164 0.018 0.228 1    
368:  0.259 0.249 0.093 0.177 0.011 0.211 1    
369:  0.150 0.179 0.285 0.156 0.008 0.222 1    
370:  0.258 0.179 0.148 0.204 0.009 0.202 1    
371:  0.189 0.251 0.162 0.228 0.010 0.160 1    
372:  0.101 0.191 0.291 0.142 0.072 0.201 1    
373:  0.126 0.165 0.286 0.175 0.066 0.182 1    
374:  0.237 0.203 0.120 0.183 0.062 0.194 1    
375:  0.176 0.193 0.225 0.194 0.017 0.195 1    
376:  0.203 0.193 0.183 0.214 0.009 0.198 1    
377:  0.129 0.203 0.251 0.205 0.021 0.190 1    
378:  0.185 0.198 0.181 0.211 0.018 0.207 1    
379:  0.103 0.200 0.307 0.167 0.022 0.202 1    
380:  0.255 0.241 0.095 0.223 0.010 0.176 1    
381:  0.235 0.204 0.154 0.231 0.016 0.160 1    
382:  0.237 0.187 0.162 0.230 0.011 0.173 1    
383:  0.167 0.205 0.226 0.194 0.011 0.196 1    
384:  0.147 0.211 0.220 0.207 0.012 0.204 1    
385:  0.180 0.179 0.210 0.193 0.016 0.223 1    
386:  0.142 0.211 0.228 0.208 0.018 0.193 1    
387:  0.193 0.202 0.175 0.199 0.019 0.213 1    
388:  0.245 0.163 0.158 0.246 0.063 0.126 1    
389:  0.164 0.197 0.237 0.195 0.008 0.198 1    
390:  0.224 0.232 0.125 0.232 0.010 0.176 1    
391:  0.297 0.180 0.112 0.195 0.017 0.199 1    
392:  0.184 0.182 0.213 0.197 0.022 0.202 1    
393:  0.189 0.189 0.202 0.205 0.011 0.203 1    
394:  0.155 0.212 0.229 0.206 0.025 0.173 1    
395:  0.159 0.168 0.178 0.150 0.156 0.189 1    
396:  0.182 0.198 0.220 0.193 0.007 0.200 1    
397:  0.219 0.206 0.170 0.249 0.021 0.135 1    
398:  0.251 0.194 0.130 0.181 0.018 0.226 1    
399:  0.159 0.202 0.225 0.216 0.012 0.186 1    
400:  0.167 0.198 0.198 0.222 0.030 0.185 1    
401:  0.181 0.184 0.214 0.190 0.013 0.218 1    
402:  0.241 0.165 0.117 0.224 0.139 0.115 1    
403:  0.273 0.178 0.126 0.275 0.024 0.125 1    
404:  0.057 0.065 0.063 0.062 0.692 0.062 1    
405:  0.208 0.162 0.189 0.203 0.048 0.190 1    
406:  0.162 0.188 0.231 0.197 0.066 0.155 1    
407:  0.064 0.077 0.116 0.087 0.574 0.083 1    
408:  0.235 0.189 0.160 0.183 0.015 0.217 1    
409:  0.244 0.146 0.117 0.152 0.131 0.211 1    
410:  0.153 0.210 0.223 0.214 0.013 0.187 1    
411:  0.129 0.239 0.245 0.183 0.013 0.191 1    
412:  0.235 0.198 0.131 0.159 0.028 0.249 1    
413:  0.150 0.193 0.219 0.165 0.095 0.178 1    
414:  0.220 0.194 0.190 0.207 0.026 0.164 1    
415:  0.308 0.156 0.111 0.176 0.010 0.238 1    
416:  0.186 0.178 0.208 0.243 0.008 0.176 1    
417:  0.103 0.184 0.320 0.175 0.014 0.204 1    
418:  0.117 0.224 0.277 0.175 0.011 0.197 1    
419:  0.247 0.159 0.143 0.172 0.047 0.233 1    
420:  0.222 0.160 0.170 0.229 0.055 0.164 1    
421:  0.118 0.210 0.290 0.171 0.009 0.202 1    
422:  0.142 0.179 0.245 0.223 0.010 0.201 1    
423:  0.256 0.178 0.153 0.226 0.021 0.166 1    
424:  0.152 0.199 0.233 0.211 0.007 0.197 1    
425:  0.187 0.164 0.213 0.228 0.012 0.196 1    
426:  0.218 0.203 0.164 0.218 0.038 0.160 1    
427:  0.151 0.173 0.258 0.212 0.023 0.183 1    
428:  0.238 0.189 0.148 0.239 0.027 0.158 1    
429:  0.197 0.150 0.216 0.223 0.016 0.199 1    
430:  0.208 0.198 0.197 0.204 0.011 0.183 1    
431:  0.087 0.197 0.359 0.125 0.012 0.220 1    
432:  0.106 0.106 0.112 0.108 0.469 0.100 1    
433:  0.203 0.182 0.192 0.200 0.047 0.177 1    
434:  0.170 0.193 0.217 0.193 0.018 0.209 1    
435:  0.216 0.174 0.189 0.237 0.016 0.169 1    
436:  0.151 0.182 0.238 0.225 0.023 0.182 1    
437:  0.150 0.209 0.252 0.184 0.009 0.195 1    
438:  0.148 0.217 0.237 0.199 0.012 0.187 1    
439:  0.120 0.117 0.114 0.112 0.437 0.100 1    
440:  0.151 0.177 0.250 0.183 0.058 0.182 1    
441:  0.215 0.183 0.194 0.188 0.022 0.198 1    
442:  0.321 0.158 0.083 0.157 0.013 0.268 1    
443:  0.210 0.164 0.190 0.188 0.038 0.208 1    
444:  0.201 0.193 0.181 0.242 0.032 0.150 1    
445:  0.093 0.186 0.285 0.135 0.116 0.184 1    
446:  0.142 0.185 0.217 0.176 0.102 0.178 1    
447:  0.167 0.192 0.226 0.221 0.022 0.171 1    
448:  0.146 0.183 0.212 0.175 0.105 0.178 1    
449:  0.168 0.165 0.199 0.178 0.108 0.182 1    
450:  0.151 0.173 0.245 0.200 0.061 0.171 1    
451:  0.303 0.145 0.101 0.179 0.018 0.254 1    
452:  0.165 0.166 0.217 0.204 0.055 0.194 1    
453:  0.129 0.175 0.229 0.179 0.101 0.187 1    
454:  0.156 0.158 0.201 0.188 0.132 0.164 1    
455:  0.155 0.170 0.205 0.179 0.099 0.192 1    
456:  0.139 0.160 0.193 0.166 0.147 0.195 1    
457:  0.115 0.169 0.277 0.158 0.084 0.197 1    
458:  0.181 0.181 0.198 0.202 0.070 0.167 1    
459:  0.225 0.197 0.168 0.188 0.012 0.210 1    
460:  0.319 0.160 0.087 0.152 0.012 0.269 1    
461:  0.086 0.166 0.303 0.149 0.109 0.187 1    
462:  0.010 0.010 0.010 0.010 0.951 0.010 1    
463:  0.010 0.011 0.013 0.012 0.943 0.011 1    
464:  0.021 0.020 0.020 0.024 0.898 0.018 1    
465:  0.086 0.188 0.243 0.130 0.197 0.155 1    
466:  0.022 0.029 0.038 0.029 0.855 0.027 1    
467:  0.129 0.142 0.143 0.140 0.311 0.135 1    
468:  0.159 0.153 0.144 0.152 0.276 0.115 1    
469:  0.123 0.177 0.230 0.144 0.164 0.163 1    
470:  0.043 0.059 0.084 0.059 0.692 0.062 1    
471:  0.126 0.133 0.171 0.149 0.295 0.125 1    
472:  0.166 0.140 0.154 0.162 0.246 0.133 1    
473:  0.099 0.154 0.219 0.147 0.211 0.171 1    
474:  0.017 0.015 0.016 0.017 0.918 0.016 1    
475:  0.043 0.077 0.151 0.068 0.585 0.076 1    
476:  0.026 0.029 0.026 0.024 0.866 0.029 1    
477:  0.023 0.023 0.022 0.020 0.888 0.024 1    
478:  0.126 0.140 0.162 0.136 0.285 0.151 1    
479:  0.019 0.017 0.019 0.018 0.908 0.019 1    
480:  0.015 0.015 0.017 0.017 0.920 0.016 1    
481:  0.022 0.027 0.019 0.027 0.885 0.020 1    
482:  0.009 0.008 0.008 0.009 0.957 0.008 1    
483:  0.027 0.025 0.026 0.026 0.876 0.020 1    
484:  0.167 0.194 0.215 0.190 0.079 0.155 1    
485:  0.072 0.068 0.077 0.065 0.660 0.059 1    
486:  0.035 0.034 0.041 0.030 0.824 0.037 1    
487:  0.010 0.009 0.010 0.009 0.952 0.009 1    
488:  0.023 0.026 0.032 0.023 0.869 0.027 1    
489:  0.067 0.113 0.180 0.092 0.437 0.112 1    
490:  0.189 0.118 0.161 0.166 0.227 0.139 1    
491:  0.020 0.019 0.021 0.019 0.902 0.019 1    
492:  0.041 0.054 0.074 0.049 0.725 0.057 1    
493:  0.013 0.012 0.012 0.012 0.937 0.013 1    
494:  0.008 0.008 0.008 0.009 0.959 0.008 1    
495:  0.009 0.008 0.007 0.008 0.961 0.007 1    
496:  0.026 0.026 0.024 0.024 0.875 0.025 1    
497:  0.203 0.169 0.203 0.157 0.057 0.211 1    
498:  0.115 0.129 0.145 0.130 0.343 0.138 1    
499:  0.015 0.016 0.018 0.015 0.919 0.017 1    
500:  0.091 0.100 0.134 0.100 0.472 0.103 1    
501:  0.012 0.011 0.010 0.010 0.946 0.010 1    
502:  0.013 0.015 0.013 0.013 0.933 0.013 1    
503:  0.009 0.009 0.010 0.010 0.951 0.010 1    
504:  0.015 0.016 0.015 0.017 0.923 0.014 1    
505:  0.062 0.056 0.056 0.056 0.712 0.058 1    
506:  0.043 0.042 0.042 0.038 0.791 0.044 1    
507:  0.016 0.019 0.020 0.017 0.908 0.020 1    
508:  0.059 0.091 0.110 0.084 0.579 0.076 1    
509:  0.008 0.007 0.008 0.008 0.963 0.007 1    
510:  0.015 0.016 0.015 0.017 0.922 0.015 1    
511:  0.012 0.011 0.010 0.011 0.944 0.011 1    
512:  0.025 0.022 0.018 0.030 0.885 0.020 1    
513:  0.215 0.199 0.166 0.206 0.056 0.158 1    
514:  0.012 0.011 0.011 0.011 0.944 0.011 1    
515:  0.034 0.054 0.074 0.052 0.737 0.049 1    
516:  0.132 0.114 0.117 0.122 0.407 0.108 1    
517:  0.015 0.014 0.016 0.014 0.925 0.016 1    
518:  0.010 0.009 0.009 0.009 0.954 0.010 1    
519:  0.019 0.016 0.016 0.017 0.913 0.018 1    
520:  0.029 0.028 0.031 0.030 0.854 0.028 1    
521:  0.010 0.010 0.011 0.011 0.948 0.010 1    
522:  0.009 0.008 0.009 0.009 0.957 0.008 1    
523:  0.138 0.074 0.095 0.101 0.497 0.094 1    
524:  0.025 0.029 0.037 0.031 0.852 0.027 1    
525:  0.022 0.022 0.022 0.022 0.890 0.022 1    
526:  0.021 0.022 0.022 0.020 0.892 0.022 1    
527:  0.024 0.032 0.037 0.030 0.846 0.031 1    
528:  0.022 0.027 0.034 0.025 0.862 0.031 1    
529:  0.062 0.078 0.089 0.082 0.616 0.073 1    
530:  0.010 0.009 0.009 0.009 0.953 0.009 1    
531:  0.023 0.025 0.026 0.023 0.875 0.027 1    
532:  0.017 0.016 0.017 0.016 0.918 0.016 1    
533:  0.013 0.013 0.015 0.013 0.934 0.013 1    
534:  0.020 0.023 0.025 0.021 0.887 0.025 1    
535:  0.016 0.013 0.013 0.014 0.929 0.015 1    
536:  0.007 0.007 0.008 0.007 0.963 0.007 1    
537:  0.010 0.009 0.008 0.010 0.954 0.009 1    
538:  0.007 0.008 0.007 0.007 0.963 0.008 1    
539:  0.007 0.006 0.006 0.007 0.968 0.006 1    
540:  0.027 0.024 0.022 0.024 0.880 0.023 1    
541:  0.160 0.177 0.207 0.183 0.133 0.141 1    
542:  0.012 0.010 0.010 0.011 0.947 0.011 1    
543:  0.033 0.030 0.033 0.032 0.836 0.036 1    
544:  0.018 0.017 0.017 0.017 0.915 0.017 1    
545:  0.007 0.007 0.007 0.007 0.964 0.007 1    
546:  0.110 0.085 0.093 0.101 0.514 0.096 1    
547:  0.043 0.038 0.043 0.046 0.791 0.040 1    
548:  0.014 0.016 0.016 0.016 0.923 0.015 1    
549:  0.016 0.016 0.014 0.017 0.924 0.015 1    
550:  0.008 0.008 0.008 0.008 0.959 0.008 1    
551:  0.246 0.159 0.145 0.226 0.086 0.138 1    
552:  0.023 0.017 0.017 0.017 0.909 0.017 1    
553:  0.098 0.110 0.118 0.106 0.443 0.124 1    
554:  0.040 0.047 0.060 0.045 0.759 0.049 1    
555:  0.009 0.009 0.009 0.009 0.954 0.009 1    
556:  0.023 0.029 0.038 0.027 0.852 0.030 1    
557:  0.008 0.007 0.008 0.007 0.962 0.007 1    
558:  0.040 0.042 0.055 0.042 0.781 0.041 1    
559:  0.098 0.097 0.105 0.099 0.509 0.093 1    
560:  0.028 0.034 0.042 0.030 0.833 0.033 1    
561:  0.036 0.043 0.051 0.040 0.787 0.043 1    
562:  0.006 0.007 0.007 0.007 0.966 0.006 1    
563:  0.013 0.012 0.014 0.013 0.937 0.012 1    
564:  0.014 0.013 0.012 0.013 0.935 0.013 1    
565:  0.049 0.045 0.044 0.042 0.785 0.036 1    
566:  0.113 0.150 0.194 0.139 0.245 0.158 1    
567:  0.016 0.015 0.014 0.015 0.925 0.015 1    
568:  0.035 0.042 0.049 0.040 0.792 0.041 1    
569:  0.015 0.016 0.015 0.015 0.924 0.015 1    
570:  0.204 0.120 0.070 0.116 0.284 0.207 1    
571:  0.087 0.136 0.210 0.131 0.286 0.150 1    
572:  0.024 0.030 0.038 0.027 0.850 0.030 1    
573:  0.199 0.178 0.213 0.202 0.010 0.198 1    
574:  0.153 0.198 0.203 0.196 0.085 0.165 1    
575:  0.229 0.184 0.167 0.225 0.057 0.137 1    
576:  0.208 0.156 0.202 0.215 0.028 0.191 1    
577:  0.173 0.187 0.205 0.226 0.017 0.192 1    
578:  0.127 0.171 0.235 0.178 0.142 0.146 1    
579:  0.028 0.035 0.032 0.032 0.840 0.032 1    
580:  0.084 0.097 0.112 0.098 0.516 0.092 1    
581:  0.012 0.010 0.010 0.012 0.945 0.011 1    
582:  0.278 0.159 0.132 0.151 0.027 0.252 1    
583:  0.015 0.014 0.016 0.015 0.927 0.014 1    
584:  0.072 0.087 0.116 0.078 0.551 0.095 1    
585:  0.103 0.116 0.126 0.119 0.425 0.111 1    
586:  0.014 0.013 0.015 0.014 0.932 0.013 1    
587:  0.022 0.019 0.017 0.016 0.904 0.022 1    
588:  0.012 0.011 0.011 0.011 0.943 0.012 1    
589:  0.053 0.056 0.071 0.049 0.704 0.067 1    
590:  0.014 0.013 0.013 0.012 0.934 0.015 1    
591:  0.012 0.014 0.014 0.012 0.935 0.013 1    
592:  0.048 0.048 0.051 0.056 0.754 0.043 1    
593:  0.012 0.011 0.013 0.012 0.941 0.012 1    
594:  0.097 0.169 0.198 0.131 0.250 0.154 1    
595:  0.050 0.049 0.056 0.050 0.744 0.050 1    
596:  0.007 0.007 0.007 0.007 0.965 0.007 1    
597:  0.012 0.013 0.015 0.013 0.932 0.014 1    
598:  0.112 0.083 0.089 0.080 0.530 0.107 1    
599:  0.008 0.009 0.009 0.008 0.957 0.009 1    
600:  0.015 0.013 0.013 0.014 0.931 0.013 1    
601:  0.009 0.008 0.008 0.009 0.957 0.009 1    
602:  0.042 0.056 0.067 0.049 0.725 0.061 1    
603:  0.030 0.031 0.038 0.031 0.838 0.032 1    
604:  0.143 0.102 0.081 0.101 0.440 0.133 1    
605:  0.026 0.026 0.031 0.025 0.864 0.028 1    
606:  0.040 0.031 0.035 0.025 0.835 0.033 1    
607:  0.007 0.007 0.007 0.007 0.964 0.007 1    
608:  0.099 0.092 0.124 0.102 0.486 0.098 1    
609:  0.023 0.026 0.028 0.025 0.874 0.024 1    
610:  0.020 0.021 0.027 0.019 0.893 0.020 1    
611:  0.053 0.071 0.085 0.068 0.658 0.065 1    
612:  0.115 0.193 0.278 0.192 0.059 0.163 1    
613:  0.010 0.011 0.010 0.010 0.949 0.009 1    
614:  0.009 0.008 0.009 0.009 0.954 0.009 1    
615:  0.010 0.010 0.011 0.010 0.949 0.011 1    
616:  0.044 0.045 0.049 0.056 0.761 0.045 1    
617:  0.019 0.017 0.014 0.016 0.918 0.017 1    
618:  0.039 0.060 0.079 0.049 0.718 0.055 1    
619:  0.014 0.014 0.014 0.014 0.930 0.015 1    
620:  0.018 0.017 0.021 0.019 0.905 0.019 1    
621:  0.247 0.180 0.128 0.165 0.051 0.230 1    
622:  0.015 0.012 0.016 0.015 0.927 0.016 1    
623:  0.024 0.023 0.023 0.023 0.883 0.025 1    
                       
                       
1:    0.045 0.043 0.042 0.797 0.031 0.041 1    
2:    0.029 0.035 0.024 0.809 0.063 0.039 1    
3:    0.019 0.021 0.020 0.904 0.016 0.019 1    
4:    0.031 0.027 0.028 0.840 0.042 0.033 1    
5:    0.014 0.015 0.018 0.924 0.014 0.015 1    
6:    0.016 0.016 0.016 0.922 0.015 0.016 1    
7:    0.041 0.037 0.031 0.785 0.060 0.045 1    
8:    0.017 0.018 0.018 0.911 0.019 0.017 1    
9:    0.022 0.021 0.021 0.899 0.017 0.020 1    
10:   0.013 0.012 0.014 0.933 0.016 0.013 1    
11:   0.021 0.022 0.025 0.887 0.021 0.024 1    
12:   0.178 0.136 0.215 0.205 0.086 0.179 1    
13:   0.053 0.043 0.058 0.742 0.047 0.057 1    
14:   0.154 0.114 0.126 0.342 0.103 0.161 1    
15:   0.098 0.122 0.059 0.551 0.087 0.083 1    
16:   0.158 0.179 0.312 0.010 0.137 0.205 1    
17:   0.091 0.188 0.194 0.008 0.383 0.137 1    
18:   0.092 0.189 0.203 0.011 0.371 0.134 1    
19:   0.148 0.175 0.125 0.022 0.366 0.165 1    
20:   0.282 0.176 0.171 0.009 0.091 0.270 1    
21:   0.127 0.136 0.079 0.013 0.470 0.174 1    
22:   0.157 0.182 0.131 0.137 0.234 0.158 1    
23:   0.227 0.195 0.154 0.036 0.195 0.193 1    
24:   0.214 0.186 0.141 0.022 0.242 0.195 1    
25:   0.135 0.187 0.315 0.019 0.163 0.181 1    
26:   0.222 0.159 0.191 0.049 0.128 0.252 1    
27:   0.228 0.177 0.208 0.013 0.144 0.230 1    
28:   0.179 0.209 0.201 0.008 0.238 0.164 1    
29:   0.135 0.226 0.300 0.010 0.165 0.162 1    
30:   0.124 0.154 0.127 0.016 0.414 0.164 1    
31:   0.126 0.111 0.156 0.390 0.078 0.138 1    
32:   0.152 0.180 0.110 0.009 0.385 0.163 1    
33:   0.175 0.185 0.173 0.012 0.266 0.188 1    
34:   0.114 0.097 0.109 0.466 0.112 0.102 1    
35:   0.210 0.192 0.267 0.037 0.089 0.205 1    
36:   0.149 0.195 0.296 0.028 0.152 0.180 1    
37:   0.232 0.156 0.228 0.059 0.104 0.221 1    
38:   0.173 0.188 0.212 0.014 0.231 0.181 1    
39:   0.151 0.177 0.288 0.010 0.185 0.188 1    
40:   0.174 0.162 0.226 0.010 0.210 0.218 1    
41:   0.194 0.188 0.209 0.016 0.186 0.206 1    
42:   0.186 0.173 0.223 0.019 0.182 0.217 1    
43:   0.248 0.150 0.256 0.026 0.080 0.241 1    
44:   0.141 0.200 0.315 0.008 0.173 0.163 1    
45:   0.223 0.168 0.254 0.014 0.110 0.231 1    
46:   0.139 0.213 0.208 0.025 0.252 0.163 1    
47:   0.255 0.233 0.182 0.022 0.099 0.209 1    
48:   0.150 0.155 0.229 0.033 0.240 0.193 1    
49:   0.183 0.188 0.136 0.039 0.279 0.174 1    
50:   0.246 0.184 0.191 0.057 0.097 0.225 1    
51:   0.196 0.148 0.232 0.038 0.154 0.232 1    
52:   0.165 0.194 0.182 0.043 0.242 0.174 1    
53:   0.137 0.160 0.084 0.021 0.429 0.169 1    
54:   0.247 0.189 0.214 0.009 0.120 0.221 1    
55:   0.103 0.169 0.097 0.008 0.495 0.128 1    
56:   0.231 0.250 0.157 0.019 0.117 0.226 1    
57:   0.185 0.140 0.302 0.049 0.075 0.250 1    
58:   0.151 0.184 0.174 0.020 0.301 0.170 1    
59:   0.184 0.219 0.154 0.011 0.263 0.169 1    
60:   0.162 0.163 0.183 0.030 0.269 0.192 1    
61:   0.274 0.160 0.235 0.006 0.091 0.233 1    
62:   0.181 0.219 0.192 0.016 0.227 0.165 1    
63:   0.184 0.192 0.195 0.028 0.196 0.205 1    
64:   0.170 0.181 0.228 0.020 0.190 0.212 1    
65:   0.278 0.328 0.129 0.009 0.073 0.182 1    
66:   0.247 0.252 0.195 0.011 0.083 0.211 1    
67:   0.089 0.185 0.224 0.013 0.356 0.133 1    
68:   0.300 0.180 0.196 0.031 0.066 0.227 1    
69:   0.210 0.191 0.242 0.008 0.133 0.217 1    
70:   0.136 0.203 0.109 0.015 0.384 0.153 1    
71:   0.308 0.215 0.187 0.013 0.076 0.202 1    
72:   0.099 0.216 0.215 0.005 0.319 0.146 1    
73:   0.210 0.214 0.174 0.035 0.177 0.191 1    
74:   0.152 0.196 0.170 0.007 0.319 0.156 1    
75:   0.158 0.166 0.300 0.016 0.138 0.222 1    
76:   0.265 0.187 0.191 0.078 0.056 0.222 1    
77:   0.119 0.173 0.302 0.072 0.166 0.168 1    
78:   0.284 0.233 0.152 0.015 0.129 0.186 1    
79:   0.183 0.206 0.118 0.007 0.309 0.177 1    
80:   0.288 0.175 0.181 0.015 0.097 0.243 1    
81:   0.190 0.200 0.150 0.016 0.251 0.193 1    
82:   0.298 0.160 0.195 0.008 0.032 0.308 1    
83:   0.231 0.157 0.229 0.015 0.096 0.272 1    
84:   0.209 0.144 0.206 0.017 0.157 0.267 1    
85:   0.199 0.186 0.281 0.014 0.122 0.200 1    
86:   0.113 0.178 0.161 0.022 0.366 0.160 1    
87:   0.242 0.260 0.208 0.008 0.091 0.192 1    
88:   0.194 0.198 0.211 0.022 0.170 0.205 1    
89:   0.312 0.161 0.181 0.010 0.037 0.300 1    
90:   0.269 0.164 0.195 0.010 0.124 0.237 1    
91:   0.176 0.220 0.187 0.010 0.234 0.173 1    
92:   0.195 0.218 0.202 0.008 0.186 0.191 1    
93:   0.117 0.192 0.188 0.021 0.345 0.137 1    
94:   0.173 0.194 0.101 0.005 0.364 0.163 1    
95:   0.192 0.185 0.151 0.013 0.280 0.179 1    
96:   0.174 0.155 0.169 0.144 0.183 0.175 1    
97:   0.198 0.263 0.103 0.010 0.291 0.135 1    
98:   0.162 0.179 0.209 0.017 0.251 0.182 1    
99:   0.199 0.219 0.206 0.021 0.143 0.212 1    
100:  0.196 0.157 0.173 0.023 0.246 0.204 1    
101:  0.193 0.182 0.278 0.022 0.116 0.209 1    
102:  0.195 0.179 0.246 0.011 0.168 0.202 1    
103:  0.187 0.219 0.127 0.048 0.252 0.166 1    
104:  0.280 0.254 0.168 0.009 0.053 0.235 1    
105:  0.322 0.296 0.120 0.018 0.067 0.177 1    
106:  0.315 0.304 0.114 0.017 0.065 0.185 1    
107:  0.227 0.151 0.208 0.084 0.119 0.211 1    
108:  0.177 0.190 0.098 0.006 0.363 0.166 1    
109:  0.155 0.165 0.127 0.029 0.360 0.164 1    
110:  0.275 0.225 0.188 0.009 0.081 0.223 1    
111:  0.108 0.199 0.296 0.017 0.229 0.152 1    
112:  0.139 0.202 0.118 0.012 0.382 0.148 1    
113:  0.253 0.266 0.155 0.006 0.157 0.164 1    
114:  0.220 0.152 0.219 0.069 0.126 0.213 1    
115:  0.230 0.252 0.156 0.009 0.159 0.194 1    
116:  0.253 0.152 0.252 0.023 0.072 0.249 1    
117:  0.224 0.226 0.188 0.012 0.158 0.191 1    
118:  0.174 0.171 0.104 0.016 0.368 0.166 1    
119:  0.123 0.156 0.161 0.015 0.382 0.163 1    
120:  0.162 0.157 0.141 0.175 0.202 0.163 1    
121:  0.188 0.169 0.147 0.068 0.243 0.185 1    
122:  0.206 0.220 0.239 0.006 0.145 0.183 1    
123:  0.199 0.200 0.163 0.012 0.213 0.213 1    
124:  0.180 0.189 0.164 0.018 0.241 0.206 1    
125:  0.236 0.293 0.180 0.006 0.121 0.164 1    
126:  0.144 0.239 0.161 0.006 0.314 0.136 1    
127:  0.138 0.187 0.302 0.026 0.170 0.177 1    
128:  0.202 0.208 0.255 0.021 0.096 0.219 1    
129:  0.239 0.273 0.160 0.016 0.128 0.184 1    
130:  0.147 0.162 0.111 0.015 0.389 0.177 1    
131:  0.109 0.201 0.244 0.011 0.283 0.152 1    
132:  0.221 0.169 0.156 0.075 0.187 0.192 1    
133:  0.171 0.233 0.140 0.007 0.307 0.143 1    
134:  0.140 0.209 0.238 0.008 0.234 0.171 1    
135:  0.142 0.173 0.079 0.006 0.435 0.166 1    
136:  0.259 0.259 0.186 0.005 0.111 0.179 1    
137:  0.134 0.155 0.169 0.027 0.356 0.160 1    
138:  0.202 0.161 0.233 0.032 0.143 0.229 1    
139:  0.201 0.301 0.135 0.015 0.181 0.167 1    
140:  0.162 0.164 0.099 0.072 0.329 0.174 1    
141:  0.160 0.171 0.351 0.007 0.127 0.185 1    
142:  0.111 0.174 0.235 0.014 0.302 0.165 1    
143:  0.103 0.069 0.114 0.533 0.075 0.105 1    
144:  0.210 0.298 0.154 0.010 0.154 0.173 1    
145:  0.190 0.196 0.170 0.045 0.195 0.204 1    
146:  0.133 0.154 0.072 0.006 0.467 0.167 1    
147:  0.200 0.122 0.187 0.210 0.093 0.187 1    
148:  0.126 0.163 0.205 0.019 0.326 0.161 1    
149:  0.153 0.180 0.347 0.022 0.109 0.189 1    
150:  0.205 0.190 0.183 0.026 0.189 0.207 1    
151:  0.158 0.162 0.120 0.017 0.358 0.184 1    
152:  0.189 0.202 0.109 0.011 0.330 0.160 1    
153:  0.178 0.209 0.264 0.016 0.085 0.248 1    
154:  0.129 0.165 0.078 0.006 0.462 0.161 1    
155:  0.150 0.170 0.340 0.023 0.133 0.185 1    
156:  0.179 0.189 0.246 0.013 0.175 0.199 1    
157:  0.182 0.181 0.252 0.031 0.167 0.188 1    
158:  0.256 0.238 0.186 0.010 0.132 0.178 1    
159:  0.259 0.124 0.279 0.010 0.055 0.272 1    
160:  0.252 0.295 0.133 0.007 0.138 0.174 1    
161:  0.158 0.174 0.264 0.045 0.168 0.192 1    
162:  0.128 0.202 0.303 0.019 0.183 0.164 1    
163:  0.128 0.192 0.112 0.012 0.413 0.144 1    
164:  0.257 0.241 0.163 0.007 0.121 0.211 1    
165:  0.227 0.217 0.188 0.041 0.151 0.176 1    
166:  0.164 0.172 0.110 0.021 0.346 0.188 1    
167:  0.234 0.196 0.260 0.008 0.105 0.197 1    
168:  0.175 0.216 0.127 0.017 0.288 0.177 1    
169:  0.245 0.200 0.202 0.050 0.072 0.231 1    
170:  0.125 0.200 0.188 0.021 0.310 0.157 1    
171:  0.085 0.201 0.213 0.009 0.352 0.141 1    
172:  0.155 0.203 0.214 0.015 0.232 0.182 1    
173:  0.194 0.187 0.229 0.057 0.126 0.206 1    
174:  0.268 0.157 0.229 0.025 0.093 0.229 1    
175:  0.288 0.192 0.179 0.018 0.111 0.212 1    
176:  0.199 0.242 0.178 0.022 0.182 0.177 1    
177:  0.169 0.191 0.181 0.020 0.286 0.154 1    
178:  0.195 0.192 0.207 0.051 0.169 0.186 1    
179:  0.126 0.180 0.105 0.008 0.428 0.151 1    
180:  0.173 0.176 0.285 0.017 0.135 0.214 1    
181:  0.180 0.204 0.183 0.130 0.137 0.167 1    
182:  0.168 0.211 0.182 0.025 0.240 0.175 1    
183:  0.293 0.213 0.176 0.017 0.100 0.202 1    
184:  0.141 0.159 0.159 0.038 0.332 0.172 1    
185:  0.207 0.235 0.193 0.031 0.161 0.173 1    
186:  0.205 0.226 0.211 0.014 0.122 0.222 1    
187:  0.257 0.196 0.193 0.017 0.107 0.230 1    
188:  0.248 0.171 0.198 0.024 0.135 0.225 1    
189:  0.126 0.175 0.111 0.018 0.414 0.155 1    
190:  0.187 0.194 0.162 0.015 0.255 0.186 1    
191:  0.131 0.191 0.271 0.030 0.203 0.174 1    
192:  0.176 0.169 0.199 0.013 0.257 0.187 1    
193:  0.222 0.152 0.208 0.066 0.098 0.254 1    
194:  0.165 0.179 0.173 0.023 0.280 0.179 1    
195:  0.176 0.212 0.103 0.035 0.320 0.155 1    
196:  0.194 0.175 0.193 0.127 0.113 0.199 1    
197:  0.137 0.153 0.107 0.006 0.438 0.159 1    
198:  0.149 0.171 0.162 0.011 0.336 0.172 1    
199:  0.137 0.180 0.183 0.011 0.326 0.162 1    
200:  0.204 0.163 0.222 0.013 0.183 0.215 1    
201:  0.191 0.236 0.203 0.013 0.176 0.180 1    
202:  0.196 0.130 0.237 0.081 0.119 0.237 1    
203:  0.146 0.167 0.361 0.017 0.113 0.195 1    
204:  0.159 0.203 0.214 0.025 0.228 0.171 1    
205:  0.228 0.273 0.118 0.008 0.191 0.181 1    
206:  0.204 0.216 0.154 0.012 0.236 0.178 1    
207:  0.203 0.165 0.174 0.018 0.251 0.190 1    
208:  0.159 0.172 0.291 0.045 0.123 0.210 1    
209:  0.259 0.157 0.247 0.010 0.082 0.245 1    
