  1:   0.0412  0.7954  0.0356  0.0434  0.0398  0.0446  1
  2:   0.0362  0.8172  0.0530  0.0268  0.0400  0.0268  1
  3:   0.0192  0.9011  0.0186  0.0210  0.0194  0.0206  1
  4:   0.0296  0.8429  0.0368  0.0266  0.0312  0.0330  1
  5:   0.0164  0.9186  0.0156  0.0172  0.0158  0.0164  1
  6:   0.0156  0.9196  0.0158  0.0164  0.0164  0.0162  1
  7:   0.0418  0.7864  0.0540  0.0324  0.0460  0.0392  1
  8:   0.0184  0.9104  0.0184  0.0172  0.0180  0.0176  1
  9:   0.0200  0.8973  0.0188  0.0218  0.0202  0.0220  1
 10:   0.0138  0.9310  0.0152  0.0134  0.0138  0.0128  1
 11:   0.0236  0.8824  0.0226  0.0232  0.0236  0.0246  1
 12:   0.1478  0.2120  0.1190  0.1642  0.1542  0.2028  1
 13:   0.0522  0.7292  0.0514  0.0538  0.0542  0.0590  1
 14:   0.1186  0.3457  0.1166  0.1180  0.1390  0.1620  1
 15:   0.0834  0.5513  0.0892  0.0916  0.0882  0.0962  1
 16:   0.2184  0.0100  0.1606  0.2545  0.1860  0.1706  1
 17:   0.2458  0.0080  0.2517  0.1990  0.1910  0.1046  1
 18:   0.2456  0.0104  0.2502  0.1996  0.1894  0.1050  1
 19:   0.2017  0.0232  0.2867  0.1449  0.2119  0.1315  1
 20:   0.1672  0.0098  0.1460  0.2055  0.2048  0.2667  1
 21:   0.2100  0.0124  0.3616  0.1032  0.2228  0.0900  1
 22:   0.1784  0.1380  0.2108  0.1430  0.1848  0.1448  1
 23:   0.1894  0.0374  0.1897  0.1838  0.1944  0.2054  1
 24:   0.1856  0.0226  0.2385  0.1544  0.2074  0.1916  1
 25:   0.2173  0.0202  0.1860  0.2446  0.1844  0.1476  1
 26:   0.1669  0.0500  0.1709  0.1729  0.2001  0.2391  1
 27:   0.1906  0.0138  0.1657  0.2040  0.1943  0.2316  1
 28:   0.2146  0.0082  0.2286  0.2014  0.1972  0.1498  1
 29:   0.2310  0.0100  0.1902  0.2493  0.1726  0.1469  1
 30:   0.2251  0.0174  0.3074  0.1404  0.2059  0.1038  1
 31:   0.1113  0.3974  0.1003  0.1307  0.1221  0.1381  1
 32:   0.2166  0.0094  0.3141  0.1334  0.2118  0.1146  1
 33:   0.2084  0.0128  0.2226  0.1808  0.1982  0.1772  1
 34:   0.1031  0.4684  0.1081  0.1023  0.1067  0.1115  1
 35:   0.1902  0.0390  0.1476  0.2222  0.1896  0.2114  1
 36:   0.1999  0.0310  0.2043  0.2393  0.1785  0.1471  1
 37:   0.1731  0.0594  0.1391  0.1933  0.1891  0.2460  1
 38:   0.2114  0.0146  0.2208  0.2004  0.1936  0.1594  1
 39:   0.2097  0.0108  0.1905  0.2325  0.1909  0.1657  1
 40:   0.2067  0.0102  0.1945  0.1969  0.1921  0.1995  1
 41:   0.1981  0.0168  0.1741  0.2075  0.1945  0.2089  1
 42:   0.1874  0.0202  0.1866  0.1920  0.2068  0.2070  1
 43:   0.1782  0.0260  0.1384  0.2130  0.1928  0.2516  1
 44:   0.2195  0.0082  0.1900  0.2608  0.1774  0.1440  1
 45:   0.1864  0.0148  0.1422  0.2100  0.2038  0.2428  1
 46:   0.2255  0.0240  0.1989  0.2037  0.1945  0.1533  1
 47:   0.1748  0.0230  0.1450  0.2036  0.1968  0.2568  1
 48:   0.1960  0.0326  0.2351  0.1934  0.1950  0.1480  1
 49:   0.2013  0.0416  0.2433  0.1615  0.1953  0.1569  1
 50:   0.1771  0.0602  0.1227  0.2061  0.1863  0.2475  1
 51:   0.1789  0.0364  0.1473  0.1929  0.1987  0.2458  1
 52:   0.2010  0.0436  0.2174  0.1769  0.2012  0.1599  1
 53:   0.2156  0.0220  0.3514  0.1062  0.2118  0.0930  1
 54:   0.1928  0.0098  0.1498  0.2072  0.1982  0.2424  1
 55:   0.2309  0.0080  0.3287  0.1328  0.2092  0.0904  1
 56:   0.1810  0.0194  0.1602  0.2068  0.1930  0.2394  1
 57:   0.1539  0.0528  0.1270  0.2143  0.1883  0.2637  1
 58:   0.2170  0.0202  0.2392  0.1746  0.1972  0.1520  1
 59:   0.2086  0.0118  0.2142  0.1864  0.2000  0.1788  1
 60:   0.2033  0.0302  0.2381  0.1711  0.2019  0.1553  1
 61:   0.1798  0.0068  0.1310  0.2028  0.1948  0.2849  1
 62:   0.2056  0.0160  0.2140  0.2028  0.1982  0.1634  1
 63:   0.2107  0.0290  0.1619  0.2033  0.1899  0.2051  1
 64:   0.1980  0.0206  0.1834  0.2022  0.1976  0.1984  1
 65:   0.1931  0.0090  0.1509  0.2317  0.1845  0.2307  1
 66:   0.1821  0.0112  0.1546  0.2308  0.1940  0.2273  1
 67:   0.2497  0.0134  0.2388  0.2182  0.1800  0.1000  1
 68:   0.1689  0.0308  0.1225  0.2043  0.1889  0.2846  1
 69:   0.1973  0.0082  0.1607  0.2155  0.1961  0.2221  1
 70:   0.2110  0.0150  0.3113  0.1458  0.2032  0.1138  1
 71:   0.1785  0.0124  0.1360  0.2009  0.1965  0.2757  1
 72:   0.2504  0.0050  0.2230  0.2146  0.1866  0.1204  1
 73:   0.1867  0.0364  0.1801  0.1955  0.1965  0.2047  1
 74:   0.2286  0.0074  0.2204  0.1914  0.1914  0.1608  1
 75:   0.1896  0.0168  0.1752  0.2254  0.1944  0.1988  1
 76:   0.1589  0.0800  0.1144  0.1951  0.1841  0.2675  1
 77:   0.2012  0.0770  0.1962  0.2268  0.1740  0.1248  1
 78:   0.1802  0.0152  0.1588  0.2162  0.1824  0.2471  1
 79:   0.2020  0.0080  0.2470  0.1652  0.2014  0.1764  1
 80:   0.1745  0.0160  0.1351  0.2109  0.1951  0.2684  1
 81:   0.1982  0.0168  0.2338  0.1624  0.2112  0.1776  1
 82:   0.1535  0.0080  0.1132  0.2199  0.2061  0.2993  1
 83:   0.1756  0.0150  0.1460  0.1834  0.2066  0.2735  1
 84:   0.1770  0.0162  0.1674  0.1808  0.2006  0.2579  1
 85:   0.1984  0.0140  0.1603  0.2408  0.1834  0.2030  1
 86:   0.2300  0.0216  0.2526  0.1764  0.1954  0.1238  1
 87:   0.1923  0.0080  0.1484  0.2468  0.1824  0.2222  1
 88:   0.2132  0.0218  0.1578  0.2108  0.1884  0.2078  1
 89:   0.1565  0.0100  0.1160  0.2193  0.2037  0.2946  1
 90:   0.1824  0.0100  0.1532  0.2032  0.2020  0.2492  1
 91:   0.2150  0.0096  0.2022  0.2155  0.1930  0.1646  1
 92:   0.2091  0.0082  0.1935  0.2045  0.1951  0.1895  1
 93:   0.2357  0.0200  0.2487  0.1939  0.1893  0.1124  1
 94:   0.2148  0.0058  0.2928  0.1406  0.2128  0.1332  1
 95:   0.1968  0.0132  0.2468  0.1754  0.2018  0.1660  1
 96:   0.1672  0.1480  0.1816  0.1570  0.1742  0.1718  1
 97:   0.2062  0.0108  0.2421  0.1874  0.1902  0.1632  1
 98:   0.1982  0.0180  0.2464  0.1928  0.1984  0.1462  1
 99:   0.1839  0.0206  0.1827  0.2017  0.1961  0.2151  1
100:   0.1904  0.0234  0.2078  0.1798  0.1968  0.2018  1
101:   0.2046  0.0218  0.1626  0.2254  0.1886  0.1972  1
102:   0.1936  0.0110  0.1708  0.2228  0.1896  0.2124  1
103:   0.1985  0.0458  0.2265  0.1713  0.1923  0.1657  1
104:   0.1742  0.0096  0.1377  0.2339  0.1875  0.2571  1
105:   0.1818  0.0182  0.1226  0.2347  0.1770  0.2657  1
106:   0.1846  0.0180  0.1234  0.2346  0.1724  0.2670  1
107:   0.1709  0.0886  0.1427  0.1845  0.1865  0.2267  1
108:   0.2056  0.0060  0.3090  0.1372  0.2096  0.1326  1
109:   0.2081  0.0290  0.2713  0.1467  0.2053  0.1395  1
110:   0.1786  0.0090  0.1418  0.2250  0.1942  0.2514  1
111:   0.2347  0.0176  0.2043  0.2355  0.1853  0.1226  1
112:   0.2285  0.0124  0.2796  0.1535  0.2031  0.1229  1
113:   0.2015  0.0060  0.1707  0.2107  0.1919  0.2193  1
114:   0.1672  0.0684  0.1474  0.1938  0.1884  0.2348  1
115:   0.1936  0.0094  0.1680  0.2108  0.1882  0.2300  1
116:   0.1645  0.0238  0.1099  0.2133  0.1979  0.2906  1
117:   0.2014  0.0128  0.1664  0.2184  0.1902  0.2110  1
118:   0.2008  0.0164  0.2964  0.1450  0.2050  0.1366  1
119:   0.2274  0.0160  0.2656  0.1696  0.2063  0.1152  1
120:   0.1621  0.1735  0.1793  0.1553  0.1689  0.1611  1
121:   0.1828  0.0668  0.2218  0.1548  0.1994  0.1742  1
122:   0.2154  0.0060  0.1658  0.2410  0.1824  0.1894  1
123:   0.2043  0.0114  0.1801  0.1833  0.2059  0.2151  1
124:   0.1916  0.0182  0.2151  0.1726  0.2100  0.1924  1
125:   0.1989  0.0068  0.1583  0.2420  0.1791  0.2150  1
126:   0.2255  0.0064  0.2407  0.1891  0.1931  0.1451  1
127:   0.2015  0.0270  0.1819  0.2363  0.1807  0.1727  1
128:   0.1825  0.0212  0.1559  0.2207  0.2005  0.2191  1
129:   0.1960  0.0168  0.1556  0.2066  0.1946  0.2304  1
130:   0.2170  0.0156  0.2917  0.1388  0.2140  0.1230  1
131:   0.2389  0.0112  0.2166  0.2220  0.1826  0.1288  1
132:   0.1682  0.0752  0.1990  0.1604  0.1952  0.2020  1
133:   0.2170  0.0070  0.2349  0.1880  0.1910  0.1622  1
134:   0.2298  0.0078  0.1942  0.2302  0.1862  0.1518  1
135:   0.2153  0.0060  0.3512  0.1098  0.2221  0.0956  1
136:   0.1959  0.0050  0.1521  0.2415  0.1821  0.2235  1
137:   0.2284  0.0284  0.2418  0.1712  0.1946  0.1356  1
138:   0.1804  0.0324  0.1610  0.1920  0.1974  0.2369  1
139:   0.2017  0.0144  0.1953  0.1989  0.1913  0.1985  1
140:   0.1866  0.0702  0.2888  0.1184  0.2038  0.1322  1
141:   0.2216  0.0070  0.1682  0.2645  0.1818  0.1570  1
142:   0.2348  0.0146  0.2311  0.2006  0.1914  0.1276  1
143:   0.0871  0.5325  0.0859  0.0949  0.0927  0.1071  1
144:   0.2221  0.0110  0.1612  0.2094  0.1882  0.2080  1
145:   0.1846  0.0466  0.1846  0.1734  0.1988  0.2122  1
146:   0.2209  0.0060  0.3743  0.0968  0.2183  0.0838  1
147:   0.1330  0.2122  0.1210  0.1606  0.1560  0.2174  1
148:   0.2264  0.0188  0.2376  0.1958  0.1842  0.1372  1
149:   0.2029  0.0242  0.1647  0.2541  0.1835  0.1707  1
150:   0.1841  0.0252  0.1921  0.1959  0.1945  0.2083  1
151:   0.1996  0.0182  0.3066  0.1386  0.2132  0.1238  1
152:   0.2084  0.0106  0.2858  0.1462  0.2112  0.1378  1
153:   0.1816  0.0164  0.1564  0.2098  0.1998  0.2360  1
154:   0.2201  0.0060  0.3554  0.1071  0.2271  0.0843  1
155:   0.2112  0.0244  0.1644  0.2491  0.1806  0.1704  1
156:   0.1986  0.0130  0.1914  0.2217  0.1916  0.1838  1
157:   0.1982  0.0326  0.1776  0.2237  0.1834  0.1846  1
158:   0.1855  0.0098  0.1659  0.2275  0.1881  0.2233  1
159:   0.1575  0.0104  0.1171  0.2229  0.2009  0.2912  1
160:   0.1997  0.0080  0.1710  0.2192  0.1846  0.2175  1
161:   0.1937  0.0426  0.2005  0.2131  0.1847  0.1655  1
162:   0.2195  0.0202  0.1900  0.2342  0.1842  0.1520  1
163:   0.2248  0.0122  0.2868  0.1459  0.2068  0.1235  1
164:   0.1868  0.0068  0.1504  0.2204  0.1848  0.2508  1
165:   0.1909  0.0426  0.1585  0.2057  0.1877  0.2147  1
166:   0.1978  0.0214  0.2994  0.1286  0.2120  0.1408  1
167:   0.1981  0.0088  0.1575  0.2293  0.1863  0.2199  1
168:   0.1973  0.0180  0.2683  0.1505  0.2097  0.1561  1
169:   0.1698  0.0524  0.1358  0.2060  0.1914  0.2447  1
170:   0.2220  0.0210  0.2292  0.2030  0.1920  0.1327  1
171:   0.2587  0.0090  0.2347  0.2177  0.1793  0.1006  1
172:   0.2153  0.0146  0.2187  0.2083  0.1833  0.1599  1
173:   0.1779  0.0596  0.1621  0.2123  0.1845  0.2037  1
174:   0.1770  0.0258  0.1374  0.2034  0.1946  0.2619  1
175:   0.1760  0.0182  0.1396  0.2124  0.1954  0.2584  1
176:   0.1881  0.0230  0.1919  0.2029  0.1943  0.1999  1
177:   0.2223  0.0202  0.2147  0.1959  0.1895  0.1575  1
178:   0.2030  0.0486  0.1617  0.2042  0.1892  0.1934  1
179:   0.2198  0.0084  0.3447  0.1236  0.2160  0.0874  1
180:   0.1938  0.0172  0.1732  0.2342  0.1910  0.1908  1
181:   0.1715  0.1403  0.1537  0.1931  0.1665  0.1747  1
182:   0.2108  0.0262  0.2214  0.1856  0.1966  0.1596  1
183:   0.1744  0.0174  0.1394  0.2174  0.1864  0.2651  1
184:   0.2051  0.0376  0.2701  0.1529  0.2015  0.1329  1
185:   0.2004  0.0300  0.1739  0.2176  0.1868  0.1913  1
186:   0.1894  0.0138  0.1614  0.2276  0.1888  0.2188  1
187:   0.1766  0.0170  0.1516  0.2016  0.1964  0.2568  1
188:   0.1777  0.0238  0.1599  0.1837  0.2059  0.2489  1
189:   0.2083  0.0182  0.3340  0.1331  0.2103  0.0961  1
190:   0.2017  0.0166  0.2428  0.1710  0.2020  0.1660  1
191:   0.2112  0.0318  0.2018  0.2296  0.1806  0.1450  1
192:   0.2099  0.0136  0.2277  0.1809  0.2039  0.1639  1
193:   0.1635  0.0672  0.1411  0.1835  0.1953  0.2493  1
194:   0.2036  0.0250  0.2479  0.1680  0.2010  0.1544  1
195:   0.2090  0.0356  0.2548  0.1434  0.2060  0.1512  1
196:   0.1685  0.1253  0.1375  0.1833  0.1713  0.2139  1
197:   0.2299  0.0068  0.3043  0.1351  0.2131  0.1108  1
198:   0.2159  0.0106  0.2752  0.1605  0.2073  0.1305  1
199:   0.2257  0.0110  0.2440  0.1830  0.2005  0.1358  1
200:   0.1917  0.0130  0.1697  0.2027  0.1947  0.2281  1
201:   0.2104  0.0138  0.1730  0.2126  0.1974  0.1928  1
202:   0.1627  0.0834  0.1363  0.1865  0.1843  0.2467  1
203:   0.2116  0.0176  0.1694  0.2606  0.1774  0.1634  1
204:   0.2201  0.0246  0.1875  0.2183  0.1895  0.1601  1
205:   0.1946  0.0080  0.1909  0.2046  0.1902  0.2116  1
206:   0.2109  0.0120  0.1947  0.1889  0.1977  0.1957  1
207:   0.1896  0.0178  0.2277  0.1788  0.1954  0.1908  1
208:   0.1861  0.0456  0.1499  0.2279  0.1849  0.2057  1
209:   0.1836  0.0102  0.1226  0.2094  0.1966  0.2775  1
210:   0.2203  0.0080  0.1743  0.2293  0.1883  0.1797  1
211:   0.2022  0.0080  0.2983  0.1414  0.2134  0.1366  1
212:   0.1979  0.0178  0.1705  0.2209  0.1897  0.2033  1
213:   0.1759  0.0544  0.1483  0.2033  0.1835  0.2347  1
214:   0.1885  0.0110  0.1873  0.2035  0.1879  0.2219  1
215:   0.1846  0.0176  0.1538  0.2050  0.1940  0.2452  1
216:   0.1932  0.0290  0.2619  0.1476  0.2088  0.1596  1
217:   0.1696  0.0284  0.1490  0.2181  0.1934  0.2416  1
218:   0.1994  0.0236  0.1708  0.2328  0.1788  0.1948  1
219:   0.2171  0.0088  0.1737  0.2541  0.1899  0.1563  1
220:   0.1634  0.0262  0.1312  0.2067  0.1930  0.2795  1
221:   0.2042  0.0070  0.2330  0.1762  0.2052  0.1744  1
222:   0.1897  0.0060  0.1646  0.2176  0.1880  0.2341  1
223:   0.2159  0.0244  0.2141  0.1881  0.1953  0.1623  1
224:   0.2069  0.0084  0.3048  0.1343  0.2085  0.1371  1
225:   0.2250  0.0060  0.2456  0.2064  0.1876  0.1294  1
226:   0.1908  0.0116  0.1498  0.2204  0.1998  0.2276  1
227:   0.1688  0.0098  0.1502  0.2105  0.1872  0.2736  1
228:   0.1819  0.0368  0.1498  0.2178  0.1852  0.2285  1
229:   0.2168  0.0084  0.3250  0.1209  0.2252  0.1037  1
230:   0.1778  0.0174  0.1282  0.2096  0.2046  0.2624  1
231:   0.1751  0.0218  0.1343  0.2055  0.1933  0.2700  1
232:   0.1865  0.0078  0.1682  0.2143  0.1883  0.2349  1
233:   0.1833  0.0198  0.2080  0.1867  0.2094  0.1928  1
234:   0.2146  0.0096  0.2105  0.1780  0.2086  0.1788  1
235:   0.1860  0.0172  0.1584  0.2324  0.1898  0.2162  1
236:   0.1917  0.0556  0.1633  0.2255  0.1813  0.1827  1
237:   0.1888  0.0070  0.1768  0.1990  0.1968  0.2316  1
238:   0.1848  0.0226  0.2116  0.1675  0.2058  0.2076  1
239:   0.1763  0.1001  0.1251  0.1998  0.1753  0.2234  1
240:   0.2253  0.0070  0.2565  0.1735  0.1949  0.1429  1
241:   0.2198  0.0070  0.2620  0.1716  0.1992  0.1404  1
242:   0.1842  0.0232  0.1628  0.1906  0.1978  0.2414  1
243:   0.2003  0.0136  0.2699  0.1613  0.2057  0.1491  1
244:   0.2003  0.0362  0.1977  0.1959  0.1987  0.1711  1
245:   0.2339  0.0080  0.1790  0.2462  0.1826  0.1502  1
246:   0.1750  0.1266  0.1230  0.1968  0.1664  0.2124  1
247:   0.1817  0.0142  0.1475  0.2337  0.1889  0.2341  1
248:   0.2069  0.0352  0.2050  0.1874  0.1984  0.1670  1
249:   0.1594  0.0264  0.1138  0.2028  0.2008  0.2968  1
250:   0.1938  0.0128  0.1392  0.2150  0.1948  0.2446  1
251:   0.2171  0.0100  0.2856  0.1464  0.2061  0.1348  1
252:   0.1030  0.4411  0.1042  0.1128  0.1140  0.1250  1
253:   0.1890  0.0530  0.3044  0.1214  0.2062  0.1260  1
254:   0.2143  0.0078  0.1727  0.1993  0.1971  0.2087  1
255:   0.2371  0.0174  0.2398  0.1812  0.1906  0.1338  1
256:   0.2250  0.0098  0.2334  0.1748  0.1993  0.1578  1
257:   0.2005  0.0080  0.1779  0.2225  0.1859  0.2053  1
258:   0.1990  0.0142  0.2168  0.1774  0.2038  0.1886  1
259:   0.1985  0.0338  0.2746  0.1599  0.2018  0.1313  1
260:   0.2015  0.0100  0.2163  0.2015  0.1943  0.1765  1
261:   0.1809  0.0228  0.1395  0.2281  0.1807  0.2479  1
262:   0.1703  0.0416  0.1639  0.1981  0.1923  0.2337  1
263:   0.1858  0.0312  0.1732  0.1996  0.1906  0.2194  1
264:   0.2329  0.0196  0.2271  0.1759  0.1961  0.1483  1
265:   0.2039  0.0138  0.2365  0.1793  0.2041  0.1625  1
266:   0.2454  0.0120  0.2373  0.2212  0.1846  0.0996  1
267:   0.1848  0.0646  0.1628  0.2256  0.1830  0.1790  1
268:   0.1983  0.0116  0.1731  0.2195  0.1941  0.2035  1
269:   0.2022  0.0106  0.2370  0.1676  0.2040  0.1786  1
270:   0.2215  0.0060  0.2127  0.2127  0.1903  0.1567  1
271:   0.2450  0.0120  0.2396  0.2112  0.1882  0.1040  1
272:   0.2053  0.0246  0.3270  0.1200  0.2099  0.1131  1
273:   0.1907  0.0208  0.2179  0.1601  0.2053  0.2053  1
274:   0.1671  0.0306  0.1415  0.2024  0.1868  0.2716  1
275:   0.1931  0.0100  0.1485  0.2295  0.1901  0.2287  1
276:   0.1868  0.0134  0.1698  0.2110  0.1952  0.2240  1
277:   0.2305  0.0070  0.3536  0.1170  0.2141  0.0778  1
278:   0.2145  0.0080  0.3833  0.0936  0.2237  0.0768  1
279:   0.2271  0.0202  0.2343  0.2013  0.1945  0.1225  1
280:   0.2074  0.0108  0.1904  0.2052  0.1938  0.1924  1
281:   0.2259  0.0200  0.2369  0.2041  0.1955  0.1175  1
282:   0.1980  0.0176  0.2824  0.1468  0.2128  0.1424  1
283:   0.2179  0.0132  0.2991  0.1456  0.2031  0.1211  1
284:   0.1998  0.0082  0.2576  0.1720  0.2068  0.1558  1
285:   0.1719  0.0148  0.1409  0.2095  0.2031  0.2598  1
286:   0.1675  0.0176  0.1275  0.2121  0.1967  0.2786  1
287:   0.2137  0.0100  0.2419  0.1687  0.1993  0.1665  1
288:   0.2126  0.0164  0.2412  0.1760  0.1982  0.1556  1
289:   0.2018  0.0174  0.2420  0.1694  0.1984  0.1710  1
290:   0.2110  0.0202  0.3444  0.1127  0.2174  0.0943  1
291:   0.2158  0.0280  0.1889  0.2445  0.1818  0.1410  1
292:   0.2074  0.0086  0.2152  0.1834  0.2042  0.1812  1
293:   0.1880  0.0088  0.1477  0.2150  0.2000  0.2404  1
294:   0.2220  0.0234  0.3143  0.1196  0.2146  0.1062  1
295:   0.2021  0.0182  0.2371  0.1905  0.1985  0.1537  1
296:   0.1917  0.0250  0.1657  0.1990  0.1960  0.2226  1
297:   0.1744  0.0922  0.1480  0.2242  0.1690  0.1924  1
298:   0.1877  0.0166  0.1447  0.2335  0.1857  0.2317  1
299:   0.1889  0.0060  0.1396  0.2402  0.1778  0.2475  1
300:   0.1854  0.0274  0.1798  0.1900  0.2018  0.2158  1
301:   0.1768  0.0214  0.1688  0.1864  0.2076  0.2390  1
302:   0.1968  0.0136  0.1792  0.2088  0.1866  0.2149  1
303:   0.1854  0.0454  0.1412  0.2176  0.1862  0.2242  1
304:   0.2076  0.0132  0.2921  0.1380  0.2143  0.1348  1
305:   0.2081  0.0090  0.3243  0.1183  0.2192  0.1211  1
306:   0.2032  0.0110  0.1660  0.2070  0.1886  0.2244  1
307:   0.1822  0.0192  0.1330  0.2050  0.1954  0.2653  1
308:   0.1729  0.0164  0.1885  0.1673  0.2139  0.2411  1
309:   0.2104  0.0108  0.3400  0.1190  0.2148  0.1050  1
310:   0.2153  0.0140  0.2023  0.2041  0.1899  0.1745  1
311:   0.1666  0.0240  0.1432  0.2148  0.1888  0.2627  1
312:   0.1536  0.0200  0.1317  0.1996  0.1960  0.2991  1
313:   0.2220  0.0168  0.2477  0.1710  0.2012  0.1412  1
314:   0.1923  0.0090  0.1647  0.2263  0.1831  0.2247  1
315:   0.1789  0.0602  0.1587  0.1885  0.1938  0.2198  1
316:   0.1612  0.0524  0.1170  0.2014  0.1918  0.2761  1
317:   0.1945  0.0608  0.1421  0.2161  0.1825  0.2039  1
318:   0.2208  0.0110  0.1975  0.2329  0.1809  0.1569  1
319:   0.2304  0.0092  0.3153  0.1370  0.2030  0.1052  1
320:   0.2078  0.0070  0.1872  0.2072  0.1878  0.2030  1
321:   0.2192  0.0136  0.1768  0.2104  0.1874  0.1928  1
322:   0.2251  0.0278  0.2899  0.1506  0.1996  0.1070  1
323:   0.2065  0.0142  0.2835  0.1455  0.2125  0.1379  1
324:   0.1826  0.0132  0.1460  0.2210  0.1958  0.2414  1
325:   0.2008  0.0060  0.1964  0.2042  0.1876  0.2048  1
326:   0.2073  0.0080  0.2011  0.1765  0.2075  0.1995  1
327:   0.1846  0.0266  0.1438  0.2079  0.1936  0.2434  1
328:   0.2013  0.0768  0.1483  0.2229  0.1691  0.1815  1
329:   0.2036  0.0086  0.2582  0.1546  0.2100  0.1650  1
330:   0.2326  0.0342  0.2081  0.1902  0.1880  0.1468  1
331:   0.2042  0.0152  0.2378  0.1666  0.2086  0.1676  1
332:   0.2226  0.0222  0.2378  0.2088  0.1866  0.1222  1
333:   0.1961  0.0198  0.1611  0.2251  0.1877  0.2101  1
334:   0.1951  0.1076  0.1843  0.2325  0.1641  0.1164  1
335:   0.2418  0.0072  0.2062  0.2374  0.1822  0.1252  1
336:   0.2008  0.0120  0.2717  0.1614  0.2074  0.1468  1
337:   0.2138  0.0352  0.2339  0.1638  0.1986  0.1548  1
338:   0.1971  0.0306  0.2708  0.1479  0.2063  0.1473  1
339:   0.1780  0.0968  0.2130  0.1552  0.1900  0.1672  1
340:   0.1999  0.0148  0.1827  0.2295  0.1945  0.1787  1
341:   0.2328  0.0148  0.2016  0.2316  0.1780  0.1412  1
342:   0.1127  0.3554  0.0831  0.1449  0.1255  0.1783  1
343:   0.1909  0.0260  0.1795  0.2251  0.1901  0.1883  1
344:   0.2177  0.0206  0.1891  0.2139  0.1897  0.1689  1
345:   0.1924  0.0334  0.2264  0.1827  0.1914  0.1738  1
346:   0.2213  0.0166  0.1891  0.2471  0.1789  0.1471  1
347:   0.1584  0.0434  0.1672  0.1788  0.1952  0.2571  1
348:   0.1811  0.0050  0.1439  0.2236  0.1841  0.2624  1
349:   0.1492  0.1494  0.1482  0.1658  0.1698  0.2176  1
350:   0.1803  0.0170  0.1663  0.2237  0.1883  0.2243  1
351:   0.2237  0.0104  0.2035  0.2195  0.1849  0.1581  1
352:   0.1999  0.0070  0.2361  0.1771  0.2013  0.1787  1
353:   0.2477  0.0080  0.2271  0.2061  0.1937  0.1173  1
354:   0.1876  0.0114  0.1530  0.2106  0.1942  0.2433  1
355:   0.1724  0.0164  0.1204  0.2104  0.1994  0.2810  1
356:   0.1795  0.0432  0.1241  0.2333  0.1829  0.2369  1
357:   0.2011  0.0110  0.1475  0.2127  0.1955  0.2321  1
358:   0.1864  0.0070  0.1495  0.2458  0.1838  0.2274  1
359:   0.1619  0.1891  0.1369  0.1751  0.1589  0.1781  1
360:   0.2039  0.0172  0.1705  0.2275  0.1889  0.1919  1
361:   0.1518  0.1166  0.1442  0.1796  0.1788  0.2288  1
362:   0.1648  0.0238  0.1518  0.1848  0.1973  0.2775  1
363:   0.1828  0.0078  0.1486  0.2457  0.1840  0.2310  1
364:   0.2021  0.0472  0.2404  0.1583  0.1963  0.1557  1
365:   0.1914  0.1192  0.1614  0.1956  0.1720  0.1604  1
366:   0.1828  0.0206  0.1628  0.2190  0.1928  0.2220  1
367:   0.2042  0.0180  0.2674  0.1618  0.1934  0.1554  1
368:   0.2399  0.0116  0.3061  0.1468  0.2010  0.0947  1
369:   0.1678  0.0080  0.1650  0.1896  0.2134  0.2562  1
370:   0.2032  0.0090  0.2346  0.1976  0.1926  0.1628  1
371:   0.2422  0.0106  0.1978  0.2280  0.1876  0.1338  1
372:   0.1500  0.0748  0.1330  0.1860  0.1872  0.2689  1
373:   0.1475  0.0700  0.1319  0.1815  0.1895  0.2795  1
374:   0.2051  0.0610  0.2460  0.1733  0.1837  0.1309  1
375:   0.1902  0.0174  0.1850  0.1972  0.1956  0.2148  1
376:   0.2052  0.0090  0.2168  0.1936  0.1968  0.1786  1
377:   0.1889  0.0210  0.1579  0.2101  0.1921  0.2299  1
378:   0.2008  0.0174  0.1910  0.1896  0.2026  0.1986  1
379:   0.1648  0.0206  0.1338  0.2055  0.1934  0.2819  1
380:   0.2503  0.0098  0.2646  0.1937  0.1861  0.0955  1
381:   0.2252  0.0156  0.1946  0.2216  0.1804  0.1624  1
382:   0.2104  0.0112  0.1992  0.2248  0.1888  0.1656  1
383:   0.1852  0.0116  0.1600  0.2222  0.1904  0.2307  1
384:   0.1844  0.0126  0.1756  0.2012  0.1906  0.2358  1
385:   0.1798  0.0158  0.1896  0.1914  0.2010  0.2222  1
386:   0.2021  0.0174  0.1534  0.1990  0.1932  0.2350  1
387:   0.1971  0.0190  0.2299  0.1805  0.1969  0.1767  1
388:   0.2097  0.0592  0.1633  0.2537  0.1651  0.1491  1
389:   0.1859  0.0074  0.1611  0.2091  0.2019  0.2347  1
390:   0.2448  0.0100  0.2328  0.1845  0.1904  0.1375  1
391:   0.2128  0.0156  0.2576  0.2068  0.1900  0.1172  1
392:   0.1802  0.0212  0.1896  0.1894  0.2046  0.2148  1
393:   0.1950  0.0118  0.1936  0.2080  0.1922  0.1994  1
394:   0.1979  0.0248  0.1665  0.2091  0.1933  0.2083  1
395:   0.1646  0.1544  0.1918  0.1506  0.1706  0.1680  1
396:   0.1922  0.0068  0.1678  0.2116  0.1918  0.2300  1
397:   0.2197  0.0204  0.1671  0.2375  0.1813  0.1741  1
398:   0.2059  0.0186  0.2704  0.1561  0.2113  0.1377  1
399:   0.1910  0.0120  0.1880  0.2044  0.1828  0.2218  1
400:   0.1836  0.0282  0.1580  0.2078  0.1970  0.2254  1
401:   0.1866  0.0130  0.2032  0.1850  0.2004  0.2118  1
402:   0.1879  0.1370  0.1570  0.2236  0.1601  0.1344  1
403:   0.2143  0.0228  0.1705  0.2697  0.1757  0.1469  1
404:   0.0596  0.6898  0.0562  0.0631  0.0608  0.0705  1
405:   0.1959  0.0458  0.1797  0.2075  0.1877  0.1835  1
406:   0.1640  0.0666  0.1242  0.2158  0.1886  0.2406  1
407:   0.0712  0.5700  0.0644  0.0874  0.0868  0.1204  1
408:   0.2010  0.0150  0.2580  0.1678  0.2056  0.1524  1
409:   0.1831  0.1241  0.2771  0.1108  0.1885  0.1164  1
410:   0.1909  0.0120  0.1847  0.2045  0.1849  0.2231  1
411:   0.1950  0.0130  0.1624  0.2022  0.1984  0.2290  1
412:   0.2010  0.0276  0.2779  0.1352  0.2144  0.1440  1
413:   0.1684  0.0968  0.1420  0.1742  0.1882  0.2306  1
414:   0.2050  0.0252  0.2002  0.2140  0.1826  0.1728  1
415:   0.2121  0.0094  0.2930  0.1557  0.2087  0.1211  1
416:   0.1872  0.0080  0.1710  0.2516  0.1798  0.2022  1
417:   0.1634  0.0138  0.1246  0.2178  0.2030  0.2774  1
418:   0.1651  0.0108  0.1183  0.2166  0.1910  0.2982  1
419:   0.1839  0.0452  0.2701  0.1385  0.2049  0.1573  1
420:   0.1987  0.0532  0.1797  0.2119  0.1811  0.1753  1
421:   0.1664  0.0090  0.1200  0.2004  0.2101  0.2941  1
422:   0.1730  0.0098  0.1595  0.2169  0.1985  0.2423  1
423:   0.2078  0.0206  0.2058  0.2306  0.1866  0.1486  1
424:   0.1983  0.0076  0.1746  0.2123  0.1865  0.2207  1
425:   0.1855  0.0118  0.1699  0.2279  0.1891  0.2159  1
426:   0.2045  0.0392  0.1809  0.2053  0.1883  0.1819  1
427:   0.1730  0.0224  0.1582  0.2206  0.1864  0.2394  1
428:   0.2068  0.0272  0.1739  0.2240  0.1894  0.1787  1
429:   0.1888  0.0158  0.1694  0.2172  0.1928  0.2159  1
430:   0.2027  0.0108  0.2025  0.1983  0.1913  0.1943  1
431:   0.1415  0.0128  0.1159  0.1997  0.1990  0.3311  1
432:   0.0964  0.4750  0.0852  0.1172  0.1052  0.1210  1
433:   0.1875  0.0460  0.1929  0.2085  0.1827  0.1823  1
434:   0.1784  0.0184  0.1946  0.1858  0.2030  0.2196  1
435:   0.1954  0.0164  0.1594  0.2312  0.1930  0.2048  1
436:   0.1780  0.0220  0.1680  0.2188  0.1902  0.2230  1
437:   0.1874  0.0088  0.1512  0.2178  0.1948  0.2400  1
438:   0.1802  0.0118  0.1438  0.2258  0.1922  0.2462  1
439:   0.1092  0.4416  0.1014  0.1196  0.1108  0.1174  1
440:   0.1659  0.0566  0.1269  0.2187  0.1875  0.2443  1
441:   0.1872  0.0220  0.1952  0.1914  0.2028  0.2012  1
442:   0.2138  0.0126  0.3417  0.1132  0.2208  0.0980  1
443:   0.1815  0.0398  0.2199  0.1585  0.1997  0.2007  1
444:   0.2010  0.0314  0.1598  0.2358  0.1856  0.1862  1
445:   0.1525  0.1161  0.1209  0.1739  0.1769  0.2596  1
446:   0.1661  0.0990  0.1647  0.1651  0.1863  0.2187  1
447:   0.1746  0.0234  0.1532  0.2130  0.1972  0.2384  1
448:   0.1671  0.1034  0.1411  0.1827  0.1853  0.2205  1
449:   0.1639  0.1018  0.1765  0.1665  0.1859  0.2053  1
450:   0.1627  0.0602  0.1367  0.2003  0.1809  0.2592  1
451:   0.2062  0.0172  0.3380  0.1116  0.2186  0.1084  1
452:   0.1724  0.0522  0.1469  0.2071  0.1955  0.2259  1
453:   0.1570  0.1018  0.1300  0.2004  0.1838  0.2270  1
454:   0.1663  0.1311  0.1651  0.1709  0.1749  0.1919  1
455:   0.1642  0.1000  0.1600  0.1650  0.1924  0.2182  1
456:   0.1566  0.1448  0.1518  0.1568  0.1836  0.2064  1
457:   0.1482  0.0814  0.1316  0.1874  0.1858  0.2657  1
458:   0.1717  0.0719  0.1343  0.2116  0.1845  0.2260  1
459:   0.1939  0.0120  0.2453  0.1693  0.2017  0.1777  1
460:   0.2092  0.0114  0.3461  0.1106  0.2239  0.0988  1
461:   0.1423  0.1063  0.1095  0.1828  0.1832  0.2759  1
462:   0.0094  0.9514  0.0096  0.0100  0.0098  0.0098  1
463:   0.0104  0.9448  0.0096  0.0116  0.0112  0.0124  1
464:   0.0206  0.9002  0.0172  0.0214  0.0198  0.0208  1
465:   0.1250  0.1948  0.0924  0.1777  0.1620  0.2481  1
466:   0.0266  0.8576  0.0230  0.0302  0.0286  0.0340  1
467:   0.1342  0.3119  0.1252  0.1320  0.1454  0.1514  1
468:   0.1579  0.2893  0.1373  0.1569  0.1373  0.1214  1
469:   0.1482  0.1592  0.1080  0.1782  0.1624  0.2440  1
470:   0.0556  0.6925  0.0474  0.0636  0.0644  0.0766  1
471:   0.1278  0.2957  0.1064  0.1481  0.1377  0.1843  1
472:   0.1411  0.2507  0.1211  0.1745  0.1471  0.1653  1
473:   0.1354  0.2076  0.1188  0.1554  0.1648  0.2178  1
474:   0.0168  0.9174  0.0168  0.0164  0.0166  0.0160  1
475:   0.0630  0.5958  0.0508  0.0830  0.0799  0.1275  1
476:   0.0242  0.8701  0.0278  0.0244  0.0264  0.0270  1
477:   0.0216  0.8896  0.0238  0.0210  0.0224  0.0216  1
478:   0.1371  0.2875  0.1347  0.1423  0.1389  0.1597  1
479:   0.0176  0.9092  0.0182  0.0184  0.0180  0.0186  1
480:   0.0148  0.9202  0.0148  0.0168  0.0162  0.0172  1
481:   0.0232  0.8818  0.0210  0.0248  0.0232  0.0260  1
482:   0.0082  0.9590  0.0086  0.0082  0.0080  0.0080  1
483:   0.0230  0.8810  0.0220  0.0230  0.0238  0.0272  1
484:   0.1746  0.0770  0.1382  0.2066  0.1824  0.2212  1
485:   0.0634  0.6644  0.0522  0.0692  0.0664  0.0846  1
486:   0.0326  0.8156  0.0372  0.0348  0.0370  0.0428  1
487:   0.0092  0.9524  0.0094  0.0098  0.0094  0.0098  1
488:   0.0248  0.8711  0.0226  0.0242  0.0268  0.0304  1
489:   0.0920  0.4448  0.0794  0.1056  0.1134  0.1647  1
490:   0.1548  0.2250  0.1388  0.1748  0.1534  0.1530  1
491:   0.0190  0.9042  0.0184  0.0190  0.0190  0.0204  1
492:   0.0492  0.7234  0.0404  0.0562  0.0576  0.0733  1
493:   0.0128  0.9362  0.0130  0.0128  0.0128  0.0124  1
494:   0.0082  0.9590  0.0082  0.0084  0.0080  0.0082  1
495:   0.0078  0.9606  0.0084  0.0080  0.0076  0.0076  1
496:   0.0250  0.8776  0.0238  0.0248  0.0240  0.0248  1
497:   0.1753  0.0576  0.2207  0.1561  0.2035  0.1869  1
498:   0.1221  0.3539  0.1148  0.1210  0.1361  0.1521  1
499:   0.0154  0.9194  0.0160  0.0156  0.0164  0.0172  1
500:   0.0902  0.4656  0.0990  0.1017  0.1059  0.1376  1
501:   0.0104  0.9470  0.0104  0.0110  0.0106  0.0106  1
502:   0.0138  0.9338  0.0136  0.0134  0.0130  0.0124  1
503:   0.0096  0.9524  0.0090  0.0094  0.0094  0.0102  1
504:   0.0156  0.9208  0.0150  0.0164  0.0162  0.0160  1
505:   0.0564  0.7157  0.0564  0.0568  0.0562  0.0584  1
506:   0.0418  0.7873  0.0446  0.0398  0.0424  0.0442  1
507:   0.0180  0.9022  0.0186  0.0180  0.0216  0.0216  1
508:   0.0812  0.5750  0.0666  0.0864  0.0838  0.1068  1
509:   0.0070  0.9642  0.0072  0.0074  0.0070  0.0072  1
510:   0.0156  0.9222  0.0150  0.0164  0.0152  0.0156  1
511:   0.0110  0.9462  0.0110  0.0108  0.0110  0.0100  1
512:   0.0228  0.8791  0.0218  0.0258  0.0244  0.0262  1
513:   0.2031  0.0556  0.1787  0.2151  0.1841  0.1635  1
514:   0.0116  0.9446  0.0122  0.0104  0.0110  0.0102  1
515:   0.0466  0.7395  0.0360  0.0572  0.0528  0.0678  1
516:   0.1209  0.4104  0.1149  0.1303  0.1131  0.1103  1
517:   0.0144  0.9264  0.0152  0.0138  0.0146  0.0156  1
518:   0.0088  0.9544  0.0092  0.0092  0.0092  0.0092  1
519:   0.0166  0.9154  0.0182  0.0160  0.0174  0.0164  1
520:   0.0296  0.8536  0.0282  0.0306  0.0278  0.0302  1
521:   0.0104  0.9470  0.0106  0.0104  0.0106  0.0110  1
522:   0.0080  0.9582  0.0082  0.0082  0.0086  0.0088  1
523:   0.1048  0.4751  0.1154  0.1040  0.1018  0.0988  1
524:   0.0290  0.8517  0.0238  0.0286  0.0278  0.0392  1
525:   0.0222  0.8868  0.0236  0.0206  0.0230  0.0238  1
526:   0.0212  0.8889  0.0230  0.0206  0.0232  0.0230  1
527:   0.0284  0.8462  0.0250  0.0330  0.0306  0.0368  1
528:   0.0252  0.8651  0.0230  0.0276  0.0270  0.0322  1
529:   0.0696  0.6159  0.0558  0.0848  0.0796  0.0942  1
530:   0.0090  0.9538  0.0096  0.0092  0.0090  0.0094  1
531:   0.0256  0.8744  0.0258  0.0232  0.0262  0.0248  1
532:   0.0160  0.9190  0.0166  0.0160  0.0166  0.0158  1
533:   0.0130  0.9334  0.0128  0.0132  0.0128  0.0148  1
534:   0.0210  0.8902  0.0192  0.0218  0.0228  0.0250  1
535:   0.0142  0.9298  0.0148  0.0134  0.0140  0.0138  1
536:   0.0070  0.9636  0.0068  0.0076  0.0072  0.0078  1
537:   0.0092  0.9536  0.0096  0.0098  0.0092  0.0086  1
538:   0.0074  0.9632  0.0074  0.0074  0.0074  0.0072  1
539:   0.0060  0.9688  0.0064  0.0062  0.0062  0.0064  1
540:   0.0236  0.8828  0.0242  0.0228  0.0244  0.0222  1
541:   0.1575  0.1301  0.1221  0.1991  0.1723  0.2191  1
542:   0.0110  0.9442  0.0116  0.0108  0.0114  0.0110  1
543:   0.0320  0.8355  0.0332  0.0320  0.0334  0.0340  1
544:   0.0170  0.9155  0.0172  0.0168  0.0166  0.0170  1
545:   0.0070  0.9644  0.0070  0.0070  0.0070  0.0076  1
546:   0.0930  0.5084  0.1028  0.0948  0.1014  0.0996  1
547:   0.0392  0.7916  0.0404  0.0434  0.0432  0.0422  1
548:   0.0152  0.9233  0.0148  0.0154  0.0160  0.0154  1
549:   0.0160  0.9237  0.0160  0.0156  0.0150  0.0138  1
550:   0.0084  0.9582  0.0080  0.0086  0.0086  0.0082  1
551:   0.1966  0.0838  0.1658  0.2370  0.1706  0.1462  1
552:   0.0172  0.9066  0.0180  0.0194  0.0192  0.0196  1
553:   0.1028  0.4420  0.1060  0.1054  0.1173  0.1264  1
554:   0.0440  0.7586  0.0398  0.0486  0.0494  0.0596  1
555:   0.0094  0.9544  0.0088  0.0092  0.0092  0.0090  1
556:   0.0268  0.8514  0.0228  0.0310  0.0304  0.0376  1
557:   0.0074  0.9628  0.0072  0.0076  0.0072  0.0078  1
558:   0.0410  0.7780  0.0410  0.0458  0.0448  0.0494  1
559:   0.0972  0.5130  0.0850  0.1076  0.0918  0.1056  1
560:   0.0300  0.8368  0.0292  0.0328  0.0326  0.0386  1
561:   0.0396  0.7862  0.0384  0.0430  0.0426  0.0502  1
562:   0.0068  0.9660  0.0064  0.0070  0.0068  0.0070  1
563:   0.0126  0.9353  0.0118  0.0140  0.0128  0.0136  1
564:   0.0128  0.9374  0.0130  0.0122  0.0124  0.0122  1
565:   0.0376  0.7914  0.0358  0.0408  0.0422  0.0522  1
566:   0.1339  0.2455  0.1154  0.1443  0.1607  0.2003  1
567:   0.0146  0.9266  0.0152  0.0144  0.0144  0.0148  1
568:   0.0406  0.7931  0.0370  0.0426  0.0412  0.0456  1
569:   0.0146  0.9268  0.0148  0.0146  0.0146  0.0146  1
570:   0.1490  0.2809  0.2488  0.0790  0.1616  0.0808  1
571:   0.1196  0.2874  0.0976  0.1484  0.1424  0.2046  1
572:   0.0280  0.8535  0.0252  0.0298  0.0290  0.0344  1
573:   0.1882  0.0100  0.1774  0.2128  0.1976  0.2140  1
574:   0.1695  0.0833  0.1221  0.2034  0.1873  0.2344  1
575:   0.1920  0.0556  0.1440  0.2252  0.1780  0.2052  1
576:   0.1913  0.0274  0.1719  0.2189  0.1913  0.1993  1
577:   0.1861  0.0160  0.1643  0.2177  0.1917  0.2243  1
578:   0.1408  0.1464  0.1068  0.1808  0.1678  0.2572  1
579:   0.0296  0.8404  0.0298  0.0348  0.0322  0.0332  1
580:   0.0862  0.5228  0.0736  0.1008  0.0928  0.1236  1
581:   0.0114  0.9448  0.0114  0.0112  0.0110  0.0102  1
582:   0.2018  0.0266  0.3133  0.1112  0.2121  0.1350  1
583:   0.0144  0.9262  0.0140  0.0146  0.0146  0.0162  1
584:   0.0814  0.5514  0.0788  0.0830  0.0914  0.1140  1
585:   0.1108  0.4276  0.0988  0.1206  0.1152  0.1270  1
586:   0.0134  0.9320  0.0126  0.0138  0.0136  0.0146  1
587:   0.0196  0.9055  0.0218  0.0164  0.0198  0.0170  1
588:   0.0106  0.9436  0.0126  0.0106  0.0114  0.0112  1
589:   0.0546  0.7066  0.0604  0.0520  0.0628  0.0636  1
590:   0.0130  0.9346  0.0146  0.0116  0.0140  0.0122  1
591:   0.0124  0.9340  0.0120  0.0138  0.0134  0.0144  1
592:   0.0466  0.7492  0.0426  0.0498  0.0498  0.0620  1
593:   0.0114  0.9402  0.0122  0.0120  0.0120  0.0122  1
594:   0.1324  0.2492  0.1076  0.1568  0.1560  0.1978  1
595:   0.0480  0.7490  0.0478  0.0484  0.0518  0.0550  1
596:   0.0068  0.9658  0.0068  0.0066  0.0070  0.0070  1
597:   0.0134  0.9316  0.0122  0.0134  0.0138  0.0156  1
598:   0.0908  0.5233  0.1192  0.0772  0.1014  0.0880  1
599:   0.0086  0.9572  0.0080  0.0084  0.0090  0.0088  1
600:   0.0136  0.9314  0.0130  0.0146  0.0138  0.0136  1
601:   0.0086  0.9570  0.0086  0.0090  0.0086  0.0082  1
602:   0.0492  0.7165  0.0462  0.0546  0.0610  0.0724  1
603:   0.0312  0.8393  0.0274  0.0336  0.0312  0.0372  1
604:   0.1102  0.4398  0.1568  0.0830  0.1222  0.0880  1
605:   0.0266  0.8674  0.0252  0.0248  0.0270  0.0290  1
606:   0.0326  0.8361  0.0398  0.0274  0.0314  0.0326  1
607:   0.0070  0.9652  0.0070  0.0068  0.0070  0.0070  1
608:   0.0954  0.4808  0.0782  0.1068  0.1116  0.1274  1
609:   0.0232  0.8788  0.0220  0.0244  0.0238  0.0278  1
610:   0.0200  0.8976  0.0186  0.0196  0.0202  0.0240  1
611:   0.0622  0.6623  0.0584  0.0684  0.0680  0.0806  1
612:   0.1478  0.0632  0.1096  0.2016  0.1885  0.2893  1
613:   0.0104  0.9492  0.0096  0.0100  0.0096  0.0112  1
614:   0.0088  0.9548  0.0088  0.0094  0.0092  0.0090  1
615:   0.0102  0.9482  0.0096  0.0106  0.0102  0.0112  1
616:   0.0420  0.7609  0.0350  0.0490  0.0490  0.0642  1
617:   0.0166  0.9198  0.0186  0.0150  0.0160  0.0140  1
618:   0.0506  0.7213  0.0412  0.0538  0.0568  0.0764  1
619:   0.0138  0.9304  0.0142  0.0130  0.0144  0.0142  1
620:   0.0178  0.9039  0.0180  0.0196  0.0190  0.0216  1
621:   0.1932  0.0502  0.2713  0.1376  0.2062  0.1414  1
622:   0.0128  0.9296  0.0138  0.0134  0.0142  0.0162  1
623:   0.0238  0.8793  0.0256  0.0228  0.0246  0.0240  1
