           1  1 0.2013 0.1969 0.1989 0.2058 0.1972 
           2  1 0.1990 0.1991 0.2019 0.1984 0.2017 
           3  1 0.1996 0.2016 0.2006 0.1981 0.2001 
           4  1 0.1968 0.1998 0.2043 0.2003 0.1989 
           5  1 0.1990 0.1976 0.2012 0.2031 0.1991 
           6  1 0.1979 0.1999 0.2116 0.1979 0.1927 
           7  1 0.1985 0.2004 0.2039 0.2010 0.1961 
           8  1 0.1963 0.2000 0.2022 0.2049 0.1967 
           9  1 0.1975 0.1988 0.2112 0.1975 0.1950 
          10  1 0.1926 0.2028 0.2084 0.2038 0.1924 
          11  1 0.1945 0.2022 0.2024 0.2012 0.1997 
          12  1 0.1997 0.1985 0.2033 0.1980 0.2006 
          13  1 0.1962 0.2003 0.1981 0.2027 0.2028 
          14  1 0.1992 0.2005 0.2012 0.1996 0.1996 
          15  1 0.1998 0.1951 0.2020 0.2041 0.1989 
          16  1 0.1930 0.2042 0.2053 0.2024 0.1950 
