           1  1 0.1631 0.1670 0.1654 0.1697 0.1671 0.1676 
           2  1 0.1717 0.1673 0.1639 0.1708 0.1597 0.1666 
           3  1 0.1685 0.1631 0.1689 0.1706 0.1602 0.1687 
           4  1 0.1627 0.1661 0.1708 0.1676 0.1641 0.1687 
           5  1 0.1667 0.1646 0.1668 0.1661 0.1665 0.1694 
           6  1 0.1669 0.1799 0.1708 0.1622 0.1631 0.1572 
           7  1 0.1649 0.1681 0.1642 0.1683 0.1671 0.1674 
           8  1 0.1653 0.1712 0.1654 0.1651 0.1670 0.1660 
           9  1 0.1677 0.1805 0.1608 0.1623 0.1652 0.1635 
          10  1 0.1665 0.1798 0.1593 0.1654 0.1627 0.1663 
          11  1 0.1740 0.1703 0.1687 0.1612 0.1638 0.1620 
          12  1 0.1662 0.1732 0.1710 0.1658 0.1606 0.1631 
          13  1 0.1650 0.1625 0.1708 0.1718 0.1627 0.1671 
          14  1 0.1666 0.1725 0.1640 0.1701 0.1629 0.1640 
          15  1 0.1644 0.1677 0.1682 0.1685 0.1604 0.1709 
          16  1 0.1687 0.1747 0.1633 0.1642 0.1639 0.1652 
