           1  1 0.1001 0.0999 0.1002 0.1000 0.0998 0.1000 0.0999 0.1000 0.1002 0.1000 
           2  1 0.0999 0.1002 0.1000 0.0996 0.1000 0.0998 0.1007 0.0997 0.1003 0.0998 
           3  1 0.1000 0.1002 0.1000 0.1001 0.0999 0.1001 0.0999 0.1000 0.0999 0.1000 
           4  1 0.1003 0.1001 0.0999 0.0996 0.1000 0.1001 0.1000 0.1002 0.0997 0.1000 
           5  1 0.1002 0.0999 0.0998 0.1001 0.0998 0.1000 0.0999 0.1000 0.1002 0.0999 
           6  1 0.0997 0.0999 0.1003 0.0995 0.1000 0.1000 0.1003 0.1004 0.1001 0.0999 
           7  1 0.0998 0.1000 0.0997 0.1005 0.1001 0.1001 0.0999 0.1000 0.0999 0.0999 
           8  1 0.0998 0.1001 0.1002 0.1000 0.0999 0.0995 0.1003 0.1001 0.1001 0.0999 
           9  1 0.0998 0.1002 0.1007 0.0995 0.0997 0.0996 0.1004 0.1002 0.1001 0.0998 
          10  1 0.0997 0.0999 0.1003 0.0998 0.0995 0.0997 0.1005 0.1005 0.1004 0.0997 
          11  1 0.1000 0.0999 0.0999 0.1000 0.1000 0.0998 0.1001 0.1002 0.1002 0.0999 
          12  1 0.0998 0.0996 0.1000 0.1001 0.1000 0.0999 0.1002 0.1003 0.1002 0.1000 
          13  1 0.1000 0.1002 0.0999 0.1003 0.0999 0.1002 0.0999 0.0999 0.0998 0.0999 
          14  1 0.0999 0.1001 0.1001 0.0997 0.1000 0.1000 0.1004 0.1000 0.0999 0.0999 
          15  1 0.1001 0.1000 0.1000 0.0999 0.0999 0.1000 0.1003 0.1000 0.1001 0.0997 
          16  1 0.0999 0.0999 0.1004 0.0997 0.1001 0.0997 0.1003 0.1002 0.1000 0.0998 
