           1  1 0.1428 0.1434 0.1423 0.1440 0.1429 0.1424 0.1422 
           2  1 0.1425 0.1440 0.1427 0.1419 0.1423 0.1438 0.1429 
           3  1 0.1425 0.1425 0.1429 0.1432 0.1428 0.1431 0.1430 
           4  1 0.1420 0.1437 0.1429 0.1434 0.1432 0.1424 0.1424 
           5  1 0.1438 0.1430 0.1430 0.1425 0.1420 0.1428 0.1429 
           6  1 0.1418 0.1434 0.1432 0.1427 0.1421 0.1434 0.1434 
           7  1 0.1428 0.1433 0.1426 0.1431 0.1434 0.1426 0.1422 
           8  1 0.1420 0.1437 0.1432 0.1430 0.1425 0.1433 0.1423 
           9  1 0.1415 0.1442 0.1430 0.1426 0.1424 0.1437 0.1426 
          10  1 0.1422 0.1445 0.1428 0.1423 0.1416 0.1435 0.1432 
          11  1 0.1424 0.1429 0.1426 0.1433 0.1425 0.1427 0.1436 
          12  1 0.1421 0.1433 0.1429 0.1441 0.1421 0.1433 0.1423 
          13  1 0.1431 0.1418 0.1426 0.1432 0.1435 0.1423 0.1434 
          14  1 0.1425 0.1434 0.1425 0.1428 0.1421 0.1442 0.1425 
          15  1 0.1424 0.1433 0.1428 0.1427 0.1422 0.1429 0.1437 
          16  1 0.1419 0.1447 0.1422 0.1432 0.1429 0.1431 0.1420 
