           1  1 0.1658 0.1651 0.1678 0.1667 0.1680 0.1666 
           2  1 0.1680 0.1662 0.1668 0.1681 0.1645 0.1666 
           3  1 0.1653 0.1684 0.1680 0.1652 0.1663 0.1668 
           4  1 0.1668 0.1660 0.1667 0.1682 0.1656 0.1667 
           5  1 0.1681 0.1659 0.1660 0.1657 0.1671 0.1672 
           6  1 0.1687 0.1650 0.1663 0.1687 0.1653 0.1660 
           7  1 0.1674 0.1667 0.1639 0.1669 0.1677 0.1674 
           8  1 0.1678 0.1662 0.1651 0.1684 0.1663 0.1663 
           9  1 0.1677 0.1659 0.1656 0.1664 0.1672 0.1671 
          10  1 0.1705 0.1645 0.1655 0.1678 0.1651 0.1666 
          11  1 0.1676 0.1658 0.1651 0.1665 0.1671 0.1680 
          12  1 0.1676 0.1649 0.1652 0.1682 0.1677 0.1664 
          13  1 0.1656 0.1676 0.1675 0.1659 0.1668 0.1667 
          14  1 0.1680 0.1662 0.1655 0.1674 0.1671 0.1657 
          15  1 0.1675 0.1666 0.1664 0.1671 0.1665 0.1658 
          16  1 0.1690 0.1655 0.1659 0.1670 0.1654 0.1672 
