           1  1 0.3332 0.3353 0.3315 
           2  1 0.3322 0.3365 0.3313 
           3  1 0.3318 0.3327 0.3355 
           4  1 0.3360 0.3342 0.3298 
           5  1 0.3351 0.3312 0.3337 
           6  1 0.3356 0.3385 0.3259 
           7  1 0.3305 0.3342 0.3353 
           8  1 0.3354 0.3369 0.3277 
           9  1 0.3369 0.3343 0.3289 
          10  1 0.3350 0.3383 0.3267 
          11  1 0.3346 0.3355 0.3299 
          12  1 0.3333 0.3362 0.3305 
          13  1 0.3332 0.3298 0.3370 
          14  1 0.3330 0.3356 0.3314 
          15  1 0.3328 0.3354 0.3318 
          16  1 0.3318 0.3358 0.3324 
