           1  1 0.3311 0.3385 0.3305 
           2  1 0.3343 0.3324 0.3333 
           3  1 0.3311 0.3378 0.3311 
           4  1 0.3340 0.3304 0.3356 
           5  1 0.3329 0.3313 0.3359 
           6  1 0.3381 0.3290 0.3328 
           7  1 0.3339 0.3313 0.3348 
           8  1 0.3355 0.3337 0.3308 
           9  1 0.3372 0.3316 0.3312 
          10  1 0.3346 0.3339 0.3315 
          11  1 0.3349 0.3307 0.3345 
          12  1 0.3357 0.3333 0.3310 
          13  1 0.3358 0.3282 0.3360 
          14  1 0.3360 0.3327 0.3313 
          15  1 0.3320 0.3311 0.3370 
          16  1 0.3380 0.3322 0.3298 
