           1  1 0.1998 0.2003 0.1998 0.2002 0.1999 
           2  1 0.2013 0.1993 0.2007 0.2035 0.1952 
           3  1 0.2008 0.1997 0.1961 0.1991 0.2044 
           4  1 0.1977 0.2021 0.1988 0.1970 0.2044 
           5  1 0.2000 0.1999 0.2006 0.1991 0.2004 
           6  1 0.2048 0.2019 0.1981 0.2010 0.1942 
           7  1 0.2035 0.2012 0.2002 0.1985 0.1967 
           8  1 0.1993 0.2002 0.2016 0.2004 0.1985 
           9  1 0.2014 0.2035 0.2004 0.1996 0.1951 
          10  1 0.2064 0.2026 0.1987 0.2018 0.1905 
          11  1 0.2028 0.2015 0.1993 0.1987 0.1977 
          12  1 0.2013 0.1994 0.2026 0.2002 0.1965 
          13  1 0.1998 0.1951 0.1999 0.1993 0.2059 
          14  1 0.2001 0.2026 0.2018 0.2001 0.1954 
          15  1 0.2022 0.2016 0.1999 0.1986 0.1977 
          16  1 0.2033 0.2024 0.2044 0.1969 0.1929 
