           1  1 0.1107 0.1102 0.1113 0.1113 0.1134 0.1136 0.1112 0.1117 0.1067 
           2  1 0.1164 0.1114 0.1094 0.1082 0.1078 0.1118 0.1093 0.1142 0.1115 
           3  1 0.1114 0.1094 0.1108 0.1108 0.1122 0.1112 0.1134 0.1093 0.1115 
           4  1 0.1084 0.1083 0.1120 0.1105 0.1110 0.1122 0.1114 0.1119 0.1142 
           5  1 0.1115 0.1106 0.1097 0.1126 0.1123 0.1106 0.1123 0.1084 0.1120 
           6  1 0.1134 0.1100 0.1124 0.1077 0.1104 0.1118 0.1096 0.1136 0.1110 
           7  1 0.1117 0.1101 0.1117 0.1144 0.1110 0.1110 0.1076 0.1113 0.1113 
           8  1 0.1109 0.1097 0.1120 0.1100 0.1134 0.1077 0.1113 0.1109 0.1140 
           9  1 0.1139 0.1116 0.1115 0.1102 0.1082 0.1078 0.1131 0.1145 0.1091 
          10  1 0.1095 0.1088 0.1153 0.1075 0.1133 0.1080 0.1103 0.1173 0.1100 
          11  1 0.1127 0.1108 0.1124 0.1113 0.1118 0.1099 0.1102 0.1127 0.1083 
          12  1 0.1105 0.1096 0.1119 0.1107 0.1080 0.1099 0.1114 0.1150 0.1130 
          13  1 0.1083 0.1157 0.1100 0.1097 0.1130 0.1118 0.1112 0.1089 0.1114 
          14  1 0.1093 0.1111 0.1152 0.1104 0.1092 0.1079 0.1103 0.1146 0.1119 
          15  1 0.1112 0.1114 0.1110 0.1100 0.1105 0.1088 0.1096 0.1161 0.1113 
          16  1 0.1151 0.1135 0.1138 0.1123 0.1103 0.1066 0.1097 0.1127 0.1059 
