           1  1 0.1003 0.0996 0.0995 0.1013 0.0994 0.1002 0.0999 0.1006 0.0992 0.1000 
           2  1 0.1007 0.1005 0.1004 0.0995 0.1002 0.1004 0.0993 0.0989 0.1000 0.1002 
           3  1 0.1000 0.0993 0.1007 0.1000 0.1011 0.0989 0.0992 0.1014 0.0999 0.0994 
           4  1 0.1000 0.1005 0.0995 0.1000 0.0999 0.0996 0.1009 0.0986 0.1005 0.1006 
           5  1 0.1002 0.0989 0.0999 0.0991 0.1001 0.1018 0.1003 0.1010 0.0996 0.0991 
           6  1 0.1004 0.0994 0.1008 0.0989 0.0999 0.1005 0.1005 0.0989 0.1006 0.1001 
           7  1 0.0995 0.1008 0.0997 0.1002 0.0998 0.1011 0.1003 0.0988 0.1001 0.0996 
           8  1 0.1004 0.0996 0.0991 0.0994 0.1014 0.0998 0.0992 0.1012 0.0997 0.1002 
           9  1 0.1007 0.0991 0.0998 0.0983 0.0996 0.1008 0.1014 0.1004 0.0996 0.1002 
          10  1 0.1017 0.0992 0.1006 0.0977 0.1003 0.1012 0.0994 0.0992 0.1006 0.1001 
          11  1 0.0994 0.1000 0.1008 0.0990 0.0999 0.1005 0.1012 0.1006 0.0994 0.0992 
          12  1 0.1003 0.1004 0.0991 0.1004 0.1002 0.0990 0.1015 0.0988 0.1002 0.1001 
          13  1 0.0997 0.0983 0.0993 0.0999 0.1003 0.0990 0.1001 0.1007 0.1009 0.1018 
          14  1 0.1005 0.1002 0.1005 0.0988 0.0996 0.1011 0.1001 0.0986 0.1008 0.0997 
          15  1 0.1003 0.0990 0.0998 0.0997 0.1001 0.0988 0.1001 0.1002 0.0997 0.1023 
          16  1 0.1011 0.0998 0.1003 0.0986 0.0996 0.1018 0.0990 0.0980 0.1011 0.1006 
