           1  1 0.2507 0.2495 0.2498 0.2500 
           2  1 0.2501 0.2471 0.2517 0.2511 
           3  1 0.2498 0.2518 0.2496 0.2488 
           4  1 0.2512 0.2488 0.2497 0.2502 
           5  1 0.2495 0.2498 0.2506 0.2501 
           6  1 0.2505 0.2438 0.2533 0.2523 
           7  1 0.2500 0.2506 0.2496 0.2498 
           8  1 0.2500 0.2467 0.2517 0.2516 
           9  1 0.2512 0.2432 0.2535 0.2521 
          10  1 0.2519 0.2439 0.2515 0.2528 
          11  1 0.2504 0.2481 0.2513 0.2503 
          12  1 0.2506 0.2477 0.2518 0.2498 
          13  1 0.2491 0.2507 0.2508 0.2493 
          14  1 0.2506 0.2472 0.2514 0.2508 
          15  1 0.2505 0.2479 0.2510 0.2507 
          16  1 0.2518 0.2453 0.2517 0.2513 
