           1  1 0.0999 0.0996 0.1002 0.0999 0.1002 0.1003 0.1003 0.1000 0.0995 0.1000 
           2  1 0.0997 0.1004 0.1001 0.1000 0.1000 0.1002 0.0997 0.1000 0.0996 0.1003 
           3  1 0.1001 0.1000 0.1000 0.1000 0.0996 0.1001 0.1000 0.1000 0.1002 0.1000 
           4  1 0.1004 0.1000 0.0998 0.1000 0.1001 0.1001 0.0997 0.1001 0.0995 0.1003 
           5  1 0.1002 0.1003 0.1003 0.0999 0.0997 0.0998 0.0997 0.1000 0.1001 0.1001 
           6  1 0.0999 0.1000 0.1002 0.1001 0.1004 0.0997 0.1000 0.0997 0.0994 0.1006 
           7  1 0.1001 0.1000 0.1001 0.0997 0.0996 0.1002 0.1000 0.0997 0.1002 0.1002 
           8  1 0.0996 0.1000 0.0998 0.1002 0.1005 0.0996 0.1004 0.0997 0.0996 0.1006 
           9  1 0.0999 0.0998 0.1001 0.1002 0.1007 0.0998 0.0999 0.0998 0.0995 0.1003 
          10  1 0.0999 0.0998 0.1000 0.1000 0.1000 0.0998 0.1000 0.0998 0.0996 0.1010 
          11  1 0.1000 0.0999 0.1000 0.0995 0.1003 0.1001 0.1000 0.1000 0.0998 0.1004 
          12  1 0.1001 0.0999 0.0998 0.1003 0.1003 0.1002 0.0999 0.0999 0.0996 0.1001 
          13  1 0.1000 0.0999 0.1001 0.0999 0.0998 0.1002 0.0999 0.1000 0.1002 0.1000 
          14  1 0.1002 0.0997 0.1000 0.1000 0.1000 0.0998 0.0999 0.1000 0.1000 0.1005 
          15  1 0.0999 0.0999 0.1001 0.0999 0.1001 0.1001 0.1000 0.1000 0.0997 0.1004 
          16  1 0.0999 0.0998 0.1000 0.1000 0.1002 0.1001 0.0998 0.1003 0.0997 0.1001 
