           1  1 0.3348 0.3351 0.3301 
           2  1 0.3325 0.3277 0.3399 
           3  1 0.3337 0.3317 0.3346 
           4  1 0.3377 0.3328 0.3295 
           5  1 0.3324 0.3331 0.3345 
           6  1 0.3422 0.3279 0.3299 
           7  1 0.3330 0.3338 0.3332 
           8  1 0.3341 0.3317 0.3342 
           9  1 0.3353 0.3330 0.3317 
          10  1 0.3388 0.3274 0.3338 
          11  1 0.3344 0.3351 0.3305 
          12  1 0.3370 0.3300 0.3330 
          13  1 0.3298 0.3308 0.3394 
          14  1 0.3336 0.3305 0.3359 
          15  1 0.3370 0.3332 0.3299 
          16  1 0.3373 0.3318 0.3309 
