           1  1 0.2491 0.2510 0.2504 0.2494 
           2  1 0.2474 0.2579 0.2508 0.2439 
           3  1 0.2534 0.2495 0.2489 0.2483 
           4  1 0.2461 0.2573 0.2472 0.2494 
           5  1 0.2496 0.2500 0.2487 0.2518 
           6  1 0.2455 0.2643 0.2396 0.2506 
           7  1 0.2492 0.2556 0.2475 0.2477 
           8  1 0.2439 0.2566 0.2478 0.2516 
           9  1 0.2469 0.2616 0.2389 0.2525 
          10  1 0.2476 0.2614 0.2419 0.2491 
          11  1 0.2485 0.2497 0.2490 0.2529 
          12  1 0.2471 0.2513 0.2504 0.2513 
          13  1 0.2536 0.2484 0.2483 0.2496 
          14  1 0.2490 0.2567 0.2464 0.2479 
          15  1 0.2531 0.2528 0.2434 0.2508 
          16  1 0.2464 0.2595 0.2427 0.2514 
