           1  1 0.2031 0.1991 0.2023 0.1991 0.1964 
           2  1 0.2023 0.1958 0.2016 0.1989 0.2016 
           3  1 0.1989 0.2001 0.2005 0.1983 0.2021 
           4  1 0.2004 0.1999 0.2020 0.2016 0.1961 
           5  1 0.1991 0.1995 0.1996 0.1995 0.2024 
           6  1 0.2015 0.1972 0.2010 0.2026 0.1978 
           7  1 0.1987 0.1996 0.2010 0.2020 0.1988 
           8  1 0.2012 0.2009 0.2004 0.1969 0.2006 
           9  1 0.2011 0.1996 0.2023 0.2001 0.1969 
          10  1 0.2030 0.1958 0.2018 0.2041 0.1953 
          11  1 0.2013 0.1961 0.2028 0.1993 0.2005 
          12  1 0.2006 0.1996 0.2010 0.1999 0.1988 
          13  1 0.1998 0.1973 0.2027 0.1989 0.2013 
          14  1 0.2019 0.1986 0.1996 0.2001 0.1998 
          15  1 0.2026 0.1991 0.1995 0.2015 0.1973 
          16  1 0.2012 0.1971 0.2006 0.1994 0.2016 
