           1  1 0.1106 0.1111 0.1099 0.1130 0.1091 0.1173 0.1099 0.1102 0.1090 
           2  1 0.1116 0.1122 0.1125 0.1113 0.1120 0.1079 0.1100 0.1119 0.1107 
           3  1 0.1125 0.1094 0.1105 0.1138 0.1120 0.1083 0.1110 0.1113 0.1113 
           4  1 0.1139 0.1079 0.1090 0.1116 0.1101 0.1132 0.1100 0.1130 0.1112 
           5  1 0.1093 0.1135 0.1097 0.1111 0.1107 0.1124 0.1124 0.1114 0.1094 
           6  1 0.1165 0.1086 0.1109 0.1095 0.1126 0.1075 0.1110 0.1145 0.1089 
           7  1 0.1113 0.1117 0.1116 0.1099 0.1111 0.1091 0.1120 0.1125 0.1107 
           8  1 0.1121 0.1107 0.1098 0.1093 0.1096 0.1119 0.1110 0.1141 0.1114 
           9  1 0.1089 0.1069 0.1125 0.1104 0.1142 0.1106 0.1131 0.1124 0.1109 
          10  1 0.1124 0.1069 0.1132 0.1071 0.1165 0.1067 0.1136 0.1143 0.1093 
          11  1 0.1093 0.1090 0.1090 0.1089 0.1129 0.1141 0.1122 0.1128 0.1118 
          12  1 0.1126 0.1103 0.1104 0.1104 0.1105 0.1106 0.1108 0.1105 0.1139 
          13  1 0.1091 0.1142 0.1108 0.1154 0.1096 0.1083 0.1113 0.1090 0.1124 
          14  1 0.1126 0.1125 0.1123 0.1091 0.1148 0.1057 0.1106 0.1126 0.1100 
          15  1 0.1109 0.1125 0.1095 0.1110 0.1134 0.1110 0.1104 0.1118 0.1094 
          16  1 0.1107 0.1091 0.1123 0.1093 0.1125 0.1093 0.1136 0.1126 0.1107 
