           1  1 0.1111 0.1112 0.1113 0.1116 0.1107 0.1111 0.1107 0.1114 0.1108 
           2  1 0.1116 0.1114 0.1112 0.1109 0.1110 0.1107 0.1107 0.1110 0.1114 
           3  1 0.1110 0.1112 0.1115 0.1109 0.1111 0.1110 0.1111 0.1112 0.1110 
           4  1 0.1112 0.1114 0.1110 0.1110 0.1111 0.1114 0.1104 0.1111 0.1113 
           5  1 0.1107 0.1110 0.1114 0.1115 0.1116 0.1110 0.1110 0.1107 0.1111 
           6  1 0.1110 0.1113 0.1110 0.1112 0.1111 0.1107 0.1109 0.1115 0.1113 
           7  1 0.1111 0.1111 0.1109 0.1114 0.1111 0.1111 0.1112 0.1107 0.1112 
           8  1 0.1111 0.1111 0.1116 0.1114 0.1112 0.1110 0.1107 0.1110 0.1108 
           9  1 0.1112 0.1114 0.1117 0.1111 0.1111 0.1103 0.1109 0.1108 0.1114 
          10  1 0.1109 0.1114 0.1115 0.1109 0.1115 0.1106 0.1112 0.1113 0.1106 
          11  1 0.1117 0.1112 0.1112 0.1108 0.1112 0.1109 0.1110 0.1108 0.1112 
          12  1 0.1117 0.1114 0.1113 0.1109 0.1116 0.1108 0.1106 0.1112 0.1106 
          13  1 0.1111 0.1114 0.1116 0.1111 0.1109 0.1112 0.1110 0.1110 0.1108 
          14  1 0.1112 0.1112 0.1113 0.1112 0.1117 0.1107 0.1111 0.1111 0.1104 
          15  1 0.1111 0.1107 0.1110 0.1116 0.1116 0.1110 0.1113 0.1107 0.1110 
          16  1 0.1120 0.1117 0.1114 0.1111 0.1111 0.1100 0.1110 0.1111 0.1105 
