           1  1 0.3343 0.3341 0.3316 
           2  1 0.3325 0.3341 0.3334 
           3  1 0.3338 0.3323 0.3339 
           4  1 0.3325 0.3336 0.3339 
           5  1 0.3335 0.3327 0.3338 
           6  1 0.3330 0.3360 0.3310 
           7  1 0.3335 0.3334 0.3331 
           8  1 0.3328 0.3339 0.3333 
           9  1 0.3323 0.3349 0.3328 
          10  1 0.3333 0.3356 0.3311 
          11  1 0.3324 0.3324 0.3352 
          12  1 0.3321 0.3353 0.3326 
          13  1 0.3341 0.3326 0.3332 
          14  1 0.3327 0.3341 0.3332 
          15  1 0.3337 0.3335 0.3327 
          16  1 0.3322 0.3350 0.3328 
