           1  1 0.3242 0.3321 0.3437 
           2  1 0.3438 0.3355 0.3207 
           3  1 0.3297 0.3366 0.3337 
           4  1 0.3315 0.3281 0.3405 
           5  1 0.3373 0.3335 0.3293 
           6  1 0.3475 0.3313 0.3213 
           7  1 0.3336 0.3366 0.3297 
           8  1 0.3320 0.3286 0.3394 
           9  1 0.3493 0.3261 0.3246 
          10  1 0.3518 0.3287 0.3195 
          11  1 0.3355 0.3315 0.3330 
          12  1 0.3363 0.3313 0.3324 
          13  1 0.3285 0.3398 0.3316 
          14  1 0.3413 0.3320 0.3267 
          15  1 0.3339 0.3332 0.3329 
          16  1 0.3476 0.3291 0.3233 
