           1  1 0.2508 0.2442 0.2509 0.2540 
           2  1 0.2490 0.2494 0.2494 0.2523 
           3  1 0.2497 0.2504 0.2481 0.2518 
           4  1 0.2485 0.2494 0.2502 0.2519 
           5  1 0.2499 0.2504 0.2489 0.2507 
           6  1 0.2526 0.2480 0.2522 0.2472 
           7  1 0.2487 0.2520 0.2501 0.2492 
           8  1 0.2521 0.2468 0.2508 0.2504 
           9  1 0.2565 0.2463 0.2520 0.2452 
          10  1 0.2553 0.2485 0.2497 0.2466 
          11  1 0.2494 0.2482 0.2527 0.2497 
          12  1 0.2542 0.2487 0.2490 0.2480 
          13  1 0.2478 0.2534 0.2487 0.2501 
          14  1 0.2541 0.2468 0.2509 0.2482 
          15  1 0.2540 0.2484 0.2496 0.2479 
          16  1 0.2510 0.2489 0.2514 0.2486 
