           1  1 0.2021 0.1988 0.2005 0.2015 0.1972 
           2  1 0.1965 0.2025 0.1998 0.1978 0.2033 
           3  1 0.2003 0.2022 0.2023 0.1965 0.1988 
           4  1 0.2034 0.2002 0.2011 0.1966 0.1987 
           5  1 0.1992 0.2008 0.2013 0.1990 0.1997 
           6  1 0.1999 0.2007 0.1981 0.1995 0.2018 
           7  1 0.1989 0.2023 0.1998 0.1984 0.2006 
           8  1 0.2000 0.2024 0.2006 0.1981 0.1988 
           9  1 0.1982 0.2035 0.1962 0.2023 0.1998 
          10  1 0.2001 0.2014 0.1959 0.2023 0.2002 
          11  1 0.1988 0.2020 0.2000 0.2000 0.1991 
          12  1 0.1986 0.1989 0.2014 0.1998 0.2013 
          13  1 0.2002 0.1982 0.2010 0.2001 0.2005 
          14  1 0.2008 0.2007 0.2003 0.2002 0.1980 
          15  1 0.1998 0.1984 0.2006 0.2015 0.1997 
          16  1 0.1956 0.2020 0.1970 0.2038 0.2016 
