           1  1 0.1110 0.1110 0.1110 0.1113 0.1114 0.1109 0.1111 0.1111 0.1111 
           2  1 0.1112 0.1111 0.1111 0.1111 0.1106 0.1106 0.1114 0.1116 0.1113 
           3  1 0.1112 0.1109 0.1111 0.1110 0.1110 0.1114 0.1113 0.1109 0.1112 
           4  1 0.1110 0.1110 0.1112 0.1108 0.1114 0.1115 0.1111 0.1110 0.1111 
           5  1 0.1113 0.1111 0.1112 0.1113 0.1110 0.1112 0.1112 0.1111 0.1107 
           6  1 0.1112 0.1107 0.1111 0.1110 0.1108 0.1111 0.1110 0.1117 0.1112 
           7  1 0.1111 0.1114 0.1110 0.1108 0.1112 0.1112 0.1116 0.1109 0.1108 
           8  1 0.1112 0.1109 0.1110 0.1111 0.1109 0.1109 0.1116 0.1113 0.1111 
           9  1 0.1111 0.1112 0.1107 0.1108 0.1111 0.1109 0.1110 0.1118 0.1114 
          10  1 0.1113 0.1113 0.1109 0.1111 0.1108 0.1106 0.1113 0.1117 0.1111 
          11  1 0.1110 0.1108 0.1114 0.1109 0.1112 0.1111 0.1112 0.1114 0.1110 
          12  1 0.1116 0.1111 0.1113 0.1109 0.1109 0.1107 0.1113 0.1113 0.1109 
          13  1 0.1113 0.1105 0.1110 0.1112 0.1116 0.1109 0.1114 0.1110 0.1111 
          14  1 0.1111 0.1109 0.1111 0.1110 0.1110 0.1112 0.1113 0.1112 0.1112 
          15  1 0.1112 0.1109 0.1110 0.1111 0.1104 0.1109 0.1116 0.1115 0.1114 
          16  1 0.1113 0.1109 0.1109 0.1114 0.1106 0.1111 0.1110 0.1115 0.1113 
