           1  1 0.1262 0.1241 0.1246 0.1251 0.1271 0.1232 0.1236 0.1261 
           2  1 0.1242 0.1233 0.1252 0.1266 0.1246 0.1239 0.1295 0.1228 
           3  1 0.1296 0.1224 0.1242 0.1250 0.1276 0.1257 0.1223 0.1233 
           4  1 0.1216 0.1251 0.1263 0.1243 0.1263 0.1247 0.1259 0.1258 
           5  1 0.1222 0.1251 0.1244 0.1268 0.1251 0.1253 0.1282 0.1230 
           6  1 0.1254 0.1261 0.1246 0.1236 0.1203 0.1245 0.1312 0.1242 
           7  1 0.1256 0.1236 0.1260 0.1236 0.1249 0.1281 0.1244 0.1238 
           8  1 0.1245 0.1278 0.1221 0.1244 0.1223 0.1247 0.1263 0.1279 
           9  1 0.1256 0.1268 0.1227 0.1243 0.1210 0.1251 0.1296 0.1250 
          10  1 0.1242 0.1324 0.1247 0.1227 0.1195 0.1209 0.1299 0.1256 
          11  1 0.1248 0.1260 0.1251 0.1243 0.1238 0.1268 0.1254 0.1237 
          12  1 0.1261 0.1255 0.1267 0.1251 0.1208 0.1231 0.1277 0.1251 
          13  1 0.1263 0.1229 0.1236 0.1256 0.1278 0.1268 0.1226 0.1243 
          14  1 0.1227 0.1276 0.1216 0.1262 0.1209 0.1260 0.1275 0.1274 
          15  1 0.1281 0.1266 0.1245 0.1241 0.1241 0.1233 0.1246 0.1247 
          16  1 0.1250 0.1274 0.1223 0.1250 0.1205 0.1262 0.1266 0.1270 
