           1  1 0.2422 0.2325 0.2808 0.2445 
           2  1 0.2439 0.2497 0.2592 0.2472 
           3  1 0.2674 0.2391 0.2484 0.2451 
           4  1 0.2514 0.2459 0.2628 0.2400 
           5  1 0.2469 0.2560 0.2464 0.2507 
           6  1 0.2489 0.2625 0.2373 0.2514 
           7  1 0.2691 0.2300 0.2655 0.2355 
           8  1 0.2524 0.2498 0.2551 0.2427 
           9  1 0.2409 0.2550 0.2484 0.2557 
          10  1 0.2566 0.2437 0.2487 0.2511 
          11  1 0.2438 0.2758 0.2435 0.2369 
          12  1 0.2570 0.2468 0.2513 0.2448 
          13  1 0.2485 0.2457 0.2427 0.2631 
          14  1 0.2439 0.2587 0.2452 0.2521 
          15  1 0.2702 0.2486 0.2385 0.2427 
          16  1 0.2370 0.2622 0.2615 0.2392 
          17  1 0.2652 0.2276 0.2585 0.2487 
          18  1 0.2438 0.2364 0.2765 0.2433 
          19  1 0.2263 0.2392 0.2812 0.2533 
          20  1 0.2444 0.2672 0.2436 0.2448 
          21  1 0.2318 0.2509 0.2556 0.2617 
          22  1 0.2623 0.2242 0.2701 0.2434 
          23  1 0.2654 0.2450 0.2447 0.2449 
          24  1 0.2540 0.2553 0.2475 0.2432 
          25  1 0.2273 0.2409 0.2797 0.2521 
          26  1 0.2612 0.2516 0.2310 0.2562 
          27  1 0.2295 0.2549 0.2505 0.2651 
          28  1 0.2501 0.2474 0.2590 0.2434 
          29  1 0.2791 0.2437 0.2285 0.2486 
          30  1 0.2464 0.2358 0.2699 0.2479 
          31  1 0.2517 0.2546 0.2553 0.2384 
          32  1 0.2506 0.2371 0.2661 0.2462 
          33  1 0.2458 0.2449 0.2657 0.2436 
          34  1 0.2546 0.2564 0.2437 0.2453 
          35  1 0.2625 0.2424 0.2536 0.2415 
          36  1 0.2693 0.2515 0.2312 0.2480 
          37  1 0.2307 0.2563 0.2603 0.2526 
          38  1 0.2642 0.2448 0.2365 0.2545 
          39  1 0.2382 0.2550 0.2531 0.2537 
          40  1 0.2502 0.2481 0.2502 0.2515 
          41  1 0.2526 0.2494 0.2557 0.2422 
          42  1 0.2343 0.2517 0.2509 0.2630 
          43  1 0.2271 0.2673 0.2560 0.2496 
          44  1 0.2225 0.2738 0.2608 0.2429 
          45  1 0.2240 0.2485 0.2764 0.2511 
          46  1 0.2299 0.2474 0.2802 0.2425 
          47  1 0.2525 0.2339 0.2734 0.2402 
          48  1 0.2464 0.2450 0.2580 0.2506 
          49  1 0.2468 0.2494 0.2506 0.2532 
          50  1 0.2540 0.2568 0.2423 0.2469 
          51  1 0.2476 0.2557 0.2509 0.2458 
          52  1 0.2457 0.2526 0.2546 0.2471 
          53  1 0.2426 0.2598 0.2575 0.2402 
          54  1 0.2414 0.2512 0.2602 0.2472 
          55  1 0.2340 0.2531 0.2629 0.2500 
          56  1 0.2623 0.2497 0.2389 0.2491 
          57  1 0.2243 0.2393 0.2879 0.2485 
          58  1 0.2326 0.2516 0.2632 0.2526 
          59  1 0.2400 0.2562 0.2532 0.2507 
          60  1 0.2521 0.2577 0.2423 0.2479 
          61  1 0.2794 0.2392 0.2195 0.2619 
          62  1 0.2716 0.2444 0.2260 0.2581 
          63  1 0.2488 0.2503 0.2543 0.2466 
          64  1 0.2522 0.2478 0.2472 0.2528 
          65  1 0.2540 0.2543 0.2403 0.2514 
          66  1 0.2382 0.2639 0.2544 0.2435 
          67  1 0.2439 0.2504 0.2559 0.2498 
          68  1 0.2644 0.2407 0.2495 0.2453 
          69  1 0.2672 0.2510 0.2420 0.2398 
          70  1 0.2511 0.2488 0.2524 0.2476 
          71  1 0.2596 0.2511 0.2325 0.2569 
          72  1 0.2376 0.2538 0.2546 0.2540 
          73  1 0.2597 0.2458 0.2430 0.2515 
          74  1 0.2457 0.2587 0.2482 0.2474 
          75  1 0.2504 0.2441 0.2702 0.2354 
          76  1 0.2416 0.2324 0.2744 0.2515 
          77  1 0.2480 0.2405 0.2690 0.2425 
          78  1 0.2472 0.2513 0.2528 0.2487 
          79  1 0.2726 0.2440 0.2184 0.2649 
          80  1 0.2290 0.2688 0.2422 0.2600 
          81  1 0.2528 0.2481 0.2458 0.2533 
          82  1 0.2417 0.2645 0.2511 0.2427 
          83  1 0.2355 0.2653 0.2531 0.2460 
          84  1 0.2317 0.2287 0.2879 0.2517 
          85  1 0.2209 0.2504 0.2738 0.2549 
          86  1 0.2278 0.2453 0.2721 0.2548 
          87  1 0.2722 0.2326 0.2391 0.2562 
          88  1 0.2842 0.2457 0.2150 0.2550 
          89  1 0.2829 0.2384 0.2294 0.2493 
          90  1 0.3031 0.2323 0.2086 0.2560 
          91  1 0.2685 0.2337 0.2396 0.2582 
          92  1 0.2846 0.2350 0.2237 0.2567 
          93  1 0.2300 0.2693 0.2492 0.2515 
          94  1 0.2436 0.2653 0.2480 0.2432 
          95  1 0.2459 0.2648 0.2493 0.2401 
          96  1 0.2277 0.2595 0.2528 0.2601 
          97  1 0.2228 0.2596 0.2558 0.2618 
          98  1 0.2627 0.2510 0.2340 0.2523 
          99  1 0.2410 0.2685 0.2409 0.2497 
         100  1 0.2624 0.2532 0.2250 0.2595 
         101  1 0.2354 0.2539 0.2577 0.2530 
         102  1 0.2359 0.2428 0.2628 0.2584 
         103  1 0.2655 0.2405 0.2465 0.2475 
         104  1 0.2433 0.2620 0.2367 0.2580 
         105  1 0.2758 0.2445 0.2317 0.2480 
         106  1 0.2311 0.2517 0.2624 0.2548 
         107  1 0.2645 0.2517 0.2283 0.2555 
         108  1 0.2647 0.2430 0.2412 0.2511 
         109  1 0.2590 0.2453 0.2459 0.2498 
