           1  1 0.3575 0.3130 0.3295 
           2  1 0.3405 0.3262 0.3333 
           3  1 0.3315 0.3546 0.3138 
           4  1 0.3430 0.3155 0.3415 
           5  1 0.3217 0.3321 0.3461 
           6  1 0.3405 0.3246 0.3348 
           7  1 0.3229 0.3445 0.3325 
           8  1 0.3389 0.3356 0.3255 
           9  1 0.3223 0.3287 0.3490 
          10  1 0.3365 0.3340 0.3296 
          11  1 0.3476 0.3052 0.3472 
          12  1 0.3533 0.3215 0.3252 
          13  1 0.3148 0.3454 0.3398 
          14  1 0.3395 0.3220 0.3384 
          15  1 0.3157 0.3648 0.3195 
          16  1 0.3546 0.3154 0.3300 
          17  1 0.3206 0.3444 0.3350 
          18  1 0.3537 0.3205 0.3258 
          19  1 0.3624 0.3126 0.3250 
          20  1 0.3402 0.3189 0.3409 
          21  1 0.3186 0.3298 0.3516 
          22  1 0.3318 0.3351 0.3331 
          23  1 0.3083 0.3595 0.3322 
          24  1 0.3342 0.3393 0.3265 
          25  1 0.3539 0.3322 0.3140 
          26  1 0.3139 0.3415 0.3445 
          27  1 0.3483 0.3204 0.3313 
          28  1 0.3482 0.3179 0.3339 
          29  1 0.3027 0.3729 0.3244 
          30  1 0.3502 0.3226 0.3272 
          31  1 0.3437 0.3077 0.3486 
          32  1 0.3484 0.3311 0.3204 
          33  1 0.3377 0.3224 0.3399 
          34  1 0.3356 0.3258 0.3386 
          35  1 0.3253 0.3399 0.3347 
          36  1 0.3233 0.3382 0.3385 
          37  1 0.3223 0.3210 0.3566 
          38  1 0.3110 0.3556 0.3334 
          39  1 0.3431 0.3187 0.3382 
          40  1 0.3245 0.3368 0.3387 
          41  1 0.3449 0.3320 0.3231 
          42  1 0.3424 0.3140 0.3437 
          43  1 0.3554 0.2904 0.3542 
          44  1 0.3618 0.2800 0.3582 
          45  1 0.3609 0.3127 0.3264 
          46  1 0.3504 0.3142 0.3354 
          47  1 0.3438 0.3250 0.3312 
          48  1 0.3381 0.3199 0.3420 
          49  1 0.3383 0.3276 0.3341 
          50  1 0.3215 0.3299 0.3486 
          51  1 0.3380 0.3292 0.3328 
          52  1 0.3384 0.3269 0.3347 
          53  1 0.3493 0.3057 0.3450 
          54  1 0.3475 0.3204 0.3321 
          55  1 0.3544 0.3091 0.3366 
          56  1 0.3226 0.3342 0.3432 
          57  1 0.3643 0.3144 0.3213 
          58  1 0.3518 0.3153 0.3330 
          59  1 0.3434 0.3299 0.3267 
          60  1 0.3243 0.3370 0.3388 
          61  1 0.2875 0.3914 0.3211 
          62  1 0.2866 0.3777 0.3357 
          63  1 0.3380 0.3248 0.3372 
          64  1 0.3302 0.3474 0.3224 
          65  1 0.3242 0.3494 0.3264 
          66  1 0.3424 0.3212 0.3363 
          67  1 0.3353 0.3290 0.3357 
          68  1 0.3286 0.3371 0.3343 
          69  1 0.3071 0.3580 0.3349 
          70  1 0.3357 0.3323 0.3320 
          71  1 0.3025 0.3743 0.3232 
          72  1 0.3465 0.3221 0.3314 
          73  1 0.3217 0.3467 0.3316 
          74  1 0.3405 0.3135 0.3460 
          75  1 0.3174 0.3391 0.3435 
          76  1 0.3570 0.3120 0.3309 
          77  1 0.3472 0.3226 0.3302 
          78  1 0.3404 0.3273 0.3323 
          79  1 0.2815 0.3864 0.3321 
          80  1 0.3356 0.3090 0.3554 
          81  1 0.3264 0.3391 0.3345 
          82  1 0.3485 0.3085 0.3429 
          83  1 0.3432 0.3133 0.3435 
          84  1 0.3553 0.3195 0.3253 
          85  1 0.3571 0.3030 0.3399 
          86  1 0.3495 0.3163 0.3342 
          87  1 0.3164 0.3789 0.3047 
          88  1 0.2920 0.3935 0.3145 
          89  1 0.2954 0.3830 0.3216 
          90  1 0.2769 0.4284 0.2946 
          91  1 0.3210 0.3695 0.3095 
          92  1 0.2984 0.4009 0.3008 
          93  1 0.3451 0.2974 0.3575 
          94  1 0.3534 0.3071 0.3395 
          95  1 0.3464 0.3264 0.3272 
          96  1 0.3507 0.3103 0.3389 
          97  1 0.3479 0.3069 0.3452 
          98  1 0.3274 0.3305 0.3422 
          99  1 0.3333 0.3196 0.3472 
         100  1 0.3125 0.3664 0.3211 
         101  1 0.3422 0.3206 0.3373 
         102  1 0.3515 0.3210 0.3274 
         103  1 0.3094 0.3620 0.3286 
         104  1 0.3294 0.3222 0.3484 
         105  1 0.3014 0.3776 0.3210 
         106  1 0.3516 0.3188 0.3297 
         107  1 0.3108 0.3684 0.3208 
         108  1 0.3113 0.3536 0.3352 
         109  1 0.3352 0.3365 0.3284 
