           1  1 0.1014 0.1150 0.0978 0.1263 0.1033 0.1053 0.1281 0.1138 0.1088 
           2  1 0.1099 0.1121 0.1107 0.1097 0.1117 0.1100 0.1131 0.1101 0.1126 
           3  1 0.1148 0.1108 0.1280 0.1038 0.1023 0.1185 0.0979 0.1089 0.1151 
           4  1 0.1111 0.1116 0.1026 0.1057 0.1122 0.1116 0.1221 0.1109 0.1123 
           5  1 0.0958 0.1044 0.0918 0.1149 0.1115 0.1205 0.1282 0.1186 0.1143 
           6  1 0.1161 0.1104 0.1169 0.1020 0.1219 0.1115 0.1011 0.1081 0.1121 
           7  1 0.1081 0.1191 0.1091 0.1069 0.1026 0.1137 0.1129 0.1136 0.1140 
           8  1 0.1099 0.1167 0.1129 0.1088 0.1097 0.1123 0.1115 0.1048 0.1132 
           9  1 0.1095 0.1063 0.1100 0.1089 0.1145 0.1271 0.1070 0.1060 0.1107 
          10  1 0.1096 0.1090 0.1197 0.1098 0.1112 0.1156 0.1062 0.1133 0.1055 
          11  1 0.1150 0.1145 0.1080 0.1008 0.1191 0.1214 0.1113 0.1005 0.1094 
          12  1 0.1103 0.1067 0.1168 0.1106 0.1145 0.1131 0.1100 0.1121 0.1059 
          13  1 0.1165 0.1101 0.1129 0.1012 0.1215 0.1202 0.0998 0.1077 0.1102 
          14  1 0.1037 0.1129 0.1035 0.1061 0.1225 0.1165 0.1145 0.1128 0.1076 
          15  1 0.1151 0.1065 0.1242 0.1108 0.1069 0.1077 0.1040 0.1129 0.1118 
          16  1 0.1093 0.1122 0.1139 0.1062 0.1134 0.1180 0.1082 0.1088 0.1099 
          17  1 0.1063 0.1121 0.1108 0.1052 0.1077 0.1166 0.1164 0.1144 0.1104 
          18  1 0.1049 0.1155 0.1046 0.1196 0.1071 0.1050 0.1199 0.1117 0.1115 
          19  1 0.1064 0.1146 0.0986 0.1205 0.1148 0.1108 0.1179 0.1073 0.1091 
          20  1 0.1073 0.1170 0.1067 0.1033 0.1190 0.1170 0.1175 0.1057 0.1065 
          21  1 0.1072 0.1091 0.1028 0.1079 0.1155 0.1202 0.1156 0.1104 0.1113 
          22  1 0.1059 0.1198 0.1001 0.1075 0.1074 0.1093 0.1215 0.1156 0.1128 
          23  1 0.1019 0.1121 0.1048 0.1047 0.1153 0.1142 0.1137 0.1168 0.1165 
          24  1 0.1099 0.1058 0.1218 0.1073 0.1095 0.1178 0.1022 0.1134 0.1123 
          25  1 0.1120 0.1147 0.0938 0.1414 0.1021 0.0965 0.1211 0.1032 0.1153 
          26  1 0.1133 0.1061 0.1173 0.1098 0.1139 0.1113 0.1072 0.1128 0.1084 
          27  1 0.1046 0.1083 0.1169 0.1134 0.1135 0.1147 0.1069 0.1142 0.1076 
          28  1 0.1165 0.1169 0.1125 0.1047 0.1120 0.1120 0.1065 0.1095 0.1092 
          29  1 0.1104 0.1081 0.1269 0.1087 0.1170 0.1141 0.1024 0.1037 0.1087 
          30  1 0.1065 0.1159 0.1031 0.1166 0.1012 0.1111 0.1127 0.1162 0.1167 
          31  1 0.1125 0.1128 0.1112 0.1018 0.1115 0.1197 0.1077 0.1096 0.1131 
          32  1 0.1015 0.1196 0.1092 0.1148 0.1071 0.1088 0.1163 0.1159 0.1068 
          33  1 0.1137 0.1092 0.1134 0.1041 0.1040 0.1150 0.1106 0.1126 0.1175 
          34  1 0.1090 0.1085 0.1201 0.1068 0.1174 0.1118 0.1035 0.1083 0.1147 
          35  1 0.1079 0.1091 0.1203 0.1085 0.1041 0.1123 0.1106 0.1163 0.1109 
          36  1 0.1114 0.1076 0.1171 0.1106 0.1155 0.1118 0.1059 0.1113 0.1088 
          37  1 0.1089 0.1096 0.1099 0.1063 0.1147 0.1151 0.1117 0.1104 0.1133 
          38  1 0.1157 0.1136 0.1219 0.0996 0.1132 0.1190 0.0946 0.1111 0.1114 
          39  1 0.1145 0.1134 0.1071 0.1114 0.1126 0.1058 0.1144 0.1113 0.1095 
          40  1 0.1156 0.1068 0.1093 0.1067 0.1120 0.1121 0.1115 0.1144 0.1117 
          41  1 0.1130 0.1012 0.1121 0.1149 0.1060 0.1113 0.1146 0.1135 0.1134 
          42  1 0.1262 0.1112 0.1150 0.0954 0.1221 0.1091 0.1039 0.1046 0.1125 
          43  1 0.1316 0.1157 0.0994 0.0966 0.1249 0.1119 0.1132 0.1000 0.1067 
          44  1 0.1308 0.1206 0.0966 0.0950 0.1244 0.1116 0.1159 0.1005 0.1046 
          45  1 0.0963 0.1135 0.0944 0.1258 0.1121 0.1094 0.1247 0.1123 0.1114 
          46  1 0.1095 0.1085 0.0979 0.1170 0.1096 0.1095 0.1259 0.1101 0.1121 
          47  1 0.1001 0.1142 0.1023 0.1141 0.1052 0.1092 0.1292 0.1131 0.1125 
          48  1 0.1084 0.1133 0.1083 0.1082 0.1105 0.1129 0.1164 0.1109 0.1112 
          49  1 0.1136 0.1114 0.1132 0.1089 0.1086 0.1080 0.1145 0.1101 0.1117 
          50  1 0.1082 0.1069 0.1140 0.1068 0.1091 0.1184 0.1111 0.1120 0.1136 
          51  1 0.1111 0.1113 0.1087 0.1118 0.1127 0.1082 0.1134 0.1107 0.1122 
          52  1 0.1116 0.1101 0.1093 0.1113 0.1109 0.1094 0.1136 0.1100 0.1138 
          53  1 0.1101 0.1139 0.1151 0.1066 0.1103 0.1145 0.1078 0.1110 0.1107 
          54  1 0.1121 0.1122 0.1042 0.1179 0.1126 0.1065 0.1159 0.1111 0.1074 
          55  1 0.1095 0.1134 0.1066 0.1121 0.1125 0.1144 0.1110 0.1116 0.1088 
          56  1 0.1113 0.1104 0.1063 0.1036 0.1131 0.1105 0.1106 0.1144 0.1198 
          57  1 0.0976 0.1190 0.0834 0.1463 0.1013 0.0988 0.1343 0.1039 0.1154 
          58  1 0.1179 0.1088 0.1140 0.1068 0.1124 0.1167 0.1074 0.1051 0.1108 
          59  1 0.1099 0.1084 0.1133 0.1132 0.1111 0.1122 0.1097 0.1126 0.1097 
          60  1 0.1112 0.1104 0.1200 0.1042 0.1098 0.1108 0.1100 0.1154 0.1082 
          61  1 0.1132 0.1103 0.1236 0.1056 0.1042 0.1150 0.1041 0.1138 0.1103 
          62  1 0.1049 0.1101 0.1215 0.1119 0.1083 0.1103 0.1054 0.1130 0.1146 
          63  1 0.1118 0.1121 0.1122 0.1105 0.1113 0.1084 0.1125 0.1091 0.1120 
          64  1 0.1074 0.1163 0.1100 0.1168 0.1059 0.0970 0.1284 0.1107 0.1074 
          65  1 0.1079 0.1137 0.1110 0.1198 0.1085 0.1002 0.1238 0.1110 0.1041 
          66  1 0.1101 0.1116 0.1130 0.1081 0.1138 0.1123 0.1081 0.1110 0.1121 
          67  1 0.1114 0.1107 0.1121 0.1112 0.1080 0.1137 0.1099 0.1118 0.1113 
          68  1 0.1062 0.1144 0.1092 0.1141 0.1098 0.1102 0.1106 0.1114 0.1141 
          69  1 0.1082 0.1076 0.1066 0.1086 0.1172 0.1133 0.1055 0.1168 0.1162 
          70  1 0.1118 0.1127 0.1084 0.1122 0.1096 0.1121 0.1139 0.1082 0.1111 
          71  1 0.1065 0.1164 0.1053 0.1213 0.1032 0.1024 0.1287 0.1092 0.1071 
          72  1 0.1116 0.1115 0.1061 0.1200 0.1131 0.1057 0.1144 0.1079 0.1098 
          73  1 0.1105 0.1092 0.1165 0.1102 0.1088 0.1117 0.1107 0.1123 0.1100 
          74  1 0.1164 0.1178 0.1178 0.0962 0.1166 0.1159 0.1009 0.1131 0.1053 
          75  1 0.0952 0.1022 0.0846 0.1201 0.1120 0.1162 0.1399 0.1147 0.1151 
          76  1 0.1102 0.1150 0.1071 0.1130 0.1038 0.1110 0.1153 0.1112 0.1134 
          77  1 0.1087 0.1114 0.1085 0.1114 0.1075 0.1076 0.1143 0.1125 0.1180 
          78  1 0.1117 0.1129 0.1097 0.1139 0.1106 0.1086 0.1097 0.1103 0.1127 
          79  1 0.1088 0.1012 0.1321 0.1043 0.1098 0.1265 0.0997 0.1109 0.1067 
          80  1 0.1095 0.1162 0.1119 0.1048 0.1164 0.1168 0.1060 0.1125 0.1060 
          81  1 0.1088 0.1092 0.1239 0.1065 0.1126 0.1148 0.1037 0.1083 0.1121 
          82  1 0.1141 0.1173 0.1030 0.1059 0.1170 0.1131 0.1070 0.1127 0.1098 
          83  1 0.1204 0.1094 0.1084 0.1102 0.1168 0.1051 0.1151 0.1062 0.1084 
          84  1 0.1049 0.1220 0.0939 0.1212 0.0971 0.1038 0.1332 0.1055 0.1184 
          85  1 0.1182 0.1152 0.0959 0.1144 0.1202 0.1042 0.1147 0.1081 0.1091 
          86  1 0.0989 0.1111 0.0947 0.1232 0.1152 0.1060 0.1239 0.1112 0.1157 
          87  1 0.1130 0.1110 0.1206 0.1326 0.1004 0.1076 0.1055 0.1082 0.1011 
          88  1 0.1112 0.1118 0.1058 0.1362 0.1037 0.1049 0.1069 0.1089 0.1105 
          89  1 0.1107 0.1046 0.1167 0.1289 0.1003 0.1081 0.1068 0.1156 0.1083 
          90  1 0.1212 0.1078 0.1132 0.1369 0.0991 0.1090 0.1027 0.1111 0.0990 
          91  1 0.1109 0.1044 0.1311 0.1097 0.1082 0.1164 0.1014 0.1094 0.1084 
          92  1 0.1155 0.1055 0.1315 0.1121 0.1037 0.1080 0.0999 0.1090 0.1148 
          93  1 0.1130 0.1139 0.1077 0.1065 0.1196 0.1160 0.1013 0.1129 0.1092 
          94  1 0.1173 0.1166 0.1094 0.1043 0.1152 0.1118 0.1103 0.1067 0.1084 
          95  1 0.1116 0.1090 0.1085 0.1094 0.1197 0.1176 0.1046 0.1063 0.1132 
          96  1 0.1144 0.1109 0.1021 0.1253 0.1259 0.1008 0.1101 0.1030 0.1075 
          97  1 0.1130 0.1070 0.1104 0.1086 0.1177 0.1152 0.1122 0.1087 0.1073 
          98  1 0.1269 0.1177 0.1154 0.0944 0.1138 0.1154 0.1005 0.1077 0.1083 
          99  1 0.1209 0.1145 0.1126 0.1012 0.1162 0.1078 0.1094 0.1097 0.1077 
         100  1 0.1179 0.1040 0.1162 0.1166 0.1112 0.1087 0.1109 0.1107 0.1039 
         101  1 0.1149 0.1153 0.1072 0.1093 0.1155 0.1075 0.1117 0.1132 0.1054 
         102  1 0.1091 0.1108 0.1078 0.1077 0.1136 0.1153 0.1145 0.1103 0.1109 
         103  1 0.1083 0.1151 0.1211 0.1035 0.1046 0.1189 0.1091 0.1093 0.1101 
         104  1 0.1112 0.1126 0.1144 0.1061 0.1158 0.1128 0.1055 0.1128 0.1087 
         105  1 0.1112 0.1087 0.1225 0.1134 0.1087 0.1041 0.1100 0.1109 0.1105 
         106  1 0.1140 0.1114 0.1021 0.1231 0.1100 0.1000 0.1195 0.1094 0.1105 
         107  1 0.1065 0.1178 0.1029 0.1215 0.1056 0.0985 0.1341 0.1101 0.1031 
         108  1 0.1051 0.1179 0.1099 0.1107 0.1111 0.1088 0.1115 0.1135 0.1114 
         109  1 0.1117 0.1122 0.1122 0.1109 0.1110 0.1102 0.1062 0.1085 0.1172 
