           1  1 0.2277 0.2505 0.2967 0.2251 
           2  1 0.2452 0.2550 0.2507 0.2491 
           3  1 0.2691 0.2391 0.2501 0.2417 
           4  1 0.2368 0.2514 0.2711 0.2407 
           5  1 0.2388 0.2512 0.2669 0.2431 
           6  1 0.2402 0.2672 0.2209 0.2717 
           7  1 0.2407 0.2662 0.2582 0.2349 
           8  1 0.2415 0.2675 0.2418 0.2492 
           9  1 0.2532 0.2493 0.2470 0.2505 
          10  1 0.2476 0.2559 0.2493 0.2472 
          11  1 0.2372 0.2702 0.2216 0.2710 
          12  1 0.2467 0.2526 0.2441 0.2566 
          13  1 0.2709 0.2384 0.2369 0.2538 
          14  1 0.2485 0.2553 0.2399 0.2562 
          15  1 0.2781 0.2397 0.2355 0.2467 
          16  1 0.2436 0.2565 0.2416 0.2583 
          17  1 0.2371 0.2688 0.2563 0.2378 
          18  1 0.2332 0.2600 0.2749 0.2319 
          19  1 0.2249 0.2570 0.2719 0.2462 
          20  1 0.2457 0.2603 0.2298 0.2642 
          21  1 0.2488 0.2474 0.2569 0.2470 
          22  1 0.2355 0.2678 0.2677 0.2290 
          23  1 0.2466 0.2700 0.2447 0.2387 
          24  1 0.2558 0.2490 0.2440 0.2511 
          25  1 0.2415 0.2449 0.2814 0.2322 
          26  1 0.2621 0.2504 0.2401 0.2474 
          27  1 0.2590 0.2426 0.2407 0.2576 
          28  1 0.2414 0.2637 0.2341 0.2609 
          29  1 0.2670 0.2443 0.2356 0.2531 
          30  1 0.2287 0.2599 0.2695 0.2420 
          31  1 0.2352 0.2695 0.2363 0.2590 
          32  1 0.2455 0.2477 0.2718 0.2349 
          33  1 0.2444 0.2629 0.2521 0.2405 
          34  1 0.2448 0.2609 0.2433 0.2510 
          35  1 0.2523 0.2542 0.2628 0.2308 
          36  1 0.2572 0.2414 0.2361 0.2653 
          37  1 0.2400 0.2616 0.2478 0.2507 
          38  1 0.2683 0.2388 0.2403 0.2525 
          39  1 0.2431 0.2512 0.2460 0.2598 
          40  1 0.2561 0.2424 0.2529 0.2486 
          41  1 0.2562 0.2449 0.2471 0.2517 
          42  1 0.2467 0.2510 0.2390 0.2633 
          43  1 0.2293 0.2583 0.2352 0.2772 
          44  1 0.2211 0.2669 0.2366 0.2754 
          45  1 0.2418 0.2409 0.2868 0.2305 
          46  1 0.2364 0.2495 0.2731 0.2410 
          47  1 0.2361 0.2514 0.2880 0.2245 
          48  1 0.2398 0.2578 0.2612 0.2412 
          49  1 0.2458 0.2494 0.2476 0.2573 
          50  1 0.2469 0.2601 0.2361 0.2569 
          51  1 0.2469 0.2527 0.2521 0.2483 
          52  1 0.2451 0.2534 0.2531 0.2483 
          53  1 0.2408 0.2623 0.2420 0.2549 
          54  1 0.2408 0.2519 0.2545 0.2528 
          55  1 0.2494 0.2477 0.2496 0.2533 
          56  1 0.2437 0.2701 0.2336 0.2527 
          57  1 0.2279 0.2491 0.2925 0.2306 
          58  1 0.2408 0.2559 0.2494 0.2539 
          59  1 0.2478 0.2508 0.2563 0.2451 
          60  1 0.2685 0.2465 0.2376 0.2475 
          61  1 0.2857 0.2285 0.2368 0.2489 
          62  1 0.2774 0.2433 0.2310 0.2483 
          63  1 0.2472 0.2490 0.2567 0.2471 
          64  1 0.2574 0.2268 0.2564 0.2593 
          65  1 0.2599 0.2286 0.2562 0.2553 
          66  1 0.2450 0.2578 0.2391 0.2580 
          67  1 0.2507 0.2508 0.2520 0.2465 
          68  1 0.2488 0.2507 0.2596 0.2408 
          69  1 0.2460 0.2693 0.2440 0.2407 
          70  1 0.2443 0.2530 0.2508 0.2519 
          71  1 0.2658 0.2210 0.2532 0.2600 
          72  1 0.2480 0.2472 0.2551 0.2497 
          73  1 0.2534 0.2485 0.2517 0.2464 
          74  1 0.2480 0.2641 0.2310 0.2569 
          75  1 0.2339 0.2521 0.2943 0.2197 
          76  1 0.2244 0.2681 0.2701 0.2375 
          77  1 0.2262 0.2611 0.2736 0.2390 
          78  1 0.2489 0.2503 0.2471 0.2537 
          79  1 0.2769 0.2288 0.2441 0.2502 
          80  1 0.2394 0.2585 0.2390 0.2632 
          81  1 0.2536 0.2498 0.2427 0.2539 
          82  1 0.2385 0.2654 0.2350 0.2611 
          83  1 0.2419 0.2537 0.2417 0.2626 
          84  1 0.2241 0.2551 0.2907 0.2301 
          85  1 0.2359 0.2538 0.2572 0.2531 
          86  1 0.2382 0.2511 0.2844 0.2263 
          87  1 0.2859 0.2312 0.2442 0.2388 
          88  1 0.2774 0.2369 0.2348 0.2509 
          89  1 0.2701 0.2386 0.2497 0.2417 
          90  1 0.2960 0.2192 0.2469 0.2379 
          91  1 0.2761 0.2349 0.2496 0.2394 
          92  1 0.2856 0.2267 0.2483 0.2394 
          93  1 0.2323 0.2572 0.2434 0.2672 
          94  1 0.2430 0.2564 0.2389 0.2617 
          95  1 0.2354 0.2757 0.2333 0.2556 
          96  1 0.2428 0.2505 0.2475 0.2592 
          97  1 0.2503 0.2449 0.2524 0.2524 
          98  1 0.2565 0.2460 0.2330 0.2645 
          99  1 0.2601 0.2465 0.2363 0.2572 
         100  1 0.2726 0.2342 0.2415 0.2517 
         101  1 0.2476 0.2486 0.2503 0.2535 
         102  1 0.2524 0.2480 0.2551 0.2445 
         103  1 0.2636 0.2518 0.2517 0.2329 
         104  1 0.2537 0.2538 0.2326 0.2599 
         105  1 0.2762 0.2360 0.2454 0.2424 
         106  1 0.2435 0.2473 0.2569 0.2523 
         107  1 0.2653 0.2198 0.2550 0.2599 
         108  1 0.2483 0.2528 0.2515 0.2474 
         109  1 0.2514 0.2544 0.2428 0.2515 
