           1  1 0.1077 0.1112 0.1270 0.1206 0.1019 0.1052 0.1102 0.1032 0.1128 
           2  1 0.1084 0.1099 0.1117 0.1130 0.1103 0.1103 0.1130 0.1105 0.1129 
           3  1 0.1288 0.1111 0.1052 0.1017 0.1102 0.1191 0.1069 0.1152 0.1018 
           4  1 0.1074 0.1147 0.1178 0.1101 0.1071 0.1066 0.1106 0.1126 0.1131 
           5  1 0.0882 0.1493 0.1470 0.1223 0.1012 0.0926 0.0970 0.0955 0.1070 
           6  1 0.1087 0.1148 0.1183 0.1000 0.1130 0.1085 0.1096 0.1167 0.1104 
           7  1 0.1185 0.1098 0.1087 0.1052 0.1099 0.1146 0.1109 0.1154 0.1069 
           8  1 0.1131 0.1157 0.1212 0.1012 0.1055 0.1122 0.1072 0.1151 0.1088 
           9  1 0.1134 0.1125 0.0997 0.1059 0.1224 0.1061 0.1165 0.1150 0.1085 
          10  1 0.1237 0.1053 0.1021 0.1102 0.1068 0.1148 0.1155 0.1121 0.1096 
          11  1 0.1008 0.1124 0.1259 0.1081 0.1107 0.1122 0.1141 0.1119 0.1040 
          12  1 0.1103 0.1112 0.1138 0.1050 0.1076 0.1147 0.1153 0.1125 0.1098 
          13  1 0.1195 0.1130 0.0986 0.1060 0.1097 0.1167 0.1098 0.1095 0.1171 
          14  1 0.0962 0.1219 0.1233 0.1174 0.1115 0.1086 0.1048 0.1018 0.1146 
          15  1 0.1181 0.1083 0.1038 0.1034 0.1074 0.1180 0.1119 0.1157 0.1135 
          16  1 0.1039 0.1174 0.1160 0.1098 0.1116 0.1097 0.1092 0.1157 0.1068 
          17  1 0.1162 0.1074 0.1098 0.1053 0.1076 0.1119 0.1166 0.1215 0.1038 
          18  1 0.1089 0.1128 0.1216 0.1064 0.1075 0.1116 0.1128 0.1110 0.1074 
          19  1 0.1034 0.1124 0.1133 0.1194 0.1052 0.1087 0.1140 0.1127 0.1109 
          20  1 0.1022 0.1259 0.1178 0.1060 0.1152 0.1082 0.1053 0.1093 0.1100 
          21  1 0.1058 0.1049 0.1085 0.1029 0.1175 0.1098 0.1226 0.1200 0.1080 
          22  1 0.1110 0.1053 0.1097 0.1086 0.1064 0.1105 0.1186 0.1199 0.1100 
          23  1 0.1135 0.1074 0.1095 0.1078 0.1000 0.1064 0.1257 0.1270 0.1028 
          24  1 0.1166 0.1098 0.1081 0.1059 0.1044 0.1107 0.1196 0.1115 0.1133 
          25  1 0.1046 0.1029 0.1176 0.1338 0.1063 0.1059 0.1074 0.1093 0.1122 
          26  1 0.1138 0.1101 0.1074 0.1117 0.1100 0.1126 0.1139 0.1097 0.1109 
          27  1 0.1127 0.1080 0.1071 0.1068 0.1150 0.1098 0.1159 0.1178 0.1067 
          28  1 0.1096 0.1134 0.1123 0.0999 0.1075 0.1185 0.1110 0.1180 0.1098 
          29  1 0.1241 0.1068 0.1055 0.1027 0.1069 0.1295 0.1050 0.1120 0.1075 
          30  1 0.1120 0.1103 0.1129 0.1128 0.1080 0.1067 0.1131 0.1125 0.1115 
          31  1 0.1123 0.1092 0.1095 0.1014 0.1122 0.1149 0.1141 0.1173 0.1090 
          32  1 0.1099 0.1106 0.1167 0.1124 0.1050 0.1152 0.1094 0.1123 0.1086 
          33  1 0.1188 0.1047 0.0980 0.1027 0.1060 0.1193 0.1186 0.1232 0.1086 
          34  1 0.1161 0.1098 0.1019 0.1033 0.1066 0.1151 0.1208 0.1196 0.1068 
          35  1 0.1172 0.1084 0.1083 0.1065 0.1090 0.1191 0.1069 0.1153 0.1092 
          36  1 0.1197 0.1069 0.1067 0.1002 0.1040 0.1171 0.1208 0.1149 0.1098 
          37  1 0.1110 0.1079 0.1025 0.1024 0.1196 0.1105 0.1247 0.1160 0.1055 
          38  1 0.1225 0.1064 0.1010 0.1058 0.1090 0.1214 0.1082 0.1155 0.1102 
          39  1 0.1008 0.1060 0.1105 0.1170 0.1207 0.1051 0.1133 0.1111 0.1155 
          40  1 0.1135 0.1157 0.1171 0.1145 0.1051 0.1106 0.1070 0.1052 0.1113 
          41  1 0.1166 0.1112 0.1114 0.1021 0.1059 0.1185 0.1178 0.1083 0.1081 
          42  1 0.1125 0.1124 0.1068 0.1079 0.1151 0.1086 0.1085 0.1061 0.1221 
          43  1 0.0943 0.1090 0.1134 0.1076 0.1252 0.1081 0.1078 0.1080 0.1266 
          44  1 0.0943 0.1137 0.1105 0.1091 0.1254 0.1085 0.1099 0.1042 0.1243 
          45  1 0.1011 0.1078 0.1280 0.1296 0.1076 0.1028 0.1108 0.1022 0.1101 
          46  1 0.0973 0.1151 0.1272 0.1170 0.1145 0.1035 0.1028 0.1046 0.1180 
          47  1 0.1101 0.1191 0.1168 0.1112 0.1075 0.1126 0.1078 0.1087 0.1063 
          48  1 0.1113 0.1104 0.1052 0.1074 0.1135 0.1153 0.1175 0.1139 0.1056 
          49  1 0.1080 0.1085 0.1112 0.1112 0.1132 0.1080 0.1099 0.1129 0.1170 
          50  1 0.1146 0.1075 0.0988 0.1033 0.1100 0.1150 0.1257 0.1160 0.1092 
          51  1 0.1108 0.1104 0.1126 0.1124 0.1108 0.1112 0.1100 0.1114 0.1104 
          52  1 0.1095 0.1095 0.1124 0.1129 0.1126 0.1082 0.1119 0.1122 0.1107 
          53  1 0.1078 0.1124 0.1112 0.1082 0.1130 0.1156 0.1113 0.1101 0.1103 
          54  1 0.1070 0.1119 0.1149 0.1211 0.1096 0.1066 0.1098 0.1060 0.1131 
          55  1 0.1064 0.1132 0.1109 0.1144 0.1123 0.1108 0.1148 0.1077 0.1094 
          56  1 0.1055 0.1076 0.1020 0.1117 0.1171 0.1126 0.1281 0.1095 0.1060 
          57  1 0.1045 0.1106 0.1399 0.1369 0.1017 0.0948 0.1042 0.0963 0.1112 
          58  1 0.1074 0.1105 0.1174 0.1075 0.1088 0.1122 0.1074 0.1146 0.1140 
          59  1 0.1075 0.1142 0.1125 0.1098 0.1092 0.1148 0.1101 0.1104 0.1115 
          60  1 0.1058 0.1112 0.1106 0.1077 0.1121 0.1126 0.1159 0.1135 0.1107 
          61  1 0.1165 0.1163 0.1115 0.1060 0.1075 0.1075 0.1120 0.1171 0.1057 
          62  1 0.1217 0.1107 0.0981 0.1054 0.1141 0.1153 0.1157 0.1145 0.1046 
          63  1 0.1099 0.1117 0.1101 0.1130 0.1111 0.1113 0.1125 0.1093 0.1112 
          64  1 0.1023 0.0990 0.1196 0.1291 0.1204 0.1019 0.1021 0.1026 0.1229 
          65  1 0.1006 0.0972 0.1139 0.1270 0.1242 0.1062 0.1012 0.1102 0.1195 
          66  1 0.1100 0.1156 0.1149 0.1068 0.1093 0.1092 0.1113 0.1102 0.1127 
          67  1 0.1112 0.1120 0.1158 0.1081 0.1111 0.1086 0.1120 0.1103 0.1109 
          68  1 0.1144 0.1092 0.1123 0.1099 0.1085 0.1129 0.1126 0.1102 0.1099 
          69  1 0.1148 0.1048 0.1102 0.1129 0.1082 0.1076 0.1220 0.1189 0.1005 
          70  1 0.1133 0.1105 0.1124 0.1122 0.1083 0.1116 0.1110 0.1109 0.1098 
          71  1 0.0961 0.0946 0.1196 0.1332 0.1235 0.1025 0.1038 0.1051 0.1216 
          72  1 0.1031 0.1064 0.1168 0.1188 0.1139 0.1099 0.1109 0.1066 0.1135 
          73  1 0.1156 0.1093 0.1074 0.1090 0.1110 0.1135 0.1110 0.1141 0.1091 
          74  1 0.1125 0.1088 0.1107 0.1026 0.1226 0.1157 0.1071 0.1079 0.1121 
          75  1 0.0853 0.1497 0.1541 0.1244 0.1013 0.0890 0.0899 0.0933 0.1131 
          76  1 0.1141 0.1076 0.1159 0.1100 0.1043 0.1070 0.1109 0.1184 0.1118 
          77  1 0.1120 0.1100 0.1016 0.1101 0.1145 0.1122 0.1147 0.1144 0.1105 
          78  1 0.1080 0.1098 0.1112 0.1115 0.1113 0.1122 0.1113 0.1099 0.1148 
          79  1 0.1321 0.1088 0.0984 0.1015 0.1044 0.1187 0.1078 0.1197 0.1087 
          80  1 0.1164 0.1075 0.0987 0.1009 0.1194 0.1045 0.1242 0.1173 0.1112 
          81  1 0.1205 0.1114 0.1054 0.1028 0.1076 0.1138 0.1113 0.1159 0.1111 
          82  1 0.1086 0.1193 0.1112 0.1036 0.1121 0.1102 0.1124 0.1077 0.1147 
          83  1 0.1075 0.1062 0.1034 0.1133 0.1167 0.1072 0.1164 0.1142 0.1151 
          84  1 0.1106 0.1044 0.1208 0.1221 0.1014 0.1089 0.1081 0.1144 0.1092 
          85  1 0.0996 0.1134 0.1191 0.1234 0.1150 0.1058 0.1063 0.1021 0.1153 
          86  1 0.0952 0.1202 0.1369 0.1318 0.1058 0.0994 0.1060 0.0985 0.1063 
          87  1 0.1108 0.1118 0.1101 0.1168 0.1112 0.1120 0.1039 0.1091 0.1143 
          88  1 0.1121 0.1085 0.1148 0.1153 0.1138 0.1102 0.1041 0.1080 0.1132 
          89  1 0.1171 0.1131 0.1080 0.1081 0.1048 0.1198 0.1016 0.1130 0.1145 
          90  1 0.1122 0.1056 0.1036 0.1239 0.1103 0.1139 0.1062 0.1030 0.1212 
          91  1 0.1205 0.1082 0.1021 0.1071 0.1052 0.1224 0.1124 0.1155 0.1065 
          92  1 0.1267 0.1064 0.0928 0.1064 0.1060 0.1311 0.1027 0.1213 0.1066 
          93  1 0.1073 0.1133 0.1041 0.1020 0.1215 0.1113 0.1147 0.1138 0.1119 
          94  1 0.1066 0.1156 0.1066 0.1126 0.1140 0.1088 0.1123 0.1079 0.1157 
          95  1 0.1050 0.1095 0.1173 0.1122 0.1081 0.1118 0.1142 0.1128 0.1092 
          96  1 0.1013 0.1069 0.1124 0.1225 0.1176 0.1048 0.1168 0.1055 0.1123 
          97  1 0.1011 0.1151 0.1129 0.1126 0.1118 0.1075 0.1189 0.1104 0.1097 
          98  1 0.1137 0.1112 0.1053 0.1046 0.1234 0.1145 0.1060 0.1090 0.1124 
          99  1 0.1099 0.1148 0.1064 0.1024 0.1214 0.1171 0.1133 0.1085 0.1062 
         100  1 0.1182 0.1067 0.0996 0.1078 0.1163 0.1217 0.1106 0.1148 0.1042 
         101  1 0.1041 0.1151 0.1116 0.1135 0.1162 0.1076 0.1085 0.1061 0.1175 
         102  1 0.1135 0.1151 0.1095 0.1130 0.1023 0.1110 0.1103 0.1117 0.1135 
         103  1 0.1199 0.1156 0.1009 0.1053 0.1105 0.1145 0.1053 0.1186 0.1095 
         104  1 0.1181 0.1072 0.1028 0.1014 0.1163 0.1149 0.1188 0.1129 0.1077 
         105  1 0.1168 0.1105 0.1024 0.1033 0.1081 0.1248 0.1144 0.1115 0.1082 
         106  1 0.1001 0.1106 0.1130 0.1213 0.1165 0.1033 0.1126 0.1081 0.1145 
         107  1 0.0941 0.0920 0.1184 0.1398 0.1269 0.1011 0.1063 0.0998 0.1216 
         108  1 0.1149 0.1089 0.1092 0.1095 0.1085 0.1134 0.1144 0.1131 0.1080 
         109  1 0.1123 0.1069 0.1082 0.1130 0.1104 0.1132 0.1154 0.1142 0.1063 
