           1  1 0.1205 0.1220 0.1179 0.1164 0.1324 0.1253 0.1367 0.1287 
           2  1 0.1255 0.1235 0.1249 0.1244 0.1252 0.1268 0.1241 0.1256 
           3  1 0.1250 0.1359 0.1301 0.1404 0.1121 0.1221 0.1197 0.1148 
           4  1 0.1258 0.1170 0.1183 0.1278 0.1367 0.1212 0.1264 0.1267 
           5  1 0.1264 0.1088 0.1093 0.1262 0.1290 0.1232 0.1391 0.1380 
           6  1 0.1196 0.1341 0.1326 0.1299 0.1187 0.1277 0.1194 0.1180 
           7  1 0.1247 0.1244 0.1194 0.1291 0.1399 0.1105 0.1309 0.1211 
           8  1 0.1269 0.1350 0.1184 0.1245 0.1295 0.1204 0.1173 0.1280 
           9  1 0.1233 0.1211 0.1282 0.1367 0.1251 0.1184 0.1285 0.1187 
          10  1 0.1168 0.1254 0.1271 0.1281 0.1364 0.1258 0.1174 0.1228 
          11  1 0.1356 0.1244 0.1212 0.1179 0.1234 0.1323 0.1173 0.1279 
          12  1 0.1250 0.1293 0.1219 0.1236 0.1275 0.1292 0.1206 0.1229 
          13  1 0.1303 0.1157 0.1240 0.1234 0.1255 0.1285 0.1324 0.1202 
          14  1 0.1278 0.1186 0.1215 0.1174 0.1178 0.1336 0.1281 0.1351 
          15  1 0.1179 0.1342 0.1294 0.1273 0.1176 0.1268 0.1177 0.1289 
          16  1 0.1271 0.1293 0.1241 0.1307 0.1171 0.1321 0.1158 0.1237 
          17  1 0.1216 0.1309 0.1240 0.1258 0.1432 0.1192 0.1187 0.1166 
          18  1 0.1234 0.1272 0.1184 0.1185 0.1313 0.1286 0.1256 0.1270 
          19  1 0.1300 0.1270 0.1207 0.1113 0.1190 0.1319 0.1269 0.1330 
          20  1 0.1332 0.1210 0.1192 0.1242 0.1204 0.1275 0.1230 0.1317 
          21  1 0.1198 0.1205 0.1224 0.1324 0.1346 0.1153 0.1332 0.1217 
          22  1 0.1238 0.1321 0.1219 0.1090 0.1426 0.1213 0.1247 0.1245 
          23  1 0.1238 0.1322 0.1323 0.1254 0.1414 0.1111 0.1156 0.1181 
          24  1 0.1204 0.1241 0.1338 0.1311 0.1262 0.1193 0.1235 0.1216 
          25  1 0.1319 0.1249 0.1188 0.1069 0.1180 0.1341 0.1283 0.1372 
          26  1 0.1256 0.1240 0.1267 0.1222 0.1273 0.1217 0.1282 0.1242 
          27  1 0.1248 0.1281 0.1263 0.1277 0.1169 0.1260 0.1260 0.1241 
          28  1 0.1260 0.1262 0.1158 0.1209 0.1351 0.1292 0.1174 0.1294 
          29  1 0.1188 0.1302 0.1227 0.1327 0.1253 0.1266 0.1146 0.1291 
          30  1 0.1221 0.1305 0.1212 0.1192 0.1288 0.1264 0.1265 0.1254 
          31  1 0.1195 0.1262 0.1201 0.1223 0.1295 0.1298 0.1236 0.1290 
          32  1 0.1235 0.1272 0.1260 0.1217 0.1282 0.1237 0.1266 0.1231 
          33  1 0.1224 0.1319 0.1234 0.1317 0.1277 0.1221 0.1220 0.1189 
          34  1 0.1236 0.1270 0.1304 0.1246 0.1374 0.1171 0.1121 0.1279 
          35  1 0.1215 0.1246 0.1286 0.1263 0.1259 0.1213 0.1247 0.1271 
          36  1 0.1163 0.1236 0.1253 0.1254 0.1390 0.1233 0.1206 0.1265 
          37  1 0.1267 0.1166 0.1313 0.1259 0.1257 0.1191 0.1274 0.1273 
          38  1 0.1222 0.1243 0.1273 0.1369 0.1227 0.1255 0.1231 0.1180 
          39  1 0.1283 0.1230 0.1272 0.1198 0.1199 0.1294 0.1291 0.1231 
          40  1 0.1192 0.1227 0.1228 0.1214 0.1243 0.1285 0.1333 0.1279 
          41  1 0.1201 0.1269 0.1320 0.1240 0.1332 0.1205 0.1174 0.1259 
          42  1 0.1251 0.1218 0.1215 0.1218 0.1231 0.1286 0.1334 0.1247 
          43  1 0.1404 0.1186 0.1210 0.1064 0.1224 0.1387 0.1275 0.1251 
          44  1 0.1416 0.1183 0.1139 0.1015 0.1256 0.1378 0.1280 0.1332 
          45  1 0.1226 0.1162 0.1166 0.1223 0.1229 0.1288 0.1408 0.1298 
          46  1 0.1229 0.1169 0.1221 0.1231 0.1238 0.1268 0.1343 0.1303 
          47  1 0.1154 0.1244 0.1186 0.1172 0.1375 0.1255 0.1358 0.1257 
          48  1 0.1185 0.1188 0.1257 0.1271 0.1339 0.1237 0.1289 0.1233 
          49  1 0.1238 0.1261 0.1293 0.1228 0.1213 0.1271 0.1254 0.1241 
          50  1 0.1192 0.1222 0.1299 0.1342 0.1310 0.1206 0.1235 0.1193 
          51  1 0.1255 0.1260 0.1243 0.1242 0.1248 0.1258 0.1242 0.1252 
          52  1 0.1254 0.1254 0.1223 0.1253 0.1258 0.1239 0.1272 0.1247 
          53  1 0.1222 0.1253 0.1224 0.1241 0.1261 0.1325 0.1237 0.1236 
          54  1 0.1293 0.1233 0.1216 0.1186 0.1239 0.1277 0.1244 0.1313 
          55  1 0.1289 0.1235 0.1245 0.1218 0.1262 0.1249 0.1256 0.1246 
          56  1 0.1254 0.1322 0.1257 0.1225 0.1457 0.1101 0.1211 0.1173 
          57  1 0.1270 0.1198 0.1161 0.1092 0.1214 0.1411 0.1322 0.1332 
          58  1 0.1288 0.1297 0.1225 0.1245 0.1229 0.1234 0.1216 0.1266 
          59  1 0.1273 0.1226 0.1246 0.1244 0.1257 0.1258 0.1210 0.1286 
          60  1 0.1187 0.1261 0.1250 0.1246 0.1222 0.1270 0.1300 0.1264 
          61  1 0.1190 0.1261 0.1277 0.1348 0.1190 0.1249 0.1247 0.1239 
          62  1 0.1269 0.1282 0.1364 0.1277 0.1250 0.1201 0.1198 0.1159 
          63  1 0.1240 0.1247 0.1253 0.1228 0.1248 0.1237 0.1278 0.1268 
          64  1 0.1413 0.1215 0.1190 0.1216 0.1157 0.1229 0.1296 0.1283 
          65  1 0.1393 0.1221 0.1233 0.1191 0.1206 0.1267 0.1233 0.1256 
          66  1 0.1256 0.1262 0.1218 0.1227 0.1269 0.1293 0.1203 0.1273 
          67  1 0.1226 0.1256 0.1241 0.1258 0.1253 0.1256 0.1262 0.1247 
          68  1 0.1228 0.1237 0.1250 0.1270 0.1304 0.1180 0.1254 0.1278 
          69  1 0.1215 0.1250 0.1308 0.1235 0.1462 0.1171 0.1181 0.1179 
          70  1 0.1234 0.1228 0.1253 0.1250 0.1289 0.1256 0.1244 0.1246 
          71  1 0.1423 0.1211 0.1198 0.1201 0.1200 0.1228 0.1242 0.1299 
          72  1 0.1316 0.1252 0.1237 0.1219 0.1223 0.1269 0.1262 0.1223 
          73  1 0.1189 0.1281 0.1248 0.1273 0.1303 0.1204 0.1248 0.1254 
          74  1 0.1243 0.1267 0.1204 0.1291 0.1123 0.1304 0.1232 0.1336 
          75  1 0.1239 0.1046 0.1069 0.1213 0.1367 0.1164 0.1499 0.1403 
          76  1 0.1274 0.1292 0.1138 0.1147 0.1294 0.1339 0.1244 0.1271 
          77  1 0.1239 0.1290 0.1237 0.1231 0.1319 0.1218 0.1213 0.1254 
          78  1 0.1288 0.1298 0.1248 0.1210 0.1241 0.1246 0.1240 0.1229 
          79  1 0.1181 0.1212 0.1290 0.1387 0.1195 0.1205 0.1336 0.1194 
          80  1 0.1221 0.1223 0.1346 0.1194 0.1274 0.1221 0.1326 0.1195 
          81  1 0.1226 0.1248 0.1221 0.1316 0.1254 0.1254 0.1266 0.1215 
          82  1 0.1337 0.1241 0.1279 0.1217 0.1228 0.1193 0.1253 0.1251 
          83  1 0.1320 0.1295 0.1244 0.1165 0.1183 0.1311 0.1251 0.1231 
          84  1 0.1267 0.1235 0.1194 0.1108 0.1279 0.1311 0.1269 0.1336 
          85  1 0.1391 0.1124 0.1222 0.1141 0.1221 0.1310 0.1320 0.1270 
          86  1 0.1211 0.1113 0.1174 0.1242 0.1331 0.1253 0.1378 0.1298 
          87  1 0.1258 0.1303 0.1338 0.1290 0.1157 0.1303 0.1183 0.1168 
          88  1 0.1222 0.1255 0.1305 0.1304 0.1185 0.1294 0.1206 0.1230 
          89  1 0.1186 0.1314 0.1362 0.1283 0.1225 0.1237 0.1190 0.1203 
          90  1 0.1189 0.1341 0.1287 0.1414 0.1105 0.1336 0.1119 0.1208 
          91  1 0.1189 0.1259 0.1321 0.1370 0.1170 0.1268 0.1200 0.1223 
          92  1 0.1282 0.1218 0.1349 0.1391 0.1189 0.1215 0.1176 0.1179 
          93  1 0.1276 0.1216 0.1235 0.1226 0.1226 0.1285 0.1290 0.1246 
          94  1 0.1313 0.1212 0.1236 0.1154 0.1255 0.1297 0.1234 0.1298 
          95  1 0.1286 0.1374 0.1216 0.1251 0.1219 0.1264 0.1172 0.1219 
          96  1 0.1255 0.1264 0.1255 0.1209 0.1186 0.1237 0.1322 0.1270 
          97  1 0.1253 0.1165 0.1250 0.1246 0.1286 0.1263 0.1252 0.1283 
          98  1 0.1288 0.1208 0.1206 0.1247 0.1138 0.1332 0.1285 0.1296 
          99  1 0.1221 0.1253 0.1284 0.1261 0.1247 0.1315 0.1230 0.1189 
         100  1 0.1235 0.1312 0.1320 0.1322 0.1153 0.1280 0.1235 0.1144 
         101  1 0.1271 0.1215 0.1252 0.1205 0.1250 0.1272 0.1289 0.1245 
         102  1 0.1206 0.1207 0.1233 0.1250 0.1237 0.1298 0.1295 0.1273 
         103  1 0.1179 0.1206 0.1231 0.1317 0.1256 0.1261 0.1294 0.1257 
         104  1 0.1157 0.1296 0.1339 0.1299 0.1181 0.1295 0.1225 0.1208 
         105  1 0.1160 0.1268 0.1320 0.1356 0.1314 0.1183 0.1234 0.1166 
         106  1 0.1345 0.1223 0.1227 0.1166 0.1220 0.1309 0.1223 0.1287 
         107  1 0.1442 0.1245 0.1176 0.1152 0.1234 0.1207 0.1220 0.1322 
         108  1 0.1238 0.1263 0.1257 0.1193 0.1351 0.1194 0.1268 0.1236 
         109  1 0.1254 0.1251 0.1223 0.1235 0.1345 0.1239 0.1222 0.1232 
