           1  1 0.1939 0.1559 0.1698 0.1505 0.1449 0.1850 
           2  1 0.1687 0.1671 0.1686 0.1652 0.1619 0.1685 
           3  1 0.1561 0.1709 0.1586 0.1728 0.1834 0.1582 
           4  1 0.1777 0.1527 0.1792 0.1608 0.1527 0.1769 
           5  1 0.1909 0.1567 0.1630 0.1556 0.1491 0.1846 
           6  1 0.1550 0.1712 0.1586 0.1793 0.1728 0.1631 
           7  1 0.1661 0.1582 0.1726 0.1628 0.1605 0.1797 
           8  1 0.1537 0.1652 0.1674 0.1745 0.1649 0.1744 
           9  1 0.1626 0.1643 0.1682 0.1696 0.1697 0.1656 
          10  1 0.1590 0.1734 0.1667 0.1694 0.1671 0.1645 
          11  1 0.1626 0.1588 0.1681 0.1762 0.1666 0.1677 
          12  1 0.1594 0.1655 0.1679 0.1710 0.1686 0.1676 
          13  1 0.1630 0.1752 0.1610 0.1758 0.1692 0.1559 
          14  1 0.1719 0.1677 0.1633 0.1702 0.1633 0.1637 
          15  1 0.1512 0.1746 0.1572 0.1767 0.1835 0.1568 
          16  1 0.1585 0.1666 0.1655 0.1724 0.1715 0.1655 
          17  1 0.1559 0.1680 0.1659 0.1665 0.1688 0.1749 
          18  1 0.1845 0.1595 0.1696 0.1541 0.1513 0.1810 
          19  1 0.1812 0.1664 0.1679 0.1524 0.1560 0.1761 
          20  1 0.1664 0.1564 0.1636 0.1779 0.1642 0.1715 
          21  1 0.1658 0.1597 0.1774 0.1642 0.1598 0.1731 
          22  1 0.1710 0.1585 0.1715 0.1582 0.1592 0.1816 
          23  1 0.1506 0.1716 0.1687 0.1642 0.1680 0.1769 
          24  1 0.1615 0.1762 0.1619 0.1702 0.1734 0.1567 
          25  1 0.1951 0.1658 0.1614 0.1544 0.1502 0.1732 
          26  1 0.1536 0.1776 0.1626 0.1721 0.1723 0.1619 
          27  1 0.1649 0.1759 0.1639 0.1669 0.1589 0.1695 
          28  1 0.1627 0.1611 0.1713 0.1688 0.1697 0.1664 
          29  1 0.1475 0.1695 0.1577 0.1812 0.1862 0.1580 
          30  1 0.1784 0.1667 0.1635 0.1599 0.1536 0.1779 
          31  1 0.1679 0.1608 0.1729 0.1616 0.1647 0.1721 
          32  1 0.1682 0.1714 0.1630 0.1612 0.1641 0.1720 
          33  1 0.1687 0.1666 0.1772 0.1578 0.1610 0.1686 
          34  1 0.1547 0.1678 0.1678 0.1737 0.1719 0.1641 
          35  1 0.1647 0.1723 0.1645 0.1629 0.1679 0.1677 
          36  1 0.1510 0.1709 0.1634 0.1802 0.1687 0.1658 
          37  1 0.1614 0.1619 0.1787 0.1615 0.1620 0.1746 
          38  1 0.1484 0.1725 0.1627 0.1779 0.1796 0.1588 
          39  1 0.1696 0.1681 0.1685 0.1657 0.1639 0.1642 
          40  1 0.1755 0.1674 0.1565 0.1656 0.1711 0.1638 
          41  1 0.1637 0.1675 0.1696 0.1696 0.1708 0.1588 
          42  1 0.1673 0.1691 0.1651 0.1658 0.1627 0.1699 
          43  1 0.1630 0.1688 0.1735 0.1617 0.1596 0.1734 
          44  1 0.1706 0.1644 0.1769 0.1596 0.1549 0.1735 
          45  1 0.1960 0.1523 0.1666 0.1513 0.1505 0.1833 
          46  1 0.1953 0.1590 0.1708 0.1534 0.1517 0.1698 
          47  1 0.1817 0.1587 0.1657 0.1584 0.1582 0.1773 
          48  1 0.1722 0.1601 0.1718 0.1601 0.1589 0.1769 
          49  1 0.1672 0.1678 0.1683 0.1677 0.1653 0.1638 
          50  1 0.1550 0.1667 0.1713 0.1703 0.1647 0.1720 
          51  1 0.1693 0.1662 0.1658 0.1631 0.1664 0.1693 
          52  1 0.1676 0.1667 0.1646 0.1641 0.1667 0.1704 
          53  1 0.1696 0.1667 0.1704 0.1627 0.1605 0.1700 
          54  1 0.1791 0.1643 0.1666 0.1621 0.1569 0.1710 
          55  1 0.1693 0.1664 0.1640 0.1658 0.1645 0.1700 
          56  1 0.1548 0.1720 0.1751 0.1659 0.1604 0.1718 
          57  1 0.2120 0.1570 0.1632 0.1422 0.1441 0.1814 
          58  1 0.1617 0.1689 0.1663 0.1750 0.1662 0.1619 
          59  1 0.1672 0.1662 0.1656 0.1683 0.1679 0.1648 
          60  1 0.1613 0.1727 0.1654 0.1672 0.1678 0.1655 
          61  1 0.1484 0.1784 0.1610 0.1724 0.1850 0.1548 
          62  1 0.1479 0.1811 0.1609 0.1717 0.1800 0.1584 
          63  1 0.1701 0.1657 0.1682 0.1660 0.1628 0.1673 
          64  1 0.1832 0.1629 0.1642 0.1664 0.1717 0.1516 
          65  1 0.1815 0.1633 0.1637 0.1688 0.1730 0.1497 
          66  1 0.1617 0.1642 0.1695 0.1691 0.1684 0.1671 
          67  1 0.1658 0.1682 0.1680 0.1664 0.1640 0.1676 
          68  1 0.1698 0.1656 0.1663 0.1633 0.1616 0.1734 
          69  1 0.1590 0.1690 0.1628 0.1674 0.1724 0.1693 
          70  1 0.1651 0.1673 0.1687 0.1664 0.1650 0.1675 
          71  1 0.1814 0.1642 0.1619 0.1689 0.1765 0.1471 
          72  1 0.1821 0.1652 0.1677 0.1604 0.1592 0.1654 
          73  1 0.1603 0.1723 0.1630 0.1686 0.1694 0.1663 
          74  1 0.1617 0.1681 0.1644 0.1703 0.1733 0.1621 
          75  1 0.2044 0.1462 0.1700 0.1447 0.1447 0.1899 
          76  1 0.1837 0.1619 0.1712 0.1564 0.1472 0.1796 
          77  1 0.1638 0.1639 0.1784 0.1579 0.1572 0.1789 
          78  1 0.1674 0.1666 0.1689 0.1659 0.1633 0.1680 
          79  1 0.1508 0.1763 0.1548 0.1770 0.1872 0.1540 
          80  1 0.1532 0.1757 0.1701 0.1657 0.1670 0.1683 
          81  1 0.1564 0.1719 0.1637 0.1742 0.1716 0.1623 
          82  1 0.1607 0.1652 0.1638 0.1708 0.1716 0.1679 
          83  1 0.1654 0.1753 0.1643 0.1681 0.1624 0.1645 
          84  1 0.1880 0.1601 0.1686 0.1506 0.1507 0.1821 
          85  1 0.1837 0.1605 0.1659 0.1580 0.1567 0.1752 
          86  1 0.1912 0.1579 0.1639 0.1547 0.1492 0.1831 
          87  1 0.1618 0.1729 0.1657 0.1652 0.1810 0.1534 
          88  1 0.1656 0.1619 0.1774 0.1656 0.1719 0.1576 
          89  1 0.1559 0.1700 0.1668 0.1639 0.1837 0.1598 
          90  1 0.1492 0.1703 0.1721 0.1714 0.1836 0.1534 
          91  1 0.1548 0.1735 0.1574 0.1791 0.1797 0.1556 
          92  1 0.1568 0.1809 0.1543 0.1756 0.1825 0.1499 
          93  1 0.1565 0.1639 0.1754 0.1649 0.1667 0.1726 
          94  1 0.1642 0.1655 0.1681 0.1671 0.1650 0.1700 
          95  1 0.1547 0.1686 0.1698 0.1722 0.1679 0.1669 
          96  1 0.1775 0.1687 0.1655 0.1631 0.1541 0.1711 
          97  1 0.1730 0.1610 0.1660 0.1664 0.1541 0.1795 
          98  1 0.1528 0.1759 0.1600 0.1696 0.1812 0.1605 
          99  1 0.1602 0.1675 0.1676 0.1681 0.1688 0.1677 
         100  1 0.1463 0.1801 0.1625 0.1731 0.1788 0.1591 
         101  1 0.1714 0.1650 0.1660 0.1674 0.1639 0.1662 
         102  1 0.1718 0.1705 0.1673 0.1619 0.1631 0.1654 
         103  1 0.1595 0.1682 0.1721 0.1654 0.1743 0.1605 
         104  1 0.1467 0.1734 0.1653 0.1738 0.1726 0.1682 
         105  1 0.1493 0.1733 0.1634 0.1764 0.1804 0.1572 
         106  1 0.1833 0.1653 0.1665 0.1624 0.1553 0.1672 
         107  1 0.1851 0.1576 0.1629 0.1683 0.1727 0.1533 
         108  1 0.1610 0.1681 0.1643 0.1674 0.1715 0.1677 
         109  1 0.1621 0.1647 0.1687 0.1692 0.1673 0.1680 
