           1  1 0.1824 0.1627 0.1851 0.1649 0.1375 0.1674 
           2  1 0.1705 0.1650 0.1672 0.1682 0.1615 0.1677 
           3  1 0.1544 0.1617 0.1592 0.1695 0.2072 0.1480 
           4  1 0.1705 0.1568 0.1810 0.1750 0.1538 0.1629 
           5  1 0.1578 0.1691 0.1884 0.1710 0.1389 0.1748 
           6  1 0.1616 0.1642 0.1558 0.1645 0.1853 0.1686 
           7  1 0.1681 0.1727 0.1842 0.1637 0.1620 0.1493 
           8  1 0.1701 0.1661 0.1574 0.1627 0.1713 0.1724 
           9  1 0.1561 0.1642 0.1717 0.1769 0.1753 0.1558 
          10  1 0.1708 0.1742 0.1671 0.1708 0.1669 0.1502 
          11  1 0.1619 0.1635 0.1642 0.1595 0.1639 0.1871 
          12  1 0.1747 0.1703 0.1682 0.1626 0.1647 0.1596 
          13  1 0.1697 0.1708 0.1588 0.1654 0.1751 0.1603 
          14  1 0.1562 0.1694 0.1654 0.1649 0.1612 0.1829 
          15  1 0.1672 0.1698 0.1493 0.1633 0.1946 0.1557 
          16  1 0.1655 0.1646 0.1616 0.1727 0.1689 0.1668 
          17  1 0.1613 0.1687 0.1788 0.1668 0.1693 0.1550 
          18  1 0.1762 0.1701 0.1820 0.1627 0.1450 0.1639 
          19  1 0.1833 0.1675 0.1865 0.1572 0.1342 0.1713 
          20  1 0.1592 0.1614 0.1639 0.1612 0.1687 0.1855 
          21  1 0.1608 0.1714 0.1777 0.1794 0.1545 0.1562 
          22  1 0.1776 0.1629 0.1894 0.1672 0.1415 0.1613 
          23  1 0.1762 0.1661 0.1699 0.1634 0.1627 0.1618 
          24  1 0.1677 0.1736 0.1571 0.1702 0.1767 0.1546 
          25  1 0.1846 0.1685 0.1848 0.1513 0.1376 0.1731 
          26  1 0.1636 0.1762 0.1694 0.1663 0.1692 0.1552 
          27  1 0.1641 0.1714 0.1658 0.1674 0.1747 0.1567 
          28  1 0.1732 0.1650 0.1599 0.1618 0.1631 0.1770 
          29  1 0.1753 0.1701 0.1443 0.1667 0.1916 0.1519 
          30  1 0.1688 0.1718 0.1876 0.1599 0.1493 0.1626 
          31  1 0.1671 0.1598 0.1735 0.1694 0.1485 0.1816 
          32  1 0.1776 0.1627 0.1735 0.1689 0.1593 0.1580 
          33  1 0.1696 0.1621 0.1731 0.1714 0.1572 0.1666 
          34  1 0.1717 0.1611 0.1579 0.1658 0.1713 0.1721 
          35  1 0.1643 0.1675 0.1807 0.1685 0.1686 0.1504 
          36  1 0.1696 0.1652 0.1588 0.1705 0.1839 0.1521 
          37  1 0.1641 0.1625 0.1697 0.1824 0.1554 0.1659 
          38  1 0.1604 0.1704 0.1594 0.1684 0.1913 0.1501 
          39  1 0.1758 0.1596 0.1608 0.1639 0.1584 0.1814 
          40  1 0.1634 0.1775 0.1681 0.1670 0.1694 0.1546 
          41  1 0.1594 0.1691 0.1705 0.1750 0.1718 0.1541 
          42  1 0.1753 0.1623 0.1534 0.1673 0.1596 0.1820 
          43  1 0.1688 0.1592 0.1510 0.1645 0.1499 0.2065 
          44  1 0.1777 0.1529 0.1566 0.1679 0.1380 0.2069 
          45  1 0.1823 0.1726 0.1761 0.1635 0.1411 0.1644 
          46  1 0.1718 0.1606 0.1815 0.1664 0.1399 0.1799 
          47  1 0.1760 0.1658 0.1862 0.1684 0.1468 0.1568 
          48  1 0.1662 0.1674 0.1732 0.1703 0.1612 0.1616 
          49  1 0.1675 0.1613 0.1584 0.1667 0.1701 0.1761 
          50  1 0.1652 0.1626 0.1687 0.1747 0.1628 0.1661 
          51  1 0.1682 0.1671 0.1668 0.1636 0.1617 0.1726 
          52  1 0.1674 0.1680 0.1685 0.1676 0.1604 0.1680 
          53  1 0.1598 0.1640 0.1727 0.1656 0.1656 0.1722 
          54  1 0.1746 0.1625 0.1676 0.1669 0.1586 0.1698 
          55  1 0.1739 0.1649 0.1614 0.1666 0.1628 0.1704 
          56  1 0.1623 0.1712 0.1755 0.1722 0.1559 0.1629 
          57  1 0.1884 0.1735 0.1891 0.1513 0.1180 0.1797 
          58  1 0.1670 0.1575 0.1626 0.1702 0.1702 0.1725 
          59  1 0.1693 0.1698 0.1638 0.1645 0.1657 0.1668 
          60  1 0.1588 0.1607 0.1641 0.1754 0.1820 0.1591 
          61  1 0.1574 0.1671 0.1618 0.1653 0.1994 0.1490 
          62  1 0.1627 0.1682 0.1575 0.1671 0.1993 0.1452 
          63  1 0.1674 0.1663 0.1696 0.1665 0.1629 0.1672 
          64  1 0.1729 0.1637 0.1589 0.1613 0.1634 0.1798 
          65  1 0.1698 0.1690 0.1493 0.1623 0.1687 0.1808 
          66  1 0.1631 0.1658 0.1609 0.1706 0.1677 0.1720 
          67  1 0.1675 0.1695 0.1703 0.1643 0.1630 0.1654 
          68  1 0.1663 0.1699 0.1869 0.1691 0.1533 0.1545 
          69  1 0.1745 0.1752 0.1711 0.1629 0.1572 0.1591 
          70  1 0.1649 0.1689 0.1687 0.1670 0.1632 0.1673 
          71  1 0.1661 0.1719 0.1517 0.1647 0.1649 0.1807 
          72  1 0.1746 0.1613 0.1673 0.1640 0.1545 0.1784 
          73  1 0.1607 0.1718 0.1725 0.1679 0.1709 0.1563 
          74  1 0.1597 0.1586 0.1631 0.1655 0.1770 0.1761 
          75  1 0.1650 0.1661 0.2026 0.1714 0.1170 0.1779 
          76  1 0.1808 0.1682 0.1872 0.1574 0.1350 0.1713 
          77  1 0.1761 0.1578 0.1791 0.1666 0.1518 0.1684 
          78  1 0.1667 0.1682 0.1679 0.1654 0.1625 0.1693 
          79  1 0.1532 0.1792 0.1649 0.1648 0.2070 0.1309 
          80  1 0.1603 0.1738 0.1670 0.1722 0.1686 0.1581 
          81  1 0.1632 0.1684 0.1571 0.1695 0.1875 0.1543 
          82  1 0.1639 0.1651 0.1680 0.1626 0.1656 0.1747 
          83  1 0.1653 0.1575 0.1625 0.1672 0.1636 0.1839 
          84  1 0.1854 0.1696 0.2009 0.1589 0.1228 0.1624 
          85  1 0.1751 0.1576 0.1739 0.1606 0.1407 0.1921 
          86  1 0.1758 0.1723 0.1918 0.1616 0.1342 0.1643 
          87  1 0.1595 0.1727 0.1593 0.1561 0.1959 0.1565 
          88  1 0.1535 0.1696 0.1585 0.1583 0.1816 0.1786 
          89  1 0.1527 0.1654 0.1591 0.1780 0.1897 0.1552 
          90  1 0.1439 0.1648 0.1525 0.1589 0.2129 0.1670 
          91  1 0.1563 0.1668 0.1564 0.1668 0.2034 0.1503 
          92  1 0.1584 0.1742 0.1557 0.1643 0.2089 0.1385 
          93  1 0.1701 0.1560 0.1553 0.1720 0.1624 0.1842 
          94  1 0.1662 0.1569 0.1631 0.1671 0.1630 0.1836 
          95  1 0.1729 0.1678 0.1545 0.1721 0.1632 0.1695 
          96  1 0.1735 0.1667 0.1667 0.1624 0.1566 0.1741 
          97  1 0.1662 0.1724 0.1773 0.1577 0.1594 0.1670 
          98  1 0.1622 0.1523 0.1481 0.1623 0.1929 0.1822 
          99  1 0.1531 0.1531 0.1638 0.1754 0.1767 0.1778 
         100  1 0.1515 0.1600 0.1577 0.1725 0.2022 0.1561 
         101  1 0.1712 0.1643 0.1608 0.1675 0.1566 0.1795 
         102  1 0.1738 0.1652 0.1599 0.1730 0.1620 0.1660 
         103  1 0.1556 0.1669 0.1725 0.1714 0.1860 0.1476 
         104  1 0.1539 0.1594 0.1563 0.1720 0.1871 0.1714 
         105  1 0.1618 0.1740 0.1529 0.1713 0.1971 0.1429 
         106  1 0.1778 0.1683 0.1617 0.1597 0.1493 0.1833 
         107  1 0.1700 0.1750 0.1537 0.1598 0.1586 0.1830 
         108  1 0.1656 0.1718 0.1735 0.1670 0.1684 0.1537 
         109  1 0.1671 0.1671 0.1701 0.1615 0.1670 0.1672 
