           1  1 0.2804 0.2462 0.2278 0.2457 
           2  1 0.2526 0.2498 0.2466 0.2509 
           3  1 0.2507 0.2394 0.2692 0.2407 
           4  1 0.2565 0.2508 0.2406 0.2521 
           5  1 0.2473 0.2510 0.2480 0.2537 
           6  1 0.2476 0.2459 0.2476 0.2588 
           7  1 0.2534 0.2554 0.2475 0.2438 
           8  1 0.2473 0.2478 0.2493 0.2556 
           9  1 0.2390 0.2552 0.2545 0.2513 
          10  1 0.2526 0.2510 0.2479 0.2485 
          11  1 0.2424 0.2483 0.2427 0.2665 
          12  1 0.2614 0.2489 0.2382 0.2515 
          13  1 0.2350 0.2466 0.2684 0.2501 
          14  1 0.2527 0.2427 0.2423 0.2623 
          15  1 0.2449 0.2479 0.2670 0.2403 
          16  1 0.2579 0.2476 0.2369 0.2575 
          17  1 0.2550 0.2519 0.2476 0.2456 
          18  1 0.2734 0.2483 0.2280 0.2502 
          19  1 0.2798 0.2474 0.2237 0.2491 
          20  1 0.2486 0.2494 0.2440 0.2581 
          21  1 0.2422 0.2599 0.2480 0.2499 
          22  1 0.2585 0.2557 0.2390 0.2468 
          23  1 0.2362 0.2550 0.2614 0.2474 
          24  1 0.2469 0.2515 0.2541 0.2475 
          25  1 0.2852 0.2449 0.2250 0.2449 
          26  1 0.2381 0.2545 0.2583 0.2491 
          27  1 0.2584 0.2521 0.2433 0.2463 
          28  1 0.2530 0.2459 0.2418 0.2592 
          29  1 0.2331 0.2486 0.2745 0.2438 
          30  1 0.2700 0.2491 0.2300 0.2509 
          31  1 0.2474 0.2498 0.2429 0.2599 
          32  1 0.2694 0.2461 0.2382 0.2463 
          33  1 0.2589 0.2519 0.2401 0.2491 
          34  1 0.2452 0.2504 0.2492 0.2552 
          35  1 0.2538 0.2555 0.2471 0.2436 
          36  1 0.2339 0.2538 0.2597 0.2526 
          37  1 0.2418 0.2582 0.2510 0.2490 
          38  1 0.2354 0.2538 0.2693 0.2415 
          39  1 0.2473 0.2544 0.2478 0.2506 
          40  1 0.2480 0.2492 0.2512 0.2515 
          41  1 0.2538 0.2543 0.2474 0.2444 
          42  1 0.2451 0.2450 0.2485 0.2615 
          43  1 0.2479 0.2435 0.2361 0.2725 
          44  1 0.2523 0.2437 0.2332 0.2708 
          45  1 0.2843 0.2424 0.2208 0.2525 
          46  1 0.2679 0.2479 0.2281 0.2561 
          47  1 0.2685 0.2526 0.2325 0.2464 
          48  1 0.2539 0.2532 0.2422 0.2507 
          49  1 0.2517 0.2473 0.2466 0.2544 
          50  1 0.2360 0.2567 0.2597 0.2476 
          51  1 0.2525 0.2492 0.2463 0.2519 
          52  1 0.2531 0.2490 0.2463 0.2516 
          53  1 0.2539 0.2473 0.2415 0.2574 
          54  1 0.2628 0.2465 0.2387 0.2519 
          55  1 0.2620 0.2477 0.2378 0.2525 
          56  1 0.2402 0.2555 0.2499 0.2544 
          57  1 0.2946 0.2423 0.2161 0.2470 
          58  1 0.2578 0.2466 0.2383 0.2574 
          59  1 0.2589 0.2472 0.2421 0.2517 
          60  1 0.2406 0.2524 0.2623 0.2447 
          61  1 0.2273 0.2481 0.2868 0.2378 
          62  1 0.2217 0.2506 0.2847 0.2429 
          63  1 0.2509 0.2512 0.2461 0.2518 
          64  1 0.2456 0.2489 0.2588 0.2468 
          65  1 0.2453 0.2501 0.2614 0.2432 
          66  1 0.2474 0.2482 0.2435 0.2610 
          67  1 0.2512 0.2519 0.2464 0.2505 
          68  1 0.2506 0.2530 0.2483 0.2482 
          69  1 0.2373 0.2513 0.2627 0.2487 
          70  1 0.2513 0.2497 0.2480 0.2510 
          71  1 0.2333 0.2521 0.2719 0.2426 
          72  1 0.2588 0.2488 0.2401 0.2522 
          73  1 0.2460 0.2524 0.2536 0.2480 
          74  1 0.2489 0.2480 0.2514 0.2517 
          75  1 0.2588 0.2542 0.2377 0.2493 
          76  1 0.2749 0.2478 0.2254 0.2519 
          77  1 0.2674 0.2516 0.2350 0.2459 
          78  1 0.2544 0.2478 0.2437 0.2541 
          79  1 0.2269 0.2522 0.2796 0.2413 
          80  1 0.2403 0.2602 0.2445 0.2549 
          81  1 0.2477 0.2459 0.2541 0.2523 
          82  1 0.2509 0.2525 0.2400 0.2566 
          83  1 0.2447 0.2542 0.2462 0.2549 
          84  1 0.2901 0.2445 0.2184 0.2469 
          85  1 0.2639 0.2454 0.2338 0.2570 
          86  1 0.2796 0.2400 0.2282 0.2522 
          87  1 0.2509 0.2458 0.2701 0.2332 
          88  1 0.2311 0.2542 0.2773 0.2375 
          89  1 0.2349 0.2541 0.2751 0.2359 
          90  1 0.2259 0.2452 0.3020 0.2269 
          91  1 0.2429 0.2461 0.2717 0.2394 
          92  1 0.2389 0.2435 0.2839 0.2336 
          93  1 0.2432 0.2518 0.2434 0.2616 
          94  1 0.2466 0.2449 0.2443 0.2642 
          95  1 0.2467 0.2541 0.2424 0.2568 
          96  1 0.2563 0.2513 0.2386 0.2539 
          97  1 0.2556 0.2514 0.2370 0.2561 
          98  1 0.2340 0.2398 0.2720 0.2541 
          99  1 0.2371 0.2537 0.2580 0.2513 
         100  1 0.2287 0.2605 0.2714 0.2394 
         101  1 0.2510 0.2493 0.2426 0.2571 
         102  1 0.2600 0.2478 0.2432 0.2491 
         103  1 0.2475 0.2469 0.2618 0.2438 
         104  1 0.2369 0.2540 0.2567 0.2525 
         105  1 0.2347 0.2567 0.2696 0.2390 
         106  1 0.2655 0.2451 0.2357 0.2538 
         107  1 0.2374 0.2496 0.2701 0.2429 
         108  1 0.2401 0.2540 0.2591 0.2468 
         109  1 0.2473 0.2495 0.2500 0.2532 
