           1  1 0.2076 0.2052 0.1714 0.2247 0.1911 
           2  1 0.2073 0.2053 0.1930 0.1970 0.1975 
           3  1 0.1877 0.1817 0.2307 0.2052 0.1947 
           4  1 0.2103 0.2133 0.1805 0.1966 0.1994 
           5  1 0.2265 0.2062 0.1602 0.2244 0.1827 
           6  1 0.1915 0.2045 0.2058 0.1866 0.2117 
           7  1 0.1990 0.2054 0.1953 0.1948 0.2056 
           8  1 0.1963 0.1986 0.1988 0.1804 0.2258 
           9  1 0.2289 0.2017 0.1996 0.1693 0.2004 
          10  1 0.1905 0.1990 0.2212 0.1891 0.2003 
          11  1 0.2027 0.2011 0.1877 0.1909 0.2176 
          12  1 0.1921 0.1989 0.1980 0.2015 0.2095 
          13  1 0.1993 0.2136 0.2210 0.1789 0.1871 
          14  1 0.1989 0.2073 0.1816 0.2065 0.2057 
          15  1 0.1905 0.1899 0.2368 0.1863 0.1966 
          16  1 0.1969 0.1980 0.1970 0.1926 0.2155 
          17  1 0.1919 0.2035 0.2024 0.1896 0.2127 
          18  1 0.2072 0.2063 0.1691 0.2136 0.2038 
          19  1 0.2121 0.1927 0.1685 0.2183 0.2084 
          20  1 0.1955 0.2126 0.1816 0.2044 0.2059 
          21  1 0.2268 0.2092 0.1972 0.1754 0.1913 
          22  1 0.1971 0.2005 0.1886 0.2067 0.2072 
          23  1 0.2007 0.1918 0.2005 0.1841 0.2228 
          24  1 0.1907 0.1951 0.2192 0.1931 0.2019 
          25  1 0.2054 0.1879 0.1729 0.2445 0.1893 
          26  1 0.2043 0.2047 0.2144 0.1906 0.1859 
          27  1 0.2168 0.2005 0.1979 0.1912 0.1935 
          28  1 0.1932 0.2106 0.1898 0.1966 0.2099 
          29  1 0.1855 0.1919 0.2390 0.1817 0.2019 
          30  1 0.2003 0.2032 0.1825 0.2189 0.1951 
          31  1 0.1981 0.2120 0.1821 0.1952 0.2125 
          32  1 0.1925 0.1977 0.2005 0.2112 0.1981 
          33  1 0.1927 0.2002 0.1963 0.2016 0.2093 
          34  1 0.1899 0.1982 0.2098 0.1915 0.2106 
          35  1 0.2053 0.1984 0.2072 0.1976 0.1915 
          36  1 0.1935 0.2042 0.2131 0.1779 0.2113 
          37  1 0.2284 0.2080 0.1943 0.1786 0.1908 
          38  1 0.1919 0.2011 0.2338 0.1798 0.1935 
          39  1 0.2075 0.2007 0.1902 0.2003 0.2014 
          40  1 0.2020 0.2110 0.2010 0.2033 0.1828 
          41  1 0.1872 0.1977 0.2210 0.1927 0.2014 
          42  1 0.2060 0.2185 0.1834 0.1929 0.1992 
          43  1 0.2065 0.2201 0.1659 0.1966 0.2108 
          44  1 0.2073 0.2224 0.1571 0.2042 0.2089 
          45  1 0.2171 0.1971 0.1746 0.2256 0.1856 
          46  1 0.2176 0.2096 0.1645 0.2200 0.1884 
          47  1 0.2044 0.2045 0.1753 0.2199 0.1958 
          48  1 0.2072 0.2048 0.1930 0.1972 0.1978 
          49  1 0.1951 0.2013 0.1948 0.2067 0.2020 
          50  1 0.2161 0.2004 0.2052 0.1793 0.1989 
          51  1 0.1992 0.2029 0.1947 0.2038 0.1994 
          52  1 0.2045 0.2034 0.1925 0.2001 0.1996 
          53  1 0.2074 0.2095 0.1884 0.1965 0.1982 
          54  1 0.2058 0.2042 0.1832 0.2080 0.1989 
          55  1 0.2035 0.2036 0.1917 0.2052 0.1959 
          56  1 0.1996 0.2105 0.1992 0.1818 0.2089 
          57  1 0.2159 0.1947 0.1520 0.2544 0.1831 
          58  1 0.1949 0.2026 0.1983 0.1970 0.2072 
          59  1 0.1967 0.1993 0.2029 0.2032 0.1979 
          60  1 0.1968 0.1997 0.2133 0.1896 0.2007 
          61  1 0.1902 0.1881 0.2473 0.1834 0.1910 
          62  1 0.1993 0.2001 0.2301 0.1795 0.1910 
          63  1 0.2065 0.2031 0.1948 0.1968 0.1988 
          64  1 0.2013 0.1995 0.1911 0.2165 0.1916 
          65  1 0.1998 0.1975 0.1920 0.2187 0.1919 
          66  1 0.1979 0.2035 0.1922 0.1956 0.2107 
          67  1 0.1991 0.1965 0.1972 0.2034 0.2038 
          68  1 0.2036 0.2013 0.1944 0.1990 0.2018 
          69  1 0.1972 0.2017 0.2009 0.1823 0.2180 
          70  1 0.1945 0.2020 0.1989 0.2030 0.2016 
          71  1 0.1956 0.2007 0.1946 0.2165 0.1925 
          72  1 0.2004 0.1999 0.1871 0.2132 0.1995 
          73  1 0.1965 0.2019 0.2084 0.1946 0.1986 
          74  1 0.2039 0.2034 0.2039 0.1941 0.1947 
          75  1 0.2324 0.2119 0.1503 0.2282 0.1773 
          76  1 0.2053 0.1983 0.1778 0.2167 0.2018 
          77  1 0.1939 0.1968 0.1991 0.2047 0.2055 
          78  1 0.1984 0.1987 0.1962 0.2050 0.2017 
          79  1 0.1941 0.1958 0.2427 0.1840 0.1834 
          80  1 0.2224 0.2088 0.1893 0.1733 0.2063 
          81  1 0.1974 0.1929 0.2201 0.1886 0.2010 
          82  1 0.2044 0.2133 0.1817 0.1905 0.2100 
          83  1 0.2116 0.2059 0.1897 0.1925 0.2004 
          84  1 0.2030 0.1993 0.1673 0.2354 0.1950 
          85  1 0.2168 0.2097 0.1665 0.2110 0.1960 
          86  1 0.2271 0.2096 0.1670 0.2192 0.1770 
          87  1 0.1816 0.1811 0.2322 0.2115 0.1936 
          88  1 0.1719 0.1819 0.2370 0.2045 0.2047 
          89  1 0.1774 0.1883 0.2346 0.2003 0.1993 
          90  1 0.1561 0.1670 0.2669 0.2042 0.2057 
          91  1 0.1810 0.1779 0.2490 0.1976 0.1945 
          92  1 0.1733 0.1749 0.2557 0.2000 0.1961 
          93  1 0.2077 0.2127 0.1853 0.1838 0.2105 
          94  1 0.2012 0.2105 0.1836 0.1958 0.2089 
          95  1 0.1954 0.1968 0.1981 0.1890 0.2207 
          96  1 0.2149 0.2084 0.1771 0.2065 0.1931 
          97  1 0.2310 0.2056 0.1773 0.1923 0.1938 
          98  1 0.1931 0.2115 0.2082 0.1900 0.1972 
          99  1 0.2088 0.2075 0.1936 0.1888 0.2013 
         100  1 0.1885 0.1980 0.2350 0.1903 0.1881 
         101  1 0.2031 0.2056 0.1868 0.2033 0.2012 
         102  1 0.1931 0.2024 0.2079 0.1996 0.1970 
         103  1 0.1931 0.1936 0.2219 0.1997 0.1916 
         104  1 0.2044 0.2068 0.1974 0.1846 0.2068 
         105  1 0.1782 0.1942 0.2492 0.1846 0.1938 
         106  1 0.2037 0.1994 0.1808 0.2143 0.2018 
         107  1 0.1998 0.2005 0.1888 0.2168 0.1940 
         108  1 0.1989 0.2046 0.2047 0.1904 0.2014 
         109  1 0.1910 0.1999 0.2028 0.1971 0.2092 
