           1  1 0.1146 0.1356 0.1153 0.1455 0.1132 0.1376 0.1153 0.1229 
           2  1 0.1240 0.1245 0.1255 0.1280 0.1259 0.1248 0.1231 0.1242 
           3  1 0.1448 0.1142 0.1226 0.1169 0.1295 0.1191 0.1345 0.1183 
           4  1 0.1185 0.1294 0.1270 0.1320 0.1204 0.1313 0.1197 0.1218 
           5  1 0.1181 0.1241 0.1153 0.1509 0.1175 0.1259 0.1201 0.1281 
           6  1 0.1318 0.1237 0.1320 0.1111 0.1208 0.1242 0.1276 0.1287 
           7  1 0.1216 0.1276 0.1290 0.1281 0.1107 0.1448 0.1173 0.1209 
           8  1 0.1283 0.1168 0.1306 0.1164 0.1210 0.1313 0.1299 0.1258 
           9  1 0.1245 0.1229 0.1287 0.1287 0.1273 0.1231 0.1235 0.1212 
          10  1 0.1234 0.1262 0.1227 0.1243 0.1231 0.1301 0.1227 0.1275 
          11  1 0.1231 0.1205 0.1330 0.1147 0.1242 0.1222 0.1307 0.1317 
          12  1 0.1237 0.1269 0.1276 0.1229 0.1229 0.1259 0.1277 0.1225 
          13  1 0.1266 0.1078 0.1343 0.1237 0.1369 0.1201 0.1242 0.1263 
          14  1 0.1234 0.1196 0.1312 0.1253 0.1296 0.1205 0.1253 0.1251 
          15  1 0.1406 0.1160 0.1257 0.1165 0.1208 0.1227 0.1327 0.1249 
          16  1 0.1256 0.1193 0.1258 0.1143 0.1232 0.1260 0.1375 0.1283 
          17  1 0.1185 0.1281 0.1286 0.1193 0.1188 0.1459 0.1229 0.1178 
          18  1 0.1154 0.1362 0.1259 0.1342 0.1126 0.1313 0.1242 0.1203 
          19  1 0.1123 0.1401 0.1248 0.1310 0.1174 0.1290 0.1245 0.1210 
          20  1 0.1259 0.1224 0.1329 0.1231 0.1204 0.1167 0.1276 0.1310 
          21  1 0.1273 0.1249 0.1204 0.1290 0.1304 0.1235 0.1268 0.1178 
          22  1 0.1122 0.1413 0.1320 0.1269 0.1119 0.1448 0.1181 0.1127 
          23  1 0.1158 0.1282 0.1282 0.1185 0.1114 0.1473 0.1241 0.1265 
          24  1 0.1272 0.1152 0.1316 0.1185 0.1281 0.1316 0.1243 0.1237 
          25  1 0.1073 0.1439 0.1154 0.1451 0.1184 0.1338 0.1200 0.1161 
          26  1 0.1275 0.1188 0.1318 0.1271 0.1228 0.1263 0.1239 0.1218 
          27  1 0.1292 0.1204 0.1289 0.1183 0.1350 0.1196 0.1262 0.1224 
          28  1 0.1273 0.1240 0.1302 0.1194 0.1222 0.1211 0.1346 0.1213 
          29  1 0.1360 0.1157 0.1298 0.1137 0.1225 0.1277 0.1331 0.1214 
          30  1 0.1205 0.1349 0.1198 0.1331 0.1177 0.1334 0.1220 0.1186 
          31  1 0.1236 0.1320 0.1271 0.1198 0.1200 0.1231 0.1336 0.1207 
          32  1 0.1265 0.1278 0.1210 0.1262 0.1178 0.1424 0.1216 0.1167 
          33  1 0.1300 0.1292 0.1226 0.1201 0.1272 0.1189 0.1303 0.1217 
          34  1 0.1261 0.1228 0.1296 0.1181 0.1225 0.1282 0.1286 0.1240 
          35  1 0.1326 0.1217 0.1244 0.1307 0.1169 0.1276 0.1204 0.1258 
          36  1 0.1305 0.1161 0.1283 0.1169 0.1228 0.1332 0.1221 0.1300 
          37  1 0.1239 0.1274 0.1227 0.1255 0.1282 0.1220 0.1280 0.1223 
          38  1 0.1354 0.1141 0.1297 0.1174 0.1281 0.1199 0.1295 0.1258 
          39  1 0.1197 0.1235 0.1264 0.1221 0.1320 0.1240 0.1235 0.1289 
          40  1 0.1267 0.1230 0.1263 0.1295 0.1262 0.1283 0.1230 0.1170 
          41  1 0.1231 0.1175 0.1279 0.1197 0.1292 0.1274 0.1257 0.1297 
          42  1 0.1208 0.1188 0.1284 0.1206 0.1315 0.1252 0.1288 0.1260 
          43  1 0.1160 0.1280 0.1328 0.1091 0.1350 0.1197 0.1254 0.1341 
          44  1 0.1106 0.1264 0.1324 0.1165 0.1335 0.1201 0.1269 0.1336 
          45  1 0.1106 0.1350 0.1138 0.1455 0.1222 0.1388 0.1175 0.1166 
          46  1 0.1172 0.1304 0.1198 0.1427 0.1176 0.1270 0.1205 0.1248 
          47  1 0.1157 0.1387 0.1193 0.1361 0.1150 0.1433 0.1137 0.1182 
          48  1 0.1217 0.1302 0.1231 0.1288 0.1205 0.1222 0.1249 0.1286 
          49  1 0.1224 0.1256 0.1250 0.1194 0.1300 0.1238 0.1237 0.1300 
          50  1 0.1293 0.1255 0.1236 0.1223 0.1229 0.1256 0.1267 0.1241 
          51  1 0.1254 0.1254 0.1255 0.1238 0.1265 0.1241 0.1242 0.1251 
          52  1 0.1231 0.1256 0.1246 0.1275 0.1241 0.1258 0.1250 0.1244 
          53  1 0.1275 0.1199 0.1251 0.1221 0.1271 0.1227 0.1287 0.1269 
          54  1 0.1195 0.1264 0.1203 0.1324 0.1265 0.1257 0.1230 0.1260 
          55  1 0.1204 0.1300 0.1270 0.1244 0.1273 0.1252 0.1239 0.1217 
          56  1 0.1190 0.1304 0.1290 0.1253 0.1173 0.1326 0.1211 0.1253 
          57  1 0.1017 0.1525 0.1136 0.1548 0.1127 0.1373 0.1134 0.1139 
          58  1 0.1265 0.1241 0.1265 0.1209 0.1258 0.1240 0.1246 0.1276 
          59  1 0.1273 0.1250 0.1243 0.1246 0.1273 0.1271 0.1210 0.1235 
          60  1 0.1308 0.1217 0.1285 0.1206 0.1248 0.1192 0.1292 0.1253 
          61  1 0.1376 0.1146 0.1315 0.1162 0.1269 0.1212 0.1268 0.1252 
          62  1 0.1418 0.1146 0.1272 0.1223 0.1220 0.1274 0.1235 0.1212 
          63  1 0.1218 0.1247 0.1271 0.1266 0.1240 0.1252 0.1258 0.1248 
          64  1 0.1205 0.1423 0.1162 0.1342 0.1260 0.1145 0.1136 0.1326 
          65  1 0.1216 0.1390 0.1174 0.1322 0.1243 0.1150 0.1167 0.1338 
          66  1 0.1214 0.1225 0.1295 0.1194 0.1266 0.1248 0.1304 0.1254 
          67  1 0.1247 0.1244 0.1257 0.1265 0.1250 0.1226 0.1269 0.1242 
          68  1 0.1219 0.1261 0.1256 0.1304 0.1199 0.1344 0.1206 0.1210 
          69  1 0.1195 0.1340 0.1294 0.1210 0.1101 0.1408 0.1217 0.1235 
          70  1 0.1249 0.1241 0.1249 0.1239 0.1248 0.1270 0.1247 0.1256 
          71  1 0.1174 0.1441 0.1181 0.1348 0.1208 0.1146 0.1127 0.1374 
          72  1 0.1173 0.1272 0.1208 0.1293 0.1278 0.1250 0.1245 0.1282 
          73  1 0.1280 0.1216 0.1253 0.1226 0.1239 0.1304 0.1237 0.1245 
          74  1 0.1252 0.1185 0.1307 0.1188 0.1306 0.1214 0.1347 0.1200 
          75  1 0.1058 0.1377 0.1158 0.1597 0.1100 0.1283 0.1140 0.1286 
          76  1 0.1150 0.1423 0.1231 0.1278 0.1158 0.1327 0.1246 0.1185 
          77  1 0.1162 0.1366 0.1270 0.1251 0.1162 0.1337 0.1221 0.1232 
          78  1 0.1222 0.1265 0.1240 0.1229 0.1247 0.1277 0.1250 0.1270 
          79  1 0.1457 0.1076 0.1313 0.1270 0.1242 0.1163 0.1267 0.1213 
          80  1 0.1232 0.1243 0.1266 0.1241 0.1308 0.1173 0.1298 0.1239 
          81  1 0.1360 0.1173 0.1277 0.1169 0.1279 0.1266 0.1255 0.1221 
          82  1 0.1216 0.1272 0.1281 0.1183 0.1201 0.1268 0.1300 0.1279 
          83  1 0.1192 0.1220 0.1253 0.1196 0.1365 0.1179 0.1273 0.1322 
          84  1 0.1068 0.1476 0.1176 0.1426 0.1104 0.1437 0.1153 0.1160 
          85  1 0.1113 0.1237 0.1196 0.1341 0.1339 0.1254 0.1223 0.1297 
          86  1 0.1127 0.1314 0.1152 0.1520 0.1233 0.1332 0.1151 0.1173 
          87  1 0.1316 0.1310 0.1217 0.1181 0.1288 0.1213 0.1225 0.1249 
          88  1 0.1232 0.1329 0.1181 0.1201 0.1287 0.1193 0.1258 0.1320 
          89  1 0.1358 0.1188 0.1217 0.1189 0.1298 0.1243 0.1271 0.1237 
          90  1 0.1222 0.1262 0.1157 0.1213 0.1346 0.1176 0.1267 0.1359 
          91  1 0.1419 0.1167 0.1244 0.1214 0.1290 0.1207 0.1249 0.1211 
          92  1 0.1452 0.1191 0.1205 0.1189 0.1276 0.1262 0.1221 0.1204 
          93  1 0.1219 0.1251 0.1264 0.1185 0.1358 0.1223 0.1225 0.1276 
          94  1 0.1196 0.1217 0.1266 0.1212 0.1316 0.1210 0.1310 0.1273 
          95  1 0.1176 0.1244 0.1315 0.1166 0.1235 0.1238 0.1367 0.1260 
          96  1 0.1168 0.1276 0.1231 0.1271 0.1367 0.1191 0.1226 0.1270 
          97  1 0.1166 0.1213 0.1281 0.1317 0.1331 0.1240 0.1199 0.1253 
          98  1 0.1394 0.1164 0.1265 0.1139 0.1309 0.1153 0.1306 0.1271 
          99  1 0.1307 0.1203 0.1286 0.1228 0.1337 0.1116 0.1283 0.1239 
         100  1 0.1435 0.1111 0.1236 0.1195 0.1329 0.1211 0.1292 0.1190 
         101  1 0.1206 0.1221 0.1215 0.1284 0.1316 0.1220 0.1237 0.1301 
         102  1 0.1291 0.1243 0.1224 0.1269 0.1281 0.1223 0.1198 0.1271 
         103  1 0.1368 0.1245 0.1287 0.1207 0.1217 0.1226 0.1224 0.1225 
         104  1 0.1334 0.1205 0.1259 0.1189 0.1334 0.1142 0.1284 0.1252 
         105  1 0.1371 0.1170 0.1219 0.1229 0.1296 0.1255 0.1224 0.1236 
         106  1 0.1158 0.1310 0.1194 0.1283 0.1300 0.1273 0.1187 0.1294 
         107  1 0.1136 0.1502 0.1133 0.1374 0.1201 0.1135 0.1126 0.1392 
         108  1 0.1224 0.1237 0.1290 0.1266 0.1204 0.1345 0.1212 0.1222 
         109  1 0.1187 0.1288 0.1275 0.1256 0.1168 0.1299 0.1264 0.1264 
