           1  1 0.1304 0.1233 0.1245 0.1243 0.1231 0.1229 0.1267 0.1249 
           2  1 0.1252 0.1251 0.1243 0.1249 0.1248 0.1250 0.1253 0.1254 
           3  1 0.1232 0.1248 0.1268 0.1244 0.1262 0.1280 0.1232 0.1235 
           4  1 0.1247 0.1251 0.1246 0.1249 0.1243 0.1260 0.1256 0.1247 
           5  1 0.1264 0.1259 0.1227 0.1240 0.1225 0.1239 0.1284 0.1262 
           6  1 0.1247 0.1251 0.1238 0.1257 0.1255 0.1232 0.1254 0.1265 
           7  1 0.1256 0.1247 0.1244 0.1242 0.1246 0.1240 0.1260 0.1265 
           8  1 0.1252 0.1261 0.1240 0.1243 0.1242 0.1245 0.1240 0.1277 
           9  1 0.1234 0.1251 0.1250 0.1254 0.1255 0.1271 0.1248 0.1238 
          10  1 0.1246 0.1245 0.1241 0.1245 0.1264 0.1258 0.1247 0.1254 
          11  1 0.1249 0.1265 0.1253 0.1247 0.1233 0.1238 0.1253 0.1264 
          12  1 0.1244 0.1243 0.1244 0.1257 0.1262 0.1245 0.1247 0.1258 
          13  1 0.1207 0.1252 0.1248 0.1261 0.1298 0.1280 0.1225 0.1230 
          14  1 0.1262 0.1268 0.1241 0.1233 0.1230 0.1237 0.1267 0.1261 
          15  1 0.1236 0.1271 0.1251 0.1250 0.1240 0.1270 0.1232 0.1251 
          16  1 0.1252 0.1252 0.1241 0.1251 0.1245 0.1234 0.1246 0.1278 
          17  1 0.1256 0.1259 0.1243 0.1233 0.1247 0.1238 0.1240 0.1284 
          18  1 0.1292 0.1241 0.1245 0.1234 0.1237 0.1230 0.1267 0.1255 
          19  1 0.1326 0.1241 0.1223 0.1265 0.1222 0.1210 0.1243 0.1270 
          20  1 0.1263 0.1272 0.1241 0.1254 0.1216 0.1230 0.1260 0.1264 
          21  1 0.1234 0.1248 0.1245 0.1263 0.1273 0.1256 0.1242 0.1240 
          22  1 0.1268 0.1267 0.1244 0.1237 0.1230 0.1238 0.1243 0.1273 
          23  1 0.1234 0.1248 0.1236 0.1242 0.1245 0.1249 0.1234 0.1312 
          24  1 0.1223 0.1268 0.1259 0.1253 0.1265 0.1251 0.1242 0.1238 
          25  1 0.1348 0.1220 0.1225 0.1249 0.1224 0.1222 0.1244 0.1267 
          26  1 0.1235 0.1239 0.1256 0.1258 0.1265 0.1264 0.1233 0.1250 
          27  1 0.1240 0.1245 0.1253 0.1258 0.1258 0.1248 0.1253 0.1245 
          28  1 0.1256 0.1267 0.1237 0.1253 0.1238 0.1253 0.1240 0.1255 
          29  1 0.1211 0.1266 0.1253 0.1265 0.1253 0.1279 0.1214 0.1258 
          30  1 0.1289 0.1241 0.1227 0.1237 0.1255 0.1231 0.1247 0.1274 
          31  1 0.1236 0.1280 0.1246 0.1258 0.1243 0.1240 0.1247 0.1250 
          32  1 0.1281 0.1244 0.1251 0.1252 0.1224 0.1242 0.1250 0.1257 
          33  1 0.1261 0.1246 0.1240 0.1243 0.1243 0.1259 0.1246 0.1262 
          34  1 0.1224 0.1253 0.1252 0.1248 0.1254 0.1259 0.1247 0.1263 
          35  1 0.1256 0.1254 0.1242 0.1241 0.1260 0.1256 0.1240 0.1251 
          36  1 0.1225 0.1257 0.1251 0.1254 0.1252 0.1256 0.1244 0.1260 
          37  1 0.1235 0.1266 0.1254 0.1253 0.1263 0.1263 0.1235 0.1232 
          38  1 0.1215 0.1255 0.1245 0.1264 0.1267 0.1284 0.1242 0.1229 
          39  1 0.1246 0.1248 0.1250 0.1253 0.1249 0.1247 0.1264 0.1242 
          40  1 0.1244 0.1245 0.1246 0.1254 0.1250 0.1259 0.1260 0.1243 
          41  1 0.1239 0.1255 0.1273 0.1259 0.1251 0.1240 0.1242 0.1242 
          42  1 0.1232 0.1253 0.1266 0.1243 0.1249 0.1255 0.1246 0.1256 
          43  1 0.1250 0.1248 0.1238 0.1260 0.1250 0.1237 0.1272 0.1247 
          44  1 0.1245 0.1247 0.1245 0.1248 0.1240 0.1239 0.1291 0.1245 
          45  1 0.1303 0.1233 0.1242 0.1260 0.1234 0.1219 0.1268 0.1241 
          46  1 0.1301 0.1243 0.1235 0.1231 0.1239 0.1230 0.1257 0.1265 
          47  1 0.1294 0.1243 0.1229 0.1241 0.1241 0.1234 0.1265 0.1253 
          48  1 0.1250 0.1243 0.1252 0.1251 0.1255 0.1251 0.1252 0.1247 
          49  1 0.1256 0.1254 0.1251 0.1255 0.1240 0.1247 0.1246 0.1252 
          50  1 0.1229 0.1258 0.1254 0.1252 0.1256 0.1261 0.1243 0.1246 
          51  1 0.1253 0.1250 0.1250 0.1254 0.1244 0.1243 0.1250 0.1256 
          52  1 0.1256 0.1244 0.1246 0.1248 0.1251 0.1251 0.1252 0.1251 
          53  1 0.1248 0.1255 0.1255 0.1247 0.1250 0.1234 0.1261 0.1250 
          54  1 0.1279 0.1242 0.1247 0.1263 0.1236 0.1231 0.1255 0.1246 
          55  1 0.1246 0.1254 0.1253 0.1255 0.1250 0.1248 0.1255 0.1240 
          56  1 0.1229 0.1241 0.1259 0.1257 0.1240 0.1240 0.1245 0.1289 
          57  1 0.1374 0.1213 0.1226 0.1251 0.1220 0.1205 0.1237 0.1273 
          58  1 0.1263 0.1252 0.1252 0.1251 0.1255 0.1235 0.1248 0.1244 
          59  1 0.1273 0.1244 0.1245 0.1252 0.1247 0.1244 0.1249 0.1247 
          60  1 0.1227 0.1253 0.1240 0.1261 0.1258 0.1257 0.1262 0.1241 
          61  1 0.1212 0.1253 0.1268 0.1258 0.1265 0.1273 0.1227 0.1244 
          62  1 0.1223 0.1238 0.1265 0.1267 0.1270 0.1268 0.1225 0.1242 
          63  1 0.1254 0.1248 0.1250 0.1250 0.1248 0.1246 0.1248 0.1257 
          64  1 0.1277 0.1234 0.1247 0.1257 0.1252 0.1240 0.1244 0.1248 
          65  1 0.1270 0.1249 0.1249 0.1250 0.1244 0.1251 0.1245 0.1241 
          66  1 0.1227 0.1255 0.1255 0.1251 0.1249 0.1245 0.1248 0.1270 
          67  1 0.1249 0.1249 0.1252 0.1256 0.1252 0.1243 0.1257 0.1242 
          68  1 0.1259 0.1256 0.1230 0.1231 0.1247 0.1253 0.1255 0.1269 
          69  1 0.1238 0.1267 0.1231 0.1244 0.1244 0.1241 0.1241 0.1294 
          70  1 0.1253 0.1253 0.1247 0.1250 0.1247 0.1251 0.1254 0.1245 
          71  1 0.1273 0.1243 0.1254 0.1242 0.1254 0.1256 0.1245 0.1233 
          72  1 0.1264 0.1255 0.1241 0.1253 0.1246 0.1244 0.1248 0.1248 
          73  1 0.1241 0.1251 0.1248 0.1248 0.1253 0.1257 0.1249 0.1253 
          74  1 0.1241 0.1256 0.1241 0.1251 0.1251 0.1265 0.1251 0.1245 
          75  1 0.1313 0.1241 0.1219 0.1246 0.1221 0.1221 0.1283 0.1257 
          76  1 0.1279 0.1244 0.1227 0.1245 0.1248 0.1230 0.1265 0.1262 
          77  1 0.1251 0.1253 0.1245 0.1247 0.1241 0.1231 0.1263 0.1269 
          78  1 0.1252 0.1260 0.1248 0.1247 0.1253 0.1246 0.1246 0.1247 
          79  1 0.1203 0.1242 0.1258 0.1249 0.1300 0.1289 0.1234 0.1224 
          80  1 0.1219 0.1238 0.1252 0.1262 0.1272 0.1259 0.1252 0.1246 
          81  1 0.1228 0.1258 0.1248 0.1255 0.1260 0.1270 0.1239 0.1242 
          82  1 0.1256 0.1250 0.1248 0.1258 0.1231 0.1232 0.1265 0.1261 
          83  1 0.1235 0.1242 0.1261 0.1258 0.1258 0.1243 0.1260 0.1245 
          84  1 0.1341 0.1222 0.1231 0.1240 0.1224 0.1217 0.1263 0.1262 
          85  1 0.1272 0.1244 0.1243 0.1242 0.1245 0.1234 0.1274 0.1247 
          86  1 0.1312 0.1228 0.1232 0.1258 0.1234 0.1224 0.1264 0.1248 
          87  1 0.1262 0.1233 0.1262 0.1268 0.1247 0.1263 0.1223 0.1241 
          88  1 0.1232 0.1249 0.1271 0.1253 0.1249 0.1265 0.1241 0.1241 
          89  1 0.1244 0.1249 0.1269 0.1237 0.1255 0.1270 0.1235 0.1242 
          90  1 0.1220 0.1238 0.1284 0.1236 0.1271 0.1295 0.1222 0.1234 
          91  1 0.1226 0.1251 0.1264 0.1241 0.1263 0.1271 0.1234 0.1250 
          92  1 0.1224 0.1238 0.1275 0.1260 0.1264 0.1288 0.1219 0.1232 
          93  1 0.1225 0.1254 0.1238 0.1263 0.1257 0.1251 0.1260 0.1253 
          94  1 0.1242 0.1252 0.1249 0.1259 0.1246 0.1240 0.1257 0.1255 
          95  1 0.1236 0.1252 0.1249 0.1247 0.1225 0.1243 0.1244 0.1303 
          96  1 0.1267 0.1233 0.1248 0.1257 0.1242 0.1234 0.1258 0.1261 
          97  1 0.1245 0.1250 0.1242 0.1256 0.1253 0.1255 0.1248 0.1251 
          98  1 0.1213 0.1272 0.1244 0.1244 0.1264 0.1284 0.1244 0.1236 
          99  1 0.1235 0.1261 0.1248 0.1247 0.1256 0.1251 0.1262 0.1239 
         100  1 0.1215 0.1235 0.1268 0.1260 0.1254 0.1290 0.1239 0.1239 
         101  1 0.1248 0.1250 0.1246 0.1253 0.1250 0.1239 0.1257 0.1259 
         102  1 0.1256 0.1253 0.1247 0.1246 0.1257 0.1258 0.1242 0.1241 
         103  1 0.1233 0.1255 0.1258 0.1235 0.1274 0.1267 0.1244 0.1234 
         104  1 0.1215 0.1252 0.1245 0.1252 0.1276 0.1268 0.1246 0.1247 
         105  1 0.1214 0.1262 0.1279 0.1259 0.1254 0.1262 0.1237 0.1235 
         106  1 0.1275 0.1246 0.1249 0.1262 0.1231 0.1238 0.1257 0.1242 
         107  1 0.1285 0.1239 0.1245 0.1248 0.1248 0.1252 0.1251 0.1232 
         108  1 0.1244 0.1246 0.1253 0.1246 0.1251 0.1251 0.1238 0.1270 
         109  1 0.1251 0.1249 0.1248 0.1246 0.1256 0.1249 0.1238 0.1263 
