           1  1 0.2372 0.2333 0.2876 0.2419 
           2  1 0.2492 0.2476 0.2544 0.2487 
           3  1 0.2557 0.2548 0.2392 0.2503 
           4  1 0.2490 0.2397 0.2679 0.2434 
           5  1 0.2262 0.2629 0.2784 0.2325 
           6  1 0.2583 0.2465 0.2458 0.2494 
           7  1 0.2703 0.2386 0.2472 0.2439 
           8  1 0.2674 0.2508 0.2324 0.2493 
           9  1 0.2541 0.2456 0.2480 0.2524 
          10  1 0.2676 0.2438 0.2361 0.2525 
          11  1 0.2506 0.2503 0.2519 0.2472 
          12  1 0.2573 0.2422 0.2497 0.2507 
          13  1 0.2392 0.2600 0.2385 0.2623 
          14  1 0.2296 0.2652 0.2641 0.2411 
          15  1 0.2560 0.2543 0.2338 0.2559 
          16  1 0.2499 0.2452 0.2506 0.2543 
          17  1 0.2895 0.2313 0.2388 0.2403 
          18  1 0.2503 0.2394 0.2743 0.2360 
          19  1 0.2353 0.2360 0.2805 0.2483 
          20  1 0.2420 0.2574 0.2642 0.2364 
          21  1 0.2434 0.2404 0.2593 0.2569 
          22  1 0.2709 0.2281 0.2595 0.2415 
          23  1 0.2853 0.2430 0.2121 0.2597 
          24  1 0.2559 0.2556 0.2307 0.2579 
          25  1 0.2289 0.2512 0.2715 0.2483 
          26  1 0.2621 0.2538 0.2369 0.2472 
          27  1 0.2372 0.2553 0.2581 0.2495 
          28  1 0.2635 0.2435 0.2440 0.2489 
          29  1 0.2746 0.2515 0.2164 0.2576 
          30  1 0.2499 0.2332 0.2803 0.2366 
          31  1 0.2494 0.2450 0.2489 0.2566 
          32  1 0.2559 0.2415 0.2582 0.2444 
          33  1 0.2502 0.2432 0.2525 0.2541 
          34  1 0.2642 0.2461 0.2275 0.2621 
          35  1 0.2519 0.2482 0.2571 0.2428 
          36  1 0.2719 0.2480 0.2229 0.2572 
          37  1 0.2476 0.2325 0.2588 0.2612 
          38  1 0.2613 0.2603 0.2224 0.2561 
          39  1 0.2353 0.2509 0.2581 0.2556 
          40  1 0.2403 0.2588 0.2620 0.2389 
          41  1 0.2638 0.2565 0.2352 0.2445 
          42  1 0.2354 0.2503 0.2587 0.2555 
          43  1 0.2320 0.2512 0.2633 0.2534 
          44  1 0.2237 0.2462 0.2732 0.2568 
          45  1 0.2257 0.2461 0.2857 0.2426 
          46  1 0.2290 0.2441 0.2825 0.2445 
          47  1 0.2530 0.2356 0.2762 0.2352 
          48  1 0.2424 0.2421 0.2660 0.2494 
          49  1 0.2416 0.2553 0.2525 0.2506 
          50  1 0.2558 0.2420 0.2459 0.2563 
          51  1 0.2489 0.2455 0.2552 0.2505 
          52  1 0.2448 0.2479 0.2563 0.2511 
          53  1 0.2432 0.2496 0.2670 0.2401 
          54  1 0.2360 0.2505 0.2652 0.2484 
          55  1 0.2391 0.2497 0.2625 0.2487 
          56  1 0.2776 0.2324 0.2363 0.2536 
          57  1 0.2208 0.2451 0.2952 0.2389 
          58  1 0.2460 0.2479 0.2550 0.2512 
          59  1 0.2474 0.2561 0.2459 0.2506 
          60  1 0.2541 0.2537 0.2436 0.2486 
          61  1 0.2663 0.2668 0.2145 0.2523 
          62  1 0.2627 0.2523 0.2211 0.2638 
          63  1 0.2436 0.2472 0.2565 0.2527 
          64  1 0.2431 0.2618 0.2436 0.2515 
          65  1 0.2413 0.2616 0.2477 0.2495 
          66  1 0.2505 0.2530 0.2481 0.2484 
          67  1 0.2454 0.2474 0.2531 0.2541 
          68  1 0.2591 0.2377 0.2530 0.2502 
          69  1 0.2802 0.2381 0.2231 0.2585 
          70  1 0.2513 0.2477 0.2529 0.2481 
          71  1 0.2531 0.2673 0.2320 0.2475 
          72  1 0.2384 0.2473 0.2654 0.2489 
          73  1 0.2574 0.2539 0.2430 0.2456 
          74  1 0.2382 0.2508 0.2637 0.2472 
          75  1 0.2203 0.2485 0.2966 0.2346 
          76  1 0.2445 0.2405 0.2768 0.2381 
          77  1 0.2579 0.2338 0.2562 0.2521 
          78  1 0.2535 0.2479 0.2501 0.2485 
          79  1 0.2665 0.2597 0.2241 0.2497 
          80  1 0.2475 0.2405 0.2490 0.2629 
          81  1 0.2580 0.2486 0.2405 0.2529 
          82  1 0.2486 0.2470 0.2574 0.2469 
          83  1 0.2336 0.2590 0.2530 0.2544 
          84  1 0.2490 0.2306 0.2841 0.2363 
          85  1 0.2240 0.2483 0.2741 0.2536 
          86  1 0.2199 0.2509 0.2926 0.2366 
          87  1 0.2538 0.2631 0.2317 0.2514 
          88  1 0.2601 0.2673 0.2188 0.2538 
          89  1 0.2668 0.2586 0.2288 0.2458 
          90  1 0.2732 0.2735 0.2016 0.2517 
          91  1 0.2639 0.2588 0.2282 0.2491 
          92  1 0.2680 0.2701 0.2160 0.2459 
          93  1 0.2349 0.2444 0.2570 0.2636 
          94  1 0.2412 0.2500 0.2595 0.2493 
          95  1 0.2592 0.2461 0.2390 0.2557 
          96  1 0.2298 0.2525 0.2683 0.2493 
          97  1 0.2243 0.2450 0.2765 0.2542 
          98  1 0.2492 0.2574 0.2472 0.2462 
          99  1 0.2513 0.2497 0.2490 0.2501 
         100  1 0.2570 0.2655 0.2232 0.2543 
         101  1 0.2407 0.2538 0.2579 0.2477 
         102  1 0.2373 0.2560 0.2608 0.2459 
         103  1 0.2573 0.2490 0.2494 0.2443 
         104  1 0.2542 0.2438 0.2413 0.2607 
         105  1 0.2665 0.2616 0.2203 0.2516 
         106  1 0.2377 0.2505 0.2644 0.2473 
         107  1 0.2454 0.2641 0.2370 0.2535 
         108  1 0.2720 0.2471 0.2332 0.2477 
         109  1 0.2661 0.2401 0.2468 0.2469 
