           1  1 0.1596 0.1708 0.1668 0.1691 0.1684 0.1653 
           2  1 0.1666 0.1653 0.1648 0.1710 0.1661 0.1663 
           3  1 0.1677 0.1644 0.1635 0.1693 0.1605 0.1746 
           4  1 0.1639 0.1740 0.1727 0.1655 0.1621 0.1618 
           5  1 0.1577 0.1595 0.1640 0.1780 0.1756 0.1652 
           6  1 0.1724 0.1646 0.1660 0.1700 0.1654 0.1616 
           7  1 0.1683 0.1708 0.1653 0.1686 0.1683 0.1587 
           8  1 0.1648 0.1718 0.1670 0.1729 0.1649 0.1585 
           9  1 0.1561 0.1699 0.1685 0.1633 0.1716 0.1706 
          10  1 0.1633 0.1669 0.1682 0.1667 0.1678 0.1671 
          11  1 0.1661 0.1684 0.1623 0.1785 0.1711 0.1536 
          12  1 0.1670 0.1681 0.1637 0.1705 0.1638 0.1671 
          13  1 0.1703 0.1578 0.1711 0.1556 0.1686 0.1765 
          14  1 0.1689 0.1633 0.1602 0.1729 0.1710 0.1638 
          15  1 0.1676 0.1619 0.1695 0.1706 0.1600 0.1704 
          16  1 0.1682 0.1710 0.1655 0.1663 0.1670 0.1618 
          17  1 0.1644 0.1778 0.1698 0.1659 0.1688 0.1534 
          18  1 0.1562 0.1757 0.1641 0.1732 0.1688 0.1620 
          19  1 0.1578 0.1673 0.1687 0.1749 0.1631 0.1682 
          20  1 0.1673 0.1621 0.1630 0.1746 0.1720 0.1611 
          21  1 0.1600 0.1683 0.1693 0.1638 0.1758 0.1629 
          22  1 0.1623 0.1841 0.1706 0.1620 0.1666 0.1545 
          23  1 0.1747 0.1700 0.1649 0.1692 0.1698 0.1514 
          24  1 0.1708 0.1708 0.1651 0.1641 0.1621 0.1670 
          25  1 0.1626 0.1674 0.1717 0.1646 0.1617 0.1719 
          26  1 0.1670 0.1638 0.1656 0.1615 0.1731 0.1690 
          27  1 0.1653 0.1644 0.1653 0.1620 0.1682 0.1748 
          28  1 0.1645 0.1663 0.1710 0.1729 0.1651 0.1602 
          29  1 0.1691 0.1632 0.1694 0.1651 0.1645 0.1686 
          30  1 0.1602 0.1682 0.1710 0.1628 0.1720 0.1657 
          31  1 0.1688 0.1677 0.1654 0.1689 0.1637 0.1654 
          32  1 0.1631 0.1660 0.1651 0.1625 0.1747 0.1686 
          33  1 0.1623 0.1714 0.1645 0.1720 0.1670 0.1627 
          34  1 0.1746 0.1661 0.1645 0.1717 0.1646 0.1585 
          35  1 0.1652 0.1707 0.1687 0.1624 0.1670 0.1660 
          36  1 0.1704 0.1634 0.1683 0.1650 0.1678 0.1652 
          37  1 0.1666 0.1651 0.1657 0.1661 0.1692 0.1673 
          38  1 0.1664 0.1580 0.1650 0.1598 0.1749 0.1757 
          39  1 0.1706 0.1664 0.1671 0.1645 0.1639 0.1675 
          40  1 0.1676 0.1561 0.1656 0.1612 0.1759 0.1737 
          41  1 0.1625 0.1703 0.1667 0.1637 0.1704 0.1664 
          42  1 0.1646 0.1682 0.1764 0.1603 0.1628 0.1677 
          43  1 0.1684 0.1693 0.1703 0.1638 0.1665 0.1618 
          44  1 0.1698 0.1600 0.1730 0.1668 0.1674 0.1630 
          45  1 0.1602 0.1592 0.1663 0.1729 0.1688 0.1727 
          46  1 0.1577 0.1660 0.1699 0.1734 0.1653 0.1678 
          47  1 0.1576 0.1699 0.1680 0.1689 0.1724 0.1633 
          48  1 0.1627 0.1622 0.1702 0.1683 0.1682 0.1684 
          49  1 0.1657 0.1658 0.1676 0.1650 0.1649 0.1710 
          50  1 0.1665 0.1608 0.1728 0.1634 0.1714 0.1651 
          51  1 0.1674 0.1662 0.1674 0.1666 0.1682 0.1641 
          52  1 0.1666 0.1659 0.1676 0.1655 0.1687 0.1658 
          53  1 0.1639 0.1695 0.1685 0.1712 0.1635 0.1635 
          54  1 0.1648 0.1645 0.1656 0.1666 0.1665 0.1720 
          55  1 0.1617 0.1674 0.1677 0.1679 0.1643 0.1710 
          56  1 0.1692 0.1713 0.1682 0.1646 0.1683 0.1583 
          57  1 0.1597 0.1614 0.1672 0.1729 0.1673 0.1715 
          58  1 0.1653 0.1675 0.1688 0.1699 0.1613 0.1673 
          59  1 0.1686 0.1628 0.1677 0.1692 0.1611 0.1706 
          60  1 0.1611 0.1685 0.1655 0.1681 0.1652 0.1715 
          61  1 0.1642 0.1684 0.1636 0.1608 0.1637 0.1794 
          62  1 0.1702 0.1625 0.1667 0.1558 0.1745 0.1702 
          63  1 0.1652 0.1676 0.1677 0.1683 0.1659 0.1652 
          64  1 0.1749 0.1660 0.1649 0.1638 0.1546 0.1758 
          65  1 0.1772 0.1634 0.1652 0.1645 0.1549 0.1748 
          66  1 0.1707 0.1693 0.1673 0.1679 0.1670 0.1578 
          67  1 0.1638 0.1687 0.1656 0.1663 0.1683 0.1674 
          68  1 0.1677 0.1697 0.1673 0.1620 0.1702 0.1631 
          69  1 0.1746 0.1668 0.1641 0.1636 0.1711 0.1598 
          70  1 0.1681 0.1664 0.1652 0.1685 0.1672 0.1645 
          71  1 0.1774 0.1690 0.1662 0.1654 0.1503 0.1717 
          72  1 0.1689 0.1643 0.1693 0.1668 0.1637 0.1670 
          73  1 0.1636 0.1701 0.1683 0.1637 0.1662 0.1681 
          74  1 0.1607 0.1670 0.1698 0.1665 0.1632 0.1729 
          75  1 0.1555 0.1588 0.1669 0.1809 0.1810 0.1569 
          76  1 0.1628 0.1689 0.1704 0.1726 0.1637 0.1615 
          77  1 0.1625 0.1781 0.1690 0.1675 0.1641 0.1589 
          78  1 0.1692 0.1676 0.1684 0.1649 0.1648 0.1652 
          79  1 0.1663 0.1592 0.1605 0.1595 0.1758 0.1786 
          80  1 0.1632 0.1691 0.1661 0.1607 0.1755 0.1654 
          81  1 0.1643 0.1681 0.1721 0.1667 0.1643 0.1645 
          82  1 0.1661 0.1694 0.1630 0.1641 0.1725 0.1648 
          83  1 0.1685 0.1660 0.1661 0.1656 0.1646 0.1692 
          84  1 0.1555 0.1723 0.1721 0.1710 0.1676 0.1614 
          85  1 0.1647 0.1650 0.1714 0.1669 0.1651 0.1669 
          86  1 0.1608 0.1560 0.1725 0.1636 0.1766 0.1705 
          87  1 0.1647 0.1666 0.1692 0.1640 0.1564 0.1792 
          88  1 0.1685 0.1751 0.1659 0.1686 0.1578 0.1640 
          89  1 0.1672 0.1748 0.1685 0.1597 0.1655 0.1643 
          90  1 0.1669 0.1735 0.1654 0.1743 0.1568 0.1631 
          91  1 0.1676 0.1633 0.1620 0.1646 0.1621 0.1804 
          92  1 0.1690 0.1691 0.1674 0.1631 0.1586 0.1728 
          93  1 0.1630 0.1647 0.1694 0.1706 0.1687 0.1636 
          94  1 0.1670 0.1681 0.1677 0.1690 0.1720 0.1562 
          95  1 0.1673 0.1676 0.1604 0.1767 0.1727 0.1552 
          96  1 0.1698 0.1685 0.1644 0.1629 0.1691 0.1653 
          97  1 0.1626 0.1623 0.1695 0.1647 0.1711 0.1698 
          98  1 0.1702 0.1597 0.1738 0.1669 0.1604 0.1690 
          99  1 0.1650 0.1674 0.1668 0.1698 0.1665 0.1645 
         100  1 0.1734 0.1707 0.1606 0.1644 0.1647 0.1663 
         101  1 0.1698 0.1691 0.1670 0.1586 0.1691 0.1663 
         102  1 0.1642 0.1630 0.1669 0.1692 0.1622 0.1745 
         103  1 0.1610 0.1678 0.1652 0.1634 0.1681 0.1743 
         104  1 0.1669 0.1656 0.1654 0.1675 0.1681 0.1665 
         105  1 0.1644 0.1716 0.1665 0.1572 0.1725 0.1678 
         106  1 0.1653 0.1633 0.1690 0.1672 0.1646 0.1707 
         107  1 0.1755 0.1701 0.1673 0.1665 0.1491 0.1715 
         108  1 0.1679 0.1688 0.1665 0.1610 0.1738 0.1621 
         109  1 0.1679 0.1663 0.1628 0.1662 0.1678 0.1690 
