           1  1 0.1428 0.1903 0.2244 0.2345 0.2079 
           2  1 0.1929 0.1986 0.2030 0.2015 0.2039 
           3  1 0.2141 0.2120 0.1805 0.1990 0.1944 
           4  1 0.1790 0.1941 0.2105 0.2058 0.2106 
           5  1 0.1671 0.1982 0.2241 0.2039 0.2067 
           6  1 0.2067 0.1913 0.2033 0.1977 0.2010 
           7  1 0.1810 0.2016 0.2129 0.1847 0.2198 
           8  1 0.2012 0.1966 0.2055 0.1863 0.2103 
           9  1 0.2015 0.1917 0.1883 0.2084 0.2101 
          10  1 0.1983 0.2037 0.1941 0.1993 0.2046 
          11  1 0.2042 0.1770 0.2158 0.1965 0.2064 
          12  1 0.1854 0.1930 0.2068 0.2115 0.2034 
          13  1 0.2277 0.1969 0.1696 0.1972 0.2086 
          14  1 0.1864 0.1873 0.2275 0.2032 0.1955 
          15  1 0.2210 0.2096 0.1845 0.1870 0.1978 
          16  1 0.1988 0.1922 0.2082 0.2043 0.1965 
          17  1 0.1893 0.1965 0.2084 0.1877 0.2181 
          18  1 0.1531 0.1920 0.2262 0.2149 0.2139 
          19  1 0.1676 0.1808 0.2226 0.2334 0.1956 
          20  1 0.1974 0.1814 0.2169 0.2014 0.2029 
          21  1 0.1973 0.1895 0.1936 0.2132 0.2064 
          22  1 0.1677 0.1995 0.2212 0.1977 0.2139 
          23  1 0.2105 0.2028 0.2013 0.1690 0.2165 
          24  1 0.2195 0.2009 0.1817 0.1969 0.2009 
          25  1 0.1589 0.1984 0.2131 0.2367 0.1929 
          26  1 0.2081 0.2011 0.2023 0.1856 0.2030 
          27  1 0.1994 0.1892 0.2007 0.2108 0.1999 
          28  1 0.1964 0.1863 0.2081 0.1969 0.2124 
          29  1 0.2274 0.2189 0.1766 0.1685 0.2087 
          30  1 0.1590 0.1886 0.2281 0.2165 0.2078 
          31  1 0.1922 0.1852 0.2155 0.1999 0.2071 
          32  1 0.1768 0.1995 0.2085 0.2115 0.2036 
          33  1 0.1948 0.1952 0.2038 0.2055 0.2007 
          34  1 0.2069 0.1975 0.1951 0.1902 0.2103 
          35  1 0.1991 0.2052 0.2061 0.1933 0.1962 
          36  1 0.2190 0.2050 0.1936 0.1753 0.2072 
          37  1 0.1958 0.1875 0.2022 0.2089 0.2056 
          38  1 0.2320 0.2049 0.1769 0.1826 0.2036 
          39  1 0.2056 0.1912 0.2007 0.2102 0.1924 
          40  1 0.1948 0.2086 0.1986 0.1970 0.2009 
          41  1 0.2083 0.2104 0.1922 0.1939 0.1952 
          42  1 0.1975 0.1898 0.1943 0.2180 0.2003 
          43  1 0.2021 0.1725 0.2079 0.2131 0.2045 
          44  1 0.1890 0.1686 0.2144 0.2170 0.2110 
          45  1 0.1473 0.1928 0.2114 0.2427 0.2058 
          46  1 0.1623 0.1946 0.2189 0.2219 0.2023 
          47  1 0.1574 0.1934 0.2227 0.2159 0.2107 
          48  1 0.1809 0.1957 0.2060 0.2118 0.2057 
          49  1 0.2038 0.1965 0.1965 0.2070 0.1961 
          50  1 0.1991 0.1935 0.1983 0.2021 0.2070 
          51  1 0.1953 0.2002 0.2044 0.2029 0.1971 
          52  1 0.1941 0.1975 0.2023 0.2053 0.2008 
          53  1 0.1896 0.1914 0.2100 0.2054 0.2036 
          54  1 0.1853 0.1948 0.2115 0.2128 0.1956 
          55  1 0.1917 0.1869 0.2051 0.2136 0.2026 
          56  1 0.1923 0.1922 0.2059 0.1899 0.2197 
          57  1 0.1332 0.1889 0.2354 0.2472 0.1953 
          58  1 0.1995 0.1936 0.2035 0.2119 0.1914 
          59  1 0.2013 0.1999 0.1927 0.2106 0.1955 
          60  1 0.2091 0.2026 0.1942 0.1962 0.1979 
          61  1 0.2503 0.2134 0.1737 0.1746 0.1881 
          62  1 0.2296 0.2124 0.1835 0.1724 0.2021 
          63  1 0.1940 0.1982 0.2015 0.2040 0.2024 
          64  1 0.2186 0.2137 0.1855 0.1938 0.1884 
          65  1 0.2175 0.2116 0.1835 0.1955 0.1918 
          66  1 0.2044 0.1878 0.2053 0.1996 0.2029 
          67  1 0.1962 0.2008 0.2034 0.2012 0.1984 
          68  1 0.1825 0.2002 0.2078 0.1986 0.2109 
          69  1 0.2046 0.1963 0.2023 0.1737 0.2230 
          70  1 0.1971 0.1989 0.2014 0.2006 0.2021 
          71  1 0.2303 0.2248 0.1755 0.1781 0.1912 
          72  1 0.1907 0.1951 0.2013 0.2142 0.1987 
          73  1 0.2056 0.2041 0.1978 0.1905 0.2021 
          74  1 0.1902 0.1881 0.2080 0.2106 0.2031 
          75  1 0.1484 0.1991 0.2415 0.2099 0.2012 
          76  1 0.1557 0.1840 0.2240 0.2238 0.2124 
          77  1 0.1806 0.1962 0.2100 0.2043 0.2090 
          78  1 0.1989 0.1988 0.2001 0.2033 0.1988 
          79  1 0.2331 0.2238 0.1741 0.1687 0.2003 
          80  1 0.2007 0.1859 0.1977 0.2124 0.2034 
          81  1 0.2171 0.2076 0.1840 0.1936 0.1977 
          82  1 0.1892 0.1831 0.2199 0.2038 0.2040 
          83  1 0.2035 0.1866 0.1981 0.2062 0.2056 
          84  1 0.1362 0.1981 0.2301 0.2330 0.2026 
          85  1 0.1772 0.1859 0.2138 0.2160 0.2070 
          86  1 0.1471 0.1937 0.2277 0.2226 0.2089 
          87  1 0.2175 0.2210 0.1792 0.2038 0.1786 
          88  1 0.2377 0.2316 0.1730 0.1804 0.1773 
          89  1 0.2355 0.2276 0.1794 0.1742 0.1832 
          90  1 0.2624 0.2477 0.1567 0.1689 0.1642 
          91  1 0.2362 0.2155 0.1790 0.1875 0.1819 
          92  1 0.2437 0.2362 0.1699 0.1749 0.1754 
          93  1 0.2066 0.1753 0.1980 0.2115 0.2086 
          94  1 0.2036 0.1833 0.2087 0.2089 0.1955 
          95  1 0.2109 0.1823 0.2082 0.1964 0.2022 
          96  1 0.1880 0.1888 0.2135 0.2113 0.1984 
          97  1 0.1835 0.1852 0.2021 0.2181 0.2111 
          98  1 0.2267 0.2001 0.1891 0.1850 0.1992 
          99  1 0.2187 0.1955 0.1950 0.2003 0.1905 
         100  1 0.2364 0.2131 0.1799 0.1838 0.1868 
         101  1 0.1937 0.1932 0.2046 0.2107 0.1979 
         102  1 0.1942 0.2048 0.1887 0.2180 0.1942 
         103  1 0.2039 0.2136 0.1904 0.1948 0.1973 
         104  1 0.2240 0.1999 0.1881 0.1980 0.1900 
         105  1 0.2309 0.2125 0.1829 0.1748 0.1989 
         106  1 0.1900 0.1935 0.2054 0.2165 0.1946 
         107  1 0.2292 0.2222 0.1762 0.1828 0.1897 
         108  1 0.2019 0.2068 0.1992 0.1835 0.2086 
         109  1 0.1982 0.1979 0.2010 0.1960 0.2070 
