           1  1 0.1178 0.1143 0.1154 0.1199 0.1003 0.1035 0.1094 0.1108 0.1085 
           2  1 0.1138 0.1108 0.1136 0.1112 0.1101 0.1111 0.1103 0.1096 0.1095 
           3  1 0.0991 0.1022 0.1127 0.1029 0.1182 0.1192 0.1261 0.1116 0.1081 
           4  1 0.1184 0.1135 0.1063 0.1173 0.1087 0.1028 0.1110 0.1108 0.1112 
           5  1 0.1555 0.0968 0.1241 0.1135 0.0938 0.1159 0.0961 0.1083 0.0961 
           6  1 0.1036 0.1110 0.1140 0.1101 0.1232 0.1075 0.1084 0.1137 0.1085 
           7  1 0.1066 0.1054 0.1092 0.1108 0.1138 0.1119 0.1192 0.1142 0.1089 
           8  1 0.1103 0.1102 0.1115 0.1095 0.1186 0.1093 0.1108 0.1118 0.1081 
           9  1 0.1105 0.1109 0.1102 0.1087 0.1124 0.1078 0.1141 0.1131 0.1123 
          10  1 0.0966 0.1062 0.1115 0.1130 0.1191 0.1076 0.1136 0.1125 0.1200 
          11  1 0.1144 0.1172 0.1107 0.1106 0.1227 0.1076 0.1039 0.1079 0.1050 
          12  1 0.1013 0.1136 0.1048 0.1133 0.1174 0.1110 0.1117 0.1127 0.1143 
          13  1 0.1051 0.1158 0.1149 0.1087 0.1125 0.1059 0.1192 0.1071 0.1107 
          14  1 0.1327 0.1129 0.1184 0.1153 0.1119 0.1077 0.0958 0.1067 0.0986 
          15  1 0.1047 0.1041 0.1092 0.1007 0.1170 0.1144 0.1155 0.1235 0.1109 
          16  1 0.1034 0.1079 0.1083 0.1106 0.1193 0.1121 0.1102 0.1148 0.1133 
          17  1 0.1095 0.1031 0.1081 0.1072 0.1144 0.1100 0.1153 0.1210 0.1114 
          18  1 0.1106 0.1101 0.1141 0.1202 0.1058 0.1072 0.1060 0.1139 0.1120 
          19  1 0.1130 0.1097 0.1097 0.1195 0.1061 0.1095 0.1037 0.1167 0.1121 
          20  1 0.1287 0.1184 0.1162 0.1155 0.1148 0.1053 0.0959 0.1087 0.0965 
          21  1 0.1141 0.1205 0.1060 0.1167 0.1075 0.1074 0.1126 0.1080 0.1069 
          22  1 0.1170 0.1140 0.1116 0.1135 0.1096 0.0997 0.1110 0.1096 0.1140 
          23  1 0.0997 0.1085 0.1057 0.1053 0.1182 0.1086 0.1179 0.1212 0.1149 
          24  1 0.1020 0.1032 0.1089 0.1052 0.1208 0.1139 0.1204 0.1108 0.1148 
          25  1 0.1276 0.1132 0.1104 0.1124 0.0953 0.1130 0.1034 0.1112 0.1135 
          26  1 0.1120 0.1049 0.1084 0.1116 0.1106 0.1101 0.1191 0.1119 0.1114 
          27  1 0.1147 0.1117 0.1085 0.1139 0.1086 0.1084 0.1125 0.1184 0.1033 
          28  1 0.1155 0.1129 0.1115 0.1082 0.1141 0.1033 0.1095 0.1143 0.1107 
          29  1 0.0974 0.1049 0.1111 0.0989 0.1193 0.1185 0.1284 0.1201 0.1015 
          30  1 0.1118 0.1138 0.1122 0.1169 0.1088 0.1081 0.1069 0.1120 0.1095 
          31  1 0.1168 0.1106 0.1110 0.1164 0.1185 0.1071 0.1008 0.1094 0.1095 
          32  1 0.1058 0.1067 0.1070 0.1111 0.1168 0.1118 0.1162 0.1123 0.1124 
          33  1 0.1049 0.1084 0.1061 0.1124 0.1132 0.1101 0.1105 0.1211 0.1132 
          34  1 0.0985 0.1133 0.1078 0.1083 0.1156 0.1135 0.1178 0.1153 0.1099 
          35  1 0.1059 0.1013 0.1099 0.1046 0.1112 0.1113 0.1172 0.1215 0.1171 
          36  1 0.1038 0.1081 0.1045 0.1052 0.1163 0.1116 0.1173 0.1189 0.1143 
          37  1 0.1140 0.1156 0.1104 0.1194 0.1029 0.1077 0.1063 0.1160 0.1078 
          38  1 0.1008 0.1043 0.1104 0.1087 0.1171 0.1205 0.1169 0.1172 0.1042 
          39  1 0.1146 0.1224 0.1190 0.1124 0.1041 0.1087 0.0989 0.1089 0.1110 
          40  1 0.1291 0.1047 0.1100 0.1055 0.1108 0.1122 0.1128 0.1114 0.1036 
          41  1 0.1040 0.1040 0.1038 0.1049 0.1188 0.1129 0.1230 0.1113 0.1172 
          42  1 0.1114 0.1220 0.1212 0.1166 0.1058 0.0999 0.1069 0.1048 0.1114 
          43  1 0.1251 0.1328 0.1209 0.1251 0.1043 0.0965 0.0871 0.0925 0.1157 
          44  1 0.1301 0.1324 0.1191 0.1209 0.1034 0.0961 0.0870 0.0952 0.1157 
          45  1 0.1226 0.1122 0.1122 0.1211 0.0985 0.1140 0.1033 0.1109 0.1052 
          46  1 0.1299 0.1088 0.1183 0.1181 0.0971 0.1117 0.0986 0.1095 0.1079 
          47  1 0.1145 0.1093 0.1128 0.1166 0.1039 0.1080 0.1103 0.1107 0.1138 
          48  1 0.1072 0.1161 0.1095 0.1154 0.1164 0.1105 0.1122 0.1093 0.1033 
          49  1 0.1095 0.1169 0.1147 0.1152 0.1100 0.1118 0.1068 0.1056 0.1096 
          50  1 0.1092 0.1159 0.1045 0.1162 0.1151 0.1081 0.1078 0.1177 0.1055 
          51  1 0.1118 0.1141 0.1122 0.1122 0.1068 0.1111 0.1081 0.1103 0.1134 
          52  1 0.1138 0.1153 0.1105 0.1146 0.1090 0.1097 0.1094 0.1116 0.1061 
          53  1 0.1171 0.1090 0.1063 0.1157 0.1157 0.1109 0.1111 0.1095 0.1048 
          54  1 0.1159 0.1164 0.1164 0.1130 0.1043 0.1115 0.1077 0.1058 0.1089 
          55  1 0.1130 0.1152 0.1112 0.1161 0.1129 0.1126 0.1071 0.1089 0.1028 
          56  1 0.1105 0.1103 0.1072 0.1060 0.1159 0.1081 0.1105 0.1098 0.1217 
          57  1 0.1365 0.1107 0.1193 0.1237 0.0873 0.1087 0.0987 0.1113 0.1037 
          58  1 0.1060 0.1154 0.1119 0.1103 0.1165 0.1148 0.1062 0.1084 0.1105 
          59  1 0.1106 0.1115 0.1087 0.1084 0.1094 0.1172 0.1141 0.1124 0.1077 
          60  1 0.1032 0.1069 0.1060 0.1101 0.1145 0.1201 0.1170 0.1130 0.1091 
          61  1 0.1000 0.1034 0.1109 0.1061 0.1105 0.1160 0.1209 0.1133 0.1191 
          62  1 0.1010 0.1081 0.1034 0.0991 0.1185 0.1135 0.1217 0.1222 0.1125 
          63  1 0.1180 0.1127 0.1109 0.1102 0.1098 0.1090 0.1113 0.1094 0.1087 
          64  1 0.1168 0.1245 0.1300 0.1018 0.1010 0.1193 0.1034 0.0977 0.1055 
          65  1 0.1226 0.1245 0.1273 0.1060 0.0993 0.1156 0.0992 0.1015 0.1041 
          66  1 0.1115 0.1122 0.1087 0.1148 0.1161 0.1111 0.1058 0.1120 0.1078 
          67  1 0.1117 0.1084 0.1069 0.1123 0.1102 0.1100 0.1138 0.1153 0.1116 
          68  1 0.1102 0.1063 0.1105 0.1095 0.1137 0.1080 0.1155 0.1138 0.1124 
          69  1 0.1052 0.1093 0.1051 0.1061 0.1238 0.1026 0.1177 0.1202 0.1101 
          70  1 0.1123 0.1100 0.1113 0.1086 0.1097 0.1123 0.1100 0.1139 0.1119 
          71  1 0.1237 0.1311 0.1279 0.1053 0.0953 0.1135 0.0961 0.0997 0.1074 
          72  1 0.1191 0.1110 0.1145 0.1121 0.1014 0.1153 0.1088 0.1078 0.1099 
          73  1 0.1094 0.1070 0.1102 0.1096 0.1145 0.1104 0.1141 0.1138 0.1110 
          74  1 0.1168 0.1090 0.1147 0.1076 0.1108 0.1121 0.1083 0.1170 0.1039 
          75  1 0.1614 0.1036 0.1242 0.1228 0.0829 0.1053 0.0957 0.1112 0.0929 
          76  1 0.1077 0.1135 0.1058 0.1234 0.1115 0.1079 0.1069 0.1090 0.1143 
          77  1 0.1044 0.1057 0.1055 0.1065 0.1117 0.1076 0.1208 0.1174 0.1203 
          78  1 0.1106 0.1119 0.1106 0.1122 0.1127 0.1085 0.1107 0.1093 0.1135 
          79  1 0.1063 0.1004 0.1042 0.1008 0.1220 0.1191 0.1223 0.1210 0.1040 
          80  1 0.1046 0.1244 0.1090 0.1162 0.1113 0.1049 0.1090 0.1123 0.1084 
          81  1 0.1017 0.1020 0.1153 0.1041 0.1204 0.1159 0.1175 0.1165 0.1066 
          82  1 0.1136 0.1167 0.1054 0.1122 0.1180 0.1065 0.1099 0.1114 0.1064 
          83  1 0.1111 0.1205 0.1129 0.1072 0.1077 0.1070 0.1118 0.1100 0.1118 
          84  1 0.1117 0.1151 0.1164 0.1212 0.0999 0.1123 0.1050 0.1060 0.1124 
          85  1 0.1285 0.1232 0.1169 0.1118 0.0985 0.1158 0.1032 0.0971 0.1049 
          86  1 0.1322 0.1126 0.1179 0.1201 0.0997 0.1052 0.1017 0.1089 0.1018 
          87  1 0.1030 0.0997 0.1040 0.1128 0.1062 0.1245 0.1101 0.1117 0.1280 
          88  1 0.1028 0.1078 0.1042 0.1213 0.1021 0.1140 0.1034 0.1020 0.1424 
          89  1 0.1049 0.0992 0.1030 0.1053 0.1113 0.1179 0.1212 0.1152 0.1220 
          90  1 0.0955 0.0983 0.1090 0.1148 0.1028 0.1063 0.1002 0.1111 0.1619 
          91  1 0.0972 0.1017 0.1122 0.1021 0.1201 0.1226 0.1208 0.1157 0.1076 
          92  1 0.0975 0.0961 0.1067 0.0985 0.1118 0.1227 0.1290 0.1198 0.1180 
          93  1 0.1083 0.1209 0.1113 0.1231 0.1116 0.1040 0.1075 0.1084 0.1048 
          94  1 0.1101 0.1166 0.1085 0.1112 0.1159 0.1027 0.1116 0.1134 0.1100 
          95  1 0.1063 0.1080 0.1108 0.1125 0.1220 0.1096 0.1071 0.1088 0.1150 
          96  1 0.1285 0.1304 0.1142 0.1134 0.1019 0.1086 0.1066 0.0993 0.0970 
          97  1 0.1243 0.1154 0.1102 0.1204 0.1044 0.1052 0.1080 0.1112 0.1009 
          98  1 0.1176 0.1129 0.1154 0.1056 0.1175 0.1112 0.1043 0.1077 0.1077 
          99  1 0.1149 0.1083 0.1095 0.1117 0.1139 0.1135 0.1124 0.1106 0.1053 
         100  1 0.0986 0.1148 0.1048 0.1009 0.1274 0.1176 0.1207 0.1084 0.1068 
         101  1 0.1184 0.1186 0.1182 0.1103 0.1062 0.1066 0.1075 0.1037 0.1105 
         102  1 0.1061 0.1110 0.1129 0.1131 0.1082 0.1117 0.1110 0.1076 0.1184 
         103  1 0.0998 0.1037 0.1094 0.1102 0.1136 0.1149 0.1193 0.1180 0.1112 
         104  1 0.0989 0.1167 0.1072 0.1098 0.1238 0.1103 0.1152 0.1131 0.1050 
         105  1 0.0949 0.1034 0.1032 0.1038 0.1258 0.1141 0.1260 0.1188 0.1100 
         106  1 0.1198 0.1176 0.1187 0.1112 0.1021 0.1116 0.1048 0.1037 0.1105 
         107  1 0.1282 0.1318 0.1312 0.1041 0.0947 0.1146 0.0959 0.0959 0.1036 
         108  1 0.1063 0.1101 0.1120 0.1106 0.1109 0.1086 0.1155 0.1142 0.1119 
         109  1 0.1095 0.1172 0.1067 0.1131 0.1208 0.1054 0.1072 0.1093 0.1108 
