           1  1 0.1013 0.0996 0.0999 0.0999 0.0996 0.0998 0.1008 0.0999 0.0995 0.0996 
           2  1 0.0996 0.1003 0.1000 0.1001 0.0999 0.0997 0.1004 0.1002 0.0996 0.1002 
           3  1 0.0995 0.0999 0.0993 0.0994 0.0998 0.1008 0.1000 0.1001 0.1013 0.1000 
           4  1 0.0998 0.0997 0.0995 0.1002 0.0994 0.1003 0.1004 0.1006 0.0996 0.1006 
           5  1 0.0994 0.0999 0.1005 0.1011 0.0994 0.0989 0.1007 0.0997 0.1000 0.1004 
           6  1 0.0999 0.1014 0.0993 0.1003 0.0999 0.1001 0.0989 0.0997 0.0998 0.1007 
           7  1 0.0999 0.1000 0.0998 0.1001 0.1001 0.1001 0.1000 0.1001 0.0998 0.1000 
           8  1 0.0990 0.1005 0.0997 0.0995 0.1006 0.1002 0.0987 0.1005 0.1007 0.1006 
           9  1 0.1004 0.0998 0.0999 0.0999 0.1002 0.0995 0.1001 0.0998 0.0998 0.1007 
          10  1 0.1001 0.1000 0.0995 0.0998 0.0996 0.0996 0.1007 0.1007 0.1004 0.0996 
          11  1 0.0992 0.1005 0.1002 0.1001 0.0993 0.1005 0.0995 0.1002 0.0998 0.1006 
          12  1 0.0997 0.0999 0.1000 0.1000 0.0995 0.1002 0.1002 0.1005 0.1005 0.0996 
          13  1 0.1004 0.1001 0.0994 0.1009 0.0997 0.1008 0.0999 0.0997 0.0994 0.0997 
          14  1 0.0993 0.1003 0.0996 0.1003 0.0999 0.1001 0.1007 0.1001 0.0995 0.1002 
          15  1 0.1003 0.0996 0.0998 0.0995 0.1005 0.0998 0.0988 0.1008 0.0999 0.1010 
          16  1 0.0999 0.1005 0.0994 0.1004 0.1003 0.0995 0.0997 0.0996 0.1003 0.1003 
          17  1 0.0999 0.1003 0.0992 0.1003 0.1009 0.1007 0.0987 0.1003 0.0999 0.0999 
          18  1 0.1008 0.0999 0.0996 0.0997 0.0996 0.0995 0.1005 0.0995 0.1006 0.1004 
          19  1 0.0998 0.1000 0.1008 0.0989 0.1010 0.0996 0.0999 0.0994 0.0999 0.1007 
          20  1 0.0995 0.1000 0.0999 0.0997 0.1005 0.1000 0.0999 0.1003 0.0999 0.1004 
          21  1 0.1003 0.1003 0.0993 0.1008 0.0993 0.1000 0.1006 0.0991 0.1001 0.1001 
          22  1 0.1007 0.0999 0.0997 0.0994 0.0998 0.1009 0.0994 0.0999 0.0998 0.1006 
          23  1 0.0993 0.1002 0.0996 0.1003 0.0998 0.1001 0.0992 0.1008 0.1013 0.0994 
          24  1 0.1003 0.1001 0.0993 0.1003 0.0997 0.0999 0.0998 0.1008 0.1000 0.0996 
          25  1 0.1000 0.1001 0.1037 0.0995 0.0993 0.0988 0.1008 0.0992 0.0994 0.0993 
          26  1 0.1010 0.0998 0.0993 0.1009 0.1004 0.0997 0.0999 0.0999 0.1002 0.0990 
          27  1 0.1000 0.1005 0.1004 0.0998 0.0995 0.1003 0.1002 0.1001 0.0993 0.0999 
          28  1 0.0998 0.0995 0.0990 0.0999 0.0997 0.1005 0.0994 0.1007 0.1001 0.1013 
          29  1 0.1000 0.1000 0.0986 0.0992 0.1008 0.1003 0.0989 0.1007 0.1005 0.1010 
          30  1 0.1008 0.1001 0.0993 0.1006 0.0999 0.0995 0.1005 0.0996 0.1001 0.0996 
          31  1 0.1003 0.0997 0.0994 0.0992 0.1000 0.1000 0.1006 0.1003 0.1006 0.0998 
          32  1 0.0995 0.1002 0.0996 0.1007 0.1001 0.1003 0.1009 0.1001 0.0995 0.0989 
          33  1 0.1006 0.1000 0.0997 0.1001 0.0995 0.0994 0.1006 0.0995 0.0996 0.1009 
          34  1 0.0997 0.0994 0.0992 0.0995 0.1001 0.1002 0.1001 0.1009 0.1008 0.1001 
          35  1 0.1001 0.1005 0.0991 0.0999 0.1003 0.0999 0.1002 0.0998 0.1004 0.0998 
          36  1 0.1005 0.0998 0.0988 0.1002 0.1003 0.1003 0.0996 0.1006 0.1000 0.1000 
          37  1 0.1001 0.1007 0.0994 0.0997 0.0999 0.0997 0.0999 0.0999 0.0996 0.1010 
          38  1 0.0999 0.0999 0.0990 0.1003 0.1002 0.1002 0.0994 0.1001 0.1006 0.1003 
          39  1 0.0999 0.0997 0.1005 0.0999 0.0999 0.0997 0.1004 0.1004 0.0995 0.1001 
          40  1 0.1007 0.0996 0.0997 0.1001 0.0999 0.1001 0.1000 0.1000 0.0995 0.1005 
          41  1 0.1012 0.0995 0.0998 0.1002 0.0997 0.1001 0.0997 0.0998 0.1004 0.0996 
          42  1 0.1009 0.0994 0.0993 0.1010 0.0993 0.1006 0.1004 0.1000 0.0995 0.0996 
          43  1 0.1005 0.0994 0.1000 0.1008 0.0996 0.0994 0.1008 0.0995 0.0994 0.1006 
          44  1 0.1011 0.0999 0.0995 0.0998 0.1002 0.0998 0.1015 0.0996 0.0990 0.0996 
          45  1 0.0999 0.0994 0.1010 0.0996 0.0994 0.0996 0.1019 0.1002 0.0996 0.0995 
          46  1 0.1009 0.1001 0.1006 0.0996 0.0998 0.0996 0.1005 0.0995 0.0989 0.1005 
          47  1 0.1003 0.0999 0.1004 0.1004 0.0999 0.0991 0.0999 0.1002 0.1000 0.1001 
          48  1 0.1013 0.1004 0.0995 0.0999 0.1000 0.0996 0.1000 0.0994 0.0998 0.1001 
          49  1 0.0999 0.1000 0.1002 0.1006 0.1001 0.0998 0.0998 0.1001 0.1000 0.0996 
          50  1 0.1001 0.1003 0.0997 0.0996 0.1000 0.0993 0.1004 0.1000 0.1004 0.1002 
          51  1 0.1002 0.1001 0.0999 0.1003 0.0998 0.1001 0.1002 0.0999 0.1000 0.0996 
          52  1 0.0999 0.0999 0.1001 0.1003 0.1002 0.1002 0.0997 0.0999 0.0998 0.0999 
          53  1 0.1002 0.0999 0.0995 0.0997 0.1003 0.1001 0.1003 0.0998 0.0999 0.1003 
          54  1 0.1000 0.0999 0.1006 0.1003 0.0998 0.0997 0.1006 0.0998 0.0997 0.0997 
          55  1 0.1002 0.1000 0.1000 0.0999 0.0998 0.0999 0.1012 0.0997 0.1000 0.0993 
          56  1 0.1001 0.1003 0.1006 0.0999 0.0992 0.1001 0.1000 0.0998 0.0998 0.1002 
          57  1 0.0999 0.0998 0.1037 0.0996 0.0993 0.0992 0.1014 0.0987 0.0992 0.0992 
          58  1 0.1003 0.0998 0.1000 0.1000 0.0999 0.1002 0.0999 0.0999 0.1001 0.0998 
          59  1 0.1003 0.0996 0.1000 0.0998 0.1005 0.1003 0.1000 0.0997 0.0999 0.0999 
          60  1 0.0997 0.1011 0.0991 0.1009 0.0998 0.0999 0.0995 0.1000 0.0997 0.1004 
          61  1 0.0992 0.1003 0.0990 0.1003 0.1005 0.1004 0.0995 0.0996 0.1004 0.1008 
          62  1 0.0998 0.0995 0.0986 0.1004 0.1007 0.1003 0.0999 0.1011 0.1002 0.0994 
          63  1 0.1003 0.1003 0.0998 0.0999 0.1000 0.1001 0.1001 0.1000 0.0995 0.0999 
          64  1 0.0997 0.0990 0.1040 0.0997 0.1000 0.0998 0.0997 0.0996 0.0996 0.0989 
          65  1 0.0992 0.0994 0.1030 0.1002 0.0995 0.0995 0.1003 0.0998 0.0998 0.0994 
          66  1 0.1005 0.1000 0.0996 0.0998 0.0997 0.1001 0.1002 0.1000 0.0999 0.1003 
          67  1 0.1000 0.1005 0.0998 0.0997 0.0998 0.1000 0.0998 0.1001 0.1002 0.1002 
          68  1 0.1003 0.1000 0.0999 0.1002 0.0992 0.1001 0.1001 0.1003 0.1001 0.0998 
          69  1 0.0998 0.0998 0.0993 0.1000 0.1003 0.1004 0.0995 0.1000 0.0998 0.1012 
          70  1 0.1004 0.0997 0.1000 0.0998 0.1001 0.0997 0.1004 0.1001 0.1001 0.0998 
          71  1 0.0994 0.0994 0.1034 0.1001 0.0999 0.0997 0.0997 0.0997 0.0998 0.0988 
          72  1 0.0998 0.0998 0.1000 0.0997 0.0996 0.0999 0.1013 0.0997 0.0999 0.1002 
          73  1 0.0998 0.1002 0.0994 0.1005 0.1004 0.1000 0.1001 0.0999 0.0998 0.0999 
          74  1 0.1000 0.1001 0.0996 0.1002 0.1006 0.0990 0.0997 0.0999 0.1002 0.1006 
          75  1 0.1004 0.1006 0.1003 0.1009 0.0990 0.0999 0.0995 0.0996 0.0989 0.1008 
          76  1 0.1005 0.0999 0.0999 0.0996 0.1000 0.1000 0.1000 0.0998 0.1002 0.1002 
          77  1 0.0998 0.1010 0.1000 0.1003 0.0997 0.1002 0.0993 0.1003 0.0999 0.0996 
          78  1 0.1000 0.0997 0.1003 0.1001 0.0999 0.1001 0.1001 0.0997 0.0999 0.1001 
          79  1 0.1001 0.1002 0.0991 0.1004 0.0995 0.1006 0.0996 0.1003 0.1003 0.0998 
          80  1 0.0998 0.0995 0.0995 0.1009 0.1002 0.0999 0.1003 0.0999 0.0995 0.1005 
          81  1 0.0998 0.1003 0.0990 0.1003 0.1004 0.1005 0.0998 0.0997 0.1003 0.1001 
          82  1 0.0998 0.1003 0.1000 0.1000 0.0999 0.0999 0.0994 0.1005 0.0999 0.1003 
          83  1 0.0998 0.1000 0.0999 0.1002 0.0997 0.1001 0.1005 0.0998 0.1002 0.0999 
          84  1 0.1018 0.1003 0.1006 0.0994 0.0995 0.0988 0.1019 0.0991 0.0993 0.0993 
          85  1 0.1007 0.0997 0.1003 0.0999 0.0999 0.0996 0.1014 0.0992 0.0996 0.0997 
          86  1 0.1007 0.0993 0.0998 0.0999 0.1003 0.0990 0.1017 0.0995 0.1002 0.0995 
          87  1 0.0995 0.1005 0.1010 0.0997 0.1002 0.0997 0.1000 0.1002 0.1000 0.0993 
          88  1 0.0996 0.0995 0.1026 0.0997 0.0999 0.1002 0.0997 0.0999 0.0997 0.0992 
          89  1 0.1004 0.1001 0.0999 0.1009 0.0999 0.1001 0.0993 0.0996 0.0999 0.0998 
          90  1 0.0996 0.1001 0.1019 0.0996 0.1003 0.1004 0.0990 0.0999 0.1000 0.0990 
          91  1 0.0998 0.0996 0.1006 0.1004 0.1004 0.1004 0.0997 0.0995 0.1002 0.0993 
          92  1 0.1004 0.1003 0.1003 0.0996 0.1004 0.1003 0.0992 0.1003 0.1001 0.0990 
          93  1 0.0999 0.0995 0.0992 0.1000 0.0997 0.1004 0.1012 0.0999 0.0998 0.1002 
          94  1 0.1000 0.1000 0.1001 0.1000 0.1001 0.1000 0.1005 0.0996 0.0997 0.1001 
          95  1 0.0997 0.1009 0.0994 0.1001 0.1004 0.0997 0.0991 0.0996 0.1004 0.1007 
          96  1 0.1007 0.0991 0.1011 0.1007 0.0998 0.1000 0.1001 0.0992 0.0993 0.1001 
          97  1 0.0992 0.1002 0.1000 0.1001 0.0993 0.1003 0.1007 0.1003 0.0998 0.1001 
          98  1 0.0997 0.1001 0.0987 0.0996 0.1008 0.1001 0.0996 0.1005 0.1002 0.1007 
          99  1 0.0994 0.1001 0.1002 0.1001 0.0994 0.1001 0.0999 0.0994 0.1005 0.1009 
         100  1 0.0991 0.1004 0.0990 0.1004 0.1004 0.1000 0.1000 0.1002 0.1012 0.0993 
         101  1 0.0998 0.0997 0.1000 0.1005 0.1002 0.1001 0.1004 0.1001 0.0996 0.0995 
         102  1 0.1004 0.0998 0.1006 0.1004 0.0997 0.0998 0.1005 0.0996 0.0994 0.0998 
         103  1 0.1001 0.1000 0.0992 0.1010 0.1002 0.1005 0.0996 0.0995 0.1003 0.0996 
         104  1 0.0995 0.0997 0.0995 0.1002 0.1001 0.1004 0.1001 0.1005 0.1003 0.0999 
         105  1 0.0995 0.0998 0.0994 0.1011 0.1004 0.1002 0.0991 0.1004 0.1004 0.0997 
         106  1 0.0999 0.0995 0.1020 0.0997 0.0997 0.0997 0.1006 0.0998 0.0998 0.0994 
         107  1 0.0993 0.0990 0.1048 0.0999 0.0994 0.0998 0.0998 0.0996 0.0992 0.0993 
         108  1 0.1001 0.0998 0.0992 0.1003 0.1001 0.1004 0.1001 0.1000 0.1001 0.1000 
         109  1 0.1001 0.0997 0.0998 0.1000 0.1000 0.0998 0.0999 0.1001 0.0999 0.1007 
