           1  1 0.1266 0.4174 0.0296 0.1359 0.0076 0.1277 0.1551 
           2  1 0.3260 0.1079 0.0082 0.0039 0.0054 0.3173 0.2313 
           3  1 0.2681 0.1214 0.0548 0.0486 0.0084 0.2101 0.2886 
           4  1 0.1563 0.3834 0.0087 0.0101 0.0054 0.2318 0.2042 
           5  1 0.2239 0.0991 0.0057 0.0470 0.0450 0.4656 0.1137 
           6  1 0.2252 0.1650 0.0087 0.0931 0.0216 0.3481 0.1384 
           7  1 0.2566 0.0819 0.0053 0.0039 0.0068 0.4645 0.1811 
           8  1 0.2432 0.1256 0.0841 0.0100 0.0045 0.4143 0.1183 
           9  1 0.2403 0.2031 0.0085 0.0759 0.0084 0.2040 0.2597 
          10  1 0.2296 0.2343 0.0540 0.0127 0.0666 0.1581 0.2446 
          11  1 0.2566 0.1988 0.0061 0.0447 0.0094 0.2535 0.2309 
          12  1 0.2328 0.3238 0.0091 0.0046 0.0038 0.2588 0.1671 
          13  1 0.3025 0.1000 0.0146 0.0054 0.0066 0.2132 0.3577 
          14  1 0.2456 0.2785 0.0058 0.0266 0.0085 0.1966 0.2384 
          15  1 0.1400 0.2751 0.0459 0.2117 0.0118 0.1271 0.1885 
          16  1 0.2362 0.2815 0.0056 0.0275 0.0076 0.2212 0.2204 
          17  1 0.2334 0.2251 0.0157 0.0471 0.0181 0.2745 0.1861 
          18  1 0.2004 0.3258 0.0145 0.0288 0.0094 0.2234 0.1977 
          19  1 0.1867 0.2599 0.0810 0.0897 0.0099 0.1870 0.1858 
          20  1 0.2174 0.0946 0.0275 0.0052 0.2482 0.2955 0.1116 
          21  1 0.2604 0.1559 0.0172 0.0412 0.0395 0.2246 0.2613 
          22  1 0.2078 0.2190 0.0050 0.0794 0.0057 0.1663 0.3168 
          23  1 0.2438 0.0797 0.0184 0.0250 0.0116 0.5083 0.1131 
          24  1 0.2265 0.2522 0.0224 0.0217 0.0606 0.2456 0.1711 
          25  1 0.1815 0.2826 0.0374 0.0220 0.0273 0.2599 0.1894 
          26  1 0.2638 0.1731 0.0089 0.0165 0.0047 0.1733 0.3597 
          27  1 0.2213 0.2838 0.0077 0.0221 0.0075 0.2377 0.2198 
          28  1 0.1530 0.3055 0.0371 0.0591 0.1441 0.1434 0.1578 
          29  1 0.2400 0.2539 0.0108 0.0062 0.0375 0.2432 0.2083 
          30  1 0.2608 0.2678 0.0041 0.0091 0.0038 0.1160 0.3384 
          31  1 0.3002 0.0971 0.0059 0.0600 0.0078 0.2533 0.2757 
          32  1 0.2492 0.1312 0.0057 0.0116 0.0048 0.4610 0.1364 
          33  1 0.2052 0.1237 0.0065 0.0683 0.0051 0.5236 0.0677 
          34  1 0.1848 0.3165 0.0376 0.0176 0.0160 0.2269 0.2006 
          35  1 0.2765 0.1843 0.0074 0.0277 0.0094 0.3440 0.1507 
          36  1 0.3343 0.1547 0.0060 0.0099 0.0059 0.3617 0.1274 
          37  1 0.2337 0.2183 0.0107 0.0292 0.0826 0.2252 0.2003 
          38  1 0.2066 0.1447 0.0123 0.1365 0.0071 0.3950 0.0977 
          39  1 0.0147 0.0140 0.0102 0.9222 0.0082 0.0148 0.0159 
          40  1 0.2695 0.1575 0.0047 0.0642 0.0158 0.2948 0.1934 
          41  1 0.2648 0.2319 0.0216 0.0177 0.0105 0.2841 0.1694 
          42  1 0.2717 0.2425 0.0130 0.0436 0.0125 0.3256 0.0912 
          43  1 0.2642 0.1514 0.0600 0.0304 0.0089 0.2986 0.1863 
          44  1 0.2016 0.2946 0.0064 0.0115 0.0414 0.2604 0.1841 
          45  1 0.2792 0.1622 0.0196 0.0050 0.0044 0.2190 0.3107 
          46  1 0.2664 0.1950 0.0096 0.0100 0.0101 0.2064 0.3024 
          47  1 0.1801 0.3117 0.0096 0.0358 0.0365 0.2496 0.1767 
          48  1 0.2768 0.1895 0.0107 0.0129 0.0338 0.2946 0.1817 
          49  1 0.2659 0.1260 0.0676 0.0357 0.0159 0.1461 0.3429 
          50  1 0.2352 0.2642 0.0146 0.0076 0.0062 0.2626 0.2095 
          51  1 0.2783 0.1489 0.0177 0.0062 0.0050 0.3352 0.2088 
          52  1 0.2805 0.1305 0.0034 0.0201 0.0048 0.4105 0.1502 
          53  1 0.2393 0.1280 0.0405 0.0052 0.0067 0.4160 0.1643 
          54  1 0.2675 0.1550 0.0078 0.0524 0.0986 0.2533 0.1653 
          55  1 0.2325 0.1348 0.1984 0.0068 0.0123 0.2196 0.1955 
          56  1 0.2140 0.3173 0.0067 0.0550 0.0180 0.1975 0.1915 
          57  1 0.3005 0.1573 0.0147 0.0136 0.0068 0.2633 0.2436 
          58  1 0.2266 0.2083 0.0080 0.0115 0.0276 0.1703 0.3477 
          59  1 0.2064 0.2567 0.0048 0.0098 0.0051 0.3760 0.1411 
          60  1 0.2784 0.1251 0.0174 0.0131 0.0129 0.2114 0.3417 
          61  1 0.1722 0.2189 0.0134 0.0629 0.1921 0.1792 0.1614 
          62  1 0.2414 0.1681 0.0162 0.0058 0.0069 0.3584 0.2033 
          63  1 0.2838 0.1631 0.0341 0.0344 0.0139 0.3008 0.1698 
          64  1 0.1924 0.3999 0.0110 0.0102 0.0057 0.1668 0.2140 
          65  1 0.2518 0.2688 0.0077 0.0274 0.0087 0.2658 0.1698 
          66  1 0.2716 0.1354 0.0119 0.0075 0.0102 0.3878 0.1756 
          67  1 0.2276 0.1621 0.0178 0.0208 0.0536 0.4040 0.1141 
          68  1 0.1437 0.1158 0.0314 0.4047 0.0298 0.1467 0.1279 
          69  1 0.2030 0.1148 0.0094 0.1750 0.1251 0.2634 0.1092 
          70  1 0.2895 0.0983 0.0073 0.0177 0.0163 0.1224 0.4485 
          71  1 0.2671 0.1176 0.0072 0.0210 0.0266 0.4398 0.1207 
          72  1 0.2890 0.1936 0.0127 0.0060 0.0146 0.3079 0.1761 
          73  1 0.1598 0.3700 0.0454 0.0448 0.0086 0.2590 0.1125 
          74  1 0.2151 0.3055 0.0086 0.0185 0.0074 0.2321 0.2128 
          75  1 0.3178 0.2033 0.0284 0.0092 0.0065 0.3328 0.1021 
          76  1 0.3053 0.0864 0.0076 0.0303 0.0069 0.4144 0.1490 
          77  1 0.0060 0.0054 0.9613 0.0083 0.0076 0.0055 0.0060 
          78  1 0.0193 0.0157 0.9038 0.0136 0.0104 0.0173 0.0198 
          79  1 0.0073 0.0067 0.9560 0.0045 0.0116 0.0072 0.0067 
          80  1 0.0045 0.0051 0.9746 0.0030 0.0032 0.0050 0.0047 
          81  1 0.0072 0.0076 0.9631 0.0041 0.0040 0.0073 0.0067 
          82  1 0.0079 0.0074 0.9539 0.0086 0.0066 0.0081 0.0075 
          83  1 0.0168 0.0197 0.8882 0.0150 0.0233 0.0165 0.0205 
          84  1 0.0086 0.0104 0.9477 0.0108 0.0054 0.0086 0.0086 
          85  1 0.0124 0.0113 0.9350 0.0082 0.0091 0.0117 0.0122 
          86  1 0.0315 0.0333 0.8491 0.0195 0.0085 0.0298 0.0283 
          87  1 0.0053 0.0055 0.9695 0.0052 0.0037 0.0054 0.0055 
          88  1 0.0052 0.0054 0.9578 0.0128 0.0080 0.0055 0.0052 
          89  1 0.0066 0.0064 0.9600 0.0071 0.0066 0.0063 0.0069 
          90  1 0.0994 0.1099 0.5254 0.0189 0.0160 0.1427 0.0877 
          91  1 0.0065 0.0066 0.9534 0.0133 0.0070 0.0064 0.0068 
          92  1 0.0065 0.0067 0.9564 0.0064 0.0105 0.0068 0.0068 
          93  1 0.0058 0.0064 0.9655 0.0044 0.0049 0.0065 0.0065 
          94  1 0.0045 0.0053 0.9712 0.0037 0.0060 0.0046 0.0047 
          95  1 0.0111 0.0117 0.9281 0.0159 0.0109 0.0109 0.0114 
          96  1 0.0059 0.0062 0.9640 0.0068 0.0053 0.0060 0.0057 
          97  1 0.0452 0.0576 0.7007 0.0094 0.0981 0.0437 0.0452 
          98  1 0.1404 0.2218 0.3117 0.0269 0.0214 0.1362 0.1416 
          99  1 0.0061 0.0067 0.9535 0.0178 0.0038 0.0064 0.0057 
         100  1 0.0386 0.0377 0.8234 0.0105 0.0095 0.0469 0.0334 
         101  1 0.0091 0.0088 0.9473 0.0134 0.0048 0.0081 0.0085 
         102  1 0.0447 0.0316 0.7218 0.0325 0.0873 0.0370 0.0449 
         103  1 0.1986 0.2772 0.0086 0.0832 0.0075 0.2154 0.2095 
         104  1 0.2302 0.3104 0.0059 0.0059 0.0051 0.2121 0.2304 
         105  1 0.2541 0.1932 0.0068 0.0184 0.0208 0.2876 0.2190 
         106  1 0.3172 0.1022 0.0206 0.0073 0.0112 0.2203 0.3212 
         107  1 0.1987 0.3529 0.0171 0.0109 0.0078 0.1448 0.2677 
         108  1 0.2575 0.1513 0.0143 0.0439 0.0169 0.1441 0.3722 
         109  1 0.2030 0.3388 0.0189 0.0257 0.0339 0.2308 0.1489 
         110  1 0.2393 0.1995 0.0051 0.0192 0.0170 0.3910 0.1289 
         111  1 0.2485 0.2085 0.0060 0.0214 0.0069 0.2696 0.2392 
         112  1 0.2381 0.2775 0.0158 0.0616 0.0053 0.2452 0.1566 
         113  1 0.2930 0.2727 0.0369 0.0176 0.0081 0.2462 0.1254 
         114  1 0.2991 0.1546 0.0116 0.0047 0.0082 0.3536 0.1682 
         115  1 0.2404 0.1749 0.0060 0.0660 0.0503 0.1917 0.2708 
         116  1 0.1388 0.4772 0.0087 0.0068 0.0043 0.1780 0.1862 
         117  1 0.2837 0.0973 0.0051 0.0070 0.0069 0.0900 0.5100 
         118  1 0.2375 0.1634 0.0087 0.0243 0.0074 0.2911 0.2676 
         119  1 0.2729 0.1771 0.0106 0.0148 0.0045 0.2458 0.2742 
         120  1 0.2694 0.1381 0.0258 0.0100 0.0049 0.1199 0.4321 
         121  1 0.2669 0.1219 0.0196 0.0692 0.0117 0.1472 0.3635 
         122  1 0.2087 0.3122 0.0125 0.0179 0.0141 0.2047 0.2299 
         123  1 0.2313 0.2289 0.0105 0.0484 0.0120 0.1796 0.2893 
         124  1 0.2443 0.1516 0.0333 0.0869 0.0086 0.2705 0.2048 
         125  1 0.2547 0.2462 0.0050 0.0076 0.0094 0.3282 0.1490 
         126  1 0.2220 0.2595 0.0541 0.0087 0.0163 0.1929 0.2466 
         127  1 0.2427 0.2330 0.0109 0.0183 0.0105 0.2627 0.2220 
         128  1 0.1137 0.1543 0.4870 0.0060 0.0057 0.1006 0.1327 
         129  1 0.2476 0.2105 0.0552 0.0168 0.0140 0.2090 0.2470 
         130  1 0.2554 0.1414 0.0062 0.0986 0.0121 0.3051 0.1811 
         131  1 0.2211 0.2646 0.0538 0.0179 0.0059 0.1415 0.2952 
         132  1 0.3008 0.0837 0.0062 0.0108 0.0035 0.4282 0.1668 
         133  1 0.2725 0.1303 0.0667 0.0066 0.0053 0.1584 0.3603 
         134  1 0.2219 0.1522 0.0268 0.0077 0.0065 0.5233 0.0617 
         135  1 0.2419 0.1225 0.1139 0.0112 0.0550 0.1721 0.2834 
         136  1 0.2637 0.0903 0.0577 0.0158 0.0097 0.2200 0.3428 
         137  1 0.1466 0.4814 0.0062 0.0224 0.0107 0.1541 0.1785 
         138  1 0.2293 0.1742 0.0138 0.0050 0.0080 0.4046 0.1652 
         139  1 0.2003 0.2600 0.0222 0.0913 0.0060 0.2825 0.1378 
         140  1 0.2155 0.1807 0.0343 0.0582 0.0586 0.1985 0.2542 
         141  1 0.2820 0.1949 0.0060 0.0209 0.0066 0.2972 0.1924 
         142  1 0.2877 0.1414 0.0057 0.0133 0.0089 0.1335 0.4094 
         143  1 0.1661 0.4733 0.0229 0.0206 0.0057 0.1302 0.1811 
         144  1 0.2261 0.2741 0.0172 0.0161 0.0059 0.2360 0.2246 
         145  1 0.1805 0.1448 0.0101 0.2486 0.0648 0.1329 0.2182 
         146  1 0.2095 0.2918 0.0167 0.0155 0.0166 0.2723 0.1777 
         147  1 0.2108 0.2096 0.0065 0.1713 0.0232 0.1588 0.2198 
         148  1 0.2150 0.2430 0.0601 0.0063 0.0086 0.3638 0.1033 
         149  1 0.2315 0.2152 0.0065 0.0378 0.0315 0.2153 0.2622 
         150  1 0.2445 0.1580 0.0371 0.0092 0.0866 0.1636 0.3009 
         151  1 0.2402 0.2508 0.0080 0.0145 0.0084 0.3091 0.1690 
         152  1 0.0566 0.1411 0.0337 0.2990 0.3437 0.0729 0.0530 
         153  1 0.2525 0.1119 0.0235 0.0476 0.0407 0.3859 0.1380 
         154  1 0.1775 0.2710 0.0271 0.0871 0.0702 0.2753 0.0918 
         155  1 0.1968 0.3382 0.0082 0.0099 0.0081 0.3072 0.1316 
         156  1 0.1173 0.3807 0.2205 0.0245 0.0359 0.1149 0.1061 
         157  1 0.2075 0.1069 0.0165 0.0242 0.0074 0.5200 0.1175 
         158  1 0.2271 0.2002 0.0140 0.0140 0.0051 0.4044 0.1352 
         159  1 0.1664 0.1276 0.0407 0.0141 0.2823 0.2162 0.1528 
         160  1 0.2294 0.1583 0.0109 0.1391 0.0094 0.1365 0.3164 
         161  1 0.2522 0.1190 0.0254 0.0373 0.0301 0.2462 0.2898 
         162  1 0.2331 0.3414 0.0080 0.0069 0.0123 0.1897 0.2085 
         163  1 0.2864 0.1796 0.0045 0.0149 0.0055 0.1065 0.4026 
         164  1 0.2741 0.1903 0.0043 0.0186 0.0080 0.2145 0.2901 
         165  1 0.2566 0.1696 0.0041 0.0047 0.0892 0.4051 0.0706 
         166  1 0.2578 0.0775 0.0992 0.0341 0.0041 0.1452 0.3820 
         167  1 0.1613 0.4372 0.0058 0.0404 0.0071 0.1755 0.1727 
         168  1 0.2458 0.1628 0.0200 0.0087 0.0136 0.2418 0.3074 
         169  1 0.2671 0.1841 0.0060 0.0062 0.0046 0.3227 0.2092 
         170  1 0.1946 0.3503 0.0088 0.0224 0.0131 0.1453 0.2655 
         171  1 0.1792 0.3034 0.0072 0.1120 0.0241 0.1664 0.2076 
         172  1 0.1859 0.3977 0.0040 0.0463 0.0098 0.1919 0.1644 
         173  1 0.2565 0.2053 0.0105 0.0136 0.0175 0.2278 0.2689 
         174  1 0.2303 0.2695 0.0059 0.0188 0.1060 0.2034 0.1661 
         175  1 0.2115 0.2885 0.0057 0.1052 0.0139 0.1694 0.2058 
         176  1 0.2128 0.2949 0.0106 0.0465 0.0127 0.1510 0.2715 
         177  1 0.2821 0.1230 0.0049 0.0272 0.0058 0.1613 0.3957 
         178  1 0.2451 0.1020 0.0055 0.0215 0.0160 0.3566 0.2532 
         179  1 0.0471 0.0433 0.0139 0.8011 0.0107 0.0358 0.0480 
         180  1 0.2587 0.2199 0.0092 0.0178 0.0053 0.1334 0.3557 
         181  1 0.2631 0.0913 0.0620 0.0363 0.0140 0.1436 0.3896 
         182  1 0.2701 0.1001 0.0322 0.0447 0.0092 0.1181 0.4256 
         183  1 0.1790 0.3610 0.0598 0.0306 0.0180 0.2505 0.1010 
         184  1 0.2195 0.2661 0.0140 0.0637 0.0078 0.2731 0.1558 
         185  1 0.2404 0.2962 0.0217 0.0500 0.0079 0.2060 0.1777 
         186  1 0.2820 0.1356 0.0060 0.0066 0.0034 0.0555 0.5110 
         187  1 0.2280 0.2268 0.0068 0.0934 0.0300 0.2221 0.1929 
         188  1 0.2357 0.2976 0.0085 0.0296 0.0206 0.2287 0.1794 
         189  1 0.2830 0.1073 0.0094 0.0893 0.0115 0.1892 0.3102 
         190  1 0.2889 0.1179 0.0052 0.0277 0.0280 0.2020 0.3302 
         191  1 0.1917 0.2519 0.0698 0.0266 0.0617 0.1516 0.2467 
         192  1 0.1496 0.3756 0.0037 0.0473 0.0620 0.2043 0.1575 
         193  1 0.2479 0.1336 0.0080 0.0588 0.0090 0.4157 0.1271 
         194  1 0.3046 0.1772 0.0074 0.0307 0.0199 0.2323 0.2279 
         195  1 0.3001 0.1116 0.0066 0.0130 0.0257 0.1690 0.3740 
         196  1 0.1723 0.1165 0.3328 0.0383 0.0066 0.2106 0.1229 
         197  1 0.2609 0.2111 0.0302 0.0294 0.0050 0.2450 0.2184 
         198  1 0.2525 0.2013 0.0183 0.0378 0.0104 0.3170 0.1628 
         199  1 0.2695 0.1241 0.0082 0.0531 0.0086 0.1057 0.4307 
         200  1 0.2561 0.1692 0.0243 0.0182 0.0049 0.3456 0.1817 
         201  1 0.1614 0.2654 0.0051 0.1396 0.0691 0.1823 0.1771 
         202  1 0.2159 0.1468 0.0277 0.0151 0.0050 0.4501 0.1394 
         203  1 0.2093 0.2232 0.0422 0.0405 0.0080 0.1582 0.3185 
         204  1 0.2786 0.1919 0.0106 0.0047 0.0114 0.3350 0.1677 
         205  1 0.2335 0.3430 0.0114 0.0044 0.0222 0.2587 0.1268 
         206  1 0.1645 0.4063 0.0082 0.0295 0.0204 0.1756 0.1955 
         207  1 0.2686 0.1702 0.0252 0.0481 0.0056 0.1145 0.3678 
         208  1 0.1853 0.3763 0.0401 0.0040 0.0053 0.1755 0.2135 
         209  1 0.2437 0.1764 0.0094 0.0072 0.0325 0.4083 0.1224 
         210  1 0.2612 0.1387 0.0166 0.0117 0.0091 0.3239 0.2387 
         211  1 0.1736 0.4034 0.0087 0.0080 0.0059 0.1667 0.2336 
         212  1 0.2215 0.3166 0.0221 0.0124 0.0289 0.1753 0.2232 
         213  1 0.2535 0.2343 0.0172 0.0118 0.0112 0.3339 0.1382 
         214  1 0.3031 0.1425 0.0103 0.0082 0.0282 0.2650 0.2427 
         215  1 0.2121 0.2922 0.0132 0.0175 0.0085 0.1951 0.2614 
         216  1 0.2109 0.3545 0.0088 0.0177 0.0114 0.2340 0.1627 
         217  1 0.2886 0.1398 0.0067 0.0257 0.0295 0.1667 0.3432 
         218  1 0.2170 0.2397 0.0391 0.0124 0.0127 0.2902 0.1888 
         219  1 0.2694 0.0712 0.0060 0.0172 0.0038 0.2073 0.4251 
         220  1 0.1483 0.1056 0.3751 0.0109 0.0110 0.2117 0.1373 
         221  1 0.2044 0.3002 0.0238 0.0224 0.0190 0.1827 0.2476 
         222  1 0.2483 0.1580 0.0092 0.0938 0.0916 0.2078 0.1914 
         223  1 0.1743 0.2483 0.0056 0.1002 0.0233 0.2112 0.2371 
         224  1 0.2464 0.2594 0.0048 0.0104 0.0156 0.1955 0.2680 
         225  1 0.0999 0.1232 0.0076 0.2954 0.2749 0.0879 0.1111 
         226  1 0.1957 0.3584 0.0090 0.0090 0.0265 0.1542 0.2472 
         227  1 0.2767 0.2731 0.0082 0.0132 0.0061 0.2493 0.1734 
         228  1 0.2434 0.2140 0.0065 0.0803 0.0066 0.2268 0.2223 
         229  1 0.2383 0.1360 0.0228 0.0415 0.0162 0.3316 0.2136 
         230  1 0.1875 0.3674 0.0058 0.0078 0.0220 0.2352 0.1743 
         231  1 0.2865 0.0970 0.0060 0.0117 0.0071 0.0835 0.5081 
         232  1 0.2213 0.2956 0.0070 0.0096 0.0042 0.2143 0.2480 
         233  1 0.2719 0.0832 0.0156 0.0517 0.0098 0.0758 0.4920 
         234  1 0.2817 0.1611 0.0069 0.0597 0.0253 0.2141 0.2511 
         235  1 0.2960 0.1655 0.0084 0.0171 0.0092 0.3320 0.1718 
         236  1 0.2066 0.2605 0.0204 0.0125 0.0127 0.2023 0.2849 
         237  1 0.2649 0.1791 0.0326 0.0277 0.0215 0.2151 0.2591 
         238  1 0.2409 0.2584 0.0184 0.0075 0.0299 0.2721 0.1728 
         239  1 0.2940 0.1259 0.0164 0.0185 0.0089 0.2876 0.2487 
         240  1 0.1527 0.1137 0.1284 0.2901 0.0161 0.1953 0.1038 
         241  1 0.2341 0.2887 0.0096 0.0175 0.0061 0.1818 0.2622 
         242  1 0.2409 0.1636 0.0293 0.0174 0.0114 0.3236 0.2137 
         243  1 0.2155 0.1645 0.0096 0.0061 0.0119 0.3198 0.2727 
         244  1 0.1915 0.3586 0.0176 0.0109 0.0042 0.1091 0.3081 
         245  1 0.1692 0.0830 0.0123 0.0299 0.0135 0.6460 0.0461 
         246  1 0.1845 0.4255 0.0551 0.0104 0.0059 0.1619 0.1567 
         247  1 0.2880 0.1270 0.0050 0.0483 0.0288 0.3495 0.1534 
         248  1 0.2577 0.1388 0.0209 0.0135 0.0091 0.2008 0.3592 
         249  1 0.1872 0.2236 0.0054 0.0136 0.0078 0.4123 0.1502 
         250  1 0.2298 0.2601 0.0116 0.0120 0.0322 0.0910 0.3632 
         251  1 0.2294 0.2351 0.0229 0.0378 0.0061 0.2076 0.2610 
         252  1 0.2176 0.3029 0.0333 0.0054 0.0299 0.2493 0.1616 
         253  1 0.2734 0.1449 0.0603 0.0066 0.0094 0.2511 0.2543 
         254  1 0.2709 0.2540 0.0098 0.0130 0.0073 0.2707 0.1743 
         255  1 0.2574 0.1187 0.0499 0.0083 0.0057 0.3229 0.2371 
         256  1 0.2153 0.2762 0.0041 0.0270 0.0096 0.1263 0.3415 
         257  1 0.2583 0.1528 0.0247 0.0173 0.0178 0.1752 0.3538 
         258  1 0.2197 0.3165 0.0045 0.0148 0.0057 0.2842 0.1547 
         259  1 0.2947 0.1329 0.0082 0.0200 0.0053 0.2285 0.3104 
         260  1 0.2788 0.1856 0.0079 0.0237 0.0195 0.2183 0.2661 
         261  1 0.2023 0.0826 0.0094 0.0168 0.0067 0.4913 0.1910 
         262  1 0.2847 0.2098 0.0065 0.0081 0.0066 0.2971 0.1872 
         263  1 0.2470 0.0886 0.0100 0.0054 0.1367 0.2790 0.2334 
         264  1 0.2811 0.0921 0.0135 0.0137 0.0264 0.4579 0.1153 
         265  1 0.2152 0.0860 0.0115 0.0146 0.0226 0.5813 0.0687 
         266  1 0.3063 0.1072 0.0224 0.0293 0.0093 0.3288 0.1968 
         267  1 0.2402 0.1198 0.1201 0.1051 0.0121 0.2739 0.1288 
         268  1 0.1476 0.1662 0.2967 0.0350 0.0581 0.1899 0.1065 
         269  1 0.1582 0.2082 0.0227 0.2614 0.0134 0.1971 0.1391 
         270  1 0.1632 0.4425 0.0215 0.0097 0.0059 0.2102 0.1470 
         271  1 0.2503 0.1639 0.0498 0.0175 0.0308 0.2680 0.2196 
         272  1 0.0877 0.1050 0.0096 0.6046 0.0151 0.0873 0.0906 
         273  1 0.2148 0.2282 0.0045 0.0325 0.0237 0.2776 0.2188 
         274  1 0.2471 0.2214 0.0264 0.0327 0.0248 0.2093 0.2382 
         275  1 0.2338 0.1892 0.0259 0.0204 0.0084 0.2796 0.2427 
         276  1 0.1875 0.2702 0.0095 0.0686 0.1090 0.1553 0.1999 
         277  1 0.2649 0.1384 0.0058 0.0177 0.0127 0.1707 0.3898 
         278  1 0.2133 0.1853 0.0845 0.0111 0.0879 0.2478 0.1700 
         279  1 0.1767 0.3991 0.0225 0.0163 0.0247 0.2147 0.1462 
         280  1 0.1918 0.3097 0.0129 0.0299 0.0054 0.1514 0.2990 
         281  1 0.2722 0.2279 0.0321 0.0066 0.0041 0.2821 0.1750 
         282  1 0.2131 0.2564 0.0111 0.0275 0.0513 0.2584 0.1822 
         283  1 0.1953 0.1420 0.0143 0.0168 0.2339 0.1863 0.2116 
         284  1 0.2218 0.2260 0.0080 0.0259 0.0420 0.2641 0.2122 
         285  1 0.2599 0.0942 0.0519 0.0164 0.0180 0.4242 0.1354 
         286  1 0.2680 0.1380 0.0118 0.0137 0.0095 0.1326 0.4265 
         287  1 0.2478 0.1631 0.0557 0.0136 0.0118 0.1219 0.3860 
         288  1 0.2638 0.1451 0.0183 0.0260 0.0138 0.1785 0.3544 
         289  1 0.3086 0.1126 0.0044 0.0188 0.0103 0.2794 0.2658 
         290  1 0.2473 0.2365 0.0234 0.0164 0.0080 0.2690 0.1993 
         291  1 0.3013 0.1006 0.0198 0.0067 0.0172 0.1478 0.4065 
         292  1 0.2233 0.2074 0.0205 0.1414 0.0310 0.2099 0.1666 
         293  1 0.1227 0.5368 0.0121 0.0308 0.0084 0.1138 0.1753 
         294  1 0.1913 0.1751 0.1698 0.0059 0.0876 0.1562 0.2142 
         295  1 0.2126 0.2382 0.0330 0.0702 0.0097 0.1210 0.3152 
         296  1 0.2081 0.3055 0.0085 0.0390 0.0428 0.2143 0.1819 
         297  1 0.2261 0.2820 0.0098 0.0224 0.0588 0.2129 0.1881 
         298  1 0.2583 0.2504 0.0112 0.0049 0.0071 0.2100 0.2580 
         299  1 0.2428 0.2223 0.0231 0.0096 0.0280 0.3168 0.1574 
         300  1 0.2557 0.2447 0.0121 0.0554 0.0178 0.3263 0.0880 
         301  1 0.2205 0.2318 0.1076 0.0088 0.0053 0.0991 0.3268 
         302  1 0.2508 0.1652 0.0060 0.0066 0.0101 0.1440 0.4174 
         303  1 0.2480 0.1695 0.0078 0.0090 0.0697 0.2936 0.2023 
         304  1 0.2071 0.3387 0.0040 0.0090 0.0086 0.1679 0.2648 
         305  1 0.1949 0.2972 0.0276 0.0122 0.0066 0.2064 0.2551 
         306  1 0.2036 0.3464 0.0088 0.0076 0.0083 0.2654 0.1601 
         307  1 0.1967 0.2796 0.0150 0.0408 0.0271 0.3079 0.1328 
         308  1 0.1979 0.4007 0.0165 0.0096 0.0070 0.2131 0.1552 
         309  1 0.2018 0.3305 0.0076 0.0377 0.0420 0.2186 0.1618 
         310  1 0.1593 0.3434 0.0078 0.0085 0.1108 0.1999 0.1703 
         311  1 0.1465 0.4896 0.0070 0.0106 0.0181 0.1439 0.1843 
         312  1 0.2506 0.0762 0.0812 0.0811 0.0285 0.1307 0.3518 
         313  1 0.2268 0.2843 0.0050 0.0413 0.0062 0.1967 0.2397 
         314  1 0.1961 0.1615 0.0893 0.1017 0.0538 0.2319 0.1656 
         315  1 0.1851 0.3912 0.0109 0.0383 0.0085 0.2340 0.1319 
         316  1 0.1874 0.1505 0.0078 0.0709 0.0858 0.3678 0.1299 
         317  1 0.2660 0.1753 0.0250 0.0188 0.0288 0.1728 0.3133 
         318  1 0.1839 0.3529 0.0057 0.0778 0.0210 0.1848 0.1740 
         319  1 0.2007 0.1105 0.0070 0.0979 0.1707 0.1835 0.2296 
         320  1 0.1668 0.1592 0.2404 0.0130 0.0580 0.1501 0.2124 
         321  1 0.2622 0.1807 0.0112 0.0219 0.0052 0.3818 0.1370 
         322  1 0.1966 0.3114 0.0392 0.0249 0.0168 0.1651 0.2460 
         323  1 0.2794 0.1387 0.0255 0.0122 0.0117 0.2913 0.2411 
         324  1 0.2373 0.2455 0.0076 0.0185 0.0066 0.2907 0.1938 
         325  1 0.1626 0.3400 0.0316 0.0719 0.0280 0.2114 0.1545 
         326  1 0.2204 0.3589 0.0038 0.0069 0.0067 0.2033 0.2000 
         327  1 0.2076 0.3144 0.0101 0.0635 0.0050 0.1861 0.2134 
         328  1 0.2210 0.2942 0.0348 0.0134 0.0173 0.2338 0.1856 
         329  1 0.2186 0.3205 0.0265 0.0132 0.0168 0.1485 0.2558 
         330  1 0.2084 0.0821 0.0214 0.2850 0.0046 0.0807 0.3179 
         331  1 0.1660 0.2876 0.0158 0.1639 0.0054 0.1898 0.1715 
         332  1 0.1330 0.5036 0.0038 0.0076 0.0093 0.1487 0.1941 
         333  1 0.2863 0.1531 0.0093 0.0067 0.0113 0.1762 0.3570 
         334  1 0.2296 0.1397 0.0239 0.1595 0.0054 0.3563 0.0856 
         335  1 0.2449 0.1488 0.0543 0.0187 0.0073 0.2839 0.2421 
         336  1 0.0048 0.0051 0.0052 0.9706 0.0042 0.0049 0.0052 
         337  1 0.0616 0.0531 0.0154 0.7241 0.0396 0.0606 0.0457 
         338  1 0.0047 0.0044 0.0147 0.9640 0.0032 0.0043 0.0048 
         339  1 0.0034 0.0034 0.0030 0.9801 0.0034 0.0034 0.0033 
         340  1 0.0058 0.0062 0.0037 0.9613 0.0107 0.0065 0.0057 
         341  1 0.2816 0.1832 0.0094 0.0124 0.0067 0.2702 0.2366 
         342  1 0.0032 0.0029 0.0027 0.9820 0.0030 0.0032 0.0031 
         343  1 0.0083 0.0090 0.0076 0.9496 0.0090 0.0085 0.0080 
         344  1 0.0057 0.0061 0.0059 0.9645 0.0060 0.0058 0.0061 
         345  1 0.0080 0.0091 0.0047 0.9481 0.0133 0.0084 0.0083 
         346  1 0.0056 0.0050 0.0054 0.9666 0.0073 0.0053 0.0048 
         347  1 0.0079 0.0074 0.0049 0.9565 0.0093 0.0074 0.0067 
         348  1 0.0183 0.0214 0.0426 0.8718 0.0097 0.0180 0.0183 
         349  1 0.0030 0.0031 0.0031 0.9816 0.0031 0.0030 0.0031 
         350  1 0.0219 0.0335 0.0359 0.8578 0.0046 0.0240 0.0224 
         351  1 0.0059 0.0060 0.0041 0.9581 0.0147 0.0053 0.0060 
         352  1 0.1499 0.4269 0.0096 0.0198 0.0054 0.1397 0.2487 
         353  1 0.0050 0.0055 0.0041 0.9699 0.0055 0.0049 0.0051 
         354  1 0.0050 0.0054 0.0043 0.9686 0.0060 0.0054 0.0054 
         355  1 0.0063 0.0063 0.0052 0.9620 0.0086 0.0058 0.0058 
         356  1 0.2831 0.1892 0.0206 0.0173 0.0085 0.3097 0.1716 
         357  1 0.1393 0.3134 0.0139 0.0785 0.1522 0.1158 0.1870 
         358  1 0.2504 0.1860 0.0245 0.0114 0.0099 0.2035 0.3143 
         359  1 0.3057 0.1256 0.0094 0.0243 0.0239 0.2885 0.2225 
         360  1 0.1257 0.4384 0.0304 0.0275 0.0514 0.1660 0.1607 
         361  1 0.1525 0.1612 0.0171 0.2483 0.1380 0.1540 0.1289 
         362  1 0.2855 0.1157 0.0290 0.0109 0.0051 0.1527 0.4012 
         363  1 0.1660 0.4204 0.0060 0.0564 0.0066 0.1397 0.2048 
         364  1 0.2229 0.3110 0.0053 0.0104 0.0060 0.3117 0.1327 
         365  1 0.1685 0.4007 0.0090 0.1112 0.0072 0.1810 0.1223 
         366  1 0.2156 0.3125 0.0074 0.0252 0.0055 0.1707 0.2629 
         367  1 0.2471 0.2143 0.0282 0.0151 0.0149 0.2196 0.2608 
         368  1 0.2636 0.1700 0.0120 0.0148 0.0105 0.1583 0.3708 
         369  1 0.1440 0.5159 0.0116 0.0257 0.0047 0.1367 0.1615 
         370  1 0.1732 0.2592 0.0063 0.1084 0.0479 0.1687 0.2363 
         371  1 0.1998 0.3371 0.0099 0.0213 0.0467 0.1456 0.2396 
         372  1 0.1840 0.2338 0.0077 0.1419 0.0426 0.2835 0.1065 
         373  1 0.2206 0.2539 0.0121 0.0133 0.0158 0.2371 0.2472 
         374  1 0.2030 0.2214 0.1236 0.0219 0.0465 0.1842 0.1995 
         375  1 0.1955 0.3973 0.0040 0.0212 0.0216 0.1846 0.1759 
         376  1 0.2176 0.2878 0.0111 0.0237 0.0140 0.2063 0.2395 
         377  1 0.2466 0.3148 0.0132 0.0096 0.0101 0.2278 0.1780 
         378  1 0.1638 0.3062 0.0224 0.1084 0.0087 0.1026 0.2880 
         379  1 0.2254 0.2976 0.0075 0.0194 0.0123 0.2155 0.2222 
         380  1 0.2883 0.1825 0.0068 0.0110 0.0161 0.2898 0.2056 
         381  1 0.1718 0.4075 0.0155 0.0204 0.0116 0.1650 0.2082 
         382  1 0.2465 0.1520 0.0069 0.0172 0.0245 0.4017 0.1511 
         383  1 0.2060 0.3169 0.0470 0.0061 0.0146 0.2230 0.1863 
         384  1 0.2400 0.2953 0.0111 0.0332 0.0129 0.2063 0.2013 
         385  1 0.2700 0.1609 0.0031 0.0170 0.0045 0.4113 0.1332 
         386  1 0.1707 0.3818 0.0289 0.0133 0.0098 0.1599 0.2356 
         387  1 0.2408 0.2219 0.0050 0.0532 0.0079 0.2045 0.2667 
         388  1 0.2602 0.1861 0.0157 0.0335 0.0119 0.1660 0.3266 
         389  1 0.2669 0.1824 0.0218 0.0668 0.0066 0.2722 0.1834 
         390  1 0.1579 0.3132 0.0352 0.0424 0.0041 0.3038 0.1434 
         391  1 0.1796 0.3621 0.0074 0.0079 0.0062 0.2747 0.1622 
         392  1 0.2575 0.1627 0.0041 0.0074 0.0139 0.0975 0.4569 
         393  1 0.2184 0.2943 0.0278 0.0178 0.0071 0.2941 0.1405 
         394  1 0.2721 0.1642 0.0064 0.0092 0.0069 0.1467 0.3945 
         395  1 0.2754 0.0797 0.0069 0.0053 0.0055 0.1026 0.5245 
         396  1 0.2586 0.2574 0.0098 0.0133 0.0060 0.2313 0.2237 
         397  1 0.2469 0.1596 0.0088 0.0152 0.0074 0.2075 0.3546 
         398  1 0.1169 0.1099 0.4308 0.0873 0.0217 0.1017 0.1318 
         399  1 0.2619 0.1986 0.0142 0.0163 0.0112 0.3045 0.1934 
         400  1 0.2377 0.2040 0.0188 0.0112 0.0315 0.2878 0.2090 
         401  1 0.2795 0.1013 0.0148 0.0089 0.0077 0.1244 0.4633 
         402  1 0.2614 0.1984 0.0062 0.0047 0.0157 0.1540 0.3596 
         403  1 0.1510 0.4698 0.0111 0.0097 0.0065 0.1729 0.1790 
         404  1 0.2344 0.2055 0.0061 0.0587 0.0211 0.1818 0.2925 
         405  1 0.1569 0.3975 0.0416 0.0244 0.0091 0.1277 0.2428 
         406  1 0.2370 0.2689 0.0073 0.0248 0.0471 0.1998 0.2150 
         407  1 0.3005 0.1870 0.0079 0.0189 0.0130 0.3397 0.1331 
         408  1 0.2864 0.1170 0.0107 0.0108 0.0078 0.1392 0.4280 
         409  1 0.2507 0.2134 0.0107 0.0155 0.0213 0.3014 0.1869 
         410  1 0.2297 0.3163 0.0126 0.0073 0.0086 0.2565 0.1690 
         411  1 0.2406 0.2581 0.0074 0.0378 0.0298 0.2224 0.2038 
         412  1 0.2672 0.2349 0.0082 0.0070 0.0130 0.3181 0.1516 
         413  1 0.2229 0.3154 0.0100 0.0048 0.0058 0.1748 0.2662 
         414  1 0.2586 0.2383 0.0071 0.0217 0.0187 0.1277 0.3279 
         415  1 0.2585 0.2291 0.0386 0.0129 0.0071 0.2993 0.1545 
         416  1 0.2855 0.1778 0.0082 0.0103 0.0097 0.2149 0.2935 
         417  1 0.1890 0.3771 0.0283 0.0155 0.0120 0.1730 0.2050 
         418  1 0.2052 0.3505 0.0231 0.0529 0.0056 0.2262 0.1365 
         419  1 0.2140 0.3062 0.0436 0.0189 0.0110 0.1563 0.2500 
         420  1 0.1928 0.2065 0.1915 0.0067 0.0071 0.1361 0.2593 
         421  1 0.2362 0.2526 0.0456 0.0153 0.0095 0.3241 0.1167 
         422  1 0.1559 0.2941 0.0666 0.0363 0.1243 0.1638 0.1591 
         423  1 0.2893 0.1845 0.0042 0.0199 0.0148 0.2063 0.2810 
         424  1 0.2137 0.3048 0.0108 0.0102 0.0156 0.1561 0.2888 
         425  1 0.1857 0.3692 0.0056 0.0096 0.0078 0.1477 0.2744 
         426  1 0.2085 0.3228 0.0076 0.0329 0.0378 0.1540 0.2363 
         427  1 0.2457 0.1911 0.0091 0.0048 0.0052 0.2672 0.2768 
         428  1 0.2196 0.2117 0.0102 0.0094 0.0062 0.2575 0.2854 
         429  1 0.2345 0.1345 0.0042 0.0058 0.0132 0.5109 0.0969 
         430  1 0.1705 0.1148 0.0145 0.0617 0.3452 0.1652 0.1281 
         431  1 0.2981 0.0955 0.0077 0.0083 0.0070 0.3012 0.2822 
         432  1 0.2663 0.1593 0.0066 0.0684 0.0087 0.1599 0.3308 
         433  1 0.2088 0.3732 0.0062 0.0267 0.0252 0.2253 0.1346 
         434  1 0.3015 0.1790 0.0135 0.0346 0.0078 0.2689 0.1946 
         435  1 0.1709 0.4212 0.0172 0.0052 0.0097 0.1917 0.1842 
         436  1 0.2035 0.2920 0.0727 0.0049 0.0085 0.2630 0.1554 
         437  1 0.1791 0.1939 0.0705 0.0135 0.2082 0.1904 0.1444 
         438  1 0.2551 0.3094 0.0053 0.0055 0.0402 0.2688 0.1157 
         439  1 0.2035 0.2444 0.0104 0.0899 0.0177 0.2519 0.1821 
         440  1 0.1640 0.4132 0.0296 0.0358 0.0049 0.1830 0.1695 
         441  1 0.2346 0.1194 0.0175 0.0061 0.0492 0.4300 0.1431 
         442  1 0.1816 0.2171 0.0300 0.0080 0.2116 0.2351 0.1167 
         443  1 0.2253 0.2185 0.0097 0.1101 0.0208 0.2685 0.1471 
         444  1 0.2495 0.1996 0.0173 0.0252 0.0144 0.3659 0.1281 
         445  1 0.1889 0.4066 0.0064 0.0251 0.0084 0.2191 0.1455 
         446  1 0.2042 0.2691 0.0117 0.0350 0.0121 0.1640 0.3039 
         447  1 0.1774 0.3831 0.0237 0.0257 0.0084 0.1568 0.2250 
         448  1 0.1145 0.3845 0.0944 0.0316 0.0621 0.1061 0.2067 
         449  1 0.2882 0.1092 0.0241 0.0136 0.0091 0.0829 0.4729 
         450  1 0.0708 0.0892 0.0624 0.5789 0.0636 0.0472 0.0879 
         451  1 0.1837 0.3127 0.0699 0.0436 0.0049 0.1809 0.2042 
         452  1 0.2336 0.2484 0.0082 0.0149 0.0156 0.3616 0.1177 
         453  1 0.2201 0.2738 0.0421 0.0097 0.0101 0.2111 0.2330 
         454  1 0.2296 0.1852 0.0158 0.0113 0.0556 0.3414 0.1610 
         455  1 0.2816 0.1809 0.0047 0.0068 0.0097 0.2343 0.2820 
         456  1 0.2599 0.1923 0.0085 0.0626 0.0130 0.2548 0.2088 
         457  1 0.2968 0.1644 0.0099 0.0075 0.0050 0.3578 0.1586 
         458  1 0.2176 0.1502 0.0128 0.1604 0.0154 0.3195 0.1241 
         459  1 0.1764 0.3900 0.0153 0.0284 0.0370 0.2092 0.1436 
         460  1 0.2691 0.1161 0.0191 0.0076 0.0543 0.1288 0.4050 
         461  1 0.2530 0.1664 0.0550 0.0329 0.0339 0.1758 0.2830 
         462  1 0.2593 0.2166 0.0087 0.0069 0.0076 0.1400 0.3609 
         463  1 0.1629 0.4001 0.0219 0.0346 0.0319 0.1791 0.1695 
         464  1 0.2597 0.1645 0.0366 0.0095 0.0112 0.1217 0.3969 
         465  1 0.1799 0.3328 0.0156 0.0444 0.0665 0.2054 0.1554 
         466  1 0.1612 0.1422 0.0506 0.1827 0.1592 0.1288 0.1754 
         467  1 0.2899 0.1201 0.0142 0.0092 0.0138 0.1955 0.3572 
         468  1 0.1405 0.4857 0.0078 0.0317 0.0073 0.1127 0.2143 
         469  1 0.1672 0.4614 0.0071 0.0078 0.0066 0.1314 0.2184 
         470  1 0.2631 0.1548 0.0105 0.0111 0.0509 0.1900 0.3196 
         471  1 0.2733 0.2101 0.0057 0.0066 0.0057 0.1865 0.3122 
         472  1 0.2602 0.1161 0.0179 0.0058 0.0330 0.2175 0.3495 
         473  1 0.2874 0.1689 0.0097 0.0471 0.0148 0.3087 0.1634 
         474  1 0.2653 0.1645 0.0049 0.0164 0.0070 0.2574 0.2845 
         475  1 0.3296 0.0743 0.0070 0.0073 0.0046 0.1987 0.3787 
         476  1 0.2414 0.2547 0.0117 0.0088 0.0051 0.2930 0.1855 
         477  1 0.2184 0.2633 0.0097 0.0318 0.0510 0.1981 0.2277 
         478  1 0.2188 0.2073 0.0106 0.0539 0.0744 0.1870 0.2480 
         479  1 0.2367 0.1543 0.1098 0.0148 0.0060 0.1080 0.3703 
         480  1 0.2419 0.2571 0.0171 0.0064 0.0086 0.1755 0.2933 
         481  1 0.2045 0.1969 0.0159 0.0243 0.0110 0.4121 0.1352 
         482  1 0.1372 0.4753 0.0092 0.0235 0.0052 0.1434 0.2061 
         483  1 0.2042 0.2191 0.0094 0.0065 0.0149 0.3863 0.1596 
         484  1 0.2307 0.1266 0.0941 0.1413 0.0061 0.1621 0.2391 
         485  1 0.0423 0.0500 0.0375 0.3507 0.4455 0.0411 0.0330 
         486  1 0.2449 0.2244 0.0371 0.0428 0.0082 0.3150 0.1278 
         487  1 0.2040 0.3165 0.0070 0.0208 0.0084 0.1598 0.2835 
         488  1 0.1947 0.3331 0.0533 0.0297 0.0212 0.1566 0.2114 
         489  1 0.2384 0.2554 0.0327 0.0082 0.0078 0.2162 0.2413 
         490  1 0.1378 0.3178 0.0194 0.2256 0.0124 0.1536 0.1334 
         491  1 0.2413 0.1917 0.0082 0.0272 0.0066 0.1524 0.3727 
         492  1 0.2480 0.2460 0.0085 0.0117 0.0146 0.2097 0.2614 
         493  1 0.2108 0.3271 0.0085 0.0104 0.0036 0.2087 0.2310 
         494  1 0.2596 0.3005 0.0066 0.0129 0.0081 0.2411 0.1712 
         495  1 0.2569 0.2468 0.0157 0.0115 0.0205 0.2727 0.1761 
         496  1 0.1859 0.2799 0.0119 0.0089 0.0887 0.2954 0.1292 
         497  1 0.2246 0.2255 0.0091 0.0919 0.0084 0.1385 0.3020 
         498  1 0.2536 0.2411 0.0125 0.0221 0.0117 0.2614 0.1976 
         499  1 0.2993 0.0972 0.0095 0.0065 0.0054 0.1679 0.4141 
         500  1 0.2651 0.1939 0.0061 0.0136 0.0094 0.1746 0.3372 
         501  1 0.1898 0.2882 0.0068 0.0307 0.0107 0.2850 0.1889 
         502  1 0.2641 0.1044 0.0967 0.0078 0.0515 0.1846 0.2909 
         503  1 0.2497 0.2211 0.0040 0.0116 0.0068 0.1164 0.3905 
         504  1 0.1908 0.3166 0.0181 0.0343 0.0074 0.1750 0.2577 
         505  1 0.1947 0.3388 0.0054 0.0271 0.0822 0.2426 0.1091 
         506  1 0.2335 0.2088 0.0478 0.0141 0.0216 0.1909 0.2833 
         507  1 0.2024 0.2863 0.0331 0.0572 0.1008 0.2052 0.1149 
         508  1 0.2882 0.1540 0.0069 0.0105 0.0096 0.1940 0.3368 
         509  1 0.2436 0.1037 0.0067 0.0064 0.0041 0.5194 0.1162 
         510  1 0.2836 0.0954 0.0482 0.0472 0.0060 0.1744 0.3452 
         511  1 0.2479 0.1979 0.0307 0.0159 0.0101 0.2469 0.2504 
         512  1 0.1650 0.4841 0.0079 0.0164 0.0099 0.1328 0.1839 
         513  1 0.2437 0.1937 0.0080 0.0072 0.0119 0.2584 0.2771 
         514  1 0.1610 0.4186 0.0079 0.0182 0.0189 0.1655 0.2099 
         515  1 0.2642 0.1245 0.0107 0.0390 0.0059 0.2039 0.3518 
         516  1 0.2696 0.0765 0.0057 0.0427 0.0245 0.1402 0.4408 
         517  1 0.2614 0.1680 0.0036 0.0381 0.0281 0.0877 0.4130 
         518  1 0.2165 0.1536 0.0129 0.0912 0.1439 0.1984 0.1834 
         519  1 0.1618 0.2202 0.1658 0.0370 0.0400 0.1505 0.2247 
         520  1 0.2409 0.2333 0.0124 0.0080 0.0135 0.2843 0.2078 
         521  1 0.2293 0.1944 0.0344 0.0317 0.0070 0.1339 0.3693 
         522  1 0.1032 0.1250 0.5325 0.0235 0.0099 0.1158 0.0902 
         523  1 0.2436 0.1866 0.0094 0.0290 0.0182 0.2986 0.2146 
         524  1 0.2328 0.3059 0.0051 0.0180 0.0046 0.2220 0.2116 
         525  1 0.2649 0.2023 0.0055 0.0099 0.0103 0.1651 0.3421 
         526  1 0.1365 0.4186 0.0126 0.0449 0.0175 0.1316 0.2383 
         527  1 0.3056 0.1265 0.0210 0.0059 0.0070 0.2336 0.3004 
         528  1 0.2574 0.1669 0.0038 0.0056 0.0081 0.0993 0.4589 
         529  1 0.1883 0.1025 0.3047 0.0067 0.0135 0.0895 0.2947 
         530  1 0.1267 0.5242 0.0191 0.0312 0.0437 0.1379 0.1173 
         531  1 0.2705 0.1781 0.0330 0.0190 0.0073 0.2192 0.2730 
         532  1 0.1765 0.1686 0.1344 0.0979 0.0131 0.2068 0.2027 
         533  1 0.2265 0.2315 0.0159 0.0365 0.0111 0.1877 0.2908 
         534  1 0.2348 0.1440 0.0099 0.1506 0.0524 0.1383 0.2699 
         535  1 0.2463 0.2733 0.0085 0.0128 0.0162 0.2452 0.1977 
         536  1 0.2665 0.2648 0.0239 0.0111 0.0119 0.2252 0.1966 
         537  1 0.2108 0.2059 0.0271 0.1429 0.0394 0.1903 0.1836 
         538  1 0.2806 0.1778 0.0053 0.0517 0.0039 0.3269 0.1538 
         539  1 0.2003 0.2875 0.0056 0.0761 0.0135 0.1508 0.2662 
         540  1 0.2185 0.3764 0.0139 0.0130 0.0087 0.1665 0.2029 
         541  1 0.2800 0.1071 0.0882 0.0087 0.0097 0.1297 0.3766 
         542  1 0.1809 0.3135 0.0541 0.0278 0.0091 0.1824 0.2323 
         543  1 0.2452 0.2560 0.0100 0.0092 0.0039 0.3505 0.1252 
         544  1 0.1568 0.2658 0.0567 0.1231 0.0421 0.1951 0.1605 
         545  1 0.1150 0.3470 0.0279 0.2106 0.0293 0.1283 0.1419 
         546  1 0.2872 0.1793 0.0105 0.0148 0.0182 0.2705 0.2196 
         547  1 0.2174 0.3204 0.0160 0.0075 0.0077 0.1615 0.2696 
         548  1 0.1864 0.3892 0.0145 0.0282 0.0059 0.1956 0.1801 
         549  1 0.1906 0.3045 0.0180 0.1000 0.0234 0.0942 0.2693 
         550  1 0.2664 0.1367 0.0048 0.0104 0.0056 0.2952 0.2810 
         551  1 0.2738 0.1947 0.0538 0.0149 0.0058 0.2816 0.1754 
         552  1 0.2574 0.1596 0.0070 0.0188 0.0036 0.0760 0.4776 
         553  1 0.2918 0.0737 0.0080 0.0135 0.0212 0.0776 0.5143 
         554  1 0.1905 0.3488 0.0126 0.0085 0.0342 0.2682 0.1373 
         555  1 0.2653 0.2547 0.0081 0.0147 0.0229 0.1760 0.2584 
         556  1 0.1918 0.2530 0.0119 0.0882 0.0196 0.1323 0.3033 
         557  1 0.2728 0.1440 0.0112 0.0252 0.0090 0.1470 0.3908 
         558  1 0.2826 0.1645 0.0086 0.0174 0.0063 0.1231 0.3974 
         559  1 0.2275 0.1606 0.0050 0.0173 0.0297 0.4484 0.1115 
         560  1 0.1784 0.3967 0.0062 0.0329 0.0186 0.1778 0.1893 
         561  1 0.1664 0.2630 0.0105 0.2044 0.0126 0.2294 0.1138 
         562  1 0.2025 0.3520 0.0061 0.0085 0.0096 0.1696 0.2517 
         563  1 0.2191 0.2939 0.0081 0.0070 0.0075 0.1920 0.2725 
         564  1 0.1952 0.1935 0.0064 0.0102 0.2441 0.2031 0.1474 
         565  1 0.2484 0.2387 0.0232 0.0219 0.0084 0.2118 0.2476 
         566  1 0.2033 0.3058 0.0262 0.0056 0.0194 0.2170 0.2226 
         567  1 0.2373 0.2362 0.0813 0.0081 0.0099 0.2330 0.1942 
         568  1 0.2676 0.1610 0.0185 0.0090 0.0325 0.3604 0.1511 
         569  1 0.2805 0.0940 0.0079 0.0125 0.0043 0.1462 0.4547 
         570  1 0.2585 0.2078 0.0128 0.0179 0.0057 0.2080 0.2892 
         571  1 0.2266 0.2989 0.0599 0.0058 0.0073 0.2745 0.1269 
         572  1 0.2847 0.1383 0.0105 0.0085 0.0091 0.1447 0.4043 
         573  1 0.2119 0.1189 0.0110 0.0918 0.2045 0.2074 0.1546 
         574  1 0.1961 0.1765 0.0182 0.0189 0.0258 0.3791 0.1854 
         575  1 0.2270 0.2867 0.0057 0.0256 0.0164 0.1407 0.2979 
         576  1 0.2712 0.1372 0.0061 0.0114 0.0419 0.0760 0.4562 
         577  1 0.2230 0.1756 0.0144 0.0511 0.0553 0.2813 0.1994 
         578  1 0.1784 0.2068 0.0278 0.0059 0.2279 0.1221 0.2310 
         579  1 0.2000 0.3220 0.0057 0.0144 0.0253 0.2026 0.2301 
         580  1 0.2366 0.1685 0.0422 0.0042 0.0077 0.1699 0.3709 
         581  1 0.2268 0.3134 0.0036 0.0052 0.0060 0.0972 0.3478 
         582  1 0.2139 0.1864 0.0366 0.0632 0.0916 0.2552 0.1531 
         583  1 0.1833 0.2212 0.0662 0.0377 0.1024 0.1701 0.2192 
         584  1 0.1869 0.2679 0.0128 0.0838 0.0142 0.1894 0.2450 
         585  1 0.1779 0.2412 0.1135 0.0557 0.0212 0.1627 0.2279 
         586  1 0.2223 0.1996 0.0148 0.0671 0.0107 0.3148 0.1708 
         587  1 0.2416 0.2334 0.0054 0.0402 0.0107 0.1778 0.2909 
         588  1 0.2283 0.2157 0.0202 0.0070 0.0244 0.3075 0.1969 
         589  1 0.2585 0.1316 0.0184 0.0045 0.0383 0.4076 0.1411 
         590  1 0.2118 0.2536 0.0134 0.0826 0.0178 0.2887 0.1321 
         591  1 0.1905 0.2912 0.0645 0.0045 0.0060 0.2431 0.2003 
         592  1 0.3278 0.1351 0.0078 0.0112 0.0162 0.3799 0.1220 
         593  1 0.2862 0.0970 0.0061 0.0061 0.0162 0.1127 0.4757 
         594  1 0.2339 0.1955 0.0062 0.0254 0.0264 0.2960 0.2166 
         595  1 0.0704 0.0563 0.7016 0.0180 0.0135 0.0608 0.0794 
         596  1 0.2123 0.2809 0.0238 0.0172 0.0133 0.2478 0.2048 
         597  1 0.2192 0.2521 0.0290 0.0480 0.0180 0.1655 0.2683 
         598  1 0.1998 0.2212 0.0052 0.1841 0.0066 0.1184 0.2646 
         599  1 0.2038 0.3753 0.0205 0.0147 0.0382 0.2303 0.1172 
         600  1 0.1540 0.4311 0.0519 0.0185 0.0350 0.1513 0.1583 
         601  1 0.1952 0.1786 0.0058 0.0807 0.1204 0.2212 0.1982 
         602  1 0.2136 0.2664 0.0124 0.0144 0.0502 0.2831 0.1598 
         603  1 0.2186 0.3110 0.0434 0.0102 0.0110 0.1213 0.2845 
         604  1 0.2742 0.1293 0.0228 0.0063 0.0113 0.3188 0.2372 
         605  1 0.2741 0.1005 0.0149 0.0823 0.0078 0.2862 0.2342 
         606  1 0.1915 0.3380 0.0303 0.0180 0.0161 0.2007 0.2054 
