           1  1 0.1132 0.6237 0.0088 0.2543 
           2  1 0.7349 0.0104 0.0067 0.2480 
           3  1 0.3773 0.2064 0.0101 0.4062 
           4  1 0.5118 0.0321 0.0073 0.4488 
           5  1 0.8385 0.0220 0.0546 0.0849 
           6  1 0.7405 0.0508 0.0300 0.1787 
           7  1 0.7454 0.0072 0.0084 0.2390 
           8  1 0.7701 0.0794 0.0058 0.1447 
           9  1 0.3601 0.2236 0.0114 0.4050 
          10  1 0.3105 0.1218 0.0865 0.4811 
          11  1 0.5024 0.0225 0.0116 0.4635 
          12  1 0.5292 0.0125 0.0052 0.4531 
          13  1 0.3604 0.0155 0.0080 0.6160 
          14  1 0.4017 0.0237 0.0111 0.5636 
          15  1 0.0776 0.7128 0.0127 0.1969 
          16  1 0.5697 0.0249 0.0088 0.3966 
          17  1 0.6401 0.1115 0.0309 0.2174 
          18  1 0.5344 0.1959 0.0137 0.2559 
          19  1 0.1935 0.5781 0.0120 0.2164 
          20  1 0.5888 0.0313 0.2975 0.0823 
          21  1 0.5223 0.0774 0.0548 0.3455 
          22  1 0.2910 0.0545 0.0071 0.6473 
          23  1 0.8342 0.0451 0.0145 0.1062 
          24  1 0.6373 0.0825 0.0721 0.2081 
          25  1 0.3288 0.2520 0.0338 0.3853 
          26  1 0.4116 0.0440 0.0057 0.5386 
          27  1 0.6889 0.0444 0.0097 0.2571 
          28  1 0.2694 0.3932 0.1789 0.1585 
          29  1 0.3401 0.0153 0.0504 0.5941 
          30  1 0.1342 0.0081 0.0043 0.8533 
          31  1 0.6494 0.0153 0.0095 0.3258 
          32  1 0.8600 0.0123 0.0062 0.1215 
          33  1 0.9257 0.0416 0.0063 0.0264 
          34  1 0.4152 0.1738 0.0213 0.3896 
          35  1 0.7318 0.0192 0.0113 0.2376 
          36  1 0.9099 0.0118 0.0069 0.0714 
          37  1 0.3715 0.0401 0.1037 0.4847 
          38  1 0.7842 0.1206 0.0087 0.0865 
          39  1 0.0347 0.9141 0.0106 0.0406 
          40  1 0.6195 0.0210 0.0183 0.3411 
          41  1 0.6633 0.0618 0.0142 0.2608 
          42  1 0.7291 0.0453 0.0216 0.2040 
          43  1 0.5401 0.2575 0.0119 0.1905 
          44  1 0.5603 0.0135 0.0449 0.3813 
          45  1 0.3532 0.0333 0.0050 0.6085 
          46  1 0.5090 0.0312 0.0150 0.4448 
          47  1 0.4724 0.0307 0.0552 0.4416 
          48  1 0.7497 0.0276 0.0460 0.1767 
          49  1 0.2065 0.3176 0.0250 0.4509 
          50  1 0.5180 0.0285 0.0086 0.4449 
          51  1 0.6904 0.0237 0.0061 0.2799 
          52  1 0.8267 0.0090 0.0060 0.1583 
          53  1 0.7486 0.0394 0.0079 0.2041 
          54  1 0.5836 0.0282 0.1259 0.2623 
          55  1 0.4459 0.2025 0.0178 0.3338 
          56  1 0.3810 0.0309 0.0247 0.5634 
          57  1 0.5696 0.0390 0.0082 0.3833 
          58  1 0.2802 0.0177 0.0334 0.6686 
          59  1 0.7824 0.0131 0.0066 0.1980 
          60  1 0.3476 0.0345 0.0178 0.6002 
          61  1 0.2981 0.0468 0.2340 0.4211 
          62  1 0.6118 0.0239 0.0089 0.3554 
          63  1 0.6691 0.1276 0.0167 0.1865 
          64  1 0.4353 0.0366 0.0071 0.5210 
          65  1 0.7045 0.0326 0.0114 0.2514 
          66  1 0.7136 0.0150 0.0123 0.2591 
          67  1 0.7977 0.0368 0.0614 0.1041 
          68  1 0.2810 0.5714 0.0199 0.1277 
          69  1 0.6338 0.1226 0.1609 0.0827 
          70  1 0.3122 0.0262 0.0215 0.6402 
          71  1 0.8721 0.0160 0.0304 0.0814 
          72  1 0.7201 0.0157 0.0173 0.2470 
          73  1 0.3115 0.5111 0.0110 0.1664 
          74  1 0.6456 0.0598 0.0094 0.2852 
          75  1 0.8798 0.0306 0.0088 0.0808 
          76  1 0.8971 0.0161 0.0088 0.0780 
          77  1 0.0065 0.9757 0.0107 0.0071 
          78  1 0.0106 0.9604 0.0150 0.0139 
          79  1 0.0092 0.9708 0.0121 0.0079 
          80  1 0.0095 0.9776 0.0046 0.0083 
          81  1 0.0097 0.9751 0.0060 0.0092 
          82  1 0.0098 0.9736 0.0091 0.0075 
          83  1 0.0103 0.9630 0.0156 0.0111 
          84  1 0.0081 0.9774 0.0063 0.0082 
          85  1 0.0121 0.9634 0.0117 0.0128 
          86  1 0.0334 0.9327 0.0103 0.0237 
          87  1 0.0080 0.9780 0.0058 0.0082 
          88  1 0.0066 0.9782 0.0094 0.0057 
          89  1 0.0077 0.9703 0.0149 0.0071 
          90  1 0.1423 0.7195 0.0157 0.1225 
          91  1 0.0067 0.9768 0.0090 0.0075 
          92  1 0.0074 0.9649 0.0202 0.0075 
          93  1 0.0089 0.9761 0.0073 0.0076 
          94  1 0.0085 0.9719 0.0128 0.0067 
          95  1 0.0132 0.9622 0.0142 0.0105 
          96  1 0.0076 0.9782 0.0059 0.0083 
          97  1 0.0312 0.7984 0.1292 0.0412 
          98  1 0.1157 0.7057 0.0264 0.1523 
          99  1 0.0067 0.9826 0.0046 0.0060 
         100  1 0.0296 0.9369 0.0097 0.0238 
         101  1 0.0111 0.9742 0.0056 0.0091 
         102  1 0.0276 0.8942 0.0536 0.0246 
         103  1 0.4443 0.0862 0.0097 0.4598 
         104  1 0.3739 0.0089 0.0060 0.6111 
         105  1 0.3722 0.0151 0.0254 0.5873 
         106  1 0.4994 0.0269 0.0151 0.4586 
         107  1 0.3693 0.0513 0.0101 0.5694 
         108  1 0.1711 0.4024 0.0196 0.4068 
         109  1 0.4451 0.2025 0.0460 0.3064 
         110  1 0.7327 0.0173 0.0214 0.2286 
         111  1 0.4887 0.0142 0.0080 0.4891 
         112  1 0.6035 0.1023 0.0063 0.2879 
         113  1 0.6510 0.1240 0.0112 0.2138 
         114  1 0.6667 0.0130 0.0096 0.3107 
         115  1 0.3056 0.0266 0.0643 0.6035 
         116  1 0.4526 0.0193 0.0052 0.5230 
         117  1 0.1656 0.0113 0.0090 0.8141 
         118  1 0.5575 0.0333 0.0086 0.4006 
         119  1 0.6025 0.0302 0.0058 0.3615 
         120  1 0.1763 0.1382 0.0059 0.6797 
         121  1 0.3069 0.2561 0.0154 0.4216 
         122  1 0.3906 0.0578 0.0193 0.5323 
         123  1 0.2714 0.0626 0.0159 0.6501 
         124  1 0.3917 0.3200 0.0111 0.2772 
         125  1 0.6454 0.0081 0.0113 0.3352 
         126  1 0.2952 0.0876 0.0199 0.5973 
         127  1 0.4178 0.0235 0.0119 0.5468 
         128  1 0.1195 0.6547 0.0073 0.2186 
         129  1 0.2992 0.3046 0.0163 0.3799 
         130  1 0.6610 0.0272 0.0146 0.2973 
         131  1 0.1970 0.0986 0.0071 0.6974 
         132  1 0.8266 0.0142 0.0043 0.1549 
         133  1 0.3171 0.1323 0.0065 0.5441 
         134  1 0.8603 0.0433 0.0080 0.0884 
         135  1 0.2230 0.1289 0.0730 0.5752 
         136  1 0.3543 0.2480 0.0147 0.3831 
         137  1 0.4130 0.0305 0.0143 0.5422 
         138  1 0.7012 0.0534 0.0092 0.2362 
         139  1 0.2960 0.5468 0.0071 0.1501 
         140  1 0.2972 0.2177 0.0710 0.4141 
         141  1 0.7093 0.0155 0.0076 0.2676 
         142  1 0.2484 0.0144 0.0112 0.7260 
         143  1 0.3005 0.1392 0.0073 0.5530 
         144  1 0.3855 0.1236 0.0074 0.4835 
         145  1 0.3513 0.0826 0.0732 0.4929 
         146  1 0.4906 0.0570 0.0216 0.4308 
         147  1 0.3029 0.0527 0.0256 0.6189 
         148  1 0.6290 0.1363 0.0108 0.2240 
         149  1 0.3983 0.0372 0.0411 0.5234 
         150  1 0.3121 0.0475 0.1017 0.5387 
         151  1 0.6384 0.0375 0.0104 0.3137 
         152  1 0.1192 0.4099 0.4042 0.0666 
         153  1 0.7624 0.0996 0.0458 0.0922 
         154  1 0.4814 0.2138 0.0962 0.2086 
         155  1 0.7111 0.0192 0.0100 0.2596 
         156  1 0.1707 0.5229 0.0376 0.2689 
         157  1 0.7511 0.0511 0.0095 0.1884 
         158  1 0.6974 0.0527 0.0060 0.2439 
         159  1 0.3043 0.1107 0.3163 0.2688 
         160  1 0.1814 0.0796 0.0133 0.7256 
         161  1 0.4341 0.1131 0.0366 0.4162 
         162  1 0.4007 0.0171 0.0144 0.5678 
         163  1 0.1534 0.0106 0.0068 0.8292 
         164  1 0.3655 0.0120 0.0095 0.6129 
         165  1 0.8012 0.0062 0.1025 0.0902 
         166  1 0.2054 0.4672 0.0051 0.3223 
         167  1 0.4058 0.0536 0.0098 0.5308 
         168  1 0.3899 0.0473 0.0163 0.5464 
         169  1 0.5827 0.0103 0.0054 0.4016 
         170  1 0.1953 0.0249 0.0160 0.7639 
         171  1 0.2425 0.0440 0.0372 0.6764 
         172  1 0.3436 0.0147 0.0131 0.6286 
         173  1 0.4193 0.0244 0.0245 0.5317 
         174  1 0.5271 0.0166 0.1367 0.3196 
         175  1 0.3054 0.0257 0.0170 0.6518 
         176  1 0.2516 0.0737 0.0171 0.6576 
         177  1 0.4555 0.0130 0.0074 0.5240 
         178  1 0.5856 0.0170 0.0182 0.3792 
         179  1 0.1338 0.5151 0.0233 0.3279 
         180  1 0.1383 0.0251 0.0064 0.8302 
         181  1 0.1893 0.2014 0.0176 0.5917 
         182  1 0.2312 0.1318 0.0122 0.6248 
         183  1 0.3096 0.5385 0.0235 0.1284 
         184  1 0.5513 0.1388 0.0093 0.3007 
         185  1 0.3157 0.0860 0.0100 0.5884 
         186  1 0.0867 0.0139 0.0042 0.8951 
         187  1 0.4658 0.0487 0.0336 0.4518 
         188  1 0.4010 0.0491 0.0237 0.5262 
         189  1 0.3713 0.0506 0.0139 0.5642 
         190  1 0.4213 0.0145 0.0308 0.5334 
         191  1 0.1945 0.3040 0.0651 0.4363 
         192  1 0.4247 0.0435 0.0985 0.4333 
         193  1 0.7402 0.0293 0.0105 0.2200 
         194  1 0.5169 0.0204 0.0226 0.4401 
         195  1 0.3809 0.0147 0.0321 0.5724 
         196  1 0.1657 0.7631 0.0067 0.0645 
         197  1 0.4441 0.1941 0.0062 0.3556 
         198  1 0.6139 0.1130 0.0133 0.2598 
         199  1 0.1502 0.0558 0.0107 0.7833 
         200  1 0.6899 0.0578 0.0068 0.2456 
         201  1 0.3462 0.0271 0.0960 0.5308 
         202  1 0.7413 0.0798 0.0059 0.1730 
         203  1 0.1541 0.1251 0.0096 0.7112 
         204  1 0.6631 0.0125 0.0141 0.3103 
         205  1 0.6037 0.0219 0.0308 0.3436 
         206  1 0.2660 0.0578 0.0276 0.6486 
         207  1 0.1768 0.1422 0.0069 0.6742 
         208  1 0.3206 0.0468 0.0064 0.6262 
         209  1 0.7806 0.0124 0.0355 0.1715 
         210  1 0.5665 0.0412 0.0116 0.3807 
         211  1 0.3765 0.0186 0.0067 0.5982 
         212  1 0.2651 0.0556 0.0319 0.6474 
         213  1 0.6907 0.0326 0.0144 0.2623 
         214  1 0.6932 0.0164 0.0366 0.2539 
         215  1 0.3478 0.1145 0.0116 0.5261 
         216  1 0.6896 0.0293 0.0149 0.2662 
         217  1 0.3389 0.0269 0.0395 0.5947 
         218  1 0.5819 0.0681 0.0172 0.3328 
         219  1 0.3309 0.0132 0.0047 0.6512 
         220  1 0.2721 0.5399 0.0158 0.1722 
         221  1 0.2084 0.1392 0.0217 0.6307 
         222  1 0.5470 0.0640 0.1462 0.2428 
         223  1 0.3749 0.0340 0.0306 0.5605 
         224  1 0.3241 0.0106 0.0174 0.6480 
         225  1 0.2089 0.1021 0.3741 0.3149 
         226  1 0.2887 0.0223 0.0356 0.6534 
         227  1 0.6814 0.0205 0.0072 0.2909 
         228  1 0.5182 0.0315 0.0082 0.4421 
         229  1 0.4769 0.0678 0.0193 0.4359 
         230  1 0.2501 0.0099 0.0256 0.7144 
         231  1 0.1395 0.0140 0.0091 0.8374 
         232  1 0.3278 0.0179 0.0048 0.6494 
         233  1 0.1570 0.1409 0.0134 0.6886 
         234  1 0.3536 0.0277 0.0297 0.5890 
         235  1 0.7936 0.0181 0.0120 0.1763 
         236  1 0.2426 0.0680 0.0146 0.6748 
         237  1 0.3112 0.1918 0.0314 0.4656 
         238  1 0.5146 0.0307 0.0391 0.4156 
         239  1 0.6502 0.0348 0.0123 0.3028 
         240  1 0.1383 0.7677 0.0218 0.0721 
         241  1 0.2637 0.0308 0.0079 0.6976 
         242  1 0.5161 0.0575 0.0129 0.4135 
         243  1 0.3952 0.0135 0.0143 0.5770 
         244  1 0.1959 0.0524 0.0051 0.7467 
         245  1 0.9177 0.0272 0.0160 0.0391 
         246  1 0.3540 0.1528 0.0070 0.4862 
         247  1 0.8269 0.0147 0.0386 0.1199 
         248  1 0.4264 0.0635 0.0129 0.4972 
         249  1 0.6056 0.0175 0.0099 0.3670 
         250  1 0.1214 0.0289 0.0392 0.8105 
         251  1 0.3322 0.0723 0.0076 0.5879 
         252  1 0.5381 0.0441 0.0363 0.3814 
         253  1 0.4038 0.0469 0.0118 0.5375 
         254  1 0.4135 0.0188 0.0085 0.5592 
         255  1 0.4966 0.1042 0.0072 0.3920 
         256  1 0.1558 0.0108 0.0128 0.8206 
         257  1 0.2414 0.0560 0.0208 0.6818 
         258  1 0.6916 0.0129 0.0068 0.2887 
         259  1 0.5461 0.0282 0.0064 0.4193 
         260  1 0.4842 0.0243 0.0238 0.4678 
         261  1 0.6594 0.0237 0.0083 0.3085 
         262  1 0.8188 0.0129 0.0081 0.1602 
         263  1 0.5113 0.0160 0.1626 0.3101 
         264  1 0.8759 0.0208 0.0315 0.0718 
         265  1 0.8877 0.0236 0.0316 0.0571 
         266  1 0.7670 0.0796 0.0111 0.1423 
         267  1 0.4700 0.3955 0.0148 0.1196 
         268  1 0.1595 0.6909 0.0665 0.0832 
         269  1 0.3846 0.3589 0.0183 0.2381 
         270  1 0.5402 0.0769 0.0082 0.3747 
         271  1 0.5556 0.1578 0.0449 0.2417 
         272  1 0.3005 0.2308 0.0478 0.4209 
         273  1 0.4589 0.0185 0.0325 0.4901 
         274  1 0.4077 0.1548 0.0299 0.4076 
         275  1 0.4504 0.0923 0.0110 0.4463 
         276  1 0.2622 0.0634 0.1483 0.5261 
         277  1 0.3919 0.0142 0.0157 0.5782 
         278  1 0.4412 0.1711 0.1032 0.2845 
         279  1 0.4965 0.1062 0.0330 0.3643 
         280  1 0.2142 0.0906 0.0065 0.6887 
         281  1 0.6726 0.0404 0.0052 0.2818 
         282  1 0.4200 0.1153 0.0707 0.3941 
         283  1 0.3110 0.0587 0.2943 0.3360 
         284  1 0.3212 0.0225 0.0496 0.6067 
         285  1 0.7904 0.0606 0.0211 0.1278 
         286  1 0.2439 0.0520 0.0116 0.6925 
         287  1 0.2308 0.2102 0.0147 0.5443 
         288  1 0.2980 0.1401 0.0162 0.5457 
         289  1 0.6290 0.0109 0.0119 0.3483 
         290  1 0.4159 0.0535 0.0095 0.5210 
         291  1 0.3869 0.0505 0.0197 0.5430 
         292  1 0.3868 0.2241 0.0469 0.3422 
         293  1 0.2069 0.1071 0.0100 0.6760 
         294  1 0.2532 0.1159 0.1317 0.4992 
         295  1 0.1631 0.2106 0.0120 0.6143 
         296  1 0.4168 0.0415 0.0625 0.4792 
         297  1 0.4002 0.0359 0.0818 0.4822 
         298  1 0.4197 0.0175 0.0092 0.5537 
         299  1 0.5606 0.0326 0.0358 0.3711 
         300  1 0.7034 0.0654 0.0238 0.2075 
         301  1 0.1225 0.1455 0.0062 0.7258 
         302  1 0.1942 0.0104 0.0122 0.7833 
         303  1 0.4880 0.0137 0.0807 0.4176 
         304  1 0.2906 0.0112 0.0115 0.6867 
         305  1 0.4139 0.0987 0.0094 0.4780 
         306  1 0.5689 0.0340 0.0102 0.3870 
         307  1 0.5839 0.0659 0.0354 0.3148 
         308  1 0.4642 0.0585 0.0088 0.4685 
         309  1 0.4341 0.0370 0.0607 0.4682 
         310  1 0.4296 0.0199 0.1713 0.3792 
         311  1 0.4032 0.0303 0.0260 0.5405 
         312  1 0.1492 0.5933 0.0304 0.2271 
         313  1 0.3879 0.0248 0.0075 0.5798 
         314  1 0.2616 0.5327 0.0493 0.1565 
         315  1 0.6469 0.0573 0.0115 0.2844 
         316  1 0.5592 0.0384 0.1051 0.2972 
         317  1 0.3012 0.0754 0.0363 0.5871 
         318  1 0.4278 0.0302 0.0302 0.5118 
         319  1 0.3134 0.0433 0.2463 0.3970 
         320  1 0.1745 0.3889 0.0866 0.3501 
         321  1 0.7455 0.0532 0.0066 0.1946 
         322  1 0.1900 0.1018 0.0184 0.6898 
         323  1 0.3028 0.0288 0.0145 0.6540 
         324  1 0.5645 0.0249 0.0080 0.4026 
         325  1 0.4161 0.1498 0.0408 0.3934 
         326  1 0.3361 0.0094 0.0086 0.6459 
         327  1 0.3004 0.0565 0.0067 0.6364 
         328  1 0.3527 0.1615 0.0228 0.4630 
         329  1 0.2069 0.0655 0.0214 0.7063 
         330  1 0.1172 0.5242 0.0048 0.3539 
         331  1 0.3396 0.3849 0.0073 0.2682 
         332  1 0.2477 0.0090 0.0107 0.7327 
         333  1 0.4087 0.0169 0.0136 0.5607 
         334  1 0.7457 0.1880 0.0069 0.0594 
         335  1 0.5145 0.2030 0.0093 0.2732 
         336  1 0.0163 0.9610 0.0063 0.0164 
         337  1 0.2039 0.6797 0.0353 0.0811 
         338  1 0.0082 0.9763 0.0070 0.0085 
         339  1 0.0113 0.9679 0.0106 0.0102 
         340  1 0.0706 0.7656 0.0905 0.0733 
         341  1 0.5566 0.0254 0.0079 0.4102 
         342  1 0.0113 0.9709 0.0075 0.0102 
         343  1 0.0170 0.9585 0.0107 0.0138 
         344  1 0.0154 0.9540 0.0121 0.0185 
         345  1 0.0145 0.9541 0.0157 0.0157 
         346  1 0.0127 0.9561 0.0183 0.0129 
         347  1 0.0213 0.9484 0.0120 0.0182 
         348  1 0.0328 0.9044 0.0197 0.0431 
         349  1 0.0088 0.9747 0.0078 0.0087 
         350  1 0.0216 0.9474 0.0068 0.0242 
         351  1 0.0273 0.8081 0.1267 0.0379 
         352  1 0.2299 0.0242 0.0071 0.7387 
         353  1 0.0286 0.8967 0.0337 0.0410 
         354  1 0.0239 0.9193 0.0240 0.0328 
         355  1 0.0225 0.9250 0.0240 0.0285 
         356  1 0.7344 0.0545 0.0112 0.1999 
         357  1 0.1540 0.1107 0.1583 0.5770 
         358  1 0.2483 0.0872 0.0134 0.6512 
         359  1 0.6993 0.0240 0.0295 0.2472 
         360  1 0.1934 0.4466 0.0703 0.2897 
         361  1 0.2730 0.2188 0.1688 0.3394 
         362  1 0.3662 0.0841 0.0063 0.5434 
         363  1 0.3728 0.0317 0.0082 0.5874 
         364  1 0.7070 0.0184 0.0077 0.2669 
         365  1 0.4504 0.2327 0.0105 0.3064 
         366  1 0.3980 0.0377 0.0065 0.5578 
         367  1 0.3609 0.0970 0.0197 0.5224 
         368  1 0.3364 0.0278 0.0142 0.6217 
         369  1 0.3442 0.0967 0.0059 0.5532 
         370  1 0.3285 0.0549 0.0740 0.5426 
         371  1 0.2142 0.0397 0.0608 0.6853 
         372  1 0.6084 0.1484 0.0620 0.1812 
         373  1 0.3236 0.0378 0.0215 0.6171 
         374  1 0.2004 0.3861 0.0560 0.3575 
         375  1 0.6844 0.0158 0.0316 0.2682 
         376  1 0.4763 0.0555 0.0173 0.4510 
         377  1 0.4754 0.0457 0.0127 0.4663 
         378  1 0.0971 0.3368 0.0103 0.5557 
         379  1 0.4818 0.0214 0.0155 0.4814 
         380  1 0.6110 0.0145 0.0204 0.3541 
         381  1 0.3654 0.0633 0.0157 0.5556 
         382  1 0.8004 0.0204 0.0298 0.1494 
         383  1 0.4863 0.0671 0.0197 0.4269 
         384  1 0.3638 0.0544 0.0148 0.5670 
         385  1 0.7556 0.0078 0.0055 0.2311 
         386  1 0.2430 0.0999 0.0116 0.6454 
         387  1 0.3594 0.0265 0.0099 0.6042 
         388  1 0.3181 0.0685 0.0151 0.5983 
         389  1 0.5566 0.2005 0.0082 0.2348 
         390  1 0.2857 0.4199 0.0047 0.2897 
         391  1 0.4876 0.0166 0.0076 0.4883 
         392  1 0.1293 0.0087 0.0188 0.8432 
         393  1 0.6344 0.0864 0.0088 0.2704 
         394  1 0.3221 0.0160 0.0085 0.6534 
         395  1 0.2371 0.0138 0.0070 0.7421 
         396  1 0.5541 0.0218 0.0074 0.4167 
         397  1 0.2891 0.0226 0.0089 0.6795 
         398  1 0.0435 0.8865 0.0184 0.0516 
         399  1 0.6794 0.0530 0.0144 0.2532 
         400  1 0.4819 0.0407 0.0409 0.4364 
         401  1 0.2167 0.0373 0.0101 0.7359 
         402  1 0.3042 0.0101 0.0187 0.6670 
         403  1 0.4802 0.0409 0.0084 0.4705 
         404  1 0.3271 0.0242 0.0267 0.6220 
         405  1 0.1121 0.6089 0.0111 0.2679 
         406  1 0.5748 0.0412 0.0584 0.3255 
         407  1 0.8125 0.0176 0.0160 0.1539 
         408  1 0.3413 0.0263 0.0106 0.6219 
         409  1 0.6195 0.0246 0.0255 0.3304 
         410  1 0.5483 0.0208 0.0122 0.4188 
         411  1 0.4026 0.0357 0.0371 0.5247 
         412  1 0.6027 0.0154 0.0176 0.3643 
         413  1 0.2651 0.0135 0.0069 0.7145 
         414  1 0.2145 0.0513 0.0222 0.7119 
         415  1 0.5372 0.0959 0.0082 0.3586 
         416  1 0.3919 0.0210 0.0118 0.5752 
         417  1 0.3458 0.1756 0.0157 0.4629 
         418  1 0.3995 0.3583 0.0068 0.2353 
         419  1 0.3244 0.1507 0.0148 0.5100 
         420  1 0.2112 0.3209 0.0100 0.4580 
         421  1 0.6025 0.1397 0.0115 0.2463 
         422  1 0.1591 0.4455 0.1452 0.2502 
         423  1 0.4176 0.0106 0.0208 0.5509 
         424  1 0.3238 0.0290 0.0199 0.6273 
         425  1 0.2439 0.0136 0.0082 0.7343 
         426  1 0.2824 0.0368 0.0508 0.6300 
         427  1 0.4163 0.0120 0.0061 0.5656 
         428  1 0.3756 0.0175 0.0070 0.5999 
         429  1 0.8862 0.0084 0.0176 0.0878 
         430  1 0.3323 0.0884 0.4071 0.1722 
         431  1 0.6164 0.0143 0.0085 0.3607 
         432  1 0.3558 0.0463 0.0114 0.5865 
         433  1 0.5822 0.0428 0.0364 0.3385 
         434  1 0.6172 0.0516 0.0101 0.3210 
         435  1 0.3413 0.0253 0.0124 0.6209 
         436  1 0.4073 0.0619 0.0117 0.5191 
         437  1 0.3225 0.2229 0.2360 0.2186 
         438  1 0.7744 0.0088 0.0495 0.1672 
         439  1 0.4304 0.1176 0.0233 0.4287 
         440  1 0.2608 0.2870 0.0064 0.4458 
         441  1 0.6936 0.0299 0.0654 0.2111 
         442  1 0.4338 0.0456 0.2462 0.2745 
         443  1 0.6843 0.0721 0.0284 0.2152 
         444  1 0.6864 0.1225 0.0182 0.1730 
         445  1 0.4826 0.0334 0.0110 0.4731 
         446  1 0.2994 0.1483 0.0160 0.5363 
         447  1 0.2776 0.1157 0.0102 0.5965 
         448  1 0.0588 0.7004 0.0477 0.1932 
         449  1 0.1276 0.0370 0.0113 0.8241 
         450  1 0.0477 0.7896 0.0688 0.0938 
         451  1 0.1877 0.3064 0.0062 0.4997 
         452  1 0.7203 0.0222 0.0196 0.2379 
         453  1 0.2369 0.0821 0.0132 0.6677 
         454  1 0.5547 0.0689 0.0643 0.3122 
         455  1 0.4190 0.0094 0.0110 0.5606 
         456  1 0.5764 0.0692 0.0161 0.3383 
         457  1 0.8502 0.0226 0.0063 0.1209 
         458  1 0.5435 0.2378 0.0226 0.1961 
         459  1 0.3358 0.1325 0.0499 0.4818 
         460  1 0.2278 0.0269 0.0770 0.6683 
         461  1 0.2685 0.3163 0.0481 0.3670 
         462  1 0.1541 0.0154 0.0084 0.8220 
         463  1 0.2944 0.1832 0.0422 0.4802 
         464  1 0.2271 0.1167 0.0142 0.6420 
         465  1 0.3742 0.1565 0.1050 0.3643 
         466  1 0.1342 0.4511 0.1815 0.2332 
         467  1 0.4433 0.0321 0.0180 0.5065 
         468  1 0.2956 0.0498 0.0098 0.6448 
         469  1 0.2645 0.0198 0.0092 0.7065 
         470  1 0.3461 0.0167 0.0616 0.5756 
         471  1 0.3232 0.0118 0.0069 0.6581 
         472  1 0.3446 0.0179 0.0448 0.5928 
         473  1 0.7263 0.0310 0.0185 0.2242 
         474  1 0.4380 0.0158 0.0084 0.5377 
         475  1 0.5135 0.0115 0.0057 0.4693 
         476  1 0.6270 0.0323 0.0068 0.3339 
         477  1 0.4151 0.0435 0.0694 0.4720 
         478  1 0.3365 0.0696 0.1174 0.4765 
         479  1 0.1418 0.1603 0.0079 0.6900 
         480  1 0.3170 0.0337 0.0101 0.6392 
         481  1 0.7016 0.0856 0.0131 0.1997 
         482  1 0.3025 0.0480 0.0063 0.6432 
         483  1 0.7476 0.0172 0.0217 0.2135 
         484  1 0.1410 0.6308 0.0076 0.2206 
         485  1 0.0821 0.3039 0.5542 0.0598 
         486  1 0.5619 0.1444 0.0105 0.2833 
         487  1 0.2549 0.0262 0.0101 0.7088 
         488  1 0.2260 0.2365 0.0247 0.5128 
         489  1 0.3844 0.0929 0.0100 0.5127 
         490  1 0.1442 0.5997 0.0138 0.2424 
         491  1 0.2059 0.0402 0.0080 0.7460 
         492  1 0.4154 0.0238 0.0181 0.5427 
         493  1 0.3643 0.0224 0.0047 0.6087 
         494  1 0.5683 0.0154 0.0098 0.4065 
         495  1 0.5333 0.0419 0.0257 0.3991 
         496  1 0.5273 0.0343 0.1050 0.3335 
         497  1 0.1865 0.0856 0.0113 0.7166 
         498  1 0.5946 0.0603 0.0135 0.3316 
         499  1 0.5152 0.0197 0.0067 0.4584 
         500  1 0.2941 0.0153 0.0110 0.6795 
         501  1 0.4941 0.0612 0.0151 0.4296 
         502  1 0.3718 0.1256 0.0692 0.4335 
         503  1 0.2002 0.0122 0.0078 0.7798 
         504  1 0.2450 0.1347 0.0094 0.6108 
         505  1 0.6360 0.0358 0.1032 0.2250 
         506  1 0.3632 0.1217 0.0288 0.4863 
         507  1 0.3987 0.2493 0.1202 0.2318 
         508  1 0.4189 0.0173 0.0118 0.5520 
         509  1 0.8820 0.0109 0.0050 0.1021 
         510  1 0.3020 0.2346 0.0079 0.4555 
         511  1 0.3974 0.0776 0.0118 0.5132 
         512  1 0.2881 0.0455 0.0120 0.6544 
         513  1 0.3868 0.0198 0.0154 0.5780 
         514  1 0.1969 0.0259 0.0236 0.7535 
         515  1 0.3567 0.0563 0.0067 0.5802 
         516  1 0.2492 0.0196 0.0311 0.7001 
         517  1 0.1332 0.0131 0.0321 0.8216 
         518  1 0.4269 0.1154 0.2035 0.2542 
         519  1 0.0866 0.6928 0.0321 0.1885 
         520  1 0.5346 0.0285 0.0162 0.4207 
         521  1 0.1633 0.1431 0.0091 0.6845 
         522  1 0.0906 0.8209 0.0123 0.0761 
         523  1 0.5851 0.0394 0.0251 0.3504 
         524  1 0.4500 0.0180 0.0056 0.5263 
         525  1 0.2857 0.0121 0.0127 0.6894 
         526  1 0.1692 0.0645 0.0220 0.7443 
         527  1 0.5307 0.0335 0.0091 0.4267 
         528  1 0.0896 0.0074 0.0101 0.8929 
         529  1 0.1645 0.2445 0.0234 0.5676 
         530  1 0.3617 0.2655 0.0706 0.3023 
         531  1 0.2841 0.1174 0.0089 0.5896 
         532  1 0.0834 0.8248 0.0144 0.0774 
         533  1 0.3150 0.0662 0.0150 0.6038 
         534  1 0.2487 0.0766 0.0642 0.6105 
         535  1 0.4127 0.0161 0.0204 0.5508 
         536  1 0.4236 0.0396 0.0141 0.5226 
         537  1 0.3399 0.2226 0.0537 0.3838 
         538  1 0.7410 0.0246 0.0052 0.2292 
         539  1 0.2767 0.0462 0.0178 0.6594 
         540  1 0.3829 0.0450 0.0098 0.5623 
         541  1 0.2600 0.1356 0.0136 0.5907 
         542  1 0.2438 0.1685 0.0104 0.5774 
         543  1 0.7597 0.0240 0.0043 0.2120 
         544  1 0.1669 0.5454 0.0629 0.2247 
         545  1 0.1594 0.5570 0.0422 0.2415 
         546  1 0.5647 0.0228 0.0217 0.3907 
         547  1 0.2649 0.0484 0.0090 0.6778 
         548  1 0.4168 0.1370 0.0073 0.4390 
         549  1 0.1028 0.2513 0.0281 0.6178 
         550  1 0.4709 0.0101 0.0063 0.5126 
         551  1 0.6644 0.1092 0.0071 0.2194 
         552  1 0.1043 0.0183 0.0046 0.8728 
         553  1 0.1954 0.0282 0.0281 0.7483 
         554  1 0.5173 0.0318 0.0462 0.4047 
         555  1 0.3163 0.0189 0.0292 0.6357 
         556  1 0.1994 0.1489 0.0268 0.6249 
         557  1 0.2274 0.0463 0.0120 0.7143 
         558  1 0.2682 0.0310 0.0089 0.6919 
         559  1 0.8284 0.0124 0.0386 0.1206 
         560  1 0.3173 0.0354 0.0236 0.6236 
         561  1 0.4285 0.2209 0.0159 0.3347 
         562  1 0.3403 0.0245 0.0117 0.6235 
         563  1 0.3435 0.0259 0.0091 0.6215 
         564  1 0.3775 0.0158 0.2658 0.3408 
         565  1 0.2602 0.0522 0.0101 0.6774 
         566  1 0.4424 0.0358 0.0256 0.4962 
         567  1 0.4417 0.1192 0.0118 0.4273 
         568  1 0.5805 0.0249 0.0425 0.3521 
         569  1 0.3872 0.0177 0.0053 0.5897 
         570  1 0.4720 0.0967 0.0076 0.4237 
         571  1 0.5289 0.0871 0.0088 0.3752 
         572  1 0.2628 0.0313 0.0115 0.6944 
         573  1 0.4739 0.0570 0.2508 0.2183 
         574  1 0.5267 0.0785 0.0316 0.3633 
         575  1 0.2818 0.0284 0.0191 0.6707 
         576  1 0.1008 0.0188 0.0533 0.8271 
         577  1 0.3597 0.1239 0.0679 0.4486 
         578  1 0.1552 0.0352 0.2864 0.5232 
         579  1 0.5847 0.0236 0.0321 0.3596 
         580  1 0.2814 0.0373 0.0098 0.6715 
         581  1 0.1077 0.0063 0.0068 0.8792 
         582  1 0.3597 0.1999 0.1260 0.3144 
         583  1 0.1763 0.3348 0.1574 0.3315 
         584  1 0.2540 0.1848 0.0189 0.5423 
         585  1 0.0764 0.7236 0.0193 0.1807 
         586  1 0.5366 0.0971 0.0131 0.3532 
         587  1 0.2960 0.0239 0.0134 0.6667 
         588  1 0.5263 0.0409 0.0323 0.4005 
         589  1 0.7915 0.0208 0.0473 0.1403 
         590  1 0.6615 0.1413 0.0222 0.1749 
         591  1 0.3852 0.0357 0.0076 0.5715 
         592  1 0.8905 0.0145 0.0187 0.0763 
         593  1 0.2986 0.0112 0.0202 0.6700 
         594  1 0.6277 0.0226 0.0327 0.3169 
         595  1 0.0281 0.9274 0.0105 0.0340 
         596  1 0.5493 0.1368 0.0161 0.2978 
         597  1 0.1826 0.2769 0.0242 0.5163 
         598  1 0.1857 0.0849 0.0077 0.7217 
         599  1 0.5567 0.1017 0.0554 0.2862 
         600  1 0.3049 0.1661 0.0532 0.4759 
         601  1 0.4374 0.0555 0.1810 0.3261 
         602  1 0.6093 0.0496 0.0598 0.2813 
         603  1 0.2248 0.1465 0.0139 0.6149 
         604  1 0.4615 0.0257 0.0133 0.4995 
         605  1 0.6308 0.0680 0.0093 0.2919 
         606  1 0.4441 0.0628 0.0201 0.4730 
         607  1 0.3478 0.0101 0.0264 0.6156 
         608  1 0.7220 0.0251 0.0099 0.2431 
         609  1 0.5250 0.0287 0.0103 0.4360 
         610  1 0.5383 0.0367 0.0411 0.3838 
         611  1 0.5426 0.0161 0.0071 0.4342 
         612  1 0.4415 0.0228 0.0393 0.4964 
         613  1 0.7217 0.1201 0.0290 0.1292 
         614  1 0.2426 0.0190 0.0068 0.7316 
         615  1 0.2228 0.0348 0.0265 0.7160 
         616  1 0.4226 0.0265 0.0165 0.5344 
         617  1 0.5447 0.0236 0.0122 0.4195 
         618  1 0.3252 0.0766 0.0164 0.5818 
         619  1 0.1973 0.2837 0.0391 0.4799 
         620  1 0.1989 0.1862 0.0094 0.6055 
         621  1 0.1943 0.0579 0.1007 0.6471 
         622  1 0.2944 0.1606 0.0268 0.5182 
         623  1 0.6722 0.0081 0.0030 0.3168 
         624  1 0.3264 0.0473 0.0258 0.6005 
         625  1 0.3094 0.0229 0.0079 0.6598 
         626  1 0.2065 0.6781 0.0060 0.1094 
         627  1 0.2912 0.0134 0.0450 0.6503 
         628  1 0.1504 0.0315 0.0089 0.8092 
         629  1 0.1797 0.3046 0.0275 0.4882 
         630  1 0.4360 0.0150 0.0070 0.5420 
         631  1 0.3779 0.0437 0.0098 0.5686 
         632  1 0.3561 0.2196 0.0168 0.4075 
         633  1 0.5350 0.0250 0.1131 0.3269 
         634  1 0.3123 0.0368 0.0264 0.6246 
         635  1 0.3063 0.0312 0.0110 0.6514 
         636  1 0.0957 0.7018 0.0171 0.1854 
         637  1 0.3952 0.0703 0.0107 0.5239 
         638  1 0.2344 0.3443 0.0440 0.3773 
         639  1 0.2093 0.0210 0.0122 0.7575 
         640  1 0.2907 0.1168 0.0126 0.5799 
         641  1 0.7430 0.0157 0.0122 0.2292 
         642  1 0.2937 0.0337 0.0097 0.6629 
         643  1 0.5266 0.0229 0.0339 0.4166 
         644  1 0.4628 0.0840 0.0757 0.3775 
         645  1 0.4735 0.0238 0.0661 0.4367 
         646  1 0.2544 0.2359 0.0293 0.4804 
         647  1 0.2518 0.0184 0.0072 0.7225 
         648  1 0.3570 0.0800 0.1716 0.3915 
         649  1 0.2201 0.0171 0.0409 0.7220 
         650  1 0.2530 0.1547 0.0071 0.5852 
         651  1 0.2287 0.5021 0.0157 0.2534 
         652  1 0.6073 0.0184 0.0436 0.3307 
         653  1 0.4417 0.0408 0.0127 0.5048 
         654  1 0.2990 0.0527 0.0079 0.6404 
         655  1 0.2314 0.1709 0.0592 0.5386 
         656  1 0.2633 0.0960 0.0209 0.6197 
         657  1 0.5753 0.0316 0.0241 0.3690 
         658  1 0.4630 0.2428 0.0427 0.2515 
         659  1 0.5049 0.0320 0.0139 0.4492 
         660  1 0.2373 0.1569 0.0223 0.5835 
         661  1 0.2702 0.1173 0.0129 0.5996 
         662  1 0.2164 0.6611 0.0456 0.0770 
         663  1 0.2018 0.4461 0.0095 0.3426 
         664  1 0.2798 0.0129 0.0170 0.6903 
         665  1 0.3842 0.0955 0.1090 0.4113 
         666  1 0.2183 0.1336 0.0056 0.6424 
         667  1 0.2123 0.0181 0.0127 0.7570 
         668  1 0.3438 0.1219 0.1202 0.4141 
         669  1 0.3726 0.0166 0.0104 0.6003 
         670  1 0.5923 0.0618 0.0101 0.3358 
         671  1 0.6418 0.0197 0.0989 0.2397 
         672  1 0.6160 0.0322 0.0172 0.3347 
         673  1 0.5542 0.0134 0.0048 0.4276 
         674  1 0.0821 0.7130 0.0365 0.1684 
         675  1 0.4785 0.1216 0.0228 0.3771 
         676  1 0.4845 0.0770 0.0490 0.3895 
         677  1 0.1863 0.0306 0.0072 0.7758 
         678  1 0.2262 0.0209 0.0067 0.7462 
         679  1 0.3238 0.1026 0.0078 0.5658 
         680  1 0.4766 0.1530 0.0376 0.3328 
         681  1 0.4402 0.0997 0.0132 0.4469 
         682  1 0.2821 0.1420 0.0174 0.5585 
         683  1 0.2025 0.2317 0.0938 0.4721 
         684  1 0.2329 0.1640 0.0086 0.5945 
         685  1 0.3145 0.1593 0.1450 0.3812 
         686  1 0.4491 0.0084 0.1644 0.3781 
         687  1 0.5213 0.0216 0.0099 0.4472 
         688  1 0.5888 0.0185 0.0086 0.3840 
         689  1 0.5157 0.0176 0.0405 0.4262 
         690  1 0.4445 0.0379 0.0162 0.5014 
         691  1 0.1228 0.6477 0.1245 0.1050 
         692  1 0.6743 0.0539 0.0412 0.2306 
         693  1 0.2368 0.0154 0.0066 0.7412 
         694  1 0.4041 0.0306 0.0125 0.5528 
         695  1 0.4768 0.0280 0.0080 0.4873 
         696  1 0.1777 0.0385 0.0295 0.7544 
         697  1 0.4644 0.1453 0.0239 0.3664 
         698  1 0.0792 0.0161 0.0278 0.8768 
         699  1 0.2572 0.0214 0.0166 0.7047 
         700  1 0.1249 0.0707 0.0281 0.7762 
         701  1 0.4257 0.1314 0.0126 0.4304 
         702  1 0.2401 0.0205 0.0489 0.6905 
         703  1 0.5120 0.0162 0.0126 0.4593 
         704  1 0.1603 0.0628 0.0222 0.7547 
         705  1 0.4296 0.1488 0.0121 0.4095 
         706  1 0.3401 0.0605 0.0064 0.5929 
         707  1 0.2553 0.3881 0.0214 0.3352 
         708  1 0.3441 0.2600 0.0156 0.3804 
         709  1 0.2464 0.0122 0.0328 0.7086 
         710  1 0.5721 0.0857 0.0814 0.2607 
         711  1 0.2812 0.0560 0.0134 0.6494 
         712  1 0.2047 0.0385 0.0107 0.7461 
         713  1 0.2168 0.1698 0.0092 0.6042 
         714  1 0.5504 0.1028 0.0682 0.2786 
         715  1 0.2899 0.0778 0.2837 0.3486 
         716  1 0.5190 0.0613 0.0153 0.4044 
         717  1 0.4106 0.1866 0.1627 0.2400 
         718  1 0.3061 0.2636 0.0208 0.4095 
         719  1 0.7773 0.0246 0.0147 0.1835 
         720  1 0.3460 0.1640 0.1716 0.3184 
         721  1 0.2858 0.0578 0.0231 0.6333 
         722  1 0.1281 0.0325 0.0186 0.8208 
         723  1 0.2949 0.0404 0.0172 0.6476 
         724  1 0.4425 0.0319 0.0253 0.5003 
         725  1 0.3022 0.0691 0.0068 0.6219 
         726  1 0.4531 0.0916 0.0936 0.3618 
         727  1 0.2242 0.1551 0.0082 0.6125 
         728  1 0.3126 0.0377 0.0167 0.6330 
         729  1 0.3155 0.0447 0.0170 0.6228 
         730  1 0.4170 0.0262 0.0095 0.5472 
         731  1 0.3058 0.0321 0.0121 0.6501 
         732  1 0.7261 0.0512 0.0278 0.1948 
         733  1 0.0739 0.7158 0.0107 0.1996 
         734  1 0.3681 0.1090 0.0149 0.5079 
         735  1 0.5008 0.0347 0.0130 0.4515 
         736  1 0.5281 0.0294 0.0079 0.4345 
         737  1 0.3449 0.1836 0.0390 0.4325 
         738  1 0.3523 0.0449 0.0139 0.5889 
         739  1 0.5453 0.0360 0.0264 0.3923 
         740  1 0.3508 0.0295 0.0471 0.5727 
         741  1 0.3216 0.1052 0.0093 0.5639 
         742  1 0.0090 0.9615 0.0199 0.0096 
         743  1 0.0149 0.9638 0.0101 0.0112 
         744  1 0.0056 0.9793 0.0093 0.0058 
         745  1 0.0060 0.9813 0.0060 0.0066 
         746  1 0.0096 0.9592 0.0227 0.0085 
         747  1 0.0142 0.9664 0.0053 0.0141 
         748  1 0.0327 0.8600 0.0527 0.0546 
         749  1 0.0063 0.9813 0.0065 0.0059 
         750  1 0.0082 0.9743 0.0079 0.0096 
         751  1 0.0054 0.9793 0.0100 0.0052 
         752  1 0.0067 0.9604 0.0265 0.0064 
         753  1 0.0165 0.9231 0.0508 0.0096 
         754  1 0.0075 0.9608 0.0234 0.0083 
         755  1 0.1380 0.3569 0.1277 0.3773 
         756  1 0.8491 0.0116 0.0485 0.0907 
         757  1 0.4599 0.3814 0.0230 0.1356 
         758  1 0.8094 0.0683 0.0317 0.0906 
         759  1 0.5977 0.0694 0.1252 0.2077 
         760  1 0.3968 0.0432 0.3239 0.2362 
         761  1 0.8216 0.0186 0.0572 0.1025 
         762  1 0.0799 0.0438 0.8016 0.0747 
         763  1 0.7266 0.1277 0.0197 0.1260 
         764  1 0.5611 0.0151 0.0150 0.4088 
         765  1 0.0076 0.0096 0.9756 0.0072 
         766  1 0.6243 0.0184 0.0109 0.3464 
         767  1 0.6523 0.0607 0.0235 0.2635 
         768  1 0.2503 0.4319 0.0211 0.2968 
         769  1 0.6293 0.0143 0.0534 0.3031 
         770  1 0.5941 0.1248 0.0276 0.2535 
         771  1 0.6160 0.0110 0.0180 0.3550 
         772  1 0.4414 0.0274 0.0222 0.5090 
         773  1 0.4523 0.0372 0.0198 0.4907 
         774  1 0.3327 0.1035 0.0136 0.5502 
         775  1 0.0075 0.0103 0.9724 0.0098 
         776  1 0.0205 0.0154 0.9492 0.0150 
         777  1 0.0058 0.0047 0.9841 0.0054 
         778  1 0.5270 0.0308 0.0995 0.3427 
         779  1 0.0106 0.0096 0.9696 0.0101 
         780  1 0.0161 0.0162 0.9259 0.0418 
         781  1 0.0080 0.0051 0.9777 0.0092 
         782  1 0.0054 0.0064 0.9829 0.0053 
         783  1 0.0199 0.0398 0.9145 0.0258 
         784  1 0.0081 0.0144 0.9699 0.0075 
         785  1 0.0099 0.0128 0.9654 0.0120 
         786  1 0.0274 0.0246 0.9188 0.0292 
         787  1 0.0081 0.0078 0.9761 0.0081 
         788  1 0.0079 0.0074 0.9763 0.0084 
         789  1 0.0072 0.0077 0.9781 0.0070 
         790  1 0.0103 0.0144 0.9649 0.0103 
         791  1 0.0408 0.2436 0.6892 0.0264 
         792  1 0.0066 0.0131 0.9751 0.0052 
         793  1 0.0219 0.0151 0.9254 0.0376 
         794  1 0.0290 0.0082 0.9376 0.0251 
         795  1 0.0066 0.0153 0.9710 0.0071 
         796  1 0.0229 0.0261 0.9266 0.0244 
         797  1 0.0105 0.0074 0.9720 0.0100 
         798  1 0.0119 0.0255 0.9513 0.0113 
         799  1 0.0053 0.0057 0.9832 0.0058 
         800  1 0.0102 0.0102 0.9672 0.0125 
         801  1 0.0095 0.0067 0.9721 0.0117 
         802  1 0.0043 0.0049 0.9860 0.0047 
         803  1 0.0109 0.0056 0.9732 0.0103 
         804  1 0.0502 0.0084 0.9096 0.0318 
         805  1 0.0325 0.0553 0.8893 0.0229 
         806  1 0.0123 0.0451 0.9294 0.0132 
         807  1 0.0098 0.0120 0.9663 0.0119 
         808  1 0.0140 0.0075 0.9657 0.0129 
         809  1 0.0227 0.0464 0.9029 0.0279 
         810  1 0.0127 0.0616 0.9157 0.0100 
         811  1 0.0055 0.0058 0.9831 0.0057 
         812  1 0.0052 0.0049 0.9849 0.0050 
         813  1 0.0625 0.0292 0.8493 0.0591 
         814  1 0.0077 0.0137 0.9711 0.0075 
         815  1 0.0474 0.0328 0.8454 0.0744 
         816  1 0.0061 0.0076 0.9806 0.0058 
         817  1 0.0202 0.0270 0.9400 0.0128 
         818  1 0.0718 0.0198 0.8511 0.0573 
         819  1 0.0080 0.0099 0.9751 0.0070 
         820  1 0.0056 0.0073 0.9811 0.0060 
         821  1 0.0066 0.0082 0.9790 0.0062 
         822  1 0.0088 0.0080 0.9755 0.0077 
         823  1 0.0121 0.0099 0.9647 0.0133 
         824  1 0.0118 0.0094 0.9660 0.0128 
         825  1 0.0529 0.0597 0.8194 0.0681 
         826  1 0.0098 0.0809 0.8994 0.0099 
         827  1 0.0072 0.0069 0.9792 0.0067 
         828  1 0.0048 0.0051 0.9854 0.0047 
         829  1 0.0045 0.0043 0.9871 0.0041 
         830  1 0.0055 0.0060 0.9833 0.0051 
         831  1 0.0158 0.0124 0.9605 0.0113 
         832  1 0.0189 0.0285 0.9339 0.0187 
         833  1 0.0085 0.0158 0.9662 0.0096 
         834  1 0.0243 0.1497 0.7994 0.0266 
         835  1 0.0064 0.0074 0.9801 0.0060 
         836  1 0.0132 0.0283 0.9414 0.0171 
         837  1 0.0103 0.0082 0.9705 0.0109 
         838  1 0.0651 0.0111 0.8596 0.0642 
         839  1 0.0185 0.0117 0.9523 0.0175 
         840  1 0.0058 0.0062 0.9820 0.0060 
         841  1 0.7513 0.0166 0.0301 0.2019 
         842  1 0.0185 0.0102 0.9510 0.0203 
         843  1 0.0061 0.0051 0.9834 0.0055 
         844  1 0.0057 0.0062 0.9818 0.0063 
         845  1 0.0093 0.0080 0.9730 0.0098 
         846  1 0.0102 0.0131 0.9635 0.0132 
         847  1 0.0070 0.0088 0.9770 0.0072 
         848  1 0.0086 0.0273 0.9561 0.0080 
         849  1 0.8861 0.0375 0.0142 0.0621 
         850  1 0.4219 0.0901 0.2136 0.2743 
         851  1 0.6962 0.0132 0.0297 0.2609 
         852  1 0.5918 0.0144 0.2078 0.1860 
         853  1 0.5296 0.0136 0.0183 0.4386 
         854  1 0.1670 0.0174 0.6186 0.1969 
         855  1 0.6455 0.0376 0.0300 0.2869 
         856  1 0.1971 0.0117 0.0195 0.7717 
         857  1 0.0193 0.0256 0.9368 0.0183 
         858  1 0.6532 0.0368 0.0703 0.2397 
         859  1 0.0149 0.0118 0.9587 0.0147 
         860  1 0.5190 0.0249 0.0151 0.4410 
         861  1 0.1631 0.0533 0.6817 0.1019 
         862  1 0.7561 0.0238 0.0245 0.1955 
         863  1 0.8516 0.0234 0.0181 0.1069 
         864  1 0.0079 0.0049 0.9807 0.0065 
         865  1 0.2828 0.0141 0.2514 0.4517 
         866  1 0.7984 0.0722 0.0713 0.0581 
         867  1 0.6448 0.2153 0.0158 0.1241 
         868  1 0.6529 0.0151 0.0111 0.3210 
         869  1 0.6112 0.0453 0.0109 0.3326 
         870  1 0.0116 0.0123 0.9669 0.0093 
         871  1 0.4469 0.0149 0.0450 0.4932 
         872  1 0.2616 0.0539 0.3408 0.3437 
         873  1 0.8114 0.0297 0.0340 0.1250 
         874  1 0.5422 0.1841 0.0843 0.1894 
         875  1 0.4556 0.0415 0.0698 0.4330 
         876  1 0.6978 0.0289 0.1278 0.1454 
         877  1 0.4891 0.0145 0.0663 0.4300 
         878  1 0.8124 0.0096 0.0218 0.1561 
         879  1 0.2429 0.2714 0.2774 0.2083 
         880  1 0.3845 0.2048 0.0229 0.3878 
         881  1 0.0059 0.0086 0.9800 0.0055 
         882  1 0.7644 0.0213 0.1200 0.0943 
         883  1 0.5473 0.0448 0.3340 0.0740 
         884  1 0.3219 0.0461 0.0411 0.5908 
         885  1 0.2361 0.0422 0.0321 0.6896 
         886  1 0.5246 0.1225 0.0078 0.3451 
         887  1 0.2669 0.4165 0.1836 0.1330 
         888  1 0.7282 0.0122 0.0263 0.2333 
