           1  1 0.0093 0.7106 0.2801 
           2  1 0.0071 0.5011 0.4917 
           3  1 0.0104 0.4706 0.5190 
           4  1 0.0069 0.8110 0.1821 
           5  1 0.0754 0.7737 0.1509 
           6  1 0.0219 0.9345 0.0437 
           7  1 0.0080 0.8194 0.1726 
           8  1 0.0052 0.0792 0.9156 
           9  1 0.0104 0.6668 0.3227 
          10  1 0.0772 0.4747 0.4480 
          11  1 0.0096 0.9212 0.0692 
          12  1 0.0052 0.1845 0.8103 
          13  1 0.0078 0.4022 0.5900 
          14  1 0.0108 0.7669 0.2224 
          15  1 0.0144 0.6722 0.3134 
          16  1 0.0080 0.8912 0.1008 
          17  1 0.0271 0.8040 0.1690 
          18  1 0.0147 0.4438 0.5415 
          19  1 0.0122 0.6395 0.3483 
          20  1 0.3108 0.1719 0.5173 
          21  1 0.0562 0.4474 0.4964 
          22  1 0.0065 0.9234 0.0701 
          23  1 0.0151 0.7674 0.2176 
          24  1 0.0726 0.6607 0.2667 
          25  1 0.0381 0.3018 0.6601 
          26  1 0.0055 0.6786 0.3159 
          27  1 0.0099 0.8051 0.1850 
          28  1 0.1738 0.5479 0.2783 
          29  1 0.0548 0.2363 0.7089 
          30  1 0.0046 0.7296 0.2657 
          31  1 0.0092 0.9107 0.0800 
          32  1 0.0058 0.9273 0.0669 
          33  1 0.0062 0.9283 0.0655 
          34  1 0.0224 0.2941 0.6835 
          35  1 0.0107 0.7474 0.2419 
          36  1 0.0068 0.9101 0.0832 
          37  1 0.0935 0.2968 0.6097 
          38  1 0.0086 0.5916 0.3999 
          39  1 0.0123 0.9374 0.0504 
          40  1 0.0174 0.8613 0.1213 
          41  1 0.0168 0.8146 0.1686 
          42  1 0.0175 0.2731 0.7094 
          43  1 0.0119 0.4170 0.5711 
          44  1 0.0395 0.8827 0.0778 
          45  1 0.0046 0.1705 0.8249 
          46  1 0.0145 0.6669 0.3187 
          47  1 0.0529 0.7278 0.2193 
          48  1 0.0605 0.4637 0.4758 
          49  1 0.0199 0.2243 0.7558 
          50  1 0.0083 0.3197 0.6721 
          51  1 0.0060 0.2373 0.7567 
          52  1 0.0060 0.9142 0.0798 
          53  1 0.0067 0.0177 0.9756 
          54  1 0.1215 0.6902 0.1884 
          55  1 0.0134 0.0694 0.9172 
          56  1 0.0185 0.9111 0.0704 
          57  1 0.0083 0.6398 0.3519 
          58  1 0.0343 0.7315 0.2341 
          59  1 0.0069 0.8186 0.1745 
          60  1 0.0164 0.7820 0.2017 
          61  1 0.2004 0.5561 0.2434 
          62  1 0.0080 0.2805 0.7116 
          63  1 0.0177 0.6396 0.3427 
          64  1 0.0072 0.7902 0.2025 
          65  1 0.0113 0.7191 0.2696 
          66  1 0.0120 0.3366 0.6514 
          67  1 0.0719 0.5377 0.3904 
          68  1 0.0238 0.8410 0.1352 
          69  1 0.1260 0.8003 0.0737 
          70  1 0.0238 0.5804 0.3958 
          71  1 0.0312 0.8896 0.0791 
          72  1 0.0145 0.3420 0.6435 
          73  1 0.0117 0.5945 0.3938 
          74  1 0.0096 0.9207 0.0697 
          75  1 0.0085 0.4400 0.5514 
          76  1 0.0093 0.8498 0.1410 
          77  1 0.0247 0.0126 0.9627 
          78  1 0.0467 0.0275 0.9258 
          79  1 0.0159 0.0094 0.9746 
          80  1 0.0060 0.0121 0.9818 
          81  1 0.0071 0.0101 0.9827 
          82  1 0.0145 0.0114 0.9741 
          83  1 0.0431 0.0130 0.9439 
          84  1 0.0120 0.0344 0.9536 
          85  1 0.0128 0.0180 0.9692 
          86  1 0.0134 0.1592 0.8274 
          87  1 0.0088 0.0159 0.9753 
          88  1 0.0229 0.0198 0.9574 
          89  1 0.0611 0.0155 0.9234 
          90  1 0.0151 0.0798 0.9052 
          91  1 0.0242 0.0229 0.9530 
          92  1 0.1070 0.0146 0.8784 
          93  1 0.0098 0.0119 0.9783 
          94  1 0.0235 0.0107 0.9657 
          95  1 0.0332 0.0350 0.9318 
          96  1 0.0074 0.0141 0.9785 
          97  1 0.2563 0.0655 0.6781 
          98  1 0.0173 0.1229 0.8598 
          99  1 0.0075 0.0151 0.9775 
         100  1 0.0113 0.0110 0.9777 
         101  1 0.0069 0.0181 0.9749 
         102  1 0.0466 0.0430 0.9103 
         103  1 0.0085 0.7951 0.1963 
         104  1 0.0064 0.6350 0.3587 
         105  1 0.0267 0.3894 0.5839 
         106  1 0.0151 0.4302 0.5547 
         107  1 0.0096 0.8452 0.1453 
         108  1 0.0212 0.2564 0.7223 
         109  1 0.0416 0.5390 0.4194 
         110  1 0.0203 0.8678 0.1119 
         111  1 0.0082 0.5790 0.4128 
         112  1 0.0064 0.4870 0.5067 
         113  1 0.0098 0.3553 0.6349 
         114  1 0.0093 0.2488 0.7419 
         115  1 0.0423 0.8879 0.0699 
         116  1 0.0052 0.5047 0.4901 
         117  1 0.0098 0.4602 0.5300 
         118  1 0.0088 0.8735 0.1177 
         119  1 0.0057 0.7360 0.2583 
         120  1 0.0062 0.2410 0.7527 
         121  1 0.0149 0.4577 0.5275 
         122  1 0.0195 0.6670 0.3135 
         123  1 0.0150 0.6171 0.3678 
         124  1 0.0114 0.4883 0.5003 
         125  1 0.0103 0.4920 0.4977 
         126  1 0.0175 0.2707 0.7117 
         127  1 0.0155 0.3766 0.6079 
         128  1 0.0073 0.0310 0.9617 
         129  1 0.0150 0.3004 0.6846 
         130  1 0.0136 0.7152 0.2712 
         131  1 0.0073 0.4041 0.5886 
         132  1 0.0043 0.1881 0.8076 
         133  1 0.0062 0.1898 0.8041 
         134  1 0.0082 0.1887 0.8032 
         135  1 0.0536 0.1349 0.8115 
         136  1 0.0120 0.1199 0.8682 
         137  1 0.0137 0.8740 0.1122 
         138  1 0.0086 0.1461 0.8453 
         139  1 0.0067 0.7088 0.2845 
         140  1 0.0697 0.5786 0.3518 
         141  1 0.0083 0.7551 0.2366 
         142  1 0.0113 0.8293 0.1594 
         143  1 0.0074 0.3631 0.6296 
         144  1 0.0073 0.5375 0.4552 
         145  1 0.0594 0.8303 0.1103 
         146  1 0.0253 0.2830 0.6918 
         147  1 0.0219 0.8949 0.0833 
         148  1 0.0094 0.0983 0.8923 
         149  1 0.0355 0.8134 0.1511 
         150  1 0.0788 0.0767 0.8446 
         151  1 0.0116 0.2866 0.7018 
         152  1 0.3111 0.4852 0.2037 
         153  1 0.0514 0.8772 0.0714 
         154  1 0.0834 0.7250 0.1916 
         155  1 0.0108 0.4626 0.5266 
         156  1 0.0310 0.1480 0.8210 
         157  1 0.0094 0.2345 0.7561 
         158  1 0.0070 0.5529 0.4401 
         159  1 0.3157 0.2888 0.3955 
         160  1 0.0114 0.7665 0.2221 
         161  1 0.0337 0.6244 0.3420 
         162  1 0.0153 0.6926 0.2921 
         163  1 0.0066 0.7551 0.2383 
         164  1 0.0095 0.7961 0.1944 
         165  1 0.1490 0.4333 0.4178 
         166  1 0.0051 0.0496 0.9453 
         167  1 0.0096 0.8260 0.1644 
         168  1 0.0159 0.3833 0.6009 
         169  1 0.0054 0.6759 0.3187 
         170  1 0.0150 0.6701 0.3149 
         171  1 0.0352 0.4268 0.5380 
         172  1 0.0133 0.8417 0.1450 
         173  1 0.0246 0.8180 0.1574 
         174  1 0.1383 0.7353 0.1264 
         175  1 0.0154 0.9162 0.0684 
         176  1 0.0160 0.6831 0.3009 
         177  1 0.0065 0.8482 0.1453 
         178  1 0.0170 0.7788 0.2042 
         179  1 0.0254 0.7146 0.2600 
         180  1 0.0058 0.7524 0.2418 
         181  1 0.0158 0.2980 0.6862 
         182  1 0.0128 0.2055 0.7817 
         183  1 0.0223 0.4280 0.5497 
         184  1 0.0097 0.5983 0.3920 
         185  1 0.0093 0.4263 0.5644 
         186  1 0.0045 0.5110 0.4845 
         187  1 0.0344 0.7982 0.1674 
         188  1 0.0236 0.6249 0.3515 
         189  1 0.0131 0.8448 0.1421 
         190  1 0.0261 0.8504 0.1235 
         191  1 0.0641 0.3713 0.5645 
         192  1 0.0769 0.8366 0.0864 
         193  1 0.0111 0.5375 0.4514 
         194  1 0.0232 0.7713 0.2055 
         195  1 0.0356 0.6314 0.3330 
         196  1 0.0084 0.0547 0.9370 
         197  1 0.0065 0.4232 0.5702 
         198  1 0.0122 0.4706 0.5171 
         199  1 0.0107 0.5942 0.3951 
         200  1 0.0066 0.4348 0.5585 
         201  1 0.0880 0.6337 0.2783 
         202  1 0.0067 0.1555 0.8378 
         203  1 0.0092 0.3174 0.6734 
         204  1 0.0131 0.0864 0.9005 
         205  1 0.0300 0.1239 0.8461 
         206  1 0.0262 0.7737 0.2001 
         207  1 0.0065 0.5675 0.4260 
         208  1 0.0059 0.0420 0.9521 
         209  1 0.0498 0.5867 0.3636 
         210  1 0.0115 0.5392 0.4493 
         211  1 0.0059 0.2345 0.7596 
         212  1 0.0268 0.3847 0.5885 
         213  1 0.0159 0.4558 0.5283 
         214  1 0.0407 0.5356 0.4236 
         215  1 0.0113 0.5502 0.4385 
         216  1 0.0142 0.7962 0.1896 
         217  1 0.0436 0.6541 0.3022 
         218  1 0.0181 0.3778 0.6041 
         219  1 0.0046 0.9098 0.0856 
         220  1 0.0143 0.0385 0.9472 
         221  1 0.0213 0.2071 0.7716 
         222  1 0.1225 0.7390 0.1385 
         223  1 0.0261 0.8852 0.0887 
         224  1 0.0165 0.8146 0.1689 
         225  1 0.3026 0.5824 0.1149 
         226  1 0.0376 0.2005 0.7619 
         227  1 0.0074 0.8031 0.1895 
         228  1 0.0080 0.8104 0.1816 
         229  1 0.0183 0.5494 0.4323 
         230  1 0.0273 0.7735 0.1992 
         231  1 0.0092 0.7966 0.1942 
         232  1 0.0044 0.8273 0.1683 
         233  1 0.0137 0.7804 0.2059 
         234  1 0.0298 0.7012 0.2690 
         235  1 0.0125 0.6451 0.3423 
         236  1 0.0151 0.4476 0.5372 
         237  1 0.0263 0.2601 0.7136 
         238  1 0.0406 0.3984 0.5609 
         239  1 0.0135 0.1797 0.8068 
         240  1 0.0176 0.5176 0.4648 
         241  1 0.0082 0.5497 0.4421 
         242  1 0.0119 0.2135 0.7746 
         243  1 0.0157 0.3750 0.6094 
         244  1 0.0054 0.7348 0.2598 
         245  1 0.0178 0.4146 0.5676 
         246  1 0.0069 0.1817 0.8114 
         247  1 0.0271 0.9295 0.0434 
         248  1 0.0116 0.2446 0.7438 
         249  1 0.0112 0.4922 0.4966 
         250  1 0.0386 0.4085 0.5529 
         251  1 0.0075 0.7122 0.2803 
         252  1 0.0359 0.3835 0.5806 
         253  1 0.0093 0.0253 0.9653 
         254  1 0.0091 0.2868 0.7040 
         255  1 0.0059 0.0567 0.9373 
         256  1 0.0125 0.8359 0.1516 
         257  1 0.0210 0.5002 0.4787 
         258  1 0.0064 0.9220 0.0716 
         259  1 0.0069 0.7290 0.2641 
         260  1 0.0220 0.7995 0.1785 
         261  1 0.0082 0.8757 0.1162 
         262  1 0.0081 0.6391 0.3528 
         263  1 0.1636 0.4002 0.4362 
         264  1 0.0351 0.3176 0.6474 
         265  1 0.0255 0.9182 0.0563 
         266  1 0.0105 0.8073 0.1822 
         267  1 0.0146 0.5449 0.4404 
         268  1 0.1023 0.4536 0.4441 
         269  1 0.0164 0.8270 0.1566 
         270  1 0.0077 0.3993 0.5929 
         271  1 0.0439 0.2953 0.6608 
         272  1 0.0330 0.9326 0.0344 
         273  1 0.0305 0.7629 0.2066 
         274  1 0.0289 0.6204 0.3507 
         275  1 0.0116 0.3899 0.5985 
         276  1 0.1263 0.7233 0.1503 
         277  1 0.0130 0.9454 0.0416 
         278  1 0.0905 0.1505 0.7590 
         279  1 0.0335 0.5263 0.4402 
         280  1 0.0064 0.3665 0.6271 
         281  1 0.0048 0.1344 0.8607 
         282  1 0.0637 0.1764 0.7600 
         283  1 0.3130 0.3349 0.3521 
         284  1 0.0485 0.8136 0.1379 
         285  1 0.0242 0.4120 0.5638 
         286  1 0.0109 0.2510 0.7382 
         287  1 0.0127 0.3398 0.6474 
         288  1 0.0174 0.4919 0.4907 
         289  1 0.0115 0.7541 0.2344 
         290  1 0.0097 0.2497 0.7406 
         291  1 0.0213 0.4879 0.4908 
         292  1 0.0428 0.7492 0.2080 
         293  1 0.0096 0.5186 0.4717 
         294  1 0.0930 0.1857 0.7213 
         295  1 0.0114 0.6123 0.3763 
         296  1 0.0675 0.6092 0.3233 
         297  1 0.0862 0.4680 0.4459 
         298  1 0.0087 0.2172 0.7740 
         299  1 0.0357 0.2139 0.7505 
         300  1 0.0226 0.4442 0.5332 
         301  1 0.0057 0.1408 0.8534 
         302  1 0.0122 0.4286 0.5593 
         303  1 0.0804 0.2618 0.6578 
         304  1 0.0111 0.8970 0.0919 
         305  1 0.0082 0.2928 0.6990 
         306  1 0.0101 0.5929 0.3970 
         307  1 0.0387 0.4627 0.4986 
         308  1 0.0087 0.1129 0.8784 
         309  1 0.0568 0.7586 0.1846 
         310  1 0.2364 0.4006 0.3630 
         311  1 0.0274 0.6086 0.3641 
         312  1 0.0351 0.4216 0.5433 
         313  1 0.0061 0.8825 0.1114 
         314  1 0.0596 0.1560 0.7844 
         315  1 0.0107 0.8387 0.1506 
         316  1 0.1080 0.5977 0.2943 
         317  1 0.0314 0.3747 0.5939 
         318  1 0.0183 0.9451 0.0367 
         319  1 0.2177 0.6043 0.1780 
         320  1 0.0566 0.2144 0.7290 
         321  1 0.0066 0.3045 0.6889 
         322  1 0.0172 0.4954 0.4874 
         323  1 0.0130 0.3896 0.5974 
         324  1 0.0084 0.5798 0.4118 
         325  1 0.0328 0.7421 0.2251 
         326  1 0.0090 0.3422 0.6488 
         327  1 0.0067 0.5135 0.4798 
         328  1 0.0191 0.2202 0.7607 
         329  1 0.0200 0.1263 0.8537 
         330  1 0.0048 0.5651 0.4300 
         331  1 0.0061 0.8791 0.1148 
         332  1 0.0125 0.6350 0.3524 
         333  1 0.0136 0.3381 0.6483 
         334  1 0.0075 0.5499 0.4425 
         335  1 0.0095 0.4211 0.5694 
         336  1 0.0082 0.9520 0.0397 
         337  1 0.0400 0.8420 0.1180 
         338  1 0.0107 0.7095 0.2798 
         339  1 0.0118 0.9749 0.0133 
         340  1 0.0625 0.9125 0.0250 
         341  1 0.0083 0.8605 0.1312 
         342  1 0.0096 0.9723 0.0181 
         343  1 0.0107 0.8655 0.1238 
         344  1 0.0220 0.8948 0.0832 
         345  1 0.0167 0.9596 0.0237 
         346  1 0.0216 0.9594 0.0189 
         347  1 0.0131 0.9631 0.0238 
         348  1 0.0360 0.7741 0.1899 
         349  1 0.0093 0.9672 0.0235 
         350  1 0.0121 0.4821 0.5058 
         351  1 0.1340 0.8347 0.0313 
         352  1 0.0073 0.3855 0.6073 
         353  1 0.0412 0.8983 0.0605 
         354  1 0.0352 0.9389 0.0259 
         355  1 0.0456 0.8392 0.1152 
         356  1 0.0122 0.3391 0.6486 
         357  1 0.1708 0.6544 0.1748 
         358  1 0.0143 0.4830 0.5027 
         359  1 0.0289 0.8390 0.1321 
         360  1 0.0677 0.2722 0.6601 
         361  1 0.1282 0.4643 0.4076 
         362  1 0.0063 0.2121 0.7816 
         363  1 0.0074 0.9156 0.0770 
         364  1 0.0077 0.5871 0.4053 
         365  1 0.0086 0.8886 0.1028 
         366  1 0.0058 0.9406 0.0536 
         367  1 0.0183 0.2415 0.7402 
         368  1 0.0147 0.4560 0.5294 
         369  1 0.0058 0.7133 0.2809 
         370  1 0.0552 0.8298 0.1150 
         371  1 0.0665 0.5978 0.3356 
         372  1 0.0483 0.8844 0.0673 
         373  1 0.0202 0.6132 0.3666 
         374  1 0.0442 0.2914 0.6645 
         375  1 0.0300 0.8712 0.0988 
         376  1 0.0149 0.7783 0.2068 
         377  1 0.0125 0.4030 0.5845 
         378  1 0.0106 0.6747 0.3148 
         379  1 0.0155 0.7025 0.2820 
         380  1 0.0212 0.7009 0.2779 
         381  1 0.0134 0.8104 0.1762 
         382  1 0.0315 0.7930 0.1755 
         383  1 0.0187 0.2665 0.7148 
         384  1 0.0158 0.4274 0.5568 
         385  1 0.0050 0.9455 0.0495 
         386  1 0.0102 0.2683 0.7214 
         387  1 0.0096 0.8826 0.1078 
         388  1 0.0152 0.5475 0.4373 
         389  1 0.0083 0.5791 0.4126 
         390  1 0.0049 0.3381 0.6570 
         391  1 0.0081 0.6792 0.3127 
         392  1 0.0240 0.7446 0.2313 
         393  1 0.0091 0.3644 0.6264 
         394  1 0.0091 0.2504 0.7404 
         395  1 0.0081 0.5561 0.4358 
         396  1 0.0074 0.5957 0.3969 
         397  1 0.0093 0.6497 0.3409 
         398  1 0.0284 0.0921 0.8795 
         399  1 0.0142 0.6542 0.3315 
         400  1 0.0507 0.3195 0.6299 
         401  1 0.0094 0.4995 0.4911 
         402  1 0.0222 0.4737 0.5042 
         403  1 0.0082 0.5276 0.4642 
         404  1 0.0243 0.8097 0.1660 
         405  1 0.0121 0.4616 0.5263 
         406  1 0.0681 0.5469 0.3850 
         407  1 0.0163 0.5154 0.4683 
         408  1 0.0107 0.4804 0.5089 
         409  1 0.0215 0.7450 0.2336 
         410  1 0.0115 0.3502 0.6383 
         411  1 0.0379 0.7380 0.2241 
         412  1 0.0199 0.5869 0.3932 
         413  1 0.0077 0.3809 0.6113 
         414  1 0.0183 0.6374 0.3443 
         415  1 0.0090 0.1425 0.8486 
         416  1 0.0126 0.5352 0.4522 
         417  1 0.0149 0.2481 0.7371 
         418  1 0.0067 0.5862 0.4071 
         419  1 0.0139 0.2897 0.6965 
         420  1 0.0087 0.0737 0.9176 
         421  1 0.0099 0.0798 0.9103 
         422  1 0.1337 0.2433 0.6230 
         423  1 0.0202 0.7976 0.1822 
         424  1 0.0227 0.6377 0.3396 
         425  1 0.0087 0.7894 0.2019 
         426  1 0.0531 0.8025 0.1444 
         427  1 0.0061 0.5059 0.4880 
         428  1 0.0073 0.5498 0.4429 
         429  1 0.0228 0.6652 0.3120 
         430  1 0.4322 0.4190 0.1487 
         431  1 0.0077 0.3778 0.6145 
         432  1 0.0103 0.8806 0.1091 
         433  1 0.0311 0.7705 0.1984 
         434  1 0.0106 0.3218 0.6676 
         435  1 0.0125 0.0616 0.9259 
         436  1 0.0102 0.0192 0.9705 
         437  1 0.2192 0.2426 0.5382 
         438  1 0.0696 0.5367 0.3937 
         439  1 0.0183 0.8569 0.1248 
         440  1 0.0059 0.4923 0.5018 
         441  1 0.1136 0.1382 0.7481 
         442  1 0.2143 0.1660 0.6197 
         443  1 0.0235 0.8066 0.1698 
         444  1 0.0190 0.6598 0.3212 
         445  1 0.0118 0.7631 0.2252 
         446  1 0.0163 0.7576 0.2261 
         447  1 0.0101 0.4516 0.5383 
         448  1 0.0683 0.4554 0.4763 
         449  1 0.0093 0.3487 0.6421 
         450  1 0.1286 0.7284 0.1431 
         451  1 0.0061 0.2425 0.7513 
         452  1 0.0223 0.4147 0.5631 
         453  1 0.0113 0.1017 0.8870 
         454  1 0.0549 0.4483 0.4969 
         455  1 0.0117 0.7637 0.2246 
         456  1 0.0143 0.8627 0.1230 
         457  1 0.0061 0.1498 0.8441 
         458  1 0.0189 0.8290 0.1521 
         459  1 0.0478 0.5873 0.3649 
         460  1 0.0764 0.0827 0.8410 
         461  1 0.0355 0.1378 0.8267 
         462  1 0.0099 0.2875 0.7026 
         463  1 0.0368 0.5859 0.3773 
         464  1 0.0135 0.0935 0.8930 
         465  1 0.0883 0.4780 0.4337 
         466  1 0.1760 0.4399 0.3841 
         467  1 0.0200 0.4673 0.5127 
         468  1 0.0100 0.4608 0.5293 
         469  1 0.0090 0.4539 0.5372 
         470  1 0.0538 0.5559 0.3904 
         471  1 0.0068 0.1824 0.8108 
         472  1 0.0376 0.3007 0.6617 
         473  1 0.0187 0.6335 0.3478 
         474  1 0.0086 0.5926 0.3988 
         475  1 0.0056 0.6841 0.3103 
         476  1 0.0070 0.3363 0.6567 
         477  1 0.0715 0.6301 0.2985 
         478  1 0.0982 0.7773 0.1245 
         479  1 0.0069 0.0468 0.9463 
         480  1 0.0100 0.6091 0.3809 
         481  1 0.0122 0.2813 0.7065 
         482  1 0.0068 0.7175 0.2757 
         483  1 0.0247 0.6349 0.3405 
         484  1 0.0070 0.3579 0.6351 
         485  1 0.5567 0.1661 0.2772 
         486  1 0.0097 0.4674 0.5230 
         487  1 0.0099 0.7339 0.2562 
         488  1 0.0208 0.2809 0.6984 
         489  1 0.0095 0.1557 0.8348 
         490  1 0.0142 0.8140 0.1719 
         491  1 0.0079 0.6102 0.3819 
         492  1 0.0186 0.7963 0.1850 
         493  1 0.0042 0.7601 0.2356 
         494  1 0.0084 0.6706 0.3210 
         495  1 0.0273 0.3539 0.6188 
         496  1 0.0980 0.2899 0.6121 
         497  1 0.0119 0.5248 0.4633 
         498  1 0.0137 0.5062 0.4801 
         499  1 0.0074 0.5765 0.4161 
         500  1 0.0109 0.8238 0.1652 
         501  1 0.0140 0.4407 0.5454 
         502  1 0.0532 0.1947 0.7521 
         503  1 0.0088 0.5194 0.4718 
         504  1 0.0091 0.5703 0.4206 
         505  1 0.1152 0.6568 0.2280 
         506  1 0.0306 0.4454 0.5240 
         507  1 0.1130 0.2597 0.6273 
         508  1 0.0111 0.7734 0.2154 
         509  1 0.0053 0.7339 0.2608 
         510  1 0.0075 0.4986 0.4939 
         511  1 0.0113 0.6119 0.3768 
         512  1 0.0119 0.6445 0.3437 
         513  1 0.0146 0.7741 0.2113 
         514  1 0.0229 0.6647 0.3124 
         515  1 0.0076 0.6539 0.3385 
         516  1 0.0267 0.8291 0.1442 
         517  1 0.0275 0.9163 0.0562 
         518  1 0.2032 0.4855 0.3113 
         519  1 0.0417 0.3236 0.6346 
         520  1 0.0173 0.5560 0.4267 
         521  1 0.0089 0.4090 0.5820 
         522  1 0.0144 0.0836 0.9020 
         523  1 0.0254 0.6269 0.3477 
         524  1 0.0055 0.6215 0.3729 
         525  1 0.0138 0.7907 0.1954 
         526  1 0.0225 0.5870 0.3905 
         527  1 0.0092 0.1301 0.8607 
         528  1 0.0117 0.5762 0.4121 
         529  1 0.0155 0.0406 0.9439 
         530  1 0.0613 0.5782 0.3605 
         531  1 0.0088 0.4306 0.5606 
         532  1 0.0175 0.2356 0.7469 
         533  1 0.0146 0.3782 0.6072 
         534  1 0.0571 0.8153 0.1276 
         535  1 0.0183 0.7180 0.2637 
         536  1 0.0128 0.0831 0.9041 
         537  1 0.0464 0.6195 0.3341 
         538  1 0.0049 0.8795 0.1156 
         539  1 0.0147 0.8935 0.0918 
         540  1 0.0108 0.4494 0.5398 
         541  1 0.0111 0.2165 0.7725 
         542  1 0.0107 0.6405 0.3488 
         543  1 0.0045 0.4803 0.5152 
         544  1 0.0462 0.4748 0.4790 
         545  1 0.0387 0.7321 0.2292 
         546  1 0.0222 0.5454 0.4324 
         547  1 0.0085 0.3545 0.6370 
         548  1 0.0073 0.6107 0.3820 
         549  1 0.0272 0.6741 0.2987 
         550  1 0.0063 0.8148 0.1789 
         551  1 0.0072 0.3408 0.6521 
         552  1 0.0044 0.7073 0.2883 
         553  1 0.0258 0.4519 0.5224 
         554  1 0.0508 0.3374 0.6118 
         555  1 0.0300 0.7142 0.2558 
         556  1 0.0278 0.6889 0.2832 
         557  1 0.0107 0.4996 0.4897 
         558  1 0.0085 0.6609 0.3306 
         559  1 0.0579 0.6091 0.3330 
         560  1 0.0211 0.6606 0.3184 
         561  1 0.0152 0.7032 0.2816 
         562  1 0.0132 0.1636 0.8232 
         563  1 0.0091 0.5562 0.4347 
         564  1 0.2903 0.3573 0.3524 
         565  1 0.0100 0.2863 0.7038 
         566  1 0.0260 0.2076 0.7665 
         567  1 0.0103 0.0898 0.8999 
         568  1 0.0448 0.1114 0.8438 
         569  1 0.0055 0.7891 0.2054 
         570  1 0.0071 0.2435 0.7494 
         571  1 0.0095 0.2124 0.7781 
         572  1 0.0113 0.4441 0.5447 
         573  1 0.1936 0.7037 0.1028 
         574  1 0.0310 0.4256 0.5433 
         575  1 0.0204 0.7311 0.2485 
         576  1 0.0593 0.5135 0.4272 
         577  1 0.0564 0.5888 0.3548 
         578  1 0.2182 0.1147 0.6671 
         579  1 0.0352 0.6857 0.2791 
         580  1 0.0091 0.1416 0.8493 
         581  1 0.0076 0.7885 0.2039 
         582  1 0.1161 0.3432 0.5406 
         583  1 0.0950 0.4086 0.4964 
         584  1 0.0201 0.7270 0.2529 
         585  1 0.0250 0.4217 0.5533 
         586  1 0.0124 0.7875 0.2001 
         587  1 0.0129 0.9038 0.0833 
         588  1 0.0310 0.4273 0.5417 
         589  1 0.0624 0.3188 0.6188 
         590  1 0.0193 0.8074 0.1733 
         591  1 0.0065 0.0554 0.9381 
         592  1 0.0180 0.9084 0.0736 
         593  1 0.0225 0.6896 0.2879 
         594  1 0.0264 0.8846 0.0890 
         595  1 0.0132 0.0445 0.9423 
         596  1 0.0139 0.2580 0.7281 
         597  1 0.0199 0.3175 0.6626 
         598  1 0.0073 0.9011 0.0916 
         599  1 0.0535 0.4591 0.4874 
         600  1 0.0470 0.3204 0.6326 
         601  1 0.1291 0.7769 0.0940 
         602  1 0.0699 0.3010 0.6291 
         603  1 0.0122 0.2389 0.7489 
         604  1 0.0132 0.0701 0.9167 
         605  1 0.0087 0.6094 0.3818 
         606  1 0.0211 0.3190 0.6599 
         607  1 0.0307 0.6039 0.3654 
         608  1 0.0098 0.8892 0.1010 
         609  1 0.0107 0.7167 0.2726 
         610  1 0.0395 0.4557 0.5047 
         611  1 0.0070 0.4175 0.5755 
         612  1 0.0329 0.8488 0.1183 
         613  1 0.0276 0.2521 0.7203 
         614  1 0.0073 0.6845 0.3083 
         615  1 0.0245 0.6668 0.3086 
         616  1 0.0169 0.5849 0.3981 
         617  1 0.0138 0.3938 0.5924 
         618  1 0.0148 0.3584 0.6269 
         619  1 0.0323 0.1557 0.8120 
         620  1 0.0084 0.7931 0.1985 
         621  1 0.0847 0.8516 0.0638 
         622  1 0.0189 0.8056 0.1755 
         623  1 0.0029 0.7730 0.2241 
         624  1 0.0241 0.6500 0.3259 
         625  1 0.0082 0.3724 0.6194 
         626  1 0.0055 0.0342 0.9603 
         627  1 0.0456 0.6516 0.3028 
         628  1 0.0090 0.6258 0.3652 
         629  1 0.0211 0.0475 0.9314 
         630  1 0.0069 0.7779 0.2152 
         631  1 0.0083 0.9220 0.0697 
         632  1 0.0173 0.7003 0.2824 
         633  1 0.1203 0.3536 0.5261 
         634  1 0.0227 0.8606 0.1167 
         635  1 0.0116 0.6199 0.3685 
         636  1 0.0231 0.3222 0.6547 
         637  1 0.0099 0.2261 0.7639 
         638  1 0.0469 0.6174 0.3357 
         639  1 0.0112 0.0963 0.8925 
         640  1 0.0119 0.8365 0.1516 
         641  1 0.0149 0.2363 0.7488 
         642  1 0.0105 0.7789 0.2105 
         643  1 0.0302 0.6290 0.3408 
         644  1 0.0753 0.6324 0.2922 
         645  1 0.0512 0.8692 0.0795 
         646  1 0.0245 0.7673 0.2082 
         647  1 0.0074 0.1777 0.8149 
         648  1 0.1635 0.5820 0.2545 
         649  1 0.0491 0.5631 0.3877 
         650  1 0.0073 0.3654 0.6274 
         651  1 0.0167 0.5720 0.4113 
         652  1 0.0356 0.8910 0.0734 
         653  1 0.0119 0.2376 0.7505 
         654  1 0.0081 0.5108 0.4811 
         655  1 0.0508 0.6166 0.3326 
         656  1 0.0177 0.8037 0.1786 
         657  1 0.0209 0.9249 0.0542 
         658  1 0.0341 0.0638 0.9021 
         659  1 0.0147 0.3260 0.6592 
         660  1 0.0200 0.7357 0.2443 
         661  1 0.0112 0.1099 0.8789 
         662  1 0.0382 0.0372 0.9246 
         663  1 0.0084 0.9095 0.0820 
         664  1 0.0173 0.7907 0.1921 
         665  1 0.1036 0.5530 0.3433 
         666  1 0.0053 0.6518 0.3429 
         667  1 0.0129 0.4972 0.4898 
         668  1 0.1215 0.2779 0.6006 
         669  1 0.0114 0.7588 0.2298 
         670  1 0.0098 0.1735 0.8167 
         671  1 0.0637 0.8930 0.0432 
         672  1 0.0175 0.6804 0.3021 
         673  1 0.0050 0.6042 0.3908 
         674  1 0.0397 0.5597 0.4006 
         675  1 0.0209 0.8298 0.1493 
         676  1 0.0472 0.6639 0.2890 
         677  1 0.0065 0.8243 0.1692 
         678  1 0.0063 0.8595 0.1343 
         679  1 0.0072 0.9026 0.0902 
         680  1 0.0362 0.4065 0.5573 
         681  1 0.0122 0.5960 0.3918 
         682  1 0.0153 0.2465 0.7382 
         683  1 0.0730 0.2418 0.6852 
         684  1 0.0083 0.1335 0.8582 
         685  1 0.1255 0.7247 0.1498 
         686  1 0.1798 0.5952 0.2249 
         687  1 0.0101 0.9056 0.0844 
         688  1 0.0083 0.8530 0.1388 
         689  1 0.0391 0.3527 0.6083 
         690  1 0.0147 0.7127 0.2726 
         691  1 0.1650 0.3391 0.4959 
         692  1 0.0458 0.3456 0.6086 
         693  1 0.0065 0.5492 0.4443 
         694  1 0.0119 0.7985 0.1896 
         695  1 0.0074 0.4549 0.5377 
         696  1 0.0319 0.6017 0.3664 
         697  1 0.0195 0.3159 0.6646 
         698  1 0.0259 0.5230 0.4511 
         699  1 0.0166 0.5251 0.4583 
         700  1 0.0248 0.6220 0.3532 
         701  1 0.0133 0.7483 0.2384 
         702  1 0.0576 0.6901 0.2523 
         703  1 0.0106 0.1419 0.8474 
         704  1 0.0280 0.2695 0.7025 
         705  1 0.0127 0.4461 0.5412 
         706  1 0.0067 0.8894 0.1039 
         707  1 0.0207 0.3269 0.6524 
         708  1 0.0143 0.5356 0.4502 
         709  1 0.0415 0.5085 0.4500 
         710  1 0.0781 0.6478 0.2741 
         711  1 0.0137 0.5486 0.4377 
         712  1 0.0117 0.3276 0.6607 
         713  1 0.0097 0.5384 0.4518 
         714  1 0.0598 0.3337 0.6065 
         715  1 0.2450 0.2013 0.5537 
         716  1 0.0157 0.5595 0.4249 
         717  1 0.1286 0.7988 0.0726 
         718  1 0.0177 0.8381 0.1442 
         719  1 0.0166 0.7179 0.2654 
         720  1 0.1649 0.5220 0.3131 
         721  1 0.0241 0.2917 0.6842 
         722  1 0.0181 0.1813 0.8006 
         723  1 0.0170 0.3899 0.5930 
         724  1 0.0251 0.6546 0.3203 
         725  1 0.0066 0.3434 0.6500 
         726  1 0.0878 0.4208 0.4915 
         727  1 0.0085 0.4919 0.4997 
         728  1 0.0172 0.7660 0.2169 
         729  1 0.0152 0.2146 0.7702 
         730  1 0.0096 0.7710 0.2195 
         731  1 0.0110 0.5300 0.4590 
         732  1 0.0321 0.5150 0.4530 
         733  1 0.0074 0.4754 0.5172 
         734  1 0.0138 0.6272 0.3590 
         735  1 0.0104 0.9403 0.0492 
         736  1 0.0076 0.6297 0.3627 
         737  1 0.0338 0.1630 0.8032 
         738  1 0.0131 0.4835 0.5034 
         739  1 0.0234 0.3329 0.6436 
         740  1 0.0469 0.3033 0.6497 
         741  1 0.0090 0.4266 0.5644 
         742  1 0.1474 0.0374 0.8152 
         743  1 0.0169 0.0145 0.9686 
         744  1 0.0560 0.0161 0.9278 
         745  1 0.0100 0.0109 0.9791 
         746  1 0.0371 0.0093 0.9537 
         747  1 0.0062 0.0309 0.9629 
         748  1 0.0934 0.0385 0.8680 
         749  1 0.0116 0.0089 0.9795 
         750  1 0.0135 0.0096 0.9769 
         751  1 0.0413 0.0140 0.9446 
         752  1 0.1849 0.0243 0.7908 
         753  1 0.0783 0.0088 0.9129 
         754  1 0.1093 0.0149 0.8758 
         755  1 0.1203 0.6718 0.2079 
         756  1 0.0539 0.5419 0.4042 
         757  1 0.0218 0.1308 0.8474 
         758  1 0.0217 0.1090 0.8692 
         759  1 0.0900 0.7676 0.1423 
         760  1 0.3362 0.4333 0.2305 
         761  1 0.0789 0.2873 0.6339 
         762  1 0.8344 0.0823 0.0833 
         763  1 0.0188 0.2718 0.7094 
         764  1 0.0154 0.7284 0.2562 
         765  1 0.9859 0.0072 0.0068 
         766  1 0.0123 0.2879 0.6998 
         767  1 0.0209 0.5037 0.4754 
         768  1 0.0214 0.2988 0.6798 
         769  1 0.0613 0.4711 0.4676 
         770  1 0.0264 0.4988 0.4749 
         771  1 0.0144 0.8627 0.1229 
         772  1 0.0218 0.5183 0.4599 
         773  1 0.0187 0.4764 0.5050 
         774  1 0.0148 0.5224 0.4629 
         775  1 0.9846 0.0074 0.0080 
         776  1 0.9598 0.0239 0.0163 
         777  1 0.9892 0.0056 0.0051 
         778  1 0.1041 0.4239 0.4720 
         779  1 0.9794 0.0114 0.0092 
         780  1 0.9532 0.0219 0.0250 
         781  1 0.9845 0.0083 0.0072 
         782  1 0.9886 0.0059 0.0055 
         783  1 0.9474 0.0282 0.0244 
         784  1 0.9848 0.0064 0.0088 
         785  1 0.9772 0.0111 0.0116 
         786  1 0.9501 0.0267 0.0232 
         787  1 0.9847 0.0080 0.0073 
         788  1 0.9853 0.0068 0.0079 
         789  1 0.9857 0.0065 0.0079 
         790  1 0.9787 0.0103 0.0111 
         791  1 0.8878 0.0323 0.0800 
         792  1 0.9871 0.0056 0.0073 
         793  1 0.9482 0.0339 0.0179 
         794  1 0.9504 0.0243 0.0253 
         795  1 0.9856 0.0066 0.0078 
         796  1 0.9534 0.0293 0.0172 
         797  1 0.9798 0.0089 0.0112 
         798  1 0.9749 0.0083 0.0168 
         799  1 0.9888 0.0055 0.0056 
         800  1 0.9787 0.0095 0.0119 
         801  1 0.9813 0.0096 0.0092 
         802  1 0.9912 0.0045 0.0043 
         803  1 0.9816 0.0097 0.0086 
         804  1 0.9243 0.0473 0.0284 
         805  1 0.9253 0.0494 0.0253 
         806  1 0.9723 0.0117 0.0161 
         807  1 0.9779 0.0124 0.0097 
         808  1 0.9774 0.0117 0.0109 
         809  1 0.9501 0.0227 0.0272 
         810  1 0.9759 0.0126 0.0115 
         811  1 0.9894 0.0048 0.0059 
         812  1 0.9899 0.0051 0.0050 
         813  1 0.8757 0.0743 0.0500 
         814  1 0.9843 0.0071 0.0085 
         815  1 0.8854 0.0498 0.0648 
         816  1 0.9877 0.0058 0.0065 
         817  1 0.9649 0.0128 0.0223 
         818  1 0.8841 0.0302 0.0858 
         819  1 0.9848 0.0067 0.0085 
         820  1 0.9875 0.0060 0.0065 
         821  1 0.9863 0.0073 0.0064 
         822  1 0.9845 0.0082 0.0073 
         823  1 0.9787 0.0129 0.0084 
         824  1 0.9767 0.0103 0.0129 
         825  1 0.8496 0.0644 0.0860 
         826  1 0.9736 0.0085 0.0179 
         827  1 0.9869 0.0075 0.0056 
         828  1 0.9900 0.0052 0.0048 
         829  1 0.9915 0.0041 0.0044 
         830  1 0.9887 0.0061 0.0052 
         831  1 0.9762 0.0124 0.0114 
         832  1 0.9599 0.0172 0.0229 
         833  1 0.9825 0.0087 0.0088 
         834  1 0.9300 0.0336 0.0364 
         835  1 0.9878 0.0058 0.0063 
         836  1 0.9679 0.0144 0.0177 
         837  1 0.9800 0.0112 0.0088 
         838  1 0.8739 0.0877 0.0385 
         839  1 0.9697 0.0175 0.0128 
         840  1 0.9885 0.0054 0.0061 
         841  1 0.0368 0.6983 0.2649 
         842  1 0.9627 0.0155 0.0219 
         843  1 0.9887 0.0059 0.0054 
         844  1 0.9883 0.0058 0.0059 
         845  1 0.9815 0.0106 0.0078 
         846  1 0.9765 0.0116 0.0119 
         847  1 0.9867 0.0070 0.0064 
         848  1 0.9810 0.0071 0.0119 
         849  1 0.0152 0.5598 0.4250 
         850  1 0.1837 0.1282 0.6880 
         851  1 0.0293 0.6153 0.3554 
         852  1 0.2235 0.4608 0.3157 
         853  1 0.0179 0.8393 0.1428 
         854  1 0.6229 0.2663 0.1108 
         855  1 0.0286 0.3338 0.6376 
         856  1 0.0207 0.6657 0.3136 
         857  1 0.9640 0.0180 0.0180 
         858  1 0.0901 0.3035 0.6064 
         859  1 0.9722 0.0153 0.0124 
         860  1 0.0173 0.5243 0.4584 
         861  1 0.6796 0.1739 0.1465 
         862  1 0.0239 0.7277 0.2484 
         863  1 0.0196 0.0929 0.8875 
         864  1 0.9869 0.0068 0.0063 
         865  1 0.2529 0.4705 0.2766 
         866  1 0.1004 0.1688 0.7308 
         867  1 0.0170 0.4237 0.5593 
         868  1 0.0102 0.8216 0.1682 
         869  1 0.0100 0.4803 0.5097 
         870  1 0.9803 0.0110 0.0087 
         871  1 0.0389 0.6430 0.3180 
         872  1 0.3467 0.4821 0.1712 
         873  1 0.0341 0.4175 0.5483 
         874  1 0.0832 0.3109 0.6059 
         875  1 0.0702 0.5033 0.4266 
         876  1 0.1215 0.6190 0.2595 
         877  1 0.0729 0.7208 0.2063 
         878  1 0.0281 0.6360 0.3359 
         879  1 0.2589 0.4720 0.2691 
         880  1 0.0224 0.1598 0.8178 
         881  1 0.9879 0.0060 0.0061 
         882  1 0.1787 0.5917 0.2297 
         883  1 0.3197 0.1057 0.5746 
         884  1 0.0352 0.8005 0.1643 
         885  1 0.0287 0.3555 0.6158 
         886  1 0.0080 0.7376 0.2544 
         887  1 0.1862 0.5884 0.2254 
         888  1 0.0299 0.7130 0.2571 
         889  1 0.0789 0.6337 0.2874 
         890  1 0.0141 0.5444 0.4415 
         891  1 0.0046 0.7780 0.2174 
         892  1 0.9904 0.0048 0.0048 
         893  1 0.9406 0.0346 0.0248 
