           1  1 0.8086 0.0725 0.0082 0.1107 
           2  1 0.0428 0.8829 0.0064 0.0679 
           3  1 0.2826 0.3426 0.0107 0.3640 
           4  1 0.6336 0.3193 0.0067 0.0404 
           5  1 0.0941 0.8340 0.0563 0.0155 
           6  1 0.4816 0.4759 0.0244 0.0181 
           7  1 0.0333 0.9426 0.0082 0.0159 
           8  1 0.0373 0.5515 0.0049 0.4063 
           9  1 0.6919 0.2055 0.0083 0.0943 
          10  1 0.3241 0.1911 0.0649 0.4199 
          11  1 0.6401 0.3202 0.0096 0.0302 
          12  1 0.1192 0.6679 0.0049 0.2079 
          13  1 0.1829 0.6516 0.0082 0.1572 
          14  1 0.4361 0.4875 0.0104 0.0659 
          15  1 0.7347 0.0748 0.0118 0.1786 
          16  1 0.5175 0.4333 0.0085 0.0406 
          17  1 0.3246 0.5874 0.0248 0.0632 
          18  1 0.2910 0.3592 0.0147 0.3351 
          19  1 0.5819 0.1562 0.0123 0.2496 
          20  1 0.0248 0.5491 0.2833 0.1428 
          21  1 0.2766 0.3661 0.0611 0.2961 
          22  1 0.8605 0.1145 0.0056 0.0193 
          23  1 0.0732 0.8789 0.0140 0.0340 
          24  1 0.4041 0.4357 0.0741 0.0861 
          25  1 0.4162 0.3267 0.0362 0.2210 
          26  1 0.4308 0.5187 0.0055 0.0451 
          27  1 0.5105 0.4403 0.0089 0.0403 
          28  1 0.4711 0.2035 0.1763 0.1492 
          29  1 0.1975 0.5931 0.0533 0.1560 
          30  1 0.6379 0.3279 0.0042 0.0300 
          31  1 0.3996 0.5762 0.0093 0.0149 
          32  1 0.1179 0.8623 0.0065 0.0133 
          33  1 0.2239 0.7520 0.0061 0.0181 
          34  1 0.2423 0.2160 0.0249 0.5167 
          35  1 0.0760 0.8870 0.0102 0.0268 
          36  1 0.1184 0.8585 0.0070 0.0161 
          37  1 0.3775 0.4119 0.1167 0.0940 
          38  1 0.2209 0.7090 0.0083 0.0617 
          39  1 0.9117 0.0501 0.0103 0.0278 
          40  1 0.3449 0.6203 0.0167 0.0181 
          41  1 0.4294 0.5029 0.0146 0.0531 
          42  1 0.0777 0.6821 0.0185 0.2217 
          43  1 0.2349 0.5025 0.0123 0.2502 
          44  1 0.3691 0.5559 0.0434 0.0315 
          45  1 0.1124 0.3806 0.0046 0.5025 
          46  1 0.1995 0.7046 0.0128 0.0832 
          47  1 0.7295 0.2020 0.0413 0.0273 
          48  1 0.1226 0.7690 0.0487 0.0597 
          49  1 0.1811 0.1440 0.0220 0.6529 
          50  1 0.3086 0.4961 0.0083 0.1870 
          51  1 0.0750 0.7917 0.0060 0.1273 
          52  1 0.1155 0.8620 0.0058 0.0167 
          53  1 0.0163 0.2414 0.0064 0.7360 
          54  1 0.2825 0.5496 0.1227 0.0452 
          55  1 0.0454 0.1374 0.0124 0.8048 
          56  1 0.7501 0.2114 0.0191 0.0193 
          57  1 0.2269 0.6784 0.0081 0.0866 
          58  1 0.5118 0.3958 0.0335 0.0590 
          59  1 0.2949 0.6763 0.0066 0.0223 
          60  1 0.3055 0.5718 0.0183 0.1044 
          61  1 0.4498 0.2684 0.2134 0.0683 
          62  1 0.0878 0.8087 0.0082 0.0953 
          63  1 0.1505 0.7176 0.0157 0.1162 
          64  1 0.6380 0.2695 0.0072 0.0852 
          65  1 0.3840 0.5627 0.0107 0.0425 
          66  1 0.0516 0.8690 0.0112 0.0682 
          67  1 0.1190 0.7597 0.0623 0.0590 
          68  1 0.7028 0.2252 0.0205 0.0514 
          69  1 0.3910 0.4243 0.1514 0.0333 
          70  1 0.4228 0.4283 0.0222 0.1267 
          71  1 0.1841 0.7649 0.0304 0.0206 
          72  1 0.1124 0.7124 0.0169 0.1582 
          73  1 0.6472 0.1594 0.0103 0.1831 
          74  1 0.6358 0.3241 0.0097 0.0304 
          75  1 0.0499 0.8424 0.0084 0.0994 
          76  1 0.1134 0.8529 0.0086 0.0251 
          77  1 0.0086 0.0075 0.0134 0.9706 
          78  1 0.0115 0.0088 0.0213 0.9583 
          79  1 0.0065 0.0091 0.0113 0.9731 
          80  1 0.0078 0.0084 0.0047 0.9791 
          81  1 0.0068 0.0094 0.0056 0.9783 
          82  1 0.0080 0.0086 0.0102 0.9733 
          83  1 0.0088 0.0088 0.0207 0.9617 
          84  1 0.0146 0.0112 0.0087 0.9655 
          85  1 0.0105 0.0108 0.0094 0.9692 
          86  1 0.0447 0.0627 0.0097 0.8829 
          87  1 0.0085 0.0087 0.0060 0.9767 
          88  1 0.0114 0.0105 0.0134 0.9646 
          89  1 0.0082 0.0096 0.0231 0.9591 
          90  1 0.0737 0.0952 0.0136 0.8175 
          91  1 0.0112 0.0086 0.0139 0.9664 
          92  1 0.0075 0.0077 0.0309 0.9539 
          93  1 0.0075 0.0092 0.0079 0.9755 
          94  1 0.0073 0.0082 0.0127 0.9718 
          95  1 0.0164 0.0184 0.0187 0.9464 
          96  1 0.0095 0.0081 0.0062 0.9762 
          97  1 0.0226 0.0202 0.1148 0.8424 
          98  1 0.1033 0.0669 0.0173 0.8125 
          99  1 0.0098 0.0087 0.0057 0.9757 
         100  1 0.0095 0.0106 0.0089 0.9710 
         101  1 0.0115 0.0119 0.0056 0.9710 
         102  1 0.0154 0.0197 0.0338 0.9311 
         103  1 0.7544 0.2004 0.0081 0.0371 
         104  1 0.5084 0.4445 0.0056 0.0415 
         105  1 0.3815 0.4020 0.0266 0.1899 
         106  1 0.1862 0.5928 0.0161 0.2049 
         107  1 0.7638 0.1854 0.0089 0.0419 
         108  1 0.4107 0.1399 0.0195 0.4300 
         109  1 0.4382 0.3766 0.0427 0.1425 
         110  1 0.1954 0.7706 0.0191 0.0149 
         111  1 0.1372 0.7691 0.0082 0.0856 
         112  1 0.3510 0.5058 0.0059 0.1372 
         113  1 0.0728 0.7664 0.0100 0.1509 
         114  1 0.0495 0.8801 0.0093 0.0610 
         115  1 0.7029 0.2034 0.0486 0.0451 
         116  1 0.6000 0.3555 0.0050 0.0394 
         117  1 0.3550 0.4903 0.0093 0.1455 
         118  1 0.5076 0.4569 0.0087 0.0267 
         119  1 0.2413 0.7134 0.0057 0.0396 
         120  1 0.1891 0.2269 0.0064 0.5776 
         121  1 0.4144 0.2725 0.0139 0.2992 
         122  1 0.5714 0.3584 0.0190 0.0512 
         123  1 0.5516 0.2685 0.0147 0.1652 
         124  1 0.3666 0.4034 0.0109 0.2190 
         125  1 0.1035 0.8383 0.0108 0.0474 
         126  1 0.2663 0.2429 0.0189 0.4719 
         127  1 0.4165 0.4956 0.0133 0.0746 
         128  1 0.0229 0.0377 0.0062 0.9332 
         129  1 0.2795 0.2917 0.0143 0.4145 
         130  1 0.3806 0.5644 0.0143 0.0407 
         131  1 0.3717 0.1531 0.0071 0.4681 
         132  1 0.0316 0.8930 0.0045 0.0709 
         133  1 0.0764 0.1941 0.0060 0.7235 
         134  1 0.0452 0.6629 0.0082 0.2837 
         135  1 0.1115 0.1394 0.0463 0.7029 
         136  1 0.1222 0.1972 0.0128 0.6678 
         137  1 0.7998 0.1694 0.0118 0.0190 
         138  1 0.0754 0.6794 0.0090 0.2362 
         139  1 0.5725 0.2735 0.0064 0.1476 
         140  1 0.4042 0.2746 0.0714 0.2498 
         141  1 0.1669 0.7987 0.0083 0.0262 
         142  1 0.3633 0.5861 0.0109 0.0397 
         143  1 0.4036 0.1660 0.0069 0.4235 
         144  1 0.5023 0.3826 0.0068 0.1083 
         145  1 0.6432 0.2409 0.0605 0.0554 
         146  1 0.2189 0.3176 0.0269 0.4366 
         147  1 0.7962 0.1445 0.0229 0.0363 
         148  1 0.0517 0.3796 0.0097 0.5589 
         149  1 0.7413 0.1922 0.0379 0.0286 
         150  1 0.0624 0.1718 0.0732 0.6926 
         151  1 0.1502 0.7616 0.0110 0.0772 
         152  1 0.6048 0.0970 0.2369 0.0613 
         153  1 0.2505 0.6646 0.0453 0.0396 
         154  1 0.6728 0.1558 0.0725 0.0989 
         155  1 0.2337 0.6320 0.0113 0.1229 
         156  1 0.1549 0.0474 0.0255 0.7722 
         157  1 0.1543 0.5582 0.0101 0.2775 
         158  1 0.2167 0.6249 0.0067 0.1516 
         159  1 0.2035 0.2238 0.3164 0.2564 
         160  1 0.7438 0.1510 0.0114 0.0938 
         161  1 0.4614 0.3441 0.0371 0.1574 
         162  1 0.3268 0.5663 0.0154 0.0915 
         163  1 0.6798 0.2706 0.0062 0.0433 
         164  1 0.3267 0.6322 0.0095 0.0316 
         165  1 0.0341 0.8529 0.1014 0.0116 
         166  1 0.0645 0.0770 0.0050 0.8535 
         167  1 0.8091 0.1404 0.0085 0.0421 
         168  1 0.1481 0.4647 0.0177 0.3695 
         169  1 0.1405 0.8309 0.0053 0.0232 
         170  1 0.6109 0.2700 0.0147 0.1044 
         171  1 0.4945 0.2667 0.0349 0.2039 
         172  1 0.6871 0.2776 0.0118 0.0235 
         173  1 0.3315 0.5913 0.0223 0.0549 
         174  1 0.4533 0.3867 0.1354 0.0246 
         175  1 0.7998 0.1609 0.0147 0.0246 
         176  1 0.6933 0.1674 0.0142 0.1251 
         177  1 0.3022 0.6665 0.0065 0.0248 
         178  1 0.2424 0.6991 0.0181 0.0405 
         179  1 0.7073 0.0862 0.0228 0.1838 
         180  1 0.6973 0.1979 0.0061 0.0987 
         181  1 0.1959 0.1146 0.0141 0.6755 
         182  1 0.1924 0.2331 0.0117 0.5627 
         183  1 0.3987 0.2672 0.0215 0.3126 
         184  1 0.3610 0.5046 0.0096 0.1249 
         185  1 0.3248 0.2778 0.0094 0.3880 
         186  1 0.5778 0.2348 0.0043 0.1831 
         187  1 0.4302 0.4950 0.0331 0.0417 
         188  1 0.3977 0.4641 0.0247 0.1135 
         189  1 0.5983 0.3110 0.0135 0.0772 
         190  1 0.5300 0.4111 0.0259 0.0329 
         191  1 0.3938 0.1283 0.0647 0.4132 
         192  1 0.8032 0.1294 0.0524 0.0150 
         193  1 0.1569 0.7296 0.0103 0.1031 
         194  1 0.2913 0.6500 0.0232 0.0355 
         195  1 0.3187 0.5887 0.0311 0.0615 
         196  1 0.0335 0.0782 0.0069 0.8814 
         197  1 0.2405 0.4514 0.0064 0.3017 
         198  1 0.3118 0.4659 0.0125 0.2097 
         199  1 0.5809 0.2037 0.0115 0.2040 
         200  1 0.1317 0.6579 0.0064 0.2040 
         201  1 0.5257 0.3375 0.0777 0.0591 
         202  1 0.0677 0.5833 0.0066 0.3425 
         203  1 0.5547 0.1412 0.0090 0.2951 
         204  1 0.0310 0.6798 0.0130 0.2761 
         205  1 0.1344 0.6062 0.0332 0.2262 
         206  1 0.7683 0.1690 0.0256 0.0371 
         207  1 0.5967 0.1811 0.0062 0.2161 
         208  1 0.0442 0.1192 0.0062 0.8304 
         209  1 0.1085 0.8005 0.0383 0.0528 
         210  1 0.2628 0.6561 0.0095 0.0715 
         211  1 0.1448 0.4282 0.0065 0.4206 
         212  1 0.3628 0.2736 0.0269 0.3367 
         213  1 0.1983 0.5456 0.0146 0.2415 
         214  1 0.1077 0.7718 0.0332 0.0873 
         215  1 0.5764 0.1912 0.0111 0.2214 
         216  1 0.4169 0.5275 0.0134 0.0422 
         217  1 0.3454 0.5196 0.0408 0.0943 
         218  1 0.2497 0.4561 0.0167 0.2774 
         219  1 0.4043 0.5686 0.0044 0.0228 
         220  1 0.0304 0.1301 0.0129 0.8266 
         221  1 0.3339 0.2096 0.0218 0.4347 
         222  1 0.4935 0.3602 0.1067 0.0396 
         223  1 0.7852 0.1659 0.0256 0.0234 
         224  1 0.5390 0.4139 0.0171 0.0301 
         225  1 0.5852 0.1077 0.2628 0.0443 
         226  1 0.2452 0.3140 0.0380 0.4028 
         227  1 0.1985 0.7629 0.0070 0.0316 
         228  1 0.5212 0.4324 0.0081 0.0384 
         229  1 0.3184 0.5102 0.0193 0.1522 
         230  1 0.5196 0.4336 0.0265 0.0202 
         231  1 0.6672 0.2416 0.0094 0.0819 
         232  1 0.6112 0.3436 0.0046 0.0406 
         233  1 0.6010 0.2117 0.0125 0.1748 
         234  1 0.5004 0.3783 0.0293 0.0921 
         235  1 0.1225 0.8234 0.0114 0.0427 
         236  1 0.5688 0.2205 0.0157 0.1950 
         237  1 0.1529 0.1560 0.0257 0.6655 
         238  1 0.2396 0.5143 0.0381 0.2080 
         239  1 0.1242 0.6287 0.0125 0.2346 
         240  1 0.2942 0.3009 0.0177 0.3871 
         241  1 0.5943 0.3097 0.0074 0.0887 
         242  1 0.1646 0.3486 0.0132 0.4736 
         243  1 0.1085 0.7492 0.0151 0.1273 
         244  1 0.8226 0.0853 0.0047 0.0873 
         245  1 0.0424 0.8912 0.0160 0.0504 
         246  1 0.1974 0.1064 0.0063 0.6900 
         247  1 0.2471 0.7018 0.0342 0.0169 
         248  1 0.0996 0.3176 0.0107 0.5721 
         249  1 0.4987 0.4273 0.0099 0.0641 
         250  1 0.5124 0.1137 0.0372 0.3367 
         251  1 0.7288 0.1678 0.0074 0.0960 
         252  1 0.1487 0.5170 0.0334 0.3009 
         253  1 0.0234 0.0896 0.0084 0.8785 
         254  1 0.1306 0.6932 0.0089 0.1673 
         255  1 0.0342 0.1531 0.0061 0.8067 
         256  1 0.7543 0.2073 0.0120 0.0264 
         257  1 0.2786 0.4570 0.0203 0.2440 
         258  1 0.5193 0.4544 0.0065 0.0197 
         259  1 0.2692 0.6474 0.0065 0.0769 
         260  1 0.3612 0.5640 0.0231 0.0517 
         261  1 0.2333 0.7327 0.0080 0.0260 
         262  1 0.1137 0.8445 0.0083 0.0335 
         263  1 0.0600 0.7304 0.1485 0.0610 
         264  1 0.0211 0.8826 0.0324 0.0639 
         265  1 0.1549 0.7912 0.0328 0.0211 
         266  1 0.1562 0.7854 0.0102 0.0482 
         267  1 0.1988 0.5384 0.0140 0.2488 
         268  1 0.1897 0.2641 0.0830 0.4633 
         269  1 0.8260 0.1116 0.0149 0.0475 
         270  1 0.3896 0.4185 0.0079 0.1840 
         271  1 0.1091 0.5381 0.0412 0.3116 
         272  1 0.8983 0.0590 0.0283 0.0143 
         273  1 0.4503 0.4810 0.0263 0.0424 
         274  1 0.4477 0.3197 0.0294 0.2033 
         275  1 0.2591 0.4283 0.0111 0.3015 
         276  1 0.7496 0.1004 0.1114 0.0386 
         277  1 0.6380 0.3300 0.0152 0.0167 
         278  1 0.0886 0.2922 0.1054 0.5138 
         279  1 0.4133 0.4157 0.0333 0.1377 
         280  1 0.5753 0.2207 0.0062 0.1978 
         281  1 0.0492 0.4091 0.0051 0.5367 
         282  1 0.2434 0.2524 0.0732 0.4309 
         283  1 0.1836 0.3515 0.2931 0.1718 
         284  1 0.6412 0.2886 0.0440 0.0262 
         285  1 0.0590 0.7752 0.0209 0.1449 
         286  1 0.1824 0.2950 0.0104 0.5122 
         287  1 0.2005 0.2080 0.0123 0.5792 
         288  1 0.4463 0.2859 0.0179 0.2498 
         289  1 0.0889 0.8835 0.0108 0.0169 
         290  1 0.1823 0.4362 0.0095 0.3721 
         291  1 0.3425 0.4458 0.0219 0.1899 
         292  1 0.6148 0.2264 0.0420 0.1169 
         293  1 0.7585 0.0887 0.0092 0.1436 
         294  1 0.1532 0.3009 0.1020 0.4439 
         295  1 0.6150 0.0927 0.0104 0.2819 
         296  1 0.4677 0.4254 0.0585 0.0483 
         297  1 0.3185 0.4252 0.0882 0.1681 
         298  1 0.1505 0.6169 0.0092 0.2233 
         299  1 0.1056 0.5244 0.0419 0.3282 
         300  1 0.2171 0.5284 0.0235 0.2310 
         301  1 0.1200 0.0639 0.0052 0.8110 
         302  1 0.1888 0.6220 0.0111 0.1782 
         303  1 0.0812 0.7755 0.0694 0.0739 
         304  1 0.6422 0.3228 0.0109 0.0240 
         305  1 0.3910 0.2639 0.0082 0.3369 
         306  1 0.2922 0.6538 0.0103 0.0437 
         307  1 0.2854 0.5175 0.0377 0.1594 
         308  1 0.1925 0.3130 0.0093 0.4852 
         309  1 0.6573 0.2522 0.0526 0.0379 
         310  1 0.3472 0.4059 0.1819 0.0650 
         311  1 0.6343 0.2579 0.0267 0.0811 
         312  1 0.2670 0.1426 0.0331 0.5573 
         313  1 0.4946 0.4616 0.0069 0.0368 
         314  1 0.0989 0.0725 0.0458 0.7828 
         315  1 0.6649 0.2695 0.0105 0.0551 
         316  1 0.3442 0.4876 0.1079 0.0603 
         317  1 0.3228 0.3657 0.0329 0.2786 
         318  1 0.8501 0.1196 0.0176 0.0127 
         319  1 0.4211 0.2866 0.2299 0.0624 
         320  1 0.1272 0.0957 0.0512 0.7259 
         321  1 0.1242 0.7750 0.0064 0.0944 
         322  1 0.6145 0.1014 0.0162 0.2680 
         323  1 0.2556 0.5472 0.0149 0.1822 
         324  1 0.2941 0.6141 0.0083 0.0836 
         325  1 0.7703 0.1457 0.0280 0.0560 
         326  1 0.2634 0.6254 0.0088 0.1024 
         327  1 0.4844 0.3761 0.0065 0.1330 
         328  1 0.1566 0.3107 0.0199 0.5128 
         329  1 0.1212 0.1432 0.0229 0.7128 
         330  1 0.4849 0.2066 0.0050 0.3034 
         331  1 0.8731 0.0873 0.0060 0.0336 
         332  1 0.5532 0.3921 0.0106 0.0441 
         333  1 0.1468 0.6803 0.0134 0.1595 
         334  1 0.1606 0.7288 0.0070 0.1036 
         335  1 0.1927 0.4788 0.0099 0.3185 
         336  1 0.9345 0.0367 0.0086 0.0201 
         337  1 0.6946 0.2142 0.0434 0.0477 
         338  1 0.7508 0.0408 0.0102 0.1982 
         339  1 0.9695 0.0123 0.0103 0.0079 
         340  1 0.9071 0.0327 0.0479 0.0123 
         341  1 0.3005 0.6262 0.0083 0.0650 
         342  1 0.9694 0.0126 0.0078 0.0103 
         343  1 0.8869 0.0359 0.0100 0.0672 
         344  1 0.9335 0.0215 0.0169 0.0281 
         345  1 0.9577 0.0173 0.0131 0.0119 
         346  1 0.9445 0.0245 0.0193 0.0117 
         347  1 0.9297 0.0442 0.0129 0.0133 
         348  1 0.7289 0.1043 0.0351 0.1317 
         349  1 0.9698 0.0109 0.0085 0.0108 
         350  1 0.5884 0.0345 0.0102 0.3669 
         351  1 0.8862 0.0197 0.0828 0.0114 
         352  1 0.4752 0.2618 0.0072 0.2558 
         353  1 0.9356 0.0217 0.0259 0.0169 
         354  1 0.9434 0.0191 0.0264 0.0111 
         355  1 0.9090 0.0327 0.0301 0.0282 
         356  1 0.0761 0.6134 0.0112 0.2992 
         357  1 0.6936 0.0882 0.1600 0.0582 
         358  1 0.3970 0.2527 0.0142 0.3361 
         359  1 0.1836 0.7511 0.0276 0.0376 
         360  1 0.4642 0.0817 0.0639 0.3902 
         361  1 0.4466 0.2339 0.1293 0.1901 
         362  1 0.1096 0.3532 0.0061 0.5312 
         363  1 0.8632 0.1101 0.0073 0.0193 
         364  1 0.1665 0.7874 0.0083 0.0378 
         365  1 0.8776 0.0916 0.0085 0.0222 
         366  1 0.8468 0.1276 0.0056 0.0200 
         367  1 0.1911 0.3187 0.0190 0.4712 
         368  1 0.3389 0.3923 0.0153 0.2535 
         369  1 0.7713 0.1296 0.0057 0.0934 
         370  1 0.7297 0.1753 0.0563 0.0387 
         371  1 0.5759 0.2464 0.0671 0.1106 
         372  1 0.7092 0.2239 0.0510 0.0160 
         373  1 0.4210 0.4791 0.0202 0.0796 
         374  1 0.2014 0.1392 0.0463 0.6131 
         375  1 0.4669 0.4801 0.0288 0.0241 
         376  1 0.5389 0.3350 0.0168 0.1092 
         377  1 0.2082 0.5003 0.0125 0.2790 
         378  1 0.7830 0.0491 0.0097 0.1582 
         379  1 0.4550 0.4550 0.0147 0.0753 
         380  1 0.0885 0.8637 0.0172 0.0306 
         381  1 0.7193 0.1875 0.0136 0.0796 
         382  1 0.1096 0.8402 0.0267 0.0235 
         383  1 0.1976 0.3354 0.0192 0.4478 
         384  1 0.4032 0.3504 0.0166 0.2297 
         385  1 0.1683 0.8144 0.0048 0.0125 
         386  1 0.4268 0.1321 0.0097 0.4313 
         387  1 0.7752 0.1932 0.0084 0.0232 
         388  1 0.4356 0.2847 0.0168 0.2628 
         389  1 0.1799 0.6382 0.0081 0.1738 
         390  1 0.6538 0.1518 0.0047 0.1897 
         391  1 0.4966 0.4234 0.0084 0.0716 
         392  1 0.5170 0.4138 0.0222 0.0470 
         393  1 0.3326 0.3991 0.0083 0.2600 
         394  1 0.1773 0.5170 0.0089 0.2969 
         395  1 0.2465 0.5805 0.0074 0.1656 
         396  1 0.2135 0.6378 0.0075 0.1412 
         397  1 0.3429 0.5315 0.0093 0.1164 
         398  1 0.0539 0.0681 0.0244 0.8536 
         399  1 0.2536 0.6143 0.0137 0.1185 
         400  1 0.1381 0.4782 0.0516 0.3320 
         401  1 0.4355 0.3705 0.0089 0.1851 
         402  1 0.2864 0.5697 0.0225 0.1215 
         403  1 0.4684 0.3202 0.0076 0.2038 
         404  1 0.5413 0.3725 0.0243 0.0619 
         405  1 0.6707 0.1021 0.0129 0.2143 
         406  1 0.3472 0.4774 0.0615 0.1139 
         407  1 0.1133 0.8311 0.0144 0.0412 
         408  1 0.3110 0.4776 0.0102 0.2012 
         409  1 0.4304 0.5021 0.0242 0.0433 
         410  1 0.1108 0.5847 0.0121 0.2924 
         411  1 0.5150 0.3898 0.0348 0.0604 
         412  1 0.2154 0.7017 0.0175 0.0654 
         413  1 0.3665 0.4625 0.0073 0.1637 
         414  1 0.6352 0.2147 0.0186 0.1315 
         415  1 0.0760 0.1834 0.0094 0.7311 
         416  1 0.1520 0.7461 0.0112 0.0907 
         417  1 0.2238 0.2174 0.0143 0.5445 
         418  1 0.3910 0.3716 0.0067 0.2307 
         419  1 0.2341 0.2264 0.0138 0.5257 
         420  1 0.0395 0.0764 0.0072 0.8769 
         421  1 0.0807 0.2609 0.0103 0.6482 
         422  1 0.2624 0.0861 0.1264 0.5251 
         423  1 0.4077 0.5464 0.0189 0.0269 
         424  1 0.5541 0.3515 0.0211 0.0733 
         425  1 0.7782 0.1836 0.0091 0.0291 
         426  1 0.7254 0.1812 0.0484 0.0450 
         427  1 0.2091 0.6500 0.0063 0.1346 
         428  1 0.4981 0.3885 0.0071 0.1062 
         429  1 0.0650 0.8981 0.0191 0.0179 
         430  1 0.2728 0.2654 0.4170 0.0448 
         431  1 0.0849 0.8614 0.0078 0.0458 
         432  1 0.7421 0.1862 0.0112 0.0605 
         433  1 0.5003 0.3946 0.0324 0.0727 
         434  1 0.1318 0.6655 0.0099 0.1927 
         435  1 0.0590 0.1810 0.0154 0.7446 
         436  1 0.0185 0.0814 0.0106 0.8895 
         437  1 0.1274 0.2382 0.2331 0.4013 
         438  1 0.0787 0.8426 0.0516 0.0271 
         439  1 0.8206 0.1292 0.0168 0.0334 
         440  1 0.6282 0.1757 0.0058 0.1903 
         441  1 0.0547 0.5427 0.1103 0.2923 
         442  1 0.1337 0.4148 0.2255 0.2259 
         443  1 0.5405 0.3818 0.0250 0.0527 
         444  1 0.3226 0.5782 0.0178 0.0814 
         445  1 0.6806 0.2478 0.0109 0.0607 
         446  1 0.8285 0.1080 0.0162 0.0473 
         447  1 0.5651 0.1376 0.0103 0.2871 
         448  1 0.5954 0.0369 0.0558 0.3119 
         449  1 0.4271 0.1261 0.0095 0.4374 
         450  1 0.7634 0.0340 0.0965 0.1060 
         451  1 0.4524 0.1248 0.0064 0.4164 
         452  1 0.0893 0.7971 0.0199 0.0937 
         453  1 0.0809 0.1214 0.0116 0.7861 
         454  1 0.2068 0.6142 0.0623 0.1167 
         455  1 0.2354 0.7177 0.0110 0.0359 
         456  1 0.3751 0.5654 0.0160 0.0435 
         457  1 0.0346 0.7530 0.0060 0.2065 
         458  1 0.5937 0.3414 0.0199 0.0450 
         459  1 0.5301 0.2911 0.0450 0.1338 
         460  1 0.0910 0.1487 0.0894 0.6709 
         461  1 0.0876 0.1175 0.0369 0.7580 
         462  1 0.4928 0.2958 0.0093 0.2021 
         463  1 0.5360 0.1640 0.0359 0.2640 
         464  1 0.0781 0.0890 0.0121 0.8208 
         465  1 0.5348 0.2518 0.0851 0.1283 
         466  1 0.5074 0.0835 0.1665 0.2426 
         467  1 0.3008 0.4858 0.0201 0.1933 
         468  1 0.6386 0.1407 0.0093 0.2115 
         469  1 0.5051 0.3151 0.0084 0.1714 
         470  1 0.2848 0.5472 0.0594 0.1086 
         471  1 0.1321 0.5293 0.0067 0.3319 
         472  1 0.1107 0.4834 0.0415 0.3644 
         473  1 0.1738 0.7638 0.0189 0.0435 
         474  1 0.2855 0.6645 0.0087 0.0413 
         475  1 0.1360 0.8232 0.0055 0.0353 
         476  1 0.1033 0.6120 0.0064 0.2784 
         477  1 0.3922 0.3520 0.0837 0.1721 
         478  1 0.5376 0.3052 0.0985 0.0587 
         479  1 0.0411 0.0306 0.0074 0.9209 
         480  1 0.4124 0.3904 0.0106 0.1866 
         481  1 0.1439 0.6750 0.0127 0.1684 
         482  1 0.8349 0.1311 0.0064 0.0276 
         483  1 0.1696 0.7704 0.0198 0.0402 
         484  1 0.2240 0.1869 0.0073 0.5818 
         485  1 0.1666 0.0761 0.5429 0.2145 
         486  1 0.3718 0.4018 0.0107 0.2158 
         487  1 0.6287 0.2854 0.0102 0.0757 
         488  1 0.2906 0.2129 0.0231 0.4734 
         489  1 0.0994 0.1221 0.0095 0.7689 
         490  1 0.8333 0.0891 0.0143 0.0634 
         491  1 0.5721 0.2171 0.0073 0.2036 
         492  1 0.4398 0.4871 0.0171 0.0561 
         493  1 0.6465 0.2989 0.0043 0.0504 
         494  1 0.1834 0.7275 0.0091 0.0800 
         495  1 0.1282 0.6766 0.0276 0.1677 
         496  1 0.1713 0.5985 0.1026 0.1277 
         497  1 0.6888 0.1335 0.0098 0.1679 
         498  1 0.2877 0.4661 0.0141 0.2320 
         499  1 0.2251 0.6384 0.0072 0.1292 
         500  1 0.3127 0.6293 0.0108 0.0473 
         501  1 0.3870 0.5028 0.0140 0.0962 
         502  1 0.0745 0.2214 0.0491 0.6549 
         503  1 0.4327 0.4611 0.0080 0.0981 
         504  1 0.6163 0.1583 0.0089 0.2165 
         505  1 0.4117 0.4397 0.1053 0.0433 
         506  1 0.2661 0.3651 0.0301 0.3386 
         507  1 0.2366 0.2772 0.1203 0.3660 
         508  1 0.2476 0.6673 0.0116 0.0735 
         509  1 0.0606 0.9195 0.0050 0.0150 
         510  1 0.2343 0.3080 0.0077 0.4500 
         511  1 0.5362 0.3216 0.0118 0.1304 
         512  1 0.6609 0.2409 0.0122 0.0861 
         513  1 0.4419 0.4994 0.0150 0.0438 
         514  1 0.7949 0.1289 0.0215 0.0548 
         515  1 0.4372 0.4415 0.0070 0.1143 
         516  1 0.6302 0.2963 0.0279 0.0456 
         517  1 0.8108 0.1482 0.0253 0.0157 
         518  1 0.2780 0.3832 0.2016 0.1373 
         519  1 0.2295 0.0901 0.0360 0.6445 
         520  1 0.2241 0.5660 0.0172 0.1928 
         521  1 0.4280 0.1522 0.0087 0.4110 
         522  1 0.0503 0.0567 0.0110 0.8820 
         523  1 0.3598 0.5389 0.0235 0.0778 
         524  1 0.3293 0.5681 0.0054 0.0972 
         525  1 0.3699 0.5736 0.0122 0.0443 
         526  1 0.7719 0.0866 0.0190 0.1226 
         527  1 0.0639 0.3379 0.0088 0.5894 
         528  1 0.5405 0.3639 0.0114 0.0842 
         529  1 0.0212 0.0309 0.0130 0.9349 
         530  1 0.5730 0.1802 0.0625 0.1843 
         531  1 0.3550 0.2607 0.0101 0.3742 
         532  1 0.1726 0.1296 0.0160 0.6818 
         533  1 0.4266 0.2724 0.0151 0.2860 
         534  1 0.6988 0.1687 0.0583 0.0742 
         535  1 0.6370 0.2931 0.0178 0.0520 
         536  1 0.0516 0.1830 0.0128 0.7526 
         537  1 0.4903 0.2463 0.0448 0.2186 
         538  1 0.2720 0.7100 0.0045 0.0135 
         539  1 0.7929 0.1554 0.0148 0.0370 
         540  1 0.3480 0.4078 0.0101 0.2341 
         541  1 0.1571 0.2208 0.0116 0.6105 
         542  1 0.6443 0.1175 0.0102 0.2280 
         543  1 0.1012 0.8113 0.0044 0.0831 
         544  1 0.6079 0.1483 0.0459 0.1979 
         545  1 0.8037 0.0945 0.0355 0.0663 
         546  1 0.2205 0.6815 0.0212 0.0768 
         547  1 0.3443 0.3157 0.0099 0.3302 
         548  1 0.6180 0.2804 0.0071 0.0944 
         549  1 0.8604 0.0429 0.0207 0.0759 
         550  1 0.4500 0.5217 0.0064 0.0219 
         551  1 0.1548 0.4372 0.0069 0.4011 
         552  1 0.7545 0.1920 0.0039 0.0497 
         553  1 0.4324 0.3047 0.0267 0.2361 
         554  1 0.2424 0.5237 0.0493 0.1845 
         555  1 0.5887 0.3203 0.0311 0.0600 
         556  1 0.7460 0.1388 0.0237 0.0914 
         557  1 0.4985 0.3389 0.0110 0.1515 
         558  1 0.5134 0.3543 0.0084 0.1239 
         559  1 0.1393 0.7978 0.0426 0.0203 
         560  1 0.7077 0.1918 0.0203 0.0801 
         561  1 0.5570 0.3111 0.0157 0.1162 
         562  1 0.1964 0.4319 0.0131 0.3586 
         563  1 0.6799 0.2595 0.0083 0.0523 
         564  1 0.2090 0.3998 0.2820 0.1093 
         565  1 0.2759 0.3142 0.0106 0.3993 
         566  1 0.1780 0.4862 0.0268 0.3090 
         567  1 0.0503 0.1908 0.0094 0.7495 
         568  1 0.0790 0.7351 0.0420 0.1438 
         569  1 0.4803 0.4663 0.0050 0.0484 
         570  1 0.1252 0.4268 0.0072 0.4408 
         571  1 0.0974 0.4518 0.0088 0.4420 
         572  1 0.3879 0.3566 0.0118 0.2437 
         573  1 0.3248 0.4005 0.2296 0.0451 
         574  1 0.2566 0.4166 0.0337 0.2931 
         575  1 0.6534 0.2733 0.0183 0.0551 
         576  1 0.6525 0.1606 0.0520 0.1350 
         577  1 0.4171 0.2889 0.0633 0.2307 
         578  1 0.1019 0.1203 0.2274 0.5504 
         579  1 0.4890 0.4299 0.0302 0.0509 
         580  1 0.0495 0.2122 0.0087 0.7296 
         581  1 0.5872 0.3816 0.0074 0.0238 
         582  1 0.3265 0.3285 0.1246 0.2204 
         583  1 0.4181 0.1404 0.1045 0.3370 
         584  1 0.6641 0.2325 0.0177 0.0857 
         585  1 0.4456 0.0852 0.0233 0.4458 
         586  1 0.5429 0.4003 0.0124 0.0444 
         587  1 0.7432 0.2209 0.0117 0.0242 
         588  1 0.2156 0.5164 0.0329 0.2351 
         589  1 0.0413 0.8263 0.0441 0.0883 
         590  1 0.4438 0.4804 0.0206 0.0553 
         591  1 0.0398 0.1980 0.0069 0.7553 
         592  1 0.0982 0.8676 0.0172 0.0170 
         593  1 0.3042 0.6331 0.0208 0.0419 
         594  1 0.4962 0.4487 0.0286 0.0265 
         595  1 0.0256 0.0213 0.0106 0.9425 
         596  1 0.2997 0.4464 0.0153 0.2386 
         597  1 0.4176 0.1185 0.0214 0.4425 
         598  1 0.9276 0.0466 0.0066 0.0192 
         599  1 0.2606 0.4699 0.0508 0.2187 
         600  1 0.4551 0.2111 0.0475 0.2864 
         601  1 0.6197 0.2172 0.1319 0.0311 
         602  1 0.2428 0.3678 0.0756 0.3137 
         603  1 0.2158 0.1271 0.0120 0.6451 
         604  1 0.0526 0.5297 0.0136 0.4041 
         605  1 0.2460 0.6404 0.0088 0.1048 
         606  1 0.2308 0.3023 0.0233 0.4436 
         607  1 0.2608 0.5951 0.0290 0.1151 
         608  1 0.3614 0.5894 0.0100 0.0392 
         609  1 0.5179 0.3893 0.0111 0.0817 
         610  1 0.3127 0.4694 0.0425 0.1754 
         611  1 0.0616 0.8723 0.0065 0.0595 
         612  1 0.6208 0.3239 0.0315 0.0237 
         613  1 0.1817 0.4915 0.0307 0.2961 
         614  1 0.5760 0.2668 0.0076 0.1497 
         615  1 0.6803 0.1736 0.0230 0.1230 
         616  1 0.5804 0.3055 0.0149 0.0992 
         617  1 0.1326 0.5193 0.0129 0.3353 
         618  1 0.5077 0.2087 0.0143 0.2693 
         619  1 0.0824 0.0607 0.0251 0.8318 
         620  1 0.8162 0.0907 0.0091 0.0840 
         621  1 0.8032 0.1045 0.0743 0.0180 
         622  1 0.8305 0.1152 0.0171 0.0373 
         623  1 0.1017 0.8797 0.0029 0.0158 
         624  1 0.7233 0.1831 0.0229 0.0707 
         625  1 0.2839 0.3877 0.0083 0.3200 
         626  1 0.0165 0.0485 0.0051 0.9299 
         627  1 0.4931 0.3760 0.0485 0.0824 
         628  1 0.6382 0.2284 0.0086 0.1248 
         629  1 0.0281 0.0425 0.0189 0.9106 
         630  1 0.4252 0.5143 0.0066 0.0539 
         631  1 0.6385 0.3221 0.0082 0.0313 
         632  1 0.6720 0.2255 0.0153 0.0872 
         633  1 0.1209 0.6255 0.1052 0.1484 
         634  1 0.7135 0.2291 0.0200 0.0374 
         635  1 0.3449 0.4676 0.0116 0.1759 
         636  1 0.3218 0.0629 0.0190 0.5963 
         637  1 0.2279 0.3812 0.0107 0.3802 
         638  1 0.5648 0.1996 0.0461 0.1895 
         639  1 0.0892 0.2147 0.0119 0.6843 
         640  1 0.7907 0.1333 0.0117 0.0643 
         641  1 0.1222 0.6954 0.0138 0.1686 
         642  1 0.7015 0.2156 0.0091 0.0737 
         643  1 0.2807 0.6117 0.0326 0.0751 
         644  1 0.4363 0.2684 0.0713 0.2240 
         645  1 0.5983 0.3047 0.0560 0.0410 
         646  1 0.7326 0.1533 0.0230 0.0911 
         647  1 0.1496 0.4716 0.0073 0.3715 
         648  1 0.6356 0.1727 0.1334 0.0583 
         649  1 0.4893 0.3904 0.0511 0.0692 
         650  1 0.5732 0.2921 0.0074 0.1274 
         651  1 0.7577 0.0900 0.0134 0.1389 
         652  1 0.4043 0.5424 0.0345 0.0189 
         653  1 0.2044 0.2411 0.0110 0.5436 
         654  1 0.4702 0.3194 0.0079 0.2025 
         655  1 0.6175 0.1922 0.0466 0.1436 
         656  1 0.7919 0.1349 0.0173 0.0558 
         657  1 0.7844 0.1773 0.0199 0.0184 
         658  1 0.1332 0.2916 0.0392 0.5359 
         659  1 0.1785 0.5613 0.0142 0.2460 
         660  1 0.8727 0.0707 0.0176 0.0390 
         661  1 0.0769 0.0997 0.0106 0.8129 
         662  1 0.0178 0.0490 0.0315 0.9018 
         663  1 0.8891 0.0674 0.0078 0.0358 
         664  1 0.4860 0.4663 0.0178 0.0299 
         665  1 0.4736 0.3232 0.1019 0.1012 
         666  1 0.8181 0.0955 0.0048 0.0815 
         667  1 0.3722 0.3915 0.0132 0.2230 
         668  1 0.2413 0.1847 0.1191 0.4550 
         669  1 0.7002 0.2586 0.0093 0.0320 
         670  1 0.1819 0.4574 0.0099 0.3508 
         671  1 0.5815 0.3319 0.0733 0.0134 
         672  1 0.5410 0.3887 0.0163 0.0540 
         673  1 0.4599 0.5100 0.0046 0.0255 
         674  1 0.6097 0.0903 0.0358 0.2643 
         675  1 0.7490 0.1853 0.0212 0.0445 
         676  1 0.5416 0.3132 0.0453 0.0999 
         677  1 0.7954 0.1332 0.0058 0.0657 
         678  1 0.7048 0.2434 0.0062 0.0456 
         679  1 0.9029 0.0631 0.0072 0.0268 
         680  1 0.2191 0.3496 0.0374 0.3939 
         681  1 0.4331 0.3043 0.0118 0.2508 
         682  1 0.0719 0.2092 0.0143 0.7045 
         683  1 0.2573 0.1544 0.0712 0.5171 
         684  1 0.1282 0.2401 0.0080 0.6238 
         685  1 0.6425 0.1847 0.1038 0.0690 
         686  1 0.1924 0.6449 0.1392 0.0236 
         687  1 0.5853 0.3838 0.0098 0.0212 
         688  1 0.2908 0.6477 0.0088 0.0527 
         689  1 0.1761 0.7052 0.0392 0.0795 
         690  1 0.2447 0.5116 0.0164 0.2273 
         691  1 0.3408 0.1009 0.1576 0.4007 
         692  1 0.1593 0.5908 0.0423 0.2076 
         693  1 0.3766 0.5144 0.0065 0.1025 
         694  1 0.6126 0.3161 0.0120 0.0593 
         695  1 0.3342 0.4751 0.0077 0.1831 
         696  1 0.5837 0.2540 0.0313 0.1309 
         697  1 0.2014 0.2593 0.0196 0.5196 
         698  1 0.6182 0.2037 0.0241 0.1540 
         699  1 0.3365 0.3819 0.0160 0.2656 
         700  1 0.6767 0.1081 0.0210 0.1943 
         701  1 0.5582 0.3278 0.0121 0.1020 
         702  1 0.4497 0.3996 0.0550 0.0957 
         703  1 0.0696 0.3945 0.0117 0.5242 
         704  1 0.2683 0.1691 0.0362 0.5263 
         705  1 0.3032 0.2746 0.0124 0.4098 
         706  1 0.6265 0.3336 0.0067 0.0332 
         707  1 0.4022 0.1661 0.0223 0.4095 
         708  1 0.7274 0.1077 0.0126 0.1524 
         709  1 0.3329 0.4942 0.0422 0.1307 
         710  1 0.3886 0.4287 0.0786 0.1040 
         711  1 0.5154 0.2375 0.0148 0.2322 
         712  1 0.2981 0.3631 0.0115 0.3272 
         713  1 0.4576 0.1862 0.0096 0.3466 
         714  1 0.1441 0.5375 0.0626 0.2557 
         715  1 0.1560 0.2619 0.2589 0.3233 
         716  1 0.3549 0.5728 0.0153 0.0570 
         717  1 0.4235 0.4014 0.1391 0.0361 
         718  1 0.7905 0.1446 0.0178 0.0471 
         719  1 0.1336 0.8200 0.0148 0.0316 
         720  1 0.4058 0.2373 0.1577 0.1991 
         721  1 0.2032 0.2525 0.0261 0.5183 
         722  1 0.2469 0.0973 0.0198 0.6360 
         723  1 0.3197 0.2882 0.0175 0.3747 
         724  1 0.3304 0.5649 0.0260 0.0787 
         725  1 0.2263 0.3604 0.0069 0.4064 
         726  1 0.2937 0.4778 0.1013 0.1272 
         727  1 0.6052 0.2197 0.0079 0.1672 
         728  1 0.7304 0.2049 0.0145 0.0502 
         729  1 0.1568 0.3289 0.0159 0.4984 
         730  1 0.5728 0.3549 0.0094 0.0630 
         731  1 0.3919 0.4150 0.0121 0.1810 
         732  1 0.1815 0.7300 0.0299 0.0586 
         733  1 0.5745 0.0609 0.0072 0.3574 
         734  1 0.4868 0.3246 0.0155 0.1731 
         735  1 0.7563 0.2154 0.0100 0.0183 
         736  1 0.5129 0.3999 0.0071 0.0801 
         737  1 0.0717 0.1249 0.0270 0.7764 
         738  1 0.4681 0.3638 0.0147 0.1533 
         739  1 0.1638 0.4726 0.0261 0.3375 
         740  1 0.1783 0.2912 0.0445 0.4861 
         741  1 0.4054 0.3519 0.0095 0.2332 
         742  1 0.0140 0.0147 0.0680 0.9033 
         743  1 0.0095 0.0116 0.0113 0.9676 
         744  1 0.0094 0.0080 0.0263 0.9563 
         745  1 0.0075 0.0061 0.0065 0.9799 
         746  1 0.0063 0.0070 0.0163 0.9705 
         747  1 0.0178 0.0136 0.0051 0.9635 
         748  1 0.0171 0.0206 0.0455 0.9168 
         749  1 0.0066 0.0072 0.0074 0.9788 
         750  1 0.0067 0.0060 0.0074 0.9799 
         751  1 0.0106 0.0079 0.0218 0.9597 
         752  1 0.0110 0.0092 0.0595 0.9203 
         753  1 0.0061 0.0094 0.0352 0.9492 
         754  1 0.0087 0.0093 0.0482 0.9337 
         755  1 0.7416 0.0800 0.0898 0.0886 
         756  1 0.0378 0.8804 0.0530 0.0287 
         757  1 0.0585 0.2562 0.0188 0.6664 
         758  1 0.0214 0.7279 0.0277 0.2230 
         759  1 0.3954 0.4632 0.1112 0.0302 
         760  1 0.2434 0.3337 0.3342 0.0887 
         761  1 0.0410 0.7268 0.0620 0.1702 
         762  1 0.0596 0.0606 0.8001 0.0797 
         763  1 0.1252 0.5530 0.0172 0.3046 
         764  1 0.1991 0.7000 0.0163 0.0845 
         765  1 0.0073 0.0069 0.9778 0.0080 
         766  1 0.1150 0.5736 0.0118 0.2996 
         767  1 0.2297 0.5954 0.0204 0.1546 
         768  1 0.2611 0.1917 0.0186 0.5287 
         769  1 0.0921 0.6758 0.0528 0.1793 
         770  1 0.1528 0.5723 0.0264 0.2485 
         771  1 0.3144 0.6555 0.0153 0.0147 
         772  1 0.4488 0.3713 0.0213 0.1586 
         773  1 0.3172 0.4210 0.0191 0.2427 
         774  1 0.5834 0.2326 0.0128 0.1712 
         775  1 0.0092 0.0077 0.9740 0.0092 
         776  1 0.0201 0.0191 0.9455 0.0153 
         777  1 0.0054 0.0054 0.9846 0.0046 
         778  1 0.1893 0.5022 0.1036 0.2049 
         779  1 0.0107 0.0106 0.9701 0.0087 
         780  1 0.0311 0.0177 0.9179 0.0333 
         781  1 0.0083 0.0076 0.9782 0.0059 
         782  1 0.0053 0.0050 0.9835 0.0062 
         783  1 0.0352 0.0222 0.9150 0.0275 
         784  1 0.0069 0.0073 0.9724 0.0134 
         785  1 0.0111 0.0098 0.9671 0.0120 
         786  1 0.0234 0.0303 0.9223 0.0240 
         787  1 0.0082 0.0080 0.9765 0.0072 
         788  1 0.0083 0.0072 0.9764 0.0080 
         789  1 0.0062 0.0071 0.9773 0.0093 
         790  1 0.0114 0.0092 0.9660 0.0134 
         791  1 0.0292 0.0352 0.7549 0.1808 
         792  1 0.0049 0.0063 0.9786 0.0102 
         793  1 0.0360 0.0239 0.9209 0.0193 
         794  1 0.0194 0.0266 0.9329 0.0210 
         795  1 0.0078 0.0061 0.9758 0.0104 
         796  1 0.0315 0.0207 0.9295 0.0183 
         797  1 0.0075 0.0106 0.9715 0.0104 
         798  1 0.0086 0.0113 0.9506 0.0295 
         799  1 0.0057 0.0054 0.9833 0.0057 
         800  1 0.0099 0.0108 0.9664 0.0129 
         801  1 0.0098 0.0099 0.9716 0.0087 
         802  1 0.0044 0.0041 0.9872 0.0043 
         803  1 0.0087 0.0118 0.9714 0.0081 
         804  1 0.0331 0.0453 0.9080 0.0136 
         805  1 0.0571 0.0294 0.8975 0.0160 
         806  1 0.0128 0.0111 0.9475 0.0287 
         807  1 0.0151 0.0084 0.9687 0.0078 
         808  1 0.0124 0.0119 0.9662 0.0095 
         809  1 0.0264 0.0238 0.9115 0.0382 
         810  1 0.0181 0.0126 0.9504 0.0190 
         811  1 0.0053 0.0053 0.9832 0.0063 
         812  1 0.0051 0.0049 0.9849 0.0050 
         813  1 0.0638 0.0640 0.8374 0.0348 
         814  1 0.0073 0.0075 0.9743 0.0109 
         815  1 0.0607 0.0501 0.8278 0.0614 
         816  1 0.0062 0.0060 0.9808 0.0069 
         817  1 0.0095 0.0174 0.9402 0.0328 
         818  1 0.0250 0.0725 0.8464 0.0562 
         819  1 0.0072 0.0074 0.9764 0.0089 
         820  1 0.0060 0.0053 0.9817 0.0070 
         821  1 0.0072 0.0061 0.9805 0.0062 
         822  1 0.0086 0.0079 0.9761 0.0075 
         823  1 0.0152 0.0120 0.9661 0.0067 
         824  1 0.0109 0.0118 0.9630 0.0143 
         825  1 0.0568 0.0448 0.8155 0.0829 
         826  1 0.0084 0.0101 0.9331 0.0484 
         827  1 0.0072 0.0068 0.9806 0.0055 
         828  1 0.0046 0.0049 0.9856 0.0049 
         829  1 0.0038 0.0043 0.9874 0.0045 
         830  1 0.0060 0.0052 0.9834 0.0055 
         831  1 0.0105 0.0144 0.9635 0.0115 
         832  1 0.0166 0.0193 0.9363 0.0278 
         833  1 0.0095 0.0075 0.9715 0.0115 
         834  1 0.0423 0.0285 0.8842 0.0450 
         835  1 0.0058 0.0057 0.9809 0.0076 
         836  1 0.0174 0.0135 0.9470 0.0220 
         837  1 0.0118 0.0094 0.9708 0.0080 
         838  1 0.0688 0.0605 0.8499 0.0208 
         839  1 0.0164 0.0172 0.9529 0.0135 
         840  1 0.0058 0.0055 0.9826 0.0061 
         841  1 0.2857 0.6470 0.0321 0.0352 
         842  1 0.0143 0.0187 0.9422 0.0248 
         843  1 0.0058 0.0059 0.9835 0.0048 
         844  1 0.0060 0.0057 0.9820 0.0064 
         845  1 0.0108 0.0095 0.9721 0.0076 
         846  1 0.0144 0.0097 0.9622 0.0137 
         847  1 0.0083 0.0067 0.9787 0.0063 
         848  1 0.0071 0.0082 0.9638 0.0210 
         849  1 0.0630 0.8883 0.0145 0.0343 
         850  1 0.0836 0.3239 0.1961 0.3964 
         851  1 0.1156 0.7998 0.0290 0.0556 
         852  1 0.0792 0.6936 0.1941 0.0332 
         853  1 0.4560 0.4897 0.0192 0.0351 
         854  1 0.1879 0.1682 0.6083 0.0357 
         855  1 0.0917 0.5728 0.0277 0.3078 
         856  1 0.3753 0.4180 0.0206 0.1861 
         857  1 0.0198 0.0168 0.9417 0.0217 
         858  1 0.1156 0.5498 0.0837 0.2509 
         859  1 0.0162 0.0157 0.9576 0.0105 
         860  1 0.1582 0.7437 0.0144 0.0837 
         861  1 0.1094 0.1524 0.6597 0.0784 
         862  1 0.2948 0.6516 0.0250 0.0286 
         863  1 0.0288 0.7463 0.0183 0.2066 
         864  1 0.0067 0.0073 0.9808 0.0052 
         865  1 0.3070 0.3746 0.2547 0.0637 
         866  1 0.0262 0.6595 0.0879 0.2264 
         867  1 0.1835 0.5404 0.0168 0.2593 
         868  1 0.1791 0.7781 0.0100 0.0328 
         869  1 0.1462 0.7027 0.0107 0.1404 
         870  1 0.0111 0.0105 0.9699 0.0085 
         871  1 0.3049 0.5776 0.0423 0.0753 
         872  1 0.2824 0.2729 0.3376 0.1071 
         873  1 0.0772 0.8165 0.0310 0.0753 
         874  1 0.2674 0.3273 0.0777 0.3276 
         875  1 0.1726 0.5931 0.0633 0.1710 
         876  1 0.2440 0.5612 0.1304 0.0644 
         877  1 0.3242 0.5561 0.0666 0.0531 
         878  1 0.0411 0.9182 0.0200 0.0207 
         879  1 0.4090 0.2233 0.2559 0.1117 
         880  1 0.1920 0.1699 0.0225 0.6156 
         881  1 0.0065 0.0052 0.9816 0.0067 
         882  1 0.1205 0.6999 0.1328 0.0468 
         883  1 0.0243 0.3414 0.3420 0.2923 
         884  1 0.5388 0.2880 0.0384 0.1348 
         885  1 0.2961 0.2687 0.0294 0.4058 
         886  1 0.6949 0.2261 0.0083 0.0707 
         887  1 0.4685 0.2193 0.1970 0.1152 
         888  1 0.2385 0.7068 0.0286 0.0261 
