           1  1 0.1155 0.2103 0.1234 0.1301 0.1667 0.0245 0.0069 0.0690 0.1536 
           2  1 0.1898 0.0912 0.1851 0.1676 0.1717 0.0077 0.0054 0.0032 0.1782 
           3  1 0.1454 0.1558 0.1389 0.1535 0.1579 0.0496 0.0079 0.0248 0.1662 
           4  1 0.1416 0.2142 0.1391 0.1228 0.1771 0.0088 0.0055 0.0087 0.1822 
           5  1 0.2612 0.0535 0.2489 0.1488 0.0936 0.0061 0.0418 0.0335 0.1125 
           6  1 0.1734 0.1103 0.1989 0.1627 0.1471 0.0084 0.0207 0.0647 0.1138 
           7  1 0.2509 0.0611 0.2206 0.1846 0.1244 0.0050 0.0064 0.0033 0.1439 
           8  1 0.2282 0.0597 0.2362 0.1666 0.0980 0.0804 0.0043 0.0094 0.1173 
           9  1 0.1286 0.1496 0.1456 0.1505 0.1757 0.0080 0.0083 0.0464 0.1872 
          10  1 0.1249 0.1550 0.1200 0.1368 0.1663 0.0544 0.0621 0.0104 0.1701 
          11  1 0.1675 0.1526 0.1670 0.1670 0.1559 0.0062 0.0085 0.0345 0.1409 
          12  1 0.1630 0.2170 0.1504 0.1685 0.1437 0.0083 0.0037 0.0032 0.1422 
          13  1 0.1512 0.1355 0.1475 0.1769 0.2002 0.0131 0.0060 0.0047 0.1648 
          14  1 0.1488 0.1677 0.1359 0.1695 0.1645 0.0057 0.0091 0.0206 0.1783 
          15  1 0.1110 0.1713 0.1116 0.1232 0.1573 0.0339 0.0109 0.1322 0.1486 
          16  1 0.1701 0.1504 0.1643 0.1587 0.1667 0.0052 0.0067 0.0215 0.1565 
          17  1 0.1569 0.1442 0.1529 0.1524 0.1678 0.0154 0.0181 0.0257 0.1665 
          18  1 0.1488 0.1875 0.1451 0.1493 0.1527 0.0145 0.0088 0.0192 0.1740 
          19  1 0.1248 0.1636 0.1208 0.1365 0.1683 0.0721 0.0091 0.0584 0.1464 
          20  1 0.1725 0.0610 0.1764 0.1446 0.0854 0.0255 0.2431 0.0050 0.0866 
          21  1 0.1549 0.1242 0.1442 0.1707 0.1395 0.0146 0.0378 0.0222 0.1918 
          22  1 0.1088 0.1899 0.1163 0.1351 0.2209 0.0047 0.0058 0.0516 0.1668 
          23  1 0.2606 0.0563 0.2369 0.1716 0.0924 0.0183 0.0121 0.0245 0.1273 
          24  1 0.1659 0.1318 0.1507 0.1528 0.1515 0.0228 0.0516 0.0177 0.1551 
          25  1 0.1618 0.1445 0.1575 0.1333 0.1575 0.0310 0.0245 0.0176 0.1725 
          26  1 0.1422 0.1141 0.1373 0.1516 0.2026 0.0086 0.0041 0.0128 0.2268 
          27  1 0.1725 0.1423 0.1765 0.1504 0.1351 0.0070 0.0072 0.0181 0.1911 
          28  1 0.1108 0.1656 0.1099 0.1260 0.1430 0.0310 0.1262 0.0379 0.1495 
          29  1 0.1670 0.1396 0.1712 0.1561 0.1383 0.0104 0.0356 0.0053 0.1764 
          30  1 0.0949 0.2354 0.0950 0.1752 0.1928 0.0037 0.0034 0.0065 0.1931 
          31  1 0.1711 0.0773 0.1532 0.1643 0.1739 0.0054 0.0071 0.0374 0.2104 
          32  1 0.2412 0.0762 0.2413 0.1617 0.1220 0.0049 0.0048 0.0100 0.1377 
          33  1 0.2553 0.0573 0.2740 0.1647 0.0867 0.0061 0.0046 0.0640 0.0873 
          34  1 0.1784 0.1439 0.1677 0.1485 0.1284 0.0326 0.0166 0.0125 0.1715 
          35  1 0.2337 0.0862 0.2292 0.1522 0.1227 0.0078 0.0085 0.0243 0.1354 
          36  1 0.2053 0.0793 0.1891 0.1981 0.1438 0.0053 0.0055 0.0079 0.1656 
          37  1 0.1588 0.1454 0.1559 0.1401 0.1253 0.0106 0.0708 0.0240 0.1690 
          38  1 0.2408 0.0647 0.2093 0.1444 0.1010 0.0125 0.0064 0.1058 0.1151 
          39  1 0.0180 0.0177 0.0182 0.0177 0.0200 0.0109 0.0100 0.8668 0.0207 
          40  1 0.2122 0.0906 0.1933 0.1524 0.1312 0.0047 0.0138 0.0427 0.1590 
          41  1 0.1783 0.1186 0.1817 0.1414 0.1698 0.0214 0.0107 0.0134 0.1647 
          42  1 0.1793 0.1682 0.1780 0.1518 0.1265 0.0127 0.0116 0.0372 0.1347 
          43  1 0.1841 0.0938 0.1725 0.1528 0.1424 0.0583 0.0083 0.0205 0.1674 
          44  1 0.1786 0.1545 0.1820 0.1591 0.1199 0.0066 0.0387 0.0083 0.1524 
          45  1 0.1469 0.1611 0.1312 0.1649 0.2038 0.0198 0.0040 0.0036 0.1647 
          46  1 0.1498 0.1577 0.1433 0.1679 0.1702 0.0089 0.0096 0.0086 0.1840 
          47  1 0.1603 0.1697 0.1681 0.1453 0.1257 0.0085 0.0310 0.0233 0.1682 
          48  1 0.1853 0.1117 0.1952 0.1630 0.1112 0.0097 0.0302 0.0114 0.1821 
          49  1 0.1158 0.1667 0.1101 0.1632 0.1604 0.0664 0.0151 0.0227 0.1796 
          50  1 0.1788 0.1489 0.1744 0.1614 0.1523 0.0146 0.0065 0.0061 0.1569 
          51  1 0.2093 0.0940 0.2072 0.1854 0.1264 0.0160 0.0043 0.0050 0.1524 
          52  1 0.2178 0.0858 0.2299 0.1693 0.1203 0.0034 0.0048 0.0165 0.1521 
          53  1 0.2383 0.0929 0.2326 0.1599 0.0864 0.0398 0.0062 0.0045 0.1394 
          54  1 0.1651 0.1054 0.1642 0.1517 0.1366 0.0076 0.0818 0.0288 0.1589 
          55  1 0.1472 0.0857 0.1481 0.1382 0.1501 0.1852 0.0119 0.0055 0.1281 
          56  1 0.1478 0.1598 0.1440 0.1412 0.1751 0.0065 0.0172 0.0383 0.1702 
          57  1 0.1649 0.1086 0.1709 0.1585 0.1779 0.0140 0.0062 0.0076 0.1912 
          58  1 0.1204 0.1631 0.1279 0.1409 0.1979 0.0073 0.0250 0.0079 0.2096 
          59  1 0.2068 0.1508 0.2297 0.1460 0.1052 0.0050 0.0054 0.0081 0.1430 
          60  1 0.1394 0.1237 0.1387 0.1991 0.1943 0.0160 0.0134 0.0102 0.1653 
          61  1 0.1236 0.1411 0.1282 0.1078 0.1380 0.0115 0.1844 0.0412 0.1242 
          62  1 0.2206 0.0906 0.2297 0.1561 0.1193 0.0159 0.0064 0.0048 0.1566 
          63  1 0.1948 0.0936 0.2019 0.1523 0.1334 0.0313 0.0122 0.0266 0.1540 
          64  1 0.1130 0.2159 0.1101 0.1257 0.2204 0.0108 0.0058 0.0067 0.1917 
          65  1 0.1639 0.1539 0.1661 0.1728 0.1546 0.0070 0.0085 0.0128 0.1604 
          66  1 0.2191 0.0739 0.2394 0.1754 0.1301 0.0113 0.0094 0.0068 0.1345 
          67  1 0.2249 0.0793 0.2269 0.1828 0.0908 0.0169 0.0475 0.0167 0.1142 
          68  1 0.1209 0.0946 0.1173 0.1076 0.0998 0.0231 0.0209 0.2929 0.1230 
          69  1 0.1640 0.0681 0.1591 0.1343 0.1093 0.0092 0.1124 0.1278 0.1159 
          70  1 0.1119 0.1574 0.1166 0.1811 0.1997 0.0071 0.0160 0.0169 0.1933 
          71  1 0.2175 0.0711 0.2368 0.1744 0.1134 0.0066 0.0243 0.0162 0.1397 
          72  1 0.1805 0.1251 0.1784 0.1896 0.1468 0.0123 0.0128 0.0048 0.1498 
          73  1 0.1773 0.1910 0.1733 0.1306 0.1521 0.0378 0.0086 0.0191 0.1101 
          74  1 0.1499 0.1543 0.1387 0.1499 0.2067 0.0078 0.0077 0.0166 0.1685 
          75  1 0.2168 0.1052 0.1854 0.1614 0.1413 0.0272 0.0061 0.0078 0.1488 
          76  1 0.2089 0.0651 0.2067 0.1977 0.1223 0.0076 0.0071 0.0278 0.1569 
          77  1 0.0056 0.0060 0.0059 0.0057 0.0060 0.9499 0.0072 0.0074 0.0062 
          78  1 0.0168 0.0158 0.0172 0.0168 0.0185 0.8753 0.0100 0.0122 0.0173 
          79  1 0.0072 0.0071 0.0072 0.0073 0.0073 0.9418 0.0111 0.0042 0.0067 
          80  1 0.0049 0.0049 0.0048 0.0051 0.0049 0.9649 0.0031 0.0028 0.0047 
          81  1 0.0074 0.0068 0.0069 0.0074 0.0074 0.9493 0.0039 0.0037 0.0072 
          82  1 0.0083 0.0076 0.0085 0.0086 0.0079 0.9367 0.0062 0.0080 0.0082 
          83  1 0.0167 0.0187 0.0175 0.0183 0.0194 0.8532 0.0228 0.0140 0.0194 
          84  1 0.0089 0.0100 0.0085 0.0097 0.0097 0.9281 0.0057 0.0100 0.0095 
          85  1 0.0123 0.0105 0.0122 0.0117 0.0127 0.9125 0.0085 0.0080 0.0116 
          86  1 0.0299 0.0396 0.0313 0.0311 0.0324 0.7800 0.0081 0.0157 0.0320 
          87  1 0.0056 0.0056 0.0055 0.0055 0.0054 0.9581 0.0037 0.0049 0.0058 
          88  1 0.0055 0.0057 0.0058 0.0055 0.0052 0.9433 0.0088 0.0146 0.0055 
          89  1 0.0067 0.0066 0.0068 0.0072 0.0073 0.9444 0.0065 0.0076 0.0070 
          90  1 0.0962 0.0822 0.0991 0.0808 0.0693 0.4662 0.0148 0.0148 0.0766 
          91  1 0.0062 0.0059 0.0066 0.0065 0.0063 0.9408 0.0070 0.0138 0.0071 
          92  1 0.0067 0.0073 0.0064 0.0070 0.0066 0.9422 0.0103 0.0062 0.0073 
          93  1 0.0063 0.0065 0.0064 0.0066 0.0065 0.9518 0.0052 0.0042 0.0066 
          94  1 0.0049 0.0048 0.0050 0.0046 0.0046 0.9615 0.0059 0.0039 0.0048 
          95  1 0.0119 0.0129 0.0124 0.0115 0.0116 0.9001 0.0099 0.0182 0.0116 
          96  1 0.0057 0.0059 0.0057 0.0057 0.0061 0.9528 0.0053 0.0070 0.0058 
          97  1 0.0348 0.0497 0.0347 0.0379 0.0411 0.6706 0.0821 0.0075 0.0416 
          98  1 0.1175 0.1414 0.1103 0.1176 0.1078 0.2646 0.0183 0.0162 0.1063 
          99  1 0.0068 0.0067 0.0071 0.0067 0.0068 0.9351 0.0036 0.0205 0.0067 
         100  1 0.0384 0.0350 0.0387 0.0379 0.0273 0.7794 0.0081 0.0091 0.0262 
         101  1 0.0098 0.0090 0.0090 0.0089 0.0089 0.9275 0.0048 0.0128 0.0092 
         102  1 0.0394 0.0285 0.0381 0.0362 0.0358 0.6886 0.0697 0.0286 0.0351 
         103  1 0.1570 0.1666 0.1509 0.1720 0.1360 0.0074 0.0074 0.0530 0.1497 
         104  1 0.1518 0.1670 0.1454 0.1348 0.2168 0.0053 0.0048 0.0049 0.1693 
         105  1 0.1571 0.1845 0.1387 0.1706 0.1698 0.0066 0.0186 0.0101 0.1440 
         106  1 0.1569 0.1333 0.1647 0.1696 0.1695 0.0190 0.0106 0.0062 0.1702 
         107  1 0.0889 0.2106 0.0931 0.1071 0.2462 0.0147 0.0073 0.0086 0.2235 
         108  1 0.1174 0.1579 0.1198 0.1793 0.1955 0.0133 0.0168 0.0314 0.1685 
         109  1 0.1673 0.1791 0.1674 0.1554 0.1237 0.0164 0.0348 0.0208 0.1349 
         110  1 0.2405 0.0914 0.2385 0.1508 0.1125 0.0047 0.0149 0.0166 0.1300 
         111  1 0.1771 0.1292 0.1683 0.1723 0.1681 0.0056 0.0063 0.0189 0.1542 
         112  1 0.1665 0.1417 0.1579 0.1797 0.1524 0.0130 0.0047 0.0421 0.1419 
         113  1 0.1787 0.1734 0.1652 0.1457 0.1403 0.0303 0.0084 0.0125 0.1454 
         114  1 0.2291 0.0852 0.2431 0.1578 0.1259 0.0116 0.0075 0.0041 0.1358 
         115  1 0.1249 0.1583 0.1386 0.1577 0.1681 0.0058 0.0477 0.0519 0.1470 
         116  1 0.1372 0.2231 0.1158 0.1147 0.1627 0.0084 0.0041 0.0053 0.2287 
         117  1 0.0986 0.1572 0.1078 0.1854 0.2216 0.0050 0.0062 0.0057 0.2125 
         118  1 0.1887 0.1174 0.1909 0.1520 0.1601 0.0087 0.0069 0.0178 0.1574 
         119  1 0.1687 0.1469 0.1532 0.1606 0.1733 0.0101 0.0046 0.0114 0.1711 
         120  1 0.1078 0.1602 0.1062 0.1909 0.1926 0.0272 0.0044 0.0079 0.2026 
         121  1 0.1229 0.1439 0.1291 0.1750 0.1556 0.0176 0.0100 0.0654 0.1804 
         122  1 0.1461 0.1622 0.1387 0.1404 0.1725 0.0114 0.0118 0.0147 0.2023 
         123  1 0.1305 0.2166 0.1374 0.1400 0.1791 0.0103 0.0108 0.0282 0.1471 
         124  1 0.1724 0.1257 0.1672 0.1577 0.1446 0.0283 0.0079 0.0519 0.1443 
         125  1 0.2140 0.1063 0.2123 0.1757 0.1240 0.0049 0.0085 0.0063 0.1480 
         126  1 0.1511 0.1527 0.1452 0.1525 0.1718 0.0524 0.0149 0.0056 0.1538 
         127  1 0.1933 0.1495 0.1825 0.1633 0.1470 0.0106 0.0106 0.0135 0.1297 
         128  1 0.0794 0.1044 0.0878 0.0845 0.0947 0.4424 0.0059 0.0049 0.0960 
         129  1 0.1463 0.1510 0.1452 0.1712 0.1563 0.0482 0.0125 0.0102 0.1591 
         130  1 0.2075 0.0926 0.2239 0.1498 0.1174 0.0057 0.0111 0.0831 0.1088 
         131  1 0.1229 0.2032 0.1191 0.1447 0.1782 0.0478 0.0053 0.0105 0.1681 
         132  1 0.2617 0.0787 0.2455 0.1825 0.0959 0.0056 0.0034 0.0101 0.1166 
         133  1 0.1356 0.1504 0.1316 0.1649 0.1515 0.0605 0.0050 0.0056 0.1950 
         134  1 0.2517 0.0616 0.2735 0.1533 0.1023 0.0251 0.0064 0.0062 0.1198 
         135  1 0.1307 0.1465 0.1429 0.1471 0.1451 0.1028 0.0526 0.0090 0.1234 
         136  1 0.1704 0.1146 0.1702 0.1608 0.1529 0.0521 0.0088 0.0146 0.1556 
         137  1 0.1004 0.2736 0.1089 0.1227 0.1758 0.0059 0.0105 0.0126 0.1895 
         138  1 0.2427 0.0999 0.2370 0.1460 0.1139 0.0115 0.0073 0.0042 0.1375 
         139  1 0.1951 0.1285 0.1902 0.1582 0.1147 0.0176 0.0057 0.0613 0.1286 
         140  1 0.1445 0.1370 0.1442 0.1500 0.1483 0.0296 0.0538 0.0498 0.1427 
         141  1 0.1865 0.1118 0.1856 0.1767 0.1390 0.0054 0.0062 0.0164 0.1723 
         142  1 0.1124 0.1429 0.1180 0.1931 0.1924 0.0051 0.0085 0.0114 0.2162 
         143  1 0.1363 0.2377 0.1285 0.1497 0.1607 0.0212 0.0054 0.0113 0.1491 
         144  1 0.1520 0.1622 0.1657 0.1602 0.1653 0.0159 0.0055 0.0112 0.1621 
         145  1 0.1119 0.1506 0.1181 0.1484 0.1422 0.0087 0.0535 0.1152 0.1514 
         146  1 0.1704 0.1714 0.1851 0.1561 0.1393 0.0156 0.0163 0.0128 0.1330 
         147  1 0.1170 0.1870 0.1142 0.1492 0.1718 0.0057 0.0204 0.1132 0.1216 
         148  1 0.2085 0.1371 0.2125 0.1599 0.0964 0.0532 0.0081 0.0044 0.1198 
         149  1 0.1490 0.1292 0.1637 0.1590 0.1791 0.0061 0.0275 0.0264 0.1600 
         150  1 0.1369 0.1659 0.1459 0.1469 0.1277 0.0383 0.0755 0.0074 0.1555 
         151  1 0.2157 0.1367 0.2071 0.1531 0.1159 0.0070 0.0084 0.0140 0.1421 
         152  1 0.0619 0.0973 0.0717 0.0575 0.0616 0.0311 0.3109 0.2441 0.0640 
         153  1 0.2006 0.0757 0.1934 0.1820 0.1308 0.0210 0.0321 0.0355 0.1289 
         154  1 0.1568 0.1412 0.1729 0.1413 0.1162 0.0247 0.0733 0.0647 0.1090 
         155  1 0.1829 0.1734 0.2026 0.1830 0.1236 0.0078 0.0074 0.0074 0.1119 
         156  1 0.0918 0.2212 0.1016 0.1110 0.1421 0.1831 0.0262 0.0089 0.1142 
         157  1 0.2612 0.0766 0.2729 0.1626 0.0782 0.0145 0.0063 0.0203 0.1073 
         158  1 0.2308 0.1145 0.2523 0.1593 0.0914 0.0116 0.0052 0.0115 0.1235 
         159  1 0.1337 0.1035 0.1365 0.1078 0.1016 0.0359 0.2632 0.0116 0.1062 
         160  1 0.1060 0.1948 0.1174 0.1677 0.1747 0.0093 0.0085 0.0739 0.1477 
         161  1 0.1640 0.1120 0.1660 0.1741 0.1447 0.0255 0.0283 0.0267 0.1587 
         162  1 0.1406 0.1894 0.1319 0.1509 0.1930 0.0075 0.0118 0.0059 0.1691 
         163  1 0.0730 0.2179 0.0961 0.1809 0.2104 0.0045 0.0051 0.0118 0.2003 
         164  1 0.1549 0.1333 0.1614 0.1707 0.1909 0.0040 0.0070 0.0167 0.1610 
         165  1 0.2067 0.1317 0.1895 0.1420 0.1289 0.0040 0.0715 0.0042 0.1214 
         166  1 0.1430 0.1138 0.1293 0.1616 0.1558 0.0952 0.0039 0.0321 0.1654 
         167  1 0.1271 0.2470 0.1242 0.1357 0.1760 0.0054 0.0069 0.0173 0.1604 
         168  1 0.1652 0.1378 0.1498 0.1688 0.1930 0.0180 0.0129 0.0078 0.1465 
         169  1 0.1930 0.1282 0.2002 0.1670 0.1449 0.0058 0.0041 0.0049 0.1518 
         170  1 0.1135 0.2426 0.1137 0.1406 0.1952 0.0079 0.0132 0.0145 0.1588 
         171  1 0.1233 0.2380 0.1319 0.1354 0.1647 0.0066 0.0242 0.0309 0.1451 
         172  1 0.1363 0.2481 0.1327 0.1405 0.1844 0.0038 0.0091 0.0173 0.1279 
         173  1 0.1479 0.1406 0.1575 0.1596 0.1734 0.0098 0.0174 0.0098 0.1841 
         174  1 0.1455 0.1647 0.1381 0.1404 0.1553 0.0053 0.0889 0.0134 0.1485 
         175  1 0.1230 0.1958 0.1272 0.1455 0.1948 0.0056 0.0132 0.0426 0.1523 
         176  1 0.1138 0.2097 0.1295 0.1423 0.1904 0.0101 0.0124 0.0243 0.1676 
         177  1 0.1389 0.1330 0.1250 0.1772 0.1889 0.0044 0.0056 0.0247 0.2023 
         178  1 0.1989 0.0976 0.2023 0.1417 0.1654 0.0052 0.0147 0.0190 0.1552 
         179  1 0.0447 0.0719 0.0456 0.0525 0.0601 0.0159 0.0126 0.6399 0.0567 
         180  1 0.0956 0.2202 0.0916 0.1559 0.2454 0.0084 0.0054 0.0124 0.1652 
         181  1 0.1244 0.1464 0.1329 0.1708 0.1802 0.0601 0.0134 0.0252 0.1466 
         182  1 0.0961 0.1659 0.0920 0.1838 0.1846 0.0298 0.0085 0.0383 0.2010 
         183  1 0.1726 0.1749 0.1822 0.1446 0.1305 0.0515 0.0181 0.0153 0.1102 
         184  1 0.1617 0.1781 0.1637 0.1567 0.1326 0.0129 0.0077 0.0473 0.1394 
         185  1 0.1363 0.2141 0.1374 0.1512 0.1820 0.0190 0.0076 0.0180 0.1344 
         186  1 0.0723 0.2219 0.0763 0.1898 0.2276 0.0057 0.0034 0.0060 0.1971 
         187  1 0.1502 0.1331 0.1458 0.1550 0.1590 0.0066 0.0261 0.0692 0.1550 
         188  1 0.1534 0.1617 0.1610 0.1582 0.1632 0.0081 0.0179 0.0242 0.1523 
         189  1 0.1356 0.1464 0.1282 0.1497 0.1845 0.0096 0.0107 0.0700 0.1653 
         190  1 0.1627 0.1437 0.1519 0.1566 0.1665 0.0053 0.0256 0.0233 0.1645 
         191  1 0.1152 0.1752 0.1320 0.1390 0.1388 0.0698 0.0548 0.0234 0.1517 
         192  1 0.1267 0.2232 0.1430 0.1337 0.1665 0.0033 0.0517 0.0248 0.1271 
         193  1 0.2192 0.0916 0.2357 0.1549 0.1112 0.0072 0.0087 0.0464 0.1251 
         194  1 0.1533 0.1546 0.1570 0.1669 0.1637 0.0066 0.0180 0.0239 0.1560 
         195  1 0.1319 0.1664 0.1327 0.1785 0.1659 0.0060 0.0230 0.0088 0.1868 
         196  1 0.1308 0.0902 0.1342 0.1203 0.0956 0.2943 0.0063 0.0332 0.0952 
         197  1 0.1510 0.1459 0.1605 0.1666 0.1523 0.0255 0.0051 0.0178 0.1753 
         198  1 0.1852 0.1124 0.1826 0.1657 0.1409 0.0159 0.0096 0.0236 0.1642 
         199  1 0.0962 0.1849 0.0970 0.2005 0.1930 0.0075 0.0087 0.0400 0.1722 
         200  1 0.2042 0.0967 0.2167 0.1845 0.1104 0.0229 0.0046 0.0135 0.1465 
         201  1 0.1321 0.1890 0.1382 0.1308 0.1431 0.0049 0.0622 0.0586 0.1411 
         202  1 0.2412 0.1075 0.2214 0.1618 0.0978 0.0264 0.0048 0.0114 0.1277 
         203  1 0.1211 0.1965 0.1196 0.1512 0.1624 0.0388 0.0075 0.0306 0.1722 
         204  1 0.2097 0.1720 0.1992 0.1599 0.1207 0.0098 0.0096 0.0038 0.1154 
         205  1 0.1889 0.1751 0.1758 0.1386 0.1372 0.0118 0.0230 0.0037 0.1460 
         206  1 0.1227 0.2255 0.1473 0.1377 0.1341 0.0081 0.0198 0.0250 0.1798 
         207  1 0.1023 0.1776 0.0926 0.1660 0.2054 0.0209 0.0055 0.0453 0.1843 
         208  1 0.1329 0.1954 0.1288 0.1527 0.1492 0.0371 0.0047 0.0036 0.1957 
         209  1 0.2433 0.0772 0.2244 0.1699 0.1025 0.0088 0.0339 0.0060 0.1341 
         210  1 0.2111 0.1057 0.2057 0.1733 0.1325 0.0144 0.0080 0.0100 0.1393 
         211  1 0.1139 0.2485 0.1176 0.1488 0.1508 0.0072 0.0057 0.0068 0.2007 
         212  1 0.1353 0.1787 0.1491 0.1525 0.1799 0.0216 0.0276 0.0102 0.1449 
         213  1 0.1910 0.1135 0.1978 0.1638 0.1564 0.0157 0.0099 0.0087 0.1431 
         214  1 0.1774 0.1120 0.1659 0.1666 0.1595 0.0099 0.0260 0.0067 0.1759 
         215  1 0.1193 0.2005 0.1205 0.1446 0.2003 0.0121 0.0073 0.0144 0.1812 
         216  1 0.1623 0.1620 0.1745 0.1615 0.1489 0.0086 0.0119 0.0128 0.1574 
         217  1 0.1384 0.1466 0.1288 0.1693 0.1876 0.0069 0.0279 0.0182 0.1763 
         218  1 0.2031 0.1301 0.1837 0.1493 0.1153 0.0323 0.0114 0.0091 0.1657 
         219  1 0.1510 0.1320 0.1542 0.2008 0.1773 0.0058 0.0036 0.0127 0.1627 
         220  1 0.1281 0.0781 0.1311 0.1225 0.0739 0.3481 0.0112 0.0102 0.0968 
         221  1 0.1349 0.1887 0.1527 0.1749 0.1568 0.0218 0.0167 0.0144 0.1391 
         222  1 0.1577 0.1077 0.1715 0.1596 0.1362 0.0076 0.0658 0.0463 0.1476 
         223  1 0.1407 0.2067 0.1356 0.1434 0.1581 0.0055 0.0226 0.0496 0.1377 
         224  1 0.1311 0.1780 0.1424 0.1693 0.1724 0.0045 0.0163 0.0070 0.1791 
         225  1 0.0801 0.1055 0.0763 0.0875 0.1007 0.0079 0.2407 0.2157 0.0857 
         226  1 0.1333 0.2264 0.1307 0.1347 0.1510 0.0096 0.0244 0.0073 0.1826 
         227  1 0.1661 0.1745 0.1560 0.1512 0.1726 0.0075 0.0058 0.0078 0.1586 
         228  1 0.1614 0.1227 0.1480 0.1675 0.1756 0.0060 0.0062 0.0633 0.1493 
         229  1 0.1989 0.1164 0.1903 0.1592 0.1290 0.0211 0.0153 0.0302 0.1394 
         230  1 0.1695 0.1868 0.1425 0.1527 0.1360 0.0058 0.0228 0.0064 0.1776 
         231  1 0.0832 0.1928 0.0853 0.1898 0.2297 0.0063 0.0075 0.0094 0.1961 
         232  1 0.1377 0.1667 0.1426 0.1337 0.2170 0.0068 0.0039 0.0067 0.1849 
         233  1 0.0897 0.1731 0.0823 0.1856 0.2089 0.0139 0.0106 0.0509 0.1850 
         234  1 0.1463 0.1314 0.1556 0.1615 0.1764 0.0061 0.0236 0.0407 0.1583 
         235  1 0.2191 0.0992 0.2249 0.1610 0.1293 0.0076 0.0093 0.0166 0.1332 
         236  1 0.1539 0.1977 0.1416 0.1521 0.1664 0.0191 0.0127 0.0100 0.1464 
         237  1 0.1620 0.1458 0.1596 0.1597 0.1625 0.0292 0.0206 0.0235 0.1371 
         238  1 0.1906 0.1393 0.1719 0.1536 0.1502 0.0158 0.0298 0.0064 0.1423 
         239  1 0.1875 0.1200 0.1858 0.1906 0.1291 0.0154 0.0090 0.0162 0.1463 
         240  1 0.1223 0.0868 0.1273 0.1103 0.1026 0.0999 0.0138 0.2416 0.0955 
         241  1 0.1515 0.1853 0.1414 0.1575 0.1605 0.0091 0.0055 0.0130 0.1761 
         242  1 0.1992 0.1235 0.2075 0.1565 0.1328 0.0276 0.0088 0.0119 0.1320 
         243  1 0.1790 0.1057 0.2143 0.1913 0.1368 0.0092 0.0107 0.0053 0.1478 
         244  1 0.0776 0.2530 0.0779 0.1154 0.2401 0.0168 0.0041 0.0063 0.2089 
         245  1 0.2889 0.0427 0.3090 0.1478 0.0575 0.0132 0.0119 0.0265 0.1026 
         246  1 0.1341 0.1986 0.1421 0.1395 0.1692 0.0534 0.0056 0.0069 0.1505 
         247  1 0.1854 0.0855 0.1888 0.1762 0.1402 0.0044 0.0265 0.0339 0.1590 
         248  1 0.1556 0.1298 0.1630 0.1812 0.1607 0.0185 0.0088 0.0121 0.1702 
         249  1 0.2208 0.1410 0.2279 0.1751 0.0919 0.0051 0.0073 0.0090 0.1220 
         250  1 0.0740 0.2398 0.0738 0.1371 0.2338 0.0109 0.0289 0.0107 0.1909 
         251  1 0.1548 0.1532 0.1603 0.1423 0.1849 0.0217 0.0056 0.0183 0.1588 
         252  1 0.1605 0.1845 0.1527 0.1482 0.1471 0.0303 0.0267 0.0041 0.1459 
         253  1 0.1898 0.1416 0.1796 0.1757 0.1369 0.0541 0.0079 0.0053 0.1091 
         254  1 0.1898 0.1590 0.1712 0.1887 0.1415 0.0089 0.0069 0.0113 0.1226 
         255  1 0.1905 0.1235 0.1850 0.1745 0.1374 0.0466 0.0052 0.0075 0.1299 
         256  1 0.1158 0.2169 0.1112 0.1488 0.2321 0.0038 0.0095 0.0123 0.1496 
         257  1 0.1475 0.1374 0.1460 0.1635 0.1824 0.0243 0.0174 0.0110 0.1706 
         258  1 0.1517 0.1556 0.1699 0.1697 0.1601 0.0044 0.0055 0.0081 0.1751 
         259  1 0.1418 0.1268 0.1506 0.1748 0.1772 0.0069 0.0051 0.0161 0.2006 
         260  1 0.1559 0.1401 0.1484 0.1767 0.1639 0.0078 0.0178 0.0153 0.1741 
         261  1 0.2566 0.0687 0.2551 0.1698 0.0905 0.0093 0.0060 0.0168 0.1273 
         262  1 0.1908 0.1083 0.1946 0.1816 0.1590 0.0063 0.0061 0.0071 0.1462 
         263  1 0.1808 0.0748 0.1774 0.1496 0.1392 0.0093 0.1300 0.0044 0.1343 
         264  1 0.2508 0.0606 0.2658 0.1821 0.0800 0.0137 0.0245 0.0123 0.1101 
         265  1 0.2421 0.0564 0.2537 0.1707 0.1149 0.0104 0.0223 0.0117 0.1178 
         266  1 0.2065 0.0756 0.1816 0.1810 0.1537 0.0203 0.0083 0.0182 0.1548 
         267  1 0.1598 0.0975 0.1607 0.1416 0.1255 0.1023 0.0101 0.0576 0.1449 
         268  1 0.1247 0.0941 0.1174 0.1093 0.1154 0.2617 0.0514 0.0216 0.1045 
         269  1 0.1322 0.1354 0.1243 0.1206 0.1234 0.0211 0.0122 0.2162 0.1146 
         270  1 0.1644 0.2121 0.1608 0.1374 0.1359 0.0186 0.0056 0.0088 0.1564 
         271  1 0.1739 0.1072 0.1882 0.1545 0.1295 0.0449 0.0280 0.0143 0.1594 
         272  1 0.0819 0.0763 0.0817 0.0733 0.0946 0.0085 0.0164 0.4851 0.0822 
         273  1 0.1768 0.1434 0.1945 0.1527 0.1178 0.0043 0.0225 0.0254 0.1627 
         274  1 0.1573 0.1628 0.1460 0.1433 0.1520 0.0239 0.0246 0.0203 0.1698 
         275  1 0.1650 0.1483 0.1812 0.1515 0.1382 0.0233 0.0076 0.0190 0.1658 
         276  1 0.1147 0.1764 0.1204 0.1224 0.1493 0.0092 0.1008 0.0437 0.1631 
         277  1 0.1181 0.1620 0.1290 0.1779 0.1900 0.0053 0.0127 0.0182 0.1869 
         278  1 0.1653 0.0940 0.1575 0.1375 0.1501 0.0789 0.0785 0.0099 0.1282 
         279  1 0.1606 0.2068 0.1483 0.1308 0.1424 0.0200 0.0233 0.0103 0.1574 
         280  1 0.1323 0.2140 0.1293 0.1525 0.1408 0.0124 0.0051 0.0303 0.1833 
         281  1 0.1870 0.1175 0.1877 0.1694 0.1242 0.0270 0.0038 0.0059 0.1775 
         282  1 0.1794 0.1510 0.1715 0.1445 0.1289 0.0117 0.0478 0.0217 0.1435 
         283  1 0.1329 0.1230 0.1466 0.1338 0.1185 0.0126 0.2006 0.0121 0.1199 
         284  1 0.1637 0.1566 0.1567 0.1381 0.1820 0.0076 0.0379 0.0119 0.1454 
         285  1 0.2458 0.0530 0.2335 0.1627 0.1055 0.0508 0.0172 0.0151 0.1163 
         286  1 0.1288 0.1685 0.1270 0.1977 0.1810 0.0115 0.0089 0.0130 0.1637 
         287  1 0.1158 0.1796 0.1173 0.1690 0.1659 0.0507 0.0101 0.0129 0.1788 
         288  1 0.1337 0.1680 0.1368 0.1705 0.1906 0.0169 0.0135 0.0191 0.1509 
         289  1 0.1936 0.1043 0.1808 0.1987 0.1542 0.0042 0.0089 0.0168 0.1385 
         290  1 0.1760 0.1385 0.1761 0.1714 0.1450 0.0199 0.0076 0.0126 0.1530 
         291  1 0.1279 0.1239 0.1378 0.1664 0.1970 0.0190 0.0168 0.0062 0.2049 
         292  1 0.1397 0.1564 0.1302 0.1472 0.1546 0.0172 0.0336 0.0938 0.1273 
         293  1 0.0943 0.2832 0.0903 0.1126 0.2054 0.0114 0.0077 0.0108 0.1844 
         294  1 0.1114 0.1382 0.1207 0.1321 0.1167 0.1649 0.0824 0.0047 0.1289 
         295  1 0.1165 0.1925 0.1031 0.1632 0.1792 0.0318 0.0097 0.0495 0.1544 
         296  1 0.1544 0.1839 0.1482 0.1385 0.1522 0.0073 0.0390 0.0281 0.1484 
         297  1 0.1495 0.1970 0.1441 0.1413 0.1599 0.0087 0.0516 0.0123 0.1356 
         298  1 0.1591 0.1545 0.1635 0.1843 0.1483 0.0115 0.0069 0.0041 0.1678 
         299  1 0.2053 0.1455 0.1958 0.1683 0.1127 0.0209 0.0262 0.0076 0.1176 
         300  1 0.1877 0.1668 0.1878 0.1570 0.1072 0.0104 0.0174 0.0281 0.1377 
         301  1 0.0998 0.2068 0.0840 0.1463 0.1893 0.1059 0.0050 0.0074 0.1554 
         302  1 0.1332 0.1620 0.1325 0.2056 0.1786 0.0053 0.0095 0.0055 0.1678 
         303  1 0.1989 0.0797 0.1982 0.1672 0.1211 0.0077 0.0684 0.0075 0.1512 
         304  1 0.1100 0.2253 0.0982 0.1400 0.2197 0.0042 0.0080 0.0067 0.1879 
         305  1 0.1303 0.1940 0.1638 0.1389 0.1500 0.0240 0.0065 0.0081 0.1844 
         306  1 0.1722 0.1737 0.1784 0.1522 0.1459 0.0080 0.0077 0.0061 0.1559 
         307  1 0.1973 0.1253 0.2070 0.1601 0.1140 0.0135 0.0255 0.0333 0.1240 
         308  1 0.1591 0.2126 0.1516 0.1524 0.1497 0.0154 0.0068 0.0077 0.1446 
         309  1 0.1385 0.2381 0.1432 0.1499 0.1610 0.0070 0.0385 0.0106 0.1132 
         310  1 0.1557 0.1898 0.1442 0.1414 0.1046 0.0072 0.0916 0.0072 0.1584 
         311  1 0.1110 0.2899 0.1195 0.1418 0.1712 0.0061 0.0167 0.0073 0.1364 
         312  1 0.1029 0.1429 0.1166 0.1494 0.1539 0.0764 0.0273 0.0630 0.1676 
         313  1 0.1358 0.1497 0.1296 0.1408 0.2077 0.0049 0.0057 0.0359 0.1900 
         314  1 0.1513 0.0948 0.1600 0.1379 0.1207 0.0790 0.0482 0.0783 0.1299 
         315  1 0.1316 0.2501 0.1332 0.1553 0.1710 0.0100 0.0078 0.0116 0.1292 
         316  1 0.2014 0.1401 0.1949 0.1276 0.1132 0.0076 0.0710 0.0415 0.1026 
         317  1 0.1361 0.1610 0.1373 0.1596 0.1721 0.0213 0.0275 0.0136 0.1714 
         318  1 0.1400 0.1873 0.1434 0.1330 0.1722 0.0050 0.0205 0.0441 0.1544 
         319  1 0.1304 0.1162 0.1325 0.1323 0.1159 0.0069 0.1595 0.0798 0.1266 
         320  1 0.1257 0.1136 0.1157 0.1180 0.1214 0.2186 0.0460 0.0100 0.1311 
         321  1 0.2235 0.1071 0.2353 0.1533 0.1149 0.0093 0.0050 0.0165 0.1351 
         322  1 0.1319 0.1884 0.1266 0.1425 0.1864 0.0357 0.0149 0.0173 0.1564 
         323  1 0.1681 0.1287 0.1861 0.2000 0.1358 0.0247 0.0110 0.0100 0.1357 
         324  1 0.1757 0.1500 0.1661 0.1665 0.1697 0.0068 0.0070 0.0155 0.1427 
         325  1 0.1359 0.2135 0.1245 0.1488 0.1428 0.0304 0.0244 0.0326 0.1470 
         326  1 0.1558 0.2227 0.1537 0.1433 0.1450 0.0037 0.0065 0.0057 0.1635 
         327  1 0.1253 0.1850 0.1498 0.1773 0.1643 0.0098 0.0049 0.0347 0.1489 
         328  1 0.1534 0.1608 0.1562 0.1646 0.1576 0.0321 0.0150 0.0098 0.1506 
         329  1 0.1296 0.1973 0.1283 0.1602 0.1826 0.0245 0.0177 0.0103 0.1495 
         330  1 0.0833 0.1037 0.0854 0.1214 0.1459 0.0210 0.0042 0.2935 0.1415 
         331  1 0.1178 0.1560 0.1322 0.1270 0.1675 0.0142 0.0048 0.1428 0.1378 
         332  1 0.1307 0.2658 0.1249 0.1529 0.1261 0.0036 0.0086 0.0058 0.1816 
         333  1 0.1535 0.1500 0.1556 0.1605 0.1806 0.0083 0.0104 0.0060 0.1751 
         334  1 0.1976 0.1148 0.1902 0.1694 0.0973 0.0215 0.0051 0.1077 0.0965 
         335  1 0.1738 0.1220 0.1616 0.1330 0.1580 0.0557 0.0069 0.0172 0.1718 
         336  1 0.0057 0.0059 0.0059 0.0058 0.0057 0.0049 0.0041 0.9561 0.0059 
         337  1 0.0665 0.0568 0.0632 0.0594 0.0576 0.0167 0.0389 0.5777 0.0633 
         338  1 0.0042 0.0045 0.0045 0.0046 0.0046 0.0129 0.0029 0.9575 0.0043 
         339  1 0.0032 0.0032 0.0029 0.0031 0.0031 0.0028 0.0032 0.9755 0.0030 
         340  1 0.0064 0.0060 0.0066 0.0061 0.0066 0.0036 0.0113 0.9473 0.0062 
         341  1 0.1713 0.1278 0.1663 0.1807 0.1880 0.0091 0.0061 0.0096 0.1411 
         342  1 0.0029 0.0028 0.0029 0.0029 0.0028 0.0025 0.0026 0.9778 0.0028 
         343  1 0.0089 0.0089 0.0092 0.0090 0.0092 0.0069 0.0102 0.9287 0.0091 
         344  1 0.0057 0.0064 0.0059 0.0060 0.0058 0.0058 0.0059 0.9522 0.0063 
         345  1 0.0095 0.0115 0.0105 0.0106 0.0107 0.0049 0.0191 0.9134 0.0098 
         346  1 0.0055 0.0049 0.0052 0.0052 0.0051 0.0051 0.0079 0.9563 0.0050 
         347  1 0.0086 0.0082 0.0093 0.0088 0.0087 0.0050 0.0104 0.9324 0.0088 
         348  1 0.0217 0.0235 0.0197 0.0218 0.0187 0.0500 0.0097 0.8147 0.0201 
         349  1 0.0028 0.0029 0.0028 0.0029 0.0028 0.0029 0.0028 0.9774 0.0028 
         350  1 0.0273 0.0323 0.0269 0.0304 0.0273 0.0367 0.0045 0.7871 0.0276 
         351  1 0.0062 0.0063 0.0059 0.0061 0.0058 0.0040 0.0181 0.9412 0.0064 
         352  1 0.0941 0.2767 0.1043 0.1288 0.1606 0.0105 0.0056 0.0156 0.2038 
         353  1 0.0050 0.0050 0.0051 0.0052 0.0049 0.0038 0.0049 0.9611 0.0050 
         354  1 0.0051 0.0059 0.0054 0.0054 0.0056 0.0045 0.0053 0.9575 0.0053 
         355  1 0.0053 0.0062 0.0061 0.0058 0.0061 0.0049 0.0085 0.9510 0.0060 
         356  1 0.1899 0.0932 0.2082 0.1745 0.1484 0.0183 0.0078 0.0172 0.1424 
         357  1 0.0869 0.2309 0.0820 0.1045 0.1674 0.0134 0.1333 0.0420 0.1396 
         358  1 0.1315 0.1763 0.1379 0.2056 0.1696 0.0241 0.0095 0.0079 0.1376 
         359  1 0.1793 0.1060 0.1701 0.1841 0.1581 0.0085 0.0208 0.0164 0.1565 
         360  1 0.1286 0.2178 0.1370 0.1373 0.1427 0.0307 0.0513 0.0191 0.1353 
         361  1 0.1201 0.1289 0.1191 0.1108 0.1206 0.0148 0.1043 0.1730 0.1084 
         362  1 0.1456 0.1379 0.1320 0.1867 0.1706 0.0285 0.0046 0.0093 0.1846 
         363  1 0.1015 0.2632 0.0966 0.1322 0.1893 0.0057 0.0060 0.0276 0.1778 
         364  1 0.1827 0.1648 0.1940 0.2036 0.1106 0.0051 0.0055 0.0085 0.1254 
         365  1 0.1037 0.2630 0.1081 0.1308 0.1862 0.0080 0.0069 0.0638 0.1294 
         366  1 0.1179 0.1903 0.1159 0.1144 0.2533 0.0076 0.0053 0.0179 0.1774 
         367  1 0.1536 0.1589 0.1680 0.1683 0.1444 0.0261 0.0136 0.0097 0.1573 
         368  1 0.1407 0.1613 0.1375 0.1793 0.1860 0.0115 0.0109 0.0115 0.1613 
         369  1 0.1158 0.2829 0.1059 0.1332 0.1859 0.0099 0.0044 0.0131 0.1489 
         370  1 0.1193 0.1760 0.1258 0.1351 0.1717 0.0058 0.0463 0.0755 0.1445 
         371  1 0.1050 0.2563 0.1015 0.1393 0.1911 0.0092 0.0442 0.0084 0.1451 
         372  1 0.1322 0.1895 0.1463 0.1375 0.1511 0.0075 0.0403 0.0887 0.1070 
         373  1 0.1619 0.1722 0.1602 0.1479 0.1460 0.0109 0.0152 0.0119 0.1738 
         374  1 0.1255 0.1662 0.1270 0.1486 0.1467 0.1053 0.0431 0.0126 0.1250 
         375  1 0.1454 0.2132 0.1289 0.1571 0.1425 0.0040 0.0226 0.0143 0.1720 
         376  1 0.1320 0.1687 0.1399 0.1433 0.2084 0.0104 0.0121 0.0183 0.1670 
         377  1 0.1528 0.1645 0.1639 0.1705 0.1582 0.0125 0.0092 0.0087 0.1598 
         378  1 0.0956 0.2020 0.1093 0.1385 0.1942 0.0214 0.0083 0.0793 0.1514 
         379  1 0.1473 0.1848 0.1458 0.1669 0.1502 0.0071 0.0107 0.0151 0.1721 
         380  1 0.1983 0.1115 0.1957 0.1808 0.1405 0.0061 0.0157 0.0089 0.1423 
         381  1 0.1085 0.2331 0.1191 0.1211 0.1910 0.0142 0.0106 0.0126 0.1898 
         382  1 0.2380 0.0880 0.2116 0.1816 0.1098 0.0066 0.0250 0.0160 0.1234 
         383  1 0.1603 0.1564 0.1531 0.1490 0.1429 0.0436 0.0146 0.0051 0.1749 
         384  1 0.1381 0.2123 0.1465 0.1462 0.1711 0.0099 0.0113 0.0195 0.1452 
         385  1 0.2204 0.0799 0.2237 0.1812 0.1421 0.0028 0.0040 0.0135 0.1324 
         386  1 0.1251 0.2314 0.1132 0.1447 0.1519 0.0265 0.0093 0.0078 0.1901 
         387  1 0.1254 0.1855 0.1187 0.1477 0.1968 0.0048 0.0074 0.0360 0.1776 
         388  1 0.1320 0.1598 0.1362 0.1655 0.1854 0.0143 0.0110 0.0286 0.1673 
         389  1 0.1797 0.1265 0.1697 0.1630 0.1410 0.0190 0.0067 0.0457 0.1486 
         390  1 0.1953 0.1643 0.1831 0.1233 0.1340 0.0296 0.0041 0.0306 0.1355 
         391  1 0.1872 0.2052 0.1875 0.1340 0.1347 0.0074 0.0064 0.0063 0.1313 
         392  1 0.0953 0.1923 0.1039 0.1939 0.1913 0.0038 0.0130 0.0054 0.2010 
         393  1 0.1759 0.1519 0.1945 0.1584 0.1304 0.0258 0.0072 0.0093 0.1465 
         394  1 0.1234 0.1993 0.1310 0.1712 0.1611 0.0059 0.0063 0.0069 0.1949 
         395  1 0.1057 0.1543 0.1038 0.2050 0.1994 0.0072 0.0057 0.0043 0.2145 
         396  1 0.1455 0.1740 0.1559 0.1616 0.1837 0.0080 0.0056 0.0081 0.1576 
         397  1 0.1546 0.1434 0.1531 0.2003 0.1514 0.0089 0.0068 0.0128 0.1687 
         398  1 0.0825 0.0968 0.0801 0.0864 0.0892 0.3832 0.0206 0.0753 0.0858 
         399  1 0.1679 0.1262 0.1921 0.1696 0.1652 0.0137 0.0100 0.0145 0.1407 
         400  1 0.1818 0.1312 0.1840 0.1761 0.1384 0.0178 0.0276 0.0088 0.1342 
         401  1 0.1156 0.1745 0.1296 0.1677 0.2011 0.0162 0.0077 0.0075 0.1800 
         402  1 0.1424 0.1685 0.1258 0.1700 0.1769 0.0061 0.0141 0.0041 0.1920 
         403  1 0.1318 0.2217 0.1214 0.1413 0.1638 0.0119 0.0061 0.0077 0.1943 
         404  1 0.1559 0.1581 0.1330 0.1612 0.1751 0.0056 0.0185 0.0481 0.1444 
         405  1 0.1019 0.2299 0.0918 0.1096 0.1878 0.0385 0.0089 0.0217 0.2098 
         406  1 0.1415 0.1776 0.1381 0.1505 0.1489 0.0068 0.0399 0.0191 0.1777 
         407  1 0.2085 0.1000 0.2236 0.1786 0.1192 0.0077 0.0117 0.0139 0.1368 
         408  1 0.1269 0.1544 0.1164 0.1846 0.1817 0.0103 0.0078 0.0080 0.2099 
         409  1 0.1967 0.1302 0.1885 0.1678 0.1258 0.0112 0.0205 0.0117 0.1476 
         410  1 0.1606 0.1663 0.1659 0.1487 0.1415 0.0125 0.0087 0.0058 0.1900 
         411  1 0.1404 0.1952 0.1470 0.1509 0.1607 0.0067 0.0289 0.0236 0.1464 
         412  1 0.1831 0.1431 0.1854 0.1606 0.1528 0.0078 0.0135 0.0050 0.1486 
         413  1 0.1419 0.2032 0.1344 0.1710 0.1626 0.0103 0.0052 0.0036 0.1678 
         414  1 0.1182 0.1985 0.1266 0.1506 0.2080 0.0066 0.0171 0.0190 0.1555 
         415  1 0.1949 0.1179 0.2083 0.1594 0.1413 0.0366 0.0063 0.0106 0.1247 
         416  1 0.1636 0.1091 0.1612 0.1884 0.1748 0.0071 0.0091 0.0086 0.1780 
         417  1 0.1458 0.2288 0.1433 0.1495 0.1291 0.0257 0.0107 0.0128 0.1544 
         418  1 0.1498 0.1926 0.1532 0.1354 0.1512 0.0227 0.0054 0.0365 0.1532 
         419  1 0.1260 0.2218 0.1269 0.1604 0.1545 0.0365 0.0108 0.0083 0.1548 
         420  1 0.1242 0.1491 0.1135 0.1334 0.1328 0.1803 0.0070 0.0048 0.1549 
         421  1 0.2015 0.1129 0.2217 0.1483 0.1290 0.0490 0.0084 0.0138 0.1153 
         422  1 0.1261 0.1767 0.1236 0.1208 0.1317 0.0598 0.1056 0.0153 0.1403 
         423  1 0.1530 0.1651 0.1577 0.1581 0.1609 0.0040 0.0148 0.0120 0.1744 
         424  1 0.1430 0.1937 0.1344 0.1487 0.1668 0.0092 0.0147 0.0097 0.1796 
         425  1 0.0935 0.2401 0.0978 0.1105 0.2228 0.0056 0.0067 0.0073 0.2157 
         426  1 0.1327 0.2084 0.1266 0.1310 0.1899 0.0072 0.0339 0.0200 0.1503 
         427  1 0.1748 0.1265 0.1859 0.1603 0.1720 0.0090 0.0049 0.0044 0.1622 
         428  1 0.1807 0.1407 0.1865 0.1762 0.1483 0.0088 0.0055 0.0071 0.1463 
         429  1 0.2518 0.0970 0.2438 0.2097 0.0723 0.0041 0.0126 0.0049 0.1038 
         430  1 0.1213 0.0847 0.1315 0.1043 0.0891 0.0135 0.3027 0.0447 0.1081 
         431  1 0.1971 0.0891 0.1861 0.1559 0.1614 0.0072 0.0066 0.0072 0.1894 
         432  1 0.1353 0.1627 0.1186 0.1447 0.1875 0.0063 0.0083 0.0620 0.1746 
         433  1 0.1538 0.2005 0.1546 0.1428 0.1598 0.0057 0.0251 0.0186 0.1391 
         434  1 0.1879 0.1366 0.1760 0.1732 0.1272 0.0121 0.0074 0.0298 0.1498 
         435  1 0.1547 0.2093 0.1550 0.1799 0.1289 0.0162 0.0096 0.0048 0.1415 
         436  1 0.1807 0.1501 0.1834 0.1708 0.1092 0.0639 0.0086 0.0042 0.1290 
         437  1 0.1409 0.1119 0.1322 0.1137 0.1235 0.0581 0.1948 0.0107 0.1143 
         438  1 0.1886 0.1351 0.2020 0.1536 0.1247 0.0049 0.0355 0.0043 0.1514 
         439  1 0.1438 0.2050 0.1570 0.1490 0.1673 0.0091 0.0166 0.0388 0.1132 
         440  1 0.1512 0.1828 0.1513 0.1299 0.1711 0.0261 0.0046 0.0232 0.1599 
         441  1 0.2236 0.0941 0.2129 0.1749 0.0931 0.0168 0.0448 0.0053 0.1345 
         442  1 0.1645 0.1166 0.1487 0.1151 0.0911 0.0266 0.2046 0.0073 0.1256 
         443  1 0.1766 0.1126 0.1768 0.1600 0.1366 0.0092 0.0191 0.0742 0.1349 
         444  1 0.2249 0.1044 0.2199 0.1546 0.1302 0.0152 0.0140 0.0158 0.1209 
         445  1 0.1349 0.2209 0.1396 0.1386 0.1888 0.0061 0.0084 0.0144 0.1484 
         446  1 0.1199 0.2031 0.1089 0.1632 0.1937 0.0117 0.0111 0.0129 0.1753 
         447  1 0.1207 0.1800 0.1177 0.1480 0.2073 0.0201 0.0084 0.0225 0.1753 
         448  1 0.0744 0.2489 0.0754 0.0925 0.1987 0.0833 0.0564 0.0164 0.1540 
         449  1 0.0823 0.1736 0.0802 0.1665 0.2353 0.0237 0.0082 0.0124 0.2178 
         450  1 0.0512 0.0776 0.0599 0.0624 0.0878 0.0519 0.0603 0.4803 0.0687 
         451  1 0.1407 0.1852 0.1383 0.1273 0.1636 0.0638 0.0047 0.0313 0.1451 
         452  1 0.1813 0.1460 0.2023 0.1552 0.1259 0.0084 0.0139 0.0125 0.1545 
         453  1 0.1557 0.1712 0.1548 0.1486 0.1499 0.0370 0.0101 0.0072 0.1653 
         454  1 0.1830 0.1064 0.1932 0.1570 0.1485 0.0143 0.0513 0.0082 0.1381 
         455  1 0.1565 0.1464 0.1652 0.1906 0.1626 0.0043 0.0089 0.0058 0.1596 
         456  1 0.1722 0.1206 0.1470 0.1612 0.1626 0.0083 0.0123 0.0513 0.1645 
         457  1 0.1900 0.1034 0.2196 0.2031 0.1152 0.0089 0.0049 0.0061 0.1487 
         458  1 0.1940 0.0919 0.2079 0.1430 0.1123 0.0117 0.0144 0.1042 0.1204 
         459  1 0.1563 0.1953 0.1564 0.1283 0.1540 0.0135 0.0358 0.0208 0.1396 
         460  1 0.1176 0.1654 0.1112 0.1814 0.1874 0.0174 0.0481 0.0059 0.1657 
         461  1 0.1387 0.1612 0.1442 0.1649 0.1396 0.0466 0.0341 0.0295 0.1411 
         462  1 0.1258 0.1729 0.1198 0.1565 0.2172 0.0086 0.0063 0.0063 0.1866 
         463  1 0.1239 0.2333 0.1223 0.1321 0.1740 0.0196 0.0303 0.0176 0.1470 
         464  1 0.1064 0.1959 0.1112 0.1781 0.1652 0.0352 0.0112 0.0069 0.1900 
         465  1 0.1327 0.2265 0.1368 0.1305 0.1519 0.0149 0.0592 0.0193 0.1281 
         466  1 0.1036 0.1257 0.1044 0.1094 0.1321 0.0418 0.1457 0.1203 0.1170 
         467  1 0.1487 0.1342 0.1433 0.1840 0.1785 0.0150 0.0140 0.0075 0.1749 
         468  1 0.1115 0.2435 0.1034 0.1309 0.1954 0.0079 0.0073 0.0220 0.1780 
         469  1 0.1082 0.2932 0.1163 0.1435 0.1744 0.0066 0.0070 0.0048 0.1459 
         470  1 0.1424 0.1552 0.1401 0.1803 0.1624 0.0094 0.0485 0.0071 0.1547 
         471  1 0.1365 0.1950 0.1226 0.1936 0.1841 0.0053 0.0051 0.0062 0.1515 
         472  1 0.1466 0.1556 0.1337 0.1601 0.1757 0.0167 0.0325 0.0047 0.1743 
         473  1 0.2012 0.1047 0.1923 0.1885 0.1115 0.0098 0.0135 0.0403 0.1380 
         474  1 0.1911 0.1581 0.1958 0.1618 0.1319 0.0045 0.0057 0.0130 0.1382 
         475  1 0.1545 0.1343 0.1520 0.1689 0.1732 0.0070 0.0046 0.0056 0.2000 
         476  1 0.1960 0.1240 0.1966 0.1910 0.1249 0.0108 0.0053 0.0064 0.1450 
         477  1 0.1377 0.1568 0.1488 0.1537 0.1611 0.0079 0.0433 0.0252 0.1656 
         478  1 0.1282 0.1451 0.1447 0.1598 0.1615 0.0094 0.0662 0.0328 0.1522 
         479  1 0.0955 0.1673 0.1096 0.1471 0.1656 0.1093 0.0059 0.0131 0.1866 
         480  1 0.1317 0.1551 0.1312 0.1469 0.1916 0.0184 0.0075 0.0047 0.2129 
         481  1 0.2375 0.1176 0.2115 0.1679 0.0898 0.0142 0.0105 0.0194 0.1316 
         482  1 0.1107 0.2580 0.1016 0.1120 0.1751 0.0091 0.0050 0.0172 0.2113 
         483  1 0.2050 0.1137 0.2142 0.1538 0.1186 0.0089 0.0152 0.0054 0.1652 
         484  1 0.1252 0.1461 0.1159 0.1264 0.1514 0.0807 0.0057 0.0904 0.1581 
         485  1 0.0453 0.0459 0.0400 0.0406 0.0389 0.0364 0.4436 0.2685 0.0408 
         486  1 0.1717 0.1573 0.1825 0.1495 0.1479 0.0314 0.0081 0.0210 0.1306 
         487  1 0.1354 0.2133 0.1280 0.1449 0.2084 0.0065 0.0082 0.0153 0.1401 
         488  1 0.1339 0.2317 0.1208 0.1333 0.1745 0.0448 0.0197 0.0180 0.1233 
         489  1 0.1436 0.1699 0.1561 0.1555 0.1898 0.0316 0.0077 0.0066 0.1392 
         490  1 0.1184 0.1795 0.1299 0.1214 0.1526 0.0176 0.0123 0.1330 0.1354 
         491  1 0.1300 0.1952 0.1229 0.1881 0.1942 0.0076 0.0062 0.0204 0.1355 
         492  1 0.1427 0.1457 0.1400 0.1611 0.1847 0.0071 0.0144 0.0086 0.1958 
         493  1 0.1395 0.2108 0.1377 0.1467 0.1845 0.0083 0.0034 0.0065 0.1626 
         494  1 0.1681 0.1619 0.1628 0.1682 0.1565 0.0062 0.0074 0.0093 0.1596 
         495  1 0.1864 0.1428 0.1766 0.1756 0.1282 0.0142 0.0195 0.0070 0.1497 
         496  1 0.1908 0.1670 0.1626 0.1313 0.1149 0.0120 0.0863 0.0080 0.1271 
         497  1 0.1148 0.2022 0.1155 0.1375 0.1680 0.0086 0.0081 0.0550 0.1904 
         498  1 0.1689 0.1606 0.1526 0.1640 0.1504 0.0119 0.0103 0.0171 0.1641 
         499  1 0.1579 0.1137 0.1469 0.1721 0.1674 0.0090 0.0053 0.0055 0.2221 
         500  1 0.1409 0.1547 0.1339 0.1871 0.1851 0.0061 0.0078 0.0117 0.1727 
