           1  1 0.2865 0.0085 0.1130 0.5920 
           2  1 0.2395 0.0068 0.7447 0.0091 
           3  1 0.3809 0.0111 0.4121 0.1960 
           4  1 0.4709 0.0068 0.4913 0.0310 
           5  1 0.0816 0.0528 0.8444 0.0211 
           6  1 0.1631 0.0284 0.7630 0.0455 
           7  1 0.1995 0.0084 0.7845 0.0075 
           8  1 0.1461 0.0052 0.7667 0.0821 
           9  1 0.4612 0.0101 0.3408 0.1879 
          10  1 0.4969 0.0832 0.3007 0.1193 
          11  1 0.4568 0.0112 0.5089 0.0231 
          12  1 0.4697 0.0050 0.5124 0.0130 
          13  1 0.5621 0.0081 0.4151 0.0148 
          14  1 0.5643 0.0102 0.4043 0.0211 
          15  1 0.2423 0.0125 0.0716 0.6735 
          16  1 0.4149 0.0090 0.5524 0.0237 
          17  1 0.2120 0.0293 0.6569 0.1018 
          18  1 0.2710 0.0138 0.5341 0.1810 
          19  1 0.2483 0.0117 0.1872 0.5528 
          20  1 0.0829 0.3010 0.5877 0.0283 
          21  1 0.3560 0.0498 0.5368 0.0574 
          22  1 0.6726 0.0070 0.2668 0.0536 
          23  1 0.1038 0.0152 0.8339 0.0471 
          24  1 0.1941 0.0714 0.6536 0.0808 
          25  1 0.4281 0.0364 0.2943 0.2411 
          26  1 0.5637 0.0053 0.3859 0.0451 
          27  1 0.2968 0.0099 0.6506 0.0427 
          28  1 0.1707 0.1800 0.2680 0.3812 
          29  1 0.6280 0.0523 0.3052 0.0144 
          30  1 0.8492 0.0044 0.1383 0.0081 
          31  1 0.2636 0.0095 0.7125 0.0143 
          32  1 0.1070 0.0059 0.8739 0.0131 
          33  1 0.0251 0.0060 0.9304 0.0385 
          34  1 0.4116 0.0219 0.3981 0.1684 
          35  1 0.2345 0.0108 0.7334 0.0212 
          36  1 0.0603 0.0075 0.9218 0.0104 
          37  1 0.4806 0.0959 0.3796 0.0440 
          38  1 0.0905 0.0083 0.7914 0.1098 
          39  1 0.0377 0.0111 0.0431 0.9081 
          40  1 0.2925 0.0198 0.6647 0.0230 
          41  1 0.2053 0.0138 0.7222 0.0587 
          42  1 0.1845 0.0180 0.7530 0.0444 
          43  1 0.1766 0.0123 0.5859 0.2251 
          44  1 0.3622 0.0469 0.5774 0.0135 
          45  1 0.6365 0.0049 0.3271 0.0314 
          46  1 0.4302 0.0134 0.5279 0.0285 
          47  1 0.4592 0.0527 0.4576 0.0305 
          48  1 0.1592 0.0438 0.7719 0.0251 
          49  1 0.4665 0.0264 0.2069 0.3002 
          50  1 0.4808 0.0083 0.4842 0.0267 
          51  1 0.2625 0.0058 0.7070 0.0246 
          52  1 0.1398 0.0058 0.8459 0.0086 
          53  1 0.2267 0.0075 0.7222 0.0436 
          54  1 0.2314 0.1238 0.6151 0.0297 
          55  1 0.3078 0.0177 0.4788 0.1957 
          56  1 0.5688 0.0238 0.3800 0.0274 
          57  1 0.3553 0.0087 0.5991 0.0369 
          58  1 0.6985 0.0333 0.2512 0.0170 
          59  1 0.2098 0.0071 0.7707 0.0124 
          60  1 0.5364 0.0174 0.4110 0.0351 
          61  1 0.4126 0.2370 0.3060 0.0444 
          62  1 0.3307 0.0079 0.6389 0.0225 
          63  1 0.1642 0.0155 0.6940 0.1264 
          64  1 0.5052 0.0072 0.4520 0.0356 
          65  1 0.2400 0.0107 0.7195 0.0298 
          66  1 0.2100 0.0117 0.7645 0.0138 
          67  1 0.0921 0.0644 0.8054 0.0381 
          68  1 0.1305 0.0200 0.3130 0.5365 
          69  1 0.0647 0.1703 0.6547 0.1103 
          70  1 0.6462 0.0225 0.3073 0.0241 
          71  1 0.0807 0.0275 0.8763 0.0155 
          72  1 0.2399 0.0163 0.7288 0.0150 
          73  1 0.1971 0.0107 0.3344 0.4577 
          74  1 0.3320 0.0095 0.6029 0.0556 
          75  1 0.1081 0.0086 0.8503 0.0329 
          76  1 0.0610 0.0088 0.9131 0.0171 
          77  1 0.0072 0.0101 0.0067 0.9760 
          78  1 0.0134 0.0145 0.0120 0.9602 
          79  1 0.0076 0.0118 0.0086 0.9719 
          80  1 0.0079 0.0048 0.0092 0.9780 
          81  1 0.0089 0.0057 0.0100 0.9755 
          82  1 0.0076 0.0084 0.0096 0.9744 
          83  1 0.0115 0.0153 0.0106 0.9627 
          84  1 0.0085 0.0063 0.0081 0.9771 
          85  1 0.0135 0.0123 0.0135 0.9607 
          86  1 0.0238 0.0101 0.0342 0.9319 
          87  1 0.0079 0.0058 0.0083 0.9780 
          88  1 0.0055 0.0090 0.0067 0.9788 
          89  1 0.0071 0.0133 0.0082 0.9714 
          90  1 0.1300 0.0170 0.1472 0.7059 
          91  1 0.0069 0.0091 0.0071 0.9769 
          92  1 0.0075 0.0210 0.0078 0.9637 
          93  1 0.0080 0.0070 0.0088 0.9762 
          94  1 0.0077 0.0115 0.0079 0.9729 
          95  1 0.0098 0.0130 0.0130 0.9643 
          96  1 0.0081 0.0055 0.0079 0.9785 
          97  1 0.0406 0.1357 0.0328 0.7908 
          98  1 0.1637 0.0273 0.1233 0.6856 
          99  1 0.0061 0.0047 0.0064 0.9829 
         100  1 0.0265 0.0095 0.0317 0.9323 
         101  1 0.0095 0.0055 0.0094 0.9756 
         102  1 0.0244 0.0527 0.0300 0.8929 
         103  1 0.4735 0.0099 0.4304 0.0862 
         104  1 0.5956 0.0062 0.3895 0.0087 
         105  1 0.5895 0.0252 0.3721 0.0132 
         106  1 0.3973 0.0143 0.5641 0.0244 
         107  1 0.5743 0.0101 0.3689 0.0467 
         108  1 0.4962 0.0205 0.1560 0.3272 
         109  1 0.3171 0.0438 0.4579 0.1812 
         110  1 0.2622 0.0215 0.6988 0.0175 
         111  1 0.4614 0.0075 0.5171 0.0139 
         112  1 0.2524 0.0062 0.6491 0.0923 
         113  1 0.2045 0.0097 0.6801 0.1057 
         114  1 0.2385 0.0095 0.7388 0.0132 
         115  1 0.5663 0.0649 0.3402 0.0287 
         116  1 0.5734 0.0050 0.4031 0.0184 
         117  1 0.8049 0.0087 0.1765 0.0099 
         118  1 0.3975 0.0092 0.5613 0.0320 
         119  1 0.3440 0.0058 0.6243 0.0259 
         120  1 0.6935 0.0059 0.1760 0.1246 
         121  1 0.4286 0.0151 0.3265 0.2299 
         122  1 0.5791 0.0204 0.3398 0.0608 
         123  1 0.6588 0.0145 0.2710 0.0557 
         124  1 0.2646 0.0105 0.4437 0.2813 
         125  1 0.3367 0.0118 0.6429 0.0086 
         126  1 0.5755 0.0192 0.3253 0.0799 
         127  1 0.5227 0.0122 0.4407 0.0244 
         128  1 0.2366 0.0069 0.1201 0.6364 
         129  1 0.4233 0.0161 0.3111 0.2495 
         130  1 0.3600 0.0153 0.5970 0.0277 
         131  1 0.6850 0.0070 0.2055 0.1025 
         132  1 0.1641 0.0041 0.8177 0.0140 
         133  1 0.5626 0.0065 0.3056 0.1253 
         134  1 0.0948 0.0082 0.8549 0.0421 
         135  1 0.5368 0.0775 0.2658 0.1200 
         136  1 0.4535 0.0126 0.3303 0.2036 
         137  1 0.5032 0.0127 0.4550 0.0291 
         138  1 0.3239 0.0094 0.6159 0.0508 
         139  1 0.1473 0.0075 0.3176 0.5277 
         140  1 0.4069 0.0738 0.3109 0.2084 
         141  1 0.2250 0.0080 0.7522 0.0148 
         142  1 0.7042 0.0114 0.2725 0.0119 
         143  1 0.5960 0.0074 0.2772 0.1195 
         144  1 0.4920 0.0070 0.4003 0.1006 
         145  1 0.4858 0.0704 0.3716 0.0722 
         146  1 0.4563 0.0232 0.4663 0.0542 
         147  1 0.6069 0.0266 0.3163 0.0502 
         148  1 0.2376 0.0106 0.6429 0.1089 
         149  1 0.5582 0.0371 0.3662 0.0386 
         150  1 0.5442 0.1057 0.2946 0.0554 
         151  1 0.2823 0.0113 0.6733 0.0331 
         152  1 0.0763 0.3961 0.1231 0.4045 
         153  1 0.0741 0.0402 0.7945 0.0912 
         154  1 0.1902 0.1039 0.5090 0.1969 
         155  1 0.2217 0.0099 0.7495 0.0189 
         156  1 0.3167 0.0394 0.1697 0.4742 
         157  1 0.2067 0.0088 0.7344 0.0502 
         158  1 0.2560 0.0064 0.6904 0.0472 
         159  1 0.2718 0.3195 0.3120 0.0967 
         160  1 0.7023 0.0129 0.2032 0.0816 
         161  1 0.4185 0.0336 0.4413 0.1066 
         162  1 0.5516 0.0140 0.4203 0.0141 
         163  1 0.8049 0.0067 0.1786 0.0098 
         164  1 0.5689 0.0098 0.4099 0.0114 
         165  1 0.0849 0.0972 0.8122 0.0057 
         166  1 0.3874 0.0049 0.2031 0.4046 
         167  1 0.5771 0.0091 0.3676 0.0463 
         168  1 0.5552 0.0167 0.3844 0.0437 
         169  1 0.3629 0.0055 0.6217 0.0099 
         170  1 0.7351 0.0153 0.2239 0.0258 
         171  1 0.6743 0.0346 0.2496 0.0416 
         172  1 0.6062 0.0131 0.3672 0.0135 
         173  1 0.5055 0.0247 0.4457 0.0241 
         174  1 0.2994 0.1428 0.5413 0.0165 
         175  1 0.6106 0.0176 0.3491 0.0227 
         176  1 0.6662 0.0170 0.2534 0.0635 
         177  1 0.4930 0.0069 0.4874 0.0126 
         178  1 0.3774 0.0176 0.5896 0.0154 
         179  1 0.3471 0.0238 0.1501 0.4790 
         180  1 0.7842 0.0065 0.1805 0.0288 
         181  1 0.6018 0.0173 0.1933 0.1876 
         182  1 0.5862 0.0129 0.2731 0.1279 
         183  1 0.1440 0.0237 0.3358 0.4965 
         184  1 0.3102 0.0090 0.5494 0.1314 
         185  1 0.5871 0.0096 0.3256 0.0777 
         186  1 0.8869 0.0042 0.0943 0.0146 
         187  1 0.4342 0.0315 0.4902 0.0441 
         188  1 0.5279 0.0231 0.4067 0.0423 
         189  1 0.5148 0.0150 0.4197 0.0505 
         190  1 0.5090 0.0300 0.4473 0.0137 
         191  1 0.4558 0.0702 0.1981 0.2759 
         192  1 0.4924 0.0892 0.3823 0.0360 
         193  1 0.1871 0.0108 0.7736 0.0284 
         194  1 0.4380 0.0230 0.5178 0.0212 
         195  1 0.5273 0.0332 0.4251 0.0143 
         196  1 0.0749 0.0069 0.2027 0.7155 
         197  1 0.3504 0.0061 0.4764 0.1670 
         198  1 0.2555 0.0135 0.6450 0.0860 
         199  1 0.7901 0.0108 0.1350 0.0641 
         200  1 0.2554 0.0069 0.6819 0.0558 
         201  1 0.5158 0.0963 0.3635 0.0244 
         202  1 0.1741 0.0065 0.7385 0.0809 
         203  1 0.7476 0.0089 0.1156 0.1279 
         204  1 0.3087 0.0140 0.6632 0.0140 
         205  1 0.3493 0.0319 0.5989 0.0198 
         206  1 0.6567 0.0263 0.2568 0.0601 
         207  1 0.6476 0.0069 0.2007 0.1448 
         208  1 0.6592 0.0062 0.2870 0.0476 
         209  1 0.1598 0.0357 0.7908 0.0136 
         210  1 0.3841 0.0114 0.5612 0.0432 
         211  1 0.6071 0.0065 0.3692 0.0171 
         212  1 0.6276 0.0356 0.2850 0.0518 
         213  1 0.2381 0.0148 0.7164 0.0308 
         214  1 0.2194 0.0343 0.7297 0.0167 
         215  1 0.5174 0.0116 0.3619 0.1092 
         216  1 0.2350 0.0145 0.7230 0.0276 
         217  1 0.5599 0.0407 0.3780 0.0215 
         218  1 0.3873 0.0165 0.5345 0.0617 
         219  1 0.6288 0.0046 0.3543 0.0123 
         220  1 0.1773 0.0148 0.2823 0.5256 
         221  1 0.6662 0.0235 0.1975 0.1128 
         222  1 0.2327 0.1511 0.5570 0.0592 
         223  1 0.6041 0.0313 0.3311 0.0336 
         224  1 0.6629 0.0194 0.3071 0.0105 
         225  1 0.3256 0.3787 0.1965 0.0991 
         226  1 0.6952 0.0352 0.2477 0.0218 
         227  1 0.2877 0.0068 0.6850 0.0205 
         228  1 0.3925 0.0085 0.5691 0.0300 
         229  1 0.4526 0.0198 0.4634 0.0642 
         230  1 0.7277 0.0260 0.2364 0.0099 
         231  1 0.7947 0.0092 0.1830 0.0131 
         232  1 0.6449 0.0047 0.3333 0.0171 
         233  1 0.6675 0.0134 0.1810 0.1381 
         234  1 0.5801 0.0316 0.3620 0.0263 
         235  1 0.1705 0.0124 0.7981 0.0190 
         236  1 0.7058 0.0150 0.2121 0.0671 
         237  1 0.4391 0.0310 0.3495 0.1804 
         238  1 0.4421 0.0376 0.4902 0.0301 
         239  1 0.2909 0.0117 0.6595 0.0380 
         240  1 0.0675 0.0233 0.1514 0.7578 
         241  1 0.6901 0.0079 0.2693 0.0327 
         242  1 0.3878 0.0120 0.5415 0.0587 
         243  1 0.5802 0.0138 0.3938 0.0121 
         244  1 0.7243 0.0051 0.2178 0.0528 
         245  1 0.0467 0.0154 0.9118 0.0261 
         246  1 0.5187 0.0075 0.3327 0.1412 
         247  1 0.1094 0.0356 0.8399 0.0151 
         248  1 0.4715 0.0121 0.4522 0.0641 
         249  1 0.4037 0.0098 0.5700 0.0164 
         250  1 0.8079 0.0380 0.1259 0.0282 
         251  1 0.6106 0.0072 0.3122 0.0700 
         252  1 0.3595 0.0369 0.5640 0.0396 
         253  1 0.5333 0.0116 0.4038 0.0513 
         254  1 0.5245 0.0083 0.4493 0.0179 
         255  1 0.4044 0.0069 0.4867 0.1020 
         256  1 0.8144 0.0113 0.1639 0.0104 
         257  1 0.6848 0.0218 0.2410 0.0524 
         258  1 0.2388 0.0066 0.7420 0.0126 
         259  1 0.4359 0.0066 0.5301 0.0274 
         260  1 0.4349 0.0230 0.5210 0.0211 
         261  1 0.2676 0.0080 0.7005 0.0240 
         262  1 0.1637 0.0078 0.8159 0.0125 
         263  1 0.3075 0.1628 0.5145 0.0152 
         264  1 0.0862 0.0317 0.8618 0.0204 
         265  1 0.0495 0.0300 0.8963 0.0242 
         266  1 0.1344 0.0107 0.7767 0.0781 
         267  1 0.1291 0.0133 0.4969 0.3607 
         268  1 0.0834 0.0654 0.1879 0.6633 
         269  1 0.2871 0.0175 0.3706 0.3249 
         270  1 0.3975 0.0076 0.5127 0.0823 
         271  1 0.2411 0.0452 0.5729 0.1409 
         272  1 0.4184 0.0481 0.3123 0.2211 
         273  1 0.4851 0.0299 0.4686 0.0165 
         274  1 0.4071 0.0303 0.4158 0.1468 
         275  1 0.4515 0.0116 0.4416 0.0953 
         276  1 0.5288 0.1449 0.2665 0.0598 
         277  1 0.5318 0.0158 0.4381 0.0142 
         278  1 0.2828 0.1046 0.4542 0.1584 
         279  1 0.3423 0.0338 0.5268 0.0971 
         280  1 0.7051 0.0065 0.1915 0.0968 
         281  1 0.2854 0.0051 0.6751 0.0344 
         282  1 0.4493 0.0637 0.3905 0.0965 
         283  1 0.3295 0.3093 0.3039 0.0574 
         284  1 0.5919 0.0502 0.3343 0.0236 
         285  1 0.1515 0.0219 0.7554 0.0712 
         286  1 0.6764 0.0114 0.2526 0.0595 
         287  1 0.5595 0.0132 0.2411 0.1862 
         288  1 0.5148 0.0179 0.3472 0.1200 
         289  1 0.2969 0.0117 0.6814 0.0100 
         290  1 0.5250 0.0091 0.4108 0.0550 
         291  1 0.5931 0.0213 0.3314 0.0542 
         292  1 0.3034 0.0461 0.4410 0.2095 
         293  1 0.6809 0.0100 0.2079 0.1012 
         294  1 0.4854 0.1302 0.2580 0.1264 
         295  1 0.6223 0.0114 0.1624 0.2039 
         296  1 0.4850 0.0628 0.4117 0.0406 
         297  1 0.4769 0.0883 0.3983 0.0366 
         298  1 0.5868 0.0087 0.3861 0.0183 
         299  1 0.3548 0.0365 0.5786 0.0301 
         300  1 0.2094 0.0218 0.7132 0.0556 
         301  1 0.7602 0.0063 0.1030 0.1305 
         302  1 0.7529 0.0119 0.2243 0.0110 
         303  1 0.4169 0.0747 0.4937 0.0147 
         304  1 0.6576 0.0112 0.3189 0.0124 
         305  1 0.5021 0.0083 0.4001 0.0895 
         306  1 0.3560 0.0102 0.6056 0.0282 
         307  1 0.3558 0.0375 0.5406 0.0661 
         308  1 0.4772 0.0085 0.4568 0.0575 
         309  1 0.4721 0.0601 0.4302 0.0376 
         310  1 0.4172 0.1662 0.3982 0.0185 
         311  1 0.5777 0.0268 0.3691 0.0264 
         312  1 0.2397 0.0304 0.1630 0.5669 
         313  1 0.5878 0.0072 0.3839 0.0212 
         314  1 0.1740 0.0517 0.2710 0.5033 
         315  1 0.2488 0.0113 0.6863 0.0536 
         316  1 0.3319 0.1100 0.5213 0.0368 
         317  1 0.5613 0.0340 0.3388 0.0659 
         318  1 0.4959 0.0297 0.4451 0.0293 
         319  1 0.3915 0.2406 0.3302 0.0378 
         320  1 0.4054 0.0814 0.1774 0.3358 
         321  1 0.1667 0.0066 0.7835 0.0431 
         322  1 0.6994 0.0176 0.1892 0.0938 
         323  1 0.6676 0.0156 0.2887 0.0282 
         324  1 0.4249 0.0085 0.5454 0.0213 
         325  1 0.3810 0.0388 0.4344 0.1458 
         326  1 0.6655 0.0087 0.3169 0.0089 
         327  1 0.6184 0.0061 0.3241 0.0514 
         328  1 0.4762 0.0218 0.3504 0.1517 
         329  1 0.7183 0.0205 0.2047 0.0564 
         330  1 0.4061 0.0047 0.1210 0.4682 
         331  1 0.2820 0.0072 0.3524 0.3584 
         332  1 0.7610 0.0106 0.2196 0.0088 
         333  1 0.5688 0.0137 0.4007 0.0168 
         334  1 0.0662 0.0072 0.7435 0.1831 
         335  1 0.2706 0.0088 0.5204 0.2003 
         336  1 0.0149 0.0068 0.0190 0.9594 
         337  1 0.0938 0.0384 0.2260 0.6419 
         338  1 0.0077 0.0068 0.0084 0.9771 
         339  1 0.0100 0.0099 0.0096 0.9705 
         340  1 0.0729 0.1020 0.0717 0.7534 
         341  1 0.3733 0.0081 0.5942 0.0244 
         342  1 0.0102 0.0068 0.0113 0.9717 
         343  1 0.0138 0.0114 0.0168 0.9580 
         344  1 0.0182 0.0129 0.0143 0.9546 
         345  1 0.0179 0.0180 0.0180 0.9461 
         346  1 0.0115 0.0172 0.0154 0.9560 
         347  1 0.0176 0.0125 0.0265 0.9434 
         348  1 0.0439 0.0197 0.0355 0.9009 
         349  1 0.0079 0.0077 0.0084 0.9759 
         350  1 0.0278 0.0076 0.0237 0.9408 
         351  1 0.0411 0.1326 0.0283 0.7980 
         352  1 0.7340 0.0069 0.2348 0.0244 
         353  1 0.0478 0.0320 0.0293 0.8909 
         354  1 0.0317 0.0253 0.0233 0.9197 
         355  1 0.0234 0.0263 0.0225 0.9279 
         356  1 0.1919 0.0112 0.7482 0.0486 
         357  1 0.6024 0.1513 0.1466 0.0997 
         358  1 0.6453 0.0131 0.2660 0.0755 
         359  1 0.1927 0.0269 0.7564 0.0240 
         360  1 0.3516 0.0641 0.1831 0.4012 
         361  1 0.3401 0.1768 0.2761 0.2069 
         362  1 0.5315 0.0063 0.3840 0.0782 
         363  1 0.5566 0.0078 0.4041 0.0315 
         364  1 0.2309 0.0081 0.7455 0.0154 
         365  1 0.3243 0.0104 0.4501 0.2152 
         366  1 0.5560 0.0066 0.4074 0.0301 
         367  1 0.5148 0.0184 0.3784 0.0883 
         368  1 0.5882 0.0142 0.3723 0.0253 
         369  1 0.5657 0.0056 0.3481 0.0806 
         370  1 0.5361 0.0733 0.3434 0.0472 
         371  1 0.6843 0.0586 0.2213 0.0358 
         372  1 0.1912 0.0622 0.5944 0.1522 
         373  1 0.6247 0.0197 0.3175 0.0382 
         374  1 0.3736 0.0577 0.2200 0.3487 
         375  1 0.2397 0.0309 0.7153 0.0141 
         376  1 0.4695 0.0176 0.4583 0.0546 
         377  1 0.4750 0.0129 0.4672 0.0449 
         378  1 0.5930 0.0106 0.0850 0.3113 
         379  1 0.4758 0.0151 0.4886 0.0205 
         380  1 0.3489 0.0191 0.6187 0.0134 
         381  1 0.5343 0.0154 0.3943 0.0560 
         382  1 0.1232 0.0302 0.8271 0.0196 
         383  1 0.4117 0.0197 0.5006 0.0679 
         384  1 0.5915 0.0155 0.3397 0.0534 
         385  1 0.1902 0.0054 0.7966 0.0079 
         386  1 0.6719 0.0114 0.2253 0.0914 
         387  1 0.5651 0.0103 0.3956 0.0290 
         388  1 0.6086 0.0154 0.3071 0.0689 
         389  1 0.2121 0.0084 0.6006 0.1789 
         390  1 0.3684 0.0046 0.2590 0.3680 
         391  1 0.5274 0.0079 0.4488 0.0159 
         392  1 0.8540 0.0186 0.1186 0.0088 
         393  1 0.3094 0.0095 0.5987 0.0823 
         394  1 0.6477 0.0083 0.3291 0.0149 
         395  1 0.7588 0.0073 0.2213 0.0126 
         396  1 0.3625 0.0073 0.6078 0.0224 
         397  1 0.6588 0.0095 0.3098 0.0219 
         398  1 0.0566 0.0191 0.0478 0.8765 
         399  1 0.2393 0.0138 0.7013 0.0456 
         400  1 0.4521 0.0397 0.4713 0.0369 
         401  1 0.7222 0.0098 0.2337 0.0342 
         402  1 0.6861 0.0195 0.2856 0.0088 
         403  1 0.5290 0.0075 0.4297 0.0338 
         404  1 0.6264 0.0255 0.3245 0.0236 
         405  1 0.3295 0.0110 0.1031 0.5564 
         406  1 0.3201 0.0615 0.5816 0.0368 
         407  1 0.1597 0.0157 0.8080 0.0167 
         408  1 0.5949 0.0100 0.3686 0.0264 
         409  1 0.3578 0.0257 0.5957 0.0208 
         410  1 0.4104 0.0120 0.5527 0.0249 
         411  1 0.4955 0.0380 0.4361 0.0304 
         412  1 0.3331 0.0177 0.6356 0.0135 
         413  1 0.7307 0.0066 0.2490 0.0137 
         414  1 0.7269 0.0227 0.1993 0.0512 
         415  1 0.3622 0.0083 0.5365 0.0929 
         416  1 0.5974 0.0115 0.3734 0.0177 
         417  1 0.4787 0.0151 0.3547 0.1514 
         418  1 0.2608 0.0062 0.4039 0.3291 
         419  1 0.4983 0.0152 0.3523 0.1341 
         420  1 0.4804 0.0101 0.2135 0.2960 
         421  1 0.2583 0.0109 0.5797 0.1512 
         422  1 0.2904 0.1454 0.1623 0.4018 
         423  1 0.5569 0.0205 0.4127 0.0100 
         424  1 0.6483 0.0218 0.3040 0.0259 
         425  1 0.7170 0.0082 0.2619 0.0128 
         426  1 0.6301 0.0521 0.2889 0.0289 
         427  1 0.6047 0.0064 0.3759 0.0130 
         428  1 0.6396 0.0069 0.3377 0.0157 
         429  1 0.0845 0.0177 0.8893 0.0085 
         430  1 0.1719 0.4106 0.3287 0.0888 
         431  1 0.3336 0.0083 0.6444 0.0137 
         432  1 0.5611 0.0112 0.3842 0.0436 
         433  1 0.3691 0.0367 0.5532 0.0410 
         434  1 0.2597 0.0104 0.6831 0.0467 
         435  1 0.6689 0.0132 0.2915 0.0264 
         436  1 0.5511 0.0110 0.3745 0.0635 
         437  1 0.2164 0.2344 0.3191 0.2301 
         438  1 0.1714 0.0485 0.7703 0.0098 
         439  1 0.4709 0.0221 0.3919 0.1151 
         440  1 0.4638 0.0065 0.2642 0.2655 
         441  1 0.1945 0.0648 0.7103 0.0305 
         442  1 0.2650 0.2445 0.4445 0.0460 
         443  1 0.2050 0.0280 0.6979 0.0691 
         444  1 0.1664 0.0178 0.7039 0.1119 
         445  1 0.4765 0.0108 0.4852 0.0275 
         446  1 0.6082 0.0165 0.2491 0.1262 
         447  1 0.6166 0.0111 0.2617 0.1106 
         448  1 0.2533 0.0522 0.0511 0.6434 
         449  1 0.8181 0.0110 0.1334 0.0375 
         450  1 0.1069 0.0779 0.0543 0.7609 
         451  1 0.5186 0.0062 0.1827 0.2926 
         452  1 0.2373 0.0185 0.7243 0.0198 
         453  1 0.6664 0.0138 0.2236 0.0962 
         454  1 0.2872 0.0630 0.5901 0.0598 
         455  1 0.5044 0.0123 0.4749 0.0085 
         456  1 0.3265 0.0160 0.5898 0.0677 
         457  1 0.1147 0.0065 0.8574 0.0214 
         458  1 0.1771 0.0219 0.5668 0.2342 
         459  1 0.5186 0.0458 0.3221 0.1135 
         460  1 0.6779 0.0781 0.2177 0.0263 
         461  1 0.3792 0.0458 0.2950 0.2800 
         462  1 0.7933 0.0089 0.1828 0.0150 
         463  1 0.4854 0.0395 0.2942 0.1810 
         464  1 0.6538 0.0138 0.2187 0.1138 
         465  1 0.3600 0.1027 0.3895 0.1479 
         466  1 0.2306 0.1912 0.1356 0.4426 
         467  1 0.4576 0.0192 0.4904 0.0328 
         468  1 0.6760 0.0096 0.2621 0.0524 
         469  1 0.7219 0.0092 0.2522 0.0167 
         470  1 0.5482 0.0603 0.3744 0.0171 
         471  1 0.6199 0.0069 0.3625 0.0107 
         472  1 0.5589 0.0452 0.3799 0.0160 
         473  1 0.2198 0.0197 0.7264 0.0341 
         474  1 0.5305 0.0081 0.4473 0.0141 
         475  1 0.4061 0.0055 0.5766 0.0119 
         476  1 0.2924 0.0065 0.6708 0.0303 
         477  1 0.4689 0.0687 0.4226 0.0398 
         478  1 0.4505 0.1163 0.3742 0.0591 
         479  1 0.7011 0.0078 0.1225 0.1686 
         480  1 0.6510 0.0098 0.3035 0.0357 
         481  1 0.2335 0.0130 0.6820 0.0715 
         482  1 0.6635 0.0065 0.2793 0.0506 
         483  1 0.1859 0.0211 0.7763 0.0167 
         484  1 0.2275 0.0077 0.1565 0.6082 
         485  1 0.0618 0.5607 0.0831 0.2945 
         486  1 0.2451 0.0105 0.5991 0.1453 
         487  1 0.7403 0.0104 0.2232 0.0261 
         488  1 0.5234 0.0238 0.2289 0.2239 
         489  1 0.5206 0.0106 0.3780 0.0908 
         490  1 0.2880 0.0148 0.1532 0.5440 
         491  1 0.7638 0.0074 0.1913 0.0375 
         492  1 0.5525 0.0179 0.4064 0.0232 
         493  1 0.5975 0.0044 0.3755 0.0226 
         494  1 0.3877 0.0095 0.5884 0.0144 
         495  1 0.3701 0.0279 0.5658 0.0362 
         496  1 0.3181 0.1059 0.5401 0.0359 
         497  1 0.7559 0.0114 0.1477 0.0850 
         498  1 0.3044 0.0130 0.6271 0.0554 
         499  1 0.5084 0.0069 0.4609 0.0238 
         500  1 0.6664 0.0106 0.3077 0.0153 
         501  1 0.4205 0.0147 0.5114 0.0534 
         502  1 0.4386 0.0688 0.3687 0.1240 
         503  1 0.7715 0.0082 0.2086 0.0117 
         504  1 0.6422 0.0097 0.2230 0.1251 
         505  1 0.2422 0.1077 0.6189 0.0312 
         506  1 0.4745 0.0281 0.3746 0.1228 
         507  1 0.2246 0.1268 0.4173 0.2314 
         508  1 0.5227 0.0112 0.4501 0.0160 
         509  1 0.1050 0.0045 0.8797 0.0107 
         510  1 0.3887 0.0078 0.3585 0.2450 
         511  1 0.4960 0.0121 0.4236 0.0683 
         512  1 0.6469 0.0134 0.3026 0.0371 
         513  1 0.5473 0.0157 0.4166 0.0204 
         514  1 0.7879 0.0230 0.1649 0.0243 
         515  1 0.6072 0.0070 0.3394 0.0463 
         516  1 0.7141 0.0313 0.2321 0.0225 
         517  1 0.8231 0.0319 0.1309 0.0141 
         518  1 0.2590 0.2009 0.4358 0.1043 
         519  1 0.2179 0.0322 0.1001 0.6499 
         520  1 0.4340 0.0171 0.5208 0.0282 
         521  1 0.7100 0.0088 0.1577 0.1235 
         522  1 0.0830 0.0134 0.1124 0.7912 
         523  1 0.3413 0.0251 0.5934 0.0402 
         524  1 0.5523 0.0055 0.4270 0.0151 
         525  1 0.6908 0.0123 0.2871 0.0099 
         526  1 0.7578 0.0207 0.1606 0.0608 
         527  1 0.4025 0.0096 0.5568 0.0310 
         528  1 0.8974 0.0098 0.0860 0.0068 
         529  1 0.5926 0.0215 0.1617 0.2241 
         530  1 0.3360 0.0733 0.3547 0.2360 
         531  1 0.5523 0.0092 0.3154 0.1231 
         532  1 0.0827 0.0143 0.0945 0.8085 
         533  1 0.6454 0.0130 0.2788 0.0628 
         534  1 0.5914 0.0646 0.2678 0.0762 
         535  1 0.5550 0.0189 0.4106 0.0155 
         536  1 0.5305 0.0141 0.4163 0.0392 
         537  1 0.4070 0.0510 0.3293 0.2127 
         538  1 0.2277 0.0050 0.7431 0.0242 
         539  1 0.6532 0.0177 0.2858 0.0433 
         540  1 0.5463 0.0103 0.4001 0.0434 
         541  1 0.5835 0.0144 0.2685 0.1336 
         542  1 0.5853 0.0107 0.2486 0.1554 
         543  1 0.2129 0.0046 0.7603 0.0222 
         544  1 0.2443 0.0636 0.1796 0.5125 
         545  1 0.2750 0.0407 0.1596 0.5248 
         546  1 0.4032 0.0215 0.5502 0.0251 
         547  1 0.7081 0.0094 0.2394 0.0431 
         548  1 0.4695 0.0072 0.4019 0.1214 
         549  1 0.6438 0.0265 0.0969 0.2328 
         550  1 0.5079 0.0062 0.4751 0.0108 
         551  1 0.2450 0.0075 0.6561 0.0914 
         552  1 0.8796 0.0042 0.1004 0.0158 
         553  1 0.7428 0.0253 0.2033 0.0285 
         554  1 0.4600 0.0482 0.4600 0.0318 
         555  1 0.6519 0.0281 0.2997 0.0203 
         556  1 0.6274 0.0257 0.2146 0.1323 
         557  1 0.7226 0.0113 0.2210 0.0451 
         558  1 0.7146 0.0084 0.2458 0.0313 
         559  1 0.1040 0.0384 0.8466 0.0110 
         560  1 0.6189 0.0246 0.3212 0.0353 
         561  1 0.3521 0.0169 0.4666 0.1644 
         562  1 0.6356 0.0123 0.3304 0.0217 
         563  1 0.6882 0.0096 0.2786 0.0237 
         564  1 0.3294 0.2783 0.3761 0.0162 
         565  1 0.6645 0.0099 0.2692 0.0564 
         566  1 0.4914 0.0261 0.4478 0.0347 
         567  1 0.4039 0.0120 0.4653 0.1189 
         568  1 0.3035 0.0474 0.6241 0.0249 
         569  1 0.6208 0.0056 0.3571 0.0165 
         570  1 0.3995 0.0074 0.5056 0.0876 
         571  1 0.3888 0.0093 0.5073 0.0946 
         572  1 0.6896 0.0108 0.2686 0.0310 
         573  1 0.1786 0.2467 0.5199 0.0548 
         574  1 0.3992 0.0333 0.4889 0.0785 
         575  1 0.6858 0.0182 0.2670 0.0289 
         576  1 0.8030 0.0527 0.1265 0.0177 
         577  1 0.4756 0.0674 0.3337 0.1233 
         578  1 0.5230 0.2795 0.1664 0.0312 
         579  1 0.3983 0.0317 0.5461 0.0238 
         580  1 0.7031 0.0099 0.2541 0.0329 
         581  1 0.8787 0.0072 0.1079 0.0063 
         582  1 0.3165 0.1286 0.3628 0.1921 
         583  1 0.3666 0.1553 0.1772 0.3008 
         584  1 0.5684 0.0197 0.2220 0.1899 
         585  1 0.2377 0.0205 0.0836 0.6581 
         586  1 0.3554 0.0140 0.5321 0.0985 
         587  1 0.6871 0.0138 0.2784 0.0207 
         588  1 0.4349 0.0290 0.4976 0.0384 
         589  1 0.1089 0.0432 0.8277 0.0202 
         590  1 0.1837 0.0230 0.6706 0.1227 
         591  1 0.5773 0.0075 0.3783 0.0369 
         592  1 0.0763 0.0173 0.8916 0.0147 
         593  1 0.6509 0.0201 0.3192 0.0098 
         594  1 0.2893 0.0348 0.6562 0.0197 
         595  1 0.0355 0.0097 0.0279 0.9268 
         596  1 0.3235 0.0157 0.5232 0.1377 
         597  1 0.5610 0.0230 0.1795 0.2365 
         598  1 0.7516 0.0070 0.1706 0.0707 
         599  1 0.2520 0.0528 0.6116 0.0836 
         600  1 0.5103 0.0496 0.2944 0.1457 
         601  1 0.3615 0.1750 0.4086 0.0548 
         602  1 0.3336 0.0588 0.5560 0.0516 
         603  1 0.6658 0.0142 0.1911 0.1290 
         604  1 0.4670 0.0132 0.4952 0.0245 
         605  1 0.2935 0.0096 0.6304 0.0666 
         606  1 0.5086 0.0211 0.4075 0.0629 
         607  1 0.5955 0.0247 0.3700 0.0098 
         608  1 0.1591 0.0100 0.8046 0.0263 
         609  1 0.4535 0.0107 0.5089 0.0269 
         610  1 0.3870 0.0407 0.5358 0.0365 
         611  1 0.4694 0.0067 0.5087 0.0152 
         612  1 0.5016 0.0408 0.4320 0.0256 
         613  1 0.1249 0.0292 0.7140 0.1319 
         614  1 0.7209 0.0070 0.2532 0.0189 
         615  1 0.6961 0.0249 0.2461 0.0329 
         616  1 0.5138 0.0159 0.4438 0.0266 
         617  1 0.4113 0.0119 0.5530 0.0239 
         618  1 0.6504 0.0159 0.2585 0.0752 
         619  1 0.4948 0.0414 0.1784 0.2853 
         620  1 0.6319 0.0090 0.1866 0.1725 
         621  1 0.6533 0.1001 0.1940 0.0526 
         622  1 0.5215 0.0235 0.3022 0.1528 
         623  1 0.3586 0.0028 0.6309 0.0076 
         624  1 0.6231 0.0253 0.3017 0.0499 
         625  1 0.6584 0.0080 0.3128 0.0208 
         626  1 0.1266 0.0063 0.2228 0.6442 
         627  1 0.6556 0.0458 0.2852 0.0134 
         628  1 0.7833 0.0085 0.1749 0.0333 
         629  1 0.4752 0.0283 0.2095 0.2870 
         630  1 0.5613 0.0068 0.4173 0.0147 
         631  1 0.5271 0.0096 0.4201 0.0432 
         632  1 0.4308 0.0170 0.3525 0.1997 
         633  1 0.3016 0.1091 0.5657 0.0237 
         634  1 0.5857 0.0258 0.3486 0.0399 
         635  1 0.6656 0.0113 0.2926 0.0305 
         636  1 0.2295 0.0180 0.0923 0.6602 
         637  1 0.4492 0.0111 0.4596 0.0802 
         638  1 0.4329 0.0449 0.2211 0.3011 
         639  1 0.7804 0.0132 0.1839 0.0224 
         640  1 0.5794 0.0121 0.2962 0.1123 
         641  1 0.2333 0.0129 0.7395 0.0143 
         642  1 0.6521 0.0096 0.3083 0.0300 
         643  1 0.3961 0.0348 0.5463 0.0228 
         644  1 0.3420 0.0742 0.4997 0.0841 
         645  1 0.3919 0.0678 0.5190 0.0214 
         646  1 0.4966 0.0304 0.2619 0.2111 
         647  1 0.7337 0.0073 0.2426 0.0164 
         648  1 0.3851 0.1789 0.3615 0.0744 
         649  1 0.7557 0.0401 0.1898 0.0144 
         650  1 0.6007 0.0075 0.2391 0.1527 
         651  1 0.3224 0.0151 0.2343 0.4282 
         652  1 0.3118 0.0432 0.6294 0.0156 
         653  1 0.5392 0.0119 0.4094 0.0395 
         654  1 0.6140 0.0081 0.3296 0.0483 
         655  1 0.5821 0.0549 0.2145 0.1485 
         656  1 0.6282 0.0202 0.2519 0.0997 
         657  1 0.3917 0.0242 0.5511 0.0330 
         658  1 0.3225 0.0401 0.4486 0.1888 
         659  1 0.4537 0.0130 0.5028 0.0305 
         660  1 0.6313 0.0224 0.2028 0.1435 
         661  1 0.6197 0.0137 0.2291 0.1375 
         662  1 0.0751 0.0466 0.1998 0.6784 
         663  1 0.3844 0.0101 0.2053 0.4002 
         664  1 0.6724 0.0177 0.2967 0.0131 
         665  1 0.4187 0.1051 0.3772 0.0990 
         666  1 0.6902 0.0054 0.1768 0.1275 
         667  1 0.7650 0.0134 0.2025 0.0191 
         668  1 0.4200 0.1287 0.3273 0.1240 
         669  1 0.6495 0.0101 0.3239 0.0164 
         670  1 0.3793 0.0097 0.5538 0.0573 
         671  1 0.1965 0.0978 0.6871 0.0185 
         672  1 0.3723 0.0157 0.5821 0.0299 
         673  1 0.4168 0.0051 0.5643 0.0138 
         674  1 0.2106 0.0412 0.0857 0.6625 
         675  1 0.3642 0.0218 0.5104 0.1035 
         676  1 0.4199 0.0510 0.4590 0.0701 
         677  1 0.7862 0.0074 0.1765 0.0300 
         678  1 0.7512 0.0069 0.2209 0.0210 
         679  1 0.5921 0.0082 0.3083 0.0913 
         680  1 0.3098 0.0396 0.5187 0.1319 
         681  1 0.4412 0.0133 0.4563 0.0892 
         682  1 0.5511 0.0161 0.2867 0.1462 
         683  1 0.5007 0.0867 0.2120 0.2006 
         684  1 0.6175 0.0082 0.2269 0.1474 
         685  1 0.4026 0.1441 0.3086 0.1447 
         686  1 0.3541 0.1558 0.4815 0.0086 
         687  1 0.4440 0.0102 0.5291 0.0167 
         688  1 0.3321 0.0085 0.6426 0.0168 
         689  1 0.4752 0.0412 0.4654 0.0182 
         690  1 0.4959 0.0154 0.4505 0.0382 
         691  1 0.1128 0.1402 0.1198 0.6272 
         692  1 0.2186 0.0414 0.6885 0.0515 
         693  1 0.6965 0.0061 0.2815 0.0159 
         694  1 0.5570 0.0134 0.4042 0.0254 
         695  1 0.4561 0.0079 0.5114 0.0246 
         696  1 0.7642 0.0292 0.1680 0.0387 
         697  1 0.3803 0.0227 0.4599 0.1371 
         698  1 0.8597 0.0278 0.0957 0.0168 
         699  1 0.6923 0.0171 0.2712 0.0194 
         700  1 0.7978 0.0273 0.1106 0.0642 
         701  1 0.4324 0.0138 0.4274 0.1263 
         702  1 0.6942 0.0484 0.2352 0.0222 
         703  1 0.4682 0.0120 0.5035 0.0163 
         704  1 0.7444 0.0224 0.1654 0.0678 
         705  1 0.4128 0.0121 0.4317 0.1434 
         706  1 0.5937 0.0064 0.3509 0.0490 
         707  1 0.3897 0.0212 0.2129 0.3762 
         708  1 0.4145 0.0160 0.3276 0.2419 
         709  1 0.7129 0.0342 0.2414 0.0116 
         710  1 0.2248 0.0828 0.6198 0.0725 
         711  1 0.6547 0.0136 0.2838 0.0479 
         712  1 0.7571 0.0111 0.1924 0.0395 
         713  1 0.6102 0.0100 0.2060 0.1739 
         714  1 0.2472 0.0670 0.6055 0.0802 
         715  1 0.3494 0.2802 0.2927 0.0776 
         716  1 0.4243 0.0154 0.5009 0.0595 
         717  1 0.2235 0.1554 0.4444 0.1767 
         718  1 0.3870 0.0208 0.3214 0.2707 
         719  1 0.2017 0.0141 0.7607 0.0235 
         720  1 0.3469 0.1683 0.3485 0.1362 
         721  1 0.6533 0.0211 0.2663 0.0593 
         722  1 0.8232 0.0185 0.1259 0.0324 
         723  1 0.6712 0.0165 0.2689 0.0434 
         724  1 0.4786 0.0247 0.4678 0.0289 
         725  1 0.6444 0.0070 0.2852 0.0634 
         726  1 0.3556 0.0979 0.4660 0.0804 
         727  1 0.6524 0.0081 0.2084 0.1311 
         728  1 0.6540 0.0179 0.2933 0.0347 
         729  1 0.5952 0.0180 0.3380 0.0488 
         730  1 0.5758 0.0103 0.3862 0.0277 
         731  1 0.6575 0.0112 0.3022 0.0290 
         732  1 0.2091 0.0276 0.7116 0.0517 
         733  1 0.2391 0.0115 0.0674 0.6821 
         734  1 0.4894 0.0149 0.4085 0.0872 
         735  1 0.3995 0.0129 0.5563 0.0312 
         736  1 0.4198 0.0082 0.5487 0.0232 
         737  1 0.4446 0.0385 0.3455 0.1714 
         738  1 0.5784 0.0150 0.3706 0.0360 
         739  1 0.3912 0.0283 0.5453 0.0351 
         740  1 0.5777 0.0480 0.3471 0.0272 
         741  1 0.5589 0.0088 0.3292 0.1030 
         742  1 0.0101 0.0163 0.0090 0.9646 
         743  1 0.0109 0.0095 0.0150 0.9646 
         744  1 0.0052 0.0095 0.0055 0.9798 
         745  1 0.0060 0.0060 0.0058 0.9822 
         746  1 0.0083 0.0218 0.0097 0.9601 
         747  1 0.0162 0.0053 0.0141 0.9643 
         748  1 0.0544 0.0503 0.0347 0.8606 
         749  1 0.0056 0.0065 0.0060 0.9819 
         750  1 0.0094 0.0079 0.0081 0.9746 
         751  1 0.0055 0.0094 0.0054 0.9797 
         752  1 0.0067 0.0260 0.0065 0.9608 
         753  1 0.0106 0.0496 0.0170 0.9228 
         754  1 0.0082 0.0247 0.0075 0.9596 
         755  1 0.4089 0.1228 0.1372 0.3311 
         756  1 0.0980 0.0456 0.8442 0.0122 
         757  1 0.1355 0.0221 0.4622 0.3801 
         758  1 0.1021 0.0299 0.8078 0.0603 
         759  1 0.2080 0.1291 0.6081 0.0548 
         760  1 0.2446 0.3404 0.3696 0.0454 
         761  1 0.1209 0.0549 0.8078 0.0163 
         762  1 0.0771 0.8013 0.0788 0.0427 
         763  1 0.1524 0.0199 0.6969 0.1308 
         764  1 0.3976 0.0158 0.5715 0.0151 
         765  1 0.0072 0.9758 0.0075 0.0095 
         766  1 0.3899 0.0100 0.5827 0.0174 
         767  1 0.2631 0.0211 0.6635 0.0523 
         768  1 0.3959 0.0216 0.2152 0.3674 
         769  1 0.3209 0.0489 0.6158 0.0144 
         770  1 0.2291 0.0264 0.6299 0.1146 
         771  1 0.3837 0.0161 0.5902 0.0101 
         772  1 0.5184 0.0253 0.4291 0.0272 
         773  1 0.5369 0.0202 0.4073 0.0356 
         774  1 0.5494 0.0130 0.3398 0.0977 
         775  1 0.0095 0.9722 0.0081 0.0102 
         776  1 0.0155 0.9483 0.0214 0.0149 
         777  1 0.0052 0.9839 0.0059 0.0049 
         778  1 0.3399 0.1048 0.5271 0.0282 
         779  1 0.0100 0.9690 0.0115 0.0095 
         780  1 0.0406 0.9267 0.0169 0.0158 
         781  1 0.0090 0.9777 0.0081 0.0053 
         782  1 0.0057 0.9825 0.0052 0.0066 
         783  1 0.0260 0.9130 0.0200 0.0410 
         784  1 0.0071 0.9686 0.0076 0.0167 
         785  1 0.0118 0.9649 0.0113 0.0120 
         786  1 0.0301 0.9198 0.0267 0.0234 
         787  1 0.0077 0.9771 0.0076 0.0075 
         788  1 0.0081 0.9765 0.0075 0.0079 
         789  1 0.0074 0.9779 0.0071 0.0076 
         790  1 0.0103 0.9646 0.0097 0.0153 
         791  1 0.0253 0.6842 0.0433 0.2472 
         792  1 0.0052 0.9731 0.0068 0.0149 
         793  1 0.0352 0.9282 0.0227 0.0140 
         794  1 0.0237 0.9407 0.0271 0.0085 
         795  1 0.0071 0.9707 0.0069 0.0153 
         796  1 0.0239 0.9270 0.0223 0.0268 
         797  1 0.0094 0.9726 0.0108 0.0072 
         798  1 0.0108 0.9524 0.0115 0.0253 
         799  1 0.0057 0.9829 0.0057 0.0058 
         800  1 0.0111 0.9692 0.0109 0.0088 
         801  1 0.0114 0.9719 0.0098 0.0069 
         802  1 0.0043 0.9868 0.0042 0.0048 
         803  1 0.0112 0.9726 0.0110 0.0053 
         804  1 0.0309 0.9107 0.0506 0.0078 
         805  1 0.0246 0.8871 0.0306 0.0577 
         806  1 0.0132 0.9276 0.0120 0.0472 
         807  1 0.0116 0.9660 0.0095 0.0129 
         808  1 0.0124 0.9667 0.0134 0.0075 
         809  1 0.0251 0.9073 0.0251 0.0425 
         810  1 0.0101 0.9191 0.0135 0.0574 
         811  1 0.0054 0.9833 0.0056 0.0057 
         812  1 0.0051 0.9847 0.0053 0.0049 
         813  1 0.0579 0.8515 0.0633 0.0273 
         814  1 0.0078 0.9712 0.0074 0.0136 
         815  1 0.0763 0.8474 0.0460 0.0304 
         816  1 0.0056 0.9803 0.0064 0.0077 
         817  1 0.0136 0.9392 0.0188 0.0284 
         818  1 0.0568 0.8465 0.0770 0.0198 
         819  1 0.0076 0.9739 0.0078 0.0106 
         820  1 0.0061 0.9804 0.0060 0.0076 
         821  1 0.0064 0.9780 0.0069 0.0086 
         822  1 0.0081 0.9746 0.0085 0.0088 
         823  1 0.0125 0.9626 0.0134 0.0115 
         824  1 0.0130 0.9672 0.0120 0.0078 
         825  1 0.0680 0.8236 0.0508 0.0576 
         826  1 0.0097 0.9034 0.0105 0.0765 
         827  1 0.0059 0.9805 0.0069 0.0067 
         828  1 0.0050 0.9854 0.0049 0.0047 
         829  1 0.0041 0.9872 0.0046 0.0040 
         830  1 0.0049 0.9835 0.0061 0.0055 
         831  1 0.0108 0.9633 0.0144 0.0115 
         832  1 0.0184 0.9348 0.0186 0.0282 
         833  1 0.0093 0.9657 0.0089 0.0160 
         834  1 0.0265 0.8001 0.0238 0.1496 
         835  1 0.0061 0.9802 0.0062 0.0076 
         836  1 0.0168 0.9438 0.0126 0.0268 
         837  1 0.0111 0.9714 0.0097 0.0078 
         838  1 0.0579 0.8634 0.0679 0.0108 
         839  1 0.0170 0.9525 0.0181 0.0125 
         840  1 0.0059 0.9822 0.0057 0.0062 
         841  1 0.2069 0.0288 0.7467 0.0176 
         842  1 0.0202 0.9516 0.0182 0.0100 
         843  1 0.0059 0.9832 0.0059 0.0050 
         844  1 0.0064 0.9819 0.0057 0.0059 
         845  1 0.0099 0.9728 0.0097 0.0076 
         846  1 0.0142 0.9613 0.0100 0.0144 
         847  1 0.0069 0.9771 0.0071 0.0088 
         848  1 0.0081 0.9568 0.0086 0.0265 
         849  1 0.0865 0.0149 0.8646 0.0339 
         850  1 0.2745 0.2224 0.4249 0.0782 
         851  1 0.2560 0.0302 0.7016 0.0122 
         852  1 0.2074 0.2062 0.5718 0.0147 
         853  1 0.4360 0.0201 0.5306 0.0134 
         854  1 0.1886 0.6230 0.1719 0.0165 
         855  1 0.2325 0.0275 0.7046 0.0354 
         856  1 0.7476 0.0200 0.2200 0.0124 
         857  1 0.0181 0.9376 0.0182 0.0261 
         858  1 0.2442 0.0701 0.6425 0.0431 
         859  1 0.0140 0.9581 0.0152 0.0128 
         860  1 0.4241 0.0158 0.5395 0.0206 
         861  1 0.1014 0.6747 0.1737 0.0502 
         862  1 0.2248 0.0245 0.7283 0.0224 
         863  1 0.1307 0.0176 0.8285 0.0232 
         864  1 0.0063 0.9813 0.0077 0.0047 
         865  1 0.4562 0.2476 0.2836 0.0127 
         866  1 0.0617 0.0790 0.7819 0.0774 
         867  1 0.1292 0.0158 0.6256 0.2295 
         868  1 0.3188 0.0108 0.6561 0.0144 
         869  1 0.3035 0.0108 0.6417 0.0440 
         870  1 0.0086 0.9678 0.0111 0.0125 
         871  1 0.4609 0.0448 0.4800 0.0143 
         872  1 0.3555 0.3462 0.2484 0.0499 
         873  1 0.1367 0.0311 0.8056 0.0266 
         874  1 0.1797 0.0840 0.5663 0.1700 
         875  1 0.4330 0.0709 0.4537 0.0424 
         876  1 0.1413 0.1269 0.7050 0.0267 
         877  1 0.4416 0.0631 0.4786 0.0167 
         878  1 0.1592 0.0219 0.8093 0.0095 
         879  1 0.2367 0.2814 0.2377 0.2442 
         880  1 0.4388 0.0236 0.3343 0.2033 
         881  1 0.0056 0.9790 0.0060 0.0093 
         882  1 0.0967 0.1086 0.7735 0.0212 
         883  1 0.0765 0.3482 0.5349 0.0404 
         884  1 0.5954 0.0405 0.3187 0.0454 
         885  1 0.6689 0.0296 0.2567 0.0448 
         886  1 0.3890 0.0082 0.4894 0.1134 
         887  1 0.1678 0.1885 0.2700 0.3737 
         888  1 0.2532 0.0262 0.7088 0.0118 
