           1  1 0.0087 0.4380 0.5533 
           2  1 0.0072 0.3795 0.6133 
           3  1 0.0111 0.5251 0.4638 
           4  1 0.0070 0.1967 0.7963 
           5  1 0.0670 0.0882 0.8448 
           6  1 0.0235 0.0595 0.9171 
           7  1 0.0088 0.1016 0.8896 
           8  1 0.0049 0.7796 0.2155 
           9  1 0.0103 0.4084 0.5813 
          10  1 0.0736 0.5095 0.4168 
          11  1 0.0092 0.0827 0.9081 
          12  1 0.0049 0.6858 0.3093 
          13  1 0.0082 0.4591 0.5327 
          14  1 0.0106 0.2247 0.7647 
          15  1 0.0138 0.4557 0.5305 
          16  1 0.0083 0.1133 0.8784 
          17  1 0.0290 0.2162 0.7548 
          18  1 0.0140 0.5172 0.4688 
          19  1 0.0129 0.4801 0.5070 
          20  1 0.3184 0.3852 0.2964 
          21  1 0.0543 0.4290 0.5167 
          22  1 0.0063 0.1692 0.8245 
          23  1 0.0149 0.1472 0.8379 
          24  1 0.0755 0.2687 0.6558 
          25  1 0.0362 0.7022 0.2616 
          26  1 0.0057 0.2731 0.7212 
          27  1 0.0093 0.1946 0.7960 
          28  1 0.1732 0.3166 0.5102 
          29  1 0.0532 0.6095 0.3373 
          30  1 0.0044 0.2671 0.7285 
          31  1 0.0092 0.0594 0.9315 
          32  1 0.0059 0.0413 0.9528 
          33  1 0.0059 0.0646 0.9295 
          34  1 0.0220 0.7152 0.2628 
          35  1 0.0106 0.1798 0.8096 
          36  1 0.0069 0.0678 0.9253 
          37  1 0.0964 0.5583 0.3453 
          38  1 0.0095 0.3241 0.6664 
          39  1 0.0117 0.2066 0.7817 
          40  1 0.0165 0.1222 0.8613 
          41  1 0.0153 0.1676 0.8171 
          42  1 0.0181 0.5639 0.4181 
          43  1 0.0127 0.5536 0.4337 
          44  1 0.0377 0.0712 0.8911 
          45  1 0.0045 0.7910 0.2044 
          46  1 0.0155 0.3149 0.6697 
          47  1 0.0531 0.1868 0.7600 
          48  1 0.0549 0.3380 0.6072 
          49  1 0.0204 0.7544 0.2252 
          50  1 0.0087 0.6564 0.3350 
          51  1 0.0060 0.6269 0.3671 
          52  1 0.0060 0.0599 0.9340 
          53  1 0.0065 0.8537 0.1398 
          54  1 0.1203 0.1422 0.7375 
          55  1 0.0140 0.8625 0.1235 
          56  1 0.0209 0.1010 0.8781 
          57  1 0.0086 0.2977 0.6937 
          58  1 0.0341 0.2694 0.6964 
          59  1 0.0068 0.1532 0.8400 
          60  1 0.0171 0.2453 0.7376 
          61  1 0.2036 0.2393 0.5571 
          62  1 0.0080 0.5875 0.4046 
          63  1 0.0171 0.2703 0.7127 
          64  1 0.0070 0.2492 0.7438 
          65  1 0.0114 0.2288 0.7598 
          66  1 0.0120 0.5044 0.4836 
          67  1 0.0697 0.2930 0.6372 
          68  1 0.0220 0.2246 0.7535 
          69  1 0.1272 0.1091 0.7636 
          70  1 0.0247 0.3913 0.5840 
          71  1 0.0331 0.0642 0.9026 
          72  1 0.0157 0.4551 0.5292 
          73  1 0.0115 0.4742 0.5143 
          74  1 0.0094 0.1062 0.8843 
          75  1 0.0087 0.3902 0.6011 
          76  1 0.0085 0.0986 0.8929 
          77  1 0.0248 0.9624 0.0128 
          78  1 0.0436 0.9330 0.0234 
          79  1 0.0172 0.9726 0.0102 
          80  1 0.0057 0.9826 0.0118 
          81  1 0.0076 0.9817 0.0107 
          82  1 0.0143 0.9725 0.0131 
          83  1 0.0412 0.9456 0.0132 
          84  1 0.0118 0.9624 0.0258 
          85  1 0.0125 0.9719 0.0155 
          86  1 0.0129 0.8373 0.1498 
          87  1 0.0093 0.9775 0.0132 
          88  1 0.0220 0.9600 0.0180 
          89  1 0.0644 0.9199 0.0157 
          90  1 0.0141 0.8978 0.0881 
          91  1 0.0218 0.9603 0.0179 
          92  1 0.1069 0.8752 0.0178 
          93  1 0.0100 0.9765 0.0135 
          94  1 0.0268 0.9606 0.0126 
          95  1 0.0329 0.9226 0.0446 
          96  1 0.0066 0.9815 0.0119 
          97  1 0.2401 0.7016 0.0584 
          98  1 0.0181 0.8796 0.1022 
          99  1 0.0071 0.9790 0.0139 
         100  1 0.0111 0.9764 0.0125 
         101  1 0.0067 0.9762 0.0171 
         102  1 0.0441 0.9092 0.0467 
         103  1 0.0090 0.2447 0.7463 
         104  1 0.0059 0.2893 0.7047 
         105  1 0.0273 0.4936 0.4791 
         106  1 0.0171 0.4411 0.5418 
         107  1 0.0093 0.2086 0.7821 
         108  1 0.0209 0.8209 0.1583 
         109  1 0.0414 0.4516 0.5069 
         110  1 0.0208 0.1147 0.8644 
         111  1 0.0086 0.3494 0.6420 
         112  1 0.0063 0.5144 0.4792 
         113  1 0.0106 0.5501 0.4393 
         114  1 0.0095 0.5624 0.4281 
         115  1 0.0508 0.1195 0.8297 
         116  1 0.0051 0.4275 0.5674 
         117  1 0.0093 0.5108 0.4799 
         118  1 0.0087 0.1477 0.8436 
         119  1 0.0056 0.2391 0.7553 
         120  1 0.0056 0.8019 0.1925 
         121  1 0.0148 0.5708 0.4144 
         122  1 0.0205 0.2829 0.6966 
         123  1 0.0156 0.4329 0.5515 
         124  1 0.0114 0.5403 0.4482 
         125  1 0.0105 0.3497 0.6398 
         126  1 0.0178 0.7313 0.2509 
         127  1 0.0143 0.5638 0.4219 
         128  1 0.0072 0.9496 0.0432 
         129  1 0.0136 0.7408 0.2456 
         130  1 0.0135 0.2337 0.7528 
         131  1 0.0071 0.6727 0.3202 
         132  1 0.0044 0.6038 0.3917 
         133  1 0.0059 0.7363 0.2578 
         134  1 0.0082 0.6412 0.3506 
         135  1 0.0499 0.7865 0.1636 
         136  1 0.0125 0.8637 0.1238 
         137  1 0.0139 0.1683 0.8178 
         138  1 0.0089 0.7610 0.2301 
         139  1 0.0063 0.3823 0.6114 
         140  1 0.0701 0.4156 0.5143 
         141  1 0.0084 0.1688 0.8228 
         142  1 0.0108 0.1582 0.8310 
         143  1 0.0077 0.6969 0.2955 
         144  1 0.0069 0.4765 0.5166 
         145  1 0.0581 0.1632 0.7787 
         146  1 0.0238 0.6765 0.2998 
         147  1 0.0216 0.1632 0.8152 
         148  1 0.0090 0.8356 0.1555 
         149  1 0.0395 0.2201 0.7404 
         150  1 0.0820 0.7723 0.1457 
         151  1 0.0111 0.6141 0.3748 
         152  1 0.3200 0.2568 0.4232 
         153  1 0.0497 0.0815 0.8688 
         154  1 0.0794 0.2862 0.6343 
         155  1 0.0116 0.4433 0.5451 
         156  1 0.0284 0.8536 0.1180 
         157  1 0.0095 0.6826 0.3079 
         158  1 0.0066 0.4462 0.5472 
         159  1 0.3148 0.3636 0.3215 
         160  1 0.0127 0.3500 0.6372 
         161  1 0.0340 0.3875 0.5785 
         162  1 0.0147 0.2913 0.6940 
         163  1 0.0062 0.2317 0.7622 
         164  1 0.0091 0.1818 0.8090 
         165  1 0.1340 0.2644 0.6017 
         166  1 0.0052 0.9499 0.0449 
         167  1 0.0086 0.2702 0.7211 
         168  1 0.0170 0.5549 0.4282 
         169  1 0.0055 0.1931 0.8014 
         170  1 0.0151 0.3952 0.5897 
         171  1 0.0317 0.5616 0.4067 
         172  1 0.0137 0.1698 0.8165 
         173  1 0.0233 0.1530 0.8237 
         174  1 0.1259 0.1096 0.7644 
         175  1 0.0144 0.1532 0.8325 
         176  1 0.0150 0.4147 0.5703 
         177  1 0.0065 0.1285 0.8650 
         178  1 0.0174 0.1582 0.8243 
         179  1 0.0259 0.3833 0.5908 
         180  1 0.0059 0.3537 0.6404 
         181  1 0.0157 0.7221 0.2622 
         182  1 0.0127 0.7828 0.2044 
         183  1 0.0219 0.6141 0.3640 
         184  1 0.0096 0.3788 0.6117 
         185  1 0.0086 0.6174 0.3739 
         186  1 0.0046 0.5490 0.4465 
         187  1 0.0331 0.2003 0.7666 
         188  1 0.0234 0.3860 0.5906 
         189  1 0.0125 0.1722 0.8153 
         190  1 0.0278 0.1138 0.8584 
         191  1 0.0640 0.6074 0.3285 
         192  1 0.0782 0.1392 0.7826 
         193  1 0.0106 0.3380 0.6514 
         194  1 0.0246 0.1739 0.8015 
         195  1 0.0351 0.2969 0.6679 
         196  1 0.0081 0.9217 0.0703 
         197  1 0.0063 0.5635 0.4302 
         198  1 0.0121 0.4991 0.4889 
         199  1 0.0110 0.4888 0.5003 
         200  1 0.0068 0.4831 0.5101 
         201  1 0.0853 0.3081 0.6067 
         202  1 0.0068 0.7528 0.2404 
         203  1 0.0087 0.7390 0.2524 
         204  1 0.0150 0.7561 0.2289 
         205  1 0.0335 0.7668 0.1997 
         206  1 0.0263 0.2511 0.7225 
         207  1 0.0067 0.5116 0.4817 
         208  1 0.0058 0.8847 0.1096 
         209  1 0.0467 0.2655 0.6878 
         210  1 0.0117 0.4061 0.5822 
         211  1 0.0060 0.6543 0.3397 
         212  1 0.0254 0.6323 0.3422 
         213  1 0.0164 0.4313 0.5523 
         214  1 0.0421 0.3157 0.6423 
         215  1 0.0115 0.4780 0.5105 
         216  1 0.0135 0.1569 0.8296 
         217  1 0.0422 0.3087 0.6491 
         218  1 0.0172 0.5227 0.4601 
         219  1 0.0043 0.0890 0.9067 
         220  1 0.0156 0.9092 0.0753 
         221  1 0.0200 0.8132 0.1668 
         222  1 0.1225 0.1469 0.7307 
         223  1 0.0283 0.1626 0.8091 
         224  1 0.0169 0.1732 0.8098 
         225  1 0.3208 0.1793 0.5000 
         226  1 0.0354 0.7219 0.2427 
         227  1 0.0069 0.1672 0.8258 
         228  1 0.0077 0.1816 0.8107 
         229  1 0.0187 0.3721 0.6092 
         230  1 0.0277 0.1793 0.7930 
         231  1 0.0095 0.2584 0.7321 
         232  1 0.0045 0.2027 0.7929 
         233  1 0.0127 0.3453 0.6420 
         234  1 0.0288 0.2685 0.7027 
         235  1 0.0117 0.2556 0.7327 
         236  1 0.0143 0.6307 0.3550 
         237  1 0.0256 0.7365 0.2378 
         238  1 0.0402 0.4976 0.4621 
         239  1 0.0124 0.6755 0.3121 
         240  1 0.0180 0.5150 0.4670 
         241  1 0.0077 0.4811 0.5112 
         242  1 0.0121 0.6670 0.3209 
         243  1 0.0159 0.4862 0.4979 
         244  1 0.0052 0.3464 0.6484 
         245  1 0.0179 0.3420 0.6401 
         246  1 0.0069 0.8159 0.1772 
         247  1 0.0291 0.0421 0.9288 
         248  1 0.0116 0.6811 0.3073 
         249  1 0.0104 0.5083 0.4813 
         250  1 0.0354 0.5890 0.3756 
         251  1 0.0072 0.3487 0.6441 
         252  1 0.0396 0.5386 0.4217 
         253  1 0.0090 0.9013 0.0897 
         254  1 0.0087 0.5623 0.4290 
         255  1 0.0064 0.8740 0.1196 
         256  1 0.0123 0.2028 0.7849 
         257  1 0.0207 0.4967 0.4826 
         258  1 0.0063 0.0825 0.9112 
         259  1 0.0067 0.2524 0.7408 
         260  1 0.0231 0.1725 0.8044 
         261  1 0.0083 0.1080 0.8837 
         262  1 0.0083 0.2153 0.7764 
         263  1 0.1740 0.3379 0.4881 
         264  1 0.0384 0.4489 0.5127 
         265  1 0.0263 0.0511 0.9226 
         266  1 0.0110 0.2007 0.7883 
         267  1 0.0148 0.4506 0.5345 
         268  1 0.0934 0.4832 0.4233 
         269  1 0.0163 0.2738 0.7099 
         270  1 0.0077 0.6126 0.3798 
         271  1 0.0440 0.6149 0.3412 
         272  1 0.0372 0.1464 0.8164 
         273  1 0.0279 0.2036 0.7685 
         274  1 0.0283 0.3955 0.5762 
         275  1 0.0112 0.5651 0.4237 
         276  1 0.1271 0.1921 0.6808 
         277  1 0.0147 0.0544 0.9309 
         278  1 0.0954 0.7287 0.1759 
         279  1 0.0355 0.4679 0.4966 
         280  1 0.0064 0.6253 0.3683 
         281  1 0.0047 0.7131 0.2821 
         282  1 0.0613 0.7833 0.1554 
         283  1 0.3112 0.3391 0.3497 
         284  1 0.0481 0.1447 0.8071 
         285  1 0.0253 0.4167 0.5581 
         286  1 0.0098 0.7156 0.2746 
         287  1 0.0134 0.6597 0.3268 
         288  1 0.0171 0.5209 0.4620 
         289  1 0.0111 0.1724 0.8165 
         290  1 0.0090 0.6963 0.2947 
         291  1 0.0200 0.5136 0.4664 
         292  1 0.0448 0.2634 0.6918 
         293  1 0.0094 0.5923 0.3982 
         294  1 0.0998 0.6923 0.2079 
         295  1 0.0116 0.5509 0.4375 
         296  1 0.0655 0.3593 0.5753 
         297  1 0.0875 0.4247 0.4879 
         298  1 0.0087 0.6600 0.3314 
         299  1 0.0360 0.6272 0.3368 
         300  1 0.0218 0.4992 0.4791 
         301  1 0.0055 0.8791 0.1154 
         302  1 0.0114 0.5169 0.4717 
         303  1 0.0819 0.5666 0.3515 
         304  1 0.0112 0.1060 0.8828 
         305  1 0.0085 0.6748 0.3166 
         306  1 0.0097 0.4326 0.5577 
         307  1 0.0368 0.5162 0.4470 
         308  1 0.0083 0.8657 0.1260 
         309  1 0.0596 0.2375 0.7029 
         310  1 0.2209 0.3105 0.4686 
         311  1 0.0276 0.3600 0.6124 
         312  1 0.0388 0.5250 0.4362 
         313  1 0.0069 0.1305 0.8626 
         314  1 0.0531 0.8000 0.1470 
         315  1 0.0106 0.1931 0.7963 
         316  1 0.1049 0.2621 0.6330 
         317  1 0.0290 0.6023 0.3687 
         318  1 0.0210 0.0697 0.9093 
         319  1 0.2220 0.1889 0.5891 
         320  1 0.0581 0.7311 0.2108 
         321  1 0.0065 0.6118 0.3818 
         322  1 0.0175 0.5993 0.3832 
         323  1 0.0143 0.5457 0.4399 
         324  1 0.0089 0.4027 0.5884 
         325  1 0.0338 0.2566 0.7097 
         326  1 0.0085 0.5508 0.4407 
         327  1 0.0058 0.5072 0.4870 
         328  1 0.0197 0.7629 0.2174 
         329  1 0.0199 0.8487 0.1314 
         330  1 0.0046 0.5304 0.4649 
         331  1 0.0061 0.2012 0.7927 
         332  1 0.0118 0.2939 0.6944 
         333  1 0.0128 0.5513 0.4359 
         334  1 0.0072 0.3448 0.6481 
         335  1 0.0091 0.5531 0.4379 
         336  1 0.0089 0.2073 0.7838 
         337  1 0.0411 0.2384 0.7206 
         338  1 0.0111 0.4462 0.5427 
         339  1 0.0135 0.1840 0.8024 
         340  1 0.0666 0.1648 0.7685 
         341  1 0.0085 0.1661 0.8254 
         342  1 0.0099 0.1871 0.8030 
         343  1 0.0101 0.2863 0.7036 
         344  1 0.0227 0.2647 0.7126 
         345  1 0.0180 0.1947 0.7873 
         346  1 0.0246 0.1708 0.8046 
         347  1 0.0138 0.1831 0.8031 
         348  1 0.0337 0.3405 0.6258 
         349  1 0.0099 0.1933 0.7968 
         350  1 0.0117 0.6336 0.3547 
         351  1 0.1491 0.1664 0.6845 
         352  1 0.0078 0.5926 0.3996 
         353  1 0.0438 0.2096 0.7465 
         354  1 0.0348 0.1807 0.7845 
         355  1 0.0437 0.2599 0.6964 
         356  1 0.0132 0.5819 0.4049 
         357  1 0.1669 0.2632 0.5699 
         358  1 0.0138 0.6250 0.3612 
         359  1 0.0284 0.0858 0.8858 
         360  1 0.0646 0.7342 0.2012 
         361  1 0.1253 0.4565 0.4182 
         362  1 0.0065 0.7556 0.2379 
         363  1 0.0073 0.1234 0.8693 
         364  1 0.0077 0.3665 0.6259 
         365  1 0.0090 0.2255 0.7655 
         366  1 0.0057 0.0951 0.8991 
         367  1 0.0180 0.7184 0.2637 
         368  1 0.0145 0.5301 0.4554 
         369  1 0.0058 0.3883 0.6059 
         370  1 0.0640 0.1925 0.7435 
         371  1 0.0654 0.4430 0.4916 
         372  1 0.0519 0.1321 0.8161 
         373  1 0.0210 0.3578 0.6212 
         374  1 0.0448 0.7245 0.2307 
         375  1 0.0287 0.0929 0.8783 
         376  1 0.0151 0.2517 0.7332 
         377  1 0.0115 0.5353 0.4532 
         378  1 0.0108 0.5028 0.4864 
         379  1 0.0141 0.2436 0.7423 
         380  1 0.0207 0.2197 0.7596 
         381  1 0.0137 0.2016 0.7847 
         382  1 0.0292 0.1281 0.8427 
         383  1 0.0182 0.6615 0.3203 
         384  1 0.0150 0.5984 0.3866 
         385  1 0.0051 0.0460 0.9489 
         386  1 0.0106 0.7466 0.2428 
         387  1 0.0088 0.1639 0.8274 
         388  1 0.0156 0.5117 0.4726 
         389  1 0.0081 0.3881 0.6039 
         390  1 0.0049 0.7417 0.2533 
         391  1 0.0083 0.3437 0.6480 
         392  1 0.0221 0.2538 0.7241 
         393  1 0.0086 0.5895 0.4018 
         394  1 0.0087 0.6737 0.3176 
         395  1 0.0077 0.4251 0.5672 
         396  1 0.0079 0.3659 0.6262 
         397  1 0.0092 0.3436 0.6472 
         398  1 0.0314 0.8767 0.0919 
         399  1 0.0145 0.2486 0.7369 
         400  1 0.0448 0.5498 0.4054 
         401  1 0.0095 0.5048 0.4857 
         402  1 0.0218 0.4376 0.5406 
         403  1 0.0083 0.4428 0.5489 
         404  1 0.0222 0.1810 0.7969 
         405  1 0.0118 0.6206 0.3676 
         406  1 0.0653 0.3785 0.5562 
         407  1 0.0165 0.3070 0.6765 
         408  1 0.0111 0.4885 0.5005 
         409  1 0.0225 0.2148 0.7627 
         410  1 0.0122 0.5299 0.4578 
         411  1 0.0350 0.2026 0.7624 
         412  1 0.0182 0.3212 0.6606 
         413  1 0.0068 0.5690 0.4243 
         414  1 0.0198 0.4160 0.5642 
         415  1 0.0090 0.8374 0.1536 
         416  1 0.0111 0.4218 0.5671 
         417  1 0.0147 0.7392 0.2461 
         418  1 0.0065 0.4837 0.5098 
         419  1 0.0136 0.7228 0.2636 
         420  1 0.0090 0.8719 0.1191 
         421  1 0.0098 0.8973 0.0929 
         422  1 0.1279 0.6541 0.2181 
         423  1 0.0204 0.1378 0.8418 
         424  1 0.0222 0.2965 0.6812 
         425  1 0.0085 0.2363 0.7552 
         426  1 0.0552 0.1937 0.7511 
         427  1 0.0060 0.4912 0.5028 
         428  1 0.0078 0.4752 0.5170 
         429  1 0.0202 0.2195 0.7603 
         430  1 0.4264 0.1567 0.4168 
         431  1 0.0081 0.4896 0.5023 
         432  1 0.0111 0.1775 0.8114 
         433  1 0.0301 0.2437 0.7262 
         434  1 0.0102 0.5253 0.4645 
         435  1 0.0136 0.8664 0.1200 
         436  1 0.0096 0.9269 0.0634 
         437  1 0.2245 0.5393 0.2362 
         438  1 0.0699 0.2946 0.6355 
         439  1 0.0196 0.2563 0.7242 
         440  1 0.0064 0.5839 0.4098 
         441  1 0.1000 0.6264 0.2736 
         442  1 0.2250 0.5489 0.2261 
         443  1 0.0257 0.2313 0.7430 
         444  1 0.0187 0.3099 0.6714 
         445  1 0.0119 0.2548 0.7333 
         446  1 0.0142 0.3607 0.6251 
         447  1 0.0098 0.5766 0.4136 
         448  1 0.0622 0.6463 0.2915 
         449  1 0.0102 0.6952 0.2946 
         450  1 0.1226 0.2890 0.5884 
         451  1 0.0058 0.7903 0.2039 
         452  1 0.0210 0.4510 0.5280 
         453  1 0.0128 0.8692 0.1181 
         454  1 0.0523 0.5007 0.4470 
         455  1 0.0115 0.2108 0.7778 
         456  1 0.0143 0.1238 0.8619 
         457  1 0.0058 0.6426 0.3516 
         458  1 0.0191 0.1999 0.7809 
         459  1 0.0462 0.4306 0.5233 
         460  1 0.0776 0.7927 0.1298 
         461  1 0.0367 0.8216 0.1417 
         462  1 0.0100 0.7019 0.2881 
         463  1 0.0357 0.4781 0.4862 
         464  1 0.0124 0.8771 0.1106 
         465  1 0.0881 0.5039 0.4079 
         466  1 0.1761 0.4723 0.3517 
         467  1 0.0189 0.4805 0.5006 
         468  1 0.0094 0.5848 0.4058 
         469  1 0.0091 0.5674 0.4235 
         470  1 0.0578 0.3419 0.6003 
         471  1 0.0068 0.7025 0.2907 
         472  1 0.0390 0.5492 0.4117 
         473  1 0.0182 0.2574 0.7244 
         474  1 0.0088 0.2955 0.6957 
         475  1 0.0058 0.2063 0.7879 
         476  1 0.0070 0.6118 0.3812 
         477  1 0.0711 0.2846 0.6443 
         478  1 0.1057 0.1734 0.7209 
         479  1 0.0072 0.9402 0.0527 
         480  1 0.0101 0.4049 0.5850 
         481  1 0.0122 0.6516 0.3362 
         482  1 0.0068 0.2869 0.7063 
         483  1 0.0229 0.2532 0.7239 
         484  1 0.0071 0.6803 0.3126 
         485  1 0.5541 0.2893 0.1566 
         486  1 0.0110 0.4975 0.4916 
         487  1 0.0101 0.3284 0.6615 
         488  1 0.0217 0.7514 0.2269 
         489  1 0.0088 0.8570 0.1343 
         490  1 0.0148 0.3485 0.6367 
         491  1 0.0082 0.4288 0.5630 
         492  1 0.0172 0.2045 0.7783 
         493  1 0.0046 0.2699 0.7256 
         494  1 0.0090 0.2711 0.7199 
         495  1 0.0274 0.5891 0.3835 
         496  1 0.0965 0.5668 0.3367 
         497  1 0.0113 0.5320 0.4567 
         498  1 0.0137 0.4232 0.5632 
         499  1 0.0072 0.3725 0.6203 
         500  1 0.0104 0.1599 0.8297 
         501  1 0.0143 0.5544 0.4313 
         502  1 0.0529 0.7006 0.2465 
         503  1 0.0090 0.4875 0.5035 
         504  1 0.0088 0.5101 0.4811 
         505  1 0.1212 0.2437 0.6351 
         506  1 0.0282 0.5652 0.4066 
         507  1 0.1102 0.6382 0.2516 
         508  1 0.0120 0.1981 0.7899 
         509  1 0.0050 0.1925 0.8025 
         510  1 0.0071 0.5398 0.4532 
         511  1 0.0113 0.4094 0.5793 
         512  1 0.0119 0.4555 0.5326 
         513  1 0.0163 0.2815 0.7022 
         514  1 0.0252 0.3729 0.6018 
         515  1 0.0071 0.3452 0.6477 
         516  1 0.0286 0.1770 0.7944 
         517  1 0.0295 0.1019 0.8686 
         518  1 0.1973 0.3140 0.4887 
         519  1 0.0409 0.6953 0.2638 
         520  1 0.0169 0.3800 0.6031 
         521  1 0.0084 0.6769 0.3147 
         522  1 0.0146 0.8945 0.0909 
         523  1 0.0251 0.3098 0.6651 
         524  1 0.0053 0.4060 0.5887 
         525  1 0.0126 0.1795 0.8079 
         526  1 0.0220 0.4994 0.4786 
         527  1 0.0093 0.7236 0.2671 
         528  1 0.0121 0.4080 0.5799 
         529  1 0.0160 0.9320 0.0520 
         530  1 0.0654 0.4413 0.4933 
         531  1 0.0089 0.6051 0.3860 
         532  1 0.0157 0.7622 0.2221 
         533  1 0.0142 0.6238 0.3620 
         534  1 0.0573 0.1995 0.7433 
         535  1 0.0193 0.2323 0.7484 
         536  1 0.0134 0.8562 0.1303 
         537  1 0.0458 0.4126 0.5416 
         538  1 0.0050 0.0792 0.9158 
         539  1 0.0149 0.1505 0.8346 
         540  1 0.0106 0.4740 0.5154 
         541  1 0.0117 0.7437 0.2446 
         542  1 0.0105 0.5186 0.4708 
         543  1 0.0046 0.4068 0.5886 
         544  1 0.0437 0.5829 0.3734 
         545  1 0.0396 0.3546 0.6058 
         546  1 0.0218 0.3367 0.6415 
         547  1 0.0087 0.6405 0.3508 
         548  1 0.0069 0.4496 0.5434 
         549  1 0.0271 0.4471 0.5258 
         550  1 0.0059 0.1758 0.8183 
         551  1 0.0070 0.5417 0.4513 
         552  1 0.0044 0.3196 0.6760 
         553  1 0.0255 0.5812 0.3933 
         554  1 0.0495 0.6001 0.3504 
         555  1 0.0282 0.2638 0.7080 
         556  1 0.0263 0.4283 0.5454 
         557  1 0.0114 0.4722 0.5165 
         558  1 0.0086 0.3109 0.6805 
         559  1 0.0551 0.2172 0.7277 
         560  1 0.0208 0.3761 0.6031 
         561  1 0.0155 0.3661 0.6183 
         562  1 0.0126 0.7646 0.2227 
         563  1 0.0086 0.5372 0.4543 
         564  1 0.3017 0.3075 0.3908 
         565  1 0.0093 0.6884 0.3023 
         566  1 0.0257 0.7230 0.2513 
         567  1 0.0098 0.8694 0.1208 
         568  1 0.0453 0.7105 0.2442 
         569  1 0.0056 0.2084 0.7861 
         570  1 0.0073 0.6616 0.3311 
         571  1 0.0088 0.7366 0.2546 
         572  1 0.0107 0.5257 0.4636 
         573  1 0.2049 0.1063 0.6888 
         574  1 0.0327 0.5194 0.4479 
         575  1 0.0201 0.2901 0.6898 
         576  1 0.0574 0.4875 0.4551 
         577  1 0.0570 0.3749 0.5682 
         578  1 0.2266 0.6349 0.1385 
         579  1 0.0321 0.2364 0.7315 
         580  1 0.0095 0.7712 0.2193 
         581  1 0.0074 0.1881 0.8045 
         582  1 0.1130 0.5655 0.3215 
         583  1 0.0991 0.5797 0.3212 
         584  1 0.0219 0.3216 0.6565 
         585  1 0.0241 0.6662 0.3097 
         586  1 0.0126 0.2416 0.7458 
         587  1 0.0132 0.1160 0.8708 
         588  1 0.0327 0.4666 0.5007 
         589  1 0.0600 0.4107 0.5293 
         590  1 0.0211 0.2099 0.7690 
         591  1 0.0067 0.8531 0.1402 
         592  1 0.0182 0.0553 0.9265 
         593  1 0.0226 0.2593 0.7181 
         594  1 0.0287 0.1018 0.8695 
         595  1 0.0136 0.9402 0.0462 
         596  1 0.0153 0.6336 0.3511 
         597  1 0.0180 0.7244 0.2576 
         598  1 0.0074 0.2252 0.7674 
         599  1 0.0561 0.4863 0.4576 
         600  1 0.0434 0.6606 0.2960 
         601  1 0.1463 0.1339 0.7198 
         602  1 0.0647 0.6031 0.3322 
         603  1 0.0127 0.7710 0.2163 
         604  1 0.0122 0.7934 0.1944 
         605  1 0.0091 0.2956 0.6953 
         606  1 0.0216 0.5684 0.4100 
         607  1 0.0287 0.3215 0.6498 
         608  1 0.0096 0.1053 0.8852 
         609  1 0.0113 0.2878 0.7009 
         610  1 0.0398 0.4486 0.5116 
         611  1 0.0071 0.4671 0.5258 
         612  1 0.0323 0.1484 0.8193 
         613  1 0.0268 0.6825 0.2907 
         614  1 0.0071 0.3293 0.6636 
         615  1 0.0243 0.3175 0.6583 
         616  1 0.0171 0.3637 0.6193 
         617  1 0.0131 0.5399 0.4470 
         618  1 0.0159 0.6856 0.2984 
         619  1 0.0342 0.8421 0.1237 
         620  1 0.0086 0.3545 0.6369 
         621  1 0.0843 0.1443 0.7714 
         622  1 0.0207 0.2876 0.6918 
         623  1 0.0029 0.2003 0.7968 
         624  1 0.0236 0.3819 0.5946 
         625  1 0.0087 0.5833 0.4080 
         626  1 0.0052 0.9499 0.0448 
         627  1 0.0479 0.2935 0.6586 
         628  1 0.0080 0.4504 0.5416 
         629  1 0.0223 0.9139 0.0638 
         630  1 0.0069 0.2073 0.7858 
         631  1 0.0090 0.0764 0.9146 
         632  1 0.0159 0.4039 0.5803 
         633  1 0.1147 0.4301 0.4552 
         634  1 0.0227 0.1790 0.7983 
         635  1 0.0121 0.4304 0.5575 
         636  1 0.0206 0.7859 0.1935 
         637  1 0.0106 0.7508 0.2385 
         638  1 0.0439 0.4200 0.5361 
         639  1 0.0117 0.8257 0.1626 
         640  1 0.0126 0.2258 0.7616 
         641  1 0.0145 0.6414 0.3441 
         642  1 0.0095 0.2288 0.7617 
         643  1 0.0331 0.3272 0.6397 
         644  1 0.0765 0.3446 0.5789 
         645  1 0.0593 0.0883 0.8525 
         646  1 0.0254 0.2870 0.6876 
         647  1 0.0072 0.7207 0.2721 
         648  1 0.1599 0.2918 0.5483 
         649  1 0.0462 0.3809 0.5728 
         650  1 0.0071 0.6593 0.3335 
         651  1 0.0163 0.5129 0.4708 
         652  1 0.0364 0.0770 0.8866 
         653  1 0.0109 0.7517 0.2373 
         654  1 0.0081 0.5471 0.4448 
         655  1 0.0496 0.4273 0.5231 
         656  1 0.0191 0.2626 0.7183 
         657  1 0.0210 0.0827 0.8962 
         658  1 0.0335 0.8908 0.0757 
         659  1 0.0148 0.5686 0.4166 
         660  1 0.0209 0.4060 0.5731 
         661  1 0.0118 0.8506 0.1376 
         662  1 0.0397 0.8852 0.0751 
         663  1 0.0092 0.2143 0.7765 
         664  1 0.0174 0.1881 0.7945 
         665  1 0.0984 0.3648 0.5368 
         666  1 0.0054 0.4187 0.5759 
         667  1 0.0138 0.5160 0.4702 
         668  1 0.1185 0.6164 0.2651 
         669  1 0.0112 0.2676 0.7212 
         670  1 0.0100 0.7376 0.2524 
         671  1 0.0666 0.0402 0.8932 
         672  1 0.0174 0.2662 0.7163 
         673  1 0.0048 0.3775 0.6177 
         674  1 0.0388 0.5686 0.3926 
         675  1 0.0207 0.2140 0.7653 
         676  1 0.0454 0.3281 0.6265 
         677  1 0.0065 0.2414 0.7521 
         678  1 0.0065 0.1461 0.8474 
         679  1 0.0074 0.2152 0.7774 
         680  1 0.0374 0.5262 0.4364 
         681  1 0.0124 0.4140 0.5736 
         682  1 0.0163 0.7500 0.2337 
         683  1 0.0737 0.6978 0.2285 
         684  1 0.0079 0.8244 0.1677 
         685  1 0.1229 0.2350 0.6421 
         686  1 0.1700 0.1725 0.6576 
         687  1 0.0104 0.0966 0.8930 
         688  1 0.0089 0.1211 0.8700 
         689  1 0.0368 0.4791 0.4841 
         690  1 0.0161 0.2858 0.6982 
         691  1 0.1531 0.5633 0.2836 
         692  1 0.0442 0.5307 0.4251 
         693  1 0.0062 0.3952 0.5985 
         694  1 0.0119 0.2280 0.7601 
         695  1 0.0075 0.5554 0.4371 
         696  1 0.0328 0.4426 0.5246 
         697  1 0.0194 0.6814 0.2991 
         698  1 0.0267 0.4786 0.4947 
         699  1 0.0179 0.4580 0.5241 
         700  1 0.0252 0.4830 0.4918 
         701  1 0.0116 0.2521 0.7363 
         702  1 0.0526 0.2591 0.6883 
         703  1 0.0108 0.7366 0.2526 
         704  1 0.0265 0.6961 0.2774 
         705  1 0.0118 0.5113 0.4769 
         706  1 0.0067 0.1549 0.8384 
         707  1 0.0208 0.7018 0.2774 
         708  1 0.0135 0.5322 0.4544 
         709  1 0.0449 0.4883 0.4668 
         710  1 0.0814 0.3186 0.6000 
         711  1 0.0133 0.4682 0.5185 
         712  1 0.0112 0.6283 0.3604 
         713  1 0.0093 0.5108 0.4799 
         714  1 0.0587 0.5604 0.3809 
         715  1 0.2476 0.5187 0.2338 
         716  1 0.0156 0.3845 0.5999 
         717  1 0.1252 0.1035 0.7714 
         718  1 0.0205 0.2743 0.7053 
         719  1 0.0153 0.1595 0.8252 
         720  1 0.1617 0.3746 0.4638 
         721  1 0.0245 0.6933 0.2822 
         722  1 0.0183 0.8072 0.1745 
         723  1 0.0180 0.6259 0.3561 
         724  1 0.0237 0.2977 0.6786 
         725  1 0.0064 0.5929 0.4008 
         726  1 0.0917 0.4322 0.4761 
         727  1 0.0080 0.6100 0.3821 
         728  1 0.0169 0.2548 0.7283 
         729  1 0.0158 0.7504 0.2337 
         730  1 0.0095 0.2255 0.7650 
         731  1 0.0116 0.4503 0.5381 
         732  1 0.0307 0.3113 0.6580 
         733  1 0.0072 0.6479 0.3449 
         734  1 0.0137 0.4158 0.5705 
         735  1 0.0113 0.0831 0.9056 
         736  1 0.0082 0.4210 0.5708 
         737  1 0.0323 0.8112 0.1565 
         738  1 0.0140 0.4494 0.5367 
         739  1 0.0263 0.5932 0.3805 
         740  1 0.0460 0.5910 0.3630 
         741  1 0.0089 0.5864 0.4046 
         742  1 0.1308 0.8350 0.0342 
         743  1 0.0178 0.9658 0.0164 
         744  1 0.0484 0.9373 0.0143 
         745  1 0.0092 0.9817 0.0091 
         746  1 0.0360 0.9538 0.0102 
         747  1 0.0063 0.9671 0.0265 
         748  1 0.0988 0.8590 0.0422 
         749  1 0.0105 0.9806 0.0089 
         750  1 0.0126 0.9787 0.0087 
         751  1 0.0393 0.9474 0.0133 
         752  1 0.1688 0.8142 0.0170 
         753  1 0.0790 0.9088 0.0122 
         754  1 0.1063 0.8802 0.0134 
         755  1 0.1144 0.3329 0.5528 
         756  1 0.0504 0.2776 0.6719 
         757  1 0.0220 0.7730 0.2051 
         758  1 0.0238 0.7334 0.2428 
         759  1 0.0991 0.1610 0.7399 
         760  1 0.3257 0.1924 0.4819 
         761  1 0.0774 0.4433 0.4792 
         762  1 0.8389 0.0866 0.0745 
         763  1 0.0182 0.6482 0.3336 
         764  1 0.0173 0.2403 0.7423 
         765  1 0.9861 0.0068 0.0071 
         766  1 0.0114 0.5812 0.4074 
         767  1 0.0221 0.3976 0.5803 
         768  1 0.0223 0.6796 0.2981 
         769  1 0.0583 0.4224 0.5192 
         770  1 0.0276 0.3945 0.5779 
         771  1 0.0151 0.1340 0.8509 
         772  1 0.0218 0.3870 0.5911 
         773  1 0.0183 0.5455 0.4362 
         774  1 0.0142 0.5256 0.4602 
         775  1 0.9833 0.0084 0.0083 
         776  1 0.9599 0.0164 0.0237 
         777  1 0.9892 0.0048 0.0060 
         778  1 0.1002 0.4089 0.4909 
         779  1 0.9801 0.0089 0.0111 
         780  1 0.9534 0.0256 0.0210 
         781  1 0.9852 0.0066 0.0082 
         782  1 0.9880 0.0063 0.0057 
         783  1 0.9494 0.0249 0.0257 
         784  1 0.9850 0.0082 0.0068 
         785  1 0.9790 0.0112 0.0098 
         786  1 0.9505 0.0231 0.0263 
         787  1 0.9843 0.0073 0.0084 
         788  1 0.9847 0.0086 0.0066 
         789  1 0.9863 0.0076 0.0061 
         790  1 0.9793 0.0113 0.0095 
         791  1 0.8834 0.0823 0.0342 
         792  1 0.9882 0.0067 0.0052 
         793  1 0.9505 0.0200 0.0294 
         794  1 0.9521 0.0238 0.0242 
         795  1 0.9844 0.0089 0.0067 
         796  1 0.9530 0.0186 0.0284 
         797  1 0.9806 0.0105 0.0089 
         798  1 0.9752 0.0160 0.0087 
         799  1 0.9887 0.0056 0.0057 
         800  1 0.9787 0.0118 0.0095 
         801  1 0.9809 0.0090 0.0101 
         802  1 0.9910 0.0046 0.0044 
         803  1 0.9813 0.0085 0.0102 
         804  1 0.9276 0.0265 0.0459 
         805  1 0.9275 0.0257 0.0468 
         806  1 0.9692 0.0188 0.0120 
         807  1 0.9779 0.0098 0.0124 
         808  1 0.9765 0.0109 0.0126 
         809  1 0.9472 0.0302 0.0226 
         810  1 0.9737 0.0134 0.0129 
         811  1 0.9896 0.0058 0.0046 
         812  1 0.9894 0.0052 0.0055 
         813  1 0.8803 0.0506 0.0691 
         814  1 0.9828 0.0098 0.0074 
         815  1 0.8871 0.0629 0.0500 
         816  1 0.9877 0.0065 0.0059 
         817  1 0.9647 0.0217 0.0136 
         818  1 0.8799 0.0778 0.0423 
         819  1 0.9838 0.0088 0.0074 
         820  1 0.9881 0.0062 0.0057 
         821  1 0.9864 0.0064 0.0072 
         822  1 0.9847 0.0074 0.0080 
         823  1 0.9779 0.0095 0.0126 
         824  1 0.9760 0.0123 0.0117 
         825  1 0.8515 0.0826 0.0659 
         826  1 0.9726 0.0188 0.0086 
         827  1 0.9874 0.0054 0.0072 
         828  1 0.9902 0.0049 0.0049 
         829  1 0.9913 0.0044 0.0043 
         830  1 0.9894 0.0052 0.0054 
         831  1 0.9765 0.0111 0.0124 
         832  1 0.9601 0.0223 0.0176 
         833  1 0.9807 0.0098 0.0095 
         834  1 0.9286 0.0391 0.0323 
         835  1 0.9874 0.0064 0.0061 
         836  1 0.9681 0.0189 0.0130 
         837  1 0.9796 0.0093 0.0112 
         838  1 0.8788 0.0347 0.0865 
         839  1 0.9685 0.0132 0.0183 
         840  1 0.9884 0.0059 0.0056 
         841  1 0.0343 0.2007 0.7650 
         842  1 0.9626 0.0212 0.0162 
         843  1 0.9888 0.0053 0.0059 
         844  1 0.9881 0.0059 0.0060 
         845  1 0.9816 0.0086 0.0098 
         846  1 0.9753 0.0139 0.0108 
         847  1 0.9861 0.0068 0.0071 
         848  1 0.9796 0.0130 0.0075 
         849  1 0.0165 0.3062 0.6772 
         850  1 0.1905 0.6366 0.1730 
         851  1 0.0325 0.2623 0.7052 
         852  1 0.2174 0.2403 0.5423 
         853  1 0.0192 0.1590 0.8218 
         854  1 0.6327 0.1067 0.2605 
         855  1 0.0321 0.5693 0.3986 
         856  1 0.0208 0.3380 0.6413 
         857  1 0.9644 0.0173 0.0183 
         858  1 0.0863 0.4879 0.4257 
         859  1 0.9722 0.0127 0.0151 
         860  1 0.0182 0.3902 0.5916 
         861  1 0.6901 0.1260 0.1839 
         862  1 0.0237 0.2143 0.7620 
         863  1 0.0199 0.7789 0.2012 
         864  1 0.9874 0.0058 0.0067 
         865  1 0.2363 0.2442 0.5195 
         866  1 0.1036 0.5739 0.3225 
         867  1 0.0161 0.5625 0.4214 
         868  1 0.0096 0.1206 0.8698 
         869  1 0.0108 0.4363 0.5528 
         870  1 0.9805 0.0089 0.0105 
         871  1 0.0392 0.2573 0.7034 
         872  1 0.3464 0.2069 0.4467 
         873  1 0.0322 0.4611 0.5066 
         874  1 0.0863 0.5632 0.3504 
         875  1 0.0721 0.4524 0.4755 
         876  1 0.1195 0.1835 0.6970 
         877  1 0.0723 0.1882 0.7394 
         878  1 0.0261 0.2437 0.7302 
         879  1 0.2535 0.2996 0.4469 
         880  1 0.0216 0.7880 0.1904 
         881  1 0.9878 0.0059 0.0064 
         882  1 0.1685 0.1874 0.6441 
         883  1 0.3391 0.4387 0.2222 
         884  1 0.0370 0.2030 0.7600 
         885  1 0.0277 0.6512 0.3211 
         886  1 0.0077 0.3124 0.6799 
         887  1 0.1888 0.2809 0.5304 
         888  1 0.0310 0.2113 0.7576 
         889  1 0.0769 0.1968 0.7263 
         890  1 0.0131 0.3356 0.6514 
         891  1 0.0046 0.3252 0.6702 
         892  1 0.9903 0.0048 0.0049 
         893  1 0.9376 0.0228 0.0396 
