           1  1 0.0094 0.3258 0.6648 
           2  1 0.0077 0.4686 0.5237 
           3  1 0.0113 0.4821 0.5066 
           4  1 0.0069 0.1981 0.7950 
           5  1 0.0729 0.1061 0.8210 
           6  1 0.0216 0.0427 0.9356 
           7  1 0.0086 0.1282 0.8632 
           8  1 0.0053 0.8926 0.1021 
           9  1 0.0105 0.3198 0.6696 
          10  1 0.0742 0.4866 0.4392 
          11  1 0.0096 0.0698 0.9206 
          12  1 0.0050 0.8344 0.1606 
          13  1 0.0075 0.5784 0.4140 
          14  1 0.0106 0.2153 0.7741 
          15  1 0.0140 0.3200 0.6661 
          16  1 0.0080 0.1012 0.8908 
          17  1 0.0276 0.2050 0.7674 
          18  1 0.0150 0.5402 0.4448 
          19  1 0.0122 0.3774 0.6104 
          20  1 0.3245 0.4888 0.1867 
          21  1 0.0575 0.4626 0.4800 
          22  1 0.0064 0.0927 0.9009 
          23  1 0.0143 0.1572 0.8286 
          24  1 0.0747 0.2641 0.6611 
          25  1 0.0362 0.6599 0.3039 
          26  1 0.0055 0.3071 0.6874 
          27  1 0.0093 0.2008 0.7898 
          28  1 0.1817 0.2760 0.5423 
          29  1 0.0536 0.7195 0.2269 
          30  1 0.0045 0.2873 0.7082 
          31  1 0.0087 0.0750 0.9163 
          32  1 0.0056 0.0488 0.9456 
          33  1 0.0060 0.0632 0.9308 
          34  1 0.0224 0.6802 0.2974 
          35  1 0.0103 0.2100 0.7797 
          36  1 0.0066 0.0679 0.9255 
          37  1 0.0984 0.6141 0.2874 
          38  1 0.0087 0.3419 0.6494 
          39  1 0.0122 0.0425 0.9453 
          40  1 0.0188 0.1276 0.8536 
          41  1 0.0156 0.1572 0.8272 
          42  1 0.0184 0.6664 0.3152 
          43  1 0.0123 0.5384 0.4493 
          44  1 0.0388 0.0708 0.8905 
          45  1 0.0050 0.8183 0.1767 
          46  1 0.0155 0.3198 0.6648 
          47  1 0.0508 0.2183 0.7309 
          48  1 0.0592 0.4273 0.5135 
          49  1 0.0213 0.7383 0.2404 
          50  1 0.0086 0.6831 0.3084 
          51  1 0.0061 0.7490 0.2448 
          52  1 0.0058 0.0633 0.9309 
          53  1 0.0068 0.9727 0.0205 
          54  1 0.1115 0.1697 0.7189 
          55  1 0.0143 0.8991 0.0866 
          56  1 0.0199 0.0657 0.9143 
          57  1 0.0083 0.3336 0.6581 
          58  1 0.0335 0.2642 0.7023 
          59  1 0.0067 0.1693 0.8240 
          60  1 0.0178 0.2069 0.7753 
          61  1 0.2112 0.2332 0.5556 
          62  1 0.0083 0.6645 0.3272 
          63  1 0.0189 0.3183 0.6628 
          64  1 0.0070 0.2352 0.7578 
          65  1 0.0112 0.2438 0.7450 
          66  1 0.0127 0.6022 0.3851 
          67  1 0.0737 0.3710 0.5552 
          68  1 0.0230 0.1303 0.8468 
          69  1 0.1300 0.0633 0.8067 
          70  1 0.0245 0.3978 0.5777 
          71  1 0.0341 0.0718 0.8941 
          72  1 0.0158 0.5823 0.4019 
          73  1 0.0118 0.4173 0.5709 
          74  1 0.0096 0.0679 0.9224 
          75  1 0.0088 0.5017 0.4895 
          76  1 0.0089 0.1080 0.8831 
          77  1 0.0242 0.9629 0.0130 
          78  1 0.0439 0.9274 0.0287 
          79  1 0.0158 0.9747 0.0094 
          80  1 0.0060 0.9826 0.0114 
          81  1 0.0073 0.9829 0.0098 
          82  1 0.0151 0.9735 0.0114 
          83  1 0.0415 0.9438 0.0147 
          84  1 0.0134 0.9560 0.0305 
          85  1 0.0134 0.9707 0.0159 
          86  1 0.0126 0.8274 0.1600 
          87  1 0.0090 0.9774 0.0136 
          88  1 0.0236 0.9559 0.0205 
          89  1 0.0651 0.9159 0.0190 
          90  1 0.0145 0.9118 0.0737 
          91  1 0.0226 0.9537 0.0237 
          92  1 0.1070 0.8765 0.0165 
          93  1 0.0102 0.9787 0.0111 
          94  1 0.0263 0.9633 0.0104 
          95  1 0.0314 0.9287 0.0399 
          96  1 0.0070 0.9802 0.0128 
          97  1 0.2496 0.6976 0.0528 
          98  1 0.0173 0.8794 0.1033 
          99  1 0.0072 0.9764 0.0164 
         100  1 0.0112 0.9784 0.0104 
         101  1 0.0068 0.9779 0.0152 
         102  1 0.0480 0.9131 0.0389 
         103  1 0.0093 0.1846 0.8061 
         104  1 0.0062 0.3818 0.6120 
         105  1 0.0283 0.5679 0.4038 
         106  1 0.0162 0.5447 0.4391 
         107  1 0.0097 0.1547 0.8356 
         108  1 0.0209 0.7599 0.2192 
         109  1 0.0421 0.4212 0.5368 
         110  1 0.0196 0.1059 0.8744 
         111  1 0.0082 0.4038 0.5880 
         112  1 0.0063 0.4889 0.5048 
         113  1 0.0100 0.6177 0.3723 
         114  1 0.0094 0.7249 0.2657 
         115  1 0.0451 0.0726 0.8823 
         116  1 0.0054 0.4989 0.4957 
         117  1 0.0093 0.5323 0.4584 
         118  1 0.0085 0.1236 0.8678 
         119  1 0.0058 0.2654 0.7288 
         120  1 0.0058 0.7818 0.2123 
         121  1 0.0155 0.5186 0.4659 
         122  1 0.0216 0.2898 0.6887 
         123  1 0.0149 0.3707 0.6145 
         124  1 0.0113 0.5146 0.4740 
         125  1 0.0102 0.4223 0.5674 
         126  1 0.0185 0.7148 0.2667 
         127  1 0.0155 0.6316 0.3529 
         128  1 0.0072 0.9657 0.0271 
         129  1 0.0145 0.7100 0.2756 
         130  1 0.0134 0.2638 0.7228 
         131  1 0.0069 0.6391 0.3540 
         132  1 0.0045 0.7435 0.2519 
         133  1 0.0061 0.7993 0.1945 
         134  1 0.0076 0.7514 0.2410 
         135  1 0.0551 0.7987 0.1463 
         136  1 0.0116 0.8824 0.1060 
         137  1 0.0132 0.1233 0.8636 
         138  1 0.0087 0.8584 0.1329 
         139  1 0.0073 0.3012 0.6915 
         140  1 0.0715 0.3620 0.5665 
         141  1 0.0085 0.1815 0.8099 
         142  1 0.0106 0.1556 0.8338 
         143  1 0.0075 0.6769 0.3156 
         144  1 0.0072 0.4568 0.5360 
         145  1 0.0585 0.1132 0.8283 
         146  1 0.0247 0.7051 0.2702 
         147  1 0.0236 0.0925 0.8839 
         148  1 0.0095 0.8655 0.1250 
         149  1 0.0397 0.1565 0.8038 
         150  1 0.0810 0.8368 0.0821 
         151  1 0.0110 0.7013 0.2877 
         152  1 0.3161 0.2018 0.4821 
         153  1 0.0509 0.0536 0.8955 
         154  1 0.0842 0.1891 0.7267 
         155  1 0.0113 0.5080 0.4807 
         156  1 0.0308 0.8318 0.1374 
         157  1 0.0102 0.7754 0.2144 
         158  1 0.0068 0.4295 0.5637 
         159  1 0.3172 0.3811 0.3017 
         160  1 0.0115 0.2539 0.7346 
         161  1 0.0357 0.3695 0.5948 
         162  1 0.0151 0.2815 0.7033 
         163  1 0.0068 0.2371 0.7561 
         164  1 0.0097 0.1765 0.8138 
         165  1 0.1392 0.3969 0.4640 
         166  1 0.0051 0.9537 0.0412 
         167  1 0.0091 0.1834 0.8075 
         168  1 0.0176 0.6353 0.3472 
         169  1 0.0059 0.2570 0.7371 
         170  1 0.0156 0.3312 0.6532 
         171  1 0.0362 0.5522 0.4117 
         172  1 0.0136 0.1673 0.8190 
         173  1 0.0229 0.1581 0.8190 
         174  1 0.1318 0.1314 0.7368 
         175  1 0.0147 0.0905 0.8948 
         176  1 0.0159 0.3416 0.6425 
         177  1 0.0066 0.1235 0.8699 
         178  1 0.0164 0.1748 0.8088 
         179  1 0.0257 0.2600 0.7143 
         180  1 0.0063 0.2703 0.7234 
         181  1 0.0159 0.6782 0.3059 
         182  1 0.0121 0.7676 0.2203 
         183  1 0.0216 0.5895 0.3890 
         184  1 0.0105 0.3712 0.6183 
         185  1 0.0095 0.5627 0.4278 
         186  1 0.0045 0.5372 0.4583 
         187  1 0.0335 0.1734 0.7932 
         188  1 0.0253 0.3402 0.6345 
         189  1 0.0123 0.1400 0.8477 
         190  1 0.0270 0.1172 0.8558 
         191  1 0.0601 0.6025 0.3374 
         192  1 0.0729 0.0993 0.8277 
         193  1 0.0106 0.3853 0.6041 
         194  1 0.0251 0.1751 0.7997 
         195  1 0.0339 0.3254 0.6407 
         196  1 0.0082 0.9283 0.0635 
         197  1 0.0063 0.5460 0.4477 
         198  1 0.0127 0.5071 0.4802 
         199  1 0.0107 0.4166 0.5727 
         200  1 0.0070 0.5669 0.4261 
         201  1 0.0963 0.2731 0.6306 
         202  1 0.0071 0.8161 0.1767 
         203  1 0.0090 0.7196 0.2714 
         204  1 0.0142 0.8942 0.0916 
         205  1 0.0310 0.8416 0.1274 
         206  1 0.0267 0.2169 0.7563 
         207  1 0.0068 0.4354 0.5577 
         208  1 0.0056 0.9578 0.0367 
         209  1 0.0485 0.3356 0.6159 
         210  1 0.0119 0.4352 0.5529 
         211  1 0.0059 0.7479 0.2463 
         212  1 0.0264 0.6059 0.3677 
         213  1 0.0161 0.5133 0.4706 
         214  1 0.0415 0.4068 0.5516 
         215  1 0.0121 0.4343 0.5537 
         216  1 0.0137 0.1716 0.8147 
         217  1 0.0427 0.3063 0.6510 
         218  1 0.0190 0.6062 0.3748 
         219  1 0.0046 0.0847 0.9107 
         220  1 0.0144 0.9435 0.0421 
         221  1 0.0205 0.7974 0.1822 
         222  1 0.1252 0.1267 0.7481 
         223  1 0.0261 0.0945 0.8794 
         224  1 0.0172 0.1687 0.8142 
         225  1 0.3130 0.1128 0.5743 
         226  1 0.0354 0.7709 0.1936 
         227  1 0.0071 0.1599 0.8331 
         228  1 0.0082 0.1606 0.8313 
         229  1 0.0179 0.4098 0.5723 
         230  1 0.0287 0.2219 0.7494 
         231  1 0.0098 0.2334 0.7568 
         232  1 0.0045 0.1707 0.8249 
         233  1 0.0132 0.2606 0.7262 
         234  1 0.0317 0.2427 0.7257 
         235  1 0.0130 0.3259 0.6610 
         236  1 0.0143 0.5607 0.4249 
         237  1 0.0286 0.7251 0.2463 
         238  1 0.0401 0.5931 0.3668 
         239  1 0.0131 0.7971 0.1898 
         240  1 0.0177 0.4647 0.5177 
         241  1 0.0079 0.4750 0.5171 
         242  1 0.0126 0.7541 0.2333 
         243  1 0.0172 0.5644 0.4184 
         244  1 0.0052 0.2845 0.7103 
         245  1 0.0194 0.4758 0.5048 
         246  1 0.0068 0.8320 0.1612 
         247  1 0.0301 0.0351 0.9347 
         248  1 0.0123 0.7464 0.2413 
         249  1 0.0118 0.5299 0.4583 
         250  1 0.0381 0.6000 0.3620 
         251  1 0.0073 0.2968 0.6959 
         252  1 0.0352 0.5737 0.3911 
         253  1 0.0092 0.9666 0.0242 
         254  1 0.0088 0.6760 0.3152 
         255  1 0.0065 0.9326 0.0609 
         256  1 0.0124 0.1769 0.8108 
         257  1 0.0217 0.5021 0.4762 
         258  1 0.0064 0.0736 0.9200 
         259  1 0.0069 0.2389 0.7542 
         260  1 0.0239 0.1728 0.8033 
         261  1 0.0083 0.1117 0.8800 
         262  1 0.0085 0.2937 0.6978 
         263  1 0.1655 0.4258 0.4087 
         264  1 0.0391 0.5673 0.3936 
         265  1 0.0251 0.0522 0.9227 
         266  1 0.0111 0.1918 0.7971 
         267  1 0.0154 0.4111 0.5735 
         268  1 0.1052 0.4433 0.4515 
         269  1 0.0174 0.1702 0.8124 
         270  1 0.0080 0.6225 0.3695 
         271  1 0.0451 0.6557 0.2992 
         272  1 0.0348 0.0406 0.9246 
         273  1 0.0298 0.2112 0.7589 
         274  1 0.0286 0.3606 0.6109 
         275  1 0.0116 0.5821 0.4063 
         276  1 0.1255 0.1428 0.7317 
         277  1 0.0153 0.0438 0.9409 
         278  1 0.0978 0.7692 0.1330 
         279  1 0.0358 0.4432 0.5210 
         280  1 0.0067 0.6208 0.3725 
         281  1 0.0049 0.8430 0.1520 
         282  1 0.0642 0.7758 0.1600 
         283  1 0.3172 0.3422 0.3406 
         284  1 0.0505 0.1348 0.8147 
         285  1 0.0249 0.5086 0.4665 
         286  1 0.0108 0.7488 0.2404 
         287  1 0.0127 0.6563 0.3310 
         288  1 0.0174 0.4958 0.4868 
         289  1 0.0107 0.1904 0.7989 
         290  1 0.0094 0.7603 0.2303 
         291  1 0.0214 0.5134 0.4653 
         292  1 0.0461 0.1938 0.7600 
         293  1 0.0101 0.5209 0.4690 
         294  1 0.0903 0.7522 0.1576 
         295  1 0.0108 0.4255 0.5637 
         296  1 0.0680 0.3380 0.5940 
         297  1 0.0969 0.4315 0.4717 
         298  1 0.0087 0.7890 0.2023 
         299  1 0.0378 0.7314 0.2308 
         300  1 0.0248 0.5019 0.4732 
         301  1 0.0059 0.8748 0.1194 
         302  1 0.0123 0.5676 0.4201 
         303  1 0.0815 0.6515 0.2669 
         304  1 0.0103 0.0878 0.9019 
         305  1 0.0085 0.7029 0.2886 
         306  1 0.0101 0.4619 0.5280 
         307  1 0.0420 0.5468 0.4112 
         308  1 0.0082 0.8902 0.1016 
         309  1 0.0613 0.2166 0.7221 
         310  1 0.2332 0.3687 0.3981 
         311  1 0.0282 0.3892 0.5826 
         312  1 0.0372 0.5278 0.4350 
         313  1 0.0064 0.1091 0.8845 
         314  1 0.0580 0.7797 0.1624 
         315  1 0.0109 0.1660 0.8231 
         316  1 0.1190 0.2772 0.6038 
         317  1 0.0314 0.5964 0.3723 
         318  1 0.0206 0.0377 0.9416 
         319  1 0.2201 0.1612 0.6187 
         320  1 0.0559 0.7334 0.2107 
         321  1 0.0067 0.6957 0.2977 
         322  1 0.0181 0.5182 0.4637 
         323  1 0.0143 0.6140 0.3717 
         324  1 0.0091 0.4335 0.5574 
         325  1 0.0319 0.2350 0.7331 
         326  1 0.0084 0.6263 0.3653 
         327  1 0.0063 0.4729 0.5208 
         328  1 0.0186 0.7612 0.2202 
         329  1 0.0197 0.8653 0.1150 
         330  1 0.0051 0.4321 0.5628 
         331  1 0.0062 0.0975 0.8963 
         332  1 0.0133 0.3550 0.6317 
         333  1 0.0134 0.6171 0.3695 
         334  1 0.0073 0.3770 0.6157 
         335  1 0.0090 0.5776 0.4134 
         336  1 0.0083 0.0359 0.9558 
         337  1 0.0421 0.1075 0.8504 
         338  1 0.0112 0.2924 0.6965 
         339  1 0.0132 0.0147 0.9721 
         340  1 0.0615 0.0276 0.9109 
         341  1 0.0085 0.1328 0.8588 
         342  1 0.0097 0.0215 0.9689 
         343  1 0.0102 0.1301 0.8597 
         344  1 0.0238 0.0870 0.8892 
         345  1 0.0184 0.0206 0.9610 
         346  1 0.0212 0.0205 0.9583 
         347  1 0.0131 0.0231 0.9638 
         348  1 0.0349 0.1980 0.7671 
         349  1 0.0095 0.0239 0.9666 
         350  1 0.0124 0.5113 0.4763 
         351  1 0.1375 0.0316 0.8309 
         352  1 0.0075 0.6173 0.3752 
         353  1 0.0403 0.0543 0.9054 
         354  1 0.0347 0.0277 0.9376 
         355  1 0.0460 0.1132 0.8409 
         356  1 0.0130 0.6530 0.3340 
         357  1 0.1751 0.1885 0.6364 
         358  1 0.0144 0.5615 0.4241 
         359  1 0.0284 0.1228 0.8488 
         360  1 0.0647 0.6975 0.2378 
         361  1 0.1263 0.3983 0.4754 
         362  1 0.0062 0.7894 0.2044 
         363  1 0.0073 0.0794 0.9132 
         364  1 0.0083 0.4115 0.5802 
         365  1 0.0095 0.1229 0.8676 
         366  1 0.0056 0.0581 0.9363 
         367  1 0.0177 0.7561 0.2262 
         368  1 0.0142 0.5464 0.4394 
         369  1 0.0057 0.2867 0.7077 
         370  1 0.0562 0.1208 0.8230 
         371  1 0.0693 0.3817 0.5490 
         372  1 0.0468 0.0691 0.8841 
         373  1 0.0203 0.3825 0.5973 
         374  1 0.0456 0.6821 0.2723 
         375  1 0.0290 0.0884 0.8826 
         376  1 0.0155 0.2168 0.7677 
         377  1 0.0130 0.5670 0.4200 
         378  1 0.0113 0.3666 0.6221 
         379  1 0.0152 0.2814 0.7034 
         380  1 0.0213 0.2284 0.7503 
         381  1 0.0137 0.1757 0.8106 
         382  1 0.0319 0.1703 0.7978 
         383  1 0.0201 0.7093 0.2706 
         384  1 0.0159 0.5663 0.4178 
         385  1 0.0050 0.0395 0.9555 
         386  1 0.0115 0.7684 0.2201 
         387  1 0.0089 0.1065 0.8846 
         388  1 0.0149 0.4628 0.5223 
         389  1 0.0083 0.3937 0.5980 
         390  1 0.0048 0.6741 0.3211 
         391  1 0.0084 0.3467 0.6449 
         392  1 0.0242 0.2529 0.7229 
         393  1 0.0091 0.5878 0.4032 
         394  1 0.0090 0.7423 0.2486 
         395  1 0.0075 0.4272 0.5653 
         396  1 0.0078 0.3803 0.6119 
         397  1 0.0090 0.3404 0.6505 
         398  1 0.0307 0.8739 0.0954 
         399  1 0.0145 0.2538 0.7316 
         400  1 0.0490 0.6237 0.3273 
         401  1 0.0099 0.5131 0.4770 
         402  1 0.0237 0.5086 0.4677 
         403  1 0.0084 0.4651 0.5265 
         404  1 0.0220 0.1605 0.8175 
         405  1 0.0135 0.5559 0.4306 
         406  1 0.0702 0.4047 0.5251 
         407  1 0.0160 0.4285 0.5555 
         408  1 0.0117 0.4937 0.4946 
         409  1 0.0216 0.2274 0.7510 
         410  1 0.0121 0.5734 0.4145 
         411  1 0.0376 0.1916 0.7708 
         412  1 0.0195 0.3691 0.6114 
         413  1 0.0071 0.6475 0.3454 
         414  1 0.0192 0.3595 0.6213 
         415  1 0.0092 0.8568 0.1339 
         416  1 0.0123 0.4384 0.5493 
         417  1 0.0145 0.7492 0.2364 
         418  1 0.0068 0.4251 0.5681 
         419  1 0.0141 0.7138 0.2721 
         420  1 0.0087 0.9128 0.0785 
         421  1 0.0105 0.9004 0.0891 
         422  1 0.1342 0.6422 0.2236 
         423  1 0.0205 0.1640 0.8156 
         424  1 0.0222 0.3360 0.6418 
         425  1 0.0091 0.2235 0.7674 
         426  1 0.0525 0.1416 0.8059 
         427  1 0.0064 0.5471 0.4465 
         428  1 0.0080 0.4790 0.5130 
         429  1 0.0217 0.2877 0.6906 
         430  1 0.4142 0.1541 0.4317 
         431  1 0.0085 0.6233 0.3682 
         432  1 0.0102 0.1140 0.8758 
         433  1 0.0329 0.1924 0.7747 
         434  1 0.0110 0.6161 0.3729 
         435  1 0.0129 0.9173 0.0698 
         436  1 0.0105 0.9699 0.0196 
         437  1 0.2157 0.5690 0.2154 
         438  1 0.0725 0.3465 0.5810 
         439  1 0.0193 0.1529 0.8278 
         440  1 0.0062 0.5215 0.4723 
         441  1 0.1136 0.7185 0.1679 
         442  1 0.2282 0.6015 0.1703 
         443  1 0.0241 0.1803 0.7956 
         444  1 0.0191 0.3166 0.6643 
         445  1 0.0114 0.2449 0.7437 
         446  1 0.0165 0.2814 0.7021 
         447  1 0.0100 0.5590 0.4310 
         448  1 0.0647 0.5422 0.3930 
         449  1 0.0098 0.6850 0.3052 
         450  1 0.1358 0.1561 0.7081 
         451  1 0.0062 0.7574 0.2364 
         452  1 0.0230 0.5415 0.4355 
         453  1 0.0126 0.8959 0.0916 
         454  1 0.0570 0.5162 0.4269 
         455  1 0.0120 0.2351 0.7528 
         456  1 0.0158 0.1091 0.8751 
         457  1 0.0063 0.7848 0.2089 
         458  1 0.0178 0.1526 0.8297 
         459  1 0.0502 0.3670 0.5829 
         460  1 0.0786 0.8341 0.0873 
         461  1 0.0363 0.8413 0.1224 
         462  1 0.0101 0.7089 0.2810 
         463  1 0.0371 0.3984 0.5645 
         464  1 0.0143 0.8970 0.0888 
         465  1 0.0878 0.4705 0.4417 
         466  1 0.1829 0.4141 0.4030 
         467  1 0.0208 0.5312 0.4481 
         468  1 0.0098 0.5735 0.4167 
         469  1 0.0095 0.5785 0.4119 
         470  1 0.0590 0.3817 0.5593 
         471  1 0.0067 0.7884 0.2050 
         472  1 0.0387 0.6650 0.2962 
         473  1 0.0199 0.3084 0.6717 
         474  1 0.0086 0.3658 0.6257 
         475  1 0.0057 0.2855 0.7088 
         476  1 0.0073 0.6461 0.3466 
         477  1 0.0709 0.2968 0.6323 
         478  1 0.0972 0.1345 0.7683 
         479  1 0.0071 0.9583 0.0346 
         480  1 0.0107 0.3752 0.6142 
         481  1 0.0131 0.7061 0.2809 
         482  1 0.0068 0.2862 0.7070 
         483  1 0.0238 0.3282 0.6480 
         484  1 0.0071 0.6177 0.3751 
         485  1 0.5600 0.2830 0.1570 
         486  1 0.0106 0.5074 0.4819 
         487  1 0.0101 0.2772 0.7127 
         488  1 0.0221 0.6860 0.2919 
         489  1 0.0093 0.8399 0.1508 
         490  1 0.0142 0.1874 0.7984 
         491  1 0.0074 0.4270 0.5656 
         492  1 0.0178 0.1961 0.7861 
         493  1 0.0046 0.2601 0.7353 
         494  1 0.0095 0.2966 0.6939 
         495  1 0.0264 0.6200 0.3536 
         496  1 0.1031 0.6124 0.2845 
         497  1 0.0120 0.4599 0.5280 
         498  1 0.0142 0.4650 0.5208 
         499  1 0.0072 0.4187 0.5740 
         500  1 0.0102 0.1644 0.8253 
         501  1 0.0153 0.5607 0.4240 
         502  1 0.0546 0.7388 0.2066 
         503  1 0.0083 0.4859 0.5058 
         504  1 0.0087 0.4462 0.5451 
         505  1 0.1155 0.2185 0.6660 
         506  1 0.0284 0.5444 0.4273 
         507  1 0.1111 0.6282 0.2607 
         508  1 0.0114 0.2049 0.7836 
         509  1 0.0054 0.2283 0.7664 
         510  1 0.0075 0.4992 0.4933 
         511  1 0.0119 0.4175 0.5706 
         512  1 0.0124 0.3718 0.6157 
         513  1 0.0160 0.2611 0.7229 
         514  1 0.0249 0.3808 0.5944 
         515  1 0.0074 0.3505 0.6421 
         516  1 0.0291 0.1494 0.8215 
         517  1 0.0275 0.0667 0.9058 
         518  1 0.1994 0.3120 0.4886 
         519  1 0.0410 0.6425 0.3166 
         520  1 0.0180 0.4270 0.5551 
         521  1 0.0081 0.6316 0.3602 
         522  1 0.0143 0.9031 0.0826 
         523  1 0.0260 0.3322 0.6419 
         524  1 0.0055 0.3590 0.6355 
         525  1 0.0142 0.1804 0.8054 
         526  1 0.0240 0.4278 0.5481 
         527  1 0.0088 0.8337 0.1575 
         528  1 0.0124 0.4329 0.5547 
         529  1 0.0155 0.9459 0.0387 
         530  1 0.0689 0.3984 0.5327 
         531  1 0.0089 0.5555 0.4356 
         532  1 0.0168 0.7250 0.2582 
         533  1 0.0149 0.6094 0.3757 
         534  1 0.0552 0.1445 0.8003 
         535  1 0.0190 0.2889 0.6921 
         536  1 0.0135 0.9043 0.0822 
         537  1 0.0478 0.3461 0.6061 
         538  1 0.0051 0.0982 0.8967 
         539  1 0.0154 0.0918 0.8928 
         540  1 0.0101 0.4921 0.4978 
         541  1 0.0127 0.7501 0.2372 
         542  1 0.0108 0.4150 0.5743 
         543  1 0.0046 0.5035 0.4919 
         544  1 0.0475 0.5085 0.4440 
         545  1 0.0399 0.2381 0.7220 
         546  1 0.0225 0.3821 0.5954 
         547  1 0.0090 0.6465 0.3445 
         548  1 0.0074 0.3702 0.6225 
         549  1 0.0275 0.3402 0.6323 
         550  1 0.0058 0.1781 0.8161 
         551  1 0.0068 0.6030 0.3902 
         552  1 0.0045 0.3096 0.6859 
         553  1 0.0275 0.5611 0.4114 
         554  1 0.0463 0.6679 0.2858 
         555  1 0.0318 0.2663 0.7020 
         556  1 0.0278 0.3025 0.6697 
         557  1 0.0117 0.4730 0.5153 
         558  1 0.0094 0.3222 0.6684 
         559  1 0.0593 0.2821 0.6586 
         560  1 0.0237 0.3401 0.6362 
         561  1 0.0158 0.2790 0.7053 
         562  1 0.0131 0.8232 0.1637 
         563  1 0.0095 0.4808 0.5097 
         564  1 0.2952 0.3568 0.3480 
         565  1 0.0098 0.6914 0.2989 
         566  1 0.0250 0.7838 0.1912 
         567  1 0.0102 0.9017 0.0881 
         568  1 0.0459 0.8356 0.1185 
         569  1 0.0054 0.1997 0.7949 
         570  1 0.0078 0.7194 0.2728 
         571  1 0.0089 0.7726 0.2185 
         572  1 0.0104 0.5356 0.4540 
         573  1 0.1932 0.0991 0.7076 
         574  1 0.0363 0.5691 0.3946 
         575  1 0.0209 0.2601 0.7190 
         576  1 0.0643 0.4677 0.4681 
         577  1 0.0608 0.3745 0.5646 
         578  1 0.2162 0.6782 0.1055 
         579  1 0.0332 0.2767 0.6900 
         580  1 0.0089 0.8538 0.1373 
         581  1 0.0076 0.2363 0.7561 
         582  1 0.1164 0.5466 0.3370 
         583  1 0.0919 0.5413 0.3668 
         584  1 0.0198 0.2583 0.7219 
         585  1 0.0245 0.5966 0.3789 
         586  1 0.0129 0.2234 0.7637 
         587  1 0.0125 0.0888 0.8987 
         588  1 0.0314 0.5509 0.4177 
         589  1 0.0635 0.5926 0.3439 
         590  1 0.0198 0.1755 0.8047 
         591  1 0.0067 0.9351 0.0582 
         592  1 0.0185 0.0623 0.9192 
         593  1 0.0223 0.3149 0.6628 
         594  1 0.0281 0.0834 0.8884 
         595  1 0.0130 0.9399 0.0471 
         596  1 0.0145 0.7063 0.2793 
         597  1 0.0182 0.6808 0.3010 
         598  1 0.0071 0.1012 0.8917 
         599  1 0.0526 0.4904 0.4571 
         600  1 0.0449 0.6639 0.2911 
         601  1 0.1342 0.0979 0.7679 
         602  1 0.0717 0.6368 0.2915 
         603  1 0.0124 0.7784 0.2091 
         604  1 0.0127 0.9170 0.0703 
         605  1 0.0095 0.2999 0.6905 
         606  1 0.0232 0.6377 0.3391 
         607  1 0.0287 0.3810 0.5903 
         608  1 0.0096 0.0934 0.8971 
         609  1 0.0120 0.2901 0.6979 
         610  1 0.0401 0.5010 0.4589 
         611  1 0.0070 0.5334 0.4597 
         612  1 0.0352 0.1214 0.8434 
         613  1 0.0279 0.7125 0.2596 
         614  1 0.0071 0.3152 0.6776 
         615  1 0.0250 0.3015 0.6736 
         616  1 0.0178 0.4069 0.5753 
         617  1 0.0140 0.5869 0.3991 
         618  1 0.0159 0.6663 0.3177 
         619  1 0.0342 0.8190 0.1467 
         620  1 0.0091 0.2258 0.7651 
         621  1 0.0868 0.0563 0.8570 
         622  1 0.0196 0.1815 0.7989 
         623  1 0.0030 0.2119 0.7851 
         624  1 0.0238 0.3475 0.6288 
         625  1 0.0091 0.6172 0.3737 
         626  1 0.0055 0.9635 0.0311 
         627  1 0.0493 0.3060 0.6447 
         628  1 0.0083 0.4086 0.5832 
         629  1 0.0231 0.9249 0.0520 
         630  1 0.0068 0.2047 0.7885 
         631  1 0.0079 0.0555 0.9366 
         632  1 0.0173 0.3018 0.6810 
         633  1 0.1197 0.5019 0.3784 
         634  1 0.0230 0.1171 0.8599 
         635  1 0.0119 0.3895 0.5986 
         636  1 0.0223 0.6949 0.2828 
         637  1 0.0109 0.7417 0.2474 
         638  1 0.0485 0.3498 0.6016 
         639  1 0.0117 0.9014 0.0869 
         640  1 0.0119 0.1530 0.8351 
         641  1 0.0150 0.7666 0.2183 
         642  1 0.0097 0.2171 0.7732 
         643  1 0.0342 0.3672 0.5986 
         644  1 0.0752 0.3297 0.5951 
         645  1 0.0492 0.0707 0.8801 
         646  1 0.0244 0.2124 0.7631 
         647  1 0.0076 0.8069 0.1855 
         648  1 0.1633 0.2751 0.5616 
         649  1 0.0483 0.4318 0.5199 
         650  1 0.0067 0.6350 0.3583 
         651  1 0.0178 0.4195 0.5627 
         652  1 0.0323 0.0635 0.9042 
         653  1 0.0118 0.7534 0.2348 
         654  1 0.0081 0.5189 0.4730 
         655  1 0.0471 0.3480 0.6049 
         656  1 0.0195 0.1598 0.8206 
         657  1 0.0214 0.0638 0.9148 
         658  1 0.0365 0.9001 0.0634 
         659  1 0.0149 0.6458 0.3394 
         660  1 0.0210 0.2894 0.6895 
         661  1 0.0112 0.8771 0.1117 
         662  1 0.0377 0.9215 0.0408 
         663  1 0.0086 0.0764 0.9150 
         664  1 0.0176 0.2140 0.7684 
         665  1 0.1050 0.3520 0.5429 
         666  1 0.0052 0.3553 0.6395 
         667  1 0.0135 0.5229 0.4636 
         668  1 0.1216 0.6151 0.2633 
         669  1 0.0111 0.2299 0.7590 
         670  1 0.0096 0.8095 0.1808 
         671  1 0.0596 0.0318 0.9085 
         672  1 0.0176 0.2780 0.7045 
         673  1 0.0050 0.3825 0.6125 
         674  1 0.0392 0.4665 0.4943 
         675  1 0.0211 0.1546 0.8243 
         676  1 0.0453 0.2887 0.6661 
         677  1 0.0066 0.1827 0.8107 
         678  1 0.0069 0.1310 0.8621 
         679  1 0.0078 0.1081 0.8841 
         680  1 0.0377 0.5389 0.4234 
         681  1 0.0121 0.3636 0.6244 
         682  1 0.0155 0.7581 0.2264 
         683  1 0.0717 0.7044 0.2239 
         684  1 0.0083 0.8511 0.1406 
         685  1 0.1212 0.1593 0.7195 
         686  1 0.1761 0.2138 0.6101 
         687  1 0.0098 0.0900 0.9002 
         688  1 0.0089 0.1219 0.8692 
         689  1 0.0407 0.6151 0.3441 
         690  1 0.0150 0.2707 0.7144 
         691  1 0.1777 0.4881 0.3342 
         692  1 0.0431 0.6179 0.3390 
         693  1 0.0067 0.4323 0.5610 
         694  1 0.0110 0.2138 0.7752 
         695  1 0.0076 0.5584 0.4340 
         696  1 0.0328 0.4043 0.5629 
         697  1 0.0204 0.6663 0.3133 
         698  1 0.0272 0.4669 0.5059 
         699  1 0.0169 0.4907 0.4924 
         700  1 0.0260 0.4113 0.5627 
         701  1 0.0122 0.2261 0.7618 
         702  1 0.0536 0.2773 0.6691 
         703  1 0.0111 0.8464 0.1424 
         704  1 0.0273 0.7296 0.2431 
         705  1 0.0120 0.5254 0.4625 
         706  1 0.0064 0.0997 0.8939 
         707  1 0.0226 0.6476 0.3298 
         708  1 0.0139 0.4469 0.5391 
         709  1 0.0460 0.5282 0.4257 
         710  1 0.0858 0.3036 0.6106 
         711  1 0.0139 0.4381 0.5480 
         712  1 0.0119 0.6544 0.3336 
         713  1 0.0093 0.4438 0.5470 
         714  1 0.0613 0.5638 0.3749 
         715  1 0.2503 0.5468 0.2028 
         716  1 0.0173 0.4490 0.5337 
         717  1 0.1316 0.0760 0.7925 
         718  1 0.0204 0.1605 0.8191 
         719  1 0.0163 0.2211 0.7626 
         720  1 0.1625 0.3298 0.5077 
         721  1 0.0247 0.6926 0.2827 
         722  1 0.0189 0.8347 0.1464 
         723  1 0.0167 0.6167 0.3665 
         724  1 0.0234 0.3001 0.6764 
         725  1 0.0066 0.6124 0.3810 
         726  1 0.0933 0.4872 0.4194 
         727  1 0.0085 0.5287 0.4628 
         728  1 0.0184 0.2271 0.7545 
         729  1 0.0149 0.7843 0.2008 
         730  1 0.0098 0.2162 0.7740 
         731  1 0.0110 0.4483 0.5408 
         732  1 0.0337 0.3811 0.5852 
         733  1 0.0073 0.5933 0.3994 
         734  1 0.0146 0.3882 0.5972 
         735  1 0.0112 0.0427 0.9461 
         736  1 0.0083 0.3825 0.6092 
         737  1 0.0329 0.8119 0.1552 
         738  1 0.0140 0.5060 0.4801 
         739  1 0.0245 0.6384 0.3371 
         740  1 0.0485 0.6519 0.2996 
         741  1 0.0097 0.5546 0.4357 
         742  1 0.1364 0.8261 0.0375 
         743  1 0.0175 0.9662 0.0163 
         744  1 0.0544 0.9284 0.0173 
         745  1 0.0099 0.9805 0.0096 
         746  1 0.0377 0.9526 0.0096 
         747  1 0.0066 0.9668 0.0266 
         748  1 0.0977 0.8641 0.0382 
         749  1 0.0112 0.9803 0.0085 
         750  1 0.0136 0.9773 0.0091 
         751  1 0.0429 0.9439 0.0131 
         752  1 0.1795 0.7987 0.0218 
         753  1 0.0765 0.9138 0.0097 
         754  1 0.1179 0.8647 0.0174 
         755  1 0.1202 0.2176 0.6623 
         756  1 0.0581 0.3672 0.5747 
         757  1 0.0212 0.8254 0.1535 
         758  1 0.0249 0.8770 0.0980 
         759  1 0.0996 0.1463 0.7541 
         760  1 0.3285 0.1935 0.4781 
         761  1 0.0756 0.5803 0.3441 
         762  1 0.8379 0.0880 0.0741 
         763  1 0.0185 0.6789 0.3027 
         764  1 0.0170 0.2490 0.7340 
         765  1 0.9849 0.0073 0.0079 
         766  1 0.0122 0.6650 0.3228 
         767  1 0.0209 0.4128 0.5663 
         768  1 0.0220 0.6797 0.2983 
         769  1 0.0632 0.4790 0.4579 
         770  1 0.0274 0.4409 0.5317 
         771  1 0.0152 0.1526 0.8321 
         772  1 0.0208 0.4487 0.5306 
         773  1 0.0183 0.5587 0.4230 
         774  1 0.0145 0.4839 0.5016 
         775  1 0.9835 0.0087 0.0078 
         776  1 0.9567 0.0177 0.0256 
         777  1 0.9891 0.0049 0.0060 
         778  1 0.1061 0.4460 0.4479 
         779  1 0.9786 0.0090 0.0124 
         780  1 0.9505 0.0265 0.0229 
         781  1 0.9843 0.0070 0.0087 
         782  1 0.9883 0.0060 0.0057 
         783  1 0.9469 0.0251 0.0280 
         784  1 0.9844 0.0088 0.0068 
         785  1 0.9779 0.0115 0.0106 
         786  1 0.9494 0.0248 0.0258 
         787  1 0.9834 0.0077 0.0089 
         788  1 0.9841 0.0081 0.0078 
         789  1 0.9862 0.0076 0.0062 
         790  1 0.9786 0.0114 0.0100 
         791  1 0.8834 0.0851 0.0314 
         792  1 0.9869 0.0078 0.0053 
         793  1 0.9448 0.0210 0.0343 
         794  1 0.9486 0.0265 0.0249 
         795  1 0.9850 0.0083 0.0067 
         796  1 0.9505 0.0182 0.0313 
         797  1 0.9790 0.0110 0.0100 
         798  1 0.9752 0.0168 0.0080 
         799  1 0.9887 0.0058 0.0055 
         800  1 0.9777 0.0114 0.0109 
         801  1 0.9806 0.0101 0.0094 
         802  1 0.9909 0.0044 0.0047 
         803  1 0.9814 0.0088 0.0098 
         804  1 0.9238 0.0300 0.0462 
         805  1 0.9253 0.0255 0.0493 
         806  1 0.9703 0.0176 0.0120 
         807  1 0.9777 0.0102 0.0121 
         808  1 0.9769 0.0104 0.0127 
         809  1 0.9442 0.0313 0.0245 
         810  1 0.9755 0.0116 0.0129 
         811  1 0.9895 0.0056 0.0049 
         812  1 0.9896 0.0054 0.0050 
         813  1 0.8773 0.0504 0.0722 
         814  1 0.9832 0.0093 0.0075 
         815  1 0.8766 0.0694 0.0540 
         816  1 0.9877 0.0062 0.0061 
         817  1 0.9625 0.0247 0.0128 
         818  1 0.8791 0.0875 0.0333 
         819  1 0.9843 0.0086 0.0071 
         820  1 0.9882 0.0063 0.0055 
         821  1 0.9868 0.0059 0.0073 
         822  1 0.9839 0.0078 0.0083 
         823  1 0.9783 0.0087 0.0130 
         824  1 0.9771 0.0125 0.0104 
         825  1 0.8522 0.0837 0.0641 
         826  1 0.9717 0.0199 0.0084 
         827  1 0.9870 0.0057 0.0074 
         828  1 0.9899 0.0050 0.0051 
         829  1 0.9915 0.0045 0.0040 
         830  1 0.9887 0.0056 0.0057 
         831  1 0.9757 0.0115 0.0129 
         832  1 0.9544 0.0253 0.0203 
         833  1 0.9805 0.0095 0.0100 
         834  1 0.9239 0.0417 0.0344 
         835  1 0.9873 0.0065 0.0062 
         836  1 0.9679 0.0178 0.0142 
         837  1 0.9798 0.0088 0.0114 
         838  1 0.8754 0.0393 0.0854 
         839  1 0.9686 0.0149 0.0165 
         840  1 0.9886 0.0058 0.0057 
         841  1 0.0329 0.2645 0.7025 
         842  1 0.9616 0.0231 0.0153 
         843  1 0.9881 0.0058 0.0060 
         844  1 0.9876 0.0063 0.0061 
         845  1 0.9818 0.0080 0.0101 
         846  1 0.9757 0.0126 0.0117 
         847  1 0.9857 0.0067 0.0077 
         848  1 0.9809 0.0120 0.0071 
         849  1 0.0158 0.3899 0.5943 
         850  1 0.1870 0.6810 0.1320 
         851  1 0.0308 0.3263 0.6430 
         852  1 0.2260 0.2932 0.4808 
         853  1 0.0203 0.1512 0.8285 
         854  1 0.6330 0.1132 0.2538 
         855  1 0.0299 0.6496 0.3204 
         856  1 0.0207 0.3462 0.6330 
         857  1 0.9647 0.0167 0.0185 
         858  1 0.0913 0.5861 0.3225 
         859  1 0.9712 0.0130 0.0158 
         860  1 0.0170 0.4480 0.5350 
         861  1 0.6874 0.1297 0.1828 
         862  1 0.0228 0.2398 0.7374 
         863  1 0.0197 0.8999 0.0804 
         864  1 0.9868 0.0062 0.0070 
         865  1 0.2585 0.2725 0.4689 
         866  1 0.1007 0.7028 0.1965 
         867  1 0.0177 0.5592 0.4231 
         868  1 0.0101 0.1383 0.8516 
         869  1 0.0110 0.4784 0.5106 
         870  1 0.9800 0.0085 0.0116 
         871  1 0.0390 0.3018 0.6592 
         872  1 0.3474 0.1854 0.4672 
         873  1 0.0303 0.5395 0.4301 
         874  1 0.0874 0.5818 0.3308 
         875  1 0.0698 0.4670 0.4632 
         876  1 0.1262 0.2087 0.6651 
         877  1 0.0727 0.2017 0.7256 
         878  1 0.0270 0.2876 0.6854 
         879  1 0.2606 0.2852 0.4542 
         880  1 0.0215 0.8187 0.1598 
         881  1 0.9872 0.0061 0.0067 
         882  1 0.1821 0.2190 0.5988 
         883  1 0.3363 0.5361 0.1276 
         884  1 0.0372 0.1781 0.7847 
         885  1 0.0278 0.6607 0.3115 
         886  1 0.0087 0.2694 0.7219 
         887  1 0.1957 0.2290 0.5753 
         888  1 0.0332 0.2422 0.7246 
         889  1 0.0830 0.2604 0.6566 
         890  1 0.0139 0.4210 0.5651 
         891  1 0.0044 0.2431 0.7526 
         892  1 0.9900 0.0050 0.0051 
         893  1 0.9373 0.0269 0.0358 
