           1  1 0.0062 0.8327 0.0252 0.0618 0.0741 
           2  1 0.0052 0.0267 0.0083 0.5316 0.4282 
           3  1 0.0093 0.2785 0.0672 0.3101 0.3349 
           4  1 0.0062 0.4032 0.0112 0.2850 0.2943 
           5  1 0.0524 0.0872 0.0060 0.4093 0.4451 
           6  1 0.0197 0.5888 0.0078 0.2006 0.1831 
           7  1 0.0071 0.0204 0.0055 0.4689 0.4981 
           8  1 0.0047 0.0268 0.0830 0.3926 0.4929 
           9  1 0.0081 0.5578 0.0093 0.2439 0.1809 
          10  1 0.0711 0.3444 0.0607 0.2629 0.2609 
          11  1 0.0093 0.5845 0.0060 0.2056 0.1945 
          12  1 0.0042 0.0798 0.0085 0.3683 0.5392 
          13  1 0.0065 0.0373 0.0148 0.5238 0.4176 
          14  1 0.0090 0.1597 0.0062 0.4151 0.4100 
          15  1 0.0105 0.6774 0.0372 0.1532 0.1217 
          16  1 0.0072 0.4628 0.0059 0.2537 0.2703 
          17  1 0.0211 0.4036 0.0167 0.2481 0.3105 
          18  1 0.0110 0.3018 0.0167 0.2968 0.3736 
          19  1 0.0093 0.7171 0.0579 0.1104 0.1053 
          20  1 0.2636 0.0204 0.0295 0.3060 0.3806 
          21  1 0.0451 0.2919 0.0190 0.2732 0.3707 
          22  1 0.0054 0.7728 0.0051 0.1334 0.0832 
          23  1 0.0133 0.0592 0.0210 0.4651 0.4413 
          24  1 0.0577 0.4038 0.0264 0.2348 0.2774 
          25  1 0.0331 0.2542 0.0458 0.3498 0.3171 
          26  1 0.0049 0.1388 0.0098 0.4867 0.3598 
          27  1 0.0078 0.3714 0.0089 0.2769 0.3350 
          28  1 0.1628 0.5272 0.0461 0.1174 0.1466 
          29  1 0.0465 0.0412 0.0108 0.4680 0.4335 
          30  1 0.0037 0.0741 0.0044 0.4784 0.4395 
          31  1 0.0076 0.3014 0.0059 0.3344 0.3506 
          32  1 0.0054 0.0703 0.0061 0.4317 0.4865 
          33  1 0.0049 0.3932 0.0076 0.2766 0.3177 
          34  1 0.0175 0.3886 0.0392 0.2545 0.3003 
          35  1 0.0095 0.0557 0.0083 0.4310 0.4954 
          36  1 0.0062 0.1349 0.0055 0.3640 0.4893 
          37  1 0.0938 0.1686 0.0107 0.3572 0.3697 
          38  1 0.0075 0.3105 0.0148 0.3044 0.3628 
          39  1 0.0078 0.9288 0.0140 0.0242 0.0252 
          40  1 0.0163 0.3093 0.0052 0.3242 0.3450 
          41  1 0.0132 0.3893 0.0250 0.2685 0.3040 
          42  1 0.0154 0.0830 0.0155 0.3816 0.5045 
          43  1 0.0104 0.3002 0.0648 0.2790 0.3456 
          44  1 0.0434 0.2676 0.0069 0.3013 0.3808 
          45  1 0.0041 0.0733 0.0212 0.5405 0.3609 
          46  1 0.0114 0.0848 0.0101 0.4320 0.4617 
          47  1 0.0376 0.6041 0.0086 0.1711 0.1786 
          48  1 0.0415 0.0837 0.0110 0.3878 0.4760 
          49  1 0.0192 0.1741 0.0753 0.3448 0.3866 
          50  1 0.0075 0.2473 0.0169 0.3719 0.3564 
          51  1 0.0050 0.0358 0.0168 0.4044 0.5380 
          52  1 0.0051 0.0680 0.0036 0.4296 0.4936 
          53  1 0.0065 0.0133 0.0463 0.4400 0.4939 
          54  1 0.0979 0.3451 0.0089 0.2448 0.3032 
          55  1 0.0133 0.0727 0.1993 0.3508 0.3639 
          56  1 0.0175 0.5790 0.0066 0.2043 0.1927 
          57  1 0.0070 0.1199 0.0157 0.4148 0.4426 
          58  1 0.0294 0.2351 0.0087 0.4074 0.3195 
          59  1 0.0061 0.2525 0.0054 0.3352 0.4009 
          60  1 0.0151 0.1167 0.0193 0.4640 0.3848 
          61  1 0.1915 0.3620 0.0120 0.2123 0.2222 
          62  1 0.0074 0.0368 0.0178 0.4861 0.4520 
          63  1 0.0145 0.1633 0.0416 0.3622 0.4185 
          64  1 0.0061 0.5743 0.0110 0.1786 0.2301 
          65  1 0.0087 0.4348 0.0076 0.2408 0.3082 
          66  1 0.0106 0.0383 0.0118 0.4757 0.4636 
          67  1 0.0574 0.1213 0.0192 0.3691 0.4330 
          68  1 0.0186 0.6924 0.0213 0.1240 0.1438 
          69  1 0.1233 0.5592 0.0089 0.1435 0.1651 
          70  1 0.0192 0.0970 0.0077 0.4516 0.4245 
          71  1 0.0280 0.2023 0.0073 0.3512 0.4112 
          72  1 0.0150 0.0647 0.0154 0.3581 0.5468 
          73  1 0.0092 0.8559 0.0348 0.0510 0.0490 
          74  1 0.0080 0.6096 0.0100 0.1729 0.1995 
          75  1 0.0065 0.0364 0.0259 0.4272 0.5040 
          76  1 0.0081 0.1142 0.0077 0.3691 0.5009 
          77  1 0.0077 0.0069 0.9737 0.0062 0.0056 
          78  1 0.0122 0.0173 0.9326 0.0200 0.0179 
          79  1 0.0121 0.0071 0.9664 0.0069 0.0075 
          80  1 0.0032 0.0050 0.9828 0.0045 0.0045 
          81  1 0.0040 0.0061 0.9762 0.0070 0.0067 
          82  1 0.0065 0.0068 0.9699 0.0084 0.0085 
          83  1 0.0278 0.0229 0.9102 0.0196 0.0195 
          84  1 0.0057 0.0140 0.9642 0.0083 0.0080 
          85  1 0.0087 0.0106 0.9574 0.0119 0.0114 
          86  1 0.0095 0.0449 0.8914 0.0245 0.0297 
          87  1 0.0038 0.0055 0.9798 0.0055 0.0055 
          88  1 0.0080 0.0062 0.9753 0.0052 0.0053 
          89  1 0.0071 0.0068 0.9735 0.0064 0.0063 
          90  1 0.0222 0.1312 0.5776 0.1403 0.1287 
          91  1 0.0073 0.0083 0.9715 0.0069 0.0060 
          92  1 0.0097 0.0065 0.9719 0.0058 0.0062 
          93  1 0.0050 0.0058 0.9763 0.0065 0.0065 
          94  1 0.0058 0.0053 0.9798 0.0045 0.0047 
          95  1 0.0109 0.0142 0.9527 0.0110 0.0112 
          96  1 0.0051 0.0069 0.9768 0.0056 0.0055 
          97  1 0.1338 0.0512 0.7196 0.0494 0.0460 
          98  1 0.0274 0.2149 0.3688 0.1890 0.1998 
          99  1 0.0037 0.0073 0.9776 0.0057 0.0056 
         100  1 0.0103 0.0242 0.8712 0.0465 0.0479 
         101  1 0.0049 0.0101 0.9684 0.0078 0.0087 
         102  1 0.1051 0.0448 0.7514 0.0492 0.0495 
         103  1 0.0071 0.7204 0.0079 0.1330 0.1316 
         104  1 0.0051 0.3634 0.0059 0.2931 0.3324 
         105  1 0.0228 0.1601 0.0070 0.4438 0.3663 
         106  1 0.0117 0.0671 0.0205 0.4476 0.4530 
         107  1 0.0075 0.6361 0.0160 0.1908 0.1497 
         108  1 0.0173 0.3868 0.0177 0.3756 0.2026 
         109  1 0.0362 0.4329 0.0209 0.2322 0.2778 
         110  1 0.0188 0.1318 0.0058 0.4338 0.4098 
         111  1 0.0072 0.0587 0.0058 0.4897 0.4386 
         112  1 0.0049 0.3440 0.0158 0.2834 0.3519 
         113  1 0.0087 0.0786 0.0376 0.3910 0.4841 
         114  1 0.0083 0.0242 0.0119 0.4619 0.4937 
         115  1 0.0475 0.5757 0.0058 0.1973 0.1736 
         116  1 0.0045 0.3560 0.0112 0.2764 0.3518 
         117  1 0.0069 0.0400 0.0052 0.5247 0.4232 
         118  1 0.0077 0.4940 0.0090 0.2644 0.2249 
         119  1 0.0053 0.1133 0.0111 0.4204 0.4500 
         120  1 0.0049 0.0604 0.0304 0.4983 0.4060 
         121  1 0.0130 0.2235 0.0218 0.3731 0.3687 
         122  1 0.0161 0.2224 0.0135 0.4100 0.3380 
         123  1 0.0128 0.3572 0.0116 0.3099 0.3085 
         124  1 0.0089 0.3815 0.0333 0.3007 0.2757 
         125  1 0.0098 0.0503 0.0055 0.3907 0.5437 
         126  1 0.0176 0.2057 0.0672 0.3653 0.3443 
         127  1 0.0112 0.2270 0.0116 0.4087 0.3415 
         128  1 0.0061 0.0528 0.5363 0.2123 0.1925 
         129  1 0.0147 0.2669 0.0623 0.3466 0.3095 
         130  1 0.0133 0.2300 0.0062 0.4096 0.3408 
         131  1 0.0065 0.3558 0.0525 0.3148 0.2704 
         132  1 0.0037 0.0188 0.0062 0.4445 0.5268 
         133  1 0.0054 0.0688 0.0756 0.4083 0.4418 
         134  1 0.0065 0.0439 0.0313 0.4407 0.4776 
         135  1 0.0586 0.0774 0.1127 0.4096 0.3417 
         136  1 0.0102 0.1454 0.0687 0.4384 0.3373 
         137  1 0.0097 0.7498 0.0066 0.0979 0.1360 
         138  1 0.0080 0.0517 0.0172 0.5370 0.3861 
         139  1 0.0057 0.5668 0.0203 0.1885 0.2187 
         140  1 0.0708 0.3197 0.0352 0.3031 0.2712 
         141  1 0.0070 0.1744 0.0062 0.3309 0.4814 
         142  1 0.0088 0.0620 0.0060 0.5090 0.4143 
         143  1 0.0061 0.4957 0.0258 0.2281 0.2442 
         144  1 0.0058 0.3974 0.0184 0.2911 0.2874 
         145  1 0.0513 0.6054 0.0104 0.1713 0.1615 
         146  1 0.0200 0.1953 0.0212 0.3716 0.3919 
         147  1 0.0204 0.6736 0.0070 0.1574 0.1416 
         148  1 0.0088 0.0653 0.0705 0.4062 0.4491 
         149  1 0.0351 0.5184 0.0065 0.2531 0.1869 
         150  1 0.0902 0.0504 0.0397 0.3709 0.4489 
         151  1 0.0098 0.1351 0.0081 0.3874 0.4595 
         152  1 0.1676 0.7133 0.0294 0.0416 0.0481 
         153  1 0.0429 0.2549 0.0248 0.2993 0.3781 
         154  1 0.0533 0.7957 0.0213 0.0616 0.0680 
         155  1 0.0083 0.2711 0.0092 0.3306 0.3808 
         156  1 0.0321 0.5210 0.2401 0.0976 0.1092 
         157  1 0.0077 0.1068 0.0182 0.4474 0.4200 
         158  1 0.0055 0.1834 0.0141 0.3629 0.4341 
         159  1 0.3155 0.1937 0.0463 0.2144 0.2301 
         160  1 0.0098 0.4857 0.0101 0.2654 0.2290 
         161  1 0.0333 0.4120 0.0272 0.2920 0.2355 
         162  1 0.0140 0.1426 0.0084 0.3958 0.4391 
         163  1 0.0056 0.1413 0.0048 0.4484 0.4000 
         164  1 0.0081 0.1670 0.0045 0.4497 0.3707 
         165  1 0.0922 0.0293 0.0040 0.3760 0.4985 
         166  1 0.0046 0.1402 0.1226 0.4311 0.3015 
         167  1 0.0064 0.8240 0.0057 0.0806 0.0833 
         168  1 0.0138 0.0749 0.0210 0.5131 0.3772 
         169  1 0.0049 0.0687 0.0064 0.4340 0.4861 
         170  1 0.0137 0.3283 0.0083 0.3580 0.2917 
         171  1 0.0239 0.4231 0.0077 0.2586 0.2868 
         172  1 0.0102 0.5723 0.0040 0.1869 0.2267 
         173  1 0.0228 0.1255 0.0118 0.4666 0.3733 
         174  1 0.1084 0.4824 0.0065 0.1890 0.2138 
         175  1 0.0126 0.7460 0.0057 0.1157 0.1200 
         176  1 0.0122 0.6041 0.0112 0.1858 0.1866 
         177  1 0.0060 0.1267 0.0053 0.4356 0.4264 
         178  1 0.0169 0.1419 0.0060 0.4475 0.3878 
         179  1 0.0170 0.7875 0.0308 0.0836 0.0811 
         180  1 0.0056 0.2911 0.0090 0.4155 0.2788 
         181  1 0.0150 0.1934 0.0668 0.4314 0.2934 
         182  1 0.0102 0.0732 0.0298 0.4793 0.4075 
         183  1 0.0200 0.6387 0.0637 0.1483 0.1293 
         184  1 0.0085 0.2402 0.0151 0.3601 0.3762 
         185  1 0.0091 0.4054 0.0251 0.2902 0.2702 
         186  1 0.0035 0.0632 0.0064 0.5030 0.4239 
         187  1 0.0308 0.1942 0.0076 0.4024 0.3650 
         188  1 0.0210 0.2239 0.0095 0.3678 0.3778 
         189  1 0.0122 0.3090 0.0095 0.3755 0.2938 
         190  1 0.0270 0.2492 0.0052 0.3785 0.3401 
         191  1 0.0668 0.3501 0.0725 0.2743 0.2363 
         192  1 0.0494 0.7608 0.0036 0.0961 0.0902 
         193  1 0.0096 0.1331 0.0085 0.4088 0.4400 
         194  1 0.0214 0.1254 0.0071 0.4259 0.4203 
         195  1 0.0260 0.0961 0.0067 0.4253 0.4459 
         196  1 0.0069 0.1427 0.4128 0.1987 0.2389 
         197  1 0.0053 0.1962 0.0316 0.3848 0.3820 
         198  1 0.0110 0.2584 0.0196 0.3257 0.3853 
         199  1 0.0090 0.2022 0.0087 0.4418 0.3384 
         200  1 0.0054 0.0758 0.0274 0.4025 0.4889 
         201  1 0.0680 0.4596 0.0053 0.2346 0.2325 
         202  1 0.0055 0.0702 0.0320 0.3988 0.4935 
         203  1 0.0080 0.1358 0.0428 0.4442 0.3692 
         204  1 0.0129 0.0237 0.0127 0.3980 0.5528 
         205  1 0.0263 0.1343 0.0141 0.4033 0.4220 
         206  1 0.0224 0.3530 0.0090 0.3067 0.3088 
         207  1 0.0057 0.2977 0.0242 0.3646 0.3079 
         208  1 0.0053 0.0311 0.0389 0.4293 0.4954 
         209  1 0.0362 0.0832 0.0106 0.3921 0.4779 
         210  1 0.0101 0.1140 0.0183 0.4162 0.4415 
         211  1 0.0056 0.0427 0.0089 0.3879 0.5548 
         212  1 0.0274 0.2192 0.0246 0.4019 0.3269 
         213  1 0.0128 0.1469 0.0177 0.3597 0.4630 
         214  1 0.0311 0.0578 0.0102 0.4134 0.4876 
         215  1 0.0091 0.4325 0.0148 0.2894 0.2542 
         216  1 0.0121 0.5142 0.0094 0.2096 0.2547 
         217  1 0.0340 0.1155 0.0072 0.4446 0.3987 
         218  1 0.0148 0.1834 0.0414 0.3750 0.3854 
         219  1 0.0040 0.0725 0.0066 0.5241 0.3928 
         220  1 0.0122 0.0291 0.3828 0.2852 0.2907 
         221  1 0.0207 0.2809 0.0265 0.3407 0.3312 
         222  1 0.1063 0.4358 0.0112 0.1970 0.2497 
         223  1 0.0217 0.7071 0.0060 0.1459 0.1193 
         224  1 0.0152 0.2731 0.0051 0.3628 0.3437 
         225  1 0.2044 0.6068 0.0082 0.0891 0.0916 
         226  1 0.0283 0.0997 0.0106 0.4167 0.4447 
         227  1 0.0056 0.1161 0.0097 0.3922 0.4763 
         228  1 0.0069 0.3396 0.0073 0.3204 0.3258 
         229  1 0.0180 0.1359 0.0237 0.4330 0.3894 
         230  1 0.0249 0.1241 0.0065 0.4220 0.4226 
         231  1 0.0087 0.1571 0.0066 0.4490 0.3786 
         232  1 0.0039 0.4494 0.0072 0.3125 0.2270 
         233  1 0.0117 0.2146 0.0176 0.4357 0.3203 
         234  1 0.0290 0.2223 0.0073 0.3818 0.3597 
         235  1 0.0094 0.0942 0.0094 0.4295 0.4574 
         236  1 0.0144 0.3165 0.0225 0.3568 0.2898 
         237  1 0.0244 0.2234 0.0358 0.3928 0.3236 
         238  1 0.0345 0.1696 0.0212 0.3861 0.3886 
         239  1 0.0109 0.0722 0.0185 0.4164 0.4820 
         240  1 0.0166 0.3955 0.1168 0.2351 0.2361 
         241  1 0.0069 0.2371 0.0103 0.3818 0.3640 
         242  1 0.0106 0.1109 0.0337 0.3874 0.4574 
         243  1 0.0116 0.0202 0.0105 0.5245 0.4332 
         244  1 0.0044 0.5565 0.0194 0.2308 0.1889 
         245  1 0.0141 0.0449 0.0136 0.4323 0.4952 
         246  1 0.0060 0.5236 0.0639 0.2010 0.2055 
         247  1 0.0302 0.2692 0.0050 0.3073 0.3883 
         248  1 0.0096 0.0455 0.0196 0.4111 0.5143 
         249  1 0.0089 0.2242 0.0062 0.4043 0.3565 
         250  1 0.0340 0.1356 0.0117 0.4264 0.3922 
         251  1 0.0061 0.5810 0.0259 0.2019 0.1852 
         252  1 0.0333 0.1821 0.0374 0.3603 0.3870 
         253  1 0.0095 0.0197 0.0607 0.4845 0.4256 
         254  1 0.0073 0.0459 0.0090 0.4396 0.4983 
         255  1 0.0060 0.0421 0.0576 0.4812 0.4132 
         256  1 0.0105 0.4206 0.0043 0.3069 0.2578 
         257  1 0.0181 0.1307 0.0258 0.4423 0.3831 
         258  1 0.0061 0.5893 0.0047 0.1794 0.2204 
         259  1 0.0061 0.1209 0.0090 0.4375 0.4266 
         260  1 0.0214 0.1887 0.0087 0.3948 0.3863 
         261  1 0.0067 0.0760 0.0105 0.5062 0.4006 
         262  1 0.0069 0.0917 0.0073 0.3922 0.5019 
         263  1 0.1451 0.0213 0.0096 0.4544 0.3697 
         264  1 0.0276 0.0158 0.0140 0.4151 0.5275 
         265  1 0.0245 0.1729 0.0124 0.3650 0.4252 
         266  1 0.0092 0.1900 0.0217 0.3906 0.3885 
         267  1 0.0121 0.2226 0.1188 0.3077 0.3388 
         268  1 0.0658 0.2614 0.3271 0.1597 0.1861 
         269  1 0.0109 0.8365 0.0198 0.0671 0.0657 
         270  1 0.0065 0.3392 0.0285 0.2955 0.3303 
         271  1 0.0332 0.0784 0.0488 0.4155 0.4240 
         272  1 0.0238 0.8883 0.0073 0.0436 0.0370 
         273  1 0.0278 0.1988 0.0049 0.3659 0.4026 
         274  1 0.0243 0.3495 0.0273 0.2891 0.3097 
         275  1 0.0089 0.1205 0.0282 0.3695 0.4728 
         276  1 0.1005 0.6395 0.0090 0.1281 0.1229 
         277  1 0.0137 0.3046 0.0061 0.3601 0.3155 
         278  1 0.1041 0.1162 0.0942 0.3673 0.3182 
         279  1 0.0268 0.4994 0.0231 0.2078 0.2429 
         280  1 0.0057 0.2119 0.0152 0.3920 0.3752 
         281  1 0.0043 0.0426 0.0363 0.3805 0.5363 
         282  1 0.0561 0.3444 0.0121 0.3209 0.2666 
         283  1 0.2767 0.0985 0.0147 0.2933 0.3168 
         284  1 0.0463 0.4057 0.0084 0.2968 0.2428 
         285  1 0.0184 0.0315 0.0488 0.4362 0.4651 
         286  1 0.0092 0.0481 0.0106 0.4982 0.4339 
         287  1 0.0113 0.0976 0.0613 0.4262 0.4036 
         288  1 0.0159 0.2475 0.0221 0.4068 0.3077 
         289  1 0.0101 0.0455 0.0047 0.4676 0.4721 
         290  1 0.0084 0.1435 0.0237 0.3727 0.4516 
         291  1 0.0193 0.1813 0.0227 0.4178 0.3589 
         292  1 0.0340 0.5976 0.0213 0.1690 0.1781 
         293  1 0.0082 0.7567 0.0115 0.1006 0.1229 
         294  1 0.0897 0.0535 0.1857 0.3428 0.3283 
         295  1 0.0083 0.6362 0.0290 0.1662 0.1603 
         296  1 0.0494 0.4437 0.0079 0.2538 0.2452 
         297  1 0.0677 0.2585 0.0100 0.3123 0.3515 
         298  1 0.0075 0.0290 0.0116 0.4825 0.4694 
         299  1 0.0310 0.0873 0.0264 0.4021 0.4532 
         300  1 0.0188 0.3337 0.0120 0.2919 0.3436 
         301  1 0.0053 0.0778 0.1125 0.4327 0.3717 
         302  1 0.0109 0.0277 0.0063 0.4987 0.4565 
         303  1 0.0714 0.0209 0.0076 0.4853 0.4148 
         304  1 0.0105 0.2773 0.0048 0.3771 0.3302 
         305  1 0.0072 0.3302 0.0310 0.3193 0.3123 
         306  1 0.0093 0.2680 0.0093 0.3551 0.3583 
         307  1 0.0303 0.2604 0.0185 0.3616 0.3293 
         308  1 0.0076 0.1426 0.0202 0.4015 0.4280 
         309  1 0.0434 0.6313 0.0080 0.1636 0.1537 
         310  1 0.1595 0.1995 0.0090 0.2958 0.3361 
         311  1 0.0214 0.5260 0.0075 0.2086 0.2366 
         312  1 0.0334 0.2889 0.1027 0.2956 0.2794 
         313  1 0.0065 0.2616 0.0053 0.3984 0.3282 
         314  1 0.0492 0.5108 0.0997 0.1641 0.1762 
         315  1 0.0077 0.8242 0.0112 0.0791 0.0778 
         316  1 0.0902 0.2711 0.0087 0.3502 0.2799 
         317  1 0.0303 0.1550 0.0259 0.4262 0.3625 
         318  1 0.0152 0.8178 0.0053 0.0732 0.0885 
         319  1 0.1998 0.2294 0.0075 0.2937 0.2695 
         320  1 0.0834 0.1735 0.2807 0.2405 0.2220 
         321  1 0.0058 0.1700 0.0112 0.3678 0.4452 
         322  1 0.0148 0.5267 0.0360 0.2293 0.1932 
         323  1 0.0129 0.0348 0.0278 0.4742 0.4504 
         324  1 0.0074 0.1691 0.0082 0.3888 0.4266 
         325  1 0.0214 0.7836 0.0279 0.0786 0.0885 
         326  1 0.0071 0.0503 0.0045 0.4472 0.4909 
         327  1 0.0055 0.3331 0.0105 0.3113 0.3396 
         328  1 0.0176 0.1340 0.0374 0.3905 0.4206 
         329  1 0.0178 0.1015 0.0261 0.4301 0.4245 
         330  1 0.0041 0.2958 0.0253 0.3918 0.2828 
         331  1 0.0048 0.8863 0.0132 0.0469 0.0488 
         332  1 0.0108 0.1142 0.0042 0.4192 0.4516 
         333  1 0.0112 0.0396 0.0085 0.4987 0.4420 
         334  1 0.0060 0.2773 0.0291 0.3164 0.3712 
         335  1 0.0079 0.1856 0.0557 0.4035 0.3473 
         336  1 0.0066 0.9434 0.0172 0.0166 0.0162 
         337  1 0.0329 0.7643 0.0150 0.0886 0.0992 
         338  1 0.0075 0.8094 0.1311 0.0241 0.0279 
         339  1 0.0076 0.9721 0.0051 0.0076 0.0076 
         340  1 0.0322 0.9271 0.0067 0.0179 0.0161 
         341  1 0.0072 0.1796 0.0096 0.4170 0.3867 
         342  1 0.0059 0.9708 0.0061 0.0091 0.0080 
         343  1 0.0073 0.9314 0.0272 0.0160 0.0181 
         344  1 0.0111 0.9462 0.0132 0.0148 0.0147 
         345  1 0.0095 0.9668 0.0060 0.0093 0.0084 
         346  1 0.0147 0.9515 0.0081 0.0129 0.0128 
         347  1 0.0101 0.9437 0.0092 0.0166 0.0204 
         348  1 0.0253 0.7950 0.0741 0.0546 0.0510 
         349  1 0.0061 0.9699 0.0101 0.0066 0.0073 
         350  1 0.0069 0.8350 0.1060 0.0259 0.0263 
         351  1 0.0532 0.9140 0.0065 0.0144 0.0119 
         352  1 0.0061 0.2381 0.0112 0.3375 0.4072 
         353  1 0.0200 0.9431 0.0088 0.0152 0.0130 
         354  1 0.0163 0.9489 0.0080 0.0134 0.0133 
         355  1 0.0191 0.9383 0.0107 0.0158 0.0161 
         356  1 0.0089 0.1115 0.0214 0.4103 0.4480 
         357  1 0.1526 0.5502 0.0147 0.1465 0.1360 
         358  1 0.0113 0.2245 0.0356 0.3927 0.3359 
         359  1 0.0228 0.0986 0.0088 0.3834 0.4864 
         360  1 0.0512 0.6431 0.0355 0.1286 0.1415 
         361  1 0.1089 0.4813 0.0171 0.1904 0.2023 
         362  1 0.0053 0.0519 0.0311 0.5025 0.4093 
         363  1 0.0061 0.8245 0.0056 0.0756 0.0881 
         364  1 0.0069 0.1269 0.0054 0.4050 0.4558 
         365  1 0.0077 0.8656 0.0093 0.0609 0.0566 
         366  1 0.0048 0.7954 0.0076 0.1019 0.0902 
         367  1 0.0151 0.1387 0.0305 0.3929 0.4228 
         368  1 0.0128 0.1189 0.0133 0.4423 0.4127 
         369  1 0.0046 0.7243 0.0114 0.1252 0.1345 
         370  1 0.0408 0.7144 0.0058 0.1196 0.1194 
         371  1 0.0535 0.4894 0.0102 0.2241 0.2228 
         372  1 0.0457 0.7252 0.0080 0.1090 0.1120 
         373  1 0.0188 0.1117 0.0125 0.4630 0.3941 
         374  1 0.0549 0.3032 0.1448 0.2589 0.2382 
         375  1 0.0246 0.4532 0.0043 0.2232 0.2945 
         376  1 0.0143 0.5070 0.0118 0.2363 0.2306 
         377  1 0.0105 0.0909 0.0141 0.4453 0.4392 
         378  1 0.0094 0.6621 0.0228 0.1706 0.1350 
         379  1 0.0134 0.2642 0.0078 0.3261 0.3885 
         380  1 0.0170 0.0473 0.0071 0.4167 0.5120 
         381  1 0.0119 0.6507 0.0179 0.1540 0.1655 
         382  1 0.0266 0.0763 0.0078 0.4152 0.4741 
         383  1 0.0164 0.1876 0.0614 0.3537 0.3809 
         384  1 0.0130 0.2792 0.0114 0.3709 0.3255 
         385  1 0.0046 0.1696 0.0032 0.4091 0.4134 
         386  1 0.0097 0.3956 0.0347 0.2787 0.2813 
         387  1 0.0078 0.6359 0.0052 0.2016 0.1495 
         388  1 0.0130 0.2279 0.0181 0.4014 0.3397 
         389  1 0.0070 0.1756 0.0234 0.3660 0.4279 
         390  1 0.0040 0.7929 0.0269 0.0999 0.0763 
         391  1 0.0070 0.3072 0.0088 0.3461 0.3308 
         392  1 0.0155 0.0537 0.0044 0.4952 0.4313 
         393  1 0.0073 0.3703 0.0318 0.2818 0.3088 
         394  1 0.0068 0.0386 0.0066 0.4599 0.4881 
         395  1 0.0056 0.0372 0.0077 0.5040 0.4455 
         396  1 0.0063 0.1554 0.0097 0.3767 0.4519 
         397  1 0.0080 0.0783 0.0086 0.5032 0.4020 
         398  1 0.0258 0.1623 0.4787 0.1619 0.1712 
         399  1 0.0119 0.1985 0.0162 0.3474 0.4259 
         400  1 0.0321 0.1100 0.0211 0.4213 0.4156 
         401  1 0.0087 0.1548 0.0153 0.4520 0.3691 
         402  1 0.0174 0.0580 0.0063 0.4819 0.4365 
         403  1 0.0069 0.5055 0.0134 0.2198 0.2543 
         404  1 0.0221 0.2027 0.0062 0.4053 0.3638 
         405  1 0.0110 0.5773 0.0521 0.1967 0.1629 
         406  1 0.0492 0.2903 0.0081 0.2887 0.3637 
         407  1 0.0141 0.0858 0.0090 0.3921 0.4991 
         408  1 0.0087 0.1071 0.0121 0.4510 0.4212 
         409  1 0.0204 0.3746 0.0111 0.2636 0.3304 
         410  1 0.0103 0.0482 0.0137 0.3881 0.5396 
         411  1 0.0322 0.3376 0.0075 0.2792 0.3435 
         412  1 0.0151 0.1745 0.0093 0.3745 0.4266 
         413  1 0.0057 0.1140 0.0115 0.4420 0.4269 
         414  1 0.0195 0.3029 0.0073 0.3997 0.2706 
         415  1 0.0078 0.1848 0.0490 0.3981 0.3604 
         416  1 0.0104 0.0568 0.0084 0.5263 0.3982 
         417  1 0.0130 0.2212 0.0338 0.3484 0.3837 
         418  1 0.0060 0.4013 0.0260 0.2773 0.2893 
         419  1 0.0119 0.3028 0.0500 0.3099 0.3254 
         420  1 0.0078 0.0361 0.1958 0.3961 0.3642 
         421  1 0.0099 0.1497 0.0572 0.4179 0.3654 
         422  1 0.1164 0.5025 0.0735 0.1604 0.1473 
         423  1 0.0165 0.1995 0.0044 0.3884 0.3913 
         424  1 0.0185 0.1630 0.0118 0.3993 0.4074 
         425  1 0.0082 0.4240 0.0066 0.3043 0.2568 
         426  1 0.0372 0.6424 0.0080 0.1564 0.1559 
         427  1 0.0051 0.0736 0.0092 0.5180 0.3942 
         428  1 0.0061 0.2135 0.0108 0.4220 0.3477 
         429  1 0.0173 0.0468 0.0044 0.4327 0.4988 
         430  1 0.3761 0.2642 0.0151 0.1537 0.1910 
         431  1 0.0068 0.0347 0.0080 0.5112 0.4393 
         432  1 0.0093 0.5475 0.0070 0.2475 0.1887 
         433  1 0.0254 0.5930 0.0066 0.1788 0.1963 
         434  1 0.0083 0.0851 0.0138 0.3860 0.5068 
         435  1 0.0116 0.0410 0.0169 0.4327 0.4979 
         436  1 0.0095 0.0254 0.0652 0.4168 0.4831 
         437  1 0.2298 0.1637 0.0903 0.2508 0.2654 
         438  1 0.0460 0.1018 0.0053 0.3862 0.4608 
         439  1 0.0137 0.7989 0.0092 0.0999 0.0783 
         440  1 0.0048 0.6685 0.0296 0.1350 0.1620 
         441  1 0.0570 0.0316 0.0196 0.4190 0.4728 
         442  1 0.2336 0.0800 0.0341 0.3001 0.3521 
         443  1 0.0188 0.7153 0.0094 0.1265 0.1300 
         444  1 0.0159 0.4635 0.0203 0.2507 0.2496 
         445  1 0.0094 0.6079 0.0065 0.1789 0.1974 
         446  1 0.0140 0.6655 0.0158 0.1886 0.1161 
         447  1 0.0098 0.4996 0.0262 0.2236 0.2409 
         448  1 0.0517 0.7190 0.0958 0.0742 0.0593 
         449  1 0.0093 0.1544 0.0286 0.4519 0.3559 
         450  1 0.0743 0.7871 0.0231 0.0655 0.0500 
         451  1 0.0049 0.6202 0.0595 0.1716 0.1438 
         452  1 0.0165 0.0666 0.0087 0.3953 0.5130 
         453  1 0.0115 0.0721 0.0420 0.4341 0.4403 
         454  1 0.0562 0.1757 0.0168 0.3897 0.3616 
         455  1 0.0106 0.1078 0.0047 0.4445 0.4325 
         456  1 0.0154 0.1900 0.0090 0.3921 0.3935 
         457  1 0.0055 0.0266 0.0104 0.4266 0.5309 
         458  1 0.0150 0.7327 0.0118 0.1255 0.1150 
         459  1 0.0445 0.4352 0.0181 0.2702 0.2321 
         460  1 0.0642 0.0327 0.0188 0.4669 0.4175 
         461  1 0.0424 0.1497 0.0583 0.3869 0.3628 
         462  1 0.0081 0.0869 0.0093 0.4965 0.3991 
         463  1 0.0287 0.7051 0.0209 0.1318 0.1135 
         464  1 0.0122 0.0723 0.0427 0.4427 0.4301 
         465  1 0.0618 0.5975 0.0148 0.1693 0.1566 
         466  1 0.1278 0.6102 0.0482 0.1128 0.1009 
         467  1 0.0165 0.1498 0.0171 0.3948 0.4217 
         468  1 0.0081 0.5465 0.0090 0.1972 0.2392 
         469  1 0.0079 0.2685 0.0084 0.3477 0.3675 
         470  1 0.0530 0.1155 0.0105 0.4215 0.3995 
         471  1 0.0055 0.0245 0.0062 0.4884 0.4753 
         472  1 0.0357 0.0258 0.0185 0.4930 0.4270 
         473  1 0.0173 0.0847 0.0106 0.3762 0.5112 
         474  1 0.0070 0.0994 0.0049 0.4445 0.4442 
         475  1 0.0047 0.0421 0.0076 0.4706 0.4751 
         476  1 0.0055 0.0994 0.0131 0.4173 0.4647 
         477  1 0.0583 0.3597 0.0097 0.2638 0.3085 
         478  1 0.0822 0.4434 0.0113 0.2192 0.2439 
         479  1 0.0061 0.0636 0.1120 0.4278 0.3904 
         480  1 0.0090 0.1518 0.0236 0.4260 0.3896 
         481  1 0.0105 0.1103 0.0168 0.3986 0.4638 
         482  1 0.0054 0.7013 0.0089 0.1310 0.1534 
         483  1 0.0156 0.0964 0.0092 0.3983 0.4805 
         484  1 0.0065 0.2878 0.1055 0.3077 0.2925 
         485  1 0.4977 0.3152 0.0712 0.0531 0.0628 
         486  1 0.0087 0.4749 0.0458 0.2266 0.2440 
         487  1 0.0091 0.2681 0.0078 0.4038 0.3112 
         488  1 0.0232 0.2521 0.0591 0.3468 0.3188 
         489  1 0.0082 0.3133 0.0370 0.3732 0.2683 
         490  1 0.0117 0.8529 0.0153 0.0625 0.0577 
         491  1 0.0066 0.2203 0.0086 0.4284 0.3361 
         492  1 0.0159 0.1692 0.0089 0.3916 0.4144 
         493  1 0.0037 0.4568 0.0093 0.2566 0.2736 
         494  1 0.0091 0.1025 0.0068 0.3873 0.4942 
         495  1 0.0212 0.0926 0.0153 0.3957 0.4752 
         496  1 0.0987 0.1513 0.0147 0.3496 0.3856 
         497  1 0.0087 0.4816 0.0092 0.2635 0.2369 
         498  1 0.0116 0.1709 0.0140 0.3836 0.4199 
         499  1 0.0060 0.1113 0.0105 0.4510 0.4211 
         500  1 0.0099 0.0457 0.0065 0.5012 0.4368 
         501  1 0.0125 0.3285 0.0081 0.3188 0.3321 
         502  1 0.0489 0.0491 0.0985 0.3822 0.4212 
         503  1 0.0068 0.1025 0.0041 0.4508 0.4359 
         504  1 0.0078 0.4735 0.0188 0.2743 0.2257 
         505  1 0.0882 0.5565 0.0061 0.1723 0.1770 
         506  1 0.0252 0.1882 0.0486 0.3871 0.3508 
         507  1 0.0983 0.4251 0.0320 0.2198 0.2249 
         508  1 0.0098 0.0707 0.0074 0.4539 0.4582 
         509  1 0.0042 0.0400 0.0074 0.4363 0.5122 
         510  1 0.0067 0.1712 0.0540 0.4016 0.3664 
         511  1 0.0102 0.4456 0.0330 0.2643 0.2469 
         512  1 0.0106 0.5540 0.0085 0.2038 0.2231 
         513  1 0.0136 0.2592 0.0082 0.3826 0.3363 
         514  1 0.0210 0.3088 0.0096 0.3483 0.3123 
         515  1 0.0056 0.1080 0.0104 0.4997 0.3763 
         516  1 0.0301 0.1466 0.0063 0.4636 0.3535 
         517  1 0.0282 0.3073 0.0039 0.4022 0.2585 
         518  1 0.1713 0.2613 0.0134 0.2658 0.2882 
         519  1 0.0446 0.3261 0.1836 0.2301 0.2156 
         520  1 0.0147 0.1746 0.0148 0.3975 0.3984 
         521  1 0.0074 0.2999 0.0363 0.3492 0.3073 
         522  1 0.0098 0.1358 0.5801 0.1288 0.1454 
         523  1 0.0230 0.1783 0.0105 0.4175 0.3707 
         524  1 0.0049 0.2488 0.0054 0.3308 0.4101 
         525  1 0.0109 0.0811 0.0055 0.4953 0.4072 
         526  1 0.0149 0.7387 0.0110 0.1082 0.1273 
         527  1 0.0076 0.0313 0.0206 0.4908 0.4497 
         528  1 0.0091 0.0540 0.0040 0.5149 0.4180 
         529  1 0.0153 0.0297 0.2907 0.3754 0.2888 
         530  1 0.0450 0.6789 0.0228 0.1103 0.1429 
         531  1 0.0079 0.2874 0.0368 0.3759 0.2920 
         532  1 0.0158 0.2561 0.1345 0.3102 0.2835 
         533  1 0.0127 0.1890 0.0156 0.4422 0.3406 
         534  1 0.0544 0.4190 0.0101 0.2833 0.2332 
         535  1 0.0161 0.4051 0.0092 0.2777 0.2920 
         536  1 0.0130 0.0914 0.0254 0.4097 0.4604 
         537  1 0.0359 0.5032 0.0271 0.2179 0.2158 
         538  1 0.0043 0.1653 0.0057 0.3629 0.4618 
         539  1 0.0130 0.5758 0.0055 0.2186 0.1871 
         540  1 0.0092 0.1939 0.0150 0.3556 0.4262 
         541  1 0.0116 0.0749 0.0934 0.4940 0.3262 
         542  1 0.0091 0.7075 0.0431 0.1179 0.1224 
         543  1 0.0040 0.0816 0.0111 0.4173 0.4860 
         544  1 0.0385 0.7305 0.0512 0.0823 0.0975 
         545  1 0.0278 0.8165 0.0195 0.0664 0.0697 
         546  1 0.0186 0.1385 0.0112 0.3680 0.4637 
         547  1 0.0082 0.1220 0.0177 0.4410 0.4110 
         548  1 0.0058 0.5127 0.0178 0.2344 0.2293 
         549  1 0.0208 0.7652 0.0141 0.1127 0.0872 
         550  1 0.0055 0.2193 0.0049 0.4157 0.3545 
         551  1 0.0067 0.2043 0.0621 0.2976 0.4292 
         552  1 0.0038 0.0774 0.0075 0.4790 0.4323 
         553  1 0.0246 0.1063 0.0085 0.5126 0.3480 
         554  1 0.0444 0.1523 0.0145 0.4255 0.3633 
         555  1 0.0250 0.2872 0.0092 0.3529 0.3257 
         556  1 0.0191 0.5804 0.0147 0.2017 0.1841 
         557  1 0.0097 0.1225 0.0120 0.4715 0.3842 
         558  1 0.0074 0.1541 0.0099 0.4487 0.3800 
         559  1 0.0367 0.0946 0.0057 0.3838 0.4793 
         560  1 0.0159 0.6829 0.0065 0.1460 0.1488 
         561  1 0.0123 0.6516 0.0104 0.1431 0.1826 
         562  1 0.0107 0.0887 0.0071 0.4076 0.4859 
         563  1 0.0079 0.4280 0.0081 0.3013 0.2548 
         564  1 0.2501 0.0975 0.0072 0.3193 0.3259 
         565  1 0.0087 0.1469 0.0242 0.4035 0.4168 
         566  1 0.0224 0.0869 0.0294 0.4534 0.4078 
         567  1 0.0097 0.0690 0.0887 0.3941 0.4385 
         568  1 0.0344 0.0299 0.0173 0.4530 0.4654 
         569  1 0.0048 0.2382 0.0090 0.4247 0.3233 
         570  1 0.0062 0.0574 0.0149 0.4325 0.4890 
         571  1 0.0076 0.0664 0.0631 0.3983 0.4646 
         572  1 0.0096 0.1027 0.0105 0.4840 0.3931 
         573  1 0.1940 0.3676 0.0111 0.1856 0.2417 
         574  1 0.0292 0.1484 0.0207 0.3845 0.4172 
         575  1 0.0179 0.2990 0.0060 0.3424 0.3347 
         576  1 0.0453 0.1561 0.0070 0.4391 0.3526 
         577  1 0.0546 0.4006 0.0167 0.2960 0.2321 
         578  1 0.2476 0.0738 0.0261 0.3349 0.3176 
         579  1 0.0251 0.4267 0.0063 0.2465 0.2954 
         580  1 0.0080 0.0270 0.0408 0.4888 0.4355 
         581  1 0.0067 0.0625 0.0038 0.4828 0.4441 
         582  1 0.1086 0.3428 0.0423 0.2617 0.2446 
         583  1 0.1248 0.3989 0.0825 0.2160 0.1778 
         584  1 0.0187 0.3259 0.0111 0.3450 0.2993 
         585  1 0.0194 0.5663 0.1170 0.1717 0.1255 
         586  1 0.0116 0.3919 0.0164 0.2859 0.2943 
         587  1 0.0117 0.4579 0.0059 0.2944 0.2301 
         588  1 0.0283 0.1143 0.0223 0.4651 0.3700 
         589  1 0.0441 0.0269 0.0186 0.4269 0.4834 
         590  1 0.0168 0.5878 0.0153 0.1789 0.2012 
         591  1 0.0067 0.0318 0.0698 0.4224 0.4693 
         592  1 0.0169 0.1412 0.0079 0.3783 0.4556 
         593  1 0.0168 0.0461 0.0070 0.5222 0.4079 
         594  1 0.0261 0.4226 0.0071 0.3075 0.2367 
         595  1 0.0149 0.0740 0.7482 0.0751 0.0878 
         596  1 0.0142 0.1296 0.0273 0.3873 0.4416 
         597  1 0.0179 0.3171 0.0327 0.3234 0.3089 
         598  1 0.0062 0.7599 0.0050 0.1313 0.0977 
         599  1 0.0484 0.4042 0.0225 0.2598 0.2651 
         600  1 0.0407 0.5193 0.0612 0.1730 0.2059 
         601  1 0.1047 0.6528 0.0058 0.1124 0.1243 
         602  1 0.0600 0.4123 0.0157 0.2707 0.2413 
         603  1 0.0111 0.1976 0.0453 0.4011 0.3449 
         604  1 0.0115 0.0146 0.0236 0.5046 0.4457 
         605  1 0.0077 0.1738 0.0173 0.4250 0.3762 
         606  1 0.0185 0.2043 0.0377 0.3381 0.4014 
         607  1 0.0265 0.0849 0.0077 0.4174 0.4634 
         608  1 0.0087 0.3508 0.0114 0.3017 0.3274 
         609  1 0.0090 0.4762 0.0076 0.2519 0.2553 
         610  1 0.0393 0.2650 0.0199 0.3155 0.3603 
         611  1 0.0058 0.0239 0.0086 0.5629 0.3989 
         612  1 0.0333 0.4076 0.0067 0.2801 0.2724 
         613  1 0.0252 0.2235 0.0223 0.3626 0.3664 
         614  1 0.0064 0.2586 0.0082 0.4072 0.3196 
         615  1 0.0234 0.2325 0.0117 0.3979 0.3346 
         616  1 0.0128 0.3337 0.0085 0.3118 0.3333 
         617  1 0.0105 0.0881 0.0151 0.3931 0.4932 
         618  1 0.0134 0.3743 0.0160 0.3345 0.2618 
         619  1 0.0326 0.1456 0.1728 0.3485 0.3004 
         620  1 0.0073 0.7575 0.0159 0.1199 0.0995 
         621  1 0.0849 0.4571 0.0047 0.2632 0.1901 
         622  1 0.0134 0.8253 0.0075 0.0718 0.0820 
         623  1 0.0025 0.0368 0.0039 0.5777 0.3791 
         624  1 0.0187 0.6690 0.0133 0.1487 0.1504 
         625  1 0.0077 0.1548 0.0116 0.4453 0.3806 
         626  1 0.0049 0.0588 0.5436 0.1783 0.2144 
         627  1 0.0411 0.1186 0.0045 0.4345 0.4013 
         628  1 0.0075 0.1636 0.0121 0.4569 0.3599 
         629  1 0.0223 0.0488 0.1325 0.4004 0.3960 
         630  1 0.0061 0.3072 0.0087 0.3185 0.3596 
         631  1 0.0085 0.2400 0.0098 0.4156 0.3262 
         632  1 0.0110 0.7668 0.0157 0.1048 0.1018 
         633  1 0.1075 0.0717 0.0155 0.3632 0.4421 
         634  1 0.0189 0.5386 0.0068 0.2268 0.2089 
         635  1 0.0102 0.1722 0.0136 0.4305 0.3735 
         636  1 0.0177 0.5435 0.1959 0.1411 0.1018 
         637  1 0.0093 0.1899 0.0249 0.4062 0.3697 
         638  1 0.0391 0.5498 0.0210 0.2132 0.1770 
         639  1 0.0108 0.0228 0.0152 0.4969 0.4543 
         640  1 0.0112 0.5594 0.0184 0.2095 0.2015 
         641  1 0.0114 0.0854 0.0077 0.4229 0.4726 
         642  1 0.0092 0.3406 0.0099 0.3096 0.3308 
         643  1 0.0280 0.2590 0.0134 0.3438 0.3559 
         644  1 0.0723 0.3974 0.0160 0.2633 0.2509 
         645  1 0.0522 0.4740 0.0063 0.2201 0.2476 
         646  1 0.0188 0.6168 0.0197 0.1785 0.1662 
         647  1 0.0063 0.0224 0.0122 0.5006 0.4585 
         648  1 0.0962 0.7135 0.0136 0.0869 0.0898 
         649  1 0.0342 0.0637 0.0076 0.4703 0.4242 
         650  1 0.0062 0.2278 0.0199 0.3962 0.3499 
         651  1 0.0108 0.8532 0.0141 0.0649 0.0571 
         652  1 0.0330 0.4833 0.0058 0.2227 0.2551 
         653  1 0.0098 0.3291 0.0149 0.3305 0.3157 
         654  1 0.0066 0.3129 0.0116 0.3557 0.3133 
         655  1 0.0425 0.4801 0.0129 0.2690 0.1956 
         656  1 0.0157 0.6295 0.0084 0.1703 0.1762 
         657  1 0.0168 0.7405 0.0070 0.1149 0.1208 
         658  1 0.0347 0.1777 0.0364 0.4122 0.3389 
         659  1 0.0129 0.1600 0.0158 0.3693 0.4420 
         660  1 0.0156 0.7975 0.0117 0.0865 0.0886 
         661  1 0.0106 0.0556 0.0419 0.5014 0.3905 
         662  1 0.0643 0.0741 0.4829 0.2012 0.1776 
         663  1 0.0063 0.8487 0.0108 0.0687 0.0655 
         664  1 0.0148 0.1414 0.0060 0.4161 0.4217 
         665  1 0.0835 0.4570 0.0259 0.2042 0.2294 
         666  1 0.0044 0.6452 0.0247 0.1768 0.1489 
         667  1 0.0105 0.0975 0.0103 0.4872 0.3945 
         668  1 0.1178 0.3283 0.0395 0.2720 0.2424 
         669  1 0.0088 0.5030 0.0042 0.2465 0.2375 
         670  1 0.0086 0.1786 0.0308 0.3550 0.4270 
         671  1 0.0571 0.6907 0.0042 0.1163 0.1316 
         672  1 0.0112 0.6498 0.0057 0.1718 0.1616 
         673  1 0.0041 0.2907 0.0060 0.3370 0.3622 
         674  1 0.0268 0.6494 0.0791 0.1330 0.1117 
         675  1 0.0170 0.7734 0.0095 0.0824 0.1177 
         676  1 0.0332 0.5599 0.0113 0.1886 0.2071 
         677  1 0.0057 0.3757 0.0067 0.3788 0.2331 
         678  1 0.0058 0.1887 0.0062 0.4763 0.3230 
         679  1 0.0059 0.8721 0.0076 0.0597 0.0548 
         680  1 0.0306 0.3158 0.0308 0.2751 0.3477 
         681  1 0.0104 0.5120 0.0149 0.2297 0.2331 
         682  1 0.0137 0.0497 0.1000 0.4419 0.3946 
         683  1 0.0680 0.1735 0.0199 0.3974 0.3412 
         684  1 0.0076 0.0618 0.0889 0.4348 0.4069 
         685  1 0.0782 0.6480 0.0135 0.1340 0.1263 
         686  1 0.1506 0.1139 0.0048 0.3547 0.3760 
         687  1 0.0091 0.5790 0.0062 0.2061 0.1996 
         688  1 0.0073 0.1922 0.0095 0.3923 0.3987 
         689  1 0.0345 0.0277 0.0156 0.4686 0.4536 
         690  1 0.0122 0.1137 0.0132 0.4767 0.3842 
         691  1 0.1241 0.5999 0.0749 0.1031 0.0978 
         692  1 0.0386 0.1870 0.0451 0.3378 0.3915 
         693  1 0.0060 0.0991 0.0064 0.4672 0.4213 
         694  1 0.0107 0.3764 0.0079 0.3601 0.2448 
         695  1 0.0068 0.3539 0.0114 0.3069 0.3210 
         696  1 0.0272 0.1945 0.0095 0.4328 0.3361 
         697  1 0.0190 0.4536 0.0497 0.2282 0.2495 
         698  1 0.0257 0.0884 0.0070 0.4818 0.3970 
         699  1 0.0148 0.1013 0.0117 0.4871 0.3850 
         700  1 0.0217 0.3632 0.0131 0.3537 0.2482 
         701  1 0.0107 0.3535 0.0200 0.3130 0.3027 
         702  1 0.0450 0.1110 0.0092 0.4433 0.3914 
         703  1 0.0096 0.0222 0.0109 0.5475 0.4098 
         704  1 0.0207 0.0722 0.0346 0.4693 0.4032 
         705  1 0.0106 0.3086 0.0539 0.3402 0.2866 
         706  1 0.0060 0.4054 0.0087 0.3411 0.2388 
         707  1 0.0173 0.5529 0.0547 0.1893 0.1857 
         708  1 0.0104 0.8386 0.0096 0.0726 0.0687 
         709  1 0.0303 0.0833 0.0088 0.4819 0.3958 
         710  1 0.0561 0.5076 0.0131 0.2129 0.2103 
         711  1 0.0102 0.4536 0.0126 0.2881 0.2355 
         712  1 0.0103 0.0557 0.0134 0.4790 0.4416 
         713  1 0.0079 0.2919 0.0330 0.3812 0.2861 
         714  1 0.0569 0.1463 0.0327 0.3761 0.3879 
         715  1 0.2591 0.1182 0.0349 0.2796 0.3083 
         716  1 0.0142 0.1789 0.0106 0.4017 0.3946 
         717  1 0.1361 0.3902 0.0118 0.2262 0.2357 
         718  1 0.0146 0.7588 0.0200 0.1077 0.0988 
         719  1 0.0124 0.0786 0.0072 0.4160 0.4858 
         720  1 0.1591 0.4894 0.0254 0.1561 0.1700 
         721  1 0.0190 0.0908 0.0127 0.4543 0.4232 
         722  1 0.0160 0.1105 0.0151 0.4510 0.4074 
         723  1 0.0144 0.1619 0.0096 0.4289 0.3852 
         724  1 0.0214 0.2072 0.0153 0.3239 0.4321 
         725  1 0.0057 0.0725 0.0257 0.4729 0.4232 
         726  1 0.0825 0.1434 0.0149 0.4145 0.3448 
         727  1 0.0075 0.4531 0.0136 0.2779 0.2479 
         728  1 0.0140 0.5909 0.0078 0.1823 0.2050 
         729  1 0.0145 0.0857 0.0125 0.4119 0.4754 
         730  1 0.0085 0.2655 0.0086 0.3525 0.3649 
         731  1 0.0103 0.0894 0.0165 0.5132 0.3706 
         732  1 0.0221 0.0836 0.0151 0.3882 0.4910 
         733  1 0.0063 0.6967 0.0697 0.1146 0.1126 
         734  1 0.0122 0.3958 0.0117 0.2735 0.3068 
         735  1 0.0099 0.7383 0.0047 0.1185 0.1287 
         736  1 0.0069 0.4590 0.0068 0.2439 0.2834 
         737  1 0.0311 0.1049 0.0651 0.4290 0.3699 
         738  1 0.0128 0.1991 0.0187 0.3903 0.3790 
         739  1 0.0235 0.1326 0.0195 0.3830 0.4415 
         740  1 0.0418 0.0562 0.0104 0.5162 0.3754 
         741  1 0.0080 0.1960 0.0192 0.3865 0.3903 
         742  1 0.0116 0.0089 0.9611 0.0095 0.0088 
         743  1 0.0058 0.0075 0.9712 0.0076 0.0079 
         744  1 0.0072 0.0105 0.9676 0.0074 0.0072 
         745  1 0.0041 0.0042 0.9834 0.0042 0.0041 
         746  1 0.0101 0.0041 0.9750 0.0055 0.0053 
         747  1 0.0073 0.0480 0.8654 0.0412 0.0381 
         748  1 0.0184 0.0169 0.9132 0.0256 0.0259 
         749  1 0.0050 0.0050 0.9802 0.0048 0.0050 
         750  1 0.0046 0.0066 0.9738 0.0076 0.0073 
         751  1 0.0075 0.0062 0.9779 0.0042 0.0042 
         752  1 0.0101 0.0084 0.9696 0.0059 0.0060 
         753  1 0.0493 0.0100 0.9046 0.0168 0.0193 
         754  1 0.0387 0.0135 0.9233 0.0127 0.0118 
         755  1 0.0787 0.6461 0.0333 0.1343 0.1076 
         756  1 0.0458 0.0484 0.0073 0.4143 0.4843 
         757  1 0.0206 0.0769 0.1833 0.3258 0.3934 
         758  1 0.0224 0.0189 0.1097 0.4031 0.4459 
         759  1 0.0958 0.4270 0.0079 0.2386 0.2307 
         760  1 0.3197 0.2051 0.0125 0.2434 0.2193 
         761  1 0.0496 0.0279 0.0091 0.3795 0.5338 
         762  1 0.7773 0.0667 0.0406 0.0590 0.0564 
         763  1 0.0155 0.2136 0.0318 0.3256 0.4136 
         764  1 0.0131 0.1769 0.0135 0.3737 0.4227 
         765  1 0.9708 0.0073 0.0079 0.0071 0.0069 
         766  1 0.0088 0.1114 0.0089 0.3972 0.4738 
         767  1 0.0174 0.2391 0.0118 0.3237 0.4080 
         768  1 0.0201 0.2769 0.1343 0.3168 0.2518 
         769  1 0.0424 0.0657 0.0116 0.3939 0.4864 
