           1  1 0.0488 0.0557 0.0226 0.0509 0.0064 0.8156 
           2  1 0.4042 0.1616 0.0078 0.4073 0.0054 0.0137 
           3  1 0.2312 0.2766 0.0623 0.2362 0.0092 0.1844 
           4  1 0.3207 0.1903 0.0098 0.3367 0.0058 0.1368 
           5  1 0.3128 0.0726 0.0057 0.4991 0.0470 0.0628 
           6  1 0.2122 0.1146 0.0077 0.2589 0.0215 0.3852 
           7  1 0.3630 0.1734 0.0062 0.4397 0.0074 0.0105 
           8  1 0.3856 0.1026 0.0819 0.4087 0.0045 0.0166 
           9  1 0.1603 0.2168 0.0102 0.1765 0.0079 0.4282 
          10  1 0.2125 0.2972 0.0561 0.1896 0.0683 0.1763 
          11  1 0.2442 0.1369 0.0064 0.2252 0.0095 0.3779 
          12  1 0.3474 0.2282 0.0083 0.3782 0.0040 0.0340 
          13  1 0.2870 0.4332 0.0133 0.2453 0.0069 0.0144 
          14  1 0.3004 0.3393 0.0063 0.2566 0.0088 0.0887 
          15  1 0.0541 0.1294 0.0377 0.0594 0.0096 0.7099 
          16  1 0.3284 0.1429 0.0059 0.2864 0.0075 0.2289 
          17  1 0.3229 0.1040 0.0154 0.2916 0.0201 0.2462 
          18  1 0.3367 0.1833 0.0160 0.2845 0.0101 0.1694 
          19  1 0.1246 0.0962 0.0595 0.1206 0.0098 0.5893 
          20  1 0.3268 0.0446 0.0273 0.3471 0.2384 0.0159 
          21  1 0.2707 0.2442 0.0175 0.2528 0.0400 0.1748 
          22  1 0.0759 0.2279 0.0047 0.0968 0.0055 0.5893 
          23  1 0.3208 0.1008 0.0186 0.5184 0.0130 0.0285 
          24  1 0.3497 0.0632 0.0229 0.3045 0.0624 0.1972 
          25  1 0.2839 0.2058 0.0380 0.3047 0.0289 0.1387 
          26  1 0.2497 0.4065 0.0099 0.2457 0.0047 0.0834 
          27  1 0.3420 0.1462 0.0084 0.3060 0.0082 0.1892 
          28  1 0.1783 0.0791 0.0407 0.1556 0.1643 0.3820 
          29  1 0.2651 0.4018 0.0117 0.2588 0.0395 0.0230 
          30  1 0.1220 0.6941 0.0041 0.1250 0.0036 0.0511 
          31  1 0.2613 0.2443 0.0060 0.2591 0.0078 0.2215 
          32  1 0.3438 0.0768 0.0057 0.5289 0.0053 0.0396 
          33  1 0.2773 0.0243 0.0067 0.4904 0.0050 0.1964 
          34  1 0.2526 0.1753 0.0343 0.2788 0.0175 0.2415 
          35  1 0.4027 0.1733 0.0089 0.3715 0.0092 0.0344 
          36  1 0.4488 0.0426 0.0055 0.4276 0.0057 0.0698 
          37  1 0.2413 0.3401 0.0111 0.2309 0.0888 0.0878 
          38  1 0.2904 0.0673 0.0145 0.3948 0.0076 0.2253 
          39  1 0.0168 0.0184 0.0118 0.0141 0.0067 0.9322 
          40  1 0.2755 0.1869 0.0049 0.3154 0.0152 0.2022 
          41  1 0.3087 0.1160 0.0236 0.2964 0.0144 0.2410 
          42  1 0.4164 0.0937 0.0139 0.3978 0.0136 0.0646 
          43  1 0.3224 0.1137 0.0582 0.3418 0.0102 0.1537 
          44  1 0.3426 0.1524 0.0066 0.3370 0.0434 0.1180 
          45  1 0.2669 0.4421 0.0203 0.2386 0.0043 0.0278 
          46  1 0.3698 0.2917 0.0099 0.2833 0.0105 0.0349 
          47  1 0.1867 0.1415 0.0088 0.2101 0.0349 0.4179 
          48  1 0.4284 0.1287 0.0099 0.3622 0.0343 0.0365 
          49  1 0.1598 0.4518 0.0727 0.1562 0.0177 0.1419 
          50  1 0.3115 0.1997 0.0168 0.3830 0.0073 0.0816 
          51  1 0.3703 0.2064 0.0160 0.3806 0.0045 0.0222 
          52  1 0.3878 0.1255 0.0037 0.4455 0.0053 0.0321 
          53  1 0.3734 0.1803 0.0380 0.3928 0.0065 0.0090 
          54  1 0.2444 0.1461 0.0083 0.2508 0.0920 0.2584 
          55  1 0.2600 0.2132 0.1990 0.2756 0.0128 0.0395 
          56  1 0.2158 0.1567 0.0072 0.1971 0.0170 0.4063 
          57  1 0.3107 0.2691 0.0147 0.3156 0.0072 0.0826 
          58  1 0.2314 0.3889 0.0086 0.2296 0.0288 0.1126 
          59  1 0.3920 0.0562 0.0053 0.4510 0.0055 0.0899 
          60  1 0.2256 0.4359 0.0179 0.2428 0.0152 0.0625 
          61  1 0.2017 0.1583 0.0117 0.1828 0.1992 0.2462 
          62  1 0.3709 0.1611 0.0158 0.4259 0.0069 0.0195 
          63  1 0.3251 0.1696 0.0376 0.3525 0.0148 0.1004 
          64  1 0.2650 0.1916 0.0113 0.2337 0.0063 0.2922 
          65  1 0.2922 0.0920 0.0082 0.2839 0.0083 0.3154 
          66  1 0.3737 0.1605 0.0121 0.4246 0.0100 0.0191 
          67  1 0.3707 0.0735 0.0179 0.4244 0.0555 0.0579 
          68  1 0.1187 0.0647 0.0221 0.1310 0.0193 0.6442 
          69  1 0.1737 0.0377 0.0090 0.1877 0.1292 0.4626 
          70  1 0.1663 0.6180 0.0074 0.1501 0.0185 0.0397 
          71  1 0.3279 0.0694 0.0074 0.4802 0.0253 0.0897 
          72  1 0.4095 0.1324 0.0148 0.3888 0.0148 0.0397 
          73  1 0.0812 0.0300 0.0342 0.0994 0.0081 0.7471 
          74  1 0.2868 0.1042 0.0099 0.2890 0.0085 0.3015 
          75  1 0.5071 0.0558 0.0247 0.3839 0.0066 0.0219 
          76  1 0.3861 0.0862 0.0079 0.4653 0.0082 0.0463 
          77  1 0.0056 0.0063 0.9673 0.0058 0.0077 0.0072 
          78  1 0.0164 0.0205 0.9175 0.0166 0.0121 0.0169 
          79  1 0.0074 0.0067 0.9601 0.0074 0.0114 0.0070 
          80  1 0.0047 0.0046 0.9777 0.0048 0.0032 0.0050 
          81  1 0.0071 0.0065 0.9685 0.0073 0.0041 0.0065 
          82  1 0.0093 0.0078 0.9601 0.0089 0.0068 0.0071 
          83  1 0.0168 0.0236 0.8931 0.0168 0.0273 0.0223 
          84  1 0.0084 0.0072 0.9554 0.0084 0.0057 0.0148 
          85  1 0.0115 0.0126 0.9451 0.0106 0.0089 0.0113 
          86  1 0.0349 0.0208 0.8613 0.0308 0.0089 0.0433 
          87  1 0.0056 0.0058 0.9735 0.0057 0.0039 0.0056 
          88  1 0.0056 0.0049 0.9691 0.0059 0.0077 0.0068 
          89  1 0.0069 0.0064 0.9657 0.0066 0.0069 0.0075 
          90  1 0.1396 0.0769 0.5472 0.1348 0.0192 0.0822 
          91  1 0.0067 0.0067 0.9654 0.0059 0.0069 0.0084 
          92  1 0.0064 0.0065 0.9641 0.0069 0.0092 0.0069 
          93  1 0.0065 0.0064 0.9704 0.0062 0.0053 0.0052 
          94  1 0.0047 0.0044 0.9758 0.0048 0.0056 0.0047 
          95  1 0.0123 0.0104 0.9376 0.0129 0.0110 0.0158 
          96  1 0.0059 0.0056 0.9703 0.0059 0.0052 0.0070 
          97  1 0.0434 0.0520 0.7060 0.0462 0.1157 0.0368 
          98  1 0.1710 0.1463 0.3267 0.1706 0.0245 0.1609 
          99  1 0.0065 0.0057 0.9697 0.0063 0.0038 0.0080 
         100  1 0.0452 0.0317 0.8452 0.0465 0.0095 0.0219 
         101  1 0.0084 0.0090 0.9589 0.0089 0.0045 0.0103 
         102  1 0.0460 0.0428 0.7331 0.0455 0.0988 0.0339 
         103  1 0.1414 0.1319 0.0079 0.1422 0.0070 0.5696 
         104  1 0.3319 0.2199 0.0059 0.3165 0.0049 0.1210 
         105  1 0.2090 0.3926 0.0064 0.2470 0.0234 0.1216 
         106  1 0.2439 0.4182 0.0192 0.2752 0.0119 0.0316 
         107  1 0.2159 0.2497 0.0175 0.2091 0.0080 0.2999 
         108  1 0.1449 0.3966 0.0165 0.1678 0.0178 0.2565 
         109  1 0.2990 0.1195 0.0200 0.2814 0.0395 0.2406 
         110  1 0.3428 0.1149 0.0052 0.4553 0.0175 0.0643 
         111  1 0.3113 0.3355 0.0057 0.3044 0.0073 0.0358 
         112  1 0.3694 0.1065 0.0137 0.2885 0.0048 0.2171 
         113  1 0.4686 0.1132 0.0360 0.3249 0.0089 0.0484 
         114  1 0.4044 0.1998 0.0123 0.3598 0.0084 0.0154 
         115  1 0.1656 0.1947 0.0064 0.1782 0.0483 0.4069 
         116  1 0.3807 0.1514 0.0100 0.3572 0.0045 0.0961 
         117  1 0.1347 0.7200 0.0049 0.1134 0.0070 0.0201 
         118  1 0.2019 0.2655 0.0089 0.2357 0.0075 0.2805 
         119  1 0.3430 0.2770 0.0114 0.3079 0.0047 0.0560 
         120  1 0.1472 0.6427 0.0280 0.1415 0.0046 0.0360 
         121  1 0.1574 0.4971 0.0197 0.1551 0.0130 0.1578 
         122  1 0.2980 0.2833 0.0140 0.2579 0.0159 0.1308 
         123  1 0.1902 0.3473 0.0116 0.1727 0.0119 0.2662 
         124  1 0.2735 0.1782 0.0324 0.2857 0.0089 0.2213 
         125  1 0.4439 0.1348 0.0049 0.3851 0.0090 0.0224 
         126  1 0.2482 0.3222 0.0657 0.2418 0.0168 0.1053 
         127  1 0.2995 0.2349 0.0110 0.2968 0.0110 0.1469 
         128  1 0.1584 0.1641 0.5101 0.1220 0.0063 0.0391 
         129  1 0.2429 0.2697 0.0562 0.2472 0.0135 0.1704 
         130  1 0.2840 0.1891 0.0061 0.3130 0.0129 0.1949 
         131  1 0.1863 0.3894 0.0557 0.1863 0.0061 0.1763 
         132  1 0.3896 0.1781 0.0060 0.4088 0.0035 0.0140 
         133  1 0.1939 0.5053 0.0700 0.1938 0.0052 0.0319 
         134  1 0.3795 0.0525 0.0278 0.5077 0.0066 0.0259 
         135  1 0.2074 0.3795 0.1169 0.2048 0.0541 0.0373 
         136  1 0.2160 0.3542 0.0640 0.2839 0.0105 0.0715 
         137  1 0.1939 0.0928 0.0076 0.1642 0.0110 0.5305 
         138  1 0.3401 0.1474 0.0141 0.4677 0.0076 0.0232 
         139  1 0.2275 0.0926 0.0189 0.2410 0.0060 0.4139 
         140  1 0.2079 0.2854 0.0349 0.2178 0.0669 0.1871 
         141  1 0.3947 0.1404 0.0061 0.3477 0.0075 0.1036 
         142  1 0.1673 0.6465 0.0058 0.1349 0.0094 0.0361 
         143  1 0.2363 0.1989 0.0248 0.1920 0.0060 0.3420 
         144  1 0.2537 0.2646 0.0194 0.2586 0.0059 0.1978 
         145  1 0.1059 0.1608 0.0088 0.1058 0.0465 0.5722 
         146  1 0.3584 0.1764 0.0192 0.3421 0.0180 0.0859 
         147  1 0.0983 0.1610 0.0065 0.0925 0.0218 0.6198 
         148  1 0.3665 0.1136 0.0614 0.4209 0.0086 0.0291 
         149  1 0.1947 0.2485 0.0066 0.2113 0.0329 0.3061 
         150  1 0.2533 0.3902 0.0397 0.1961 0.0891 0.0316 
         151  1 0.3858 0.1759 0.0077 0.3721 0.0087 0.0497 
         152  1 0.0427 0.0218 0.0225 0.0423 0.1419 0.7288 
         153  1 0.3147 0.0779 0.0237 0.3970 0.0422 0.1445 
         154  1 0.1038 0.0267 0.0211 0.1218 0.0579 0.6688 
         155  1 0.4093 0.0946 0.0081 0.3878 0.0090 0.0912 
         156  1 0.1226 0.0819 0.2033 0.1013 0.0326 0.4583 
         157  1 0.3049 0.1107 0.0170 0.4924 0.0078 0.0673 
         158  1 0.3360 0.1363 0.0132 0.4271 0.0050 0.0823 
         159  1 0.1923 0.1721 0.0416 0.2009 0.2913 0.1017 
         160  1 0.1100 0.2889 0.0105 0.1176 0.0091 0.4638 
         161  1 0.2054 0.2800 0.0277 0.2396 0.0327 0.2146 
         162  1 0.3473 0.2919 0.0081 0.2842 0.0127 0.0559 
         163  1 0.1260 0.6651 0.0049 0.1159 0.0058 0.0824 
         164  1 0.2964 0.3471 0.0046 0.2658 0.0083 0.0778 
         165  1 0.3941 0.0593 0.0043 0.4263 0.0958 0.0201 
         166  1 0.1677 0.4429 0.1135 0.1748 0.0043 0.0968 
         167  1 0.0935 0.0698 0.0058 0.0964 0.0072 0.7273 
         168  1 0.2570 0.4168 0.0178 0.2647 0.0140 0.0297 
         169  1 0.3799 0.2156 0.0065 0.3674 0.0049 0.0257 
         170  1 0.2270 0.4028 0.0090 0.1959 0.0141 0.1512 
         171  1 0.1346 0.2007 0.0067 0.1280 0.0210 0.5090 
         172  1 0.1952 0.1236 0.0043 0.1679 0.0104 0.4987 
         173  1 0.3112 0.3124 0.0123 0.2813 0.0204 0.0624 
         174  1 0.2692 0.1156 0.0063 0.2422 0.1177 0.2491 
         175  1 0.1117 0.0936 0.0055 0.1031 0.0132 0.6728 
         176  1 0.1504 0.2148 0.0116 0.1454 0.0123 0.4655 
         177  1 0.2592 0.4554 0.0047 0.2089 0.0058 0.0660 
         178  1 0.2431 0.3216 0.0060 0.3281 0.0172 0.0840 
         179  1 0.0420 0.0792 0.0221 0.0419 0.0148 0.8001 
         180  1 0.1777 0.4966 0.0092 0.1587 0.0058 0.1521 
         181  1 0.1465 0.4983 0.0609 0.1572 0.0146 0.1224 
         182  1 0.1414 0.6369 0.0293 0.1257 0.0103 0.0565 
         183  1 0.1699 0.0467 0.0626 0.2021 0.0189 0.4997 
         184  1 0.3126 0.1744 0.0145 0.3131 0.0081 0.1772 
         185  1 0.2573 0.1872 0.0221 0.2182 0.0093 0.3059 
         186  1 0.0813 0.8112 0.0060 0.0735 0.0035 0.0244 
         187  1 0.3368 0.2224 0.0065 0.2727 0.0303 0.1313 
         188  1 0.3373 0.2062 0.0093 0.2668 0.0214 0.1589 
         189  1 0.1798 0.4038 0.0094 0.2043 0.0113 0.1914 
         190  1 0.2225 0.3786 0.0056 0.2262 0.0298 0.1374 
         191  1 0.1666 0.3257 0.0742 0.1826 0.0674 0.1835 
         192  1 0.0954 0.0956 0.0035 0.1143 0.0488 0.6423 
         193  1 0.3718 0.1092 0.0084 0.4073 0.0094 0.0940 
         194  1 0.3702 0.2433 0.0074 0.2902 0.0202 0.0686 
         195  1 0.2063 0.5251 0.0066 0.1823 0.0261 0.0535 
         196  1 0.2311 0.0791 0.3606 0.2338 0.0065 0.0889 
         197  1 0.3057 0.2492 0.0291 0.2692 0.0056 0.1412 
         198  1 0.3435 0.1122 0.0201 0.3338 0.0107 0.1796 
         199  1 0.1128 0.5788 0.0084 0.1166 0.0086 0.1747 
         200  1 0.3632 0.1554 0.0262 0.3984 0.0054 0.0514 
         201  1 0.1991 0.1423 0.0048 0.1823 0.0645 0.4071 
         202  1 0.3516 0.0902 0.0271 0.4895 0.0051 0.0365 
         203  1 0.1346 0.5687 0.0415 0.1619 0.0080 0.0853 
         204  1 0.4023 0.1763 0.0105 0.3862 0.0111 0.0136 
         205  1 0.4110 0.1569 0.0125 0.3642 0.0235 0.0319 
         206  1 0.1995 0.2994 0.0094 0.2124 0.0225 0.2567 
         207  1 0.1239 0.5433 0.0218 0.1232 0.0057 0.1821 
         208  1 0.2927 0.4000 0.0380 0.2482 0.0054 0.0156 
         209  1 0.4190 0.0544 0.0099 0.4550 0.0312 0.0305 
         210  1 0.3192 0.2544 0.0163 0.3572 0.0098 0.0431 
         211  1 0.3428 0.3782 0.0087 0.2420 0.0056 0.0226 
         212  1 0.3251 0.2807 0.0252 0.2533 0.0288 0.0870 
         213  1 0.4087 0.1019 0.0167 0.3991 0.0110 0.0627 
         214  1 0.3753 0.2290 0.0102 0.3279 0.0299 0.0278 
         215  1 0.2174 0.2942 0.0155 0.2204 0.0087 0.2438 
         216  1 0.3725 0.0684 0.0090 0.2781 0.0120 0.2600 
         217  1 0.2104 0.4797 0.0072 0.1900 0.0313 0.0815 
         218  1 0.3188 0.2072 0.0402 0.3325 0.0128 0.0884 
         219  1 0.1660 0.5817 0.0063 0.2058 0.0039 0.0363 
         220  1 0.2078 0.1792 0.3548 0.2288 0.0112 0.0181 
         221  1 0.2163 0.3374 0.0270 0.2078 0.0190 0.1924 
         222  1 0.2252 0.1185 0.0091 0.2262 0.0837 0.3373 
         223  1 0.0946 0.1209 0.0054 0.1021 0.0206 0.6563 
         224  1 0.2535 0.3451 0.0052 0.2290 0.0159 0.1512 
         225  1 0.0683 0.0748 0.0075 0.0714 0.1757 0.6023 
         226  1 0.2975 0.3817 0.0099 0.2379 0.0278 0.0452 
         227  1 0.4915 0.1034 0.0092 0.3333 0.0059 0.0567 
         228  1 0.2815 0.2047 0.0070 0.2404 0.0064 0.2600 
         229  1 0.2683 0.2664 0.0229 0.3084 0.0177 0.1162 
         230  1 0.2999 0.3189 0.0058 0.3059 0.0256 0.0439 
         231  1 0.1010 0.7220 0.0064 0.1081 0.0083 0.0543 
         232  1 0.2314 0.2612 0.0075 0.2670 0.0043 0.2287 
         233  1 0.0935 0.6702 0.0148 0.1006 0.0110 0.1099 
         234  1 0.2329 0.3476 0.0073 0.2246 0.0284 0.1592 
         235  1 0.4119 0.1450 0.0083 0.3804 0.0103 0.0440 
         236  1 0.1958 0.3580 0.0232 0.2589 0.0145 0.1496 
         237  1 0.2655 0.3178 0.0352 0.2495 0.0253 0.1067 
         238  1 0.3795 0.1676 0.0183 0.3559 0.0330 0.0458 
         239  1 0.2699 0.3255 0.0169 0.3333 0.0103 0.0442 
         240  1 0.2231 0.0853 0.1060 0.2415 0.0159 0.3281 
         241  1 0.2268 0.4050 0.0095 0.2136 0.0063 0.1388 
         242  1 0.2921 0.2621 0.0307 0.3394 0.0101 0.0657 
         243  1 0.2168 0.4653 0.0112 0.2791 0.0117 0.0159 
         244  1 0.1526 0.3635 0.0204 0.1400 0.0042 0.3194 
         245  1 0.3041 0.0277 0.0139 0.6093 0.0144 0.0307 
         246  1 0.2588 0.1463 0.0646 0.2360 0.0060 0.2883 
         247  1 0.3475 0.0833 0.0049 0.3737 0.0280 0.1627 
         248  1 0.2546 0.4335 0.0183 0.2602 0.0097 0.0236 
         249  1 0.2613 0.1969 0.0056 0.4114 0.0088 0.1160 
         250  1 0.1168 0.6808 0.0111 0.1100 0.0312 0.0501 
         251  1 0.1605 0.2122 0.0246 0.1813 0.0062 0.4152 
         252  1 0.3731 0.1673 0.0337 0.3456 0.0290 0.0513 
         253  1 0.2566 0.4042 0.0604 0.2537 0.0092 0.0160 
         254  1 0.3934 0.2650 0.0097 0.2953 0.0068 0.0298 
         255  1 0.3504 0.2395 0.0500 0.3314 0.0055 0.0232 
         256  1 0.1610 0.3708 0.0040 0.1514 0.0103 0.3026 
         257  1 0.1986 0.4603 0.0241 0.2153 0.0168 0.0849 
         258  1 0.2849 0.0632 0.0045 0.2765 0.0059 0.3650 
         259  1 0.2579 0.4032 0.0080 0.2653 0.0058 0.0598 
         260  1 0.2779 0.3284 0.0085 0.2564 0.0200 0.1088 
         261  1 0.2825 0.2030 0.0102 0.4596 0.0070 0.0377 
         262  1 0.4483 0.0937 0.0070 0.4054 0.0069 0.0388 
         263  1 0.2657 0.2634 0.0095 0.3094 0.1401 0.0118 
         264  1 0.4176 0.0798 0.0128 0.4526 0.0239 0.0132 
         265  1 0.2927 0.0426 0.0125 0.5537 0.0258 0.0727 
         266  1 0.3377 0.1300 0.0218 0.3855 0.0085 0.1164 
         267  1 0.2471 0.1167 0.1276 0.2831 0.0111 0.2143 
         268  1 0.1783 0.0719 0.3148 0.1781 0.0596 0.1973 
         269  1 0.0651 0.0313 0.0176 0.0743 0.0121 0.7995 
         270  1 0.3695 0.1087 0.0242 0.3662 0.0063 0.1252 
         271  1 0.3432 0.1992 0.0492 0.3358 0.0303 0.0423 
         272  1 0.0351 0.0325 0.0066 0.0436 0.0192 0.8630 
         273  1 0.2913 0.2837 0.0050 0.2895 0.0263 0.1041 
         274  1 0.2169 0.2769 0.0255 0.2245 0.0255 0.2307 
         275  1 0.2894 0.3149 0.0270 0.2912 0.0088 0.0686 
         276  1 0.1169 0.1376 0.0098 0.1141 0.0964 0.5252 
         277  1 0.1871 0.4715 0.0056 0.2065 0.0135 0.1158 
         278  1 0.2726 0.1692 0.0938 0.3192 0.0909 0.0543 
         279  1 0.3032 0.0934 0.0241 0.2860 0.0248 0.2686 
         280  1 0.1807 0.4679 0.0144 0.1876 0.0057 0.1437 
         281  1 0.4549 0.1487 0.0308 0.3440 0.0043 0.0173 
         282  1 0.2756 0.1583 0.0119 0.3122 0.0545 0.1876 
         283  1 0.1839 0.2639 0.0155 0.1973 0.2632 0.0762 
         284  1 0.1915 0.2438 0.0081 0.2200 0.0444 0.2923 
         285  1 0.3587 0.1132 0.0478 0.4400 0.0189 0.0215 
         286  1 0.1523 0.6607 0.0107 0.1339 0.0090 0.0333 
         287  1 0.1532 0.5864 0.0542 0.1316 0.0112 0.0634 
         288  1 0.1712 0.4735 0.0220 0.1808 0.0154 0.1371 
         289  1 0.3903 0.2261 0.0047 0.3361 0.0100 0.0328 
         290  1 0.3204 0.2545 0.0219 0.3171 0.0085 0.0776 
         291  1 0.2102 0.4637 0.0214 0.2192 0.0184 0.0672 
         292  1 0.1599 0.1179 0.0218 0.1508 0.0331 0.5165 
         293  1 0.1075 0.1403 0.0119 0.0925 0.0077 0.6401 
         294  1 0.1379 0.4079 0.1794 0.1653 0.0841 0.0254 
         295  1 0.0951 0.2459 0.0295 0.1026 0.0089 0.5180 
         296  1 0.2618 0.1478 0.0076 0.2475 0.0465 0.2888 
         297  1 0.3076 0.2260 0.0107 0.2384 0.0636 0.1538 
         298  1 0.3667 0.3335 0.0109 0.2665 0.0072 0.0152 
         299  1 0.3418 0.1839 0.0224 0.3707 0.0283 0.0529 
         300  1 0.3245 0.0615 0.0121 0.3029 0.0180 0.2809 
         301  1 0.1609 0.5589 0.1103 0.1376 0.0055 0.0269 
         302  1 0.1681 0.6351 0.0058 0.1598 0.0108 0.0203 
         303  1 0.2814 0.3024 0.0076 0.3273 0.0679 0.0134 
         304  1 0.3116 0.3213 0.0046 0.2680 0.0092 0.0854 
         305  1 0.2414 0.2856 0.0281 0.2511 0.0071 0.1867 
         306  1 0.3576 0.1438 0.0088 0.3961 0.0089 0.0848 
         307  1 0.3185 0.1382 0.0146 0.3725 0.0281 0.1281 
         308  1 0.4092 0.1905 0.0193 0.3155 0.0072 0.0584 
         309  1 0.1843 0.0849 0.0084 0.1777 0.0415 0.5032 
         310  1 0.2937 0.1891 0.0081 0.3064 0.1353 0.0674 
         311  1 0.2923 0.1689 0.0078 0.2471 0.0192 0.2647 
         312  1 0.1159 0.4193 0.0894 0.1199 0.0334 0.2222 
         313  1 0.3355 0.2536 0.0053 0.2570 0.0064 0.1422 
         314  1 0.2028 0.0899 0.0945 0.1917 0.0469 0.3743 
         315  1 0.1322 0.0282 0.0106 0.1270 0.0078 0.6942 
         316  1 0.2656 0.0898 0.0086 0.3394 0.0825 0.2142 
         317  1 0.2126 0.4461 0.0248 0.1907 0.0285 0.0974 
         318  1 0.0875 0.0479 0.0054 0.0873 0.0148 0.7572 
         319  1 0.1671 0.2947 0.0069 0.1728 0.1929 0.1656 
         320  1 0.1557 0.2442 0.2748 0.1688 0.0664 0.0901 
         321  1 0.4094 0.0816 0.0110 0.4275 0.0054 0.0652 
         322  1 0.1533 0.3032 0.0378 0.1773 0.0161 0.3124 
         323  1 0.2102 0.4558 0.0260 0.2690 0.0129 0.0261 
         324  1 0.4053 0.1661 0.0074 0.3551 0.0072 0.0588 
         325  1 0.0914 0.0464 0.0256 0.0902 0.0195 0.7269 
         326  1 0.4208 0.2652 0.0040 0.2753 0.0070 0.0277 
         327  1 0.2713 0.2149 0.0104 0.2115 0.0053 0.2867 
         328  1 0.3362 0.2147 0.0363 0.3110 0.0163 0.0854 
         329  1 0.2792 0.4068 0.0279 0.2102 0.0175 0.0585 
         330  1 0.0951 0.5009 0.0234 0.0960 0.0042 0.2804 
         331  1 0.0713 0.0392 0.0129 0.0669 0.0048 0.8049 
         332  1 0.2438 0.4304 0.0039 0.2517 0.0105 0.0598 
         333  1 0.2371 0.5086 0.0088 0.2144 0.0110 0.0201 
         334  1 0.2860 0.0392 0.0283 0.3536 0.0055 0.2874 
         335  1 0.3013 0.2302 0.0541 0.3289 0.0076 0.0779 
         336  1 0.0102 0.0109 0.0118 0.0107 0.0062 0.9503 
         337  1 0.0714 0.0384 0.0147 0.0744 0.0280 0.7731 
         338  1 0.0127 0.0114 0.0667 0.0117 0.0054 0.8922 
         339  1 0.0059 0.0064 0.0045 0.0059 0.0062 0.9711 
         340  1 0.0121 0.0106 0.0053 0.0128 0.0223 0.9369 
         341  1 0.3226 0.2652 0.0098 0.3205 0.0070 0.0749 
         342  1 0.0067 0.0056 0.0049 0.0063 0.0048 0.9717 
         343  1 0.0122 0.0110 0.0185 0.0127 0.0069 0.9387 
         344  1 0.0090 0.0097 0.0105 0.0092 0.0091 0.9525 
         345  1 0.0065 0.0074 0.0051 0.0067 0.0075 0.9668 
         346  1 0.0106 0.0094 0.0072 0.0097 0.0123 0.9509 
         347  1 0.0120 0.0103 0.0065 0.0121 0.0088 0.9502 
         348  1 0.0368 0.0242 0.0599 0.0388 0.0191 0.8213 
         349  1 0.0053 0.0059 0.0080 0.0060 0.0052 0.9695 
         350  1 0.0139 0.0141 0.0670 0.0137 0.0059 0.8853 
         351  1 0.0087 0.0100 0.0059 0.0090 0.0348 0.9316 
         352  1 0.2575 0.3695 0.0109 0.2051 0.0061 0.1509 
         353  1 0.0091 0.0093 0.0070 0.0101 0.0125 0.9521 
         354  1 0.0091 0.0099 0.0063 0.0086 0.0127 0.9534 
         355  1 0.0133 0.0116 0.0089 0.0109 0.0159 0.9395 
         356  1 0.4115 0.0996 0.0202 0.4121 0.0091 0.0474 
         357  1 0.1056 0.1740 0.0155 0.0962 0.1469 0.4617 
         358  1 0.2197 0.3581 0.0343 0.2517 0.0109 0.1254 
         359  1 0.3341 0.2319 0.0091 0.3462 0.0230 0.0557 
         360  1 0.1362 0.1108 0.0353 0.1732 0.0532 0.4912 
         361  1 0.1453 0.1399 0.0173 0.1399 0.0937 0.4639 
         362  1 0.2296 0.4786 0.0297 0.2244 0.0051 0.0326 
         363  1 0.1114 0.0650 0.0055 0.0962 0.0060 0.7159 
         364  1 0.4179 0.1342 0.0055 0.3856 0.0064 0.0504 
         365  1 0.0676 0.0278 0.0086 0.0609 0.0074 0.8278 
         366  1 0.1438 0.1566 0.0081 0.1675 0.0053 0.5187 
         367  1 0.2853 0.3274 0.0270 0.2637 0.0150 0.0815 
         368  1 0.2302 0.4610 0.0120 0.2182 0.0116 0.0670 
         369  1 0.1941 0.0925 0.0121 0.1738 0.0048 0.5228 
         370  1 0.1141 0.1107 0.0057 0.1021 0.0409 0.6265 
         371  1 0.1479 0.2707 0.0102 0.1539 0.0530 0.3642 
         372  1 0.0954 0.0247 0.0074 0.1156 0.0481 0.7088 
         373  1 0.2288 0.4404 0.0121 0.2413 0.0166 0.0608 
         374  1 0.1982 0.2332 0.1351 0.1935 0.0514 0.1885 
         375  1 0.3829 0.0807 0.0044 0.2856 0.0244 0.2220 
         376  1 0.2687 0.2283 0.0116 0.2423 0.0145 0.2346 
         377  1 0.4011 0.2309 0.0124 0.3070 0.0103 0.0383 
         378  1 0.0763 0.2291 0.0236 0.0754 0.0088 0.5868 
         379  1 0.3544 0.2261 0.0066 0.2938 0.0119 0.1072 
         380  1 0.4167 0.1879 0.0070 0.3431 0.0166 0.0287 
         381  1 0.2100 0.1530 0.0173 0.2014 0.0121 0.4062 
         382  1 0.3803 0.1251 0.0069 0.4363 0.0238 0.0276 
         383  1 0.3626 0.2053 0.0517 0.3103 0.0154 0.0547 
         384  1 0.2736 0.2972 0.0110 0.2420 0.0125 0.1637 
         385  1 0.3713 0.0848 0.0032 0.4569 0.0045 0.0793 
         386  1 0.1715 0.3540 0.0358 0.1942 0.0091 0.2355 
         387  1 0.1400 0.2507 0.0054 0.1440 0.0079 0.4520 
         388  1 0.2336 0.3836 0.0178 0.2087 0.0134 0.1430 
         389  1 0.3433 0.1766 0.0217 0.3206 0.0074 0.1303 
         390  1 0.1147 0.0645 0.0299 0.1852 0.0041 0.6016 
         391  1 0.3422 0.1906 0.0084 0.3738 0.0065 0.0785 
         392  1 0.1136 0.7217 0.0042 0.1108 0.0151 0.0347 
         393  1 0.3484 0.1001 0.0288 0.3309 0.0074 0.1844 
         394  1 0.2175 0.5531 0.0062 0.1858 0.0068 0.0306 
         395  1 0.1420 0.6909 0.0071 0.1336 0.0057 0.0205 
         396  1 0.4042 0.2122 0.0097 0.2821 0.0062 0.0855 
         397  1 0.2095 0.5318 0.0088 0.1986 0.0073 0.0440 
         398  1 0.1114 0.1593 0.4434 0.1067 0.0215 0.1577 
         399  1 0.4231 0.1218 0.0141 0.3497 0.0114 0.0798 
         400  1 0.3223 0.2344 0.0181 0.3345 0.0310 0.0596 
         401  1 0.1571 0.6019 0.0143 0.1579 0.0083 0.0606 
         402  1 0.2732 0.4578 0.0066 0.2205 0.0170 0.0249 
         403  1 0.3348 0.1167 0.0139 0.2902 0.0068 0.2376 
         404  1 0.2249 0.4304 0.0062 0.2011 0.0229 0.1145 
         405  1 0.2019 0.2421 0.0517 0.1693 0.0101 0.3249 
         406  1 0.3312 0.1867 0.0075 0.2656 0.0453 0.1637 
         407  1 0.3899 0.1071 0.0085 0.4145 0.0137 0.0664 
         408  1 0.1958 0.5508 0.0112 0.1854 0.0085 0.0482 
         409  1 0.3191 0.1769 0.0106 0.3550 0.0216 0.1168 
         410  1 0.4326 0.1869 0.0150 0.3225 0.0095 0.0335 
         411  1 0.2601 0.2321 0.0073 0.2260 0.0312 0.2433 
         412  1 0.4173 0.1224 0.0089 0.3630 0.0150 0.0734 
         413  1 0.2666 0.4247 0.0109 0.2562 0.0059 0.0358 
         414  1 0.2084 0.4566 0.0075 0.1670 0.0194 0.1411 
         415  1 0.3670 0.1533 0.0425 0.3669 0.0072 0.0631 
         416  1 0.3081 0.3644 0.0078 0.2788 0.0109 0.0300 
         417  1 0.2927 0.2724 0.0315 0.2749 0.0122 0.1164 
         418  1 0.3676 0.0812 0.0258 0.2856 0.0056 0.2343 
         419  1 0.2128 0.3133 0.0442 0.2021 0.0115 0.2161 
         420  1 0.1974 0.4132 0.1896 0.1662 0.0079 0.0256 
         421  1 0.3645 0.1303 0.0494 0.3771 0.0093 0.0694 
         422  1 0.1135 0.1360 0.0723 0.1191 0.1066 0.4526 
         423  1 0.2652 0.3397 0.0044 0.2429 0.0165 0.1312 
         424  1 0.2543 0.4148 0.0110 0.2375 0.0172 0.0651 
         425  1 0.2347 0.3803 0.0056 0.2258 0.0076 0.1459 
         426  1 0.1438 0.1835 0.0078 0.1351 0.0369 0.4929 
         427  1 0.2931 0.3532 0.0093 0.3163 0.0051 0.0230 
         428  1 0.2131 0.3588 0.0103 0.2855 0.0061 0.1261 
         429  1 0.3840 0.0866 0.0042 0.4884 0.0155 0.0213 
         430  1 0.1576 0.1111 0.0144 0.1644 0.3555 0.1970 
         431  1 0.2998 0.3555 0.0078 0.3106 0.0066 0.0198 
         432  1 0.1600 0.3019 0.0068 0.1468 0.0090 0.3754 
         433  1 0.2566 0.0688 0.0070 0.2411 0.0259 0.4006 
         434  1 0.4412 0.1551 0.0126 0.3360 0.0079 0.0472 
         435  1 0.3415 0.3051 0.0168 0.3080 0.0106 0.0180 
         436  1 0.3511 0.2438 0.0664 0.3131 0.0093 0.0162 
         437  1 0.2420 0.1571 0.0748 0.2287 0.2166 0.0808 
         438  1 0.4395 0.0654 0.0050 0.4033 0.0399 0.0468 
         439  1 0.0832 0.0626 0.0092 0.0942 0.0116 0.7393 
         440  1 0.1665 0.1128 0.0282 0.1664 0.0050 0.5211 
         441  1 0.3905 0.1066 0.0189 0.4110 0.0562 0.0168 
         442  1 0.2875 0.1171 0.0307 0.3166 0.2109 0.0373 
         443  1 0.1952 0.0378 0.0089 0.1879 0.0197 0.5505 
         444  1 0.2657 0.0721 0.0206 0.3505 0.0159 0.2751 
         445  1 0.2475 0.0847 0.0067 0.2274 0.0096 0.4242 
         446  1 0.1023 0.2394 0.0150 0.1310 0.0121 0.5001 
         447  1 0.2250 0.2551 0.0247 0.2024 0.0096 0.2832 
         448  1 0.0627 0.1434 0.1028 0.0731 0.0594 0.5588 
         449  1 0.1144 0.6822 0.0253 0.0999 0.0090 0.0693 
         450  1 0.0240 0.0610 0.0207 0.0272 0.0532 0.8139 
         451  1 0.1269 0.1594 0.0597 0.1331 0.0049 0.5159 
         452  1 0.4045 0.1613 0.0083 0.3620 0.0181 0.0459 
         453  1 0.2679 0.3810 0.0410 0.2471 0.0117 0.0512 
         454  1 0.3197 0.1318 0.0167 0.4200 0.0548 0.0570 
         455  1 0.3510 0.2712 0.0051 0.3182 0.0103 0.0442 
         456  1 0.3837 0.1948 0.0089 0.2903 0.0145 0.1079 
         457  1 0.4748 0.0692 0.0101 0.4247 0.0055 0.0156 
         458  1 0.1016 0.0648 0.0121 0.1317 0.0144 0.6754 
         459  1 0.2380 0.1669 0.0167 0.2285 0.0436 0.3063 
         460  1 0.1335 0.6227 0.0193 0.1469 0.0568 0.0209 
         461  1 0.1916 0.4319 0.0525 0.1871 0.0408 0.0961 
         462  1 0.1505 0.6435 0.0096 0.1584 0.0079 0.0301 
         463  1 0.1409 0.1174 0.0218 0.1481 0.0350 0.5368 
         464  1 0.1784 0.5569 0.0397 0.1686 0.0118 0.0447 
         465  1 0.1716 0.0959 0.0140 0.1593 0.0583 0.5008 
         466  1 0.0596 0.1070 0.0455 0.0671 0.1136 0.6072 
         467  1 0.2347 0.4454 0.0153 0.2273 0.0160 0.0613 
         468  1 0.2126 0.2596 0.0090 0.1578 0.0071 0.3540 
         469  1 0.2947 0.2978 0.0080 0.2471 0.0080 0.1445 
         470  1 0.1947 0.4879 0.0101 0.1904 0.0542 0.0627 
         471  1 0.2940 0.4830 0.0060 0.1979 0.0055 0.0135 
         472  1 0.1833 0.5807 0.0185 0.1667 0.0380 0.0128 
         473  1 0.3846 0.1680 0.0095 0.3602 0.0161 0.0616 
         474  1 0.2375 0.4155 0.0045 0.2736 0.0068 0.0622 
         475  1 0.2314 0.5066 0.0067 0.2252 0.0047 0.0254 
         476  1 0.3608 0.1971 0.0128 0.3693 0.0053 0.0547 
         477  1 0.2582 0.2420 0.0089 0.2080 0.0531 0.2298 
         478  1 0.1700 0.2305 0.0109 0.1674 0.0758 0.3454 
         479  1 0.1222 0.5980 0.1123 0.1188 0.0063 0.0423 
         480  1 0.3022 0.3620 0.0222 0.2524 0.0084 0.0528 
         481  1 0.3358 0.1401 0.0168 0.4375 0.0114 0.0583 
         482  1 0.1513 0.1707 0.0085 0.1536 0.0054 0.5106 
         483  1 0.3918 0.1168 0.0088 0.4377 0.0160 0.0290 
         484  1 0.1813 0.2790 0.0989 0.1579 0.0059 0.2769 
         485  1 0.0550 0.0312 0.0540 0.0582 0.4190 0.3826 
         486  1 0.2229 0.0728 0.0430 0.2838 0.0079 0.3696 
         487  1 0.2576 0.3212 0.0081 0.2211 0.0090 0.1830 
         488  1 0.2504 0.2734 0.0552 0.2209 0.0231 0.1771 
         489  1 0.2762 0.2447 0.0375 0.2741 0.0093 0.1581 
         490  1 0.0505 0.0402 0.0151 0.0558 0.0106 0.8278 
         491  1 0.1402 0.5297 0.0087 0.1568 0.0066 0.1579 
         492  1 0.3617 0.2341 0.0082 0.3019 0.0151 0.0790 
         493  1 0.2573 0.2168 0.0091 0.2735 0.0038 0.2395 
         494  1 0.4104 0.1930 0.0071 0.3281 0.0082 0.0532 
         495  1 0.3576 0.2050 0.0157 0.3418 0.0206 0.0593 
         496  1 0.3894 0.1174 0.0136 0.3435 0.0852 0.0509 
         497  1 0.0967 0.3362 0.0092 0.0943 0.0086 0.4550 
         498  1 0.3806 0.1778 0.0137 0.3146 0.0114 0.1020 
         499  1 0.2246 0.4867 0.0109 0.2465 0.0055 0.0258 
         500  1 0.2545 0.5084 0.0064 0.1960 0.0094 0.0253 
         501  1 0.2696 0.2269 0.0075 0.2763 0.0121 0.2076 
         502  1 0.2174 0.4198 0.0906 0.2020 0.0483 0.0220 
         503  1 0.2062 0.5772 0.0040 0.1565 0.0069 0.0492 
         504  1 0.1621 0.3082 0.0180 0.1633 0.0076 0.3408 
         505  1 0.2128 0.0462 0.0060 0.2391 0.0854 0.4105 
         506  1 0.2594 0.3368 0.0482 0.2398 0.0245 0.0914 
         507  1 0.2439 0.0803 0.0307 0.2226 0.0926 0.3298 
         508  1 0.2382 0.4766 0.0072 0.2246 0.0102 0.0432 
         509  1 0.3956 0.0443 0.0071 0.5324 0.0041 0.0165 
         510  1 0.2319 0.3862 0.0497 0.2140 0.0063 0.1120 
         511  1 0.2407 0.2271 0.0329 0.2671 0.0104 0.2217 
         512  1 0.2385 0.2283 0.0084 0.1907 0.0104 0.3238 
         513  1 0.2870 0.2660 0.0080 0.3491 0.0134 0.0765 
         514  1 0.1980 0.3756 0.0094 0.2258 0.0220 0.1692 
         515  1 0.2161 0.4835 0.0105 0.2232 0.0060 0.0607 
         516  1 0.1070 0.6528 0.0057 0.1165 0.0254 0.0926 
         517  1 0.1180 0.5497 0.0035 0.1185 0.0296 0.1807 
         518  1 0.2400 0.1715 0.0120 0.2292 0.1616 0.1857 
         519  1 0.1521 0.2322 0.1658 0.1673 0.0426 0.2399 
         520  1 0.3265 0.2236 0.0134 0.3359 0.0143 0.0863 
         521  1 0.1314 0.4626 0.0352 0.1438 0.0076 0.2194 
         522  1 0.1258 0.0979 0.5514 0.1099 0.0096 0.1053 
         523  1 0.2851 0.2749 0.0091 0.3252 0.0189 0.0868 
         524  1 0.3244 0.2453 0.0059 0.2879 0.0048 0.1319 
         525  1 0.2913 0.4317 0.0053 0.2194 0.0102 0.0421 
         526  1 0.0759 0.1746 0.0119 0.0878 0.0155 0.6343 
         527  1 0.2451 0.4771 0.0206 0.2316 0.0069 0.0187 
         528  1 0.1493 0.6820 0.0041 0.1279 0.0083 0.0284 
         529  1 0.1096 0.4613 0.3001 0.0948 0.0135 0.0208 
         530  1 0.1730 0.0642 0.0241 0.1470 0.0440 0.5478 
         531  1 0.2362 0.2991 0.0368 0.2463 0.0075 0.1742 
         532  1 0.2280 0.2186 0.1314 0.2360 0.0146 0.1714 
         533  1 0.2375 0.4107 0.0163 0.2143 0.0118 0.1092 
         534  1 0.1264 0.3457 0.0116 0.1189 0.0491 0.3483 
         535  1 0.2645 0.2163 0.0086 0.2721 0.0157 0.2227 
         536  1 0.3830 0.2210 0.0260 0.3130 0.0123 0.0448 
         537  1 0.2140 0.1534 0.0288 0.2049 0.0391 0.3598 
         538  1 0.3582 0.1262 0.0056 0.3732 0.0045 0.1323 
         539  1 0.1844 0.3069 0.0056 0.1528 0.0132 0.3370 
         540  1 0.3667 0.2363 0.0150 0.2608 0.0093 0.1119 
         541  1 0.1736 0.5321 0.0899 0.1632 0.0115 0.0297 
         542  1 0.1563 0.1508 0.0573 0.1551 0.0089 0.4716 
         543  1 0.4375 0.0893 0.0094 0.4301 0.0038 0.0300 
         544  1 0.0922 0.0826 0.0455 0.1167 0.0384 0.6246 
         545  1 0.1050 0.0758 0.0239 0.1010 0.0306 0.6637 
         546  1 0.3459 0.2288 0.0111 0.3146 0.0176 0.0820 
         547  1 0.2521 0.4769 0.0169 0.1963 0.0083 0.0494 
         548  1 0.2925 0.1461 0.0175 0.2343 0.0060 0.3035 
         549  1 0.0585 0.2127 0.0161 0.0559 0.0182 0.6385 
         550  1 0.3156 0.2476 0.0049 0.3524 0.0056 0.0738 
         551  1 0.3806 0.1328 0.0548 0.3506 0.0061 0.0751 
         552  1 0.0729 0.7891 0.0066 0.0732 0.0039 0.0542 
         553  1 0.1040 0.7155 0.0078 0.1033 0.0240 0.0454 
         554  1 0.3165 0.2457 0.0133 0.3391 0.0372 0.0481 
         555  1 0.2462 0.3554 0.0089 0.2341 0.0254 0.1300 
         556  1 0.1030 0.2672 0.0150 0.1177 0.0183 0.4788 
         557  1 0.1576 0.5929 0.0110 0.1500 0.0097 0.0788 
         558  1 0.1751 0.5705 0.0088 0.1479 0.0066 0.0911 
         559  1 0.4265 0.0482 0.0053 0.4290 0.0325 0.0585 
         560  1 0.1910 0.1356 0.0062 0.1681 0.0163 0.4828 
         561  1 0.1420 0.0836 0.0098 0.1508 0.0112 0.6025 
         562  1 0.3322 0.3669 0.0068 0.2401 0.0097 0.0443 
         563  1 0.2120 0.2878 0.0081 0.2733 0.0076 0.2112 
         564  1 0.2915 0.1495 0.0067 0.2619 0.2476 0.0429 
         565  1 0.2570 0.3663 0.0227 0.2391 0.0089 0.1060 
         566  1 0.3188 0.2971 0.0289 0.3099 0.0211 0.0243 
         567  1 0.3111 0.2508 0.0856 0.3039 0.0096 0.0389 
         568  1 0.3237 0.2405 0.0178 0.3664 0.0338 0.0178 
         569  1 0.1752 0.5344 0.0085 0.2095 0.0046 0.0678 
         570  1 0.3227 0.3680 0.0127 0.2551 0.0060 0.0356 
         571  1 0.3953 0.1304 0.0629 0.3742 0.0073 0.0298 
         572  1 0.1787 0.5922 0.0107 0.1785 0.0093 0.0306 
         573  1 0.1610 0.1200 0.0107 0.1663 0.1893 0.3528 
         574  1 0.2694 0.2185 0.0201 0.3901 0.0275 0.0744 
         575  1 0.1782 0.4240 0.0058 0.1627 0.0169 0.2126 
         576  1 0.0878 0.6996 0.0067 0.0952 0.0420 0.0686 
         577  1 0.1571 0.2617 0.0156 0.2015 0.0532 0.3108 
         578  1 0.1486 0.4175 0.0246 0.1295 0.2396 0.0402 
         579  1 0.3615 0.1147 0.0063 0.3056 0.0228 0.1891 
         580  1 0.1885 0.5734 0.0391 0.1769 0.0078 0.0143 
         581  1 0.1603 0.6870 0.0038 0.1223 0.0062 0.0204 
         582  1 0.2268 0.1340 0.0428 0.2440 0.0975 0.2549 
         583  1 0.1465 0.2416 0.0756 0.1588 0.1134 0.2641 
         584  1 0.2138 0.2886 0.0122 0.1933 0.0155 0.2766 
         585  1 0.0798 0.1638 0.1146 0.1049 0.0172 0.5197 
         586  1 0.2608 0.1815 0.0148 0.3109 0.0108 0.2212 
         587  1 0.1479 0.2840 0.0058 0.1540 0.0101 0.3981 
         588  1 0.3035 0.2609 0.0191 0.3612 0.0234 0.0319 
         589  1 0.3840 0.1127 0.0176 0.4334 0.0390 0.0132 
         590  1 0.2502 0.0412 0.0140 0.2339 0.0166 0.4442 
         591  1 0.3249 0.2892 0.0716 0.2929 0.0060 0.0155 
         592  1 0.4122 0.0589 0.0083 0.4387 0.0166 0.0653 
         593  1 0.1832 0.6167 0.0062 0.1592 0.0153 0.0194 
         594  1 0.2282 0.2696 0.0060 0.2818 0.0257 0.1887 
         595  1 0.0629 0.0953 0.7094 0.0580 0.0133 0.0611 
         596  1 0.3573 0.1780 0.0223 0.3630 0.0132 0.0661 
         597  1 0.1665 0.3619 0.0329 0.1575 0.0198 0.2613 
         598  1 0.0416 0.1196 0.0051 0.0455 0.0061 0.7821 
         599  1 0.3102 0.0937 0.0217 0.2978 0.0449 0.2316 
         600  1 0.2395 0.1464 0.0643 0.1936 0.0419 0.3142 
         601  1 0.1088 0.1053 0.0058 0.1377 0.1008 0.5416 
         602  1 0.3488 0.0862 0.0138 0.3310 0.0549 0.1653 
         603  1 0.2589 0.4109 0.0441 0.1807 0.0117 0.0937 
         604  1 0.3110 0.3219 0.0227 0.3208 0.0108 0.0127 
         605  1 0.2465 0.2988 0.0180 0.2907 0.0077 0.1383 
         606  1 0.3264 0.2339 0.0327 0.2588 0.0170 0.1312 
         607  1 0.3469 0.2560 0.0073 0.3326 0.0242 0.0331 
         608  1 0.3026 0.1306 0.0117 0.3649 0.0085 0.1816 
         609  1 0.3361 0.1569 0.0076 0.3287 0.0097 0.1609 
         610  1 0.3641 0.1613 0.0185 0.3197 0.0366 0.0998 
         611  1 0.1913 0.5093 0.0085 0.2714 0.0056 0.0140 
         612  1 0.2946 0.1895 0.0065 0.2619 0.0294 0.2181 
         613  1 0.2832 0.0647 0.0203 0.4689 0.0229 0.1399 
         614  1 0.2102 0.4749 0.0084 0.1867 0.0059 0.1140 
         615  1 0.1747 0.4723 0.0110 0.1746 0.0236 0.1438 
         616  1 0.2833 0.2897 0.0086 0.2576 0.0127 0.1480 
         617  1 0.4105 0.1569 0.0130 0.3699 0.0105 0.0392 
         618  1 0.1573 0.4091 0.0168 0.1972 0.0133 0.2063 
         619  1 0.1698 0.3891 0.1620 0.1692 0.0316 0.0784 
         620  1 0.0763 0.1502 0.0168 0.0770 0.0076 0.6721 
         621  1 0.0835 0.2880 0.0049 0.0850 0.0740 0.4646 
         622  1 0.0599 0.0696 0.0072 0.0527 0.0128 0.7979 
         623  1 0.2898 0.2562 0.0038 0.4266 0.0025 0.0212 
         624  1 0.2261 0.1440 0.0154 0.1996 0.0204 0.3945 
         625  1 0.3206 0.3013 0.0112 0.2793 0.0074 0.0803 
         626  1 0.2002 0.1071 0.4935 0.1626 0.0048 0.0318 
         627  1 0.1473 0.6038 0.0042 0.1437 0.0373 0.0637 
         628  1 0.1421 0.6430 0.0120 0.1311 0.0071 0.0647 
         629  1 0.1461 0.5514 0.1201 0.1357 0.0203 0.0264 
         630  1 0.3487 0.2041 0.0086 0.3129 0.0060 0.1198 
         631  1 0.1851 0.4657 0.0091 0.2131 0.0085 0.1184 
         632  1 0.1008 0.0670 0.0153 0.1003 0.0114 0.7051 
         633  1 0.3346 0.1935 0.0160 0.3260 0.0967 0.0332 
         634  1 0.1120 0.2224 0.0067 0.1178 0.0175 0.5237 
         635  1 0.2964 0.3665 0.0121 0.2424 0.0105 0.0721 
         636  1 0.1192 0.1621 0.2201 0.1262 0.0186 0.3537 
         637  1 0.2582 0.3169 0.0236 0.2828 0.0098 0.1088 
         638  1 0.1796 0.2683 0.0178 0.1766 0.0420 0.3157 
         639  1 0.1322 0.7049 0.0136 0.1255 0.0100 0.0140 
         640  1 0.1692 0.3072 0.0166 0.1608 0.0113 0.3349 
         641  1 0.4140 0.1237 0.0071 0.4130 0.0102 0.0320 
         642  1 0.1812 0.3888 0.0094 0.1903 0.0089 0.2214 
         643  1 0.3236 0.1746 0.0117 0.3497 0.0275 0.1129 
         644  1 0.1843 0.2742 0.0151 0.2285 0.0667 0.2312 
         645  1 0.2428 0.2076 0.0062 0.2084 0.0544 0.2806 
         646  1 0.0789 0.1638 0.0181 0.0886 0.0156 0.6349 
         647  1 0.2200 0.5917 0.0123 0.1565 0.0060 0.0135 
         648  1 0.0913 0.0355 0.0132 0.0979 0.0832 0.6789 
         649  1 0.2341 0.4899 0.0072 0.2012 0.0342 0.0333 
         650  1 0.2489 0.3495 0.0201 0.2572 0.0060 0.1183 
         651  1 0.0611 0.0459 0.0143 0.0821 0.0104 0.7862 
         652  1 0.2686 0.0951 0.0059 0.2343 0.0329 0.3633 
         653  1 0.3470 0.1778 0.0145 0.2928 0.0105 0.1575 
         654  1 0.2662 0.2715 0.0112 0.2493 0.0070 0.1947 
         655  1 0.1097 0.2408 0.0127 0.1200 0.0372 0.4796 
         656  1 0.1083 0.2435 0.0084 0.1167 0.0160 0.5070 
         657  1 0.1805 0.0884 0.0069 0.2492 0.0185 0.4566 
         658  1 0.2993 0.1320 0.0335 0.3828 0.0330 0.1194 
         659  1 0.3495 0.2162 0.0154 0.3272 0.0117 0.0800 
         660  1 0.1118 0.1127 0.0122 0.1164 0.0169 0.6299 
         661  1 0.2129 0.4681 0.0456 0.2181 0.0111 0.0441 
         662  1 0.1294 0.1396 0.4552 0.1878 0.0546 0.0333 
         663  1 0.0687 0.0570 0.0095 0.0666 0.0060 0.7921 
         664  1 0.2157 0.4649 0.0056 0.2251 0.0145 0.0742 
         665  1 0.2340 0.1412 0.0255 0.2132 0.0747 0.3115 
         666  1 0.1526 0.2314 0.0257 0.1429 0.0045 0.4429 
         667  1 0.1444 0.6348 0.0106 0.1483 0.0100 0.0519 
         668  1 0.2085 0.1933 0.0379 0.2393 0.1133 0.2077 
         669  1 0.1516 0.1859 0.0040 0.1694 0.0082 0.4809 
         670  1 0.3990 0.1113 0.0314 0.3834 0.0089 0.0660 
         671  1 0.1446 0.0480 0.0043 0.1409 0.0559 0.6063 
         672  1 0.2603 0.0785 0.0055 0.2416 0.0132 0.4009 
         673  1 0.3587 0.1675 0.0055 0.3530 0.0042 0.1111 
         674  1 0.0924 0.1149 0.0863 0.0961 0.0255 0.5848 
         675  1 0.1225 0.0579 0.0100 0.1140 0.0173 0.6782 
         676  1 0.2505 0.1068 0.0109 0.2200 0.0317 0.3801 
         677  1 0.1081 0.5692 0.0063 0.1143 0.0058 0.1962 
