           1  1 0.0696 0.2152 0.1158 0.0254 0.1560 0.1738 0.1132 0.0066 0.1244 
           2  1 0.0032 0.1027 0.2135 0.0086 0.1819 0.1655 0.1727 0.0051 0.1468 
           3  1 0.0241 0.1624 0.1637 0.0485 0.1392 0.1399 0.1244 0.0088 0.1890 
           4  1 0.0079 0.2015 0.1312 0.0084 0.2309 0.1466 0.1325 0.0058 0.1352 
           5  1 0.0363 0.0727 0.1908 0.0058 0.0742 0.1459 0.3278 0.0386 0.1079 
           6  1 0.0660 0.1281 0.1852 0.0075 0.1440 0.1644 0.1683 0.0211 0.1154 
           7  1 0.0033 0.0835 0.2106 0.0050 0.1219 0.1603 0.2655 0.0065 0.1433 
           8  1 0.0095 0.0881 0.1713 0.0747 0.1078 0.1417 0.2864 0.0042 0.1164 
           9  1 0.0480 0.1611 0.1385 0.0079 0.2029 0.1589 0.1448 0.0079 0.1300 
          10  1 0.0097 0.1472 0.1524 0.0512 0.1741 0.1366 0.1234 0.0610 0.1445 
          11  1 0.0334 0.1515 0.1832 0.0058 0.1689 0.1676 0.1616 0.0088 0.1191 
          12  1 0.0030 0.2127 0.1259 0.0079 0.1211 0.1813 0.1528 0.0038 0.1917 
          13  1 0.0048 0.1415 0.1748 0.0142 0.1636 0.1802 0.1384 0.0063 0.1762 
          14  1 0.0201 0.1813 0.1628 0.0057 0.1496 0.1586 0.1381 0.0086 0.1751 
          15  1 0.1357 0.1924 0.1058 0.0349 0.1380 0.1559 0.0991 0.0105 0.1277 
          16  1 0.0216 0.1511 0.1882 0.0051 0.1885 0.1590 0.1579 0.0069 0.1217 
          17  1 0.0276 0.1249 0.2001 0.0152 0.1636 0.1519 0.1643 0.0167 0.1356 
          18  1 0.0191 0.1675 0.1854 0.0142 0.1500 0.1681 0.1390 0.0089 0.1478 
          19  1 0.0573 0.1379 0.1392 0.0652 0.2014 0.1380 0.1263 0.0099 0.1249 
          20  1 0.0054 0.0829 0.1482 0.0256 0.1082 0.1209 0.1923 0.2356 0.0808 
          21  1 0.0253 0.1129 0.1990 0.0148 0.1332 0.1458 0.1420 0.0381 0.1888 
          22  1 0.0510 0.1948 0.1148 0.0045 0.2422 0.1559 0.0802 0.0055 0.1511 
          23  1 0.0262 0.0835 0.1984 0.0186 0.1041 0.1505 0.3147 0.0119 0.0922 
          24  1 0.0168 0.1325 0.1792 0.0240 0.1460 0.1534 0.1623 0.0530 0.1327 
          25  1 0.0186 0.1324 0.1228 0.0315 0.2152 0.1416 0.1817 0.0225 0.1337 
          26  1 0.0131 0.1401 0.1465 0.0087 0.2262 0.1638 0.1300 0.0043 0.1673 
          27  1 0.0175 0.1369 0.1740 0.0073 0.1312 0.1641 0.1704 0.0075 0.1912 
          28  1 0.0363 0.1628 0.1218 0.0296 0.1585 0.1360 0.1114 0.1242 0.1195 
          29  1 0.0049 0.1381 0.1203 0.0107 0.1876 0.1774 0.1796 0.0341 0.1474 
          30  1 0.0065 0.2234 0.1328 0.0038 0.1970 0.1351 0.0917 0.0036 0.2060 
          31  1 0.0390 0.1095 0.2038 0.0055 0.1269 0.1578 0.1282 0.0068 0.2225 
          32  1 0.0094 0.0899 0.1979 0.0051 0.1170 0.1531 0.2973 0.0048 0.1255 
          33  1 0.0597 0.0569 0.1934 0.0057 0.0943 0.1359 0.3825 0.0047 0.0669 
          34  1 0.0124 0.1198 0.1614 0.0349 0.1831 0.1623 0.1672 0.0181 0.1409 
          35  1 0.0235 0.1496 0.2000 0.0074 0.0834 0.1513 0.1919 0.0087 0.1843 
          36  1 0.0074 0.0851 0.2623 0.0056 0.1232 0.1791 0.1902 0.0056 0.1415 
          37  1 0.0255 0.1250 0.1257 0.0103 0.1605 0.1677 0.1566 0.0683 0.1604 
          38  1 0.1038 0.0890 0.1570 0.0118 0.0965 0.1299 0.2717 0.0066 0.1337 
          39  1 0.8689 0.0185 0.0199 0.0108 0.0181 0.0174 0.0173 0.0092 0.0200 
          40  1 0.0420 0.1030 0.1753 0.0049 0.1135 0.1554 0.1975 0.0146 0.1939 
          41  1 0.0128 0.1400 0.2084 0.0202 0.1490 0.1448 0.1802 0.0110 0.1336 
          42  1 0.0333 0.1641 0.1343 0.0117 0.1160 0.1663 0.1707 0.0118 0.1918 
          43  1 0.0186 0.1123 0.1842 0.0569 0.1519 0.1481 0.1853 0.0094 0.1333 
          44  1 0.0087 0.1393 0.1825 0.0064 0.1407 0.1637 0.1935 0.0396 0.1256 
          45  1 0.0034 0.1564 0.1445 0.0210 0.2323 0.1708 0.1348 0.0040 0.1329 
          46  1 0.0082 0.1200 0.2048 0.0094 0.2060 0.1518 0.1261 0.0097 0.1641 
          47  1 0.0256 0.2240 0.1313 0.0091 0.1504 0.1440 0.1664 0.0311 0.1180 
          48  1 0.0118 0.1287 0.1732 0.0092 0.1761 0.1656 0.1901 0.0313 0.1139 
          49  1 0.0250 0.1621 0.1474 0.0664 0.1289 0.1417 0.1115 0.0153 0.2018 
          50  1 0.0065 0.1522 0.1529 0.0147 0.1814 0.1521 0.1861 0.0067 0.1475 
          51  1 0.0049 0.1073 0.1870 0.0148 0.1206 0.1571 0.2211 0.0046 0.1827 
          52  1 0.0161 0.1017 0.2401 0.0032 0.1083 0.1581 0.2403 0.0049 0.1272 
          53  1 0.0045 0.0905 0.1697 0.0372 0.1438 0.1640 0.2797 0.0064 0.1043 
          54  1 0.0271 0.1280 0.1693 0.0079 0.1218 0.1371 0.1589 0.0854 0.1644 
          55  1 0.0055 0.1046 0.1542 0.1936 0.1034 0.1421 0.1511 0.0120 0.1333 
          56  1 0.0400 0.1801 0.1413 0.0065 0.1742 0.1465 0.1394 0.0163 0.1558 
          57  1 0.0081 0.1312 0.1776 0.0137 0.1323 0.1634 0.1409 0.0064 0.2265 
          58  1 0.0075 0.1789 0.1500 0.0075 0.2051 0.1374 0.1181 0.0234 0.1722 
          59  1 0.0079 0.1006 0.1707 0.0049 0.1859 0.1578 0.2541 0.0057 0.1123 
          60  1 0.0108 0.1480 0.1927 0.0157 0.1411 0.1399 0.1509 0.0130 0.1878 
          61  1 0.0407 0.1469 0.1148 0.0126 0.1238 0.1261 0.1163 0.1792 0.1397 
          62  1 0.0048 0.1005 0.1562 0.0157 0.1850 0.1429 0.2489 0.0064 0.1396 
          63  1 0.0248 0.1269 0.2044 0.0281 0.0910 0.1573 0.1718 0.0128 0.1828 
          64  1 0.0073 0.2121 0.1755 0.0109 0.2170 0.1457 0.0901 0.0055 0.1358 
          65  1 0.0142 0.2074 0.1678 0.0068 0.1590 0.1467 0.1409 0.0081 0.1491 
          66  1 0.0066 0.0941 0.1804 0.0111 0.1427 0.1728 0.2402 0.0095 0.1425 
          67  1 0.0166 0.0992 0.1635 0.0166 0.1117 0.1786 0.2770 0.0459 0.0909 
          68  1 0.2991 0.1033 0.1254 0.0204 0.0930 0.1197 0.1112 0.0222 0.1055 
          69  1 0.1196 0.0725 0.1657 0.0090 0.1136 0.1272 0.1813 0.1106 0.1004 
          70  1 0.0162 0.1427 0.1794 0.0067 0.1398 0.1404 0.1067 0.0152 0.2529 
          71  1 0.0182 0.0649 0.2312 0.0069 0.1072 0.1586 0.2667 0.0242 0.1221 
          72  1 0.0049 0.1936 0.1805 0.0123 0.1435 0.1503 0.1651 0.0136 0.1362 
          73  1 0.0185 0.1990 0.1345 0.0338 0.1560 0.1434 0.1817 0.0087 0.1244 
          74  1 0.0155 0.1477 0.1647 0.0078 0.2135 0.1441 0.1490 0.0072 0.1504 
          75  1 0.0080 0.1872 0.1549 0.0282 0.1192 0.1587 0.1488 0.0061 0.1890 
          76  1 0.0268 0.0751 0.2564 0.0072 0.0869 0.1714 0.2406 0.0071 0.1285 
          77  1 0.0080 0.0064 0.0060 0.9482 0.0058 0.0058 0.0059 0.0078 0.0059 
          78  1 0.0140 0.0157 0.0176 0.8736 0.0179 0.0176 0.0177 0.0098 0.0160 
          79  1 0.0042 0.0071 0.0071 0.9416 0.0072 0.0072 0.0070 0.0109 0.0078 
          80  1 0.0027 0.0051 0.0047 0.9652 0.0050 0.0049 0.0048 0.0030 0.0046 
          81  1 0.0039 0.0072 0.0073 0.9484 0.0068 0.0075 0.0075 0.0039 0.0074 
          82  1 0.0089 0.0080 0.0084 0.9349 0.0072 0.0088 0.0086 0.0064 0.0087 
          83  1 0.0135 0.0208 0.0183 0.8490 0.0181 0.0191 0.0173 0.0225 0.0214 
          84  1 0.0098 0.0104 0.0096 0.9270 0.0092 0.0093 0.0098 0.0055 0.0094 
          85  1 0.0082 0.0112 0.0125 0.9104 0.0126 0.0113 0.0118 0.0084 0.0136 
          86  1 0.0158 0.0398 0.0327 0.7723 0.0307 0.0303 0.0317 0.0082 0.0384 
          87  1 0.0053 0.0053 0.0055 0.9572 0.0058 0.0061 0.0055 0.0039 0.0055 
          88  1 0.0132 0.0055 0.0059 0.9437 0.0055 0.0054 0.0066 0.0089 0.0054 
          89  1 0.0079 0.0080 0.0071 0.9431 0.0066 0.0068 0.0069 0.0064 0.0072 
          90  1 0.0161 0.0672 0.0885 0.4640 0.0787 0.0999 0.1121 0.0134 0.0600 
          91  1 0.0131 0.0063 0.0066 0.9415 0.0070 0.0065 0.0060 0.0069 0.0063 
          92  1 0.0063 0.0072 0.0072 0.9410 0.0077 0.0070 0.0069 0.0097 0.0069 
          93  1 0.0042 0.0064 0.0064 0.9519 0.0068 0.0070 0.0059 0.0051 0.0063 
          94  1 0.0038 0.0047 0.0045 0.9631 0.0044 0.0045 0.0045 0.0056 0.0048 
          95  1 0.0189 0.0117 0.0125 0.8951 0.0126 0.0130 0.0119 0.0115 0.0127 
          96  1 0.0065 0.0063 0.0055 0.9527 0.0060 0.0059 0.0057 0.0054 0.0059 
          97  1 0.0080 0.0503 0.0330 0.6737 0.0439 0.0390 0.0363 0.0797 0.0361 
          98  1 0.0145 0.1285 0.1068 0.2564 0.1366 0.1187 0.1159 0.0180 0.1046 
          99  1 0.0212 0.0066 0.0059 0.9359 0.0067 0.0068 0.0070 0.0036 0.0064 
         100  1 0.0090 0.0279 0.0317 0.7810 0.0326 0.0354 0.0419 0.0087 0.0318 
         101  1 0.0130 0.0090 0.0086 0.9297 0.0083 0.0094 0.0090 0.0045 0.0084 
         102  1 0.0277 0.0300 0.0400 0.6860 0.0339 0.0353 0.0379 0.0706 0.0386 
         103  1 0.0516 0.1446 0.1481 0.0078 0.1640 0.1979 0.1453 0.0071 0.1336 
         104  1 0.0045 0.1598 0.1540 0.0053 0.1962 0.1825 0.1383 0.0048 0.1546 
         105  1 0.0107 0.2354 0.1502 0.0060 0.1363 0.1654 0.1662 0.0195 0.1102 
         106  1 0.0061 0.1686 0.1721 0.0181 0.1377 0.1664 0.1433 0.0100 0.1778 
         107  1 0.0088 0.2440 0.1311 0.0157 0.2400 0.1310 0.0776 0.0071 0.1448 
         108  1 0.0294 0.1175 0.1399 0.0129 0.2307 0.1420 0.1031 0.0155 0.2091 
         109  1 0.0193 0.1723 0.1391 0.0165 0.1574 0.1635 0.1514 0.0358 0.1446 
         110  1 0.0173 0.1034 0.1660 0.0051 0.1297 0.1492 0.2918 0.0164 0.1212 
         111  1 0.0171 0.1573 0.1792 0.0058 0.1596 0.1888 0.1720 0.0062 0.1140 
         112  1 0.0413 0.1133 0.1606 0.0133 0.1709 0.2046 0.1554 0.0046 0.1361 
         113  1 0.0133 0.2063 0.1430 0.0291 0.1033 0.1714 0.1218 0.0078 0.2040 
         114  1 0.0040 0.0863 0.1791 0.0119 0.1290 0.1894 0.2430 0.0071 0.1503 
         115  1 0.0501 0.1486 0.1873 0.0059 0.1560 0.1427 0.1399 0.0488 0.1206 
         116  1 0.0056 0.2464 0.1223 0.0083 0.2101 0.1653 0.1240 0.0041 0.1139 
         117  1 0.0059 0.1390 0.1532 0.0049 0.1870 0.1507 0.0919 0.0065 0.2609 
         118  1 0.0172 0.1538 0.1507 0.0086 0.1475 0.1763 0.1648 0.0073 0.1739 
         119  1 0.0114 0.1375 0.2041 0.0093 0.1135 0.1450 0.1400 0.0046 0.2346 
         120  1 0.0083 0.1299 0.1601 0.0270 0.2069 0.1414 0.1016 0.0043 0.2205 
         121  1 0.0585 0.1337 0.1630 0.0178 0.1237 0.1366 0.1272 0.0109 0.2285 
         122  1 0.0143 0.1830 0.1241 0.0109 0.2268 0.1595 0.1233 0.0121 0.1461 
         123  1 0.0286 0.2112 0.1485 0.0102 0.1360 0.1486 0.1186 0.0112 0.1870 
         124  1 0.0528 0.1243 0.1816 0.0288 0.1362 0.1615 0.1824 0.0084 0.1240 
         125  1 0.0061 0.0984 0.1839 0.0050 0.1579 0.1843 0.2073 0.0089 0.1481 
         126  1 0.0059 0.1398 0.1436 0.0524 0.1676 0.1668 0.1446 0.0158 0.1636 
         127  1 0.0140 0.1196 0.1621 0.0105 0.1843 0.1691 0.1797 0.0104 0.1503 
         128  1 0.0049 0.1221 0.0687 0.4403 0.1109 0.0864 0.0758 0.0055 0.0855 
         129  1 0.0100 0.1534 0.1599 0.0500 0.1660 0.1524 0.1511 0.0139 0.1434 
         130  1 0.0905 0.1503 0.1551 0.0058 0.0937 0.1446 0.1850 0.0110 0.1641 
         131  1 0.0106 0.1603 0.1438 0.0439 0.1663 0.1602 0.1187 0.0058 0.1904 
         132  1 0.0098 0.0898 0.1664 0.0057 0.1508 0.1816 0.2815 0.0036 0.1108 
         133  1 0.0053 0.1480 0.1472 0.0582 0.1410 0.1456 0.1193 0.0049 0.2305 
         134  1 0.0066 0.1019 0.1719 0.0230 0.0924 0.1424 0.3600 0.0064 0.0953 
         135  1 0.0095 0.1193 0.1571 0.1065 0.1254 0.1538 0.1385 0.0493 0.1405 
         136  1 0.0147 0.0897 0.1515 0.0534 0.1720 0.1495 0.1903 0.0092 0.1696 
         137  1 0.0126 0.2286 0.1191 0.0062 0.2288 0.1580 0.1004 0.0103 0.1362 
         138  1 0.0040 0.0837 0.1319 0.0122 0.2227 0.1475 0.2862 0.0070 0.1047 
         139  1 0.0618 0.1401 0.1583 0.0181 0.1281 0.1674 0.2027 0.0055 0.1180 
         140  1 0.0491 0.1197 0.1545 0.0283 0.1704 0.1398 0.1479 0.0534 0.1369 
         141  1 0.0156 0.1434 0.1813 0.0059 0.1734 0.1600 0.1701 0.0063 0.1440 
         142  1 0.0122 0.1621 0.1751 0.0051 0.1843 0.1392 0.1023 0.0088 0.2110 
         143  1 0.0108 0.1933 0.1307 0.0204 0.1605 0.2010 0.1153 0.0054 0.1625 
         144  1 0.0110 0.1503 0.1415 0.0158 0.2224 0.1672 0.1412 0.0055 0.1451 
         145  1 0.1093 0.1265 0.1616 0.0093 0.1416 0.1096 0.1087 0.0534 0.1799 
         146  1 0.0127 0.1847 0.1315 0.0159 0.1468 0.1491 0.1823 0.0149 0.1621 
         147  1 0.1120 0.1861 0.1395 0.0060 0.1217 0.1214 0.1073 0.0174 0.1886 
         148  1 0.0045 0.1016 0.1698 0.0573 0.1197 0.1907 0.2410 0.0081 0.1073 
         149  1 0.0256 0.1304 0.1659 0.0063 0.1547 0.1525 0.1554 0.0313 0.1778 
         150  1 0.0078 0.1138 0.1510 0.0349 0.1412 0.1516 0.1378 0.0825 0.1794 
         151  1 0.0139 0.1181 0.1539 0.0070 0.1924 0.1917 0.1984 0.0080 0.1163 
         152  1 0.2397 0.0833 0.0591 0.0308 0.0909 0.0605 0.0736 0.3033 0.0588 
         153  1 0.0356 0.0790 0.2392 0.0204 0.0981 0.1513 0.2171 0.0337 0.1257 
         154  1 0.0630 0.1739 0.1258 0.0255 0.1322 0.1202 0.1872 0.0691 0.1031 
         155  1 0.0074 0.1247 0.1722 0.0079 0.1410 0.2242 0.1954 0.0079 0.1194 
         156  1 0.0085 0.2064 0.0796 0.1869 0.1542 0.1349 0.0847 0.0270 0.1177 
         157  1 0.0204 0.0980 0.1794 0.0154 0.0882 0.1465 0.3554 0.0065 0.0903 
         158  1 0.0120 0.1069 0.1788 0.0133 0.1105 0.1653 0.2996 0.0050 0.1086 
         159  1 0.0117 0.1344 0.1176 0.0372 0.0927 0.1005 0.1406 0.2579 0.1075 
         160  1 0.0746 0.1536 0.1502 0.0099 0.1629 0.1489 0.1163 0.0090 0.1747 
         161  1 0.0257 0.1181 0.1958 0.0259 0.1184 0.1521 0.1814 0.0270 0.1556 
         162  1 0.0060 0.1369 0.1631 0.0075 0.1828 0.1941 0.1386 0.0113 0.1597 
         163  1 0.0114 0.2155 0.1384 0.0043 0.1594 0.1494 0.0854 0.0050 0.2314 
         164  1 0.0173 0.1259 0.1629 0.0042 0.1989 0.1629 0.1339 0.0071 0.1868 
         165  1 0.0039 0.1659 0.1344 0.0041 0.0969 0.1555 0.1858 0.0672 0.1862 
         166  1 0.0306 0.0940 0.1453 0.0879 0.1549 0.1318 0.1262 0.0038 0.2255 
         167  1 0.0168 0.2288 0.1401 0.0054 0.1803 0.1513 0.1260 0.0067 0.1447 
         168  1 0.0084 0.1685 0.1851 0.0184 0.1868 0.1578 0.1482 0.0134 0.1134 
         169  1 0.0049 0.1256 0.1849 0.0054 0.1286 0.1710 0.1845 0.0043 0.1908 
         170  1 0.0141 0.1772 0.1423 0.0084 0.1963 0.1651 0.1087 0.0125 0.1755 
         171  1 0.0312 0.1820 0.1288 0.0065 0.1670 0.1547 0.1226 0.0233 0.1840 
         172  1 0.0180 0.2255 0.1318 0.0039 0.1773 0.1470 0.1161 0.0090 0.1714 
         173  1 0.0094 0.1582 0.1698 0.0097 0.1914 0.1363 0.1441 0.0168 0.1643 
         174  1 0.0129 0.1564 0.1498 0.0058 0.1545 0.1453 0.1327 0.0890 0.1536 
         175  1 0.0461 0.1888 0.1379 0.0056 0.1639 0.1577 0.1186 0.0132 0.1682 
         176  1 0.0252 0.1572 0.1541 0.0101 0.1904 0.1562 0.1129 0.0123 0.1815 
         177  1 0.0232 0.1327 0.1678 0.0044 0.1663 0.1555 0.1065 0.0058 0.2378 
         178  1 0.0202 0.1339 0.1555 0.0049 0.1300 0.1873 0.2273 0.0156 0.1253 
         179  1 0.6316 0.0593 0.0559 0.0169 0.0519 0.0543 0.0447 0.0118 0.0736 
         180  1 0.0116 0.1868 0.1495 0.0082 0.2346 0.1656 0.0928 0.0052 0.1458 
         181  1 0.0244 0.1611 0.1596 0.0580 0.1390 0.1456 0.1405 0.0140 0.1579 
         182  1 0.0371 0.1455 0.1602 0.0301 0.1361 0.1350 0.0881 0.0085 0.2595 
         183  1 0.0159 0.1638 0.1423 0.0565 0.1428 0.1553 0.1918 0.0172 0.1145 
         184  1 0.0502 0.1409 0.1523 0.0135 0.1087 0.1617 0.1768 0.0076 0.1882 
         185  1 0.0167 0.2000 0.1249 0.0192 0.1698 0.1606 0.1276 0.0075 0.1737 
         186  1 0.0058 0.1908 0.1561 0.0057 0.1813 0.1364 0.0656 0.0033 0.2549 
         187  1 0.0749 0.1388 0.1383 0.0060 0.1805 0.1479 0.1435 0.0270 0.1431 
         188  1 0.0244 0.1423 0.1444 0.0077 0.2030 0.1673 0.1369 0.0182 0.1560 
         189  1 0.0660 0.1319 0.1929 0.0091 0.1378 0.1470 0.1189 0.0114 0.1850 
         190  1 0.0251 0.1332 0.1712 0.0052 0.1435 0.1534 0.1489 0.0282 0.1912 
         191  1 0.0239 0.1504 0.1353 0.0653 0.1433 0.1537 0.1278 0.0586 0.1416 
         192  1 0.0247 0.1709 0.1225 0.0032 0.1786 0.1449 0.1615 0.0517 0.1421 
         193  1 0.0470 0.1244 0.1679 0.0074 0.0891 0.1564 0.2772 0.0089 0.1217 
         194  1 0.0251 0.1664 0.1606 0.0067 0.1383 0.1543 0.1380 0.0207 0.1900 
         195  1 0.0091 0.1447 0.1596 0.0063 0.1430 0.1382 0.1150 0.0230 0.2611 
         196  1 0.0370 0.0951 0.1147 0.2982 0.0979 0.1043 0.1591 0.0061 0.0877 
         197  1 0.0183 0.1547 0.1663 0.0275 0.1580 0.1550 0.1480 0.0049 0.1673 
         198  1 0.0231 0.1304 0.1805 0.0165 0.1300 0.1799 0.1948 0.0101 0.1347 
         199  1 0.0413 0.1378 0.1760 0.0078 0.1502 0.1339 0.1077 0.0085 0.2368 
         200  1 0.0135 0.1110 0.2126 0.0250 0.1123 0.1571 0.1944 0.0049 0.1692 
         201  1 0.0666 0.1416 0.1466 0.0047 0.1543 0.1389 0.1329 0.0633 0.1510 
         202  1 0.0100 0.1192 0.1662 0.0253 0.0982 0.1468 0.3087 0.0046 0.1211 
         203  1 0.0352 0.2242 0.1215 0.0392 0.1662 0.1271 0.1281 0.0071 0.1513 
         204  1 0.0038 0.1582 0.1676 0.0097 0.1182 0.1680 0.1843 0.0099 0.1803 
         205  1 0.0036 0.1315 0.1246 0.0107 0.2132 0.2176 0.1586 0.0215 0.1188 
         206  1 0.0257 0.2019 0.1235 0.0083 0.2021 0.1457 0.1444 0.0178 0.1305 
         207  1 0.0448 0.1964 0.1463 0.0220 0.1880 0.1411 0.0911 0.0056 0.1648 
         208  1 0.0037 0.2381 0.1299 0.0360 0.1449 0.2067 0.1132 0.0048 0.1226 
         209  1 0.0060 0.0960 0.1632 0.0089 0.1415 0.1537 0.2737 0.0338 0.1232 
         210  1 0.0096 0.1190 0.1529 0.0146 0.1420 0.1467 0.2473 0.0079 0.1600 
         211  1 0.0071 0.2227 0.1578 0.0075 0.1646 0.2217 0.0983 0.0056 0.1145 
         212  1 0.0101 0.1547 0.1631 0.0214 0.1930 0.1706 0.1248 0.0272 0.1351 
         213  1 0.0095 0.1087 0.1984 0.0156 0.1122 0.1926 0.2039 0.0108 0.1483 
         214  1 0.0065 0.1223 0.2117 0.0094 0.1425 0.1749 0.1415 0.0272 0.1640 
         215  1 0.0147 0.2365 0.1411 0.0122 0.2103 0.1501 0.1166 0.0073 0.1112 
         216  1 0.0129 0.1446 0.1509 0.0083 0.1734 0.1805 0.1615 0.0108 0.1570 
         217  1 0.0180 0.1590 0.1564 0.0065 0.1516 0.1588 0.1213 0.0269 0.2013 
         218  1 0.0088 0.1506 0.1609 0.0335 0.1290 0.1702 0.1843 0.0127 0.1500 
         219  1 0.0132 0.1397 0.1997 0.0056 0.1187 0.1444 0.1677 0.0037 0.2073 
         220  1 0.0102 0.0713 0.1049 0.3521 0.1023 0.0953 0.1352 0.0101 0.1187 
         221  1 0.0149 0.1486 0.1433 0.0209 0.1958 0.1845 0.1317 0.0178 0.1426 
         222  1 0.0521 0.1152 0.1649 0.0079 0.1363 0.1440 0.1554 0.0688 0.1554 
         223  1 0.0532 0.2009 0.1320 0.0053 0.1497 0.1468 0.1470 0.0220 0.1431 
         224  1 0.0068 0.1741 0.1559 0.0045 0.1622 0.1559 0.1304 0.0149 0.1952 
         225  1 0.2148 0.0931 0.0877 0.0071 0.0970 0.0927 0.0776 0.2277 0.1022 
         226  1 0.0072 0.2275 0.1286 0.0092 0.1912 0.1618 0.1196 0.0231 0.1318 
         227  1 0.0078 0.2029 0.1587 0.0076 0.1584 0.1452 0.1204 0.0055 0.1934 
         228  1 0.0673 0.1441 0.1632 0.0061 0.1615 0.1682 0.1283 0.0062 0.1550 
         229  1 0.0310 0.1626 0.1681 0.0214 0.1307 0.1452 0.1937 0.0159 0.1315 
         230  1 0.0064 0.1485 0.1375 0.0055 0.1913 0.1591 0.1811 0.0222 0.1483 
         231  1 0.0091 0.1476 0.1756 0.0062 0.1481 0.1471 0.0827 0.0072 0.2763 
         232  1 0.0066 0.2201 0.1693 0.0070 0.1905 0.1578 0.1254 0.0040 0.1194 
         233  1 0.0502 0.1339 0.1838 0.0141 0.1541 0.1366 0.0778 0.0093 0.2403 
         234  1 0.0389 0.1308 0.1491 0.0067 0.1577 0.1525 0.1591 0.0249 0.1803 
         235  1 0.0170 0.1413 0.1632 0.0078 0.1262 0.1433 0.1947 0.0095 0.1971 
         236  1 0.0109 0.1607 0.1399 0.0211 0.1726 0.1441 0.1528 0.0128 0.1850 
         237  1 0.0238 0.1419 0.1654 0.0321 0.1537 0.1703 0.1567 0.0209 0.1353 
         238  1 0.0069 0.1614 0.1502 0.0173 0.1593 0.1787 0.1902 0.0285 0.1076 
         239  1 0.0166 0.1233 0.1657 0.0140 0.1133 0.1420 0.1969 0.0089 0.2192 
         240  1 0.2416 0.0976 0.1151 0.0967 0.0904 0.1091 0.1250 0.0139 0.1108 
         241  1 0.0130 0.1829 0.1520 0.0094 0.1863 0.1514 0.1354 0.0054 0.1642 
         242  1 0.0127 0.1369 0.1921 0.0256 0.1166 0.1854 0.2105 0.0092 0.1109 
         243  1 0.0053 0.1469 0.1830 0.0091 0.1226 0.1619 0.2173 0.0114 0.1425 
         244  1 0.0062 0.2888 0.1324 0.0159 0.2044 0.1463 0.0677 0.0040 0.1343 
         245  1 0.0287 0.0815 0.1458 0.0124 0.0589 0.1244 0.4778 0.0123 0.0582 
         246  1 0.0072 0.1855 0.1283 0.0474 0.2173 0.1648 0.1258 0.0057 0.1181 
         247  1 0.0355 0.0931 0.2606 0.0043 0.1044 0.1640 0.1792 0.0259 0.1331 
         248  1 0.0115 0.1226 0.2049 0.0175 0.1189 0.1637 0.1477 0.0087 0.2046 
         249  1 0.0086 0.1283 0.1495 0.0051 0.1049 0.1724 0.2962 0.0075 0.1274 
         250  1 0.0113 0.2794 0.1243 0.0113 0.1606 0.1508 0.0787 0.0279 0.1557 
         251  1 0.0197 0.2043 0.1574 0.0201 0.1345 0.1522 0.1545 0.0056 0.1516 
         252  1 0.0044 0.1540 0.1580 0.0294 0.1878 0.1446 0.1574 0.0257 0.1386 
         253  1 0.0055 0.1484 0.1755 0.0568 0.1313 0.1601 0.1885 0.0082 0.1256 
         254  1 0.0109 0.1289 0.1601 0.0090 0.1750 0.2089 0.1764 0.0067 0.1241 
         255  1 0.0081 0.1249 0.1551 0.0437 0.1489 0.1729 0.2264 0.0050 0.1151 
         256  1 0.0125 0.1938 0.1583 0.0039 0.1514 0.1563 0.0988 0.0093 0.2157 
         257  1 0.0109 0.1500 0.1393 0.0229 0.1502 0.1552 0.1525 0.0159 0.2031 
         258  1 0.0081 0.2005 0.1533 0.0046 0.1885 0.1466 0.1684 0.0054 0.1246 
         259  1 0.0146 0.1135 0.1885 0.0074 0.1554 0.1571 0.1329 0.0052 0.2254 
         260  1 0.0161 0.1344 0.1939 0.0076 0.1449 0.1611 0.1321 0.0172 0.1929 
         261  1 0.0175 0.0896 0.1485 0.0086 0.1224 0.1206 0.3554 0.0058 0.1315 
         262  1 0.0067 0.1564 0.1739 0.0061 0.1565 0.1742 0.1734 0.0065 0.1462 
         263  1 0.0044 0.0907 0.1539 0.0089 0.1218 0.1469 0.1844 0.1349 0.1540 
         264  1 0.0125 0.0681 0.1986 0.0130 0.1249 0.1718 0.2938 0.0264 0.0910 
         265  1 0.0123 0.0593 0.2304 0.0111 0.0735 0.1346 0.3765 0.0214 0.0809 
         266  1 0.0193 0.0993 0.2285 0.0204 0.1387 0.1601 0.1872 0.0087 0.1378 
         267  1 0.0575 0.0908 0.1872 0.0964 0.1132 0.1442 0.1498 0.0100 0.1509 
         268  1 0.0222 0.1134 0.1365 0.2475 0.1009 0.1180 0.1238 0.0538 0.0840 
         269  1 0.2192 0.1412 0.1081 0.0206 0.1461 0.1105 0.1284 0.0113 0.1146 
         270  1 0.0090 0.1846 0.1305 0.0187 0.2074 0.1578 0.1604 0.0054 0.1261 
         271  1 0.0137 0.1187 0.1679 0.0463 0.1271 0.1499 0.1665 0.0287 0.1813 
         272  1 0.4924 0.0845 0.0846 0.0080 0.0793 0.0777 0.0778 0.0170 0.0785 
         273  1 0.0263 0.1620 0.1489 0.0043 0.1557 0.1588 0.1721 0.0230 0.1490 
         274  1 0.0222 0.1615 0.1622 0.0254 0.1378 0.1434 0.1459 0.0243 0.1772 
         275  1 0.0189 0.1397 0.1512 0.0242 0.1658 0.1575 0.1809 0.0075 0.1543 
         276  1 0.0456 0.2214 0.1227 0.0087 0.1537 0.1228 0.1087 0.0979 0.1184 
         277  1 0.0169 0.1670 0.1857 0.0055 0.1477 0.1445 0.1077 0.0125 0.2125 
         278  1 0.0095 0.1057 0.1541 0.0731 0.1502 0.1629 0.1564 0.0767 0.1113 
         279  1 0.0107 0.1534 0.1284 0.0206 0.2005 0.1918 0.1429 0.0229 0.1288 
         280  1 0.0283 0.1708 0.1382 0.0128 0.2006 0.1468 0.1265 0.0049 0.1712 
         281  1 0.0057 0.1269 0.1944 0.0276 0.1639 0.1814 0.1746 0.0039 0.1217 
         282  1 0.0205 0.1218 0.1283 0.0109 0.1904 0.1608 0.1947 0.0486 0.1240 
         283  1 0.0121 0.1222 0.1399 0.0124 0.1101 0.1235 0.1348 0.2078 0.1372 
         284  1 0.0121 0.1637 0.1396 0.0080 0.1512 0.1475 0.1638 0.0383 0.1759 
         285  1 0.0157 0.1025 0.1904 0.0506 0.0942 0.1478 0.2634 0.0181 0.1174 
         286  1 0.0121 0.1944 0.1736 0.0109 0.1283 0.1654 0.1201 0.0085 0.1866 
         287  1 0.0117 0.1730 0.1580 0.0494 0.1184 0.1555 0.1068 0.0106 0.2166 
         288  1 0.0186 0.1806 0.1632 0.0167 0.1467 0.1738 0.1283 0.0144 0.1578 
         289  1 0.0175 0.1327 0.1865 0.0042 0.1680 0.1622 0.1758 0.0093 0.1438 
         290  1 0.0122 0.1231 0.1629 0.0203 0.1467 0.1793 0.2037 0.0076 0.1441 
         291  1 0.0060 0.1241 0.1616 0.0187 0.1637 0.1524 0.1097 0.0166 0.2471 
         292  1 0.1030 0.1728 0.1579 0.0174 0.1205 0.1334 0.1217 0.0301 0.1431 
         293  1 0.0111 0.2569 0.0964 0.0103 0.2429 0.1629 0.0845 0.0076 0.1273 
         294  1 0.0049 0.1250 0.1239 0.1653 0.1088 0.1312 0.1180 0.0760 0.1469 
         295  1 0.0463 0.1627 0.1509 0.0314 0.1727 0.1514 0.1069 0.0100 0.1676 
         296  1 0.0277 0.1255 0.1405 0.0067 0.2073 0.1720 0.1408 0.0354 0.1441 
         297  1 0.0122 0.1747 0.1276 0.0092 0.1589 0.1610 0.1341 0.0526 0.1699 
         298  1 0.0041 0.1480 0.1574 0.0099 0.2130 0.1639 0.1537 0.0068 0.1434 
         299  1 0.0077 0.1354 0.1722 0.0204 0.1403 0.1788 0.2055 0.0275 0.1122 
         300  1 0.0267 0.1251 0.1822 0.0104 0.1464 0.1906 0.1647 0.0156 0.1383 
         301  1 0.0073 0.1655 0.1224 0.1098 0.2025 0.1382 0.0924 0.0053 0.1566 
         302  1 0.0054 0.1342 0.1908 0.0059 0.1497 0.1412 0.1155 0.0094 0.2481 
         303  1 0.0073 0.1002 0.1640 0.0070 0.1329 0.1757 0.1944 0.0658 0.1527 
         304  1 0.0065 0.2018 0.1519 0.0039 0.2221 0.1584 0.1058 0.0082 0.1415 
         305  1 0.0078 0.1720 0.1304 0.0240 0.2055 0.1586 0.1607 0.0063 0.1348 
         306  1 0.0062 0.1741 0.1448 0.0084 0.1735 0.1639 0.1800 0.0082 0.1409 
         307  1 0.0371 0.1227 0.1523 0.0135 0.1411 0.1634 0.2169 0.0264 0.1266 
         308  1 0.0071 0.1380 0.1492 0.0160 0.1900 0.2239 0.1359 0.0067 0.1333 
         309  1 0.0109 0.2244 0.1292 0.0066 0.1612 0.1453 0.1304 0.0368 0.1552 
         310  1 0.0073 0.1812 0.1297 0.0076 0.1390 0.1556 0.1627 0.0915 0.1253 
         311  1 0.0072 0.2491 0.1178 0.0066 0.1972 0.1546 0.1091 0.0163 0.1421 
         312  1 0.0578 0.1618 0.1648 0.0681 0.1049 0.1320 0.1011 0.0270 0.1825 
         313  1 0.0370 0.1472 0.1603 0.0052 0.2185 0.1580 0.1183 0.0059 0.1496 
         314  1 0.0827 0.1061 0.1569 0.0842 0.1124 0.1418 0.1641 0.0484 0.1033 
         315  1 0.0116 0.2859 0.1158 0.0100 0.1716 0.1331 0.1099 0.0079 0.1542 
         316  1 0.0464 0.1309 0.1326 0.0080 0.1122 0.1233 0.2607 0.0762 0.1097 
         317  1 0.0139 0.1686 0.1452 0.0235 0.1752 0.1516 0.1165 0.0258 0.1797 
         318  1 0.0430 0.1697 0.1585 0.0049 0.1871 0.1567 0.1243 0.0208 0.1350 
         319  1 0.0894 0.1147 0.1405 0.0066 0.1063 0.1173 0.1333 0.1649 0.1270 
         320  1 0.0113 0.1141 0.1122 0.2074 0.1615 0.1153 0.1155 0.0466 0.1161 
         321  1 0.0177 0.0796 0.1767 0.0116 0.1753 0.1965 0.2325 0.0053 0.1046 
         322  1 0.0185 0.1772 0.1223 0.0327 0.2184 0.1545 0.1133 0.0145 0.1487 
         323  1 0.0106 0.1133 0.1643 0.0268 0.1307 0.1410 0.2289 0.0107 0.1738 
         324  1 0.0152 0.1411 0.1701 0.0066 0.1895 0.1764 0.1750 0.0071 0.1189 
         325  1 0.0328 0.2375 0.1222 0.0314 0.1761 0.1203 0.1326 0.0222 0.1249 
         326  1 0.0058 0.1736 0.1440 0.0038 0.2058 0.1773 0.1451 0.0063 0.1383 
         327  1 0.0366 0.1439 0.1469 0.0099 0.2020 0.1839 0.1277 0.0050 0.1440 
         328  1 0.0103 0.1567 0.1537 0.0319 0.1441 0.1706 0.1499 0.0147 0.1681 
         329  1 0.0111 0.1602 0.1468 0.0245 0.1918 0.1820 0.1152 0.0152 0.1532 
         330  1 0.2910 0.1086 0.1099 0.0221 0.1319 0.1004 0.0770 0.0041 0.1550 
         331  1 0.1357 0.1917 0.1211 0.0137 0.1737 0.1219 0.1213 0.0048 0.1162 
         332  1 0.0057 0.2621 0.1211 0.0036 0.1617 0.2116 0.1172 0.0084 0.1087 
         333  1 0.0058 0.1577 0.1583 0.0084 0.1780 0.1687 0.1337 0.0104 0.1791 
         334  1 0.1007 0.1728 0.1233 0.0212 0.1040 0.1227 0.2148 0.0052 0.1354 
         335  1 0.0178 0.1338 0.1644 0.0527 0.1843 0.1387 0.1903 0.0070 0.1110 
         336  1 0.9561 0.0060 0.0057 0.0053 0.0058 0.0059 0.0056 0.0042 0.0053 
         337  1 0.5749 0.0500 0.0633 0.0157 0.0620 0.0621 0.0610 0.0401 0.0711 
         338  1 0.9560 0.0045 0.0042 0.0145 0.0044 0.0046 0.0043 0.0028 0.0046 
         339  1 0.9752 0.0032 0.0031 0.0027 0.0032 0.0031 0.0031 0.0032 0.0033 
         340  1 0.9471 0.0061 0.0061 0.0037 0.0063 0.0063 0.0060 0.0124 0.0060 
         341  1 0.0102 0.1116 0.2290 0.0090 0.1239 0.1806 0.1799 0.0065 0.1492 
         342  1 0.9781 0.0028 0.0028 0.0026 0.0028 0.0027 0.0028 0.0026 0.0027 
         343  1 0.9255 0.0090 0.0098 0.0071 0.0097 0.0099 0.0092 0.0099 0.0098 
         344  1 0.9526 0.0060 0.0059 0.0055 0.0060 0.0059 0.0058 0.0063 0.0061 
         345  1 0.9114 0.0110 0.0097 0.0049 0.0109 0.0109 0.0103 0.0199 0.0111 
         346  1 0.9562 0.0051 0.0051 0.0054 0.0054 0.0053 0.0049 0.0078 0.0048 
         347  1 0.9329 0.0081 0.0092 0.0053 0.0077 0.0090 0.0087 0.0108 0.0082 
         348  1 0.8071 0.0250 0.0212 0.0500 0.0235 0.0209 0.0200 0.0101 0.0223 
         349  1 0.9772 0.0030 0.0028 0.0030 0.0027 0.0028 0.0028 0.0029 0.0028 
         350  1 0.7870 0.0276 0.0258 0.0343 0.0341 0.0333 0.0267 0.0045 0.0267 
         351  1 0.9399 0.0062 0.0060 0.0041 0.0067 0.0064 0.0064 0.0184 0.0060 
         352  1 0.0172 0.2408 0.1316 0.0101 0.1883 0.1793 0.1090 0.0059 0.1177 
         353  1 0.9601 0.0056 0.0050 0.0038 0.0050 0.0050 0.0051 0.0054 0.0049 
         354  1 0.9566 0.0059 0.0053 0.0046 0.0058 0.0057 0.0051 0.0053 0.0057 
         355  1 0.9512 0.0060 0.0056 0.0047 0.0063 0.0055 0.0060 0.0090 0.0055 
         356  1 0.0171 0.1179 0.1950 0.0197 0.1680 0.1742 0.1848 0.0079 0.1156 
         357  1 0.0402 0.2310 0.1030 0.0139 0.1495 0.1270 0.0762 0.1249 0.1344 
         358  1 0.0080 0.1394 0.1767 0.0254 0.1573 0.1497 0.1514 0.0101 0.1820 
         359  1 0.0174 0.1422 0.2231 0.0082 0.1166 0.1522 0.1828 0.0202 0.1373 
         360  1 0.0202 0.1697 0.1329 0.0285 0.1689 0.1661 0.1547 0.0486 0.1103 
         361  1 0.1805 0.1246 0.1059 0.0151 0.1256 0.1159 0.1046 0.1094 0.1184 
         362  1 0.0091 0.1238 0.1738 0.0274 0.1491 0.1377 0.1382 0.0049 0.2361 
         363  1 0.0261 0.2734 0.1284 0.0058 0.2042 0.1292 0.0906 0.0060 0.1363 
         364  1 0.0085 0.1479 0.1410 0.0050 0.1511 0.1903 0.1981 0.0058 0.1523 
         365  1 0.0580 0.2991 0.0998 0.0089 0.1399 0.1284 0.0863 0.0071 0.1725 
         366  1 0.0184 0.2082 0.1476 0.0072 0.2111 0.1623 0.1013 0.0049 0.1391 
         367  1 0.0103 0.1448 0.1716 0.0264 0.1148 0.1698 0.1486 0.0132 0.2005 
         368  1 0.0122 0.1509 0.1727 0.0110 0.1296 0.1661 0.1289 0.0107 0.2179 
         369  1 0.0134 0.2733 0.1124 0.0097 0.2191 0.1384 0.0898 0.0047 0.1392 
         370  1 0.0777 0.1450 0.1510 0.0059 0.1734 0.1386 0.1062 0.0431 0.1592 
         371  1 0.0087 0.2008 0.1111 0.0090 0.1916 0.1514 0.0907 0.0445 0.1920 
         372  1 0.0762 0.2378 0.1054 0.0068 0.1254 0.1172 0.1420 0.0371 0.1521 
         373  1 0.0121 0.1671 0.1471 0.0112 0.1841 0.1561 0.1707 0.0154 0.1361 
         374  1 0.0125 0.1337 0.1206 0.1130 0.1446 0.1625 0.1307 0.0414 0.1411 
         375  1 0.0134 0.2027 0.1636 0.0041 0.1684 0.1567 0.1225 0.0233 0.1453 
         376  1 0.0184 0.1514 0.1616 0.0103 0.2099 0.1630 0.1412 0.0127 0.1316 
         377  1 0.0093 0.1620 0.1647 0.0119 0.1913 0.1599 0.1552 0.0096 0.1363 
         378  1 0.0767 0.1901 0.1190 0.0217 0.1766 0.1388 0.0997 0.0093 0.1681 
         379  1 0.0148 0.1961 0.1695 0.0073 0.1758 0.1389 0.1470 0.0114 0.1391 
         380  1 0.0092 0.1559 0.1971 0.0065 0.1452 0.1417 0.1730 0.0155 0.1559 
         381  1 0.0126 0.2632 0.1507 0.0162 0.1812 0.1358 0.0976 0.0106 0.1323 
         382  1 0.0161 0.1047 0.2044 0.0063 0.1198 0.1683 0.2458 0.0246 0.1100 
         383  1 0.0052 0.1651 0.1404 0.0475 0.1723 0.1699 0.1558 0.0142 0.1296 
         384  1 0.0209 0.1720 0.1244 0.0097 0.1805 0.1727 0.1550 0.0109 0.1539 
         385  1 0.0145 0.1011 0.2275 0.0030 0.1214 0.1515 0.2597 0.0043 0.1171 
         386  1 0.0079 0.2606 0.1113 0.0247 0.1758 0.1674 0.1219 0.0089 0.1214 
         387  1 0.0358 0.1811 0.1472 0.0051 0.2189 0.1564 0.1109 0.0073 0.1373 
         388  1 0.0292 0.1479 0.1584 0.0137 0.1517 0.1533 0.1203 0.0110 0.2144 
         389  1 0.0457 0.1399 0.1732 0.0198 0.1280 0.1619 0.1681 0.0064 0.1570 
         390  1 0.0297 0.1167 0.1201 0.0291 0.2105 0.1520 0.2274 0.0041 0.1103 
         391  1 0.0063 0.1763 0.1252 0.0072 0.1771 0.1691 0.2166 0.0063 0.1161 
         392  1 0.0054 0.1767 0.1720 0.0037 0.1618 0.1316 0.0922 0.0153 0.2412 
         393  1 0.0093 0.1685 0.1417 0.0249 0.1600 0.1745 0.1742 0.0069 0.1400 
         394  1 0.0072 0.1435 0.1728 0.0056 0.1396 0.1484 0.1171 0.0068 0.2590 
         395  1 0.0043 0.1507 0.1771 0.0069 0.1441 0.1316 0.0956 0.0054 0.2843 
         396  1 0.0075 0.1831 0.1716 0.0081 0.1314 0.1734 0.1197 0.0056 0.1996 
         397  1 0.0138 0.1510 0.1785 0.0089 0.1356 0.1525 0.1637 0.0071 0.1891 
         398  1 0.0765 0.0967 0.0905 0.3734 0.0750 0.0779 0.0783 0.0208 0.1108 
         399  1 0.0148 0.1497 0.1901 0.0131 0.1438 0.1666 0.1651 0.0104 0.1465 
         400  1 0.0095 0.1640 0.1605 0.0184 0.1669 0.1463 0.1813 0.0270 0.1262 
         401  1 0.0083 0.1416 0.1877 0.0143 0.1607 0.1705 0.1109 0.0079 0.1980 
         402  1 0.0039 0.1251 0.1745 0.0064 0.1569 0.1623 0.1197 0.0140 0.2373 
         403  1 0.0075 0.1691 0.1550 0.0112 0.1703 0.2210 0.1341 0.0062 0.1256 
         404  1 0.0463 0.1414 0.1660 0.0057 0.1397 0.1547 0.1345 0.0191 0.1926 
         405  1 0.0215 0.2134 0.0980 0.0359 0.2706 0.1399 0.0848 0.0090 0.1268 
         406  1 0.0200 0.1435 0.1709 0.0066 0.1612 0.1442 0.1267 0.0398 0.1869 
         407  1 0.0141 0.1647 0.1582 0.0074 0.1050 0.1630 0.2109 0.0123 0.1644 
         408  1 0.0081 0.1273 0.1788 0.0106 0.1449 0.1585 0.1130 0.0079 0.2509 
         409  1 0.0113 0.1689 0.1677 0.0101 0.1268 0.1470 0.1945 0.0187 0.1550 
         410  1 0.0060 0.1443 0.1584 0.0124 0.1724 0.1819 0.1687 0.0093 0.1466 
         411  1 0.0252 0.2009 0.1501 0.0067 0.1633 0.1486 0.1162 0.0281 0.1611 
         412  1 0.0054 0.1507 0.1704 0.0078 0.1507 0.1735 0.1743 0.0140 0.1531 
         413  1 0.0035 0.2073 0.1360 0.0103 0.1636 0.1602 0.1345 0.0051 0.1794 
         414  1 0.0197 0.1727 0.1355 0.0067 0.2439 0.1467 0.1143 0.0170 0.1436 
         415  1 0.0102 0.1283 0.1684 0.0376 0.1578 0.1598 0.2062 0.0067 0.1250 
         416  1 0.0086 0.1294 0.1691 0.0081 0.2259 0.1655 0.1410 0.0092 0.1432 
         417  1 0.0127 0.1818 0.1542 0.0239 0.1494 0.1627 0.1502 0.0109 0.1542 
         418  1 0.0384 0.1440 0.1297 0.0234 0.1748 0.1798 0.1536 0.0054 0.1509 
         419  1 0.0079 0.1593 0.1472 0.0345 0.1657 0.1610 0.1136 0.0106 0.2004 
         420  1 0.0049 0.1589 0.1363 0.1695 0.1233 0.1393 0.1061 0.0063 0.1554 
         421  1 0.0140 0.1015 0.1499 0.0462 0.1627 0.1739 0.2317 0.0085 0.1116 
         422  1 0.0161 0.1753 0.1140 0.0604 0.1437 0.1405 0.1250 0.1052 0.1198 
         423  1 0.0114 0.1808 0.1577 0.0037 0.1374 0.1478 0.1165 0.0136 0.2311 
         424  1 0.0095 0.2359 0.1375 0.0099 0.1646 0.1542 0.1103 0.0136 0.1645 
         425  1 0.0074 0.2928 0.1191 0.0057 0.2193 0.1433 0.0780 0.0070 0.1275 
         426  1 0.0184 0.2044 0.1332 0.0068 0.1766 0.1443 0.1040 0.0316 0.1806 
         427  1 0.0043 0.1364 0.1630 0.0086 0.1569 0.1676 0.2063 0.0048 0.1521 
         428  1 0.0075 0.1582 0.1435 0.0098 0.1422 0.1528 0.2250 0.0057 0.1552 
         429  1 0.0048 0.1190 0.1527 0.0040 0.1134 0.1517 0.3293 0.0120 0.1133 
         430  1 0.0430 0.0937 0.1187 0.0137 0.0814 0.1069 0.1165 0.3053 0.1209 
         431  1 0.0070 0.1075 0.1629 0.0073 0.1691 0.1535 0.2021 0.0063 0.1842 
         432  1 0.0587 0.1572 0.1648 0.0064 0.1433 0.1628 0.1168 0.0082 0.1820 
         433  1 0.0173 0.1590 0.1643 0.0056 0.2070 0.1619 0.1299 0.0243 0.1308 
         434  1 0.0314 0.1197 0.1970 0.0133 0.1683 0.1822 0.1549 0.0071 0.1262 
         435  1 0.0044 0.1524 0.1555 0.0155 0.1460 0.2377 0.1445 0.0092 0.1350 
         436  1 0.0040 0.1326 0.1435 0.0609 0.1225 0.2084 0.1825 0.0081 0.1375 
         437  1 0.0111 0.1111 0.1343 0.0567 0.1145 0.1384 0.1234 0.1958 0.1147 
         438  1 0.0042 0.1601 0.1516 0.0049 0.1739 0.1697 0.1673 0.0353 0.1329 
         439  1 0.0357 0.2151 0.1260 0.0098 0.1373 0.1378 0.1499 0.0164 0.1720 
         440  1 0.0214 0.2032 0.1260 0.0256 0.1803 0.1632 0.1461 0.0045 0.1298 
         441  1 0.0054 0.0972 0.1501 0.0182 0.1296 0.1500 0.2807 0.0468 0.1219 
         442  1 0.0070 0.1078 0.1214 0.0263 0.1398 0.1309 0.1555 0.2059 0.1055 
         443  1 0.0746 0.1108 0.1786 0.0092 0.1362 0.1748 0.1839 0.0186 0.1132 
         444  1 0.0163 0.1490 0.1788 0.0164 0.1129 0.1422 0.2400 0.0130 0.1314 
         445  1 0.0143 0.2056 0.1405 0.0061 0.1698 0.1532 0.1378 0.0089 0.1638 
         446  1 0.0124 0.1989 0.1164 0.0125 0.2063 0.1462 0.1232 0.0111 0.1729 
         447  1 0.0225 0.2291 0.1334 0.0197 0.1870 0.1656 0.1067 0.0086 0.1272 
         448  1 0.0149 0.2151 0.0974 0.0781 0.2239 0.1414 0.0626 0.0540 0.1127 
         449  1 0.0123 0.1805 0.1556 0.0254 0.1709 0.1405 0.0684 0.0086 0.2378 
         450  1 0.4821 0.0838 0.0737 0.0523 0.0690 0.0684 0.0472 0.0584 0.0650 
         451  1 0.0353 0.1726 0.1089 0.0611 0.1884 0.1676 0.1245 0.0046 0.1369 
         452  1 0.0123 0.1296 0.1705 0.0085 0.0946 0.1919 0.1950 0.0137 0.1838 
         453  1 0.0068 0.1555 0.1498 0.0376 0.1764 0.1648 0.1595 0.0100 0.1397 
         454  1 0.0083 0.1223 0.1726 0.0147 0.1320 0.1609 0.2547 0.0482 0.0862 
         455  1 0.0054 0.1319 0.2027 0.0044 0.1588 0.1616 0.1549 0.0085 0.1718 
         456  1 0.0534 0.1373 0.1821 0.0081 0.1561 0.1537 0.1402 0.0128 0.1562 
         457  1 0.0066 0.1357 0.1797 0.0088 0.1457 0.1564 0.2257 0.0049 0.1365 
         458  1 0.1088 0.1228 0.1718 0.0107 0.0997 0.1239 0.2137 0.0139 0.1346 
         459  1 0.0201 0.1868 0.1146 0.0136 0.1708 0.1732 0.1361 0.0348 0.1501 
         460  1 0.0059 0.1509 0.1518 0.0178 0.1471 0.1463 0.1160 0.0504 0.2137 
         461  1 0.0276 0.1571 0.1430 0.0472 0.1124 0.1595 0.1486 0.0328 0.1717 
         462  1 0.0061 0.1701 0.1439 0.0087 0.1676 0.1701 0.1205 0.0075 0.2056 
         463  1 0.0193 0.2063 0.1374 0.0199 0.2039 0.1399 0.1062 0.0300 0.1373 
         464  1 0.0069 0.1290 0.1650 0.0374 0.1520 0.1396 0.0985 0.0106 0.2607 
         465  1 0.0207 0.1758 0.1139 0.0129 0.1848 0.1769 0.1146 0.0575 0.1429 
         466  1 0.1232 0.1410 0.1183 0.0438 0.0945 0.1168 0.0980 0.1537 0.1107 
         467  1 0.0075 0.1366 0.2068 0.0158 0.1172 0.1779 0.1243 0.0142 0.1997 
         468  1 0.0218 0.2711 0.1208 0.0073 0.1663 0.1822 0.0863 0.0069 0.1374 
         469  1 0.0048 0.2235 0.1233 0.0074 0.1914 0.1669 0.0988 0.0065 0.1774 
         470  1 0.0069 0.1523 0.1544 0.0098 0.1232 0.1640 0.1443 0.0504 0.1947 
         471  1 0.0066 0.1530 0.1781 0.0050 0.1934 0.1741 0.1277 0.0053 0.1568 
         472  1 0.0048 0.1573 0.1582 0.0178 0.1538 0.1534 0.1356 0.0314 0.1877 
         473  1 0.0434 0.1213 0.1614 0.0094 0.1249 0.1765 0.2057 0.0144 0.1429 
         474  1 0.0137 0.1801 0.1627 0.0044 0.1421 0.1720 0.1901 0.0062 0.1287 
         475  1 0.0056 0.1448 0.1904 0.0064 0.1200 0.1539 0.1159 0.0045 0.2585 
         476  1 0.0069 0.1100 0.1765 0.0102 0.1609 0.1721 0.1945 0.0049 0.1641 
         477  1 0.0226 0.1556 0.1506 0.0080 0.1622 0.1669 0.1313 0.0415 0.1612 
         478  1 0.0361 0.1332 0.1550 0.0093 0.1663 0.1373 0.1318 0.0670 0.1640 
         479  1 0.0132 0.1473 0.1377 0.1089 0.1431 0.1454 0.1137 0.0060 0.1847 
         480  1 0.0048 0.1728 0.1408 0.0161 0.2215 0.1476 0.1168 0.0078 0.1718 
         481  1 0.0194 0.1064 0.1582 0.0144 0.1225 0.1773 0.2640 0.0110 0.1268 
         482  1 0.0176 0.2627 0.0962 0.0088 0.2261 0.1564 0.0968 0.0049 0.1305 
         483  1 0.0052 0.1246 0.1548 0.0084 0.1689 0.1414 0.2545 0.0153 0.1269 
         484  1 0.0902 0.1335 0.1439 0.0822 0.1398 0.1259 0.1053 0.0059 0.1734 
         485  1 0.2722 0.0511 0.0365 0.0323 0.0461 0.0423 0.0383 0.4424 0.0389 
         486  1 0.0209 0.2207 0.1335 0.0328 0.1164 0.1388 0.1848 0.0078 0.1444 
         487  1 0.0153 0.2155 0.1340 0.0063 0.1576 0.1534 0.1126 0.0080 0.1973 
         488  1 0.0177 0.2013 0.1184 0.0471 0.1396 0.1621 0.1072 0.0199 0.1866 
         489  1 0.0066 0.1249 0.1654 0.0274 0.2313 0.1747 0.1197 0.0077 0.1421 
         490  1 0.1349 0.1623 0.1013 0.0171 0.1572 0.1591 0.1233 0.0126 0.1324 
         491  1 0.0191 0.2201 0.1716 0.0086 0.1164 0.1678 0.1298 0.0065 0.1601 
         492  1 0.0081 0.1425 0.1718 0.0080 0.1940 0.1492 0.1455 0.0145 0.1666 
         493  1 0.0069 0.2207 0.1357 0.0080 0.1516 0.1599 0.1352 0.0034 0.1786 
         494  1 0.0090 0.1668 0.1610 0.0066 0.1345 0.1761 0.1429 0.0073 0.1958 
         495  1 0.0071 0.1377 0.1739 0.0141 0.1335 0.1600 0.1726 0.0185 0.1825 
         496  1 0.0082 0.0804 0.1324 0.0117 0.1922 0.1833 0.1888 0.0903 0.1127 
         497  1 0.0550 0.1888 0.1352 0.0091 0.1789 0.1405 0.1106 0.0085 0.1734 
         498  1 0.0169 0.1451 0.1917 0.0113 0.1511 0.1739 0.1503 0.0109 0.1489 
         499  1 0.0062 0.0946 0.2056 0.0089 0.1457 0.1631 0.1197 0.0054 0.2509 
         500  1 0.0115 0.1682 0.1646 0.0061 0.1899 0.1563 0.1269 0.0082 0.1683 
