           1  1 0.1752 0.2951 0.1995 0.0071 0.2023 0.0915 0.0293 
           2  1 0.3283 0.1668 0.1981 0.0052 0.2898 0.0037 0.0080 
           3  1 0.2255 0.2252 0.2481 0.0082 0.2074 0.0305 0.0551 
           4  1 0.2337 0.3194 0.2365 0.0057 0.1872 0.0087 0.0086 
           5  1 0.3636 0.1093 0.1016 0.0454 0.3330 0.0410 0.0061 
           6  1 0.3228 0.1494 0.1616 0.0210 0.2573 0.0791 0.0088 
           7  1 0.3383 0.1243 0.2034 0.0063 0.3190 0.0035 0.0052 
           8  1 0.3112 0.1519 0.1209 0.0045 0.3201 0.0101 0.0813 
           9  1 0.2261 0.2649 0.2612 0.0084 0.1763 0.0546 0.0086 
          10  1 0.1716 0.2458 0.2490 0.0630 0.1998 0.0113 0.0595 
          11  1 0.2465 0.2726 0.2037 0.0091 0.2282 0.0341 0.0059 
          12  1 0.2651 0.2403 0.1856 0.0040 0.2922 0.0038 0.0090 
          13  1 0.2382 0.2290 0.2998 0.0067 0.2079 0.0049 0.0136 
          14  1 0.2197 0.2387 0.2561 0.0085 0.2486 0.0226 0.0058 
          15  1 0.1642 0.2368 0.2121 0.0117 0.1608 0.1707 0.0436 
          16  1 0.2407 0.2932 0.1957 0.0071 0.2351 0.0226 0.0056 
          17  1 0.2986 0.2055 0.1760 0.0196 0.2439 0.0415 0.0149 
          18  1 0.2354 0.2654 0.1964 0.0094 0.2523 0.0247 0.0163 
          19  1 0.1869 0.2624 0.2075 0.0106 0.1902 0.0687 0.0736 
          20  1 0.2492 0.1095 0.0926 0.2610 0.2529 0.0055 0.0293 
          21  1 0.2324 0.2079 0.2285 0.0389 0.2410 0.0353 0.0160 
          22  1 0.1668 0.2621 0.3419 0.0059 0.1619 0.0565 0.0049 
          23  1 0.3881 0.1021 0.1268 0.0118 0.3269 0.0250 0.0192 
          24  1 0.2753 0.2022 0.1631 0.0562 0.2571 0.0223 0.0238 
          25  1 0.2266 0.2931 0.2123 0.0265 0.1855 0.0186 0.0374 
          26  1 0.2226 0.2558 0.3095 0.0045 0.1846 0.0138 0.0093 
          27  1 0.2849 0.2468 0.1694 0.0076 0.2646 0.0183 0.0084 
          28  1 0.1853 0.2574 0.1535 0.1424 0.1734 0.0502 0.0377 
          29  1 0.2136 0.2411 0.2577 0.0407 0.2307 0.0054 0.0108 
          30  1 0.1413 0.3285 0.3514 0.0039 0.1634 0.0074 0.0042 
          31  1 0.2459 0.1775 0.2486 0.0077 0.2552 0.0595 0.0056 
          32  1 0.3892 0.1410 0.1319 0.0049 0.3170 0.0107 0.0053 
          33  1 0.4062 0.0913 0.0803 0.0049 0.3451 0.0652 0.0070 
          34  1 0.2291 0.2992 0.1849 0.0165 0.2202 0.0133 0.0368 
          35  1 0.3063 0.1593 0.1568 0.0084 0.3360 0.0254 0.0079 
          36  1 0.3619 0.1432 0.1047 0.0056 0.3696 0.0096 0.0054 
          37  1 0.2057 0.2164 0.2397 0.0786 0.2192 0.0297 0.0106 
          38  1 0.2873 0.1257 0.1108 0.0070 0.3222 0.1344 0.0125 
          39  1 0.0168 0.0161 0.0172 0.0089 0.0152 0.9155 0.0103 
          40  1 0.2787 0.1598 0.2040 0.0144 0.2786 0.0597 0.0048 
          41  1 0.2832 0.2185 0.1719 0.0118 0.2762 0.0153 0.0231 
          42  1 0.2960 0.1924 0.1364 0.0133 0.3091 0.0398 0.0131 
          43  1 0.2901 0.1870 0.1683 0.0099 0.2583 0.0240 0.0623 
          44  1 0.2828 0.2373 0.1942 0.0415 0.2285 0.0092 0.0065 
          45  1 0.2194 0.2298 0.3191 0.0042 0.2015 0.0037 0.0222 
          46  1 0.2626 0.2259 0.2519 0.0110 0.2308 0.0090 0.0088 
          47  1 0.2304 0.3042 0.1884 0.0342 0.2038 0.0299 0.0091 
          48  1 0.3068 0.2020 0.1381 0.0372 0.2933 0.0120 0.0105 
          49  1 0.1499 0.2353 0.3428 0.0170 0.1585 0.0272 0.0694 
          50  1 0.2461 0.2702 0.2286 0.0068 0.2264 0.0067 0.0151 
          51  1 0.3230 0.1734 0.1861 0.0049 0.2900 0.0056 0.0170 
          52  1 0.3751 0.1317 0.1398 0.0048 0.3250 0.0201 0.0034 
          53  1 0.2942 0.1713 0.1673 0.0064 0.3104 0.0047 0.0458 
          54  1 0.2501 0.1875 0.1619 0.0939 0.2520 0.0471 0.0074 
          55  1 0.2117 0.1443 0.1892 0.0128 0.2382 0.0063 0.1976 
          56  1 0.2267 0.2471 0.2300 0.0180 0.2246 0.0472 0.0064 
          57  1 0.2609 0.1988 0.2253 0.0064 0.2831 0.0106 0.0149 
          58  1 0.1833 0.2566 0.3360 0.0268 0.1817 0.0082 0.0075 
          59  1 0.3053 0.2419 0.1647 0.0055 0.2693 0.0082 0.0050 
          60  1 0.2020 0.1833 0.3638 0.0132 0.2094 0.0114 0.0169 
          61  1 0.1769 0.1889 0.1651 0.1944 0.2060 0.0561 0.0125 
          62  1 0.3237 0.1851 0.1989 0.0067 0.2647 0.0052 0.0156 
          63  1 0.2831 0.1661 0.1656 0.0132 0.3102 0.0275 0.0343 
          64  1 0.2084 0.3574 0.2037 0.0058 0.2062 0.0078 0.0107 
          65  1 0.2753 0.2507 0.1579 0.0084 0.2848 0.0158 0.0072 
          66  1 0.3203 0.1612 0.1748 0.0098 0.3154 0.0073 0.0112 
          67  1 0.3345 0.1331 0.1248 0.0477 0.3214 0.0190 0.0195 
          68  1 0.1600 0.1432 0.1097 0.0326 0.1569 0.3687 0.0289 
          69  1 0.2523 0.1174 0.0980 0.1325 0.2207 0.1692 0.0099 
          70  1 0.1580 0.2413 0.4033 0.0167 0.1560 0.0175 0.0073 
          71  1 0.3264 0.1208 0.1284 0.0246 0.3732 0.0199 0.0067 
          72  1 0.2856 0.2419 0.1582 0.0137 0.2817 0.0054 0.0136 
          73  1 0.2489 0.2589 0.1737 0.0088 0.2450 0.0223 0.0423 
          74  1 0.2258 0.3119 0.2066 0.0078 0.2210 0.0183 0.0086 
          75  1 0.3309 0.1717 0.1136 0.0065 0.3437 0.0077 0.0260 
          76  1 0.3503 0.1068 0.1359 0.0072 0.3597 0.0318 0.0083 
          77  1 0.0056 0.0061 0.0058 0.0075 0.0054 0.0081 0.9614 
          78  1 0.0171 0.0181 0.0177 0.0115 0.0169 0.0142 0.9045 
          79  1 0.0070 0.0067 0.0069 0.0112 0.0071 0.0047 0.9564 
          80  1 0.0047 0.0053 0.0045 0.0032 0.0047 0.0028 0.9748 
          81  1 0.0067 0.0070 0.0072 0.0038 0.0067 0.0041 0.9646 
          82  1 0.0085 0.0072 0.0077 0.0063 0.0090 0.0088 0.9525 
          83  1 0.0173 0.0184 0.0202 0.0242 0.0165 0.0144 0.8890 
          84  1 0.0092 0.0089 0.0086 0.0055 0.0084 0.0100 0.9493 
          85  1 0.0107 0.0115 0.0110 0.0086 0.0113 0.0079 0.9389 
          86  1 0.0334 0.0344 0.0272 0.0083 0.0312 0.0164 0.8489 
          87  1 0.0053 0.0057 0.0050 0.0037 0.0057 0.0053 0.9693 
          88  1 0.0056 0.0053 0.0055 0.0080 0.0054 0.0134 0.9568 
          89  1 0.0065 0.0068 0.0067 0.0065 0.0062 0.0071 0.9602 
          90  1 0.1224 0.1009 0.0961 0.0160 0.1250 0.0178 0.5219 
          91  1 0.0062 0.0062 0.0061 0.0069 0.0063 0.0144 0.9540 
          92  1 0.0065 0.0059 0.0059 0.0090 0.0064 0.0058 0.9604 
          93  1 0.0060 0.0061 0.0059 0.0051 0.0064 0.0042 0.9663 
          94  1 0.0047 0.0048 0.0047 0.0058 0.0045 0.0039 0.9717 
          95  1 0.0100 0.0110 0.0113 0.0099 0.0124 0.0171 0.9284 
          96  1 0.0058 0.0062 0.0059 0.0053 0.0061 0.0068 0.9639 
          97  1 0.0429 0.0542 0.0467 0.1051 0.0460 0.0086 0.6965 
          98  1 0.1520 0.1872 0.1460 0.0219 0.1644 0.0197 0.3089 
          99  1 0.0063 0.0058 0.0058 0.0037 0.0060 0.0189 0.9535 
         100  1 0.0404 0.0340 0.0352 0.0093 0.0395 0.0094 0.8320 
         101  1 0.0084 0.0090 0.0086 0.0045 0.0087 0.0133 0.9476 
         102  1 0.0443 0.0365 0.0369 0.0839 0.0385 0.0329 0.7270 
         103  1 0.2175 0.2581 0.2240 0.0075 0.2235 0.0611 0.0082 
         104  1 0.2394 0.2645 0.2420 0.0047 0.2383 0.0056 0.0055 
         105  1 0.2501 0.2505 0.2349 0.0211 0.2242 0.0127 0.0065 
         106  1 0.2189 0.2267 0.2865 0.0110 0.2305 0.0069 0.0194 
         107  1 0.2199 0.3460 0.2429 0.0082 0.1561 0.0101 0.0167 
         108  1 0.1575 0.2564 0.3573 0.0160 0.1596 0.0379 0.0153 
         109  1 0.2550 0.2372 0.1618 0.0371 0.2711 0.0207 0.0171 
         110  1 0.3057 0.1762 0.1744 0.0157 0.3035 0.0193 0.0052 
         111  1 0.2804 0.2019 0.2150 0.0066 0.2704 0.0197 0.0059 
         112  1 0.2833 0.1874 0.1589 0.0050 0.2922 0.0587 0.0144 
         113  1 0.2860 0.1596 0.1456 0.0082 0.3512 0.0148 0.0345 
         114  1 0.2910 0.1649 0.1756 0.0077 0.3450 0.0043 0.0114 
         115  1 0.2032 0.2438 0.2520 0.0512 0.1899 0.0539 0.0059 
         116  1 0.2028 0.3780 0.1972 0.0043 0.2029 0.0059 0.0089 
         117  1 0.1277 0.2203 0.4938 0.0065 0.1406 0.0060 0.0051 
         118  1 0.2482 0.1956 0.2947 0.0072 0.2285 0.0180 0.0079 
         119  1 0.2671 0.2027 0.2384 0.0047 0.2639 0.0130 0.0103 
         120  1 0.1583 0.2278 0.4265 0.0047 0.1475 0.0081 0.0271 
         121  1 0.1725 0.2202 0.3308 0.0118 0.1826 0.0624 0.0198 
         122  1 0.2181 0.3015 0.2397 0.0143 0.1981 0.0154 0.0129 
         123  1 0.1838 0.2387 0.2918 0.0114 0.2314 0.0313 0.0117 
         124  1 0.2866 0.1837 0.1880 0.0086 0.2314 0.0700 0.0317 
         125  1 0.3292 0.1935 0.1404 0.0092 0.3159 0.0070 0.0048 
         126  1 0.1996 0.2098 0.2651 0.0156 0.2469 0.0069 0.0561 
         127  1 0.2482 0.2034 0.2500 0.0107 0.2622 0.0148 0.0108 
         128  1 0.1082 0.1195 0.1437 0.0058 0.1212 0.0050 0.4965 
         129  1 0.2195 0.2211 0.2831 0.0141 0.1903 0.0120 0.0600 
         130  1 0.2346 0.1709 0.1608 0.0112 0.3338 0.0829 0.0058 
         131  1 0.2005 0.2485 0.2740 0.0058 0.2048 0.0135 0.0530 
         132  1 0.3411 0.1561 0.1882 0.0035 0.2940 0.0113 0.0059 
         133  1 0.1883 0.2608 0.2980 0.0052 0.1712 0.0061 0.0704 
         134  1 0.3446 0.1569 0.0991 0.0064 0.3588 0.0070 0.0272 
         135  1 0.1997 0.1768 0.2660 0.0524 0.1851 0.0102 0.1098 
         136  1 0.1950 0.2210 0.3078 0.0098 0.1908 0.0156 0.0599 
         137  1 0.1862 0.3954 0.2058 0.0102 0.1806 0.0155 0.0062 
         138  1 0.3073 0.2038 0.1872 0.0074 0.2770 0.0043 0.0130 
         139  1 0.2613 0.1781 0.1580 0.0054 0.3028 0.0732 0.0212 
         140  1 0.2211 0.1913 0.2366 0.0585 0.2061 0.0552 0.0312 
         141  1 0.3008 0.2255 0.1712 0.0071 0.2704 0.0192 0.0057 
         142  1 0.1678 0.2197 0.4218 0.0088 0.1635 0.0125 0.0058 
         143  1 0.1811 0.3017 0.2294 0.0055 0.2449 0.0131 0.0243 
         144  1 0.2379 0.2888 0.2231 0.0054 0.2162 0.0126 0.0161 
         145  1 0.1544 0.1886 0.2109 0.0671 0.1657 0.2031 0.0101 
         146  1 0.2454 0.2120 0.1953 0.0179 0.2976 0.0141 0.0177 
         147  1 0.1744 0.2141 0.2369 0.0226 0.2112 0.1341 0.0067 
         148  1 0.3253 0.1668 0.1536 0.0084 0.2756 0.0052 0.0653 
         149  1 0.2025 0.2267 0.2826 0.0315 0.2201 0.0302 0.0063 
         150  1 0.1856 0.2502 0.2541 0.0813 0.1810 0.0081 0.0398 
         151  1 0.2861 0.2188 0.2028 0.0084 0.2632 0.0129 0.0078 
         152  1 0.0792 0.1056 0.0750 0.3484 0.0798 0.2773 0.0348 
         153  1 0.3262 0.1236 0.1170 0.0378 0.3323 0.0411 0.0220 
         154  1 0.2298 0.2461 0.1393 0.0791 0.2162 0.0638 0.0257 
         155  1 0.3264 0.2133 0.1322 0.0082 0.3030 0.0087 0.0083 
         156  1 0.1436 0.2594 0.1625 0.0326 0.1631 0.0102 0.2287 
         157  1 0.3531 0.1512 0.1344 0.0076 0.3165 0.0216 0.0156 
         158  1 0.3129 0.1634 0.1746 0.0055 0.3177 0.0130 0.0130 
         159  1 0.1685 0.1656 0.1640 0.2874 0.1618 0.0130 0.0397 
         160  1 0.1597 0.2164 0.3112 0.0105 0.1728 0.1185 0.0109 
         161  1 0.2468 0.2084 0.2414 0.0315 0.2180 0.0265 0.0275 
         162  1 0.2300 0.2493 0.2579 0.0114 0.2358 0.0070 0.0085 
         163  1 0.1501 0.2826 0.3940 0.0056 0.1489 0.0145 0.0044 
         164  1 0.2326 0.2214 0.2854 0.0078 0.2315 0.0168 0.0045 
         165  1 0.3246 0.1535 0.1036 0.0759 0.3341 0.0042 0.0041 
         166  1 0.1628 0.2013 0.3455 0.0040 0.1494 0.0343 0.1026 
         167  1 0.1984 0.3487 0.2259 0.0073 0.1947 0.0189 0.0061 
         168  1 0.2262 0.2395 0.2553 0.0146 0.2365 0.0084 0.0195 
         169  1 0.2814 0.2346 0.1949 0.0042 0.2737 0.0055 0.0058 
         170  1 0.1931 0.2660 0.3062 0.0125 0.1949 0.0183 0.0089 
         171  1 0.1854 0.2739 0.2305 0.0251 0.1961 0.0819 0.0071 
         172  1 0.2222 0.2998 0.2105 0.0103 0.2316 0.0217 0.0039 
         173  1 0.2524 0.2078 0.2550 0.0183 0.2436 0.0120 0.0110 
         174  1 0.2376 0.2466 0.1667 0.1101 0.2188 0.0146 0.0057 
         175  1 0.2037 0.2435 0.2029 0.0150 0.2526 0.0769 0.0055 
         176  1 0.1811 0.2645 0.2866 0.0133 0.2131 0.0314 0.0100 
         177  1 0.2003 0.2187 0.3481 0.0062 0.1978 0.0242 0.0048 
         178  1 0.2665 0.1855 0.2491 0.0156 0.2579 0.0198 0.0056 
         179  1 0.0400 0.0468 0.0592 0.0106 0.0429 0.7859 0.0147 
         180  1 0.1794 0.2867 0.3320 0.0056 0.1721 0.0159 0.0083 
         181  1 0.1735 0.2253 0.3503 0.0137 0.1510 0.0273 0.0589 
         182  1 0.1438 0.2001 0.4237 0.0099 0.1514 0.0400 0.0312 
         183  1 0.2462 0.2165 0.1624 0.0192 0.2777 0.0185 0.0595 
         184  1 0.2644 0.1965 0.1781 0.0078 0.2837 0.0561 0.0134 
         185  1 0.2344 0.2502 0.1988 0.0077 0.2629 0.0244 0.0215 
         186  1 0.1131 0.2529 0.4777 0.0035 0.1397 0.0069 0.0061 
         187  1 0.2414 0.1795 0.2062 0.0285 0.2434 0.0942 0.0069 
         188  1 0.2169 0.2116 0.2392 0.0198 0.2768 0.0268 0.0089 
         189  1 0.2285 0.1952 0.2766 0.0105 0.1981 0.0820 0.0091 
         190  1 0.2321 0.2095 0.2919 0.0254 0.2124 0.0234 0.0053 
         191  1 0.1746 0.2642 0.2404 0.0613 0.1655 0.0251 0.0690 
         192  1 0.1840 0.3210 0.2329 0.0574 0.1750 0.0261 0.0036 
         193  1 0.3296 0.1502 0.1259 0.0089 0.3290 0.0479 0.0084 
         194  1 0.2686 0.1957 0.2134 0.0201 0.2679 0.0274 0.0069 
         195  1 0.1904 0.2379 0.3326 0.0237 0.1973 0.0114 0.0067 
         196  1 0.1727 0.1352 0.1016 0.0065 0.1923 0.0387 0.3530 
         197  1 0.2544 0.2002 0.2191 0.0052 0.2668 0.0250 0.0293 
         198  1 0.3056 0.2019 0.1442 0.0105 0.2875 0.0313 0.0190 
         199  1 0.1326 0.2437 0.4320 0.0086 0.1313 0.0441 0.0076 
         200  1 0.2860 0.1775 0.1395 0.0052 0.3509 0.0150 0.0258 
         201  1 0.1928 0.2427 0.1828 0.0657 0.1909 0.1199 0.0051 
         202  1 0.3360 0.1631 0.1248 0.0047 0.3341 0.0115 0.0257 
         203  1 0.1353 0.2750 0.3442 0.0078 0.1599 0.0394 0.0384 
         204  1 0.3025 0.1884 0.1902 0.0115 0.2925 0.0042 0.0107 
         205  1 0.2796 0.2387 0.1824 0.0238 0.2596 0.0044 0.0115 
         206  1 0.1854 0.3350 0.2300 0.0203 0.1914 0.0290 0.0089 
         207  1 0.1734 0.2436 0.3515 0.0057 0.1570 0.0445 0.0244 
         208  1 0.2007 0.2743 0.2361 0.0047 0.2396 0.0039 0.0407 
         209  1 0.3146 0.1740 0.1578 0.0341 0.3035 0.0066 0.0092 
         210  1 0.2763 0.1880 0.2323 0.0083 0.2677 0.0108 0.0167 
         211  1 0.2288 0.2976 0.2298 0.0057 0.2228 0.0072 0.0081 
         212  1 0.2291 0.2514 0.2321 0.0287 0.2236 0.0114 0.0236 
         213  1 0.3126 0.1911 0.1451 0.0115 0.3132 0.0096 0.0168 
         214  1 0.2897 0.1886 0.1904 0.0279 0.2866 0.0070 0.0097 
         215  1 0.2442 0.3205 0.2216 0.0090 0.1766 0.0144 0.0137 
         216  1 0.2635 0.2840 0.1718 0.0116 0.2463 0.0139 0.0088 
         217  1 0.2043 0.2113 0.3167 0.0291 0.2114 0.0203 0.0069 
         218  1 0.2448 0.2327 0.1719 0.0127 0.2880 0.0101 0.0398 
         219  1 0.1883 0.2008 0.4096 0.0037 0.1775 0.0143 0.0058 
         220  1 0.1767 0.1144 0.1604 0.0111 0.1584 0.0107 0.3682 
         221  1 0.1962 0.2597 0.2751 0.0165 0.2116 0.0167 0.0242 
         222  1 0.2610 0.1559 0.1714 0.0879 0.2362 0.0787 0.0089 
         223  1 0.2024 0.2548 0.2608 0.0227 0.1991 0.0543 0.0059 
         224  1 0.2037 0.2788 0.2761 0.0163 0.2134 0.0071 0.0047 
         225  1 0.1144 0.1231 0.1088 0.2764 0.0975 0.2722 0.0077 
         226  1 0.1826 0.3176 0.2449 0.0290 0.2091 0.0077 0.0091 
         227  1 0.3134 0.2211 0.1621 0.0060 0.2808 0.0085 0.0080 
         228  1 0.2462 0.2078 0.1876 0.0067 0.2729 0.0718 0.0071 
         229  1 0.2891 0.1923 0.1924 0.0173 0.2529 0.0342 0.0219 
         230  1 0.2138 0.2778 0.2441 0.0223 0.2294 0.0070 0.0057 
         231  1 0.1424 0.2286 0.4505 0.0078 0.1534 0.0114 0.0061 
         232  1 0.2388 0.3082 0.2384 0.0042 0.1956 0.0079 0.0068 
         233  1 0.1470 0.2049 0.4402 0.0099 0.1273 0.0558 0.0148 
         234  1 0.2213 0.2232 0.2539 0.0253 0.2168 0.0523 0.0071 
         235  1 0.3201 0.1695 0.1613 0.0098 0.3127 0.0182 0.0085 
         236  1 0.1913 0.2592 0.2931 0.0133 0.2126 0.0104 0.0201 
         237  1 0.2338 0.2025 0.2445 0.0231 0.2394 0.0248 0.0318 
         238  1 0.2596 0.2370 0.1872 0.0316 0.2601 0.0066 0.0180 
         239  1 0.2681 0.2058 0.2350 0.0094 0.2481 0.0167 0.0168 
         240  1 0.1794 0.1107 0.0962 0.0148 0.1772 0.2997 0.1221 
         241  1 0.2095 0.2662 0.2770 0.0057 0.2161 0.0159 0.0097 
         242  1 0.2923 0.1655 0.2057 0.0095 0.2843 0.0141 0.0286 
         243  1 0.2496 0.1878 0.3180 0.0112 0.2185 0.0054 0.0095 
         244  1 0.1978 0.3877 0.2583 0.0039 0.1286 0.0073 0.0165 
         245  1 0.4129 0.1034 0.0592 0.0127 0.3712 0.0279 0.0127 
         246  1 0.1771 0.3097 0.2177 0.0058 0.2260 0.0076 0.0561 
         247  1 0.3110 0.1357 0.1408 0.0280 0.3358 0.0441 0.0046 
         248  1 0.2308 0.2070 0.3040 0.0093 0.2163 0.0125 0.0202 
         249  1 0.3025 0.1748 0.1889 0.0083 0.3085 0.0113 0.0057 
         250  1 0.1380 0.3060 0.3439 0.0315 0.1579 0.0112 0.0115 
         251  1 0.2388 0.2508 0.2390 0.0058 0.2165 0.0256 0.0237 
         252  1 0.2563 0.2457 0.1897 0.0272 0.2446 0.0045 0.0320 
         253  1 0.2500 0.1651 0.2679 0.0086 0.2406 0.0056 0.0623 
         254  1 0.2675 0.1996 0.2030 0.0066 0.3022 0.0121 0.0090 
         255  1 0.2406 0.1993 0.2444 0.0052 0.2486 0.0078 0.0542 
         256  1 0.1726 0.2528 0.3585 0.0098 0.1871 0.0152 0.0040 
         257  1 0.1776 0.2164 0.3718 0.0171 0.1807 0.0123 0.0241 
         258  1 0.2708 0.2719 0.1727 0.0054 0.2652 0.0097 0.0044 
         259  1 0.2385 0.2061 0.2795 0.0057 0.2435 0.0192 0.0076 
         260  1 0.2494 0.2189 0.2506 0.0189 0.2365 0.0177 0.0080 
         261  1 0.3147 0.1162 0.2071 0.0059 0.3299 0.0165 0.0096 
         262  1 0.2926 0.2405 0.1535 0.0068 0.2920 0.0074 0.0071 
         263  1 0.2357 0.1503 0.2152 0.1350 0.2495 0.0047 0.0096 
         264  1 0.3849 0.0996 0.1301 0.0255 0.3343 0.0120 0.0136 
         265  1 0.3941 0.0837 0.0917 0.0237 0.3817 0.0137 0.0115 
         266  1 0.3199 0.1303 0.1614 0.0081 0.3326 0.0256 0.0221 
         267  1 0.2667 0.1532 0.1300 0.0115 0.2368 0.0834 0.1185 
         268  1 0.1916 0.1490 0.1043 0.0596 0.1711 0.0261 0.2982 
         269  1 0.1871 0.2235 0.1543 0.0121 0.1842 0.2149 0.0240 
         270  1 0.2238 0.2747 0.1963 0.0060 0.2666 0.0087 0.0238 
         271  1 0.2681 0.1789 0.1815 0.0294 0.2768 0.0162 0.0489 
         272  1 0.1010 0.0945 0.0992 0.0162 0.1037 0.5760 0.0093 
         273  1 0.2369 0.2542 0.2155 0.0239 0.2360 0.0291 0.0043 
         274  1 0.2264 0.2184 0.2282 0.0240 0.2527 0.0246 0.0257 
         275  1 0.2401 0.2421 0.2444 0.0088 0.2211 0.0180 0.0256 
         276  1 0.1775 0.2656 0.2046 0.1121 0.1796 0.0512 0.0093 
         277  1 0.2046 0.2435 0.3295 0.0122 0.1870 0.0176 0.0057 
         278  1 0.2480 0.1758 0.1559 0.0862 0.2398 0.0108 0.0836 
         279  1 0.2270 0.2885 0.1994 0.0242 0.2261 0.0151 0.0198 
         280  1 0.1769 0.3177 0.3051 0.0051 0.1500 0.0326 0.0125 
         281  1 0.2851 0.2128 0.1716 0.0040 0.2869 0.0060 0.0335 
         282  1 0.2174 0.2638 0.2041 0.0489 0.2282 0.0259 0.0117 
         283  1 0.1811 0.1650 0.1930 0.2399 0.1944 0.0129 0.0136 
         284  1 0.2403 0.2409 0.2314 0.0411 0.2237 0.0146 0.0081 
         285  1 0.3229 0.1531 0.1025 0.0185 0.3356 0.0166 0.0508 
         286  1 0.1456 0.2201 0.4271 0.0093 0.1743 0.0130 0.0107 
         287  1 0.1456 0.2402 0.3791 0.0108 0.1563 0.0138 0.0542 
         288  1 0.1972 0.2222 0.3349 0.0142 0.1862 0.0263 0.0191 
         289  1 0.2765 0.1736 0.2311 0.0090 0.2884 0.0170 0.0045 
         290  1 0.2506 0.2113 0.2361 0.0080 0.2567 0.0154 0.0219 
         291  1 0.1644 0.2584 0.3568 0.0178 0.1761 0.0062 0.0203 
         292  1 0.2401 0.2127 0.1656 0.0332 0.2273 0.1019 0.0191 
         293  1 0.1475 0.4050 0.2291 0.0076 0.1844 0.0154 0.0111 
         294  1 0.1561 0.1734 0.2303 0.0840 0.1820 0.0053 0.1688 
         295  1 0.1494 0.2359 0.3251 0.0094 0.1909 0.0573 0.0321 
         296  1 0.2162 0.2479 0.2265 0.0426 0.2268 0.0329 0.0072 
         297  1 0.2148 0.2527 0.2181 0.0572 0.2326 0.0149 0.0096 
         298  1 0.2332 0.2353 0.2672 0.0072 0.2421 0.0041 0.0109 
         299  1 0.2933 0.1824 0.1987 0.0297 0.2661 0.0086 0.0212 
         300  1 0.3177 0.1909 0.1255 0.0173 0.3029 0.0341 0.0115 
         301  1 0.1364 0.2645 0.3342 0.0053 0.1444 0.0079 0.1073 
         302  1 0.1603 0.2379 0.4052 0.0101 0.1747 0.0060 0.0058 
         303  1 0.2624 0.1712 0.2168 0.0690 0.2647 0.0085 0.0075 
         304  1 0.2138 0.3206 0.2545 0.0082 0.1903 0.0079 0.0046 
         305  1 0.2432 0.3310 0.1920 0.0072 0.1906 0.0081 0.0280 
         306  1 0.3062 0.2179 0.2066 0.0084 0.2467 0.0064 0.0077 
         307  1 0.2741 0.2157 0.1616 0.0254 0.2738 0.0350 0.0145 
         308  1 0.2337 0.2457 0.1980 0.0069 0.2919 0.0079 0.0158 
         309  1 0.2244 0.2967 0.1809 0.0423 0.2354 0.0129 0.0075 
         310  1 0.1853 0.2925 0.1894 0.1130 0.2040 0.0074 0.0085 
         311  1 0.1826 0.3735 0.2043 0.0184 0.2064 0.0080 0.0067 
         312  1 0.1416 0.2054 0.3181 0.0307 0.1391 0.0793 0.0857 
         313  1 0.2326 0.2661 0.2218 0.0061 0.2284 0.0399 0.0053 
         314  1 0.1944 0.1831 0.1636 0.0487 0.2262 0.0894 0.0946 
         315  1 0.2320 0.3321 0.1753 0.0083 0.2279 0.0132 0.0112 
         316  1 0.2595 0.1863 0.1487 0.0806 0.2671 0.0495 0.0082 
         317  1 0.1939 0.2259 0.3040 0.0275 0.2069 0.0169 0.0249 
         318  1 0.2383 0.2829 0.1900 0.0222 0.2081 0.0530 0.0054 
         319  1 0.1762 0.1942 0.2125 0.1675 0.1500 0.0922 0.0074 
         320  1 0.1418 0.2199 0.1878 0.0614 0.1320 0.0117 0.2454 
         321  1 0.3401 0.1878 0.1517 0.0048 0.2861 0.0187 0.0108 
         322  1 0.1976 0.2820 0.2665 0.0153 0.1840 0.0198 0.0347 
         323  1 0.2127 0.2016 0.3006 0.0116 0.2349 0.0118 0.0268 
         324  1 0.2882 0.2115 0.1924 0.0069 0.2767 0.0169 0.0075 
         325  1 0.1877 0.3425 0.1781 0.0271 0.1953 0.0367 0.0327 
         326  1 0.2205 0.3108 0.2057 0.0065 0.2464 0.0062 0.0039 
         327  1 0.2184 0.2417 0.2337 0.0052 0.2370 0.0542 0.0098 
         328  1 0.2278 0.2033 0.2256 0.0165 0.2801 0.0113 0.0354 
         329  1 0.1852 0.2334 0.2894 0.0172 0.2376 0.0107 0.0265 
         330  1 0.1092 0.1707 0.3058 0.0043 0.1063 0.2810 0.0226 
         331  1 0.1865 0.3149 0.1673 0.0050 0.1799 0.1308 0.0156 
         332  1 0.1992 0.3649 0.2386 0.0087 0.1786 0.0061 0.0038 
         333  1 0.2082 0.2208 0.3328 0.0112 0.2121 0.0060 0.0089 
         334  1 0.2902 0.1503 0.0829 0.0053 0.3211 0.1278 0.0224 
         335  1 0.3024 0.2007 0.1946 0.0077 0.2192 0.0181 0.0572 
         336  1 0.0051 0.0047 0.0045 0.0038 0.0049 0.9723 0.0046 
         337  1 0.0638 0.0560 0.0494 0.0407 0.0586 0.7150 0.0165 
         338  1 0.0041 0.0040 0.0044 0.0032 0.0043 0.9673 0.0127 
         339  1 0.0031 0.0031 0.0032 0.0034 0.0032 0.9811 0.0029 
         340  1 0.0058 0.0060 0.0061 0.0106 0.0062 0.9615 0.0037 
         341  1 0.2514 0.1853 0.2124 0.0070 0.3226 0.0116 0.0096 
         342  1 0.0031 0.0029 0.0029 0.0027 0.0029 0.9829 0.0027 
         343  1 0.0085 0.0090 0.0080 0.0087 0.0098 0.9493 0.0068 
         344  1 0.0057 0.0061 0.0059 0.0058 0.0055 0.9651 0.0060 
         345  1 0.0092 0.0093 0.0089 0.0153 0.0089 0.9437 0.0046 
         346  1 0.0050 0.0047 0.0049 0.0076 0.0048 0.9680 0.0051 
         347  1 0.0076 0.0070 0.0073 0.0101 0.0075 0.9561 0.0046 
         348  1 0.0189 0.0198 0.0185 0.0090 0.0191 0.8729 0.0418 
         349  1 0.0029 0.0028 0.0030 0.0030 0.0028 0.9823 0.0031 
         350  1 0.0247 0.0271 0.0250 0.0041 0.0256 0.8611 0.0324 
         351  1 0.0059 0.0060 0.0056 0.0143 0.0057 0.9585 0.0041 
         352  1 0.1728 0.3757 0.2356 0.0058 0.1806 0.0186 0.0110 
         353  1 0.0049 0.0051 0.0049 0.0054 0.0047 0.9712 0.0039 
         354  1 0.0049 0.0057 0.0054 0.0054 0.0051 0.9691 0.0043 
         355  1 0.0058 0.0060 0.0057 0.0084 0.0058 0.9636 0.0047 
         356  1 0.3203 0.1635 0.1535 0.0086 0.3176 0.0167 0.0198 
         357  1 0.1410 0.2800 0.2096 0.1502 0.1527 0.0512 0.0153 
         358  1 0.2041 0.2356 0.3159 0.0101 0.1984 0.0082 0.0278 
         359  1 0.2977 0.1758 0.1847 0.0243 0.2869 0.0217 0.0089 
         360  1 0.1682 0.3262 0.2078 0.0482 0.1986 0.0215 0.0295 
         361  1 0.1530 0.1447 0.1408 0.1472 0.1688 0.2304 0.0152 
         362  1 0.1906 0.2025 0.3533 0.0052 0.2088 0.0092 0.0303 
         363  1 0.1966 0.3715 0.1945 0.0066 0.1918 0.0330 0.0061 
         364  1 0.3203 0.1900 0.1541 0.0064 0.3145 0.0092 0.0056 
         365  1 0.2181 0.3078 0.1689 0.0070 0.2271 0.0621 0.0091 
         366  1 0.2211 0.3207 0.2521 0.0052 0.1746 0.0188 0.0074 
         367  1 0.2233 0.2192 0.2545 0.0141 0.2485 0.0115 0.0288 
         368  1 0.1913 0.2339 0.3271 0.0106 0.2138 0.0122 0.0111 
         369  1 0.1825 0.3671 0.2105 0.0050 0.2086 0.0156 0.0108 
         370  1 0.1842 0.2560 0.2286 0.0482 0.1957 0.0813 0.0061 
         371  1 0.1918 0.2423 0.2711 0.0488 0.2211 0.0142 0.0108 
         372  1 0.2508 0.2174 0.1341 0.0412 0.2548 0.0943 0.0073 
         373  1 0.2147 0.2625 0.2541 0.0158 0.2284 0.0118 0.0127 
         374  1 0.1851 0.1949 0.2094 0.0490 0.2147 0.0179 0.1290 
         375  1 0.2527 0.3000 0.1624 0.0217 0.2448 0.0143 0.0041 
         376  1 0.2198 0.3145 0.2311 0.0131 0.1898 0.0209 0.0109 
         377  1 0.2489 0.2335 0.2057 0.0101 0.2791 0.0097 0.0129 
         378  1 0.1514 0.2684 0.2956 0.0086 0.1572 0.0943 0.0245 
         379  1 0.2453 0.2838 0.1904 0.0120 0.2454 0.0162 0.0069 
         380  1 0.2768 0.1654 0.2182 0.0159 0.3060 0.0112 0.0065 
         381  1 0.2187 0.3655 0.1901 0.0117 0.1852 0.0134 0.0155 
         382  1 0.3542 0.1474 0.1100 0.0248 0.3407 0.0162 0.0068 
         383  1 0.2526 0.2609 0.1980 0.0143 0.2188 0.0053 0.0501 
         384  1 0.2415 0.2430 0.2195 0.0116 0.2475 0.0263 0.0106 
         385  1 0.3602 0.1298 0.1465 0.0044 0.3389 0.0172 0.0030 
         386  1 0.1772 0.3515 0.2408 0.0096 0.1829 0.0082 0.0298 
         387  1 0.2405 0.2620 0.2563 0.0085 0.1845 0.0430 0.0051 
         388  1 0.1921 0.2412 0.3016 0.0123 0.2067 0.0298 0.0164 
         389  1 0.2853 0.1675 0.1712 0.0063 0.2921 0.0574 0.0202 
         390  1 0.2112 0.3320 0.2024 0.0041 0.1897 0.0306 0.0300 
         391  1 0.2391 0.2508 0.2126 0.0066 0.2772 0.0063 0.0074 
         392  1 0.1248 0.2505 0.4602 0.0149 0.1394 0.0060 0.0042 
         393  1 0.2702 0.2637 0.1461 0.0069 0.2761 0.0101 0.0269 
         394  1 0.1722 0.2280 0.3961 0.0066 0.1826 0.0077 0.0068 
         395  1 0.1382 0.2330 0.4568 0.0060 0.1539 0.0048 0.0073 
         396  1 0.2439 0.2267 0.2119 0.0057 0.2940 0.0087 0.0090 
         397  1 0.2004 0.2216 0.3515 0.0071 0.1970 0.0141 0.0083 
         398  1 0.1068 0.1117 0.1290 0.0254 0.1132 0.0797 0.4343 
         399  1 0.2717 0.2481 0.1581 0.0103 0.2832 0.0153 0.0133 
         400  1 0.2563 0.2390 0.1926 0.0320 0.2515 0.0096 0.0191 
         401  1 0.1752 0.2365 0.4033 0.0087 0.1538 0.0084 0.0142 
         402  1 0.1724 0.2621 0.3265 0.0161 0.2122 0.0045 0.0062 
         403  1 0.1997 0.3618 0.2144 0.0059 0.1982 0.0080 0.0120 
         404  1 0.2081 0.2085 0.2985 0.0206 0.1992 0.0592 0.0059 
         405  1 0.1611 0.3791 0.2447 0.0091 0.1396 0.0217 0.0447 
         406  1 0.2260 0.2296 0.2293 0.0411 0.2447 0.0218 0.0075 
         407  1 0.2884 0.1772 0.1250 0.0127 0.3734 0.0153 0.0080 
         408  1 0.1835 0.2321 0.3694 0.0075 0.1877 0.0096 0.0102 
         409  1 0.2755 0.2481 0.1844 0.0186 0.2512 0.0123 0.0099 
         410  1 0.2830 0.2410 0.1723 0.0091 0.2743 0.0065 0.0138 
         411  1 0.2336 0.2646 0.2048 0.0300 0.2325 0.0276 0.0068 
         412  1 0.3002 0.2353 0.1625 0.0147 0.2732 0.0057 0.0083 
         413  1 0.1846 0.2997 0.2847 0.0054 0.2110 0.0037 0.0108 
         414  1 0.1946 0.3020 0.2952 0.0173 0.1618 0.0221 0.0071 
         415  1 0.2896 0.1910 0.1624 0.0070 0.3006 0.0112 0.0382 
         416  1 0.2403 0.2045 0.2988 0.0099 0.2283 0.0100 0.0082 
         417  1 0.2120 0.2652 0.2296 0.0123 0.2374 0.0139 0.0295 
         418  1 0.2454 0.2125 0.1675 0.0054 0.2969 0.0488 0.0236 
         419  1 0.2127 0.2399 0.2415 0.0115 0.2402 0.0099 0.0443 
         420  1 0.1497 0.2168 0.2603 0.0072 0.1604 0.0053 0.2003 
         421  1 0.2675 0.1704 0.1614 0.0093 0.3305 0.0144 0.0464 
         422  1 0.1648 0.2502 0.1962 0.1233 0.1742 0.0220 0.0693 
         423  1 0.2003 0.2777 0.2799 0.0142 0.2101 0.0137 0.0041 
         424  1 0.1993 0.2934 0.2697 0.0178 0.1991 0.0096 0.0111 
         425  1 0.1964 0.3481 0.2616 0.0070 0.1735 0.0079 0.0055 
         426  1 0.1862 0.2976 0.2469 0.0376 0.2007 0.0237 0.0073 
         427  1 0.2245 0.1962 0.2937 0.0050 0.2660 0.0044 0.0101 
         428  1 0.2272 0.2246 0.2742 0.0059 0.2502 0.0081 0.0100 
         429  1 0.3432 0.1544 0.0982 0.0138 0.3814 0.0049 0.0040 
         430  1 0.1591 0.1240 0.1288 0.3380 0.1811 0.0544 0.0146 
         431  1 0.2859 0.1966 0.2669 0.0068 0.2281 0.0079 0.0078 
         432  1 0.1993 0.2402 0.2715 0.0089 0.2152 0.0582 0.0067 
         433  1 0.2331 0.2905 0.2077 0.0256 0.2155 0.0217 0.0059 
         434  1 0.3075 0.1688 0.1812 0.0083 0.2877 0.0332 0.0133 
         435  1 0.2129 0.2549 0.2504 0.0095 0.2502 0.0054 0.0167 
         436  1 0.2350 0.1935 0.2035 0.0087 0.2891 0.0043 0.0659 
         437  1 0.2081 0.1592 0.1361 0.2089 0.2059 0.0122 0.0695 
         438  1 0.2974 0.2228 0.1454 0.0386 0.2855 0.0050 0.0053 
         439  1 0.2496 0.2201 0.2072 0.0191 0.2501 0.0441 0.0098 
         440  1 0.2016 0.3211 0.2048 0.0046 0.2146 0.0250 0.0284 
         441  1 0.2996 0.1642 0.1486 0.0453 0.3169 0.0057 0.0197 
         442  1 0.2087 0.1877 0.1699 0.2129 0.1854 0.0079 0.0276 
         443  1 0.2834 0.2016 0.1289 0.0216 0.2612 0.0937 0.0096 
         444  1 0.3323 0.1629 0.1437 0.0152 0.3119 0.0180 0.0160 
         445  1 0.2368 0.2735 0.2058 0.0089 0.2508 0.0183 0.0059 
         446  1 0.2055 0.3088 0.2907 0.0113 0.1565 0.0145 0.0127 
         447  1 0.2034 0.3280 0.2221 0.0087 0.1934 0.0224 0.0219 
         448  1 0.1470 0.3535 0.2157 0.0586 0.1185 0.0185 0.0883 
         449  1 0.1190 0.2668 0.4378 0.0087 0.1287 0.0139 0.0251 
         450  1 0.0684 0.0991 0.0862 0.0627 0.0631 0.5551 0.0654 
         451  1 0.1769 0.2751 0.2343 0.0050 0.2035 0.0350 0.0702 
         452  1 0.3215 0.1820 0.1349 0.0160 0.3229 0.0142 0.0086 
         453  1 0.2080 0.2589 0.2411 0.0108 0.2332 0.0085 0.0395 
         454  1 0.3268 0.1665 0.1563 0.0515 0.2742 0.0097 0.0150 
         455  1 0.2510 0.2354 0.2389 0.0098 0.2545 0.0060 0.0045 
         456  1 0.2784 0.1970 0.1875 0.0130 0.2569 0.0584 0.0088 
         457  1 0.3426 0.1733 0.1213 0.0052 0.3411 0.0068 0.0098 
         458  1 0.2675 0.1579 0.1436 0.0151 0.2692 0.1341 0.0126 
         459  1 0.2003 0.2663 0.2264 0.0396 0.2312 0.0221 0.0142 
         460  1 0.1418 0.2153 0.3973 0.0530 0.1663 0.0068 0.0195 
         461  1 0.1778 0.2097 0.2975 0.0361 0.1958 0.0301 0.0531 
         462  1 0.1649 0.2530 0.3939 0.0076 0.1646 0.0066 0.0093 
         463  1 0.1842 0.3118 0.2080 0.0314 0.2216 0.0223 0.0205 
         464  1 0.1432 0.2624 0.3782 0.0120 0.1561 0.0075 0.0407 
         465  1 0.2252 0.2114 0.1845 0.0651 0.2705 0.0272 0.0161 
         466  1 0.1343 0.1862 0.1759 0.1669 0.1406 0.1443 0.0516 
         467  1 0.2147 0.2194 0.3114 0.0142 0.2165 0.0086 0.0151 
         468  1 0.1920 0.3274 0.2391 0.0070 0.2018 0.0241 0.0086 
         469  1 0.1668 0.3534 0.2427 0.0069 0.2172 0.0053 0.0077 
         470  1 0.1900 0.2321 0.3000 0.0528 0.2069 0.0082 0.0100 
         471  1 0.2167 0.2222 0.3366 0.0054 0.2069 0.0062 0.0060 
         472  1 0.1995 0.2448 0.2820 0.0355 0.2124 0.0054 0.0205 
         473  1 0.3150 0.1643 0.1628 0.0155 0.2905 0.0418 0.0101 
         474  1 0.2433 0.2169 0.2996 0.0064 0.2141 0.0149 0.0047 
         475  1 0.1969 0.2327 0.3390 0.0048 0.2133 0.0061 0.0073 
         476  1 0.2623 0.1633 0.2090 0.0051 0.3413 0.0071 0.0118 
         477  1 0.2067 0.2496 0.2271 0.0499 0.2313 0.0273 0.0081 
         478  1 0.2045 0.2206 0.2371 0.0800 0.2052 0.0417 0.0109 
         479  1 0.1200 0.2686 0.3598 0.0061 0.1219 0.0160 0.1075 
         480  1 0.2248 0.2513 0.2877 0.0089 0.2041 0.0051 0.0181 
         481  1 0.3099 0.1663 0.1512 0.0110 0.3222 0.0228 0.0167 
         482  1 0.1710 0.4176 0.2198 0.0050 0.1581 0.0198 0.0087 
         483  1 0.3456 0.2141 0.1438 0.0157 0.2662 0.0059 0.0088 
         484  1 0.1743 0.1698 0.2495 0.0063 0.1701 0.1314 0.0986 
         485  1 0.0409 0.0483 0.0326 0.4486 0.0439 0.3512 0.0345 
         486  1 0.3077 0.1825 0.1420 0.0081 0.2967 0.0273 0.0356 
         487  1 0.1985 0.2500 0.2878 0.0083 0.2316 0.0165 0.0073 
         488  1 0.2078 0.2213 0.2351 0.0206 0.2407 0.0218 0.0528 
         489  1 0.2114 0.2569 0.2427 0.0076 0.2423 0.0073 0.0319 
         490  1 0.1787 0.2147 0.1848 0.0126 0.1851 0.2024 0.0216 
         491  1 0.1994 0.2524 0.3313 0.0066 0.1804 0.0221 0.0078 
         492  1 0.2503 0.2657 0.2282 0.0150 0.2229 0.0097 0.0083 
         493  1 0.2328 0.3039 0.2130 0.0035 0.2305 0.0080 0.0084 
         494  1 0.2834 0.2183 0.1870 0.0083 0.2856 0.0108 0.0066 
         495  1 0.2634 0.2002 0.2104 0.0204 0.2814 0.0090 0.0152 
         496  1 0.2442 0.2291 0.1666 0.0877 0.2511 0.0082 0.0132 
         497  1 0.1486 0.3282 0.2992 0.0094 0.1344 0.0708 0.0094 
         498  1 0.2811 0.2243 0.1965 0.0107 0.2557 0.0187 0.0131 
         499  1 0.2094 0.2347 0.3403 0.0054 0.1938 0.0060 0.0104 
         500  1 0.2192 0.1989 0.3404 0.0096 0.2124 0.0130 0.0065 
         501  1 0.2624 0.2014 0.2224 0.0113 0.2658 0.0298 0.0068 
         502  1 0.1710 0.2079 0.2818 0.0483 0.1883 0.0075 0.0951 
         503  1 0.1657 0.2426 0.3825 0.0069 0.1871 0.0111 0.0041 
         504  1 0.1999 0.2558 0.2700 0.0073 0.2221 0.0290 0.0159 
         505  1 0.2397 0.2422 0.1668 0.0781 0.2548 0.0128 0.0055 
         506  1 0.2150 0.2365 0.2642 0.0245 0.2033 0.0126 0.0438 
         507  1 0.2399 0.1973 0.1483 0.0972 0.2400 0.0444 0.0328 
         508  1 0.2136 0.1970 0.3323 0.0099 0.2313 0.0088 0.0070 
         509  1 0.3886 0.1557 0.1151 0.0040 0.3241 0.0054 0.0071 
         510  1 0.2141 0.1938 0.3068 0.0059 0.1931 0.0398 0.0465 
         511  1 0.2628 0.2348 0.2214 0.0093 0.2295 0.0119 0.0301 
         512  1 0.1836 0.3086 0.2431 0.0098 0.2363 0.0106 0.0080 
         513  1 0.2737 0.2494 0.2453 0.0122 0.2061 0.0059 0.0073 
         514  1 0.1876 0.3283 0.2536 0.0181 0.1899 0.0144 0.0081 
         515  1 0.1965 0.2033 0.3283 0.0057 0.2190 0.0371 0.0101 
         516  1 0.1452 0.2314 0.4193 0.0252 0.1287 0.0443 0.0060 
         517  1 0.1437 0.2875 0.3906 0.0273 0.1174 0.0299 0.0037 
         518  1 0.2106 0.1792 0.1717 0.1451 0.1984 0.0830 0.0121 
         519  1 0.1802 0.1993 0.2005 0.0388 0.1854 0.0256 0.1703 
         520  1 0.2360 0.2594 0.2089 0.0119 0.2652 0.0061 0.0125 
         521  1 0.1394 0.2520 0.3731 0.0069 0.1744 0.0231 0.0312 
         522  1 0.1102 0.1066 0.0954 0.0097 0.1133 0.0170 0.5478 
         523  1 0.2719 0.2017 0.2217 0.0176 0.2494 0.0290 0.0086 
         524  1 0.2254 0.2623 0.2368 0.0047 0.2531 0.0125 0.0052 
         525  1 0.1844 0.2804 0.3114 0.0100 0.2016 0.0071 0.0050 
         526  1 0.1550 0.3621 0.2526 0.0154 0.1801 0.0232 0.0117 
         527  1 0.2535 0.1978 0.2944 0.0063 0.2223 0.0052 0.0206 
         528  1 0.1319 0.2961 0.4145 0.0087 0.1395 0.0053 0.0040 
         529  1 0.1046 0.1672 0.2933 0.0140 0.1154 0.0058 0.2995 
         530  1 0.1844 0.3171 0.1990 0.0444 0.2216 0.0137 0.0197 
         531  1 0.2295 0.2199 0.2750 0.0076 0.2244 0.0133 0.0303 
         532  1 0.2039 0.1630 0.1826 0.0140 0.2025 0.0977 0.1363 
         533  1 0.2046 0.2363 0.2945 0.0112 0.2063 0.0312 0.0159 
         534  1 0.1676 0.2005 0.2762 0.0546 0.1645 0.1260 0.0105 
         535  1 0.2435 0.2666 0.2109 0.0168 0.2436 0.0101 0.0085 
         536  1 0.2289 0.2286 0.2182 0.0126 0.2776 0.0095 0.0246 
         537  1 0.1985 0.2059 0.1964 0.0352 0.2027 0.1324 0.0289 
         538  1 0.2840 0.1829 0.1542 0.0042 0.3217 0.0473 0.0057 
         539  1 0.1941 0.2718 0.2540 0.0130 0.1882 0.0738 0.0051 
         540  1 0.2319 0.2835 0.2063 0.0088 0.2491 0.0078 0.0125 
         541  1 0.1833 0.2205 0.3447 0.0103 0.1376 0.0088 0.0947 
         542  1 0.1864 0.2663 0.2535 0.0088 0.2116 0.0208 0.0527 
         543  1 0.3311 0.1716 0.1561 0.0038 0.3186 0.0086 0.0102 
         544  1 0.1886 0.2260 0.1918 0.0415 0.2014 0.0966 0.0541 
         545  1 0.1526 0.2587 0.1740 0.0296 0.1577 0.2006 0.0268 
         546  1 0.2733 0.2163 0.1947 0.0185 0.2765 0.0106 0.0101 
         547  1 0.1849 0.2777 0.2896 0.0079 0.2173 0.0068 0.0157 
         548  1 0.2264 0.2970 0.2160 0.0052 0.2170 0.0238 0.0147 
         549  1 0.1237 0.3386 0.2899 0.0218 0.1279 0.0810 0.0171 
         550  1 0.2604 0.2285 0.2454 0.0053 0.2474 0.0082 0.0048 
         551  1 0.2885 0.2270 0.1680 0.0060 0.2484 0.0089 0.0532 
         552  1 0.1101 0.3160 0.4342 0.0036 0.1132 0.0159 0.0070 
         553  1 0.1277 0.2296 0.4774 0.0214 0.1235 0.0123 0.0082 
         554  1 0.2584 0.2146 0.1924 0.0373 0.2776 0.0070 0.0127 
         555  1 0.2085 0.2477 0.2668 0.0233 0.2338 0.0121 0.0078 
         556  1 0.1542 0.2315 0.3277 0.0201 0.1913 0.0637 0.0115 
         557  1 0.1572 0.2567 0.3730 0.0085 0.1683 0.0252 0.0111 
         558  1 0.1640 0.2807 0.3555 0.0065 0.1713 0.0130 0.0090 
         559  1 0.3334 0.1826 0.1117 0.0314 0.3193 0.0166 0.0049 
         560  1 0.2027 0.3238 0.2221 0.0171 0.2010 0.0273 0.0060 
         561  1 0.2153 0.2097 0.1721 0.0114 0.2050 0.1769 0.0096 
         562  1 0.2086 0.2569 0.2706 0.0098 0.2387 0.0088 0.0066 
         563  1 0.2079 0.2855 0.2755 0.0072 0.2107 0.0055 0.0076 
         564  1 0.1969 0.1887 0.1481 0.2446 0.2063 0.0093 0.0060 
         565  1 0.2189 0.2913 0.2571 0.0078 0.1865 0.0158 0.0225 
         566  1 0.2106 0.2296 0.2361 0.0193 0.2720 0.0052 0.0272 
         567  1 0.2072 0.1870 0.2181 0.0095 0.2872 0.0075 0.0834 
         568  1 0.2920 0.1722 0.1960 0.0318 0.2828 0.0077 0.0175 
         569  1 0.1896 0.2461 0.3689 0.0044 0.1718 0.0109 0.0083 
         570  1 0.2432 0.2151 0.2861 0.0058 0.2203 0.0165 0.0131 
         571  1 0.2531 0.2102 0.1807 0.0075 0.2852 0.0055 0.0577 
         572  1 0.1954 0.2208 0.3625 0.0095 0.1937 0.0077 0.0105 
         573  1 0.2004 0.1465 0.1501 0.1975 0.2117 0.0830 0.0107 
         574  1 0.2601 0.1860 0.2099 0.0267 0.2827 0.0166 0.0179 
         575  1 0.1682 0.2656 0.3317 0.0159 0.1925 0.0204 0.0058 
         576  1 0.1290 0.2614 0.4197 0.0413 0.1325 0.0092 0.0068 
         577  1 0.2194 0.2408 0.2103 0.0550 0.2202 0.0389 0.0154 
         578  1 0.1301 0.1932 0.2525 0.2352 0.1565 0.0047 0.0278 
         579  1 0.2272 0.3426 0.1944 0.0242 0.1939 0.0118 0.0059 
         580  1 0.1675 0.2428 0.3233 0.0078 0.2096 0.0038 0.0453 
         581  1 0.1301 0.3579 0.3435 0.0065 0.1537 0.0049 0.0035 
         582  1 0.2243 0.1733 0.1635 0.0959 0.2539 0.0526 0.0365 
         583  1 0.1793 0.2293 0.2263 0.1041 0.1638 0.0299 0.0673 
         584  1 0.2023 0.2418 0.2611 0.0148 0.1894 0.0784 0.0123 
         585  1 0.1726 0.2441 0.2591 0.0209 0.1582 0.0312 0.1139 
         586  1 0.2804 0.2112 0.1763 0.0112 0.2432 0.0632 0.0147 
         587  1 0.1921 0.2829 0.2724 0.0111 0.2175 0.0187 0.0053 
         588  1 0.2915 0.2046 0.1893 0.0242 0.2622 0.0067 0.0216 
         589  1 0.3469 0.1659 0.1092 0.0403 0.3162 0.0041 0.0175 
         590  1 0.2564 0.2353 0.1488 0.0168 0.2551 0.0747 0.0128 
         591  1 0.2437 0.2029 0.2126 0.0058 0.2673 0.0040 0.0637 
         592  1 0.3341 0.1506 0.1107 0.0170 0.3707 0.0097 0.0073 
         593  1 0.1635 0.2313 0.4115 0.0153 0.1662 0.0058 0.0063 
         594  1 0.3172 0.1790 0.2155 0.0220 0.2385 0.0215 0.0062 
         595  1 0.0581 0.0693 0.0732 0.0131 0.0636 0.0171 0.7056 
         596  1 0.2597 0.2545 0.1832 0.0130 0.2514 0.0158 0.0224 
         597  1 0.1767 0.2656 0.2722 0.0189 0.1913 0.0450 0.0305 
         598  1 0.1570 0.2705 0.2678 0.0062 0.1550 0.1385 0.0051 
         599  1 0.2581 0.2236 0.1704 0.0390 0.2779 0.0112 0.0199 
         600  1 0.1822 0.2955 0.2095 0.0361 0.2050 0.0164 0.0552 
         601  1 0.1997 0.2445 0.1924 0.1239 0.1702 0.0636 0.0056 
         602  1 0.2576 0.2418 0.1739 0.0492 0.2538 0.0103 0.0134 
         603  1 0.1603 0.2927 0.2928 0.0104 0.1932 0.0082 0.0426 
         604  1 0.2579 0.1658 0.2785 0.0109 0.2590 0.0056 0.0224 
         605  1 0.2357 0.1799 0.2423 0.0073 0.2452 0.0735 0.0160 
         606  1 0.2382 0.2953 0.1686 0.0175 0.2335 0.0158 0.0311 
