           1  1 0.8275 0.0084 0.0977 0.0664 
           2  1 0.0511 0.0065 0.0678 0.8747 
           3  1 0.2724 0.0106 0.3858 0.3312 
           4  1 0.6278 0.0067 0.0395 0.3260 
           5  1 0.1151 0.0554 0.0169 0.8125 
           6  1 0.5796 0.0235 0.0166 0.3803 
           7  1 0.0407 0.0079 0.0169 0.9346 
           8  1 0.0331 0.0052 0.4329 0.5287 
           9  1 0.6955 0.0096 0.0872 0.2078 
          10  1 0.3361 0.0689 0.4034 0.1916 
          11  1 0.6515 0.0093 0.0303 0.3089 
          12  1 0.1153 0.0049 0.2251 0.6547 
          13  1 0.1574 0.0076 0.1808 0.6541 
          14  1 0.4168 0.0110 0.0653 0.5069 
          15  1 0.7297 0.0120 0.1851 0.0732 
          16  1 0.5319 0.0084 0.0441 0.4155 
          17  1 0.3541 0.0263 0.0633 0.5563 
          18  1 0.3067 0.0139 0.3385 0.3409 
          19  1 0.5995 0.0115 0.2390 0.1500 
          20  1 0.0304 0.2912 0.1310 0.5474 
          21  1 0.2917 0.0602 0.3146 0.3336 
          22  1 0.8504 0.0060 0.0162 0.1274 
          23  1 0.0941 0.0142 0.0336 0.8581 
          24  1 0.4212 0.0687 0.0899 0.4202 
          25  1 0.3859 0.0356 0.2317 0.3469 
          26  1 0.3774 0.0055 0.0406 0.5765 
          27  1 0.4950 0.0092 0.0401 0.4558 
          28  1 0.4690 0.1687 0.1621 0.2002 
          29  1 0.1940 0.0506 0.1560 0.5995 
          30  1 0.5692 0.0042 0.0437 0.3830 
          31  1 0.3992 0.0094 0.0150 0.5764 
          32  1 0.1323 0.0062 0.0139 0.8475 
          33  1 0.3575 0.0055 0.0198 0.6171 
          34  1 0.2327 0.0222 0.5418 0.2033 
          35  1 0.0856 0.0110 0.0306 0.8729 
          36  1 0.1697 0.0064 0.0143 0.8096 
          37  1 0.3472 0.1097 0.1078 0.4353 
          38  1 0.2334 0.0083 0.0790 0.6793 
          39  1 0.9129 0.0107 0.0261 0.0503 
          40  1 0.3406 0.0173 0.0184 0.6237 
          41  1 0.4267 0.0152 0.0508 0.5074 
          42  1 0.0729 0.0184 0.2234 0.6852 
          43  1 0.2404 0.0124 0.2716 0.4757 
          44  1 0.3910 0.0453 0.0359 0.5278 
          45  1 0.1180 0.0045 0.4829 0.3946 
          46  1 0.2038 0.0122 0.0728 0.7113 
          47  1 0.7075 0.0423 0.0273 0.2230 
          48  1 0.1127 0.0442 0.0654 0.7777 
          49  1 0.1879 0.0235 0.6444 0.1442 
          50  1 0.2975 0.0090 0.2294 0.4641 
          51  1 0.0700 0.0057 0.1326 0.7917 
          52  1 0.1499 0.0058 0.0151 0.8293 
          53  1 0.0148 0.0061 0.7792 0.1998 
          54  1 0.2917 0.1160 0.0403 0.5520 
          55  1 0.0451 0.0125 0.8208 0.1215 
          56  1 0.7343 0.0199 0.0180 0.2278 
          57  1 0.2093 0.0080 0.0907 0.6920 
          58  1 0.4715 0.0318 0.0694 0.4273 
          59  1 0.2923 0.0067 0.0176 0.6834 
          60  1 0.3388 0.0177 0.0936 0.5499 
          61  1 0.4389 0.2097 0.0686 0.2828 
          62  1 0.0837 0.0083 0.0982 0.8099 
          63  1 0.1676 0.0156 0.1151 0.7017 
          64  1 0.6532 0.0065 0.0725 0.2678 
          65  1 0.3827 0.0108 0.0478 0.5586 
          66  1 0.0544 0.0118 0.0726 0.8612 
          67  1 0.1579 0.0658 0.0614 0.7149 
          68  1 0.7019 0.0223 0.0494 0.2264 
          69  1 0.4368 0.1437 0.0267 0.3928 
          70  1 0.3910 0.0222 0.1310 0.4558 
          71  1 0.2577 0.0299 0.0199 0.6925 
          72  1 0.0980 0.0170 0.1690 0.7160 
          73  1 0.6807 0.0109 0.1740 0.1344 
          74  1 0.6612 0.0094 0.0349 0.2944 
          75  1 0.0548 0.0083 0.0926 0.8443 
          76  1 0.1663 0.0090 0.0306 0.7940 
          77  1 0.0082 0.0139 0.9714 0.0065 
          78  1 0.0104 0.0222 0.9582 0.0093 
          79  1 0.0066 0.0109 0.9747 0.0079 
          80  1 0.0080 0.0047 0.9794 0.0079 
          81  1 0.0071 0.0056 0.9786 0.0088 
          82  1 0.0068 0.0101 0.9744 0.0087 
          83  1 0.0093 0.0195 0.9620 0.0092 
          84  1 0.0144 0.0090 0.9653 0.0113 
          85  1 0.0101 0.0092 0.9697 0.0110 
          86  1 0.0498 0.0097 0.8858 0.0546 
          87  1 0.0090 0.0067 0.9749 0.0093 
          88  1 0.0103 0.0134 0.9667 0.0096 
          89  1 0.0083 0.0247 0.9579 0.0091 
          90  1 0.0801 0.0140 0.8227 0.0831 
          91  1 0.0106 0.0131 0.9673 0.0089 
          92  1 0.0074 0.0349 0.9494 0.0083 
          93  1 0.0070 0.0072 0.9769 0.0090 
          94  1 0.0074 0.0137 0.9706 0.0084 
          95  1 0.0160 0.0181 0.9487 0.0172 
          96  1 0.0098 0.0063 0.9760 0.0079 
          97  1 0.0252 0.1231 0.8289 0.0228 
          98  1 0.0883 0.0180 0.8235 0.0702 
          99  1 0.0096 0.0053 0.9770 0.0080 
         100  1 0.0091 0.0091 0.9708 0.0110 
         101  1 0.0104 0.0050 0.9744 0.0101 
         102  1 0.0163 0.0329 0.9320 0.0187 
         103  1 0.7422 0.0081 0.0372 0.2125 
         104  1 0.4970 0.0056 0.0480 0.4494 
         105  1 0.3859 0.0267 0.1888 0.3986 
         106  1 0.1724 0.0146 0.2067 0.6063 
         107  1 0.7574 0.0086 0.0387 0.1954 
         108  1 0.4143 0.0213 0.4330 0.1314 
         109  1 0.4479 0.0441 0.1419 0.3661 
         110  1 0.2231 0.0198 0.0173 0.7398 
         111  1 0.1442 0.0080 0.0975 0.7503 
         112  1 0.3420 0.0060 0.1391 0.5129 
         113  1 0.0799 0.0099 0.1761 0.7341 
         114  1 0.0472 0.0092 0.0787 0.8649 
         115  1 0.7234 0.0493 0.0441 0.1831 
         116  1 0.5755 0.0049 0.0339 0.3857 
         117  1 0.3052 0.0089 0.1356 0.5503 
         118  1 0.5727 0.0084 0.0294 0.3895 
         119  1 0.2739 0.0056 0.0433 0.6773 
         120  1 0.1962 0.0058 0.5615 0.2365 
         121  1 0.4074 0.0141 0.3011 0.2774 
         122  1 0.5102 0.0186 0.0574 0.4138 
         123  1 0.5599 0.0152 0.1590 0.2658 
         124  1 0.4379 0.0109 0.1995 0.3517 
         125  1 0.1009 0.0104 0.0530 0.8357 
         126  1 0.2632 0.0196 0.4665 0.2508 
         127  1 0.3963 0.0120 0.0875 0.5041 
         128  1 0.0244 0.0059 0.9298 0.0398 
         129  1 0.2747 0.0151 0.4129 0.2973 
         130  1 0.3822 0.0139 0.0541 0.5498 
         131  1 0.3766 0.0072 0.4661 0.1501 
         132  1 0.0283 0.0043 0.0714 0.8961 
         133  1 0.0729 0.0061 0.7184 0.2026 
         134  1 0.0560 0.0077 0.3319 0.6044 
         135  1 0.1021 0.0474 0.6872 0.1633 
         136  1 0.1367 0.0143 0.6430 0.2060 
         137  1 0.7871 0.0123 0.0206 0.1800 
         138  1 0.0800 0.0089 0.2448 0.6663 
         139  1 0.5625 0.0069 0.1480 0.2826 
         140  1 0.4147 0.0714 0.2360 0.2779 
         141  1 0.1630 0.0083 0.0321 0.7965 
         142  1 0.3403 0.0100 0.0365 0.6132 
         143  1 0.4249 0.0068 0.4269 0.1414 
         144  1 0.4953 0.0069 0.1137 0.3841 
         145  1 0.6624 0.0598 0.0515 0.2263 
         146  1 0.2129 0.0281 0.4303 0.3287 
         147  1 0.8175 0.0230 0.0340 0.1254 
         148  1 0.0568 0.0094 0.5626 0.3712 
         149  1 0.7267 0.0399 0.0320 0.2014 
         150  1 0.0529 0.0717 0.7245 0.1510 
         151  1 0.1589 0.0108 0.0855 0.7448 
         152  1 0.6150 0.2330 0.0599 0.0920 
         153  1 0.2973 0.0511 0.0391 0.6125 
         154  1 0.6791 0.0770 0.0909 0.1530 
         155  1 0.2719 0.0110 0.1249 0.5922 
         156  1 0.1619 0.0268 0.7620 0.0492 
         157  1 0.1482 0.0092 0.3245 0.5182 
         158  1 0.2419 0.0065 0.1798 0.5718 
         159  1 0.2100 0.3160 0.2622 0.2119 
         160  1 0.7531 0.0105 0.0827 0.1537 
         161  1 0.4893 0.0343 0.1624 0.3140 
         162  1 0.3187 0.0141 0.0935 0.5736 
         163  1 0.6478 0.0061 0.0567 0.2893 
         164  1 0.3334 0.0092 0.0332 0.6243 
         165  1 0.0341 0.0993 0.0128 0.8538 
         166  1 0.0694 0.0050 0.8486 0.0770 
         167  1 0.8221 0.0081 0.0460 0.1238 
         168  1 0.1399 0.0173 0.3531 0.4896 
         169  1 0.1399 0.0055 0.0256 0.8291 
         170  1 0.6195 0.0143 0.0977 0.2686 
         171  1 0.4591 0.0333 0.2336 0.2739 
         172  1 0.6769 0.0120 0.0256 0.2854 
         173  1 0.3128 0.0234 0.0499 0.6139 
         174  1 0.4529 0.1279 0.0252 0.3940 
         175  1 0.8044 0.0135 0.0236 0.1586 
         176  1 0.6837 0.0151 0.1287 0.1726 
         177  1 0.2878 0.0064 0.0227 0.6831 
         178  1 0.2491 0.0192 0.0440 0.6876 
         179  1 0.6888 0.0229 0.2056 0.0828 
         180  1 0.6979 0.0062 0.0957 0.2002 
         181  1 0.1942 0.0149 0.6598 0.1312 
         182  1 0.1875 0.0123 0.5598 0.2404 
         183  1 0.4156 0.0224 0.3158 0.2461 
         184  1 0.3446 0.0097 0.1367 0.5090 
         185  1 0.3294 0.0094 0.4022 0.2590 
         186  1 0.5623 0.0043 0.1745 0.2589 
         187  1 0.4009 0.0324 0.0391 0.5276 
         188  1 0.4016 0.0247 0.1038 0.4699 
         189  1 0.6216 0.0127 0.0663 0.2994 
         190  1 0.5309 0.0281 0.0320 0.4090 
         191  1 0.3779 0.0640 0.4163 0.1418 
         192  1 0.8059 0.0519 0.0167 0.1255 
         193  1 0.1832 0.0106 0.1108 0.6955 
         194  1 0.2929 0.0230 0.0350 0.6491 
         195  1 0.2769 0.0315 0.0592 0.6324 
         196  1 0.0321 0.0073 0.8798 0.0808 
         197  1 0.2347 0.0062 0.2925 0.4666 
         198  1 0.3060 0.0126 0.2177 0.4637 
         199  1 0.5810 0.0113 0.2143 0.1934 
         200  1 0.1169 0.0066 0.2229 0.6536 
         201  1 0.5156 0.0781 0.0593 0.3469 
         202  1 0.0771 0.0065 0.3844 0.5320 
         203  1 0.5306 0.0092 0.3052 0.1551 
         204  1 0.0337 0.0136 0.2936 0.6591 
         205  1 0.1439 0.0312 0.2398 0.5851 
         206  1 0.7336 0.0244 0.0362 0.2058 
         207  1 0.5888 0.0063 0.2097 0.1952 
         208  1 0.0382 0.0056 0.8385 0.1176 
         209  1 0.1133 0.0371 0.0523 0.7974 
         210  1 0.2628 0.0099 0.0703 0.6570 
         211  1 0.1312 0.0062 0.4477 0.4150 
         212  1 0.3678 0.0281 0.3059 0.2982 
         213  1 0.2037 0.0147 0.2634 0.5181 
         214  1 0.1084 0.0326 0.0960 0.7631 
         215  1 0.5651 0.0101 0.2270 0.1978 
         216  1 0.4379 0.0143 0.0396 0.5082 
         217  1 0.3564 0.0380 0.0932 0.5124 
         218  1 0.2295 0.0185 0.3174 0.4346 
         219  1 0.4443 0.0042 0.0232 0.5282 
         220  1 0.0312 0.0138 0.8370 0.1181 
         221  1 0.3017 0.0213 0.4385 0.2385 
         222  1 0.4962 0.1053 0.0427 0.3558 
         223  1 0.8054 0.0245 0.0240 0.1460 
         224  1 0.5085 0.0169 0.0274 0.4473 
         225  1 0.5876 0.2545 0.0445 0.1133 
         226  1 0.2162 0.0384 0.4309 0.3144 
         227  1 0.1841 0.0067 0.0304 0.7788 
         228  1 0.4755 0.0078 0.0405 0.4761 
         229  1 0.2697 0.0192 0.1414 0.5696 
         230  1 0.4736 0.0248 0.0222 0.4793 
         231  1 0.6476 0.0094 0.0814 0.2615 
         232  1 0.6205 0.0044 0.0441 0.3310 
         233  1 0.6123 0.0133 0.1724 0.2020 
         234  1 0.4496 0.0316 0.0882 0.4306 
         235  1 0.1224 0.0123 0.0448 0.8205 
         236  1 0.5526 0.0162 0.2157 0.2154 
         237  1 0.1644 0.0266 0.6597 0.1493 
         238  1 0.2480 0.0380 0.2188 0.4952 
         239  1 0.1048 0.0128 0.2662 0.6163 
         240  1 0.3030 0.0179 0.3988 0.2803 
         241  1 0.5484 0.0080 0.0839 0.3597 
         242  1 0.1810 0.0133 0.4543 0.3515 
         243  1 0.1130 0.0144 0.1249 0.7478 
         244  1 0.8127 0.0049 0.0907 0.0917 
         245  1 0.0542 0.0168 0.0656 0.8634 
         246  1 0.2208 0.0065 0.6735 0.0992 
         247  1 0.3114 0.0324 0.0153 0.6409 
         248  1 0.0945 0.0113 0.5447 0.3495 
         249  1 0.5153 0.0101 0.0656 0.4089 
         250  1 0.4683 0.0395 0.3427 0.1495 
         251  1 0.7219 0.0071 0.1123 0.1587 
         252  1 0.1515 0.0349 0.2802 0.5333 
         253  1 0.0215 0.0079 0.8794 0.0912 
         254  1 0.1291 0.0085 0.1819 0.6804 
         255  1 0.0384 0.0060 0.7896 0.1659 
         256  1 0.7728 0.0111 0.0254 0.1908 
         257  1 0.2733 0.0211 0.2564 0.4491 
         258  1 0.5328 0.0064 0.0194 0.4414 
         259  1 0.2872 0.0066 0.0806 0.6256 
         260  1 0.3633 0.0232 0.0467 0.5667 
         261  1 0.2866 0.0077 0.0269 0.6788 
         262  1 0.1034 0.0078 0.0353 0.8534 
         263  1 0.0524 0.1403 0.0541 0.7533 
         264  1 0.0250 0.0358 0.0616 0.8776 
         265  1 0.2514 0.0306 0.0222 0.6959 
         266  1 0.1966 0.0104 0.0501 0.7429 
         267  1 0.2326 0.0128 0.2570 0.4976 
         268  1 0.2058 0.0906 0.4357 0.2680 
         269  1 0.8310 0.0146 0.0474 0.1070 
         270  1 0.3787 0.0073 0.1986 0.4154 
         271  1 0.1093 0.0411 0.2941 0.5555 
         272  1 0.9037 0.0274 0.0139 0.0550 
         273  1 0.4362 0.0271 0.0391 0.4976 
         274  1 0.4412 0.0304 0.2061 0.3223 
         275  1 0.2361 0.0119 0.3079 0.4441 
         276  1 0.7309 0.1071 0.0432 0.1188 
         277  1 0.6573 0.0154 0.0178 0.3095 
         278  1 0.1156 0.1063 0.4964 0.2816 
         279  1 0.3752 0.0331 0.1500 0.4416 
         280  1 0.5353 0.0063 0.2218 0.2366 
         281  1 0.0510 0.0048 0.5568 0.3874 
         282  1 0.2303 0.0708 0.4502 0.2487 
         283  1 0.1634 0.3029 0.1702 0.3635 
         284  1 0.5982 0.0443 0.0286 0.3289 
         285  1 0.0600 0.0200 0.1763 0.7438 
         286  1 0.1731 0.0100 0.5012 0.3157 
         287  1 0.1907 0.0121 0.5909 0.2064 
         288  1 0.4368 0.0175 0.2484 0.2974 
         289  1 0.0987 0.0101 0.0174 0.8738 
         290  1 0.1711 0.0093 0.3848 0.4349 
         291  1 0.3542 0.0218 0.1963 0.4277 
         292  1 0.6309 0.0427 0.1120 0.2144 
         293  1 0.7695 0.0092 0.1248 0.0965 
         294  1 0.1646 0.1056 0.4271 0.3028 
         295  1 0.6435 0.0117 0.2531 0.0918 
         296  1 0.4993 0.0601 0.0447 0.3958 
         297  1 0.3240 0.0850 0.1649 0.4261 
         298  1 0.1304 0.0091 0.2185 0.6420 
         299  1 0.1209 0.0367 0.3051 0.5373 
         300  1 0.2634 0.0224 0.2427 0.4715 
         301  1 0.1154 0.0055 0.8082 0.0708 
         302  1 0.1918 0.0116 0.2008 0.5958 
         303  1 0.0784 0.0701 0.0735 0.7780 
         304  1 0.6150 0.0110 0.0252 0.3488 
         305  1 0.3470 0.0089 0.3671 0.2770 
         306  1 0.3655 0.0103 0.0484 0.5758 
         307  1 0.3367 0.0343 0.1721 0.4570 
         308  1 0.1916 0.0090 0.4862 0.3132 
         309  1 0.6589 0.0549 0.0409 0.2453 
         310  1 0.3344 0.1964 0.0657 0.4034 
         311  1 0.6176 0.0253 0.0888 0.2683 
         312  1 0.2785 0.0353 0.5393 0.1469 
         313  1 0.4845 0.0067 0.0340 0.4748 
         314  1 0.1092 0.0495 0.7697 0.0716 
         315  1 0.6705 0.0103 0.0474 0.2718 
         316  1 0.3542 0.1097 0.0762 0.4599 
         317  1 0.3102 0.0317 0.2946 0.3635 
         318  1 0.8457 0.0168 0.0113 0.1263 
         319  1 0.4168 0.2235 0.0603 0.2995 
         320  1 0.1287 0.0504 0.7264 0.0945 
         321  1 0.1594 0.0063 0.1063 0.7280 
         322  1 0.5905 0.0164 0.2895 0.1036 
         323  1 0.2716 0.0158 0.1814 0.5312 
         324  1 0.2951 0.0085 0.0879 0.6085 
         325  1 0.7528 0.0275 0.0673 0.1524 
         326  1 0.2478 0.0089 0.1228 0.6205 
         327  1 0.4594 0.0060 0.1436 0.3910 
         328  1 0.1574 0.0195 0.4971 0.3261 
         329  1 0.1351 0.0228 0.6802 0.1620 
         330  1 0.4871 0.0050 0.2933 0.2146 
         331  1 0.8630 0.0057 0.0373 0.0940 
         332  1 0.5376 0.0101 0.0515 0.4008 
         333  1 0.1273 0.0127 0.1555 0.7044 
         334  1 0.1737 0.0071 0.1109 0.7083 
         335  1 0.2258 0.0093 0.3062 0.4586 
         336  1 0.9316 0.0079 0.0227 0.0378 
         337  1 0.6881 0.0438 0.0498 0.2183 
         338  1 0.7526 0.0096 0.1950 0.0427 
         339  1 0.9707 0.0101 0.0078 0.0113 
         340  1 0.9095 0.0455 0.0137 0.0314 
         341  1 0.3595 0.0081 0.0591 0.5732 
         342  1 0.9712 0.0082 0.0084 0.0122 
         343  1 0.8928 0.0094 0.0640 0.0338 
         344  1 0.9399 0.0158 0.0267 0.0177 
         345  1 0.9617 0.0134 0.0105 0.0144 
         346  1 0.9486 0.0180 0.0120 0.0214 
         347  1 0.9260 0.0138 0.0134 0.0469 
         348  1 0.7401 0.0360 0.1224 0.1015 
         349  1 0.9710 0.0075 0.0111 0.0104 
         350  1 0.6003 0.0102 0.3563 0.0332 
         351  1 0.8833 0.0861 0.0117 0.0189 
         352  1 0.4733 0.0075 0.2768 0.2425 
         353  1 0.9361 0.0268 0.0173 0.0198 
         354  1 0.9480 0.0237 0.0112 0.0170 
         355  1 0.9041 0.0336 0.0298 0.0325 
         356  1 0.1061 0.0111 0.3052 0.5776 
         357  1 0.6752 0.1697 0.0605 0.0945 
         358  1 0.4017 0.0145 0.3240 0.2597 
         359  1 0.1725 0.0252 0.0302 0.7721 
         360  1 0.4665 0.0609 0.3941 0.0785 
         361  1 0.4174 0.1295 0.1924 0.2607 
         362  1 0.1204 0.0064 0.5131 0.3602 
         363  1 0.8484 0.0071 0.0233 0.1212 
         364  1 0.1650 0.0078 0.0455 0.7817 
         365  1 0.8610 0.0087 0.0232 0.1071 
         366  1 0.8542 0.0060 0.0177 0.1221 
         367  1 0.1705 0.0186 0.4746 0.3363 
         368  1 0.3470 0.0147 0.2650 0.3733 
         369  1 0.7608 0.0055 0.0932 0.1406 
         370  1 0.7230 0.0535 0.0422 0.1813 
         371  1 0.5887 0.0664 0.1052 0.2398 
         372  1 0.7152 0.0520 0.0169 0.2160 
         373  1 0.4038 0.0222 0.0885 0.4855 
         374  1 0.2242 0.0492 0.5804 0.1462 
         375  1 0.4610 0.0305 0.0197 0.4888 
         376  1 0.5541 0.0159 0.0973 0.3327 
         377  1 0.1932 0.0119 0.2736 0.5213 
         378  1 0.7983 0.0099 0.1491 0.0427 
         379  1 0.4387 0.0139 0.0778 0.4696 
         380  1 0.0996 0.0173 0.0326 0.8505 
         381  1 0.7212 0.0141 0.0759 0.1888 
         382  1 0.1278 0.0281 0.0242 0.8198 
         383  1 0.2100 0.0196 0.4560 0.3144 
         384  1 0.4086 0.0161 0.2250 0.3503 
         385  1 0.2008 0.0051 0.0128 0.7813 
         386  1 0.3991 0.0102 0.4564 0.1343 
         387  1 0.7842 0.0086 0.0214 0.1857 
         388  1 0.4159 0.0160 0.2812 0.2869 
         389  1 0.1801 0.0084 0.1658 0.6458 
         390  1 0.6611 0.0047 0.2184 0.1157 
         391  1 0.5647 0.0084 0.0636 0.3633 
         392  1 0.4853 0.0200 0.0433 0.4515 
         393  1 0.3174 0.0087 0.2679 0.4061 
         394  1 0.1664 0.0092 0.2938 0.5307 
         395  1 0.2452 0.0077 0.1549 0.5923 
         396  1 0.2320 0.0079 0.1329 0.6272 
         397  1 0.3306 0.0086 0.1167 0.5441 
         398  1 0.0562 0.0239 0.8574 0.0624 
         399  1 0.2527 0.0135 0.1200 0.6138 
         400  1 0.1208 0.0521 0.3342 0.4928 
         401  1 0.4399 0.0093 0.1848 0.3660 
         402  1 0.2667 0.0215 0.1179 0.5939 
         403  1 0.4827 0.0076 0.2083 0.3014 
         404  1 0.5254 0.0234 0.0578 0.3935 
         405  1 0.6284 0.0130 0.2522 0.1064 
         406  1 0.3543 0.0616 0.1165 0.4676 
         407  1 0.1140 0.0147 0.0519 0.8193 
         408  1 0.2892 0.0104 0.1891 0.5113 
         409  1 0.4573 0.0236 0.0532 0.4659 
         410  1 0.0916 0.0115 0.2910 0.6058 
         411  1 0.4765 0.0358 0.0634 0.4243 
         412  1 0.2290 0.0176 0.0765 0.6768 
         413  1 0.3499 0.0071 0.1725 0.4704 
         414  1 0.6082 0.0202 0.1525 0.2191 
         415  1 0.0818 0.0090 0.7465 0.1626 
         416  1 0.1718 0.0110 0.0983 0.7190 
         417  1 0.2259 0.0136 0.5585 0.2021 
         418  1 0.4046 0.0065 0.2418 0.3470 
         419  1 0.2440 0.0142 0.5338 0.2081 
         420  1 0.0370 0.0075 0.8670 0.0885 
         421  1 0.0846 0.0104 0.6886 0.2164 
         422  1 0.2521 0.1283 0.5336 0.0860 
         423  1 0.3568 0.0169 0.0260 0.6003 
         424  1 0.4950 0.0223 0.0807 0.4021 
         425  1 0.7452 0.0081 0.0304 0.2163 
         426  1 0.7037 0.0442 0.0464 0.2056 
         427  1 0.2587 0.0064 0.1294 0.6054 
         428  1 0.5626 0.0069 0.0945 0.3359 
         429  1 0.0836 0.0188 0.0181 0.8794 
         430  1 0.2728 0.4021 0.0455 0.2796 
         431  1 0.0694 0.0076 0.0500 0.8730 
         432  1 0.7505 0.0107 0.0554 0.1834 
         433  1 0.5317 0.0313 0.0668 0.3702 
         434  1 0.1207 0.0096 0.1936 0.6761 
         435  1 0.0583 0.0147 0.7532 0.1737 
         436  1 0.0193 0.0106 0.8936 0.0765 
         437  1 0.1497 0.2247 0.3771 0.2486 
         438  1 0.0908 0.0485 0.0337 0.8270 
         439  1 0.8451 0.0171 0.0337 0.1042 
         440  1 0.6256 0.0057 0.1933 0.1754 
         441  1 0.0522 0.1169 0.3361 0.4947 
         442  1 0.1177 0.2375 0.2173 0.4274 
         443  1 0.6144 0.0236 0.0477 0.3143 
         444  1 0.3677 0.0178 0.0911 0.5235 
         445  1 0.6562 0.0106 0.0685 0.2647 
         446  1 0.8008 0.0145 0.0576 0.1271 
         447  1 0.5520 0.0103 0.2895 0.1482 
         448  1 0.6003 0.0572 0.3059 0.0366 
         449  1 0.4106 0.0094 0.4320 0.1480 
         450  1 0.7858 0.0964 0.0816 0.0362 
         451  1 0.4382 0.0062 0.4331 0.1225 
         452  1 0.1000 0.0210 0.1134 0.7656 
         453  1 0.0712 0.0116 0.7932 0.1241 
         454  1 0.2415 0.0618 0.1098 0.5869 
         455  1 0.2260 0.0109 0.0339 0.7292 
         456  1 0.3603 0.0148 0.0370 0.5879 
         457  1 0.0316 0.0059 0.2261 0.7364 
         458  1 0.6327 0.0188 0.0434 0.3051 
         459  1 0.5255 0.0491 0.1270 0.2984 
         460  1 0.0961 0.0902 0.6442 0.1694 
         461  1 0.0909 0.0368 0.7553 0.1169 
         462  1 0.4861 0.0101 0.1820 0.3218 
         463  1 0.5639 0.0387 0.2534 0.1440 
         464  1 0.0708 0.0118 0.8428 0.0746 
         465  1 0.5589 0.0814 0.1350 0.2247 
         466  1 0.5199 0.1590 0.2378 0.0833 
         467  1 0.2975 0.0192 0.1879 0.4953 
         468  1 0.6417 0.0089 0.1982 0.1512 
         469  1 0.4913 0.0093 0.1723 0.3271 
         470  1 0.2654 0.0586 0.1104 0.5656 
         471  1 0.1204 0.0072 0.3210 0.5514 
         472  1 0.0951 0.0420 0.3665 0.4964 
         473  1 0.1785 0.0203 0.0498 0.7514 
         474  1 0.2924 0.0084 0.0472 0.6520 
         475  1 0.1290 0.0055 0.0372 0.8284 
         476  1 0.1157 0.0070 0.3089 0.5684 
         477  1 0.4173 0.0796 0.1619 0.3412 
         478  1 0.5362 0.0989 0.0601 0.3047 
         479  1 0.0339 0.0073 0.9285 0.0304 
         480  1 0.3785 0.0104 0.1990 0.4122 
         481  1 0.1612 0.0127 0.1911 0.6349 
         482  1 0.8158 0.0063 0.0323 0.1456 
         483  1 0.1669 0.0208 0.0448 0.7675 
         484  1 0.2405 0.0071 0.5631 0.1893 
         485  1 0.1829 0.5406 0.2046 0.0720 
         486  1 0.3774 0.0110 0.2386 0.3730 
         487  1 0.5945 0.0094 0.0809 0.3153 
         488  1 0.3128 0.0233 0.4492 0.2147 
         489  1 0.1175 0.0090 0.7611 0.1124 
         490  1 0.8357 0.0140 0.0654 0.0848 
         491  1 0.5561 0.0074 0.2051 0.2314 
         492  1 0.3923 0.0171 0.0654 0.5252 
         493  1 0.6349 0.0042 0.0541 0.3068 
         494  1 0.1767 0.0091 0.0787 0.7354 
         495  1 0.1350 0.0278 0.1916 0.6456 
         496  1 0.1625 0.1009 0.1230 0.6136 
         497  1 0.6461 0.0105 0.1940 0.1495 
         498  1 0.2687 0.0130 0.2034 0.5149 
         499  1 0.2460 0.0066 0.1450 0.6023 
         500  1 0.2701 0.0102 0.0467 0.6730 
         501  1 0.3906 0.0145 0.0974 0.4975 
         502  1 0.0673 0.0488 0.6586 0.2254 
         503  1 0.4311 0.0080 0.0875 0.4734 
         504  1 0.6502 0.0085 0.2063 0.1350 
         505  1 0.4311 0.1037 0.0444 0.4208 
         506  1 0.2836 0.0295 0.3235 0.3634 
         507  1 0.2425 0.1126 0.3837 0.2611 
         508  1 0.2413 0.0115 0.0659 0.6814 
         509  1 0.0684 0.0049 0.0159 0.9108 
         510  1 0.2520 0.0076 0.4433 0.2971 
         511  1 0.5748 0.0120 0.1257 0.2875 
         512  1 0.6653 0.0120 0.0851 0.2376 
         513  1 0.5099 0.0147 0.0410 0.4344 
         514  1 0.7515 0.0209 0.0557 0.1719 
         515  1 0.4254 0.0069 0.1090 0.4588 
         516  1 0.6370 0.0291 0.0451 0.2889 
         517  1 0.7991 0.0267 0.0158 0.1584 
         518  1 0.2653 0.2021 0.1379 0.3947 
         519  1 0.2279 0.0377 0.6395 0.0949 
         520  1 0.2347 0.0181 0.1771 0.5701 
         521  1 0.4252 0.0085 0.4198 0.1466 
         522  1 0.0480 0.0119 0.8853 0.0547 
         523  1 0.3519 0.0239 0.0798 0.5444 
         524  1 0.3593 0.0053 0.1125 0.5229 
         525  1 0.3359 0.0124 0.0473 0.6043 
         526  1 0.7739 0.0209 0.1281 0.0770 
         527  1 0.0548 0.0092 0.6037 0.3323 
         528  1 0.5056 0.0111 0.0867 0.3967 
         529  1 0.0184 0.0140 0.9326 0.0350 
         530  1 0.5769 0.0642 0.1806 0.1782 
         531  1 0.3649 0.0093 0.3755 0.2503 
         532  1 0.1713 0.0149 0.6880 0.1258 
         533  1 0.4008 0.0146 0.2886 0.2960 
         534  1 0.7032 0.0571 0.0676 0.1722 
         535  1 0.6170 0.0174 0.0554 0.3103 
         536  1 0.0508 0.0129 0.7621 0.1742 
         537  1 0.4986 0.0487 0.2108 0.2418 
         538  1 0.2443 0.0049 0.0140 0.7368 
         539  1 0.7802 0.0143 0.0335 0.1721 
         540  1 0.3167 0.0102 0.2292 0.4440 
         541  1 0.1618 0.0106 0.5922 0.2353 
         542  1 0.6563 0.0108 0.2212 0.1117 
         543  1 0.1004 0.0044 0.0766 0.8187 
         544  1 0.6215 0.0450 0.1883 0.1452 
         545  1 0.7998 0.0349 0.0667 0.0986 
         546  1 0.2022 0.0210 0.0809 0.6958 
         547  1 0.3299 0.0094 0.3194 0.3414 
         548  1 0.5860 0.0071 0.1088 0.2982 
         549  1 0.8382 0.0216 0.0897 0.0506 
         550  1 0.4472 0.0058 0.0261 0.5209 
         551  1 0.1481 0.0069 0.4273 0.4177 
         552  1 0.7062 0.0042 0.0547 0.2348 
         553  1 0.4518 0.0286 0.2119 0.3077 
         554  1 0.2747 0.0511 0.1740 0.5001 
         555  1 0.5727 0.0295 0.0653 0.3326 
         556  1 0.7664 0.0249 0.0874 0.1213 
         557  1 0.4598 0.0123 0.1600 0.3679 
         558  1 0.4794 0.0085 0.1207 0.3914 
         559  1 0.1253 0.0431 0.0245 0.8071 
         560  1 0.6938 0.0197 0.0797 0.2069 
         561  1 0.5413 0.0160 0.1321 0.3106 
         562  1 0.1786 0.0131 0.3892 0.4192 
         563  1 0.6527 0.0085 0.0622 0.2766 
         564  1 0.1931 0.2905 0.1246 0.3918 
         565  1 0.2636 0.0096 0.4216 0.3051 
         566  1 0.1638 0.0269 0.3371 0.4722 
         567  1 0.0551 0.0099 0.7368 0.1981 
         568  1 0.0711 0.0419 0.1524 0.7347 
         569  1 0.4697 0.0055 0.0512 0.4736 
         570  1 0.1186 0.0075 0.4244 0.4495 
         571  1 0.0960 0.0092 0.4444 0.4504 
         572  1 0.3721 0.0121 0.2308 0.3850 
         573  1 0.3327 0.2171 0.0422 0.4080 
         574  1 0.2638 0.0347 0.3007 0.4008 
         575  1 0.6331 0.0180 0.0604 0.2885 
         576  1 0.6212 0.0545 0.1338 0.1905 
         577  1 0.4376 0.0604 0.2209 0.2810 
         578  1 0.0973 0.2196 0.5498 0.1333 
         579  1 0.4674 0.0310 0.0493 0.4523 
         580  1 0.0540 0.0087 0.7213 0.2160 
         581  1 0.5345 0.0070 0.0242 0.4343 
         582  1 0.3300 0.1325 0.2234 0.3141 
         583  1 0.4204 0.1026 0.3332 0.1438 
         584  1 0.6201 0.0191 0.0929 0.2680 
         585  1 0.4487 0.0236 0.4419 0.0859 
         586  1 0.5457 0.0125 0.0476 0.3942 
         587  1 0.7187 0.0125 0.0282 0.2407 
         588  1 0.2151 0.0309 0.2627 0.4914 
         589  1 0.0428 0.0473 0.0870 0.8229 
         590  1 0.4529 0.0203 0.0554 0.4713 
         591  1 0.0414 0.0069 0.7315 0.2201 
         592  1 0.1427 0.0179 0.0183 0.8211 
         593  1 0.2740 0.0192 0.0426 0.6642 
         594  1 0.5609 0.0283 0.0302 0.3806 
         595  1 0.0227 0.0108 0.9400 0.0265 
         596  1 0.2564 0.0160 0.2400 0.4876 
         597  1 0.3827 0.0198 0.4647 0.1327 
         598  1 0.9207 0.0066 0.0202 0.0525 
         599  1 0.2849 0.0552 0.2265 0.4333 
         600  1 0.4473 0.0441 0.2730 0.2356 
         601  1 0.6344 0.1294 0.0320 0.2042 
         602  1 0.2659 0.0715 0.3306 0.3321 
         603  1 0.2064 0.0121 0.6503 0.1312 
         604  1 0.0502 0.0147 0.4090 0.5261 
         605  1 0.2476 0.0089 0.1136 0.6299 
         606  1 0.2085 0.0227 0.4958 0.2730 
         607  1 0.2394 0.0286 0.1094 0.6226 
         608  1 0.4319 0.0100 0.0388 0.5192 
         609  1 0.5230 0.0111 0.0856 0.3803 
         610  1 0.2811 0.0424 0.1703 0.5061 
         611  1 0.0803 0.0068 0.0552 0.8577 
         612  1 0.5963 0.0319 0.0252 0.3466 
         613  1 0.2038 0.0287 0.3473 0.4202 
         614  1 0.5371 0.0076 0.1621 0.2932 
         615  1 0.6448 0.0225 0.1201 0.2127 
         616  1 0.5611 0.0154 0.0952 0.3283 
         617  1 0.1219 0.0124 0.3633 0.5025 
         618  1 0.5056 0.0139 0.2913 0.1892 
         619  1 0.0972 0.0249 0.8098 0.0681 
         620  1 0.8113 0.0083 0.0926 0.0878 
         621  1 0.7811 0.0769 0.0191 0.1230 
         622  1 0.8191 0.0160 0.0358 0.1291 
         623  1 0.1339 0.0029 0.0201 0.8430 
         624  1 0.6984 0.0235 0.0747 0.2034 
         625  1 0.2848 0.0085 0.3199 0.3868 
         626  1 0.0151 0.0050 0.9379 0.0420 
         627  1 0.4899 0.0522 0.0813 0.3766 
         628  1 0.6117 0.0092 0.1081 0.2710 
         629  1 0.0308 0.0178 0.8989 0.0525 
         630  1 0.4116 0.0066 0.0606 0.5211 
         631  1 0.6642 0.0082 0.0287 0.2990 
         632  1 0.6783 0.0153 0.0876 0.2188 
         633  1 0.1025 0.1109 0.1373 0.6493 
         634  1 0.7134 0.0205 0.0412 0.2250 
         635  1 0.3405 0.0115 0.1657 0.4823 
         636  1 0.3476 0.0193 0.5864 0.0467 
         637  1 0.2214 0.0102 0.4183 0.3501 
         638  1 0.5835 0.0455 0.1824 0.1887 
         639  1 0.0739 0.0109 0.7216 0.1937 
         640  1 0.7811 0.0118 0.0623 0.1447 
         641  1 0.1266 0.0141 0.1755 0.6838 
         642  1 0.6782 0.0102 0.0817 0.2299 
         643  1 0.3162 0.0337 0.0739 0.5762 
         644  1 0.5038 0.0719 0.1947 0.2296 
         645  1 0.5771 0.0530 0.0371 0.3328 
         646  1 0.7146 0.0211 0.0957 0.1686 
         647  1 0.1256 0.0075 0.3773 0.4897 
         648  1 0.5939 0.1422 0.0772 0.1868 
         649  1 0.4555 0.0479 0.0740 0.4226 
         650  1 0.5453 0.0074 0.1368 0.3105 
         651  1 0.7563 0.0138 0.1410 0.0889 
         652  1 0.4146 0.0374 0.0219 0.5261 
         653  1 0.2173 0.0117 0.5582 0.2129 
         654  1 0.4518 0.0080 0.2000 0.3402 
         655  1 0.6257 0.0451 0.1381 0.1912 
         656  1 0.7639 0.0182 0.0672 0.1507 
         657  1 0.8029 0.0199 0.0174 0.1598 
         658  1 0.1252 0.0403 0.5381 0.2963 
         659  1 0.1749 0.0146 0.2536 0.5569 
         660  1 0.8669 0.0187 0.0423 0.0722 
         661  1 0.0732 0.0104 0.8044 0.1120 
         662  1 0.0186 0.0276 0.9115 0.0423 
         663  1 0.8921 0.0069 0.0315 0.0695 
         664  1 0.4685 0.0170 0.0302 0.4843 
         665  1 0.4353 0.0972 0.1116 0.3559 
         666  1 0.7743 0.0047 0.0985 0.1224 
         667  1 0.3867 0.0132 0.1904 0.4097 
         668  1 0.2700 0.1172 0.4467 0.1661 
         669  1 0.6885 0.0096 0.0358 0.2661 
         670  1 0.1454 0.0103 0.3849 0.4595 
         671  1 0.5865 0.0715 0.0145 0.3275 
         672  1 0.5494 0.0156 0.0581 0.3769 
         673  1 0.4562 0.0046 0.0344 0.5048 
         674  1 0.6353 0.0331 0.2461 0.0855 
         675  1 0.7348 0.0203 0.0438 0.2011 
         676  1 0.5180 0.0429 0.1034 0.3357 
         677  1 0.8004 0.0062 0.0551 0.1383 
         678  1 0.6629 0.0065 0.0499 0.2806 
         679  1 0.9004 0.0067 0.0263 0.0666 
         680  1 0.2125 0.0368 0.4054 0.3452 
         681  1 0.4201 0.0120 0.2490 0.3190 
         682  1 0.0734 0.0146 0.6672 0.2447 
         683  1 0.2509 0.0756 0.5013 0.1721 
         684  1 0.1323 0.0088 0.6241 0.2348 
         685  1 0.6457 0.0973 0.0745 0.1825 
         686  1 0.1640 0.1386 0.0224 0.6749 
         687  1 0.5970 0.0103 0.0219 0.3708 
         688  1 0.3335 0.0082 0.0548 0.6034 
         689  1 0.1848 0.0375 0.0960 0.6817 
         690  1 0.2654 0.0161 0.2140 0.5045 
         691  1 0.3234 0.1614 0.4167 0.0985 
         692  1 0.1815 0.0424 0.2215 0.5547 
         693  1 0.3752 0.0068 0.0861 0.5319 
         694  1 0.6238 0.0120 0.0681 0.2962 
         695  1 0.3525 0.0079 0.1881 0.4515 
         696  1 0.5494 0.0327 0.1287 0.2893 
         697  1 0.2049 0.0207 0.5364 0.2379 
         698  1 0.5740 0.0256 0.1682 0.2321 
         699  1 0.3332 0.0174 0.2493 0.4001 
         700  1 0.6680 0.0213 0.1926 0.1181 
         701  1 0.5559 0.0114 0.0999 0.3328 
         702  1 0.4213 0.0542 0.0903 0.4343 
         703  1 0.0840 0.0111 0.5180 0.3869 
         704  1 0.2463 0.0332 0.5553 0.1652 
         705  1 0.3364 0.0126 0.4032 0.2479 
         706  1 0.6259 0.0065 0.0324 0.3353 
         707  1 0.3952 0.0215 0.4270 0.1564 
         708  1 0.7250 0.0126 0.1667 0.0957 
         709  1 0.3390 0.0431 0.1244 0.4934 
         710  1 0.4085 0.0724 0.1010 0.4180 
         711  1 0.5687 0.0132 0.2080 0.2102 
         712  1 0.2793 0.0105 0.3372 0.3730 
         713  1 0.4438 0.0094 0.3688 0.1780 
         714  1 0.1502 0.0641 0.2584 0.5274 
         715  1 0.1582 0.2603 0.3215 0.2600 
         716  1 0.3705 0.0168 0.0750 0.5378 
         717  1 0.4367 0.1352 0.0324 0.3957 
         718  1 0.7940 0.0196 0.0463 0.1401 
         719  1 0.1216 0.0145 0.0293 0.8346 
         720  1 0.4130 0.1604 0.1900 0.2366 
         721  1 0.2196 0.0271 0.5005 0.2527 
         722  1 0.2549 0.0198 0.6304 0.0949 
         723  1 0.3181 0.0190 0.3806 0.2824 
         724  1 0.3054 0.0237 0.0839 0.5869 
         725  1 0.2268 0.0063 0.3996 0.3672 
         726  1 0.2610 0.0988 0.1459 0.4943 
         727  1 0.5806 0.0080 0.1804 0.2310 
         728  1 0.6980 0.0157 0.0523 0.2339 
         729  1 0.1561 0.0158 0.5059 0.3223 
         730  1 0.5191 0.0097 0.0660 0.4052 
         731  1 0.3861 0.0112 0.1684 0.4343 
         732  1 0.1632 0.0286 0.0710 0.7371 
         733  1 0.5802 0.0073 0.3548 0.0578 
         734  1 0.5010 0.0152 0.1665 0.3174 
         735  1 0.7651 0.0111 0.0146 0.2092 
         736  1 0.5375 0.0080 0.0788 0.3757 
         737  1 0.0724 0.0292 0.7759 0.1225 
         738  1 0.4508 0.0151 0.1509 0.3833 
         739  1 0.1526 0.0253 0.3530 0.4690 
         740  1 0.1784 0.0429 0.4768 0.3019 
         741  1 0.3962 0.0094 0.2173 0.3771 
         742  1 0.0147 0.0714 0.8990 0.0148 
         743  1 0.0098 0.0116 0.9674 0.0112 
         744  1 0.0093 0.0267 0.9564 0.0076 
         745  1 0.0068 0.0065 0.9802 0.0065 
         746  1 0.0059 0.0160 0.9712 0.0069 
         747  1 0.0168 0.0053 0.9635 0.0144 
         748  1 0.0164 0.0471 0.9163 0.0202 
         749  1 0.0063 0.0076 0.9793 0.0067 
         750  1 0.0064 0.0078 0.9800 0.0058 
         751  1 0.0103 0.0226 0.9594 0.0076 
         752  1 0.0118 0.0645 0.9145 0.0093 
         753  1 0.0064 0.0364 0.9479 0.0093 
         754  1 0.0090 0.0502 0.9320 0.0087 
         755  1 0.7159 0.0917 0.0919 0.1004 
         756  1 0.0533 0.0454 0.0323 0.8691 
         757  1 0.0524 0.0182 0.6608 0.2686 
         758  1 0.0183 0.0268 0.2509 0.7040 
         759  1 0.4019 0.1038 0.0315 0.4628 
         760  1 0.2566 0.3321 0.0805 0.3308 
         761  1 0.0391 0.0659 0.1946 0.7003 
         762  1 0.0603 0.7965 0.0823 0.0609 
         763  1 0.1392 0.0175 0.3404 0.5030 
         764  1 0.2105 0.0153 0.0729 0.7014 
         765  1 0.0076 0.9776 0.0080 0.0068 
         766  1 0.1171 0.0110 0.3206 0.5513 
         767  1 0.2252 0.0203 0.1623 0.5922 
         768  1 0.2353 0.0199 0.5470 0.1978 
         769  1 0.0930 0.0552 0.1741 0.6778 
         770  1 0.1540 0.0251 0.2193 0.6017 
         771  1 0.3403 0.0142 0.0127 0.6328 
         772  1 0.4295 0.0211 0.1754 0.3740 
         773  1 0.3667 0.0197 0.2360 0.3777 
         774  1 0.5709 0.0131 0.1701 0.2459 
         775  1 0.0096 0.9730 0.0095 0.0079 
         776  1 0.0198 0.9476 0.0138 0.0188 
         777  1 0.0055 0.9849 0.0045 0.0051 
         778  1 0.1886 0.1056 0.2094 0.4964 
         779  1 0.0110 0.9695 0.0084 0.0111 
         780  1 0.0313 0.9196 0.0314 0.0177 
         781  1 0.0086 0.9778 0.0062 0.0074 
         782  1 0.0054 0.9833 0.0061 0.0052 
         783  1 0.0309 0.9220 0.0269 0.0203 
         784  1 0.0070 0.9734 0.0125 0.0071 
         785  1 0.0105 0.9670 0.0125 0.0099 
         786  1 0.0236 0.9214 0.0229 0.0322 
         787  1 0.0079 0.9772 0.0071 0.0078 
         788  1 0.0077 0.9768 0.0080 0.0074 
         789  1 0.0060 0.9782 0.0092 0.0067 
         790  1 0.0115 0.9670 0.0126 0.0089 
         791  1 0.0267 0.7550 0.1823 0.0360 
         792  1 0.0048 0.9777 0.0105 0.0069 
         793  1 0.0347 0.9203 0.0190 0.0260 
         794  1 0.0199 0.9314 0.0219 0.0269 
         795  1 0.0076 0.9770 0.0093 0.0061 
         796  1 0.0332 0.9286 0.0178 0.0205 
         797  1 0.0083 0.9717 0.0098 0.0101 
         798  1 0.0080 0.9524 0.0282 0.0114 
         799  1 0.0055 0.9832 0.0056 0.0057 
         800  1 0.0096 0.9663 0.0129 0.0112 
         801  1 0.0102 0.9710 0.0086 0.0102 
         802  1 0.0047 0.9869 0.0041 0.0042 
         803  1 0.0093 0.9706 0.0081 0.0120 
         804  1 0.0331 0.9066 0.0142 0.0461 
         805  1 0.0590 0.8958 0.0160 0.0292 
         806  1 0.0130 0.9484 0.0269 0.0117 
         807  1 0.0165 0.9659 0.0084 0.0092 
         808  1 0.0139 0.9637 0.0091 0.0132 
         809  1 0.0263 0.9128 0.0384 0.0225 
         810  1 0.0193 0.9501 0.0181 0.0125 
         811  1 0.0052 0.9840 0.0059 0.0049 
         812  1 0.0050 0.9841 0.0056 0.0052 
         813  1 0.0683 0.8333 0.0369 0.0614 
         814  1 0.0073 0.9745 0.0114 0.0068 
         815  1 0.0577 0.8260 0.0618 0.0545 
         816  1 0.0057 0.9811 0.0071 0.0061 
         817  1 0.0097 0.9388 0.0341 0.0173 
         818  1 0.0242 0.8407 0.0646 0.0705 
         819  1 0.0073 0.9759 0.0095 0.0073 
         820  1 0.0059 0.9819 0.0067 0.0055 
         821  1 0.0076 0.9802 0.0059 0.0063 
         822  1 0.0083 0.9755 0.0075 0.0087 
         823  1 0.0152 0.9661 0.0068 0.0118 
         824  1 0.0108 0.9627 0.0149 0.0116 
         825  1 0.0546 0.8166 0.0802 0.0486 
         826  1 0.0081 0.9365 0.0462 0.0092 
         827  1 0.0071 0.9807 0.0054 0.0068 
         828  1 0.0047 0.9856 0.0048 0.0049 
         829  1 0.0040 0.9873 0.0043 0.0043 
         830  1 0.0054 0.9845 0.0048 0.0052 
         831  1 0.0108 0.9635 0.0111 0.0145 
         832  1 0.0180 0.9363 0.0277 0.0180 
         833  1 0.0102 0.9703 0.0112 0.0083 
         834  1 0.0434 0.8774 0.0504 0.0287 
         835  1 0.0059 0.9815 0.0070 0.0056 
         836  1 0.0161 0.9497 0.0213 0.0129 
         837  1 0.0114 0.9703 0.0085 0.0098 
         838  1 0.0738 0.8417 0.0223 0.0622 
         839  1 0.0178 0.9527 0.0122 0.0173 
         840  1 0.0057 0.9826 0.0062 0.0055 
         841  1 0.2797 0.0322 0.0409 0.6472 
         842  1 0.0146 0.9423 0.0238 0.0193 
         843  1 0.0056 0.9835 0.0050 0.0060 
         844  1 0.0059 0.9826 0.0060 0.0056 
         845  1 0.0107 0.9723 0.0074 0.0096 
         846  1 0.0134 0.9633 0.0137 0.0096 
         847  1 0.0081 0.9788 0.0067 0.0064 
         848  1 0.0077 0.9629 0.0213 0.0080 
         849  1 0.0808 0.0152 0.0519 0.8521 
         850  1 0.0871 0.1829 0.4093 0.3207 
         851  1 0.1120 0.0309 0.0525 0.8046 
         852  1 0.0763 0.1946 0.0331 0.6960 
         853  1 0.4764 0.0191 0.0326 0.4718 
         854  1 0.1919 0.5918 0.0373 0.1790 
         855  1 0.0998 0.0254 0.2802 0.5946 
         856  1 0.3657 0.0213 0.1686 0.4444 
         857  1 0.0163 0.9473 0.0194 0.0170 
         858  1 0.1148 0.0780 0.2333 0.5738 
         859  1 0.0146 0.9578 0.0112 0.0163 
         860  1 0.1511 0.0147 0.0850 0.7492 
         861  1 0.1142 0.6541 0.0762 0.1555 
         862  1 0.2754 0.0233 0.0310 0.6703 
         863  1 0.0456 0.0178 0.2455 0.6911 
         864  1 0.0061 0.9814 0.0054 0.0070 
         865  1 0.2914 0.2617 0.0582 0.3887 
         866  1 0.0306 0.0873 0.2445 0.6376 
         867  1 0.1890 0.0171 0.2755 0.5184 
         868  1 0.1604 0.0098 0.0354 0.7944 
         869  1 0.1562 0.0110 0.1269 0.7059 
         870  1 0.0110 0.9693 0.0086 0.0110 
         871  1 0.2830 0.0427 0.0820 0.5923 
         872  1 0.2890 0.3388 0.1037 0.2685 
         873  1 0.0820 0.0327 0.0902 0.7951 
         874  1 0.2745 0.0765 0.3460 0.3030 
         875  1 0.1752 0.0661 0.1567 0.6020 
         876  1 0.2468 0.1297 0.0648 0.5586 
         877  1 0.3064 0.0669 0.0534 0.5733 
         878  1 0.0404 0.0188 0.0192 0.9217 
         879  1 0.3697 0.2516 0.1189 0.2598 
         880  1 0.1799 0.0204 0.6183 0.1814 
         881  1 0.0064 0.9817 0.0066 0.0053 
         882  1 0.1446 0.1378 0.0441 0.6736 
         883  1 0.0239 0.3400 0.3063 0.3299 
         884  1 0.5205 0.0389 0.1270 0.3137 
         885  1 0.3082 0.0289 0.3721 0.2908 
         886  1 0.6753 0.0081 0.0697 0.2470 
         887  1 0.4799 0.1908 0.1104 0.2189 
         888  1 0.2612 0.0268 0.0239 0.6881 
