           1  1 0.0234 0.0615 0.8618 0.0065 0.0467 
           2  1 0.0088 0.3431 0.0269 0.0058 0.6154 
           3  1 0.0654 0.3721 0.2466 0.0091 0.3068 
           4  1 0.0116 0.1924 0.4273 0.0057 0.3629 
           5  1 0.0062 0.1047 0.1070 0.0531 0.7291 
           6  1 0.0080 0.0801 0.6143 0.0204 0.2771 
           7  1 0.0055 0.2918 0.0145 0.0075 0.6807 
           8  1 0.0892 0.2187 0.0241 0.0046 0.6633 
           9  1 0.0100 0.2534 0.5353 0.0079 0.1934 
          10  1 0.0585 0.3035 0.3474 0.0715 0.2190 
          11  1 0.0058 0.1509 0.6004 0.0081 0.2348 
          12  1 0.0090 0.3730 0.0548 0.0043 0.5590 
          13  1 0.0146 0.6376 0.0265 0.0070 0.3143 
          14  1 0.0059 0.4943 0.1622 0.0095 0.3281 
          15  1 0.0355 0.1618 0.7029 0.0099 0.0899 
          16  1 0.0063 0.1960 0.4424 0.0069 0.3485 
          17  1 0.0174 0.1285 0.4081 0.0218 0.4242 
          18  1 0.0166 0.2171 0.3150 0.0103 0.4411 
          19  1 0.0616 0.0848 0.7214 0.0097 0.1225 
          20  1 0.0296 0.1383 0.0234 0.2692 0.5395 
          21  1 0.0192 0.2228 0.2920 0.0448 0.4212 
          22  1 0.0049 0.1469 0.7567 0.0054 0.0862 
          23  1 0.0206 0.2164 0.0633 0.0147 0.6850 
          24  1 0.0269 0.0897 0.4298 0.0583 0.3953 
          25  1 0.0433 0.3469 0.2401 0.0333 0.3364 
          26  1 0.0102 0.5736 0.1202 0.0047 0.2913 
          27  1 0.0090 0.1501 0.3855 0.0081 0.4473 
          28  1 0.0425 0.0876 0.4957 0.1616 0.2126 
          29  1 0.0122 0.5843 0.0391 0.0421 0.3222 
          30  1 0.0042 0.7761 0.0785 0.0038 0.1375 
          31  1 0.0056 0.2509 0.3131 0.0080 0.4224 
          32  1 0.0059 0.1119 0.0897 0.0054 0.7870 
          33  1 0.0080 0.0221 0.3982 0.0053 0.5664 
          34  1 0.0384 0.2505 0.4077 0.0166 0.2868 
          35  1 0.0088 0.2815 0.0646 0.0099 0.6352 
          36  1 0.0056 0.0446 0.1665 0.0064 0.7770 
          37  1 0.0118 0.4251 0.1639 0.0939 0.3052 
          38  1 0.0138 0.0917 0.3118 0.0073 0.5754 
          39  1 0.0122 0.0238 0.9304 0.0083 0.0253 
          40  1 0.0050 0.2315 0.3333 0.0168 0.4134 
          41  1 0.0258 0.1298 0.4327 0.0136 0.3981 
          42  1 0.0153 0.2091 0.0688 0.0155 0.6914 
          43  1 0.0672 0.1322 0.3342 0.0097 0.4567 
          44  1 0.0073 0.1900 0.2859 0.0399 0.4768 
          45  1 0.0221 0.6292 0.0528 0.0042 0.2918 
          46  1 0.0101 0.4871 0.0774 0.0118 0.4136 
          47  1 0.0090 0.1455 0.6274 0.0347 0.1835 
          48  1 0.0112 0.2094 0.0846 0.0404 0.6545 
          49  1 0.0781 0.5237 0.1710 0.0193 0.2079 
          50  1 0.0175 0.3126 0.2195 0.0073 0.4431 
          51  1 0.0159 0.3360 0.0345 0.0051 0.6085 
          52  1 0.0037 0.1771 0.0638 0.0053 0.7501 
          53  1 0.0419 0.4202 0.0132 0.0065 0.5181 
          54  1 0.0084 0.1688 0.3788 0.0997 0.3443 
          55  1 0.1948 0.2950 0.0690 0.0136 0.4277 
          56  1 0.0067 0.1804 0.5829 0.0178 0.2122 
          57  1 0.0151 0.3757 0.1221 0.0071 0.4799 
          58  1 0.0085 0.4444 0.2229 0.0288 0.2954 
          59  1 0.0052 0.1187 0.2470 0.0056 0.6234 
          60  1 0.0182 0.4782 0.1362 0.0154 0.3520 
          61  1 0.0117 0.2328 0.3423 0.1937 0.2195 
          62  1 0.0175 0.4110 0.0324 0.0070 0.5321 
          63  1 0.0388 0.1848 0.1726 0.0135 0.5903 
          64  1 0.0114 0.1445 0.5962 0.0063 0.2415 
          65  1 0.0086 0.1285 0.4285 0.0086 0.4258 
          66  1 0.0123 0.3209 0.0340 0.0106 0.6222 
          67  1 0.0196 0.1030 0.1302 0.0564 0.6908 
          68  1 0.0218 0.0661 0.7304 0.0171 0.1646 
          69  1 0.0096 0.0398 0.5823 0.1166 0.2518 
          70  1 0.0077 0.6323 0.0846 0.0185 0.2569 
          71  1 0.0073 0.0789 0.2091 0.0267 0.6780 
          72  1 0.0149 0.2322 0.0596 0.0147 0.6786 
          73  1 0.0323 0.0292 0.8344 0.0084 0.0958 
          74  1 0.0099 0.0790 0.6188 0.0080 0.2843 
          75  1 0.0268 0.1534 0.0388 0.0068 0.7742 
          76  1 0.0080 0.0854 0.1272 0.0077 0.7717 
          77  1 0.9742 0.0060 0.0063 0.0075 0.0059 
          78  1 0.9327 0.0213 0.0170 0.0128 0.0161 
          79  1 0.9671 0.0069 0.0068 0.0119 0.0073 
          80  1 0.9821 0.0045 0.0052 0.0035 0.0047 
          81  1 0.9763 0.0065 0.0061 0.0041 0.0069 
          82  1 0.9683 0.0076 0.0074 0.0068 0.0099 
          83  1 0.9096 0.0227 0.0225 0.0273 0.0178 
          84  1 0.9653 0.0071 0.0137 0.0056 0.0083 
          85  1 0.9569 0.0112 0.0117 0.0090 0.0113 
          86  1 0.8907 0.0218 0.0475 0.0089 0.0311 
          87  1 0.9796 0.0056 0.0055 0.0039 0.0053 
          88  1 0.9732 0.0052 0.0070 0.0086 0.0059 
          89  1 0.9733 0.0065 0.0072 0.0067 0.0063 
          90  1 0.5864 0.1223 0.1161 0.0217 0.1535 
          91  1 0.9720 0.0064 0.0085 0.0073 0.0058 
          92  1 0.9724 0.0065 0.0063 0.0091 0.0057 
          93  1 0.9764 0.0062 0.0060 0.0052 0.0063 
          94  1 0.9800 0.0045 0.0048 0.0057 0.0050 
          95  1 0.9535 0.0109 0.0147 0.0104 0.0105 
          96  1 0.9774 0.0055 0.0063 0.0051 0.0057 
          97  1 0.7177 0.0534 0.0531 0.1309 0.0450 
          98  1 0.3800 0.1915 0.2203 0.0299 0.1782 
          99  1 0.9779 0.0056 0.0068 0.0037 0.0060 
         100  1 0.8750 0.0473 0.0243 0.0099 0.0435 
         101  1 0.9668 0.0090 0.0102 0.0047 0.0093 
         102  1 0.7520 0.0475 0.0416 0.1059 0.0530 
         103  1 0.0079 0.1146 0.7299 0.0070 0.1406 
         104  1 0.0060 0.2782 0.3711 0.0051 0.3396 
         105  1 0.0072 0.4904 0.1759 0.0230 0.3034 
         106  1 0.0217 0.5233 0.0623 0.0118 0.3809 
         107  1 0.0176 0.1566 0.6206 0.0077 0.1976 
         108  1 0.0171 0.4925 0.3299 0.0173 0.1433 
         109  1 0.0231 0.1546 0.4364 0.0383 0.3476 
         110  1 0.0056 0.2497 0.1468 0.0184 0.5795 
         111  1 0.0060 0.5078 0.0666 0.0074 0.4122 
         112  1 0.0157 0.1818 0.3618 0.0050 0.4357 
         113  1 0.0369 0.2484 0.0790 0.0087 0.6270 
         114  1 0.0123 0.4258 0.0248 0.0090 0.5281 
         115  1 0.0063 0.2049 0.5611 0.0450 0.1828 
         116  1 0.0103 0.2309 0.3327 0.0044 0.4217 
         117  1 0.0052 0.8007 0.0335 0.0074 0.1532 
         118  1 0.0097 0.1883 0.5346 0.0073 0.2601 
         119  1 0.0110 0.3132 0.1134 0.0051 0.5574 
         120  1 0.0281 0.7751 0.0578 0.0050 0.1340 
         121  1 0.0217 0.4872 0.2407 0.0124 0.2381 
         122  1 0.0144 0.4848 0.1856 0.0160 0.2992 
         123  1 0.0114 0.4160 0.3605 0.0129 0.1992 
         124  1 0.0346 0.2325 0.3889 0.0091 0.3350 
         125  1 0.0053 0.3055 0.0533 0.0102 0.6256 
         126  1 0.0701 0.3813 0.2193 0.0178 0.3116 
         127  1 0.0117 0.4931 0.2149 0.0114 0.2689 
         128  1 0.5423 0.2673 0.0571 0.0064 0.1269 
         129  1 0.0629 0.4014 0.2439 0.0137 0.2782 
         130  1 0.0060 0.3110 0.2519 0.0122 0.4189 
         131  1 0.0585 0.4003 0.3506 0.0060 0.1846 
         132  1 0.0057 0.4193 0.0167 0.0038 0.5545 
         133  1 0.0768 0.5797 0.0612 0.0057 0.2765 
         134  1 0.0326 0.1116 0.0424 0.0070 0.8064 
         135  1 0.1137 0.5526 0.0728 0.0579 0.2029 
         136  1 0.0648 0.4891 0.1283 0.0102 0.3076 
         137  1 0.0066 0.0871 0.7622 0.0105 0.1336 
         138  1 0.0170 0.4603 0.0509 0.0082 0.4636 
         139  1 0.0197 0.1123 0.5952 0.0055 0.2672 
         140  1 0.0379 0.3041 0.3310 0.0648 0.2622 
         141  1 0.0060 0.2575 0.1576 0.0074 0.5715 
         142  1 0.0057 0.7450 0.0548 0.0092 0.1853 
         143  1 0.0269 0.2317 0.5414 0.0057 0.1944 
         144  1 0.0189 0.2964 0.3687 0.0060 0.3099 
         145  1 0.0106 0.1781 0.6152 0.0490 0.1473 
         146  1 0.0221 0.3800 0.1922 0.0192 0.3865 
         147  1 0.0069 0.1813 0.6773 0.0211 0.1135 
         148  1 0.0731 0.2312 0.0599 0.0091 0.6267 
         149  1 0.0064 0.2350 0.4986 0.0341 0.2259 
         150  1 0.0376 0.5702 0.0411 0.0946 0.2565 
         151  1 0.0078 0.3434 0.1084 0.0092 0.5313 
         152  1 0.0298 0.0330 0.7117 0.1673 0.0582 
         153  1 0.0236 0.0668 0.2877 0.0446 0.5773 
         154  1 0.0211 0.0279 0.8025 0.0530 0.0955 
         155  1 0.0094 0.1441 0.2423 0.0082 0.5959 
         156  1 0.2392 0.1050 0.5062 0.0350 0.1146 
         157  1 0.0184 0.2436 0.1312 0.0075 0.5992 
         158  1 0.0140 0.2513 0.1976 0.0055 0.5316 
         159  1 0.0447 0.2089 0.1993 0.3116 0.2355 
         160  1 0.0104 0.3673 0.4815 0.0097 0.1311 
         161  1 0.0295 0.2748 0.3855 0.0339 0.2763 
         162  1 0.0089 0.4353 0.1383 0.0132 0.4043 
         163  1 0.0048 0.6727 0.1656 0.0055 0.1513 
         164  1 0.0045 0.5195 0.1546 0.0089 0.3125 
         165  1 0.0044 0.1064 0.0229 0.0908 0.7755 
         166  1 0.1249 0.5562 0.1175 0.0044 0.1970 
         167  1 0.0058 0.0830 0.8208 0.0072 0.0832 
         168  1 0.0194 0.5476 0.0715 0.0133 0.3483 
         169  1 0.0065 0.2999 0.0665 0.0048 0.6223 
         170  1 0.0090 0.4702 0.3219 0.0142 0.1847 
         171  1 0.0076 0.3698 0.4178 0.0272 0.1776 
         172  1 0.0043 0.2106 0.5767 0.0106 0.1977 
         173  1 0.0122 0.5018 0.1166 0.0215 0.3479 
         174  1 0.0072 0.0991 0.4830 0.1105 0.3002 
         175  1 0.0056 0.1091 0.7620 0.0122 0.1112 
         176  1 0.0112 0.2332 0.6138 0.0111 0.1307 
         177  1 0.0051 0.5391 0.1267 0.0061 0.3229 
         178  1 0.0056 0.2834 0.1728 0.0164 0.5218 
         179  1 0.0301 0.1157 0.7565 0.0177 0.0799 
         180  1 0.0089 0.5753 0.2729 0.0052 0.1377 
         181  1 0.0622 0.6008 0.1599 0.0140 0.1630 
         182  1 0.0315 0.7123 0.0730 0.0107 0.1725 
         183  1 0.0681 0.0800 0.6356 0.0185 0.1978 
         184  1 0.0152 0.2375 0.2508 0.0085 0.4880 
         185  1 0.0246 0.3265 0.3719 0.0088 0.2682 
         186  1 0.0062 0.8340 0.0612 0.0037 0.0949 
         187  1 0.0074 0.3829 0.1940 0.0300 0.3857 
         188  1 0.0092 0.4155 0.2210 0.0197 0.3346 
         189  1 0.0107 0.4053 0.3126 0.0121 0.2593 
         190  1 0.0058 0.4097 0.2567 0.0295 0.2983 
         191  1 0.0745 0.3042 0.3563 0.0662 0.1988 
         192  1 0.0037 0.0880 0.7564 0.0451 0.1067 
         193  1 0.0089 0.2150 0.1227 0.0096 0.6437 
         194  1 0.0072 0.4424 0.1041 0.0207 0.4256 
         195  1 0.0069 0.5821 0.0891 0.0261 0.2957 
         196  1 0.4232 0.1479 0.1327 0.0066 0.2896 
         197  1 0.0326 0.3610 0.2090 0.0053 0.3922 
         198  1 0.0198 0.1609 0.2720 0.0119 0.5355 
         199  1 0.0089 0.6913 0.1824 0.0089 0.1085 
         200  1 0.0295 0.2787 0.0975 0.0057 0.5887 
         201  1 0.0049 0.2528 0.4433 0.0723 0.2267 
         202  1 0.0304 0.2107 0.0587 0.0052 0.6950 
         203  1 0.0392 0.7001 0.1449 0.0082 0.1075 
         204  1 0.0115 0.4212 0.0181 0.0121 0.5370 
         205  1 0.0150 0.2788 0.1399 0.0271 0.5392 
         206  1 0.0096 0.3760 0.4081 0.0229 0.1835 
         207  1 0.0242 0.5325 0.2899 0.0061 0.1473 
         208  1 0.0415 0.5906 0.0351 0.0053 0.3274 
         209  1 0.0109 0.1413 0.0881 0.0363 0.7234 
         210  1 0.0186 0.4245 0.0914 0.0101 0.4555 
         211  1 0.0087 0.5358 0.0430 0.0055 0.4071 
         212  1 0.0247 0.4983 0.1949 0.0278 0.2544 
         213  1 0.0180 0.1648 0.1481 0.0116 0.6575 
         214  1 0.0098 0.3052 0.0604 0.0308 0.5937 
         215  1 0.0150 0.2816 0.4599 0.0092 0.2342 
         216  1 0.0093 0.0861 0.5643 0.0114 0.3290 
         217  1 0.0073 0.5679 0.1291 0.0335 0.2622 
         218  1 0.0403 0.2694 0.1809 0.0154 0.4939 
         219  1 0.0059 0.6485 0.0711 0.0039 0.2706 
         220  1 0.3807 0.2954 0.0276 0.0114 0.2849 
         221  1 0.0275 0.4978 0.2463 0.0213 0.2071 
         222  1 0.0097 0.1407 0.4417 0.0903 0.3176 
         223  1 0.0059 0.1122 0.7413 0.0204 0.1202 
         224  1 0.0050 0.4334 0.2661 0.0161 0.2795 
         225  1 0.0080 0.0876 0.6040 0.2154 0.0850 
         226  1 0.0104 0.6097 0.0947 0.0286 0.2565 
         227  1 0.0096 0.2438 0.1009 0.0067 0.6391 
         228  1 0.0070 0.2677 0.3778 0.0069 0.3406 
         229  1 0.0259 0.4356 0.1197 0.0185 0.4003 
         230  1 0.0058 0.5138 0.1146 0.0247 0.3410 
         231  1 0.0066 0.6679 0.1774 0.0086 0.1395 
         232  1 0.0073 0.2984 0.4437 0.0042 0.2463 
         233  1 0.0179 0.6287 0.2044 0.0116 0.1374 
         234  1 0.0077 0.4769 0.1843 0.0263 0.3049 
         235  1 0.0088 0.2769 0.0786 0.0100 0.6257 
         236  1 0.0252 0.4260 0.3117 0.0153 0.2218 
         237  1 0.0359 0.4491 0.1948 0.0248 0.2954 
         238  1 0.0211 0.2612 0.1531 0.0334 0.5313 
         239  1 0.0166 0.4030 0.0626 0.0098 0.5079 
         240  1 0.1209 0.1289 0.3866 0.0168 0.3469 
         241  1 0.0100 0.5319 0.2347 0.0067 0.2167 
         242  1 0.0348 0.3462 0.1299 0.0110 0.4782 
         243  1 0.0105 0.6386 0.0249 0.0118 0.3142 
         244  1 0.0187 0.2771 0.5713 0.0044 0.1285 
         245  1 0.0139 0.0530 0.0434 0.0143 0.8754 
         246  1 0.0618 0.1966 0.5384 0.0059 0.1974 
         247  1 0.0048 0.0813 0.3054 0.0299 0.5786 
         248  1 0.0210 0.5218 0.0473 0.0102 0.3997 
         249  1 0.0057 0.2750 0.2309 0.0095 0.4789 
         250  1 0.0122 0.6987 0.1327 0.0337 0.1226 
         251  1 0.0250 0.2127 0.5824 0.0064 0.1735 
         252  1 0.0354 0.2578 0.1651 0.0333 0.5085 
         253  1 0.0601 0.6059 0.0188 0.0094 0.3057 
         254  1 0.0095 0.5608 0.0410 0.0075 0.3812 
         255  1 0.0597 0.5255 0.0333 0.0059 0.3757 
         256  1 0.0044 0.4085 0.4284 0.0104 0.1483 
         257  1 0.0258 0.5713 0.1288 0.0173 0.2568 
         258  1 0.0048 0.0846 0.6174 0.0058 0.2874 
         259  1 0.0082 0.4441 0.1084 0.0058 0.4335 
         260  1 0.0087 0.3919 0.1984 0.0205 0.3805 
         261  1 0.0108 0.3456 0.0985 0.0070 0.5382 
         262  1 0.0074 0.1427 0.0849 0.0070 0.7580 
         263  1 0.0100 0.4431 0.0188 0.1409 0.3872 
         264  1 0.0133 0.1568 0.0146 0.0274 0.7879 
         265  1 0.0130 0.0438 0.1894 0.0241 0.7297 
         266  1 0.0243 0.2041 0.1982 0.0089 0.5645 
         267  1 0.1276 0.1284 0.2474 0.0114 0.4853 
         268  1 0.3373 0.0845 0.2754 0.0642 0.2386 
         269  1 0.0194 0.0409 0.8447 0.0116 0.0834 
         270  1 0.0282 0.2714 0.3276 0.0073 0.3655 
         271  1 0.0518 0.3068 0.0786 0.0328 0.5300 
         272  1 0.0067 0.0378 0.8924 0.0206 0.0425 
         273  1 0.0049 0.3296 0.2035 0.0255 0.4365 
         274  1 0.0288 0.2813 0.3648 0.0262 0.2990 
         275  1 0.0280 0.3893 0.1133 0.0096 0.4597 
         276  1 0.0095 0.1263 0.6514 0.0954 0.1174 
         277  1 0.0060 0.3921 0.3184 0.0138 0.2697 
         278  1 0.0944 0.2783 0.1241 0.0921 0.4112 
         279  1 0.0242 0.1377 0.4869 0.0265 0.3248 
         280  1 0.0148 0.6017 0.2120 0.0057 0.1657 
         281  1 0.0386 0.2833 0.0443 0.0043 0.6295 
         282  1 0.0120 0.2969 0.3093 0.0577 0.3241 
         283  1 0.0156 0.3689 0.1009 0.2708 0.2438 
         284  1 0.0082 0.3150 0.3792 0.0473 0.2503 
         285  1 0.0486 0.1869 0.0330 0.0178 0.7136 
         286  1 0.0115 0.7785 0.0508 0.0098 0.1494 
         287  1 0.0702 0.6021 0.1195 0.0120 0.1962 
         288  1 0.0214 0.5015 0.2511 0.0164 0.2096 
         289  1 0.0049 0.4563 0.0408 0.0100 0.4880 
         290  1 0.0252 0.4381 0.1193 0.0078 0.4097 
         291  1 0.0223 0.5107 0.1447 0.0188 0.3035 
         292  1 0.0212 0.1227 0.5918 0.0342 0.2301 
         293  1 0.0120 0.1210 0.7849 0.0079 0.0741 
         294  1 0.1814 0.4640 0.0639 0.0981 0.1926 
         295  1 0.0294 0.2079 0.6717 0.0089 0.0821 
         296  1 0.0078 0.2324 0.4410 0.0480 0.2707 
         297  1 0.0112 0.3371 0.2378 0.0716 0.3423 
         298  1 0.0116 0.5974 0.0239 0.0079 0.3592 
         299  1 0.0240 0.3669 0.0897 0.0312 0.4882 
         300  1 0.0121 0.1083 0.3365 0.0183 0.5248 
         301  1 0.1098 0.6554 0.0820 0.0055 0.1473 
         302  1 0.0062 0.7995 0.0315 0.0109 0.1521 
         303  1 0.0074 0.5378 0.0239 0.0785 0.3524 
         304  1 0.0046 0.4259 0.2525 0.0109 0.3062 
         305  1 0.0307 0.3264 0.3251 0.0075 0.3103 
         306  1 0.0093 0.2261 0.2963 0.0096 0.4586 
         307  1 0.0177 0.2613 0.2738 0.0308 0.4163 
         308  1 0.0200 0.4136 0.1377 0.0078 0.4209 
         309  1 0.0092 0.1437 0.6004 0.0451 0.2016 
         310  1 0.0092 0.2675 0.1735 0.1522 0.3976 
         311  1 0.0071 0.2007 0.5057 0.0221 0.2643 
         312  1 0.0971 0.4001 0.2759 0.0367 0.1901 
         313  1 0.0055 0.4026 0.2837 0.0061 0.3021 
         314  1 0.1024 0.1600 0.4566 0.0532 0.2277 
         315  1 0.0111 0.0388 0.7907 0.0078 0.1516 
         316  1 0.0091 0.2426 0.2629 0.0894 0.3960 
         317  1 0.0243 0.5447 0.1535 0.0316 0.2460 
         318  1 0.0054 0.0510 0.8334 0.0147 0.0955 
         319  1 0.0076 0.3077 0.2200 0.2175 0.2472 
         320  1 0.2840 0.2971 0.1763 0.0781 0.1644 
         321  1 0.0118 0.1747 0.1723 0.0057 0.6355 
         322  1 0.0365 0.2914 0.5063 0.0162 0.1496 
         323  1 0.0274 0.6823 0.0443 0.0127 0.2332 
         324  1 0.0079 0.3008 0.1677 0.0070 0.5165 
         325  1 0.0281 0.0696 0.7730 0.0215 0.1078 
         326  1 0.0042 0.5842 0.0477 0.0075 0.3563 
         327  1 0.0112 0.4194 0.3243 0.0057 0.2393 
         328  1 0.0378 0.4581 0.1255 0.0179 0.3607 
         329  1 0.0273 0.6160 0.1013 0.0184 0.2369 
         330  1 0.0262 0.5758 0.2543 0.0043 0.1394 
         331  1 0.0124 0.0427 0.8780 0.0047 0.0622 
         332  1 0.0041 0.5472 0.1504 0.0103 0.2880 
         333  1 0.0086 0.6512 0.0395 0.0117 0.2889 
         334  1 0.0315 0.0763 0.3020 0.0061 0.5841 
         335  1 0.0561 0.2679 0.1986 0.0087 0.4688 
         336  1 0.0146 0.0134 0.9439 0.0067 0.0215 
         337  1 0.0157 0.0532 0.7591 0.0334 0.1386 
         338  1 0.1271 0.0207 0.8194 0.0084 0.0244 
         339  1 0.0052 0.0075 0.9709 0.0074 0.0089 
         340  1 0.0064 0.0134 0.9356 0.0320 0.0126 
         341  1 0.0102 0.3207 0.1748 0.0069 0.4874 
         342  1 0.0058 0.0076 0.9722 0.0059 0.0085 
         343  1 0.0265 0.0140 0.9345 0.0071 0.0180 
         344  1 0.0128 0.0148 0.9490 0.0117 0.0118 
         345  1 0.0060 0.0080 0.9680 0.0095 0.0084 
         346  1 0.0081 0.0115 0.9540 0.0143 0.0120 
         347  1 0.0087 0.0146 0.9457 0.0097 0.0213 
         348  1 0.0743 0.0399 0.8037 0.0245 0.0575 
         349  1 0.0096 0.0073 0.9695 0.0061 0.0074 
         350  1 0.1036 0.0174 0.8484 0.0076 0.0230 
         351  1 0.0066 0.0137 0.9133 0.0542 0.0122 
         352  1 0.0115 0.4991 0.2609 0.0059 0.2225 
         353  1 0.0093 0.0170 0.9378 0.0204 0.0156 
         354  1 0.0084 0.0147 0.9439 0.0179 0.0151 
         355  1 0.0118 0.0200 0.9303 0.0190 0.0189 
         356  1 0.0216 0.1942 0.1122 0.0091 0.6630 
         357  1 0.0143 0.1977 0.5375 0.1557 0.0948 
         358  1 0.0343 0.4740 0.2332 0.0126 0.2458 
         359  1 0.0088 0.2876 0.0922 0.0240 0.5875 
         360  1 0.0371 0.1236 0.6432 0.0486 0.1475 
         361  1 0.0170 0.2123 0.4787 0.0983 0.1936 
         362  1 0.0304 0.6417 0.0465 0.0051 0.2762 
         363  1 0.0056 0.0730 0.8209 0.0062 0.0943 
         364  1 0.0058 0.2682 0.1070 0.0066 0.6123 
         365  1 0.0088 0.0342 0.8664 0.0073 0.0833 
         366  1 0.0074 0.0803 0.7926 0.0052 0.1144 
         367  1 0.0305 0.4544 0.1388 0.0153 0.3610 
         368  1 0.0131 0.5762 0.1197 0.0113 0.2796 
         369  1 0.0110 0.1192 0.7268 0.0049 0.1381 
         370  1 0.0059 0.1325 0.7063 0.0408 0.1146 
         371  1 0.0101 0.3062 0.4825 0.0556 0.1457 
         372  1 0.0087 0.0426 0.7017 0.0472 0.1997 
         373  1 0.0110 0.5869 0.1251 0.0176 0.2594 
         374  1 0.1492 0.2754 0.3004 0.0560 0.2190 
         375  1 0.0044 0.0949 0.4507 0.0241 0.4260 
         376  1 0.0115 0.2084 0.4891 0.0145 0.2766 
         377  1 0.0129 0.4131 0.0998 0.0116 0.4626 
         378  1 0.0234 0.2150 0.6934 0.0090 0.0592 
         379  1 0.0081 0.3276 0.2346 0.0129 0.4169 
         380  1 0.0070 0.4197 0.0396 0.0158 0.5179 
         381  1 0.0166 0.1095 0.6723 0.0111 0.1904 
         382  1 0.0069 0.1520 0.0716 0.0252 0.7443 
         383  1 0.0607 0.2933 0.1985 0.0165 0.4310 
         384  1 0.0116 0.4118 0.2669 0.0131 0.2965 
         385  1 0.0032 0.1877 0.1737 0.0049 0.6304 
         386  1 0.0369 0.3717 0.4003 0.0095 0.1816 
         387  1 0.0051 0.1832 0.6546 0.0079 0.1492 
         388  1 0.0182 0.5084 0.2009 0.0129 0.2596 
         389  1 0.0240 0.2674 0.1631 0.0075 0.5380 
         390  1 0.0321 0.0989 0.7573 0.0039 0.1077 
         391  1 0.0091 0.2815 0.3468 0.0071 0.3555 
         392  1 0.0043 0.7981 0.0576 0.0158 0.1241 
         393  1 0.0313 0.1494 0.3583 0.0073 0.4538 
         394  1 0.0063 0.6949 0.0444 0.0075 0.2470 
         395  1 0.0072 0.7601 0.0276 0.0060 0.1992 
         396  1 0.0106 0.3159 0.1645 0.0063 0.5028 
         397  1 0.0087 0.6574 0.0789 0.0078 0.2472 
         398  1 0.4946 0.1907 0.1429 0.0264 0.1454 
         399  1 0.0168 0.1892 0.1801 0.0117 0.6023 
         400  1 0.0225 0.3327 0.0917 0.0336 0.5196 
         401  1 0.0143 0.6426 0.1526 0.0086 0.1818 
         402  1 0.0071 0.6081 0.0581 0.0168 0.3098 
         403  1 0.0127 0.1591 0.5284 0.0063 0.2935 
         404  1 0.0064 0.5132 0.1904 0.0239 0.2661 
         405  1 0.0523 0.2687 0.5255 0.0111 0.1424 
         406  1 0.0086 0.2448 0.3046 0.0498 0.3922 
         407  1 0.0091 0.2192 0.1027 0.0138 0.6552 
         408  1 0.0112 0.5865 0.0996 0.0083 0.2944 
         409  1 0.0111 0.1978 0.3258 0.0193 0.4461 
         410  1 0.0162 0.3879 0.0500 0.0101 0.5358 
         411  1 0.0076 0.3070 0.2902 0.0341 0.3611 
         412  1 0.0093 0.2243 0.1840 0.0163 0.5661 
         413  1 0.0102 0.5727 0.0969 0.0063 0.3139 
         414  1 0.0074 0.5808 0.2391 0.0193 0.1534 
         415  1 0.0481 0.2961 0.1726 0.0073 0.4759 
         416  1 0.0082 0.6474 0.0503 0.0104 0.2837 
         417  1 0.0325 0.3903 0.2209 0.0148 0.3415 
         418  1 0.0270 0.1810 0.4272 0.0056 0.3591 
         419  1 0.0490 0.3836 0.3233 0.0119 0.2322 
         420  1 0.2006 0.5419 0.0411 0.0078 0.2086 
         421  1 0.0572 0.2685 0.1568 0.0103 0.5072 
         422  1 0.0721 0.1690 0.5097 0.1196 0.1296 
         423  1 0.0045 0.4339 0.2196 0.0182 0.3237 
         424  1 0.0118 0.5137 0.1370 0.0170 0.3204 
         425  1 0.0063 0.3426 0.4509 0.0078 0.1924 
         426  1 0.0081 0.1805 0.6255 0.0396 0.1462 
         427  1 0.0102 0.4747 0.0661 0.0054 0.4436 
         428  1 0.0104 0.4985 0.2458 0.0061 0.2392 
         429  1 0.0046 0.1192 0.0442 0.0154 0.8166 
         430  1 0.0161 0.1241 0.2956 0.3610 0.2032 
         431  1 0.0086 0.5184 0.0321 0.0074 0.4335 
         432  1 0.0070 0.2446 0.5491 0.0091 0.1902 
         433  1 0.0068 0.1054 0.5669 0.0244 0.2965 
         434  1 0.0145 0.3676 0.0707 0.0086 0.5385 
         435  1 0.0168 0.5362 0.0449 0.0110 0.3910 
         436  1 0.0686 0.4848 0.0299 0.0100 0.4067 
         437  1 0.0828 0.1890 0.1717 0.2286 0.3278 
         438  1 0.0056 0.1596 0.1087 0.0447 0.6814 
         439  1 0.0098 0.0881 0.7752 0.0138 0.1132 
         440  1 0.0280 0.1221 0.7121 0.0048 0.1330 
         441  1 0.0214 0.3105 0.0283 0.0567 0.5832 
         442  1 0.0343 0.2482 0.0750 0.2258 0.4167 
         443  1 0.0091 0.0305 0.7470 0.0185 0.1949 
         444  1 0.0220 0.1038 0.4590 0.0146 0.4006 
         445  1 0.0067 0.1152 0.6302 0.0093 0.2386 
         446  1 0.0154 0.1997 0.6568 0.0131 0.1150 
         447  1 0.0274 0.2910 0.4702 0.0099 0.2015 
         448  1 0.0922 0.0830 0.7183 0.0549 0.0517 
         449  1 0.0273 0.7113 0.1381 0.0097 0.1136 
         450  1 0.0231 0.0522 0.8153 0.0713 0.0381 
         451  1 0.0653 0.1993 0.6037 0.0049 0.1268 
         452  1 0.0092 0.2417 0.0651 0.0173 0.6667 
         453  1 0.0428 0.6367 0.0702 0.0117 0.2387 
         454  1 0.0180 0.2378 0.1931 0.0579 0.4933 
         455  1 0.0048 0.4800 0.1175 0.0106 0.3870 
         456  1 0.0088 0.3476 0.1806 0.0149 0.4481 
         457  1 0.0108 0.2106 0.0264 0.0057 0.7465 
         458  1 0.0119 0.0832 0.7264 0.0138 0.1647 
         459  1 0.0168 0.2298 0.4877 0.0408 0.2249 
         460  1 0.0194 0.7068 0.0394 0.0627 0.1717 
         461  1 0.0586 0.4507 0.1536 0.0439 0.2932 
         462  1 0.0098 0.7251 0.1009 0.0080 0.1563 
         463  1 0.0237 0.1044 0.7127 0.0311 0.1281 
         464  1 0.0428 0.6718 0.0719 0.0133 0.2002 
         465  1 0.0143 0.1418 0.6142 0.0571 0.1726 
         466  1 0.0447 0.1302 0.6147 0.1246 0.0857 
         467  1 0.0164 0.4595 0.1666 0.0158 0.3418 
         468  1 0.0085 0.2474 0.6014 0.0073 0.1354 
         469  1 0.0089 0.4345 0.2789 0.0075 0.2701 
         470  1 0.0104 0.5514 0.1081 0.0539 0.2762 
         471  1 0.0061 0.7115 0.0246 0.0057 0.2521 
         472  1 0.0178 0.6266 0.0233 0.0374 0.2948 
         473  1 0.0106 0.2181 0.0825 0.0167 0.6721 
         474  1 0.0049 0.5352 0.0856 0.0068 0.3674 
         475  1 0.0072 0.5847 0.0322 0.0046 0.3712 
         476  1 0.0135 0.3626 0.1147 0.0059 0.5033 
         477  1 0.0096 0.2872 0.3779 0.0566 0.2688 
         478  1 0.0113 0.2178 0.4770 0.0790 0.2149 
         479  1 0.1186 0.6963 0.0636 0.0068 0.1147 
         480  1 0.0240 0.5461 0.1447 0.0088 0.2764 
         481  1 0.0190 0.2975 0.1141 0.0116 0.5577 
         482  1 0.0085 0.1543 0.7128 0.0054 0.1190 
         483  1 0.0094 0.2069 0.0753 0.0173 0.6911 
         484  1 0.1069 0.3981 0.2582 0.0064 0.2303 
         485  1 0.0683 0.0502 0.3164 0.4926 0.0724 
         486  1 0.0507 0.1090 0.4750 0.0083 0.3569 
         487  1 0.0076 0.5225 0.2489 0.0085 0.2125 
         488  1 0.0582 0.4590 0.2493 0.0240 0.2095 
         489  1 0.0378 0.3494 0.2911 0.0083 0.3135 
         490  1 0.0140 0.0597 0.8628 0.0111 0.0525 
         491  1 0.0091 0.5655 0.2429 0.0069 0.1756 
         492  1 0.0092 0.4300 0.1809 0.0162 0.3636 
         493  1 0.0088 0.2309 0.4353 0.0038 0.3211 
         494  1 0.0073 0.3325 0.0903 0.0085 0.5613 
         495  1 0.0156 0.3648 0.1119 0.0220 0.4857 
         496  1 0.0148 0.2625 0.1340 0.1011 0.4875 
         497  1 0.0097 0.4033 0.4570 0.0093 0.1207 
         498  1 0.0147 0.2967 0.1566 0.0124 0.5196 
         499  1 0.0108 0.5113 0.0673 0.0059 0.4047 
         500  1 0.0067 0.6748 0.0366 0.0089 0.2730 
         501  1 0.0081 0.3116 0.3221 0.0130 0.3452 
         502  1 0.0966 0.4685 0.0436 0.0497 0.3415 
         503  1 0.0044 0.7102 0.0950 0.0071 0.1833 
         504  1 0.0179 0.2880 0.5399 0.0082 0.1461 
         505  1 0.0056 0.0859 0.5131 0.0895 0.3059 
         506  1 0.0504 0.4108 0.2070 0.0233 0.3085 
         507  1 0.0333 0.1279 0.4431 0.1039 0.2918 
         508  1 0.0076 0.5753 0.0753 0.0099 0.3320 
         509  1 0.0076 0.1124 0.0354 0.0044 0.8402 
         510  1 0.0500 0.4876 0.1518 0.0062 0.3044 
         511  1 0.0321 0.2351 0.4528 0.0102 0.2698 
         512  1 0.0084 0.2482 0.5579 0.0095 0.1759 
         513  1 0.0084 0.3437 0.2679 0.0130 0.3670 
         514  1 0.0100 0.4688 0.3186 0.0206 0.1819 
         515  1 0.0107 0.5965 0.1197 0.0055 0.2677 
         516  1 0.0060 0.6675 0.1564 0.0308 0.1393 
         517  1 0.0036 0.6047 0.2614 0.0302 0.1000 
         518  1 0.0142 0.2402 0.2233 0.1838 0.3385 
         519  1 0.1803 0.2813 0.3170 0.0472 0.1743 
         520  1 0.0139 0.3182 0.1602 0.0140 0.4935 
         521  1 0.0415 0.4408 0.3553 0.0072 0.1551 
         522  1 0.5994 0.1171 0.1284 0.0106 0.1445 
         523  1 0.0102 0.3706 0.1568 0.0205 0.4419 
         524  1 0.0056 0.3520 0.2760 0.0048 0.3616 
         525  1 0.0055 0.6551 0.0699 0.0110 0.2586 
         526  1 0.0117 0.1453 0.7719 0.0141 0.0569 
         527  1 0.0207 0.5740 0.0302 0.0080 0.3671 
         528  1 0.0041 0.8121 0.0534 0.0084 0.1219 
         529  1 0.2954 0.5367 0.0287 0.0152 0.1240 
         530  1 0.0235 0.0772 0.6995 0.0454 0.1544 
         531  1 0.0398 0.4484 0.2622 0.0080 0.2417 
         532  1 0.1389 0.3035 0.2577 0.0146 0.2853 
         533  1 0.0166 0.4878 0.2149 0.0125 0.2681 
         534  1 0.0112 0.3164 0.4637 0.0485 0.1601 
         535  1 0.0093 0.2450 0.3992 0.0159 0.3305 
         536  1 0.0251 0.4008 0.0925 0.0128 0.4688 
         537  1 0.0307 0.2107 0.4904 0.0401 0.2282 
         538  1 0.0059 0.2751 0.1677 0.0043 0.5471 
         539  1 0.0053 0.2596 0.5640 0.0143 0.1568 
         540  1 0.0157 0.4137 0.1653 0.0096 0.3957 
         541  1 0.0868 0.6462 0.0648 0.0112 0.1909 
         542  1 0.0480 0.1079 0.7160 0.0086 0.1195 
         543  1 0.0121 0.2354 0.0702 0.0041 0.6783 
         544  1 0.0516 0.0703 0.7407 0.0383 0.0991 
         545  1 0.0209 0.0667 0.8031 0.0308 0.0785 
         546  1 0.0114 0.4109 0.1133 0.0181 0.4463 
         547  1 0.0185 0.5954 0.1309 0.0084 0.2467 
         548  1 0.0178 0.2486 0.5100 0.0061 0.2174 
         549  1 0.0153 0.1584 0.7578 0.0190 0.0496 
         550  1 0.0052 0.3865 0.1949 0.0055 0.4079 
         551  1 0.0628 0.1613 0.2098 0.0065 0.5595 
         552  1 0.0078 0.7904 0.0952 0.0037 0.1030 
         553  1 0.0090 0.7280 0.0960 0.0255 0.1414 
         554  1 0.0150 0.3565 0.1603 0.0394 0.4287 
         555  1 0.0091 0.4058 0.2653 0.0269 0.2930 
         556  1 0.0146 0.2800 0.5957 0.0191 0.0906 
         557  1 0.0116 0.7174 0.0960 0.0103 0.1647 
         558  1 0.0100 0.6533 0.1240 0.0071 0.2056 
         559  1 0.0058 0.1139 0.0968 0.0369 0.7465 
         560  1 0.0062 0.1524 0.6829 0.0166 0.1420 
         561  1 0.0102 0.1199 0.6532 0.0124 0.2043 
         562  1 0.0063 0.5506 0.0866 0.0107 0.3458 
         563  1 0.0083 0.3347 0.4080 0.0074 0.2417 
         564  1 0.0071 0.2983 0.0873 0.2626 0.3447 
         565  1 0.0232 0.6064 0.1243 0.0089 0.2373 
         566  1 0.0309 0.4230 0.0813 0.0223 0.4425 
         567  1 0.0865 0.4348 0.0751 0.0095 0.3942 
         568  1 0.0188 0.4554 0.0298 0.0357 0.4603 
         569  1 0.0094 0.4895 0.1862 0.0047 0.3101 
         570  1 0.0139 0.5573 0.0613 0.0067 0.3608 
         571  1 0.0649 0.3069 0.0711 0.0078 0.5491 
         572  1 0.0116 0.7202 0.0723 0.0094 0.1865 
         573  1 0.0111 0.1342 0.4029 0.1874 0.2644 
         574  1 0.0200 0.3468 0.1981 0.0285 0.4066 
         575  1 0.0061 0.4347 0.3130 0.0180 0.2282 
         576  1 0.0069 0.6852 0.1492 0.0454 0.1133 
         577  1 0.0162 0.3324 0.3761 0.0599 0.2154 
         578  1 0.0271 0.5065 0.0644 0.2499 0.1520 
         579  1 0.0066 0.1916 0.4126 0.0252 0.3640 
         580  1 0.0404 0.6896 0.0215 0.0079 0.2406 
         581  1 0.0039 0.7986 0.0596 0.0068 0.1311 
         582  1 0.0410 0.2214 0.3448 0.1069 0.2859 
         583  1 0.0779 0.2307 0.4244 0.1205 0.1465 
         584  1 0.0125 0.4647 0.3188 0.0166 0.1874 
         585  1 0.1177 0.1904 0.5882 0.0172 0.0866 
         586  1 0.0156 0.2457 0.4066 0.0116 0.3205 
         587  1 0.0062 0.3559 0.4287 0.0109 0.1983 
         588  1 0.0203 0.3435 0.1107 0.0266 0.4989 
         589  1 0.0177 0.1566 0.0252 0.0412 0.7593 
         590  1 0.0151 0.0636 0.6168 0.0164 0.2881 
         591  1 0.0718 0.5219 0.0308 0.0063 0.3692 
         592  1 0.0083 0.0595 0.1606 0.0168 0.7548 
         593  1 0.0061 0.6929 0.0361 0.0165 0.2483 
         594  1 0.0072 0.2027 0.4501 0.0274 0.3126 
         595  1 0.7444 0.0932 0.0796 0.0151 0.0677 
         596  1 0.0268 0.3214 0.1443 0.0149 0.4925 
         597  1 0.0344 0.4606 0.3066 0.0199 0.1785 
         598  1 0.0052 0.1771 0.7676 0.0057 0.0444 
         599  1 0.0226 0.1402 0.4002 0.0477 0.3893 
         600  1 0.0663 0.1805 0.5051 0.0439 0.2042 
         601  1 0.0061 0.1007 0.6680 0.0975 0.1277 
         602  1 0.0156 0.1694 0.3474 0.0578 0.4098 
         603  1 0.0493 0.5580 0.1650 0.0118 0.2160 
         604  1 0.0229 0.6447 0.0182 0.0109 0.3033 
         605  1 0.0183 0.3951 0.1635 0.0081 0.4150 
         606  1 0.0384 0.3677 0.2100 0.0188 0.3652 
         607  1 0.0080 0.4794 0.0821 0.0238 0.4068 
         608  1 0.0113 0.1073 0.3693 0.0084 0.5038 
         609  1 0.0079 0.1764 0.4389 0.0094 0.3674 
         610  1 0.0202 0.2121 0.2822 0.0367 0.4488 
         611  1 0.0089 0.6083 0.0210 0.0059 0.3559 
         612  1 0.0069 0.2881 0.4035 0.0335 0.2680 
         613  1 0.0231 0.1584 0.2133 0.0269 0.5782 
         614  1 0.0088 0.5221 0.2236 0.0063 0.2392 
         615  1 0.0109 0.5206 0.2364 0.0233 0.2088 
         616  1 0.0086 0.2841 0.3744 0.0125 0.3203 
         617  1 0.0149 0.3314 0.0821 0.0109 0.5607 
         618  1 0.0156 0.4801 0.3112 0.0141 0.1789 
         619  1 0.1788 0.4317 0.1547 0.0324 0.2024 
         620  1 0.0164 0.1531 0.7432 0.0076 0.0797 
         621  1 0.0051 0.3169 0.4966 0.0770 0.1044 
         622  1 0.0078 0.0868 0.8189 0.0144 0.0721 
         623  1 0.0038 0.5344 0.0439 0.0025 0.4153 
         624  1 0.0137 0.1588 0.6436 0.0200 0.1638 
         625  1 0.0123 0.5498 0.1400 0.0072 0.2908 
         626  1 0.5530 0.1889 0.0510 0.0049 0.2020 
         627  1 0.0041 0.6302 0.1222 0.0429 0.2005 
         628  1 0.0123 0.6417 0.1912 0.0075 0.1474 
         629  1 0.1379 0.6045 0.0580 0.0237 0.1759 
         630  1 0.0084 0.3307 0.2963 0.0060 0.3586 
         631  1 0.0096 0.4681 0.2105 0.0084 0.3033 
         632  1 0.0166 0.0819 0.7941 0.0114 0.0960 
         633  1 0.0172 0.3683 0.0607 0.1022 0.4516 
         634  1 0.0074 0.2962 0.4863 0.0200 0.1901 
         635  1 0.0139 0.5278 0.1709 0.0100 0.2774 
         636  1 0.2031 0.1537 0.5119 0.0197 0.1115 
         637  1 0.0240 0.4531 0.2009 0.0095 0.3125 
         638  1 0.0201 0.2304 0.5312 0.0391 0.1791 
         639  1 0.0155 0.8127 0.0268 0.0108 0.1341 
         640  1 0.0179 0.2510 0.5665 0.0108 0.1537 
         641  1 0.0077 0.2420 0.0855 0.0106 0.6542 
         642  1 0.0113 0.4205 0.3433 0.0089 0.2160 
         643  1 0.0130 0.2786 0.2812 0.0285 0.3987 
         644  1 0.0159 0.2061 0.4342 0.0696 0.2741 
         645  1 0.0063 0.2012 0.4304 0.0556 0.3065 
         646  1 0.0177 0.2197 0.6046 0.0179 0.1400 
         647  1 0.0129 0.7899 0.0218 0.0061 0.1693 
         648  1 0.0141 0.0691 0.6961 0.1002 0.1205 
         649  1 0.0071 0.6708 0.0644 0.0366 0.2212 
         650  1 0.0216 0.5294 0.2080 0.0061 0.2350 
         651  1 0.0152 0.0528 0.8489 0.0107 0.0724 
         652  1 0.0060 0.1141 0.5310 0.0310 0.3179 
         653  1 0.0151 0.2820 0.3367 0.0101 0.3561 
         654  1 0.0108 0.4537 0.2934 0.0069 0.2351 
         655  1 0.0133 0.3529 0.4648 0.0413 0.1276 
         656  1 0.0093 0.2130 0.6169 0.0162 0.1446 
         657  1 0.0065 0.0668 0.7204 0.0184 0.1879 
         658  1 0.0337 0.3128 0.1731 0.0340 0.4464 
         659  1 0.0164 0.3743 0.1449 0.0122 0.4522 
         660  1 0.0121 0.0899 0.8103 0.0156 0.0722 
         661  1 0.0449 0.7094 0.0492 0.0109 0.1856 
         662  1 0.4868 0.1707 0.0701 0.0634 0.2089 
         663  1 0.0107 0.0655 0.8599 0.0061 0.0579 
         664  1 0.0059 0.5416 0.1613 0.0162 0.2749 
         665  1 0.0262 0.1955 0.4681 0.0760 0.2341 
         666  1 0.0262 0.2192 0.6169 0.0043 0.1334 
         667  1 0.0111 0.6900 0.1082 0.0104 0.1804 
         668  1 0.0399 0.2881 0.3007 0.1220 0.2493 
         669  1 0.0042 0.2867 0.4788 0.0085 0.2219 
         670  1 0.0351 0.2184 0.1526 0.0084 0.5854 
         671  1 0.0042 0.0479 0.6858 0.0530 0.2092 
         672  1 0.0059 0.1326 0.6210 0.0122 0.2283 
         673  1 0.0056 0.2461 0.2988 0.0042 0.4453 
         674  1 0.0818 0.1293 0.6797 0.0273 0.0819 
         675  1 0.0099 0.0637 0.7657 0.0174 0.1433 
         676  1 0.0115 0.1477 0.5552 0.0349 0.2507 
         677  1 0.0065 0.5183 0.3586 0.0058 0.1109 
         678  1 0.0063 0.6256 0.1794 0.0059 0.1828 
         679  1 0.0071 0.0506 0.8741 0.0056 0.0626 
         680  1 0.0308 0.2598 0.2755 0.0333 0.4005 
         681  1 0.0166 0.1983 0.4819 0.0101 0.2931 
         682  1 0.1025 0.5806 0.0628 0.0135 0.2407 
         683  1 0.0197 0.5425 0.1940 0.0679 0.1758 
         684  1 0.0924 0.6202 0.0631 0.0073 0.2170 
         685  1 0.0134 0.1249 0.6507 0.0768 0.1342 
         686  1 0.0045 0.3054 0.0987 0.1510 0.4405 
         687  1 0.0062 0.1113 0.6139 0.0088 0.2597 
         688  1 0.0091 0.3198 0.1884 0.0078 0.4749 
         689  1 0.0158 0.6073 0.0293 0.0345 0.3131 
         690  1 0.0145 0.5585 0.1174 0.0131 0.2965 
         691  1 0.0743 0.0704 0.6137 0.1198 0.1218 
         692  1 0.0430 0.1389 0.1707 0.0393 0.6081 
         693  1 0.0065 0.6950 0.0960 0.0055 0.1971 
         694  1 0.0077 0.3266 0.3895 0.0102 0.2660 
         695  1 0.0110 0.2055 0.3539 0.0068 0.4228 
         696  1 0.0096 0.6069 0.2049 0.0264 0.1521 
         697  1 0.0507 0.2064 0.4256 0.0186 0.2986 
         698  1 0.0066 0.8269 0.0738 0.0261 0.0667 
         699  1 0.0116 0.7198 0.0779 0.0152 0.1755 
         700  1 0.0133 0.4875 0.3756 0.0235 0.1001 
         701  1 0.0212 0.2722 0.3582 0.0113 0.3372 
         702  1 0.0099 0.6009 0.1116 0.0437 0.2339 
         703  1 0.0108 0.5975 0.0184 0.0102 0.3631 
         704  1 0.0347 0.7206 0.0802 0.0213 0.1433 
         705  1 0.0497 0.2727 0.3385 0.0112 0.3279 
         706  1 0.0083 0.4053 0.3966 0.0058 0.1839 
         707  1 0.0568 0.1818 0.5406 0.0160 0.2048 
         708  1 0.0103 0.0620 0.8394 0.0098 0.0786 
         709  1 0.0090 0.6080 0.0776 0.0299 0.2755 
         710  1 0.0137 0.1342 0.5045 0.0530 0.2947 
         711  1 0.0128 0.3365 0.4759 0.0104 0.1643 
         712  1 0.0144 0.7534 0.0587 0.0098 0.1638 
         713  1 0.0330 0.5311 0.2562 0.0089 0.1708 
         714  1 0.0355 0.1956 0.1628 0.0554 0.5507 
         715  1 0.0353 0.3273 0.1056 0.2588 0.2730 
         716  1 0.0098 0.4864 0.2006 0.0131 0.2901 
         717  1 0.0131 0.1612 0.3933 0.1368 0.2956 
         718  1 0.0204 0.0896 0.7754 0.0137 0.1009 
         719  1 0.0072 0.2613 0.0927 0.0125 0.6262 
         720  1 0.0244 0.1129 0.4974 0.1467 0.2186 
         721  1 0.0117 0.6509 0.0847 0.0194 0.2334 
         722  1 0.0137 0.7200 0.1227 0.0166 0.1269 
         723  1 0.0099 0.5952 0.1582 0.0141 0.2226 
         724  1 0.0153 0.3665 0.1828 0.0216 0.4139 
         725  1 0.0247 0.6814 0.0707 0.0056 0.2176 
         726  1 0.0145 0.4738 0.1139 0.0850 0.3128 
         727  1 0.0128 0.3425 0.4658 0.0068 0.1722 
         728  1 0.0079 0.1780 0.6164 0.0124 0.1853 
         729  1 0.0127 0.6313 0.0853 0.0147 0.2559 
         730  1 0.0091 0.4045 0.2496 0.0089 0.3278 
         731  1 0.0186 0.6097 0.0900 0.0100 0.2717 
         732  1 0.0154 0.2390 0.0849 0.0238 0.6370 
         733  1 0.0636 0.1230 0.7194 0.0061 0.0880 
         734  1 0.0110 0.2685 0.4346 0.0126 0.2732 
         735  1 0.0047 0.1075 0.7295 0.0100 0.1483 
         736  1 0.0067 0.1800 0.4993 0.0062 0.3078 
         737  1 0.0670 0.4981 0.0885 0.0314 0.3151 
         738  1 0.0193 0.5068 0.1784 0.0127 0.2828 
         739  1 0.0195 0.3627 0.1196 0.0245 0.4737 
         740  1 0.0112 0.6257 0.0540 0.0421 0.2669 
         741  1 0.0187 0.5405 0.1910 0.0078 0.2420 
         742  1 0.9608 0.0098 0.0093 0.0120 0.0081 
         743  1 0.9709 0.0068 0.0076 0.0062 0.0085 
         744  1 0.9678 0.0071 0.0103 0.0073 0.0075 
         745  1 0.9832 0.0045 0.0046 0.0038 0.0038 
         746  1 0.9756 0.0051 0.0044 0.0096 0.0053 
         747  1 0.8651 0.0442 0.0448 0.0071 0.0388 
         748  1 0.9125 0.0306 0.0159 0.0192 0.0218 
         749  1 0.9805 0.0047 0.0050 0.0052 0.0046 
         750  1 0.9740 0.0079 0.0066 0.0048 0.0068 
         751  1 0.9776 0.0043 0.0063 0.0076 0.0043 
         752  1 0.9694 0.0063 0.0080 0.0104 0.0059 
         753  1 0.9073 0.0143 0.0098 0.0467 0.0218 
         754  1 0.9287 0.0112 0.0130 0.0359 0.0112 
         755  1 0.0340 0.1715 0.6314 0.0822 0.0810 
         756  1 0.0071 0.1006 0.0541 0.0430 0.7952 
         757  1 0.1783 0.1710 0.0751 0.0201 0.5555 
         758  1 0.1184 0.2138 0.0159 0.0227 0.6292 
         759  1 0.0086 0.1022 0.4530 0.0931 0.3432 
         760  1 0.0119 0.1936 0.1872 0.3248 0.2824 
         761  1 0.0086 0.1386 0.0311 0.0451 0.7767 
         762  1 0.0402 0.0511 0.0718 0.7769 0.0601 
         763  1 0.0332 0.1355 0.2172 0.0145 0.5996 
         764  1 0.0129 0.2687 0.1813 0.0137 0.5233 
         765  1 0.0078 0.0067 0.0076 0.9712 0.0066 
         766  1 0.0092 0.3371 0.0875 0.0089 0.5572 
         767  1 0.0109 0.2314 0.2026 0.0192 0.5359 
         768  1 0.1334 0.3611 0.2030 0.0203 0.2822 
         769  1 0.0121 0.2649 0.0651 0.0450 0.6129 
