           1  1 0.1677 0.1569 0.0065 0.1571 0.1140 0.0257 0.0718 0.0819 0.2183 
           2  1 0.1776 0.1499 0.0049 0.1508 0.2027 0.0079 0.0033 0.1844 0.1185 
           3  1 0.1571 0.1396 0.0079 0.1412 0.1702 0.0512 0.0248 0.1991 0.1089 
           4  1 0.1608 0.1958 0.0056 0.1732 0.1406 0.0089 0.0087 0.0833 0.2232 
           5  1 0.1512 0.1654 0.0388 0.1182 0.2534 0.0059 0.0329 0.1343 0.0998 
           6  1 0.1528 0.1638 0.0217 0.1451 0.2054 0.0078 0.0641 0.1173 0.1220 
           7  1 0.1393 0.1607 0.0066 0.1383 0.2408 0.0047 0.0033 0.2194 0.0869 
           8  1 0.1267 0.1651 0.0043 0.1408 0.2263 0.0765 0.0091 0.1480 0.1032 
           9  1 0.1383 0.1928 0.0077 0.1372 0.1457 0.0077 0.0460 0.1630 0.1617 
          10  1 0.1306 0.1609 0.0646 0.1356 0.1290 0.0513 0.0096 0.1623 0.1560 
          11  1 0.1700 0.1721 0.0092 0.1420 0.1813 0.0061 0.0358 0.1374 0.1461 
          12  1 0.2033 0.1431 0.0036 0.1931 0.1443 0.0081 0.0031 0.1241 0.1774 
          13  1 0.1667 0.1573 0.0067 0.1341 0.1614 0.0132 0.0050 0.2213 0.1342 
          14  1 0.1704 0.1653 0.0087 0.1808 0.1464 0.0056 0.0203 0.1298 0.1728 
          15  1 0.1459 0.1271 0.0097 0.1381 0.1124 0.0329 0.1322 0.1093 0.1924 
          16  1 0.1767 0.1741 0.0067 0.1644 0.1686 0.0051 0.0217 0.1077 0.1748 
          17  1 0.1427 0.1736 0.0162 0.1715 0.1881 0.0139 0.0264 0.1246 0.1430 
          18  1 0.1625 0.1493 0.0087 0.1769 0.1569 0.0151 0.0191 0.1309 0.1806 
          19  1 0.1395 0.1439 0.0101 0.1416 0.1321 0.0715 0.0587 0.1352 0.1674 
          20  1 0.1107 0.1404 0.2502 0.1181 0.1855 0.0243 0.0051 0.0871 0.0786 
          21  1 0.1511 0.1164 0.0350 0.1141 0.1633 0.0136 0.0234 0.2541 0.1291 
          22  1 0.1420 0.1882 0.0056 0.1581 0.1003 0.0047 0.0526 0.2144 0.1342 
          23  1 0.1452 0.1754 0.0127 0.1230 0.2687 0.0191 0.0271 0.1402 0.0887 
          24  1 0.1476 0.1510 0.0546 0.1807 0.1618 0.0229 0.0172 0.0942 0.1699 
          25  1 0.1578 0.1669 0.0256 0.1754 0.1386 0.0342 0.0177 0.1154 0.1684 
          26  1 0.1536 0.1714 0.0044 0.1585 0.1268 0.0089 0.0129 0.1925 0.1709 
          27  1 0.1773 0.1657 0.0074 0.1798 0.1638 0.0076 0.0180 0.1447 0.1356 
          28  1 0.1427 0.1426 0.1260 0.1479 0.1156 0.0323 0.0376 0.0948 0.1606 
          29  1 0.1472 0.1574 0.0332 0.1509 0.1575 0.0114 0.0050 0.1495 0.1879 
          30  1 0.1631 0.1700 0.0036 0.1607 0.1191 0.0037 0.0070 0.1981 0.1747 
          31  1 0.1185 0.1689 0.0073 0.1140 0.1819 0.0054 0.0383 0.2606 0.1051 
          32  1 0.1542 0.1758 0.0049 0.1416 0.2685 0.0050 0.0098 0.1481 0.0922 
          33  1 0.1719 0.1615 0.0049 0.1170 0.2494 0.0062 0.0574 0.1207 0.1110 
          34  1 0.1419 0.1708 0.0162 0.1512 0.1553 0.0347 0.0116 0.1365 0.1818 
          35  1 0.1494 0.1762 0.0081 0.2197 0.1952 0.0079 0.0241 0.1213 0.0980 
          36  1 0.1665 0.1723 0.0056 0.1562 0.2480 0.0058 0.0082 0.1138 0.1235 
          37  1 0.1372 0.1434 0.0733 0.1418 0.1533 0.0104 0.0253 0.1694 0.1459 
          38  1 0.1639 0.1523 0.0065 0.1473 0.2000 0.0125 0.1023 0.1235 0.0918 
          39  1 0.0179 0.0184 0.0099 0.0183 0.0190 0.0111 0.8684 0.0187 0.0182 
          40  1 0.1616 0.1587 0.0140 0.1413 0.1778 0.0045 0.0444 0.1994 0.0983 
          41  1 0.1376 0.1604 0.0107 0.1431 0.1993 0.0222 0.0139 0.1274 0.1853 
          42  1 0.1639 0.1324 0.0122 0.2191 0.1609 0.0124 0.0346 0.1301 0.1343 
          43  1 0.1587 0.1478 0.0084 0.1495 0.1857 0.0597 0.0198 0.1482 0.1222 
          44  1 0.1566 0.1736 0.0396 0.1406 0.1740 0.0065 0.0086 0.1324 0.1680 
          45  1 0.1587 0.1548 0.0039 0.1488 0.1666 0.0210 0.0033 0.1874 0.1555 
          46  1 0.1436 0.1607 0.0101 0.1972 0.1577 0.0089 0.0079 0.1806 0.1332 
          47  1 0.1433 0.1843 0.0315 0.1494 0.1406 0.0089 0.0236 0.1017 0.2166 
          48  1 0.1678 0.1656 0.0315 0.1843 0.1857 0.0096 0.0107 0.1045 0.1403 
          49  1 0.1549 0.1501 0.0163 0.1035 0.1152 0.0586 0.0227 0.2731 0.1056 
          50  1 0.2058 0.1607 0.0070 0.1358 0.1728 0.0141 0.0063 0.1382 0.1595 
          51  1 0.1442 0.1548 0.0046 0.1528 0.2070 0.0150 0.0052 0.1932 0.1233 
          52  1 0.1779 0.1774 0.0050 0.1490 0.2104 0.0034 0.0165 0.1475 0.1128 
          53  1 0.1302 0.1581 0.0059 0.1821 0.2216 0.0373 0.0045 0.1355 0.1249 
          54  1 0.1373 0.1442 0.0786 0.1277 0.1919 0.0081 0.0278 0.1372 0.1471 
          55  1 0.1233 0.1358 0.0119 0.1133 0.1618 0.1909 0.0054 0.1381 0.1194 
          56  1 0.1863 0.1571 0.0165 0.1704 0.1316 0.0064 0.0352 0.0822 0.2144 
          57  1 0.1641 0.1527 0.0065 0.1329 0.1856 0.0142 0.0086 0.1975 0.1379 
          58  1 0.1341 0.1722 0.0248 0.1636 0.1210 0.0077 0.0081 0.2398 0.1286 
          59  1 0.1786 0.1652 0.0057 0.1408 0.2143 0.0049 0.0086 0.1187 0.1633 
          60  1 0.1098 0.1982 0.0141 0.1445 0.1518 0.0166 0.0104 0.2387 0.1160 
          61  1 0.1377 0.1253 0.1832 0.1635 0.1112 0.0123 0.0465 0.1126 0.1077 
          62  1 0.1525 0.1593 0.0067 0.1564 0.2327 0.0162 0.0048 0.1255 0.1457 
          63  1 0.1531 0.1630 0.0119 0.1743 0.1637 0.0311 0.0253 0.1571 0.1205 
          64  1 0.1601 0.1938 0.0056 0.1790 0.1292 0.0100 0.0074 0.0961 0.2189 
          65  1 0.2026 0.1757 0.0081 0.1582 0.1783 0.0069 0.0136 0.1051 0.1516 
          66  1 0.1300 0.1666 0.0099 0.1532 0.2403 0.0114 0.0065 0.1536 0.1286 
          67  1 0.1452 0.1666 0.0485 0.1458 0.2045 0.0166 0.0164 0.1228 0.1335 
          68  1 0.1087 0.1099 0.0235 0.1133 0.1253 0.0241 0.3028 0.0928 0.0996 
          69  1 0.1235 0.1350 0.1033 0.1264 0.1968 0.0088 0.1170 0.0986 0.0907 
          70  1 0.1292 0.1481 0.0154 0.0949 0.1266 0.0072 0.0156 0.3539 0.1092 
          71  1 0.1331 0.1749 0.0240 0.1266 0.2652 0.0068 0.0165 0.1375 0.1154 
          72  1 0.1921 0.1700 0.0123 0.1494 0.2006 0.0133 0.0047 0.1172 0.1403 
          73  1 0.2177 0.1427 0.0086 0.1378 0.1703 0.0395 0.0207 0.0930 0.1696 
          74  1 0.1897 0.1664 0.0076 0.1633 0.1512 0.0089 0.0168 0.1125 0.1836 
          75  1 0.1625 0.1391 0.0066 0.2633 0.1564 0.0293 0.0080 0.1037 0.1310 
          76  1 0.1610 0.1686 0.0066 0.1471 0.2427 0.0077 0.0282 0.1395 0.0985 
          77  1 0.0058 0.0058 0.0076 0.0057 0.0055 0.9493 0.0082 0.0062 0.0060 
          78  1 0.0161 0.0170 0.0104 0.0165 0.0177 0.8732 0.0138 0.0182 0.0170 
          79  1 0.0069 0.0068 0.0111 0.0072 0.0072 0.9428 0.0041 0.0064 0.0075 
          80  1 0.0050 0.0048 0.0032 0.0052 0.0049 0.9654 0.0025 0.0044 0.0047 
          81  1 0.0071 0.0072 0.0038 0.0072 0.0079 0.9482 0.0039 0.0072 0.0075 
          82  1 0.0083 0.0082 0.0065 0.0083 0.0078 0.9359 0.0086 0.0079 0.0086 
          83  1 0.0184 0.0164 0.0240 0.0177 0.0171 0.8524 0.0143 0.0203 0.0194 
          84  1 0.0103 0.0098 0.0054 0.0097 0.0090 0.9277 0.0103 0.0087 0.0090 
          85  1 0.0114 0.0116 0.0086 0.0118 0.0116 0.9121 0.0076 0.0132 0.0120 
          86  1 0.0400 0.0294 0.0076 0.0330 0.0335 0.7817 0.0154 0.0278 0.0316 
          87  1 0.0053 0.0054 0.0036 0.0055 0.0055 0.9579 0.0054 0.0055 0.0058 
          88  1 0.0062 0.0058 0.0083 0.0058 0.0061 0.9422 0.0141 0.0054 0.0060 
          89  1 0.0071 0.0071 0.0066 0.0070 0.0070 0.9434 0.0081 0.0074 0.0063 
          90  1 0.0736 0.0887 0.0142 0.0918 0.0911 0.4736 0.0154 0.0692 0.0825 
          91  1 0.0066 0.0071 0.0067 0.0067 0.0067 0.9409 0.0124 0.0063 0.0067 
          92  1 0.0068 0.0068 0.0097 0.0069 0.0075 0.9425 0.0061 0.0068 0.0068 
          93  1 0.0060 0.0068 0.0049 0.0068 0.0066 0.9513 0.0043 0.0066 0.0067 
          94  1 0.0046 0.0044 0.0060 0.0049 0.0045 0.9624 0.0037 0.0046 0.0049 
          95  1 0.0117 0.0116 0.0103 0.0113 0.0138 0.8988 0.0191 0.0116 0.0119 
          96  1 0.0061 0.0059 0.0052 0.0058 0.0058 0.9527 0.0072 0.0055 0.0057 
          97  1 0.0381 0.0404 0.0790 0.0469 0.0344 0.6732 0.0073 0.0326 0.0481 
          98  1 0.1274 0.1153 0.0180 0.1216 0.1075 0.2631 0.0150 0.1087 0.1234 
          99  1 0.0067 0.0072 0.0036 0.0067 0.0067 0.9361 0.0208 0.0060 0.0063 
         100  1 0.0330 0.0361 0.0089 0.0355 0.0361 0.7788 0.0093 0.0306 0.0318 
         101  1 0.0090 0.0088 0.0048 0.0088 0.0093 0.9265 0.0137 0.0093 0.0099 
         102  1 0.0334 0.0385 0.0723 0.0339 0.0392 0.6888 0.0252 0.0361 0.0326 
         103  1 0.1688 0.1647 0.0069 0.1542 0.1560 0.0072 0.0527 0.1249 0.1646 
         104  1 0.1495 0.1689 0.0045 0.1711 0.1634 0.0054 0.0049 0.1440 0.1884 
         105  1 0.1811 0.1677 0.0190 0.1381 0.1534 0.0062 0.0105 0.1241 0.1999 
         106  1 0.1400 0.1773 0.0110 0.1208 0.1768 0.0202 0.0066 0.1982 0.1492 
         107  1 0.1433 0.1893 0.0073 0.2014 0.1127 0.0153 0.0087 0.0948 0.2273 
         108  1 0.0976 0.1709 0.0155 0.1209 0.1212 0.0137 0.0304 0.3197 0.1101 
         109  1 0.1799 0.1457 0.0337 0.1674 0.1665 0.0149 0.0193 0.1034 0.1691 
         110  1 0.1401 0.1641 0.0159 0.1472 0.2220 0.0048 0.0144 0.1191 0.1723 
         111  1 0.1296 0.1858 0.0063 0.1789 0.1765 0.0057 0.0188 0.1373 0.1611 
         112  1 0.1513 0.1446 0.0046 0.1886 0.1660 0.0134 0.0406 0.1200 0.1709 
         113  1 0.1715 0.1321 0.0084 0.2563 0.1407 0.0283 0.0127 0.1032 0.1470 
         114  1 0.1500 0.1590 0.0074 0.1530 0.2096 0.0112 0.0043 0.1621 0.1433 
         115  1 0.1444 0.1700 0.0487 0.1303 0.1471 0.0063 0.0510 0.1688 0.1334 
         116  1 0.1897 0.1756 0.0040 0.1971 0.1172 0.0080 0.0053 0.0859 0.2172 
         117  1 0.1191 0.1526 0.0068 0.1101 0.1177 0.0046 0.0060 0.3683 0.1148 
         118  1 0.1376 0.1867 0.0068 0.1474 0.1545 0.0086 0.0179 0.2490 0.0915 
         119  1 0.1749 0.1516 0.0045 0.1959 0.1364 0.0098 0.0122 0.2093 0.1054 
         120  1 0.1175 0.1772 0.0044 0.1481 0.1196 0.0280 0.0085 0.2648 0.1318 
         121  1 0.1219 0.1500 0.0104 0.1130 0.1335 0.0185 0.0638 0.2768 0.1120 
         122  1 0.1696 0.1698 0.0130 0.2013 0.1233 0.0117 0.0140 0.1056 0.1918 
         123  1 0.1910 0.1340 0.0114 0.1559 0.1319 0.0099 0.0309 0.1812 0.1540 
         124  1 0.1530 0.1585 0.0081 0.1411 0.1853 0.0279 0.0520 0.1367 0.1374 
         125  1 0.1545 0.1638 0.0087 0.1651 0.2125 0.0048 0.0065 0.1097 0.1744 
         126  1 0.1450 0.1372 0.0148 0.1566 0.1392 0.0503 0.0059 0.1735 0.1775 
         127  1 0.1503 0.1672 0.0100 0.1647 0.1809 0.0104 0.0139 0.1399 0.1626 
         128  1 0.1071 0.0856 0.0053 0.1035 0.0715 0.4337 0.0052 0.0650 0.1231 
         129  1 0.1474 0.1851 0.0132 0.1506 0.1349 0.0518 0.0104 0.1765 0.1300 
         130  1 0.1395 0.1513 0.0105 0.1634 0.1773 0.0054 0.0840 0.1362 0.1324 
         131  1 0.1740 0.1487 0.0055 0.1559 0.1298 0.0461 0.0103 0.1772 0.1525 
         132  1 0.1500 0.1704 0.0033 0.1699 0.2506 0.0058 0.0104 0.1281 0.1116 
         133  1 0.1480 0.1178 0.0049 0.1210 0.1337 0.0613 0.0052 0.2737 0.1344 
         134  1 0.1730 0.1469 0.0063 0.1515 0.2653 0.0252 0.0062 0.1206 0.1051 
         135  1 0.1211 0.1400 0.0506 0.1405 0.1266 0.1070 0.0089 0.1629 0.1424 
         136  1 0.1061 0.1645 0.0085 0.1153 0.1555 0.0506 0.0142 0.2886 0.0967 
         137  1 0.1810 0.1684 0.0105 0.1770 0.1043 0.0062 0.0134 0.0696 0.2696 
         138  1 0.1564 0.1815 0.0078 0.1431 0.2051 0.0124 0.0041 0.1409 0.1486 
         139  1 0.1579 0.1489 0.0056 0.1454 0.1867 0.0176 0.0668 0.1098 0.1613 
         140  1 0.1447 0.1392 0.0528 0.1473 0.1622 0.0297 0.0510 0.1461 0.1270 
         141  1 0.1820 0.1633 0.0067 0.1771 0.1911 0.0055 0.0173 0.1148 0.1422 
         142  1 0.1454 0.1837 0.0090 0.1774 0.1243 0.0053 0.0119 0.2081 0.1351 
         143  1 0.1828 0.1270 0.0054 0.1719 0.1074 0.0201 0.0111 0.1167 0.2576 
         144  1 0.1481 0.1808 0.0054 0.1760 0.1579 0.0156 0.0109 0.1362 0.1692 
         145  1 0.1264 0.1374 0.0563 0.1097 0.1329 0.0098 0.1148 0.1766 0.1362 
         146  1 0.1744 0.1287 0.0159 0.1723 0.1718 0.0163 0.0120 0.1464 0.1621 
         147  1 0.1705 0.1373 0.0194 0.1401 0.1329 0.0060 0.1166 0.1418 0.1354 
         148  1 0.1525 0.1549 0.0079 0.1726 0.1861 0.0581 0.0045 0.1194 0.1440 
         149  1 0.1307 0.1568 0.0309 0.1360 0.1613 0.0065 0.0285 0.2157 0.1334 
         150  1 0.1495 0.1357 0.0820 0.1099 0.1383 0.0362 0.0068 0.2056 0.1359 
         151  1 0.1505 0.1773 0.0078 0.1681 0.1970 0.0073 0.0131 0.1437 0.1353 
         152  1 0.0813 0.0779 0.3035 0.0700 0.0632 0.0286 0.2352 0.0482 0.0921 
         153  1 0.1467 0.1753 0.0355 0.1259 0.2300 0.0213 0.0375 0.1191 0.1087 
         154  1 0.1632 0.1725 0.0729 0.1330 0.1609 0.0250 0.0625 0.1008 0.1090 
         155  1 0.1500 0.1600 0.0078 0.1784 0.1813 0.0076 0.0074 0.1187 0.1888 
         156  1 0.1933 0.1129 0.0264 0.1325 0.0874 0.1775 0.0082 0.0746 0.1872 
         157  1 0.1576 0.1615 0.0065 0.1076 0.2637 0.0147 0.0198 0.1448 0.1239 
         158  1 0.1543 0.1651 0.0053 0.1318 0.2401 0.0136 0.0114 0.1488 0.1296 
         159  1 0.1123 0.1058 0.2648 0.1003 0.1218 0.0366 0.0114 0.1254 0.1216 
         160  1 0.1484 0.1643 0.0093 0.1237 0.1295 0.0099 0.0724 0.2201 0.1224 
         161  1 0.1278 0.1419 0.0276 0.1380 0.1704 0.0260 0.0243 0.2325 0.1113 
         162  1 0.1687 0.1621 0.0122 0.2024 0.1474 0.0071 0.0062 0.1121 0.1819 
         163  1 0.1321 0.1824 0.0052 0.1395 0.1061 0.0044 0.0112 0.2694 0.1497 
         164  1 0.1465 0.1650 0.0079 0.1689 0.1608 0.0043 0.0158 0.1817 0.1491 
         165  1 0.1647 0.1279 0.0714 0.2046 0.1694 0.0040 0.0039 0.1343 0.1198 
         166  1 0.0901 0.1557 0.0039 0.0766 0.1222 0.0850 0.0268 0.3628 0.0770 
         167  1 0.1982 0.1826 0.0067 0.1615 0.1234 0.0056 0.0176 0.1141 0.1904 
         168  1 0.1554 0.1870 0.0125 0.1881 0.1492 0.0185 0.0075 0.1348 0.1471 
         169  1 0.1666 0.1557 0.0041 0.1779 0.1949 0.0057 0.0049 0.1776 0.1125 
         170  1 0.1652 0.1511 0.0127 0.1908 0.1183 0.0083 0.0150 0.1439 0.1946 
         171  1 0.1959 0.1360 0.0231 0.1427 0.1286 0.0064 0.0297 0.1423 0.1953 
         172  1 0.2129 0.1612 0.0099 0.1716 0.1294 0.0037 0.0178 0.1354 0.1581 
         173  1 0.1813 0.1743 0.0178 0.1876 0.1425 0.0095 0.0097 0.1274 0.1498 
         174  1 0.1650 0.1523 0.0939 0.1632 0.1414 0.0058 0.0125 0.1035 0.1625 
         175  1 0.1850 0.1380 0.0143 0.1539 0.1502 0.0055 0.0451 0.1099 0.1981 
         176  1 0.1576 0.1405 0.0127 0.1564 0.1370 0.0093 0.0268 0.2055 0.1542 
         177  1 0.1381 0.1355 0.0061 0.1408 0.1432 0.0042 0.0251 0.3070 0.1001 
         178  1 0.1282 0.1812 0.0147 0.1551 0.1822 0.0052 0.0195 0.2048 0.1092 
         179  1 0.0626 0.0425 0.0120 0.0512 0.0497 0.0158 0.6574 0.0652 0.0436 
         180  1 0.1609 0.1807 0.0051 0.1835 0.1183 0.0093 0.0129 0.1410 0.1882 
         181  1 0.1405 0.1511 0.0124 0.1350 0.1410 0.0593 0.0249 0.2156 0.1202 
         182  1 0.1068 0.1506 0.0092 0.1144 0.1103 0.0282 0.0360 0.3517 0.0927 
         183  1 0.1855 0.1553 0.0169 0.1595 0.1678 0.0541 0.0147 0.0837 0.1626 
         184  1 0.1728 0.1401 0.0076 0.1712 0.1653 0.0119 0.0513 0.1382 0.1416 
         185  1 0.1936 0.1340 0.0077 0.1853 0.1598 0.0191 0.0175 0.1021 0.1808 
         186  1 0.1113 0.1695 0.0035 0.1175 0.0919 0.0055 0.0063 0.3866 0.1080 
         187  1 0.1453 0.1371 0.0273 0.1775 0.1541 0.0063 0.0676 0.1108 0.1739 
         188  1 0.1569 0.1562 0.0196 0.1674 0.1510 0.0080 0.0231 0.1074 0.2104 
         189  1 0.1278 0.1634 0.0110 0.1357 0.1593 0.0092 0.0698 0.2157 0.1081 
         190  1 0.1370 0.1504 0.0285 0.1339 0.1526 0.0049 0.0222 0.2494 0.1210 
         191  1 0.1314 0.1347 0.0589 0.1273 0.1173 0.0699 0.0241 0.1880 0.1483 
         192  1 0.1815 0.1665 0.0524 0.1324 0.1367 0.0033 0.0255 0.1372 0.1645 
         193  1 0.1493 0.1370 0.0093 0.1614 0.2243 0.0075 0.0484 0.1243 0.1385 
         194  1 0.1547 0.1531 0.0187 0.2079 0.1669 0.0064 0.0258 0.1422 0.1244 
         195  1 0.1524 0.1505 0.0235 0.1135 0.1265 0.0058 0.0095 0.3024 0.1160 
         196  1 0.1135 0.1173 0.0063 0.1119 0.1242 0.3168 0.0362 0.0924 0.0814 
         197  1 0.1511 0.1509 0.0052 0.1649 0.1736 0.0253 0.0185 0.1450 0.1655 
         198  1 0.1700 0.1530 0.0096 0.1672 0.1899 0.0165 0.0233 0.1236 0.1469 
         199  1 0.1325 0.1629 0.0082 0.1226 0.1039 0.0073 0.0377 0.3219 0.1031 
         200  1 0.1289 0.1757 0.0048 0.1632 0.1889 0.0234 0.0132 0.1389 0.1630 
         201  1 0.1859 0.1337 0.0610 0.1372 0.1370 0.0048 0.0607 0.1151 0.1647 
         202  1 0.1785 0.1549 0.0049 0.1491 0.2316 0.0249 0.0105 0.1445 0.1012 
         203  1 0.1286 0.1678 0.0072 0.1586 0.1206 0.0415 0.0319 0.1286 0.2151 
         204  1 0.1563 0.1359 0.0101 0.2068 0.1927 0.0109 0.0040 0.1356 0.1478 
         205  1 0.1559 0.1611 0.0222 0.1761 0.1575 0.0104 0.0036 0.1202 0.1930 
         206  1 0.1397 0.1848 0.0175 0.1788 0.1238 0.0080 0.0251 0.0958 0.2265 
         207  1 0.1325 0.1846 0.0055 0.1415 0.1168 0.0219 0.0481 0.2008 0.1482 
         208  1 0.1302 0.1529 0.0049 0.1905 0.1047 0.0357 0.0037 0.1111 0.2662 
         209  1 0.1638 0.1670 0.0348 0.1470 0.2249 0.0088 0.0060 0.1285 0.1191 
         210  1 0.1593 0.1702 0.0083 0.1622 0.1896 0.0154 0.0104 0.1707 0.1139 
         211  1 0.1490 0.1459 0.0058 0.2267 0.0979 0.0071 0.0065 0.0938 0.2672 
         212  1 0.1617 0.1382 0.0271 0.1908 0.1422 0.0229 0.0102 0.1031 0.2039 
         213  1 0.1454 0.1614 0.0110 0.1777 0.2021 0.0161 0.0096 0.1169 0.1598 
         214  1 0.1529 0.1555 0.0277 0.1510 0.1927 0.0094 0.0068 0.1779 0.1261 
         215  1 0.1612 0.1933 0.0076 0.1837 0.1179 0.0118 0.0132 0.0905 0.2208 
         216  1 0.1857 0.1391 0.0111 0.1843 0.1845 0.0082 0.0119 0.0968 0.1784 
         217  1 0.1352 0.1691 0.0268 0.1584 0.1415 0.0064 0.0186 0.2027 0.1412 
         218  1 0.1660 0.1465 0.0118 0.1507 0.1627 0.0340 0.0085 0.1510 0.1688 
         219  1 0.1207 0.2077 0.0034 0.1389 0.1447 0.0058 0.0123 0.2699 0.0966 
         220  1 0.0954 0.1007 0.0120 0.1059 0.1235 0.3482 0.0110 0.1104 0.0931 
         221  1 0.1466 0.1427 0.0177 0.1753 0.1451 0.0238 0.0138 0.1359 0.1990 
         222  1 0.1487 0.1430 0.0738 0.1344 0.1646 0.0083 0.0535 0.1433 0.1304 
         223  1 0.1847 0.1392 0.0218 0.1600 0.1408 0.0053 0.0536 0.1775 0.1172 
         224  1 0.1677 0.1637 0.0138 0.1678 0.1464 0.0046 0.0065 0.1783 0.1512 
         225  1 0.0933 0.0985 0.2291 0.0881 0.0829 0.0071 0.2188 0.0910 0.0911 
         226  1 0.1750 0.1577 0.0246 0.1828 0.1307 0.0082 0.0072 0.1131 0.2006 
         227  1 0.1731 0.1530 0.0054 0.2813 0.1386 0.0070 0.0079 0.1043 0.1294 
         228  1 0.1599 0.1417 0.0059 0.1694 0.1631 0.0060 0.0663 0.1343 0.1534 
         229  1 0.1456 0.1690 0.0160 0.1789 0.1747 0.0216 0.0313 0.1282 0.1346 
         230  1 0.1687 0.1675 0.0230 0.1722 0.1502 0.0055 0.0062 0.1190 0.1877 
         231  1 0.1127 0.1527 0.0076 0.1113 0.1154 0.0057 0.0094 0.3874 0.0978 
         232  1 0.1680 0.1736 0.0038 0.1871 0.1407 0.0070 0.0069 0.1008 0.2120 
         233  1 0.1027 0.1565 0.0097 0.1282 0.1075 0.0154 0.0478 0.3443 0.0879 
         234  1 0.1556 0.1531 0.0242 0.1480 0.1700 0.0067 0.0406 0.1750 0.1268 
         235  1 0.1521 0.1581 0.0094 0.2098 0.1920 0.0078 0.0161 0.1464 0.1082 
         236  1 0.1836 0.1369 0.0123 0.1679 0.1587 0.0196 0.0098 0.1625 0.1486 
         237  1 0.1528 0.1544 0.0209 0.1499 0.1692 0.0291 0.0239 0.1477 0.1521 
         238  1 0.1644 0.1744 0.0311 0.1630 0.1721 0.0165 0.0068 0.1066 0.1651 
         239  1 0.1406 0.1418 0.0085 0.1323 0.1641 0.0149 0.0161 0.2496 0.1321 
         240  1 0.1184 0.1054 0.0129 0.1080 0.1311 0.0976 0.2449 0.0817 0.1000 
         241  1 0.1681 0.1705 0.0059 0.1473 0.1488 0.0086 0.0133 0.1511 0.1864 
         242  1 0.1490 0.1449 0.0098 0.1446 0.1942 0.0273 0.0134 0.1473 0.1695 
         243  1 0.1489 0.1624 0.0109 0.1481 0.1725 0.0091 0.0056 0.1738 0.1686 
         244  1 0.1540 0.1971 0.0041 0.1829 0.0926 0.0157 0.0066 0.1014 0.2456 
         245  1 0.1389 0.1526 0.0127 0.1320 0.3155 0.0127 0.0287 0.1199 0.0872 
         246  1 0.1799 0.1483 0.0058 0.1398 0.1410 0.0480 0.0066 0.0921 0.2385 
         247  1 0.1521 0.1615 0.0254 0.1624 0.2077 0.0045 0.0314 0.1267 0.1283 
         248  1 0.1340 0.1353 0.0089 0.1339 0.1572 0.0183 0.0122 0.2526 0.1476 
         249  1 0.1586 0.1627 0.0072 0.1440 0.2092 0.0054 0.0093 0.1400 0.1635 
         250  1 0.1437 0.1797 0.0294 0.1690 0.0882 0.0114 0.0114 0.1562 0.2110 
         251  1 0.1765 0.1489 0.0058 0.1574 0.1688 0.0204 0.0193 0.1342 0.1688 
         252  1 0.1874 0.1481 0.0249 0.1611 0.1738 0.0294 0.0041 0.1142 0.1570 
         253  1 0.1364 0.1650 0.0081 0.1715 0.1583 0.0561 0.0053 0.1492 0.1500 
         254  1 0.1698 0.1585 0.0070 0.1819 0.1734 0.0091 0.0118 0.1111 0.1774 
         255  1 0.1638 0.1524 0.0051 0.1453 0.1841 0.0448 0.0076 0.1440 0.1528 
         256  1 0.1885 0.1459 0.0091 0.1708 0.1144 0.0040 0.0126 0.2164 0.1383 
         257  1 0.1342 0.1457 0.0169 0.1637 0.1483 0.0216 0.0119 0.2376 0.1201 
         258  1 0.2232 0.1555 0.0051 0.1646 0.1755 0.0043 0.0084 0.0953 0.1682 
         259  1 0.1462 0.1520 0.0049 0.1530 0.1559 0.0077 0.0158 0.2512 0.1135 
         260  1 0.1354 0.1679 0.0182 0.1587 0.1616 0.0079 0.0160 0.1879 0.1463 
         261  1 0.1521 0.1689 0.0065 0.1234 0.2416 0.0087 0.0168 0.1892 0.0929 
         262  1 0.2052 0.1649 0.0063 0.1756 0.1977 0.0065 0.0066 0.1182 0.1189 
         263  1 0.1365 0.1393 0.1334 0.1174 0.1628 0.0094 0.0047 0.1942 0.1022 
         264  1 0.1348 0.1740 0.0254 0.1679 0.2465 0.0139 0.0124 0.1153 0.1097 
         265  1 0.1505 0.1734 0.0229 0.1147 0.2904 0.0114 0.0112 0.1211 0.1043 
         266  1 0.1322 0.1645 0.0083 0.1482 0.2285 0.0205 0.0203 0.1700 0.1076 
         267  1 0.1213 0.1501 0.0103 0.1400 0.1719 0.1024 0.0617 0.1252 0.1171 
         268  1 0.1178 0.1229 0.0522 0.1157 0.1264 0.2469 0.0220 0.0787 0.1175 
         269  1 0.1458 0.1300 0.0116 0.1303 0.1318 0.0201 0.2132 0.0908 0.1263 
         270  1 0.1875 0.1484 0.0054 0.1858 0.1395 0.0202 0.0084 0.0866 0.2181 
         271  1 0.1482 0.1563 0.0259 0.1498 0.1735 0.0444 0.0137 0.1647 0.1236 
         272  1 0.0832 0.0810 0.0175 0.0945 0.0812 0.0081 0.4756 0.0827 0.0761 
         273  1 0.1507 0.1660 0.0220 0.1562 0.1630 0.0045 0.0282 0.1406 0.1687 
         274  1 0.1647 0.1565 0.0233 0.1535 0.1531 0.0247 0.0218 0.1611 0.1412 
         275  1 0.1524 0.1795 0.0077 0.1291 0.1717 0.0224 0.0192 0.1966 0.1214 
         276  1 0.1572 0.1625 0.0979 0.1387 0.1173 0.0090 0.0487 0.0992 0.1695 
         277  1 0.1342 0.1826 0.0117 0.1228 0.1294 0.0052 0.0171 0.2865 0.1104 
         278  1 0.1152 0.1381 0.0827 0.1480 0.1639 0.0784 0.0102 0.0996 0.1640 
         279  1 0.1584 0.1726 0.0221 0.1735 0.1493 0.0211 0.0101 0.1158 0.1770 
         280  1 0.1487 0.1785 0.0048 0.1574 0.1270 0.0133 0.0281 0.1494 0.1929 
         281  1 0.1685 0.1314 0.0037 0.1772 0.1880 0.0293 0.0058 0.1349 0.1612 
         282  1 0.1426 0.1655 0.0450 0.1522 0.1522 0.0108 0.0199 0.1314 0.1803 
         283  1 0.1462 0.1355 0.1991 0.1271 0.1221 0.0123 0.0116 0.1254 0.1207 
         284  1 0.1725 0.1607 0.0387 0.1380 0.1703 0.0080 0.0117 0.1520 0.1482 
         285  1 0.1319 0.1603 0.0188 0.1402 0.2234 0.0552 0.0157 0.1281 0.1264 
         286  1 0.1408 0.1596 0.0096 0.1313 0.1347 0.0109 0.0130 0.2225 0.1775 
         287  1 0.1276 0.1530 0.0102 0.1285 0.1136 0.0491 0.0116 0.2363 0.1701 
         288  1 0.1372 0.1733 0.0142 0.1249 0.1406 0.0175 0.0201 0.2123 0.1600 
         289  1 0.1613 0.1809 0.0087 0.1752 0.1896 0.0043 0.0170 0.1607 0.1023 
         290  1 0.1494 0.1512 0.0073 0.1757 0.1833 0.0223 0.0125 0.1717 0.1266 
         291  1 0.1294 0.1304 0.0172 0.1049 0.1270 0.0174 0.0057 0.3843 0.0837 
         292  1 0.1528 0.1482 0.0328 0.1503 0.1440 0.0168 0.0987 0.1149 0.1414 
         293  1 0.1869 0.1469 0.0079 0.1498 0.0974 0.0111 0.0111 0.0658 0.3232 
         294  1 0.1193 0.1281 0.0753 0.1069 0.1046 0.1642 0.0046 0.1540 0.1430 
         295  1 0.1285 0.1762 0.0093 0.1435 0.1181 0.0321 0.0465 0.2034 0.1426 
         296  1 0.1520 0.1617 0.0379 0.1672 0.1549 0.0068 0.0292 0.1239 0.1665 
         297  1 0.2001 0.1421 0.0556 0.1701 0.1302 0.0093 0.0125 0.1223 0.1579 
         298  1 0.1808 0.1763 0.0063 0.1875 0.1471 0.0108 0.0040 0.1352 0.1520 
         299  1 0.1713 0.1606 0.0263 0.1711 0.1733 0.0196 0.0077 0.1126 0.1577 
         300  1 0.1761 0.1336 0.0169 0.1811 0.1805 0.0106 0.0292 0.1129 0.1591 
         301  1 0.1310 0.1508 0.0054 0.1919 0.0900 0.1095 0.0079 0.1622 0.1512 
         302  1 0.1237 0.1650 0.0106 0.1351 0.1316 0.0055 0.0057 0.2728 0.1501 
         303  1 0.1337 0.1509 0.0642 0.1429 0.1774 0.0074 0.0075 0.1705 0.1455 
         304  1 0.2089 0.1681 0.0085 0.1894 0.1216 0.0042 0.0069 0.0932 0.1992 
         305  1 0.1626 0.1640 0.0065 0.1757 0.1554 0.0248 0.0077 0.1240 0.1794 
         306  1 0.1619 0.1808 0.0078 0.1586 0.1890 0.0076 0.0059 0.1168 0.1717 
         307  1 0.1545 0.1555 0.0236 0.1479 0.1876 0.0137 0.0337 0.1393 0.1442 
         308  1 0.1766 0.1290 0.0063 0.2062 0.1371 0.0150 0.0075 0.1167 0.2056 
         309  1 0.2327 0.1369 0.0389 0.1492 0.1417 0.0074 0.0108 0.1048 0.1776 
         310  1 0.1542 0.1613 0.0931 0.1424 0.1336 0.0083 0.0072 0.1184 0.1815 
         311  1 0.2261 0.1519 0.0175 0.1615 0.1147 0.0062 0.0070 0.1060 0.2091 
         312  1 0.1244 0.1200 0.0271 0.0902 0.1201 0.0708 0.0628 0.2621 0.1225 
         313  1 0.1477 0.1417 0.0056 0.2104 0.1615 0.0049 0.0359 0.0928 0.1995 
         314  1 0.1276 0.1367 0.0467 0.1272 0.1441 0.0827 0.0809 0.1167 0.1374 
         315  1 0.2683 0.1538 0.0077 0.1514 0.1384 0.0106 0.0119 0.0840 0.1738 
         316  1 0.1644 0.1459 0.0749 0.1397 0.1841 0.0071 0.0432 0.1288 0.1118 
         317  1 0.1392 0.1687 0.0257 0.1520 0.1316 0.0211 0.0148 0.2195 0.1274 
         318  1 0.2054 0.1657 0.0205 0.1598 0.1386 0.0054 0.0409 0.0983 0.1654 
         319  1 0.1064 0.1335 0.1602 0.1144 0.1240 0.0067 0.0816 0.1620 0.1112 
         320  1 0.1106 0.1135 0.0464 0.1246 0.1240 0.2154 0.0106 0.1331 0.1218 
         321  1 0.1443 0.1832 0.0049 0.1640 0.2391 0.0108 0.0175 0.1114 0.1248 
         322  1 0.1782 0.1502 0.0153 0.1502 0.1319 0.0361 0.0188 0.1411 0.1781 
         323  1 0.1390 0.1723 0.0121 0.1417 0.1831 0.0267 0.0096 0.1816 0.1340 
         324  1 0.1612 0.1693 0.0065 0.1971 0.1639 0.0065 0.0168 0.1003 0.1784 
         325  1 0.1873 0.1632 0.0248 0.1561 0.1364 0.0310 0.0327 0.0857 0.1829 
         326  1 0.1867 0.1481 0.0062 0.2207 0.1263 0.0037 0.0059 0.0965 0.2059 
         327  1 0.1576 0.1429 0.0049 0.1774 0.1428 0.0093 0.0358 0.1240 0.2052 
         328  1 0.1636 0.1535 0.0148 0.1697 0.1590 0.0318 0.0100 0.1406 0.1570 
         329  1 0.1472 0.1499 0.0162 0.1947 0.1195 0.0246 0.0105 0.1380 0.1995 
         330  1 0.0887 0.1057 0.0044 0.0808 0.0913 0.0209 0.2861 0.2334 0.0888 
         331  1 0.1582 0.1643 0.0049 0.1509 0.1263 0.0148 0.1281 0.0964 0.1560 
         332  1 0.1580 0.1455 0.0081 0.1836 0.1032 0.0037 0.0053 0.1020 0.2904 
         333  1 0.1464 0.1588 0.0112 0.1453 0.1576 0.0083 0.0062 0.2282 0.1381 
         334  1 0.1690 0.1367 0.0054 0.1509 0.2073 0.0221 0.1023 0.0948 0.1115 
         335  1 0.1557 0.1662 0.0072 0.1523 0.1968 0.0526 0.0171 0.1356 0.1164 
         336  1 0.0058 0.0053 0.0043 0.0058 0.0059 0.0051 0.9568 0.0052 0.0057 
         337  1 0.0564 0.0610 0.0408 0.0501 0.0684 0.0169 0.5900 0.0619 0.0545 
         338  1 0.0043 0.0044 0.0030 0.0044 0.0046 0.0137 0.9567 0.0046 0.0043 
         339  1 0.0032 0.0031 0.0032 0.0031 0.0032 0.0027 0.9751 0.0031 0.0032 
         340  1 0.0060 0.0065 0.0119 0.0063 0.0060 0.0038 0.9465 0.0063 0.0066 
         341  1 0.1445 0.1962 0.0062 0.1685 0.1792 0.0097 0.0104 0.1274 0.1580 
         342  1 0.0029 0.0029 0.0027 0.0028 0.0029 0.0024 0.9776 0.0029 0.0029 
         343  1 0.0092 0.0098 0.0098 0.0094 0.0091 0.0075 0.9256 0.0089 0.0107 
         344  1 0.0063 0.0062 0.0061 0.0061 0.0057 0.0056 0.9517 0.0062 0.0062 
         345  1 0.0111 0.0104 0.0193 0.0104 0.0103 0.0047 0.9136 0.0093 0.0110 
         346  1 0.0054 0.0050 0.0079 0.0052 0.0059 0.0050 0.9554 0.0050 0.0051 
         347  1 0.0082 0.0086 0.0110 0.0083 0.0091 0.0056 0.9329 0.0082 0.0081 
         348  1 0.0230 0.0209 0.0099 0.0200 0.0205 0.0483 0.8184 0.0178 0.0213 
         349  1 0.0028 0.0030 0.0028 0.0029 0.0027 0.0028 0.9772 0.0030 0.0028 
         350  1 0.0279 0.0276 0.0044 0.0300 0.0282 0.0340 0.7833 0.0288 0.0357 
         351  1 0.0064 0.0061 0.0166 0.0059 0.0058 0.0042 0.9420 0.0065 0.0064 
         352  1 0.1479 0.1622 0.0056 0.1872 0.0964 0.0098 0.0163 0.0936 0.2809 
         353  1 0.0054 0.0053 0.0050 0.0049 0.0048 0.0039 0.9603 0.0051 0.0053 
         354  1 0.0059 0.0052 0.0055 0.0055 0.0055 0.0041 0.9577 0.0052 0.0054 
         355  1 0.0058 0.0060 0.0088 0.0058 0.0063 0.0048 0.9508 0.0055 0.0063 
         356  1 0.1482 0.1630 0.0082 0.1615 0.2185 0.0194 0.0171 0.1202 0.1439 
         357  1 0.1735 0.1180 0.1342 0.1532 0.0953 0.0144 0.0445 0.0933 0.1735 
         358  1 0.1357 0.1826 0.0101 0.1348 0.1483 0.0244 0.0079 0.2103 0.1460 
         359  1 0.1544 0.1617 0.0217 0.1369 0.2006 0.0091 0.0189 0.1574 0.1394 
         360  1 0.1481 0.1578 0.0498 0.1512 0.1285 0.0275 0.0192 0.1030 0.2151 
         361  1 0.1317 0.1026 0.1227 0.1128 0.1136 0.0153 0.1872 0.1049 0.1092 
         362  1 0.1251 0.1471 0.0048 0.1020 0.1432 0.0263 0.0089 0.3326 0.1100 
         363  1 0.2323 0.1545 0.0061 0.1537 0.1098 0.0057 0.0274 0.0955 0.2148 
         364  1 0.2060 0.1424 0.0059 0.1838 0.1563 0.0050 0.0081 0.1221 0.1703 
         365  1 0.2362 0.1425 0.0069 0.1818 0.1062 0.0079 0.0620 0.0977 0.1589 
         366  1 0.1788 0.1732 0.0053 0.1728 0.1302 0.0075 0.0183 0.1146 0.1993 
         367  1 0.1610 0.1473 0.0132 0.1436 0.1567 0.0267 0.0104 0.1871 0.1540 
         368  1 0.1391 0.1537 0.0106 0.1423 0.1393 0.0116 0.0117 0.2475 0.1441 
         369  1 0.2332 0.1486 0.0044 0.1558 0.1108 0.0100 0.0138 0.0812 0.2422 
         370  1 0.1500 0.1421 0.0455 0.1478 0.1437 0.0056 0.0790 0.1548 0.1314 
         371  1 0.2000 0.1349 0.0445 0.1559 0.1248 0.0088 0.0086 0.1363 0.1862 
         372  1 0.2183 0.1423 0.0416 0.1545 0.1335 0.0072 0.0900 0.0929 0.1197 
         373  1 0.1400 0.1783 0.0145 0.1788 0.1474 0.0110 0.0123 0.1306 0.1870 
         374  1 0.1289 0.1517 0.0430 0.1296 0.1200 0.1154 0.0129 0.1320 0.1666 
         375  1 0.1906 0.1536 0.0216 0.1648 0.1464 0.0040 0.0127 0.1072 0.1991 
         376  1 0.1615 0.1594 0.0132 0.1772 0.1544 0.0108 0.0173 0.1424 0.1638 
         377  1 0.1819 0.1482 0.0099 0.1873 0.1581 0.0115 0.0091 0.1178 0.1762 
         378  1 0.1626 0.1379 0.0085 0.1371 0.1122 0.0220 0.0808 0.1396 0.1993 
         379  1 0.2068 0.1541 0.0112 0.1625 0.1490 0.0071 0.0144 0.1232 0.1718 
         380  1 0.1386 0.1761 0.0152 0.1951 0.1914 0.0065 0.0096 0.1281 0.1393 
         381  1 0.1920 0.1521 0.0107 0.1719 0.1245 0.0154 0.0122 0.0849 0.2364 
         382  1 0.1752 0.1676 0.0246 0.1514 0.1974 0.0069 0.0166 0.1263 0.1340 
         383  1 0.1545 0.1635 0.0151 0.1626 0.1673 0.0439 0.0050 0.1154 0.1727 
         384  1 0.1876 0.1268 0.0109 0.1720 0.1568 0.0100 0.0212 0.1243 0.1903 
         385  1 0.1618 0.1689 0.0044 0.1574 0.2319 0.0028 0.0146 0.1341 0.1242 
         386  1 0.1595 0.1639 0.0091 0.1625 0.1151 0.0259 0.0077 0.1316 0.2247 
         387  1 0.1592 0.1758 0.0082 0.1620 0.1409 0.0053 0.0381 0.1533 0.1572 
         388  1 0.1467 0.1540 0.0123 0.1489 0.1308 0.0150 0.0299 0.2296 0.1327 
         389  1 0.1634 0.1558 0.0062 0.1771 0.1783 0.0197 0.0487 0.1280 0.1228 
         390  1 0.1646 0.1695 0.0041 0.1343 0.1840 0.0295 0.0288 0.1088 0.1764 
         391  1 0.1612 0.1630 0.0064 0.1634 0.1803 0.0076 0.0062 0.1182 0.1936 
         392  1 0.1133 0.1796 0.0136 0.1375 0.0992 0.0040 0.0055 0.3083 0.1389 
         393  1 0.1782 0.1643 0.0069 0.1779 0.1649 0.0246 0.0094 0.1106 0.1632 
         394  1 0.1451 0.1442 0.0069 0.1174 0.1335 0.0057 0.0066 0.2947 0.1459 
         395  1 0.1136 0.1760 0.0052 0.1166 0.1161 0.0068 0.0044 0.3691 0.0923 
         396  1 0.1792 0.1330 0.0057 0.2116 0.1518 0.0083 0.0080 0.1456 0.1567 
         397  1 0.1426 0.1747 0.0071 0.1729 0.1371 0.0087 0.0134 0.1953 0.1482 
         398  1 0.0929 0.0903 0.0201 0.0772 0.0858 0.3860 0.0721 0.0993 0.0763 
         399  1 0.1912 0.1558 0.0105 0.1696 0.2016 0.0138 0.0145 0.1286 0.1144 
         400  1 0.1749 0.1575 0.0290 0.1684 0.1681 0.0187 0.0093 0.1374 0.1367 
         401  1 0.1206 0.1482 0.0077 0.1213 0.1260 0.0145 0.0078 0.3553 0.0984 
         402  1 0.1464 0.1377 0.0154 0.1259 0.1420 0.0066 0.0040 0.2954 0.1265 
         403  1 0.1437 0.1629 0.0061 0.1942 0.1411 0.0108 0.0074 0.0884 0.2456 
         404  1 0.1402 0.1371 0.0187 0.1635 0.1528 0.0055 0.0439 0.1945 0.1436 
         405  1 0.1384 0.1748 0.0088 0.2124 0.0921 0.0376 0.0202 0.0998 0.2159 
         406  1 0.1530 0.1391 0.0386 0.1440 0.1622 0.0072 0.0193 0.1770 0.1596 
         407  1 0.1396 0.1756 0.0123 0.1883 0.2079 0.0079 0.0129 0.1217 0.1337 
         408  1 0.1240 0.1473 0.0075 0.1179 0.1268 0.0103 0.0084 0.3408 0.1169 
         409  1 0.1932 0.1440 0.0194 0.1451 0.1776 0.0108 0.0125 0.1604 0.1370 
         410  1 0.1713 0.1518 0.0087 0.1948 0.1568 0.0135 0.0057 0.1120 0.1854 
         411  1 0.2144 0.1529 0.0302 0.1686 0.1381 0.0065 0.0238 0.1225 0.1431 
         412  1 0.1760 0.1581 0.0133 0.1846 0.1790 0.0079 0.0050 0.1262 0.1500 
         413  1 0.1936 0.1584 0.0052 0.1617 0.1299 0.0105 0.0035 0.1562 0.1811 
         414  1 0.1663 0.1529 0.0172 0.1956 0.1171 0.0069 0.0207 0.1758 0.1477 
         415  1 0.1731 0.1465 0.0066 0.1505 0.2032 0.0365 0.0106 0.1050 0.1681 
         416  1 0.1546 0.1562 0.0097 0.1837 0.1510 0.0079 0.0091 0.1820 0.1457 
         417  1 0.1806 0.1310 0.0109 0.1735 0.1259 0.0250 0.0118 0.1719 0.1694 
         418  1 0.1635 0.1230 0.0053 0.2168 0.1436 0.0211 0.0375 0.0862 0.2029 
         419  1 0.1915 0.1344 0.0103 0.1532 0.1329 0.0334 0.0091 0.1563 0.1790 
         420  1 0.1315 0.1292 0.0068 0.1484 0.1032 0.1686 0.0047 0.1489 0.1586 
         421  1 0.1483 0.1457 0.0087 0.1527 0.1846 0.0510 0.0140 0.1177 0.1773 
         422  1 0.1437 0.1401 0.1073 0.1327 0.1091 0.0601 0.0166 0.1043 0.1860 
         423  1 0.1862 0.1602 0.0138 0.1574 0.1377 0.0039 0.0123 0.1968 0.1318 
         424  1 0.1706 0.1750 0.0145 0.1836 0.1099 0.0103 0.0093 0.1428 0.1840 
         425  1 0.1789 0.1618 0.0069 0.1715 0.1103 0.0060 0.0071 0.0911 0.2664 
         426  1 0.1785 0.1524 0.0323 0.1632 0.1309 0.0075 0.0199 0.1395 0.1758 
         427  1 0.1350 0.1720 0.0048 0.1563 0.1531 0.0088 0.0043 0.2430 0.1227 
         428  1 0.1508 0.1920 0.0059 0.1376 0.1652 0.0098 0.0080 0.1696 0.1611 
         429  1 0.1895 0.1558 0.0130 0.1432 0.2361 0.0039 0.0046 0.1247 0.1291 
         430  1 0.0872 0.1180 0.3033 0.0910 0.1270 0.0143 0.0458 0.1096 0.1040 
         431  1 0.1432 0.1535 0.0067 0.1188 0.1742 0.0070 0.0069 0.2716 0.1181 
         432  1 0.1553 0.1254 0.0084 0.1388 0.1436 0.0065 0.0625 0.2244 0.1350 
         433  1 0.1876 0.1679 0.0245 0.1604 0.1546 0.0060 0.0181 0.1250 0.1559 
         434  1 0.1558 0.1701 0.0076 0.1810 0.1823 0.0137 0.0337 0.1146 0.1413 
         435  1 0.1411 0.1482 0.0089 0.1942 0.1246 0.0152 0.0048 0.1280 0.2350 
         436  1 0.1328 0.1476 0.0085 0.1721 0.1364 0.0613 0.0042 0.1279 0.2091 
         437  1 0.1254 0.1068 0.1941 0.1295 0.1282 0.0636 0.0116 0.0982 0.1425 
         438  1 0.1738 0.1500 0.0362 0.1657 0.1552 0.0050 0.0043 0.1006 0.2092 
         439  1 0.1918 0.1410 0.0172 0.1676 0.1495 0.0093 0.0406 0.1432 0.1398 
         440  1 0.1636 0.1483 0.0046 0.1752 0.1484 0.0268 0.0220 0.1019 0.2093 
         441  1 0.1747 0.1830 0.0475 0.1371 0.1901 0.0177 0.0050 0.1263 0.1187 
         442  1 0.1157 0.1340 0.2078 0.1342 0.1440 0.0283 0.0075 0.1098 0.1187 
         443  1 0.1607 0.1733 0.0174 0.1370 0.1935 0.0099 0.0771 0.0810 0.1500 
         444  1 0.1799 0.1582 0.0136 0.1669 0.2106 0.0177 0.0153 0.1227 0.1151 
         445  1 0.2140 0.1419 0.0083 0.1825 0.1472 0.0064 0.0137 0.1135 0.1725 
         446  1 0.1759 0.1671 0.0109 0.1492 0.1037 0.0115 0.0140 0.1976 0.1701 
         447  1 0.1688 0.1471 0.0085 0.1920 0.1223 0.0201 0.0213 0.0888 0.2310 
         448  1 0.1193 0.1549 0.0601 0.1615 0.0946 0.0810 0.0167 0.0834 0.2285 
         449  1 0.1056 0.1821 0.0083 0.1044 0.1059 0.0240 0.0123 0.3632 0.0942 
         450  1 0.0639 0.0641 0.0600 0.0701 0.0619 0.0530 0.4830 0.0566 0.0874 
         451  1 0.1469 0.1614 0.0047 0.1504 0.1262 0.0612 0.0335 0.1179 0.1976 
         452  1 0.1758 0.1359 0.0135 0.1853 0.1832 0.0089 0.0115 0.1440 0.1419 
         453  1 0.1548 0.1530 0.0096 0.1803 0.1539 0.0347 0.0068 0.1116 0.1952 
         454  1 0.1455 0.1721 0.0524 0.1709 0.2165 0.0146 0.0081 0.0959 0.1240 
         455  1 0.1669 0.1656 0.0089 0.1739 0.1785 0.0043 0.0053 0.1653 0.1313 
         456  1 0.1478 0.1538 0.0126 0.1822 0.1623 0.0079 0.0508 0.1264 0.1562 
         457  1 0.1861 0.1847 0.0050 0.1530 0.2207 0.0083 0.0064 0.1148 0.1211 
         458  1 0.1352 0.1660 0.0136 0.1148 0.2165 0.0114 0.1069 0.1204 0.1153 
         459  1 0.1676 0.1281 0.0332 0.1158 0.1394 0.0134 0.0205 0.1009 0.2811 
         460  1 0.1108 0.1684 0.0478 0.1227 0.1292 0.0180 0.0062 0.2683 0.1286 
         461  1 0.1336 0.1492 0.0350 0.1475 0.1291 0.0472 0.0266 0.1950 0.1367 
         462  1 0.1297 0.1512 0.0074 0.1442 0.1269 0.0086 0.0057 0.2918 0.1344 
         463  1 0.2008 0.1482 0.0277 0.1522 0.1326 0.0195 0.0197 0.1129 0.1865 
         464  1 0.1476 0.1437 0.0105 0.1020 0.1103 0.0343 0.0067 0.3206 0.1243 
         465  1 0.1831 0.1278 0.0546 0.1606 0.1383 0.0125 0.0193 0.0954 0.2084 
         466  1 0.1102 0.1175 0.1456 0.1101 0.0972 0.0443 0.1273 0.1207 0.1272 
         467  1 0.1307 0.1533 0.0146 0.1193 0.1667 0.0143 0.0080 0.2618 0.1312 
         468  1 0.1727 0.1358 0.0073 0.1913 0.0976 0.0076 0.0235 0.1014 0.2627 
         469  1 0.2143 0.1503 0.0068 0.1522 0.1001 0.0066 0.0047 0.1382 0.2269 
         470  1 0.1576 0.1611 0.0463 0.1429 0.1353 0.0098 0.0071 0.1844 0.1555 
         471  1 0.1521 0.1660 0.0053 0.2272 0.1293 0.0052 0.0066 0.1618 0.1466 
         472  1 0.1388 0.1502 0.0318 0.1340 0.1517 0.0171 0.0051 0.2177 0.1536 
         473  1 0.1471 0.1687 0.0149 0.1595 0.1903 0.0098 0.0404 0.1313 0.1380 
         474  1 0.1602 0.1749 0.0062 0.1611 0.1685 0.0044 0.0131 0.1536 0.1581 
         475  1 0.1251 0.1863 0.0045 0.1368 0.1382 0.0065 0.0051 0.2791 0.1184 
         476  1 0.1540 0.1743 0.0052 0.1674 0.1692 0.0110 0.0063 0.1394 0.1731 
         477  1 0.1623 0.1433 0.0409 0.1662 0.1371 0.0085 0.0245 0.1549 0.1623 
         478  1 0.1445 0.1444 0.0698 0.1318 0.1489 0.0093 0.0337 0.1747 0.1428 
         479  1 0.1214 0.1437 0.0063 0.1177 0.1071 0.1102 0.0127 0.2420 0.1389 
         480  1 0.1562 0.1638 0.0080 0.2012 0.1292 0.0161 0.0048 0.1384 0.1823 
         481  1 0.1370 0.1708 0.0106 0.1494 0.2266 0.0137 0.0198 0.1376 0.1343 
         482  1 0.1472 0.1814 0.0047 0.1801 0.0952 0.0084 0.0175 0.0795 0.2859 
         483  1 0.1731 0.1859 0.0163 0.1642 0.2029 0.0086 0.0051 0.1088 0.1350 
         484  1 0.1262 0.1399 0.0057 0.1322 0.1380 0.0823 0.0891 0.1832 0.1035 
         485  1 0.0531 0.0438 0.4456 0.0444 0.0390 0.0346 0.2610 0.0311 0.0474 
         486  1 0.1928 0.1529 0.0080 0.1767 0.1885 0.0302 0.0205 0.0932 0.1372 
         487  1 0.2017 0.1329 0.0077 0.1921 0.1343 0.0071 0.0156 0.1306 0.1781 
         488  1 0.1923 0.1216 0.0195 0.1844 0.1156 0.0450 0.0187 0.1099 0.1930 
         489  1 0.1402 0.1419 0.0080 0.1603 0.1556 0.0298 0.0069 0.1707 0.1867 
         490  1 0.1734 0.1302 0.0120 0.1458 0.1151 0.0165 0.1332 0.0755 0.1984 
         491  1 0.1818 0.1562 0.0064 0.1512 0.1129 0.0076 0.0203 0.1386 0.2250 
         492  1 0.1729 0.1647 0.0127 0.1879 0.1538 0.0073 0.0088 0.1298 0.1622 
         493  1 0.1998 0.1666 0.0035 0.1765 0.1474 0.0081 0.0071 0.1352 0.1556 
         494  1 0.1671 0.1561 0.0076 0.2009 0.1530 0.0063 0.0093 0.1406 0.1590 
         495  1 0.1385 0.1588 0.0179 0.1799 0.1555 0.0141 0.0068 0.1551 0.1734 
         496  1 0.1394 0.1596 0.0886 0.1690 0.1661 0.0112 0.0078 0.1059 0.1523 
         497  1 0.1771 0.1463 0.0086 0.1293 0.1336 0.0089 0.0536 0.2085 0.1341 
         498  1 0.1618 0.1671 0.0106 0.2042 0.1679 0.0112 0.0167 0.1157 0.1448 
         499  1 0.1245 0.1381 0.0054 0.1173 0.1414 0.0083 0.0054 0.3677 0.0919 
         500  1 0.1717 0.1648 0.0082 0.1916 0.1357 0.0062 0.0125 0.1491 0.1602 
