           1  1 0.0257 0.8222 0.0512 0.0062 0.0493 0.0455 
           2  1 0.0090 0.0163 0.2808 0.0056 0.2934 0.3950 
           3  1 0.0640 0.1991 0.2479 0.0101 0.2856 0.1933 
           4  1 0.0106 0.1361 0.2729 0.0060 0.2403 0.3340 
           5  1 0.0064 0.0825 0.1266 0.0496 0.1107 0.6243 
           6  1 0.0079 0.3876 0.1315 0.0220 0.1313 0.3196 
           7  1 0.0057 0.0094 0.2450 0.0070 0.2146 0.5183 
           8  1 0.0838 0.0193 0.2686 0.0048 0.1340 0.4895 
           9  1 0.0096 0.4312 0.1369 0.0080 0.2234 0.1909 
          10  1 0.0581 0.1781 0.2111 0.0711 0.2973 0.1845 
          11  1 0.0064 0.3754 0.1934 0.0094 0.1728 0.2425 
          12  1 0.0089 0.0356 0.3499 0.0041 0.2390 0.3625 
          13  1 0.0141 0.0164 0.3031 0.0071 0.4633 0.1959 
          14  1 0.0062 0.1079 0.3328 0.0091 0.3032 0.2407 
          15  1 0.0355 0.7262 0.0675 0.0099 0.0914 0.0694 
          16  1 0.0061 0.2429 0.2988 0.0071 0.1847 0.2604 
          17  1 0.0178 0.2312 0.2563 0.0226 0.1675 0.3047 
          18  1 0.0163 0.1525 0.3446 0.0108 0.1951 0.2808 
          19  1 0.0678 0.5504 0.1096 0.0103 0.1228 0.1392 
          20  1 0.0278 0.0131 0.2636 0.2474 0.1205 0.3275 
          21  1 0.0181 0.1881 0.2754 0.0441 0.2155 0.2587 
          22  1 0.0048 0.5867 0.0798 0.0051 0.2203 0.1033 
          23  1 0.0195 0.0312 0.1465 0.0130 0.1346 0.6552 
          24  1 0.0261 0.2049 0.2989 0.0619 0.1287 0.2795 
          25  1 0.0414 0.1537 0.2472 0.0296 0.2205 0.3075 
          26  1 0.0102 0.0889 0.2504 0.0050 0.4175 0.2281 
          27  1 0.0083 0.1947 0.3155 0.0084 0.1510 0.3222 
          28  1 0.0360 0.3727 0.1786 0.1585 0.1131 0.1412 
          29  1 0.0111 0.0208 0.3147 0.0408 0.3604 0.2521 
          30  1 0.0045 0.0437 0.2882 0.0039 0.5327 0.1270 
          31  1 0.0063 0.2431 0.2129 0.0086 0.2929 0.2362 
          32  1 0.0058 0.0362 0.1954 0.0057 0.1108 0.6461 
          33  1 0.0070 0.2084 0.1252 0.0052 0.0703 0.5839 
          34  1 0.0355 0.2642 0.2513 0.0178 0.1421 0.2891 
          35  1 0.0090 0.0508 0.3323 0.0095 0.1870 0.4115 
          36  1 0.0058 0.1254 0.2562 0.0062 0.0899 0.5165 
          37  1 0.0115 0.0889 0.2749 0.0911 0.2989 0.2348 
          38  1 0.0147 0.2775 0.1911 0.0074 0.0980 0.4112 
          39  1 0.0112 0.9354 0.0157 0.0067 0.0162 0.0148 
          40  1 0.0054 0.2720 0.2092 0.0175 0.1886 0.3073 
          41  1 0.0263 0.2590 0.2744 0.0137 0.1420 0.2846 
          42  1 0.0142 0.0663 0.3522 0.0142 0.1635 0.3897 
          43  1 0.0649 0.1794 0.2384 0.0103 0.1567 0.3503 
          44  1 0.0075 0.1208 0.2981 0.0453 0.1517 0.3766 
          45  1 0.0223 0.0293 0.2326 0.0044 0.4630 0.2484 
          46  1 0.0101 0.0337 0.4053 0.0103 0.2831 0.2574 
          47  1 0.0083 0.4379 0.1471 0.0358 0.1489 0.2220 
          48  1 0.0099 0.0397 0.3198 0.0385 0.1900 0.4022 
          49  1 0.0731 0.1557 0.2482 0.0189 0.3548 0.1494 
          50  1 0.0164 0.0816 0.2650 0.0077 0.2462 0.3831 
          51  1 0.0173 0.0245 0.3345 0.0054 0.2103 0.4079 
          52  1 0.0037 0.0397 0.2807 0.0056 0.1587 0.5115 
          53  1 0.0413 0.0106 0.2841 0.0068 0.1886 0.4686 
          54  1 0.0083 0.2784 0.2061 0.0991 0.1519 0.2562 
          55  1 0.1883 0.0383 0.2512 0.0137 0.2689 0.2395 
          56  1 0.0071 0.4232 0.2040 0.0178 0.1781 0.1697 
          57  1 0.0152 0.0967 0.3068 0.0070 0.2966 0.2776 
          58  1 0.0085 0.0966 0.2476 0.0313 0.4045 0.2115 
          59  1 0.0055 0.0846 0.2870 0.0057 0.1341 0.4831 
          60  1 0.0191 0.0815 0.2333 0.0143 0.3950 0.2568 
          61  1 0.0127 0.2525 0.1868 0.1955 0.1789 0.1737 
          62  1 0.0162 0.0177 0.2657 0.0071 0.2230 0.4703 
          63  1 0.0406 0.1499 0.2848 0.0150 0.1791 0.3305 
          64  1 0.0107 0.3071 0.2494 0.0060 0.1877 0.2391 
          65  1 0.0081 0.3212 0.2457 0.0090 0.1415 0.2744 
          66  1 0.0117 0.0179 0.2728 0.0104 0.2542 0.4331 
          67  1 0.0206 0.0599 0.2525 0.0559 0.1440 0.4671 
          68  1 0.0244 0.6605 0.0889 0.0194 0.0823 0.1246 
          69  1 0.0094 0.4907 0.1000 0.1326 0.0629 0.2044 
          70  1 0.0074 0.0413 0.2895 0.0188 0.5074 0.1356 
          71  1 0.0075 0.1198 0.1886 0.0299 0.1054 0.5488 
          72  1 0.0141 0.0366 0.3843 0.0148 0.1826 0.3676 
          73  1 0.0390 0.7092 0.0611 0.0084 0.0490 0.1333 
          74  1 0.0095 0.2975 0.2411 0.0084 0.1575 0.2860 
          75  1 0.0283 0.0257 0.4133 0.0065 0.1515 0.3748 
          76  1 0.0082 0.0855 0.2048 0.0079 0.1241 0.5696 
          77  1 0.9665 0.0069 0.0063 0.0077 0.0065 0.0062 
          78  1 0.9139 0.0171 0.0168 0.0123 0.0225 0.0174 
          79  1 0.9588 0.0071 0.0074 0.0118 0.0075 0.0074 
          80  1 0.9774 0.0049 0.0046 0.0032 0.0049 0.0049 
          81  1 0.9671 0.0068 0.0076 0.0043 0.0070 0.0073 
          82  1 0.9605 0.0075 0.0090 0.0065 0.0080 0.0086 
          83  1 0.8885 0.0219 0.0204 0.0287 0.0238 0.0167 
          84  1 0.9541 0.0158 0.0079 0.0055 0.0075 0.0092 
          85  1 0.9439 0.0111 0.0115 0.0087 0.0136 0.0112 
          86  1 0.8536 0.0509 0.0273 0.0091 0.0270 0.0322 
          87  1 0.9739 0.0058 0.0056 0.0036 0.0055 0.0056 
          88  1 0.9677 0.0073 0.0057 0.0081 0.0053 0.0060 
          89  1 0.9656 0.0074 0.0069 0.0068 0.0069 0.0064 
          90  1 0.5496 0.0785 0.1231 0.0175 0.0955 0.1358 
          91  1 0.9647 0.0086 0.0062 0.0067 0.0072 0.0066 
          92  1 0.9634 0.0067 0.0070 0.0098 0.0065 0.0066 
          93  1 0.9692 0.0059 0.0067 0.0049 0.0065 0.0067 
          94  1 0.9743 0.0050 0.0050 0.0063 0.0045 0.0049 
          95  1 0.9354 0.0173 0.0119 0.0106 0.0123 0.0125 
          96  1 0.9705 0.0066 0.0056 0.0053 0.0058 0.0062 
          97  1 0.7089 0.0393 0.0426 0.1138 0.0487 0.0468 
          98  1 0.3460 0.1685 0.1637 0.0249 0.1306 0.1663 
          99  1 0.9691 0.0081 0.0065 0.0039 0.0058 0.0067 
         100  1 0.8435 0.0202 0.0454 0.0106 0.0336 0.0467 
         101  1 0.9584 0.0103 0.0085 0.0052 0.0087 0.0089 
         102  1 0.7298 0.0351 0.0481 0.0958 0.0481 0.0431 
         103  1 0.0080 0.5875 0.1342 0.0070 0.1270 0.1363 
         104  1 0.0060 0.1260 0.2931 0.0052 0.3051 0.2647 
         105  1 0.0071 0.1287 0.2491 0.0234 0.3350 0.2567 
         106  1 0.0189 0.0360 0.2755 0.0110 0.4088 0.2499 
         107  1 0.0184 0.2897 0.1772 0.0085 0.2958 0.2106 
         108  1 0.0163 0.2396 0.1689 0.0176 0.3825 0.1750 
         109  1 0.0204 0.2442 0.2900 0.0391 0.1501 0.2561 
         110  1 0.0057 0.0783 0.2851 0.0169 0.1446 0.4695 
         111  1 0.0064 0.0351 0.3324 0.0074 0.3129 0.3058 
         112  1 0.0143 0.1961 0.3373 0.0050 0.1737 0.2735 
         113  1 0.0351 0.0574 0.4371 0.0090 0.1663 0.2950 
         114  1 0.0121 0.0168 0.3226 0.0088 0.2652 0.3745 
         115  1 0.0066 0.3711 0.1657 0.0509 0.2248 0.1809 
         116  1 0.0100 0.1079 0.3097 0.0044 0.2341 0.3339 
         117  1 0.0052 0.0165 0.2760 0.0071 0.5945 0.1008 
         118  1 0.0094 0.3122 0.1588 0.0079 0.2651 0.2466 
         119  1 0.0112 0.0741 0.3211 0.0050 0.2738 0.3149 
         120  1 0.0308 0.0366 0.2726 0.0051 0.5091 0.1459 
         121  1 0.0206 0.1593 0.2449 0.0121 0.4093 0.1538 
         122  1 0.0137 0.1409 0.3007 0.0162 0.2824 0.2461 
         123  1 0.0112 0.3053 0.2329 0.0126 0.2738 0.1642 
         124  1 0.0327 0.2574 0.2056 0.0090 0.1973 0.2980 
         125  1 0.0054 0.0220 0.4260 0.0094 0.1612 0.3761 
         126  1 0.0654 0.0938 0.2462 0.0170 0.3503 0.2272 
         127  1 0.0122 0.1297 0.2448 0.0117 0.2689 0.3327 
         128  1 0.5137 0.0361 0.1670 0.0065 0.1555 0.1213 
         129  1 0.0602 0.1503 0.2338 0.0139 0.2658 0.2761 
         130  1 0.0062 0.2344 0.2196 0.0123 0.1940 0.3335 
         131  1 0.0624 0.1613 0.2377 0.0058 0.3742 0.1586 
         132  1 0.0068 0.0167 0.3256 0.0039 0.2122 0.4348 
         133  1 0.0716 0.0334 0.3014 0.0057 0.4198 0.1680 
         134  1 0.0300 0.0237 0.2473 0.0071 0.0867 0.6053 
         135  1 0.1164 0.0425 0.2431 0.0576 0.3637 0.1767 
         136  1 0.0648 0.0578 0.2028 0.0094 0.3726 0.2925 
         137  1 0.0072 0.5340 0.1896 0.0117 0.1166 0.1409 
         138  1 0.0137 0.0226 0.2165 0.0078 0.1582 0.5812 
         139  1 0.0196 0.4342 0.1906 0.0063 0.1002 0.2491 
         140  1 0.0360 0.1827 0.2113 0.0650 0.2925 0.2125 
         141  1 0.0064 0.0974 0.3530 0.0080 0.2182 0.3171 
         142  1 0.0060 0.0378 0.2433 0.0101 0.5711 0.1318 
         143  1 0.0265 0.3493 0.2817 0.0057 0.1594 0.1775 
         144  1 0.0186 0.1989 0.2529 0.0063 0.2581 0.2652 
         145  1 0.0099 0.5623 0.1242 0.0496 0.1396 0.1144 
         146  1 0.0185 0.0856 0.3580 0.0189 0.2155 0.3034 
         147  1 0.0066 0.6317 0.1102 0.0206 0.1417 0.0892 
         148  1 0.0666 0.0356 0.3141 0.0085 0.1306 0.4446 
         149  1 0.0070 0.2999 0.1715 0.0350 0.2738 0.2128 
         150  1 0.0376 0.0295 0.3163 0.0941 0.3395 0.1831 
         151  1 0.0081 0.0471 0.3322 0.0088 0.2151 0.3887 
         152  1 0.0229 0.7155 0.0402 0.1483 0.0273 0.0458 
         153  1 0.0238 0.2028 0.1744 0.0444 0.1077 0.4469 
         154  1 0.0228 0.6544 0.0669 0.0605 0.0465 0.1489 
         155  1 0.0085 0.1049 0.3407 0.0090 0.1429 0.3941 
         156  1 0.2095 0.4232 0.1409 0.0302 0.0919 0.1044 
         157  1 0.0167 0.0762 0.1660 0.0082 0.1229 0.6101 
         158  1 0.0139 0.0982 0.2337 0.0056 0.1418 0.5067 
         159  1 0.0458 0.1163 0.1450 0.2999 0.1868 0.2061 
         160  1 0.0099 0.4273 0.1653 0.0093 0.2582 0.1299 
         161  1 0.0284 0.2467 0.1722 0.0339 0.2770 0.2418 
         162  1 0.0083 0.0499 0.4118 0.0135 0.3025 0.2139 
         163  1 0.0048 0.0768 0.2743 0.0056 0.5279 0.1106 
         164  1 0.0046 0.0782 0.3056 0.0090 0.3712 0.2315 
         165  1 0.0044 0.0175 0.2735 0.0932 0.1169 0.4945 
         166  1 0.1079 0.0745 0.2064 0.0045 0.4048 0.2019 
         167  1 0.0061 0.6812 0.1119 0.0075 0.0860 0.1074 
         168  1 0.0207 0.0276 0.2609 0.0146 0.3894 0.2868 
         169  1 0.0064 0.0304 0.3185 0.0047 0.2791 0.3609 
         170  1 0.0097 0.1584 0.2698 0.0146 0.3665 0.1811 
         171  1 0.0067 0.5184 0.1897 0.0208 0.1510 0.1134 
         172  1 0.0041 0.4871 0.2081 0.0097 0.1383 0.1527 
         173  1 0.0122 0.0634 0.2936 0.0211 0.3325 0.2771 
         174  1 0.0064 0.2549 0.2096 0.1162 0.1649 0.2479 
         175  1 0.0057 0.6758 0.1099 0.0121 0.1009 0.0955 
         176  1 0.0114 0.4327 0.1802 0.0136 0.2260 0.1362 
         177  1 0.0052 0.0754 0.3122 0.0063 0.4261 0.1748 
         178  1 0.0057 0.0787 0.1902 0.0177 0.3259 0.3817 
         179  1 0.0255 0.7772 0.0593 0.0148 0.0784 0.0449 
         180  1 0.0095 0.1369 0.2389 0.0059 0.4694 0.1393 
         181  1 0.0634 0.1190 0.2097 0.0152 0.4472 0.1455 
         182  1 0.0328 0.0520 0.2758 0.0099 0.5071 0.1224 
         183  1 0.0713 0.4870 0.1373 0.0181 0.0818 0.2045 
         184  1 0.0143 0.1927 0.2628 0.0087 0.1877 0.3338 
         185  1 0.0230 0.3349 0.2560 0.0090 0.1952 0.1819 
         186  1 0.0065 0.0250 0.2817 0.0038 0.6101 0.0730 
         187  1 0.0067 0.1150 0.3341 0.0291 0.2701 0.2449 
         188  1 0.0091 0.1468 0.3240 0.0215 0.2557 0.2429 
         189  1 0.0103 0.2138 0.1932 0.0118 0.3890 0.1819 
         190  1 0.0062 0.1509 0.2285 0.0321 0.3455 0.2368 
         191  1 0.0782 0.1698 0.1855 0.0683 0.2976 0.2005 
         192  1 0.0036 0.6338 0.0924 0.0518 0.0955 0.1229 
         193  1 0.0089 0.1260 0.2825 0.0089 0.1208 0.4529 
         194  1 0.0072 0.0670 0.3534 0.0206 0.2826 0.2692 
         195  1 0.0067 0.0588 0.2942 0.0273 0.4391 0.1738 
         196  1 0.3803 0.0946 0.1848 0.0065 0.1057 0.2281 
         197  1 0.0325 0.1418 0.3039 0.0054 0.2522 0.2643 
         198  1 0.0193 0.2053 0.2386 0.0114 0.1346 0.3908 
         199  1 0.0088 0.1489 0.2281 0.0093 0.4962 0.1088 
         200  1 0.0281 0.0676 0.3321 0.0055 0.1708 0.3960 
         201  1 0.0049 0.4156 0.1904 0.0635 0.1524 0.1734 
         202  1 0.0293 0.0405 0.2391 0.0055 0.1351 0.5506 
         203  1 0.0465 0.1114 0.2053 0.0083 0.4232 0.2052 
         204  1 0.0126 0.0152 0.3690 0.0125 0.2365 0.3543 
         205  1 0.0115 0.0400 0.3482 0.0230 0.2089 0.3684 
         206  1 0.0105 0.2655 0.2449 0.0225 0.2225 0.2341 
         207  1 0.0228 0.2005 0.2029 0.0060 0.4572 0.1105 
         208  1 0.0411 0.0163 0.4089 0.0053 0.2721 0.2564 
         209  1 0.0104 0.0322 0.2916 0.0342 0.1319 0.4998 
         210  1 0.0161 0.0431 0.2603 0.0101 0.2879 0.3824 
         211  1 0.0088 0.0215 0.4968 0.0060 0.2589 0.2080 
         212  1 0.0257 0.0729 0.3204 0.0297 0.3285 0.2229 
         213  1 0.0170 0.0673 0.3662 0.0121 0.1515 0.3860 
         214  1 0.0115 0.0342 0.3360 0.0319 0.2925 0.2939 
         215  1 0.0146 0.2441 0.2267 0.0089 0.2562 0.2495 
         216  1 0.0095 0.2589 0.3279 0.0119 0.1204 0.2714 
         217  1 0.0074 0.0842 0.2579 0.0326 0.4440 0.1739 
         218  1 0.0425 0.1018 0.3094 0.0155 0.2122 0.3186 
         219  1 0.0067 0.0406 0.2293 0.0041 0.4777 0.2415 
         220  1 0.3636 0.0193 0.2111 0.0116 0.1611 0.2334 
         221  1 0.0268 0.1804 0.2655 0.0216 0.3153 0.1904 
         222  1 0.0087 0.3692 0.1944 0.0888 0.1315 0.2074 
         223  1 0.0057 0.6646 0.0901 0.0212 0.1035 0.1149 
         224  1 0.0048 0.1456 0.2914 0.0157 0.3194 0.2231 
         225  1 0.0078 0.5793 0.0782 0.1905 0.0733 0.0709 
         226  1 0.0101 0.0514 0.3405 0.0292 0.3437 0.2252 
         227  1 0.0092 0.0492 0.4348 0.0060 0.2173 0.2835 
         228  1 0.0072 0.2651 0.2806 0.0071 0.2218 0.2182 
         229  1 0.0254 0.1204 0.2514 0.0167 0.2349 0.3513 
         230  1 0.0058 0.0452 0.3066 0.0248 0.3133 0.3042 
         231  1 0.0065 0.0556 0.2582 0.0082 0.5775 0.0940 
         232  1 0.0078 0.2340 0.1723 0.0044 0.3010 0.2804 
         233  1 0.0176 0.1170 0.2217 0.0112 0.5429 0.0896 
         234  1 0.0078 0.1463 0.2677 0.0269 0.3334 0.2179 
         235  1 0.0086 0.0527 0.3489 0.0098 0.1814 0.3985 
         236  1 0.0261 0.1534 0.2138 0.0147 0.3460 0.2460 
         237  1 0.0358 0.1208 0.2470 0.0254 0.3247 0.2463 
         238  1 0.0188 0.0465 0.3250 0.0323 0.2536 0.3239 
         239  1 0.0160 0.0452 0.2821 0.0102 0.3019 0.3446 
         240  1 0.1134 0.3327 0.1720 0.0160 0.1248 0.2411 
         241  1 0.0104 0.1339 0.2599 0.0067 0.3801 0.2090 
         242  1 0.0304 0.0832 0.2681 0.0102 0.2479 0.3602 
         243  1 0.0108 0.0189 0.2775 0.0119 0.3503 0.3306 
         244  1 0.0203 0.3341 0.1528 0.0043 0.3244 0.1641 
         245  1 0.0141 0.0329 0.1412 0.0145 0.0524 0.7448 
         246  1 0.0646 0.2492 0.2665 0.0061 0.1798 0.2338 
         247  1 0.0048 0.2417 0.2054 0.0305 0.1290 0.3886 
         248  1 0.0194 0.0252 0.3778 0.0097 0.3332 0.2347 
         249  1 0.0056 0.1176 0.1944 0.0088 0.1620 0.5116 
         250  1 0.0134 0.0663 0.2626 0.0311 0.5161 0.1106 
         251  1 0.0258 0.4205 0.1375 0.0062 0.2519 0.1580 
         252  1 0.0350 0.0527 0.3012 0.0326 0.2529 0.3255 
         253  1 0.0668 0.0163 0.2926 0.0093 0.3320 0.2829 
         254  1 0.0093 0.0274 0.4676 0.0077 0.2424 0.2457 
         255  1 0.0526 0.0211 0.2902 0.0058 0.2871 0.3433 
         256  1 0.0043 0.2970 0.2205 0.0104 0.3336 0.1342 
         257  1 0.0261 0.0897 0.2586 0.0178 0.4192 0.1886 
         258  1 0.0050 0.3557 0.2404 0.0058 0.1139 0.2792 
         259  1 0.0088 0.0665 0.2622 0.0059 0.3975 0.2592 
         260  1 0.0089 0.1163 0.2960 0.0195 0.3338 0.2256 
         261  1 0.0097 0.0462 0.1596 0.0066 0.1756 0.6024 
         262  1 0.0072 0.0354 0.3752 0.0069 0.1963 0.3789 
         263  1 0.0091 0.0151 0.2440 0.1407 0.3039 0.2872 
         264  1 0.0148 0.0140 0.3003 0.0277 0.1458 0.4974 
         265  1 0.0121 0.0930 0.1117 0.0246 0.0567 0.7019 
         266  1 0.0231 0.1567 0.2011 0.0091 0.1905 0.4194 
         267  1 0.1207 0.2508 0.1625 0.0122 0.1429 0.3110 
         268  1 0.3144 0.2080 0.1503 0.0643 0.0841 0.1789 
         269  1 0.0190 0.8062 0.0498 0.0108 0.0396 0.0747 
         270  1 0.0230 0.1156 0.3675 0.0062 0.1878 0.2999 
         271  1 0.0510 0.0422 0.3090 0.0322 0.2511 0.3144 
         272  1 0.0068 0.8517 0.0332 0.0197 0.0519 0.0366 
         273  1 0.0048 0.1171 0.2688 0.0282 0.2556 0.3256 
         274  1 0.0291 0.2244 0.2406 0.0273 0.2626 0.2160 
         275  1 0.0277 0.0633 0.2880 0.0088 0.2964 0.3158 
         276  1 0.0104 0.5389 0.1148 0.0958 0.1284 0.1117 
         277  1 0.0062 0.1262 0.2266 0.0133 0.4181 0.2095 
         278  1 0.0898 0.0594 0.2287 0.0913 0.2298 0.3011 
         279  1 0.0242 0.2337 0.3112 0.0278 0.1573 0.2457 
         280  1 0.0143 0.1402 0.2964 0.0060 0.3347 0.2085 
         281  1 0.0347 0.0173 0.4437 0.0040 0.1892 0.3111 
         282  1 0.0126 0.1779 0.2520 0.0529 0.1849 0.3198 
         283  1 0.0149 0.0872 0.2111 0.2620 0.2395 0.1853 
         284  1 0.0090 0.3072 0.1677 0.0452 0.2481 0.2228 
         285  1 0.0527 0.0305 0.2285 0.0204 0.1722 0.4957 
         286  1 0.0111 0.0371 0.2764 0.0091 0.5489 0.1174 
         287  1 0.0595 0.0766 0.2800 0.0113 0.4351 0.1376 
         288  1 0.0223 0.1456 0.2176 0.0157 0.4222 0.1766 
         289  1 0.0047 0.0341 0.3384 0.0100 0.2852 0.3276 
         290  1 0.0241 0.0770 0.3285 0.0080 0.2613 0.3011 
         291  1 0.0199 0.0500 0.2713 0.0203 0.4681 0.1704 
         292  1 0.0221 0.5438 0.1395 0.0337 0.1077 0.1532 
         293  1 0.0117 0.6314 0.1415 0.0076 0.1279 0.0799 
         294  1 0.1740 0.0265 0.1981 0.0830 0.3575 0.1608 
         295  1 0.0337 0.5324 0.1231 0.0087 0.2023 0.0998 
         296  1 0.0081 0.2677 0.2694 0.0466 0.1889 0.2193 
         297  1 0.0103 0.1624 0.3179 0.0598 0.2178 0.2317 
         298  1 0.0112 0.0163 0.3857 0.0076 0.2989 0.2804 
         299  1 0.0217 0.0581 0.3157 0.0289 0.2162 0.3595 
         300  1 0.0125 0.3507 0.2339 0.0181 0.0872 0.2975 
         301  1 0.1179 0.0352 0.2566 0.0052 0.4546 0.1304 
         302  1 0.0062 0.0217 0.3395 0.0101 0.4694 0.1531 
         303  1 0.0075 0.0173 0.2556 0.0708 0.3455 0.3032 
         304  1 0.0045 0.0955 0.3078 0.0100 0.3392 0.2429 
         305  1 0.0296 0.1839 0.2311 0.0073 0.2482 0.3000 
         306  1 0.0089 0.0784 0.2625 0.0085 0.2183 0.4234 
         307  1 0.0164 0.1515 0.2468 0.0326 0.1604 0.3923 
         308  1 0.0177 0.0465 0.4241 0.0072 0.2245 0.2800 
         309  1 0.0082 0.4881 0.1603 0.0444 0.1169 0.1820 
         310  1 0.0089 0.0724 0.2888 0.1319 0.2130 0.2851 
         311  1 0.0076 0.2630 0.3042 0.0209 0.1901 0.2143 
         312  1 0.0821 0.2368 0.1982 0.0300 0.3454 0.1076 
         313  1 0.0052 0.1282 0.3657 0.0062 0.2904 0.2043 
         314  1 0.0956 0.4166 0.1551 0.0478 0.0974 0.1875 
         315  1 0.0108 0.6671 0.1328 0.0076 0.0536 0.1281 
         316  1 0.0085 0.2141 0.1718 0.0862 0.1214 0.3980 
         317  1 0.0263 0.0901 0.2805 0.0304 0.4021 0.1705 
         318  1 0.0052 0.7125 0.0855 0.0140 0.0821 0.1007 
         319  1 0.0071 0.1865 0.1637 0.2008 0.2662 0.1757 
         320  1 0.2693 0.0946 0.1572 0.0728 0.2417 0.1645 
         321  1 0.0120 0.0634 0.3041 0.0059 0.1577 0.4569 
         322  1 0.0412 0.2936 0.2000 0.0167 0.2713 0.1772 
         323  1 0.0278 0.0293 0.2874 0.0129 0.3530 0.2895 
         324  1 0.0079 0.0570 0.4039 0.0072 0.2210 0.3030 
         325  1 0.0265 0.7145 0.0823 0.0188 0.0649 0.0929 
         326  1 0.0042 0.0239 0.4612 0.0074 0.2432 0.2601 
         327  1 0.0110 0.2360 0.3506 0.0052 0.2167 0.1805 
         328  1 0.0372 0.0750 0.3702 0.0162 0.2376 0.2639 
         329  1 0.0285 0.0527 0.3693 0.0178 0.3554 0.1763 
         330  1 0.0250 0.3035 0.1563 0.0042 0.4139 0.0971 
         331  1 0.0138 0.7961 0.0591 0.0049 0.0526 0.0736 
         332  1 0.0043 0.0580 0.3687 0.0101 0.3062 0.2527 
         333  1 0.0089 0.0217 0.3183 0.0118 0.4745 0.1648 
         334  1 0.0293 0.3094 0.1920 0.0059 0.0789 0.3846 
         335  1 0.0536 0.0736 0.2091 0.0080 0.2531 0.4026 
         336  1 0.0123 0.9470 0.0121 0.0062 0.0100 0.0124 
         337  1 0.0142 0.7819 0.0525 0.0299 0.0427 0.0788 
         338  1 0.0709 0.8876 0.0123 0.0058 0.0115 0.0119 
         339  1 0.0046 0.9706 0.0060 0.0062 0.0060 0.0067 
         340  1 0.0058 0.9368 0.0107 0.0241 0.0109 0.0118 
         341  1 0.0108 0.1014 0.2482 0.0074 0.2967 0.3355 
         342  1 0.0050 0.9712 0.0059 0.0050 0.0063 0.0066 
         343  1 0.0192 0.9386 0.0110 0.0070 0.0116 0.0126 
         344  1 0.0111 0.9511 0.0082 0.0099 0.0105 0.0092 
         345  1 0.0054 0.9650 0.0070 0.0081 0.0069 0.0076 
         346  1 0.0071 0.9532 0.0092 0.0122 0.0087 0.0095 
         347  1 0.0073 0.9493 0.0104 0.0096 0.0103 0.0131 
         348  1 0.0617 0.8207 0.0298 0.0197 0.0289 0.0392 
         349  1 0.0075 0.9704 0.0053 0.0054 0.0058 0.0056 
         350  1 0.0803 0.8570 0.0198 0.0061 0.0179 0.0190 
         351  1 0.0059 0.9299 0.0088 0.0356 0.0094 0.0103 
         352  1 0.0122 0.1531 0.3530 0.0059 0.2891 0.1867 
         353  1 0.0075 0.9509 0.0088 0.0139 0.0093 0.0095 
         354  1 0.0063 0.9546 0.0088 0.0118 0.0098 0.0086 
         355  1 0.0088 0.9400 0.0123 0.0163 0.0116 0.0110 
         356  1 0.0217 0.0385 0.3643 0.0094 0.2043 0.3617 
         357  1 0.0152 0.4625 0.1293 0.1554 0.1473 0.0902 
         358  1 0.0333 0.1182 0.2371 0.0111 0.3269 0.2736 
         359  1 0.0098 0.0705 0.3020 0.0240 0.2283 0.3654 
         360  1 0.0386 0.4565 0.1387 0.0542 0.1210 0.1910 
         361  1 0.0156 0.4694 0.1625 0.0982 0.1258 0.1286 
         362  1 0.0309 0.0385 0.2820 0.0053 0.4288 0.2144 
         363  1 0.0059 0.6900 0.1237 0.0058 0.0892 0.0855 
         364  1 0.0055 0.0494 0.3476 0.0069 0.1947 0.3959 
         365  1 0.0091 0.8172 0.0574 0.0072 0.0437 0.0654 
         366  1 0.0086 0.4955 0.1282 0.0053 0.1953 0.1671 
         367  1 0.0290 0.0823 0.3271 0.0151 0.2858 0.2607 
         368  1 0.0121 0.0594 0.3169 0.0118 0.4293 0.1705 
         369  1 0.0120 0.4666 0.2269 0.0049 0.1435 0.1460 
         370  1 0.0055 0.5946 0.1222 0.0463 0.1238 0.1076 
         371  1 0.0108 0.3464 0.2046 0.0546 0.2410 0.1425 
         372  1 0.0083 0.6792 0.0650 0.0496 0.0471 0.1508 
         373  1 0.0121 0.0610 0.2617 0.0179 0.3974 0.2499 
         374  1 0.1354 0.1868 0.1879 0.0522 0.2307 0.2071 
         375  1 0.0044 0.2001 0.3556 0.0260 0.1709 0.2430 
         376  1 0.0121 0.2193 0.2310 0.0147 0.2473 0.2756 
         377  1 0.0133 0.0394 0.4023 0.0100 0.2553 0.2798 
         378  1 0.0281 0.5836 0.1075 0.0098 0.1941 0.0769 
         379  1 0.0078 0.0934 0.3369 0.0131 0.2590 0.2898 
         380  1 0.0068 0.0280 0.4014 0.0176 0.2425 0.3038 
         381  1 0.0167 0.4305 0.2038 0.0121 0.1618 0.1752 
         382  1 0.0074 0.0264 0.2801 0.0246 0.1783 0.4832 
         383  1 0.0524 0.0564 0.3326 0.0166 0.2605 0.2817 
         384  1 0.0117 0.1587 0.2890 0.0138 0.2770 0.2498 
         385  1 0.0033 0.0769 0.2651 0.0046 0.1562 0.4940 
         386  1 0.0351 0.2419 0.2229 0.0092 0.2666 0.2243 
         387  1 0.0055 0.4347 0.1390 0.0084 0.2495 0.1630 
         388  1 0.0182 0.1302 0.2917 0.0125 0.3648 0.1826 
         389  1 0.0231 0.1405 0.3062 0.0076 0.2116 0.3110 
         390  1 0.0315 0.5699 0.0650 0.0041 0.0864 0.2430 
         391  1 0.0086 0.0861 0.2599 0.0069 0.2345 0.4039 
         392  1 0.0043 0.0358 0.2582 0.0150 0.5628 0.1238 
         393  1 0.0297 0.2190 0.2474 0.0073 0.1253 0.3713 
         394  1 0.0063 0.0300 0.3557 0.0067 0.4021 0.1991 
         395  1 0.0070 0.0191 0.2565 0.0059 0.6098 0.1017 
         396  1 0.0104 0.0962 0.4125 0.0063 0.2249 0.2497 
         397  1 0.0092 0.0502 0.2995 0.0082 0.4214 0.2115 
         398  1 0.4500 0.1429 0.1292 0.0236 0.1514 0.1028 
         399  1 0.0162 0.1027 0.3313 0.0123 0.1796 0.3579 
         400  1 0.0210 0.0517 0.3228 0.0343 0.2468 0.3233 
         401  1 0.0150 0.0460 0.2578 0.0086 0.5670 0.1056 
         402  1 0.0069 0.0211 0.3834 0.0177 0.3937 0.1772 
         403  1 0.0135 0.2219 0.3425 0.0069 0.1364 0.2788 
         404  1 0.0066 0.1026 0.2741 0.0229 0.3932 0.2006 
         405  1 0.0523 0.3111 0.2235 0.0111 0.2259 0.1761 
         406  1 0.0076 0.1540 0.3437 0.0503 0.2067 0.2377 
         407  1 0.0088 0.0704 0.3001 0.0137 0.1611 0.4459 
         408  1 0.0111 0.0461 0.3263 0.0089 0.4419 0.1657 
         409  1 0.0114 0.1453 0.2210 0.0221 0.2100 0.3902 
         410  1 0.0145 0.0288 0.4667 0.0096 0.2097 0.2706 
         411  1 0.0073 0.2359 0.3012 0.0328 0.2190 0.2038 
         412  1 0.0094 0.0951 0.3029 0.0151 0.1989 0.3787 
         413  1 0.0111 0.0424 0.3011 0.0060 0.4048 0.2346 
         414  1 0.0076 0.1313 0.2459 0.0197 0.4169 0.1786 
         415  1 0.0425 0.0594 0.3035 0.0070 0.1943 0.3933 
         416  1 0.0084 0.0275 0.3288 0.0105 0.3967 0.2282 
         417  1 0.0316 0.1192 0.3493 0.0136 0.2294 0.2569 
         418  1 0.0252 0.1954 0.3668 0.0056 0.1453 0.2618 
         419  1 0.0477 0.2111 0.2701 0.0128 0.2575 0.2008 
         420  1 0.2078 0.0287 0.2796 0.0079 0.3138 0.1621 
         421  1 0.0509 0.0633 0.2624 0.0105 0.1817 0.4311 
         422  1 0.0753 0.4529 0.1256 0.1116 0.1148 0.1198 
         423  1 0.0045 0.1344 0.2860 0.0179 0.3444 0.2128 
         424  1 0.0113 0.0719 0.3114 0.0166 0.3674 0.2214 
         425  1 0.0060 0.1559 0.2260 0.0078 0.3831 0.2212 
         426  1 0.0082 0.4825 0.1538 0.0382 0.1870 0.1303 
         427  1 0.0096 0.0237 0.2685 0.0054 0.3559 0.3370 
         428  1 0.0105 0.1309 0.2098 0.0062 0.2981 0.3445 
         429  1 0.0041 0.0201 0.2109 0.0162 0.1522 0.5965 
         430  1 0.0157 0.2128 0.1392 0.3605 0.1267 0.1450 
         431  1 0.0079 0.0181 0.2640 0.0071 0.3926 0.3103 
         432  1 0.0071 0.3548 0.1921 0.0091 0.2955 0.1414 
         433  1 0.0068 0.3515 0.2499 0.0253 0.1293 0.2373 
         434  1 0.0140 0.0546 0.4143 0.0085 0.2154 0.2933 
         435  1 0.0164 0.0178 0.4489 0.0109 0.2395 0.2666 
         436  1 0.0707 0.0196 0.4151 0.0099 0.1852 0.2994 
         437  1 0.0742 0.0760 0.2325 0.2253 0.1689 0.2231 
         438  1 0.0055 0.0494 0.4069 0.0404 0.1452 0.3526 
         439  1 0.0098 0.7320 0.0654 0.0137 0.0662 0.1130 
         440  1 0.0301 0.5138 0.1811 0.0049 0.1175 0.1527 
         441  1 0.0199 0.0232 0.2694 0.0568 0.1288 0.5019 
         442  1 0.0334 0.0343 0.2472 0.2286 0.1908 0.2656 
         443  1 0.0094 0.5959 0.1267 0.0196 0.0629 0.1856 
         444  1 0.0228 0.3101 0.1564 0.0150 0.1224 0.3733 
         445  1 0.0071 0.4230 0.2229 0.0095 0.1503 0.1872 
         446  1 0.0163 0.4981 0.1199 0.0134 0.2032 0.1491 
         447  1 0.0260 0.2634 0.2732 0.0094 0.2512 0.1768 
         448  1 0.1072 0.5136 0.0698 0.0596 0.1589 0.0908 
         449  1 0.0249 0.0610 0.2245 0.0089 0.6010 0.0797 
         450  1 0.0210 0.8279 0.0288 0.0523 0.0443 0.0257 
         451  1 0.0597 0.4752 0.1482 0.0051 0.1726 0.1392 
         452  1 0.0089 0.0497 0.3603 0.0166 0.1508 0.4137 
         453  1 0.0423 0.0476 0.3527 0.0115 0.3164 0.2296 
         454  1 0.0164 0.0479 0.2212 0.0529 0.2034 0.4582 
         455  1 0.0049 0.0389 0.3591 0.0107 0.3093 0.2771 
         456  1 0.0081 0.1147 0.3426 0.0141 0.2475 0.2730 
         457  1 0.0101 0.0159 0.3982 0.0055 0.1513 0.4189 
         458  1 0.0116 0.6785 0.0662 0.0144 0.0813 0.1479 
         459  1 0.0164 0.3004 0.2596 0.0425 0.1593 0.2219 
         460  1 0.0191 0.0240 0.2821 0.0624 0.4547 0.1578 
         461  1 0.0543 0.0990 0.2544 0.0408 0.3474 0.2041 
         462  1 0.0098 0.0329 0.2648 0.0086 0.5582 0.1258 
         463  1 0.0232 0.5198 0.1439 0.0357 0.1266 0.1508 
         464  1 0.0398 0.0461 0.3096 0.0121 0.4292 0.1632 
         465  1 0.0158 0.4572 0.1825 0.0577 0.1173 0.1696 
         466  1 0.0451 0.5920 0.0717 0.1133 0.1047 0.0733 
         467  1 0.0151 0.0597 0.2722 0.0161 0.4217 0.2151 
         468  1 0.0091 0.3697 0.2834 0.0083 0.2037 0.1258 
         469  1 0.0085 0.1342 0.3426 0.0083 0.2553 0.2511 
         470  1 0.0102 0.0666 0.2726 0.0576 0.4221 0.1709 
         471  1 0.0057 0.0130 0.3988 0.0061 0.3903 0.1860 
         472  1 0.0174 0.0141 0.2871 0.0355 0.4663 0.1796 
         473  1 0.0108 0.0609 0.3345 0.0164 0.2073 0.3701 
         474  1 0.0049 0.0585 0.2757 0.0067 0.3736 0.2806 
         475  1 0.0073 0.0345 0.2796 0.0050 0.4940 0.1796 
         476  1 0.0115 0.0625 0.3196 0.0060 0.2002 0.4003 
         477  1 0.0090 0.2468 0.2911 0.0553 0.1910 0.2067 
         478  1 0.0101 0.3518 0.1796 0.0865 0.1923 0.1797 
         479  1 0.1176 0.0436 0.2457 0.0069 0.4543 0.1318 
         480  1 0.0215 0.0509 0.3358 0.0087 0.3648 0.2183 
         481  1 0.0162 0.0515 0.2766 0.0112 0.1501 0.4943 
         482  1 0.0096 0.4909 0.1786 0.0061 0.1765 0.1382 
         483  1 0.0094 0.0273 0.2977 0.0176 0.1892 0.4588 
         484  1 0.1002 0.2561 0.2247 0.0063 0.2638 0.1489 
         485  1 0.0566 0.3692 0.0527 0.4342 0.0337 0.0536 
         486  1 0.0453 0.3948 0.1677 0.0085 0.1063 0.2775 
         487  1 0.0075 0.1867 0.3094 0.0094 0.3055 0.1815 
         488  1 0.0599 0.1877 0.2924 0.0229 0.2635 0.1735 
         489  1 0.0421 0.1306 0.2781 0.0091 0.2913 0.2487 
         490  1 0.0164 0.8240 0.0570 0.0113 0.0396 0.0517 
         491  1 0.0093 0.1585 0.2230 0.0072 0.4618 0.1402 
         492  1 0.0091 0.0831 0.3272 0.0159 0.2854 0.2793 
         493  1 0.0101 0.2304 0.2641 0.0039 0.2441 0.2474 
         494  1 0.0070 0.0528 0.4549 0.0084 0.2179 0.2590 
         495  1 0.0153 0.0804 0.3516 0.0235 0.2039 0.3253 
         496  1 0.0136 0.0442 0.3214 0.0892 0.1879 0.3436 
         497  1 0.0099 0.4564 0.1608 0.0085 0.2599 0.1045 
         498  1 0.0137 0.1000 0.3449 0.0127 0.2303 0.2985 
         499  1 0.0106 0.0267 0.2678 0.0057 0.4518 0.2375 
         500  1 0.0067 0.0237 0.3462 0.0098 0.4085 0.2052 
         501  1 0.0077 0.1855 0.2710 0.0123 0.2119 0.3116 
         502  1 0.0931 0.0231 0.2655 0.0469 0.3914 0.1800 
         503  1 0.0040 0.0436 0.3511 0.0071 0.4575 0.1366 
         504  1 0.0182 0.3519 0.2010 0.0082 0.2644 0.1562 
         505  1 0.0059 0.4066 0.2022 0.0868 0.0884 0.2101 
         506  1 0.0513 0.0993 0.3100 0.0230 0.2837 0.2326 
         507  1 0.0312 0.3238 0.2409 0.0959 0.1061 0.2020 
         508  1 0.0069 0.0549 0.3139 0.0102 0.4060 0.2081 
         509  1 0.0073 0.0196 0.2256 0.0045 0.1374 0.6056 
         510  1 0.0524 0.1092 0.2749 0.0064 0.3605 0.1967 
         511  1 0.0341 0.1981 0.2207 0.0105 0.2775 0.2591 
         512  1 0.0082 0.3143 0.2778 0.0109 0.2198 0.1690 
         513  1 0.0083 0.0738 0.2065 0.0134 0.3301 0.3679 
         514  1 0.0096 0.1765 0.2540 0.0209 0.2946 0.2443 
         515  1 0.0106 0.0668 0.2781 0.0057 0.3977 0.2411 
         516  1 0.0060 0.1308 0.2098 0.0263 0.5034 0.1238 
         517  1 0.0038 0.1611 0.2138 0.0310 0.4708 0.1195 
         518  1 0.0134 0.1862 0.2278 0.1631 0.1839 0.2256 
         519  1 0.1779 0.2313 0.1796 0.0454 0.2063 0.1594 
         520  1 0.0139 0.0756 0.3073 0.0135 0.2658 0.3239 
         521  1 0.0349 0.2535 0.2018 0.0067 0.3734 0.1298 
         522  1 0.5575 0.1018 0.1205 0.0108 0.0963 0.1132 
         523  1 0.0102 0.1148 0.2498 0.0217 0.2770 0.3265 
         524  1 0.0057 0.1721 0.3318 0.0046 0.2237 0.2621 
         525  1 0.0051 0.0373 0.3397 0.0113 0.4092 0.1975 
         526  1 0.0119 0.6912 0.0798 0.0156 0.1192 0.0824 
         527  1 0.0219 0.0178 0.2567 0.0073 0.4187 0.2776 
         528  1 0.0042 0.0256 0.2860 0.0089 0.5489 0.1264 
         529  1 0.3015 0.0183 0.1824 0.0143 0.3911 0.0923 
         530  1 0.0240 0.5107 0.2091 0.0443 0.0884 0.1235 
         531  1 0.0368 0.1598 0.2335 0.0075 0.3291 0.2333 
         532  1 0.1345 0.1990 0.2119 0.0167 0.1913 0.2467 
         533  1 0.0156 0.1114 0.2678 0.0118 0.3487 0.2447 
         534  1 0.0104 0.3718 0.1591 0.0537 0.2783 0.1268 
         535  1 0.0096 0.2533 0.2356 0.0170 0.2416 0.2429 
         536  1 0.0257 0.0420 0.4443 0.0122 0.2097 0.2661 
         537  1 0.0317 0.3102 0.2283 0.0394 0.1978 0.1926 
         538  1 0.0058 0.1433 0.2913 0.0043 0.1651 0.3903 
         539  1 0.0053 0.3491 0.2155 0.0146 0.2678 0.1476 
         540  1 0.0149 0.1055 0.4176 0.0093 0.2502 0.2024 
         541  1 0.0896 0.0323 0.2038 0.0110 0.4736 0.1896 
         542  1 0.0591 0.4668 0.1395 0.0093 0.1694 0.1559 
         543  1 0.0108 0.0339 0.3853 0.0041 0.1990 0.3669 
         544  1 0.0511 0.6190 0.0830 0.0423 0.0948 0.1098 
         545  1 0.0229 0.6606 0.1053 0.0329 0.0885 0.0898 
         546  1 0.0113 0.0991 0.3442 0.0197 0.2581 0.2676 
         547  1 0.0171 0.0486 0.3213 0.0078 0.4093 0.1959 
         548  1 0.0167 0.2664 0.3047 0.0060 0.1994 0.2068 
         549  1 0.0164 0.5943 0.0985 0.0191 0.2099 0.0619 
         550  1 0.0050 0.0814 0.2530 0.0057 0.3130 0.3419 
         551  1 0.0593 0.0876 0.3121 0.0061 0.1677 0.3672 
         552  1 0.0073 0.0557 0.2629 0.0038 0.5909 0.0793 
         553  1 0.0084 0.0425 0.2213 0.0229 0.6238 0.0811 
         554  1 0.0130 0.0597 0.2750 0.0399 0.2358 0.3767 
         555  1 0.0088 0.1399 0.2705 0.0269 0.3644 0.1895 
         556  1 0.0159 0.4979 0.1440 0.0213 0.2131 0.1077 
         557  1 0.0114 0.0669 0.2792 0.0099 0.5088 0.1238 
         558  1 0.0099 0.0820 0.2889 0.0072 0.4841 0.1279 
         559  1 0.0052 0.0593 0.3388 0.0303 0.1361 0.4303 
         560  1 0.0067 0.4285 0.2132 0.0174 0.1730 0.1613 
         561  1 0.0107 0.6306 0.1204 0.0117 0.0823 0.1443 
         562  1 0.0071 0.0441 0.4383 0.0099 0.2800 0.2205 
         563  1 0.0083 0.2165 0.1977 0.0081 0.2842 0.2853 
         564  1 0.0062 0.0423 0.2919 0.2474 0.1687 0.2435 
         565  1 0.0236 0.0898 0.3046 0.0089 0.3615 0.2115 
         566  1 0.0283 0.0290 0.3080 0.0222 0.2798 0.3328 
         567  1 0.0900 0.0368 0.3008 0.0092 0.2523 0.3110 
         568  1 0.0189 0.0201 0.2565 0.0367 0.3205 0.3474 
         569  1 0.0080 0.0682 0.2245 0.0048 0.5123 0.1823 
         570  1 0.0127 0.0344 0.3978 0.0066 0.3003 0.2482 
         571  1 0.0654 0.0305 0.3412 0.0075 0.1793 0.3760 
         572  1 0.0108 0.0326 0.2667 0.0093 0.5331 0.1474 
         573  1 0.0118 0.3641 0.1480 0.1872 0.1216 0.1673 
         574  1 0.0194 0.0964 0.2111 0.0305 0.2029 0.4397 
         575  1 0.0061 0.2293 0.2412 0.0160 0.3433 0.1641 
         576  1 0.0069 0.0776 0.2420 0.0436 0.5480 0.0819 
         577  1 0.0158 0.2927 0.1624 0.0580 0.2524 0.2187 
         578  1 0.0271 0.0436 0.2330 0.2371 0.3323 0.1269 
         579  1 0.0065 0.1695 0.3494 0.0248 0.1932 0.2567 
         580  1 0.0423 0.0144 0.2974 0.0078 0.4453 0.1928 
         581  1 0.0039 0.0242 0.2998 0.0065 0.5469 0.1186 
         582  1 0.0427 0.2569 0.1980 0.1086 0.1529 0.2410 
         583  1 0.0747 0.2656 0.1592 0.1136 0.2237 0.1631 
         584  1 0.0117 0.3038 0.2253 0.0177 0.2493 0.1923 
         585  1 0.1219 0.5363 0.0865 0.0180 0.1394 0.0979 
         586  1 0.0162 0.2251 0.1948 0.0116 0.2021 0.3502 
         587  1 0.0058 0.3806 0.1769 0.0105 0.2598 0.1663 
         588  1 0.0188 0.0393 0.2309 0.0258 0.2818 0.4035 
         589  1 0.0207 0.0185 0.2593 0.0438 0.1711 0.4865 
         590  1 0.0163 0.4379 0.2354 0.0175 0.0819 0.2110 
         591  1 0.0654 0.0148 0.3526 0.0066 0.2591 0.3015 
         592  1 0.0083 0.0962 0.2519 0.0173 0.1212 0.5051 
         593  1 0.0066 0.0192 0.2822 0.0161 0.5546 0.1213 
         594  1 0.0068 0.2104 0.1614 0.0253 0.2579 0.3382 
         595  1 0.6952 0.0730 0.0738 0.0134 0.0896 0.0551 
         596  1 0.0239 0.0748 0.3067 0.0137 0.1983 0.3825 
         597  1 0.0353 0.2594 0.2284 0.0211 0.2906 0.1652 
         598  1 0.0052 0.7910 0.0552 0.0061 0.0964 0.0462 
         599  1 0.0226 0.1995 0.2842 0.0447 0.1472 0.3018 
         600  1 0.0620 0.2943 0.2430 0.0391 0.1748 0.1869 
         601  1 0.0055 0.5259 0.0923 0.1115 0.1157 0.1491 
         602  1 0.0135 0.1965 0.2427 0.0571 0.1368 0.3535 
         603  1 0.0484 0.0786 0.3057 0.0117 0.3763 0.1793 
         604  1 0.0245 0.0129 0.2913 0.0124 0.3333 0.3256 
         605  1 0.0182 0.1583 0.1980 0.0089 0.3027 0.3140 
         606  1 0.0348 0.1300 0.3661 0.0187 0.1936 0.2568 
         607  1 0.0078 0.0332 0.3647 0.0245 0.2707 0.2991 
         608  1 0.0114 0.2032 0.1830 0.0094 0.1596 0.4335 
         609  1 0.0079 0.1514 0.3071 0.0092 0.2147 0.3098 
         610  1 0.0194 0.1250 0.3316 0.0357 0.1898 0.2986 
         611  1 0.0092 0.0141 0.2234 0.0058 0.4772 0.2703 
         612  1 0.0066 0.2187 0.2611 0.0335 0.2166 0.2635 
         613  1 0.0201 0.1527 0.1498 0.0246 0.0862 0.5667 
         614  1 0.0087 0.1125 0.2737 0.0065 0.4366 0.1620 
         615  1 0.0118 0.1580 0.2676 0.0228 0.3750 0.1648 
         616  1 0.0093 0.1339 0.3058 0.0131 0.2915 0.2463 
         617  1 0.0138 0.0378 0.3903 0.0100 0.1659 0.3823 
         618  1 0.0170 0.1735 0.2065 0.0136 0.4044 0.1849 
         619  1 0.1654 0.0752 0.2273 0.0323 0.3306 0.1693 
         620  1 0.0160 0.6612 0.0780 0.0077 0.1422 0.0948 
         621  1 0.0048 0.5016 0.0984 0.0740 0.2289 0.0922 
         622  1 0.0083 0.7646 0.0792 0.0128 0.0698 0.0654 
         623  1 0.0040 0.0252 0.1977 0.0026 0.2509 0.5196 
         624  1 0.0155 0.3763 0.2103 0.0218 0.1760 0.2001 
         625  1 0.0116 0.0684 0.3517 0.0075 0.3135 0.2473 
         626  1 0.4848 0.0309 0.1974 0.0048 0.1354 0.1467 
         627  1 0.0045 0.0752 0.2987 0.0391 0.4662 0.1164 
         628  1 0.0126 0.0697 0.2440 0.0075 0.5372 0.1290 
         629  1 0.1188 0.0328 0.2676 0.0219 0.4325 0.1265 
         630  1 0.0089 0.1292 0.3231 0.0059 0.2529 0.2798 
         631  1 0.0094 0.1231 0.2127 0.0087 0.4143 0.2319 
         632  1 0.0160 0.6700 0.1359 0.0116 0.0720 0.0944 
         633  1 0.0147 0.0364 0.3279 0.1001 0.2355 0.2853 
         634  1 0.0070 0.4849 0.1421 0.0178 0.2153 0.1329 
         635  1 0.0128 0.0767 0.3771 0.0106 0.3199 0.2029 
         636  1 0.2249 0.3139 0.1161 0.0191 0.1880 0.1380 
         637  1 0.0241 0.1055 0.2503 0.0091 0.3044 0.3066 
         638  1 0.0217 0.3328 0.2206 0.0396 0.2145 0.1708 
         639  1 0.0148 0.0162 0.2862 0.0101 0.5261 0.1465 
         640  1 0.0177 0.3658 0.1846 0.0108 0.2723 0.1488 
         641  1 0.0077 0.0339 0.3240 0.0110 0.1665 0.4569 
         642  1 0.0104 0.2598 0.2342 0.0093 0.3085 0.1778 
         643  1 0.0130 0.1328 0.2417 0.0277 0.2491 0.3357 
         644  1 0.0153 0.2833 0.1647 0.0676 0.2178 0.2514 
         645  1 0.0062 0.2980 0.2442 0.0515 0.2130 0.1871 
         646  1 0.0169 0.6272 0.0988 0.0163 0.1634 0.0773 
         647  1 0.0133 0.0172 0.3245 0.0068 0.4830 0.1553 
         648  1 0.0143 0.6651 0.0733 0.0942 0.0628 0.0903 
         649  1 0.0075 0.0332 0.3370 0.0377 0.3763 0.2084 
         650  1 0.0207 0.1413 0.2598 0.0061 0.3307 0.2415 
         651  1 0.0142 0.7757 0.0518 0.0089 0.0632 0.0861 
         652  1 0.0061 0.3845 0.2623 0.0358 0.1136 0.1977 
         653  1 0.0146 0.1382 0.3628 0.0105 0.2080 0.2659 
         654  1 0.0119 0.1603 0.3012 0.0066 0.3021 0.2178 
         655  1 0.0136 0.4917 0.1210 0.0377 0.1992 0.1368 
         656  1 0.0088 0.5359 0.1490 0.0162 0.1812 0.1089 
         657  1 0.0074 0.4613 0.1192 0.0189 0.1067 0.2866 
         658  1 0.0338 0.1227 0.2379 0.0302 0.1353 0.4401 
         659  1 0.0148 0.0773 0.3567 0.0117 0.2621 0.2773 
         660  1 0.0128 0.6344 0.0901 0.0163 0.1229 0.1235 
         661  1 0.0492 0.0490 0.2878 0.0112 0.4087 0.1941 
         662  1 0.4605 0.0378 0.1073 0.0531 0.1355 0.2059 
         663  1 0.0101 0.8024 0.0633 0.0059 0.0530 0.0652 
         664  1 0.0057 0.0931 0.2945 0.0147 0.3510 0.2410 
         665  1 0.0252 0.3162 0.2329 0.0760 0.1586 0.1911 
         666  1 0.0279 0.4431 0.1532 0.0042 0.2355 0.1361 
         667  1 0.0106 0.0441 0.2448 0.0111 0.5403 0.1491 
         668  1 0.0362 0.2526 0.1973 0.1203 0.1814 0.2121 
         669  1 0.0042 0.4763 0.1653 0.0085 0.1719 0.1737 
         670  1 0.0335 0.0565 0.3736 0.0086 0.1560 0.3717 
         671  1 0.0042 0.6452 0.1129 0.0520 0.0641 0.1216 
         672  1 0.0058 0.4375 0.2029 0.0122 0.1254 0.2163 
         673  1 0.0055 0.1173 0.2605 0.0043 0.2618 0.3506 
         674  1 0.0932 0.5581 0.0886 0.0279 0.1207 0.1115 
         675  1 0.0104 0.6750 0.1040 0.0188 0.0825 0.1093 
         676  1 0.0113 0.3960 0.2361 0.0347 0.1464 0.1754 
         677  1 0.0064 0.1977 0.1707 0.0064 0.5125 0.1063 
