           1  1 0.1389 0.0941 0.0213 0.2149 0.0069 0.1157 0.0654 0.1239 0.1174 0.1015 
           2  1 0.1276 0.1737 0.0075 0.0759 0.0050 0.1599 0.0033 0.1499 0.1518 0.1454 
           3  1 0.1132 0.1390 0.0458 0.1482 0.0079 0.1238 0.0235 0.1237 0.1251 0.1497 
           4  1 0.1753 0.1180 0.0093 0.1430 0.0056 0.1513 0.0079 0.1563 0.1259 0.1074 
           5  1 0.0961 0.2144 0.0057 0.0568 0.0392 0.1965 0.0310 0.1105 0.1451 0.1048 
           6  1 0.1569 0.1480 0.0078 0.0679 0.0220 0.1571 0.0589 0.1357 0.1464 0.0995 
           7  1 0.1009 0.1957 0.0049 0.0663 0.0065 0.1950 0.0036 0.1339 0.1541 0.1391 
           8  1 0.0997 0.2044 0.0742 0.0526 0.0041 0.1782 0.0097 0.1146 0.1539 0.1084 
           9  1 0.1602 0.1186 0.0069 0.1250 0.0080 0.1227 0.0443 0.1319 0.1325 0.1499 
          10  1 0.1396 0.1102 0.0511 0.1194 0.0593 0.1210 0.0099 0.1308 0.1297 0.1290 
          11  1 0.1304 0.1381 0.0061 0.0945 0.0086 0.1694 0.0338 0.1294 0.1609 0.1287 
          12  1 0.1135 0.1437 0.0083 0.1861 0.0035 0.1249 0.0031 0.1372 0.1479 0.1317 
          13  1 0.1217 0.1399 0.0140 0.1091 0.0062 0.1563 0.0048 0.1483 0.1488 0.1511 
          14  1 0.1701 0.1226 0.0055 0.1435 0.0079 0.1172 0.0192 0.1455 0.1372 0.1313 
          15  1 0.1203 0.0859 0.0332 0.1817 0.0096 0.0981 0.1248 0.1132 0.1199 0.1133 
          16  1 0.1572 0.1594 0.0051 0.1052 0.0070 0.1481 0.0220 0.1331 0.1330 0.1299 
          17  1 0.1610 0.1511 0.0144 0.0683 0.0161 0.1650 0.0240 0.1509 0.1426 0.1066 
          18  1 0.1503 0.1243 0.0139 0.1115 0.0093 0.1404 0.0173 0.1375 0.1499 0.1455 
          19  1 0.1382 0.1212 0.0682 0.1230 0.0091 0.1144 0.0567 0.1349 0.1299 0.1044 
          20  1 0.0849 0.1416 0.0250 0.0428 0.2405 0.1425 0.0052 0.1069 0.1126 0.0980 
          21  1 0.1101 0.1231 0.0141 0.1638 0.0344 0.1174 0.0219 0.1265 0.1158 0.1730 
          22  1 0.1693 0.0796 0.0047 0.1492 0.0055 0.1048 0.0515 0.1665 0.1327 0.1362 
          23  1 0.0955 0.2416 0.0180 0.0440 0.0127 0.1949 0.0257 0.1202 0.1399 0.1074 
          24  1 0.1343 0.1442 0.0229 0.0955 0.0565 0.1397 0.0170 0.1408 0.1413 0.1078 
          25  1 0.1446 0.1454 0.0308 0.1238 0.0236 0.1291 0.0173 0.1379 0.1258 0.1217 
          26  1 0.1867 0.1266 0.0077 0.1322 0.0043 0.0963 0.0126 0.1514 0.1176 0.1646 
          27  1 0.1313 0.1346 0.0076 0.1187 0.0071 0.1456 0.0163 0.1593 0.1326 0.1469 
          28  1 0.1321 0.1028 0.0300 0.1227 0.1187 0.1012 0.0342 0.1161 0.1190 0.1231 
          29  1 0.1306 0.1284 0.0108 0.1303 0.0328 0.1359 0.0045 0.1348 0.1595 0.1324 
          30  1 0.1286 0.0930 0.0038 0.2065 0.0034 0.1109 0.0065 0.1317 0.1320 0.1836 
          31  1 0.1170 0.1043 0.0056 0.1304 0.0067 0.1015 0.0346 0.1414 0.1453 0.2133 
          32  1 0.1222 0.2083 0.0049 0.0602 0.0046 0.1902 0.0089 0.1332 0.1456 0.1220 
          33  1 0.1114 0.2393 0.0058 0.0250 0.0047 0.2395 0.0565 0.1137 0.1226 0.0815 
          34  1 0.1392 0.1424 0.0343 0.1286 0.0154 0.1326 0.0109 0.1158 0.1387 0.1421 
          35  1 0.1026 0.1893 0.0076 0.0973 0.0083 0.1526 0.0215 0.1415 0.1566 0.1227 
          36  1 0.1487 0.1663 0.0053 0.0531 0.0055 0.1776 0.0072 0.1182 0.1723 0.1457 
          37  1 0.1045 0.1470 0.0107 0.1071 0.0647 0.1396 0.0250 0.1180 0.1364 0.1471 
          38  1 0.0861 0.1798 0.0115 0.0920 0.0065 0.1748 0.0890 0.1170 0.1197 0.1237 
          39  1 0.0195 0.0189 0.0118 0.0181 0.0092 0.0187 0.8435 0.0192 0.0195 0.0216 
          40  1 0.1037 0.1572 0.0044 0.1414 0.0141 0.1236 0.0377 0.1368 0.1356 0.1455 
          41  1 0.1464 0.1245 0.0221 0.1010 0.0107 0.1473 0.0125 0.1281 0.1549 0.1523 
          42  1 0.1061 0.2009 0.0109 0.1393 0.0109 0.1295 0.0320 0.1268 0.1391 0.1045 
          43  1 0.1279 0.1546 0.0546 0.0711 0.0086 0.1532 0.0198 0.1338 0.1508 0.1256 
          44  1 0.1483 0.1494 0.0060 0.1060 0.0411 0.1530 0.0085 0.1254 0.1342 0.1279 
          45  1 0.1515 0.1299 0.0196 0.1100 0.0042 0.1473 0.0033 0.1590 0.1328 0.1423 
          46  1 0.1888 0.1241 0.0086 0.1066 0.0098 0.1268 0.0083 0.1432 0.1415 0.1424 
          47  1 0.1359 0.1384 0.0088 0.1288 0.0277 0.1457 0.0234 0.1078 0.1332 0.1503 
          48  1 0.1415 0.1606 0.0091 0.0778 0.0292 0.1661 0.0107 0.1160 0.1542 0.1348 
          49  1 0.1116 0.0994 0.0630 0.1678 0.0141 0.1004 0.0228 0.1228 0.1037 0.1943 
          50  1 0.1311 0.1438 0.0131 0.1297 0.0065 0.1581 0.0062 0.1518 0.1356 0.1241 
          51  1 0.1277 0.1674 0.0158 0.1066 0.0044 0.1413 0.0049 0.1462 0.1526 0.1332 
          52  1 0.1131 0.1971 0.0032 0.0632 0.0048 0.1908 0.0158 0.1164 0.1655 0.1302 
          53  1 0.1076 0.1921 0.0351 0.0583 0.0059 0.1705 0.0043 0.1145 0.1727 0.1389 
          54  1 0.1259 0.1362 0.0072 0.1022 0.0799 0.1293 0.0263 0.1094 0.1335 0.1501 
          55  1 0.1000 0.1150 0.1883 0.0868 0.0111 0.1186 0.0052 0.1124 0.1389 0.1237 
          56  1 0.1686 0.1147 0.0062 0.1408 0.0158 0.1271 0.0363 0.1297 0.1414 0.1195 
          57  1 0.1284 0.1249 0.0129 0.1418 0.0057 0.1238 0.0078 0.1333 0.1342 0.1873 
          58  1 0.1534 0.1042 0.0070 0.1253 0.0243 0.1205 0.0068 0.1632 0.1311 0.1642 
          59  1 0.1266 0.2126 0.0047 0.0937 0.0053 0.1859 0.0078 0.1275 0.1257 0.1100 
          60  1 0.1655 0.1163 0.0161 0.1113 0.0122 0.1255 0.0108 0.1357 0.1538 0.1527 
          61  1 0.0973 0.1187 0.0113 0.1252 0.1701 0.1115 0.0379 0.1138 0.1094 0.1048 
          62  1 0.1411 0.1843 0.0154 0.0813 0.0063 0.1670 0.0047 0.1326 0.1396 0.1277 
          63  1 0.1037 0.1588 0.0318 0.1052 0.0123 0.1384 0.0264 0.1338 0.1548 0.1346 
          64  1 0.1830 0.1011 0.0099 0.1375 0.0055 0.1310 0.0071 0.1445 0.1604 0.1200 
          65  1 0.1481 0.1581 0.0070 0.1354 0.0079 0.1520 0.0131 0.1149 0.1355 0.1281 
          66  1 0.1101 0.1988 0.0115 0.0654 0.0094 0.1767 0.0066 0.1381 0.1613 0.1222 
          67  1 0.0999 0.1990 0.0173 0.0657 0.0479 0.1841 0.0164 0.1331 0.1231 0.1134 
          68  1 0.0983 0.1144 0.0197 0.0884 0.0201 0.1050 0.2483 0.0978 0.1026 0.1054 
          69  1 0.1066 0.1446 0.0085 0.0511 0.1064 0.1471 0.1067 0.0973 0.1242 0.1077 
          70  1 0.1099 0.0772 0.0068 0.1888 0.0154 0.0901 0.0162 0.1589 0.1105 0.2261 
          71  1 0.1221 0.1827 0.0067 0.0786 0.0222 0.1771 0.0158 0.1273 0.1370 0.1306 
          72  1 0.1445 0.1643 0.0118 0.0805 0.0122 0.1697 0.0047 0.1150 0.1522 0.1451 
          73  1 0.1334 0.1531 0.0376 0.1559 0.0081 0.1514 0.0193 0.1089 0.1224 0.1098 
          74  1 0.1772 0.1358 0.0079 0.1367 0.0074 0.1330 0.0163 0.1379 0.1354 0.1124 
          75  1 0.1229 0.1823 0.0280 0.0968 0.0064 0.1438 0.0077 0.1360 0.1630 0.1132 
          76  1 0.1088 0.2006 0.0072 0.0590 0.0072 0.1712 0.0269 0.1128 0.1490 0.1574 
          77  1 0.0058 0.0061 0.9436 0.0060 0.0073 0.0055 0.0079 0.0058 0.0059 0.0060 
          78  1 0.0168 0.0150 0.8619 0.0158 0.0099 0.0178 0.0141 0.0165 0.0168 0.0154 
          79  1 0.0069 0.0070 0.9365 0.0068 0.0104 0.0068 0.0041 0.0070 0.0072 0.0071 
          80  1 0.0050 0.0047 0.9601 0.0051 0.0032 0.0051 0.0028 0.0048 0.0047 0.0046 
          81  1 0.0074 0.0073 0.9413 0.0074 0.0036 0.0074 0.0039 0.0071 0.0073 0.0073 
          82  1 0.0078 0.0088 0.9284 0.0077 0.0062 0.0089 0.0081 0.0076 0.0085 0.0081 
          83  1 0.0187 0.0165 0.8355 0.0222 0.0227 0.0164 0.0131 0.0180 0.0175 0.0193 
          84  1 0.0105 0.0094 0.9195 0.0099 0.0053 0.0094 0.0096 0.0088 0.0091 0.0084 
          85  1 0.0120 0.0115 0.9006 0.0132 0.0084 0.0115 0.0079 0.0119 0.0110 0.0121 
          86  1 0.0324 0.0320 0.7466 0.0434 0.0080 0.0309 0.0145 0.0291 0.0316 0.0317 
          87  1 0.0060 0.0057 0.9501 0.0057 0.0037 0.0061 0.0051 0.0059 0.0061 0.0056 
          88  1 0.0058 0.0058 0.9352 0.0058 0.0090 0.0060 0.0150 0.0057 0.0059 0.0059 
          89  1 0.0072 0.0067 0.9348 0.0075 0.0066 0.0069 0.0077 0.0073 0.0076 0.0077 
          90  1 0.0698 0.0748 0.4629 0.0600 0.0137 0.0902 0.0160 0.0747 0.0748 0.0631 
          91  1 0.0066 0.0062 0.9339 0.0068 0.0072 0.0063 0.0135 0.0065 0.0064 0.0065 
          92  1 0.0073 0.0072 0.9340 0.0072 0.0093 0.0072 0.0061 0.0071 0.0073 0.0071 
          93  1 0.0064 0.0067 0.9443 0.0067 0.0051 0.0066 0.0042 0.0066 0.0069 0.0066 
          94  1 0.0044 0.0047 0.9577 0.0047 0.0058 0.0046 0.0038 0.0049 0.0048 0.0046 
          95  1 0.0126 0.0118 0.8864 0.0126 0.0103 0.0118 0.0178 0.0120 0.0111 0.0137 
          96  1 0.0058 0.0063 0.9449 0.0066 0.0057 0.0059 0.0068 0.0058 0.0061 0.0061 
          97  1 0.0378 0.0342 0.6630 0.0412 0.0694 0.0393 0.0077 0.0348 0.0378 0.0349 
          98  1 0.0926 0.1066 0.2429 0.1150 0.0185 0.1062 0.0149 0.0984 0.1012 0.1039 
          99  1 0.0068 0.0072 0.9281 0.0066 0.0037 0.0067 0.0207 0.0070 0.0066 0.0066 
         100  1 0.0305 0.0381 0.7579 0.0287 0.0081 0.0364 0.0092 0.0291 0.0342 0.0279 
         101  1 0.0088 0.0092 0.9175 0.0091 0.0045 0.0090 0.0141 0.0088 0.0097 0.0093 
         102  1 0.0327 0.0315 0.6727 0.0313 0.0685 0.0327 0.0259 0.0335 0.0323 0.0388 
         103  1 0.1315 0.1337 0.0078 0.1192 0.0076 0.1515 0.0508 0.1322 0.1403 0.1254 
         104  1 0.1580 0.1295 0.0052 0.1349 0.0046 0.1325 0.0043 0.1512 0.1666 0.1132 
         105  1 0.1622 0.1443 0.0058 0.1401 0.0166 0.1649 0.0099 0.0962 0.1439 0.1161 
         106  1 0.1463 0.1239 0.0180 0.1071 0.0103 0.1371 0.0058 0.1205 0.1390 0.1921 
         107  1 0.2070 0.0790 0.0151 0.1425 0.0074 0.1299 0.0079 0.1785 0.1192 0.1134 
         108  1 0.1363 0.0919 0.0133 0.1831 0.0161 0.0944 0.0298 0.1534 0.1171 0.1646 
         109  1 0.1286 0.1479 0.0163 0.1504 0.0359 0.1265 0.0201 0.1313 0.1475 0.0956 
         110  1 0.1308 0.1815 0.0047 0.0873 0.0152 0.1626 0.0157 0.1534 0.1305 0.1182 
         111  1 0.1494 0.1503 0.0055 0.0829 0.0060 0.1664 0.0171 0.1528 0.1491 0.1205 
         112  1 0.1404 0.1450 0.0134 0.0921 0.0046 0.1365 0.0384 0.1465 0.1649 0.1183 
         113  1 0.1257 0.1517 0.0293 0.1735 0.0077 0.1078 0.0124 0.1416 0.1608 0.0896 
         114  1 0.1100 0.1671 0.0119 0.0823 0.0078 0.1611 0.0040 0.1547 0.1858 0.1152 
         115  1 0.1339 0.1241 0.0055 0.1063 0.0466 0.1431 0.0458 0.1294 0.1329 0.1323 
         116  1 0.1513 0.1310 0.0083 0.1708 0.0040 0.1306 0.0055 0.1026 0.1258 0.1702 
         117  1 0.1206 0.0813 0.0050 0.1972 0.0063 0.0858 0.0055 0.1594 0.1050 0.2339 
         118  1 0.1127 0.1423 0.0085 0.1209 0.0074 0.1338 0.0180 0.1490 0.1454 0.1619 
         119  1 0.1405 0.1166 0.0093 0.1171 0.0044 0.1141 0.0104 0.1758 0.1429 0.1690 
         120  1 0.1762 0.0876 0.0254 0.1549 0.0045 0.0942 0.0080 0.1301 0.1268 0.1923 
         121  1 0.0996 0.0933 0.0163 0.1710 0.0103 0.0852 0.0607 0.1359 0.1224 0.2052 
         122  1 0.1985 0.1095 0.0108 0.1386 0.0120 0.1156 0.0140 0.1394 0.1193 0.1424 
         123  1 0.1351 0.1127 0.0101 0.2198 0.0107 0.1097 0.0261 0.1173 0.1262 0.1323 
         124  1 0.1214 0.1585 0.0273 0.1062 0.0080 0.1577 0.0458 0.1314 0.1337 0.1100 
         125  1 0.1291 0.1852 0.0045 0.0728 0.0078 0.1635 0.0058 0.1374 0.1620 0.1319 
         126  1 0.1235 0.1164 0.0465 0.1430 0.0143 0.1282 0.0055 0.1423 0.1554 0.1248 
         127  1 0.1488 0.1408 0.0105 0.1272 0.0100 0.1469 0.0137 0.1450 0.1539 0.1032 
         128  1 0.1031 0.0658 0.4239 0.1141 0.0053 0.0602 0.0047 0.0776 0.0716 0.0737 
         129  1 0.1345 0.1287 0.0473 0.1384 0.0124 0.1273 0.0096 0.1533 0.1200 0.1284 
         130  1 0.1327 0.1563 0.0058 0.1135 0.0106 0.1466 0.0899 0.1128 0.1226 0.1093 
         131  1 0.1364 0.1116 0.0446 0.1995 0.0054 0.1172 0.0094 0.1348 0.1170 0.1242 
         132  1 0.1077 0.2247 0.0058 0.0643 0.0032 0.1574 0.0105 0.1211 0.1793 0.1260 
         133  1 0.0990 0.0912 0.0611 0.1777 0.0046 0.0863 0.0050 0.1327 0.1129 0.2294 
         134  1 0.0845 0.2038 0.0240 0.0789 0.0063 0.2069 0.0061 0.1378 0.1406 0.1111 
         135  1 0.0986 0.1183 0.0989 0.1072 0.0524 0.1330 0.0084 0.1159 0.1355 0.1318 
         136  1 0.1185 0.1347 0.0515 0.1156 0.0087 0.1239 0.0136 0.1540 0.1124 0.1670 
         137  1 0.1809 0.1037 0.0066 0.1815 0.0108 0.1062 0.0133 0.1363 0.1320 0.1288 
         138  1 0.1381 0.1733 0.0124 0.1001 0.0070 0.1660 0.0038 0.1488 0.1322 0.1182 
         139  1 0.1169 0.1459 0.0178 0.1110 0.0055 0.1607 0.0610 0.1214 0.1398 0.1200 
         140  1 0.1254 0.1245 0.0271 0.1017 0.0559 0.1260 0.0432 0.1431 0.1222 0.1311 
         141  1 0.1559 0.1688 0.0055 0.0828 0.0061 0.1497 0.0153 0.1287 0.1567 0.1306 
         142  1 0.1764 0.1169 0.0053 0.1114 0.0081 0.0915 0.0117 0.1552 0.1404 0.1832 
         143  1 0.1339 0.0958 0.0202 0.2254 0.0055 0.1120 0.0107 0.1425 0.1573 0.0967 
         144  1 0.1419 0.1307 0.0152 0.1159 0.0054 0.1414 0.0102 0.1604 0.1465 0.1324 
         145  1 0.1323 0.1052 0.0089 0.1578 0.0492 0.1022 0.0872 0.1167 0.1036 0.1369 
         146  1 0.1313 0.1465 0.0149 0.1680 0.0151 0.1209 0.0112 0.1387 0.1319 0.1215 
         147  1 0.1329 0.1136 0.0060 0.1839 0.0195 0.1100 0.1031 0.1080 0.1045 0.1185 
         148  1 0.1143 0.1599 0.0521 0.1077 0.0081 0.1612 0.0044 0.1413 0.1501 0.1011 
         149  1 0.1200 0.1330 0.0060 0.1249 0.0269 0.1231 0.0250 0.1575 0.1301 0.1535 
         150  1 0.1013 0.1068 0.0375 0.1176 0.0804 0.1117 0.0066 0.1416 0.1160 0.1805 
         151  1 0.1202 0.1650 0.0068 0.0863 0.0073 0.1620 0.0140 0.1419 0.1542 0.1423 
         152  1 0.0624 0.0679 0.0268 0.0733 0.2796 0.0693 0.2270 0.0696 0.0654 0.0586 
         153  1 0.1128 0.1647 0.0189 0.0586 0.0363 0.1724 0.0329 0.1251 0.1545 0.1238 
         154  1 0.1343 0.1547 0.0219 0.0966 0.0655 0.1538 0.0644 0.0945 0.1090 0.1053 
         155  1 0.1399 0.1529 0.0074 0.1015 0.0077 0.1623 0.0075 0.1530 0.1622 0.1056 
         156  1 0.1193 0.0943 0.1651 0.2172 0.0257 0.0938 0.0095 0.1011 0.1004 0.0737 
         157  1 0.0793 0.2227 0.0138 0.0670 0.0067 0.2179 0.0197 0.1159 0.1424 0.1145 
         158  1 0.0975 0.1992 0.0118 0.1031 0.0051 0.1744 0.0117 0.1263 0.1459 0.1251 
         159  1 0.0948 0.1153 0.0362 0.0898 0.2498 0.1150 0.0117 0.0882 0.0914 0.1079 
         160  1 0.1396 0.1016 0.0090 0.1602 0.0086 0.1081 0.0654 0.1381 0.1292 0.1402 
         161  1 0.1012 0.1431 0.0255 0.1232 0.0275 0.1405 0.0255 0.1337 0.1174 0.1624 
         162  1 0.1804 0.1180 0.0071 0.1286 0.0111 0.1266 0.0060 0.1523 0.1496 0.1203 
         163  1 0.1467 0.0842 0.0043 0.1863 0.0052 0.1051 0.0110 0.1378 0.1444 0.1751 
         164  1 0.1417 0.1337 0.0039 0.1166 0.0071 0.1359 0.0151 0.1503 0.1529 0.1429 
         165  1 0.0975 0.1796 0.0041 0.1363 0.0732 0.1261 0.0042 0.1435 0.1371 0.0984 
         166  1 0.1086 0.0957 0.0896 0.1434 0.0039 0.0891 0.0272 0.1448 0.0908 0.2069 
         167  1 0.1674 0.1198 0.0052 0.1876 0.0070 0.1185 0.0164 0.1344 0.1360 0.1076 
         168  1 0.1509 0.1325 0.0175 0.0994 0.0123 0.1616 0.0076 0.1442 0.1498 0.1242 
         169  1 0.1153 0.1717 0.0055 0.1404 0.0042 0.1621 0.0050 0.1337 0.1288 0.1332 
         170  1 0.1450 0.1079 0.0078 0.1944 0.0119 0.1161 0.0135 0.1539 0.1315 0.1181 
         171  1 0.1434 0.1192 0.0062 0.2095 0.0220 0.0999 0.0276 0.1251 0.1255 0.1216 
         172  1 0.1449 0.1329 0.0037 0.1991 0.0083 0.1304 0.0177 0.1220 0.1273 0.1137 
         173  1 0.1941 0.1379 0.0094 0.1090 0.0161 0.1293 0.0088 0.1488 0.1204 0.1262 
         174  1 0.1446 0.1207 0.0057 0.1235 0.0879 0.1255 0.0123 0.1207 0.1433 0.1157 
         175  1 0.1714 0.1000 0.0053 0.1973 0.0133 0.1212 0.0392 0.1259 0.1268 0.0996 
         176  1 0.1408 0.1075 0.0092 0.2040 0.0115 0.1008 0.0249 0.1407 0.1277 0.1329 
         177  1 0.1276 0.1016 0.0047 0.1299 0.0054 0.1025 0.0221 0.1485 0.1364 0.2213 
         178  1 0.1054 0.1511 0.0047 0.0971 0.0141 0.1770 0.0186 0.1387 0.1527 0.1406 
         179  1 0.0590 0.0529 0.0185 0.0799 0.0125 0.0434 0.5682 0.0523 0.0471 0.0661 
         180  1 0.1833 0.0907 0.0077 0.1513 0.0052 0.1255 0.0120 0.1556 0.1529 0.1156 
         181  1 0.1148 0.1224 0.0574 0.1219 0.0129 0.1239 0.0233 0.1353 0.1284 0.1597 
         182  1 0.1256 0.0821 0.0290 0.1933 0.0088 0.0790 0.0329 0.1393 0.1160 0.1940 
         183  1 0.1250 0.1388 0.0542 0.1372 0.0175 0.1406 0.0154 0.1229 0.1450 0.1034 
         184  1 0.1233 0.1526 0.0120 0.1581 0.0077 0.1329 0.0451 0.1267 0.1386 0.1029 
         185  1 0.1524 0.1395 0.0190 0.2022 0.0078 0.1289 0.0160 0.1167 0.1223 0.0952 
         186  1 0.1431 0.0598 0.0056 0.2164 0.0033 0.0641 0.0060 0.1683 0.1190 0.2144 
         187  1 0.1570 0.1217 0.0059 0.1385 0.0278 0.1200 0.0616 0.1281 0.1328 0.1067 
         188  1 0.1774 0.1203 0.0076 0.1479 0.0184 0.1353 0.0232 0.1157 0.1464 0.1078 
         189  1 0.1216 0.1137 0.0098 0.1315 0.0109 0.1252 0.0648 0.1233 0.1316 0.1676 
         190  1 0.1223 0.1141 0.0053 0.1426 0.0277 0.1361 0.0224 0.1331 0.1187 0.1778 
         191  1 0.0976 0.1220 0.0644 0.1543 0.0550 0.1191 0.0220 0.1177 0.1107 0.1373 
         192  1 0.1247 0.1244 0.0031 0.1646 0.0496 0.1231 0.0238 0.1354 0.1205 0.1308 
         193  1 0.0936 0.1887 0.0074 0.1117 0.0088 0.1865 0.0448 0.1293 0.1233 0.1060 
         194  1 0.1225 0.1439 0.0068 0.1359 0.0205 0.1370 0.0225 0.1384 0.1316 0.1409 
         195  1 0.1130 0.1194 0.0059 0.1724 0.0221 0.0977 0.0082 0.1346 0.1257 0.2009 
         196  1 0.0806 0.1247 0.2845 0.0737 0.0060 0.1104 0.0337 0.0984 0.0977 0.0902 
         197  1 0.1273 0.1427 0.0238 0.1464 0.0047 0.1351 0.0156 0.1242 0.1369 0.1434 
         198  1 0.1254 0.1573 0.0170 0.0844 0.0099 0.1463 0.0203 0.1404 0.1660 0.1330 
         199  1 0.1298 0.0825 0.0073 0.1729 0.0081 0.0869 0.0387 0.1487 0.1012 0.2239 
         200  1 0.1288 0.1439 0.0212 0.1171 0.0047 0.1474 0.0134 0.1339 0.1463 0.1432 
         201  1 0.1253 0.1247 0.0048 0.1419 0.0586 0.1213 0.0495 0.1385 0.1366 0.0989 
         202  1 0.1085 0.2131 0.0251 0.1033 0.0043 0.1812 0.0101 0.1212 0.0988 0.1343 
         203  1 0.1462 0.0990 0.0387 0.1637 0.0075 0.1089 0.0306 0.1364 0.1184 0.1505 
         204  1 0.1094 0.1638 0.0100 0.1314 0.0100 0.1440 0.0042 0.1403 0.1572 0.1299 
         205  1 0.1460 0.1546 0.0110 0.1032 0.0221 0.1408 0.0037 0.1341 0.1738 0.1108 
         206  1 0.1417 0.1074 0.0072 0.1550 0.0187 0.1339 0.0241 0.1300 0.1400 0.1418 
         207  1 0.1459 0.0881 0.0214 0.1459 0.0053 0.1169 0.0462 0.1359 0.1474 0.1470 
         208  1 0.1277 0.1088 0.0339 0.1797 0.0048 0.1227 0.0034 0.1432 0.1468 0.1291 
         209  1 0.0947 0.2105 0.0089 0.0548 0.0333 0.2009 0.0059 0.1332 0.1228 0.1350 
         210  1 0.1302 0.1748 0.0135 0.1014 0.0084 0.1638 0.0095 0.1344 0.1250 0.1391 
         211  1 0.1530 0.1050 0.0073 0.1652 0.0056 0.1035 0.0067 0.1412 0.1516 0.1610 
         212  1 0.1463 0.1341 0.0223 0.1325 0.0270 0.1317 0.0102 0.1475 0.1463 0.1021 
         213  1 0.1303 0.1432 0.0159 0.0748 0.0105 0.1662 0.0085 0.1490 0.1693 0.1324 
         214  1 0.1258 0.1325 0.0085 0.0888 0.0266 0.1518 0.0064 0.1296 0.1618 0.1680 
         215  1 0.1709 0.1078 0.0117 0.1319 0.0073 0.1389 0.0140 0.1416 0.1375 0.1384 
         216  1 0.1497 0.1530 0.0086 0.1084 0.0118 0.1508 0.0119 0.1379 0.1471 0.1207 
         217  1 0.1409 0.1248 0.0065 0.1351 0.0289 0.1283 0.0173 0.1377 0.1305 0.1501 
         218  1 0.1288 0.1402 0.0323 0.1225 0.0120 0.1578 0.0080 0.1165 0.1373 0.1447 
         219  1 0.1509 0.1179 0.0057 0.1055 0.0036 0.1168 0.0116 0.1592 0.1337 0.1953 
         220  1 0.0777 0.1004 0.3466 0.0610 0.0102 0.0955 0.0103 0.1009 0.0947 0.1026 
         221  1 0.1217 0.1177 0.0230 0.1645 0.0179 0.1263 0.0140 0.1465 0.1443 0.1240 
         222  1 0.1143 0.1336 0.0078 0.1026 0.0690 0.1240 0.0419 0.1358 0.1252 0.1458 
         223  1 0.1069 0.1282 0.0053 0.1863 0.0215 0.1177 0.0561 0.1311 0.1220 0.1248 
         224  1 0.1483 0.1243 0.0046 0.1369 0.0148 0.1278 0.0066 0.1504 0.1335 0.1528 
         225  1 0.0915 0.0791 0.0076 0.0853 0.1974 0.0855 0.2008 0.0828 0.0821 0.0879 
         226  1 0.1724 0.1162 0.0083 0.1483 0.0222 0.1225 0.0067 0.1291 0.1339 0.1405 
         227  1 0.1833 0.1671 0.0072 0.1400 0.0053 0.1231 0.0072 0.1279 0.1294 0.1095 
         228  1 0.1379 0.1311 0.0066 0.1140 0.0062 0.1388 0.0593 0.1416 0.1480 0.1164 
         229  1 0.1240 0.1557 0.0205 0.0937 0.0152 0.1685 0.0292 0.1276 0.1437 0.1219 
         230  1 0.1326 0.1355 0.0055 0.1335 0.0219 0.1420 0.0059 0.1398 0.1523 0.1309 
         231  1 0.1376 0.0683 0.0058 0.1883 0.0070 0.0732 0.0091 0.1690 0.1227 0.2190 
         232  1 0.1861 0.1093 0.0074 0.1212 0.0038 0.1593 0.0066 0.1665 0.1312 0.1085 
         233  1 0.1291 0.0746 0.0133 0.1703 0.0099 0.0786 0.0488 0.1617 0.1045 0.2093 
         234  1 0.1387 0.1388 0.0062 0.1134 0.0232 0.1413 0.0350 0.1301 0.1331 0.1401 
         235  1 0.1082 0.1633 0.0071 0.1047 0.0088 0.1558 0.0175 0.1531 0.1507 0.1307 
         236  1 0.1201 0.1367 0.0189 0.1999 0.0122 0.1206 0.0099 0.1347 0.1263 0.1209 
         237  1 0.1213 0.1484 0.0287 0.1017 0.0199 0.1550 0.0217 0.1267 0.1569 0.1196 
         238  1 0.1378 0.1565 0.0165 0.0915 0.0274 0.1589 0.0066 0.1327 0.1507 0.1214 
         239  1 0.0907 0.1733 0.0149 0.1281 0.0086 0.1435 0.0156 0.1369 0.1376 0.1507 
         240  1 0.0874 0.1098 0.0872 0.0745 0.0122 0.1161 0.2268 0.0920 0.1073 0.0868 
         241  1 0.1596 0.1324 0.0088 0.1520 0.0053 0.1138 0.0122 0.1343 0.1369 0.1448 
         242  1 0.0961 0.1628 0.0272 0.1080 0.0094 0.1772 0.0129 0.1258 0.1486 0.1320 
         243  1 0.1178 0.1701 0.0093 0.1116 0.0112 0.1539 0.0053 0.1368 0.1331 0.1510 
         244  1 0.1932 0.0742 0.0166 0.1872 0.0038 0.1153 0.0063 0.1623 0.1199 0.1211 
         245  1 0.0489 0.2947 0.0127 0.0567 0.0125 0.2350 0.0257 0.1117 0.1038 0.0983 
         246  1 0.1687 0.1239 0.0454 0.1573 0.0054 0.1139 0.0065 0.1212 0.1591 0.0986 
         247  1 0.1367 0.1495 0.0048 0.0728 0.0260 0.1694 0.0304 0.1250 0.1500 0.1354 
         248  1 0.1038 0.1145 0.0175 0.1491 0.0089 0.1121 0.0107 0.1436 0.1447 0.1950 
         249  1 0.1078 0.1769 0.0053 0.1402 0.0075 0.1686 0.0086 0.1303 0.1269 0.1279 
         250  1 0.1388 0.0693 0.0110 0.1963 0.0289 0.1039 0.0118 0.1302 0.1414 0.1685 
         251  1 0.1427 0.1249 0.0196 0.1654 0.0055 0.1376 0.0178 0.1158 0.1352 0.1356 
         252  1 0.1386 0.1580 0.0279 0.1429 0.0268 0.1373 0.0041 0.1279 0.1295 0.1070 
         253  1 0.1163 0.1728 0.0525 0.0975 0.0078 0.1585 0.0053 0.1115 0.1680 0.1098 
         254  1 0.1305 0.1402 0.0087 0.0880 0.0066 0.1639 0.0109 0.1481 0.1786 0.1246 
         255  1 0.1232 0.1455 0.0417 0.0811 0.0050 0.1761 0.0077 0.1332 0.1370 0.1495 
         256  1 0.1539 0.0949 0.0036 0.2266 0.0092 0.1063 0.0117 0.1346 0.1217 0.1374 
         257  1 0.1249 0.1074 0.0236 0.1518 0.0163 0.1238 0.0102 0.1468 0.1363 0.1588 
         258  1 0.1950 0.1387 0.0047 0.1052 0.0053 0.1443 0.0078 0.1411 0.1352 0.1227 
         259  1 0.1314 0.1107 0.0066 0.1300 0.0051 0.1185 0.0152 0.1408 0.1418 0.2000 
         260  1 0.1417 0.1286 0.0076 0.1169 0.0180 0.1350 0.0144 0.1317 0.1641 0.1420 
         261  1 0.1190 0.1954 0.0088 0.0812 0.0059 0.1934 0.0173 0.1279 0.1223 0.1289 
         262  1 0.1522 0.1686 0.0065 0.0971 0.0060 0.1643 0.0064 0.1277 0.1345 0.1368 
         263  1 0.0991 0.1636 0.0091 0.0878 0.1385 0.1465 0.0046 0.1179 0.1152 0.1178 
         264  1 0.0846 0.2080 0.0127 0.0509 0.0243 0.2076 0.0120 0.1231 0.1634 0.1134 
         265  1 0.1114 0.2478 0.0101 0.0382 0.0208 0.2193 0.0113 0.1162 0.1346 0.0904 
         266  1 0.1326 0.1510 0.0204 0.0688 0.0082 0.1626 0.0173 0.1308 0.1591 0.1491 
         267  1 0.1217 0.1262 0.0949 0.0677 0.0105 0.1322 0.0485 0.1143 0.1493 0.1345 
         268  1 0.1015 0.0988 0.2284 0.0799 0.0498 0.1159 0.0204 0.1079 0.1020 0.0954 
         269  1 0.1209 0.1107 0.0207 0.1097 0.0114 0.1108 0.2198 0.1023 0.0940 0.0996 
         270  1 0.1759 0.1309 0.0195 0.1670 0.0053 0.1155 0.0088 0.1316 0.1472 0.0983 
         271  1 0.1176 0.1542 0.0431 0.0960 0.0255 0.1432 0.0131 0.1269 0.1410 0.1394 
         272  1 0.0732 0.0799 0.0074 0.0695 0.0173 0.0754 0.4513 0.0755 0.0809 0.0696 
         273  1 0.1233 0.1683 0.0042 0.1212 0.0224 0.1471 0.0261 0.1230 0.1430 0.1213 
         274  1 0.1284 0.1239 0.0245 0.1601 0.0233 0.1241 0.0210 0.1206 0.1301 0.1441 
         275  1 0.1042 0.1447 0.0245 0.1268 0.0071 0.1388 0.0172 0.1289 0.1415 0.1663 
         276  1 0.1538 0.1092 0.0085 0.1297 0.0925 0.1277 0.0418 0.1150 0.1129 0.1090 
         277  1 0.1522 0.0972 0.0054 0.1507 0.0115 0.1127 0.0147 0.1394 0.1277 0.1885 
         278  1 0.1208 0.1320 0.0777 0.0853 0.0796 0.1424 0.0095 0.1240 0.1271 0.1016 
         279  1 0.1417 0.1469 0.0203 0.1231 0.0213 0.1297 0.0089 0.1438 0.1473 0.1171 
         280  1 0.1412 0.1119 0.0127 0.1735 0.0048 0.1019 0.0291 0.1275 0.1312 0.1663 
         281  1 0.1208 0.1440 0.0296 0.0778 0.0038 0.1708 0.0058 0.1354 0.1654 0.1464 
         282  1 0.1332 0.1484 0.0100 0.1184 0.0422 0.1418 0.0183 0.1316 0.1382 0.1179 
         283  1 0.1054 0.1108 0.0119 0.1109 0.1939 0.1061 0.0119 0.1145 0.1093 0.1251 
         284  1 0.1231 0.1474 0.0073 0.1635 0.0347 0.1316 0.0113 0.1367 0.1310 0.1133 
         285  1 0.1062 0.1936 0.0507 0.0643 0.0184 0.1714 0.0152 0.1284 0.1399 0.1119 
         286  1 0.1343 0.0968 0.0110 0.1509 0.0092 0.1164 0.0125 0.1265 0.1426 0.1998 
         287  1 0.1325 0.0939 0.0441 0.1773 0.0110 0.0888 0.0119 0.1298 0.1310 0.1797 
         288  1 0.1423 0.1172 0.0171 0.1456 0.0130 0.1219 0.0190 0.1340 0.1466 0.1434 
         289  1 0.1310 0.1625 0.0044 0.0780 0.0090 0.1624 0.0167 0.1398 0.1565 0.1397 
         290  1 0.1152 0.1592 0.0198 0.1074 0.0077 0.1560 0.0124 0.1438 0.1429 0.1357 
         291  1 0.0987 0.0956 0.0181 0.1611 0.0163 0.0981 0.0060 0.1776 0.1060 0.2224 
         292  1 0.1387 0.1214 0.0166 0.1208 0.0312 0.1284 0.0958 0.1104 0.1321 0.1045 
         293  1 0.1824 0.0761 0.0109 0.2456 0.0077 0.1034 0.0109 0.1374 0.1284 0.0972 
         294  1 0.0918 0.1038 0.1691 0.1275 0.0780 0.0917 0.0045 0.1074 0.1112 0.1150 
         295  1 0.1367 0.0940 0.0309 0.1813 0.0092 0.0936 0.0442 0.1433 0.1298 0.1371 
         296  1 0.1494 0.1343 0.0066 0.1338 0.0328 0.1271 0.0261 0.1310 0.1395 0.1195 
         297  1 0.1317 0.1457 0.0085 0.1704 0.0502 0.1252 0.0125 0.1132 0.1349 0.1076 
         298  1 0.1539 0.1419 0.0109 0.1187 0.0066 0.1489 0.0041 0.1286 0.1626 0.1239 
         299  1 0.1142 0.1617 0.0181 0.1112 0.0255 0.1729 0.0071 0.1251 0.1650 0.0993 
         300  1 0.1377 0.1520 0.0095 0.1267 0.0152 0.1409 0.0249 0.1345 0.1549 0.1037 
         301  1 0.1667 0.0962 0.0975 0.1324 0.0054 0.0920 0.0071 0.1387 0.1156 0.1484 
         302  1 0.1252 0.1040 0.0055 0.1871 0.0095 0.1015 0.0052 0.1505 0.1219 0.1896 
         303  1 0.1002 0.1543 0.0074 0.1031 0.0692 0.1399 0.0077 0.1448 0.1467 0.1268 
         304  1 0.1727 0.1159 0.0040 0.1472 0.0086 0.1391 0.0070 0.1477 0.1305 0.1272 
         305  1 0.1561 0.1506 0.0227 0.1332 0.0061 0.1274 0.0076 0.1351 0.1360 0.1251 
         306  1 0.1424 0.1402 0.0074 0.1268 0.0075 0.1492 0.0057 0.1461 0.1802 0.0944 
         307  1 0.1066 0.1769 0.0123 0.1238 0.0234 0.1590 0.0318 0.1170 0.1414 0.1077 
         308  1 0.1483 0.1203 0.0145 0.1526 0.0062 0.1107 0.0076 0.1558 0.1781 0.1059 
         309  1 0.1329 0.1325 0.0067 0.2072 0.0377 0.1300 0.0101 0.1387 0.1173 0.0869 
         310  1 0.1017 0.1327 0.0078 0.1462 0.0840 0.1245 0.0070 0.1179 0.1347 0.1434 
         311  1 0.1340 0.1234 0.0063 0.2131 0.0166 0.1251 0.0069 0.1383 0.1212 0.1151 
         312  1 0.1098 0.0790 0.0663 0.1362 0.0282 0.0896 0.0552 0.1233 0.1162 0.1962 
         313  1 0.1690 0.1249 0.0047 0.1112 0.0059 0.1371 0.0337 0.1584 0.1466 0.1086 
         314  1 0.1026 0.1303 0.0795 0.0792 0.0432 0.1388 0.0801 0.1195 0.1075 0.1193 
         315  1 0.1920 0.1313 0.0097 0.2039 0.0073 0.1291 0.0116 0.1113 0.1051 0.0986 
         316  1 0.0912 0.1763 0.0074 0.1319 0.0748 0.1410 0.0412 0.1055 0.1178 0.1129 
         317  1 0.1247 0.1167 0.0207 0.1497 0.0266 0.1117 0.0136 0.1421 0.1294 0.1648 
         318  1 0.1625 0.1321 0.0053 0.1405 0.0207 0.1437 0.0426 0.1262 0.1251 0.1014 
         319  1 0.0923 0.1122 0.0063 0.1067 0.1485 0.1219 0.0774 0.1064 0.1080 0.1203 
         320  1 0.1077 0.1034 0.1925 0.0997 0.0400 0.1132 0.0109 0.1178 0.0930 0.1218 
         321  1 0.1088 0.1919 0.0100 0.0618 0.0049 0.1982 0.0173 0.1423 0.1556 0.1092 
         322  1 0.1379 0.1169 0.0319 0.1895 0.0151 0.1164 0.0179 0.1255 0.1305 0.1184 
         323  1 0.1357 0.1563 0.0248 0.0995 0.0110 0.1364 0.0103 0.1363 0.1273 0.1624 
         324  1 0.1486 0.1523 0.0061 0.0969 0.0068 0.1693 0.0142 0.1443 0.1640 0.0974 
         325  1 0.1419 0.1442 0.0272 0.1611 0.0232 0.1230 0.0351 0.1058 0.1155 0.1230 
         326  1 0.1750 0.1338 0.0037 0.1298 0.0061 0.1247 0.0059 0.1362 0.1621 0.1227 
         327  1 0.1666 0.1117 0.0093 0.1251 0.0050 0.1370 0.0308 0.1408 0.1578 0.1157 
         328  1 0.1366 0.1327 0.0318 0.1506 0.0146 0.1244 0.0098 0.1340 0.1449 0.1206 
         329  1 0.1470 0.1006 0.0255 0.1826 0.0143 0.1079 0.0099 0.1497 0.1448 0.1177 
         330  1 0.0955 0.0614 0.0200 0.1155 0.0040 0.0688 0.2957 0.1073 0.0837 0.1481 
         331  1 0.1463 0.1216 0.0127 0.1252 0.0049 0.1178 0.1406 0.1100 0.1075 0.1135 
         332  1 0.1219 0.1121 0.0037 0.2186 0.0082 0.1218 0.0056 0.1315 0.1355 0.1413 
         333  1 0.1352 0.1184 0.0086 0.1225 0.0101 0.1211 0.0057 0.1440 0.1485 0.1858 
         334  1 0.1202 0.1857 0.0210 0.1035 0.0049 0.1649 0.0985 0.1079 0.1015 0.0920 
         335  1 0.1461 0.1566 0.0536 0.0775 0.0069 0.1775 0.0160 0.1294 0.1282 0.1082 
         336  1 0.0062 0.0060 0.0053 0.0062 0.0045 0.0059 0.9472 0.0061 0.0065 0.0060 
         337  1 0.0585 0.0744 0.0149 0.0560 0.0367 0.0607 0.5238 0.0533 0.0696 0.0521 
         338  1 0.0044 0.0048 0.0135 0.0044 0.0027 0.0044 0.9516 0.0049 0.0046 0.0047 
         339  1 0.0033 0.0031 0.0026 0.0031 0.0032 0.0031 0.9723 0.0032 0.0030 0.0031 
         340  1 0.0067 0.0065 0.0036 0.0064 0.0131 0.0062 0.9387 0.0066 0.0060 0.0061 
         341  1 0.1630 0.1323 0.0092 0.1110 0.0061 0.1464 0.0102 0.1383 0.1564 0.1272 
         342  1 0.0029 0.0028 0.0025 0.0027 0.0027 0.0029 0.9749 0.0030 0.0029 0.0028 
         343  1 0.0094 0.0104 0.0072 0.0099 0.0105 0.0103 0.9132 0.0101 0.0093 0.0097 
         344  1 0.0061 0.0057 0.0062 0.0059 0.0059 0.0060 0.9463 0.0059 0.0058 0.0062 
         345  1 0.0108 0.0108 0.0048 0.0115 0.0193 0.0105 0.8995 0.0106 0.0111 0.0111 
         346  1 0.0054 0.0053 0.0054 0.0051 0.0076 0.0055 0.9498 0.0053 0.0055 0.0051 
         347  1 0.0092 0.0098 0.0053 0.0087 0.0114 0.0095 0.9184 0.0094 0.0092 0.0091 
         348  1 0.0192 0.0210 0.0526 0.0241 0.0109 0.0218 0.7895 0.0195 0.0204 0.0209 
         349  1 0.0028 0.0029 0.0028 0.0029 0.0028 0.0029 0.9747 0.0027 0.0028 0.0027 
         350  1 0.0301 0.0301 0.0356 0.0299 0.0043 0.0269 0.7589 0.0299 0.0282 0.0262 
         351  1 0.0061 0.0058 0.0044 0.0069 0.0187 0.0058 0.9330 0.0064 0.0065 0.0065 
         352  1 0.1677 0.0939 0.0104 0.1774 0.0052 0.1177 0.0157 0.1293 0.1173 0.1654 
         353  1 0.0052 0.0052 0.0040 0.0054 0.0053 0.0055 0.9534 0.0054 0.0050 0.0056 
         354  1 0.0056 0.0057 0.0042 0.0066 0.0053 0.0054 0.9501 0.0054 0.0056 0.0061 
         355  1 0.0058 0.0059 0.0048 0.0059 0.0086 0.0058 0.9458 0.0055 0.0059 0.0060 
         356  1 0.1316 0.1601 0.0197 0.0728 0.0087 0.1849 0.0163 0.1333 0.1617 0.1110 
         357  1 0.1406 0.0887 0.0133 0.1987 0.1235 0.0871 0.0394 0.1007 0.1012 0.1069 
         358  1 0.1495 0.1286 0.0241 0.1398 0.0101 0.1311 0.0079 0.1458 0.1308 0.1322 
         359  1 0.1317 0.1467 0.0082 0.0783 0.0214 0.1542 0.0170 0.1324 0.1467 0.1633 
         360  1 0.1215 0.1249 0.0299 0.1546 0.0507 0.1302 0.0180 0.1364 0.1162 0.1176 
         361  1 0.1109 0.0954 0.0151 0.1124 0.1088 0.0967 0.1619 0.0926 0.1068 0.0995 
         362  1 0.1269 0.1015 0.0261 0.1583 0.0048 0.0930 0.0087 0.1615 0.1158 0.2033 
         363  1 0.1993 0.1153 0.0052 0.2020 0.0059 0.1123 0.0248 0.1026 0.1112 0.1213 
         364  1 0.1378 0.1535 0.0048 0.1585 0.0057 0.1529 0.0078 0.1434 0.1493 0.0863 
         365  1 0.1592 0.1199 0.0080 0.2497 0.0069 0.1013 0.0577 0.0983 0.1028 0.0962 
         366  1 0.1913 0.1011 0.0071 0.1375 0.0048 0.1398 0.0178 0.1603 0.1394 0.1010 
         367  1 0.1112 0.1334 0.0260 0.1420 0.0126 0.1383 0.0096 0.1437 0.1401 0.1431 
         368  1 0.1348 0.1191 0.0110 0.1719 0.0100 0.1105 0.0111 0.1431 0.1262 0.1622 
         369  1 0.1665 0.1138 0.0111 0.2618 0.0044 0.1047 0.0129 0.1256 0.1088 0.0903 
         370  1 0.1286 0.1132 0.0061 0.1509 0.0425 0.1036 0.0838 0.1232 0.1274 0.1205 
         371  1 0.1722 0.0862 0.0093 0.2724 0.0380 0.0905 0.0079 0.1262 0.1117 0.0855 
         372  1 0.1350 0.1460 0.0072 0.1807 0.0380 0.1352 0.0847 0.0936 0.0965 0.0830 
         373  1 0.1262 0.1508 0.0110 0.1313 0.0138 0.1378 0.0124 0.1262 0.1406 0.1498 
         374  1 0.1184 0.1237 0.1062 0.1375 0.0374 0.1168 0.0105 0.1271 0.1260 0.0965 
         375  1 0.1445 0.1396 0.0040 0.1554 0.0209 0.1427 0.0133 0.1334 0.1261 0.1202 
         376  1 0.1614 0.1380 0.0104 0.1092 0.0128 0.1485 0.0174 0.1483 0.1362 0.1178 
         377  1 0.1520 0.1219 0.0102 0.1356 0.0096 0.1443 0.0092 0.1384 0.1674 0.1114 
         378  1 0.1385 0.0835 0.0207 0.2140 0.0084 0.0967 0.0743 0.1248 0.1164 0.1229 
         379  1 0.1336 0.1553 0.0066 0.1238 0.0116 0.1546 0.0135 0.1299 0.1401 0.1311 
         380  1 0.1307 0.1645 0.0067 0.0990 0.0153 0.1543 0.0086 0.1447 0.1520 0.1244 
         381  1 0.1815 0.1087 0.0149 0.1616 0.0113 0.1325 0.0113 0.1334 0.1162 0.1287 
         382  1 0.1232 0.1798 0.0063 0.0627 0.0241 0.1856 0.0141 0.1355 0.1395 0.1290 
         383  1 0.1439 0.1439 0.0416 0.0992 0.0139 0.1526 0.0049 0.1295 0.1457 0.1247 
         384  1 0.1417 0.1360 0.0094 0.1761 0.0112 0.1237 0.0195 0.1297 0.1472 0.1054 
         385  1 0.1396 0.1981 0.0030 0.0529 0.0041 0.1986 0.0150 0.1127 0.1520 0.1240 
         386  1 0.1291 0.1030 0.0265 0.1886 0.0085 0.1335 0.0076 0.1275 0.1310 0.1447 
         387  1 0.1697 0.1130 0.0050 0.1304 0.0076 0.1456 0.0334 0.1423 0.1430 0.1099 
         388  1 0.1353 0.1278 0.0147 0.1436 0.0119 0.1125 0.0310 0.1372 0.1292 0.1568 
         389  1 0.1253 0.1588 0.0177 0.0915 0.0066 0.1468 0.0439 0.1174 0.1670 0.1249 
         390  1 0.1284 0.1887 0.0285 0.1185 0.0041 0.1590 0.0299 0.1246 0.1104 0.1079 
         391  1 0.1378 0.1594 0.0074 0.1986 0.0060 0.1394 0.0059 0.1230 0.1374 0.0851 
         392  1 0.1417 0.0736 0.0038 0.1817 0.0127 0.0898 0.0055 0.1643 0.1073 0.2198 
         393  1 0.1350 0.1725 0.0247 0.1147 0.0065 0.1572 0.0093 0.1249 0.1315 0.1237 
         394  1 0.1159 0.1073 0.0057 0.2170 0.0062 0.0844 0.0061 0.1363 0.1248 0.1962 
         395  1 0.1405 0.0634 0.0066 0.1800 0.0054 0.0672 0.0043 0.1635 0.1143 0.2547 
         396  1 0.1437 0.1268 0.0084 0.1662 0.0056 0.1226 0.0080 0.1384 0.1579 0.1224 
         397  1 0.1538 0.1291 0.0092 0.1251 0.0072 0.1282 0.0140 0.1382 0.1471 0.1481 
         398  1 0.0675 0.0803 0.3662 0.0987 0.0188 0.0687 0.0695 0.0721 0.0765 0.0817 
         399  1 0.1447 0.1501 0.0127 0.0917 0.0102 0.1656 0.0149 0.1250 0.1426 0.1426 
         400  1 0.1241 0.1640 0.0181 0.1027 0.0265 0.1692 0.0086 0.1327 0.1296 0.1244 
         401  1 0.1283 0.0917 0.0143 0.1528 0.0079 0.1037 0.0075 0.1832 0.1142 0.1964 
         402  1 0.1196 0.1064 0.0059 0.1773 0.0152 0.1036 0.0038 0.1579 0.1250 0.1853 
         403  1 0.1703 0.1191 0.0124 0.1255 0.0061 0.1367 0.0076 0.1496 0.1469 0.1259 
         404  1 0.1245 0.1327 0.0058 0.1327 0.0182 0.1218 0.0416 0.1454 0.1408 0.1365 
         405  1 0.1902 0.0823 0.0381 0.1617 0.0087 0.1027 0.0213 0.1447 0.1204 0.1298 
         406  1 0.1469 0.1137 0.0067 0.1552 0.0359 0.0995 0.0182 0.1370 0.1366 0.1504 
         407  1 0.1202 0.1967 0.0074 0.1066 0.0117 0.1481 0.0123 0.1331 0.1379 0.1258 
         408  1 0.1227 0.1009 0.0104 0.1726 0.0071 0.1069 0.0079 0.1375 0.1277 0.2064 
         409  1 0.1113 0.1743 0.0099 0.1402 0.0190 0.1485 0.0109 0.1186 0.1208 0.1466 
         410  1 0.1505 0.1487 0.0127 0.1155 0.0084 0.1433 0.0054 0.1272 0.1561 0.1321 
         411  1 0.1468 0.1503 0.0065 0.1627 0.0274 0.1190 0.0228 0.1145 0.1233 0.1268 
         412  1 0.1299 0.1634 0.0079 0.1046 0.0131 0.1637 0.0050 0.1269 0.1613 0.1244 
         413  1 0.1473 0.1256 0.0100 0.1713 0.0051 0.1226 0.0035 0.1334 0.1434 0.1377 
         414  1 0.1543 0.1031 0.0063 0.1556 0.0169 0.1165 0.0194 0.1602 0.1307 0.1371 
         415  1 0.1289 0.1628 0.0357 0.0918 0.0062 0.1782 0.0108 0.1095 0.1581 0.1180 
         416  1 0.1636 0.1369 0.0078 0.1150 0.0091 0.1361 0.0089 0.1239 0.1432 0.1554 
         417  1 0.1210 0.1184 0.0224 0.1906 0.0105 0.1244 0.0117 0.1266 0.1454 0.1290 
         418  1 0.1520 0.1232 0.0209 0.1434 0.0051 0.1230 0.0370 0.1414 0.1525 0.1016 
         419  1 0.1417 0.1094 0.0344 0.2120 0.0104 0.1018 0.0078 0.1237 0.1341 0.1247 
         420  1 0.1181 0.0851 0.1692 0.1561 0.0066 0.0896 0.0049 0.1053 0.1148 0.1504 
         421  1 0.1186 0.1505 0.0448 0.1236 0.0090 0.1566 0.0145 0.1160 0.1594 0.1071 
         422  1 0.1314 0.1061 0.0588 0.1469 0.0995 0.1118 0.0146 0.1079 0.1185 0.1045 
         423  1 0.1290 0.1294 0.0040 0.1738 0.0137 0.1218 0.0116 0.1265 0.1184 0.1718 
         424  1 0.1541 0.1165 0.0099 0.1819 0.0144 0.1043 0.0087 0.1220 0.1206 0.1677 
         425  1 0.1849 0.0958 0.0051 0.1983 0.0065 0.1227 0.0074 0.1234 0.1261 0.1297 
         426  1 0.1504 0.1122 0.0068 0.1921 0.0289 0.1085 0.0190 0.1237 0.1249 0.1334 
         427  1 0.1399 0.1507 0.0085 0.1034 0.0046 0.1416 0.0042 0.1436 0.1543 0.1492 
         428  1 0.1369 0.1406 0.0097 0.1668 0.0054 0.1411 0.0074 0.1389 0.1232 0.1299 
         429  1 0.0953 0.2337 0.0041 0.0768 0.0127 0.2194 0.0045 0.1305 0.1211 0.1018 
         430  1 0.0915 0.0905 0.0134 0.0951 0.2780 0.0831 0.0389 0.0899 0.0978 0.1217 
         431  1 0.1108 0.1356 0.0079 0.1243 0.0067 0.1320 0.0067 0.1660 0.1409 0.1691 
         432  1 0.1360 0.1152 0.0061 0.1512 0.0087 0.1174 0.0575 0.1262 0.1404 0.1413 
         433  1 0.1447 0.1379 0.0059 0.1371 0.0214 0.1435 0.0186 0.1451 0.1388 0.1070 
         434  1 0.1382 0.1496 0.0127 0.0787 0.0071 0.1501 0.0318 0.1220 0.1699 0.1400 
         435  1 0.1355 0.1164 0.0158 0.1667 0.0090 0.1266 0.0046 0.1663 0.1387 0.1204 
         436  1 0.1094 0.1375 0.0559 0.1445 0.0087 0.1282 0.0040 0.1514 0.1521 0.1083 
         437  1 0.1052 0.1065 0.0578 0.0944 0.1982 0.1085 0.0098 0.1073 0.1237 0.0887 
         438  1 0.1483 0.1528 0.0050 0.1247 0.0372 0.1482 0.0042 0.1304 0.1436 0.1056 
         439  1 0.1295 0.1443 0.0094 0.1920 0.0176 0.1356 0.0372 0.1190 0.1038 0.1115 
         440  1 0.1557 0.1168 0.0243 0.1490 0.0043 0.1361 0.0198 0.1445 0.1443 0.1051 
         441  1 0.0990 0.1822 0.0173 0.0689 0.0470 0.1967 0.0052 0.1293 0.1282 0.1263 
         442  1 0.0863 0.1376 0.0251 0.0800 0.1958 0.1292 0.0075 0.1119 0.1192 0.1075 
         443  1 0.1278 0.1537 0.0097 0.0798 0.0187 0.1760 0.0726 0.1330 0.1338 0.0949 
         444  1 0.1152 0.1687 0.0159 0.1146 0.0130 0.1708 0.0139 0.1190 0.1319 0.1369 
         445  1 0.1389 0.1321 0.0057 0.1759 0.0083 0.1180 0.0129 0.1310 0.1509 0.1262 
         446  1 0.1337 0.0953 0.0123 0.2132 0.0106 0.1046 0.0120 0.1634 0.0889 0.1659 
         447  1 0.1725 0.1098 0.0184 0.1599 0.0083 0.1222 0.0196 0.1392 0.1320 0.1181 
         448  1 0.1384 0.0713 0.0809 0.1772 0.0548 0.1034 0.0152 0.1533 0.1119 0.0936 
         449  1 0.1245 0.0761 0.0234 0.1921 0.0083 0.0736 0.0126 0.1591 0.1175 0.2129 
         450  1 0.0710 0.0525 0.0444 0.0737 0.0615 0.0617 0.4394 0.0605 0.0658 0.0696 
         451  1 0.1428 0.1112 0.0599 0.1642 0.0045 0.1089 0.0337 0.1227 0.1440 0.1082 
         452  1 0.1132 0.1708 0.0079 0.1418 0.0133 0.1392 0.0119 0.1416 0.1555 0.1047 
         453  1 0.1408 0.1249 0.0389 0.1360 0.0099 0.1347 0.0073 0.1342 0.1410 0.1323 
         454  1 0.1357 0.1607 0.0150 0.0726 0.0486 0.1937 0.0078 0.1379 0.1417 0.0862 
         455  1 0.1518 0.1479 0.0042 0.1167 0.0089 0.1322 0.0051 0.1433 0.1463 0.1434 
         456  1 0.1497 0.1386 0.0078 0.0939 0.0133 0.1335 0.0502 0.1331 0.1454 0.1344 
         457  1 0.1169 0.1916 0.0087 0.0636 0.0053 0.1853 0.0063 0.1337 0.1419 0.1467 
         458  1 0.1180 0.1585 0.0107 0.0931 0.0135 0.1475 0.1002 0.1048 0.1250 0.1285 
         459  1 0.1515 0.1145 0.0126 0.1964 0.0342 0.1096 0.0200 0.1121 0.1506 0.0985 
