           1  1 0.1259 0.2108 0.1834 0.0071 0.2273 0.0302 0.2152 
           2  1 0.3235 0.0045 0.2487 0.0054 0.1808 0.0084 0.2287 
           3  1 0.1861 0.0639 0.2422 0.0087 0.2234 0.0546 0.2210 
           4  1 0.1740 0.0103 0.1389 0.0055 0.3469 0.0092 0.3153 
           5  1 0.5263 0.0490 0.1334 0.0412 0.0720 0.0059 0.1721 
           6  1 0.3544 0.1096 0.1678 0.0219 0.1519 0.0085 0.1859 
           7  1 0.3927 0.0043 0.2439 0.0069 0.1731 0.0054 0.1736 
           8  1 0.4004 0.0108 0.1738 0.0043 0.1257 0.0822 0.2029 
           9  1 0.1717 0.0957 0.2004 0.0080 0.2756 0.0086 0.2400 
          10  1 0.1611 0.0222 0.2201 0.0671 0.2456 0.0568 0.2271 
          11  1 0.2390 0.0692 0.2081 0.0096 0.2208 0.0066 0.2467 
          12  1 0.2871 0.0050 0.2589 0.0041 0.2029 0.0087 0.2333 
          13  1 0.2260 0.0064 0.2863 0.0071 0.2640 0.0141 0.1962 
          14  1 0.2033 0.0306 0.2448 0.0081 0.2644 0.0062 0.2427 
          15  1 0.1107 0.2716 0.1886 0.0121 0.2040 0.0448 0.1682 
          16  1 0.2337 0.0342 0.1759 0.0075 0.2575 0.0058 0.2855 
          17  1 0.2395 0.0572 0.1947 0.0219 0.1895 0.0154 0.2819 
          18  1 0.2344 0.0302 0.2035 0.0104 0.2507 0.0158 0.2551 
          19  1 0.1806 0.0987 0.1788 0.0105 0.2240 0.0771 0.2302 
          20  1 0.2843 0.0063 0.1145 0.2654 0.1021 0.0266 0.2008 
          21  1 0.2313 0.0486 0.2682 0.0397 0.2311 0.0167 0.1644 
          22  1 0.1303 0.0917 0.2812 0.0059 0.2279 0.0051 0.2578 
          23  1 0.5513 0.0274 0.1391 0.0134 0.0971 0.0198 0.1518 
          24  1 0.2595 0.0312 0.1450 0.0605 0.2047 0.0248 0.2743 
          25  1 0.1866 0.0235 0.1641 0.0273 0.3143 0.0346 0.2496 
          26  1 0.1440 0.0201 0.2173 0.0046 0.3417 0.0091 0.2634 
          27  1 0.2478 0.0277 0.2274 0.0075 0.2295 0.0080 0.2521 
          28  1 0.1485 0.0803 0.1349 0.1495 0.2196 0.0375 0.2297 
          29  1 0.2475 0.0070 0.2052 0.0397 0.2676 0.0112 0.2217 
          30  1 0.1191 0.0117 0.3112 0.0035 0.3575 0.0041 0.1929 
          31  1 0.2262 0.0666 0.2428 0.0076 0.2306 0.0057 0.2205 
          32  1 0.4895 0.0136 0.1502 0.0054 0.1231 0.0055 0.2128 
          33  1 0.5759 0.0732 0.1097 0.0051 0.0956 0.0069 0.1336 
          34  1 0.2150 0.0277 0.1645 0.0183 0.2865 0.0374 0.2506 
          35  1 0.3563 0.0305 0.2043 0.0092 0.1574 0.0081 0.2341 
          36  1 0.4017 0.0126 0.1856 0.0057 0.1512 0.0060 0.2372 
          37  1 0.2080 0.0358 0.1934 0.0894 0.2671 0.0110 0.1953 
          38  1 0.3955 0.1594 0.1436 0.0068 0.1298 0.0135 0.1513 
          39  1 0.0145 0.9238 0.0144 0.0083 0.0144 0.0100 0.0145 
          40  1 0.2798 0.0767 0.2375 0.0159 0.1991 0.0052 0.1856 
          41  1 0.2656 0.0311 0.1732 0.0114 0.1915 0.0220 0.3052 
          42  1 0.3190 0.0440 0.2217 0.0125 0.1353 0.0134 0.2542 
          43  1 0.2791 0.0362 0.1740 0.0090 0.1788 0.0635 0.2594 
          44  1 0.2728 0.0147 0.1858 0.0400 0.2291 0.0067 0.2508 
          45  1 0.1845 0.0051 0.3077 0.0042 0.2475 0.0222 0.2288 
          46  1 0.1986 0.0109 0.2249 0.0103 0.2772 0.0103 0.2677 
          47  1 0.2183 0.0555 0.1564 0.0349 0.2650 0.0092 0.2606 
          48  1 0.2964 0.0133 0.1481 0.0332 0.2148 0.0098 0.2843 
          49  1 0.1293 0.0488 0.2958 0.0175 0.2721 0.0695 0.1670 
          50  1 0.2758 0.0111 0.2232 0.0067 0.2146 0.0161 0.2525 
          51  1 0.3372 0.0068 0.2348 0.0047 0.1797 0.0169 0.2200 
          52  1 0.4251 0.0216 0.1821 0.0052 0.1170 0.0035 0.2455 
          53  1 0.4282 0.0054 0.1235 0.0062 0.1955 0.0413 0.1999 
          54  1 0.2574 0.0608 0.1599 0.0939 0.1762 0.0076 0.2443 
          55  1 0.2204 0.0086 0.2097 0.0117 0.1822 0.1940 0.1733 
          56  1 0.1814 0.0718 0.1899 0.0179 0.2406 0.0067 0.2917 
          57  1 0.2404 0.0174 0.2527 0.0067 0.2305 0.0143 0.2380 
          58  1 0.1476 0.0115 0.2964 0.0262 0.2597 0.0075 0.2511 
          59  1 0.3499 0.0121 0.1167 0.0056 0.2588 0.0054 0.2514 
          60  1 0.2081 0.0148 0.3389 0.0135 0.1858 0.0166 0.2223 
          61  1 0.1685 0.0826 0.1785 0.1938 0.1718 0.0128 0.1920 
          62  1 0.3090 0.0066 0.1761 0.0071 0.2401 0.0164 0.2446 
          63  1 0.3181 0.0407 0.2121 0.0133 0.1719 0.0332 0.2107 
          64  1 0.1510 0.0154 0.1550 0.0059 0.3373 0.0115 0.3240 
          65  1 0.2706 0.0500 0.1857 0.0090 0.2066 0.0075 0.2706 
          66  1 0.3956 0.0086 0.1875 0.0103 0.1685 0.0118 0.2177 
          67  1 0.4679 0.0242 0.1531 0.0502 0.1101 0.0190 0.1755 
          68  1 0.1505 0.4366 0.1143 0.0306 0.1019 0.0287 0.1375 
          69  1 0.2663 0.2154 0.1174 0.1263 0.1204 0.0113 0.1429 
          70  1 0.1175 0.0192 0.3980 0.0166 0.2821 0.0074 0.1592 
          71  1 0.4706 0.0249 0.1666 0.0260 0.1174 0.0072 0.1872 
          72  1 0.3096 0.0086 0.1884 0.0134 0.1923 0.0126 0.2750 
          73  1 0.2394 0.1159 0.1624 0.0092 0.2091 0.0430 0.2210 
          74  1 0.2250 0.0258 0.1515 0.0077 0.2627 0.0081 0.3193 
          75  1 0.3483 0.0113 0.1999 0.0067 0.1225 0.0293 0.2819 
          76  1 0.4928 0.0282 0.1672 0.0075 0.1210 0.0076 0.1757 
          77  1 0.0060 0.0085 0.0068 0.0079 0.0062 0.9586 0.0060 
          78  1 0.0174 0.0139 0.0196 0.0113 0.0175 0.9026 0.0177 
          79  1 0.0071 0.0050 0.0072 0.0114 0.0068 0.9551 0.0074 
          80  1 0.0044 0.0031 0.0045 0.0033 0.0048 0.9746 0.0053 
          81  1 0.0073 0.0044 0.0066 0.0042 0.0068 0.9639 0.0068 
          82  1 0.0087 0.0092 0.0081 0.0060 0.0076 0.9526 0.0079 
          83  1 0.0158 0.0161 0.0225 0.0250 0.0212 0.8822 0.0174 
          84  1 0.0093 0.0108 0.0091 0.0057 0.0090 0.9469 0.0092 
          85  1 0.0114 0.0087 0.0124 0.0086 0.0117 0.9360 0.0112 
          86  1 0.0295 0.0239 0.0304 0.0087 0.0322 0.8411 0.0342 
          87  1 0.0060 0.0056 0.0056 0.0039 0.0056 0.9680 0.0054 
          88  1 0.0059 0.0124 0.0052 0.0075 0.0061 0.9576 0.0054 
          89  1 0.0066 0.0075 0.0072 0.0068 0.0065 0.9590 0.0064 
          90  1 0.1381 0.0234 0.1019 0.0161 0.0998 0.5239 0.0969 
          91  1 0.0064 0.0120 0.0060 0.0074 0.0067 0.9552 0.0062 
          92  1 0.0065 0.0065 0.0064 0.0098 0.0063 0.9578 0.0068 
          93  1 0.0061 0.0048 0.0064 0.0050 0.0065 0.9649 0.0063 
          94  1 0.0047 0.0039 0.0046 0.0057 0.0046 0.9718 0.0047 
          95  1 0.0105 0.0186 0.0113 0.0097 0.0113 0.9266 0.0119 
          96  1 0.0058 0.0069 0.0058 0.0055 0.0063 0.9642 0.0055 
          97  1 0.0449 0.0117 0.0449 0.1002 0.0494 0.6987 0.0501 
          98  1 0.1427 0.0339 0.1430 0.0235 0.1608 0.3263 0.1698 
          99  1 0.0062 0.0170 0.0058 0.0039 0.0060 0.9550 0.0061 
         100  1 0.0422 0.0118 0.0346 0.0094 0.0378 0.8280 0.0362 
         101  1 0.0088 0.0128 0.0084 0.0047 0.0088 0.9480 0.0085 
         102  1 0.0408 0.0323 0.0379 0.0886 0.0386 0.7219 0.0398 
         103  1 0.1864 0.1281 0.1813 0.0076 0.2609 0.0077 0.2281 
         104  1 0.2069 0.0075 0.2397 0.0049 0.2705 0.0053 0.2653 
         105  1 0.2621 0.0306 0.2286 0.0207 0.2286 0.0067 0.2227 
         106  1 0.2385 0.0088 0.2332 0.0116 0.2577 0.0189 0.2313 
         107  1 0.0991 0.0134 0.1597 0.0082 0.3642 0.0153 0.3402 
         108  1 0.1149 0.0429 0.3809 0.0163 0.2121 0.0141 0.2187 
         109  1 0.2145 0.0425 0.1951 0.0362 0.2238 0.0188 0.2691 
         110  1 0.3894 0.0209 0.1828 0.0179 0.1488 0.0053 0.2349 
         111  1 0.2949 0.0212 0.2170 0.0064 0.2102 0.0061 0.2442 
         112  1 0.2510 0.0637 0.1960 0.0051 0.2022 0.0150 0.2670 
         113  1 0.2603 0.0180 0.2522 0.0087 0.1497 0.0326 0.2785 
         114  1 0.3275 0.0054 0.2046 0.0080 0.2011 0.0122 0.2411 
         115  1 0.1815 0.0849 0.2359 0.0535 0.2214 0.0069 0.2160 
         116  1 0.1490 0.0076 0.1812 0.0041 0.3528 0.0086 0.2966 
         117  1 0.0935 0.0079 0.4065 0.0070 0.2996 0.0048 0.1807 
         118  1 0.2604 0.0344 0.2714 0.0073 0.2324 0.0094 0.1847 
         119  1 0.2358 0.0190 0.3158 0.0047 0.1881 0.0104 0.2262 
         120  1 0.1152 0.0107 0.3626 0.0048 0.2780 0.0278 0.2010 
         121  1 0.1595 0.0763 0.3043 0.0125 0.2601 0.0185 0.1688 
         122  1 0.1684 0.0247 0.1556 0.0148 0.3195 0.0123 0.3047 
         123  1 0.1712 0.0622 0.3038 0.0115 0.2372 0.0112 0.2028 
         124  1 0.2868 0.1011 0.2127 0.0087 0.1502 0.0321 0.2083 
         125  1 0.3109 0.0085 0.1846 0.0092 0.2413 0.0053 0.2402 
         126  1 0.2035 0.0104 0.2644 0.0154 0.2303 0.0567 0.2192 
         127  1 0.2666 0.0273 0.2296 0.0099 0.2045 0.0112 0.2508 
         128  1 0.1036 0.0075 0.1196 0.0058 0.1555 0.4830 0.1250 
         129  1 0.1964 0.0198 0.2649 0.0136 0.2093 0.0562 0.2398 
         130  1 0.3160 0.1141 0.1845 0.0116 0.1307 0.0062 0.2369 
         131  1 0.1576 0.0226 0.2903 0.0059 0.2685 0.0499 0.2052 
         132  1 0.4333 0.0113 0.1201 0.0037 0.1949 0.0064 0.2303 
         133  1 0.1584 0.0080 0.2927 0.0056 0.2957 0.0637 0.1760 
         134  1 0.5101 0.0094 0.1449 0.0068 0.0891 0.0273 0.2124 
         135  1 0.1919 0.0140 0.2611 0.0548 0.1929 0.1139 0.1714 
         136  1 0.2413 0.0175 0.3021 0.0094 0.2013 0.0580 0.1703 
         137  1 0.1278 0.0363 0.1390 0.0104 0.3441 0.0061 0.3363 
         138  1 0.4018 0.0052 0.1903 0.0079 0.1938 0.0134 0.1875 
         139  1 0.2813 0.1122 0.1924 0.0060 0.1881 0.0204 0.1997 
         140  1 0.2095 0.0616 0.2195 0.0626 0.2042 0.0340 0.2086 
         141  1 0.2594 0.0257 0.1555 0.0072 0.2332 0.0062 0.3127 
         142  1 0.1356 0.0150 0.3290 0.0092 0.2804 0.0056 0.2251 
         143  1 0.1606 0.0377 0.2301 0.0060 0.2790 0.0242 0.2625 
         144  1 0.1913 0.0195 0.2150 0.0057 0.2822 0.0178 0.2684 
         145  1 0.1376 0.2735 0.2011 0.0616 0.1612 0.0100 0.1550 
         146  1 0.2620 0.0224 0.2351 0.0182 0.2161 0.0182 0.2280 
         147  1 0.1469 0.2209 0.2402 0.0227 0.1908 0.0070 0.1714 
         148  1 0.3506 0.0073 0.2095 0.0084 0.1409 0.0609 0.2224 
         149  1 0.2041 0.0505 0.2635 0.0322 0.2500 0.0066 0.1932 
         150  1 0.1943 0.0102 0.2266 0.0863 0.2804 0.0402 0.1620 
         151  1 0.3103 0.0143 0.1794 0.0081 0.2444 0.0083 0.2352 
         152  1 0.0654 0.3576 0.0523 0.3184 0.0828 0.0322 0.0912 
         153  1 0.4289 0.0517 0.1710 0.0385 0.1129 0.0226 0.1743 
         154  1 0.2314 0.1477 0.1358 0.0726 0.1835 0.0264 0.2026 
         155  1 0.3502 0.0124 0.1704 0.0081 0.1956 0.0078 0.2555 
         156  1 0.1141 0.0476 0.1589 0.0342 0.2159 0.2291 0.2003 
         157  1 0.5140 0.0302 0.1524 0.0069 0.1091 0.0153 0.1721 
         158  1 0.4331 0.0197 0.1977 0.0053 0.1554 0.0135 0.1753 
         159  1 0.1943 0.0190 0.1575 0.2868 0.1635 0.0392 0.1397 
         160  1 0.1380 0.1810 0.2715 0.0099 0.2071 0.0106 0.1819 
         161  1 0.2367 0.0456 0.2775 0.0305 0.2256 0.0285 0.1556 
         162  1 0.1751 0.0085 0.2197 0.0118 0.2902 0.0076 0.2871 
         163  1 0.1041 0.0177 0.3565 0.0054 0.3026 0.0045 0.2093 
         164  1 0.2151 0.0225 0.2593 0.0080 0.2497 0.0044 0.2411 
         165  1 0.3496 0.0057 0.2083 0.0756 0.1058 0.0044 0.2506 
         166  1 0.1502 0.0386 0.3496 0.0041 0.2274 0.0955 0.1346 
         167  1 0.1362 0.0938 0.1961 0.0074 0.2631 0.0058 0.2976 
         168  1 0.2625 0.0098 0.2319 0.0141 0.2083 0.0194 0.2539 
         169  1 0.2874 0.0073 0.2825 0.0045 0.1965 0.0059 0.2159 
         170  1 0.1421 0.0258 0.2801 0.0127 0.2710 0.0089 0.2593 
         171  1 0.1519 0.1736 0.2202 0.0217 0.2235 0.0067 0.2024 
         172  1 0.1764 0.0873 0.2414 0.0101 0.2523 0.0040 0.2286 
         173  1 0.2114 0.0167 0.1978 0.0186 0.2494 0.0112 0.2949 
         174  1 0.2005 0.0253 0.1936 0.1079 0.2154 0.0057 0.2517 
         175  1 0.1472 0.1555 0.2147 0.0137 0.2178 0.0057 0.2453 
         176  1 0.1452 0.0743 0.2965 0.0133 0.2507 0.0111 0.2088 
         177  1 0.1670 0.0290 0.3185 0.0060 0.2607 0.0048 0.2140 
         178  1 0.3636 0.0225 0.2463 0.0160 0.1710 0.0050 0.1756 
         179  1 0.0339 0.8026 0.0565 0.0117 0.0427 0.0142 0.0384 
         180  1 0.1221 0.0205 0.2995 0.0054 0.2725 0.0087 0.2713 
         181  1 0.1720 0.0406 0.3096 0.0148 0.2328 0.0624 0.1678 
         182  1 0.1081 0.0417 0.3893 0.0092 0.2605 0.0297 0.1615 
         183  1 0.2427 0.0738 0.1675 0.0180 0.1944 0.0608 0.2429 
         184  1 0.2822 0.0779 0.2650 0.0084 0.1479 0.0143 0.2042 
         185  1 0.2087 0.0727 0.2277 0.0086 0.2272 0.0222 0.2329 
         186  1 0.0663 0.0075 0.4385 0.0035 0.3079 0.0062 0.1700 
         187  1 0.2099 0.0963 0.1808 0.0290 0.2146 0.0069 0.2625 
         188  1 0.2058 0.0348 0.2204 0.0201 0.2235 0.0086 0.2869 
         189  1 0.1868 0.0962 0.2830 0.0117 0.2231 0.0097 0.1895 
         190  1 0.2185 0.0425 0.2999 0.0288 0.2325 0.0054 0.1724 
         191  1 0.1564 0.0297 0.2434 0.0643 0.2364 0.0742 0.1955 
         192  1 0.1703 0.0949 0.1775 0.0621 0.2626 0.0034 0.2293 
         193  1 0.4276 0.0677 0.1806 0.0092 0.1079 0.0077 0.1993 
         194  1 0.2404 0.0345 0.2377 0.0202 0.2033 0.0067 0.2572 
         195  1 0.1586 0.0169 0.3299 0.0269 0.2692 0.0066 0.1919 
         196  1 0.2127 0.0467 0.1206 0.0064 0.1001 0.3479 0.1656 
         197  1 0.2259 0.0345 0.2486 0.0049 0.1971 0.0303 0.2588 
         198  1 0.3066 0.0400 0.2066 0.0107 0.1759 0.0197 0.2404 
         199  1 0.0980 0.0620 0.3848 0.0084 0.2795 0.0082 0.1591 
         200  1 0.3378 0.0167 0.1962 0.0053 0.1421 0.0258 0.2761 
         201  1 0.1779 0.1737 0.1728 0.0605 0.2004 0.0049 0.2097 
         202  1 0.4674 0.0186 0.1700 0.0052 0.1122 0.0277 0.1989 
         203  1 0.1468 0.0390 0.2778 0.0079 0.2783 0.0449 0.2052 
         204  1 0.3736 0.0058 0.1890 0.0104 0.1782 0.0104 0.2326 
         205  1 0.2568 0.0061 0.1741 0.0247 0.2573 0.0118 0.2692 
         206  1 0.1491 0.0416 0.1815 0.0206 0.3249 0.0086 0.2737 
         207  1 0.1255 0.0603 0.3109 0.0058 0.2613 0.0236 0.2126 
         208  1 0.1767 0.0047 0.2125 0.0051 0.3331 0.0390 0.2289 
         209  1 0.3937 0.0084 0.1498 0.0340 0.1717 0.0100 0.2323 
         210  1 0.3138 0.0144 0.2264 0.0084 0.1997 0.0167 0.2206 
         211  1 0.1592 0.0080 0.2042 0.0059 0.3504 0.0079 0.2644 
         212  1 0.1745 0.0153 0.2193 0.0307 0.2676 0.0241 0.2686 
         213  1 0.3202 0.0127 0.1808 0.0103 0.2087 0.0164 0.2509 
         214  1 0.2753 0.0098 0.2059 0.0305 0.2051 0.0098 0.2636 
         215  1 0.1790 0.0266 0.1791 0.0083 0.3149 0.0125 0.2797 
         216  1 0.2342 0.0219 0.1691 0.0116 0.2559 0.0089 0.2983 
         217  1 0.1795 0.0281 0.3024 0.0311 0.2426 0.0068 0.2094 
         218  1 0.2689 0.0165 0.1990 0.0132 0.2164 0.0372 0.2486 
         219  1 0.2262 0.0161 0.3593 0.0038 0.2121 0.0064 0.1762 
         220  1 0.2049 0.0109 0.1213 0.0108 0.1355 0.3610 0.1555 
         221  1 0.1808 0.0290 0.2484 0.0186 0.2505 0.0260 0.2467 
         222  1 0.2187 0.1334 0.1655 0.0949 0.1741 0.0095 0.2040 
         223  1 0.1841 0.1384 0.2705 0.0226 0.1936 0.0057 0.1851 
         224  1 0.1786 0.0180 0.2307 0.0152 0.2870 0.0052 0.2652 
         225  1 0.0939 0.3329 0.0964 0.2650 0.0997 0.0080 0.1040 
         226  1 0.1695 0.0123 0.1996 0.0278 0.3035 0.0098 0.2775 
         227  1 0.2265 0.0124 0.2008 0.0059 0.2221 0.0087 0.3236 
         228  1 0.2254 0.1051 0.2028 0.0064 0.2195 0.0068 0.2340 
         229  1 0.3048 0.0561 0.1936 0.0164 0.1820 0.0246 0.2224 
         230  1 0.2003 0.0085 0.1935 0.0225 0.3160 0.0062 0.2531 
         231  1 0.1074 0.0122 0.4150 0.0083 0.2944 0.0065 0.1563 
         232  1 0.1888 0.0144 0.1881 0.0039 0.2934 0.0072 0.3042 
         233  1 0.1036 0.0544 0.4145 0.0101 0.2358 0.0148 0.1669 
         234  1 0.2046 0.0732 0.2451 0.0262 0.2173 0.0070 0.2267 
         235  1 0.3470 0.0237 0.2052 0.0097 0.1648 0.0079 0.2416 
         236  1 0.2120 0.0193 0.2959 0.0133 0.2518 0.0227 0.1850 
         237  1 0.2612 0.0348 0.2416 0.0242 0.2004 0.0343 0.2036 
         238  1 0.2607 0.0092 0.1848 0.0328 0.2460 0.0184 0.2480 
         239  1 0.3049 0.0231 0.2780 0.0094 0.1973 0.0163 0.1710 
         240  1 0.1791 0.3018 0.1348 0.0145 0.1001 0.1182 0.1514 
         241  1 0.1699 0.0241 0.2449 0.0062 0.2912 0.0099 0.2538 
         242  1 0.3425 0.0165 0.2267 0.0105 0.1962 0.0285 0.1790 
         243  1 0.3078 0.0069 0.2649 0.0117 0.2412 0.0103 0.1572 
         244  1 0.0963 0.0172 0.2186 0.0042 0.3326 0.0180 0.3131 
         245  1 0.6443 0.0358 0.1111 0.0120 0.0496 0.0133 0.1339 
         246  1 0.1723 0.0151 0.1761 0.0059 0.2889 0.0592 0.2825 
         247  1 0.3839 0.0532 0.1838 0.0285 0.1335 0.0048 0.2122 
         248  1 0.2251 0.0128 0.3087 0.0093 0.2454 0.0193 0.1794 
         249  1 0.3825 0.0209 0.2221 0.0086 0.1727 0.0053 0.1878 
         250  1 0.1095 0.0154 0.3049 0.0361 0.3156 0.0119 0.2067 
         251  1 0.2243 0.0616 0.2244 0.0059 0.2557 0.0243 0.2039 
         252  1 0.2329 0.0073 0.2009 0.0300 0.2369 0.0344 0.2576 
         253  1 0.2956 0.0069 0.2584 0.0090 0.1770 0.0580 0.1952 
         254  1 0.2667 0.0139 0.2095 0.0072 0.2400 0.0102 0.2525 
         255  1 0.3175 0.0090 0.1976 0.0053 0.1747 0.0540 0.2418 
         256  1 0.1498 0.0410 0.3404 0.0105 0.2582 0.0040 0.1962 
         257  1 0.1938 0.0189 0.3497 0.0168 0.2158 0.0248 0.1803 
         258  1 0.2378 0.0422 0.1532 0.0058 0.2443 0.0046 0.3121 
         259  1 0.2141 0.0203 0.2710 0.0056 0.2749 0.0078 0.2064 
         260  1 0.2279 0.0270 0.2603 0.0184 0.2173 0.0088 0.2402 
         261  1 0.4655 0.0217 0.2045 0.0065 0.1213 0.0092 0.1713 
         262  1 0.3098 0.0091 0.1620 0.0067 0.2023 0.0069 0.3033 
         263  1 0.2648 0.0064 0.2329 0.1392 0.1686 0.0095 0.1785 
         264  1 0.5013 0.0134 0.1232 0.0267 0.1233 0.0142 0.1979 
         265  1 0.6087 0.0172 0.1159 0.0233 0.0812 0.0117 0.1420 
         266  1 0.3907 0.0343 0.2044 0.0083 0.1348 0.0209 0.2065 
         267  1 0.2770 0.1164 0.1624 0.0116 0.1317 0.1151 0.1857 
         268  1 0.1791 0.0489 0.1253 0.0640 0.1261 0.2850 0.1717 
         269  1 0.1710 0.3253 0.1247 0.0133 0.1477 0.0227 0.1953 
         270  1 0.2317 0.0125 0.1701 0.0057 0.2784 0.0228 0.2788 
         271  1 0.3003 0.0196 0.2140 0.0328 0.1485 0.0487 0.2361 
         272  1 0.0839 0.6281 0.0890 0.0167 0.0884 0.0093 0.0846 
         273  1 0.2530 0.0368 0.2216 0.0249 0.2204 0.0045 0.2388 
         274  1 0.2296 0.0495 0.2502 0.0247 0.2230 0.0264 0.1966 
         275  1 0.2458 0.0227 0.2369 0.0086 0.2500 0.0281 0.2078 
         276  1 0.1432 0.1126 0.1706 0.1128 0.2206 0.0103 0.2299 
         277  1 0.1725 0.0238 0.3443 0.0126 0.2512 0.0056 0.1900 
         278  1 0.2594 0.0125 0.1661 0.0869 0.1732 0.0811 0.2209 
         279  1 0.1854 0.0234 0.1716 0.0246 0.2817 0.0204 0.2929 
         280  1 0.1593 0.0390 0.2130 0.0054 0.3591 0.0139 0.2104 
         281  1 0.2965 0.0067 0.1819 0.0041 0.2469 0.0314 0.2324 
         282  1 0.2708 0.0339 0.1884 0.0530 0.2101 0.0118 0.2319 
         283  1 0.1933 0.0237 0.2052 0.2342 0.1719 0.0126 0.1592 
         284  1 0.2359 0.0565 0.2275 0.0417 0.2333 0.0080 0.1971 
         285  1 0.4329 0.0174 0.1451 0.0187 0.1059 0.0474 0.2325 
         286  1 0.1657 0.0160 0.3346 0.0091 0.2729 0.0112 0.1905 
         287  1 0.1297 0.0178 0.3499 0.0115 0.2507 0.0585 0.1819 
         288  1 0.1979 0.0320 0.3035 0.0153 0.2279 0.0179 0.2055 
         289  1 0.2815 0.0197 0.2216 0.0095 0.1979 0.0046 0.2653 
         290  1 0.2644 0.0204 0.2564 0.0080 0.2071 0.0222 0.2215 
         291  1 0.1280 0.0085 0.3726 0.0169 0.2995 0.0199 0.1546 
         292  1 0.1988 0.1798 0.1938 0.0334 0.1609 0.0203 0.2130 
         293  1 0.0950 0.0556 0.1812 0.0082 0.3395 0.0122 0.3083 
         294  1 0.1674 0.0069 0.2267 0.0874 0.1886 0.1790 0.1440 
         295  1 0.1377 0.1008 0.2896 0.0093 0.2304 0.0337 0.1985 
         296  1 0.2075 0.0488 0.1849 0.0403 0.2519 0.0077 0.2589 
         297  1 0.2093 0.0339 0.2205 0.0661 0.2339 0.0103 0.2262 
         298  1 0.2228 0.0053 0.2153 0.0069 0.2750 0.0119 0.2629 
         299  1 0.3105 0.0121 0.2094 0.0297 0.1781 0.0220 0.2381 
         300  1 0.3149 0.0860 0.2122 0.0178 0.1387 0.0117 0.2187 
         301  1 0.1086 0.0093 0.2820 0.0055 0.2723 0.1134 0.2089 
         302  1 0.1488 0.0072 0.3735 0.0100 0.2743 0.0061 0.1802 
         303  1 0.3134 0.0090 0.2266 0.0711 0.1932 0.0076 0.1790 
         304  1 0.1233 0.0107 0.2108 0.0092 0.3591 0.0041 0.2828 
         305  1 0.2222 0.0185 0.1685 0.0077 0.2678 0.0288 0.2864 
         306  1 0.2835 0.0105 0.1781 0.0086 0.2420 0.0080 0.2693 
         307  1 0.3339 0.0467 0.1751 0.0252 0.1748 0.0147 0.2296 
         308  1 0.2130 0.0105 0.2023 0.0067 0.2770 0.0187 0.2718 
         309  1 0.2080 0.0703 0.2247 0.0464 0.2093 0.0078 0.2336 
         310  1 0.1977 0.0105 0.1910 0.1045 0.2648 0.0086 0.2229 
         311  1 0.1456 0.0247 0.2080 0.0187 0.3257 0.0066 0.2707 
         312  1 0.1331 0.0988 0.2677 0.0296 0.2460 0.0825 0.1423 
         313  1 0.1875 0.0408 0.1733 0.0058 0.2718 0.0050 0.3159 
         314  1 0.2489 0.1289 0.1454 0.0488 0.1527 0.0945 0.1808 
         315  1 0.1811 0.1081 0.1847 0.0078 0.2297 0.0113 0.2771 
         316  1 0.3777 0.1007 0.1793 0.0816 0.1183 0.0082 0.1342 
         317  1 0.1663 0.0254 0.2873 0.0297 0.2618 0.0233 0.2062 
         318  1 0.1792 0.1325 0.1853 0.0190 0.2362 0.0055 0.2425 
         319  1 0.1730 0.1157 0.2160 0.1697 0.1582 0.0067 0.1608 
         320  1 0.1426 0.0161 0.1729 0.0552 0.1918 0.2501 0.1713 
         321  1 0.3842 0.0228 0.1595 0.0051 0.1884 0.0113 0.2287 
         322  1 0.1525 0.0443 0.2539 0.0160 0.2603 0.0383 0.2347 
         323  1 0.3052 0.0143 0.2604 0.0121 0.2167 0.0265 0.1648 
         324  1 0.2600 0.0217 0.1816 0.0073 0.2217 0.0072 0.3004 
         325  1 0.1662 0.1438 0.1529 0.0261 0.2469 0.0316 0.2325 
         326  1 0.2154 0.0074 0.1698 0.0069 0.3059 0.0038 0.2908 
         327  1 0.1652 0.0720 0.2137 0.0055 0.2750 0.0104 0.2582 
         328  1 0.2453 0.0196 0.2239 0.0162 0.2289 0.0377 0.2284 
         329  1 0.1708 0.0150 0.2636 0.0171 0.2723 0.0286 0.2325 
         330  1 0.0959 0.2751 0.2838 0.0046 0.2007 0.0212 0.1187 
         331  1 0.1451 0.2281 0.1302 0.0051 0.2271 0.0159 0.2487 
         332  1 0.1591 0.0105 0.2415 0.0095 0.3486 0.0036 0.2273 
         333  1 0.1925 0.0079 0.2729 0.0114 0.2680 0.0091 0.2382 
         334  1 0.3650 0.1871 0.1428 0.0053 0.0788 0.0251 0.1959 
         335  1 0.3164 0.0215 0.1606 0.0074 0.1736 0.0588 0.2617 
         336  1 0.0051 0.9693 0.0053 0.0041 0.0055 0.0054 0.0052 
         337  1 0.0602 0.7311 0.0550 0.0364 0.0480 0.0157 0.0537 
         338  1 0.0050 0.9594 0.0052 0.0033 0.0049 0.0167 0.0055 
         339  1 0.0035 0.9795 0.0034 0.0036 0.0034 0.0030 0.0035 
         340  1 0.0063 0.9584 0.0069 0.0121 0.0062 0.0038 0.0062 
         341  1 0.2968 0.0140 0.2768 0.0073 0.1776 0.0096 0.2180 
         342  1 0.0033 0.9808 0.0031 0.0030 0.0033 0.0028 0.0036 
         343  1 0.0093 0.9486 0.0077 0.0091 0.0084 0.0081 0.0087 
         344  1 0.0060 0.9628 0.0059 0.0070 0.0062 0.0060 0.0062 
         345  1 0.0077 0.9501 0.0084 0.0136 0.0078 0.0045 0.0078 
         346  1 0.0065 0.9646 0.0050 0.0079 0.0056 0.0051 0.0054 
         347  1 0.0078 0.9557 0.0075 0.0096 0.0068 0.0049 0.0078 
         348  1 0.0177 0.8733 0.0173 0.0108 0.0185 0.0421 0.0202 
         349  1 0.0030 0.9805 0.0033 0.0031 0.0031 0.0036 0.0033 
         350  1 0.0202 0.8565 0.0250 0.0045 0.0267 0.0391 0.0280 
         351  1 0.0062 0.9544 0.0061 0.0169 0.0060 0.0046 0.0059 
         352  1 0.1282 0.0255 0.1878 0.0060 0.3562 0.0100 0.2863 
         353  1 0.0059 0.9676 0.0053 0.0062 0.0053 0.0043 0.0055 
         354  1 0.0052 0.9674 0.0058 0.0060 0.0059 0.0044 0.0054 
         355  1 0.0062 0.9596 0.0063 0.0093 0.0073 0.0049 0.0064 
         356  1 0.3496 0.0186 0.1819 0.0084 0.1636 0.0206 0.2572 
         357  1 0.0974 0.1049 0.1667 0.1520 0.2721 0.0143 0.1926 
         358  1 0.1943 0.0165 0.3210 0.0108 0.1930 0.0282 0.2362 
         359  1 0.3222 0.0266 0.1864 0.0240 0.1828 0.0090 0.2490 
         360  1 0.1570 0.0513 0.1646 0.0492 0.2936 0.0321 0.2521 
         361  1 0.1497 0.2863 0.1358 0.1373 0.1311 0.0169 0.1429 
         362  1 0.1749 0.0115 0.3787 0.0053 0.2276 0.0307 0.1713 
         363  1 0.1320 0.1137 0.1646 0.0066 0.2793 0.0060 0.2979 
         364  1 0.3551 0.0138 0.2260 0.0062 0.1620 0.0055 0.2315 
         365  1 0.1620 0.1950 0.2033 0.0075 0.2009 0.0093 0.2220 
         366  1 0.1366 0.0369 0.1821 0.0054 0.3061 0.0078 0.3251 
         367  1 0.2175 0.0191 0.2774 0.0135 0.2320 0.0289 0.2115 
         368  1 0.1791 0.0162 0.3620 0.0120 0.2221 0.0122 0.1964 
         369  1 0.1345 0.0497 0.1912 0.0046 0.3209 0.0106 0.2886 
         370  1 0.1569 0.1486 0.2140 0.0515 0.2142 0.0061 0.2087 
         371  1 0.1551 0.0414 0.2779 0.0466 0.2467 0.0103 0.2221 
         372  1 0.2475 0.2161 0.1848 0.0418 0.1312 0.0083 0.1703 
         373  1 0.2254 0.0160 0.2133 0.0153 0.2789 0.0115 0.2396 
         374  1 0.1887 0.0279 0.2311 0.0504 0.1795 0.1257 0.1968 
         375  1 0.1836 0.0271 0.1800 0.0221 0.2741 0.0042 0.3089 
         376  1 0.2184 0.0298 0.1601 0.0127 0.2800 0.0114 0.2876 
         377  1 0.2255 0.0109 0.2034 0.0099 0.2736 0.0132 0.2636 
         378  1 0.1038 0.1496 0.2532 0.0087 0.2389 0.0241 0.2216 
         379  1 0.2220 0.0229 0.2131 0.0116 0.2624 0.0073 0.2606 
         380  1 0.2646 0.0123 0.2223 0.0163 0.2026 0.0067 0.2752 
         381  1 0.1435 0.0385 0.1780 0.0121 0.3167 0.0172 0.2939 
         382  1 0.4512 0.0170 0.1636 0.0254 0.1169 0.0072 0.2187 
         383  1 0.2292 0.0079 0.1787 0.0145 0.2788 0.0464 0.2445 
         384  1 0.2307 0.0393 0.2205 0.0117 0.2429 0.0110 0.2440 
         385  1 0.4077 0.0212 0.1884 0.0046 0.1551 0.0031 0.2198 
         386  1 0.1688 0.0228 0.2178 0.0104 0.3050 0.0310 0.2441 
         387  1 0.1972 0.0732 0.2183 0.0080 0.2422 0.0054 0.2558 
         388  1 0.1713 0.0401 0.3072 0.0116 0.2318 0.0155 0.2226 
         389  1 0.2816 0.0738 0.2045 0.0074 0.1610 0.0215 0.2502 
         390  1 0.2307 0.0705 0.1502 0.0043 0.2694 0.0304 0.2445 
         391  1 0.2418 0.0098 0.1888 0.0065 0.2841 0.0074 0.2617 
         392  1 0.1063 0.0092 0.3968 0.0155 0.2717 0.0040 0.1965 
         393  1 0.2775 0.0318 0.1950 0.0070 0.2052 0.0272 0.2564 
         394  1 0.1537 0.0103 0.3539 0.0071 0.2658 0.0062 0.2031 
         395  1 0.1099 0.0066 0.4156 0.0056 0.2922 0.0076 0.1626 
         396  1 0.2198 0.0174 0.2748 0.0064 0.1980 0.0086 0.2750 
         397  1 0.2132 0.0177 0.3169 0.0071 0.2400 0.0083 0.1969 
         398  1 0.1036 0.1009 0.1266 0.0229 0.1145 0.4342 0.0974 
         399  1 0.2746 0.0248 0.2064 0.0109 0.1889 0.0145 0.2798 
         400  1 0.2802 0.0137 0.2091 0.0312 0.1855 0.0200 0.2603 
         401  1 0.1296 0.0123 0.3784 0.0086 0.2940 0.0152 0.1619 
         402  1 0.1630 0.0065 0.3360 0.0155 0.2747 0.0063 0.1980 
         403  1 0.1651 0.0128 0.1468 0.0065 0.3626 0.0123 0.2939 
         404  1 0.1867 0.0623 0.2752 0.0205 0.2340 0.0060 0.2153 
         405  1 0.0817 0.0257 0.1470 0.0093 0.3780 0.0406 0.3176 
         406  1 0.2160 0.0307 0.2063 0.0476 0.2363 0.0079 0.2552 
         407  1 0.3409 0.0266 0.2099 0.0127 0.1206 0.0083 0.2810 
         408  1 0.1376 0.0118 0.3784 0.0074 0.2739 0.0105 0.1804 
         409  1 0.3064 0.0214 0.2255 0.0211 0.2210 0.0111 0.1936 
         410  1 0.2489 0.0087 0.1649 0.0090 0.2692 0.0140 0.2852 
         411  1 0.1986 0.0634 0.2226 0.0322 0.2358 0.0073 0.2401 
         412  1 0.3092 0.0107 0.2189 0.0155 0.1659 0.0084 0.2713 
         413  1 0.1731 0.0063 0.2796 0.0059 0.2902 0.0102 0.2346 
         414  1 0.1261 0.0266 0.2848 0.0187 0.2759 0.0075 0.2604 
         415  1 0.3327 0.0153 0.2018 0.0071 0.1725 0.0388 0.2318 
         416  1 0.2035 0.0109 0.2730 0.0100 0.2512 0.0080 0.2433 
         417  1 0.1995 0.0227 0.2541 0.0124 0.2619 0.0298 0.2196 
         418  1 0.2302 0.0659 0.1839 0.0056 0.2126 0.0260 0.2760 
         419  1 0.1794 0.0215 0.2750 0.0112 0.2500 0.0434 0.2196 
         420  1 0.1395 0.0075 0.2265 0.0075 0.2501 0.2010 0.1678 
         421  1 0.3578 0.0186 0.1844 0.0099 0.1441 0.0513 0.2338 
         422  1 0.1407 0.0704 0.1755 0.1227 0.2125 0.0671 0.2110 
         423  1 0.2036 0.0303 0.2614 0.0153 0.2635 0.0044 0.2215 
         424  1 0.1623 0.0138 0.2499 0.0159 0.3029 0.0106 0.2445 
         425  1 0.1125 0.0117 0.2144 0.0064 0.3430 0.0057 0.3062 
         426  1 0.1403 0.0615 0.2418 0.0357 0.2585 0.0076 0.2546 
         427  1 0.2676 0.0058 0.3212 0.0050 0.1908 0.0095 0.2001 
         428  1 0.2506 0.0146 0.3020 0.0059 0.2075 0.0100 0.2093 
         429  1 0.5461 0.0071 0.1533 0.0145 0.0879 0.0042 0.1868 
         430  1 0.1700 0.0693 0.1304 0.3390 0.1220 0.0143 0.1550 
         431  1 0.2515 0.0085 0.2916 0.0068 0.2553 0.0077 0.1786 
         432  1 0.1530 0.0845 0.2920 0.0094 0.2378 0.0072 0.2161 
         433  1 0.1918 0.0515 0.1776 0.0250 0.2675 0.0060 0.2805 
         434  1 0.2855 0.0356 0.1811 0.0080 0.1999 0.0140 0.2759 
         435  1 0.2080 0.0061 0.2204 0.0100 0.3024 0.0171 0.2360 
         436  1 0.2951 0.0059 0.2192 0.0088 0.2191 0.0658 0.1860 
         437  1 0.1998 0.0173 0.1570 0.2040 0.1674 0.0706 0.1839 
         438  1 0.2811 0.0069 0.1786 0.0401 0.1856 0.0057 0.3020 
         439  1 0.2469 0.1588 0.2076 0.0160 0.1906 0.0108 0.1694 
         440  1 0.1784 0.0671 0.1587 0.0051 0.2888 0.0312 0.2706 
         441  1 0.4132 0.0079 0.1623 0.0535 0.1284 0.0201 0.2147 
         442  1 0.2055 0.0098 0.1470 0.2123 0.2009 0.0297 0.1948 
         443  1 0.2547 0.1606 0.1473 0.0199 0.1927 0.0097 0.2151 
         444  1 0.3653 0.0589 0.1784 0.0152 0.1474 0.0192 0.2156 
         445  1 0.2065 0.0497 0.2084 0.0086 0.2743 0.0062 0.2462 
         446  1 0.1285 0.0505 0.2856 0.0120 0.2689 0.0137 0.2409 
         447  1 0.1394 0.0378 0.1890 0.0086 0.3101 0.0239 0.2912 
         448  1 0.0728 0.0428 0.1615 0.0634 0.2930 0.0961 0.2704 
         449  1 0.0844 0.0161 0.4015 0.0089 0.3120 0.0253 0.1517 
         450  1 0.0508 0.6175 0.0715 0.0561 0.0721 0.0611 0.0710 
         451  1 0.1539 0.0747 0.2222 0.0047 0.2516 0.0644 0.2285 
         452  1 0.3506 0.0183 0.2524 0.0146 0.1346 0.0081 0.2214 
         453  1 0.2015 0.0116 0.2160 0.0104 0.2850 0.0433 0.2321 
         454  1 0.3493 0.0136 0.1841 0.0533 0.1414 0.0167 0.2416 
         455  1 0.2405 0.0092 0.2588 0.0104 0.2172 0.0044 0.2594 
         456  1 0.2314 0.0599 0.1904 0.0141 0.2081 0.0090 0.2872 
         457  1 0.3556 0.0079 0.1712 0.0052 0.1579 0.0096 0.2927 
         458  1 0.3018 0.2229 0.1405 0.0142 0.1415 0.0122 0.1668 
         459  1 0.1948 0.0403 0.1786 0.0363 0.2629 0.0145 0.2725 
         460  1 0.1426 0.0081 0.3590 0.0562 0.2509 0.0196 0.1636 
         461  1 0.2036 0.0353 0.3014 0.0388 0.1892 0.0524 0.1793 
         462  1 0.1426 0.0076 0.3369 0.0081 0.3113 0.0097 0.1838 
         463  1 0.1612 0.0678 0.1955 0.0350 0.2707 0.0221 0.2477 
         464  1 0.1243 0.0114 0.3519 0.0113 0.2876 0.0370 0.1765 
         465  1 0.2032 0.0851 0.2025 0.0623 0.1994 0.0156 0.2320 
         466  1 0.1241 0.2356 0.1644 0.1505 0.1505 0.0496 0.1254 
         467  1 0.2010 0.0117 0.3313 0.0153 0.2249 0.0154 0.2004 
         468  1 0.1324 0.0496 0.2046 0.0072 0.3192 0.0086 0.2784 
         469  1 0.1387 0.0103 0.2679 0.0071 0.3128 0.0072 0.2561 
         470  1 0.2128 0.0141 0.3095 0.0477 0.2259 0.0098 0.1802 
         471  1 0.2095 0.0069 0.2499 0.0056 0.2788 0.0056 0.2438 
         472  1 0.2213 0.0065 0.2611 0.0359 0.2747 0.0193 0.1813 
         473  1 0.3406 0.0473 0.1841 0.0161 0.1608 0.0102 0.2410 
         474  1 0.2755 0.0202 0.2641 0.0063 0.2219 0.0048 0.2072 
         475  1 0.2116 0.0087 0.2717 0.0048 0.2761 0.0065 0.2206 
         476  1 0.3149 0.0112 0.2496 0.0055 0.1630 0.0117 0.2440 
         477  1 0.2108 0.0455 0.2076 0.0490 0.2536 0.0083 0.2252 
         478  1 0.1876 0.0704 0.2382 0.0861 0.1992 0.0111 0.2074 
         479  1 0.1253 0.0180 0.3057 0.0061 0.2794 0.1120 0.1534 
         480  1 0.1340 0.0085 0.2285 0.0083 0.3093 0.0189 0.2926 
         481  1 0.4048 0.0256 0.2091 0.0104 0.1461 0.0164 0.1876 
         482  1 0.1134 0.0389 0.1618 0.0054 0.3556 0.0091 0.3158 
         483  1 0.3158 0.0078 0.1570 0.0160 0.2521 0.0092 0.2420 
         484  1 0.1539 0.1740 0.2006 0.0062 0.2031 0.0951 0.1672 
         485  1 0.0413 0.3817 0.0365 0.4282 0.0377 0.0337 0.0409 
         486  1 0.3124 0.0884 0.1882 0.0087 0.1476 0.0361 0.2185 
         487  1 0.1637 0.0335 0.2715 0.0085 0.2699 0.0076 0.2454 
         488  1 0.1754 0.0328 0.2650 0.0208 0.2277 0.0525 0.2257 
         489  1 0.1951 0.0114 0.2488 0.0077 0.2579 0.0326 0.2466 
         490  1 0.1393 0.2893 0.1644 0.0121 0.1737 0.0209 0.2002 
         491  1 0.1825 0.0296 0.3413 0.0065 0.2341 0.0086 0.1974 
         492  1 0.1856 0.0127 0.1983 0.0150 0.2855 0.0080 0.2949 
         493  1 0.2146 0.0241 0.2387 0.0036 0.2617 0.0087 0.2486 
         494  1 0.2109 0.0142 0.2611 0.0079 0.2200 0.0066 0.2794 
         495  1 0.2656 0.0143 0.2611 0.0204 0.1804 0.0141 0.2442 
         496  1 0.2214 0.0098 0.1447 0.0866 0.2793 0.0121 0.2461 
         497  1 0.1261 0.1540 0.2411 0.0090 0.2905 0.0092 0.1701 
         498  1 0.2596 0.0261 0.1847 0.0111 0.2404 0.0132 0.2648 
         499  1 0.1509 0.0066 0.3752 0.0054 0.2986 0.0100 0.1534 
         500  1 0.1883 0.0141 0.2498 0.0089 0.2825 0.0063 0.2500 
         501  1 0.2713 0.0448 0.2196 0.0121 0.2424 0.0068 0.2030 
         502  1 0.1806 0.0087 0.2507 0.0498 0.2437 0.1016 0.1649 
         503  1 0.1333 0.0136 0.3403 0.0068 0.3055 0.0042 0.1963 
         504  1 0.1900 0.0532 0.2648 0.0071 0.2336 0.0174 0.2339 
         505  1 0.2222 0.0502 0.1789 0.0758 0.2098 0.0054 0.2577 
         506  1 0.1866 0.0182 0.2700 0.0232 0.2267 0.0480 0.2273 
         507  1 0.2195 0.0770 0.1841 0.0957 0.1778 0.0318 0.2142 
         508  1 0.1916 0.0127 0.3054 0.0099 0.2611 0.0072 0.2122 
         509  1 0.5256 0.0077 0.1125 0.0039 0.1271 0.0069 0.2162 
         510  1 0.1880 0.0585 0.2927 0.0059 0.2051 0.0471 0.2027 
         511  1 0.2370 0.0247 0.2414 0.0097 0.2207 0.0303 0.2362 
         512  1 0.1370 0.0269 0.2352 0.0104 0.3122 0.0075 0.2706 
         513  1 0.2517 0.0086 0.2386 0.0119 0.2020 0.0075 0.2798 
         514  1 0.1630 0.0274 0.2509 0.0182 0.2979 0.0084 0.2342 
         515  1 0.2022 0.0422 0.3034 0.0058 0.2267 0.0108 0.2089 
         516  1 0.1690 0.0603 0.3419 0.0268 0.2390 0.0058 0.1573 
         517  1 0.0912 0.0398 0.3538 0.0293 0.2599 0.0038 0.2223 
         518  1 0.2034 0.0933 0.1900 0.1462 0.1627 0.0121 0.1924 
         519  1 0.1542 0.0554 0.1802 0.0387 0.2062 0.1646 0.2006 
         520  1 0.2425 0.0116 0.2141 0.0132 0.2310 0.0121 0.2754 
         521  1 0.1445 0.0438 0.3597 0.0071 0.2271 0.0353 0.1825 
         522  1 0.1063 0.0323 0.1183 0.0096 0.0975 0.5287 0.1074 
         523  1 0.3024 0.0371 0.1916 0.0192 0.2075 0.0097 0.2325 
         524  1 0.2219 0.0262 0.2443 0.0047 0.2550 0.0054 0.2425 
         525  1 0.1607 0.0107 0.2728 0.0096 0.2814 0.0053 0.2594 
         526  1 0.1141 0.0896 0.2121 0.0173 0.3113 0.0126 0.2430 
         527  1 0.2891 0.0068 0.2641 0.0066 0.2063 0.0195 0.2076 
         528  1 0.1172 0.0075 0.3915 0.0087 0.2990 0.0040 0.1720 
         529  1 0.1058 0.0073 0.2584 0.0140 0.1862 0.3043 0.1239 
         530  1 0.1442 0.0666 0.1891 0.0462 0.2766 0.0220 0.2554 
         531  1 0.2251 0.0397 0.2695 0.0076 0.2051 0.0339 0.2191 
         532  1 0.2110 0.1102 0.1844 0.0143 0.1640 0.1328 0.1834 
         533  1 0.2168 0.0363 0.2563 0.0119 0.2402 0.0155 0.2230 
         534  1 0.1507 0.1667 0.2554 0.0568 0.1996 0.0108 0.1599 
         535  1 0.2420 0.0264 0.2202 0.0155 0.2624 0.0090 0.2246 
         536  1 0.2396 0.0133 0.2469 0.0111 0.2343 0.0229 0.2318 
         537  1 0.1931 0.1379 0.1746 0.0399 0.2146 0.0298 0.2102 
         538  1 0.2947 0.0585 0.1874 0.0041 0.1505 0.0053 0.2996 
         539  1 0.1550 0.0939 0.2305 0.0136 0.2651 0.0056 0.2363 
         540  1 0.1579 0.0165 0.2135 0.0087 0.2967 0.0140 0.2928 
         541  1 0.1400 0.0093 0.3015 0.0104 0.2452 0.0949 0.1987 
         542  1 0.1695 0.0484 0.2331 0.0090 0.2324 0.0567 0.2508 
         543  1 0.3376 0.0111 0.1961 0.0039 0.1658 0.0110 0.2745 
         544  1 0.1838 0.1550 0.1641 0.0420 0.1907 0.0561 0.2084 
         545  1 0.1279 0.2359 0.1309 0.0308 0.2309 0.0282 0.2153 
         546  1 0.2422 0.0235 0.2362 0.0182 0.2185 0.0108 0.2506 
         547  1 0.1590 0.0101 0.2493 0.0075 0.2992 0.0159 0.2591 
         548  1 0.1590 0.0435 0.1553 0.0056 0.3299 0.0150 0.2918 
         549  1 0.0826 0.1338 0.2517 0.0216 0.2744 0.0183 0.2176 
         550  1 0.2656 0.0128 0.2607 0.0056 0.2595 0.0047 0.1911 
         551  1 0.2876 0.0162 0.1773 0.0061 0.2342 0.0602 0.2184 
         552  1 0.0750 0.0232 0.3994 0.0034 0.3577 0.0070 0.1342 
         553  1 0.0909 0.0134 0.4426 0.0227 0.2816 0.0082 0.1405 
         554  1 0.3015 0.0094 0.1926 0.0355 0.2353 0.0123 0.2135 
         555  1 0.1816 0.0221 0.2794 0.0232 0.2647 0.0087 0.2203 
         556  1 0.1390 0.1225 0.2823 0.0205 0.2192 0.0127 0.2038 
         557  1 0.1377 0.0298 0.3271 0.0094 0.3042 0.0112 0.1807 
         558  1 0.1217 0.0219 0.3060 0.0065 0.3369 0.0090 0.1981 
         559  1 0.3931 0.0239 0.1208 0.0309 0.1818 0.0050 0.2444 
         560  1 0.1348 0.0503 0.1900 0.0183 0.3206 0.0064 0.2796 
         561  1 0.2103 0.2497 0.1957 0.0126 0.1401 0.0100 0.1816 
         562  1 0.1793 0.0106 0.2245 0.0101 0.3193 0.0067 0.2495 
         563  1 0.2073 0.0130 0.3029 0.0080 0.2386 0.0073 0.2230 
         564  1 0.1947 0.0120 0.1505 0.2504 0.1755 0.0062 0.2107 
         565  1 0.2118 0.0276 0.2255 0.0087 0.2842 0.0242 0.2180 
         566  1 0.2353 0.0060 0.2374 0.0198 0.2324 0.0285 0.2406 
         567  1 0.2551 0.0104 0.2545 0.0092 0.1779 0.0797 0.2131 
         568  1 0.3691 0.0087 0.1922 0.0331 0.1911 0.0176 0.1881 
         569  1 0.1162 0.0133 0.3994 0.0042 0.3025 0.0080 0.1563 
         570  1 0.2266 0.0199 0.2246 0.0064 0.2748 0.0132 0.2344 
         571  1 0.2404 0.0066 0.2101 0.0072 0.2088 0.0575 0.2693 
         572  1 0.1686 0.0093 0.3244 0.0097 0.2931 0.0105 0.1845 
         573  1 0.1902 0.1130 0.1720 0.1896 0.1354 0.0110 0.1888 
         574  1 0.3583 0.0225 0.2249 0.0276 0.1879 0.0205 0.1585 
         575  1 0.1518 0.0406 0.3173 0.0155 0.2572 0.0059 0.2116 
         576  1 0.0890 0.0159 0.3907 0.0448 0.2867 0.0064 0.1664 
         577  1 0.2476 0.0730 0.2011 0.0561 0.1888 0.0157 0.2178 
         578  1 0.1174 0.0078 0.2319 0.2447 0.2034 0.0295 0.1654 
         579  1 0.1947 0.0203 0.1388 0.0244 0.2990 0.0060 0.3168 
         580  1 0.1958 0.0048 0.3216 0.0078 0.2532 0.0411 0.1757 
         581  1 0.1076 0.0061 0.2953 0.0060 0.3749 0.0035 0.2064 
         582  1 0.2390 0.0821 0.1773 0.0976 0.1548 0.0350 0.2143 
         583  1 0.1547 0.0485 0.2039 0.1026 0.2013 0.0661 0.2230 
         584  1 0.1695 0.0940 0.1813 0.0149 0.2990 0.0128 0.2286 
         585  1 0.1579 0.0952 0.2024 0.0202 0.2130 0.1142 0.1971 
         586  1 0.3468 0.0747 0.1581 0.0113 0.2083 0.0163 0.1844 
         587  1 0.1768 0.0679 0.2875 0.0112 0.2605 0.0058 0.1902 
         588  1 0.3253 0.0092 0.1736 0.0248 0.2016 0.0207 0.2448 
         589  1 0.3709 0.0050 0.1809 0.0389 0.1301 0.0180 0.2562 
         590  1 0.2698 0.0954 0.1253 0.0179 0.1893 0.0152 0.2870 
         591  1 0.2547 0.0046 0.1892 0.0062 0.2442 0.0666 0.2345 
         592  1 0.4371 0.0164 0.1905 0.0156 0.1090 0.0073 0.2241 
         593  1 0.1204 0.0071 0.3646 0.0158 0.3161 0.0063 0.1697 
         594  1 0.3065 0.0378 0.2295 0.0261 0.1767 0.0060 0.2174 
         595  1 0.0596 0.0262 0.0825 0.0124 0.0671 0.6917 0.0603 
         596  1 0.2460 0.0183 0.1983 0.0132 0.2525 0.0214 0.2503 
         597  1 0.1645 0.0711 0.2498 0.0197 0.2475 0.0309 0.2165 
         598  1 0.1135 0.2502 0.2260 0.0060 0.2018 0.0052 0.1974 
         599  1 0.2455 0.0264 0.2042 0.0390 0.1977 0.0192 0.2679 
         600  1 0.1432 0.0279 0.1895 0.0370 0.2893 0.0544 0.2587 
         601  1 0.1895 0.1148 0.1789 0.1150 0.1987 0.0059 0.1973 
         602  1 0.3088 0.0202 0.1560 0.0479 0.2029 0.0133 0.2509 
         603  1 0.1421 0.0105 0.2398 0.0106 0.2879 0.0430 0.2661 
         604  1 0.3308 0.0067 0.2204 0.0106 0.1942 0.0232 0.2141 
         605  1 0.3083 0.1060 0.1950 0.0077 0.1978 0.0165 0.1686 
         606  1 0.2324 0.0265 0.1717 0.0163 0.2716 0.0316 0.2499 
