           1  1 0.1181 0.8049 0.0078 0.0692 
           2  1 0.0559 0.0394 0.0062 0.8985 
           3  1 0.3695 0.2866 0.0109 0.3330 
           4  1 0.0386 0.6448 0.0066 0.3100 
           5  1 0.0171 0.0977 0.0524 0.8327 
           6  1 0.0199 0.4474 0.0234 0.5094 
           7  1 0.0167 0.0326 0.0082 0.9425 
           8  1 0.4350 0.0298 0.0051 0.5301 
           9  1 0.0827 0.7079 0.0091 0.2003 
          10  1 0.4082 0.3307 0.0687 0.1924 
          11  1 0.0306 0.6382 0.0097 0.3215 
          12  1 0.2244 0.1120 0.0052 0.6584 
          13  1 0.1587 0.1772 0.0077 0.6565 
          14  1 0.0569 0.4685 0.0107 0.4639 
          15  1 0.1723 0.7471 0.0112 0.0694 
          16  1 0.0473 0.5425 0.0076 0.4026 
          17  1 0.0681 0.3194 0.0272 0.5853 
          18  1 0.3455 0.2703 0.0140 0.3702 
          19  1 0.2657 0.5819 0.0124 0.1401 
          20  1 0.1301 0.0253 0.2780 0.5666 
          21  1 0.3222 0.2788 0.0550 0.3440 
          22  1 0.0172 0.8393 0.0060 0.1374 
          23  1 0.0305 0.0604 0.0138 0.8953 
          24  1 0.0877 0.3759 0.0714 0.4651 
          25  1 0.2426 0.4211 0.0359 0.3004 
          26  1 0.0417 0.4597 0.0053 0.4934 
          27  1 0.0446 0.4785 0.0092 0.4677 
          28  1 0.1512 0.4598 0.1725 0.2165 
          29  1 0.1418 0.2070 0.0562 0.5950 
          30  1 0.0362 0.6443 0.0043 0.3152 
          31  1 0.0136 0.3635 0.0098 0.6131 
          32  1 0.0140 0.1367 0.0060 0.8433 
          33  1 0.0170 0.1865 0.0058 0.7907 
          34  1 0.5432 0.2295 0.0241 0.2033 
          35  1 0.0275 0.0824 0.0110 0.8791 
          36  1 0.0173 0.0915 0.0068 0.8844 
          37  1 0.0984 0.3690 0.1094 0.4232 
          38  1 0.0584 0.1766 0.0088 0.7562 
          39  1 0.0266 0.9226 0.0093 0.0416 
          40  1 0.0182 0.3292 0.0181 0.6346 
          41  1 0.0488 0.4355 0.0150 0.5007 
          42  1 0.2440 0.0766 0.0161 0.6633 
          43  1 0.2717 0.2192 0.0129 0.4962 
          44  1 0.0344 0.3830 0.0450 0.5376 
          45  1 0.5094 0.1151 0.0046 0.3709 
          46  1 0.0823 0.2122 0.0131 0.6924 
          47  1 0.0267 0.6969 0.0439 0.2325 
          48  1 0.0475 0.1156 0.0469 0.7900 
          49  1 0.6460 0.2008 0.0225 0.1306 
          50  1 0.2071 0.3166 0.0085 0.4678 
          51  1 0.1261 0.0650 0.0060 0.8029 
          52  1 0.0155 0.1095 0.0057 0.8692 
          53  1 0.7205 0.0159 0.0065 0.2571 
          54  1 0.0448 0.2838 0.1209 0.5505 
          55  1 0.8111 0.0431 0.0128 0.1330 
          56  1 0.0184 0.7568 0.0198 0.2050 
          57  1 0.1036 0.2040 0.0082 0.6843 
          58  1 0.0735 0.5245 0.0342 0.3677 
          59  1 0.0223 0.2535 0.0068 0.7174 
          60  1 0.0953 0.3191 0.0174 0.5682 
          61  1 0.0644 0.4679 0.2035 0.2641 
          62  1 0.1023 0.0852 0.0083 0.8042 
          63  1 0.1081 0.1183 0.0148 0.7588 
          64  1 0.0873 0.6315 0.0073 0.2740 
          65  1 0.0484 0.3720 0.0101 0.5695 
          66  1 0.0697 0.0475 0.0108 0.8720 
          67  1 0.0580 0.1067 0.0637 0.7715 
          68  1 0.0460 0.7198 0.0200 0.2142 
          69  1 0.0253 0.3632 0.1576 0.4538 
          70  1 0.1379 0.4222 0.0224 0.4176 
          71  1 0.0179 0.1374 0.0301 0.8147 
          72  1 0.1494 0.1310 0.0167 0.7029 
          73  1 0.1691 0.6430 0.0106 0.1773 
          74  1 0.0352 0.6829 0.0097 0.2722 
          75  1 0.0900 0.0440 0.0081 0.8579 
          76  1 0.0225 0.0705 0.0087 0.8983 
          77  1 0.9716 0.0078 0.0137 0.0069 
          78  1 0.9570 0.0122 0.0216 0.0093 
          79  1 0.9755 0.0064 0.0111 0.0070 
          80  1 0.9798 0.0075 0.0047 0.0081 
          81  1 0.9781 0.0063 0.0053 0.0103 
          82  1 0.9737 0.0064 0.0105 0.0094 
          83  1 0.9646 0.0087 0.0191 0.0076 
          84  1 0.9662 0.0137 0.0082 0.0119 
          85  1 0.9711 0.0099 0.0086 0.0104 
          86  1 0.8926 0.0454 0.0100 0.0520 
          87  1 0.9760 0.0085 0.0065 0.0091 
          88  1 0.9649 0.0103 0.0150 0.0099 
          89  1 0.9602 0.0082 0.0224 0.0092 
          90  1 0.8200 0.0672 0.0139 0.0989 
          91  1 0.9656 0.0116 0.0138 0.0089 
          92  1 0.9510 0.0075 0.0331 0.0084 
          93  1 0.9769 0.0069 0.0073 0.0090 
          94  1 0.9711 0.0071 0.0138 0.0079 
          95  1 0.9496 0.0150 0.0181 0.0172 
          96  1 0.9782 0.0084 0.0058 0.0076 
          97  1 0.8386 0.0231 0.1182 0.0201 
          98  1 0.8174 0.0988 0.0186 0.0652 
          99  1 0.9759 0.0105 0.0052 0.0084 
         100  1 0.9694 0.0089 0.0088 0.0129 
         101  1 0.9743 0.0099 0.0056 0.0103 
         102  1 0.9291 0.0163 0.0331 0.0215 
         103  1 0.0416 0.7090 0.0085 0.2409 
         104  1 0.0355 0.4819 0.0057 0.4768 
         105  1 0.1683 0.3711 0.0262 0.4345 
         106  1 0.1845 0.1859 0.0160 0.6136 
         107  1 0.0400 0.7645 0.0085 0.1870 
         108  1 0.4338 0.3972 0.0214 0.1475 
         109  1 0.1413 0.4407 0.0447 0.3734 
         110  1 0.0190 0.2086 0.0193 0.7531 
         111  1 0.0820 0.1258 0.0076 0.7846 
         112  1 0.1435 0.3047 0.0058 0.5460 
         113  1 0.1842 0.0795 0.0097 0.7266 
         114  1 0.0563 0.0433 0.0094 0.8910 
         115  1 0.0400 0.7265 0.0480 0.1855 
         116  1 0.0443 0.5810 0.0049 0.3698 
         117  1 0.1308 0.3864 0.0089 0.4739 
         118  1 0.0294 0.5266 0.0081 0.4358 
         119  1 0.0448 0.2666 0.0055 0.6832 
         120  1 0.5880 0.1993 0.0056 0.2071 
         121  1 0.3074 0.4218 0.0139 0.2570 
         122  1 0.0502 0.5920 0.0180 0.3398 
         123  1 0.1514 0.5973 0.0165 0.2348 
         124  1 0.1876 0.4159 0.0105 0.3859 
         125  1 0.0531 0.0965 0.0100 0.8405 
         126  1 0.4809 0.2635 0.0189 0.2367 
         127  1 0.0712 0.3975 0.0123 0.5190 
         128  1 0.9324 0.0253 0.0059 0.0364 
         129  1 0.4344 0.2804 0.0146 0.2706 
         130  1 0.0451 0.3908 0.0135 0.5506 
         131  1 0.4624 0.3866 0.0074 0.1436 
         132  1 0.0616 0.0311 0.0040 0.9033 
         133  1 0.7241 0.0901 0.0061 0.1797 
         134  1 0.3143 0.0390 0.0083 0.6384 
         135  1 0.6924 0.1081 0.0461 0.1534 
         136  1 0.6367 0.1426 0.0132 0.2075 
         137  1 0.0227 0.7834 0.0120 0.1819 
         138  1 0.2264 0.0659 0.0089 0.6989 
         139  1 0.1435 0.5377 0.0067 0.3120 
         140  1 0.2418 0.4047 0.0690 0.2845 
         141  1 0.0292 0.1711 0.0080 0.7917 
         142  1 0.0365 0.4315 0.0100 0.5219 
         143  1 0.4230 0.4104 0.0072 0.1594 
         144  1 0.1078 0.4971 0.0069 0.3882 
         145  1 0.0510 0.6691 0.0583 0.2215 
         146  1 0.4215 0.2247 0.0266 0.3271 
         147  1 0.0353 0.8151 0.0231 0.1265 
         148  1 0.5441 0.0558 0.0094 0.3907 
         149  1 0.0312 0.7060 0.0366 0.2262 
         150  1 0.7138 0.0563 0.0738 0.1562 
         151  1 0.0934 0.1506 0.0111 0.7449 
         152  1 0.0640 0.5698 0.2410 0.1252 
         153  1 0.0413 0.2204 0.0430 0.6953 
         154  1 0.0848 0.6732 0.0761 0.1659 
         155  1 0.1075 0.2264 0.0111 0.6550 
         156  1 0.7624 0.1550 0.0273 0.0552 
         157  1 0.2483 0.1169 0.0092 0.6256 
         158  1 0.1443 0.2046 0.0066 0.6445 
         159  1 0.2467 0.2070 0.3146 0.2317 
         160  1 0.0800 0.7659 0.0105 0.1435 
         161  1 0.1635 0.4520 0.0357 0.3487 
         162  1 0.0927 0.3390 0.0150 0.5533 
         163  1 0.0462 0.6999 0.0061 0.2478 
         164  1 0.0305 0.3787 0.0096 0.5812 
         165  1 0.0133 0.0300 0.0949 0.8618 
         166  1 0.8469 0.0693 0.0049 0.0789 
         167  1 0.0398 0.8058 0.0080 0.1464 
         168  1 0.3280 0.1479 0.0162 0.5079 
         169  1 0.0234 0.1742 0.0051 0.7972 
         170  1 0.1035 0.6461 0.0146 0.2358 
         171  1 0.2342 0.4785 0.0331 0.2542 
         172  1 0.0231 0.6940 0.0125 0.2704 
         173  1 0.0520 0.3611 0.0225 0.5644 
         174  1 0.0244 0.4622 0.1261 0.3873 
         175  1 0.0237 0.8065 0.0145 0.1553 
         176  1 0.1206 0.7001 0.0136 0.1657 
         177  1 0.0252 0.3134 0.0066 0.6548 
         178  1 0.0354 0.2515 0.0166 0.6965 
         179  1 0.2022 0.6975 0.0212 0.0792 
         180  1 0.0980 0.6976 0.0056 0.1988 
         181  1 0.6558 0.2194 0.0137 0.1110 
         182  1 0.5683 0.2014 0.0122 0.2181 
         183  1 0.3014 0.3901 0.0234 0.2851 
         184  1 0.1324 0.3722 0.0093 0.4861 
         185  1 0.3870 0.3480 0.0090 0.2561 
         186  1 0.1756 0.6137 0.0043 0.2065 
         187  1 0.0363 0.4609 0.0335 0.4692 
         188  1 0.1071 0.4242 0.0246 0.4441 
         189  1 0.0760 0.5949 0.0123 0.3168 
         190  1 0.0317 0.5209 0.0277 0.4197 
         191  1 0.4101 0.4022 0.0627 0.1250 
         192  1 0.0161 0.8102 0.0460 0.1277 
         193  1 0.0904 0.1546 0.0108 0.7443 
         194  1 0.0359 0.3279 0.0238 0.6124 
         195  1 0.0627 0.3276 0.0297 0.5800 
         196  1 0.8831 0.0320 0.0069 0.0780 
         197  1 0.3348 0.2350 0.0062 0.4240 
         198  1 0.2093 0.2932 0.0117 0.4858 
         199  1 0.1958 0.6126 0.0111 0.1806 
         200  1 0.2007 0.1094 0.0066 0.6833 
         201  1 0.0611 0.5158 0.0781 0.3451 
         202  1 0.3569 0.0549 0.0059 0.5823 
         203  1 0.2750 0.5789 0.0088 0.1373 
         204  1 0.2556 0.0306 0.0129 0.7009 
         205  1 0.2191 0.1254 0.0310 0.6244 
         206  1 0.0326 0.7757 0.0218 0.1700 
         207  1 0.2114 0.6092 0.0064 0.1730 
         208  1 0.8538 0.0366 0.0056 0.1040 
         209  1 0.0563 0.0984 0.0348 0.8105 
         210  1 0.0668 0.2803 0.0107 0.6422 
         211  1 0.4444 0.1418 0.0062 0.4075 
         212  1 0.3265 0.3733 0.0290 0.2712 
         213  1 0.2550 0.1715 0.0147 0.5589 
         214  1 0.0777 0.0960 0.0344 0.7918 
         215  1 0.2086 0.5751 0.0100 0.2063 
         216  1 0.0384 0.3902 0.0138 0.5577 
         217  1 0.0886 0.3826 0.0399 0.4889 
         218  1 0.2935 0.2516 0.0164 0.4385 
         219  1 0.0251 0.4603 0.0044 0.5103 
         220  1 0.8298 0.0322 0.0133 0.1247 
         221  1 0.4324 0.3375 0.0211 0.2090 
         222  1 0.0427 0.4748 0.1123 0.3701 
         223  1 0.0219 0.7954 0.0250 0.1577 
         224  1 0.0288 0.5606 0.0161 0.3945 
         225  1 0.0377 0.6037 0.2531 0.1056 
         226  1 0.3971 0.2675 0.0389 0.2966 
         227  1 0.0296 0.2167 0.0067 0.7470 
         228  1 0.0409 0.4988 0.0080 0.4523 
         229  1 0.1550 0.3247 0.0188 0.5014 
         230  1 0.0193 0.5381 0.0226 0.4200 
         231  1 0.0720 0.6904 0.0088 0.2288 
         232  1 0.0411 0.5815 0.0045 0.3730 
         233  1 0.1834 0.6307 0.0130 0.1729 
         234  1 0.0903 0.4908 0.0301 0.3887 
         235  1 0.0415 0.1178 0.0123 0.8285 
         236  1 0.1831 0.6136 0.0163 0.1870 
         237  1 0.6529 0.1572 0.0276 0.1624 
         238  1 0.2152 0.2363 0.0370 0.5115 
         239  1 0.2569 0.1067 0.0131 0.6233 
         240  1 0.3587 0.2980 0.0170 0.3263 
         241  1 0.0814 0.5907 0.0072 0.3207 
         242  1 0.4439 0.1613 0.0127 0.3820 
         243  1 0.1154 0.1309 0.0148 0.7389 
         244  1 0.0933 0.8016 0.0049 0.1002 
         245  1 0.0367 0.0285 0.0153 0.9195 
         246  1 0.6718 0.2116 0.0063 0.1103 
         247  1 0.0154 0.2036 0.0368 0.7443 
         248  1 0.5844 0.1012 0.0110 0.3034 
         249  1 0.0563 0.4746 0.0102 0.4589 
         250  1 0.3233 0.5173 0.0412 0.1182 
         251  1 0.0942 0.7144 0.0069 0.1846 
         252  1 0.3005 0.1607 0.0360 0.5028 
         253  1 0.8712 0.0214 0.0078 0.0996 
         254  1 0.1668 0.1173 0.0082 0.7076 
         255  1 0.7919 0.0325 0.0064 0.1692 
         256  1 0.0243 0.7836 0.0112 0.1809 
         257  1 0.2419 0.3166 0.0210 0.4206 
         258  1 0.0177 0.4816 0.0066 0.4940 
         259  1 0.0798 0.2964 0.0063 0.6175 
         260  1 0.0497 0.3665 0.0227 0.5610 
         261  1 0.0250 0.2427 0.0078 0.7245 
         262  1 0.0366 0.1103 0.0080 0.8451 
         263  1 0.0510 0.0547 0.1407 0.7536 
         264  1 0.0607 0.0179 0.0310 0.8905 
         265  1 0.0214 0.1095 0.0303 0.8388 
         266  1 0.0467 0.1323 0.0099 0.8111 
         267  1 0.2544 0.1865 0.0133 0.5458 
         268  1 0.4482 0.2005 0.0877 0.2636 
         269  1 0.0461 0.8238 0.0142 0.1159 
         270  1 0.2112 0.3653 0.0079 0.4156 
         271  1 0.3224 0.1031 0.0411 0.5333 
         272  1 0.0147 0.8976 0.0275 0.0602 
         273  1 0.0391 0.4766 0.0260 0.4583 
         274  1 0.2102 0.4511 0.0297 0.3090 
         275  1 0.3439 0.2627 0.0109 0.3825 
         276  1 0.0402 0.7254 0.1067 0.1277 
         277  1 0.0192 0.6719 0.0148 0.2942 
         278  1 0.4880 0.0953 0.1105 0.3062 
         279  1 0.1612 0.3781 0.0342 0.4264 
         280  1 0.2059 0.5946 0.0060 0.1935 
         281  1 0.5630 0.0475 0.0049 0.3846 
         282  1 0.4306 0.2325 0.0699 0.2671 
         283  1 0.1774 0.1913 0.2991 0.3322 
         284  1 0.0271 0.6399 0.0435 0.2894 
         285  1 0.1482 0.0564 0.0209 0.7746 
         286  1 0.5016 0.1869 0.0109 0.3007 
         287  1 0.6145 0.2098 0.0116 0.1641 
         288  1 0.2416 0.4375 0.0169 0.3040 
         289  1 0.0192 0.1008 0.0109 0.8690 
         290  1 0.4061 0.1773 0.0089 0.4078 
         291  1 0.1980 0.3528 0.0213 0.4278 
         292  1 0.1087 0.6154 0.0434 0.2326 
         293  1 0.1258 0.7719 0.0090 0.0933 
         294  1 0.4306 0.1794 0.1042 0.2858 
         295  1 0.2732 0.6285 0.0111 0.0873 
         296  1 0.0462 0.5070 0.0598 0.3870 
         297  1 0.1646 0.3286 0.0863 0.4205 
         298  1 0.2114 0.1615 0.0081 0.6189 
         299  1 0.3068 0.0987 0.0361 0.5584 
         300  1 0.2130 0.1991 0.0236 0.5644 
         301  1 0.8067 0.1238 0.0052 0.0642 
         302  1 0.2019 0.2308 0.0114 0.5559 
         303  1 0.0850 0.0780 0.0649 0.7722 
         304  1 0.0252 0.6555 0.0106 0.3088 
         305  1 0.3343 0.3788 0.0085 0.2784 
         306  1 0.0442 0.3429 0.0098 0.6031 
         307  1 0.1512 0.2581 0.0353 0.5554 
         308  1 0.4600 0.1912 0.0100 0.3388 
         309  1 0.0361 0.6640 0.0533 0.2465 
         310  1 0.0609 0.3376 0.1976 0.4039 
         311  1 0.0851 0.6133 0.0263 0.2753 
         312  1 0.5608 0.2611 0.0346 0.1436 
         313  1 0.0380 0.5133 0.0067 0.4420 
         314  1 0.7872 0.0869 0.0485 0.0775 
         315  1 0.0501 0.6421 0.0098 0.2979 
         316  1 0.0662 0.3527 0.1036 0.4774 
         317  1 0.2923 0.3207 0.0340 0.3530 
         318  1 0.0115 0.8284 0.0188 0.1414 
         319  1 0.0546 0.4648 0.2108 0.2698 
         320  1 0.7286 0.1402 0.0483 0.0828 
         321  1 0.0810 0.1134 0.0062 0.7993 
         322  1 0.2625 0.6232 0.0162 0.0981 
         323  1 0.1613 0.2892 0.0144 0.5351 
         324  1 0.0870 0.2705 0.0081 0.6344 
         325  1 0.0579 0.7442 0.0288 0.1691 
         326  1 0.1135 0.2651 0.0088 0.6127 
         327  1 0.1472 0.4795 0.0063 0.3670 
         328  1 0.5044 0.1618 0.0202 0.3136 
         329  1 0.6729 0.1458 0.0218 0.1595 
         330  1 0.2869 0.5150 0.0046 0.1935 
         331  1 0.0294 0.8695 0.0059 0.0952 
         332  1 0.0455 0.5868 0.0102 0.3576 
         333  1 0.1688 0.1462 0.0131 0.6719 
         334  1 0.1010 0.1247 0.0071 0.7672 
         335  1 0.2851 0.2119 0.0091 0.4939 
         336  1 0.0215 0.9340 0.0079 0.0365 
         337  1 0.0546 0.6499 0.0464 0.2490 
         338  1 0.2143 0.7249 0.0097 0.0511 
         339  1 0.0078 0.9694 0.0108 0.0119 
         340  1 0.0121 0.9162 0.0438 0.0279 
         341  1 0.0607 0.2838 0.0077 0.6478 
         342  1 0.0085 0.9699 0.0077 0.0139 
         343  1 0.0711 0.8805 0.0101 0.0383 
         344  1 0.0289 0.9351 0.0167 0.0194 
         345  1 0.0115 0.9608 0.0135 0.0141 
         346  1 0.0100 0.9508 0.0190 0.0202 
         347  1 0.0130 0.9304 0.0127 0.0439 
         348  1 0.1215 0.7341 0.0382 0.1062 
         349  1 0.0122 0.9693 0.0079 0.0107 
         350  1 0.3980 0.5522 0.0110 0.0388 
         351  1 0.0113 0.8829 0.0854 0.0204 
         352  1 0.2605 0.4772 0.0073 0.2550 
         353  1 0.0174 0.9326 0.0298 0.0201 
         354  1 0.0115 0.9470 0.0252 0.0162 
         355  1 0.0258 0.9112 0.0298 0.0331 
         356  1 0.3095 0.0816 0.0110 0.5980 
         357  1 0.0532 0.7113 0.1576 0.0778 
         358  1 0.3157 0.4046 0.0133 0.2664 
         359  1 0.0329 0.1722 0.0255 0.7694 
         360  1 0.3842 0.4621 0.0579 0.0958 
         361  1 0.2019 0.4345 0.1277 0.2360 
         362  1 0.5277 0.1209 0.0060 0.3454 
         363  1 0.0212 0.8575 0.0072 0.1141 
         364  1 0.0433 0.1416 0.0077 0.8074 
         365  1 0.0224 0.8792 0.0077 0.0908 
         366  1 0.0179 0.8523 0.0056 0.1243 
         367  1 0.4535 0.1878 0.0184 0.3402 
         368  1 0.2547 0.3497 0.0159 0.3797 
         369  1 0.0909 0.7775 0.0057 0.1258 
         370  1 0.0406 0.7350 0.0566 0.1677 
         371  1 0.1042 0.6057 0.0649 0.2251 
         372  1 0.0181 0.7084 0.0550 0.2185 
         373  1 0.0851 0.4280 0.0207 0.4662 
         374  1 0.6054 0.2052 0.0500 0.1394 
         375  1 0.0249 0.4476 0.0295 0.4981 
         376  1 0.1076 0.5327 0.0163 0.3433 
         377  1 0.2700 0.2164 0.0124 0.5012 
         378  1 0.1385 0.8097 0.0096 0.0422 
         379  1 0.0669 0.4667 0.0147 0.4518 
         380  1 0.0370 0.1189 0.0179 0.8262 
         381  1 0.0837 0.7198 0.0140 0.1825 
         382  1 0.0236 0.1037 0.0265 0.8462 
         383  1 0.4348 0.2089 0.0200 0.3363 
         384  1 0.2104 0.4309 0.0167 0.3420 
         385  1 0.0105 0.1584 0.0049 0.8262 
         386  1 0.4326 0.4124 0.0101 0.1448 
         387  1 0.0229 0.7627 0.0086 0.2058 
         388  1 0.2663 0.4593 0.0164 0.2580 
         389  1 0.1805 0.1786 0.0086 0.6324 
         390  1 0.2140 0.6260 0.0045 0.1555 
         391  1 0.0569 0.5028 0.0083 0.4320 
         392  1 0.0455 0.5630 0.0205 0.3711 
         393  1 0.2523 0.3146 0.0089 0.4243 
         394  1 0.3019 0.1953 0.0091 0.4936 
         395  1 0.1726 0.2753 0.0078 0.5444 
         396  1 0.1487 0.2323 0.0078 0.6112 
         397  1 0.1114 0.3666 0.0095 0.5125 
         398  1 0.8497 0.0600 0.0249 0.0654 
         399  1 0.1182 0.2759 0.0139 0.5919 
         400  1 0.3049 0.1530 0.0485 0.4935 
         401  1 0.1913 0.4615 0.0098 0.3374 
         402  1 0.1285 0.3124 0.0211 0.5380 
         403  1 0.1912 0.4597 0.0075 0.3416 
         404  1 0.0639 0.5527 0.0230 0.3605 
         405  1 0.2385 0.6587 0.0119 0.0909 
         406  1 0.1253 0.3533 0.0613 0.4601 
         407  1 0.0451 0.1100 0.0142 0.8307 
         408  1 0.2047 0.3259 0.0105 0.4589 
         409  1 0.0622 0.4081 0.0234 0.5062 
         410  1 0.3188 0.1088 0.0114 0.5610 
         411  1 0.0562 0.5272 0.0357 0.3809 
         412  1 0.0633 0.2285 0.0179 0.6903 
         413  1 0.1753 0.3644 0.0072 0.4531 
         414  1 0.1554 0.6256 0.0199 0.1991 
         415  1 0.7105 0.0853 0.0087 0.1955 
         416  1 0.0986 0.1753 0.0119 0.7141 
         417  1 0.5793 0.2282 0.0148 0.1776 
         418  1 0.2533 0.4044 0.0066 0.3356 
         419  1 0.5582 0.2285 0.0147 0.1987 
         420  1 0.8969 0.0342 0.0074 0.0615 
         421  1 0.6499 0.0758 0.0110 0.2634 
         422  1 0.5583 0.2424 0.1195 0.0797 
         423  1 0.0251 0.4296 0.0182 0.5271 
         424  1 0.0805 0.5715 0.0207 0.3273 
         425  1 0.0274 0.7686 0.0087 0.1953 
         426  1 0.0421 0.7308 0.0467 0.1803 
         427  1 0.1336 0.2269 0.0060 0.6335 
         428  1 0.0974 0.4703 0.0068 0.4255 
         429  1 0.0154 0.0419 0.0175 0.9252 
         430  1 0.0477 0.2729 0.4004 0.2791 
         431  1 0.0461 0.0822 0.0076 0.8641 
         432  1 0.0565 0.7441 0.0110 0.1883 
         433  1 0.0731 0.5274 0.0338 0.3656 
         434  1 0.1701 0.1195 0.0100 0.7004 
         435  1 0.7518 0.0492 0.0147 0.1843 
         436  1 0.9048 0.0168 0.0103 0.0680 
         437  1 0.3795 0.1428 0.2309 0.2468 
         438  1 0.0325 0.0745 0.0500 0.8430 
         439  1 0.0320 0.8398 0.0162 0.1119 
         440  1 0.1863 0.6021 0.0057 0.2059 
         441  1 0.2768 0.0511 0.1079 0.5641 
         442  1 0.2466 0.1213 0.2352 0.3969 
         443  1 0.0446 0.5267 0.0236 0.4051 
         444  1 0.0624 0.3077 0.0172 0.6127 
         445  1 0.0591 0.6487 0.0107 0.2815 
         446  1 0.0473 0.8275 0.0141 0.1111 
         447  1 0.2903 0.5451 0.0107 0.1539 
         448  1 0.3237 0.5797 0.0612 0.0354 
         449  1 0.4252 0.4480 0.0092 0.1176 
         450  1 0.0955 0.7700 0.0959 0.0386 
         451  1 0.4271 0.4454 0.0060 0.1215 
         452  1 0.1121 0.0981 0.0194 0.7704 
         453  1 0.7840 0.0887 0.0117 0.1155 
         454  1 0.0907 0.1976 0.0608 0.6509 
         455  1 0.0345 0.2436 0.0099 0.7120 
         456  1 0.0408 0.4032 0.0150 0.5410 
         457  1 0.2180 0.0405 0.0059 0.7356 
         458  1 0.0382 0.5818 0.0205 0.3595 
         459  1 0.1332 0.5469 0.0444 0.2756 
         460  1 0.6333 0.1060 0.0898 0.1709 
         461  1 0.7544 0.0926 0.0352 0.1178 
         462  1 0.2120 0.4738 0.0101 0.3041 
         463  1 0.2779 0.5377 0.0390 0.1455 
         464  1 0.8295 0.0806 0.0117 0.0783 
         465  1 0.1247 0.5410 0.0853 0.2490 
         466  1 0.2428 0.4980 0.1716 0.0877 
         467  1 0.1893 0.2818 0.0190 0.5099 
         468  1 0.2050 0.6438 0.0097 0.1415 
         469  1 0.1914 0.5128 0.0089 0.2869 
         470  1 0.1094 0.2907 0.0584 0.5415 
         471  1 0.3000 0.1261 0.0065 0.5674 
         472  1 0.3646 0.1144 0.0378 0.4832 
         473  1 0.0444 0.2003 0.0180 0.7373 
         474  1 0.0368 0.3126 0.0086 0.6419 
         475  1 0.0352 0.1680 0.0055 0.7914 
         476  1 0.3022 0.0921 0.0064 0.5993 
         477  1 0.1706 0.4133 0.0782 0.3379 
         478  1 0.0607 0.5474 0.0945 0.2974 
         479  1 0.9259 0.0393 0.0071 0.0277 
         480  1 0.1943 0.4311 0.0105 0.3641 
         481  1 0.1814 0.1332 0.0115 0.6738 
         482  1 0.0291 0.8321 0.0062 0.1326 
         483  1 0.0363 0.1580 0.0204 0.7854 
         484  1 0.6093 0.2181 0.0072 0.1654 
         485  1 0.2212 0.1573 0.5508 0.0707 
         486  1 0.2067 0.3266 0.0106 0.4560 
         487  1 0.0701 0.6697 0.0100 0.2502 
         488  1 0.4541 0.3320 0.0243 0.1896 
         489  1 0.7769 0.1024 0.0094 0.1112 
         490  1 0.0665 0.8215 0.0146 0.0975 
         491  1 0.1875 0.5870 0.0074 0.2181 
         492  1 0.0576 0.4469 0.0168 0.4787 
         493  1 0.0546 0.6514 0.0043 0.2896 
         494  1 0.1024 0.2007 0.0092 0.6877 
         495  1 0.2001 0.1366 0.0281 0.6352 
         496  1 0.1465 0.1612 0.0989 0.5934 
         497  1 0.1891 0.6660 0.0109 0.1340 
         498  1 0.2171 0.2696 0.0141 0.4992 
         499  1 0.1563 0.2164 0.0066 0.6207 
         500  1 0.0499 0.3523 0.0102 0.5877 
         501  1 0.1030 0.3876 0.0144 0.4950 
         502  1 0.6459 0.0744 0.0511 0.2286 
         503  1 0.1034 0.4442 0.0083 0.4441 
         504  1 0.2015 0.6420 0.0088 0.1477 
         505  1 0.0464 0.4126 0.1049 0.4361 
         506  1 0.3364 0.2839 0.0292 0.3505 
         507  1 0.3996 0.2194 0.1116 0.2694 
         508  1 0.0752 0.2813 0.0122 0.6313 
         509  1 0.0165 0.0573 0.0048 0.9214 
         510  1 0.4356 0.2414 0.0076 0.3154 
         511  1 0.1241 0.5363 0.0125 0.3270 
         512  1 0.0884 0.6781 0.0123 0.2213 
         513  1 0.0342 0.4688 0.0132 0.4838 
         514  1 0.0548 0.8017 0.0210 0.1226 
         515  1 0.1091 0.4799 0.0071 0.4038 
         516  1 0.0358 0.6623 0.0277 0.2742 
         517  1 0.0151 0.8399 0.0246 0.1204 
         518  1 0.1383 0.2829 0.1927 0.3861 
         519  1 0.6200 0.2533 0.0380 0.0886 
         520  1 0.1818 0.2306 0.0170 0.5706 
         521  1 0.3975 0.4525 0.0081 0.1420 
         522  1 0.8947 0.0411 0.0116 0.0526 
         523  1 0.0637 0.3275 0.0235 0.5853 
         524  1 0.1171 0.3497 0.0054 0.5279 
         525  1 0.0462 0.3972 0.0125 0.5441 
         526  1 0.1313 0.7706 0.0189 0.0792 
         527  1 0.5645 0.0581 0.0088 0.3686 
         528  1 0.0823 0.5812 0.0107 0.3258 
         529  1 0.9364 0.0198 0.0137 0.0302 
         530  1 0.1817 0.5655 0.0665 0.1863 
         531  1 0.3445 0.3660 0.0095 0.2800 
         532  1 0.6813 0.1796 0.0150 0.1240 
         533  1 0.2536 0.4361 0.0146 0.2957 
         534  1 0.0748 0.7090 0.0579 0.1583 
         535  1 0.0543 0.5862 0.0191 0.3404 
         536  1 0.7545 0.0536 0.0130 0.1789 
         537  1 0.2288 0.4857 0.0461 0.2395 
         538  1 0.0140 0.2813 0.0047 0.7000 
         539  1 0.0344 0.7995 0.0156 0.1505 
         540  1 0.2337 0.3795 0.0103 0.3765 
         541  1 0.6060 0.1613 0.0110 0.2218 
         542  1 0.2090 0.6553 0.0097 0.1260 
         543  1 0.0745 0.0890 0.0044 0.8321 
         544  1 0.1924 0.6066 0.0437 0.1573 
         545  1 0.0725 0.7957 0.0377 0.0941 
         546  1 0.0895 0.2253 0.0206 0.6646 
         547  1 0.3370 0.3657 0.0094 0.2879 
         548  1 0.1094 0.6103 0.0069 0.2733 
         549  1 0.0694 0.8701 0.0218 0.0387 
         550  1 0.0240 0.4185 0.0060 0.5515 
         551  1 0.4429 0.1534 0.0074 0.3963 
         552  1 0.0597 0.7766 0.0041 0.1597 
         553  1 0.2304 0.4431 0.0291 0.2974 
         554  1 0.1638 0.2204 0.0491 0.5667 
         555  1 0.0656 0.5990 0.0311 0.3044 
         556  1 0.0877 0.7732 0.0234 0.1158 
         557  1 0.1481 0.5505 0.0116 0.2898 
         558  1 0.1302 0.5456 0.0082 0.3161 
         559  1 0.0212 0.1253 0.0413 0.8122 
         560  1 0.0844 0.6918 0.0194 0.2044 
         561  1 0.1248 0.5518 0.0147 0.3087 
         562  1 0.3861 0.1783 0.0130 0.4226 
         563  1 0.0571 0.6764 0.0090 0.2575 
         564  1 0.1135 0.2081 0.2809 0.3976 
         565  1 0.4043 0.2749 0.0096 0.3113 
         566  1 0.3318 0.1626 0.0280 0.4776 
         567  1 0.7291 0.0552 0.0104 0.2054 
         568  1 0.1511 0.0714 0.0397 0.7378 
         569  1 0.0592 0.4717 0.0053 0.4639 
         570  1 0.4458 0.1287 0.0067 0.4188 
         571  1 0.4875 0.0915 0.0092 0.4117 
         572  1 0.2348 0.4019 0.0111 0.3522 
         573  1 0.0484 0.3155 0.2293 0.4068 
         574  1 0.2742 0.2529 0.0354 0.4375 
         575  1 0.0643 0.6599 0.0185 0.2572 
         576  1 0.1312 0.6813 0.0522 0.1353 
         577  1 0.2201 0.4140 0.0606 0.3052 
         578  1 0.5442 0.1105 0.2249 0.1204 
         579  1 0.0482 0.4755 0.0293 0.4470 
         580  1 0.7008 0.0588 0.0084 0.2320 
         581  1 0.0227 0.6402 0.0075 0.3296 
         582  1 0.2026 0.3205 0.1216 0.3554 
         583  1 0.3291 0.4183 0.1095 0.1431 
         584  1 0.0864 0.6808 0.0181 0.2146 
         585  1 0.4214 0.4780 0.0218 0.0788 
         586  1 0.0459 0.5359 0.0124 0.4058 
         587  1 0.0245 0.7726 0.0122 0.1908 
         588  1 0.2025 0.2240 0.0316 0.5420 
         589  1 0.0892 0.0427 0.0431 0.8250 
         590  1 0.0569 0.4356 0.0210 0.4865 
         591  1 0.7454 0.0409 0.0064 0.2073 
         592  1 0.0164 0.0693 0.0175 0.8968 
         593  1 0.0421 0.3141 0.0208 0.6230 
         594  1 0.0318 0.4547 0.0285 0.4849 
         595  1 0.9434 0.0214 0.0106 0.0246 
         596  1 0.2470 0.3066 0.0162 0.4302 
         597  1 0.4405 0.4226 0.0200 0.1169 
         598  1 0.0164 0.9358 0.0063 0.0415 
         599  1 0.2280 0.2526 0.0483 0.4712 
         600  1 0.2819 0.4462 0.0474 0.2246 
         601  1 0.0339 0.6040 0.1347 0.2273 
         602  1 0.3097 0.2353 0.0725 0.3825 
         603  1 0.6168 0.2487 0.0114 0.1231 
         604  1 0.3818 0.0582 0.0130 0.5470 
         605  1 0.1097 0.2474 0.0088 0.6342 
         606  1 0.4521 0.2261 0.0221 0.2998 
         607  1 0.1060 0.2579 0.0280 0.6081 
         608  1 0.0446 0.3038 0.0101 0.6414 
         609  1 0.0779 0.5293 0.0107 0.3821 
         610  1 0.1770 0.3050 0.0402 0.4777 
         611  1 0.0547 0.0709 0.0065 0.8679 
         612  1 0.0247 0.5938 0.0321 0.3494 
         613  1 0.2880 0.1655 0.0302 0.5163 
         614  1 0.1408 0.5985 0.0074 0.2534 
         615  1 0.1134 0.6819 0.0222 0.1825 
         616  1 0.0986 0.5660 0.0146 0.3208 
         617  1 0.3775 0.1179 0.0132 0.4914 
         618  1 0.2868 0.4772 0.0136 0.2224 
         619  1 0.8109 0.1010 0.0250 0.0630 
         620  1 0.0874 0.8214 0.0081 0.0831 
         621  1 0.0146 0.8160 0.0714 0.0979 
         622  1 0.0356 0.8128 0.0168 0.1349 
         623  1 0.0164 0.1020 0.0028 0.8788 
         624  1 0.0796 0.7035 0.0226 0.1944 
         625  1 0.3072 0.3044 0.0080 0.3804 
         626  1 0.9196 0.0184 0.0049 0.0571 
         627  1 0.0793 0.5116 0.0461 0.3630 
         628  1 0.1181 0.6548 0.0083 0.2187 
         629  1 0.9103 0.0288 0.0184 0.0425 
         630  1 0.0697 0.4238 0.0067 0.4997 
         631  1 0.0282 0.6878 0.0082 0.2758 
         632  1 0.0869 0.6909 0.0155 0.2067 
         633  1 0.1457 0.1167 0.1115 0.6261 
         634  1 0.0374 0.7335 0.0197 0.2094 
         635  1 0.1900 0.3932 0.0117 0.4051 
         636  1 0.6053 0.3178 0.0184 0.0585 
         637  1 0.3828 0.2273 0.0108 0.3791 
         638  1 0.2012 0.5649 0.0470 0.1869 
         639  1 0.7221 0.0919 0.0114 0.1746 
         640  1 0.0556 0.8038 0.0127 0.1280 
         641  1 0.1547 0.1012 0.0143 0.7298 
         642  1 0.0673 0.6927 0.0095 0.2305 
         643  1 0.0716 0.3107 0.0332 0.5845 
         644  1 0.2051 0.4331 0.0751 0.2868 
         645  1 0.0359 0.5887 0.0564 0.3190 
         646  1 0.0874 0.7549 0.0195 0.1382 
         647  1 0.3670 0.1653 0.0074 0.4604 
         648  1 0.0710 0.5918 0.1405 0.1968 
         649  1 0.0632 0.5290 0.0497 0.3581 
         650  1 0.1316 0.5912 0.0073 0.2699 
         651  1 0.1395 0.7393 0.0142 0.1069 
         652  1 0.0204 0.4251 0.0361 0.5184 
         653  1 0.5529 0.1943 0.0119 0.2409 
         654  1 0.1888 0.4995 0.0076 0.3041 
         655  1 0.1469 0.6444 0.0448 0.1638 
         656  1 0.0602 0.8021 0.0170 0.1208 
         657  1 0.0188 0.7996 0.0198 0.1617 
         658  1 0.5208 0.1208 0.0392 0.3192 
         659  1 0.2600 0.1806 0.0148 0.5446 
         660  1 0.0389 0.8724 0.0179 0.0708 
         661  1 0.8016 0.0763 0.0104 0.1117 
         662  1 0.8985 0.0172 0.0290 0.0553 
         663  1 0.0334 0.8844 0.0076 0.0746 
         664  1 0.0295 0.4949 0.0172 0.4584 
         665  1 0.1082 0.4753 0.0920 0.3245 
         666  1 0.0910 0.8083 0.0048 0.0959 
         667  1 0.2068 0.3991 0.0138 0.3803 
         668  1 0.4359 0.2511 0.1222 0.1908 
         669  1 0.0300 0.7183 0.0096 0.2422 
         670  1 0.4048 0.1576 0.0096 0.4280 
         671  1 0.0146 0.5622 0.0706 0.3526 
         672  1 0.0520 0.5048 0.0160 0.4272 
         673  1 0.0314 0.4476 0.0046 0.5164 
         674  1 0.2398 0.6467 0.0323 0.0812 
         675  1 0.0423 0.7381 0.0196 0.2000 
         676  1 0.0915 0.5615 0.0434 0.3037 
         677  1 0.0629 0.8053 0.0059 0.1259 
         678  1 0.0401 0.7228 0.0067 0.2304 
         679  1 0.0277 0.9085 0.0066 0.0573 
         680  1 0.3957 0.2154 0.0379 0.3510 
         681  1 0.2484 0.4378 0.0119 0.3019 
         682  1 0.6762 0.0844 0.0150 0.2244 
         683  1 0.5093 0.2639 0.0699 0.1569 
         684  1 0.6359 0.1425 0.0080 0.2136 
         685  1 0.0726 0.6315 0.0979 0.1980 
         686  1 0.0215 0.1834 0.1377 0.6574 
         687  1 0.0228 0.5950 0.0096 0.3726 
         688  1 0.0501 0.2766 0.0084 0.6649 
         689  1 0.0840 0.1663 0.0379 0.7119 
         690  1 0.2288 0.2592 0.0162 0.4958 
         691  1 0.4211 0.3236 0.1562 0.0991 
         692  1 0.2185 0.1627 0.0397 0.5791 
         693  1 0.0997 0.3936 0.0065 0.5001 
         694  1 0.0549 0.6422 0.0113 0.2916 
         695  1 0.1890 0.3436 0.0075 0.4600 
         696  1 0.1330 0.6019 0.0299 0.2353 
         697  1 0.5215 0.2003 0.0204 0.2578 
         698  1 0.1609 0.6260 0.0239 0.1892 
         699  1 0.2378 0.3373 0.0164 0.4085 
         700  1 0.1882 0.6869 0.0216 0.1032 
         701  1 0.0908 0.5905 0.0121 0.3067 
         702  1 0.0807 0.4958 0.0523 0.3712 
         703  1 0.5065 0.0672 0.0119 0.4143 
         704  1 0.4989 0.3007 0.0336 0.1669 
         705  1 0.3759 0.3323 0.0119 0.2799 
         706  1 0.0318 0.6330 0.0062 0.3289 
         707  1 0.4019 0.4007 0.0216 0.1758 
         708  1 0.1566 0.7027 0.0128 0.1279 
         709  1 0.1216 0.3318 0.0426 0.5041 
         710  1 0.0861 0.3778 0.0743 0.4618 
         711  1 0.2186 0.5294 0.0136 0.2383 
         712  1 0.3335 0.3182 0.0122 0.3361 
         713  1 0.3532 0.4764 0.0099 0.1605 
         714  1 0.2536 0.1406 0.0611 0.5447 
         715  1 0.3377 0.1690 0.2596 0.2338 
         716  1 0.0662 0.3262 0.0149 0.5927 
         717  1 0.0338 0.4119 0.1325 0.4218 
         718  1 0.0536 0.7793 0.0166 0.1506 
         719  1 0.0261 0.1196 0.0139 0.8403 
         720  1 0.1890 0.4247 0.1583 0.2280 
         721  1 0.5250 0.2054 0.0272 0.2424 
         722  1 0.6323 0.2562 0.0201 0.0914 
         723  1 0.3912 0.3306 0.0176 0.2606 
         724  1 0.0720 0.3400 0.0245 0.5635 
         725  1 0.4350 0.2483 0.0066 0.3102 
         726  1 0.1258 0.2981 0.1044 0.4717 
         727  1 0.1718 0.6398 0.0080 0.1804 
         728  1 0.0472 0.7301 0.0149 0.2079 
         729  1 0.5012 0.1589 0.0151 0.3248 
         730  1 0.0653 0.6003 0.0096 0.3247 
         731  1 0.1746 0.4140 0.0112 0.4002 
         732  1 0.0661 0.1880 0.0298 0.7161 
         733  1 0.3612 0.5780 0.0071 0.0537 
         734  1 0.1772 0.4923 0.0144 0.3162 
         735  1 0.0170 0.7469 0.0104 0.2258 
         736  1 0.0955 0.4881 0.0078 0.4087 
         737  1 0.7783 0.0671 0.0285 0.1261 
         738  1 0.1468 0.4658 0.0151 0.3723 
         739  1 0.3499 0.1583 0.0267 0.4651 
         740  1 0.4487 0.1792 0.0436 0.3285 
         741  1 0.2381 0.3997 0.0095 0.3527 
         742  1 0.9034 0.0131 0.0678 0.0157 
         743  1 0.9691 0.0093 0.0108 0.0109 
         744  1 0.9577 0.0087 0.0254 0.0082 
         745  1 0.9802 0.0072 0.0062 0.0064 
         746  1 0.9712 0.0061 0.0161 0.0066 
         747  1 0.9656 0.0165 0.0053 0.0126 
         748  1 0.9172 0.0159 0.0469 0.0200 
         749  1 0.9789 0.0063 0.0075 0.0073 
         750  1 0.9802 0.0062 0.0078 0.0058 
         751  1 0.9611 0.0095 0.0218 0.0077 
         752  1 0.9192 0.0110 0.0612 0.0086 
         753  1 0.9486 0.0063 0.0348 0.0103 
         754  1 0.9377 0.0094 0.0445 0.0085 
         755  1 0.0867 0.7493 0.0875 0.0765 
         756  1 0.0273 0.0381 0.0474 0.8871 
         757  1 0.6888 0.0521 0.0179 0.2412 
         758  1 0.1989 0.0168 0.0242 0.7601 
         759  1 0.0300 0.3788 0.1121 0.4790 
         760  1 0.0793 0.2544 0.3285 0.3378 
         761  1 0.2020 0.0390 0.0687 0.6903 
         762  1 0.0777 0.0612 0.7998 0.0613 
         763  1 0.3156 0.1273 0.0192 0.5379 
         764  1 0.0842 0.2050 0.0154 0.6954 
         765  1 0.0074 0.0074 0.9777 0.0074 
         766  1 0.3391 0.1215 0.0107 0.5287 
         767  1 0.1659 0.2503 0.0209 0.5629 
         768  1 0.5674 0.2437 0.0195 0.1695 
         769  1 0.1935 0.0973 0.0514 0.6579 
         770  1 0.2617 0.1438 0.0225 0.5720 
         771  1 0.0149 0.2952 0.0152 0.6747 
         772  1 0.1460 0.4562 0.0219 0.3759 
         773  1 0.2281 0.3156 0.0184 0.4378 
         774  1 0.1573 0.5898 0.0130 0.2399 
         775  1 0.0090 0.0096 0.9738 0.0076 
         776  1 0.0146 0.0199 0.9459 0.0196 
         777  1 0.0048 0.0055 0.9841 0.0055 
         778  1 0.2012 0.1843 0.1024 0.5121 
         779  1 0.0084 0.0112 0.9695 0.0108 
         780  1 0.0300 0.0305 0.9205 0.0190 
         781  1 0.0062 0.0087 0.9779 0.0073 
         782  1 0.0061 0.0052 0.9832 0.0055 
         783  1 0.0286 0.0315 0.9175 0.0224 
         784  1 0.0128 0.0063 0.9737 0.0072 
         785  1 0.0136 0.0100 0.9663 0.0101 
         786  1 0.0240 0.0237 0.9203 0.0320 
         787  1 0.0075 0.0074 0.9776 0.0075 
         788  1 0.0080 0.0079 0.9767 0.0074 
         789  1 0.0086 0.0059 0.9789 0.0066 
         790  1 0.0137 0.0104 0.9666 0.0093 
         791  1 0.1755 0.0256 0.7590 0.0399 
         792  1 0.0099 0.0046 0.9789 0.0066 
         793  1 0.0174 0.0351 0.9243 0.0232 
         794  1 0.0213 0.0193 0.9340 0.0253 
         795  1 0.0097 0.0075 0.9766 0.0062 
         796  1 0.0193 0.0318 0.9282 0.0208 
         797  1 0.0105 0.0083 0.9708 0.0104 
         798  1 0.0305 0.0080 0.9507 0.0107 
         799  1 0.0056 0.0053 0.9836 0.0054 
         800  1 0.0128 0.0108 0.9660 0.0104 
         801  1 0.0094 0.0100 0.9712 0.0094 
         802  1 0.0041 0.0046 0.9873 0.0041 
         803  1 0.0073 0.0092 0.9721 0.0114 
         804  1 0.0133 0.0321 0.9105 0.0440 
         805  1 0.0161 0.0578 0.8973 0.0287 
         806  1 0.0284 0.0128 0.9469 0.0118 
         807  1 0.0082 0.0164 0.9673 0.0082 
         808  1 0.0091 0.0127 0.9665 0.0117 
         809  1 0.0357 0.0255 0.9154 0.0234 
         810  1 0.0181 0.0173 0.9518 0.0128 
         811  1 0.0058 0.0054 0.9838 0.0049 
         812  1 0.0050 0.0049 0.9852 0.0048 
         813  1 0.0359 0.0673 0.8346 0.0622 
         814  1 0.0109 0.0076 0.9743 0.0073 
         815  1 0.0638 0.0609 0.8246 0.0507 
         816  1 0.0068 0.0056 0.9819 0.0058 
         817  1 0.0306 0.0097 0.9399 0.0198 
         818  1 0.0661 0.0236 0.8395 0.0708 
         819  1 0.0096 0.0074 0.9761 0.0069 
         820  1 0.0064 0.0057 0.9823 0.0056 
         821  1 0.0059 0.0065 0.9813 0.0063 
         822  1 0.0073 0.0077 0.9766 0.0083 
         823  1 0.0069 0.0157 0.9660 0.0114 
         824  1 0.0146 0.0103 0.9631 0.0120 
         825  1 0.0850 0.0534 0.8128 0.0489 
         826  1 0.0476 0.0085 0.9338 0.0101 
         827  1 0.0053 0.0073 0.9806 0.0068 
         828  1 0.0053 0.0047 0.9851 0.0049 
         829  1 0.0042 0.0042 0.9872 0.0045 
         830  1 0.0050 0.0052 0.9843 0.0054 
         831  1 0.0106 0.0109 0.9637 0.0148 
         832  1 0.0256 0.0194 0.9360 0.0190 
         833  1 0.0110 0.0105 0.9708 0.0077 
         834  1 0.0451 0.0411 0.8865 0.0273 
         835  1 0.0072 0.0063 0.9808 0.0057 
         836  1 0.0215 0.0181 0.9476 0.0128 
         837  1 0.0082 0.0116 0.9712 0.0090 
         838  1 0.0231 0.0657 0.8523 0.0588 
         839  1 0.0131 0.0168 0.9544 0.0157 
         840  1 0.0061 0.0055 0.9833 0.0051 
         841  1 0.0336 0.2383 0.0315 0.6966 
         842  1 0.0246 0.0143 0.9421 0.0191 
         843  1 0.0049 0.0055 0.9835 0.0061 
         844  1 0.0063 0.0062 0.9815 0.0060 
         845  1 0.0073 0.0106 0.9727 0.0094 
         846  1 0.0134 0.0132 0.9637 0.0096 
         847  1 0.0065 0.0079 0.9798 0.0059 
         848  1 0.0226 0.0072 0.9624 0.0078 
         849  1 0.0383 0.0663 0.0143 0.8811 
         850  1 0.3633 0.0798 0.1922 0.3646 
         851  1 0.0443 0.1266 0.0299 0.7991 
         852  1 0.0319 0.0747 0.1824 0.7110 
         853  1 0.0376 0.4944 0.0186 0.4494 
         854  1 0.0334 0.2061 0.5883 0.1723 
         855  1 0.2944 0.0797 0.0269 0.5990 
         856  1 0.1878 0.3826 0.0218 0.4077 
         857  1 0.0205 0.0185 0.9442 0.0167 
         858  1 0.2187 0.1054 0.0784 0.5975 
         859  1 0.0105 0.0158 0.9578 0.0159 
         860  1 0.0891 0.1646 0.0140 0.7323 
         861  1 0.0839 0.1074 0.6529 0.1558 
         862  1 0.0241 0.2732 0.0229 0.6797 
         863  1 0.1792 0.0273 0.0168 0.7768 
         864  1 0.0053 0.0064 0.9811 0.0073 
         865  1 0.0557 0.3178 0.2574 0.3690 
         866  1 0.2125 0.0218 0.0807 0.6850 
         867  1 0.2669 0.1751 0.0161 0.5418 
         868  1 0.0408 0.1665 0.0101 0.7826 
         869  1 0.1298 0.1707 0.0105 0.6890 
         870  1 0.0079 0.0106 0.9712 0.0103 
         871  1 0.0868 0.3081 0.0431 0.5620 
         872  1 0.1077 0.2717 0.3383 0.2823 
         873  1 0.0875 0.0683 0.0310 0.8133 
         874  1 0.3022 0.2568 0.0769 0.3641 
         875  1 0.1576 0.1794 0.0680 0.5950 
         876  1 0.0640 0.2429 0.1297 0.5634 
         877  1 0.0614 0.3471 0.0699 0.5216 
         878  1 0.0194 0.0450 0.0216 0.9140 
         879  1 0.1059 0.4021 0.2518 0.2402 
         880  1 0.6195 0.1889 0.0203 0.1713 
         881  1 0.0063 0.0063 0.9817 0.0056 
         882  1 0.0437 0.1086 0.1233 0.7245 
         883  1 0.3177 0.0211 0.3405 0.3207 
         884  1 0.1283 0.5459 0.0375 0.2883 
         885  1 0.4010 0.2982 0.0294 0.2713 
         886  1 0.0719 0.6784 0.0083 0.2414 
         887  1 0.1163 0.4677 0.1907 0.2253 
         888  1 0.0220 0.2439 0.0288 0.7053 
