           1  1 0.8646 0.0647 0.0211 0.0432 0.0064 
           2  1 0.0242 0.3020 0.0088 0.6593 0.0056 
           3  1 0.2517 0.3518 0.0636 0.3240 0.0089 
           4  1 0.4143 0.2061 0.0110 0.3626 0.0060 
           5  1 0.0915 0.0861 0.0055 0.7672 0.0497 
           6  1 0.5639 0.0883 0.0080 0.3203 0.0196 
           7  1 0.0143 0.2758 0.0054 0.6972 0.0073 
           8  1 0.0286 0.1522 0.0819 0.7329 0.0044 
           9  1 0.5871 0.2173 0.0098 0.1779 0.0078 
          10  1 0.3407 0.3191 0.0601 0.2103 0.0697 
          11  1 0.5598 0.1760 0.0062 0.2494 0.0086 
          12  1 0.0689 0.3596 0.0092 0.5580 0.0042 
          13  1 0.0259 0.6574 0.0138 0.2963 0.0066 
          14  1 0.1554 0.5056 0.0061 0.3241 0.0087 
          15  1 0.7087 0.1853 0.0313 0.0649 0.0097 
          16  1 0.4449 0.2106 0.0060 0.3314 0.0071 
          17  1 0.4040 0.1193 0.0161 0.4406 0.0199 
          18  1 0.3349 0.2050 0.0175 0.4325 0.0100 
          19  1 0.7286 0.0892 0.0562 0.1164 0.0095 
          20  1 0.0230 0.1066 0.0315 0.5836 0.2553 
          21  1 0.2840 0.2462 0.0193 0.4047 0.0457 
          22  1 0.7772 0.1374 0.0046 0.0755 0.0053 
          23  1 0.0556 0.1590 0.0199 0.7520 0.0135 
          24  1 0.4150 0.0800 0.0278 0.4197 0.0576 
          25  1 0.2621 0.3003 0.0415 0.3643 0.0318 
          26  1 0.1280 0.5584 0.0095 0.2993 0.0049 
          27  1 0.4055 0.1545 0.0080 0.4247 0.0074 
          28  1 0.5312 0.0888 0.0406 0.1764 0.1630 
          29  1 0.0390 0.5831 0.0117 0.3227 0.0434 
          30  1 0.0771 0.7979 0.0038 0.1174 0.0037 
          31  1 0.3131 0.2552 0.0061 0.4170 0.0086 
          32  1 0.0784 0.0769 0.0060 0.8334 0.0054 
          33  1 0.3798 0.0323 0.0068 0.5761 0.0050 
          34  1 0.4095 0.2407 0.0355 0.2979 0.0164 
          35  1 0.0599 0.2923 0.0087 0.6293 0.0099 
          36  1 0.1625 0.0514 0.0056 0.7743 0.0061 
          37  1 0.1715 0.4457 0.0110 0.2783 0.0934 
          38  1 0.3248 0.0843 0.0147 0.5691 0.0072 
          39  1 0.9293 0.0235 0.0124 0.0270 0.0079 
          40  1 0.3150 0.2651 0.0052 0.3983 0.0164 
          41  1 0.4456 0.1519 0.0257 0.3637 0.0131 
          42  1 0.0725 0.2004 0.0147 0.6973 0.0152 
          43  1 0.3238 0.1353 0.0664 0.4645 0.0101 
          44  1 0.2691 0.1930 0.0067 0.4850 0.0462 
          45  1 0.0546 0.6122 0.0227 0.3062 0.0044 
          46  1 0.0921 0.4710 0.0107 0.4149 0.0113 
          47  1 0.6385 0.1254 0.0087 0.1897 0.0379 
          48  1 0.0843 0.1953 0.0114 0.6684 0.0406 
          49  1 0.1623 0.5593 0.0720 0.1886 0.0178 
          50  1 0.2244 0.2868 0.0177 0.4640 0.0072 
          51  1 0.0399 0.3018 0.0167 0.6366 0.0050 
          52  1 0.0517 0.1486 0.0037 0.7904 0.0055 
          53  1 0.0127 0.3792 0.0431 0.5586 0.0064 
          54  1 0.3554 0.1902 0.0084 0.3492 0.0969 
          55  1 0.0680 0.2761 0.1878 0.4549 0.0131 
          56  1 0.5936 0.1777 0.0073 0.2035 0.0179 
          57  1 0.1278 0.4022 0.0156 0.4474 0.0070 
          58  1 0.2285 0.4493 0.0083 0.2843 0.0297 
          59  1 0.2531 0.0955 0.0057 0.6395 0.0061 
          60  1 0.1222 0.4796 0.0175 0.3663 0.0144 
          61  1 0.3511 0.2269 0.0124 0.2189 0.1907 
          62  1 0.0364 0.3616 0.0168 0.5784 0.0068 
          63  1 0.1749 0.2231 0.0397 0.5476 0.0147 
          64  1 0.6151 0.1656 0.0108 0.2026 0.0059 
          65  1 0.4083 0.1237 0.0088 0.4507 0.0086 
          66  1 0.0281 0.2974 0.0117 0.6528 0.0100 
          67  1 0.1179 0.1137 0.0184 0.6933 0.0567 
          68  1 0.7309 0.0627 0.0200 0.1688 0.0176 
          69  1 0.5859 0.0374 0.0091 0.2419 0.1257 
          70  1 0.0907 0.6702 0.0076 0.2122 0.0193 
          71  1 0.2139 0.0804 0.0071 0.6722 0.0264 
          72  1 0.0618 0.2063 0.0154 0.7019 0.0146 
          73  1 0.8607 0.0253 0.0328 0.0732 0.0081 
          74  1 0.6277 0.0702 0.0100 0.2845 0.0076 
          75  1 0.0345 0.1130 0.0249 0.8212 0.0064 
          76  1 0.1106 0.0783 0.0079 0.7957 0.0076 
          77  1 0.0065 0.0058 0.9750 0.0055 0.0072 
          78  1 0.0179 0.0217 0.9309 0.0169 0.0126 
          79  1 0.0069 0.0077 0.9673 0.0070 0.0112 
          80  1 0.0052 0.0045 0.9820 0.0050 0.0032 
          81  1 0.0067 0.0067 0.9754 0.0070 0.0042 
          82  1 0.0071 0.0080 0.9696 0.0090 0.0062 
          83  1 0.0220 0.0229 0.9087 0.0173 0.0291 
          84  1 0.0129 0.0069 0.9660 0.0085 0.0056 
          85  1 0.0103 0.0127 0.9574 0.0109 0.0087 
          86  1 0.0424 0.0217 0.8944 0.0330 0.0085 
          87  1 0.0052 0.0049 0.9805 0.0055 0.0039 
          88  1 0.0065 0.0051 0.9745 0.0060 0.0079 
          89  1 0.0075 0.0063 0.9727 0.0064 0.0071 
          90  1 0.1220 0.1265 0.5683 0.1625 0.0207 
          91  1 0.0080 0.0059 0.9730 0.0061 0.0069 
          92  1 0.0062 0.0057 0.9725 0.0065 0.0091 
          93  1 0.0060 0.0065 0.9764 0.0061 0.0050 
          94  1 0.0048 0.0043 0.9805 0.0047 0.0057 
          95  1 0.0135 0.0101 0.9555 0.0108 0.0100 
          96  1 0.0069 0.0056 0.9767 0.0055 0.0053 
          97  1 0.0542 0.0541 0.7162 0.0417 0.1338 
          98  1 0.2154 0.1993 0.3792 0.1777 0.0285 
          99  1 0.0071 0.0055 0.9781 0.0055 0.0038 
         100  1 0.0233 0.0459 0.8756 0.0458 0.0094 
         101  1 0.0102 0.0082 0.9684 0.0084 0.0048 
         102  1 0.0401 0.0523 0.7523 0.0530 0.1024 
         103  1 0.7224 0.1280 0.0075 0.1352 0.0069 
         104  1 0.3495 0.2645 0.0059 0.3749 0.0051 
         105  1 0.1667 0.5157 0.0071 0.2881 0.0224 
         106  1 0.0611 0.5581 0.0209 0.3480 0.0119 
         107  1 0.6435 0.1590 0.0168 0.1731 0.0075 
         108  1 0.3968 0.4194 0.0189 0.1474 0.0175 
         109  1 0.4475 0.1403 0.0222 0.3507 0.0392 
         110  1 0.1397 0.2155 0.0055 0.6209 0.0184 
         111  1 0.0531 0.5053 0.0069 0.4276 0.0070 
         112  1 0.4179 0.1523 0.0144 0.4104 0.0050 
         113  1 0.0841 0.2547 0.0374 0.6146 0.0093 
         114  1 0.0252 0.4098 0.0108 0.5458 0.0083 
         115  1 0.5428 0.2117 0.0065 0.1918 0.0473 
         116  1 0.3465 0.2044 0.0106 0.4339 0.0045 
         117  1 0.0318 0.8144 0.0051 0.1413 0.0074 
         118  1 0.5045 0.2103 0.0095 0.2682 0.0074 
         119  1 0.1196 0.3446 0.0111 0.5199 0.0049 
         120  1 0.0564 0.7732 0.0286 0.1368 0.0049 
         121  1 0.2282 0.5144 0.0198 0.2247 0.0128 
         122  1 0.1893 0.4376 0.0144 0.3430 0.0158 
         123  1 0.3477 0.4461 0.0120 0.1819 0.0123 
         124  1 0.3937 0.2221 0.0350 0.3403 0.0089 
         125  1 0.0497 0.2756 0.0053 0.6598 0.0097 
         126  1 0.2216 0.3859 0.0675 0.3077 0.0173 
         127  1 0.2153 0.4396 0.0118 0.3219 0.0114 
         128  1 0.0540 0.2417 0.5460 0.1523 0.0060 
         129  1 0.2593 0.3866 0.0646 0.2762 0.0132 
         130  1 0.2344 0.3287 0.0062 0.4181 0.0126 
         131  1 0.3524 0.4181 0.0610 0.1626 0.0060 
         132  1 0.0177 0.3789 0.0060 0.5936 0.0038 
         133  1 0.0539 0.6213 0.0715 0.2483 0.0050 
         134  1 0.0425 0.0817 0.0284 0.8407 0.0067 
         135  1 0.0786 0.5511 0.1066 0.2023 0.0614 
         136  1 0.1513 0.4091 0.0716 0.3580 0.0100 
         137  1 0.7750 0.0912 0.0066 0.1167 0.0105 
         138  1 0.0459 0.3070 0.0160 0.6231 0.0080 
         139  1 0.5940 0.1143 0.0196 0.2662 0.0058 
         140  1 0.3308 0.3071 0.0355 0.2622 0.0644 
         141  1 0.1537 0.2578 0.0066 0.5747 0.0072 
         142  1 0.0592 0.7614 0.0056 0.1646 0.0093 
         143  1 0.5130 0.2691 0.0251 0.1868 0.0061 
         144  1 0.3861 0.3161 0.0172 0.2750 0.0056 
         145  1 0.6125 0.1827 0.0096 0.1440 0.0513 
         146  1 0.1926 0.3430 0.0217 0.4250 0.0176 
         147  1 0.6665 0.2059 0.0069 0.1008 0.0199 
         148  1 0.0582 0.1930 0.0691 0.6715 0.0082 
         149  1 0.5173 0.2259 0.0067 0.2171 0.0331 
         150  1 0.0500 0.5890 0.0369 0.2314 0.0928 
         151  1 0.1172 0.3462 0.0083 0.5191 0.0091 
         152  1 0.7189 0.0251 0.0273 0.0537 0.1750 
         153  1 0.2705 0.0871 0.0250 0.5769 0.0405 
         154  1 0.8065 0.0299 0.0202 0.0868 0.0566 
         155  1 0.2545 0.1494 0.0093 0.5779 0.0089 
         156  1 0.5202 0.1016 0.2324 0.1086 0.0371 
         157  1 0.1126 0.2072 0.0173 0.6555 0.0075 
         158  1 0.1811 0.2373 0.0141 0.5621 0.0054 
         159  1 0.1977 0.2044 0.0466 0.2432 0.3082 
         160  1 0.4803 0.3733 0.0099 0.1264 0.0101 
         161  1 0.3660 0.2880 0.0286 0.2848 0.0328 
         162  1 0.1585 0.4666 0.0095 0.3519 0.0135 
         163  1 0.1471 0.7089 0.0050 0.1336 0.0056 
         164  1 0.1620 0.4863 0.0045 0.3389 0.0082 
         165  1 0.0328 0.0845 0.0044 0.7835 0.0949 
         166  1 0.1218 0.5135 0.1226 0.2376 0.0045 
         167  1 0.8330 0.0717 0.0059 0.0831 0.0064 
         168  1 0.0674 0.5339 0.0197 0.3653 0.0138 
         169  1 0.0602 0.3061 0.0062 0.6228 0.0047 
         170  1 0.3171 0.4764 0.0091 0.1836 0.0137 
         171  1 0.4371 0.3682 0.0072 0.1610 0.0265 
         172  1 0.5795 0.2013 0.0044 0.2043 0.0106 
         173  1 0.1091 0.4937 0.0125 0.3638 0.0210 
         174  1 0.4913 0.0965 0.0062 0.2983 0.1077 
         175  1 0.7686 0.1122 0.0052 0.1021 0.0119 
         176  1 0.6141 0.2197 0.0104 0.1437 0.0120 
         177  1 0.1318 0.5350 0.0050 0.3219 0.0062 
         178  1 0.1498 0.3060 0.0054 0.5226 0.0163 
         179  1 0.7754 0.1075 0.0285 0.0713 0.0173 
         180  1 0.2757 0.5704 0.0091 0.1394 0.0054 
         181  1 0.1630 0.6008 0.0628 0.1580 0.0154 
         182  1 0.0764 0.7262 0.0308 0.1567 0.0098 
         183  1 0.6477 0.0635 0.0655 0.2039 0.0195 
         184  1 0.2424 0.2640 0.0151 0.4708 0.0078 
         185  1 0.3690 0.3130 0.0250 0.2839 0.0091 
         186  1 0.0518 0.8616 0.0059 0.0768 0.0039 
         187  1 0.2132 0.3588 0.0069 0.3921 0.0291 
         188  1 0.2348 0.3982 0.0094 0.3359 0.0217 
         189  1 0.3142 0.4179 0.0099 0.2466 0.0114 
         190  1 0.2276 0.4538 0.0056 0.2839 0.0291 
         191  1 0.3284 0.3454 0.0780 0.1817 0.0665 
         192  1 0.7524 0.0991 0.0035 0.0969 0.0481 
         193  1 0.1159 0.2026 0.0083 0.6644 0.0088 
         194  1 0.1083 0.4249 0.0074 0.4397 0.0197 
         195  1 0.0845 0.6191 0.0071 0.2610 0.0282 
         196  1 0.1284 0.1367 0.4029 0.3255 0.0065 
         197  1 0.2006 0.3236 0.0330 0.4374 0.0053 
         198  1 0.2903 0.1384 0.0196 0.5408 0.0108 
         199  1 0.1797 0.7057 0.0088 0.0966 0.0092 
         200  1 0.1009 0.2798 0.0284 0.5854 0.0055 
         201  1 0.4813 0.2401 0.0050 0.2032 0.0704 
         202  1 0.0629 0.2084 0.0313 0.6921 0.0053 
         203  1 0.1488 0.6990 0.0375 0.1068 0.0078 
         204  1 0.0204 0.3722 0.0115 0.5848 0.0110 
         205  1 0.1408 0.2265 0.0135 0.5939 0.0253 
         206  1 0.4039 0.3834 0.0094 0.1808 0.0224 
         207  1 0.2937 0.5318 0.0225 0.1457 0.0062 
         208  1 0.0359 0.6354 0.0415 0.2817 0.0054 
         209  1 0.0894 0.1129 0.0105 0.7542 0.0329 
         210  1 0.1036 0.3649 0.0169 0.5044 0.0103 
         211  1 0.0452 0.6065 0.0079 0.3347 0.0057 
         212  1 0.2014 0.4892 0.0246 0.2554 0.0294 
         213  1 0.1466 0.1467 0.0168 0.6782 0.0118 
         214  1 0.0633 0.2935 0.0101 0.6035 0.0297 
         215  1 0.4532 0.2617 0.0148 0.2614 0.0090 
         216  1 0.5506 0.0819 0.0093 0.3463 0.0119 
         217  1 0.1241 0.5852 0.0071 0.2520 0.0315 
         218  1 0.1719 0.3251 0.0419 0.4463 0.0148 
         219  1 0.0614 0.6591 0.0061 0.2694 0.0040 
         220  1 0.0271 0.3111 0.3786 0.2709 0.0123 
         221  1 0.2781 0.4774 0.0271 0.1978 0.0196 
         222  1 0.4510 0.1489 0.0099 0.2952 0.0950 
         223  1 0.7208 0.1347 0.0060 0.1182 0.0203 
         224  1 0.2629 0.4365 0.0050 0.2797 0.0159 
         225  1 0.6193 0.0926 0.0086 0.0764 0.2031 
         226  1 0.1022 0.6113 0.0106 0.2497 0.0263 
         227  1 0.1137 0.2111 0.0105 0.6587 0.0060 
         228  1 0.3665 0.2712 0.0066 0.3490 0.0066 
         229  1 0.1175 0.3996 0.0256 0.4406 0.0167 
         230  1 0.1201 0.5157 0.0060 0.3336 0.0245 
         231  1 0.1518 0.7065 0.0065 0.1269 0.0083 
         232  1 0.4571 0.2967 0.0072 0.2349 0.0040 
         233  1 0.1862 0.6694 0.0175 0.1154 0.0114 
         234  1 0.1970 0.4721 0.0074 0.2974 0.0262 
         235  1 0.0876 0.2591 0.0085 0.6340 0.0108 
         236  1 0.3120 0.4128 0.0247 0.2365 0.0140 
         237  1 0.2015 0.4421 0.0340 0.2978 0.0246 
         238  1 0.1510 0.2411 0.0197 0.5564 0.0317 
         239  1 0.0594 0.3755 0.0164 0.5378 0.0109 
         240  1 0.4022 0.1133 0.1203 0.3474 0.0168 
         241  1 0.2596 0.5182 0.0103 0.2053 0.0065 
         242  1 0.1186 0.3832 0.0312 0.4563 0.0106 
         243  1 0.0259 0.6527 0.0099 0.2995 0.0120 
         244  1 0.5815 0.3007 0.0192 0.0946 0.0041 
         245  1 0.0431 0.0532 0.0139 0.8757 0.0140 
         246  1 0.5262 0.1765 0.0625 0.2285 0.0062 
         247  1 0.3152 0.0926 0.0048 0.5588 0.0286 
         248  1 0.0409 0.5322 0.0211 0.3967 0.0091 
         249  1 0.2496 0.2597 0.0056 0.4762 0.0089 
         250  1 0.1140 0.7361 0.0120 0.1076 0.0303 
         251  1 0.5943 0.2060 0.0240 0.1691 0.0066 
         252  1 0.1724 0.2594 0.0373 0.4994 0.0314 
         253  1 0.0196 0.5700 0.0613 0.3393 0.0098 
         254  1 0.0439 0.5355 0.0097 0.4037 0.0072 
         255  1 0.0330 0.5016 0.0553 0.4042 0.0058 
         256  1 0.4029 0.4431 0.0041 0.1400 0.0099 
         257  1 0.1199 0.5722 0.0232 0.2668 0.0179 
         258  1 0.6022 0.0781 0.0048 0.3090 0.0059 
         259  1 0.1062 0.4634 0.0090 0.4158 0.0056 
         260  1 0.1888 0.4065 0.0089 0.3743 0.0214 
         261  1 0.0680 0.3008 0.0106 0.6139 0.0067 
         262  1 0.0865 0.1330 0.0074 0.7660 0.0071 
         263  1 0.0159 0.4273 0.0089 0.4139 0.1340 
         264  1 0.0160 0.1554 0.0136 0.7879 0.0271 
         265  1 0.1715 0.0700 0.0137 0.7219 0.0228 
         266  1 0.1901 0.1646 0.0237 0.6128 0.0088 
         267  1 0.2510 0.1236 0.1235 0.4901 0.0117 
         268  1 0.2689 0.0976 0.3314 0.2361 0.0660 
         269  1 0.8503 0.0373 0.0171 0.0834 0.0119 
         270  1 0.3187 0.2130 0.0287 0.4335 0.0061 
         271  1 0.0749 0.2626 0.0510 0.5788 0.0326 
         272  1 0.8933 0.0375 0.0068 0.0419 0.0205 
         273  1 0.1847 0.3491 0.0047 0.4309 0.0305 
         274  1 0.3673 0.3106 0.0296 0.2683 0.0242 
         275  1 0.1128 0.4153 0.0272 0.4362 0.0085 
         276  1 0.6369 0.1460 0.0099 0.1069 0.1003 
         277  1 0.2797 0.4396 0.0058 0.2612 0.0136 
         278  1 0.1231 0.2557 0.0925 0.4377 0.0911 
         279  1 0.5182 0.1221 0.0228 0.3098 0.0271 
         280  1 0.2102 0.6099 0.0149 0.1592 0.0058 
         281  1 0.0381 0.2738 0.0359 0.6483 0.0040 
         282  1 0.3253 0.2370 0.0129 0.3672 0.0575 
         283  1 0.1085 0.3617 0.0147 0.2453 0.2698 
         284  1 0.3742 0.3240 0.0087 0.2467 0.0464 
         285  1 0.0287 0.1874 0.0470 0.7204 0.0165 
         286  1 0.0577 0.7745 0.0110 0.1477 0.0091 
         287  1 0.0946 0.6701 0.0615 0.1621 0.0118 
         288  1 0.2378 0.5304 0.0223 0.1931 0.0164 
         289  1 0.0392 0.4281 0.0046 0.5180 0.0100 
         290  1 0.1339 0.3997 0.0224 0.4357 0.0083 
         291  1 0.1332 0.5296 0.0233 0.2957 0.0182 
         292  1 0.5868 0.1366 0.0222 0.2172 0.0371 
         293  1 0.7928 0.1238 0.0114 0.0645 0.0075 
         294  1 0.0495 0.4906 0.1789 0.1901 0.0910 
         295  1 0.6477 0.2215 0.0290 0.0932 0.0086 
         296  1 0.4555 0.1979 0.0080 0.2899 0.0487 
         297  1 0.2456 0.3675 0.0103 0.3099 0.0666 
         298  1 0.0282 0.5639 0.0110 0.3894 0.0075 
         299  1 0.0833 0.3336 0.0243 0.5270 0.0318 
         300  1 0.3485 0.0926 0.0130 0.5254 0.0204 
         301  1 0.0683 0.6929 0.1086 0.1253 0.0049 
         302  1 0.0283 0.8233 0.0061 0.1313 0.0110 
         303  1 0.0238 0.5120 0.0077 0.3904 0.0661 
         304  1 0.2462 0.4613 0.0044 0.2782 0.0099 
         305  1 0.3350 0.3213 0.0283 0.3079 0.0076 
         306  1 0.2745 0.2124 0.0098 0.4935 0.0098 
         307  1 0.2800 0.2239 0.0177 0.4481 0.0304 
         308  1 0.1527 0.3846 0.0189 0.4360 0.0077 
         309  1 0.6301 0.1418 0.0081 0.1787 0.0413 
         310  1 0.1899 0.2542 0.0084 0.3896 0.1579 
         311  1 0.5095 0.2110 0.0082 0.2516 0.0197 
         312  1 0.2527 0.4451 0.0980 0.1686 0.0356 
         313  1 0.2519 0.4206 0.0054 0.3156 0.0065 
         314  1 0.4546 0.1442 0.1021 0.2469 0.0522 
         315  1 0.8225 0.0264 0.0108 0.1328 0.0075 
         316  1 0.2584 0.2120 0.0080 0.4330 0.0885 
         317  1 0.1687 0.5428 0.0264 0.2333 0.0287 
         318  1 0.8266 0.0619 0.0053 0.0926 0.0137 
         319  1 0.2113 0.3371 0.0081 0.2320 0.2115 
         320  1 0.1648 0.3067 0.2718 0.1845 0.0722 
         321  1 0.1971 0.1648 0.0119 0.6208 0.0053 
         322  1 0.5158 0.2941 0.0377 0.1367 0.0157 
         323  1 0.0349 0.6634 0.0263 0.2624 0.0130 
         324  1 0.1653 0.2824 0.0074 0.5374 0.0074 
         325  1 0.7883 0.0600 0.0274 0.1030 0.0213 
         326  1 0.0526 0.5469 0.0044 0.3888 0.0073 
         327  1 0.3676 0.4053 0.0101 0.2118 0.0052 
         328  1 0.1452 0.4217 0.0385 0.3761 0.0184 
         329  1 0.1034 0.6239 0.0259 0.2271 0.0196 
         330  1 0.2624 0.5919 0.0249 0.1166 0.0040 
         331  1 0.8903 0.0373 0.0133 0.0541 0.0049 
         332  1 0.1263 0.6209 0.0043 0.2377 0.0109 
         333  1 0.0360 0.6637 0.0090 0.2799 0.0113 
         334  1 0.2900 0.0527 0.0308 0.6206 0.0058 
         335  1 0.1830 0.2521 0.0577 0.4992 0.0080 
         336  1 0.9488 0.0130 0.0145 0.0173 0.0063 
         337  1 0.7878 0.0496 0.0150 0.1167 0.0309 
         338  1 0.8033 0.0186 0.1417 0.0288 0.0076 
         339  1 0.9713 0.0072 0.0052 0.0085 0.0077 
         340  1 0.9296 0.0164 0.0059 0.0164 0.0318 
         341  1 0.1751 0.3614 0.0094 0.4468 0.0074 
         342  1 0.9720 0.0082 0.0055 0.0085 0.0057 
         343  1 0.9350 0.0149 0.0258 0.0173 0.0069 
         344  1 0.9496 0.0139 0.0131 0.0127 0.0108 
         345  1 0.9667 0.0089 0.0059 0.0096 0.0090 
         346  1 0.9541 0.0120 0.0076 0.0129 0.0134 
         347  1 0.9535 0.0127 0.0081 0.0158 0.0100 
         348  1 0.8082 0.0444 0.0710 0.0529 0.0235 
         349  1 0.9713 0.0066 0.0097 0.0063 0.0060 
         350  1 0.8437 0.0202 0.1109 0.0182 0.0069 
         351  1 0.9114 0.0157 0.0067 0.0123 0.0539 
         352  1 0.2690 0.5508 0.0116 0.1622 0.0064 
         353  1 0.9464 0.0132 0.0087 0.0139 0.0179 
         354  1 0.9500 0.0135 0.0083 0.0116 0.0167 
         355  1 0.9342 0.0178 0.0104 0.0166 0.0209 
         356  1 0.1039 0.1601 0.0205 0.7070 0.0084 
         357  1 0.5498 0.2125 0.0142 0.0751 0.1484 
         358  1 0.2334 0.4575 0.0349 0.2618 0.0124 
         359  1 0.0984 0.3145 0.0088 0.5555 0.0228 
         360  1 0.6653 0.1275 0.0337 0.1257 0.0479 
         361  1 0.4861 0.2050 0.0179 0.1858 0.1052 
         362  1 0.0521 0.6310 0.0323 0.2791 0.0055 
         363  1 0.8248 0.0816 0.0055 0.0820 0.0061 
         364  1 0.1298 0.2417 0.0059 0.6162 0.0065 
         365  1 0.8790 0.0313 0.0093 0.0734 0.0071 
         366  1 0.7977 0.0848 0.0073 0.1054 0.0048 
         367  1 0.1303 0.4730 0.0301 0.3518 0.0148 
         368  1 0.1157 0.5793 0.0116 0.2815 0.0119 
         369  1 0.7604 0.0911 0.0117 0.1320 0.0049 
         370  1 0.7011 0.1245 0.0058 0.1272 0.0414 
         371  1 0.4944 0.2988 0.0111 0.1438 0.0520 
         372  1 0.7243 0.0309 0.0083 0.1889 0.0476 
         373  1 0.1066 0.6018 0.0114 0.2628 0.0174 
         374  1 0.3136 0.2803 0.1433 0.2075 0.0553 
         375  1 0.4521 0.0954 0.0042 0.4252 0.0232 
         376  1 0.4891 0.2136 0.0110 0.2718 0.0144 
         377  1 0.1007 0.4090 0.0148 0.4647 0.0107 
         378  1 0.7006 0.2090 0.0225 0.0588 0.0091 
         379  1 0.2495 0.3526 0.0077 0.3771 0.0131 
         380  1 0.0355 0.4056 0.0071 0.5361 0.0157 
         381  1 0.6592 0.1490 0.0181 0.1614 0.0123 
         382  1 0.0581 0.1606 0.0072 0.7498 0.0242 
         383  1 0.2091 0.2901 0.0603 0.4234 0.0170 
         384  1 0.2589 0.4251 0.0112 0.2907 0.0142 
         385  1 0.1431 0.1654 0.0032 0.6838 0.0046 
         386  1 0.3957 0.3804 0.0364 0.1785 0.0089 
         387  1 0.6739 0.1745 0.0050 0.1390 0.0076 
         388  1 0.2127 0.5140 0.0201 0.2405 0.0126 
         389  1 0.1672 0.2720 0.0238 0.5296 0.0074 
         390  1 0.8021 0.0606 0.0302 0.1034 0.0038 
         391  1 0.2919 0.3309 0.0084 0.3615 0.0072 
         392  1 0.0506 0.8210 0.0042 0.1093 0.0149 
         393  1 0.3985 0.1331 0.0294 0.4318 0.0073 
         394  1 0.0397 0.7084 0.0067 0.2381 0.0070 
         395  1 0.0269 0.7726 0.0081 0.1861 0.0062 
         396  1 0.1638 0.3375 0.0107 0.4817 0.0063 
         397  1 0.0741 0.6743 0.0094 0.2344 0.0078 
         398  1 0.1581 0.1829 0.4891 0.1435 0.0264 
         399  1 0.2090 0.1934 0.0165 0.5694 0.0117 
         400  1 0.0958 0.3308 0.0219 0.5185 0.0330 
         401  1 0.1309 0.6786 0.0154 0.1667 0.0084 
         402  1 0.0579 0.6360 0.0065 0.2827 0.0168 
         403  1 0.5314 0.1557 0.0133 0.2928 0.0067 
         404  1 0.1834 0.5472 0.0061 0.2420 0.0213 
         405  1 0.5639 0.2472 0.0517 0.1268 0.0103 
         406  1 0.3217 0.2423 0.0076 0.3798 0.0486 
         407  1 0.0865 0.1813 0.0091 0.7096 0.0136 
         408  1 0.0893 0.6462 0.0110 0.2450 0.0086 
         409  1 0.3151 0.1784 0.0111 0.4757 0.0196 
         410  1 0.0618 0.3797 0.0155 0.5326 0.0105 
         411  1 0.3072 0.3261 0.0077 0.3259 0.0331 
         412  1 0.1746 0.1710 0.0094 0.6296 0.0154 
         413  1 0.1017 0.5681 0.0108 0.3134 0.0060 
         414  1 0.2603 0.5709 0.0072 0.1436 0.0180 
         415  1 0.1579 0.2758 0.0488 0.5106 0.0069 
         416  1 0.0490 0.6152 0.0083 0.3178 0.0097 
         417  1 0.2256 0.3908 0.0321 0.3374 0.0141 
         418  1 0.4337 0.1714 0.0251 0.3639 0.0059 
         419  1 0.3339 0.4009 0.0483 0.2049 0.0121 
         420  1 0.0411 0.5493 0.1903 0.2111 0.0081 
         421  1 0.1624 0.2500 0.0576 0.5201 0.0099 
         422  1 0.5097 0.1760 0.0735 0.1185 0.1223 
         423  1 0.1757 0.4716 0.0042 0.3315 0.0170 
         424  1 0.1389 0.5351 0.0117 0.2949 0.0194 
         425  1 0.4178 0.3620 0.0064 0.2064 0.0073 
         426  1 0.6266 0.1848 0.0077 0.1420 0.0388 
         427  1 0.0684 0.4569 0.0092 0.4604 0.0051 
         428  1 0.2222 0.5081 0.0111 0.2526 0.0060 
         429  1 0.0473 0.1275 0.0047 0.8055 0.0150 
         430  1 0.2934 0.1366 0.0148 0.1927 0.3625 
         431  1 0.0266 0.5192 0.0077 0.4391 0.0073 
         432  1 0.5453 0.2676 0.0069 0.1709 0.0094 
         433  1 0.6001 0.0905 0.0066 0.2761 0.0268 
         434  1 0.0743 0.3463 0.0159 0.5554 0.0080 
         435  1 0.0435 0.5786 0.0180 0.3483 0.0116 
         436  1 0.0350 0.4791 0.0704 0.4056 0.0098 
         437  1 0.1527 0.1893 0.0875 0.3455 0.2251 
         438  1 0.0988 0.1191 0.0050 0.7357 0.0414 
         439  1 0.7890 0.0735 0.0099 0.1146 0.0130 
         440  1 0.6657 0.1415 0.0290 0.1590 0.0048 
         441  1 0.0343 0.2747 0.0228 0.6093 0.0590 
         442  1 0.0902 0.2221 0.0341 0.4221 0.2315 
         443  1 0.7262 0.0387 0.0090 0.2078 0.0184 
         444  1 0.4498 0.0826 0.0223 0.4298 0.0154 
         445  1 0.6427 0.1067 0.0068 0.2342 0.0095 
         446  1 0.6628 0.1998 0.0159 0.1087 0.0128 
         447  1 0.4651 0.2881 0.0265 0.2114 0.0089 
         448  1 0.7373 0.0774 0.0897 0.0434 0.0523 
         449  1 0.1392 0.7218 0.0278 0.1024 0.0088 
         450  1 0.8057 0.0655 0.0221 0.0329 0.0738 
         451  1 0.6365 0.1672 0.0576 0.1336 0.0051 
         452  1 0.0615 0.2415 0.0082 0.6715 0.0173 
         453  1 0.0773 0.6144 0.0430 0.2539 0.0113 
         454  1 0.1786 0.2173 0.0165 0.5321 0.0555 
         455  1 0.1160 0.4779 0.0051 0.3903 0.0107 
         456  1 0.1909 0.3274 0.0091 0.4592 0.0135 
         457  1 0.0251 0.1480 0.0107 0.8105 0.0057 
         458  1 0.7366 0.0739 0.0126 0.1633 0.0137 
         459  1 0.4990 0.2197 0.0167 0.2220 0.0426 
         460  1 0.0307 0.7150 0.0176 0.1724 0.0642 
         461  1 0.1340 0.5143 0.0569 0.2514 0.0434 
         462  1 0.0853 0.7326 0.0095 0.1644 0.0082 
         463  1 0.7176 0.1057 0.0212 0.1247 0.0307 
         464  1 0.0709 0.6946 0.0429 0.1796 0.0120 
         465  1 0.6134 0.1326 0.0146 0.1797 0.0597 
         466  1 0.6020 0.1379 0.0436 0.0817 0.1348 
         467  1 0.1371 0.4704 0.0163 0.3601 0.0161 
         468  1 0.5662 0.2810 0.0086 0.1369 0.0072 
         469  1 0.2864 0.4311 0.0084 0.2664 0.0076 
         470  1 0.1020 0.5690 0.0100 0.2644 0.0546 
         471  1 0.0213 0.6930 0.0059 0.2739 0.0059 
         472  1 0.0232 0.6443 0.0182 0.2785 0.0358 
         473  1 0.0825 0.2460 0.0101 0.6450 0.0164 
         474  1 0.0910 0.5790 0.0047 0.3181 0.0072 
         475  1 0.0314 0.5908 0.0070 0.3658 0.0049 
         476  1 0.1226 0.3589 0.0142 0.4987 0.0057 
         477  1 0.3509 0.3073 0.0103 0.2734 0.0582 
         478  1 0.4588 0.2299 0.0110 0.2211 0.0792 
         479  1 0.0570 0.7174 0.1176 0.1016 0.0065 
         480  1 0.1316 0.5667 0.0211 0.2719 0.0087 
         481  1 0.1268 0.2707 0.0179 0.5740 0.0107 
         482  1 0.7126 0.1470 0.0082 0.1266 0.0056 
         483  1 0.0804 0.1849 0.0089 0.7083 0.0175 
         484  1 0.2679 0.3781 0.1057 0.2423 0.0060 
         485  1 0.3269 0.0441 0.0704 0.0730 0.4857 
         486  1 0.4654 0.0945 0.0474 0.3842 0.0085 
         487  1 0.2606 0.4929 0.0081 0.2299 0.0086 
         488  1 0.2576 0.4497 0.0585 0.2117 0.0226 
         489  1 0.2961 0.3276 0.0364 0.3317 0.0082 
         490  1 0.8639 0.0579 0.0133 0.0535 0.0114 
         491  1 0.2170 0.6120 0.0089 0.1555 0.0066 
         492  1 0.1814 0.4071 0.0088 0.3865 0.0162 
         493  1 0.4381 0.2139 0.0091 0.3350 0.0039 
         494  1 0.1083 0.3317 0.0068 0.5448 0.0084 
         495  1 0.0909 0.3784 0.0152 0.4940 0.0215 
         496  1 0.1536 0.2422 0.0146 0.4927 0.0968 
         497  1 0.4774 0.3916 0.0096 0.1124 0.0090 
         498  1 0.1657 0.3113 0.0145 0.4966 0.0119 
         499  1 0.0810 0.5195 0.0106 0.3832 0.0056 
         500  1 0.0330 0.7113 0.0069 0.2389 0.0099 
         501  1 0.3435 0.3028 0.0080 0.3331 0.0126 
         502  1 0.0449 0.5057 0.0974 0.3026 0.0494 
         503  1 0.1034 0.7056 0.0041 0.1799 0.0070 
         504  1 0.5034 0.3286 0.0181 0.1426 0.0073 
         505  1 0.5525 0.0651 0.0057 0.2920 0.0848 
         506  1 0.1878 0.4357 0.0510 0.3002 0.0253 
         507  1 0.4511 0.1355 0.0326 0.2859 0.0949 
         508  1 0.0663 0.6010 0.0071 0.3148 0.0108 
         509  1 0.0389 0.0824 0.0075 0.8671 0.0041 
         510  1 0.1541 0.4898 0.0518 0.2977 0.0065 
         511  1 0.4521 0.2387 0.0320 0.2679 0.0094 
         512  1 0.5592 0.2459 0.0089 0.1753 0.0106 
         513  1 0.2475 0.3416 0.0079 0.3901 0.0129 
         514  1 0.3051 0.4829 0.0100 0.1824 0.0196 
         515  1 0.1001 0.6444 0.0102 0.2394 0.0059 
         516  1 0.1307 0.6945 0.0062 0.1392 0.0296 
         517  1 0.2578 0.6042 0.0036 0.1061 0.0283 
         518  1 0.2255 0.2494 0.0122 0.3452 0.1676 
         519  1 0.3246 0.2830 0.1829 0.1635 0.0461 
         520  1 0.1816 0.3243 0.0152 0.4643 0.0147 
         521  1 0.3326 0.4724 0.0368 0.1508 0.0074 
         522  1 0.1312 0.1162 0.5777 0.1639 0.0109 
         523  1 0.1666 0.3807 0.0102 0.4213 0.0212 
         524  1 0.2600 0.3738 0.0052 0.3564 0.0045 
         525  1 0.0722 0.6672 0.0054 0.2452 0.0101 
         526  1 0.7689 0.1494 0.0118 0.0555 0.0144 
         527  1 0.0274 0.6194 0.0205 0.3251 0.0075 
         528  1 0.0465 0.8251 0.0040 0.1157 0.0086 
         529  1 0.0297 0.5267 0.2969 0.1313 0.0154 
         530  1 0.6942 0.0873 0.0228 0.1518 0.0438 
         531  1 0.2729 0.4143 0.0424 0.2627 0.0078 
         532  1 0.2680 0.3066 0.1364 0.2737 0.0152 
         533  1 0.2044 0.5092 0.0154 0.2592 0.0118 
         534  1 0.4285 0.3519 0.0106 0.1530 0.0559 
         535  1 0.3999 0.2324 0.0091 0.3425 0.0161 
         536  1 0.0949 0.4085 0.0276 0.4565 0.0125 
         537  1 0.5003 0.2140 0.0280 0.2193 0.0384 
         538  1 0.1728 0.2654 0.0059 0.5517 0.0041 
         539  1 0.5581 0.2922 0.0053 0.1309 0.0134 
         540  1 0.1691 0.4338 0.0161 0.3713 0.0096 
         541  1 0.0509 0.6508 0.0903 0.1975 0.0105 
         542  1 0.7123 0.1205 0.0454 0.1133 0.0085 
         543  1 0.0746 0.1906 0.0106 0.7202 0.0040 
         544  1 0.7400 0.0690 0.0491 0.1031 0.0388 
         545  1 0.8136 0.0688 0.0184 0.0700 0.0292 
         546  1 0.1277 0.3678 0.0105 0.4758 0.0182 
         547  1 0.1197 0.6504 0.0179 0.2041 0.0079 
         548  1 0.5066 0.2268 0.0163 0.2443 0.0060 
         549  1 0.7509 0.1673 0.0147 0.0468 0.0203 
         550  1 0.1898 0.3884 0.0052 0.4111 0.0055 
         551  1 0.2123 0.1656 0.0569 0.5589 0.0063 
         552  1 0.0762 0.8256 0.0071 0.0875 0.0036 
         553  1 0.0924 0.7490 0.0087 0.1256 0.0244 
         554  1 0.1481 0.3648 0.0147 0.4314 0.0409 
         555  1 0.2629 0.3933 0.0093 0.3081 0.0264 
         556  1 0.5864 0.2861 0.0154 0.0934 0.0187 
         557  1 0.1038 0.7146 0.0119 0.1597 0.0100 
         558  1 0.1220 0.6617 0.0093 0.2001 0.0069 
         559  1 0.1053 0.0799 0.0054 0.7727 0.0367 
         560  1 0.6854 0.1500 0.0063 0.1436 0.0147 
         561  1 0.6739 0.1028 0.0104 0.2005 0.0124 
         562  1 0.0924 0.5533 0.0073 0.3364 0.0106 
         563  1 0.4124 0.3106 0.0081 0.2618 0.0070 
         564  1 0.0871 0.2925 0.0064 0.3609 0.2531 
         565  1 0.1346 0.5908 0.0243 0.2414 0.0089 
         566  1 0.0807 0.4194 0.0310 0.4452 0.0237 
         567  1 0.0759 0.4128 0.0856 0.4163 0.0095 
         568  1 0.0296 0.4442 0.0177 0.4743 0.0342 
         569  1 0.1876 0.5031 0.0083 0.2964 0.0046 
         570  1 0.0655 0.5487 0.0139 0.3655 0.0064 
         571  1 0.0738 0.2599 0.0642 0.5940 0.0081 
         572  1 0.0824 0.7082 0.0105 0.1900 0.0089 
         573  1 0.4038 0.1443 0.0109 0.2466 0.1944 
         574  1 0.1730 0.3778 0.0205 0.3990 0.0297 
         575  1 0.3171 0.4554 0.0060 0.2048 0.0167 
         576  1 0.1283 0.7286 0.0069 0.0906 0.0455 
         577  1 0.3774 0.3272 0.0172 0.2226 0.0556 
         578  1 0.0702 0.5068 0.0278 0.1490 0.2461 
         579  1 0.4297 0.1530 0.0061 0.3872 0.0241 
         580  1 0.0221 0.7021 0.0386 0.2297 0.0075 
         581  1 0.0438 0.8205 0.0037 0.1258 0.0061 
         582  1 0.3536 0.1962 0.0395 0.3048 0.1058 
         583  1 0.4127 0.2568 0.0723 0.1456 0.1126 
         584  1 0.3398 0.4314 0.0119 0.1998 0.0171 
         585  1 0.5905 0.1862 0.1125 0.0928 0.0180 
         586  1 0.4111 0.2391 0.0165 0.3230 0.0102 
         587  1 0.4389 0.3647 0.0061 0.1793 0.0109 
         588  1 0.0832 0.3774 0.0205 0.4926 0.0262 
         589  1 0.0246 0.1856 0.0192 0.7284 0.0422 
         590  1 0.6124 0.0526 0.0138 0.3048 0.0164 
         591  1 0.0262 0.5326 0.0678 0.3671 0.0063 
         592  1 0.1380 0.0754 0.0077 0.7623 0.0166 
         593  1 0.0371 0.7078 0.0062 0.2341 0.0148 
         594  1 0.4020 0.2389 0.0070 0.3260 0.0261 
         595  1 0.0736 0.1011 0.7413 0.0691 0.0149 
         596  1 0.1662 0.2825 0.0263 0.5111 0.0140 
         597  1 0.3001 0.4649 0.0326 0.1838 0.0185 
         598  1 0.7764 0.1629 0.0052 0.0497 0.0057 
         599  1 0.4036 0.1242 0.0227 0.4041 0.0454 
         600  1 0.5199 0.1745 0.0655 0.1974 0.0427 
         601  1 0.6693 0.1039 0.0060 0.1271 0.0937 
         602  1 0.3746 0.1430 0.0157 0.4092 0.0575 
         603  1 0.1851 0.5608 0.0474 0.1951 0.0116 
         604  1 0.0161 0.5967 0.0234 0.3525 0.0112 
         605  1 0.1794 0.3726 0.0175 0.4218 0.0087 
         606  1 0.2173 0.3930 0.0379 0.3335 0.0182 
         607  1 0.0708 0.5056 0.0078 0.3902 0.0255 
         608  1 0.3398 0.1442 0.0114 0.4958 0.0088 
         609  1 0.4583 0.1633 0.0077 0.3619 0.0088 
         610  1 0.2624 0.2026 0.0179 0.4803 0.0368 
         611  1 0.0225 0.5697 0.0088 0.3934 0.0056 
         612  1 0.3985 0.2873 0.0064 0.2767 0.0310 
         613  1 0.2086 0.1344 0.0242 0.6072 0.0256 
         614  1 0.2391 0.5425 0.0081 0.2042 0.0062 
         615  1 0.2207 0.5548 0.0108 0.1906 0.0231 
         616  1 0.3462 0.3229 0.0086 0.3104 0.0119 
         617  1 0.0789 0.3172 0.0144 0.5787 0.0107 
         618  1 0.3280 0.4728 0.0162 0.1694 0.0135 
         619  1 0.1444 0.4442 0.1733 0.2047 0.0334 
         620  1 0.7594 0.1437 0.0157 0.0737 0.0075 
         621  1 0.4840 0.3388 0.0047 0.0915 0.0810 
         622  1 0.8197 0.0894 0.0083 0.0697 0.0130 
         623  1 0.0359 0.4388 0.0039 0.5189 0.0026 
         624  1 0.6864 0.1504 0.0131 0.1306 0.0195 
         625  1 0.1412 0.5372 0.0116 0.3028 0.0072 
         626  1 0.0519 0.1781 0.5524 0.2125 0.0051 
         627  1 0.1214 0.6586 0.0044 0.1746 0.0410 
         628  1 0.1463 0.6981 0.0121 0.1362 0.0073 
         629  1 0.0453 0.6313 0.1345 0.1665 0.0223 
         630  1 0.2836 0.3379 0.0084 0.3640 0.0061 
         631  1 0.1999 0.4946 0.0090 0.2877 0.0087 
         632  1 0.8073 0.0696 0.0160 0.0953 0.0118 
         633  1 0.0679 0.3650 0.0171 0.4502 0.0998 
         634  1 0.5077 0.2926 0.0071 0.1742 0.0184 
         635  1 0.1764 0.5300 0.0135 0.2703 0.0099 
         636  1 0.5684 0.1415 0.1807 0.0916 0.0177 
         637  1 0.2142 0.4228 0.0235 0.3300 0.0095 
         638  1 0.5246 0.2389 0.0205 0.1742 0.0417 
         639  1 0.0209 0.8305 0.0143 0.1239 0.0105 
         640  1 0.5590 0.2752 0.0179 0.1364 0.0115 
         641  1 0.0789 0.2188 0.0075 0.6839 0.0109 
         642  1 0.3484 0.4400 0.0112 0.1913 0.0092 
         643  1 0.2852 0.2569 0.0138 0.4161 0.0280 
         644  1 0.3883 0.2561 0.0153 0.2715 0.0689 
         645  1 0.4739 0.2055 0.0067 0.2606 0.0533 
         646  1 0.6287 0.2191 0.0193 0.1147 0.0183 
         647  1 0.0191 0.7892 0.0118 0.1740 0.0060 
         648  1 0.7050 0.0654 0.0137 0.1207 0.0952 
         649  1 0.0649 0.6951 0.0072 0.1968 0.0361 
         650  1 0.2215 0.5053 0.0207 0.2466 0.0059 
         651  1 0.8760 0.0438 0.0140 0.0562 0.0100 
         652  1 0.5158 0.1140 0.0058 0.3308 0.0336 
         653  1 0.3464 0.2562 0.0156 0.3720 0.0098 
         654  1 0.3305 0.4007 0.0105 0.2513 0.0070 
         655  1 0.5058 0.3184 0.0125 0.1229 0.0403 
         656  1 0.6049 0.2510 0.0086 0.1194 0.0161 
         657  1 0.7163 0.0668 0.0067 0.1919 0.0183 
         658  1 0.1885 0.2207 0.0353 0.5199 0.0356 
         659  1 0.1536 0.3342 0.0153 0.4853 0.0115 
         660  1 0.8235 0.0841 0.0114 0.0655 0.0155 
         661  1 0.0599 0.6718 0.0455 0.2126 0.0102 
         662  1 0.0626 0.1604 0.4766 0.2296 0.0708 
         663  1 0.8460 0.0757 0.0113 0.0608 0.0062 
         664  1 0.1471 0.5973 0.0056 0.2343 0.0157 
         665  1 0.4736 0.1858 0.0247 0.2373 0.0786 
         666  1 0.6478 0.2015 0.0251 0.1214 0.0042 
         667  1 0.1015 0.7044 0.0103 0.1731 0.0106 
         668  1 0.2953 0.2799 0.0407 0.2618 0.1223 
         669  1 0.5063 0.2716 0.0040 0.2091 0.0090 
         670  1 0.1708 0.1931 0.0327 0.5952 0.0082 
         671  1 0.7140 0.0453 0.0043 0.1797 0.0567 
         672  1 0.6383 0.1057 0.0057 0.2385 0.0118 
         673  1 0.2553 0.2199 0.0052 0.5154 0.0042 
         674  1 0.6626 0.1393 0.0836 0.0871 0.0275 
         675  1 0.7949 0.0483 0.0103 0.1293 0.0171 
         676  1 0.5559 0.1405 0.0107 0.2574 0.0354 
         677  1 0.3600 0.5165 0.0061 0.1112 0.0061 
         678  1 0.1526 0.6795 0.0059 0.1567 0.0053 
         679  1 0.8764 0.0523 0.0072 0.0581 0.0059 
         680  1 0.2976 0.2579 0.0303 0.3830 0.0312 
         681  1 0.5049 0.1852 0.0153 0.2847 0.0098 
         682  1 0.0500 0.6001 0.1070 0.2299 0.0129 
         683  1 0.1784 0.5871 0.0197 0.1494 0.0655 
         684  1 0.0574 0.5955 0.0855 0.2544 0.0072 
         685  1 0.6594 0.1156 0.0131 0.1378 0.0741 
         686  1 0.1132 0.2813 0.0044 0.4539 0.1472 
         687  1 0.5997 0.1343 0.0066 0.2510 0.0084 
         688  1 0.1755 0.3802 0.0092 0.4279 0.0073 
         689  1 0.0232 0.6156 0.0151 0.3133 0.0327 
         690  1 0.1275 0.5469 0.0136 0.2986 0.0134 
         691  1 0.5982 0.0751 0.0752 0.1294 0.1220 
         692  1 0.1703 0.1239 0.0456 0.6192 0.0410 
         693  1 0.0876 0.7052 0.0065 0.1952 0.0055 
         694  1 0.3652 0.3641 0.0080 0.2519 0.0108 
         695  1 0.3914 0.2002 0.0112 0.3900 0.0072 
         696  1 0.2139 0.6156 0.0087 0.1364 0.0255 
         697  1 0.4333 0.1879 0.0484 0.3101 0.0204 
         698  1 0.0716 0.8271 0.0068 0.0679 0.0266 
         699  1 0.0782 0.7330 0.0120 0.1625 0.0143 
         700  1 0.3601 0.5033 0.0135 0.0997 0.0234 
         701  1 0.3519 0.2862 0.0182 0.3332 0.0106 
         702  1 0.1161 0.6349 0.0093 0.1942 0.0455 
         703  1 0.0178 0.5957 0.0099 0.3668 0.0099 
         704  1 0.0549 0.7634 0.0351 0.1255 0.0212 
         705  1 0.3089 0.3229 0.0479 0.3091 0.0112 
         706  1 0.4175 0.3793 0.0083 0.1894 0.0054 
         707  1 0.5566 0.1670 0.0569 0.2024 0.0171 
         708  1 0.8479 0.0523 0.0093 0.0810 0.0095 
         709  1 0.0843 0.6059 0.0090 0.2718 0.0289 
         710  1 0.5013 0.1148 0.0129 0.3142 0.0567 
         711  1 0.4553 0.3613 0.0129 0.1595 0.0109 
         712  1 0.0536 0.7612 0.0129 0.1621 0.0102 
         713  1 0.2447 0.5542 0.0323 0.1607 0.0080 
         714  1 0.1708 0.1857 0.0342 0.5540 0.0553 
         715  1 0.1075 0.3469 0.0345 0.2474 0.2637 
         716  1 0.1922 0.5073 0.0103 0.2762 0.0140 
         717  1 0.3766 0.1752 0.0125 0.3021 0.1335 
         718  1 0.7927 0.0811 0.0216 0.0918 0.0128 
         719  1 0.0838 0.2602 0.0073 0.6365 0.0122 
         720  1 0.4934 0.1128 0.0245 0.2173 0.1520 
         721  1 0.0821 0.6784 0.0118 0.2078 0.0200 
         722  1 0.1179 0.7339 0.0137 0.1188 0.0157 
         723  1 0.1702 0.5910 0.0097 0.2146 0.0146 
         724  1 0.1939 0.3617 0.0146 0.4077 0.0221 
         725  1 0.0539 0.7197 0.0235 0.1973 0.0055 
         726  1 0.1245 0.4775 0.0142 0.2959 0.0879 
         727  1 0.5083 0.3252 0.0127 0.1468 0.0069 
         728  1 0.5966 0.1976 0.0081 0.1836 0.0141 
         729  1 0.0857 0.6481 0.0131 0.2381 0.0150 
         730  1 0.2678 0.4312 0.0088 0.2839 0.0084 
         731  1 0.0809 0.6264 0.0162 0.2665 0.0099 
         732  1 0.0856 0.1976 0.0146 0.6791 0.0231 
         733  1 0.7143 0.1342 0.0712 0.0743 0.0060 
         734  1 0.4333 0.2693 0.0115 0.2737 0.0123 
         735  1 0.7351 0.1078 0.0046 0.1433 0.0091 
         736  1 0.4872 0.1565 0.0066 0.3431 0.0066 
         737  1 0.0927 0.4856 0.0620 0.3284 0.0314 
         738  1 0.1820 0.5412 0.0204 0.2437 0.0127 
         739  1 0.1287 0.3534 0.0197 0.4751 0.0232 
         740  1 0.0520 0.6145 0.0112 0.2801 0.0421 
         741  1 0.1965 0.5371 0.0189 0.2398 0.0079 
         742  1 0.0093 0.0090 0.9610 0.0082 0.0125 
         743  1 0.0075 0.0069 0.9719 0.0080 0.0058 
         744  1 0.0100 0.0073 0.9677 0.0078 0.0071 
         745  1 0.0043 0.0042 0.9836 0.0040 0.0039 
         746  1 0.0046 0.0053 0.9754 0.0051 0.0096 
         747  1 0.0467 0.0455 0.8603 0.0395 0.0080 
         748  1 0.0148 0.0311 0.9126 0.0234 0.0181 
         749  1 0.0050 0.0047 0.9804 0.0048 0.0050 
         750  1 0.0062 0.0079 0.9745 0.0069 0.0044 
         751  1 0.0064 0.0041 0.9777 0.0043 0.0075 
         752  1 0.0084 0.0055 0.9695 0.0065 0.0101 
         753  1 0.0098 0.0134 0.9094 0.0220 0.0453 
         754  1 0.0132 0.0120 0.9291 0.0102 0.0355 
         755  1 0.6509 0.1531 0.0333 0.0816 0.0811 
         756  1 0.0484 0.0847 0.0068 0.8141 0.0460 
         757  1 0.0718 0.1491 0.1785 0.5797 0.0209 
         758  1 0.0148 0.1832 0.1087 0.6718 0.0215 
         759  1 0.4518 0.1078 0.0076 0.3372 0.0957 
         760  1 0.1995 0.1737 0.0124 0.2922 0.3221 
         761  1 0.0261 0.1176 0.0087 0.8005 0.0471 
         762  1 0.0666 0.0496 0.0389 0.0658 0.7791 
         763  1 0.2310 0.1012 0.0329 0.6190 0.0158 
         764  1 0.1679 0.2671 0.0139 0.5370 0.0141 
         765  1 0.0072 0.0065 0.0078 0.0067 0.9718 
         766  1 0.1045 0.3059 0.0084 0.5725 0.0087 
         767  1 0.2213 0.2257 0.0112 0.5245 0.0173 
         768  1 0.2341 0.3358 0.1333 0.2768 0.0200 
         769  1 0.0636 0.2436 0.0119 0.6373 0.0436 
