           1  1 0.0311 0.1473 0.3436 0.1644 0.1486 0.0071 0.1579 
           2  1 0.0076 0.2860 0.1701 0.0040 0.2227 0.0054 0.3042 
           3  1 0.0527 0.1841 0.1480 0.0409 0.3056 0.0085 0.2602 
           4  1 0.0088 0.1991 0.4419 0.0106 0.1632 0.0059 0.1705 
           5  1 0.0057 0.4944 0.0854 0.0484 0.1064 0.0440 0.2157 
           6  1 0.0089 0.3440 0.1777 0.0898 0.1492 0.0219 0.2085 
           7  1 0.0053 0.3946 0.1164 0.0039 0.2088 0.0070 0.2639 
           8  1 0.0798 0.4003 0.1220 0.0102 0.1637 0.0043 0.2196 
           9  1 0.0078 0.1932 0.2337 0.0694 0.2744 0.0086 0.2128 
          10  1 0.0586 0.1600 0.2725 0.0169 0.2308 0.0675 0.1937 
          11  1 0.0063 0.2271 0.2923 0.0474 0.1982 0.0098 0.2188 
          12  1 0.0085 0.2775 0.2368 0.0046 0.2289 0.0041 0.2396 
          13  1 0.0138 0.2102 0.1681 0.0053 0.3215 0.0067 0.2743 
          14  1 0.0063 0.2009 0.2153 0.0292 0.2493 0.0090 0.2900 
          15  1 0.0468 0.1339 0.2203 0.2459 0.1771 0.0116 0.1644 
          16  1 0.0058 0.2178 0.3055 0.0281 0.1904 0.0077 0.2448 
          17  1 0.0169 0.2543 0.2428 0.0519 0.1612 0.0197 0.2533 
          18  1 0.0157 0.2305 0.2721 0.0312 0.1796 0.0106 0.2603 
          19  1 0.0773 0.1744 0.2854 0.0836 0.1822 0.0102 0.1870 
          20  1 0.0294 0.2716 0.1045 0.0059 0.0924 0.2631 0.2332 
          21  1 0.0172 0.2135 0.1871 0.0390 0.2604 0.0414 0.2415 
          22  1 0.0047 0.1380 0.2950 0.0736 0.3060 0.0052 0.1775 
          23  1 0.0179 0.4940 0.0935 0.0256 0.1333 0.0130 0.2227 
          24  1 0.0236 0.2382 0.2632 0.0336 0.1346 0.0561 0.2507 
          25  1 0.0380 0.2287 0.2991 0.0212 0.2016 0.0280 0.1834 
          26  1 0.0094 0.1741 0.1951 0.0143 0.3094 0.0047 0.2931 
          27  1 0.0085 0.2541 0.2540 0.0268 0.1982 0.0075 0.2510 
          28  1 0.0363 0.1586 0.2971 0.0693 0.1322 0.1467 0.1598 
          29  1 0.0116 0.2338 0.2024 0.0064 0.2321 0.0416 0.2721 
          30  1 0.0041 0.1194 0.2209 0.0089 0.4044 0.0037 0.2385 
          31  1 0.0057 0.2466 0.1520 0.0594 0.2746 0.0085 0.2532 
          32  1 0.0062 0.4923 0.1292 0.0118 0.1300 0.0053 0.2252 
          33  1 0.0066 0.5324 0.1265 0.0657 0.0582 0.0051 0.2055 
          34  1 0.0377 0.2355 0.3114 0.0204 0.1701 0.0168 0.2081 
          35  1 0.0082 0.3475 0.1060 0.0281 0.1839 0.0086 0.3178 
          36  1 0.0057 0.3412 0.1362 0.0122 0.1588 0.0058 0.3401 
          37  1 0.0112 0.2173 0.2091 0.0339 0.2142 0.0819 0.2324 
          38  1 0.0133 0.3826 0.1167 0.1405 0.1285 0.0073 0.2112 
          39  1 0.0106 0.0136 0.0128 0.9231 0.0163 0.0081 0.0156 
          40  1 0.0048 0.3048 0.1600 0.0659 0.2158 0.0153 0.2334 
          41  1 0.0229 0.2745 0.2391 0.0190 0.1737 0.0114 0.2594 
          42  1 0.0134 0.3360 0.1269 0.0435 0.1794 0.0125 0.2883 
          43  1 0.0612 0.2605 0.1922 0.0274 0.1773 0.0089 0.2726 
          44  1 0.0060 0.2540 0.3143 0.0124 0.1558 0.0388 0.2187 
          45  1 0.0209 0.1847 0.2239 0.0047 0.3182 0.0041 0.2437 
          46  1 0.0094 0.2169 0.2050 0.0099 0.2585 0.0103 0.2900 
          47  1 0.0095 0.2358 0.3501 0.0399 0.1552 0.0344 0.1751 
          48  1 0.0102 0.3133 0.1901 0.0130 0.1602 0.0378 0.2753 
          49  1 0.0691 0.1328 0.1504 0.0334 0.3657 0.0169 0.2317 
          50  1 0.0152 0.2373 0.3000 0.0086 0.2285 0.0065 0.2039 
          51  1 0.0165 0.3370 0.1374 0.0070 0.2509 0.0047 0.2466 
          52  1 0.0034 0.3954 0.1173 0.0209 0.1707 0.0053 0.2869 
          53  1 0.0411 0.4050 0.1336 0.0051 0.1647 0.0060 0.2445 
          54  1 0.0075 0.2524 0.1675 0.0493 0.1727 0.1057 0.2447 
          55  1 0.1947 0.2226 0.1485 0.0083 0.1962 0.0119 0.2179 
          56  1 0.0067 0.1938 0.3307 0.0649 0.1746 0.0178 0.2114 
          57  1 0.0144 0.2441 0.1699 0.0136 0.2752 0.0069 0.2759 
          58  1 0.0082 0.1641 0.2282 0.0101 0.3332 0.0273 0.2289 
          59  1 0.0048 0.3767 0.2761 0.0113 0.1061 0.0060 0.2189 
          60  1 0.0168 0.1889 0.1616 0.0134 0.3631 0.0144 0.2418 
          61  1 0.0132 0.1778 0.1813 0.0649 0.1763 0.1881 0.1984 
          62  1 0.0155 0.3720 0.1992 0.0063 0.1588 0.0067 0.2414 
          63  1 0.0361 0.2869 0.1341 0.0342 0.2092 0.0132 0.2862 
          64  1 0.0107 0.1692 0.4495 0.0106 0.1758 0.0055 0.1787 
          65  1 0.0077 0.2280 0.2844 0.0353 0.1811 0.0088 0.2547 
          66  1 0.0121 0.3535 0.1577 0.0076 0.1796 0.0104 0.2791 
          67  1 0.0189 0.4048 0.1658 0.0210 0.1050 0.0508 0.2337 
          68  1 0.0298 0.1462 0.1236 0.4186 0.1215 0.0300 0.1302 
          69  1 0.0101 0.2331 0.1336 0.1967 0.1058 0.1297 0.1910 
          70  1 0.0071 0.1265 0.1662 0.0189 0.4414 0.0168 0.2232 
          71  1 0.0068 0.4494 0.1215 0.0245 0.1319 0.0261 0.2398 
          72  1 0.0143 0.2745 0.2243 0.0061 0.2057 0.0144 0.2607 
          73  1 0.0414 0.2658 0.3066 0.0757 0.1351 0.0090 0.1663 
          74  1 0.0085 0.1984 0.3727 0.0201 0.1823 0.0076 0.2105 
          75  1 0.0244 0.3090 0.1337 0.0085 0.1543 0.0066 0.3635 
          76  1 0.0080 0.4023 0.1234 0.0316 0.1352 0.0078 0.2918 
          77  1 0.9602 0.0060 0.0061 0.0084 0.0061 0.0075 0.0057 
          78  1 0.9034 0.0170 0.0172 0.0144 0.0193 0.0112 0.0175 
          79  1 0.9558 0.0072 0.0069 0.0046 0.0067 0.0116 0.0071 
          80  1 0.9743 0.0049 0.0053 0.0028 0.0047 0.0032 0.0048 
          81  1 0.9628 0.0071 0.0076 0.0042 0.0069 0.0041 0.0073 
          82  1 0.9524 0.0082 0.0071 0.0087 0.0079 0.0066 0.0090 
          83  1 0.8861 0.0171 0.0185 0.0155 0.0208 0.0242 0.0178 
          84  1 0.9457 0.0095 0.0107 0.0113 0.0088 0.0055 0.0084 
          85  1 0.9367 0.0107 0.0111 0.0078 0.0125 0.0090 0.0122 
          86  1 0.8409 0.0293 0.0354 0.0204 0.0316 0.0092 0.0331 
          87  1 0.9691 0.0053 0.0054 0.0055 0.0056 0.0038 0.0054 
          88  1 0.9557 0.0063 0.0058 0.0134 0.0050 0.0081 0.0056 
          89  1 0.9599 0.0065 0.0065 0.0071 0.0067 0.0065 0.0068 
          90  1 0.5298 0.1350 0.1054 0.0195 0.0762 0.0177 0.1165 
          91  1 0.9546 0.0059 0.0068 0.0135 0.0064 0.0066 0.0062 
          92  1 0.9582 0.0064 0.0066 0.0061 0.0064 0.0098 0.0063 
          93  1 0.9658 0.0064 0.0061 0.0042 0.0063 0.0050 0.0062 
          94  1 0.9718 0.0045 0.0047 0.0039 0.0046 0.0058 0.0046 
          95  1 0.9277 0.0114 0.0112 0.0164 0.0115 0.0101 0.0117 
          96  1 0.9648 0.0056 0.0059 0.0066 0.0058 0.0056 0.0057 
          97  1 0.6977 0.0434 0.0565 0.0103 0.0450 0.1047 0.0425 
          98  1 0.3249 0.1424 0.1872 0.0269 0.1454 0.0234 0.1497 
          99  1 0.9525 0.0062 0.0063 0.0187 0.0060 0.0037 0.0065 
         100  1 0.8267 0.0465 0.0363 0.0108 0.0340 0.0094 0.0364 
         101  1 0.9464 0.0089 0.0087 0.0132 0.0090 0.0048 0.0090 
         102  1 0.7175 0.0423 0.0341 0.0322 0.0420 0.0867 0.0451 
         103  1 0.0080 0.1944 0.3281 0.0951 0.1781 0.0073 0.1890 
         104  1 0.0056 0.1992 0.3930 0.0070 0.1989 0.0049 0.1914 
         105  1 0.0064 0.2748 0.2167 0.0183 0.2296 0.0192 0.2349 
         106  1 0.0200 0.2405 0.1637 0.0083 0.2924 0.0114 0.2636 
         107  1 0.0174 0.1444 0.4350 0.0103 0.2335 0.0077 0.1516 
         108  1 0.0145 0.1564 0.2017 0.0416 0.4018 0.0160 0.1680 
         109  1 0.0183 0.2461 0.2803 0.0311 0.1499 0.0368 0.2375 
         110  1 0.0053 0.4237 0.1531 0.0208 0.1484 0.0164 0.2323 
         111  1 0.0059 0.3079 0.1854 0.0197 0.2075 0.0066 0.2670 
         112  1 0.0154 0.2449 0.2198 0.0643 0.1655 0.0045 0.2856 
         113  1 0.0327 0.2479 0.1421 0.0166 0.2043 0.0089 0.3476 
         114  1 0.0124 0.3276 0.1961 0.0050 0.1704 0.0080 0.2806 
         115  1 0.0063 0.1897 0.2470 0.0678 0.2476 0.0542 0.1873 
         116  1 0.0089 0.1929 0.4697 0.0073 0.1520 0.0043 0.1649 
         117  1 0.0048 0.0972 0.1661 0.0064 0.4787 0.0067 0.2402 
         118  1 0.0094 0.2342 0.2288 0.0255 0.2898 0.0069 0.2054 
         119  1 0.0106 0.2265 0.1385 0.0161 0.3026 0.0044 0.3012 
         120  1 0.0286 0.1220 0.1599 0.0099 0.4268 0.0047 0.2480 
         121  1 0.0193 0.1550 0.1594 0.0743 0.3708 0.0118 0.2093 
         122  1 0.0122 0.2009 0.2837 0.0212 0.2125 0.0150 0.2544 
         123  1 0.0108 0.1863 0.2210 0.0486 0.2839 0.0119 0.2375 
         124  1 0.0335 0.2622 0.2146 0.0859 0.1723 0.0082 0.2234 
         125  1 0.0050 0.3058 0.2001 0.0081 0.1670 0.0093 0.3046 
         126  1 0.0580 0.2040 0.2295 0.0086 0.2640 0.0153 0.2207 
         127  1 0.0109 0.2468 0.2757 0.0218 0.1999 0.0099 0.2351 
         128  1 0.4889 0.1158 0.1443 0.0077 0.1203 0.0062 0.1168 
         129  1 0.0557 0.2012 0.2019 0.0164 0.3095 0.0136 0.2018 
         130  1 0.0060 0.3112 0.1267 0.0888 0.1945 0.0118 0.2611 
         131  1 0.0514 0.1466 0.3042 0.0204 0.2869 0.0059 0.1846 
         132  1 0.0062 0.3868 0.1093 0.0116 0.1838 0.0035 0.2988 
         133  1 0.0752 0.1613 0.2011 0.0064 0.3296 0.0049 0.2216 
         134  1 0.0262 0.4838 0.1197 0.0080 0.1212 0.0069 0.2342 
         135  1 0.1127 0.1709 0.1646 0.0144 0.2736 0.0540 0.2096 
         136  1 0.0533 0.2257 0.1702 0.0183 0.3352 0.0090 0.1883 
         137  1 0.0063 0.1566 0.4914 0.0262 0.1465 0.0111 0.1619 
         138  1 0.0140 0.4191 0.1852 0.0049 0.1514 0.0073 0.2181 
         139  1 0.0216 0.3138 0.2013 0.0901 0.1362 0.0056 0.2313 
         140  1 0.0332 0.2061 0.2053 0.0625 0.2189 0.0615 0.2125 
         141  1 0.0062 0.2577 0.2202 0.0207 0.1858 0.0064 0.3030 
         142  1 0.0055 0.1392 0.1590 0.0129 0.3927 0.0094 0.2813 
         143  1 0.0233 0.1658 0.3613 0.0262 0.1841 0.0053 0.2340 
         144  1 0.0168 0.2216 0.2871 0.0155 0.2381 0.0058 0.2153 
         145  1 0.0102 0.1345 0.1591 0.2529 0.2143 0.0694 0.1596 
         146  1 0.0177 0.2911 0.2091 0.0182 0.1811 0.0164 0.2663 
         147  1 0.0062 0.1621 0.2016 0.1855 0.2269 0.0237 0.1941 
         148  1 0.0660 0.3441 0.1676 0.0065 0.1544 0.0082 0.2533 
         149  1 0.0066 0.2190 0.2437 0.0436 0.2703 0.0301 0.1868 
         150  1 0.0395 0.1915 0.1658 0.0090 0.2806 0.0857 0.2280 
         151  1 0.0081 0.3138 0.2139 0.0148 0.1721 0.0084 0.2689 
         152  1 0.0344 0.0694 0.1334 0.3112 0.0585 0.3315 0.0615 
         153  1 0.0231 0.3508 0.1246 0.0558 0.1326 0.0390 0.2741 
         154  1 0.0263 0.2714 0.2606 0.0965 0.1148 0.0747 0.1557 
         155  1 0.0080 0.3366 0.2588 0.0103 0.1405 0.0082 0.2377 
         156  1 0.2189 0.1305 0.3054 0.0302 0.1347 0.0324 0.1478 
         157  1 0.0163 0.5247 0.1114 0.0235 0.1354 0.0074 0.1813 
         158  1 0.0147 0.4234 0.1814 0.0152 0.1422 0.0056 0.2175 
         159  1 0.0403 0.1965 0.1311 0.0160 0.1679 0.2865 0.1616 
         160  1 0.0108 0.1406 0.1798 0.1515 0.3206 0.0097 0.1871 
         161  1 0.0275 0.2501 0.1907 0.0345 0.2726 0.0278 0.1968 
         162  1 0.0080 0.1834 0.3262 0.0074 0.2230 0.0120 0.2400 
         163  1 0.0043 0.1083 0.1880 0.0161 0.4518 0.0053 0.2262 
         164  1 0.0043 0.2022 0.2054 0.0196 0.2982 0.0076 0.2627 
         165  1 0.0042 0.3702 0.1182 0.0051 0.1680 0.0754 0.2589 
         166  1 0.1003 0.1819 0.1257 0.0342 0.3639 0.0040 0.1900 
         167  1 0.0057 0.1601 0.3998 0.0611 0.1858 0.0069 0.1806 
         168  1 0.0200 0.2412 0.2313 0.0095 0.2358 0.0138 0.2484 
         169  1 0.0062 0.2749 0.1768 0.0060 0.2438 0.0045 0.2879 
         170  1 0.0084 0.1496 0.3013 0.0250 0.2832 0.0129 0.2195 
         171  1 0.0065 0.1535 0.2337 0.1316 0.2477 0.0247 0.2023 
         172  1 0.0040 0.1797 0.3283 0.0511 0.2003 0.0100 0.2266 
         173  1 0.0105 0.2184 0.2049 0.0135 0.2457 0.0195 0.2875 
         174  1 0.0062 0.1938 0.2752 0.0211 0.1601 0.1094 0.2341 
         175  1 0.0056 0.1644 0.3063 0.1286 0.1917 0.0144 0.1890 
         176  1 0.0109 0.1393 0.2925 0.0562 0.2796 0.0136 0.2079 
         177  1 0.0047 0.1481 0.1641 0.0279 0.3881 0.0060 0.2612 
         178  1 0.0057 0.3315 0.1704 0.0210 0.2254 0.0164 0.2296 
         179  1 0.0140 0.0350 0.0460 0.7928 0.0582 0.0112 0.0428 
         180  1 0.0084 0.1523 0.2780 0.0188 0.3234 0.0053 0.2138 
         181  1 0.0613 0.1502 0.1512 0.0284 0.3561 0.0135 0.2393 
         182  1 0.0296 0.1141 0.1365 0.0396 0.4490 0.0099 0.2214 
         183  1 0.0603 0.2690 0.2720 0.0515 0.1248 0.0190 0.2034 
         184  1 0.0144 0.2735 0.1846 0.0604 0.2190 0.0078 0.2402 
         185  1 0.0210 0.2054 0.2428 0.0423 0.2162 0.0076 0.2647 
         186  1 0.0057 0.0817 0.1726 0.0069 0.5282 0.0036 0.2014 
         187  1 0.0070 0.2119 0.1915 0.0902 0.2014 0.0288 0.2692 
         188  1 0.0087 0.2055 0.2634 0.0318 0.2002 0.0198 0.2706 
         189  1 0.0095 0.1806 0.1502 0.0880 0.3214 0.0113 0.2390 
         190  1 0.0055 0.2119 0.1624 0.0279 0.3256 0.0292 0.2374 
         191  1 0.0700 0.1620 0.2525 0.0256 0.2704 0.0649 0.1547 
         192  1 0.0034 0.1900 0.3447 0.0729 0.1832 0.0586 0.1472 
         193  1 0.0079 0.4091 0.1124 0.0558 0.1533 0.0086 0.2528 
         194  1 0.0071 0.2044 0.1435 0.0289 0.2802 0.0197 0.3164 
         195  1 0.0068 0.1597 0.1377 0.0128 0.3869 0.0226 0.2735 
         196  1 0.3469 0.1970 0.1185 0.0417 0.1131 0.0067 0.1760 
         197  1 0.0290 0.2108 0.1977 0.0286 0.2549 0.0054 0.2737 
         198  1 0.0183 0.3291 0.1643 0.0352 0.1812 0.0098 0.2621 
         199  1 0.0081 0.1007 0.1524 0.0484 0.4578 0.0091 0.2233 
         200  1 0.0257 0.3295 0.1695 0.0168 0.1716 0.0054 0.2816 
         201  1 0.0050 0.1785 0.2360 0.1499 0.1650 0.0639 0.2016 
         202  1 0.0299 0.4493 0.1216 0.0143 0.1506 0.0048 0.2296 
         203  1 0.0427 0.2007 0.2292 0.0392 0.2885 0.0075 0.1922 
         204  1 0.0116 0.3246 0.1300 0.0049 0.2292 0.0114 0.2882 
         205  1 0.0117 0.2793 0.2476 0.0049 0.1644 0.0232 0.2689 
         206  1 0.0086 0.2072 0.3546 0.0367 0.1822 0.0199 0.1907 
         207  1 0.0233 0.1261 0.2025 0.0475 0.3766 0.0055 0.2184 
         208  1 0.0368 0.2067 0.3184 0.0042 0.1986 0.0052 0.2301 
         209  1 0.0094 0.3974 0.1877 0.0080 0.1061 0.0336 0.2578 
         210  1 0.0169 0.3272 0.1622 0.0125 0.2307 0.0084 0.2422 
         211  1 0.0083 0.1809 0.3497 0.0074 0.1854 0.0059 0.2623 
         212  1 0.0225 0.1910 0.3043 0.0131 0.2121 0.0311 0.2258 
         213  1 0.0172 0.3099 0.2214 0.0112 0.1579 0.0118 0.2706 
         214  1 0.0100 0.2437 0.1666 0.0084 0.2412 0.0323 0.2977 
         215  1 0.0127 0.2125 0.3597 0.0178 0.2125 0.0077 0.1771 
         216  1 0.0091 0.2240 0.3424 0.0200 0.1390 0.0121 0.2535 
         217  1 0.0070 0.1704 0.1700 0.0239 0.3261 0.0284 0.2743 
         218  1 0.0365 0.2795 0.2279 0.0128 0.1848 0.0137 0.2448 
         219  1 0.0060 0.2268 0.1078 0.0165 0.4085 0.0036 0.2307 
         220  1 0.3695 0.2087 0.0965 0.0105 0.1283 0.0113 0.1752 
         221  1 0.0246 0.1847 0.2964 0.0259 0.2426 0.0197 0.2060 
         222  1 0.0095 0.2205 0.1701 0.1117 0.1747 0.0976 0.2158 
         223  1 0.0063 0.1930 0.2267 0.1018 0.2417 0.0241 0.2064 
         224  1 0.0050 0.1902 0.2232 0.0105 0.2896 0.0163 0.2652 
         225  1 0.0082 0.0894 0.1120 0.3024 0.1126 0.2768 0.0985 
         226  1 0.0096 0.1916 0.2886 0.0097 0.2331 0.0274 0.2401 
         227  1 0.0083 0.2465 0.2022 0.0091 0.1687 0.0058 0.3594 
         228  1 0.0064 0.1958 0.1825 0.0867 0.2333 0.0063 0.2891 
         229  1 0.0229 0.3008 0.1324 0.0473 0.2282 0.0159 0.2524 
         230  1 0.0056 0.2001 0.3314 0.0084 0.1990 0.0234 0.2321 
         231  1 0.0060 0.0899 0.2111 0.0111 0.4679 0.0079 0.2060 
         232  1 0.0076 0.1882 0.4094 0.0120 0.2130 0.0040 0.1658 
         233  1 0.0156 0.0928 0.1641 0.0539 0.4652 0.0095 0.1989 
         234  1 0.0071 0.2180 0.1634 0.0584 0.2813 0.0266 0.2452 
         235  1 0.0081 0.3067 0.1277 0.0183 0.2109 0.0106 0.3177 
         236  1 0.0225 0.1824 0.2568 0.0145 0.3212 0.0130 0.1896 
         237  1 0.0347 0.2517 0.2047 0.0282 0.2443 0.0219 0.2145 
         238  1 0.0182 0.2792 0.2936 0.0080 0.1462 0.0310 0.2238 
         239  1 0.0171 0.3078 0.1281 0.0184 0.3044 0.0098 0.2144 
         240  1 0.1135 0.1981 0.1135 0.2915 0.1104 0.0157 0.1573 
         241  1 0.0099 0.1898 0.3068 0.0193 0.2562 0.0062 0.2118 
         242  1 0.0282 0.3260 0.2091 0.0172 0.1716 0.0096 0.2382 
         243  1 0.0097 0.3102 0.1491 0.0064 0.2617 0.0119 0.2509 
         244  1 0.0175 0.1325 0.4290 0.0102 0.2686 0.0041 0.1381 
         245  1 0.0124 0.6268 0.0851 0.0283 0.0605 0.0127 0.1741 
         246  1 0.0566 0.1740 0.4226 0.0128 0.1564 0.0058 0.1718 
         247  1 0.0049 0.3167 0.1585 0.0545 0.1478 0.0287 0.2889 
         248  1 0.0192 0.2379 0.1544 0.0126 0.3050 0.0090 0.2618 
         249  1 0.0057 0.4142 0.1755 0.0178 0.1918 0.0084 0.1864 
         250  1 0.0125 0.1209 0.2992 0.0114 0.3383 0.0314 0.1863 
         251  1 0.0220 0.2177 0.2953 0.0455 0.2217 0.0064 0.1914 
         252  1 0.0331 0.2404 0.3061 0.0062 0.1629 0.0271 0.2242 
         253  1 0.0641 0.2775 0.1417 0.0062 0.2630 0.0085 0.2390 
         254  1 0.0097 0.2516 0.1953 0.0143 0.1860 0.0069 0.3362 
         255  1 0.0505 0.3036 0.1819 0.0076 0.2032 0.0052 0.2481 
         256  1 0.0039 0.1509 0.2548 0.0324 0.3449 0.0102 0.2028 
         257  1 0.0259 0.1549 0.1901 0.0169 0.3405 0.0172 0.2545 
         258  1 0.0045 0.2619 0.3432 0.0211 0.1257 0.0053 0.2384 
         259  1 0.0085 0.1924 0.1660 0.0189 0.3252 0.0054 0.2835 
         260  1 0.0077 0.2092 0.1720 0.0234 0.2780 0.0174 0.2923 
         261  1 0.0100 0.4811 0.0997 0.0182 0.1979 0.0067 0.1865 
         262  1 0.0072 0.2739 0.2307 0.0078 0.1671 0.0064 0.3071 
         263  1 0.0094 0.2579 0.1146 0.0057 0.2392 0.1443 0.2290 
         264  1 0.0138 0.4435 0.0829 0.0129 0.1196 0.0280 0.2993 
         265  1 0.0116 0.5929 0.1004 0.0172 0.0612 0.0230 0.1938 
         266  1 0.0224 0.3338 0.1447 0.0319 0.1872 0.0084 0.2716 
         267  1 0.1129 0.2427 0.0966 0.1012 0.1851 0.0126 0.2489 
         268  1 0.3013 0.1558 0.1730 0.0375 0.1058 0.0584 0.1681 
         269  1 0.0236 0.1713 0.2217 0.2821 0.1372 0.0129 0.1511 
         270  1 0.0223 0.2433 0.3747 0.0122 0.1289 0.0057 0.2128 
         271  1 0.0477 0.2686 0.1432 0.0178 0.2332 0.0314 0.2581 
         272  1 0.0098 0.0863 0.1064 0.6152 0.0888 0.0171 0.0763 
         273  1 0.0047 0.2853 0.2181 0.0322 0.1988 0.0227 0.2383 
         274  1 0.0275 0.2098 0.2047 0.0383 0.2518 0.0254 0.2425 
         275  1 0.0249 0.2475 0.1920 0.0214 0.2665 0.0085 0.2391 
         276  1 0.0095 0.1667 0.2995 0.0723 0.1800 0.1106 0.1613 
         277  1 0.0057 0.1495 0.2229 0.0198 0.3806 0.0140 0.2076 
         278  1 0.0859 0.2470 0.2268 0.0121 0.1466 0.0888 0.1927 
         279  1 0.0220 0.2134 0.3504 0.0209 0.1541 0.0249 0.2143 
         280  1 0.0139 0.1823 0.3040 0.0320 0.2645 0.0053 0.1980 
         281  1 0.0295 0.2850 0.2307 0.0061 0.1525 0.0040 0.2922 
         282  1 0.0115 0.2822 0.2689 0.0292 0.1733 0.0493 0.1855 
         283  1 0.0135 0.1859 0.1338 0.0169 0.2064 0.2380 0.2054 
         284  1 0.0080 0.2340 0.2380 0.0338 0.2484 0.0418 0.1961 
         285  1 0.0514 0.4090 0.1003 0.0164 0.1512 0.0186 0.2530 
         286  1 0.0110 0.1547 0.1526 0.0124 0.3961 0.0086 0.2646 
         287  1 0.0535 0.1296 0.1740 0.0142 0.3800 0.0106 0.2380 
         288  1 0.0181 0.1767 0.1888 0.0260 0.3583 0.0152 0.2169 
         289  1 0.0046 0.2568 0.1352 0.0167 0.2391 0.0099 0.3378 
         290  1 0.0227 0.2457 0.2313 0.0184 0.2181 0.0084 0.2554 
         291  1 0.0208 0.1385 0.1929 0.0070 0.4029 0.0181 0.2198 
         292  1 0.0193 0.2080 0.1924 0.1390 0.1860 0.0377 0.2176 
         293  1 0.0122 0.1147 0.5184 0.0469 0.1584 0.0080 0.1413 
         294  1 0.1714 0.1458 0.1811 0.0064 0.2369 0.0843 0.1740 
         295  1 0.0331 0.1313 0.2479 0.0725 0.3187 0.0097 0.1868 
         296  1 0.0076 0.2105 0.3055 0.0465 0.1730 0.0432 0.2136 
         297  1 0.0101 0.2096 0.2520 0.0219 0.2096 0.0599 0.2370 
         298  1 0.0114 0.2531 0.2450 0.0050 0.2397 0.0074 0.2385 
         299  1 0.0214 0.2832 0.2267 0.0110 0.1807 0.0293 0.2477 
         300  1 0.0113 0.3050 0.1416 0.0538 0.1792 0.0170 0.2921 
         301  1 0.1189 0.1343 0.2379 0.0089 0.2957 0.0052 0.1991 
         302  1 0.0059 0.1445 0.1634 0.0072 0.4088 0.0099 0.2603 
         303  1 0.0077 0.2890 0.1460 0.0086 0.2361 0.0681 0.2444 
         304  1 0.0044 0.1842 0.3996 0.0092 0.2128 0.0088 0.1811 
         305  1 0.0252 0.2310 0.3044 0.0102 0.2229 0.0074 0.1989 
         306  1 0.0082 0.2937 0.3364 0.0088 0.1242 0.0080 0.2207 
         307  1 0.0160 0.3471 0.2060 0.0402 0.1657 0.0273 0.1978 
         308  1 0.0167 0.2416 0.2803 0.0103 0.1623 0.0072 0.2816 
         309  1 0.0077 0.1996 0.3169 0.0406 0.1889 0.0445 0.2017 
         310  1 0.0083 0.2038 0.3484 0.0090 0.1580 0.1121 0.1604 
         311  1 0.0068 0.1690 0.4381 0.0118 0.1789 0.0174 0.1781 
         312  1 0.0874 0.1326 0.1357 0.0838 0.3371 0.0292 0.1942 
         313  1 0.0053 0.2142 0.2952 0.0434 0.1681 0.0058 0.2679 
         314  1 0.0933 0.2250 0.2011 0.0970 0.1357 0.0516 0.1963 
         315  1 0.0114 0.2104 0.3782 0.0469 0.1405 0.0086 0.2040 
         316  1 0.0077 0.3915 0.1148 0.0773 0.1430 0.0783 0.1875 
         317  1 0.0239 0.1702 0.1598 0.0180 0.3491 0.0285 0.2505 
         318  1 0.0056 0.1684 0.3871 0.1019 0.1509 0.0215 0.1646 
         319  1 0.0072 0.1916 0.1228 0.0978 0.2330 0.1800 0.1676 
         320  1 0.2529 0.1296 0.1834 0.0139 0.1930 0.0626 0.1646 
         321  1 0.0108 0.3860 0.1973 0.0200 0.1164 0.0053 0.2641 
         322  1 0.0351 0.1646 0.3326 0.0292 0.2529 0.0166 0.1690 
         323  1 0.0250 0.2903 0.1261 0.0135 0.2864 0.0127 0.2461 
         324  1 0.0074 0.3167 0.2473 0.0167 0.1449 0.0064 0.2605 
         325  1 0.0326 0.1864 0.3575 0.0720 0.1645 0.0269 0.1600 
         326  1 0.0042 0.2344 0.2799 0.0069 0.1888 0.0066 0.2792 
         327  1 0.0108 0.1748 0.2637 0.0651 0.2074 0.0050 0.2732 
         328  1 0.0358 0.2277 0.2321 0.0166 0.2054 0.0160 0.2664 
         329  1 0.0265 0.1687 0.2627 0.0147 0.2558 0.0173 0.2542 
         330  1 0.0225 0.0848 0.1162 0.2795 0.3179 0.0045 0.1747 
         331  1 0.0149 0.1669 0.3447 0.1601 0.1486 0.0051 0.1596 
         332  1 0.0040 0.1826 0.4151 0.0075 0.1787 0.0087 0.2034 
         333  1 0.0085 0.1681 0.1756 0.0063 0.3376 0.0115 0.2923 
         334  1 0.0217 0.3550 0.1311 0.1430 0.1166 0.0055 0.2271 
         335  1 0.0568 0.2874 0.2144 0.0199 0.1647 0.0073 0.2495 
         336  1 0.0049 0.0049 0.0051 0.9711 0.0050 0.0039 0.0051 
         337  1 0.0172 0.0580 0.0490 0.7312 0.0514 0.0362 0.0570 
         338  1 0.0144 0.0045 0.0042 0.9641 0.0049 0.0032 0.0048 
         339  1 0.0029 0.0034 0.0031 0.9803 0.0034 0.0035 0.0034 
         340  1 0.0039 0.0057 0.0064 0.9603 0.0060 0.0118 0.0059 
         341  1 0.0100 0.2550 0.1889 0.0147 0.2353 0.0067 0.2894 
         342  1 0.0028 0.0031 0.0032 0.9817 0.0030 0.0029 0.0033 
         343  1 0.0072 0.0094 0.0088 0.9481 0.0083 0.0092 0.0090 
         344  1 0.0058 0.0057 0.0064 0.9638 0.0062 0.0063 0.0058 
         345  1 0.0044 0.0075 0.0089 0.9496 0.0080 0.0136 0.0080 
         346  1 0.0053 0.0054 0.0049 0.9665 0.0050 0.0076 0.0053 
         347  1 0.0049 0.0081 0.0079 0.9543 0.0074 0.0094 0.0081 
         348  1 0.0449 0.0198 0.0216 0.8696 0.0161 0.0108 0.0173 
         349  1 0.0031 0.0029 0.0032 0.9814 0.0030 0.0031 0.0032 
         350  1 0.0359 0.0200 0.0325 0.8592 0.0238 0.0044 0.0243 
         351  1 0.0044 0.0058 0.0059 0.9571 0.0061 0.0150 0.0058 
         352  1 0.0106 0.1577 0.4198 0.0219 0.1890 0.0053 0.1958 
         353  1 0.0040 0.0050 0.0052 0.9697 0.0055 0.0054 0.0052 
         354  1 0.0045 0.0054 0.0053 0.9680 0.0053 0.0059 0.0057 
         355  1 0.0048 0.0057 0.0063 0.9629 0.0057 0.0087 0.0059 
         356  1 0.0206 0.2946 0.1899 0.0174 0.1767 0.0086 0.2922 
         357  1 0.0144 0.1050 0.2885 0.0828 0.1980 0.1497 0.1616 
         358  1 0.0285 0.2010 0.2267 0.0109 0.3273 0.0105 0.1951 
         359  1 0.0094 0.3003 0.1501 0.0261 0.1917 0.0243 0.2981 
         360  1 0.0335 0.1923 0.4093 0.0468 0.1419 0.0476 0.1287 
         361  1 0.0157 0.1552 0.1332 0.2423 0.1413 0.1331 0.1792 
         362  1 0.0303 0.1671 0.1507 0.0104 0.3999 0.0051 0.2366 
         363  1 0.0056 0.1486 0.4071 0.0706 0.1743 0.0060 0.1878 
         364  1 0.0051 0.3326 0.2227 0.0099 0.1592 0.0060 0.2646 
         365  1 0.0086 0.1705 0.3072 0.1217 0.1853 0.0072 0.1994 
         366  1 0.0076 0.1526 0.4336 0.0286 0.2040 0.0052 0.1684 
         367  1 0.0289 0.2212 0.2287 0.0148 0.2477 0.0143 0.2443 
         368  1 0.0121 0.1775 0.1845 0.0142 0.3625 0.0111 0.2381 
         369  1 0.0122 0.1476 0.4448 0.0369 0.1732 0.0048 0.1805 
         370  1 0.0060 0.1580 0.2452 0.1156 0.2442 0.0517 0.1793 
         371  1 0.0099 0.1504 0.2897 0.0341 0.2630 0.0477 0.2053 
         372  1 0.0081 0.2545 0.2036 0.1502 0.1382 0.0448 0.2006 
         373  1 0.0119 0.2475 0.2423 0.0148 0.2276 0.0153 0.2407 
         374  1 0.1277 0.1717 0.2174 0.0223 0.2323 0.0479 0.1807 
         375  1 0.0042 0.1841 0.3845 0.0202 0.1621 0.0222 0.2227 
         376  1 0.0118 0.2089 0.3670 0.0241 0.1989 0.0126 0.1767 
         377  1 0.0135 0.2408 0.2743 0.0101 0.1897 0.0099 0.2617 
         378  1 0.0241 0.1287 0.3073 0.1227 0.2502 0.0087 0.1584 
         379  1 0.0067 0.2129 0.3315 0.0188 0.1974 0.0117 0.2211 
         380  1 0.0067 0.2722 0.1522 0.0122 0.2046 0.0161 0.3360 
         381  1 0.0160 0.1749 0.4402 0.0208 0.1534 0.0114 0.1834 
         382  1 0.0069 0.3657 0.1479 0.0169 0.1521 0.0266 0.2839 
         383  1 0.0459 0.2329 0.3041 0.0063 0.1581 0.0142 0.2385 
         384  1 0.0101 0.2232 0.2282 0.0338 0.2278 0.0118 0.2651 
         385  1 0.0032 0.3558 0.1785 0.0204 0.1541 0.0044 0.2835 
         386  1 0.0278 0.1725 0.3684 0.0146 0.2493 0.0107 0.1568 
         387  1 0.0053 0.2121 0.2650 0.0508 0.2633 0.0077 0.1959 
         388  1 0.0170 0.1657 0.1931 0.0374 0.3345 0.0129 0.2394 
         389  1 0.0206 0.2734 0.1254 0.0650 0.2078 0.0071 0.3007 
         390  1 0.0313 0.2861 0.3543 0.0616 0.1452 0.0043 0.1172 
         391  1 0.0083 0.2679 0.3631 0.0097 0.1584 0.0065 0.1860 
         392  1 0.0041 0.1085 0.1814 0.0066 0.4639 0.0148 0.2208 
         393  1 0.0287 0.2927 0.2516 0.0145 0.1589 0.0074 0.2463 
         394  1 0.0059 0.1695 0.1594 0.0087 0.3957 0.0068 0.2540 
         395  1 0.0072 0.1102 0.1352 0.0053 0.5101 0.0055 0.2265 
         396  1 0.0097 0.1926 0.2003 0.0124 0.2634 0.0063 0.3152 
         397  1 0.0087 0.2089 0.1486 0.0157 0.3701 0.0076 0.2404 
         398  1 0.4276 0.1062 0.0963 0.0921 0.1379 0.0237 0.1161 
         399  1 0.0152 0.2641 0.2163 0.0164 0.2065 0.0108 0.2707 
         400  1 0.0203 0.2733 0.2251 0.0108 0.1923 0.0327 0.2455 
         401  1 0.0147 0.1127 0.2036 0.0090 0.4378 0.0082 0.2140 
         402  1 0.0066 0.1432 0.2167 0.0053 0.3738 0.0155 0.2389 
         403  1 0.0113 0.1851 0.4819 0.0109 0.1109 0.0063 0.1937 
         404  1 0.0059 0.1907 0.2049 0.0618 0.2712 0.0214 0.2440 
         405  1 0.0424 0.1388 0.4232 0.0261 0.2056 0.0094 0.1546 
         406  1 0.0079 0.1902 0.2783 0.0279 0.2269 0.0447 0.2241 
         407  1 0.0085 0.3068 0.1512 0.0200 0.2029 0.0121 0.2986 
         408  1 0.0101 0.1415 0.1662 0.0105 0.4239 0.0077 0.2402 
         409  1 0.0106 0.3142 0.2460 0.0169 0.1991 0.0203 0.1928 
         410  1 0.0146 0.2519 0.2456 0.0072 0.1767 0.0092 0.2947 
         411  1 0.0076 0.1873 0.2392 0.0385 0.2391 0.0324 0.2559 
         412  1 0.0081 0.3018 0.1931 0.0067 0.1973 0.0148 0.2782 
         413  1 0.0105 0.1776 0.2923 0.0053 0.2915 0.0057 0.2172 
         414  1 0.0074 0.1501 0.2616 0.0223 0.3155 0.0188 0.2243 
         415  1 0.0392 0.3193 0.2233 0.0124 0.1553 0.0072 0.2433 
         416  1 0.0078 0.1896 0.1749 0.0098 0.2953 0.0104 0.3123 
         417  1 0.0286 0.2194 0.2772 0.0190 0.2225 0.0123 0.2211 
         418  1 0.0232 0.2308 0.2438 0.0554 0.1420 0.0058 0.2990 
         419  1 0.0417 0.1822 0.2524 0.0177 0.2639 0.0112 0.2308 
         420  1 0.1910 0.1403 0.1681 0.0072 0.2506 0.0077 0.2352 
         421  1 0.0500 0.3160 0.2364 0.0162 0.1459 0.0090 0.2265 
         422  1 0.0687 0.1616 0.2730 0.0525 0.1619 0.1266 0.1557 
         423  1 0.0041 0.1717 0.2063 0.0176 0.3060 0.0149 0.2794 
         424  1 0.0109 0.1606 0.2919 0.0122 0.2821 0.0153 0.2270 
         425  1 0.0058 0.1562 0.4358 0.0091 0.2259 0.0068 0.1604 
         426  1 0.0078 0.1476 0.3185 0.0459 0.2417 0.0371 0.2014 
         427  1 0.0095 0.2637 0.1993 0.0052 0.2980 0.0050 0.2193 
         428  1 0.0096 0.2645 0.2212 0.0133 0.3041 0.0058 0.1815 
         429  1 0.0042 0.4987 0.1423 0.0061 0.1127 0.0134 0.2226 
         430  1 0.0129 0.1753 0.1215 0.0572 0.1357 0.3440 0.1536 
         431  1 0.0079 0.2549 0.1261 0.0083 0.3098 0.0071 0.2859 
         432  1 0.0070 0.1503 0.2102 0.0701 0.3167 0.0096 0.2362 
         433  1 0.0064 0.2028 0.3505 0.0404 0.1530 0.0254 0.2216 
         434  1 0.0150 0.2496 0.1742 0.0330 0.1935 0.0079 0.3269 
         435  1 0.0166 0.2136 0.3156 0.0057 0.1972 0.0095 0.2418 
         436  1 0.0685 0.2685 0.2129 0.0049 0.1806 0.0091 0.2555 
         437  1 0.0705 0.1917 0.1934 0.0155 0.1291 0.2162 0.1835 
         438  1 0.0053 0.2720 0.2646 0.0060 0.1336 0.0394 0.2791 
         439  1 0.0101 0.2504 0.2021 0.0996 0.2112 0.0181 0.2083 
         440  1 0.0286 0.1766 0.4315 0.0453 0.1426 0.0050 0.1704 
         441  1 0.0202 0.3986 0.1496 0.0063 0.1423 0.0547 0.2282 
         442  1 0.0272 0.2058 0.2352 0.0087 0.1293 0.2139 0.1800 
         443  1 0.0096 0.2649 0.2612 0.1335 0.1034 0.0204 0.2070 
         444  1 0.0175 0.3661 0.1649 0.0327 0.1594 0.0145 0.2449 
         445  1 0.0066 0.1892 0.3669 0.0344 0.1672 0.0086 0.2270 
         446  1 0.0121 0.1353 0.3060 0.0319 0.3373 0.0117 0.1656 
         447  1 0.0220 0.1690 0.4151 0.0309 0.1714 0.0085 0.1830 
         448  1 0.0917 0.0921 0.4360 0.0331 0.1980 0.0588 0.0903 
         449  1 0.0246 0.0813 0.1790 0.0147 0.4855 0.0091 0.2058 
         450  1 0.0629 0.0519 0.0979 0.5978 0.0713 0.0586 0.0596 
         451  1 0.0651 0.1844 0.3038 0.0562 0.2062 0.0051 0.1793 
         452  1 0.0085 0.3064 0.1776 0.0162 0.1831 0.0152 0.2930 
         453  1 0.0419 0.2297 0.2534 0.0107 0.2173 0.0102 0.2368 
         454  1 0.0170 0.3375 0.2179 0.0143 0.1400 0.0549 0.2183 
         455  1 0.0047 0.2259 0.2201 0.0075 0.2579 0.0095 0.2744 
         456  1 0.0086 0.2180 0.1787 0.0571 0.2109 0.0132 0.3135 
         457  1 0.0100 0.3414 0.1923 0.0079 0.1493 0.0053 0.2937 
         458  1 0.0125 0.3194 0.1390 0.1870 0.1385 0.0146 0.1890 
         459  1 0.0140 0.2092 0.3464 0.0343 0.1489 0.0363 0.2109 
         460  1 0.0201 0.1463 0.1486 0.0072 0.4082 0.0577 0.2119 
         461  1 0.0507 0.1895 0.1566 0.0338 0.2902 0.0398 0.2394 
         462  1 0.0086 0.1526 0.2437 0.0072 0.3913 0.0077 0.1888 
         463  1 0.0231 0.1635 0.3879 0.0440 0.1757 0.0299 0.1759 
         464  1 0.0394 0.1345 0.1866 0.0091 0.3927 0.0111 0.2267 
         465  1 0.0157 0.2250 0.2531 0.0513 0.1543 0.0597 0.2409 
         466  1 0.0479 0.1234 0.1708 0.1842 0.1752 0.1590 0.1395 
         467  1 0.0153 0.1854 0.2159 0.0100 0.3519 0.0147 0.2068 
         468  1 0.0082 0.1420 0.4531 0.0398 0.1680 0.0072 0.1817 
         469  1 0.0074 0.1522 0.3801 0.0087 0.2393 0.0067 0.2055 
         470  1 0.0101 0.1792 0.1612 0.0111 0.3492 0.0481 0.2411 
         471  1 0.0056 0.2136 0.1724 0.0070 0.3006 0.0056 0.2951 
         472  1 0.0194 0.2253 0.1473 0.0059 0.3047 0.0351 0.2622 
         473  1 0.0104 0.3307 0.1500 0.0453 0.1694 0.0148 0.2795 
         474  1 0.0046 0.2675 0.2051 0.0192 0.2473 0.0066 0.2498 
         475  1 0.0070 0.1786 0.1056 0.0070 0.3903 0.0045 0.3070 
         476  1 0.0116 0.3155 0.1988 0.0093 0.1897 0.0055 0.2695 
         477  1 0.0094 0.2059 0.2589 0.0337 0.2065 0.0531 0.2325 
         478  1 0.0105 0.1866 0.2203 0.0597 0.2374 0.0777 0.2078 
         479  1 0.1150 0.1190 0.1788 0.0167 0.3497 0.0060 0.2148 
         480  1 0.0189 0.1794 0.2515 0.0075 0.2581 0.0079 0.2766 
         481  1 0.0165 0.3964 0.1451 0.0253 0.1735 0.0107 0.2326 
         482  1 0.0086 0.1601 0.4800 0.0326 0.1654 0.0052 0.1482 
         483  1 0.0086 0.3615 0.2611 0.0064 0.1256 0.0161 0.2207 
         484  1 0.0942 0.1491 0.1289 0.1463 0.2644 0.0060 0.2111 
         485  1 0.0342 0.0434 0.0524 0.3557 0.0328 0.4400 0.0416 
         486  1 0.0349 0.3094 0.1935 0.0451 0.1700 0.0088 0.2382 
         487  1 0.0073 0.1851 0.2377 0.0254 0.2713 0.0083 0.2649 
         488  1 0.0522 0.1970 0.2389 0.0282 0.2161 0.0198 0.2478 
         489  1 0.0314 0.1941 0.3131 0.0101 0.2412 0.0080 0.2021 
         490  1 0.0218 0.1518 0.2612 0.2655 0.1413 0.0121 0.1464 
         491  1 0.0082 0.1859 0.2727 0.0253 0.3209 0.0065 0.1805 
         492  1 0.0078 0.2026 0.2787 0.0146 0.2012 0.0140 0.2810 
         493  1 0.0088 0.2085 0.2902 0.0132 0.2567 0.0038 0.2189 
         494  1 0.0066 0.2216 0.2172 0.0124 0.2163 0.0079 0.3180 
         495  1 0.0153 0.2696 0.1562 0.0147 0.2404 0.0191 0.2847 
         496  1 0.0126 0.2921 0.2642 0.0089 0.1090 0.0850 0.2282 
         497  1 0.0094 0.1413 0.2384 0.1058 0.3034 0.0093 0.1922 
         498  1 0.0127 0.2445 0.2138 0.0244 0.2077 0.0112 0.2857 
         499  1 0.0100 0.1479 0.1773 0.0067 0.4039 0.0058 0.2483 
         500  1 0.0060 0.1852 0.2098 0.0131 0.2818 0.0088 0.2952 
         501  1 0.0069 0.2789 0.2323 0.0358 0.2119 0.0111 0.2232 
         502  1 0.0972 0.1702 0.1365 0.0077 0.3071 0.0473 0.2339 
         503  1 0.0040 0.1325 0.2241 0.0110 0.3867 0.0067 0.2351 
         504  1 0.0186 0.1765 0.3119 0.0426 0.2327 0.0074 0.2103 
         505  1 0.0052 0.2276 0.2883 0.0416 0.1462 0.0788 0.2123 
         506  1 0.0471 0.2031 0.2106 0.0167 0.2798 0.0219 0.2207 
         507  1 0.0320 0.2147 0.2156 0.0588 0.1506 0.0948 0.2333 
         508  1 0.0070 0.1776 0.1385 0.0102 0.3686 0.0103 0.2878 
         509  1 0.0071 0.5369 0.1257 0.0065 0.0929 0.0039 0.2270 
         510  1 0.0468 0.1945 0.1309 0.0446 0.3189 0.0057 0.2585 
         511  1 0.0319 0.2339 0.3019 0.0204 0.2245 0.0098 0.1775 
         512  1 0.0076 0.1469 0.4207 0.0221 0.1891 0.0104 0.2032 
         513  1 0.0078 0.2746 0.2896 0.0078 0.2303 0.0123 0.1777 
         514  1 0.0084 0.2038 0.3591 0.0200 0.2326 0.0187 0.1574 
         515  1 0.0106 0.2249 0.1553 0.0358 0.3174 0.0054 0.2507 
         516  1 0.0061 0.1605 0.1215 0.0477 0.4257 0.0263 0.2123 
         517  1 0.0037 0.0976 0.2061 0.0356 0.4220 0.0265 0.2086 
         518  1 0.0121 0.1964 0.1463 0.0981 0.1970 0.1479 0.2022 
         519  1 0.1658 0.1690 0.1921 0.0393 0.2078 0.0383 0.1877 
         520  1 0.0123 0.2560 0.2854 0.0087 0.1941 0.0132 0.2304 
         521  1 0.0335 0.1391 0.2166 0.0307 0.3584 0.0069 0.2149 
         522  1 0.5315 0.1133 0.1000 0.0236 0.1117 0.0093 0.1106 
         523  1 0.0095 0.3124 0.1706 0.0298 0.2017 0.0184 0.2576 
         524  1 0.0051 0.2103 0.2350 0.0177 0.2410 0.0045 0.2865 
         525  1 0.0053 0.1677 0.2054 0.0091 0.3378 0.0100 0.2647 
         526  1 0.0129 0.1231 0.4342 0.0555 0.2162 0.0160 0.1421 
         527  1 0.0200 0.2753 0.1613 0.0058 0.2606 0.0070 0.2701 
         528  1 0.0039 0.1236 0.2067 0.0060 0.4236 0.0084 0.2279 
         529  1 0.3073 0.1048 0.1180 0.0068 0.2804 0.0148 0.1680 
         530  1 0.0188 0.1316 0.4124 0.0493 0.1319 0.0417 0.2143 
         531  1 0.0324 0.2416 0.1696 0.0219 0.2759 0.0074 0.2511 
         532  1 0.1374 0.2402 0.1447 0.1010 0.1765 0.0143 0.1858 
         533  1 0.0158 0.2148 0.2056 0.0366 0.2681 0.0112 0.2479 
         534  1 0.0109 0.1427 0.1683 0.1505 0.2868 0.0553 0.1854 
         535  1 0.0085 0.2552 0.3162 0.0161 0.2063 0.0148 0.1829 
         536  1 0.0230 0.2118 0.2391 0.0114 0.2090 0.0124 0.2933 
         537  1 0.0295 0.1875 0.2242 0.1450 0.1847 0.0372 0.1919 
         538  1 0.0058 0.2706 0.1515 0.0543 0.1973 0.0041 0.3164 
         539  1 0.0051 0.1595 0.3080 0.0807 0.2452 0.0136 0.1879 
         540  1 0.0138 0.1806 0.3054 0.0110 0.1899 0.0082 0.2911 
         541  1 0.0909 0.1453 0.1626 0.0088 0.3654 0.0101 0.2169 
         542  1 0.0556 0.1677 0.3558 0.0356 0.2140 0.0089 0.1623 
         543  1 0.0099 0.3590 0.1756 0.0098 0.1354 0.0037 0.3067 
         544  1 0.0528 0.1767 0.3020 0.1249 0.1657 0.0399 0.1379 
         545  1 0.0277 0.1448 0.3228 0.2205 0.1250 0.0324 0.1268 
         546  1 0.0110 0.2210 0.1474 0.0144 0.2838 0.0176 0.3048 
         547  1 0.0157 0.1855 0.2971 0.0080 0.2378 0.0076 0.2482 
         548  1 0.0157 0.1974 0.3395 0.0401 0.1539 0.0057 0.2477 
         549  1 0.0177 0.0869 0.3095 0.1043 0.3164 0.0214 0.1438 
         550  1 0.0047 0.2871 0.1834 0.0103 0.2742 0.0051 0.2351 
         551  1 0.0531 0.2702 0.2342 0.0125 0.1640 0.0062 0.2598 
         552  1 0.0065 0.0857 0.1756 0.0173 0.4966 0.0036 0.2148 
         553  1 0.0080 0.0824 0.1672 0.0131 0.5053 0.0209 0.2032 
         554  1 0.0126 0.2963 0.2469 0.0087 0.1854 0.0384 0.2118 
         555  1 0.0088 0.1739 0.2483 0.0192 0.2853 0.0257 0.2388 
         556  1 0.0124 0.1481 0.2361 0.0947 0.3080 0.0199 0.1808 
         557  1 0.0110 0.1336 0.1751 0.0260 0.3926 0.0092 0.2525 
         558  1 0.0093 0.1217 0.1903 0.0176 0.3967 0.0070 0.2574 
         559  1 0.0050 0.4129 0.1877 0.0188 0.1060 0.0291 0.2405 
         560  1 0.0061 0.1530 0.4086 0.0415 0.1925 0.0176 0.1808 
         561  1 0.0100 0.1992 0.2087 0.2054 0.1636 0.0124 0.2007 
         562  1 0.0066 0.2129 0.2593 0.0096 0.2361 0.0094 0.2661 
         563  1 0.0072 0.2007 0.2761 0.0103 0.3265 0.0073 0.1718 
         564  1 0.0059 0.2252 0.1738 0.0115 0.1408 0.2403 0.2023 
         565  1 0.0226 0.2086 0.2234 0.0208 0.2781 0.0082 0.2383 
         566  1 0.0288 0.2307 0.2842 0.0061 0.2273 0.0199 0.2031 
         567  1 0.0820 0.2354 0.1954 0.0091 0.2331 0.0097 0.2353 
         568  1 0.0196 0.3492 0.1783 0.0085 0.1862 0.0323 0.2260 
         569  1 0.0080 0.1269 0.1817 0.0124 0.4578 0.0044 0.2088 
         570  1 0.0134 0.2180 0.1671 0.0175 0.2628 0.0061 0.3151 
         571  1 0.0626 0.2775 0.2377 0.0061 0.1631 0.0076 0.2454 
         572  1 0.0107 0.1559 0.2028 0.0078 0.3644 0.0099 0.2485 
         573  1 0.0115 0.1847 0.1166 0.1093 0.1654 0.2081 0.2045 
         574  1 0.0201 0.3865 0.1813 0.0205 0.1744 0.0265 0.1907 
         575  1 0.0055 0.1680 0.2148 0.0298 0.3441 0.0165 0.2214 
         576  1 0.0064 0.0877 0.2159 0.0113 0.4497 0.0400 0.1890 
         577  1 0.0162 0.2471 0.2388 0.0532 0.1998 0.0585 0.1865 
         578  1 0.0280 0.1279 0.1908 0.0060 0.2433 0.2282 0.1758 
         579  1 0.0058 0.2108 0.3446 0.0165 0.1732 0.0232 0.2260 
         580  1 0.0425 0.2032 0.1824 0.0042 0.3099 0.0078 0.2500 
         581  1 0.0036 0.1057 0.2777 0.0055 0.3832 0.0063 0.2181 
         582  1 0.0375 0.2485 0.1880 0.0685 0.1614 0.0963 0.1998 
         583  1 0.0689 0.1545 0.2517 0.0394 0.2071 0.1121 0.1663 
         584  1 0.0126 0.2041 0.2370 0.0923 0.2177 0.0150 0.2212 
         585  1 0.1118 0.1599 0.2749 0.0674 0.1964 0.0213 0.1684 
         586  1 0.0159 0.3198 0.2054 0.0689 0.1608 0.0109 0.2183 
         587  1 0.0059 0.1772 0.2420 0.0387 0.3089 0.0108 0.2164 
         588  1 0.0198 0.3457 0.2305 0.0080 0.1408 0.0238 0.2314 
         589  1 0.0189 0.3783 0.1306 0.0046 0.1487 0.0406 0.2784 
         590  1 0.0149 0.2692 0.2852 0.0892 0.1039 0.0182 0.2193 
         591  1 0.0648 0.2633 0.2410 0.0043 0.1785 0.0057 0.2424 
         592  1 0.0074 0.3574 0.1367 0.0144 0.1491 0.0165 0.3184 
         593  1 0.0065 0.1143 0.1682 0.0061 0.4445 0.0169 0.2436 
         594  1 0.0060 0.3390 0.2019 0.0234 0.1954 0.0254 0.2089 
         595  1 0.7032 0.0546 0.0601 0.0207 0.0807 0.0133 0.0674 
         596  1 0.0226 0.2673 0.2686 0.0184 0.1798 0.0132 0.2301 
         597  1 0.0317 0.1627 0.2192 0.0575 0.2962 0.0185 0.2142 
         598  1 0.0051 0.1234 0.2209 0.1970 0.2743 0.0064 0.1728 
         599  1 0.0206 0.2418 0.2814 0.0221 0.1552 0.0384 0.2405 
         600  1 0.0534 0.1415 0.4039 0.0229 0.1718 0.0373 0.1691 
         601  1 0.0059 0.2033 0.2343 0.0879 0.1915 0.1226 0.1543 
         602  1 0.0129 0.2900 0.2850 0.0159 0.1381 0.0503 0.2079 
         603  1 0.0432 0.1535 0.3114 0.0101 0.2504 0.0115 0.2198 
         604  1 0.0219 0.3557 0.1359 0.0061 0.2278 0.0110 0.2415 
         605  1 0.0159 0.2857 0.0961 0.0798 0.2724 0.0075 0.2426 
         606  1 0.0308 0.2013 0.3097 0.0197 0.1667 0.0162 0.2556 
