           1  1 0.0636 0.1435 0.1269 0.1131 0.1662 0.0063 0.1191 0.1286 0.0226 0.1101 
           2  1 0.0031 0.1210 0.1208 0.1438 0.1594 0.0051 0.1446 0.1379 0.0080 0.1564 
           3  1 0.0233 0.1313 0.1490 0.1162 0.1003 0.0076 0.1424 0.1441 0.0478 0.1379 
           4  1 0.0083 0.1492 0.1536 0.1301 0.1330 0.0054 0.1199 0.1848 0.0085 0.1073 
           5  1 0.0296 0.0890 0.0975 0.2072 0.1799 0.0381 0.1170 0.0972 0.0056 0.1389 
           6  1 0.0619 0.1488 0.0877 0.1258 0.1617 0.0208 0.1199 0.1665 0.0076 0.0992 
           7  1 0.0032 0.1161 0.0863 0.1952 0.1779 0.0063 0.1384 0.1114 0.0050 0.1602 
           8  1 0.0092 0.1389 0.0970 0.1561 0.1818 0.0043 0.1146 0.0832 0.0753 0.1398 
           9  1 0.0433 0.1378 0.1707 0.1243 0.1173 0.0071 0.1096 0.1404 0.0076 0.1419 
          10  1 0.0094 0.1254 0.1367 0.1090 0.1198 0.0623 0.1188 0.1583 0.0522 0.1081 
          11  1 0.0344 0.1255 0.1042 0.1412 0.1564 0.0086 0.1190 0.1651 0.0058 0.1397 
          12  1 0.0032 0.1609 0.1307 0.1487 0.1229 0.0037 0.1272 0.1494 0.0077 0.1455 
          13  1 0.0050 0.1504 0.1655 0.1294 0.1277 0.0063 0.1352 0.1167 0.0130 0.1508 
          14  1 0.0213 0.1722 0.1173 0.1447 0.1390 0.0082 0.1381 0.1339 0.0057 0.1197 
          15  1 0.1222 0.1361 0.1282 0.0993 0.1200 0.0098 0.1200 0.1150 0.0338 0.1155 
          16  1 0.0208 0.1337 0.1199 0.1345 0.1585 0.0069 0.1166 0.1826 0.0056 0.1208 
          17  1 0.0247 0.1327 0.1084 0.1407 0.1518 0.0163 0.1343 0.1578 0.0143 0.1191 
          18  1 0.0195 0.1569 0.1392 0.1301 0.1410 0.0087 0.1330 0.1322 0.0151 0.1244 
          19  1 0.0560 0.1176 0.1038 0.1020 0.1510 0.0099 0.1089 0.1601 0.0681 0.1226 
          20  1 0.0054 0.1070 0.0661 0.1499 0.1319 0.2416 0.0870 0.0694 0.0253 0.1164 
          21  1 0.0219 0.1168 0.1473 0.1091 0.1199 0.0355 0.1384 0.1785 0.0142 0.1185 
          22  1 0.0502 0.1016 0.1606 0.1036 0.1378 0.0057 0.1190 0.1699 0.0047 0.1469 
          23  1 0.0271 0.1082 0.0857 0.1998 0.1777 0.0125 0.1244 0.1033 0.0185 0.1429 
          24  1 0.0159 0.1146 0.1003 0.1436 0.1584 0.0535 0.1204 0.1515 0.0223 0.1195 
          25  1 0.0174 0.1589 0.1709 0.1459 0.0967 0.0221 0.1113 0.1211 0.0289 0.1268 
          26  1 0.0125 0.1516 0.1997 0.1311 0.0953 0.0043 0.1253 0.1400 0.0080 0.1322 
          27  1 0.0167 0.1626 0.1390 0.1363 0.1449 0.0074 0.1345 0.1388 0.0073 0.1125 
          28  1 0.0330 0.1533 0.1127 0.1076 0.1093 0.1214 0.0959 0.1516 0.0303 0.0849 
          29  1 0.0045 0.1197 0.1143 0.1361 0.1705 0.0313 0.1434 0.1141 0.0104 0.1557 
          30  1 0.0066 0.1547 0.1826 0.0919 0.0933 0.0035 0.1466 0.1620 0.0038 0.1550 
          31  1 0.0364 0.1303 0.1674 0.1195 0.1267 0.0070 0.1332 0.1453 0.0053 0.1288 
          32  1 0.0091 0.0983 0.0826 0.2133 0.1906 0.0048 0.1340 0.1299 0.0051 0.1322 
          33  1 0.0563 0.1271 0.0615 0.1796 0.2033 0.0047 0.1283 0.1249 0.0065 0.1078 
          34  1 0.0118 0.1688 0.1256 0.1405 0.1346 0.0152 0.1188 0.1250 0.0334 0.1263 
          35  1 0.0233 0.1266 0.1169 0.1941 0.1477 0.0091 0.1321 0.0973 0.0075 0.1454 
          36  1 0.0068 0.1449 0.0677 0.1564 0.1793 0.0054 0.1296 0.1811 0.0052 0.1236 
          37  1 0.0237 0.1366 0.1191 0.1276 0.1168 0.0696 0.1432 0.1128 0.0102 0.1404 
          38  1 0.0970 0.1050 0.1145 0.1728 0.1436 0.0062 0.1174 0.0991 0.0117 0.1327 
          39  1 0.8403 0.0207 0.0199 0.0199 0.0190 0.0091 0.0190 0.0204 0.0113 0.0203 
          40  1 0.0384 0.1107 0.1478 0.1529 0.1395 0.0156 0.1286 0.1219 0.0047 0.1399 
          41  1 0.0127 0.1383 0.1129 0.1587 0.1546 0.0107 0.1250 0.1478 0.0201 0.1192 
          42  1 0.0329 0.1526 0.0948 0.1666 0.1417 0.0123 0.1299 0.1131 0.0131 0.1430 
          43  1 0.0182 0.1208 0.1063 0.1340 0.1537 0.0083 0.1249 0.1464 0.0574 0.1300 
          44  1 0.0082 0.1307 0.1014 0.1382 0.1742 0.0413 0.1068 0.1614 0.0063 0.1315 
          45  1 0.0034 0.1206 0.1710 0.1255 0.1260 0.0039 0.1429 0.1342 0.0191 0.1533 
          46  1 0.0081 0.1257 0.1808 0.1406 0.1210 0.0099 0.1358 0.1451 0.0090 0.1241 
          47  1 0.0210 0.1997 0.1447 0.1481 0.1152 0.0284 0.1113 0.1220 0.0086 0.1009 
          48  1 0.0108 0.1472 0.1343 0.1705 0.1316 0.0290 0.1121 0.1243 0.0096 0.1305 
          49  1 0.0222 0.1143 0.1855 0.0875 0.0758 0.0138 0.1465 0.1532 0.0636 0.1375 
          50  1 0.0068 0.1307 0.1222 0.1613 0.1629 0.0063 0.1153 0.1371 0.0130 0.1444 
          51  1 0.0050 0.1264 0.1517 0.1637 0.1430 0.0047 0.1399 0.1172 0.0145 0.1339 
          52  1 0.0152 0.1540 0.1011 0.1816 0.1636 0.0047 0.1430 0.1160 0.0034 0.1174 
          53  1 0.0045 0.1498 0.1018 0.1912 0.1443 0.0059 0.1260 0.0757 0.0372 0.1636 
          54  1 0.0267 0.1397 0.1195 0.1434 0.1313 0.0842 0.1186 0.1071 0.0074 0.1222 
          55  1 0.0052 0.1152 0.1041 0.1177 0.1156 0.0115 0.1212 0.0838 0.1891 0.1365 
          56  1 0.0349 0.1474 0.1243 0.1285 0.1334 0.0152 0.1219 0.1652 0.0062 0.1230 
          57  1 0.0075 0.1507 0.1495 0.1403 0.1237 0.0062 0.1391 0.1413 0.0129 0.1287 
          58  1 0.0073 0.1087 0.1784 0.1219 0.1082 0.0245 0.1345 0.1695 0.0072 0.1399 
          59  1 0.0078 0.1348 0.0890 0.1845 0.1798 0.0057 0.1351 0.1228 0.0051 0.1354 
          60  1 0.0099 0.1054 0.1481 0.1177 0.1403 0.0121 0.1461 0.1722 0.0160 0.1323 
          61  1 0.0391 0.1121 0.1000 0.1087 0.1224 0.1762 0.1321 0.0898 0.0117 0.1080 
          62  1 0.0049 0.1503 0.1260 0.1819 0.1440 0.0065 0.1370 0.1027 0.0155 0.1313 
          63  1 0.0260 0.1278 0.1275 0.1438 0.1344 0.0127 0.1338 0.1252 0.0310 0.1378 
          64  1 0.0074 0.1439 0.1349 0.1033 0.1471 0.0057 0.1153 0.2205 0.0101 0.1117 
          65  1 0.0134 0.1644 0.1171 0.1586 0.1280 0.0077 0.1201 0.1624 0.0065 0.1218 
          66  1 0.0065 0.1403 0.0952 0.1734 0.1602 0.0096 0.1470 0.1019 0.0104 0.1555 
          67  1 0.0161 0.1237 0.0861 0.1884 0.1761 0.0469 0.1254 0.0953 0.0177 0.1243 
          68  1 0.2747 0.1001 0.0849 0.1095 0.1081 0.0214 0.0920 0.1009 0.0213 0.0872 
          69  1 0.1101 0.1123 0.0715 0.1280 0.1424 0.1013 0.0984 0.1250 0.0089 0.1021 
          70  1 0.0152 0.1097 0.2233 0.0758 0.0806 0.0152 0.1433 0.1795 0.0065 0.1509 
          71  1 0.0166 0.1216 0.0900 0.1757 0.1660 0.0242 0.1224 0.1552 0.0069 0.1213 
          72  1 0.0051 0.1664 0.1206 0.1518 0.1387 0.0123 0.1170 0.1481 0.0124 0.1276 
          73  1 0.0185 0.1418 0.0913 0.1598 0.1634 0.0084 0.1221 0.1424 0.0373 0.1151 
          74  1 0.0159 0.1419 0.1188 0.1270 0.1556 0.0075 0.1026 0.2138 0.0074 0.1095 
          75  1 0.0080 0.1365 0.0855 0.1815 0.1377 0.0062 0.1714 0.1014 0.0267 0.1452 
          76  1 0.0281 0.1319 0.1019 0.1701 0.1585 0.0072 0.1011 0.1658 0.0077 0.1276 
          77  1 0.0082 0.0052 0.0062 0.0056 0.0058 0.0076 0.0060 0.0060 0.9434 0.0059 
          78  1 0.0135 0.0158 0.0167 0.0158 0.0166 0.0102 0.0171 0.0176 0.8590 0.0178 
          79  1 0.0043 0.0069 0.0067 0.0073 0.0070 0.0116 0.0070 0.0070 0.9348 0.0075 
          80  1 0.0027 0.0050 0.0046 0.0050 0.0049 0.0031 0.0050 0.0052 0.9596 0.0049 
          81  1 0.0037 0.0077 0.0073 0.0075 0.0074 0.0039 0.0071 0.0074 0.9407 0.0071 
          82  1 0.0081 0.0082 0.0083 0.0086 0.0086 0.0062 0.0087 0.0078 0.9269 0.0086 
          83  1 0.0138 0.0196 0.0223 0.0178 0.0182 0.0224 0.0184 0.0176 0.8318 0.0182 
          84  1 0.0098 0.0103 0.0095 0.0094 0.0100 0.0053 0.0090 0.0096 0.9180 0.0092 
          85  1 0.0082 0.0125 0.0123 0.0116 0.0127 0.0083 0.0128 0.0113 0.8976 0.0127 
          86  1 0.0147 0.0370 0.0301 0.0334 0.0305 0.0087 0.0287 0.0394 0.7457 0.0317 
          87  1 0.0050 0.0060 0.0062 0.0060 0.0058 0.0038 0.0054 0.0055 0.9510 0.0053 
          88  1 0.0150 0.0058 0.0052 0.0062 0.0065 0.0086 0.0059 0.0054 0.9358 0.0057 
          89  1 0.0079 0.0072 0.0074 0.0071 0.0070 0.0066 0.0070 0.0075 0.9354 0.0068 
          90  1 0.0145 0.0674 0.0660 0.0885 0.0850 0.0127 0.0815 0.0664 0.4600 0.0581 
          91  1 0.0128 0.0065 0.0071 0.0066 0.0061 0.0065 0.0064 0.0067 0.9351 0.0061 
          92  1 0.0059 0.0074 0.0066 0.0076 0.0070 0.0094 0.0075 0.0077 0.9336 0.0072 
          93  1 0.0044 0.0066 0.0067 0.0068 0.0070 0.0051 0.0064 0.0070 0.9434 0.0066 
          94  1 0.0039 0.0048 0.0047 0.0049 0.0048 0.0056 0.0049 0.0049 0.9568 0.0048 
          95  1 0.0184 0.0134 0.0131 0.0122 0.0118 0.0098 0.0123 0.0141 0.8808 0.0141 
          96  1 0.0069 0.0063 0.0057 0.0062 0.0057 0.0052 0.0056 0.0061 0.9467 0.0056 
          97  1 0.0080 0.0433 0.0413 0.0322 0.0364 0.0643 0.0353 0.0412 0.6639 0.0340 
          98  1 0.0139 0.1146 0.1111 0.1142 0.0963 0.0168 0.1052 0.0843 0.2478 0.0958 
          99  1 0.0236 0.0069 0.0063 0.0068 0.0066 0.0036 0.0066 0.0061 0.9269 0.0066 
         100  1 0.0087 0.0333 0.0290 0.0400 0.0323 0.0087 0.0316 0.0255 0.7574 0.0334 
         101  1 0.0134 0.0093 0.0091 0.0093 0.0092 0.0047 0.0091 0.0091 0.9176 0.0093 
         102  1 0.0268 0.0344 0.0341 0.0349 0.0335 0.0617 0.0344 0.0336 0.6739 0.0326 
         103  1 0.0489 0.1233 0.1294 0.1331 0.1559 0.0073 0.1308 0.1379 0.0073 0.1261 
         104  1 0.0045 0.1147 0.1054 0.1240 0.1959 0.0046 0.1686 0.1210 0.0055 0.1558 
         105  1 0.0097 0.1750 0.1418 0.1359 0.1289 0.0175 0.1246 0.1387 0.0062 0.1217 
         106  1 0.0063 0.1478 0.1771 0.1342 0.1175 0.0094 0.1285 0.1362 0.0177 0.1254 
         107  1 0.0077 0.1670 0.1936 0.0841 0.1127 0.0076 0.1026 0.2103 0.0144 0.1001 
         108  1 0.0298 0.1005 0.2261 0.0880 0.0909 0.0156 0.1362 0.1344 0.0127 0.1659 
         109  1 0.0179 0.1608 0.0920 0.1457 0.1450 0.0342 0.1336 0.1257 0.0156 0.1294 
         110  1 0.0160 0.1210 0.1004 0.1804 0.1908 0.0153 0.1321 0.0905 0.0049 0.1488 
         111  1 0.0186 0.1339 0.1334 0.1565 0.1325 0.0059 0.1558 0.1217 0.0058 0.1359 
         112  1 0.0374 0.1178 0.0931 0.1526 0.1657 0.0046 0.1477 0.1142 0.0130 0.1540 
         113  1 0.0119 0.1495 0.1041 0.1583 0.1441 0.0078 0.1575 0.1132 0.0301 0.1235 
         114  1 0.0039 0.1311 0.1011 0.1753 0.1695 0.0075 0.1365 0.0973 0.0108 0.1671 
         115  1 0.0426 0.1245 0.1266 0.1100 0.1252 0.0463 0.1199 0.1613 0.0063 0.1373 
         116  1 0.0053 0.2150 0.1708 0.1370 0.0978 0.0041 0.1095 0.1435 0.0079 0.1091 
         117  1 0.0057 0.0864 0.2389 0.0811 0.0804 0.0065 0.1589 0.1739 0.0050 0.1630 
         118  1 0.0182 0.1007 0.1327 0.1378 0.1744 0.0070 0.1351 0.1436 0.0082 0.1422 
         119  1 0.0112 0.1323 0.1582 0.1323 0.1426 0.0045 0.1736 0.1208 0.0091 0.1155 
         120  1 0.0083 0.1109 0.2087 0.0979 0.1020 0.0045 0.1541 0.1470 0.0270 0.1396 
         121  1 0.0608 0.1120 0.1945 0.0897 0.0872 0.0115 0.1538 0.1454 0.0173 0.1278 
         122  1 0.0144 0.1761 0.1751 0.1538 0.1074 0.0116 0.1227 0.1221 0.0104 0.1064 
         123  1 0.0301 0.1564 0.1427 0.1190 0.1174 0.0111 0.1406 0.1286 0.0102 0.1438 
         124  1 0.0473 0.1304 0.1240 0.1321 0.1463 0.0077 0.1281 0.1391 0.0287 0.1162 
         125  1 0.0058 0.1404 0.0924 0.1665 0.1639 0.0084 0.1615 0.1120 0.0047 0.1444 
         126  1 0.0056 0.1226 0.1266 0.1282 0.1549 0.0157 0.1340 0.1081 0.0517 0.1526 
         127  1 0.0143 0.1258 0.1093 0.1500 0.1689 0.0108 0.1423 0.1129 0.0092 0.1566 
         128  1 0.0048 0.0893 0.0846 0.0803 0.0771 0.0055 0.0787 0.0737 0.4225 0.0833 
         129  1 0.0102 0.1251 0.1540 0.1387 0.1267 0.0129 0.1213 0.1287 0.0460 0.1364 
         130  1 0.0901 0.1432 0.1106 0.1611 0.1288 0.0110 0.1260 0.0904 0.0058 0.1330 
         131  1 0.0095 0.1124 0.1329 0.1050 0.1528 0.0056 0.1329 0.1599 0.0463 0.1429 
         132  1 0.0096 0.1331 0.0992 0.2060 0.1550 0.0035 0.1497 0.0716 0.0052 0.1670 
         133  1 0.0051 0.1081 0.2074 0.0921 0.0859 0.0047 0.1416 0.1577 0.0553 0.1420 
         134  1 0.0061 0.1314 0.0738 0.2234 0.1764 0.0064 0.1296 0.1010 0.0258 0.1260 
         135  1 0.0084 0.1122 0.1133 0.1164 0.1270 0.0506 0.1367 0.1157 0.0991 0.1207 
         136  1 0.0141 0.0932 0.1710 0.1419 0.0999 0.0085 0.1241 0.1259 0.0487 0.1726 
         137  1 0.0119 0.1759 0.1405 0.0981 0.1312 0.0098 0.1063 0.2176 0.0058 0.1029 
         138  1 0.0039 0.1266 0.1375 0.1908 0.1435 0.0066 0.1468 0.0793 0.0111 0.1539 
         139  1 0.0632 0.1316 0.0959 0.1541 0.1580 0.0057 0.1523 0.1019 0.0174 0.1198 
         140  1 0.0467 0.1222 0.1202 0.1226 0.1290 0.0537 0.1304 0.1243 0.0285 0.1223 
         141  1 0.0151 0.1619 0.1131 0.1633 0.1398 0.0063 0.1188 0.1510 0.0055 0.1253 
         142  1 0.0119 0.1340 0.2145 0.1168 0.1022 0.0089 0.1307 0.1426 0.0053 0.1331 
         143  1 0.0106 0.1534 0.1144 0.1131 0.1625 0.0054 0.1469 0.1435 0.0201 0.1301 
         144  1 0.0104 0.1368 0.1466 0.1328 0.1318 0.0051 0.1352 0.1470 0.0160 0.1383 
         145  1 0.0860 0.1123 0.1292 0.1049 0.1117 0.0507 0.1120 0.1653 0.0091 0.1189 
         146  1 0.0118 0.1195 0.1137 0.1630 0.1450 0.0158 0.1529 0.1127 0.0169 0.1487 
         147  1 0.1077 0.1427 0.1301 0.0919 0.0941 0.0192 0.1226 0.1591 0.0060 0.1265 
         148  1 0.0047 0.1161 0.0914 0.1626 0.1885 0.0078 0.1375 0.1066 0.0537 0.1311 
         149  1 0.0256 0.1204 0.1602 0.1356 0.1364 0.0281 0.1342 0.1171 0.0060 0.1364 
         150  1 0.0066 0.1215 0.1644 0.0957 0.0780 0.0804 0.1532 0.1235 0.0357 0.1409 
         151  1 0.0137 0.1290 0.1009 0.1842 0.1483 0.0074 0.1540 0.1210 0.0073 0.1342 
         152  1 0.2277 0.0803 0.0531 0.0650 0.0690 0.2908 0.0487 0.0753 0.0275 0.0625 
         153  1 0.0335 0.1413 0.0821 0.1431 0.1437 0.0340 0.1315 0.1605 0.0184 0.1119 
         154  1 0.0647 0.1426 0.0829 0.1544 0.1331 0.0723 0.1189 0.0963 0.0226 0.1122 
         155  1 0.0072 0.1530 0.1088 0.1450 0.1859 0.0073 0.1412 0.1073 0.0076 0.1367 
         156  1 0.0087 0.1433 0.0960 0.1017 0.1189 0.0248 0.0989 0.1323 0.1666 0.1086 
         157  1 0.0197 0.1155 0.0816 0.2186 0.1880 0.0065 0.1246 0.0783 0.0139 0.1532 
         158  1 0.0111 0.1174 0.0932 0.2007 0.1834 0.0049 0.1328 0.0954 0.0128 0.1483 
         159  1 0.0118 0.1095 0.0998 0.1082 0.1066 0.2490 0.1035 0.0799 0.0342 0.0975 
         160  1 0.0680 0.1214 0.1422 0.1041 0.1054 0.0086 0.1530 0.1479 0.0092 0.1403 
         161  1 0.0273 0.1241 0.1403 0.1352 0.1194 0.0274 0.1140 0.1535 0.0245 0.1343 
         162  1 0.0059 0.1351 0.1333 0.1296 0.1449 0.0114 0.1541 0.1577 0.0077 0.1204 
         163  1 0.0111 0.1277 0.1900 0.0804 0.0930 0.0047 0.1576 0.1842 0.0042 0.1470 
         164  1 0.0162 0.1086 0.1247 0.1353 0.1642 0.0073 0.1447 0.1174 0.0042 0.1776 
         165  1 0.0040 0.1452 0.1064 0.1629 0.1297 0.0661 0.1367 0.1193 0.0039 0.1258 
         166  1 0.0311 0.0859 0.2055 0.0931 0.0710 0.0039 0.1554 0.1260 0.0777 0.1505 
         167  1 0.0168 0.1737 0.1332 0.1456 0.1220 0.0074 0.1142 0.1576 0.0054 0.1240 
         168  1 0.0077 0.1408 0.1340 0.1270 0.1308 0.0120 0.1265 0.1636 0.0178 0.1397 
         169  1 0.0047 0.1463 0.1329 0.1620 0.1395 0.0043 0.1594 0.1134 0.0055 0.1320 
         170  1 0.0125 0.1312 0.1439 0.1099 0.1370 0.0122 0.1510 0.1600 0.0081 0.1343 
         171  1 0.0231 0.1304 0.1315 0.1180 0.1146 0.0229 0.1414 0.1599 0.0063 0.1520 
         172  1 0.0188 0.1550 0.1201 0.1244 0.1451 0.0088 0.1242 0.1521 0.0039 0.1477 
         173  1 0.0091 0.1473 0.1640 0.1330 0.1248 0.0167 0.1404 0.1314 0.0097 0.1236 
         174  1 0.0124 0.1327 0.0992 0.1422 0.1409 0.0883 0.1212 0.1555 0.0059 0.1017 
         175  1 0.0375 0.1391 0.1001 0.1117 0.1577 0.0131 0.1248 0.1737 0.0055 0.1369 
         176  1 0.0252 0.1143 0.1281 0.1135 0.1655 0.0127 0.1343 0.1319 0.0099 0.1647 
         177  1 0.0247 0.1084 0.1722 0.1124 0.1096 0.0055 0.1546 0.1472 0.0045 0.1609 
         178  1 0.0193 0.0908 0.1114 0.1638 0.1735 0.0147 0.1201 0.1457 0.0053 0.1553 
         179  1 0.5776 0.0556 0.0661 0.0445 0.0480 0.0120 0.0580 0.0664 0.0166 0.0553 
         180  1 0.0117 0.1397 0.1603 0.0840 0.1225 0.0053 0.1597 0.1869 0.0086 0.1213 
         181  1 0.0242 0.1287 0.1480 0.1084 0.1014 0.0129 0.1358 0.1335 0.0606 0.1465 
         182  1 0.0303 0.1080 0.2261 0.0771 0.0763 0.0090 0.1482 0.1518 0.0297 0.1436 
         183  1 0.0152 0.1396 0.0835 0.1578 0.1621 0.0175 0.1344 0.0958 0.0500 0.1442 
         184  1 0.0505 0.1486 0.1169 0.1391 0.1462 0.0074 0.1387 0.1013 0.0127 0.1387 
         185  1 0.0169 0.1542 0.1166 0.1144 0.1321 0.0075 0.1457 0.1423 0.0196 0.1508 
         186  1 0.0055 0.1078 0.2456 0.0609 0.0657 0.0034 0.1794 0.1721 0.0057 0.1538 
         187  1 0.0675 0.1313 0.1243 0.1389 0.1426 0.0278 0.1234 0.1190 0.0058 0.1193 
         188  1 0.0220 0.1346 0.1249 0.1251 0.1568 0.0178 0.1294 0.1411 0.0074 0.1409 
         189  1 0.0661 0.1197 0.1661 0.1187 0.1037 0.0111 0.1406 0.1361 0.0089 0.1290 
         190  1 0.0226 0.1125 0.1555 0.1367 0.1081 0.0266 0.1496 0.1379 0.0051 0.1454 
         191  1 0.0232 0.1324 0.1411 0.1116 0.0967 0.0590 0.1087 0.1409 0.0650 0.1215 
         192  1 0.0232 0.1354 0.1177 0.1315 0.1286 0.0536 0.1035 0.1508 0.0032 0.1524 
         193  1 0.0451 0.1285 0.0901 0.1996 0.1661 0.0084 0.1410 0.0708 0.0070 0.1433 
         194  1 0.0223 0.1383 0.1165 0.1406 0.1310 0.0191 0.1579 0.1288 0.0063 0.1391 
         195  1 0.0086 0.1289 0.2025 0.1015 0.0725 0.0221 0.1575 0.1496 0.0060 0.1508 
         196  1 0.0338 0.1015 0.0795 0.1125 0.1110 0.0061 0.0977 0.0670 0.2975 0.0934 
         197  1 0.0152 0.1360 0.1332 0.1283 0.1472 0.0048 0.1290 0.1490 0.0250 0.1322 
         198  1 0.0226 0.1534 0.1201 0.1612 0.1357 0.0096 0.1232 0.1342 0.0154 0.1245 
         199  1 0.0388 0.1175 0.2091 0.0817 0.0793 0.0085 0.1610 0.1501 0.0075 0.1466 
         200  1 0.0136 0.1238 0.1245 0.1653 0.1648 0.0048 0.1347 0.1166 0.0207 0.1312 
         201  1 0.0502 0.1318 0.1171 0.1231 0.1307 0.0586 0.1316 0.1258 0.0047 0.1264 
         202  1 0.0112 0.1188 0.1100 0.1863 0.1673 0.0046 0.1391 0.0915 0.0233 0.1479 
         203  1 0.0286 0.1558 0.1745 0.1200 0.0976 0.0072 0.1520 0.1153 0.0389 0.1100 
         204  1 0.0037 0.1413 0.1292 0.1587 0.1331 0.0104 0.1643 0.1030 0.0089 0.1473 
         205  1 0.0037 0.1464 0.0800 0.1672 0.1671 0.0225 0.1420 0.1037 0.0105 0.1570 
         206  1 0.0227 0.1548 0.1459 0.1272 0.1280 0.0194 0.1242 0.1495 0.0078 0.1205 
         207  1 0.0473 0.1284 0.1707 0.0845 0.1002 0.0055 0.1475 0.1783 0.0210 0.1167 
         208  1 0.0035 0.1622 0.1658 0.1083 0.1005 0.0048 0.1504 0.1292 0.0359 0.1392 
         209  1 0.0061 0.1256 0.0679 0.2075 0.1694 0.0328 0.1440 0.0928 0.0086 0.1453 
         210  1 0.0098 0.1283 0.1443 0.1826 0.1339 0.0078 0.1423 0.0975 0.0145 0.1391 
         211  1 0.0071 0.1782 0.1793 0.0931 0.0901 0.0057 0.1668 0.1458 0.0071 0.1268 
         212  1 0.0102 0.1302 0.1260 0.1376 0.1467 0.0282 0.1467 0.1264 0.0201 0.1278 
         213  1 0.0096 0.1487 0.1016 0.1536 0.1516 0.0107 0.1561 0.0950 0.0144 0.1587 
         214  1 0.0063 0.1461 0.1378 0.1419 0.1143 0.0263 0.1328 0.1548 0.0094 0.1303 
         215  1 0.0157 0.1445 0.1931 0.1108 0.1144 0.0074 0.1322 0.1595 0.0110 0.1114 
         216  1 0.0125 0.1440 0.0905 0.1554 0.1714 0.0109 0.1296 0.1524 0.0080 0.1254 
         217  1 0.0170 0.1196 0.1532 0.1131 0.1355 0.0257 0.1504 0.1526 0.0069 0.1259 
         218  1 0.0085 0.1497 0.1204 0.1481 0.1467 0.0121 0.1239 0.1206 0.0333 0.1368 
         219  1 0.0118 0.1142 0.1845 0.1393 0.1196 0.0036 0.1631 0.1363 0.0054 0.1223 
         220  1 0.0105 0.0873 0.0996 0.1025 0.0896 0.0111 0.1086 0.0593 0.3418 0.0898 
         221  1 0.0137 0.1239 0.1290 0.1177 0.1556 0.0176 0.1284 0.1401 0.0212 0.1528 
         222  1 0.0392 0.1208 0.1230 0.1160 0.1277 0.0686 0.1246 0.1516 0.0076 0.1210 
         223  1 0.0501 0.1271 0.1162 0.1265 0.1615 0.0210 0.1131 0.1433 0.0054 0.1358 
         224  1 0.0063 0.1364 0.1515 0.1368 0.1158 0.0138 0.1587 0.1283 0.0046 0.1478 
         225  1 0.1948 0.0795 0.0807 0.0824 0.0861 0.2075 0.0850 0.0899 0.0070 0.0870 
         226  1 0.0070 0.1740 0.1513 0.1469 0.0958 0.0223 0.1391 0.1286 0.0091 0.1259 
         227  1 0.0071 0.1416 0.1124 0.1646 0.1279 0.0057 0.1785 0.1241 0.0078 0.1303 
         228  1 0.0619 0.1394 0.1084 0.1369 0.1377 0.0059 0.1435 0.1308 0.0064 0.1292 
         229  1 0.0322 0.1364 0.1292 0.1632 0.1361 0.0149 0.1422 0.0908 0.0213 0.1338 
         230  1 0.0060 0.1352 0.1311 0.1339 0.1518 0.0215 0.1387 0.1287 0.0052 0.1479 
         231  1 0.0087 0.0881 0.2146 0.0704 0.0865 0.0075 0.1843 0.1853 0.0060 0.1487 
         232  1 0.0065 0.1357 0.1570 0.1114 0.1403 0.0038 0.1424 0.1758 0.0072 0.1200 
         233  1 0.0496 0.0876 0.2100 0.0826 0.0986 0.0094 0.1534 0.1675 0.0137 0.1276 
         234  1 0.0357 0.1490 0.1312 0.1287 0.1192 0.0234 0.1432 0.1205 0.0064 0.1427 
         235  1 0.0164 0.1491 0.1144 0.1672 0.1510 0.0092 0.1470 0.1036 0.0078 0.1342 
         236  1 0.0101 0.1230 0.1440 0.1459 0.1608 0.0130 0.1233 0.1250 0.0192 0.1358 
         237  1 0.0224 0.1287 0.1272 0.1446 0.1317 0.0200 0.1506 0.1102 0.0289 0.1357 
         238  1 0.0063 0.1362 0.1053 0.1430 0.1507 0.0264 0.1461 0.1227 0.0160 0.1473 
         239  1 0.0140 0.1196 0.1752 0.1381 0.1121 0.0080 0.1351 0.1240 0.0156 0.1583 
         240  1 0.2338 0.1078 0.0732 0.1067 0.0995 0.0121 0.1063 0.0752 0.0923 0.0932 
         241  1 0.0126 0.1423 0.1667 0.1354 0.1205 0.0055 0.1513 0.1228 0.0085 0.1343 
         242  1 0.0118 0.1345 0.1052 0.1677 0.1616 0.0094 0.1426 0.1015 0.0264 0.1392 
         243  1 0.0052 0.1307 0.1551 0.1697 0.1399 0.0110 0.1455 0.0923 0.0094 0.1412 
         244  1 0.0059 0.1792 0.1913 0.0823 0.0991 0.0038 0.1240 0.2062 0.0156 0.0925 
         245  1 0.0261 0.0896 0.0583 0.2628 0.1861 0.0122 0.1382 0.0684 0.0126 0.1456 
         246  1 0.0066 0.1307 0.1078 0.1231 0.1755 0.0054 0.1035 0.1445 0.0443 0.1585 
         247  1 0.0288 0.1238 0.0997 0.1501 0.1557 0.0252 0.1183 0.1562 0.0045 0.1376 
         248  1 0.0102 0.1174 0.1765 0.1168 0.1146 0.0086 0.1473 0.1444 0.0181 0.1461 
         249  1 0.0089 0.1148 0.1021 0.1842 0.1859 0.0080 0.1317 0.1001 0.0055 0.1588 
         250  1 0.0112 0.1652 0.1907 0.0791 0.0844 0.0281 0.1381 0.1941 0.0105 0.0985 
         251  1 0.0187 0.1562 0.1336 0.1382 0.1269 0.0059 0.1298 0.1252 0.0212 0.1442 
         252  1 0.0040 0.1588 0.1172 0.1369 0.1325 0.0262 0.1320 0.1458 0.0291 0.1175 
         253  1 0.0056 0.1341 0.1241 0.1732 0.1360 0.0079 0.1413 0.0837 0.0540 0.1403 
         254  1 0.0102 0.1311 0.1088 0.1538 0.1528 0.0066 0.1510 0.0975 0.0089 0.1794 
         255  1 0.0074 0.1283 0.1268 0.1624 0.1445 0.0052 0.1378 0.0917 0.0456 0.1503 
         256  1 0.0126 0.1371 0.1529 0.1142 0.1271 0.0094 0.1498 0.1460 0.0038 0.1471 
         257  1 0.0104 0.0955 0.1540 0.1360 0.1420 0.0166 0.1326 0.1320 0.0241 0.1568 
         258  1 0.0085 0.1804 0.1071 0.1538 0.1446 0.0052 0.1387 0.1388 0.0044 0.1187 
         259  1 0.0151 0.1157 0.1893 0.1167 0.0988 0.0049 0.1566 0.1472 0.0070 0.1488 
         260  1 0.0152 0.1340 0.1252 0.1239 0.1248 0.0178 0.1565 0.1573 0.0079 0.1375 
         261  1 0.0162 0.1196 0.1165 0.2097 0.1784 0.0058 0.1250 0.0861 0.0091 0.1336 
         262  1 0.0070 0.1617 0.1035 0.1659 0.1597 0.0065 0.1287 0.1367 0.0065 0.1238 
         263  1 0.0043 0.1124 0.1141 0.1475 0.1195 0.1345 0.1334 0.0847 0.0089 0.1407 
         264  1 0.0123 0.1286 0.0956 0.2188 0.1721 0.0243 0.1273 0.0646 0.0133 0.1430 
         265  1 0.0107 0.1324 0.0618 0.1942 0.1837 0.0214 0.1314 0.1351 0.0111 0.1182 
         266  1 0.0198 0.1266 0.1094 0.1469 0.1539 0.0080 0.1280 0.1582 0.0201 0.1292 
         267  1 0.0545 0.1255 0.0929 0.1391 0.1211 0.0101 0.1311 0.1242 0.0955 0.1061 
         268  1 0.0216 0.1069 0.0786 0.1070 0.1092 0.0488 0.0912 0.1085 0.2398 0.0884 
         269  1 0.2111 0.1144 0.1027 0.1195 0.1050 0.0120 0.0931 0.1222 0.0199 0.1001 
         270  1 0.0089 0.1611 0.1147 0.1549 0.1331 0.0056 0.1231 0.1526 0.0192 0.1268 
         271  1 0.0136 0.1326 0.1393 0.1535 0.1306 0.0248 0.1393 0.0955 0.0432 0.1275 
         272  1 0.4496 0.0705 0.0699 0.0777 0.0795 0.0189 0.0797 0.0733 0.0075 0.0734 
         273  1 0.0281 0.1439 0.1306 0.1673 0.1345 0.0214 0.1255 0.1191 0.0041 0.1256 
         274  1 0.0209 0.1340 0.1420 0.1270 0.1388 0.0226 0.1307 0.1342 0.0263 0.1235 
         275  1 0.0188 0.1322 0.1474 0.1322 0.1104 0.0083 0.1393 0.1465 0.0238 0.1412 
         276  1 0.0460 0.1424 0.1274 0.0995 0.1128 0.0926 0.1087 0.1587 0.0085 0.1033 
         277  1 0.0153 0.1301 0.1748 0.1061 0.1108 0.0114 0.1375 0.1736 0.0052 0.1352 
         278  1 0.0091 0.1045 0.0957 0.1446 0.1438 0.0760 0.1238 0.1183 0.0742 0.1099 
         279  1 0.0093 0.1417 0.1119 0.1479 0.1615 0.0223 0.1190 0.1426 0.0191 0.1248 
         280  1 0.0290 0.1561 0.1894 0.1193 0.0998 0.0050 0.1430 0.1267 0.0130 0.1187 
         281  1 0.0056 0.1426 0.1096 0.1700 0.1485 0.0037 0.1341 0.1202 0.0289 0.1369 
         282  1 0.0184 0.1421 0.1146 0.1515 0.1407 0.0454 0.1243 0.1057 0.0106 0.1467 
         283  1 0.0118 0.1095 0.1242 0.1199 0.1030 0.1969 0.1079 0.0954 0.0116 0.1197 
         284  1 0.0116 0.1481 0.1257 0.1350 0.1506 0.0346 0.1335 0.1215 0.0077 0.1317 
         285  1 0.0156 0.1277 0.0963 0.1850 0.1532 0.0177 0.1237 0.0845 0.0539 0.1424 
         286  1 0.0131 0.1189 0.2019 0.1185 0.1151 0.0085 0.1403 0.1209 0.0106 0.1523 
         287  1 0.0115 0.1277 0.1960 0.0900 0.0899 0.0103 0.1426 0.1446 0.0470 0.1403 
         288  1 0.0194 0.1269 0.1734 0.1235 0.1126 0.0135 0.1338 0.1614 0.0164 0.1191 
         289  1 0.0160 0.1361 0.1306 0.1677 0.1445 0.0088 0.1365 0.1014 0.0043 0.1540 
         290  1 0.0116 0.1224 0.0896 0.1603 0.1480 0.0073 0.1696 0.1173 0.0205 0.1532 
         291  1 0.0059 0.1014 0.2258 0.0866 0.0761 0.0153 0.1411 0.1694 0.0184 0.1600 
         292  1 0.0939 0.1309 0.1049 0.1250 0.1170 0.0294 0.1261 0.1552 0.0167 0.1008 
         293  1 0.0101 0.1720 0.1242 0.0841 0.1768 0.0075 0.0974 0.2029 0.0101 0.1150 
         294  1 0.0046 0.0910 0.1174 0.0954 0.1093 0.0775 0.1128 0.1096 0.1602 0.1222 
         295  1 0.0461 0.1138 0.1612 0.0982 0.1267 0.0090 0.1267 0.1460 0.0324 0.1400 
         296  1 0.0243 0.1175 0.1074 0.1362 0.1632 0.0364 0.1384 0.1267 0.0068 0.1431 
         297  1 0.0115 0.1572 0.1170 0.1428 0.1260 0.0501 0.1290 0.1275 0.0086 0.1302 
         298  1 0.0041 0.1449 0.1582 0.1530 0.1291 0.0066 0.1294 0.1138 0.0109 0.1501 
         299  1 0.0069 0.1335 0.0907 0.1624 0.1835 0.0252 0.1252 0.1009 0.0186 0.1533 
         300  1 0.0268 0.1386 0.0916 0.1593 0.1507 0.0167 0.1419 0.1397 0.0099 0.1248 
         301  1 0.0075 0.1337 0.1758 0.0878 0.1002 0.0050 0.1350 0.1375 0.1002 0.1173 
         302  1 0.0050 0.1054 0.1727 0.1073 0.1135 0.0102 0.1495 0.1486 0.0054 0.1825 
         303  1 0.0074 0.1298 0.1377 0.1617 0.1323 0.0666 0.1177 0.0826 0.0071 0.1571 
         304  1 0.0067 0.1679 0.1712 0.1033 0.1047 0.0079 0.1392 0.1648 0.0038 0.1305 
         305  1 0.0077 0.1653 0.1648 0.1314 0.1144 0.0059 0.1118 0.1508 0.0235 0.1244 
         306  1 0.0059 0.1300 0.1076 0.1383 0.1752 0.0081 0.1449 0.1603 0.0079 0.1219 
         307  1 0.0335 0.1546 0.0995 0.1748 0.1474 0.0229 0.1144 0.1042 0.0140 0.1348 
         308  1 0.0077 0.1243 0.0866 0.1513 0.1843 0.0061 0.1536 0.1002 0.0144 0.1714 
         309  1 0.0110 0.1559 0.1037 0.1337 0.1321 0.0390 0.1106 0.1824 0.0070 0.1245 
         310  1 0.0069 0.1592 0.1260 0.1402 0.1154 0.0830 0.1090 0.1325 0.0078 0.1199 
         311  1 0.0073 0.1728 0.1270 0.1218 0.1205 0.0162 0.1133 0.1804 0.0058 0.1349 
         312  1 0.0549 0.1144 0.1910 0.0725 0.0729 0.0246 0.1299 0.1503 0.0694 0.1200 
         313  1 0.0313 0.1398 0.1364 0.1200 0.1373 0.0054 0.1322 0.1617 0.0047 0.1313 
         314  1 0.0782 0.1143 0.0837 0.1315 0.1276 0.0457 0.1273 0.0944 0.0847 0.1126 
         315  1 0.0109 0.1875 0.1086 0.1423 0.1276 0.0073 0.1134 0.1670 0.0099 0.1256 
         316  1 0.0445 0.1128 0.0889 0.1575 0.1573 0.0748 0.1198 0.1088 0.0082 0.1272 
         317  1 0.0142 0.1260 0.1590 0.1091 0.1039 0.0261 0.1514 0.1402 0.0230 0.1472 
         318  1 0.0408 0.1165 0.1117 0.1321 0.1786 0.0192 0.1240 0.1548 0.0051 0.1173 
         319  1 0.0754 0.1094 0.1230 0.1100 0.0997 0.1525 0.1083 0.1009 0.0067 0.1142 
         320  1 0.0096 0.1015 0.1380 0.1055 0.0913 0.0385 0.0989 0.0995 0.2070 0.1103 
         321  1 0.0171 0.1378 0.0885 0.1629 0.1747 0.0049 0.1513 0.1239 0.0103 0.1287 
         322  1 0.0172 0.1272 0.1254 0.1113 0.1643 0.0160 0.1244 0.1490 0.0328 0.1324 
         323  1 0.0098 0.1156 0.1218 0.1638 0.1324 0.0114 0.1624 0.0986 0.0254 0.1587 
         324  1 0.0144 0.1438 0.1174 0.1687 0.1393 0.0072 0.1388 0.1282 0.0061 0.1362 
         325  1 0.0352 0.1659 0.1302 0.1325 0.1082 0.0225 0.1144 0.1487 0.0287 0.1136 
         326  1 0.0056 0.1612 0.1369 0.1584 0.1189 0.0064 0.1634 0.1169 0.0037 0.1285 
         327  1 0.0313 0.1303 0.1082 0.1248 0.1710 0.0051 0.1430 0.1249 0.0097 0.1517 
         328  1 0.0097 0.1339 0.1178 0.1343 0.1506 0.0143 0.1558 0.1086 0.0295 0.1455 
         329  1 0.0101 0.1335 0.1224 0.1246 0.1546 0.0151 0.1583 0.1182 0.0225 0.1407 
         330  1 0.2938 0.0831 0.1592 0.0686 0.0663 0.0043 0.0922 0.1054 0.0204 0.1068 
         331  1 0.1381 0.1490 0.1314 0.1325 0.1067 0.0047 0.0912 0.1393 0.0132 0.0938 
         332  1 0.0056 0.1687 0.1628 0.1146 0.1209 0.0079 0.1410 0.1469 0.0037 0.1279 
         333  1 0.0058 0.1280 0.1644 0.1332 0.1112 0.0100 0.1545 0.1256 0.0080 0.1591 
         334  1 0.1006 0.1287 0.0986 0.1806 0.1371 0.0051 0.1201 0.0945 0.0197 0.1149 
         335  1 0.0164 0.1336 0.1307 0.1353 0.1365 0.0068 0.1144 0.1541 0.0570 0.1152 
         336  1 0.9473 0.0066 0.0060 0.0060 0.0061 0.0044 0.0062 0.0062 0.0050 0.0062 
         337  1 0.5390 0.0586 0.0591 0.0605 0.0603 0.0378 0.0541 0.0589 0.0157 0.0560 
         338  1 0.9519 0.0045 0.0046 0.0044 0.0046 0.0029 0.0049 0.0045 0.0135 0.0043 
         339  1 0.9719 0.0033 0.0032 0.0030 0.0032 0.0034 0.0032 0.0031 0.0027 0.0030 
         340  1 0.9365 0.0063 0.0060 0.0063 0.0070 0.0135 0.0070 0.0068 0.0039 0.0067 
         341  1 0.0101 0.1226 0.1067 0.1340 0.1668 0.0065 0.1515 0.1597 0.0091 0.1331 
         342  1 0.9747 0.0030 0.0028 0.0028 0.0030 0.0026 0.0028 0.0029 0.0025 0.0028 
         343  1 0.9160 0.0092 0.0090 0.0093 0.0098 0.0106 0.0095 0.0098 0.0070 0.0098 
         344  1 0.9444 0.0063 0.0062 0.0059 0.0066 0.0062 0.0064 0.0063 0.0056 0.0061 
         345  1 0.8978 0.0117 0.0112 0.0108 0.0110 0.0205 0.0109 0.0108 0.0048 0.0105 
         346  1 0.9499 0.0055 0.0052 0.0053 0.0052 0.0082 0.0054 0.0050 0.0054 0.0050 
         347  1 0.9202 0.0089 0.0086 0.0093 0.0091 0.0115 0.0090 0.0090 0.0056 0.0088 
         348  1 0.7908 0.0212 0.0189 0.0212 0.0211 0.0107 0.0222 0.0235 0.0498 0.0206 
         349  1 0.9746 0.0028 0.0029 0.0027 0.0029 0.0027 0.0028 0.0028 0.0030 0.0028 
         350  1 0.7551 0.0261 0.0265 0.0300 0.0338 0.0045 0.0283 0.0317 0.0348 0.0291 
         351  1 0.9333 0.0065 0.0068 0.0065 0.0063 0.0177 0.0066 0.0063 0.0040 0.0061 
         352  1 0.0153 0.1826 0.1839 0.0959 0.1012 0.0055 0.1387 0.1662 0.0098 0.1011 
         353  1 0.9538 0.0054 0.0051 0.0051 0.0052 0.0053 0.0056 0.0055 0.0037 0.0053 
         354  1 0.9501 0.0056 0.0057 0.0058 0.0057 0.0054 0.0056 0.0061 0.0041 0.0058 
         355  1 0.9446 0.0058 0.0059 0.0063 0.0058 0.0089 0.0058 0.0061 0.0047 0.0061 
         356  1 0.0181 0.1518 0.1039 0.1631 0.1603 0.0077 0.1280 0.1122 0.0187 0.1363 
         357  1 0.0362 0.1500 0.1300 0.0886 0.0896 0.1179 0.1244 0.1410 0.0124 0.1100 
         358  1 0.0080 0.1294 0.1623 0.1161 0.1262 0.0096 0.1347 0.1437 0.0231 0.1468 
         359  1 0.0168 0.1309 0.1299 0.1579 0.1522 0.0212 0.1144 0.1415 0.0084 0.1267 
         360  1 0.0183 0.1335 0.1277 0.1261 0.1339 0.0491 0.1139 0.1440 0.0284 0.1251 
         361  1 0.1634 0.1094 0.0827 0.1069 0.1031 0.1106 0.1083 0.0855 0.0145 0.1157 
         362  1 0.0086 0.0966 0.1950 0.1067 0.0992 0.0047 0.1646 0.1527 0.0266 0.1453 
         363  1 0.0250 0.1979 0.1395 0.0930 0.1119 0.0062 0.1038 0.2080 0.0053 0.1095 
         364  1 0.0082 0.1563 0.1181 0.1714 0.1491 0.0056 0.1468 0.1080 0.0049 0.1315 
         365  1 0.0636 0.1927 0.1156 0.1179 0.0980 0.0075 0.1150 0.1592 0.0081 0.1225 
         366  1 0.0182 0.1253 0.1470 0.1010 0.1614 0.0048 0.1150 0.2115 0.0078 0.1081 
         367  1 0.0094 0.1334 0.1363 0.1256 0.1250 0.0130 0.1465 0.1269 0.0247 0.1592 
         368  1 0.0117 0.1300 0.1547 0.0964 0.1309 0.0104 0.1484 0.1516 0.0105 0.1554 
         369  1 0.0125 0.1744 0.1037 0.1208 0.1302 0.0043 0.1236 0.1891 0.0105 0.1310 
         370  1 0.0815 0.1163 0.1196 0.1163 0.1245 0.0464 0.1233 0.1346 0.0058 0.1318 
         371  1 0.0082 0.1321 0.1106 0.0863 0.1826 0.0420 0.1231 0.1693 0.0085 0.1372 
         372  1 0.0811 0.1555 0.1052 0.1237 0.1241 0.0355 0.1162 0.1429 0.0069 0.1089 
         373  1 0.0122 0.1443 0.1318 0.1372 0.1441 0.0151 0.1344 0.1487 0.0107 0.1215 
         374  1 0.0113 0.1133 0.1073 0.0963 0.1462 0.0389 0.1246 0.1228 0.1093 0.1299 
         375  1 0.0131 0.1735 0.1116 0.1473 0.1322 0.0205 0.1096 0.1847 0.0039 0.1035 
         376  1 0.0165 0.1305 0.1404 0.1092 0.1489 0.0125 0.1157 0.1931 0.0098 0.1234 
         377  1 0.0083 0.1424 0.1126 0.1523 0.1657 0.0095 0.1257 0.1217 0.0109 0.1509 
         378  1 0.0780 0.1317 0.1410 0.0893 0.1459 0.0087 0.1074 0.1318 0.0212 0.1450 
         379  1 0.0143 0.1728 0.1477 0.1476 0.1250 0.0118 0.1066 0.1465 0.0069 0.1207 
         380  1 0.0091 0.1337 0.1122 0.1680 0.1494 0.0152 0.1366 0.1123 0.0068 0.1566 
         381  1 0.0119 0.1674 0.1461 0.1035 0.1251 0.0102 0.1211 0.1930 0.0145 0.1072 
         382  1 0.0154 0.1382 0.0951 0.1816 0.1608 0.0246 0.1337 0.1171 0.0064 0.1271 
         383  1 0.0046 0.1544 0.1193 0.1304 0.1502 0.0135 0.1254 0.1371 0.0427 0.1225 
         384  1 0.0205 0.1558 0.1068 0.1349 0.1494 0.0115 0.1442 0.1099 0.0092 0.1579 
         385  1 0.0151 0.1354 0.0823 0.1807 0.1771 0.0044 0.1502 0.0934 0.0029 0.1585 
         386  1 0.0075 0.1670 0.1561 0.1220 0.1173 0.0089 0.1122 0.1541 0.0249 0.1300 
         387  1 0.0342 0.1284 0.1274 0.1084 0.1399 0.0074 0.1305 0.1939 0.0047 0.1252 
         388  1 0.0294 0.1391 0.1532 0.1078 0.1177 0.0125 0.1262 0.1458 0.0145 0.1538 
         389  1 0.0461 0.1257 0.1124 0.1715 0.1247 0.0065 0.1329 0.1292 0.0183 0.1328 
         390  1 0.0290 0.1459 0.1264 0.1655 0.1259 0.0042 0.1100 0.1238 0.0253 0.1440 
         391  1 0.0061 0.1367 0.1115 0.1598 0.1775 0.0065 0.1354 0.1253 0.0072 0.1341 
         392  1 0.0053 0.1308 0.2158 0.0918 0.0819 0.0131 0.1500 0.1516 0.0039 0.1557 
         393  1 0.0090 0.1564 0.1225 0.1628 0.1286 0.0067 0.1283 0.1300 0.0257 0.1300 
         394  1 0.0062 0.1207 0.1919 0.0827 0.0791 0.0062 0.1680 0.1823 0.0055 0.1574 
         395  1 0.0042 0.1027 0.2306 0.0854 0.0685 0.0051 0.1566 0.1780 0.0071 0.1618 
         396  1 0.0075 0.1486 0.1257 0.1374 0.1327 0.0056 0.1536 0.1477 0.0086 0.1325 
         397  1 0.0139 0.1390 0.1583 0.1411 0.1280 0.0068 0.1486 0.1042 0.0085 0.1518 
         398  1 0.0734 0.0827 0.0894 0.0720 0.0649 0.0201 0.0798 0.0762 0.3548 0.0867 
         399  1 0.0141 0.1330 0.1239 0.1575 0.1553 0.0110 0.1354 0.1268 0.0126 0.1305 
         400  1 0.0083 0.1288 0.1242 0.1465 0.1427 0.0262 0.1309 0.1295 0.0178 0.1450 
         401  1 0.0074 0.1097 0.2089 0.1031 0.0948 0.0074 0.1622 0.1364 0.0146 0.1554 
         402  1 0.0043 0.1204 0.1909 0.0962 0.0955 0.0140 0.1608 0.1607 0.0059 0.1514 
         403  1 0.0070 0.1461 0.1157 0.1227 0.1792 0.0061 0.1407 0.1466 0.0109 0.1249 
         404  1 0.0395 0.1197 0.1417 0.1365 0.1238 0.0179 0.1451 0.1269 0.0056 0.1433 
         405  1 0.0214 0.1653 0.2108 0.0959 0.0906 0.0085 0.0915 0.1702 0.0349 0.1108 
         406  1 0.0173 0.1283 0.1439 0.1194 0.1260 0.0368 0.1314 0.1628 0.0071 0.1270 
         407  1 0.0131 0.1580 0.1019 0.1841 0.1670 0.0117 0.1177 0.1110 0.0076 0.1279 
         408  1 0.0079 0.1114 0.2107 0.0940 0.0873 0.0076 0.1518 0.1589 0.0099 0.1604 
         409  1 0.0111 0.1510 0.1347 0.1483 0.1265 0.0181 0.1251 0.1454 0.0100 0.1299 
         410  1 0.0055 0.1589 0.1249 0.1585 0.1204 0.0086 0.1629 0.1158 0.0132 0.1312 
         411  1 0.0242 0.1513 0.1328 0.1410 0.1209 0.0287 0.1309 0.1453 0.0066 0.1183 
         412  1 0.0049 0.1510 0.0998 0.1625 0.1373 0.0138 0.1507 0.1404 0.0077 0.1319 
         413  1 0.0035 0.1629 0.1588 0.1277 0.1245 0.0056 0.1191 0.1515 0.0096 0.1368 
         414  1 0.0187 0.1336 0.1906 0.1059 0.1065 0.0157 0.1383 0.1356 0.0067 0.1485 
         415  1 0.0098 0.1181 0.0747 0.1724 0.1949 0.0065 0.1372 0.0866 0.0342 0.1656 
         416  1 0.0086 0.1209 0.1574 0.1488 0.1222 0.0093 0.1550 0.1232 0.0077 0.1470 
         417  1 0.0115 0.1494 0.1391 0.1435 0.1262 0.0108 0.1402 0.1269 0.0242 0.1283 
         418  1 0.0342 0.1155 0.0920 0.1378 0.1781 0.0055 0.1455 0.1309 0.0209 0.1397 
         419  1 0.0081 0.1376 0.1173 0.1147 0.1568 0.0106 0.1409 0.1405 0.0358 0.1376 
         420  1 0.0050 0.1145 0.1568 0.1068 0.0925 0.0063 0.1157 0.1156 0.1660 0.1209 
         421  1 0.0132 0.1063 0.0836 0.1647 0.2176 0.0090 0.1290 0.0743 0.0452 0.1572 
         422  1 0.0139 0.1374 0.1226 0.1018 0.1191 0.1027 0.0984 0.1427 0.0587 0.1027 
         423  1 0.0117 0.1391 0.1681 0.1040 0.1010 0.0135 0.1589 0.1428 0.0039 0.1570 
         424  1 0.0091 0.1542 0.1957 0.1284 0.1128 0.0141 0.1262 0.1251 0.0090 0.1255 
         425  1 0.0069 0.1844 0.1941 0.0921 0.1102 0.0072 0.1198 0.1915 0.0058 0.0881 
         426  1 0.0180 0.1451 0.1265 0.1184 0.1337 0.0316 0.1223 0.1628 0.0069 0.1348 
         427  1 0.0041 0.1015 0.1300 0.1577 0.1790 0.0050 0.1472 0.0989 0.0084 0.1682 
         428  1 0.0074 0.1317 0.1315 0.1395 0.1707 0.0056 0.1262 0.1301 0.0089 0.1484 
         429  1 0.0046 0.1323 0.0984 0.2305 0.1766 0.0133 0.1216 0.0849 0.0040 0.1339 
         430  1 0.0380 0.1009 0.0981 0.1021 0.1038 0.2930 0.0859 0.0858 0.0127 0.0796 
         431  1 0.0070 0.1034 0.1617 0.1389 0.1250 0.0063 0.1962 0.0935 0.0075 0.1605 
         432  1 0.0621 0.1340 0.1553 0.0983 0.1143 0.0089 0.1391 0.1516 0.0061 0.1304 
         433  1 0.0176 0.1205 0.1048 0.1432 0.1728 0.0236 0.1188 0.1591 0.0062 0.1334 
         434  1 0.0322 0.1430 0.1061 0.1532 0.1366 0.0071 0.1332 0.1223 0.0114 0.1549 
         435  1 0.0046 0.1324 0.1347 0.1217 0.1368 0.0097 0.1788 0.1163 0.0156 0.1493 
         436  1 0.0041 0.1257 0.1083 0.1528 0.1523 0.0085 0.1498 0.0793 0.0569 0.1623 
         437  1 0.0107 0.1044 0.0900 0.1180 0.1228 0.1926 0.0980 0.0989 0.0551 0.1095 
         438  1 0.0043 0.1305 0.0906 0.1446 0.1643 0.0356 0.1274 0.1566 0.0051 0.1410 
         439  1 0.0380 0.1426 0.1337 0.1399 0.1351 0.0181 0.1275 0.1330 0.0095 0.1227 
         440  1 0.0204 0.1306 0.0993 0.1280 0.1888 0.0044 0.1315 0.1398 0.0238 0.1335 
         441  1 0.0054 0.1316 0.0858 0.1954 0.1643 0.0481 0.1265 0.0776 0.0170 0.1485 
         442  1 0.0070 0.1131 0.0880 0.1502 0.1143 0.2008 0.0969 0.1063 0.0266 0.0969 
         443  1 0.0712 0.1182 0.0744 0.1284 0.1834 0.0173 0.1234 0.1561 0.0087 0.1188 
         444  1 0.0141 0.1311 0.0930 0.1951 0.1724 0.0145 0.1464 0.0944 0.0173 0.1216 
         445  1 0.0136 0.1625 0.1172 0.1297 0.1614 0.0083 0.1382 0.1194 0.0059 0.1439 
         446  1 0.0126 0.1339 0.1842 0.1107 0.1169 0.0110 0.1098 0.1688 0.0115 0.1406 
         447  1 0.0216 0.1620 0.1318 0.1236 0.1336 0.0081 0.1100 0.1696 0.0190 0.1206 
         448  1 0.0142 0.1038 0.1635 0.0743 0.1430 0.0572 0.0773 0.1940 0.0756 0.0972 
         449  1 0.0116 0.1047 0.2156 0.0637 0.0686 0.0085 0.1644 0.1790 0.0240 0.1600 
         450  1 0.4483 0.0630 0.0676 0.0516 0.0646 0.0579 0.0627 0.0846 0.0468 0.0530 
         451  1 0.0328 0.1315 0.1351 0.1166 0.1460 0.0046 0.1095 0.1340 0.0537 0.1362 
         452  1 0.0122 0.1471 0.1177 0.1519 0.1318 0.0144 0.1571 0.1100 0.0082 0.1496 
         453  1 0.0072 0.1370 0.1473 0.1417 0.1217 0.0095 0.1525 0.1122 0.0389 0.1320 
         454  1 0.0081 0.1104 0.0921 0.1464 0.1902 0.0465 0.1435 0.1177 0.0148 0.1304 
         455  1 0.0052 0.1445 0.1227 0.1302 0.1579 0.0091 0.1390 0.1441 0.0042 0.1431 
         456  1 0.0549 0.1401 0.1200 0.1524 0.1345 0.0123 0.1289 0.1220 0.0080 0.1270 
         457  1 0.0064 0.1618 0.1042 0.1834 0.1755 0.0049 0.1268 0.0997 0.0085 0.1287 
         458  1 0.0939 0.1370 0.0987 0.1700 0.1318 0.0131 0.1395 0.0901 0.0113 0.1147 
         459  1 0.0202 0.1366 0.0932 0.1200 0.1796 0.0331 0.1173 0.1358 0.0135 0.1508 
