           1  1 0.0230 0.0527 0.8125 0.0590 0.0063 0.0465 
           2  1 0.0082 0.3830 0.0129 0.2011 0.0053 0.3894 
           3  1 0.0606 0.2216 0.1847 0.2253 0.0089 0.2989 
           4  1 0.0104 0.3378 0.1285 0.2322 0.0062 0.2849 
           5  1 0.0057 0.3934 0.0677 0.1564 0.0488 0.3280 
           6  1 0.0076 0.2398 0.3897 0.1165 0.0203 0.2261 
           7  1 0.0053 0.3581 0.0101 0.2073 0.0070 0.4122 
           8  1 0.0753 0.4038 0.0192 0.1608 0.0044 0.3364 
           9  1 0.0092 0.1766 0.4039 0.1929 0.0080 0.2095 
          10  1 0.0548 0.2096 0.1641 0.2544 0.0723 0.2447 
          11  1 0.0061 0.2479 0.3499 0.1724 0.0092 0.2145 
          12  1 0.0089 0.3628 0.0364 0.2813 0.0040 0.3065 
          13  1 0.0136 0.2511 0.0133 0.3476 0.0067 0.3676 
          14  1 0.0058 0.3087 0.0984 0.3240 0.0086 0.2545 
          15  1 0.0358 0.0676 0.7107 0.1098 0.0099 0.0662 
          16  1 0.0058 0.3408 0.2115 0.2043 0.0071 0.2305 
          17  1 0.0159 0.3048 0.2299 0.1682 0.0196 0.2616 
          18  1 0.0148 0.3537 0.1418 0.2219 0.0105 0.2573 
          19  1 0.0627 0.1429 0.5465 0.1054 0.0093 0.1333 
          20  1 0.0257 0.3101 0.0149 0.1543 0.2503 0.2447 
          21  1 0.0177 0.2722 0.1884 0.2237 0.0379 0.2603 
          22  1 0.0048 0.0945 0.5867 0.1557 0.0054 0.1529 
          23  1 0.0191 0.3834 0.0334 0.1650 0.0131 0.3861 
          24  1 0.0244 0.3368 0.1982 0.1486 0.0624 0.2298 
          25  1 0.0403 0.2965 0.1224 0.2405 0.0293 0.2711 
          26  1 0.0094 0.2713 0.0557 0.3171 0.0045 0.3421 
          27  1 0.0076 0.3308 0.2105 0.1856 0.0076 0.2578 
          28  1 0.0393 0.1650 0.3729 0.1226 0.1643 0.1359 
          29  1 0.0115 0.2733 0.0224 0.3727 0.0397 0.2804 
          30  1 0.0042 0.1387 0.0347 0.5421 0.0036 0.2767 
          31  1 0.0057 0.2521 0.2256 0.1771 0.0078 0.3317 
          32  1 0.0056 0.4158 0.0336 0.1682 0.0051 0.3716 
          33  1 0.0068 0.3561 0.2035 0.1138 0.0049 0.3148 
          34  1 0.0374 0.2750 0.2280 0.2002 0.0180 0.2414 
          35  1 0.0083 0.3973 0.0504 0.2389 0.0090 0.2961 
          36  1 0.0057 0.4379 0.1020 0.1315 0.0055 0.3173 
          37  1 0.0107 0.2383 0.0868 0.3004 0.0883 0.2755 
          38  1 0.0139 0.3107 0.2693 0.1438 0.0069 0.2554 
          39  1 0.0101 0.0136 0.9403 0.0153 0.0062 0.0145 
          40  1 0.0048 0.2591 0.2769 0.1941 0.0158 0.2493 
          41  1 0.0239 0.3028 0.2419 0.1501 0.0134 0.2679 
          42  1 0.0142 0.4389 0.0698 0.1941 0.0145 0.2684 
          43  1 0.0590 0.3034 0.1689 0.1758 0.0102 0.2827 
          44  1 0.0067 0.3540 0.1071 0.2098 0.0422 0.2802 
          45  1 0.0197 0.2471 0.0254 0.3322 0.0041 0.3716 
          46  1 0.0097 0.3162 0.0351 0.3189 0.0106 0.3094 
          47  1 0.0089 0.1979 0.4130 0.1605 0.0351 0.1845 
          48  1 0.0104 0.3887 0.0351 0.2136 0.0361 0.3160 
          49  1 0.0701 0.1559 0.1564 0.3309 0.0179 0.2688 
          50  1 0.0158 0.3590 0.0840 0.2392 0.0074 0.2946 
          51  1 0.0163 0.3535 0.0224 0.2419 0.0050 0.3608 
          52  1 0.0035 0.4204 0.0375 0.1842 0.0052 0.3492 
          53  1 0.0424 0.3346 0.0087 0.2658 0.0065 0.3420 
          54  1 0.0084 0.2756 0.2747 0.1329 0.0923 0.2161 
          55  1 0.1837 0.2795 0.0338 0.1964 0.0114 0.2952 
          56  1 0.0068 0.2059 0.4091 0.1734 0.0156 0.1893 
          57  1 0.0162 0.3131 0.0869 0.2315 0.0069 0.3454 
          58  1 0.0085 0.2399 0.0999 0.3374 0.0273 0.2870 
          59  1 0.0052 0.3971 0.0925 0.1877 0.0056 0.3118 
          60  1 0.0165 0.2436 0.0731 0.3293 0.0142 0.3234 
          61  1 0.0116 0.1953 0.2743 0.1700 0.1859 0.1629 
          62  1 0.0160 0.3696 0.0167 0.2213 0.0066 0.3697 
          63  1 0.0383 0.3296 0.1537 0.1938 0.0140 0.2706 
          64  1 0.0122 0.2488 0.2769 0.2122 0.0058 0.2441 
          65  1 0.0077 0.2860 0.3104 0.1527 0.0089 0.2343 
          66  1 0.0117 0.3732 0.0144 0.1998 0.0105 0.3906 
          67  1 0.0183 0.4084 0.0539 0.1594 0.0544 0.3055 
          68  1 0.0217 0.1120 0.6715 0.0661 0.0189 0.1098 
          69  1 0.0092 0.1618 0.4836 0.0765 0.1240 0.1449 
          70  1 0.0073 0.1375 0.0453 0.4444 0.0170 0.3485 
          71  1 0.0072 0.3848 0.1295 0.1338 0.0263 0.3184 
          72  1 0.0138 0.4259 0.0409 0.2221 0.0141 0.2832 
          73  1 0.0369 0.1087 0.7199 0.0500 0.0089 0.0755 
          74  1 0.0090 0.2994 0.2844 0.1438 0.0077 0.2557 
          75  1 0.0267 0.4429 0.0219 0.1980 0.0065 0.3040 
          76  1 0.0074 0.4376 0.0804 0.1344 0.0073 0.3329 
          77  1 0.9679 0.0058 0.0071 0.0061 0.0075 0.0056 
          78  1 0.9172 0.0172 0.0162 0.0199 0.0119 0.0176 
          79  1 0.9599 0.0075 0.0068 0.0072 0.0117 0.0070 
          80  1 0.9783 0.0048 0.0047 0.0046 0.0031 0.0045 
          81  1 0.9697 0.0069 0.0063 0.0065 0.0038 0.0067 
          82  1 0.9592 0.0093 0.0077 0.0082 0.0069 0.0086 
          83  1 0.8911 0.0175 0.0236 0.0212 0.0283 0.0184 
          84  1 0.9559 0.0089 0.0142 0.0080 0.0056 0.0075 
          85  1 0.9472 0.0109 0.0109 0.0115 0.0083 0.0113 
          86  1 0.8574 0.0339 0.0466 0.0266 0.0084 0.0272 
          87  1 0.9745 0.0056 0.0055 0.0056 0.0038 0.0050 
          88  1 0.9676 0.0058 0.0074 0.0054 0.0083 0.0055 
          89  1 0.9670 0.0066 0.0074 0.0061 0.0066 0.0063 
          90  1 0.5328 0.1326 0.0844 0.1059 0.0179 0.1264 
          91  1 0.9658 0.0057 0.0090 0.0064 0.0067 0.0064 
          92  1 0.9646 0.0067 0.0063 0.0063 0.0097 0.0065 
          93  1 0.9710 0.0057 0.0054 0.0064 0.0050 0.0064 
          94  1 0.9758 0.0046 0.0049 0.0047 0.0058 0.0043 
          95  1 0.9398 0.0117 0.0154 0.0103 0.0107 0.0121 
          96  1 0.9713 0.0054 0.0069 0.0058 0.0051 0.0055 
          97  1 0.7027 0.0487 0.0429 0.0523 0.1126 0.0408 
          98  1 0.3322 0.1839 0.1638 0.1470 0.0243 0.1488 
          99  1 0.9707 0.0063 0.0078 0.0058 0.0037 0.0057 
         100  1 0.8457 0.0435 0.0209 0.0423 0.0096 0.0380 
         101  1 0.9583 0.0089 0.0103 0.0090 0.0047 0.0089 
         102  1 0.7343 0.0444 0.0354 0.0460 0.0890 0.0509 
         103  1 0.0075 0.1410 0.5830 0.1280 0.0066 0.1339 
         104  1 0.0058 0.3154 0.1074 0.2435 0.0048 0.3231 
         105  1 0.0067 0.2279 0.1370 0.3584 0.0225 0.2474 
         106  1 0.0195 0.2687 0.0347 0.3109 0.0119 0.3545 
         107  1 0.0174 0.2263 0.2599 0.2297 0.0084 0.2583 
         108  1 0.0159 0.1192 0.2154 0.3309 0.0160 0.3026 
         109  1 0.0206 0.2852 0.2628 0.1833 0.0387 0.2094 
         110  1 0.0053 0.3794 0.0744 0.2049 0.0174 0.3186 
         111  1 0.0060 0.3225 0.0333 0.3180 0.0070 0.3132 
         112  1 0.0140 0.3474 0.1974 0.1997 0.0048 0.2367 
         113  1 0.0377 0.4454 0.0601 0.1957 0.0084 0.2528 
         114  1 0.0117 0.3674 0.0142 0.2189 0.0081 0.3796 
         115  1 0.0056 0.1757 0.3762 0.1785 0.0483 0.2157 
         116  1 0.0101 0.3699 0.0962 0.2577 0.0045 0.2616 
         117  1 0.0049 0.1395 0.0170 0.4943 0.0071 0.3373 
         118  1 0.0089 0.1845 0.3453 0.2053 0.0077 0.2483 
         119  1 0.0104 0.3293 0.0793 0.2598 0.0048 0.3165 
         120  1 0.0276 0.1354 0.0282 0.4804 0.0047 0.3237 
         121  1 0.0185 0.1593 0.1637 0.3452 0.0115 0.3018 
         122  1 0.0141 0.3068 0.1114 0.3111 0.0149 0.2417 
         123  1 0.0116 0.1833 0.3201 0.2734 0.0121 0.1995 
         124  1 0.0294 0.2599 0.2428 0.1949 0.0083 0.2647 
         125  1 0.0050 0.4267 0.0246 0.2383 0.0090 0.2964 
         126  1 0.0629 0.2503 0.1041 0.2858 0.0154 0.2816 
         127  1 0.0118 0.2805 0.1395 0.2637 0.0120 0.2925 
         128  1 0.5052 0.1293 0.0373 0.1892 0.0059 0.1331 
         129  1 0.0604 0.2284 0.1576 0.2736 0.0137 0.2664 
         130  1 0.0061 0.2957 0.2555 0.2062 0.0128 0.2237 
         131  1 0.0529 0.1727 0.1913 0.3175 0.0060 0.2596 
         132  1 0.0061 0.3624 0.0155 0.2682 0.0036 0.3442 
         133  1 0.0682 0.1944 0.0301 0.3880 0.0052 0.3141 
         134  1 0.0283 0.4671 0.0307 0.1541 0.0067 0.3130 
         135  1 0.1077 0.1953 0.0355 0.3331 0.0568 0.2716 
         136  1 0.0567 0.2030 0.0540 0.3204 0.0100 0.3560 
         137  1 0.0069 0.1920 0.5003 0.1496 0.0111 0.1400 
         138  1 0.0141 0.3705 0.0240 0.2451 0.0076 0.3388 
         139  1 0.0201 0.2257 0.4369 0.1367 0.0056 0.1750 
         140  1 0.0328 0.2008 0.1920 0.2615 0.0656 0.2473 
         141  1 0.0060 0.3793 0.0900 0.2108 0.0069 0.3070 
         142  1 0.0056 0.1619 0.0280 0.4747 0.0089 0.3210 
         143  1 0.0251 0.2442 0.3548 0.2146 0.0059 0.1555 
         144  1 0.0172 0.2678 0.1691 0.2792 0.0055 0.2611 
         145  1 0.0099 0.1072 0.5497 0.1360 0.0456 0.1515 
         146  1 0.0177 0.3509 0.1115 0.2557 0.0174 0.2469 
         147  1 0.0063 0.0915 0.6392 0.1370 0.0183 0.1077 
         148  1 0.0652 0.3971 0.0302 0.2068 0.0084 0.2924 
         149  1 0.0063 0.1893 0.3186 0.2079 0.0330 0.2450 
         150  1 0.0399 0.2186 0.0289 0.3402 0.0848 0.2877 
         151  1 0.0076 0.3685 0.0463 0.2653 0.0085 0.3039 
         152  1 0.0213 0.0456 0.7342 0.0252 0.1403 0.0333 
         153  1 0.0232 0.3497 0.1808 0.1182 0.0422 0.2859 
         154  1 0.0205 0.1036 0.6953 0.0596 0.0517 0.0692 
         155  1 0.0083 0.4080 0.0855 0.1834 0.0086 0.3061 
         156  1 0.1986 0.1309 0.4436 0.1048 0.0307 0.0914 
         157  1 0.0168 0.3955 0.0786 0.1773 0.0077 0.3241 
         158  1 0.0135 0.3672 0.1028 0.2060 0.0056 0.3049 
         159  1 0.0441 0.1818 0.1192 0.1737 0.2943 0.1869 
         160  1 0.0101 0.1084 0.4393 0.2468 0.0087 0.1866 
         161  1 0.0279 0.2013 0.2500 0.2110 0.0313 0.2786 
         162  1 0.0085 0.3340 0.0490 0.3114 0.0126 0.2844 
         163  1 0.0044 0.1380 0.0735 0.4745 0.0051 0.3046 
         164  1 0.0043 0.2739 0.0807 0.3004 0.0083 0.3323 
         165  1 0.0039 0.4259 0.0176 0.1509 0.0898 0.3119 
         166  1 0.1006 0.1269 0.0712 0.3456 0.0041 0.3517 
         167  1 0.0055 0.1053 0.7092 0.0897 0.0071 0.0831 
         168  1 0.0190 0.2702 0.0326 0.3817 0.0136 0.2830 
         169  1 0.0061 0.3706 0.0274 0.2575 0.0046 0.3339 
         170  1 0.0093 0.2217 0.1425 0.3751 0.0129 0.2384 
         171  1 0.0064 0.1445 0.4701 0.2066 0.0227 0.1497 
         172  1 0.0038 0.2002 0.4940 0.1527 0.0102 0.1392 
         173  1 0.0107 0.3030 0.0554 0.3256 0.0197 0.2857 
         174  1 0.0064 0.2820 0.2522 0.1462 0.1020 0.2112 
         175  1 0.0052 0.1009 0.6829 0.0932 0.0124 0.1054 
         176  1 0.0105 0.1478 0.4618 0.1898 0.0119 0.1781 
         177  1 0.0047 0.2491 0.0696 0.3236 0.0058 0.3472 
         178  1 0.0057 0.3162 0.0954 0.2632 0.0156 0.3038 
         179  1 0.0226 0.0405 0.7993 0.0603 0.0133 0.0640 
         180  1 0.0084 0.1543 0.1366 0.4319 0.0053 0.2635 
         181  1 0.0641 0.1461 0.1144 0.3601 0.0146 0.3008 
         182  1 0.0308 0.1301 0.0497 0.4393 0.0100 0.3401 
         183  1 0.0658 0.2007 0.5027 0.0852 0.0179 0.1277 
         184  1 0.0135 0.3614 0.1820 0.2106 0.0074 0.2252 
         185  1 0.0234 0.2437 0.3215 0.2186 0.0087 0.1842 
         186  1 0.0055 0.0701 0.0221 0.5686 0.0034 0.3303 
         187  1 0.0067 0.2919 0.1260 0.2840 0.0287 0.2627 
         188  1 0.0095 0.3007 0.1578 0.2786 0.0206 0.2328 
         189  1 0.0093 0.1848 0.1887 0.3216 0.0116 0.2840 
         190  1 0.0056 0.2325 0.1522 0.3008 0.0305 0.2783 
         191  1 0.0748 0.1682 0.1667 0.2902 0.0661 0.2340 
         192  1 0.0035 0.1273 0.6305 0.0901 0.0525 0.0962 
         193  1 0.0084 0.4123 0.1118 0.1929 0.0100 0.2647 
         194  1 0.0070 0.3188 0.0851 0.2737 0.0196 0.2958 
         195  1 0.0069 0.2020 0.0565 0.3712 0.0245 0.3388 
         196  1 0.3714 0.2430 0.0928 0.1181 0.0062 0.1684 
         197  1 0.0309 0.3042 0.1324 0.2413 0.0053 0.2860 
         198  1 0.0183 0.3556 0.1833 0.1737 0.0107 0.2583 
         199  1 0.0084 0.0966 0.1612 0.4378 0.0086 0.2873 
         200  1 0.0279 0.4114 0.0626 0.1984 0.0051 0.2946 
         201  1 0.0048 0.1859 0.3973 0.1877 0.0633 0.1610 
         202  1 0.0270 0.4105 0.0458 0.1915 0.0049 0.3203 
         203  1 0.0427 0.1363 0.1077 0.4650 0.0080 0.2402 
         204  1 0.0118 0.3843 0.0153 0.2480 0.0110 0.3296 
         205  1 0.0119 0.3965 0.0381 0.2391 0.0229 0.2916 
         206  1 0.0099 0.2196 0.2226 0.3175 0.0213 0.2091 
         207  1 0.0232 0.1208 0.1994 0.3810 0.0058 0.2697 
         208  1 0.0370 0.2947 0.0154 0.4110 0.0051 0.2367 
         209  1 0.0099 0.4234 0.0443 0.1902 0.0327 0.2995 
         210  1 0.0149 0.2949 0.0470 0.2861 0.0096 0.3475 
         211  1 0.0082 0.2952 0.0152 0.4171 0.0055 0.2588 
         212  1 0.0228 0.2690 0.0842 0.3413 0.0298 0.2529 
         213  1 0.0172 0.4262 0.0596 0.1930 0.0096 0.2945 
         214  1 0.0094 0.3563 0.0288 0.2185 0.0288 0.3582 
         215  1 0.0142 0.2403 0.2171 0.2951 0.0094 0.2238 
         216  1 0.0089 0.3363 0.2583 0.1684 0.0117 0.2164 
         217  1 0.0071 0.2104 0.0801 0.3464 0.0336 0.3224 
         218  1 0.0364 0.3607 0.1057 0.2338 0.0124 0.2510 
         219  1 0.0060 0.1619 0.0356 0.4279 0.0037 0.3648 
         220  1 0.3551 0.2137 0.0183 0.1952 0.0112 0.2066 
         221  1 0.0243 0.2053 0.1859 0.3357 0.0205 0.2284 
         222  1 0.0096 0.2144 0.3666 0.1392 0.0876 0.1826 
         223  1 0.0056 0.1113 0.6732 0.1056 0.0188 0.0855 
         224  1 0.0049 0.2593 0.1373 0.3198 0.0166 0.2622 
         225  1 0.0075 0.0700 0.6161 0.0722 0.1710 0.0632 
         226  1 0.0103 0.2803 0.0473 0.3813 0.0268 0.2540 
         227  1 0.0082 0.4139 0.0521 0.2417 0.0058 0.2782 
         228  1 0.0069 0.2631 0.2814 0.2084 0.0064 0.2338 
         229  1 0.0239 0.2843 0.1159 0.2947 0.0164 0.2648 
         230  1 0.0059 0.3020 0.0392 0.3554 0.0250 0.2726 
         231  1 0.0057 0.1040 0.0511 0.4933 0.0079 0.3380 
         232  1 0.0075 0.2389 0.2166 0.2237 0.0039 0.3094 
         233  1 0.0147 0.0989 0.0987 0.4648 0.0101 0.3127 
         234  1 0.0071 0.2127 0.1549 0.3316 0.0259 0.2679 
         235  1 0.0078 0.4073 0.0615 0.1975 0.0095 0.3164 
         236  1 0.0242 0.2187 0.1415 0.3320 0.0134 0.2702 
         237  1 0.0341 0.2291 0.1220 0.3001 0.0243 0.2904 
         238  1 0.0180 0.3712 0.0472 0.2344 0.0315 0.2977 
         239  1 0.0167 0.2976 0.0469 0.2651 0.0101 0.3635 
         240  1 0.1107 0.2268 0.3195 0.1324 0.0140 0.1966 
         241  1 0.0095 0.1962 0.1482 0.3642 0.0061 0.2757 
         242  1 0.0273 0.3423 0.0869 0.2539 0.0101 0.2794 
         243  1 0.0100 0.2425 0.0165 0.4198 0.0115 0.2996 
         244  1 0.0181 0.1557 0.2820 0.2994 0.0041 0.2407 
         245  1 0.0136 0.4547 0.0434 0.1383 0.0140 0.3361 
         246  1 0.0639 0.2652 0.2538 0.2017 0.0055 0.2099 
         247  1 0.0047 0.3698 0.2134 0.1227 0.0283 0.2611 
         248  1 0.0201 0.2602 0.0229 0.3694 0.0095 0.3179 
         249  1 0.0054 0.3119 0.1318 0.2676 0.0088 0.2746 
         250  1 0.0116 0.1239 0.0614 0.5180 0.0310 0.2542 
         251  1 0.0231 0.1645 0.4003 0.1841 0.0062 0.2219 
         252  1 0.0317 0.3503 0.0570 0.2303 0.0286 0.3021 
         253  1 0.0594 0.2776 0.0160 0.3549 0.0094 0.2828 
         254  1 0.0095 0.3515 0.0293 0.3407 0.0070 0.2620 
         255  1 0.0506 0.3372 0.0204 0.2812 0.0054 0.3052 
         256  1 0.0042 0.1448 0.3128 0.3219 0.0100 0.2063 
         257  1 0.0237 0.2087 0.0932 0.3699 0.0179 0.2866 
         258  1 0.0049 0.2647 0.3526 0.1555 0.0056 0.2167 
         259  1 0.0082 0.2750 0.0610 0.3144 0.0055 0.3359 
         260  1 0.0082 0.2899 0.1156 0.2878 0.0207 0.2778 
         261  1 0.0096 0.3145 0.0431 0.2568 0.0069 0.3692 
         262  1 0.0065 0.4401 0.0372 0.1949 0.0067 0.3147 
         263  1 0.0095 0.2662 0.0143 0.2300 0.1376 0.3423 
         264  1 0.0130 0.4265 0.0138 0.1825 0.0272 0.3369 
         265  1 0.0119 0.3956 0.0969 0.1221 0.0244 0.3492 
         266  1 0.0207 0.3297 0.1337 0.1485 0.0090 0.3584 
         267  1 0.1159 0.2703 0.2293 0.1321 0.0113 0.2411 
         268  1 0.3024 0.1817 0.2052 0.1028 0.0616 0.1464 
         269  1 0.0174 0.0662 0.8011 0.0500 0.0109 0.0543 
         270  1 0.0214 0.3536 0.1366 0.2364 0.0062 0.2458 
         271  1 0.0459 0.3370 0.0452 0.2391 0.0310 0.3019 
         272  1 0.0067 0.0409 0.8512 0.0379 0.0188 0.0444 
         273  1 0.0045 0.3096 0.1103 0.2961 0.0245 0.2551 
         274  1 0.0262 0.2240 0.2395 0.2398 0.0243 0.2463 
         275  1 0.0246 0.3016 0.0665 0.3005 0.0086 0.2982 
         276  1 0.0093 0.1108 0.5511 0.1247 0.0914 0.1126 
         277  1 0.0054 0.1847 0.1149 0.3267 0.0131 0.3552 
         278  1 0.0860 0.2850 0.0523 0.2042 0.0897 0.2828 
         279  1 0.0233 0.3092 0.2320 0.1967 0.0259 0.2129 
         280  1 0.0137 0.1844 0.1170 0.4171 0.0053 0.2625 
         281  1 0.0329 0.4308 0.0170 0.2492 0.0040 0.2661 
         282  1 0.0114 0.2894 0.1608 0.2349 0.0541 0.2495 
         283  1 0.0144 0.2054 0.0837 0.2334 0.2479 0.2152 
         284  1 0.0086 0.1884 0.3170 0.2145 0.0438 0.2278 
         285  1 0.0476 0.4042 0.0220 0.1817 0.0186 0.3259 
         286  1 0.0102 0.1460 0.0407 0.4726 0.0090 0.3215 
         287  1 0.0532 0.1657 0.0671 0.4256 0.0114 0.2770 
         288  1 0.0191 0.1758 0.1238 0.3630 0.0142 0.3040 
         289  1 0.0047 0.3620 0.0327 0.2841 0.0090 0.3076 
         290  1 0.0242 0.3336 0.0712 0.2579 0.0084 0.3046 
         291  1 0.0195 0.1902 0.0457 0.3502 0.0183 0.3761 
         292  1 0.0209 0.1527 0.5454 0.1204 0.0312 0.1294 
         293  1 0.0127 0.1159 0.6224 0.1501 0.0076 0.0914 
         294  1 0.1716 0.1466 0.0265 0.3138 0.0846 0.2570 
         295  1 0.0266 0.0956 0.5427 0.1695 0.0089 0.1567 
         296  1 0.0074 0.2610 0.2894 0.2016 0.0438 0.1968 
         297  1 0.0104 0.2947 0.1770 0.2453 0.0603 0.2122 
         298  1 0.0110 0.3162 0.0148 0.3746 0.0074 0.2761 
         299  1 0.0223 0.3540 0.0537 0.2538 0.0280 0.2881 
         300  1 0.0118 0.3251 0.3177 0.1089 0.0178 0.2188 
         301  1 0.1024 0.1488 0.0282 0.4748 0.0051 0.2407 
         302  1 0.0061 0.1540 0.0208 0.4768 0.0110 0.3313 
         303  1 0.0079 0.2828 0.0154 0.3072 0.0714 0.3154 
         304  1 0.0046 0.3040 0.0827 0.3488 0.0094 0.2505 
         305  1 0.0261 0.2360 0.1653 0.2758 0.0074 0.2893 
         306  1 0.0083 0.3414 0.0872 0.2591 0.0086 0.2954 
         307  1 0.0149 0.3328 0.1488 0.1966 0.0271 0.2798 
         308  1 0.0184 0.3880 0.0484 0.2901 0.0069 0.2481 
         309  1 0.0077 0.1910 0.4958 0.1277 0.0437 0.1340 
         310  1 0.0081 0.3136 0.0627 0.2371 0.1315 0.2471 
         311  1 0.0073 0.2923 0.2527 0.2284 0.0205 0.1988 
         312  1 0.0822 0.1116 0.2192 0.3048 0.0305 0.2517 
         313  1 0.0052 0.3098 0.1269 0.3027 0.0061 0.2493 
         314  1 0.0851 0.2003 0.4102 0.1064 0.0485 0.1495 
         315  1 0.0102 0.1252 0.7102 0.0676 0.0070 0.0797 
         316  1 0.0083 0.2829 0.2386 0.1694 0.0883 0.2125 
         317  1 0.0243 0.2042 0.0943 0.3554 0.0284 0.2933 
         318  1 0.0055 0.0983 0.7291 0.0629 0.0142 0.0901 
         319  1 0.0067 0.1867 0.1709 0.2511 0.1908 0.1938 
         320  1 0.2633 0.1747 0.0899 0.2167 0.0668 0.1886 
         321  1 0.0112 0.4108 0.0654 0.1939 0.0052 0.3135 
         322  1 0.0381 0.1686 0.3161 0.2697 0.0156 0.1920 
         323  1 0.0272 0.2223 0.0273 0.4118 0.0128 0.2985 
         324  1 0.0070 0.3300 0.0611 0.3089 0.0070 0.2860 
         325  1 0.0267 0.1021 0.7009 0.0699 0.0192 0.0812 
         326  1 0.0038 0.3411 0.0210 0.3784 0.0069 0.2487 
         327  1 0.0102 0.2480 0.2523 0.2665 0.0054 0.2175 
         328  1 0.0360 0.3070 0.0821 0.2888 0.0166 0.2694 
         329  1 0.0270 0.2562 0.0572 0.4148 0.0166 0.2281 
         330  1 0.0244 0.0935 0.2855 0.3490 0.0043 0.2434 
         331  1 0.0150 0.0843 0.7731 0.0605 0.0049 0.0623 
         332  1 0.0041 0.3182 0.0536 0.3947 0.0103 0.2191 
         333  1 0.0082 0.2555 0.0185 0.3956 0.0105 0.3118 
         334  1 0.0276 0.2840 0.3011 0.1229 0.0053 0.2591 
         335  1 0.0509 0.3217 0.0720 0.2234 0.0071 0.3249 
         336  1 0.0117 0.0135 0.9470 0.0111 0.0054 0.0113 
         337  1 0.0139 0.0736 0.7711 0.0487 0.0284 0.0643 
         338  1 0.0637 0.0135 0.8917 0.0107 0.0059 0.0146 
         339  1 0.0041 0.0062 0.9711 0.0061 0.0064 0.0060 
         340  1 0.0055 0.0120 0.9383 0.0098 0.0247 0.0095 
         341  1 0.0098 0.3101 0.0966 0.2434 0.0068 0.3334 
         342  1 0.0050 0.0060 0.9723 0.0061 0.0049 0.0058 
         343  1 0.0186 0.0123 0.9378 0.0117 0.0069 0.0128 
         344  1 0.0099 0.0092 0.9531 0.0098 0.0087 0.0093 
         345  1 0.0050 0.0068 0.9683 0.0059 0.0073 0.0067 
         346  1 0.0068 0.0101 0.9523 0.0107 0.0110 0.0091 
         347  1 0.0070 0.0121 0.9467 0.0128 0.0089 0.0125 
         348  1 0.0613 0.0389 0.8236 0.0285 0.0187 0.0291 
         349  1 0.0068 0.0053 0.9716 0.0053 0.0054 0.0056 
         350  1 0.0766 0.0187 0.8671 0.0157 0.0058 0.0161 
         351  1 0.0056 0.0092 0.9335 0.0095 0.0333 0.0089 
         352  1 0.0111 0.2509 0.1412 0.3920 0.0063 0.1986 
         353  1 0.0076 0.0095 0.9518 0.0089 0.0133 0.0089 
         354  1 0.0062 0.0100 0.9528 0.0091 0.0121 0.0097 
         355  1 0.0089 0.0113 0.9416 0.0117 0.0154 0.0110 
         356  1 0.0201 0.4072 0.0435 0.2115 0.0086 0.3090 
         357  1 0.0136 0.1073 0.4853 0.1569 0.1460 0.0908 
         358  1 0.0303 0.2318 0.1208 0.3213 0.0111 0.2848 
         359  1 0.0091 0.3522 0.0606 0.2211 0.0229 0.3340 
         360  1 0.0327 0.1727 0.4656 0.1459 0.0510 0.1320 
         361  1 0.0152 0.1522 0.4773 0.1385 0.0928 0.1240 
         362  1 0.0299 0.2129 0.0314 0.3649 0.0050 0.3559 
         363  1 0.0061 0.1003 0.7028 0.1008 0.0057 0.0843 
         364  1 0.0058 0.4042 0.0481 0.2390 0.0063 0.2966 
         365  1 0.0084 0.0694 0.8199 0.0472 0.0067 0.0483 
         366  1 0.0084 0.1766 0.4730 0.1432 0.0049 0.1939 
         367  1 0.0275 0.2773 0.0833 0.3184 0.0151 0.2784 
         368  1 0.0122 0.2231 0.0696 0.3559 0.0122 0.3269 
         369  1 0.0124 0.2022 0.5062 0.1402 0.0051 0.1340 
         370  1 0.0060 0.1235 0.5906 0.1251 0.0416 0.1132 
         371  1 0.0096 0.1460 0.3717 0.2362 0.0539 0.1827 
         372  1 0.0078 0.0987 0.7271 0.0476 0.0466 0.0721 
         373  1 0.0120 0.2466 0.0586 0.3968 0.0162 0.2699 
         374  1 0.1373 0.1843 0.1752 0.2280 0.0524 0.2228 
         375  1 0.0046 0.3544 0.2006 0.1830 0.0246 0.2328 
         376  1 0.0118 0.2707 0.2050 0.2268 0.0130 0.2727 
         377  1 0.0128 0.3555 0.0435 0.2988 0.0099 0.2795 
         378  1 0.0248 0.0716 0.5988 0.1945 0.0083 0.1020 
         379  1 0.0075 0.3332 0.1062 0.2765 0.0129 0.2636 
         380  1 0.0067 0.3674 0.0298 0.2679 0.0161 0.3121 
         381  1 0.0169 0.2203 0.4114 0.1692 0.0119 0.1703 
         382  1 0.0070 0.4099 0.0297 0.2020 0.0250 0.3264 
         383  1 0.0528 0.3399 0.0556 0.2607 0.0145 0.2765 
         384  1 0.0107 0.2738 0.1706 0.2839 0.0121 0.2489 
         385  1 0.0031 0.3561 0.0748 0.1885 0.0048 0.3727 
         386  1 0.0334 0.2012 0.2409 0.2975 0.0095 0.2175 
         387  1 0.0050 0.1441 0.4428 0.1926 0.0080 0.2075 
         388  1 0.0171 0.2163 0.1346 0.3281 0.0128 0.2912 
         389  1 0.0214 0.3389 0.1262 0.2279 0.0069 0.2787 
         390  1 0.0296 0.1626 0.5715 0.0922 0.0040 0.1400 
         391  1 0.0084 0.3224 0.0995 0.2637 0.0067 0.2993 
         392  1 0.0041 0.1285 0.0334 0.5241 0.0148 0.2950 
         393  1 0.0286 0.3462 0.2005 0.1745 0.0068 0.2434 
         394  1 0.0061 0.2067 0.0342 0.4457 0.0069 0.3005 
         395  1 0.0071 0.1309 0.0159 0.4918 0.0056 0.3486 
         396  1 0.0095 0.3623 0.1001 0.2485 0.0063 0.2732 
         397  1 0.0090 0.2201 0.0470 0.4207 0.0075 0.2958 
         398  1 0.4491 0.1179 0.1326 0.1379 0.0230 0.1395 
         399  1 0.0143 0.4016 0.1046 0.1928 0.0112 0.2755 
         400  1 0.0187 0.3518 0.0510 0.2705 0.0314 0.2766 
         401  1 0.0146 0.1377 0.0537 0.4247 0.0081 0.3612 
         402  1 0.0063 0.2523 0.0257 0.3809 0.0159 0.3190 
         403  1 0.0131 0.3281 0.2226 0.2106 0.0068 0.2188 
         404  1 0.0058 0.2109 0.0962 0.3701 0.0211 0.2959 
         405  1 0.0497 0.1924 0.2972 0.2534 0.0107 0.1966 
         406  1 0.0076 0.3144 0.1678 0.2117 0.0457 0.2527 
         407  1 0.0084 0.4103 0.0830 0.1759 0.0126 0.3096 
         408  1 0.0112 0.1917 0.0465 0.4000 0.0081 0.3425 
         409  1 0.0108 0.3329 0.1556 0.1715 0.0210 0.3082 
         410  1 0.0139 0.4312 0.0231 0.2773 0.0089 0.2455 
         411  1 0.0075 0.2590 0.2325 0.2569 0.0327 0.2113 
         412  1 0.0089 0.3897 0.0768 0.2178 0.0152 0.2917 
         413  1 0.0105 0.2636 0.0423 0.3917 0.0058 0.2862 
         414  1 0.0070 0.1852 0.1263 0.4043 0.0198 0.2574 
         415  1 0.0420 0.3662 0.0709 0.2274 0.0075 0.2860 
         416  1 0.0078 0.2740 0.0318 0.3420 0.0094 0.3350 
         417  1 0.0295 0.3028 0.1152 0.2949 0.0131 0.2446 
         418  1 0.0240 0.3291 0.2334 0.2169 0.0056 0.1910 
         419  1 0.0446 0.2168 0.2232 0.2741 0.0124 0.2289 
         420  1 0.1830 0.1959 0.0250 0.3662 0.0075 0.2224 
         421  1 0.0502 0.3741 0.0658 0.2232 0.0098 0.2769 
         422  1 0.0689 0.1116 0.4694 0.1336 0.1060 0.1105 
         423  1 0.0042 0.2538 0.1320 0.3006 0.0163 0.2931 
         424  1 0.0114 0.2654 0.0603 0.3705 0.0175 0.2750 
         425  1 0.0060 0.2342 0.1730 0.3156 0.0079 0.2634 
         426  1 0.0078 0.1588 0.4760 0.1653 0.0342 0.1579 
         427  1 0.0091 0.3159 0.0250 0.3004 0.0053 0.3442 
         428  1 0.0099 0.2168 0.1338 0.3300 0.0058 0.3037 
         429  1 0.0044 0.4423 0.0223 0.1796 0.0156 0.3358 
         430  1 0.0147 0.1531 0.2131 0.1183 0.3597 0.1411 
         431  1 0.0072 0.2703 0.0216 0.2845 0.0071 0.4093 
         432  1 0.0065 0.1571 0.3874 0.2169 0.0091 0.2230 
         433  1 0.0064 0.2738 0.3678 0.1462 0.0245 0.1812 
         434  1 0.0134 0.3705 0.0539 0.2460 0.0081 0.3080 
         435  1 0.0158 0.3492 0.0183 0.3743 0.0113 0.2312 
         436  1 0.0638 0.3637 0.0190 0.2986 0.0091 0.2458 
         437  1 0.0771 0.2487 0.0823 0.1775 0.2131 0.2012 
         438  1 0.0051 0.4398 0.0512 0.1848 0.0393 0.2798 
         439  1 0.0099 0.0847 0.7531 0.0616 0.0122 0.0785 
         440  1 0.0289 0.1570 0.5319 0.1391 0.0048 0.1383 
         441  1 0.0175 0.4035 0.0171 0.2119 0.0583 0.2918 
         442  1 0.0293 0.3002 0.0352 0.1963 0.2216 0.2175 
         443  1 0.0085 0.1698 0.5931 0.0795 0.0189 0.1302 
         444  1 0.0193 0.2953 0.3161 0.1125 0.0139 0.2429 
         445  1 0.0070 0.2398 0.4216 0.1403 0.0088 0.1826 
         446  1 0.0160 0.1147 0.4980 0.1936 0.0121 0.1655 
         447  1 0.0239 0.2184 0.2710 0.2701 0.0092 0.2074 
         448  1 0.1030 0.0726 0.5416 0.1337 0.0576 0.0915 
         449  1 0.0243 0.0875 0.0649 0.4871 0.0082 0.3281 
         450  1 0.0212 0.0218 0.8309 0.0443 0.0538 0.0281 
         451  1 0.0624 0.1490 0.4833 0.1604 0.0052 0.1396 
         452  1 0.0080 0.4189 0.0545 0.2182 0.0160 0.2845 
         453  1 0.0411 0.2314 0.0499 0.4120 0.0110 0.2546 
         454  1 0.0168 0.3220 0.0688 0.2397 0.0532 0.2995 
         455  1 0.0048 0.3217 0.0454 0.3047 0.0103 0.3131 
         456  1 0.0084 0.3532 0.0978 0.2480 0.0131 0.2795 
         457  1 0.0096 0.4651 0.0162 0.2024 0.0055 0.3013 
         458  1 0.0113 0.1076 0.6841 0.0664 0.0143 0.1163 
         459  1 0.0165 0.2306 0.3329 0.2026 0.0402 0.1772 
         460  1 0.0178 0.1473 0.0225 0.4515 0.0562 0.3046 
         461  1 0.0554 0.2000 0.1041 0.3336 0.0379 0.2690 
         462  1 0.0089 0.1545 0.0352 0.4668 0.0073 0.3272 
         463  1 0.0206 0.1499 0.5267 0.1345 0.0355 0.1328 
         464  1 0.0406 0.1723 0.0478 0.4152 0.0120 0.3121 
         465  1 0.0148 0.1721 0.5202 0.1181 0.0529 0.1220 
         466  1 0.0419 0.0634 0.6209 0.0929 0.1038 0.0772 
         467  1 0.0144 0.2259 0.0572 0.3313 0.0157 0.3556 
         468  1 0.0079 0.1911 0.3943 0.2540 0.0076 0.1451 
         469  1 0.0081 0.3010 0.1437 0.3097 0.0076 0.2299 
         470  1 0.0105 0.1911 0.0658 0.3542 0.0515 0.3269 
         471  1 0.0058 0.2656 0.0129 0.4571 0.0056 0.2530 
         472  1 0.0180 0.2077 0.0134 0.4211 0.0338 0.3060 
         473  1 0.0102 0.3973 0.0547 0.2082 0.0145 0.3152 
         474  1 0.0049 0.2609 0.0741 0.3635 0.0067 0.2900 
         475  1 0.0069 0.2257 0.0257 0.3590 0.0048 0.3780 
         476  1 0.0113 0.3848 0.0595 0.2521 0.0055 0.2868 
         477  1 0.0082 0.2705 0.2495 0.2214 0.0502 0.2001 
         478  1 0.0106 0.1898 0.3611 0.1776 0.0731 0.1877 
         479  1 0.1066 0.1141 0.0407 0.4512 0.0061 0.2812 
         480  1 0.0194 0.2795 0.0469 0.3683 0.0091 0.2768 
         481  1 0.0167 0.3664 0.0590 0.2319 0.0112 0.3148 
         482  1 0.0093 0.1794 0.4687 0.1962 0.0054 0.1411 
         483  1 0.0085 0.3881 0.0272 0.2334 0.0162 0.3266 
         484  1 0.0950 0.1738 0.2600 0.2493 0.0056 0.2163 
         485  1 0.0555 0.0550 0.3619 0.0439 0.4349 0.0488 
         486  1 0.0407 0.2224 0.4002 0.1218 0.0083 0.2066 
         487  1 0.0075 0.2427 0.1657 0.3472 0.0085 0.2284 
         488  1 0.0544 0.2270 0.1841 0.2969 0.0236 0.2141 
         489  1 0.0365 0.2866 0.1289 0.2389 0.0086 0.3006 
         490  1 0.0142 0.0467 0.8377 0.0531 0.0097 0.0386 
         491  1 0.0083 0.1537 0.1609 0.4292 0.0062 0.2417 
         492  1 0.0080 0.3124 0.0728 0.2950 0.0149 0.2968 
         493  1 0.0089 0.2742 0.2182 0.2388 0.0036 0.2563 
         494  1 0.0070 0.3927 0.0522 0.2622 0.0082 0.2777 
         495  1 0.0146 0.3488 0.0763 0.2564 0.0210 0.2830 
         496  1 0.0133 0.3614 0.0413 0.2313 0.0843 0.2684 
         497  1 0.0084 0.0893 0.4238 0.2807 0.0081 0.1897 
         498  1 0.0134 0.3375 0.0956 0.2591 0.0116 0.2827 
         499  1 0.0101 0.2217 0.0261 0.3490 0.0054 0.3877 
         500  1 0.0065 0.2566 0.0205 0.4157 0.0091 0.2915 
         501  1 0.0073 0.2798 0.1875 0.2669 0.0121 0.2464 
         502  1 0.0857 0.2145 0.0219 0.3094 0.0488 0.3197 
         503  1 0.0040 0.1717 0.0487 0.4535 0.0069 0.3152 
         504  1 0.0182 0.1893 0.3749 0.2364 0.0080 0.1732 
         505  1 0.0054 0.2044 0.4598 0.1079 0.0831 0.1394 
         506  1 0.0476 0.2478 0.0952 0.3025 0.0240 0.2829 
         507  1 0.0294 0.2442 0.3301 0.1488 0.0947 0.1528 
         508  1 0.0071 0.2402 0.0495 0.3767 0.0101 0.3164 
         509  1 0.0075 0.4365 0.0185 0.1935 0.0041 0.3399 
         510  1 0.0494 0.2344 0.1062 0.2937 0.0060 0.3103 
         511  1 0.0318 0.2312 0.2248 0.2135 0.0102 0.2886 
         512  1 0.0082 0.2117 0.3445 0.2394 0.0101 0.1860 
         513  1 0.0079 0.2878 0.0790 0.2834 0.0121 0.3298 
         514  1 0.0088 0.2263 0.1639 0.3701 0.0191 0.2117 
         515  1 0.0103 0.2242 0.0646 0.3788 0.0054 0.3168 
         516  1 0.0057 0.0956 0.1258 0.4466 0.0256 0.3007 
         517  1 0.0035 0.1205 0.1615 0.4292 0.0291 0.2560 
         518  1 0.0131 0.2398 0.2002 0.1838 0.1576 0.2054 
         519  1 0.1665 0.1510 0.2536 0.2345 0.0427 0.1516 
         520  1 0.0134 0.3240 0.0749 0.2665 0.0136 0.3075 
         521  1 0.0336 0.1582 0.2486 0.3366 0.0071 0.2160 
         522  1 0.5425 0.1237 0.1153 0.0958 0.0100 0.1125 
         523  1 0.0098 0.3051 0.0937 0.2547 0.0191 0.3176 
         524  1 0.0053 0.3172 0.1480 0.2641 0.0048 0.2606 
         525  1 0.0052 0.2621 0.0343 0.4046 0.0108 0.2831 
         526  1 0.0115 0.0862 0.6503 0.1501 0.0161 0.0859 
         527  1 0.0195 0.2774 0.0162 0.3723 0.0067 0.3078 
         528  1 0.0042 0.1405 0.0225 0.5483 0.0081 0.2764 
         529  1 0.2879 0.1161 0.0205 0.3428 0.0145 0.2183 
         530  1 0.0221 0.1576 0.5531 0.1187 0.0414 0.1070 
         531  1 0.0354 0.2307 0.1764 0.2671 0.0070 0.2833 
         532  1 0.1316 0.2269 0.1872 0.2361 0.0139 0.2042 
         533  1 0.0162 0.2461 0.1141 0.3596 0.0115 0.2524 
         534  1 0.0101 0.1284 0.3587 0.2560 0.0537 0.1931 
         535  1 0.0089 0.2716 0.2313 0.2195 0.0160 0.2527 
         536  1 0.0256 0.3690 0.0501 0.2758 0.0124 0.2671 
         537  1 0.0298 0.2180 0.3220 0.2015 0.0398 0.1890 
         538  1 0.0059 0.3817 0.1291 0.1949 0.0040 0.2843 
         539  1 0.0053 0.1832 0.3360 0.2646 0.0139 0.1970 
         540  1 0.0150 0.3329 0.1075 0.3163 0.0083 0.2200 
         541  1 0.0869 0.1694 0.0225 0.4107 0.0107 0.2998 
         542  1 0.0539 0.1557 0.4820 0.1556 0.0086 0.1442 
         543  1 0.0107 0.4251 0.0366 0.2320 0.0038 0.2918 
         544  1 0.0475 0.1073 0.6237 0.0957 0.0382 0.0878 
         545  1 0.0218 0.1010 0.6578 0.1033 0.0315 0.0846 
         546  1 0.0111 0.3111 0.0934 0.2512 0.0176 0.3157 
         547  1 0.0166 0.2462 0.0503 0.4218 0.0074 0.2577 
         548  1 0.0160 0.2533 0.2734 0.2622 0.0058 0.1894 
         549  1 0.0156 0.0684 0.5977 0.1680 0.0205 0.1298 
         550  1 0.0048 0.3091 0.0665 0.2561 0.0053 0.3581 
         551  1 0.0593 0.3923 0.0827 0.1866 0.0061 0.2729 
         552  1 0.0069 0.0791 0.0436 0.5573 0.0037 0.3094 
         553  1 0.0082 0.0930 0.0359 0.4996 0.0222 0.3412 
         554  1 0.0124 0.3418 0.0557 0.2680 0.0413 0.2807 
         555  1 0.0086 0.2321 0.1308 0.3123 0.0249 0.2913 
         556  1 0.0157 0.1019 0.5231 0.2027 0.0193 0.1373 
         557  1 0.0109 0.1438 0.0688 0.4536 0.0103 0.3126 
         558  1 0.0085 0.1808 0.0860 0.4280 0.0071 0.2896 
         559  1 0.0053 0.3923 0.0621 0.2198 0.0322 0.2883 
         560  1 0.0064 0.2002 0.4293 0.1851 0.0179 0.1612 
         561  1 0.0100 0.1555 0.6166 0.0970 0.0105 0.1104 
         562  1 0.0061 0.3257 0.0361 0.3608 0.0103 0.2610 
         563  1 0.0082 0.2420 0.1843 0.2895 0.0077 0.2682 
         564  1 0.0060 0.3018 0.0421 0.1895 0.2380 0.2227 
         565  1 0.0231 0.2273 0.0949 0.3587 0.0084 0.2875 
         566  1 0.0265 0.3332 0.0252 0.2968 0.0216 0.2967 
         567  1 0.0836 0.3056 0.0402 0.2692 0.0092 0.2922 
         568  1 0.0174 0.3251 0.0168 0.2618 0.0364 0.3425 
         569  1 0.0080 0.1641 0.0638 0.3740 0.0045 0.3857 
         570  1 0.0127 0.3077 0.0384 0.3583 0.0063 0.2766 
         571  1 0.0619 0.4245 0.0272 0.2099 0.0072 0.2692 
         572  1 0.0096 0.1704 0.0329 0.4455 0.0087 0.3329 
         573  1 0.0108 0.1737 0.3773 0.1047 0.1774 0.1560 
         574  1 0.0184 0.3099 0.0978 0.2583 0.0278 0.2879 
         575  1 0.0058 0.1926 0.2221 0.3408 0.0164 0.2223 
         576  1 0.0063 0.0798 0.0764 0.5082 0.0430 0.2863 
         577  1 0.0158 0.1830 0.2900 0.2482 0.0520 0.2111 
         578  1 0.0260 0.1571 0.0353 0.3568 0.2256 0.1992 
         579  1 0.0060 0.3348 0.1823 0.2108 0.0242 0.2418 
         580  1 0.0394 0.1998 0.0141 0.4540 0.0077 0.2850 
         581  1 0.0037 0.1610 0.0204 0.5395 0.0058 0.2696 
         582  1 0.0390 0.2105 0.2683 0.1757 0.0998 0.2067 
         583  1 0.0701 0.1632 0.2559 0.2110 0.1100 0.1897 
         584  1 0.0120 0.2125 0.2399 0.3027 0.0164 0.2164 
         585  1 0.1224 0.0945 0.5102 0.1419 0.0165 0.1146 
         586  1 0.0158 0.3073 0.2041 0.1996 0.0107 0.2625 
         587  1 0.0057 0.1587 0.3835 0.2553 0.0108 0.1860 
         588  1 0.0194 0.3240 0.0440 0.2981 0.0250 0.2896 
         589  1 0.0174 0.3919 0.0147 0.2096 0.0389 0.3275 
         590  1 0.0137 0.2506 0.4157 0.1114 0.0161 0.1924 
         591  1 0.0642 0.3354 0.0150 0.3301 0.0061 0.2492 
         592  1 0.0076 0.4276 0.0816 0.1427 0.0159 0.3246 
         593  1 0.0064 0.1818 0.0151 0.3985 0.0153 0.3829 
         594  1 0.0066 0.2738 0.2071 0.2186 0.0273 0.2665 
         595  1 0.7077 0.0593 0.0693 0.0784 0.0127 0.0727 
         596  1 0.0234 0.3759 0.0664 0.2585 0.0145 0.2614 
         597  1 0.0305 0.1776 0.2284 0.3141 0.0187 0.2307 
         598  1 0.0046 0.0400 0.7824 0.1035 0.0056 0.0639 
         599  1 0.0226 0.3194 0.2232 0.1611 0.0434 0.2304 
         600  1 0.0621 0.2437 0.2859 0.1906 0.0383 0.1794 
         601  1 0.0057 0.1257 0.5326 0.1032 0.1017 0.1311 
         602  1 0.0141 0.3336 0.1839 0.1650 0.0569 0.2465 
         603  1 0.0443 0.2435 0.0749 0.3700 0.0115 0.2558 
         604  1 0.0226 0.2619 0.0118 0.3410 0.0106 0.3521 
         605  1 0.0166 0.2450 0.1548 0.2404 0.0080 0.3352 
         606  1 0.0305 0.3235 0.1220 0.2650 0.0177 0.2413 
         607  1 0.0078 0.3435 0.0340 0.3065 0.0251 0.2830 
         608  1 0.0113 0.3251 0.2056 0.1493 0.0084 0.3003 
         609  1 0.0076 0.3391 0.1257 0.2475 0.0088 0.2712 
         610  1 0.0177 0.3492 0.1187 0.2086 0.0355 0.2703 
         611  1 0.0085 0.1912 0.0142 0.3761 0.0055 0.4045 
         612  1 0.0066 0.2681 0.2001 0.2570 0.0303 0.2379 
         613  1 0.0206 0.3313 0.1835 0.1584 0.0236 0.2826 
         614  1 0.0084 0.2064 0.1010 0.3735 0.0057 0.3050 
         615  1 0.0109 0.1858 0.1567 0.3811 0.0232 0.2423 
         616  1 0.0086 0.2915 0.1458 0.2859 0.0118 0.2563 
         617  1 0.0133 0.3847 0.0411 0.2740 0.0108 0.2762 
         618  1 0.0163 0.1599 0.1676 0.3368 0.0147 0.3048 
         619  1 0.1627 0.1571 0.0866 0.3244 0.0321 0.2371 
         620  1 0.0152 0.0744 0.6709 0.1271 0.0073 0.1050 
         621  1 0.0046 0.0913 0.4977 0.2196 0.0730 0.1139 
         622  1 0.0078 0.0712 0.7662 0.0737 0.0125 0.0687 
         623  1 0.0038 0.3115 0.0213 0.2704 0.0025 0.3906 
         624  1 0.0156 0.2150 0.3820 0.1969 0.0202 0.1703 
         625  1 0.0104 0.3149 0.0703 0.3215 0.0071 0.2758 
         626  1 0.4941 0.1959 0.0312 0.1370 0.0045 0.1374 
         627  1 0.0043 0.1402 0.0771 0.4446 0.0373 0.2965 
         628  1 0.0115 0.1439 0.0572 0.5048 0.0071 0.2754 
         629  1 0.1150 0.1371 0.0269 0.3923 0.0212 0.3075 
         630  1 0.0079 0.3452 0.1179 0.2428 0.0059 0.2803 
         631  1 0.0086 0.1946 0.1167 0.3380 0.0082 0.3340 
         632  1 0.0159 0.1163 0.6765 0.0851 0.0109 0.0953 
         633  1 0.0149 0.3327 0.0329 0.2358 0.0946 0.2890 
         634  1 0.0063 0.1364 0.4721 0.1798 0.0182 0.1872 
         635  1 0.0124 0.2862 0.0731 0.3521 0.0097 0.2665 
         636  1 0.2191 0.1295 0.3211 0.1579 0.0180 0.1544 
         637  1 0.0228 0.2740 0.1094 0.3007 0.0091 0.2839 
         638  1 0.0207 0.1845 0.3231 0.2216 0.0404 0.2097 
         639  1 0.0142 0.1257 0.0152 0.5193 0.0100 0.3156 
         640  1 0.0178 0.1620 0.3582 0.2573 0.0110 0.1937 
         641  1 0.0072 0.4208 0.0332 0.2239 0.0102 0.3047 
         642  1 0.0101 0.1941 0.2295 0.3209 0.0094 0.2359 
         643  1 0.0123 0.3228 0.1439 0.2175 0.0269 0.2767 
         644  1 0.0144 0.1966 0.2866 0.2155 0.0679 0.2190 
         645  1 0.0063 0.2345 0.2929 0.2073 0.0491 0.2100 
         646  1 0.0171 0.0884 0.6121 0.1365 0.0166 0.1293 
         647  1 0.0123 0.1743 0.0162 0.4825 0.0058 0.3089 
         648  1 0.0134 0.1081 0.6505 0.0561 0.0875 0.0844 
         649  1 0.0067 0.2378 0.0329 0.4383 0.0343 0.2499 
         650  1 0.0195 0.2536 0.1320 0.3366 0.0057 0.2526 
         651  1 0.0135 0.0893 0.7837 0.0545 0.0097 0.0493 
         652  1 0.0056 0.2603 0.3536 0.1288 0.0316 0.2201 
         653  1 0.0141 0.3424 0.1477 0.2332 0.0102 0.2524 
         654  1 0.0112 0.2504 0.1673 0.2892 0.0065 0.2753 
         655  1 0.0123 0.1119 0.4799 0.1969 0.0371 0.1619 
         656  1 0.0082 0.1102 0.5392 0.1853 0.0149 0.1422 
         657  1 0.0068 0.2081 0.4495 0.1259 0.0190 0.1906 
         658  1 0.0329 0.3088 0.1298 0.2224 0.0308 0.2752 
         659  1 0.0151 0.3679 0.0669 0.2606 0.0115 0.2781 
         660  1 0.0123 0.1011 0.6308 0.1267 0.0164 0.1126 
         661  1 0.0450 0.1936 0.0374 0.4112 0.0107 0.3022 
         662  1 0.4555 0.1487 0.0353 0.1304 0.0494 0.1806 
         663  1 0.0103 0.0572 0.8138 0.0556 0.0058 0.0572 
         664  1 0.0056 0.2468 0.0848 0.4013 0.0144 0.2472 
         665  1 0.0246 0.2335 0.2872 0.1885 0.0758 0.1904 
         666  1 0.0282 0.1496 0.4152 0.2158 0.0043 0.1868 
         667  1 0.0108 0.1353 0.0522 0.4438 0.0107 0.3472 
         668  1 0.0359 0.2029 0.2631 0.2067 0.1138 0.1777 
         669  1 0.0041 0.1492 0.4985 0.1958 0.0075 0.1450 
         670  1 0.0305 0.4304 0.0581 0.2108 0.0080 0.2623 
         671  1 0.0043 0.1340 0.6325 0.0715 0.0495 0.1082 
         672  1 0.0053 0.2534 0.4117 0.1313 0.0120 0.1862 
         673  1 0.0055 0.3395 0.1103 0.2059 0.0041 0.3347 
         674  1 0.0848 0.1033 0.5793 0.1127 0.0250 0.0949 
         675  1 0.0092 0.1227 0.6712 0.0810 0.0168 0.0991 
         676  1 0.0099 0.2277 0.4343 0.1428 0.0306 0.1548 
         677  1 0.0064 0.1250 0.1720 0.3827 0.0059 0.3080 
