           1  1 0.0706 0.0274 0.1471 0.1250 0.1560 0.1932 0.0070 0.2737 
           2  1 0.0033 0.0082 0.1611 0.1922 0.2945 0.1896 0.0053 0.1457 
           3  1 0.0269 0.0501 0.1859 0.2103 0.1840 0.1587 0.0082 0.1759 
           4  1 0.0085 0.0091 0.1671 0.1428 0.1800 0.2823 0.0057 0.2045 
           5  1 0.0369 0.0056 0.1721 0.1588 0.2607 0.1654 0.0444 0.1561 
           6  1 0.0656 0.0079 0.1330 0.1863 0.2604 0.1752 0.0215 0.1502 
           7  1 0.0036 0.0049 0.1897 0.2072 0.2712 0.1584 0.0064 0.1586 
           8  1 0.0098 0.0841 0.1873 0.1915 0.2145 0.1666 0.0044 0.1417 
           9  1 0.0473 0.0084 0.1846 0.1831 0.1763 0.2233 0.0081 0.1690 
          10  1 0.0101 0.0537 0.1870 0.1679 0.1738 0.1903 0.0634 0.1537 
          11  1 0.0377 0.0063 0.1618 0.1770 0.2391 0.1864 0.0096 0.1821 
          12  1 0.0032 0.0085 0.1710 0.1474 0.1818 0.2143 0.0038 0.2699 
          13  1 0.0048 0.0129 0.2085 0.2176 0.2148 0.1620 0.0062 0.1731 
          14  1 0.0222 0.0059 0.2109 0.1709 0.1983 0.1836 0.0081 0.2001 
          15  1 0.1326 0.0387 0.1489 0.1457 0.1373 0.1672 0.0111 0.2185 
          16  1 0.0219 0.0054 0.1469 0.1380 0.2433 0.2398 0.0070 0.1977 
          17  1 0.0280 0.0150 0.1383 0.1530 0.2593 0.2166 0.0184 0.1716 
          18  1 0.0215 0.0142 0.1334 0.1534 0.2565 0.1849 0.0094 0.2267 
          19  1 0.0613 0.0697 0.1482 0.1674 0.1780 0.2014 0.0104 0.1637 
          20  1 0.0052 0.0265 0.1252 0.1395 0.1843 0.1276 0.2689 0.1227 
          21  1 0.0256 0.0152 0.1667 0.2373 0.1922 0.1899 0.0367 0.1365 
          22  1 0.0543 0.0048 0.2369 0.2167 0.1141 0.2040 0.0054 0.1638 
          23  1 0.0262 0.0190 0.1745 0.2074 0.2790 0.1499 0.0131 0.1308 
          24  1 0.0189 0.0240 0.1305 0.1441 0.2396 0.1978 0.0550 0.1902 
          25  1 0.0187 0.0334 0.1970 0.1651 0.1550 0.2395 0.0250 0.1663 
          26  1 0.0127 0.0080 0.2390 0.2219 0.1671 0.2060 0.0044 0.1410 
          27  1 0.0174 0.0080 0.1731 0.1539 0.2148 0.1831 0.0075 0.2423 
          28  1 0.0412 0.0347 0.1341 0.1039 0.1859 0.1779 0.1331 0.1893 
          29  1 0.0051 0.0109 0.2415 0.1984 0.2002 0.1522 0.0399 0.1518 
          30  1 0.0073 0.0039 0.2910 0.2634 0.1289 0.1550 0.0036 0.1469 
          31  1 0.0422 0.0053 0.2242 0.2207 0.2295 0.1262 0.0073 0.1448 
          32  1 0.0101 0.0049 0.1733 0.1715 0.2714 0.1979 0.0048 0.1662 
          33  1 0.0591 0.0068 0.1311 0.1694 0.2935 0.1874 0.0047 0.1480 
          34  1 0.0116 0.0359 0.1693 0.1731 0.1895 0.2337 0.0171 0.1698 
          35  1 0.0242 0.0077 0.1663 0.1762 0.2282 0.1597 0.0088 0.2289 
          36  1 0.0084 0.0052 0.1274 0.1389 0.3326 0.1851 0.0052 0.1971 
          37  1 0.0259 0.0107 0.2010 0.1855 0.1674 0.1807 0.0828 0.1460 
          38  1 0.1089 0.0125 0.1564 0.1726 0.2182 0.1511 0.0065 0.1739 
          39  1 0.8859 0.0105 0.0184 0.0201 0.0204 0.0164 0.0091 0.0192 
          40  1 0.0482 0.0046 0.1747 0.2258 0.2379 0.1296 0.0163 0.1629 
          41  1 0.0133 0.0218 0.1759 0.1560 0.2439 0.1894 0.0107 0.1891 
          42  1 0.0358 0.0125 0.1382 0.1322 0.1941 0.2149 0.0121 0.2601 
          43  1 0.0209 0.0580 0.1366 0.1614 0.2223 0.2275 0.0091 0.1642 
          44  1 0.0090 0.0064 0.1519 0.1574 0.2391 0.1913 0.0386 0.2064 
          45  1 0.0036 0.0199 0.2230 0.2394 0.1730 0.1977 0.0039 0.1396 
          46  1 0.0083 0.0091 0.2211 0.1786 0.2158 0.1975 0.0101 0.1595 
          47  1 0.0253 0.0089 0.1708 0.1309 0.1842 0.2317 0.0310 0.2172 
          48  1 0.0110 0.0097 0.1421 0.1743 0.2386 0.2155 0.0328 0.1760 
          49  1 0.0245 0.0674 0.2246 0.2637 0.1235 0.1287 0.0170 0.1507 
          50  1 0.0065 0.0135 0.1783 0.1619 0.1853 0.2359 0.0068 0.2118 
          51  1 0.0058 0.0160 0.2209 0.1914 0.2206 0.1634 0.0046 0.1773 
          52  1 0.0176 0.0033 0.1545 0.1539 0.3129 0.1926 0.0051 0.1600 
          53  1 0.0047 0.0394 0.1543 0.2356 0.2174 0.1728 0.0060 0.1698 
          54  1 0.0309 0.0072 0.1701 0.1547 0.2209 0.1597 0.0906 0.1658 
          55  1 0.0052 0.2082 0.1491 0.1567 0.1815 0.1238 0.0122 0.1632 
          56  1 0.0409 0.0061 0.1665 0.1363 0.1939 0.2023 0.0184 0.2355 
          57  1 0.0085 0.0145 0.1813 0.1867 0.2532 0.1656 0.0063 0.1841 
          58  1 0.0078 0.0073 0.2375 0.2375 0.1250 0.2026 0.0253 0.1571 
          59  1 0.0089 0.0050 0.1700 0.1598 0.2194 0.2415 0.0059 0.1895 
          60  1 0.0116 0.0164 0.2677 0.2310 0.1721 0.1504 0.0123 0.1384 
          61  1 0.0494 0.0115 0.1377 0.1257 0.1279 0.1816 0.1886 0.1776 
          62  1 0.0050 0.0160 0.2116 0.1710 0.2019 0.2291 0.0062 0.1593 
          63  1 0.0265 0.0320 0.1491 0.1934 0.2312 0.1613 0.0131 0.1934 
          64  1 0.0075 0.0110 0.1507 0.1360 0.2126 0.2732 0.0058 0.2033 
          65  1 0.0144 0.0074 0.1397 0.1481 0.2409 0.2316 0.0079 0.2099 
          66  1 0.0067 0.0117 0.1962 0.1839 0.2582 0.1874 0.0099 0.1460 
          67  1 0.0172 0.0189 0.1566 0.1756 0.2458 0.1805 0.0515 0.1539 
          68  1 0.3210 0.0243 0.1107 0.1071 0.1548 0.1325 0.0249 0.1247 
          69  1 0.1321 0.0098 0.1164 0.1108 0.2309 0.1439 0.1160 0.1401 
          70  1 0.0165 0.0072 0.2710 0.3072 0.1590 0.1124 0.0158 0.1108 
          71  1 0.0180 0.0065 0.1576 0.1652 0.3161 0.1517 0.0230 0.1619 
          72  1 0.0050 0.0130 0.1533 0.1870 0.2352 0.2051 0.0134 0.1880 
          73  1 0.0182 0.0365 0.1528 0.1250 0.1701 0.2672 0.0086 0.2217 
          74  1 0.0160 0.0083 0.1381 0.1372 0.2220 0.2542 0.0068 0.2174 
          75  1 0.0076 0.0277 0.1402 0.1489 0.2047 0.2157 0.0061 0.2491 
          76  1 0.0268 0.0066 0.1552 0.1582 0.3301 0.1568 0.0072 0.1592 
          77  1 0.0082 0.9549 0.0061 0.0058 0.0053 0.0061 0.0078 0.0057 
          78  1 0.0134 0.8902 0.0177 0.0178 0.0175 0.0167 0.0105 0.0162 
          79  1 0.0043 0.9498 0.0071 0.0071 0.0067 0.0069 0.0106 0.0075 
          80  1 0.0026 0.9706 0.0047 0.0045 0.0047 0.0050 0.0031 0.0047 
          81  1 0.0039 0.9566 0.0072 0.0072 0.0074 0.0067 0.0042 0.0069 
          82  1 0.0083 0.9439 0.0083 0.0079 0.0085 0.0082 0.0065 0.0084 
          83  1 0.0138 0.8673 0.0187 0.0213 0.0170 0.0185 0.0227 0.0207 
          84  1 0.0104 0.9360 0.0088 0.0088 0.0099 0.0096 0.0057 0.0107 
          85  1 0.0088 0.9237 0.0122 0.0115 0.0118 0.0116 0.0087 0.0116 
          86  1 0.0161 0.8061 0.0283 0.0286 0.0339 0.0374 0.0090 0.0407 
          87  1 0.0050 0.9638 0.0054 0.0055 0.0056 0.0057 0.0038 0.0053 
          88  1 0.0138 0.9503 0.0052 0.0052 0.0058 0.0060 0.0084 0.0053 
          89  1 0.0073 0.9524 0.0067 0.0064 0.0068 0.0068 0.0066 0.0068 
          90  1 0.0172 0.4962 0.0860 0.0950 0.0883 0.0978 0.0147 0.1049 
          91  1 0.0134 0.9470 0.0064 0.0070 0.0062 0.0069 0.0070 0.0062 
          92  1 0.0062 0.9505 0.0066 0.0068 0.0071 0.0069 0.0094 0.0065 
          93  1 0.0039 0.9599 0.0065 0.0060 0.0059 0.0065 0.0047 0.0064 
          94  1 0.0037 0.9685 0.0045 0.0044 0.0045 0.0044 0.0055 0.0046 
          95  1 0.0172 0.9143 0.0122 0.0116 0.0111 0.0119 0.0107 0.0110 
          96  1 0.0062 0.9595 0.0056 0.0056 0.0061 0.0058 0.0053 0.0060 
          97  1 0.0082 0.6820 0.0417 0.0369 0.0460 0.0445 0.0910 0.0497 
          98  1 0.0156 0.2807 0.1225 0.1111 0.1240 0.1682 0.0194 0.1585 
          99  1 0.0196 0.9464 0.0060 0.0057 0.0061 0.0063 0.0035 0.0064 
         100  1 0.0087 0.8046 0.0371 0.0360 0.0317 0.0353 0.0086 0.0381 
         101  1 0.0137 0.9395 0.0085 0.0087 0.0083 0.0084 0.0043 0.0086 
         102  1 0.0278 0.7059 0.0389 0.0386 0.0405 0.0332 0.0769 0.0381 
         103  1 0.0556 0.0077 0.1645 0.1760 0.2030 0.1900 0.0076 0.1955 
         104  1 0.0051 0.0053 0.1789 0.1422 0.2096 0.2363 0.0047 0.2179 
         105  1 0.0108 0.0062 0.1549 0.1838 0.2062 0.2486 0.0197 0.1698 
         106  1 0.0067 0.0192 0.2514 0.2238 0.1908 0.1510 0.0102 0.1469 
         107  1 0.0086 0.0169 0.1501 0.1265 0.1698 0.3150 0.0072 0.2059 
         108  1 0.0307 0.0136 0.2697 0.2941 0.1000 0.1585 0.0156 0.1178 
         109  1 0.0208 0.0176 0.1468 0.1354 0.1897 0.2156 0.0361 0.2380 
         110  1 0.0167 0.0054 0.2014 0.1918 0.2154 0.1738 0.0160 0.1795 
         111  1 0.0194 0.0056 0.1751 0.1874 0.2415 0.1843 0.0065 0.1802 
         112  1 0.0472 0.0139 0.1364 0.1421 0.2493 0.1954 0.0050 0.2107 
         113  1 0.0124 0.0327 0.1352 0.1352 0.1831 0.1958 0.0080 0.2976 
         114  1 0.0043 0.0115 0.1807 0.2189 0.2478 0.1654 0.0084 0.1631 
         115  1 0.0503 0.0060 0.1807 0.1779 0.2007 0.1764 0.0480 0.1600 
         116  1 0.0054 0.0081 0.1694 0.1112 0.1800 0.2906 0.0041 0.2313 
         117  1 0.0055 0.0048 0.3351 0.3346 0.1106 0.1094 0.0067 0.0931 
         118  1 0.0167 0.0088 0.2165 0.2598 0.1894 0.1619 0.0072 0.1397 
         119  1 0.0124 0.0101 0.2258 0.1851 0.2080 0.1475 0.0044 0.2068 
         120  1 0.0084 0.0265 0.3066 0.2924 0.1183 0.1270 0.0045 0.1163 
         121  1 0.0621 0.0187 0.2451 0.2787 0.1484 0.1149 0.0119 0.1202 
         122  1 0.0153 0.0114 0.2116 0.1689 0.1720 0.2249 0.0134 0.1825 
         123  1 0.0299 0.0106 0.1756 0.1924 0.1633 0.1741 0.0111 0.2431 
         124  1 0.0597 0.0300 0.1545 0.1869 0.1921 0.2029 0.0088 0.1650 
         125  1 0.0061 0.0050 0.1947 0.1666 0.2350 0.1970 0.0093 0.1863 
         126  1 0.0057 0.0532 0.2087 0.1833 0.1781 0.1669 0.0157 0.1882 
         127  1 0.0132 0.0111 0.2083 0.2102 0.1989 0.1913 0.0101 0.1569 
         128  1 0.0046 0.4522 0.1056 0.1078 0.0932 0.1114 0.0056 0.1196 
         129  1 0.0108 0.0521 0.1994 0.1906 0.1690 0.1789 0.0127 0.1864 
         130  1 0.0869 0.0058 0.1529 0.1844 0.1778 0.1786 0.0113 0.2023 
         131  1 0.0109 0.0501 0.1900 0.2041 0.1587 0.1867 0.0054 0.1941 
         132  1 0.0104 0.0057 0.1652 0.2526 0.2328 0.1782 0.0033 0.1520 
         133  1 0.0057 0.0639 0.2077 0.2809 0.1570 0.1378 0.0050 0.1419 
         134  1 0.0062 0.0263 0.1564 0.1344 0.2397 0.2160 0.0066 0.2144 
         135  1 0.0087 0.1095 0.2039 0.1921 0.1614 0.1302 0.0511 0.1431 
         136  1 0.0148 0.0525 0.2503 0.3028 0.1355 0.1499 0.0082 0.0860 
         137  1 0.0137 0.0063 0.1422 0.0994 0.2030 0.2776 0.0098 0.2480 
         138  1 0.0042 0.0121 0.2176 0.2332 0.1669 0.2240 0.0073 0.1348 
         139  1 0.0650 0.0181 0.1440 0.1630 0.2081 0.1805 0.0056 0.2158 
         140  1 0.0524 0.0313 0.1689 0.1786 0.1879 0.1767 0.0576 0.1467 
         141  1 0.0172 0.0053 0.1733 0.1543 0.2580 0.2098 0.0064 0.1757 
         142  1 0.0121 0.0055 0.2965 0.2828 0.1280 0.1380 0.0085 0.1287 
         143  1 0.0117 0.0213 0.1524 0.1488 0.1652 0.2001 0.0055 0.2948 
         144  1 0.0115 0.0166 0.1773 0.1756 0.1959 0.2311 0.0053 0.1867 
         145  1 0.1373 0.0094 0.1720 0.1932 0.1566 0.1306 0.0631 0.1378 
         146  1 0.0136 0.0161 0.1870 0.1653 0.1781 0.1927 0.0151 0.2321 
         147  1 0.1175 0.0066 0.1635 0.1531 0.1539 0.1726 0.0211 0.2116 
         148  1 0.0046 0.0609 0.1605 0.1527 0.2058 0.1758 0.0075 0.2321 
         149  1 0.0287 0.0066 0.2077 0.1978 0.1636 0.1834 0.0327 0.1795 
         150  1 0.0074 0.0362 0.2020 0.2534 0.1354 0.1406 0.0824 0.1427 
         151  1 0.0131 0.0071 0.1511 0.1815 0.2239 0.2242 0.0077 0.1915 
         152  1 0.2516 0.0320 0.0587 0.0545 0.0901 0.0883 0.3309 0.0939 
         153  1 0.0366 0.0210 0.1509 0.1404 0.3083 0.1446 0.0347 0.1635 
         154  1 0.0610 0.0258 0.1382 0.1254 0.1544 0.2375 0.0721 0.1856 
         155  1 0.0077 0.0076 0.1336 0.1514 0.2266 0.2147 0.0075 0.2508 
         156  1 0.0091 0.1883 0.1101 0.1046 0.1265 0.2102 0.0288 0.2225 
         157  1 0.0223 0.0161 0.1953 0.2183 0.2171 0.1534 0.0068 0.1708 
         158  1 0.0133 0.0123 0.1773 0.1885 0.2150 0.1798 0.0055 0.2084 
         159  1 0.0125 0.0389 0.1248 0.1227 0.1365 0.1596 0.2772 0.1279 
         160  1 0.0843 0.0102 0.2243 0.2233 0.1442 0.1321 0.0101 0.1713 
         161  1 0.0265 0.0254 0.1974 0.2294 0.1865 0.1643 0.0290 0.1416 
         162  1 0.0064 0.0076 0.1813 0.1521 0.2240 0.2057 0.0123 0.2106 
         163  1 0.0117 0.0044 0.2842 0.2899 0.1292 0.1383 0.0051 0.1372 
         164  1 0.0166 0.0043 0.2125 0.1949 0.2289 0.1753 0.0070 0.1604 
         165  1 0.0041 0.0041 0.1401 0.1324 0.1807 0.2074 0.0710 0.2603 
         166  1 0.0317 0.0977 0.2672 0.3248 0.0994 0.0956 0.0039 0.0798 
         167  1 0.0193 0.0053 0.1592 0.1248 0.1640 0.2661 0.0075 0.2539 
         168  1 0.0077 0.0188 0.1834 0.2027 0.1901 0.2171 0.0135 0.1666 
         169  1 0.0050 0.0058 0.1557 0.2029 0.2055 0.1941 0.0045 0.2264 
         170  1 0.0155 0.0083 0.2084 0.1672 0.1736 0.2051 0.0124 0.2096 
         171  1 0.0387 0.0065 0.1730 0.1895 0.1467 0.1875 0.0228 0.2353 
         172  1 0.0180 0.0037 0.1573 0.1344 0.1702 0.2241 0.0088 0.2834 
         173  1 0.0099 0.0103 0.2164 0.1857 0.1891 0.1950 0.0176 0.1759 
         174  1 0.0135 0.0054 0.1220 0.1315 0.2164 0.2025 0.0989 0.2097 
         175  1 0.0512 0.0056 0.1639 0.1474 0.1917 0.1862 0.0131 0.2410 
         176  1 0.0281 0.0105 0.2099 0.1927 0.1540 0.1704 0.0127 0.2218 
         177  1 0.0240 0.0045 0.2650 0.2634 0.1701 0.1376 0.0056 0.1299 
         178  1 0.0189 0.0048 0.2078 0.2386 0.2153 0.1555 0.0145 0.1446 
         179  1 0.7075 0.0156 0.0532 0.0633 0.0418 0.0472 0.0118 0.0596 
         180  1 0.0129 0.0079 0.2245 0.2129 0.1622 0.1955 0.0051 0.1791 
         181  1 0.0274 0.0619 0.2343 0.2592 0.1411 0.1329 0.0133 0.1298 
         182  1 0.0397 0.0305 0.2994 0.3082 0.1047 0.0907 0.0092 0.1176 
         183  1 0.0172 0.0590 0.1674 0.1296 0.1769 0.2256 0.0183 0.2059 
         184  1 0.0513 0.0132 0.1205 0.1581 0.2068 0.1772 0.0071 0.2658 
         185  1 0.0181 0.0203 0.1627 0.1375 0.1606 0.2338 0.0075 0.2596 
         186  1 0.0060 0.0056 0.3367 0.3540 0.0853 0.1047 0.0034 0.1043 
         187  1 0.0770 0.0065 0.1710 0.1618 0.2123 0.1791 0.0295 0.1627 
         188  1 0.0243 0.0088 0.1816 0.1652 0.2218 0.1875 0.0201 0.1907 
         189  1 0.0771 0.0090 0.2193 0.2009 0.1907 0.1554 0.0108 0.1369 
         190  1 0.0233 0.0055 0.2057 0.2533 0.2016 0.1321 0.0277 0.1508 
         191  1 0.0235 0.0674 0.1879 0.1929 0.1399 0.1721 0.0633 0.1530 
         192  1 0.0242 0.0034 0.1786 0.1319 0.1468 0.2275 0.0594 0.2282 
         193  1 0.0427 0.0078 0.1837 0.1743 0.2219 0.1734 0.0079 0.1883 
         194  1 0.0245 0.0068 0.1819 0.1799 0.1996 0.1853 0.0201 0.2019 
         195  1 0.0090 0.0063 0.2672 0.2672 0.1539 0.1256 0.0242 0.1466 
         196  1 0.0354 0.3233 0.1162 0.1094 0.1394 0.1238 0.0063 0.1463 
         197  1 0.0196 0.0292 0.1795 0.1932 0.2092 0.1640 0.0050 0.2005 
         198  1 0.0259 0.0166 0.1471 0.1618 0.2309 0.2061 0.0100 0.2017 
         199  1 0.0406 0.0078 0.2955 0.3244 0.0950 0.1051 0.0086 0.1230 
         200  1 0.0144 0.0227 0.1679 0.1896 0.2300 0.1749 0.0050 0.1954 
         201  1 0.0732 0.0047 0.1477 0.1467 0.1714 0.1976 0.0643 0.1945 
         202  1 0.0110 0.0270 0.1681 0.1940 0.2097 0.1861 0.0046 0.1996 
         203  1 0.0321 0.0402 0.2592 0.2232 0.1220 0.1636 0.0075 0.1523 
         204  1 0.0039 0.0104 0.1910 0.1838 0.1677 0.1876 0.0115 0.2441 
         205  1 0.0040 0.0113 0.1577 0.1470 0.2245 0.2311 0.0224 0.2020 
         206  1 0.0254 0.0081 0.2027 0.1549 0.1670 0.2232 0.0188 0.1999 
         207  1 0.0455 0.0223 0.2492 0.2553 0.1422 0.1444 0.0056 0.1354 
         208  1 0.0035 0.0381 0.1664 0.1739 0.1821 0.1990 0.0049 0.2321 
         209  1 0.0061 0.0092 0.1664 0.1408 0.2415 0.2008 0.0329 0.2023 
         210  1 0.0105 0.0155 0.2211 0.2031 0.1938 0.1792 0.0085 0.1682 
         211  1 0.0074 0.0077 0.1889 0.1612 0.1898 0.1997 0.0056 0.2397 
         212  1 0.0103 0.0235 0.1783 0.1527 0.1944 0.2147 0.0284 0.1977 
         213  1 0.0094 0.0161 0.1391 0.1648 0.2449 0.1787 0.0097 0.2374 
         214  1 0.0067 0.0102 0.1818 0.1934 0.2580 0.1697 0.0286 0.1516 
         215  1 0.0145 0.0123 0.1649 0.1691 0.1934 0.2381 0.0083 0.1994 
         216  1 0.0128 0.0089 0.1383 0.1282 0.2343 0.2287 0.0109 0.2379 
         217  1 0.0188 0.0065 0.2413 0.2353 0.1838 0.1296 0.0277 0.1571 
         218  1 0.0095 0.0370 0.1567 0.1803 0.2100 0.1840 0.0135 0.2090 
         219  1 0.0136 0.0060 0.3497 0.2868 0.1473 0.0944 0.0036 0.0986 
         220  1 0.0106 0.3640 0.1622 0.1420 0.1090 0.1076 0.0110 0.0936 
         221  1 0.0146 0.0235 0.1974 0.1790 0.1702 0.1845 0.0171 0.2137 
         222  1 0.0557 0.0080 0.1493 0.1663 0.2309 0.1537 0.0785 0.1575 
         223  1 0.0550 0.0055 0.1865 0.1790 0.1333 0.1813 0.0225 0.2368 
         224  1 0.0069 0.0048 0.2502 0.1770 0.1484 0.2030 0.0147 0.1950 
         225  1 0.2459 0.0075 0.0986 0.0905 0.0967 0.1061 0.2494 0.1053 
         226  1 0.0076 0.0090 0.1925 0.1757 0.1541 0.2286 0.0251 0.2075 
         227  1 0.0080 0.0076 0.1521 0.1456 0.1977 0.2446 0.0061 0.2382 
         228  1 0.0668 0.0066 0.1705 0.1817 0.2000 0.1940 0.0061 0.1743 
         229  1 0.0339 0.0214 0.1753 0.1955 0.2008 0.2060 0.0164 0.1507 
         230  1 0.0067 0.0058 0.2148 0.1639 0.1886 0.1930 0.0236 0.2036 
         231  1 0.0093 0.0064 0.3121 0.3481 0.1080 0.1023 0.0071 0.1066 
         232  1 0.0067 0.0072 0.1708 0.1670 0.1990 0.2531 0.0039 0.1923 
         233  1 0.0521 0.0147 0.3177 0.3110 0.1081 0.0983 0.0098 0.0882 
         234  1 0.0419 0.0066 0.2142 0.2037 0.1972 0.1645 0.0245 0.1472 
         235  1 0.0180 0.0075 0.1799 0.1957 0.2213 0.1796 0.0090 0.1890 
         236  1 0.0102 0.0202 0.2024 0.1893 0.1348 0.2137 0.0132 0.2162 
         237  1 0.0243 0.0278 0.1717 0.2062 0.2021 0.1795 0.0206 0.1678 
         238  1 0.0068 0.0177 0.1740 0.1414 0.2224 0.2070 0.0297 0.2011 
         239  1 0.0170 0.0162 0.2285 0.2262 0.1666 0.1583 0.0088 0.1785 
         240  1 0.2559 0.1085 0.0963 0.1141 0.1502 0.1200 0.0137 0.1413 
         241  1 0.0141 0.0093 0.2069 0.1755 0.1718 0.2198 0.0060 0.1965 
         242  1 0.0129 0.0281 0.1980 0.1824 0.2202 0.1505 0.0099 0.1980 
         243  1 0.0055 0.0097 0.2589 0.2606 0.1749 0.1189 0.0114 0.1601 
         244  1 0.0064 0.0160 0.1860 0.1476 0.1472 0.2709 0.0043 0.2216 
         245  1 0.0263 0.0126 0.1873 0.1983 0.2353 0.1759 0.0130 0.1514 
         246  1 0.0075 0.0582 0.1637 0.1490 0.1840 0.2333 0.0057 0.1988 
         247  1 0.0371 0.0047 0.1375 0.1472 0.3064 0.1671 0.0272 0.1728 
         248  1 0.0112 0.0182 0.2144 0.2828 0.1958 0.1186 0.0096 0.1494 
         249  1 0.0093 0.0050 0.2190 0.2036 0.1683 0.1697 0.0077 0.2175 
         250  1 0.0115 0.0108 0.2511 0.2260 0.1276 0.1744 0.0288 0.1697 
         251  1 0.0223 0.0218 0.1890 0.1700 0.1658 0.2056 0.0057 0.2199 
         252  1 0.0044 0.0291 0.1450 0.1377 0.2093 0.2338 0.0287 0.2120 
         253  1 0.0057 0.0582 0.1839 0.2179 0.1923 0.1698 0.0080 0.1640 
         254  1 0.0109 0.0095 0.1754 0.1982 0.2174 0.1783 0.0068 0.2036 
         255  1 0.0079 0.0462 0.2036 0.2155 0.1764 0.1823 0.0054 0.1628 
         256  1 0.0125 0.0039 0.2424 0.1883 0.1354 0.1654 0.0099 0.2422 
         257  1 0.0109 0.0251 0.2705 0.2610 0.1506 0.1211 0.0171 0.1439 
         258  1 0.0085 0.0046 0.1614 0.1386 0.2197 0.2718 0.0054 0.1901 
         259  1 0.0163 0.0077 0.2080 0.2156 0.2339 0.1579 0.0052 0.1554 
         260  1 0.0174 0.0079 0.2057 0.2063 0.2249 0.1642 0.0178 0.1558 
         261  1 0.0177 0.0097 0.2566 0.2340 0.2024 0.1493 0.0063 0.1240 
         262  1 0.0068 0.0062 0.1312 0.1277 0.2714 0.2361 0.0063 0.2144 
         263  1 0.0050 0.0094 0.1790 0.2069 0.2128 0.1160 0.1368 0.1341 
         264  1 0.0126 0.0146 0.1637 0.2048 0.2616 0.1667 0.0255 0.1506 
         265  1 0.0119 0.0112 0.1643 0.1548 0.3059 0.1761 0.0218 0.1540 
         266  1 0.0204 0.0214 0.1818 0.2034 0.2544 0.1595 0.0081 0.1510 
         267  1 0.0628 0.1028 0.1531 0.1320 0.2284 0.1525 0.0110 0.1573 
         268  1 0.0229 0.2653 0.0999 0.1072 0.1651 0.1398 0.0566 0.1432 
         269  1 0.2149 0.0212 0.1228 0.1293 0.1334 0.1927 0.0123 0.1734 
         270  1 0.0085 0.0190 0.1769 0.1349 0.1764 0.2550 0.0056 0.2238 
         271  1 0.0151 0.0513 0.1759 0.1809 0.2166 0.1468 0.0302 0.1833 
         272  1 0.5139 0.0095 0.0851 0.0728 0.0937 0.1013 0.0170 0.1066 
         273  1 0.0261 0.0046 0.1765 0.1990 0.1870 0.1797 0.0231 0.2040 
         274  1 0.0219 0.0252 0.1739 0.1845 0.2052 0.1741 0.0239 0.1912 
         275  1 0.0190 0.0252 0.2015 0.2197 0.1850 0.1682 0.0076 0.1739 
         276  1 0.0472 0.0094 0.1600 0.1506 0.1536 0.1999 0.1088 0.1705 
         277  1 0.0167 0.0054 0.2722 0.2326 0.1860 0.1456 0.0125 0.1290 
         278  1 0.0097 0.0820 0.1420 0.1452 0.2117 0.1810 0.0783 0.1501 
         279  1 0.0105 0.0201 0.1435 0.1308 0.2185 0.2237 0.0233 0.2295 
         280  1 0.0286 0.0129 0.2508 0.2174 0.1264 0.1981 0.0051 0.1608 
         281  1 0.0055 0.0289 0.1520 0.1732 0.2329 0.2180 0.0038 0.1856 
         282  1 0.0209 0.0109 0.1833 0.1826 0.1864 0.2035 0.0501 0.1624 
         283  1 0.0125 0.0126 0.1538 0.1749 0.1445 0.1267 0.2276 0.1473 
         284  1 0.0129 0.0082 0.1879 0.1706 0.1866 0.2024 0.0378 0.1937 
         285  1 0.0169 0.0516 0.1737 0.1648 0.2363 0.1776 0.0182 0.1609 
         286  1 0.0119 0.0111 0.2963 0.2785 0.1410 0.1159 0.0088 0.1365 
         287  1 0.0129 0.0499 0.2639 0.2646 0.1235 0.1313 0.0100 0.1438 
         288  1 0.0215 0.0200 0.2459 0.2429 0.1574 0.1536 0.0143 0.1444 
         289  1 0.0163 0.0043 0.1973 0.1968 0.2458 0.1639 0.0092 0.1663 
         290  1 0.0141 0.0220 0.1916 0.1817 0.2101 0.1708 0.0079 0.2018 
         291  1 0.0061 0.0206 0.2635 0.3083 0.1369 0.1349 0.0176 0.1120 
         292  1 0.1036 0.0178 0.1430 0.1297 0.1946 0.1690 0.0326 0.2097 
         293  1 0.0119 0.0109 0.1600 0.1223 0.1689 0.2578 0.0076 0.2606 
         294  1 0.0051 0.1661 0.2033 0.1687 0.1281 0.1187 0.0849 0.1253 
         295  1 0.0494 0.0337 0.2246 0.2225 0.1283 0.1581 0.0099 0.1735 
         296  1 0.0278 0.0069 0.1775 0.1569 0.2001 0.2016 0.0383 0.1910 
         297  1 0.0131 0.0090 0.1536 0.1424 0.1760 0.2100 0.0536 0.2422 
         298  1 0.0042 0.0109 0.2081 0.2151 0.1820 0.2075 0.0072 0.1649 
         299  1 0.0084 0.0211 0.1588 0.1851 0.2162 0.1947 0.0283 0.1874 
         300  1 0.0316 0.0110 0.1329 0.1210 0.2088 0.2006 0.0158 0.2783 
         301  1 0.0071 0.1124 0.2254 0.1939 0.1189 0.1789 0.0049 0.1584 
         302  1 0.0056 0.0057 0.3019 0.2976 0.1186 0.1166 0.0097 0.1442 
         303  1 0.0081 0.0072 0.2268 0.1953 0.2008 0.1389 0.0715 0.1515 
         304  1 0.0070 0.0043 0.1663 0.1386 0.2063 0.2520 0.0087 0.2168 
         305  1 0.0078 0.0250 0.1660 0.1715 0.1753 0.2745 0.0065 0.1734 
         306  1 0.0065 0.0077 0.1538 0.1435 0.2051 0.2583 0.0080 0.2171 
         307  1 0.0374 0.0153 0.1704 0.1618 0.1806 0.2142 0.0251 0.1952 
         308  1 0.0077 0.0156 0.1487 0.1355 0.2269 0.2265 0.0069 0.2321 
         309  1 0.0109 0.0075 0.1397 0.1226 0.1768 0.2328 0.0411 0.2685 
         310  1 0.0076 0.0079 0.1595 0.1486 0.1805 0.1965 0.1022 0.1972 
         311  1 0.0078 0.0062 0.1509 0.1167 0.1603 0.2610 0.0173 0.2799 
         312  1 0.0660 0.0775 0.2227 0.2571 0.1190 0.1183 0.0293 0.1101 
         313  1 0.0341 0.0050 0.1661 0.1569 0.2069 0.2322 0.0058 0.1930 
         314  1 0.0867 0.0843 0.1417 0.1536 0.1663 0.1556 0.0479 0.1639 
         315  1 0.0125 0.0096 0.1300 0.1069 0.1651 0.2856 0.0082 0.2821 
         316  1 0.0454 0.0078 0.1659 0.1679 0.1475 0.1778 0.0784 0.2092 
         317  1 0.0140 0.0247 0.2393 0.2259 0.1536 0.1505 0.0267 0.1653 
         318  1 0.0466 0.0053 0.1518 0.1255 0.1966 0.2247 0.0217 0.2280 
         319  1 0.0899 0.0066 0.1686 0.1911 0.1331 0.1340 0.1569 0.1199 
         320  1 0.0107 0.2204 0.1644 0.1500 0.1260 0.1507 0.0478 0.1300 
         321  1 0.0198 0.0103 0.1264 0.1765 0.2313 0.2515 0.0049 0.1792 
         322  1 0.0195 0.0334 0.2007 0.1774 0.1560 0.2061 0.0147 0.1923 
         323  1 0.0107 0.0264 0.2996 0.2426 0.1548 0.1205 0.0113 0.1342 
         324  1 0.0167 0.0072 0.1643 0.1731 0.2193 0.2309 0.0072 0.1812 
         325  1 0.0354 0.0311 0.1549 0.1318 0.1615 0.2543 0.0262 0.2049 
         326  1 0.0059 0.0039 0.1851 0.1822 0.1831 0.2128 0.0065 0.2205 
         327  1 0.0375 0.0101 0.2072 0.1605 0.1951 0.1906 0.0051 0.1940 
         328  1 0.0098 0.0337 0.1898 0.1443 0.1786 0.1965 0.0156 0.2317 
         329  1 0.0106 0.0241 0.1978 0.1764 0.1833 0.1691 0.0157 0.2229 
         330  1 0.2871 0.0203 0.1876 0.2185 0.1115 0.0830 0.0043 0.0878 
         331  1 0.1397 0.0140 0.1342 0.1088 0.1687 0.2553 0.0049 0.1742 
         332  1 0.0058 0.0037 0.1865 0.1739 0.1674 0.1939 0.0084 0.2604 
         333  1 0.0061 0.0084 0.2579 0.2419 0.1750 0.1431 0.0104 0.1571 
         334  1 0.1041 0.0200 0.1206 0.1336 0.2095 0.2129 0.0052 0.1941 
         335  1 0.0167 0.0544 0.1521 0.1731 0.2026 0.2350 0.0074 0.1586 
         336  1 0.9645 0.0052 0.0052 0.0054 0.0051 0.0054 0.0042 0.0051 
         337  1 0.6332 0.0165 0.0616 0.0559 0.0680 0.0581 0.0395 0.0672 
         338  1 0.9618 0.0133 0.0045 0.0044 0.0042 0.0045 0.0030 0.0042 
         339  1 0.9785 0.0027 0.0031 0.0030 0.0031 0.0032 0.0033 0.0032 
         340  1 0.9543 0.0036 0.0062 0.0058 0.0058 0.0062 0.0118 0.0064 
         341  1 0.0108 0.0096 0.1666 0.1682 0.3004 0.1690 0.0065 0.1689 
         342  1 0.9802 0.0026 0.0030 0.0029 0.0027 0.0029 0.0028 0.0029 
         343  1 0.9367 0.0073 0.0085 0.0084 0.0092 0.0095 0.0102 0.0102 
         344  1 0.9587 0.0055 0.0059 0.0063 0.0060 0.0056 0.0062 0.0059 
         345  1 0.9252 0.0047 0.0092 0.0095 0.0102 0.0102 0.0197 0.0112 
         346  1 0.9613 0.0053 0.0051 0.0051 0.0054 0.0054 0.0075 0.0049 
         347  1 0.9418 0.0051 0.0085 0.0076 0.0093 0.0088 0.0102 0.0088 
         348  1 0.8430 0.0484 0.0184 0.0174 0.0200 0.0202 0.0103 0.0222 
         349  1 0.9802 0.0029 0.0028 0.0028 0.0028 0.0028 0.0028 0.0028 
         350  1 0.8104 0.0356 0.0299 0.0272 0.0293 0.0277 0.0043 0.0355 
         351  1 0.9493 0.0041 0.0061 0.0062 0.0057 0.0064 0.0159 0.0063 
         352  1 0.0169 0.0103 0.1731 0.1608 0.1533 0.2637 0.0056 0.2162 
         353  1 0.9653 0.0038 0.0051 0.0051 0.0050 0.0049 0.0055 0.0054 
         354  1 0.9633 0.0041 0.0052 0.0054 0.0053 0.0052 0.0055 0.0059 
         355  1 0.9573 0.0051 0.0058 0.0056 0.0060 0.0060 0.0082 0.0060 
         356  1 0.0169 0.0194 0.1322 0.1679 0.2998 0.1867 0.0081 0.1689 
         357  1 0.0463 0.0140 0.1448 0.1108 0.1286 0.2055 0.1415 0.2085 
         358  1 0.0074 0.0266 0.2368 0.2296 0.1499 0.1767 0.0100 0.1631 
         359  1 0.0170 0.0093 0.1873 0.1843 0.2592 0.1592 0.0218 0.1619 
         360  1 0.0196 0.0295 0.1662 0.1325 0.1414 0.2401 0.0491 0.2215 
         361  1 0.1906 0.0158 0.1235 0.1326 0.1271 0.1333 0.1292 0.1479 
         362  1 0.0094 0.0303 0.2624 0.3023 0.1437 0.1162 0.0051 0.1307 
         363  1 0.0299 0.0058 0.1511 0.1133 0.1653 0.2962 0.0063 0.2320 
         364  1 0.0091 0.0051 0.1426 0.1670 0.2295 0.2146 0.0063 0.2258 
         365  1 0.0586 0.0077 0.1302 0.0928 0.1306 0.2584 0.0067 0.3149 
         366  1 0.0183 0.0074 0.1517 0.1506 0.1979 0.2643 0.0050 0.2047 
         367  1 0.0103 0.0277 0.2076 0.2061 0.1746 0.1604 0.0137 0.1996 
         368  1 0.0115 0.0114 0.2290 0.2545 0.1606 0.1389 0.0111 0.1829 
         369  1 0.0137 0.0102 0.1346 0.1027 0.1565 0.2820 0.0048 0.2956 
         370  1 0.0764 0.0059 0.1877 0.1675 0.1454 0.1762 0.0462 0.1947 
         371  1 0.0089 0.0089 0.1799 0.1663 0.1584 0.1856 0.0428 0.2492 
         372  1 0.0830 0.0075 0.1254 0.1067 0.1493 0.2256 0.0370 0.2655 
         373  1 0.0120 0.0113 0.2084 0.2108 0.1839 0.1871 0.0155 0.1709 
         374  1 0.0132 0.1118 0.1634 0.1570 0.1730 0.1602 0.0444 0.1770 
         375  1 0.0143 0.0040 0.1291 0.1215 0.2506 0.2297 0.0215 0.2292 
         376  1 0.0182 0.0104 0.1497 0.1603 0.2213 0.2426 0.0127 0.1848 
         377  1 0.0088 0.0126 0.1696 0.1703 0.2089 0.2048 0.0094 0.2156 
         378  1 0.0801 0.0213 0.2047 0.1823 0.1214 0.1729 0.0090 0.2083 
         379  1 0.0162 0.0072 0.1515 0.1503 0.2110 0.2458 0.0110 0.2068 
         380  1 0.0093 0.0067 0.2018 0.1848 0.2262 0.1566 0.0157 0.1988 
         381  1 0.0125 0.0150 0.1440 0.1207 0.2080 0.2569 0.0106 0.2322 
         382  1 0.0155 0.0067 0.1563 0.1865 0.2775 0.1742 0.0256 0.1577 
         383  1 0.0053 0.0476 0.1650 0.1443 0.2164 0.2269 0.0138 0.1807 
         384  1 0.0216 0.0101 0.1760 0.1395 0.1982 0.2327 0.0115 0.2105 
         385  1 0.0149 0.0030 0.1677 0.1945 0.2586 0.1917 0.0044 0.1651 
         386  1 0.0081 0.0265 0.1811 0.1773 0.1520 0.2246 0.0093 0.2211 
         387  1 0.0385 0.0049 0.1857 0.1966 0.1909 0.2247 0.0078 0.1509 
         388  1 0.0291 0.0159 0.2128 0.2235 0.1596 0.1739 0.0122 0.1731 
         389  1 0.0509 0.0204 0.1612 0.1746 0.2402 0.1627 0.0065 0.1834 
         390  1 0.0326 0.0281 0.1815 0.1494 0.1416 0.2845 0.0037 0.1786 
         391  1 0.0062 0.0079 0.1851 0.1522 0.2027 0.2259 0.0063 0.2137 
         392  1 0.0053 0.0039 0.3277 0.3293 0.0942 0.0986 0.0149 0.1261 
         393  1 0.0095 0.0251 0.1470 0.1448 0.2008 0.2676 0.0068 0.1982 
         394  1 0.0071 0.0061 0.2533 0.2941 0.1393 0.1169 0.0065 0.1767 
         395  1 0.0046 0.0069 0.3263 0.3675 0.1166 0.0762 0.0055 0.0965 
         396  1 0.0083 0.0085 0.1437 0.1436 0.2376 0.1821 0.0054 0.2708 
         397  1 0.0138 0.0086 0.2704 0.2582 0.1647 0.1273 0.0068 0.1501 
         398  1 0.0825 0.4011 0.1086 0.1056 0.0796 0.0952 0.0215 0.1058 
         399  1 0.0149 0.0128 0.1487 0.1465 0.2627 0.2107 0.0107 0.1932 
         400  1 0.0093 0.0192 0.1595 0.1886 0.1843 0.2187 0.0318 0.1885 
         401  1 0.0077 0.0153 0.3034 0.3090 0.1137 0.1259 0.0079 0.1171 
         402  1 0.0042 0.0060 0.2292 0.2579 0.1651 0.1392 0.0161 0.1822 
         403  1 0.0078 0.0124 0.1469 0.1221 0.1970 0.2610 0.0066 0.2463 
         404  1 0.0476 0.0056 0.2190 0.1949 0.1833 0.1408 0.0202 0.1884 
         405  1 0.0209 0.0387 0.1872 0.1291 0.1349 0.2840 0.0092 0.1961 
         406  1 0.0193 0.0077 0.1644 0.1855 0.2089 0.1768 0.0434 0.1941 
         407  1 0.0141 0.0081 0.1810 0.1889 0.2009 0.1958 0.0118 0.1995 
         408  1 0.0083 0.0104 0.2775 0.2978 0.1455 0.1224 0.0077 0.1304 
         409  1 0.0117 0.0102 0.1595 0.1859 0.2116 0.1932 0.0194 0.2086 
         410  1 0.0060 0.0134 0.1696 0.1401 0.2262 0.2076 0.0090 0.2282 
         411  1 0.0247 0.0068 0.1687 0.1627 0.1924 0.2063 0.0286 0.2099 
         412  1 0.0049 0.0082 0.1652 0.1474 0.2465 0.1850 0.0139 0.2290 
         413  1 0.0037 0.0103 0.1938 0.1894 0.1500 0.2137 0.0054 0.2337 
         414  1 0.0195 0.0072 0.2067 0.2335 0.1534 0.2080 0.0176 0.1541 
         415  1 0.0109 0.0386 0.1491 0.1873 0.2178 0.1979 0.0068 0.1916 
         416  1 0.0092 0.0078 0.2169 0.2555 0.1864 0.1659 0.0097 0.1486 
         417  1 0.0135 0.0261 0.1611 0.1657 0.1637 0.1874 0.0116 0.2709 
         418  1 0.0400 0.0231 0.1222 0.1591 0.2123 0.2051 0.0053 0.2329 
         419  1 0.0087 0.0368 0.1701 0.1938 0.1715 0.1781 0.0111 0.2298 
         420  1 0.0050 0.1826 0.1817 0.1968 0.1460 0.1291 0.0076 0.1511 
         421  1 0.0131 0.0492 0.1371 0.1866 0.2205 0.1992 0.0087 0.1855 
         422  1 0.0168 0.0622 0.1392 0.1342 0.1591 0.1946 0.1128 0.1811 
         423  1 0.0120 0.0041 0.2075 0.2122 0.1805 0.1801 0.0146 0.1890 
         424  1 0.0095 0.0100 0.2211 0.1877 0.1541 0.1871 0.0163 0.2142 
         425  1 0.0077 0.0056 0.1666 0.1213 0.1880 0.2876 0.0064 0.2168 
         426  1 0.0197 0.0077 0.1669 0.1385 0.1903 0.2203 0.0317 0.2248 
         427  1 0.0042 0.0086 0.2803 0.2215 0.1478 0.1682 0.0047 0.1647 
         428  1 0.0079 0.0091 0.2689 0.2313 0.1320 0.1575 0.0060 0.1873 
         429  1 0.0048 0.0041 0.1632 0.1982 0.2585 0.2048 0.0143 0.1520 
         430  1 0.0489 0.0143 0.1393 0.1193 0.1366 0.1013 0.3314 0.1090 
         431  1 0.0072 0.0076 0.2431 0.2698 0.2111 0.1434 0.0068 0.1110 
         432  1 0.0580 0.0067 0.1929 0.2032 0.1921 0.1636 0.0094 0.1741 
         433  1 0.0195 0.0063 0.1493 0.1138 0.2178 0.2339 0.0250 0.2344 
         434  1 0.0334 0.0131 0.1561 0.1990 0.2380 0.1743 0.0074 0.1787 
         435  1 0.0046 0.0149 0.1665 0.1680 0.1805 0.1822 0.0093 0.2740 
         436  1 0.0043 0.0654 0.1753 0.1814 0.1773 0.1481 0.0090 0.2392 
         437  1 0.0105 0.0648 0.1373 0.1212 0.1704 0.1421 0.2122 0.1415 
         438  1 0.0046 0.0049 0.1250 0.1494 0.2772 0.2013 0.0363 0.2013 
         439  1 0.0383 0.0097 0.1526 0.1535 0.1443 0.2211 0.0166 0.2640 
         440  1 0.0230 0.0281 0.1664 0.1353 0.1975 0.2139 0.0048 0.2310 
         441  1 0.0055 0.0187 0.1842 0.2184 0.1966 0.1631 0.0492 0.1643 
         442  1 0.0072 0.0282 0.1493 0.1327 0.1594 0.1718 0.2093 0.1420 
         443  1 0.0819 0.0094 0.1272 0.1383 0.2434 0.2133 0.0189 0.1675 
         444  1 0.0158 0.0167 0.1656 0.1707 0.1885 0.2170 0.0145 0.2113 
         445  1 0.0146 0.0064 0.1463 0.1276 0.1898 0.2189 0.0088 0.2876 
         446  1 0.0136 0.0121 0.1923 0.2042 0.1254 0.2082 0.0109 0.2333 
         447  1 0.0209 0.0215 0.1740 0.1449 0.1866 0.2378 0.0080 0.2063 
         448  1 0.0167 0.0862 0.1478 0.1071 0.1239 0.2467 0.0561 0.2156 
         449  1 0.0118 0.0259 0.3091 0.3435 0.0970 0.0998 0.0087 0.1041 
         450  1 0.5025 0.0554 0.0707 0.0729 0.0799 0.0794 0.0645 0.0747 
         451  1 0.0332 0.0631 0.1700 0.1653 0.1719 0.2027 0.0047 0.1891 
         452  1 0.0134 0.0087 0.1201 0.1502 0.2335 0.1661 0.0157 0.2923 
         453  1 0.0073 0.0381 0.1984 0.2077 0.1649 0.1921 0.0104 0.1811 
         454  1 0.0085 0.0160 0.1457 0.1834 0.1959 0.2271 0.0539 0.1695 
         455  1 0.0054 0.0043 0.1982 0.1976 0.2363 0.1765 0.0088 0.1729 
         456  1 0.0520 0.0087 0.1638 0.1804 0.2182 0.1990 0.0127 0.1652 
         457  1 0.0061 0.0099 0.1841 0.1994 0.2189 0.2101 0.0052 0.1663 
         458  1 0.1190 0.0114 0.1788 0.1653 0.1840 0.1720 0.0139 0.1555 
         459  1 0.0220 0.0144 0.1542 0.1494 0.1895 0.2174 0.0383 0.2148 
         460  1 0.0058 0.0169 0.3055 0.3010 0.1091 0.1000 0.0504 0.1114 
         461  1 0.0285 0.0506 0.1945 0.2168 0.1548 0.1326 0.0334 0.1889 
         462  1 0.0055 0.0082 0.3103 0.2807 0.1315 0.1304 0.0073 0.1260 
         463  1 0.0205 0.0197 0.1414 0.1195 0.1855 0.2493 0.0298 0.2344 
         464  1 0.0067 0.0390 0.2568 0.2970 0.1169 0.1343 0.0113 0.1380 
         465  1 0.0208 0.0132 0.1323 0.1469 0.1966 0.1992 0.0595 0.2316 
         466  1 0.1317 0.0423 0.1451 0.1473 0.1185 0.1321 0.1515 0.1315 
         467  1 0.0081 0.0149 0.2414 0.2667 0.1721 0.1419 0.0144 0.1405 
         468  1 0.0239 0.0081 0.1652 0.1335 0.1744 0.2249 0.0069 0.2631 
         469  1 0.0047 0.0073 0.1499 0.1626 0.1632 0.2389 0.0067 0.2667 
         470  1 0.0079 0.0100 0.2356 0.2301 0.1525 0.1481 0.0501 0.1657 
         471  1 0.0064 0.0057 0.2438 0.2198 0.1763 0.1601 0.0053 0.1825 
         472  1 0.0050 0.0171 0.2270 0.2482 0.1713 0.1689 0.0330 0.1296 
         473  1 0.0427 0.0095 0.1702 0.1857 0.2293 0.1745 0.0146 0.1735 
         474  1 0.0133 0.0043 0.2122 0.2124 0.1892 0.1691 0.0063 0.1931 
         475  1 0.0057 0.0066 0.2855 0.2707 0.1747 0.1213 0.0044 0.1312 
         476  1 0.0064 0.0117 0.1789 0.2176 0.2194 0.1506 0.0052 0.2102 
         477  1 0.0244 0.0082 0.1730 0.1786 0.1945 0.1657 0.0460 0.2096 
         478  1 0.0340 0.0096 0.1788 0.1914 0.1813 0.1587 0.0740 0.1723 
         479  1 0.0130 0.1087 0.2457 0.2886 0.0921 0.1281 0.0065 0.1174 
         480  1 0.0050 0.0164 0.2236 0.1963 0.1738 0.1979 0.0078 0.1791 
         481  1 0.0199 0.0146 0.1796 0.1851 0.2283 0.1810 0.0107 0.1808 
         482  1 0.0186 0.0086 0.1699 0.1301 0.1634 0.2766 0.0049 0.2277 
         483  1 0.0054 0.0084 0.1538 0.1820 0.2139 0.2408 0.0149 0.1809 
         484  1 0.0963 0.0908 0.2026 0.1927 0.1337 0.1401 0.0059 0.1379 
         485  1 0.2858 0.0364 0.0370 0.0340 0.0503 0.0473 0.4580 0.0512 
         486  1 0.0230 0.0330 0.1527 0.1364 0.1646 0.2479 0.0074 0.2350 
         487  1 0.0157 0.0067 0.1995 0.1646 0.1441 0.2070 0.0081 0.2543 
         488  1 0.0175 0.0466 0.1665 0.1265 0.1493 0.1991 0.0192 0.2754 
         489  1 0.0070 0.0301 0.1857 0.1706 0.2098 0.1868 0.0076 0.2024 
         490  1 0.1545 0.0176 0.1294 0.1254 0.1564 0.1896 0.0133 0.2137 
         491  1 0.0204 0.0083 0.2316 0.2186 0.1736 0.1664 0.0066 0.1745 
         492  1 0.0085 0.0074 0.2023 0.1642 0.2116 0.2039 0.0134 0.1887 
         493  1 0.0071 0.0085 0.1696 0.1336 0.1734 0.2400 0.0035 0.2643 
         494  1 0.0096 0.0062 0.1571 0.1445 0.2109 0.2174 0.0078 0.2464 
         495  1 0.0077 0.0154 0.1856 0.1735 0.2091 0.1638 0.0200 0.2251 
         496  1 0.0079 0.0133 0.1377 0.1407 0.2100 0.2198 0.0882 0.1823 
         497  1 0.0592 0.0087 0.2122 0.2350 0.1186 0.1829 0.0087 0.1746 
         498  1 0.0162 0.0116 0.1495 0.1664 0.2419 0.1864 0.0110 0.2169 
         499  1 0.0056 0.0096 0.2152 0.3205 0.1835 0.1387 0.0053 0.1217 
         500  1 0.0122 0.0061 0.2546 0.2185 0.1832 0.1577 0.0088 0.1589 
         501  1 0.0232 0.0062 0.1744 0.1902 0.1889 0.2010 0.0106 0.2055 
         502  1 0.0065 0.0967 0.2041 0.2274 0.1641 0.1228 0.0457 0.1326 
         503  1 0.0100 0.0038 0.2785 0.2631 0.1488 0.1318 0.0065 0.1576 
         504  1 0.0278 0.0175 0.1794 0.1815 0.1834 0.1855 0.0075 0.2175 
         505  1 0.0107 0.0055 0.1364 0.1096 0.1867 0.2229 0.0682 0.2601 
         506  1 0.0118 0.0474 0.2104 0.2048 0.1802 0.1636 0.0221 0.1596 
         507  1 0.0352 0.0316 0.1197 0.1272 0.1851 0.1844 0.0948 0.2220 
         508  1 0.0079 0.0064 0.2678 0.2429 0.1836 0.1363 0.0092 0.1459 
         509  1 0.0052 0.0065 0.1867 0.1927 0.2551 0.1843 0.0040 0.1655 
         510  1 0.0413 0.0439 0.2224 0.2474 0.1616 0.1361 0.0059 0.1413 
         511  1 0.0110 0.0304 0.1755 0.1787 0.2081 0.2109 0.0091 0.1764 
         512  1 0.0100 0.0070 0.1484 0.1139 0.1830 0.2328 0.0093 0.2957 
         513  1 0.0059 0.0081 0.2070 0.1888 0.1770 0.2153 0.0119 0.1860 
         514  1 0.0131 0.0079 0.1925 0.1796 0.1471 0.2110 0.0166 0.2322 
         515  1 0.0373 0.0104 0.2151 0.2516 0.1846 0.1347 0.0056 0.1607 
         516  1 0.0386 0.0054 0.3295 0.3091 0.0974 0.0896 0.0227 0.1076 
         517  1 0.0278 0.0036 0.2639 0.2711 0.1098 0.1513 0.0280 0.1445 
         518  1 0.0882 0.0113 0.1420 0.1446 0.1669 0.1497 0.1380 0.1592 
         519  1 0.0229 0.1375 0.1285 0.1484 0.1658 0.1841 0.0361 0.1767 
         520  1 0.0055 0.0111 0.1514 0.1806 0.2084 0.2455 0.0119 0.1856 
         521  1 0.0196 0.0318 0.2773 0.2593 0.1127 0.1344 0.0066 0.1584 
         522  1 0.0163 0.5052 0.0791 0.0965 0.0945 0.0935 0.0089 0.1059 
         523  1 0.0301 0.0089 0.2026 0.1917 0.2021 0.1973 0.0172 0.1502 
         524  1 0.0113 0.0053 0.1973 0.1775 0.2206 0.1985 0.0046 0.1848 
         525  1 0.0070 0.0050 0.2366 0.1914 0.1816 0.1932 0.0096 0.1756 
         526  1 0.0220 0.0125 0.1927 0.1430 0.1344 0.2200 0.0157 0.2598 
         527  1 0.0052 0.0194 0.1928 0.2102 0.2122 0.1766 0.0064 0.1772 
         528  1 0.0048 0.0039 0.2760 0.2738 0.1209 0.1436 0.0082 0.1688 
         529  1 0.0057 0.2963 0.2035 0.2326 0.0853 0.0772 0.0123 0.0872 
         530  1 0.0119 0.0185 0.1171 0.1010 0.1819 0.2133 0.0422 0.3140 
         531  1 0.0122 0.0286 0.2337 0.1965 0.1542 0.1891 0.0073 0.1783 
         532  1 0.0926 0.1227 0.1567 0.1592 0.1566 0.1427 0.0124 0.1571 
         533  1 0.0303 0.0146 0.2023 0.2182 0.1841 0.1794 0.0105 0.1606 
         534  1 0.1179 0.0099 0.2049 0.1956 0.1478 0.1297 0.0522 0.1421 
         535  1 0.0092 0.0081 0.1778 0.1582 0.1720 0.2186 0.0147 0.2413 
         536  1 0.0094 0.0231 0.1597 0.1713 0.2266 0.1753 0.0104 0.2242 
         537  1 0.1206 0.0275 0.1512 0.1535 0.1821 0.1753 0.0353 0.1545 
         538  1 0.0453 0.0053 0.1672 0.1708 0.2183 0.1961 0.0039 0.1929 
         539  1 0.0688 0.0054 0.1879 0.1671 0.1780 0.1897 0.0129 0.1902 
         540  1 0.0075 0.0129 0.1635 0.1249 0.1790 0.2371 0.0083 0.2668 
         541  1 0.0077 0.0887 0.2299 0.2457 0.1354 0.1655 0.0097 0.1175 
         542  1 0.0195 0.0544 0.1911 0.1423 0.1506 0.2239 0.0092 0.2091 
         543  1 0.0080 0.0096 0.1538 0.1519 0.2005 0.2420 0.0036 0.2307 
         544  1 0.0953 0.0496 0.1596 0.1360 0.1515 0.1842 0.0406 0.1832 
         545  1 0.1857 0.0255 0.1151 0.1179 0.1471 0.1883 0.0299 0.1907 
         546  1 0.0108 0.0095 0.1564 0.1694 0.1790 0.2164 0.0150 0.2436 
         547  1 0.0065 0.0163 0.1995 0.1749 0.1947 0.1815 0.0071 0.2195 
