           1  1 0.0236 0.1653 0.1235 0.1460 0.1908 0.1669 0.0065 0.1114 0.0659 
           2  1 0.0078 0.1243 0.1665 0.1895 0.1783 0.1348 0.0049 0.1907 0.0033 
           3  1 0.0501 0.1489 0.1448 0.1505 0.1331 0.1208 0.0081 0.2177 0.0260 
           4  1 0.0087 0.1695 0.1659 0.1403 0.1983 0.2315 0.0056 0.0722 0.0081 
           5  1 0.0057 0.0950 0.2421 0.1900 0.1443 0.1796 0.0407 0.0662 0.0364 
           6  1 0.0075 0.1117 0.1566 0.1943 0.1808 0.1909 0.0206 0.0684 0.0692 
           7  1 0.0052 0.1269 0.2142 0.1706 0.1571 0.1636 0.0067 0.1524 0.0033 
           8  1 0.0753 0.1132 0.2243 0.2027 0.1306 0.1583 0.0041 0.0818 0.0097 
           9  1 0.0079 0.1523 0.1380 0.1352 0.1799 0.1683 0.0082 0.1635 0.0468 
          10  1 0.0504 0.1434 0.1413 0.1349 0.1562 0.1270 0.0581 0.1787 0.0102 
          11  1 0.0060 0.1469 0.1662 0.1651 0.1703 0.1746 0.0091 0.1250 0.0368 
          12  1 0.0083 0.1680 0.1941 0.1961 0.1386 0.1841 0.0037 0.1037 0.0034 
          13  1 0.0133 0.1501 0.1450 0.1737 0.1563 0.1172 0.0064 0.2332 0.0048 
          14  1 0.0058 0.1704 0.1494 0.1890 0.1578 0.1596 0.0085 0.1378 0.0218 
          15  1 0.0382 0.1670 0.1177 0.1085 0.1546 0.1484 0.0105 0.1195 0.1356 
          16  1 0.0054 0.1394 0.1731 0.1790 0.1975 0.1824 0.0066 0.0948 0.0218 
          17  1 0.0143 0.1138 0.1792 0.1755 0.2017 0.1761 0.0169 0.0916 0.0308 
          18  1 0.0143 0.1597 0.1336 0.1552 0.2157 0.1724 0.0086 0.1202 0.0203 
          19  1 0.0684 0.1419 0.1362 0.1535 0.1571 0.1368 0.0101 0.1332 0.0629 
          20  1 0.0247 0.0847 0.1555 0.1630 0.1341 0.1477 0.2400 0.0454 0.0050 
          21  1 0.0156 0.1401 0.1302 0.1429 0.1246 0.1200 0.0367 0.2644 0.0256 
          22  1 0.0045 0.2373 0.1415 0.1132 0.1316 0.1063 0.0054 0.2063 0.0538 
          23  1 0.0189 0.0919 0.2544 0.1776 0.1493 0.1834 0.0118 0.0865 0.0263 
          24  1 0.0222 0.1292 0.1633 0.1635 0.1853 0.1842 0.0526 0.0807 0.0188 
          25  1 0.0320 0.1918 0.1590 0.1111 0.1655 0.1950 0.0242 0.1044 0.0170 
          26  1 0.0084 0.1692 0.1414 0.1208 0.1601 0.1588 0.0043 0.2231 0.0137 
          27  1 0.0080 0.1481 0.1550 0.1654 0.1750 0.1771 0.0074 0.1468 0.0171 
          28  1 0.0311 0.1320 0.1348 0.1139 0.2017 0.1570 0.1252 0.0690 0.0354 
          29  1 0.0101 0.1600 0.1364 0.1753 0.1423 0.1356 0.0331 0.2024 0.0048 
          30  1 0.0038 0.1895 0.1266 0.1256 0.1431 0.1384 0.0037 0.2627 0.0066 
          31  1 0.0059 0.1449 0.1287 0.1501 0.1544 0.1091 0.0071 0.2616 0.0382 
          32  1 0.0051 0.1192 0.2580 0.1843 0.1609 0.1892 0.0048 0.0688 0.0096 
          33  1 0.0067 0.0803 0.1772 0.2296 0.1720 0.2458 0.0048 0.0220 0.0616 
          34  1 0.0335 0.1585 0.1596 0.1215 0.1842 0.1838 0.0161 0.1316 0.0111 
          35  1 0.0078 0.1568 0.1783 0.1869 0.1565 0.1554 0.0087 0.1251 0.0245 
          36  1 0.0053 0.1086 0.1756 0.2312 0.2154 0.2017 0.0056 0.0485 0.0081 
          37  1 0.0105 0.1648 0.1274 0.1438 0.1312 0.1202 0.0716 0.2044 0.0262 
          38  1 0.0122 0.1194 0.1995 0.1644 0.1407 0.1572 0.0073 0.0894 0.1100 
          39  1 0.0109 0.0179 0.0176 0.0172 0.0189 0.0170 0.0089 0.0218 0.8699 
          40  1 0.0047 0.1578 0.1572 0.1615 0.1339 0.1460 0.0145 0.1784 0.0460 
          41  1 0.0198 0.1176 0.1800 0.1839 0.1922 0.1937 0.0104 0.0895 0.0129 
          42  1 0.0130 0.1584 0.1970 0.2132 0.1319 0.1550 0.0111 0.0845 0.0359 
          43  1 0.0553 0.1163 0.1633 0.1784 0.1720 0.1710 0.0093 0.1140 0.0204 
          44  1 0.0064 0.1525 0.1727 0.1410 0.1857 0.2056 0.0401 0.0871 0.0090 
          45  1 0.0210 0.1370 0.1514 0.1551 0.1270 0.1470 0.0040 0.2539 0.0036 
          46  1 0.0087 0.1564 0.1582 0.1561 0.1701 0.1814 0.0091 0.1520 0.0080 
          47  1 0.0088 0.1638 0.1465 0.1611 0.1832 0.2286 0.0302 0.0537 0.0241 
          48  1 0.0097 0.1353 0.1974 0.1836 0.1860 0.1859 0.0291 0.0616 0.0113 
          49  1 0.0652 0.1648 0.1090 0.1118 0.1033 0.1038 0.0153 0.3028 0.0240 
          50  1 0.0142 0.1681 0.1759 0.1626 0.1563 0.1565 0.0060 0.1538 0.0065 
          51  1 0.0154 0.1389 0.2044 0.1924 0.1336 0.1522 0.0048 0.1529 0.0053 
          52  1 0.0033 0.1207 0.1981 0.1973 0.1939 0.2037 0.0049 0.0603 0.0180 
          53  1 0.0391 0.1145 0.1950 0.1753 0.1844 0.1749 0.0061 0.1061 0.0046 
          54  1 0.0075 0.1325 0.1406 0.1607 0.1415 0.1456 0.0894 0.1513 0.0309 
          55  1 0.1935 0.1288 0.1458 0.1498 0.1202 0.1207 0.0112 0.1245 0.0056 
          56  1 0.0062 0.1599 0.1745 0.1564 0.1784 0.1735 0.0164 0.0991 0.0355 
          57  1 0.0131 0.1385 0.1630 0.1606 0.1706 0.1297 0.0060 0.2104 0.0082 
          58  1 0.0074 0.2182 0.1186 0.1181 0.1348 0.1005 0.0239 0.2712 0.0074 
          59  1 0.0046 0.1305 0.2035 0.1738 0.1939 0.2065 0.0053 0.0734 0.0085 
          60  1 0.0175 0.1933 0.1473 0.1503 0.1520 0.1210 0.0126 0.1946 0.0115 
          61  1 0.0115 0.1410 0.1258 0.1400 0.1237 0.1131 0.1859 0.1193 0.0398 
          62  1 0.0161 0.1426 0.1961 0.1681 0.1679 0.1804 0.0065 0.1172 0.0051 
          63  1 0.0297 0.1393 0.1613 0.1914 0.1457 0.1624 0.0126 0.1307 0.0270 
          64  1 0.0103 0.1546 0.1391 0.1391 0.2606 0.2178 0.0058 0.0657 0.0071 
          65  1 0.0068 0.1378 0.1841 0.1962 0.1731 0.2009 0.0080 0.0786 0.0145 
          66  1 0.0113 0.1431 0.1947 0.2097 0.1466 0.1506 0.0096 0.1277 0.0067 
          67  1 0.0167 0.1034 0.1857 0.1931 0.1579 0.2219 0.0456 0.0574 0.0183 
          68  1 0.0228 0.0986 0.1154 0.1173 0.1091 0.1185 0.0248 0.0924 0.3010 
          69  1 0.0082 0.0924 0.1492 0.1585 0.1584 0.1504 0.1058 0.0584 0.1187 
          70  1 0.0069 0.1823 0.1050 0.0918 0.0945 0.0867 0.0162 0.3993 0.0174 
          71  1 0.0067 0.1177 0.1717 0.2050 0.1785 0.1976 0.0248 0.0807 0.0174 
          72  1 0.0123 0.1341 0.2099 0.1894 0.1712 0.1916 0.0129 0.0738 0.0046 
          73  1 0.0377 0.1974 0.1971 0.1387 0.1304 0.1795 0.0080 0.0910 0.0203 
          74  1 0.0079 0.1648 0.1702 0.1480 0.1957 0.1890 0.0074 0.1004 0.0168 
          75  1 0.0285 0.1457 0.1777 0.2233 0.1655 0.1561 0.0065 0.0890 0.0079 
          76  1 0.0073 0.1070 0.1914 0.2185 0.1741 0.1854 0.0068 0.0823 0.0271 
          77  1 0.9502 0.0059 0.0058 0.0058 0.0055 0.0054 0.0075 0.0063 0.0076 
          78  1 0.8750 0.0179 0.0159 0.0170 0.0179 0.0155 0.0099 0.0180 0.0130 
          79  1 0.9418 0.0075 0.0072 0.0073 0.0071 0.0070 0.0110 0.0067 0.0043 
          80  1 0.9649 0.0048 0.0047 0.0049 0.0052 0.0051 0.0031 0.0046 0.0026 
          81  1 0.9484 0.0068 0.0074 0.0075 0.0072 0.0075 0.0040 0.0074 0.0039 
          82  1 0.9355 0.0079 0.0078 0.0087 0.0082 0.0085 0.0066 0.0081 0.0087 
          83  1 0.8520 0.0193 0.0170 0.0181 0.0169 0.0164 0.0225 0.0240 0.0138 
          84  1 0.9276 0.0097 0.0090 0.0106 0.0101 0.0094 0.0051 0.0082 0.0103 
          85  1 0.9110 0.0122 0.0119 0.0113 0.0114 0.0111 0.0085 0.0142 0.0084 
          86  1 0.7820 0.0326 0.0327 0.0374 0.0345 0.0325 0.0084 0.0250 0.0149 
          87  1 0.9570 0.0056 0.0060 0.0058 0.0059 0.0053 0.0036 0.0057 0.0051 
          88  1 0.9434 0.0053 0.0055 0.0058 0.0059 0.0061 0.0084 0.0050 0.0147 
          89  1 0.9449 0.0071 0.0067 0.0071 0.0062 0.0064 0.0065 0.0074 0.0076 
          90  1 0.4804 0.0752 0.0886 0.0990 0.0768 0.0949 0.0145 0.0548 0.0158 
          91  1 0.9420 0.0066 0.0061 0.0065 0.0068 0.0057 0.0068 0.0064 0.0132 
          92  1 0.9425 0.0071 0.0067 0.0065 0.0074 0.0068 0.0097 0.0071 0.0060 
          93  1 0.9520 0.0068 0.0063 0.0062 0.0066 0.0065 0.0049 0.0065 0.0042 
          94  1 0.9627 0.0047 0.0046 0.0048 0.0046 0.0045 0.0057 0.0046 0.0038 
          95  1 0.8985 0.0124 0.0133 0.0118 0.0113 0.0113 0.0100 0.0125 0.0190 
          96  1 0.9544 0.0058 0.0052 0.0055 0.0056 0.0058 0.0052 0.0059 0.0066 
          97  1 0.6698 0.0399 0.0445 0.0384 0.0455 0.0489 0.0783 0.0271 0.0076 
          98  1 0.2492 0.1333 0.1162 0.1033 0.1342 0.1302 0.0172 0.1002 0.0163 
          99  1 0.9386 0.0060 0.0062 0.0062 0.0060 0.0068 0.0035 0.0057 0.0209 
         100  1 0.7855 0.0296 0.0362 0.0343 0.0313 0.0398 0.0086 0.0254 0.0092 
         101  1 0.9271 0.0094 0.0096 0.0089 0.0096 0.0091 0.0047 0.0082 0.0134 
         102  1 0.6874 0.0338 0.0311 0.0388 0.0371 0.0360 0.0748 0.0336 0.0273 
         103  1 0.0078 0.1649 0.1502 0.1425 0.1727 0.1734 0.0075 0.1279 0.0531 
         104  1 0.0055 0.2240 0.1488 0.1682 0.1366 0.1504 0.0046 0.1570 0.0049 
         105  1 0.0060 0.1372 0.1691 0.1940 0.1691 0.1845 0.0203 0.1090 0.0108 
         106  1 0.0191 0.1691 0.1570 0.1495 0.1308 0.1515 0.0096 0.2070 0.0065 
         107  1 0.0146 0.1553 0.1523 0.1297 0.2311 0.2127 0.0079 0.0877 0.0088 
         108  1 0.0130 0.1671 0.1161 0.0987 0.1005 0.0853 0.0168 0.3696 0.0327 
         109  1 0.0154 0.1474 0.1670 0.1823 0.1578 0.1907 0.0364 0.0843 0.0186 
         110  1 0.0051 0.1239 0.2157 0.1979 0.1448 0.1813 0.0160 0.0987 0.0166 
         111  1 0.0059 0.1554 0.1769 0.1539 0.1902 0.1702 0.0061 0.1216 0.0198 
         112  1 0.0128 0.1517 0.1561 0.1955 0.1783 0.1374 0.0049 0.1206 0.0427 
         113  1 0.0308 0.1388 0.1692 0.2167 0.1528 0.1699 0.0076 0.1012 0.0131 
         114  1 0.0118 0.1381 0.2021 0.1988 0.1552 0.1589 0.0077 0.1233 0.0040 
         115  1 0.0062 0.1451 0.1523 0.1515 0.1565 0.1445 0.0506 0.1459 0.0473 
         116  1 0.0083 0.1678 0.1544 0.1396 0.2350 0.2321 0.0041 0.0534 0.0054 
         117  1 0.0046 0.2093 0.0771 0.0760 0.0770 0.0617 0.0063 0.4822 0.0057 
         118  1 0.0090 0.1930 0.1477 0.1511 0.1211 0.1099 0.0069 0.2428 0.0184 
         119  1 0.0093 0.1440 0.1611 0.1844 0.1310 0.1334 0.0046 0.2200 0.0120 
         120  1 0.0249 0.1904 0.1136 0.1018 0.1145 0.1168 0.0044 0.3257 0.0078 
         121  1 0.0179 0.1554 0.1247 0.1051 0.0933 0.1137 0.0118 0.3160 0.0621 
         122  1 0.0106 0.1804 0.1579 0.1272 0.1988 0.2110 0.0118 0.0879 0.0145 
         123  1 0.0101 0.1925 0.1599 0.1429 0.1312 0.1555 0.0106 0.1674 0.0299 
         124  1 0.0307 0.1323 0.1845 0.1554 0.1489 0.1776 0.0079 0.1092 0.0535 
         125  1 0.0050 0.1494 0.1942 0.1640 0.1867 0.1725 0.0096 0.1125 0.0060 
         126  1 0.0501 0.1651 0.1439 0.1804 0.1423 0.1261 0.0159 0.1709 0.0054 
         127  1 0.0109 0.1873 0.1794 0.1860 0.1307 0.1391 0.0109 0.1414 0.0141 
         128  1 0.4415 0.0974 0.0832 0.0950 0.0881 0.1084 0.0050 0.0763 0.0050 
         129  1 0.0490 0.1579 0.1608 0.1430 0.1391 0.1518 0.0125 0.1748 0.0110 
         130  1 0.0057 0.1514 0.1716 0.1762 0.1072 0.1376 0.0118 0.1499 0.0887 
         131  1 0.0483 0.1722 0.1283 0.1486 0.1241 0.1249 0.0057 0.2376 0.0102 
         132  1 0.0060 0.1063 0.2117 0.2011 0.1656 0.1758 0.0034 0.1201 0.0099 
         133  1 0.0590 0.1615 0.1132 0.0894 0.1012 0.1101 0.0048 0.3555 0.0053 
         134  1 0.0248 0.1271 0.2283 0.2087 0.1412 0.1864 0.0066 0.0707 0.0061 
         135  1 0.1128 0.1503 0.1412 0.1313 0.1194 0.1100 0.0516 0.1744 0.0089 
         136  1 0.0531 0.1657 0.1307 0.1187 0.0831 0.1170 0.0087 0.3092 0.0138 
         137  1 0.0060 0.1640 0.1552 0.1072 0.2665 0.2236 0.0107 0.0543 0.0125 
         138  1 0.0119 0.1364 0.2054 0.1797 0.1399 0.1846 0.0074 0.1307 0.0040 
         139  1 0.0178 0.1343 0.1677 0.1724 0.1688 0.1708 0.0057 0.0964 0.0660 
         140  1 0.0282 0.1428 0.1360 0.1659 0.1392 0.1355 0.0562 0.1471 0.0491 
         141  1 0.0058 0.1229 0.1835 0.1869 0.1974 0.1859 0.0066 0.0936 0.0175 
         142  1 0.0053 0.1711 0.1230 0.1386 0.1279 0.1280 0.0089 0.2850 0.0122 
         143  1 0.0207 0.1658 0.1230 0.1790 0.1984 0.1564 0.0051 0.1405 0.0111 
         144  1 0.0162 0.1591 0.1708 0.1468 0.1827 0.1891 0.0055 0.1197 0.0102 
         145  1 0.0095 0.1254 0.1135 0.1206 0.1431 0.1321 0.0536 0.1946 0.1076 
         146  1 0.0160 0.1622 0.1531 0.1902 0.1406 0.1488 0.0160 0.1604 0.0126 
         147  1 0.0061 0.1569 0.1268 0.1519 0.1415 0.1326 0.0184 0.1511 0.1148 
         148  1 0.0587 0.1364 0.1871 0.2109 0.1540 0.1734 0.0081 0.0669 0.0045 
         149  1 0.0060 0.1720 0.1390 0.1468 0.1384 0.1430 0.0293 0.1981 0.0273 
         150  1 0.0387 0.1620 0.1153 0.0959 0.1290 0.1040 0.0815 0.2664 0.0072 
         151  1 0.0067 0.1550 0.2019 0.1724 0.1672 0.1796 0.0078 0.0957 0.0137 
         152  1 0.0309 0.0771 0.0743 0.0744 0.0861 0.0754 0.3064 0.0350 0.2403 
         153  1 0.0206 0.1159 0.1667 0.1883 0.1954 0.1788 0.0328 0.0662 0.0353 
         154  1 0.0253 0.1438 0.1514 0.1533 0.1517 0.1684 0.0713 0.0692 0.0657 
         155  1 0.0072 0.1242 0.1807 0.1789 0.2041 0.2297 0.0078 0.0602 0.0073 
         156  1 0.1873 0.1371 0.1168 0.1315 0.1566 0.1521 0.0261 0.0840 0.0085 
         157  1 0.0151 0.1170 0.2341 0.1868 0.1606 0.1907 0.0067 0.0690 0.0199 
         158  1 0.0125 0.1481 0.2024 0.1792 0.1509 0.1875 0.0049 0.1027 0.0120 
         159  1 0.0409 0.1180 0.1331 0.1152 0.1022 0.1211 0.2637 0.0934 0.0122 
         160  1 0.0099 0.1750 0.1303 0.1318 0.1286 0.1234 0.0085 0.2168 0.0756 
         161  1 0.0251 0.1400 0.1431 0.1479 0.1094 0.1403 0.0293 0.2387 0.0261 
         162  1 0.0081 0.1587 0.1510 0.1774 0.2118 0.1673 0.0110 0.1088 0.0060 
         163  1 0.0044 0.2059 0.1158 0.1124 0.1383 0.1140 0.0051 0.2923 0.0118 
         164  1 0.0040 0.1769 0.1430 0.1577 0.1473 0.1399 0.0074 0.2078 0.0161 
         165  1 0.0043 0.1388 0.1964 0.2359 0.1270 0.1744 0.0645 0.0544 0.0042 
         166  1 0.0780 0.1510 0.0982 0.0880 0.0526 0.0735 0.0039 0.4252 0.0296 
         167  1 0.0055 0.1716 0.1571 0.1422 0.2123 0.1858 0.0069 0.1027 0.0159 
         168  1 0.0191 0.1503 0.1621 0.1832 0.1602 0.1729 0.0126 0.1319 0.0078 
         169  1 0.0057 0.1701 0.1777 0.2020 0.1232 0.1554 0.0043 0.1569 0.0048 
         170  1 0.0080 0.1810 0.1437 0.1501 0.1731 0.1470 0.0129 0.1687 0.0156 
         171  1 0.0065 0.1609 0.1355 0.1518 0.1545 0.1487 0.0230 0.1879 0.0312 
         172  1 0.0037 0.1838 0.1637 0.1678 0.1577 0.1677 0.0101 0.1284 0.0171 
         173  1 0.0097 0.1594 0.1644 0.1565 0.1776 0.1860 0.0167 0.1199 0.0099 
         174  1 0.0058 0.1569 0.1542 0.1670 0.1552 0.1782 0.0875 0.0822 0.0130 
         175  1 0.0055 0.1641 0.1560 0.1654 0.1617 0.1511 0.0140 0.1398 0.0423 
         176  1 0.0103 0.1902 0.1251 0.1584 0.1179 0.1173 0.0122 0.2428 0.0257 
         177  1 0.0046 0.1713 0.1084 0.1259 0.0969 0.0925 0.0057 0.3701 0.0245 
         178  1 0.0053 0.1972 0.1702 0.1790 0.1139 0.1429 0.0149 0.1570 0.0196 
         179  1 0.0167 0.0625 0.0492 0.0514 0.0493 0.0378 0.0125 0.0776 0.6429 
         180  1 0.0086 0.1620 0.1729 0.1605 0.1606 0.1443 0.0054 0.1735 0.0121 
         181  1 0.0556 0.1799 0.1314 0.1219 0.0957 0.0981 0.0129 0.2807 0.0237 
         182  1 0.0294 0.1630 0.1009 0.0970 0.0872 0.0770 0.0087 0.4024 0.0345 
         183  1 0.0555 0.1680 0.1759 0.1912 0.1322 0.1651 0.0168 0.0784 0.0168 
         184  1 0.0134 0.1425 0.1559 0.2031 0.1523 0.1443 0.0072 0.1311 0.0502 
         185  1 0.0194 0.1449 0.1762 0.2158 0.1226 0.1656 0.0075 0.1306 0.0174 
         186  1 0.0054 0.2194 0.0867 0.0663 0.1017 0.0857 0.0033 0.4259 0.0056 
         187  1 0.0060 0.1215 0.1719 0.1724 0.1667 0.1582 0.0275 0.1073 0.0685 
         188  1 0.0080 0.1649 0.1740 0.1841 0.1549 0.1443 0.0193 0.1255 0.0250 
         189  1 0.0089 0.1464 0.1225 0.1376 0.1205 0.1272 0.0108 0.2580 0.0680 
         190  1 0.0053 0.1516 0.1421 0.1270 0.1081 0.1336 0.0285 0.2798 0.0239 
         191  1 0.0674 0.1644 0.1189 0.1019 0.1500 0.1534 0.0593 0.1614 0.0231 
         192  1 0.0033 0.1958 0.1469 0.1111 0.1687 0.1749 0.0535 0.1204 0.0255 
         193  1 0.0075 0.1373 0.2028 0.2024 0.1220 0.1775 0.0082 0.0925 0.0498 
         194  1 0.0066 0.1511 0.1727 0.1892 0.1379 0.1343 0.0194 0.1652 0.0235 
         195  1 0.0058 0.1701 0.1166 0.1137 0.1085 0.0976 0.0235 0.3548 0.0094 
         196  1 0.3051 0.0916 0.1277 0.1281 0.0924 0.1235 0.0065 0.0885 0.0365 
         197  1 0.0259 0.1247 0.1801 0.1757 0.1567 0.1574 0.0048 0.1581 0.0166 
         198  1 0.0167 0.1227 0.1811 0.1920 0.1844 0.1934 0.0097 0.0756 0.0244 
         199  1 0.0072 0.2054 0.0946 0.0877 0.0791 0.0775 0.0092 0.4018 0.0374 
         200  1 0.0216 0.1561 0.1621 0.1974 0.1520 0.1680 0.0048 0.1247 0.0133 
         201  1 0.0049 0.1355 0.1428 0.1391 0.1681 0.1725 0.0613 0.1132 0.0625 
         202  1 0.0259 0.1325 0.2299 0.2013 0.1044 0.1820 0.0045 0.1092 0.0103 
         203  1 0.0403 0.1609 0.1327 0.1154 0.1891 0.1779 0.0071 0.1456 0.0310 
         204  1 0.0096 0.1565 0.1935 0.2061 0.1281 0.1744 0.0097 0.1181 0.0041 
         205  1 0.0102 0.1633 0.1484 0.1870 0.1934 0.1573 0.0215 0.1151 0.0039 
         206  1 0.0080 0.1785 0.1327 0.1073 0.2389 0.1999 0.0189 0.0935 0.0222 
         207  1 0.0224 0.1549 0.1378 0.1458 0.1366 0.1188 0.0055 0.2351 0.0432 
         208  1 0.0336 0.1481 0.1419 0.0904 0.2654 0.2084 0.0051 0.1037 0.0035 
         209  1 0.0092 0.1574 0.1973 0.1868 0.1433 0.1994 0.0344 0.0664 0.0059 
         210  1 0.0153 0.1496 0.1935 0.1816 0.1314 0.1701 0.0080 0.1404 0.0100 
         211  1 0.0075 0.1598 0.1344 0.1003 0.2651 0.2279 0.0057 0.0926 0.0067 
         212  1 0.0221 0.1598 0.1750 0.1696 0.1765 0.1469 0.0283 0.1109 0.0110 
         213  1 0.0154 0.1424 0.1502 0.2070 0.1934 0.1716 0.0104 0.1003 0.0093 
         214  1 0.0093 0.1395 0.1760 0.1663 0.1693 0.1505 0.0286 0.1535 0.0069 
         215  1 0.0109 0.1628 0.1519 0.1324 0.2087 0.2367 0.0074 0.0750 0.0144 
         216  1 0.0089 0.1604 0.1645 0.1759 0.1907 0.2005 0.0116 0.0751 0.0124 
         217  1 0.0070 0.1631 0.1397 0.1633 0.1359 0.1320 0.0269 0.2136 0.0186 
         218  1 0.0316 0.1442 0.1636 0.1616 0.1625 0.1736 0.0112 0.1422 0.0095 
         219  1 0.0059 0.1809 0.1390 0.1225 0.1254 0.1231 0.0035 0.2855 0.0142 
         220  1 0.3418 0.0939 0.1174 0.0982 0.1013 0.1194 0.0114 0.1060 0.0107 
         221  1 0.0213 0.1906 0.1511 0.1516 0.1441 0.1363 0.0168 0.1729 0.0153 
         222  1 0.0082 0.1287 0.1475 0.1432 0.1656 0.1639 0.0713 0.1227 0.0489 
         223  1 0.0052 0.1963 0.1457 0.1625 0.1250 0.1271 0.0214 0.1630 0.0538 
         224  1 0.0046 0.1647 0.1351 0.1582 0.1532 0.1374 0.0140 0.2262 0.0067 
         225  1 0.0069 0.0931 0.0835 0.0943 0.0821 0.0863 0.2276 0.1083 0.2178 
         226  1 0.0091 0.1787 0.1456 0.1301 0.1952 0.1999 0.0240 0.1106 0.0068 
         227  1 0.0082 0.1639 0.1629 0.1942 0.1801 0.1902 0.0060 0.0870 0.0076 
         228  1 0.0065 0.1447 0.1478 0.1873 0.1552 0.1526 0.0061 0.1376 0.0622 
         229  1 0.0244 0.1567 0.1590 0.1762 0.1440 0.1733 0.0150 0.1190 0.0325 
         230  1 0.0056 0.1851 0.1459 0.1421 0.1906 0.1641 0.0217 0.1387 0.0063 
         231  1 0.0060 0.1989 0.0936 0.0887 0.1001 0.0759 0.0075 0.4191 0.0102 
         232  1 0.0071 0.1501 0.1867 0.1553 0.1841 0.1991 0.0042 0.1068 0.0066 
         233  1 0.0151 0.1971 0.0960 0.0870 0.0818 0.0719 0.0096 0.3936 0.0479 
         234  1 0.0066 0.1622 0.1660 0.1583 0.1273 0.1495 0.0234 0.1670 0.0398 
         235  1 0.0075 0.1372 0.1709 0.2031 0.1542 0.1675 0.0094 0.1328 0.0174 
         236  1 0.0208 0.1861 0.1591 0.1537 0.1156 0.1245 0.0129 0.2171 0.0104 
         237  1 0.0309 0.1330 0.1702 0.1792 0.1575 0.1593 0.0208 0.1257 0.0234 
         238  1 0.0165 0.1478 0.1828 0.1857 0.1635 0.1665 0.0292 0.1016 0.0063 
         239  1 0.0150 0.1475 0.1701 0.1718 0.1220 0.1330 0.0089 0.2167 0.0150 
         240  1 0.0984 0.0955 0.1137 0.1400 0.1066 0.1212 0.0130 0.0666 0.2450 
         241  1 0.0091 0.1585 0.1751 0.1414 0.1717 0.1710 0.0055 0.1539 0.0139 
         242  1 0.0276 0.1247 0.1993 0.1600 0.1659 0.1711 0.0094 0.1289 0.0130 
         243  1 0.0094 0.1731 0.1747 0.1374 0.1579 0.1607 0.0111 0.1708 0.0051 
         244  1 0.0161 0.1795 0.1402 0.1147 0.2371 0.2193 0.0040 0.0826 0.0066 
         245  1 0.0137 0.0955 0.2703 0.2565 0.0994 0.1802 0.0125 0.0469 0.0250 
         246  1 0.0493 0.1665 0.1537 0.1715 0.1777 0.1564 0.0053 0.1123 0.0072 
         247  1 0.0048 0.1198 0.1726 0.1975 0.1885 0.1862 0.0273 0.0714 0.0319 
         248  1 0.0184 0.1591 0.1399 0.1430 0.1389 0.1275 0.0085 0.2530 0.0116 
         249  1 0.0051 0.1456 0.1781 0.1692 0.1706 0.1899 0.0076 0.1245 0.0093 
         250  1 0.0114 0.1841 0.1218 0.1134 0.2061 0.1677 0.0277 0.1568 0.0109 
         251  1 0.0221 0.1671 0.1664 0.1822 0.1172 0.1614 0.0057 0.1587 0.0191 
         252  1 0.0298 0.1368 0.1737 0.1785 0.1863 0.1824 0.0258 0.0825 0.0042 
         253  1 0.0552 0.1359 0.1697 0.1722 0.1676 0.1526 0.0083 0.1327 0.0059 
         254  1 0.0091 0.1475 0.1791 0.1786 0.1894 0.1549 0.0065 0.1245 0.0103 
         255  1 0.0485 0.1247 0.1875 0.1678 0.1391 0.1533 0.0053 0.1657 0.0081 
         256  1 0.0037 0.2173 0.1258 0.1718 0.1120 0.1232 0.0090 0.2251 0.0119 
         257  1 0.0222 0.2316 0.1215 0.1354 0.0996 0.0919 0.0170 0.2702 0.0107 
         258  1 0.0043 0.1438 0.1774 0.1820 0.2048 0.1993 0.0051 0.0744 0.0088 
         259  1 0.0076 0.1394 0.1405 0.1511 0.1258 0.1241 0.0054 0.2895 0.0166 
         260  1 0.0073 0.1610 0.1488 0.1647 0.1614 0.1502 0.0165 0.1733 0.0168 
         261  1 0.0093 0.1383 0.2265 0.1954 0.1278 0.1730 0.0061 0.1067 0.0169 
         262  1 0.0062 0.1396 0.2081 0.2023 0.1751 0.1853 0.0066 0.0694 0.0075 
         263  1 0.0087 0.1257 0.1470 0.1405 0.1372 0.1182 0.1356 0.1828 0.0043 
         264  1 0.0137 0.0935 0.2432 0.1964 0.1571 0.1922 0.0253 0.0656 0.0130 
         265  1 0.0116 0.1002 0.2022 0.2157 0.1719 0.2279 0.0232 0.0359 0.0115 
         266  1 0.0193 0.1080 0.1838 0.1882 0.1656 0.1658 0.0081 0.1419 0.0193 
         267  1 0.1031 0.1098 0.1525 0.1651 0.1609 0.1357 0.0110 0.1063 0.0555 
         268  1 0.2520 0.0911 0.1240 0.1216 0.1461 0.1422 0.0509 0.0508 0.0212 
         269  1 0.0218 0.1297 0.1341 0.1178 0.1354 0.1427 0.0116 0.0994 0.2076 
         270  1 0.0192 0.1817 0.1619 0.1412 0.2045 0.1960 0.0059 0.0813 0.0083 
         271  1 0.0423 0.1212 0.1689 0.1787 0.1501 0.1432 0.0261 0.1554 0.0141 
         272  1 0.0084 0.0885 0.0738 0.0944 0.0703 0.0796 0.0172 0.0767 0.4911 
         273  1 0.0043 0.1569 0.1750 0.1586 0.1652 0.1834 0.0239 0.1066 0.0263 
         274  1 0.0263 0.1428 0.1517 0.1641 0.1549 0.1384 0.0238 0.1747 0.0234 
         275  1 0.0249 0.1702 0.1437 0.1362 0.1554 0.1608 0.0077 0.1827 0.0184 
         276  1 0.0089 0.1493 0.1465 0.1366 0.1440 0.1702 0.1007 0.0984 0.0455 
         277  1 0.0051 0.1776 0.1363 0.1113 0.1356 0.1308 0.0128 0.2740 0.0167 
         278  1 0.0784 0.1220 0.1608 0.1447 0.1487 0.1596 0.0754 0.1010 0.0095 
         279  1 0.0190 0.1691 0.1539 0.1417 0.2113 0.1693 0.0229 0.1025 0.0102 
         280  1 0.0120 0.1873 0.1242 0.1118 0.1826 0.1846 0.0050 0.1644 0.0280 
         281  1 0.0296 0.1389 0.1595 0.1592 0.2080 0.1631 0.0041 0.1319 0.0057 
         282  1 0.0106 0.1681 0.1511 0.1710 0.1554 0.1424 0.0449 0.1371 0.0195 
         283  1 0.0125 0.1233 0.1384 0.1227 0.1198 0.1209 0.2063 0.1433 0.0128 
         284  1 0.0073 0.1486 0.1739 0.1661 0.1553 0.1584 0.0387 0.1389 0.0127 
         285  1 0.0524 0.1302 0.2015 0.2002 0.1211 0.1736 0.0177 0.0875 0.0157 
         286  1 0.0101 0.1754 0.1410 0.1448 0.1253 0.1152 0.0086 0.2671 0.0127 
         287  1 0.0476 0.1798 0.1137 0.1204 0.1186 0.1107 0.0107 0.2859 0.0123 
         288  1 0.0172 0.1583 0.1607 0.1409 0.1339 0.1255 0.0141 0.2304 0.0190 
         289  1 0.0044 0.1301 0.1762 0.1837 0.1662 0.1592 0.0090 0.1537 0.0174 
         290  1 0.0214 0.1792 0.1659 0.1700 0.1416 0.1410 0.0077 0.1605 0.0128 
         291  1 0.0187 0.1952 0.0856 0.0882 0.0827 0.0660 0.0166 0.4410 0.0059 
         292  1 0.0178 0.1235 0.1506 0.1704 0.1701 0.1639 0.0326 0.0746 0.0965 
         293  1 0.0109 0.1704 0.1429 0.1310 0.2284 0.2057 0.0077 0.0918 0.0110 
         294  1 0.1653 0.1367 0.1102 0.1170 0.1207 0.1032 0.0829 0.1594 0.0046 
         295  1 0.0302 0.1819 0.1157 0.1432 0.1372 0.1088 0.0090 0.2260 0.0481 
         296  1 0.0067 0.1872 0.1383 0.1541 0.1621 0.1448 0.0379 0.1394 0.0294 
         297  1 0.0085 0.1576 0.1550 0.1776 0.1446 0.1789 0.0508 0.1142 0.0127 
         298  1 0.0100 0.1540 0.1790 0.1673 0.1840 0.1760 0.0068 0.1189 0.0040 
         299  1 0.0204 0.1349 0.1818 0.1879 0.1842 0.1760 0.0267 0.0807 0.0074 
         300  1 0.0103 0.1277 0.1680 0.2141 0.1858 0.1867 0.0167 0.0615 0.0292 
         301  1 0.1086 0.1962 0.1150 0.1203 0.1466 0.1196 0.0052 0.1814 0.0072 
         302  1 0.0059 0.2062 0.1166 0.1147 0.1193 0.0963 0.0104 0.3252 0.0054 
         303  1 0.0072 0.1339 0.1853 0.1489 0.1467 0.1532 0.0701 0.1472 0.0074 
         304  1 0.0040 0.1588 0.1687 0.1468 0.2074 0.2077 0.0085 0.0915 0.0066 
         305  1 0.0259 0.1644 0.1649 0.1243 0.1914 0.2103 0.0063 0.1041 0.0083 
         306  1 0.0081 0.1478 0.2040 0.1624 0.1914 0.2081 0.0078 0.0642 0.0061 
         307  1 0.0131 0.1398 0.1820 0.1793 0.1674 0.1901 0.0226 0.0715 0.0342 
         308  1 0.0153 0.1968 0.1320 0.1948 0.1809 0.1347 0.0066 0.1309 0.0080 
         309  1 0.0073 0.1544 0.1714 0.1698 0.1485 0.1944 0.0400 0.1041 0.0101 
         310  1 0.0076 0.1553 0.1359 0.1324 0.1930 0.1922 0.0900 0.0867 0.0069 
         311  1 0.0065 0.1868 0.1377 0.1366 0.2076 0.2158 0.0167 0.0849 0.0074 
         312  1 0.0635 0.1652 0.1011 0.0908 0.0800 0.0863 0.0268 0.3222 0.0640 
         313  1 0.0050 0.1491 0.1551 0.1615 0.1936 0.1700 0.0059 0.1269 0.0330 
         314  1 0.0824 0.1148 0.1484 0.1441 0.1325 0.1371 0.0462 0.1142 0.0804 
         315  1 0.0107 0.1636 0.1618 0.1757 0.1874 0.2103 0.0080 0.0702 0.0123 
         316  1 0.0074 0.1333 0.1864 0.1808 0.1027 0.1534 0.0715 0.1201 0.0444 
         317  1 0.0219 0.1657 0.1489 0.1443 0.1207 0.1180 0.0256 0.2405 0.0144 
         318  1 0.0054 0.1945 0.1564 0.1501 0.1505 0.1776 0.0198 0.1032 0.0425 
         319  1 0.0067 0.1388 0.1265 0.1214 0.1049 0.1151 0.1570 0.1413 0.0882 
         320  1 0.2179 0.1390 0.1065 0.1013 0.1183 0.1165 0.0444 0.1455 0.0106 
         321  1 0.0098 0.1313 0.2157 0.1939 0.1593 0.1833 0.0050 0.0824 0.0194 
         322  1 0.0355 0.1847 0.1408 0.1478 0.1372 0.1305 0.0149 0.1889 0.0196 
         323  1 0.0259 0.1548 0.1462 0.1514 0.1463 0.1346 0.0123 0.2182 0.0101 
         324  1 0.0063 0.1454 0.1870 0.1765 0.1846 0.1793 0.0068 0.1000 0.0141 
         325  1 0.0312 0.1593 0.1553 0.1604 0.1672 0.2065 0.0259 0.0602 0.0340 
         326  1 0.0038 0.1707 0.1696 0.1458 0.2027 0.1897 0.0066 0.1056 0.0055 
         327  1 0.0100 0.1769 0.1446 0.1592 0.1732 0.1250 0.0050 0.1707 0.0353 
         328  1 0.0320 0.1688 0.1482 0.1787 0.1524 0.1503 0.0148 0.1451 0.0098 
         329  1 0.0257 0.1731 0.1346 0.1745 0.1675 0.1231 0.0149 0.1756 0.0109 
         330  1 0.0214 0.1385 0.0700 0.0715 0.0622 0.0669 0.0041 0.2780 0.2875 
         331  1 0.0138 0.1522 0.1430 0.1311 0.1695 0.1941 0.0052 0.0560 0.1351 
         332  1 0.0036 0.1816 0.1262 0.1070 0.2450 0.2170 0.0082 0.1059 0.0054 
         333  1 0.0079 0.1512 0.1388 0.1309 0.1309 0.1075 0.0106 0.3163 0.0057 
         334  1 0.0207 0.0863 0.1895 0.2157 0.1197 0.1930 0.0051 0.0636 0.1064 
         335  1 0.0553 0.1377 0.1803 0.1578 0.1597 0.1801 0.0069 0.1055 0.0167 
         336  1 0.0050 0.0054 0.0056 0.0058 0.0058 0.0058 0.0042 0.0053 0.9570 
         337  1 0.0158 0.0525 0.0635 0.0634 0.0623 0.0564 0.0376 0.0560 0.5926 
         338  1 0.0131 0.0045 0.0046 0.0043 0.0043 0.0042 0.0029 0.0046 0.9575 
         339  1 0.0027 0.0034 0.0032 0.0032 0.0031 0.0032 0.0033 0.0032 0.9747 
         340  1 0.0037 0.0061 0.0061 0.0065 0.0060 0.0065 0.0133 0.0065 0.9451 
         341  1 0.0091 0.1395 0.1727 0.2093 0.1712 0.1758 0.0066 0.1056 0.0102 
         342  1 0.0027 0.0030 0.0030 0.0029 0.0029 0.0027 0.0027 0.0029 0.9772 
         343  1 0.0070 0.0090 0.0097 0.0100 0.0104 0.0100 0.0097 0.0087 0.9254 
         344  1 0.0056 0.0059 0.0060 0.0057 0.0060 0.0059 0.0063 0.0061 0.9524 
         345  1 0.0046 0.0104 0.0105 0.0104 0.0109 0.0102 0.0190 0.0106 0.9135 
         346  1 0.0052 0.0046 0.0052 0.0056 0.0049 0.0052 0.0072 0.0048 0.9572 
         347  1 0.0053 0.0082 0.0092 0.0090 0.0085 0.0084 0.0112 0.0078 0.9324 
         348  1 0.0493 0.0214 0.0234 0.0239 0.0215 0.0205 0.0101 0.0175 0.8125 
         349  1 0.0031 0.0028 0.0028 0.0029 0.0029 0.0029 0.0028 0.0028 0.9769 
         350  1 0.0355 0.0332 0.0281 0.0286 0.0291 0.0243 0.0044 0.0317 0.7851 
         351  1 0.0041 0.0063 0.0065 0.0059 0.0061 0.0062 0.0164 0.0064 0.9422 
         352  1 0.0092 0.1834 0.1219 0.0965 0.2552 0.2184 0.0056 0.0933 0.0165 
         353  1 0.0038 0.0049 0.0050 0.0052 0.0049 0.0048 0.0050 0.0052 0.9612 
         354  1 0.0040 0.0056 0.0054 0.0055 0.0054 0.0054 0.0053 0.0057 0.9577 
         355  1 0.0049 0.0064 0.0059 0.0059 0.0058 0.0064 0.0086 0.0059 0.9503 
         356  1 0.0193 0.1295 0.1929 0.1909 0.1753 0.1629 0.0078 0.1044 0.0171 
         357  1 0.0135 0.1872 0.1339 0.1144 0.1480 0.1451 0.1258 0.0865 0.0455 
         358  1 0.0250 0.1733 0.1733 0.1269 0.1499 0.1375 0.0097 0.1964 0.0080 
         359  1 0.0080 0.1252 0.1655 0.1976 0.1849 0.1767 0.0203 0.1038 0.0180 
         360  1 0.0281 0.1863 0.1354 0.0884 0.2222 0.1852 0.0487 0.0881 0.0177 
         361  1 0.0156 0.1180 0.1144 0.1225 0.1023 0.1072 0.1197 0.1178 0.1824 
         362  1 0.0283 0.1622 0.1102 0.1148 0.0942 0.0962 0.0048 0.3807 0.0086 
         363  1 0.0054 0.1581 0.1405 0.1612 0.2013 0.2311 0.0061 0.0669 0.0295 
         364  1 0.0048 0.1148 0.1713 0.2125 0.1789 0.2257 0.0058 0.0776 0.0087 
         365  1 0.0078 0.1662 0.1478 0.1879 0.1482 0.1786 0.0073 0.0936 0.0625 
         366  1 0.0074 0.1726 0.1637 0.1445 0.1863 0.1937 0.0053 0.1084 0.0182 
         367  1 0.0265 0.1697 0.1490 0.1433 0.1508 0.1445 0.0133 0.1930 0.0099 
         368  1 0.0113 0.1777 0.1167 0.1556 0.1163 0.1227 0.0113 0.2765 0.0119 
         369  1 0.0107 0.1791 0.1515 0.1558 0.1932 0.2072 0.0046 0.0844 0.0134 
         370  1 0.0059 0.1614 0.1317 0.1386 0.1337 0.1301 0.0455 0.1718 0.0813 
         371  1 0.0090 0.1816 0.1517 0.1730 0.1230 0.1298 0.0417 0.1810 0.0091 
         372  1 0.0077 0.1440 0.1539 0.1943 0.1080 0.1855 0.0378 0.0818 0.0871 
         373  1 0.0108 0.1773 0.1573 0.1478 0.1703 0.1617 0.0144 0.1479 0.0126 
         374  1 0.1149 0.1348 0.1439 0.1539 0.1456 0.1200 0.0434 0.1311 0.0125 
         375  1 0.0039 0.1331 0.1555 0.1686 0.2260 0.2240 0.0210 0.0544 0.0134 
         376  1 0.0106 0.1628 0.1438 0.1470 0.2150 0.1691 0.0132 0.1194 0.0192 
         377  1 0.0119 0.1655 0.1714 0.1734 0.1706 0.1594 0.0101 0.1281 0.0095 
         378  1 0.0212 0.1768 0.1099 0.1315 0.1401 0.1235 0.0091 0.2126 0.0753 
         379  1 0.0066 0.1579 0.1653 0.1714 0.1989 0.1958 0.0110 0.0782 0.0149 
         380  1 0.0062 0.1301 0.1744 0.1928 0.1827 0.1770 0.0148 0.1129 0.0092 
         381  1 0.0154 0.1706 0.1372 0.1201 0.2340 0.2374 0.0111 0.0626 0.0116 
         382  1 0.0067 0.1154 0.1787 0.2108 0.1567 0.2206 0.0270 0.0687 0.0155 
         383  1 0.0457 0.1303 0.1567 0.1807 0.1826 0.1916 0.0137 0.0940 0.0047 
         384  1 0.0100 0.1727 0.1557 0.1965 0.1316 0.1475 0.0110 0.1544 0.0206 
         385  1 0.0032 0.1311 0.2076 0.1693 0.1798 0.1863 0.0043 0.1041 0.0142 
         386  1 0.0252 0.1734 0.1309 0.1137 0.2229 0.2050 0.0091 0.1114 0.0083 
         387  1 0.0051 0.1648 0.1495 0.1740 0.1626 0.1428 0.0081 0.1574 0.0356 
         388  1 0.0143 0.1882 0.1249 0.1538 0.1201 0.1145 0.0115 0.2441 0.0286 
         389  1 0.0194 0.1241 0.1800 0.1809 0.1710 0.1692 0.0062 0.1001 0.0492 
         390  1 0.0304 0.2009 0.1804 0.1076 0.1545 0.1934 0.0042 0.0974 0.0312 
         391  1 0.0069 0.1830 0.1936 0.1745 0.1558 0.1679 0.0063 0.1058 0.0062 
         392  1 0.0039 0.2178 0.0894 0.0944 0.1093 0.0955 0.0130 0.3718 0.0050 
         393  1 0.0239 0.1416 0.1760 0.1742 0.1916 0.2110 0.0069 0.0655 0.0093 
         394  1 0.0057 0.2014 0.1215 0.1125 0.0965 0.1136 0.0063 0.3356 0.0069 
         395  1 0.0066 0.1899 0.0932 0.0813 0.0680 0.0712 0.0051 0.4800 0.0046 
         396  1 0.0079 0.1625 0.1691 0.2012 0.1416 0.1627 0.0058 0.1412 0.0080 
         397  1 0.0085 0.1640 0.1546 0.1670 0.1558 0.1273 0.0071 0.2022 0.0135 
         398  1 0.3774 0.0921 0.0867 0.0816 0.0721 0.0882 0.0184 0.1124 0.0710 
         399  1 0.0137 0.1503 0.1861 0.1891 0.1740 0.1732 0.0098 0.0887 0.0152 
         400  1 0.0180 0.1666 0.1719 0.1712 0.1467 0.1721 0.0295 0.1153 0.0088 
         401  1 0.0144 0.1877 0.1094 0.1001 0.0781 0.0819 0.0086 0.4123 0.0075 
         402  1 0.0061 0.1767 0.1013 0.1064 0.1289 0.0904 0.0163 0.3698 0.0041 
         403  1 0.0117 0.1791 0.1242 0.1353 0.2426 0.2118 0.0060 0.0817 0.0076 
         404  1 0.0057 0.1676 0.1498 0.1367 0.1668 0.1459 0.0184 0.1627 0.0465 
         405  1 0.0361 0.1972 0.1229 0.0866 0.2392 0.1891 0.0085 0.1012 0.0191 
         406  1 0.0074 0.1481 0.1383 0.1678 0.1654 0.1315 0.0421 0.1811 0.0184 
         407  1 0.0081 0.1320 0.2097 0.2217 0.1397 0.1851 0.0111 0.0798 0.0128 
         408  1 0.0109 0.1520 0.1070 0.1250 0.0989 0.0890 0.0074 0.4013 0.0084 
         409  1 0.0099 0.1273 0.2008 0.2026 0.1400 0.1709 0.0184 0.1195 0.0108 
         410  1 0.0133 0.1561 0.1548 0.1444 0.2205 0.1801 0.0082 0.1164 0.0061 
         411  1 0.0067 0.1472 0.1645 0.1789 0.1466 0.1943 0.0289 0.1085 0.0245 
         412  1 0.0089 0.1538 0.1999 0.2028 0.1580 0.1617 0.0141 0.0958 0.0050 
         413  1 0.0100 0.1675 0.1575 0.1580 0.1489 0.1851 0.0057 0.1638 0.0035 
         414  1 0.0068 0.1821 0.1401 0.1198 0.1473 0.1333 0.0185 0.2301 0.0221 
         415  1 0.0340 0.1575 0.1832 0.2065 0.1349 0.1604 0.0069 0.1058 0.0107 
         416  1 0.0079 0.1577 0.1644 0.1465 0.1352 0.1343 0.0093 0.2352 0.0096 
         417  1 0.0269 0.1758 0.1429 0.1527 0.1687 0.1454 0.0116 0.1634 0.0128 
         418  1 0.0228 0.1563 0.1516 0.1776 0.1737 0.1556 0.0057 0.1201 0.0367 
         419  1 0.0367 0.1592 0.1257 0.1684 0.1453 0.1405 0.0095 0.2061 0.0086 
         420  1 0.1751 0.1590 0.1117 0.0964 0.1415 0.1262 0.0069 0.1779 0.0053 
         421  1 0.0498 0.1509 0.1707 0.2207 0.1257 0.1411 0.0089 0.1186 0.0135 
         422  1 0.0597 0.1488 0.1340 0.1233 0.1615 0.1557 0.1050 0.0960 0.0160 
         423  1 0.0040 0.1778 0.1333 0.1341 0.1240 0.1195 0.0149 0.2802 0.0121 
         424  1 0.0102 0.1933 0.1557 0.1367 0.1653 0.1901 0.0150 0.1243 0.0093 
         425  1 0.0052 0.1551 0.1660 0.1489 0.2157 0.2349 0.0068 0.0603 0.0070 
         426  1 0.0077 0.1871 0.1420 0.1595 0.1610 0.1580 0.0329 0.1315 0.0202 
         427  1 0.0086 0.2260 0.1334 0.1683 0.1354 0.1037 0.0050 0.2154 0.0042 
         428  1 0.0091 0.1809 0.1686 0.1588 0.1378 0.1361 0.0055 0.1962 0.0071 
         429  1 0.0041 0.0890 0.2016 0.2389 0.1453 0.2426 0.0129 0.0609 0.0047 
         430  1 0.0138 0.0994 0.1142 0.1061 0.0991 0.1202 0.3030 0.0978 0.0464 
         431  1 0.0071 0.1546 0.1388 0.1185 0.1537 0.1071 0.0074 0.3056 0.0072 
         432  1 0.0065 0.1839 0.1209 0.1393 0.1325 0.1090 0.0091 0.2389 0.0600 
         433  1 0.0060 0.1755 0.1559 0.1708 0.1801 0.1571 0.0244 0.1116 0.0187 
         434  1 0.0127 0.1253 0.1910 0.1970 0.1678 0.1755 0.0073 0.0923 0.0313 
         435  1 0.0157 0.1546 0.1447 0.1158 0.2560 0.1768 0.0091 0.1225 0.0048 
         436  1 0.0625 0.1655 0.1501 0.1378 0.1948 0.1544 0.0083 0.1226 0.0040 
         437  1 0.0636 0.1198 0.1253 0.1295 0.1147 0.1401 0.2064 0.0895 0.0110 
         438  1 0.0048 0.1286 0.1948 0.1858 0.1792 0.1988 0.0336 0.0699 0.0044 
         439  1 0.0095 0.1600 0.1825 0.1794 0.1074 0.1591 0.0169 0.1494 0.0359 
         440  1 0.0274 0.1744 0.1645 0.1326 0.1851 0.1910 0.0047 0.0986 0.0216 
         441  1 0.0163 0.1245 0.2316 0.1960 0.1213 0.1713 0.0460 0.0873 0.0057 
         442  1 0.0264 0.1354 0.1506 0.1325 0.1398 0.1345 0.2028 0.0710 0.0071 
         443  1 0.0098 0.1228 0.1631 0.1918 0.1641 0.1909 0.0204 0.0646 0.0726 
         444  1 0.0161 0.1517 0.2063 0.2011 0.1213 0.1809 0.0139 0.0932 0.0156 
         445  1 0.0058 0.1882 0.1594 0.1853 0.1688 0.1590 0.0091 0.1102 0.0142 
         446  1 0.0126 0.1728 0.1259 0.1100 0.1416 0.1616 0.0121 0.2510 0.0124 
         447  1 0.0211 0.1502 0.1572 0.1370 0.2125 0.2000 0.0089 0.0935 0.0198 
         448  1 0.0797 0.1719 0.1225 0.0870 0.2131 0.1672 0.0561 0.0867 0.0158 
         449  1 0.0241 0.1884 0.0901 0.0821 0.0780 0.0630 0.0081 0.4544 0.0118 
         450  1 0.0521 0.0707 0.0563 0.0629 0.0898 0.0742 0.0561 0.0554 0.4825 
         451  1 0.0615 0.1655 0.1434 0.1569 0.1486 0.1511 0.0044 0.1332 0.0354 
         452  1 0.0078 0.1461 0.1595 0.1921 0.1801 0.1777 0.0145 0.1095 0.0125 
         453  1 0.0418 0.1652 0.1513 0.1441 0.1647 0.1596 0.0103 0.1557 0.0072 
         454  1 0.0159 0.1504 0.1882 0.1991 0.1359 0.1677 0.0489 0.0850 0.0089 
         455  1 0.0043 0.1778 0.1728 0.1875 0.1517 0.1376 0.0096 0.1533 0.0052 
         456  1 0.0083 0.1315 0.1632 0.1619 0.1929 0.1512 0.0128 0.1207 0.0576 
         457  1 0.0090 0.1113 0.2158 0.2155 0.1705 0.1984 0.0050 0.0674 0.0069 
         458  1 0.0112 0.1251 0.1713 0.1731 0.1339 0.1584 0.0151 0.0996 0.1122 
         459  1 0.0131 0.1538 0.1567 0.1657 0.1620 0.1847 0.0371 0.1067 0.0203 
         460  1 0.0186 0.1729 0.1092 0.1319 0.1237 0.0948 0.0476 0.2957 0.0057 
         461  1 0.0488 0.1463 0.1421 0.1721 0.1275 0.1238 0.0359 0.1753 0.0282 
         462  1 0.0085 0.1909 0.1218 0.1054 0.1204 0.1053 0.0072 0.3344 0.0061 
         463  1 0.0207 0.1670 0.1535 0.1559 0.1843 0.1652 0.0295 0.1044 0.0195 
         464  1 0.0355 0.1802 0.0887 0.0859 0.1147 0.0857 0.0106 0.3917 0.0070 
         465  1 0.0130 0.1616 0.1418 0.2011 0.1357 0.1505 0.0583 0.1188 0.0193 
         466  1 0.0436 0.1266 0.1032 0.1044 0.1081 0.1221 0.1480 0.1173 0.1268 
         467  1 0.0137 0.1581 0.1496 0.1340 0.1115 0.1165 0.0141 0.2944 0.0080 
         468  1 0.0077 0.1727 0.1147 0.1255 0.2435 0.1893 0.0071 0.1156 0.0238 
         469  1 0.0067 0.1873 0.1260 0.1448 0.1896 0.1805 0.0067 0.1532 0.0051 
         470  1 0.0102 0.1662 0.1511 0.1630 0.1303 0.1387 0.0496 0.1841 0.0069 
         471  1 0.0055 0.1694 0.1522 0.1658 0.1877 0.1570 0.0050 0.1510 0.0065 
         472  1 0.0166 0.1860 0.1400 0.1335 0.1392 0.1305 0.0325 0.2163 0.0054 
         473  1 0.0091 0.1211 0.1995 0.1812 0.1352 0.2021 0.0137 0.0931 0.0451 
         474  1 0.0046 0.1653 0.1874 0.1575 0.1376 0.1782 0.0064 0.1498 0.0132 
         475  1 0.0062 0.1957 0.1147 0.1342 0.1101 0.0979 0.0043 0.3315 0.0054 
         476  1 0.0113 0.1438 0.1802 0.1994 0.1692 0.1529 0.0054 0.1310 0.0067 
         477  1 0.0081 0.1569 0.1332 0.1510 0.1763 0.1473 0.0422 0.1606 0.0243 
         478  1 0.0091 0.1423 0.1405 0.1295 0.1572 0.1469 0.0669 0.1738 0.0338 
         479  1 0.1096 0.1572 0.1096 0.0876 0.1188 0.0991 0.0062 0.2991 0.0128 
         480  1 0.0175 0.1871 0.1374 0.1167 0.1677 0.1593 0.0078 0.2016 0.0048 
         481  1 0.0147 0.1375 0.1856 0.2009 0.1474 0.1702 0.0101 0.1129 0.0208 
         482  1 0.0085 0.1795 0.1466 0.0989 0.2450 0.2328 0.0050 0.0678 0.0161 
         483  1 0.0086 0.1268 0.2131 0.1457 0.1886 0.2239 0.0158 0.0725 0.0050 
         484  1 0.0808 0.1327 0.1140 0.1353 0.1103 0.1094 0.0058 0.2156 0.0962 
         485  1 0.0341 0.0402 0.0427 0.0452 0.0451 0.0435 0.4492 0.0281 0.2720 
         486  1 0.0301 0.1396 0.1816 0.2228 0.1322 0.1942 0.0073 0.0720 0.0202 
         487  1 0.0068 0.2057 0.1438 0.1692 0.1221 0.1524 0.0079 0.1766 0.0154 
         488  1 0.0444 0.1802 0.1586 0.1963 0.1222 0.1440 0.0205 0.1161 0.0176 
         489  1 0.0280 0.2032 0.1313 0.1594 0.1271 0.1043 0.0075 0.2325 0.0069 
         490  1 0.0159 0.1439 0.1466 0.1479 0.1458 0.1528 0.0113 0.0949 0.1409 
         491  1 0.0085 0.1878 0.1433 0.1535 0.1573 0.1529 0.0062 0.1718 0.0187 
         492  1 0.0075 0.1719 0.1692 0.1567 0.1963 0.1703 0.0136 0.1055 0.0089 
         493  1 0.0084 0.1836 0.1640 0.1753 0.1601 0.1868 0.0035 0.1112 0.0071 
         494  1 0.0061 0.1431 0.1678 0.1920 0.1838 0.1588 0.0081 0.1321 0.0083 
         495  1 0.0138 0.1344 0.1830 0.1881 0.1676 0.1623 0.0197 0.1237 0.0074 
         496  1 0.0124 0.1569 0.1644 0.1527 0.1642 0.1793 0.0893 0.0726 0.0082 
         497  1 0.0083 0.1699 0.1157 0.1152 0.1193 0.1289 0.0079 0.2817 0.0531 
         498  1 0.0114 0.1469 0.1666 0.1654 0.2219 0.1749 0.0105 0.0864 0.0159 
         499  1 0.0088 0.1625 0.1041 0.0985 0.0815 0.0770 0.0052 0.4567 0.0058 
         500  1 0.0056 0.1700 0.1339 0.1515 0.1922 0.1760 0.0081 0.1513 0.0114 
