           1  1 0.0793 0.1335 0.1740 0.0271 0.0072 0.1964 0.2089 0.1736 
           2  1 0.0034 0.2448 0.2090 0.0075 0.0048 0.1585 0.1785 0.1935 
           3  1 0.0279 0.1504 0.2076 0.0499 0.0086 0.1679 0.1873 0.2005 
           4  1 0.0079 0.1650 0.1629 0.0086 0.0054 0.1871 0.2508 0.2122 
           5  1 0.0384 0.3959 0.1584 0.0056 0.0421 0.1332 0.1422 0.0843 
           6  1 0.0710 0.2414 0.1321 0.0088 0.0222 0.1965 0.2040 0.1240 
           7  1 0.0035 0.3217 0.1490 0.0050 0.0066 0.1613 0.1918 0.1612 
           8  1 0.0101 0.3310 0.1805 0.0762 0.0045 0.1646 0.1409 0.0922 
           9  1 0.0557 0.1712 0.1876 0.0087 0.0082 0.1654 0.1914 0.2118 
          10  1 0.0100 0.1571 0.1780 0.0507 0.0615 0.1782 0.1673 0.1971 
          11  1 0.0344 0.1779 0.1816 0.0060 0.0098 0.1849 0.2115 0.1938 
          12  1 0.0033 0.1946 0.2119 0.0083 0.0037 0.2257 0.2121 0.1403 
          13  1 0.0051 0.1754 0.2041 0.0129 0.0069 0.1684 0.2005 0.2267 
          14  1 0.0210 0.1651 0.2177 0.0057 0.0084 0.2083 0.2171 0.1567 
          15  1 0.1435 0.1248 0.1384 0.0378 0.0104 0.1805 0.1934 0.1713 
          16  1 0.0227 0.1972 0.1961 0.0053 0.0071 0.1823 0.2300 0.1593 
          17  1 0.0328 0.2022 0.2040 0.0153 0.0192 0.1798 0.1982 0.1487 
          18  1 0.0225 0.1733 0.1990 0.0164 0.0094 0.2006 0.2317 0.1472 
          19  1 0.0572 0.1604 0.1633 0.0701 0.0104 0.1596 0.1890 0.1900 
          20  1 0.0052 0.2093 0.1511 0.0253 0.2611 0.1146 0.1664 0.0671 
          21  1 0.0265 0.1775 0.1657 0.0155 0.0393 0.1543 0.1657 0.2556 
          22  1 0.0566 0.0923 0.1419 0.0046 0.0058 0.1538 0.1918 0.3533 
          23  1 0.0271 0.4240 0.1296 0.0192 0.0125 0.1265 0.1481 0.1129 
          24  1 0.0184 0.1898 0.2127 0.0239 0.0585 0.1737 0.2013 0.1216 
          25  1 0.0175 0.1881 0.2068 0.0344 0.0253 0.1602 0.1833 0.1844 
          26  1 0.0139 0.1352 0.2332 0.0080 0.0041 0.1566 0.2140 0.2351 
          27  1 0.0179 0.1890 0.2103 0.0079 0.0076 0.1876 0.2294 0.1503 
          28  1 0.0424 0.1232 0.1889 0.0350 0.1396 0.1567 0.1848 0.1293 
          29  1 0.0053 0.2104 0.1769 0.0112 0.0363 0.1912 0.1763 0.1924 
          30  1 0.0078 0.1213 0.1732 0.0038 0.0036 0.2038 0.2259 0.2606 
          31  1 0.0446 0.1991 0.1983 0.0055 0.0074 0.1492 0.1706 0.2254 
          32  1 0.0105 0.3912 0.1527 0.0050 0.0047 0.1623 0.1743 0.0992 
          33  1 0.0592 0.4290 0.1156 0.0070 0.0050 0.1594 0.1563 0.0684 
          34  1 0.0130 0.2106 0.1873 0.0350 0.0167 0.1835 0.1662 0.1877 
          35  1 0.0246 0.2137 0.2359 0.0082 0.0088 0.1876 0.1858 0.1354 
          36  1 0.0084 0.2644 0.2236 0.0055 0.0058 0.1888 0.2104 0.0931 
          37  1 0.0269 0.2040 0.1674 0.0107 0.0740 0.1764 0.1576 0.1831 
          38  1 0.1163 0.3099 0.1945 0.0130 0.0065 0.1275 0.1298 0.1025 
          39  1 0.8916 0.0174 0.0179 0.0110 0.0099 0.0176 0.0165 0.0180 
          40  1 0.0452 0.2334 0.1797 0.0047 0.0160 0.1594 0.1581 0.2035 
          41  1 0.0136 0.2196 0.2621 0.0221 0.0111 0.1661 0.1865 0.1188 
          42  1 0.0343 0.2084 0.2270 0.0125 0.0120 0.2288 0.1937 0.0833 
          43  1 0.0199 0.2271 0.1826 0.0546 0.0089 0.1700 0.1919 0.1450 
          44  1 0.0092 0.2096 0.1872 0.0067 0.0387 0.1885 0.2082 0.1518 
          45  1 0.0036 0.1653 0.1829 0.0216 0.0040 0.1731 0.1776 0.2718 
          46  1 0.0084 0.1606 0.1909 0.0094 0.0099 0.1767 0.2378 0.2062 
          47  1 0.0255 0.1791 0.2349 0.0084 0.0332 0.1928 0.1784 0.1476 
          48  1 0.0117 0.2075 0.2333 0.0096 0.0345 0.1843 0.2078 0.1113 
          49  1 0.0253 0.1307 0.1495 0.0677 0.0146 0.1796 0.1589 0.2738 
          50  1 0.0066 0.2103 0.1860 0.0141 0.0069 0.1931 0.1963 0.1867 
          51  1 0.0054 0.2718 0.1776 0.0166 0.0044 0.2088 0.1637 0.1516 
          52  1 0.0174 0.2774 0.2024 0.0035 0.0052 0.1750 0.2031 0.1160 
          53  1 0.0047 0.3310 0.1719 0.0398 0.0061 0.1581 0.1686 0.1199 
          54  1 0.0318 0.2123 0.1937 0.0075 0.0891 0.1613 0.1651 0.1392 
          55  1 0.0054 0.1809 0.1638 0.1916 0.0114 0.1599 0.1539 0.1331 
          56  1 0.0424 0.1559 0.2139 0.0064 0.0168 0.2113 0.2046 0.1488 
          57  1 0.0090 0.1939 0.2065 0.0140 0.0064 0.1665 0.1966 0.2071 
          58  1 0.0082 0.1261 0.1565 0.0077 0.0265 0.1654 0.1897 0.3200 
          59  1 0.0087 0.2805 0.1967 0.0050 0.0059 0.1661 0.2129 0.1243 
          60  1 0.0112 0.1674 0.1488 0.0176 0.0135 0.1623 0.1800 0.2992 
          61  1 0.0500 0.1431 0.1558 0.0117 0.1923 0.1460 0.1688 0.1323 
          62  1 0.0051 0.3115 0.1905 0.0151 0.0067 0.1403 0.1909 0.1398 
          63  1 0.0239 0.2067 0.2060 0.0332 0.0130 0.1979 0.1786 0.1407 
          64  1 0.0077 0.1239 0.1710 0.0108 0.0057 0.2035 0.2618 0.2155 
          65  1 0.0142 0.1820 0.2798 0.0074 0.0089 0.1857 0.2084 0.1136 
          66  1 0.0063 0.2909 0.1955 0.0117 0.0094 0.1595 0.1731 0.1536 
          67  1 0.0185 0.3153 0.1601 0.0181 0.0518 0.1533 0.1794 0.1034 
          68  1 0.3322 0.1346 0.1340 0.0283 0.0271 0.1162 0.1336 0.0941 
          69  1 0.1449 0.2072 0.1545 0.0088 0.1217 0.1142 0.1533 0.0952 
          70  1 0.0164 0.1076 0.1365 0.0073 0.0160 0.1940 0.1568 0.3655 
          71  1 0.0186 0.3677 0.1522 0.0065 0.0242 0.1417 0.1792 0.1100 
          72  1 0.0048 0.2091 0.2679 0.0142 0.0133 0.1761 0.1975 0.1173 
          73  1 0.0217 0.2356 0.2089 0.0386 0.0084 0.1909 0.1981 0.0979 
          74  1 0.0166 0.1762 0.1990 0.0079 0.0070 0.1778 0.2404 0.1751 
          75  1 0.0086 0.1829 0.2814 0.0295 0.0062 0.1882 0.2052 0.0981 
          76  1 0.0280 0.3189 0.1746 0.0078 0.0075 0.1528 0.1944 0.1158 
          77  1 0.0086 0.0056 0.0055 0.9545 0.0075 0.0062 0.0058 0.0065 
          78  1 0.0139 0.0159 0.0167 0.8868 0.0114 0.0173 0.0183 0.0196 
          79  1 0.0041 0.0070 0.0067 0.9488 0.0117 0.0074 0.0071 0.0070 
          80  1 0.0027 0.0049 0.0049 0.9696 0.0031 0.0049 0.0050 0.0049 
          81  1 0.0038 0.0072 0.0068 0.9566 0.0039 0.0074 0.0068 0.0075 
          82  1 0.0082 0.0085 0.0081 0.9453 0.0061 0.0085 0.0080 0.0072 
          83  1 0.0138 0.0168 0.0181 0.8692 0.0234 0.0195 0.0176 0.0216 
          84  1 0.0100 0.0090 0.0090 0.9376 0.0058 0.0107 0.0091 0.0087 
          85  1 0.0088 0.0111 0.0115 0.9246 0.0088 0.0120 0.0106 0.0126 
          86  1 0.0169 0.0338 0.0357 0.8076 0.0079 0.0327 0.0388 0.0266 
          87  1 0.0050 0.0059 0.0055 0.9635 0.0035 0.0055 0.0057 0.0055 
          88  1 0.0138 0.0057 0.0056 0.9511 0.0080 0.0055 0.0054 0.0051 
          89  1 0.0078 0.0069 0.0069 0.9513 0.0064 0.0071 0.0067 0.0067 
          90  1 0.0171 0.1060 0.0970 0.4940 0.0144 0.0995 0.0933 0.0787 
          91  1 0.0131 0.0066 0.0065 0.9477 0.0066 0.0065 0.0065 0.0065 
          92  1 0.0059 0.0072 0.0073 0.9488 0.0100 0.0072 0.0063 0.0073 
          93  1 0.0046 0.0063 0.0064 0.9590 0.0049 0.0061 0.0063 0.0064 
          94  1 0.0040 0.0047 0.0046 0.9675 0.0055 0.0047 0.0046 0.0045 
          95  1 0.0193 0.0115 0.0114 0.9132 0.0102 0.0120 0.0113 0.0111 
          96  1 0.0066 0.0060 0.0060 0.9584 0.0053 0.0062 0.0061 0.0056 
          97  1 0.0082 0.0443 0.0437 0.6792 0.0919 0.0461 0.0466 0.0401 
          98  1 0.0168 0.1345 0.1451 0.2882 0.0198 0.1387 0.1390 0.1180 
          99  1 0.0201 0.0063 0.0063 0.9456 0.0036 0.0060 0.0063 0.0059 
         100  1 0.0089 0.0416 0.0354 0.8056 0.0089 0.0376 0.0326 0.0293 
         101  1 0.0138 0.0091 0.0085 0.9374 0.0046 0.0088 0.0092 0.0086 
         102  1 0.0300 0.0407 0.0369 0.7033 0.0769 0.0364 0.0371 0.0387 
         103  1 0.0583 0.1642 0.1723 0.0080 0.0072 0.1839 0.2017 0.2043 
         104  1 0.0048 0.1615 0.1945 0.0052 0.0045 0.2256 0.1687 0.2352 
         105  1 0.0112 0.2058 0.2116 0.0060 0.0189 0.2125 0.1912 0.1428 
         106  1 0.0068 0.1752 0.2354 0.0189 0.0115 0.1777 0.1647 0.2097 
         107  1 0.0090 0.1027 0.1984 0.0160 0.0075 0.1953 0.2424 0.2288 
         108  1 0.0339 0.1243 0.1423 0.0141 0.0165 0.1565 0.1236 0.3888 
         109  1 0.0203 0.1777 0.2046 0.0187 0.0351 0.2158 0.2093 0.1183 
         110  1 0.0176 0.3102 0.1850 0.0049 0.0169 0.1620 0.1911 0.1123 
         111  1 0.0196 0.1974 0.1742 0.0058 0.0063 0.1870 0.2117 0.1981 
         112  1 0.0497 0.2005 0.2025 0.0136 0.0051 0.1855 0.2256 0.1174 
         113  1 0.0131 0.1635 0.2692 0.0313 0.0081 0.2112 0.2043 0.0994 
         114  1 0.0041 0.2668 0.1662 0.0117 0.0079 0.2067 0.1829 0.1536 
         115  1 0.0536 0.1610 0.1525 0.0061 0.0495 0.1703 0.2061 0.2009 
         116  1 0.0053 0.1320 0.2592 0.0090 0.0042 0.2222 0.2081 0.1600 
         117  1 0.0065 0.0934 0.1246 0.0049 0.0062 0.1776 0.1362 0.4506 
         118  1 0.0183 0.2025 0.1404 0.0082 0.0077 0.1522 0.1501 0.3206 
         119  1 0.0125 0.1812 0.2203 0.0101 0.0046 0.2164 0.1960 0.1589 
         120  1 0.0086 0.1154 0.1507 0.0292 0.0046 0.1651 0.1836 0.3429 
         121  1 0.0628 0.1326 0.1537 0.0190 0.0117 0.1856 0.1436 0.2909 
         122  1 0.0141 0.1490 0.2276 0.0108 0.0136 0.1743 0.2473 0.1633 
         123  1 0.0293 0.1516 0.1957 0.0104 0.0110 0.2123 0.1931 0.1966 
         124  1 0.0618 0.2099 0.1668 0.0293 0.0078 0.1852 0.1751 0.1641 
         125  1 0.0064 0.2673 0.2104 0.0049 0.0086 0.1927 0.1657 0.1440 
         126  1 0.0063 0.1776 0.1951 0.0530 0.0152 0.1925 0.1570 0.2033 
         127  1 0.0139 0.2265 0.1796 0.0107 0.0111 0.1963 0.1722 0.1896 
         128  1 0.0049 0.0927 0.1241 0.4632 0.0058 0.0981 0.1174 0.0938 
         129  1 0.0107 0.1853 0.1659 0.0535 0.0135 0.1813 0.1885 0.2012 
         130  1 0.0813 0.2443 0.2081 0.0058 0.0114 0.1510 0.1833 0.1149 
         131  1 0.0108 0.1400 0.1748 0.0475 0.0057 0.2128 0.1640 0.2444 
         132  1 0.0099 0.3348 0.1929 0.0060 0.0036 0.1657 0.1825 0.1048 
         133  1 0.0059 0.1368 0.1635 0.0647 0.0050 0.1702 0.1499 0.3040 
         134  1 0.0068 0.4267 0.1849 0.0242 0.0065 0.1489 0.1446 0.0573 
         135  1 0.0096 0.1595 0.1221 0.1058 0.0536 0.1777 0.1524 0.2193 
         136  1 0.0146 0.2136 0.1264 0.0513 0.0091 0.1479 0.1068 0.3303 
         137  1 0.0133 0.1268 0.2025 0.0064 0.0103 0.2445 0.2128 0.1833 
         138  1 0.0040 0.3372 0.2026 0.0128 0.0077 0.1481 0.1658 0.1219 
         139  1 0.0666 0.2434 0.1578 0.0198 0.0054 0.1879 0.1931 0.1260 
         140  1 0.0503 0.1615 0.1542 0.0297 0.0600 0.1660 0.1837 0.1947 
         141  1 0.0178 0.2130 0.2498 0.0057 0.0068 0.1754 0.2038 0.1276 
         142  1 0.0116 0.1163 0.1888 0.0052 0.0093 0.1926 0.2107 0.2655 
         143  1 0.0117 0.1410 0.1798 0.0217 0.0059 0.2699 0.1958 0.1743 
         144  1 0.0110 0.1937 0.1586 0.0156 0.0056 0.1846 0.2359 0.1948 
         145  1 0.1499 0.1246 0.1552 0.0090 0.0582 0.1579 0.1469 0.1983 
         146  1 0.0127 0.2367 0.1984 0.0164 0.0167 0.1826 0.1745 0.1621 
         147  1 0.1230 0.1203 0.1989 0.0061 0.0207 0.1956 0.1742 0.1613 
         148  1 0.0046 0.2617 0.1820 0.0607 0.0078 0.1940 0.1843 0.1048 
         149  1 0.0287 0.1841 0.1808 0.0062 0.0294 0.1706 0.1735 0.2268 
         150  1 0.0072 0.1564 0.1690 0.0366 0.0821 0.1676 0.1490 0.2319 
         151  1 0.0133 0.2279 0.2208 0.0075 0.0079 0.1927 0.1834 0.1466 
         152  1 0.2562 0.0702 0.0811 0.0342 0.3354 0.0835 0.0821 0.0573 
         153  1 0.0429 0.2806 0.1587 0.0209 0.0393 0.1563 0.1890 0.1123 
         154  1 0.0627 0.2289 0.1898 0.0254 0.0764 0.1614 0.1389 0.1164 
         155  1 0.0079 0.2330 0.1868 0.0075 0.0077 0.2310 0.1996 0.1265 
         156  1 0.0094 0.1055 0.1751 0.1929 0.0317 0.2064 0.1561 0.1229 
         157  1 0.0221 0.4145 0.1485 0.0159 0.0071 0.1445 0.1365 0.1110 
         158  1 0.0130 0.3450 0.1639 0.0125 0.0053 0.1602 0.1569 0.1432 
         159  1 0.0116 0.1604 0.1566 0.0402 0.2718 0.1130 0.1155 0.1309 
         160  1 0.0880 0.1310 0.1459 0.0100 0.0098 0.2089 0.1691 0.2373 
         161  1 0.0261 0.2084 0.1486 0.0252 0.0300 0.1473 0.1471 0.2674 
         162  1 0.0063 0.1428 0.1743 0.0079 0.0121 0.2203 0.2533 0.1831 
         163  1 0.0132 0.1063 0.1609 0.0043 0.0054 0.2074 0.1836 0.3189 
         164  1 0.0181 0.1739 0.1962 0.0042 0.0075 0.1833 0.1961 0.2206 
         165  1 0.0041 0.2257 0.2178 0.0041 0.0692 0.2364 0.1858 0.0568 
         166  1 0.0315 0.1465 0.1398 0.0917 0.0041 0.1367 0.0868 0.3630 
         167  1 0.0177 0.1345 0.2248 0.0055 0.0070 0.2351 0.1983 0.1772 
         168  1 0.0080 0.1869 0.1492 0.0176 0.0137 0.1752 0.2114 0.2381 
         169  1 0.0053 0.2360 0.1822 0.0056 0.0046 0.1976 0.2032 0.1655 
         170  1 0.0168 0.1240 0.1919 0.0083 0.0125 0.2408 0.1907 0.2149 
         171  1 0.0471 0.1394 0.2165 0.0067 0.0222 0.2083 0.1787 0.1811 
         172  1 0.0195 0.1460 0.2209 0.0041 0.0099 0.2291 0.2139 0.1566 
         173  1 0.0106 0.1623 0.2216 0.0099 0.0171 0.1588 0.2701 0.1496 
         174  1 0.0134 0.1508 0.2171 0.0059 0.1063 0.2037 0.1780 0.1249 
         175  1 0.0542 0.1450 0.2117 0.0058 0.0139 0.2089 0.2005 0.1599 
         176  1 0.0291 0.1412 0.1844 0.0103 0.0130 0.2195 0.1611 0.2414 
         177  1 0.0249 0.1229 0.1676 0.0047 0.0058 0.1734 0.1780 0.3227 
         178  1 0.0207 0.2316 0.1312 0.0052 0.0153 0.1527 0.1757 0.2677 
         179  1 0.7182 0.0419 0.0540 0.0148 0.0113 0.0463 0.0541 0.0594 
         180  1 0.0133 0.1181 0.1642 0.0084 0.0050 0.2012 0.2523 0.2374 
         181  1 0.0260 0.1456 0.1617 0.0564 0.0131 0.1805 0.1582 0.2585 
         182  1 0.0413 0.1082 0.1392 0.0310 0.0088 0.1778 0.1137 0.3801 
         183  1 0.0175 0.2405 0.2108 0.0572 0.0186 0.1906 0.1644 0.1006 
         184  1 0.0514 0.1866 0.1897 0.0142 0.0078 0.2070 0.2079 0.1354 
         185  1 0.0194 0.1642 0.2590 0.0186 0.0076 0.2043 0.1899 0.1369 
         186  1 0.0061 0.0742 0.1340 0.0061 0.0037 0.2068 0.1447 0.4244 
         187  1 0.0800 0.1729 0.2113 0.0063 0.0303 0.1536 0.2075 0.1381 
         188  1 0.0222 0.1735 0.2312 0.0082 0.0207 0.1761 0.2177 0.1505 
         189  1 0.0755 0.1657 0.1719 0.0095 0.0114 0.1731 0.1621 0.2308 
         190  1 0.0235 0.1902 0.1518 0.0054 0.0258 0.1636 0.1838 0.2559 
         191  1 0.0239 0.1377 0.1401 0.0659 0.0577 0.1753 0.1609 0.2384 
         192  1 0.0260 0.1587 0.1857 0.0035 0.0597 0.1813 0.2198 0.1652 
         193  1 0.0489 0.3157 0.1903 0.0073 0.0089 0.1576 0.1663 0.1049 
         194  1 0.0250 0.1619 0.2345 0.0068 0.0193 0.1824 0.2274 0.1427 
         195  1 0.0099 0.1418 0.1645 0.0063 0.0246 0.1994 0.1750 0.2785 
         196  1 0.0383 0.1670 0.1539 0.3150 0.0060 0.1069 0.1304 0.0824 
         197  1 0.0184 0.1908 0.2197 0.0252 0.0050 0.1839 0.1863 0.1707 
         198  1 0.0265 0.2287 0.2102 0.0166 0.0101 0.2007 0.1916 0.1156 
         199  1 0.0421 0.1193 0.1475 0.0080 0.0082 0.1829 0.1470 0.3450 
         200  1 0.0141 0.2401 0.2113 0.0260 0.0050 0.1773 0.2029 0.1233 
         201  1 0.0790 0.1590 0.1848 0.0047 0.0629 0.1705 0.1888 0.1503 
         202  1 0.0111 0.3430 0.1911 0.0264 0.0048 0.1419 0.1805 0.1011 
         203  1 0.0324 0.1409 0.1465 0.0408 0.0067 0.2045 0.1847 0.2436 
         204  1 0.0041 0.2624 0.2264 0.0115 0.0103 0.1885 0.1785 0.1183 
         205  1 0.0037 0.2307 0.1997 0.0111 0.0218 0.2209 0.1824 0.1296 
         206  1 0.0256 0.1531 0.1714 0.0081 0.0196 0.1983 0.2522 0.1716 
         207  1 0.0474 0.1204 0.1378 0.0230 0.0053 0.1939 0.1882 0.2838 
         208  1 0.0036 0.1401 0.1811 0.0352 0.0050 0.2317 0.2086 0.1946 
         209  1 0.0062 0.3295 0.1936 0.0091 0.0340 0.1622 0.1675 0.0978 
         210  1 0.0105 0.2868 0.2033 0.0157 0.0085 0.1671 0.1570 0.1511 
         211  1 0.0071 0.1144 0.2113 0.0080 0.0058 0.2240 0.2407 0.1886 
         212  1 0.0114 0.1469 0.1887 0.0227 0.0281 0.1937 0.2355 0.1730 
         213  1 0.0093 0.2344 0.2066 0.0160 0.0110 0.2000 0.2008 0.1220 
         214  1 0.0073 0.2027 0.2204 0.0101 0.0275 0.1650 0.2021 0.1648 
         215  1 0.0146 0.1410 0.1931 0.0115 0.0077 0.1816 0.2620 0.1885 
         216  1 0.0122 0.1856 0.2312 0.0082 0.0105 0.1970 0.2041 0.1513 
         217  1 0.0230 0.1418 0.1874 0.0064 0.0299 0.1826 0.1729 0.2560 
         218  1 0.0098 0.2136 0.2106 0.0362 0.0118 0.1690 0.2102 0.1389 
         219  1 0.0144 0.1827 0.1527 0.0055 0.0037 0.1716 0.1664 0.3030 
         220  1 0.0105 0.1679 0.1224 0.3583 0.0110 0.1115 0.1161 0.1022 
         221  1 0.0157 0.1576 0.1576 0.0229 0.0182 0.2057 0.1853 0.2370 
         222  1 0.0639 0.1934 0.1642 0.0085 0.0811 0.1580 0.1760 0.1549 
         223  1 0.0509 0.1734 0.1588 0.0056 0.0228 0.1933 0.1655 0.2296 
         224  1 0.0068 0.1622 0.2140 0.0047 0.0155 0.1702 0.2090 0.2177 
         225  1 0.2491 0.0830 0.1012 0.0072 0.2475 0.1083 0.1022 0.1015 
         226  1 0.0073 0.1447 0.2327 0.0092 0.0251 0.1901 0.2228 0.1681 
         227  1 0.0082 0.1489 0.2588 0.0085 0.0057 0.1959 0.2620 0.1120 
         228  1 0.0681 0.1783 0.2122 0.0059 0.0064 0.1811 0.1925 0.1555 
         229  1 0.0330 0.2267 0.2145 0.0236 0.0155 0.1625 0.1953 0.1289 
         230  1 0.0064 0.1909 0.1538 0.0058 0.0225 0.1956 0.2509 0.1743 
         231  1 0.0095 0.0951 0.1175 0.0063 0.0078 0.2087 0.1252 0.4298 
         232  1 0.0074 0.1486 0.1746 0.0068 0.0040 0.1903 0.2152 0.2532 
         233  1 0.0516 0.0976 0.1209 0.0151 0.0101 0.1838 0.1393 0.3816 
         234  1 0.0464 0.1895 0.1919 0.0066 0.0242 0.1603 0.1854 0.1956 
         235  1 0.0176 0.2295 0.2454 0.0085 0.0095 0.1804 0.1812 0.1280 
         236  1 0.0095 0.1860 0.1685 0.0205 0.0127 0.1989 0.1741 0.2299 
         237  1 0.0248 0.1914 0.1646 0.0304 0.0217 0.2031 0.1903 0.1738 
         238  1 0.0062 0.2038 0.2371 0.0184 0.0299 0.1812 0.1897 0.1338 
         239  1 0.0172 0.2262 0.1688 0.0152 0.0095 0.2206 0.1367 0.2058 
         240  1 0.2638 0.1393 0.1342 0.1090 0.0144 0.1244 0.1360 0.0789 
         241  1 0.0137 0.1481 0.2075 0.0094 0.0054 0.2071 0.1893 0.2194 
         242  1 0.0129 0.2522 0.1570 0.0263 0.0091 0.1924 0.1730 0.1769 
         243  1 0.0055 0.2398 0.1658 0.0095 0.0115 0.1732 0.1899 0.2049 
         244  1 0.0063 0.0954 0.1829 0.0172 0.0039 0.1878 0.2504 0.2561 
         245  1 0.0298 0.5530 0.1323 0.0127 0.0125 0.0985 0.1110 0.0502 
         246  1 0.0075 0.1683 0.2070 0.0534 0.0056 0.2018 0.1777 0.1787 
         247  1 0.0378 0.2426 0.1839 0.0047 0.0287 0.1694 0.1922 0.1407 
         248  1 0.0117 0.1716 0.1497 0.0202 0.0087 0.2010 0.1642 0.2730 
         249  1 0.0106 0.3142 0.1373 0.0051 0.0076 0.1973 0.1748 0.1531 
         250  1 0.0114 0.1047 0.1715 0.0111 0.0300 0.2283 0.1858 0.2573 
         251  1 0.0197 0.1705 0.2597 0.0213 0.0060 0.1899 0.1566 0.1763 
         252  1 0.0043 0.1862 0.2102 0.0320 0.0286 0.1975 0.2091 0.1322 
         253  1 0.0056 0.2119 0.1928 0.0544 0.0082 0.1838 0.1795 0.1638 
         254  1 0.0112 0.1875 0.2130 0.0090 0.0069 0.2090 0.2287 0.1347 
         255  1 0.0081 0.2488 0.2096 0.0471 0.0052 0.1495 0.1802 0.1515 
         256  1 0.0136 0.1272 0.1984 0.0038 0.0095 0.2553 0.1557 0.2364 
         257  1 0.0115 0.1420 0.1449 0.0239 0.0161 0.1734 0.1563 0.3318 
         258  1 0.0091 0.1900 0.2420 0.0047 0.0056 0.1877 0.2132 0.1478 
         259  1 0.0173 0.1678 0.1947 0.0074 0.0053 0.1627 0.1927 0.2521 
         260  1 0.0170 0.1695 0.2084 0.0078 0.0181 0.1923 0.2090 0.1779 
         261  1 0.0181 0.3998 0.1552 0.0092 0.0065 0.1124 0.1397 0.1592 
         262  1 0.0064 0.2121 0.2478 0.0065 0.0062 0.1820 0.2319 0.1070 
         263  1 0.0046 0.2223 0.1549 0.0097 0.1410 0.1450 0.1603 0.1621 
         264  1 0.0124 0.3599 0.1768 0.0136 0.0267 0.1449 0.1859 0.0798 
         265  1 0.0124 0.5003 0.1035 0.0115 0.0231 0.1203 0.1574 0.0715 
         266  1 0.0214 0.2629 0.1800 0.0210 0.0087 0.1522 0.1711 0.1827 
         267  1 0.0720 0.1979 0.1943 0.1091 0.0103 0.1495 0.1543 0.1126 
         268  1 0.0225 0.1376 0.1373 0.2654 0.0566 0.1310 0.1473 0.1022 
         269  1 0.2218 0.1498 0.1797 0.0223 0.0127 0.1242 0.1660 0.1237 
         270  1 0.0082 0.1952 0.2416 0.0205 0.0058 0.2051 0.1747 0.1490 
         271  1 0.0140 0.2059 0.2042 0.0475 0.0287 0.1825 0.1670 0.1503 
         272  1 0.5344 0.0886 0.0980 0.0092 0.0166 0.0907 0.0818 0.0807 
         273  1 0.0304 0.2168 0.1874 0.0043 0.0233 0.1852 0.1877 0.1650 
         274  1 0.0230 0.1769 0.1934 0.0237 0.0256 0.2021 0.1894 0.1659 
         275  1 0.0196 0.2020 0.1740 0.0236 0.0080 0.1886 0.1824 0.2018 
         276  1 0.0476 0.1321 0.1656 0.0090 0.1089 0.1948 0.1836 0.1584 
         277  1 0.0171 0.1418 0.1629 0.0054 0.0116 0.1742 0.1560 0.3309 
         278  1 0.0101 0.1925 0.1635 0.0810 0.0833 0.1405 0.1748 0.1543 
         279  1 0.0105 0.1788 0.1981 0.0211 0.0249 0.2294 0.1787 0.1585 
         280  1 0.0286 0.1427 0.2017 0.0134 0.0051 0.2060 0.1871 0.2154 
         281  1 0.0058 0.2186 0.2006 0.0314 0.0040 0.1517 0.2187 0.1692 
         282  1 0.0224 0.1983 0.1873 0.0108 0.0487 0.1958 0.1703 0.1664 
         283  1 0.0133 0.1578 0.1612 0.0134 0.2197 0.1437 0.1481 0.1428 
         284  1 0.0137 0.1943 0.1877 0.0081 0.0390 0.1904 0.1973 0.1695 
         285  1 0.0161 0.3324 0.1888 0.0511 0.0191 0.1210 0.1830 0.0885 
         286  1 0.0131 0.1297 0.1911 0.0108 0.0087 0.2047 0.1506 0.2913 
         287  1 0.0119 0.1197 0.1740 0.0510 0.0103 0.1939 0.1526 0.2866 
         288  1 0.0212 0.1523 0.1747 0.0187 0.0144 0.1899 0.1563 0.2725 
         289  1 0.0164 0.2118 0.2165 0.0041 0.0085 0.1633 0.2351 0.1442 
         290  1 0.0131 0.1994 0.1770 0.0225 0.0076 0.2149 0.1755 0.1899 
         291  1 0.0062 0.1217 0.1462 0.0211 0.0165 0.1696 0.1518 0.3669 
         292  1 0.1030 0.1579 0.1826 0.0176 0.0334 0.1934 0.1786 0.1336 
         293  1 0.0113 0.1026 0.2039 0.0119 0.0080 0.2638 0.1985 0.2001 
         294  1 0.0051 0.1346 0.1269 0.1683 0.0787 0.1713 0.1391 0.1761 
         295  1 0.0484 0.1213 0.1521 0.0303 0.0096 0.1784 0.1557 0.3042 
         296  1 0.0322 0.1849 0.1900 0.0073 0.0394 0.2002 0.1744 0.1715 
         297  1 0.0140 0.1557 0.2028 0.0094 0.0522 0.2200 0.2104 0.1354 
         298  1 0.0042 0.2074 0.1927 0.0107 0.0069 0.1838 0.2345 0.1598 
         299  1 0.0079 0.2397 0.1858 0.0207 0.0271 0.2127 0.1808 0.1253 
         300  1 0.0287 0.2155 0.2085 0.0103 0.0162 0.2251 0.2005 0.0953 
         301  1 0.0076 0.0988 0.1316 0.1098 0.0053 0.1794 0.2206 0.2469 
         302  1 0.0057 0.1311 0.1538 0.0059 0.0101 0.2194 0.1517 0.3224 
         303  1 0.0079 0.2412 0.1788 0.0074 0.0679 0.1679 0.1379 0.1909 
         304  1 0.0071 0.1116 0.1799 0.0043 0.0086 0.2136 0.3011 0.1738 
         305  1 0.0084 0.1779 0.2176 0.0252 0.0067 0.1791 0.1932 0.1920 
         306  1 0.0065 0.2269 0.1696 0.0078 0.0087 0.2349 0.1810 0.1645 
         307  1 0.0341 0.2319 0.2002 0.0141 0.0252 0.2035 0.1635 0.1277 
         308  1 0.0078 0.1745 0.2110 0.0152 0.0066 0.2083 0.2127 0.1638 
         309  1 0.0117 0.1674 0.2188 0.0073 0.0408 0.2384 0.1960 0.1197 
         310  1 0.0070 0.1616 0.1759 0.0086 0.0987 0.2141 0.1802 0.1541 
         311  1 0.0077 0.1204 0.1936 0.0065 0.0176 0.2622 0.2406 0.1514 
         312  1 0.0670 0.1167 0.1296 0.0783 0.0279 0.1800 0.1253 0.2753 
         313  1 0.0366 0.1365 0.1829 0.0050 0.0057 0.1682 0.2824 0.1827 
         314  1 0.0836 0.2020 0.1535 0.0879 0.0491 0.1393 0.1446 0.1400 
         315  1 0.0127 0.1375 0.2688 0.0095 0.0080 0.2282 0.2122 0.1230 
         316  1 0.0491 0.3004 0.1670 0.0073 0.0760 0.1309 0.1609 0.1083 
         317  1 0.0141 0.1504 0.1899 0.0231 0.0276 0.1849 0.1636 0.2464 
         318  1 0.0468 0.1487 0.1829 0.0056 0.0238 0.1863 0.2160 0.1899 
         319  1 0.0918 0.1583 0.1356 0.0070 0.1637 0.1444 0.1345 0.1647 
         320  1 0.0110 0.1347 0.1242 0.2265 0.0485 0.1192 0.1492 0.1867 
         321  1 0.0182 0.2848 0.1700 0.0110 0.0052 0.1942 0.1826 0.1339 
         322  1 0.0183 0.1595 0.1786 0.0348 0.0153 0.1811 0.1916 0.2207 
         323  1 0.0109 0.2424 0.1499 0.0269 0.0117 0.1726 0.1715 0.2140 
         324  1 0.0156 0.2329 0.1749 0.0065 0.0068 0.1930 0.2141 0.1562 
         325  1 0.0357 0.1477 0.2391 0.0314 0.0258 0.1985 0.1933 0.1284 
         326  1 0.0056 0.1695 0.2397 0.0037 0.0062 0.1650 0.2430 0.1672 
         327  1 0.0408 0.1548 0.1916 0.0101 0.0052 0.1806 0.2206 0.1962 
         328  1 0.0102 0.1740 0.2048 0.0340 0.0158 0.1962 0.2124 0.1528 
         329  1 0.0107 0.1424 0.1828 0.0267 0.0167 0.2094 0.1913 0.2199 
         330  1 0.2914 0.0837 0.1107 0.0204 0.0045 0.1189 0.1092 0.2612 
         331  1 0.1350 0.1516 0.1978 0.0149 0.0050 0.1703 0.1691 0.1563 
         332  1 0.0061 0.1180 0.1655 0.0037 0.0086 0.2522 0.2508 0.1951 
         333  1 0.0060 0.1600 0.1862 0.0081 0.0105 0.1809 0.1684 0.2801 
         334  1 0.1091 0.2787 0.1992 0.0219 0.0051 0.1488 0.1685 0.0686 
         335  1 0.0171 0.2381 0.1413 0.0520 0.0068 0.1610 0.1921 0.1917 
         336  1 0.9645 0.0051 0.0057 0.0047 0.0041 0.0053 0.0056 0.0049 
         337  1 0.6437 0.0685 0.0570 0.0180 0.0415 0.0583 0.0573 0.0557 
         338  1 0.9615 0.0046 0.0043 0.0132 0.0029 0.0047 0.0043 0.0045 
         339  1 0.9786 0.0032 0.0030 0.0027 0.0031 0.0032 0.0031 0.0031 
         340  1 0.9539 0.0062 0.0058 0.0037 0.0125 0.0061 0.0059 0.0060 
         341  1 0.0107 0.2002 0.2009 0.0091 0.0067 0.1841 0.2201 0.1683 
         342  1 0.9805 0.0027 0.0028 0.0026 0.0028 0.0028 0.0029 0.0029 
         343  1 0.9381 0.0090 0.0087 0.0071 0.0094 0.0096 0.0094 0.0086 
         344  1 0.9577 0.0059 0.0061 0.0058 0.0062 0.0060 0.0063 0.0060 
         345  1 0.9294 0.0095 0.0095 0.0043 0.0177 0.0100 0.0102 0.0093 
         346  1 0.9613 0.0054 0.0050 0.0051 0.0076 0.0052 0.0055 0.0049 
         347  1 0.9450 0.0080 0.0079 0.0051 0.0098 0.0085 0.0081 0.0075 
         348  1 0.8398 0.0205 0.0204 0.0441 0.0097 0.0236 0.0238 0.0182 
         349  1 0.9799 0.0028 0.0028 0.0030 0.0029 0.0028 0.0029 0.0029 
         350  1 0.8147 0.0265 0.0284 0.0349 0.0044 0.0328 0.0287 0.0297 
         351  1 0.9495 0.0060 0.0062 0.0042 0.0159 0.0061 0.0061 0.0060 
         352  1 0.0179 0.1074 0.2081 0.0105 0.0059 0.2076 0.2314 0.2112 
         353  1 0.9660 0.0050 0.0048 0.0041 0.0051 0.0050 0.0050 0.0050 
         354  1 0.9638 0.0052 0.0052 0.0045 0.0054 0.0052 0.0055 0.0052 
         355  1 0.9575 0.0058 0.0060 0.0048 0.0086 0.0056 0.0059 0.0057 
         356  1 0.0169 0.2275 0.2085 0.0192 0.0079 0.1797 0.2145 0.1257 
         357  1 0.0438 0.0936 0.1728 0.0142 0.1370 0.1841 0.2066 0.1479 
         358  1 0.0082 0.1673 0.1511 0.0265 0.0100 0.1872 0.1673 0.2822 
         359  1 0.0187 0.2272 0.2095 0.0085 0.0219 0.1659 0.2139 0.1344 
         360  1 0.0191 0.1657 0.1571 0.0291 0.0506 0.1939 0.2011 0.1835 
         361  1 0.2082 0.1287 0.1400 0.0149 0.1257 0.1245 0.1388 0.1193 
         362  1 0.0095 0.1505 0.1631 0.0311 0.0052 0.1734 0.1379 0.3294 
         363  1 0.0301 0.1058 0.2631 0.0057 0.0062 0.2311 0.2195 0.1385 
         364  1 0.0087 0.2117 0.2243 0.0052 0.0060 0.2364 0.1964 0.1113 
         365  1 0.0632 0.1273 0.2656 0.0076 0.0069 0.1903 0.2385 0.1007 
         366  1 0.0191 0.1273 0.1979 0.0074 0.0054 0.1815 0.2034 0.2581 
         367  1 0.0103 0.1660 0.1561 0.0273 0.0135 0.2052 0.1851 0.2365 
         368  1 0.0119 0.1432 0.1853 0.0116 0.0104 0.2212 0.1643 0.2521 
         369  1 0.0142 0.1205 0.2501 0.0106 0.0046 0.2310 0.2203 0.1486 
         370  1 0.0777 0.1358 0.1786 0.0057 0.0473 0.1927 0.1599 0.2022 
         371  1 0.0106 0.1404 0.2062 0.0090 0.0472 0.2426 0.1505 0.1935 
         372  1 0.0857 0.1867 0.2282 0.0069 0.0375 0.1638 0.2081 0.0831 
         373  1 0.0115 0.1896 0.1757 0.0113 0.0151 0.1894 0.2286 0.1787 
         374  1 0.0129 0.1599 0.1539 0.1194 0.0453 0.1868 0.1453 0.1765 
         375  1 0.0156 0.1453 0.2222 0.0042 0.0218 0.2298 0.2261 0.1351 
         376  1 0.0177 0.1603 0.1605 0.0104 0.0131 0.1645 0.2323 0.2412 
         377  1 0.0095 0.1903 0.2040 0.0122 0.0091 0.1819 0.2303 0.1627 
         378  1 0.0896 0.1251 0.1510 0.0223 0.0088 0.1915 0.1688 0.2431 
         379  1 0.0151 0.1704 0.2210 0.0063 0.0109 0.2106 0.2159 0.1498 
         380  1 0.0104 0.2054 0.2140 0.0066 0.0152 0.1744 0.2392 0.1346 
         381  1 0.0124 0.1283 0.1795 0.0165 0.0111 0.2015 0.2475 0.2033 
         382  1 0.0169 0.2728 0.1931 0.0063 0.0239 0.1563 0.2140 0.1167 
         383  1 0.0049 0.2016 0.1949 0.0490 0.0145 0.1831 0.2003 0.1517 
         384  1 0.0215 0.1747 0.2130 0.0097 0.0111 0.2149 0.2031 0.1520 
         385  1 0.0155 0.2856 0.1847 0.0030 0.0046 0.1719 0.1987 0.1360 
         386  1 0.0078 0.1451 0.1634 0.0264 0.0091 0.2291 0.1934 0.2256 
         387  1 0.0379 0.1709 0.1699 0.0049 0.0080 0.1923 0.1903 0.2257 
         388  1 0.0275 0.1425 0.1904 0.0148 0.0122 0.1859 0.2119 0.2147 
         389  1 0.0481 0.2104 0.2140 0.0200 0.0066 0.1717 0.2033 0.1258 
         390  1 0.0302 0.2578 0.1704 0.0297 0.0041 0.1762 0.1669 0.1648 
         391  1 0.0062 0.2402 0.1824 0.0075 0.0066 0.2120 0.1729 0.1721 
         392  1 0.0056 0.0928 0.1430 0.0040 0.0149 0.2049 0.1651 0.3697 
         393  1 0.0102 0.2259 0.2029 0.0259 0.0066 0.2127 0.1884 0.1274 
         394  1 0.0071 0.1238 0.1893 0.0060 0.0065 0.2095 0.1436 0.3143 
         395  1 0.0046 0.1151 0.1409 0.0068 0.0054 0.1987 0.1447 0.3837 
         396  1 0.0083 0.1475 0.2239 0.0086 0.0056 0.2237 0.2363 0.1461 
         397  1 0.0145 0.1672 0.1840 0.0093 0.0073 0.2087 0.1715 0.2375 
         398  1 0.0753 0.0870 0.1096 0.3985 0.0208 0.1023 0.0994 0.1071 
         399  1 0.0148 0.1956 0.2308 0.0138 0.0111 0.1873 0.2283 0.1183 
         400  1 0.0089 0.1907 0.1992 0.0183 0.0306 0.1681 0.2189 0.1653 
         401  1 0.0076 0.1143 0.1420 0.0161 0.0078 0.1824 0.1340 0.3959 
         402  1 0.0040 0.1343 0.1506 0.0061 0.0150 0.1968 0.1706 0.3226 
         403  1 0.0079 0.1358 0.1755 0.0115 0.0062 0.2255 0.2190 0.2185 
         404  1 0.0515 0.1579 0.1490 0.0055 0.0204 0.2132 0.1896 0.2129 
         405  1 0.0214 0.0916 0.1884 0.0374 0.0084 0.1799 0.2540 0.2188 
         406  1 0.0215 0.1767 0.1981 0.0072 0.0442 0.2028 0.1648 0.1848 
         407  1 0.0143 0.2566 0.2495 0.0078 0.0130 0.1903 0.1752 0.0933 
         408  1 0.0090 0.1295 0.1626 0.0105 0.0076 0.1798 0.1464 0.3546 
         409  1 0.0120 0.2499 0.1892 0.0107 0.0188 0.2009 0.1698 0.1489 
         410  1 0.0064 0.1859 0.2280 0.0137 0.0087 0.1764 0.2214 0.1595 
         411  1 0.0267 0.1460 0.2217 0.0069 0.0280 0.2015 0.2195 0.1496 
         412  1 0.0057 0.2397 0.2321 0.0082 0.0132 0.2000 0.1875 0.1136 
         413  1 0.0038 0.1533 0.2143 0.0104 0.0053 0.2180 0.1950 0.1999 
         414  1 0.0208 0.1364 0.1752 0.0068 0.0180 0.1752 0.2398 0.2279 
         415  1 0.0110 0.2685 0.1908 0.0382 0.0069 0.1604 0.1775 0.1468 
         416  1 0.0091 0.1675 0.2151 0.0080 0.0104 0.1682 0.2244 0.1973 
         417  1 0.0129 0.1560 0.1882 0.0263 0.0117 0.2284 0.2038 0.1728 
         418  1 0.0409 0.1794 0.1858 0.0234 0.0054 0.1936 0.2331 0.1383 
         419  1 0.0085 0.1454 0.1890 0.0427 0.0102 0.2313 0.1758 0.1971 
         420  1 0.0052 0.1139 0.1576 0.1823 0.0073 0.1732 0.1733 0.1872 
         421  1 0.0137 0.2709 0.1800 0.0476 0.0089 0.1841 0.1645 0.1302 
         422  1 0.0181 0.1427 0.1797 0.0654 0.1098 0.1856 0.1435 0.1552 
         423  1 0.0116 0.1416 0.2053 0.0042 0.0151 0.1883 0.1986 0.2353 
         424  1 0.0094 0.1216 0.2338 0.0105 0.0158 0.2015 0.2413 0.1661 
         425  1 0.0076 0.1153 0.2271 0.0053 0.0067 0.1995 0.2294 0.2091 
         426  1 0.0211 0.1275 0.2244 0.0072 0.0321 0.2070 0.1844 0.1962 
         427  1 0.0042 0.1883 0.1826 0.0095 0.0052 0.1863 0.1572 0.2668 
         428  1 0.0083 0.2439 0.1716 0.0094 0.0058 0.1800 0.1366 0.2445 
         429  1 0.0048 0.3653 0.1625 0.0042 0.0128 0.1747 0.1846 0.0912 
         430  1 0.0474 0.1494 0.1357 0.0127 0.3249 0.1232 0.1062 0.1005 
         431  1 0.0073 0.2384 0.1649 0.0072 0.0069 0.1531 0.1543 0.2680 
         432  1 0.0619 0.1392 0.1852 0.0063 0.0089 0.1686 0.1883 0.2416 
         433  1 0.0193 0.1707 0.2058 0.0059 0.0235 0.2285 0.1957 0.1506 
         434  1 0.0326 0.2072 0.2133 0.0128 0.0082 0.1795 0.2291 0.1172 
         435  1 0.0050 0.1478 0.1580 0.0157 0.0091 0.2470 0.2162 0.2013 
         436  1 0.0042 0.1848 0.1670 0.0654 0.0089 0.2268 0.1737 0.1692 
         437  1 0.0109 0.1601 0.1544 0.0678 0.2032 0.1398 0.1525 0.1113 
         438  1 0.0046 0.2239 0.2781 0.0053 0.0389 0.1754 0.1781 0.0957 
         439  1 0.0395 0.2186 0.2213 0.0102 0.0173 0.1783 0.1750 0.1398 
         440  1 0.0241 0.1588 0.1778 0.0270 0.0044 0.2254 0.1790 0.2035 
         441  1 0.0053 0.3243 0.1686 0.0189 0.0501 0.1572 0.1795 0.0962 
         442  1 0.0077 0.1925 0.1604 0.0270 0.2114 0.1559 0.1260 0.1193 
         443  1 0.0855 0.2212 0.1767 0.0092 0.0203 0.1780 0.1751 0.1339 
         444  1 0.0179 0.2826 0.2077 0.0168 0.0147 0.1678 0.1885 0.1040 
         445  1 0.0161 0.1639 0.2411 0.0063 0.0089 0.2141 0.2146 0.1350 
         446  1 0.0149 0.1340 0.1883 0.0121 0.0114 0.1639 0.2159 0.2594 
         447  1 0.0222 0.1488 0.2242 0.0212 0.0086 0.1876 0.2064 0.1810 
         448  1 0.0173 0.0915 0.1240 0.0842 0.0590 0.1723 0.2085 0.2433 
         449  1 0.0127 0.1022 0.1380 0.0253 0.0091 0.1800 0.1270 0.4057 
         450  1 0.5198 0.0598 0.0717 0.0591 0.0627 0.0737 0.0718 0.0815 
         451  1 0.0352 0.1503 0.1870 0.0627 0.0044 0.2063 0.1611 0.1931 
         452  1 0.0134 0.2274 0.2147 0.0082 0.0159 0.2049 0.1933 0.1223 
         453  1 0.0072 0.1774 0.2103 0.0408 0.0107 0.1765 0.1875 0.1897 
         454  1 0.0090 0.2764 0.1418 0.0156 0.0514 0.1705 0.1669 0.1682 
         455  1 0.0052 0.1913 0.1991 0.0044 0.0096 0.1834 0.2126 0.1944 
         456  1 0.0563 0.1679 0.2201 0.0083 0.0130 0.1635 0.2405 0.1305 
         457  1 0.0064 0.2772 0.2494 0.0095 0.0052 0.1671 0.1946 0.0906 
         458  1 0.1211 0.2623 0.1810 0.0117 0.0143 0.1532 0.1380 0.1183 
         459  1 0.0209 0.1703 0.2127 0.0130 0.0369 0.2273 0.1779 0.1411 
         460  1 0.0064 0.1266 0.1277 0.0185 0.0540 0.2145 0.1380 0.3144 
         461  1 0.0303 0.1713 0.1528 0.0492 0.0329 0.2116 0.1466 0.2054 
         462  1 0.0060 0.1280 0.1581 0.0084 0.0079 0.2011 0.1322 0.3583 
         463  1 0.0190 0.1501 0.1817 0.0213 0.0307 0.2490 0.1877 0.1605 
         464  1 0.0074 0.1249 0.1441 0.0337 0.0114 0.1961 0.1517 0.3308 
         465  1 0.0213 0.1640 0.1938 0.0140 0.0578 0.2076 0.2078 0.1337 
         466  1 0.1311 0.1245 0.1118 0.0465 0.1558 0.1439 0.1183 0.1681 
         467  1 0.0077 0.1470 0.1487 0.0148 0.0139 0.1976 0.1462 0.3240 
         468  1 0.0253 0.1124 0.2060 0.0080 0.0067 0.2340 0.2032 0.2043 
         469  1 0.0052 0.1212 0.2213 0.0071 0.0066 0.2472 0.2074 0.1841 
         470  1 0.0071 0.1497 0.1728 0.0098 0.0486 0.2188 0.1625 0.2306 
         471  1 0.0063 0.1495 0.1938 0.0054 0.0057 0.2079 0.2212 0.2102 
         472  1 0.0050 0.1563 0.1784 0.0178 0.0336 0.1899 0.1833 0.2357 
         473  1 0.0413 0.2485 0.1988 0.0098 0.0152 0.1746 0.1869 0.1249 
         474  1 0.0129 0.1832 0.2046 0.0044 0.0063 0.1890 0.1957 0.2040 
         475  1 0.0058 0.1278 0.2385 0.0070 0.0045 0.1751 0.1632 0.2780 
         476  1 0.0067 0.2367 0.1955 0.0110 0.0053 0.2076 0.1838 0.1533 
         477  1 0.0263 0.1641 0.1810 0.0084 0.0469 0.1792 0.1897 0.2045 
         478  1 0.0381 0.1579 0.1629 0.0094 0.0787 0.1760 0.1651 0.2119 
         479  1 0.0138 0.1344 0.1299 0.1097 0.0060 0.1694 0.1381 0.2987 
         480  1 0.0048 0.1414 0.1900 0.0168 0.0081 0.1622 0.2570 0.2197 
         481  1 0.0221 0.3351 0.1598 0.0157 0.0102 0.1804 0.1575 0.1193 
         482  1 0.0180 0.1258 0.2187 0.0086 0.0052 0.2142 0.2148 0.1946 
         483  1 0.0055 0.2848 0.1877 0.0087 0.0154 0.1647 0.2039 0.1293 
         484  1 0.1018 0.1429 0.1519 0.0840 0.0059 0.1606 0.1597 0.1931 
         485  1 0.3013 0.0359 0.0476 0.0345 0.4513 0.0494 0.0433 0.0367 
         486  1 0.0212 0.2074 0.2702 0.0338 0.0083 0.1851 0.1865 0.0876 
         487  1 0.0165 0.1380 0.2622 0.0071 0.0082 0.1854 0.2197 0.1630 
         488  1 0.0187 0.1370 0.2437 0.0469 0.0203 0.2155 0.1829 0.1350 
         489  1 0.0071 0.1513 0.1876 0.0318 0.0074 0.1860 0.1699 0.2589 
         490  1 0.1514 0.1459 0.1690 0.0167 0.0121 0.2021 0.1618 0.1410 
         491  1 0.0201 0.1371 0.1607 0.0078 0.0067 0.2584 0.1774 0.2319 
         492  1 0.0092 0.1508 0.1836 0.0080 0.0136 0.1748 0.2840 0.1760 
         493  1 0.0073 0.1560 0.2577 0.0080 0.0035 0.2262 0.2008 0.1406 
         494  1 0.0099 0.1817 0.2551 0.0067 0.0081 0.2227 0.1856 0.1303 
         495  1 0.0082 0.1935 0.2235 0.0132 0.0181 0.2268 0.1694 0.1473 
         496  1 0.0081 0.2142 0.1475 0.0128 0.0847 0.1875 0.2006 0.1446 
         497  1 0.0599 0.1310 0.2008 0.0087 0.0083 0.1667 0.1656 0.2591 
         498  1 0.0166 0.1740 0.2082 0.0118 0.0103 0.1932 0.2398 0.1461 
         499  1 0.0056 0.1692 0.1375 0.0096 0.0052 0.1514 0.1609 0.3607 
         500  1 0.0115 0.1438 0.1990 0.0059 0.0088 0.1846 0.2557 0.1907 
         501  1 0.0266 0.2230 0.1757 0.0063 0.0110 0.2093 0.1658 0.1822 
         502  1 0.0068 0.1447 0.1364 0.0941 0.0442 0.1737 0.1443 0.2559 
         503  1 0.0098 0.1193 0.1648 0.0038 0.0065 0.2111 0.1545 0.3302 
         504  1 0.0277 0.1465 0.1746 0.0172 0.0067 0.2053 0.1888 0.2331 
         505  1 0.0110 0.1902 0.2172 0.0053 0.0716 0.2160 0.1842 0.1045 
         506  1 0.0118 0.1641 0.1803 0.0415 0.0224 0.1570 0.1647 0.2584 
         507  1 0.0377 0.1756 0.2011 0.0315 0.0945 0.1876 0.1604 0.1117 
         508  1 0.0090 0.1519 0.2038 0.0064 0.0087 0.1870 0.1928 0.2405 
         509  1 0.0059 0.4653 0.1712 0.0067 0.0041 0.1121 0.1676 0.0671 
         510  1 0.0384 0.1505 0.1736 0.0424 0.0056 0.1793 0.1910 0.2193 
         511  1 0.0116 0.1916 0.1729 0.0302 0.0090 0.1752 0.1484 0.2611 
         512  1 0.0099 0.1095 0.2211 0.0070 0.0102 0.2749 0.2096 0.1578 
         513  1 0.0060 0.1818 0.1286 0.0078 0.0121 0.1993 0.2083 0.2561 
         514  1 0.0128 0.1439 0.1771 0.0080 0.0177 0.2191 0.2293 0.1921 
         515  1 0.0403 0.1815 0.1506 0.0107 0.0053 0.1607 0.1989 0.2519 
         516  1 0.0447 0.1424 0.1480 0.0056 0.0249 0.1864 0.1448 0.3032 
         517  1 0.0286 0.0878 0.1419 0.0038 0.0268 0.1775 0.2272 0.3064 
         518  1 0.0911 0.1553 0.1535 0.0113 0.1343 0.1600 0.1549 0.1395 
         519  1 0.0245 0.1404 0.1585 0.1393 0.0348 0.1671 0.1875 0.1480 
         520  1 0.0053 0.2082 0.2010 0.0118 0.0131 0.1872 0.1977 0.1757 
         521  1 0.0177 0.1364 0.1314 0.0325 0.0065 0.1924 0.1491 0.3339 
         522  1 0.0159 0.1000 0.1018 0.5026 0.0096 0.0878 0.0935 0.0887 
         523  1 0.0293 0.2362 0.2101 0.0090 0.0164 0.1870 0.1631 0.1489 
         524  1 0.0112 0.1806 0.2108 0.0055 0.0047 0.2136 0.1811 0.1925 
         525  1 0.0072 0.1332 0.2064 0.0051 0.0099 0.1752 0.2712 0.1919 
         526  1 0.0228 0.1122 0.1587 0.0120 0.0168 0.2354 0.1894 0.2528 
         527  1 0.0052 0.1989 0.1952 0.0204 0.0069 0.2002 0.1647 0.2085 
         528  1 0.0049 0.1057 0.1449 0.0039 0.0084 0.2270 0.2011 0.3040 
         529  1 0.0057 0.0914 0.1015 0.2994 0.0127 0.1374 0.1001 0.2519 
         530  1 0.0124 0.1163 0.2019 0.0192 0.0425 0.2567 0.2152 0.1358 
         531  1 0.0128 0.1804 0.1988 0.0294 0.0071 0.2062 0.2080 0.1573 
         532  1 0.0937 0.1782 0.1413 0.1252 0.0127 0.1508 0.1600 0.1379 
         533  1 0.0302 0.1923 0.1801 0.0147 0.0109 0.1727 0.1846 0.2146 
         534  1 0.1225 0.1361 0.1475 0.0100 0.0540 0.1693 0.1537 0.2069 
         535  1 0.0094 0.1887 0.2312 0.0080 0.0145 0.2171 0.1840 0.1470 
         536  1 0.0090 0.1539 0.2154 0.0252 0.0108 0.1965 0.2081 0.1811 
         537  1 0.1173 0.1623 0.1539 0.0278 0.0368 0.1441 0.1881 0.1696 
         538  1 0.0467 0.2311 0.2536 0.0053 0.0040 0.1583 0.2061 0.0949 
         539  1 0.0707 0.1362 0.1725 0.0051 0.0127 0.1615 0.2122 0.2291 
         540  1 0.0073 0.1136 0.2746 0.0128 0.0078 0.2005 0.2266 0.1569 
         541  1 0.0081 0.1295 0.1413 0.0877 0.0094 0.1589 0.2096 0.2556 
         542  1 0.0195 0.1397 0.1579 0.0527 0.0089 0.1837 0.1703 0.2673 
         543  1 0.0087 0.2391 0.2426 0.0088 0.0038 0.2049 0.1985 0.0936 
         544  1 0.0947 0.1621 0.1383 0.0512 0.0391 0.1799 0.1556 0.1791 
         545  1 0.1837 0.1286 0.1442 0.0246 0.0287 0.1703 0.1715 0.1485 
         546  1 0.0109 0.1731 0.2610 0.0097 0.0164 0.1855 0.1902 0.1531 
         547  1 0.0066 0.1461 0.1408 0.0154 0.0075 0.2240 0.2327 0.2269 
