           1  1 0.0296 0.2158 0.1456 0.1408 0.2835 0.1774 0.0074 
           2  1 0.0079 0.0048 0.3197 0.2985 0.1531 0.2103 0.0057 
           3  1 0.0572 0.0571 0.2407 0.1912 0.1782 0.2664 0.0092 
           4  1 0.0093 0.0113 0.1667 0.2204 0.3822 0.2046 0.0057 
           5  1 0.0057 0.0516 0.3224 0.4055 0.1013 0.0707 0.0428 
           6  1 0.0098 0.0998 0.2703 0.3167 0.1677 0.1132 0.0227 
           7  1 0.0054 0.0044 0.2978 0.3711 0.1275 0.1868 0.0071 
           8  1 0.0777 0.0109 0.3378 0.3664 0.1163 0.0866 0.0043 
           9  1 0.0092 0.1081 0.1927 0.1787 0.2402 0.2628 0.0083 
          10  1 0.0570 0.0198 0.1706 0.1635 0.2467 0.2741 0.0682 
          11  1 0.0064 0.0595 0.2073 0.2486 0.2695 0.1996 0.0092 
          12  1 0.0092 0.0063 0.2714 0.3014 0.2369 0.1707 0.0041 
          13  1 0.0139 0.0061 0.2434 0.1921 0.2141 0.3235 0.0069 
          14  1 0.0062 0.0307 0.2631 0.2284 0.2434 0.2199 0.0082 
          15  1 0.0461 0.2843 0.1201 0.1281 0.2257 0.1835 0.0122 
          16  1 0.0057 0.0353 0.2584 0.2346 0.2783 0.1804 0.0073 
          17  1 0.0168 0.0594 0.2812 0.2729 0.2188 0.1323 0.0185 
          18  1 0.0152 0.0365 0.2658 0.2597 0.2442 0.1683 0.0103 
          19  1 0.0742 0.1106 0.1702 0.1868 0.2318 0.2153 0.0111 
          20  1 0.0288 0.0068 0.2641 0.2846 0.1094 0.0487 0.2575 
          21  1 0.0175 0.0498 0.2480 0.2268 0.1357 0.2806 0.0416 
          22  1 0.0046 0.1076 0.1110 0.1510 0.2596 0.3603 0.0059 
          23  1 0.0197 0.0259 0.3065 0.4005 0.1315 0.1038 0.0121 
          24  1 0.0244 0.0412 0.2550 0.2712 0.2284 0.1241 0.0555 
          25  1 0.0389 0.0264 0.2237 0.2245 0.2725 0.1872 0.0268 
          26  1 0.0087 0.0197 0.1981 0.1978 0.2558 0.3156 0.0044 
          27  1 0.0082 0.0337 0.2913 0.2816 0.2143 0.1633 0.0076 
          28  1 0.0423 0.0852 0.1838 0.1664 0.2519 0.1212 0.1492 
          29  1 0.0104 0.0068 0.2102 0.2187 0.2323 0.2830 0.0385 
          30  1 0.0040 0.0125 0.1291 0.1178 0.3301 0.4026 0.0038 
          31  1 0.0060 0.0723 0.2579 0.2451 0.1276 0.2830 0.0082 
          32  1 0.0052 0.0132 0.3528 0.3952 0.1257 0.1026 0.0053 
          33  1 0.0062 0.0688 0.3008 0.4631 0.1173 0.0388 0.0050 
          34  1 0.0386 0.0314 0.2303 0.2419 0.2542 0.1866 0.0170 
          35  1 0.0081 0.0281 0.3724 0.3455 0.1063 0.1303 0.0093 
          36  1 0.0056 0.0160 0.3820 0.4155 0.1076 0.0673 0.0059 
          37  1 0.0107 0.0321 0.1957 0.1951 0.2044 0.2803 0.0817 
          38  1 0.0131 0.1653 0.3132 0.3061 0.0926 0.1028 0.0069 
          39  1 0.0100 0.9221 0.0161 0.0140 0.0132 0.0163 0.0083 
          40  1 0.0050 0.0810 0.2618 0.2858 0.1136 0.2359 0.0168 
          41  1 0.0235 0.0266 0.3049 0.2758 0.2064 0.1516 0.0113 
          42  1 0.0131 0.0450 0.3694 0.3148 0.1515 0.0924 0.0139 
          43  1 0.0629 0.0337 0.3026 0.2777 0.1713 0.1421 0.0096 
          44  1 0.0064 0.0127 0.2229 0.2575 0.2792 0.1817 0.0395 
          45  1 0.0206 0.0052 0.2117 0.1824 0.2247 0.3511 0.0043 
          46  1 0.0098 0.0117 0.2696 0.2356 0.2245 0.2375 0.0113 
          47  1 0.0086 0.0603 0.2135 0.1960 0.3286 0.1561 0.0368 
          48  1 0.0105 0.0145 0.3251 0.3266 0.1931 0.0941 0.0361 
          49  1 0.0684 0.0508 0.1585 0.1404 0.1850 0.3791 0.0177 
          50  1 0.0152 0.0110 0.2459 0.2753 0.2072 0.2389 0.0065 
          51  1 0.0168 0.0078 0.3275 0.3408 0.1427 0.1593 0.0051 
          52  1 0.0036 0.0209 0.3687 0.3575 0.1356 0.1086 0.0051 
          53  1 0.0411 0.0054 0.3093 0.3635 0.1565 0.1177 0.0065 
          54  1 0.0082 0.0694 0.2481 0.2422 0.1556 0.1765 0.1000 
          55  1 0.2004 0.0088 0.2534 0.2256 0.1187 0.1811 0.0120 
          56  1 0.0064 0.0740 0.2101 0.1977 0.2875 0.2056 0.0186 
          57  1 0.0153 0.0177 0.2839 0.2684 0.1657 0.2427 0.0063 
          58  1 0.0080 0.0109 0.1650 0.1724 0.2338 0.3808 0.0291 
          59  1 0.0052 0.0135 0.2639 0.3166 0.2856 0.1093 0.0059 
          60  1 0.0164 0.0164 0.2117 0.2249 0.1857 0.3314 0.0134 
          61  1 0.0131 0.0805 0.1833 0.1863 0.1797 0.1605 0.1965 
          62  1 0.0161 0.0070 0.2828 0.3361 0.1955 0.1555 0.0070 
          63  1 0.0343 0.0414 0.3505 0.2870 0.1202 0.1529 0.0136 
          64  1 0.0110 0.0133 0.1959 0.1726 0.3984 0.2028 0.0059 
          65  1 0.0074 0.0534 0.2877 0.2744 0.2449 0.1241 0.0080 
          66  1 0.0115 0.0076 0.3100 0.3618 0.1457 0.1529 0.0105 
          67  1 0.0180 0.0244 0.3067 0.3938 0.1420 0.0666 0.0484 
          68  1 0.0281 0.4290 0.1606 0.1557 0.0997 0.0983 0.0287 
          69  1 0.0096 0.2145 0.2384 0.2447 0.0927 0.0710 0.1290 
          70  1 0.0076 0.0194 0.1535 0.1402 0.1970 0.4651 0.0173 
          71  1 0.0072 0.0264 0.3125 0.4376 0.0967 0.0948 0.0247 
          72  1 0.0139 0.0093 0.3557 0.3044 0.2067 0.0962 0.0138 
          73  1 0.0394 0.1107 0.1906 0.2195 0.2859 0.1452 0.0086 
          74  1 0.0082 0.0250 0.2251 0.2328 0.3214 0.1796 0.0079 
          75  1 0.0268 0.0099 0.4202 0.3520 0.1202 0.0644 0.0065 
          76  1 0.0080 0.0298 0.3536 0.4104 0.0902 0.1004 0.0077 
          77  1 0.9604 0.0081 0.0055 0.0054 0.0061 0.0065 0.0079 
          78  1 0.9028 0.0137 0.0181 0.0165 0.0178 0.0192 0.0120 
          79  1 0.9555 0.0049 0.0075 0.0070 0.0069 0.0070 0.0112 
          80  1 0.9744 0.0031 0.0048 0.0049 0.0050 0.0048 0.0030 
          81  1 0.9621 0.0044 0.0075 0.0071 0.0073 0.0074 0.0041 
          82  1 0.9515 0.0090 0.0093 0.0085 0.0075 0.0076 0.0067 
          83  1 0.8863 0.0164 0.0169 0.0163 0.0179 0.0227 0.0234 
          84  1 0.9459 0.0119 0.0093 0.0088 0.0096 0.0087 0.0058 
          85  1 0.9348 0.0089 0.0111 0.0116 0.0116 0.0133 0.0086 
          86  1 0.8444 0.0232 0.0347 0.0306 0.0331 0.0252 0.0088 
          87  1 0.9681 0.0052 0.0054 0.0058 0.0055 0.0060 0.0039 
          88  1 0.9568 0.0128 0.0056 0.0060 0.0052 0.0051 0.0085 
          89  1 0.9597 0.0075 0.0066 0.0067 0.0064 0.0065 0.0067 
          90  1 0.5294 0.0263 0.1148 0.1239 0.1065 0.0807 0.0184 
          91  1 0.9546 0.0127 0.0064 0.0065 0.0067 0.0062 0.0069 
          92  1 0.9579 0.0062 0.0067 0.0065 0.0065 0.0062 0.0100 
          93  1 0.9660 0.0044 0.0062 0.0059 0.0063 0.0061 0.0052 
          94  1 0.9714 0.0041 0.0046 0.0046 0.0047 0.0046 0.0060 
          95  1 0.9279 0.0171 0.0115 0.0112 0.0107 0.0112 0.0104 
          96  1 0.9648 0.0067 0.0058 0.0058 0.0058 0.0057 0.0054 
          97  1 0.6978 0.0138 0.0430 0.0422 0.0548 0.0416 0.1067 
          98  1 0.3184 0.0424 0.1548 0.1486 0.1708 0.1424 0.0225 
          99  1 0.9553 0.0164 0.0065 0.0063 0.0061 0.0056 0.0037 
         100  1 0.8264 0.0115 0.0413 0.0425 0.0381 0.0308 0.0093 
         101  1 0.9456 0.0130 0.0095 0.0090 0.0096 0.0088 0.0045 
         102  1 0.7211 0.0310 0.0430 0.0439 0.0355 0.0397 0.0857 
         103  1 0.0075 0.1328 0.2058 0.1906 0.2531 0.2029 0.0074 
         104  1 0.0056 0.0090 0.2085 0.2150 0.3083 0.2489 0.0048 
         105  1 0.0066 0.0265 0.2226 0.2149 0.2752 0.2324 0.0218 
         106  1 0.0196 0.0101 0.2563 0.2466 0.1809 0.2756 0.0108 
         107  1 0.0165 0.0150 0.1774 0.1640 0.3922 0.2270 0.0080 
         108  1 0.0149 0.0507 0.1278 0.1456 0.1936 0.4503 0.0172 
         109  1 0.0198 0.0376 0.2655 0.2455 0.2673 0.1273 0.0370 
         110  1 0.0050 0.0207 0.2918 0.3714 0.1692 0.1254 0.0164 
         111  1 0.0060 0.0224 0.2829 0.2813 0.2230 0.1776 0.0069 
         112  1 0.0145 0.0655 0.3125 0.2589 0.2077 0.1359 0.0050 
         113  1 0.0342 0.0203 0.3914 0.2969 0.1566 0.0923 0.0082 
         114  1 0.0123 0.0053 0.3342 0.3154 0.1630 0.1620 0.0078 
         115  1 0.0064 0.0784 0.1850 0.1845 0.2324 0.2595 0.0537 
         116  1 0.0092 0.0091 0.2150 0.1725 0.4172 0.1726 0.0044 
         117  1 0.0050 0.0082 0.1105 0.1030 0.2205 0.5462 0.0067 
         118  1 0.0089 0.0417 0.2412 0.2458 0.1499 0.3052 0.0073 
         119  1 0.0114 0.0187 0.3148 0.2729 0.1578 0.2195 0.0049 
         120  1 0.0280 0.0111 0.1266 0.1168 0.2454 0.4672 0.0048 
         121  1 0.0192 0.0734 0.1709 0.1518 0.1772 0.3955 0.0119 
         122  1 0.0126 0.0309 0.2216 0.2059 0.3356 0.1780 0.0154 
         123  1 0.0110 0.0718 0.1960 0.1789 0.2457 0.2848 0.0119 
         124  1 0.0317 0.1053 0.2472 0.2561 0.1803 0.1709 0.0084 
         125  1 0.0048 0.0077 0.3310 0.3252 0.1941 0.1276 0.0096 
         126  1 0.0551 0.0125 0.2076 0.1982 0.2108 0.2999 0.0157 
         127  1 0.0115 0.0251 0.2412 0.2424 0.2339 0.2346 0.0113 
         128  1 0.4919 0.0089 0.1122 0.1062 0.1547 0.1201 0.0060 
         129  1 0.0557 0.0246 0.2095 0.2032 0.2333 0.2600 0.0137 
         130  1 0.0059 0.1211 0.2844 0.3139 0.1295 0.1333 0.0118 
         131  1 0.0519 0.0235 0.1558 0.1652 0.2473 0.3506 0.0058 
         132  1 0.0056 0.0120 0.3563 0.3852 0.1315 0.1058 0.0036 
         133  1 0.0708 0.0079 0.1917 0.1815 0.1833 0.3597 0.0052 
         134  1 0.0247 0.0096 0.3457 0.4253 0.1034 0.0848 0.0065 
         135  1 0.1081 0.0119 0.1768 0.1698 0.2012 0.2771 0.0551 
         136  1 0.0597 0.0181 0.1764 0.2154 0.1549 0.3666 0.0089 
         137  1 0.0060 0.0430 0.1598 0.1458 0.4461 0.1890 0.0103 
         138  1 0.0146 0.0061 0.2927 0.3343 0.1722 0.1725 0.0076 
         139  1 0.0206 0.1053 0.2761 0.2853 0.2003 0.1065 0.0059 
         140  1 0.0329 0.0704 0.1960 0.2012 0.2090 0.2324 0.0581 
         141  1 0.0061 0.0249 0.3337 0.3028 0.1988 0.1271 0.0065 
         142  1 0.0057 0.0133 0.1569 0.1560 0.2530 0.4061 0.0090 
         143  1 0.0241 0.0409 0.1890 0.1878 0.3277 0.2249 0.0056 
         144  1 0.0168 0.0225 0.2380 0.2195 0.2828 0.2150 0.0053 
         145  1 0.0098 0.2780 0.1395 0.1264 0.1645 0.2183 0.0636 
         146  1 0.0180 0.0228 0.2602 0.2558 0.2355 0.1901 0.0176 
         147  1 0.0067 0.2356 0.1636 0.1460 0.2074 0.2183 0.0224 
         148  1 0.0623 0.0071 0.2939 0.3366 0.1676 0.1239 0.0087 
         149  1 0.0063 0.0538 0.2005 0.2120 0.2237 0.2704 0.0334 
         150  1 0.0381 0.0101 0.2042 0.1789 0.1970 0.2851 0.0867 
         151  1 0.0080 0.0171 0.3125 0.2900 0.2129 0.1515 0.0081 
         152  1 0.0328 0.3592 0.0617 0.0659 0.1079 0.0683 0.3042 
         153  1 0.0221 0.0478 0.3295 0.3672 0.1132 0.0811 0.0392 
         154  1 0.0252 0.1557 0.1895 0.2028 0.2341 0.1198 0.0729 
         155  1 0.0082 0.0148 0.2804 0.3470 0.2243 0.1168 0.0085 
         156  1 0.2188 0.0579 0.1338 0.1243 0.2878 0.1447 0.0328 
         157  1 0.0161 0.0312 0.3297 0.4072 0.1158 0.0928 0.0072 
         158  1 0.0126 0.0164 0.2927 0.3720 0.1579 0.1429 0.0055 
         159  1 0.0413 0.0237 0.1839 0.1879 0.1494 0.1319 0.2818 
         160  1 0.0104 0.1771 0.1343 0.1500 0.1968 0.3219 0.0095 
         161  1 0.0271 0.0438 0.2132 0.2281 0.1551 0.3037 0.0290 
         162  1 0.0084 0.0083 0.2267 0.2137 0.2926 0.2389 0.0113 
         163  1 0.0045 0.0185 0.1276 0.1035 0.2782 0.4622 0.0055 
         164  1 0.0045 0.0214 0.2482 0.2239 0.2209 0.2732 0.0078 
         165  1 0.0045 0.0060 0.3638 0.3827 0.0996 0.0630 0.0804 
         166  1 0.0995 0.0396 0.1414 0.1538 0.1408 0.4208 0.0042 
         167  1 0.0057 0.1193 0.1598 0.1377 0.3647 0.2053 0.0073 
         168  1 0.0195 0.0104 0.2422 0.2436 0.2501 0.2203 0.0139 
         169  1 0.0058 0.0075 0.3101 0.3102 0.1658 0.1962 0.0044 
         170  1 0.0088 0.0259 0.1484 0.1538 0.3336 0.3163 0.0132 
         171  1 0.0066 0.1721 0.1653 0.1555 0.2335 0.2432 0.0238 
         172  1 0.0041 0.1008 0.2014 0.1806 0.2977 0.2050 0.0104 
         173  1 0.0105 0.0162 0.2582 0.2315 0.2355 0.2293 0.0188 
         174  1 0.0067 0.0280 0.2236 0.2389 0.2354 0.1652 0.1022 
         175  1 0.0058 0.1741 0.1850 0.1660 0.2367 0.2189 0.0136 
         176  1 0.0107 0.0859 0.1538 0.1596 0.2477 0.3300 0.0124 
         177  1 0.0051 0.0282 0.2016 0.1643 0.1927 0.4024 0.0057 
         178  1 0.0055 0.0232 0.2485 0.3120 0.1450 0.2491 0.0167 
         179  1 0.0150 0.7931 0.0410 0.0379 0.0417 0.0606 0.0108 
         180  1 0.0090 0.0210 0.1460 0.1311 0.3160 0.3715 0.0054 
         181  1 0.0589 0.0353 0.1454 0.1348 0.2344 0.3775 0.0138 
         182  1 0.0311 0.0402 0.1226 0.1196 0.1892 0.4875 0.0099 
         183  1 0.0658 0.0814 0.2054 0.2313 0.2570 0.1395 0.0196 
         184  1 0.0138 0.0742 0.2734 0.2944 0.1665 0.1693 0.0084 
         185  1 0.0221 0.0841 0.2488 0.2145 0.2167 0.2056 0.0082 
         186  1 0.0064 0.0079 0.0864 0.0713 0.2489 0.5757 0.0035 
         187  1 0.0069 0.0907 0.2633 0.2249 0.2073 0.1776 0.0292 
         188  1 0.0083 0.0366 0.2679 0.2172 0.2482 0.2014 0.0204 
         189  1 0.0092 0.0980 0.1853 0.1777 0.1910 0.3282 0.0107 
         190  1 0.0058 0.0395 0.2068 0.2157 0.1991 0.3055 0.0276 
         191  1 0.0690 0.0324 0.1307 0.1450 0.2614 0.2950 0.0664 
         192  1 0.0034 0.1002 0.1726 0.1567 0.3077 0.2017 0.0576 
         193  1 0.0078 0.0700 0.3352 0.3667 0.1099 0.1014 0.0088 
         194  1 0.0070 0.0319 0.3021 0.2466 0.1728 0.2198 0.0197 
         195  1 0.0067 0.0171 0.1973 0.1647 0.1948 0.3924 0.0269 
         196  1 0.3473 0.0457 0.2047 0.1938 0.1027 0.0998 0.0060 
         197  1 0.0314 0.0370 0.2875 0.2359 0.1870 0.2156 0.0055 
         198  1 0.0188 0.0489 0.3236 0.3130 0.1779 0.1073 0.0106 
         199  1 0.0083 0.0607 0.1123 0.1034 0.2169 0.4896 0.0088 
         200  1 0.0271 0.0191 0.3394 0.3426 0.1387 0.1279 0.0053 
         201  1 0.0053 0.1660 0.1961 0.1770 0.2310 0.1614 0.0633 
         202  1 0.0275 0.0151 0.3534 0.3768 0.1132 0.1089 0.0050 
         203  1 0.0426 0.0425 0.1352 0.1485 0.3104 0.3127 0.0081 
         204  1 0.0110 0.0053 0.3409 0.3302 0.1489 0.1533 0.0104 
         205  1 0.0121 0.0059 0.2700 0.2718 0.2401 0.1751 0.0251 
         206  1 0.0086 0.0440 0.1654 0.1643 0.3761 0.2207 0.0208 
         207  1 0.0244 0.0497 0.1489 0.1270 0.2653 0.3792 0.0056 
         208  1 0.0390 0.0056 0.2260 0.2139 0.3240 0.1864 0.0051 
         209  1 0.0096 0.0092 0.3238 0.3633 0.1572 0.1024 0.0346 
         210  1 0.0155 0.0144 0.2647 0.3173 0.1603 0.2188 0.0090 
         211  1 0.0084 0.0079 0.2450 0.2156 0.3434 0.1739 0.0059 
         212  1 0.0241 0.0149 0.2200 0.1899 0.3087 0.2134 0.0290 
         213  1 0.0165 0.0129 0.3427 0.3375 0.1634 0.1164 0.0106 
         214  1 0.0101 0.0099 0.3251 0.2693 0.1720 0.1838 0.0297 
         215  1 0.0132 0.0255 0.2129 0.1897 0.3578 0.1925 0.0083 
         216  1 0.0091 0.0271 0.2599 0.2411 0.3152 0.1359 0.0116 
         217  1 0.0072 0.0294 0.1918 0.1772 0.2076 0.3558 0.0310 
         218  1 0.0374 0.0208 0.2711 0.3005 0.1966 0.1602 0.0132 
         219  1 0.0059 0.0164 0.1763 0.1577 0.2103 0.4297 0.0037 
         220  1 0.3630 0.0114 0.1681 0.1787 0.1253 0.1419 0.0116 
         221  1 0.0245 0.0329 0.1803 0.1719 0.2780 0.2939 0.0186 
         222  1 0.0085 0.1268 0.2194 0.2400 0.1651 0.1520 0.0882 
         223  1 0.0057 0.1662 0.1770 0.1864 0.1978 0.2439 0.0230 
         224  1 0.0050 0.0224 0.2082 0.2017 0.2402 0.3067 0.0158 
         225  1 0.0083 0.3255 0.0904 0.0862 0.1063 0.1212 0.2621 
         226  1 0.0097 0.0115 0.2171 0.1732 0.3219 0.2392 0.0274 
         227  1 0.0090 0.0133 0.3689 0.2693 0.2202 0.1134 0.0061 
         228  1 0.0072 0.1007 0.2808 0.2365 0.1864 0.1820 0.0065 
         229  1 0.0212 0.0562 0.2558 0.2909 0.1745 0.1849 0.0166 
         230  1 0.0058 0.0095 0.1905 0.2089 0.3126 0.2501 0.0226 
         231  1 0.0063 0.0129 0.1002 0.1000 0.2221 0.5512 0.0072 
         232  1 0.0072 0.0188 0.1844 0.1968 0.3516 0.2371 0.0042 
         233  1 0.0148 0.0576 0.0935 0.1040 0.2202 0.4996 0.0104 
         234  1 0.0070 0.0688 0.2301 0.2010 0.2103 0.2569 0.0258 
         235  1 0.0079 0.0223 0.3532 0.3350 0.1286 0.1434 0.0096 
         236  1 0.0227 0.0192 0.1863 0.1956 0.2094 0.3538 0.0131 
         237  1 0.0327 0.0317 0.2387 0.2319 0.2453 0.1971 0.0226 
         238  1 0.0175 0.0087 0.2705 0.2618 0.2297 0.1803 0.0315 
         239  1 0.0169 0.0210 0.2960 0.3059 0.1182 0.2323 0.0097 
         240  1 0.1248 0.2944 0.1988 0.1828 0.1002 0.0833 0.0158 
         241  1 0.0099 0.0224 0.2045 0.1943 0.2897 0.2730 0.0062 
         242  1 0.0327 0.0190 0.2644 0.3093 0.1880 0.1767 0.0099 
         243  1 0.0100 0.0072 0.2111 0.2747 0.2300 0.2551 0.0119 
         244  1 0.0190 0.0141 0.1488 0.1162 0.4387 0.2590 0.0041 
         245  1 0.0136 0.0308 0.3417 0.4870 0.0771 0.0364 0.0134 
         246  1 0.0566 0.0168 0.1739 0.1657 0.3639 0.2173 0.0058 
         247  1 0.0045 0.0572 0.3159 0.3558 0.1306 0.1091 0.0269 
         248  1 0.0197 0.0123 0.2606 0.2462 0.1688 0.2833 0.0091 
         249  1 0.0055 0.0229 0.2580 0.3476 0.1822 0.1755 0.0083 
         250  1 0.0121 0.0135 0.1435 0.1130 0.3253 0.3604 0.0323 
         251  1 0.0230 0.0714 0.1894 0.2054 0.2418 0.2630 0.0060 
         252  1 0.0328 0.0075 0.2542 0.2295 0.2968 0.1492 0.0300 
         253  1 0.0625 0.0070 0.2427 0.2483 0.2013 0.2288 0.0093 
         254  1 0.0094 0.0139 0.3190 0.2669 0.2200 0.1642 0.0066 
         255  1 0.0537 0.0091 0.2642 0.2711 0.1884 0.2078 0.0057 
         256  1 0.0044 0.0528 0.1541 0.1366 0.2510 0.3910 0.0101 
         257  1 0.0224 0.0199 0.1804 0.1935 0.1876 0.3791 0.0171 
         258  1 0.0048 0.0396 0.2617 0.2619 0.3039 0.1223 0.0058 
         259  1 0.0080 0.0202 0.2481 0.2252 0.1763 0.3164 0.0057 
         260  1 0.0077 0.0276 0.2598 0.2243 0.2060 0.2550 0.0196 
         261  1 0.0104 0.0199 0.2959 0.3544 0.1284 0.1843 0.0066 
         262  1 0.0075 0.0085 0.3595 0.3242 0.1952 0.0985 0.0066 
         263  1 0.0099 0.0057 0.2479 0.2472 0.1382 0.2093 0.1418 
         264  1 0.0145 0.0128 0.3574 0.4270 0.0969 0.0649 0.0265 
         265  1 0.0127 0.0156 0.2994 0.4982 0.1014 0.0501 0.0226 
         266  1 0.0205 0.0318 0.3393 0.3373 0.1140 0.1486 0.0085 
         267  1 0.1101 0.1126 0.2776 0.2577 0.1033 0.1271 0.0117 
         268  1 0.3006 0.0409 0.1907 0.1810 0.1633 0.0737 0.0498 
         269  1 0.0239 0.3387 0.1598 0.1605 0.1909 0.1130 0.0131 
         270  1 0.0220 0.0161 0.2063 0.2013 0.3849 0.1633 0.0060 
         271  1 0.0482 0.0188 0.2970 0.2819 0.1409 0.1808 0.0324 
         272  1 0.0087 0.6401 0.0816 0.0826 0.0846 0.0872 0.0152 
         273  1 0.0045 0.0333 0.2456 0.2630 0.2396 0.1901 0.0238 
         274  1 0.0270 0.0502 0.2386 0.2184 0.1997 0.2406 0.0254 
         275  1 0.0259 0.0209 0.2393 0.2371 0.2047 0.2637 0.0084 
         276  1 0.0100 0.1216 0.1642 0.1500 0.2676 0.1806 0.1060 
         277  1 0.0054 0.0207 0.1706 0.1437 0.2106 0.4373 0.0117 
         278  1 0.0899 0.0155 0.2284 0.2501 0.1840 0.1474 0.0848 
         279  1 0.0209 0.0282 0.1984 0.2118 0.3492 0.1677 0.0238 
         280  1 0.0146 0.0402 0.1730 0.1624 0.3276 0.2772 0.0051 
         281  1 0.0339 0.0080 0.3307 0.2952 0.1986 0.1294 0.0042 
         282  1 0.0107 0.0333 0.2312 0.2313 0.2302 0.2144 0.0490 
         283  1 0.0140 0.0232 0.2132 0.1927 0.1564 0.1673 0.2332 
         284  1 0.0088 0.0618 0.2010 0.2216 0.2387 0.2282 0.0400 
         285  1 0.0518 0.0193 0.3451 0.3915 0.1016 0.0729 0.0179 
         286  1 0.0111 0.0157 0.1666 0.1412 0.2411 0.4156 0.0087 
         287  1 0.0535 0.0176 0.1590 0.1552 0.2236 0.3799 0.0112 
         288  1 0.0192 0.0320 0.1644 0.1741 0.2187 0.3774 0.0141 
         289  1 0.0044 0.0197 0.3422 0.2937 0.1630 0.1674 0.0097 
         290  1 0.0229 0.0210 0.2407 0.2572 0.2157 0.2343 0.0082 
         291  1 0.0199 0.0082 0.1652 0.1653 0.1858 0.4391 0.0164 
         292  1 0.0200 0.1758 0.2227 0.2002 0.2041 0.1413 0.0358 
         293  1 0.0118 0.0731 0.1160 0.1055 0.4454 0.2400 0.0082 
         294  1 0.1739 0.0073 0.1466 0.1315 0.1847 0.2726 0.0835 
         295  1 0.0343 0.1065 0.1157 0.1291 0.2339 0.3712 0.0093 
         296  1 0.0074 0.0565 0.2051 0.2000 0.2585 0.2300 0.0425 
         297  1 0.0098 0.0336 0.2386 0.2273 0.2567 0.1730 0.0610 
         298  1 0.0120 0.0055 0.2536 0.2329 0.2699 0.2188 0.0073 
         299  1 0.0218 0.0112 0.2502 0.2823 0.2306 0.1747 0.0291 
         300  1 0.0121 0.0946 0.3157 0.3257 0.1301 0.1041 0.0177 
         301  1 0.1184 0.0094 0.1262 0.1192 0.2985 0.3232 0.0052 
         302  1 0.0061 0.0084 0.1552 0.1604 0.2372 0.4228 0.0099 
         303  1 0.0072 0.0095 0.2847 0.2774 0.1586 0.1969 0.0657 
         304  1 0.0042 0.0118 0.2134 0.1759 0.3876 0.1979 0.0092 
         305  1 0.0265 0.0184 0.2262 0.2330 0.2927 0.1962 0.0072 
         306  1 0.0080 0.0116 0.2313 0.2936 0.2967 0.1503 0.0085 
         307  1 0.0152 0.0439 0.2651 0.3081 0.2110 0.1312 0.0254 
         308  1 0.0178 0.0105 0.2431 0.2345 0.2840 0.2032 0.0069 
         309  1 0.0080 0.0882 0.2003 0.2025 0.2826 0.1706 0.0478 
         310  1 0.0084 0.0109 0.1795 0.1888 0.3155 0.1887 0.1081 
         311  1 0.0066 0.0251 0.1780 0.1651 0.4280 0.1788 0.0185 
         312  1 0.0858 0.1012 0.1502 0.1211 0.1742 0.3392 0.0284 
         313  1 0.0053 0.0437 0.2321 0.2254 0.3123 0.1753 0.0060 
         314  1 0.0977 0.1293 0.2331 0.2158 0.1382 0.1349 0.0510 
         315  1 0.0105 0.1088 0.2127 0.1874 0.3414 0.1309 0.0083 
         316  1 0.0081 0.1061 0.2436 0.3206 0.1169 0.1268 0.0778 
         317  1 0.0245 0.0292 0.1987 0.1579 0.1959 0.3653 0.0285 
         318  1 0.0055 0.1485 0.1597 0.1772 0.2957 0.1941 0.0194 
         319  1 0.0073 0.1162 0.1732 0.1845 0.1483 0.2071 0.1634 
         320  1 0.2448 0.0169 0.1360 0.1633 0.1854 0.1953 0.0584 
         321  1 0.0105 0.0216 0.3159 0.3661 0.1758 0.1048 0.0053 
         322  1 0.0374 0.0446 0.1569 0.1552 0.2780 0.3116 0.0163 
         323  1 0.0275 0.0137 0.1903 0.2220 0.2015 0.3332 0.0117 
         324  1 0.0074 0.0195 0.2759 0.2837 0.2564 0.1501 0.0070 
         325  1 0.0306 0.1441 0.1787 0.1770 0.3023 0.1408 0.0264 
         326  1 0.0038 0.0079 0.2451 0.2449 0.3150 0.1766 0.0067 
         327  1 0.0109 0.0696 0.2304 0.1805 0.2501 0.2534 0.0051 
         328  1 0.0363 0.0147 0.2582 0.2372 0.2294 0.2082 0.0161 
         329  1 0.0271 0.0164 0.1755 0.1720 0.2987 0.2923 0.0180 
         330  1 0.0214 0.2913 0.0898 0.0926 0.1532 0.3475 0.0042 
         331  1 0.0139 0.2255 0.1747 0.1727 0.2861 0.1222 0.0050 
         332  1 0.0039 0.0109 0.1954 0.1774 0.4151 0.1877 0.0096 
         333  1 0.0090 0.0077 0.2066 0.1719 0.2210 0.3734 0.0104 
         334  1 0.0241 0.1868 0.3185 0.3345 0.0903 0.0404 0.0053 
         335  1 0.0571 0.0206 0.2511 0.3137 0.1875 0.1627 0.0074 
         336  1 0.0058 0.9672 0.0057 0.0054 0.0059 0.0057 0.0044 
         337  1 0.0155 0.7144 0.0605 0.0675 0.0471 0.0568 0.0384 
         338  1 0.0174 0.9595 0.0048 0.0048 0.0051 0.0051 0.0034 
         339  1 0.0030 0.9791 0.0033 0.0036 0.0035 0.0037 0.0038 
         340  1 0.0039 0.9575 0.0058 0.0065 0.0065 0.0067 0.0130 
         341  1 0.0102 0.0148 0.2686 0.2895 0.1746 0.2360 0.0063 
         342  1 0.0029 0.9806 0.0033 0.0034 0.0034 0.0034 0.0030 
         343  1 0.0085 0.9495 0.0087 0.0085 0.0082 0.0084 0.0081 
         344  1 0.0061 0.9614 0.0062 0.0064 0.0068 0.0061 0.0069 
         345  1 0.0047 0.9469 0.0079 0.0084 0.0090 0.0093 0.0138 
         346  1 0.0053 0.9648 0.0057 0.0058 0.0053 0.0054 0.0077 
         347  1 0.0050 0.9536 0.0082 0.0077 0.0080 0.0072 0.0102 
         348  1 0.0447 0.8663 0.0191 0.0177 0.0226 0.0192 0.0106 
         349  1 0.0036 0.9802 0.0032 0.0032 0.0031 0.0033 0.0033 
         350  1 0.0373 0.8597 0.0206 0.0222 0.0285 0.0272 0.0044 
         351  1 0.0042 0.9532 0.0060 0.0062 0.0062 0.0065 0.0176 
         352  1 0.0106 0.0245 0.1878 0.1442 0.4000 0.2270 0.0059 
         353  1 0.0044 0.9681 0.0053 0.0052 0.0057 0.0050 0.0063 
         354  1 0.0046 0.9665 0.0056 0.0054 0.0059 0.0059 0.0063 
         355  1 0.0055 0.9589 0.0066 0.0062 0.0067 0.0066 0.0095 
         356  1 0.0209 0.0177 0.3530 0.3340 0.1609 0.1048 0.0086 
         357  1 0.0139 0.1134 0.1344 0.1084 0.2969 0.1799 0.1531 
         358  1 0.0294 0.0153 0.1755 0.2008 0.2531 0.3154 0.0105 
         359  1 0.0090 0.0236 0.3136 0.3075 0.1738 0.1500 0.0225 
         360  1 0.0310 0.0535 0.1493 0.1573 0.3564 0.2041 0.0484 
         361  1 0.0156 0.2791 0.1486 0.1497 0.1263 0.1441 0.1365 
         362  1 0.0294 0.0118 0.1860 0.1626 0.1793 0.4256 0.0054 
         363  1 0.0064 0.1226 0.1659 0.1435 0.3888 0.1667 0.0063 
         364  1 0.0053 0.0129 0.3138 0.3371 0.2113 0.1129 0.0065 
         365  1 0.0092 0.1988 0.1959 0.1929 0.2778 0.1180 0.0074 
         366  1 0.0079 0.0392 0.1614 0.1796 0.3528 0.2538 0.0053 
         367  1 0.0291 0.0182 0.2323 0.2362 0.1956 0.2745 0.0141 
         368  1 0.0123 0.0166 0.1918 0.1829 0.2105 0.3748 0.0112 
         369  1 0.0111 0.0540 0.1799 0.1338 0.4312 0.1855 0.0046 
         370  1 0.0062 0.1507 0.1568 0.1594 0.2225 0.2554 0.0492 
         371  1 0.0097 0.0477 0.1596 0.1546 0.2613 0.3186 0.0485 
         372  1 0.0087 0.2305 0.2093 0.2592 0.1687 0.0820 0.0414 
         373  1 0.0120 0.0153 0.2110 0.2232 0.2684 0.2543 0.0158 
         374  1 0.1253 0.0293 0.1701 0.1845 0.2127 0.2283 0.0498 
         375  1 0.0043 0.0296 0.2526 0.2146 0.3358 0.1376 0.0256 
         376  1 0.0116 0.0286 0.2103 0.2407 0.2973 0.1977 0.0138 
         377  1 0.0131 0.0112 0.2468 0.2485 0.2739 0.1961 0.0105 
         378  1 0.0245 0.1619 0.1151 0.1192 0.2701 0.3008 0.0084 
         379  1 0.0071 0.0230 0.2669 0.2240 0.3077 0.1596 0.0116 
         380  1 0.0066 0.0123 0.3181 0.3004 0.1846 0.1616 0.0165 
         381  1 0.0174 0.0298 0.1998 0.1634 0.4151 0.1626 0.0118 
         382  1 0.0073 0.0169 0.3470 0.3711 0.1328 0.0990 0.0259 
         383  1 0.0509 0.0080 0.2696 0.2542 0.2429 0.1599 0.0145 
         384  1 0.0116 0.0437 0.2386 0.2215 0.2325 0.2390 0.0131 
         385  1 0.0031 0.0195 0.3230 0.3344 0.1919 0.1235 0.0046 
         386  1 0.0302 0.0222 0.1656 0.1632 0.3603 0.2477 0.0108 
         387  1 0.0053 0.0705 0.1871 0.1958 0.2360 0.2971 0.0083 
         388  1 0.0157 0.0428 0.2076 0.1748 0.2124 0.3347 0.0120 
         389  1 0.0210 0.0708 0.3183 0.2984 0.1487 0.1362 0.0066 
         390  1 0.0285 0.0825 0.1741 0.1858 0.3315 0.1933 0.0044 
         391  1 0.0073 0.0106 0.1870 0.2115 0.3494 0.2276 0.0065 
         392  1 0.0042 0.0093 0.1200 0.1118 0.2453 0.4949 0.0145 
         393  1 0.0265 0.0266 0.3067 0.2842 0.2352 0.1136 0.0072 
         394  1 0.0061 0.0112 0.1758 0.1709 0.2124 0.4170 0.0066 
         395  1 0.0071 0.0064 0.1344 0.1214 0.2079 0.5171 0.0058 
         396  1 0.0091 0.0179 0.3206 0.2645 0.1866 0.1953 0.0060 
         397  1 0.0092 0.0171 0.2127 0.1842 0.2300 0.3397 0.0071 
         398  1 0.4203 0.1045 0.1111 0.0940 0.1000 0.1477 0.0224 
         399  1 0.0134 0.0225 0.3722 0.2951 0.1656 0.1203 0.0109 
         400  1 0.0199 0.0135 0.2745 0.2642 0.2214 0.1720 0.0345 
         401  1 0.0151 0.0114 0.1408 0.1405 0.2242 0.4598 0.0082 
         402  1 0.0067 0.0060 0.1845 0.1647 0.2129 0.4098 0.0154 
         403  1 0.0123 0.0165 0.1957 0.2000 0.3895 0.1797 0.0063 
         404  1 0.0061 0.0576 0.1986 0.1952 0.2466 0.2756 0.0204 
         405  1 0.0467 0.0355 0.1587 0.1362 0.3930 0.2201 0.0098 
         406  1 0.0083 0.0298 0.2541 0.1914 0.2261 0.2452 0.0451 
         407  1 0.0082 0.0295 0.3625 0.3693 0.1387 0.0798 0.0119 
         408  1 0.0113 0.0130 0.1923 0.1400 0.1798 0.4560 0.0077 
         409  1 0.0102 0.0228 0.2510 0.2882 0.1900 0.2170 0.0208 
         410  1 0.0135 0.0098 0.2941 0.2783 0.2713 0.1234 0.0095 
         411  1 0.0074 0.0564 0.2499 0.2196 0.2432 0.1913 0.0321 
         412  1 0.0083 0.0116 0.3272 0.3075 0.1889 0.1424 0.0141 
         413  1 0.0110 0.0065 0.2091 0.1884 0.2824 0.2971 0.0055 
         414  1 0.0076 0.0297 0.1732 0.1613 0.3009 0.3079 0.0193 
         415  1 0.0418 0.0143 0.2914 0.2912 0.1913 0.1627 0.0073 
         416  1 0.0082 0.0111 0.2434 0.2087 0.2203 0.2987 0.0097 
         417  1 0.0294 0.0216 0.2191 0.2220 0.2866 0.2090 0.0123 
         418  1 0.0228 0.0675 0.2631 0.2409 0.2653 0.1345 0.0059 
         419  1 0.0425 0.0277 0.1997 0.1769 0.2494 0.2921 0.0117 
         420  1 0.2037 0.0077 0.1818 0.1557 0.2057 0.2381 0.0073 
         421  1 0.0499 0.0181 0.2830 0.3191 0.1752 0.1460 0.0088 
         422  1 0.0668 0.0784 0.1468 0.1379 0.2699 0.1868 0.1134 
         423  1 0.0041 0.0342 0.2404 0.2094 0.1945 0.3028 0.0147 
         424  1 0.0105 0.0140 0.2195 0.1943 0.3032 0.2419 0.0167 
         425  1 0.0057 0.0109 0.1903 0.1449 0.4253 0.2157 0.0072 
         426  1 0.0078 0.0658 0.1800 0.1631 0.2855 0.2632 0.0346 
         427  1 0.0099 0.0062 0.2239 0.2454 0.1861 0.3235 0.0050 
         428  1 0.0101 0.0146 0.1941 0.2331 0.2304 0.3115 0.0062 
         429  1 0.0043 0.0073 0.3622 0.4422 0.1178 0.0523 0.0138 
         430  1 0.0148 0.0709 0.1502 0.1660 0.1313 0.1356 0.3311 
         431  1 0.0074 0.0097 0.2761 0.2350 0.1361 0.3289 0.0068 
         432  1 0.0070 0.0886 0.1910 0.1602 0.2030 0.3407 0.0095 
         433  1 0.0060 0.0503 0.1980 0.2006 0.3115 0.2092 0.0243 
         434  1 0.0129 0.0349 0.3519 0.2832 0.1802 0.1289 0.0080 
         435  1 0.0176 0.0065 0.2255 0.2365 0.3033 0.2009 0.0097 
         436  1 0.0711 0.0059 0.2498 0.2776 0.2131 0.1732 0.0092 
         437  1 0.0750 0.0160 0.1968 0.1984 0.1580 0.1432 0.2126 
         438  1 0.0056 0.0074 0.3051 0.2950 0.2198 0.1256 0.0415 
         439  1 0.0107 0.1777 0.2081 0.2264 0.1743 0.1862 0.0166 
         440  1 0.0277 0.0765 0.1785 0.1836 0.3356 0.1935 0.0046 
         441  1 0.0193 0.0079 0.3294 0.3783 0.1236 0.0866 0.0549 
         442  1 0.0284 0.0095 0.2108 0.1993 0.1960 0.1436 0.2124 
         443  1 0.0096 0.1831 0.2614 0.2583 0.1691 0.0995 0.0190 
         444  1 0.0182 0.0596 0.2929 0.3325 0.1672 0.1143 0.0154 
         445  1 0.0069 0.0625 0.2327 0.1964 0.3009 0.1920 0.0086 
         446  1 0.0138 0.0793 0.1553 0.1632 0.2746 0.3023 0.0114 
         447  1 0.0234 0.0412 0.1851 0.1809 0.3637 0.1968 0.0088 
         448  1 0.0941 0.0573 0.0954 0.1079 0.3513 0.2341 0.0598 
         449  1 0.0243 0.0154 0.0888 0.0744 0.2241 0.5644 0.0087 
         450  1 0.0575 0.6090 0.0530 0.0559 0.0909 0.0745 0.0592 
         451  1 0.0700 0.0763 0.1506 0.1583 0.2749 0.2648 0.0051 
         452  1 0.0086 0.0189 0.3236 0.3571 0.1407 0.1353 0.0157 
         453  1 0.0447 0.0122 0.2423 0.1972 0.2632 0.2300 0.0105 
         454  1 0.0159 0.0138 0.2664 0.3289 0.1814 0.1406 0.0531 
         455  1 0.0047 0.0103 0.2654 0.2655 0.2028 0.2412 0.0100 
         456  1 0.0083 0.0621 0.3066 0.2480 0.2001 0.1617 0.0132 
         457  1 0.0098 0.0077 0.3983 0.3707 0.1523 0.0556 0.0055 
         458  1 0.0122 0.2213 0.2267 0.2608 0.1428 0.1215 0.0148 
         459  1 0.0155 0.0399 0.1895 0.1986 0.3362 0.1822 0.0382 
         460  1 0.0195 0.0082 0.1508 0.1397 0.2312 0.3972 0.0533 
         461  1 0.0563 0.0367 0.1855 0.2013 0.2071 0.2755 0.0375 
         462  1 0.0084 0.0078 0.1352 0.1415 0.2544 0.4453 0.0074 
         463  1 0.0232 0.0558 0.1767 0.1827 0.3187 0.2097 0.0332 
         464  1 0.0413 0.0100 0.1460 0.1292 0.2036 0.4575 0.0124 
         465  1 0.0158 0.0846 0.2368 0.2020 0.2309 0.1662 0.0637 
         466  1 0.0492 0.2286 0.1117 0.1213 0.1576 0.1748 0.1569 
         467  1 0.0150 0.0115 0.2007 0.1991 0.1867 0.3725 0.0146 
         468  1 0.0084 0.0567 0.1716 0.1368 0.3806 0.2384 0.0076 
         469  1 0.0073 0.0126 0.1779 0.1488 0.3770 0.2697 0.0067 
         470  1 0.0102 0.0148 0.1991 0.1918 0.2036 0.3258 0.0546 
         471  1 0.0058 0.0073 0.2116 0.2057 0.2710 0.2932 0.0054 
         472  1 0.0181 0.0075 0.2214 0.1942 0.2143 0.3090 0.0356 
         473  1 0.0095 0.0459 0.3347 0.3338 0.1473 0.1142 0.0146 
         474  1 0.0045 0.0216 0.2510 0.2809 0.1932 0.2420 0.0067 
         475  1 0.0067 0.0107 0.2313 0.2084 0.1783 0.3601 0.0046 
         476  1 0.0124 0.0106 0.3145 0.3224 0.1804 0.1545 0.0053 
         477  1 0.0095 0.0431 0.2170 0.2206 0.2473 0.2100 0.0525 
         478  1 0.0105 0.0710 0.1879 0.1978 0.1989 0.2555 0.0784 
         479  1 0.1109 0.0186 0.1206 0.1061 0.2408 0.3967 0.0062 
         480  1 0.0195 0.0082 0.2176 0.1679 0.2966 0.2819 0.0082 
         481  1 0.0163 0.0260 0.2986 0.3510 0.1610 0.1362 0.0108 
         482  1 0.0088 0.0462 0.1456 0.1520 0.4410 0.2012 0.0053 
         483  1 0.0089 0.0068 0.3302 0.3386 0.1972 0.1023 0.0159 
         484  1 0.0937 0.1731 0.1588 0.1455 0.1509 0.2720 0.0061 
         485  1 0.0342 0.3803 0.0423 0.0396 0.0438 0.0377 0.4220 
         486  1 0.0354 0.0960 0.2999 0.2800 0.1628 0.1173 0.0087 
         487  1 0.0074 0.0351 0.2085 0.1779 0.2769 0.2857 0.0085 
         488  1 0.0534 0.0333 0.2172 0.1883 0.2692 0.2176 0.0208 
         489  1 0.0335 0.0120 0.1856 0.1998 0.2539 0.3079 0.0074 
         490  1 0.0189 0.2946 0.1224 0.1384 0.2533 0.1600 0.0125 
         491  1 0.0090 0.0337 0.1505 0.1733 0.3024 0.3245 0.0067 
         492  1 0.0083 0.0176 0.2500 0.2373 0.2770 0.1963 0.0135 
         493  1 0.0088 0.0198 0.2408 0.2411 0.2695 0.2164 0.0036 
         494  1 0.0064 0.0143 0.3122 0.2415 0.2443 0.1728 0.0085 
         495  1 0.0140 0.0145 0.3223 0.2804 0.1718 0.1764 0.0207 
         496  1 0.0139 0.0118 0.2418 0.2714 0.2444 0.1286 0.0881 
         497  1 0.0092 0.1532 0.1234 0.1097 0.2412 0.3548 0.0085 
         498  1 0.0131 0.0289 0.3015 0.2855 0.2241 0.1352 0.0116 
         499  1 0.0094 0.0069 0.1861 0.1988 0.1620 0.4312 0.0056 
         500  1 0.0067 0.0135 0.2312 0.1966 0.2779 0.2650 0.0091 
         501  1 0.0066 0.0544 0.2226 0.2457 0.2164 0.2433 0.0110 
         502  1 0.0982 0.0085 0.1970 0.1731 0.1797 0.2982 0.0453 
         503  1 0.0041 0.0127 0.1355 0.1336 0.2422 0.4651 0.0068 
         504  1 0.0171 0.0590 0.1863 0.1725 0.2724 0.2850 0.0077 
         505  1 0.0056 0.0606 0.2300 0.2249 0.2670 0.1350 0.0768 
         506  1 0.0480 0.0200 0.2094 0.1955 0.2016 0.3023 0.0232 
         507  1 0.0326 0.0960 0.2525 0.2232 0.1893 0.1131 0.0933 
         508  1 0.0071 0.0138 0.2360 0.2028 0.1886 0.3419 0.0096 
         509  1 0.0069 0.0068 0.3542 0.4335 0.1271 0.0673 0.0043 
         510  1 0.0474 0.0502 0.2017 0.1912 0.1890 0.3142 0.0063 
         511  1 0.0314 0.0233 0.2166 0.2340 0.2320 0.2534 0.0093 
         512  1 0.0076 0.0244 0.1760 0.1329 0.4000 0.2497 0.0094 
         513  1 0.0076 0.0083 0.2049 0.2567 0.2724 0.2373 0.0129 
         514  1 0.0083 0.0254 0.1638 0.1529 0.3660 0.2647 0.0190 
         515  1 0.0110 0.0379 0.1940 0.1890 0.2040 0.3583 0.0058 
         516  1 0.0055 0.0620 0.1323 0.1238 0.2164 0.4351 0.0250 
         517  1 0.0038 0.0438 0.1238 0.1049 0.2888 0.4059 0.0289 
         518  1 0.0121 0.1056 0.2144 0.2059 0.1489 0.1662 0.1469 
         519  1 0.1663 0.0538 0.1701 0.1619 0.2241 0.1841 0.0397 
         520  1 0.0130 0.0119 0.2488 0.2694 0.2520 0.1917 0.0131 
         521  1 0.0353 0.0461 0.1491 0.1517 0.2285 0.3822 0.0070 
         522  1 0.5316 0.0357 0.1134 0.1109 0.0915 0.1070 0.0099 
         523  1 0.0095 0.0337 0.2621 0.2736 0.2143 0.1881 0.0187 
         524  1 0.0052 0.0226 0.2801 0.2266 0.2117 0.2492 0.0046 
         525  1 0.0052 0.0105 0.2143 0.1770 0.2915 0.2913 0.0102 
         526  1 0.0123 0.0956 0.1250 0.1130 0.3495 0.2867 0.0178 
         527  1 0.0198 0.0068 0.2529 0.2544 0.2205 0.2388 0.0067 
         528  1 0.0041 0.0073 0.1409 0.1141 0.2884 0.4370 0.0082 
         529  1 0.3038 0.0072 0.1023 0.0946 0.1585 0.3206 0.0131 
         530  1 0.0198 0.0697 0.1671 0.1706 0.3679 0.1583 0.0467 
         531  1 0.0348 0.0354 0.2066 0.2092 0.2201 0.2861 0.0077 
         532  1 0.1251 0.1052 0.2188 0.2158 0.1675 0.1538 0.0136 
         533  1 0.0158 0.0379 0.1897 0.1934 0.2273 0.3237 0.0122 
         534  1 0.0104 0.1629 0.1376 0.1446 0.1962 0.2934 0.0549 
         535  1 0.0084 0.0308 0.2222 0.2260 0.2657 0.2319 0.0151 
         536  1 0.0247 0.0128 0.3025 0.2525 0.1793 0.2162 0.0120 
         537  1 0.0283 0.1560 0.1906 0.1984 0.2111 0.1791 0.0365 
         538  1 0.0055 0.0604 0.3419 0.3308 0.1526 0.1048 0.0040 
         539  1 0.0058 0.0961 0.1673 0.1560 0.2968 0.2645 0.0135 
         540  1 0.0140 0.0190 0.2842 0.1919 0.3237 0.1584 0.0089 
         541  1 0.0968 0.0099 0.1445 0.1275 0.2351 0.3756 0.0105 
         542  1 0.0566 0.0463 0.1666 0.1737 0.2596 0.2883 0.0089 
         543  1 0.0097 0.0121 0.3237 0.3590 0.1970 0.0945 0.0040 
         544  1 0.0559 0.1614 0.1605 0.1809 0.2168 0.1839 0.0406 
         545  1 0.0280 0.2431 0.1280 0.1131 0.3060 0.1497 0.0320 
         546  1 0.0106 0.0241 0.3163 0.2664 0.1592 0.2055 0.0180 
         547  1 0.0160 0.0090 0.1961 0.1864 0.3028 0.2822 0.0076 
         548  1 0.0154 0.0568 0.2075 0.1945 0.3473 0.1727 0.0058 
         549  1 0.0182 0.1370 0.0910 0.0768 0.2838 0.3713 0.0219 
         550  1 0.0048 0.0123 0.2452 0.2582 0.2007 0.2734 0.0053 
         551  1 0.0516 0.0142 0.3359 0.2662 0.1797 0.1466 0.0058 
         552  1 0.0064 0.0226 0.1058 0.0758 0.2447 0.5412 0.0035 
         553  1 0.0080 0.0164 0.0944 0.0938 0.2166 0.5476 0.0232 
         554  1 0.0131 0.0100 0.2207 0.2748 0.2459 0.1982 0.0372 
         555  1 0.0084 0.0209 0.2092 0.2041 0.2176 0.3151 0.0246 
         556  1 0.0126 0.1232 0.1457 0.1378 0.2441 0.3161 0.0205 
         557  1 0.0114 0.0301 0.1656 0.1402 0.2249 0.4184 0.0094 
         558  1 0.0090 0.0260 0.1594 0.1330 0.2608 0.4046 0.0071 
         559  1 0.0053 0.0238 0.3608 0.3388 0.1666 0.0706 0.0340 
         560  1 0.0063 0.0537 0.1625 0.1677 0.3481 0.2438 0.0179 
         561  1 0.0101 0.2375 0.1860 0.2100 0.1789 0.1649 0.0125 
         562  1 0.0067 0.0112 0.1953 0.1919 0.2938 0.2905 0.0105 
         563  1 0.0078 0.0185 0.1980 0.2139 0.2400 0.3144 0.0074 
         564  1 0.0062 0.0123 0.2230 0.2269 0.1677 0.1186 0.2453 
         565  1 0.0232 0.0269 0.2062 0.2019 0.2481 0.2850 0.0087 
         566  1 0.0277 0.0066 0.2121 0.2388 0.2379 0.2576 0.0192 
         567  1 0.0863 0.0102 0.2511 0.2542 0.1701 0.2188 0.0093 
         568  1 0.0184 0.0099 0.2881 0.3239 0.1657 0.1613 0.0328 
         569  1 0.0083 0.0144 0.1527 0.1606 0.1744 0.4853 0.0045 
         570  1 0.0135 0.0178 0.2731 0.2564 0.2285 0.2044 0.0062 
         571  1 0.0599 0.0064 0.2693 0.2740 0.2356 0.1474 0.0074 
         572  1 0.0108 0.0101 0.1879 0.1501 0.2490 0.3827 0.0094 
         573  1 0.0119 0.1232 0.2171 0.2003 0.1194 0.1348 0.1933 
         574  1 0.0202 0.0219 0.2167 0.3511 0.1729 0.1910 0.0263 
         575  1 0.0060 0.0392 0.1742 0.1538 0.2267 0.3854 0.0147 
         576  1 0.0067 0.0167 0.1179 0.0783 0.2483 0.4922 0.0400 
         577  1 0.0153 0.0781 0.2091 0.2197 0.2192 0.2041 0.0544 
         578  1 0.0270 0.0086 0.1186 0.1121 0.2152 0.2773 0.2412 
         579  1 0.0058 0.0246 0.2528 0.2168 0.3393 0.1382 0.0225 
         580  1 0.0411 0.0049 0.1876 0.1836 0.2506 0.3245 0.0077 
         581  1 0.0036 0.0067 0.1285 0.1149 0.3190 0.4213 0.0060 
         582  1 0.0359 0.0845 0.2360 0.2363 0.1551 0.1575 0.0947 
         583  1 0.0709 0.0503 0.1419 0.1649 0.2410 0.2181 0.1129 
         584  1 0.0128 0.0927 0.2138 0.1847 0.2893 0.1917 0.0151 
         585  1 0.1145 0.1072 0.1442 0.1530 0.2567 0.2047 0.0198 
         586  1 0.0157 0.0692 0.2531 0.2844 0.2086 0.1577 0.0112 
         587  1 0.0059 0.0774 0.1905 0.1823 0.2496 0.2830 0.0113 
         588  1 0.0204 0.0100 0.2605 0.3215 0.2335 0.1306 0.0235 
         589  1 0.0193 0.0051 0.3634 0.3697 0.1356 0.0682 0.0387 
         590  1 0.0136 0.0922 0.2609 0.2516 0.2519 0.1121 0.0177 
         591  1 0.0669 0.0051 0.2295 0.2444 0.2747 0.1735 0.0059 
         592  1 0.0070 0.0144 0.3783 0.3983 0.1253 0.0620 0.0147 
         593  1 0.0063 0.0067 0.1464 0.1361 0.1962 0.4921 0.0162 
         594  1 0.0063 0.0291 0.2532 0.3152 0.2048 0.1669 0.0245 
         595  1 0.7028 0.0268 0.0563 0.0571 0.0638 0.0810 0.0122 
         596  1 0.0237 0.0188 0.2850 0.2813 0.2575 0.1212 0.0125 
         597  1 0.0329 0.0674 0.1702 0.1521 0.2627 0.2965 0.0181 
         598  1 0.0049 0.2701 0.1105 0.1064 0.2444 0.2577 0.0059 
         599  1 0.0198 0.0231 0.2600 0.2400 0.2756 0.1386 0.0430 
         600  1 0.0559 0.0316 0.1586 0.1621 0.3411 0.2144 0.0363 
         601  1 0.0057 0.1183 0.1648 0.1889 0.2150 0.1889 0.1184 
         602  1 0.0128 0.0308 0.2702 0.2885 0.2273 0.1233 0.0471 
         603  1 0.0424 0.0131 0.1664 0.1525 0.3070 0.3085 0.0102 
         604  1 0.0229 0.0063 0.2714 0.2811 0.1967 0.2103 0.0113 
         605  1 0.0172 0.0982 0.2211 0.2712 0.1576 0.2272 0.0076 
         606  1 0.0294 0.0273 0.2718 0.2364 0.2739 0.1444 0.0168 
