           1  1 0.0239 0.1424 0.1301 0.0071 0.2611 0.1772 0.1866 0.0716 
           2  1 0.0084 0.2481 0.1466 0.0049 0.1451 0.2361 0.2074 0.0034 
           3  1 0.0519 0.1790 0.2095 0.0082 0.1448 0.1963 0.1857 0.0246 
           4  1 0.0090 0.1770 0.1301 0.0057 0.2751 0.1668 0.2282 0.0081 
           5  1 0.0057 0.2951 0.1215 0.0400 0.1226 0.1895 0.1872 0.0383 
           6  1 0.0078 0.2446 0.1414 0.0219 0.1827 0.1861 0.1495 0.0660 
           7  1 0.0049 0.2837 0.1731 0.0066 0.1123 0.2220 0.1940 0.0034 
           8  1 0.0789 0.2758 0.1309 0.0042 0.1315 0.1763 0.1926 0.0096 
           9  1 0.0077 0.1814 0.1794 0.0079 0.1564 0.1998 0.2162 0.0513 
          10  1 0.0514 0.1597 0.1882 0.0640 0.1846 0.1718 0.1701 0.0103 
          11  1 0.0067 0.2078 0.1513 0.0093 0.2026 0.1910 0.1976 0.0338 
          12  1 0.0088 0.2177 0.1617 0.0037 0.2337 0.1944 0.1767 0.0033 
          13  1 0.0133 0.1715 0.2437 0.0065 0.1276 0.2300 0.2024 0.0051 
          14  1 0.0059 0.1792 0.1865 0.0087 0.2097 0.2067 0.1811 0.0222 
          15  1 0.0375 0.1298 0.1622 0.0113 0.1728 0.1805 0.1623 0.1435 
          16  1 0.0054 0.2061 0.1425 0.0069 0.2160 0.1922 0.2078 0.0229 
          17  1 0.0155 0.2069 0.1296 0.0179 0.2235 0.1868 0.1859 0.0337 
          18  1 0.0146 0.1840 0.1560 0.0095 0.2223 0.1878 0.2046 0.0211 
          19  1 0.0695 0.1513 0.1264 0.0105 0.2473 0.1551 0.1793 0.0605 
          20  1 0.0243 0.2138 0.0940 0.2480 0.1156 0.1688 0.1306 0.0049 
          21  1 0.0148 0.1764 0.2331 0.0378 0.1378 0.1840 0.1904 0.0258 
          22  1 0.0050 0.1259 0.2016 0.0055 0.2474 0.1397 0.2218 0.0531 
          23  1 0.0193 0.3152 0.1258 0.0118 0.1297 0.1766 0.1963 0.0253 
          24  1 0.0214 0.1988 0.1198 0.0570 0.2241 0.1970 0.1633 0.0186 
          25  1 0.0332 0.2107 0.1190 0.0242 0.1865 0.1825 0.2263 0.0177 
          26  1 0.0092 0.1564 0.2069 0.0044 0.1528 0.2262 0.2304 0.0136 
          27  1 0.0074 0.2008 0.1667 0.0072 0.1889 0.2089 0.2016 0.0185 
          28  1 0.0340 0.1606 0.1039 0.1397 0.2174 0.1459 0.1530 0.0454 
          29  1 0.0114 0.2030 0.1921 0.0363 0.1799 0.2093 0.1628 0.0054 
          30  1 0.0038 0.1482 0.2856 0.0035 0.1699 0.1753 0.2072 0.0065 
          31  1 0.0056 0.1952 0.2331 0.0074 0.1206 0.2371 0.1581 0.0429 
          32  1 0.0053 0.3034 0.1268 0.0046 0.1550 0.1979 0.1968 0.0103 
          33  1 0.0066 0.3447 0.1178 0.0048 0.1285 0.1690 0.1690 0.0596 
          34  1 0.0360 0.2012 0.1579 0.0165 0.2072 0.1656 0.2034 0.0123 
          35  1 0.0077 0.2259 0.1691 0.0088 0.1505 0.2356 0.1762 0.0263 
          36  1 0.0052 0.2374 0.1401 0.0061 0.1844 0.2378 0.1805 0.0085 
          37  1 0.0104 0.1728 0.1960 0.0793 0.1681 0.1859 0.1616 0.0261 
          38  1 0.0117 0.2464 0.1343 0.0073 0.1401 0.1714 0.1770 0.1118 
          39  1 0.0111 0.0163 0.0196 0.0088 0.0158 0.0170 0.0167 0.8947 
          40  1 0.0047 0.2156 0.1934 0.0145 0.1464 0.1984 0.1810 0.0461 
          41  1 0.0227 0.2258 0.1565 0.0110 0.1933 0.2039 0.1731 0.0138 
          42  1 0.0127 0.2337 0.1564 0.0122 0.1729 0.2108 0.1643 0.0371 
          43  1 0.0579 0.2152 0.1454 0.0090 0.1899 0.1952 0.1664 0.0209 
          44  1 0.0066 0.2197 0.1307 0.0394 0.2238 0.1891 0.1823 0.0085 
          45  1 0.0194 0.1771 0.2145 0.0041 0.1653 0.1986 0.2176 0.0036 
          46  1 0.0094 0.1826 0.2078 0.0101 0.1943 0.2075 0.1797 0.0087 
          47  1 0.0085 0.1900 0.1384 0.0344 0.2162 0.1924 0.1949 0.0251 
          48  1 0.0092 0.2108 0.1214 0.0332 0.2043 0.1921 0.2179 0.0111 
          49  1 0.0635 0.1345 0.3089 0.0155 0.1139 0.1631 0.1755 0.0251 
          50  1 0.0140 0.2132 0.1493 0.0065 0.2311 0.1905 0.1890 0.0064 
          51  1 0.0156 0.2418 0.1979 0.0046 0.1449 0.2002 0.1895 0.0054 
          52  1 0.0035 0.2985 0.1441 0.0050 0.1390 0.2219 0.1700 0.0180 
          53  1 0.0372 0.2662 0.1511 0.0064 0.1386 0.1953 0.2006 0.0046 
          54  1 0.0072 0.1949 0.1674 0.0923 0.1419 0.2063 0.1571 0.0328 
          55  1 0.1862 0.1945 0.1644 0.0125 0.1266 0.1678 0.1423 0.0056 
          56  1 0.0061 0.1591 0.1499 0.0166 0.2365 0.1842 0.2078 0.0399 
          57  1 0.0135 0.1958 0.1969 0.0065 0.1422 0.2505 0.1856 0.0090 
          58  1 0.0075 0.1384 0.2382 0.0250 0.1955 0.1597 0.2274 0.0083 
          59  1 0.0047 0.2415 0.1192 0.0052 0.1953 0.1908 0.2347 0.0086 
          60  1 0.0172 0.1696 0.2802 0.0130 0.1449 0.1749 0.1895 0.0108 
          61  1 0.0122 0.1449 0.1348 0.1899 0.1529 0.1555 0.1656 0.0442 
          62  1 0.0164 0.2595 0.1480 0.0068 0.1489 0.2016 0.2135 0.0052 
          63  1 0.0316 0.1969 0.1947 0.0133 0.1449 0.2243 0.1678 0.0264 
          64  1 0.0102 0.1696 0.1253 0.0055 0.2875 0.1597 0.2346 0.0076 
          65  1 0.0067 0.2150 0.1112 0.0081 0.2338 0.2179 0.1914 0.0159 
          66  1 0.0114 0.2807 0.1713 0.0096 0.1257 0.2090 0.1856 0.0066 
          67  1 0.0175 0.2817 0.1357 0.0511 0.1404 0.1868 0.1692 0.0175 
          68  1 0.0246 0.1334 0.0974 0.0259 0.1133 0.1437 0.1259 0.3358 
          69  1 0.0092 0.2016 0.1037 0.1137 0.1344 0.1721 0.1226 0.1428 
          70  1 0.0073 0.1297 0.3602 0.0160 0.0922 0.1931 0.1852 0.0164 
          71  1 0.0070 0.2739 0.1387 0.0267 0.1669 0.2046 0.1645 0.0176 
          72  1 0.0126 0.2091 0.1245 0.0130 0.2005 0.2208 0.2147 0.0049 
          73  1 0.0409 0.2090 0.1186 0.0083 0.2251 0.1727 0.2057 0.0197 
          74  1 0.0079 0.1845 0.1197 0.0072 0.2622 0.1749 0.2269 0.0167 
          75  1 0.0259 0.2195 0.1272 0.0059 0.1807 0.2591 0.1740 0.0078 
          76  1 0.0080 0.2409 0.1697 0.0071 0.1459 0.2224 0.1782 0.0278 
          77  1 0.9563 0.0055 0.0062 0.0074 0.0057 0.0057 0.0055 0.0078 
          78  1 0.8912 0.0181 0.0177 0.0100 0.0158 0.0169 0.0171 0.0130 
          79  1 0.9501 0.0066 0.0065 0.0111 0.0070 0.0073 0.0069 0.0044 
          80  1 0.9704 0.0049 0.0046 0.0031 0.0049 0.0047 0.0047 0.0027 
          81  1 0.9557 0.0073 0.0070 0.0039 0.0079 0.0069 0.0076 0.0038 
          82  1 0.9449 0.0087 0.0080 0.0063 0.0074 0.0084 0.0074 0.0090 
          83  1 0.8659 0.0171 0.0218 0.0236 0.0191 0.0190 0.0196 0.0139 
          84  1 0.9387 0.0086 0.0083 0.0052 0.0102 0.0092 0.0096 0.0102 
          85  1 0.9260 0.0122 0.0116 0.0082 0.0113 0.0109 0.0118 0.0080 
          86  1 0.8149 0.0355 0.0272 0.0078 0.0314 0.0333 0.0343 0.0157 
          87  1 0.9636 0.0056 0.0053 0.0037 0.0054 0.0060 0.0055 0.0049 
          88  1 0.9519 0.0058 0.0048 0.0072 0.0057 0.0056 0.0054 0.0136 
          89  1 0.9517 0.0067 0.0072 0.0069 0.0066 0.0070 0.0064 0.0075 
          90  1 0.4869 0.1138 0.0867 0.0154 0.1003 0.0994 0.0801 0.0176 
          91  1 0.9493 0.0063 0.0064 0.0068 0.0057 0.0062 0.0061 0.0132 
          92  1 0.9496 0.0067 0.0066 0.0098 0.0070 0.0073 0.0069 0.0061 
          93  1 0.9597 0.0062 0.0061 0.0048 0.0067 0.0064 0.0060 0.0041 
          94  1 0.9668 0.0048 0.0047 0.0060 0.0050 0.0047 0.0044 0.0037 
          95  1 0.9136 0.0116 0.0112 0.0106 0.0111 0.0129 0.0112 0.0178 
          96  1 0.9586 0.0060 0.0058 0.0053 0.0059 0.0060 0.0060 0.0063 
          97  1 0.6854 0.0436 0.0390 0.0913 0.0491 0.0408 0.0425 0.0084 
          98  1 0.2945 0.1284 0.1151 0.0202 0.1555 0.1328 0.1365 0.0169 
          99  1 0.9473 0.0058 0.0065 0.0036 0.0060 0.0059 0.0065 0.0183 
         100  1 0.8003 0.0384 0.0333 0.0086 0.0381 0.0353 0.0368 0.0092 
         101  1 0.9406 0.0085 0.0086 0.0046 0.0083 0.0086 0.0080 0.0128 
         102  1 0.7066 0.0381 0.0402 0.0763 0.0336 0.0382 0.0375 0.0295 
         103  1 0.0071 0.1907 0.1523 0.0072 0.2267 0.1844 0.1827 0.0489 
         104  1 0.0054 0.1475 0.1579 0.0046 0.3370 0.1512 0.1916 0.0048 
         105  1 0.0064 0.1961 0.1790 0.0192 0.1693 0.2472 0.1721 0.0108 
         106  1 0.0183 0.1788 0.2553 0.0109 0.1147 0.2306 0.1851 0.0063 
         107  1 0.0160 0.1442 0.1124 0.0074 0.2993 0.1515 0.2598 0.0095 
         108  1 0.0138 0.1333 0.3057 0.0159 0.1398 0.1628 0.1938 0.0349 
         109  1 0.0172 0.2001 0.1326 0.0334 0.2313 0.1854 0.1816 0.0186 
         110  1 0.0049 0.2641 0.1487 0.0165 0.1679 0.1987 0.1821 0.0172 
         111  1 0.0057 0.2335 0.1831 0.0062 0.1720 0.2157 0.1630 0.0208 
         112  1 0.0135 0.2164 0.1402 0.0047 0.2107 0.1954 0.1728 0.0463 
         113  1 0.0303 0.1985 0.1464 0.0081 0.2061 0.2217 0.1759 0.0129 
         114  1 0.0116 0.2501 0.1823 0.0075 0.1621 0.2312 0.1511 0.0042 
         115  1 0.0060 0.1680 0.1785 0.0479 0.1639 0.1650 0.2183 0.0524 
         116  1 0.0083 0.2003 0.1020 0.0041 0.2965 0.1658 0.2177 0.0054 
         117  1 0.0053 0.1131 0.3810 0.0067 0.1115 0.1910 0.1856 0.0057 
         118  1 0.0086 0.1882 0.2295 0.0068 0.2055 0.1557 0.1888 0.0168 
         119  1 0.0103 0.1935 0.2382 0.0045 0.1498 0.2116 0.1807 0.0114 
         120  1 0.0277 0.1389 0.3221 0.0048 0.1123 0.1971 0.1889 0.0083 
         121  1 0.0176 0.1318 0.3117 0.0114 0.1145 0.1860 0.1618 0.0651 
         122  1 0.0116 0.1740 0.1413 0.0134 0.2230 0.1890 0.2330 0.0147 
         123  1 0.0115 0.1514 0.2415 0.0114 0.1963 0.1678 0.1900 0.0301 
         124  1 0.0294 0.2147 0.1609 0.0083 0.1693 0.1911 0.1647 0.0616 
         125  1 0.0048 0.2434 0.1495 0.0088 0.1933 0.1862 0.2073 0.0067 
         126  1 0.0520 0.1542 0.2055 0.0159 0.2249 0.1867 0.1549 0.0060 
         127  1 0.0111 0.1954 0.1728 0.0103 0.2130 0.1947 0.1874 0.0152 
         128  1 0.4481 0.0972 0.1041 0.0058 0.1250 0.1155 0.0998 0.0045 
         129  1 0.0508 0.1840 0.2064 0.0128 0.1723 0.1738 0.1893 0.0106 
         130  1 0.0058 0.2152 0.1715 0.0115 0.1187 0.2031 0.1922 0.0820 
         131  1 0.0453 0.1443 0.2238 0.0059 0.2220 0.1645 0.1820 0.0121 
         132  1 0.0059 0.2917 0.1395 0.0033 0.1327 0.2052 0.2109 0.0107 
         133  1 0.0658 0.1322 0.2787 0.0051 0.1236 0.2078 0.1814 0.0053 
         134  1 0.0262 0.3012 0.1286 0.0066 0.1437 0.1868 0.2002 0.0067 
         135  1 0.1117 0.1608 0.2045 0.0503 0.1352 0.1742 0.1541 0.0091 
         136  1 0.0529 0.2032 0.2702 0.0096 0.1104 0.1335 0.2060 0.0141 
         137  1 0.0059 0.1528 0.1105 0.0097 0.3375 0.1425 0.2277 0.0134 
         138  1 0.0123 0.2798 0.1419 0.0069 0.1727 0.1867 0.1956 0.0040 
         139  1 0.0180 0.2190 0.1445 0.0056 0.2022 0.1884 0.1555 0.0668 
         140  1 0.0338 0.1822 0.1839 0.0565 0.1534 0.1754 0.1636 0.0511 
         141  1 0.0056 0.2211 0.1335 0.0066 0.1890 0.2342 0.1943 0.0155 
         142  1 0.0052 0.1279 0.3213 0.0085 0.1390 0.1934 0.1925 0.0120 
         143  1 0.0208 0.1628 0.1556 0.0052 0.3052 0.1581 0.1803 0.0120 
         144  1 0.0160 0.1973 0.1546 0.0055 0.1950 0.1902 0.2311 0.0103 
         145  1 0.0095 0.1243 0.1969 0.0599 0.1379 0.1573 0.1597 0.1545 
         146  1 0.0168 0.1883 0.1630 0.0168 0.2155 0.1866 0.2003 0.0126 
         147  1 0.0063 0.1434 0.2053 0.0212 0.1519 0.1756 0.1711 0.1251 
         148  1 0.0591 0.2296 0.1647 0.0082 0.1817 0.1897 0.1624 0.0046 
         149  1 0.0059 0.1778 0.2020 0.0314 0.1937 0.1791 0.1813 0.0289 
         150  1 0.0375 0.1371 0.2694 0.0855 0.1058 0.1784 0.1790 0.0074 
         151  1 0.0072 0.2425 0.1579 0.0077 0.1895 0.2160 0.1649 0.0143 
         152  1 0.0323 0.0750 0.0525 0.3175 0.1230 0.0682 0.0809 0.2505 
         153  1 0.0220 0.2474 0.1383 0.0384 0.1639 0.2043 0.1478 0.0378 
         154  1 0.0249 0.2072 0.0983 0.0723 0.1741 0.1784 0.1755 0.0694 
         155  1 0.0075 0.2542 0.1412 0.0079 0.2492 0.1579 0.1742 0.0079 
         156  1 0.2000 0.1350 0.1130 0.0281 0.2605 0.1266 0.1279 0.0089 
         157  1 0.0155 0.2974 0.1440 0.0069 0.1349 0.1874 0.1916 0.0224 
         158  1 0.0125 0.2607 0.1661 0.0053 0.1538 0.1920 0.1970 0.0126 
         159  1 0.0370 0.1537 0.1312 0.2691 0.1086 0.1527 0.1363 0.0113 
         160  1 0.0106 0.1403 0.2490 0.0095 0.1631 0.1619 0.1786 0.0869 
         161  1 0.0280 0.1982 0.2263 0.0274 0.1271 0.1713 0.1958 0.0258 
         162  1 0.0077 0.1838 0.1792 0.0116 0.2446 0.1907 0.1759 0.0064 
         163  1 0.0044 0.1141 0.3513 0.0048 0.1233 0.1847 0.2056 0.0116 
         164  1 0.0045 0.1884 0.2021 0.0075 0.1762 0.1963 0.2072 0.0178 
         165  1 0.0042 0.2134 0.1734 0.0723 0.1620 0.1999 0.1705 0.0043 
         166  1 0.0965 0.1390 0.3314 0.0042 0.0689 0.1452 0.1821 0.0327 
         167  1 0.0056 0.1621 0.1501 0.0065 0.2917 0.1637 0.2018 0.0183 
         168  1 0.0183 0.2104 0.1807 0.0132 0.1750 0.2120 0.1817 0.0087 
         169  1 0.0055 0.2592 0.1888 0.0043 0.1406 0.1779 0.2187 0.0049 
         170  1 0.0079 0.1422 0.2144 0.0126 0.2620 0.1606 0.1836 0.0167 
         171  1 0.0059 0.1501 0.1933 0.0242 0.2139 0.1825 0.1877 0.0423 
         172  1 0.0040 0.1682 0.1534 0.0098 0.2603 0.1888 0.1975 0.0179 
         173  1 0.0104 0.1969 0.1622 0.0171 0.1832 0.2024 0.2170 0.0108 
         174  1 0.0058 0.1822 0.1419 0.0986 0.2325 0.1651 0.1611 0.0126 
         175  1 0.0056 0.1424 0.1566 0.0142 0.2551 0.1830 0.1898 0.0533 
         176  1 0.0101 0.1255 0.2253 0.0131 0.2400 0.1564 0.2012 0.0285 
         177  1 0.0044 0.1468 0.3271 0.0059 0.1149 0.1901 0.1853 0.0255 
         178  1 0.0051 0.2358 0.2151 0.0148 0.1369 0.1863 0.1861 0.0200 
         179  1 0.0152 0.0440 0.0605 0.0109 0.0440 0.0519 0.0575 0.7160 
         180  1 0.0086 0.1543 0.2350 0.0052 0.2153 0.1675 0.2007 0.0135 
         181  1 0.0598 0.1452 0.2776 0.0140 0.0943 0.1954 0.1890 0.0247 
         182  1 0.0290 0.1174 0.3640 0.0085 0.0953 0.1757 0.1741 0.0360 
         183  1 0.0548 0.1949 0.1126 0.0173 0.2243 0.1885 0.1905 0.0171 
         184  1 0.0125 0.2185 0.1493 0.0075 0.1631 0.1898 0.2065 0.0529 
         185  1 0.0202 0.1786 0.1484 0.0080 0.2341 0.2131 0.1769 0.0206 
         186  1 0.0058 0.0966 0.4308 0.0035 0.1196 0.1482 0.1896 0.0058 
         187  1 0.0065 0.1929 0.1249 0.0282 0.2086 0.1942 0.1633 0.0814 
         188  1 0.0081 0.1810 0.1628 0.0195 0.2238 0.1967 0.1857 0.0224 
         189  1 0.0092 0.1554 0.2554 0.0111 0.1287 0.2004 0.1630 0.0768 
         190  1 0.0051 0.1845 0.2547 0.0252 0.1334 0.1842 0.1902 0.0227 
         191  1 0.0708 0.1564 0.2108 0.0628 0.1644 0.1458 0.1673 0.0217 
         192  1 0.0033 0.1697 0.1369 0.0568 0.2210 0.1644 0.2219 0.0259 
         193  1 0.0076 0.2708 0.1477 0.0083 0.1333 0.1967 0.1843 0.0513 
         194  1 0.0072 0.1846 0.2172 0.0190 0.1537 0.2162 0.1768 0.0254 
         195  1 0.0063 0.1488 0.3151 0.0238 0.1242 0.1942 0.1783 0.0093 
         196  1 0.3251 0.1670 0.1031 0.0063 0.1003 0.1351 0.1291 0.0340 
         197  1 0.0273 0.2027 0.1707 0.0050 0.1935 0.2116 0.1692 0.0200 
         198  1 0.0172 0.2045 0.1444 0.0102 0.1775 0.2136 0.2070 0.0256 
         199  1 0.0074 0.0952 0.4089 0.0084 0.0849 0.1633 0.1926 0.0392 
         200  1 0.0234 0.2377 0.1573 0.0049 0.1424 0.2346 0.1852 0.0144 
         201  1 0.0047 0.1624 0.1451 0.0638 0.1912 0.1858 0.1778 0.0693 
         202  1 0.0259 0.2933 0.1311 0.0048 0.1249 0.2078 0.2016 0.0105 
         203  1 0.0433 0.1282 0.2588 0.0076 0.1654 0.1728 0.1897 0.0344 
         204  1 0.0098 0.2416 0.1846 0.0104 0.1658 0.2013 0.1824 0.0041 
         205  1 0.0114 0.2194 0.1420 0.0227 0.2189 0.2012 0.1809 0.0035 
         206  1 0.0084 0.1807 0.1548 0.0196 0.2452 0.1664 0.1983 0.0266 
         207  1 0.0226 0.1301 0.2985 0.0056 0.1575 0.1578 0.1809 0.0470 
         208  1 0.0388 0.1931 0.1779 0.0050 0.2449 0.1861 0.1506 0.0035 
         209  1 0.0088 0.2705 0.1268 0.0325 0.1723 0.2064 0.1764 0.0062 
         210  1 0.0153 0.2554 0.1957 0.0082 0.1526 0.1932 0.1688 0.0107 
         211  1 0.0075 0.1771 0.1931 0.0056 0.2600 0.1854 0.1644 0.0069 
         212  1 0.0218 0.1740 0.1633 0.0294 0.2120 0.2042 0.1848 0.0104 
         213  1 0.0162 0.2142 0.1625 0.0113 0.1925 0.2001 0.1937 0.0094 
         214  1 0.0094 0.2008 0.1985 0.0290 0.1421 0.2372 0.1754 0.0077 
         215  1 0.0112 0.1889 0.1560 0.0078 0.2124 0.1839 0.2248 0.0149 
         216  1 0.0090 0.2019 0.1324 0.0114 0.2689 0.1748 0.1892 0.0124 
         217  1 0.0064 0.1589 0.2654 0.0276 0.1481 0.2011 0.1731 0.0195 
         218  1 0.0387 0.1916 0.1671 0.0113 0.1740 0.1924 0.2152 0.0096 
         219  1 0.0053 0.1564 0.3574 0.0036 0.0820 0.1791 0.2031 0.0131 
         220  1 0.3535 0.1412 0.1301 0.0115 0.0919 0.1436 0.1166 0.0117 
         221  1 0.0217 0.1703 0.1832 0.0185 0.2389 0.1800 0.1718 0.0155 
         222  1 0.0083 0.1919 0.1442 0.0826 0.1543 0.1958 0.1640 0.0590 
         223  1 0.0057 0.1658 0.1800 0.0226 0.2133 0.1456 0.2131 0.0540 
         224  1 0.0046 0.1694 0.2076 0.0143 0.1955 0.1916 0.2101 0.0069 
         225  1 0.0071 0.0869 0.1083 0.2460 0.1097 0.0970 0.1084 0.2365 
         226  1 0.0094 0.1533 0.1748 0.0267 0.2488 0.1812 0.1985 0.0073 
         227  1 0.0078 0.2094 0.1440 0.0058 0.2080 0.2193 0.1980 0.0077 
         228  1 0.0062 0.1844 0.1722 0.0058 0.1704 0.2132 0.1819 0.0659 
         229  1 0.0212 0.2214 0.1654 0.0157 0.1274 0.2228 0.1934 0.0328 
         230  1 0.0056 0.1828 0.1661 0.0215 0.2261 0.1753 0.2157 0.0067 
         231  1 0.0060 0.0999 0.4158 0.0075 0.1214 0.1486 0.1912 0.0096 
         232  1 0.0068 0.1849 0.1656 0.0039 0.2411 0.1704 0.2199 0.0074 
         233  1 0.0140 0.0889 0.3975 0.0096 0.0987 0.1547 0.1840 0.0527 
         234  1 0.0071 0.1984 0.1959 0.0250 0.1382 0.1939 0.1972 0.0443 
         235  1 0.0085 0.2354 0.1740 0.0093 0.1495 0.2322 0.1748 0.0165 
         236  1 0.0213 0.1581 0.2219 0.0115 0.2157 0.1688 0.1920 0.0106 
         237  1 0.0330 0.2161 0.1808 0.0227 0.1587 0.1786 0.1867 0.0233 
         238  1 0.0179 0.2133 0.1455 0.0294 0.1976 0.2090 0.1808 0.0064 
         239  1 0.0145 0.2202 0.2573 0.0093 0.1099 0.1868 0.1862 0.0158 
         240  1 0.1131 0.1557 0.1087 0.0134 0.1070 0.1353 0.1081 0.2586 
         241  1 0.0096 0.1782 0.2028 0.0055 0.2092 0.1837 0.1975 0.0135 
         242  1 0.0265 0.2321 0.1732 0.0098 0.2035 0.1793 0.1623 0.0133 
         243  1 0.0096 0.2182 0.2326 0.0111 0.1426 0.1957 0.1846 0.0057 
         244  1 0.0169 0.1408 0.1924 0.0041 0.2568 0.1534 0.2288 0.0067 
         245  1 0.0127 0.3720 0.1130 0.0119 0.0988 0.1742 0.1913 0.0262 
         246  1 0.0523 0.1591 0.1134 0.0056 0.2936 0.1745 0.1944 0.0071 
         247  1 0.0047 0.2061 0.1577 0.0260 0.1719 0.2229 0.1755 0.0353 
         248  1 0.0179 0.1681 0.2866 0.0092 0.1221 0.1980 0.1867 0.0114 
         249  1 0.0054 0.2511 0.1796 0.0078 0.1608 0.1963 0.1891 0.0099 
         250  1 0.0109 0.1289 0.2770 0.0293 0.1911 0.1822 0.1692 0.0114 
         251  1 0.0221 0.1866 0.1828 0.0054 0.1920 0.2072 0.1835 0.0203 
         252  1 0.0292 0.1930 0.1346 0.0273 0.2362 0.1971 0.1782 0.0045 
         253  1 0.0536 0.2309 0.1917 0.0086 0.1450 0.1922 0.1721 0.0059 
         254  1 0.0092 0.2374 0.1625 0.0066 0.1917 0.2016 0.1794 0.0116 
         255  1 0.0471 0.2376 0.1661 0.0055 0.1333 0.2052 0.1982 0.0070 
         256  1 0.0039 0.1240 0.2567 0.0092 0.2409 0.1627 0.1902 0.0124 
         257  1 0.0232 0.1570 0.2726 0.0164 0.1503 0.1626 0.2066 0.0112 
         258  1 0.0045 0.2089 0.1022 0.0052 0.2337 0.2048 0.2316 0.0089 
         259  1 0.0079 0.1853 0.2313 0.0057 0.1324 0.2167 0.2039 0.0168 
         260  1 0.0077 0.1715 0.2256 0.0189 0.1753 0.2119 0.1723 0.0168 
         261  1 0.0099 0.2903 0.1975 0.0062 0.1085 0.1809 0.1892 0.0177 
         262  1 0.0065 0.2374 0.1164 0.0066 0.1939 0.2322 0.2003 0.0068 
         263  1 0.0088 0.1946 0.1839 0.1431 0.1006 0.2009 0.1636 0.0045 
         264  1 0.0127 0.3139 0.1290 0.0259 0.1505 0.1833 0.1730 0.0117 
         265  1 0.0115 0.3194 0.1213 0.0234 0.1315 0.1836 0.1976 0.0117 
         266  1 0.0208 0.2293 0.1704 0.0087 0.1453 0.2422 0.1607 0.0225 
         267  1 0.1104 0.2077 0.1456 0.0108 0.1144 0.1898 0.1533 0.0679 
         268  1 0.2656 0.1548 0.0958 0.0515 0.1419 0.1384 0.1291 0.0228 
         269  1 0.0209 0.1456 0.1092 0.0119 0.1842 0.1441 0.1630 0.2210 
         270  1 0.0213 0.1804 0.1176 0.0056 0.2827 0.1767 0.2071 0.0088 
         271  1 0.0465 0.2095 0.1975 0.0285 0.1456 0.1920 0.1641 0.0162 
         272  1 0.0081 0.0854 0.0820 0.0171 0.1117 0.0884 0.0857 0.5214 
         273  1 0.0043 0.1934 0.1854 0.0234 0.1901 0.1950 0.1784 0.0299 
         274  1 0.0248 0.1856 0.1996 0.0236 0.1688 0.1986 0.1765 0.0226 
         275  1 0.0238 0.1860 0.2200 0.0080 0.1438 0.1986 0.1998 0.0200 
         276  1 0.0091 0.1556 0.1557 0.1068 0.1900 0.1622 0.1751 0.0454 
         277  1 0.0051 0.1454 0.3176 0.0124 0.1295 0.1771 0.1952 0.0176 
         278  1 0.0792 0.2015 0.1255 0.0771 0.1781 0.1836 0.1450 0.0100 
         279  1 0.0209 0.1647 0.1237 0.0245 0.2997 0.1534 0.2021 0.0109 
         280  1 0.0126 0.1592 0.2366 0.0051 0.1960 0.1719 0.1885 0.0301 
         281  1 0.0317 0.2159 0.1514 0.0040 0.1909 0.2060 0.1944 0.0056 
         282  1 0.0109 0.1999 0.1502 0.0484 0.2208 0.1682 0.1793 0.0224 
         283  1 0.0136 0.1416 0.1754 0.2275 0.1337 0.1497 0.1466 0.0120 
         284  1 0.0080 0.2011 0.1714 0.0376 0.1745 0.1972 0.1978 0.0125 
         285  1 0.0514 0.2594 0.1511 0.0190 0.1090 0.1841 0.2091 0.0168 
         286  1 0.0109 0.1508 0.2944 0.0088 0.1286 0.2263 0.1673 0.0130 
         287  1 0.0493 0.1226 0.3294 0.0107 0.1319 0.1689 0.1749 0.0123 
         288  1 0.0198 0.1590 0.2714 0.0147 0.1404 0.1998 0.1741 0.0210 
         289  1 0.0046 0.2116 0.1654 0.0093 0.1739 0.2262 0.1923 0.0168 
         290  1 0.0221 0.2073 0.1975 0.0076 0.1864 0.1858 0.1796 0.0137 
         291  1 0.0174 0.1379 0.3199 0.0171 0.1048 0.1858 0.2108 0.0062 
         292  1 0.0180 0.1682 0.1650 0.0337 0.1821 0.1666 0.1655 0.1009 
         293  1 0.0112 0.1217 0.1134 0.0075 0.3869 0.1524 0.1951 0.0118 
         294  1 0.1684 0.1282 0.2013 0.0808 0.1352 0.1481 0.1329 0.0051 
         295  1 0.0315 0.1144 0.2592 0.0093 0.2032 0.1443 0.1915 0.0466 
         296  1 0.0068 0.1681 0.1604 0.0367 0.2561 0.1637 0.1788 0.0294 
         297  1 0.0092 0.1914 0.1600 0.0602 0.2110 0.1838 0.1702 0.0141 
         298  1 0.0108 0.2171 0.1626 0.0065 0.2025 0.2058 0.1905 0.0043 
         299  1 0.0195 0.2333 0.1454 0.0259 0.2328 0.1842 0.1508 0.0081 
         300  1 0.0106 0.2206 0.1564 0.0174 0.1866 0.2120 0.1670 0.0295 
         301  1 0.1090 0.1157 0.2430 0.0054 0.1775 0.1528 0.1890 0.0077 
         302  1 0.0059 0.1428 0.3433 0.0101 0.1296 0.1817 0.1810 0.0056 
         303  1 0.0070 0.2529 0.1654 0.0702 0.1331 0.1956 0.1679 0.0079 
         304  1 0.0040 0.1888 0.1317 0.0090 0.2542 0.1880 0.2173 0.0071 
         305  1 0.0259 0.2039 0.1579 0.0068 0.2135 0.1811 0.2028 0.0082 
         306  1 0.0080 0.1985 0.1359 0.0079 0.3079 0.1657 0.1698 0.0063 
         307  1 0.0139 0.2267 0.1488 0.0253 0.1936 0.1785 0.1796 0.0336 
         308  1 0.0162 0.1841 0.1433 0.0063 0.2561 0.2073 0.1785 0.0082 
         309  1 0.0072 0.1818 0.1427 0.0399 0.2465 0.1816 0.1888 0.0114 
         310  1 0.0079 0.1918 0.1473 0.1015 0.2049 0.1498 0.1892 0.0077 
         311  1 0.0064 0.1716 0.1355 0.0177 0.3076 0.1574 0.1962 0.0075 
         312  1 0.0695 0.1220 0.2940 0.0289 0.0772 0.1762 0.1646 0.0675 
         313  1 0.0049 0.1684 0.1347 0.0059 0.2157 0.2194 0.2132 0.0377 
         314  1 0.0883 0.1836 0.1307 0.0476 0.1560 0.1551 0.1552 0.0835 
         315  1 0.0105 0.2000 0.1040 0.0079 0.2676 0.2019 0.1953 0.0128 
         316  1 0.0079 0.2311 0.1346 0.0796 0.1385 0.1630 0.1961 0.0491 
         317  1 0.0217 0.1602 0.2684 0.0261 0.1512 0.1797 0.1789 0.0139 
         318  1 0.0055 0.1710 0.1333 0.0190 0.2708 0.1657 0.1930 0.0417 
         319  1 0.0065 0.1454 0.1843 0.1573 0.1018 0.1613 0.1555 0.0879 
         320  1 0.2233 0.1247 0.1646 0.0512 0.1235 0.1372 0.1645 0.0111 
         321  1 0.0102 0.2519 0.1384 0.0048 0.1971 0.2071 0.1727 0.0177 
         322  1 0.0356 0.1402 0.1898 0.0154 0.2577 0.1520 0.1897 0.0196 
         323  1 0.0253 0.1933 0.2712 0.0122 0.1255 0.1792 0.1821 0.0113 
         324  1 0.0071 0.1948 0.1431 0.0068 0.2559 0.1834 0.1917 0.0173 
         325  1 0.0303 0.1878 0.1202 0.0249 0.2190 0.1733 0.2103 0.0343 
         326  1 0.0037 0.1681 0.1537 0.0065 0.2569 0.2020 0.2032 0.0058 
         327  1 0.0097 0.1597 0.1553 0.0050 0.2431 0.2015 0.1860 0.0397 
         328  1 0.0339 0.1797 0.1714 0.0145 0.2013 0.2082 0.1809 0.0100 
         329  1 0.0247 0.1541 0.1950 0.0146 0.2465 0.1944 0.1598 0.0109 
         330  1 0.0220 0.0972 0.2242 0.0044 0.0812 0.1332 0.1490 0.2889 
         331  1 0.0153 0.1812 0.1037 0.0048 0.1967 0.1561 0.1974 0.1448 
         332  1 0.0040 0.1725 0.1713 0.0083 0.2717 0.1888 0.1774 0.0060 
         333  1 0.0087 0.1723 0.2625 0.0107 0.1487 0.2054 0.1856 0.0061 
         334  1 0.0198 0.2769 0.0996 0.0050 0.1506 0.1878 0.1462 0.1141 
         335  1 0.0558 0.2238 0.1554 0.0070 0.1796 0.1741 0.1865 0.0178 
         336  1 0.0050 0.0057 0.0049 0.0039 0.0053 0.0053 0.0052 0.9647 
         337  1 0.0162 0.0649 0.0568 0.0413 0.0591 0.0624 0.0547 0.6446 
         338  1 0.0129 0.0046 0.0044 0.0028 0.0044 0.0045 0.0043 0.9621 
         339  1 0.0028 0.0030 0.0030 0.0031 0.0033 0.0031 0.0030 0.9786 
         340  1 0.0038 0.0065 0.0058 0.0116 0.0063 0.0059 0.0061 0.9541 
         341  1 0.0094 0.2052 0.2319 0.0068 0.1857 0.1965 0.1542 0.0103 
         342  1 0.0025 0.0028 0.0028 0.0027 0.0030 0.0030 0.0027 0.9805 
         343  1 0.0072 0.0095 0.0082 0.0097 0.0089 0.0091 0.0091 0.9382 
         344  1 0.0054 0.0058 0.0056 0.0060 0.0059 0.0060 0.0056 0.9597 
         345  1 0.0047 0.0098 0.0094 0.0175 0.0107 0.0097 0.0095 0.9287 
         346  1 0.0053 0.0056 0.0050 0.0074 0.0049 0.0053 0.0050 0.9615 
         347  1 0.0049 0.0086 0.0080 0.0101 0.0085 0.0080 0.0078 0.9441 
         348  1 0.0471 0.0229 0.0195 0.0101 0.0232 0.0209 0.0219 0.8344 
         349  1 0.0029 0.0029 0.0028 0.0028 0.0029 0.0029 0.0028 0.9800 
         350  1 0.0352 0.0262 0.0264 0.0041 0.0385 0.0261 0.0329 0.8105 
         351  1 0.0041 0.0058 0.0065 0.0154 0.0060 0.0061 0.0062 0.9499 
         352  1 0.0105 0.1512 0.1688 0.0058 0.2604 0.1874 0.1994 0.0166 
         353  1 0.0041 0.0048 0.0051 0.0050 0.0051 0.0051 0.0048 0.9660 
         354  1 0.0042 0.0053 0.0055 0.0054 0.0056 0.0053 0.0056 0.9631 
         355  1 0.0046 0.0052 0.0059 0.0084 0.0057 0.0057 0.0056 0.9588 
         356  1 0.0192 0.2308 0.1470 0.0083 0.1706 0.2386 0.1688 0.0167 
         357  1 0.0135 0.1164 0.1261 0.1426 0.2067 0.1596 0.1883 0.0469 
         358  1 0.0265 0.1571 0.2680 0.0105 0.1861 0.1600 0.1838 0.0078 
         359  1 0.0084 0.2146 0.1739 0.0219 0.1541 0.2350 0.1740 0.0182 
         360  1 0.0301 0.1809 0.1351 0.0519 0.2581 0.1466 0.1787 0.0187 
         361  1 0.0159 0.1411 0.1222 0.1256 0.1261 0.1357 0.1301 0.2033 
         362  1 0.0286 0.1578 0.2936 0.0052 0.1196 0.1987 0.1869 0.0096 
         363  1 0.0056 0.1587 0.1346 0.0065 0.2907 0.1731 0.2008 0.0299 
         364  1 0.0053 0.2602 0.1426 0.0060 0.2266 0.1907 0.1603 0.0084 
         365  1 0.0088 0.1755 0.1282 0.0076 0.2502 0.1770 0.1909 0.0618 
         366  1 0.0077 0.1608 0.1319 0.0049 0.2818 0.1711 0.2227 0.0190 
         367  1 0.0269 0.1775 0.2357 0.0135 0.1766 0.1799 0.1796 0.0106 
         368  1 0.0113 0.1562 0.3007 0.0106 0.1442 0.1955 0.1697 0.0118 
         369  1 0.0111 0.1543 0.1224 0.0045 0.2980 0.1897 0.2052 0.0148 
         370  1 0.0060 0.1516 0.1843 0.0487 0.2087 0.1391 0.1827 0.0789 
         371  1 0.0088 0.1258 0.1923 0.0421 0.2839 0.1675 0.1704 0.0093 
         372  1 0.0077 0.2004 0.1251 0.0375 0.1799 0.1855 0.1783 0.0856 
         373  1 0.0111 0.1892 0.1872 0.0145 0.1896 0.2008 0.1957 0.0120 
         374  1 0.1126 0.1371 0.1683 0.0435 0.2171 0.1531 0.1553 0.0129 
         375  1 0.0040 0.1924 0.1135 0.0230 0.2649 0.1908 0.1970 0.0144 
         376  1 0.0111 0.1989 0.1431 0.0135 0.2310 0.1748 0.2084 0.0192 
         377  1 0.0118 0.1936 0.1590 0.0095 0.2264 0.2076 0.1829 0.0092 
         378  1 0.0224 0.1144 0.1945 0.0087 0.2401 0.1554 0.1843 0.0801 
         379  1 0.0068 0.1911 0.1627 0.0116 0.2090 0.2008 0.2032 0.0148 
         380  1 0.0064 0.2148 0.1630 0.0167 0.2001 0.2009 0.1883 0.0098 
         381  1 0.0150 0.1711 0.1306 0.0110 0.2721 0.1675 0.2200 0.0128 
         382  1 0.0066 0.2667 0.1541 0.0257 0.1449 0.2249 0.1610 0.0160 
         383  1 0.0461 0.1938 0.1411 0.0153 0.2203 0.1731 0.2053 0.0050 
         384  1 0.0097 0.1992 0.1558 0.0113 0.2114 0.2078 0.1844 0.0205 
         385  1 0.0030 0.2890 0.1283 0.0045 0.1520 0.2097 0.1997 0.0138 
         386  1 0.0280 0.1628 0.1911 0.0093 0.2259 0.1660 0.2084 0.0085 
         387  1 0.0049 0.1685 0.1986 0.0079 0.2285 0.1769 0.1735 0.0414 
         388  1 0.0155 0.1489 0.2612 0.0116 0.1494 0.1919 0.1937 0.0277 
         389  1 0.0200 0.2260 0.1658 0.0066 0.1682 0.2134 0.1460 0.0541 
         390  1 0.0331 0.2387 0.1127 0.0041 0.2208 0.1564 0.2030 0.0313 
         391  1 0.0071 0.1868 0.1356 0.0062 0.2912 0.1612 0.2056 0.0062 
         392  1 0.0039 0.1032 0.3584 0.0143 0.1294 0.1801 0.2053 0.0055 
         393  1 0.0273 0.2478 0.1306 0.0066 0.1814 0.2104 0.1862 0.0096 
         394  1 0.0057 0.1256 0.3358 0.0061 0.1505 0.1822 0.1872 0.0069 
         395  1 0.0068 0.1087 0.4014 0.0051 0.0917 0.1952 0.1866 0.0044 
         396  1 0.0091 0.1891 0.1961 0.0057 0.1863 0.2200 0.1861 0.0076 
         397  1 0.0088 0.1776 0.2595 0.0070 0.1383 0.2037 0.1917 0.0135 
         398  1 0.3983 0.0994 0.1213 0.0234 0.0831 0.1032 0.0976 0.0737 
         399  1 0.0135 0.2187 0.1519 0.0101 0.1553 0.2244 0.2118 0.0144 
         400  1 0.0180 0.2244 0.1447 0.0291 0.1834 0.2038 0.1877 0.0090 
         401  1 0.0138 0.1378 0.3334 0.0077 0.1152 0.1858 0.1985 0.0078 
         402  1 0.0063 0.1374 0.2957 0.0158 0.1580 0.1888 0.1939 0.0041 
         403  1 0.0112 0.1681 0.1226 0.0061 0.3106 0.1694 0.2042 0.0079 
         404  1 0.0057 0.1762 0.2257 0.0192 0.1642 0.1774 0.1812 0.0504 
         405  1 0.0435 0.1587 0.1100 0.0085 0.2742 0.1450 0.2373 0.0228 
         406  1 0.0072 0.1699 0.1891 0.0415 0.2143 0.1779 0.1805 0.0197 
         407  1 0.0075 0.2601 0.1517 0.0123 0.1511 0.2045 0.1974 0.0153 
         408  1 0.0105 0.1404 0.3296 0.0078 0.1219 0.1774 0.2040 0.0084 
         409  1 0.0103 0.2150 0.1895 0.0198 0.1681 0.1938 0.1917 0.0118 
         410  1 0.0128 0.1978 0.1356 0.0085 0.2296 0.2094 0.2002 0.0061 
         411  1 0.0071 0.1775 0.1681 0.0290 0.1958 0.2047 0.1912 0.0265 
         412  1 0.0088 0.2029 0.1409 0.0141 0.2291 0.2214 0.1773 0.0056 
         413  1 0.0101 0.1794 0.2117 0.0054 0.2030 0.1865 0.2005 0.0035 
         414  1 0.0072 0.1513 0.2130 0.0174 0.1857 0.1805 0.2254 0.0197 
         415  1 0.0361 0.2208 0.1319 0.0066 0.1776 0.2208 0.1956 0.0107 
         416  1 0.0083 0.1923 0.2141 0.0097 0.1745 0.2110 0.1812 0.0089 
         417  1 0.0267 0.1849 0.1838 0.0108 0.2118 0.1750 0.1936 0.0134 
         418  1 0.0229 0.1900 0.1262 0.0054 0.2588 0.1885 0.1679 0.0403 
         419  1 0.0384 0.1566 0.2113 0.0107 0.2135 0.1857 0.1750 0.0087 
         420  1 0.1771 0.1326 0.2084 0.0072 0.1399 0.1789 0.1507 0.0052 
         421  1 0.0472 0.2174 0.1325 0.0094 0.2123 0.1917 0.1762 0.0132 
         422  1 0.0611 0.1399 0.1346 0.1157 0.2037 0.1514 0.1767 0.0169 
         423  1 0.0040 0.1798 0.2251 0.0142 0.1605 0.2018 0.2012 0.0134 
         424  1 0.0105 0.1641 0.1980 0.0160 0.1955 0.1950 0.2119 0.0090 
         425  1 0.0054 0.1525 0.1389 0.0068 0.2958 0.1908 0.2021 0.0076 
         426  1 0.0070 0.1424 0.1751 0.0321 0.2602 0.1599 0.2032 0.0202 
         427  1 0.0086 0.1641 0.2481 0.0051 0.1943 0.1621 0.2134 0.0043 
         428  1 0.0089 0.1796 0.2326 0.0054 0.2109 0.1670 0.1879 0.0078 
         429  1 0.0042 0.3539 0.1249 0.0124 0.1328 0.1800 0.1872 0.0047 
         430  1 0.0137 0.1330 0.1283 0.3139 0.1078 0.1378 0.1190 0.0465 
         431  1 0.0077 0.2223 0.2335 0.0066 0.1064 0.2318 0.1845 0.0072 
         432  1 0.0061 0.1534 0.2391 0.0084 0.1468 0.1937 0.1918 0.0606 
         433  1 0.0058 0.1744 0.1380 0.0242 0.2733 0.1789 0.1855 0.0199 
         434  1 0.0127 0.2196 0.1554 0.0075 0.1884 0.2101 0.1739 0.0325 
         435  1 0.0159 0.1830 0.1953 0.0098 0.2608 0.1594 0.1711 0.0048 
         436  1 0.0624 0.2108 0.1718 0.0087 0.2109 0.1837 0.1473 0.0042 
         437  1 0.0642 0.1544 0.1327 0.2098 0.1650 0.1426 0.1192 0.0122 
         438  1 0.0051 0.2087 0.1260 0.0361 0.2531 0.2074 0.1592 0.0045 
         439  1 0.0102 0.1880 0.1716 0.0166 0.1953 0.1731 0.2051 0.0400 
         440  1 0.0257 0.1498 0.1173 0.0044 0.3352 0.1463 0.1991 0.0222 
         441  1 0.0182 0.2863 0.1429 0.0478 0.1293 0.1862 0.1838 0.0055 
         442  1 0.0274 0.1717 0.1224 0.2141 0.1719 0.1337 0.1514 0.0075 
         443  1 0.0094 0.1938 0.1043 0.0186 0.2512 0.1717 0.1721 0.0789 
         444  1 0.0169 0.2243 0.1441 0.0127 0.1542 0.2302 0.2021 0.0154 
         445  1 0.0063 0.1840 0.1347 0.0084 0.2666 0.1931 0.1918 0.0151 
         446  1 0.0124 0.1602 0.1963 0.0111 0.2013 0.1923 0.2126 0.0139 
         447  1 0.0216 0.1536 0.1343 0.0082 0.3084 0.1607 0.1926 0.0206 
         448  1 0.0785 0.1222 0.1127 0.0604 0.2891 0.1292 0.1926 0.0152 
         449  1 0.0240 0.0910 0.4050 0.0085 0.0951 0.1633 0.2012 0.0118 
         450  1 0.0587 0.0598 0.0821 0.0587 0.0780 0.0684 0.0814 0.5128 
         451  1 0.0578 0.1449 0.1552 0.0046 0.2639 0.1611 0.1794 0.0332 
         452  1 0.0077 0.2450 0.1507 0.0157 0.1787 0.2096 0.1785 0.0141 
         453  1 0.0374 0.1891 0.2034 0.0099 0.1991 0.1722 0.1815 0.0074 
         454  1 0.0157 0.2371 0.1377 0.0511 0.1793 0.1930 0.1765 0.0096 
         455  1 0.0045 0.2079 0.1938 0.0090 0.1712 0.2138 0.1947 0.0051 
         456  1 0.0081 0.1970 0.1529 0.0131 0.1802 0.2095 0.1841 0.0550 
         457  1 0.0094 0.2721 0.1158 0.0052 0.1638 0.2125 0.2147 0.0064 
         458  1 0.0119 0.2144 0.1596 0.0143 0.1102 0.2059 0.1691 0.1145 
         459  1 0.0136 0.1646 0.1302 0.0365 0.2966 0.1780 0.1597 0.0209 
         460  1 0.0188 0.1270 0.3460 0.0497 0.1039 0.1773 0.1711 0.0062 
         461  1 0.0504 0.1681 0.2374 0.0350 0.1450 0.1740 0.1607 0.0295 
         462  1 0.0088 0.1376 0.3222 0.0076 0.1857 0.1476 0.1838 0.0067 
         463  1 0.0209 0.1582 0.1468 0.0287 0.2898 0.1442 0.1921 0.0193 
         464  1 0.0376 0.1179 0.3400 0.0108 0.1318 0.1615 0.1934 0.0069 
         465  1 0.0139 0.1602 0.1370 0.0574 0.2503 0.1967 0.1641 0.0203 
         466  1 0.0444 0.1276 0.1585 0.1523 0.1362 0.1188 0.1282 0.1340 
         467  1 0.0147 0.1545 0.2935 0.0146 0.1584 0.1867 0.1692 0.0084 
         468  1 0.0081 0.1435 0.1491 0.0076 0.3435 0.1623 0.1633 0.0226 
         469  1 0.0073 0.1461 0.1814 0.0066 0.2918 0.1783 0.1835 0.0049 
         470  1 0.0102 0.1658 0.2722 0.0472 0.1334 0.1888 0.1748 0.0077 
         471  1 0.0054 0.1720 0.2531 0.0052 0.1889 0.2027 0.1664 0.0063 
         472  1 0.0173 0.1714 0.2629 0.0327 0.1216 0.2167 0.1725 0.0049 
         473  1 0.0098 0.2476 0.1581 0.0147 0.1528 0.2151 0.1616 0.0403 
         474  1 0.0046 0.2334 0.2062 0.0061 0.1691 0.2014 0.1659 0.0134 
         475  1 0.0065 0.1490 0.3202 0.0047 0.0852 0.2412 0.1874 0.0059 
         476  1 0.0111 0.2138 0.1885 0.0054 0.1862 0.2134 0.1750 0.0065 
         477  1 0.0077 0.1571 0.1771 0.0454 0.2058 0.1879 0.1933 0.0256 
         478  1 0.0096 0.1626 0.2057 0.0695 0.1759 0.1702 0.1728 0.0337 
         479  1 0.1137 0.1013 0.3153 0.0061 0.1252 0.1603 0.1651 0.0129 
         480  1 0.0162 0.1532 0.1990 0.0084 0.2217 0.1853 0.2113 0.0049 
         481  1 0.0153 0.2386 0.1670 0.0107 0.1609 0.1795 0.2068 0.0212 
         482  1 0.0089 0.1542 0.1122 0.0051 0.3391 0.1452 0.2168 0.0186 
         483  1 0.0086 0.2434 0.1146 0.0156 0.1955 0.1839 0.2328 0.0056 
         484  1 0.0857 0.1387 0.2144 0.0057 0.1295 0.1661 0.1603 0.0996 
         485  1 0.0351 0.0396 0.0346 0.4475 0.0588 0.0454 0.0376 0.3014 
         486  1 0.0331 0.2133 0.1314 0.0081 0.1751 0.2366 0.1796 0.0228 
         487  1 0.0068 0.1584 0.1940 0.0082 0.2093 0.2081 0.2006 0.0145 
         488  1 0.0472 0.1450 0.1829 0.0201 0.2447 0.1758 0.1658 0.0186 
         489  1 0.0323 0.1619 0.1603 0.0077 0.2532 0.1713 0.2067 0.0066 
         490  1 0.0182 0.1320 0.1330 0.0117 0.2634 0.1403 0.1582 0.1434 
         491  1 0.0085 0.1695 0.2657 0.0061 0.1995 0.1693 0.1615 0.0199 
         492  1 0.0079 0.1729 0.1656 0.0144 0.1887 0.2034 0.2383 0.0089 
         493  1 0.0080 0.1895 0.1728 0.0036 0.2285 0.1849 0.2054 0.0075 
         494  1 0.0064 0.1999 0.1659 0.0078 0.2029 0.2328 0.1748 0.0095 
         495  1 0.0143 0.1932 0.1934 0.0188 0.1992 0.1966 0.1768 0.0079 
         496  1 0.0129 0.2277 0.1234 0.0889 0.2028 0.1777 0.1585 0.0081 
         497  1 0.0083 0.1304 0.2511 0.0087 0.1607 0.1834 0.1982 0.0591 
         498  1 0.0124 0.2192 0.1535 0.0099 0.1860 0.1952 0.2063 0.0175 
         499  1 0.0092 0.1613 0.3163 0.0052 0.1073 0.1877 0.2069 0.0060 
         500  1 0.0060 0.1768 0.2107 0.0092 0.1624 0.2207 0.2026 0.0116 
         501  1 0.0067 0.2013 0.2009 0.0109 0.2126 0.1693 0.1750 0.0232 
         502  1 0.0980 0.1613 0.2647 0.0466 0.1011 0.1666 0.1550 0.0067 
         503  1 0.0038 0.1253 0.3386 0.0064 0.1660 0.1738 0.1769 0.0093 
         504  1 0.0165 0.1463 0.2042 0.0073 0.2519 0.1617 0.1857 0.0264 
         505  1 0.0050 0.1857 0.1170 0.0683 0.2715 0.1742 0.1670 0.0113 
         506  1 0.0424 0.1673 0.2428 0.0211 0.1820 0.1835 0.1497 0.0113 
         507  1 0.0321 0.1813 0.1245 0.0933 0.1973 0.1776 0.1569 0.0371 
         508  1 0.0067 0.1562 0.2881 0.0094 0.1415 0.2097 0.1798 0.0084 
         509  1 0.0065 0.3365 0.1113 0.0041 0.1423 0.1799 0.2140 0.0054 
         510  1 0.0449 0.1543 0.2814 0.0061 0.1289 0.1745 0.1706 0.0394 
         511  1 0.0323 0.2014 0.1602 0.0092 0.2288 0.1659 0.1907 0.0116 
         512  1 0.0067 0.1385 0.1570 0.0098 0.3327 0.1608 0.1852 0.0093 
         513  1 0.0073 0.1880 0.1782 0.0113 0.2484 0.1432 0.2176 0.0060 
         514  1 0.0084 0.1648 0.1875 0.0172 0.2299 0.1812 0.1980 0.0129 
         515  1 0.0098 0.1689 0.2596 0.0053 0.1236 0.2073 0.1838 0.0418 
         516  1 0.0055 0.1162 0.3736 0.0241 0.0716 0.1932 0.1759 0.0401 
         517  1 0.0036 0.1244 0.2784 0.0278 0.1507 0.1618 0.2249 0.0283 
         518  1 0.0114 0.1528 0.1626 0.1430 0.1305 0.1629 0.1468 0.0901 
         519  1 0.1484 0.1534 0.1448 0.0358 0.1720 0.1619 0.1603 0.0234 
         520  1 0.0108 0.2246 0.1596 0.0127 0.1945 0.2086 0.1836 0.0056 
         521  1 0.0317 0.1296 0.2955 0.0068 0.1830 0.1536 0.1816 0.0182 
         522  1 0.5050 0.0960 0.0916 0.0092 0.0906 0.0917 0.0991 0.0168 
         523  1 0.0086 0.2281 0.1869 0.0164 0.1427 0.2162 0.1738 0.0273 
         524  1 0.0050 0.1746 0.1877 0.0045 0.2266 0.1889 0.2010 0.0117 
         525  1 0.0053 0.1591 0.2039 0.0097 0.1690 0.2196 0.2264 0.0070 
         526  1 0.0114 0.1274 0.1706 0.0166 0.2934 0.1423 0.2169 0.0213 
         527  1 0.0198 0.2121 0.2172 0.0066 0.1340 0.2352 0.1697 0.0052 
         528  1 0.0037 0.1335 0.3221 0.0086 0.1505 0.1628 0.2137 0.0050 
         529  1 0.3086 0.0863 0.2302 0.0122 0.0955 0.1454 0.1161 0.0056 
         530  1 0.0180 0.1621 0.1116 0.0450 0.3218 0.1555 0.1744 0.0116 
         531  1 0.0286 0.1796 0.2217 0.0074 0.1718 0.1868 0.1914 0.0127 
         532  1 0.1203 0.1822 0.1462 0.0130 0.1368 0.1621 0.1511 0.0881 
         533  1 0.0147 0.1863 0.2030 0.0107 0.1877 0.2035 0.1643 0.0299 
         534  1 0.0101 0.1356 0.2501 0.0493 0.1258 0.1575 0.1549 0.1167 
         535  1 0.0081 0.1945 0.1803 0.0157 0.2055 0.1982 0.1888 0.0089 
         536  1 0.0230 0.1955 0.1703 0.0108 0.2081 0.1947 0.1882 0.0095 
         537  1 0.0272 0.1656 0.1458 0.0357 0.1831 0.1590 0.1649 0.1188 
         538  1 0.0051 0.2198 0.1462 0.0039 0.1483 0.2195 0.2129 0.0442 
         539  1 0.0049 0.1640 0.1730 0.0128 0.2049 0.1699 0.1986 0.0719 
         540  1 0.0119 0.1701 0.1445 0.0084 0.2525 0.2108 0.1941 0.0078 
         541  1 0.0887 0.1331 0.2591 0.0101 0.1190 0.1755 0.2066 0.0079 
         542  1 0.0475 0.1390 0.1671 0.0085 0.2759 0.1340 0.2094 0.0187 
         543  1 0.0095 0.2376 0.1401 0.0036 0.1927 0.2187 0.1899 0.0079 
         544  1 0.0469 0.1507 0.1309 0.0358 0.2524 0.1355 0.1537 0.0940 
         545  1 0.0251 0.1359 0.1071 0.0292 0.2365 0.1327 0.1537 0.1797 
         546  1 0.0093 0.1886 0.1972 0.0179 0.1446 0.2295 0.2018 0.0111 
         547  1 0.0150 0.1770 0.1963 0.0072 0.2176 0.1949 0.1853 0.0067 
