           1  1 0.0256 0.1760 0.0797 0.0071 0.2106 0.1656 0.1338 0.2016 
           2  1 0.0080 0.1784 0.0035 0.0054 0.1955 0.2033 0.2207 0.1851 
           3  1 0.0535 0.2173 0.0283 0.0084 0.1412 0.1870 0.1541 0.2103 
           4  1 0.0089 0.1830 0.0086 0.0058 0.2161 0.1427 0.2041 0.2308 
           5  1 0.0059 0.1063 0.0379 0.0418 0.1891 0.1757 0.3284 0.1149 
           6  1 0.0080 0.1197 0.0668 0.0224 0.2013 0.1633 0.2515 0.1670 
           7  1 0.0052 0.1823 0.0036 0.0064 0.1709 0.1783 0.3022 0.1511 
           8  1 0.0864 0.1585 0.0101 0.0042 0.1854 0.1869 0.2790 0.0895 
           9  1 0.0083 0.2150 0.0497 0.0080 0.1696 0.1644 0.1661 0.2188 
          10  1 0.0521 0.1780 0.0099 0.0664 0.1685 0.1630 0.1572 0.2050 
          11  1 0.0058 0.1595 0.0372 0.0088 0.1938 0.1820 0.2048 0.2081 
          12  1 0.0089 0.1893 0.0036 0.0037 0.2250 0.2457 0.1907 0.1332 
          13  1 0.0143 0.2099 0.0050 0.0071 0.1841 0.1912 0.1557 0.2327 
          14  1 0.0063 0.1860 0.0214 0.0084 0.2170 0.2006 0.1809 0.1793 
          15  1 0.0397 0.1563 0.1465 0.0118 0.1727 0.1709 0.1230 0.1791 
          16  1 0.0056 0.1268 0.0237 0.0069 0.1891 0.2247 0.2093 0.2138 
          17  1 0.0161 0.1559 0.0320 0.0193 0.1892 0.1914 0.2205 0.1757 
          18  1 0.0153 0.1785 0.0220 0.0095 0.1955 0.2111 0.1910 0.1772 
          19  1 0.0712 0.1512 0.0614 0.0100 0.1658 0.1615 0.1873 0.1916 
          20  1 0.0259 0.0857 0.0050 0.2639 0.1472 0.1620 0.2115 0.0988 
          21  1 0.0156 0.2191 0.0261 0.0411 0.1456 0.1715 0.1814 0.1997 
          22  1 0.0051 0.2144 0.0600 0.0060 0.1584 0.1250 0.1723 0.2590 
          23  1 0.0198 0.1341 0.0266 0.0125 0.1941 0.1602 0.3222 0.1305 
          24  1 0.0226 0.1244 0.0190 0.0556 0.2065 0.2182 0.2128 0.1409 
          25  1 0.0345 0.1566 0.0178 0.0258 0.1821 0.1700 0.1897 0.2235 
          26  1 0.0087 0.2186 0.0138 0.0046 0.1733 0.1640 0.1588 0.2583 
          27  1 0.0082 0.1794 0.0185 0.0076 0.1954 0.2173 0.2101 0.1634 
          28  1 0.0336 0.1448 0.0440 0.1377 0.1583 0.1796 0.1604 0.1416 
          29  1 0.0110 0.1774 0.0052 0.0341 0.2270 0.1880 0.2005 0.1570 
          30  1 0.0038 0.2761 0.0072 0.0035 0.1841 0.1620 0.1053 0.2579 
          31  1 0.0056 0.2661 0.0457 0.0078 0.1312 0.1782 0.1672 0.1982 
          32  1 0.0054 0.1272 0.0107 0.0049 0.1920 0.1888 0.3233 0.1477 
          33  1 0.0068 0.0898 0.0594 0.0048 0.1850 0.1721 0.3281 0.1539 
          34  1 0.0346 0.1836 0.0118 0.0166 0.1837 0.1699 0.2109 0.1890 
          35  1 0.0080 0.1774 0.0262 0.0089 0.1893 0.2539 0.2214 0.1149 
          36  1 0.0054 0.1238 0.0089 0.0062 0.2222 0.2394 0.2562 0.1378 
          37  1 0.0112 0.1803 0.0271 0.0838 0.1735 0.1642 0.2013 0.1588 
          38  1 0.0129 0.1619 0.1211 0.0069 0.1604 0.2017 0.2382 0.0970 
          39  1 0.0109 0.0174 0.8886 0.0099 0.0176 0.0181 0.0182 0.0193 
          40  1 0.0047 0.2171 0.0487 0.0156 0.1683 0.2059 0.1892 0.1506 
          41  1 0.0220 0.1572 0.0134 0.0107 0.1914 0.2642 0.2048 0.1363 
          42  1 0.0126 0.1641 0.0339 0.0126 0.1830 0.2896 0.1936 0.1107 
          43  1 0.0621 0.1409 0.0203 0.0092 0.1771 0.2036 0.2306 0.1561 
          44  1 0.0069 0.1675 0.0089 0.0405 0.1927 0.1874 0.2180 0.1782 
          45  1 0.0230 0.2253 0.0038 0.0040 0.1883 0.1390 0.1660 0.2507 
          46  1 0.0092 0.1889 0.0086 0.0103 0.1713 0.1866 0.1999 0.2251 
          47  1 0.0090 0.1838 0.0267 0.0337 0.1871 0.2023 0.1706 0.1870 
          48  1 0.0098 0.1417 0.0117 0.0317 0.1990 0.2278 0.2282 0.1502 
          49  1 0.0686 0.2575 0.0245 0.0157 0.1284 0.1319 0.1296 0.2438 
          50  1 0.0148 0.1588 0.0063 0.0069 0.1902 0.1932 0.2229 0.2070 
          51  1 0.0168 0.2049 0.0053 0.0045 0.1934 0.2025 0.2176 0.1549 
          52  1 0.0033 0.1401 0.0179 0.0048 0.2184 0.2202 0.2726 0.1228 
          53  1 0.0404 0.1618 0.0050 0.0062 0.1847 0.1852 0.2947 0.1219 
          54  1 0.0079 0.1510 0.0340 0.0873 0.1680 0.2089 0.1952 0.1478 
          55  1 0.1980 0.1508 0.0059 0.0123 0.1640 0.1741 0.1625 0.1325 
          56  1 0.0068 0.1650 0.0432 0.0168 0.2185 0.1937 0.1679 0.1881 
          57  1 0.0149 0.2303 0.0096 0.0066 0.1542 0.2008 0.2001 0.1834 
          58  1 0.0076 0.2048 0.0081 0.0259 0.1573 0.1480 0.1851 0.2632 
          59  1 0.0052 0.1192 0.0085 0.0054 0.2186 0.2214 0.2664 0.1552 
          60  1 0.0161 0.2156 0.0117 0.0130 0.1776 0.1620 0.1925 0.2115 
          61  1 0.0117 0.1365 0.0466 0.1967 0.1705 0.1561 0.1407 0.1412 
          62  1 0.0164 0.1415 0.0052 0.0066 0.2258 0.1830 0.2553 0.1662 
          63  1 0.0318 0.1865 0.0287 0.0134 0.1858 0.2447 0.1789 0.1302 
          64  1 0.0107 0.2039 0.0078 0.0055 0.1986 0.1714 0.1708 0.2313 
          65  1 0.0069 0.1475 0.0156 0.0084 0.1942 0.2601 0.2058 0.1614 
          66  1 0.0122 0.1440 0.0068 0.0100 0.2319 0.1936 0.2548 0.1467 
          67  1 0.0184 0.1194 0.0171 0.0474 0.1828 0.2076 0.2595 0.1478 
          68  1 0.0254 0.1151 0.3333 0.0256 0.1177 0.1335 0.1404 0.1089 
          69  1 0.0095 0.0985 0.1357 0.1136 0.1519 0.1782 0.2000 0.1127 
          70  1 0.0070 0.3402 0.0169 0.0163 0.1311 0.0980 0.1192 0.2713 
          71  1 0.0069 0.1288 0.0178 0.0256 0.1772 0.2069 0.3068 0.1301 
          72  1 0.0135 0.1578 0.0051 0.0134 0.1993 0.2771 0.2123 0.1216 
          73  1 0.0396 0.1380 0.0203 0.0092 0.1820 0.2438 0.2171 0.1500 
          74  1 0.0085 0.1493 0.0171 0.0077 0.1914 0.2034 0.2006 0.2221 
          75  1 0.0284 0.1412 0.0077 0.0064 0.2332 0.2609 0.2297 0.0926 
          76  1 0.0073 0.1402 0.0287 0.0075 0.1665 0.2195 0.2846 0.1457 
          77  1 0.9534 0.0067 0.0080 0.0082 0.0058 0.0055 0.0061 0.0064 
          78  1 0.8843 0.0178 0.0148 0.0113 0.0170 0.0178 0.0192 0.0178 
          79  1 0.9485 0.0074 0.0043 0.0114 0.0075 0.0072 0.0072 0.0066 
          80  1 0.9701 0.0045 0.0027 0.0031 0.0050 0.0049 0.0049 0.0048 
          81  1 0.9570 0.0064 0.0042 0.0039 0.0068 0.0071 0.0072 0.0073 
          82  1 0.9426 0.0080 0.0087 0.0064 0.0083 0.0087 0.0091 0.0081 
          83  1 0.8665 0.0191 0.0144 0.0244 0.0190 0.0185 0.0181 0.0201 
          84  1 0.9380 0.0092 0.0105 0.0053 0.0090 0.0097 0.0094 0.0089 
          85  1 0.9231 0.0123 0.0081 0.0093 0.0123 0.0114 0.0115 0.0121 
          86  1 0.8052 0.0310 0.0158 0.0088 0.0318 0.0423 0.0327 0.0325 
          87  1 0.9624 0.0057 0.0054 0.0036 0.0054 0.0057 0.0058 0.0060 
          88  1 0.9503 0.0052 0.0141 0.0082 0.0057 0.0057 0.0058 0.0050 
          89  1 0.9506 0.0070 0.0074 0.0072 0.0065 0.0072 0.0068 0.0072 
          90  1 0.4833 0.0798 0.0164 0.0159 0.1023 0.1063 0.1137 0.0822 
          91  1 0.9459 0.0067 0.0146 0.0068 0.0064 0.0063 0.0062 0.0071 
          92  1 0.9497 0.0072 0.0064 0.0095 0.0068 0.0068 0.0065 0.0072 
          93  1 0.9574 0.0065 0.0045 0.0054 0.0069 0.0067 0.0062 0.0065 
          94  1 0.9665 0.0046 0.0039 0.0062 0.0048 0.0047 0.0047 0.0045 
          95  1 0.9103 0.0120 0.0186 0.0110 0.0115 0.0125 0.0121 0.0120 
          96  1 0.9580 0.0058 0.0069 0.0052 0.0060 0.0063 0.0059 0.0060 
          97  1 0.6810 0.0434 0.0077 0.0882 0.0501 0.0450 0.0391 0.0453 
          98  1 0.2868 0.1301 0.0168 0.0200 0.1319 0.1485 0.1259 0.1401 
          99  1 0.9462 0.0055 0.0194 0.0038 0.0064 0.0064 0.0066 0.0057 
         100  1 0.8022 0.0323 0.0100 0.0094 0.0363 0.0400 0.0397 0.0300 
         101  1 0.9377 0.0085 0.0143 0.0045 0.0084 0.0087 0.0095 0.0084 
         102  1 0.7003 0.0380 0.0297 0.0762 0.0359 0.0384 0.0409 0.0407 
         103  1 0.0078 0.1723 0.0576 0.0072 0.1961 0.1817 0.1837 0.1936 
         104  1 0.0053 0.1635 0.0049 0.0049 0.2397 0.1698 0.1902 0.2218 
         105  1 0.0064 0.1835 0.0114 0.0200 0.2136 0.2167 0.1906 0.1578 
         106  1 0.0195 0.2428 0.0063 0.0114 0.1730 0.2000 0.1604 0.1866 
         107  1 0.0164 0.2206 0.0085 0.0076 0.1975 0.1540 0.1343 0.2611 
         108  1 0.0138 0.2757 0.0327 0.0171 0.1214 0.1045 0.1483 0.2865 
         109  1 0.0182 0.1536 0.0210 0.0353 0.2304 0.2232 0.1797 0.1384 
         110  1 0.0051 0.1415 0.0187 0.0171 0.2110 0.1909 0.2671 0.1485 
         111  1 0.0063 0.1725 0.0211 0.0062 0.2057 0.2256 0.2074 0.1553 
         112  1 0.0147 0.1446 0.0466 0.0049 0.2111 0.2366 0.2027 0.1389 
         113  1 0.0323 0.1527 0.0125 0.0078 0.2108 0.3017 0.1773 0.1050 
         114  1 0.0114 0.1495 0.0044 0.0079 0.2255 0.2148 0.2558 0.1306 
         115  1 0.0061 0.1590 0.0563 0.0507 0.1740 0.1641 0.1801 0.2098 
         116  1 0.0086 0.1940 0.0058 0.0043 0.1963 0.1960 0.1729 0.2221 
         117  1 0.0051 0.3380 0.0056 0.0068 0.1274 0.0981 0.1176 0.3015 
         118  1 0.0085 0.2400 0.0177 0.0070 0.1734 0.1497 0.2037 0.2001 
         119  1 0.0095 0.2103 0.0120 0.0047 0.1740 0.2198 0.1789 0.1908 
         120  1 0.0275 0.2526 0.0081 0.0046 0.1493 0.1231 0.1438 0.2910 
         121  1 0.0198 0.2997 0.0671 0.0123 0.1161 0.1284 0.1444 0.2123 
         122  1 0.0119 0.1809 0.0153 0.0141 0.1909 0.2089 0.1702 0.2077 
         123  1 0.0116 0.2105 0.0294 0.0108 0.1782 0.1997 0.1482 0.2118 
         124  1 0.0302 0.1658 0.0577 0.0082 0.1789 0.2091 0.1967 0.1534 
         125  1 0.0049 0.1333 0.0065 0.0084 0.2393 0.2179 0.2527 0.1372 
         126  1 0.0523 0.1996 0.0062 0.0164 0.2105 0.1619 0.1755 0.1775 
         127  1 0.0107 0.1611 0.0150 0.0106 0.2110 0.1861 0.2455 0.1600 
         128  1 0.4583 0.1013 0.0051 0.0056 0.1213 0.1316 0.0787 0.0979 
         129  1 0.0528 0.1974 0.0106 0.0125 0.1626 0.1688 0.1742 0.2212 
         130  1 0.0061 0.1558 0.0881 0.0112 0.1882 0.2101 0.2048 0.1357 
         131  1 0.0463 0.2355 0.0111 0.0058 0.1731 0.1510 0.1516 0.2257 
         132  1 0.0062 0.1492 0.0109 0.0035 0.1926 0.1958 0.2982 0.1435 
         133  1 0.0671 0.2766 0.0057 0.0050 0.1267 0.1205 0.1328 0.2656 
         134  1 0.0252 0.1294 0.0067 0.0064 0.1709 0.2584 0.3021 0.1009 
         135  1 0.1079 0.1608 0.0092 0.0528 0.1742 0.1375 0.1473 0.2104 
         136  1 0.0549 0.2364 0.0155 0.0091 0.1498 0.1194 0.1816 0.2332 
         137  1 0.0062 0.2009 0.0148 0.0105 0.2179 0.1834 0.1534 0.2128 
         138  1 0.0130 0.1512 0.0043 0.0075 0.2124 0.1953 0.2593 0.1570 
         139  1 0.0189 0.1487 0.0720 0.0054 0.2037 0.1996 0.2104 0.1412 
         140  1 0.0304 0.1717 0.0554 0.0552 0.1657 0.1601 0.1794 0.1820 
         141  1 0.0060 0.1357 0.0163 0.0064 0.1991 0.2477 0.2279 0.1609 
         142  1 0.0054 0.2610 0.0121 0.0092 0.1666 0.1471 0.1197 0.2789 
         143  1 0.0217 0.1789 0.0120 0.0058 0.2271 0.2031 0.1513 0.2003 
         144  1 0.0156 0.1790 0.0119 0.0055 0.1877 0.1942 0.1933 0.2128 
         145  1 0.0095 0.1929 0.1379 0.0584 0.1330 0.1466 0.1339 0.1876 
         146  1 0.0176 0.1625 0.0127 0.0167 0.2024 0.2208 0.2036 0.1638 
         147  1 0.0067 0.1796 0.1222 0.0216 0.1498 0.1836 0.1416 0.1948 
         148  1 0.0598 0.1363 0.0049 0.0081 0.2163 0.2182 0.2323 0.1242 
         149  1 0.0066 0.2233 0.0297 0.0307 0.1826 0.1510 0.1771 0.1990 
         150  1 0.0375 0.2299 0.0078 0.0854 0.1289 0.1361 0.1606 0.2139 
         151  1 0.0076 0.1555 0.0131 0.0085 0.1994 0.2255 0.2305 0.1600 
         152  1 0.0345 0.0641 0.2620 0.3429 0.0823 0.0772 0.0696 0.0673 
         153  1 0.0206 0.1207 0.0407 0.0377 0.1613 0.2196 0.2611 0.1382 
         154  1 0.0245 0.1240 0.0666 0.0739 0.1807 0.1665 0.2073 0.1565 
         155  1 0.0071 0.1472 0.0088 0.0078 0.2199 0.2262 0.2223 0.1607 
         156  1 0.1983 0.1450 0.0099 0.0307 0.1656 0.1693 0.1253 0.1560 
         157  1 0.0151 0.1271 0.0226 0.0068 0.2270 0.1735 0.3093 0.1186 
         158  1 0.0125 0.1393 0.0130 0.0051 0.2179 0.1990 0.2769 0.1363 
         159  1 0.0398 0.1393 0.0124 0.2741 0.1514 0.1358 0.1347 0.1125 
         160  1 0.0101 0.2291 0.0915 0.0101 0.1574 0.1396 0.1355 0.2266 
         161  1 0.0254 0.2113 0.0279 0.0299 0.1436 0.1666 0.1777 0.2176 
         162  1 0.0081 0.1595 0.0064 0.0112 0.2115 0.2233 0.1866 0.1933 
         163  1 0.0044 0.3111 0.0124 0.0051 0.1531 0.1297 0.1155 0.2687 
         164  1 0.0044 0.1912 0.0173 0.0075 0.1935 0.1829 0.1992 0.2038 
         165  1 0.0041 0.1597 0.0041 0.0751 0.2008 0.2725 0.2127 0.0712 
         166  1 0.0934 0.2885 0.0316 0.0038 0.0956 0.0986 0.1173 0.2713 
         167  1 0.0055 0.1788 0.0185 0.0073 0.1993 0.2265 0.1573 0.2068 
         168  1 0.0177 0.1618 0.0085 0.0132 0.2255 0.2085 0.1783 0.1865 
         169  1 0.0055 0.1930 0.0055 0.0045 0.1873 0.2298 0.2161 0.1584 
         170  1 0.0083 0.1988 0.0168 0.0129 0.2055 0.1796 0.1601 0.2180 
         171  1 0.0064 0.2231 0.0492 0.0239 0.1889 0.1798 0.1391 0.1896 
         172  1 0.0039 0.1772 0.0192 0.0105 0.1854 0.2245 0.1686 0.2105 
         173  1 0.0107 0.1575 0.0104 0.0171 0.2110 0.1913 0.1893 0.2128 
         174  1 0.0062 0.1414 0.0141 0.0948 0.1985 0.2129 0.1728 0.1593 
         175  1 0.0060 0.1709 0.0528 0.0142 0.2060 0.1926 0.1719 0.1856 
         176  1 0.0101 0.2209 0.0302 0.0133 0.1667 0.1794 0.1490 0.2304 
         177  1 0.0046 0.2812 0.0263 0.0058 0.1420 0.1381 0.1485 0.2535 
         178  1 0.0054 0.1844 0.0191 0.0155 0.1882 0.1750 0.2424 0.1699 
         179  1 0.0152 0.0652 0.7022 0.0120 0.0464 0.0513 0.0457 0.0620 
         180  1 0.0088 0.1956 0.0139 0.0055 0.2118 0.1363 0.1602 0.2679 
         181  1 0.0594 0.2132 0.0252 0.0138 0.1644 0.1259 0.1323 0.2658 
         182  1 0.0299 0.3200 0.0382 0.0094 0.1156 0.1052 0.1061 0.2755 
         183  1 0.0561 0.1337 0.0180 0.0190 0.2037 0.2371 0.2081 0.1242 
         184  1 0.0138 0.1895 0.0503 0.0078 0.1635 0.2473 0.1907 0.1372 
         185  1 0.0216 0.1557 0.0202 0.0079 0.2073 0.2350 0.1665 0.1858 
         186  1 0.0061 0.3778 0.0061 0.0034 0.1123 0.0843 0.1035 0.3066 
         187  1 0.0064 0.1452 0.0722 0.0282 0.1835 0.2050 0.2021 0.1574 
         188  1 0.0080 0.1317 0.0227 0.0198 0.2188 0.2416 0.1990 0.1583 
         189  1 0.0092 0.2189 0.0728 0.0113 0.1509 0.1553 0.1460 0.2356 
         190  1 0.0055 0.2286 0.0227 0.0274 0.1745 0.1296 0.1856 0.2261 
         191  1 0.0689 0.2296 0.0253 0.0618 0.1489 0.1331 0.1458 0.1866 
         192  1 0.0035 0.1739 0.0277 0.0558 0.1989 0.1816 0.1735 0.1852 
         193  1 0.0077 0.1236 0.0431 0.0084 0.1948 0.2259 0.2814 0.1151 
         194  1 0.0071 0.1979 0.0251 0.0195 0.1868 0.2078 0.1807 0.1751 
         195  1 0.0061 0.2861 0.0102 0.0239 0.1321 0.1564 0.1475 0.2377 
         196  1 0.3198 0.0940 0.0381 0.0065 0.1192 0.1568 0.1599 0.1058 
         197  1 0.0276 0.2140 0.0198 0.0054 0.1877 0.1978 0.1905 0.1572 
         198  1 0.0181 0.1639 0.0260 0.0099 0.1971 0.2337 0.2208 0.1304 
         199  1 0.0078 0.3031 0.0431 0.0093 0.1118 0.0987 0.1138 0.3124 
         200  1 0.0260 0.1281 0.0159 0.0049 0.2180 0.2341 0.2313 0.1418 
         201  1 0.0049 0.1587 0.0813 0.0660 0.1700 0.1700 0.1735 0.1756 
         202  1 0.0275 0.1475 0.0107 0.0047 0.1786 0.2458 0.2657 0.1194 
         203  1 0.0405 0.2407 0.0349 0.0073 0.1885 0.1307 0.1264 0.2310 
         204  1 0.0119 0.1853 0.0042 0.0106 0.1839 0.2579 0.2186 0.1275 
         205  1 0.0121 0.1579 0.0038 0.0216 0.2454 0.2062 0.2145 0.1386 
         206  1 0.0087 0.2063 0.0277 0.0205 0.1880 0.1646 0.1704 0.2137 
         207  1 0.0231 0.2620 0.0451 0.0055 0.1513 0.1363 0.1344 0.2422 
         208  1 0.0373 0.2227 0.0038 0.0049 0.2252 0.1919 0.1396 0.1746 
         209  1 0.0089 0.1099 0.0060 0.0331 0.2056 0.2146 0.3020 0.1198 
         210  1 0.0156 0.1829 0.0104 0.0080 0.1868 0.2042 0.2237 0.1685 
         211  1 0.0077 0.2245 0.0073 0.0062 0.2076 0.2396 0.1417 0.1655 
         212  1 0.0214 0.1432 0.0111 0.0286 0.2270 0.1966 0.1839 0.1883 
         213  1 0.0173 0.1360 0.0100 0.0110 0.2174 0.2393 0.2310 0.1380 
         214  1 0.0096 0.1924 0.0074 0.0287 0.1716 0.2159 0.1947 0.1796 
         215  1 0.0126 0.2101 0.0144 0.0079 0.2100 0.1838 0.1585 0.2027 
         216  1 0.0087 0.1360 0.0136 0.0111 0.2264 0.2330 0.1984 0.1728 
         217  1 0.0065 0.2342 0.0199 0.0299 0.1842 0.1790 0.1510 0.1953 
         218  1 0.0401 0.1610 0.0099 0.0128 0.1913 0.2131 0.2016 0.1701 
         219  1 0.0058 0.2871 0.0133 0.0038 0.1618 0.1102 0.1514 0.2667 
         220  1 0.3535 0.1327 0.0104 0.0108 0.1310 0.1135 0.1481 0.1000 
         221  1 0.0226 0.1908 0.0154 0.0180 0.2053 0.1665 0.1676 0.2138 
         222  1 0.0085 0.1425 0.0615 0.0839 0.1767 0.1958 0.1795 0.1516 
         223  1 0.0056 0.1805 0.0528 0.0226 0.1736 0.1768 0.1827 0.2053 
         224  1 0.0045 0.2164 0.0069 0.0161 0.1727 0.1786 0.1872 0.2175 
         225  1 0.0073 0.1015 0.2342 0.2503 0.1067 0.0959 0.0967 0.1076 
         226  1 0.0086 0.1971 0.0073 0.0274 0.1868 0.2105 0.1556 0.2067 
         227  1 0.0085 0.1299 0.0082 0.0063 0.2257 0.2709 0.1814 0.1690 
         228  1 0.0065 0.1654 0.0711 0.0063 0.2023 0.2146 0.1879 0.1459 
         229  1 0.0229 0.1674 0.0348 0.0164 0.1832 0.1999 0.2291 0.1463 
         230  1 0.0058 0.1602 0.0067 0.0227 0.2174 0.1762 0.1987 0.2122 
         231  1 0.0063 0.3503 0.0097 0.0076 0.1099 0.1005 0.1133 0.3025 
         232  1 0.0069 0.1978 0.0070 0.0040 0.2187 0.1477 0.1645 0.2535 
         233  1 0.0146 0.3062 0.0531 0.0096 0.1123 0.0961 0.1125 0.2957 
         234  1 0.0065 0.1832 0.0415 0.0253 0.1811 0.1862 0.1825 0.1935 
         235  1 0.0078 0.1667 0.0170 0.0093 0.2016 0.2365 0.2335 0.1276 
         236  1 0.0187 0.2098 0.0099 0.0127 0.1671 0.1575 0.2006 0.2237 
         237  1 0.0299 0.1562 0.0230 0.0217 0.2145 0.1821 0.1960 0.1766 
         238  1 0.0178 0.1440 0.0068 0.0303 0.2299 0.2067 0.1994 0.1653 
         239  1 0.0159 0.2481 0.0165 0.0089 0.1422 0.1898 0.1953 0.1833 
         240  1 0.1103 0.0856 0.2688 0.0143 0.1271 0.1497 0.1473 0.0969 
         241  1 0.0090 0.2324 0.0143 0.0057 0.1894 0.1749 0.1745 0.1998 
         242  1 0.0281 0.1483 0.0135 0.0098 0.2099 0.1947 0.2232 0.1724 
         243  1 0.0093 0.1882 0.0055 0.0110 0.2071 0.1673 0.2148 0.1968 
         244  1 0.0160 0.2280 0.0066 0.0040 0.2174 0.1558 0.1255 0.2466 
         245  1 0.0121 0.1113 0.0279 0.0127 0.1675 0.2018 0.4019 0.0647 
         246  1 0.0508 0.1460 0.0075 0.0058 0.2316 0.1829 0.1910 0.1845 
         247  1 0.0046 0.1235 0.0389 0.0279 0.1894 0.2154 0.2428 0.1573 
         248  1 0.0192 0.2650 0.0117 0.0088 0.1436 0.1689 0.1639 0.2188 
         249  1 0.0053 0.1527 0.0101 0.0082 0.2051 0.1861 0.2774 0.1551 
         250  1 0.0115 0.2924 0.0116 0.0292 0.1865 0.1628 0.0924 0.2136 
         251  1 0.0225 0.1959 0.0231 0.0057 0.1815 0.1849 0.1719 0.2145 
         252  1 0.0310 0.1447 0.0043 0.0278 0.2126 0.2115 0.1979 0.1701 
         253  1 0.0590 0.1719 0.0057 0.0092 0.1957 0.2029 0.2023 0.1533 
         254  1 0.0092 0.1448 0.0126 0.0068 0.2398 0.2336 0.2021 0.1513 
         255  1 0.0482 0.1522 0.0080 0.0056 0.1981 0.1707 0.2391 0.1781 
         256  1 0.0040 0.2520 0.0138 0.0097 0.1806 0.1490 0.1340 0.2568 
         257  1 0.0239 0.2155 0.0123 0.0164 0.1834 0.1469 0.1750 0.2265 
         258  1 0.0044 0.1384 0.0087 0.0055 0.2187 0.2182 0.2102 0.1959 
         259  1 0.0079 0.2460 0.0175 0.0053 0.1505 0.1584 0.1747 0.2397 
         260  1 0.0077 0.1911 0.0170 0.0189 0.1987 0.1946 0.1712 0.2009 
         261  1 0.0105 0.1939 0.0172 0.0069 0.1874 0.1411 0.3096 0.1336 
         262  1 0.0062 0.1169 0.0072 0.0065 0.1911 0.2925 0.2188 0.1609 
         263  1 0.0092 0.1720 0.0046 0.1433 0.1708 0.1638 0.1895 0.1468 
         264  1 0.0133 0.1112 0.0122 0.0269 0.1868 0.1894 0.3251 0.1350 
         265  1 0.0126 0.0885 0.0128 0.0213 0.1939 0.1893 0.3496 0.1319 
         266  1 0.0204 0.1950 0.0221 0.0088 0.1635 0.2008 0.2236 0.1658 
         267  1 0.1080 0.1588 0.0715 0.0117 0.1683 0.1730 0.1935 0.1152 
         268  1 0.2616 0.1115 0.0242 0.0516 0.1329 0.1639 0.1365 0.1178 
         269  1 0.0209 0.1145 0.2244 0.0119 0.1394 0.1663 0.1528 0.1697 
         270  1 0.0201 0.1583 0.0087 0.0062 0.2214 0.2139 0.1998 0.1716 
         271  1 0.0450 0.1828 0.0152 0.0287 0.1768 0.2097 0.2010 0.1407 
         272  1 0.0088 0.0928 0.5239 0.0175 0.0932 0.0863 0.0912 0.0862 
         273  1 0.0045 0.1889 0.0279 0.0240 0.2037 0.1944 0.1956 0.1610 
         274  1 0.0237 0.2055 0.0238 0.0252 0.1861 0.1929 0.1735 0.1693 
         275  1 0.0251 0.2209 0.0186 0.0084 0.1510 0.1851 0.2069 0.1840 
         276  1 0.0092 0.1636 0.0517 0.1047 0.1908 0.1699 0.1444 0.1659 
         277  1 0.0054 0.3143 0.0170 0.0128 0.1264 0.1332 0.1516 0.2392 
         278  1 0.0794 0.1279 0.0097 0.0806 0.1853 0.1786 0.1957 0.1428 
         279  1 0.0204 0.1516 0.0120 0.0238 0.2188 0.2071 0.2082 0.1582 
         280  1 0.0135 0.2298 0.0290 0.0055 0.1584 0.1682 0.1629 0.2327 
         281  1 0.0315 0.1322 0.0060 0.0040 0.1848 0.2209 0.2547 0.1660 
         282  1 0.0113 0.1543 0.0228 0.0463 0.1964 0.1751 0.2367 0.1571 
         283  1 0.0134 0.1750 0.0120 0.2273 0.1366 0.1556 0.1317 0.1484 
         284  1 0.0078 0.2060 0.0138 0.0403 0.1957 0.1838 0.1883 0.1643 
         285  1 0.0521 0.1060 0.0160 0.0186 0.2043 0.2122 0.2916 0.0992 
         286  1 0.0118 0.2773 0.0127 0.0085 0.1775 0.1587 0.1209 0.2326 
         287  1 0.0502 0.2737 0.0124 0.0115 0.1492 0.1447 0.1166 0.2417 
         288  1 0.0178 0.2717 0.0215 0.0144 0.1594 0.1499 0.1584 0.2070 
         289  1 0.0044 0.1579 0.0167 0.0095 0.1967 0.2000 0.2460 0.1689 
         290  1 0.0218 0.1715 0.0144 0.0080 0.1958 0.1920 0.2119 0.1846 
         291  1 0.0181 0.3105 0.0062 0.0175 0.1002 0.1117 0.1352 0.3007 
         292  1 0.0181 0.1567 0.1026 0.0329 0.1886 0.2126 0.1575 0.1310 
         293  1 0.0119 0.2245 0.0129 0.0081 0.2340 0.1536 0.1353 0.2197 
         294  1 0.1603 0.1867 0.0052 0.0848 0.1549 0.1227 0.1274 0.1579 
         295  1 0.0331 0.2419 0.0510 0.0102 0.1621 0.1356 0.1537 0.2125 
         296  1 0.0074 0.1485 0.0304 0.0386 0.2119 0.1899 0.2002 0.1732 
         297  1 0.0090 0.1583 0.0140 0.0577 0.2013 0.2130 0.1727 0.1739 
         298  1 0.0116 0.1734 0.0043 0.0074 0.2009 0.2010 0.2061 0.1952 
         299  1 0.0203 0.1410 0.0083 0.0283 0.2226 0.1876 0.2426 0.1492 
         300  1 0.0110 0.1366 0.0320 0.0177 0.2057 0.2574 0.2070 0.1326 
         301  1 0.1124 0.1960 0.0077 0.0054 0.1799 0.1124 0.1257 0.2607 
         302  1 0.0055 0.2940 0.0058 0.0105 0.1449 0.1433 0.1161 0.2801 
         303  1 0.0076 0.1761 0.0084 0.0686 0.2002 0.1676 0.2001 0.1715 
         304  1 0.0043 0.1483 0.0070 0.0082 0.2164 0.1962 0.1579 0.2617 
         305  1 0.0272 0.1957 0.0079 0.0069 0.1790 0.1945 0.2000 0.1888 
         306  1 0.0083 0.1891 0.0061 0.0083 0.2342 0.1844 0.2051 0.1644 
         307  1 0.0148 0.1416 0.0357 0.0246 0.2093 0.1925 0.2368 0.1447 
         308  1 0.0170 0.1559 0.0082 0.0068 0.2657 0.2046 0.1932 0.1486 
         309  1 0.0074 0.1765 0.0117 0.0457 0.1905 0.2074 0.1831 0.1776 
         310  1 0.0082 0.1919 0.0070 0.0930 0.1677 0.1763 0.1725 0.1832 
         311  1 0.0065 0.1955 0.0070 0.0192 0.2084 0.2038 0.1544 0.2053 
         312  1 0.0739 0.2574 0.0651 0.0285 0.1219 0.1231 0.0916 0.2385 
         313  1 0.0048 0.1469 0.0348 0.0058 0.2334 0.2135 0.1720 0.1889 
         314  1 0.0915 0.1145 0.0844 0.0482 0.1579 0.1680 0.2049 0.1307 
         315  1 0.0103 0.1532 0.0121 0.0081 0.1966 0.2490 0.1805 0.1903 
         316  1 0.0078 0.1308 0.0462 0.0774 0.1704 0.1848 0.2567 0.1259 
         317  1 0.0211 0.2447 0.0146 0.0258 0.1498 0.1717 0.1562 0.2161 
         318  1 0.0057 0.1562 0.0477 0.0209 0.2196 0.1814 0.1827 0.1858 
         319  1 0.0069 0.1610 0.0894 0.1646 0.1421 0.1270 0.1585 0.1505 
         320  1 0.2352 0.1274 0.0106 0.0502 0.1285 0.1156 0.1450 0.1876 
         321  1 0.0107 0.1284 0.0197 0.0054 0.2039 0.2245 0.2640 0.1434 
         322  1 0.0379 0.1861 0.0195 0.0156 0.1838 0.1625 0.1800 0.2147 
         323  1 0.0263 0.1994 0.0114 0.0112 0.2001 0.1537 0.1904 0.2075 
         324  1 0.0066 0.1511 0.0150 0.0074 0.2245 0.1935 0.2348 0.1671 
         325  1 0.0321 0.1713 0.0358 0.0282 0.1802 0.2135 0.1648 0.1741 
         326  1 0.0039 0.1800 0.0054 0.0068 0.2077 0.2248 0.2000 0.1714 
         327  1 0.0104 0.1547 0.0420 0.0050 0.2180 0.2036 0.1736 0.1926 
         328  1 0.0321 0.1760 0.0111 0.0153 0.2015 0.2252 0.1740 0.1649 
         329  1 0.0263 0.1769 0.0111 0.0167 0.2273 0.1779 0.1610 0.2029 
         330  1 0.0211 0.2093 0.2864 0.0042 0.0965 0.0780 0.0807 0.2238 
         331  1 0.0155 0.1394 0.1439 0.0052 0.1644 0.1957 0.1499 0.1861 
         332  1 0.0038 0.2175 0.0058 0.0084 0.2226 0.1982 0.1208 0.2228 
         333  1 0.0090 0.2536 0.0057 0.0104 0.1627 0.1596 0.1563 0.2427 
         334  1 0.0224 0.1179 0.1181 0.0054 0.1786 0.2042 0.2402 0.1130 
         335  1 0.0546 0.1656 0.0168 0.0070 0.1934 0.1728 0.2235 0.1662 
         336  1 0.0051 0.0054 0.9630 0.0045 0.0057 0.0054 0.0055 0.0055 
         337  1 0.0170 0.0637 0.6352 0.0439 0.0528 0.0651 0.0687 0.0536 
         338  1 0.0135 0.0043 0.9613 0.0031 0.0045 0.0045 0.0045 0.0043 
         339  1 0.0029 0.0032 0.9779 0.0033 0.0032 0.0033 0.0032 0.0032 
         340  1 0.0038 0.0062 0.9525 0.0121 0.0061 0.0064 0.0063 0.0065 
         341  1 0.0095 0.1666 0.0103 0.0067 0.2035 0.2097 0.2059 0.1877 
         342  1 0.0026 0.0029 0.9798 0.0029 0.0030 0.0030 0.0031 0.0029 
         343  1 0.0074 0.0087 0.9378 0.0094 0.0088 0.0091 0.0094 0.0093 
         344  1 0.0055 0.0058 0.9588 0.0064 0.0059 0.0054 0.0060 0.0062 
         345  1 0.0046 0.0103 0.9274 0.0172 0.0102 0.0098 0.0096 0.0108 
         346  1 0.0055 0.0053 0.9597 0.0076 0.0054 0.0056 0.0055 0.0053 
         347  1 0.0055 0.0073 0.9429 0.0102 0.0089 0.0087 0.0084 0.0081 
         348  1 0.0491 0.0184 0.8392 0.0098 0.0208 0.0227 0.0193 0.0207 
         349  1 0.0030 0.0029 0.9797 0.0029 0.0029 0.0029 0.0029 0.0028 
         350  1 0.0364 0.0250 0.8153 0.0045 0.0327 0.0274 0.0287 0.0300 
         351  1 0.0040 0.0060 0.9494 0.0162 0.0063 0.0060 0.0059 0.0061 
         352  1 0.0105 0.2256 0.0180 0.0058 0.1993 0.1986 0.1433 0.1989 
         353  1 0.0038 0.0049 0.9652 0.0055 0.0052 0.0051 0.0054 0.0049 
         354  1 0.0042 0.0053 0.9637 0.0056 0.0053 0.0053 0.0051 0.0054 
         355  1 0.0050 0.0059 0.9567 0.0087 0.0059 0.0060 0.0057 0.0061 
         356  1 0.0192 0.1265 0.0178 0.0082 0.2210 0.2307 0.2440 0.1326 
         357  1 0.0143 0.1454 0.0483 0.1490 0.1865 0.1531 0.1117 0.1916 
         358  1 0.0279 0.2324 0.0081 0.0102 0.1750 0.1408 0.1694 0.2363 
         359  1 0.0084 0.1636 0.0185 0.0224 0.1777 0.2390 0.2000 0.1705 
         360  1 0.0310 0.1656 0.0207 0.0559 0.2032 0.1553 0.1700 0.1982 
         361  1 0.0159 0.1226 0.1995 0.1271 0.1333 0.1456 0.1388 0.1173 
         362  1 0.0284 0.2980 0.0092 0.0051 0.1250 0.1286 0.1344 0.2714 
         363  1 0.0058 0.1877 0.0302 0.0061 0.1878 0.2225 0.1395 0.2204 
         364  1 0.0054 0.1504 0.0088 0.0057 0.2240 0.2463 0.2157 0.1436 
         365  1 0.0083 0.1700 0.0670 0.0073 0.1642 0.2641 0.1454 0.1735 
         366  1 0.0076 0.1709 0.0193 0.0051 0.2074 0.1680 0.1612 0.2605 
         367  1 0.0257 0.2010 0.0109 0.0139 0.1882 0.1815 0.1793 0.1995 
         368  1 0.0112 0.2696 0.0115 0.0106 0.1576 0.1743 0.1472 0.2180 
         369  1 0.0105 0.1688 0.0154 0.0045 0.2202 0.2219 0.1511 0.2076 
         370  1 0.0062 0.1837 0.0830 0.0467 0.1696 0.1642 0.1549 0.1918 
         371  1 0.0098 0.2267 0.0110 0.0448 0.1984 0.1884 0.1477 0.1732 
         372  1 0.0082 0.1232 0.0863 0.0392 0.1603 0.2455 0.1920 0.1454 
         373  1 0.0116 0.1830 0.0123 0.0153 0.1948 0.2031 0.1960 0.1838 
         374  1 0.1159 0.1637 0.0137 0.0467 0.1962 0.1528 0.1535 0.1574 
         375  1 0.0041 0.1579 0.0138 0.0224 0.2105 0.2374 0.1720 0.1818 
         376  1 0.0110 0.1697 0.0207 0.0126 0.1933 0.1665 0.1972 0.2291 
         377  1 0.0120 0.1528 0.0091 0.0104 0.2079 0.2189 0.2122 0.1768 
         378  1 0.0233 0.1982 0.0874 0.0088 0.1797 0.1389 0.1364 0.2273 
         379  1 0.0071 0.1911 0.0154 0.0118 0.2036 0.2195 0.1767 0.1748 
         380  1 0.0065 0.1504 0.0099 0.0162 0.2070 0.2281 0.2226 0.1592 
         381  1 0.0155 0.1827 0.0134 0.0112 0.2299 0.1804 0.1386 0.2282 
         382  1 0.0066 0.1275 0.0167 0.0261 0.1945 0.2084 0.2609 0.1593 
         383  1 0.0453 0.1626 0.0055 0.0149 0.2304 0.1843 0.1939 0.1631 
         384  1 0.0100 0.1363 0.0238 0.0123 0.2245 0.2097 0.2085 0.1751 
         385  1 0.0031 0.1270 0.0149 0.0045 0.1857 0.2159 0.3087 0.1403 
         386  1 0.0262 0.2323 0.0088 0.0091 0.2046 0.1696 0.1479 0.2014 
         387  1 0.0049 0.2022 0.0401 0.0081 0.1951 0.1508 0.1890 0.2098 
         388  1 0.0147 0.2176 0.0303 0.0123 0.1559 0.1869 0.1572 0.2252 
         389  1 0.0195 0.1608 0.0535 0.0070 0.1913 0.2198 0.2076 0.1405 
         390  1 0.0304 0.1429 0.0315 0.0040 0.2121 0.1688 0.2201 0.1902 
         391  1 0.0077 0.1721 0.0066 0.0065 0.2277 0.1765 0.2221 0.1807 
         392  1 0.0040 0.3051 0.0055 0.0147 0.1369 0.1055 0.1100 0.3184 
         393  1 0.0266 0.1582 0.0100 0.0075 0.2072 0.2344 0.2031 0.1530 
         394  1 0.0063 0.3155 0.0072 0.0067 0.1351 0.1497 0.1348 0.2446 
         395  1 0.0073 0.3528 0.0044 0.0056 0.1156 0.0877 0.1184 0.3083 
         396  1 0.0090 0.1720 0.0080 0.0061 0.1898 0.2630 0.1849 0.1671 
         397  1 0.0092 0.2303 0.0145 0.0075 0.1790 0.1792 0.1618 0.2185 
         398  1 0.3986 0.1111 0.0827 0.0224 0.0827 0.0956 0.0882 0.1186 
         399  1 0.0137 0.1376 0.0149 0.0098 0.1955 0.2659 0.2039 0.1587 
         400  1 0.0188 0.1380 0.0090 0.0295 0.2084 0.2322 0.2099 0.1541 
         401  1 0.0148 0.3134 0.0080 0.0079 0.1198 0.1147 0.1183 0.3031 
         402  1 0.0066 0.2870 0.0044 0.0161 0.1433 0.1552 0.1583 0.2292 
         403  1 0.0116 0.1655 0.0078 0.0067 0.2380 0.1824 0.1788 0.2092 
         404  1 0.0058 0.2162 0.0524 0.0208 0.1906 0.1691 0.1618 0.1832 
         405  1 0.0379 0.1784 0.0199 0.0088 0.1711 0.1667 0.1605 0.2566 
         406  1 0.0077 0.2098 0.0211 0.0464 0.1594 0.1996 0.1742 0.1818 
         407  1 0.0081 0.1433 0.0154 0.0125 0.2168 0.2681 0.2350 0.1008 
         408  1 0.0101 0.3258 0.0087 0.0078 0.1197 0.1249 0.1324 0.2706 
         409  1 0.0094 0.1871 0.0128 0.0195 0.1771 0.1947 0.2245 0.1749 
         410  1 0.0129 0.1564 0.0064 0.0093 0.1910 0.2560 0.2135 0.1545 
         411  1 0.0064 0.1598 0.0267 0.0308 0.1908 0.2378 0.1702 0.1775 
         412  1 0.0076 0.1607 0.0053 0.0146 0.2195 0.2414 0.2187 0.1322 
         413  1 0.0103 0.2045 0.0037 0.0057 0.1955 0.1872 0.1656 0.2275 
         414  1 0.0068 0.1943 0.0198 0.0177 0.1711 0.1419 0.1580 0.2903 
         415  1 0.0379 0.1239 0.0105 0.0071 0.2281 0.2023 0.2583 0.1320 
         416  1 0.0081 0.2051 0.0094 0.0100 0.1824 0.1854 0.1816 0.2179 
         417  1 0.0274 0.1886 0.0130 0.0121 0.1900 0.2180 0.1648 0.1860 
         418  1 0.0241 0.1407 0.0429 0.0059 0.2124 0.2198 0.2082 0.1459 
         419  1 0.0397 0.2270 0.0088 0.0112 0.1840 0.1738 0.1531 0.2023 
         420  1 0.1873 0.1883 0.0051 0.0074 0.1619 0.1596 0.1119 0.1786 
         421  1 0.0470 0.1284 0.0142 0.0093 0.2098 0.1915 0.2875 0.1123 
         422  1 0.0620 0.1716 0.0175 0.1131 0.1770 0.1606 0.1366 0.1617 
         423  1 0.0040 0.2237 0.0130 0.0156 0.1598 0.2006 0.1721 0.2111 
         424  1 0.0099 0.2148 0.0100 0.0152 0.1885 0.2159 0.1475 0.1982 
         425  1 0.0059 0.2293 0.0080 0.0072 0.2341 0.1579 0.1213 0.2362 
         426  1 0.0073 0.1954 0.0226 0.0344 0.1920 0.1789 0.1614 0.2080 
         427  1 0.0091 0.1955 0.0046 0.0049 0.1823 0.1679 0.2381 0.1977 
         428  1 0.0099 0.2304 0.0079 0.0061 0.1758 0.1330 0.2234 0.2137 
         429  1 0.0041 0.1353 0.0049 0.0135 0.2134 0.2011 0.2878 0.1399 
         430  1 0.0135 0.1272 0.0486 0.3227 0.1251 0.1342 0.1264 0.1023 
         431  1 0.0078 0.2476 0.0073 0.0067 0.1634 0.1567 0.2021 0.2085 
         432  1 0.0069 0.2064 0.0617 0.0093 0.1630 0.1891 0.1512 0.2125 
         433  1 0.0061 0.1337 0.0213 0.0265 0.2036 0.2343 0.1880 0.1865 
         434  1 0.0126 0.1320 0.0342 0.0082 0.2073 0.2480 0.2062 0.1515 
         435  1 0.0161 0.1911 0.0049 0.0097 0.2245 0.2079 0.1587 0.1872 
         436  1 0.0675 0.1584 0.0044 0.0086 0.2134 0.2230 0.1886 0.1359 
         437  1 0.0634 0.1150 0.0112 0.2043 0.1728 0.1535 0.1654 0.1144 
         438  1 0.0050 0.1265 0.0046 0.0392 0.2068 0.2516 0.2437 0.1225 
         439  1 0.0094 0.1675 0.0446 0.0175 0.1695 0.2120 0.2045 0.1751 
         440  1 0.0275 0.1713 0.0249 0.0049 0.2067 0.1767 0.1792 0.2088 
         441  1 0.0201 0.1267 0.0054 0.0498 0.1929 0.2034 0.2812 0.1205 
         442  1 0.0294 0.1238 0.0075 0.2170 0.1430 0.1588 0.1883 0.1322 
         443  1 0.0096 0.1208 0.0783 0.0187 0.2034 0.1954 0.2085 0.1654 
         444  1 0.0159 0.1441 0.0163 0.0143 0.1802 0.2512 0.2528 0.1252 
         445  1 0.0065 0.1499 0.0151 0.0090 0.2263 0.2250 0.1911 0.1770 
         446  1 0.0124 0.2087 0.0149 0.0113 0.1474 0.1565 0.1366 0.3123 
         447  1 0.0209 0.1916 0.0239 0.0085 0.2030 0.1934 0.1443 0.2144 
         448  1 0.0880 0.1794 0.0162 0.0629 0.1753 0.1201 0.1207 0.2374 
         449  1 0.0253 0.3325 0.0129 0.0088 0.1098 0.0876 0.1132 0.3099 
         450  1 0.0563 0.0848 0.5113 0.0610 0.0829 0.0671 0.0580 0.0785 
         451  1 0.0645 0.1625 0.0364 0.0050 0.2049 0.1695 0.1719 0.1852 
         452  1 0.0083 0.1958 0.0125 0.0143 0.1805 0.2955 0.1972 0.0959 
         453  1 0.0397 0.1939 0.0072 0.0105 0.1820 0.1752 0.1955 0.1961 
         454  1 0.0162 0.1392 0.0090 0.0529 0.1954 0.1824 0.2471 0.1578 
         455  1 0.0044 0.1862 0.0058 0.0098 0.1962 0.1936 0.1972 0.2069 
         456  1 0.0086 0.1521 0.0560 0.0131 0.1962 0.2083 0.1904 0.1753 
         457  1 0.0105 0.1339 0.0073 0.0051 0.2087 0.2630 0.2597 0.1118 
         458  1 0.0121 0.1502 0.1159 0.0151 0.1483 0.2113 0.2070 0.1400 
         459  1 0.0136 0.1587 0.0223 0.0382 0.2208 0.2231 0.1647 0.1585 
         460  1 0.0188 0.2843 0.0062 0.0490 0.1510 0.1307 0.1253 0.2349 
         461  1 0.0509 0.2037 0.0308 0.0347 0.1795 0.1838 0.1497 0.1670 
         462  1 0.0087 0.2909 0.0061 0.0071 0.1589 0.1239 0.1594 0.2451 
         463  1 0.0217 0.1678 0.0205 0.0326 0.2109 0.2019 0.1749 0.1698 
         464  1 0.0355 0.3159 0.0069 0.0115 0.1137 0.1254 0.1322 0.2589 
         465  1 0.0144 0.1559 0.0212 0.0569 0.2318 0.1945 0.1713 0.1539 
         466  1 0.0425 0.1604 0.1280 0.1609 0.1368 0.1171 0.1170 0.1373 
         467  1 0.0140 0.2800 0.0080 0.0158 0.1373 0.1461 0.1477 0.2512 
         468  1 0.0084 0.2247 0.0241 0.0074 0.2050 0.1999 0.1314 0.1992 
         469  1 0.0073 0.2037 0.0052 0.0064 0.2076 0.2263 0.1364 0.2071 
         470  1 0.0101 0.2450 0.0077 0.0474 0.1828 0.1672 0.1340 0.2058 
         471  1 0.0058 0.2228 0.0067 0.0058 0.2123 0.1798 0.1642 0.2026 
         472  1 0.0177 0.2353 0.0052 0.0331 0.1942 0.1768 0.1471 0.1905 
         473  1 0.0094 0.1202 0.0421 0.0149 0.1951 0.2389 0.2324 0.1469 
         474  1 0.0046 0.1977 0.0139 0.0063 0.1972 0.2068 0.1783 0.1951 
         475  1 0.0065 0.3073 0.0061 0.0045 0.1426 0.1697 0.1338 0.2295 
         476  1 0.0109 0.1645 0.0069 0.0053 0.1913 0.2147 0.2507 0.1558 
         477  1 0.0085 0.1602 0.0262 0.0488 0.1781 0.1981 0.1738 0.2063 
         478  1 0.0093 0.1794 0.0381 0.0712 0.1707 0.1589 0.1812 0.1913 
         479  1 0.1131 0.2623 0.0144 0.0063 0.1248 0.1012 0.1144 0.2635 
         480  1 0.0177 0.1780 0.0055 0.0085 0.1858 0.1716 0.1886 0.2445 
         481  1 0.0139 0.1458 0.0215 0.0108 0.2007 0.2012 0.2679 0.1382 
         482  1 0.0086 0.2170 0.0188 0.0048 0.2018 0.1661 0.1549 0.2281 
         483  1 0.0088 0.1448 0.0056 0.0152 0.1830 0.2203 0.2633 0.1590 
         484  1 0.0911 0.1956 0.1002 0.0064 0.1278 0.1524 0.1273 0.1993 
         485  1 0.0347 0.0438 0.3014 0.4471 0.0438 0.0469 0.0413 0.0410 
         486  1 0.0321 0.1376 0.0222 0.0083 0.2123 0.2379 0.2166 0.1329 
         487  1 0.0075 0.1860 0.0165 0.0084 0.2094 0.2230 0.1539 0.1953 
         488  1 0.0491 0.1807 0.0194 0.0202 0.2314 0.2114 0.1389 0.1489 
         489  1 0.0315 0.1635 0.0071 0.0083 0.2052 0.1857 0.2109 0.1877 
         490  1 0.0175 0.1538 0.1533 0.0130 0.2019 0.1593 0.1445 0.1567 
         491  1 0.0080 0.2165 0.0202 0.0065 0.2104 0.1672 0.1404 0.2308 
         492  1 0.0085 0.1573 0.0096 0.0139 0.2061 0.2065 0.1902 0.2079 
         493  1 0.0083 0.1969 0.0076 0.0034 0.1943 0.2385 0.1700 0.1808 
         494  1 0.0065 0.1738 0.0096 0.0078 0.1900 0.2832 0.1801 0.1490 
         495  1 0.0149 0.1799 0.0081 0.0188 0.2106 0.2354 0.1991 0.1331 
         496  1 0.0125 0.1280 0.0082 0.0926 0.2162 0.1692 0.2228 0.1504 
         497  1 0.0093 0.2368 0.0612 0.0078 0.1425 0.1460 0.1350 0.2615 
         498  1 0.0121 0.1574 0.0182 0.0105 0.2184 0.2381 0.1914 0.1540 
         499  1 0.0103 0.3211 0.0060 0.0052 0.0929 0.1169 0.1549 0.2928 
         500  1 0.0063 0.1922 0.0119 0.0077 0.2055 0.1911 0.1493 0.2360 
         501  1 0.0061 0.1980 0.0230 0.0110 0.1865 0.1985 0.2033 0.1735 
         502  1 0.0996 0.2287 0.0069 0.0450 0.1510 0.1385 0.1430 0.1873 
         503  1 0.0041 0.2782 0.0097 0.0070 0.1471 0.1365 0.1489 0.2684 
         504  1 0.0179 0.1770 0.0291 0.0072 0.2086 0.1869 0.1731 0.2003 
         505  1 0.0052 0.1398 0.0115 0.0667 0.2096 0.2378 0.1962 0.1332 
         506  1 0.0465 0.2150 0.0124 0.0218 0.1725 0.1594 0.1705 0.2019 
         507  1 0.0299 0.1323 0.0364 0.1005 0.2060 0.2043 0.1731 0.1176 
         508  1 0.0071 0.2545 0.0080 0.0088 0.1487 0.1868 0.1578 0.2282 
         509  1 0.0072 0.1191 0.0056 0.0040 0.2055 0.1656 0.3601 0.1329 
         510  1 0.0447 0.2384 0.0384 0.0061 0.1502 0.1563 0.1440 0.2220 
         511  1 0.0305 0.1841 0.0118 0.0093 0.1915 0.1768 0.2078 0.1880 
         512  1 0.0072 0.2198 0.0100 0.0102 0.2543 0.1871 0.1317 0.1797 
         513  1 0.0079 0.1986 0.0060 0.0113 0.2094 0.1405 0.2149 0.2114 
         514  1 0.0075 0.2137 0.0135 0.0181 0.2106 0.1695 0.1510 0.2161 
         515  1 0.0098 0.2103 0.0395 0.0054 0.1768 0.1562 0.1653 0.2368 
         516  1 0.0056 0.2875 0.0452 0.0248 0.1394 0.1159 0.1134 0.2681 
         517  1 0.0037 0.2351 0.0293 0.0281 0.1310 0.1192 0.1154 0.3383 
         518  1 0.0119 0.1434 0.0862 0.1366 0.1458 0.1789 0.1661 0.1311 
         519  1 0.1452 0.1436 0.0247 0.0378 0.1676 0.1699 0.1417 0.1695 
         520  1 0.0110 0.1574 0.0057 0.0128 0.1956 0.2202 0.2151 0.1823 
         521  1 0.0324 0.2338 0.0187 0.0068 0.1709 0.1374 0.1558 0.2440 
         522  1 0.5102 0.1003 0.0156 0.0093 0.0911 0.1015 0.0927 0.0794 
         523  1 0.0089 0.1830 0.0285 0.0186 0.2069 0.1943 0.2210 0.1389 
         524  1 0.0052 0.1717 0.0108 0.0046 0.2197 0.2037 0.2005 0.1839 
         525  1 0.0052 0.1859 0.0079 0.0094 0.1880 0.1856 0.1668 0.2512 
         526  1 0.0124 0.2218 0.0241 0.0170 0.1976 0.1471 0.1282 0.2518 
         527  1 0.0196 0.2001 0.0053 0.0068 0.2002 0.1995 0.1917 0.1769 
         528  1 0.0041 0.2678 0.0050 0.0077 0.1764 0.1197 0.1323 0.2869 
         529  1 0.3106 0.2064 0.0055 0.0120 0.1068 0.0829 0.0892 0.1867 
         530  1 0.0193 0.1850 0.0132 0.0465 0.2240 0.2089 0.1359 0.1672 
         531  1 0.0302 0.1833 0.0129 0.0075 0.1781 0.1714 0.2038 0.2128 
         532  1 0.1174 0.1308 0.0869 0.0128 0.1703 0.1655 0.1643 0.1520 
         533  1 0.0148 0.1764 0.0297 0.0109 0.2047 0.1757 0.1890 0.1986 
         534  1 0.0103 0.1977 0.1118 0.0531 0.1571 0.1370 0.1268 0.2063 
         535  1 0.0086 0.1867 0.0091 0.0161 0.1879 0.2185 0.2036 0.1696 
         536  1 0.0249 0.1392 0.0092 0.0117 0.2150 0.2264 0.1943 0.1792 
         537  1 0.0272 0.1477 0.1250 0.0355 0.1616 0.1598 0.1651 0.1781 
         538  1 0.0051 0.1451 0.0460 0.0043 0.1985 0.2403 0.2265 0.1341 
         539  1 0.0049 0.1616 0.0676 0.0138 0.1909 0.1726 0.1626 0.2262 
         540  1 0.0126 0.1730 0.0087 0.0082 0.2286 0.2657 0.1295 0.1738 
         541  1 0.0939 0.2085 0.0078 0.0102 0.1449 0.1040 0.1367 0.2940 
         542  1 0.0568 0.1648 0.0214 0.0085 0.1868 0.1574 0.1850 0.2192 
         543  1 0.0105 0.1350 0.0085 0.0039 0.2196 0.2740 0.2226 0.1259 
         544  1 0.0498 0.1524 0.1029 0.0381 0.1797 0.1542 0.1689 0.1538 
         545  1 0.0244 0.1466 0.1871 0.0320 0.1542 0.1468 0.1407 0.1680 
         546  1 0.0104 0.2122 0.0113 0.0172 0.1808 0.2245 0.1825 0.1610 
         547  1 0.0156 0.2005 0.0070 0.0071 0.2254 0.1750 0.1685 0.2009 
