           1  1 0.0550 0.0237 0.8127 0.0066 0.0516 0.0504 
           2  1 0.2713 0.0081 0.0150 0.0054 0.4138 0.2864 
           3  1 0.2548 0.0605 0.1890 0.0090 0.2137 0.2729 
           4  1 0.3125 0.0104 0.1280 0.0062 0.3264 0.2165 
           5  1 0.1597 0.0056 0.0749 0.0489 0.5429 0.1680 
           6  1 0.1289 0.0073 0.4787 0.0201 0.2320 0.1330 
           7  1 0.2266 0.0054 0.0093 0.0071 0.4805 0.2711 
           8  1 0.2122 0.0787 0.0185 0.0042 0.4763 0.2100 
           9  1 0.2115 0.0095 0.4178 0.0079 0.1453 0.2080 
          10  1 0.2670 0.0548 0.1582 0.0699 0.1798 0.2704 
          11  1 0.1861 0.0065 0.3580 0.0096 0.2525 0.1873 
          12  1 0.2915 0.0085 0.0310 0.0040 0.3825 0.2825 
          13  1 0.3837 0.0130 0.0138 0.0069 0.2070 0.3757 
          14  1 0.3546 0.0061 0.0987 0.0089 0.2416 0.2902 
          15  1 0.0789 0.0343 0.7292 0.0085 0.0671 0.0819 
          16  1 0.2875 0.0060 0.2295 0.0070 0.2924 0.1776 
          17  1 0.2284 0.0161 0.2374 0.0197 0.3180 0.1803 
          18  1 0.2795 0.0151 0.1440 0.0105 0.3064 0.2445 
          19  1 0.1280 0.0646 0.5533 0.0096 0.1364 0.1081 
          20  1 0.2060 0.0292 0.0142 0.2508 0.3360 0.1637 
          21  1 0.2187 0.0178 0.1813 0.0444 0.2704 0.2674 
          22  1 0.1383 0.0047 0.5718 0.0051 0.0898 0.1903 
          23  1 0.1710 0.0203 0.0373 0.0140 0.5345 0.2230 
          24  1 0.2436 0.0241 0.1837 0.0621 0.3245 0.1619 
          25  1 0.2892 0.0369 0.1202 0.0282 0.2874 0.2381 
          26  1 0.3735 0.0098 0.0799 0.0047 0.2002 0.3319 
          27  1 0.2541 0.0083 0.1946 0.0073 0.3272 0.2085 
          28  1 0.1582 0.0378 0.3496 0.1555 0.1718 0.1271 
          29  1 0.3213 0.0116 0.0202 0.0414 0.2499 0.3556 
          30  1 0.3872 0.0041 0.0430 0.0037 0.1237 0.4384 
          31  1 0.2244 0.0056 0.2070 0.0073 0.2825 0.2732 
          32  1 0.1680 0.0058 0.0328 0.0051 0.5864 0.2020 
          33  1 0.1056 0.0067 0.2586 0.0051 0.5121 0.1120 
          34  1 0.2164 0.0362 0.2567 0.0180 0.2597 0.2131 
          35  1 0.2536 0.0082 0.0495 0.0092 0.4375 0.2419 
          36  1 0.1924 0.0058 0.1110 0.0060 0.5071 0.1777 
          37  1 0.2828 0.0112 0.0919 0.0853 0.2076 0.3211 
          38  1 0.1324 0.0127 0.2981 0.0074 0.3903 0.1592 
          39  1 0.0141 0.0105 0.9373 0.0069 0.0150 0.0163 
          40  1 0.1804 0.0049 0.2629 0.0162 0.2913 0.2442 
          41  1 0.2348 0.0249 0.2036 0.0126 0.3371 0.1871 
          42  1 0.2776 0.0146 0.0630 0.0143 0.4140 0.2165 
          43  1 0.2140 0.0676 0.1857 0.0102 0.3232 0.1993 
          44  1 0.2388 0.0066 0.1115 0.0424 0.3635 0.2372 
          45  1 0.3640 0.0223 0.0268 0.0043 0.2213 0.3614 
          46  1 0.3840 0.0089 0.0318 0.0101 0.2881 0.2770 
          47  1 0.1891 0.0086 0.3793 0.0364 0.2163 0.1703 
          48  1 0.3143 0.0102 0.0372 0.0358 0.3695 0.2330 
          49  1 0.2899 0.0708 0.1461 0.0174 0.1493 0.3266 
          50  1 0.2561 0.0160 0.0877 0.0076 0.3672 0.2655 
          51  1 0.2580 0.0157 0.0196 0.0049 0.3990 0.3028 
          52  1 0.2130 0.0035 0.0376 0.0051 0.5191 0.2217 
          53  1 0.2725 0.0426 0.0095 0.0061 0.3683 0.3010 
          54  1 0.1931 0.0083 0.2540 0.0977 0.2571 0.1899 
          55  1 0.2190 0.1838 0.0333 0.0122 0.2707 0.2810 
          56  1 0.2075 0.0069 0.3859 0.0166 0.2050 0.1782 
          57  1 0.2882 0.0153 0.0787 0.0070 0.3126 0.2981 
          58  1 0.3055 0.0081 0.0995 0.0289 0.2059 0.3521 
          59  1 0.2977 0.0052 0.0946 0.0055 0.4174 0.1795 
          60  1 0.2657 0.0183 0.0725 0.0146 0.2580 0.3710 
          61  1 0.1871 0.0120 0.2729 0.1864 0.1657 0.1759 
          62  1 0.3220 0.0169 0.0186 0.0068 0.3988 0.2368 
          63  1 0.2164 0.0366 0.1665 0.0146 0.3605 0.2054 
          64  1 0.2505 0.0097 0.2875 0.0058 0.2403 0.2062 
          65  1 0.2194 0.0078 0.3161 0.0090 0.2800 0.1676 
          66  1 0.2830 0.0116 0.0187 0.0101 0.4147 0.2619 
          67  1 0.2176 0.0187 0.0684 0.0544 0.4596 0.1814 
          68  1 0.0844 0.0226 0.6599 0.0197 0.1208 0.0926 
          69  1 0.0743 0.0089 0.5327 0.1225 0.1811 0.0805 
          70  1 0.3486 0.0071 0.0385 0.0176 0.1426 0.4455 
          71  1 0.1365 0.0071 0.1254 0.0260 0.5123 0.1927 
          72  1 0.2861 0.0135 0.0381 0.0149 0.4071 0.2403 
          73  1 0.0568 0.0343 0.7589 0.0085 0.0896 0.0519 
          74  1 0.2330 0.0098 0.2616 0.0078 0.3188 0.1690 
          75  1 0.2630 0.0262 0.0267 0.0068 0.4721 0.2053 
          76  1 0.1575 0.0075 0.0839 0.0085 0.5382 0.2044 
          77  1 0.0057 0.9674 0.0069 0.0084 0.0056 0.0059 
          78  1 0.0186 0.9186 0.0162 0.0119 0.0161 0.0186 
          79  1 0.0072 0.9598 0.0073 0.0113 0.0068 0.0077 
          80  1 0.0048 0.9778 0.0049 0.0032 0.0049 0.0044 
          81  1 0.0068 0.9687 0.0065 0.0039 0.0069 0.0071 
          82  1 0.0080 0.9600 0.0072 0.0066 0.0095 0.0087 
          83  1 0.0191 0.8920 0.0243 0.0265 0.0163 0.0218 
          84  1 0.0082 0.9554 0.0143 0.0057 0.0084 0.0080 
          85  1 0.0119 0.9462 0.0109 0.0082 0.0110 0.0117 
          86  1 0.0263 0.8614 0.0470 0.0094 0.0310 0.0249 
          87  1 0.0054 0.9748 0.0053 0.0038 0.0052 0.0055 
          88  1 0.0053 0.9690 0.0067 0.0080 0.0055 0.0054 
          89  1 0.0064 0.9661 0.0076 0.0067 0.0069 0.0064 
          90  1 0.1188 0.5347 0.0793 0.0174 0.1474 0.1024 
          91  1 0.0061 0.9651 0.0090 0.0072 0.0064 0.0061 
          92  1 0.0064 0.9649 0.0063 0.0096 0.0064 0.0063 
          93  1 0.0063 0.9701 0.0056 0.0047 0.0065 0.0068 
          94  1 0.0049 0.9749 0.0052 0.0060 0.0046 0.0044 
          95  1 0.0102 0.9410 0.0159 0.0104 0.0121 0.0105 
          96  1 0.0056 0.9719 0.0064 0.0050 0.0055 0.0056 
          97  1 0.0497 0.7108 0.0408 0.1106 0.0458 0.0423 
          98  1 0.1620 0.3429 0.1600 0.0245 0.1517 0.1588 
          99  1 0.0064 0.9702 0.0081 0.0038 0.0057 0.0058 
         100  1 0.0377 0.8485 0.0211 0.0095 0.0457 0.0375 
         101  1 0.0082 0.9589 0.0095 0.0050 0.0090 0.0094 
         102  1 0.0444 0.7278 0.0364 0.0896 0.0516 0.0503 
         103  1 0.1174 0.0079 0.6123 0.0067 0.1293 0.1264 
         104  1 0.2764 0.0058 0.0911 0.0050 0.3187 0.3030 
         105  1 0.3084 0.0066 0.1289 0.0219 0.2281 0.3060 
         106  1 0.3304 0.0195 0.0287 0.0113 0.2707 0.3395 
         107  1 0.3013 0.0178 0.2617 0.0076 0.1878 0.2239 
         108  1 0.2410 0.0165 0.2493 0.0172 0.1366 0.3394 
         109  1 0.2241 0.0210 0.2521 0.0398 0.2700 0.1930 
         110  1 0.2520 0.0053 0.0583 0.0157 0.4553 0.2134 
         111  1 0.3356 0.0061 0.0390 0.0072 0.3301 0.2821 
         112  1 0.2508 0.0150 0.1952 0.0052 0.3142 0.2196 
         113  1 0.3163 0.0341 0.0587 0.0087 0.3490 0.2331 
         114  1 0.2881 0.0111 0.0160 0.0077 0.3895 0.2877 
         115  1 0.1874 0.0064 0.3818 0.0498 0.1676 0.2069 
         116  1 0.3519 0.0096 0.0798 0.0045 0.3020 0.2522 
         117  1 0.3839 0.0053 0.0169 0.0070 0.1014 0.4854 
         118  1 0.1587 0.0091 0.3235 0.0069 0.2417 0.2600 
         119  1 0.2909 0.0105 0.0640 0.0047 0.3449 0.2850 
         120  1 0.3688 0.0291 0.0354 0.0049 0.1309 0.4309 
         121  1 0.2833 0.0189 0.1558 0.0115 0.1567 0.3738 
         122  1 0.3625 0.0128 0.1234 0.0159 0.2295 0.2558 
         123  1 0.2418 0.0104 0.2943 0.0123 0.1705 0.2708 
         124  1 0.2128 0.0318 0.2420 0.0088 0.2948 0.2098 
         125  1 0.3412 0.0057 0.0250 0.0091 0.3611 0.2578 
         126  1 0.2639 0.0622 0.0828 0.0161 0.2326 0.3424 
         127  1 0.2593 0.0112 0.1419 0.0115 0.2694 0.3067 
         128  1 0.1807 0.5042 0.0372 0.0058 0.1214 0.1508 
         129  1 0.2644 0.0648 0.1608 0.0134 0.2231 0.2737 
         130  1 0.2168 0.0067 0.2390 0.0121 0.3002 0.2252 
         131  1 0.2757 0.0545 0.1606 0.0063 0.1728 0.3300 
         132  1 0.2936 0.0061 0.0149 0.0037 0.3959 0.2857 
         133  1 0.3410 0.0678 0.0324 0.0052 0.1957 0.3579 
         134  1 0.2077 0.0275 0.0245 0.0065 0.5468 0.1870 
         135  1 0.2785 0.1102 0.0361 0.0560 0.2025 0.3167 
         136  1 0.2384 0.0621 0.0634 0.0092 0.2676 0.3593 
         137  1 0.2210 0.0069 0.4850 0.0101 0.1431 0.1338 
         138  1 0.2647 0.0141 0.0324 0.0071 0.4204 0.2614 
         139  1 0.1527 0.0189 0.4275 0.0060 0.2475 0.1474 
         140  1 0.2441 0.0322 0.1902 0.0611 0.2035 0.2689 
         141  1 0.3151 0.0059 0.1134 0.0068 0.3306 0.2282 
         142  1 0.4044 0.0055 0.0351 0.0089 0.1333 0.4129 
         143  1 0.2235 0.0243 0.3306 0.0058 0.2014 0.2144 
         144  1 0.2658 0.0176 0.2027 0.0055 0.2526 0.2558 
         145  1 0.1196 0.0095 0.5660 0.0436 0.1128 0.1485 
         146  1 0.3127 0.0178 0.0835 0.0182 0.3110 0.2568 
         147  1 0.1097 0.0063 0.6412 0.0204 0.0904 0.1320 
         148  1 0.2350 0.0618 0.0335 0.0082 0.4466 0.2148 
         149  1 0.1949 0.0061 0.2881 0.0358 0.2050 0.2701 
         150  1 0.3301 0.0390 0.0286 0.0827 0.2063 0.3133 
         151  1 0.3212 0.0071 0.0402 0.0084 0.3702 0.2530 
         152  1 0.0388 0.0213 0.7374 0.1328 0.0401 0.0297 
         153  1 0.1331 0.0243 0.1896 0.0414 0.4536 0.1580 
         154  1 0.0592 0.0231 0.7097 0.0541 0.1023 0.0515 
         155  1 0.2642 0.0082 0.0897 0.0086 0.4235 0.2058 
         156  1 0.1122 0.1959 0.4622 0.0279 0.1054 0.0964 
         157  1 0.1790 0.0169 0.0763 0.0072 0.5015 0.2191 
         158  1 0.2107 0.0136 0.1151 0.0056 0.4435 0.2114 
         159  1 0.1923 0.0431 0.1110 0.2946 0.2017 0.1574 
         160  1 0.1789 0.0098 0.4513 0.0092 0.1198 0.2310 
         161  1 0.2157 0.0291 0.2175 0.0311 0.2165 0.2902 
         162  1 0.3809 0.0085 0.0484 0.0129 0.2537 0.2956 
         163  1 0.3706 0.0047 0.0683 0.0056 0.1207 0.4301 
         164  1 0.3225 0.0044 0.0808 0.0075 0.2591 0.3257 
         165  1 0.2003 0.0044 0.0165 0.0915 0.5118 0.1755 
         166  1 0.2470 0.1061 0.0917 0.0041 0.1646 0.3865 
         167  1 0.0820 0.0055 0.7296 0.0068 0.0921 0.0840 
         168  1 0.3299 0.0200 0.0324 0.0136 0.2967 0.3073 
         169  1 0.2701 0.0062 0.0251 0.0047 0.4342 0.2597 
         170  1 0.3276 0.0093 0.1309 0.0136 0.1728 0.3458 
         171  1 0.1638 0.0068 0.5057 0.0230 0.1316 0.1691 
         172  1 0.1835 0.0042 0.4632 0.0103 0.1813 0.1574 
         173  1 0.3631 0.0116 0.0650 0.0212 0.2649 0.2741 
         174  1 0.2095 0.0061 0.2283 0.1208 0.2872 0.1482 
         175  1 0.1031 0.0050 0.6664 0.0116 0.1056 0.1084 
         176  1 0.1693 0.0101 0.4401 0.0122 0.1409 0.2274 
         177  1 0.3244 0.0048 0.0700 0.0064 0.2165 0.3779 
         178  1 0.2176 0.0056 0.0884 0.0156 0.3840 0.2888 
         179  1 0.0668 0.0239 0.7604 0.0150 0.0453 0.0886 
         180  1 0.3451 0.0095 0.1458 0.0056 0.1305 0.3635 
         181  1 0.3057 0.0569 0.1122 0.0150 0.1427 0.3675 
         182  1 0.3582 0.0306 0.0487 0.0105 0.1173 0.4347 
         183  1 0.1201 0.0685 0.5158 0.0193 0.1802 0.0961 
         184  1 0.2388 0.0140 0.1681 0.0082 0.3455 0.2255 
         185  1 0.2626 0.0235 0.2995 0.0086 0.2075 0.1983 
         186  1 0.3890 0.0062 0.0241 0.0034 0.0765 0.5008 
         187  1 0.3265 0.0066 0.1145 0.0281 0.2624 0.2620 
         188  1 0.3093 0.0085 0.1524 0.0202 0.2425 0.2671 
         189  1 0.2780 0.0098 0.1981 0.0117 0.1965 0.3059 
         190  1 0.2636 0.0056 0.1610 0.0310 0.2209 0.3179 
         191  1 0.2498 0.0740 0.1753 0.0612 0.1706 0.2690 
         192  1 0.0920 0.0034 0.6482 0.0467 0.1153 0.0944 
         193  1 0.1913 0.0083 0.1116 0.0089 0.4703 0.2096 
         194  1 0.3293 0.0070 0.0670 0.0216 0.2804 0.2947 
         195  1 0.3348 0.0068 0.0580 0.0259 0.1746 0.3999 
         196  1 0.1819 0.3687 0.0828 0.0064 0.2279 0.1323 
         197  1 0.2735 0.0312 0.1366 0.0052 0.2992 0.2543 
         198  1 0.2150 0.0185 0.1782 0.0109 0.3643 0.2130 
         199  1 0.3134 0.0086 0.1474 0.0092 0.1060 0.4155 
         200  1 0.2252 0.0252 0.0572 0.0052 0.4382 0.2490 
         201  1 0.1868 0.0049 0.4117 0.0588 0.1718 0.1659 
         202  1 0.2190 0.0298 0.0428 0.0053 0.4881 0.2150 
         203  1 0.3228 0.0434 0.0973 0.0084 0.1667 0.3614 
         204  1 0.3059 0.0113 0.0122 0.0105 0.3898 0.2703 
         205  1 0.2918 0.0119 0.0472 0.0249 0.3595 0.2648 
         206  1 0.2427 0.0093 0.2600 0.0225 0.2189 0.2466 
         207  1 0.3002 0.0220 0.2112 0.0058 0.1146 0.3463 
         208  1 0.3572 0.0370 0.0168 0.0052 0.2599 0.3240 
         209  1 0.2290 0.0098 0.0347 0.0361 0.4859 0.2044 
         210  1 0.2828 0.0155 0.0429 0.0100 0.3609 0.2878 
         211  1 0.3957 0.0085 0.0169 0.0058 0.2556 0.3175 
         212  1 0.3707 0.0242 0.0733 0.0305 0.2191 0.2822 
         213  1 0.2664 0.0152 0.0580 0.0107 0.4290 0.2206 
         214  1 0.2946 0.0098 0.0275 0.0310 0.3502 0.2868 
         215  1 0.2821 0.0141 0.2260 0.0091 0.2288 0.2400 
         216  1 0.2404 0.0087 0.2682 0.0111 0.2935 0.1781 
         217  1 0.3455 0.0067 0.0724 0.0324 0.1813 0.3617 
         218  1 0.2611 0.0362 0.0910 0.0126 0.3486 0.2506 
         219  1 0.3178 0.0062 0.0360 0.0037 0.2089 0.4274 
         220  1 0.1920 0.3497 0.0164 0.0113 0.2350 0.1956 
         221  1 0.2734 0.0272 0.1769 0.0190 0.1820 0.3215 
         222  1 0.1732 0.0085 0.3682 0.0806 0.2163 0.1532 
         223  1 0.0809 0.0057 0.6543 0.0194 0.1232 0.1166 
         224  1 0.3182 0.0049 0.1541 0.0153 0.2044 0.3032 
         225  1 0.0737 0.0076 0.5942 0.1835 0.0739 0.0671 
         226  1 0.3880 0.0096 0.0539 0.0256 0.2249 0.2979 
         227  1 0.3872 0.0079 0.0504 0.0060 0.3345 0.2139 
         228  1 0.2521 0.0066 0.2685 0.0064 0.2394 0.2270 
         229  1 0.2465 0.0226 0.1169 0.0164 0.3346 0.2629 
         230  1 0.3291 0.0062 0.0412 0.0248 0.2666 0.3320 
         231  1 0.3389 0.0059 0.0445 0.0079 0.1182 0.4846 
         232  1 0.2734 0.0075 0.2016 0.0041 0.2602 0.2532 
         233  1 0.3472 0.0141 0.0994 0.0106 0.1038 0.4249 
         234  1 0.2951 0.0073 0.1492 0.0240 0.2069 0.3176 
         235  1 0.2759 0.0076 0.0519 0.0100 0.4232 0.2314 
         236  1 0.2642 0.0224 0.1469 0.0137 0.2299 0.3229 
         237  1 0.2723 0.0315 0.1257 0.0243 0.2515 0.2947 
         238  1 0.2988 0.0170 0.0434 0.0338 0.3699 0.2371 
         239  1 0.2448 0.0165 0.0435 0.0104 0.3523 0.3324 
         240  1 0.1440 0.1064 0.3331 0.0161 0.2549 0.1455 
         241  1 0.3266 0.0100 0.1286 0.0064 0.2072 0.3213 
         242  1 0.2452 0.0301 0.0698 0.0097 0.3905 0.2548 
         243  1 0.3035 0.0101 0.0179 0.0122 0.2910 0.3653 
         244  1 0.2692 0.0198 0.3056 0.0041 0.1504 0.2508 
         245  1 0.1191 0.0140 0.0380 0.0136 0.6634 0.1519 
         246  1 0.2348 0.0672 0.2455 0.0056 0.2313 0.2156 
         247  1 0.1416 0.0051 0.2354 0.0296 0.4206 0.1677 
         248  1 0.3199 0.0202 0.0216 0.0097 0.2718 0.3568 
         249  1 0.1881 0.0057 0.1212 0.0083 0.4597 0.2170 
         250  1 0.3858 0.0117 0.0592 0.0328 0.1080 0.4026 
         251  1 0.2094 0.0243 0.3570 0.0060 0.1669 0.2364 
         252  1 0.3081 0.0336 0.0617 0.0319 0.3370 0.2277 
         253  1 0.2880 0.0632 0.0139 0.0088 0.2854 0.3408 
         254  1 0.3508 0.0095 0.0303 0.0065 0.3104 0.2925 
         255  1 0.3567 0.0504 0.0217 0.0055 0.2850 0.2807 
         256  1 0.2386 0.0041 0.2571 0.0104 0.1593 0.3305 
         257  1 0.3009 0.0242 0.0741 0.0168 0.2086 0.3753 
         258  1 0.1947 0.0047 0.3976 0.0058 0.2647 0.1325 
         259  1 0.3196 0.0080 0.0593 0.0054 0.2662 0.3415 
         260  1 0.2974 0.0085 0.1053 0.0200 0.2584 0.3102 
         261  1 0.1941 0.0097 0.0348 0.0067 0.5061 0.2485 
         262  1 0.3060 0.0072 0.0350 0.0064 0.4403 0.2052 
         263  1 0.2610 0.0104 0.0141 0.1389 0.2849 0.2908 
         264  1 0.2321 0.0136 0.0140 0.0275 0.5122 0.2005 
         265  1 0.1071 0.0121 0.1295 0.0240 0.5827 0.1446 
         266  1 0.1754 0.0214 0.1437 0.0091 0.4315 0.2189 
         267  1 0.1655 0.1231 0.2305 0.0112 0.3114 0.1583 
         268  1 0.1288 0.3030 0.2223 0.0612 0.1790 0.1056 
         269  1 0.0462 0.0190 0.8159 0.0101 0.0640 0.0448 
         270  1 0.3316 0.0206 0.1092 0.0061 0.3049 0.2277 
         271  1 0.2738 0.0470 0.0458 0.0335 0.3396 0.2603 
         272  1 0.0451 0.0065 0.8391 0.0187 0.0388 0.0518 
         273  1 0.2836 0.0048 0.1061 0.0270 0.3146 0.2640 
         274  1 0.2319 0.0276 0.2254 0.0250 0.2243 0.2658 
         275  1 0.2970 0.0243 0.0560 0.0082 0.3110 0.3035 
         276  1 0.1319 0.0098 0.5408 0.0939 0.1044 0.1192 
         277  1 0.3011 0.0054 0.1045 0.0136 0.1966 0.3789 
         278  1 0.2480 0.0903 0.0496 0.0950 0.2856 0.2315 
         279  1 0.2367 0.0229 0.2432 0.0251 0.2734 0.1987 
         280  1 0.3326 0.0130 0.1228 0.0057 0.1849 0.3409 
         281  1 0.3461 0.0315 0.0163 0.0041 0.3440 0.2581 
         282  1 0.2281 0.0118 0.1720 0.0532 0.3053 0.2296 
         283  1 0.2191 0.0144 0.0826 0.2577 0.1946 0.2316 
         284  1 0.2071 0.0086 0.2934 0.0454 0.2131 0.2325 
         285  1 0.2123 0.0490 0.0214 0.0174 0.4995 0.2004 
         286  1 0.3830 0.0104 0.0319 0.0092 0.1270 0.4385 
         287  1 0.3394 0.0543 0.0595 0.0107 0.1445 0.3915 
         288  1 0.3311 0.0207 0.1118 0.0148 0.1603 0.3613 
         289  1 0.3196 0.0045 0.0345 0.0095 0.3299 0.3020 
         290  1 0.2813 0.0220 0.0647 0.0079 0.3109 0.3131 
         291  1 0.3264 0.0215 0.0570 0.0184 0.1719 0.4049 
         292  1 0.1191 0.0218 0.5466 0.0341 0.1558 0.1226 
         293  1 0.1390 0.0119 0.6066 0.0079 0.1110 0.1235 
         294  1 0.2416 0.1630 0.0238 0.0832 0.1747 0.3136 
         295  1 0.1502 0.0294 0.5346 0.0083 0.0890 0.1886 
         296  1 0.2281 0.0072 0.2518 0.0441 0.2458 0.2230 
         297  1 0.2851 0.0099 0.1761 0.0648 0.2402 0.2240 
         298  1 0.3946 0.0107 0.0143 0.0070 0.2647 0.3087 
         299  1 0.2469 0.0222 0.0484 0.0323 0.3699 0.2803 
         300  1 0.1993 0.0113 0.3067 0.0171 0.3114 0.1542 
         301  1 0.3824 0.1093 0.0315 0.0053 0.1250 0.3464 
         302  1 0.3479 0.0058 0.0201 0.0110 0.1818 0.4335 
         303  1 0.2724 0.0079 0.0142 0.0693 0.2997 0.3365 
         304  1 0.4011 0.0047 0.0962 0.0093 0.2314 0.2572 
         305  1 0.2789 0.0286 0.1690 0.0069 0.2692 0.2473 
         306  1 0.2693 0.0085 0.0822 0.0083 0.3951 0.2367 
         307  1 0.2007 0.0170 0.1639 0.0295 0.3654 0.2235 
         308  1 0.3188 0.0175 0.0568 0.0071 0.2958 0.3039 
         309  1 0.1418 0.0086 0.4918 0.0420 0.1933 0.1226 
         310  1 0.2609 0.0085 0.0611 0.1262 0.3065 0.2368 
         311  1 0.2843 0.0074 0.2458 0.0192 0.2305 0.2129 
         312  1 0.2505 0.0805 0.2185 0.0285 0.1135 0.3085 
         313  1 0.3526 0.0055 0.1441 0.0061 0.2539 0.2378 
         314  1 0.1514 0.0875 0.4050 0.0471 0.1847 0.1243 
         315  1 0.0769 0.0108 0.7193 0.0069 0.1247 0.0614 
         316  1 0.1638 0.0080 0.2625 0.0828 0.3254 0.1575 
         317  1 0.3245 0.0239 0.0948 0.0281 0.1737 0.3551 
         318  1 0.0829 0.0054 0.7106 0.0151 0.1140 0.0720 
         319  1 0.2090 0.0071 0.1883 0.1831 0.1683 0.2443 
         320  1 0.2028 0.2780 0.1001 0.0658 0.1528 0.2006 
         321  1 0.2813 0.0114 0.0615 0.0053 0.4255 0.2149 
         322  1 0.2403 0.0344 0.2803 0.0157 0.1660 0.2632 
         323  1 0.2782 0.0257 0.0253 0.0124 0.2676 0.3908 
         324  1 0.3357 0.0076 0.0562 0.0069 0.3200 0.2735 
         325  1 0.0868 0.0263 0.7032 0.0183 0.0980 0.0673 
         326  1 0.4191 0.0040 0.0196 0.0066 0.2576 0.2932 
         327  1 0.2993 0.0103 0.2647 0.0053 0.1806 0.2398 
         328  1 0.3046 0.0375 0.0794 0.0165 0.2810 0.2811 
         329  1 0.3490 0.0284 0.0523 0.0167 0.2174 0.3363 
         330  1 0.2727 0.0238 0.2785 0.0042 0.0870 0.3338 
         331  1 0.0708 0.0130 0.7822 0.0047 0.0751 0.0543 
         332  1 0.3438 0.0041 0.0604 0.0103 0.2642 0.3173 
         333  1 0.3927 0.0085 0.0180 0.0106 0.1893 0.3809 
         334  1 0.1236 0.0290 0.3430 0.0057 0.3770 0.1217 
         335  1 0.2518 0.0535 0.0753 0.0075 0.3535 0.2583 
         336  1 0.0097 0.0117 0.9531 0.0058 0.0099 0.0097 
         337  1 0.0468 0.0150 0.7840 0.0282 0.0754 0.0506 
         338  1 0.0111 0.0669 0.8933 0.0052 0.0115 0.0120 
         339  1 0.0061 0.0045 0.9709 0.0062 0.0065 0.0058 
         340  1 0.0097 0.0052 0.9408 0.0250 0.0100 0.0093 
         341  1 0.2439 0.0094 0.0875 0.0069 0.3621 0.2902 
         342  1 0.0060 0.0045 0.9721 0.0049 0.0061 0.0064 
         343  1 0.0113 0.0178 0.9439 0.0070 0.0104 0.0096 
         344  1 0.0088 0.0095 0.9519 0.0090 0.0103 0.0103 
         345  1 0.0069 0.0052 0.9671 0.0074 0.0065 0.0069 
         346  1 0.0089 0.0071 0.9537 0.0123 0.0096 0.0084 
         347  1 0.0113 0.0067 0.9502 0.0095 0.0133 0.0091 
         348  1 0.0292 0.0609 0.8256 0.0200 0.0360 0.0284 
         349  1 0.0055 0.0071 0.9714 0.0049 0.0055 0.0055 
         350  1 0.0157 0.0703 0.8719 0.0059 0.0177 0.0184 
         351  1 0.0088 0.0051 0.9320 0.0357 0.0084 0.0100 
         352  1 0.3670 0.0116 0.1388 0.0057 0.1964 0.2805 
         353  1 0.0097 0.0070 0.9507 0.0136 0.0099 0.0090 
         354  1 0.0092 0.0061 0.9536 0.0127 0.0091 0.0094 
         355  1 0.0135 0.0083 0.9422 0.0149 0.0110 0.0101 
         356  1 0.2706 0.0203 0.0429 0.0086 0.4151 0.2424 
         357  1 0.1664 0.0145 0.4568 0.1570 0.0913 0.1140 
         358  1 0.2470 0.0317 0.1191 0.0113 0.2560 0.3349 
         359  1 0.2409 0.0086 0.0665 0.0232 0.4282 0.2325 
         360  1 0.1170 0.0333 0.4874 0.0541 0.1737 0.1345 
         361  1 0.1301 0.0148 0.5129 0.0960 0.1235 0.1226 
         362  1 0.3137 0.0321 0.0312 0.0054 0.2095 0.4080 
         363  1 0.1232 0.0054 0.6805 0.0059 0.0945 0.0905 
         364  1 0.2886 0.0054 0.0428 0.0061 0.4128 0.2443 
         365  1 0.0458 0.0084 0.8282 0.0070 0.0683 0.0423 
         366  1 0.2201 0.0078 0.4326 0.0052 0.1696 0.1648 
         367  1 0.2701 0.0289 0.0905 0.0145 0.2787 0.3173 
         368  1 0.3132 0.0129 0.0587 0.0116 0.1998 0.4038 
         369  1 0.2183 0.0125 0.4708 0.0048 0.1533 0.1403 
         370  1 0.1236 0.0057 0.5844 0.0447 0.1130 0.1286 
         371  1 0.1925 0.0099 0.3552 0.0553 0.1453 0.2417 
         372  1 0.0561 0.0079 0.7203 0.0438 0.1289 0.0431 
         373  1 0.3239 0.0118 0.0622 0.0168 0.2400 0.3453 
         374  1 0.1916 0.1359 0.1713 0.0511 0.2113 0.2388 
         375  1 0.2771 0.0043 0.2124 0.0249 0.3019 0.1794 
         376  1 0.2563 0.0118 0.2465 0.0142 0.2526 0.2185 
         377  1 0.3485 0.0124 0.0351 0.0097 0.2968 0.2976 
         378  1 0.1662 0.0238 0.5491 0.0089 0.0740 0.1780 
         379  1 0.3174 0.0077 0.1084 0.0129 0.2900 0.2637 
         380  1 0.3291 0.0071 0.0254 0.0172 0.3414 0.2798 
         381  1 0.2269 0.0181 0.4182 0.0122 0.1793 0.1453 
         382  1 0.2478 0.0072 0.0309 0.0236 0.4835 0.2069 
         383  1 0.3063 0.0546 0.0561 0.0151 0.3089 0.2590 
         384  1 0.2762 0.0111 0.1714 0.0139 0.2491 0.2784 
         385  1 0.2149 0.0031 0.0776 0.0046 0.4974 0.2024 
         386  1 0.2366 0.0356 0.2622 0.0098 0.1923 0.2635 
         387  1 0.1846 0.0053 0.4356 0.0075 0.1521 0.2150 
         388  1 0.3062 0.0170 0.1295 0.0130 0.1932 0.3411 
         389  1 0.2701 0.0230 0.1323 0.0069 0.3345 0.2332 
         390  1 0.0934 0.0307 0.6104 0.0039 0.1487 0.1129 
         391  1 0.2719 0.0081 0.0771 0.0066 0.3594 0.2769 
         392  1 0.3653 0.0041 0.0327 0.0155 0.1303 0.4521 
         393  1 0.2312 0.0283 0.2053 0.0074 0.3161 0.2116 
         394  1 0.3539 0.0061 0.0301 0.0073 0.1948 0.4079 
         395  1 0.3573 0.0072 0.0177 0.0056 0.1251 0.4871 
         396  1 0.3053 0.0091 0.0931 0.0061 0.3048 0.2817 
         397  1 0.3301 0.0086 0.0409 0.0077 0.2313 0.3814 
         398  1 0.1396 0.4370 0.1370 0.0231 0.1155 0.1478 
         399  1 0.2700 0.0156 0.1020 0.0114 0.3929 0.2081 
         400  1 0.2836 0.0207 0.0506 0.0320 0.3616 0.2515 
         401  1 0.3553 0.0146 0.0476 0.0089 0.1288 0.4448 
         402  1 0.3351 0.0066 0.0231 0.0173 0.2129 0.4050 
         403  1 0.2818 0.0129 0.1974 0.0067 0.2859 0.2152 
         404  1 0.3204 0.0060 0.0935 0.0224 0.2155 0.3423 
         405  1 0.2815 0.0503 0.3159 0.0101 0.1438 0.1984 
         406  1 0.2825 0.0071 0.1530 0.0418 0.2636 0.2521 
         407  1 0.2431 0.0083 0.0731 0.0140 0.4510 0.2104 
         408  1 0.3453 0.0113 0.0423 0.0083 0.1680 0.4248 
         409  1 0.2225 0.0114 0.1424 0.0216 0.3565 0.2455 
         410  1 0.3579 0.0137 0.0315 0.0093 0.3208 0.2668 
         411  1 0.2815 0.0074 0.2469 0.0321 0.2156 0.2165 
         412  1 0.2675 0.0088 0.0777 0.0158 0.4291 0.2010 
         413  1 0.3361 0.0105 0.0335 0.0059 0.2382 0.3757 
         414  1 0.3606 0.0072 0.1430 0.0192 0.1445 0.3254 
         415  1 0.2474 0.0437 0.0617 0.0073 0.3679 0.2720 
         416  1 0.3625 0.0080 0.0300 0.0098 0.2405 0.3493 
         417  1 0.2895 0.0310 0.1194 0.0121 0.2684 0.2796 
         418  1 0.2885 0.0229 0.2025 0.0053 0.2725 0.2083 
         419  1 0.2331 0.0435 0.2124 0.0124 0.2032 0.2954 
         420  1 0.3063 0.1972 0.0217 0.0075 0.1703 0.2970 
         421  1 0.2112 0.0497 0.0633 0.0091 0.3915 0.2753 
         422  1 0.1238 0.0693 0.4653 0.1071 0.1117 0.1228 
         423  1 0.3062 0.0041 0.1232 0.0164 0.2374 0.3126 
         424  1 0.3957 0.0111 0.0528 0.0174 0.2257 0.2973 
         425  1 0.3953 0.0056 0.1241 0.0069 0.2031 0.2649 
         426  1 0.1814 0.0076 0.4501 0.0359 0.1467 0.1782 
         427  1 0.2654 0.0096 0.0248 0.0051 0.3104 0.3847 
         428  1 0.2529 0.0101 0.1076 0.0059 0.2959 0.3276 
         429  1 0.1884 0.0042 0.0229 0.0150 0.5732 0.1963 
         430  1 0.1226 0.0145 0.1939 0.3568 0.1606 0.1515 
         431  1 0.2997 0.0078 0.0197 0.0072 0.2975 0.3681 
         432  1 0.2306 0.0062 0.3290 0.0091 0.1513 0.2738 
         433  1 0.1993 0.0065 0.3638 0.0230 0.2493 0.1580 
         434  1 0.3330 0.0135 0.0539 0.0077 0.3468 0.2451 
         435  1 0.3571 0.0168 0.0172 0.0099 0.2932 0.3058 
         436  1 0.3130 0.0661 0.0175 0.0092 0.3085 0.2856 
         437  1 0.1979 0.0708 0.0698 0.2124 0.2660 0.1831 
         438  1 0.3237 0.0052 0.0429 0.0378 0.3964 0.1939 
         439  1 0.0658 0.0090 0.7386 0.0128 0.0997 0.0741 
         440  1 0.1553 0.0291 0.4793 0.0049 0.1785 0.1529 
         441  1 0.2585 0.0175 0.0200 0.0579 0.4082 0.2380 
         442  1 0.2312 0.0304 0.0287 0.2306 0.2809 0.1984 
         443  1 0.1038 0.0083 0.6043 0.0191 0.1852 0.0793 
         444  1 0.1460 0.0211 0.2914 0.0160 0.3613 0.1642 
         445  1 0.1872 0.0068 0.3758 0.0100 0.2220 0.1981 
         446  1 0.1657 0.0152 0.4791 0.0125 0.1333 0.1941 
         447  1 0.3003 0.0244 0.2496 0.0091 0.1893 0.2273 
         448  1 0.1169 0.1089 0.5343 0.0589 0.0713 0.1096 
         449  1 0.3624 0.0248 0.0570 0.0088 0.0865 0.4604 
         450  1 0.0448 0.0186 0.8144 0.0547 0.0232 0.0444 
         451  1 0.1552 0.0622 0.4704 0.0050 0.1445 0.1627 
         452  1 0.2606 0.0081 0.0474 0.0176 0.4273 0.2390 
         453  1 0.3618 0.0413 0.0475 0.0101 0.2438 0.2955 
         454  1 0.2386 0.0162 0.0572 0.0574 0.3878 0.2427 
         455  1 0.3235 0.0046 0.0457 0.0096 0.2913 0.3253 
         456  1 0.3486 0.0087 0.0960 0.0135 0.2910 0.2421 
         457  1 0.3270 0.0097 0.0160 0.0053 0.4238 0.2182 
         458  1 0.0657 0.0113 0.6951 0.0127 0.1290 0.0861 
         459  1 0.2422 0.0151 0.2912 0.0393 0.2355 0.1766 
         460  1 0.3163 0.0188 0.0212 0.0556 0.1506 0.4375 
         461  1 0.2679 0.0524 0.0982 0.0381 0.2025 0.3409 
         462  1 0.3566 0.0092 0.0289 0.0078 0.1354 0.4621 
         463  1 0.1547 0.0209 0.5120 0.0334 0.1435 0.1354 
         464  1 0.3233 0.0392 0.0394 0.0119 0.1680 0.4182 
         465  1 0.1400 0.0135 0.4967 0.0549 0.1655 0.1295 
         466  1 0.0754 0.0409 0.6119 0.1071 0.0721 0.0926 
         467  1 0.2883 0.0145 0.0655 0.0152 0.2511 0.3654 
         468  1 0.2668 0.0078 0.3364 0.0078 0.1695 0.2116 
         469  1 0.3028 0.0084 0.1280 0.0075 0.2642 0.2891 
         470  1 0.2991 0.0101 0.0678 0.0517 0.1971 0.3742 
         471  1 0.4121 0.0058 0.0111 0.0058 0.2073 0.3578 
         472  1 0.3479 0.0180 0.0134 0.0335 0.2104 0.3768 
         473  1 0.2797 0.0092 0.0607 0.0163 0.4063 0.2278 
         474  1 0.3226 0.0049 0.0676 0.0072 0.2942 0.3034 
         475  1 0.3562 0.0071 0.0217 0.0046 0.2216 0.3888 
         476  1 0.2456 0.0125 0.0666 0.0054 0.3619 0.3079 
         477  1 0.2459 0.0088 0.2394 0.0557 0.2205 0.2297 
         478  1 0.1795 0.0119 0.3549 0.0782 0.1761 0.1993 
         479  1 0.3379 0.1151 0.0463 0.0061 0.1206 0.3741 
         480  1 0.3999 0.0200 0.0517 0.0078 0.2180 0.3026 
         481  1 0.2310 0.0165 0.0568 0.0106 0.4376 0.2474 
         482  1 0.2176 0.0093 0.4370 0.0055 0.1636 0.1671 
         483  1 0.2804 0.0086 0.0306 0.0160 0.4288 0.2357 
         484  1 0.2218 0.0901 0.2940 0.0059 0.1513 0.2369 
         485  1 0.0484 0.0528 0.3847 0.4186 0.0549 0.0406 
         486  1 0.1704 0.0428 0.3648 0.0083 0.2602 0.1535 
         487  1 0.3203 0.0075 0.1737 0.0087 0.1991 0.2907 
         488  1 0.2916 0.0550 0.1583 0.0232 0.2080 0.2639 
         489  1 0.2555 0.0354 0.1333 0.0088 0.2686 0.2983 
         490  1 0.0511 0.0141 0.8343 0.0102 0.0466 0.0438 
         491  1 0.2834 0.0085 0.1561 0.0070 0.1792 0.3658 
         492  1 0.3562 0.0082 0.0779 0.0151 0.2533 0.2894 
         493  1 0.2593 0.0091 0.1875 0.0036 0.2920 0.2484 
         494  1 0.3712 0.0070 0.0503 0.0080 0.2985 0.2650 
         495  1 0.2815 0.0146 0.0684 0.0204 0.3466 0.2685 
         496  1 0.3083 0.0122 0.0387 0.0843 0.3244 0.2321 
         497  1 0.2250 0.0088 0.4512 0.0088 0.0845 0.2217 
         498  1 0.2996 0.0133 0.1022 0.0112 0.3286 0.2451 
         499  1 0.3064 0.0096 0.0248 0.0058 0.2346 0.4187 
         500  1 0.4415 0.0062 0.0215 0.0088 0.2096 0.3124 
         501  1 0.2446 0.0073 0.1773 0.0123 0.3066 0.2520 
         502  1 0.2941 0.0888 0.0225 0.0482 0.2042 0.3421 
         503  1 0.3588 0.0039 0.0398 0.0063 0.1637 0.4274 
         504  1 0.2276 0.0183 0.3098 0.0078 0.1699 0.2666 
         505  1 0.1330 0.0055 0.4549 0.0779 0.2187 0.1101 
         506  1 0.2723 0.0450 0.0934 0.0228 0.2435 0.3229 
         507  1 0.1807 0.0304 0.3352 0.0933 0.2050 0.1554 
         508  1 0.3181 0.0070 0.0460 0.0107 0.2331 0.3851 
         509  1 0.2141 0.0073 0.0217 0.0043 0.5484 0.2043 
         510  1 0.2700 0.0487 0.1034 0.0063 0.2268 0.3448 
         511  1 0.2309 0.0323 0.2175 0.0098 0.2593 0.2503 
         512  1 0.2448 0.0084 0.3068 0.0106 0.1977 0.2318 
         513  1 0.2712 0.0076 0.0766 0.0122 0.3205 0.3119 
         514  1 0.2682 0.0097 0.1757 0.0194 0.2308 0.2963 
         515  1 0.3408 0.0107 0.0555 0.0058 0.1929 0.3944 
         516  1 0.3174 0.0060 0.0964 0.0261 0.1262 0.4280 
         517  1 0.3219 0.0038 0.1757 0.0275 0.0966 0.3745 
         518  1 0.2052 0.0131 0.2091 0.1629 0.2188 0.1909 
         519  1 0.2190 0.1617 0.2390 0.0419 0.1519 0.1866 
         520  1 0.2780 0.0130 0.0817 0.0130 0.3598 0.2544 
         521  1 0.2433 0.0348 0.2391 0.0074 0.1482 0.3272 
         522  1 0.1070 0.5461 0.1106 0.0104 0.1197 0.1062 
         523  1 0.2640 0.0095 0.0915 0.0201 0.3504 0.2646 
         524  1 0.3046 0.0054 0.1561 0.0046 0.2703 0.2589 
         525  1 0.4135 0.0054 0.0343 0.0105 0.1873 0.3490 
         526  1 0.1103 0.0125 0.6583 0.0153 0.0795 0.1241 
         527  1 0.3470 0.0201 0.0180 0.0067 0.2691 0.3391 
         528  1 0.3866 0.0041 0.0241 0.0082 0.1333 0.4436 
         529  1 0.2541 0.3001 0.0194 0.0141 0.1094 0.3030 
         530  1 0.1487 0.0220 0.5347 0.0447 0.1432 0.1066 
         531  1 0.2778 0.0359 0.1713 0.0076 0.2100 0.2974 
         532  1 0.2148 0.1281 0.1929 0.0151 0.2401 0.2091 
         533  1 0.2974 0.0154 0.0990 0.0117 0.2438 0.3326 
         534  1 0.1925 0.0106 0.3624 0.0524 0.1320 0.2502 
         535  1 0.2530 0.0086 0.1904 0.0169 0.2829 0.2482 
         536  1 0.3347 0.0224 0.0423 0.0115 0.2852 0.3039 
         537  1 0.2096 0.0305 0.3301 0.0409 0.1992 0.1899 
         538  1 0.2772 0.0056 0.1427 0.0042 0.3686 0.2016 
         539  1 0.2528 0.0054 0.3401 0.0135 0.1565 0.2317 
         540  1 0.3988 0.0150 0.0901 0.0085 0.2395 0.2480 
         541  1 0.3695 0.0887 0.0293 0.0116 0.1454 0.3555 
         542  1 0.1386 0.0556 0.4237 0.0084 0.1825 0.1911 
         543  1 0.3523 0.0097 0.0324 0.0039 0.3862 0.2154 
         544  1 0.0831 0.0468 0.6127 0.0410 0.1206 0.0959 
         545  1 0.1140 0.0228 0.6475 0.0313 0.0921 0.0923 
         546  1 0.2911 0.0106 0.0894 0.0191 0.2965 0.2933 
         547  1 0.3741 0.0173 0.0513 0.0077 0.2143 0.3354 
         548  1 0.3141 0.0151 0.2751 0.0060 0.1858 0.2038 
         549  1 0.1499 0.0152 0.5845 0.0184 0.0605 0.1716 
         550  1 0.2889 0.0048 0.0755 0.0059 0.3210 0.3040 
         551  1 0.2450 0.0604 0.0983 0.0064 0.3669 0.2230 
         552  1 0.3699 0.0067 0.0557 0.0035 0.0767 0.4875 
         553  1 0.3579 0.0079 0.0339 0.0222 0.0903 0.4879 
         554  1 0.2481 0.0127 0.0565 0.0412 0.3605 0.2809 
         555  1 0.2907 0.0088 0.1099 0.0264 0.2216 0.3427 
         556  1 0.1619 0.0150 0.4941 0.0193 0.1082 0.2015 
         557  1 0.3732 0.0102 0.0605 0.0094 0.1283 0.4184 
         558  1 0.3702 0.0089 0.0875 0.0067 0.1371 0.3896 
         559  1 0.2773 0.0049 0.0685 0.0294 0.4323 0.1878 
         560  1 0.1970 0.0069 0.4406 0.0176 0.1509 0.1869 
         561  1 0.1165 0.0096 0.6149 0.0122 0.1523 0.0946 
         562  1 0.3619 0.0069 0.0399 0.0091 0.2443 0.3379 
         563  1 0.2317 0.0082 0.2019 0.0077 0.2650 0.2855 
         564  1 0.2529 0.0064 0.0444 0.2368 0.2580 0.2015 
         565  1 0.3451 0.0226 0.1046 0.0078 0.2083 0.3116 
         566  1 0.2598 0.0277 0.0279 0.0202 0.3488 0.3157 
         567  1 0.2577 0.0835 0.0350 0.0089 0.2730 0.3418 
         568  1 0.2680 0.0176 0.0173 0.0324 0.3521 0.3127 
         569  1 0.2998 0.0084 0.0620 0.0045 0.1768 0.4486 
         570  1 0.3804 0.0128 0.0321 0.0059 0.2538 0.3150 
         571  1 0.2797 0.0605 0.0240 0.0070 0.3882 0.2406 
         572  1 0.3881 0.0097 0.0303 0.0092 0.1628 0.3999 
         573  1 0.1263 0.0110 0.3598 0.1882 0.1774 0.1372 
         574  1 0.2006 0.0196 0.1004 0.0285 0.3634 0.2876 
         575  1 0.2686 0.0058 0.1967 0.0171 0.1688 0.3430 
         576  1 0.3555 0.0065 0.0705 0.0435 0.0873 0.4366 
         577  1 0.1765 0.0148 0.3335 0.0498 0.2288 0.1966 
         578  1 0.2550 0.0282 0.0444 0.2388 0.1461 0.2876 
         579  1 0.3104 0.0060 0.1846 0.0241 0.2756 0.1993 
         580  1 0.3227 0.0416 0.0156 0.0073 0.2210 0.3918 
         581  1 0.4061 0.0036 0.0220 0.0059 0.1158 0.4466 
         582  1 0.1691 0.0401 0.2625 0.1032 0.2499 0.1752 
         583  1 0.1961 0.0701 0.2699 0.1093 0.1578 0.1967 
         584  1 0.2686 0.0125 0.2751 0.0166 0.1949 0.2324 
         585  1 0.1224 0.1125 0.5081 0.0172 0.1079 0.1319 
         586  1 0.1950 0.0146 0.2575 0.0115 0.3019 0.2196 
         587  1 0.2038 0.0058 0.3762 0.0107 0.1662 0.2372 
         588  1 0.2830 0.0189 0.0403 0.0255 0.3765 0.2557 
         589  1 0.2503 0.0176 0.0142 0.0423 0.4537 0.2220 
         590  1 0.1652 0.0140 0.4401 0.0166 0.2457 0.1184 
         591  1 0.3262 0.0682 0.0149 0.0063 0.3090 0.2755 
         592  1 0.1860 0.0077 0.1100 0.0164 0.5202 0.1599 
         593  1 0.3866 0.0063 0.0184 0.0155 0.1359 0.4372 
         594  1 0.2075 0.0065 0.2562 0.0252 0.2699 0.2348 
         595  1 0.0691 0.7102 0.0677 0.0136 0.0602 0.0793 
         596  1 0.3156 0.0256 0.0608 0.0135 0.3608 0.2236 
         597  1 0.2707 0.0325 0.2252 0.0191 0.1697 0.2828 
         598  1 0.0739 0.0051 0.7680 0.0060 0.0496 0.0975 
         599  1 0.2296 0.0208 0.2362 0.0469 0.2757 0.1907 
         600  1 0.2355 0.0630 0.2626 0.0399 0.2013 0.1977 
         601  1 0.0927 0.0054 0.5548 0.0934 0.1407 0.1129 
         602  1 0.2388 0.0136 0.1720 0.0528 0.3406 0.1822 
         603  1 0.3465 0.0447 0.0761 0.0112 0.1824 0.3392 
         604  1 0.2926 0.0229 0.0118 0.0114 0.3151 0.3463 
         605  1 0.2595 0.0172 0.1665 0.0079 0.2555 0.2934 
         606  1 0.3160 0.0293 0.1275 0.0172 0.2587 0.2514 
         607  1 0.3098 0.0073 0.0395 0.0245 0.3151 0.3038 
         608  1 0.2116 0.0117 0.2435 0.0084 0.3691 0.1557 
         609  1 0.2946 0.0075 0.1313 0.0089 0.3478 0.2099 
         610  1 0.2658 0.0186 0.1050 0.0352 0.3282 0.2471 
         611  1 0.3014 0.0082 0.0167 0.0057 0.2396 0.4283 
         612  1 0.2824 0.0063 0.1960 0.0294 0.2557 0.2303 
         613  1 0.1638 0.0197 0.1505 0.0250 0.4614 0.1796 
         614  1 0.3531 0.0088 0.0883 0.0058 0.1833 0.3607 
         615  1 0.3341 0.0110 0.1480 0.0220 0.1729 0.3120 
         616  1 0.3002 0.0083 0.1548 0.0125 0.2622 0.2619 
         617  1 0.3069 0.0128 0.0414 0.0106 0.3636 0.2647 
         618  1 0.2556 0.0184 0.1984 0.0129 0.1609 0.3537 
         619  1 0.2436 0.1675 0.0750 0.0342 0.1717 0.3080 
         620  1 0.1044 0.0165 0.6666 0.0075 0.0869 0.1181 
         621  1 0.1760 0.0050 0.4725 0.0757 0.0931 0.1778 
         622  1 0.0679 0.0077 0.7735 0.0128 0.0597 0.0784 
         623  1 0.2587 0.0037 0.0246 0.0024 0.4310 0.2795 
         624  1 0.2361 0.0150 0.3791 0.0206 0.1807 0.1685 
         625  1 0.3216 0.0108 0.0672 0.0076 0.2715 0.3213 
         626  1 0.1805 0.4804 0.0294 0.0046 0.1639 0.1412 
         627  1 0.3386 0.0043 0.0664 0.0384 0.1357 0.4167 
         628  1 0.3693 0.0120 0.0598 0.0068 0.1311 0.4209 
         629  1 0.2826 0.1160 0.0304 0.0215 0.1220 0.4275 
         630  1 0.3394 0.0080 0.1246 0.0054 0.2817 0.2409 
         631  1 0.2993 0.0087 0.1194 0.0081 0.2237 0.3407 
         632  1 0.1140 0.0148 0.6636 0.0112 0.0990 0.0974 
         633  1 0.2957 0.0140 0.0315 0.0913 0.3178 0.2498 
         634  1 0.1645 0.0070 0.4700 0.0187 0.1355 0.2043 
         635  1 0.3622 0.0122 0.0755 0.0099 0.2117 0.3285 
         636  1 0.1525 0.2120 0.3238 0.0185 0.1153 0.1779 
         637  1 0.2591 0.0207 0.1053 0.0088 0.2658 0.3404 
         638  1 0.2417 0.0198 0.3180 0.0422 0.1598 0.2186 
         639  1 0.3630 0.0143 0.0165 0.0106 0.1609 0.4347 
         640  1 0.2819 0.0165 0.3282 0.0106 0.1406 0.2221 
         641  1 0.2508 0.0075 0.0347 0.0100 0.4469 0.2501 
         642  1 0.2838 0.0109 0.2338 0.0092 0.1935 0.2688 
         643  1 0.2312 0.0129 0.1261 0.0278 0.3482 0.2538 
         644  1 0.1764 0.0147 0.2849 0.0679 0.2381 0.2179 
         645  1 0.2704 0.0063 0.3013 0.0477 0.1938 0.1804 
         646  1 0.1262 0.0169 0.6032 0.0159 0.0876 0.1502 
         647  1 0.3927 0.0132 0.0138 0.0062 0.1735 0.4005 
         648  1 0.0709 0.0130 0.6512 0.0867 0.1042 0.0740 
         649  1 0.3963 0.0073 0.0328 0.0331 0.1883 0.3423 
         650  1 0.3425 0.0188 0.0979 0.0061 0.2403 0.2944 
         651  1 0.0548 0.0138 0.7968 0.0096 0.0759 0.0491 
         652  1 0.2237 0.0056 0.3407 0.0352 0.2403 0.1545 
         653  1 0.2882 0.0144 0.1379 0.0104 0.2893 0.2598 
         654  1 0.2873 0.0104 0.1639 0.0065 0.2239 0.3079 
         655  1 0.1566 0.0123 0.4926 0.0364 0.1169 0.1852 
         656  1 0.1591 0.0086 0.5361 0.0155 0.1069 0.1738 
         657  1 0.1200 0.0073 0.4478 0.0182 0.2706 0.1362 
         658  1 0.1954 0.0307 0.1502 0.0332 0.3380 0.2525 
         659  1 0.3375 0.0141 0.0677 0.0109 0.3080 0.2618 
         660  1 0.1104 0.0127 0.6307 0.0153 0.1062 0.1247 
         661  1 0.3570 0.0463 0.0398 0.0110 0.1923 0.3537 
         662  1 0.1191 0.4540 0.0359 0.0508 0.1981 0.1420 
         663  1 0.0659 0.0100 0.8089 0.0059 0.0520 0.0574 
         664  1 0.2814 0.0057 0.0917 0.0154 0.2686 0.3372 
         665  1 0.2276 0.0234 0.2986 0.0731 0.2112 0.1662 
         666  1 0.2406 0.0244 0.4001 0.0046 0.1193 0.2109 
         667  1 0.3502 0.0112 0.0391 0.0099 0.1379 0.4517 
         668  1 0.2169 0.0354 0.2250 0.1187 0.2131 0.1909 
         669  1 0.1574 0.0039 0.4684 0.0080 0.1685 0.1937 
         670  1 0.2972 0.0295 0.0566 0.0081 0.3573 0.2512 
         671  1 0.0875 0.0044 0.6442 0.0510 0.1303 0.0825 
         672  1 0.2164 0.0055 0.4060 0.0129 0.2225 0.1368 
         673  1 0.2523 0.0050 0.0864 0.0042 0.3744 0.2777 
         674  1 0.1144 0.0924 0.5519 0.0262 0.0986 0.1164 
         675  1 0.1041 0.0105 0.6473 0.0182 0.1268 0.0930 
         676  1 0.1843 0.0099 0.4146 0.0335 0.2011 0.1566 
         677  1 0.3434 0.0059 0.1883 0.0061 0.0890 0.3673 
