  1:   0.1655  0.1659  0.1659  0.1671  0.1665  0.1693  1
  2:   0.1665  0.1663  0.1657  0.1677  0.1663  0.1675  1
  3:   0.1674  0.1662  0.1656  0.1674  0.1654  0.1680  1
  4:   0.1645  0.1657  0.1653  0.1679  0.1665  0.1701  1
  5:   0.1643  0.1653  0.1645  0.1683  0.1673  0.1705  1
  6:   0.1675  0.1677  0.1693  0.1657  0.1661  0.1635  1
  7:   0.1691  0.1661  0.1695  0.1653  0.1665  0.1633  1
  8:   0.1678  0.1682  0.1670  0.1658  0.1662  0.1648  1
  9:   0.1667  0.1671  0.1659  0.1669  0.1669  0.1665  1
 10:   0.1658  0.1668  0.1672  0.1664  0.1680  0.1658  1
 11:   0.1654  0.1664  0.1656  0.1676  0.1664  0.1684  1
 12:   0.1716  0.1680  0.1684  0.1642  0.1660  0.1618  1
 13:   0.1701  0.1673  0.1677  0.1651  0.1663  0.1633  1
 14:   0.1696  0.1664  0.1660  0.1670  0.1664  0.1646  1
 15:   0.1690  0.1674  0.1682  0.1658  0.1658  0.1636  1
 16:   0.1626  0.1652  0.1632  0.1690  0.1668  0.1734  1
 17:   0.1684  0.1666  0.1686  0.1658  0.1664  0.1640  1
 18:   0.1663  0.1669  0.1671  0.1669  0.1661  0.1667  1
 19:   0.1640  0.1652  0.1638  0.1684  0.1674  0.1714  1
 20:   0.1671  0.1661  0.1681  0.1661  0.1669  0.1655  1
 21:   0.1634  0.1636  0.1626  0.1690  0.1652  0.1762  1
 22:   0.1684  0.1676  0.1676  0.1658  0.1664  0.1644  1
 23:   0.1689  0.1659  0.1659  0.1675  0.1661  0.1655  1
 24:   0.1684  0.1670  0.1678  0.1660  0.1664  0.1642  1
 25:   0.1694  0.1678  0.1682  0.1650  0.1658  0.1638  1
 26:   0.1673  0.1667  0.1661  0.1669  0.1663  0.1669  1
 27:   0.1661  0.1665  0.1663  0.1673  0.1661  0.1677  1
 28:   0.1681  0.1667  0.1675  0.1663  0.1665  0.1649  1
 29:   0.1640  0.1656  0.1656  0.1680  0.1668  0.1700  1
 30:   0.1702  0.1672  0.1676  0.1658  0.1660  0.1634  1
 31:   0.1655  0.1655  0.1665  0.1677  0.1667  0.1683  1
 32:   0.1670  0.1676  0.1674  0.1658  0.1668  0.1654  1
 33:   0.1656  0.1668  0.1668  0.1672  0.1662  0.1672  1
 34:   0.1654  0.1666  0.1648  0.1672  0.1668  0.1690  1
 35:   0.1690  0.1670  0.1676  0.1656  0.1672  0.1638  1
 36:   0.1674  0.1660  0.1656  0.1672  0.1666  0.1670  1
 37:   0.1695  0.1685  0.1691  0.1645  0.1661  0.1625  1
 38:   0.1690  0.1682  0.1682  0.1650  0.1664  0.1632  1
 39:   0.1633  0.1651  0.1633  0.1687  0.1667  0.1727  1
 40:   0.1637  0.1657  0.1639  0.1681  0.1665  0.1719  1
 41:   0.1664  0.1658  0.1656  0.1676  0.1662  0.1686  1
 42:   0.1653  0.1667  0.1661  0.1673  0.1671  0.1677  1
 43:   0.1692  0.1674  0.1670  0.1658  0.1660  0.1644  1
 44:   0.1642  0.1660  0.1638  0.1682  0.1660  0.1720  1
 45:   0.1662  0.1666  0.1692  0.1660  0.1662  0.1656  1
 46:   0.1645  0.1661  0.1653  0.1677  0.1671  0.1695  1
 47:   0.1670  0.1676  0.1692  0.1654  0.1668  0.1640  1
 48:   0.1659  0.1653  0.1637  0.1677  0.1661  0.1711  1
 49:   0.1740  0.1680  0.1692  0.1640  0.1652  0.1596  1
 50:   0.1655  0.1665  0.1679  0.1669  0.1669  0.1665  1
 51:   0.1655  0.1655  0.1659  0.1673  0.1671  0.1689  1
 52:   0.1674  0.1670  0.1666  0.1662  0.1670  0.1660  1
 53:   0.1653  0.1671  0.1677  0.1663  0.1671  0.1665  1
 54:   0.1666  0.1670  0.1670  0.1666  0.1674  0.1656  1
 55:   0.1620  0.1642  0.1620  0.1696  0.1664  0.1760  1
 56:   0.1636  0.1652  0.1640  0.1686  0.1670  0.1716  1
 57:   0.1673  0.1675  0.1681  0.1655  0.1673  0.1643  1
 58:   0.1665  0.1671  0.1669  0.1661  0.1667  0.1669  1
 59:   0.1672  0.1664  0.1672  0.1662  0.1678  0.1652  1
 60:   0.1684  0.1676  0.1698  0.1646  0.1672  0.1622  1
 61:   0.1660  0.1662  0.1674  0.1664  0.1670  0.1668  1
 62:   0.1673  0.1673  0.1669  0.1661  0.1665  0.1657  1
 63:   0.1631  0.1651  0.1637  0.1693  0.1663  0.1723  1
 64:   0.1642  0.1648  0.1654  0.1682  0.1662  0.1714  1
 65:   0.1670  0.1668  0.1678  0.1658  0.1670  0.1654  1
 66:   0.1676  0.1672  0.1660  0.1662  0.1668  0.1662  1
 67:   0.1660  0.1668  0.1666  0.1664  0.1676  0.1668  1
 68:   0.1682  0.1664  0.1674  0.1666  0.1662  0.1654  1
 69:   0.1684  0.1658  0.1648  0.1676  0.1656  0.1678  1
 70:   0.1668  0.1664  0.1676  0.1670  0.1662  0.1660  1
 71:   0.1685  0.1673  0.1685  0.1655  0.1665  0.1637  1
 72:   0.1656  0.1656  0.1652  0.1684  0.1662  0.1692  1
 73:   0.1650  0.1652  0.1674  0.1676  0.1672  0.1678  1
 74:   0.1682  0.1690  0.1682  0.1650  0.1666  0.1628  1
 75:   0.1666  0.1670  0.1670  0.1668  0.1668  0.1660  1
 76:   0.1679  0.1667  0.1697  0.1653  0.1671  0.1635  1
 77:   0.1694  0.1670  0.1672  0.1662  0.1658  0.1644  1
 78:   0.1646  0.1662  0.1660  0.1674  0.1672  0.1686  1
 79:   0.1662  0.1672  0.1678  0.1660  0.1672  0.1658  1
 80:   0.1629  0.1657  0.1637  0.1691  0.1669  0.1719  1
 81:   0.1664  0.1670  0.1698  0.1650  0.1682  0.1636  1
 82:   0.1668  0.1678  0.1680  0.1658  0.1672  0.1646  1
 83:   0.1665  0.1665  0.1669  0.1667  0.1661  0.1671  1
 84:   0.1662  0.1670  0.1668  0.1662  0.1672  0.1664  1
 85:   0.1672  0.1674  0.1678  0.1650  0.1672  0.1652  1
 86:   0.1660  0.1658  0.1684  0.1666  0.1664  0.1668  1
 87:   0.1620  0.1644  0.1626  0.1702  0.1658  0.1750  1
 88:   0.1672  0.1680  0.1686  0.1658  0.1666  0.1640  1
 89:   0.1647  0.1651  0.1635  0.1689  0.1661  0.1715  1
 90:   0.1659  0.1659  0.1651  0.1673  0.1665  0.1691  1
 91:   0.1669  0.1665  0.1665  0.1663  0.1669  0.1667  1
 92:   0.1663  0.1667  0.1673  0.1667  0.1669  0.1661  1
 93:   0.1659  0.1659  0.1653  0.1671  0.1675  0.1681  1
 94:   0.1696  0.1680  0.1678  0.1654  0.1662  0.1632  1
 95:   0.1693  0.1681  0.1693  0.1651  0.1657  0.1623  1
 96:   0.1662  0.1672  0.1664  0.1668  0.1666  0.1666  1
 97:   0.1618  0.1646  0.1622  0.1700  0.1668  0.1746  1
 98:   0.1679  0.1671  0.1679  0.1659  0.1667  0.1643  1
 99:   0.1719  0.1671  0.1705  0.1637  0.1663  0.1607  1
100:   0.1676  0.1678  0.1664  0.1660  0.1668  0.1652  1
101:   0.1680  0.1678  0.1662  0.1660  0.1666  0.1654  1
102:   0.1674  0.1672  0.1682  0.1660  0.1670  0.1642  1
103:   0.1653  0.1661  0.1651  0.1677  0.1669  0.1689  1
104:   0.1666  0.1668  0.1674  0.1668  0.1662  0.1660  1
105:   0.1646  0.1662  0.1654  0.1676  0.1672  0.1690  1
106:   0.1641  0.1651  0.1649  0.1685  0.1671  0.1705  1
107:   0.1648  0.1660  0.1652  0.1676  0.1662  0.1704  1
108:   0.1667  0.1663  0.1663  0.1669  0.1665  0.1671  1
109:   0.1675  0.1675  0.1671  0.1661  0.1667  0.1651  1
110:   0.1627  0.1661  0.1643  0.1683  0.1669  0.1719  1
111:   0.1688  0.1674  0.1674  0.1658  0.1664  0.1644  1
112:   0.1661  0.1651  0.1683  0.1665  0.1667  0.1671  1
113:   0.1652  0.1668  0.1660  0.1672  0.1670  0.1680  1
114:   0.1699  0.1677  0.1683  0.1653  0.1657  0.1629  1
115:   0.1676  0.1668  0.1700  0.1650  0.1670  0.1638  1
116:   0.1656  0.1654  0.1662  0.1672  0.1674  0.1680  1
117:   0.1660  0.1666  0.1670  0.1670  0.1662  0.1672  1
118:   0.1678  0.1666  0.1664  0.1664  0.1664  0.1662  1
119:   0.1658  0.1662  0.1656  0.1674  0.1668  0.1682  1
120:   0.1682  0.1664  0.1674  0.1660  0.1668  0.1652  1
121:   0.1678  0.1668  0.1666  0.1660  0.1670  0.1656  1
122:   0.1648  0.1658  0.1648  0.1678  0.1662  0.1704  1
123:   0.1657  0.1667  0.1661  0.1677  0.1663  0.1675  1
124:   0.1653  0.1653  0.1653  0.1679  0.1655  0.1705  1
125:   0.1659  0.1663  0.1677  0.1669  0.1665  0.1667  1
126:   0.1652  0.1664  0.1656  0.1676  0.1668  0.1682  1
127:   0.1640  0.1656  0.1622  0.1694  0.1666  0.1724  1
128:   0.1650  0.1662  0.1646  0.1678  0.1666  0.1696  1
129:   0.1637  0.1655  0.1641  0.1683  0.1667  0.1715  1
130:   0.1670  0.1678  0.1678  0.1662  0.1664  0.1650  1
131:   0.1640  0.1654  0.1638  0.1684  0.1662  0.1720  1
132:   0.1688  0.1672  0.1670  0.1658  0.1662  0.1648  1
133:   0.1674  0.1676  0.1682  0.1656  0.1672  0.1642  1
134:   0.1644  0.1658  0.1666  0.1674  0.1666  0.1692  1
135:   0.1678  0.1676  0.1672  0.1658  0.1670  0.1648  1
136:   0.1639  0.1661  0.1659  0.1675  0.1671  0.1697  1
137:   0.1685  0.1683  0.1679  0.1653  0.1673  0.1629  1
138:   0.1668  0.1670  0.1672  0.1660  0.1672  0.1658  1
139:   0.1668  0.1666  0.1680  0.1662  0.1666  0.1658  1
140:   0.1655  0.1661  0.1655  0.1673  0.1671  0.1687  1
141:   0.1678  0.1672  0.1664  0.1670  0.1666  0.1648  1
142:   0.1640  0.1652  0.1654  0.1674  0.1660  0.1720  1
143:   0.1670  0.1660  0.1656  0.1674  0.1666  0.1674  1
144:   0.1682  0.1688  0.1688  0.1650  0.1664  0.1630  1
145:   0.1672  0.1660  0.1652  0.1674  0.1660  0.1682  1
146:   0.1657  0.1663  0.1657  0.1673  0.1669  0.1683  1
147:   0.1694  0.1672  0.1676  0.1654  0.1664  0.1640  1
148:   0.1658  0.1652  0.1640  0.1682  0.1662  0.1704  1
149:   0.1656  0.1670  0.1676  0.1664  0.1670  0.1666  1
150:   0.1666  0.1660  0.1660  0.1668  0.1672  0.1672  1
151:   0.1680  0.1682  0.1684  0.1648  0.1672  0.1636  1
152:   0.1711  0.1675  0.1695  0.1647  0.1657  0.1615  1
153:   0.1698  0.1670  0.1694  0.1648  0.1664  0.1624  1
154:   0.1703  0.1677  0.1709  0.1643  0.1661  0.1609  1
155:   0.1680  0.1668  0.1674  0.1658  0.1664  0.1654  1
156:   0.1674  0.1670  0.1670  0.1664  0.1664  0.1656  1
157:   0.1649  0.1661  0.1657  0.1669  0.1661  0.1701  1
158:   0.1660  0.1666  0.1668  0.1664  0.1676  0.1666  1
159:   0.1685  0.1681  0.1673  0.1655  0.1667  0.1641  1
160:   0.1674  0.1674  0.1666  0.1660  0.1668  0.1660  1
161:   0.1666  0.1666  0.1650  0.1670  0.1660  0.1686  1
162:   0.1658  0.1672  0.1650  0.1674  0.1670  0.1676  1
163:   0.1678  0.1686  0.1678  0.1652  0.1676  0.1632  1
164:   0.1667  0.1653  0.1647  0.1675  0.1655  0.1703  1
165:   0.1676  0.1678  0.1680  0.1654  0.1674  0.1638  1
166:   0.1680  0.1676  0.1680  0.1656  0.1670  0.1636  1
167:   0.1660  0.1660  0.1692  0.1658  0.1674  0.1654  1
168:   0.1667  0.1677  0.1657  0.1663  0.1671  0.1663  1
169:   0.1669  0.1665  0.1665  0.1665  0.1669  0.1669  1
170:   0.1654  0.1666  0.1676  0.1660  0.1680  0.1664  1
171:   0.1672  0.1670  0.1664  0.1666  0.1666  0.1662  1
172:   0.1643  0.1659  0.1665  0.1673  0.1669  0.1689  1
173:   0.1662  0.1672  0.1660  0.1670  0.1670  0.1668  1
174:   0.1678  0.1668  0.1664  0.1672  0.1656  0.1660  1
175:   0.1644  0.1654  0.1638  0.1682  0.1658  0.1722  1
176:   0.1675  0.1677  0.1703  0.1645  0.1671  0.1631  1
177:   0.1659  0.1657  0.1649  0.1679  0.1665  0.1689  1
178:   0.1664  0.1666  0.1658  0.1672  0.1666  0.1674  1
179:   0.1656  0.1662  0.1666  0.1670  0.1670  0.1678  1
180:   0.1662  0.1652  0.1666  0.1676  0.1666  0.1678  1
181:   0.1680  0.1662  0.1680  0.1660  0.1668  0.1648  1
182:   0.1657  0.1661  0.1661  0.1675  0.1669  0.1675  1
183:   0.1661  0.1673  0.1677  0.1659  0.1677  0.1653  1
184:   0.1634  0.1652  0.1630  0.1692  0.1668  0.1726  1
185:   0.1678  0.1684  0.1686  0.1652  0.1670  0.1628  1
186:   0.1678  0.1668  0.1660  0.1670  0.1662  0.1662  1
187:   0.1636  0.1656  0.1648  0.1684  0.1670  0.1704  1
188:   0.1686  0.1672  0.1670  0.1660  0.1658  0.1654  1
189:   0.1672  0.1678  0.1676  0.1654  0.1670  0.1648  1
190:   0.1679  0.1669  0.1671  0.1657  0.1667  0.1655  1
191:   0.1682  0.1662  0.1676  0.1658  0.1668  0.1652  1
192:   0.1660  0.1670  0.1682  0.1664  0.1668  0.1656  1
193:   0.1644  0.1656  0.1652  0.1676  0.1672  0.1698  1
194:   0.1688  0.1678  0.1666  0.1656  0.1658  0.1652  1
195:   0.1673  0.1671  0.1673  0.1659  0.1673  0.1651  1
196:   0.1648  0.1670  0.1658  0.1674  0.1674  0.1678  1
197:   0.1668  0.1666  0.1694  0.1656  0.1668  0.1646  1
198:   0.1662  0.1664  0.1666  0.1670  0.1668  0.1670  1
199:   0.1673  0.1665  0.1677  0.1659  0.1671  0.1655  1
200:   0.1640  0.1648  0.1642  0.1692  0.1658  0.1722  1
201:   0.1661  0.1669  0.1669  0.1665  0.1673  0.1661  1
202:   0.1665  0.1657  0.1659  0.1677  0.1663  0.1677  1
203:   0.1656  0.1658  0.1648  0.1678  0.1666  0.1694  1
204:   0.1694  0.1660  0.1666  0.1664  0.1658  0.1658  1
205:   0.1642  0.1660  0.1660  0.1676  0.1664  0.1700  1
206:   0.1681  0.1671  0.1681  0.1653  0.1671  0.1641  1
207:   0.1643  0.1657  0.1625  0.1695  0.1661  0.1721  1
208:   0.1653  0.1657  0.1641  0.1675  0.1669  0.1703  1
209:   0.1658  0.1670  0.1666  0.1666  0.1674  0.1664  1
210:   0.1667  0.1663  0.1697  0.1653  0.1677  0.1645  1
211:   0.1708  0.1676  0.1674  0.1656  0.1656  0.1630  1
212:   0.1684  0.1676  0.1680  0.1654  0.1670  0.1638  1
213:   0.1674  0.1670  0.1684  0.1654  0.1676  0.1642  1
214:   0.1686  0.1678  0.1678  0.1660  0.1660  0.1640  1
215:   0.1668  0.1680  0.1682  0.1656  0.1672  0.1644  1
216:   0.1669  0.1669  0.1683  0.1661  0.1667  0.1653  1
217:   0.1684  0.1666  0.1674  0.1662  0.1656  0.1656  1
218:   0.1697  0.1667  0.1663  0.1661  0.1655  0.1657  1
219:   0.1671  0.1673  0.1673  0.1659  0.1667  0.1657  1
220:   0.1658  0.1670  0.1670  0.1662  0.1670  0.1668  1
221:   0.1686  0.1672  0.1682  0.1656  0.1666  0.1638  1
222:   0.1656  0.1660  0.1670  0.1664  0.1676  0.1674  1
223:   0.1660  0.1672  0.1668  0.1666  0.1668  0.1668  1
224:   0.1676  0.1674  0.1670  0.1664  0.1656  0.1662  1
225:   0.1669  0.1665  0.1659  0.1669  0.1673  0.1663  1
226:   0.1676  0.1678  0.1672  0.1658  0.1668  0.1650  1
227:   0.1658  0.1670  0.1664  0.1674  0.1662  0.1672  1
228:   0.1689  0.1665  0.1667  0.1663  0.1661  0.1657  1
229:   0.1630  0.1644  0.1630  0.1698  0.1672  0.1724  1
230:   0.1663  0.1671  0.1661  0.1667  0.1673  0.1663  1
231:   0.1697  0.1669  0.1679  0.1653  0.1665  0.1639  1
232:   0.1691  0.1689  0.1683  0.1643  0.1667  0.1627  1
233:   0.1682  0.1682  0.1682  0.1654  0.1662  0.1636  1
234:   0.1662  0.1660  0.1650  0.1674  0.1664  0.1690  1
235:   0.1651  0.1665  0.1653  0.1675  0.1673  0.1681  1
236:   0.1652  0.1666  0.1684  0.1664  0.1672  0.1662  1
237:   0.1672  0.1670  0.1676  0.1662  0.1670  0.1652  1
238:   0.1666  0.1664  0.1670  0.1668  0.1666  0.1668  1
239:   0.1690  0.1670  0.1690  0.1654  0.1662  0.1636  1
240:   0.1696  0.1678  0.1680  0.1650  0.1666  0.1628  1
241:   0.1650  0.1658  0.1654  0.1676  0.1664  0.1698  1
242:   0.1677  0.1661  0.1663  0.1669  0.1667  0.1661  1
243:   0.1665  0.1679  0.1699  0.1643  0.1685  0.1629  1
244:   0.1674  0.1682  0.1678  0.1652  0.1674  0.1642  1
245:   0.1678  0.1674  0.1664  0.1658  0.1664  0.1660  1
246:   0.1680  0.1668  0.1668  0.1658  0.1664  0.1660  1
247:   0.1680  0.1672  0.1658  0.1664  0.1658  0.1666  1
248:   0.1648  0.1658  0.1668  0.1674  0.1674  0.1680  1
249:   0.1691  0.1669  0.1677  0.1657  0.1661  0.1647  1
250:   0.1646  0.1652  0.1658  0.1684  0.1664  0.1696  1
251:   0.1696  0.1668  0.1676  0.1660  0.1660  0.1640  1
252:   0.1653  0.1665  0.1661  0.1679  0.1667  0.1677  1
253:   0.1648  0.1664  0.1674  0.1664  0.1676  0.1676  1
254:   0.1697  0.1673  0.1661  0.1661  0.1659  0.1651  1
255:   0.1678  0.1676  0.1684  0.1656  0.1666  0.1638  1
256:   0.1668  0.1656  0.1686  0.1660  0.1678  0.1652  1
257:   0.1654  0.1670  0.1666  0.1664  0.1674  0.1672  1
258:   0.1639  0.1665  0.1659  0.1677  0.1671  0.1687  1
259:   0.1663  0.1657  0.1641  0.1677  0.1667  0.1693  1
260:   0.1646  0.1654  0.1676  0.1672  0.1676  0.1678  1
261:   0.1651  0.1665  0.1649  0.1681  0.1665  0.1691  1
262:   0.1742  0.1682  0.1686  0.1642  0.1648  0.1602  1
263:   0.1674  0.1656  0.1646  0.1668  0.1668  0.1686  1
264:   0.1690  0.1670  0.1686  0.1658  0.1656  0.1638  1
265:   0.1660  0.1664  0.1670  0.1668  0.1680  0.1658  1
266:   0.1669  0.1663  0.1665  0.1667  0.1665  0.1673  1
267:   0.1651  0.1663  0.1669  0.1671  0.1673  0.1675  1
268:   0.1649  0.1653  0.1639  0.1685  0.1663  0.1709  1
269:   0.1647  0.1655  0.1637  0.1683  0.1661  0.1717  1
270:   0.1689  0.1669  0.1671  0.1663  0.1657  0.1649  1
271:   0.1645  0.1655  0.1635  0.1681  0.1671  0.1715  1
272:   0.1678  0.1678  0.1674  0.1658  0.1670  0.1642  1
273:   0.1661  0.1671  0.1671  0.1671  0.1669  0.1657  1
274:   0.1665  0.1667  0.1661  0.1671  0.1667  0.1671  1
275:   0.1662  0.1678  0.1668  0.1662  0.1674  0.1658  1
276:   0.1639  0.1659  0.1631  0.1691  0.1659  0.1721  1
277:   0.1648  0.1662  0.1672  0.1662  0.1678  0.1676  1
278:   0.1656  0.1668  0.1670  0.1664  0.1666  0.1676  1
279:   0.1654  0.1658  0.1646  0.1682  0.1664  0.1696  1
280:   0.1681  0.1671  0.1669  0.1657  0.1667  0.1653  1
281:   0.1654  0.1662  0.1660  0.1674  0.1662  0.1690  1
282:   0.1682  0.1662  0.1672  0.1660  0.1670  0.1656  1
283:   0.1694  0.1692  0.1700  0.1640  0.1664  0.1610  1
284:   0.1669  0.1673  0.1693  0.1653  0.1673  0.1641  1
285:   0.1653  0.1661  0.1643  0.1677  0.1665  0.1703  1
286:   0.1669  0.1665  0.1671  0.1669  0.1663  0.1665  1
287:   0.1682  0.1662  0.1668  0.1666  0.1660  0.1664  1
288:   0.1668  0.1674  0.1664  0.1670  0.1668  0.1658  1
289:   0.1686  0.1666  0.1704  0.1652  0.1670  0.1624  1
290:   0.1694  0.1686  0.1684  0.1644  0.1666  0.1626  1
291:   0.1680  0.1668  0.1668  0.1660  0.1666  0.1658  1
292:   0.1659  0.1661  0.1653  0.1671  0.1669  0.1689  1
293:   0.1653  0.1657  0.1697  0.1659  0.1677  0.1655  1
294:   0.1629  0.1655  0.1647  0.1679  0.1667  0.1723  1
295:   0.1634  0.1660  0.1628  0.1688  0.1668  0.1724  1
296:   0.1686  0.1678  0.1676  0.1658  0.1664  0.1638  1
297:   0.1666  0.1662  0.1646  0.1674  0.1664  0.1686  1
298:   0.1661  0.1671  0.1667  0.1669  0.1665  0.1667  1
299:   0.1685  0.1673  0.1677  0.1655  0.1669  0.1639  1
300:   0.1642  0.1664  0.1672  0.1664  0.1680  0.1678  1
301:   0.1646  0.1656  0.1648  0.1684  0.1668  0.1696  1
302:   0.1664  0.1682  0.1678  0.1652  0.1678  0.1646  1
303:   0.1678  0.1674  0.1674  0.1654  0.1670  0.1648  1
