  1:   0.2650  0.2540  0.2110  0.2700  1
  2:   0.2757  0.2587  0.2018  0.2637  1
  3:   0.2430  0.2430  0.2490  0.2650  1
  4:   0.2208  0.2408  0.3187  0.2198  1
  5:   0.2533  0.2583  0.2352  0.2533  1
  6:   0.2570  0.2550  0.2290  0.2590  1
  7:   0.2630  0.2540  0.2360  0.2470  1
  8:   0.2750  0.2520  0.2250  0.2480  1
  9:   0.2218  0.2328  0.3167  0.2288  1
 10:   0.2270  0.2570  0.2710  0.2450  1
 11:   0.2470  0.2610  0.2030  0.2890  1
 12:   0.2400  0.2210  0.3110  0.2280  1
 13:   0.2040  0.2190  0.3530  0.2240  1
 14:   0.2392  0.2382  0.2903  0.2322  1
 15:   0.2560  0.2380  0.2430  0.2630  1
 16:   0.2500  0.2420  0.2540  0.2540  1
 17:   0.2340  0.2520  0.2790  0.2350  1
 18:   0.2348  0.2597  0.2478  0.2577  1
 19:   0.2412  0.2623  0.2482  0.2482  1
 20:   0.2430  0.2500  0.2600  0.2470  1
 21:   0.2540  0.2700  0.2160  0.2600  1
 22:   0.2460  0.2420  0.2740  0.2380  1
 23:   0.2510  0.2750  0.2180  0.2560  1
 24:   0.2507  0.2557  0.2547  0.2388  1
 25:   0.2527  0.2547  0.2468  0.2458  1
 26:   0.2647  0.2448  0.2498  0.2408  1
 27:   0.2432  0.2492  0.2643  0.2432  1
 28:   0.2590  0.2520  0.2540  0.2350  1
 29:   0.2500  0.2480  0.2430  0.2590  1
 30:   0.2520  0.2400  0.2600  0.2480  1
 31:   0.3000  0.2450  0.1970  0.2580  1
 32:   0.2368  0.2677  0.2468  0.2488  1
 33:   0.2610  0.2330  0.2580  0.2480  1
 34:   0.2470  0.2550  0.2500  0.2480  1
 35:   0.2322  0.2402  0.2963  0.2312  1
 36:   0.2607  0.2557  0.2158  0.2677  1
 37:   0.3050  0.2460  0.1910  0.2580  1
 38:   0.2593  0.2482  0.2523  0.2402  1
 39:   0.2530  0.2360  0.2640  0.2470  1
 40:   0.2440  0.2690  0.2260  0.2610  1
 41:   0.2540  0.2600  0.2410  0.2450  1
 42:   0.2200  0.2400  0.3030  0.2370  1
 43:   0.2348  0.2488  0.2817  0.2348  1
 44:   0.2490  0.2570  0.2220  0.2720  1
 45:   0.2432  0.2563  0.2252  0.2753  1
 46:   0.2470  0.2460  0.2690  0.2380  1
 47:   0.2730  0.2660  0.2040  0.2570  1
 48:   0.2570  0.2470  0.2380  0.2580  1
 49:   0.2360  0.2420  0.2830  0.2390  1
 50:   0.2470  0.2670  0.2020  0.2840  1
 51:   0.2242  0.2172  0.3453  0.2132  1
 52:   0.2400  0.2570  0.2500  0.2530  1
 53:   0.2480  0.2650  0.2460  0.2410  1
 54:   0.2620  0.2660  0.2210  0.2510  1
 55:   0.2580  0.2460  0.2530  0.2430  1
 56:   0.2530  0.2600  0.2350  0.2520  1
 57:   0.2530  0.2690  0.2180  0.2600  1
 58:   0.2500  0.2560  0.2400  0.2540  1
 59:   0.2670  0.2520  0.2220  0.2590  1
 60:   0.2530  0.2620  0.2120  0.2730  1
 61:   0.2460  0.2440  0.2760  0.2340  1
 62:   0.2600  0.2430  0.2530  0.2440  1
 63:   0.2650  0.2460  0.2500  0.2390  1
 64:   0.2510  0.2630  0.1890  0.2970  1
 65:   0.2537  0.2448  0.2507  0.2507  1
 66:   0.2663  0.2452  0.2472  0.2412  1
 67:   0.2370  0.2490  0.2740  0.2400  1
 68:   0.2438  0.2537  0.2368  0.2657  1
 69:   0.2680  0.2410  0.2550  0.2360  1
 70:   0.2520  0.2520  0.2340  0.2620  1
 71:   0.2620  0.2550  0.2180  0.2650  1
 72:   0.2390  0.2400  0.2700  0.2510  1
 73:   0.2470  0.2650  0.2240  0.2640  1
 74:   0.2630  0.2430  0.2350  0.2590  1
 75:   0.2320  0.2570  0.2420  0.2690  1
 76:   0.2560  0.2650  0.2100  0.2690  1
 77:   0.2750  0.2470  0.2360  0.2420  1
 78:   0.2630  0.2630  0.2090  0.2650  1
 79:   0.2332  0.2533  0.2553  0.2583  1
 80:   0.2270  0.2260  0.3280  0.2190  1
 81:   0.2460  0.2660  0.2280  0.2600  1
 82:   0.2773  0.2613  0.2012  0.2603  1
 83:   0.2440  0.2620  0.2220  0.2720  1
 84:   0.2428  0.2597  0.2597  0.2378  1
 85:   0.2740  0.2560  0.2120  0.2580  1
 86:   0.2420  0.2600  0.2350  0.2630  1
 87:   0.2380  0.2610  0.2320  0.2690  1
 88:   0.2472  0.2492  0.2713  0.2322  1
 89:   0.2362  0.2372  0.2713  0.2553  1
 90:   0.2472  0.2492  0.2663  0.2372  1
 91:   0.2540  0.2590  0.2170  0.2700  1
 92:   0.2550  0.2530  0.2410  0.2510  1
 93:   0.2448  0.2557  0.2388  0.2607  1
 94:   0.2610  0.2510  0.2120  0.2760  1
 95:   0.2637  0.2567  0.2238  0.2557  1
 96:   0.2292  0.2462  0.2853  0.2392  1
 97:   0.2290  0.2550  0.2690  0.2470  1
 98:   0.2322  0.2573  0.2773  0.2332  1
 99:   0.2390  0.2580  0.2560  0.2470  1
100:   0.2452  0.2653  0.2372  0.2523  1
101:   0.2482  0.2593  0.2332  0.2593  1
102:   0.2720  0.2530  0.2160  0.2590  1
103:   0.2520  0.2220  0.3060  0.2200  1
104:   0.2600  0.2560  0.2360  0.2480  1
105:   0.2660  0.2640  0.1980  0.2720  1
106:   0.2490  0.2480  0.2580  0.2450  1
107:   0.2270  0.2430  0.2830  0.2470  1
108:   0.2570  0.2580  0.2420  0.2430  1
109:   0.2330  0.2430  0.2960  0.2280  1
110:   0.2597  0.2458  0.2338  0.2607  1
111:   0.2460  0.2510  0.2520  0.2510  1
112:   0.2460  0.2540  0.2580  0.2420  1
113:   0.2182  0.2182  0.3473  0.2162  1
114:   0.2550  0.2470  0.2580  0.2400  1
115:   0.2330  0.2390  0.2880  0.2400  1
116:   0.2412  0.2543  0.2583  0.2462  1
117:   0.2723  0.2503  0.2322  0.2452  1
118:   0.2482  0.2593  0.2212  0.2713  1
119:   0.2530  0.2680  0.2160  0.2630  1
120:   0.2382  0.2583  0.2533  0.2503  1
121:   0.2462  0.2382  0.2893  0.2262  1
122:   0.2740  0.2420  0.2420  0.2420  1
123:   0.2410  0.2590  0.2290  0.2710  1
124:   0.2620  0.2340  0.2570  0.2470  1
125:   0.2620  0.2610  0.2160  0.2610  1
126:   0.2540  0.2530  0.2360  0.2570  1
127:   0.2520  0.2550  0.2470  0.2460  1
128:   0.2430  0.2410  0.2940  0.2220  1
129:   0.2490  0.2370  0.2850  0.2290  1
130:   0.2470  0.2490  0.2420  0.2620  1
131:   0.2693  0.2563  0.2152  0.2593  1
132:   0.2590  0.2580  0.2280  0.2550  1
133:   0.2590  0.2590  0.2130  0.2690  1
134:   0.2697  0.2488  0.2328  0.2488  1
135:   0.2490  0.2570  0.2500  0.2440  1
136:   0.2580  0.2530  0.2470  0.2420  1
137:   0.2370  0.2490  0.2490  0.2650  1
138:   0.2360  0.2330  0.3100  0.2210  1
139:   0.2657  0.2567  0.2328  0.2448  1
140:   0.2640  0.2530  0.2230  0.2600  1
141:   0.2440  0.2600  0.2430  0.2530  1
142:   0.2737  0.2567  0.2168  0.2527  1
143:   0.2278  0.2488  0.2837  0.2398  1
144:   0.2730  0.2440  0.2280  0.2550  1
145:   0.2380  0.2400  0.2790  0.2430  1
146:   0.2533  0.2633  0.2372  0.2462  1
147:   0.2468  0.2607  0.2438  0.2488  1
148:   0.2410  0.2340  0.2990  0.2260  1
149:   0.2560  0.2520  0.2530  0.2390  1
150:   0.2490  0.2480  0.2420  0.2610  1
151:   0.2430  0.2540  0.2410  0.2620  1
152:   0.2490  0.2670  0.2220  0.2620  1
153:   0.2510  0.2630  0.2320  0.2540  1
154:   0.2340  0.2460  0.2660  0.2540  1
155:   0.2450  0.2410  0.2760  0.2380  1
156:   0.2840  0.2520  0.2020  0.2620  1
157:   0.2580  0.2580  0.2060  0.2780  1
158:   0.2430  0.2570  0.2360  0.2640  1
159:   0.2510  0.2580  0.2330  0.2580  1
160:   0.2740  0.2480  0.2310  0.2470  1
161:   0.2380  0.2450  0.2850  0.2320  1
162:   0.1470  0.1470  0.5610  0.1450  1
163:   0.2940  0.2520  0.1950  0.2590  1
164:   0.2428  0.2567  0.2478  0.2527  1
165:   0.2627  0.2577  0.2118  0.2677  1
166:   0.2480  0.2470  0.2440  0.2610  1
167:   0.2230  0.2360  0.3220  0.2190  1
168:   0.2480  0.2530  0.2640  0.2350  1
169:   0.2687  0.2537  0.2128  0.2647  1
170:   0.2362  0.2513  0.2723  0.2402  1
171:   0.2820  0.2320  0.2280  0.2580  1
172:   0.2530  0.2510  0.2440  0.2520  1
173:   0.2680  0.2540  0.2260  0.2520  1
174:   0.2318  0.2468  0.2777  0.2438  1
175:   0.2370  0.2330  0.2950  0.2350  1
176:   0.2390  0.2560  0.2140  0.2910  1
177:   0.2770  0.2570  0.1960  0.2700  1
178:   0.2810  0.2530  0.2060  0.2600  1
179:   0.2310  0.2520  0.2600  0.2570  1
180:   0.2350  0.2480  0.2710  0.2460  1
181:   0.2567  0.2577  0.2198  0.2657  1
182:   0.2510  0.2500  0.2610  0.2380  1
183:   0.2440  0.2580  0.2340  0.2640  1
184:   0.2710  0.2490  0.2470  0.2330  1
185:   0.2720  0.2400  0.2300  0.2580  1
186:   0.2663  0.2472  0.2402  0.2462  1
187:   0.2560  0.2550  0.2210  0.2680  1
188:   0.2933  0.2382  0.2182  0.2503  1
189:   0.2472  0.2503  0.2402  0.2623  1
190:   0.2430  0.2550  0.2550  0.2470  1
191:   0.2620  0.2410  0.2520  0.2450  1
192:   0.2488  0.2547  0.2478  0.2488  1
193:   0.2260  0.2520  0.2510  0.2710  1
194:   0.2338  0.2448  0.2797  0.2418  1
195:   0.2450  0.2650  0.2450  0.2450  1
196:   0.2278  0.2308  0.3217  0.2198  1
197:   0.2412  0.2603  0.2322  0.2663  1
198:   0.2320  0.2510  0.2500  0.2670  1
199:   0.2438  0.2697  0.2228  0.2637  1
200:   0.2603  0.2623  0.2152  0.2623  1
201:   0.2310  0.2390  0.2980  0.2320  1
202:   0.2673  0.2462  0.2252  0.2613  1
203:   0.2547  0.2577  0.2348  0.2527  1
204:   0.2470  0.2560  0.2370  0.2600  1
205:   0.2350  0.2520  0.2560  0.2570  1
206:   0.2620  0.2600  0.2390  0.2390  1
207:   0.2350  0.2520  0.2510  0.2620  1
208:   0.2537  0.2607  0.2308  0.2547  1
209:   0.2510  0.2360  0.2860  0.2270  1
210:   0.2507  0.2557  0.2278  0.2657  1
211:   0.2653  0.2533  0.2222  0.2593  1
212:   0.2360  0.2490  0.2940  0.2210  1
213:   0.2480  0.2550  0.2310  0.2660  1
214:   0.2763  0.2402  0.2482  0.2352  1
215:   0.2720  0.2410  0.2370  0.2500  1
216:   0.2240  0.2410  0.3120  0.2230  1
217:   0.2630  0.2570  0.2060  0.2740  1
218:   0.2570  0.2560  0.2370  0.2500  1
219:   0.2140  0.2210  0.3530  0.2120  1
220:   0.2410  0.2550  0.2590  0.2450  1
221:   0.2470  0.2430  0.2680  0.2420  1
222:   0.2360  0.2590  0.2430  0.2620  1
223:   0.2640  0.2640  0.2150  0.2570  1
224:   0.2650  0.2470  0.2330  0.2550  1
225:   0.2370  0.2520  0.2670  0.2440  1
226:   0.2202  0.2302  0.3183  0.2312  1
227:   0.2530  0.2490  0.2490  0.2490  1
228:   0.2500  0.2580  0.2150  0.2770  1
229:   0.2482  0.2663  0.2192  0.2663  1
230:   0.2500  0.2400  0.2700  0.2400  1
231:   0.2380  0.2410  0.2840  0.2370  1
232:   0.2730  0.2500  0.2140  0.2630  1
233:   0.2298  0.2657  0.2607  0.2438  1
234:   0.2610  0.2610  0.2140  0.2640  1
235:   0.2410  0.2630  0.2070  0.2890  1
236:   0.2170  0.2430  0.3050  0.2350  1
237:   0.2507  0.2707  0.1968  0.2817  1
238:   0.2630  0.2520  0.2150  0.2700  1
239:   0.2560  0.2580  0.2080  0.2780  1
240:   0.2238  0.2388  0.3167  0.2208  1
241:   0.2380  0.2400  0.2890  0.2330  1
242:   0.2450  0.2690  0.2010  0.2850  1
243:   0.2520  0.2700  0.2050  0.2730  1
244:   0.2550  0.2560  0.2350  0.2540  1
245:   0.2600  0.2360  0.2580  0.2460  1
246:   0.2362  0.2392  0.2743  0.2503  1
247:   0.2320  0.2380  0.2930  0.2370  1
248:   0.2440  0.2440  0.2480  0.2640  1
249:   0.2530  0.2450  0.2710  0.2310  1
250:   0.2513  0.2312  0.2863  0.2312  1
251:   0.2450  0.2440  0.2620  0.2490  1
252:   0.2540  0.2530  0.2490  0.2440  1
253:   0.2753  0.2563  0.2252  0.2432  1
254:   0.2640  0.2550  0.2380  0.2430  1
255:   0.2620  0.2340  0.2700  0.2340  1
256:   0.2320  0.2370  0.3010  0.2300  1
257:   0.2780  0.2520  0.2270  0.2430  1
258:   0.2478  0.2298  0.2957  0.2268  1
259:   0.2490  0.2540  0.2330  0.2640  1
260:   0.2318  0.2458  0.2687  0.2537  1
261:   0.2280  0.2540  0.2480  0.2700  1
262:   0.2960  0.2280  0.2300  0.2460  1
263:   0.2580  0.2540  0.2220  0.2660  1
264:   0.2500  0.2520  0.2300  0.2680  1
265:   0.2430  0.2570  0.2380  0.2620  1
266:   0.2470  0.2490  0.2490  0.2550  1
267:   0.2462  0.2633  0.2402  0.2503  1
268:   0.2400  0.2290  0.2990  0.2320  1
269:   0.2240  0.2360  0.3210  0.2190  1
270:   0.2342  0.2533  0.2693  0.2432  1
271:   0.2500  0.2520  0.2530  0.2450  1
272:   0.2110  0.2300  0.3360  0.2230  1
273:   0.2940  0.2480  0.1960  0.2620  1
274:   0.2450  0.2710  0.1980  0.2860  1
275:   0.2630  0.2560  0.2200  0.2610  1
276:   0.2763  0.2543  0.2102  0.2593  1
277:   0.2743  0.2633  0.2102  0.2523  1
278:   0.2650  0.2660  0.1990  0.2700  1
279:   0.2543  0.2452  0.2272  0.2733  1
280:   0.2368  0.2258  0.2917  0.2458  1
281:   0.2553  0.2653  0.2192  0.2603  1
282:   0.2448  0.2408  0.2687  0.2458  1
283:   0.2730  0.2580  0.2070  0.2620  1
284:   0.2730  0.2470  0.2440  0.2360  1
285:   0.2160  0.2280  0.3420  0.2140  1
286:   0.2380  0.2620  0.2360  0.2640  1
287:   0.2220  0.2480  0.2840  0.2460  1
288:   0.2150  0.2490  0.2930  0.2430  1
289:   0.2580  0.2440  0.2600  0.2380  1
290:   0.2810  0.2520  0.2130  0.2540  1
291:   0.2770  0.2620  0.2040  0.2570  1
292:   0.2550  0.2530  0.2280  0.2640  1
293:   0.2260  0.2370  0.2940  0.2430  1
294:   0.2723  0.2563  0.2162  0.2553  1
295:   0.2480  0.2510  0.2600  0.2410  1
296:   0.2400  0.2390  0.2920  0.2290  1
297:   0.2360  0.2310  0.3070  0.2260  1
298:   0.2210  0.2250  0.3360  0.2180  1
299:   0.2820  0.2560  0.2080  0.2540  1
300:   0.2720  0.2530  0.2130  0.2620  1

  1:   0.2700  0.2280  0.2280  0.2740  1
  2:   0.2813  0.2162  0.2142  0.2883  1
  3:   0.2530  0.2400  0.2410  0.2660  1
  4:   0.2170  0.2890  0.2920  0.2020  1
  5:   0.2530  0.2450  0.2450  0.2570  1
  6:   0.2577  0.2478  0.2468  0.2478  1
  7:   0.2520  0.2510  0.2500  0.2470  1
  8:   0.2640  0.2390  0.2400  0.2570  1
  9:   0.2168  0.2817  0.2807  0.2208  1
 10:   0.2288  0.2657  0.2637  0.2418  1
 11:   0.2710  0.2160  0.2170  0.2960  1
 12:   0.2270  0.2740  0.2750  0.2240  1
 13:   0.2120  0.2840  0.2850  0.2190  1
 14:   0.2192  0.2853  0.2863  0.2092  1
 15:   0.2627  0.2318  0.2328  0.2727  1
 16:   0.2480  0.2460  0.2460  0.2600  1
 17:   0.2330  0.2720  0.2730  0.2220  1
 18:   0.2492  0.2472  0.2482  0.2553  1
 19:   0.2400  0.2590  0.2580  0.2430  1
 20:   0.2420  0.2620  0.2620  0.2340  1
 21:   0.2700  0.2300  0.2290  0.2710  1
 22:   0.2360  0.2650  0.2640  0.2350  1
 23:   0.2653  0.2382  0.2372  0.2593  1
 24:   0.2460  0.2580  0.2560  0.2400  1
 25:   0.2450  0.2570  0.2560  0.2420  1
 26:   0.2470  0.2560  0.2560  0.2410  1
 27:   0.2402  0.2613  0.2613  0.2372  1
 28:   0.2520  0.2530  0.2510  0.2440  1
 29:   0.2533  0.2422  0.2432  0.2613  1
 30:   0.2500  0.2480  0.2480  0.2540  1
 31:   0.2860  0.2170  0.2170  0.2800  1
 32:   0.2390  0.2620  0.2600  0.2390  1
 33:   0.2470  0.2520  0.2540  0.2470  1
 34:   0.2520  0.2490  0.2480  0.2510  1
 35:   0.2270  0.2770  0.2780  0.2180  1
 36:   0.2590  0.2360  0.2350  0.2700  1
 37:   0.2930  0.2120  0.2110  0.2840  1
 38:   0.2503  0.2533  0.2513  0.2452  1
 39:   0.2482  0.2513  0.2523  0.2482  1
 40:   0.2550  0.2460  0.2470  0.2520  1
 41:   0.2478  0.2537  0.2547  0.2438  1
 42:   0.2220  0.2760  0.2770  0.2250  1
 43:   0.2352  0.2643  0.2643  0.2362  1
 44:   0.2580  0.2330  0.2310  0.2780  1
 45:   0.2533  0.2382  0.2402  0.2683  1
 46:   0.2390  0.2600  0.2610  0.2400  1
 47:   0.2840  0.2240  0.2240  0.2680  1
 48:   0.2590  0.2350  0.2350  0.2710  1
 49:   0.2260  0.2730  0.2720  0.2290  1
 50:   0.2650  0.2250  0.2250  0.2850  1
 51:   0.2162  0.2853  0.2853  0.2132  1
 52:   0.2520  0.2420  0.2420  0.2640  1
 53:   0.2500  0.2580  0.2570  0.2350  1
 54:   0.2673  0.2362  0.2372  0.2593  1
 55:   0.2570  0.2510  0.2480  0.2440  1
 56:   0.2480  0.2550  0.2540  0.2430  1
 57:   0.2710  0.2310  0.2300  0.2680  1
 58:   0.2468  0.2587  0.2577  0.2368  1
 59:   0.2590  0.2360  0.2360  0.2690  1
 60:   0.2653  0.2302  0.2292  0.2753  1
 61:   0.2430  0.2610  0.2620  0.2340  1
 62:   0.2440  0.2540  0.2550  0.2470  1
 63:   0.2520  0.2500  0.2490  0.2490  1
 64:   0.2770  0.2120  0.2110  0.3000  1
 65:   0.2583  0.2382  0.2392  0.2643  1
 66:   0.2550  0.2510  0.2510  0.2430  1
 67:   0.2320  0.2700  0.2690  0.2290  1
 68:   0.2570  0.2360  0.2360  0.2710  1
 69:   0.2520  0.2530  0.2530  0.2420  1
 70:   0.2640  0.2350  0.2360  0.2650  1
 71:   0.2670  0.2310  0.2320  0.2700  1
 72:   0.2440  0.2540  0.2540  0.2480  1
 73:   0.2670  0.2350  0.2340  0.2640  1
 74:   0.2687  0.2288  0.2288  0.2737  1
 75:   0.2442  0.2533  0.2523  0.2503  1
 76:   0.2737  0.2288  0.2298  0.2677  1
 77:   0.2597  0.2448  0.2438  0.2517  1
 78:   0.2750  0.2200  0.2190  0.2860  1
 79:   0.2428  0.2557  0.2547  0.2468  1
 80:   0.2098  0.2897  0.2927  0.2078  1
 81:   0.2530  0.2440  0.2430  0.2600  1
 82:   0.2803  0.2212  0.2202  0.2783  1
 83:   0.2580  0.2370  0.2360  0.2690  1
 84:   0.2320  0.2720  0.2710  0.2250  1
 85:   0.2760  0.2230  0.2230  0.2780  1
 86:   0.2550  0.2430  0.2430  0.2590  1
 87:   0.2590  0.2360  0.2370  0.2680  1
 88:   0.2370  0.2710  0.2700  0.2220  1
 89:   0.2412  0.2583  0.2603  0.2402  1
 90:   0.2420  0.2630  0.2620  0.2330  1
 91:   0.2683  0.2282  0.2292  0.2743  1
 92:   0.2600  0.2370  0.2380  0.2650  1
 93:   0.2490  0.2460  0.2450  0.2600  1
 94:   0.2660  0.2290  0.2290  0.2760  1
 95:   0.2740  0.2310  0.2310  0.2640  1
 96:   0.2360  0.2630  0.2650  0.2360  1
 97:   0.2358  0.2637  0.2617  0.2388  1
 98:   0.2380  0.2640  0.2640  0.2340  1
 99:   0.2408  0.2577  0.2587  0.2428  1
100:   0.2492  0.2492  0.2482  0.2533  1
101:   0.2640  0.2430  0.2400  0.2530  1
102:   0.2660  0.2380  0.2390  0.2570  1
103:   0.2340  0.2680  0.2700  0.2280  1
104:   0.2597  0.2378  0.2378  0.2647  1
105:   0.2830  0.2110  0.2100  0.2960  1
106:   0.2583  0.2482  0.2472  0.2462  1
107:   0.2410  0.2530  0.2540  0.2520  1
108:   0.2462  0.2583  0.2563  0.2392  1
109:   0.2260  0.2750  0.2750  0.2240  1
110:   0.2547  0.2468  0.2468  0.2517  1
111:   0.2647  0.2348  0.2358  0.2647  1
112:   0.2460  0.2570  0.2560  0.2410  1
113:   0.2222  0.2743  0.2783  0.2252  1
114:   0.2540  0.2430  0.2440  0.2590  1
115:   0.2360  0.2640  0.2670  0.2330  1
116:   0.2430  0.2590  0.2590  0.2390  1
117:   0.2683  0.2392  0.2392  0.2533  1
118:   0.2723  0.2182  0.2192  0.2903  1
119:   0.2670  0.2360  0.2360  0.2610  1
120:   0.2438  0.2597  0.2597  0.2368  1
121:   0.2300  0.2750  0.2740  0.2210  1
122:   0.2543  0.2523  0.2533  0.2402  1
123:   0.2520  0.2430  0.2420  0.2630  1
124:   0.2520  0.2450  0.2450  0.2580  1
125:   0.2737  0.2318  0.2308  0.2637  1
126:   0.2510  0.2480  0.2470  0.2540  1
127:   0.2500  0.2470  0.2470  0.2560  1
128:   0.2310  0.2760  0.2780  0.2150  1
129:   0.2410  0.2650  0.2640  0.2300  1
130:   0.2492  0.2523  0.2533  0.2452  1
131:   0.2733  0.2282  0.2282  0.2703  1
132:   0.2643  0.2382  0.2372  0.2603  1
133:   0.2630  0.2270  0.2280  0.2820  1
134:   0.2620  0.2410  0.2400  0.2570  1
135:   0.2680  0.2380  0.2400  0.2540  1
136:   0.2563  0.2492  0.2503  0.2442  1
137:   0.2430  0.2500  0.2500  0.2570  1
138:   0.2260  0.2770  0.2760  0.2210  1
139:   0.2690  0.2350  0.2360  0.2600  1
140:   0.2633  0.2372  0.2382  0.2613  1
141:   0.2420  0.2560  0.2550  0.2470  1
142:   0.2720  0.2350  0.2330  0.2600  1
143:   0.2240  0.2770  0.2760  0.2230  1
144:   0.2660  0.2310  0.2320  0.2710  1
145:   0.2400  0.2610  0.2610  0.2380  1
146:   0.2520  0.2540  0.2570  0.2370  1
147:   0.2507  0.2517  0.2507  0.2468  1
148:   0.2380  0.2640  0.2660  0.2320  1
149:   0.2450  0.2590  0.2570  0.2390  1
150:   0.2520  0.2450  0.2440  0.2590  1
151:   0.2450  0.2470  0.2470  0.2610  1
152:   0.2603  0.2372  0.2382  0.2643  1
153:   0.2600  0.2420  0.2430  0.2550  1
154:   0.2422  0.2563  0.2573  0.2442  1
155:   0.2340  0.2670  0.2670  0.2320  1
156:   0.2810  0.2180  0.2200  0.2810  1
157:   0.2697  0.2218  0.2228  0.2857  1
158:   0.2563  0.2372  0.2392  0.2673  1
159:   0.2547  0.2458  0.2468  0.2527  1
160:   0.2590  0.2460  0.2470  0.2480  1
161:   0.2260  0.2800  0.2790  0.2150  1
162:   0.1530  0.3390  0.3590  0.1490  1
163:   0.2890  0.2140  0.2140  0.2830  1
164:   0.2510  0.2520  0.2520  0.2450  1
165:   0.2743  0.2262  0.2252  0.2743  1
166:   0.2490  0.2490  0.2490  0.2530  1
167:   0.2210  0.2800  0.2810  0.2180  1
168:   0.2400  0.2660  0.2660  0.2280  1
169:   0.2590  0.2400  0.2400  0.2610  1
170:   0.2410  0.2620  0.2630  0.2340  1
171:   0.2617  0.2368  0.2368  0.2647  1
172:   0.2540  0.2480  0.2470  0.2510  1
173:   0.2680  0.2380  0.2380  0.2560  1
174:   0.2290  0.2720  0.2710  0.2280  1
175:   0.2300  0.2710  0.2690  0.2300  1
176:   0.2647  0.2228  0.2238  0.2887  1
177:   0.2830  0.2140  0.2140  0.2890  1
178:   0.2817  0.2218  0.2208  0.2757  1
179:   0.2460  0.2510  0.2510  0.2520  1
180:   0.2312  0.2663  0.2653  0.2372  1
181:   0.2620  0.2360  0.2360  0.2660  1
182:   0.2342  0.2703  0.2693  0.2262  1
183:   0.2567  0.2428  0.2428  0.2577  1
184:   0.2560  0.2520  0.2540  0.2380  1
185:   0.2580  0.2440  0.2440  0.2540  1
186:   0.2600  0.2430  0.2430  0.2540  1
187:   0.2603  0.2322  0.2302  0.2773  1
188:   0.2830  0.2250  0.2250  0.2670  1
189:   0.2450  0.2550  0.2550  0.2450  1
190:   0.2470  0.2570  0.2550  0.2410  1
191:   0.2422  0.2663  0.2643  0.2272  1
192:   0.2440  0.2540  0.2540  0.2480  1
193:   0.2368  0.2527  0.2527  0.2577  1
194:   0.2372  0.2593  0.2603  0.2432  1
195:   0.2348  0.2717  0.2697  0.2238  1
196:   0.2170  0.2880  0.2860  0.2090  1
197:   0.2553  0.2472  0.2462  0.2513  1
198:   0.2450  0.2500  0.2490  0.2560  1
199:   0.2580  0.2410  0.2390  0.2620  1
200:   0.2630  0.2310  0.2330  0.2730  1
201:   0.2322  0.2663  0.2683  0.2332  1
202:   0.2680  0.2280  0.2290  0.2750  1
203:   0.2523  0.2523  0.2533  0.2422  1
204:   0.2462  0.2543  0.2503  0.2492  1
205:   0.2350  0.2610  0.2630  0.2410  1
206:   0.2523  0.2533  0.2533  0.2412  1
207:   0.2462  0.2482  0.2462  0.2593  1
208:   0.2580  0.2400  0.2390  0.2630  1
209:   0.2430  0.2620  0.2620  0.2330  1
210:   0.2580  0.2350  0.2350  0.2720  1
211:   0.2660  0.2340  0.2320  0.2680  1
212:   0.2230  0.2820  0.2820  0.2130  1
213:   0.2560  0.2390  0.2400  0.2650  1
214:   0.2610  0.2430  0.2430  0.2530  1
215:   0.2523  0.2482  0.2482  0.2513  1
216:   0.2230  0.2780  0.2780  0.2210  1
217:   0.2713  0.2242  0.2252  0.2793  1
218:   0.2560  0.2480  0.2480  0.2480  1
219:   0.2232  0.2723  0.2783  0.2262  1
220:   0.2390  0.2620  0.2610  0.2380  1
221:   0.2430  0.2630  0.2640  0.2300  1
222:   0.2440  0.2510  0.2500  0.2550  1
223:   0.2720  0.2290  0.2290  0.2700  1
224:   0.2620  0.2400  0.2400  0.2580  1
225:   0.2360  0.2650  0.2650  0.2340  1
226:   0.2158  0.2827  0.2827  0.2188  1
227:   0.2540  0.2490  0.2490  0.2480  1
228:   0.2553  0.2372  0.2372  0.2703  1
229:   0.2640  0.2310  0.2310  0.2740  1
230:   0.2420  0.2600  0.2600  0.2380  1
231:   0.2362  0.2633  0.2623  0.2382  1
232:   0.2750  0.2290  0.2280  0.2680  1
233:   0.2348  0.2687  0.2677  0.2288  1
234:   0.2670  0.2270  0.2280  0.2780  1
235:   0.2710  0.2210  0.2200  0.2880  1
236:   0.2138  0.2847  0.2857  0.2158  1
237:   0.2723  0.2202  0.2192  0.2883  1
238:   0.2800  0.2160  0.2170  0.2870  1
239:   0.2680  0.2260  0.2250  0.2810  1
240:   0.2230  0.2790  0.2810  0.2170  1
241:   0.2270  0.2740  0.2720  0.2270  1
242:   0.2750  0.2200  0.2200  0.2850  1
243:   0.2667  0.2238  0.2238  0.2857  1
244:   0.2537  0.2488  0.2488  0.2488  1
245:   0.2410  0.2590  0.2600  0.2400  1
246:   0.2330  0.2640  0.2660  0.2370  1
247:   0.2342  0.2613  0.2643  0.2402  1
248:   0.2452  0.2462  0.2472  0.2613  1
249:   0.2430  0.2610  0.2620  0.2340  1
250:   0.2408  0.2637  0.2657  0.2298  1
251:   0.2390  0.2590  0.2580  0.2440  1
252:   0.2517  0.2488  0.2488  0.2507  1
253:   0.2630  0.2420  0.2430  0.2520  1
254:   0.2560  0.2490  0.2490  0.2460  1
255:   0.2370  0.2660  0.2660  0.2310  1
256:   0.2300  0.2720  0.2720  0.2260  1
257:   0.2650  0.2470  0.2440  0.2440  1
258:   0.2350  0.2690  0.2700  0.2260  1
259:   0.2540  0.2440  0.2440  0.2580  1
260:   0.2360  0.2620  0.2630  0.2390  1
261:   0.2400  0.2530  0.2540  0.2530  1
262:   0.2730  0.2300  0.2290  0.2680  1
263:   0.2650  0.2310  0.2310  0.2730  1
264:   0.2697  0.2238  0.2238  0.2827  1
265:   0.2450  0.2530  0.2540  0.2480  1
266:   0.2492  0.2503  0.2523  0.2482  1
267:   0.2530  0.2460  0.2470  0.2540  1
268:   0.2248  0.2747  0.2747  0.2258  1
269:   0.2120  0.2890  0.2910  0.2080  1
270:   0.2438  0.2537  0.2547  0.2478  1
271:   0.2392  0.2633  0.2633  0.2342  1
272:   0.2120  0.2900  0.2910  0.2070  1
273:   0.2880  0.2130  0.2120  0.2870  1
274:   0.2763  0.2142  0.2122  0.2973  1
275:   0.2620  0.2360  0.2350  0.2670  1
276:   0.2690  0.2310  0.2320  0.2680  1
277:   0.2730  0.2260  0.2270  0.2740  1
278:   0.2850  0.2210  0.2200  0.2740  1
279:   0.2570  0.2360  0.2360  0.2710  1
280:   0.2330  0.2620  0.2620  0.2430  1
281:   0.2580  0.2360  0.2350  0.2710  1
282:   0.2438  0.2517  0.2517  0.2527  1
283:   0.2790  0.2270  0.2240  0.2700  1
284:   0.2530  0.2590  0.2560  0.2320  1
285:   0.2112  0.2903  0.2913  0.2072  1
286:   0.2540  0.2430  0.2440  0.2590  1
287:   0.2280  0.2690  0.2690  0.2340  1
288:   0.2290  0.2690  0.2690  0.2330  1
289:   0.2530  0.2510  0.2530  0.2430  1
290:   0.2790  0.2280  0.2280  0.2650  1
291:   0.2780  0.2270  0.2260  0.2690  1
292:   0.2550  0.2420  0.2440  0.2590  1
293:   0.2220  0.2800  0.2790  0.2190  1
294:   0.2650  0.2310  0.2310  0.2730  1
295:   0.2430  0.2600  0.2600  0.2370  1
296:   0.2330  0.2670  0.2680  0.2320  1
297:   0.2290  0.2740  0.2740  0.2230  1
298:   0.2100  0.2930  0.2920  0.2050  1
299:   0.2780  0.2230  0.2230  0.2760  1
300:   0.2753  0.2232  0.2222  0.2793  1

  1:   0.2563  0.2573  0.2192  0.2673  1
  2:   0.2820  0.2590  0.2060  0.2530  1
  3:   0.2452  0.2452  0.2543  0.2553  1
  4:   0.2290  0.2300  0.3180  0.2230  1
  5:   0.2490  0.2610  0.2330  0.2570  1
  6:   0.2570  0.2540  0.2320  0.2570  1
  7:   0.2660  0.2510  0.2440  0.2390  1
  8:   0.2823  0.2533  0.2282  0.2362  1
  9:   0.2238  0.2388  0.3047  0.2328  1
 10:   0.2280  0.2550  0.2690  0.2480  1
 11:   0.2503  0.2573  0.2112  0.2813  1
 12:   0.2442  0.2282  0.3053  0.2222  1
 13:   0.2138  0.2248  0.3337  0.2278  1
 14:   0.2360  0.2390  0.2900  0.2350  1
 15:   0.2540  0.2450  0.2510  0.2500  1
 16:   0.2520  0.2470  0.2540  0.2470  1
 17:   0.2350  0.2460  0.2730  0.2460  1
 18:   0.2400  0.2510  0.2490  0.2600  1
 19:   0.2390  0.2600  0.2470  0.2540  1
 20:   0.2400  0.2450  0.2620  0.2530  1
 21:   0.2507  0.2627  0.2178  0.2687  1
 22:   0.2400  0.2450  0.2740  0.2410  1
 23:   0.2600  0.2600  0.2260  0.2540  1
 24:   0.2570  0.2520  0.2500  0.2410  1
 25:   0.2513  0.2543  0.2472  0.2472  1
 26:   0.2540  0.2530  0.2470  0.2460  1
 27:   0.2440  0.2480  0.2670  0.2410  1
 28:   0.2580  0.2550  0.2450  0.2420  1
 29:   0.2440  0.2500  0.2450  0.2610  1
 30:   0.2468  0.2458  0.2607  0.2468  1
 31:   0.2997  0.2567  0.2038  0.2398  1
 32:   0.2330  0.2590  0.2420  0.2660  1
 33:   0.2627  0.2378  0.2597  0.2398  1
 34:   0.2540  0.2510  0.2490  0.2460  1
 35:   0.2382  0.2312  0.3003  0.2302  1
 36:   0.2580  0.2600  0.2230  0.2590  1
 37:   0.3000  0.2580  0.1980  0.2440  1
 38:   0.2583  0.2492  0.2543  0.2382  1
 39:   0.2507  0.2418  0.2617  0.2458  1
 40:   0.2420  0.2570  0.2300  0.2710  1
 41:   0.2520  0.2550  0.2360  0.2570  1
 42:   0.2240  0.2400  0.2940  0.2420  1
 43:   0.2320  0.2510  0.2720  0.2450  1
 44:   0.2470  0.2610  0.2270  0.2650  1
 45:   0.2418  0.2577  0.2298  0.2707  1
 46:   0.2510  0.2450  0.2650  0.2390  1
 47:   0.2640  0.2600  0.2090  0.2670  1
 48:   0.2580  0.2490  0.2380  0.2550  1
 49:   0.2360  0.2450  0.2770  0.2420  1
 50:   0.2440  0.2610  0.2130  0.2820  1
 51:   0.2300  0.2230  0.3310  0.2160  1
 52:   0.2442  0.2553  0.2442  0.2563  1
 53:   0.2550  0.2540  0.2490  0.2420  1
 54:   0.2603  0.2623  0.2192  0.2583  1
 55:   0.2637  0.2448  0.2527  0.2388  1
 56:   0.2560  0.2570  0.2410  0.2460  1
 57:   0.2553  0.2573  0.2172  0.2703  1
 58:   0.2570  0.2500  0.2460  0.2470  1
 59:   0.2583  0.2583  0.2242  0.2593  1
 60:   0.2530  0.2600  0.2200  0.2670  1
 61:   0.2480  0.2440  0.2680  0.2400  1
 62:   0.2527  0.2488  0.2557  0.2428  1
 63:   0.2630  0.2510  0.2450  0.2410  1
 64:   0.2480  0.2670  0.2020  0.2830  1
 65:   0.2530  0.2500  0.2460  0.2510  1
 66:   0.2660  0.2470  0.2470  0.2400  1
 67:   0.2418  0.2488  0.2637  0.2458  1
 68:   0.2450  0.2490  0.2430  0.2630  1
 69:   0.2680  0.2440  0.2580  0.2300  1
 70:   0.2550  0.2460  0.2420  0.2570  1
 71:   0.2613  0.2553  0.2232  0.2603  1
 72:   0.2422  0.2432  0.2663  0.2482  1
 73:   0.2472  0.2553  0.2292  0.2683  1
 74:   0.2607  0.2468  0.2388  0.2537  1
 75:   0.2322  0.2523  0.2543  0.2613  1
 76:   0.2583  0.2563  0.2192  0.2663  1
 77:   0.2700  0.2520  0.2360  0.2420  1
 78:   0.2610  0.2600  0.2120  0.2670  1
 79:   0.2350  0.2480  0.2560  0.2610  1
 80:   0.2260  0.2330  0.3170  0.2240  1
 81:   0.2470  0.2650  0.2250  0.2630  1
 82:   0.2730  0.2590  0.2060  0.2620  1
 83:   0.2448  0.2617  0.2218  0.2717  1
 84:   0.2352  0.2583  0.2583  0.2482  1
 85:   0.2720  0.2580  0.2140  0.2560  1
 86:   0.2442  0.2523  0.2342  0.2693  1
 87:   0.2368  0.2577  0.2328  0.2727  1
 88:   0.2410  0.2460  0.2670  0.2460  1
 89:   0.2370  0.2370  0.2740  0.2520  1
 90:   0.2430  0.2490  0.2620  0.2460  1
 91:   0.2520  0.2600  0.2240  0.2640  1
 92:   0.2550  0.2540  0.2380  0.2530  1
 93:   0.2390  0.2520  0.2440  0.2650  1
 94:   0.2590  0.2540  0.2200  0.2670  1
 95:   0.2653  0.2553  0.2262  0.2533  1
 96:   0.2350  0.2480  0.2760  0.2410  1
 97:   0.2290  0.2510  0.2660  0.2540  1
 98:   0.2350  0.2500  0.2690  0.2460  1
 99:   0.2420  0.2520  0.2550  0.2510  1
100:   0.2410  0.2620  0.2340  0.2630  1
101:   0.2543  0.2513  0.2382  0.2563  1
102:   0.2660  0.2570  0.2230  0.2540  1
103:   0.2462  0.2382  0.2923  0.2232  1
104:   0.2590  0.2560  0.2340  0.2510  1
105:   0.2627  0.2617  0.2058  0.2697  1
106:   0.2560  0.2440  0.2590  0.2410  1
107:   0.2350  0.2380  0.2770  0.2500  1
108:   0.2560  0.2600  0.2380  0.2460  1
109:   0.2290  0.2460  0.2850  0.2400  1
110:   0.2550  0.2520  0.2430  0.2500  1
111:   0.2430  0.2500  0.2480  0.2590  1
112:   0.2478  0.2537  0.2507  0.2478  1
113:   0.2220  0.2270  0.3280  0.2230  1
114:   0.2570  0.2500  0.2550  0.2380  1
115:   0.2330  0.2410  0.2810  0.2450  1
116:   0.2432  0.2452  0.2613  0.2503  1
117:   0.2660  0.2520  0.2350  0.2470  1
118:   0.2488  0.2537  0.2238  0.2737  1
119:   0.2537  0.2597  0.2228  0.2637  1
120:   0.2390  0.2520  0.2530  0.2560  1
121:   0.2450  0.2410  0.2870  0.2270  1
122:   0.2750  0.2470  0.2490  0.2290  1
123:   0.2400  0.2540  0.2370  0.2690  1
124:   0.2600  0.2450  0.2570  0.2380  1
125:   0.2670  0.2550  0.2230  0.2550  1
126:   0.2550  0.2520  0.2400  0.2530  1
127:   0.2470  0.2560  0.2420  0.2550  1
128:   0.2440  0.2400  0.2880  0.2280  1
129:   0.2530  0.2380  0.2810  0.2280  1
130:   0.2480  0.2480  0.2500  0.2540  1
131:   0.2690  0.2550  0.2220  0.2540  1
132:   0.2580  0.2550  0.2310  0.2560  1
133:   0.2610  0.2640  0.2140  0.2610  1
134:   0.2690  0.2500  0.2340  0.2470  1
135:   0.2540  0.2470  0.2460  0.2530  1
136:   0.2633  0.2513  0.2442  0.2412  1
137:   0.2422  0.2503  0.2503  0.2573  1
138:   0.2420  0.2370  0.2980  0.2230  1
139:   0.2700  0.2520  0.2320  0.2460  1
140:   0.2700  0.2500  0.2290  0.2510  1
141:   0.2450  0.2600  0.2410  0.2540  1
142:   0.2713  0.2573  0.2232  0.2482  1
143:   0.2350  0.2430  0.2820  0.2400  1
144:   0.2733  0.2482  0.2342  0.2442  1
145:   0.2472  0.2372  0.2783  0.2372  1
146:   0.2650  0.2550  0.2370  0.2430  1
147:   0.2440  0.2550  0.2450  0.2560  1
148:   0.2400  0.2390  0.2870  0.2340  1
149:   0.2570  0.2490  0.2530  0.2410  1
150:   0.2520  0.2460  0.2460  0.2560  1
151:   0.2452  0.2593  0.2392  0.2563  1
152:   0.2448  0.2627  0.2248  0.2677  1
153:   0.2563  0.2553  0.2332  0.2553  1
154:   0.2380  0.2410  0.2670  0.2540  1
155:   0.2400  0.2430  0.2730  0.2440  1
156:   0.2813  0.2563  0.2102  0.2523  1
157:   0.2570  0.2580  0.2150  0.2700  1
158:   0.2410  0.2600  0.2380  0.2610  1
159:   0.2547  0.2517  0.2378  0.2557  1
160:   0.2717  0.2488  0.2368  0.2428  1
161:   0.2350  0.2450  0.2810  0.2390  1
162:   0.1550  0.1600  0.5280  0.1570  1
163:   0.2820  0.2630  0.2010  0.2540  1
164:   0.2370  0.2480  0.2520  0.2630  1
165:   0.2610  0.2600  0.2150  0.2640  1
166:   0.2450  0.2500  0.2460  0.2590  1
167:   0.2270  0.2340  0.3140  0.2250  1
168:   0.2500  0.2530  0.2510  0.2460  1
169:   0.2657  0.2577  0.2238  0.2527  1
170:   0.2380  0.2440  0.2740  0.2440  1
171:   0.2810  0.2450  0.2350  0.2390  1
172:   0.2550  0.2520  0.2500  0.2430  1
173:   0.2740  0.2530  0.2250  0.2480  1
174:   0.2370  0.2400  0.2800  0.2430  1
175:   0.2432  0.2342  0.2943  0.2282  1
176:   0.2430  0.2560  0.2220  0.2790  1
177:   0.2697  0.2637  0.2028  0.2637  1
178:   0.2780  0.2540  0.2120  0.2560  1
179:   0.2380  0.2420  0.2640  0.2560  1
180:   0.2290  0.2520  0.2640  0.2550  1
181:   0.2577  0.2537  0.2248  0.2637  1
182:   0.2458  0.2507  0.2637  0.2398  1
183:   0.2438  0.2547  0.2388  0.2627  1
184:   0.2610  0.2510  0.2440  0.2440  1
185:   0.2640  0.2490  0.2400  0.2470  1
186:   0.2657  0.2507  0.2388  0.2448  1
187:   0.2590  0.2590  0.2220  0.2600  1
188:   0.2920  0.2460  0.2240  0.2380  1
189:   0.2450  0.2490  0.2480  0.2580  1
190:   0.2430  0.2500  0.2560  0.2510  1
191:   0.2543  0.2492  0.2523  0.2442  1
192:   0.2480  0.2520  0.2520  0.2480  1
193:   0.2302  0.2523  0.2523  0.2653  1
194:   0.2368  0.2448  0.2757  0.2428  1
195:   0.2490  0.2500  0.2580  0.2430  1
196:   0.2310  0.2350  0.3080  0.2260  1
197:   0.2332  0.2623  0.2282  0.2763  1
198:   0.2290  0.2470  0.2580  0.2660  1
199:   0.2420  0.2650  0.2230  0.2700  1
200:   0.2637  0.2627  0.2198  0.2537  1
201:   0.2332  0.2372  0.2923  0.2372  1
202:   0.2733  0.2492  0.2302  0.2472  1
203:   0.2570  0.2530  0.2460  0.2440  1
204:   0.2360  0.2570  0.2440  0.2630  1
205:   0.2248  0.2587  0.2557  0.2607  1
206:   0.2567  0.2627  0.2318  0.2488  1
207:   0.2350  0.2510  0.2500  0.2640  1
208:   0.2480  0.2600  0.2340  0.2580  1
209:   0.2460  0.2380  0.2810  0.2350  1
210:   0.2510  0.2570  0.2300  0.2620  1
211:   0.2687  0.2537  0.2288  0.2488  1
212:   0.2370  0.2460  0.2900  0.2270  1
213:   0.2452  0.2563  0.2352  0.2633  1
214:   0.2740  0.2500  0.2460  0.2300  1
215:   0.2670  0.2470  0.2450  0.2410  1
216:   0.2288  0.2388  0.2987  0.2338  1
217:   0.2673  0.2583  0.2122  0.2623  1
218:   0.2570  0.2530  0.2380  0.2520  1
219:   0.2192  0.2252  0.3283  0.2272  1
220:   0.2440  0.2470  0.2650  0.2440  1
221:   0.2450  0.2440  0.2630  0.2480  1
222:   0.2338  0.2547  0.2448  0.2667  1
223:   0.2660  0.2580  0.2160  0.2600  1
224:   0.2590  0.2550  0.2340  0.2520  1
225:   0.2320  0.2470  0.2680  0.2530  1
226:   0.2198  0.2368  0.3117  0.2318  1
227:   0.2540  0.2550  0.2440  0.2470  1
228:   0.2520  0.2590  0.2270  0.2620  1
229:   0.2440  0.2630  0.2160  0.2770  1
230:   0.2527  0.2418  0.2667  0.2388  1
231:   0.2410  0.2420  0.2800  0.2370  1
232:   0.2780  0.2520  0.2200  0.2500  1
233:   0.2312  0.2503  0.2643  0.2543  1
234:   0.2580  0.2610  0.2170  0.2640  1
235:   0.2360  0.2580  0.2150  0.2910  1
236:   0.2180  0.2440  0.2980  0.2400  1
237:   0.2500  0.2630  0.2060  0.2810  1
238:   0.2650  0.2530  0.2200  0.2620  1
239:   0.2498  0.2587  0.2158  0.2757  1
240:   0.2298  0.2358  0.3067  0.2278  1
241:   0.2350  0.2440  0.2800  0.2410  1
242:   0.2490  0.2620  0.2090  0.2800  1
243:   0.2530  0.2720  0.2090  0.2660  1
244:   0.2560  0.2530  0.2390  0.2520  1
245:   0.2600  0.2450  0.2570  0.2380  1
246:   0.2370  0.2400  0.2750  0.2480  1
247:   0.2340  0.2390  0.2830  0.2440  1
248:   0.2460  0.2470  0.2490  0.2580  1
249:   0.2480  0.2480  0.2690  0.2350  1
250:   0.2540  0.2360  0.2810  0.2290  1
251:   0.2430  0.2470  0.2620  0.2480  1
252:   0.2597  0.2517  0.2488  0.2398  1
253:   0.2660  0.2560  0.2290  0.2490  1
254:   0.2650  0.2510  0.2350  0.2490  1
255:   0.2560  0.2430  0.2710  0.2300  1
256:   0.2340  0.2400  0.2870  0.2390  1
257:   0.2710  0.2520  0.2350  0.2420  1
258:   0.2520  0.2350  0.2840  0.2290  1
259:   0.2482  0.2543  0.2392  0.2583  1
260:   0.2350  0.2450  0.2650  0.2550  1
261:   0.2308  0.2478  0.2547  0.2667  1
262:   0.2900  0.2450  0.2330  0.2320  1
263:   0.2580  0.2560  0.2300  0.2560  1
264:   0.2510  0.2530  0.2310  0.2650  1
265:   0.2470  0.2550  0.2450  0.2530  1
266:   0.2490  0.2480  0.2540  0.2490  1
267:   0.2450  0.2570  0.2410  0.2570  1
268:   0.2410  0.2380  0.2890  0.2320  1
269:   0.2202  0.2432  0.3053  0.2312  1
270:   0.2358  0.2507  0.2597  0.2537  1
271:   0.2530  0.2500  0.2580  0.2390  1
272:   0.2150  0.2330  0.3210  0.2310  1
273:   0.2960  0.2550  0.2040  0.2450  1
274:   0.2470  0.2600  0.2100  0.2830  1
275:   0.2667  0.2567  0.2208  0.2557  1
276:   0.2657  0.2587  0.2148  0.2607  1
277:   0.2700  0.2650  0.2130  0.2520  1
278:   0.2640  0.2590  0.2090  0.2680  1
279:   0.2560  0.2530  0.2330  0.2580  1
280:   0.2440  0.2320  0.2890  0.2350  1
281:   0.2510  0.2640  0.2200  0.2650  1
282:   0.2458  0.2438  0.2637  0.2468  1
283:   0.2760  0.2550  0.2140  0.2550  1
284:   0.2690  0.2500  0.2440  0.2370  1
285:   0.2230  0.2340  0.3200  0.2230  1
286:   0.2390  0.2570  0.2380  0.2660  1
287:   0.2248  0.2468  0.2747  0.2537  1
288:   0.2242  0.2392  0.2883  0.2482  1
289:   0.2630  0.2450  0.2530  0.2390  1
290:   0.2853  0.2492  0.2212  0.2442  1
291:   0.2757  0.2617  0.2108  0.2517  1
292:   0.2470  0.2550  0.2340  0.2640  1
293:   0.2240  0.2450  0.2840  0.2470  1
294:   0.2627  0.2617  0.2168  0.2587  1
295:   0.2490  0.2480  0.2620  0.2410  1
296:   0.2370  0.2440  0.2800  0.2390  1
297:   0.2398  0.2398  0.2897  0.2308  1
298:   0.2180  0.2300  0.3260  0.2260  1
299:   0.2790  0.2590  0.2110  0.2510  1
300:   0.2710  0.2560  0.2170  0.2560  1

  1:   0.2627  0.2587  0.2178  0.2607  1
  2:   0.2660  0.2660  0.2040  0.2640  1
  3:   0.2490  0.2460  0.2490  0.2560  1
  4:   0.2248  0.2388  0.3087  0.2278  1
  5:   0.2590  0.2510  0.2370  0.2530  1
  6:   0.2490  0.2620  0.2320  0.2570  1
  7:   0.2510  0.2560  0.2420  0.2510  1
  8:   0.2560  0.2570  0.2330  0.2540  1
  9:   0.2300  0.2280  0.3080  0.2340  1
 10:   0.2470  0.2420  0.2710  0.2400  1
 11:   0.2660  0.2600  0.2090  0.2650  1
 12:   0.2330  0.2280  0.3070  0.2320  1
 13:   0.2210  0.2210  0.3330  0.2250  1
 14:   0.2250  0.2430  0.2950  0.2370  1
 15:   0.2550  0.2450  0.2480  0.2520  1
 16:   0.2480  0.2510  0.2530  0.2480  1
 17:   0.2440  0.2480  0.2710  0.2370  1
 18:   0.2462  0.2543  0.2442  0.2553  1
 19:   0.2510  0.2520  0.2480  0.2490  1
 20:   0.2430  0.2490  0.2590  0.2490  1
 21:   0.2660  0.2550  0.2170  0.2620  1
 22:   0.2402  0.2452  0.2723  0.2422  1
 23:   0.2610  0.2630  0.2210  0.2550  1
 24:   0.2460  0.2570  0.2520  0.2450  1
 25:   0.2480  0.2520  0.2510  0.2490  1
 26:   0.2530  0.2470  0.2520  0.2480  1
 27:   0.2430  0.2460  0.2680  0.2430  1
 28:   0.2570  0.2510  0.2460  0.2460  1
 29:   0.2500  0.2490  0.2480  0.2530  1
 30:   0.2520  0.2410  0.2610  0.2460  1
 31:   0.2680  0.2630  0.2040  0.2650  1
 32:   0.2490  0.2500  0.2490  0.2520  1
 33:   0.2360  0.2480  0.2660  0.2500  1
 34:   0.2490  0.2510  0.2480  0.2520  1
 35:   0.2280  0.2410  0.2960  0.2350  1
 36:   0.2580  0.2590  0.2220  0.2610  1
 37:   0.2750  0.2600  0.1990  0.2660  1
 38:   0.2520  0.2480  0.2530  0.2470  1
 39:   0.2440  0.2430  0.2620  0.2510  1
 40:   0.2523  0.2623  0.2272  0.2583  1
 41:   0.2517  0.2567  0.2388  0.2527  1
 42:   0.2330  0.2370  0.2940  0.2360  1
 43:   0.2440  0.2420  0.2750  0.2390  1
 44:   0.2580  0.2510  0.2320  0.2590  1
 45:   0.2560  0.2560  0.2300  0.2580  1
 46:   0.2450  0.2420  0.2690  0.2440  1
 47:   0.2680  0.2620  0.2070  0.2630  1
 48:   0.2557  0.2488  0.2378  0.2577  1
 49:   0.2338  0.2408  0.2837  0.2418  1
 50:   0.2673  0.2553  0.2122  0.2653  1
 51:   0.2210  0.2240  0.3340  0.2210  1
 52:   0.2510  0.2550  0.2410  0.2530  1
 53:   0.2500  0.2610  0.2450  0.2440  1
 54:   0.2610  0.2580  0.2250  0.2560  1
 55:   0.2470  0.2520  0.2520  0.2490  1
 56:   0.2523  0.2553  0.2402  0.2523  1
 57:   0.2620  0.2610  0.2160  0.2610  1
 58:   0.2430  0.2590  0.2460  0.2520  1
 59:   0.2593  0.2533  0.2272  0.2603  1
 60:   0.2640  0.2560  0.2210  0.2590  1
 61:   0.2480  0.2450  0.2680  0.2390  1
 62:   0.2510  0.2480  0.2560  0.2450  1
 63:   0.2540  0.2450  0.2500  0.2510  1
 64:   0.2680  0.2580  0.1990  0.2750  1
 65:   0.2537  0.2488  0.2498  0.2478  1
 66:   0.2527  0.2517  0.2488  0.2468  1
 67:   0.2420  0.2390  0.2730  0.2460  1
 68:   0.2507  0.2488  0.2418  0.2587  1
 69:   0.2520  0.2440  0.2590  0.2450  1
 70:   0.2550  0.2530  0.2360  0.2560  1
 71:   0.2603  0.2563  0.2222  0.2613  1
 72:   0.2450  0.2410  0.2670  0.2470  1
 73:   0.2600  0.2570  0.2240  0.2590  1
 74:   0.2550  0.2540  0.2340  0.2570  1
 75:   0.2442  0.2503  0.2503  0.2553  1
