  1:   0.2625  0.2509  0.2180  0.2685  1
  2:   0.2771  0.2528  0.2056  0.2645  1
  3:   0.2472  0.2440  0.2489  0.2599  1
  4:   0.2235  0.2461  0.3117  0.2187  1
  5:   0.2537  0.2545  0.2366  0.2553  1
  6:   0.2547  0.2557  0.2341  0.2555  1
  7:   0.2586  0.2538  0.2428  0.2448  1
  8:   0.2693  0.2521  0.2312  0.2474  1
  9:   0.2233  0.2426  0.3040  0.2301  1
 10:   0.2340  0.2527  0.2697  0.2436  1
 11:   0.2583  0.2503  0.2092  0.2823  1
 12:   0.2356  0.2376  0.3013  0.2254  1
 13:   0.2128  0.2340  0.3291  0.2242  1
 14:   0.2287  0.2497  0.2919  0.2297  1
 15:   0.2561  0.2417  0.2445  0.2577  1
 16:   0.2492  0.2474  0.2518  0.2516  1
 17:   0.2370  0.2526  0.2742  0.2362  1
 18:   0.2429  0.2522  0.2482  0.2567  1
 19:   0.2434  0.2566  0.2498  0.2502  1
 20:   0.2418  0.2504  0.2614  0.2464  1
 21:   0.2609  0.2549  0.2192  0.2649  1
 22:   0.2402  0.2484  0.2717  0.2396  1
 23:   0.2599  0.2590  0.2248  0.2563  1
 24:   0.2495  0.2553  0.2539  0.2412  1
 25:   0.2490  0.2542  0.2498  0.2470  1
 26:   0.2545  0.2505  0.2515  0.2435  1
 27:   0.2430  0.2499  0.2655  0.2416  1
 28:   0.2566  0.2534  0.2484  0.2416  1
 29:   0.2491  0.2476  0.2450  0.2583  1
 30:   0.2492  0.2446  0.2577  0.2486  1
 31:   0.2867  0.2505  0.2046  0.2582  1
 32:   0.2404  0.2579  0.2492  0.2526  1
 33:   0.2505  0.2438  0.2595  0.2462  1
 34:   0.2505  0.2517  0.2488  0.2490  1
 35:   0.2316  0.2454  0.2943  0.2286  1
 36:   0.2589  0.2539  0.2230  0.2641  1
 37:   0.2917  0.2497  0.1984  0.2602  1
 38:   0.2549  0.2499  0.2533  0.2419  1
 39:   0.2488  0.2429  0.2607  0.2476  1
 40:   0.2489  0.2579  0.2314  0.2619  1
 41:   0.2525  0.2563  0.2417  0.2495  1
 42:   0.2246  0.2454  0.2925  0.2376  1
 43:   0.2360  0.2507  0.2739  0.2394  1
 44:   0.2530  0.2514  0.2278  0.2678  1
 45:   0.2475  0.2528  0.2310  0.2687  1
 46:   0.2467  0.2470  0.2665  0.2398  1
 47:   0.2735  0.2541  0.2096  0.2627  1
 48:   0.2577  0.2462  0.2366  0.2595  1
 49:   0.2335  0.2493  0.2791  0.2381  1
 50:   0.2569  0.2519  0.2124  0.2789  1
 51:   0.2233  0.2349  0.3259  0.2159  1
 52:   0.2474  0.2523  0.2440  0.2563  1
 53:   0.2512  0.2582  0.2492  0.2414  1
 54:   0.2637  0.2555  0.2249  0.2559  1
 55:   0.2557  0.2496  0.2517  0.2430  1
 56:   0.2531  0.2567  0.2418  0.2485  1
 57:   0.2617  0.2547  0.2192  0.2645  1
 58:   0.2490  0.2551  0.2473  0.2486  1
 59:   0.2609  0.2515  0.2268  0.2609  1
 60:   0.2585  0.2532  0.2194  0.2689  1
 61:   0.2454  0.2472  0.2696  0.2378  1
 62:   0.2512  0.2488  0.2552  0.2448  1
 63:   0.2592  0.2486  0.2480  0.2442  1
 64:   0.2600  0.2520  0.1996  0.2884  1
 65:   0.2546  0.2461  0.2465  0.2528  1
 66:   0.2594  0.2500  0.2478  0.2428  1
 67:   0.2390  0.2504  0.2701  0.2406  1
 68:   0.2501  0.2465  0.2397  0.2638  1
 69:   0.2591  0.2469  0.2563  0.2378  1
 70:   0.2571  0.2464  0.2368  0.2597  1
 71:   0.2623  0.2509  0.2231  0.2637  1
 72:   0.2422  0.2444  0.2649  0.2484  1
 73:   0.2564  0.2527  0.2270  0.2639  1
 74:   0.2605  0.2455  0.2341  0.2599  1
 75:   0.2383  0.2515  0.2497  0.2605  1
 76:   0.2600  0.2540  0.2186  0.2674  1
 77:   0.2651  0.2507  0.2373  0.2469  1
 78:   0.2673  0.2523  0.2128  0.2677  1
 79:   0.2400  0.2498  0.2553  0.2549  1
 80:   0.2219  0.2429  0.3147  0.2205  1
 81:   0.2508  0.2569  0.2306  0.2617  1
 82:   0.2725  0.2557  0.2069  0.2649  1
 83:   0.2512  0.2546  0.2250  0.2692  1
 84:   0.2388  0.2594  0.2616  0.2402  1
 85:   0.2718  0.2510  0.2150  0.2622  1
 86:   0.2477  0.2517  0.2370  0.2635  1
 87:   0.2472  0.2515  0.2338  0.2675  1
 88:   0.2420  0.2526  0.2689  0.2364  1
 89:   0.2377  0.2429  0.2699  0.2495  1
 90:   0.2450  0.2526  0.2617  0.2406  1
 91:   0.2580  0.2516  0.2230  0.2674  1
 92:   0.2568  0.2500  0.2382  0.2550  1
 93:   0.2464  0.2513  0.2420  0.2603  1
 94:   0.2592  0.2492  0.2208  0.2708  1
 95:   0.2659  0.2509  0.2262  0.2569  1
 96:   0.2362  0.2470  0.2767  0.2400  1
 97:   0.2350  0.2513  0.2665  0.2472  1
 98:   0.2390  0.2531  0.2693  0.2386  1
 99:   0.2431  0.2538  0.2554  0.2477  1
100:   0.2495  0.2569  0.2381  0.2555  1
101:   0.2529  0.2535  0.2373  0.2563  1
102:   0.2654  0.2546  0.2220  0.2580  1
103:   0.2438  0.2390  0.2921  0.2250  1
104:   0.2594  0.2524  0.2356  0.2526  1
105:   0.2717  0.2505  0.2038  0.2739  1
106:   0.2521  0.2472  0.2564  0.2442  1
107:   0.2362  0.2424  0.2729  0.2486  1
108:   0.2538  0.2568  0.2440  0.2454  1
109:   0.2342  0.2484  0.2849  0.2326  1
110:   0.2550  0.2489  0.2421  0.2540  1
111:   0.2524  0.2466  0.2446  0.2564  1
112:   0.2474  0.2533  0.2547  0.2446  1
113:   0.2247  0.2335  0.3201  0.2217  1
114:   0.2562  0.2476  0.2522  0.2440  1
115:   0.2360  0.2436  0.2798  0.2406  1
116:   0.2449  0.2507  0.2589  0.2455  1
117:   0.2659  0.2510  0.2334  0.2496  1
118:   0.2587  0.2478  0.2208  0.2727  1
119:   0.2577  0.2575  0.2224  0.2623  1
120:   0.2414  0.2544  0.2540  0.2501  1
121:   0.2400  0.2468  0.2849  0.2282  1
122:   0.2623  0.2509  0.2485  0.2384  1
123:   0.2462  0.2516  0.2362  0.2660  1
124:   0.2544  0.2446  0.2539  0.2470  1
125:   0.2654  0.2538  0.2220  0.2588  1
126:   0.2522  0.2536  0.2396  0.2546  1
127:   0.2520  0.2524  0.2450  0.2506  1
128:   0.2390  0.2476  0.2879  0.2256  1
129:   0.2463  0.2435  0.2787  0.2315  1
130:   0.2462  0.2504  0.2476  0.2558  1
131:   0.2677  0.2523  0.2203  0.2597  1
132:   0.2605  0.2514  0.2314  0.2567  1
133:   0.2598  0.2554  0.2168  0.2680  1
134:   0.2618  0.2510  0.2354  0.2518  1
135:   0.2571  0.2481  0.2448  0.2501  1
136:   0.2566  0.2518  0.2476  0.2440  1
137:   0.2422  0.2497  0.2495  0.2587  1
138:   0.2352  0.2424  0.2983  0.2242  1
139:   0.2655  0.2509  0.2336  0.2500  1
140:   0.2635  0.2502  0.2300  0.2563  1
141:   0.2452  0.2570  0.2452  0.2526  1
142:   0.2688  0.2534  0.2236  0.2542  1
143:   0.2306  0.2514  0.2808  0.2372  1
144:   0.2680  0.2462  0.2320  0.2538  1
145:   0.2408  0.2458  0.2741  0.2392  1
146:   0.2551  0.2587  0.2419  0.2443  1
147:   0.2503  0.2543  0.2447  0.2507  1
148:   0.2402  0.2424  0.2854  0.2320  1
149:   0.2511  0.2535  0.2545  0.2408  1
150:   0.2502  0.2484  0.2440  0.2574  1
151:   0.2471  0.2524  0.2425  0.2580  1
152:   0.2545  0.2560  0.2264  0.2631  1
153:   0.2561  0.2535  0.2355  0.2549  1
154:   0.2400  0.2447  0.2647  0.2506  1
155:   0.2402  0.2476  0.2726  0.2396  1
156:   0.2778  0.2500  0.2100  0.2622  1
157:   0.2609  0.2514  0.2138  0.2739  1
158:   0.2489  0.2516  0.2378  0.2617  1
159:   0.2529  0.2532  0.2378  0.2561  1
160:   0.2632  0.2512  0.2370  0.2486  1
161:   0.2326  0.2524  0.2822  0.2328  1
162:   0.1548  0.1924  0.4998  0.1530  1
163:   0.2828  0.2528  0.2012  0.2632  1
164:   0.2462  0.2507  0.2494  0.2537  1
165:   0.2650  0.2515  0.2164  0.2671  1
166:   0.2482  0.2488  0.2462  0.2568  1
167:   0.2256  0.2432  0.3082  0.2230  1
168:   0.2458  0.2566  0.2590  0.2386  1
169:   0.2613  0.2559  0.2237  0.2591  1
170:   0.2400  0.2495  0.2701  0.2404  1
171:   0.2682  0.2436  0.2344  0.2538  1
172:   0.2529  0.2515  0.2462  0.2493  1
173:   0.2648  0.2542  0.2288  0.2522  1
174:   0.2330  0.2492  0.2774  0.2404  1
175:   0.2363  0.2415  0.2909  0.2313  1
176:   0.2507  0.2486  0.2196  0.2811  1
177:   0.2753  0.2515  0.2026  0.2705  1
178:   0.2761  0.2500  0.2118  0.2621  1
179:   0.2398  0.2478  0.2588  0.2536  1
180:   0.2366  0.2493  0.2679  0.2462  1
181:   0.2557  0.2533  0.2269  0.2641  1
182:   0.2452  0.2520  0.2650  0.2378  1
183:   0.2477  0.2529  0.2381  0.2613  1
184:   0.2614  0.2520  0.2468  0.2398  1
185:   0.2598  0.2487  0.2372  0.2543  1
186:   0.2627  0.2484  0.2404  0.2485  1
187:   0.2579  0.2535  0.2233  0.2653  1
188:   0.2805  0.2448  0.2232  0.2515  1
189:   0.2453  0.2509  0.2477  0.2561  1
190:   0.2454  0.2537  0.2543  0.2466  1
191:   0.2500  0.2521  0.2565  0.2414  1
192:   0.2472  0.2523  0.2528  0.2478  1
193:   0.2350  0.2492  0.2531  0.2627  1
194:   0.2388  0.2462  0.2727  0.2424  1
195:   0.2420  0.2609  0.2571  0.2400  1
196:   0.2266  0.2452  0.3067  0.2216  1
197:   0.2455  0.2550  0.2345  0.2650  1
198:   0.2380  0.2468  0.2535  0.2617  1
199:   0.2506  0.2592  0.2260  0.2642  1
200:   0.2616  0.2564  0.2208  0.2612  1
201:   0.2352  0.2429  0.2877  0.2342  1
202:   0.2656  0.2478  0.2282  0.2584  1
203:   0.2530  0.2540  0.2441  0.2488  1
204:   0.2447  0.2547  0.2425  0.2581  1
205:   0.2351  0.2523  0.2585  0.2541  1
206:   0.2573  0.2582  0.2393  0.2452  1
207:   0.2422  0.2482  0.2496  0.2600  1
208:   0.2544  0.2550  0.2346  0.2560  1
209:   0.2468  0.2428  0.2772  0.2332  1
210:   0.2533  0.2531  0.2294  0.2641  1
211:   0.2648  0.2508  0.2268  0.2576  1
212:   0.2336  0.2520  0.2900  0.2244  1
213:   0.2500  0.2529  0.2348  0.2623  1
214:   0.2669  0.2464  0.2466  0.2400  1
215:   0.2579  0.2486  0.2438  0.2497  1
216:   0.2288  0.2458  0.2973  0.2282  1
217:   0.2649  0.2519  0.2135  0.2697  1
218:   0.2563  0.2525  0.2390  0.2521  1
219:   0.2224  0.2331  0.3223  0.2222  1
220:   0.2424  0.2526  0.2614  0.2436  1
221:   0.2450  0.2490  0.2641  0.2420  1
222:   0.2420  0.2523  0.2462  0.2595  1
223:   0.2659  0.2541  0.2194  0.2607  1
224:   0.2602  0.2490  0.2360  0.2548  1
225:   0.2370  0.2508  0.2680  0.2442  1
226:   0.2212  0.2422  0.3076  0.2290  1
227:   0.2535  0.2500  0.2478  0.2487  1
228:   0.2529  0.2542  0.2252  0.2677  1
229:   0.2545  0.2553  0.2207  0.2695  1
230:   0.2469  0.2466  0.2661  0.2404  1
231:   0.2393  0.2459  0.2761  0.2387  1
232:   0.2692  0.2520  0.2200  0.2588  1
233:   0.2349  0.2563  0.2639  0.2449  1
234:   0.2646  0.2518  0.2188  0.2648  1
235:   0.2526  0.2494  0.2136  0.2844  1
236:   0.2218  0.2479  0.2979  0.2324  1
237:   0.2595  0.2560  0.2042  0.2803  1
238:   0.2681  0.2457  0.2174  0.2689  1
239:   0.2586  0.2516  0.2148  0.2750  1
240:   0.2292  0.2436  0.3037  0.2236  1
241:   0.2360  0.2482  0.2812  0.2346  1
242:   0.2577  0.2543  0.2083  0.2797  1
243:   0.2597  0.2583  0.2107  0.2713  1
244:   0.2542  0.2546  0.2394  0.2518  1
245:   0.2510  0.2456  0.2604  0.2430  1
246:   0.2359  0.2459  0.2711  0.2471  1
247:   0.2351  0.2425  0.2819  0.2405  1
248:   0.2462  0.2452  0.2496  0.2589  1
249:   0.2488  0.2484  0.2681  0.2348  1
250:   0.2466  0.2424  0.2795  0.2314  1
251:   0.2432  0.2478  0.2617  0.2472  1
252:   0.2541  0.2513  0.2495  0.2451  1
253:   0.2671  0.2541  0.2310  0.2478  1
254:   0.2588  0.2546  0.2390  0.2476  1
255:   0.2482  0.2464  0.2713  0.2340  1
256:   0.2326  0.2462  0.2880  0.2332  1
257:   0.2682  0.2516  0.2356  0.2446  1
258:   0.2422  0.2434  0.2849  0.2296  1
259:   0.2500  0.2523  0.2386  0.2591  1
260:   0.2378  0.2468  0.2664  0.2490  1
261:   0.2370  0.2498  0.2513  0.2619  1
262:   0.2760  0.2444  0.2312  0.2484  1
263:   0.2593  0.2501  0.2284  0.2621  1
264:   0.2578  0.2448  0.2294  0.2680  1
265:   0.2454  0.2553  0.2450  0.2544  1
266:   0.2468  0.2487  0.2539  0.2506  1
267:   0.2514  0.2537  0.2414  0.2535  1
268:   0.2335  0.2439  0.2895  0.2331  1
269:   0.2218  0.2468  0.3080  0.2234  1
270:   0.2420  0.2484  0.2618  0.2478  1
271:   0.2470  0.2529  0.2591  0.2410  1
272:   0.2163  0.2403  0.3203  0.2231  1
273:   0.2844  0.2506  0.2024  0.2626  1
274:   0.2583  0.2532  0.2054  0.2831  1
275:   0.2624  0.2526  0.2248  0.2602  1
276:   0.2682  0.2542  0.2172  0.2604  1
277:   0.2715  0.2555  0.2153  0.2577  1
278:   0.2686  0.2550  0.2068  0.2696  1
279:   0.2541  0.2478  0.2334  0.2647  1
280:   0.2350  0.2394  0.2835  0.2422  1
281:   0.2572  0.2558  0.2236  0.2634  1
282:   0.2449  0.2447  0.2624  0.2481  1
283:   0.2713  0.2529  0.2138  0.2619  1
284:   0.2593  0.2543  0.2480  0.2384  1
285:   0.2184  0.2429  0.3205  0.2182  1
286:   0.2469  0.2537  0.2382  0.2613  1
287:   0.2289  0.2491  0.2771  0.2449  1
288:   0.2260  0.2458  0.2861  0.2420  1
289:   0.2561  0.2474  0.2551  0.2414  1
290:   0.2751  0.2503  0.2213  0.2533  1
291:   0.2737  0.2559  0.2119  0.2585  1
292:   0.2535  0.2509  0.2348  0.2609  1
293:   0.2276  0.2458  0.2882  0.2384  1
294:   0.2658  0.2534  0.2198  0.2610  1
295:   0.2487  0.2508  0.2601  0.2404  1
296:   0.2372  0.2482  0.2802  0.2344  1
297:   0.2351  0.2433  0.2927  0.2289  1
298:   0.2196  0.2398  0.3210  0.2196  1
299:   0.2775  0.2515  0.2128  0.2583  1
300:   0.2712  0.2502  0.2164  0.2622  1
