           1  1 0.1112 0.1097 0.1088 0.1105 0.1086 0.1131 0.1108 0.1143 0.1131 
           2  1 0.1120 0.1106 0.1123 0.1126 0.1112 0.1104 0.1112 0.1097 0.1101 
           3  1 0.1125 0.1101 0.1061 0.1102 0.1083 0.1147 0.1130 0.1131 0.1120 
           4  1 0.1118 0.1091 0.1080 0.1076 0.1098 0.1149 0.1146 0.1092 0.1149 
           5  1 0.1108 0.1163 0.1118 0.1127 0.1109 0.1097 0.1100 0.1079 0.1099 
           6  1 0.1117 0.1135 0.1102 0.1112 0.1098 0.1111 0.1106 0.1099 0.1119 
           7  1 0.1093 0.1099 0.1118 0.1106 0.1115 0.1127 0.1114 0.1116 0.1112 
           8  1 0.1100 0.1088 0.1098 0.1107 0.1107 0.1128 0.1125 0.1112 0.1135 
           9  1 0.1106 0.1088 0.1112 0.1118 0.1109 0.1116 0.1118 0.1106 0.1128 
          10  1 0.1124 0.1105 0.1087 0.1089 0.1115 0.1137 0.1122 0.1099 0.1123 
          11  1 0.1116 0.1085 0.1096 0.1117 0.1114 0.1119 0.1121 0.1121 0.1110 
          12  1 0.1111 0.1086 0.1121 0.1113 0.1108 0.1116 0.1121 0.1111 0.1113 
          13  1 0.1099 0.1096 0.1095 0.1103 0.1092 0.1133 0.1134 0.1106 0.1143 
          14  1 0.1098 0.1121 0.1144 0.1103 0.1132 0.1093 0.1100 0.1117 0.1093 
          15  1 0.1123 0.1145 0.1101 0.1105 0.1094 0.1124 0.1114 0.1084 0.1110 
          16  1 0.1109 0.1146 0.1097 0.1121 0.1114 0.1115 0.1101 0.1087 0.1110 
          17  1 0.1088 0.1120 0.1101 0.1111 0.1119 0.1110 0.1123 0.1110 0.1116 
          18  1 0.1092 0.1099 0.1133 0.1121 0.1089 0.1097 0.1106 0.1151 0.1112 
          19  1 0.1121 0.1088 0.1121 0.1121 0.1114 0.1109 0.1116 0.1102 0.1107 
          20  1 0.1110 0.1158 0.1108 0.1128 0.1113 0.1093 0.1090 0.1097 0.1102 
          21  1 0.1115 0.1107 0.1107 0.1103 0.1108 0.1108 0.1111 0.1116 0.1125 
