           1  1 0.3355 0.3287 0.3358 
           2  1 0.3314 0.3339 0.3347 
           3  1 0.3344 0.3280 0.3376 
           4  1 0.3355 0.3281 0.3365 
           5  1 0.3318 0.3360 0.3322 
           6  1 0.3342 0.3331 0.3326 
           7  1 0.3347 0.3319 0.3334 
           8  1 0.3352 0.3327 0.3321 
           9  1 0.3321 0.3328 0.3351 
          10  1 0.3351 0.3305 0.3344 
          11  1 0.3351 0.3308 0.3341 
          12  1 0.3326 0.3337 0.3337 
          13  1 0.3334 0.3328 0.3337 
          14  1 0.3320 0.3352 0.3329 
          15  1 0.3351 0.3306 0.3343 
          16  1 0.3341 0.3315 0.3344 
          17  1 0.3313 0.3336 0.3352 
          18  1 0.3338 0.3307 0.3355 
          19  1 0.3321 0.3345 0.3334 
          20  1 0.3324 0.3342 0.3334 
          21  1 0.3339 0.3299 0.3362 
