           1  1 0.3355 0.3413 0.3232 
           2  1 0.3348 0.3316 0.3336 
           3  1 0.3410 0.3419 0.3171 
           4  1 0.3401 0.3431 0.3168 
           5  1 0.3320 0.3284 0.3395 
           6  1 0.3365 0.3326 0.3310 
           7  1 0.3395 0.3281 0.3324 
           8  1 0.3384 0.3372 0.3244 
           9  1 0.3332 0.3322 0.3346 
          10  1 0.3366 0.3386 0.3248 
          11  1 0.3342 0.3389 0.3268 
          12  1 0.3361 0.3341 0.3298 
          13  1 0.3371 0.3407 0.3222 
          14  1 0.3344 0.3305 0.3351 
          15  1 0.3323 0.3445 0.3231 
          16  1 0.3315 0.3319 0.3366 
          17  1 0.3335 0.3329 0.3336 
          18  1 0.3317 0.3331 0.3352 
          19  1 0.3377 0.3317 0.3306 
          20  1 0.3288 0.3283 0.3428 
          21  1 0.3380 0.3321 0.3299 
