           1  1 0.1912 0.2058 0.2071 0.2069 0.1890 
           2  1 0.1985 0.2003 0.2022 0.1980 0.2010 
           3  1 0.1880 0.2110 0.2042 0.2104 0.1863 
           4  1 0.1895 0.2060 0.2124 0.2046 0.1875 
           5  1 0.2082 0.1962 0.1923 0.1947 0.2086 
           6  1 0.1949 0.2021 0.2040 0.2023 0.1966 
           7  1 0.2016 0.2013 0.2018 0.2031 0.1921 
           8  1 0.1957 0.2030 0.2075 0.2031 0.1908 
           9  1 0.2078 0.2002 0.1958 0.1973 0.1988 
          10  1 0.1966 0.2038 0.2021 0.2034 0.1940 
          11  1 0.1948 0.1998 0.2024 0.2050 0.1980 
          12  1 0.1958 0.2000 0.2052 0.2005 0.1985 
          13  1 0.1903 0.2041 0.2082 0.2064 0.1909 
          14  1 0.2074 0.2012 0.1959 0.1959 0.1995 
          15  1 0.1918 0.2008 0.2077 0.2060 0.1935 
          16  1 0.2034 0.2026 0.2011 0.1989 0.1940 
          17  1 0.1974 0.1982 0.1987 0.2026 0.2031 
          18  1 0.2011 0.2006 0.1992 0.2007 0.1984 
          19  1 0.1991 0.2027 0.2023 0.1993 0.1966 
          20  1 0.2020 0.1923 0.1958 0.1991 0.2108 
          21  1 0.1960 0.2060 0.2024 0.2020 0.1936 
