           1  1 0.1441 0.1434 0.1395 0.1451 0.1458 0.1419 0.1402 
           2  1 0.1454 0.1455 0.1451 0.1412 0.1424 0.1415 0.1388 
           3  1 0.1477 0.1485 0.1425 0.1512 0.1388 0.1339 0.1372 
           4  1 0.1453 0.1498 0.1415 0.1492 0.1425 0.1368 0.1349 
           5  1 0.1430 0.1393 0.1408 0.1377 0.1434 0.1428 0.1530 
           6  1 0.1456 0.1440 0.1405 0.1415 0.1438 0.1410 0.1435 
           7  1 0.1374 0.1428 0.1389 0.1404 0.1477 0.1446 0.1483 
           8  1 0.1470 0.1471 0.1403 0.1507 0.1405 0.1361 0.1383 
           9  1 0.1460 0.1443 0.1465 0.1424 0.1404 0.1392 0.1412 
          10  1 0.1440 0.1438 0.1415 0.1485 0.1469 0.1390 0.1364 
          11  1 0.1407 0.1531 0.1479 0.1436 0.1430 0.1379 0.1337 
          12  1 0.1423 0.1427 0.1418 0.1476 0.1426 0.1421 0.1409 
          13  1 0.1420 0.1455 0.1393 0.1475 0.1440 0.1433 0.1384 
          14  1 0.1435 0.1359 0.1394 0.1377 0.1427 0.1465 0.1542 
          15  1 0.1433 0.1464 0.1401 0.1448 0.1444 0.1412 0.1398 
          16  1 0.1424 0.1416 0.1428 0.1426 0.1417 0.1402 0.1486 
          17  1 0.1430 0.1434 0.1449 0.1453 0.1418 0.1399 0.1417 
          18  1 0.1381 0.1435 0.1347 0.1391 0.1398 0.1497 0.1551 
          19  1 0.1468 0.1436 0.1430 0.1490 0.1377 0.1408 0.1391 
          20  1 0.1413 0.1363 0.1458 0.1375 0.1438 0.1453 0.1499 
          21  1 0.1456 0.1469 0.1429 0.1461 0.1439 0.1354 0.1392 
