           1  1 0.2592 0.2413 0.2508 0.2487 
           2  1 0.2490 0.2490 0.2537 0.2483 
           3  1 0.2616 0.2405 0.2522 0.2457 
           4  1 0.2646 0.2375 0.2547 0.2432 
           5  1 0.2422 0.2572 0.2452 0.2554 
           6  1 0.2518 0.2483 0.2499 0.2500 
           7  1 0.2491 0.2523 0.2506 0.2480 
           8  1 0.2597 0.2418 0.2537 0.2448 
           9  1 0.2508 0.2519 0.2482 0.2490 
          10  1 0.2598 0.2415 0.2541 0.2447 
          11  1 0.2631 0.2413 0.2510 0.2446 
          12  1 0.2531 0.2432 0.2540 0.2498 
          13  1 0.2582 0.2444 0.2493 0.2481 
          14  1 0.2420 0.2512 0.2484 0.2584 
          15  1 0.2586 0.2505 0.2472 0.2437 
          16  1 0.2522 0.2478 0.2508 0.2492 
          17  1 0.2535 0.2483 0.2454 0.2528 
          18  1 0.2486 0.2535 0.2500 0.2480 
          19  1 0.2497 0.2470 0.2523 0.2509 
          20  1 0.2454 0.2529 0.2432 0.2585 
          21  1 0.2508 0.2383 0.2600 0.2509 
