           1  1 0.1431 0.1427 0.1439 0.1427 0.1451 0.1402 0.1422 
           2  1 0.1429 0.1435 0.1416 0.1429 0.1426 0.1432 0.1433 
           3  1 0.1429 0.1401 0.1428 0.1442 0.1457 0.1411 0.1432 
           4  1 0.1445 0.1421 0.1424 0.1436 0.1443 0.1402 0.1430 
           5  1 0.1426 0.1428 0.1412 0.1412 0.1415 0.1498 0.1410 
           6  1 0.1427 0.1429 0.1421 0.1416 0.1421 0.1449 0.1436 
           7  1 0.1415 0.1426 0.1437 0.1427 0.1442 0.1422 0.1430 
           8  1 0.1438 0.1418 0.1424 0.1435 0.1443 0.1415 0.1427 
           9  1 0.1435 0.1436 0.1421 0.1430 0.1436 0.1409 0.1433 
          10  1 0.1422 0.1423 0.1424 0.1424 0.1436 0.1435 0.1436 
          11  1 0.1435 0.1446 0.1417 0.1424 0.1439 0.1408 0.1431 
          12  1 0.1436 0.1430 0.1434 0.1435 0.1436 0.1403 0.1427 
          13  1 0.1422 0.1417 0.1427 0.1438 0.1448 0.1420 0.1428 
          14  1 0.1435 0.1431 0.1435 0.1432 0.1426 0.1410 0.1432 
          15  1 0.1435 0.1435 0.1426 0.1422 0.1433 0.1422 0.1427 
          16  1 0.1414 0.1436 0.1424 0.1427 0.1426 0.1443 0.1430 
          17  1 0.1438 0.1423 0.1418 0.1423 0.1427 0.1438 0.1433 
          18  1 0.1423 0.1432 0.1451 0.1422 0.1438 0.1402 0.1432 
          19  1 0.1433 0.1431 0.1423 0.1438 0.1427 0.1414 0.1434 
          20  1 0.1419 0.1419 0.1416 0.1414 0.1413 0.1503 0.1417 
          21  1 0.1426 0.1429 0.1407 0.1440 0.1440 0.1423 0.1436 
