           1  1 0.1001 0.1010 0.1003 0.1012 0.1004 0.0973 0.1019 0.0988 0.0985 0.1005 
           2  1 0.0997 0.1012 0.1013 0.0996 0.0972 0.1015 0.1001 0.1017 0.0986 0.0992 
           3  1 0.1008 0.1007 0.1000 0.1006 0.0999 0.0976 0.1003 0.0998 0.0991 0.1013 
           4  1 0.0994 0.1022 0.1009 0.0998 0.0975 0.0983 0.1032 0.0967 0.0994 0.1026 
           5  1 0.0993 0.1000 0.0995 0.0995 0.0994 0.1028 0.0976 0.1022 0.1000 0.0996 
           6  1 0.1005 0.0983 0.1026 0.1003 0.0970 0.1016 0.1024 0.0997 0.0978 0.0998 
           7  1 0.1005 0.0988 0.0992 0.1002 0.0969 0.1024 0.1005 0.1003 0.0996 0.1017 
           8  1 0.1007 0.0993 0.0981 0.1033 0.0982 0.1005 0.1014 0.0994 0.0975 0.1018 
           9  1 0.1031 0.0978 0.1019 0.1017 0.0998 0.0994 0.0995 0.0999 0.0978 0.0990 
          10  1 0.0983 0.1013 0.0993 0.1002 0.0977 0.0984 0.1031 0.0997 0.0979 0.1039 
          11  1 0.0991 0.0988 0.1061 0.0974 0.0993 0.1005 0.1009 0.1001 0.0974 0.1005 
          12  1 0.0988 0.0998 0.0999 0.1012 0.0987 0.1003 0.1021 0.1006 0.0984 0.1003 
          13  1 0.0987 0.1004 0.0991 0.1013 0.0988 0.1032 0.1014 0.0980 0.0980 0.1011 
          14  1 0.1006 0.0984 0.1011 0.0993 0.1020 0.1015 0.0973 0.1030 0.0986 0.0982 
          15  1 0.1023 0.0996 0.0993 0.0991 0.1014 0.0986 0.1010 0.0987 0.0998 0.1000 
          16  1 0.0995 0.0994 0.1026 0.0997 0.0987 0.1002 0.1004 0.0996 0.0996 0.1002 
          17  1 0.1003 0.0993 0.1001 0.0998 0.0987 0.1001 0.1023 0.0988 0.0985 0.1022 
          18  1 0.1006 0.0993 0.1004 0.0976 0.1084 0.0982 0.0988 0.0968 0.1034 0.0966 
          19  1 0.0995 0.1012 0.1004 0.1001 0.0987 0.0981 0.1015 0.1012 0.0998 0.0996 
          20  1 0.0993 0.1002 0.0991 0.1015 0.0994 0.1006 0.0990 0.1002 0.1008 0.0999 
          21  1 0.1008 0.1017 0.0993 0.1007 0.0991 0.0995 0.0990 0.0983 0.1017 0.0999 
