           1  1 0.2486 0.2490 0.2494 0.2530 
           2  1 0.2493 0.2517 0.2500 0.2490 
           3  1 0.2484 0.2493 0.2501 0.2522 
           4  1 0.2485 0.2507 0.2486 0.2522 
           5  1 0.2511 0.2498 0.2498 0.2493 
           6  1 0.2511 0.2498 0.2492 0.2499 
           7  1 0.2506 0.2497 0.2487 0.2511 
           8  1 0.2488 0.2495 0.2492 0.2526 
           9  1 0.2495 0.2504 0.2511 0.2490 
          10  1 0.2489 0.2501 0.2495 0.2515 
          11  1 0.2497 0.2509 0.2478 0.2515 
          12  1 0.2485 0.2510 0.2502 0.2503 
          13  1 0.2493 0.2499 0.2487 0.2521 
          14  1 0.2510 0.2492 0.2498 0.2499 
          15  1 0.2491 0.2504 0.2486 0.2519 
          16  1 0.2503 0.2498 0.2499 0.2501 
          17  1 0.2495 0.2499 0.2504 0.2502 
          18  1 0.2502 0.2505 0.2500 0.2492 
          19  1 0.2517 0.2504 0.2494 0.2484 
          20  1 0.2509 0.2506 0.2494 0.2490 
          21  1 0.2479 0.2503 0.2515 0.2503 
