           1  1 0.1247 0.1238 0.1262 0.1237 0.1244 0.1245 0.1267 0.1261 
           2  1 0.1243 0.1253 0.1254 0.1258 0.1250 0.1249 0.1253 0.1241 
           3  1 0.1240 0.1244 0.1264 0.1241 0.1241 0.1247 0.1269 0.1253 
           4  1 0.1245 0.1229 0.1269 0.1246 0.1250 0.1256 0.1268 0.1237 
           5  1 0.1236 0.1268 0.1247 0.1250 0.1258 0.1245 0.1245 0.1251 
           6  1 0.1248 0.1254 0.1250 0.1248 0.1248 0.1240 0.1264 0.1248 
           7  1 0.1258 0.1258 0.1259 0.1237 0.1237 0.1256 0.1252 0.1243 
           8  1 0.1243 0.1248 0.1260 0.1246 0.1250 0.1246 0.1259 0.1248 
           9  1 0.1252 0.1258 0.1245 0.1251 0.1256 0.1245 0.1245 0.1248 
          10  1 0.1241 0.1251 0.1267 0.1242 0.1238 0.1250 0.1261 0.1250 
          11  1 0.1258 0.1248 0.1254 0.1246 0.1237 0.1254 0.1247 0.1255 
          12  1 0.1254 0.1233 0.1269 0.1242 0.1241 0.1249 0.1261 0.1251 
          13  1 0.1233 0.1238 0.1260 0.1254 0.1257 0.1245 0.1261 0.1251 
          14  1 0.1270 0.1246 0.1240 0.1255 0.1252 0.1249 0.1233 0.1254 
          15  1 0.1239 0.1239 0.1258 0.1269 0.1249 0.1242 0.1256 0.1248 
          16  1 0.1251 0.1261 0.1260 0.1254 0.1246 0.1239 0.1248 0.1241 
          17  1 0.1258 0.1252 0.1253 0.1254 0.1245 0.1242 0.1247 0.1248 
          18  1 0.1247 0.1267 0.1249 0.1247 0.1236 0.1249 0.1242 0.1262 
          19  1 0.1242 0.1244 0.1254 0.1256 0.1253 0.1254 0.1251 0.1246 
          20  1 0.1252 0.1267 0.1248 0.1262 0.1236 0.1251 0.1237 0.1246 
          21  1 0.1254 0.1249 0.1260 0.1238 0.1237 0.1248 0.1259 0.1255 
