           1  1 0.3375 0.3347 0.3278 
           2  1 0.3348 0.3330 0.3322 
           3  1 0.3393 0.3329 0.3277 
           4  1 0.3391 0.3332 0.3276 
           5  1 0.3304 0.3327 0.3370 
           6  1 0.3363 0.3310 0.3327 
           7  1 0.3352 0.3319 0.3329 
           8  1 0.3396 0.3330 0.3274 
           9  1 0.3261 0.3376 0.3364 
          10  1 0.3308 0.3359 0.3333 
          11  1 0.3323 0.3354 0.3323 
          12  1 0.3316 0.3345 0.3339 
          13  1 0.3402 0.3330 0.3268 
          14  1 0.3287 0.3355 0.3358 
          15  1 0.3399 0.3302 0.3299 
          16  1 0.3372 0.3308 0.3320 
          17  1 0.3355 0.3337 0.3309 
          18  1 0.3339 0.3337 0.3325 
          19  1 0.3360 0.3333 0.3307 
          20  1 0.3329 0.3311 0.3360 
          21  1 0.3367 0.3298 0.3335 
