           1  1 0.2043 0.1911 0.1993 0.2005 0.2048 
           2  1 0.1997 0.1985 0.1994 0.1997 0.2028 
           3  1 0.2051 0.1870 0.1959 0.2087 0.2032 
           4  1 0.2005 0.1897 0.1986 0.2045 0.2066 
           5  1 0.1975 0.2099 0.1972 0.1969 0.1984 
           6  1 0.1994 0.1986 0.1990 0.2029 0.2001 
           7  1 0.1980 0.2079 0.1956 0.1977 0.2008 
           8  1 0.1992 0.1958 0.1983 0.2038 0.2030 
           9  1 0.1984 0.2012 0.2011 0.2010 0.1983 
          10  1 0.1983 0.1953 0.1996 0.2028 0.2040 
          11  1 0.2009 0.1952 0.1994 0.2022 0.2023 
          12  1 0.1982 0.2002 0.1996 0.1995 0.2025 
          13  1 0.2024 0.1960 0.1969 0.2010 0.2038 
          14  1 0.2003 0.2044 0.1971 0.1979 0.2002 
          15  1 0.2018 0.1911 0.2012 0.2027 0.2033 
          16  1 0.2002 0.2002 0.2009 0.1995 0.1993 
          17  1 0.1970 0.1967 0.2043 0.2020 0.2000 
          18  1 0.2038 0.2035 0.1978 0.1966 0.1983 
          19  1 0.2007 0.2000 0.2010 0.2011 0.1973 
          20  1 0.1959 0.2100 0.2007 0.1972 0.1962 
          21  1 0.2040 0.1933 0.2013 0.2009 0.2005 
