           1  1 0.2029 0.2050 0.1958 0.2060 0.1903 
           2  1 0.1997 0.2012 0.1983 0.1995 0.2014 
           3  1 0.1990 0.2099 0.1974 0.2087 0.1849 
           4  1 0.2013 0.2080 0.1931 0.2099 0.1877 
           5  1 0.1981 0.1940 0.1959 0.1946 0.2173 
           6  1 0.1993 0.1983 0.1959 0.2039 0.2026 
           7  1 0.2015 0.1977 0.1968 0.2055 0.1984 
           8  1 0.1976 0.2046 0.1966 0.2082 0.1929 
           9  1 0.1990 0.2049 0.2036 0.1975 0.1950 
          10  1 0.2017 0.2047 0.1957 0.2054 0.1924 
          11  1 0.2023 0.2033 0.2005 0.2021 0.1918 
          12  1 0.1998 0.2030 0.1968 0.2043 0.1961 
          13  1 0.2000 0.2053 0.1960 0.2056 0.1931 
          14  1 0.1992 0.1992 0.2002 0.1994 0.2020 
          15  1 0.1988 0.2043 0.1948 0.2026 0.1995 
          16  1 0.2009 0.2014 0.1959 0.1992 0.2026 
          17  1 0.2000 0.2020 0.1989 0.2003 0.1988 
          18  1 0.2031 0.2000 0.2009 0.2010 0.1951 
          19  1 0.2017 0.2019 0.1993 0.1994 0.1977 
          20  1 0.1994 0.1950 0.1962 0.1952 0.2142 
          21  1 0.1990 0.2033 0.1991 0.2037 0.1949 
