           1  1 0.1026 0.0980 0.1016 0.0972 0.0988 0.1023 0.0991 0.1002 0.1006 0.0995 
           2  1 0.1003 0.1024 0.0990 0.1009 0.0987 0.0996 0.0989 0.1011 0.0997 0.0994 
           3  1 0.0983 0.1000 0.1012 0.0962 0.1055 0.0982 0.0993 0.1010 0.1017 0.0986 
           4  1 0.0972 0.1026 0.1008 0.0963 0.0972 0.1018 0.1019 0.1015 0.1012 0.0994 
           5  1 0.1019 0.0983 0.1023 0.1006 0.0993 0.0999 0.0999 0.0983 0.1005 0.0989 
           6  1 0.0967 0.1004 0.0998 0.0984 0.1010 0.1011 0.1010 0.1012 0.1016 0.0989 
           7  1 0.1016 0.0972 0.1015 0.0977 0.1008 0.1008 0.0988 0.0986 0.0990 0.1039 
           8  1 0.0950 0.1002 0.1047 0.0960 0.1016 0.0985 0.1000 0.0996 0.1012 0.1032 
           9  1 0.0979 0.0999 0.1027 0.0975 0.0992 0.1012 0.0996 0.1012 0.0996 0.1012 
          10  1 0.0994 0.0984 0.1020 0.0988 0.0988 0.0993 0.1004 0.0991 0.1037 0.1000 
          11  1 0.0965 0.1018 0.1016 0.1021 0.0989 0.0985 0.0967 0.1017 0.1014 0.1007 
          12  1 0.1013 0.0998 0.0993 0.0960 0.0981 0.0992 0.1005 0.1032 0.0984 0.1041 
          13  1 0.0993 0.0996 0.1003 0.0965 0.1016 0.1008 0.1012 0.1018 0.1023 0.0967 
          14  1 0.0993 0.0980 0.0980 0.1025 0.1015 0.0984 0.0994 0.1028 0.0980 0.1019 
          15  1 0.1004 0.0991 0.1040 0.0964 0.0999 0.0978 0.1010 0.1027 0.0978 0.1009 
          16  1 0.1011 0.0958 0.1009 0.0968 0.1011 0.0998 0.1008 0.0990 0.1026 0.1019 
          17  1 0.0992 0.0996 0.1002 0.0967 0.1013 0.0988 0.1008 0.1002 0.1013 0.1018 
          18  1 0.1072 0.1069 0.0949 0.1057 0.0974 0.0988 0.0953 0.0969 0.0974 0.0995 
          19  1 0.0971 0.1012 0.0987 0.0987 0.1037 0.0986 0.0978 0.1022 0.0993 0.1028 
          20  1 0.1025 0.0987 0.1015 0.0977 0.1023 0.0999 0.0997 0.0967 0.0986 0.1024 
          21  1 0.1001 0.0996 0.0997 0.1029 0.1012 0.0974 0.1014 0.0985 0.1015 0.0976 
