           1  1 0.1004 0.0999 0.0994 0.1003 0.0986 0.1011 0.1003 0.1013 0.0994 0.0993 
           2  1 0.1002 0.1004 0.0993 0.1005 0.0998 0.1007 0.1005 0.0995 0.0999 0.0993 
           3  1 0.0997 0.1007 0.0988 0.1002 0.0982 0.1012 0.0998 0.1011 0.1003 0.1001 
           4  1 0.1004 0.1000 0.0992 0.0995 0.0990 0.1015 0.1004 0.1001 0.1005 0.0996 
           5  1 0.0994 0.1009 0.1004 0.1003 0.1003 0.0993 0.0998 0.0993 0.0998 0.1007 
           6  1 0.0995 0.1002 0.0997 0.1004 0.1004 0.1002 0.0996 0.0991 0.1007 0.1002 
           7  1 0.0997 0.0999 0.1003 0.1001 0.0997 0.0998 0.1004 0.0998 0.1002 0.1000 
           8  1 0.1007 0.0997 0.0995 0.1011 0.0992 0.1005 0.0995 0.1008 0.0991 0.0997 
           9  1 0.1007 0.0995 0.1001 0.1002 0.1003 0.0991 0.1002 0.0994 0.1010 0.0996 
          10  1 0.1006 0.1004 0.0987 0.1004 0.0995 0.1009 0.0999 0.1001 0.1003 0.0991 
          11  1 0.0999 0.0995 0.0995 0.1008 0.0996 0.1011 0.1001 0.1007 0.0996 0.0992 
          12  1 0.1006 0.0996 0.0994 0.1005 0.1002 0.1001 0.1005 0.0991 0.1005 0.0994 
          13  1 0.1005 0.1001 0.0992 0.0999 0.0998 0.1006 0.1004 0.1002 0.0999 0.0996 
          14  1 0.0993 0.0999 0.1000 0.0998 0.1004 0.0997 0.0995 0.0996 0.1003 0.1014 
          15  1 0.0999 0.1011 0.0992 0.0994 0.0992 0.1001 0.0998 0.1004 0.0994 0.1016 
          16  1 0.1004 0.1005 0.0996 0.0998 0.1005 0.0998 0.0998 0.0992 0.1000 0.1003 
          17  1 0.0996 0.1004 0.0998 0.0999 0.0994 0.1000 0.1004 0.1010 0.0996 0.0999 
          18  1 0.1002 0.0996 0.0999 0.0995 0.0989 0.1005 0.1003 0.1006 0.1008 0.0997 
          19  1 0.1003 0.0999 0.0999 0.0999 0.0989 0.1003 0.0999 0.1000 0.1005 0.1005 
          20  1 0.0996 0.1001 0.1013 0.1001 0.0999 0.0999 0.1006 0.0991 0.1002 0.0992 
          21  1 0.0998 0.1000 0.0997 0.1008 0.0998 0.1004 0.1004 0.1000 0.0996 0.0996 
