           1  1 0.3324 0.3320 0.3356 
           2  1 0.3308 0.3328 0.3364 
           3  1 0.3255 0.3334 0.3412 
           4  1 0.3291 0.3344 0.3366 
           5  1 0.3331 0.3409 0.3260 
           6  1 0.3275 0.3375 0.3349 
           7  1 0.3353 0.3337 0.3310 
           8  1 0.3299 0.3344 0.3357 
           9  1 0.3306 0.3362 0.3332 
          10  1 0.3295 0.3320 0.3385 
          11  1 0.3329 0.3314 0.3357 
          12  1 0.3311 0.3370 0.3319 
          13  1 0.3281 0.3356 0.3364 
          14  1 0.3349 0.3320 0.3330 
          15  1 0.3283 0.3353 0.3364 
          16  1 0.3333 0.3354 0.3312 
          17  1 0.3312 0.3361 0.3327 
          18  1 0.3319 0.3322 0.3358 
          19  1 0.3273 0.3355 0.3371 
          20  1 0.3376 0.3330 0.3294 
          21  1 0.3311 0.3340 0.3349 
