           1  1 0.1698 0.1685 0.1705 0.1563 0.1652 0.1697 
           2  1 0.1658 0.1660 0.1664 0.1671 0.1668 0.1679 
           3  1 0.1687 0.1686 0.1733 0.1519 0.1657 0.1717 
           4  1 0.1700 0.1675 0.1738 0.1511 0.1643 0.1734 
           5  1 0.1618 0.1637 0.1619 0.1860 0.1652 0.1615 
           6  1 0.1669 0.1655 0.1668 0.1705 0.1654 0.1649 
           7  1 0.1657 0.1639 0.1658 0.1741 0.1643 0.1662 
           8  1 0.1666 0.1691 0.1703 0.1625 0.1641 0.1673 
           9  1 0.1663 0.1665 0.1668 0.1675 0.1667 0.1662 
          10  1 0.1661 0.1695 0.1698 0.1612 0.1651 0.1683 
          11  1 0.1680 0.1690 0.1707 0.1574 0.1660 0.1689 
          12  1 0.1658 0.1670 0.1695 0.1636 0.1657 0.1685 
          13  1 0.1680 0.1661 0.1694 0.1638 0.1652 0.1675 
          14  1 0.1661 0.1665 0.1641 0.1721 0.1689 0.1624 
          15  1 0.1660 0.1668 0.1698 0.1621 0.1663 0.1689 
          16  1 0.1673 0.1654 0.1663 0.1685 0.1657 0.1669 
          17  1 0.1664 0.1664 0.1694 0.1636 0.1660 0.1682 
          18  1 0.1682 0.1672 0.1679 0.1631 0.1656 0.1680 
          19  1 0.1681 0.1683 0.1661 0.1647 0.1661 0.1667 
          20  1 0.1672 0.1656 0.1653 0.1726 0.1650 0.1643 
          21  1 0.1672 0.1674 0.1684 0.1619 0.1662 0.1689 
