           1  1 0.3204 0.3407 0.3389 
           2  1 0.3338 0.3298 0.3363 
           3  1 0.3127 0.3440 0.3433 
           4  1 0.3191 0.3396 0.3413 
           5  1 0.3500 0.3240 0.3259 
           6  1 0.3340 0.3334 0.3326 
           7  1 0.3302 0.3362 0.3336 
           8  1 0.3217 0.3400 0.3383 
           9  1 0.3347 0.3358 0.3295 
          10  1 0.3264 0.3363 0.3372 
          11  1 0.3255 0.3384 0.3361 
          12  1 0.3265 0.3369 0.3366 
          13  1 0.3231 0.3399 0.3369 
          14  1 0.3388 0.3283 0.3329 
          15  1 0.3240 0.3393 0.3368 
          16  1 0.3379 0.3313 0.3308 
          17  1 0.3344 0.3301 0.3354 
          18  1 0.3257 0.3377 0.3366 
          19  1 0.3280 0.3363 0.3357 
          20  1 0.3407 0.3272 0.3321 
          21  1 0.3290 0.3346 0.3364 
