           1  1 0.2081 0.1898 0.1993 0.1990 0.2038 
           2  1 0.1971 0.1992 0.2009 0.1983 0.2045 
           3  1 0.2155 0.1881 0.2135 0.1912 0.1917 
           4  1 0.2121 0.1875 0.2024 0.1990 0.1989 
           5  1 0.1950 0.2112 0.1988 0.1957 0.1992 
           6  1 0.2039 0.1951 0.2040 0.1994 0.1975 
           7  1 0.2077 0.2007 0.1989 0.1952 0.1974 
           8  1 0.2113 0.1901 0.2029 0.1972 0.1985 
           9  1 0.2024 0.1946 0.2016 0.2047 0.1967 
          10  1 0.2093 0.1964 0.2050 0.1964 0.1929 
          11  1 0.2032 0.1832 0.2039 0.2032 0.2065 
          12  1 0.1983 0.1950 0.2050 0.2000 0.2017 
          13  1 0.2078 0.1940 0.2075 0.1974 0.1933 
          14  1 0.1985 0.2039 0.2006 0.2009 0.1960 
          15  1 0.2011 0.2038 0.2001 0.1955 0.1995 
          16  1 0.1961 0.2109 0.2005 0.1980 0.1945 
          17  1 0.2016 0.2013 0.2013 0.2047 0.1910 
          18  1 0.1982 0.2032 0.1921 0.1955 0.2110 
          19  1 0.2043 0.1901 0.2014 0.2022 0.2021 
          20  1 0.1927 0.2145 0.1946 0.1955 0.2027 
          21  1 0.2071 0.1919 0.2028 0.1976 0.2007 
