           1  1 0.1112 0.1116 0.1125 0.1153 0.1126 0.1094 0.1063 0.1127 0.1084 
           2  1 0.1123 0.1118 0.1095 0.1098 0.1124 0.1145 0.1105 0.1104 0.1090 
           3  1 0.1128 0.1118 0.1098 0.1136 0.1122 0.1102 0.1048 0.1177 0.1072 
           4  1 0.1124 0.1137 0.1094 0.1149 0.1124 0.1081 0.1066 0.1129 0.1096 
           5  1 0.1095 0.1124 0.1084 0.1088 0.1099 0.1185 0.1160 0.1073 0.1091 
           6  1 0.1110 0.1120 0.1091 0.1118 0.1117 0.1138 0.1126 0.1114 0.1067 
           7  1 0.1094 0.1067 0.1096 0.1134 0.1117 0.1138 0.1136 0.1097 0.1122 
           8  1 0.1089 0.1112 0.1117 0.1126 0.1113 0.1158 0.1071 0.1121 0.1093 
           9  1 0.1120 0.1098 0.1117 0.1107 0.1130 0.1112 0.1099 0.1111 0.1108 
          10  1 0.1118 0.1098 0.1107 0.1149 0.1123 0.1095 0.1109 0.1119 0.1081 
          11  1 0.1133 0.1104 0.1136 0.1147 0.1149 0.1093 0.1069 0.1107 0.1063 
          12  1 0.1133 0.1104 0.1118 0.1114 0.1115 0.1122 0.1093 0.1102 0.1097 
          13  1 0.1108 0.1090 0.1091 0.1137 0.1140 0.1097 0.1085 0.1138 0.1116 
          14  1 0.1088 0.1128 0.1090 0.1092 0.1107 0.1114 0.1180 0.1081 0.1121 
          15  1 0.1129 0.1101 0.1128 0.1136 0.1112 0.1126 0.1049 0.1122 0.1097 
          16  1 0.1101 0.1100 0.1104 0.1125 0.1118 0.1131 0.1104 0.1118 0.1099 
          17  1 0.1105 0.1097 0.1091 0.1141 0.1125 0.1125 0.1119 0.1113 0.1085 
          18  1 0.1087 0.1081 0.1108 0.1108 0.1074 0.1118 0.1110 0.1083 0.1231 
          19  1 0.1119 0.1139 0.1136 0.1107 0.1094 0.1111 0.1091 0.1097 0.1104 
          20  1 0.1111 0.1081 0.1101 0.1095 0.1094 0.1146 0.1209 0.1064 0.1099 
          21  1 0.1104 0.1124 0.1102 0.1139 0.1116 0.1116 0.1101 0.1125 0.1073 
