           1  1 0.1984 0.2013 0.2022 0.2024 0.1956 
           2  1 0.2009 0.2038 0.1993 0.1987 0.1973 
           3  1 0.1938 0.2053 0.2014 0.2037 0.1958 
           4  1 0.1959 0.2030 0.2016 0.2026 0.1968 
           5  1 0.2018 0.1961 0.1986 0.2035 0.2000 
           6  1 0.1982 0.2010 0.2001 0.2030 0.1977 
           7  1 0.1961 0.1979 0.1980 0.2064 0.2016 
           8  1 0.1971 0.2033 0.1976 0.2038 0.1981 
           9  1 0.2009 0.1989 0.1995 0.2001 0.2005 
          10  1 0.1994 0.2020 0.1993 0.2005 0.1988 
          11  1 0.1992 0.2017 0.2018 0.2005 0.1968 
          12  1 0.1993 0.1997 0.1972 0.2012 0.2026 
          13  1 0.1965 0.1997 0.2007 0.2042 0.1988 
          14  1 0.2007 0.2000 0.2010 0.1985 0.1999 
          15  1 0.2000 0.1988 0.1995 0.2013 0.2004 
          16  1 0.2018 0.2009 0.1983 0.2013 0.1977 
          17  1 0.2011 0.2001 0.2021 0.2005 0.1962 
          18  1 0.1986 0.1988 0.2026 0.1996 0.2003 
          19  1 0.2008 0.1989 0.1990 0.1993 0.2019 
          20  1 0.1999 0.1987 0.1984 0.2039 0.1992 
          21  1 0.1967 0.2020 0.2002 0.2004 0.2008 
