           1  1 0.1660 0.1676 0.1715 0.1647 0.1684 0.1619 
           2  1 0.1657 0.1665 0.1663 0.1667 0.1674 0.1674 
           3  1 0.1643 0.1671 0.1705 0.1643 0.1727 0.1611 
           4  1 0.1635 0.1657 0.1714 0.1650 0.1719 0.1625 
           5  1 0.1683 0.1661 0.1678 0.1660 0.1637 0.1681 
           6  1 0.1683 0.1665 0.1666 0.1667 0.1667 0.1653 
           7  1 0.1654 0.1665 0.1678 0.1667 0.1691 0.1646 
           8  1 0.1656 0.1683 0.1675 0.1645 0.1701 0.1640 
           9  1 0.1674 0.1673 0.1665 0.1667 0.1669 0.1653 
          10  1 0.1663 0.1664 0.1677 0.1649 0.1707 0.1641 
          11  1 0.1685 0.1658 0.1669 0.1672 0.1673 0.1643 
          12  1 0.1662 0.1650 0.1658 0.1658 0.1695 0.1676 
          13  1 0.1654 0.1678 0.1678 0.1656 0.1692 0.1642 
          14  1 0.1650 0.1666 0.1647 0.1672 0.1653 0.1712 
          15  1 0.1674 0.1647 0.1659 0.1679 0.1688 0.1653 
          16  1 0.1659 0.1688 0.1674 0.1674 0.1656 0.1649 
          17  1 0.1686 0.1670 0.1650 0.1679 0.1662 0.1653 
          18  1 0.1657 0.1674 0.1666 0.1672 0.1668 0.1663 
          19  1 0.1656 0.1668 0.1670 0.1671 0.1665 0.1670 
          20  1 0.1679 0.1673 0.1662 0.1685 0.1648 0.1652 
          21  1 0.1662 0.1663 0.1688 0.1647 0.1707 0.1633 
