           1  1 0.1618 0.1640 0.1762 0.1687 0.1644 0.1649 
           2  1 0.1672 0.1665 0.1636 0.1693 0.1666 0.1668 
           3  1 0.1629 0.1665 0.1746 0.1681 0.1600 0.1679 
           4  1 0.1592 0.1636 0.1738 0.1724 0.1624 0.1686 
           5  1 0.1678 0.1689 0.1622 0.1613 0.1691 0.1707 
           6  1 0.1648 0.1656 0.1703 0.1646 0.1634 0.1713 
           7  1 0.1642 0.1689 0.1731 0.1634 0.1617 0.1688 
           8  1 0.1641 0.1691 0.1719 0.1641 0.1625 0.1683 
           9  1 0.1670 0.1671 0.1632 0.1682 0.1676 0.1670 
          10  1 0.1645 0.1671 0.1693 0.1682 0.1633 0.1676 
          11  1 0.1636 0.1684 0.1713 0.1645 0.1688 0.1634 
          12  1 0.1639 0.1671 0.1723 0.1647 0.1630 0.1690 
          13  1 0.1623 0.1684 0.1746 0.1669 0.1630 0.1647 
          14  1 0.1684 0.1677 0.1653 0.1638 0.1698 0.1650 
          15  1 0.1644 0.1703 0.1678 0.1666 0.1649 0.1659 
          16  1 0.1651 0.1632 0.1694 0.1660 0.1663 0.1700 
          17  1 0.1679 0.1704 0.1671 0.1648 0.1611 0.1687 
          18  1 0.1678 0.1659 0.1675 0.1669 0.1686 0.1632 
          19  1 0.1667 0.1663 0.1672 0.1694 0.1661 0.1643 
          20  1 0.1653 0.1661 0.1634 0.1658 0.1659 0.1736 
          21  1 0.1638 0.1678 0.1694 0.1692 0.1652 0.1647 
