           1  1 0.1437 0.1488 0.1381 0.1414 0.1390 0.1468 0.1422 
           2  1 0.1412 0.1431 0.1426 0.1444 0.1411 0.1470 0.1406 
           3  1 0.1442 0.1467 0.1401 0.1334 0.1420 0.1490 0.1446 
           4  1 0.1352 0.1500 0.1386 0.1388 0.1415 0.1537 0.1423 
           5  1 0.1509 0.1365 0.1447 0.1505 0.1389 0.1357 0.1427 
           6  1 0.1392 0.1412 0.1398 0.1511 0.1429 0.1410 0.1449 
           7  1 0.1464 0.1442 0.1423 0.1421 0.1418 0.1406 0.1427 
           8  1 0.1365 0.1470 0.1379 0.1430 0.1452 0.1450 0.1454 
           9  1 0.1408 0.1438 0.1387 0.1428 0.1446 0.1477 0.1415 
          10  1 0.1407 0.1452 0.1425 0.1401 0.1414 0.1495 0.1406 
          11  1 0.1421 0.1520 0.1386 0.1411 0.1383 0.1453 0.1424 
          12  1 0.1391 0.1476 0.1384 0.1417 0.1454 0.1454 0.1424 
          13  1 0.1401 0.1474 0.1372 0.1440 0.1412 0.1465 0.1436 
          14  1 0.1461 0.1399 0.1480 0.1420 0.1437 0.1401 0.1402 
          15  1 0.1439 0.1407 0.1427 0.1393 0.1420 0.1455 0.1460 
          16  1 0.1516 0.1386 0.1441 0.1393 0.1378 0.1419 0.1468 
          17  1 0.1390 0.1465 0.1379 0.1442 0.1440 0.1450 0.1435 
          18  1 0.1473 0.1441 0.1435 0.1418 0.1399 0.1397 0.1437 
          19  1 0.1386 0.1446 0.1441 0.1428 0.1426 0.1439 0.1433 
          20  1 0.1493 0.1368 0.1445 0.1520 0.1410 0.1345 0.1419 
          21  1 0.1428 0.1442 0.1424 0.1406 0.1451 0.1448 0.1401 
