           1  1 0.2334 0.2510 0.2675 0.2482 
           2  1 0.2499 0.2580 0.2493 0.2428 
           3  1 0.2244 0.2530 0.2867 0.2359 
           4  1 0.2265 0.2509 0.2946 0.2280 
           5  1 0.2691 0.2402 0.2298 0.2608 
           6  1 0.2534 0.2383 0.2540 0.2543 
           7  1 0.2513 0.2395 0.2529 0.2563 
           8  1 0.2361 0.2403 0.2895 0.2341 
           9  1 0.2546 0.2501 0.2508 0.2445 
          10  1 0.2372 0.2459 0.2763 0.2406 
          11  1 0.2426 0.2516 0.2565 0.2494 
          12  1 0.2488 0.2554 0.2554 0.2404 
          13  1 0.2410 0.2491 0.2765 0.2333 
          14  1 0.2650 0.2513 0.2277 0.2560 
          15  1 0.2358 0.2482 0.2668 0.2493 
          16  1 0.2534 0.2396 0.2487 0.2583 
          17  1 0.2519 0.2453 0.2518 0.2509 
          18  1 0.2505 0.2490 0.2546 0.2459 
          19  1 0.2451 0.2546 0.2576 0.2427 
          20  1 0.2646 0.2351 0.2358 0.2645 
          21  1 0.2323 0.2539 0.2737 0.2401 
