           1  1 0.2563 0.2468 0.2427 0.2542 
           2  1 0.2494 0.2564 0.2462 0.2480 
           3  1 0.2617 0.2489 0.2427 0.2466 
           4  1 0.2564 0.2515 0.2420 0.2501 
           5  1 0.2447 0.2488 0.2585 0.2480 
           6  1 0.2508 0.2503 0.2522 0.2467 
           7  1 0.2538 0.2469 0.2460 0.2534 
           8  1 0.2536 0.2504 0.2473 0.2487 
           9  1 0.2472 0.2502 0.2528 0.2498 
          10  1 0.2574 0.2467 0.2480 0.2479 
          11  1 0.2521 0.2443 0.2500 0.2536 
          12  1 0.2474 0.2510 0.2481 0.2535 
          13  1 0.2617 0.2478 0.2439 0.2467 
          14  1 0.2472 0.2482 0.2501 0.2545 
          15  1 0.2553 0.2511 0.2428 0.2508 
          16  1 0.2490 0.2531 0.2514 0.2465 
          17  1 0.2467 0.2530 0.2534 0.2469 
          18  1 0.2514 0.2447 0.2475 0.2564 
          19  1 0.2478 0.2535 0.2498 0.2489 
          20  1 0.2511 0.2472 0.2586 0.2431 
          21  1 0.2576 0.2486 0.2466 0.2472 
