  1:   0.2630  0.2310  0.2620  0.0090  0.2200  0.0150  1
  2:   0.2460  0.2380  0.2440  0.0130  0.2310  0.0280  1
  3:   0.1928  0.1828  0.1968  0.0370  0.2068  0.1838  1
  4:   0.2543  0.2262  0.2623  0.0080  0.2372  0.0120  1
  5:   0.2160  0.2730  0.2400  0.0210  0.2360  0.0140  1
  6:   0.2290  0.2610  0.2400  0.0110  0.2530  0.0060  1
  7:   0.2360  0.2510  0.2420  0.0090  0.2550  0.0070  1
  8:   0.2517  0.2248  0.2388  0.0080  0.2657  0.0110  1
  9:   0.2440  0.2500  0.2620  0.0080  0.2120  0.0240  1
 10:   0.2510  0.2380  0.2520  0.0190  0.2260  0.0140  1
 11:   0.2793  0.2092  0.2472  0.0130  0.2392  0.0120  1
 12:   0.2590  0.1910  0.2450  0.0090  0.2770  0.0190  1
 13:   0.2448  0.2248  0.2527  0.0100  0.2567  0.0110  1
 14:   0.2543  0.2482  0.2352  0.0120  0.2362  0.0140  1
 15:   0.2350  0.2740  0.2440  0.0200  0.2080  0.0190  1
 16:   0.2460  0.2110  0.2500  0.0130  0.2490  0.0310  1
 17:   0.2400  0.2260  0.2650  0.0170  0.2380  0.0140  1
 18:   0.2760  0.2190  0.2280  0.0140  0.2430  0.0200  1
 19:   0.2560  0.2570  0.2320  0.0110  0.2080  0.0360  1
 20:   0.2088  0.2567  0.2488  0.0320  0.2128  0.0410  1
 21:   0.2560  0.1970  0.2300  0.0080  0.2940  0.0150  1
 22:   0.2388  0.1958  0.2208  0.0170  0.2987  0.0290  1
 23:   0.2573  0.2282  0.2262  0.0300  0.2362  0.0220  1
 24:   0.1950  0.2060  0.1900  0.0320  0.2130  0.1640  1
 25:   0.2132  0.2432  0.2382  0.0470  0.2072  0.0511  1
 26:   0.1460  0.1130  0.1190  0.0990  0.1540  0.3690  1
 27:   0.0120  0.0120  0.0130  0.6040  0.0120  0.3470  1
 28:   0.0340  0.0310  0.0330  0.0709  0.0320  0.7992  1
 29:   0.0661  0.0641  0.0561  0.0430  0.0611  0.7097  1
 30:   0.0160  0.0160  0.0160  0.1041  0.0150  0.8328  1
 31:   0.0090  0.0100  0.0100  0.1390  0.0100  0.8220  1
 32:   0.0110  0.0110  0.0110  0.0450  0.0130  0.9091  1
 33:   0.0460  0.0460  0.0490  0.0150  0.0500  0.7940  1
 34:   0.0470  0.0509  0.0529  0.0480  0.0539  0.7473  1
 35:   0.0830  0.0760  0.0780  0.0420  0.0760  0.6450  1
 36:   0.0080  0.0080  0.0080  0.9170  0.0080  0.0510  1
 37:   0.0260  0.0290  0.0240  0.1121  0.0250  0.7838  1
 38:   0.1390  0.1510  0.1310  0.2270  0.1270  0.2250  1
 39:   0.0480  0.0500  0.0480  0.1520  0.0480  0.6540  1
 40:   0.1230  0.1300  0.1390  0.2560  0.1290  0.2230  1
 41:   0.2020  0.1820  0.2200  0.0510  0.1770  0.1680  1
 42:   0.0470  0.0420  0.0450  0.7720  0.0460  0.0480  1
 43:   0.0830  0.0700  0.0780  0.6270  0.0730  0.0690  1
 44:   0.0889  0.0969  0.0919  0.4595  0.0859  0.1768  1
 45:   0.0120  0.0110  0.0110  0.9120  0.0110  0.0430  1
 46:   0.0280  0.0300  0.0290  0.8410  0.0270  0.0450  1
 47:   0.0100  0.0100  0.0100  0.9399  0.0100  0.0200  1
 48:   0.0070  0.0070  0.0070  0.9590  0.0070  0.0130  1
 49:   0.0150  0.0150  0.0160  0.7728  0.0150  0.1662  1
 50:   0.0230  0.0230  0.0240  0.8960  0.0220  0.0120  1
 51:   0.0120  0.0120  0.0110  0.9329  0.0100  0.0220  1
 52:   0.0270  0.0300  0.0260  0.6790  0.0250  0.2130  1
 53:   0.0460  0.0500  0.0460  0.4610  0.0490  0.3480  1
 54:   0.0170  0.0220  0.0200  0.2900  0.0190  0.6320  1
 55:   0.0330  0.0360  0.0320  0.1180  0.0360  0.7450  1
 56:   0.0519  0.0519  0.0529  0.6454  0.0450  0.1528  1
 57:   0.0741  0.0781  0.0721  0.3223  0.0711  0.3824  1
 58:   0.0740  0.0860  0.0750  0.6100  0.0740  0.0810  1
 59:   0.0060  0.0060  0.0060  0.9660  0.0060  0.0100  1
 60:   0.0250  0.0269  0.0279  0.8244  0.0259  0.0699  1
 61:   0.0470  0.0520  0.0470  0.1760  0.0390  0.6390  1
 62:   0.0560  0.0450  0.0560  0.5880  0.0460  0.2090  1
 63:   0.0560  0.0660  0.0630  0.1830  0.0580  0.5740  1
 64:   0.0990  0.0980  0.0990  0.0830  0.0900  0.5310  1
 65:   0.0200  0.0190  0.0180  0.0440  0.0180  0.8810  1
 66:   0.0260  0.0260  0.0270  0.8771  0.0210  0.0230  1
 67:   0.0750  0.0750  0.0730  0.4960  0.0750  0.2060  1
 68:   0.0430  0.0520  0.0470  0.6150  0.0480  0.1950  1
 69:   0.0390  0.0420  0.0400  0.0570  0.0450  0.7770  1
 70:   0.1240  0.1390  0.1490  0.2920  0.1300  0.1660  1
 71:   0.0070  0.0070  0.0070  0.9350  0.0070  0.0370  1
 72:   0.0360  0.0370  0.0340  0.5270  0.0350  0.3310  1
 73:   0.0190  0.0190  0.0190  0.7950  0.0200  0.1280  1
 74:   0.2610  0.2700  0.2410  0.0150  0.1790  0.0340  1
 75:   0.2600  0.2170  0.2180  0.0050  0.2870  0.0130  1
 76:   0.2550  0.2240  0.2840  0.0080  0.2210  0.0080  1
 77:   0.2188  0.2488  0.2677  0.0070  0.2428  0.0150  1
 78:   0.2298  0.2917  0.2438  0.0060  0.2228  0.0060  1
 79:   0.2292  0.2613  0.2462  0.0400  0.2092  0.0140  1
 80:   0.2190  0.2790  0.2230  0.0150  0.2460  0.0180  1
 81:   0.2460  0.2150  0.2720  0.0070  0.2490  0.0110  1
 82:   0.2202  0.2412  0.2182  0.0130  0.2472  0.0601  1
 83:   0.2440  0.2810  0.2340  0.0070  0.2270  0.0070  1
 84:   0.1708  0.2208  0.1788  0.0150  0.1788  0.2358  1
 85:   0.2290  0.2510  0.2280  0.0070  0.2720  0.0130  1
 86:   0.2637  0.2358  0.2278  0.0280  0.2158  0.0290  1
 87:   0.2242  0.2272  0.2492  0.0100  0.2613  0.0280  1
 88:   0.2282  0.2713  0.2452  0.0090  0.2302  0.0160  1
 89:   0.2710  0.2350  0.2630  0.0060  0.2180  0.0070  1
 90:   0.2148  0.2987  0.2547  0.0140  0.2068  0.0110  1
 91:   0.2620  0.2090  0.2560  0.0130  0.2380  0.0220  1
 92:   0.2160  0.1840  0.2010  0.0620  0.2150  0.1220  1
 93:   0.2130  0.2580  0.2370  0.0090  0.2410  0.0420  1
 94:   0.2452  0.2262  0.2382  0.0130  0.2412  0.0360  1
 95:   0.2438  0.1998  0.2448  0.0090  0.2897  0.0130  1
 96:   0.2700  0.2000  0.2470  0.0250  0.2160  0.0420  1
 97:   0.2342  0.2342  0.2703  0.0110  0.2432  0.0070  1
 98:   0.2150  0.2600  0.2350  0.0080  0.2710  0.0110  1
 99:   0.2470  0.2630  0.2360  0.0140  0.2300  0.0100  1
100:   0.2300  0.1940  0.2330  0.0670  0.1880  0.0880  1
101:   0.2380  0.2640  0.2450  0.0140  0.2310  0.0080  1
102:   0.0110  0.0120  0.0100  0.3674  0.0100  0.5896  1
103:   0.0110  0.0110  0.0110  0.9240  0.0100  0.0330  1
104:   0.0070  0.0070  0.0070  0.9590  0.0070  0.0130  1
105:   0.0080  0.0090  0.0080  0.3450  0.0080  0.6220  1
106:   0.0430  0.0420  0.0440  0.7660  0.0400  0.0650  1
107:   0.0100  0.0090  0.0090  0.9260  0.0090  0.0370  1
108:   0.0070  0.0070  0.0070  0.9000  0.0070  0.0720  1
109:   0.0470  0.0531  0.0470  0.7928  0.0420  0.0180  1
110:   0.0060  0.0060  0.0060  0.9640  0.0060  0.0120  1
111:   0.0210  0.0190  0.0210  0.7992  0.0190  0.1209  1
112:   0.0190  0.0190  0.0190  0.5764  0.0190  0.3477  1
113:   0.0130  0.0120  0.0120  0.8770  0.0140  0.0720  1
114:   0.0050  0.0060  0.0060  0.9570  0.0060  0.0200  1
115:   0.0060  0.0070  0.0070  0.9580  0.0070  0.0150  1
116:   0.0090  0.0080  0.0090  0.9470  0.0080  0.0190  1
117:   0.0140  0.0150  0.0120  0.4160  0.0150  0.5280  1
118:   0.0090  0.0090  0.0090  0.7840  0.0090  0.1800  1
119:   0.0060  0.0060  0.0060  0.9510  0.0060  0.0250  1

  1:   0.2498  0.2418  0.2627  0.0090  0.2208  0.0160  1
  2:   0.2320  0.2550  0.2430  0.0130  0.2290  0.0280  1
  3:   0.2060  0.1950  0.1960  0.0350  0.2100  0.1580  1
  4:   0.2288  0.2498  0.2468  0.0090  0.2537  0.0120  1
  5:   0.2408  0.2697  0.2318  0.0220  0.2218  0.0140  1
  6:   0.2420  0.2610  0.2430  0.0110  0.2370  0.0060  1
  7:   0.2570  0.2530  0.2400  0.0100  0.2320  0.0080  1
  8:   0.2603  0.2372  0.2212  0.0080  0.2613  0.0120  1
  9:   0.2260  0.2600  0.2550  0.0080  0.2280  0.0230  1
 10:   0.2250  0.2490  0.2420  0.0200  0.2510  0.0130  1
 11:   0.2470  0.2370  0.2470  0.0130  0.2450  0.0110  1
 12:   0.2412  0.2272  0.2222  0.0090  0.2833  0.0170  1
 13:   0.2440  0.2420  0.2410  0.0110  0.2520  0.0100  1
 14:   0.2288  0.2448  0.2448  0.0130  0.2547  0.0140  1
 15:   0.2470  0.2530  0.2680  0.0210  0.1920  0.0190  1
 16:   0.2610  0.2450  0.2140  0.0130  0.2390  0.0280  1
 17:   0.2430  0.2300  0.2570  0.0170  0.2400  0.0130  1
 18:   0.2370  0.2290  0.2260  0.0150  0.2690  0.0240  1
 19:   0.2240  0.2400  0.2600  0.0120  0.2290  0.0350  1
 20:   0.2382  0.2352  0.2402  0.0300  0.2192  0.0370  1
 21:   0.2382  0.2152  0.2162  0.0080  0.3063  0.0160  1
 22:   0.2435  0.2094  0.2074  0.0150  0.2956  0.0291  1
 23:   0.2350  0.2230  0.2420  0.0290  0.2520  0.0190  1
 24:   0.1962  0.2102  0.1992  0.0340  0.2102  0.1502  1
 25:   0.2220  0.2390  0.2340  0.0450  0.2080  0.0520  1
 26:   0.1471  0.1241  0.1271  0.1171  0.1481  0.3363  1
 27:   0.0120  0.0120  0.0130  0.6587  0.0130  0.2913  1
 28:   0.0330  0.0330  0.0320  0.0619  0.0320  0.8082  1
 29:   0.0651  0.0591  0.0641  0.0410  0.0661  0.7047  1
 30:   0.0160  0.0150  0.0160  0.0900  0.0150  0.8480  1
 31:   0.0100  0.0100  0.0100  0.1090  0.0090  0.8520  1
 32:   0.0110  0.0100  0.0110  0.0350  0.0110  0.9221  1
 33:   0.0460  0.0450  0.0420  0.0140  0.0410  0.8118  1
 34:   0.0510  0.0490  0.0490  0.0480  0.0520  0.7510  1
 35:   0.0780  0.0750  0.0760  0.0470  0.0820  0.6420  1
 36:   0.0080  0.0080  0.0080  0.9149  0.0080  0.0531  1
 37:   0.0260  0.0260  0.0240  0.1131  0.0250  0.7858  1
 38:   0.1481  0.1361  0.1431  0.2132  0.1201  0.2392  1
 39:   0.0450  0.0430  0.0450  0.1330  0.0470  0.6870  1
 40:   0.1221  0.1341  0.1241  0.2643  0.1241  0.2312  1
 41:   0.1850  0.2060  0.1960  0.0470  0.2040  0.1620  1
 42:   0.0451  0.0441  0.0481  0.7625  0.0461  0.0541  1
 43:   0.0811  0.0791  0.0841  0.6146  0.0761  0.0651  1
 44:   0.0909  0.1039  0.1019  0.4356  0.0879  0.1798  1
 45:   0.0120  0.0110  0.0120  0.9190  0.0120  0.0340  1
 46:   0.0270  0.0280  0.0290  0.8480  0.0290  0.0390  1
 47:   0.0110  0.0110  0.0100  0.9291  0.0100  0.0290  1
 48:   0.0070  0.0070  0.0070  0.9490  0.0070  0.0230  1
 49:   0.0150  0.0160  0.0160  0.8408  0.0150  0.0971  1
 50:   0.0230  0.0210  0.0210  0.8949  0.0220  0.0180  1
 51:   0.0130  0.0120  0.0140  0.9260  0.0120  0.0230  1
 52:   0.0280  0.0280  0.0300  0.7360  0.0300  0.1480  1
 53:   0.0460  0.0460  0.0460  0.4825  0.0460  0.3337  1
 54:   0.0220  0.0210  0.0200  0.2970  0.0220  0.6180  1
 55:   0.0380  0.0430  0.0410  0.1220  0.0320  0.7240  1
 56:   0.0490  0.0490  0.0520  0.6400  0.0530  0.1570  1
 57:   0.0780  0.0750  0.0690  0.3870  0.0810  0.3100  1
 58:   0.0800  0.0810  0.0730  0.6200  0.0700  0.0760  1
 59:   0.0060  0.0060  0.0070  0.9610  0.0060  0.0140  1
 60:   0.0260  0.0260  0.0260  0.8420  0.0270  0.0530  1
 61:   0.0611  0.0501  0.0581  0.2172  0.0490  0.5646  1
 62:   0.0510  0.0500  0.0550  0.6460  0.0510  0.1470  1
 63:   0.0690  0.0650  0.0700  0.1900  0.0600  0.5460  1
 64:   0.1019  0.1079  0.1239  0.0839  0.0929  0.4895  1
 65:   0.0210  0.0200  0.0200  0.0601  0.0190  0.8599  1
 66:   0.0260  0.0230  0.0230  0.8709  0.0250  0.0320  1
 67:   0.0791  0.0741  0.0771  0.5195  0.0711  0.1792  1
 68:   0.0521  0.0531  0.0490  0.6276  0.0440  0.1742  1
 69:   0.0420  0.0440  0.0420  0.0610  0.0400  0.7710  1
 70:   0.1380  0.1510  0.1540  0.3070  0.1220  0.1280  1
 71:   0.0080  0.0080  0.0080  0.9321  0.0070  0.0370  1
 72:   0.0340  0.0350  0.0340  0.5015  0.0350  0.3604  1
 73:   0.0200  0.0190  0.0200  0.7960  0.0210  0.1240  1
 74:   0.2310  0.2430  0.2660  0.0160  0.2110  0.0330  1
 75:   0.2600  0.2280  0.2010  0.0060  0.2930  0.0120  1
 76:   0.2520  0.2540  0.2640  0.0070  0.2150  0.0080  1
 77:   0.2547  0.2458  0.2338  0.0070  0.2448  0.0140  1
 78:   0.2540  0.2580  0.2580  0.0060  0.2180  0.0060  1
 79:   0.2390  0.2510  0.2520  0.0390  0.2050  0.0140  1
 80:   0.2627  0.2577  0.2268  0.0150  0.2218  0.0160  1
 81:   0.2258  0.2428  0.2358  0.0080  0.2767  0.0110  1
 82:   0.2380  0.2440  0.2230  0.0130  0.2290  0.0530  1
 83:   0.2547  0.2498  0.2557  0.0070  0.2258  0.0070  1
 84:   0.1778  0.1978  0.1888  0.0160  0.1708  0.2488  1
 85:   0.2480  0.2590  0.2130  0.0070  0.2590  0.0140  1
 86:   0.2412  0.2482  0.2192  0.0270  0.2352  0.0290  1
 87:   0.2490  0.2510  0.2360  0.0100  0.2200  0.0340  1
 88:   0.2520  0.2600  0.2340  0.0100  0.2280  0.0160  1
 89:   0.2080  0.2650  0.2720  0.0070  0.2410  0.0070  1
 90:   0.2670  0.2590  0.2580  0.0150  0.1910  0.0100  1
 91:   0.2400  0.2140  0.2320  0.0130  0.2800  0.0210  1
 92:   0.2048  0.1868  0.2048  0.0619  0.2188  0.1229  1
 93:   0.2410  0.2500  0.2320  0.0090  0.2260  0.0420  1
 94:   0.2250  0.2470  0.2170  0.0140  0.2610  0.0360  1
 95:   0.2478  0.2178  0.2078  0.0100  0.3037  0.0130  1
 96:   0.2188  0.2208  0.2428  0.0260  0.2517  0.0400  1
 97:   0.2670  0.2330  0.2330  0.0120  0.2470  0.0080  1
 98:   0.2490  0.2550  0.2540  0.0080  0.2210  0.0130  1
 99:   0.2490  0.2460  0.2490  0.0140  0.2320  0.0100  1
100:   0.1892  0.2032  0.2112  0.0741  0.2372  0.0851  1
101:   0.2410  0.2640  0.2410  0.0140  0.2320  0.0080  1
102:   0.0110  0.0110  0.0120  0.3100  0.0110  0.6450  1
103:   0.0100  0.0100  0.0110  0.9280  0.0100  0.0310  1
104:   0.0070  0.0070  0.0070  0.9580  0.0070  0.0140  1
105:   0.0090  0.0090  0.0090  0.3680  0.0090  0.5960  1
106:   0.0420  0.0440  0.0440  0.7620  0.0420  0.0660  1
107:   0.0090  0.0090  0.0090  0.9319  0.0090  0.0320  1
108:   0.0070  0.0070  0.0070  0.9110  0.0070  0.0610  1
109:   0.0550  0.0520  0.0500  0.7830  0.0430  0.0170  1
110:   0.0060  0.0060  0.0060  0.9620  0.0060  0.0140  1
111:   0.0210  0.0210  0.0200  0.7900  0.0200  0.1280  1
112:   0.0190  0.0200  0.0220  0.5390  0.0210  0.3790  1
113:   0.0130  0.0130  0.0130  0.8800  0.0130  0.0680  1
114:   0.0060  0.0060  0.0060  0.9530  0.0060  0.0230  1
115:   0.0070  0.0070  0.0070  0.9550  0.0070  0.0170  1
116:   0.0090  0.0090  0.0080  0.9420  0.0080  0.0240  1
117:   0.0160  0.0140  0.0160  0.4210  0.0130  0.5200  1
118:   0.0110  0.0100  0.0100  0.8052  0.0100  0.1538  1
119:   0.0060  0.0070  0.0060  0.9510  0.0060  0.0240  1

  1:   0.2332  0.2633  0.2302  0.0090  0.2482  0.0160  1
  2:   0.2360  0.2550  0.2290  0.0140  0.2350  0.0310  1
  3:   0.2032  0.1902  0.1952  0.0360  0.1992  0.1762  1
  4:   0.2370  0.2310  0.2530  0.0080  0.2590  0.0120  1
  5:   0.2322  0.2553  0.2442  0.0220  0.2322  0.0140  1
  6:   0.2520  0.2400  0.2400  0.0110  0.2510  0.0060  1
  7:   0.2390  0.2430  0.2670  0.0100  0.2340  0.0070  1
  8:   0.2510  0.2320  0.2350  0.0070  0.2640  0.0110  1
  9:   0.2260  0.2570  0.2480  0.0090  0.2370  0.0230  1
 10:   0.2210  0.2390  0.2390  0.0200  0.2680  0.0130  1
 11:   0.2450  0.2550  0.2280  0.0130  0.2470  0.0120  1
 12:   0.2743  0.2162  0.2492  0.0080  0.2342  0.0180  1
 13:   0.2680  0.2220  0.2420  0.0110  0.2470  0.0100  1
 14:   0.2300  0.2520  0.2380  0.0120  0.2550  0.0130  1
 15:   0.2250  0.2570  0.2830  0.0200  0.1970  0.0180  1
 16:   0.2460  0.2220  0.2220  0.0140  0.2660  0.0300  1
 17:   0.2290  0.2250  0.2440  0.0160  0.2730  0.0130  1
 18:   0.2420  0.2230  0.2540  0.0130  0.2460  0.0220  1
 19:   0.2338  0.2378  0.2478  0.0120  0.2338  0.0350  1
 20:   0.2308  0.2288  0.2478  0.0320  0.2208  0.0400  1
 21:   0.2740  0.2070  0.2360  0.0080  0.2580  0.0170  1
 22:   0.2783  0.1942  0.2422  0.0150  0.2412  0.0290  1
 23:   0.2360  0.2420  0.2220  0.0290  0.2500  0.0210  1
 24:   0.2030  0.2030  0.1970  0.0350  0.2050  0.1570  1
 25:   0.2120  0.2580  0.2340  0.0420  0.1990  0.0550  1
 26:   0.1470  0.1240  0.1280  0.1100  0.1300  0.3610  1
 27:   0.0120  0.0120  0.0120  0.6323  0.0110  0.3206  1
 28:   0.0330  0.0310  0.0300  0.0570  0.0280  0.8210  1
 29:   0.0580  0.0560  0.0610  0.0390  0.0600  0.7260  1
 30:   0.0170  0.0160  0.0150  0.0800  0.0150  0.8570  1
 31:   0.0090  0.0090  0.0100  0.1071  0.0090  0.8559  1
 32:   0.0110  0.0100  0.0110  0.0230  0.0100  0.9351  1
 33:   0.0480  0.0390  0.0430  0.0100  0.0450  0.8150  1
 34:   0.0470  0.0460  0.0490  0.0430  0.0480  0.7670  1
 35:   0.0680  0.0770  0.0670  0.0340  0.0750  0.6790  1
 36:   0.0090  0.0080  0.0080  0.9200  0.0070  0.0480  1
 37:   0.0270  0.0250  0.0240  0.1270  0.0270  0.7700  1
 38:   0.1390  0.1560  0.1380  0.2300  0.1120  0.2250  1
 39:   0.0490  0.0450  0.0470  0.1299  0.0450  0.6843  1
 40:   0.1250  0.1270  0.1340  0.2640  0.1260  0.2240  1
 41:   0.1872  0.2042  0.1942  0.0450  0.1882  0.1812  1
 42:   0.0470  0.0420  0.0440  0.7820  0.0420  0.0430  1
 43:   0.0799  0.0859  0.0769  0.6194  0.0709  0.0669  1
 44:   0.0860  0.0960  0.1010  0.4420  0.0840  0.1910  1
 45:   0.0110  0.0110  0.0120  0.9320  0.0110  0.0230  1
 46:   0.0260  0.0290  0.0280  0.8580  0.0290  0.0300  1
 47:   0.0110  0.0100  0.0100  0.9390  0.0100  0.0200  1
 48:   0.0070  0.0070  0.0080  0.9570  0.0070  0.0140  1
 49:   0.0170  0.0160  0.0150  0.8222  0.0160  0.1139  1
 50:   0.0220  0.0220  0.0210  0.9079  0.0200  0.0070  1
 51:   0.0110  0.0130  0.0120  0.9270  0.0110  0.0260  1
 52:   0.0290  0.0270  0.0270  0.7300  0.0260  0.1610  1
 53:   0.0440  0.0480  0.0460  0.4710  0.0430  0.3480  1
 54:   0.0200  0.0200  0.0200  0.2900  0.0200  0.6300  1
 55:   0.0370  0.0390  0.0360  0.1129  0.0320  0.7433  1
 56:   0.0450  0.0490  0.0530  0.6550  0.0500  0.1480  1
 57:   0.0711  0.0711  0.0601  0.3714  0.0841  0.3423  1
 58:   0.0739  0.0799  0.0729  0.6374  0.0699  0.0659  1
 59:   0.0060  0.0070  0.0060  0.9660  0.0060  0.0090  1
 60:   0.0250  0.0280  0.0260  0.8400  0.0250  0.0560  1
 61:   0.0480  0.0591  0.0490  0.1722  0.0460  0.6256  1
 62:   0.0561  0.0501  0.0521  0.6196  0.0531  0.1692  1
 63:   0.0610  0.0660  0.0650  0.1860  0.0660  0.5560  1
 64:   0.1040  0.1070  0.1010  0.0830  0.0840  0.5210  1
 65:   0.0190  0.0190  0.0180  0.0400  0.0180  0.8859  1
 66:   0.0210  0.0270  0.0230  0.8870  0.0220  0.0200  1
 67:   0.0710  0.0770  0.0710  0.5230  0.0710  0.1870  1
 68:   0.0500  0.0500  0.0490  0.6260  0.0430  0.1820  1
 69:   0.0420  0.0410  0.0400  0.0540  0.0380  0.7850  1
 70:   0.1241  0.1532  0.1562  0.3083  0.1241  0.1341  1
 71:   0.0080  0.0070  0.0070  0.9370  0.0070  0.0340  1
 72:   0.0350  0.0360  0.0390  0.5200  0.0350  0.3350  1
 73:   0.0180  0.0200  0.0190  0.8108  0.0200  0.1121  1
 74:   0.2238  0.2737  0.2627  0.0160  0.1888  0.0350  1
 75:   0.2643  0.2292  0.2292  0.0060  0.2583  0.0130  1
 76:   0.2402  0.2492  0.2623  0.0070  0.2332  0.0080  1
 77:   0.2597  0.2218  0.2148  0.0070  0.2827  0.0140  1
 78:   0.2088  0.3037  0.2627  0.0060  0.2128  0.0060  1
 79:   0.2320  0.2740  0.2500  0.0370  0.1910  0.0160  1
 80:   0.2657  0.2577  0.2288  0.0150  0.2148  0.0180  1
 81:   0.2360  0.2150  0.2520  0.0080  0.2790  0.0100  1
 82:   0.2258  0.2507  0.2158  0.0140  0.2418  0.0519  1
 83:   0.2530  0.2750  0.2320  0.0070  0.2260  0.0070  1
 84:   0.1802  0.1702  0.2062  0.0140  0.1622  0.2673  1
 85:   0.2577  0.2198  0.2308  0.0070  0.2717  0.0130  1
 86:   0.2368  0.2418  0.2517  0.0300  0.2088  0.0310  1
 87:   0.2418  0.2238  0.2478  0.0110  0.2438  0.0320  1
 88:   0.2557  0.2318  0.2677  0.0090  0.2198  0.0160  1
 89:   0.2260  0.2660  0.2400  0.0060  0.2550  0.0070  1
 90:   0.2370  0.2940  0.2570  0.0140  0.1870  0.0110  1
 91:   0.2340  0.2340  0.2180  0.0130  0.2800  0.0210  1
 92:   0.2098  0.2078  0.2028  0.0549  0.1918  0.1329  1
 93:   0.2348  0.2308  0.2358  0.0100  0.2458  0.0430  1
 94:   0.2320  0.2350  0.2390  0.0140  0.2440  0.0360  1
 95:   0.2365  0.2166  0.2305  0.0100  0.2934  0.0130  1
 96:   0.2380  0.2220  0.2390  0.0230  0.2360  0.0420  1
 97:   0.2400  0.2220  0.2620  0.0110  0.2570  0.0080  1
 98:   0.2340  0.2590  0.2360  0.0080  0.2510  0.0120  1
 99:   0.2440  0.2600  0.2450  0.0140  0.2270  0.0100  1
100:   0.2160  0.2120  0.1960  0.0720  0.2190  0.0850  1
101:   0.2258  0.2767  0.2378  0.0140  0.2378  0.0080  1
102:   0.0110  0.0110  0.0110  0.2970  0.0110  0.6590  1
103:   0.0110  0.0110  0.0100  0.9260  0.0100  0.0320  1
104:   0.0070  0.0070  0.0070  0.9580  0.0070  0.0140  1
105:   0.0080  0.0080  0.0080  0.3440  0.0090  0.6230  1
106:   0.0430  0.0440  0.0410  0.7640  0.0410  0.0670  1
107:   0.0090  0.0090  0.0080  0.9340  0.0090  0.0310  1
108:   0.0070  0.0070  0.0070  0.9150  0.0070  0.0570  1
109:   0.0450  0.0531  0.0450  0.7928  0.0460  0.0180  1
110:   0.0060  0.0060  0.0060  0.9630  0.0060  0.0130  1
111:   0.0200  0.0210  0.0200  0.7870  0.0200  0.1320  1
112:   0.0210  0.0190  0.0190  0.5540  0.0180  0.3690  1
113:   0.0120  0.0120  0.0120  0.8901  0.0120  0.0619  1
114:   0.0060  0.0060  0.0060  0.9560  0.0060  0.0200  1
115:   0.0070  0.0070  0.0070  0.9570  0.0070  0.0150  1
116:   0.0080  0.0090  0.0090  0.9471  0.0090  0.0180  1
117:   0.0140  0.0140  0.0150  0.4030  0.0130  0.5410  1
118:   0.0100  0.0090  0.0090  0.7988  0.0090  0.1642  1
119:   0.0060  0.0070  0.0060  0.9499  0.0060  0.0250  1

  1:   0.2312  0.2362  0.2753  0.0090  0.2322  0.0160  1
  2:   0.2280  0.2390  0.2550  0.0110  0.2390  0.0280  1
  3:   0.2060  0.1810  0.1900  0.0370  0.2170  0.1690  1
  4:   0.2593  0.2382  0.2553  0.0080  0.2282  0.0110  1
  5:   0.2570  0.2490  0.2530  0.0210  0.2050  0.0150  1
  6:   0.2342  0.2472  0.2392  0.0110  0.2623  0.0060  1
  7:   0.2410  0.2400  0.2520  0.0090  0.2500  0.0080  1
  8:   0.2575  0.2255  0.2064  0.0070  0.2926  0.0110  1
  9:   0.2218  0.2537  0.2468  0.0090  0.2448  0.0240  1
 10:   0.2470  0.2500  0.2570  0.0190  0.2130  0.0140  1
 11:   0.2617  0.2388  0.2448  0.0140  0.2288  0.0120  1
 12:   0.2430  0.2060  0.2220  0.0090  0.3020  0.0180  1
 13:   0.2410  0.2460  0.2390  0.0110  0.2530  0.0100  1
 14:   0.2523  0.2492  0.2412  0.0120  0.2302  0.0150  1
 15:   0.2382  0.2593  0.2553  0.0200  0.2072  0.0200  1
 16:   0.2308  0.2338  0.2068  0.0140  0.2837  0.0310  1
 17:   0.2420  0.2570  0.2420  0.0160  0.2290  0.0140  1
 18:   0.2380  0.2000  0.2220  0.0130  0.3040  0.0230  1
 19:   0.2162  0.2412  0.2623  0.0110  0.2342  0.0350  1
 20:   0.2298  0.2468  0.2228  0.0330  0.2288  0.0390  1
 21:   0.2340  0.1900  0.2350  0.0080  0.3170  0.0160  1
 22:   0.2408  0.1898  0.2058  0.0160  0.3157  0.0320  1
 23:   0.2370  0.2420  0.2470  0.0290  0.2250  0.0200  1
 24:   0.2090  0.2080  0.1870  0.0330  0.1970  0.1660  1
 25:   0.2078  0.2268  0.2607  0.0420  0.2058  0.0569  1
 26:   0.1421  0.1221  0.1381  0.1171  0.1542  0.3263  1
 27:   0.0120  0.0120  0.0130  0.6450  0.0130  0.3050  1
 28:   0.0370  0.0320  0.0340  0.0709  0.0320  0.7942  1
 29:   0.0670  0.0630  0.0640  0.0390  0.0630  0.7040  1
 30:   0.0170  0.0150  0.0160  0.0960  0.0170  0.8390  1
 31:   0.0090  0.0110  0.0110  0.1300  0.0100  0.8290  1
 32:   0.0100  0.0110  0.0120  0.0340  0.0120  0.9210  1
 33:   0.0450  0.0480  0.0450  0.0120  0.0460  0.8040  1
 34:   0.0520  0.0540  0.0540  0.0460  0.0520  0.7420  1
 35:   0.0861  0.0761  0.0831  0.0410  0.0771  0.6366  1
 36:   0.0080  0.0080  0.0080  0.9130  0.0080  0.0550  1
 37:   0.0280  0.0250  0.0240  0.1220  0.0270  0.7740  1
 38:   0.1319  0.1449  0.1489  0.2128  0.1319  0.2298  1
 39:   0.0460  0.0440  0.0460  0.1391  0.0521  0.6727  1
 40:   0.1199  0.1349  0.1239  0.2537  0.1419  0.2258  1
 41:   0.1870  0.1910  0.2190  0.0450  0.1830  0.1750  1
 42:   0.0430  0.0480  0.0490  0.7678  0.0470  0.0450  1
 43:   0.0840  0.0810  0.0820  0.6200  0.0740  0.0590  1
 44:   0.0911  0.0981  0.1011  0.4234  0.0931  0.1932  1
 45:   0.0120  0.0120  0.0110  0.9210  0.0120  0.0320  1
 46:   0.0280  0.0280  0.0290  0.8460  0.0300  0.0390  1
 47:   0.0100  0.0110  0.0100  0.9349  0.0100  0.0240  1
 48:   0.0070  0.0070  0.0070  0.9570  0.0080  0.0140  1
 49:   0.0160  0.0160  0.0180  0.8120  0.0170  0.1210  1
 50:   0.0230  0.0220  0.0230  0.8969  0.0240  0.0110  1
 51:   0.0120  0.0130  0.0120  0.9290  0.0120  0.0220  1
 52:   0.0330  0.0300  0.0260  0.7067  0.0290  0.1752  1
 53:   0.0480  0.0490  0.0500  0.4695  0.0450  0.3387  1
 54:   0.0210  0.0220  0.0210  0.2867  0.0190  0.6304  1
 55:   0.0340  0.0370  0.0410  0.1181  0.0300  0.7397  1
 56:   0.0580  0.0560  0.0520  0.6240  0.0560  0.1540  1
 57:   0.0810  0.0760  0.0780  0.3670  0.0820  0.3160  1
 58:   0.0751  0.0821  0.0841  0.6166  0.0691  0.0731  1
 59:   0.0070  0.0070  0.0060  0.9620  0.0060  0.0120  1
 60:   0.0270  0.0250  0.0280  0.8330  0.0280  0.0590  1
 61:   0.0540  0.0540  0.0520  0.2110  0.0490  0.5800  1
 62:   0.0529  0.0539  0.0509  0.6144  0.0559  0.1718  1
 63:   0.0651  0.0711  0.0641  0.1922  0.0611  0.5465  1
 64:   0.1000  0.1130  0.1160  0.0910  0.0880  0.4920  1
 65:   0.0230  0.0200  0.0190  0.0539  0.0200  0.8641  1
 66:   0.0230  0.0260  0.0270  0.8691  0.0260  0.0290  1
 67:   0.0771  0.0781  0.0801  0.5215  0.0701  0.1732  1
 68:   0.0519  0.0549  0.0489  0.6178  0.0439  0.1826  1
 69:   0.0440  0.0420  0.0480  0.0570  0.0420  0.7670  1
 70:   0.1383  0.1513  0.1513  0.2896  0.1373  0.1323  1
 71:   0.0080  0.0070  0.0080  0.9289  0.0070  0.0410  1
 72:   0.0350  0.0370  0.0350  0.5055  0.0340  0.3536  1
 73:   0.0200  0.0200  0.0180  0.8052  0.0210  0.1159  1
 74:   0.2228  0.2488  0.2677  0.0170  0.2098  0.0340  1
 75:   0.2597  0.2108  0.2178  0.0060  0.2927  0.0130  1
 76:   0.2372  0.2783  0.2713  0.0070  0.1972  0.0090  1
 77:   0.2288  0.2507  0.2398  0.0070  0.2587  0.0150  1
 78:   0.2537  0.2627  0.2557  0.0060  0.2158  0.0060  1
 79:   0.2168  0.2677  0.2547  0.0390  0.2068  0.0150  1
 80:   0.2302  0.2623  0.2242  0.0160  0.2492  0.0180  1
 81:   0.2560  0.2390  0.2270  0.0080  0.2590  0.0110  1
 82:   0.2470  0.2350  0.2450  0.0140  0.2050  0.0540  1
 83:   0.2557  0.2697  0.2567  0.0070  0.2038  0.0070  1
 84:   0.1770  0.2020  0.1880  0.0150  0.1680  0.2500  1
 85:   0.2440  0.2470  0.2210  0.0060  0.2690  0.0130  1
 86:   0.2210  0.2260  0.2550  0.0250  0.2430  0.0300  1
 87:   0.2412  0.2513  0.2553  0.0110  0.2112  0.0300  1
 88:   0.2600  0.2590  0.2520  0.0090  0.2030  0.0170  1
 89:   0.2390  0.2620  0.2600  0.0060  0.2250  0.0080  1
 90:   0.2330  0.2650  0.2660  0.0140  0.2110  0.0110  1
 91:   0.2352  0.2322  0.2503  0.0130  0.2492  0.0200  1
 92:   0.1968  0.1848  0.2108  0.0599  0.2258  0.1219  1
 93:   0.2470  0.2610  0.2320  0.0090  0.2110  0.0400  1
 94:   0.2432  0.2172  0.2402  0.0140  0.2523  0.0330  1
 95:   0.2553  0.2132  0.2032  0.0090  0.3063  0.0130  1
 96:   0.2350  0.2290  0.2390  0.0260  0.2320  0.0390  1
 97:   0.2587  0.2318  0.2018  0.0110  0.2887  0.0080  1
 98:   0.2650  0.2360  0.2350  0.0080  0.2440  0.0120  1
 99:   0.2430  0.2570  0.2500  0.0150  0.2240  0.0110  1
100:   0.1980  0.1970  0.2340  0.0730  0.2080  0.0900  1
101:   0.2308  0.2727  0.2378  0.0140  0.2368  0.0080  1
102:   0.0110  0.0120  0.0110  0.3063  0.0110  0.6486  1
103:   0.0100  0.0100  0.0110  0.9289  0.0100  0.0301  1
104:   0.0070  0.0080  0.0080  0.9570  0.0070  0.0130  1
105:   0.0090  0.0090  0.0080  0.3640  0.0090  0.6010  1
106:   0.0440  0.0420  0.0420  0.7600  0.0430  0.0690  1
107:   0.0090  0.0100  0.0100  0.9301  0.0090  0.0320  1
108:   0.0070  0.0080  0.0070  0.9160  0.0070  0.0550  1
109:   0.0460  0.0540  0.0510  0.7850  0.0470  0.0170  1
110:   0.0060  0.0060  0.0060  0.9640  0.0060  0.0120  1
111:   0.0220  0.0190  0.0210  0.7858  0.0200  0.1321  1
112:   0.0200  0.0200  0.0210  0.5470  0.0220  0.3700  1
113:   0.0140  0.0140  0.0140  0.8801  0.0140  0.0639  1
114:   0.0060  0.0060  0.0060  0.9530  0.0060  0.0230  1
115:   0.0070  0.0070  0.0070  0.9560  0.0070  0.0160  1
116:   0.0080  0.0090  0.0090  0.9430  0.0090  0.0220  1
117:   0.0150  0.0140  0.0160  0.4490  0.0160  0.4900  1
118:   0.0090  0.0100  0.0100  0.8060  0.0090  0.1560  1
119:   0.0070  0.0070  0.0070  0.9500  0.0060  0.0230  1

  1:   0.2240  0.2700  0.2540  0.0090  0.2270  0.0160  1
  2:   0.2432  0.2282  0.2472  0.0130  0.2392  0.0290  1
  3:   0.2010  0.1820  0.2040  0.0370  0.2080  0.1680  1
  4:   0.2372  0.2282  0.2482  0.0080  0.2663  0.0120  1
  5:   0.2460  0.2510  0.2390  0.0220  0.2270  0.0150  1
  6:   0.2650  0.2230  0.2340  0.0110  0.2600  0.0070  1
  7:   0.2478  0.2358  0.2368  0.0100  0.2617  0.0080  1
  8:   0.2673  0.2162  0.2202  0.0070  0.2783  0.0110  1
  9:   0.2210  0.2750  0.2380  0.0080  0.2340  0.0240  1
 10:   0.2360  0.2140  0.2410  0.0190  0.2760  0.0140  1
 11:   0.2530  0.2450  0.2390  0.0130  0.2380  0.0120  1
 12:   0.2730  0.1930  0.2570  0.0080  0.2520  0.0170  1
 13:   0.2503  0.2192  0.2382  0.0110  0.2713  0.0100  1
 14:   0.2448  0.2278  0.2228  0.0120  0.2777  0.0150  1
 15:   0.2170  0.3190  0.2310  0.0200  0.1960  0.0170  1
 16:   0.2597  0.2118  0.2288  0.0130  0.2587  0.0280  1
 17:   0.2242  0.2462  0.2422  0.0160  0.2563  0.0150  1
 18:   0.2547  0.2028  0.2378  0.0150  0.2677  0.0220  1
 19:   0.2503  0.2593  0.2362  0.0120  0.2082  0.0340  1
 20:   0.2168  0.2368  0.2258  0.0310  0.2488  0.0410  1
 21:   0.2720  0.1910  0.2250  0.0080  0.2870  0.0170  1
 22:   0.2677  0.1878  0.2318  0.0170  0.2617  0.0340  1
 23:   0.2490  0.2310  0.2330  0.0290  0.2380  0.0200  1
 24:   0.1878  0.2108  0.2008  0.0330  0.1968  0.1708  1
 25:   0.2050  0.2840  0.2230  0.0430  0.1910  0.0540  1
 26:   0.1471  0.1211  0.1321  0.1081  0.1341  0.3574  1
 27:   0.0120  0.0120  0.0120  0.6466  0.0130  0.3043  1
 28:   0.0360  0.0380  0.0330  0.0829  0.0330  0.7772  1
 29:   0.0631  0.0571  0.0681  0.0420  0.0641  0.7057  1
 30:   0.0170  0.0170  0.0170  0.1269  0.0170  0.8052  1
 31:   0.0100  0.0100  0.0090  0.1730  0.0100  0.7880  1
 32:   0.0110  0.0120  0.0110  0.0600  0.0120  0.8940  1
 33:   0.0530  0.0450  0.0480  0.0170  0.0520  0.7850  1
 34:   0.0541  0.0490  0.0551  0.0470  0.0511  0.7437  1
 35:   0.0750  0.0750  0.0800  0.0430  0.0780  0.6490  1
 36:   0.0080  0.0080  0.0080  0.9191  0.0080  0.0490  1
 37:   0.0280  0.0240  0.0260  0.1289  0.0250  0.7682  1
 38:   0.1380  0.1600  0.1330  0.2390  0.1190  0.2110  1
 39:   0.0450  0.0460  0.0460  0.1610  0.0500  0.6520  1
 40:   0.1290  0.1330  0.1260  0.2550  0.1300  0.2270  1
 41:   0.1928  0.2048  0.2038  0.0500  0.1948  0.1538  1
 42:   0.0440  0.0450  0.0440  0.7750  0.0420  0.0500  1
 43:   0.0820  0.0800  0.0760  0.6200  0.0770  0.0650  1
 44:   0.0880  0.1110  0.1000  0.4470  0.0840  0.1700  1
 45:   0.0120  0.0130  0.0110  0.9010  0.0120  0.0510  1
 46:   0.0310  0.0280  0.0270  0.8280  0.0300  0.0560  1
 47:   0.0100  0.0100  0.0100  0.9379  0.0090  0.0230  1
 48:   0.0070  0.0070  0.0070  0.9580  0.0070  0.0140  1
 49:   0.0140  0.0160  0.0150  0.7510  0.0160  0.1880  1
 50:   0.0250  0.0230  0.0220  0.8929  0.0220  0.0150  1
 51:   0.0120  0.0140  0.0120  0.9220  0.0100  0.0300  1
 52:   0.0250  0.0310  0.0310  0.6550  0.0250  0.2330  1
 53:   0.0460  0.0440  0.0500  0.4675  0.0470  0.3457  1
 54:   0.0190  0.0200  0.0200  0.3103  0.0200  0.6106  1
 55:   0.0400  0.0400  0.0400  0.1280  0.0360  0.7160  1
 56:   0.0480  0.0490  0.0521  0.6256  0.0440  0.1812  1
 57:   0.0681  0.0711  0.0781  0.3243  0.0701  0.3884  1
 58:   0.0759  0.0789  0.0699  0.6274  0.0699  0.0779  1
 59:   0.0060  0.0070  0.0060  0.9640  0.0060  0.0110  1
 60:   0.0260  0.0280  0.0260  0.8038  0.0250  0.0911  1
 61:   0.0440  0.0550  0.0470  0.1510  0.0390  0.6640  1
 62:   0.0530  0.0530  0.0540  0.5750  0.0470  0.2180  1
 63:   0.0619  0.0699  0.0689  0.1888  0.0579  0.5524  1
 64:   0.0950  0.1190  0.0980  0.0770  0.0790  0.5320  1
 65:   0.0170  0.0180  0.0180  0.0460  0.0180  0.8830  1
 66:   0.0240  0.0230  0.0230  0.8801  0.0230  0.0270  1
 67:   0.0700  0.0750  0.0750  0.5120  0.0710  0.1970  1
 68:   0.0480  0.0541  0.0460  0.5956  0.0460  0.2102  1
 69:   0.0390  0.0410  0.0460  0.0651  0.0440  0.7648  1
 70:   0.1230  0.1610  0.1440  0.2770  0.1180  0.1770  1
 71:   0.0070  0.0080  0.0080  0.9300  0.0070  0.0400  1
 72:   0.0380  0.0380  0.0350  0.5430  0.0320  0.3140  1
 73:   0.0190  0.0200  0.0200  0.7940  0.0180  0.1290  1
 74:   0.2122  0.3133  0.2322  0.0160  0.1912  0.0350  1
 75:   0.2830  0.1780  0.2380  0.0060  0.2830  0.0120  1
 76:   0.2390  0.3060  0.2190  0.0070  0.2210  0.0080  1
 77:   0.2557  0.1938  0.2328  0.0070  0.2967  0.0140  1
 78:   0.2260  0.3160  0.2230  0.0060  0.2230  0.0060  1
 79:   0.2388  0.2957  0.2228  0.0400  0.1888  0.0140  1
 80:   0.2450  0.2720  0.2430  0.0150  0.2070  0.0180  1
 81:   0.2430  0.1940  0.2500  0.0080  0.2940  0.0110  1
 82:   0.2278  0.2458  0.2288  0.0130  0.2318  0.0529  1
 83:   0.2540  0.2710  0.2160  0.0070  0.2460  0.0060  1
 84:   0.1798  0.2058  0.1798  0.0160  0.1738  0.2448  1
 85:   0.2450  0.2030  0.2490  0.0070  0.2830  0.0130  1
 86:   0.2350  0.2460  0.2390  0.0270  0.2220  0.0310  1
 87:   0.2503  0.2162  0.2362  0.0110  0.2563  0.0300  1
 88:   0.2400  0.2630  0.2440  0.0090  0.2270  0.0170  1
 89:   0.2298  0.2667  0.2577  0.0060  0.2318  0.0080  1
 90:   0.2272  0.3413  0.2282  0.0140  0.1782  0.0110  1
 91:   0.2442  0.1892  0.2352  0.0130  0.2953  0.0230  1
 92:   0.2088  0.2168  0.2048  0.0629  0.1928  0.1139  1
 93:   0.2220  0.2410  0.2330  0.0090  0.2520  0.0430  1
 94:   0.2440  0.2210  0.2420  0.0150  0.2420  0.0360  1
 95:   0.2567  0.1728  0.2478  0.0100  0.2987  0.0140  1
 96:   0.2418  0.2168  0.2358  0.0260  0.2358  0.0440  1
 97:   0.2587  0.2248  0.2448  0.0120  0.2517  0.0080  1
 98:   0.2258  0.2677  0.2428  0.0080  0.2438  0.0120  1
 99:   0.2230  0.2640  0.2520  0.0140  0.2380  0.0090  1
100:   0.2068  0.1978  0.2118  0.0759  0.2198  0.0879  1
101:   0.2378  0.2687  0.2328  0.0140  0.2388  0.0080  1
102:   0.0110  0.0120  0.0110  0.3380  0.0100  0.6180  1
103:   0.0100  0.0100  0.0100  0.9260  0.0110  0.0330  1
104:   0.0070  0.0070  0.0070  0.9600  0.0070  0.0120  1
105:   0.0080  0.0090  0.0080  0.3380  0.0090  0.6280  1
106:   0.0450  0.0440  0.0400  0.7612  0.0390  0.0709  1
107:   0.0090  0.0100  0.0100  0.9300  0.0090  0.0320  1
108:   0.0070  0.0070  0.0070  0.8789  0.0070  0.0931  1
109:   0.0460  0.0509  0.0509  0.7902  0.0440  0.0180  1
110:   0.0060  0.0060  0.0060  0.9620  0.0060  0.0140  1
111:   0.0200  0.0210  0.0210  0.8040  0.0200  0.1140  1
112:   0.0190  0.0210  0.0220  0.5740  0.0210  0.3430  1
113:   0.0120  0.0120  0.0130  0.8770  0.0120  0.0740  1
114:   0.0060  0.0060  0.0060  0.9560  0.0060  0.0200  1
115:   0.0070  0.0070  0.0070  0.9570  0.0070  0.0150  1
116:   0.0080  0.0090  0.0090  0.9459  0.0080  0.0200  1
117:   0.0140  0.0140  0.0140  0.4340  0.0120  0.5120  1
118:   0.0090  0.0100  0.0090  0.7870  0.0090  0.1760  1
119:   0.0060  0.0070  0.0060  0.9510  0.0060  0.0240  1

