1:    0.015 0.231 0.009 0.263 0.220 0.262 1    
2:    0.028 0.238 0.013 0.246 0.231 0.244 1    
3:    0.184 0.183 0.037 0.193 0.207 0.197 1    
4:    0.012 0.226 0.008 0.254 0.237 0.262 1    
5:    0.014 0.273 0.021 0.216 0.236 0.240 1    
6:    0.006 0.261 0.011 0.229 0.253 0.240 1    
7:    0.007 0.251 0.009 0.236 0.255 0.242 1    
8:    0.011 0.225 0.008 0.252 0.266 0.239 1    
9:    0.024 0.250 0.008 0.244 0.212 0.262 1    
10:   0.014 0.238 0.019 0.251 0.226 0.252 1    
11:   0.012 0.209 0.013 0.279 0.239 0.247 1    
12:   0.019 0.191 0.009 0.259 0.277 0.245 1    
13:   0.011 0.225 0.010 0.245 0.257 0.253 1    
14:   0.014 0.248 0.012 0.254 0.236 0.235 1    
15:   0.019 0.274 0.020 0.235 0.208 0.244 1    
16:   0.031 0.211 0.013 0.246 0.249 0.250 1    
17:   0.014 0.226 0.017 0.240 0.238 0.265 1    
18:   0.020 0.219 0.014 0.276 0.243 0.228 1    
19:   0.036 0.257 0.011 0.256 0.208 0.232 1    
20:   0.041 0.257 0.032 0.209 0.213 0.249 1    
21:   0.015 0.197 0.008 0.256 0.294 0.230 1    
22:   0.029 0.196 0.017 0.239 0.299 0.221 1    
23:   0.022 0.228 0.030 0.257 0.236 0.226 1    
24:   0.164 0.206 0.032 0.195 0.213 0.190 1    
25:   0.051 0.243 0.047 0.213 0.207 0.238 1    
26:   0.369 0.113 0.099 0.146 0.154 0.119 1    
27:   0.347 0.012 0.604 0.012 0.012 0.013 1    
28:   0.800 0.031 0.071 0.034 0.032 0.033 1    
29:   0.709 0.064 0.043 0.066 0.061 0.056 1    
30:   0.832 0.016 0.104 0.016 0.015 0.016 1    
31:   0.822 0.010 0.139 0.009 0.010 0.010 1    
32:   0.910 0.011 0.045 0.011 0.013 0.011 1    
33:   0.794 0.046 0.015 0.046 0.050 0.049 1    
34:   0.748 0.051 0.048 0.047 0.054 0.053 1    
35:   0.645 0.076 0.042 0.083 0.076 0.078 1    
36:   0.051 0.008 0.917 0.008 0.008 0.008 1    
37:   0.783 0.029 0.112 0.026 0.025 0.024 1    
38:   0.225 0.151 0.227 0.139 0.127 0.131 1    
39:   0.654 0.050 0.152 0.048 0.048 0.048 1    
40:   0.223 0.130 0.256 0.123 0.129 0.139 1    
41:   0.168 0.182 0.051 0.202 0.177 0.220 1    
42:   0.048 0.042 0.772 0.047 0.046 0.045 1    
43:   0.069 0.070 0.627 0.083 0.073 0.078 1    
44:   0.177 0.097 0.460 0.089 0.086 0.092 1    
45:   0.043 0.011 0.912 0.012 0.011 0.011 1    
46:   0.045 0.030 0.841 0.028 0.027 0.029 1    
47:   0.020 0.010 0.939 0.010 0.010 0.010 1    
48:   0.013 0.007 0.958 0.007 0.007 0.007 1    
49:   0.166 0.015 0.772 0.015 0.015 0.016 1    
50:   0.012 0.023 0.896 0.023 0.022 0.024 1    
51:   0.022 0.012 0.932 0.012 0.010 0.011 1    
52:   0.213 0.030 0.679 0.027 0.025 0.026 1    
53:   0.348 0.050 0.461 0.046 0.049 0.046 1    
54:   0.632 0.022 0.290 0.017 0.019 0.020 1    
55:   0.745 0.036 0.118 0.033 0.036 0.032 1    
56:   0.153 0.052 0.646 0.052 0.045 0.053 1    
57:   0.382 0.078 0.322 0.074 0.071 0.072 1    
58:   0.081 0.086 0.610 0.074 0.074 0.075 1    
59:   0.010 0.006 0.965 0.006 0.006 0.006 1    
60:   0.070 0.027 0.826 0.025 0.026 0.028 1    
61:   0.639 0.052 0.176 0.047 0.039 0.047 1    
62:   0.209 0.045 0.588 0.056 0.046 0.056 1    
63:   0.574 0.066 0.183 0.056 0.058 0.063 1    
64:   0.531 0.098 0.083 0.099 0.090 0.099 1    
65:   0.881 0.019 0.044 0.020 0.018 0.018 1    
66:   0.023 0.026 0.878 0.026 0.021 0.027 1    
67:   0.206 0.075 0.496 0.075 0.075 0.073 1    
68:   0.195 0.052 0.615 0.043 0.048 0.047 1    
69:   0.777 0.042 0.057 0.039 0.045 0.040 1    
70:   0.166 0.139 0.292 0.124 0.130 0.149 1    
71:   0.037 0.007 0.935 0.007 0.007 0.007 1    
72:   0.331 0.037 0.527 0.036 0.035 0.034 1    
73:   0.128 0.019 0.795 0.019 0.020 0.019 1    
74:   0.034 0.270 0.015 0.261 0.179 0.241 1    
75:   0.013 0.217 0.005 0.260 0.287 0.218 1    
76:   0.008 0.224 0.008 0.255 0.221 0.284 1    
77:   0.015 0.249 0.007 0.219 0.243 0.268 1    
78:   0.006 0.292 0.006 0.230 0.223 0.244 1    
79:   0.014 0.261 0.040 0.229 0.209 0.246 1    
80:   0.018 0.279 0.015 0.219 0.246 0.223 1    
81:   0.011 0.215 0.007 0.246 0.249 0.272 1    
82:   0.060 0.241 0.013 0.220 0.247 0.218 1    
83:   0.007 0.281 0.007 0.244 0.227 0.234 1    
84:   0.236 0.221 0.015 0.171 0.179 0.179 1    
85:   0.013 0.251 0.007 0.229 0.272 0.228 1    
86:   0.029 0.236 0.028 0.264 0.216 0.228 1    
87:   0.028 0.227 0.010 0.224 0.261 0.249 1    
88:   0.016 0.271 0.009 0.228 0.230 0.245 1    
89:   0.007 0.235 0.006 0.271 0.218 0.263 1    
90:   0.011 0.299 0.014 0.215 0.207 0.255 1    
91:   0.022 0.209 0.013 0.262 0.238 0.256 1    
92:   0.122 0.184 0.062 0.216 0.215 0.201 1    
93:   0.042 0.258 0.009 0.213 0.241 0.237 1    
94:   0.036 0.226 0.013 0.245 0.241 0.238 1    
95:   0.013 0.200 0.009 0.244 0.290 0.245 1    
96:   0.042 0.200 0.025 0.270 0.216 0.247 1    
97:   0.007 0.234 0.011 0.234 0.243 0.270 1    
98:   0.011 0.260 0.008 0.215 0.271 0.235 1    
99:   0.010 0.263 0.014 0.247 0.230 0.236 1    
100:  0.088 0.194 0.067 0.230 0.188 0.233 1    
101:  0.008 0.264 0.014 0.238 0.231 0.245 1    
102:  0.589 0.012 0.367 0.011 0.010 0.010 1    
103:  0.033 0.011 0.924 0.011 0.010 0.011 1    
104:  0.013 0.007 0.960 0.007 0.007 0.007 1    
105:  0.622 0.009 0.345 0.008 0.008 0.008 1    
106:  0.065 0.042 0.766 0.043 0.040 0.044 1    
107:  0.037 0.009 0.926 0.010 0.009 0.009 1    
108:  0.072 0.007 0.900 0.007 0.007 0.007 1    
109:  0.018 0.053 0.792 0.047 0.042 0.047 1    
110:  0.012 0.006 0.965 0.006 0.006 0.006 1    
111:  0.121 0.019 0.800 0.021 0.019 0.021 1    
112:  0.348 0.019 0.577 0.019 0.019 0.019 1    
113:  0.072 0.012 0.877 0.013 0.014 0.012 1    
114:  0.020 0.006 0.957 0.005 0.006 0.006 1    
115:  0.015 0.007 0.958 0.006 0.007 0.007 1    
116:  0.019 0.008 0.947 0.009 0.008 0.009 1    
117:  0.528 0.015 0.416 0.014 0.015 0.012 1    
118:  0.180 0.009 0.784 0.009 0.009 0.009 1    
119:  0.025 0.006 0.950 0.006 0.006 0.006 1    
                       
                       
1:    0.250 0.221 0.009 0.242 0.263 0.016 1    
2:    0.232 0.229 0.013 0.255 0.243 0.028 1    
3:    0.206 0.210 0.035 0.195 0.196 0.158 1    
4:    0.229 0.254 0.009 0.250 0.247 0.012 1    
5:    0.241 0.222 0.022 0.270 0.232 0.014 1    
6:    0.242 0.237 0.011 0.261 0.243 0.006 1    
7:    0.257 0.232 0.010 0.253 0.240 0.008 1    
8:    0.260 0.261 0.008 0.237 0.221 0.012 1    
9:    0.226 0.228 0.008 0.260 0.255 0.023 1    
10:   0.225 0.251 0.020 0.249 0.242 0.013 1    
11:   0.247 0.245 0.013 0.237 0.247 0.011 1    
12:   0.241 0.283 0.009 0.227 0.222 0.017 1    
13:   0.244 0.252 0.011 0.242 0.241 0.010 1    
14:   0.229 0.255 0.013 0.245 0.245 0.014 1    
15:   0.247 0.192 0.021 0.253 0.268 0.019 1    
16:   0.261 0.239 0.013 0.245 0.214 0.028 1    
17:   0.243 0.240 0.017 0.230 0.257 0.013 1    
18:   0.237 0.269 0.015 0.229 0.226 0.024 1    
19:   0.224 0.229 0.012 0.240 0.260 0.035 1    
20:   0.238 0.219 0.030 0.235 0.240 0.037 1    
21:   0.238 0.306 0.008 0.215 0.216 0.016 1    
22:   0.243 0.295 0.015 0.209 0.207 0.029 1    
23:   0.235 0.252 0.029 0.223 0.242 0.019 1    
24:   0.196 0.210 0.034 0.210 0.199 0.150 1    
25:   0.222 0.208 0.045 0.239 0.234 0.052 1    
26:   0.147 0.148 0.117 0.124 0.127 0.336 1    
27:   0.012 0.013 0.658 0.012 0.013 0.291 1    
28:   0.033 0.032 0.062 0.033 0.032 0.809 1    
29:   0.065 0.066 0.041 0.059 0.064 0.704 1    
30:   0.016 0.015 0.090 0.015 0.016 0.848 1    
31:   0.010 0.009 0.109 0.010 0.010 0.852 1    
32:   0.011 0.011 0.035 0.010 0.011 0.923 1    
33:   0.046 0.041 0.014 0.045 0.042 0.811 1    
34:   0.051 0.052 0.048 0.049 0.049 0.751 1    
35:   0.078 0.082 0.047 0.075 0.076 0.642 1    
36:   0.008 0.008 0.914 0.008 0.008 0.053 1    
37:   0.026 0.025 0.113 0.026 0.024 0.785 1    
38:   0.148 0.120 0.213 0.136 0.143 0.239 1    
39:   0.045 0.047 0.133 0.043 0.045 0.687 1    
40:   0.122 0.124 0.264 0.134 0.124 0.231 1    
41:   0.185 0.204 0.047 0.206 0.196 0.162 1    
42:   0.045 0.046 0.761 0.044 0.048 0.054 1    
43:   0.081 0.076 0.614 0.079 0.084 0.065 1    
44:   0.091 0.088 0.436 0.104 0.102 0.180 1    
45:   0.012 0.012 0.919 0.011 0.012 0.034 1    
46:   0.027 0.029 0.848 0.028 0.029 0.039 1    
47:   0.011 0.010 0.930 0.011 0.010 0.029 1    
48:   0.007 0.007 0.949 0.007 0.007 0.023 1    
49:   0.015 0.015 0.840 0.016 0.016 0.097 1    
50:   0.023 0.022 0.894 0.021 0.021 0.018 1    
51:   0.013 0.012 0.926 0.012 0.014 0.023 1    
52:   0.028 0.030 0.736 0.028 0.030 0.148 1    
53:   0.046 0.046 0.483 0.046 0.046 0.334 1    
54:   0.022 0.022 0.297 0.021 0.020 0.618 1    
55:   0.038 0.032 0.122 0.043 0.041 0.724 1    
56:   0.049 0.053 0.640 0.049 0.052 0.157 1    
57:   0.078 0.081 0.387 0.075 0.069 0.310 1    
58:   0.080 0.070 0.620 0.081 0.073 0.076 1    
59:   0.006 0.006 0.960 0.006 0.007 0.014 1    
60:   0.026 0.027 0.842 0.026 0.026 0.053 1    
61:   0.061 0.049 0.217 0.050 0.058 0.564 1    
62:   0.051 0.051 0.646 0.050 0.055 0.147 1    
63:   0.069 0.060 0.190 0.065 0.070 0.546 1    
64:   0.102 0.093 0.084 0.108 0.124 0.490 1    
65:   0.021 0.019 0.060 0.020 0.020 0.859 1    
66:   0.026 0.025 0.870 0.023 0.023 0.032 1    
67:   0.079 0.071 0.519 0.074 0.077 0.179 1    
68:   0.052 0.044 0.627 0.053 0.049 0.174 1    
69:   0.042 0.040 0.061 0.044 0.042 0.771 1    
70:   0.138 0.122 0.307 0.151 0.154 0.128 1    
71:   0.008 0.007 0.933 0.008 0.008 0.037 1    
72:   0.034 0.035 0.501 0.035 0.034 0.360 1    
73:   0.020 0.021 0.796 0.019 0.020 0.124 1    
74:   0.231 0.211 0.016 0.243 0.266 0.033 1    
75:   0.260 0.293 0.006 0.228 0.201 0.012 1    
76:   0.252 0.215 0.007 0.254 0.264 0.008 1    
77:   0.255 0.245 0.007 0.246 0.234 0.014 1    
78:   0.254 0.218 0.006 0.258 0.258 0.006 1    
79:   0.239 0.205 0.039 0.251 0.252 0.014 1    
80:   0.263 0.222 0.015 0.258 0.227 0.016 1    
81:   0.226 0.277 0.008 0.243 0.236 0.011 1    
82:   0.238 0.229 0.013 0.244 0.223 0.053 1    
83:   0.255 0.226 0.007 0.250 0.256 0.007 1    
84:   0.178 0.171 0.016 0.198 0.189 0.249 1    
85:   0.248 0.259 0.007 0.259 0.213 0.014 1    
86:   0.241 0.235 0.027 0.248 0.219 0.029 1    
87:   0.249 0.220 0.010 0.251 0.236 0.034 1    
88:   0.252 0.228 0.010 0.260 0.234 0.016 1    
89:   0.208 0.241 0.007 0.265 0.272 0.007 1    
90:   0.267 0.191 0.015 0.259 0.258 0.010 1    
91:   0.240 0.280 0.013 0.214 0.232 0.021 1    
92:   0.205 0.219 0.062 0.187 0.205 0.123 1    
93:   0.241 0.226 0.009 0.250 0.232 0.042 1    
94:   0.225 0.261 0.014 0.247 0.217 0.036 1    
95:   0.248 0.304 0.010 0.218 0.208 0.013 1    
96:   0.219 0.252 0.026 0.221 0.243 0.040 1    
97:   0.267 0.247 0.012 0.233 0.233 0.008 1    
98:   0.249 0.221 0.008 0.255 0.254 0.013 1    
99:   0.249 0.232 0.014 0.246 0.249 0.010 1    
100:  0.189 0.237 0.074 0.203 0.211 0.085 1    
101:  0.241 0.232 0.014 0.264 0.241 0.008 1    
102:  0.011 0.011 0.310 0.011 0.012 0.645 1    
103:  0.010 0.010 0.928 0.010 0.011 0.031 1    
104:  0.007 0.007 0.957 0.007 0.007 0.014 1    
105:  0.009 0.009 0.368 0.009 0.009 0.596 1    
106:  0.042 0.042 0.762 0.044 0.044 0.066 1    
107:  0.009 0.009 0.931 0.009 0.009 0.032 1    
108:  0.007 0.007 0.911 0.007 0.007 0.061 1    
109:  0.055 0.043 0.783 0.052 0.050 0.017 1    
110:  0.006 0.006 0.961 0.006 0.006 0.014 1    
111:  0.021 0.020 0.790 0.021 0.020 0.128 1    
112:  0.019 0.021 0.539 0.020 0.022 0.379 1    
113:  0.013 0.013 0.880 0.013 0.013 0.068 1    
114:  0.006 0.006 0.954 0.006 0.006 0.023 1    
115:  0.007 0.007 0.956 0.007 0.007 0.017 1    
116:  0.009 0.008 0.942 0.009 0.008 0.024 1    
117:  0.016 0.013 0.421 0.014 0.016 0.520 1    
118:  0.011 0.010 0.806 0.010 0.010 0.154 1    
119:  0.006 0.006 0.951 0.007 0.006 0.024 1    
                       
                       
1:    0.263 0.009 0.248 0.016 0.233 0.230 1    
2:    0.255 0.014 0.235 0.031 0.236 0.229 1    
3:    0.190 0.036 0.199 0.176 0.203 0.195 1    
4:    0.231 0.008 0.259 0.012 0.237 0.253 1    
5:    0.255 0.022 0.232 0.014 0.232 0.244 1    
6:    0.240 0.011 0.251 0.006 0.252 0.240 1    
7:    0.243 0.010 0.234 0.007 0.239 0.267 1    
8:    0.232 0.007 0.264 0.011 0.251 0.235 1    
9:    0.257 0.009 0.237 0.023 0.226 0.248 1    
10:   0.239 0.020 0.268 0.013 0.221 0.239 1    
11:   0.255 0.013 0.247 0.012 0.245 0.228 1    
12:   0.216 0.008 0.234 0.018 0.274 0.249 1    
13:   0.222 0.011 0.247 0.010 0.268 0.242 1    
14:   0.252 0.012 0.255 0.013 0.230 0.238 1    
15:   0.257 0.020 0.197 0.018 0.225 0.283 1    
16:   0.222 0.014 0.266 0.030 0.246 0.222 1    
17:   0.225 0.016 0.273 0.013 0.229 0.244 1    
18:   0.223 0.013 0.246 0.022 0.242 0.254 1    
19:   0.238 0.012 0.234 0.035 0.234 0.248 1    
20:   0.229 0.032 0.221 0.040 0.231 0.248 1    
21:   0.207 0.008 0.258 0.017 0.274 0.236 1    
22:   0.194 0.015 0.241 0.029 0.278 0.242 1    
23:   0.242 0.029 0.250 0.021 0.236 0.222 1    
24:   0.203 0.035 0.205 0.157 0.203 0.197 1    
25:   0.258 0.042 0.199 0.055 0.212 0.234 1    
26:   0.124 0.110 0.130 0.361 0.147 0.128 1    
27:   0.012 0.631 0.011 0.320 0.012 0.012 1    
28:   0.031 0.057 0.028 0.821 0.033 0.030 1    
29:   0.056 0.039 0.060 0.726 0.058 0.061 1    
30:   0.016 0.080 0.015 0.857 0.017 0.015 1    
31:   0.009 0.107 0.009 0.855 0.009 0.010 1    
32:   0.010 0.023 0.010 0.936 0.011 0.011 1    
33:   0.039 0.010 0.045 0.815 0.048 0.043 1    
34:   0.046 0.043 0.048 0.767 0.047 0.049 1    
35:   0.077 0.034 0.075 0.679 0.068 0.067 1    
36:   0.008 0.920 0.007 0.048 0.009 0.008 1    
37:   0.025 0.127 0.027 0.770 0.027 0.024 1    
38:   0.156 0.230 0.112 0.225 0.139 0.138 1    
39:   0.045 0.130 0.045 0.685 0.049 0.047 1    
40:   0.127 0.264 0.126 0.224 0.125 0.134 1    
41:   0.204 0.045 0.188 0.181 0.187 0.194 1    
42:   0.042 0.782 0.042 0.043 0.047 0.044 1    
43:   0.086 0.620 0.071 0.067 0.080 0.077 1    
44:   0.096 0.442 0.084 0.191 0.086 0.101 1    
45:   0.011 0.932 0.011 0.023 0.011 0.012 1    
46:   0.029 0.858 0.029 0.030 0.026 0.028 1    
47:   0.010 0.939 0.010 0.020 0.011 0.010 1    
48:   0.007 0.957 0.007 0.014 0.007 0.008 1    
49:   0.016 0.823 0.016 0.114 0.017 0.015 1    
50:   0.022 0.907 0.020 0.007 0.022 0.021 1    
51:   0.013 0.927 0.011 0.026 0.011 0.012 1    
52:   0.027 0.730 0.026 0.161 0.029 0.027 1    
53:   0.048 0.471 0.043 0.348 0.044 0.046 1    
54:   0.020 0.290 0.020 0.630 0.020 0.020 1    
55:   0.039 0.113 0.032 0.744 0.037 0.036 1    
56:   0.049 0.655 0.050 0.148 0.045 0.053 1    
57:   0.071 0.371 0.084 0.342 0.071 0.060 1    
58:   0.080 0.638 0.070 0.066 0.074 0.073 1    
59:   0.007 0.966 0.006 0.009 0.006 0.006 1    
60:   0.028 0.840 0.025 0.056 0.025 0.026 1    
61:   0.059 0.172 0.046 0.625 0.048 0.049 1    
62:   0.050 0.619 0.053 0.169 0.056 0.052 1    
63:   0.066 0.186 0.066 0.556 0.061 0.065 1    
64:   0.107 0.083 0.084 0.521 0.104 0.101 1    
65:   0.019 0.040 0.018 0.885 0.019 0.018 1    
66:   0.027 0.887 0.022 0.020 0.021 0.023 1    
67:   0.077 0.523 0.071 0.187 0.071 0.071 1    
68:   0.050 0.626 0.043 0.182 0.050 0.049 1    
69:   0.041 0.054 0.038 0.785 0.042 0.040 1    
70:   0.153 0.308 0.124 0.134 0.124 0.156 1    
71:   0.007 0.937 0.007 0.034 0.008 0.007 1    
72:   0.036 0.520 0.035 0.335 0.035 0.039 1    
73:   0.020 0.810 0.020 0.112 0.018 0.019 1    
74:   0.274 0.016 0.189 0.035 0.224 0.263 1    
75:   0.229 0.006 0.258 0.013 0.264 0.229 1    
76:   0.249 0.007 0.233 0.008 0.240 0.262 1    
77:   0.222 0.007 0.283 0.014 0.260 0.215 1    
78:   0.304 0.006 0.213 0.006 0.209 0.263 1    
79:   0.274 0.037 0.191 0.016 0.232 0.250 1    
80:   0.258 0.015 0.215 0.018 0.266 0.229 1    
81:   0.215 0.008 0.279 0.010 0.236 0.252 1    
82:   0.251 0.014 0.242 0.052 0.226 0.216 1    
83:   0.275 0.007 0.226 0.007 0.253 0.232 1    
84:   0.170 0.014 0.162 0.267 0.180 0.206 1    
85:   0.220 0.007 0.272 0.013 0.258 0.231 1    
86:   0.242 0.030 0.209 0.031 0.237 0.252 1    
87:   0.224 0.011 0.244 0.032 0.242 0.248 1    
88:   0.232 0.009 0.220 0.016 0.256 0.268 1    
89:   0.266 0.006 0.255 0.007 0.226 0.240 1    
90:   0.294 0.014 0.187 0.011 0.237 0.257 1    
91:   0.234 0.013 0.280 0.021 0.234 0.218 1    
92:   0.208 0.055 0.192 0.133 0.210 0.203 1    
93:   0.231 0.010 0.246 0.043 0.235 0.236 1    
94:   0.235 0.014 0.244 0.036 0.232 0.239 1    
95:   0.217 0.010 0.294 0.013 0.237 0.231 1    
96:   0.222 0.023 0.236 0.042 0.238 0.239 1    
97:   0.222 0.011 0.257 0.008 0.240 0.262 1    
98:   0.259 0.008 0.251 0.012 0.234 0.236 1    
99:   0.260 0.014 0.227 0.010 0.244 0.245 1    
100:  0.212 0.072 0.219 0.085 0.216 0.196 1    
101:  0.277 0.014 0.238 0.008 0.226 0.238 1    
102:  0.011 0.297 0.011 0.659 0.011 0.011 1    
103:  0.011 0.926 0.010 0.032 0.011 0.010 1    
104:  0.007 0.958 0.007 0.014 0.007 0.007 1    
105:  0.008 0.344 0.009 0.623 0.008 0.008 1    
106:  0.044 0.764 0.041 0.067 0.043 0.041 1    
107:  0.009 0.934 0.009 0.031 0.009 0.008 1    
108:  0.007 0.915 0.007 0.057 0.007 0.007 1    
109:  0.053 0.792 0.046 0.018 0.045 0.045 1    
110:  0.006 0.963 0.006 0.013 0.006 0.006 1    
111:  0.021 0.787 0.020 0.132 0.020 0.020 1    
112:  0.019 0.554 0.018 0.369 0.021 0.019 1    
113:  0.012 0.891 0.012 0.062 0.012 0.012 1    
114:  0.006 0.957 0.006 0.020 0.006 0.006 1    
115:  0.007 0.958 0.007 0.015 0.007 0.007 1    
116:  0.009 0.948 0.009 0.018 0.008 0.009 1    
117:  0.014 0.403 0.013 0.541 0.014 0.015 1    
118:  0.009 0.798 0.009 0.164 0.010 0.009 1    
119:  0.007 0.949 0.006 0.025 0.006 0.006 1    
                       
                       
1:    0.275 0.016 0.231 0.232 0.236 0.009 1    
2:    0.255 0.028 0.228 0.239 0.239 0.011 1    
3:    0.190 0.169 0.206 0.217 0.181 0.037 1    
4:    0.255 0.011 0.259 0.228 0.238 0.008 1    
5:    0.253 0.015 0.257 0.205 0.249 0.021 1    
6:    0.239 0.006 0.234 0.262 0.247 0.011 1    
7:    0.252 0.008 0.241 0.250 0.240 0.009 1    
8:    0.206 0.011 0.257 0.292 0.225 0.007 1    
9:    0.247 0.024 0.222 0.245 0.254 0.009 1    
10:   0.257 0.014 0.247 0.213 0.250 0.019 1    
11:   0.245 0.012 0.262 0.229 0.239 0.014 1    
12:   0.222 0.018 0.243 0.302 0.206 0.009 1    
13:   0.239 0.010 0.241 0.253 0.246 0.011 1    
14:   0.241 0.015 0.252 0.230 0.249 0.012 1    
15:   0.255 0.020 0.238 0.207 0.259 0.020 1    
16:   0.207 0.031 0.231 0.284 0.234 0.014 1    
17:   0.242 0.014 0.242 0.229 0.257 0.016 1    
18:   0.222 0.023 0.238 0.304 0.200 0.013 1    
19:   0.262 0.035 0.216 0.234 0.241 0.011 1    
20:   0.223 0.039 0.230 0.229 0.247 0.033 1    
21:   0.235 0.016 0.234 0.317 0.190 0.008 1    
22:   0.206 0.032 0.241 0.316 0.190 0.016 1    
23:   0.247 0.020 0.237 0.225 0.242 0.029 1    
24:   0.187 0.166 0.209 0.197 0.208 0.033 1    
25:   0.261 0.057 0.208 0.206 0.227 0.042 1    
26:   0.138 0.326 0.142 0.154 0.122 0.117 1    
27:   0.013 0.305 0.012 0.013 0.012 0.645 1    
28:   0.034 0.795 0.037 0.032 0.032 0.071 1    
29:   0.064 0.704 0.067 0.063 0.063 0.039 1    
30:   0.016 0.839 0.017 0.017 0.015 0.096 1    
31:   0.011 0.829 0.009 0.010 0.011 0.130 1    
32:   0.012 0.921 0.010 0.012 0.011 0.034 1    
33:   0.045 0.804 0.045 0.046 0.048 0.012 1    
34:   0.054 0.742 0.052 0.052 0.054 0.046 1    
35:   0.083 0.636 0.086 0.077 0.076 0.041 1    
36:   0.008 0.055 0.008 0.008 0.008 0.913 1    
37:   0.024 0.774 0.028 0.027 0.025 0.122 1    
38:   0.149 0.230 0.132 0.132 0.145 0.213 1    
39:   0.046 0.672 0.046 0.052 0.044 0.139 1    
40:   0.124 0.226 0.120 0.142 0.135 0.254 1    
41:   0.219 0.175 0.187 0.183 0.191 0.045 1    
42:   0.049 0.045 0.043 0.047 0.048 0.767 1    
43:   0.082 0.059 0.084 0.074 0.081 0.620 1    
44:   0.101 0.193 0.091 0.093 0.098 0.423 1    
45:   0.011 0.032 0.012 0.012 0.012 0.921 1    
46:   0.029 0.039 0.028 0.030 0.028 0.846 1    
47:   0.010 0.024 0.010 0.010 0.011 0.934 1    
48:   0.007 0.014 0.007 0.008 0.007 0.956 1    
49:   0.018 0.121 0.016 0.017 0.016 0.812 1    
50:   0.023 0.011 0.023 0.024 0.022 0.896 1    
51:   0.012 0.022 0.012 0.012 0.013 0.929 1    
52:   0.026 0.175 0.033 0.029 0.030 0.706 1    
53:   0.050 0.339 0.048 0.045 0.049 0.470 1    
54:   0.021 0.631 0.021 0.019 0.022 0.287 1    
55:   0.041 0.739 0.034 0.030 0.037 0.118 1    
56:   0.052 0.154 0.058 0.056 0.056 0.624 1    
57:   0.078 0.316 0.081 0.082 0.076 0.367 1    
58:   0.084 0.073 0.075 0.069 0.082 0.616 1    
59:   0.006 0.012 0.007 0.006 0.007 0.962 1    
60:   0.028 0.059 0.027 0.028 0.025 0.833 1    
61:   0.052 0.580 0.054 0.049 0.054 0.211 1    
62:   0.051 0.172 0.053 0.056 0.054 0.615 1    
63:   0.064 0.546 0.065 0.061 0.071 0.192 1    
64:   0.116 0.492 0.100 0.088 0.113 0.091 1    
65:   0.019 0.865 0.023 0.020 0.020 0.054 1    
66:   0.027 0.029 0.023 0.026 0.026 0.870 1    
67:   0.080 0.173 0.077 0.070 0.078 0.521 1    
68:   0.049 0.183 0.052 0.044 0.055 0.619 1    
69:   0.048 0.767 0.044 0.042 0.042 0.057 1    
70:   0.151 0.132 0.138 0.137 0.151 0.289 1    
71:   0.008 0.041 0.008 0.007 0.007 0.928 1    
72:   0.035 0.354 0.035 0.034 0.037 0.506 1    
73:   0.018 0.116 0.020 0.021 0.020 0.806 1    
74:   0.268 0.034 0.223 0.210 0.249 0.017 1    
75:   0.218 0.013 0.260 0.293 0.211 0.006 1    
76:   0.271 0.009 0.237 0.197 0.278 0.007 1    
77:   0.240 0.015 0.229 0.259 0.251 0.007 1    
78:   0.256 0.006 0.254 0.216 0.263 0.006 1    
79:   0.255 0.015 0.217 0.207 0.268 0.039 1    
80:   0.224 0.018 0.230 0.249 0.262 0.016 1    
81:   0.227 0.011 0.256 0.259 0.239 0.008 1    
82:   0.245 0.054 0.247 0.205 0.235 0.014 1    
83:   0.257 0.007 0.256 0.204 0.270 0.007 1    
84:   0.188 0.250 0.177 0.168 0.202 0.015 1    
85:   0.221 0.013 0.244 0.269 0.247 0.006 1    
86:   0.255 0.030 0.221 0.243 0.226 0.025 1    
87:   0.255 0.030 0.241 0.211 0.251 0.011 1    
88:   0.252 0.017 0.260 0.203 0.259 0.009 1    
89:   0.260 0.008 0.239 0.225 0.262 0.006 1    
90:   0.266 0.011 0.233 0.211 0.265 0.014 1    
91:   0.250 0.020 0.235 0.249 0.232 0.013 1    
92:   0.211 0.122 0.197 0.226 0.185 0.060 1    
93:   0.232 0.040 0.247 0.211 0.261 0.009 1    
94:   0.240 0.033 0.243 0.252 0.217 0.014 1    
95:   0.203 0.013 0.255 0.306 0.213 0.009 1    
96:   0.239 0.039 0.235 0.232 0.229 0.026 1    
97:   0.202 0.008 0.259 0.289 0.232 0.011 1    
98:   0.235 0.012 0.265 0.244 0.236 0.008 1    
99:   0.250 0.011 0.243 0.224 0.257 0.015 1    
100:  0.234 0.090 0.198 0.208 0.197 0.073 1    
101:  0.238 0.008 0.231 0.237 0.273 0.014 1    
102:  0.011 0.648 0.011 0.011 0.012 0.306 1    
103:  0.011 0.030 0.010 0.010 0.010 0.927 1    
104:  0.008 0.013 0.007 0.007 0.008 0.958 1    
105:  0.008 0.601 0.009 0.009 0.009 0.364 1    
106:  0.042 0.069 0.044 0.043 0.042 0.760 1    
107:  0.010 0.032 0.009 0.009 0.010 0.931 1    
108:  0.007 0.055 0.007 0.007 0.008 0.916 1    
109:  0.051 0.017 0.046 0.047 0.054 0.785 1    
110:  0.006 0.012 0.006 0.006 0.006 0.964 1    
111:  0.021 0.132 0.022 0.020 0.019 0.785 1    
112:  0.021 0.370 0.020 0.022 0.020 0.547 1    
113:  0.014 0.064 0.014 0.014 0.014 0.881 1    
114:  0.006 0.023 0.006 0.006 0.006 0.954 1    
115:  0.007 0.016 0.007 0.007 0.007 0.957 1    
116:  0.009 0.022 0.008 0.009 0.009 0.943 1    
117:  0.016 0.490 0.015 0.016 0.014 0.449 1    
118:  0.010 0.156 0.009 0.009 0.010 0.806 1    
119:  0.007 0.023 0.007 0.006 0.007 0.951 1    
                       
                       
1:    0.224 0.270 0.254 0.009 0.227 0.016 1    
2:    0.243 0.228 0.247 0.013 0.239 0.029 1    
3:    0.201 0.182 0.204 0.037 0.208 0.168 1    
4:    0.237 0.228 0.248 0.008 0.266 0.012 1    
5:    0.246 0.251 0.239 0.022 0.227 0.015 1    
6:    0.265 0.223 0.234 0.011 0.260 0.007 1    
7:    0.248 0.236 0.237 0.010 0.262 0.008 1    
8:    0.267 0.216 0.220 0.007 0.278 0.011 1    
9:    0.221 0.275 0.238 0.008 0.234 0.024 1    
10:   0.236 0.214 0.241 0.019 0.276 0.014 1    
11:   0.253 0.245 0.239 0.013 0.238 0.012 1    
12:   0.273 0.193 0.257 0.008 0.252 0.017 1    
13:   0.250 0.219 0.238 0.011 0.271 0.010 1    
14:   0.245 0.228 0.223 0.012 0.278 0.015 1    
15:   0.217 0.319 0.231 0.020 0.196 0.017 1    
16:   0.260 0.212 0.229 0.013 0.259 0.028 1    
17:   0.224 0.246 0.242 0.016 0.256 0.015 1    
18:   0.255 0.203 0.238 0.015 0.268 0.022 1    
19:   0.250 0.259 0.236 0.012 0.208 0.034 1    
20:   0.217 0.237 0.226 0.031 0.249 0.041 1    
21:   0.272 0.191 0.225 0.008 0.287 0.017 1    
22:   0.268 0.188 0.232 0.017 0.262 0.034 1    
23:   0.249 0.231 0.233 0.029 0.238 0.020 1    
24:   0.188 0.211 0.201 0.033 0.197 0.171 1    
25:   0.205 0.284 0.223 0.043 0.191 0.054 1    
26:   0.147 0.121 0.132 0.108 0.134 0.357 1    
27:   0.012 0.012 0.012 0.646 0.013 0.304 1    
28:   0.036 0.038 0.033 0.083 0.033 0.778 1    
29:   0.063 0.057 0.068 0.042 0.064 0.705 1    
30:   0.017 0.017 0.017 0.127 0.017 0.806 1    
31:   0.010 0.010 0.009 0.173 0.010 0.788 1    
32:   0.011 0.012 0.011 0.060 0.012 0.894 1    
33:   0.053 0.045 0.048 0.017 0.052 0.785 1    
34:   0.054 0.049 0.055 0.047 0.051 0.743 1    
35:   0.075 0.075 0.080 0.043 0.078 0.649 1    
36:   0.008 0.008 0.008 0.920 0.008 0.049 1    
37:   0.028 0.024 0.026 0.129 0.025 0.769 1    
38:   0.138 0.160 0.133 0.239 0.119 0.211 1    
39:   0.045 0.046 0.046 0.161 0.050 0.652 1    
40:   0.129 0.133 0.126 0.255 0.130 0.227 1    
41:   0.193 0.205 0.204 0.050 0.195 0.154 1    
42:   0.044 0.045 0.044 0.775 0.042 0.050 1    
43:   0.082 0.080 0.076 0.620 0.077 0.065 1    
44:   0.088 0.111 0.100 0.447 0.084 0.170 1    
45:   0.012 0.013 0.011 0.901 0.012 0.051 1    
46:   0.031 0.028 0.027 0.828 0.030 0.056 1    
47:   0.010 0.010 0.010 0.937 0.009 0.023 1    
48:   0.007 0.007 0.007 0.958 0.007 0.014 1    
49:   0.014 0.016 0.015 0.751 0.016 0.188 1    
50:   0.025 0.023 0.022 0.892 0.022 0.015 1    
51:   0.012 0.014 0.012 0.922 0.010 0.030 1    
52:   0.025 0.031 0.031 0.655 0.025 0.233 1    
53:   0.046 0.044 0.050 0.468 0.047 0.346 1    
54:   0.019 0.020 0.020 0.310 0.020 0.610 1    
55:   0.040 0.040 0.040 0.128 0.036 0.716 1    
56:   0.048 0.049 0.052 0.625 0.044 0.181 1    
57:   0.068 0.071 0.078 0.324 0.070 0.388 1    
58:   0.076 0.079 0.070 0.628 0.070 0.078 1    
59:   0.006 0.007 0.006 0.963 0.006 0.011 1    
60:   0.026 0.028 0.026 0.803 0.025 0.091 1    
61:   0.044 0.055 0.047 0.151 0.039 0.664 1    
62:   0.053 0.053 0.054 0.575 0.047 0.218 1    
63:   0.062 0.070 0.069 0.189 0.058 0.553 1    
64:   0.095 0.119 0.098 0.077 0.079 0.532 1    
65:   0.017 0.018 0.018 0.046 0.018 0.883 1    
66:   0.024 0.023 0.023 0.881 0.023 0.027 1    
67:   0.070 0.075 0.075 0.512 0.071 0.197 1    
68:   0.048 0.054 0.046 0.595 0.046 0.210 1    
69:   0.039 0.041 0.046 0.065 0.044 0.764 1    
70:   0.123 0.161 0.144 0.277 0.118 0.177 1    
71:   0.007 0.008 0.008 0.930 0.007 0.040 1    
72:   0.038 0.038 0.035 0.543 0.032 0.314 1    
73:   0.019 0.020 0.020 0.794 0.018 0.129 1    
74:   0.212 0.313 0.232 0.016 0.191 0.035 1    
75:   0.283 0.178 0.238 0.006 0.283 0.012 1    
76:   0.239 0.306 0.219 0.007 0.221 0.008 1    
77:   0.256 0.194 0.233 0.007 0.297 0.014 1    
78:   0.226 0.316 0.223 0.006 0.223 0.006 1    
79:   0.239 0.296 0.223 0.040 0.189 0.014 1    
80:   0.245 0.272 0.243 0.015 0.207 0.018 1    
81:   0.243 0.194 0.250 0.008 0.294 0.011 1    
82:   0.228 0.246 0.229 0.013 0.232 0.053 1    
83:   0.254 0.271 0.216 0.007 0.246 0.006 1    
84:   0.180 0.206 0.180 0.016 0.174 0.245 1    
85:   0.245 0.203 0.249 0.007 0.283 0.013 1    
86:   0.235 0.246 0.239 0.027 0.222 0.031 1    
87:   0.250 0.216 0.236 0.011 0.256 0.030 1    
88:   0.240 0.263 0.244 0.009 0.227 0.017 1    
89:   0.230 0.267 0.258 0.006 0.232 0.008 1    
90:   0.227 0.341 0.228 0.014 0.178 0.011 1    
91:   0.244 0.189 0.235 0.013 0.295 0.023 1    
92:   0.209 0.217 0.205 0.063 0.193 0.114 1    
93:   0.222 0.241 0.233 0.009 0.252 0.043 1    
94:   0.244 0.221 0.242 0.015 0.242 0.036 1    
95:   0.257 0.173 0.248 0.010 0.299 0.014 1    
96:   0.242 0.217 0.236 0.026 0.236 0.044 1    
97:   0.259 0.225 0.245 0.012 0.252 0.008 1    
98:   0.226 0.268 0.243 0.008 0.244 0.012 1    
99:   0.223 0.264 0.252 0.014 0.238 0.009 1    
100:  0.207 0.198 0.212 0.076 0.220 0.088 1    
101:  0.238 0.269 0.233 0.014 0.239 0.008 1    
102:  0.011 0.012 0.011 0.338 0.010 0.618 1    
103:  0.010 0.010 0.010 0.926 0.011 0.033 1    
104:  0.007 0.007 0.007 0.961 0.007 0.012 1    
105:  0.008 0.009 0.008 0.338 0.009 0.628 1    
106:  0.045 0.044 0.040 0.762 0.039 0.071 1    
107:  0.009 0.010 0.010 0.930 0.009 0.032 1    
108:  0.007 0.007 0.007 0.878 0.007 0.093 1    
109:  0.046 0.051 0.051 0.791 0.044 0.018 1    
110:  0.006 0.006 0.006 0.962 0.006 0.014 1    
111:  0.020 0.021 0.021 0.804 0.020 0.114 1    
112:  0.019 0.021 0.022 0.574 0.021 0.343 1    
113:  0.012 0.012 0.013 0.877 0.012 0.074 1    
114:  0.006 0.006 0.006 0.957 0.006 0.020 1    
115:  0.007 0.007 0.007 0.958 0.007 0.015 1    
116:  0.008 0.009 0.009 0.945 0.008 0.020 1    
117:  0.014 0.014 0.014 0.434 0.012 0.512 1    
118:  0.009 0.010 0.009 0.787 0.009 0.176 1    
119:  0.006 0.007 0.006 0.951 0.006 0.024 1    
