  1:   0.2568  0.0158  0.2402  0.2297  0.2485  0.0090  1
  2:   0.2436  0.0288  0.2370  0.2346  0.2430  0.0128  1
  3:   0.1964  0.1710  0.2018  0.2082  0.1862  0.0364  1
  4:   0.2531  0.0118  0.2433  0.2489  0.2347  0.0082  1
  5:   0.2416  0.0144  0.2384  0.2244  0.2596  0.0216  1
  6:   0.2392  0.0062  0.2444  0.2527  0.2464  0.0110  1
  7:   0.2476  0.0076  0.2442  0.2465  0.2446  0.0096  1
  8:   0.2243  0.0112  0.2576  0.2724  0.2271  0.0074  1
  9:   0.2500  0.0236  0.2278  0.2312  0.2591  0.0084  1
 10:   0.2462  0.0136  0.2360  0.2468  0.2380  0.0194  1
 11:   0.2412  0.0118  0.2572  0.2396  0.2370  0.0132  1
 12:   0.2391  0.0178  0.2581  0.2697  0.2067  0.0086  1
 13:   0.2426  0.0102  0.2496  0.2560  0.2308  0.0108  1
 14:   0.2364  0.0142  0.2420  0.2508  0.2444  0.0122  1
 15:   0.2563  0.0186  0.2324  0.2000  0.2725  0.0202  1
 16:   0.2243  0.0296  0.2487  0.2593  0.2247  0.0134  1
 17:   0.2500  0.0138  0.2356  0.2473  0.2368  0.0164  1
 18:   0.2336  0.0222  0.2495  0.2659  0.2148  0.0140  1
 19:   0.2477  0.0350  0.2360  0.2226  0.2471  0.0116  1
 20:   0.2371  0.0396  0.2249  0.2261  0.2409  0.0316  1
 21:   0.2284  0.0162  0.2548  0.2925  0.2000  0.0080  1
 22:   0.2216  0.0306  0.2538  0.2826  0.1954  0.0160  1
 23:   0.2340  0.0204  0.2429  0.2402  0.2332  0.0292  1
 24:   0.1948  0.1616  0.1982  0.2044  0.2076  0.0334  1
 25:   0.2380  0.0538  0.2120  0.2022  0.2502  0.0438  1
 26:   0.1289  0.3500  0.1459  0.1441  0.1209  0.1103  1
 27:   0.0126  0.3136  0.0120  0.0124  0.0120  0.6373  1
 28:   0.0324  0.8000  0.0346  0.0314  0.0330  0.0687  1
 29:   0.0626  0.7100  0.0638  0.0628  0.0598  0.0408  1
 30:   0.0160  0.8364  0.0166  0.0158  0.0158  0.0994  1
 31:   0.0100  0.8294  0.0094  0.0096  0.0100  0.1316  1
 32:   0.0112  0.9162  0.0108  0.0116  0.0108  0.0394  1
 33:   0.0454  0.8020  0.0476  0.0468  0.0446  0.0136  1
 34:   0.0520  0.7502  0.0502  0.0514  0.0498  0.0464  1
 35:   0.0768  0.6503  0.0780  0.0776  0.0758  0.0414  1
 36:   0.0080  0.0512  0.0082  0.0078  0.0080  0.9168  1
 37:   0.0244  0.7764  0.0270  0.0258  0.0258  0.1206  1
 38:   0.1388  0.2260  0.1392  0.1220  0.1496  0.2244  1
 39:   0.0464  0.6700  0.0466  0.0484  0.0456  0.1430  1
 40:   0.1294  0.2262  0.1238  0.1302  0.1318  0.2586  1
 41:   0.2066  0.1680  0.1908  0.1894  0.1976  0.0476  1
 42:   0.0460  0.0480  0.0452  0.0446  0.0442  0.7719  1
 43:   0.0794  0.0650  0.0820  0.0742  0.0792  0.6202  1
 44:   0.0992  0.1822  0.0890  0.0870  0.1012  0.4415  1
 45:   0.0114  0.0366  0.0118  0.0116  0.0116  0.9170  1
 46:   0.0284  0.0418  0.0280  0.0290  0.0286  0.8442  1
 47:   0.0100  0.0232  0.0104  0.0098  0.0104  0.9362  1
 48:   0.0072  0.0156  0.0070  0.0072  0.0070  0.9560  1
 49:   0.0160  0.1372  0.0154  0.0158  0.0158  0.7998  1
 50:   0.0222  0.0126  0.0232  0.0220  0.0222  0.8977  1
 51:   0.0122  0.0246  0.0120  0.0110  0.0128  0.9274  1
 52:   0.0280  0.1860  0.0284  0.0270  0.0292  0.7013  1
 53:   0.0476  0.3428  0.0460  0.0460  0.0474  0.4703  1
 54:   0.0202  0.6242  0.0198  0.0200  0.0210  0.2948  1
 55:   0.0380  0.7336  0.0364  0.0332  0.0390  0.1198  1
 56:   0.0524  0.1586  0.0504  0.0496  0.0510  0.6380  1
 57:   0.0714  0.3478  0.0744  0.0776  0.0742  0.3544  1
 58:   0.0750  0.0748  0.0758  0.0706  0.0816  0.6223  1
 59:   0.0062  0.0112  0.0062  0.0060  0.0066  0.9638  1
 60:   0.0268  0.0658  0.0258  0.0262  0.0268  0.8286  1
 61:   0.0506  0.6146  0.0508  0.0444  0.0540  0.1855  1
 62:   0.0536  0.1830  0.0538  0.0506  0.0504  0.6086  1
 63:   0.0662  0.5550  0.0626  0.0606  0.0676  0.1880  1
 64:   0.1076  0.5131  0.1000  0.0868  0.1090  0.0836  1
 65:   0.0186  0.8748  0.0200  0.0186  0.0192  0.0488  1
 66:   0.0246  0.0262  0.0240  0.0234  0.0250  0.8768  1
 67:   0.0752  0.1885  0.0744  0.0716  0.0758  0.5144  1
 68:   0.0480  0.1888  0.0490  0.0450  0.0528  0.6164  1
 69:   0.0432  0.7730  0.0412  0.0418  0.0420  0.0588  1
 70:   0.1509  0.1475  0.1295  0.1263  0.1511  0.2948  1
 71:   0.0076  0.0378  0.0076  0.0070  0.0074  0.9326  1
 72:   0.0354  0.3388  0.0356  0.0342  0.0366  0.5194  1
 73:   0.0192  0.1218  0.0192  0.0200  0.0196  0.8002  1
 74:   0.2539  0.0342  0.2302  0.1960  0.2698  0.0160  1
 75:   0.2208  0.0126  0.2654  0.2828  0.2126  0.0058  1
 76:   0.2601  0.0082  0.2447  0.2175  0.2623  0.0072  1
 77:   0.2378  0.0144  0.2436  0.2651  0.2322  0.0070  1
 78:   0.2486  0.0060  0.2345  0.2185  0.2864  0.0060  1
 79:   0.2452  0.0146  0.2312  0.2002  0.2699  0.0390  1
 80:   0.2292  0.0176  0.2445  0.2278  0.2657  0.0152  1
 81:   0.2474  0.0108  0.2414  0.2715  0.2212  0.0078  1
 82:   0.2262  0.0544  0.2318  0.2310  0.2433  0.0134  1
 83:   0.2389  0.0068  0.2523  0.2257  0.2693  0.0070  1
 84:   0.1883  0.2493  0.1771  0.1707  0.1993  0.0152  1
 85:   0.2284  0.0132  0.2447  0.2709  0.2360  0.0068  1
 86:   0.2385  0.0300  0.2395  0.2250  0.2396  0.0274  1
 87:   0.2449  0.0308  0.2413  0.2385  0.2339  0.0106  1
 88:   0.2486  0.0164  0.2472  0.2216  0.2570  0.0092  1
 89:   0.2585  0.0074  0.2348  0.2342  0.2589  0.0062  1
 90:   0.2528  0.0108  0.2358  0.1948  0.2916  0.0142  1
 91:   0.2383  0.0214  0.2431  0.2685  0.2157  0.0130  1
 92:   0.2048  0.1227  0.2072  0.2088  0.1960  0.0604  1
 93:   0.2340  0.0420  0.2316  0.2352  0.2482  0.0092  1
 94:   0.2353  0.0354  0.2379  0.2481  0.2293  0.0140  1
 95:   0.2268  0.0132  0.2480  0.2984  0.2040  0.0096  1
 96:   0.2407  0.0414  0.2407  0.2343  0.2177  0.0252  1
 97:   0.2424  0.0078  0.2517  0.2575  0.2292  0.0114  1
 98:   0.2406  0.0120  0.2378  0.2462  0.2555  0.0080  1
 99:   0.2464  0.0100  0.2412  0.2302  0.2580  0.0142  1
100:   0.2172  0.0872  0.2080  0.2144  0.2008  0.0724  1
101:   0.2389  0.0080  0.2347  0.2353  0.2692  0.0140  1
102:   0.0110  0.6320  0.0110  0.0106  0.0116  0.3237  1
103:   0.0106  0.0318  0.0104  0.0102  0.0104  0.9266  1
104:   0.0072  0.0132  0.0070  0.0070  0.0072  0.9584  1
105:   0.0082  0.6140  0.0084  0.0088  0.0088  0.3518  1
106:   0.0422  0.0676  0.0434  0.0410  0.0432  0.7626  1
107:   0.0092  0.0328  0.0092  0.0090  0.0094  0.9304  1
108:   0.0070  0.0676  0.0070  0.0070  0.0072  0.9042  1
109:   0.0488  0.0176  0.0478  0.0444  0.0526  0.7888  1
110:   0.0060  0.0130  0.0060  0.0060  0.0060  0.9630  1
111:   0.0206  0.1254  0.0208  0.0198  0.0202  0.7932  1
112:   0.0206  0.3617  0.0196  0.0202  0.0198  0.5581  1
113:   0.0128  0.0680  0.0128  0.0130  0.0126  0.8808  1
114:   0.0060  0.0212  0.0058  0.0060  0.0060  0.9550  1
115:   0.0070  0.0156  0.0068  0.0070  0.0070  0.9566  1
116:   0.0088  0.0206  0.0084  0.0084  0.0088  0.9450  1
117:   0.0146  0.5182  0.0146  0.0138  0.0142  0.4246  1
118:   0.0094  0.1660  0.0096  0.0092  0.0096  0.7962  1
119:   0.0062  0.0242  0.0062  0.0060  0.0068  0.9506  1
