  1:   0.0178  0.4980  0.4842  1
  2:   0.0238  0.4425  0.5337  1
  3:   0.1486  0.3658  0.4856  1
  4:   0.0146  0.4616  0.5238  1
  5:   0.0356  0.5393  0.4251  1
  6:   0.0148  0.5545  0.4307  1
  7:   0.0140  0.5773  0.4087  1
  8:   0.0128  0.4606  0.5266  1
  9:   0.0182  0.5250  0.4568  1
 10:   0.0308  0.5264  0.4428  1
 11:   0.0234  0.4455  0.5311  1
 12:   0.0166  0.3977  0.5857  1
 13:   0.0170  0.4455  0.5375  1
 14:   0.0200  0.4811  0.4989  1
 15:   0.0340  0.5892  0.3768  1
 16:   0.0286  0.4336  0.5378  1
 17:   0.0256  0.4920  0.4824  1
 18:   0.0264  0.3742  0.5994  1
 19:   0.0264  0.4849  0.4887  1
 20:   0.0708  0.4931  0.4361  1
 21:   0.0144  0.3603  0.6253  1
 22:   0.0320  0.3896  0.5784  1
 23:   0.0534  0.4182  0.5284  1
 24:   0.1354  0.4473  0.4173  1
 25:   0.1116  0.5025  0.3859  1
 26:   0.4139  0.2486  0.3375  1
 27:   0.9708  0.0140  0.0152  1
 28:   0.7675  0.1090  0.1236  1
 29:   0.5437  0.1966  0.2596  1
 30:   0.9285  0.0326  0.0390  1
 31:   0.9652  0.0172  0.0176  1
 32:   0.9228  0.0350  0.0422  1
 33:   0.4261  0.2943  0.2797  1
 34:   0.6349  0.1693  0.1957  1
 35:   0.5113  0.2210  0.2677  1
 36:   0.9800  0.0100  0.0100  1
 37:   0.9204  0.0374  0.0422  1
 38:   0.5531  0.2500  0.1969  1
 39:   0.7942  0.0946  0.1112  1
 40:   0.6140  0.1868  0.1992  1
 41:   0.1809  0.3818  0.4372  1
 42:   0.8602  0.0644  0.0754  1
 43:   0.7646  0.1168  0.1186  1
 44:   0.7776  0.1136  0.1088  1
 45:   0.9720  0.0146  0.0134  1
 46:   0.9464  0.0272  0.0264  1
 47:   0.9746  0.0128  0.0126  1
 48:   0.9802  0.0098  0.0100  1
 49:   0.9648  0.0172  0.0180  1
 50:   0.9138  0.0442  0.0420  1
 51:   0.9614  0.0214  0.0172  1
 52:   0.9426  0.0294  0.0280  1
 53:   0.8610  0.0674  0.0716  1
 54:   0.9562  0.0226  0.0212  1
 55:   0.8470  0.0854  0.0676  1
 56:   0.9388  0.0300  0.0312  1
 57:   0.8818  0.0568  0.0614  1
 58:   0.8118  0.0984  0.0898  1
 59:   0.9802  0.0100  0.0098  1
 60:   0.9442  0.0280  0.0278  1
 61:   0.8204  0.0980  0.0816  1
 62:   0.8990  0.0498  0.0512  1
 63:   0.7589  0.1313  0.1098  1
 64:   0.6483  0.1928  0.1590  1
 65:   0.9218  0.0386  0.0396  1
 66:   0.9188  0.0418  0.0394  1
 67:   0.8037  0.0976  0.0986  1
 68:   0.9106  0.0482  0.0412  1
 69:   0.8596  0.0692  0.0712  1
 70:   0.5609  0.2425  0.1966  1
 71:   0.9812  0.0094  0.0094  1
 72:   0.9316  0.0344  0.0340  1
 73:   0.9484  0.0250  0.0266  1
 74:   0.0372  0.5487  0.4141  1
 75:   0.0102  0.4036  0.5862  1
 76:   0.0112  0.6107  0.3781  1
 77:   0.0120  0.4432  0.5448  1
 78:   0.0090  0.6165  0.3745  1
 79:   0.0540  0.5725  0.3735  1
 80:   0.0276  0.5709  0.4016  1
 81:   0.0126  0.4307  0.5567  1
 82:   0.0402  0.4878  0.4720  1
 83:   0.0100  0.5927  0.3973  1
 84:   0.0702  0.5704  0.3594  1
 85:   0.0118  0.4636  0.5246  1
 86:   0.0550  0.4411  0.5039  1
 87:   0.0236  0.4883  0.4881  1
 88:   0.0168  0.5917  0.3915  1
 89:   0.0106  0.5466  0.4428  1
 90:   0.0228  0.6359  0.3413  1
 91:   0.0236  0.3959  0.5805  1
 92:   0.2025  0.3535  0.4440  1
 93:   0.0220  0.5420  0.4360  1
 94:   0.0310  0.4818  0.4872  1
 95:   0.0188  0.3868  0.5944  1
 96:   0.0492  0.3999  0.5509  1
 97:   0.0152  0.4871  0.4977  1
 98:   0.0132  0.5729  0.4139  1
 99:   0.0190  0.5238  0.4572  1
100:   0.1780  0.3622  0.4598  1
101:   0.0176  0.5627  0.4197  1
102:   0.9692  0.0156  0.0152  1
103:   0.9750  0.0124  0.0126  1
104:   0.9810  0.0100  0.0090  1
105:   0.9784  0.0106  0.0110  1
106:   0.8760  0.0612  0.0628  1
107:   0.9770  0.0118  0.0112  1
108:   0.9816  0.0092  0.0092  1
109:   0.8300  0.0944  0.0756  1
110:   0.9820  0.0090  0.0090  1
111:   0.9608  0.0190  0.0202  1
112:   0.9560  0.0216  0.0224  1
113:   0.9764  0.0116  0.0120  1
114:   0.9838  0.0082  0.0080  1
115:   0.9802  0.0100  0.0098  1
116:   0.9752  0.0126  0.0122  1
117:   0.9692  0.0156  0.0152  1
118:   0.9788  0.0106  0.0106  1
119:   0.9834  0.0082  0.0084  1
