  1:   0.4790  0.5040  0.0170  1
  2:   0.4855  0.4905  0.0240  1
  3:   0.4410  0.4120  0.1470  1
  4:   0.5080  0.4780  0.0140  1
  5:   0.4770  0.4880  0.0350  1
  6:   0.4850  0.5010  0.0140  1
  7:   0.4800  0.5060  0.0140  1
  8:   0.5225  0.4645  0.0130  1
  9:   0.4800  0.5020  0.0180  1
 10:   0.4840  0.4860  0.0300  1
 11:   0.4800  0.4960  0.0240  1
 12:   0.5130  0.4710  0.0160  1
 13:   0.5120  0.4720  0.0160  1
 14:   0.4865  0.4935  0.0200  1
 15:   0.4530  0.5160  0.0310  1
 16:   0.4910  0.4800  0.0290  1
 17:   0.4925  0.4825  0.0250  1
 18:   0.5245  0.4496  0.0260  1
 19:   0.4585  0.5165  0.0250  1
 20:   0.4640  0.4680  0.0680  1
 21:   0.5360  0.4500  0.0140  1
 22:   0.5110  0.4570  0.0320  1
 23:   0.4860  0.4630  0.0510  1
 24:   0.4210  0.4400  0.1390  1
 25:   0.4110  0.4750  0.1140  1
 26:   0.2970  0.2770  0.4260  1
 27:   0.0140  0.0130  0.9730  1
 28:   0.1130  0.1120  0.7750  1
 29:   0.2292  0.2132  0.5576  1
 30:   0.0340  0.0350  0.9310  1
 31:   0.0170  0.0170  0.9660  1
 32:   0.0390  0.0370  0.9241  1
 33:   0.2840  0.2860  0.4300  1
 34:   0.1790  0.1700  0.6510  1
 35:   0.2300  0.2340  0.5360  1
 36:   0.0100  0.0100  0.9800  1
 37:   0.0390  0.0360  0.9250  1
 38:   0.2050  0.2340  0.5610  1
 39:   0.1050  0.0940  0.8010  1
 40:   0.1898  0.1958  0.6144  1
 41:   0.4066  0.4126  0.1808  1
 42:   0.0640  0.0650  0.8710  1
 43:   0.1070  0.1200  0.7730  1
 44:   0.1110  0.1070  0.7820  1
 45:   0.0130  0.0140  0.9730  1
 46:   0.0250  0.0260  0.9489  1
 47:   0.0120  0.0120  0.9760  1
 48:   0.0100  0.0090  0.9810  1
 49:   0.0190  0.0170  0.9640  1
 50:   0.0410  0.0410  0.9180  1
 51:   0.0170  0.0200  0.9630  1
 52:   0.0280  0.0270  0.9450  1
 53:   0.0630  0.0660  0.8710  1
 54:   0.0200  0.0210  0.9590  1
 55:   0.0680  0.0770  0.8550  1
 56:   0.0300  0.0300  0.9399  1
 57:   0.0570  0.0570  0.8860  1
 58:   0.0910  0.0950  0.8140  1
 59:   0.0100  0.0090  0.9810  1
 60:   0.0280  0.0270  0.9450  1
 61:   0.0880  0.0920  0.8200  1
 62:   0.0490  0.0500  0.9010  1
 63:   0.1131  0.1191  0.7678  1
 64:   0.1558  0.1768  0.6673  1
 65:   0.0370  0.0380  0.9250  1
 66:   0.0400  0.0420  0.9180  1
 67:   0.0950  0.0930  0.8120  1
 68:   0.0420  0.0450  0.9130  1
 69:   0.0660  0.0670  0.8670  1
 70:   0.2120  0.2200  0.5680  1
 71:   0.0090  0.0090  0.9820  1
 72:   0.0330  0.0340  0.9330  1
 73:   0.0270  0.0250  0.9480  1
 74:   0.4320  0.5330  0.0350  1
 75:   0.5400  0.4500  0.0100  1
 76:   0.4670  0.5220  0.0110  1
 77:   0.5130  0.4750  0.0120  1
 78:   0.4720  0.5190  0.0090  1
 79:   0.4550  0.4930  0.0520  1
 80:   0.4815  0.4915  0.0270  1
 81:   0.5130  0.4750  0.0120  1
 82:   0.4820  0.4760  0.0420  1
 83:   0.4610  0.5290  0.0100  1
 84:   0.4380  0.4910  0.0710  1
 85:   0.5320  0.4570  0.0110  1
 86:   0.4540  0.4910  0.0550  1
 87:   0.5020  0.4760  0.0220  1
 88:   0.4780  0.5050  0.0170  1
 89:   0.4715  0.5185  0.0100  1
 90:   0.4200  0.5570  0.0230  1
 91:   0.5080  0.4680  0.0240  1
 92:   0.4020  0.4010  0.1970  1
 93:   0.5030  0.4740  0.0230  1
 94:   0.4850  0.4850  0.0300  1
 95:   0.5320  0.4490  0.0190  1
 96:   0.4950  0.4540  0.0510  1
 97:   0.5190  0.4660  0.0150  1
 98:   0.4790  0.5080  0.0130  1
 99:   0.4990  0.4820  0.0190  1
100:   0.4156  0.4006  0.1838  1
101:   0.4690  0.5140  0.0170  1
102:   0.0140  0.0140  0.9720  1
103:   0.0120  0.0120  0.9760  1
104:   0.0090  0.0100  0.9810  1
105:   0.0110  0.0100  0.9790  1
106:   0.0600  0.0610  0.8790  1
107:   0.0110  0.0110  0.9780  1
108:   0.0090  0.0090  0.9820  1
109:   0.0780  0.0890  0.8330  1
110:   0.0090  0.0090  0.9820  1
111:   0.0190  0.0190  0.9620  1
112:   0.0200  0.0220  0.9580  1
113:   0.0120  0.0120  0.9760  1
114:   0.0080  0.0080  0.9840  1
115:   0.0090  0.0100  0.9810  1
116:   0.0120  0.0120  0.9760  1
117:   0.0150  0.0140  0.9710  1
118:   0.0100  0.0100  0.9800  1
119:   0.0080  0.0080  0.9840  1

  1:   0.5050  0.4770  0.0180  1
  2:   0.5265  0.4496  0.0240  1
  3:   0.4560  0.3940  0.1500  1
  4:   0.5175  0.4675  0.0150  1
  5:   0.4296  0.5345  0.0360  1
  6:   0.4336  0.5514  0.0150  1
  7:   0.3990  0.5870  0.0140  1
  8:   0.5120  0.4750  0.0130  1
  9:   0.4910  0.4910  0.0180  1
 10:   0.4540  0.5160  0.0300  1
 11:   0.5485  0.4286  0.0230  1
 12:   0.5590  0.4250  0.0160  1
 13:   0.5200  0.4630  0.0170  1
 14:   0.5140  0.4660  0.0200  1
 15:   0.4200  0.5450  0.0350  1
 16:   0.5030  0.4680  0.0290  1
 17:   0.5030  0.4710  0.0260  1
 18:   0.5870  0.3870  0.0260  1
 19:   0.5140  0.4590  0.0270  1
 20:   0.4615  0.4665  0.0719  1
 21:   0.6000  0.3860  0.0140  1
 22:   0.5425  0.4254  0.0320  1
 23:   0.5350  0.4110  0.0540  1
 24:   0.4086  0.4565  0.1349  1
 25:   0.4180  0.4700  0.1120  1
 26:   0.3120  0.2700  0.4180  1
 27:   0.0160  0.0140  0.9700  1
 28:   0.1239  0.1129  0.7632  1
 29:   0.2620  0.2030  0.5350  1
 30:   0.0390  0.0350  0.9261  1
 31:   0.0180  0.0180  0.9640  1
 32:   0.0420  0.0360  0.9220  1
 33:   0.2710  0.3000  0.4290  1
 34:   0.1930  0.1790  0.6280  1
 35:   0.2760  0.2220  0.5020  1
 36:   0.0100  0.0100  0.9800  1
 37:   0.0420  0.0360  0.9220  1
 38:   0.1988  0.2448  0.5564  1
 39:   0.1030  0.1000  0.7970  1
 40:   0.1922  0.1952  0.6126  1
 41:   0.4520  0.3710  0.1770  1
 42:   0.0730  0.0630  0.8640  1
 43:   0.1190  0.1220  0.7590  1
 44:   0.1110  0.1140  0.7750  1
 45:   0.0140  0.0150  0.9710  1
 46:   0.0260  0.0260  0.9480  1
 47:   0.0130  0.0130  0.9740  1
 48:   0.0100  0.0100  0.9800  1
 49:   0.0180  0.0170  0.9650  1
 50:   0.0420  0.0430  0.9150  1
 51:   0.0180  0.0210  0.9610  1
 52:   0.0280  0.0280  0.9440  1
 53:   0.0730  0.0650  0.8620  1
 54:   0.0230  0.0230  0.9540  1
 55:   0.0720  0.0800  0.8480  1
 56:   0.0340  0.0300  0.9360  1
 57:   0.0560  0.0560  0.8880  1
 58:   0.0920  0.0960  0.8120  1
 59:   0.0100  0.0100  0.9800  1
 60:   0.0280  0.0270  0.9450  1
 61:   0.0851  0.0921  0.8228  1
 62:   0.0510  0.0500  0.8990  1
 63:   0.1110  0.1330  0.7560  1
 64:   0.1600  0.1870  0.6530  1
 65:   0.0380  0.0370  0.9251  1
 66:   0.0380  0.0400  0.9220  1
 67:   0.1000  0.1000  0.8000  1
 68:   0.0410  0.0480  0.9111  1
 69:   0.0660  0.0710  0.8630  1
 70:   0.2050  0.2320  0.5630  1
 71:   0.0100  0.0090  0.9810  1
 72:   0.0340  0.0350  0.9310  1
 73:   0.0260  0.0250  0.9490  1
 74:   0.4500  0.5120  0.0380  1
 75:   0.5425  0.4474  0.0100  1
 76:   0.3960  0.5930  0.0110  1
 77:   0.5340  0.4540  0.0120  1
 78:   0.3860  0.6050  0.0090  1
 79:   0.4050  0.5430  0.0520  1
 80:   0.3916  0.5804  0.0280  1
 81:   0.5520  0.4350  0.0130  1
 82:   0.4640  0.4960  0.0400  1
 83:   0.4160  0.5740  0.0100  1
 84:   0.3890  0.5380  0.0730  1
 85:   0.5010  0.4870  0.0120  1
 86:   0.5125  0.4324  0.0551  1
 87:   0.4525  0.5245  0.0230  1
 88:   0.4146  0.5684  0.0170  1
 89:   0.4895  0.5005  0.0100  1
 90:   0.3780  0.6000  0.0220  1
 91:   0.5686  0.4084  0.0230  1
 92:   0.4394  0.3564  0.2042  1
 93:   0.4390  0.5400  0.0210  1
 94:   0.4975  0.4715  0.0310  1
 95:   0.5465  0.4344  0.0190  1
 96:   0.5610  0.3900  0.0490  1
 97:   0.4540  0.5310  0.0150  1
 98:   0.3990  0.5880  0.0130  1
 99:   0.4795  0.5025  0.0180  1
100:   0.4775  0.3504  0.1722  1
101:   0.4555  0.5265  0.0180  1
102:   0.0150  0.0160  0.9690  1
103:   0.0120  0.0130  0.9750  1
104:   0.0090  0.0100  0.9810  1
105:   0.0110  0.0110  0.9780  1
106:   0.0640  0.0600  0.8760  1
107:   0.0110  0.0120  0.9770  1
108:   0.0090  0.0090  0.9820  1
109:   0.0800  0.0930  0.8270  1
110:   0.0090  0.0090  0.9820  1
111:   0.0200  0.0180  0.9620  1
112:   0.0240  0.0210  0.9550  1
113:   0.0120  0.0110  0.9770  1
114:   0.0080  0.0080  0.9840  1
115:   0.0100  0.0100  0.9800  1
116:   0.0130  0.0130  0.9740  1
117:   0.0160  0.0150  0.9690  1
118:   0.0100  0.0110  0.9790  1
119:   0.0090  0.0080  0.9830  1

  1:   0.4980  0.4840  0.0180  1
  2:   0.5380  0.4380  0.0240  1
  3:   0.4870  0.3670  0.1460  1
  4:   0.5140  0.4720  0.0140  1
  5:   0.4310  0.5340  0.0350  1
  6:   0.4510  0.5340  0.0150  1
  7:   0.4490  0.5370  0.0140  1
  8:   0.5260  0.4610  0.0130  1
  9:   0.4540  0.5280  0.0180  1
 10:   0.4550  0.5150  0.0300  1
 11:   0.5190  0.4580  0.0230  1
 12:   0.5800  0.4040  0.0160  1
 13:   0.5440  0.4390  0.0170  1
 14:   0.4940  0.4860  0.0200  1
 15:   0.3830  0.5820  0.0350  1
 16:   0.5660  0.4060  0.0280  1
 17:   0.4825  0.4925  0.0250  1
 18:   0.5680  0.4050  0.0270  1
 19:   0.4950  0.4800  0.0250  1
 20:   0.4230  0.5070  0.0700  1
 21:   0.6084  0.3766  0.0150  1
 22:   0.5730  0.3960  0.0310  1
 23:   0.5210  0.4270  0.0520  1
 24:   0.4270  0.4390  0.1340  1
 25:   0.3830  0.5090  0.1080  1
 26:   0.3360  0.2600  0.4040  1
 27:   0.0150  0.0140  0.9710  1
 28:   0.1259  0.1079  0.7662  1
 29:   0.2510  0.2000  0.5490  1
 30:   0.0370  0.0310  0.9321  1
 31:   0.0170  0.0170  0.9660  1
 32:   0.0390  0.0320  0.9290  1
 33:   0.2990  0.2760  0.4250  1
 34:   0.1908  0.1728  0.6364  1
 35:   0.2710  0.2210  0.5080  1
 36:   0.0100  0.0100  0.9800  1
 37:   0.0410  0.0400  0.9190  1
 38:   0.2020  0.2430  0.5550  1
 39:   0.1100  0.0970  0.7930  1
 40:   0.2160  0.1740  0.6100  1
 41:   0.4346  0.3836  0.1818  1
 42:   0.0770  0.0620  0.8610  1
 43:   0.1240  0.1080  0.7680  1
 44:   0.1091  0.1091  0.7818  1
 45:   0.0140  0.0130  0.9730  1
 46:   0.0260  0.0270  0.9470  1
 47:   0.0120  0.0130  0.9750  1
 48:   0.0100  0.0100  0.9800  1
 49:   0.0170  0.0160  0.9670  1
 50:   0.0420  0.0440  0.9140  1
 51:   0.0180  0.0200  0.9620  1
 52:   0.0280  0.0300  0.9420  1
 53:   0.0710  0.0710  0.8580  1
 54:   0.0210  0.0230  0.9560  1
 55:   0.0720  0.0800  0.8480  1
 56:   0.0310  0.0300  0.9390  1
 57:   0.0660  0.0590  0.8750  1
 58:   0.0900  0.0940  0.8160  1
 59:   0.0090  0.0100  0.9810  1
 60:   0.0270  0.0270  0.9460  1
 61:   0.0810  0.0980  0.8210  1
 62:   0.0510  0.0500  0.8990  1
 63:   0.1070  0.1320  0.7610  1
 64:   0.1590  0.1870  0.6540  1
 65:   0.0420  0.0380  0.9200  1
 66:   0.0380  0.0390  0.9230  1
 67:   0.0950  0.0990  0.8060  1
 68:   0.0420  0.0460  0.9120  1
 69:   0.0719  0.0709  0.8571  1
 70:   0.1960  0.2510  0.5530  1
 71:   0.0090  0.0090  0.9820  1
 72:   0.0330  0.0340  0.9330  1
 73:   0.0270  0.0250  0.9480  1
 74:   0.4280  0.5370  0.0350  1
 75:   0.5866  0.4034  0.0100  1
 76:   0.4110  0.5780  0.0110  1
 77:   0.5520  0.4360  0.0120  1
 78:   0.3860  0.6050  0.0090  1
 79:   0.3850  0.5580  0.0570  1
 80:   0.3980  0.5750  0.0270  1
 81:   0.5485  0.4394  0.0120  1
 82:   0.4720  0.4880  0.0400  1
 83:   0.4150  0.5750  0.0100  1
 84:   0.3620  0.5680  0.0700  1
 85:   0.5060  0.4820  0.0120  1
 86:   0.5030  0.4440  0.0530  1
 87:   0.5020  0.4740  0.0240  1
 88:   0.3940  0.5900  0.0160  1
 89:   0.4326  0.5564  0.0110  1
 90:   0.3660  0.6110  0.0230  1
 91:   0.5790  0.3980  0.0230  1
 92:   0.4364  0.3544  0.2092  1
 93:   0.4410  0.5370  0.0220  1
 94:   0.4880  0.4820  0.0300  1
 95:   0.5896  0.3924  0.0180  1
 96:   0.5380  0.4140  0.0480  1
 97:   0.5160  0.4690  0.0150  1
 98:   0.4260  0.5610  0.0130  1
 99:   0.4790  0.5020  0.0190  1
100:   0.4370  0.3810  0.1820  1
101:   0.4090  0.5730  0.0180  1
102:   0.0150  0.0160  0.9690  1
103:   0.0130  0.0120  0.9750  1
104:   0.0090  0.0100  0.9810  1
105:   0.0110  0.0110  0.9780  1
106:   0.0630  0.0610  0.8760  1
107:   0.0120  0.0110  0.9770  1
108:   0.0090  0.0090  0.9820  1
109:   0.0749  0.0919  0.8332  1
110:   0.0090  0.0090  0.9820  1
111:   0.0190  0.0190  0.9620  1
112:   0.0210  0.0210  0.9580  1
113:   0.0110  0.0110  0.9780  1
114:   0.0080  0.0080  0.9840  1
115:   0.0100  0.0100  0.9800  1
116:   0.0120  0.0120  0.9760  1
117:   0.0150  0.0160  0.9690  1
118:   0.0110  0.0110  0.9780  1
119:   0.0080  0.0080  0.9840  1

  1:   0.4710  0.5110  0.0180  1
  2:   0.5570  0.4190  0.0240  1
  3:   0.5230  0.3230  0.1540  1
  4:   0.5614  0.4236  0.0150  1
  5:   0.4136  0.5504  0.0360  1
  6:   0.4020  0.5830  0.0150  1
  7:   0.3594  0.6266  0.0140  1
  8:   0.5320  0.4550  0.0130  1
  9:   0.4440  0.5370  0.0190  1
 10:   0.4130  0.5540  0.0330  1
 11:   0.5470  0.4290  0.0240  1
 12:   0.6270  0.3550  0.0180  1
 13:   0.5546  0.4284  0.0170  1
 14:   0.5060  0.4740  0.0200  1
 15:   0.3200  0.6450  0.0350  1
 16:   0.5650  0.4060  0.0290  1
 17:   0.4680  0.5060  0.0260  1
 18:   0.6530  0.3200  0.0270  1
 19:   0.4800  0.4920  0.0280  1
 20:   0.4230  0.5090  0.0680  1
 21:   0.6780  0.3070  0.0150  1
 22:   0.6234  0.3437  0.0330  1
 23:   0.5475  0.3956  0.0569  1
 24:   0.4240  0.4400  0.1360  1
 25:   0.3544  0.5305  0.1151  1
 26:   0.3670  0.2150  0.4180  1
 27:   0.0150  0.0150  0.9700  1
 28:   0.1300  0.1030  0.7670  1
 29:   0.2650  0.1820  0.5530  1
 30:   0.0420  0.0310  0.9271  1
 31:   0.0180  0.0170  0.9650  1
 32:   0.0440  0.0340  0.9220  1
 33:   0.2670  0.3020  0.4310  1
 34:   0.2050  0.1610  0.6340  1
 35:   0.2787  0.2138  0.5075  1
 36:   0.0100  0.0100  0.9800  1
 37:   0.0440  0.0380  0.9181  1
 38:   0.1768  0.2727  0.5504  1
 39:   0.1190  0.0890  0.7920  1
 40:   0.1970  0.1840  0.6190  1
 41:   0.4420  0.3720  0.1860  1
 42:   0.0870  0.0680  0.8450  1
 43:   0.1229  0.1159  0.7612  1
 44:   0.1039  0.1239  0.7722  1
 45:   0.0130  0.0160  0.9710  1
 46:   0.0290  0.0290  0.9420  1
 47:   0.0130  0.0130  0.9740  1
 48:   0.0100  0.0100  0.9800  1
 49:   0.0180  0.0190  0.9630  1
 50:   0.0430  0.0460  0.9109  1
 51:   0.0180  0.0240  0.9580  1
 52:   0.0290  0.0330  0.9380  1
 53:   0.0760  0.0670  0.8570  1
 54:   0.0210  0.0230  0.9560  1
 55:   0.0660  0.0960  0.8380  1
 56:   0.0300  0.0300  0.9400  1
 57:   0.0639  0.0569  0.8791  1
 58:   0.0960  0.1010  0.8030  1
 59:   0.0100  0.0110  0.9790  1
 60:   0.0290  0.0310  0.9401  1
 61:   0.0780  0.1080  0.8140  1
 62:   0.0540  0.0500  0.8960  1
 63:   0.1111  0.1351  0.7538  1
 64:   0.1670  0.2140  0.6190  1
 65:   0.0430  0.0410  0.9160  1
 66:   0.0410  0.0440  0.9150  1
 67:   0.1021  0.0981  0.7998  1
 68:   0.0390  0.0541  0.9069  1
 69:   0.0751  0.0681  0.8569  1
 70:   0.1812  0.2603  0.5586  1
 71:   0.0100  0.0100  0.9800  1
 72:   0.0350  0.0340  0.9311  1
 73:   0.0280  0.0250  0.9470  1
 74:   0.3610  0.6000  0.0390  1
 75:   0.6336  0.3564  0.0100  1
 76:   0.3160  0.6720  0.0120  1
 77:   0.5546  0.4334  0.0120  1
 78:   0.3270  0.6640  0.0090  1
 79:   0.3133  0.6326  0.0541  1
 80:   0.3646  0.6064  0.0290  1
 81:   0.5780  0.4090  0.0130  1
 82:   0.4860  0.4730  0.0410  1
 83:   0.3516  0.6384  0.0100  1
 84:   0.3100  0.6240  0.0660  1
 85:   0.5390  0.4490  0.0120  1
 86:   0.5280  0.4150  0.0570  1
 87:   0.5020  0.4730  0.0250  1
 88:   0.3230  0.6600  0.0170  1
 89:   0.4030  0.5860  0.0110  1
 90:   0.2727  0.7043  0.0230  1
 91:   0.6250  0.3510  0.0240  1
 92:   0.4560  0.3370  0.2070  1
 93:   0.3850  0.5930  0.0220  1
 94:   0.4895  0.4775  0.0330  1
 95:   0.6590  0.3220  0.0190  1
 96:   0.5796  0.3704  0.0501  1
 97:   0.5080  0.4770  0.0150  1
 98:   0.3854  0.6016  0.0130  1
 99:   0.3936  0.5864  0.0200  1
100:   0.4790  0.3380  0.1830  1
101:   0.3820  0.6010  0.0170  1
102:   0.0160  0.0160  0.9680  1
103:   0.0130  0.0130  0.9740  1
104:   0.0090  0.0100  0.9810  1
105:   0.0110  0.0110  0.9780  1
106:   0.0630  0.0620  0.8750  1
107:   0.0110  0.0130  0.9760  1
108:   0.0100  0.0100  0.9800  1
109:   0.0730  0.1040  0.8230  1
110:   0.0090  0.0090  0.9820  1
111:   0.0210  0.0200  0.9590  1
112:   0.0230  0.0220  0.9550  1
113:   0.0120  0.0120  0.9760  1
114:   0.0080  0.0090  0.9830  1
115:   0.0100  0.0100  0.9800  1
116:   0.0120  0.0130  0.9750  1
117:   0.0160  0.0160  0.9680  1
118:   0.0110  0.0110  0.9780  1
119:   0.0090  0.0090  0.9820  1

  1:   0.4680  0.5140  0.0180  1
  2:   0.5616  0.4154  0.0230  1
  3:   0.5210  0.3330  0.1460  1
  4:   0.5180  0.4670  0.0150  1
  5:   0.3744  0.5896  0.0360  1
  6:   0.3820  0.6030  0.0150  1
  7:   0.3560  0.6300  0.0140  1
  8:   0.5405  0.4474  0.0120  1
  9:   0.4150  0.5670  0.0180  1
 10:   0.4080  0.5610  0.0310  1
 11:   0.5610  0.4160  0.0230  1
 12:   0.6494  0.3337  0.0170  1
 13:   0.5570  0.4250  0.0180  1
 14:   0.4940  0.4860  0.0200  1
 15:   0.3080  0.6580  0.0340  1
 16:   0.5640  0.4080  0.0280  1
 17:   0.4660  0.5080  0.0260  1
 18:   0.6643  0.3097  0.0260  1
 19:   0.4960  0.4770  0.0270  1
 20:   0.4090  0.5150  0.0760  1
 21:   0.7040  0.2820  0.0140  1
 22:   0.6420  0.3260  0.0320  1
 23:   0.5526  0.3944  0.0531  1
 24:   0.4060  0.4610  0.1330  1
 25:   0.3630  0.5280  0.1090  1
 26:   0.3756  0.2208  0.4036  1
 27:   0.0160  0.0140  0.9700  1
 28:   0.1250  0.1090  0.7660  1
 29:   0.2910  0.1850  0.5240  1
 30:   0.0430  0.0310  0.9261  1
 31:   0.0180  0.0170  0.9650  1
 32:   0.0470  0.0360  0.9171  1
 33:   0.2773  0.3073  0.4154  1
 34:   0.2108  0.1638  0.6254  1
 35:   0.2830  0.2140  0.5030  1
 36:   0.0100  0.0100  0.9800  1
 37:   0.0450  0.0370  0.9179  1
 38:   0.2018  0.2557  0.5425  1
 39:   0.1190  0.0930  0.7880  1
 40:   0.2010  0.1850  0.6140  1
 41:   0.4510  0.3700  0.1790  1
 42:   0.0760  0.0640  0.8600  1
 43:   0.1200  0.1180  0.7620  1
 44:   0.1090  0.1140  0.7770  1
 45:   0.0130  0.0150  0.9720  1
 46:   0.0260  0.0280  0.9460  1
 47:   0.0130  0.0130  0.9740  1
 48:   0.0100  0.0100  0.9800  1
 49:   0.0180  0.0170  0.9650  1
 50:   0.0420  0.0470  0.9111  1
 51:   0.0150  0.0220  0.9630  1
 52:   0.0270  0.0290  0.9439  1
 53:   0.0750  0.0680  0.8570  1
 54:   0.0210  0.0230  0.9560  1
 55:   0.0600  0.0940  0.8460  1
 56:   0.0310  0.0300  0.9391  1
 57:   0.0640  0.0550  0.8810  1
 58:   0.0800  0.1060  0.8140  1
 59:   0.0100  0.0100  0.9800  1
 60:   0.0270  0.0280  0.9450  1
 61:   0.0760  0.1000  0.8240  1
 62:   0.0510  0.0490  0.9000  1
 63:   0.1070  0.1370  0.7560  1
 64:   0.1530  0.1990  0.6480  1
 65:   0.0380  0.0390  0.9231  1
 66:   0.0400  0.0440  0.9160  1
 67:   0.1011  0.0981  0.8008  1
 68:   0.0420  0.0480  0.9101  1
 69:   0.0769  0.0689  0.8541  1
 70:   0.1890  0.2490  0.5620  1
 71:   0.0090  0.0100  0.9810  1
 72:   0.0350  0.0350  0.9300  1
 73:   0.0250  0.0250  0.9499  1
 74:   0.3996  0.5614  0.0390  1
 75:   0.6280  0.3610  0.0110  1
 76:   0.3003  0.6887  0.0110  1
 77:   0.5706  0.4174  0.0120  1
 78:   0.3017  0.6893  0.0090  1
 79:   0.3090  0.6360  0.0550  1
 80:   0.3720  0.6010  0.0270  1
 81:   0.5920  0.3950  0.0130  1
 82:   0.4560  0.5060  0.0380  1
 83:   0.3430  0.6470  0.0100  1
 84:   0.2980  0.6310  0.0710  1
 85:   0.5450  0.4430  0.0120  1
 86:   0.5220  0.4230  0.0550  1
 87:   0.4820  0.4940  0.0240  1
 88:   0.3480  0.6350  0.0170  1
 89:   0.4176  0.5714  0.0110  1
 90:   0.2700  0.7070  0.0230  1
 91:   0.6220  0.3540  0.0240  1
 92:   0.4860  0.3190  0.1950  1
 93:   0.4120  0.5660  0.0220  1
 94:   0.4760  0.4930  0.0310  1
 95:   0.6450  0.3360  0.0190  1
 96:   0.5810  0.3710  0.0480  1
 97:   0.4915  0.4925  0.0160  1
 98:   0.3800  0.6060  0.0140  1
 99:   0.4350  0.5460  0.0190  1
100:   0.4900  0.3410  0.1690  1
101:   0.3830  0.5990  0.0180  1
102:   0.0160  0.0160  0.9680  1
103:   0.0130  0.0120  0.9750  1
104:   0.0090  0.0100  0.9810  1
105:   0.0110  0.0100  0.9790  1
106:   0.0640  0.0620  0.8740  1
107:   0.0110  0.0120  0.9770  1
108:   0.0090  0.0090  0.9820  1
109:   0.0720  0.0940  0.8340  1
110:   0.0090  0.0090  0.9820  1
111:   0.0220  0.0190  0.9590  1
112:   0.0240  0.0220  0.9540  1
113:   0.0130  0.0120  0.9750  1
114:   0.0080  0.0080  0.9840  1
115:   0.0100  0.0100  0.9800  1
116:   0.0120  0.0130  0.9750  1
117:   0.0140  0.0170  0.9690  1
118:   0.0110  0.0100  0.9790  1
119:   0.0080  0.0080  0.9840  1

