  1:   0.0170  0.5040  0.4790  1
  2:   0.0240  0.4905  0.4855  1
  3:   0.1470  0.4120  0.4410  1
  4:   0.0140  0.4780  0.5080  1
  5:   0.0350  0.4880  0.4770  1
  6:   0.0140  0.5010  0.4850  1
  7:   0.0140  0.5060  0.4800  1
  8:   0.0130  0.4645  0.5225  1
  9:   0.0180  0.5020  0.4800  1
 10:   0.0300  0.4860  0.4840  1
 11:   0.0240  0.4960  0.4800  1
 12:   0.0160  0.4710  0.5130  1
 13:   0.0160  0.4720  0.5120  1
 14:   0.0200  0.4935  0.4865  1
 15:   0.0310  0.5160  0.4530  1
 16:   0.0290  0.4800  0.4910  1
 17:   0.0250  0.4825  0.4925  1
 18:   0.0260  0.4496  0.5245  1
 19:   0.0250  0.5165  0.4585  1
 20:   0.0680  0.4680  0.4640  1
 21:   0.0140  0.4500  0.5360  1
 22:   0.0320  0.4570  0.5110  1
 23:   0.0510  0.4630  0.4860  1
 24:   0.1390  0.4400  0.4210  1
 25:   0.1140  0.4750  0.4110  1
 26:   0.4260  0.2770  0.2970  1
 27:   0.9730  0.0130  0.0140  1
 28:   0.7750  0.1120  0.1130  1
 29:   0.5576  0.2132  0.2292  1
 30:   0.9310  0.0350  0.0340  1
 31:   0.9660  0.0170  0.0170  1
 32:   0.9241  0.0370  0.0390  1
 33:   0.4300  0.2860  0.2840  1
 34:   0.6510  0.1700  0.1790  1
 35:   0.5360  0.2340  0.2300  1
 36:   0.9800  0.0100  0.0100  1
 37:   0.9250  0.0360  0.0390  1
 38:   0.5610  0.2340  0.2050  1
 39:   0.8010  0.0940  0.1050  1
 40:   0.6144  0.1958  0.1898  1
 41:   0.1808  0.4126  0.4066  1
 42:   0.8710  0.0650  0.0640  1
 43:   0.7730  0.1200  0.1070  1
 44:   0.7820  0.1070  0.1110  1
 45:   0.9730  0.0140  0.0130  1
 46:   0.9489  0.0260  0.0250  1
 47:   0.9760  0.0120  0.0120  1
 48:   0.9810  0.0090  0.0100  1
 49:   0.9640  0.0170  0.0190  1
 50:   0.9180  0.0410  0.0410  1
 51:   0.9630  0.0200  0.0170  1
 52:   0.9450  0.0270  0.0280  1
 53:   0.8710  0.0660  0.0630  1
 54:   0.9590  0.0210  0.0200  1
 55:   0.8550  0.0770  0.0680  1
 56:   0.9399  0.0300  0.0300  1
 57:   0.8860  0.0570  0.0570  1
 58:   0.8140  0.0950  0.0910  1
 59:   0.9810  0.0090  0.0100  1
 60:   0.9450  0.0270  0.0280  1
 61:   0.8200  0.0920  0.0880  1
 62:   0.9010  0.0500  0.0490  1
 63:   0.7678  0.1191  0.1131  1
 64:   0.6673  0.1768  0.1558  1
 65:   0.9250  0.0380  0.0370  1
 66:   0.9180  0.0420  0.0400  1
 67:   0.8120  0.0930  0.0950  1
 68:   0.9130  0.0450  0.0420  1
 69:   0.8670  0.0670  0.0660  1
 70:   0.5680  0.2200  0.2120  1
 71:   0.9820  0.0090  0.0090  1
 72:   0.9330  0.0340  0.0330  1
 73:   0.9480  0.0250  0.0270  1
 74:   0.0350  0.5330  0.4320  1
 75:   0.0100  0.4500  0.5400  1
 76:   0.0110  0.5220  0.4670  1
 77:   0.0120  0.4750  0.5130  1
 78:   0.0090  0.5190  0.4720  1
 79:   0.0520  0.4930  0.4550  1
 80:   0.0270  0.4915  0.4815  1
 81:   0.0120  0.4750  0.5130  1
 82:   0.0420  0.4760  0.4820  1
 83:   0.0100  0.5290  0.4610  1
 84:   0.0710  0.4910  0.4380  1
 85:   0.0110  0.4570  0.5320  1
 86:   0.0550  0.4910  0.4540  1
 87:   0.0220  0.4760  0.5020  1
 88:   0.0170  0.5050  0.4780  1
 89:   0.0100  0.5185  0.4715  1
 90:   0.0230  0.5570  0.4200  1
 91:   0.0240  0.4680  0.5080  1
 92:   0.1970  0.4010  0.4020  1
 93:   0.0230  0.4740  0.5030  1
 94:   0.0300  0.4850  0.4850  1
 95:   0.0190  0.4490  0.5320  1
 96:   0.0510  0.4540  0.4950  1
 97:   0.0150  0.4660  0.5190  1
 98:   0.0130  0.5080  0.4790  1
 99:   0.0190  0.4820  0.4990  1
100:   0.1838  0.4006  0.4156  1
101:   0.0170  0.5140  0.4690  1
102:   0.9720  0.0140  0.0140  1
103:   0.9760  0.0120  0.0120  1
104:   0.9810  0.0100  0.0090  1
105:   0.9790  0.0100  0.0110  1
106:   0.8790  0.0610  0.0600  1
107:   0.9780  0.0110  0.0110  1
108:   0.9820  0.0090  0.0090  1
109:   0.8330  0.0890  0.0780  1
110:   0.9820  0.0090  0.0090  1
111:   0.9620  0.0190  0.0190  1
112:   0.9580  0.0220  0.0200  1
113:   0.9760  0.0120  0.0120  1
114:   0.9840  0.0080  0.0080  1
115:   0.9810  0.0100  0.0090  1
116:   0.9760  0.0120  0.0120  1
117:   0.9710  0.0140  0.0150  1
118:   0.9800  0.0100  0.0100  1
119:   0.9840  0.0080  0.0080  1

  1:   0.0180  0.4770  0.5050  1
  2:   0.0240  0.4496  0.5265  1
  3:   0.1500  0.3940  0.4560  1
  4:   0.0150  0.4675  0.5175  1
  5:   0.0360  0.5345  0.4296  1
  6:   0.0150  0.5514  0.4336  1
  7:   0.0140  0.5870  0.3990  1
  8:   0.0130  0.4750  0.5120  1
  9:   0.0180  0.4910  0.4910  1
 10:   0.0300  0.5160  0.4540  1
 11:   0.0230  0.4286  0.5485  1
 12:   0.0160  0.4250  0.5590  1
 13:   0.0170  0.4630  0.5200  1
 14:   0.0200  0.4660  0.5140  1
 15:   0.0350  0.5450  0.4200  1
 16:   0.0290  0.4680  0.5030  1
 17:   0.0260  0.4710  0.5030  1
 18:   0.0260  0.3870  0.5870  1
 19:   0.0270  0.4590  0.5140  1
 20:   0.0719  0.4665  0.4615  1
 21:   0.0140  0.3860  0.6000  1
 22:   0.0320  0.4254  0.5425  1
 23:   0.0540  0.4110  0.5350  1
 24:   0.1349  0.4565  0.4086  1
 25:   0.1120  0.4700  0.4180  1
 26:   0.4180  0.2700  0.3120  1
 27:   0.9700  0.0140  0.0160  1
 28:   0.7632  0.1129  0.1239  1
 29:   0.5350  0.2030  0.2620  1
 30:   0.9261  0.0350  0.0390  1
 31:   0.9640  0.0180  0.0180  1
 32:   0.9220  0.0360  0.0420  1
 33:   0.4290  0.3000  0.2710  1
 34:   0.6280  0.1790  0.1930  1
 35:   0.5020  0.2220  0.2760  1
 36:   0.9800  0.0100  0.0100  1
 37:   0.9220  0.0360  0.0420  1
 38:   0.5564  0.2448  0.1988  1
 39:   0.7970  0.1000  0.1030  1
 40:   0.6126  0.1952  0.1922  1
 41:   0.1770  0.3710  0.4520  1
 42:   0.8640  0.0630  0.0730  1
 43:   0.7590  0.1220  0.1190  1
 44:   0.7750  0.1140  0.1110  1
 45:   0.9710  0.0150  0.0140  1
 46:   0.9480  0.0260  0.0260  1
 47:   0.9740  0.0130  0.0130  1
 48:   0.9800  0.0100  0.0100  1
 49:   0.9650  0.0170  0.0180  1
 50:   0.9150  0.0430  0.0420  1
 51:   0.9610  0.0210  0.0180  1
 52:   0.9440  0.0280  0.0280  1
 53:   0.8620  0.0650  0.0730  1
 54:   0.9540  0.0230  0.0230  1
 55:   0.8480  0.0800  0.0720  1
 56:   0.9360  0.0300  0.0340  1
 57:   0.8880  0.0560  0.0560  1
 58:   0.8120  0.0960  0.0920  1
 59:   0.9800  0.0100  0.0100  1
 60:   0.9450  0.0270  0.0280  1
 61:   0.8228  0.0921  0.0851  1
 62:   0.8990  0.0500  0.0510  1
 63:   0.7560  0.1330  0.1110  1
 64:   0.6530  0.1870  0.1600  1
 65:   0.9251  0.0370  0.0380  1
 66:   0.9220  0.0400  0.0380  1
 67:   0.8000  0.1000  0.1000  1
 68:   0.9111  0.0480  0.0410  1
 69:   0.8630  0.0710  0.0660  1
 70:   0.5630  0.2320  0.2050  1
 71:   0.9810  0.0090  0.0100  1
 72:   0.9310  0.0350  0.0340  1
 73:   0.9490  0.0250  0.0260  1
 74:   0.0380  0.5120  0.4500  1
 75:   0.0100  0.4474  0.5425  1
 76:   0.0110  0.5930  0.3960  1
 77:   0.0120  0.4540  0.5340  1
 78:   0.0090  0.6050  0.3860  1
 79:   0.0520  0.5430  0.4050  1
 80:   0.0280  0.5804  0.3916  1
 81:   0.0130  0.4350  0.5520  1
 82:   0.0400  0.4960  0.4640  1
 83:   0.0100  0.5740  0.4160  1
 84:   0.0730  0.5380  0.3890  1
 85:   0.0120  0.4870  0.5010  1
 86:   0.0551  0.4324  0.5125  1
 87:   0.0230  0.5245  0.4525  1
 88:   0.0170  0.5684  0.4146  1
 89:   0.0100  0.5005  0.4895  1
 90:   0.0220  0.6000  0.3780  1
 91:   0.0230  0.4084  0.5686  1
 92:   0.2042  0.3564  0.4394  1
 93:   0.0210  0.5400  0.4390  1
 94:   0.0310  0.4715  0.4975  1
 95:   0.0190  0.4344  0.5465  1
 96:   0.0490  0.3900  0.5610  1
 97:   0.0150  0.5310  0.4540  1
 98:   0.0130  0.5880  0.3990  1
 99:   0.0180  0.5025  0.4795  1
100:   0.1722  0.3504  0.4775  1
101:   0.0180  0.5265  0.4555  1
102:   0.9690  0.0160  0.0150  1
103:   0.9750  0.0130  0.0120  1
104:   0.9810  0.0100  0.0090  1
105:   0.9780  0.0110  0.0110  1
106:   0.8760  0.0600  0.0640  1
107:   0.9770  0.0120  0.0110  1
108:   0.9820  0.0090  0.0090  1
109:   0.8270  0.0930  0.0800  1
110:   0.9820  0.0090  0.0090  1
111:   0.9620  0.0180  0.0200  1
112:   0.9550  0.0210  0.0240  1
113:   0.9770  0.0110  0.0120  1
114:   0.9840  0.0080  0.0080  1
115:   0.9800  0.0100  0.0100  1
116:   0.9740  0.0130  0.0130  1
117:   0.9690  0.0150  0.0160  1
118:   0.9790  0.0110  0.0100  1
119:   0.9830  0.0080  0.0090  1

  1:   0.0180  0.4840  0.4980  1
  2:   0.0240  0.4380  0.5380  1
  3:   0.1460  0.3670  0.4870  1
  4:   0.0140  0.4720  0.5140  1
  5:   0.0350  0.5340  0.4310  1
  6:   0.0150  0.5340  0.4510  1
  7:   0.0140  0.5370  0.4490  1
  8:   0.0130  0.4610  0.5260  1
  9:   0.0180  0.5280  0.4540  1
 10:   0.0300  0.5150  0.4550  1
 11:   0.0230  0.4580  0.5190  1
 12:   0.0160  0.4040  0.5800  1
 13:   0.0170  0.4390  0.5440  1
 14:   0.0200  0.4860  0.4940  1
 15:   0.0350  0.5820  0.3830  1
 16:   0.0280  0.4060  0.5660  1
 17:   0.0250  0.4925  0.4825  1
 18:   0.0270  0.4050  0.5680  1
 19:   0.0250  0.4800  0.4950  1
 20:   0.0700  0.5070  0.4230  1
 21:   0.0150  0.3766  0.6084  1
 22:   0.0310  0.3960  0.5730  1
 23:   0.0520  0.4270  0.5210  1
 24:   0.1340  0.4390  0.4270  1
 25:   0.1080  0.5090  0.3830  1
 26:   0.4040  0.2600  0.3360  1
 27:   0.9710  0.0140  0.0150  1
 28:   0.7662  0.1079  0.1259  1
 29:   0.5490  0.2000  0.2510  1
 30:   0.9321  0.0310  0.0370  1
 31:   0.9660  0.0170  0.0170  1
 32:   0.9290  0.0320  0.0390  1
 33:   0.4250  0.2760  0.2990  1
 34:   0.6364  0.1728  0.1908  1
 35:   0.5080  0.2210  0.2710  1
 36:   0.9800  0.0100  0.0100  1
 37:   0.9190  0.0400  0.0410  1
 38:   0.5550  0.2430  0.2020  1
 39:   0.7930  0.0970  0.1100  1
 40:   0.6100  0.1740  0.2160  1
 41:   0.1818  0.3836  0.4346  1
 42:   0.8610  0.0620  0.0770  1
 43:   0.7680  0.1080  0.1240  1
 44:   0.7818  0.1091  0.1091  1
 45:   0.9730  0.0130  0.0140  1
 46:   0.9470  0.0270  0.0260  1
 47:   0.9750  0.0130  0.0120  1
 48:   0.9800  0.0100  0.0100  1
 49:   0.9670  0.0160  0.0170  1
 50:   0.9140  0.0440  0.0420  1
 51:   0.9620  0.0200  0.0180  1
 52:   0.9420  0.0300  0.0280  1
 53:   0.8580  0.0710  0.0710  1
 54:   0.9560  0.0230  0.0210  1
 55:   0.8480  0.0800  0.0720  1
 56:   0.9390  0.0300  0.0310  1
 57:   0.8750  0.0590  0.0660  1
 58:   0.8160  0.0940  0.0900  1
 59:   0.9810  0.0100  0.0090  1
 60:   0.9460  0.0270  0.0270  1
 61:   0.8210  0.0980  0.0810  1
 62:   0.8990  0.0500  0.0510  1
 63:   0.7610  0.1320  0.1070  1
 64:   0.6540  0.1870  0.1590  1
 65:   0.9200  0.0380  0.0420  1
 66:   0.9230  0.0390  0.0380  1
 67:   0.8060  0.0990  0.0950  1
 68:   0.9120  0.0460  0.0420  1
 69:   0.8571  0.0709  0.0719  1
 70:   0.5530  0.2510  0.1960  1
 71:   0.9820  0.0090  0.0090  1
 72:   0.9330  0.0340  0.0330  1
 73:   0.9480  0.0250  0.0270  1
 74:   0.0350  0.5370  0.4280  1
 75:   0.0100  0.4034  0.5866  1
 76:   0.0110  0.5780  0.4110  1
 77:   0.0120  0.4360  0.5520  1
 78:   0.0090  0.6050  0.3860  1
 79:   0.0570  0.5580  0.3850  1
 80:   0.0270  0.5750  0.3980  1
 81:   0.0120  0.4394  0.5485  1
 82:   0.0400  0.4880  0.4720  1
 83:   0.0100  0.5750  0.4150  1
 84:   0.0700  0.5680  0.3620  1
 85:   0.0120  0.4820  0.5060  1
 86:   0.0530  0.4440  0.5030  1
 87:   0.0240  0.4740  0.5020  1
 88:   0.0160  0.5900  0.3940  1
 89:   0.0110  0.5564  0.4326  1
 90:   0.0230  0.6110  0.3660  1
 91:   0.0230  0.3980  0.5790  1
 92:   0.2092  0.3544  0.4364  1
 93:   0.0220  0.5370  0.4410  1
 94:   0.0300  0.4820  0.4880  1
 95:   0.0180  0.3924  0.5896  1
 96:   0.0480  0.4140  0.5380  1
 97:   0.0150  0.4690  0.5160  1
 98:   0.0130  0.5610  0.4260  1
 99:   0.0190  0.5020  0.4790  1
100:   0.1820  0.3810  0.4370  1
101:   0.0180  0.5730  0.4090  1
102:   0.9690  0.0160  0.0150  1
103:   0.9750  0.0120  0.0130  1
104:   0.9810  0.0100  0.0090  1
105:   0.9780  0.0110  0.0110  1
106:   0.8760  0.0610  0.0630  1
107:   0.9770  0.0110  0.0120  1
108:   0.9820  0.0090  0.0090  1
109:   0.8332  0.0919  0.0749  1
110:   0.9820  0.0090  0.0090  1
111:   0.9620  0.0190  0.0190  1
112:   0.9580  0.0210  0.0210  1
113:   0.9780  0.0110  0.0110  1
114:   0.9840  0.0080  0.0080  1
115:   0.9800  0.0100  0.0100  1
116:   0.9760  0.0120  0.0120  1
117:   0.9690  0.0160  0.0150  1
118:   0.9780  0.0110  0.0110  1
119:   0.9840  0.0080  0.0080  1

  1:   0.0180  0.5110  0.4710  1
  2:   0.0240  0.4190  0.5570  1
  3:   0.1540  0.3230  0.5230  1
  4:   0.0150  0.4236  0.5614  1
  5:   0.0360  0.5504  0.4136  1
  6:   0.0150  0.5830  0.4020  1
  7:   0.0140  0.6266  0.3594  1
  8:   0.0130  0.4550  0.5320  1
  9:   0.0190  0.5370  0.4440  1
 10:   0.0330  0.5540  0.4130  1
 11:   0.0240  0.4290  0.5470  1
 12:   0.0180  0.3550  0.6270  1
 13:   0.0170  0.4284  0.5546  1
 14:   0.0200  0.4740  0.5060  1
 15:   0.0350  0.6450  0.3200  1
 16:   0.0290  0.4060  0.5650  1
 17:   0.0260  0.5060  0.4680  1
 18:   0.0270  0.3200  0.6530  1
 19:   0.0280  0.4920  0.4800  1
 20:   0.0680  0.5090  0.4230  1
 21:   0.0150  0.3070  0.6780  1
 22:   0.0330  0.3437  0.6234  1
 23:   0.0569  0.3956  0.5475  1
 24:   0.1360  0.4400  0.4240  1
 25:   0.1151  0.5305  0.3544  1
 26:   0.4180  0.2150  0.3670  1
 27:   0.9700  0.0150  0.0150  1
 28:   0.7670  0.1030  0.1300  1
 29:   0.5530  0.1820  0.2650  1
 30:   0.9271  0.0310  0.0420  1
 31:   0.9650  0.0170  0.0180  1
 32:   0.9220  0.0340  0.0440  1
 33:   0.4310  0.3020  0.2670  1
 34:   0.6340  0.1610  0.2050  1
 35:   0.5075  0.2138  0.2787  1
 36:   0.9800  0.0100  0.0100  1
 37:   0.9181  0.0380  0.0440  1
 38:   0.5504  0.2727  0.1768  1
 39:   0.7920  0.0890  0.1190  1
 40:   0.6190  0.1840  0.1970  1
 41:   0.1860  0.3720  0.4420  1
 42:   0.8450  0.0680  0.0870  1
 43:   0.7612  0.1159  0.1229  1
 44:   0.7722  0.1239  0.1039  1
 45:   0.9710  0.0160  0.0130  1
 46:   0.9420  0.0290  0.0290  1
 47:   0.9740  0.0130  0.0130  1
 48:   0.9800  0.0100  0.0100  1
 49:   0.9630  0.0190  0.0180  1
 50:   0.9109  0.0460  0.0430  1
 51:   0.9580  0.0240  0.0180  1
 52:   0.9380  0.0330  0.0290  1
 53:   0.8570  0.0670  0.0760  1
 54:   0.9560  0.0230  0.0210  1
 55:   0.8380  0.0960  0.0660  1
 56:   0.9400  0.0300  0.0300  1
 57:   0.8791  0.0569  0.0639  1
 58:   0.8030  0.1010  0.0960  1
 59:   0.9790  0.0110  0.0100  1
 60:   0.9401  0.0310  0.0290  1
 61:   0.8140  0.1080  0.0780  1
 62:   0.8960  0.0500  0.0540  1
 63:   0.7538  0.1351  0.1111  1
 64:   0.6190  0.2140  0.1670  1
 65:   0.9160  0.0410  0.0430  1
 66:   0.9150  0.0440  0.0410  1
 67:   0.7998  0.0981  0.1021  1
 68:   0.9069  0.0541  0.0390  1
 69:   0.8569  0.0681  0.0751  1
 70:   0.5586  0.2603  0.1812  1
 71:   0.9800  0.0100  0.0100  1
 72:   0.9311  0.0340  0.0350  1
 73:   0.9470  0.0250  0.0280  1
 74:   0.0390  0.6000  0.3610  1
 75:   0.0100  0.3564  0.6336  1
 76:   0.0120  0.6720  0.3160  1
 77:   0.0120  0.4334  0.5546  1
 78:   0.0090  0.6640  0.3270  1
 79:   0.0541  0.6326  0.3133  1
 80:   0.0290  0.6064  0.3646  1
 81:   0.0130  0.4090  0.5780  1
 82:   0.0410  0.4730  0.4860  1
 83:   0.0100  0.6384  0.3516  1
 84:   0.0660  0.6240  0.3100  1
 85:   0.0120  0.4490  0.5390  1
 86:   0.0570  0.4150  0.5280  1
 87:   0.0250  0.4730  0.5020  1
 88:   0.0170  0.6600  0.3230  1
 89:   0.0110  0.5860  0.4030  1
 90:   0.0230  0.7043  0.2727  1
 91:   0.0240  0.3510  0.6250  1
 92:   0.2070  0.3370  0.4560  1
 93:   0.0220  0.5930  0.3850  1
 94:   0.0330  0.4775  0.4895  1
 95:   0.0190  0.3220  0.6590  1
 96:   0.0501  0.3704  0.5796  1
 97:   0.0150  0.4770  0.5080  1
 98:   0.0130  0.6016  0.3854  1
 99:   0.0200  0.5864  0.3936  1
100:   0.1830  0.3380  0.4790  1
101:   0.0170  0.6010  0.3820  1
102:   0.9680  0.0160  0.0160  1
103:   0.9740  0.0130  0.0130  1
104:   0.9810  0.0100  0.0090  1
105:   0.9780  0.0110  0.0110  1
106:   0.8750  0.0620  0.0630  1
107:   0.9760  0.0130  0.0110  1
108:   0.9800  0.0100  0.0100  1
109:   0.8230  0.1040  0.0730  1
110:   0.9820  0.0090  0.0090  1
111:   0.9590  0.0200  0.0210  1
112:   0.9550  0.0220  0.0230  1
113:   0.9760  0.0120  0.0120  1
114:   0.9830  0.0090  0.0080  1
115:   0.9800  0.0100  0.0100  1
116:   0.9750  0.0130  0.0120  1
117:   0.9680  0.0160  0.0160  1
118:   0.9780  0.0110  0.0110  1
119:   0.9820  0.0090  0.0090  1

  1:   0.0180  0.5140  0.4680  1
  2:   0.0230  0.4154  0.5616  1
  3:   0.1460  0.3330  0.5210  1
  4:   0.0150  0.4670  0.5180  1
  5:   0.0360  0.5896  0.3744  1
  6:   0.0150  0.6030  0.3820  1
  7:   0.0140  0.6300  0.3560  1
  8:   0.0120  0.4474  0.5405  1
  9:   0.0180  0.5670  0.4150  1
 10:   0.0310  0.5610  0.4080  1
 11:   0.0230  0.4160  0.5610  1
 12:   0.0170  0.3337  0.6494  1
 13:   0.0180  0.4250  0.5570  1
 14:   0.0200  0.4860  0.4940  1
 15:   0.0340  0.6580  0.3080  1
 16:   0.0280  0.4080  0.5640  1
 17:   0.0260  0.5080  0.4660  1
 18:   0.0260  0.3097  0.6643  1
 19:   0.0270  0.4770  0.4960  1
 20:   0.0760  0.5150  0.4090  1
 21:   0.0140  0.2820  0.7040  1
 22:   0.0320  0.3260  0.6420  1
 23:   0.0531  0.3944  0.5526  1
 24:   0.1330  0.4610  0.4060  1
 25:   0.1090  0.5280  0.3630  1
 26:   0.4036  0.2208  0.3756  1
 27:   0.9700  0.0140  0.0160  1
 28:   0.7660  0.1090  0.1250  1
 29:   0.5240  0.1850  0.2910  1
 30:   0.9261  0.0310  0.0430  1
 31:   0.9650  0.0170  0.0180  1
 32:   0.9171  0.0360  0.0470  1
 33:   0.4154  0.3073  0.2773  1
 34:   0.6254  0.1638  0.2108  1
 35:   0.5030  0.2140  0.2830  1
 36:   0.9800  0.0100  0.0100  1
 37:   0.9179  0.0370  0.0450  1
 38:   0.5425  0.2557  0.2018  1
 39:   0.7880  0.0930  0.1190  1
 40:   0.6140  0.1850  0.2010  1
 41:   0.1790  0.3700  0.4510  1
 42:   0.8600  0.0640  0.0760  1
 43:   0.7620  0.1180  0.1200  1
 44:   0.7770  0.1140  0.1090  1
 45:   0.9720  0.0150  0.0130  1
 46:   0.9460  0.0280  0.0260  1
 47:   0.9740  0.0130  0.0130  1
 48:   0.9800  0.0100  0.0100  1
 49:   0.9650  0.0170  0.0180  1
 50:   0.9111  0.0470  0.0420  1
 51:   0.9630  0.0220  0.0150  1
 52:   0.9439  0.0290  0.0270  1
 53:   0.8570  0.0680  0.0750  1
 54:   0.9560  0.0230  0.0210  1
 55:   0.8460  0.0940  0.0600  1
 56:   0.9391  0.0300  0.0310  1
 57:   0.8810  0.0550  0.0640  1
 58:   0.8140  0.1060  0.0800  1
 59:   0.9800  0.0100  0.0100  1
 60:   0.9450  0.0280  0.0270  1
 61:   0.8240  0.1000  0.0760  1
 62:   0.9000  0.0490  0.0510  1
 63:   0.7560  0.1370  0.1070  1
 64:   0.6480  0.1990  0.1530  1
 65:   0.9231  0.0390  0.0380  1
 66:   0.9160  0.0440  0.0400  1
 67:   0.8008  0.0981  0.1011  1
 68:   0.9101  0.0480  0.0420  1
 69:   0.8541  0.0689  0.0769  1
 70:   0.5620  0.2490  0.1890  1
 71:   0.9810  0.0100  0.0090  1
 72:   0.9300  0.0350  0.0350  1
 73:   0.9499  0.0250  0.0250  1
 74:   0.0390  0.5614  0.3996  1
 75:   0.0110  0.3610  0.6280  1
 76:   0.0110  0.6887  0.3003  1
 77:   0.0120  0.4174  0.5706  1
 78:   0.0090  0.6893  0.3017  1
 79:   0.0550  0.6360  0.3090  1
 80:   0.0270  0.6010  0.3720  1
 81:   0.0130  0.3950  0.5920  1
 82:   0.0380  0.5060  0.4560  1
 83:   0.0100  0.6470  0.3430  1
 84:   0.0710  0.6310  0.2980  1
 85:   0.0120  0.4430  0.5450  1
 86:   0.0550  0.4230  0.5220  1
 87:   0.0240  0.4940  0.4820  1
 88:   0.0170  0.6350  0.3480  1
 89:   0.0110  0.5714  0.4176  1
 90:   0.0230  0.7070  0.2700  1
 91:   0.0240  0.3540  0.6220  1
 92:   0.1950  0.3190  0.4860  1
 93:   0.0220  0.5660  0.4120  1
 94:   0.0310  0.4930  0.4760  1
 95:   0.0190  0.3360  0.6450  1
 96:   0.0480  0.3710  0.5810  1
 97:   0.0160  0.4925  0.4915  1
 98:   0.0140  0.6060  0.3800  1
 99:   0.0190  0.5460  0.4350  1
100:   0.1690  0.3410  0.4900  1
101:   0.0180  0.5990  0.3830  1
102:   0.9680  0.0160  0.0160  1
103:   0.9750  0.0120  0.0130  1
104:   0.9810  0.0100  0.0090  1
105:   0.9790  0.0100  0.0110  1
106:   0.8740  0.0620  0.0640  1
107:   0.9770  0.0120  0.0110  1
108:   0.9820  0.0090  0.0090  1
109:   0.8340  0.0940  0.0720  1
110:   0.9820  0.0090  0.0090  1
111:   0.9590  0.0190  0.0220  1
112:   0.9540  0.0220  0.0240  1
113:   0.9750  0.0120  0.0130  1
114:   0.9840  0.0080  0.0080  1
115:   0.9800  0.0100  0.0100  1
116:   0.9750  0.0130  0.0120  1
117:   0.9690  0.0170  0.0140  1
118:   0.9790  0.0100  0.0110  1
119:   0.9840  0.0080  0.0080  1

