1:    0.017 0.504 0.479 1    
2:    0.024 0.491 0.486 1    
3:    0.147 0.412 0.441 1    
4:    0.014 0.478 0.508 1    
5:    0.035 0.488 0.477 1    
6:    0.014 0.501 0.485 1    
7:    0.014 0.506 0.480 1    
8:    0.013 0.465 0.523 1    
9:    0.018 0.502 0.480 1    
10:   0.030 0.486 0.484 1    
11:   0.024 0.496 0.480 1    
12:   0.016 0.471 0.513 1    
13:   0.016 0.472 0.512 1    
14:   0.020 0.493 0.486 1    
15:   0.031 0.516 0.453 1    
16:   0.029 0.480 0.491 1    
17:   0.025 0.482 0.492 1    
18:   0.026 0.450 0.525 1    
19:   0.025 0.516 0.458 1    
20:   0.068 0.468 0.464 1    
21:   0.014 0.450 0.536 1    
22:   0.032 0.457 0.511 1    
23:   0.051 0.463 0.486 1    
24:   0.139 0.440 0.421 1    
25:   0.114 0.475 0.411 1    
26:   0.426 0.277 0.297 1    
27:   0.973 0.013 0.014 1    
28:   0.775 0.112 0.113 1    
29:   0.557 0.213 0.229 1    
30:   0.931 0.035 0.034 1    
31:   0.966 0.017 0.017 1    
32:   0.925 0.037 0.039 1    
33:   0.430 0.286 0.284 1    
34:   0.651 0.170 0.179 1    
35:   0.536 0.234 0.230 1    
36:   0.980 0.010 0.010 1    
37:   0.925 0.036 0.039 1    
38:   0.561 0.234 0.205 1    
39:   0.801 0.094 0.105 1    
40:   0.615 0.196 0.190 1    
41:   0.181 0.413 0.407 1    
42:   0.871 0.065 0.064 1    
43:   0.773 0.120 0.107 1    
44:   0.782 0.107 0.111 1    
45:   0.973 0.014 0.013 1    
46:   0.948 0.026 0.025 1    
47:   0.976 0.012 0.012 1    
48:   0.981 0.009 0.010 1    
49:   0.964 0.017 0.019 1    
50:   0.918 0.041 0.041 1    
51:   0.963 0.020 0.017 1    
52:   0.945 0.027 0.028 1    
53:   0.871 0.066 0.063 1    
54:   0.960 0.021 0.020 1    
55:   0.855 0.077 0.068 1    
56:   0.939 0.030 0.030 1    
57:   0.886 0.057 0.057 1    
58:   0.814 0.095 0.091 1    
59:   0.981 0.009 0.010 1    
60:   0.945 0.027 0.028 1    
61:   0.820 0.092 0.088 1    
62:   0.901 0.050 0.049 1    
63:   0.767 0.119 0.113 1    
64:   0.668 0.177 0.156 1    
65:   0.925 0.038 0.037 1    
66:   0.918 0.042 0.040 1    
67:   0.812 0.093 0.095 1    
68:   0.913 0.045 0.042 1    
69:   0.867 0.067 0.066 1    
70:   0.568 0.220 0.212 1    
71:   0.982 0.009 0.009 1    
72:   0.933 0.034 0.033 1    
73:   0.948 0.025 0.027 1    
74:   0.035 0.533 0.432 1    
75:   0.010 0.450 0.540 1    
76:   0.011 0.522 0.467 1    
77:   0.012 0.475 0.513 1    
78:   0.009 0.519 0.472 1    
79:   0.052 0.493 0.455 1    
80:   0.027 0.492 0.482 1    
81:   0.012 0.475 0.513 1    
82:   0.042 0.476 0.482 1    
83:   0.010 0.529 0.461 1    
84:   0.071 0.491 0.438 1    
85:   0.011 0.457 0.532 1    
86:   0.055 0.491 0.454 1    
87:   0.022 0.476 0.502 1    
88:   0.017 0.505 0.478 1    
89:   0.010 0.518 0.471 1    
90:   0.023 0.557 0.420 1    
91:   0.024 0.468 0.508 1    
92:   0.197 0.401 0.402 1    
93:   0.023 0.474 0.503 1    
94:   0.030 0.485 0.485 1    
95:   0.019 0.449 0.532 1    
96:   0.051 0.454 0.495 1    
97:   0.015 0.466 0.519 1    
98:   0.013 0.508 0.479 1    
99:   0.019 0.482 0.499 1    
100:  0.184 0.401 0.416 1    
101:  0.017 0.514 0.469 1    
102:  0.972 0.014 0.014 1    
103:  0.976 0.012 0.012 1    
104:  0.981 0.010 0.009 1    
105:  0.979 0.010 0.011 1    
106:  0.879 0.061 0.060 1    
107:  0.978 0.011 0.011 1    
108:  0.982 0.009 0.009 1    
109:  0.833 0.089 0.078 1    
110:  0.982 0.009 0.009 1    
111:  0.961 0.019 0.019 1    
112:  0.957 0.022 0.020 1    
113:  0.976 0.012 0.012 1    
114:  0.984 0.008 0.008 1    
115:  0.981 0.010 0.009 1    
116:  0.976 0.012 0.012 1    
117:  0.971 0.014 0.015 1    
118:  0.980 0.010 0.010 1    
119:  0.983 0.008 0.008 1    
              
              
1:    0.018 0.477 0.505 1    
2:    0.024 0.450 0.527 1    
3:    0.150 0.394 0.456 1    
4:    0.015 0.468 0.518 1    
5:    0.036 0.535 0.430 1    
6:    0.015 0.552 0.434 1    
7:    0.014 0.587 0.399 1    
8:    0.013 0.475 0.512 1    
9:    0.018 0.491 0.491 1    
10:   0.030 0.516 0.454 1    
11:   0.023 0.429 0.549 1    
12:   0.016 0.425 0.559 1    
13:   0.017 0.463 0.520 1    
14:   0.020 0.466 0.514 1    
15:   0.035 0.545 0.420 1    
16:   0.029 0.468 0.503 1    
17:   0.026 0.471 0.503 1    
18:   0.026 0.387 0.587 1    
19:   0.027 0.459 0.514 1    
20:   0.072 0.467 0.462 1    
21:   0.014 0.386 0.600 1    
22:   0.032 0.425 0.542 1    
23:   0.054 0.411 0.535 1    
24:   0.135 0.457 0.409 1    
25:   0.112 0.470 0.418 1    
26:   0.418 0.270 0.312 1    
27:   0.971 0.014 0.016 1    
28:   0.764 0.113 0.124 1    
29:   0.535 0.203 0.262 1    
30:   0.927 0.035 0.039 1    
31:   0.965 0.018 0.018 1    
32:   0.922 0.036 0.042 1    
33:   0.429 0.300 0.271 1    
34:   0.628 0.179 0.193 1    
35:   0.502 0.222 0.276 1    
36:   0.980 0.010 0.010 1    
37:   0.922 0.036 0.042 1    
38:   0.557 0.245 0.199 1    
39:   0.797 0.100 0.103 1    
40:   0.612 0.195 0.192 1    
41:   0.177 0.371 0.452 1    
42:   0.864 0.063 0.073 1    
43:   0.759 0.122 0.119 1    
44:   0.775 0.114 0.111 1    
45:   0.971 0.015 0.014 1    
46:   0.948 0.026 0.026 1    
47:   0.974 0.013 0.013 1    
48:   0.980 0.010 0.010 1    
49:   0.965 0.017 0.018 1    
50:   0.915 0.043 0.042 1    
51:   0.961 0.021 0.018 1    
52:   0.944 0.028 0.028 1    
53:   0.862 0.065 0.073 1    
54:   0.955 0.023 0.023 1    
55:   0.848 0.080 0.072 1    
56:   0.936 0.030 0.034 1    
57:   0.888 0.056 0.056 1    
58:   0.812 0.096 0.092 1    
59:   0.981 0.010 0.010 1    
60:   0.945 0.027 0.028 1    
61:   0.822 0.092 0.085 1    
62:   0.899 0.050 0.051 1    
63:   0.756 0.133 0.111 1    
64:   0.653 0.187 0.160 1    
65:   0.926 0.037 0.038 1    
66:   0.922 0.040 0.038 1    
67:   0.800 0.100 0.100 1    
68:   0.912 0.048 0.041 1    
69:   0.863 0.071 0.066 1    
70:   0.563 0.232 0.205 1    
71:   0.981 0.009 0.010 1    
72:   0.931 0.035 0.034 1    
73:   0.949 0.025 0.026 1    
74:   0.038 0.512 0.450 1    
75:   0.010 0.447 0.542 1    
76:   0.011 0.593 0.396 1    
77:   0.012 0.454 0.534 1    
78:   0.009 0.605 0.386 1    
79:   0.052 0.543 0.405 1    
80:   0.028 0.581 0.392 1    
81:   0.013 0.435 0.552 1    
82:   0.040 0.496 0.464 1    
83:   0.010 0.574 0.416 1    
84:   0.073 0.538 0.389 1    
85:   0.012 0.487 0.501 1    
86:   0.055 0.432 0.512 1    
87:   0.023 0.524 0.452 1    
88:   0.017 0.569 0.415 1    
89:   0.010 0.500 0.489 1    
90:   0.022 0.600 0.378 1    
91:   0.023 0.408 0.568 1    
92:   0.204 0.356 0.439 1    
93:   0.021 0.540 0.439 1    
94:   0.031 0.471 0.497 1    
95:   0.019 0.434 0.546 1    
96:   0.049 0.390 0.561 1    
97:   0.015 0.531 0.454 1    
98:   0.013 0.588 0.399 1    
99:   0.018 0.502 0.479 1    
100:  0.172 0.350 0.477 1    
101:  0.018 0.526 0.455 1    
102:  0.969 0.016 0.015 1    
103:  0.975 0.013 0.012 1    
104:  0.982 0.010 0.009 1    
105:  0.979 0.011 0.011 1    
106:  0.876 0.060 0.064 1    
107:  0.977 0.012 0.011 1    
108:  0.982 0.009 0.009 1    
109:  0.827 0.093 0.080 1    
110:  0.982 0.009 0.009 1    
111:  0.962 0.018 0.020 1    
112:  0.956 0.021 0.024 1    
113:  0.976 0.011 0.012 1    
114:  0.984 0.008 0.008 1    
115:  0.981 0.010 0.010 1    
116:  0.975 0.013 0.013 1    
117:  0.969 0.015 0.016 1    
118:  0.979 0.011 0.010 1    
119:  0.983 0.008 0.009 1    
              
              
1:    0.018 0.498 0.484 1    
2:    0.024 0.538 0.438 1    
3:    0.146 0.487 0.367 1    
4:    0.014 0.514 0.472 1    
5:    0.035 0.431 0.534 1    
6:    0.015 0.451 0.534 1    
7:    0.014 0.449 0.537 1    
8:    0.013 0.526 0.461 1    
9:    0.018 0.454 0.528 1    
10:   0.030 0.455 0.515 1    
11:   0.023 0.519 0.458 1    
12:   0.016 0.580 0.404 1    
13:   0.017 0.544 0.439 1    
14:   0.020 0.494 0.486 1    
15:   0.035 0.383 0.582 1    
16:   0.028 0.566 0.406 1    
17:   0.025 0.483 0.493 1    
18:   0.027 0.568 0.405 1    
19:   0.025 0.495 0.480 1    
20:   0.070 0.423 0.507 1    
21:   0.015 0.609 0.377 1    
22:   0.031 0.573 0.396 1    
23:   0.052 0.521 0.427 1    
24:   0.134 0.427 0.439 1    
25:   0.108 0.383 0.509 1    
26:   0.404 0.336 0.260 1    
27:   0.971 0.015 0.014 1    
28:   0.767 0.126 0.108 1    
29:   0.549 0.251 0.200 1    
30:   0.933 0.037 0.031 1    
31:   0.966 0.017 0.017 1    
32:   0.929 0.039 0.032 1    
33:   0.425 0.299 0.276 1    
34:   0.637 0.191 0.173 1    
35:   0.508 0.271 0.221 1    
36:   0.980 0.010 0.010 1    
37:   0.919 0.041 0.040 1    
38:   0.555 0.202 0.243 1    
39:   0.793 0.110 0.097 1    
40:   0.610 0.216 0.174 1    
41:   0.182 0.435 0.384 1    
42:   0.861 0.077 0.062 1    
43:   0.768 0.124 0.108 1    
44:   0.781 0.109 0.109 1    
45:   0.973 0.014 0.013 1    
46:   0.947 0.026 0.027 1    
47:   0.975 0.012 0.013 1    
48:   0.980 0.010 0.010 1    
49:   0.967 0.017 0.016 1    
50:   0.914 0.042 0.044 1    
51:   0.962 0.018 0.020 1    
52:   0.942 0.028 0.030 1    
53:   0.858 0.071 0.071 1    
54:   0.956 0.021 0.023 1    
55:   0.848 0.072 0.080 1    
56:   0.939 0.031 0.030 1    
57:   0.875 0.066 0.059 1    
58:   0.816 0.090 0.094 1    
59:   0.981 0.009 0.010 1    
60:   0.946 0.027 0.027 1    
61:   0.821 0.081 0.098 1    
62:   0.899 0.051 0.050 1    
63:   0.761 0.107 0.132 1    
64:   0.654 0.159 0.187 1    
65:   0.920 0.042 0.038 1    
66:   0.923 0.038 0.039 1    
67:   0.806 0.095 0.099 1    
68:   0.912 0.042 0.046 1    
69:   0.858 0.072 0.071 1    
70:   0.553 0.196 0.251 1    
71:   0.982 0.009 0.009 1    
72:   0.933 0.033 0.034 1    
73:   0.948 0.027 0.025 1    
74:   0.035 0.428 0.537 1    
75:   0.010 0.586 0.403 1    
76:   0.011 0.411 0.578 1    
77:   0.012 0.552 0.436 1    
78:   0.009 0.386 0.605 1    
79:   0.057 0.385 0.558 1    
80:   0.027 0.398 0.575 1    
81:   0.012 0.548 0.439 1    
82:   0.040 0.472 0.488 1    
83:   0.010 0.415 0.575 1    
84:   0.070 0.362 0.568 1    
85:   0.012 0.506 0.482 1    
86:   0.053 0.503 0.444 1    
87:   0.024 0.502 0.474 1    
88:   0.016 0.394 0.590 1    
89:   0.011 0.433 0.557 1    
90:   0.023 0.366 0.611 1    
91:   0.023 0.579 0.398 1    
92:   0.209 0.436 0.354 1    
93:   0.022 0.441 0.537 1    
94:   0.030 0.488 0.482 1    
95:   0.018 0.589 0.392 1    
96:   0.048 0.538 0.414 1    
97:   0.015 0.516 0.469 1    
98:   0.013 0.426 0.561 1    
99:   0.019 0.479 0.502 1    
100:  0.182 0.437 0.381 1    
101:  0.018 0.409 0.573 1    
102:  0.970 0.015 0.016 1    
103:  0.975 0.013 0.012 1    
104:  0.981 0.009 0.010 1    
105:  0.978 0.011 0.011 1    
106:  0.876 0.063 0.061 1    
107:  0.977 0.012 0.011 1    
108:  0.981 0.009 0.009 1    
109:  0.834 0.075 0.092 1    
110:  0.982 0.009 0.009 1    
111:  0.962 0.019 0.019 1    
112:  0.958 0.021 0.021 1    
113:  0.977 0.011 0.011 1    
114:  0.984 0.008 0.008 1    
115:  0.980 0.010 0.010 1    
116:  0.976 0.012 0.012 1    
117:  0.969 0.015 0.016 1    
118:  0.979 0.011 0.011 1    
119:  0.984 0.008 0.008 1    
              
              
1:    0.471 0.018 0.511 1    
2:    0.557 0.024 0.419 1    
3:    0.523 0.154 0.323 1    
4:    0.562 0.015 0.424 1    
5:    0.414 0.036 0.551 1    
6:    0.402 0.015 0.583 1    
7:    0.359 0.014 0.626 1    
8:    0.532 0.013 0.455 1    
9:    0.444 0.019 0.537 1    
10:   0.413 0.033 0.554 1    
11:   0.547 0.024 0.429 1    
12:   0.627 0.018 0.355 1    
13:   0.554 0.017 0.428 1    
14:   0.506 0.020 0.474 1    
15:   0.320 0.035 0.645 1    
16:   0.565 0.029 0.406 1    
17:   0.468 0.026 0.506 1    
18:   0.653 0.027 0.320 1    
19:   0.480 0.028 0.492 1    
20:   0.423 0.068 0.509 1    
21:   0.678 0.015 0.307 1    
22:   0.624 0.033 0.344 1    
23:   0.548 0.057 0.396 1    
24:   0.424 0.136 0.440 1    
25:   0.354 0.115 0.530 1    
26:   0.367 0.418 0.215 1    
27:   0.015 0.970 0.015 1    
28:   0.130 0.767 0.103 1    
29:   0.265 0.553 0.182 1    
30:   0.042 0.928 0.031 1    
31:   0.018 0.965 0.017 1    
32:   0.044 0.922 0.034 1    
33:   0.267 0.431 0.302 1    
34:   0.205 0.634 0.161 1    
35:   0.279 0.508 0.214 1    
36:   0.010 0.980 0.010 1    
37:   0.044 0.919 0.038 1    
38:   0.177 0.551 0.273 1    
39:   0.119 0.792 0.089 1    
40:   0.197 0.619 0.184 1    
41:   0.442 0.186 0.372 1    
42:   0.087 0.845 0.068 1    
43:   0.123 0.762 0.116 1    
44:   0.104 0.773 0.124 1    
45:   0.013 0.971 0.016 1    
46:   0.029 0.942 0.029 1    
47:   0.013 0.974 0.013 1    
48:   0.010 0.980 0.010 1    
49:   0.018 0.963 0.019 1    
50:   0.043 0.910 0.046 1    
51:   0.018 0.958 0.024 1    
52:   0.029 0.938 0.033 1    
53:   0.076 0.857 0.067 1    
54:   0.021 0.956 0.023 1    
55:   0.066 0.838 0.096 1    
56:   0.030 0.940 0.030 1    
57:   0.064 0.880 0.057 1    
58:   0.096 0.803 0.101 1    
59:   0.010 0.979 0.011 1    
60:   0.029 0.941 0.031 1    
61:   0.078 0.814 0.108 1    
62:   0.054 0.896 0.050 1    
63:   0.111 0.753 0.135 1    
64:   0.167 0.619 0.214 1    
65:   0.043 0.916 0.041 1    
66:   0.041 0.915 0.044 1    
67:   0.102 0.799 0.098 1    
68:   0.039 0.906 0.054 1    
69:   0.075 0.856 0.068 1    
70:   0.181 0.558 0.260 1    
71:   0.010 0.981 0.010 1    
72:   0.035 0.932 0.034 1    
73:   0.028 0.947 0.025 1    
74:   0.361 0.039 0.600 1    
75:   0.633 0.010 0.356 1    
76:   0.316 0.012 0.672 1    
77:   0.554 0.012 0.433 1    
78:   0.327 0.009 0.664 1    
79:   0.313 0.054 0.632 1    
80:   0.365 0.029 0.607 1    
81:   0.578 0.013 0.409 1    
82:   0.486 0.041 0.473 1    
83:   0.352 0.010 0.639 1    
84:   0.310 0.066 0.624 1    
85:   0.539 0.012 0.449 1    
86:   0.528 0.057 0.415 1    
87:   0.502 0.025 0.473 1    
88:   0.323 0.017 0.660 1    
89:   0.403 0.011 0.586 1    
90:   0.273 0.023 0.705 1    
91:   0.625 0.024 0.351 1    
92:   0.456 0.207 0.337 1    
93:   0.385 0.022 0.593 1    
94:   0.490 0.033 0.478 1    
95:   0.659 0.019 0.322 1    
96:   0.579 0.050 0.370 1    
97:   0.508 0.015 0.477 1    
98:   0.385 0.013 0.601 1    
99:   0.394 0.020 0.587 1    
100:  0.479 0.183 0.338 1    
101:  0.382 0.017 0.601 1    
102:  0.016 0.967 0.016 1    
103:  0.013 0.974 0.013 1    
104:  0.009 0.981 0.010 1    
105:  0.011 0.977 0.011 1    
106:  0.063 0.875 0.062 1    
107:  0.011 0.976 0.013 1    
108:  0.010 0.981 0.010 1    
109:  0.073 0.823 0.104 1    
110:  0.009 0.981 0.009 1    
111:  0.021 0.960 0.020 1    
112:  0.023 0.955 0.022 1    
113:  0.012 0.976 0.012 1    
114:  0.008 0.983 0.009 1    
115:  0.010 0.980 0.010 1    
116:  0.012 0.975 0.013 1    
117:  0.016 0.968 0.016 1    
118:  0.011 0.978 0.011 1    
119:  0.009 0.983 0.009 1    
              
              
1:    0.468 0.514 0.018 1    
2:    0.561 0.415 0.023 1    
3:    0.521 0.333 0.146 1    
4:    0.518 0.467 0.015 1    
5:    0.374 0.589 0.036 1    
6:    0.382 0.603 0.015 1    
7:    0.356 0.630 0.014 1    
8:    0.540 0.447 0.012 1    
9:    0.415 0.567 0.018 1    
10:   0.408 0.561 0.031 1    
11:   0.561 0.416 0.023 1    
12:   0.650 0.334 0.017 1    
13:   0.557 0.425 0.018 1    
14:   0.494 0.486 0.020 1    
15:   0.308 0.658 0.034 1    
16:   0.564 0.408 0.028 1    
17:   0.466 0.508 0.026 1    
18:   0.665 0.310 0.026 1    
19:   0.496 0.477 0.027 1    
20:   0.409 0.515 0.076 1    
21:   0.704 0.282 0.014 1    
22:   0.642 0.326 0.032 1    
23:   0.552 0.394 0.053 1    
24:   0.406 0.461 0.133 1    
25:   0.363 0.528 0.109 1    
26:   0.376 0.221 0.404 1    
27:   0.016 0.014 0.970 1    
28:   0.125 0.109 0.766 1    
29:   0.291 0.185 0.524 1    
30:   0.043 0.031 0.927 1    
31:   0.018 0.017 0.965 1    
32:   0.047 0.036 0.918 1    
33:   0.277 0.307 0.415 1    
34:   0.211 0.164 0.626 1    
35:   0.283 0.214 0.503 1    
36:   0.010 0.010 0.980 1    
37:   0.045 0.037 0.917 1    
38:   0.202 0.256 0.543 1    
39:   0.119 0.093 0.788 1    
40:   0.201 0.185 0.614 1    
41:   0.451 0.370 0.179 1    
42:   0.076 0.064 0.860 1    
43:   0.120 0.118 0.762 1    
44:   0.109 0.114 0.777 1    
45:   0.013 0.015 0.971 1    
46:   0.026 0.028 0.946 1    
47:   0.013 0.013 0.975 1    
48:   0.010 0.010 0.980 1    
49:   0.018 0.017 0.965 1    
50:   0.042 0.047 0.912 1    
51:   0.015 0.022 0.963 1    
52:   0.027 0.029 0.943 1    
53:   0.075 0.068 0.857 1    
54:   0.021 0.023 0.955 1    
55:   0.060 0.094 0.846 1    
56:   0.031 0.030 0.940 1    
57:   0.064 0.055 0.881 1    
58:   0.080 0.106 0.814 1    
59:   0.010 0.010 0.980 1    
60:   0.027 0.028 0.945 1    
61:   0.076 0.100 0.824 1    
62:   0.051 0.049 0.900 1    
63:   0.107 0.137 0.756 1    
64:   0.153 0.199 0.648 1    
65:   0.038 0.039 0.924 1    
66:   0.040 0.044 0.916 1    
67:   0.101 0.098 0.800 1    
68:   0.042 0.048 0.911 1    
69:   0.077 0.069 0.855 1    
70:   0.189 0.249 0.562 1    
71:   0.009 0.010 0.981 1    
72:   0.035 0.035 0.930 1    
73:   0.025 0.025 0.949 1    
74:   0.400 0.562 0.039 1    
75:   0.628 0.361 0.011 1    
76:   0.300 0.688 0.011 1    
77:   0.570 0.417 0.012 1    
78:   0.302 0.690 0.009 1    
79:   0.309 0.636 0.055 1    
80:   0.372 0.601 0.027 1    
81:   0.592 0.395 0.013 1    
82:   0.456 0.506 0.038 1    
83:   0.343 0.647 0.010 1    
84:   0.298 0.631 0.071 1    
85:   0.545 0.443 0.012 1    
86:   0.522 0.423 0.055 1    
87:   0.482 0.494 0.024 1    
88:   0.348 0.635 0.017 1    
89:   0.418 0.572 0.011 1    
90:   0.270 0.707 0.023 1    
91:   0.622 0.354 0.024 1    
92:   0.486 0.319 0.195 1    
93:   0.412 0.566 0.022 1    
94:   0.476 0.493 0.031 1    
95:   0.645 0.336 0.019 1    
96:   0.581 0.371 0.048 1    
97:   0.492 0.493 0.016 1    
98:   0.380 0.606 0.014 1    
99:   0.435 0.546 0.019 1    
100:  0.490 0.341 0.169 1    
101:  0.383 0.599 0.018 1    
102:  0.016 0.016 0.969 1    
103:  0.013 0.012 0.975 1    
104:  0.009 0.010 0.981 1    
105:  0.011 0.010 0.979 1    
106:  0.064 0.062 0.874 1    
107:  0.011 0.012 0.977 1    
108:  0.009 0.009 0.981 1    
109:  0.072 0.094 0.834 1    
110:  0.009 0.009 0.981 1    
111:  0.022 0.019 0.959 1    
112:  0.024 0.022 0.954 1    
113:  0.013 0.012 0.975 1    
114:  0.008 0.008 0.984 1    
115:  0.010 0.010 0.981 1    
116:  0.012 0.013 0.975 1    
117:  0.014 0.017 0.969 1    
118:  0.011 0.010 0.979 1    
119:  0.008 0.008 0.983 1    
