  1:   0.1874  0.2940  0.5186  1
  2:   0.5256  0.1726  0.3018  1
  3:   0.2780  0.3854  0.3366  1
  4:   0.3350  0.4504  0.2146  1
  5:   0.3287  0.3833  0.2881  1
  6:   0.2146  0.6436  0.1418  1
  7:   0.2580  0.2150  0.5270  1
  8:   0.3516  0.3902  0.2582  1
  9:   0.2816  0.3138  0.4046  1
 10:   0.3704  0.4136  0.2161  1
 11:   0.2375  0.5645  0.1980  1
 12:   0.2216  0.6102  0.1682  1
 13:   0.2652  0.2963  0.4385  1
 14:   0.2848  0.2432  0.4720  1
 15:   0.4510  0.2303  0.3187  1
 16:   0.3897  0.1790  0.4313  1
 17:   0.2618  0.4276  0.3106  1
 18:   0.4491  0.3677  0.1832  1
 19:   0.4789  0.2755  0.2456  1
 20:   0.2989  0.2160  0.4851  1
 21:   0.3920  0.2530  0.3550  1
 22:   0.3903  0.2102  0.3995  1
 23:   0.3417  0.2503  0.4080  1
 24:   0.3250  0.3366  0.3384  1
 25:   0.2371  0.4295  0.3334  1
 26:   0.3820  0.2458  0.3722  1
 27:   0.3352  0.2004  0.4644  1
 28:   0.4364  0.3439  0.2197  1
 29:   0.4150  0.2710  0.3140  1
 30:   0.3679  0.2350  0.3971  1
 31:   0.2705  0.2538  0.4757  1
 32:   0.2965  0.3527  0.3509  1
 33:   0.3727  0.3113  0.3161  1
 34:   0.4666  0.1952  0.3382  1
 35:   0.5183  0.1546  0.3271  1
 36:   0.5158  0.2378  0.2464  1
 37:   0.3187  0.3925  0.2887  1
 38:   0.2789  0.4430  0.2781  1
 39:   0.4139  0.2292  0.3569  1
 40:   0.2446  0.5198  0.2356  1
 41:   0.5312  0.1855  0.2833  1
 42:   0.4062  0.2688  0.3250  1
 43:   0.3860  0.1758  0.4382  1
 44:   0.3065  0.4721  0.2214  1
 45:   0.3658  0.3156  0.3186  1
 46:   0.4134  0.2251  0.3615  1
 47:   0.4982  0.3061  0.1957  1
 48:   0.3908  0.2757  0.3335  1
 49:   0.5177  0.1831  0.2992  1
 50:   0.2328  0.4144  0.3528  1
 51:   0.4005  0.2735  0.3261  1
 52:   0.3819  0.2869  0.3311  1
 53:   0.3373  0.4399  0.2228  1
 54:   0.3479  0.3201  0.3321  1
 55:   0.2741  0.4346  0.2913  1
 56:   0.2728  0.5297  0.1976  1
 57:   0.3865  0.3359  0.2777  1
 58:   0.3196  0.4372  0.2432  1
 59:   0.2168  0.5850  0.1982  1
 60:   0.1947  0.1749  0.6304  1
 61:   0.2948  0.4318  0.2734  1
 62:   0.3449  0.2703  0.3849  1
 63:   0.3789  0.2108  0.4103  1
 64:   0.3507  0.1808  0.4685  1
 65:   0.2530  0.4967  0.2503  1
 66:   0.3515  0.2673  0.3811  1
 67:   0.2411  0.4436  0.3153  1
 68:   0.3366  0.4208  0.2426  1
 69:   0.3909  0.4093  0.1998  1
 70:   0.4029  0.3431  0.2541  1
 71:   0.4060  0.3198  0.2742  1
 72:   0.2801  0.5294  0.1905  1
 73:   0.2793  0.2613  0.4594  1
 74:   0.3950  0.2840  0.3210  1
 75:   0.4067  0.2128  0.3805  1
 76:   0.3343  0.3249  0.3409  1
 77:   0.5287  0.3055  0.1658  1
 78:   0.2254  0.5367  0.2379  1
 79:   0.2470  0.4068  0.3462  1
 80:   0.2557  0.3215  0.4227  1
 81:   0.5005  0.2895  0.2100  1
 82:   0.2014  0.3061  0.4925  1
 83:   0.3141  0.2033  0.4826  1
 84:   0.4472  0.2083  0.3445  1
 85:   0.5609  0.1983  0.2407  1
 86:   0.3904  0.4048  0.2047  1
 87:   0.2238  0.3942  0.3820  1
 88:   0.2970  0.3326  0.3704  1
 89:   0.2105  0.1209  0.6685  1
 90:   0.2600  0.3178  0.4222  1
 91:   0.2791  0.4395  0.2815  1
 92:   0.2960  0.2818  0.4222  1
 93:   0.1852  0.1014  0.7135  1
 94:   0.3598  0.2824  0.3578  1
 95:   0.4204  0.3456  0.2340  1
 96:   0.3137  0.2218  0.4645  1
 97:   0.2328  0.6270  0.1402  1
 98:   0.3529  0.3145  0.3327  1
 99:   0.3464  0.3190  0.3346  1
100:   0.4458  0.3226  0.2316  1
101:   0.2727  0.2126  0.5147  1
102:   0.3766  0.3072  0.3162  1
103:   0.4505  0.1776  0.3719  1
104:   0.3342  0.3558  0.3100  1
105:   0.3015  0.2573  0.4411  1
106:   0.2926  0.1316  0.5758  1
107:   0.2749  0.2845  0.4407  1
108:   0.2286  0.2759  0.4955  1
109:   0.3787  0.3387  0.2825  1
110:   0.2916  0.4391  0.2694  1
111:   0.5062  0.2328  0.2610  1
112:   0.2967  0.2164  0.4869  1
113:   0.2943  0.4341  0.2715  1
114:   0.2919  0.1318  0.5763  1
115:   0.3641  0.3315  0.3043  1
116:   0.2916  0.2171  0.4913  1
117:   0.2094  0.3564  0.4342  1
118:   0.3121  0.4055  0.2823  1
119:   0.3565  0.2901  0.3535  1
120:   0.3474  0.3192  0.3334  1
121:   0.2876  0.4316  0.2808  1
122:   0.1960  0.6357  0.1684  1
123:   0.4733  0.3661  0.1606  1
124:   0.4189  0.3607  0.2204  1
125:   0.3197  0.2907  0.3896  1
126:   0.2955  0.4275  0.2771  1
127:   0.1391  0.7477  0.1132  1
128:   0.2232  0.2500  0.5268  1
129:   0.1890  0.1018  0.7093  1
130:   0.1878  0.1284  0.6839  1
131:   0.1785  0.1329  0.6887  1
132:   0.2480  0.2486  0.5034  1
133:   0.3397  0.4095  0.2508  1
134:   0.3847  0.2273  0.3881  1
135:   0.2985  0.3789  0.3227  1
136:   0.2827  0.4547  0.2626  1
137:   0.1426  0.7388  0.1186  1
138:   0.1422  0.7394  0.1184  1
139:   0.3640  0.2280  0.4080  1
140:   0.4269  0.2016  0.3715  1
141:   0.3317  0.3155  0.3527  1
142:   0.3742  0.2804  0.3454  1
143:   0.5729  0.1590  0.2682  1
144:   0.2891  0.3003  0.4105  1
145:   0.4244  0.3166  0.2590  1
146:   0.4375  0.1771  0.3854  1
147:   0.3366  0.4118  0.2516  1
148:   0.3164  0.3488  0.3348  1
149:   0.4052  0.2857  0.3091  1
150:   0.3812  0.1657  0.4530  1
151:   0.2907  0.4903  0.2190  1
152:   0.4387  0.2993  0.2621  1
153:   0.4257  0.2160  0.3583  1
154:   0.3317  0.4490  0.2193  1
155:   0.3151  0.4031  0.2819  1
156:   0.2801  0.2304  0.4895  1
157:   0.4259  0.1880  0.3861  1
158:   0.4242  0.1786  0.3972  1
159:   0.3491  0.2703  0.3807  1
160:   0.5135  0.2341  0.2525  1
161:   0.3612  0.4662  0.1726  1
162:   0.3032  0.1676  0.5292  1
163:   0.3080  0.4416  0.2504  1
164:   0.2617  0.3447  0.3936  1
165:   0.3302  0.4858  0.1840  1
166:   0.2977  0.3481  0.3541  1
167:   0.2792  0.4418  0.2790  1
168:   0.3370  0.3850  0.2780  1
169:   0.3995  0.1852  0.4153  1
170:   0.3651  0.4065  0.2284  1
171:   0.2071  0.1441  0.6488  1
172:   0.2482  0.4855  0.2663  1
173:   0.3381  0.4851  0.1768  1
174:   0.4494  0.3222  0.2284  1
175:   0.3013  0.5265  0.1722  1
176:   0.3441  0.2417  0.4142  1
177:   0.1716  0.6775  0.1508  1
178:   0.3417  0.2637  0.3946  1
179:   0.2793  0.2058  0.5149  1
180:   0.3691  0.2330  0.3979  1
181:   0.2044  0.3923  0.4033  1
182:   0.3199  0.3914  0.2887  1
183:   0.3899  0.3737  0.2364  1
184:   0.3339  0.4345  0.2316  1
185:   0.2026  0.1298  0.6677  1
186:   0.2028  0.1296  0.6677  1
187:   0.4788  0.3241  0.1971  1
188:   0.3930  0.1929  0.4142  1
189:   0.3024  0.4528  0.2448  1
190:   0.4036  0.3386  0.2578  1
191:   0.3359  0.4415  0.2226  1
192:   0.3621  0.4655  0.1724  1
193:   0.3939  0.3587  0.2475  1
194:   0.3881  0.2773  0.3347  1
195:   0.4369  0.3596  0.2035  1
196:   0.3022  0.1874  0.5104  1
197:   0.2360  0.5729  0.1910  1
198:   0.3249  0.2855  0.3897  1
199:   0.2564  0.3401  0.4035  1
200:   0.3787  0.2424  0.3789  1
201:   0.4232  0.1455  0.4314  1
202:   0.4385  0.3252  0.2363  1
203:   0.3245  0.1932  0.4823  1
204:   0.3459  0.2511  0.4031  1
205:   0.2999  0.3817  0.3185  1
206:   0.4305  0.3423  0.2272  1
207:   0.3085  0.3529  0.3385  1
208:   0.3685  0.3263  0.3053  1
209:   0.2596  0.3782  0.3622  1
210:   0.3547  0.4301  0.2152  1
211:   0.3443  0.3585  0.2973  1
212:   0.4218  0.3676  0.2106  1
213:   0.5405  0.2488  0.2106  1
214:   0.4565  0.2640  0.2795  1
215:   0.3306  0.1126  0.5568  1
216:   0.2218  0.5581  0.2202  1
217:   0.2634  0.2914  0.4452  1
218:   0.4277  0.1856  0.3867  1
219:   0.2877  0.3051  0.4073  1
220:   0.3160  0.2982  0.3858  1
221:   0.2687  0.3381  0.3931  1
222:   0.3145  0.2040  0.4815  1
223:   0.3389  0.3271  0.3339  1
224:   0.3700  0.3736  0.2564  1
225:   0.4821  0.2462  0.2717  1
226:   0.1678  0.6405  0.1916  1
227:   0.5632  0.1463  0.2905  1
228:   0.2994  0.2122  0.4884  1
229:   0.3785  0.2849  0.3365  1
230:   0.2785  0.3784  0.3431  1
231:   0.3692  0.3159  0.3149  1
232:   0.3481  0.2391  0.4128  1
233:   0.1638  0.6962  0.1400  1
234:   0.2698  0.2282  0.5020  1
235:   0.3958  0.4196  0.1846  1
236:   0.2851  0.5091  0.2058  1
237:   0.3185  0.2891  0.3923  1
238:   0.2621  0.5074  0.2305  1
239:   0.3603  0.3357  0.3039  1
240:   0.3555  0.2137  0.4308  1
241:   0.2875  0.3487  0.3637  1
242:   0.2038  0.6455  0.1508  1
243:   0.4407  0.2062  0.3531  1
244:   0.3705  0.2887  0.3407  1
245:   0.2428  0.4061  0.3511  1
246:   0.3166  0.3104  0.3730  1
247:   0.2141  0.3983  0.3877  1
248:   0.2669  0.5637  0.1694  1
249:   0.2621  0.2656  0.4723  1
250:   0.2812  0.2622  0.4566  1
251:   0.2651  0.5009  0.2340  1
252:   0.3169  0.3209  0.3621  1
253:   0.3718  0.3282  0.3000  1
254:   0.4093  0.3407  0.2500  1
255:   0.2552  0.4561  0.2887  1
256:   0.4438  0.3648  0.1914  1
257:   0.1938  0.6310  0.1752  1
258:   0.2398  0.4367  0.3235  1
259:   0.4758  0.3195  0.2047  1
260:   0.3092  0.4268  0.2640  1
261:   0.3000  0.3340  0.3660  1
262:   0.2578  0.3937  0.3485  1
263:   0.3016  0.2984  0.4000  1
264:   0.2979  0.4061  0.2959  1
265:   0.2101  0.5656  0.2243  1
266:   0.2826  0.2586  0.4588  1
267:   0.3158  0.2902  0.3940  1
268:   0.4257  0.2933  0.2809  1
269:   0.5095  0.2224  0.2681  1
270:   0.3927  0.2851  0.3221  1
