           1  1 0.1454 0.1386 0.1450 0.1423 0.1457 0.1416 0.1415 
           2  1 0.1356 0.1610 0.1319 0.1559 0.1222 0.1470 0.1465 
           3  1 0.1479 0.1459 0.1391 0.1392 0.1458 0.1414 0.1407 
           4  1 0.1263 0.1420 0.1370 0.1240 0.1223 0.1612 0.1871 
           5  1 0.1330 0.1376 0.1486 0.1281 0.1239 0.1620 0.1669 
           6  1 0.1404 0.1409 0.1410 0.1509 0.1465 0.1428 0.1375 
           7  1 0.1455 0.1444 0.1449 0.1346 0.1255 0.1530 0.1520 
           8  1 0.1317 0.1413 0.1337 0.1267 0.1309 0.1595 0.1761 
           9  1 0.1384 0.1300 0.1527 0.1679 0.1746 0.1163 0.1201 
          10  1 0.1379 0.1332 0.1509 0.1427 0.1541 0.1398 0.1416 
          11  1 0.1378 0.1336 0.1469 0.1307 0.1270 0.1642 0.1597 
          12  1 0.1430 0.1413 0.1442 0.1603 0.1575 0.1289 0.1248 
          13  1 0.1403 0.1695 0.1388 0.1376 0.1638 0.1268 0.1233 
          14  1 0.1499 0.1296 0.1435 0.1583 0.1569 0.1309 0.1308 
          15  1 0.1415 0.1342 0.1528 0.1340 0.1551 0.1408 0.1416 
          16  1 0.1508 0.1308 0.1585 0.1576 0.1537 0.1284 0.1201 
          17  1 0.1464 0.1685 0.1394 0.1278 0.1543 0.1352 0.1284 
          18  1 0.1367 0.1691 0.1327 0.1220 0.1429 0.1457 0.1508 
          19  1 0.1588 0.1272 0.1580 0.1506 0.1584 0.1249 0.1221 
          20  1 0.1376 0.1432 0.1402 0.1370 0.1288 0.1572 0.1559 
          21  1 0.1427 0.1512 0.1330 0.1385 0.1317 0.1514 0.1516 
          22  1 0.1413 0.1549 0.1360 0.1304 0.1284 0.1534 0.1556 
          23  1 0.1530 0.1298 0.1589 0.1544 0.1620 0.1243 0.1175 
          24  1 0.1493 0.1359 0.1463 0.1436 0.1383 0.1457 0.1410 
          25  1 0.1402 0.1513 0.1423 0.1369 0.1373 0.1458 0.1462 
          26  1 0.1391 0.1280 0.1568 0.1370 0.1556 0.1367 0.1468 
          27  1 0.1321 0.1362 0.1393 0.1277 0.1239 0.1623 0.1784 
          28  1 0.1505 0.1510 0.1367 0.1326 0.1433 0.1479 0.1380 
          29  1 0.1453 0.1421 0.1371 0.1589 0.1326 0.1449 0.1391 
          30  1 0.1407 0.1476 0.1457 0.1380 0.1314 0.1491 0.1475 
          31  1 0.1388 0.1330 0.1547 0.1447 0.1589 0.1326 0.1373 
          32  1 0.1464 0.1463 0.1465 0.1327 0.1362 0.1525 0.1394 
          33  1 0.1399 0.1502 0.1284 0.1494 0.1245 0.1508 0.1568 
          34  1 0.1471 0.1389 0.1445 0.1396 0.1367 0.1467 0.1465 
          35  1 0.1395 0.1595 0.1303 0.1540 0.1277 0.1444 0.1447 
          36  1 0.1472 0.1367 0.1391 0.1477 0.1398 0.1440 0.1454 
          37  1 0.1430 0.1542 0.1288 0.1528 0.1326 0.1476 0.1411 
          38  1 0.1407 0.1809 0.1320 0.1252 0.1623 0.1318 0.1271 
          39  1 0.1384 0.1120 0.1782 0.1918 0.1915 0.0934 0.0947 
          40  1 0.1412 0.1496 0.1301 0.1405 0.1261 0.1530 0.1595 
          41  1 0.1478 0.1247 0.1647 0.1708 0.1656 0.1135 0.1129 
          42  1 0.1464 0.1339 0.1472 0.1390 0.1376 0.1472 0.1487 
          43  1 0.1356 0.1433 0.1405 0.1231 0.1200 0.1645 0.1729 
          44  1 0.1460 0.1472 0.1416 0.1325 0.1501 0.1406 0.1420 
          45  1 0.1426 0.1411 0.1417 0.1365 0.1269 0.1566 0.1546 
          46  1 0.1483 0.1386 0.1500 0.1236 0.1418 0.1456 0.1519 
          47  1 0.1388 0.1175 0.1624 0.1825 0.1734 0.1105 0.1150 
          48  1 0.1428 0.1457 0.1340 0.1446 0.1430 0.1437 0.1462 
          49  1 0.1414 0.1447 0.1324 0.1305 0.1217 0.1613 0.1679 
          50  1 0.1374 0.1443 0.1460 0.1309 0.1261 0.1600 0.1553 
          51  1 0.1382 0.1542 0.1379 0.1355 0.1305 0.1497 0.1540 
          52  1 0.1361 0.1411 0.1496 0.1339 0.1329 0.1498 0.1565 
          53  1 0.1406 0.1533 0.1447 0.1368 0.1586 0.1333 0.1327 
          54  1 0.1425 0.1314 0.1499 0.1362 0.1437 0.1447 0.1516 
