           1  1 0.1145 0.1087 0.1090 0.1128 0.1155 0.1060 0.1111 0.1069 0.1155 
           2  1 0.1170 0.1153 0.0998 0.1042 0.1151 0.1111 0.0920 0.1132 0.1324 
           3  1 0.1099 0.1186 0.1026 0.1042 0.1073 0.1099 0.1189 0.1086 0.1199 
           4  1 0.0948 0.1026 0.1203 0.0837 0.0978 0.1439 0.1052 0.1298 0.1219 
           5  1 0.0944 0.1050 0.1141 0.0964 0.1027 0.1378 0.1048 0.1276 0.1171 
           6  1 0.1146 0.1161 0.1012 0.1145 0.1103 0.1134 0.1112 0.1085 0.1102 
           7  1 0.1064 0.1176 0.1019 0.1122 0.1032 0.1187 0.1115 0.1141 0.1143 
           8  1 0.1013 0.1042 0.1178 0.0827 0.1057 0.1384 0.1172 0.1239 0.1088 
           9  1 0.1210 0.0884 0.1239 0.1828 0.1316 0.0800 0.0940 0.0941 0.0842 
          10  1 0.1105 0.1093 0.1161 0.1216 0.1066 0.1147 0.1008 0.1133 0.1071 
          11  1 0.0962 0.1082 0.1165 0.0870 0.1020 0.1239 0.1196 0.1313 0.1153 
          12  1 0.1353 0.1100 0.1161 0.1180 0.1134 0.0924 0.1139 0.1063 0.0947 
          13  1 0.1154 0.1247 0.1049 0.1389 0.1252 0.0843 0.1276 0.0787 0.1001 
          14  1 0.1273 0.1127 0.1138 0.1204 0.1101 0.1009 0.1023 0.1035 0.1089 
          15  1 0.1048 0.1170 0.1076 0.1138 0.1196 0.1136 0.0995 0.1052 0.1188 
          16  1 0.1188 0.1078 0.1191 0.1202 0.1173 0.0979 0.1004 0.1118 0.1068 
          17  1 0.1138 0.1301 0.1048 0.1298 0.1207 0.0876 0.1237 0.0921 0.0974 
          18  1 0.1067 0.1187 0.1100 0.0983 0.1138 0.1133 0.1317 0.1038 0.1039 
          19  1 0.1214 0.1114 0.1067 0.1264 0.1199 0.0857 0.1286 0.1094 0.0905 
          20  1 0.0995 0.1097 0.1126 0.0958 0.1002 0.1289 0.1184 0.1196 0.1152 
          21  1 0.1192 0.1146 0.1019 0.1059 0.1100 0.1093 0.1059 0.1109 0.1223 
          22  1 0.0957 0.1201 0.1178 0.0879 0.1079 0.1222 0.1100 0.1167 0.1215 
          23  1 0.1229 0.1074 0.1048 0.1461 0.1305 0.0892 0.1081 0.0990 0.0919 
          24  1 0.0992 0.1118 0.1246 0.0925 0.1014 0.1089 0.1290 0.1240 0.1087 
          25  1 0.1170 0.1168 0.1013 0.0989 0.1098 0.1127 0.1078 0.1102 0.1255 
          26  1 0.1078 0.1058 0.1166 0.1160 0.1121 0.1111 0.1006 0.1207 0.1093 
          27  1 0.0966 0.1024 0.1190 0.0821 0.0998 0.1365 0.1146 0.1396 0.1094 
          28  1 0.1098 0.1119 0.1047 0.1000 0.1164 0.1116 0.1222 0.1099 0.1134 
          29  1 0.1071 0.1186 0.0996 0.1111 0.1107 0.1143 0.1098 0.1080 0.1209 
          30  1 0.1015 0.1159 0.1006 0.1089 0.1078 0.1148 0.1080 0.1209 0.1216 
          31  1 0.1134 0.1080 0.1102 0.1329 0.1227 0.1054 0.0958 0.1048 0.1068 
          32  1 0.1159 0.1092 0.1082 0.0918 0.1026 0.1105 0.1223 0.1273 0.1122 
          33  1 0.1122 0.1058 0.0974 0.1063 0.1154 0.1245 0.1050 0.1146 0.1187 
          34  1 0.1038 0.1117 0.1063 0.0981 0.1077 0.1151 0.1208 0.1200 0.1165 
          35  1 0.1109 0.1184 0.1048 0.0943 0.1097 0.1165 0.0976 0.1156 0.1321 
          36  1 0.1202 0.1060 0.1040 0.1006 0.1082 0.1033 0.1203 0.1199 0.1175 
          37  1 0.1037 0.1160 0.1047 0.0994 0.1100 0.1127 0.1066 0.1156 0.1311 
          38  1 0.1166 0.1277 0.1087 0.1339 0.1270 0.0832 0.1246 0.0781 0.1002 
          39  1 0.1341 0.0778 0.1288 0.2445 0.1394 0.0538 0.0755 0.0768 0.0693 
          40  1 0.1066 0.1133 0.1044 0.0977 0.1100 0.1319 0.1064 0.1120 0.1178 
          41  1 0.1346 0.0908 0.1209 0.1764 0.1250 0.0820 0.0922 0.0923 0.0859 
          42  1 0.1052 0.1083 0.1114 0.1016 0.1104 0.1189 0.1163 0.1176 0.1104 
          43  1 0.0966 0.1075 0.1156 0.0831 0.0964 0.1420 0.1117 0.1285 0.1187 
          44  1 0.1134 0.1216 0.1102 0.1128 0.1090 0.1068 0.1066 0.1059 0.1138 
          45  1 0.1060 0.1181 0.1097 0.0901 0.1014 0.1245 0.1099 0.1166 0.1237 
          46  1 0.1128 0.1234 0.1091 0.0954 0.1008 0.1190 0.1039 0.1146 0.1209 
          47  1 0.1228 0.0819 0.1255 0.1852 0.1298 0.0783 0.0964 0.0962 0.0838 
          48  1 0.1145 0.1172 0.0971 0.1134 0.1100 0.1077 0.1042 0.1059 0.1300 
          49  1 0.1016 0.1192 0.1089 0.0908 0.0996 0.1408 0.1048 0.1149 0.1195 
          50  1 0.0960 0.1160 0.1132 0.0892 0.1028 0.1259 0.1123 0.1287 0.1158 
          51  1 0.1026 0.1123 0.1065 0.0943 0.1060 0.1301 0.1042 0.1185 0.1256 
          52  1 0.1046 0.1203 0.1122 0.0922 0.1076 0.1202 0.1030 0.1142 0.1258 
          53  1 0.1097 0.1290 0.1023 0.1201 0.1224 0.1051 0.1063 0.0982 0.1069 
          54  1 0.1118 0.1037 0.1234 0.1110 0.1000 0.1139 0.1019 0.1191 0.1151 
