           1  1 0.1453 0.1409 0.1394 0.1412 0.1438 0.1389 0.1504 
           2  1 0.1364 0.1417 0.1563 0.1395 0.1356 0.1518 0.1387 
           3  1 0.1442 0.1402 0.1408 0.1477 0.1473 0.1392 0.1406 
           4  1 0.1483 0.1467 0.1374 0.1427 0.1567 0.1360 0.1322 
           5  1 0.1522 0.1444 0.1419 0.1389 0.1543 0.1343 0.1340 
           6  1 0.1396 0.1403 0.1419 0.1455 0.1447 0.1362 0.1519 
           7  1 0.1457 0.1441 0.1393 0.1482 0.1480 0.1396 0.1352 
           8  1 0.1533 0.1440 0.1403 0.1429 0.1520 0.1350 0.1326 
           9  1 0.1393 0.1441 0.1395 0.1367 0.1401 0.1376 0.1627 
          10  1 0.1417 0.1425 0.1425 0.1385 0.1406 0.1448 0.1493 
          11  1 0.1505 0.1442 0.1408 0.1384 0.1564 0.1335 0.1362 
          12  1 0.1394 0.1418 0.1400 0.1379 0.1407 0.1532 0.1471 
          13  1 0.1362 0.1359 0.1390 0.1442 0.1344 0.1705 0.1397 
          14  1 0.1412 0.1410 0.1389 0.1398 0.1411 0.1497 0.1482 
          15  1 0.1416 0.1434 0.1432 0.1403 0.1403 0.1430 0.1483 
          16  1 0.1404 0.1412 0.1400 0.1365 0.1389 0.1453 0.1576 
          17  1 0.1380 0.1394 0.1384 0.1415 0.1384 0.1610 0.1432 
          18  1 0.1429 0.1425 0.1405 0.1445 0.1448 0.1532 0.1317 
          19  1 0.1388 0.1416 0.1448 0.1371 0.1375 0.1385 0.1616 
          20  1 0.1467 0.1451 0.1397 0.1452 0.1469 0.1392 0.1373 
          21  1 0.1395 0.1381 0.1514 0.1444 0.1405 0.1490 0.1371 
          22  1 0.1489 0.1419 0.1536 0.1435 0.1435 0.1360 0.1326 
          23  1 0.1379 0.1408 0.1428 0.1394 0.1368 0.1365 0.1657 
          24  1 0.1468 0.1424 0.1434 0.1382 0.1461 0.1385 0.1445 
          25  1 0.1399 0.1417 0.1531 0.1471 0.1396 0.1452 0.1334 
          26  1 0.1417 0.1441 0.1396 0.1386 0.1441 0.1393 0.1526 
          27  1 0.1515 0.1479 0.1380 0.1399 0.1569 0.1331 0.1327 
          28  1 0.1430 0.1397 0.1460 0.1506 0.1424 0.1404 0.1378 
          29  1 0.1383 0.1402 0.1539 0.1403 0.1377 0.1428 0.1469 
          30  1 0.1420 0.1399 0.1512 0.1442 0.1435 0.1433 0.1359 
          31  1 0.1419 0.1426 0.1442 0.1398 0.1393 0.1398 0.1524 
          32  1 0.1462 0.1400 0.1423 0.1458 0.1424 0.1431 0.1402 
          33  1 0.1409 0.1422 0.1448 0.1421 0.1446 0.1486 0.1368 
          34  1 0.1439 0.1457 0.1401 0.1462 0.1478 0.1346 0.1417 
          35  1 0.1394 0.1438 0.1561 0.1392 0.1411 0.1472 0.1333 
          36  1 0.1442 0.1412 0.1409 0.1447 0.1460 0.1447 0.1383 
          37  1 0.1371 0.1392 0.1558 0.1452 0.1387 0.1473 0.1367 
          38  1 0.1357 0.1355 0.1420 0.1424 0.1351 0.1720 0.1373 
          39  1 0.1315 0.1437 0.1419 0.1323 0.1302 0.1375 0.1829 
          40  1 0.1438 0.1465 0.1413 0.1411 0.1439 0.1459 0.1375 
          41  1 0.1404 0.1452 0.1415 0.1365 0.1367 0.1371 0.1626 
          42  1 0.1453 0.1452 0.1400 0.1419 0.1464 0.1359 0.1455 
          43  1 0.1495 0.1472 0.1396 0.1393 0.1542 0.1349 0.1353 
          44  1 0.1402 0.1400 0.1440 0.1434 0.1417 0.1470 0.1436 
          45  1 0.1436 0.1455 0.1460 0.1453 0.1437 0.1405 0.1354 
          46  1 0.1422 0.1398 0.1474 0.1433 0.1421 0.1397 0.1455 
          47  1 0.1387 0.1465 0.1413 0.1352 0.1369 0.1338 0.1675 
          48  1 0.1422 0.1385 0.1435 0.1457 0.1401 0.1472 0.1429 
          49  1 0.1500 0.1438 0.1373 0.1433 0.1523 0.1371 0.1361 
          50  1 0.1509 0.1452 0.1397 0.1422 0.1526 0.1357 0.1336 
          51  1 0.1471 0.1431 0.1420 0.1463 0.1479 0.1361 0.1374 
          52  1 0.1459 0.1423 0.1519 0.1406 0.1418 0.1377 0.1398 
          53  1 0.1388 0.1395 0.1416 0.1462 0.1388 0.1508 0.1443 
          54  1 0.1440 0.1426 0.1386 0.1431 0.1446 0.1350 0.1520 
