           1  1 0.1003 0.0995 0.1004 0.1000 0.0998 0.1005 0.1000 0.0993 0.1002 0.0998 
           2  1 0.1003 0.1006 0.0998 0.0997 0.0997 0.1002 0.0992 0.1000 0.1004 0.1000 
           3  1 0.1002 0.1004 0.1001 0.1001 0.1003 0.0998 0.0999 0.0997 0.0994 0.1000 
           4  1 0.0996 0.0993 0.0995 0.0995 0.1007 0.0999 0.1006 0.0995 0.1012 0.1002 
           5  1 0.0997 0.0992 0.0995 0.0997 0.1005 0.0994 0.1007 0.1004 0.1006 0.1003 
           6  1 0.0999 0.0997 0.1000 0.1002 0.0999 0.1001 0.0997 0.1003 0.1001 0.1002 
           7  1 0.1001 0.0994 0.0999 0.0997 0.1002 0.1003 0.0997 0.1003 0.1004 0.0999 
           8  1 0.0996 0.0994 0.0997 0.0997 0.1002 0.0999 0.1003 0.1002 0.1003 0.1007 
           9  1 0.1005 0.1001 0.0998 0.0998 0.0998 0.1005 0.1000 0.0994 0.1004 0.0998 
          10  1 0.0997 0.1003 0.0994 0.1002 0.1002 0.1003 0.1000 0.0997 0.1001 0.1001 
          11  1 0.0991 0.0997 0.0996 0.0996 0.1006 0.0996 0.1005 0.1003 0.1006 0.1004 
          12  1 0.1003 0.0998 0.1004 0.0999 0.0998 0.1002 0.0999 0.1001 0.1000 0.0997 
          13  1 0.1006 0.1005 0.1004 0.0999 0.0995 0.0998 0.0997 0.0999 0.1001 0.0996 
          14  1 0.1005 0.1000 0.1000 0.1003 0.1000 0.1000 0.0994 0.0999 0.1003 0.0995 
          15  1 0.1010 0.1007 0.0998 0.1007 0.0995 0.1004 0.0992 0.0999 0.0999 0.0990 
          16  1 0.1003 0.1003 0.1005 0.1000 0.0997 0.0996 0.0998 0.1001 0.0997 0.1000 
          17  1 0.0997 0.1000 0.0999 0.1006 0.0998 0.1002 0.0998 0.1000 0.1001 0.0998 
          18  1 0.1003 0.0997 0.0997 0.0999 0.1004 0.0997 0.1001 0.0998 0.1005 0.0999 
          19  1 0.1001 0.1001 0.1007 0.1002 0.0997 0.0999 0.0997 0.1003 0.0997 0.0997 
          20  1 0.0991 0.1003 0.0996 0.0999 0.1004 0.1000 0.1005 0.0999 0.1003 0.1001 
          21  1 0.1006 0.0998 0.1003 0.1000 0.0998 0.0995 0.0997 0.1007 0.1000 0.0997 
          22  1 0.0996 0.0994 0.1001 0.0995 0.1005 0.0998 0.1003 0.1000 0.1004 0.1004 
          23  1 0.1004 0.1001 0.1004 0.0998 0.0995 0.1003 0.0996 0.0999 0.1003 0.0996 
          24  1 0.0999 0.0999 0.1000 0.1004 0.1003 0.0998 0.1001 0.1000 0.0999 0.0998 
          25  1 0.1004 0.0999 0.1000 0.1000 0.0999 0.0997 0.0998 0.1001 0.1001 0.1000 
          26  1 0.1004 0.1000 0.1000 0.1006 0.0994 0.0999 0.0999 0.0995 0.1003 0.1000 
          27  1 0.0990 0.0992 0.0995 0.0996 0.1004 0.1001 0.1008 0.1001 0.1008 0.1006 
          28  1 0.1005 0.0999 0.1003 0.0998 0.0998 0.0997 0.1002 0.1000 0.1001 0.0997 
          29  1 0.0999 0.1002 0.1000 0.1005 0.1002 0.0998 0.0996 0.1000 0.0999 0.0999 
          30  1 0.1007 0.1003 0.1001 0.0998 0.0997 0.0999 0.0996 0.1002 0.1000 0.0998 
          31  1 0.1006 0.1002 0.0998 0.1006 0.0999 0.1007 0.0998 0.0994 0.1000 0.0991 
          32  1 0.1005 0.1004 0.1004 0.1002 0.0999 0.0994 0.1001 0.1003 0.0990 0.0998 
          33  1 0.0996 0.0999 0.0995 0.1000 0.1001 0.1002 0.1003 0.1001 0.1003 0.1000 
          34  1 0.0998 0.1005 0.1000 0.0999 0.1002 0.1002 0.0998 0.1001 0.0998 0.0998 
          35  1 0.1000 0.0999 0.0999 0.0999 0.1001 0.1001 0.1003 0.0995 0.1001 0.1002 
          36  1 0.1002 0.1002 0.1002 0.0996 0.1000 0.0996 0.1005 0.1001 0.0997 0.0999 
          37  1 0.1006 0.1000 0.1002 0.1003 0.0995 0.1000 0.0994 0.1005 0.0996 0.1000 
          38  1 0.1001 0.0999 0.0996 0.0998 0.1001 0.1003 0.0998 0.0999 0.1005 0.1002 
          39  1 0.1009 0.0998 0.1000 0.1006 0.0992 0.1007 0.0998 0.0998 0.0996 0.0997 
          40  1 0.0994 0.1001 0.0995 0.0996 0.1004 0.0997 0.1004 0.1000 0.1000 0.1007 
          41  1 0.1005 0.0998 0.1006 0.0999 0.0998 0.1002 0.0997 0.1000 0.0995 0.0999 
          42  1 0.0997 0.0991 0.1001 0.0998 0.1002 0.1003 0.1008 0.0998 0.0997 0.1005 
          43  1 0.0989 0.0994 0.0994 0.0997 0.1006 0.1001 0.1007 0.1000 0.1005 0.1007 
          44  1 0.1007 0.1000 0.0999 0.1002 0.0998 0.1000 0.0998 0.0994 0.1004 0.0999 
          45  1 0.1004 0.1000 0.0998 0.0999 0.0999 0.0999 0.0998 0.1001 0.1000 0.1001 
          46  1 0.0996 0.0998 0.1000 0.0998 0.1003 0.0998 0.1000 0.1005 0.1004 0.0999 
          47  1 0.1008 0.0995 0.1000 0.1000 0.0997 0.1002 0.0998 0.1000 0.1002 0.0998 
          48  1 0.0998 0.0999 0.1000 0.1002 0.1001 0.1000 0.1000 0.1004 0.0995 0.1000 
          49  1 0.0988 0.0999 0.0994 0.0999 0.1000 0.1001 0.1004 0.1001 0.1007 0.1008 
          50  1 0.0997 0.0996 0.0993 0.0996 0.1005 0.1004 0.1004 0.1004 0.1004 0.0998 
          51  1 0.0995 0.0993 0.1000 0.0999 0.1001 0.1000 0.1003 0.1001 0.0999 0.1007 
          52  1 0.1004 0.1004 0.0998 0.1006 0.0996 0.1002 0.0998 0.0998 0.0999 0.0995 
          53  1 0.1015 0.1002 0.0996 0.1000 0.0996 0.1002 0.0995 0.1001 0.0999 0.0993 
          54  1 0.1002 0.0999 0.0991 0.0998 0.1001 0.1000 0.1002 0.1002 0.1003 0.1001 
