           1  1 0.1001 0.0998 0.1001 0.0997 0.0998 0.0999 0.1001 0.0999 0.1007 0.0999 
           2  1 0.1001 0.1000 0.1000 0.1001 0.0998 0.1001 0.1001 0.1005 0.0998 0.0997 
           3  1 0.0998 0.1004 0.0996 0.0999 0.0997 0.1002 0.0999 0.1001 0.1004 0.1000 
           4  1 0.1010 0.0994 0.1008 0.1002 0.1007 0.0994 0.1005 0.0990 0.0993 0.0996 
           5  1 0.1006 0.0999 0.1008 0.1004 0.1004 0.0995 0.1002 0.0990 0.0989 0.1002 
           6  1 0.1003 0.1002 0.0996 0.1003 0.1000 0.0999 0.0999 0.1005 0.0998 0.0995 
           7  1 0.0998 0.0998 0.1002 0.1003 0.1000 0.0999 0.0999 0.1003 0.0996 0.1001 
           8  1 0.1002 0.0999 0.1005 0.1003 0.1006 0.0993 0.1004 0.0994 0.0995 0.1000 
           9  1 0.1001 0.1001 0.1004 0.1001 0.1002 0.0996 0.1001 0.0994 0.1000 0.1001 
          10  1 0.1002 0.1001 0.1000 0.0999 0.1001 0.1000 0.0999 0.1000 0.0999 0.0999 
          11  1 0.1000 0.0995 0.1006 0.1002 0.1005 0.0998 0.1002 0.0990 0.0999 0.1002 
          12  1 0.0998 0.0999 0.0999 0.0998 0.1002 0.1003 0.0995 0.1007 0.1002 0.0997 
          13  1 0.1000 0.0997 0.0995 0.1001 0.0997 0.1002 0.1001 0.1007 0.1003 0.0998 
          14  1 0.0999 0.0998 0.1001 0.0999 0.0998 0.1004 0.1003 0.1004 0.0999 0.0995 
          15  1 0.0997 0.1001 0.0992 0.1000 0.1001 0.1007 0.0996 0.1003 0.1008 0.0995 
          16  1 0.0995 0.1002 0.0993 0.0999 0.1003 0.1002 0.1000 0.0998 0.1003 0.1004 
          17  1 0.0997 0.1003 0.0998 0.0999 0.1000 0.1004 0.0996 0.1000 0.1004 0.1000 
          18  1 0.1000 0.1000 0.1003 0.1004 0.0999 0.0998 0.1001 0.1002 0.0998 0.0996 
          19  1 0.0995 0.0997 0.0992 0.0999 0.1000 0.1003 0.0995 0.1009 0.1011 0.0999 
          20  1 0.1002 0.1003 0.1004 0.1002 0.1002 0.0997 0.1003 0.0996 0.0995 0.0997 
          21  1 0.0998 0.1002 0.1000 0.1000 0.1000 0.0998 0.0999 0.1005 0.0999 0.1000 
          22  1 0.1002 0.1000 0.1003 0.1001 0.1002 0.0994 0.1009 0.0995 0.0994 0.1001 
          23  1 0.0997 0.0998 0.0997 0.0995 0.1002 0.1003 0.0997 0.1001 0.1009 0.1001 
          24  1 0.0998 0.0999 0.0997 0.0997 0.1001 0.1002 0.0998 0.1001 0.1006 0.1001 
          25  1 0.0998 0.0999 0.1001 0.1001 0.0999 0.1003 0.0997 0.1002 0.0998 0.1001 
          26  1 0.1001 0.1001 0.1000 0.0997 0.0999 0.0999 0.1003 0.0995 0.1003 0.1001 
          27  1 0.1005 0.0996 0.1014 0.1002 0.1007 0.0992 0.1004 0.0989 0.0991 0.1000 
          28  1 0.0999 0.1003 0.0997 0.0999 0.1000 0.0997 0.0995 0.1007 0.1001 0.1002 
          29  1 0.1000 0.1002 0.0997 0.0999 0.1001 0.1000 0.0997 0.1003 0.1002 0.0999 
          30  1 0.1001 0.1002 0.0997 0.0998 0.0997 0.1004 0.0998 0.1004 0.1001 0.0999 
          31  1 0.0996 0.0999 0.0999 0.0995 0.1002 0.1005 0.0997 0.1006 0.1005 0.0996 
          32  1 0.0998 0.0998 0.0995 0.0998 0.1001 0.1002 0.1000 0.1005 0.1004 0.0999 
          33  1 0.1002 0.1001 0.1005 0.0996 0.1002 0.0997 0.1000 0.1002 0.0995 0.0999 
          34  1 0.1001 0.0999 0.0998 0.0998 0.1001 0.0998 0.0999 0.0999 0.1004 0.1002 
          35  1 0.1001 0.1003 0.1004 0.0999 0.0999 0.0999 0.1004 0.1001 0.0995 0.0995 
          36  1 0.1000 0.0999 0.1004 0.0998 0.0999 0.1001 0.0999 0.1003 0.0999 0.0998 
          37  1 0.0997 0.0998 0.0998 0.1001 0.0996 0.1006 0.0997 0.1004 0.1003 0.0999 
          38  1 0.0999 0.0999 0.1001 0.0996 0.1002 0.1003 0.1001 0.0999 0.0999 0.1001 
          39  1 0.0998 0.1000 0.0994 0.1000 0.0996 0.1008 0.0997 0.1000 0.1007 0.1001 
          40  1 0.1002 0.0998 0.1008 0.0999 0.1004 0.0994 0.1005 0.0996 0.0992 0.1001 
          41  1 0.0996 0.1000 0.0996 0.1005 0.0998 0.1002 0.0997 0.1002 0.1000 0.1004 
          42  1 0.0998 0.1001 0.1004 0.1001 0.1003 0.0996 0.1001 0.1000 0.0999 0.0997 
          43  1 0.1005 0.0996 0.1010 0.0998 0.1007 0.0990 0.1006 0.0992 0.0993 0.1003 
          44  1 0.1000 0.1000 0.0999 0.1001 0.0999 0.1003 0.0999 0.1000 0.1002 0.0997 
          45  1 0.0997 0.1000 0.1001 0.1000 0.1001 0.1003 0.1001 0.1002 0.0996 0.1000 
          46  1 0.0999 0.1000 0.1008 0.1003 0.1001 0.0997 0.1000 0.0999 0.0996 0.0997 
          47  1 0.0999 0.0997 0.1000 0.1004 0.1001 0.1002 0.0998 0.0996 0.1006 0.0997 
          48  1 0.0999 0.1004 0.0997 0.0998 0.0998 0.1002 0.1000 0.1005 0.0998 0.1000 
          49  1 0.1003 0.0999 0.1010 0.0997 0.1007 0.0994 0.1003 0.0993 0.0991 0.1003 
          50  1 0.1001 0.0997 0.1007 0.1002 0.1007 0.0993 0.1002 0.0995 0.0997 0.0999 
          51  1 0.1002 0.0995 0.1006 0.1004 0.1002 0.0994 0.1003 0.0998 0.0998 0.0997 
          52  1 0.1002 0.1001 0.1000 0.0999 0.0999 0.1003 0.0996 0.0998 0.1002 0.0999 
          53  1 0.1000 0.1001 0.0994 0.0997 0.0998 0.1006 0.0997 0.1009 0.1001 0.0998 
          54  1 0.1002 0.0995 0.1002 0.1001 0.0999 0.0998 0.1001 0.0996 0.1002 0.1003 
