           1  1 0.1337 0.1467 0.1463 0.1455 0.1348 0.1478 0.1452 
           2  1 0.1503 0.1472 0.1473 0.1363 0.1586 0.1332 0.1271 
           3  1 0.1345 0.1474 0.1389 0.1481 0.1250 0.1632 0.1429 
           4  1 0.1762 0.1267 0.1028 0.2103 0.0876 0.1592 0.1371 
           5  1 0.1569 0.1227 0.1178 0.2004 0.1022 0.1605 0.1395 
           6  1 0.1261 0.1577 0.1401 0.1360 0.1301 0.1495 0.1605 
           7  1 0.1391 0.1496 0.1255 0.1382 0.1399 0.1589 0.1487 
           8  1 0.1698 0.1188 0.1213 0.1857 0.1036 0.1686 0.1322 
           9  1 0.1393 0.1374 0.2020 0.1055 0.1698 0.1024 0.1434 
          10  1 0.1470 0.1534 0.1397 0.1322 0.1553 0.1315 0.1410 
          11  1 0.1466 0.1250 0.1158 0.2001 0.0993 0.1572 0.1560 
          12  1 0.1343 0.1471 0.1618 0.1075 0.1842 0.1282 0.1369 
          13  1 0.1443 0.1496 0.1480 0.0998 0.2137 0.1441 0.1005 
          14  1 0.1377 0.1436 0.1516 0.1107 0.1770 0.1291 0.1503 
          15  1 0.1446 0.1552 0.1431 0.1364 0.1363 0.1350 0.1494 
          16  1 0.1313 0.1516 0.1453 0.1049 0.1769 0.1293 0.1607 
          17  1 0.1379 0.1569 0.1447 0.1070 0.1990 0.1461 0.1083 
          18  1 0.1504 0.1455 0.1364 0.1358 0.1595 0.1645 0.1078 
          19  1 0.1243 0.1442 0.1635 0.1125 0.1442 0.1308 0.1804 
          20  1 0.1591 0.1383 0.1173 0.1792 0.1112 0.1619 0.1329 
          21  1 0.1368 0.1449 0.1466 0.1448 0.1507 0.1415 0.1346 
          22  1 0.1467 0.1407 0.1296 0.1742 0.1291 0.1466 0.1332 
          23  1 0.1160 0.1567 0.1680 0.1124 0.1683 0.1226 0.1561 
          24  1 0.1461 0.1336 0.1386 0.1627 0.1212 0.1345 0.1633 
          25  1 0.1525 0.1416 0.1447 0.1506 0.1385 0.1369 0.1352 
          26  1 0.1559 0.1500 0.1442 0.1497 0.1256 0.1361 0.1385 
          27  1 0.1722 0.1211 0.1134 0.2129 0.1017 0.1518 0.1269 
          28  1 0.1408 0.1418 0.1472 0.1454 0.1298 0.1492 0.1459 
          29  1 0.1391 0.1535 0.1451 0.1319 0.1407 0.1446 0.1450 
          30  1 0.1288 0.1369 0.1513 0.1573 0.1379 0.1403 0.1474 
          31  1 0.1449 0.1569 0.1511 0.1262 0.1451 0.1324 0.1433 
          32  1 0.1426 0.1424 0.1288 0.1381 0.1425 0.1530 0.1526 
          33  1 0.1583 0.1448 0.1269 0.1640 0.1319 0.1442 0.1298 
          34  1 0.1359 0.1455 0.1282 0.1566 0.1208 0.1506 0.1624 
          35  1 0.1518 0.1400 0.1474 0.1491 0.1413 0.1430 0.1274 
          36  1 0.1456 0.1265 0.1573 0.1496 0.1475 0.1414 0.1322 
          37  1 0.1395 0.1568 0.1461 0.1411 0.1476 0.1393 0.1296 
          38  1 0.1432 0.1561 0.1463 0.0985 0.2027 0.1544 0.0987 
          39  1 0.1273 0.1625 0.2199 0.0549 0.2081 0.0797 0.1477 
          40  1 0.1651 0.1496 0.1246 0.1622 0.1218 0.1498 0.1268 
          41  1 0.1263 0.1471 0.1998 0.0954 0.1797 0.0989 0.1528 
          42  1 0.1425 0.1401 0.1319 0.1557 0.1346 0.1433 0.1519 
          43  1 0.1647 0.1191 0.1136 0.2145 0.0980 0.1573 0.1327 
          44  1 0.1489 0.1441 0.1305 0.1442 0.1519 0.1461 0.1344 
          45  1 0.1445 0.1458 0.1322 0.1517 0.1352 0.1467 0.1439 
          46  1 0.1460 0.1468 0.1303 0.1604 0.1367 0.1466 0.1332 
          47  1 0.1304 0.1372 0.2144 0.0884 0.1801 0.0959 0.1536 
          48  1 0.1515 0.1451 0.1329 0.1429 0.1352 0.1587 0.1336 
          49  1 0.1605 0.1477 0.1177 0.1808 0.1086 0.1556 0.1291 
          50  1 0.1592 0.1246 0.1239 0.1764 0.1097 0.1576 0.1486 
          51  1 0.1464 0.1385 0.1335 0.1638 0.1276 0.1558 0.1344 
          52  1 0.1554 0.1383 0.1393 0.1641 0.1197 0.1451 0.1382 
          53  1 0.1409 0.1593 0.1331 0.1204 0.1710 0.1395 0.1359 
          54  1 0.1501 0.1358 0.1313 0.1560 0.1374 0.1406 0.1487 
