           1  1 0.1217 0.1311 0.1218 0.1230 0.1173 0.1264 0.1292 0.1295 
           2  1 0.1362 0.1200 0.1302 0.1215 0.1170 0.1384 0.1227 0.1140 
           3  1 0.1378 0.1180 0.1146 0.1143 0.1317 0.1241 0.1365 0.1230 
           4  1 0.1039 0.1002 0.1127 0.1071 0.1097 0.1518 0.1257 0.1888 
           5  1 0.1175 0.1152 0.1197 0.1169 0.1185 0.1385 0.1138 0.1600 
           6  1 0.1195 0.1275 0.1212 0.1336 0.1094 0.1236 0.1329 0.1322 
           7  1 0.1211 0.1177 0.1159 0.1163 0.1391 0.1412 0.1179 0.1308 
           8  1 0.1110 0.1066 0.1068 0.1134 0.1161 0.1513 0.1218 0.1729 
           9  1 0.1075 0.1639 0.1496 0.1619 0.1053 0.0979 0.1184 0.0955 
          10  1 0.1377 0.1285 0.1241 0.1094 0.1232 0.1268 0.1309 0.1193 
          11  1 0.1132 0.1016 0.1208 0.1263 0.1182 0.1387 0.1214 0.1599 
          12  1 0.1445 0.1277 0.1137 0.1193 0.1279 0.1202 0.1442 0.1026 
          13  1 0.1102 0.1405 0.1095 0.1152 0.1893 0.1034 0.1439 0.0879 
          14  1 0.1442 0.1318 0.1162 0.1197 0.1273 0.1220 0.1294 0.1094 
          15  1 0.1378 0.1219 0.1387 0.1131 0.1222 0.1237 0.1163 0.1263 
          16  1 0.1482 0.1390 0.1266 0.1194 0.1194 0.1129 0.1317 0.1027 
          17  1 0.1045 0.1408 0.1177 0.1160 0.1823 0.1116 0.1313 0.0958 
          18  1 0.1113 0.1256 0.1078 0.1089 0.1677 0.1290 0.1236 0.1260 
          19  1 0.1324 0.1479 0.1357 0.1654 0.1077 0.0989 0.1249 0.0870 
          20  1 0.1169 0.1183 0.1205 0.1174 0.1208 0.1399 0.1209 0.1454 
          21  1 0.1389 0.1121 0.1221 0.1332 0.1137 0.1285 0.1289 0.1226 
          22  1 0.1161 0.1021 0.1278 0.1233 0.1235 0.1348 0.1309 0.1415 
          23  1 0.1116 0.1600 0.1510 0.1583 0.1121 0.0955 0.1195 0.0921 
          24  1 0.1326 0.1251 0.1293 0.1317 0.1184 0.1224 0.1150 0.1254 
          25  1 0.1268 0.1047 0.1208 0.1329 0.1153 0.1350 0.1373 0.1272 
          26  1 0.1263 0.1252 0.1433 0.1203 0.1135 0.1221 0.1144 0.1349 
          27  1 0.1033 0.1122 0.1110 0.1084 0.1144 0.1599 0.1179 0.1728 
          28  1 0.1279 0.1099 0.1153 0.1226 0.1336 0.1315 0.1318 0.1273 
          29  1 0.1277 0.1230 0.1321 0.1255 0.1154 0.1343 0.1282 0.1137 
          30  1 0.1233 0.1219 0.1245 0.1290 0.1192 0.1352 0.1235 0.1234 
          31  1 0.1193 0.1455 0.1400 0.1213 0.1203 0.1120 0.1240 0.1176 
          32  1 0.1358 0.1193 0.1229 0.1176 0.1299 0.1281 0.1294 0.1171 
          33  1 0.1357 0.1175 0.1244 0.1119 0.1089 0.1396 0.1282 0.1338 
          34  1 0.1414 0.1095 0.1164 0.1243 0.1194 0.1292 0.1298 0.1300 
          35  1 0.1391 0.1110 0.1224 0.1181 0.1141 0.1360 0.1276 0.1317 
          36  1 0.1361 0.1225 0.1100 0.1236 0.1185 0.1321 0.1231 0.1340 
          37  1 0.1344 0.1120 0.1291 0.1267 0.1135 0.1338 0.1273 0.1233 
          38  1 0.1033 0.1416 0.1136 0.1107 0.2060 0.1015 0.1397 0.0836 
          39  1 0.1186 0.2017 0.1637 0.1676 0.1020 0.0710 0.1185 0.0569 
          40  1 0.1317 0.1083 0.1218 0.1083 0.1055 0.1474 0.1316 0.1454 
          41  1 0.1049 0.1728 0.1438 0.1721 0.1033 0.0959 0.1177 0.0896 
          42  1 0.1147 0.1269 0.1199 0.1234 0.1171 0.1320 0.1206 0.1453 
          43  1 0.1155 0.1023 0.1117 0.1035 0.1106 0.1509 0.1210 0.1844 
          44  1 0.1180 0.1274 0.1311 0.1192 0.1310 0.1206 0.1296 0.1232 
          45  1 0.1248 0.1075 0.1335 0.1257 0.1246 0.1387 0.1208 0.1244 
          46  1 0.1335 0.1146 0.1330 0.1135 0.1202 0.1335 0.1250 0.1267 
          47  1 0.1158 0.1721 0.1491 0.1602 0.1014 0.0932 0.1193 0.0889 
          48  1 0.1326 0.1272 0.1291 0.1153 0.1245 0.1308 0.1266 0.1139 
          49  1 0.1275 0.1010 0.1113 0.1095 0.1138 0.1420 0.1281 0.1667 
          50  1 0.1183 0.1060 0.1223 0.1165 0.1180 0.1361 0.1200 0.1628 
          51  1 0.1185 0.1105 0.1251 0.1225 0.1114 0.1427 0.1301 0.1391 
          52  1 0.1366 0.1208 0.1273 0.1136 0.1190 0.1289 0.1239 0.1300 
          53  1 0.1197 0.1315 0.1361 0.1141 0.1437 0.1203 0.1271 0.1074 
          54  1 0.1310 0.1225 0.1330 0.1242 0.1238 0.1257 0.1176 0.1222 
