           1  1 0.2272 0.2002 0.1975 0.1874 0.1877 
           2  1 0.1750 0.2163 0.1904 0.2222 0.1962 
           3  1 0.1861 0.1949 0.2044 0.2024 0.2122 
           4  1 0.1847 0.1556 0.2280 0.1968 0.2349 
           5  1 0.1904 0.1663 0.2131 0.1925 0.2376 
           6  1 0.2148 0.1979 0.1965 0.1947 0.1962 
           7  1 0.1822 0.1946 0.2072 0.2106 0.2054 
           8  1 0.1858 0.1703 0.2128 0.1986 0.2325 
           9  1 0.2587 0.2074 0.1884 0.1812 0.1643 
          10  1 0.2109 0.2032 0.1996 0.1879 0.1983 
          11  1 0.1876 0.1660 0.2131 0.1987 0.2347 
          12  1 0.2099 0.2234 0.1994 0.1875 0.1798 
          13  1 0.2020 0.2099 0.2032 0.2034 0.1815 
          14  1 0.2172 0.2277 0.1942 0.1853 0.1756 
          15  1 0.2068 0.2209 0.1910 0.1895 0.1917 
          16  1 0.2273 0.2118 0.1925 0.1886 0.1798 
          17  1 0.2074 0.2081 0.2059 0.1975 0.1811 
          18  1 0.1841 0.1968 0.2008 0.2091 0.2092 
          19  1 0.2323 0.2130 0.1995 0.1788 0.1764 
          20  1 0.1783 0.1844 0.2135 0.1955 0.2283 
          21  1 0.1769 0.2137 0.1915 0.2094 0.2084 
          22  1 0.1882 0.1900 0.1928 0.2116 0.2174 
          23  1 0.2527 0.2128 0.1892 0.1814 0.1639 
          24  1 0.1978 0.2007 0.1990 0.1953 0.2072 
          25  1 0.1817 0.2172 0.1892 0.2152 0.1967 
          26  1 0.2087 0.1992 0.1976 0.1954 0.1990 
          27  1 0.1837 0.1645 0.2190 0.1896 0.2431 
          28  1 0.1883 0.1983 0.2070 0.2006 0.2058 
          29  1 0.1863 0.2110 0.1940 0.2076 0.2010 
          30  1 0.1791 0.2242 0.1948 0.2037 0.1982 
          31  1 0.2335 0.2109 0.1878 0.1869 0.1809 
          32  1 0.1777 0.2048 0.2073 0.1997 0.2105 
          33  1 0.1763 0.1983 0.2003 0.2193 0.2058 
          34  1 0.1863 0.1900 0.2116 0.1946 0.2175 
          35  1 0.1818 0.2096 0.1890 0.2191 0.2005 
          36  1 0.1877 0.2043 0.2133 0.1906 0.2041 
          37  1 0.1833 0.2193 0.1972 0.2165 0.1837 
          38  1 0.2023 0.2135 0.1983 0.2060 0.1799 
          39  1 0.2824 0.2199 0.1876 0.1668 0.1434 
          40  1 0.1803 0.1750 0.2009 0.2263 0.2176 
          41  1 0.2687 0.2127 0.1863 0.1753 0.1570 
          42  1 0.2171 0.1885 0.2006 0.1885 0.2053 
          43  1 0.1858 0.1612 0.2192 0.1991 0.2348 
          44  1 0.1926 0.2075 0.2039 0.2000 0.1959 
          45  1 0.1816 0.2093 0.1964 0.1966 0.2161 
          46  1 0.1876 0.2022 0.1987 0.2012 0.2103 
          47  1 0.2625 0.2100 0.1933 0.1725 0.1617 
          48  1 0.1825 0.2010 0.1964 0.2175 0.2026 
          49  1 0.1798 0.1702 0.2089 0.2061 0.2350 
          50  1 0.1840 0.1788 0.2043 0.2042 0.2288 
          51  1 0.1790 0.1879 0.1980 0.2185 0.2166 
          52  1 0.1788 0.2088 0.1954 0.2094 0.2075 
          53  1 0.1950 0.2288 0.1916 0.2051 0.1795 
          54  1 0.2000 0.1874 0.2045 0.1954 0.2127 
