           1  1 0.1613 0.1715 0.1617 0.1663 0.1656 0.1737 
           2  1 0.1702 0.1534 0.1775 0.1714 0.1709 0.1565 
           3  1 0.1669 0.1592 0.1753 0.1710 0.1605 0.1670 
           4  1 0.2007 0.1761 0.1670 0.1497 0.1572 0.1492 
           5  1 0.1853 0.1754 0.1717 0.1566 0.1566 0.1545 
           6  1 0.1657 0.1647 0.1612 0.1682 0.1659 0.1742 
           7  1 0.1771 0.1684 0.1686 0.1623 0.1712 0.1524 
           8  1 0.1900 0.1724 0.1701 0.1498 0.1595 0.1581 
           9  1 0.1547 0.1781 0.1429 0.1686 0.1684 0.1873 
          10  1 0.1601 0.1706 0.1623 0.1669 0.1589 0.1812 
          11  1 0.1873 0.1774 0.1689 0.1521 0.1546 0.1597 
          12  1 0.1511 0.1656 0.1618 0.1750 0.1557 0.1908 
          13  1 0.1422 0.1630 0.1577 0.2014 0.1652 0.1706 
          14  1 0.1557 0.1642 0.1632 0.1670 0.1614 0.1884 
          15  1 0.1627 0.1607 0.1634 0.1654 0.1738 0.1740 
          16  1 0.1472 0.1679 0.1637 0.1671 0.1565 0.1976 
          17  1 0.1522 0.1634 0.1524 0.1965 0.1670 0.1684 
          18  1 0.1778 0.1636 0.1649 0.1665 0.1715 0.1556 
          19  1 0.1426 0.1705 0.1537 0.1731 0.1691 0.1910 
          20  1 0.1822 0.1682 0.1679 0.1617 0.1640 0.1561 
          21  1 0.1644 0.1603 0.1828 0.1691 0.1622 0.1612 
          22  1 0.1785 0.1679 0.1753 0.1656 0.1620 0.1507 
          23  1 0.1418 0.1766 0.1424 0.1749 0.1731 0.1912 
          24  1 0.1693 0.1668 0.1679 0.1588 0.1612 0.1760 
          25  1 0.1672 0.1636 0.1728 0.1655 0.1746 0.1562 
          26  1 0.1739 0.1706 0.1616 0.1628 0.1708 0.1604 
          27  1 0.1906 0.1773 0.1649 0.1531 0.1539 0.1603 
          28  1 0.1673 0.1630 0.1678 0.1738 0.1685 0.1596 
          29  1 0.1666 0.1596 0.1745 0.1630 0.1744 0.1619 
          30  1 0.1682 0.1656 0.1678 0.1684 0.1714 0.1585 
          31  1 0.1567 0.1718 0.1560 0.1632 0.1668 0.1855 
          32  1 0.1682 0.1600 0.1748 0.1693 0.1668 0.1609 
          33  1 0.1757 0.1656 0.1755 0.1631 0.1696 0.1504 
          34  1 0.1710 0.1603 0.1747 0.1626 0.1661 0.1653 
          35  1 0.1723 0.1603 0.1805 0.1640 0.1684 0.1545 
          36  1 0.1751 0.1692 0.1653 0.1640 0.1618 0.1648 
          37  1 0.1612 0.1577 0.1756 0.1776 0.1703 0.1576 
          38  1 0.1486 0.1576 0.1563 0.1981 0.1667 0.1727 
          39  1 0.1167 0.1816 0.1259 0.1883 0.1720 0.2156 
          40  1 0.1841 0.1703 0.1751 0.1605 0.1593 0.1508 
          41  1 0.1419 0.1745 0.1463 0.1692 0.1694 0.1987 
          42  1 0.1730 0.1683 0.1646 0.1615 0.1653 0.1673 
          43  1 0.1887 0.1778 0.1734 0.1530 0.1557 0.1514 
          44  1 0.1659 0.1603 0.1658 0.1699 0.1717 0.1665 
          45  1 0.1735 0.1597 0.1775 0.1691 0.1671 0.1530 
          46  1 0.1735 0.1663 0.1804 0.1607 0.1631 0.1561 
          47  1 0.1427 0.1776 0.1397 0.1691 0.1722 0.1987 
          48  1 0.1664 0.1604 0.1762 0.1728 0.1618 0.1625 
          49  1 0.1871 0.1720 0.1745 0.1554 0.1623 0.1488 
          50  1 0.1936 0.1663 0.1714 0.1530 0.1609 0.1549 
          51  1 0.1794 0.1709 0.1764 0.1634 0.1569 0.1530 
          52  1 0.1743 0.1638 0.1710 0.1601 0.1731 0.1577 
          53  1 0.1533 0.1613 0.1651 0.1733 0.1810 0.1661 
          54  1 0.1774 0.1680 0.1694 0.1594 0.1628 0.1630 
