           1  1 0.2049 0.2015 0.2354 0.1747 0.1835 
           2  1 0.1934 0.2077 0.1473 0.2374 0.2142 
           3  1 0.2026 0.2133 0.1643 0.2079 0.2119 
           4  1 0.2152 0.1949 0.1234 0.2474 0.2190 
           5  1 0.2235 0.1964 0.1444 0.2245 0.2112 
           6  1 0.2124 0.1972 0.2041 0.1906 0.1957 
           7  1 0.2110 0.1921 0.1645 0.2140 0.2184 
           8  1 0.2190 0.2006 0.1368 0.2366 0.2070 
           9  1 0.2008 0.1824 0.3123 0.1451 0.1595 
          10  1 0.1939 0.2083 0.2300 0.1789 0.1890 
          11  1 0.2227 0.1997 0.1418 0.2182 0.2176 
          12  1 0.1842 0.2102 0.2784 0.1560 0.1711 
          13  1 0.1909 0.2023 0.2697 0.1596 0.1775 
          14  1 0.1841 0.2096 0.2551 0.1662 0.1850 
          15  1 0.1928 0.2026 0.2159 0.1921 0.1967 
          16  1 0.1845 0.2023 0.2911 0.1517 0.1705 
          17  1 0.1945 0.2019 0.2549 0.1684 0.1801 
          18  1 0.2003 0.2015 0.1606 0.2189 0.2187 
          19  1 0.1936 0.2003 0.2922 0.1463 0.1677 
          20  1 0.2029 0.2010 0.1475 0.2320 0.2165 
          21  1 0.2014 0.2028 0.1572 0.2227 0.2159 
          22  1 0.1997 0.1978 0.1395 0.2352 0.2278 
          23  1 0.1887 0.1889 0.3254 0.1434 0.1536 
          24  1 0.2049 0.1989 0.1985 0.1913 0.2064 
          25  1 0.2001 0.1991 0.1641 0.2264 0.2104 
          26  1 0.2043 0.2002 0.2146 0.1832 0.1977 
          27  1 0.2316 0.2012 0.1333 0.2150 0.2188 
          28  1 0.1962 0.1989 0.1736 0.2140 0.2172 
          29  1 0.1942 0.2081 0.1637 0.2258 0.2083 
          30  1 0.1997 0.2031 0.1707 0.2209 0.2057 
          31  1 0.2013 0.1981 0.2495 0.1689 0.1823 
          32  1 0.1930 0.2051 0.1757 0.2152 0.2111 
          33  1 0.2007 0.1982 0.1369 0.2419 0.2222 
          34  1 0.2096 0.2032 0.1570 0.2177 0.2125 
          35  1 0.1920 0.2000 0.1424 0.2405 0.2252 
          36  1 0.1913 0.2037 0.1912 0.1990 0.2148 
          37  1 0.1900 0.2017 0.1609 0.2361 0.2113 
          38  1 0.1915 0.2049 0.2338 0.1811 0.1886 
          39  1 0.1891 0.1847 0.4050 0.0956 0.1257 
          40  1 0.2037 0.2082 0.1258 0.2324 0.2299 
          41  1 0.1962 0.1853 0.3330 0.1330 0.1526 
          42  1 0.2133 0.1930 0.1978 0.1952 0.2007 
          43  1 0.2228 0.1987 0.1355 0.2216 0.2213 
          44  1 0.1917 0.2116 0.2085 0.1876 0.2005 
          45  1 0.1990 0.2003 0.1520 0.2241 0.2246 
          46  1 0.1917 0.2122 0.1795 0.2052 0.2114 
          47  1 0.1986 0.1841 0.3301 0.1361 0.1511 
          48  1 0.1970 0.2024 0.1451 0.2302 0.2252 
          49  1 0.2078 0.2120 0.1340 0.2203 0.2260 
          50  1 0.2046 0.2013 0.1421 0.2356 0.2164 
          51  1 0.2063 0.1985 0.1419 0.2362 0.2171 
          52  1 0.1911 0.2107 0.1552 0.2245 0.2184 
          53  1 0.1970 0.1980 0.2196 0.1876 0.1977 
          54  1 0.2179 0.1930 0.1850 0.1999 0.2041 
