           1  1 0.3996 0.2956 0.3048 
           2  1 0.2369 0.3834 0.3797 
           3  1 0.2955 0.3499 0.3546 
           4  1 0.2364 0.3706 0.3930 
           5  1 0.2555 0.3627 0.3817 
           6  1 0.3171 0.3418 0.3412 
           7  1 0.2750 0.3605 0.3645 
           8  1 0.2469 0.3741 0.3789 
           9  1 0.4412 0.2770 0.2817 
          10  1 0.4095 0.2916 0.2989 
          11  1 0.2536 0.3646 0.3817 
          12  1 0.4591 0.2706 0.2703 
          13  1 0.4298 0.2856 0.2846 
          14  1 0.4524 0.2715 0.2761 
          15  1 0.3723 0.3232 0.3046 
          16  1 0.4837 0.2599 0.2564 
          17  1 0.4229 0.2908 0.2863 
          18  1 0.2817 0.3548 0.3634 
          19  1 0.4244 0.2956 0.2801 
          20  1 0.2546 0.3661 0.3793 
          21  1 0.2654 0.3678 0.3668 
          22  1 0.2338 0.3812 0.3850 
          23  1 0.4649 0.2704 0.2647 
          24  1 0.3469 0.3243 0.3288 
          25  1 0.2500 0.3849 0.3650 
          26  1 0.3435 0.3297 0.3268 
          27  1 0.2439 0.3726 0.3835 
          28  1 0.2943 0.3537 0.3519 
          29  1 0.2666 0.3694 0.3640 
          30  1 0.2751 0.3605 0.3644 
          31  1 0.4174 0.2919 0.2907 
          32  1 0.2737 0.3581 0.3682 
          33  1 0.2364 0.3808 0.3828 
          34  1 0.2753 0.3678 0.3568 
          35  1 0.2345 0.3793 0.3862 
          36  1 0.3186 0.3390 0.3424 
          37  1 0.2725 0.3669 0.3606 
          38  1 0.4161 0.2915 0.2924 
          39  1 0.5333 0.2352 0.2315 
          40  1 0.2226 0.3822 0.3952 
          41  1 0.4798 0.2610 0.2592 
          42  1 0.3621 0.3215 0.3163 
          43  1 0.2422 0.3757 0.3821 
          44  1 0.3509 0.3293 0.3198 
          45  1 0.2530 0.3772 0.3698 
          46  1 0.2806 0.3553 0.3641 
          47  1 0.4695 0.2643 0.2663 
          48  1 0.2677 0.3668 0.3655 
          49  1 0.2336 0.3710 0.3954 
          50  1 0.2404 0.3774 0.3822 
          51  1 0.2389 0.3825 0.3786 
          52  1 0.2462 0.3733 0.3805 
          53  1 0.3928 0.3063 0.3009 
          54  1 0.3062 0.3388 0.3550 
