           1  1 0.1329 0.1385 0.1370 0.1439 0.1472 0.1508 0.1498 
           2  1 0.1438 0.1552 0.1600 0.1349 0.1399 0.1333 0.1329 
           3  1 0.1515 0.1347 0.1430 0.1460 0.1473 0.1316 0.1460 
           4  1 0.1479 0.1179 0.1511 0.1432 0.1679 0.1148 0.1573 
           5  1 0.1413 0.1289 0.1418 0.1487 0.1649 0.1198 0.1546 
           6  1 0.1345 0.1457 0.1476 0.1412 0.1391 0.1456 0.1463 
           7  1 0.1687 0.1410 0.1388 0.1421 0.1498 0.1196 0.1401 
           8  1 0.1413 0.1299 0.1496 0.1364 0.1684 0.1151 0.1593 
           9  1 0.1171 0.1495 0.1288 0.1543 0.1277 0.1676 0.1550 
          10  1 0.1334 0.1417 0.1295 0.1368 0.1473 0.1696 0.1417 
          11  1 0.1472 0.1238 0.1447 0.1471 0.1576 0.1277 0.1519 
          12  1 0.1332 0.1451 0.1270 0.1633 0.1192 0.1805 0.1316 
          13  1 0.1543 0.1412 0.1211 0.1583 0.1189 0.1749 0.1313 
          14  1 0.1386 0.1472 0.1271 0.1443 0.1318 0.1777 0.1334 
          15  1 0.1421 0.1505 0.1430 0.1375 0.1436 0.1491 0.1342 
          16  1 0.1352 0.1449 0.1316 0.1498 0.1294 0.1826 0.1265 
          17  1 0.1544 0.1427 0.1231 0.1594 0.1191 0.1626 0.1389 
          18  1 0.1684 0.1400 0.1270 0.1458 0.1410 0.1369 0.1410 
          19  1 0.1303 0.1520 0.1378 0.1522 0.1188 0.1632 0.1458 
          20  1 0.1546 0.1338 0.1406 0.1424 0.1584 0.1194 0.1507 
          21  1 0.1390 0.1529 0.1399 0.1400 0.1423 0.1391 0.1467 
          22  1 0.1576 0.1356 0.1564 0.1415 0.1546 0.1178 0.1365 
          23  1 0.1170 0.1441 0.1311 0.1571 0.1216 0.1756 0.1536 
          24  1 0.1450 0.1454 0.1374 0.1375 0.1421 0.1420 0.1507 
          25  1 0.1413 0.1502 0.1510 0.1340 0.1532 0.1289 0.1414 
          26  1 0.1384 0.1427 0.1464 0.1375 0.1402 0.1480 0.1467 
          27  1 0.1420 0.1242 0.1500 0.1449 0.1705 0.1098 0.1586 
          28  1 0.1546 0.1426 0.1426 0.1388 0.1486 0.1320 0.1408 
          29  1 0.1396 0.1584 0.1636 0.1388 0.1359 0.1305 0.1331 
          30  1 0.1515 0.1485 0.1461 0.1412 0.1461 0.1329 0.1337 
          31  1 0.1320 0.1442 0.1357 0.1427 0.1347 0.1606 0.1500 
          32  1 0.1555 0.1502 0.1472 0.1307 0.1398 0.1303 0.1462 
          33  1 0.1356 0.1480 0.1579 0.1332 0.1538 0.1293 0.1423 
          34  1 0.1431 0.1420 0.1438 0.1430 0.1529 0.1310 0.1443 
          35  1 0.1470 0.1488 0.1586 0.1338 0.1486 0.1306 0.1326 
          36  1 0.1423 0.1429 0.1411 0.1453 0.1383 0.1486 0.1414 
          37  1 0.1461 0.1539 0.1572 0.1389 0.1432 0.1275 0.1331 
          38  1 0.1617 0.1414 0.1145 0.1494 0.1269 0.1685 0.1377 
          39  1 0.0934 0.1537 0.1170 0.1605 0.1041 0.2290 0.1423 
          40  1 0.1410 0.1406 0.1576 0.1279 0.1612 0.1170 0.1547 
          41  1 0.1144 0.1476 0.1334 0.1580 0.1239 0.1724 0.1504 
          42  1 0.1456 0.1362 0.1475 0.1531 0.1449 0.1295 0.1432 
          43  1 0.1435 0.1331 0.1502 0.1438 0.1676 0.1093 0.1526 
          44  1 0.1519 0.1427 0.1483 0.1349 0.1361 0.1521 0.1340 
          45  1 0.1595 0.1395 0.1434 0.1379 0.1552 0.1292 0.1352 
          46  1 0.1475 0.1423 0.1528 0.1319 0.1493 0.1378 0.1384 
          47  1 0.1120 0.1473 0.1313 0.1627 0.1190 0.1789 0.1486 
          48  1 0.1472 0.1440 0.1405 0.1361 0.1423 0.1410 0.1488 
          49  1 0.1422 0.1333 0.1400 0.1370 0.1755 0.1182 0.1539 
          50  1 0.1436 0.1348 0.1525 0.1439 0.1500 0.1209 0.1543 
          51  1 0.1482 0.1383 0.1556 0.1377 0.1589 0.1178 0.1436 
          52  1 0.1447 0.1464 0.1605 0.1368 0.1412 0.1290 0.1415 
          53  1 0.1531 0.1414 0.1371 0.1421 0.1407 0.1476 0.1381 
          54  1 0.1359 0.1447 0.1523 0.1363 0.1548 0.1345 0.1415 
