           1  1 0.1871 0.2657 0.1911 0.1857 0.1705 
           2  1 0.2073 0.1113 0.2213 0.2141 0.2460 
           3  1 0.2048 0.1543 0.2195 0.2098 0.2115 
           4  1 0.2643 0.1011 0.2001 0.2559 0.1785 
           5  1 0.2466 0.1296 0.1997 0.2327 0.1914 
           6  1 0.1857 0.2139 0.2045 0.1970 0.1989 
           7  1 0.2185 0.1375 0.2130 0.2198 0.2112 
           8  1 0.2562 0.1073 0.2019 0.2499 0.1847 
           9  1 0.1516 0.3816 0.1647 0.1496 0.1524 
          10  1 0.1847 0.2541 0.1930 0.1814 0.1869 
          11  1 0.2360 0.1369 0.2000 0.2348 0.1923 
          12  1 0.1610 0.3351 0.1810 0.1563 0.1666 
          13  1 0.1565 0.3235 0.1917 0.1625 0.1658 
          14  1 0.1709 0.2841 0.1921 0.1655 0.1874 
          15  1 0.1905 0.2071 0.2011 0.1886 0.2127 
          16  1 0.1500 0.3458 0.1869 0.1504 0.1669 
          17  1 0.1609 0.3162 0.1898 0.1603 0.1728 
          18  1 0.2227 0.1420 0.2117 0.2264 0.1971 
          19  1 0.1460 0.3374 0.1891 0.1509 0.1766 
          20  1 0.2319 0.1222 0.2060 0.2318 0.2082 
          21  1 0.2162 0.1335 0.2139 0.2127 0.2237 
          22  1 0.2270 0.1030 0.2140 0.2364 0.2197 
          23  1 0.1413 0.3866 0.1738 0.1426 0.1558 
          24  1 0.1972 0.1974 0.2004 0.2011 0.2038 
          25  1 0.2213 0.1198 0.2040 0.2213 0.2337 
          26  1 0.1972 0.2118 0.1965 0.1980 0.1965 
          27  1 0.2473 0.1196 0.1962 0.2537 0.1832 
          28  1 0.2157 0.1565 0.2057 0.2112 0.2109 
          29  1 0.2050 0.1404 0.2145 0.2106 0.2295 
          30  1 0.2207 0.1376 0.2052 0.2176 0.2188 
          31  1 0.1732 0.2913 0.1849 0.1718 0.1789 
          32  1 0.2117 0.1398 0.2169 0.2157 0.2160 
          33  1 0.2314 0.1084 0.2041 0.2355 0.2205 
          34  1 0.2156 0.1381 0.2200 0.2132 0.2131 
          35  1 0.2102 0.1078 0.2114 0.2217 0.2489 
          36  1 0.2086 0.1779 0.1994 0.2102 0.2039 
          37  1 0.2031 0.1433 0.2139 0.2117 0.2280 
          38  1 0.1747 0.2654 0.1899 0.1786 0.1913 
          39  1 0.0899 0.5400 0.1584 0.0870 0.1247 
          40  1 0.2398 0.1038 0.2100 0.2314 0.2150 
          41  1 0.1382 0.4045 0.1652 0.1420 0.1502 
          42  1 0.2062 0.2064 0.1986 0.2085 0.1805 
          43  1 0.2589 0.1170 0.1905 0.2505 0.1831 
          44  1 0.2036 0.1818 0.2003 0.2031 0.2112 
          45  1 0.2168 0.1134 0.2187 0.2253 0.2258 
          46  1 0.2216 0.1266 0.2066 0.2255 0.2196 
          47  1 0.1312 0.4136 0.1711 0.1325 0.1516 
          48  1 0.2094 0.1363 0.2116 0.2155 0.2272 
          49  1 0.2382 0.1067 0.2077 0.2425 0.2049 
          50  1 0.2394 0.1171 0.2041 0.2381 0.2013 
          51  1 0.2260 0.1148 0.2140 0.2230 0.2223 
          52  1 0.2207 0.1136 0.2037 0.2227 0.2393 
          53  1 0.1834 0.2236 0.1932 0.1880 0.2119 
          54  1 0.2132 0.1841 0.2130 0.2014 0.1884 
