           1  1 0.2461 0.2366 0.2373 0.2801 
           2  1 0.2726 0.2606 0.2735 0.1934 
           3  1 0.2570 0.2508 0.2631 0.2290 
           4  1 0.2864 0.2590 0.2570 0.1976 
           5  1 0.2730 0.2591 0.2584 0.2096 
           6  1 0.2561 0.2490 0.2491 0.2458 
           7  1 0.2648 0.2536 0.2635 0.2182 
           8  1 0.2751 0.2561 0.2681 0.2007 
           9  1 0.2182 0.2234 0.2162 0.3422 
          10  1 0.2271 0.2324 0.2237 0.3167 
          11  1 0.2772 0.2609 0.2611 0.2009 
          12  1 0.2070 0.2251 0.2138 0.3541 
          13  1 0.2099 0.2226 0.2193 0.3482 
          14  1 0.2171 0.2343 0.2197 0.3289 
          15  1 0.2374 0.2501 0.2479 0.2646 
          16  1 0.2087 0.2273 0.2088 0.3552 
          17  1 0.2233 0.2294 0.2219 0.3254 
          18  1 0.2607 0.2529 0.2625 0.2239 
          19  1 0.2291 0.2391 0.2340 0.2978 
          20  1 0.2706 0.2569 0.2626 0.2099 
          21  1 0.2659 0.2578 0.2716 0.2047 
          22  1 0.2715 0.2642 0.2726 0.1917 
          23  1 0.2175 0.2344 0.2253 0.3228 
          24  1 0.2497 0.2549 0.2516 0.2437 
          25  1 0.2671 0.2621 0.2694 0.2014 
          26  1 0.2494 0.2494 0.2501 0.2511 
          27  1 0.2784 0.2581 0.2606 0.2028 
          28  1 0.2586 0.2525 0.2620 0.2269 
          29  1 0.2634 0.2656 0.2656 0.2054 
          30  1 0.2642 0.2605 0.2692 0.2061 
          31  1 0.2283 0.2384 0.2290 0.3043 
          32  1 0.2577 0.2619 0.2568 0.2236 
          33  1 0.2758 0.2577 0.2751 0.1914 
          34  1 0.2646 0.2573 0.2641 0.2140 
          35  1 0.2687 0.2690 0.2720 0.1904 
          36  1 0.2497 0.2573 0.2499 0.2431 
          37  1 0.2563 0.2612 0.2689 0.2136 
          38  1 0.2202 0.2264 0.2239 0.3295 
          39  1 0.1853 0.2109 0.1831 0.4208 
          40  1 0.2809 0.2625 0.2686 0.1880 
          41  1 0.2063 0.2206 0.2165 0.3567 
          42  1 0.2500 0.2455 0.2442 0.2603 
          43  1 0.2776 0.2614 0.2634 0.1976 
          44  1 0.2407 0.2495 0.2453 0.2645 
          45  1 0.2617 0.2653 0.2751 0.1979 
          46  1 0.2702 0.2628 0.2602 0.2068 
          47  1 0.2078 0.2217 0.2121 0.3584 
          48  1 0.2645 0.2577 0.2659 0.2120 
          49  1 0.2742 0.2611 0.2655 0.1992 
          50  1 0.2761 0.2603 0.2622 0.2013 
          51  1 0.2786 0.2643 0.2619 0.1952 
          52  1 0.2719 0.2643 0.2691 0.1947 
          53  1 0.2279 0.2445 0.2385 0.2891 
          54  1 0.2566 0.2571 0.2493 0.2370 
