           1  1 0.1709 0.1573 0.1724 0.1675 0.1782 0.1538 
           2  1 0.1470 0.1828 0.1780 0.1868 0.1530 0.1523 
           3  1 0.1604 0.1635 0.1736 0.1815 0.1631 0.1579 
           4  1 0.2179 0.2306 0.1309 0.1283 0.1394 0.1529 
           5  1 0.1962 0.2209 0.1513 0.1461 0.1302 0.1553 
           6  1 0.1615 0.1663 0.1848 0.1707 0.1649 0.1519 
           7  1 0.1662 0.1804 0.1533 0.1490 0.1681 0.1829 
           8  1 0.2081 0.2090 0.1518 0.1384 0.1340 0.1586 
           9  1 0.1518 0.1305 0.1788 0.1713 0.2027 0.1649 
          10  1 0.1587 0.1582 0.1554 0.1781 0.1791 0.1706 
          11  1 0.2111 0.2132 0.1440 0.1383 0.1447 0.1486 
          12  1 0.1651 0.1383 0.1653 0.1578 0.1789 0.1946 
          13  1 0.1656 0.1256 0.1650 0.1616 0.1909 0.1913 
          14  1 0.1537 0.1485 0.1673 0.1676 0.1793 0.1836 
          15  1 0.1574 0.1642 0.1657 0.1732 0.1696 0.1698 
          16  1 0.1565 0.1306 0.1654 0.1771 0.1893 0.1812 
          17  1 0.1688 0.1319 0.1552 0.1628 0.1948 0.1865 
          18  1 0.1793 0.1720 0.1586 0.1388 0.1653 0.1861 
          19  1 0.1464 0.1222 0.1932 0.1948 0.1933 0.1500 
          20  1 0.1867 0.1966 0.1510 0.1597 0.1488 0.1571 
          21  1 0.1534 0.1702 0.1742 0.1768 0.1543 0.1710 
          22  1 0.1689 0.1950 0.1543 0.1564 0.1430 0.1824 
          23  1 0.1459 0.1147 0.1922 0.1837 0.2111 0.1524 
          24  1 0.1755 0.1694 0.1652 0.1787 0.1594 0.1518 
          25  1 0.1491 0.1784 0.1730 0.1714 0.1610 0.1670 
          26  1 0.1556 0.1736 0.1639 0.1645 0.1772 0.1652 
          27  1 0.1991 0.2346 0.1396 0.1332 0.1394 0.1541 
          28  1 0.1729 0.1688 0.1690 0.1674 0.1559 0.1661 
          29  1 0.1490 0.1759 0.1688 0.1909 0.1642 0.1512 
          30  1 0.1692 0.1814 0.1677 0.1681 0.1590 0.1545 
          31  1 0.1615 0.1449 0.1740 0.1680 0.1864 0.1652 
          32  1 0.1671 0.1582 0.1752 0.1655 0.1621 0.1718 
          33  1 0.1599 0.1914 0.1620 0.1733 0.1505 0.1629 
          34  1 0.1658 0.1801 0.1648 0.1761 0.1499 0.1632 
          35  1 0.1443 0.1904 0.1719 0.1699 0.1577 0.1658 
          36  1 0.1733 0.1832 0.1599 0.1496 0.1577 0.1763 
          37  1 0.1400 0.1751 0.1715 0.1861 0.1599 0.1674 
          38  1 0.1609 0.1217 0.1622 0.1504 0.2015 0.2032 
          39  1 0.1126 0.0804 0.1910 0.2008 0.2499 0.1653 
          40  1 0.1731 0.2025 0.1526 0.1680 0.1400 0.1637 
          41  1 0.1379 0.1163 0.1850 0.1847 0.2111 0.1651 
          42  1 0.1786 0.1782 0.1603 0.1591 0.1661 0.1577 
          43  1 0.2109 0.2185 0.1391 0.1407 0.1417 0.1491 
          44  1 0.1612 0.1525 0.1628 0.1630 0.1827 0.1778 
          45  1 0.1676 0.1862 0.1546 0.1714 0.1531 0.1671 
          46  1 0.1658 0.1799 0.1731 0.1531 0.1549 0.1733 
          47  1 0.1456 0.1207 0.1745 0.1862 0.2076 0.1655 
          48  1 0.1572 0.1684 0.1608 0.1825 0.1650 0.1661 
          49  1 0.1940 0.2145 0.1460 0.1459 0.1448 0.1548 
          50  1 0.1865 0.2130 0.1494 0.1637 0.1447 0.1427 
          51  1 0.1694 0.1928 0.1571 0.1650 0.1523 0.1635 
          52  1 0.1638 0.1876 0.1704 0.1679 0.1519 0.1585 
          53  1 0.1588 0.1526 0.1494 0.1644 0.1832 0.1917 
          54  1 0.1612 0.1818 0.1607 0.1584 0.1724 0.1654 
