           1  1 0.1530 0.1542 0.1656 0.1816 0.1662 0.1794 
           2  1 0.2004 0.1757 0.1867 0.1453 0.1413 0.1506 
           3  1 0.1742 0.1692 0.1551 0.1682 0.1683 0.1650 
           4  1 0.1762 0.1710 0.1411 0.1427 0.2082 0.1607 
           5  1 0.1654 0.1587 0.1399 0.1608 0.2054 0.1698 
           6  1 0.1583 0.1535 0.1650 0.1804 0.1613 0.1815 
           7  1 0.1818 0.1733 0.1544 0.1581 0.1793 0.1531 
           8  1 0.1694 0.1673 0.1403 0.1564 0.2070 0.1596 
           9  1 0.1242 0.1410 0.2053 0.1960 0.1302 0.2032 
          10  1 0.1607 0.1623 0.1593 0.1744 0.1514 0.1919 
          11  1 0.1689 0.1734 0.1489 0.1519 0.1988 0.1582 
          12  1 0.1482 0.1752 0.1650 0.1925 0.1442 0.1749 
          13  1 0.1446 0.1613 0.1620 0.2010 0.1527 0.1785 
          14  1 0.1531 0.1767 0.1665 0.1844 0.1508 0.1684 
          15  1 0.1750 0.1655 0.1619 0.1685 0.1607 0.1685 
          16  1 0.1445 0.1632 0.1663 0.1881 0.1445 0.1934 
          17  1 0.1508 0.1576 0.1638 0.1913 0.1582 0.1783 
          18  1 0.1760 0.1694 0.1502 0.1568 0.1927 0.1549 
          19  1 0.1349 0.1476 0.1960 0.1878 0.1477 0.1860 
          20  1 0.1777 0.1730 0.1596 0.1460 0.1862 0.1575 
          21  1 0.1834 0.1822 0.1698 0.1539 0.1667 0.1439 
          22  1 0.1905 0.1780 0.1625 0.1429 0.1814 0.1447 
          23  1 0.1255 0.1357 0.1962 0.1989 0.1421 0.2017 
          24  1 0.1653 0.1636 0.1648 0.1693 0.1742 0.1628 
          25  1 0.1938 0.1808 0.1712 0.1522 0.1601 0.1419 
          26  1 0.1577 0.1653 0.1645 0.1645 0.1699 0.1781 
          27  1 0.1760 0.1738 0.1385 0.1480 0.2075 0.1562 
          28  1 0.1685 0.1720 0.1691 0.1548 0.1817 0.1540 
          29  1 0.1850 0.1672 0.1913 0.1496 0.1513 0.1555 
          30  1 0.1869 0.1718 0.1833 0.1457 0.1575 0.1547 
          31  1 0.1480 0.1627 0.1683 0.1823 0.1536 0.1851 
          32  1 0.1756 0.1805 0.1537 0.1710 0.1718 0.1474 
          33  1 0.1928 0.1746 0.1710 0.1343 0.1717 0.1557 
          34  1 0.1706 0.1700 0.1632 0.1705 0.1740 0.1518 
          35  1 0.1905 0.1769 0.1848 0.1458 0.1528 0.1492 
          36  1 0.1727 0.1947 0.1535 0.1614 0.1656 0.1521 
          37  1 0.1834 0.1755 0.1865 0.1497 0.1486 0.1562 
          38  1 0.1565 0.1567 0.1599 0.2016 0.1577 0.1676 
          39  1 0.0956 0.1302 0.2214 0.2170 0.0973 0.2385 
          40  1 0.1793 0.1697 0.1584 0.1393 0.1951 0.1581 
          41  1 0.1307 0.1345 0.2120 0.1854 0.1259 0.2116 
          42  1 0.1660 0.1531 0.1707 0.1628 0.1852 0.1622 
          43  1 0.1645 0.1674 0.1487 0.1583 0.2159 0.1453 
          44  1 0.1800 0.1725 0.1607 0.1751 0.1630 0.1486 
          45  1 0.1841 0.1802 0.1623 0.1529 0.1764 0.1442 
          46  1 0.1873 0.1813 0.1484 0.1629 0.1799 0.1403 
          47  1 0.1223 0.1399 0.1982 0.1906 0.1238 0.2252 
          48  1 0.1799 0.1710 0.1623 0.1642 0.1495 0.1731 
          49  1 0.1727 0.1757 0.1597 0.1542 0.1907 0.1470 
          50  1 0.1912 0.1804 0.1477 0.1446 0.1864 0.1496 
          51  1 0.1821 0.1696 0.1627 0.1447 0.1852 0.1557 
          52  1 0.1927 0.1714 0.1602 0.1579 0.1682 0.1497 
          53  1 0.1672 0.1714 0.1701 0.1812 0.1536 0.1564 
          54  1 0.1628 0.1703 0.1520 0.1654 0.1812 0.1683 
