           1  1 0.1664 0.1696 0.1623 0.1746 0.1654 0.1617 
           2  1 0.1642 0.1600 0.1926 0.1694 0.1473 0.1665 
           3  1 0.1549 0.1755 0.1680 0.1621 0.1599 0.1797 
           4  1 0.1685 0.2262 0.1558 0.1317 0.1209 0.1969 
           5  1 0.1653 0.2127 0.1541 0.1414 0.1329 0.1935 
           6  1 0.1633 0.1693 0.1640 0.1737 0.1665 0.1632 
           7  1 0.1656 0.1694 0.1722 0.1553 0.1643 0.1732 
           8  1 0.1719 0.2116 0.1511 0.1362 0.1363 0.1929 
           9  1 0.1868 0.1381 0.1461 0.2018 0.1947 0.1325 
          10  1 0.1643 0.1511 0.1735 0.1650 0.1917 0.1543 
          11  1 0.1713 0.2090 0.1487 0.1427 0.1314 0.1970 
          12  1 0.1703 0.1380 0.1610 0.1809 0.2065 0.1433 
          13  1 0.1617 0.1260 0.1625 0.1959 0.2262 0.1276 
          14  1 0.1671 0.1459 0.1672 0.1743 0.1962 0.1492 
          15  1 0.1585 0.1625 0.1715 0.1731 0.1659 0.1684 
          16  1 0.1594 0.1371 0.1745 0.1799 0.2104 0.1387 
          17  1 0.1672 0.1365 0.1591 0.1952 0.2037 0.1382 
          18  1 0.1574 0.1694 0.1613 0.1708 0.1787 0.1623 
          19  1 0.1686 0.1372 0.1587 0.2024 0.1917 0.1413 
          20  1 0.1633 0.1951 0.1594 0.1498 0.1418 0.1906 
          21  1 0.1616 0.1657 0.1813 0.1633 0.1478 0.1803 
          22  1 0.1644 0.1829 0.1808 0.1483 0.1388 0.1847 
          23  1 0.1728 0.1296 0.1509 0.2129 0.1960 0.1378 
          24  1 0.1606 0.1743 0.1655 0.1695 0.1584 0.1717 
          25  1 0.1616 0.1694 0.1873 0.1554 0.1424 0.1838 
          26  1 0.1661 0.1613 0.1656 0.1771 0.1693 0.1607 
          27  1 0.1709 0.2119 0.1585 0.1330 0.1256 0.2001 
          28  1 0.1559 0.1714 0.1740 0.1590 0.1684 0.1713 
          29  1 0.1631 0.1578 0.1877 0.1643 0.1582 0.1689 
          30  1 0.1645 0.1714 0.1728 0.1672 0.1461 0.1780 
          31  1 0.1660 0.1595 0.1635 0.1770 0.1814 0.1527 
          32  1 0.1563 0.1689 0.1689 0.1556 0.1658 0.1845 
          33  1 0.1611 0.1789 0.1748 0.1620 0.1372 0.1859 
          34  1 0.1640 0.1857 0.1620 0.1476 0.1563 0.1844 
          35  1 0.1707 0.1664 0.1889 0.1579 0.1366 0.1795 
          36  1 0.1717 0.1761 0.1616 0.1579 0.1598 0.1728 
          37  1 0.1609 0.1569 0.1915 0.1722 0.1510 0.1675 
          38  1 0.1636 0.1260 0.1621 0.1985 0.2228 0.1271 
          39  1 0.1877 0.0907 0.1597 0.2342 0.2354 0.0923 
          40  1 0.1607 0.1932 0.1713 0.1485 0.1351 0.1911 
          41  1 0.1834 0.1229 0.1545 0.2089 0.2011 0.1292 
          42  1 0.1752 0.1772 0.1652 0.1548 0.1541 0.1734 
          43  1 0.1668 0.2169 0.1558 0.1427 0.1209 0.1969 
          44  1 0.1649 0.1569 0.1692 0.1701 0.1767 0.1622 
          45  1 0.1606 0.1712 0.1799 0.1527 0.1524 0.1832 
          46  1 0.1613 0.1730 0.1785 0.1527 0.1566 0.1779 
          47  1 0.1857 0.1302 0.1502 0.2028 0.2034 0.1278 
          48  1 0.1579 0.1728 0.1744 0.1652 0.1545 0.1752 
          49  1 0.1671 0.2041 0.1570 0.1382 0.1405 0.1930 
          50  1 0.1714 0.1997 0.1657 0.1411 0.1307 0.1913 
          51  1 0.1643 0.1910 0.1719 0.1510 0.1353 0.1865 
          52  1 0.1640 0.1807 0.1786 0.1464 0.1474 0.1829 
          53  1 0.1620 0.1485 0.1673 0.1893 0.1843 0.1487 
          54  1 0.1687 0.1698 0.1614 0.1593 0.1650 0.1757 
