           1  1 0.1054 0.1093 0.1167 0.1049 0.1180 0.1142 0.1050 0.1070 0.1195 
           2  1 0.1115 0.1137 0.1246 0.1050 0.1062 0.1037 0.1089 0.1193 0.1073 
           3  1 0.1088 0.1298 0.0998 0.1108 0.1153 0.1039 0.1187 0.1079 0.1051 
           4  1 0.1043 0.0915 0.1009 0.0903 0.1075 0.1742 0.0982 0.1080 0.1251 
           5  1 0.1024 0.0888 0.1130 0.1010 0.1036 0.1477 0.1066 0.1104 0.1265 
           6  1 0.1176 0.1088 0.1194 0.1140 0.1074 0.1031 0.1040 0.1110 0.1147 
           7  1 0.1158 0.1122 0.1050 0.1046 0.1192 0.1189 0.1163 0.1098 0.0983 
           8  1 0.1036 0.0968 0.1118 0.0987 0.1063 0.1476 0.1075 0.1018 0.1259 
           9  1 0.1093 0.0894 0.1457 0.1130 0.1065 0.0909 0.0938 0.1160 0.1353 
          10  1 0.1095 0.0934 0.1073 0.1286 0.1119 0.1113 0.1057 0.1113 0.1209 
          11  1 0.1135 0.0993 0.1052 0.1006 0.1014 0.1482 0.1002 0.1099 0.1218 
          12  1 0.1241 0.1070 0.1053 0.1233 0.1125 0.0856 0.1282 0.1090 0.1051 
          13  1 0.1250 0.1888 0.0838 0.1250 0.1148 0.0678 0.1438 0.0773 0.0736 
          14  1 0.1185 0.1003 0.1029 0.1239 0.1086 0.0961 0.1322 0.1133 0.1043 
          15  1 0.1102 0.1024 0.1139 0.1183 0.1085 0.1079 0.1061 0.1094 0.1235 
          16  1 0.1167 0.1004 0.1001 0.1330 0.1120 0.0930 0.1169 0.1165 0.1113 
          17  1 0.1248 0.1805 0.0856 0.1210 0.1127 0.0762 0.1394 0.0780 0.0818 
          18  1 0.1255 0.1541 0.0918 0.1122 0.1125 0.0995 0.1322 0.0808 0.0913 
          19  1 0.1052 0.1173 0.1180 0.1251 0.1165 0.0874 0.0973 0.1197 0.1135 
          20  1 0.1039 0.1021 0.1031 0.0941 0.1188 0.1428 0.1084 0.1058 0.1210 
          21  1 0.1203 0.1022 0.1227 0.1107 0.1022 0.1084 0.1151 0.1186 0.0999 
          22  1 0.1165 0.1038 0.1199 0.1013 0.1117 0.1182 0.1036 0.1041 0.1209 
          23  1 0.1108 0.1051 0.1242 0.1225 0.1132 0.0924 0.0963 0.1104 0.1252 
          24  1 0.1031 0.1098 0.1093 0.1216 0.1180 0.1131 0.1011 0.1103 0.1136 
          25  1 0.1059 0.1042 0.1280 0.1125 0.1114 0.1048 0.1071 0.1096 0.1165 
          26  1 0.1038 0.0917 0.1198 0.1244 0.1151 0.1169 0.0936 0.1117 0.1230 
          27  1 0.1061 0.0887 0.1154 0.0927 0.1092 0.1603 0.1002 0.1030 0.1244 
          28  1 0.1133 0.1097 0.1150 0.1089 0.1014 0.1117 0.1218 0.1126 0.1056 
          29  1 0.1123 0.1191 0.1069 0.1188 0.1069 0.1052 0.1120 0.1124 0.1063 
          30  1 0.1068 0.0963 0.1271 0.1086 0.1200 0.1110 0.1046 0.1192 0.1063 
          31  1 0.1087 0.0965 0.1226 0.1153 0.1102 0.1073 0.1046 0.1122 0.1226 
          32  1 0.1120 0.1143 0.1039 0.1141 0.1123 0.1078 0.1151 0.1157 0.1048 
          33  1 0.1083 0.1103 0.1117 0.1017 0.1063 0.1163 0.1172 0.1157 0.1126 
          34  1 0.1112 0.1075 0.1089 0.1013 0.1152 0.1135 0.1106 0.1213 0.1104 
          35  1 0.1073 0.1030 0.1318 0.1077 0.1067 0.1128 0.1024 0.1174 0.1110 
          36  1 0.1132 0.1089 0.1151 0.1041 0.1029 0.1084 0.1190 0.1153 0.1131 
          37  1 0.1202 0.1027 0.1228 0.1131 0.1125 0.1011 0.1014 0.1152 0.1109 
          38  1 0.1240 0.2020 0.0789 0.1231 0.1139 0.0687 0.1475 0.0718 0.0701 
          39  1 0.1217 0.0797 0.1581 0.1491 0.1014 0.0521 0.0898 0.1163 0.1317 
          40  1 0.1077 0.1113 0.1012 0.0973 0.1048 0.1320 0.1161 0.1158 0.1139 
          41  1 0.1202 0.0843 0.1447 0.1250 0.1065 0.0842 0.0928 0.1195 0.1227 
          42  1 0.1040 0.1040 0.1007 0.1116 0.1142 0.1315 0.1012 0.1111 0.1218 
          43  1 0.1045 0.0896 0.0998 0.0944 0.1083 0.1698 0.1004 0.1018 0.1315 
          44  1 0.0973 0.1076 0.1111 0.1213 0.1172 0.1099 0.1201 0.1034 0.1122 
          45  1 0.1112 0.1097 0.1135 0.1014 0.1137 0.1173 0.1089 0.1128 0.1116 
          46  1 0.1031 0.1073 0.1156 0.1229 0.1168 0.1135 0.1076 0.1065 0.1067 
          47  1 0.1220 0.0805 0.1489 0.1257 0.1046 0.0773 0.0868 0.1247 0.1295 
          48  1 0.1112 0.1272 0.1023 0.1078 0.1082 0.1035 0.1333 0.1048 0.1017 
          49  1 0.1018 0.0952 0.1080 0.0925 0.1122 0.1397 0.1180 0.1185 0.1141 
          50  1 0.1101 0.1167 0.1028 0.0994 0.1039 0.1338 0.1006 0.1104 0.1223 
          51  1 0.1104 0.1029 0.1156 0.0942 0.1147 0.1328 0.0963 0.1096 0.1235 
          52  1 0.1050 0.1102 0.1173 0.1003 0.1150 0.1211 0.1054 0.1122 0.1134 
          53  1 0.0998 0.1185 0.1036 0.1214 0.1154 0.1051 0.1242 0.1098 0.1022 
          54  1 0.1069 0.0941 0.1079 0.1189 0.0998 0.1244 0.1119 0.1162 0.1198 
