           1  1 0.1310 0.1263 0.1362 0.1097 0.1187 0.1251 0.1322 0.1209 
           2  1 0.1073 0.1122 0.1317 0.1538 0.1123 0.1201 0.1349 0.1276 
           3  1 0.1210 0.1293 0.1317 0.1186 0.1296 0.1214 0.1203 0.1281 
           4  1 0.1123 0.1445 0.1190 0.1315 0.1053 0.1292 0.1428 0.1155 
           5  1 0.1168 0.1430 0.1164 0.1206 0.1048 0.1365 0.1438 0.1181 
           6  1 0.1332 0.1236 0.1323 0.1190 0.1312 0.1121 0.1186 0.1299 
           7  1 0.1162 0.1381 0.1189 0.1335 0.1238 0.1258 0.1236 0.1201 
           8  1 0.1155 0.1521 0.1149 0.1224 0.1131 0.1291 0.1457 0.1072 
           9  1 0.1736 0.1133 0.1332 0.0981 0.1399 0.1105 0.1106 0.1210 
          10  1 0.1324 0.1165 0.1239 0.1206 0.1266 0.1276 0.1298 0.1226 
          11  1 0.1198 0.1401 0.1293 0.1269 0.1054 0.1232 0.1441 0.1112 
          12  1 0.1367 0.1140 0.1128 0.1125 0.1334 0.1315 0.1138 0.1453 
          13  1 0.1363 0.1131 0.1263 0.1221 0.1435 0.1374 0.1055 0.1157 
          14  1 0.1339 0.1154 0.1138 0.1199 0.1352 0.1336 0.1143 0.1338 
          15  1 0.1215 0.1209 0.1218 0.1248 0.1357 0.1259 0.1225 0.1269 
          16  1 0.1385 0.1109 0.1248 0.1110 0.1333 0.1216 0.1300 0.1299 
          17  1 0.1346 0.1185 0.1385 0.1223 0.1359 0.1296 0.1088 0.1117 
          18  1 0.1263 0.1367 0.1168 0.1393 0.1203 0.1353 0.1151 0.1103 
          19  1 0.1342 0.1130 0.1338 0.1169 0.1406 0.1151 0.1115 0.1349 
          20  1 0.1191 0.1301 0.1243 0.1258 0.1204 0.1278 0.1279 0.1245 
          21  1 0.1086 0.1200 0.1177 0.1371 0.1244 0.1384 0.1223 0.1316 
          22  1 0.1031 0.1425 0.1196 0.1375 0.1148 0.1313 0.1297 0.1215 
          23  1 0.1509 0.1116 0.1497 0.1024 0.1332 0.1164 0.1106 0.1253 
          24  1 0.1244 0.1214 0.1178 0.1270 0.1306 0.1209 0.1259 0.1321 
          25  1 0.1105 0.1219 0.1278 0.1517 0.1164 0.1235 0.1242 0.1240 
          26  1 0.1213 0.1231 0.1301 0.1246 0.1235 0.1223 0.1272 0.1280 
          27  1 0.1166 0.1448 0.1217 0.1244 0.1059 0.1288 0.1495 0.1085 
          28  1 0.1138 0.1323 0.1237 0.1291 0.1263 0.1292 0.1223 0.1233 
          29  1 0.1032 0.1233 0.1364 0.1337 0.1228 0.1127 0.1297 0.1382 
          30  1 0.1145 0.1202 0.1265 0.1412 0.1159 0.1254 0.1242 0.1320 
          31  1 0.1388 0.1213 0.1329 0.1156 0.1269 0.1135 0.1229 0.1280 
          32  1 0.1158 0.1225 0.1211 0.1405 0.1204 0.1267 0.1205 0.1325 
          33  1 0.1159 0.1215 0.1250 0.1500 0.1106 0.1235 0.1360 0.1175 
          34  1 0.1201 0.1274 0.1226 0.1223 0.1291 0.1201 0.1272 0.1312 
          35  1 0.1085 0.1254 0.1355 0.1481 0.1026 0.1253 0.1283 0.1263 
          36  1 0.1156 0.1252 0.1127 0.1291 0.1227 0.1323 0.1232 0.1393 
          37  1 0.1026 0.1233 0.1364 0.1400 0.1250 0.1229 0.1195 0.1303 
          38  1 0.1342 0.1160 0.1233 0.1235 0.1460 0.1370 0.1034 0.1165 
          39  1 0.1950 0.0862 0.1464 0.0791 0.1613 0.0967 0.1027 0.1328 
          40  1 0.1129 0.1322 0.1309 0.1365 0.1037 0.1244 0.1455 0.1138 
          41  1 0.1709 0.1071 0.1311 0.1004 0.1440 0.1056 0.1071 0.1338 
          42  1 0.1281 0.1328 0.1231 0.1237 0.1269 0.1185 0.1275 0.1194 
          43  1 0.1089 0.1423 0.1258 0.1173 0.1143 0.1371 0.1432 0.1111 
          44  1 0.1175 0.1200 0.1273 0.1302 0.1320 0.1344 0.1201 0.1186 
          45  1 0.1127 0.1306 0.1153 0.1342 0.1146 0.1316 0.1334 0.1276 
          46  1 0.1068 0.1305 0.1192 0.1336 0.1209 0.1429 0.1166 0.1296 
          47  1 0.1772 0.1072 0.1258 0.0928 0.1458 0.1034 0.1199 0.1281 
          48  1 0.1148 0.1253 0.1416 0.1310 0.1142 0.1198 0.1282 0.1250 
          49  1 0.1188 0.1335 0.1126 0.1339 0.1047 0.1320 0.1410 0.1235 
          50  1 0.1184 0.1337 0.1201 0.1330 0.1094 0.1301 0.1366 0.1187 
          51  1 0.1124 0.1334 0.1249 0.1280 0.1182 0.1290 0.1366 0.1175 
          52  1 0.1081 0.1277 0.1210 0.1418 0.1195 0.1276 0.1355 0.1188 
          53  1 0.1239 0.1152 0.1300 0.1318 0.1369 0.1230 0.1157 0.1235 
          54  1 0.1201 0.1343 0.1300 0.1159 0.1228 0.1217 0.1253 0.1299 
