           1  1 0.1126 0.1048 0.1180 0.1133 0.1109 0.1118 0.1064 0.1109 0.1114 
           2  1 0.1003 0.1099 0.1065 0.1073 0.1024 0.1183 0.1252 0.1224 0.1077 
           3  1 0.1042 0.1078 0.1092 0.1102 0.1042 0.1139 0.1131 0.1204 0.1171 
           4  1 0.1427 0.1081 0.0962 0.0952 0.1427 0.0936 0.1073 0.1144 0.0998 
           5  1 0.1408 0.1148 0.0959 0.0962 0.1313 0.0963 0.1099 0.1104 0.1043 
           6  1 0.1022 0.1057 0.1064 0.1194 0.1032 0.1127 0.1072 0.1236 0.1196 
           7  1 0.1176 0.1162 0.1022 0.0990 0.1254 0.1111 0.1062 0.1131 0.1091 
           8  1 0.1450 0.1193 0.0956 0.0913 0.1305 0.0993 0.0989 0.1161 0.1038 
           9  1 0.0965 0.0880 0.1279 0.1522 0.0912 0.1160 0.1145 0.0945 0.1192 
          10  1 0.1132 0.1091 0.1203 0.1154 0.1102 0.1185 0.1035 0.1005 0.1093 
          11  1 0.1370 0.1073 0.1100 0.0966 0.1331 0.0939 0.1174 0.1017 0.1031 
          12  1 0.0962 0.1178 0.1249 0.1283 0.0966 0.1065 0.1034 0.1127 0.1136 
          13  1 0.0860 0.1179 0.1215 0.1113 0.0846 0.1093 0.1151 0.1191 0.1351 
          14  1 0.1000 0.1172 0.1233 0.1140 0.1049 0.1184 0.1035 0.1074 0.1114 
          15  1 0.1076 0.1020 0.1191 0.1183 0.1025 0.1179 0.1200 0.1059 0.1068 
          16  1 0.1014 0.1129 0.1213 0.1254 0.1016 0.1118 0.1087 0.1102 0.1067 
          17  1 0.0948 0.1163 0.1182 0.1145 0.0975 0.1083 0.1158 0.1112 0.1235 
          18  1 0.1140 0.1171 0.1101 0.0987 0.1122 0.1033 0.1078 0.1142 0.1227 
          19  1 0.0874 0.1115 0.1207 0.1432 0.0884 0.1099 0.1290 0.1103 0.0996 
          20  1 0.1204 0.1158 0.1081 0.1023 0.1260 0.1026 0.1098 0.1078 0.1072 
          21  1 0.1038 0.1176 0.1186 0.1037 0.1060 0.1169 0.1091 0.1094 0.1150 
          22  1 0.1178 0.1121 0.1074 0.0870 0.1303 0.1199 0.1063 0.1083 0.1109 
          23  1 0.0907 0.1030 0.1242 0.1447 0.0923 0.1114 0.1241 0.0999 0.1097 
          24  1 0.1158 0.1139 0.1068 0.1191 0.1111 0.1025 0.1179 0.1130 0.0998 
          25  1 0.1081 0.1129 0.1086 0.1042 0.1096 0.1290 0.1123 0.1097 0.1056 
          26  1 0.1114 0.1020 0.1143 0.1259 0.1108 0.1124 0.1154 0.0980 0.1097 
          27  1 0.1446 0.1183 0.0961 0.0870 0.1420 0.0951 0.1016 0.1118 0.1034 
          28  1 0.1122 0.1139 0.1127 0.1024 0.1125 0.1184 0.1094 0.1049 0.1137 
          29  1 0.1047 0.1133 0.1034 0.1149 0.1031 0.1153 0.1126 0.1256 0.1071 
          30  1 0.1183 0.1147 0.1120 0.1037 0.1142 0.1132 0.1096 0.1088 0.1055 
          31  1 0.1058 0.1046 0.1131 0.1270 0.1053 0.1137 0.1089 0.1068 0.1148 
          32  1 0.1101 0.1182 0.1095 0.1017 0.1178 0.1138 0.1089 0.1150 0.1051 
          33  1 0.1143 0.1076 0.1038 0.1006 0.1247 0.1103 0.1079 0.1137 0.1171 
          34  1 0.1139 0.1132 0.1052 0.1153 0.1123 0.1103 0.1126 0.1097 0.1075 
          35  1 0.1117 0.1069 0.1134 0.0967 0.1086 0.1226 0.1208 0.1154 0.1039 
          36  1 0.1121 0.1251 0.1176 0.1128 0.1075 0.0995 0.1140 0.1114 0.0999 
          37  1 0.1097 0.1083 0.1142 0.1097 0.1065 0.1307 0.1136 0.1033 0.1041 
          38  1 0.0850 0.1171 0.1217 0.1079 0.0872 0.1133 0.1110 0.1192 0.1376 
          39  1 0.0631 0.0763 0.1339 0.1997 0.0640 0.1297 0.1253 0.0895 0.1185 
          40  1 0.1167 0.1046 0.1033 0.0977 0.1187 0.1116 0.1031 0.1220 0.1222 
          41  1 0.0869 0.0938 0.1307 0.1578 0.0844 0.1239 0.1169 0.0954 0.1101 
          42  1 0.1233 0.1108 0.1096 0.1046 0.1234 0.1070 0.1012 0.1145 0.1056 
          43  1 0.1378 0.1122 0.0977 0.0851 0.1491 0.0988 0.1049 0.1080 0.1063 
          44  1 0.1034 0.1126 0.1101 0.1133 0.1061 0.1197 0.1126 0.1097 0.1126 
          45  1 0.1191 0.1135 0.1072 0.0934 0.1196 0.1097 0.1211 0.1110 0.1053 
          46  1 0.1103 0.1078 0.1149 0.1051 0.1145 0.1166 0.1149 0.1049 0.1109 
          47  1 0.0847 0.0925 0.1278 0.1699 0.0850 0.1114 0.1176 0.0958 0.1155 
          48  1 0.1034 0.1084 0.1088 0.1082 0.1024 0.1132 0.1091 0.1259 0.1206 
          49  1 0.1270 0.1141 0.1009 0.0998 0.1328 0.1074 0.0984 0.1056 0.1140 
          50  1 0.1310 0.1117 0.1050 0.0931 0.1268 0.0978 0.1219 0.1108 0.1018 
          51  1 0.1178 0.1087 0.1091 0.0948 0.1239 0.1063 0.1209 0.1133 0.1053 
          52  1 0.1208 0.1100 0.1088 0.0967 0.1162 0.1151 0.1225 0.1098 0.1001 
          53  1 0.1047 0.1056 0.1133 0.1141 0.0994 0.1177 0.1113 0.1129 0.1209 
          54  1 0.1180 0.1114 0.0980 0.1164 0.1188 0.1083 0.1162 0.1063 0.1065 
