  1:   0.2226  0.1972  0.1982  0.1840  0.1982  1
  2:   0.2114  0.2024  0.1970  0.1742  0.2152  1
  3:   0.2020  0.2082  0.1942  0.1756  0.2198  1
  4:   0.1884  0.2008  0.1998  0.1880  0.2230  1
  5:   0.1918  0.2028  0.1916  0.1730  0.2408  1
  6:   0.2460  0.1906  0.1912  0.1954  0.1766  1
  7:   0.1952  0.1988  0.2074  0.2198  0.1787  1
  8:   0.1898  0.2048  0.1932  0.1640  0.2482  1
  9:   0.2006  0.1986  0.2006  0.2012  0.1992  1
 10:   0.2021  0.2055  0.1951  0.1695  0.2279  1
 11:   0.2096  0.2022  0.2000  0.1846  0.2034  1
 12:   0.2306  0.1956  0.1946  0.1834  0.1958  1
 13:   0.1981  0.2053  0.1933  0.1701  0.2331  1
 14:   0.1860  0.2036  0.1996  0.2192  0.1916  1
 15:   0.1862  0.2128  0.1958  0.1830  0.2220  1
 16:   0.1862  0.2082  0.1968  0.2000  0.2090  1
 17:   0.2004  0.1990  0.1958  0.1839  0.2208  1
 18:   0.1872  0.2038  0.1992  0.1940  0.2160  1
 19:   0.2083  0.2005  0.2039  0.1913  0.1961  1
 20:   0.2112  0.2022  0.1966  0.1860  0.2042  1
 21:   0.1890  0.1924  0.2078  0.2308  0.1802  1
 22:   0.1984  0.2072  0.2002  0.1970  0.1972  1
 23:   0.2170  0.2000  0.1948  0.1853  0.2028  1
 24:   0.1726  0.1780  0.2234  0.2894  0.1366  1
 25:   0.2041  0.1935  0.2023  0.2175  0.1827  1
 26:   0.2257  0.1904  0.2016  0.1990  0.1834  1
 27:   0.2298  0.1920  0.1994  0.1924  0.1864  1
 28:   0.2032  0.2080  0.1992  0.2074  0.1822  1
 29:   0.2120  0.1982  0.1944  0.1970  0.1984  1
 30:   0.1897  0.2109  0.2043  0.2101  0.1849  1
 31:   0.1871  0.2019  0.2003  0.1821  0.2285  1
 32:   0.2064  0.2078  0.1990  0.1856  0.2010  1
 33:   0.1899  0.2021  0.2007  0.1973  0.2099  1
 34:   0.1999  0.2027  0.1981  0.1811  0.2181  1
 35:   0.2046  0.2104  0.1956  0.1792  0.2102  1
 36:   0.2372  0.1904  0.1958  0.2096  0.1672  1
 37:   0.1979  0.2083  0.1877  0.1601  0.2461  1
 38:   0.2204  0.1994  0.1928  0.1732  0.2140  1
 39:   0.1788  0.1886  0.2150  0.2616  0.1560  1
 40:   0.2223  0.1985  0.1965  0.1785  0.2043  1
 41:   0.2046  0.2080  0.1968  0.1912  0.1994  1
 42:   0.1850  0.2100  0.2006  0.1888  0.2154  1
 43:   0.1948  0.1974  0.1992  0.2030  0.2054  1
 44:   0.2053  0.2011  0.1983  0.1877  0.2075  1
 45:   0.1836  0.2052  0.2062  0.2284  0.1766  1
 46:   0.2050  0.2032  0.1962  0.1884  0.2074  1
 47:   0.1982  0.1978  0.2064  0.2064  0.1912  1
 48:   0.2326  0.1888  0.2022  0.1958  0.1806  1
 49:   0.2150  0.1988  0.1990  0.1856  0.2018  1
 50:   0.2044  0.1984  0.1980  0.1860  0.2130  1
 51:   0.1731  0.1873  0.2205  0.2581  0.1609  1
 52:   0.1792  0.1958  0.2080  0.2384  0.1788  1
 53:   0.2016  0.2004  0.1986  0.2016  0.1976  1
 54:   0.1880  0.2084  0.1976  0.1882  0.2180  1
 55:   0.2288  0.1960  0.1982  0.1864  0.1904  1
 56:   0.1908  0.1972  0.2050  0.2022  0.2046  1
 57:   0.1736  0.2046  0.2054  0.2382  0.1782  1
 58:   0.1598  0.1798  0.2282  0.3001  0.1322  1
 59:   0.2192  0.2018  0.1940  0.1778  0.2070  1
 60:   0.2163  0.1999  0.2021  0.1823  0.1993  1
 61:   0.1996  0.2052  0.1936  0.1812  0.2206  1
 62:   0.1765  0.1933  0.2117  0.2489  0.1695  1
 63:   0.1823  0.1863  0.2175  0.2650  0.1489  1
 64:   0.2136  0.1958  0.1942  0.1910  0.2052  1
 65:   0.1927  0.2005  0.1987  0.1997  0.2083  1
 66:   0.1916  0.1962  0.2034  0.2265  0.1822  1
 67:   0.1866  0.2032  0.2008  0.1912  0.2180  1
 68:   0.2074  0.2094  0.1954  0.1790  0.2090  1
 69:   0.2258  0.2010  0.1918  0.1762  0.2052  1
 70:   0.1983  0.2065  0.1983  0.1909  0.2061  1
 71:   0.2070  0.2022  0.1934  0.1842  0.2132  1
 72:   0.1995  0.2053  0.1903  0.1687  0.2361  1
 73:   0.2143  0.1971  0.1955  0.1963  0.1969  1
 74:   0.1703  0.1961  0.2123  0.2509  0.1705  1
 75:   0.2029  0.2069  0.1901  0.1729  0.2273  1
 76:   0.1995  0.2057  0.1983  0.1747  0.2219  1
 77:   0.2317  0.1980  0.1962  0.1886  0.1856  1
 78:   0.1842  0.2062  0.1956  0.1768  0.2370  1
 79:   0.2142  0.1990  0.1962  0.1838  0.2066  1
 80:   0.1967  0.2059  0.1983  0.1911  0.2079  1
 81:   0.1982  0.1966  0.2002  0.2026  0.2026  1
 82:   0.2189  0.1989  0.1945  0.1953  0.1925  1
 83:   0.1918  0.1988  0.2008  0.1974  0.2114  1
 84:   0.1971  0.1991  0.2041  0.2043  0.1955  1
 85:   0.2001  0.1989  0.2031  0.2125  0.1853  1
 86:   0.1903  0.2025  0.2041  0.2211  0.1819  1
 87:   0.1940  0.2060  0.1968  0.1846  0.2186  1
 88:   0.1928  0.2044  0.1984  0.2016  0.2028  1
 89:   0.2056  0.2064  0.1948  0.1906  0.2026  1
 90:   0.2140  0.1984  0.2000  0.1834  0.2040  1
 91:   0.2190  0.1938  0.2036  0.1958  0.1878  1
 92:   0.1908  0.2068  0.2044  0.2060  0.1920  1
 93:   0.2017  0.2041  0.1981  0.1807  0.2155  1
 94:   0.2100  0.2064  0.1970  0.1888  0.1980  1
 95:   0.2054  0.2002  0.2022  0.1874  0.2048  1
 96:   0.1972  0.1996  0.2016  0.2028  0.1990  1
 97:   0.2104  0.2014  0.1980  0.1992  0.1910  1
 98:   0.2177  0.2021  0.1939  0.1709  0.2153  1
 99:   0.2065  0.2017  0.1971  0.1737  0.2211  1
100:   0.1994  0.2042  0.1920  0.1758  0.2286  1
101:   0.1776  0.1932  0.2118  0.2346  0.1830  1
102:   0.2108  0.1996  0.2026  0.1948  0.1920  1
103:   0.1775  0.1933  0.2077  0.2335  0.1879  1
104:   0.1900  0.1938  0.2054  0.2136  0.1972  1
105:   0.1983  0.1951  0.2077  0.2063  0.1927  1
106:   0.1667  0.1953  0.2085  0.2257  0.2039  1
107:   0.2169  0.1975  0.1953  0.1943  0.1961  1
108:   0.1947  0.2017  0.1993  0.1907  0.2137  1
109:   0.2020  0.2036  0.1952  0.1866  0.2126  1
110:   0.1869  0.1950  0.2026  0.2104  0.2050  1
111:   0.1974  0.1998  0.1984  0.2010  0.2032  1
112:   0.1958  0.2042  0.1944  0.1720  0.2336  1
113:   0.1952  0.2060  0.2020  0.2066  0.1900  1
114:   0.2124  0.2006  0.1958  0.1882  0.2030  1
115:   0.1960  0.2050  0.2020  0.2018  0.1952  1
116:   0.2055  0.2083  0.1945  0.1811  0.2107  1
117:   0.2178  0.1990  0.1928  0.1888  0.2014  1
118:   0.2097  0.2021  0.1945  0.1869  0.2069  1
119:   0.2111  0.1963  0.2013  0.1907  0.2007  1
120:   0.1798  0.1934  0.2132  0.2374  0.1760  1
121:   0.2006  0.2024  0.1934  0.1848  0.2188  1
122:   0.2004  0.2068  0.1940  0.1812  0.2176  1
123:   0.1988  0.2000  0.1972  0.1938  0.2102  1
124:   0.2100  0.2060  0.1946  0.1796  0.2098  1
125:   0.1810  0.1946  0.2094  0.2228  0.1922  1
126:   0.1980  0.2112  0.1880  0.1660  0.2369  1
127:   0.2206  0.1992  0.1966  0.1842  0.1996  1
128:   0.2077  0.2017  0.1935  0.1693  0.2277  1
129:   0.1768  0.2080  0.1984  0.1826  0.2340  1
130:   0.2116  0.1972  0.2000  0.1946  0.1964  1
131:   0.1930  0.2050  0.1992  0.1860  0.2170  1
132:   0.2122  0.2014  0.1954  0.1702  0.2208  1
133:   0.1899  0.2023  0.2043  0.2079  0.1957  1
134:   0.1998  0.1998  0.1940  0.1874  0.2190  1
135:   0.1807  0.1995  0.2023  0.2225  0.1949  1
136:   0.1904  0.2046  0.1986  0.1818  0.2247  1
137:   0.1877  0.2089  0.2001  0.2059  0.1975  1
138:   0.1919  0.2047  0.1993  0.1829  0.2211  1
139:   0.2134  0.2004  0.1978  0.1914  0.1968  1
140:   0.2236  0.1980  0.1934  0.1834  0.2016  1
141:   0.1794  0.2070  0.1902  0.1656  0.2580  1
142:   0.2128  0.2040  0.1942  0.1716  0.2172  1
143:   0.2278  0.1950  0.1950  0.1864  0.1956  1
144:   0.2078  0.2030  0.1948  0.1890  0.2056  1
145:   0.1826  0.2054  0.1990  0.1916  0.2216  1
146:   0.2276  0.1954  0.1914  0.1874  0.1980  1
147:   0.1956  0.1986  0.1990  0.1988  0.2080  1
148:   0.1935  0.2017  0.2001  0.1849  0.2197  1
149:   0.1994  0.2042  0.1930  0.1704  0.2330  1
150:   0.2224  0.1938  0.1992  0.1950  0.1896  1
151:   0.2232  0.1962  0.1990  0.1940  0.1876  1
152:   0.2007  0.2003  0.1991  0.1773  0.2227  1
153:   0.2041  0.2049  0.1975  0.1867  0.2067  1
154:   0.1947  0.2073  0.1967  0.1875  0.2139  1
155:   0.2046  0.1988  0.1986  0.1968  0.2012  1
156:   0.1820  0.1966  0.2056  0.2356  0.1804  1
157:   0.1972  0.1944  0.2036  0.2302  0.1744  1
158:   0.2053  0.2005  0.1985  0.1737  0.2221  1
159:   0.2005  0.2057  0.1953  0.1693  0.2291  1
160:   0.1892  0.2020  0.1954  0.1880  0.2254  1
161:   0.2028  0.2010  0.1960  0.1788  0.2214  1
162:   0.2083  0.2007  0.1945  0.1859  0.2107  1
163:   0.1939  0.1953  0.2019  0.2141  0.1947  1
164:   0.1992  0.2088  0.1930  0.1784  0.2206  1
165:   0.1833  0.2047  0.1957  0.2037  0.2127  1
166:   0.1999  0.2083  0.1867  0.1739  0.2311  1
167:   0.1810  0.2024  0.2058  0.2354  0.1756  1
168:   0.2084  0.2046  0.1926  0.1662  0.2282  1
169:   0.1915  0.2039  0.1943  0.1883  0.2221  1
170:   0.1992  0.2032  0.1968  0.1856  0.2154  1
171:   0.2608  0.1869  0.1839  0.1927  0.1757  1
172:   0.2060  0.2006  0.2006  0.1980  0.1950  1
173:   0.1942  0.2010  0.1944  0.1758  0.2346  1
174:   0.2153  0.2033  0.1935  0.1799  0.2081  1
175:   0.2072  0.2040  0.1958  0.1776  0.2152  1
176:   0.2022  0.2048  0.1972  0.1882  0.2076  1
177:   0.2033  0.1981  0.2019  0.2009  0.1957  1
178:   0.1832  0.2036  0.2014  0.2088  0.2028  1
179:   0.2619  0.1891  0.1821  0.1915  0.1753  1
180:   0.2141  0.1963  0.1977  0.1931  0.1987  1
181:   0.1903  0.2063  0.1963  0.1863  0.2209  1
182:   0.2277  0.1966  0.1934  0.1962  0.1860  1
183:   0.2090  0.1932  0.2026  0.2070  0.1882  1
184:   0.2180  0.1960  0.1984  0.1884  0.1994  1
185:   0.1924  0.2074  0.1930  0.1814  0.2256  1
186:   0.1998  0.1960  0.1974  0.2072  0.1998  1
187:   0.1782  0.1984  0.2060  0.2160  0.2016  1
188:   0.2152  0.1982  0.1932  0.1906  0.2026  1
189:   0.1859  0.2083  0.2081  0.2321  0.1657  1
190:   0.1977  0.2021  0.1977  0.2011  0.2013  1
191:   0.2156  0.1942  0.1940  0.1966  0.1996  1
192:   0.2114  0.1980  0.2012  0.1978  0.1918  1
193:   0.2136  0.2008  0.2002  0.1814  0.2040  1
194:   0.1965  0.2049  0.1981  0.1823  0.2181  1
195:   0.1829  0.2109  0.1907  0.1601  0.2553  1
196:   0.2120  0.1976  0.1972  0.1820  0.2114  1
197:   0.1999  0.1987  0.1987  0.1951  0.2077  1
198:   0.2289  0.1967  0.1979  0.1891  0.1875  1
199:   0.2076  0.1956  0.1972  0.1978  0.2018  1
200:   0.2224  0.1986  0.1998  0.1928  0.1862  1
201:   0.2104  0.1952  0.1990  0.1968  0.1986  1
202:   0.1996  0.1954  0.2022  0.2062  0.1966  1
203:   0.2402  0.1940  0.1920  0.1858  0.1880  1
204:   0.1921  0.2061  0.1919  0.1653  0.2445  1
205:   0.1381  0.1741  0.2337  0.3475  0.1066  1
206:   0.2177  0.1999  0.1917  0.1751  0.2155  1
207:   0.1922  0.2062  0.1930  0.1720  0.2367  1
208:   0.1389  0.1736  0.2341  0.3473  0.1062  1
209:   0.2001  0.2059  0.1981  0.1795  0.2163  1
210:   0.2116  0.1948  0.2020  0.1988  0.1930  1
211:   0.1934  0.2044  0.1936  0.1742  0.2342  1
212:   0.2001  0.2053  0.1995  0.1843  0.2107  1
213:   0.2048  0.2056  0.1952  0.1814  0.2128  1
214:   0.1994  0.1968  0.2052  0.2108  0.1880  1
215:   0.2166  0.1998  0.1964  0.1854  0.2016  1
216:   0.1838  0.2008  0.2052  0.2210  0.1892  1
217:   0.1654  0.1902  0.2206  0.2659  0.1580  1
218:   0.1961  0.2099  0.2043  0.2097  0.1799  1
219:   0.1963  0.2075  0.1927  0.1825  0.2209  1
220:   0.1962  0.1990  0.2026  0.2048  0.1972  1
221:   0.1816  0.2040  0.2070  0.2072  0.2004  1
222:   0.2039  0.2049  0.1913  0.1821  0.2179  1
223:   0.1978  0.1994  0.2016  0.2042  0.1970  1
224:   0.1948  0.2106  0.1992  0.1904  0.2050  1
225:   0.1919  0.2107  0.2039  0.2229  0.1707  1
226:   0.1892  0.2054  0.1984  0.2026  0.2042  1
227:   0.2186  0.2006  0.1970  0.1884  0.1956  1
228:   0.1882  0.1936  0.2040  0.2160  0.1980  1
229:   0.1951  0.2095  0.2031  0.2125  0.1799  1
230:   0.1889  0.1997  0.2077  0.2161  0.1877  1
231:   0.1951  0.2065  0.2037  0.1967  0.1981  1
232:   0.1775  0.1929  0.2093  0.2552  0.1651  1
233:   0.2012  0.2004  0.1966  0.1810  0.2206  1
234:   0.1898  0.2070  0.1944  0.1790  0.2298  1
235:   0.2119  0.1949  0.2031  0.1997  0.1903  1
236:   0.2116  0.1976  0.2026  0.1882  0.2002  1
237:   0.2294  0.1958  0.1998  0.1756  0.1992  1
238:   0.1994  0.1998  0.1972  0.1968  0.2066  1
239:   0.2257  0.1957  0.1889  0.1969  0.1929  1
240:   0.2015  0.1951  0.2063  0.2063  0.1907  1
241:   0.1792  0.1978  0.2022  0.2370  0.1838  1
242:   0.1702  0.1846  0.2132  0.2779  0.1540  1
243:   0.1732  0.1894  0.2180  0.2572  0.1622  1
244:   0.2249  0.1993  0.1917  0.1811  0.2029  1
245:   0.2059  0.2007  0.1993  0.1953  0.1989  1
246:   0.1904  0.2002  0.2036  0.2084  0.1974  1
