  1:   0.2170  0.2050  0.2040  0.1690  0.2050  1
  2:   0.2110  0.2080  0.2040  0.1700  0.2070  1
  3:   0.1990  0.2120  0.2010  0.1810  0.2070  1
  4:   0.1980  0.1990  0.2120  0.1840  0.2070  1
  5:   0.1972  0.2072  0.2152  0.1772  0.2032  1
  6:   0.2290  0.1970  0.2040  0.1700  0.2000  1
  7:   0.1860  0.1960  0.1920  0.2340  0.1920  1
  8:   0.2072  0.2082  0.2102  0.1632  0.2112  1
  9:   0.1998  0.2038  0.1988  0.1968  0.2008  1
 10:   0.2032  0.2102  0.2082  0.1672  0.2112  1
 11:   0.2070  0.2110  0.1950  0.1860  0.2010  1
 12:   0.2152  0.2042  0.2022  0.1722  0.2062  1
 13:   0.2052  0.2052  0.2062  0.1702  0.2132  1
 14:   0.1862  0.1902  0.1882  0.2422  0.1932  1
 15:   0.1918  0.2068  0.1998  0.1998  0.2018  1
 16:   0.1850  0.2010  0.1890  0.2300  0.1950  1
 17:   0.2038  0.2068  0.2038  0.1788  0.2068  1
 18:   0.1940  0.2050  0.1990  0.1950  0.2070  1
 19:   0.2108  0.2068  0.1968  0.1818  0.2038  1
 20:   0.2040  0.2040  0.2050  0.1880  0.1990  1
 21:   0.1940  0.1910  0.2070  0.2170  0.1910  1
 22:   0.1880  0.2030  0.1930  0.2210  0.1950  1
 23:   0.2080  0.2030  0.2050  0.1790  0.2050  1
 24:   0.1780  0.1720  0.1940  0.2860  0.1700  1
 25:   0.2010  0.1970  0.1980  0.2120  0.1920  1
 26:   0.2200  0.1980  0.2070  0.1740  0.2010  1
 27:   0.2238  0.2018  0.2018  0.1728  0.1998  1
 28:   0.1920  0.2030  0.1890  0.2230  0.1930  1
 29:   0.2030  0.2010  0.1990  0.1950  0.2020  1
 30:   0.1868  0.1978  0.1918  0.2368  0.1868  1
 31:   0.2020  0.2050  0.2060  0.1770  0.2100  1
 32:   0.2020  0.2080  0.1980  0.1900  0.2020  1
 33:   0.1920  0.2050  0.2000  0.2010  0.2020  1
 34:   0.2008  0.2078  0.2028  0.1788  0.2098  1
 35:   0.2020  0.2060  0.1990  0.1840  0.2090  1
 36:   0.2160  0.1970  0.2010  0.1900  0.1960  1
 37:   0.2030  0.2090  0.2040  0.1690  0.2150  1
 38:   0.2100  0.2050  0.2040  0.1680  0.2130  1
 39:   0.1860  0.1810  0.2020  0.2490  0.1820  1
 40:   0.2130  0.2020  0.2080  0.1690  0.2080  1
 41:   0.1980  0.2030  0.1990  0.1990  0.2010  1
 42:   0.1938  0.2108  0.1988  0.1928  0.2038  1
 43:   0.1960  0.1950  0.2020  0.2060  0.2010  1
 44:   0.1968  0.1998  0.1998  0.2008  0.2028  1
 45:   0.1820  0.1900  0.1850  0.2600  0.1830  1
 46:   0.2080  0.2120  0.1990  0.1800  0.2010  1
 47:   0.1970  0.1990  0.1990  0.2050  0.2000  1
 48:   0.2240  0.1990  0.2040  0.1770  0.1960  1
 49:   0.2140  0.2030  0.2020  0.1790  0.2020  1
 50:   0.2062  0.2022  0.2032  0.1802  0.2082  1
 51:   0.1810  0.1820  0.2100  0.2420  0.1850  1
 52:   0.1830  0.1860  0.1930  0.2540  0.1840  1
 53:   0.1992  0.2052  0.2022  0.1942  0.1992  1
 54:   0.1938  0.2058  0.2018  0.1958  0.2028  1
 55:   0.2222  0.2042  0.2022  0.1672  0.2042  1
 56:   0.1980  0.2020  0.2050  0.1950  0.2000  1
 57:   0.1768  0.1888  0.1888  0.2657  0.1798  1
 58:   0.1720  0.1720  0.1930  0.2930  0.1700  1
 59:   0.2102  0.2032  0.2042  0.1732  0.2092  1
 60:   0.2142  0.2102  0.1992  0.1722  0.2042  1
 61:   0.2038  0.2038  0.1978  0.1818  0.2128  1
 62:   0.1788  0.1848  0.1908  0.2597  0.1858  1
 63:   0.1852  0.1772  0.2022  0.2563  0.1792  1
 64:   0.2090  0.1970  0.2020  0.1850  0.2070  1
 65:   0.1912  0.2042  0.1992  0.2012  0.2042  1
 66:   0.1822  0.1852  0.1942  0.2533  0.1852  1
 67:   0.1942  0.2092  0.1972  0.1962  0.2032  1
 68:   0.2012  0.2072  0.1992  0.1852  0.2072  1
 69:   0.2108  0.2068  0.2048  0.1648  0.2128  1
 70:   0.1982  0.2102  0.1982  0.1922  0.2012  1
 71:   0.2070  0.2020  0.2040  0.1780  0.2090  1
 72:   0.2030  0.2090  0.2130  0.1710  0.2040  1
 73:   0.2130  0.1990  0.2010  0.1850  0.2020  1
 74:   0.1748  0.1838  0.1898  0.2697  0.1818  1
 75:   0.2028  0.2058  0.2018  0.1778  0.2118  1
 76:   0.1988  0.2108  0.2018  0.1778  0.2108  1
 77:   0.2110  0.2080  0.2020  0.1750  0.2040  1
 78:   0.1980  0.2070  0.2040  0.1880  0.2030  1
 79:   0.2140  0.2060  0.2010  0.1760  0.2030  1
 80:   0.1982  0.2032  0.1952  0.2052  0.1982  1
 81:   0.1968  0.1938  0.2038  0.2088  0.1968  1
 82:   0.2088  0.2028  0.1998  0.1848  0.2038  1
 83:   0.2020  0.2020  0.2010  0.1920  0.2030  1
 84:   0.1982  0.1992  0.2012  0.2032  0.1982  1
 85:   0.1970  0.1980  0.1970  0.2140  0.1940  1
 86:   0.1860  0.1930  0.1910  0.2430  0.1870  1
 87:   0.1980  0.2070  0.2010  0.1860  0.2080  1
 88:   0.1950  0.1980  0.1950  0.2130  0.1990  1
 89:   0.1940  0.2070  0.1960  0.2020  0.2010  1
 90:   0.2120  0.2050  0.2040  0.1750  0.2040  1
 91:   0.2142  0.1992  0.2112  0.1742  0.2012  1
 92:   0.1898  0.1988  0.1888  0.2258  0.1968  1
 93:   0.2052  0.2042  0.2002  0.1802  0.2102  1
 94:   0.2000  0.2050  0.1940  0.2010  0.2000  1
 95:   0.2062  0.2052  0.2032  0.1832  0.2022  1
 96:   0.1958  0.1968  0.1988  0.2098  0.1988  1
 97:   0.1960  0.2020  0.1940  0.2080  0.2000  1
 98:   0.2140  0.2080  0.2060  0.1640  0.2080  1
 99:   0.2102  0.2102  0.2082  0.1662  0.2052  1
100:   0.2060  0.2030  0.2050  0.1820  0.2040  1
101:   0.1860  0.1930  0.1980  0.2320  0.1910  1
102:   0.2080  0.1980  0.2050  0.1930  0.1960  1
103:   0.1860  0.1910  0.2010  0.2320  0.1900  1
104:   0.1948  0.1898  0.2038  0.2178  0.1938  1
105:   0.1960  0.2030  0.2010  0.2010  0.1990  1
106:   0.1840  0.1900  0.2030  0.2310  0.1920  1
107:   0.2090  0.2010  0.2020  0.1850  0.2030  1
108:   0.1938  0.2058  0.2048  0.1908  0.2048  1
109:   0.2000  0.2050  0.1990  0.1900  0.2060  1
110:   0.1988  0.1948  0.2028  0.2048  0.1988  1
111:   0.1990  0.1960  0.1980  0.2120  0.1950  1
112:   0.2070  0.2060  0.2100  0.1690  0.2080  1
113:   0.1922  0.2002  0.1882  0.2282  0.1912  1
114:   0.2010  0.2100  0.2000  0.1830  0.2060  1
115:   0.1898  0.2058  0.1968  0.2068  0.2008  1
116:   0.1980  0.2070  0.2000  0.1900  0.2050  1
117:   0.2090  0.2050  0.2010  0.1800  0.2050  1
118:   0.2060  0.2010  0.2030  0.1810  0.2090  1
119:   0.2132  0.2042  0.1992  0.1772  0.2062  1
120:   0.1850  0.1870  0.2020  0.2380  0.1880  1
121:   0.2040  0.2030  0.2070  0.1790  0.2070  1
122:   0.2020  0.2080  0.1950  0.1870  0.2080  1
123:   0.1970  0.2100  0.1990  0.1880  0.2060  1
124:   0.2100  0.2050  0.2000  0.1790  0.2060  1
125:   0.1892  0.1872  0.2022  0.2242  0.1972  1
126:   0.2000  0.2070  0.2040  0.1760  0.2130  1
127:   0.2100  0.2000  0.2090  0.1740  0.2070  1
128:   0.2128  0.2108  0.2008  0.1658  0.2098  1
129:   0.1960  0.2020  0.2050  0.1940  0.2030  1
130:   0.2050  0.2030  0.2040  0.1850  0.2030  1
131:   0.1990  0.2040  0.1970  0.1910  0.2090  1
132:   0.2150  0.2020  0.2030  0.1670  0.2130  1
133:   0.1930  0.1990  0.1980  0.2130  0.1970  1
134:   0.2000  0.2070  0.2040  0.1830  0.2060  1
135:   0.1888  0.1938  0.1988  0.2258  0.1928  1
136:   0.1972  0.2042  0.2082  0.1812  0.2092  1
137:   0.1892  0.2022  0.1902  0.2282  0.1902  1
138:   0.1980  0.2020  0.2030  0.1920  0.2050  1
139:   0.2090  0.2020  0.2030  0.1850  0.2010  1
140:   0.2152  0.2042  0.2032  0.1712  0.2062  1
141:   0.1928  0.2148  0.2068  0.1788  0.2068  1
142:   0.2082  0.2102  0.2022  0.1702  0.2092  1
143:   0.2142  0.2002  0.2042  0.1762  0.2052  1
144:   0.2030  0.2040  0.2000  0.1880  0.2050  1
145:   0.1930  0.2000  0.1990  0.2060  0.2020  1
146:   0.2230  0.1980  0.2060  0.1690  0.2040  1
147:   0.1980  0.1980  0.2000  0.1980  0.2060  1
148:   0.2050  0.2030  0.2040  0.1820  0.2060  1
149:   0.2092  0.2062  0.2072  0.1672  0.2102  1
150:   0.2080  0.2000  0.2050  0.1850  0.2020  1
151:   0.2160  0.2030  0.2010  0.1780  0.2020  1
152:   0.2102  0.2002  0.2062  0.1712  0.2122  1
153:   0.2032  0.2032  0.2022  0.1872  0.2042  1
154:   0.1982  0.2042  0.1972  0.2012  0.1992  1
155:   0.2052  0.2042  0.1942  0.1942  0.2022  1
156:   0.1820  0.1910  0.1910  0.2510  0.1850  1
157:   0.1872  0.1942  0.1892  0.2422  0.1872  1
158:   0.2072  0.2122  0.2032  0.1682  0.2092  1
159:   0.2118  0.2098  0.2088  0.1638  0.2058  1
160:   0.2000  0.2010  0.2140  0.1790  0.2060  1
161:   0.2070  0.2040  0.2060  0.1770  0.2060  1
162:   0.2052  0.2042  0.1962  0.1842  0.2102  1
163:   0.2020  0.1950  0.2010  0.2050  0.1970  1
164:   0.2020  0.2060  0.2010  0.1830  0.2080  1
165:   0.1890  0.1990  0.1930  0.2250  0.1940  1
166:   0.1998  0.2128  0.2028  0.1778  0.2068  1
167:   0.1850  0.1920  0.1940  0.2420  0.1870  1
168:   0.2118  0.2078  0.2028  0.1668  0.2108  1
169:   0.2000  0.2040  0.2040  0.1860  0.2060  1
170:   0.2040  0.2060  0.2060  0.1800  0.2040  1
171:   0.2258  0.1958  0.2088  0.1618  0.2078  1
172:   0.2070  0.2030  0.2000  0.1890  0.2010  1
173:   0.2040  0.2080  0.2080  0.1730  0.2070  1
174:   0.2080  0.2040  0.2030  0.1750  0.2100  1
175:   0.2082  0.2092  0.2012  0.1752  0.2062  1
176:   0.2060  0.2060  0.2000  0.1860  0.2020  1
177:   0.2090  0.2000  0.1990  0.1880  0.2040  1
178:   0.1880  0.2010  0.1960  0.2190  0.1960  1
179:   0.2310  0.1940  0.2070  0.1610  0.2070  1
180:   0.2078  0.1998  0.2038  0.1848  0.2038  1
181:   0.1988  0.1998  0.1978  0.2028  0.2008  1
182:   0.2130  0.2010  0.2040  0.1830  0.1990  1
183:   0.2040  0.2010  0.1980  0.1980  0.1990  1
184:   0.2130  0.2000  0.2050  0.1740  0.2080  1
185:   0.1972  0.2072  0.1982  0.1902  0.2072  1
186:   0.2020  0.1980  0.2020  0.1960  0.2020  1
187:   0.1870  0.1980  0.2070  0.2130  0.1950  1
188:   0.2122  0.2022  0.2032  0.1762  0.2062  1
189:   0.1750  0.1960  0.1790  0.2670  0.1830  1
190:   0.2010  0.2020  0.2000  0.1950  0.2020  1
191:   0.2084  0.1974  0.2024  0.1884  0.2034  1
192:   0.2030  0.2030  0.2030  0.1880  0.2030  1
193:   0.2100  0.2030  0.1990  0.1830  0.2050  1
194:   0.2020  0.2070  0.2030  0.1800  0.2080  1
195:   0.2028  0.2068  0.2098  0.1718  0.2088  1
196:   0.2150  0.2090  0.1990  0.1720  0.2050  1
197:   0.2010  0.1980  0.2000  0.1990  0.2020  1
198:   0.2130  0.2050  0.2040  0.1710  0.2070  1
199:   0.2028  0.1988  0.2078  0.1868  0.2038  1
200:   0.2130  0.2070  0.1980  0.1810  0.2010  1
201:   0.2060  0.2010  0.1990  0.1930  0.2010  1
202:   0.1982  0.1962  0.2032  0.2062  0.1962  1
203:   0.2278  0.2018  0.2028  0.1638  0.2038  1
204:   0.2032  0.2052  0.2082  0.1692  0.2142  1
205:   0.1540  0.1560  0.1800  0.3570  0.1530  1
206:   0.2170  0.2020  0.2080  0.1620  0.2110  1
207:   0.1980  0.2110  0.2090  0.1750  0.2070  1
208:   0.1528  0.1568  0.1818  0.3556  0.1528  1
209:   0.2000  0.2070  0.2080  0.1800  0.2050  1
210:   0.2068  0.1968  0.2078  0.1878  0.2008  1
211:   0.2100  0.2020  0.2120  0.1680  0.2080  1
212:   0.2088  0.2068  0.2088  0.1708  0.2048  1
213:   0.2000  0.2050  0.2020  0.1840  0.2090  1
214:   0.2042  0.1972  0.2032  0.1982  0.1972  1
215:   0.2110  0.2060  0.1970  0.1790  0.2070  1
216:   0.1920  0.1990  0.1950  0.2180  0.1960  1
217:   0.1790  0.1850  0.1930  0.2590  0.1840  1
218:   0.1862  0.2002  0.1872  0.2342  0.1922  1
219:   0.1970  0.2050  0.1990  0.1940  0.2050  1
220:   0.2052  0.1992  0.2012  0.1962  0.1982  1
221:   0.1920  0.1980  0.2010  0.2110  0.1980  1
222:   0.2010  0.2090  0.2030  0.1780  0.2090  1
223:   0.1998  0.1978  0.1988  0.2028  0.2008  1
224:   0.1930  0.2080  0.1930  0.2020  0.2040  1
225:   0.1800  0.1980  0.1820  0.2550  0.1850  1
226:   0.1932  0.2022  0.1972  0.2102  0.1972  1
227:   0.2100  0.2070  0.2030  0.1770  0.2030  1
228:   0.1920  0.1970  0.2000  0.2150  0.1960  1
229:   0.1872  0.2012  0.1872  0.2322  0.1922  1
230:   0.1902  0.1952  0.1952  0.2232  0.1962  1
231:   0.2000  0.2050  0.1990  0.1990  0.1970  1
232:   0.1800  0.1830  0.1870  0.2670  0.1830  1
233:   0.2040  0.2090  0.2020  0.1770  0.2080  1
234:   0.2020  0.2070  0.2020  0.1840  0.2050  1
235:   0.2072  0.1972  0.2072  0.1892  0.1992  1
236:   0.2110  0.2010  0.2070  0.1790  0.2020  1
237:   0.2220  0.2020  0.2040  0.1620  0.2100  1
238:   0.1992  0.1992  0.1992  0.1992  0.2032  1
239:   0.2062  0.1982  0.1982  0.1912  0.2062  1
240:   0.2040  0.1980  0.1960  0.2010  0.2010  1
241:   0.1770  0.1860  0.1830  0.2690  0.1850  1
242:   0.1730  0.1720  0.1820  0.3000  0.1730  1
243:   0.1808  0.1858  0.1968  0.2498  0.1868  1
244:   0.2122  0.2032  0.2072  0.1682  0.2092  1
245:   0.2020  0.2040  0.1970  0.1910  0.2060  1
246:   0.1880  0.1940  0.1910  0.2370  0.1900  1

  1:   0.2418  0.1828  0.2058  0.1688  0.2008  1
  2:   0.2200  0.2000  0.2040  0.1690  0.2070  1
  3:   0.1990  0.2080  0.1960  0.1810  0.2160  1
  4:   0.1770  0.1950  0.1960  0.2080  0.2240  1
  5:   0.1850  0.1820  0.1820  0.1910  0.2600  1
  6:   0.3010  0.1720  0.1990  0.1580  0.1700  1
  7:   0.1988  0.1998  0.2148  0.2118  0.1748  1
  8:   0.1788  0.1878  0.1818  0.1848  0.2667  1
  9:   0.1992  0.1972  0.2022  0.2082  0.1932  1
 10:   0.1970  0.1940  0.1970  0.1790  0.2330  1
 11:   0.2090  0.1990  0.2060  0.1780  0.2080  1
 12:   0.2687  0.1778  0.1988  0.1588  0.1958  1
 13:   0.1892  0.1922  0.1912  0.1862  0.2412  1
 14:   0.1800  0.2220  0.1920  0.2190  0.1870  1
 15:   0.1750  0.2130  0.1900  0.1960  0.2260  1
 16:   0.1790  0.2050  0.1890  0.2030  0.2240  1
 17:   0.2080  0.1850  0.1910  0.1880  0.2280  1
 18:   0.1770  0.1970  0.2150  0.2050  0.2060  1
 19:   0.2070  0.1950  0.2180  0.1850  0.1950  1
 20:   0.2170  0.2030  0.1980  0.1780  0.2040  1
 21:   0.1778  0.1938  0.2038  0.2448  0.1798  1
 22:   0.2030  0.2070  0.2060  0.1820  0.2020  1
 23:   0.2338  0.1918  0.1968  0.1728  0.2048  1
 24:   0.1500  0.1980  0.2200  0.3080  0.1240  1
 25:   0.2050  0.1930  0.2090  0.2130  0.1800  1
 26:   0.2478  0.1798  0.2048  0.1848  0.1828  1
 27:   0.2523  0.1802  0.2162  0.1672  0.1842  1
 28:   0.2112  0.2162  0.2012  0.1932  0.1782  1
 29:   0.2340  0.1890  0.2030  0.1860  0.1880  1
 30:   0.1940  0.2310  0.1970  0.1980  0.1800  1
 31:   0.1738  0.1928  0.2108  0.1948  0.2278  1
 32:   0.2122  0.2172  0.1992  0.1792  0.1922  1
 33:   0.1860  0.2050  0.2010  0.1950  0.2130  1
 34:   0.1920  0.1990  0.1950  0.1880  0.2260  1
 35:   0.1988  0.2188  0.1968  0.1778  0.2078  1
 36:   0.2840  0.1740  0.2130  0.1700  0.1590  1
 37:   0.1982  0.1912  0.1802  0.1702  0.2603  1
 38:   0.2330  0.1890  0.1970  0.1690  0.2120  1
 39:   0.1530  0.2150  0.2060  0.2780  0.1480  1
 40:   0.2342  0.1972  0.1992  0.1662  0.2032  1
 41:   0.2130  0.2090  0.1930  0.1830  0.2020  1
 42:   0.1700  0.2110  0.2040  0.1970  0.2180  1
 43:   0.1880  0.2000  0.1870  0.2130  0.2120  1
 44:   0.2158  0.1978  0.1948  0.1848  0.2068  1
 45:   0.1812  0.2282  0.1962  0.2222  0.1722  1
 46:   0.2048  0.2038  0.1948  0.1838  0.2128  1
 47:   0.1890  0.2070  0.2060  0.2080  0.1900  1
 48:   0.2570  0.1740  0.2130  0.1760  0.1800  1
 49:   0.2250  0.2000  0.2030  0.1740  0.1980  1
 50:   0.2002  0.1952  0.2062  0.1822  0.2162  1
 51:   0.1489  0.2088  0.2188  0.2767  0.1469  1
 52:   0.1652  0.2092  0.2052  0.2452  0.1752  1
 53:   0.2082  0.1982  0.1982  0.2012  0.1942  1
 54:   0.1770  0.2060  0.1880  0.2010  0.2280  1
 55:   0.2420  0.1940  0.2100  0.1710  0.1830  1
 56:   0.1790  0.2000  0.2010  0.2150  0.2050  1
 57:   0.1690  0.2280  0.1990  0.2280  0.1760  1
 58:   0.1249  0.2098  0.2268  0.3217  0.1169  1
 59:   0.2440  0.1880  0.1870  0.1690  0.2120  1
 60:   0.2210  0.1990  0.2200  0.1650  0.1950  1
 61:   0.1980  0.2010  0.1910  0.1880  0.2220  1
 62:   0.1618  0.2028  0.2128  0.2527  0.1698  1
 63:   0.1662  0.2142  0.2112  0.2713  0.1371  1
 64:   0.2228  0.1958  0.1948  0.1838  0.2028  1
 65:   0.1940  0.1900  0.2010  0.2040  0.2110  1
 66:   0.1960  0.2000  0.2030  0.2230  0.1780  1
 67:   0.1720  0.2010  0.1970  0.2080  0.2220  1
 68:   0.2070  0.2170  0.2040  0.1690  0.2030  1
 69:   0.2540  0.1970  0.1910  0.1570  0.2010  1
 70:   0.1952  0.2072  0.2042  0.1872  0.2062  1
 71:   0.2188  0.1958  0.1898  0.1868  0.2088  1
 72:   0.1990  0.1940  0.1820  0.1710  0.2540  1
 73:   0.2212  0.1932  0.2022  0.1902  0.1932  1
 74:   0.1440  0.2230  0.2090  0.2560  0.1680  1
 75:   0.2058  0.1918  0.1918  0.1778  0.2328  1
 76:   0.1928  0.2028  0.1988  0.1808  0.2248  1
 77:   0.2637  0.1908  0.2048  0.1598  0.1808  1
 78:   0.1660  0.1950  0.1910  0.1880  0.2600  1
 79:   0.2170  0.2020  0.2010  0.1820  0.1980  1
 80:   0.1950  0.2110  0.2030  0.1850  0.2060  1
 81:   0.1950  0.2010  0.1910  0.2120  0.2010  1
 82:   0.2460  0.1910  0.1990  0.1760  0.1880  1
 83:   0.1760  0.1960  0.1920  0.2120  0.2240  1
 84:   0.1898  0.2038  0.2078  0.2058  0.1928  1
 85:   0.1970  0.2110  0.2020  0.2060  0.1840  1
 86:   0.1930  0.2120  0.2030  0.2140  0.1780  1
 87:   0.1840  0.2030  0.1950  0.1920  0.2260  1
 88:   0.1900  0.2040  0.1970  0.2030  0.2060  1
 89:   0.2080  0.2120  0.1940  0.1870  0.1990  1
 90:   0.2228  0.1928  0.2088  0.1768  0.1988  1
 91:   0.2400  0.1800  0.2140  0.1850  0.1810  1
 92:   0.1860  0.2150  0.2090  0.2030  0.1870  1
 93:   0.2012  0.1972  0.1912  0.1842  0.2262  1
 94:   0.2140  0.2180  0.2010  0.1750  0.1920  1
 95:   0.2050  0.1980  0.2000  0.1870  0.2100  1
 96:   0.1982  0.1942  0.2082  0.2022  0.1972  1
 97:   0.2160  0.1980  0.2020  0.1920  0.1920  1
 98:   0.2202  0.2002  0.1922  0.1632  0.2242  1
 99:   0.2022  0.1982  0.2072  0.1692  0.2232  1
100:   0.1968  0.1888  0.1928  0.1888  0.2328  1
101:   0.1590  0.1970  0.2230  0.2430  0.1780  1
102:   0.2202  0.1912  0.2032  0.1952  0.1902  1
103:   0.1598  0.1958  0.2018  0.2517  0.1908  1
104:   0.1832  0.1902  0.2152  0.2152  0.1962  1
105:   0.1870  0.1970  0.2240  0.2050  0.1870  1
106:   0.1390  0.1880  0.2090  0.2440  0.2200  1
107:   0.2330  0.1960  0.1960  0.1840  0.1910  1
108:   0.1968  0.1918  0.2008  0.1958  0.2148  1
109:   0.2048  0.2008  0.1938  0.1918  0.2088  1
110:   0.1756  0.1876  0.2006  0.2255  0.2106  1
111:   0.1942  0.2062  0.1942  0.2042  0.2012  1
112:   0.1790  0.1950  0.2000  0.1920  0.2340  1
113:   0.1958  0.2118  0.2118  0.1948  0.1858  1
114:   0.2270  0.1980  0.2030  0.1730  0.1990  1
115:   0.1940  0.2020  0.2030  0.2020  0.1990  1
116:   0.2082  0.2072  0.1992  0.1762  0.2092  1
117:   0.2350  0.1970  0.1910  0.1760  0.2010  1
118:   0.2172  0.2002  0.1962  0.1822  0.2042  1
119:   0.2090  0.1950  0.2090  0.1880  0.1990  1
120:   0.1690  0.2090  0.2100  0.2510  0.1610  1
121:   0.1940  0.1910  0.1900  0.1940  0.2310  1
122:   0.1962  0.2042  0.1972  0.1792  0.2232  1
123:   0.1940  0.1910  0.2040  0.2000  0.2110  1
124:   0.2180  0.2040  0.1970  0.1730  0.2080  1
125:   0.1690  0.2000  0.2090  0.2310  0.1910  1
126:   0.1950  0.2010  0.1820  0.1710  0.2510  1
127:   0.2430  0.1890  0.1930  0.1800  0.1950  1
128:   0.2040  0.1900  0.1970  0.1760  0.2330  1
129:   0.1530  0.2090  0.1890  0.2010  0.2480  1
130:   0.2182  0.1902  0.2012  0.1952  0.1952  1
131:   0.1850  0.2070  0.2000  0.1950  0.2130  1
132:   0.2140  0.2000  0.1940  0.1730  0.2190  1
133:   0.1738  0.2078  0.2078  0.2138  0.1968  1
134:   0.2028  0.1918  0.1958  0.1878  0.2218  1
135:   0.1638  0.2018  0.1988  0.2418  0.1938  1
136:   0.1770  0.1990  0.2000  0.1990  0.2250  1
137:   0.1812  0.2152  0.2022  0.1972  0.2042  1
138:   0.1802  0.2012  0.1912  0.1932  0.2342  1
139:   0.2230  0.1970  0.1980  0.1810  0.2010  1
140:   0.2410  0.1880  0.1950  0.1760  0.2000  1
141:   0.1540  0.1870  0.1810  0.1890  0.2890  1
142:   0.2178  0.1928  0.2018  0.1728  0.2148  1
143:   0.2640  0.1760  0.2040  0.1710  0.1850  1
144:   0.2180  0.2000  0.1940  0.1850  0.2030  1
145:   0.1680  0.1990  0.1960  0.2010  0.2360  1
146:   0.2520  0.1910  0.1890  0.1720  0.1960  1
147:   0.1882  0.1992  0.1932  0.2112  0.2082  1
148:   0.1830  0.2010  0.1970  0.1950  0.2240  1
149:   0.2000  0.1980  0.1800  0.1800  0.2420  1
150:   0.2503  0.1792  0.2002  0.1842  0.1862  1
151:   0.2440  0.1850  0.2110  0.1740  0.1860  1
152:   0.1940  0.1890  0.2000  0.1940  0.2230  1
153:   0.2042  0.2102  0.1942  0.1812  0.2102  1
154:   0.1870  0.2160  0.1910  0.1890  0.2170  1
155:   0.2058  0.1988  0.2028  0.1908  0.2018  1
156:   0.1760  0.2090  0.2040  0.2380  0.1730  1
157:   0.2060  0.1900  0.2090  0.2270  0.1680  1
158:   0.2062  0.1942  0.2012  0.1762  0.2222  1
159:   0.1938  0.1908  0.1998  0.1838  0.2318  1
160:   0.1760  0.1890  0.1920  0.2070  0.2360  1
161:   0.2028  0.1918  0.1898  0.1928  0.2228  1
162:   0.2072  0.1952  0.1992  0.1852  0.2132  1
163:   0.1840  0.2040  0.1970  0.2230  0.1920  1
164:   0.1980  0.2050  0.1870  0.1860  0.2240  1
165:   0.1680  0.2060  0.1890  0.2130  0.2240  1
166:   0.1988  0.1958  0.1848  0.1868  0.2338  1
167:   0.1690  0.2210  0.1980  0.2340  0.1780  1
168:   0.2060  0.1980  0.1940  0.1700  0.2320  1
169:   0.1820  0.2020  0.1910  0.1970  0.2280  1
170:   0.1910  0.1900  0.1970  0.1990  0.2230  1
171:   0.3307  0.1718  0.1878  0.1469  0.1628  1
172:   0.2188  0.1948  0.2028  0.1918  0.1918  1
173:   0.1878  0.1798  0.1858  0.1908  0.2557  1
174:   0.2190  0.2050  0.1950  0.1770  0.2040  1
175:   0.2012  0.2042  0.1952  0.1782  0.2212  1
176:   0.1898  0.2098  0.2058  0.1898  0.2048  1
177:   0.1988  0.2068  0.1948  0.2058  0.1938  1
178:   0.1672  0.2062  0.1982  0.2152  0.2132  1
179:   0.3320  0.1760  0.1830  0.1490  0.1600  1
180:   0.2320  0.1910  0.1990  0.1840  0.1940  1
181:   0.1862  0.2052  0.1912  0.1862  0.2312  1
182:   0.2623  0.1872  0.1922  0.1732  0.1852  1
183:   0.2180  0.1860  0.2130  0.2020  0.1810  1
184:   0.2310  0.1860  0.2030  0.1800  0.2000  1
185:   0.1898  0.2038  0.1898  0.1888  0.2278  1
186:   0.1988  0.1948  0.1938  0.2128  0.1998  1
187:   0.1670  0.1960  0.2050  0.2270  0.2050  1
188:   0.2270  0.1950  0.1970  0.1870  0.1940  1
189:   0.1870  0.2280  0.2090  0.2080  0.1680  1
190:   0.1928  0.2048  0.1948  0.2018  0.2058  1
191:   0.2360  0.1830  0.2040  0.1810  0.1960  1
192:   0.2270  0.1960  0.1980  0.1920  0.1870  1
193:   0.2120  0.2030  0.2040  0.1740  0.2070  1
194:   0.1832  0.1982  0.1992  0.1892  0.2302  1
195:   0.1628  0.1958  0.1808  0.1818  0.2787  1
196:   0.2128  0.2018  0.1988  0.1768  0.2098  1
197:   0.2078  0.1948  0.1928  0.2008  0.2038  1
198:   0.2597  0.1858  0.2088  0.1638  0.1818  1
199:   0.2130  0.1910  0.1970  0.1980  0.2010  1
200:   0.2412  0.1972  0.2112  0.1702  0.1802  1
201:   0.2222  0.1882  0.2002  0.1942  0.1952  1
202:   0.2110  0.1870  0.2040  0.2020  0.1960  1
203:   0.2820  0.1770  0.2070  0.1530  0.1810  1
204:   0.1800  0.1950  0.1820  0.1840  0.2590  1
205:   0.0970  0.2090  0.2330  0.3650  0.0960  1
206:   0.2372  0.1832  0.1982  0.1612  0.2202  1
207:   0.1820  0.1970  0.1830  0.1840  0.2540  1
208:   0.0970  0.2070  0.2340  0.3630  0.0990  1
209:   0.2040  0.1950  0.1890  0.1830  0.2290  1
210:   0.2150  0.1880  0.1940  0.2030  0.2000  1
211:   0.1930  0.1860  0.1860  0.2000  0.2350  1
212:   0.1900  0.2110  0.1910  0.1920  0.2160  1
213:   0.2092  0.2032  0.1932  0.1732  0.2212  1
214:   0.1970  0.2090  0.1950  0.2180  0.1810  1
215:   0.2310  0.1910  0.2030  0.1750  0.2000  1
216:   0.1662  0.2152  0.2022  0.2282  0.1882  1
217:   0.1309  0.2158  0.2178  0.2817  0.1538  1
218:   0.2010  0.2280  0.2040  0.1900  0.1770  1
219:   0.1890  0.2000  0.1970  0.1880  0.2260  1
220:   0.1860  0.2050  0.1960  0.2130  0.2000  1
221:   0.1640  0.2130  0.1990  0.2250  0.1990  1
222:   0.2110  0.1950  0.1930  0.1830  0.2180  1
223:   0.1962  0.2022  0.2002  0.2062  0.1952  1
224:   0.1980  0.2150  0.2040  0.1810  0.2020  1
225:   0.1922  0.2342  0.2042  0.2022  0.1672  1
226:   0.1762  0.2182  0.1912  0.2042  0.2102  1
227:   0.2330  0.2010  0.1920  0.1790  0.1950  1
228:   0.1790  0.1870  0.2090  0.2300  0.1950  1
229:   0.2040  0.2210  0.2060  0.1940  0.1750  1
230:   0.1832  0.2162  0.2002  0.2192  0.1812  1
231:   0.1980  0.2060  0.1960  0.1910  0.2090  1
232:   0.1672  0.2132  0.2052  0.2603  0.1542  1
233:   0.1990  0.1910  0.1930  0.1860  0.2310  1
234:   0.1840  0.2010  0.1890  0.1860  0.2400  1
235:   0.2260  0.1930  0.2040  0.1900  0.1870  1
236:   0.2110  0.1930  0.2090  0.1850  0.2020  1
237:   0.2420  0.2020  0.2090  0.1600  0.1870  1
238:   0.2030  0.1980  0.1920  0.2010  0.2060  1
239:   0.2513  0.1902  0.1892  0.1802  0.1892  1
240:   0.1900  0.2020  0.2200  0.2040  0.1840  1
241:   0.1710  0.2150  0.1970  0.2340  0.1830  1
242:   0.1491  0.2012  0.2132  0.2863  0.1502  1
243:   0.1510  0.2030  0.2210  0.2670  0.1580  1
244:   0.2492  0.1882  0.1922  0.1722  0.1982  1
245:   0.2090  0.2050  0.2030  0.1910  0.1920  1
246:   0.1840  0.2050  0.2050  0.2080  0.1980  1

  1:   0.2210  0.1970  0.1960  0.1940  0.1920  1
  2:   0.1990  0.2110  0.1950  0.1740  0.2210  1
  3:   0.1970  0.2110  0.1870  0.1890  0.2160  1
  4:   0.1940  0.2170  0.1780  0.1800  0.2310  1
  5:   0.1818  0.2398  0.1688  0.1648  0.2448  1
  6:   0.2400  0.1760  0.2000  0.2100  0.1740  1
  7:   0.2108  0.1778  0.2188  0.2198  0.1728  1
  8:   0.1780  0.2490  0.1680  0.1570  0.2480  1
  9:   0.2020  0.1980  0.2020  0.1980  0.2000  1
 10:   0.1950  0.2270  0.1800  0.1680  0.2300  1
 11:   0.2000  0.1990  0.2110  0.1930  0.1970  1
 12:   0.2240  0.1930  0.2070  0.1870  0.1890  1
 13:   0.1930  0.2280  0.1790  0.1700  0.2300  1
 14:   0.1880  0.2000  0.2070  0.2120  0.1930  1
 15:   0.1812  0.2202  0.1852  0.1882  0.2252  1
 16:   0.1850  0.2150  0.1940  0.1950  0.2110  1
 17:   0.1918  0.2138  0.1848  0.1888  0.2208  1
 18:   0.1900  0.2160  0.1870  0.1850  0.2220  1
 19:   0.2068  0.1888  0.2148  0.2028  0.1868  1
 20:   0.2090  0.1950  0.1970  0.1970  0.2020  1
 21:   0.1930  0.1900  0.2020  0.2260  0.1890  1
 22:   0.2048  0.1898  0.2048  0.2048  0.1958  1
 23:   0.2128  0.2078  0.1938  0.1868  0.1988  1
 24:   0.2008  0.1489  0.2318  0.2717  0.1469  1
 25:   0.2132  0.1882  0.2072  0.2092  0.1822  1
 26:   0.2288  0.1758  0.2068  0.2088  0.1798  1
 27:   0.2280  0.1830  0.2010  0.2050  0.1830  1
 28:   0.2118  0.1738  0.2188  0.2218  0.1738  1
 29:   0.2082  0.2012  0.2002  0.1902  0.2002  1
 30:   0.1968  0.1848  0.2128  0.2218  0.1838  1
 31:   0.1850  0.2250  0.1760  0.1800  0.2340  1
 32:   0.2108  0.1908  0.2028  0.1998  0.1958  1
 33:   0.1908  0.1988  0.1968  0.1988  0.2148  1
 34:   0.1970  0.2010  0.1990  0.1950  0.2080  1
 35:   0.2000  0.2070  0.1960  0.1900  0.2070  1
 36:   0.2388  0.1638  0.2138  0.2158  0.1678  1
 37:   0.1830  0.2430  0.1680  0.1540  0.2520  1
 38:   0.2170  0.2130  0.1900  0.1760  0.2040  1
 39:   0.2008  0.1698  0.2168  0.2478  0.1648  1
 40:   0.2180  0.1970  0.2060  0.1810  0.1980  1
 41:   0.1968  0.1928  0.1968  0.2158  0.1978  1
 42:   0.1820  0.2140  0.1880  0.1970  0.2190  1
 43:   0.1992  0.2042  0.1952  0.1962  0.2052  1
 44:   0.2050  0.2090  0.1990  0.1820  0.2050  1
 45:   0.1948  0.1778  0.2178  0.2308  0.1788  1
 46:   0.2010  0.2050  0.2000  0.1960  0.1980  1
 47:   0.1990  0.1860  0.2150  0.2110  0.1890  1
 48:   0.2318  0.1798  0.2088  0.2018  0.1778  1
 49:   0.2048  0.1948  0.2048  0.1968  0.1988  1
 50:   0.1978  0.2118  0.1908  0.1868  0.2128  1
 51:   0.1918  0.1678  0.2158  0.2468  0.1778  1
 52:   0.1948  0.1868  0.2128  0.2188  0.1868  1
 53:   0.1988  0.2048  0.1948  0.2018  0.1998  1
 54:   0.1830  0.2180  0.1910  0.1900  0.2180  1
 55:   0.2182  0.2052  0.2042  0.1852  0.1872  1
 56:   0.1932  0.2032  0.1992  0.1982  0.2062  1
 57:   0.1840  0.1830  0.2090  0.2360  0.1880  1
 58:   0.1870  0.1480  0.2390  0.2780  0.1480  1
 59:   0.2040  0.2070  0.1940  0.1910  0.2040  1
 60:   0.1992  0.2022  0.2072  0.1942  0.1972  1
 61:   0.1890  0.2250  0.1920  0.1750  0.2190  1
 62:   0.1948  0.1758  0.2198  0.2368  0.1728  1
 63:   0.2062  0.1572  0.2222  0.2573  0.1572  1
 64:   0.2060  0.2030  0.1930  0.1980  0.2000  1
 65:   0.1962  0.2062  0.1942  0.1942  0.2092  1
 66:   0.2002  0.1872  0.2062  0.2192  0.1872  1
 67:   0.1860  0.2090  0.1970  0.1890  0.2190  1
 68:   0.2058  0.1988  0.1948  0.1928  0.2078  1
 69:   0.2150  0.2030  0.1990  0.1820  0.2010  1
 70:   0.1990  0.2070  0.1960  0.1940  0.2040  1
 71:   0.1950  0.2150  0.1950  0.1830  0.2120  1
 72:   0.1910  0.2330  0.1720  0.1660  0.2380  1
 73:   0.2062  0.2012  0.1982  0.1932  0.2012  1
 74:   0.1928  0.1778  0.2178  0.2288  0.1828  1
 75:   0.2010  0.2200  0.1760  0.1760  0.2270  1
 76:   0.1870  0.2080  0.1930  0.1920  0.2200  1
 77:   0.2290  0.1860  0.2030  0.2010  0.1810  1
 78:   0.1802  0.2342  0.1802  0.1702  0.2352  1
 79:   0.2060  0.2090  0.2010  0.1800  0.2040  1
 80:   0.2002  0.1912  0.2052  0.1982  0.2052  1
 81:   0.2030  0.1970  0.1970  0.1940  0.2090  1
 82:   0.2140  0.1880  0.2030  0.2040  0.1910  1
 83:   0.1878  0.2048  0.1938  0.1988  0.2148  1
 84:   0.1980  0.1990  0.2030  0.2040  0.1960  1
 85:   0.2000  0.1870  0.2110  0.2170  0.1850  1
 86:   0.2018  0.1778  0.2198  0.2228  0.1778  1
 87:   0.1872  0.2102  0.1902  0.1922  0.2202  1
 88:   0.1920  0.2140  0.1930  0.1980  0.2030  1
 89:   0.2042  0.1972  0.1972  0.2032  0.1982  1
 90:   0.2042  0.2072  0.1982  0.1902  0.2002  1
 91:   0.2288  0.1918  0.1998  0.1918  0.1878  1
 92:   0.1970  0.1880  0.2100  0.2120  0.1930  1
 93:   0.1970  0.2080  0.2050  0.1820  0.2080  1
 94:   0.2150  0.1850  0.2110  0.2060  0.1830  1
 95:   0.2010  0.2020  0.2110  0.1890  0.1970  1
 96:   0.2068  0.1948  0.2008  0.1988  0.1988  1
 97:   0.2190  0.1780  0.2140  0.2050  0.1840  1
 98:   0.2070  0.2080  0.1890  0.1800  0.2160  1
 99:   0.1940  0.2210  0.1920  0.1760  0.2170  1
100:   0.1870  0.2390  0.1730  0.1680  0.2330  1
101:   0.1918  0.1858  0.2098  0.2268  0.1858  1
102:   0.2140  0.1980  0.2040  0.1920  0.1920  1
103:   0.1938  0.1848  0.2038  0.2228  0.1948  1
104:   0.1962  0.1952  0.1972  0.2102  0.2012  1
105:   0.2042  0.1962  0.2052  0.2012  0.1932  1
106:   0.1738  0.2068  0.1968  0.2128  0.2098  1
107:   0.2152  0.1922  0.2062  0.1952  0.1912  1
108:   0.1930  0.2060  0.1900  0.1970  0.2140  1
109:   0.1930  0.2090  0.1850  0.2020  0.2110  1
110:   0.1900  0.2060  0.1940  0.2010  0.2090  1
111:   0.1988  0.1988  0.1988  0.1968  0.2068  1
112:   0.1890  0.2270  0.1740  0.1710  0.2390  1
113:   0.2090  0.1810  0.2120  0.2130  0.1850  1
114:   0.2080  0.1940  0.2010  0.1970  0.2000  1
115:   0.2030  0.1910  0.2070  0.2070  0.1920  1
116:   0.1970  0.2070  0.1900  0.2010  0.2050  1
117:   0.2080  0.1980  0.2020  0.1970  0.1950  1
118:   0.2090  0.2070  0.1900  0.1890  0.2050  1
119:   0.2040  0.1970  0.2080  0.1950  0.1960  1
120:   0.1970  0.1810  0.2100  0.2290  0.1830  1
121:   0.1950  0.2260  0.1800  0.1840  0.2150  1
122:   0.1968  0.2088  0.1928  0.1868  0.2148  1
123:   0.1940  0.2060  0.1990  0.1890  0.2120  1
124:   0.2040  0.2100  0.1900  0.1900  0.2060  1
125:   0.1860  0.1980  0.2010  0.2170  0.1980  1
126:   0.1830  0.2340  0.1710  0.1770  0.2350  1
127:   0.2060  0.2040  0.1890  0.2010  0.2000  1
128:   0.1960  0.2180  0.1890  0.1730  0.2240  1
129:   0.1712  0.2342  0.1732  0.1792  0.2422  1
130:   0.2060  0.1950  0.2090  0.1950  0.1950  1
131:   0.1910  0.2060  0.1960  0.1940  0.2130  1
132:   0.1988  0.2198  0.1978  0.1718  0.2118  1
133:   0.2008  0.1958  0.2018  0.2118  0.1898  1
134:   0.1920  0.2240  0.1800  0.1830  0.2210  1
135:   0.1890  0.2040  0.1980  0.2060  0.2030  1
136:   0.1910  0.2260  0.1810  0.1760  0.2260  1
137:   0.1930  0.1940  0.2060  0.2130  0.1940  1
138:   0.1802  0.2222  0.1822  0.1912  0.2242  1
139:   0.2072  0.2142  0.1942  0.1882  0.1962  1
140:   0.2200  0.1980  0.1940  0.1890  0.1990  1
141:   0.1760  0.2450  0.1630  0.1580  0.2580  1
142:   0.2070  0.2080  0.1900  0.1790  0.2160  1
143:   0.2180  0.1930  0.2030  0.1930  0.1930  1
144:   0.2000  0.2080  0.1940  0.2000  0.1980  1
145:   0.1780  0.2220  0.1840  0.1880  0.2280  1
146:   0.2120  0.2090  0.1940  0.1860  0.1990  1
147:   0.1960  0.2040  0.1960  0.1990  0.2050  1
148:   0.1778  0.2118  0.2008  0.1928  0.2168  1
149:   0.1850  0.2290  0.1800  0.1730  0.2330  1
150:   0.2258  0.1928  0.2018  0.1968  0.1828  1
151:   0.2288  0.1858  0.2028  0.1968  0.1858  1
152:   0.1930  0.2170  0.1950  0.1750  0.2200  1
153:   0.2020  0.2020  0.2010  0.1930  0.2020  1
154:   0.1920  0.2110  0.1960  0.1880  0.2130  1
155:   0.2080  0.1920  0.1980  0.2030  0.1990  1
156:   0.1908  0.1858  0.2148  0.2238  0.1848  1
157:   0.2112  0.1772  0.2172  0.2182  0.1762  1
158:   0.1970  0.2110  0.1930  0.1770  0.2220  1
159:   0.1850  0.2430  0.1780  0.1650  0.2290  1
160:   0.1840  0.2280  0.1770  0.1820  0.2290  1
161:   0.1902  0.2162  0.1932  0.1802  0.2202  1
162:   0.2050  0.2100  0.1930  0.1880  0.2040  1
163:   0.1940  0.1980  0.1950  0.2110  0.2020  1
164:   0.1910  0.2180  0.1880  0.1860  0.2170  1
165:   0.1902  0.2052  0.1962  0.1982  0.2102  1
166:   0.1890  0.2340  0.1760  0.1740  0.2270  1
167:   0.1910  0.1790  0.2210  0.2310  0.1780  1
168:   0.2000  0.2170  0.1900  0.1710  0.2220  1
169:   0.1882  0.2212  0.1832  0.1852  0.2222  1
170:   0.1920  0.2200  0.1870  0.1850  0.2160  1
171:   0.2470  0.1940  0.1860  0.1980  0.1750  1
172:   0.2078  0.1938  0.2118  0.1918  0.1948  1
173:   0.1830  0.2290  0.1770  0.1720  0.2390  1
174:   0.2082  0.2052  0.1932  0.1892  0.2042  1
175:   0.1940  0.2130  0.1930  0.1860  0.2140  1
176:   0.1970  0.2110  0.1960  0.1880  0.2080  1
177:   0.1990  0.1920  0.2120  0.2040  0.1930  1
178:   0.1872  0.2052  0.2012  0.2042  0.2022  1
179:   0.2450  0.2000  0.1840  0.1950  0.1760  1
180:   0.2130  0.2050  0.1990  0.1900  0.1930  1
181:   0.1892  0.2222  0.1832  0.1852  0.2202  1
182:   0.2190  0.1960  0.1940  0.2070  0.1840  1
183:   0.2180  0.1890  0.1980  0.2070  0.1880  1
184:   0.2160  0.2050  0.1930  0.1910  0.1950  1
185:   0.1870  0.2250  0.1890  0.1760  0.2230  1
186:   0.1960  0.2060  0.1970  0.2040  0.1970  1
187:   0.1818  0.2038  0.1958  0.2168  0.2018  1
188:   0.2030  0.2170  0.1840  0.1810  0.2150  1
189:   0.2052  0.1612  0.2342  0.2372  0.1622  1
190:   0.1968  0.2078  0.1908  0.2048  0.1998  1
191:   0.2068  0.1978  0.1918  0.1978  0.2058  1
192:   0.2110  0.1890  0.2060  0.2050  0.1890  1
193:   0.2070  0.2010  0.2100  0.1850  0.1970  1
194:   0.1922  0.2082  0.1952  0.1942  0.2102  1
195:   0.1718  0.2478  0.1658  0.1598  0.2547  1
196:   0.1928  0.2048  0.2058  0.1898  0.2068  1
197:   0.2000  0.2020  0.1960  0.1990  0.2030  1
198:   0.2295  0.1814  0.2134  0.1934  0.1824  1
199:   0.1972  0.2042  0.1942  0.2002  0.2042  1
200:   0.2142  0.1822  0.2102  0.2082  0.1852  1
201:   0.2108  0.1968  0.2048  0.1918  0.1958  1
202:   0.2040  0.1970  0.1990  0.2020  0.1980  1
203:   0.2280  0.1960  0.1920  0.1960  0.1880  1
204:   0.1882  0.2392  0.1652  0.1652  0.2422  1
205:   0.1870  0.1260  0.2570  0.3060  0.1240  1
206:   0.2092  0.2132  0.1842  0.1812  0.2122  1
207:   0.1790  0.2390  0.1740  0.1710  0.2370  1
208:   0.1884  0.1253  0.2555  0.3066  0.1242  1
209:   0.1942  0.2192  0.1822  0.1862  0.2182  1
210:   0.2072  0.1952  0.1972  0.2052  0.1952  1
211:   0.1810  0.2350  0.1770  0.1690  0.2380  1
212:   0.1950  0.2130  0.1950  0.1840  0.2130  1
213:   0.1982  0.2052  0.1972  0.1932  0.2062  1
214:   0.1940  0.1940  0.2160  0.2100  0.1860  1
215:   0.2082  0.2012  0.2032  0.1922  0.1952  1
216:   0.1890  0.1880  0.2110  0.2250  0.1870  1
217:   0.1878  0.1638  0.2318  0.2527  0.1638  1
218:   0.2060  0.1750  0.2210  0.2230  0.1750  1
219:   0.1928  0.2218  0.1818  0.1798  0.2238  1
220:   0.1962  0.2052  0.1992  0.2012  0.1982  1
221:   0.1820  0.2040  0.2010  0.2070  0.2060  1
222:   0.1992  0.2202  0.1862  0.1802  0.2142  1
223:   0.1980  0.1980  0.2010  0.2050  0.1980  1
224:   0.1920  0.2010  0.2070  0.2020  0.1980  1
225:   0.2060  0.1670  0.2300  0.2330  0.1640  1
226:   0.1868  0.2038  0.1978  0.2058  0.2058  1
227:   0.2108  0.1958  0.2078  0.1948  0.1908  1
228:   0.1990  0.2070  0.1980  0.1920  0.2040  1
229:   0.2032  0.1722  0.2212  0.2302  0.1732  1
230:   0.1910  0.1830  0.2180  0.2200  0.1880  1
231:   0.1932  0.1952  0.2092  0.2112  0.1912  1
232:   0.1962  0.1682  0.2262  0.2392  0.1702  1
233:   0.1872  0.2152  0.1842  0.1952  0.2182  1
234:   0.1840  0.2150  0.1820  0.1890  0.2300  1
235:   0.2142  0.1872  0.2032  0.2052  0.1902  1
236:   0.2110  0.2040  0.2030  0.1890  0.1930  1
237:   0.2120  0.2010  0.2140  0.1790  0.1940  1
238:   0.1958  0.2118  0.1908  0.1928  0.2088  1
239:   0.2270  0.1930  0.1980  0.1970  0.1850  1
240:   0.2008  0.1918  0.2148  0.2078  0.1848  1
241:   0.1930  0.1810  0.2150  0.2220  0.1890  1
242:   0.1968  0.1618  0.2308  0.2468  0.1638  1
243:   0.1932  0.1702  0.2222  0.2503  0.1642  1
244:   0.2210  0.2080  0.1860  0.1800  0.2050  1
245:   0.2032  0.1942  0.2042  0.2022  0.1962  1
246:   0.1968  0.1958  0.2058  0.2008  0.2008  1

  1:   0.2160  0.1930  0.1950  0.1980  0.1980  1
  2:   0.2260  0.1880  0.1890  0.1750  0.2220  1
  3:   0.2222  0.1992  0.1892  0.1602  0.2292  1
  4:   0.2050  0.2030  0.2050  0.1750  0.2120  1
  5:   0.2220  0.1960  0.1930  0.1600  0.2290  1
  6:   0.2280  0.1920  0.1820  0.2220  0.1760  1
  7:   0.1818  0.2088  0.2128  0.2138  0.1828  1
  8:   0.2170  0.1910  0.1970  0.1630  0.2320  1
  9:   0.2008  0.1968  0.1928  0.2038  0.2058  1
 10:   0.2342  0.1962  0.1872  0.1582  0.2242  1
 11:   0.2110  0.1990  0.1960  0.1840  0.2100  1
 12:   0.2320  0.1940  0.1840  0.1920  0.1980  1
 13:   0.2240  0.1990  0.1860  0.1640  0.2270  1
 14:   0.1730  0.2060  0.2100  0.2140  0.1970  1
 15:   0.1992  0.2102  0.1932  0.1732  0.2242  1
 16:   0.1948  0.2018  0.2108  0.1918  0.2008  1
 17:   0.2038  0.1948  0.1948  0.1878  0.2188  1
 18:   0.1968  0.1988  0.1928  0.1958  0.2158  1
 19:   0.2070  0.2040  0.1940  0.1910  0.2040  1
 20:   0.2130  0.2030  0.1910  0.1880  0.2050  1
 21:   0.1800  0.2060  0.2160  0.2250  0.1730  1
 22:   0.1930  0.2080  0.2040  0.1960  0.1990  1
 23:   0.2228  0.1928  0.1848  0.1958  0.2038  1
 24:   0.1301  0.2102  0.2543  0.2763  0.1291  1
 25:   0.1970  0.1980  0.2070  0.2140  0.1840  1
 26:   0.2130  0.1910  0.2030  0.2110  0.1820  1
 27:   0.2200  0.1890  0.1960  0.2080  0.1870  1
 28:   0.1850  0.2170  0.2010  0.2030  0.1940  1
 29:   0.2058  0.1888  0.1808  0.2128  0.2118  1
 30:   0.1640  0.2250  0.2140  0.2060  0.1910  1
 31:   0.2020  0.1990  0.1970  0.1800  0.2220  1
 32:   0.2032  0.2082  0.1992  0.1802  0.2092  1
 33:   0.1950  0.1980  0.1980  0.2040  0.2050  1
 34:   0.2118  0.1998  0.1978  0.1688  0.2218  1
 35:   0.2160  0.2010  0.1930  0.1740  0.2160  1
 36:   0.2240  0.1980  0.1800  0.2310  0.1670  1
 37:   0.2312  0.1952  0.1862  0.1572  0.2302  1
 38:   0.2362  0.1852  0.1842  0.1782  0.2162  1
 39:   0.1532  0.2092  0.2332  0.2593  0.1451  1
 40:   0.2270  0.1840  0.1790  0.1980  0.2120  1
 41:   0.2090  0.2100  0.1990  0.1800  0.2020  1
 42:   0.1982  0.2102  0.1992  0.1772  0.2152  1
 43:   0.1960  0.1950  0.2100  0.1970  0.2020  1
 44:   0.2128  0.1988  0.2028  0.1778  0.2078  1
 45:   0.1572  0.2212  0.2242  0.2232  0.1742  1
 46:   0.2060  0.1960  0.1940  0.1960  0.2080  1
 47:   0.1970  0.2010  0.2060  0.2020  0.1940  1
 48:   0.2182  0.1882  0.2002  0.2142  0.1792  1
 49:   0.2230  0.1900  0.1900  0.1900  0.2070  1
 50:   0.2140  0.1910  0.1940  0.1950  0.2060  1
 51:   0.1500  0.2120  0.2320  0.2540  0.1520  1
 52:   0.1650  0.2030  0.2220  0.2340  0.1760  1
 53:   0.2000  0.2020  0.1940  0.2090  0.1950  1
 54:   0.2000  0.2080  0.2020  0.1780  0.2120  1
 55:   0.2300  0.1780  0.1910  0.2040  0.1970  1
 56:   0.1900  0.1980  0.2070  0.2000  0.2050  1
 57:   0.1491  0.2172  0.2232  0.2412  0.1692  1
 58:   0.1130  0.2080  0.2550  0.3010  0.1230  1
 59:   0.2290  0.1940  0.1890  0.1850  0.2030  1
 60:   0.2262  0.1872  0.1922  0.1882  0.2062  1
 61:   0.2210  0.1980  0.1880  0.1740  0.2190  1
 62:   0.1590  0.2130  0.2210  0.2470  0.1600  1
 63:   0.1480  0.2080  0.2330  0.2700  0.1410  1
 64:   0.2142  0.1942  0.1912  0.1862  0.2142  1
 65:   0.1962  0.2002  0.1982  0.1972  0.2082  1
 66:   0.1798  0.2068  0.2158  0.2188  0.1788  1
 67:   0.2030  0.1960  0.1970  0.1860  0.2180  1
 68:   0.2188  0.2048  0.1798  0.1748  0.2218  1
 69:   0.2312  0.1882  0.1782  0.1932  0.2092  1
 70:   0.2022  0.2012  0.1972  0.1972  0.2022  1
 71:   0.2192  0.1952  0.1842  0.1862  0.2152  1
 72:   0.2208  0.1918  0.1868  0.1718  0.2288  1
 73:   0.2160  0.1940  0.1850  0.2040  0.2010  1
 74:   0.1499  0.2128  0.2288  0.2488  0.1598  1
 75:   0.2228  0.2008  0.1878  0.1618  0.2268  1
 76:   0.2250  0.1980  0.1930  0.1610  0.2230  1
 77:   0.2260  0.1930  0.1860  0.2050  0.1900  1
 78:   0.2040  0.2020  0.1930  0.1750  0.2260  1
