           1  1 0.1453 0.1883 0.2258 0.0581 0.0854 0.2318 0.0652 
           2  1 0.1409 0.0787 0.0945 0.0662 0.3943 0.0729 0.1526 
           3  1 0.2962 0.0728 0.0629 0.2973 0.1253 0.0659 0.0796 
           4  1 0.0458 0.4157 0.1335 0.1745 0.0891 0.0624 0.0790 
           5  1 0.1508 0.2290 0.1041 0.2156 0.0851 0.0963 0.1192 
           6  1 0.1387 0.1453 0.1146 0.1706 0.0922 0.1589 0.1797 
           7  1 0.1220 0.0758 0.1319 0.0990 0.0630 0.0531 0.4553 
           8  1 0.1281 0.2590 0.1257 0.1012 0.0933 0.0947 0.1981 
           9  1 0.2159 0.1556 0.1314 0.1285 0.1465 0.1249 0.0974 
          10  1 0.0743 0.0986 0.2930 0.1021 0.2440 0.0914 0.0966 
          11  1 0.1461 0.1732 0.1037 0.2711 0.1286 0.0697 0.1075 
          12  1 0.0912 0.2047 0.1320 0.2266 0.2142 0.0709 0.0604 
          13  1 0.1613 0.1172 0.1259 0.1970 0.0791 0.2137 0.1058 
          14  1 0.3213 0.2614 0.0662 0.1122 0.0859 0.0633 0.0897 
          15  1 0.3335 0.1869 0.0851 0.2072 0.0593 0.0575 0.0705 
          16  1 0.1358 0.2140 0.0877 0.1678 0.1196 0.1234 0.1517 
          17  1 0.0800 0.1208 0.0952 0.0970 0.1037 0.3944 0.1090 
          18  1 0.1439 0.2139 0.1053 0.2096 0.0923 0.0794 0.1556 
          19  1 0.0903 0.0766 0.1590 0.2079 0.1427 0.1436 0.1799 
          20  1 0.1833 0.1406 0.1166 0.1104 0.1068 0.1195 0.2228 
          21  1 0.0926 0.1816 0.0941 0.2158 0.0914 0.1453 0.1792 
          22  1 0.2041 0.1962 0.1211 0.1046 0.1940 0.0700 0.1101 
          23  1 0.1250 0.1313 0.1682 0.2055 0.1375 0.1286 0.1039 
          24  1 0.0773 0.0907 0.1095 0.1169 0.1581 0.2849 0.1627 
          25  1 0.1137 0.1121 0.1068 0.1537 0.0716 0.1523 0.2897 
          26  1 0.1454 0.1604 0.1432 0.2620 0.1158 0.0901 0.0831 
          27  1 0.0703 0.0536 0.2179 0.0504 0.2485 0.0927 0.2666 
          28  1 0.5730 0.0870 0.0560 0.0724 0.0769 0.0503 0.0845 
          29  1 0.0451 0.1209 0.4948 0.0604 0.1191 0.0939 0.0658 
          30  1 0.1631 0.1897 0.0629 0.3147 0.0586 0.1228 0.0882 
          31  1 0.0717 0.1180 0.1332 0.1073 0.0899 0.1545 0.3253 
          32  1 0.0988 0.1453 0.1330 0.3321 0.0756 0.0894 0.1258 
          33  1 0.3319 0.1220 0.0676 0.0702 0.0969 0.2334 0.0780 
          34  1 0.1439 0.1731 0.1280 0.1089 0.1111 0.1653 0.1697 
          35  1 0.1246 0.1375 0.0853 0.3480 0.0975 0.1215 0.0855 
          36  1 0.1425 0.1524 0.1247 0.3469 0.0674 0.0723 0.0937 
          37  1 0.0806 0.0961 0.2002 0.1077 0.1247 0.0708 0.3199 
          38  1 0.0488 0.1772 0.3788 0.0611 0.1885 0.0623 0.0833 
          39  1 0.3070 0.1471 0.1450 0.0949 0.0828 0.1773 0.0459 
          40  1 0.1225 0.1391 0.1007 0.1376 0.1424 0.2596 0.0982 
          41  1 0.1309 0.1224 0.2523 0.2602 0.0829 0.0437 0.1076 
          42  1 0.0769 0.1357 0.1293 0.1165 0.1546 0.2259 0.1612 
          43  1 0.0996 0.0960 0.0894 0.1160 0.4862 0.0677 0.0452 
          44  1 0.2125 0.0838 0.1404 0.1508 0.1476 0.1847 0.0801 
          45  1 0.1346 0.1169 0.0967 0.1002 0.0964 0.3795 0.0758 
          46  1 0.1306 0.0634 0.0646 0.0602 0.4140 0.1439 0.1234 
          47  1 0.1163 0.1124 0.1311 0.3221 0.0476 0.1442 0.1262 
          48  1 0.0507 0.1868 0.2014 0.1645 0.1437 0.0670 0.1859 
          49  1 0.1934 0.1336 0.1190 0.1719 0.1098 0.1828 0.0895 
          50  1 0.2598 0.1701 0.1275 0.1114 0.1354 0.0691 0.1268 
          51  1 0.0441 0.0595 0.0571 0.1402 0.0497 0.5684 0.0810 
          52  1 0.1194 0.1205 0.0848 0.0762 0.0673 0.3692 0.1627 
          53  1 0.2405 0.1603 0.0996 0.1470 0.0601 0.1964 0.0961 
          54  1 0.0614 0.0849 0.1910 0.0940 0.0699 0.2229 0.2760 
          55  1 0.0622 0.0713 0.1099 0.0596 0.1081 0.1285 0.4604 
          56  1 0.0491 0.1015 0.0921 0.1166 0.4106 0.1520 0.0781 
          57  1 0.0391 0.0494 0.0481 0.0522 0.1576 0.5074 0.1463 
          58  1 0.1307 0.1216 0.1313 0.1243 0.1306 0.1140 0.2475 
          59  1 0.3009 0.1100 0.0478 0.0936 0.0617 0.2701 0.1158 
          60  1 0.2358 0.1424 0.1437 0.1348 0.1465 0.0872 0.1096 
          61  1 0.2071 0.1267 0.2329 0.0971 0.1037 0.0877 0.1448 
          62  1 0.1113 0.3245 0.1977 0.1216 0.0939 0.0963 0.0547 
          63  1 0.0713 0.0702 0.0984 0.4395 0.1066 0.0793 0.1347 
          64  1 0.0845 0.1716 0.0927 0.2548 0.1045 0.1574 0.1347 
          65  1 0.1053 0.1152 0.1031 0.0813 0.1598 0.1204 0.3149 
          66  1 0.1407 0.0763 0.1999 0.0716 0.3158 0.0561 0.1396 
          67  1 0.2466 0.1876 0.1214 0.2183 0.0894 0.0657 0.0710 
          68  1 0.1981 0.1824 0.2134 0.0943 0.0866 0.0651 0.1601 
          69  1 0.0854 0.1706 0.1902 0.0929 0.2358 0.0461 0.1790 
          70  1 0.1467 0.1442 0.1426 0.1751 0.1741 0.0962 0.1211 
          71  1 0.0898 0.0801 0.0780 0.0577 0.2461 0.1434 0.3048 
          72  1 0.1086 0.0512 0.0558 0.1101 0.1087 0.3488 0.2168 
          73  1 0.1247 0.1023 0.3546 0.0758 0.1879 0.0668 0.0878 
          74  1 0.1075 0.1597 0.0873 0.1841 0.1897 0.1614 0.1103 
          75  1 0.4917 0.0973 0.1251 0.0635 0.1009 0.0379 0.0836 
          76  1 0.0706 0.4143 0.1677 0.1177 0.0835 0.0657 0.0804 
          77  1 0.4367 0.0652 0.0822 0.0472 0.2869 0.0360 0.0458 
          78  1 0.0874 0.1141 0.1849 0.2455 0.0787 0.1861 0.1033 
          79  1 0.0931 0.1039 0.2259 0.2741 0.0851 0.0606 0.1573 
          80  1 0.1406 0.1260 0.0678 0.4571 0.0363 0.0712 0.1011 
          81  1 0.2103 0.3285 0.0744 0.1184 0.0781 0.0614 0.1288 
          82  1 0.0925 0.2336 0.0719 0.1010 0.0789 0.3369 0.0851 
          83  1 0.1969 0.2010 0.0869 0.3152 0.0691 0.0517 0.0792 
          84  1 0.0812 0.4255 0.1009 0.1888 0.0554 0.0732 0.0750 
          85  1 0.0705 0.1607 0.1085 0.0700 0.2497 0.1021 0.2385 
          86  1 0.3081 0.0889 0.0930 0.1225 0.1579 0.1489 0.0807 
          87  1 0.0970 0.1620 0.1377 0.1056 0.1480 0.1926 0.1571 
          88  1 0.0855 0.0895 0.1291 0.0796 0.4942 0.0610 0.0611 
          89  1 0.1452 0.1734 0.0867 0.0870 0.1125 0.1381 0.2571 
          90  1 0.0638 0.0853 0.1111 0.1059 0.1295 0.1136 0.3908 
          91  1 0.1017 0.1867 0.1109 0.2209 0.1376 0.1044 0.1378 
          92  1 0.1270 0.1215 0.1380 0.2066 0.2100 0.0390 0.1580 
          93  1 0.1151 0.1100 0.0962 0.0553 0.0997 0.3972 0.1264 
          94  1 0.2132 0.1933 0.0828 0.1045 0.1472 0.0926 0.1664 
          95  1 0.0694 0.1889 0.1406 0.3800 0.0729 0.0749 0.0732 
          96  1 0.1005 0.1071 0.4810 0.0923 0.1279 0.0414 0.0500 
          97  1 0.1597 0.2911 0.1131 0.1308 0.1287 0.0797 0.0968 
          98  1 0.0579 0.2100 0.2597 0.1361 0.0444 0.2286 0.0632 
          99  1 0.0770 0.4510 0.0577 0.0906 0.1094 0.1433 0.0709 
         100  1 0.2701 0.1129 0.1788 0.1037 0.1491 0.0689 0.1165 
         101  1 0.1033 0.1257 0.0710 0.1819 0.2355 0.1079 0.1747 
         102  1 0.3189 0.1759 0.1131 0.1007 0.0568 0.0952 0.1393 
         103  1 0.3692 0.1078 0.0937 0.0724 0.2338 0.0562 0.0670 
         104  1 0.0890 0.0847 0.1184 0.3163 0.0945 0.0718 0.2253 
         105  1 0.1427 0.1387 0.1260 0.1800 0.0997 0.1765 0.1364 
         106  1 0.1656 0.1313 0.0672 0.0798 0.3063 0.0463 0.2035 
         107  1 0.0937 0.1760 0.2205 0.0943 0.1646 0.0821 0.1689 
         108  1 0.1068 0.2174 0.1245 0.0846 0.0814 0.2422 0.1432 
         109  1 0.2032 0.1856 0.0785 0.2507 0.0834 0.0857 0.1128 
         110  1 0.0980 0.1493 0.2230 0.1474 0.1943 0.0606 0.1274 
         111  1 0.1445 0.2096 0.1186 0.3217 0.0454 0.0606 0.0996 
         112  1 0.0799 0.2476 0.0738 0.1252 0.1178 0.2497 0.1059 
         113  1 0.0883 0.1214 0.0810 0.1163 0.0684 0.3440 0.1805 
         114  1 0.1161 0.2003 0.1096 0.1274 0.2513 0.0977 0.0976 
         115  1 0.0941 0.0995 0.0971 0.0632 0.2684 0.1726 0.2052 
         116  1 0.1753 0.0897 0.0904 0.0690 0.2764 0.1610 0.1383 
         117  1 0.0862 0.1088 0.1601 0.0767 0.3243 0.1015 0.1424 
         118  1 0.0817 0.1048 0.1083 0.0849 0.2009 0.2983 0.1211 
         119  1 0.2444 0.0902 0.0770 0.0837 0.2874 0.0816 0.1357 
         120  1 0.1708 0.3329 0.0636 0.0863 0.1025 0.1189 0.1250 
         121  1 0.0731 0.1237 0.0968 0.1456 0.1390 0.2202 0.2015 
         122  1 0.0765 0.2025 0.3605 0.1059 0.0782 0.0350 0.1415 
         123  1 0.0642 0.2201 0.3157 0.0968 0.1023 0.1094 0.0915 
         124  1 0.0538 0.0807 0.2107 0.0570 0.3008 0.1307 0.1663 
         125  1 0.0735 0.1187 0.1156 0.0496 0.2103 0.1733 0.2590 
         126  1 0.0478 0.0439 0.1036 0.0348 0.6490 0.0544 0.0666 
         127  1 0.0769 0.1500 0.1723 0.0570 0.3821 0.0635 0.0982 
         128  1 0.1230 0.1279 0.2517 0.1163 0.1601 0.1213 0.0996 
         129  1 0.0673 0.1082 0.1557 0.1755 0.1575 0.0885 0.2474 
         130  1 0.4149 0.1898 0.1072 0.1028 0.0465 0.0375 0.1013 
         131  1 0.1813 0.2193 0.1059 0.2197 0.0927 0.0800 0.1011 
         132  1 0.1287 0.1436 0.0880 0.2388 0.1279 0.1525 0.1204 
         133  1 0.0902 0.1463 0.1296 0.2104 0.1514 0.1687 0.1034 
         134  1 0.1679 0.3482 0.1287 0.1622 0.0697 0.0524 0.0711 
         135  1 0.2030 0.1321 0.0632 0.1002 0.1021 0.2362 0.1632 
         136  1 0.0923 0.2446 0.2709 0.1604 0.0731 0.0981 0.0606 
         137  1 0.1842 0.1565 0.1105 0.3720 0.0484 0.0582 0.0701 
         138  1 0.1121 0.1449 0.1580 0.3753 0.0558 0.0566 0.0973 
         139  1 0.0678 0.0967 0.0717 0.1824 0.0733 0.4019 0.1062 
         140  1 0.1688 0.1402 0.0757 0.2777 0.0995 0.1163 0.1218 
         141  1 0.2413 0.1934 0.0526 0.1361 0.0953 0.2228 0.0584 
         142  1 0.0899 0.2696 0.0892 0.1512 0.1208 0.1849 0.0944 
         143  1 0.1970 0.1068 0.0786 0.1399 0.1025 0.2384 0.1368 
         144  1 0.0801 0.0901 0.1180 0.0979 0.2719 0.2068 0.1351 
         145  1 0.0530 0.1978 0.1581 0.1333 0.0801 0.1409 0.2367 
         146  1 0.0696 0.0401 0.0303 0.0459 0.0653 0.7146 0.0342 
         147  1 0.0587 0.1811 0.1827 0.3726 0.0686 0.0565 0.0798 
         148  1 0.1211 0.1211 0.1090 0.1362 0.1319 0.2254 0.1554 
         149  1 0.1171 0.1701 0.2127 0.1207 0.2291 0.0816 0.0687 
         150  1 0.0668 0.3593 0.3164 0.0993 0.0505 0.0588 0.0489 
         151  1 0.2465 0.1109 0.0903 0.1036 0.1632 0.1984 0.0872 
         152  1 0.1950 0.2533 0.0814 0.0867 0.1182 0.1414 0.1239 
         153  1 0.0730 0.0806 0.0691 0.3058 0.2631 0.0880 0.1205 
         154  1 0.1359 0.2113 0.1541 0.2221 0.1086 0.1078 0.0603 
         155  1 0.0836 0.2494 0.2352 0.1091 0.0891 0.1535 0.0800 
         156  1 0.0536 0.1556 0.3179 0.1038 0.1803 0.1120 0.0767 
         157  1 0.2848 0.1507 0.1705 0.0944 0.0987 0.1005 0.1003 
         158  1 0.0982 0.1984 0.1467 0.1670 0.0514 0.2493 0.0890 
         159  1 0.1431 0.3114 0.0790 0.1282 0.1979 0.0889 0.0515 
         160  1 0.0770 0.1413 0.0677 0.5284 0.0487 0.0563 0.0806 
         161  1 0.1246 0.2431 0.0895 0.1347 0.0791 0.2354 0.0936 
         162  1 0.1355 0.1550 0.1030 0.1801 0.2134 0.0431 0.1699 
         163  1 0.0641 0.1645 0.0766 0.1933 0.3477 0.0629 0.0907 
         164  1 0.2325 0.1833 0.1093 0.2131 0.0724 0.0896 0.0998 
         165  1 0.1082 0.1188 0.0927 0.2408 0.1548 0.0719 0.2127 
         166  1 0.0651 0.1423 0.1169 0.2851 0.0490 0.2487 0.0929 
         167  1 0.0578 0.1445 0.1508 0.1923 0.1250 0.0689 0.2608 
         168  1 0.1233 0.2490 0.1050 0.3119 0.0517 0.0808 0.0783 
         169  1 0.1540 0.1650 0.0783 0.0873 0.3177 0.1214 0.0764 
         170  1 0.3859 0.1232 0.0438 0.1033 0.1006 0.1308 0.1123 
         171  1 0.0902 0.3598 0.1501 0.1437 0.0609 0.1272 0.0681 
         172  1 0.0751 0.1226 0.0970 0.1427 0.1360 0.2250 0.2016 
         173  1 0.3135 0.0835 0.0590 0.1496 0.1209 0.1434 0.1302 
         174  1 0.0774 0.1687 0.0795 0.1219 0.1850 0.1701 0.1973 
         175  1 0.1535 0.1584 0.0939 0.0956 0.1301 0.2488 0.1197 
         176  1 0.1515 0.2281 0.0728 0.2365 0.0715 0.1186 0.1211 
         177  1 0.0963 0.1099 0.0907 0.0881 0.2619 0.1868 0.1663 
         178  1 0.0874 0.1185 0.0776 0.2051 0.0770 0.2585 0.1757 
         179  1 0.0958 0.1161 0.3019 0.0451 0.1413 0.2245 0.0753 
         180  1 0.1012 0.3386 0.1795 0.1651 0.1019 0.0585 0.0551 
         181  1 0.3241 0.1258 0.0811 0.1996 0.1061 0.0615 0.1018 
         182  1 0.0524 0.2654 0.4051 0.1164 0.0442 0.0591 0.0572 
         183  1 0.0891 0.3014 0.1736 0.0929 0.0981 0.1825 0.0625 
         184  1 0.4093 0.0974 0.1024 0.1048 0.0913 0.0741 0.1207 
         185  1 0.0814 0.0625 0.1257 0.0823 0.1161 0.0757 0.4563 
         186  1 0.0638 0.1283 0.1466 0.0784 0.2273 0.1031 0.2525 
         187  1 0.0729 0.3458 0.2056 0.1283 0.0661 0.0422 0.1390 
         188  1 0.0801 0.0908 0.1549 0.0714 0.2260 0.2381 0.1388 
         189  1 0.1068 0.1309 0.1159 0.1017 0.2514 0.1274 0.1660 
         190  1 0.0603 0.0472 0.0582 0.0537 0.0820 0.5804 0.1181 
         191  1 0.1168 0.1209 0.0680 0.0986 0.2948 0.1714 0.1295 
         192  1 0.2322 0.1526 0.1547 0.1882 0.0770 0.0824 0.1129 
         193  1 0.0796 0.2760 0.0833 0.0852 0.1367 0.2206 0.1187 
         194  1 0.1391 0.1822 0.2117 0.2656 0.0437 0.0907 0.0670 
         195  1 0.1101 0.2331 0.0555 0.1749 0.0452 0.2499 0.1313 
         196  1 0.2251 0.0656 0.0711 0.0540 0.3473 0.1461 0.0908 
         197  1 0.1082 0.0534 0.0732 0.1123 0.1362 0.3973 0.1194 
         198  1 0.3592 0.0535 0.0481 0.0648 0.2560 0.1562 0.0623 
         199  1 0.0541 0.0641 0.2807 0.0425 0.2526 0.0310 0.2750 
         200  1 0.0849 0.1403 0.2362 0.0641 0.2286 0.0705 0.1753 
         201  1 0.0823 0.0901 0.2042 0.0808 0.1585 0.0885 0.2957 
         202  1 0.1110 0.2293 0.3316 0.1292 0.0753 0.0503 0.0734 
         203  1 0.0845 0.0994 0.0940 0.0948 0.3706 0.1908 0.0658 
         204  1 0.0726 0.0836 0.0927 0.0476 0.5143 0.1020 0.0872 
         205  1 0.1080 0.0906 0.2253 0.0982 0.2099 0.0679 0.2002 
         206  1 0.0600 0.1052 0.3609 0.0731 0.1286 0.0560 0.2162 
         207  1 0.2085 0.2203 0.0998 0.1298 0.1068 0.1050 0.1298 
         208  1 0.2511 0.2111 0.1547 0.1305 0.0750 0.1057 0.0719 
         209  1 0.1413 0.0633 0.0916 0.0950 0.3283 0.0963 0.1842 
         210  1 0.0988 0.0701 0.0835 0.1062 0.1182 0.3507 0.1725 
         211  1 0.0896 0.0658 0.0771 0.0525 0.2119 0.3494 0.1537 
         212  1 0.0522 0.2072 0.4720 0.1085 0.0478 0.0493 0.0631 
         213  1 0.1179 0.1486 0.0825 0.1066 0.0835 0.2439 0.2170 
         214  1 0.1208 0.0737 0.0601 0.0614 0.3487 0.0962 0.2390 
         215  1 0.1078 0.1114 0.0789 0.0806 0.1575 0.3804 0.0834 
         216  1 0.0622 0.0712 0.0501 0.4566 0.0535 0.1634 0.1431 
         217  1 0.0888 0.0947 0.0691 0.0977 0.2576 0.2884 0.1036 
         218  1 0.0648 0.2411 0.0860 0.1636 0.0668 0.2574 0.1203 
         219  1 0.0526 0.0369 0.0341 0.0275 0.7574 0.0467 0.0448 
         220  1 0.0526 0.1233 0.2087 0.2270 0.1547 0.1101 0.1236 
         221  1 0.0742 0.0744 0.2830 0.0735 0.0983 0.0819 0.3147 
         222  1 0.1467 0.0928 0.1375 0.1493 0.0545 0.2699 0.1494 
         223  1 0.0383 0.0411 0.0893 0.0343 0.2159 0.5353 0.0458 
         224  1 0.0697 0.0822 0.2145 0.0542 0.2696 0.0935 0.2164 
         225  1 0.1086 0.0554 0.0704 0.0569 0.1338 0.4094 0.1655 
         226  1 0.2410 0.0610 0.1263 0.0424 0.0845 0.1404 0.3044 
         227  1 0.2486 0.1351 0.1060 0.1041 0.2095 0.0957 0.1011 
         228  1 0.0576 0.2644 0.3942 0.1213 0.0590 0.0484 0.0551 
         229  1 0.1083 0.1952 0.1843 0.1485 0.1298 0.0896 0.1442 
         230  1 0.1030 0.0630 0.0868 0.0443 0.4726 0.0866 0.1437 
         231  1 0.0508 0.0442 0.0664 0.0373 0.6666 0.0799 0.0548 
         232  1 0.3474 0.0915 0.1223 0.1281 0.1245 0.0554 0.1308 
         233  1 0.0936 0.2287 0.1875 0.2678 0.0591 0.0904 0.0727 
         234  1 0.0621 0.1584 0.1305 0.1112 0.0920 0.2573 0.1886 
         235  1 0.0813 0.2559 0.1418 0.0775 0.2189 0.1013 0.1232 
         236  1 0.1143 0.1300 0.1499 0.3495 0.0510 0.1103 0.0949 
         237  1 0.0780 0.1422 0.0761 0.0864 0.1604 0.3909 0.0660 
         238  1 0.4304 0.1156 0.1363 0.0767 0.1210 0.0372 0.0829 
         239  1 0.1133 0.1886 0.0883 0.4044 0.0474 0.0643 0.0936 
         240  1 0.2517 0.0905 0.0594 0.0611 0.0956 0.3477 0.0940 
         241  1 0.3530 0.0680 0.1054 0.0558 0.1343 0.1227 0.1607 
         242  1 0.1887 0.0891 0.2341 0.1276 0.2050 0.0672 0.0882 
         243  1 0.0957 0.0998 0.2622 0.0727 0.1001 0.2591 0.1103 
         244  1 0.2118 0.1921 0.0549 0.1941 0.0534 0.1746 0.1189 
         245  1 0.2067 0.1983 0.0548 0.1942 0.0523 0.1722 0.1216 
         246  1 0.1007 0.1477 0.2935 0.0726 0.0915 0.1641 0.1299 
         247  1 0.4098 0.1250 0.0903 0.0734 0.1502 0.0540 0.0973 
         248  1 0.1940 0.1015 0.0515 0.1559 0.1245 0.2659 0.1067 
         249  1 0.1184 0.1336 0.2251 0.0860 0.1556 0.0810 0.2003 
         250  1 0.0840 0.0612 0.0568 0.0487 0.2165 0.3490 0.1838 
         251  1 0.0861 0.2958 0.0894 0.1787 0.0886 0.1200 0.1414 
         252  1 0.0820 0.4760 0.1176 0.0935 0.0799 0.0952 0.0559 
         253  1 0.0772 0.4440 0.0899 0.1086 0.0754 0.1590 0.0458 
         254  1 0.0794 0.1882 0.1206 0.2463 0.1008 0.1118 0.1529 
         255  1 0.1767 0.1255 0.1092 0.1879 0.1149 0.1186 0.1673 
         256  1 0.4565 0.0942 0.0811 0.0589 0.1556 0.0635 0.0902 
         257  1 0.0841 0.0863 0.2223 0.0543 0.2560 0.1380 0.1590 
         258  1 0.0674 0.1220 0.1061 0.4826 0.0661 0.0674 0.0884 
         259  1 0.0282 0.0562 0.0445 0.0436 0.0717 0.6997 0.0561 
         260  1 0.1110 0.1439 0.0698 0.2396 0.0887 0.1877 0.1594 
         261  1 0.1066 0.2246 0.0875 0.2409 0.1088 0.1048 0.1268 
         262  1 0.2050 0.1916 0.2453 0.0898 0.1007 0.0816 0.0860 
         263  1 0.2075 0.2437 0.2653 0.0853 0.0581 0.0853 0.0547 
         264  1 0.1296 0.1395 0.0846 0.3285 0.0945 0.1375 0.0858 
         265  1 0.2666 0.1042 0.0986 0.0830 0.3231 0.0647 0.0598 
         266  1 0.0667 0.0499 0.0893 0.0752 0.0612 0.1811 0.4767 
         267  1 0.1488 0.1343 0.2066 0.1182 0.1224 0.0788 0.1908 
         268  1 0.1400 0.1528 0.1024 0.1337 0.0579 0.3466 0.0666 
         269  1 0.0680 0.2311 0.1514 0.0980 0.1983 0.0555 0.1977 
         270  1 0.1106 0.0567 0.0916 0.0626 0.4192 0.1290 0.1303 
         271  1 0.0959 0.1054 0.1956 0.1122 0.2340 0.1088 0.1482 
         272  1 0.2030 0.1181 0.1070 0.1366 0.1276 0.2368 0.0708 
         273  1 0.0862 0.0873 0.1709 0.1169 0.1163 0.1154 0.3069 
         274  1 0.0578 0.1193 0.5310 0.0886 0.0971 0.0510 0.0551 
         275  1 0.1480 0.0918 0.1048 0.0798 0.1281 0.3568 0.0907 
         276  1 0.3872 0.1641 0.0575 0.1561 0.0514 0.0939 0.0897 
         277  1 0.0992 0.0795 0.1091 0.0510 0.1840 0.1301 0.3472 
         278  1 0.3211 0.1539 0.0832 0.0781 0.1265 0.1409 0.0964 
         279  1 0.2410 0.0905 0.0875 0.2295 0.1901 0.0415 0.1200 
         280  1 0.1476 0.0746 0.0509 0.0528 0.5604 0.0561 0.0575 
         281  1 0.1886 0.1025 0.0995 0.0602 0.3797 0.1027 0.0668 
         282  1 0.5542 0.0643 0.0684 0.0886 0.0562 0.0767 0.0917 
         283  1 0.1003 0.2400 0.2744 0.1925 0.0717 0.0565 0.0646 
         284  1 0.2392 0.2146 0.0945 0.1001 0.0909 0.0588 0.2019 
         285  1 0.0433 0.1673 0.3596 0.1012 0.0582 0.0952 0.1752 
         286  1 0.2788 0.1597 0.0844 0.1686 0.0573 0.0989 0.1524 
         287  1 0.4365 0.1774 0.0848 0.0647 0.0628 0.1337 0.0402 
         288  1 0.0912 0.0894 0.1351 0.1024 0.3449 0.0865 0.1505 
         289  1 0.0625 0.1016 0.1272 0.4803 0.0468 0.0491 0.1326 
         290  1 0.0961 0.4076 0.0826 0.0987 0.1459 0.0940 0.0751 
         291  1 0.2053 0.1113 0.1971 0.1465 0.1385 0.1348 0.0664 
         292  1 0.1266 0.1479 0.1377 0.1778 0.1341 0.1303 0.1456 
         293  1 0.0742 0.2051 0.3053 0.1523 0.0937 0.0859 0.0834 
         294  1 0.1377 0.2461 0.0903 0.1231 0.1310 0.0656 0.2062 
         295  1 0.1171 0.1267 0.1593 0.3017 0.0680 0.0413 0.1859 
         296  1 0.0971 0.1605 0.0820 0.1419 0.3538 0.0577 0.1071 
         297  1 0.0498 0.1501 0.1296 0.3636 0.0534 0.0926 0.1609 
         298  1 0.1240 0.1727 0.0725 0.2563 0.0678 0.1598 0.1470 
         299  1 0.0608 0.1498 0.4160 0.1186 0.0789 0.1083 0.0677 
         300  1 0.0679 0.1072 0.0925 0.1044 0.1314 0.3777 0.1188 
         301  1 0.3583 0.0914 0.0783 0.1155 0.1060 0.1041 0.1465 
         302  1 0.0525 0.0607 0.0629 0.0407 0.0400 0.6468 0.0965 
         303  1 0.1322 0.1772 0.2301 0.1271 0.0849 0.0860 0.1625 
         304  1 0.1848 0.1337 0.0783 0.0645 0.1352 0.1998 0.2037 
         305  1 0.1156 0.1572 0.0952 0.1130 0.1793 0.1329 0.2068 
         306  1 0.3603 0.1071 0.0560 0.0482 0.1841 0.1121 0.1321 
         307  1 0.1360 0.1469 0.0834 0.2557 0.1126 0.1294 0.1359 
         308  1 0.0924 0.1771 0.0954 0.3708 0.0833 0.0897 0.0914 
         309  1 0.0724 0.1221 0.1963 0.2821 0.1278 0.0557 0.1436 
         310  1 0.1517 0.2164 0.2097 0.2141 0.0492 0.0690 0.0899 
         311  1 0.1266 0.1907 0.1800 0.2372 0.0716 0.1026 0.0913 
         312  1 0.2899 0.1257 0.0920 0.0646 0.0843 0.0662 0.2774 
         313  1 0.0624 0.1511 0.3645 0.1884 0.1023 0.0519 0.0795 
         314  1 0.0824 0.0563 0.1518 0.1202 0.1039 0.0571 0.4283 
         315  1 0.1577 0.2604 0.1601 0.1666 0.0879 0.0811 0.0862 
         316  1 0.0981 0.1569 0.0450 0.4294 0.0450 0.1524 0.0732 
         317  1 0.1653 0.1397 0.1184 0.2121 0.0964 0.1787 0.0894 
         318  1 0.0777 0.1686 0.0812 0.4168 0.0608 0.0669 0.1280 
         319  1 0.2266 0.2175 0.0590 0.0800 0.1397 0.0793 0.1980 
         320  1 0.1593 0.1320 0.1351 0.1562 0.1098 0.2029 0.1048 
         321  1 0.0565 0.1178 0.2219 0.1287 0.1268 0.2420 0.1062 
         322  1 0.0895 0.0800 0.0952 0.1397 0.0653 0.1105 0.4198 
         323  1 0.0437 0.0855 0.1090 0.0535 0.0775 0.1061 0.5247 
         324  1 0.0557 0.1173 0.1135 0.0721 0.0890 0.3633 0.1891 
         325  1 0.1644 0.3444 0.0948 0.1612 0.0806 0.0725 0.0821 
         326  1 0.1142 0.0907 0.1401 0.0927 0.1328 0.2071 0.2224 
         327  1 0.1572 0.1299 0.1654 0.0819 0.1882 0.1605 0.1169 
         328  1 0.2682 0.0798 0.2926 0.0825 0.1298 0.0636 0.0835 
         329  1 0.0849 0.1410 0.1016 0.3703 0.1473 0.0642 0.0907 
         330  1 0.2180 0.1967 0.1393 0.2528 0.0523 0.0535 0.0875 
         331  1 0.2014 0.2321 0.0573 0.1624 0.1022 0.1748 0.0699 
         332  1 0.1148 0.1424 0.0855 0.3103 0.0832 0.1428 0.1211 
         333  1 0.0825 0.1815 0.1413 0.0768 0.1281 0.3028 0.0870 
         334  1 0.1103 0.1385 0.1595 0.2103 0.0930 0.0716 0.2169 
         335  1 0.1029 0.1317 0.1783 0.1551 0.0862 0.0667 0.2791 
         336  1 0.1425 0.1314 0.1669 0.2445 0.0941 0.0859 0.1346 
         337  1 0.1153 0.2654 0.0722 0.1317 0.1092 0.1154 0.1908 
         338  1 0.4546 0.0618 0.0928 0.0627 0.1191 0.0517 0.1573 
         339  1 0.1979 0.0676 0.1192 0.1532 0.1964 0.1555 0.1102 
         340  1 0.0804 0.2186 0.1051 0.1134 0.1577 0.1047 0.2202 
         341  1 0.0743 0.1105 0.1446 0.1295 0.0594 0.1121 0.3695 
         342  1 0.1442 0.2147 0.1272 0.1877 0.0904 0.1166 0.1192 
         343  1 0.0615 0.1189 0.4570 0.0891 0.0597 0.1395 0.0743 
         344  1 0.1190 0.3069 0.1900 0.2067 0.0468 0.0734 0.0573 
         345  1 0.2469 0.0762 0.1952 0.1361 0.0979 0.0635 0.1842 
         346  1 0.0874 0.1660 0.1423 0.1450 0.1237 0.0937 0.2419 
         347  1 0.1438 0.1145 0.2775 0.1695 0.0913 0.0718 0.1316 
         348  1 0.2117 0.1520 0.1223 0.2132 0.0668 0.1502 0.0838 
         349  1 0.1217 0.1108 0.1966 0.1762 0.1524 0.1442 0.0981 
         350  1 0.2291 0.1321 0.1275 0.1063 0.0645 0.0747 0.2658 
         351  1 0.1066 0.1213 0.1491 0.1226 0.1447 0.1487 0.2069 
         352  1 0.1000 0.1392 0.0989 0.3046 0.0781 0.1334 0.1458 
         353  1 0.1235 0.1114 0.0994 0.1549 0.3858 0.0718 0.0533 
         354  1 0.1188 0.0687 0.0941 0.0743 0.2697 0.2932 0.0812 
         355  1 0.2032 0.1855 0.0928 0.2750 0.0723 0.0636 0.1076 
         356  1 0.1338 0.0855 0.1746 0.0649 0.2076 0.0829 0.2508 
         357  1 0.0937 0.0673 0.1326 0.1138 0.1082 0.1752 0.3092 
         358  1 0.0666 0.1622 0.2683 0.2513 0.0923 0.0485 0.1108 
         359  1 0.0404 0.0530 0.1203 0.0645 0.0571 0.0992 0.5655 
         360  1 0.1377 0.1238 0.1551 0.1456 0.1107 0.2233 0.1037 
         361  1 0.1383 0.1694 0.0908 0.2467 0.0474 0.2237 0.0836 
         362  1 0.1165 0.0725 0.1332 0.0629 0.1042 0.1985 0.3122 
         363  1 0.1204 0.0637 0.0913 0.0667 0.2749 0.3046 0.0783 
         364  1 0.1359 0.1125 0.2045 0.0825 0.1968 0.1039 0.1640 
         365  1 0.0416 0.1327 0.4739 0.0576 0.1058 0.1100 0.0784 
         366  1 0.0676 0.1885 0.2145 0.1547 0.0943 0.1015 0.1790 
         367  1 0.1066 0.0914 0.1214 0.2493 0.1741 0.1257 0.1314 
         368  1 0.1371 0.1184 0.1484 0.1410 0.1694 0.1463 0.1396 
         369  1 0.1001 0.0715 0.3183 0.0525 0.2782 0.0728 0.1067 
         370  1 0.0682 0.0744 0.0696 0.2837 0.0888 0.3151 0.1002 
         371  1 0.1031 0.0887 0.2050 0.1554 0.1099 0.2295 0.1083 
         372  1 0.1896 0.1497 0.0732 0.2807 0.0703 0.0955 0.1410 
         373  1 0.0968 0.1327 0.1940 0.2211 0.1165 0.1177 0.1212 
         374  1 0.1122 0.1256 0.1931 0.2522 0.1410 0.0831 0.0929 
         375  1 0.0508 0.1366 0.3851 0.0660 0.1750 0.0524 0.1341 
         376  1 0.2445 0.1346 0.1841 0.1777 0.1064 0.0537 0.0990 
         377  1 0.0803 0.0966 0.3294 0.0881 0.1710 0.0902 0.1444 
         378  1 0.1451 0.1459 0.1534 0.1607 0.1389 0.0766 0.1794 
         379  1 0.1868 0.0919 0.2087 0.0540 0.2635 0.1144 0.0807 
         380  1 0.1273 0.2686 0.3049 0.1358 0.0669 0.0497 0.0468 
         381  1 0.1255 0.1312 0.1109 0.1279 0.1145 0.1450 0.2449 
         382  1 0.0765 0.2241 0.0930 0.2183 0.1092 0.1798 0.0991 
         383  1 0.2213 0.2989 0.0792 0.1117 0.0517 0.0510 0.1861 
         384  1 0.1211 0.3763 0.1160 0.1077 0.1369 0.0528 0.0893 
         385  1 0.1199 0.0778 0.0842 0.0912 0.1298 0.1407 0.3564 
         386  1 0.0698 0.0762 0.0782 0.0813 0.0665 0.5352 0.0928 
         387  1 0.3182 0.2217 0.1110 0.0736 0.0822 0.0959 0.0974 
         388  1 0.0811 0.1046 0.1846 0.1156 0.1076 0.2651 0.1415 
         389  1 0.1006 0.0885 0.1006 0.2454 0.0797 0.2745 0.1106 
         390  1 0.2250 0.1487 0.1412 0.1143 0.1029 0.1384 0.1295 
         391  1 0.0933 0.0707 0.1452 0.0818 0.1938 0.1743 0.2409 
         392  1 0.1542 0.2018 0.1255 0.2018 0.0926 0.1090 0.1151 
         393  1 0.0790 0.2871 0.3167 0.0830 0.0813 0.0649 0.0879 
         394  1 0.1005 0.1821 0.1338 0.1573 0.2029 0.1340 0.0894 
         395  1 0.1268 0.1040 0.0905 0.0951 0.1170 0.3373 0.1292 
         396  1 0.1124 0.1227 0.1323 0.1559 0.1051 0.1784 0.1931 
         397  1 0.1204 0.1345 0.1469 0.1281 0.1609 0.0642 0.2450 
         398  1 0.2419 0.1106 0.1398 0.1003 0.2038 0.1067 0.0969 
         399  1 0.1878 0.1222 0.1046 0.2933 0.0949 0.1063 0.0910 
         400  1 0.2352 0.1584 0.2499 0.1316 0.0856 0.0311 0.1083 
         401  1 0.1471 0.1127 0.0758 0.1894 0.0728 0.2860 0.1162 
         402  1 0.0851 0.1762 0.1097 0.2608 0.1085 0.1205 0.1393 
         403  1 0.0923 0.1034 0.1268 0.0737 0.1475 0.2806 0.1757 
         404  1 0.1221 0.1154 0.2749 0.1041 0.1715 0.0690 0.1430 
         405  1 0.0765 0.1220 0.0823 0.0791 0.2252 0.3418 0.0732 
         406  1 0.0710 0.3130 0.1801 0.1853 0.0810 0.1007 0.0690 
         407  1 0.1293 0.1558 0.1256 0.1397 0.1862 0.1291 0.1343 
         408  1 0.3196 0.1368 0.0678 0.1800 0.0660 0.1488 0.0810 
         409  1 0.4013 0.1475 0.0674 0.2039 0.0469 0.0687 0.0644 
         410  1 0.4112 0.1089 0.0935 0.0887 0.1355 0.0481 0.1141 
         411  1 0.1467 0.1346 0.2086 0.2583 0.0908 0.0697 0.0913 
         412  1 0.0595 0.0944 0.0858 0.0668 0.1131 0.4415 0.1390 
         413  1 0.1356 0.2767 0.0867 0.2653 0.0606 0.0835 0.0917 
         414  1 0.0499 0.1870 0.1973 0.0827 0.2496 0.0995 0.1341 
         415  1 0.0910 0.1704 0.0897 0.0884 0.1681 0.2940 0.0984 
         416  1 0.1103 0.0662 0.1236 0.0776 0.2878 0.2335 0.1009 
         417  1 0.1479 0.1432 0.1128 0.2121 0.0794 0.1361 0.1684 
         418  1 0.0931 0.3343 0.2120 0.0830 0.0619 0.1259 0.0897 
         419  1 0.1734 0.1123 0.1693 0.1171 0.1481 0.1594 0.1204 
         420  1 0.1275 0.1331 0.1484 0.1864 0.1487 0.1206 0.1351 
         421  1 0.2857 0.0764 0.0773 0.0689 0.1142 0.1040 0.2736 
         422  1 0.1275 0.1312 0.1352 0.1237 0.3777 0.0441 0.0606 
         423  1 0.1896 0.1702 0.1109 0.0940 0.2430 0.0809 0.1114 
         424  1 0.2050 0.2067 0.0835 0.1355 0.0867 0.0564 0.2262 
         425  1 0.0502 0.1981 0.3057 0.1555 0.0777 0.0846 0.1283 
         426  1 0.0750 0.0591 0.0518 0.0697 0.2702 0.4169 0.0573 
         427  1 0.1466 0.1469 0.2293 0.1493 0.1656 0.0778 0.0847 
         428  1 0.0931 0.1041 0.1812 0.1396 0.1391 0.1229 0.2200 
         429  1 0.1718 0.1414 0.1252 0.1332 0.0815 0.2030 0.1439 
         430  1 0.1223 0.0764 0.2100 0.0977 0.2578 0.1127 0.1231 
         431  1 0.1714 0.1603 0.1039 0.3170 0.0720 0.0847 0.0906 
         432  1 0.0832 0.0709 0.2061 0.0630 0.3528 0.0752 0.1487 
         433  1 0.1052 0.1299 0.1633 0.0903 0.1252 0.1753 0.2108 
         434  1 0.0888 0.1016 0.1532 0.1401 0.1068 0.1658 0.2437 
         435  1 0.0844 0.2179 0.1817 0.2225 0.1002 0.1040 0.0893 
         436  1 0.2235 0.1297 0.0652 0.0973 0.3015 0.0886 0.0943 
         437  1 0.0533 0.1347 0.4214 0.0756 0.1046 0.1252 0.0851 
         438  1 0.0947 0.3160 0.1425 0.1219 0.0638 0.1502 0.1108 
         439  1 0.1401 0.1041 0.0781 0.2692 0.0667 0.1720 0.1698 
         440  1 0.2300 0.1721 0.1222 0.0757 0.1135 0.2316 0.0548 
         441  1 0.2852 0.1634 0.0715 0.1654 0.1153 0.1259 0.0733 
         442  1 0.2929 0.2467 0.0971 0.1662 0.0588 0.0546 0.0837 
         443  1 0.1644 0.1076 0.2925 0.0875 0.1962 0.0770 0.0749 
         444  1 0.0802 0.1190 0.1101 0.1043 0.2398 0.0863 0.2602 
         445  1 0.1690 0.2018 0.2393 0.0776 0.1076 0.1081 0.0966 
         446  1 0.1178 0.1461 0.1509 0.1541 0.1184 0.0822 0.2305 
         447  1 0.1048 0.1539 0.2415 0.0676 0.1319 0.2539 0.0465 
         448  1 0.2005 0.1341 0.1169 0.2341 0.1181 0.0912 0.1051 
         449  1 0.0774 0.4055 0.1453 0.1104 0.0563 0.1542 0.0509 
         450  1 0.1729 0.0781 0.1205 0.1444 0.1076 0.1842 0.1923 
         451  1 0.1165 0.1788 0.0656 0.3377 0.0663 0.0859 0.1492 
         452  1 0.1221 0.0843 0.1680 0.0766 0.2332 0.0761 0.2399 
         453  1 0.0906 0.1386 0.0828 0.1284 0.1471 0.1492 0.2633 
         454  1 0.1074 0.1245 0.0731 0.1316 0.2113 0.2131 0.1390 
         455  1 0.0601 0.1003 0.1332 0.1233 0.0918 0.1887 0.3024 
         456  1 0.1219 0.0883 0.1778 0.0796 0.1877 0.0923 0.2524 
         457  1 0.0711 0.0583 0.0393 0.0463 0.2112 0.4702 0.1036 
         458  1 0.0439 0.2860 0.1447 0.2028 0.1125 0.0993 0.1108 
         459  1 0.0803 0.0910 0.1129 0.0809 0.0707 0.4974 0.0667 
         460  1 0.3631 0.0697 0.1686 0.0637 0.1133 0.1265 0.0950 
         461  1 0.0877 0.1132 0.1223 0.2572 0.0544 0.1171 0.2481 
         462  1 0.0866 0.1091 0.1426 0.0837 0.0501 0.4705 0.0575 
         463  1 0.1390 0.1633 0.2094 0.1040 0.2250 0.0587 0.1007 
         464  1 0.1381 0.1772 0.1318 0.0877 0.0928 0.2441 0.1282 
         465  1 0.1705 0.1540 0.1299 0.2366 0.0747 0.0758 0.1586 
         466  1 0.0779 0.1852 0.0851 0.1109 0.1752 0.1556 0.2102 
         467  1 0.0567 0.0899 0.0922 0.0699 0.2254 0.2929 0.1730 
         468  1 0.0605 0.3921 0.1924 0.0887 0.0803 0.1122 0.0737 
         469  1 0.0884 0.0794 0.1250 0.0769 0.3167 0.0975 0.2162 
         470  1 0.1289 0.0830 0.0864 0.0713 0.2678 0.2666 0.0960 
         471  1 0.1137 0.1359 0.1770 0.1371 0.1563 0.0977 0.1822 
         472  1 0.2016 0.1020 0.0544 0.0679 0.1822 0.2556 0.1364 
         473  1 0.1254 0.1338 0.1029 0.1323 0.1584 0.1423 0.2048 
         474  1 0.1475 0.0947 0.0764 0.1390 0.1013 0.3382 0.1027 
         475  1 0.3930 0.0785 0.1307 0.0968 0.1242 0.0586 0.1184 
         476  1 0.0953 0.1165 0.1907 0.1428 0.1056 0.0879 0.2612 
         477  1 0.1059 0.1084 0.2359 0.1640 0.1063 0.1007 0.1788 
         478  1 0.1322 0.1874 0.1485 0.1820 0.1196 0.0882 0.1421 
         479  1 0.1074 0.2387 0.2085 0.1218 0.1783 0.0812 0.0641 
         480  1 0.1535 0.1265 0.0915 0.0995 0.0688 0.2143 0.2459 
         481  1 0.1082 0.1081 0.1515 0.3535 0.0673 0.0692 0.1422 
         482  1 0.1813 0.1659 0.2864 0.1730 0.0635 0.0539 0.0760 
         483  1 0.1444 0.0913 0.1100 0.1278 0.1716 0.1694 0.1857 
         484  1 0.0889 0.1383 0.1238 0.0899 0.0669 0.0519 0.4402 
         485  1 0.1701 0.1798 0.1227 0.2554 0.0618 0.0862 0.1240 
         486  1 0.4450 0.1493 0.0995 0.0945 0.0639 0.0961 0.0517 
         487  1 0.2378 0.1490 0.1009 0.1466 0.0509 0.2258 0.0891 
         488  1 0.1033 0.0920 0.0938 0.2039 0.0852 0.3044 0.1174 
         489  1 0.2815 0.0988 0.0875 0.1218 0.0949 0.2265 0.0890 
         490  1 0.2371 0.0949 0.1541 0.2367 0.0721 0.1137 0.0914 
         491  1 0.3320 0.1283 0.0615 0.1512 0.0512 0.1288 0.1470 
         492  1 0.2297 0.1290 0.1406 0.1658 0.1133 0.1263 0.0953 
         493  1 0.1695 0.1348 0.2550 0.2432 0.0760 0.0617 0.0598 
         494  1 0.1671 0.0858 0.0992 0.2237 0.0750 0.1673 0.1819 
         495  1 0.1536 0.2262 0.1025 0.1615 0.0795 0.1304 0.1463 
         496  1 0.1509 0.1774 0.1518 0.2514 0.0676 0.0473 0.1536 
         497  1 0.1908 0.1076 0.0979 0.3547 0.0662 0.0921 0.0906 
         498  1 0.0597 0.3359 0.1096 0.1499 0.1271 0.1389 0.0789 
         499  1 0.0976 0.1179 0.0835 0.1223 0.2343 0.2241 0.1204 
         500  1 0.0565 0.1423 0.1999 0.0780 0.3244 0.0921 0.1067 
         501  1 0.0927 0.1293 0.2490 0.1396 0.1903 0.0516 0.1475 
         502  1 0.1293 0.1346 0.2583 0.1182 0.1477 0.0829 0.1290 
         503  1 0.0860 0.2268 0.3970 0.1005 0.0904 0.0376 0.0616 
         504  1 0.1151 0.3113 0.2479 0.1271 0.0571 0.0340 0.1075 
         505  1 0.0418 0.2206 0.4001 0.0885 0.0792 0.0678 0.1018 
         506  1 0.1042 0.0862 0.1704 0.0598 0.2156 0.1363 0.2275 
         507  1 0.0989 0.2379 0.1999 0.1762 0.1496 0.0566 0.0810 
         508  1 0.1454 0.1470 0.2077 0.1729 0.1353 0.0808 0.1109 
         509  1 0.1570 0.0865 0.1996 0.0713 0.1847 0.1564 0.1446 
         510  1 0.1199 0.1501 0.1721 0.2219 0.1307 0.0652 0.1401 
         511  1 0.1824 0.1013 0.0745 0.1612 0.0865 0.2265 0.1676 
         512  1 0.0545 0.0721 0.1144 0.0607 0.2180 0.2617 0.2186 
         513  1 0.1758 0.1105 0.0949 0.1885 0.0989 0.1534 0.1781 
         514  1 0.1098 0.2046 0.2243 0.1992 0.0487 0.1488 0.0646 
         515  1 0.0986 0.1395 0.0991 0.2152 0.1219 0.1911 0.1348 
         516  1 0.1238 0.0761 0.0763 0.0541 0.1298 0.3640 0.1761 
         517  1 0.1231 0.1535 0.1037 0.1198 0.2739 0.1358 0.0903 
         518  1 0.0796 0.3025 0.2776 0.1440 0.0668 0.0699 0.0596 
         519  1 0.1170 0.0786 0.0777 0.0814 0.2355 0.1420 0.2678 
         520  1 0.0526 0.0798 0.1299 0.0589 0.1679 0.0753 0.4356 
         521  1 0.1382 0.0494 0.1218 0.0520 0.3546 0.1458 0.1382 
         522  1 0.2263 0.0925 0.1502 0.1077 0.1317 0.1990 0.0927 
         523  1 0.0735 0.2430 0.3118 0.1119 0.1065 0.0535 0.0998 
         524  1 0.4385 0.0849 0.0965 0.1030 0.1709 0.0504 0.0558 
         525  1 0.1181 0.3064 0.1165 0.1323 0.0662 0.1852 0.0752 
         526  1 0.2905 0.1520 0.0561 0.1203 0.2284 0.0689 0.0838 
         527  1 0.1186 0.1645 0.1524 0.1695 0.0522 0.2569 0.0860 
         528  1 0.1592 0.1445 0.2212 0.0975 0.0559 0.2594 0.0622 
         529  1 0.0693 0.1465 0.0903 0.1684 0.0620 0.2691 0.1944 
         530  1 0.1551 0.0914 0.2627 0.1449 0.1224 0.0967 0.1268 
         531  1 0.0603 0.0951 0.1062 0.5143 0.0511 0.0803 0.0927 
         532  1 0.1671 0.2010 0.1890 0.2282 0.1000 0.0429 0.0717 
         533  1 0.1158 0.1532 0.2317 0.1006 0.0980 0.0950 0.2057 
         534  1 0.1708 0.1282 0.0948 0.1328 0.0779 0.1843 0.2112 
         535  1 0.0739 0.2863 0.2746 0.1774 0.0647 0.0593 0.0638 
         536  1 0.1206 0.2232 0.0890 0.1500 0.0641 0.2623 0.0907 
         537  1 0.2450 0.1278 0.0667 0.2556 0.0638 0.1221 0.1190 
         538  1 0.3000 0.1004 0.1138 0.0663 0.1833 0.1012 0.1351 
         539  1 0.0652 0.0861 0.0654 0.3443 0.2349 0.0779 0.1263 
         540  1 0.1704 0.4237 0.0678 0.1496 0.0485 0.0737 0.0663 
         541  1 0.2368 0.1731 0.0868 0.1314 0.0988 0.1545 0.1188 
         542  1 0.0803 0.3233 0.0877 0.1849 0.1211 0.1349 0.0678 
         543  1 0.0829 0.2497 0.2141 0.1737 0.0842 0.0538 0.1415 
         544  1 0.0794 0.1037 0.1337 0.0740 0.3095 0.0778 0.2218 
         545  1 0.1443 0.0955 0.0547 0.0824 0.1540 0.2776 0.1915 
         546  1 0.0508 0.1404 0.1616 0.2222 0.0673 0.0662 0.2915 
         547  1 0.1287 0.1279 0.1185 0.0715 0.1360 0.1316 0.2858 
         548  1 0.0496 0.1150 0.1804 0.2720 0.1256 0.1629 0.0945 
         549  1 0.1044 0.0820 0.0790 0.1650 0.2100 0.2139 0.1456 
         550  1 0.2009 0.1592 0.0685 0.1365 0.1037 0.1369 0.1943 
         551  1 0.4807 0.1361 0.0836 0.0839 0.0650 0.0674 0.0833 
         552  1 0.1029 0.1424 0.0927 0.3354 0.0683 0.1120 0.1464 
         553  1 0.0604 0.0979 0.0771 0.1645 0.1041 0.0559 0.4401 
         554  1 0.1208 0.0885 0.0563 0.0847 0.3509 0.2197 0.0791 
         555  1 0.2740 0.1430 0.0891 0.1728 0.0769 0.1539 0.0903 
         556  1 0.1992 0.1798 0.0829 0.1113 0.1233 0.1269 0.1766 
         557  1 0.1067 0.1150 0.0684 0.2731 0.1362 0.1252 0.1755 
         558  1 0.0596 0.1167 0.1994 0.0951 0.0823 0.0721 0.3747 
         559  1 0.1174 0.2066 0.0583 0.0781 0.3031 0.0708 0.1657 
         560  1 0.1374 0.1647 0.2373 0.0666 0.1141 0.1588 0.1210 
         561  1 0.2620 0.0682 0.0800 0.0437 0.3111 0.1066 0.1284 
         562  1 0.1091 0.1291 0.1282 0.3989 0.1055 0.0436 0.0855 
         563  1 0.3367 0.0703 0.0924 0.0602 0.0626 0.0994 0.2785 
         564  1 0.0929 0.2424 0.1018 0.1413 0.1699 0.1016 0.1500 
         565  1 0.2851 0.1506 0.2241 0.0956 0.1476 0.0540 0.0429 
         566  1 0.1964 0.0997 0.1681 0.0827 0.2660 0.1117 0.0755 
         567  1 0.2496 0.2077 0.0647 0.1384 0.0622 0.1774 0.1000 
         568  1 0.1906 0.3173 0.1145 0.2221 0.0426 0.0650 0.0479 
         569  1 0.5569 0.1008 0.0633 0.0702 0.0714 0.0901 0.0474 
         570  1 0.0603 0.1036 0.0934 0.5115 0.0708 0.0608 0.0995 
         571  1 0.1463 0.0806 0.0497 0.0564 0.4595 0.1169 0.0905 
         572  1 0.1240 0.0915 0.1068 0.0777 0.1428 0.3694 0.0878 
         573  1 0.0613 0.4121 0.0981 0.1301 0.1490 0.0654 0.0841 
         574  1 0.1263 0.1535 0.1227 0.3262 0.0957 0.0818 0.0938 
         575  1 0.2231 0.1591 0.0544 0.1154 0.2634 0.0966 0.0881 
         576  1 0.0927 0.1550 0.1068 0.1791 0.0822 0.1808 0.2034 
         577  1 0.0593 0.1500 0.1103 0.4441 0.0609 0.0752 0.1002 
         578  1 0.1212 0.0717 0.1210 0.0815 0.4842 0.0568 0.0636 
         579  1 0.4208 0.1260 0.0954 0.0879 0.0955 0.0575 0.1169 
         580  1 0.2355 0.2845 0.0864 0.0734 0.0684 0.0932 0.1586 
         581  1 0.1490 0.0979 0.0874 0.0814 0.1635 0.1727 0.2481 
         582  1 0.0443 0.1248 0.0920 0.0709 0.1360 0.1603 0.3716 
         583  1 0.0509 0.0956 0.5976 0.0556 0.1138 0.0362 0.0504 
         584  1 0.3426 0.0713 0.0842 0.0579 0.0984 0.0978 0.2479 
         585  1 0.1667 0.3050 0.0700 0.2598 0.0437 0.0434 0.1116 
         586  1 0.0865 0.1380 0.0963 0.0686 0.1271 0.0705 0.4132 
         587  1 0.1153 0.1475 0.1039 0.4211 0.0609 0.0618 0.0896 
         588  1 0.1317 0.2402 0.1176 0.3173 0.0573 0.0637 0.0723 
         589  1 0.0863 0.1426 0.1445 0.1252 0.0918 0.1900 0.2195 
         590  1 0.4146 0.1316 0.2050 0.0911 0.0648 0.0606 0.0323 
         591  1 0.2143 0.0935 0.0938 0.0747 0.1507 0.1392 0.2338 
         592  1 0.2428 0.1853 0.3024 0.1165 0.0605 0.0551 0.0375 
         593  1 0.3148 0.0927 0.0820 0.0681 0.3076 0.0657 0.0691 
         594  1 0.1919 0.1551 0.1863 0.1600 0.1561 0.0573 0.0933 
         595  1 0.0673 0.1417 0.2600 0.1167 0.0702 0.1495 0.1946 
         596  1 0.0890 0.0402 0.1007 0.0632 0.1628 0.1002 0.4439 
         597  1 0.0663 0.0968 0.0666 0.5908 0.0368 0.0454 0.0973 
         598  1 0.1281 0.2137 0.0996 0.1922 0.0926 0.1029 0.1708 
         599  1 0.3667 0.0963 0.1354 0.1382 0.1018 0.0944 0.0673 
         600  1 0.3257 0.1809 0.1838 0.1157 0.0815 0.0631 0.0493 
         601  1 0.0808 0.1333 0.1125 0.4245 0.0912 0.0586 0.0990 
         602  1 0.5397 0.0938 0.0456 0.1203 0.0436 0.0856 0.0713 
         603  1 0.2390 0.0892 0.0661 0.3260 0.0468 0.0983 0.1346 
         604  1 0.1847 0.0747 0.1104 0.0720 0.1357 0.2877 0.1348 
         605  1 0.1843 0.1708 0.1060 0.0820 0.0766 0.2327 0.1476 
         606  1 0.1238 0.2783 0.2146 0.1418 0.1165 0.0573 0.0677 
