           1  1 0.3200 0.1857 0.2252 0.2691 
           2  1 0.2136 0.4123 0.2381 0.1359 
           3  1 0.1495 0.1874 0.4715 0.1915 
           4  1 0.1779 0.1844 0.1742 0.4635 
           5  1 0.1930 0.1814 0.3156 0.3100 
           6  1 0.2806 0.1907 0.2794 0.2493 
           7  1 0.1607 0.3415 0.3158 0.1820 
           8  1 0.2162 0.2388 0.2923 0.2527 
           9  1 0.2387 0.1879 0.2745 0.2988 
          10  1 0.1955 0.4011 0.1493 0.2541 
          11  1 0.1606 0.2210 0.3429 0.2756 
          12  1 0.1616 0.2275 0.2160 0.3949 
          13  1 0.2867 0.1678 0.2547 0.2908 
          14  1 0.1432 0.1664 0.5045 0.1858 
          15  1 0.1245 0.1141 0.4478 0.3136 
          16  1 0.2516 0.2057 0.3126 0.2301 
          17  1 0.4481 0.1815 0.1707 0.1997 
          18  1 0.1720 0.2268 0.3388 0.2624 
          19  1 0.2841 0.2891 0.1644 0.2624 
          20  1 0.2311 0.2682 0.2991 0.2015 
          21  1 0.2731 0.1939 0.2698 0.2632 
          22  1 0.1526 0.3061 0.3336 0.2077 
          23  1 0.2409 0.2163 0.2144 0.3284 
          24  1 0.4188 0.2324 0.1617 0.1870 
          25  1 0.3156 0.2039 0.2541 0.2264 
          26  1 0.1630 0.2005 0.2902 0.3463 
          27  1 0.1945 0.5706 0.1190 0.1159 
          28  1 0.1340 0.1583 0.5801 0.1275 
          29  1 0.1920 0.3972 0.1014 0.3094 
          30  1 0.2528 0.0949 0.3109 0.3414 
          31  1 0.3209 0.2689 0.1866 0.2236 
          32  1 0.2119 0.1687 0.2414 0.3780 
          33  1 0.3040 0.1521 0.3969 0.1470 
          34  1 0.2913 0.2236 0.2606 0.2245 
          35  1 0.2257 0.1521 0.3087 0.3135 
          36  1 0.1455 0.1674 0.2745 0.4126 
          37  1 0.1896 0.3917 0.1763 0.2424 
          38  1 0.1471 0.4585 0.1326 0.2619 
          39  1 0.2236 0.1297 0.3352 0.3114 
          40  1 0.3547 0.1942 0.2198 0.2312 
          41  1 0.1106 0.2273 0.2657 0.3964 
          42  1 0.3618 0.2607 0.1726 0.2048 
          43  1 0.1886 0.3580 0.2239 0.2295 
          44  1 0.2835 0.2130 0.2609 0.2426 
          45  1 0.4401 0.1400 0.2319 0.1880 
          46  1 0.3391 0.3639 0.1935 0.1035 
          47  1 0.2196 0.1548 0.2000 0.4256 
          48  1 0.1913 0.3482 0.1493 0.3112 
          49  1 0.2926 0.1620 0.2831 0.2622 
          50  1 0.1523 0.2461 0.3973 0.2043 
          51  1 0.5564 0.1213 0.1134 0.2088 
          52  1 0.4213 0.1808 0.2512 0.1467 
          53  1 0.2636 0.1499 0.3558 0.2307 
          54  1 0.3986 0.2234 0.1244 0.2535 
          55  1 0.3538 0.3667 0.1587 0.1208 
          56  1 0.3227 0.3348 0.1219 0.2207 
          57  1 0.6155 0.2052 0.0988 0.0805 
          58  1 0.2306 0.3106 0.2837 0.1752 
          59  1 0.3939 0.1041 0.3804 0.1216 
          60  1 0.1947 0.2182 0.3203 0.2668 
          61  1 0.1780 0.2893 0.2709 0.2619 
          62  1 0.1928 0.1540 0.2396 0.4137 
          63  1 0.2134 0.2123 0.1898 0.3845 
          64  1 0.2985 0.1891 0.2097 0.3026 
          65  1 0.2817 0.3406 0.2395 0.1381 
          66  1 0.1321 0.5335 0.1921 0.1423 
          67  1 0.1283 0.1591 0.3781 0.3345 
          68  1 0.1582 0.2651 0.2579 0.3188 
          69  1 0.1225 0.4503 0.1887 0.2385 
          70  1 0.2008 0.2548 0.2486 0.2957 
          71  1 0.3331 0.3776 0.1960 0.0933 
          72  1 0.5187 0.1751 0.2036 0.1025 
          73  1 0.1408 0.4351 0.1680 0.2562 
          74  1 0.3019 0.2221 0.2352 0.2408 
          75  1 0.0958 0.2692 0.5200 0.1150 
          76  1 0.1627 0.2264 0.2389 0.3720 
          77  1 0.1021 0.3344 0.4294 0.1341 
          78  1 0.2578 0.1650 0.1425 0.4348 
          79  1 0.1354 0.3021 0.1822 0.3803 
          80  1 0.1493 0.1142 0.3657 0.3709 
          81  1 0.1489 0.1612 0.5011 0.1888 
          82  1 0.3920 0.1499 0.2619 0.1962 
          83  1 0.1236 0.1406 0.4319 0.3039 
          84  1 0.1694 0.1281 0.2642 0.4383 
          85  1 0.2514 0.4219 0.1657 0.1610 
          86  1 0.2437 0.2160 0.3503 0.1900 
          87  1 0.2979 0.2823 0.2013 0.2185 
          88  1 0.1578 0.4744 0.1810 0.1868 
          89  1 0.2624 0.2429 0.3680 0.1267 
          90  1 0.3211 0.3280 0.1856 0.1653 
          91  1 0.2182 0.2369 0.2561 0.2887 
          92  1 0.1152 0.3661 0.3002 0.2185 
          93  1 0.4241 0.2176 0.2158 0.1425 
          94  1 0.2192 0.2292 0.3962 0.1554 
          95  1 0.1536 0.1299 0.1587 0.5578 
          96  1 0.1013 0.3550 0.1804 0.3633 
          97  1 0.1859 0.2441 0.3294 0.2405 
          98  1 0.2827 0.1152 0.1297 0.4723 
          99  1 0.3358 0.2015 0.2707 0.1920 
         100  1 0.1913 0.2477 0.2998 0.2613 
         101  1 0.2873 0.2609 0.2803 0.1715 
         102  1 0.1831 0.1700 0.4151 0.2317 
         103  1 0.1364 0.2479 0.4737 0.1420 
         104  1 0.2089 0.2640 0.2081 0.3189 
         105  1 0.2779 0.1915 0.2669 0.2638 
         106  1 0.1482 0.3338 0.4139 0.1040 
         107  1 0.1819 0.3629 0.1855 0.2697 
         108  1 0.3630 0.1839 0.2249 0.2282 
         109  1 0.1803 0.1560 0.4327 0.2311 
         110  1 0.1447 0.3804 0.1957 0.2792 
         111  1 0.1367 0.1297 0.2820 0.4515 
         112  1 0.3784 0.1727 0.2496 0.1992 
         113  1 0.4201 0.1671 0.2263 0.1865 
         114  1 0.2170 0.2862 0.2796 0.2172 
         115  1 0.3203 0.3691 0.1922 0.1184 
         116  1 0.3037 0.3173 0.2368 0.1423 
         117  1 0.2110 0.4637 0.1563 0.1690 
         118  1 0.4425 0.2278 0.1573 0.1724 
         119  1 0.2169 0.2926 0.3641 0.1263 
         120  1 0.2675 0.1728 0.3985 0.1611 
         121  1 0.4106 0.2081 0.1770 0.2044 
         122  1 0.0969 0.3339 0.1733 0.3959 
         123  1 0.2047 0.2760 0.1732 0.3460 
         124  1 0.2322 0.5164 0.1167 0.1347 
         125  1 0.3254 0.4063 0.1500 0.1182 
         126  1 0.1720 0.6354 0.1032 0.0894 
         127  1 0.1593 0.5335 0.1778 0.1294 
         128  1 0.2078 0.3253 0.2121 0.2548 
         129  1 0.2586 0.2961 0.1740 0.2713 
         130  1 0.0961 0.1467 0.5061 0.2512 
         131  1 0.1520 0.1816 0.3474 0.3189 
         132  1 0.3019 0.1725 0.2821 0.2435 
         133  1 0.3005 0.1974 0.1888 0.3134 
         134  1 0.1137 0.1796 0.3399 0.3668 
         135  1 0.3334 0.1573 0.3869 0.1224 
         136  1 0.1739 0.1475 0.1880 0.4906 
         137  1 0.1183 0.1036 0.3347 0.4435 
         138  1 0.1255 0.1521 0.2248 0.4976 
         139  1 0.4439 0.1487 0.1637 0.2437 
         140  1 0.2226 0.1800 0.3751 0.2222 
         141  1 0.2885 0.1142 0.4300 0.1673 
         142  1 0.3102 0.1688 0.2280 0.2930 
         143  1 0.3617 0.1583 0.2988 0.1813 
         144  1 0.3166 0.3502 0.1429 0.1903 
         145  1 0.2964 0.2415 0.1421 0.3200 
         146  1 0.6654 0.0848 0.1502 0.0996 
         147  1 0.1302 0.1596 0.1411 0.5691 
         148  1 0.3449 0.2110 0.2286 0.2156 
         149  1 0.1795 0.2846 0.2069 0.3290 
         150  1 0.1452 0.1222 0.1534 0.5792 
         151  1 0.3030 0.2086 0.2805 0.2078 
         152  1 0.2952 0.1890 0.3288 0.1870 
         153  1 0.2514 0.2944 0.2528 0.2014 
         154  1 0.1936 0.1978 0.2511 0.3575 
         155  1 0.2439 0.1920 0.1635 0.4007 
         156  1 0.2046 0.3103 0.1205 0.3646 
         157  1 0.1823 0.2297 0.3022 0.2858 
         158  1 0.2877 0.1374 0.2207 0.3542 
         159  1 0.2041 0.1944 0.3306 0.2709 
         160  1 0.1454 0.1018 0.2167 0.5362 
         161  1 0.3023 0.1781 0.2982 0.2214 
         162  1 0.1252 0.3404 0.3415 0.1930 
         163  1 0.1940 0.3328 0.2193 0.2538 
         164  1 0.1676 0.1602 0.3917 0.2804 
         165  1 0.1913 0.3127 0.2725 0.2235 
         166  1 0.3020 0.1107 0.1524 0.4350 
         167  1 0.2070 0.3303 0.1651 0.2976 
         168  1 0.1558 0.1091 0.2525 0.4826 
         169  1 0.2489 0.2769 0.3080 0.1662 
         170  1 0.2249 0.1211 0.5573 0.0967 
         171  1 0.2051 0.1573 0.1841 0.4535 
         172  1 0.4130 0.2086 0.1760 0.2024 
         173  1 0.2846 0.1622 0.4145 0.1386 
         174  1 0.3715 0.2573 0.2043 0.1669 
         175  1 0.3520 0.2037 0.2709 0.1734 
         176  1 0.2458 0.1355 0.3627 0.2560 
         177  1 0.3279 0.3116 0.2082 0.1523 
         178  1 0.4085 0.1646 0.1952 0.2317 
         179  1 0.3191 0.3075 0.1403 0.2331 
         180  1 0.1325 0.1779 0.2597 0.4299 
         181  1 0.1291 0.1727 0.4862 0.2119 
         182  1 0.1229 0.1456 0.1302 0.6012 
         183  1 0.2843 0.1746 0.1795 0.3616 
         184  1 0.1694 0.2076 0.4276 0.1953 
         185  1 0.2371 0.4226 0.2037 0.1366 
         186  1 0.1920 0.4936 0.1651 0.1494 
         187  1 0.1171 0.2372 0.2332 0.4124 
         188  1 0.3437 0.3277 0.1553 0.1734 
         189  1 0.2586 0.3459 0.2236 0.1720 
         190  1 0.5683 0.2020 0.1193 0.1104 
         191  1 0.3577 0.2617 0.2560 0.1246 
         192  1 0.1626 0.1892 0.3430 0.3052 
         193  1 0.3532 0.2389 0.2500 0.1578 
         194  1 0.1326 0.1111 0.2268 0.5295 
         195  1 0.3680 0.1214 0.2883 0.2222 
         196  1 0.3104 0.3170 0.2531 0.1195 
         197  1 0.4957 0.1785 0.1682 0.1576 
         198  1 0.3479 0.1956 0.3241 0.1323 
         199  1 0.0839 0.6969 0.1076 0.1116 
         200  1 0.1650 0.4674 0.1435 0.2241 
         201  1 0.2046 0.4385 0.1851 0.1718 
         202  1 0.1183 0.1787 0.1871 0.5159 
         203  1 0.3200 0.2958 0.1651 0.2191 
         204  1 0.2653 0.4509 0.1604 0.1234 
         205  1 0.1543 0.4590 0.1648 0.2219 
         206  1 0.1415 0.5156 0.1307 0.2122 
         207  1 0.2184 0.1936 0.3703 0.2177 
         208  1 0.1833 0.1408 0.3481 0.3278 
         209  1 0.2401 0.3885 0.2441 0.1274 
         210  1 0.4688 0.1947 0.1818 0.1547 
         211  1 0.4909 0.2520 0.1482 0.1089 
         212  1 0.1129 0.1717 0.1248 0.5905 
         213  1 0.3701 0.2072 0.2652 0.1575 
         214  1 0.3399 0.2923 0.2761 0.0918 
         215  1 0.4639 0.1827 0.1949 0.1585 
         216  1 0.3700 0.1246 0.2253 0.2801 
         217  1 0.4441 0.2356 0.1585 0.1617 
         218  1 0.3786 0.1488 0.2083 0.2644 
         219  1 0.2085 0.5775 0.1473 0.0668 
         220  1 0.2261 0.2603 0.1139 0.3997 
         221  1 0.1985 0.4544 0.1483 0.1988 
         222  1 0.3788 0.1348 0.2229 0.2635 
         223  1 0.5292 0.2750 0.0777 0.1180 
         224  1 0.1878 0.5436 0.1315 0.1371 
         225  1 0.5576 0.1698 0.1674 0.1052 
         226  1 0.2991 0.3200 0.2558 0.1251 
         227  1 0.2158 0.2605 0.3187 0.2051 
         228  1 0.1166 0.1569 0.1399 0.5867 
         229  1 0.2061 0.2797 0.2230 0.2912 
         230  1 0.2185 0.5290 0.1614 0.0911 
         231  1 0.2563 0.5275 0.1188 0.0974 
         232  1 0.1368 0.2663 0.4298 0.1672 
         233  1 0.1589 0.1246 0.1796 0.5370 
         234  1 0.3887 0.2224 0.1657 0.2232 
         235  1 0.2197 0.3616 0.2008 0.2180 
         236  1 0.1823 0.1414 0.2226 0.4537 
         237  1 0.4464 0.1882 0.1691 0.1964 
         238  1 0.0971 0.2705 0.4697 0.1627 
         239  1 0.1502 0.1143 0.3127 0.4228 
         240  1 0.4203 0.1323 0.3283 0.1191 
         241  1 0.2180 0.3090 0.3643 0.1087 
         242  1 0.1487 0.3515 0.2451 0.2547 
         243  1 0.3266 0.2744 0.1714 0.2276 
         244  1 0.2725 0.1089 0.4585 0.1602 
         245  1 0.2693 0.1080 0.4604 0.1623 
         246  1 0.2663 0.2545 0.1558 0.3235 
         247  1 0.1420 0.2097 0.5139 0.1343 
         248  1 0.3970 0.1297 0.3343 0.1389 
         249  1 0.1763 0.4009 0.1985 0.2243 
         250  1 0.5496 0.2018 0.1660 0.0825 
         251  1 0.2718 0.1902 0.2280 0.3099 
         252  1 0.2557 0.1566 0.2586 0.3292 
         253  1 0.3237 0.1282 0.2279 0.3203 
         254  1 0.2538 0.1867 0.2261 0.3334 
         255  1 0.2503 0.2341 0.3345 0.1810 
         256  1 0.1697 0.2221 0.4642 0.1440 
         257  1 0.2253 0.4786 0.1400 0.1561 
         258  1 0.1500 0.1563 0.1749 0.5188 
         259  1 0.6892 0.1291 0.0757 0.1060 
         260  1 0.3525 0.1666 0.2481 0.2328 
         261  1 0.2315 0.1997 0.2619 0.3070 
         262  1 0.1562 0.2296 0.2717 0.3426 
         263  1 0.1601 0.1463 0.2620 0.4316 
         264  1 0.2474 0.1303 0.2369 0.3855 
         265  1 0.1731 0.2727 0.3741 0.1800 
         266  1 0.4772 0.2126 0.1867 0.1235 
         267  1 0.1744 0.3366 0.2241 0.2649 
         268  1 0.3310 0.1364 0.2676 0.2649 
         269  1 0.1597 0.4045 0.2115 0.2243 
         270  1 0.2817 0.4298 0.1860 0.1024 
         271  1 0.2253 0.3661 0.1644 0.2442 
         272  1 0.3168 0.1711 0.2859 0.2262 
         273  1 0.2932 0.2981 0.1900 0.2186 
         274  1 0.1159 0.3078 0.1156 0.4607 
         275  1 0.4400 0.1759 0.2071 0.1770 
         276  1 0.1839 0.1066 0.5199 0.1896 
         277  1 0.3034 0.4012 0.1856 0.1098 
         278  1 0.2652 0.1744 0.4008 0.1597 
         279  1 0.1107 0.3057 0.4127 0.1708 
         280  1 0.1649 0.4085 0.3218 0.1048 
         281  1 0.2179 0.3601 0.2710 0.1509 
         282  1 0.1973 0.1596 0.4427 0.2004 
         283  1 0.1202 0.1697 0.2068 0.5033 
         284  1 0.1593 0.2293 0.4574 0.1540 
         285  1 0.2046 0.2328 0.1120 0.4506 
         286  1 0.2055 0.1527 0.3685 0.2733 
         287  1 0.2306 0.1186 0.4061 0.2447 
         288  1 0.1902 0.4612 0.1666 0.1820 
         289  1 0.1388 0.1686 0.1949 0.4978 
         290  1 0.2214 0.2375 0.3301 0.2110 
         291  1 0.2370 0.2025 0.2189 0.3417 
         292  1 0.2464 0.2386 0.2526 0.2625 
         293  1 0.1855 0.2181 0.1631 0.4333 
         294  1 0.1713 0.3019 0.3745 0.1522 
         295  1 0.1214 0.2673 0.3165 0.2948 
         296  1 0.1683 0.3495 0.2854 0.1968 
         297  1 0.2397 0.1532 0.1384 0.4687 
         298  1 0.3140 0.1286 0.3417 0.2157 
         299  1 0.2058 0.1995 0.1147 0.4800 
         300  1 0.4175 0.2358 0.1674 0.1793 
         301  1 0.2192 0.1799 0.4585 0.1424 
         302  1 0.6187 0.1244 0.1330 0.1239 
         303  1 0.1844 0.2331 0.2280 0.3545 
         304  1 0.3631 0.2323 0.2829 0.1216 
         305  1 0.2765 0.3021 0.2781 0.1433 
         306  1 0.2602 0.2115 0.4284 0.0999 
         307  1 0.2769 0.1990 0.2636 0.2605 
         308  1 0.1882 0.1494 0.2005 0.4620 
         309  1 0.1486 0.2944 0.1431 0.4138 
         310  1 0.1401 0.1448 0.2506 0.4645 
         311  1 0.1791 0.1660 0.2478 0.4071 
         312  1 0.1613 0.2743 0.4612 0.1031 
         313  1 0.1077 0.2760 0.1374 0.4788 
         314  1 0.1788 0.4625 0.1852 0.1735 
         315  1 0.1762 0.1706 0.3165 0.3367 
         316  1 0.2848 0.0870 0.3245 0.3037 
         317  1 0.2660 0.1643 0.2915 0.2782 
         318  1 0.1699 0.1790 0.2950 0.3561 
         319  1 0.2018 0.2262 0.4615 0.1104 
         320  1 0.2874 0.1940 0.2526 0.2660 
         321  1 0.3170 0.2478 0.1272 0.3080 
         322  1 0.2651 0.3151 0.2605 0.1594 
         323  1 0.3219 0.3827 0.1630 0.1323 
         324  1 0.4679 0.2259 0.1398 0.1664 
         325  1 0.1738 0.1565 0.3502 0.3195 
         326  1 0.3496 0.2668 0.2075 0.1760 
         327  1 0.2675 0.2882 0.2415 0.2028 
         328  1 0.1529 0.3364 0.2808 0.2299 
         329  1 0.1549 0.2451 0.2715 0.3285 
         330  1 0.1326 0.1338 0.3333 0.4003 
         331  1 0.2624 0.1245 0.4348 0.1784 
         332  1 0.2676 0.1559 0.2755 0.3010 
         333  1 0.3836 0.1969 0.1567 0.2629 
         334  1 0.1711 0.3112 0.2434 0.2744 
         335  1 0.1626 0.3157 0.2270 0.2948 
         336  1 0.1873 0.2323 0.2944 0.2860 
         337  1 0.2689 0.1973 0.3622 0.1717 
         338  1 0.1305 0.3013 0.4551 0.1130 
         339  1 0.2559 0.3221 0.2441 0.1779 
         340  1 0.2757 0.2871 0.2412 0.1960 
         341  1 0.2993 0.2189 0.2094 0.2724 
         342  1 0.2432 0.1625 0.2797 0.3146 
         343  1 0.2325 0.2082 0.1241 0.4352 
         344  1 0.1379 0.1074 0.2421 0.5126 
         345  1 0.1582 0.3330 0.3092 0.1996 
         346  1 0.2381 0.2668 0.2329 0.2622 
         347  1 0.1427 0.2894 0.2213 0.3465 
         348  1 0.2214 0.1437 0.3383 0.2967 
         349  1 0.2361 0.2382 0.1838 0.3418 
         350  1 0.1944 0.2359 0.3728 0.1969 
         351  1 0.2793 0.2929 0.2155 0.2124 
         352  1 0.2587 0.1677 0.2546 0.3190 
         353  1 0.1843 0.3045 0.2475 0.2637 
         354  1 0.4317 0.2349 0.1862 0.1472 
         355  1 0.1546 0.1599 0.3947 0.2908 
         356  1 0.1946 0.4614 0.1984 0.1455 
         357  1 0.3641 0.2720 0.1766 0.1872 
         358  1 0.1267 0.2373 0.1676 0.4684 
         359  1 0.3885 0.3071 0.1238 0.1806 
         360  1 0.2944 0.2072 0.2375 0.2609 
         361  1 0.2853 0.1002 0.2536 0.3609 
         362  1 0.3578 0.3114 0.1918 0.1390 
         363  1 0.4542 0.2287 0.1793 0.1378 
         364  1 0.2090 0.3691 0.2108 0.2111 
         365  1 0.2194 0.3510 0.0903 0.3393 
         366  1 0.2200 0.2588 0.1804 0.3409 
         367  1 0.2489 0.2691 0.2361 0.2458 
         368  1 0.2509 0.2762 0.2177 0.2552 
         369  1 0.1559 0.5618 0.1565 0.1257 
         370  1 0.4375 0.1235 0.1624 0.2765 
         371  1 0.2908 0.2375 0.1758 0.2960 
         372  1 0.1892 0.1636 0.4601 0.1871 
         373  1 0.2067 0.2306 0.1804 0.3822 
         374  1 0.1632 0.2344 0.1968 0.4056 
         375  1 0.1242 0.4911 0.1121 0.2727 
         376  1 0.1260 0.2417 0.2756 0.3567 
         377  1 0.1966 0.3955 0.1444 0.2635 
         378  1 0.1855 0.2977 0.2869 0.2299 
         379  1 0.2331 0.3624 0.2034 0.2010 
         380  1 0.1056 0.1299 0.2028 0.5617 
         381  1 0.2837 0.2566 0.2674 0.1923 
         382  1 0.3218 0.1629 0.2050 0.3103 
         383  1 0.1296 0.1916 0.5123 0.1665 
         384  1 0.1514 0.2378 0.3278 0.2831 
         385  1 0.3327 0.2784 0.2522 0.1367 
         386  1 0.5395 0.1351 0.1439 0.1815 
         387  1 0.1936 0.1935 0.3809 0.2320 
         388  1 0.3557 0.2325 0.1546 0.2572 
         389  1 0.3624 0.1509 0.1902 0.2965 
         390  1 0.2435 0.2055 0.3153 0.2357 
         391  1 0.3137 0.3692 0.1723 0.1448 
         392  1 0.2059 0.1943 0.3217 0.2781 
         393  1 0.1573 0.2082 0.1765 0.4581 
         394  1 0.2593 0.2516 0.2238 0.2653 
         395  1 0.4138 0.1894 0.2169 0.1798 
         396  1 0.3177 0.2111 0.2217 0.2494 
         397  1 0.1702 0.3674 0.2520 0.2105 
         398  1 0.2263 0.2613 0.2968 0.2157 
         399  1 0.1904 0.1769 0.3299 0.3028 
         400  1 0.0909 0.2702 0.2922 0.3467 
         401  1 0.3713 0.1427 0.2640 0.2220 
         402  1 0.2438 0.2164 0.2390 0.3008 
         403  1 0.4038 0.2514 0.1857 0.1591 
         404  1 0.1580 0.3865 0.2033 0.2521 
         405  1 0.4246 0.2377 0.1656 0.1721 
         406  1 0.1852 0.1427 0.1949 0.4772 
         407  1 0.2336 0.2722 0.2560 0.2382 
         408  1 0.2295 0.1156 0.4494 0.2055 
         409  1 0.1406 0.0923 0.4900 0.2771 
         410  1 0.1323 0.2592 0.4434 0.1650 
         411  1 0.1484 0.1906 0.2376 0.4235 
         412  1 0.5117 0.2027 0.1380 0.1476 
         413  1 0.1818 0.1366 0.3477 0.3339 
         414  1 0.2112 0.4233 0.1298 0.2356 
         415  1 0.4118 0.1936 0.2037 0.1908 
         416  1 0.3629 0.3020 0.1758 0.1594 
         417  1 0.2420 0.1780 0.2997 0.2803 
         418  1 0.2460 0.1585 0.2092 0.3863 
         419  1 0.2645 0.2673 0.2463 0.2218 
         420  1 0.2177 0.2852 0.2260 0.2711 
         421  1 0.2187 0.2609 0.4316 0.0887 
         422  1 0.1256 0.3706 0.2425 0.2614 
         423  1 0.2009 0.2752 0.3158 0.2081 
         424  1 0.1488 0.1836 0.5002 0.1673 
         425  1 0.2045 0.2165 0.1253 0.4537 
         426  1 0.5355 0.1832 0.1577 0.1235 
         427  1 0.1589 0.2770 0.2597 0.3044 
         428  1 0.2536 0.3094 0.1884 0.2486 
         429  1 0.2953 0.1961 0.2725 0.2361 
         430  1 0.2284 0.3831 0.2033 0.1852 
         431  1 0.1734 0.1418 0.3266 0.3581 
         432  1 0.1640 0.5745 0.1457 0.1158 
         433  1 0.3065 0.2826 0.1970 0.2139 
         434  1 0.3223 0.2774 0.1675 0.2327 
         435  1 0.2097 0.1667 0.1832 0.4405 
         436  1 0.2090 0.2853 0.3584 0.1473 
         437  1 0.2422 0.3075 0.1079 0.3425 
         438  1 0.2534 0.1625 0.2504 0.3337 
         439  1 0.3154 0.1462 0.3066 0.2318 
         440  1 0.3153 0.1647 0.2780 0.2420 
         441  1 0.2290 0.1366 0.3981 0.2364 
         442  1 0.1259 0.1431 0.4284 0.3026 
         443  1 0.1640 0.3842 0.2300 0.2218 
         444  1 0.2388 0.3959 0.1988 0.1665 
         445  1 0.1973 0.2658 0.2562 0.2807 
         446  1 0.1793 0.3252 0.2427 0.2529 
         447  1 0.3137 0.2090 0.1681 0.3092 
         448  1 0.1930 0.2062 0.3301 0.2707 
         449  1 0.2662 0.1220 0.2204 0.3914 
         450  1 0.3180 0.2297 0.2786 0.1737 
         451  1 0.2260 0.1421 0.3795 0.2525 
         452  1 0.1716 0.4884 0.1889 0.1511 
         453  1 0.3092 0.2789 0.2386 0.1733 
         454  1 0.3395 0.2476 0.2449 0.1681 
         455  1 0.3653 0.2415 0.1560 0.2372 
         456  1 0.2002 0.4441 0.2067 0.1490 
         457  1 0.5941 0.1759 0.1525 0.0775 
         458  1 0.2161 0.2296 0.1226 0.4317 
         459  1 0.4941 0.1400 0.1433 0.2226 
         460  1 0.2535 0.2395 0.3034 0.2036 
         461  1 0.2998 0.1750 0.1599 0.3652 
         462  1 0.4464 0.1196 0.1565 0.2774 
         463  1 0.1422 0.3701 0.2597 0.2280 
         464  1 0.3666 0.1812 0.2111 0.2411 
         465  1 0.1720 0.1951 0.3486 0.2843 
         466  1 0.3163 0.2905 0.2159 0.1774 
         467  1 0.4380 0.2894 0.1355 0.1371 
         468  1 0.2476 0.1905 0.1727 0.3892 
         469  1 0.2071 0.4957 0.1492 0.1479 
         470  1 0.4000 0.2497 0.2039 0.1465 
         471  1 0.1896 0.3344 0.2129 0.2631 
         472  1 0.4171 0.1701 0.2992 0.1136 
         473  1 0.2823 0.2915 0.2238 0.2024 
         474  1 0.4314 0.1466 0.2313 0.1907 
         475  1 0.1422 0.2851 0.3954 0.1773 
         476  1 0.1991 0.3370 0.2372 0.2267 
         477  1 0.1947 0.3127 0.2085 0.2841 
         478  1 0.1822 0.2325 0.2425 0.3428 
         479  1 0.1701 0.2419 0.2121 0.3759 
         480  1 0.3435 0.1862 0.3029 0.1675 
         481  1 0.1600 0.2027 0.2477 0.3896 
         482  1 0.1178 0.1763 0.2672 0.4387 
         483  1 0.2983 0.2885 0.2351 0.1780 
         484  1 0.1531 0.3778 0.2896 0.1795 
         485  1 0.1747 0.1561 0.3347 0.3345 
         486  1 0.1702 0.1179 0.4512 0.2607 
         487  1 0.2774 0.1311 0.3650 0.2265 
         488  1 0.3712 0.1693 0.2081 0.2515 
         489  1 0.3010 0.1531 0.3380 0.2079 
         490  1 0.2083 0.1500 0.2618 0.3798 
         491  1 0.2114 0.1323 0.4942 0.1621 
         492  1 0.2156 0.1940 0.3014 0.2891 
         493  1 0.1257 0.1505 0.2411 0.4827 
         494  1 0.3114 0.1680 0.2752 0.2454 
         495  1 0.2448 0.1679 0.3364 0.2509 
         496  1 0.1198 0.2224 0.3371 0.3207 
         497  1 0.1842 0.1447 0.3414 0.3297 
         498  1 0.2716 0.2036 0.1910 0.3338 
         499  1 0.3930 0.2198 0.2031 0.1842 
         500  1 0.1937 0.4633 0.1429 0.2002 
         501  1 0.1256 0.4133 0.1819 0.2792 
         502  1 0.1645 0.3198 0.2117 0.3040 
         503  1 0.1050 0.2093 0.1757 0.5100 
         504  1 0.0912 0.2226 0.2696 0.4165 
         505  1 0.1605 0.2745 0.1175 0.4475 
         506  1 0.2348 0.4667 0.1572 0.1413 
         507  1 0.1557 0.1745 0.2089 0.4609 
         508  1 0.1601 0.2803 0.2299 0.3298 
         509  1 0.2514 0.3670 0.2056 0.1760 
         510  1 0.1588 0.2705 0.2487 0.3220 
         511  1 0.3489 0.1707 0.2977 0.1828 
         512  1 0.4292 0.3257 0.1190 0.1261 
         513  1 0.2599 0.1982 0.3585 0.1834 
         514  1 0.1939 0.1201 0.2002 0.4858 
         515  1 0.3164 0.1980 0.2175 0.2682 
         516  1 0.4493 0.2381 0.2053 0.1073 
         517  1 0.2702 0.2589 0.2514 0.2195 
         518  1 0.1476 0.1430 0.1766 0.5329 
         519  1 0.3334 0.2918 0.2546 0.1201 
         520  1 0.1898 0.5449 0.1440 0.1213 
         521  1 0.2765 0.4440 0.1650 0.1145 
         522  1 0.2831 0.2291 0.2742 0.2135 
         523  1 0.1318 0.2691 0.1735 0.4256 
         524  1 0.1194 0.2445 0.4324 0.2038 
         525  1 0.2915 0.1315 0.2569 0.3202 
         526  1 0.1738 0.2005 0.4839 0.1419 
         527  1 0.3047 0.1183 0.2133 0.3637 
         528  1 0.2900 0.1397 0.2045 0.3658 
         529  1 0.3730 0.1805 0.1995 0.2469 
         530  1 0.1964 0.3365 0.2266 0.2406 
         531  1 0.1701 0.1235 0.1432 0.5632 
         532  1 0.0998 0.2086 0.2953 0.3963 
         533  1 0.2037 0.3246 0.2193 0.2523 
         534  1 0.2835 0.2137 0.2992 0.2036 
         535  1 0.1295 0.1301 0.1920 0.5484 
         536  1 0.3307 0.1403 0.2718 0.2573 
         537  1 0.2297 0.1278 0.4733 0.1692 
         538  1 0.1895 0.3007 0.3895 0.1204 
         539  1 0.2301 0.2991 0.2507 0.2202 
         540  1 0.1804 0.0988 0.4352 0.2856 
         541  1 0.2623 0.1618 0.3555 0.2203 
         542  1 0.2764 0.1672 0.2189 0.3375 
         543  1 0.1395 0.2541 0.2185 0.3879 
         544  1 0.1947 0.4775 0.1967 0.1311 
         545  1 0.4578 0.1742 0.2696 0.0984 
         546  1 0.2186 0.2622 0.1678 0.3515 
         547  1 0.3012 0.2906 0.2494 0.1588 
         548  1 0.2718 0.2152 0.1291 0.3839 
         549  1 0.3898 0.2446 0.1905 0.1752 
         550  1 0.2484 0.1924 0.4039 0.1554 
         551  1 0.1567 0.1418 0.5017 0.1998 
         552  1 0.2462 0.1560 0.2799 0.3179 
         553  1 0.2201 0.3620 0.2867 0.1312 
         554  1 0.4247 0.2039 0.2313 0.1401 
         555  1 0.2490 0.1302 0.3233 0.2975 
         556  1 0.2326 0.2469 0.3795 0.1410 
         557  1 0.2936 0.2096 0.2956 0.2012 
         558  1 0.2191 0.3386 0.1644 0.2780 
         559  1 0.2159 0.3251 0.3404 0.1186 
         560  1 0.2570 0.2964 0.1944 0.2522 
         561  1 0.2445 0.3746 0.2774 0.1036 
         562  1 0.1172 0.2022 0.2585 0.4221 
         563  1 0.2240 0.2349 0.4195 0.1216 
         564  1 0.2497 0.2352 0.2798 0.2353 
         565  1 0.1304 0.2036 0.2577 0.4084 
         566  1 0.2157 0.3499 0.2668 0.1676 
         567  1 0.2453 0.1190 0.4430 0.1926 
         568  1 0.1160 0.0865 0.3256 0.4719 
         569  1 0.1975 0.1193 0.4991 0.1841 
         570  1 0.1582 0.1726 0.1533 0.5159 
         571  1 0.2919 0.3012 0.3119 0.0950 
         572  1 0.4215 0.2036 0.1976 0.1774 
         573  1 0.1782 0.2879 0.2355 0.2984 
         574  1 0.1786 0.1550 0.2644 0.4020 
         575  1 0.2148 0.2047 0.4547 0.1258 
         576  1 0.3647 0.1624 0.2150 0.2579 
         577  1 0.1960 0.1308 0.1765 0.4967 
         578  1 0.1514 0.4823 0.2065 0.1598 
         579  1 0.1463 0.2051 0.4521 0.1966 
         580  1 0.2068 0.1946 0.4183 0.1802 
         581  1 0.3454 0.2627 0.2582 0.1338 
         582  1 0.4051 0.3152 0.1392 0.1405 
         583  1 0.1037 0.4391 0.1115 0.3457 
         584  1 0.2253 0.2652 0.4046 0.1050 
         585  1 0.1159 0.1228 0.4486 0.3127 
         586  1 0.2230 0.3862 0.2534 0.1374 
         587  1 0.1516 0.1455 0.3141 0.3888 
         588  1 0.1375 0.1203 0.3098 0.4324 
         589  1 0.3207 0.2368 0.1845 0.2580 
         590  1 0.1246 0.1186 0.3418 0.4150 
         591  1 0.2986 0.2491 0.3440 0.1082 
         592  1 0.1037 0.1257 0.2403 0.5302 
         593  1 0.1794 0.2519 0.4078 0.1608 
         594  1 0.1261 0.2877 0.3099 0.2763 
         595  1 0.2633 0.2271 0.1382 0.3714 
         596  1 0.2586 0.4597 0.1993 0.0824 
         597  1 0.1269 0.0996 0.2081 0.5654 
         598  1 0.2385 0.1934 0.3053 0.2628 
         599  1 0.1703 0.1936 0.3851 0.2511 
         600  1 0.1276 0.1507 0.3308 0.3909 
         601  1 0.1479 0.1981 0.2218 0.4321 
         602  1 0.1714 0.0960 0.5829 0.1497 
         603  1 0.2072 0.1125 0.4274 0.2529 
         604  1 0.3590 0.2560 0.2277 0.1572 
         605  1 0.3313 0.1627 0.2989 0.2071 
         606  1 0.1259 0.2125 0.2307 0.4309 
         607  1 0.1796 0.2217 0.2996 0.2991 
         608  1 0.1428 0.2263 0.3814 0.2494 
         609  1 0.5176 0.1762 0.2036 0.1026 
         610  1 0.1383 0.3521 0.1529 0.3567 
         611  1 0.3859 0.3442 0.1659 0.1040 
         612  1 0.1827 0.3067 0.3380 0.1726 
         613  1 0.1629 0.1376 0.2050 0.4944 
         614  1 0.1154 0.1787 0.3393 0.3666 
         615  1 0.2544 0.1411 0.3787 0.2258 
         616  1 0.1580 0.3735 0.2979 0.1706 
         617  1 0.0962 0.1895 0.3851 0.3291 
         618  1 0.2666 0.1724 0.3318 0.2292 
         619  1 0.1814 0.1847 0.2764 0.3574 
         620  1 0.1996 0.2771 0.2689 0.2545 
         621  1 0.2058 0.1783 0.3878 0.2281 
         622  1 0.4846 0.2592 0.1423 0.1139 
         623  1 0.3463 0.1925 0.2024 0.2588 
         624  1 0.2873 0.3212 0.2145 0.1770 
         625  1 0.1631 0.1284 0.4724 0.2362 
         626  1 0.2991 0.3329 0.2276 0.1404 
         627  1 0.1480 0.1833 0.3293 0.3394 
         628  1 0.2091 0.1723 0.2360 0.3826 
         629  1 0.3417 0.1503 0.3342 0.1738 
         630  1 0.1490 0.3711 0.3315 0.1485 
         631  1 0.1495 0.2109 0.2517 0.3880 
         632  1 0.1182 0.1465 0.1211 0.6143 
         633  1 0.0938 0.1660 0.4539 0.2862 
         634  1 0.1469 0.2755 0.3075 0.2701 
         635  1 0.3612 0.1963 0.1501 0.2924 
         636  1 0.2868 0.2094 0.2371 0.2668 
         637  1 0.4759 0.2071 0.2150 0.1021 
         638  1 0.2401 0.1593 0.2013 0.3993 
         639  1 0.1001 0.1177 0.4088 0.3734 
         640  1 0.2312 0.1445 0.1687 0.4556 
         641  1 0.1926 0.1783 0.2299 0.3991 
         642  1 0.2401 0.1274 0.2855 0.3470 
         643  1 0.1033 0.4515 0.3219 0.1234 
         644  1 0.1539 0.1683 0.5375 0.1402 
         645  1 0.4626 0.1589 0.2550 0.1235 
         646  1 0.2419 0.4000 0.1681 0.1899 
         647  1 0.2758 0.2852 0.2101 0.2289 
         648  1 0.2117 0.1951 0.1842 0.4090 
         649  1 0.1442 0.1373 0.2816 0.4368 
         650  1 0.4961 0.2176 0.1597 0.1267 
         651  1 0.2127 0.2276 0.2089 0.3509 
         652  1 0.2194 0.3863 0.1871 0.2072 
         653  1 0.1311 0.3265 0.2263 0.3161 
         654  1 0.2451 0.2143 0.2798 0.2608 
         655  1 0.3494 0.3201 0.1829 0.1476 
         656  1 0.1326 0.2909 0.1477 0.4287 
         657  1 0.2190 0.1272 0.1100 0.5438 
         658  1 0.1270 0.1467 0.4105 0.3158 
         659  1 0.1947 0.3158 0.2848 0.2047 
         660  1 0.1518 0.1577 0.2328 0.4577 
         661  1 0.3344 0.3144 0.1312 0.2201 
         662  1 0.1500 0.2696 0.2567 0.3237 
         663  1 0.4078 0.2431 0.1855 0.1637 
         664  1 0.1730 0.3405 0.2202 0.2663 
         665  1 0.1955 0.4530 0.1940 0.1576 
         666  1 0.1602 0.1667 0.4069 0.2662 
         667  1 0.2610 0.1865 0.3026 0.2499 
         668  1 0.1508 0.2970 0.1468 0.4054 
         669  1 0.6969 0.1049 0.0892 0.1090 
         670  1 0.4625 0.2403 0.1287 0.1685 
         671  1 0.2066 0.2224 0.2539 0.3171 
         672  1 0.2907 0.2647 0.2188 0.2259 
         673  1 0.3908 0.2157 0.2180 0.1755 
         674  1 0.1364 0.3526 0.3933 0.1177 
         675  1 0.1579 0.2488 0.3592 0.2341 
         676  1 0.0971 0.3086 0.1166 0.4778 
         677  1 0.1705 0.2624 0.1444 0.4228 
         678  1 0.3041 0.1375 0.3760 0.1824 
         679  1 0.1184 0.1044 0.4344 0.3429 
         680  1 0.3840 0.1323 0.1602 0.3235 
         681  1 0.2714 0.2874 0.1323 0.3088 
         682  1 0.1926 0.3017 0.3209 0.1847 
         683  1 0.1985 0.2982 0.2515 0.2518 
         684  1 0.2013 0.4790 0.2046 0.1151 
         685  1 0.2498 0.3169 0.1461 0.2872 
         686  1 0.2776 0.2157 0.1542 0.3525 
         687  1 0.1947 0.1696 0.4517 0.1840 
         688  1 0.1698 0.2286 0.2386 0.3630 
         689  1 0.2730 0.4174 0.1413 0.1683 
         690  1 0.2923 0.1721 0.3571 0.1784 
         691  1 0.2441 0.3627 0.0936 0.2997 
         692  1 0.2099 0.2866 0.2655 0.2380 
         693  1 0.1743 0.1460 0.3932 0.2865 
         694  1 0.1046 0.3143 0.4167 0.1644 
         695  1 0.2136 0.1192 0.4084 0.2588 
         696  1 0.1947 0.1518 0.4656 0.1880 
         697  1 0.1349 0.1790 0.2820 0.4041 
         698  1 0.2413 0.4079 0.2396 0.1112 
         699  1 0.2302 0.2154 0.3886 0.1658 
         700  1 0.2294 0.4600 0.1514 0.1592 
         701  1 0.1822 0.1885 0.5279 0.1014 
         702  1 0.1739 0.4326 0.1121 0.2814 
         703  1 0.3310 0.2312 0.1792 0.2586 
         704  1 0.2680 0.2488 0.3213 0.1620 
         705  1 0.1183 0.2171 0.3282 0.3364 
         706  1 0.2339 0.4804 0.1543 0.1315 
         707  1 0.3112 0.3473 0.1614 0.1800 
         708  1 0.1547 0.2839 0.2987 0.2627 
         709  1 0.1817 0.1641 0.3954 0.2588 
         710  1 0.2253 0.3571 0.2746 0.1430 
         711  1 0.1865 0.2442 0.3580 0.2113 
         712  1 0.2524 0.3078 0.3007 0.1391 
         713  1 0.1969 0.1408 0.2325 0.4298 
         714  1 0.3047 0.3465 0.2093 0.1395 
         715  1 0.1937 0.3648 0.2454 0.1961 
         716  1 0.4192 0.2707 0.1493 0.1607 
         717  1 0.2757 0.3060 0.2995 0.1188 
         718  1 0.1545 0.3410 0.3173 0.1871 
         719  1 0.4516 0.2989 0.1326 0.1169 
         720  1 0.1171 0.2695 0.2333 0.3801 
         721  1 0.2357 0.2732 0.3126 0.1785 
         722  1 0.1588 0.1943 0.3652 0.2817 
         723  1 0.3625 0.1788 0.2719 0.1868 
         724  1 0.2139 0.2111 0.4023 0.1727 
         725  1 0.1840 0.2332 0.4251 0.1578 
         726  1 0.1511 0.3175 0.1766 0.3548 
         727  1 0.1170 0.1122 0.1646 0.6062 
         728  1 0.3361 0.1716 0.2430 0.2493 
         729  1 0.1201 0.2693 0.3861 0.2245 
         730  1 0.1748 0.2439 0.1334 0.4479 
         731  1 0.2271 0.2859 0.2922 0.1948 
         732  1 0.1607 0.1627 0.4067 0.2698 
         733  1 0.2604 0.3019 0.2290 0.2087 
         734  1 0.1427 0.2277 0.2994 0.3302 
         735  1 0.1376 0.2068 0.4607 0.1949 
         736  1 0.1526 0.1123 0.4940 0.2412 
         737  1 0.3284 0.1732 0.1878 0.3106 
         738  1 0.2103 0.4489 0.1714 0.1694 
         739  1 0.1662 0.3937 0.2265 0.2135 
         740  1 0.1254 0.1959 0.1794 0.4992 
         741  1 0.2700 0.2885 0.3284 0.1132 
         742  1 0.1548 0.3030 0.3189 0.2233 
         743  1 0.2702 0.2883 0.2634 0.1781 
         744  1 0.2448 0.1138 0.4489 0.1925 
         745  1 0.1797 0.3331 0.2540 0.2332 
         746  1 0.1400 0.3244 0.1763 0.3593 
         747  1 0.1983 0.4916 0.1950 0.1151 
         748  1 0.3704 0.2409 0.1432 0.2455 
         749  1 0.3336 0.3314 0.1894 0.1456 
         750  1 0.1153 0.1559 0.1938 0.5349 
         751  1 0.3959 0.1815 0.2053 0.2173 
         752  1 0.1939 0.1635 0.3708 0.2719 
         753  1 0.3259 0.1651 0.3185 0.1905 
         754  1 0.2016 0.2436 0.2522 0.3026 
         755  1 0.1390 0.5298 0.1797 0.1516 
         756  1 0.1263 0.3281 0.2688 0.2768 
         757  1 0.1090 0.1502 0.3415 0.3993 
         758  1 0.2226 0.2397 0.3388 0.1989 
         759  1 0.2579 0.1155 0.4767 0.1499 
         760  1 0.1999 0.3261 0.3573 0.1167 
         761  1 0.1192 0.3249 0.4596 0.0964 
         762  1 0.3167 0.2832 0.1502 0.2499 
         763  1 0.1460 0.1813 0.4228 0.2499 
         764  1 0.2999 0.1246 0.2771 0.2985 
         765  1 0.1514 0.4758 0.1571 0.2157 
         766  1 0.1182 0.3640 0.2451 0.2727 
         767  1 0.4859 0.1659 0.2028 0.1454 
         768  1 0.1262 0.1817 0.4177 0.2745 
         769  1 0.2526 0.1877 0.2301 0.3296 
         770  1 0.2779 0.3684 0.1991 0.1547 
         771  1 0.2706 0.2166 0.3251 0.1877 
         772  1 0.2355 0.3092 0.2553 0.2000 
         773  1 0.2267 0.2165 0.3824 0.1743 
         774  1 0.1203 0.4466 0.1710 0.2621 
         775  1 0.3303 0.2297 0.3013 0.1387 
         776  1 0.3427 0.1551 0.2106 0.2915 
         777  1 0.1666 0.1861 0.2971 0.3502 
         778  1 0.5479 0.1558 0.1789 0.1174 
         779  1 0.2455 0.3437 0.1894 0.2213 
         780  1 0.1607 0.1691 0.4800 0.1903 
         781  1 0.3317 0.1099 0.2411 0.3173 
         782  1 0.2078 0.2893 0.2173 0.2856 
         783  1 0.2196 0.1536 0.3690 0.2577 
         784  1 0.2806 0.3202 0.1981 0.2011 
         785  1 0.2913 0.2090 0.1342 0.3656 
         786  1 0.2407 0.3485 0.1656 0.2451 
         787  1 0.3208 0.2673 0.3046 0.1073 
         788  1 0.1472 0.3145 0.1639 0.3744 
         789  1 0.2381 0.5649 0.1087 0.0883 
         790  1 0.1667 0.1828 0.3368 0.3137 
         791  1 0.1798 0.4590 0.1396 0.2216 
         792  1 0.1108 0.3821 0.2431 0.2640 
         793  1 0.5377 0.1082 0.1779 0.1763 
         794  1 0.2467 0.2333 0.2242 0.2958 
         795  1 0.2946 0.1656 0.1208 0.4190 
         796  1 0.4055 0.2084 0.2595 0.1265 
         797  1 0.3074 0.2692 0.2066 0.2168 
         798  1 0.3846 0.2782 0.1847 0.1525 
         799  1 0.1864 0.3955 0.2252 0.1930 
         800  1 0.1896 0.3647 0.1866 0.2591 
         801  1 0.4392 0.1346 0.3165 0.1097 
         802  1 0.3292 0.3311 0.1266 0.2132 
         803  1 0.2266 0.4222 0.1608 0.1904 
         804  1 0.1355 0.1652 0.3508 0.3485 
         805  1 0.1384 0.4860 0.2443 0.1312 
         806  1 0.2169 0.2320 0.4140 0.1371 
         807  1 0.1225 0.1307 0.3990 0.3478 
         808  1 0.3738 0.1491 0.1816 0.2954 
         809  1 0.0975 0.1963 0.2262 0.4799 
         810  1 0.3734 0.2761 0.1890 0.1615 
         811  1 0.2317 0.2102 0.3820 0.1761 
         812  1 0.1783 0.1649 0.1340 0.5228 
         813  1 0.2667 0.2520 0.2104 0.2710 
         814  1 0.2590 0.1690 0.2017 0.3703 
         815  1 0.2305 0.1834 0.2526 0.3335 
         816  1 0.1684 0.1755 0.1571 0.4989 
         817  1 0.2505 0.1259 0.3623 0.2613 
         818  1 0.1708 0.2260 0.2983 0.3048 
         819  1 0.2796 0.2526 0.3589 0.1089 
         820  1 0.1921 0.3582 0.1810 0.2687 
         821  1 0.2706 0.1253 0.3293 0.2748 
         822  1 0.1193 0.1234 0.2602 0.4970 
         823  1 0.1328 0.1788 0.2919 0.3966 
         824  1 0.2046 0.1338 0.2244 0.4372 
         825  1 0.1352 0.2586 0.2563 0.3498 
         826  1 0.4378 0.1883 0.1682 0.2056 
         827  1 0.1387 0.3522 0.1683 0.3408 
         828  1 0.1322 0.1354 0.2003 0.5320 
         829  1 0.2082 0.3745 0.2217 0.1956 
         830  1 0.1818 0.1078 0.2060 0.5043 
         831  1 0.1754 0.2814 0.2013 0.3419 
         832  1 0.4839 0.1863 0.2051 0.1246 
         833  1 0.0968 0.2959 0.2423 0.3650 
         834  1 0.1000 0.1175 0.4072 0.3752 
         835  1 0.2732 0.3341 0.2873 0.1054 
         836  1 0.1754 0.2349 0.3285 0.2612 
         837  1 0.1993 0.1947 0.3372 0.2688 
         838  1 0.1262 0.1969 0.2478 0.4292 
         839  1 0.2269 0.1831 0.2920 0.2979 
         840  1 0.2936 0.2557 0.2855 0.1653 
         841  1 0.2729 0.3957 0.1130 0.2184 
         842  1 0.1714 0.2360 0.2325 0.3601 
         843  1 0.3601 0.2393 0.1318 0.2688 
         844  1 0.1690 0.1797 0.2714 0.3799 
         845  1 0.3302 0.2117 0.2155 0.2426 
         846  1 0.2769 0.3497 0.2770 0.0964 
         847  1 0.2712 0.1560 0.4426 0.1302 
         848  1 0.2269 0.1319 0.5432 0.0980 
         849  1 0.3100 0.1582 0.2825 0.2493 
         850  1 0.2863 0.1990 0.2133 0.3013 
         851  1 0.1934 0.1533 0.4502 0.2030 
         852  1 0.2490 0.2681 0.2477 0.2352 
         853  1 0.1262 0.4718 0.2631 0.1389 
         854  1 0.4866 0.0995 0.2885 0.1254 
         855  1 0.2106 0.2714 0.3326 0.1854 
         856  1 0.2408 0.1181 0.3121 0.3289 
         857  1 0.2847 0.2685 0.1255 0.3213 
         858  1 0.1021 0.4557 0.1574 0.2847 
         859  1 0.1544 0.3529 0.1472 0.3455 
         860  1 0.2616 0.3254 0.2237 0.1892 
         861  1 0.3811 0.1933 0.2674 0.1582 
         862  1 0.1763 0.3133 0.2505 0.2599 
         863  1 0.3250 0.2076 0.3184 0.1490 
         864  1 0.4136 0.1917 0.2604 0.1343 
         865  1 0.2659 0.1417 0.2668 0.3257 
         866  1 0.1741 0.3860 0.2604 0.1795 
         867  1 0.2720 0.2015 0.2909 0.2355 
         868  1 0.1588 0.1332 0.4669 0.2411 
         869  1 0.4499 0.2212 0.2061 0.1228 
         870  1 0.2830 0.1275 0.2002 0.3893 
         871  1 0.1659 0.2555 0.4331 0.1455 
         872  1 0.0857 0.4294 0.1675 0.3174 
         873  1 0.3077 0.3274 0.1999 0.1650 
         874  1 0.1297 0.2365 0.2432 0.3906 
         875  1 0.1874 0.2298 0.3871 0.1957 
         876  1 0.1349 0.1416 0.2280 0.4956 
         877  1 0.3029 0.1297 0.3368 0.2306 
         878  1 0.3629 0.2272 0.2667 0.1432 
         879  1 0.2521 0.1692 0.4635 0.1151 
         880  1 0.3282 0.3146 0.2120 0.1452 
         881  1 0.2131 0.2178 0.3634 0.2056 
         882  1 0.1972 0.3590 0.2348 0.2090 
         883  1 0.3148 0.1888 0.2737 0.2227 
         884  1 0.0906 0.1608 0.1906 0.5580 
         885  1 0.2292 0.1833 0.2363 0.3513 
         886  1 0.1752 0.3083 0.3743 0.1422 
         887  1 0.1188 0.5107 0.2030 0.1674 
         888  1 0.2270 0.1246 0.2742 0.3742 
