           1  1 0.0783 0.2048 0.2564 0.1218 0.1180 0.0516 0.0398 0.1292 
           2  1 0.4838 0.0500 0.0561 0.0807 0.0797 0.1134 0.0499 0.0863 
           3  1 0.1200 0.0521 0.0370 0.0762 0.2632 0.0465 0.2876 0.1173 
           4  1 0.0751 0.0502 0.4455 0.0545 0.0562 0.0620 0.1329 0.1236 
           5  1 0.0852 0.0831 0.1769 0.0743 0.1584 0.1030 0.1960 0.1231 
           6  1 0.0867 0.1363 0.1173 0.0745 0.1378 0.1667 0.1577 0.1230 
           7  1 0.0484 0.0383 0.0525 0.0992 0.1169 0.4777 0.0846 0.0825 
           8  1 0.0968 0.0792 0.2152 0.0697 0.1281 0.1991 0.0761 0.1358 
           9  1 0.1653 0.0957 0.1783 0.0638 0.1570 0.0744 0.0992 0.1664 
          10  1 0.1150 0.0731 0.0857 0.4097 0.0555 0.0734 0.0752 0.1124 
          11  1 0.1302 0.0524 0.1170 0.0971 0.1302 0.0784 0.2624 0.1323 
          12  1 0.2054 0.0547 0.1819 0.0827 0.0715 0.0356 0.2025 0.1658 
          13  1 0.0691 0.1916 0.1186 0.0873 0.1419 0.0789 0.1876 0.1249 
          14  1 0.0853 0.0519 0.1353 0.0441 0.3724 0.0776 0.0802 0.1533 
          15  1 0.0684 0.0436 0.1717 0.0466 0.3502 0.0445 0.1878 0.0872 
          16  1 0.1308 0.1082 0.1396 0.0600 0.1375 0.1406 0.1438 0.1395 
          17  1 0.0852 0.3857 0.1156 0.0654 0.0711 0.0977 0.0726 0.1068 
          18  1 0.0706 0.0482 0.0837 0.0672 0.0985 0.0997 0.1317 0.4005 
          19  1 0.1167 0.1224 0.0674 0.1478 0.0631 0.1450 0.2015 0.1361 
          20  1 0.0987 0.0983 0.0990 0.0959 0.1600 0.2053 0.0915 0.1512 
          21  1 0.0879 0.1266 0.1194 0.0645 0.1035 0.1600 0.2130 0.1250 
          22  1 0.2127 0.0537 0.1277 0.1055 0.1673 0.0938 0.0807 0.1587 
          23  1 0.1185 0.1062 0.1325 0.1275 0.0997 0.0782 0.1962 0.1413 
          24  1 0.1464 0.2661 0.0763 0.0917 0.0622 0.1506 0.0961 0.1106 
          25  1 0.0633 0.1315 0.0842 0.0696 0.1089 0.2905 0.1349 0.1170 
          26  1 0.0982 0.0711 0.1283 0.1243 0.1317 0.0535 0.2687 0.1244 
          27  1 0.1156 0.0760 0.0350 0.4118 0.0456 0.2134 0.0376 0.0651 
          28  1 0.0811 0.0337 0.0433 0.0407 0.3234 0.0601 0.0521 0.3657 
          29  1 0.0485 0.0826 0.1427 0.5085 0.0318 0.0551 0.0497 0.0811 
          30  1 0.0603 0.1035 0.1515 0.0332 0.1745 0.0524 0.2991 0.1256 
          31  1 0.0760 0.1320 0.0958 0.0958 0.0631 0.3464 0.0866 0.1041 
          32  1 0.0714 0.0757 0.1321 0.0996 0.0891 0.0906 0.3382 0.1033 
          33  1 0.1079 0.2130 0.0872 0.0588 0.3023 0.0664 0.0487 0.1157 
          34  1 0.0926 0.1374 0.1495 0.0949 0.1413 0.1612 0.0837 0.1394 
          35  1 0.0896 0.1040 0.1145 0.0625 0.1302 0.0524 0.3312 0.1156 
          36  1 0.0522 0.0568 0.1346 0.1022 0.1369 0.0587 0.3556 0.1030 
          37  1 0.1197 0.0556 0.0951 0.1589 0.0594 0.3159 0.0902 0.1053 
          38  1 0.1089 0.0479 0.2266 0.3930 0.0373 0.0659 0.0435 0.0768 
          39  1 0.0761 0.1526 0.2004 0.0923 0.2726 0.0315 0.0748 0.0997 
          40  1 0.1260 0.2363 0.1227 0.0780 0.1073 0.0808 0.1093 0.1396 
          41  1 0.0848 0.0324 0.1203 0.2028 0.1012 0.0724 0.2898 0.0965 
          42  1 0.0877 0.2036 0.0954 0.1355 0.0703 0.1376 0.0849 0.1850 
          43  1 0.4750 0.0508 0.0703 0.1145 0.0665 0.0272 0.0986 0.0970 
          44  1 0.1479 0.1599 0.0744 0.1368 0.1569 0.0540 0.1412 0.1288 
          45  1 0.0952 0.3602 0.1225 0.0549 0.1218 0.0580 0.0765 0.1109 
          46  1 0.3476 0.0813 0.0327 0.0460 0.0518 0.0798 0.0363 0.3246 
          47  1 0.0325 0.1152 0.1069 0.0964 0.1012 0.0885 0.3449 0.1144 
          48  1 0.0880 0.0529 0.1707 0.1849 0.0478 0.1662 0.1344 0.1552 
          49  1 0.0822 0.1528 0.1157 0.0868 0.1671 0.0596 0.1279 0.2078 
          50  1 0.1499 0.0550 0.1178 0.1007 0.2240 0.1042 0.0864 0.1621 
          51  1 0.0356 0.5991 0.0506 0.0360 0.0351 0.0601 0.1186 0.0649 
          52  1 0.0542 0.3727 0.0653 0.0652 0.1202 0.1450 0.0587 0.1186 
          53  1 0.0504 0.1676 0.1019 0.0711 0.2439 0.0754 0.1254 0.1643 
          54  1 0.0464 0.2136 0.0829 0.1581 0.0481 0.2815 0.0810 0.0883 
          55  1 0.0844 0.1066 0.0451 0.0859 0.0469 0.5166 0.0448 0.0697 
          56  1 0.2464 0.1081 0.0795 0.0692 0.0350 0.0548 0.0815 0.3254 
          57  1 0.1530 0.5179 0.0293 0.0333 0.0282 0.1351 0.0405 0.0626 
          58  1 0.0941 0.0925 0.0711 0.1505 0.1351 0.2380 0.1009 0.1178 
          59  1 0.0700 0.2435 0.0636 0.0283 0.3252 0.1012 0.0711 0.0971 
          60  1 0.1601 0.0642 0.1338 0.1009 0.1801 0.0845 0.1211 0.1554 
          61  1 0.0701 0.0680 0.1141 0.2482 0.1845 0.1128 0.0853 0.1170 
          62  1 0.0711 0.0735 0.4216 0.0744 0.0967 0.0356 0.0854 0.1417 
          63  1 0.0852 0.0649 0.0672 0.0757 0.0578 0.0831 0.4585 0.1076 
          64  1 0.0863 0.1347 0.1242 0.0762 0.0854 0.1112 0.2382 0.1437 
          65  1 0.1459 0.1007 0.0631 0.0981 0.0951 0.3117 0.0625 0.1228 
          66  1 0.1899 0.0441 0.0481 0.3688 0.0847 0.1106 0.0569 0.0968 
          67  1 0.0827 0.0515 0.1353 0.0868 0.2432 0.0460 0.1996 0.1550 
          68  1 0.0665 0.0477 0.2121 0.1392 0.1724 0.1424 0.0741 0.1455 
          69  1 0.2551 0.0345 0.1460 0.1554 0.0593 0.1482 0.0770 0.1246 
          70  1 0.1824 0.0752 0.1364 0.0903 0.1116 0.1001 0.1502 0.1538 
          71  1 0.2704 0.1216 0.0371 0.0698 0.0685 0.3036 0.0432 0.0857 
          72  1 0.1221 0.3417 0.0290 0.0346 0.0733 0.2037 0.0955 0.1001 
          73  1 0.0739 0.0484 0.0681 0.5310 0.0779 0.0597 0.0553 0.0857 
          74  1 0.1854 0.1369 0.1199 0.0598 0.0821 0.0861 0.1503 0.1795 
          75  1 0.0517 0.0297 0.0364 0.2262 0.4342 0.0595 0.0445 0.1177 
          76  1 0.0690 0.0512 0.4252 0.1012 0.0911 0.0673 0.0739 0.1211 
          77  1 0.4561 0.0258 0.0511 0.0911 0.2371 0.0322 0.0380 0.0687 
          78  1 0.0559 0.1568 0.1493 0.1091 0.0660 0.0651 0.2459 0.1519 
          79  1 0.0505 0.0449 0.0774 0.2427 0.0720 0.1159 0.2869 0.1097 
          80  1 0.0288 0.0543 0.0709 0.0494 0.1748 0.0553 0.4860 0.0804 
          81  1 0.0816 0.0495 0.1370 0.0547 0.3140 0.1123 0.0749 0.1762 
          82  1 0.0714 0.3429 0.1448 0.0447 0.1077 0.0748 0.0672 0.1465 
          83  1 0.0755 0.0386 0.1350 0.0616 0.2140 0.0487 0.3206 0.1059 
          84  1 0.0413 0.0495 0.2520 0.0376 0.0774 0.0485 0.1051 0.3887 
          85  1 0.2798 0.0771 0.1186 0.0691 0.0534 0.2343 0.0464 0.1213 
          86  1 0.2027 0.1254 0.0705 0.0909 0.2248 0.0609 0.1059 0.1188 
          87  1 0.1234 0.1725 0.1398 0.1109 0.0815 0.1488 0.0833 0.1398 
          88  1 0.4511 0.0453 0.0619 0.2035 0.0543 0.0447 0.0596 0.0795 
          89  1 0.1232 0.1184 0.0620 0.0620 0.1628 0.2796 0.0644 0.1275 
          90  1 0.1191 0.0934 0.0614 0.0726 0.0516 0.4305 0.0835 0.0880 
          91  1 0.1424 0.0827 0.1274 0.0760 0.0975 0.1157 0.1925 0.1659 
          92  1 0.2549 0.0280 0.0752 0.1327 0.0974 0.1265 0.1757 0.1095 
          93  1 0.0908 0.3947 0.0877 0.0730 0.0968 0.1158 0.0381 0.1031 
          94  1 0.1625 0.0726 0.0977 0.0699 0.2228 0.1640 0.0727 0.1377 
          95  1 0.0551 0.0581 0.2264 0.0805 0.0616 0.0353 0.3814 0.1016 
          96  1 0.0340 0.0313 0.0728 0.6452 0.0618 0.0296 0.0701 0.0553 
          97  1 0.1114 0.0645 0.2066 0.0992 0.1562 0.0847 0.0994 0.1780 
          98  1 0.0330 0.2058 0.3157 0.1076 0.0518 0.0455 0.1298 0.1109 
          99  1 0.0939 0.1498 0.3205 0.0405 0.1273 0.0693 0.0419 0.1568 
         100  1 0.1813 0.0544 0.1321 0.1295 0.1829 0.0933 0.0893 0.1371 
         101  1 0.3082 0.0798 0.0591 0.0511 0.0813 0.1492 0.1505 0.1208 
         102  1 0.0468 0.0694 0.1167 0.0781 0.3619 0.1199 0.0761 0.1310 
         103  1 0.3397 0.0429 0.0674 0.0945 0.2699 0.0495 0.0530 0.0831 
         104  1 0.0778 0.0577 0.0759 0.0878 0.0710 0.1863 0.3211 0.1225 
         105  1 0.0917 0.1516 0.1141 0.1035 0.1370 0.1120 0.1647 0.1254 
         106  1 0.5082 0.0317 0.0419 0.0421 0.1011 0.1441 0.0525 0.0785 
         107  1 0.1293 0.0618 0.1784 0.1517 0.0793 0.1529 0.0733 0.1733 
         108  1 0.0683 0.2088 0.1981 0.0715 0.1122 0.1364 0.0581 0.1465 
         109  1 0.0901 0.0693 0.1194 0.0535 0.2201 0.0849 0.2272 0.1355 
         110  1 0.1414 0.0465 0.1278 0.2461 0.0754 0.1035 0.1310 0.1283 
         111  1 0.0362 0.0463 0.2003 0.0665 0.1745 0.0628 0.2998 0.1136 
         112  1 0.1172 0.2644 0.1514 0.0582 0.0907 0.0975 0.0894 0.1312 
         113  1 0.0536 0.3239 0.0714 0.0644 0.0919 0.1760 0.1010 0.1179 
         114  1 0.2708 0.0840 0.1197 0.1063 0.1002 0.0751 0.1066 0.1372 
         115  1 0.2748 0.1449 0.0557 0.1073 0.0699 0.1855 0.0474 0.1145 
         116  1 0.2747 0.1377 0.0641 0.0968 0.1230 0.1257 0.0509 0.1270 
         117  1 0.2243 0.0782 0.0855 0.2431 0.0602 0.1190 0.0566 0.1330 
         118  1 0.1424 0.2704 0.0872 0.1055 0.0681 0.1053 0.0631 0.1581 
         119  1 0.4021 0.0591 0.0471 0.0696 0.1444 0.1028 0.0609 0.1141 
         120  1 0.1243 0.0980 0.1800 0.0394 0.2298 0.1219 0.0502 0.1563 
         121  1 0.1159 0.1964 0.0877 0.0759 0.0685 0.2061 0.1168 0.1326 
         122  1 0.0541 0.0259 0.2387 0.2792 0.0708 0.1277 0.0997 0.1039 
         123  1 0.0631 0.0905 0.2677 0.2347 0.0626 0.0706 0.0746 0.1363 
         124  1 0.1354 0.1114 0.0568 0.3813 0.0411 0.1441 0.0403 0.0896 
         125  1 0.1552 0.1554 0.0857 0.1227 0.0624 0.2693 0.0322 0.1170 
         126  1 0.4757 0.0528 0.0333 0.2472 0.0344 0.0686 0.0252 0.0628 
         127  1 0.2077 0.0520 0.0954 0.3004 0.0613 0.0830 0.0350 0.1652 
         128  1 0.0815 0.0909 0.0953 0.2903 0.0962 0.0790 0.0893 0.1776 
         129  1 0.1675 0.0658 0.1094 0.0905 0.0525 0.2163 0.1626 0.1354 
         130  1 0.0417 0.0272 0.1572 0.0571 0.4595 0.0837 0.0776 0.0960 
         131  1 0.0779 0.0631 0.1396 0.0795 0.1919 0.0720 0.1779 0.1981 
         132  1 0.1477 0.1228 0.1002 0.0625 0.1127 0.0981 0.2037 0.1523 
         133  1 0.1305 0.1496 0.1383 0.0950 0.0786 0.0787 0.1902 0.1391 
         134  1 0.0529 0.0402 0.2672 0.0772 0.2306 0.0565 0.1124 0.1630 
         135  1 0.1206 0.2135 0.0493 0.0452 0.2375 0.1341 0.0725 0.1273 
         136  1 0.0513 0.0741 0.3618 0.1339 0.0804 0.0391 0.1478 0.1116 
         137  1 0.0455 0.0431 0.1685 0.0646 0.1824 0.0332 0.3850 0.0778 
         138  1 0.0407 0.0446 0.1505 0.1083 0.1165 0.0573 0.3834 0.0985 
         139  1 0.0632 0.3906 0.0701 0.0471 0.0587 0.0827 0.1699 0.1176 
         140  1 0.0850 0.0978 0.0827 0.0652 0.2018 0.0934 0.2499 0.1241 
         141  1 0.1032 0.2198 0.0987 0.0440 0.2560 0.0423 0.1096 0.1264 
         142  1 0.1046 0.1593 0.2242 0.0593 0.1060 0.0781 0.1193 0.1492 
         143  1 0.1102 0.2158 0.0741 0.0611 0.1852 0.1155 0.1186 0.1195 
         144  1 0.2063 0.1937 0.0680 0.1354 0.0557 0.1112 0.0787 0.1509 
         145  1 0.0510 0.1195 0.1898 0.1103 0.0543 0.2535 0.1094 0.1122 
         146  1 0.0551 0.7424 0.0279 0.0234 0.0509 0.0242 0.0342 0.0418 
         147  1 0.0536 0.0406 0.2016 0.0883 0.0466 0.0428 0.4317 0.0948 
         148  1 0.1189 0.2038 0.0993 0.0865 0.1106 0.1382 0.1150 0.1276 
         149  1 0.1811 0.0638 0.1802 0.2209 0.0833 0.0503 0.1005 0.1200 
         150  1 0.0358 0.0446 0.6215 0.0688 0.0503 0.0337 0.0748 0.0706 
         151  1 0.1502 0.1706 0.0997 0.0741 0.1922 0.0705 0.0754 0.1673 
         152  1 0.1404 0.1138 0.1722 0.0470 0.1733 0.1219 0.0566 0.1748 
         153  1 0.2841 0.0703 0.0431 0.0616 0.0565 0.0830 0.2858 0.1157 
         154  1 0.0675 0.0841 0.1669 0.1630 0.1071 0.0348 0.1873 0.1893 
         155  1 0.0702 0.1262 0.3436 0.1198 0.0676 0.0633 0.0794 0.1298 
         156  1 0.1198 0.0918 0.2269 0.2462 0.0421 0.0578 0.0927 0.1227 
         157  1 0.0752 0.0776 0.1745 0.1137 0.2351 0.0797 0.0751 0.1691 
         158  1 0.0395 0.2216 0.2197 0.0781 0.1108 0.0695 0.1399 0.1208 
         159  1 0.2296 0.0654 0.2276 0.0533 0.1218 0.0374 0.0925 0.1722 
         160  1 0.0436 0.0444 0.1209 0.0448 0.0711 0.0310 0.5650 0.0792 
         161  1 0.0520 0.1513 0.0893 0.0553 0.0948 0.0581 0.0720 0.4272 
         162  1 0.2961 0.0310 0.0739 0.0837 0.1019 0.1326 0.1536 0.1272 
         163  1 0.3938 0.0435 0.1008 0.0486 0.0495 0.0629 0.1471 0.1538 
         164  1 0.0737 0.0741 0.1397 0.0687 0.2315 0.0696 0.1957 0.1470 
         165  1 0.1309 0.0562 0.0701 0.0858 0.1000 0.1953 0.2043 0.1574 
         166  1 0.0405 0.2158 0.1836 0.0475 0.0646 0.0628 0.2739 0.1112 
         167  1 0.1151 0.0551 0.1295 0.1046 0.0464 0.2487 0.1707 0.1299 
         168  1 0.0469 0.0642 0.2188 0.0451 0.1178 0.0465 0.3358 0.1249 
         169  1 0.3031 0.0938 0.0982 0.0730 0.1181 0.0545 0.0585 0.2008 
         170  1 0.1605 0.1002 0.0414 0.0291 0.3920 0.0983 0.0724 0.1062 
         171  1 0.0457 0.1085 0.4094 0.0507 0.0888 0.0493 0.1097 0.1379 
         172  1 0.1176 0.1934 0.0932 0.0772 0.0675 0.2054 0.1163 0.1294 
         173  1 0.1572 0.1243 0.0485 0.0463 0.2634 0.1085 0.1285 0.1233 
         174  1 0.1615 0.1445 0.0857 0.0797 0.0790 0.1968 0.0918 0.1610 
         175  1 0.1316 0.2151 0.1048 0.0785 0.1317 0.1098 0.0716 0.1568 
         176  1 0.0658 0.0962 0.1486 0.0476 0.1921 0.0961 0.2101 0.1435 
         177  1 0.2763 0.1502 0.0696 0.0709 0.0676 0.1486 0.0645 0.1522 
         178  1 0.0612 0.2446 0.0999 0.0456 0.0875 0.1584 0.1694 0.1335 
         179  1 0.1103 0.2176 0.1735 0.2357 0.0615 0.0606 0.0332 0.1076 
         180  1 0.0844 0.0434 0.3437 0.1212 0.1047 0.0381 0.1465 0.1180 
         181  1 0.1178 0.0468 0.0596 0.0653 0.3024 0.0754 0.1900 0.1427 
         182  1 0.0312 0.0473 0.4819 0.1660 0.0492 0.0432 0.1108 0.0706 
         183  1 0.0624 0.1641 0.3660 0.0824 0.0781 0.0488 0.0638 0.1344 
         184  1 0.1055 0.0569 0.0800 0.0953 0.3634 0.0969 0.0956 0.1063 
         185  1 0.0862 0.0604 0.0377 0.1172 0.0669 0.4760 0.0700 0.0855 
         186  1 0.1066 0.0848 0.0648 0.2257 0.0589 0.2651 0.0537 0.1404 
         187  1 0.0586 0.0319 0.4022 0.0927 0.0819 0.1272 0.0982 0.1074 
         188  1 0.1540 0.2197 0.0877 0.1669 0.0607 0.1172 0.0539 0.1401 
         189  1 0.2393 0.1081 0.0849 0.1317 0.0859 0.1465 0.0824 0.1213 
         190  1 0.0466 0.5961 0.0329 0.0505 0.0457 0.0927 0.0379 0.0976 
         191  1 0.3677 0.1385 0.0566 0.0562 0.0914 0.1092 0.0719 0.1086 
         192  1 0.0608 0.0662 0.1467 0.1166 0.2336 0.0891 0.1632 0.1236 
         193  1 0.1342 0.2342 0.1436 0.0879 0.0904 0.1159 0.0477 0.1461 
         194  1 0.0351 0.0664 0.2538 0.1107 0.1414 0.0406 0.2640 0.0879 
         195  1 0.0392 0.2488 0.1111 0.0309 0.1428 0.1202 0.1567 0.1503 
         196  1 0.3857 0.1302 0.0512 0.0690 0.1329 0.0750 0.0415 0.1145 
         197  1 0.1116 0.3932 0.0415 0.0668 0.0801 0.0964 0.0921 0.1183 
         198  1 0.3595 0.1330 0.0416 0.0387 0.2275 0.0477 0.0490 0.1029 
         199  1 0.1177 0.0231 0.0452 0.4484 0.0370 0.2429 0.0330 0.0527 
         200  1 0.1264 0.0550 0.1701 0.1864 0.0634 0.1659 0.0425 0.1902 
         201  1 0.1157 0.0709 0.0678 0.2378 0.0681 0.2706 0.0672 0.1020 
         202  1 0.0665 0.0381 0.3856 0.1485 0.0827 0.0534 0.1231 0.1021 
         203  1 0.2210 0.1341 0.0829 0.0758 0.0643 0.0460 0.0683 0.3077 
         204  1 0.4276 0.0935 0.0640 0.1438 0.0526 0.0780 0.0326 0.1079 
         205  1 0.0695 0.0485 0.0614 0.3200 0.0721 0.1383 0.0680 0.2222 
         206  1 0.0627 0.0406 0.0836 0.4685 0.0423 0.1746 0.0591 0.0685 
         207  1 0.1109 0.0821 0.1273 0.0851 0.2202 0.1114 0.0955 0.1676 
         208  1 0.0779 0.0802 0.2285 0.0781 0.2303 0.0498 0.1105 0.1446 
         209  1 0.2723 0.0784 0.0393 0.1199 0.1101 0.1842 0.0773 0.1185 
         210  1 0.1034 0.3495 0.0573 0.0630 0.0810 0.1522 0.0829 0.1108 
         211  1 0.1802 0.3451 0.0443 0.0846 0.0630 0.1295 0.0388 0.1144 
         212  1 0.0347 0.0401 0.3871 0.2657 0.0465 0.0468 0.1095 0.0695 
         213  1 0.0666 0.2266 0.0743 0.0600 0.1219 0.2119 0.0783 0.1604 
         214  1 0.5322 0.0551 0.0306 0.0287 0.0641 0.1876 0.0386 0.0630 
         215  1 0.1248 0.3757 0.0802 0.0737 0.0886 0.0724 0.0600 0.1245 
         216  1 0.0454 0.1449 0.0468 0.0329 0.0640 0.1066 0.4764 0.0830 
         217  1 0.1912 0.2678 0.0680 0.0719 0.0739 0.0898 0.0790 0.1584 
         218  1 0.0595 0.2491 0.1829 0.0498 0.0855 0.1152 0.1374 0.1205 
         219  1 0.8004 0.0303 0.0196 0.0430 0.0258 0.0327 0.0181 0.0300 
         220  1 0.1297 0.0893 0.1604 0.1284 0.0384 0.0934 0.2291 0.1314 
         221  1 0.0490 0.0671 0.0550 0.3747 0.0572 0.2598 0.0556 0.0816 
         222  1 0.0494 0.2425 0.0970 0.0919 0.1313 0.1436 0.1300 0.1143 
         223  1 0.1395 0.5790 0.0446 0.0974 0.0251 0.0363 0.0260 0.0522 
         224  1 0.1637 0.0758 0.0633 0.3178 0.0522 0.1943 0.0392 0.0937 
         225  1 0.1123 0.3921 0.0399 0.0602 0.0816 0.1598 0.0407 0.1133 
         226  1 0.0492 0.1151 0.0514 0.1383 0.2159 0.2792 0.0322 0.1187 
         227  1 0.1870 0.0710 0.1186 0.0767 0.1796 0.0780 0.0792 0.2097 
         228  1 0.0435 0.0371 0.4720 0.1718 0.0478 0.0387 0.1151 0.0740 
         229  1 0.1089 0.0689 0.1809 0.1448 0.0902 0.1232 0.1331 0.1502 
         230  1 0.3917 0.0793 0.0409 0.1424 0.0633 0.1425 0.0323 0.1076 
         231  1 0.5682 0.0824 0.0367 0.1296 0.0359 0.0532 0.0279 0.0661 
         232  1 0.1186 0.0433 0.0571 0.1540 0.3059 0.0996 0.1093 0.1123 
         233  1 0.0408 0.0695 0.2962 0.0837 0.0892 0.0401 0.2681 0.1124 
         234  1 0.0773 0.2460 0.1507 0.0744 0.0559 0.1874 0.0833 0.1250 
         235  1 0.1391 0.0832 0.2041 0.1505 0.0760 0.1252 0.0463 0.1756 
         236  1 0.0387 0.0885 0.1122 0.1057 0.1014 0.0584 0.3957 0.0995 
         237  1 0.1201 0.3908 0.1271 0.0537 0.0655 0.0514 0.0600 0.1314 
         238  1 0.1116 0.0279 0.0686 0.1805 0.3818 0.0652 0.0615 0.1028 
         239  1 0.0412 0.0494 0.1515 0.0491 0.1329 0.0525 0.4370 0.0864 
         240  1 0.1199 0.3296 0.0576 0.0432 0.2137 0.0842 0.0446 0.1072 
         241  1 0.1029 0.1029 0.0360 0.1584 0.2988 0.1517 0.0422 0.1071 
         242  1 0.1566 0.0531 0.0785 0.2798 0.1288 0.0655 0.1182 0.1195 
         243  1 0.0533 0.2397 0.0947 0.2953 0.0816 0.0881 0.0563 0.0909 
         244  1 0.0569 0.1550 0.0802 0.0331 0.2643 0.0970 0.1624 0.1511 
         245  1 0.0562 0.1499 0.0781 0.0337 0.2741 0.0929 0.1690 0.1460 
         246  1 0.0591 0.1425 0.2055 0.2264 0.0785 0.1096 0.0563 0.1221 
         247  1 0.2010 0.0405 0.0741 0.0907 0.3397 0.0782 0.0534 0.1224 
         248  1 0.1521 0.2432 0.0577 0.0348 0.1815 0.0874 0.1231 0.1201 
         249  1 0.0944 0.0637 0.1292 0.2476 0.0999 0.1847 0.0695 0.1110 
         250  1 0.2122 0.3435 0.0337 0.0421 0.0634 0.1879 0.0349 0.0823 
         251  1 0.0763 0.0965 0.2110 0.0510 0.0923 0.1235 0.1468 0.2027 
         252  1 0.0788 0.0758 0.5171 0.0454 0.0851 0.0482 0.0455 0.1042 
         253  1 0.0654 0.1484 0.4283 0.0427 0.1024 0.0354 0.0609 0.1164 
         254  1 0.1033 0.0951 0.1662 0.0690 0.0777 0.1299 0.2201 0.1387 
         255  1 0.0972 0.0977 0.0679 0.1237 0.1716 0.1439 0.1742 0.1238 
         256  1 0.2492 0.0477 0.0812 0.0671 0.3195 0.0733 0.0445 0.1173 
         257  1 0.1435 0.1167 0.0659 0.3580 0.0570 0.1240 0.0405 0.0943 
         258  1 0.0501 0.0543 0.0948 0.0808 0.0562 0.0382 0.5249 0.1007 
         259  1 0.0427 0.7393 0.0386 0.0336 0.0209 0.0416 0.0312 0.0520 
         260  1 0.0859 0.1711 0.0819 0.0451 0.0997 0.1386 0.2298 0.1478 
         261  1 0.0824 0.0807 0.1523 0.0606 0.1073 0.0916 0.2199 0.2052 
         262  1 0.0959 0.0658 0.2608 0.1399 0.1535 0.0636 0.0732 0.1474 
         263  1 0.0421 0.0690 0.3853 0.1218 0.1848 0.0404 0.0608 0.0959 
         264  1 0.0934 0.1148 0.1390 0.0447 0.1104 0.0456 0.3022 0.1500 
         265  1 0.4699 0.0451 0.0764 0.0772 0.1269 0.0359 0.0616 0.1070 
         266  1 0.0432 0.1605 0.0334 0.0477 0.0581 0.4082 0.0576 0.1913 
         267  1 0.0855 0.0620 0.1284 0.2044 0.1249 0.1681 0.1007 0.1261 
         268  1 0.0405 0.3206 0.1157 0.0730 0.1609 0.0464 0.1093 0.1335 
         269  1 0.2171 0.0438 0.1800 0.1069 0.0639 0.1873 0.0713 0.1297 
         270  1 0.3266 0.1145 0.0335 0.1644 0.0798 0.1302 0.0477 0.1033 
         271  1 0.2062 0.0859 0.1039 0.1811 0.0664 0.1242 0.0938 0.1385 
         272  1 0.0990 0.2099 0.1080 0.1049 0.1864 0.0490 0.1039 0.1389 
         273  1 0.0763 0.0812 0.0625 0.1348 0.0592 0.2044 0.0912 0.2905 
         274  1 0.0455 0.0405 0.1386 0.5493 0.0394 0.0366 0.0794 0.0707 
         275  1 0.1020 0.3283 0.0842 0.0885 0.1120 0.0733 0.0613 0.1503 
         276  1 0.0535 0.0707 0.0945 0.0327 0.4570 0.0671 0.1271 0.0975 
         277  1 0.1331 0.1082 0.0508 0.1138 0.0822 0.3650 0.0359 0.1109 
         278  1 0.1652 0.1176 0.1104 0.0553 0.2821 0.0819 0.0581 0.1293 
         279  1 0.1726 0.0316 0.0371 0.1155 0.1984 0.0864 0.2186 0.1398 
         280  1 0.6621 0.0371 0.0398 0.0499 0.0768 0.0380 0.0333 0.0629 
         281  1 0.3886 0.0850 0.0776 0.1115 0.1113 0.0536 0.0428 0.1295 
         282  1 0.0648 0.0633 0.0653 0.0523 0.4811 0.0747 0.0776 0.1209 
         283  1 0.0543 0.0425 0.3189 0.1749 0.0942 0.0419 0.1701 0.1031 
         284  1 0.0792 0.0413 0.0803 0.0458 0.1669 0.1490 0.0615 0.3760 
         285  1 0.0383 0.0791 0.2289 0.2416 0.0388 0.1841 0.1057 0.0836 
         286  1 0.0573 0.0793 0.1282 0.0441 0.2666 0.1288 0.1535 0.1422 
         287  1 0.0578 0.0975 0.1961 0.0411 0.2605 0.0296 0.0425 0.2749 
         288  1 0.2668 0.0714 0.0780 0.1677 0.0630 0.1436 0.0796 0.1299 
         289  1 0.0339 0.0373 0.0969 0.0805 0.0588 0.0795 0.5249 0.0882 
         290  1 0.1888 0.0806 0.2809 0.0657 0.1170 0.0650 0.0494 0.1526 
         291  1 0.1321 0.1145 0.1361 0.1489 0.1399 0.0462 0.1414 0.1409 
         292  1 0.1238 0.1137 0.1241 0.1157 0.1122 0.1251 0.1644 0.1210 
         293  1 0.0724 0.0743 0.2828 0.1938 0.0645 0.0618 0.1319 0.1185 
         294  1 0.1278 0.0540 0.1019 0.0815 0.1654 0.2184 0.0932 0.1576 
         295  1 0.0523 0.0310 0.0750 0.1757 0.1192 0.1476 0.3036 0.0956 
         296  1 0.4119 0.0426 0.0828 0.0702 0.0758 0.0756 0.1075 0.1336 
         297  1 0.0374 0.0750 0.1654 0.0737 0.0455 0.1137 0.3736 0.1158 
         298  1 0.0799 0.1375 0.0989 0.0459 0.1472 0.1342 0.2344 0.1221 
         299  1 0.0549 0.0876 0.2306 0.3070 0.0416 0.0513 0.1235 0.1034 
         300  1 0.0961 0.3702 0.0670 0.0890 0.0578 0.0957 0.0869 0.1374 
         301  1 0.1240 0.0844 0.0498 0.0696 0.3540 0.1230 0.0928 0.1023 
         302  1 0.0294 0.6617 0.0512 0.0415 0.0463 0.0930 0.0292 0.0476 
         303  1 0.0715 0.0655 0.2241 0.1347 0.1143 0.1486 0.1141 0.1271 
         304  1 0.1622 0.1699 0.0867 0.0514 0.1559 0.2048 0.0440 0.1252 
         305  1 0.1481 0.1102 0.0772 0.0985 0.1113 0.1782 0.0880 0.1886 
         306  1 0.2332 0.0863 0.0626 0.0412 0.3093 0.1242 0.0321 0.1111 
         307  1 0.0995 0.1076 0.0953 0.0701 0.1144 0.1016 0.2227 0.1888 
         308  1 0.0806 0.0693 0.1591 0.0488 0.0740 0.0507 0.3986 0.1189 
         309  1 0.1016 0.0436 0.1397 0.1381 0.0525 0.1056 0.2887 0.1304 
         310  1 0.0405 0.0565 0.2520 0.1099 0.1512 0.0652 0.2098 0.1149 
         311  1 0.0587 0.0812 0.2099 0.1216 0.1294 0.0650 0.2210 0.1133 
         312  1 0.0592 0.0510 0.0465 0.0926 0.3451 0.2631 0.0413 0.1012 
         313  1 0.0475 0.0413 0.1596 0.3679 0.0542 0.0522 0.1823 0.0949 
         314  1 0.0917 0.0467 0.0422 0.1474 0.0629 0.4168 0.1070 0.0853 
         315  1 0.0832 0.0633 0.2615 0.0988 0.1585 0.0614 0.1375 0.1360 
         316  1 0.0423 0.1345 0.0889 0.0328 0.1268 0.0332 0.4568 0.0846 
         317  1 0.0857 0.1548 0.1274 0.0904 0.1580 0.0650 0.1854 0.1332 
         318  1 0.0525 0.0506 0.0872 0.0585 0.0783 0.0917 0.4849 0.0963 
         319  1 0.2118 0.0601 0.0799 0.0389 0.2325 0.1914 0.0518 0.1336 
         320  1 0.0941 0.1828 0.1302 0.1078 0.1454 0.0811 0.1375 0.1210 
         321  1 0.0631 0.2255 0.1440 0.2197 0.0493 0.0862 0.1046 0.1076 
         322  1 0.0502 0.0909 0.0412 0.0637 0.0907 0.4290 0.1244 0.1099 
         323  1 0.0430 0.0831 0.0414 0.0828 0.0408 0.5977 0.0353 0.0758 
         324  1 0.0642 0.3616 0.1000 0.0818 0.0507 0.1870 0.0525 0.1021 
         325  1 0.0810 0.0544 0.2925 0.0564 0.1854 0.0641 0.1227 0.1435 
         326  1 0.1224 0.1920 0.0742 0.1203 0.0869 0.2048 0.0797 0.1197 
         327  1 0.1629 0.1376 0.1055 0.1894 0.1124 0.0960 0.0646 0.1316 
         328  1 0.0643 0.0504 0.0640 0.4379 0.1685 0.0585 0.0653 0.0911 
         329  1 0.1389 0.0489 0.0926 0.0957 0.0780 0.0538 0.3855 0.1067 
         330  1 0.0467 0.0403 0.2154 0.0803 0.2165 0.0627 0.2361 0.1020 
         331  1 0.1285 0.1569 0.1243 0.0404 0.2363 0.0483 0.1245 0.1409 
         332  1 0.0800 0.1206 0.1155 0.0608 0.1087 0.0870 0.3031 0.1244 
         333  1 0.0941 0.2884 0.2181 0.0831 0.0674 0.0687 0.0557 0.1246 
         334  1 0.0665 0.0551 0.1023 0.1589 0.1039 0.1991 0.1929 0.1212 
         335  1 0.0736 0.0514 0.1199 0.1425 0.0905 0.2638 0.1512 0.1070 
         336  1 0.0751 0.0671 0.0987 0.1626 0.1339 0.1054 0.2343 0.1229 
         337  1 0.1238 0.1110 0.0933 0.0563 0.1599 0.1899 0.1016 0.1641 
         338  1 0.1000 0.0404 0.0379 0.1319 0.3813 0.1392 0.0549 0.1144 
         339  1 0.1128 0.1287 0.0424 0.1824 0.1313 0.0780 0.1417 0.1827 
         340  1 0.1643 0.0883 0.1225 0.0891 0.0837 0.2214 0.0851 0.1455 
         341  1 0.0451 0.0899 0.0960 0.0747 0.0638 0.2838 0.1025 0.2442 
         342  1 0.0890 0.0929 0.2111 0.0650 0.1415 0.0904 0.1519 0.1581 
         343  1 0.0334 0.1193 0.1558 0.4355 0.0510 0.0558 0.0803 0.0687 
         344  1 0.0393 0.0552 0.4177 0.0650 0.1340 0.0334 0.1645 0.0910 
         345  1 0.0720 0.0495 0.0510 0.2797 0.1828 0.1356 0.1316 0.0979 
         346  1 0.1248 0.0703 0.1525 0.0746 0.0754 0.2484 0.1089 0.1451 
         347  1 0.0495 0.0537 0.1098 0.3051 0.1142 0.1019 0.1599 0.1059 
         348  1 0.0524 0.1335 0.1218 0.0968 0.2413 0.0574 0.1805 0.1163 
         349  1 0.1232 0.1179 0.1236 0.1342 0.0888 0.0689 0.1658 0.1776 
         350  1 0.0564 0.0582 0.0952 0.0894 0.2378 0.2574 0.0812 0.1244 
         351  1 0.1294 0.1268 0.0907 0.1485 0.0911 0.1878 0.1053 0.1204 
         352  1 0.0777 0.1207 0.1087 0.0698 0.1017 0.1127 0.2991 0.1096 
         353  1 0.3572 0.0589 0.0978 0.1164 0.0850 0.0309 0.1343 0.1195 
         354  1 0.2507 0.2583 0.0532 0.1183 0.0808 0.0665 0.0586 0.1138 
         355  1 0.0654 0.0469 0.1258 0.0680 0.2143 0.0757 0.2708 0.1330 
         356  1 0.1600 0.0658 0.0680 0.2179 0.0998 0.2337 0.0495 0.1053 
         357  1 0.0954 0.1583 0.0570 0.1019 0.0776 0.3031 0.0982 0.1085 
         358  1 0.0875 0.0377 0.2127 0.1475 0.0517 0.0753 0.2792 0.1084 
         359  1 0.0397 0.0824 0.0414 0.0742 0.0333 0.6207 0.0518 0.0564 
         360  1 0.0905 0.1926 0.1087 0.1654 0.1178 0.0862 0.1277 0.1112 
         361  1 0.0410 0.1951 0.1739 0.0414 0.1486 0.0582 0.2249 0.1170 
         362  1 0.0825 0.1751 0.0601 0.1273 0.0937 0.3197 0.0470 0.0946 
         363  1 0.2653 0.2758 0.0524 0.1164 0.0768 0.0596 0.0537 0.1001 
         364  1 0.1442 0.0864 0.1186 0.2199 0.1088 0.1401 0.0710 0.1110 
         365  1 0.0566 0.0947 0.2198 0.3933 0.0309 0.0679 0.0481 0.0888 
         366  1 0.0717 0.0830 0.1832 0.1494 0.0657 0.1694 0.1354 0.1422 
         367  1 0.1354 0.1065 0.0634 0.1331 0.0937 0.1018 0.2330 0.1333 
         368  1 0.1446 0.1202 0.1035 0.1221 0.1001 0.1101 0.1272 0.1724 
         369  1 0.0868 0.0549 0.0381 0.5928 0.0515 0.0713 0.0385 0.0662 
         370  1 0.0833 0.2985 0.0645 0.0442 0.0592 0.0713 0.2703 0.1087 
         371  1 0.0600 0.1960 0.0784 0.2279 0.0865 0.0838 0.1366 0.1310 
         372  1 0.0541 0.0744 0.0576 0.0628 0.2614 0.1067 0.2634 0.1195 
         373  1 0.1030 0.0981 0.1599 0.1328 0.0770 0.0919 0.2062 0.1310 
         374  1 0.1283 0.0673 0.1460 0.1507 0.0810 0.0603 0.2440 0.1225 
         375  1 0.0902 0.0391 0.1759 0.3947 0.0393 0.1185 0.0528 0.0895 
         376  1 0.0811 0.0405 0.1573 0.1338 0.2001 0.0767 0.1589 0.1516 
         377  1 0.1057 0.0717 0.1061 0.3666 0.0572 0.1242 0.0735 0.0950 
         378  1 0.0946 0.0620 0.0914 0.1744 0.1450 0.1541 0.1364 0.1421 
         379  1 0.2094 0.0917 0.1031 0.2442 0.1310 0.0670 0.0408 0.1127 
         380  1 0.0580 0.0388 0.4602 0.0999 0.1059 0.0303 0.1174 0.0896 
         381  1 0.0988 0.1201 0.0865 0.0847 0.1188 0.2482 0.1064 0.1365 
         382  1 0.0901 0.1614 0.1830 0.0639 0.0816 0.0746 0.2129 0.1325 
         383  1 0.0413 0.0403 0.1120 0.0584 0.3532 0.1743 0.0702 0.1503 
         384  1 0.1626 0.0428 0.3285 0.0586 0.1189 0.0783 0.0719 0.1385 
         385  1 0.1231 0.1190 0.0466 0.0519 0.1047 0.3825 0.0734 0.0988 
         386  1 0.0511 0.5467 0.0766 0.0483 0.0580 0.0821 0.0641 0.0731 
         387  1 0.0772 0.0748 0.2214 0.0544 0.2982 0.0880 0.0467 0.1393 
         388  1 0.0767 0.2498 0.1130 0.1661 0.0663 0.1223 0.0940 0.1118 
         389  1 0.0678 0.2597 0.0797 0.0708 0.0838 0.0901 0.2349 0.1132 
         390  1 0.0818 0.1079 0.1311 0.1122 0.2179 0.1137 0.0953 0.1401 
         391  1 0.1357 0.1481 0.0504 0.2005 0.0672 0.2300 0.0655 0.1026 
         392  1 0.0813 0.0891 0.1401 0.0992 0.1535 0.0899 0.1813 0.1655 
         393  1 0.0733 0.0505 0.4819 0.1037 0.0596 0.0770 0.0601 0.0941 
         394  1 0.1449 0.1106 0.1495 0.1370 0.0881 0.0643 0.1267 0.1788 
         395  1 0.0994 0.3230 0.0823 0.0778 0.1125 0.1158 0.0787 0.1105 
         396  1 0.0945 0.1546 0.1100 0.1006 0.1007 0.1809 0.1384 0.1202 
         397  1 0.1761 0.0493 0.0963 0.1281 0.0925 0.2199 0.1081 0.1295 
         398  1 0.2325 0.0855 0.1219 0.0955 0.1585 0.0804 0.0802 0.1454 
         399  1 0.0793 0.0855 0.0885 0.0889 0.1754 0.0561 0.2947 0.1317 
         400  1 0.0848 0.0228 0.1842 0.2105 0.1772 0.0803 0.1179 0.1224 
         401  1 0.0588 0.2651 0.0793 0.0586 0.1626 0.0871 0.1652 0.1233 
         402  1 0.0983 0.1015 0.1324 0.0812 0.0842 0.1149 0.2478 0.1397 
         403  1 0.1268 0.2650 0.0752 0.1302 0.0726 0.1704 0.0540 0.1057 
         404  1 0.1481 0.0519 0.1056 0.2936 0.0859 0.1179 0.0936 0.1035 
         405  1 0.1890 0.3517 0.1030 0.0695 0.0624 0.0614 0.0571 0.1058 
         406  1 0.0737 0.0799 0.3843 0.0747 0.0723 0.0459 0.1562 0.1129 
         407  1 0.1923 0.1022 0.1247 0.0864 0.1028 0.1124 0.1158 0.1635 
         408  1 0.0682 0.1268 0.0861 0.0437 0.3583 0.0578 0.1463 0.1129 
         409  1 0.0491 0.0545 0.1134 0.0385 0.4320 0.0390 0.1760 0.0976 
         410  1 0.1649 0.0371 0.0706 0.0907 0.3508 0.0951 0.0713 0.1196 
         411  1 0.0703 0.0546 0.1466 0.1584 0.1274 0.0590 0.2547 0.1292 
         412  1 0.0810 0.4526 0.0762 0.0675 0.0516 0.1354 0.0498 0.0859 
         413  1 0.0511 0.0689 0.1904 0.0616 0.1877 0.0666 0.2444 0.1291 
         414  1 0.1282 0.0841 0.1606 0.2561 0.0465 0.1212 0.0569 0.1466 
         415  1 0.1618 0.2497 0.1339 0.0643 0.0807 0.0824 0.0612 0.1661 
         416  1 0.2497 0.2121 0.0553 0.1609 0.0698 0.0787 0.0654 0.1080 
         417  1 0.0737 0.1136 0.1076 0.0705 0.1503 0.1500 0.1855 0.1489 
         418  1 0.0532 0.0929 0.4867 0.0550 0.0819 0.0772 0.0527 0.1005 
         419  1 0.1393 0.1314 0.0926 0.1847 0.1259 0.0972 0.1015 0.1274 
         420  1 0.1245 0.0931 0.0998 0.1380 0.1004 0.1060 0.1549 0.1835 
         421  1 0.1143 0.0878 0.0334 0.0679 0.2617 0.2595 0.0513 0.1240 
         422  1 0.4213 0.0330 0.1121 0.1047 0.0769 0.0398 0.1061 0.1061 
         423  1 0.3310 0.0592 0.1346 0.0704 0.1221 0.0855 0.0704 0.1268 
         424  1 0.1301 0.0398 0.1040 0.0439 0.2485 0.2239 0.0980 0.1117 
         425  1 0.0561 0.0707 0.2971 0.1597 0.0423 0.1246 0.1427 0.1069 
         426  1 0.2470 0.4242 0.0402 0.0514 0.0545 0.0476 0.0521 0.0831 
         427  1 0.1406 0.0637 0.1354 0.2312 0.1117 0.0646 0.1395 0.1134 
         428  1 0.1250 0.0998 0.0959 0.1717 0.0720 0.2001 0.1248 0.1107 
         429  1 0.0716 0.1771 0.1247 0.0806 0.1701 0.1254 0.1084 0.1421 
         430  1 0.2036 0.0883 0.0609 0.3019 0.0802 0.0916 0.0814 0.0920 
         431  1 0.0685 0.0655 0.1410 0.0622 0.1665 0.0598 0.3291 0.1073 
         432  1 0.2234 0.0581 0.0419 0.3490 0.0505 0.1218 0.0482 0.1071 
         433  1 0.0979 0.1531 0.1226 0.1468 0.0867 0.1988 0.0702 0.1239 
         434  1 0.0715 0.1447 0.0841 0.1528 0.0722 0.2392 0.1151 0.1202 
         435  1 0.0804 0.0825 0.2669 0.1115 0.0749 0.0605 0.1971 0.1262 
         436  1 0.3212 0.0677 0.0746 0.0677 0.1704 0.0757 0.0776 0.1451 
         437  1 0.0692 0.1119 0.2185 0.3198 0.0381 0.0786 0.0665 0.0974 
         438  1 0.0586 0.1279 0.3311 0.0560 0.1093 0.1027 0.0907 0.1237 
         439  1 0.0591 0.1531 0.0673 0.0508 0.1420 0.1516 0.2601 0.1161 
         440  1 0.1276 0.2080 0.2154 0.0633 0.1671 0.0401 0.0558 0.1227 
         441  1 0.1413 0.0975 0.1373 0.0407 0.2660 0.0513 0.1350 0.1310 
         442  1 0.0553 0.0429 0.2110 0.0616 0.3106 0.0598 0.1454 0.1134 
         443  1 0.0791 0.0608 0.0694 0.4728 0.0992 0.0508 0.0646 0.1034 
         444  1 0.2560 0.0667 0.0692 0.0985 0.0593 0.2490 0.0818 0.1195 
         445  1 0.0838 0.0829 0.2808 0.1432 0.1502 0.0793 0.0525 0.1273 
         446  1 0.1011 0.0653 0.1139 0.1279 0.1055 0.2272 0.1341 0.1251 
         447  1 0.1065 0.2289 0.2534 0.1298 0.0816 0.0341 0.0496 0.1161 
         448  1 0.1064 0.0723 0.1090 0.1016 0.1773 0.0802 0.2115 0.1415 
         449  1 0.0452 0.1210 0.4850 0.0569 0.0905 0.0386 0.0648 0.0981 
         450  1 0.0910 0.1678 0.0563 0.1209 0.1574 0.1697 0.1243 0.1125 
         451  1 0.0674 0.0655 0.0884 0.0435 0.1482 0.1137 0.3291 0.1442 
         452  1 0.1854 0.0599 0.0561 0.2364 0.0855 0.2086 0.0635 0.1046 
         453  1 0.1204 0.1314 0.0771 0.0648 0.0892 0.2878 0.1007 0.1288 
         454  1 0.2167 0.1947 0.0717 0.0627 0.0940 0.1250 0.1070 0.1282 
         455  1 0.0692 0.1601 0.0915 0.0961 0.0519 0.3242 0.1105 0.0965 
         456  1 0.1015 0.0737 0.0541 0.2803 0.0931 0.2266 0.0636 0.1071 
         457  1 0.1896 0.4920 0.0307 0.0337 0.0543 0.0897 0.0328 0.0773 
         458  1 0.0899 0.0867 0.2856 0.0732 0.0442 0.0904 0.1904 0.1396 
         459  1 0.0591 0.4891 0.1276 0.0550 0.0655 0.0512 0.0632 0.0893 
         460  1 0.1185 0.1090 0.0771 0.1843 0.2781 0.0773 0.0564 0.0994 
         461  1 0.0348 0.0906 0.1164 0.0631 0.0709 0.2116 0.2335 0.1790 
         462  1 0.0396 0.4780 0.1639 0.0626 0.0792 0.0421 0.0660 0.0686 
         463  1 0.1920 0.0435 0.1147 0.2615 0.1040 0.0793 0.0837 0.1212 
         464  1 0.0771 0.2055 0.1986 0.0729 0.1243 0.1179 0.0642 0.1395 
         465  1 0.0632 0.0599 0.1214 0.0863 0.1891 0.1259 0.2110 0.1431 
         466  1 0.1885 0.1417 0.0970 0.0640 0.0727 0.2214 0.0889 0.1258 
         467  1 0.1637 0.2913 0.0650 0.0992 0.0465 0.1881 0.0526 0.0936 
         468  1 0.0650 0.0926 0.5196 0.0565 0.0583 0.0615 0.0511 0.0954 
         469  1 0.2456 0.0814 0.0603 0.1420 0.0609 0.2068 0.0595 0.1435 
         470  1 0.2576 0.2426 0.0614 0.1005 0.0948 0.0815 0.0580 0.1037 
         471  1 0.1430 0.0788 0.1289 0.1484 0.0850 0.1607 0.1139 0.1414 
         472  1 0.1992 0.2285 0.0590 0.0387 0.1793 0.1294 0.0502 0.1157 
         473  1 0.1150 0.1180 0.0912 0.1030 0.1050 0.1894 0.1127 0.1656 
         474  1 0.0883 0.3216 0.0736 0.0559 0.1411 0.0850 0.1072 0.1274 
         475  1 0.1183 0.0445 0.0609 0.1616 0.3235 0.0987 0.0842 0.1083 
         476  1 0.0828 0.0705 0.0840 0.1881 0.0911 0.2402 0.1270 0.1163 
         477  1 0.0671 0.0780 0.0851 0.2640 0.0893 0.1530 0.1534 0.1100 
         478  1 0.1048 0.0716 0.1935 0.0906 0.1151 0.1208 0.1473 0.1562 
         479  1 0.1644 0.0628 0.2911 0.1153 0.0802 0.0474 0.1022 0.1365 
         480  1 0.0551 0.1872 0.0690 0.0661 0.1664 0.2440 0.0760 0.1361 
         481  1 0.0533 0.0532 0.0937 0.1242 0.0932 0.0994 0.3850 0.0980 
         482  1 0.0427 0.0419 0.2028 0.1995 0.1816 0.0542 0.1707 0.1068 
         483  1 0.1341 0.1413 0.0679 0.1084 0.1214 0.1702 0.0956 0.1613 
         484  1 0.0506 0.0393 0.0659 0.0867 0.0961 0.4920 0.0666 0.1027 
         485  1 0.0564 0.0694 0.1524 0.0749 0.1885 0.0964 0.2486 0.1134 
         486  1 0.0613 0.0752 0.1665 0.0599 0.4230 0.0362 0.0789 0.0990 
         487  1 0.0372 0.1976 0.1037 0.0737 0.2720 0.0657 0.1167 0.1334 
         488  1 0.0658 0.2837 0.0795 0.0795 0.1006 0.0944 0.1815 0.1151 
         489  1 0.1001 0.2077 0.0791 0.0770 0.2322 0.0707 0.1099 0.1231 
         490  1 0.0648 0.0975 0.1057 0.1159 0.1779 0.0576 0.2562 0.1245 
         491  1 0.0413 0.0961 0.0557 0.0442 0.4156 0.1151 0.1115 0.1205 
         492  1 0.1143 0.1043 0.1292 0.1105 0.1638 0.0699 0.1483 0.1597 
         493  1 0.0649 0.0485 0.1800 0.1940 0.1340 0.0340 0.2562 0.0884 
         494  1 0.0736 0.1427 0.0796 0.0676 0.1504 0.1620 0.2010 0.1231 
         495  1 0.0865 0.1082 0.1732 0.0541 0.1846 0.1318 0.1301 0.1314 
         496  1 0.0504 0.0353 0.1220 0.1283 0.1749 0.1331 0.2330 0.1229 
         497  1 0.0612 0.0732 0.0882 0.0768 0.1891 0.0497 0.3561 0.1056 
         498  1 0.1195 0.1332 0.2624 0.0766 0.0664 0.0644 0.1270 0.1505 
         499  1 0.2510 0.1857 0.0876 0.0640 0.0764 0.1052 0.0965 0.1336 
         500  1 0.2051 0.0765 0.1068 0.3173 0.0434 0.0885 0.0592 0.1033 
         501  1 0.1200 0.0382 0.1149 0.2839 0.0722 0.1262 0.1247 0.1200 
         502  1 0.1340 0.0643 0.1529 0.2076 0.0966 0.1031 0.1107 0.1308 
         503  1 0.0889 0.0296 0.4048 0.1806 0.0646 0.0453 0.0981 0.0880 
         504  1 0.0431 0.0272 0.3450 0.1404 0.1370 0.0925 0.1028 0.1121 
         505  1 0.0510 0.0530 0.3725 0.2078 0.0372 0.0870 0.0781 0.1134 
         506  1 0.1490 0.1135 0.0681 0.2235 0.0737 0.2109 0.0429 0.1184 
         507  1 0.0944 0.0352 0.2556 0.0601 0.0719 0.0525 0.1338 0.2965 
         508  1 0.1157 0.0648 0.1474 0.1884 0.1115 0.0842 0.1541 0.1339 
         509  1 0.1274 0.1243 0.0634 0.2814 0.1063 0.1124 0.0590 0.1258 
         510  1 0.1116 0.0505 0.1273 0.1598 0.0989 0.1126 0.2170 0.1222 
         511  1 0.0730 0.2013 0.0646 0.0565 0.1810 0.1485 0.1419 0.1332 
         512  1 0.1263 0.2689 0.0539 0.1393 0.0408 0.2289 0.0440 0.0979 
         513  1 0.0873 0.1315 0.0623 0.0774 0.1889 0.1665 0.1613 0.1248 
         514  1 0.0364 0.1277 0.3127 0.1020 0.1145 0.0427 0.1775 0.0865 
         515  1 0.1090 0.1684 0.1052 0.0794 0.0857 0.1082 0.1953 0.1488 
         516  1 0.1066 0.3678 0.0419 0.0724 0.1007 0.1747 0.0388 0.0970 
         517  1 0.3062 0.1110 0.1139 0.0780 0.0912 0.0696 0.0913 0.1388 
         518  1 0.0610 0.0512 0.4741 0.0911 0.0693 0.0400 0.1167 0.0967 
         519  1 0.3066 0.1107 0.0428 0.0547 0.0884 0.2455 0.0601 0.0911 
         520  1 0.0898 0.0610 0.0445 0.1507 0.0417 0.4829 0.0440 0.0855 
         521  1 0.2941 0.1212 0.0346 0.2225 0.0763 0.1161 0.0407 0.0946 
         522  1 0.1022 0.1761 0.0804 0.1574 0.1753 0.0742 0.0933 0.1410 
         523  1 0.1021 0.0409 0.3436 0.1560 0.0619 0.0816 0.0985 0.1154 
         524  1 0.2385 0.0378 0.0723 0.1046 0.3039 0.0357 0.0981 0.1090 
         525  1 0.0607 0.1603 0.3379 0.0496 0.1194 0.0617 0.0907 0.1197 
         526  1 0.3599 0.0477 0.0712 0.0448 0.2168 0.0591 0.0912 0.1092 
         527  1 0.0467 0.2310 0.2186 0.0685 0.1095 0.0686 0.1436 0.1136 
         528  1 0.0457 0.2340 0.2185 0.1044 0.1332 0.0478 0.0873 0.1291 
         529  1 0.0529 0.2614 0.0913 0.0598 0.0746 0.1770 0.1640 0.1190 
         530  1 0.0510 0.0746 0.0599 0.3971 0.0964 0.0896 0.1195 0.1118 
         531  1 0.0385 0.0616 0.0831 0.0674 0.0467 0.0434 0.5925 0.0668 
         532  1 0.0838 0.0336 0.1867 0.1575 0.1580 0.0479 0.2316 0.1008 
         533  1 0.0647 0.0776 0.1528 0.1916 0.1081 0.2007 0.0768 0.1276 
         534  1 0.0619 0.1599 0.0749 0.0739 0.1696 0.2045 0.1076 0.1476 
         535  1 0.0607 0.0444 0.4812 0.0731 0.0659 0.0361 0.1522 0.0865 
         536  1 0.0520 0.2463 0.1742 0.0571 0.1574 0.0778 0.1153 0.1199 
         537  1 0.0609 0.0939 0.0599 0.0481 0.3110 0.0886 0.2269 0.1107 
         538  1 0.1445 0.0842 0.0460 0.1740 0.2504 0.1198 0.0504 0.1307 
         539  1 0.2569 0.0578 0.0467 0.0533 0.0513 0.0895 0.3286 0.1159 
         540  1 0.0548 0.0583 0.3299 0.0315 0.2550 0.0557 0.1073 0.1074 
         541  1 0.1063 0.1298 0.1105 0.0592 0.2078 0.0954 0.1052 0.1858 
         542  1 0.0955 0.1172 0.2693 0.0635 0.0927 0.0479 0.1374 0.1765 
         543  1 0.0801 0.0403 0.2571 0.1338 0.0852 0.1204 0.1608 0.1223 
         544  1 0.2437 0.0595 0.0552 0.2058 0.0692 0.1973 0.0603 0.1089 
         545  1 0.2022 0.2433 0.0419 0.0377 0.1212 0.1820 0.0549 0.1167 
         546  1 0.0572 0.0534 0.1399 0.1060 0.0464 0.2937 0.2050 0.0984 
         547  1 0.1437 0.1061 0.0971 0.0867 0.1140 0.2813 0.0504 0.1208 
