           1  1 0.3195 0.2275 0.2672 0.1858 
           2  1 0.2157 0.2458 0.1353 0.4033 
           3  1 0.1470 0.4788 0.1917 0.1825 
           4  1 0.1783 0.1762 0.4579 0.1876 
           5  1 0.1933 0.3168 0.3108 0.1792 
           6  1 0.2786 0.2832 0.2511 0.1870 
           7  1 0.1570 0.3248 0.1749 0.3433 
           8  1 0.2147 0.2970 0.2507 0.2376 
           9  1 0.2419 0.2686 0.3006 0.1889 
          10  1 0.1919 0.1492 0.2468 0.4121 
          11  1 0.1603 0.3416 0.2790 0.2191 
          12  1 0.1651 0.2147 0.3900 0.2303 
          13  1 0.2839 0.2516 0.2976 0.1669 
          14  1 0.1434 0.5061 0.1884 0.1622 
          15  1 0.1226 0.4379 0.3270 0.1125 
          16  1 0.2527 0.3171 0.2272 0.2029 
          17  1 0.4400 0.1725 0.2042 0.1833 
          18  1 0.1717 0.3473 0.2568 0.2243 
          19  1 0.2815 0.1635 0.2678 0.2872 
          20  1 0.2326 0.2991 0.2021 0.2661 
          21  1 0.2731 0.2705 0.2593 0.1970 
          22  1 0.1511 0.3426 0.2090 0.2973 
          23  1 0.2429 0.2142 0.3267 0.2161 
          24  1 0.4186 0.1616 0.1894 0.2304 
          25  1 0.3209 0.2511 0.2256 0.2024 
          26  1 0.1665 0.2896 0.3454 0.1985 
          27  1 0.1999 0.1226 0.1142 0.5633 
          28  1 0.1328 0.5848 0.1274 0.1550 
          29  1 0.1918 0.1001 0.3039 0.4043 
          30  1 0.2525 0.3055 0.3461 0.0958 
          31  1 0.3236 0.1865 0.2220 0.2679 
          32  1 0.2116 0.2338 0.3843 0.1703 
          33  1 0.3030 0.4000 0.1500 0.1470 
          34  1 0.2908 0.2596 0.2214 0.2282 
          35  1 0.2266 0.3023 0.3190 0.1521 
          36  1 0.1428 0.2692 0.4212 0.1668 
          37  1 0.1914 0.1807 0.2319 0.3960 
          38  1 0.1463 0.1332 0.2569 0.4636 
          39  1 0.2253 0.3213 0.3269 0.1266 
          40  1 0.3454 0.2190 0.2362 0.1994 
          41  1 0.1124 0.2714 0.3887 0.2276 
          42  1 0.3572 0.1734 0.2037 0.2657 
          43  1 0.1901 0.2298 0.2224 0.3577 
          44  1 0.2897 0.2593 0.2415 0.2095 
          45  1 0.4397 0.2277 0.1946 0.1380 
          46  1 0.3503 0.2029 0.1042 0.3426 
          47  1 0.2140 0.1954 0.4343 0.1563 
          48  1 0.1905 0.1508 0.3005 0.3582 
          49  1 0.2890 0.2810 0.2655 0.1645 
          50  1 0.1509 0.3990 0.2067 0.2434 
          51  1 0.5525 0.1112 0.2141 0.1221 
          52  1 0.4217 0.2479 0.1475 0.1829 
          53  1 0.2597 0.3575 0.2304 0.1524 
          54  1 0.3965 0.1206 0.2503 0.2326 
          55  1 0.3514 0.1650 0.1178 0.3658 
          56  1 0.3233 0.1267 0.2166 0.3333 
          57  1 0.6211 0.1020 0.0813 0.1956 
          58  1 0.2314 0.2852 0.1745 0.3090 
          59  1 0.4035 0.3708 0.1224 0.1032 
          60  1 0.1947 0.3217 0.2659 0.2177 
          61  1 0.1777 0.2731 0.2602 0.2890 
          62  1 0.1966 0.2291 0.4181 0.1562 
          63  1 0.2174 0.1871 0.3841 0.2115 
          64  1 0.2959 0.2090 0.3068 0.1882 
          65  1 0.2874 0.2445 0.1368 0.3313 
          66  1 0.1313 0.1990 0.1411 0.5286 
          67  1 0.1301 0.3721 0.3363 0.1615 
          68  1 0.1589 0.2522 0.3226 0.2662 
          69  1 0.1211 0.1975 0.2303 0.4511 
          70  1 0.2051 0.2466 0.2922 0.2561 
          71  1 0.3477 0.2009 0.0940 0.3574 
          72  1 0.5241 0.2098 0.1009 0.1651 
          73  1 0.1420 0.1679 0.2554 0.4347 
          74  1 0.3083 0.2376 0.2382 0.2159 
          75  1 0.0958 0.5254 0.1112 0.2676 
          76  1 0.1643 0.2348 0.3746 0.2263 
          77  1 0.1035 0.4468 0.1297 0.3200 
          78  1 0.2528 0.1384 0.4378 0.1711 
          79  1 0.1320 0.1822 0.3697 0.3160 
          80  1 0.1492 0.3544 0.3841 0.1123 
          81  1 0.1515 0.5062 0.1858 0.1565 
          82  1 0.3938 0.2574 0.2007 0.1481 
          83  1 0.1234 0.4264 0.3128 0.1374 
          84  1 0.1702 0.2587 0.4403 0.1308 
          85  1 0.2532 0.1705 0.1611 0.4151 
          86  1 0.2455 0.3520 0.1930 0.2096 
          87  1 0.2943 0.2017 0.2219 0.2821 
          88  1 0.1600 0.1887 0.1826 0.4687 
          89  1 0.2655 0.3742 0.1248 0.2355 
          90  1 0.3229 0.1930 0.1625 0.3216 
          91  1 0.2199 0.2605 0.2819 0.2377 
          92  1 0.1152 0.3131 0.2107 0.3611 
          93  1 0.4156 0.2239 0.1458 0.2147 
          94  1 0.2188 0.4015 0.1549 0.2247 
          95  1 0.1470 0.1559 0.5666 0.1305 
          96  1 0.0981 0.1812 0.3615 0.3592 
          97  1 0.1807 0.3340 0.2378 0.2475 
          98  1 0.2718 0.1295 0.4819 0.1168 
          99  1 0.3357 0.2762 0.1909 0.1971 
         100  1 0.1896 0.3020 0.2618 0.2465 
         101  1 0.2874 0.2859 0.1695 0.2571 
         102  1 0.1816 0.4102 0.2333 0.1749 
         103  1 0.1395 0.4792 0.1412 0.2401 
         104  1 0.2107 0.2089 0.3133 0.2671 
         105  1 0.2768 0.2602 0.2713 0.1917 
         106  1 0.1541 0.4313 0.1016 0.3131 
         107  1 0.1849 0.1865 0.2629 0.3657 
         108  1 0.3622 0.2253 0.2279 0.1846 
         109  1 0.1812 0.4300 0.2365 0.1523 
         110  1 0.1432 0.1995 0.2713 0.3859 
         111  1 0.1363 0.2739 0.4575 0.1323 
         112  1 0.3820 0.2501 0.2002 0.1677 
         113  1 0.4182 0.2277 0.1844 0.1696 
         114  1 0.2176 0.2868 0.2145 0.2810 
         115  1 0.3267 0.1946 0.1188 0.3598 
         116  1 0.3006 0.2418 0.1415 0.3161 
         117  1 0.2094 0.1588 0.1661 0.4657 
         118  1 0.4481 0.1601 0.1691 0.2227 
         119  1 0.2201 0.3671 0.1258 0.2870 
         120  1 0.2700 0.4032 0.1568 0.1699 
         121  1 0.4107 0.1775 0.2018 0.2100 
         122  1 0.0977 0.1730 0.3757 0.3536 
         123  1 0.2016 0.1714 0.3400 0.2870 
         124  1 0.2323 0.1161 0.1310 0.5207 
         125  1 0.3313 0.1533 0.1170 0.3983 
         126  1 0.1754 0.1064 0.0876 0.6305 
         127  1 0.1589 0.1815 0.1292 0.5304 
         128  1 0.2042 0.2133 0.2535 0.3290 
         129  1 0.2605 0.1773 0.2714 0.2908 
         130  1 0.0964 0.5030 0.2485 0.1520 
         131  1 0.1469 0.3534 0.3211 0.1786 
         132  1 0.3000 0.2812 0.2479 0.1709 
         133  1 0.2971 0.1891 0.3145 0.1993 
         134  1 0.1129 0.3448 0.3654 0.1769 
         135  1 0.3368 0.3861 0.1249 0.1521 
         136  1 0.1732 0.1824 0.4980 0.1464 
         137  1 0.1183 0.3130 0.4666 0.1021 
         138  1 0.1238 0.2160 0.5060 0.1542 
         139  1 0.4400 0.1638 0.2478 0.1484 
         140  1 0.2254 0.3702 0.2258 0.1786 
         141  1 0.2899 0.4258 0.1717 0.1126 
         142  1 0.3107 0.2232 0.2988 0.1673 
         143  1 0.3618 0.2956 0.1843 0.1583 
         144  1 0.3203 0.1466 0.1891 0.3441 
         145  1 0.2944 0.1419 0.3173 0.2464 
         146  1 0.6632 0.1511 0.1008 0.0850 
         147  1 0.1264 0.1426 0.5686 0.1624 
         148  1 0.3410 0.2261 0.2209 0.2120 
         149  1 0.1778 0.2096 0.3230 0.2896 
         150  1 0.1418 0.1494 0.5826 0.1261 
         151  1 0.3109 0.2805 0.2036 0.2049 
         152  1 0.2924 0.3329 0.1884 0.1863 
         153  1 0.2530 0.2590 0.1984 0.2896 
         154  1 0.1901 0.2487 0.3650 0.1962 
         155  1 0.2405 0.1642 0.4062 0.1891 
         156  1 0.2051 0.1203 0.3638 0.3108 
         157  1 0.1845 0.2941 0.2887 0.2327 
         158  1 0.2829 0.2097 0.3695 0.1380 
         159  1 0.1991 0.3346 0.2739 0.1924 
         160  1 0.1404 0.2066 0.5498 0.1033 
         161  1 0.3019 0.3010 0.2174 0.1797 
         162  1 0.1255 0.3536 0.1868 0.3341 
         163  1 0.1960 0.2253 0.2514 0.3273 
         164  1 0.1662 0.3881 0.2874 0.1583 
         165  1 0.1930 0.2721 0.2200 0.3149 
         166  1 0.2943 0.1498 0.4423 0.1136 
         167  1 0.2079 0.1676 0.2946 0.3298 
         168  1 0.1569 0.2469 0.4876 0.1087 
         169  1 0.2545 0.3108 0.1631 0.2716 
         170  1 0.2259 0.5619 0.0963 0.1158 
         171  1 0.1993 0.1793 0.4655 0.1559 
         172  1 0.4160 0.1769 0.1997 0.2074 
         173  1 0.2866 0.4108 0.1446 0.1580 
         174  1 0.3716 0.2095 0.1645 0.2544 
         175  1 0.3510 0.2774 0.1717 0.1999 
         176  1 0.2433 0.3524 0.2678 0.1365 
         177  1 0.3428 0.2054 0.1506 0.3012 
         178  1 0.4110 0.1923 0.2335 0.1633 
         179  1 0.3172 0.1430 0.2314 0.3084 
         180  1 0.1309 0.2586 0.4325 0.1780 
         181  1 0.1291 0.4929 0.2132 0.1647 
         182  1 0.1210 0.1288 0.6010 0.1492 
         183  1 0.2798 0.1730 0.3680 0.1792 
         184  1 0.1701 0.4271 0.1981 0.2047 
         185  1 0.2405 0.2060 0.1358 0.4177 
         186  1 0.1910 0.1702 0.1442 0.4947 
         187  1 0.1213 0.2335 0.4058 0.2394 
         188  1 0.3458 0.1536 0.1710 0.3296 
         189  1 0.2605 0.2261 0.1730 0.3404 
         190  1 0.5662 0.1185 0.1105 0.2049 
         191  1 0.3578 0.2657 0.1249 0.2517 
         192  1 0.1615 0.3357 0.3129 0.1899 
         193  1 0.3509 0.2574 0.1554 0.2363 
         194  1 0.1288 0.2153 0.5463 0.1096 
         195  1 0.3585 0.2928 0.2273 0.1213 
         196  1 0.3167 0.2563 0.1219 0.3051 
         197  1 0.4931 0.1715 0.1574 0.1780 
         198  1 0.3490 0.3313 0.1337 0.1861 
         199  1 0.0831 0.1092 0.1068 0.7009 
         200  1 0.1615 0.1422 0.2152 0.4811 
         201  1 0.2050 0.1835 0.1670 0.4445 
         202  1 0.1172 0.1826 0.5174 0.1828 
         203  1 0.3200 0.1666 0.2159 0.2976 
         204  1 0.2737 0.1651 0.1210 0.4402 
         205  1 0.1521 0.1684 0.2129 0.4666 
         206  1 0.1397 0.1315 0.2030 0.5258 
         207  1 0.2120 0.3710 0.2242 0.1928 
         208  1 0.1832 0.3492 0.3263 0.1414 
         209  1 0.2428 0.2489 0.1241 0.3842 
         210  1 0.4690 0.1826 0.1551 0.1933 
         211  1 0.4990 0.1479 0.1057 0.2474 
         212  1 0.1113 0.1261 0.5837 0.1790 
         213  1 0.3701 0.2642 0.1597 0.2060 
         214  1 0.3474 0.2858 0.0934 0.2734 
         215  1 0.4601 0.1969 0.1598 0.1832 
         216  1 0.3695 0.2208 0.2847 0.1249 
         217  1 0.4447 0.1583 0.1631 0.2339 
         218  1 0.3741 0.2061 0.2690 0.1509 
         219  1 0.2171 0.1553 0.0658 0.5619 
         220  1 0.2261 0.1170 0.3918 0.2651 
         221  1 0.1969 0.1482 0.1890 0.4660 
         222  1 0.3778 0.2191 0.2678 0.1353 
         223  1 0.5268 0.0777 0.1198 0.2756 
         224  1 0.1871 0.1349 0.1344 0.5436 
         225  1 0.5647 0.1639 0.1043 0.1672 
         226  1 0.3009 0.2520 0.1235 0.3236 
         227  1 0.2219 0.3144 0.2083 0.2554 
         228  1 0.1163 0.1385 0.5870 0.1582 
         229  1 0.2064 0.2227 0.2929 0.2780 
         230  1 0.2171 0.1660 0.0919 0.5250 
         231  1 0.2605 0.1189 0.0969 0.5237 
         232  1 0.1397 0.4354 0.1621 0.2628 
         233  1 0.1567 0.1741 0.5458 0.1234 
         234  1 0.3810 0.1650 0.2263 0.2276 
         235  1 0.2178 0.2010 0.2142 0.3669 
         236  1 0.1754 0.2197 0.4633 0.1416 
         237  1 0.4422 0.1718 0.2000 0.1860 
         238  1 0.0952 0.4823 0.1580 0.2645 
         239  1 0.1492 0.3062 0.4310 0.1136 
         240  1 0.4231 0.3263 0.1210 0.1296 
         241  1 0.2165 0.3761 0.1104 0.2970 
         242  1 0.1525 0.2481 0.2512 0.3482 
         243  1 0.3268 0.1702 0.2247 0.2783 
         244  1 0.2692 0.4602 0.1652 0.1054 
         245  1 0.2692 0.4631 0.1619 0.1058 
         246  1 0.2616 0.1496 0.3253 0.2635 
         247  1 0.1442 0.5154 0.1335 0.2068 
         248  1 0.4049 0.3266 0.1433 0.1253 
         249  1 0.1758 0.1995 0.2215 0.4032 
         250  1 0.5507 0.1687 0.0823 0.1983 
         251  1 0.2791 0.2278 0.3065 0.1867 
         252  1 0.2481 0.2631 0.3342 0.1546 
         253  1 0.3114 0.2261 0.3301 0.1325 
         254  1 0.2616 0.2216 0.3306 0.1862 
         255  1 0.2476 0.3386 0.1808 0.2329 
         256  1 0.1675 0.4753 0.1441 0.2131 
         257  1 0.2274 0.1422 0.1557 0.4747 
         258  1 0.1495 0.1772 0.5151 0.1582 
         259  1 0.6850 0.0766 0.1063 0.1320 
         260  1 0.3517 0.2535 0.2297 0.1650 
         261  1 0.2298 0.2653 0.3070 0.1978 
         262  1 0.1553 0.2669 0.3456 0.2322 
         263  1 0.1570 0.2527 0.4430 0.1473 
         264  1 0.2494 0.2287 0.3905 0.1314 
         265  1 0.1738 0.3814 0.1786 0.2661 
         266  1 0.4805 0.1866 0.1209 0.2119 
         267  1 0.1740 0.2246 0.2596 0.3417 
         268  1 0.3238 0.2639 0.2737 0.1386 
         269  1 0.1614 0.2183 0.2197 0.4005 
         270  1 0.2822 0.1922 0.1022 0.4234 
         271  1 0.2219 0.1650 0.2380 0.3751 
         272  1 0.3161 0.2762 0.2322 0.1755 
         273  1 0.2911 0.1933 0.2126 0.3029 
         274  1 0.1137 0.1146 0.4508 0.3209 
         275  1 0.4366 0.2106 0.1740 0.1788 
         276  1 0.1887 0.5052 0.2003 0.1058 
         277  1 0.3078 0.1878 0.1090 0.3954 
         278  1 0.2624 0.4067 0.1599 0.1710 
         279  1 0.1113 0.4325 0.1681 0.2881 
         280  1 0.1674 0.3313 0.1036 0.3977 
         281  1 0.2171 0.2728 0.1515 0.3586 
         282  1 0.1946 0.4418 0.2059 0.1577 
         283  1 0.1194 0.1978 0.5142 0.1686 
         284  1 0.1591 0.4578 0.1542 0.2289 
         285  1 0.2043 0.1106 0.4370 0.2482 
         286  1 0.2027 0.3645 0.2800 0.1528 
         287  1 0.2287 0.3979 0.2559 0.1175 
         288  1 0.1918 0.1701 0.1788 0.4593 
         289  1 0.1403 0.1976 0.4932 0.1688 
         290  1 0.2201 0.3402 0.2088 0.2308 
         291  1 0.2391 0.2193 0.3446 0.1970 
         292  1 0.2481 0.2517 0.2622 0.2380 
         293  1 0.1805 0.1603 0.4375 0.2217 
         294  1 0.1701 0.3846 0.1486 0.2968 
         295  1 0.1219 0.3204 0.2893 0.2683 
         296  1 0.1689 0.2969 0.1902 0.3441 
         297  1 0.2365 0.1367 0.4694 0.1575 
         298  1 0.3153 0.3418 0.2164 0.1265 
         299  1 0.2053 0.1189 0.4722 0.2035 
         300  1 0.4228 0.1682 0.1800 0.2290 
         301  1 0.2293 0.4541 0.1421 0.1744 
         302  1 0.6236 0.1291 0.1241 0.1232 
         303  1 0.1856 0.2300 0.3470 0.2374 
         304  1 0.3675 0.2869 0.1220 0.2237 
         305  1 0.2755 0.2850 0.1379 0.3016 
         306  1 0.2639 0.4312 0.1012 0.2037 
         307  1 0.2799 0.2632 0.2604 0.1965 
         308  1 0.1868 0.2029 0.4660 0.1444 
         309  1 0.1458 0.1452 0.4082 0.3007 
         310  1 0.1408 0.2440 0.4693 0.1459 
         311  1 0.1780 0.2446 0.4105 0.1668 
         312  1 0.1578 0.4710 0.1052 0.2660 
         313  1 0.1050 0.1352 0.4691 0.2907 
         314  1 0.1815 0.1892 0.1681 0.4612 
         315  1 0.1767 0.3098 0.3441 0.1694 
         316  1 0.2846 0.3123 0.3165 0.0865 
         317  1 0.2692 0.2778 0.2889 0.1642 
         318  1 0.1687 0.2970 0.3525 0.1817 
         319  1 0.2053 0.4663 0.1126 0.2158 
         320  1 0.2858 0.2506 0.2691 0.1944 
         321  1 0.3129 0.1232 0.3092 0.2547 
         322  1 0.2640 0.2654 0.1549 0.3156 
         323  1 0.3162 0.1676 0.1291 0.3871 
         324  1 0.4683 0.1377 0.1688 0.2252 
         325  1 0.1724 0.3422 0.3278 0.1576 
         326  1 0.3486 0.2100 0.1737 0.2677 
         327  1 0.2705 0.2410 0.1980 0.2904 
         328  1 0.1517 0.2773 0.2247 0.3463 
         329  1 0.1534 0.2766 0.3287 0.2414 
         330  1 0.1317 0.3267 0.4063 0.1354 
         331  1 0.2674 0.4252 0.1853 0.1220 
         332  1 0.2682 0.2698 0.3076 0.1544 
         333  1 0.3828 0.1555 0.2644 0.1973 
         334  1 0.1739 0.2396 0.2760 0.3105 
         335  1 0.1644 0.2329 0.2916 0.3111 
         336  1 0.1894 0.2931 0.2826 0.2349 
         337  1 0.2695 0.3666 0.1687 0.1951 
         338  1 0.1308 0.4658 0.1123 0.2911 
         339  1 0.2569 0.2459 0.1770 0.3202 
         340  1 0.2785 0.2432 0.1913 0.2870 
         341  1 0.3032 0.2051 0.2672 0.2244 
         342  1 0.2432 0.2747 0.3194 0.1626 
         343  1 0.2304 0.1198 0.4394 0.2104 
         344  1 0.1343 0.2291 0.5311 0.1055 
         345  1 0.1585 0.3124 0.2001 0.3289 
         346  1 0.2425 0.2348 0.2613 0.2615 
         347  1 0.1380 0.2189 0.3421 0.3009 
         348  1 0.2198 0.3207 0.3166 0.1429 
         349  1 0.2361 0.1827 0.3344 0.2467 
         350  1 0.1949 0.3749 0.1915 0.2388 
         351  1 0.2812 0.2164 0.2062 0.2962 
         352  1 0.2588 0.2503 0.3258 0.1652 
         353  1 0.1812 0.2545 0.2617 0.3026 
         354  1 0.4360 0.1862 0.1446 0.2331 
         355  1 0.1505 0.3908 0.2978 0.1609 
         356  1 0.1952 0.2056 0.1455 0.4537 
         357  1 0.3631 0.1770 0.1855 0.2743 
         358  1 0.1293 0.1725 0.4614 0.2367 
         359  1 0.3911 0.1241 0.1730 0.3119 
         360  1 0.2923 0.2369 0.2650 0.2057 
         361  1 0.2796 0.2482 0.3719 0.1003 
         362  1 0.3593 0.1918 0.1383 0.3107 
         363  1 0.4594 0.1779 0.1357 0.2270 
         364  1 0.2101 0.2120 0.2079 0.3699 
         365  1 0.2127 0.0910 0.3308 0.3654 
         366  1 0.2209 0.1829 0.3309 0.2653 
         367  1 0.2515 0.2357 0.2408 0.2720 
         368  1 0.2511 0.2155 0.2559 0.2775 
         369  1 0.1581 0.1598 0.1251 0.5570 
         370  1 0.4338 0.1594 0.2812 0.1255 
         371  1 0.2895 0.1722 0.2966 0.2416 
         372  1 0.1882 0.4573 0.1904 0.1641 
         373  1 0.2022 0.1806 0.3871 0.2301 
         374  1 0.1626 0.1958 0.4050 0.2366 
         375  1 0.1201 0.1123 0.2636 0.5040 
         376  1 0.1269 0.2736 0.3533 0.2462 
         377  1 0.1978 0.1430 0.2542 0.4049 
         378  1 0.1834 0.2899 0.2270 0.2997 
         379  1 0.2319 0.2050 0.1982 0.3649 
         380  1 0.1036 0.1922 0.5759 0.1283 
         381  1 0.2831 0.2702 0.1922 0.2545 
         382  1 0.3144 0.2039 0.3167 0.1651 
         383  1 0.1293 0.5139 0.1673 0.1895 
         384  1 0.1527 0.3314 0.2788 0.2371 
         385  1 0.3322 0.2602 0.1378 0.2698 
         386  1 0.5336 0.1415 0.1890 0.1360 
         387  1 0.1879 0.3837 0.2384 0.1900 
         388  1 0.3550 0.1550 0.2594 0.2307 
         389  1 0.3635 0.1903 0.2969 0.1492 
         390  1 0.2437 0.3138 0.2383 0.2042 
         391  1 0.3139 0.1753 0.1444 0.3665 
         392  1 0.2012 0.3230 0.2778 0.1980 
         393  1 0.1589 0.1718 0.4577 0.2116 
         394  1 0.2600 0.2241 0.2640 0.2519 
         395  1 0.4122 0.2181 0.1820 0.1877 
         396  1 0.3115 0.2185 0.2541 0.2159 
         397  1 0.1724 0.2553 0.2072 0.3651 
         398  1 0.2316 0.2973 0.2176 0.2535 
         399  1 0.1904 0.3247 0.3075 0.1774 
         400  1 0.0912 0.2972 0.3411 0.2705 
         401  1 0.3687 0.2609 0.2298 0.1407 
         402  1 0.2417 0.2354 0.3069 0.2160 
         403  1 0.3953 0.1917 0.1603 0.2528 
         404  1 0.1581 0.2042 0.2459 0.3917 
         405  1 0.4253 0.1670 0.1732 0.2345 
         406  1 0.1864 0.1875 0.4797 0.1464 
         407  1 0.2364 0.2580 0.2374 0.2682 
         408  1 0.2330 0.4393 0.2141 0.1135 
         409  1 0.1422 0.4783 0.2886 0.0909 
         410  1 0.1327 0.4455 0.1636 0.2582 
         411  1 0.1464 0.2336 0.4254 0.1946 
         412  1 0.5121 0.1408 0.1458 0.2013 
         413  1 0.1820 0.3359 0.3442 0.1379 
         414  1 0.2095 0.1315 0.2296 0.4293 
         415  1 0.4093 0.2060 0.1910 0.1937 
         416  1 0.3668 0.1793 0.1566 0.2973 
         417  1 0.2421 0.2993 0.2836 0.1750 
         418  1 0.2421 0.2039 0.3960 0.1580 
         419  1 0.2585 0.2469 0.2257 0.2689 
         420  1 0.2177 0.2332 0.2668 0.2822 
         421  1 0.2226 0.4341 0.0883 0.2550 
         422  1 0.1292 0.2490 0.2560 0.3658 
         423  1 0.2067 0.3172 0.2060 0.2700 
         424  1 0.1513 0.5028 0.1665 0.1795 
         425  1 0.2002 0.1248 0.4481 0.2270 
         426  1 0.5338 0.1580 0.1237 0.1844 
         427  1 0.1600 0.2653 0.3004 0.2743 
         428  1 0.2538 0.1913 0.2437 0.3112 
         429  1 0.2914 0.2739 0.2384 0.1962 
         430  1 0.2337 0.2079 0.1809 0.3775 
         431  1 0.1722 0.3224 0.3665 0.1389 
         432  1 0.1708 0.1499 0.1116 0.5677 
         433  1 0.3075 0.1984 0.2137 0.2805 
         434  1 0.3221 0.1665 0.2353 0.2761 
         435  1 0.2072 0.1798 0.4416 0.1713 
         436  1 0.2102 0.3607 0.1483 0.2808 
         437  1 0.2374 0.1094 0.3420 0.3112 
         438  1 0.2528 0.2471 0.3395 0.1607 
         439  1 0.3136 0.2998 0.2384 0.1482 
         440  1 0.3108 0.2784 0.2478 0.1630 
         441  1 0.2289 0.3896 0.2442 0.1372 
         442  1 0.1250 0.4166 0.3160 0.1424 
         443  1 0.1625 0.2305 0.2178 0.3892 
         444  1 0.2413 0.2047 0.1651 0.3889 
         445  1 0.1966 0.2556 0.2806 0.2672 
         446  1 0.1796 0.2444 0.2537 0.3222 
         447  1 0.3153 0.1616 0.3156 0.2075 
         448  1 0.1931 0.3265 0.2773 0.2031 
         449  1 0.2589 0.2148 0.4042 0.1221 
         450  1 0.3189 0.2850 0.1732 0.2230 
         451  1 0.2283 0.3755 0.2540 0.1422 
         452  1 0.1709 0.1940 0.1470 0.4881 
         453  1 0.3108 0.2418 0.1729 0.2746 
         454  1 0.3444 0.2449 0.1706 0.2400 
         455  1 0.3673 0.1553 0.2354 0.2420 
         456  1 0.2053 0.2102 0.1443 0.4403 
         457  1 0.6080 0.1472 0.0775 0.1673 
         458  1 0.2170 0.1269 0.4258 0.2303 
         459  1 0.4889 0.1426 0.2277 0.1407 
         460  1 0.2581 0.2971 0.2056 0.2393 
         461  1 0.2926 0.1593 0.3652 0.1830 
         462  1 0.4349 0.1546 0.2911 0.1194 
         463  1 0.1420 0.2647 0.2320 0.3612 
         464  1 0.3586 0.2083 0.2463 0.1868 
         465  1 0.1730 0.3490 0.2867 0.1913 
         466  1 0.3201 0.2180 0.1773 0.2846 
         467  1 0.4462 0.1352 0.1356 0.2830 
         468  1 0.2474 0.1710 0.3892 0.1923 
         469  1 0.2068 0.1532 0.1446 0.4954 
         470  1 0.3992 0.2040 0.1490 0.2477 
         471  1 0.1908 0.2204 0.2569 0.3319 
         472  1 0.4224 0.2956 0.1146 0.1675 
         473  1 0.2810 0.2287 0.2028 0.2875 
         474  1 0.4312 0.2273 0.1946 0.1468 
         475  1 0.1429 0.3946 0.1750 0.2874 
         476  1 0.2019 0.2371 0.2234 0.3376 
         477  1 0.1953 0.2120 0.2825 0.3103 
         478  1 0.1825 0.2363 0.3480 0.2331 
         479  1 0.1691 0.2152 0.3746 0.2411 
         480  1 0.3428 0.3000 0.1693 0.1879 
         481  1 0.1618 0.2423 0.3910 0.2049 
         482  1 0.1147 0.2616 0.4413 0.1824 
         483  1 0.2957 0.2374 0.1772 0.2897 
         484  1 0.1544 0.3036 0.1740 0.3680 
         485  1 0.1741 0.3284 0.3421 0.1554 
         486  1 0.1696 0.4408 0.2701 0.1195 
         487  1 0.2685 0.3627 0.2367 0.1320 
         488  1 0.3747 0.2022 0.2559 0.1672 
         489  1 0.3046 0.3397 0.2053 0.1504 
         490  1 0.2074 0.2598 0.3779 0.1550 
         491  1 0.2125 0.4927 0.1660 0.1289 
         492  1 0.2145 0.2995 0.2937 0.1923 
         493  1 0.1219 0.2364 0.4892 0.1525 
         494  1 0.3157 0.2711 0.2479 0.1653 
         495  1 0.2438 0.3377 0.2537 0.1647 
         496  1 0.1171 0.3406 0.3164 0.2260 
         497  1 0.1803 0.3354 0.3416 0.1427 
         498  1 0.2721 0.1902 0.3336 0.2041 
         499  1 0.3909 0.2044 0.1872 0.2175 
         500  1 0.1927 0.1460 0.1954 0.4658 
         501  1 0.1268 0.1855 0.2676 0.4201 
         502  1 0.1659 0.2132 0.2951 0.3258 
         503  1 0.1053 0.1753 0.5040 0.2154 
         504  1 0.0883 0.2681 0.4170 0.2266 
         505  1 0.1581 0.1174 0.4364 0.2881 
         506  1 0.2385 0.1581 0.1390 0.4644 
         507  1 0.1583 0.2039 0.4599 0.1779 
         508  1 0.1604 0.2262 0.3331 0.2803 
         509  1 0.2493 0.2117 0.1717 0.3673 
         510  1 0.1587 0.2502 0.3192 0.2718 
         511  1 0.3529 0.2937 0.1841 0.1693 
         512  1 0.4299 0.1183 0.1242 0.3276 
         513  1 0.2660 0.3505 0.1849 0.1986 
         514  1 0.1849 0.1908 0.5005 0.1237 
         515  1 0.3169 0.2176 0.2695 0.1959 
         516  1 0.4535 0.2070 0.1078 0.2318 
         517  1 0.2731 0.2551 0.2239 0.2479 
         518  1 0.1452 0.1751 0.5367 0.1430 
         519  1 0.3394 0.2646 0.1198 0.2762 
         520  1 0.1950 0.1480 0.1216 0.5354 
         521  1 0.2751 0.1701 0.1110 0.4438 
         522  1 0.2859 0.2722 0.2104 0.2314 
         523  1 0.1293 0.1796 0.4136 0.2774 
         524  1 0.1182 0.4311 0.2090 0.2417 
         525  1 0.2821 0.2531 0.3307 0.1341 
         526  1 0.1744 0.4890 0.1466 0.1901 
         527  1 0.2986 0.2099 0.3730 0.1185 
         528  1 0.2799 0.2031 0.3770 0.1401 
         529  1 0.3703 0.2044 0.2429 0.1824 
         530  1 0.1961 0.2217 0.2379 0.3444 
         531  1 0.1690 0.1412 0.5644 0.1255 
         532  1 0.0978 0.2971 0.3970 0.2081 
         533  1 0.2008 0.2249 0.2484 0.3260 
         534  1 0.2813 0.3048 0.2033 0.2106 
         535  1 0.1349 0.1852 0.5498 0.1301 
         536  1 0.3306 0.2606 0.2673 0.1415 
         537  1 0.2331 0.4657 0.1748 0.1264 
         538  1 0.1888 0.4069 0.1184 0.2858 
         539  1 0.2344 0.2603 0.2179 0.2874 
         540  1 0.1766 0.4292 0.2963 0.0980 
         541  1 0.2639 0.3540 0.2223 0.1599 
         542  1 0.2658 0.2197 0.3456 0.1689 
         543  1 0.1422 0.2202 0.3812 0.2564 
         544  1 0.2010 0.2052 0.1311 0.4628 
         545  1 0.4567 0.2759 0.0989 0.1686 
         546  1 0.2195 0.1639 0.3446 0.2720 
         547  1 0.3087 0.2465 0.1560 0.2888 
         548  1 0.2746 0.1277 0.3778 0.2199 
         549  1 0.3938 0.1890 0.1764 0.2407 
         550  1 0.2531 0.4083 0.1539 0.1847 
         551  1 0.1576 0.4996 0.2014 0.1414 
         552  1 0.2461 0.2858 0.3149 0.1531 
         553  1 0.2191 0.2956 0.1303 0.3550 
         554  1 0.4288 0.2337 0.1385 0.1991 
         555  1 0.2523 0.3147 0.3046 0.1284 
         556  1 0.2343 0.3767 0.1437 0.2453 
         557  1 0.2943 0.2981 0.2017 0.2059 
         558  1 0.2183 0.1649 0.2721 0.3447 
         559  1 0.2165 0.3490 0.1179 0.3166 
         560  1 0.2542 0.1906 0.2600 0.2952 
         561  1 0.2482 0.2825 0.1028 0.3666 
         562  1 0.1161 0.2601 0.4190 0.2048 
         563  1 0.2195 0.4297 0.1194 0.2315 
         564  1 0.2544 0.2814 0.2326 0.2316 
         565  1 0.1273 0.2563 0.4099 0.2065 
         566  1 0.2169 0.2694 0.1721 0.3416 
         567  1 0.2476 0.4369 0.1987 0.1167 
         568  1 0.1168 0.3187 0.4766 0.0879 
         569  1 0.1973 0.4902 0.1942 0.1184 
         570  1 0.1556 0.1559 0.5144 0.1740 
         571  1 0.2956 0.3247 0.0951 0.2846 
         572  1 0.4214 0.1997 0.1800 0.1989 
         573  1 0.1786 0.2423 0.2911 0.2881 
         574  1 0.1770 0.2604 0.4093 0.1533 
         575  1 0.2190 0.4571 0.1288 0.1952 
         576  1 0.3622 0.2147 0.2599 0.1632 
         577  1 0.1938 0.1705 0.5060 0.1297 
         578  1 0.1501 0.2109 0.1581 0.4808 
         579  1 0.1493 0.4496 0.1951 0.2060 
         580  1 0.2012 0.4269 0.1796 0.1923 
         581  1 0.3523 0.2612 0.1335 0.2530 
         582  1 0.4118 0.1397 0.1415 0.3069 
         583  1 0.1006 0.1085 0.3274 0.4635 
         584  1 0.2243 0.4153 0.1026 0.2578 
         585  1 0.1160 0.4428 0.3179 0.1233 
         586  1 0.2251 0.2660 0.1352 0.3737 
         587  1 0.1496 0.3095 0.3920 0.1489 
         588  1 0.1390 0.3015 0.4402 0.1193 
         589  1 0.3242 0.1851 0.2550 0.2358 
         590  1 0.1226 0.3203 0.4386 0.1185 
         591  1 0.3025 0.3564 0.1097 0.2314 
         592  1 0.1016 0.2233 0.5494 0.1257 
         593  1 0.1819 0.4108 0.1611 0.2461 
         594  1 0.1251 0.3152 0.2711 0.2886 
         595  1 0.2567 0.1390 0.3654 0.2389 
         596  1 0.2620 0.2068 0.0813 0.4500 
         597  1 0.1254 0.2056 0.5699 0.0991 
         598  1 0.2353 0.3098 0.2627 0.1922 
         599  1 0.1745 0.3818 0.2500 0.1937 
         600  1 0.1304 0.3232 0.3977 0.1486 
         601  1 0.1493 0.2216 0.4296 0.1995 
         602  1 0.1718 0.5765 0.1569 0.0948 
         603  1 0.2120 0.4163 0.2599 0.1118 
         604  1 0.3633 0.2253 0.1597 0.2517 
         605  1 0.3281 0.3017 0.2077 0.1624 
         606  1 0.1281 0.2314 0.4287 0.2118 
         607  1 0.1814 0.2946 0.3061 0.2179 
         608  1 0.1456 0.3843 0.2427 0.2274 
         609  1 0.5234 0.2035 0.1026 0.1706 
         610  1 0.1385 0.1548 0.3540 0.3527 
         611  1 0.3953 0.1712 0.1026 0.3309 
         612  1 0.1855 0.3394 0.1712 0.3039 
         613  1 0.1631 0.1931 0.5070 0.1367 
         614  1 0.1131 0.3439 0.3647 0.1783 
         615  1 0.2560 0.3730 0.2266 0.1445 
         616  1 0.1565 0.3108 0.1683 0.3644 
         617  1 0.0929 0.3887 0.3281 0.1903 
         618  1 0.2667 0.3369 0.2279 0.1684 
         619  1 0.1827 0.2705 0.3607 0.1860 
         620  1 0.1983 0.2720 0.2524 0.2773 
         621  1 0.2022 0.3872 0.2338 0.1768 
         622  1 0.4871 0.1398 0.1123 0.2608 
         623  1 0.3382 0.2072 0.2600 0.1947 
         624  1 0.2879 0.2116 0.1778 0.3226 
         625  1 0.1631 0.4664 0.2427 0.1278 
         626  1 0.2997 0.2327 0.1378 0.3298 
         627  1 0.1436 0.3398 0.3348 0.1818 
         628  1 0.2099 0.2317 0.3853 0.1731 
         629  1 0.3461 0.3317 0.1748 0.1474 
         630  1 0.1498 0.3405 0.1466 0.3631 
         631  1 0.1500 0.2506 0.3863 0.2131 
         632  1 0.1174 0.1178 0.6154 0.1494 
         633  1 0.0941 0.4524 0.2869 0.1666 
         634  1 0.1470 0.3103 0.2689 0.2739 
         635  1 0.3600 0.1477 0.2905 0.2018 
         636  1 0.2911 0.2300 0.2674 0.2115 
         637  1 0.4736 0.2166 0.1027 0.2071 
         638  1 0.2352 0.2059 0.4001 0.1588 
         639  1 0.0999 0.4019 0.3809 0.1174 
         640  1 0.2246 0.1615 0.4687 0.1452 
         641  1 0.1883 0.2256 0.4043 0.1818 
         642  1 0.2370 0.2784 0.3565 0.1281 
         643  1 0.1052 0.3347 0.1221 0.4380 
         644  1 0.1537 0.5407 0.1396 0.1660 
         645  1 0.4670 0.2523 0.1251 0.1556 
         646  1 0.2402 0.1673 0.1907 0.4018 
         647  1 0.2739 0.2127 0.2243 0.2891 
         648  1 0.2081 0.1795 0.4129 0.1995 
         649  1 0.1424 0.2636 0.4558 0.1381 
         650  1 0.4969 0.1639 0.1270 0.2122 
         651  1 0.2154 0.2077 0.3484 0.2285 
         652  1 0.2213 0.1930 0.1966 0.3891 
         653  1 0.1297 0.2264 0.3082 0.3357 
         654  1 0.2459 0.2854 0.2650 0.2037 
         655  1 0.3575 0.1856 0.1477 0.3092 
         656  1 0.1320 0.1511 0.4161 0.3009 
         657  1 0.2125 0.1059 0.5500 0.1317 
         658  1 0.1236 0.4050 0.3199 0.1516 
         659  1 0.1973 0.2867 0.2081 0.3079 
         660  1 0.1492 0.2341 0.4600 0.1566 
         661  1 0.3289 0.1308 0.2248 0.3155 
         662  1 0.1473 0.2611 0.3252 0.2663 
         663  1 0.4118 0.1856 0.1623 0.2402 
         664  1 0.1718 0.2195 0.2605 0.3482 
         665  1 0.1978 0.1974 0.1549 0.4500 
         666  1 0.1562 0.4118 0.2678 0.1642 
         667  1 0.2604 0.3000 0.2543 0.1853 
         668  1 0.1502 0.1455 0.4013 0.3030 
         669  1 0.6941 0.0898 0.1114 0.1047 
         670  1 0.4640 0.1261 0.1648 0.2451 
         671  1 0.2104 0.2485 0.3177 0.2234 
         672  1 0.2901 0.2200 0.2253 0.2646 
         673  1 0.3942 0.2205 0.1749 0.2104 
         674  1 0.1385 0.4047 0.1181 0.3387 
         675  1 0.1581 0.3600 0.2372 0.2447 
         676  1 0.0983 0.1164 0.4640 0.3212 
         677  1 0.1684 0.1431 0.4191 0.2695 
         678  1 0.3024 0.3815 0.1832 0.1328 
         679  1 0.1177 0.4172 0.3613 0.1038 
         680  1 0.3765 0.1585 0.3281 0.1369 
         681  1 0.2733 0.1335 0.2990 0.2942 
         682  1 0.1949 0.3228 0.1847 0.2976 
         683  1 0.2006 0.2531 0.2508 0.2954 
         684  1 0.2063 0.2124 0.1146 0.4667 
         685  1 0.2479 0.1460 0.2864 0.3197 
         686  1 0.2779 0.1560 0.3503 0.2158 
         687  1 0.1959 0.4508 0.1880 0.1653 
         688  1 0.1700 0.2377 0.3592 0.2332 
         689  1 0.2797 0.1427 0.1654 0.4122 
         690  1 0.2919 0.3553 0.1851 0.1677 
         691  1 0.2461 0.0922 0.2952 0.3665 
         692  1 0.2080 0.2729 0.2394 0.2797 
         693  1 0.1777 0.3853 0.2926 0.1443 
         694  1 0.1044 0.4211 0.1623 0.3122 
         695  1 0.2100 0.4050 0.2639 0.1211 
         696  1 0.1973 0.4601 0.1934 0.1492 
         697  1 0.1321 0.2844 0.4041 0.1793 
         698  1 0.2460 0.2489 0.1072 0.3979 
         699  1 0.2351 0.3833 0.1685 0.2132 
         700  1 0.2340 0.1556 0.1559 0.4545 
         701  1 0.1886 0.5322 0.1015 0.1778 
         702  1 0.1709 0.1148 0.2737 0.4407 
         703  1 0.3317 0.1773 0.2593 0.2316 
         704  1 0.2668 0.3167 0.1636 0.2529 
         705  1 0.1191 0.3220 0.3366 0.2223 
         706  1 0.2435 0.1571 0.1303 0.4691 
         707  1 0.3147 0.1615 0.1800 0.3438 
         708  1 0.1563 0.2955 0.2578 0.2904 
         709  1 0.1799 0.3923 0.2643 0.1635 
         710  1 0.2301 0.2837 0.1429 0.3434 
         711  1 0.1843 0.3681 0.2072 0.2404 
         712  1 0.2525 0.3068 0.1356 0.3051 
         713  1 0.1979 0.2325 0.4276 0.1421 
         714  1 0.3091 0.2175 0.1386 0.3349 
         715  1 0.1961 0.2533 0.1904 0.3602 
         716  1 0.4157 0.1557 0.1569 0.2717 
         717  1 0.2817 0.3055 0.1169 0.2959 
         718  1 0.1557 0.3282 0.1831 0.3331 
         719  1 0.4471 0.1351 0.1159 0.3019 
         720  1 0.1157 0.2315 0.3730 0.2798 
         721  1 0.2371 0.3175 0.1753 0.2701 
         722  1 0.1580 0.3697 0.2796 0.1926 
         723  1 0.3628 0.2734 0.1866 0.1772 
         724  1 0.2108 0.4109 0.1694 0.2089 
         725  1 0.1874 0.4256 0.1570 0.2301 
         726  1 0.1502 0.1749 0.3449 0.3299 
         727  1 0.1180 0.1604 0.6086 0.1130 
         728  1 0.3368 0.2389 0.2546 0.1697 
         729  1 0.1173 0.3969 0.2189 0.2668 
         730  1 0.1750 0.1313 0.4411 0.2526 
         731  1 0.2320 0.2945 0.1955 0.2779 
         732  1 0.1614 0.4042 0.2716 0.1627 
         733  1 0.2597 0.2292 0.2079 0.3031 
         734  1 0.1425 0.2938 0.3323 0.2314 
         735  1 0.1366 0.4652 0.1943 0.2039 
         736  1 0.1526 0.4917 0.2450 0.1107 
         737  1 0.3275 0.1842 0.3142 0.1740 
         738  1 0.2124 0.1728 0.1661 0.4487 
         739  1 0.1634 0.2301 0.2072 0.3994 
         740  1 0.1268 0.1737 0.4962 0.2033 
         741  1 0.2736 0.3356 0.1135 0.2772 
         742  1 0.1557 0.3203 0.2212 0.3028 
         743  1 0.2714 0.2649 0.1782 0.2855 
         744  1 0.2388 0.4444 0.2039 0.1128 
         745  1 0.1833 0.2571 0.2257 0.3339 
         746  1 0.1391 0.1803 0.3535 0.3271 
         747  1 0.2003 0.1977 0.1119 0.4901 
         748  1 0.3707 0.1401 0.2435 0.2457 
         749  1 0.3326 0.1936 0.1452 0.3285 
         750  1 0.1164 0.1908 0.5359 0.1569 
         751  1 0.3907 0.2013 0.2243 0.1837 
         752  1 0.1958 0.3651 0.2734 0.1657 
         753  1 0.3292 0.3147 0.1952 0.1609 
         754  1 0.1963 0.2554 0.3053 0.2430 
         755  1 0.1408 0.1831 0.1474 0.5287 
         756  1 0.1262 0.2745 0.2714 0.3279 
         757  1 0.1095 0.3375 0.4033 0.1498 
         758  1 0.2237 0.3397 0.1969 0.2397 
         759  1 0.2615 0.4708 0.1521 0.1156 
         760  1 0.2034 0.3718 0.1131 0.3117 
         761  1 0.1183 0.4762 0.0946 0.3109 
         762  1 0.3095 0.1519 0.2546 0.2840 
         763  1 0.1486 0.4180 0.2496 0.1838 
         764  1 0.2989 0.2696 0.3082 0.1233 
         765  1 0.1524 0.1653 0.2081 0.4742 
         766  1 0.1181 0.2500 0.2717 0.3602 
         767  1 0.4911 0.1973 0.1451 0.1665 
         768  1 0.1260 0.4215 0.2738 0.1786 
         769  1 0.2492 0.2290 0.3333 0.1886 
         770  1 0.2825 0.2092 0.1511 0.3572 
         771  1 0.2677 0.3248 0.1907 0.2168 
         772  1 0.2379 0.2512 0.2019 0.3091 
         773  1 0.2266 0.3892 0.1730 0.2112 
         774  1 0.1213 0.1735 0.2604 0.4448 
         775  1 0.3309 0.3039 0.1388 0.2264 
         776  1 0.3437 0.2042 0.2952 0.1569 
         777  1 0.1639 0.2936 0.3540 0.1886 
         778  1 0.5476 0.1786 0.1176 0.1562 
         779  1 0.2474 0.1919 0.2175 0.3432 
         780  1 0.1590 0.4844 0.1895 0.1671 
         781  1 0.3288 0.2319 0.3294 0.1099 
         782  1 0.2044 0.2197 0.2877 0.2882 
         783  1 0.2159 0.3706 0.2625 0.1510 
         784  1 0.2821 0.1986 0.1946 0.3247 
         785  1 0.2951 0.1348 0.3588 0.2113 
         786  1 0.2373 0.1689 0.2418 0.3521 
         787  1 0.3245 0.3085 0.1101 0.2569 
         788  1 0.1490 0.1668 0.3636 0.3206 
         789  1 0.2443 0.1095 0.0867 0.5595 
         790  1 0.1624 0.3363 0.3159 0.1854 
         791  1 0.1760 0.1407 0.2157 0.4676 
         792  1 0.1109 0.2454 0.2576 0.3862 
         793  1 0.5438 0.1713 0.1782 0.1067 
         794  1 0.2471 0.2194 0.2970 0.2365 
         795  1 0.2871 0.1202 0.4174 0.1752 
         796  1 0.4044 0.2613 0.1254 0.2089 
         797  1 0.3071 0.2100 0.2158 0.2671 
         798  1 0.3894 0.1864 0.1502 0.2741 
         799  1 0.1892 0.2323 0.1827 0.3958 
         800  1 0.1909 0.1895 0.2542 0.3655 
         801  1 0.4394 0.3200 0.1134 0.1271 
         802  1 0.3246 0.1298 0.2106 0.3350 
         803  1 0.2300 0.1638 0.1876 0.4186 
         804  1 0.1349 0.3402 0.3564 0.1685 
         805  1 0.1384 0.2505 0.1287 0.4825 
         806  1 0.2161 0.4278 0.1369 0.2193 
         807  1 0.1227 0.3958 0.3491 0.1324 
         808  1 0.3745 0.1835 0.2956 0.1464 
         809  1 0.0982 0.2263 0.4767 0.1988 
         810  1 0.3847 0.1885 0.1622 0.2646 
         811  1 0.2369 0.3786 0.1794 0.2050 
         812  1 0.1770 0.1342 0.5182 0.1705 
         813  1 0.2653 0.2056 0.2689 0.2601 
         814  1 0.2562 0.1997 0.3742 0.1699 
         815  1 0.2263 0.2467 0.3409 0.1861 
         816  1 0.1660 0.1545 0.5020 0.1776 
         817  1 0.2528 0.3572 0.2651 0.1249 
         818  1 0.1716 0.2992 0.3020 0.2272 
         819  1 0.2771 0.3695 0.1079 0.2455 
         820  1 0.1882 0.1813 0.2664 0.3641 
         821  1 0.2630 0.3332 0.2758 0.1280 
         822  1 0.1190 0.2541 0.5031 0.1238 
         823  1 0.1303 0.2937 0.3928 0.1831 
         824  1 0.2062 0.2199 0.4371 0.1368 
         825  1 0.1332 0.2543 0.3486 0.2639 
         826  1 0.4401 0.1670 0.2078 0.1850 
         827  1 0.1348 0.1692 0.3387 0.3573 
         828  1 0.1308 0.1953 0.5343 0.1395 
         829  1 0.2130 0.2284 0.1935 0.3651 
         830  1 0.1786 0.2016 0.5132 0.1066 
         831  1 0.1747 0.1976 0.3446 0.2830 
         832  1 0.4955 0.1958 0.1262 0.1825 
         833  1 0.0957 0.2458 0.3564 0.3022 
         834  1 0.1009 0.3925 0.3863 0.1203 
         835  1 0.2826 0.2949 0.1068 0.3156 
         836  1 0.1772 0.3232 0.2687 0.2308 
         837  1 0.1968 0.3321 0.2775 0.1936 
         838  1 0.1267 0.2425 0.4345 0.1963 
         839  1 0.2287 0.2939 0.2950 0.1824 
         840  1 0.2976 0.2877 0.1647 0.2500 
         841  1 0.2751 0.1155 0.2091 0.4002 
         842  1 0.1726 0.2307 0.3555 0.2412 
         843  1 0.3626 0.1302 0.2668 0.2404 
         844  1 0.1723 0.2643 0.3852 0.1782 
         845  1 0.3246 0.2154 0.2421 0.2180 
         846  1 0.2829 0.2896 0.0949 0.3326 
         847  1 0.2717 0.4485 0.1321 0.1477 
         848  1 0.2248 0.5474 0.0995 0.1283 
         849  1 0.3093 0.2753 0.2595 0.1559 
         850  1 0.2835 0.2128 0.3001 0.2036 
         851  1 0.1925 0.4486 0.2069 0.1520 
         852  1 0.2517 0.2466 0.2352 0.2665 
         853  1 0.1303 0.2777 0.1356 0.4564 
         854  1 0.4869 0.2872 0.1293 0.0966 
         855  1 0.2080 0.3315 0.1871 0.2734 
         856  1 0.2458 0.3007 0.3342 0.1193 
         857  1 0.2872 0.1249 0.3165 0.2715 
         858  1 0.1018 0.1608 0.2735 0.4639 
         859  1 0.1538 0.1499 0.3375 0.3588 
         860  1 0.2620 0.2243 0.1852 0.3285 
         861  1 0.3825 0.2679 0.1591 0.1905 
         862  1 0.1754 0.2542 0.2570 0.3134 
         863  1 0.3312 0.3212 0.1487 0.1990 
         864  1 0.4172 0.2631 0.1330 0.1867 
         865  1 0.2664 0.2646 0.3291 0.1399 
         866  1 0.1756 0.2607 0.1791 0.3845 
         867  1 0.2732 0.2897 0.2367 0.2004 
         868  1 0.1619 0.4628 0.2441 0.1312 
         869  1 0.4472 0.2090 0.1248 0.2190 
         870  1 0.2759 0.2019 0.3932 0.1290 
         871  1 0.1643 0.4402 0.1437 0.2518 
         872  1 0.0851 0.1714 0.3149 0.4285 
         873  1 0.3106 0.2016 0.1631 0.3247 
         874  1 0.1295 0.2417 0.3905 0.2384 
         875  1 0.1911 0.3898 0.1941 0.2250 
         876  1 0.1306 0.2214 0.5040 0.1441 
         877  1 0.3136 0.3225 0.2359 0.1281 
         878  1 0.3688 0.2649 0.1431 0.2232 
         879  1 0.2507 0.4685 0.1174 0.1634 
         880  1 0.3278 0.2204 0.1451 0.3067 
         881  1 0.2050 0.3705 0.2054 0.2191 
         882  1 0.1953 0.2350 0.2043 0.3654 
         883  1 0.3110 0.2734 0.2297 0.1859 
         884  1 0.0912 0.1962 0.5485 0.1641 
         885  1 0.2236 0.2327 0.3601 0.1836 
         886  1 0.1772 0.3836 0.1393 0.2999 
         887  1 0.1174 0.2041 0.1643 0.5142 
         888  1 0.2252 0.2726 0.3757 0.1265 
