           1  1 0.2629 0.1759 0.1230 0.2856 0.1525 
           2  1 0.0950 0.4421 0.1779 0.1364 0.1486 
           3  1 0.1324 0.2293 0.1043 0.1056 0.4285 
           4  1 0.3866 0.1333 0.1999 0.1269 0.1533 
           5  1 0.2700 0.1383 0.1547 0.1484 0.2886 
           6  1 0.1855 0.1269 0.2308 0.2182 0.2387 
           7  1 0.1076 0.1271 0.4573 0.0928 0.2152 
           8  1 0.2091 0.1569 0.2445 0.1590 0.2305 
           9  1 0.2712 0.1677 0.1596 0.1869 0.2146 
          10  1 0.1878 0.3217 0.2393 0.1456 0.1057 
          11  1 0.2386 0.2171 0.1417 0.1147 0.2880 
          12  1 0.3431 0.2449 0.1240 0.1170 0.1710 
          13  1 0.2513 0.1234 0.1638 0.2459 0.2156 
          14  1 0.1507 0.1370 0.1223 0.1041 0.4859 
          15  1 0.2997 0.0950 0.0977 0.0852 0.4224 
          16  1 0.1773 0.1548 0.1966 0.2019 0.2695 
          17  1 0.1631 0.1323 0.1390 0.4361 0.1296 
          18  1 0.1983 0.1564 0.2340 0.1206 0.2907 
          19  1 0.1787 0.1922 0.2914 0.2135 0.1242 
          20  1 0.1619 0.2056 0.2046 0.1804 0.2476 
          21  1 0.1804 0.1238 0.2590 0.2019 0.2350 
          22  1 0.1753 0.3196 0.1451 0.1082 0.2518 
          23  1 0.2802 0.1871 0.1636 0.1925 0.1767 
          24  1 0.1303 0.1655 0.2121 0.3710 0.1211 
          25  1 0.1463 0.1065 0.3255 0.2250 0.1967 
          26  1 0.3006 0.1847 0.1438 0.1227 0.2481 
          27  1 0.0797 0.3929 0.3088 0.1402 0.0785 
          28  1 0.1046 0.1790 0.1310 0.0917 0.4938 
          29  1 0.2807 0.2996 0.2028 0.1498 0.0671 
          30  1 0.2753 0.0764 0.1171 0.2019 0.3293 
          31  1 0.1526 0.1363 0.3377 0.2367 0.1368 
          32  1 0.3033 0.1249 0.2081 0.1512 0.2125 
          33  1 0.1294 0.1850 0.0867 0.2907 0.3082 
          34  1 0.1836 0.1683 0.1988 0.2333 0.2160 
          35  1 0.2369 0.1281 0.1439 0.1840 0.3071 
          36  1 0.3640 0.1252 0.1506 0.1064 0.2538 
          37  1 0.1522 0.1719 0.4472 0.1174 0.1114 
          38  1 0.2206 0.3543 0.2333 0.1015 0.0902 
          39  1 0.3074 0.1492 0.0801 0.1984 0.2650 
          40  1 0.1850 0.1642 0.1409 0.3317 0.1783 
          41  1 0.3140 0.1477 0.2549 0.0712 0.2123 
          42  1 0.1506 0.1839 0.2077 0.3228 0.1350 
          43  1 0.1656 0.5130 0.0735 0.1180 0.1298 
          44  1 0.1917 0.2166 0.1430 0.2410 0.2077 
          45  1 0.1503 0.1186 0.1181 0.4274 0.1856 
          46  1 0.0729 0.4099 0.1395 0.2470 0.1308 
          47  1 0.3931 0.0927 0.1498 0.1792 0.1852 
          48  1 0.1864 0.1643 0.4312 0.1117 0.1064 
          49  1 0.1985 0.1387 0.1682 0.2523 0.2423 
          50  1 0.1629 0.2486 0.1584 0.1060 0.3241 
          51  1 0.1421 0.0689 0.1239 0.5791 0.0859 
          52  1 0.1032 0.1116 0.1977 0.3814 0.2060 
          53  1 0.1897 0.1146 0.1516 0.2182 0.3259 
          54  1 0.1498 0.0998 0.3904 0.2765 0.0836 
          55  1 0.0736 0.1790 0.3831 0.2532 0.1110 
          56  1 0.1768 0.3550 0.1327 0.2507 0.0849 
          57  1 0.0534 0.1456 0.1250 0.6077 0.0683 
          58  1 0.1203 0.2148 0.2632 0.1703 0.2315 
          59  1 0.0900 0.0832 0.1103 0.3514 0.3650 
          60  1 0.2326 0.2116 0.1672 0.1383 0.2503 
          61  1 0.2273 0.2230 0.2165 0.1274 0.2058 
          62  1 0.4195 0.1438 0.1029 0.1517 0.1820 
          63  1 0.2630 0.1330 0.2813 0.1575 0.1651 
          64  1 0.2367 0.1443 0.1878 0.2482 0.1831 
          65  1 0.0945 0.2287 0.2975 0.2011 0.1782 
          66  1 0.1045 0.4937 0.1840 0.0895 0.1284 
          67  1 0.2831 0.1502 0.1207 0.0953 0.3506 
          68  1 0.2759 0.1693 0.2592 0.1072 0.1884 
          69  1 0.1935 0.3584 0.2400 0.0808 0.1273 
          70  1 0.2408 0.2064 0.2117 0.1517 0.1894 
          71  1 0.0621 0.3311 0.1878 0.2775 0.1415 
          72  1 0.0668 0.1328 0.1782 0.4690 0.1533 
          73  1 0.2173 0.3845 0.1806 0.1005 0.1171 
          74  1 0.1968 0.2100 0.1457 0.2545 0.1930 
          75  1 0.0803 0.2868 0.1455 0.0624 0.4250 
          76  1 0.3364 0.1774 0.1650 0.1200 0.2011 
          77  1 0.1041 0.5286 0.0779 0.0616 0.2278 
          78  1 0.3853 0.1119 0.1772 0.2125 0.1131 
          79  1 0.3023 0.1643 0.2943 0.0959 0.1431 
          80  1 0.2866 0.0671 0.1395 0.1074 0.3994 
          81  1 0.1368 0.1345 0.1517 0.1059 0.4713 
          82  1 0.1632 0.1249 0.1080 0.3826 0.2213 
          83  1 0.2545 0.1198 0.1184 0.0838 0.4235 
          84  1 0.3816 0.0959 0.1445 0.1270 0.2511 
          85  1 0.1171 0.3049 0.2635 0.2009 0.1136 
          86  1 0.1585 0.2541 0.1127 0.2053 0.2692 
          87  1 0.1831 0.2168 0.1960 0.2539 0.1502 
          88  1 0.1240 0.5544 0.1100 0.1033 0.1084 
          89  1 0.0818 0.1657 0.2281 0.2031 0.3213 
          90  1 0.1073 0.1758 0.3641 0.2211 0.1317 
          91  1 0.2135 0.1711 0.2249 0.1676 0.2229 
          92  1 0.1462 0.2712 0.3034 0.0688 0.2104 
          93  1 0.1154 0.1706 0.1464 0.4123 0.1553 
          94  1 0.1122 0.2007 0.1919 0.1566 0.3387 
          95  1 0.5500 0.1017 0.1034 0.1138 0.1310 
          96  1 0.3071 0.3578 0.1430 0.0677 0.1243 
          97  1 0.2098 0.2237 0.1601 0.1383 0.2680 
          98  1 0.4348 0.0740 0.1378 0.2448 0.1087 
          99  1 0.1704 0.1757 0.1076 0.3082 0.2381 
         100  1 0.2098 0.2304 0.2273 0.1277 0.2048 
         101  1 0.1151 0.2525 0.1904 0.2121 0.2299 
         102  1 0.1905 0.1157 0.1672 0.1374 0.3892 
         103  1 0.1043 0.3403 0.1253 0.0926 0.3376 
         104  1 0.2034 0.1262 0.3904 0.1243 0.1557 
         105  1 0.2011 0.1433 0.1985 0.2290 0.2281 
         106  1 0.0684 0.3261 0.2230 0.0942 0.2883 
         107  1 0.2155 0.2476 0.2706 0.1303 0.1360 
         108  1 0.1811 0.1184 0.2035 0.3177 0.1793 
         109  1 0.1831 0.1307 0.1403 0.1321 0.4139 
         110  1 0.2330 0.3121 0.2120 0.1016 0.1413 
         111  1 0.3933 0.0807 0.1498 0.0950 0.2813 
         112  1 0.1435 0.1430 0.1633 0.3380 0.2122 
         113  1 0.1231 0.1047 0.2010 0.3771 0.1940 
         114  1 0.1695 0.2894 0.1641 0.1633 0.2136 
         115  1 0.0831 0.3185 0.2022 0.2621 0.1340 
         116  1 0.1042 0.3295 0.1550 0.2451 0.1662 
         117  1 0.1345 0.4325 0.1794 0.1529 0.1007 
         118  1 0.1237 0.1882 0.1717 0.3974 0.1190 
         119  1 0.0849 0.3396 0.1718 0.1438 0.2598 
         120  1 0.1260 0.1564 0.1406 0.2163 0.3607 
         121  1 0.1343 0.1421 0.2431 0.3344 0.1461 
         122  1 0.2568 0.1361 0.4338 0.0556 0.1176 
         123  1 0.2820 0.1859 0.2396 0.1579 0.1345 
         124  1 0.0976 0.3931 0.2335 0.1949 0.0810 
         125  1 0.0908 0.2895 0.2311 0.2826 0.1060 
         126  1 0.0596 0.6630 0.1064 0.1099 0.0611 
         127  1 0.0911 0.5647 0.1292 0.1055 0.1095 
         128  1 0.1979 0.2966 0.1855 0.1558 0.1642 
         129  1 0.1840 0.1727 0.3528 0.1614 0.1291 
         130  1 0.2190 0.0973 0.1608 0.0619 0.4610 
         131  1 0.2520 0.1577 0.1480 0.1118 0.3304 
         132  1 0.1652 0.1383 0.2203 0.2239 0.2523 
         133  1 0.2321 0.1495 0.2185 0.2465 0.1534 
         134  1 0.3336 0.1379 0.1202 0.0817 0.3266 
         135  1 0.0816 0.1230 0.1502 0.2914 0.3538 
         136  1 0.5025 0.1231 0.0969 0.1323 0.1452 
         137  1 0.4392 0.0846 0.0823 0.0833 0.3106 
         138  1 0.3983 0.0976 0.2041 0.0862 0.2138 
         139  1 0.1729 0.0963 0.1587 0.4366 0.1355 
         140  1 0.1670 0.1431 0.1548 0.1741 0.3610 
         141  1 0.1395 0.1250 0.0782 0.2692 0.3880 
         142  1 0.2508 0.1537 0.1307 0.2659 0.1989 
         143  1 0.1327 0.1305 0.1614 0.3118 0.2637 
         144  1 0.1362 0.2983 0.1886 0.2772 0.0997 
         145  1 0.2186 0.1193 0.3372 0.2165 0.1084 
         146  1 0.0676 0.0777 0.0510 0.7045 0.0991 
         147  1 0.5533 0.1121 0.1259 0.0910 0.1178 
         148  1 0.1575 0.1590 0.2114 0.2901 0.1819 
         149  1 0.2811 0.3309 0.1211 0.1290 0.1380 
         150  1 0.6070 0.0927 0.0979 0.0995 0.1029 
         151  1 0.1714 0.2063 0.1252 0.2777 0.2194 
         152  1 0.1613 0.1859 0.1527 0.2392 0.2609 
         153  1 0.1239 0.2568 0.2334 0.1776 0.2082 
         154  1 0.3357 0.2279 0.0868 0.1491 0.2005 
         155  1 0.4016 0.1526 0.1231 0.2011 0.1217 
         156  1 0.3280 0.2721 0.1487 0.1657 0.0855 
         157  1 0.2670 0.1786 0.1706 0.1420 0.2418 
         158  1 0.3038 0.0873 0.1480 0.2615 0.1995 
         159  1 0.2578 0.2666 0.0823 0.1468 0.2465 
         160  1 0.5149 0.0836 0.0892 0.1028 0.2094 
         161  1 0.1780 0.1355 0.1339 0.2696 0.2831 
         162  1 0.1323 0.3193 0.2072 0.0772 0.2640 
         163  1 0.1862 0.3296 0.1861 0.1307 0.1675 
         164  1 0.2246 0.1233 0.1600 0.1247 0.3674 
         165  1 0.1347 0.1935 0.3323 0.1290 0.2106 
         166  1 0.3774 0.0729 0.1486 0.2711 0.1300 
         167  1 0.1601 0.1305 0.4918 0.1083 0.1094 
         168  1 0.4643 0.0867 0.1079 0.1148 0.2262 
         169  1 0.1304 0.3258 0.1243 0.1920 0.2275 
         170  1 0.0679 0.1203 0.0977 0.1749 0.5393 
         171  1 0.4775 0.1096 0.1016 0.1666 0.1447 
         172  1 0.1311 0.1384 0.2487 0.3396 0.1421 
         173  1 0.1035 0.1658 0.1418 0.2238 0.3651 
         174  1 0.1146 0.2105 0.2061 0.3025 0.1663 
         175  1 0.1423 0.1869 0.1487 0.3205 0.2015 
         176  1 0.1982 0.0956 0.1594 0.1873 0.3596 
         177  1 0.1122 0.2783 0.1788 0.2814 0.1493 
         178  1 0.1604 0.0910 0.2325 0.3526 0.1634 
         179  1 0.2145 0.2784 0.1406 0.2820 0.0844 
         180  1 0.4318 0.1742 0.0942 0.0924 0.2074 
         181  1 0.1526 0.1666 0.1392 0.0896 0.4519 
         182  1 0.5846 0.0890 0.1440 0.0842 0.0983 
         183  1 0.3404 0.1494 0.1170 0.2586 0.1347 
         184  1 0.1558 0.1818 0.1844 0.1184 0.3595 
         185  1 0.0735 0.1738 0.4838 0.1378 0.1311 
         186  1 0.1022 0.3349 0.2742 0.1578 0.1309 
         187  1 0.3412 0.1303 0.2734 0.0750 0.1801 
         188  1 0.1264 0.2570 0.2037 0.3030 0.1100 
         189  1 0.1259 0.3287 0.1799 0.2010 0.1645 
         190  1 0.0699 0.1131 0.1478 0.5883 0.0809 
         191  1 0.0825 0.2634 0.1649 0.2915 0.1977 
         192  1 0.2741 0.1449 0.1660 0.1207 0.2943 
         193  1 0.1149 0.2132 0.1619 0.3077 0.2023 
         194  1 0.5182 0.0746 0.1057 0.1010 0.2005 
         195  1 0.1769 0.0763 0.1233 0.3380 0.2855 
         196  1 0.0895 0.3998 0.1173 0.2334 0.1600 
         197  1 0.1056 0.1415 0.1545 0.4754 0.1230 
         198  1 0.0997 0.3114 0.0796 0.2814 0.2280 
         199  1 0.0764 0.3940 0.4044 0.0526 0.0726 
         200  1 0.1802 0.3013 0.3014 0.1155 0.1017 
         201  1 0.0986 0.1928 0.4670 0.1206 0.1210 
         202  1 0.5082 0.1318 0.1561 0.0789 0.1251 
         203  1 0.1728 0.3517 0.1074 0.2586 0.1096 
         204  1 0.0853 0.5272 0.1094 0.1842 0.0939 
         205  1 0.1685 0.3437 0.2731 0.1062 0.1084 
         206  1 0.1429 0.2308 0.4553 0.0867 0.0843 
         207  1 0.1717 0.1750 0.1550 0.1617 0.3366 
         208  1 0.3347 0.1406 0.1035 0.1446 0.2766 
         209  1 0.0829 0.3576 0.2216 0.1674 0.1703 
         210  1 0.1077 0.1346 0.1895 0.4314 0.1368 
         211  1 0.0741 0.2223 0.1452 0.4628 0.0957 
         212  1 0.5560 0.0997 0.1796 0.0767 0.0881 
         213  1 0.1088 0.1224 0.2208 0.3234 0.2246 
         214  1 0.0609 0.3121 0.2118 0.2289 0.1863 
         215  1 0.1210 0.1727 0.1143 0.4532 0.1388 
         216  1 0.1760 0.0719 0.2192 0.3070 0.2259 
         217  1 0.1151 0.2132 0.1349 0.4147 0.1221 
         218  1 0.1984 0.0942 0.1819 0.3361 0.1895 
         219  1 0.0417 0.7100 0.0701 0.1058 0.0724 
         220  1 0.3166 0.1792 0.2546 0.1674 0.0823 
         221  1 0.1083 0.1608 0.5251 0.1142 0.0916 
         222  1 0.1720 0.0806 0.2654 0.2965 0.1855 
         223  1 0.0863 0.2531 0.0709 0.5429 0.0468 
         224  1 0.0963 0.3530 0.3214 0.1386 0.0907 
         225  1 0.0706 0.1291 0.1784 0.4998 0.1220 
         226  1 0.0881 0.1774 0.3262 0.2248 0.1835 
         227  1 0.1654 0.2452 0.1809 0.1637 0.2447 
         228  1 0.5843 0.1133 0.1253 0.0761 0.1011 
         229  1 0.2345 0.2201 0.2187 0.1494 0.1773 
         230  1 0.0647 0.5641 0.1352 0.1404 0.0955 
         231  1 0.0632 0.6014 0.0939 0.1714 0.0701 
         232  1 0.1193 0.2381 0.1997 0.0931 0.3498 
         233  1 0.5136 0.0916 0.1223 0.1195 0.1530 
         234  1 0.1749 0.1367 0.2161 0.3450 0.1274 
         235  1 0.1770 0.3132 0.1981 0.1698 0.1419 
         236  1 0.4104 0.0949 0.1511 0.1393 0.2043 
         237  1 0.1563 0.1855 0.0916 0.4418 0.1248 
         238  1 0.1294 0.3159 0.1279 0.0628 0.3640 
         239  1 0.3384 0.0764 0.1464 0.1045 0.3342 
         240  1 0.0940 0.1431 0.1016 0.4157 0.2456 
         241  1 0.0780 0.3156 0.1546 0.1712 0.2805 
         242  1 0.2148 0.3390 0.1675 0.1063 0.1723 
         243  1 0.1847 0.1915 0.1995 0.2996 0.1247 
         244  1 0.1126 0.0723 0.1367 0.2035 0.4750 
         245  1 0.1103 0.0722 0.1352 0.2033 0.4790 
         246  1 0.2849 0.1660 0.2204 0.2219 0.1069 
         247  1 0.1054 0.2705 0.1456 0.0944 0.3841 
         248  1 0.0965 0.1283 0.1220 0.3483 0.3049 
         249  1 0.1720 0.2474 0.3126 0.1236 0.1444 
         250  1 0.0540 0.1728 0.1536 0.5007 0.1189 
         251  1 0.2516 0.1332 0.1933 0.2168 0.2050 
         252  1 0.3311 0.1522 0.1077 0.2039 0.2051 
         253  1 0.3221 0.1247 0.0822 0.2816 0.1894 
         254  1 0.2270 0.1218 0.2689 0.1791 0.2032 
         255  1 0.1200 0.1805 0.2234 0.1807 0.2953 
         256  1 0.1306 0.3370 0.1093 0.1158 0.3072 
         257  1 0.1209 0.3906 0.2126 0.1840 0.0919 
         258  1 0.4664 0.1286 0.1295 0.1164 0.1591 
         259  1 0.0700 0.0833 0.0799 0.7158 0.0510 
         260  1 0.1635 0.1095 0.2106 0.2934 0.2230 
         261  1 0.2569 0.1603 0.1650 0.1773 0.2405 
         262  1 0.3395 0.2044 0.1487 0.1136 0.1937 
         263  1 0.4708 0.1264 0.0899 0.1232 0.1898 
         264  1 0.3391 0.1169 0.1179 0.2037 0.2224 
         265  1 0.1398 0.4435 0.0901 0.1081 0.2185 
         266  1 0.0693 0.0907 0.4077 0.3044 0.1280 
         267  1 0.2001 0.2061 0.2987 0.1254 0.1697 
         268  1 0.2276 0.1019 0.0993 0.3234 0.2478 
         269  1 0.1651 0.2767 0.3000 0.1046 0.1536 
         270  1 0.0657 0.4382 0.1637 0.2059 0.1266 
         271  1 0.2003 0.2795 0.2381 0.1650 0.1171 
         272  1 0.1828 0.1750 0.1077 0.2808 0.2537 
         273  1 0.1330 0.1610 0.4065 0.1701 0.1295 
         274  1 0.4320 0.2142 0.1964 0.0810 0.0765 
         275  1 0.1356 0.1628 0.1351 0.4198 0.1467 
         276  1 0.1447 0.0787 0.1120 0.1322 0.5324 
         277  1 0.0742 0.2970 0.2480 0.2459 0.1349 
         278  1 0.1346 0.1930 0.1245 0.2140 0.3339 
         279  1 0.1121 0.3245 0.1475 0.0712 0.3447 
         280  1 0.0715 0.5671 0.0851 0.1008 0.1755 
         281  1 0.1219 0.4741 0.1009 0.1471 0.1561 
         282  1 0.1828 0.1516 0.1461 0.1480 0.3715 
         283  1 0.4857 0.1360 0.1227 0.0840 0.1716 
         284  1 0.1094 0.1567 0.2509 0.0993 0.3838 
         285  1 0.2913 0.0958 0.3971 0.1389 0.0770 
         286  1 0.2454 0.1013 0.1722 0.1528 0.3283 
         287  1 0.3042 0.1424 0.0613 0.1911 0.3011 
         288  1 0.1320 0.3749 0.2305 0.1427 0.1198 
         289  1 0.3465 0.0792 0.3094 0.0882 0.1767 
         290  1 0.1821 0.2678 0.1168 0.1670 0.2662 
         291  1 0.3056 0.2103 0.1330 0.1911 0.1600 
         292  1 0.1980 0.1923 0.2098 0.1921 0.2078 
         293  1 0.3736 0.1649 0.1948 0.1385 0.1282 
         294  1 0.0996 0.1865 0.2972 0.1136 0.3030 
         295  1 0.1843 0.1352 0.3555 0.0709 0.2541 
         296  1 0.1408 0.3682 0.1748 0.1089 0.2072 
         297  1 0.3460 0.0781 0.2992 0.1614 0.1152 
         298  1 0.1438 0.0884 0.1984 0.2330 0.3364 
         299  1 0.4292 0.1439 0.1928 0.1549 0.0793 
         300  1 0.1325 0.1835 0.1489 0.3974 0.1377 
         301  1 0.0973 0.1542 0.1746 0.1631 0.4108 
         302  1 0.0838 0.0699 0.1249 0.6294 0.0919 
         303  1 0.2695 0.1419 0.2835 0.1296 0.1756 
         304  1 0.0948 0.1996 0.1747 0.3074 0.2235 
         305  1 0.0961 0.2130 0.2556 0.2148 0.2205 
         306  1 0.0772 0.2496 0.1310 0.2035 0.3387 
         307  1 0.1977 0.1631 0.1838 0.2170 0.2384 
         308  1 0.4504 0.1275 0.1088 0.1468 0.1666 
         309  1 0.3463 0.1924 0.2569 0.1002 0.1041 
         310  1 0.4412 0.0949 0.1430 0.1005 0.2204 
         311  1 0.3611 0.1246 0.1529 0.1377 0.2237 
         312  1 0.0740 0.1890 0.2191 0.1101 0.4078 
         313  1 0.4326 0.1795 0.2066 0.0759 0.1054 
         314  1 0.0884 0.1562 0.5541 0.0930 0.1083 
         315  1 0.2934 0.1425 0.1484 0.1289 0.2868 
         316  1 0.2402 0.0688 0.0808 0.2430 0.3672 
         317  1 0.2232 0.1393 0.1537 0.2247 0.2591 
         318  1 0.2519 0.1024 0.2491 0.1221 0.2745 
         319  1 0.0821 0.2001 0.1805 0.1467 0.3906 
         320  1 0.2255 0.1654 0.1554 0.2466 0.2071 
         321  1 0.2381 0.1695 0.2043 0.2914 0.0967 
         322  1 0.0965 0.1242 0.3922 0.1860 0.2011 
         323  1 0.0667 0.1344 0.4848 0.2091 0.1051 
         324  1 0.1154 0.1177 0.2493 0.4190 0.0986 
         325  1 0.3128 0.1409 0.1188 0.1274 0.3001 
         326  1 0.1168 0.1724 0.3056 0.2635 0.1418 
         327  1 0.1608 0.3073 0.1551 0.2137 0.1631 
         328  1 0.1923 0.3376 0.1863 0.1033 0.1804 
         329  1 0.2648 0.2354 0.1522 0.1118 0.2359 
         330  1 0.3531 0.0986 0.1463 0.0889 0.3131 
         331  1 0.1423 0.1261 0.0962 0.2303 0.4051 
         332  1 0.2415 0.1257 0.1617 0.2154 0.2556 
         333  1 0.2296 0.1682 0.1224 0.3706 0.1092 
         334  1 0.1881 0.1742 0.3188 0.1161 0.2027 
         335  1 0.2142 0.1549 0.3663 0.1050 0.1596 
         336  1 0.2040 0.1583 0.2521 0.1332 0.2524 
         337  1 0.1119 0.1488 0.2033 0.1976 0.3384 
         338  1 0.0850 0.3023 0.1601 0.0896 0.3630 
         339  1 0.1387 0.3085 0.1579 0.2132 0.1817 
         340  1 0.1315 0.2094 0.2746 0.1922 0.1923 
         341  1 0.1530 0.0934 0.4477 0.1644 0.1416 
         342  1 0.2485 0.1221 0.1924 0.1792 0.2577 
         343  1 0.3877 0.1304 0.1972 0.1938 0.0909 
         344  1 0.5118 0.0818 0.0920 0.0996 0.2149 
         345  1 0.1379 0.2029 0.3309 0.1010 0.2273 
         346  1 0.1703 0.1447 0.3631 0.1491 0.1728 
         347  1 0.3142 0.1926 0.2181 0.1012 0.1738 
         348  1 0.2350 0.1105 0.1412 0.1840 0.3292 
         349  1 0.2760 0.1851 0.2080 0.1901 0.1409 
         350  1 0.1319 0.1270 0.3115 0.1261 0.3035 
         351  1 0.1508 0.2008 0.2788 0.2082 0.1615 
         352  1 0.2366 0.1115 0.2202 0.1989 0.2328 
         353  1 0.2074 0.4250 0.0871 0.1237 0.1567 
         354  1 0.1062 0.2800 0.1180 0.3726 0.1232 
         355  1 0.2363 0.1161 0.1629 0.1039 0.3808 
         356  1 0.1054 0.3151 0.2991 0.1394 0.1411 
         357  1 0.1131 0.1427 0.3514 0.2667 0.1262 
         358  1 0.3650 0.1398 0.2850 0.0831 0.1272 
         359  1 0.0808 0.0908 0.5572 0.1927 0.0784 
         360  1 0.2129 0.1869 0.1490 0.2534 0.1977 
         361  1 0.3302 0.0751 0.1125 0.2466 0.2357 
         362  1 0.0999 0.1928 0.2687 0.3027 0.1358 
         363  1 0.0986 0.2837 0.1120 0.3855 0.1202 
         364  1 0.1681 0.2973 0.2317 0.1544 0.1485 
         365  1 0.2893 0.2007 0.2704 0.1783 0.0612 
         366  1 0.2222 0.1340 0.3588 0.1464 0.1386 
         367  1 0.1579 0.2034 0.2567 0.1914 0.1906 
         368  1 0.2059 0.2095 0.2130 0.2015 0.1701 
         369  1 0.0893 0.5428 0.1616 0.1085 0.0979 
         370  1 0.1867 0.0935 0.1592 0.4163 0.1443 
         371  1 0.2320 0.1796 0.1833 0.2662 0.1388 
         372  1 0.1240 0.1113 0.1773 0.1364 0.4511 
         373  1 0.3291 0.1664 0.2049 0.1584 0.1412 
         374  1 0.3460 0.1955 0.1888 0.1199 0.1497 
         375  1 0.2249 0.3105 0.3040 0.0865 0.0741 
         376  1 0.3197 0.1829 0.1900 0.0872 0.2203 
         377  1 0.2016 0.2560 0.3086 0.1355 0.0983 
         378  1 0.1690 0.2129 0.2557 0.1273 0.2351 
         379  1 0.1602 0.4063 0.1373 0.1690 0.1272 
         380  1 0.5874 0.1062 0.0934 0.0716 0.1414 
         381  1 0.1390 0.1653 0.2569 0.2193 0.2195 
         382  1 0.2436 0.1291 0.1533 0.2827 0.1912 
         383  1 0.1263 0.1158 0.1767 0.0894 0.4919 
         384  1 0.2374 0.2015 0.1943 0.1042 0.2626 
         385  1 0.0960 0.1859 0.2700 0.2584 0.1897 
         386  1 0.1358 0.0922 0.1234 0.5436 0.1049 
         387  1 0.2351 0.1725 0.1220 0.1536 0.3168 
         388  1 0.2012 0.1583 0.2100 0.3129 0.1176 
         389  1 0.2231 0.1080 0.1704 0.3286 0.1700 
         390  1 0.2019 0.1768 0.1632 0.1926 0.2655 
         391  1 0.0997 0.2851 0.2434 0.2470 0.1248 
         392  1 0.2219 0.1484 0.1919 0.1537 0.2841 
         393  1 0.4436 0.1498 0.1778 0.1085 0.1203 
         394  1 0.2287 0.2492 0.1441 0.2065 0.1715 
         395  1 0.1396 0.1552 0.1406 0.3910 0.1736 
         396  1 0.1918 0.1457 0.2322 0.2541 0.1762 
         397  1 0.1548 0.2436 0.3079 0.1122 0.1816 
         398  1 0.1886 0.2885 0.1332 0.1737 0.2160 
         399  1 0.2339 0.1430 0.1643 0.1527 0.3061 
         400  1 0.3142 0.2010 0.2309 0.0561 0.1977 
         401  1 0.1718 0.1078 0.1330 0.3405 0.2469 
         402  1 0.2155 0.1467 0.2410 0.1826 0.2143 
         403  1 0.1151 0.2039 0.1891 0.3549 0.1369 
         404  1 0.2110 0.2878 0.2522 0.1092 0.1397 
         405  1 0.1366 0.2291 0.0944 0.4244 0.1155 
         406  1 0.4063 0.1157 0.1581 0.1429 0.1770 
         407  1 0.2004 0.2222 0.1894 0.1862 0.2018 
         408  1 0.1541 0.0940 0.1210 0.1872 0.4437 
         409  1 0.2356 0.0780 0.0899 0.1013 0.4953 
         410  1 0.1272 0.2631 0.1811 0.0866 0.3420 
         411  1 0.3444 0.1401 0.2215 0.1019 0.1921 
         412  1 0.1047 0.1366 0.1531 0.5053 0.1003 
         413  1 0.2833 0.0990 0.1343 0.1317 0.3517 
         414  1 0.1819 0.3398 0.2080 0.1720 0.0982 
         415  1 0.1575 0.1929 0.1138 0.3769 0.1589 
         416  1 0.1188 0.3223 0.1445 0.2995 0.1149 
         417  1 0.2000 0.1155 0.2327 0.1819 0.2699 
         418  1 0.3957 0.1063 0.1461 0.1994 0.1525 
         419  1 0.1841 0.2479 0.1650 0.2157 0.1872 
         420  1 0.2149 0.2451 0.1826 0.1734 0.1840 
         421  1 0.0575 0.1904 0.2540 0.1644 0.3337 
         422  1 0.2017 0.4338 0.1356 0.0809 0.1480 
         423  1 0.1613 0.3050 0.1645 0.1406 0.2287 
         424  1 0.1125 0.1212 0.2558 0.0921 0.4184 
         425  1 0.3589 0.1202 0.2877 0.1419 0.0914 
         426  1 0.0839 0.1969 0.0893 0.5207 0.1093 
         427  1 0.2708 0.2661 0.1570 0.1141 0.1921 
         428  1 0.1834 0.1975 0.2959 0.1848 0.1385 
         429  1 0.1970 0.1282 0.2044 0.2473 0.2232 
         430  1 0.1310 0.3392 0.2203 0.1690 0.1405 
         431  1 0.3244 0.1091 0.1313 0.1284 0.3068 
         432  1 0.0800 0.5179 0.1867 0.1176 0.0978 
         433  1 0.1648 0.1979 0.2421 0.2512 0.1440 
         434  1 0.1601 0.1675 0.2923 0.2459 0.1343 
         435  1 0.4012 0.1330 0.1566 0.1620 0.1473 
         436  1 0.1130 0.3488 0.1234 0.1490 0.2658 
         437  1 0.3005 0.1969 0.2282 0.1995 0.0749 
         438  1 0.3157 0.1101 0.1582 0.2097 0.2063 
         439  1 0.1515 0.0894 0.2515 0.2298 0.2778 
         440  1 0.2609 0.1954 0.0801 0.2798 0.1837 
         441  1 0.2055 0.1319 0.1103 0.1866 0.3658 
         442  1 0.2953 0.1141 0.1214 0.0872 0.3821 
         443  1 0.1779 0.4098 0.1457 0.1148 0.1517 
         444  1 0.1145 0.3126 0.2550 0.1716 0.1462 
         445  1 0.2831 0.2076 0.1697 0.1555 0.1841 
         446  1 0.1971 0.2105 0.2672 0.1343 0.1909 
         447  1 0.2986 0.2111 0.0906 0.2871 0.1126 
         448  1 0.2279 0.1948 0.1562 0.1473 0.2737 
         449  1 0.4058 0.1071 0.0847 0.2203 0.1821 
         450  1 0.1145 0.1539 0.2588 0.2444 0.2284 
         451  1 0.1641 0.0957 0.1972 0.1579 0.3852 
         452  1 0.1093 0.3839 0.2533 0.1235 0.1299 
         453  1 0.1243 0.1903 0.2370 0.2561 0.1923 
         454  1 0.1214 0.2234 0.1530 0.3049 0.1973 
         455  1 0.1527 0.1254 0.3415 0.2674 0.1130 
         456  1 0.1053 0.3143 0.2840 0.1486 0.1478 
         457  1 0.0516 0.1546 0.0824 0.6069 0.1045 
         458  1 0.3877 0.1559 0.1825 0.1735 0.1005 
         459  1 0.1843 0.0972 0.1033 0.5075 0.1077 
         460  1 0.1676 0.2402 0.1781 0.1980 0.2160 
         461  1 0.2561 0.0791 0.3355 0.1994 0.1299 
         462  1 0.2505 0.0833 0.0954 0.4509 0.1199 
         463  1 0.1817 0.3657 0.1813 0.0960 0.1752 
         464  1 0.2218 0.1421 0.1602 0.3201 0.1559 
         465  1 0.1980 0.1182 0.2640 0.1130 0.3068 
         466  1 0.1256 0.2129 0.2239 0.2742 0.1634 
         467  1 0.0935 0.2189 0.1784 0.4138 0.0954 
         468  1 0.3870 0.1405 0.1346 0.2049 0.1331 
         469  1 0.1056 0.3842 0.2402 0.1619 0.1081 
         470  1 0.1089 0.2851 0.1161 0.3489 0.1409 
         471  1 0.2092 0.2280 0.2650 0.1387 0.1591 
         472  1 0.0839 0.1698 0.1245 0.3849 0.2368 
         473  1 0.1531 0.2133 0.2278 0.2304 0.1754 
         474  1 0.1345 0.1140 0.1484 0.4007 0.2024 
         475  1 0.1336 0.2743 0.1997 0.0949 0.2975 
         476  1 0.1421 0.1580 0.4034 0.1242 0.1724 
         477  1 0.2138 0.2000 0.2887 0.1409 0.1566 
         478  1 0.2976 0.1782 0.2006 0.1351 0.1885 
         479  1 0.3606 0.2435 0.1222 0.1248 0.1489 
         480  1 0.1214 0.1206 0.2073 0.2898 0.2609 
         481  1 0.2811 0.1196 0.2809 0.1071 0.2114 
         482  1 0.4210 0.1313 0.1458 0.0805 0.2214 
         483  1 0.1231 0.2145 0.2343 0.2442 0.1838 
         484  1 0.1048 0.1416 0.4472 0.0906 0.2158 
         485  1 0.2758 0.1085 0.1753 0.1221 0.3183 
         486  1 0.2619 0.1253 0.0846 0.1318 0.3964 
         487  1 0.1941 0.0995 0.1243 0.2495 0.3325 
         488  1 0.1850 0.1196 0.1637 0.3496 0.1821 
         489  1 0.1820 0.1622 0.1150 0.2698 0.2710 
         490  1 0.3350 0.1264 0.1661 0.1569 0.2156 
         491  1 0.1140 0.0856 0.1365 0.1558 0.5081 
         492  1 0.2693 0.1933 0.1461 0.1672 0.2242 
         493  1 0.4848 0.1400 0.1012 0.0870 0.1871 
         494  1 0.1663 0.1036 0.2643 0.2352 0.2306 
         495  1 0.2151 0.1154 0.1770 0.1926 0.3000 
         496  1 0.2437 0.1319 0.2410 0.0787 0.3047 
         497  1 0.2692 0.1129 0.1506 0.1375 0.3297 
         498  1 0.2845 0.1792 0.1441 0.2307 0.1614 
         499  1 0.1307 0.1967 0.1694 0.3442 0.1591 
         500  1 0.1492 0.4353 0.1768 0.1446 0.0940 
         501  1 0.2023 0.2543 0.3349 0.0822 0.1263 
         502  1 0.2669 0.2342 0.2336 0.1195 0.1457 
         503  1 0.4775 0.1604 0.1808 0.0663 0.1150 
         504  1 0.3820 0.1265 0.2131 0.0580 0.2204 
         505  1 0.3616 0.1345 0.3129 0.1096 0.0815 
         506  1 0.1105 0.3452 0.2395 0.1987 0.1060 
         507  1 0.3996 0.1667 0.1686 0.0994 0.1657 
         508  1 0.3046 0.2352 0.1681 0.1181 0.1739 
         509  1 0.1332 0.3374 0.2020 0.1915 0.1358 
         510  1 0.2522 0.1991 0.2468 0.1095 0.1924 
         511  1 0.1284 0.1213 0.1902 0.2970 0.2631 
         512  1 0.0818 0.2057 0.2395 0.3895 0.0836 
         513  1 0.1200 0.1368 0.2365 0.1992 0.3076 
         514  1 0.4933 0.0861 0.0970 0.1559 0.1676 
         515  1 0.2012 0.1519 0.1992 0.2618 0.1859 
         516  1 0.0738 0.2030 0.1383 0.4361 0.1489 
         517  1 0.1751 0.2991 0.1301 0.2111 0.1847 
         518  1 0.5473 0.1070 0.1115 0.1043 0.1300 
         519  1 0.0806 0.2597 0.2233 0.2512 0.1852 
         520  1 0.0753 0.2514 0.4417 0.1325 0.0991 
         521  1 0.0783 0.4661 0.1641 0.1911 0.1003 
         522  1 0.1720 0.2192 0.1648 0.2384 0.2056 
         523  1 0.3806 0.1733 0.2301 0.0892 0.1268 
         524  1 0.1771 0.3303 0.0975 0.0826 0.3126 
         525  1 0.3095 0.1011 0.1259 0.2502 0.2133 
         526  1 0.1127 0.2601 0.1068 0.1243 0.3961 
         527  1 0.3289 0.0841 0.1349 0.2674 0.1847 
         528  1 0.3651 0.1098 0.1172 0.2552 0.1528 
         529  1 0.1702 0.0935 0.2407 0.3286 0.1671 
         530  1 0.1841 0.2986 0.2066 0.1413 0.1694 
         531  1 0.5186 0.0845 0.1408 0.1267 0.1294 
         532  1 0.3778 0.1804 0.1358 0.0664 0.2395 
         533  1 0.1882 0.1626 0.3364 0.1458 0.1670 
         534  1 0.1450 0.1406 0.2118 0.2381 0.2645 
         535  1 0.5106 0.0987 0.1427 0.0936 0.1545 
         536  1 0.2185 0.1004 0.1230 0.3111 0.2470 
         537  1 0.1140 0.0901 0.1423 0.1635 0.4901 
         538  1 0.0869 0.3497 0.1361 0.1392 0.2882 
         539  1 0.1315 0.2351 0.2663 0.1571 0.2100 
         540  1 0.2588 0.0758 0.1049 0.1273 0.4331 
         541  1 0.1717 0.1511 0.1478 0.2151 0.3143 
         542  1 0.2979 0.1550 0.1172 0.2322 0.1977 
         543  1 0.2848 0.1395 0.3049 0.0893 0.1814 
         544  1 0.0887 0.3838 0.2481 0.1358 0.1437 
         545  1 0.0681 0.1605 0.1515 0.4009 0.2190 
         546  1 0.1845 0.0939 0.4954 0.1127 0.1135 
         547  1 0.1101 0.2120 0.2611 0.2312 0.1856 
         548  1 0.2812 0.1395 0.2331 0.2345 0.1116 
         549  1 0.1200 0.2020 0.1928 0.3322 0.1530 
         550  1 0.1119 0.1533 0.1617 0.1978 0.3752 
         551  1 0.1834 0.1403 0.1242 0.1141 0.4381 
         552  1 0.2353 0.0985 0.2088 0.1884 0.2690 
         553  1 0.0681 0.1411 0.4557 0.1223 0.2127 
         554  1 0.1019 0.2534 0.1078 0.3714 0.1654 
         555  1 0.2714 0.1130 0.1208 0.2037 0.2911 
         556  1 0.1034 0.1904 0.1843 0.1874 0.3346 
         557  1 0.1447 0.1631 0.2092 0.2290 0.2539 
         558  1 0.1556 0.1301 0.4973 0.1142 0.1028 
         559  1 0.0804 0.3191 0.1857 0.1524 0.2624 
         560  1 0.2404 0.2293 0.1813 0.2185 0.1305 
         561  1 0.0735 0.4061 0.1584 0.1826 0.1793 
         562  1 0.3536 0.1835 0.1596 0.0791 0.2242 
         563  1 0.0780 0.1333 0.2853 0.1582 0.3452 
         564  1 0.1594 0.1874 0.2650 0.1681 0.2201 
         565  1 0.4288 0.2677 0.0760 0.0807 0.1468 
         566  1 0.1359 0.4345 0.1080 0.1532 0.1684 
         567  1 0.1555 0.0988 0.1067 0.1990 0.4399 
         568  1 0.4988 0.0776 0.0665 0.0828 0.2743 
         569  1 0.1935 0.1513 0.0720 0.1597 0.4235 
         570  1 0.4909 0.1352 0.1222 0.1153 0.1364 
         571  1 0.0645 0.4360 0.0974 0.2004 0.2018 
         572  1 0.1340 0.1820 0.1267 0.4144 0.1429 
         573  1 0.2583 0.2643 0.1494 0.1293 0.1986 
         574  1 0.3190 0.1253 0.1844 0.1312 0.2402 
         575  1 0.0936 0.2614 0.0969 0.1651 0.3830 
         576  1 0.1776 0.1058 0.2756 0.2652 0.1758 
         577  1 0.4448 0.0962 0.1535 0.1465 0.1591 
         578  1 0.1075 0.5794 0.1039 0.0916 0.1176 
         579  1 0.1617 0.1782 0.1859 0.1015 0.3727 
         580  1 0.1573 0.1492 0.1692 0.1582 0.3660 
         581  1 0.0930 0.2092 0.2172 0.2779 0.2028 
         582  1 0.0881 0.1668 0.3139 0.3299 0.1012 
         583  1 0.2881 0.3440 0.2298 0.0674 0.0707 
         584  1 0.0692 0.1985 0.2419 0.1697 0.3207 
         585  1 0.2249 0.0752 0.1575 0.0735 0.4689 
         586  1 0.0924 0.2516 0.2944 0.1633 0.1983 
         587  1 0.2984 0.1110 0.1573 0.1086 0.3247 
         588  1 0.3688 0.0962 0.1207 0.0991 0.3151 
         589  1 0.1884 0.1394 0.2680 0.2611 0.1431 
         590  1 0.4728 0.1527 0.0551 0.0867 0.2328 
         591  1 0.0728 0.1988 0.2390 0.2215 0.2680 
         592  1 0.5800 0.1190 0.0670 0.0723 0.1617 
         593  1 0.1234 0.3833 0.1184 0.1232 0.2518 
         594  1 0.2210 0.2571 0.2011 0.0838 0.2369 
         595  1 0.2863 0.1156 0.2983 0.1938 0.1059 
         596  1 0.0505 0.2914 0.3272 0.1832 0.1477 
         597  1 0.4796 0.0664 0.1444 0.0867 0.2228 
         598  1 0.1996 0.1439 0.2271 0.1690 0.2605 
         599  1 0.2224 0.2155 0.1242 0.1366 0.3013 
         600  1 0.4163 0.1552 0.0861 0.0918 0.2507 
         601  1 0.3553 0.1594 0.1844 0.1044 0.1965 
         602  1 0.1089 0.0764 0.0850 0.1195 0.6102 
         603  1 0.1590 0.0697 0.1981 0.1418 0.4314 
         604  1 0.1224 0.2387 0.1491 0.3262 0.1636 
         605  1 0.1706 0.1267 0.1639 0.2855 0.2533 
         606  1 0.4145 0.1805 0.1381 0.0890 0.1779 
         607  1 0.2113 0.1475 0.2744 0.1192 0.2475 
         608  1 0.2136 0.2036 0.1909 0.0986 0.2933 
         609  1 0.0672 0.1285 0.1792 0.4724 0.1527 
         610  1 0.2971 0.2537 0.2601 0.0883 0.1008 
         611  1 0.0692 0.3567 0.1650 0.3009 0.1082 
         612  1 0.1381 0.2536 0.2240 0.1371 0.2472 
         613  1 0.4967 0.0967 0.1094 0.1257 0.1715 
         614  1 0.3311 0.1368 0.1194 0.0826 0.3301 
         615  1 0.1701 0.1145 0.1583 0.2073 0.3497 
         616  1 0.1132 0.2659 0.2814 0.1045 0.2350 
         617  1 0.2937 0.1388 0.1843 0.0613 0.3220 
         618  1 0.2054 0.2024 0.1112 0.2160 0.2650 
         619  1 0.2841 0.1480 0.1566 0.1431 0.2682 
         620  1 0.1744 0.1517 0.3212 0.1364 0.2163 
         621  1 0.1642 0.1228 0.2054 0.1576 0.3501 
         622  1 0.0789 0.2139 0.1094 0.4988 0.0989 
         623  1 0.2239 0.1454 0.1464 0.3205 0.1638 
         624  1 0.1388 0.2441 0.2136 0.2398 0.1636 
         625  1 0.1781 0.0914 0.1385 0.1139 0.4780 
         626  1 0.1019 0.2452 0.2298 0.2492 0.1739 
         627  1 0.3310 0.1644 0.1430 0.1008 0.2608 
         628  1 0.2749 0.1148 0.2551 0.1456 0.2095 
         629  1 0.1213 0.1147 0.1679 0.2744 0.3218 
         630  1 0.1139 0.3718 0.1589 0.1092 0.2462 
         631  1 0.3659 0.1848 0.1493 0.1083 0.1916 
         632  1 0.5262 0.0784 0.2233 0.0808 0.0913 
         633  1 0.2816 0.1381 0.1209 0.0648 0.3946 
         634  1 0.1796 0.1536 0.3459 0.0890 0.2319 
         635  1 0.1880 0.0916 0.3633 0.2424 0.1148 
         636  1 0.2010 0.1542 0.2398 0.2216 0.1833 
         637  1 0.0709 0.1286 0.1879 0.4352 0.1772 
         638  1 0.3611 0.1239 0.1390 0.1922 0.1838 
         639  1 0.3130 0.0802 0.1534 0.0633 0.3901 
         640  1 0.4092 0.0819 0.1663 0.1882 0.1544 
         641  1 0.2791 0.0907 0.3036 0.1232 0.2033 
         642  1 0.3387 0.1153 0.0858 0.1991 0.2611 
         643  1 0.0843 0.2848 0.3182 0.0667 0.2460 
         644  1 0.1186 0.2942 0.0822 0.1124 0.3927 
         645  1 0.0797 0.1349 0.1735 0.4070 0.2048 
         646  1 0.1477 0.3374 0.2026 0.1982 0.1141 
         647  1 0.1552 0.2047 0.2843 0.1982 0.1576 
         648  1 0.3107 0.1071 0.2759 0.1579 0.1484 
         649  1 0.4441 0.1333 0.0898 0.1089 0.2238 
         650  1 0.0883 0.2486 0.0976 0.4596 0.1059 
         651  1 0.1965 0.0954 0.4464 0.1171 0.1445 
         652  1 0.1307 0.1813 0.3754 0.1652 0.1474 
         653  1 0.2799 0.2773 0.1938 0.0904 0.1586 
         654  1 0.1731 0.1406 0.2386 0.1745 0.2732 
         655  1 0.1006 0.1821 0.3032 0.2774 0.1367 
         656  1 0.3911 0.1876 0.2280 0.0877 0.1055 
         657  1 0.4778 0.0794 0.1733 0.1830 0.0866 
         658  1 0.3052 0.1354 0.1031 0.0875 0.3689 
         659  1 0.1602 0.2531 0.2228 0.1447 0.2192 
         660  1 0.4495 0.1331 0.1194 0.1052 0.1928 
         661  1 0.1898 0.2818 0.1225 0.3207 0.0852 
         662  1 0.2503 0.2080 0.2048 0.1078 0.2291 
         663  1 0.0906 0.1142 0.4063 0.2638 0.1252 
         664  1 0.1872 0.1723 0.3695 0.1157 0.1553 
         665  1 0.1133 0.3529 0.2588 0.1388 0.1361 
         666  1 0.2058 0.1403 0.1612 0.1076 0.3851 
         667  1 0.1875 0.1618 0.1843 0.2019 0.2644 
         668  1 0.3290 0.1649 0.2926 0.1067 0.1067 
         669  1 0.0700 0.0716 0.0631 0.7375 0.0578 
         670  1 0.0912 0.1112 0.3481 0.3643 0.0852 
         671  1 0.2020 0.1429 0.2874 0.1398 0.2278 
         672  1 0.1613 0.1733 0.2745 0.2191 0.1718 
         673  1 0.1177 0.2230 0.1907 0.3119 0.1567 
         674  1 0.0809 0.5742 0.0607 0.0776 0.2066 
         675  1 0.2078 0.3511 0.0941 0.1055 0.2415 
         676  1 0.4033 0.1606 0.2876 0.0648 0.0836 
         677  1 0.3628 0.2256 0.1844 0.1210 0.1062 
         678  1 0.1448 0.1210 0.1013 0.2874 0.3455 
         679  1 0.3333 0.1086 0.0697 0.0806 0.4079 
         680  1 0.2561 0.0696 0.1955 0.3432 0.1355 
         681  1 0.1720 0.1196 0.4483 0.1681 0.0920 
         682  1 0.1375 0.3888 0.1195 0.1364 0.2178 
         683  1 0.2039 0.2514 0.1963 0.1488 0.1996 
         684  1 0.0749 0.5605 0.1250 0.1240 0.1156 
         685  1 0.2433 0.2599 0.1921 0.2064 0.0982 
         686  1 0.2572 0.1183 0.2909 0.2078 0.1258 
         687  1 0.1348 0.1899 0.1384 0.1394 0.3975 
         688  1 0.2828 0.1581 0.2030 0.1385 0.2175 
         689  1 0.1041 0.2561 0.3242 0.2139 0.1018 
         690  1 0.1340 0.1692 0.1209 0.2477 0.3282 
         691  1 0.2447 0.2833 0.1903 0.2158 0.0659 
         692  1 0.2094 0.3198 0.1073 0.1701 0.1933 
         693  1 0.2094 0.0982 0.2065 0.1195 0.3664 
         694  1 0.1069 0.1810 0.3013 0.0672 0.3436 
         695  1 0.2387 0.0961 0.0882 0.1699 0.4071 
         696  1 0.1817 0.2207 0.0820 0.1462 0.3694 
         697  1 0.3731 0.1536 0.1310 0.0962 0.2461 
         698  1 0.0716 0.4581 0.1545 0.1584 0.1576 
         699  1 0.1373 0.2275 0.1665 0.1800 0.2886 
         700  1 0.0983 0.1825 0.4313 0.1757 0.1122 
         701  1 0.0692 0.1914 0.1472 0.1222 0.4700 
         702  1 0.2308 0.2956 0.2534 0.1410 0.0792 
         703  1 0.1965 0.1852 0.2048 0.2817 0.1317 
         704  1 0.1149 0.2173 0.2150 0.2061 0.2467 
         705  1 0.3301 0.2014 0.1383 0.0819 0.2483 
         706  1 0.0929 0.4935 0.1335 0.1790 0.1011 
         707  1 0.1159 0.2404 0.2758 0.2474 0.1205 
         708  1 0.1837 0.1895 0.2642 0.1090 0.2536 
         709  1 0.1915 0.0994 0.1963 0.1298 0.3830 
         710  1 0.0995 0.2952 0.2585 0.1524 0.1943 
         711  1 0.1315 0.1204 0.2863 0.1356 0.3263 
         712  1 0.0810 0.1348 0.4157 0.1600 0.2085 
         713  1 0.3517 0.0833 0.1741 0.1583 0.2327 
         714  1 0.0990 0.4037 0.1535 0.2178 0.1260 
         715  1 0.1180 0.1833 0.3981 0.1239 0.1767 
         716  1 0.1091 0.1843 0.2609 0.3408 0.1048 
         717  1 0.0674 0.1300 0.4322 0.1614 0.2090 
         718  1 0.1310 0.3079 0.2056 0.1087 0.2468 
         719  1 0.0806 0.2752 0.1509 0.4020 0.0913 
         720  1 0.3637 0.2120 0.1671 0.0808 0.1765 
         721  1 0.1111 0.1452 0.3885 0.1367 0.2186 
         722  1 0.2339 0.1740 0.1525 0.1139 0.3257 
         723  1 0.1563 0.1367 0.1648 0.3365 0.2056 
         724  1 0.1373 0.2252 0.1551 0.1630 0.3194 
         725  1 0.1067 0.1323 0.2668 0.1316 0.3626 
         726  1 0.1781 0.0999 0.5288 0.0791 0.1141 
         727  1 0.5909 0.0721 0.1158 0.0863 0.1349 
         728  1 0.2072 0.1675 0.1262 0.2991 0.2000 
         729  1 0.1805 0.3282 0.0987 0.0844 0.3082 
         730  1 0.2685 0.0802 0.4545 0.1028 0.0940 
         731  1 0.1306 0.2192 0.2867 0.1494 0.2141 
         732  1 0.2132 0.1381 0.1428 0.1169 0.3890 
         733  1 0.1553 0.2232 0.2387 0.1966 0.1862 
         734  1 0.2820 0.2254 0.1482 0.1029 0.2414 
         735  1 0.1711 0.2384 0.1050 0.0969 0.3885 
         736  1 0.2082 0.1217 0.0873 0.1135 0.4693 
         737  1 0.2227 0.1298 0.1874 0.2849 0.1753 
         738  1 0.1191 0.3287 0.2840 0.1463 0.1220 
         739  1 0.1617 0.2637 0.2921 0.1145 0.1680 
         740  1 0.3441 0.0867 0.3400 0.0854 0.1439 
         741  1 0.0859 0.3322 0.1441 0.2096 0.2282 
         742  1 0.1573 0.1920 0.3010 0.1057 0.2440 
         743  1 0.1428 0.3135 0.1595 0.2034 0.1809 
         744  1 0.1370 0.0819 0.1265 0.1880 0.4666 
         745  1 0.1240 0.1455 0.4573 0.0971 0.1761 
         746  1 0.3127 0.2888 0.1719 0.0984 0.1281 
         747  1 0.0805 0.4704 0.1725 0.1455 0.1311 
         748  1 0.1728 0.1662 0.2208 0.3247 0.1155 
         749  1 0.1063 0.2453 0.2309 0.2776 0.1399 
         750  1 0.4950 0.1184 0.1506 0.0786 0.1574 
         751  1 0.1559 0.1185 0.2006 0.3497 0.1752 
         752  1 0.2188 0.1326 0.1621 0.1439 0.3426 
         753  1 0.1376 0.1298 0.1506 0.2781 0.3038 
         754  1 0.2238 0.1614 0.2345 0.1445 0.2358 
         755  1 0.1058 0.4777 0.2063 0.0927 0.1176 
         756  1 0.2296 0.2911 0.1893 0.0835 0.2064 
         757  1 0.4096 0.1508 0.0885 0.0735 0.2776 
         758  1 0.1605 0.2654 0.1642 0.1639 0.2460 
         759  1 0.1292 0.1199 0.1013 0.2160 0.4336 
         760  1 0.0762 0.3523 0.1936 0.1277 0.2501 
         761  1 0.0707 0.4380 0.1131 0.0763 0.3019 
         762  1 0.2074 0.2462 0.1656 0.2675 0.1134 
         763  1 0.1736 0.1160 0.2279 0.0939 0.3886 
         764  1 0.2887 0.1091 0.0887 0.2866 0.2269 
         765  1 0.1003 0.1120 0.6329 0.0694 0.0854 
         766  1 0.2232 0.4041 0.1269 0.0806 0.1652 
         767  1 0.0984 0.1234 0.1402 0.4847 0.1533 
         768  1 0.2185 0.1536 0.1639 0.0833 0.3807 
         769  1 0.2293 0.1084 0.2821 0.1813 0.1989 
