           1  1 0.0510 0.2370 0.1737 0.2325 0.0917 0.0653 0.1487 
           2  1 0.0632 0.0629 0.0922 0.0693 0.4549 0.1407 0.1168 
           3  1 0.3236 0.0639 0.0806 0.0525 0.1287 0.0638 0.2869 
           4  1 0.1577 0.0627 0.0860 0.4698 0.0949 0.0728 0.0561 
           5  1 0.2103 0.0981 0.0910 0.2271 0.0912 0.1200 0.1624 
           6  1 0.1777 0.1556 0.0982 0.1433 0.1028 0.1763 0.1461 
           7  1 0.0978 0.0540 0.1154 0.0672 0.0584 0.4779 0.1293 
           8  1 0.0881 0.0924 0.0908 0.2694 0.1051 0.2124 0.1418 
           9  1 0.1265 0.1171 0.0992 0.1888 0.1763 0.0921 0.1999 
          10  1 0.0947 0.0948 0.3949 0.0908 0.1618 0.0927 0.0703 
          11  1 0.2777 0.0677 0.1025 0.1601 0.1441 0.0953 0.1525 
          12  1 0.2278 0.0710 0.1136 0.2143 0.2372 0.0474 0.0888 
          13  1 0.2077 0.2192 0.1125 0.1249 0.0824 0.0921 0.1612 
          14  1 0.0966 0.0654 0.0573 0.2203 0.0926 0.1005 0.3673 
          15  1 0.2107 0.0572 0.0638 0.1957 0.0727 0.0588 0.3412 
          16  1 0.1668 0.1231 0.0762 0.1895 0.1376 0.1589 0.1480 
          17  1 0.0888 0.3922 0.0812 0.1353 0.1079 0.1119 0.0827 
          18  1 0.2049 0.0807 0.1051 0.1854 0.1069 0.1537 0.1633 
          19  1 0.2162 0.1435 0.1708 0.0746 0.1429 0.1678 0.0842 
          20  1 0.1069 0.1175 0.1124 0.1334 0.1076 0.2436 0.1786 
          21  1 0.2202 0.1481 0.0833 0.1614 0.0997 0.1826 0.1048 
          22  1 0.0963 0.0709 0.1252 0.1681 0.2106 0.1188 0.2102 
          23  1 0.2182 0.1274 0.1557 0.1370 0.1390 0.1001 0.1226 
          24  1 0.1177 0.2773 0.1088 0.0894 0.1707 0.1606 0.0755 
          25  1 0.1499 0.1539 0.0901 0.1084 0.0813 0.2970 0.1195 
          26  1 0.2687 0.0951 0.1412 0.1593 0.1136 0.0716 0.1504 
          27  1 0.0504 0.0970 0.3465 0.0429 0.1498 0.2477 0.0656 
          28  1 0.0728 0.0486 0.0596 0.0725 0.1037 0.0884 0.5543 
          29  1 0.0608 0.0996 0.5529 0.1152 0.0669 0.0613 0.0434 
          30  1 0.3255 0.1220 0.0466 0.1991 0.0708 0.0676 0.1685 
          31  1 0.1039 0.1502 0.1160 0.1180 0.0908 0.3490 0.0720 
          32  1 0.3505 0.0923 0.1257 0.1456 0.0837 0.1022 0.1000 
          33  1 0.0624 0.2389 0.0658 0.1128 0.1076 0.0834 0.3290 
          34  1 0.0978 0.1650 0.1144 0.1846 0.1114 0.1751 0.1517 
          35  1 0.3657 0.1194 0.0774 0.1271 0.1131 0.0631 0.1342 
          36  1 0.3535 0.0733 0.1233 0.1591 0.0653 0.0786 0.1469 
          37  1 0.1106 0.0690 0.2005 0.1005 0.1397 0.3029 0.0769 
          38  1 0.0535 0.0652 0.4152 0.2003 0.1325 0.0818 0.0515 
          39  1 0.0917 0.1793 0.1225 0.1773 0.0880 0.0423 0.2988 
          40  1 0.1308 0.2556 0.0967 0.1441 0.1489 0.0976 0.1264 
          41  1 0.2874 0.0426 0.2443 0.1185 0.0899 0.0884 0.1288 
          42  1 0.1054 0.2287 0.1505 0.1310 0.1350 0.1683 0.0811 
          43  1 0.1195 0.0674 0.0995 0.0873 0.4890 0.0388 0.0985 
          44  1 0.1601 0.1908 0.1482 0.0823 0.1632 0.0678 0.1877 
          45  1 0.0943 0.3759 0.0778 0.1298 0.1094 0.0775 0.1352 
          46  1 0.0517 0.1199 0.0603 0.0530 0.4921 0.1291 0.0938 
          47  1 0.3303 0.1464 0.1212 0.1232 0.0438 0.1082 0.1268 
          48  1 0.1530 0.0675 0.2213 0.1963 0.1239 0.1851 0.0530 
          49  1 0.1690 0.1843 0.1206 0.1405 0.1123 0.0786 0.1948 
          50  1 0.1132 0.0724 0.1231 0.1544 0.1521 0.1370 0.2479 
          51  1 0.1504 0.5701 0.0502 0.0615 0.0477 0.0758 0.0443 
          52  1 0.0694 0.4026 0.0794 0.0896 0.0675 0.1669 0.1245 
          53  1 0.1477 0.1954 0.0930 0.1405 0.0619 0.0946 0.2670 
          54  1 0.0959 0.2403 0.1985 0.0861 0.0632 0.2568 0.0590 
          55  1 0.0564 0.1195 0.0953 0.0609 0.1061 0.5009 0.0609 
          56  1 0.1138 0.1492 0.0924 0.1139 0.4156 0.0691 0.0460 
          57  1 0.0537 0.4725 0.0406 0.0444 0.1839 0.1664 0.0385 
          58  1 0.1189 0.1150 0.1477 0.1001 0.1173 0.2624 0.1385 
          59  1 0.0901 0.2650 0.0366 0.0922 0.0708 0.1314 0.3140 
          60  1 0.1427 0.0839 0.1301 0.1538 0.1655 0.1059 0.2182 
          61  1 0.0952 0.0892 0.2562 0.1279 0.0824 0.1386 0.2106 
          62  1 0.1059 0.0983 0.1204 0.4202 0.0913 0.0497 0.1142 
          63  1 0.4630 0.0794 0.0976 0.0751 0.1130 0.1017 0.0702 
          64  1 0.2461 0.1636 0.0910 0.1682 0.1106 0.1300 0.0906 
          65  1 0.0756 0.1217 0.1056 0.0891 0.1629 0.3356 0.1095 
          66  1 0.0715 0.0569 0.3020 0.0652 0.2283 0.1444 0.1318 
          67  1 0.2239 0.0672 0.1107 0.1779 0.1003 0.0600 0.2600 
          68  1 0.0864 0.0641 0.1834 0.2258 0.0789 0.1532 0.2083 
          69  1 0.0900 0.0455 0.1788 0.1706 0.2514 0.1841 0.0796 
          70  1 0.1793 0.0929 0.1208 0.1555 0.2023 0.1138 0.1354 
          71  1 0.0527 0.1399 0.0659 0.0573 0.2674 0.3351 0.0817 
          72  1 0.1177 0.3302 0.0413 0.0416 0.1274 0.2386 0.1032 
          73  1 0.0703 0.0654 0.4788 0.0831 0.1061 0.0832 0.1131 
          74  1 0.1765 0.1556 0.0766 0.1531 0.2202 0.1117 0.1063 
          75  1 0.0625 0.0369 0.2029 0.0611 0.0657 0.0854 0.4855 
          76  1 0.0874 0.0672 0.1289 0.4645 0.0841 0.0862 0.0817 
          77  1 0.0470 0.0350 0.0938 0.0609 0.3611 0.0461 0.3559 
          78  1 0.2617 0.1934 0.1623 0.1412 0.0753 0.0804 0.0857 
          79  1 0.2831 0.0604 0.2640 0.0935 0.0678 0.1392 0.0920 
          80  1 0.4844 0.0706 0.0642 0.1113 0.0353 0.0733 0.1610 
          81  1 0.1050 0.0679 0.0703 0.2366 0.0961 0.1590 0.2652 
          82  1 0.0851 0.3460 0.0607 0.2087 0.0854 0.1014 0.1128 
          83  1 0.3276 0.0518 0.0793 0.1840 0.0834 0.0627 0.2113 
          84  1 0.1746 0.0772 0.0644 0.4562 0.0593 0.0711 0.0972 
          85  1 0.0610 0.0890 0.0837 0.1493 0.2903 0.2641 0.0626 
          86  1 0.1278 0.1508 0.0980 0.0818 0.1931 0.0786 0.2699 
          87  1 0.0993 0.1989 0.1319 0.1636 0.1476 0.1625 0.0962 
          88  1 0.0788 0.0605 0.1740 0.0789 0.4693 0.0603 0.0781 
          89  1 0.0803 0.1376 0.0722 0.1043 0.1294 0.3185 0.1576 
          90  1 0.1084 0.1054 0.0836 0.0756 0.1428 0.4233 0.0609 
          91  1 0.2196 0.1037 0.0983 0.1717 0.1616 0.1358 0.1093 
          92  1 0.2041 0.0379 0.1571 0.0983 0.2419 0.1383 0.1224 
          93  1 0.0493 0.4010 0.0880 0.1053 0.1038 0.1377 0.1150 
          94  1 0.0936 0.0914 0.0784 0.1490 0.1744 0.1908 0.2225 
          95  1 0.3910 0.0768 0.1137 0.2275 0.0729 0.0459 0.0723 
          96  1 0.0886 0.0399 0.6189 0.0755 0.0515 0.0405 0.0852 
          97  1 0.1120 0.0810 0.1139 0.2826 0.1304 0.1023 0.1779 
          98  1 0.1433 0.2466 0.1808 0.2656 0.0443 0.0561 0.0632 
          99  1 0.0517 0.1528 0.0479 0.4282 0.1190 0.0891 0.1113 
         100  1 0.1117 0.0680 0.1672 0.1214 0.1849 0.1078 0.2390 
         101  1 0.1847 0.0945 0.0584 0.0888 0.3019 0.1749 0.0969 
         102  1 0.0938 0.0923 0.0985 0.1630 0.0582 0.1476 0.3467 
         103  1 0.0675 0.0564 0.1046 0.0868 0.2956 0.0634 0.3257 
         104  1 0.3345 0.0715 0.1168 0.0852 0.0968 0.2073 0.0878 
         105  1 0.1831 0.1749 0.1252 0.1342 0.1059 0.1311 0.1456 
         106  1 0.0707 0.0427 0.0508 0.0707 0.4416 0.1845 0.1390 
         107  1 0.0889 0.0821 0.2024 0.1963 0.1618 0.1773 0.0914 
         108  1 0.0720 0.2516 0.0980 0.2228 0.0881 0.1518 0.1156 
         109  1 0.2668 0.0841 0.0689 0.1636 0.0964 0.1050 0.2153 
         110  1 0.1453 0.0614 0.2520 0.1486 0.1655 0.1275 0.0997 
         111  1 0.3254 0.0590 0.0953 0.2314 0.0456 0.0781 0.1651 
         112  1 0.1117 0.2685 0.0738 0.2148 0.1276 0.1120 0.0917 
         113  1 0.1207 0.3399 0.0757 0.0995 0.0660 0.2026 0.0956 
         114  1 0.1219 0.1000 0.1190 0.1633 0.2794 0.0953 0.1211 
         115  1 0.0591 0.1678 0.1073 0.0773 0.2749 0.2240 0.0896 
         116  1 0.0648 0.1584 0.0988 0.0838 0.2861 0.1435 0.1647 
         117  1 0.0690 0.0976 0.2137 0.1039 0.2792 0.1487 0.0880 
         118  1 0.0802 0.2951 0.1185 0.1079 0.1906 0.1242 0.0835 
         119  1 0.0785 0.0793 0.0817 0.0695 0.3526 0.1382 0.2000 
         120  1 0.0583 0.1195 0.0482 0.2931 0.1226 0.1533 0.2051 
         121  1 0.1404 0.2173 0.0903 0.1190 0.1513 0.2071 0.0747 
         122  1 0.1034 0.0361 0.3570 0.2183 0.0710 0.1312 0.0831 
         123  1 0.0899 0.1085 0.3015 0.2549 0.0834 0.0904 0.0715 
         124  1 0.0523 0.1388 0.3160 0.0718 0.1868 0.1794 0.0549 
         125  1 0.0423 0.1787 0.1226 0.1100 0.1827 0.2886 0.0751 
         126  1 0.0351 0.0613 0.1731 0.0430 0.5600 0.0794 0.0480 
         127  1 0.0453 0.0672 0.2645 0.1419 0.2820 0.1166 0.0825 
         128  1 0.1122 0.1193 0.3251 0.1137 0.1153 0.0934 0.1210 
         129  1 0.1954 0.0809 0.1233 0.1145 0.1807 0.2406 0.0646 
         130  1 0.0950 0.0366 0.0813 0.1947 0.0477 0.1031 0.4416 
         131  1 0.2203 0.0844 0.1045 0.2022 0.0914 0.0975 0.1998 
         132  1 0.2383 0.1467 0.0839 0.1324 0.1656 0.1079 0.1251 
         133  1 0.2134 0.1675 0.1220 0.1546 0.1616 0.0896 0.0912 
         134  1 0.1431 0.0530 0.1059 0.3589 0.0682 0.0706 0.2003 
         135  1 0.0957 0.2380 0.0541 0.0833 0.1269 0.1818 0.2201 
         136  1 0.1743 0.0958 0.1965 0.3123 0.0709 0.0535 0.0967 
         137  1 0.3854 0.0569 0.0891 0.1756 0.0533 0.0449 0.1947 
         138  1 0.3837 0.0585 0.1506 0.1607 0.0532 0.0700 0.1232 
         139  1 0.1765 0.4174 0.0658 0.0948 0.0805 0.0970 0.0680 
         140  1 0.2716 0.1166 0.0789 0.1197 0.1033 0.1158 0.1940 
         141  1 0.1245 0.2307 0.0517 0.1614 0.1100 0.0555 0.2661 
         142  1 0.1383 0.1912 0.0741 0.2768 0.1260 0.0945 0.0992 
         143  1 0.1443 0.2352 0.0744 0.0949 0.1201 0.1434 0.1877 
         144  1 0.1010 0.2098 0.1357 0.0848 0.2611 0.1327 0.0748 
         145  1 0.1225 0.1402 0.1449 0.2114 0.0722 0.2467 0.0621 
         146  1 0.0473 0.7206 0.0300 0.0385 0.0646 0.0327 0.0662 
         147  1 0.4096 0.0553 0.1403 0.2089 0.0682 0.0562 0.0615 
         148  1 0.1395 0.2178 0.1072 0.1193 0.1393 0.1523 0.1246 
         149  1 0.1156 0.0802 0.2283 0.1837 0.2205 0.0642 0.1075 
         150  1 0.0939 0.0605 0.1544 0.5269 0.0491 0.0443 0.0710 
         151  1 0.1011 0.1986 0.0851 0.1237 0.1816 0.0915 0.2185 
         152  1 0.0705 0.1338 0.0599 0.2459 0.1411 0.1438 0.2050 
         153  1 0.3128 0.0842 0.0661 0.0626 0.3029 0.0996 0.0717 
         154  1 0.2176 0.1047 0.1835 0.2237 0.0892 0.0472 0.1341 
         155  1 0.0970 0.1591 0.1729 0.3230 0.0862 0.0789 0.0830 
         156  1 0.1084 0.1142 0.2938 0.1932 0.1567 0.0770 0.0567 
         157  1 0.0876 0.1049 0.1533 0.1857 0.0903 0.0968 0.2814 
         158  1 0.1641 0.2548 0.1095 0.2243 0.0512 0.0839 0.1122 
         159  1 0.1122 0.0860 0.0657 0.3022 0.2377 0.0486 0.1474 
         160  1 0.5707 0.0582 0.0600 0.1361 0.0553 0.0412 0.0786 
         161  1 0.1183 0.2445 0.0862 0.2172 0.0825 0.0921 0.1592 
         162  1 0.1825 0.0408 0.0975 0.1104 0.2687 0.1761 0.1239 
         163  1 0.1838 0.0554 0.0625 0.1406 0.4260 0.0755 0.0561 
         164  1 0.2186 0.0938 0.0954 0.1785 0.0818 0.0889 0.2430 
         165  1 0.2371 0.0735 0.0985 0.1045 0.1601 0.2108 0.1155 
         166  1 0.3151 0.2495 0.0729 0.1677 0.0526 0.0715 0.0706 
         167  1 0.1932 0.0706 0.1410 0.1480 0.1383 0.2522 0.0568 
         168  1 0.3374 0.0807 0.0681 0.2670 0.0579 0.0605 0.1283 
         169  1 0.0759 0.1211 0.0839 0.1420 0.3534 0.0732 0.1505 
         170  1 0.0984 0.1231 0.0367 0.0801 0.1495 0.1311 0.3811 
         171  1 0.1223 0.1265 0.0848 0.4447 0.0592 0.0637 0.0988 
         172  1 0.1397 0.2131 0.0893 0.1202 0.1495 0.2122 0.0760 
         173  1 0.1538 0.1406 0.0561 0.0696 0.1501 0.1374 0.2924 
         174  1 0.1067 0.1698 0.0832 0.1330 0.1992 0.2193 0.0889 
         175  1 0.0861 0.2450 0.0921 0.1391 0.1451 0.1309 0.1616 
         176  1 0.2354 0.1171 0.0645 0.2080 0.0767 0.1157 0.1826 
         177  1 0.0794 0.1729 0.0787 0.0968 0.3013 0.1818 0.0891 
         178  1 0.2062 0.2557 0.0609 0.1264 0.0778 0.1785 0.0946 
         179  1 0.0414 0.2477 0.2757 0.1397 0.1320 0.0772 0.0862 
         180  1 0.1495 0.0592 0.1590 0.3762 0.0955 0.0492 0.1114 
         181  1 0.2146 0.0621 0.0767 0.0882 0.1253 0.0934 0.3398 
         182  1 0.1218 0.0636 0.2776 0.3810 0.0434 0.0548 0.0579 
         183  1 0.0769 0.1899 0.1218 0.3669 0.0862 0.0625 0.0957 
         184  1 0.1051 0.0746 0.1091 0.0939 0.1074 0.1135 0.3964 
         185  1 0.0836 0.0777 0.1307 0.0512 0.1102 0.4670 0.0795 
         186  1 0.0697 0.1060 0.2017 0.1008 0.1542 0.2992 0.0684 
         187  1 0.1186 0.0403 0.1383 0.4010 0.0702 0.1497 0.0818 
         188  1 0.0656 0.2374 0.1874 0.0930 0.2013 0.1374 0.0778 
         189  1 0.0992 0.1267 0.1311 0.1091 0.2535 0.1763 0.1041 
         190  1 0.0491 0.5985 0.0624 0.0457 0.0686 0.1170 0.0588 
         191  1 0.0929 0.1465 0.0639 0.0856 0.3614 0.1407 0.1091 
         192  1 0.1889 0.0830 0.1402 0.1603 0.0740 0.1134 0.2402 
         193  1 0.0584 0.2418 0.0946 0.2208 0.1501 0.1369 0.0974 
         194  1 0.2792 0.0887 0.1557 0.2272 0.0449 0.0512 0.1532 
         195  1 0.1732 0.2539 0.0415 0.1917 0.0495 0.1499 0.1403 
         196  1 0.0534 0.1455 0.0761 0.0661 0.3706 0.0915 0.1968 
         197  1 0.1150 0.4057 0.0752 0.0535 0.1344 0.1121 0.1040 
         198  1 0.0672 0.1527 0.0453 0.0529 0.3283 0.0641 0.2896 
         199  1 0.0417 0.0311 0.4126 0.0546 0.1435 0.2623 0.0543 
         200  1 0.0584 0.0729 0.2492 0.1764 0.1797 0.1829 0.0806 
         201  1 0.0801 0.0913 0.2637 0.0771 0.1372 0.2699 0.0806 
         202  1 0.1368 0.0503 0.2365 0.3107 0.0809 0.0657 0.1191 
         203  1 0.0921 0.1880 0.1014 0.1076 0.3703 0.0608 0.0798 
         204  1 0.0427 0.1124 0.1186 0.0845 0.4748 0.0970 0.0699 
         205  1 0.0886 0.0688 0.3376 0.0862 0.1263 0.1856 0.1069 
         206  1 0.0685 0.0552 0.4596 0.0852 0.0880 0.1863 0.0571 
         207  1 0.1151 0.1052 0.0999 0.1880 0.1258 0.1410 0.2250 
         208  1 0.1386 0.1040 0.1112 0.2387 0.0833 0.0659 0.2583 
         209  1 0.0990 0.0939 0.1133 0.0545 0.3032 0.1963 0.1398 
         210  1 0.1101 0.3454 0.0762 0.0667 0.1225 0.1813 0.0979 
         211  1 0.0497 0.3461 0.0800 0.0614 0.2052 0.1722 0.0855 
         212  1 0.1204 0.0533 0.3855 0.2781 0.0457 0.0592 0.0580 
         213  1 0.0988 0.2461 0.0729 0.1199 0.0852 0.2450 0.1322 
         214  1 0.0563 0.0696 0.0361 0.0481 0.4692 0.2279 0.0927 
         215  1 0.0764 0.3755 0.0815 0.1092 0.1561 0.0904 0.1109 
         216  1 0.4733 0.1701 0.0429 0.0664 0.0595 0.1179 0.0698 
         217  1 0.0979 0.2803 0.0771 0.0976 0.2437 0.1128 0.0906 
         218  1 0.1534 0.2654 0.0680 0.2375 0.0715 0.1248 0.0793 
         219  1 0.0257 0.0403 0.0338 0.0295 0.7834 0.0457 0.0416 
         220  1 0.2438 0.1064 0.1857 0.1481 0.1616 0.1049 0.0494 
         221  1 0.0678 0.0864 0.3900 0.0632 0.0651 0.2560 0.0716 
         222  1 0.1536 0.2790 0.1256 0.0989 0.0580 0.1383 0.1466 
         223  1 0.0328 0.5683 0.0991 0.0446 0.1724 0.0461 0.0367 
         224  1 0.0496 0.0963 0.2982 0.0730 0.2103 0.2044 0.0682 
         225  1 0.0546 0.4114 0.0753 0.0523 0.1333 0.1702 0.1029 
         226  1 0.0412 0.1400 0.1567 0.0599 0.0653 0.2942 0.2428 
         227  1 0.1021 0.0918 0.1047 0.1452 0.2277 0.0996 0.2289 
         228  1 0.1293 0.0508 0.2820 0.3695 0.0575 0.0492 0.0618 
         229  1 0.1459 0.0872 0.1745 0.1994 0.1330 0.1507 0.1094 
         230  1 0.0419 0.0881 0.1104 0.0582 0.4272 0.1761 0.0981 
         231  1 0.0372 0.0853 0.0865 0.0462 0.6356 0.0607 0.0485 
         232  1 0.1365 0.0579 0.1531 0.0790 0.1332 0.1271 0.3133 
         233  1 0.2927 0.0932 0.1368 0.2710 0.0550 0.0514 0.0999 
         234  1 0.1073 0.2555 0.0957 0.1688 0.0990 0.2063 0.0674 
         235  1 0.0555 0.1018 0.1573 0.2730 0.1821 0.1428 0.0875 
         236  1 0.3674 0.1141 0.1479 0.1317 0.0501 0.0718 0.1170 
         237  1 0.0751 0.3962 0.0674 0.1569 0.1560 0.0667 0.0816 
         238  1 0.0748 0.0376 0.1746 0.0923 0.1166 0.0871 0.4171 
         239  1 0.4460 0.0649 0.0684 0.1801 0.0514 0.0661 0.1232 
         240  1 0.0583 0.3388 0.0514 0.0808 0.1177 0.1050 0.2480 
         241  1 0.0544 0.1260 0.1425 0.0499 0.1101 0.1843 0.3329 
         242  1 0.1293 0.0690 0.2913 0.0851 0.1779 0.0800 0.1674 
         243  1 0.0676 0.2744 0.3037 0.0932 0.0703 0.0972 0.0937 
         244  1 0.2045 0.1756 0.0450 0.1367 0.0619 0.1227 0.2536 
         245  1 0.2080 0.1803 0.0444 0.1315 0.0652 0.1225 0.2481 
         246  1 0.0684 0.1709 0.2773 0.1789 0.0800 0.1233 0.1012 
         247  1 0.0681 0.0532 0.0993 0.1024 0.1833 0.1033 0.3905 
         248  1 0.1573 0.2530 0.0441 0.0839 0.1561 0.1122 0.1934 
         249  1 0.0810 0.0805 0.2599 0.1383 0.1199 0.2018 0.1185 
         250  1 0.0463 0.3187 0.0505 0.0489 0.2428 0.2113 0.0815 
         251  1 0.1803 0.1120 0.0678 0.2893 0.0961 0.1521 0.1024 
         252  1 0.0570 0.0919 0.0687 0.5399 0.0907 0.0591 0.0926 
         253  1 0.0724 0.1624 0.0599 0.4854 0.0799 0.0436 0.0963 
         254  1 0.2587 0.1137 0.0996 0.1840 0.1217 0.1422 0.0801 
         255  1 0.1936 0.1154 0.1240 0.0990 0.1166 0.1728 0.1787 
         256  1 0.0562 0.0611 0.0728 0.0924 0.2086 0.0919 0.4171 
         257  1 0.0506 0.1411 0.3120 0.0765 0.1890 0.1532 0.0776 
         258  1 0.5267 0.0665 0.1007 0.1212 0.0646 0.0539 0.0664 
         259  1 0.0412 0.7081 0.0456 0.0554 0.0653 0.0565 0.0279 
         260  1 0.2559 0.1732 0.0585 0.1285 0.1018 0.1638 0.1183 
         261  1 0.2467 0.1000 0.0813 0.2172 0.1098 0.1259 0.1191 
         262  1 0.0890 0.0858 0.1926 0.2435 0.1058 0.0871 0.1962 
         263  1 0.0758 0.0932 0.1844 0.3185 0.0548 0.0525 0.2208 
         264  1 0.3488 0.1320 0.0634 0.1573 0.1132 0.0601 0.1252 
         265  1 0.0804 0.0598 0.0917 0.0956 0.4099 0.0544 0.2083 
         266  1 0.0750 0.1790 0.0666 0.0482 0.0567 0.5081 0.0664 
         267  1 0.1176 0.0784 0.2241 0.1433 0.1042 0.1842 0.1483 
         268  1 0.1249 0.3599 0.0928 0.1459 0.0509 0.0625 0.1632 
         269  1 0.0865 0.0548 0.1348 0.2204 0.2177 0.2131 0.0727 
         270  1 0.0607 0.1253 0.1275 0.0473 0.3880 0.1471 0.1042 
         271  1 0.1112 0.1076 0.2111 0.1127 0.2335 0.1382 0.0856 
         272  1 0.1314 0.2383 0.1185 0.1201 0.1236 0.0670 0.2011 
         273  1 0.1132 0.1142 0.1927 0.0829 0.1115 0.3028 0.0826 
         274  1 0.0915 0.0531 0.5793 0.1126 0.0644 0.0472 0.0520 
         275  1 0.0779 0.3590 0.1080 0.0981 0.1207 0.0877 0.1485 
         276  1 0.1587 0.0910 0.0467 0.1407 0.0599 0.0863 0.4167 
         277  1 0.0466 0.1315 0.1076 0.0674 0.1519 0.3972 0.0978 
         278  1 0.0708 0.1383 0.0685 0.1462 0.1517 0.1013 0.3232 
         279  1 0.2555 0.0408 0.1068 0.0558 0.1826 0.1201 0.2384 
         280  1 0.0471 0.0494 0.0505 0.0613 0.6190 0.0552 0.1175 
         281  1 0.0565 0.0965 0.1127 0.1006 0.3969 0.0697 0.1670 
         282  1 0.0918 0.0791 0.0661 0.0740 0.0629 0.0915 0.5347 
         283  1 0.1908 0.0556 0.2245 0.3031 0.0697 0.0542 0.1021 
         284  1 0.1024 0.0604 0.0760 0.1692 0.1128 0.2297 0.2496 
         285  1 0.1142 0.0992 0.3223 0.1912 0.0556 0.1705 0.0470 
         286  1 0.1705 0.0968 0.0624 0.1673 0.0646 0.1543 0.2841 
         287  1 0.0555 0.1383 0.0632 0.2138 0.0702 0.0400 0.4191 
         288  1 0.0996 0.0865 0.1679 0.0911 0.3126 0.1543 0.0878 
         289  1 0.5178 0.0486 0.1127 0.1080 0.0459 0.1018 0.0654 
         290  1 0.0639 0.0952 0.0757 0.3760 0.1789 0.0902 0.1200 
         291  1 0.1591 0.1370 0.1796 0.1260 0.1485 0.0577 0.1921 
         292  1 0.1810 0.1346 0.1385 0.1393 0.1380 0.1423 0.1263 
         293  1 0.1506 0.0894 0.2708 0.2429 0.0930 0.0765 0.0769 
         294  1 0.1092 0.0685 0.0941 0.1786 0.1463 0.2385 0.1647 
         295  1 0.3152 0.0422 0.1840 0.0995 0.0637 0.1730 0.1223 
         296  1 0.1368 0.0534 0.0776 0.1215 0.4211 0.0968 0.0929 
         297  1 0.3792 0.0931 0.1078 0.1856 0.0505 0.1281 0.0555 
         298  1 0.2643 0.1550 0.0602 0.1429 0.0839 0.1528 0.1409 
         299  1 0.1359 0.1073 0.3856 0.1771 0.0725 0.0595 0.0622 
         300  1 0.1064 0.3812 0.0981 0.0951 0.1284 0.1188 0.0719 
         301  1 0.1171 0.1045 0.0784 0.0711 0.1310 0.1543 0.3435 
         302  1 0.0366 0.6550 0.0558 0.0589 0.0408 0.1002 0.0528 
         303  1 0.1295 0.0855 0.1933 0.2134 0.0887 0.1597 0.1298 
         304  1 0.0559 0.1910 0.0612 0.1150 0.1564 0.2376 0.1830 
         305  1 0.1040 0.1359 0.1038 0.1172 0.1859 0.2280 0.1251 
         306  1 0.0408 0.1025 0.0478 0.0914 0.2151 0.1551 0.3473 
         307  1 0.2632 0.1275 0.0850 0.1337 0.1223 0.1276 0.1408 
         308  1 0.4040 0.0853 0.0703 0.1855 0.0961 0.0686 0.0902 
         309  1 0.3123 0.0553 0.1832 0.1319 0.1226 0.1204 0.0743 
         310  1 0.2160 0.0734 0.1568 0.2551 0.0516 0.0832 0.1640 
         311  1 0.2343 0.1042 0.1567 0.2140 0.0718 0.0819 0.1371 
         312  1 0.0555 0.0656 0.0945 0.0792 0.0716 0.3237 0.3099 
         313  1 0.1819 0.0527 0.4261 0.1489 0.0653 0.0638 0.0612 
         314  1 0.1270 0.0594 0.1700 0.0507 0.1124 0.3997 0.0809 
         315  1 0.1641 0.0840 0.1320 0.2705 0.1007 0.0838 0.1649 
         316  1 0.4702 0.1484 0.0404 0.1332 0.0527 0.0459 0.1093 
         317  1 0.2135 0.1796 0.1180 0.1444 0.1027 0.0810 0.1609 
         318  1 0.4609 0.0663 0.0769 0.1352 0.0667 0.1128 0.0812 
         319  1 0.0631 0.0741 0.0476 0.1530 0.1945 0.2336 0.2341 
         320  1 0.1561 0.2031 0.1303 0.1397 0.1109 0.0971 0.1629 
         321  1 0.1133 0.2484 0.2517 0.1379 0.0919 0.0978 0.0591 
         322  1 0.1351 0.1124 0.0742 0.0626 0.0623 0.4606 0.0928 
         323  1 0.0491 0.1057 0.1018 0.0660 0.0660 0.5636 0.0479 
         324  1 0.0677 0.3657 0.1060 0.1175 0.0826 0.2001 0.0604 
         325  1 0.1396 0.0717 0.0763 0.3584 0.0930 0.0781 0.1829 
         326  1 0.0948 0.2098 0.1425 0.0855 0.1324 0.2262 0.1088 
         327  1 0.0770 0.1583 0.1898 0.1252 0.1794 0.1194 0.1509 
         328  1 0.0787 0.0652 0.3948 0.0692 0.0825 0.0780 0.2316 
         329  1 0.3963 0.0636 0.1077 0.1236 0.1510 0.0684 0.0894 
         330  1 0.2538 0.0520 0.1069 0.2266 0.0575 0.0761 0.2271 
         331  1 0.1501 0.1763 0.0533 0.1954 0.1435 0.0680 0.2133 
         332  1 0.3276 0.1400 0.0738 0.1427 0.0910 0.1048 0.1200 
         333  1 0.0692 0.3087 0.1131 0.2181 0.1196 0.0884 0.0829 
         334  1 0.2121 0.0721 0.1752 0.1249 0.0849 0.2179 0.1128 
         335  1 0.1610 0.0656 0.1729 0.1365 0.0891 0.2694 0.1056 
         336  1 0.2571 0.0832 0.1870 0.1187 0.0901 0.1227 0.1413 
         337  1 0.1226 0.1241 0.0690 0.1742 0.1305 0.2348 0.1448 
         338  1 0.0680 0.0538 0.1170 0.0504 0.1017 0.1799 0.4292 
         339  1 0.1573 0.1602 0.1741 0.0638 0.1565 0.1049 0.1832 
         340  1 0.1016 0.1038 0.1027 0.1784 0.1784 0.2445 0.0906 
         341  1 0.1335 0.1132 0.1176 0.1155 0.0598 0.3822 0.0783 
         342  1 0.1847 0.1147 0.0964 0.2386 0.1020 0.1155 0.1482 
         343  1 0.0887 0.1481 0.4721 0.1187 0.0452 0.0653 0.0620 
         344  1 0.2158 0.0719 0.1025 0.3889 0.0504 0.0427 0.1278 
         345  1 0.1463 0.0653 0.2709 0.0594 0.0916 0.1575 0.2090 
         346  1 0.1407 0.0862 0.1139 0.1790 0.1417 0.2500 0.0885 
         347  1 0.1621 0.0734 0.3190 0.1132 0.0645 0.1197 0.1481 
         348  1 0.2056 0.1609 0.1168 0.1437 0.0684 0.0708 0.2337 
         349  1 0.1821 0.1475 0.1824 0.1278 0.1530 0.0847 0.1225 
         350  1 0.0974 0.0752 0.1108 0.1214 0.0666 0.2894 0.2392 
         351  1 0.1233 0.1526 0.1665 0.1084 0.1455 0.1988 0.1050 
         352  1 0.3193 0.1376 0.0924 0.1299 0.0875 0.1285 0.1049 
         353  1 0.1635 0.0692 0.1119 0.1114 0.3856 0.0432 0.1152 
         354  1 0.0736 0.2784 0.1130 0.0648 0.2828 0.0798 0.1077 
         355  1 0.2834 0.0619 0.0890 0.1764 0.0780 0.0958 0.2154 
         356  1 0.0624 0.0833 0.2155 0.0797 0.1771 0.2528 0.1292 
         357  1 0.1178 0.1746 0.1189 0.0645 0.1115 0.3202 0.0925 
         358  1 0.2877 0.0482 0.2239 0.1785 0.1024 0.0929 0.0664 
         359  1 0.0665 0.1069 0.1010 0.0548 0.0545 0.5728 0.0435 
         360  1 0.1455 0.2203 0.1696 0.1224 0.1023 0.0998 0.1402 
         361  1 0.2601 0.2273 0.0601 0.1878 0.0492 0.0706 0.1449 
         362  1 0.0588 0.2000 0.1283 0.0674 0.0947 0.3384 0.1124 
         363  1 0.0669 0.2978 0.1118 0.0610 0.2792 0.0755 0.1079 
         364  1 0.0830 0.1031 0.2283 0.1196 0.1732 0.1596 0.1333 
         365  1 0.0549 0.1147 0.4809 0.1558 0.0752 0.0777 0.0408 
         366  1 0.1562 0.1047 0.2030 0.1999 0.0868 0.1801 0.0692 
         367  1 0.2482 0.1293 0.1518 0.0818 0.1652 0.1135 0.1102 
         368  1 0.1456 0.1459 0.1592 0.1190 0.1699 0.1313 0.1291 
         369  1 0.0528 0.0742 0.4983 0.0508 0.1316 0.1024 0.0898 
         370  1 0.2956 0.3168 0.0605 0.0748 0.1018 0.0829 0.0675 
         371  1 0.1550 0.2314 0.2362 0.0830 0.0875 0.1013 0.1055 
         372  1 0.2918 0.0989 0.0765 0.1004 0.0687 0.1413 0.2223 
         373  1 0.2292 0.1193 0.1742 0.1569 0.1193 0.1044 0.0968 
         374  1 0.2559 0.0862 0.1905 0.1383 0.1470 0.0742 0.1080 
         375  1 0.0607 0.0529 0.4351 0.1517 0.1190 0.1305 0.0501 
         376  1 0.1799 0.0531 0.1741 0.1640 0.0968 0.0885 0.2436 
         377  1 0.0901 0.0860 0.3894 0.0966 0.1291 0.1326 0.0762 
         378  1 0.1616 0.0771 0.1808 0.1266 0.1173 0.1877 0.1489 
         379  1 0.0514 0.1144 0.2411 0.0989 0.2348 0.0837 0.1758 
         380  1 0.1409 0.0493 0.1880 0.3755 0.0714 0.0397 0.1352 
         381  1 0.1238 0.1403 0.1014 0.1182 0.1211 0.2629 0.1322 
         382  1 0.2218 0.1847 0.0835 0.2178 0.1156 0.0902 0.0863 
         383  1 0.0850 0.0513 0.0725 0.2238 0.0503 0.2197 0.2975 
         384  1 0.0850 0.0525 0.0838 0.3831 0.1635 0.0993 0.1327 
         385  1 0.0900 0.1353 0.0605 0.0694 0.1343 0.3943 0.1162 
         386  1 0.0783 0.5424 0.0648 0.0868 0.0702 0.0910 0.0664 
         387  1 0.0607 0.0973 0.0773 0.2478 0.0876 0.1073 0.3221 
         388  1 0.1166 0.2704 0.1848 0.1146 0.0991 0.1338 0.0807 
         389  1 0.2562 0.2855 0.0864 0.0889 0.0839 0.1000 0.0991 
         390  1 0.1098 0.1367 0.1343 0.1493 0.0984 0.1354 0.2361 
         391  1 0.0799 0.1716 0.1786 0.0616 0.1620 0.2570 0.0892 
         392  1 0.2027 0.1098 0.1228 0.1819 0.0963 0.1110 0.1755 
         393  1 0.0770 0.0658 0.1860 0.4118 0.0874 0.0919 0.0801 
         394  1 0.1480 0.1346 0.1517 0.1833 0.1937 0.0835 0.1053 
         395  1 0.0947 0.3446 0.0872 0.1018 0.1163 0.1287 0.1267 
         396  1 0.1579 0.1773 0.1256 0.1188 0.1097 0.1980 0.1126 
         397  1 0.1256 0.0647 0.1429 0.1229 0.1848 0.2482 0.1109 
         398  1 0.0998 0.1037 0.1188 0.1218 0.2366 0.0997 0.2197 
         399  1 0.3001 0.1080 0.1093 0.1149 0.0967 0.0736 0.1974 
         400  1 0.1394 0.0310 0.2407 0.1758 0.0928 0.0967 0.2236 
         401  1 0.1861 0.2961 0.0702 0.1064 0.0766 0.1083 0.1561 
         402  1 0.2568 0.1252 0.1060 0.1747 0.1191 0.1300 0.0882 
         403  1 0.0674 0.2880 0.1421 0.0919 0.1418 0.1801 0.0887 
         404  1 0.1069 0.0694 0.3017 0.1111 0.1607 0.1353 0.1148 
         405  1 0.0743 0.3400 0.0822 0.1238 0.2275 0.0757 0.0765 
         406  1 0.1799 0.1017 0.1227 0.3707 0.0870 0.0616 0.0764 
         407  1 0.1377 0.1282 0.1087 0.1542 0.2086 0.1362 0.1264 
         408  1 0.1802 0.1553 0.0598 0.1236 0.0794 0.0773 0.3245 
         409  1 0.2090 0.0679 0.0520 0.1469 0.0555 0.0518 0.4169 
         410  1 0.0855 0.0460 0.1036 0.0958 0.1588 0.1191 0.3911 
         411  1 0.2639 0.0731 0.2099 0.1440 0.0872 0.0683 0.1537 
         412  1 0.0643 0.4345 0.0813 0.0949 0.1064 0.1567 0.0618 
         413  1 0.2641 0.0840 0.0779 0.2622 0.0653 0.0827 0.1639 
         414  1 0.0707 0.0984 0.2454 0.1913 0.1876 0.1518 0.0549 
         415  1 0.0778 0.2857 0.0768 0.1693 0.1895 0.1071 0.0938 
         416  1 0.0777 0.2337 0.1552 0.0654 0.2712 0.0955 0.1013 
         417  1 0.2185 0.1370 0.0983 0.1359 0.0902 0.1639 0.1562 
         418  1 0.0683 0.1187 0.1012 0.4509 0.0682 0.0946 0.0981 
         419  1 0.1195 0.1584 0.1908 0.1010 0.1495 0.1177 0.1632 
         420  1 0.1892 0.1140 0.1568 0.1204 0.1535 0.1386 0.1275 
         421  1 0.0680 0.1024 0.0702 0.0546 0.1125 0.3123 0.2801 
         422  1 0.1235 0.0449 0.1259 0.1343 0.4059 0.0532 0.1124 
         423  1 0.0872 0.0788 0.0944 0.1603 0.2952 0.1146 0.1695 
         424  1 0.1306 0.0549 0.0608 0.1623 0.1154 0.2550 0.2211 
         425  1 0.1604 0.0851 0.2414 0.2567 0.0738 0.1302 0.0525 
         426  1 0.0681 0.3915 0.0583 0.0553 0.2966 0.0583 0.0720 
         427  1 0.1485 0.0800 0.2510 0.1456 0.1578 0.0777 0.1394 
         428  1 0.1401 0.1263 0.1946 0.1004 0.1380 0.2107 0.0899 
         429  1 0.1286 0.2053 0.1069 0.1476 0.0863 0.1478 0.1775 
         430  1 0.0969 0.1098 0.2672 0.0675 0.2356 0.1124 0.1107 
         431  1 0.3326 0.0831 0.0860 0.1649 0.0813 0.0744 0.1777 
         432  1 0.0614 0.0763 0.2929 0.0571 0.2718 0.1623 0.0781 
         433  1 0.0858 0.1765 0.1628 0.1353 0.1197 0.2156 0.1044 
         434  1 0.1381 0.1628 0.1700 0.0954 0.0907 0.2552 0.0878 
         435  1 0.2203 0.1018 0.1547 0.2604 0.1015 0.0742 0.0871 
         436  1 0.0890 0.0851 0.0711 0.1087 0.3324 0.1000 0.2136 
         437  1 0.0804 0.1344 0.3992 0.1649 0.0872 0.0829 0.0510 
         438  1 0.1096 0.1480 0.0840 0.3577 0.0699 0.1213 0.1094 
         439  1 0.2843 0.1714 0.0680 0.0947 0.0726 0.1603 0.1487 
         440  1 0.0680 0.2350 0.0870 0.2077 0.1334 0.0522 0.2168 
         441  1 0.1664 0.1185 0.0576 0.1694 0.1445 0.0666 0.2769 
         442  1 0.1580 0.0533 0.0759 0.2573 0.0644 0.0745 0.3166 
         443  1 0.0823 0.0783 0.4201 0.0900 0.1133 0.0689 0.1472 
         444  1 0.1004 0.0828 0.1045 0.0941 0.2639 0.2767 0.0775 
         445  1 0.0682 0.1099 0.1977 0.2484 0.1037 0.0962 0.1758 
         446  1 0.1524 0.0826 0.1467 0.1391 0.1138 0.2461 0.1193 
         447  1 0.0624 0.2713 0.1859 0.2080 0.1281 0.0451 0.0992 
         448  1 0.2333 0.0927 0.1190 0.1356 0.1238 0.1008 0.1949 
         449  1 0.0792 0.1446 0.0837 0.4949 0.0554 0.0509 0.0913 
         450  1 0.1450 0.1876 0.1365 0.0683 0.1069 0.1904 0.1653 
         451  1 0.3579 0.0825 0.0550 0.1387 0.0786 0.1497 0.1376 
         452  1 0.0763 0.0764 0.2159 0.0704 0.2084 0.2378 0.1147 
         453  1 0.1173 0.1437 0.0706 0.1138 0.1521 0.2984 0.1042 
         454  1 0.1263 0.1995 0.0716 0.1050 0.2421 0.1464 0.1091 
         455  1 0.1287 0.1927 0.1255 0.1037 0.0934 0.2936 0.0624 
         456  1 0.0782 0.0944 0.2448 0.0707 0.1340 0.2586 0.1192 
         457  1 0.0437 0.4579 0.0376 0.0479 0.2236 0.1182 0.0712 
         458  1 0.1989 0.1002 0.1087 0.3273 0.1132 0.1051 0.0467 
         459  1 0.0846 0.5084 0.0826 0.1125 0.0726 0.0629 0.0764 
         460  1 0.0639 0.1286 0.1936 0.0736 0.1184 0.0882 0.3338 
         461  1 0.2664 0.1157 0.0950 0.1317 0.0506 0.2472 0.0934 
         462  1 0.0832 0.4888 0.0912 0.1452 0.0509 0.0546 0.0862 
         463  1 0.0955 0.0599 0.2628 0.1395 0.2169 0.0971 0.1283 
         464  1 0.0785 0.2408 0.1010 0.2106 0.0945 0.1334 0.1413 
         465  1 0.2482 0.0771 0.1181 0.1485 0.0794 0.1464 0.1823 
         466  1 0.1040 0.1471 0.0742 0.1469 0.2047 0.2421 0.0811 
         467  1 0.0652 0.2780 0.0993 0.0852 0.2143 0.2005 0.0575 
         468  1 0.0657 0.1112 0.1003 0.4976 0.0801 0.0792 0.0658 
         469  1 0.0726 0.0961 0.1493 0.0789 0.2853 0.2310 0.0866 
         470  1 0.0721 0.2579 0.0989 0.0765 0.2793 0.0997 0.1155 
         471  1 0.1318 0.0995 0.1730 0.1406 0.1648 0.1804 0.1098 
         472  1 0.0621 0.2296 0.0457 0.0872 0.2191 0.1491 0.2072 
         473  1 0.1319 0.1385 0.1105 0.1292 0.1455 0.2164 0.1280 
         474  1 0.1379 0.3396 0.0728 0.0938 0.1091 0.1016 0.1452 
         475  1 0.0984 0.0598 0.1631 0.0724 0.1252 0.1160 0.3650 
         476  1 0.1416 0.0884 0.2158 0.1002 0.1017 0.2564 0.0959 
         477  1 0.1627 0.0981 0.2807 0.0960 0.0868 0.1691 0.1065 
         478  1 0.1788 0.0887 0.1226 0.2137 0.1245 0.1367 0.1349 
         479  1 0.1172 0.0790 0.1588 0.2891 0.1903 0.0601 0.1055 
         480  1 0.0955 0.2127 0.0816 0.1032 0.0687 0.2760 0.1623 
         481  1 0.3810 0.0676 0.1592 0.1032 0.0660 0.1173 0.1057 
         482  1 0.1831 0.0570 0.2626 0.1886 0.0538 0.0682 0.1867 
         483  1 0.1231 0.1638 0.1242 0.0874 0.1679 0.1907 0.1429 
         484  1 0.0829 0.0500 0.1026 0.1011 0.0616 0.5012 0.1006 
         485  1 0.2676 0.0896 0.1014 0.1803 0.0653 0.1143 0.1816 
         486  1 0.0907 0.0976 0.0795 0.1724 0.0672 0.0487 0.4440 
         487  1 0.1459 0.2354 0.0922 0.1355 0.0471 0.0899 0.2540 
         488  1 0.1987 0.3220 0.0914 0.0924 0.0828 0.1067 0.1061 
         489  1 0.1246 0.2362 0.0859 0.0977 0.1055 0.0875 0.2625 
         490  1 0.2568 0.1194 0.1466 0.1061 0.0745 0.0698 0.2267 
         491  1 0.1460 0.1205 0.0540 0.0960 0.0521 0.1577 0.3736 
         492  1 0.1727 0.1277 0.1385 0.1414 0.1247 0.0869 0.2081 
         493  1 0.2593 0.0635 0.2307 0.1565 0.0781 0.0443 0.1676 
         494  1 0.2370 0.1663 0.0931 0.0903 0.0845 0.1637 0.1651 
         495  1 0.1620 0.1340 0.0741 0.2168 0.0970 0.1557 0.1604 
         496  1 0.2493 0.0457 0.1544 0.1639 0.0621 0.1592 0.1654 
         497  1 0.3739 0.0914 0.0970 0.1043 0.0728 0.0632 0.1974 
         498  1 0.1382 0.1493 0.0963 0.3280 0.1425 0.0805 0.0652 
         499  1 0.1194 0.1914 0.0770 0.1090 0.2829 0.1258 0.0946 
         500  1 0.0727 0.0952 0.2775 0.1348 0.2501 0.1118 0.0579 
         501  1 0.1314 0.0530 0.3092 0.1279 0.1505 0.1366 0.0914 
         502  1 0.1253 0.0828 0.2537 0.1483 0.1482 0.1175 0.1243 
         503  1 0.1096 0.0397 0.2953 0.3030 0.1045 0.0572 0.0906 
         504  1 0.1156 0.0349 0.1936 0.3655 0.0515 0.1064 0.1324 
         505  1 0.0871 0.0656 0.3379 0.2961 0.0675 0.1031 0.0428 
         506  1 0.0541 0.1393 0.2181 0.0807 0.1805 0.2254 0.1018 
         507  1 0.1862 0.0527 0.1185 0.3019 0.1737 0.0689 0.0982 
         508  1 0.1760 0.0821 0.2165 0.1528 0.1271 0.1050 0.1404 
         509  1 0.0686 0.1591 0.2574 0.0737 0.1515 0.1408 0.1489 
         510  1 0.2281 0.0681 0.1799 0.1439 0.1328 0.1301 0.1171 
         511  1 0.1640 0.2209 0.0695 0.0916 0.0877 0.1746 0.1916 
         512  1 0.0550 0.2691 0.1392 0.0702 0.1741 0.2402 0.0522 
         513  1 0.1942 0.1611 0.0912 0.0877 0.1041 0.1831 0.1788 
         514  1 0.2030 0.1552 0.1565 0.2632 0.0492 0.0555 0.1175 
         515  1 0.2226 0.1867 0.0955 0.1384 0.1308 0.1269 0.0991 
         516  1 0.0501 0.3650 0.0739 0.0603 0.1244 0.2109 0.1154 
         517  1 0.1209 0.1310 0.0932 0.1460 0.3047 0.0903 0.1139 
         518  1 0.1431 0.0697 0.1638 0.4083 0.0761 0.0529 0.0861 
         519  1 0.0767 0.1271 0.0640 0.0590 0.2876 0.2757 0.1098 
         520  1 0.0541 0.0761 0.1454 0.0663 0.1200 0.4840 0.0541 
         521  1 0.0513 0.1414 0.1767 0.0439 0.3315 0.1383 0.1168 
         522  1 0.1066 0.2084 0.1696 0.0895 0.1146 0.0888 0.2225 
         523  1 0.1124 0.0552 0.2502 0.2961 0.1121 0.1005 0.0736 
         524  1 0.1102 0.0495 0.1137 0.0793 0.2144 0.0493 0.3836 
         525  1 0.1151 0.1830 0.0720 0.3583 0.0748 0.0740 0.1228 
         526  1 0.1153 0.0634 0.0547 0.1171 0.3157 0.0807 0.2530 
         527  1 0.1791 0.2655 0.1002 0.1995 0.0572 0.0794 0.1189 
         528  1 0.1068 0.2815 0.1629 0.1850 0.0562 0.0567 0.1510 
         529  1 0.1723 0.2719 0.0784 0.1307 0.0649 0.2020 0.0797 
         530  1 0.1364 0.1009 0.3718 0.0731 0.0720 0.1084 0.1375 
         531  1 0.5509 0.0805 0.1025 0.0986 0.0522 0.0540 0.0613 
         532  1 0.2355 0.0447 0.1876 0.2061 0.0937 0.0592 0.1732 
         533  1 0.0989 0.0958 0.2321 0.1648 0.0846 0.2089 0.1149 
         534  1 0.1312 0.1843 0.0895 0.1053 0.0766 0.2318 0.1814 
         535  1 0.1896 0.0612 0.1532 0.3932 0.0744 0.0504 0.0781 
         536  1 0.1349 0.2716 0.0760 0.2214 0.0643 0.0918 0.1400 
         537  1 0.2700 0.1210 0.0619 0.0984 0.0737 0.1160 0.2590 
         538  1 0.0645 0.1051 0.1513 0.0659 0.1571 0.1579 0.2981 
         539  1 0.3517 0.0720 0.0652 0.0643 0.2790 0.1052 0.0626 
         540  1 0.1343 0.0716 0.0438 0.4130 0.0614 0.0653 0.2107 
         541  1 0.1296 0.1498 0.0772 0.1590 0.1180 0.1230 0.2434 
         542  1 0.1631 0.1363 0.0794 0.3411 0.1251 0.0602 0.0949 
         543  1 0.1778 0.0534 0.1826 0.2652 0.0941 0.1373 0.0896 
         544  1 0.0722 0.0750 0.1744 0.0787 0.2940 0.2259 0.0798 
         545  1 0.0767 0.2598 0.0434 0.0713 0.1935 0.2190 0.1362 
         546  1 0.2273 0.0684 0.1497 0.1496 0.0713 0.2819 0.0518 
         547  1 0.0654 0.1241 0.0967 0.1200 0.1578 0.3100 0.1262 
         548  1 0.2788 0.1647 0.1700 0.1360 0.1128 0.0851 0.0525 
         549  1 0.1615 0.2008 0.0777 0.0814 0.2285 0.1477 0.1026 
         550  1 0.1444 0.1263 0.0540 0.1103 0.1254 0.2223 0.2173 
         551  1 0.0848 0.0675 0.0660 0.1439 0.0716 0.0874 0.4788 
         552  1 0.3619 0.1090 0.0754 0.1340 0.0768 0.1327 0.1102 
         553  1 0.1595 0.0522 0.0482 0.0678 0.1038 0.5022 0.0664 
         554  1 0.0815 0.2000 0.0518 0.0881 0.3885 0.0774 0.1127 
         555  1 0.1807 0.1487 0.0644 0.1655 0.0876 0.0820 0.2711 
         556  1 0.1030 0.1275 0.0885 0.1456 0.1152 0.1979 0.2223 
         557  1 0.2817 0.1149 0.0579 0.1027 0.1595 0.1729 0.1103 
         558  1 0.0938 0.0708 0.2020 0.1303 0.0683 0.3732 0.0616 
         559  1 0.0631 0.0671 0.0533 0.1356 0.3715 0.1867 0.1227 
         560  1 0.0615 0.1556 0.2100 0.2065 0.1037 0.1221 0.1406 
         561  1 0.0403 0.1047 0.1055 0.0632 0.3107 0.1372 0.2383 
         562  1 0.4288 0.0446 0.1369 0.1166 0.1122 0.0582 0.1027 
         563  1 0.0601 0.1055 0.0883 0.0569 0.0595 0.2965 0.3331 
         564  1 0.1300 0.1041 0.0851 0.2132 0.2131 0.1594 0.0951 
         565  1 0.0978 0.0545 0.1822 0.1977 0.1657 0.0371 0.2649 
         566  1 0.0783 0.1083 0.2324 0.0962 0.2406 0.0773 0.1668 
         567  1 0.1359 0.1717 0.0541 0.1740 0.0741 0.1061 0.2842 
         568  1 0.2195 0.0633 0.0731 0.3613 0.0470 0.0345 0.2013 
         569  1 0.0699 0.0903 0.0577 0.1101 0.0841 0.0475 0.5404 
         570  1 0.5596 0.0602 0.0822 0.1001 0.0723 0.0643 0.0612 
         571  1 0.0482 0.1050 0.0537 0.0565 0.5107 0.0937 0.1323 
         572  1 0.0778 0.3747 0.1020 0.0897 0.1520 0.0894 0.1143 
         573  1 0.1044 0.0678 0.0913 0.4011 0.1632 0.0929 0.0792 
         574  1 0.3444 0.0821 0.1040 0.1615 0.1144 0.0676 0.1260 
         575  1 0.1031 0.0892 0.0488 0.1093 0.3446 0.0968 0.2081 
         576  1 0.1757 0.1796 0.0901 0.1624 0.0950 0.1987 0.0984 
         577  1 0.4622 0.0733 0.0876 0.1832 0.0644 0.0688 0.0605 
         578  1 0.0819 0.0557 0.1710 0.0680 0.4525 0.0617 0.1092 
         579  1 0.0902 0.0578 0.0885 0.1294 0.1125 0.1200 0.4015 
         580  1 0.0524 0.0923 0.0663 0.2567 0.0771 0.1815 0.2737 
         581  1 0.0789 0.1665 0.0827 0.0843 0.1817 0.2631 0.1428 
         582  1 0.0598 0.1606 0.0795 0.1013 0.1369 0.4144 0.0474 
         583  1 0.0507 0.0358 0.7472 0.0495 0.0368 0.0377 0.0423 
         584  1 0.0555 0.0968 0.0798 0.0559 0.0964 0.2802 0.3354 
         585  1 0.2521 0.0417 0.0650 0.2603 0.0478 0.1128 0.2204 
         586  1 0.0656 0.0663 0.0754 0.0890 0.1332 0.4753 0.0952 
         587  1 0.4355 0.0623 0.1109 0.1392 0.0615 0.0622 0.1283 
         588  1 0.3417 0.0669 0.0934 0.2405 0.0667 0.0531 0.1378 
         589  1 0.1230 0.1835 0.1319 0.1506 0.0953 0.2283 0.0874 
         590  1 0.0951 0.0655 0.1597 0.1700 0.0729 0.0269 0.4099 
         591  1 0.0723 0.1328 0.0923 0.0698 0.1752 0.2570 0.2006 
         592  1 0.1174 0.0582 0.2277 0.2480 0.0584 0.0312 0.2592 
         593  1 0.0642 0.0614 0.0774 0.0874 0.3975 0.0649 0.2471 
         594  1 0.1604 0.0580 0.2201 0.1368 0.1575 0.0816 0.1856 
         595  1 0.1115 0.1512 0.2611 0.1626 0.0594 0.1820 0.0721 
         596  1 0.0650 0.0969 0.1006 0.0325 0.1396 0.4798 0.0856 
         597  1 0.6399 0.0447 0.0560 0.1044 0.0375 0.0494 0.0681 
         598  1 0.1892 0.1018 0.0868 0.2004 0.1019 0.1813 0.1386 
         599  1 0.1423 0.1015 0.1509 0.0964 0.1140 0.0613 0.3336 
         600  1 0.1126 0.0635 0.1503 0.2320 0.0804 0.0424 0.3189 
         601  1 0.4591 0.0560 0.1024 0.1344 0.0975 0.0682 0.0823 
         602  1 0.1283 0.0858 0.0411 0.0837 0.0507 0.0670 0.5434 
         603  1 0.3583 0.0969 0.0545 0.0781 0.0548 0.1203 0.2370 
         604  1 0.0680 0.2936 0.1319 0.0755 0.1212 0.1400 0.1697 
         605  1 0.0740 0.2269 0.0903 0.1762 0.0792 0.1598 0.1936 
         606  1 0.1269 0.0587 0.1724 0.3457 0.1136 0.0599 0.1228 
