           1  1 0.2721 0.2258 0.1885 0.3136 
           2  1 0.1387 0.2452 0.3960 0.2202 
           3  1 0.1909 0.4729 0.1859 0.1502 
           4  1 0.4489 0.1790 0.1874 0.1847 
           5  1 0.3079 0.3152 0.1833 0.1937 
           6  1 0.2490 0.2821 0.1925 0.2763 
           7  1 0.1837 0.3157 0.3435 0.1571 
           8  1 0.2503 0.2952 0.2369 0.2177 
           9  1 0.2987 0.2716 0.1868 0.2428 
          10  1 0.2557 0.1516 0.3978 0.1950 
          11  1 0.2724 0.3439 0.2191 0.1646 
          12  1 0.3835 0.2218 0.2262 0.1685 
          13  1 0.2951 0.2490 0.1705 0.2854 
          14  1 0.1880 0.5010 0.1653 0.1456 
          15  1 0.3218 0.4369 0.1164 0.1250 
          16  1 0.2273 0.3148 0.2050 0.2530 
          17  1 0.2096 0.1727 0.1873 0.4303 
          18  1 0.2578 0.3419 0.2278 0.1725 
          19  1 0.2621 0.1658 0.2861 0.2860 
          20  1 0.2042 0.2966 0.2678 0.2315 
          21  1 0.2638 0.2729 0.1980 0.2652 
          22  1 0.2071 0.3369 0.3025 0.1536 
          23  1 0.3260 0.2151 0.2153 0.2437 
          24  1 0.1945 0.1620 0.2308 0.4127 
          25  1 0.2302 0.2504 0.2056 0.3138 
          26  1 0.3387 0.2896 0.2032 0.1685 
          27  1 0.1179 0.1229 0.5605 0.1986 
          28  1 0.1310 0.5730 0.1585 0.1374 
          29  1 0.3101 0.1007 0.3970 0.1922 
          30  1 0.3394 0.3092 0.0982 0.2533 
          31  1 0.2221 0.1868 0.2713 0.3198 
          32  1 0.3754 0.2435 0.1733 0.2078 
          33  1 0.1487 0.3995 0.1525 0.2993 
          34  1 0.2256 0.2606 0.2264 0.2873 
          35  1 0.3162 0.3076 0.1511 0.2252 
          36  1 0.4123 0.2726 0.1711 0.1440 
          37  1 0.2413 0.1805 0.3852 0.1931 
          38  1 0.2567 0.1363 0.4563 0.1507 
          39  1 0.3173 0.3286 0.1321 0.2220 
          40  1 0.2365 0.2202 0.1950 0.3483 
          41  1 0.3844 0.2648 0.2361 0.1146 
          42  1 0.2089 0.1748 0.2578 0.3585 
          43  1 0.2261 0.2277 0.3488 0.1975 
          44  1 0.2415 0.2633 0.2098 0.2854 
          45  1 0.1955 0.2357 0.1430 0.4258 
          46  1 0.1068 0.2018 0.3449 0.3464 
          47  1 0.4242 0.1980 0.1616 0.2161 
          48  1 0.3009 0.1507 0.3567 0.1918 
          49  1 0.2614 0.2818 0.1646 0.2922 
          50  1 0.2079 0.3932 0.2470 0.1519 
          51  1 0.2186 0.1156 0.1244 0.5414 
          52  1 0.1502 0.2541 0.1865 0.4092 
          53  1 0.2341 0.3557 0.1547 0.2555 
          54  1 0.2565 0.1254 0.2359 0.3822 
          55  1 0.1206 0.1603 0.3650 0.3541 
          56  1 0.2194 0.1262 0.3218 0.3326 
          57  1 0.0841 0.1037 0.2028 0.6094 
          58  1 0.1772 0.2805 0.3098 0.2325 
          59  1 0.1259 0.3730 0.1067 0.3944 
          60  1 0.2647 0.3216 0.2189 0.1949 
          61  1 0.2611 0.2672 0.2943 0.1774 
          62  1 0.4087 0.2390 0.1547 0.1977 
          63  1 0.3831 0.1891 0.2112 0.2167 
          64  1 0.3063 0.2080 0.1877 0.2981 
          65  1 0.1391 0.2454 0.3322 0.2834 
          66  1 0.1445 0.1972 0.5237 0.1346 
          67  1 0.3319 0.3750 0.1617 0.1314 
          68  1 0.3219 0.2473 0.2722 0.1585 
          69  1 0.2325 0.1973 0.4465 0.1238 
          70  1 0.2941 0.2461 0.2563 0.2035 
          71  1 0.0955 0.1982 0.3592 0.3471 
          72  1 0.1046 0.2080 0.1770 0.5104 
          73  1 0.2563 0.1686 0.4317 0.1434 
          74  1 0.2407 0.2394 0.2143 0.3056 
          75  1 0.1168 0.5133 0.2715 0.0983 
          76  1 0.3688 0.2367 0.2294 0.1652 
          77  1 0.1322 0.4394 0.3237 0.1047 
          78  1 0.4349 0.1443 0.1708 0.2500 
          79  1 0.3696 0.1791 0.3137 0.1376 
          80  1 0.3734 0.3588 0.1174 0.1504 
          81  1 0.1893 0.4975 0.1620 0.1511 
          82  1 0.2031 0.2623 0.1530 0.3816 
          83  1 0.3095 0.4279 0.1389 0.1237 
          84  1 0.4291 0.2641 0.1318 0.1751 
          85  1 0.1621 0.1738 0.4069 0.2573 
          86  1 0.1920 0.3459 0.2179 0.2443 
          87  1 0.2219 0.2023 0.2835 0.2924 
          88  1 0.1839 0.1890 0.4598 0.1674 
          89  1 0.1287 0.3738 0.2371 0.2604 
          90  1 0.1667 0.1902 0.3216 0.3215 
          91  1 0.2882 0.2562 0.2371 0.2185 
          92  1 0.2132 0.3071 0.3593 0.1204 
          93  1 0.1486 0.2227 0.2217 0.4070 
          94  1 0.1577 0.3937 0.2273 0.2212 
          95  1 0.5504 0.1626 0.1324 0.1547 
          96  1 0.3658 0.1733 0.3620 0.0989 
          97  1 0.2365 0.3290 0.2472 0.1873 
          98  1 0.4750 0.1314 0.1211 0.2725 
          99  1 0.1914 0.2733 0.1984 0.3368 
         100  1 0.2624 0.2979 0.2443 0.1953 
         101  1 0.1695 0.2867 0.2523 0.2915 
         102  1 0.2312 0.4059 0.1769 0.1861 
         103  1 0.1419 0.4689 0.2462 0.1430 
         104  1 0.3140 0.2098 0.2701 0.2060 
         105  1 0.2678 0.2629 0.1944 0.2748 
         106  1 0.1034 0.4191 0.3193 0.1583 
         107  1 0.2693 0.1890 0.3559 0.1857 
         108  1 0.2288 0.2273 0.1846 0.3593 
         109  1 0.2358 0.4275 0.1548 0.1819 
         110  1 0.2753 0.1997 0.3777 0.1473 
         111  1 0.4463 0.2801 0.1368 0.1368 
         112  1 0.2049 0.2487 0.1726 0.3738 
         113  1 0.1880 0.2275 0.1721 0.4123 
         114  1 0.2122 0.2826 0.2804 0.2248 
         115  1 0.1192 0.1956 0.3548 0.3303 
         116  1 0.1443 0.2380 0.3111 0.3066 
         117  1 0.1722 0.1590 0.4491 0.2196 
         118  1 0.1758 0.1641 0.2197 0.4404 
         119  1 0.1278 0.3628 0.2871 0.2223 
         120  1 0.1624 0.3954 0.1720 0.2702 
         121  1 0.2045 0.1799 0.2072 0.4084 
         122  1 0.3803 0.1738 0.3460 0.0999 
         123  1 0.3363 0.1780 0.2843 0.2014 
         124  1 0.1361 0.1167 0.5057 0.2415 
         125  1 0.1206 0.1551 0.3957 0.3286 
         126  1 0.0906 0.1063 0.6111 0.1920 
         127  1 0.1316 0.1832 0.5184 0.1668 
         128  1 0.2572 0.2139 0.3255 0.2034 
         129  1 0.2669 0.1776 0.2925 0.2631 
         130  1 0.2525 0.4935 0.1560 0.0981 
         131  1 0.3226 0.3474 0.1810 0.1490 
         132  1 0.2487 0.2855 0.1723 0.2935 
         133  1 0.3117 0.1907 0.1966 0.3010 
         134  1 0.3619 0.3410 0.1808 0.1162 
         135  1 0.1268 0.3846 0.1589 0.3297 
         136  1 0.4859 0.1873 0.1493 0.1775 
         137  1 0.4532 0.3214 0.1061 0.1193 
         138  1 0.4904 0.2250 0.1570 0.1277 
         139  1 0.2455 0.1701 0.1511 0.4334 
         140  1 0.2247 0.3703 0.1806 0.2243 
         141  1 0.1736 0.4250 0.1146 0.2868 
         142  1 0.2963 0.2225 0.1686 0.3126 
         143  1 0.1869 0.2947 0.1625 0.3559 
         144  1 0.1911 0.1444 0.3452 0.3193 
         145  1 0.3200 0.1431 0.2427 0.2942 
         146  1 0.1061 0.1576 0.0866 0.6497 
         147  1 0.5560 0.1463 0.1667 0.1310 
         148  1 0.2201 0.2263 0.2128 0.3408 
         149  1 0.3225 0.2089 0.2844 0.1842 
         150  1 0.5680 0.1601 0.1288 0.1431 
         151  1 0.2114 0.2717 0.2054 0.3115 
         152  1 0.1908 0.3278 0.1862 0.2952 
         153  1 0.1977 0.2610 0.2805 0.2608 
         154  1 0.3639 0.2474 0.1984 0.1903 
         155  1 0.3987 0.1644 0.1927 0.2442 
         156  1 0.3628 0.1237 0.3079 0.2056 
         157  1 0.2876 0.2944 0.2359 0.1821 
         158  1 0.3636 0.2172 0.1414 0.2778 
         159  1 0.2743 0.3339 0.1891 0.2027 
         160  1 0.5351 0.2147 0.1057 0.1446 
         161  1 0.2141 0.3002 0.1858 0.2999 
         162  1 0.1874 0.3521 0.3331 0.1273 
         163  1 0.2525 0.2297 0.3148 0.2030 
         164  1 0.2824 0.3889 0.1620 0.1666 
         165  1 0.2218 0.2751 0.3065 0.1965 
         166  1 0.4383 0.1514 0.1153 0.2950 
         167  1 0.2974 0.1696 0.3194 0.2136 
         168  1 0.4734 0.2551 0.1100 0.1615 
         169  1 0.1671 0.3085 0.2718 0.2526 
         170  1 0.0972 0.5560 0.1190 0.2278 
         171  1 0.4548 0.1835 0.1600 0.2017 
         172  1 0.2046 0.1816 0.2073 0.4064 
         173  1 0.1444 0.4101 0.1649 0.2806 
         174  1 0.1691 0.2119 0.2490 0.3700 
         175  1 0.1785 0.2740 0.2046 0.3428 
         176  1 0.2640 0.3536 0.1368 0.2457 
         177  1 0.1544 0.2078 0.3077 0.3302 
         178  1 0.2373 0.1951 0.1630 0.4047 
         179  1 0.2361 0.1434 0.3046 0.3159 
         180  1 0.4215 0.2629 0.1795 0.1361 
         181  1 0.2113 0.4855 0.1714 0.1318 
         182  1 0.5898 0.1335 0.1536 0.1231 
         183  1 0.3593 0.1799 0.1755 0.2853 
         184  1 0.2003 0.4167 0.2110 0.1720 
         185  1 0.1362 0.2020 0.4137 0.2481 
         186  1 0.1514 0.1732 0.4801 0.1953 
         187  1 0.3998 0.2361 0.2430 0.1211 
         188  1 0.1743 0.1562 0.3320 0.3375 
         189  1 0.1725 0.2243 0.3426 0.2606 
         190  1 0.1145 0.1199 0.2080 0.5576 
         191  1 0.1267 0.2594 0.2512 0.3627 
         192  1 0.3075 0.3387 0.1914 0.1624 
         193  1 0.1570 0.2546 0.2424 0.3459 
         194  1 0.5322 0.2232 0.1121 0.1325 
         195  1 0.2309 0.2927 0.1197 0.3567 
         196  1 0.1234 0.2541 0.3077 0.3148 
         197  1 0.1654 0.1741 0.1779 0.4825 
         198  1 0.1334 0.3262 0.1911 0.3493 
         199  1 0.1113 0.1120 0.6917 0.0850 
         200  1 0.2205 0.1470 0.4657 0.1668 
         201  1 0.1720 0.1846 0.4367 0.2067 
         202  1 0.5025 0.1880 0.1870 0.1225 
         203  1 0.2160 0.1660 0.2897 0.3282 
         204  1 0.1285 0.1669 0.4254 0.2792 
         205  1 0.2199 0.1641 0.4561 0.1599 
         206  1 0.2076 0.1341 0.5186 0.1396 
         207  1 0.2206 0.3708 0.1948 0.2138 
         208  1 0.3267 0.3453 0.1435 0.1845 
         209  1 0.1272 0.2465 0.3791 0.2472 
         210  1 0.1594 0.1831 0.1987 0.4587 
         211  1 0.1090 0.1494 0.2481 0.4935 
         212  1 0.5765 0.1289 0.1821 0.1125 
         213  1 0.1620 0.2624 0.2099 0.3657 
         214  1 0.0936 0.2834 0.2762 0.3467 
         215  1 0.1629 0.1974 0.1824 0.4573 
         216  1 0.2815 0.2265 0.1275 0.3646 
         217  1 0.1653 0.1578 0.2321 0.4448 
         218  1 0.2648 0.2089 0.1530 0.3733 
         219  1 0.0686 0.1566 0.5470 0.2278 
         220  1 0.3945 0.1169 0.2617 0.2268 
         221  1 0.1977 0.1491 0.4555 0.1977 
         222  1 0.2716 0.2294 0.1397 0.3594 
         223  1 0.1231 0.0806 0.2760 0.5203 
         224  1 0.1389 0.1357 0.5330 0.1923 
         225  1 0.1102 0.1703 0.1757 0.5439 
         226  1 0.1287 0.2452 0.3248 0.3014 
         227  1 0.2069 0.3141 0.2544 0.2246 
         228  1 0.5750 0.1435 0.1623 0.1193 
         229  1 0.2905 0.2245 0.2764 0.2086 
         230  1 0.0951 0.1664 0.5064 0.2321 
         231  1 0.0990 0.1210 0.5006 0.2794 
         232  1 0.1688 0.4179 0.2711 0.1422 
         233  1 0.5345 0.1807 0.1264 0.1585 
         234  1 0.2279 0.1694 0.2242 0.3785 
         235  1 0.2177 0.2025 0.3575 0.2223 
         236  1 0.4509 0.2213 0.1473 0.1804 
         237  1 0.1985 0.1736 0.1867 0.4412 
         238  1 0.1603 0.4671 0.2723 0.1004 
         239  1 0.4179 0.3193 0.1141 0.1487 
         240  1 0.1249 0.3238 0.1323 0.4189 
         241  1 0.1124 0.3641 0.3064 0.2171 
         242  1 0.2570 0.2399 0.3505 0.1526 
         243  1 0.2290 0.1660 0.2835 0.3214 
         244  1 0.1676 0.4595 0.1105 0.2624 
         245  1 0.1664 0.4635 0.1096 0.2604 
         246  1 0.3263 0.1531 0.2622 0.2584 
         247  1 0.1350 0.5065 0.2129 0.1456 
         248  1 0.1431 0.3289 0.1253 0.4027 
         249  1 0.2242 0.1958 0.4050 0.1751 
         250  1 0.0860 0.1719 0.2003 0.5419 
         251  1 0.3102 0.2297 0.1896 0.2704 
         252  1 0.3264 0.2630 0.1557 0.2549 
         253  1 0.3275 0.2250 0.1297 0.3178 
         254  1 0.3278 0.2272 0.1839 0.2611 
         255  1 0.1819 0.3342 0.2359 0.2480 
         256  1 0.1447 0.4674 0.2175 0.1704 
         257  1 0.1584 0.1400 0.4720 0.2296 
         258  1 0.5071 0.1791 0.1617 0.1520 
         259  1 0.1128 0.0801 0.1343 0.6727 
         260  1 0.2284 0.2560 0.1670 0.3486 
         261  1 0.3061 0.2657 0.1959 0.2323 
         262  1 0.3432 0.2695 0.2333 0.1540 
         263  1 0.4355 0.2553 0.1517 0.1575 
         264  1 0.3862 0.2335 0.1327 0.2476 
         265  1 0.1804 0.3771 0.2661 0.1764 
         266  1 0.1253 0.1845 0.2144 0.4758 
         267  1 0.2584 0.2243 0.3388 0.1784 
         268  1 0.2705 0.2723 0.1410 0.3162 
         269  1 0.2250 0.2162 0.3940 0.1648 
         270  1 0.1058 0.1909 0.4099 0.2934 
         271  1 0.2439 0.1661 0.3675 0.2225 
         272  1 0.2340 0.2815 0.1768 0.3077 
         273  1 0.2174 0.1901 0.3026 0.2899 
         274  1 0.4478 0.1133 0.3219 0.1170 
         275  1 0.1742 0.2131 0.1816 0.4311 
         276  1 0.1973 0.5051 0.1085 0.1891 
         277  1 0.1132 0.1849 0.3896 0.3123 
         278  1 0.1611 0.4000 0.1743 0.2646 
         279  1 0.1657 0.4210 0.2981 0.1152 
         280  1 0.1058 0.3280 0.3909 0.1753 
         281  1 0.1538 0.2763 0.3459 0.2240 
         282  1 0.2060 0.4365 0.1629 0.1946 
         283  1 0.4999 0.2023 0.1740 0.1238 
         284  1 0.1535 0.4519 0.2314 0.1632 
         285  1 0.4309 0.1138 0.2534 0.2019 
         286  1 0.2738 0.3667 0.1562 0.2034 
         287  1 0.2561 0.3975 0.1218 0.2246 
         288  1 0.1851 0.1742 0.4462 0.1946 
         289  1 0.4897 0.1979 0.1708 0.1415 
         290  1 0.2102 0.3383 0.2310 0.2205 
         291  1 0.3372 0.2196 0.2031 0.2401 
         292  1 0.2564 0.2553 0.2414 0.2470 
         293  1 0.4270 0.1637 0.2246 0.1847 
         294  1 0.1534 0.3768 0.2940 0.1758 
         295  1 0.2898 0.3101 0.2755 0.1247 
         296  1 0.1957 0.2970 0.3321 0.1751 
         297  1 0.4668 0.1390 0.1590 0.2352 
         298  1 0.2206 0.3430 0.1294 0.3070 
         299  1 0.4708 0.1180 0.2076 0.2037 
         300  1 0.1817 0.1721 0.2337 0.4125 
         301  1 0.1447 0.4471 0.1806 0.2276 
         302  1 0.1319 0.1346 0.1300 0.6035 
         303  1 0.3476 0.2279 0.2374 0.1870 
         304  1 0.1235 0.2837 0.2290 0.3638 
         305  1 0.1442 0.2764 0.3004 0.2789 
         306  1 0.1029 0.4228 0.2074 0.2670 
         307  1 0.2623 0.2654 0.1970 0.2753 
         308  1 0.4604 0.2014 0.1527 0.1854 
         309  1 0.4107 0.1438 0.2972 0.1483 
         310  1 0.4593 0.2477 0.1482 0.1448 
         311  1 0.3992 0.2510 0.1710 0.1788 
         312  1 0.1087 0.4523 0.2796 0.1594 
         313  1 0.4614 0.1357 0.2964 0.1065 
         314  1 0.1773 0.1849 0.4544 0.1834 
         315  1 0.3366 0.3103 0.1760 0.1771 
         316  1 0.3061 0.3250 0.0876 0.2813 
         317  1 0.2820 0.2855 0.1675 0.2651 
         318  1 0.3466 0.2964 0.1841 0.1729 
         319  1 0.1134 0.4555 0.2239 0.2072 
         320  1 0.2717 0.2510 0.1945 0.2828 
         321  1 0.3141 0.1262 0.2493 0.3103 
         322  1 0.1605 0.2629 0.3160 0.2607 
         323  1 0.1352 0.1636 0.3825 0.3187 
         324  1 0.1700 0.1421 0.2277 0.4602 
         325  1 0.3246 0.3428 0.1602 0.1724 
         326  1 0.1771 0.2110 0.2669 0.3450 
         327  1 0.2003 0.2444 0.2866 0.2687 
         328  1 0.2314 0.2720 0.3422 0.1543 
         329  1 0.3163 0.2782 0.2442 0.1613 
         330  1 0.3929 0.3342 0.1377 0.1352 
         331  1 0.1816 0.4247 0.1276 0.2661 
         332  1 0.3017 0.2768 0.1559 0.2655 
         333  1 0.2673 0.1548 0.1940 0.3839 
         334  1 0.2752 0.2394 0.3106 0.1748 
         335  1 0.2951 0.2275 0.3130 0.1644 
         336  1 0.2876 0.2857 0.2358 0.1910 
         337  1 0.1714 0.3606 0.1999 0.2681 
         338  1 0.1149 0.4513 0.3022 0.1316 
         339  1 0.1809 0.2461 0.3198 0.2532 
         340  1 0.1919 0.2451 0.2864 0.2765 
         341  1 0.2709 0.2034 0.2246 0.3011 
         342  1 0.3163 0.2789 0.1637 0.2410 
         343  1 0.4365 0.1249 0.2172 0.2213 
         344  1 0.5106 0.2401 0.1103 0.1391 
         345  1 0.2048 0.3039 0.3325 0.1588 
         346  1 0.2642 0.2338 0.2622 0.2399 
         347  1 0.3396 0.2160 0.3021 0.1423 
         348  1 0.3056 0.3241 0.1473 0.2230 
         349  1 0.3378 0.1855 0.2416 0.2350 
         350  1 0.1950 0.3662 0.2435 0.1953 
         351  1 0.2117 0.2176 0.2937 0.2770 
         352  1 0.3197 0.2530 0.1692 0.2581 
         353  1 0.2596 0.2531 0.2968 0.1906 
         354  1 0.1489 0.1876 0.2325 0.4310 
         355  1 0.2929 0.3909 0.1620 0.1542 
         356  1 0.1490 0.2008 0.4538 0.1963 
         357  1 0.1886 0.1773 0.2753 0.3589 
         358  1 0.4588 0.1730 0.2372 0.1311 
         359  1 0.1818 0.1232 0.3128 0.3822 
         360  1 0.2627 0.2377 0.2125 0.2872 
         361  1 0.3696 0.2545 0.1030 0.2729 
         362  1 0.1429 0.1941 0.3141 0.3489 
         363  1 0.1392 0.1841 0.2269 0.4498 
         364  1 0.2121 0.2099 0.3675 0.2104 
         365  1 0.3332 0.0917 0.3596 0.2155 
         366  1 0.3348 0.1811 0.2628 0.2213 
         367  1 0.2423 0.2372 0.2699 0.2506 
         368  1 0.2581 0.2177 0.2780 0.2463 
         369  1 0.1288 0.1548 0.5537 0.1627 
         370  1 0.2795 0.1652 0.1275 0.4278 
         371  1 0.2996 0.1740 0.2404 0.2860 
         372  1 0.1944 0.4436 0.1709 0.1910 
         373  1 0.3835 0.1814 0.2306 0.2044 
         374  1 0.4016 0.1987 0.2363 0.1635 
         375  1 0.2719 0.1157 0.4871 0.1254 
         376  1 0.3552 0.2715 0.2461 0.1271 
         377  1 0.2590 0.1447 0.3996 0.1967 
         378  1 0.2319 0.2864 0.2973 0.1844 
         379  1 0.2034 0.2061 0.3568 0.2337 
         380  1 0.5564 0.2032 0.1335 0.1069 
         381  1 0.1946 0.2694 0.2563 0.2797 
         382  1 0.3093 0.2095 0.1620 0.3191 
         383  1 0.1690 0.5015 0.1996 0.1299 
         384  1 0.2743 0.3316 0.2384 0.1557 
         385  1 0.1401 0.2543 0.2722 0.3334 
         386  1 0.1924 0.1445 0.1380 0.5252 
         387  1 0.2371 0.3772 0.1965 0.1893 
         388  1 0.2617 0.1564 0.2327 0.3492 
         389  1 0.2967 0.1925 0.1513 0.3595 
         390  1 0.2420 0.3093 0.2086 0.2401 
         391  1 0.1475 0.1729 0.3611 0.3185 
         392  1 0.2755 0.3193 0.2007 0.2045 
         393  1 0.4512 0.1775 0.2107 0.1606 
         394  1 0.2596 0.2265 0.2528 0.2610 
         395  1 0.1843 0.2187 0.1905 0.4064 
         396  1 0.2526 0.2230 0.2145 0.3100 
         397  1 0.2097 0.2549 0.3645 0.1709 
         398  1 0.2162 0.3006 0.2574 0.2259 
         399  1 0.2970 0.3272 0.1776 0.1982 
         400  1 0.3384 0.2939 0.2740 0.0937 
         401  1 0.2271 0.2599 0.1449 0.3680 
         402  1 0.3028 0.2384 0.2180 0.2408 
         403  1 0.1625 0.1914 0.2546 0.3915 
         404  1 0.2505 0.2033 0.3879 0.1583 
         405  1 0.1776 0.1695 0.2312 0.4218 
         406  1 0.4674 0.1961 0.1483 0.1882 
         407  1 0.2417 0.2576 0.2685 0.2323 
         408  1 0.2124 0.4355 0.1182 0.2339 
         409  1 0.2814 0.4814 0.0965 0.1406 
         410  1 0.1629 0.4361 0.2642 0.1368 
         411  1 0.4228 0.2337 0.1951 0.1483 
         412  1 0.1518 0.1416 0.2027 0.5038 
         413  1 0.3373 0.3378 0.1443 0.1807 
         414  1 0.2336 0.1321 0.4204 0.2138 
         415  1 0.1955 0.2083 0.1904 0.4057 
         416  1 0.1593 0.1801 0.2910 0.3696 
         417  1 0.2868 0.3006 0.1782 0.2344 
         418  1 0.3873 0.2091 0.1592 0.2445 
         419  1 0.2239 0.2461 0.2720 0.2581 
         420  1 0.2678 0.2282 0.2850 0.2189 
         421  1 0.0892 0.4273 0.2599 0.2237 
         422  1 0.2585 0.2528 0.3561 0.1326 
         423  1 0.2046 0.3199 0.2681 0.2074 
         424  1 0.1689 0.4962 0.1828 0.1522 
         425  1 0.4459 0.1260 0.2233 0.2048 
         426  1 0.1255 0.1605 0.1772 0.5369 
         427  1 0.3042 0.2586 0.2777 0.1595 
         428  1 0.2452 0.1905 0.3102 0.2542 
         429  1 0.2391 0.2739 0.1975 0.2895 
         430  1 0.1850 0.2031 0.3799 0.2320 
         431  1 0.3538 0.3294 0.1422 0.1746 
         432  1 0.1154 0.1523 0.5574 0.1748 
         433  1 0.2160 0.1963 0.2854 0.3022 
         434  1 0.2348 0.1677 0.2780 0.3196 
         435  1 0.4337 0.1842 0.1699 0.2122 
         436  1 0.1501 0.3581 0.2743 0.2175 
         437  1 0.3424 0.1096 0.3106 0.2374 
         438  1 0.3368 0.2491 0.1641 0.2501 
         439  1 0.2378 0.3036 0.1507 0.3079 
         440  1 0.2418 0.2823 0.1652 0.3108 
         441  1 0.2456 0.3864 0.1376 0.2305 
         442  1 0.3103 0.4168 0.1462 0.1267 
         443  1 0.2226 0.2278 0.3839 0.1657 
         444  1 0.1657 0.2065 0.3871 0.2407 
         445  1 0.2760 0.2547 0.2718 0.1975 
         446  1 0.2567 0.2413 0.3226 0.1794 
         447  1 0.3153 0.1703 0.2073 0.3071 
         448  1 0.2710 0.3269 0.2095 0.1926 
         449  1 0.3966 0.2240 0.1237 0.2557 
         450  1 0.1773 0.2806 0.2274 0.3147 
         451  1 0.2552 0.3690 0.1441 0.2317 
         452  1 0.1503 0.1906 0.4833 0.1759 
         453  1 0.1759 0.2430 0.2737 0.3073 
         454  1 0.1711 0.2463 0.2428 0.3398 
         455  1 0.2391 0.1605 0.2424 0.3580 
         456  1 0.1465 0.2081 0.4382 0.2071 
         457  1 0.0807 0.1511 0.1666 0.6016 
         458  1 0.4201 0.1294 0.2295 0.2210 
         459  1 0.2297 0.1436 0.1407 0.4861 
         460  1 0.2077 0.2966 0.2455 0.2503 
         461  1 0.3607 0.1592 0.1815 0.2986 
         462  1 0.2969 0.1578 0.1216 0.4238 
         463  1 0.2281 0.2599 0.3667 0.1453 
         464  1 0.2450 0.2092 0.1849 0.3610 
         465  1 0.2877 0.3418 0.1971 0.1734 
         466  1 0.1823 0.2146 0.2806 0.3225 
         467  1 0.1391 0.1392 0.2827 0.4390 
         468  1 0.3862 0.1755 0.1905 0.2478 
         469  1 0.1498 0.1550 0.4848 0.2105 
         470  1 0.1504 0.2072 0.2436 0.3989 
         471  1 0.2613 0.2166 0.3325 0.1896 
         472  1 0.1150 0.2931 0.1668 0.4251 
         473  1 0.2035 0.2256 0.2901 0.2807 
         474  1 0.1943 0.2285 0.1453 0.4319 
         475  1 0.1756 0.3897 0.2888 0.1459 
         476  1 0.2282 0.2345 0.3373 0.2000 
         477  1 0.2860 0.2061 0.3144 0.1934 
         478  1 0.3398 0.2428 0.2350 0.1824 
         479  1 0.3706 0.2157 0.2411 0.1726 
         480  1 0.1733 0.2994 0.1909 0.3364 
         481  1 0.3819 0.2478 0.2078 0.1625 
         482  1 0.4365 0.2616 0.1839 0.1180 
         483  1 0.1827 0.2370 0.2891 0.2912 
         484  1 0.1756 0.2941 0.3793 0.1510 
         485  1 0.3351 0.3315 0.1596 0.1739 
         486  1 0.2651 0.4408 0.1223 0.1718 
         487  1 0.2368 0.3598 0.1353 0.2681 
         488  1 0.2559 0.2071 0.1664 0.3706 
         489  1 0.2113 0.3352 0.1526 0.3009 
         490  1 0.3784 0.2594 0.1550 0.2072 
         491  1 0.1681 0.4844 0.1351 0.2124 
         492  1 0.2925 0.2978 0.1962 0.2135 
         493  1 0.4802 0.2384 0.1552 0.1262 
         494  1 0.2491 0.2734 0.1694 0.3080 
         495  1 0.2567 0.3367 0.1670 0.2395 
         496  1 0.3155 0.3328 0.2312 0.1206 
         497  1 0.3340 0.3411 0.1450 0.1799 
         498  1 0.3344 0.1939 0.2010 0.2706 
         499  1 0.1882 0.2077 0.2145 0.3895 
         500  1 0.1958 0.1448 0.4604 0.1989 
         501  1 0.2715 0.1854 0.4141 0.1290 
         502  1 0.2980 0.2108 0.3248 0.1664 
         503  1 0.4893 0.1816 0.2217 0.1075 
         504  1 0.4085 0.2681 0.2313 0.0921 
         505  1 0.4360 0.1203 0.2868 0.1569 
         506  1 0.1454 0.1579 0.4602 0.2365 
         507  1 0.4526 0.2096 0.1748 0.1630 
         508  1 0.3290 0.2266 0.2833 0.1610 
         509  1 0.1760 0.2082 0.3661 0.2497 
         510  1 0.3161 0.2516 0.2707 0.1616 
         511  1 0.1843 0.2944 0.1727 0.3486 
         512  1 0.1266 0.1189 0.3222 0.4323 
         513  1 0.1863 0.3480 0.2047 0.2611 
         514  1 0.4894 0.1987 0.1239 0.1881 
         515  1 0.2734 0.2194 0.1980 0.3092 
         516  1 0.1105 0.2040 0.2367 0.4489 
         517  1 0.2212 0.2611 0.2502 0.2675 
         518  1 0.5228 0.1780 0.1488 0.1505 
         519  1 0.1204 0.2616 0.2762 0.3419 
         520  1 0.1229 0.1480 0.5339 0.1953 
         521  1 0.1145 0.1714 0.4331 0.2809 
         522  1 0.2153 0.2776 0.2307 0.2764 
         523  1 0.4130 0.1787 0.2775 0.1308 
         524  1 0.2097 0.4208 0.2466 0.1230 
         525  1 0.3160 0.2634 0.1358 0.2847 
         526  1 0.1465 0.4810 0.1944 0.1781 
         527  1 0.3710 0.2163 0.1217 0.2910 
         528  1 0.3729 0.2051 0.1449 0.2771 
         529  1 0.2469 0.2048 0.1857 0.3626 
         530  1 0.2410 0.2181 0.3454 0.1956 
         531  1 0.5573 0.1440 0.1286 0.1701 
         532  1 0.3886 0.2967 0.2138 0.1008 
         533  1 0.2520 0.2226 0.3246 0.2009 
         534  1 0.2088 0.2953 0.2177 0.2782 
         535  1 0.5387 0.1916 0.1332 0.1365 
         536  1 0.2648 0.2683 0.1421 0.3249 
         537  1 0.1770 0.4603 0.1293 0.2334 
         538  1 0.1230 0.3936 0.2911 0.1923 
         539  1 0.2192 0.2609 0.2824 0.2375 
         540  1 0.2905 0.4281 0.1004 0.1810 
         541  1 0.2210 0.3521 0.1643 0.2627 
         542  1 0.3410 0.2213 0.1659 0.2718 
         543  1 0.3772 0.2227 0.2569 0.1433 
         544  1 0.1323 0.2037 0.4603 0.2038 
         545  1 0.1030 0.2737 0.1725 0.4508 
         546  1 0.3432 0.1681 0.2700 0.2187 
         547  1 0.1607 0.2461 0.2895 0.3037 
         548  1 0.3783 0.1292 0.2153 0.2771 
         549  1 0.1765 0.1928 0.2375 0.3932 
         550  1 0.1557 0.4065 0.1882 0.2495 
         551  1 0.2032 0.4931 0.1440 0.1597 
         552  1 0.3177 0.2786 0.1588 0.2449 
         553  1 0.1335 0.2872 0.3530 0.2263 
         554  1 0.1391 0.2332 0.1929 0.4348 
         555  1 0.3032 0.3133 0.1329 0.2506 
         556  1 0.1452 0.3745 0.2449 0.2354 
         557  1 0.2038 0.2895 0.2041 0.3026 
         558  1 0.2766 0.1599 0.3456 0.2179 
         559  1 0.1205 0.3421 0.3108 0.2266 
         560  1 0.2560 0.1944 0.2966 0.2530 
         561  1 0.1045 0.2780 0.3636 0.2539 
         562  1 0.4070 0.2635 0.2073 0.1222 
         563  1 0.1240 0.4133 0.2389 0.2238 
         564  1 0.2330 0.2864 0.2288 0.2518 
         565  1 0.4057 0.2600 0.2047 0.1296 
         566  1 0.1764 0.2673 0.3432 0.2131 
         567  1 0.1996 0.4305 0.1200 0.2499 
         568  1 0.4704 0.3216 0.0894 0.1185 
         569  1 0.1941 0.4903 0.1218 0.1938 
         570  1 0.5078 0.1576 0.1756 0.1590 
         571  1 0.0965 0.3180 0.2867 0.2988 
         572  1 0.1845 0.1998 0.2011 0.4147 
         573  1 0.2918 0.2436 0.2815 0.1830 
         574  1 0.4031 0.2615 0.1573 0.1781 
         575  1 0.1282 0.4509 0.1979 0.2230 
         576  1 0.2653 0.2189 0.1632 0.3525 
         577  1 0.4920 0.1790 0.1325 0.1965 
         578  1 0.1588 0.2154 0.4697 0.1561 
         579  1 0.1983 0.4399 0.2115 0.1503 
         580  1 0.1849 0.4167 0.1949 0.2034 
         581  1 0.1372 0.2533 0.2615 0.3480 
         582  1 0.1422 0.1398 0.3077 0.4103 
         583  1 0.3405 0.1082 0.4490 0.1022 
         584  1 0.1070 0.3994 0.2669 0.2267 
         585  1 0.3189 0.4413 0.1235 0.1163 
         586  1 0.1392 0.2573 0.3702 0.2333 
         587  1 0.3864 0.3114 0.1495 0.1528 
         588  1 0.4274 0.3092 0.1216 0.1419 
         589  1 0.2599 0.1842 0.2373 0.3185 
         590  1 0.4174 0.3368 0.1231 0.1227 
         591  1 0.1139 0.3519 0.2406 0.2937 
         592  1 0.5294 0.2350 0.1300 0.1056 
         593  1 0.1616 0.4066 0.2464 0.1854 
         594  1 0.2730 0.3098 0.2898 0.1274 
         595  1 0.3694 0.1364 0.2372 0.2571 
         596  1 0.0839 0.2042 0.4476 0.2644 
         597  1 0.5537 0.2127 0.1029 0.1307 
         598  1 0.2620 0.3081 0.1932 0.2366 
         599  1 0.2505 0.3780 0.1988 0.1728 
         600  1 0.3830 0.3349 0.1518 0.1303 
         601  1 0.4233 0.2274 0.1978 0.1516 
         602  1 0.1570 0.5706 0.0977 0.1748 
         603  1 0.2574 0.4209 0.1143 0.2074 
         604  1 0.1627 0.2253 0.2604 0.3516 
         605  1 0.2108 0.2963 0.1654 0.3275 
         606  1 0.4275 0.2352 0.2072 0.1301 
         607  1 0.2935 0.3007 0.2252 0.1806 
         608  1 0.2442 0.3818 0.2281 0.1459 
         609  1 0.1035 0.2097 0.1736 0.5133 
         610  1 0.3510 0.1591 0.3490 0.1409 
         611  1 0.1056 0.1713 0.3309 0.3922 
         612  1 0.1717 0.3342 0.3078 0.1863 
         613  1 0.4902 0.2025 0.1418 0.1655 
         614  1 0.3653 0.3393 0.1792 0.1162 
         615  1 0.2314 0.3716 0.1446 0.2523 
         616  1 0.1718 0.2994 0.3708 0.1581 
         617  1 0.3263 0.3875 0.1911 0.0952 
         618  1 0.2293 0.3392 0.1697 0.2619 
         619  1 0.3571 0.2742 0.1868 0.1819 
         620  1 0.2533 0.2715 0.2762 0.1989 
         621  1 0.2358 0.3800 0.1800 0.2041 
         622  1 0.1178 0.1429 0.2542 0.4851 
         623  1 0.2612 0.2069 0.1940 0.3379 
         624  1 0.1784 0.2124 0.3213 0.2880 
         625  1 0.2425 0.4626 0.1320 0.1630 
         626  1 0.1413 0.2312 0.3330 0.2945 
         627  1 0.3402 0.3286 0.1813 0.1498 
         628  1 0.3792 0.2361 0.1756 0.2091 
         629  1 0.1780 0.3315 0.1495 0.3411 
         630  1 0.1519 0.3272 0.3665 0.1544 
         631  1 0.3862 0.2478 0.2132 0.1528 
         632  1 0.6073 0.1210 0.1545 0.1172 
         633  1 0.2935 0.4433 0.1693 0.0939 
         634  1 0.2702 0.3139 0.2688 0.1471 
         635  1 0.2884 0.1480 0.2019 0.3617 
         636  1 0.2712 0.2330 0.2116 0.2842 
         637  1 0.1048 0.2213 0.2136 0.4603 
         638  1 0.3944 0.2056 0.1584 0.2416 
         639  1 0.3680 0.4102 0.1192 0.1026 
         640  1 0.4573 0.1687 0.1497 0.2243 
         641  1 0.3970 0.2247 0.1853 0.1930 
         642  1 0.3474 0.2895 0.1281 0.2350 
         643  1 0.1235 0.3215 0.4471 0.1079 
         644  1 0.1388 0.5390 0.1688 0.1534 
         645  1 0.1268 0.2563 0.1616 0.4552 
         646  1 0.1905 0.1682 0.3991 0.2422 
         647  1 0.2260 0.2104 0.2868 0.2768 
         648  1 0.4039 0.1819 0.2070 0.2072 
         649  1 0.4451 0.2717 0.1384 0.1448 
         650  1 0.1282 0.1620 0.2125 0.4972 
         651  1 0.3477 0.2079 0.2364 0.2080 
         652  1 0.2021 0.1920 0.3867 0.2191 
         653  1 0.3114 0.2261 0.3321 0.1304 
         654  1 0.2591 0.2871 0.2058 0.2481 
         655  1 0.1494 0.1867 0.3101 0.3538 
         656  1 0.4160 0.1533 0.2951 0.1356 
         657  1 0.5419 0.1098 0.1312 0.2170 
         658  1 0.3109 0.4110 0.1497 0.1284 
         659  1 0.2080 0.2876 0.3105 0.1940 
         660  1 0.4496 0.2396 0.1604 0.1503 
         661  1 0.2246 0.1328 0.3103 0.3323 
         662  1 0.3224 0.2582 0.2709 0.1485 
         663  1 0.1644 0.1848 0.2441 0.4067 
         664  1 0.2660 0.2180 0.3428 0.1733 
         665  1 0.1586 0.1956 0.4459 0.1998 
         666  1 0.2631 0.4109 0.1683 0.1577 
         667  1 0.2541 0.2980 0.1874 0.2605 
         668  1 0.4006 0.1449 0.3013 0.1532 
         669  1 0.1144 0.0935 0.1087 0.6835 
         670  1 0.1755 0.1287 0.2464 0.4494 
         671  1 0.3174 0.2527 0.2211 0.2088 
         672  1 0.2262 0.2209 0.2624 0.2906 
         673  1 0.1770 0.2241 0.2121 0.3869 
         674  1 0.1202 0.4006 0.3372 0.1420 
         675  1 0.2339 0.3626 0.2415 0.1620 
         676  1 0.4640 0.1195 0.3151 0.1014 
         677  1 0.4172 0.1461 0.2619 0.1748 
         678  1 0.1872 0.3777 0.1396 0.2956 
         679  1 0.3480 0.4237 0.1073 0.1211 
         680  1 0.3349 0.1629 0.1357 0.3665 
         681  1 0.2998 0.1370 0.2944 0.2688 
         682  1 0.1904 0.3120 0.3003 0.1972 
         683  1 0.2534 0.2501 0.2957 0.2008 
         684  1 0.1167 0.2106 0.4577 0.2149 
         685  1 0.2871 0.1481 0.3167 0.2481 
         686  1 0.3477 0.1577 0.2221 0.2725 
         687  1 0.1860 0.4465 0.1700 0.1975 
         688  1 0.3573 0.2353 0.2381 0.1693 
         689  1 0.1685 0.1446 0.4036 0.2833 
         690  1 0.1835 0.3572 0.1722 0.2872 
         691  1 0.2997 0.0926 0.3567 0.2509 
         692  1 0.2398 0.2684 0.2841 0.2078 
         693  1 0.2889 0.3869 0.1457 0.1784 
         694  1 0.1653 0.4115 0.3156 0.1076 
         695  1 0.2627 0.4037 0.1216 0.2120 
         696  1 0.1929 0.4564 0.1520 0.1987 
         697  1 0.4024 0.2816 0.1846 0.1314 
         698  1 0.1115 0.2493 0.3886 0.2506 
         699  1 0.1665 0.3813 0.2166 0.2357 
         700  1 0.1599 0.1505 0.4567 0.2329 
         701  1 0.1034 0.5256 0.1797 0.1913 
         702  1 0.2793 0.1131 0.4372 0.1704 
         703  1 0.2585 0.1784 0.2322 0.3310 
         704  1 0.1621 0.3177 0.2496 0.2706 
         705  1 0.3387 0.3196 0.2203 0.1214 
         706  1 0.1337 0.1575 0.4621 0.2466 
         707  1 0.1865 0.1634 0.3329 0.3172 
         708  1 0.2595 0.2921 0.2909 0.1575 
         709  1 0.2648 0.3868 0.1660 0.1823 
         710  1 0.1471 0.2781 0.3414 0.2335 
         711  1 0.2129 0.3559 0.2438 0.1875 
         712  1 0.1391 0.3003 0.3083 0.2523 
         713  1 0.4221 0.2336 0.1485 0.1958 
         714  1 0.1421 0.2115 0.3392 0.3072 
         715  1 0.1908 0.2562 0.3554 0.1977 
         716  1 0.1618 0.1542 0.2627 0.4212 
         717  1 0.1190 0.2965 0.3076 0.2769 
         718  1 0.1856 0.3187 0.3361 0.1596 
         719  1 0.1206 0.1357 0.3001 0.4436 
         720  1 0.3689 0.2333 0.2785 0.1193 
         721  1 0.1815 0.3067 0.2767 0.2351 
         722  1 0.2768 0.3704 0.1947 0.1581 
         723  1 0.1882 0.2687 0.1807 0.3625 
         724  1 0.1723 0.4050 0.2098 0.2129 
         725  1 0.1612 0.4128 0.2362 0.1898 
         726  1 0.3401 0.1731 0.3330 0.1538 
         727  1 0.5974 0.1659 0.1151 0.1216 
         728  1 0.2549 0.2461 0.1706 0.3285 
         729  1 0.2257 0.3786 0.2752 0.1205 
         730  1 0.4448 0.1317 0.2549 0.1686 
         731  1 0.1939 0.2915 0.2868 0.2278 
         732  1 0.2707 0.4037 0.1632 0.1624 
         733  1 0.2114 0.2256 0.3036 0.2595 
         734  1 0.3300 0.2992 0.2250 0.1459 
         735  1 0.1928 0.4611 0.2060 0.1402 
         736  1 0.2468 0.4853 0.1135 0.1544 
         737  1 0.3089 0.1915 0.1736 0.3261 
         738  1 0.1705 0.1706 0.4464 0.2126 
         739  1 0.2122 0.2283 0.3941 0.1654 
         740  1 0.4905 0.1729 0.2078 0.1288 
         741  1 0.1156 0.3309 0.2770 0.2765 
         742  1 0.2225 0.3076 0.3078 0.1620 
         743  1 0.1792 0.2644 0.2835 0.2730 
         744  1 0.2036 0.4422 0.1166 0.2376 
         745  1 0.2255 0.2536 0.3339 0.1870 
         746  1 0.3500 0.1824 0.3253 0.1423 
         747  1 0.1168 0.1967 0.4811 0.2054 
         748  1 0.2466 0.1456 0.2330 0.3747 
         749  1 0.1500 0.1918 0.3280 0.3302 
         750  1 0.5200 0.1980 0.1654 0.1166 
         751  1 0.2274 0.2033 0.1816 0.3878 
         752  1 0.2733 0.3640 0.1671 0.1957 
         753  1 0.1958 0.3188 0.1634 0.3220 
         754  1 0.3006 0.2536 0.2432 0.2027 
         755  1 0.1550 0.1800 0.5223 0.1427 
         756  1 0.2700 0.2704 0.3288 0.1308 
         757  1 0.3919 0.3445 0.1535 0.1101 
         758  1 0.1943 0.3414 0.2359 0.2284 
         759  1 0.1557 0.4625 0.1195 0.2623 
         760  1 0.1168 0.3657 0.3104 0.2071 
         761  1 0.0964 0.4678 0.3151 0.1207 
         762  1 0.2539 0.1540 0.2823 0.3099 
         763  1 0.2484 0.4122 0.1864 0.1529 
         764  1 0.3035 0.2758 0.1257 0.2950 
         765  1 0.2122 0.1600 0.4732 0.1546 
         766  1 0.2782 0.2398 0.3601 0.1219 
         767  1 0.1511 0.2017 0.1673 0.4799 
         768  1 0.2734 0.4106 0.1854 0.1306 
         769  1 0.3348 0.2245 0.1906 0.2501 
         770  1 0.1550 0.2033 0.3626 0.2792 
         771  1 0.1936 0.3219 0.2190 0.2654 
         772  1 0.2039 0.2514 0.3047 0.2399 
         773  1 0.1770 0.3801 0.2155 0.2275 
         774  1 0.2621 0.1758 0.4374 0.1247 
         775  1 0.1440 0.2993 0.2305 0.3262 
         776  1 0.2939 0.2085 0.1616 0.3360 
         777  1 0.3496 0.2959 0.1934 0.1611 
         778  1 0.1228 0.1852 0.1614 0.5306 
         779  1 0.2206 0.1916 0.3441 0.2438 
         780  1 0.1916 0.4792 0.1701 0.1591 
         781  1 0.3244 0.2375 0.1129 0.3252 
         782  1 0.2884 0.2178 0.2869 0.2069 
         783  1 0.2620 0.3637 0.1589 0.2154 
         784  1 0.1988 0.2025 0.3129 0.2858 
         785  1 0.3691 0.1349 0.2126 0.2833 
         786  1 0.2473 0.1654 0.3474 0.2400 
         787  1 0.1124 0.3052 0.2566 0.3258 
         788  1 0.3637 0.1667 0.3181 0.1516 
         789  1 0.0897 0.1107 0.5486 0.2510 
         790  1 0.3135 0.3315 0.1900 0.1650 
         791  1 0.2212 0.1406 0.4535 0.1847 
         792  1 0.2637 0.2408 0.3817 0.1138 
         793  1 0.1849 0.1775 0.1095 0.5282 
         794  1 0.2959 0.2221 0.2397 0.2423 
         795  1 0.4172 0.1219 0.1747 0.2862 
         796  1 0.1263 0.2573 0.2076 0.4088 
         797  1 0.2171 0.2100 0.2704 0.3025 
         798  1 0.1520 0.1864 0.2744 0.3872 
         799  1 0.1902 0.2323 0.3868 0.1906 
         800  1 0.2548 0.1906 0.3579 0.1967 
         801  1 0.1137 0.3195 0.1334 0.4334 
         802  1 0.2172 0.1305 0.3307 0.3217 
         803  1 0.1918 0.1637 0.4078 0.2367 
         804  1 0.3543 0.3363 0.1731 0.1363 
         805  1 0.1300 0.2498 0.4756 0.1446 
         806  1 0.1372 0.4175 0.2252 0.2201 
         807  1 0.3453 0.3980 0.1322 0.1245 
         808  1 0.2940 0.1848 0.1476 0.3736 
         809  1 0.4706 0.2254 0.2046 0.0994 
         810  1 0.1633 0.1917 0.2687 0.3763 
         811  1 0.1786 0.3811 0.2090 0.2313 
         812  1 0.5166 0.1379 0.1693 0.1762 
         813  1 0.2694 0.2109 0.2549 0.2648 
         814  1 0.3674 0.2052 0.1711 0.2563 
         815  1 0.3374 0.2518 0.1855 0.2254 
         816  1 0.4905 0.1582 0.1794 0.1718 
         817  1 0.2629 0.3517 0.1279 0.2574 
         818  1 0.3049 0.2992 0.2282 0.1676 
         819  1 0.1109 0.3652 0.2457 0.2781 
         820  1 0.2652 0.1808 0.3638 0.1902 
         821  1 0.2735 0.3323 0.1261 0.2681 
         822  1 0.4853 0.2635 0.1280 0.1232 
         823  1 0.3904 0.2886 0.1871 0.1339 
         824  1 0.4264 0.2274 0.1380 0.2082 
         825  1 0.3506 0.2508 0.2599 0.1387 
         826  1 0.2074 0.1734 0.1909 0.4283 
         827  1 0.3360 0.1720 0.3551 0.1369 
         828  1 0.5260 0.2001 0.1409 0.1330 
         829  1 0.1956 0.2244 0.3678 0.2122 
         830  1 0.5013 0.2090 0.1093 0.1804 
         831  1 0.3404 0.2008 0.2826 0.1762 
         832  1 0.1269 0.2022 0.1857 0.4851 
         833  1 0.3584 0.2422 0.3012 0.0981 
         834  1 0.3752 0.3962 0.1242 0.1044 
         835  1 0.1081 0.2888 0.3195 0.2836 
         836  1 0.2593 0.3278 0.2339 0.1790 
         837  1 0.2722 0.3337 0.1975 0.1966 
         838  1 0.4216 0.2439 0.2059 0.1286 
         839  1 0.2921 0.2980 0.1799 0.2300 
         840  1 0.1645 0.2863 0.2552 0.2939 
         841  1 0.2163 0.1153 0.3933 0.2751 
         842  1 0.3596 0.2304 0.2357 0.1742 
         843  1 0.2690 0.1323 0.2416 0.3570 
         844  1 0.3790 0.2675 0.1785 0.1749 
         845  1 0.2442 0.2200 0.2156 0.3202 
         846  1 0.0966 0.2866 0.3303 0.2865 
         847  1 0.1332 0.4467 0.1550 0.2651 
         848  1 0.1018 0.5349 0.1341 0.2291 
         849  1 0.2542 0.2836 0.1595 0.3027 
         850  1 0.3045 0.2099 0.2057 0.2799 
         851  1 0.2061 0.4439 0.1555 0.1945 
         852  1 0.2377 0.2477 0.2611 0.2535 
         853  1 0.1363 0.2776 0.4534 0.1326 
         854  1 0.1337 0.2942 0.1009 0.4712 
         855  1 0.1899 0.3272 0.2750 0.2079 
         856  1 0.3290 0.3067 0.1196 0.2446 
         857  1 0.3181 0.1270 0.2664 0.2885 
         858  1 0.2768 0.1635 0.4543 0.1054 
         859  1 0.3338 0.1517 0.3595 0.1549 
         860  1 0.1871 0.2281 0.3260 0.2588 
         861  1 0.1590 0.2698 0.1866 0.3846 
         862  1 0.2579 0.2575 0.3055 0.1792 
         863  1 0.1517 0.3176 0.2041 0.3265 
         864  1 0.1346 0.2658 0.1902 0.4094 
         865  1 0.3335 0.2573 0.1418 0.2674 
         866  1 0.1848 0.2552 0.3846 0.1753 
         867  1 0.2379 0.2881 0.2039 0.2702 
         868  1 0.2384 0.4679 0.1337 0.1600 
         869  1 0.1278 0.2076 0.2190 0.4455 
         870  1 0.3860 0.2066 0.1334 0.2740 
         871  1 0.1480 0.4259 0.2570 0.1692 
         872  1 0.3182 0.1705 0.4248 0.0864 
         873  1 0.1648 0.2005 0.3208 0.3138 
         874  1 0.3907 0.2421 0.2360 0.1311 
         875  1 0.1976 0.3798 0.2268 0.1958 
         876  1 0.4971 0.2219 0.1456 0.1353 
         877  1 0.2361 0.3289 0.1321 0.3029 
         878  1 0.1443 0.2676 0.2274 0.3606 
         879  1 0.1216 0.4606 0.1659 0.2519 
         880  1 0.1443 0.2188 0.3120 0.3248 
         881  1 0.2105 0.3585 0.2210 0.2100 
         882  1 0.2068 0.2349 0.3592 0.1991 
         883  1 0.2263 0.2779 0.1867 0.3091 
         884  1 0.5412 0.1981 0.1675 0.0932 
         885  1 0.3535 0.2348 0.1857 0.2261 
         886  1 0.1431 0.3707 0.3052 0.1810 
         887  1 0.1725 0.1973 0.5114 0.1188 
         888  1 0.3708 0.2758 0.1279 0.2255 
