           1  1 0.0765 0.3582 0.0842 0.2221 0.1473 0.1117 
           2  1 0.0766 0.0798 0.2982 0.0883 0.2215 0.2357 
           3  1 0.3092 0.0684 0.1327 0.0750 0.3052 0.1096 
           4  1 0.2311 0.3476 0.1652 0.0842 0.0793 0.0926 
           5  1 0.2442 0.2129 0.1441 0.1132 0.1879 0.0976 
           6  1 0.2012 0.1479 0.1914 0.1835 0.1734 0.1026 
           7  1 0.1861 0.0776 0.3094 0.0665 0.1766 0.1838 
           8  1 0.1434 0.2203 0.2123 0.1196 0.1808 0.1236 
           9  1 0.1416 0.2554 0.1516 0.1398 0.2152 0.0963 
          10  1 0.1122 0.1557 0.1195 0.1048 0.0867 0.4211 
          11  1 0.2702 0.1719 0.1721 0.0800 0.1856 0.1201 
          12  1 0.2322 0.2504 0.1593 0.0844 0.1265 0.1472 
          13  1 0.2034 0.1837 0.1249 0.2258 0.1620 0.1002 
          14  1 0.1957 0.1433 0.1117 0.0803 0.3839 0.0851 
          15  1 0.2255 0.2432 0.0923 0.0627 0.3208 0.0556 
          16  1 0.2096 0.1429 0.1901 0.1621 0.1873 0.1081 
          17  1 0.0996 0.1398 0.1165 0.4420 0.0996 0.1024 
          18  1 0.2549 0.1494 0.1888 0.0891 0.2046 0.1132 
          19  1 0.2225 0.1126 0.2066 0.1691 0.1063 0.1828 
          20  1 0.1539 0.1326 0.1955 0.1398 0.2145 0.1637 
          21  1 0.2538 0.1302 0.2121 0.1723 0.1348 0.0967 
          22  1 0.1431 0.1548 0.1784 0.0794 0.2488 0.1956 
          23  1 0.2121 0.2182 0.1463 0.1505 0.1374 0.1354 
          24  1 0.1204 0.1037 0.1932 0.3365 0.1068 0.1393 
          25  1 0.1991 0.1121 0.2356 0.2009 0.1403 0.1120 
          26  1 0.2745 0.2056 0.1277 0.0963 0.1659 0.1301 
          27  1 0.0643 0.0592 0.1685 0.1011 0.0795 0.5274 
          28  1 0.1484 0.0814 0.1151 0.0610 0.5201 0.0740 
          29  1 0.0796 0.2854 0.0855 0.1091 0.0566 0.3838 
          30  1 0.2997 0.1905 0.1214 0.1515 0.1904 0.0464 
          31  1 0.1382 0.1243 0.2718 0.2052 0.1038 0.1566 
          32  1 0.3100 0.1965 0.1684 0.1088 0.1226 0.0937 
          33  1 0.1091 0.1240 0.1008 0.2354 0.3418 0.0889 
          34  1 0.1359 0.1795 0.1659 0.1936 0.1835 0.1416 
          35  1 0.3137 0.1514 0.1438 0.1452 0.1603 0.0856 
          36  1 0.3356 0.2274 0.1202 0.0743 0.1461 0.0964 
          37  1 0.1492 0.1288 0.3126 0.0891 0.1104 0.2100 
          38  1 0.0778 0.2645 0.1096 0.0715 0.0709 0.4056 
          39  1 0.1117 0.3145 0.0718 0.1684 0.2545 0.0790 
          40  1 0.1400 0.1515 0.1265 0.3128 0.1400 0.1290 
          41  1 0.3260 0.2009 0.1782 0.0483 0.1348 0.1119 
          42  1 0.1278 0.1266 0.1521 0.2838 0.1029 0.2068 
          43  1 0.1186 0.1133 0.1938 0.0837 0.1812 0.3095 
          44  1 0.1684 0.1456 0.1362 0.2058 0.2098 0.1342 
          45  1 0.1105 0.1464 0.1059 0.4218 0.1423 0.0731 
          46  1 0.0679 0.0547 0.2899 0.1753 0.2118 0.2005 
          47  1 0.3107 0.2144 0.1160 0.1502 0.1166 0.0922 
          48  1 0.1915 0.1809 0.2166 0.0861 0.0715 0.2535 
          49  1 0.1822 0.1744 0.1155 0.2215 0.1948 0.1117 
          50  1 0.1650 0.1496 0.1729 0.0792 0.2853 0.1480 
          51  1 0.1217 0.0749 0.0821 0.6168 0.0501 0.0545 
          52  1 0.1149 0.0914 0.1405 0.4025 0.1533 0.0973 
          53  1 0.1885 0.1658 0.1016 0.1994 0.2641 0.0807 
          54  1 0.1282 0.1356 0.1909 0.2952 0.0664 0.1838 
          55  1 0.1018 0.0607 0.3169 0.1992 0.1023 0.2191 
          56  1 0.1190 0.1216 0.1897 0.2103 0.1189 0.2405 
          57  1 0.0566 0.0357 0.1570 0.5853 0.0765 0.0890 
          58  1 0.1717 0.0939 0.2058 0.1315 0.1755 0.2216 
          59  1 0.1453 0.0732 0.1043 0.3229 0.3056 0.0487 
          60  1 0.1602 0.1928 0.1650 0.1003 0.2473 0.1343 
          61  1 0.1377 0.1937 0.1356 0.0964 0.2126 0.2241 
          62  1 0.1189 0.4751 0.0786 0.1135 0.1200 0.0938 
          63  1 0.3950 0.1114 0.1979 0.1023 0.0889 0.1045 
          64  1 0.2444 0.1616 0.1668 0.1942 0.1160 0.1169 
          65  1 0.1225 0.0757 0.2942 0.1546 0.1615 0.1915 
          66  1 0.0930 0.0774 0.1467 0.0612 0.1413 0.4805 
          67  1 0.2570 0.2101 0.1118 0.0710 0.2553 0.0949 
          68  1 0.1292 0.2856 0.1431 0.0747 0.1932 0.1743 
          69  1 0.1155 0.1750 0.2697 0.0546 0.1402 0.2451 
          70  1 0.1932 0.1952 0.1882 0.1114 0.1734 0.1385 
          71  1 0.0769 0.0463 0.3215 0.1980 0.1607 0.1966 
          72  1 0.1173 0.0419 0.1857 0.4481 0.1325 0.0746 
          73  1 0.1025 0.1761 0.0930 0.0715 0.1145 0.4424 
          74  1 0.1774 0.1524 0.1826 0.2106 0.1538 0.1232 
          75  1 0.1565 0.0658 0.0826 0.0427 0.4507 0.2016 
          76  1 0.1542 0.3940 0.1222 0.0818 0.1132 0.1347 
          77  1 0.0665 0.0887 0.1828 0.0382 0.4151 0.2086 
          78  1 0.2360 0.2505 0.1197 0.1982 0.0862 0.1093 
          79  1 0.3221 0.1534 0.1646 0.0661 0.1028 0.1909 
          80  1 0.4519 0.1255 0.1179 0.0795 0.1727 0.0524 
          81  1 0.2158 0.1310 0.1609 0.0770 0.3312 0.0842 
          82  1 0.1326 0.1409 0.1143 0.3959 0.1401 0.0763 
          83  1 0.3247 0.1892 0.1251 0.0580 0.2365 0.0665 
          84  1 0.2444 0.3537 0.1230 0.0889 0.1276 0.0624 
          85  1 0.0877 0.1147 0.3586 0.1313 0.1410 0.1667 
          86  1 0.1410 0.1142 0.1478 0.1588 0.3060 0.1321 
          87  1 0.1274 0.1687 0.1733 0.2276 0.1257 0.1772 
          88  1 0.0873 0.0952 0.2025 0.0709 0.1502 0.3940 
          89  1 0.1606 0.0671 0.2541 0.1721 0.2314 0.1147 
          90  1 0.1354 0.0791 0.3725 0.1555 0.1107 0.1469 
          91  1 0.2351 0.1652 0.2075 0.1264 0.1419 0.1238 
          92  1 0.2155 0.1055 0.2776 0.0435 0.1630 0.1949 
          93  1 0.0796 0.1148 0.1344 0.4109 0.1441 0.1162 
          94  1 0.1600 0.1031 0.2091 0.1125 0.2844 0.1308 
          95  1 0.3142 0.3335 0.1057 0.0878 0.0812 0.0776 
          96  1 0.1242 0.2544 0.0686 0.0475 0.1060 0.3993 
          97  1 0.1703 0.2200 0.1318 0.1024 0.2136 0.1618 
          98  1 0.1404 0.4205 0.0813 0.2277 0.0656 0.0646 
          99  1 0.1318 0.2261 0.1187 0.2555 0.1557 0.1123 
         100  1 0.1307 0.2057 0.1739 0.0856 0.2606 0.1435 
         101  1 0.1808 0.0783 0.2850 0.1445 0.1806 0.1308 
         102  1 0.1725 0.1640 0.1206 0.1011 0.3480 0.0938 
         103  1 0.1070 0.1003 0.1775 0.0603 0.3922 0.1627 
         104  1 0.3399 0.1049 0.2422 0.0862 0.1017 0.1251 
         105  1 0.1981 0.1589 0.1602 0.1978 0.1698 0.1153 
         106  1 0.1074 0.0484 0.3980 0.0562 0.2617 0.1283 
         107  1 0.1312 0.2216 0.1831 0.0946 0.1251 0.2443 
         108  1 0.1190 0.2042 0.1608 0.2754 0.1413 0.0993 
         109  1 0.2697 0.1475 0.1474 0.0988 0.2564 0.0802 
         110  1 0.1665 0.1858 0.1648 0.0720 0.1270 0.2839 
         111  1 0.3158 0.2776 0.1029 0.0709 0.1591 0.0737 
         112  1 0.1503 0.1499 0.1674 0.3060 0.1238 0.1026 
         113  1 0.1511 0.0907 0.1648 0.3762 0.1221 0.0951 
         114  1 0.1639 0.1432 0.1910 0.1253 0.1797 0.1967 
         115  1 0.0860 0.0688 0.2533 0.2043 0.1544 0.2333 
         116  1 0.0853 0.0866 0.1940 0.1960 0.2153 0.2228 
         117  1 0.0817 0.1100 0.1603 0.1134 0.1222 0.4124 
         118  1 0.0925 0.1098 0.1359 0.3855 0.1054 0.1709 
         119  1 0.1068 0.0689 0.2662 0.0972 0.2876 0.1732 
         120  1 0.1543 0.1450 0.1624 0.1615 0.2909 0.0859 
         121  1 0.1514 0.1059 0.1970 0.3019 0.1098 0.1340 
         122  1 0.1712 0.2816 0.1624 0.0411 0.0883 0.2553 
         123  1 0.1262 0.3244 0.1132 0.1234 0.0879 0.2249 
         124  1 0.0673 0.0777 0.1303 0.1421 0.0693 0.5134 
         125  1 0.0702 0.0901 0.2256 0.2201 0.1116 0.2823 
         126  1 0.0412 0.0435 0.1619 0.0748 0.1091 0.5693 
         127  1 0.0679 0.0953 0.1276 0.0746 0.1152 0.5193 
         128  1 0.1449 0.1585 0.1180 0.1266 0.1360 0.3161 
         129  1 0.1950 0.1430 0.3079 0.1125 0.1084 0.1333 
         130  1 0.1914 0.1919 0.0925 0.0421 0.4099 0.0721 
         131  1 0.2662 0.1832 0.1291 0.0870 0.2213 0.1133 
         132  1 0.2316 0.1337 0.2017 0.1796 0.1618 0.0915 
         133  1 0.2204 0.1728 0.1615 0.2042 0.1124 0.1287 
         134  1 0.2187 0.3170 0.0894 0.0597 0.2140 0.1012 
         135  1 0.1589 0.0611 0.1785 0.2662 0.2605 0.0748 
         136  1 0.1554 0.4857 0.0801 0.0996 0.0952 0.0840 
         137  1 0.3168 0.2976 0.0891 0.0601 0.1847 0.0517 
         138  1 0.3548 0.2337 0.1267 0.0629 0.1206 0.1014 
         139  1 0.1838 0.0982 0.1236 0.4384 0.0816 0.0743 
         140  1 0.2786 0.1126 0.1443 0.1391 0.2168 0.1087 
         141  1 0.1780 0.1325 0.0928 0.2461 0.2832 0.0675 
         142  1 0.1779 0.2197 0.1275 0.2264 0.1349 0.1136 
         143  1 0.1636 0.0984 0.1575 0.2765 0.2150 0.0890 
         144  1 0.1175 0.0977 0.1811 0.2430 0.1150 0.2456 
         145  1 0.1584 0.2018 0.1998 0.1819 0.0741 0.1841 
         146  1 0.0504 0.0449 0.0495 0.7378 0.0773 0.0400 
         147  1 0.3598 0.3025 0.1262 0.0636 0.0668 0.0811 
         148  1 0.1580 0.1270 0.1683 0.2622 0.1493 0.1353 
         149  1 0.1240 0.2732 0.1392 0.0932 0.1381 0.2324 
         150  1 0.0886 0.6589 0.0610 0.0639 0.0655 0.0621 
         151  1 0.1178 0.1479 0.1382 0.2296 0.2430 0.1234 
         152  1 0.1280 0.1701 0.1570 0.1832 0.2601 0.1017 
         153  1 0.2768 0.0660 0.2544 0.1223 0.1364 0.1441 
         154  1 0.2123 0.2651 0.0907 0.1175 0.1549 0.1595 
         155  1 0.1093 0.4151 0.0987 0.1697 0.0963 0.1108 
         156  1 0.1171 0.3134 0.1248 0.1249 0.0789 0.2409 
         157  1 0.1317 0.2718 0.1040 0.1065 0.2417 0.1444 
         158  1 0.1768 0.2809 0.0992 0.2543 0.1131 0.0757 
         159  1 0.1429 0.2578 0.1418 0.1066 0.2119 0.1390 
         160  1 0.4659 0.1971 0.1269 0.0685 0.0934 0.0482 
         161  1 0.1872 0.1744 0.1128 0.2378 0.1930 0.0947 
         162  1 0.2022 0.0944 0.2965 0.0494 0.2018 0.1557 
         163  1 0.2010 0.1284 0.2597 0.0817 0.1493 0.1799 
         164  1 0.2586 0.1803 0.1310 0.0985 0.2501 0.0813 
         165  1 0.2619 0.0869 0.2442 0.0920 0.1440 0.1711 
         166  1 0.2480 0.2467 0.1178 0.2604 0.0750 0.0521 
         167  1 0.2374 0.1312 0.3136 0.0832 0.0780 0.1566 
         168  1 0.3086 0.3062 0.1070 0.0919 0.1345 0.0517 
         169  1 0.1079 0.1283 0.1737 0.1543 0.2257 0.2101 
         170  1 0.1678 0.0542 0.1452 0.1412 0.4366 0.0549 
         171  1 0.1499 0.4472 0.0792 0.1415 0.1045 0.0778 
         172  1 0.1504 0.1041 0.2029 0.3068 0.1037 0.1319 
         173  1 0.1742 0.0716 0.1602 0.1813 0.3277 0.0851 
         174  1 0.1445 0.0905 0.2220 0.2455 0.1304 0.1670 
         175  1 0.1192 0.1300 0.1467 0.2902 0.1948 0.1190 
         176  1 0.2717 0.1610 0.1447 0.1499 0.1998 0.0730 
         177  1 0.1003 0.0886 0.2626 0.2241 0.1594 0.1650 
         178  1 0.2064 0.1094 0.1678 0.3356 0.1043 0.0765 
         179  1 0.0575 0.2754 0.1039 0.2334 0.1062 0.2235 
         180  1 0.1780 0.4233 0.0893 0.0655 0.1283 0.1156 
         181  1 0.2545 0.1022 0.1487 0.0636 0.3485 0.0825 
         182  1 0.1325 0.5819 0.0725 0.0623 0.0572 0.0935 
         183  1 0.0992 0.3766 0.0806 0.2258 0.0972 0.1207 
         184  1 0.1667 0.1139 0.1382 0.0835 0.3883 0.1094 
         185  1 0.1351 0.0542 0.3421 0.1027 0.1181 0.2477 
         186  1 0.0999 0.0772 0.1821 0.1137 0.0892 0.4378 
         187  1 0.1806 0.3608 0.1868 0.0505 0.1090 0.1123 
         188  1 0.0815 0.1132 0.1506 0.2680 0.1025 0.2842 
         189  1 0.1220 0.1070 0.2269 0.1541 0.1587 0.2313 
         190  1 0.0613 0.0472 0.0851 0.6388 0.0623 0.1053 
         191  1 0.1107 0.0653 0.2679 0.2219 0.1908 0.1434 
         192  1 0.2096 0.2288 0.1266 0.0918 0.2337 0.1095 
         193  1 0.1148 0.1344 0.1744 0.2732 0.1388 0.1644 
         194  1 0.2435 0.4050 0.0792 0.0837 0.1275 0.0611 
         195  1 0.2245 0.1173 0.1189 0.3289 0.1579 0.0525 
         196  1 0.0719 0.0768 0.1960 0.1867 0.2535 0.2150 
         197  1 0.1120 0.0692 0.1241 0.4757 0.1149 0.1041 
         198  1 0.0817 0.0696 0.1736 0.2052 0.3550 0.1149 
         199  1 0.0594 0.0649 0.1796 0.0341 0.0636 0.5985 
         200  1 0.0846 0.2062 0.1575 0.0841 0.0997 0.3680 
         201  1 0.1308 0.0905 0.2643 0.0994 0.1079 0.3071 
         202  1 0.1398 0.4977 0.1017 0.0546 0.1056 0.1006 
         203  1 0.1030 0.1343 0.1608 0.2193 0.1439 0.2387 
         204  1 0.0575 0.0774 0.1962 0.1351 0.1539 0.3799 
         205  1 0.1078 0.1177 0.1354 0.0760 0.0997 0.4634 
         206  1 0.1100 0.1318 0.2001 0.0610 0.0712 0.4259 
         207  1 0.1763 0.1563 0.1601 0.1327 0.2578 0.1167 
         208  1 0.1449 0.3350 0.0899 0.1073 0.2447 0.0783 
         209  1 0.1230 0.0586 0.2235 0.1228 0.1963 0.2758 
         210  1 0.1190 0.0774 0.1584 0.4221 0.1174 0.1058 
         211  1 0.0683 0.0589 0.1564 0.4315 0.1225 0.1625 
         212  1 0.1545 0.5266 0.0914 0.0554 0.0601 0.1121 
         213  1 0.1532 0.0887 0.1845 0.2967 0.1642 0.1127 
         214  1 0.0671 0.0403 0.4342 0.1141 0.2314 0.1130 
         215  1 0.0889 0.1037 0.1127 0.4388 0.1309 0.1249 
         216  1 0.3847 0.0696 0.1690 0.2342 0.0880 0.0546 
         217  1 0.1061 0.0827 0.1355 0.3795 0.1166 0.1797 
         218  1 0.1902 0.1657 0.1413 0.3258 0.0991 0.0780 
         219  1 0.0312 0.0295 0.2957 0.0590 0.1928 0.3919 
         220  1 0.2312 0.2128 0.1970 0.1292 0.0760 0.1537 
         221  1 0.1149 0.0985 0.2191 0.0900 0.0777 0.3998 
         222  1 0.1780 0.1558 0.1541 0.2911 0.1420 0.0790 
         223  1 0.0364 0.0795 0.0825 0.5476 0.0659 0.1881 
         224  1 0.0735 0.0825 0.2031 0.0974 0.0963 0.4472 
         225  1 0.0701 0.0591 0.1451 0.5036 0.1138 0.1082 
         226  1 0.0876 0.0810 0.1727 0.1805 0.2188 0.2595 
         227  1 0.1271 0.1612 0.1704 0.1233 0.2597 0.1583 
         228  1 0.1281 0.5854 0.0793 0.0531 0.0665 0.0876 
         229  1 0.1724 0.2200 0.1925 0.1090 0.1374 0.1688 
         230  1 0.0563 0.0543 0.2223 0.1105 0.1732 0.3834 
         231  1 0.0453 0.0478 0.2175 0.1151 0.1518 0.4225 
         232  1 0.1913 0.0913 0.1563 0.0651 0.3369 0.1591 
         233  1 0.2540 0.3788 0.0979 0.0971 0.0982 0.0741 
         234  1 0.1269 0.1707 0.1869 0.3138 0.0906 0.1110 
         235  1 0.0948 0.2026 0.1553 0.1289 0.1213 0.2970 
         236  1 0.3523 0.2166 0.1160 0.1205 0.1144 0.0802 
         237  1 0.0852 0.1391 0.1028 0.4467 0.1061 0.1201 
         238  1 0.1475 0.1133 0.1089 0.0422 0.4089 0.1793 
         239  1 0.3960 0.1992 0.1296 0.0758 0.1453 0.0541 
         240  1 0.0941 0.0794 0.1182 0.3603 0.2803 0.0677 
         241  1 0.1200 0.0606 0.1366 0.1282 0.3352 0.2194 
         242  1 0.1593 0.1688 0.1359 0.0761 0.1904 0.2694 
         243  1 0.1035 0.1808 0.1027 0.2688 0.1082 0.2360 
         244  1 0.2455 0.0978 0.1319 0.1942 0.2843 0.0462 
         245  1 0.2508 0.0958 0.1302 0.1892 0.2868 0.0473 
         246  1 0.0947 0.3049 0.1165 0.1786 0.0989 0.2064 
         247  1 0.1344 0.0973 0.1574 0.0643 0.4159 0.1305 
         248  1 0.1639 0.0699 0.1543 0.3150 0.2287 0.0682 
         249  1 0.1132 0.1635 0.1675 0.0932 0.1261 0.3366 
         250  1 0.0654 0.0417 0.2076 0.4418 0.1294 0.1140 
         251  1 0.2321 0.2018 0.1680 0.1667 0.1332 0.0982 
         252  1 0.1072 0.4473 0.1047 0.1302 0.1304 0.0801 
         253  1 0.1235 0.3816 0.0762 0.2291 0.1133 0.0764 
         254  1 0.2641 0.1720 0.2187 0.1339 0.1129 0.0984 
         255  1 0.2327 0.0925 0.1806 0.1428 0.2113 0.1400 
         256  1 0.0909 0.1204 0.1570 0.0731 0.4417 0.1170 
         257  1 0.0691 0.1080 0.1562 0.1446 0.1054 0.4167 
         258  1 0.4497 0.1751 0.1356 0.0768 0.0798 0.0830 
         259  1 0.0433 0.0481 0.0516 0.7579 0.0347 0.0644 
         260  1 0.2573 0.0981 0.1833 0.2490 0.1345 0.0779 
         261  1 0.2663 0.1799 0.1465 0.1383 0.1464 0.1226 
         262  1 0.1174 0.3443 0.1092 0.0891 0.2016 0.1384 
         263  1 0.0905 0.5147 0.0604 0.0854 0.1638 0.0852 
         264  1 0.2893 0.2065 0.1317 0.1652 0.1421 0.0651 
         265  1 0.0908 0.1227 0.2096 0.0729 0.3086 0.1953 
         266  1 0.1422 0.0513 0.2956 0.2825 0.0904 0.1380 
         267  1 0.1618 0.1779 0.1730 0.0939 0.1522 0.2412 
         268  1 0.1565 0.1903 0.0687 0.3354 0.1646 0.0845 
         269  1 0.1307 0.1677 0.2996 0.0700 0.1344 0.1975 
         270  1 0.0811 0.0499 0.1895 0.1684 0.1588 0.3522 
         271  1 0.1358 0.1653 0.2023 0.1269 0.1320 0.2377 
         272  1 0.1413 0.1600 0.0957 0.2651 0.1969 0.1410 
         273  1 0.1778 0.1058 0.2484 0.1448 0.0986 0.2246 
         274  1 0.1473 0.3633 0.0832 0.0604 0.0636 0.2821 
         275  1 0.0921 0.1240 0.0986 0.4157 0.1460 0.1235 
         276  1 0.2291 0.1172 0.1011 0.1019 0.4019 0.0489 
         277  1 0.0852 0.0639 0.2447 0.1799 0.1510 0.2753 
         278  1 0.1211 0.1360 0.1433 0.1602 0.3467 0.0926 
         279  1 0.2649 0.0587 0.1744 0.0493 0.2781 0.1745 
         280  1 0.0606 0.0564 0.2554 0.0663 0.2596 0.3017 
         281  1 0.0709 0.1187 0.1832 0.1127 0.2391 0.2753 
         282  1 0.1479 0.1268 0.0922 0.0974 0.4570 0.0787 
         283  1 0.1931 0.4349 0.0939 0.0607 0.1048 0.1126 
         284  1 0.1828 0.1102 0.2250 0.0697 0.3091 0.1032 
         285  1 0.1615 0.3001 0.1634 0.1185 0.0546 0.2020 
         286  1 0.2196 0.1714 0.1374 0.1215 0.2810 0.0692 
         287  1 0.0798 0.3341 0.0649 0.1276 0.3411 0.0526 
         288  1 0.1147 0.1048 0.1989 0.1082 0.1287 0.3446 
         289  1 0.4793 0.1325 0.1913 0.0539 0.0730 0.0700 
         290  1 0.1242 0.2459 0.1671 0.1195 0.2000 0.1431 
         291  1 0.1640 0.2507 0.1189 0.1465 0.1781 0.1418 
         292  1 0.1975 0.1597 0.1782 0.1554 0.1523 0.1568 
         293  1 0.1699 0.3575 0.1301 0.1027 0.0907 0.1491 
         294  1 0.1940 0.0954 0.2472 0.0842 0.2131 0.1660 
         295  1 0.3641 0.1057 0.2057 0.0478 0.1415 0.1352 
         296  1 0.1599 0.1031 0.2578 0.0741 0.1890 0.2160 
         297  1 0.3458 0.1993 0.1777 0.1247 0.0633 0.0891 
         298  1 0.2651 0.1173 0.1900 0.1930 0.1743 0.0602 
         299  1 0.1524 0.4000 0.0944 0.1226 0.0647 0.1659 
         300  1 0.1182 0.1040 0.1292 0.4020 0.0988 0.1478 
         301  1 0.1826 0.0737 0.1717 0.1192 0.3652 0.0877 
         302  1 0.0543 0.0738 0.0830 0.6638 0.0632 0.0618 
         303  1 0.1649 0.2826 0.1709 0.0960 0.1438 0.1418 
         304  1 0.0977 0.0901 0.2240 0.2463 0.2327 0.1092 
         305  1 0.1525 0.0832 0.2294 0.1762 0.1651 0.1937 
         306  1 0.1050 0.0687 0.1767 0.1392 0.4034 0.1070 
         307  1 0.2625 0.1218 0.1695 0.1726 0.1631 0.1106 
         308  1 0.3315 0.2387 0.1405 0.1080 0.1132 0.0682 
         309  1 0.2728 0.2143 0.1817 0.0696 0.0876 0.1740 
         310  1 0.2210 0.3689 0.1000 0.0785 0.1483 0.0832 
         311  1 0.2378 0.2928 0.1160 0.1105 0.1390 0.1040 
         312  1 0.1664 0.0569 0.1895 0.0731 0.3603 0.1539 
         313  1 0.2405 0.2820 0.0930 0.0558 0.0669 0.2617 
         314  1 0.1758 0.0681 0.3443 0.0716 0.0980 0.2421 
         315  1 0.1986 0.2945 0.1278 0.0979 0.1834 0.0978 
         316  1 0.3945 0.1284 0.1034 0.1959 0.1364 0.0413 
         317  1 0.2163 0.1752 0.1292 0.1985 0.1782 0.1025 
         318  1 0.4496 0.1134 0.1849 0.0765 0.1030 0.0726 
         319  1 0.1481 0.0722 0.2502 0.0976 0.3311 0.1007 
         320  1 0.1653 0.1852 0.1267 0.2230 0.1698 0.1299 
         321  1 0.1237 0.2067 0.1077 0.2597 0.0647 0.2376 
         322  1 0.2195 0.0561 0.2794 0.1517 0.1360 0.1573 
         323  1 0.0972 0.0509 0.3342 0.1564 0.0724 0.2890 
         324  1 0.0903 0.1138 0.1633 0.4251 0.0713 0.1362 
         325  1 0.1901 0.3183 0.1152 0.0865 0.2060 0.0838 
         326  1 0.1255 0.1042 0.2101 0.2463 0.1422 0.1716 
         327  1 0.1010 0.1658 0.1493 0.1782 0.1873 0.2184 
         328  1 0.1242 0.1687 0.0942 0.0742 0.2145 0.3243 
         329  1 0.3390 0.1521 0.1721 0.0738 0.1261 0.1368 
         330  1 0.2559 0.2871 0.1136 0.0599 0.2162 0.0673 
         331  1 0.2060 0.1310 0.1250 0.2071 0.2681 0.0628 
         332  1 0.2864 0.1572 0.1594 0.1696 0.1496 0.0777 
         333  1 0.0856 0.2371 0.1067 0.3430 0.1004 0.1273 
         334  1 0.2347 0.1336 0.2089 0.0820 0.1320 0.2088 
         335  1 0.1997 0.1616 0.2529 0.0770 0.1323 0.1765 
         336  1 0.2812 0.1472 0.1612 0.0987 0.1591 0.1526 
         337  1 0.2036 0.0903 0.2347 0.1676 0.2045 0.0994 
         338  1 0.1420 0.0635 0.1377 0.0617 0.4197 0.1753 
         339  1 0.1701 0.0820 0.1211 0.1820 0.1829 0.2619 
         340  1 0.1503 0.1226 0.2787 0.1432 0.1346 0.1707 
         341  1 0.2128 0.1291 0.2772 0.1471 0.0959 0.1380 
         342  1 0.2094 0.2384 0.1563 0.1370 0.1709 0.0879 
         343  1 0.1151 0.3636 0.0800 0.1608 0.0656 0.2149 
         344  1 0.1848 0.4950 0.0766 0.0720 0.1195 0.0522 
         345  1 0.2080 0.0936 0.1845 0.0755 0.2212 0.2172 
         346  1 0.1744 0.1677 0.2972 0.1092 0.1229 0.1286 
         347  1 0.1998 0.2334 0.1253 0.0769 0.1375 0.2271 
         348  1 0.2387 0.1852 0.1064 0.1589 0.2246 0.0861 
         349  1 0.2055 0.2172 0.1461 0.1525 0.1283 0.1504 
         350  1 0.1837 0.1195 0.2014 0.0902 0.2660 0.1390 
         351  1 0.1498 0.1240 0.2258 0.1720 0.1420 0.1863 
         352  1 0.2966 0.1497 0.1779 0.1554 0.1288 0.0916 
         353  1 0.1582 0.1459 0.1753 0.0905 0.1739 0.2563 
         354  1 0.0821 0.0895 0.1429 0.3349 0.1593 0.1912 
         355  1 0.3113 0.1678 0.1270 0.0746 0.2351 0.0841 
         356  1 0.0928 0.0966 0.2119 0.0983 0.1557 0.3448 
         357  1 0.1495 0.0900 0.2591 0.2266 0.1199 0.1549 
         358  1 0.2948 0.2561 0.1932 0.0557 0.0824 0.1177 
         359  1 0.1135 0.0640 0.3650 0.1670 0.0607 0.2298 
         360  1 0.1572 0.1779 0.1235 0.2227 0.1560 0.1627 
         361  1 0.2231 0.2548 0.0917 0.2340 0.1460 0.0504 
         362  1 0.0950 0.0867 0.2266 0.2539 0.1389 0.1989 
         363  1 0.0745 0.0798 0.1460 0.3520 0.1564 0.1911 
         364  1 0.1111 0.1585 0.1703 0.1201 0.1530 0.2870 
         365  1 0.0793 0.3219 0.0866 0.1286 0.0472 0.3365 
         366  1 0.2000 0.2113 0.2084 0.1182 0.0910 0.1710 
         367  1 0.2545 0.0976 0.1784 0.1522 0.1281 0.1892 
         368  1 0.1626 0.1747 0.1638 0.1668 0.1491 0.1830 
         369  1 0.0656 0.0726 0.1033 0.0764 0.1035 0.5787 
         370  1 0.2386 0.0977 0.1446 0.3692 0.0869 0.0630 
         371  1 0.1811 0.1635 0.1153 0.2379 0.1107 0.1915 
         372  1 0.3393 0.0758 0.1383 0.1045 0.2580 0.0842 
         373  1 0.2131 0.2507 0.1546 0.1306 0.1094 0.1415 
         374  1 0.2612 0.2187 0.1504 0.0924 0.1234 0.1539 
         375  1 0.0880 0.2274 0.1308 0.0587 0.0614 0.4337 
         376  1 0.1926 0.2637 0.1247 0.0620 0.2029 0.1541 
         377  1 0.1182 0.1839 0.1548 0.1025 0.0896 0.3509 
         378  1 0.2061 0.1326 0.1848 0.0945 0.1815 0.2005 
         379  1 0.0684 0.1782 0.1300 0.1232 0.1864 0.3139 
         380  1 0.1252 0.5708 0.0712 0.0509 0.1103 0.0717 
         381  1 0.1683 0.1115 0.2188 0.1794 0.1657 0.1563 
         382  1 0.2310 0.1902 0.1393 0.2368 0.1077 0.0949 
         383  1 0.2176 0.1101 0.1512 0.0626 0.3665 0.0920 
         384  1 0.1464 0.2826 0.1850 0.0703 0.2030 0.1128 
         385  1 0.1330 0.0678 0.2822 0.2081 0.1732 0.1357 
         386  1 0.0854 0.1060 0.0948 0.5656 0.0787 0.0695 
         387  1 0.1169 0.2532 0.1093 0.1092 0.3167 0.0947 
         388  1 0.1299 0.1767 0.1398 0.2864 0.0927 0.1745 
         389  1 0.2300 0.1328 0.1380 0.3058 0.1101 0.0834 
         390  1 0.1585 0.1856 0.1266 0.1554 0.2355 0.1383 
         391  1 0.1042 0.0755 0.2151 0.1994 0.1213 0.2845 
         392  1 0.2420 0.1811 0.1468 0.1243 0.1857 0.1201 
         393  1 0.0978 0.5078 0.1148 0.0735 0.0935 0.1126 
         394  1 0.1641 0.1916 0.1324 0.1715 0.1354 0.2050 
         395  1 0.1156 0.1077 0.1271 0.3815 0.1454 0.1226 
         396  1 0.1735 0.1522 0.1894 0.2161 0.1379 0.1310 
         397  1 0.1624 0.1210 0.2911 0.0757 0.1607 0.1892 
         398  1 0.1120 0.1815 0.1764 0.1266 0.2536 0.1498 
         399  1 0.3197 0.1440 0.1353 0.1144 0.1905 0.0961 
         400  1 0.1814 0.2774 0.1465 0.0374 0.2085 0.1487 
         401  1 0.1971 0.1099 0.1097 0.3332 0.1683 0.0818 
         402  1 0.2692 0.1493 0.1881 0.1489 0.1186 0.1258 
         403  1 0.0889 0.1074 0.1829 0.3120 0.1201 0.1887 
         404  1 0.1380 0.1850 0.1776 0.0771 0.1426 0.2797 
         405  1 0.0810 0.1209 0.1296 0.4023 0.1131 0.1531 
         406  1 0.2060 0.3802 0.1275 0.1108 0.0919 0.0835 
         407  1 0.1606 0.1661 0.1940 0.1496 0.1764 0.1532 
         408  1 0.2215 0.1236 0.1081 0.1679 0.3216 0.0573 
         409  1 0.2464 0.1702 0.0846 0.0779 0.3768 0.0441 
         410  1 0.1450 0.1000 0.1583 0.0576 0.3997 0.1394 
         411  1 0.2858 0.2398 0.1360 0.0748 0.1392 0.1244 
         412  1 0.0783 0.0895 0.1296 0.5106 0.0789 0.1132 
         413  1 0.3057 0.2187 0.1180 0.1003 0.1849 0.0723 
         414  1 0.0932 0.1726 0.1394 0.1228 0.0771 0.3950 
         415  1 0.1013 0.1504 0.1449 0.3428 0.1428 0.1178 
         416  1 0.0910 0.0971 0.1552 0.2534 0.1502 0.2532 
         417  1 0.2372 0.1471 0.1865 0.1568 0.1751 0.0972 
         418  1 0.0961 0.4773 0.1043 0.1380 0.1106 0.0736 
         419  1 0.1454 0.1503 0.1571 0.1697 0.1909 0.1864 
         420  1 0.2072 0.1410 0.1830 0.1389 0.1574 0.1724 
         421  1 0.1485 0.0436 0.2091 0.1285 0.3328 0.1375 
         422  1 0.1260 0.1597 0.1970 0.0529 0.1888 0.2756 
         423  1 0.1143 0.1566 0.2385 0.0941 0.2402 0.1564 
         424  1 0.2045 0.1044 0.2652 0.0651 0.2922 0.0687 
         425  1 0.1761 0.3547 0.1503 0.1099 0.0624 0.1465 
         426  1 0.0698 0.0589 0.1323 0.4965 0.1204 0.1221 
         427  1 0.1769 0.2231 0.1334 0.0862 0.1680 0.2124 
         428  1 0.1598 0.1408 0.2300 0.1465 0.1168 0.2061 
         429  1 0.1633 0.1746 0.1446 0.2253 0.1869 0.1053 
         430  1 0.1226 0.1110 0.1791 0.1311 0.1481 0.3080 
         431  1 0.2933 0.2263 0.1251 0.0949 0.1903 0.0702 
         432  1 0.0738 0.0664 0.1802 0.0851 0.1136 0.4807 
         433  1 0.1163 0.1639 0.2023 0.2129 0.1331 0.1715 
         434  1 0.1549 0.1241 0.1956 0.2066 0.1049 0.2139 
         435  1 0.2170 0.3309 0.1283 0.1255 0.0951 0.1033 
         436  1 0.1270 0.0894 0.2007 0.1128 0.2735 0.1966 
         437  1 0.1011 0.3310 0.1127 0.1514 0.0638 0.2400 
         438  1 0.1490 0.3434 0.1295 0.1669 0.1347 0.0765 
         439  1 0.2738 0.0978 0.1839 0.2137 0.1564 0.0744 
         440  1 0.0828 0.2955 0.0940 0.2298 0.2056 0.0923 
         441  1 0.1783 0.1771 0.1260 0.1530 0.2913 0.0743 
         442  1 0.2005 0.2593 0.1035 0.0617 0.3041 0.0709 
         443  1 0.1135 0.1438 0.0908 0.0864 0.1589 0.4066 
         444  1 0.1182 0.0882 0.3248 0.1126 0.1509 0.2053 
         445  1 0.1011 0.3339 0.1147 0.1132 0.1750 0.1620 
         446  1 0.1820 0.1529 0.2230 0.0956 0.1523 0.1942 
         447  1 0.0723 0.3643 0.0798 0.2379 0.1055 0.1402 
         448  1 0.2274 0.1788 0.1510 0.1079 0.2173 0.1177 
         449  1 0.1090 0.4976 0.0678 0.1553 0.1033 0.0670 
         450  1 0.1791 0.0876 0.1813 0.2192 0.1860 0.1469 
         451  1 0.3672 0.1043 0.1895 0.1128 0.1652 0.0610 
         452  1 0.0974 0.0851 0.2265 0.0873 0.1495 0.3542 
         453  1 0.1572 0.0917 0.2438 0.2032 0.1402 0.1639 
         454  1 0.1393 0.0913 0.1989 0.2591 0.1651 0.1462 
         455  1 0.1492 0.1240 0.2573 0.2335 0.0856 0.1504 
         456  1 0.1076 0.0773 0.1922 0.1045 0.1310 0.3874 
         457  1 0.0573 0.0384 0.1293 0.5776 0.1090 0.0883 
         458  1 0.2227 0.2903 0.1576 0.1320 0.0706 0.1268 
         459  1 0.0817 0.1681 0.0772 0.5188 0.0822 0.0720 
         460  1 0.1072 0.1535 0.1226 0.1488 0.3044 0.1635 
         461  1 0.2613 0.1664 0.1924 0.1734 0.0918 0.1147 
         462  1 0.0855 0.2465 0.0636 0.4612 0.0823 0.0610 
         463  1 0.1350 0.1729 0.1743 0.0631 0.1694 0.2853 
         464  1 0.1076 0.2280 0.1285 0.2774 0.1485 0.1100 
         465  1 0.2854 0.1484 0.1796 0.0856 0.1975 0.1035 
         466  1 0.1370 0.0994 0.2710 0.2079 0.1375 0.1472 
         467  1 0.0795 0.0757 0.1833 0.3759 0.0927 0.1929 
         468  1 0.0985 0.4679 0.1056 0.1425 0.0902 0.0953 
         469  1 0.0910 0.0844 0.2226 0.1182 0.1300 0.3538 
         470  1 0.0865 0.0898 0.1618 0.3095 0.1650 0.1874 
         471  1 0.1651 0.1638 0.2095 0.1092 0.1397 0.2128 
         472  1 0.1013 0.0681 0.1623 0.3295 0.2406 0.0983 
         473  1 0.1611 0.1194 0.1877 0.1844 0.1491 0.1982 
         474  1 0.1451 0.1010 0.1167 0.3951 0.1555 0.0865 
         475  1 0.1580 0.1032 0.1369 0.0677 0.3447 0.1895 
         476  1 0.1963 0.1140 0.2538 0.0977 0.1232 0.2150 
         477  1 0.2052 0.1506 0.1713 0.1079 0.1210 0.2440 
         478  1 0.1908 0.2423 0.1689 0.1019 0.1582 0.1378 
         479  1 0.1399 0.3461 0.1243 0.0914 0.1277 0.1705 
         480  1 0.1519 0.0920 0.1829 0.2643 0.1987 0.1101 
         481  1 0.3558 0.1550 0.1817 0.0776 0.1169 0.1129 
         482  1 0.2112 0.3415 0.0878 0.0579 0.1729 0.1286 
         483  1 0.1488 0.0968 0.1781 0.2009 0.1623 0.2131 
         484  1 0.1632 0.0814 0.3339 0.0653 0.1517 0.2045 
         485  1 0.2787 0.2018 0.1411 0.0936 0.1983 0.0866 
         486  1 0.1313 0.2620 0.0699 0.0998 0.3671 0.0700 
         487  1 0.1983 0.1615 0.0835 0.2314 0.2489 0.0763 
         488  1 0.1880 0.1201 0.1190 0.3508 0.1147 0.1075 
         489  1 0.1441 0.1387 0.1094 0.2384 0.2791 0.0904 
         490  1 0.2478 0.2217 0.1151 0.1276 0.1913 0.0965 
         491  1 0.2331 0.0767 0.1134 0.1328 0.3791 0.0649 
         492  1 0.1721 0.2161 0.1316 0.1394 0.2216 0.1192 
         493  1 0.2328 0.3703 0.0866 0.0642 0.1462 0.1000 
         494  1 0.2271 0.1205 0.1867 0.2042 0.1726 0.0888 
         495  1 0.1956 0.1943 0.1771 0.1575 0.2006 0.0749 
         496  1 0.3107 0.1628 0.1658 0.0517 0.1840 0.1249 
         497  1 0.3347 0.1643 0.1258 0.1046 0.1906 0.0799 
         498  1 0.1698 0.2664 0.1503 0.1894 0.1005 0.1237 
         499  1 0.1293 0.1065 0.2120 0.2788 0.1448 0.1286 
         500  1 0.0923 0.1274 0.1433 0.1066 0.0879 0.4426 
         501  1 0.1756 0.1609 0.1873 0.0582 0.1037 0.3143 
         502  1 0.1507 0.2312 0.1656 0.0856 0.1447 0.2223 
         503  1 0.1330 0.4934 0.1192 0.0439 0.0969 0.1135 
         504  1 0.1833 0.3799 0.1157 0.0391 0.1465 0.1354 
         505  1 0.1259 0.4057 0.1229 0.0796 0.0564 0.2096 
         506  1 0.0823 0.0971 0.1901 0.1542 0.1243 0.3520 
         507  1 0.1839 0.3612 0.1571 0.0689 0.1306 0.0983 
         508  1 0.1854 0.2294 0.1482 0.0877 0.1550 0.1943 
         509  1 0.0952 0.1155 0.1441 0.1567 0.1624 0.3260 
         510  1 0.2407 0.1809 0.1987 0.0762 0.1440 0.1597 
         511  1 0.1891 0.0894 0.1445 0.2794 0.1952 0.1024 
         512  1 0.0720 0.0683 0.1620 0.3398 0.0736 0.2842 
         513  1 0.2320 0.0839 0.1728 0.1743 0.2245 0.1125 
         514  1 0.1760 0.4389 0.0724 0.1358 0.1063 0.0706 
         515  1 0.2183 0.1416 0.1706 0.2270 0.1249 0.1175 
         516  1 0.0805 0.0590 0.1591 0.4189 0.1474 0.1350 
         517  1 0.1282 0.1472 0.2013 0.1648 0.1867 0.1718 
         518  1 0.1349 0.5410 0.0885 0.0739 0.0877 0.0740 
         519  1 0.1037 0.0571 0.3331 0.1730 0.1960 0.1370 
         520  1 0.0935 0.0578 0.2874 0.0936 0.0768 0.3909 
         521  1 0.0633 0.0602 0.1772 0.1538 0.1727 0.3728 
         522  1 0.1366 0.1449 0.1098 0.2138 0.2117 0.1832 
         523  1 0.1473 0.3816 0.1501 0.0624 0.0990 0.1596 
         524  1 0.1335 0.1409 0.1365 0.0550 0.3828 0.1512 
         525  1 0.1431 0.3357 0.1046 0.2080 0.1420 0.0665 
         526  1 0.1473 0.0896 0.2126 0.0848 0.3572 0.1086 
         527  1 0.1694 0.2952 0.1014 0.2492 0.1228 0.0619 
         528  1 0.1161 0.3581 0.0759 0.2257 0.1436 0.0805 
         529  1 0.2083 0.1058 0.1821 0.3163 0.0971 0.0904 
         530  1 0.1571 0.1340 0.1186 0.1053 0.1482 0.3369 
         531  1 0.4336 0.2011 0.1350 0.0942 0.0676 0.0686 
         532  1 0.2483 0.2855 0.1070 0.0457 0.1774 0.1362 
         533  1 0.1501 0.2005 0.1896 0.1119 0.1375 0.2104 
         534  1 0.1750 0.1014 0.1788 0.2193 0.2056 0.1200 
         535  1 0.1826 0.4912 0.1138 0.0646 0.0884 0.0595 
         536  1 0.1735 0.2090 0.1014 0.2888 0.1527 0.0746 
         537  1 0.3003 0.0766 0.1268 0.1405 0.2935 0.0622 
         538  1 0.1302 0.0723 0.1450 0.1094 0.3223 0.2208 
         539  1 0.3196 0.0652 0.2650 0.1029 0.1179 0.1295 
         540  1 0.2001 0.2915 0.1062 0.0955 0.2634 0.0433 
         541  1 0.1755 0.1404 0.1462 0.1814 0.2660 0.0905 
         542  1 0.1911 0.2795 0.1170 0.1839 0.1144 0.1142 
         543  1 0.2149 0.2721 0.1929 0.0649 0.1093 0.1458 
         544  1 0.1013 0.0687 0.2408 0.0940 0.1278 0.3673 
         545  1 0.1049 0.0517 0.2198 0.3446 0.1905 0.0885 
         546  1 0.2718 0.1457 0.3003 0.0854 0.0679 0.1289 
         547  1 0.1153 0.1076 0.2796 0.1678 0.1816 0.1481 
         548  1 0.2691 0.1778 0.1412 0.1906 0.0630 0.1584 
         549  1 0.1520 0.0867 0.1768 0.2896 0.1390 0.1559 
         550  1 0.2046 0.0806 0.1950 0.1649 0.2695 0.0854 
         551  1 0.1503 0.1640 0.0956 0.0802 0.4391 0.0707 
         552  1 0.3243 0.1427 0.1781 0.1383 0.1448 0.0719 
         553  1 0.2352 0.0447 0.3927 0.0767 0.1194 0.1313 
         554  1 0.0882 0.0858 0.1942 0.2927 0.1884 0.1506 
         555  1 0.1894 0.1983 0.1090 0.1688 0.2640 0.0706 
         556  1 0.1730 0.0943 0.1578 0.1545 0.2581 0.1623 
         557  1 0.2575 0.0938 0.2334 0.1626 0.1568 0.0959 
         558  1 0.1713 0.1402 0.2653 0.0923 0.0739 0.2571 
         559  1 0.1123 0.0717 0.3086 0.1026 0.2226 0.1821 
         560  1 0.0855 0.2873 0.1304 0.1616 0.1397 0.1953 
         561  1 0.0715 0.0637 0.1861 0.1341 0.2796 0.2650 
         562  1 0.3845 0.1770 0.1509 0.0513 0.1272 0.1092 
         563  1 0.1561 0.0615 0.1842 0.1124 0.3580 0.1278 
         564  1 0.1678 0.1555 0.2820 0.1227 0.1574 0.1146 
         565  1 0.0903 0.4239 0.0864 0.0568 0.2065 0.1361 
         566  1 0.0929 0.1347 0.1494 0.1164 0.1996 0.3069 
         567  1 0.1978 0.1388 0.1088 0.1745 0.3182 0.0620 
         568  1 0.2222 0.4154 0.0671 0.0664 0.1856 0.0433 
         569  1 0.1199 0.1711 0.0772 0.1080 0.4609 0.0628 
         570  1 0.4364 0.1888 0.1475 0.0756 0.0730 0.0787 
         571  1 0.0696 0.0498 0.2511 0.1342 0.2614 0.2338 
         572  1 0.0877 0.1241 0.1272 0.3991 0.1386 0.1233 
         573  1 0.1677 0.2792 0.1636 0.0891 0.1243 0.1761 
         574  1 0.3121 0.2060 0.1603 0.0939 0.1421 0.0856 
         575  1 0.1467 0.0777 0.2135 0.1209 0.3182 0.1231 
         576  1 0.1869 0.1586 0.2212 0.2242 0.1204 0.0887 
         577  1 0.3690 0.2528 0.1431 0.0975 0.0737 0.0639 
         578  1 0.0875 0.0882 0.1910 0.0647 0.1765 0.3922 
         579  1 0.1569 0.1387 0.1470 0.0693 0.3867 0.1014 
         580  1 0.1461 0.1757 0.1550 0.1146 0.3103 0.0983 
         581  1 0.1179 0.0756 0.2294 0.2261 0.1967 0.1543 
         582  1 0.0979 0.0718 0.3031 0.2482 0.0821 0.1970 
         583  1 0.0990 0.2318 0.0595 0.0453 0.0554 0.5090 
         584  1 0.1405 0.0522 0.1969 0.1143 0.3620 0.1341 
         585  1 0.3368 0.1766 0.1282 0.0533 0.2427 0.0625 
         586  1 0.1264 0.0643 0.3398 0.1022 0.1573 0.2099 
         587  1 0.4210 0.1539 0.1277 0.0746 0.1431 0.0797 
         588  1 0.3074 0.2781 0.1242 0.0709 0.1584 0.0611 
         589  1 0.1493 0.1641 0.1990 0.2254 0.1095 0.1528 
         590  1 0.0951 0.4512 0.0531 0.0595 0.2690 0.0722 
         591  1 0.1298 0.0617 0.2521 0.1659 0.2629 0.1276 
         592  1 0.1076 0.5482 0.0503 0.0534 0.1620 0.0786 
         593  1 0.0886 0.1023 0.2166 0.0726 0.3591 0.1609 
         594  1 0.2011 0.1849 0.1543 0.0611 0.1991 0.1995 
         595  1 0.1439 0.2546 0.1448 0.1695 0.0746 0.2127 
         596  1 0.1062 0.0342 0.2918 0.1384 0.1345 0.2950 
         597  1 0.5087 0.1615 0.1548 0.0530 0.0803 0.0416 
         598  1 0.2227 0.1830 0.1923 0.1291 0.1682 0.1047 
         599  1 0.1839 0.1632 0.1155 0.1033 0.3182 0.1158 
         600  1 0.1176 0.4180 0.0714 0.0675 0.2398 0.0858 
         601  1 0.4013 0.1669 0.1724 0.0668 0.0973 0.0953 
         602  1 0.2100 0.0816 0.0700 0.0911 0.5015 0.0458 
         603  1 0.3409 0.0875 0.1586 0.1144 0.2497 0.0489 
         604  1 0.0951 0.1007 0.1290 0.3067 0.1762 0.1923 
         605  1 0.1233 0.1699 0.1380 0.2529 0.2169 0.0988 
         606  1 0.1447 0.4407 0.0972 0.0597 0.1296 0.1281 
         607  1 0.2984 0.1428 0.2262 0.0808 0.1460 0.1059 
         608  1 0.1374 0.2354 0.1368 0.0680 0.2894 0.1331 
         609  1 0.1186 0.0417 0.1849 0.4440 0.1352 0.0755 
         610  1 0.1905 0.2479 0.1618 0.0611 0.1092 0.2294 
         611  1 0.0657 0.0528 0.2532 0.2271 0.1852 0.2159 
         612  1 0.1144 0.1194 0.1511 0.0965 0.3242 0.1944 
         613  1 0.1327 0.5416 0.0715 0.0886 0.0910 0.0746 
         614  1 0.2091 0.3220 0.0911 0.0576 0.2215 0.0987 
         615  1 0.1865 0.1407 0.1316 0.1730 0.2931 0.0751 
         616  1 0.1600 0.0803 0.2577 0.0741 0.1988 0.2291 
         617  1 0.1732 0.3248 0.1208 0.0409 0.2488 0.0914 
         618  1 0.1324 0.2280 0.1416 0.1630 0.2322 0.1027 
         619  1 0.3116 0.1982 0.1459 0.1046 0.1361 0.1036 
         620  1 0.2250 0.1408 0.2129 0.1067 0.1486 0.1660 
         621  1 0.2161 0.1291 0.1423 0.1264 0.2885 0.0976 
         622  1 0.0667 0.0676 0.0809 0.4984 0.0736 0.2128 
         623  1 0.1022 0.2552 0.1053 0.2956 0.1238 0.1179 
         624  1 0.1056 0.1309 0.1532 0.1921 0.1545 0.2636 
         625  1 0.2958 0.1486 0.1231 0.0914 0.2765 0.0645 
         626  1 0.1073 0.1109 0.2140 0.1967 0.1409 0.2303 
         627  1 0.1624 0.3176 0.1036 0.0693 0.2456 0.1014 
         628  1 0.2861 0.2048 0.1852 0.1108 0.1203 0.0927 
         629  1 0.2090 0.0842 0.1659 0.2433 0.2193 0.0783 
         630  1 0.1198 0.0933 0.1402 0.0804 0.2892 0.2771 
         631  1 0.1659 0.3192 0.1144 0.0792 0.1957 0.1255 
         632  1 0.2566 0.4051 0.1339 0.0600 0.0567 0.0877 
         633  1 0.1491 0.2730 0.0771 0.0442 0.3624 0.0943 
         634  1 0.1841 0.1890 0.2831 0.0613 0.1613 0.1212 
         635  1 0.1819 0.1621 0.2339 0.2178 0.0705 0.1338 
         636  1 0.1943 0.1528 0.1525 0.1946 0.1627 0.1431 
         637  1 0.0930 0.0542 0.1533 0.4412 0.1402 0.1181 
         638  1 0.2574 0.2655 0.1271 0.1576 0.1124 0.0798 
         639  1 0.2387 0.3013 0.1222 0.0452 0.2431 0.0494 
         640  1 0.2642 0.2704 0.1079 0.1816 0.0889 0.0869 
         641  1 0.3500 0.1679 0.1867 0.0890 0.1015 0.1049 
         642  1 0.1754 0.3570 0.0750 0.1711 0.1493 0.0722 
         643  1 0.1317 0.0703 0.3430 0.0417 0.1883 0.2249 
         644  1 0.0921 0.1072 0.1193 0.0716 0.5139 0.0958 
         645  1 0.1092 0.0634 0.2386 0.3338 0.1771 0.0779 
         646  1 0.0894 0.1344 0.1511 0.1577 0.1217 0.3456 
         647  1 0.1683 0.1272 0.2213 0.1662 0.1380 0.1790 
         648  1 0.2464 0.2276 0.1225 0.1326 0.1110 0.1599 
         649  1 0.1823 0.3850 0.0834 0.0844 0.1803 0.0845 
         650  1 0.0689 0.0668 0.1481 0.4226 0.1353 0.1583 
         651  1 0.3035 0.1362 0.2663 0.0898 0.0910 0.1132 
         652  1 0.2282 0.0788 0.2179 0.1268 0.0946 0.2537 
         653  1 0.1354 0.2562 0.0947 0.0621 0.1641 0.2876 
         654  1 0.3651 0.0920 0.2311 0.1158 0.1144 0.0815 
         655  1 0.1274 0.0799 0.3066 0.2333 0.1208 0.1320 
         656  1 0.1324 0.3971 0.1262 0.0618 0.0931 0.1893 
         657  1 0.1620 0.4516 0.0910 0.1531 0.0512 0.0910 
         658  1 0.1464 0.3986 0.0828 0.0628 0.2305 0.0790 
         659  1 0.1758 0.1254 0.2226 0.1111 0.2049 0.1602 
         660  1 0.2361 0.3426 0.1069 0.0728 0.1537 0.0880 
         661  1 0.0719 0.1972 0.1149 0.2952 0.0901 0.2307 
         662  1 0.2987 0.1408 0.1732 0.0762 0.1558 0.1553 
         663  1 0.1458 0.0711 0.3224 0.2343 0.1139 0.1126 
         664  1 0.1724 0.1645 0.1680 0.0876 0.1490 0.2585 
         665  1 0.0978 0.0977 0.1988 0.1057 0.1519 0.3482 
         666  1 0.2095 0.2554 0.1645 0.0787 0.2052 0.0868 
         667  1 0.2324 0.1251 0.1700 0.1615 0.2099 0.1012 
         668  1 0.2207 0.2550 0.1411 0.0790 0.0872 0.2170 
         669  1 0.0440 0.0423 0.0470 0.7740 0.0452 0.0473 
         670  1 0.1084 0.0649 0.1861 0.3807 0.0679 0.1920 
         671  1 0.3204 0.1431 0.2068 0.1007 0.1209 0.1081 
         672  1 0.1657 0.1325 0.2308 0.1826 0.1302 0.1582 
         673  1 0.1715 0.0714 0.1849 0.2580 0.1838 0.1304 
         674  1 0.0622 0.0667 0.2410 0.0503 0.3044 0.2754 
         675  1 0.0983 0.2272 0.1586 0.0732 0.2726 0.1701 
         676  1 0.1479 0.3820 0.1031 0.0460 0.0571 0.2639 
         677  1 0.2891 0.2054 0.1666 0.0855 0.0856 0.1678 
