           1  1 0.1997 0.1181 0.1880 0.1643 0.0998 0.2302 
           2  1 0.0825 0.3673 0.1153 0.1777 0.1583 0.0988 
           3  1 0.1918 0.1562 0.1473 0.2940 0.1280 0.0826 
           4  1 0.2912 0.1037 0.2620 0.0832 0.1684 0.0914 
           5  1 0.2281 0.1016 0.1847 0.1996 0.1700 0.1160 
           6  1 0.1685 0.0998 0.1777 0.1796 0.1938 0.1806 
           7  1 0.1119 0.0898 0.2052 0.1547 0.3743 0.0642 
           8  1 0.1708 0.1128 0.1827 0.1993 0.2117 0.1228 
           9  1 0.1851 0.1287 0.1792 0.2302 0.1262 0.1506 
          10  1 0.1526 0.3379 0.1603 0.0818 0.1552 0.1121 
          11  1 0.2351 0.1552 0.1842 0.1823 0.1588 0.0844 
          12  1 0.2493 0.2111 0.2089 0.1167 0.1204 0.0935 
          13  1 0.1944 0.0959 0.1745 0.1781 0.1374 0.2197 
          14  1 0.1454 0.0964 0.1217 0.4321 0.1225 0.0819 
          15  1 0.2312 0.0671 0.1653 0.3608 0.1078 0.0677 
          16  1 0.1676 0.1236 0.1709 0.1971 0.1816 0.1593 
          17  1 0.1215 0.1105 0.1236 0.1032 0.1217 0.4195 
          18  1 0.2103 0.1067 0.1897 0.1979 0.2013 0.0941 
          19  1 0.1730 0.1640 0.1898 0.1012 0.2016 0.1704 
          20  1 0.1374 0.1491 0.1540 0.2202 0.2039 0.1353 
          21  1 0.1923 0.0956 0.1960 0.1371 0.2121 0.1668 
          22  1 0.1448 0.2366 0.1378 0.2486 0.1478 0.0844 
          23  1 0.2165 0.1512 0.1900 0.1430 0.1396 0.1597 
          24  1 0.1156 0.1508 0.1374 0.0936 0.1650 0.3377 
          25  1 0.1421 0.0826 0.1930 0.1442 0.2566 0.1815 
          26  1 0.2438 0.1459 0.1981 0.1734 0.1385 0.1003 
          27  1 0.0708 0.3833 0.1222 0.0708 0.2500 0.1030 
          28  1 0.0892 0.1023 0.0866 0.5574 0.1014 0.0631 
          29  1 0.2221 0.2611 0.2139 0.0550 0.1389 0.1091 
          30  1 0.2542 0.0561 0.1838 0.2166 0.1324 0.1569 
          31  1 0.1272 0.1051 0.1939 0.0969 0.2884 0.1885 
          32  1 0.2603 0.0940 0.2209 0.1321 0.1752 0.1174 
          33  1 0.0981 0.1248 0.0918 0.3515 0.0918 0.2419 
          34  1 0.1548 0.1299 0.1588 0.1854 0.1804 0.1907 
          35  1 0.2368 0.1030 0.1954 0.1686 0.1410 0.1552 
          36  1 0.2931 0.0924 0.2113 0.1652 0.1544 0.0836 
          37  1 0.1396 0.1466 0.2275 0.0947 0.3049 0.0866 
          38  1 0.1861 0.3374 0.1865 0.0654 0.1504 0.0742 
          39  1 0.1938 0.1038 0.1631 0.2871 0.0767 0.1754 
          40  1 0.1442 0.1457 0.1357 0.1474 0.1238 0.3032 
          41  1 0.2725 0.1069 0.2501 0.1494 0.1689 0.0522 
          42  1 0.1307 0.1765 0.1421 0.0964 0.1764 0.2778 
          43  1 0.1241 0.4955 0.1007 0.1112 0.0788 0.0897 
          44  1 0.1582 0.1666 0.1519 0.2057 0.1068 0.2107 
          45  1 0.1246 0.0919 0.1188 0.1675 0.0960 0.4012 
          46  1 0.0628 0.3631 0.0907 0.1608 0.1265 0.1961 
          47  1 0.2808 0.0716 0.2027 0.1316 0.1576 0.1557 
          48  1 0.1942 0.1624 0.2194 0.0703 0.2644 0.0891 
          49  1 0.1753 0.1181 0.1539 0.2023 0.1277 0.2227 
          50  1 0.1441 0.1771 0.1480 0.2940 0.1528 0.0840 
          51  1 0.1126 0.0551 0.1004 0.0544 0.0961 0.5815 
          52  1 0.0969 0.0851 0.1233 0.1622 0.1593 0.3732 
          53  1 0.1657 0.0794 0.1436 0.2882 0.1278 0.1952 
          54  1 0.1329 0.0842 0.2002 0.0688 0.2597 0.2543 
          55  1 0.0709 0.1400 0.1791 0.0838 0.3535 0.1727 
          56  1 0.1311 0.3438 0.1219 0.0725 0.1058 0.2249 
          57  1 0.0501 0.1298 0.0740 0.0532 0.1208 0.5721 
          58  1 0.1255 0.1790 0.1582 0.1659 0.2323 0.1392 
          59  1 0.0876 0.0601 0.0890 0.3467 0.1095 0.3071 
          60  1 0.1752 0.1608 0.1666 0.2519 0.1387 0.1068 
          61  1 0.1793 0.1620 0.1770 0.2078 0.1723 0.1016 
          62  1 0.2889 0.1143 0.2204 0.1461 0.1071 0.1232 
          63  1 0.2646 0.1110 0.2382 0.0900 0.1839 0.1123 
          64  1 0.2167 0.1135 0.1815 0.1181 0.1763 0.1940 
          65  1 0.0928 0.1703 0.1613 0.1421 0.2779 0.1557 
          66  1 0.0904 0.4502 0.1044 0.1258 0.1624 0.0668 
          67  1 0.2348 0.1095 0.1809 0.2759 0.1242 0.0747 
          68  1 0.2071 0.1170 0.2096 0.2070 0.1814 0.0778 
          69  1 0.1561 0.2823 0.1795 0.1125 0.2091 0.0606 
          70  1 0.1923 0.1709 0.1937 0.1717 0.1533 0.1181 
          71  1 0.0616 0.2520 0.1151 0.1311 0.2408 0.1994 
          72  1 0.0769 0.1030 0.1127 0.1251 0.1718 0.4105 
          73  1 0.1635 0.3387 0.1586 0.1216 0.1413 0.0763 
          74  1 0.1738 0.1771 0.1520 0.1446 0.1452 0.2073 
          75  1 0.0871 0.2077 0.0941 0.4481 0.1143 0.0487 
          76  1 0.2681 0.1327 0.2315 0.1295 0.1520 0.0861 
          77  1 0.0777 0.3716 0.0733 0.3735 0.0602 0.0437 
          78  1 0.2580 0.0915 0.2218 0.0961 0.1370 0.1956 
          79  1 0.2554 0.1356 0.2232 0.1048 0.2083 0.0725 
          80  1 0.3176 0.0479 0.1969 0.1912 0.1632 0.0832 
          81  1 0.1571 0.0977 0.1494 0.3423 0.1702 0.0832 
          82  1 0.1376 0.0926 0.1243 0.1592 0.1191 0.3671 
          83  1 0.2576 0.0836 0.1934 0.2541 0.1481 0.0633 
          84  1 0.2969 0.0649 0.2421 0.1477 0.1509 0.0975 
          85  1 0.1037 0.2456 0.1632 0.1079 0.2339 0.1456 
          86  1 0.1278 0.1843 0.1150 0.3026 0.1047 0.1657 
          87  1 0.1462 0.1816 0.1557 0.1244 0.1701 0.2220 
          88  1 0.0996 0.5319 0.0962 0.1014 0.0943 0.0765 
          89  1 0.0956 0.1224 0.1458 0.2230 0.2448 0.1685 
          90  1 0.1029 0.1322 0.1991 0.0866 0.3276 0.1516 
          91  1 0.2074 0.1421 0.1931 0.1420 0.1803 0.1352 
          92  1 0.1684 0.2250 0.2016 0.1458 0.2109 0.0484 
          93  1 0.0905 0.1288 0.1112 0.1479 0.1305 0.3911 
          94  1 0.1172 0.1575 0.1421 0.2816 0.1842 0.1175 
          95  1 0.3481 0.0848 0.2547 0.0859 0.1331 0.0933 
          96  1 0.2252 0.3108 0.1968 0.1041 0.1126 0.0506 
          97  1 0.1865 0.1744 0.1586 0.2261 0.1473 0.1072 
          98  1 0.2827 0.0552 0.2428 0.0738 0.1142 0.2313 
          99  1 0.1588 0.1447 0.1372 0.1817 0.1262 0.2514 
         100  1 0.1618 0.1705 0.1811 0.2501 0.1464 0.0900 
         101  1 0.1442 0.2112 0.1561 0.1511 0.1879 0.1495 
         102  1 0.1500 0.0781 0.1462 0.3593 0.1576 0.1088 
         103  1 0.0956 0.2599 0.1035 0.3786 0.0939 0.0684 
         104  1 0.2108 0.1016 0.2360 0.1030 0.2573 0.0913 
         105  1 0.1778 0.1110 0.1730 0.1751 0.1638 0.1994 
         106  1 0.0814 0.2473 0.1382 0.2465 0.2204 0.0661 
         107  1 0.1811 0.2048 0.1972 0.1188 0.1959 0.1023 
         108  1 0.1504 0.0908 0.1669 0.1591 0.1640 0.2689 
         109  1 0.2038 0.0968 0.1789 0.2683 0.1505 0.1017 
         110  1 0.1933 0.2695 0.1796 0.1125 0.1705 0.0747 
         111  1 0.3018 0.0604 0.2177 0.1977 0.1497 0.0727 
         112  1 0.1539 0.1171 0.1461 0.1321 0.1521 0.2989 
         113  1 0.1241 0.0802 0.1397 0.1241 0.1868 0.3451 
         114  1 0.1598 0.2565 0.1460 0.1668 0.1397 0.1313 
         115  1 0.0771 0.2820 0.1164 0.1219 0.1928 0.2097 
         116  1 0.0847 0.2822 0.0975 0.1948 0.1369 0.2040 
         117  1 0.1048 0.4156 0.1114 0.0955 0.1566 0.1161 
         118  1 0.1033 0.1770 0.1133 0.0990 0.1378 0.3696 
         119  1 0.0849 0.2709 0.1128 0.2726 0.1504 0.1084 
         120  1 0.1226 0.1131 0.1317 0.3265 0.1466 0.1595 
         121  1 0.1279 0.1257 0.1561 0.0977 0.2019 0.2907 
         122  1 0.2400 0.1213 0.2648 0.0976 0.2333 0.0431 
         123  1 0.2363 0.1578 0.2207 0.0890 0.1661 0.1302 
         124  1 0.0825 0.4087 0.1069 0.0628 0.1843 0.1547 
         125  1 0.0776 0.2539 0.1198 0.0983 0.2293 0.2211 
         126  1 0.0437 0.6881 0.0520 0.0547 0.0894 0.0721 
         127  1 0.0844 0.5314 0.0901 0.0897 0.1301 0.0743 
         128  1 0.1691 0.2582 0.1569 0.1328 0.1500 0.1329 
         129  1 0.1717 0.1419 0.2281 0.0885 0.2556 0.1142 
         130  1 0.1621 0.0627 0.1496 0.4534 0.1268 0.0454 
         131  1 0.2250 0.1216 0.1866 0.2231 0.1526 0.0911 
         132  1 0.1867 0.1145 0.1921 0.1595 0.1645 0.1826 
         133  1 0.1946 0.1364 0.1930 0.1128 0.1540 0.2091 
         134  1 0.2568 0.1035 0.2033 0.2380 0.1371 0.0613 
         135  1 0.0945 0.0978 0.1137 0.2686 0.1539 0.2715 
         136  1 0.3228 0.0960 0.2546 0.1130 0.1073 0.1061 
         137  1 0.3179 0.0584 0.2213 0.2096 0.1268 0.0660 
         138  1 0.3151 0.0755 0.2427 0.1350 0.1648 0.0668 
         139  1 0.1505 0.0772 0.1322 0.0887 0.1307 0.4207 
         140  1 0.1970 0.1152 0.1573 0.2335 0.1525 0.1445 
         141  1 0.1457 0.0943 0.1045 0.3090 0.0968 0.2498 
         142  1 0.1991 0.1306 0.1632 0.1430 0.1377 0.2264 
         143  1 0.1249 0.0998 0.1317 0.2250 0.1441 0.2746 
         144  1 0.1099 0.2816 0.1244 0.0933 0.1467 0.2441 
         145  1 0.1863 0.1014 0.2045 0.0785 0.2556 0.1736 
         146  1 0.0482 0.0587 0.0443 0.0856 0.0418 0.7215 
         147  1 0.3595 0.0833 0.2654 0.0746 0.1474 0.0697 
         148  1 0.1403 0.1330 0.1526 0.1485 0.1656 0.2599 
         149  1 0.1998 0.2822 0.1793 0.1262 0.1133 0.0991 
         150  1 0.3739 0.0643 0.2943 0.0894 0.1049 0.0733 
         151  1 0.1263 0.1636 0.1294 0.2406 0.1064 0.2338 
         152  1 0.1293 0.1247 0.1316 0.2856 0.1476 0.1812 
         153  1 0.1819 0.2238 0.1821 0.1078 0.1762 0.1283 
         154  1 0.2553 0.1766 0.1769 0.1524 0.1166 0.1223 
         155  1 0.2615 0.1189 0.2229 0.1030 0.1224 0.1712 
         156  1 0.2299 0.2434 0.2109 0.0664 0.1208 0.1286 
         157  1 0.1844 0.1296 0.1772 0.2686 0.1298 0.1105 
         158  1 0.2262 0.0657 0.1886 0.1365 0.1302 0.2528 
         159  1 0.1991 0.2152 0.1516 0.2138 0.1041 0.1160 
         160  1 0.3730 0.0575 0.2479 0.1016 0.1436 0.0765 
         161  1 0.1781 0.0984 0.1421 0.2064 0.1337 0.2413 
         162  1 0.1524 0.2327 0.1778 0.1766 0.2053 0.0552 
         163  1 0.1886 0.2893 0.1772 0.1037 0.1494 0.0918 
         164  1 0.2055 0.0888 0.1832 0.2805 0.1398 0.1021 
         165  1 0.1698 0.1660 0.1895 0.1390 0.2391 0.0967 
         166  1 0.2560 0.0540 0.2116 0.0883 0.1336 0.2566 
         167  1 0.1765 0.1201 0.2507 0.0740 0.2945 0.0842 
         168  1 0.3329 0.0601 0.2175 0.1661 0.1320 0.0913 
         169  1 0.1168 0.3020 0.1090 0.2034 0.1088 0.1600 
         170  1 0.0897 0.0920 0.0925 0.4625 0.1216 0.1417 
         171  1 0.2984 0.0793 0.2148 0.1441 0.1149 0.1484 
         172  1 0.1326 0.1253 0.1566 0.1005 0.1989 0.2860 
         173  1 0.1134 0.1191 0.1119 0.3424 0.1357 0.1775 
         174  1 0.1194 0.1801 0.1318 0.1237 0.2019 0.2432 
         175  1 0.1200 0.1513 0.1208 0.1973 0.1372 0.2735 
         176  1 0.2145 0.0767 0.1685 0.2238 0.1690 0.1475 
         177  1 0.0979 0.2395 0.1275 0.1296 0.1722 0.2333 
         178  1 0.1523 0.0732 0.1685 0.1142 0.1731 0.3187 
         179  1 0.1739 0.2155 0.1707 0.0963 0.1090 0.2345 
         180  1 0.3071 0.1346 0.2212 0.1426 0.1220 0.0725 
         181  1 0.1696 0.1142 0.1523 0.3491 0.1450 0.0697 
         182  1 0.3702 0.0675 0.3026 0.0659 0.1291 0.0648 
         183  1 0.2241 0.1239 0.1992 0.1183 0.1085 0.2260 
         184  1 0.1262 0.1191 0.1330 0.3918 0.1402 0.0898 
         185  1 0.0842 0.1422 0.2019 0.0955 0.3778 0.0983 
         186  1 0.0918 0.3331 0.1209 0.0858 0.2477 0.1207 
         187  1 0.2684 0.0945 0.2643 0.1178 0.2021 0.0528 
         188  1 0.1089 0.2432 0.1225 0.0949 0.1618 0.2688 
         189  1 0.1156 0.2720 0.1350 0.1369 0.1799 0.1605 
         190  1 0.0573 0.0942 0.0739 0.0683 0.1099 0.5963 
         191  1 0.0939 0.2340 0.1157 0.1664 0.1507 0.2395 
         192  1 0.2130 0.1076 0.1860 0.2499 0.1477 0.0958 
         193  1 0.1186 0.1797 0.1277 0.1427 0.1616 0.2698 
         194  1 0.3320 0.0569 0.2502 0.1540 0.1201 0.0869 
         195  1 0.1783 0.0527 0.1336 0.1842 0.1545 0.2967 
         196  1 0.0727 0.3298 0.0838 0.2208 0.0959 0.1969 
         197  1 0.0908 0.1214 0.1042 0.1056 0.1152 0.4628 
         198  1 0.0693 0.2270 0.0696 0.3403 0.0689 0.2249 
         199  1 0.0728 0.4077 0.1417 0.0591 0.2813 0.0373 
         200  1 0.1484 0.2848 0.1749 0.0962 0.2077 0.0880 
         201  1 0.1134 0.1890 0.1965 0.0966 0.3032 0.1013 
         202  1 0.3248 0.0921 0.2787 0.1164 0.1293 0.0588 
         203  1 0.1217 0.3345 0.1117 0.1065 0.0906 0.2349 
         204  1 0.0683 0.5358 0.0758 0.0910 0.0965 0.1326 
         205  1 0.1286 0.3439 0.1386 0.1016 0.2090 0.0785 
         206  1 0.1481 0.2221 0.2108 0.0679 0.2847 0.0664 
         207  1 0.1578 0.1282 0.1506 0.2715 0.1636 0.1283 
         208  1 0.2240 0.0947 0.1862 0.2786 0.1046 0.1119 
         209  1 0.0846 0.3378 0.1200 0.1593 0.1755 0.1227 
         210  1 0.0959 0.1119 0.1196 0.1154 0.1597 0.3974 
         211  1 0.0624 0.2016 0.0827 0.1007 0.1324 0.4201 
         212  1 0.3536 0.0732 0.3201 0.0650 0.1319 0.0562 
         213  1 0.1117 0.0993 0.1432 0.1704 0.1988 0.2765 
         214  1 0.0593 0.2451 0.1317 0.1917 0.2300 0.1422 
         215  1 0.0957 0.1544 0.0945 0.1270 0.1007 0.4277 
         216  1 0.2399 0.0550 0.1906 0.0933 0.1841 0.2370 
         217  1 0.0944 0.2225 0.0942 0.1023 0.1102 0.3763 
         218  1 0.1913 0.0747 0.1626 0.1079 0.1610 0.3025 
         219  1 0.0336 0.7064 0.0444 0.0826 0.0594 0.0736 
         220  1 0.2363 0.1597 0.2303 0.0629 0.1708 0.1400 
         221  1 0.1155 0.1661 0.2130 0.0769 0.3338 0.0948 
         222  1 0.1549 0.0611 0.1839 0.1547 0.1765 0.2688 
         223  1 0.0611 0.2564 0.0633 0.0432 0.0567 0.5193 
         224  1 0.0886 0.3417 0.1399 0.0826 0.2393 0.1079 
         225  1 0.0629 0.1151 0.0939 0.1144 0.1496 0.4641 
         226  1 0.0716 0.1311 0.1347 0.2243 0.2676 0.1706 
         227  1 0.1384 0.1995 0.1375 0.2672 0.1262 0.1313 
         228  1 0.3722 0.0830 0.2993 0.0709 0.1163 0.0582 
         229  1 0.1991 0.1708 0.1998 0.1378 0.1820 0.1105 
         230  1 0.0539 0.5265 0.0755 0.1057 0.1287 0.1097 
         231  1 0.0490 0.6359 0.0554 0.0665 0.0720 0.1212 
         232  1 0.1297 0.1752 0.1437 0.3292 0.1525 0.0697 
         233  1 0.3372 0.0707 0.2536 0.1144 0.1226 0.1015 
         234  1 0.1464 0.1019 0.1751 0.0869 0.1886 0.3011 
         235  1 0.1386 0.3024 0.1464 0.1182 0.1680 0.1264 
         236  1 0.3047 0.0689 0.2172 0.1347 0.1506 0.1240 
         237  1 0.1169 0.1640 0.1027 0.1032 0.0845 0.4286 
         238  1 0.1133 0.2087 0.1121 0.4032 0.1164 0.0463 
         239  1 0.3207 0.0535 0.2239 0.1611 0.1607 0.0801 
         240  1 0.0758 0.0965 0.0809 0.2957 0.1010 0.3500 
         241  1 0.0696 0.2174 0.0913 0.3278 0.1574 0.1364 
         242  1 0.1702 0.2785 0.1621 0.1790 0.1299 0.0803 
         243  1 0.1505 0.1650 0.1589 0.1102 0.1488 0.2666 
         244  1 0.1686 0.0541 0.1417 0.3040 0.1471 0.1846 
         245  1 0.1637 0.0555 0.1401 0.3137 0.1463 0.1807 
         246  1 0.2098 0.1362 0.2088 0.1041 0.1621 0.1790 
         247  1 0.0978 0.1832 0.1067 0.4191 0.1235 0.0698 
         248  1 0.1119 0.1051 0.1195 0.2306 0.1168 0.3161 
         249  1 0.1471 0.2317 0.1757 0.1292 0.2208 0.0955 
         250  1 0.0516 0.1634 0.0917 0.1062 0.1540 0.4331 
         251  1 0.2132 0.0998 0.1957 0.1448 0.1776 0.1689 
         252  1 0.2443 0.1068 0.2112 0.1706 0.1190 0.1480 
         253  1 0.2288 0.0965 0.1798 0.1561 0.1019 0.2368 
         254  1 0.2285 0.0979 0.2268 0.1084 0.2013 0.1372 
         255  1 0.1546 0.1406 0.1614 0.2045 0.1886 0.1503 
         256  1 0.0929 0.1991 0.0914 0.4380 0.1012 0.0774 
         257  1 0.0976 0.3499 0.1268 0.0895 0.1814 0.1548 
         258  1 0.3469 0.0889 0.2383 0.0847 0.1573 0.0838 
         259  1 0.0550 0.0728 0.0521 0.0370 0.0616 0.7215 
         260  1 0.1732 0.0818 0.1660 0.1555 0.1802 0.2432 
         261  1 0.2364 0.1224 0.1801 0.1539 0.1685 0.1387 
         262  1 0.2295 0.1437 0.2091 0.2052 0.1211 0.0913 
         263  1 0.2870 0.0831 0.2381 0.2057 0.0933 0.0928 
         264  1 0.2480 0.0907 0.2057 0.1562 0.1214 0.1780 
         265  1 0.1120 0.3473 0.1019 0.2776 0.0816 0.0796 
         266  1 0.0777 0.0700 0.1827 0.0836 0.3586 0.2274 
         267  1 0.1693 0.1766 0.1902 0.1572 0.2114 0.0953 
         268  1 0.1782 0.0776 0.1335 0.1892 0.1006 0.3210 
         269  1 0.1532 0.2234 0.2053 0.1068 0.2359 0.0753 
         270  1 0.0637 0.4241 0.0851 0.1205 0.1380 0.1685 
         271  1 0.1596 0.2516 0.1780 0.1054 0.1723 0.1331 
         272  1 0.1518 0.1568 0.1227 0.2134 0.0981 0.2572 
         273  1 0.1292 0.1376 0.2030 0.0971 0.2940 0.1392 
         274  1 0.2980 0.1847 0.2656 0.0602 0.1322 0.0593 
         275  1 0.1046 0.1344 0.1058 0.1493 0.1091 0.3968 
         276  1 0.1543 0.0582 0.1212 0.4394 0.1160 0.1109 
         277  1 0.0667 0.2480 0.1276 0.1268 0.2538 0.1771 
         278  1 0.1050 0.1324 0.1118 0.3703 0.1079 0.1725 
         279  1 0.1618 0.2380 0.1448 0.2447 0.1572 0.0535 
         280  1 0.0625 0.5268 0.0687 0.1944 0.0748 0.0727 
         281  1 0.0931 0.4130 0.0919 0.1982 0.0869 0.1169 
         282  1 0.1119 0.0847 0.1147 0.4834 0.1041 0.1013 
         283  1 0.3218 0.1053 0.2621 0.1157 0.1293 0.0658 
         284  1 0.1212 0.1129 0.1691 0.3119 0.2108 0.0740 
         285  1 0.2431 0.0802 0.2786 0.0538 0.2358 0.1085 
         286  1 0.1845 0.0693 0.1549 0.3102 0.1600 0.1211 
         287  1 0.1709 0.0769 0.1450 0.4068 0.0641 0.1363 
         288  1 0.1122 0.3821 0.1336 0.1021 0.1619 0.1082 
         289  1 0.3261 0.0584 0.2743 0.0784 0.2005 0.0623 
         290  1 0.1717 0.1997 0.1553 0.2061 0.1373 0.1299 
         291  1 0.2137 0.1640 0.1748 0.1824 0.1070 0.1581 
         292  1 0.1793 0.1551 0.1746 0.1534 0.1791 0.1585 
         293  1 0.2807 0.1291 0.2496 0.0898 0.1445 0.1062 
         294  1 0.1325 0.1598 0.1679 0.2125 0.2402 0.0872 
         295  1 0.2315 0.0974 0.2378 0.1402 0.2411 0.0520 
         296  1 0.1448 0.3250 0.1515 0.1503 0.1485 0.0798 
         297  1 0.2851 0.0624 0.2549 0.0714 0.2028 0.1234 
         298  1 0.1952 0.0685 0.1826 0.1798 0.1829 0.1910 
         299  1 0.3010 0.1189 0.2599 0.0684 0.1324 0.1195 
         300  1 0.1186 0.1573 0.1146 0.0935 0.1343 0.3817 
         301  1 0.1073 0.1077 0.1239 0.3830 0.1518 0.1263 
         302  1 0.0652 0.0519 0.0855 0.0717 0.1026 0.6232 
         303  1 0.2252 0.1114 0.2279 0.1443 0.1918 0.0993 
         304  1 0.0801 0.1417 0.1148 0.2362 0.1815 0.2458 
         305  1 0.1123 0.1876 0.1458 0.1580 0.2200 0.1763 
         306  1 0.0603 0.1696 0.0817 0.4210 0.1185 0.1488 
         307  1 0.1956 0.1243 0.1704 0.1736 0.1640 0.1722 
         308  1 0.3171 0.0897 0.2157 0.1248 0.1396 0.1131 
         309  1 0.2600 0.1537 0.2367 0.0870 0.1894 0.0732 
         310  1 0.2972 0.0725 0.2367 0.1739 0.1400 0.0797 
         311  1 0.2734 0.0967 0.2185 0.1564 0.1429 0.1120 
         312  1 0.0766 0.1385 0.1163 0.3581 0.2311 0.0793 
         313  1 0.2993 0.1709 0.2414 0.0740 0.1556 0.0588 
         314  1 0.1075 0.1365 0.2289 0.0881 0.3675 0.0716 
         315  1 0.2351 0.1097 0.2095 0.2061 0.1375 0.1021 
         316  1 0.2987 0.0491 0.1747 0.1475 0.1427 0.1874 
         317  1 0.1919 0.1087 0.1726 0.1942 0.1327 0.1998 
         318  1 0.2997 0.0718 0.2257 0.1177 0.2019 0.0832 
         319  1 0.0895 0.1454 0.1186 0.3570 0.1872 0.1023 
         320  1 0.1769 0.1318 0.1619 0.1768 0.1314 0.2211 
         321  1 0.1819 0.1699 0.1701 0.0679 0.1495 0.2607 
         322  1 0.1168 0.0913 0.1856 0.1309 0.3336 0.1420 
         323  1 0.0692 0.1113 0.1852 0.0654 0.4168 0.1521 
         324  1 0.0993 0.1009 0.1423 0.0769 0.1806 0.4001 
         325  1 0.2380 0.0963 0.1835 0.2517 0.1379 0.0926 
         326  1 0.1108 0.1512 0.1635 0.1277 0.2153 0.2315 
         327  1 0.1296 0.2497 0.1361 0.1713 0.1372 0.1760 
         328  1 0.1564 0.2667 0.1497 0.2191 0.1300 0.0780 
         329  1 0.2668 0.1694 0.2074 0.1175 0.1622 0.0766 
         330  1 0.2705 0.0658 0.2213 0.2453 0.1329 0.0641 
         331  1 0.1683 0.0941 0.1291 0.2846 0.1163 0.2077 
         332  1 0.2314 0.0920 0.1926 0.1516 0.1613 0.1711 
         333  1 0.1583 0.1371 0.1504 0.1026 0.1088 0.3428 
         334  1 0.1910 0.1374 0.2022 0.1361 0.2477 0.0857 
         335  1 0.1802 0.1141 0.2243 0.1274 0.2761 0.0779 
         336  1 0.2217 0.1259 0.2058 0.1600 0.1842 0.1024 
         337  1 0.1428 0.1124 0.1540 0.2088 0.2225 0.1594 
         338  1 0.0759 0.1996 0.0972 0.4116 0.1520 0.0636 
         339  1 0.1296 0.2675 0.1120 0.1730 0.1367 0.1811 
         340  1 0.1386 0.1735 0.1703 0.1266 0.2488 0.1423 
         341  1 0.1536 0.0740 0.2365 0.0947 0.3130 0.1282 
         342  1 0.2170 0.0930 0.2023 0.1889 0.1546 0.1442 
         343  1 0.2713 0.1139 0.2476 0.0722 0.1365 0.1585 
         344  1 0.3383 0.0599 0.2528 0.1544 0.1157 0.0790 
         345  1 0.1464 0.1497 0.1858 0.2221 0.2154 0.0806 
         346  1 0.1631 0.1217 0.2363 0.1138 0.2575 0.1077 
         347  1 0.2303 0.1598 0.2139 0.1427 0.1754 0.0779 
         348  1 0.2118 0.0859 0.1705 0.2409 0.1316 0.1593 
         349  1 0.2154 0.1584 0.1977 0.1288 0.1396 0.1601 
         350  1 0.1307 0.0881 0.1746 0.2625 0.2488 0.0953 
         351  1 0.1441 0.1666 0.1759 0.1278 0.2149 0.1708 
         352  1 0.2281 0.0897 0.2019 0.1352 0.1888 0.1563 
         353  1 0.1598 0.3911 0.1304 0.1318 0.0922 0.0947 
         354  1 0.0855 0.2596 0.0912 0.1272 0.0988 0.3377 
         355  1 0.2349 0.0872 0.1821 0.2502 0.1660 0.0797 
         356  1 0.0933 0.2749 0.1475 0.1411 0.2424 0.1008 
         357  1 0.1155 0.1168 0.1851 0.1065 0.2652 0.2109 
         358  1 0.2956 0.1096 0.2795 0.0802 0.1745 0.0606 
         359  1 0.0799 0.0702 0.2220 0.0547 0.4388 0.1344 
         360  1 0.1712 0.1522 0.1546 0.1581 0.1377 0.2261 
         361  1 0.2414 0.0549 0.1776 0.1769 0.1219 0.2274 
         362  1 0.0882 0.1426 0.1542 0.1292 0.2520 0.2338 
         363  1 0.0782 0.2665 0.0856 0.1289 0.0912 0.3496 
         364  1 0.1385 0.2609 0.1582 0.1438 0.1764 0.1222 
         365  1 0.2375 0.1872 0.2335 0.0495 0.1640 0.1283 
         366  1 0.2152 0.1177 0.2333 0.0895 0.2247 0.1196 
         367  1 0.1787 0.1886 0.1740 0.1246 0.1754 0.1587 
         368  1 0.1627 0.1831 0.1720 0.1522 0.1589 0.1711 
         369  1 0.0839 0.4961 0.1017 0.0886 0.1475 0.0822 
         370  1 0.1848 0.0760 0.1535 0.0881 0.1298 0.3679 
         371  1 0.1871 0.1500 0.1670 0.1097 0.1447 0.2416 
         372  1 0.2104 0.0848 0.1644 0.2464 0.1810 0.1130 
         373  1 0.2413 0.1411 0.2188 0.1102 0.1594 0.1292 
         374  1 0.2490 0.1605 0.2261 0.1216 0.1457 0.0971 
         375  1 0.1821 0.3035 0.1993 0.0617 0.1895 0.0639 
         376  1 0.2264 0.1439 0.2055 0.2220 0.1382 0.0640 
         377  1 0.1724 0.2361 0.2002 0.0875 0.1989 0.1049 
         378  1 0.1649 0.1837 0.1739 0.1723 0.2074 0.0978 
         379  1 0.1287 0.3355 0.1246 0.1718 0.1080 0.1314 
         380  1 0.3535 0.0787 0.2796 0.1334 0.0985 0.0562 
         381  1 0.1316 0.1341 0.1646 0.1658 0.2316 0.1723 
         382  1 0.2233 0.1066 0.1807 0.1107 0.1505 0.2282 
         383  1 0.1485 0.0828 0.1344 0.3705 0.1984 0.0654 
         384  1 0.1994 0.1568 0.1965 0.2167 0.1543 0.0763 
         385  1 0.0876 0.1383 0.1597 0.1614 0.2627 0.1904 
         386  1 0.1012 0.0725 0.1041 0.0854 0.1008 0.5359 
         387  1 0.1596 0.1042 0.1455 0.3612 0.1187 0.1109 
         388  1 0.1582 0.1364 0.1672 0.0957 0.1605 0.2820 
         389  1 0.1864 0.0874 0.1706 0.1177 0.1402 0.2978 
         390  1 0.1622 0.1287 0.1519 0.2518 0.1468 0.1587 
         391  1 0.0913 0.2406 0.1353 0.1054 0.2191 0.2082 
         392  1 0.2103 0.1153 0.1852 0.2026 0.1598 0.1268 
         393  1 0.2999 0.1050 0.2736 0.1013 0.1410 0.0792 
         394  1 0.1847 0.2349 0.1481 0.1287 0.1349 0.1687 
         395  1 0.1129 0.1289 0.1156 0.1529 0.1286 0.3612 
         396  1 0.1615 0.1168 0.1756 0.1395 0.1979 0.2087 
         397  1 0.1449 0.1864 0.1885 0.1456 0.2529 0.0818 
         398  1 0.1416 0.2225 0.1485 0.2445 0.1135 0.1295 
         399  1 0.2267 0.1088 0.1897 0.2030 0.1481 0.1237 
         400  1 0.2305 0.1309 0.2201 0.2203 0.1580 0.0401 
         401  1 0.1565 0.0834 0.1341 0.1731 0.1319 0.3210 
         402  1 0.2288 0.1197 0.2023 0.1175 0.1906 0.1411 
         403  1 0.1008 0.1774 0.1273 0.1097 0.1810 0.3037 
         404  1 0.1761 0.2419 0.1850 0.1320 0.1844 0.0806 
         405  1 0.1053 0.2100 0.0946 0.1002 0.0926 0.3972 
         406  1 0.2961 0.0912 0.2538 0.1038 0.1361 0.1189 
         407  1 0.1678 0.1890 0.1659 0.1652 0.1583 0.1538 
         408  1 0.1570 0.0701 0.1345 0.3551 0.1126 0.1708 
         409  1 0.1991 0.0517 0.1458 0.4164 0.1054 0.0816 
         410  1 0.1069 0.1663 0.1179 0.4087 0.1375 0.0629 
         411  1 0.2647 0.1133 0.2307 0.1513 0.1585 0.0815 
         412  1 0.0846 0.1162 0.1050 0.0804 0.1363 0.4776 
         413  1 0.2702 0.0733 0.1960 0.1999 0.1574 0.1032 
         414  1 0.1465 0.3349 0.1481 0.0695 0.1726 0.1285 
         415  1 0.1241 0.1686 0.1215 0.1286 0.1180 0.3392 
         416  1 0.0938 0.3152 0.1028 0.1152 0.1129 0.2602 
         417  1 0.1833 0.0888 0.1935 0.1854 0.1967 0.1524 
         418  1 0.2760 0.0735 0.2386 0.1344 0.1337 0.1437 
         419  1 0.1501 0.1916 0.1478 0.1856 0.1456 0.1793 
         420  1 0.1846 0.1822 0.1741 0.1448 0.1728 0.1416 
         421  1 0.0673 0.1437 0.1235 0.3203 0.2167 0.1286 
         422  1 0.1579 0.3939 0.1412 0.1476 0.1004 0.0589 
         423  1 0.1397 0.2293 0.1469 0.2351 0.1413 0.1076 
         424  1 0.1305 0.0870 0.1892 0.3020 0.2233 0.0680 
         425  1 0.2679 0.0948 0.2720 0.0659 0.1893 0.1101 
         426  1 0.0690 0.1994 0.0678 0.0903 0.0712 0.5023 
         427  1 0.2068 0.2190 0.1809 0.1645 0.1362 0.0926 
         428  1 0.1562 0.1675 0.1908 0.1076 0.2329 0.1450 
         429  1 0.1612 0.0952 0.1658 0.2019 0.1610 0.2149 
         430  1 0.1195 0.3187 0.1413 0.1275 0.1555 0.1375 
         431  1 0.2588 0.0812 0.1981 0.2149 0.1432 0.1038 
         432  1 0.0784 0.4874 0.1096 0.0839 0.1531 0.0875 
         433  1 0.1347 0.1558 0.1703 0.1251 0.2065 0.2076 
         434  1 0.1432 0.1378 0.1780 0.1070 0.2355 0.1985 
         435  1 0.2832 0.1093 0.2282 0.1047 0.1433 0.1312 
         436  1 0.1053 0.2886 0.0987 0.2671 0.1209 0.1195 
         437  1 0.2393 0.1663 0.2356 0.0629 0.1492 0.1467 
         438  1 0.2349 0.0798 0.2090 0.1546 0.1522 0.1695 
         439  1 0.1779 0.0692 0.1819 0.1729 0.1945 0.2036 
         440  1 0.1723 0.1306 0.1405 0.2364 0.0791 0.2411 
         441  1 0.1620 0.1081 0.1391 0.3308 0.1024 0.1576 
         442  1 0.2244 0.0741 0.1749 0.3384 0.1219 0.0664 
         443  1 0.1475 0.3502 0.1384 0.1480 0.1245 0.0914 
         444  1 0.1115 0.2564 0.1593 0.1135 0.2438 0.1156 
         445  1 0.2132 0.1484 0.1985 0.1887 0.1349 0.1162 
         446  1 0.1719 0.1577 0.1875 0.1466 0.2404 0.0959 
         447  1 0.2097 0.1650 0.1821 0.1130 0.0832 0.2470 
         448  1 0.2039 0.1477 0.1730 0.2169 0.1464 0.1120 
         449  1 0.2738 0.0774 0.2269 0.1361 0.1083 0.1775 
         450  1 0.1252 0.1287 0.1645 0.1901 0.1855 0.2060 
         451  1 0.2338 0.0714 0.1981 0.1810 0.2012 0.1146 
         452  1 0.0963 0.3181 0.1346 0.1350 0.2265 0.0896 
         453  1 0.1187 0.1570 0.1447 0.1389 0.2371 0.2035 
         454  1 0.1215 0.1977 0.1213 0.1452 0.1502 0.2641 
         455  1 0.1334 0.1019 0.1897 0.0796 0.2785 0.2168 
         456  1 0.0953 0.2783 0.1392 0.1297 0.2462 0.1113 
         457  1 0.0473 0.1468 0.0577 0.0905 0.0870 0.5708 
         458  1 0.2748 0.1291 0.2194 0.0699 0.1703 0.1365 
         459  1 0.1306 0.0772 0.1245 0.0942 0.0837 0.4897 
         460  1 0.1252 0.1629 0.1356 0.3046 0.1223 0.1495 
         461  1 0.2174 0.0627 0.2213 0.1010 0.2445 0.1532 
         462  1 0.1721 0.0613 0.1488 0.1041 0.0827 0.4311 
         463  1 0.1570 0.3076 0.1568 0.1537 0.1537 0.0714 
         464  1 0.1615 0.1051 0.1592 0.1687 0.1430 0.2624 
         465  1 0.2045 0.0923 0.2186 0.2063 0.1873 0.0910 
         466  1 0.1250 0.1795 0.1498 0.1231 0.2140 0.2086 
         467  1 0.0812 0.2080 0.1069 0.0759 0.1631 0.3650 
         468  1 0.2761 0.1050 0.2385 0.0976 0.1289 0.1540 
         469  1 0.0898 0.3644 0.1262 0.1037 0.1938 0.1222 
         470  1 0.0887 0.2518 0.0933 0.1445 0.1065 0.3152 
         471  1 0.1707 0.1882 0.1902 0.1323 0.2058 0.1127 
         472  1 0.0714 0.1439 0.0862 0.2439 0.1198 0.3348 
         473  1 0.1332 0.1966 0.1443 0.1534 0.1993 0.1732 
         474  1 0.1161 0.0968 0.1224 0.1643 0.1170 0.3834 
         475  1 0.1193 0.1933 0.1270 0.3416 0.1469 0.0719 
         476  1 0.1506 0.1347 0.2103 0.1215 0.2802 0.1027 
         477  1 0.1909 0.1627 0.1992 0.1226 0.2143 0.1102 
         478  1 0.2202 0.1432 0.1988 0.1627 0.1699 0.1052 
         479  1 0.2390 0.2040 0.2108 0.1320 0.1175 0.0967 
         480  1 0.1105 0.0879 0.1405 0.1966 0.2215 0.2430 
         481  1 0.2659 0.0873 0.2350 0.1258 0.2055 0.0805 
         482  1 0.2911 0.0999 0.2354 0.1840 0.1280 0.0615 
         483  1 0.1186 0.1961 0.1394 0.1567 0.1827 0.2065 
         484  1 0.1060 0.1024 0.2051 0.1338 0.3866 0.0662 
         485  1 0.2392 0.0785 0.2082 0.2094 0.1668 0.0979 
         486  1 0.1685 0.0801 0.1432 0.4258 0.0761 0.1063 
         487  1 0.1726 0.0717 0.1358 0.2736 0.1204 0.2259 
         488  1 0.1589 0.0992 0.1447 0.1299 0.1404 0.3269 
         489  1 0.1346 0.1127 0.1192 0.2871 0.1099 0.2364 
         490  1 0.2359 0.0963 0.1957 0.2123 0.1274 0.1324 
         491  1 0.1369 0.0626 0.1171 0.3991 0.1542 0.1301 
         492  1 0.1895 0.1459 0.1689 0.2268 0.1262 0.1427 
         493  1 0.3093 0.1050 0.2395 0.1672 0.1091 0.0700 
         494  1 0.1647 0.0799 0.1850 0.1895 0.1887 0.1923 
         495  1 0.1893 0.0850 0.1726 0.2252 0.1711 0.1567 
         496  1 0.2415 0.0996 0.2034 0.1875 0.2111 0.0570 
         497  1 0.2389 0.0852 0.2061 0.2221 0.1360 0.1118 
         498  1 0.2305 0.1502 0.1881 0.0994 0.1459 0.1860 
         499  1 0.1220 0.1891 0.1297 0.1253 0.1409 0.2929 
         500  1 0.1249 0.4267 0.1214 0.0705 0.1491 0.1073 
         501  1 0.1749 0.2471 0.2025 0.1072 0.2068 0.0615 
         502  1 0.1975 0.1848 0.2013 0.1462 0.1761 0.0941 
         503  1 0.3228 0.1145 0.2907 0.0966 0.1268 0.0486 
         504  1 0.2855 0.0947 0.2478 0.1591 0.1700 0.0429 
         505  1 0.2788 0.1165 0.2801 0.0561 0.1869 0.0817 
         506  1 0.0938 0.2985 0.1292 0.1134 0.2084 0.1568 
         507  1 0.2789 0.1362 0.2435 0.1287 0.1332 0.0794 
         508  1 0.2246 0.1795 0.1896 0.1604 0.1513 0.0945 
         509  1 0.1103 0.2749 0.1306 0.1589 0.1671 0.1581 
         510  1 0.2147 0.1601 0.2100 0.1408 0.1927 0.0817 
         511  1 0.1260 0.0973 0.1341 0.2195 0.1602 0.2629 
         512  1 0.0728 0.2241 0.1107 0.0662 0.2019 0.3244 
         513  1 0.1493 0.1062 0.1663 0.2119 0.1903 0.1760 
         514  1 0.3147 0.0663 0.2395 0.1291 0.1108 0.1397 
         515  1 0.1837 0.1255 0.1694 0.1259 0.1672 0.2283 
         516  1 0.0625 0.1459 0.0940 0.1477 0.1557 0.3942 
         517  1 0.1448 0.2639 0.1348 0.1597 0.1220 0.1747 
         518  1 0.3384 0.0812 0.2768 0.1049 0.1179 0.0809 
         519  1 0.0790 0.2105 0.1349 0.1653 0.2253 0.1850 
         520  1 0.0728 0.2323 0.1649 0.0724 0.3608 0.0969 
         521  1 0.0620 0.4287 0.0854 0.1286 0.1354 0.1599 
         522  1 0.1362 0.1784 0.1356 0.2221 0.1203 0.2074 
         523  1 0.2731 0.1378 0.2623 0.0966 0.1643 0.0659 
         524  1 0.1283 0.2276 0.1134 0.3853 0.0830 0.0624 
         525  1 0.2235 0.0750 0.1860 0.1729 0.1218 0.2208 
         526  1 0.1189 0.2042 0.1131 0.3630 0.1093 0.0915 
         527  1 0.2299 0.0609 0.1951 0.1401 0.1216 0.2524 
         528  1 0.2346 0.0764 0.2012 0.1597 0.0998 0.2283 
         529  1 0.1671 0.0727 0.1625 0.1045 0.2033 0.2899 
         530  1 0.1600 0.2520 0.1592 0.1460 0.1712 0.1114 
         531  1 0.3620 0.0643 0.2447 0.0740 0.1545 0.1005 
         532  1 0.2753 0.1387 0.2173 0.1787 0.1391 0.0509 
         533  1 0.1724 0.1381 0.2117 0.1364 0.2299 0.1115 
         534  1 0.1330 0.1000 0.1532 0.2127 0.2055 0.1955 
         535  1 0.3421 0.0714 0.2897 0.1032 0.1213 0.0722 
         536  1 0.1899 0.0758 0.1547 0.1747 0.1290 0.2757 
         537  1 0.1806 0.0686 0.1512 0.2991 0.1563 0.1443 
         538  1 0.0835 0.2608 0.1003 0.2973 0.1433 0.1148 
         539  1 0.2044 0.1964 0.2050 0.0935 0.1909 0.1097 
         540  1 0.2260 0.0530 0.1828 0.3183 0.1230 0.0968 
         541  1 0.1459 0.1064 0.1403 0.2840 0.1428 0.1805 
         542  1 0.2277 0.1404 0.1819 0.1354 0.1271 0.1876 
         543  1 0.2483 0.1118 0.2491 0.1181 0.2077 0.0650 
         544  1 0.0881 0.3537 0.1275 0.1065 0.2206 0.1036 
         545  1 0.0737 0.1373 0.1010 0.1928 0.1623 0.3329 
         546  1 0.2028 0.0772 0.2668 0.0656 0.3018 0.0858 
         547  1 0.1010 0.1574 0.1658 0.1723 0.2435 0.1599 
         548  1 0.2437 0.1359 0.2010 0.0631 0.1595 0.1968 
         549  1 0.1152 0.1891 0.1356 0.1243 0.1500 0.2858 
         550  1 0.1266 0.1097 0.1317 0.2864 0.1824 0.1632 
         551  1 0.1246 0.0826 0.1179 0.4907 0.1011 0.0830 
         552  1 0.2361 0.0728 0.2209 0.1444 0.1810 0.1449 
         553  1 0.1211 0.1041 0.2236 0.0950 0.3777 0.0785 
         554  1 0.0877 0.2529 0.0921 0.1525 0.0976 0.3172 
         555  1 0.1858 0.0787 0.1544 0.2941 0.1136 0.1733 
         556  1 0.1185 0.1537 0.1248 0.2744 0.1800 0.1487 
         557  1 0.1760 0.1257 0.1807 0.1486 0.1992 0.1698 
         558  1 0.1480 0.1129 0.2297 0.0738 0.3457 0.0899 
         559  1 0.0935 0.2844 0.1216 0.1997 0.1867 0.1142 
         560  1 0.1851 0.1643 0.1881 0.1466 0.1495 0.1665 
         561  1 0.0585 0.3293 0.0809 0.2647 0.1288 0.1378 
         562  1 0.3020 0.1300 0.2273 0.1254 0.1588 0.0566 
         563  1 0.0745 0.0938 0.1383 0.3409 0.2340 0.1184 
         564  1 0.1656 0.1538 0.2041 0.1426 0.2031 0.1309 
         565  1 0.2478 0.1892 0.2031 0.2192 0.0762 0.0645 
         566  1 0.1140 0.3784 0.1123 0.1684 0.1003 0.1266 
         567  1 0.1574 0.0727 0.1296 0.3393 0.1276 0.1734 
         568  1 0.3194 0.0508 0.2145 0.2380 0.1086 0.0688 
         569  1 0.1133 0.0865 0.0972 0.5246 0.0643 0.1141 
         570  1 0.3563 0.0946 0.2337 0.0789 0.1558 0.0807 
         571  1 0.0615 0.3919 0.0714 0.2094 0.1060 0.1599 
         572  1 0.1038 0.1558 0.1115 0.1313 0.1059 0.3917 
         573  1 0.2236 0.2113 0.1889 0.1234 0.1619 0.0908 
         574  1 0.2607 0.1000 0.2256 0.1584 0.1533 0.1020 
         575  1 0.1089 0.2233 0.1056 0.3202 0.1202 0.1218 
         576  1 0.1631 0.0857 0.1951 0.1268 0.2170 0.2124 
         577  1 0.3320 0.0691 0.2510 0.0832 0.1628 0.1020 
         578  1 0.0892 0.5500 0.0865 0.1199 0.0876 0.0668 
         579  1 0.1254 0.1149 0.1339 0.4115 0.1404 0.0738 
         580  1 0.1309 0.0934 0.1420 0.3582 0.1649 0.1105 
         581  1 0.0905 0.1693 0.1293 0.1808 0.2088 0.2212 
         582  1 0.0857 0.1434 0.1484 0.0675 0.3105 0.2444 
         583  1 0.2296 0.3063 0.2188 0.0574 0.1407 0.0472 
         584  1 0.0670 0.1329 0.1171 0.3451 0.2123 0.1257 
         585  1 0.2592 0.0544 0.1851 0.2663 0.1813 0.0538 
         586  1 0.0872 0.1735 0.1537 0.1469 0.3352 0.1035 
         587  1 0.3092 0.0758 0.2227 0.1476 0.1679 0.0769 
         588  1 0.3031 0.0687 0.2382 0.1719 0.1400 0.0782 
         589  1 0.1577 0.1100 0.1862 0.1130 0.2204 0.2127 
         590  1 0.2608 0.0957 0.2043 0.3093 0.0635 0.0664 
         591  1 0.0780 0.1531 0.1417 0.2558 0.1991 0.1723 
         592  1 0.3305 0.0835 0.2543 0.1927 0.0817 0.0572 
         593  1 0.0956 0.3002 0.1020 0.3259 0.0919 0.0844 
         594  1 0.1966 0.2112 0.1828 0.1948 0.1486 0.0660 
         595  1 0.2128 0.1003 0.2228 0.0801 0.2218 0.1623 
         596  1 0.0576 0.2348 0.1450 0.1121 0.3210 0.1296 
         597  1 0.3788 0.0448 0.2648 0.0943 0.1582 0.0591 
         598  1 0.1996 0.1069 0.1878 0.1786 0.2047 0.1224 
         599  1 0.1681 0.1429 0.1474 0.3233 0.1079 0.1104 
         600  1 0.2545 0.1054 0.2023 0.2792 0.0865 0.0721 
         601  1 0.3031 0.1107 0.2436 0.1043 0.1639 0.0744 
         602  1 0.1175 0.0523 0.0888 0.5580 0.0867 0.0967 
         603  1 0.2080 0.0504 0.1873 0.2691 0.1641 0.1211 
         604  1 0.0944 0.1870 0.1091 0.1835 0.1376 0.2884 
         605  1 0.1349 0.0939 0.1424 0.2334 0.1536 0.2417 
         606  1 0.2840 0.1457 0.2370 0.1458 0.1217 0.0657 
         607  1 0.2213 0.1125 0.2340 0.1487 0.1963 0.0873 
         608  1 0.1753 0.1359 0.1707 0.3073 0.1387 0.0721 
         609  1 0.0780 0.1010 0.1079 0.1260 0.1772 0.4100 
         610  1 0.2408 0.2048 0.2290 0.0955 0.1643 0.0655 
         611  1 0.0601 0.3207 0.1005 0.1335 0.1477 0.2375 
         612  1 0.1098 0.1692 0.1317 0.3191 0.1725 0.0976 
         613  1 0.3393 0.0681 0.2629 0.1090 0.1207 0.1000 
         614  1 0.2608 0.1025 0.2003 0.2388 0.1346 0.0631 
         615  1 0.1471 0.0894 0.1445 0.3233 0.1201 0.1755 
         616  1 0.1178 0.1851 0.1625 0.1953 0.2626 0.0767 
         617  1 0.2302 0.0897 0.2032 0.2895 0.1422 0.0450 
         618  1 0.1684 0.1441 0.1477 0.2474 0.1260 0.1664 
         619  1 0.2635 0.1194 0.2046 0.1427 0.1584 0.1114 
         620  1 0.1813 0.1231 0.1975 0.1455 0.2479 0.1047 
         621  1 0.1621 0.0872 0.1615 0.2973 0.1609 0.1310 
         622  1 0.0703 0.2141 0.0703 0.0720 0.0997 0.4736 
         623  1 0.1754 0.1107 0.1719 0.1359 0.1272 0.2789 
         624  1 0.1149 0.2151 0.1327 0.1552 0.1935 0.1886 
         625  1 0.2267 0.0663 0.1731 0.2806 0.1568 0.0965 
         626  1 0.1009 0.2137 0.1356 0.1359 0.2163 0.1977 
         627  1 0.2272 0.1019 0.1940 0.2700 0.1324 0.0745 
         628  1 0.2557 0.0917 0.2340 0.1251 0.1788 0.1148 
         629  1 0.1386 0.0859 0.1434 0.2374 0.1651 0.2296 
         630  1 0.0962 0.2838 0.1148 0.2689 0.1525 0.0838 
         631  1 0.2380 0.1300 0.2118 0.2148 0.1218 0.0837 
         632  1 0.3576 0.0633 0.3021 0.0637 0.1501 0.0632 
         633  1 0.1914 0.0867 0.1634 0.3992 0.1107 0.0485 
         634  1 0.1764 0.1201 0.2333 0.1614 0.2448 0.0639 
         635  1 0.1675 0.0759 0.2163 0.0729 0.2703 0.1971 
         636  1 0.1639 0.1269 0.1775 0.1799 0.1608 0.1910 
         637  1 0.0654 0.0962 0.1042 0.1517 0.1833 0.3992 
         638  1 0.2658 0.0963 0.2180 0.1223 0.1391 0.1586 
         639  1 0.2521 0.0566 0.2110 0.2997 0.1321 0.0485 
         640  1 0.2834 0.0640 0.2095 0.1121 0.1572 0.1738 
         641  1 0.2701 0.0669 0.2344 0.1078 0.2314 0.0895 
         642  1 0.2546 0.0867 0.1850 0.1848 0.1114 0.1776 
         643  1 0.0925 0.1993 0.1582 0.1725 0.3322 0.0452 
         644  1 0.0780 0.1734 0.0752 0.5302 0.0627 0.0806 
         645  1 0.0858 0.1251 0.1221 0.1655 0.1552 0.3463 
         646  1 0.1142 0.3138 0.1364 0.1114 0.1629 0.1612 
         647  1 0.1454 0.1739 0.1849 0.1281 0.2053 0.1623 
         648  1 0.2526 0.0869 0.2333 0.1152 0.1826 0.1294 
         649  1 0.2807 0.0957 0.2227 0.2107 0.1000 0.0901 
         650  1 0.0717 0.2560 0.0739 0.0993 0.0792 0.4200 
         651  1 0.2073 0.0740 0.2621 0.0950 0.2744 0.0871 
         652  1 0.1585 0.1680 0.1909 0.0900 0.2694 0.1232 
         653  1 0.2097 0.2295 0.1968 0.1700 0.1275 0.0664 
         654  1 0.2506 0.0972 0.2139 0.1062 0.2204 0.1118 
         655  1 0.0991 0.1436 0.1806 0.0991 0.2698 0.2077 
         656  1 0.2817 0.1528 0.2519 0.0903 0.1580 0.0652 
         657  1 0.3204 0.0642 0.2708 0.0571 0.1369 0.1507 
         658  1 0.2386 0.0936 0.1943 0.2907 0.1161 0.0667 
         659  1 0.1457 0.1961 0.1648 0.1992 0.1790 0.1152 
         660  1 0.3005 0.0942 0.2171 0.1797 0.1312 0.0773 
         661  1 0.1402 0.2540 0.1379 0.0791 0.1069 0.2818 
         662  1 0.2347 0.1533 0.1941 0.1480 0.1874 0.0825 
         663  1 0.0961 0.0862 0.2074 0.0928 0.3080 0.2096 
         664  1 0.1837 0.1356 0.2148 0.1441 0.2335 0.0884 
         665  1 0.0954 0.3266 0.1306 0.1359 0.2058 0.1058 
         666  1 0.2268 0.1014 0.2014 0.2200 0.1680 0.0825 
         667  1 0.1725 0.1225 0.1748 0.2097 0.1457 0.1748 
         668  1 0.2617 0.1414 0.2360 0.0926 0.1878 0.0804 
         669  1 0.0485 0.0563 0.0467 0.0509 0.0506 0.7470 
         670  1 0.0887 0.0982 0.1493 0.0648 0.2364 0.3626 
         671  1 0.2288 0.1148 0.2242 0.1295 0.2012 0.1014 
         672  1 0.1477 0.1421 0.1820 0.1277 0.2248 0.1758 
         673  1 0.1165 0.1873 0.1319 0.1694 0.1271 0.2678 
         674  1 0.0645 0.4991 0.0625 0.2593 0.0571 0.0576 
         675  1 0.1532 0.2662 0.1348 0.2729 0.0907 0.0823 
         676  1 0.2962 0.1456 0.2751 0.0626 0.1728 0.0477 
         677  1 0.2663 0.1900 0.2275 0.0760 0.1514 0.0888 
