           1  1 0.3384 0.3600 0.3017 
           2  1 0.3773 0.2305 0.3922 
           3  1 0.3134 0.3805 0.3060 
           4  1 0.2461 0.3891 0.3649 
           5  1 0.2981 0.3955 0.3064 
           6  1 0.3477 0.3556 0.2967 
           7  1 0.3265 0.3020 0.3715 
           8  1 0.3321 0.3436 0.3243 
           9  1 0.3181 0.3740 0.3079 
          10  1 0.2966 0.2765 0.4269 
          11  1 0.2888 0.3793 0.3319 
          12  1 0.2599 0.3773 0.3628 
          13  1 0.3269 0.3872 0.2859 
          14  1 0.3211 0.4080 0.2708 
          15  1 0.2393 0.4804 0.2803 
          16  1 0.3578 0.3485 0.2937 
          17  1 0.4094 0.3153 0.2753 
          18  1 0.3016 0.3666 0.3318 
          19  1 0.3396 0.2981 0.3624 
          20  1 0.3597 0.3207 0.3196 
          21  1 0.3430 0.3571 0.2999 
          22  1 0.3120 0.3285 0.3596 
          23  1 0.3159 0.3551 0.3289 
          24  1 0.4009 0.2805 0.3186 
          25  1 0.3639 0.3371 0.2990 
          26  1 0.2672 0.4021 0.3307 
          27  1 0.3794 0.1778 0.4429 
          28  1 0.3382 0.3813 0.2805 
          29  1 0.2758 0.2855 0.4386 
          30  1 0.3098 0.4417 0.2484 
          31  1 0.3682 0.2957 0.3360 
          32  1 0.2733 0.4006 0.3261 
          33  1 0.4115 0.3607 0.2278 
          34  1 0.3602 0.3368 0.3030 
          35  1 0.2879 0.4142 0.2979 
          36  1 0.2363 0.4323 0.3314 
          37  1 0.3163 0.2735 0.4102 
          38  1 0.2846 0.2759 0.4395 
          39  1 0.3014 0.4263 0.2723 
          40  1 0.3764 0.3339 0.2897 
          41  1 0.2149 0.4019 0.3832 
          42  1 0.3807 0.2879 0.3314 
          43  1 0.3260 0.2867 0.3873 
          44  1 0.3386 0.3440 0.3173 
          45  1 0.4160 0.3524 0.2317 
          46  1 0.4409 0.2153 0.3438 
          47  1 0.2745 0.4191 0.3064 
          48  1 0.2828 0.3024 0.4149 
          49  1 0.3369 0.3729 0.2902 
          50  1 0.3114 0.3483 0.3404 
          51  1 0.4155 0.3425 0.2420 
          52  1 0.4241 0.3346 0.2413 
          53  1 0.3402 0.4023 0.2575 
          54  1 0.3546 0.2982 0.3472 
          55  1 0.4234 0.2142 0.3624 
          56  1 0.3668 0.2613 0.3719 
          57  1 0.5119 0.2266 0.2614 
          58  1 0.3574 0.2934 0.3491 
          59  1 0.4505 0.3674 0.1822 
          60  1 0.3058 0.3601 0.3341 
          61  1 0.2918 0.3411 0.3672 
          62  1 0.2666 0.4171 0.3163 
          63  1 0.2745 0.3730 0.3525 
          64  1 0.3306 0.3572 0.3122 
          65  1 0.3933 0.2544 0.3522 
          66  1 0.3329 0.2242 0.4428 
          67  1 0.2455 0.4394 0.3152 
          68  1 0.2712 0.3609 0.3679 
          69  1 0.2938 0.2661 0.4401 
          70  1 0.2970 0.3468 0.3562 
          71  1 0.4421 0.2105 0.3473 
          72  1 0.4798 0.2875 0.2328 
          73  1 0.2834 0.2794 0.4372 
          74  1 0.3700 0.3320 0.2980 
          75  1 0.2984 0.3286 0.3730 
          76  1 0.2603 0.3789 0.3609 
          77  1 0.3118 0.2927 0.3954 
          78  1 0.2652 0.3938 0.3410 
          79  1 0.2416 0.3649 0.3935 
          80  1 0.2435 0.4784 0.2781 
          81  1 0.3246 0.3832 0.2922 
          82  1 0.4119 0.3569 0.2312 
          83  1 0.2375 0.4592 0.3033 
          84  1 0.2482 0.4375 0.3143 
          85  1 0.3816 0.2228 0.3956 
          86  1 0.3643 0.3384 0.2973 
          87  1 0.3623 0.3040 0.3337 
          88  1 0.3269 0.2385 0.4346 
          89  1 0.4142 0.2987 0.2871 
          90  1 0.3903 0.2554 0.3543 
          91  1 0.3073 0.3561 0.3366 
          92  1 0.2697 0.3096 0.4207 
          93  1 0.4311 0.3047 0.2643 
          94  1 0.3687 0.3242 0.3071 
          95  1 0.1995 0.4471 0.3534 
          96  1 0.2022 0.3458 0.4520 
          97  1 0.3157 0.3534 0.3309 
          98  1 0.2645 0.4155 0.3201 
          99  1 0.3973 0.3342 0.2685 
         100  1 0.3011 0.3403 0.3586 
         101  1 0.3992 0.2915 0.3093 
         102  1 0.3236 0.3937 0.2826 
         103  1 0.3180 0.3348 0.3472 
         104  1 0.2871 0.3446 0.3683 
         105  1 0.3394 0.3565 0.3041 
         106  1 0.3751 0.2537 0.3712 
         107  1 0.3031 0.3008 0.3961 
         108  1 0.3719 0.3436 0.2844 
         109  1 0.3160 0.4081 0.2760 
         110  1 0.2788 0.3065 0.4147 
         111  1 0.2194 0.4652 0.3153 
         112  1 0.3897 0.3441 0.2662 
         113  1 0.4072 0.3339 0.2589 
         114  1 0.3398 0.3129 0.3473 
         115  1 0.4192 0.2272 0.3536 
         116  1 0.4046 0.2540 0.3414 
         117  1 0.3569 0.2321 0.4109 
         118  1 0.4133 0.2744 0.3123 
         119  1 0.3803 0.2760 0.3437 
         120  1 0.4037 0.3393 0.2571 
         121  1 0.3981 0.2976 0.3043 
         122  1 0.2037 0.3575 0.4388 
         123  1 0.2777 0.3407 0.3815 
         124  1 0.3775 0.1937 0.4288 
         125  1 0.4147 0.2143 0.3711 
         126  1 0.3997 0.1485 0.4518 
         127  1 0.3569 0.2123 0.4308 
         128  1 0.3072 0.3167 0.3761 
         129  1 0.3429 0.2915 0.3656 
         130  1 0.2319 0.4557 0.3124 
         131  1 0.2646 0.4117 0.3237 
         132  1 0.3361 0.3714 0.2926 
         133  1 0.3177 0.3485 0.3338 
         134  1 0.2280 0.4402 0.3317 
         135  1 0.4384 0.3362 0.2253 
         136  1 0.2319 0.4307 0.3374 
         137  1 0.2074 0.4878 0.3048 
         138  1 0.1889 0.4528 0.3583 
         139  1 0.3864 0.3476 0.2660 
         140  1 0.3320 0.3844 0.2837 
         141  1 0.3942 0.4004 0.2053 
         142  1 0.3446 0.3606 0.2948 
         143  1 0.4036 0.3444 0.2521 
         144  1 0.3705 0.2488 0.3808 
         145  1 0.3181 0.3244 0.3575 
         146  1 0.4961 0.3295 0.1743 
         147  1 0.1971 0.4359 0.3670 
         148  1 0.3764 0.3201 0.3035 
         149  1 0.2782 0.3386 0.3832 
         150  1 0.1996 0.4498 0.3506 
         151  1 0.3709 0.3361 0.2930 
         152  1 0.3991 0.3333 0.2675 
         153  1 0.3621 0.2969 0.3411 
         154  1 0.2650 0.4058 0.3292 
         155  1 0.2889 0.3684 0.3427 
         156  1 0.2846 0.3144 0.4010 
         157  1 0.2912 0.3770 0.3319 
         158  1 0.3059 0.4147 0.2794 
         159  1 0.3053 0.3822 0.3125 
         160  1 0.1999 0.4818 0.3183 
         161  1 0.3760 0.3681 0.2559 
         162  1 0.3034 0.3040 0.3926 
         163  1 0.3231 0.3032 0.3737 
         164  1 0.2872 0.4181 0.2947 
         165  1 0.3192 0.3098 0.3710 
         166  1 0.2886 0.4199 0.2915 
         167  1 0.2966 0.2989 0.4045 
         168  1 0.2253 0.4692 0.3055 
         169  1 0.3663 0.3039 0.3298 
         170  1 0.4403 0.3716 0.1881 
         171  1 0.2737 0.4199 0.3064 
         172  1 0.3946 0.3005 0.3049 
         173  1 0.4159 0.3427 0.2415 
         174  1 0.4081 0.2772 0.3146 
         175  1 0.4020 0.3201 0.2779 
         176  1 0.3294 0.4073 0.2633 
         177  1 0.4098 0.2564 0.3338 
         178  1 0.3889 0.3378 0.2733 
         179  1 0.3558 0.2792 0.3650 
         180  1 0.2301 0.4269 0.3430 
         181  1 0.2984 0.3995 0.3022 
         182  1 0.1783 0.4438 0.3779 
         183  1 0.3096 0.3670 0.3233 
         184  1 0.3144 0.3638 0.3218 
         185  1 0.3742 0.2275 0.3983 
         186  1 0.3615 0.2273 0.4112 
         187  1 0.2216 0.3894 0.3890 
         188  1 0.3896 0.2509 0.3595 
         189  1 0.3722 0.2686 0.3592 
         190  1 0.4744 0.2655 0.2601 
         191  1 0.4357 0.2652 0.2991 
         192  1 0.2695 0.4051 0.3253 
         193  1 0.4082 0.3053 0.2865 
         194  1 0.1948 0.4781 0.3271 
         195  1 0.4013 0.3899 0.2088 
         196  1 0.4234 0.2450 0.3316 
         197  1 0.4295 0.2926 0.2779 
         198  1 0.4376 0.3001 0.2622 
         199  1 0.3236 0.1730 0.5035 
         200  1 0.3169 0.2476 0.4355 
         201  1 0.3365 0.2436 0.4199 
         202  1 0.1963 0.4258 0.3779 
         203  1 0.3648 0.2861 0.3491 
         204  1 0.4054 0.1994 0.3952 
         205  1 0.3009 0.2611 0.4380 
         206  1 0.2890 0.2433 0.4676 
         207  1 0.3395 0.3633 0.2972 
         208  1 0.2859 0.4249 0.2892 
         209  1 0.3896 0.2329 0.3775 
         210  1 0.4326 0.2900 0.2774 
         211  1 0.4633 0.2293 0.3073 
         212  1 0.1721 0.4278 0.4001 
         213  1 0.4145 0.3201 0.2655 
         214  1 0.4550 0.2259 0.3191 
         215  1 0.4285 0.3019 0.2696 
         216  1 0.3611 0.3885 0.2503 
         217  1 0.4211 0.2665 0.3124 
         218  1 0.3735 0.3630 0.2635 
         219  1 0.4293 0.1448 0.4259 
         220  1 0.2729 0.3336 0.3936 
         221  1 0.3149 0.2537 0.4314 
         222  1 0.3515 0.3729 0.2756 
         223  1 0.4591 0.2196 0.3214 
         224  1 0.3589 0.1952 0.4459 
         225  1 0.4713 0.2666 0.2621 
         226  1 0.4122 0.2568 0.3310 
         227  1 0.3421 0.3242 0.3337 
         228  1 0.1764 0.4363 0.3873 
         229  1 0.3011 0.3302 0.3687 
         230  1 0.4097 0.1737 0.4166 
         231  1 0.4155 0.1610 0.4234 
         232  1 0.3099 0.3258 0.3643 
         233  1 0.2087 0.4525 0.3388 
         234  1 0.3946 0.3113 0.2940 
         235  1 0.3325 0.2741 0.3934 
         236  1 0.2442 0.4439 0.3119 
         237  1 0.4140 0.3074 0.2786 
         238  1 0.2808 0.3431 0.3761 
         239  1 0.2319 0.4676 0.3005 
         240  1 0.4548 0.3398 0.2054 
         241  1 0.3967 0.2804 0.3228 
         242  1 0.2817 0.3199 0.3983 
         243  1 0.3520 0.3076 0.3404 
         244  1 0.3894 0.4105 0.2001 
         245  1 0.3903 0.4115 0.1983 
         246  1 0.3089 0.3228 0.3684 
         247  1 0.3286 0.3363 0.3351 
         248  1 0.4407 0.3459 0.2134 
         249  1 0.3080 0.2888 0.4033 
         250  1 0.4944 0.2387 0.2669 
         251  1 0.3326 0.3596 0.3078 
         252  1 0.3198 0.3881 0.2921 
         253  1 0.3410 0.3951 0.2639 
         254  1 0.3031 0.3638 0.3331 
         255  1 0.3550 0.3307 0.3143 
         256  1 0.3580 0.3322 0.3098 
         257  1 0.3592 0.2168 0.4240 
         258  1 0.2151 0.4345 0.3503 
         259  1 0.5032 0.2688 0.2280 
         260  1 0.3832 0.3533 0.2636 
         261  1 0.3170 0.3706 0.3124 
         262  1 0.2639 0.3806 0.3555 
         263  1 0.2369 0.4415 0.3217 
         264  1 0.2897 0.4212 0.2891 
         265  1 0.3344 0.3149 0.3507 
         266  1 0.4670 0.2690 0.2640 
         267  1 0.2948 0.3166 0.3885 
         268  1 0.3558 0.4030 0.2412 
         269  1 0.3117 0.2774 0.4109 
         270  1 0.4121 0.1996 0.3883 
         271  1 0.3234 0.2795 0.3971 
         272  1 0.3640 0.3630 0.2730 
         273  1 0.3501 0.2851 0.3649 
         274  1 0.2003 0.3607 0.4389 
         275  1 0.4095 0.3113 0.2792 
         276  1 0.3414 0.4347 0.2239 
         277  1 0.4322 0.2073 0.3605 
         278  1 0.4025 0.3434 0.2541 
         279  1 0.3030 0.3172 0.3798 
         280  1 0.3875 0.2354 0.3771 
         281  1 0.3657 0.2645 0.3699 
         282  1 0.3396 0.3872 0.2731 
         283  1 0.1944 0.4387 0.3670 
         284  1 0.3433 0.3398 0.3169 
         285  1 0.2466 0.3560 0.3974 
         286  1 0.3160 0.4116 0.2723 
         287  1 0.3384 0.4284 0.2333 
         288  1 0.3414 0.2435 0.4151 
         289  1 0.2046 0.4314 0.3640 
         290  1 0.3466 0.3390 0.3144 
         291  1 0.2964 0.3660 0.3376 
         292  1 0.3310 0.3393 0.3298 
         293  1 0.2454 0.3740 0.3807 
         294  1 0.3414 0.3047 0.3539 
         295  1 0.2479 0.3684 0.3837 
         296  1 0.3278 0.2917 0.3805 
         297  1 0.2505 0.4055 0.3440 
         298  1 0.3737 0.3879 0.2385 
         299  1 0.2309 0.3817 0.3874 
         300  1 0.4093 0.2999 0.2908 
         301  1 0.3875 0.3404 0.2720 
         302  1 0.4644 0.3181 0.2175 
         303  1 0.2688 0.3676 0.3636 
         304  1 0.4442 0.2786 0.2772 
         305  1 0.3933 0.2712 0.3355 
         306  1 0.4414 0.2959 0.2626 
         307  1 0.3432 0.3554 0.3014 
         308  1 0.2549 0.4241 0.3210 
         309  1 0.2448 0.3556 0.3997 
         310  1 0.2202 0.4473 0.3325 
         311  1 0.2592 0.4155 0.3252 
         312  1 0.3702 0.2994 0.3304 
         313  1 0.1941 0.3820 0.4239 
         314  1 0.3329 0.2391 0.4280 
         315  1 0.2680 0.4080 0.3240 
         316  1 0.3408 0.4476 0.2117 
         317  1 0.3249 0.3870 0.2881 
         318  1 0.2620 0.4169 0.3211 
         319  1 0.4064 0.3037 0.2899 
         320  1 0.3379 0.3602 0.3019 
         321  1 0.3151 0.3183 0.3666 
         322  1 0.3896 0.2857 0.3247 
         323  1 0.4024 0.2321 0.3655 
         324  1 0.4224 0.2813 0.2963 
         325  1 0.2787 0.4247 0.2965 
         326  1 0.3881 0.2795 0.3324 
         327  1 0.3584 0.2986 0.3431 
         328  1 0.2791 0.3235 0.3974 
         329  1 0.2690 0.3763 0.3547 
         330  1 0.2314 0.4550 0.3136 
         331  1 0.3826 0.3928 0.2246 
         332  1 0.3299 0.3875 0.2826 
         333  1 0.3610 0.3167 0.3223 
         334  1 0.2845 0.3371 0.3784 
         335  1 0.2808 0.3325 0.3867 
         336  1 0.2833 0.3690 0.3477 
         337  1 0.3889 0.3339 0.2772 
         338  1 0.3557 0.2920 0.3523 
         339  1 0.3632 0.2902 0.3466 
         340  1 0.3630 0.2935 0.3435 
         341  1 0.3397 0.3338 0.3265 
         342  1 0.3095 0.3878 0.3027 
         343  1 0.2518 0.3687 0.3794 
         344  1 0.2078 0.4761 0.3161 
         345  1 0.2986 0.3061 0.3954 
         346  1 0.3190 0.3275 0.3534 
         347  1 0.2479 0.3642 0.3878 
         348  1 0.2947 0.4180 0.2872 
         349  1 0.2958 0.3519 0.3523 
         350  1 0.3334 0.3421 0.3246 
         351  1 0.3562 0.2913 0.3525 
         352  1 0.3110 0.3864 0.3026 
         353  1 0.3050 0.3242 0.3708 
         354  1 0.4213 0.2679 0.3108 
         355  1 0.2680 0.4284 0.3036 
         356  1 0.3578 0.2350 0.4072 
         357  1 0.4043 0.2705 0.3252 
         358  1 0.2131 0.3883 0.3986 
         359  1 0.3861 0.2460 0.3678 
         360  1 0.3489 0.3472 0.3038 
         361  1 0.3092 0.4408 0.2500 
         362  1 0.4193 0.2500 0.3307 
         363  1 0.4312 0.2624 0.3064 
         364  1 0.3260 0.2812 0.3927 
         365  1 0.2844 0.2937 0.4219 
         366  1 0.2866 0.3384 0.3750 
         367  1 0.3260 0.3173 0.3567 
         368  1 0.3318 0.3241 0.3441 
         369  1 0.3425 0.2063 0.4512 
         370  1 0.3785 0.3530 0.2685 
         371  1 0.3266 0.3314 0.3420 
         372  1 0.3351 0.3839 0.2810 
         373  1 0.2734 0.3647 0.3619 
         374  1 0.2449 0.3793 0.3758 
         375  1 0.2726 0.2605 0.4668 
         376  1 0.2386 0.3928 0.3686 
         377  1 0.3016 0.2768 0.4216 
         378  1 0.3093 0.3220 0.3687 
         379  1 0.3506 0.2638 0.3855 
         380  1 0.1769 0.4620 0.3611 
         381  1 0.3759 0.3113 0.3128 
         382  1 0.3340 0.3651 0.3009 
         383  1 0.3208 0.3831 0.2961 
         384  1 0.2869 0.3606 0.3525 
         385  1 0.4304 0.2707 0.2988 
         386  1 0.4302 0.3250 0.2448 
         387  1 0.3306 0.3803 0.2891 
         388  1 0.3566 0.3163 0.3270 
         389  1 0.3574 0.3624 0.2802 
         390  1 0.3420 0.3553 0.3027 
         391  1 0.3956 0.2364 0.3680 
         392  1 0.3027 0.3852 0.3122 
         393  1 0.2374 0.3885 0.3741 
         394  1 0.3295 0.3306 0.3398 
         395  1 0.4129 0.3195 0.2676 
         396  1 0.3544 0.3300 0.3155 
         397  1 0.3205 0.2870 0.3925 
         398  1 0.3501 0.3258 0.3242 
         399  1 0.2857 0.4015 0.3129 
         400  1 0.2105 0.3810 0.4085 
         401  1 0.3832 0.3674 0.2494 
         402  1 0.3132 0.3596 0.3272 
         403  1 0.4043 0.2789 0.3167 
         404  1 0.2922 0.2961 0.4117 
         405  1 0.4291 0.2767 0.2942 
         406  1 0.2405 0.4194 0.3402 
         407  1 0.3403 0.3272 0.3324 
         408  1 0.3491 0.4202 0.2306 
         409  1 0.2660 0.4839 0.2501 
         410  1 0.3170 0.3231 0.3599 
         411  1 0.2216 0.4158 0.3625 
         412  1 0.4447 0.2748 0.2805 
         413  1 0.2741 0.4337 0.2922 
         414  1 0.3278 0.2522 0.4200 
         415  1 0.4103 0.3120 0.2776 
         416  1 0.3999 0.2538 0.3464 
         417  1 0.3203 0.3847 0.2950 
         418  1 0.3024 0.3917 0.3060 
         419  1 0.3463 0.3155 0.3382 
         420  1 0.3167 0.3276 0.3557 
         421  1 0.4164 0.2734 0.3102 
         422  1 0.2787 0.3099 0.4115 
         423  1 0.3347 0.3100 0.3553 
         424  1 0.3367 0.3609 0.3024 
         425  1 0.2532 0.3670 0.3798 
         426  1 0.4600 0.2634 0.2766 
         427  1 0.2737 0.3545 0.3718 
         428  1 0.3349 0.2953 0.3698 
         429  1 0.3538 0.3594 0.2868 
         430  1 0.3416 0.2650 0.3934 
         431  1 0.2605 0.4396 0.2999 
         432  1 0.3605 0.1965 0.4430 
         433  1 0.3635 0.2893 0.3472 
         434  1 0.3631 0.2910 0.3459 
         435  1 0.2555 0.4008 0.3437 
         436  1 0.3635 0.2995 0.3370 
         437  1 0.2968 0.3093 0.3939 
         438  1 0.3201 0.3916 0.2884 
         439  1 0.3612 0.3809 0.2579 
         440  1 0.3671 0.3672 0.2658 
         441  1 0.3332 0.4103 0.2565 
         442  1 0.2433 0.4539 0.3028 
         443  1 0.2972 0.2946 0.4082 
         444  1 0.3739 0.2448 0.3813 
         445  1 0.3044 0.3508 0.3449 
         446  1 0.3095 0.3153 0.3753 
         447  1 0.3279 0.3491 0.3229 
         448  1 0.3047 0.3783 0.3170 
         449  1 0.2923 0.4256 0.2821 
         450  1 0.3837 0.3144 0.3019 
         451  1 0.3346 0.3982 0.2672 
         452  1 0.3540 0.2255 0.4205 
         453  1 0.3910 0.2923 0.3167 
         454  1 0.4053 0.2941 0.3006 
         455  1 0.3660 0.2995 0.3345 
         456  1 0.3594 0.2396 0.4009 
         457  1 0.5193 0.2433 0.2374 
         458  1 0.2766 0.3574 0.3661 
         459  1 0.4072 0.3445 0.2483 
         460  1 0.3504 0.3200 0.3297 
         461  1 0.3128 0.3654 0.3218 
         462  1 0.3810 0.3760 0.2429 
         463  1 0.2834 0.3046 0.4120 
         464  1 0.3791 0.3365 0.2843 
         465  1 0.2769 0.3908 0.3323 
         466  1 0.3923 0.2750 0.3327 
         467  1 0.4374 0.2299 0.3328 
         468  1 0.3059 0.3666 0.3275 
         469  1 0.3718 0.2139 0.4142 
         470  1 0.4295 0.2710 0.2995 
         471  1 0.3102 0.3115 0.3782 
         472  1 0.4723 0.2938 0.2339 
         473  1 0.3636 0.2923 0.3441 
         474  1 0.4077 0.3436 0.2488 
         475  1 0.3107 0.3211 0.3682 
         476  1 0.3140 0.3006 0.3854 
         477  1 0.2918 0.3261 0.3822 
         478  1 0.2803 0.3645 0.3552 
         479  1 0.2657 0.3675 0.3668 
         480  1 0.4073 0.3331 0.2596 
         481  1 0.2378 0.4058 0.3564 
         482  1 0.2083 0.4314 0.3603 
         483  1 0.3813 0.2852 0.3335 
         484  1 0.3212 0.2942 0.3847 
         485  1 0.2652 0.4284 0.3064 
         486  1 0.2936 0.4541 0.2523 
         487  1 0.3506 0.4109 0.2385 
         488  1 0.3677 0.3527 0.2796 
         489  1 0.3750 0.3725 0.2524 
         490  1 0.2599 0.4221 0.3180 
         491  1 0.3752 0.3999 0.2249 
         492  1 0.3037 0.3814 0.3149 
         493  1 0.2012 0.4488 0.3499 
         494  1 0.3557 0.3602 0.2841 
         495  1 0.3385 0.3861 0.2753 
         496  1 0.2400 0.3994 0.3607 
         497  1 0.2620 0.4419 0.2961 
         498  1 0.3133 0.3555 0.3312 
         499  1 0.4114 0.2900 0.2986 
         500  1 0.3365 0.2357 0.4279 
         501  1 0.2587 0.2962 0.4451 
         502  1 0.2828 0.3260 0.3912 
         503  1 0.1873 0.4088 0.4039 
         504  1 0.1917 0.4212 0.3870 
         505  1 0.2413 0.3480 0.4107 
         506  1 0.3814 0.2189 0.3997 
         507  1 0.2335 0.4093 0.3572 
         508  1 0.2717 0.3515 0.3768 
         509  1 0.3556 0.2667 0.3778 
         510  1 0.2616 0.3591 0.3793 
         511  1 0.4002 0.3463 0.2536 
         512  1 0.4364 0.2147 0.3489 
         513  1 0.3742 0.3428 0.2831 
         514  1 0.2495 0.4474 0.3031 
         515  1 0.3433 0.3460 0.3106 
         516  1 0.4694 0.2582 0.2724 
         517  1 0.3582 0.3100 0.3318 
         518  1 0.2082 0.4410 0.3508 
         519  1 0.4276 0.2503 0.3222 
         520  1 0.3791 0.1944 0.4265 
         521  1 0.4006 0.2006 0.3989 
         522  1 0.3542 0.3358 0.3100 
         523  1 0.2304 0.3656 0.4040 
         524  1 0.2788 0.3693 0.3519 
         525  1 0.3302 0.4054 0.2644 
         526  1 0.3616 0.3421 0.2963 
         527  1 0.3104 0.4148 0.2748 
         528  1 0.3047 0.4086 0.2867 
         529  1 0.3699 0.3490 0.2811 
         530  1 0.3001 0.3122 0.3877 
         531  1 0.2097 0.4488 0.3415 
         532  1 0.1982 0.4290 0.3729 
         533  1 0.3048 0.3182 0.3770 
         534  1 0.3728 0.3410 0.2862 
         535  1 0.1954 0.4504 0.3542 
         536  1 0.3669 0.3865 0.2466 
         537  1 0.3734 0.3947 0.2319 
         538  1 0.3697 0.2905 0.3398 
         539  1 0.3456 0.3048 0.3496 
         540  1 0.2928 0.4652 0.2420 
         541  1 0.3669 0.3670 0.2662 
         542  1 0.3064 0.3865 0.3071 
         543  1 0.2386 0.3738 0.3876 
         544  1 0.3670 0.2182 0.4148 
         545  1 0.4722 0.2943 0.2335 
         546  1 0.2833 0.3363 0.3804 
         547  1 0.3990 0.2644 0.3365 
         548  1 0.2966 0.3474 0.3560 
         549  1 0.4081 0.2846 0.3072 
         550  1 0.4017 0.3400 0.2584 
         551  1 0.3146 0.4181 0.2673 
         552  1 0.3084 0.3984 0.2932 
         553  1 0.3831 0.2518 0.3651 
         554  1 0.4482 0.2811 0.2707 
         555  1 0.3254 0.4077 0.2669 
         556  1 0.3887 0.3203 0.2910 
         557  1 0.3765 0.3316 0.2919 
         558  1 0.3114 0.2951 0.3935 
         559  1 0.3926 0.2616 0.3458 
         560  1 0.3378 0.3058 0.3564 
         561  1 0.4111 0.2239 0.3650 
         562  1 0.2107 0.4180 0.3714 
         563  1 0.3916 0.3137 0.2947 
         564  1 0.3360 0.3294 0.3346 
         565  1 0.2277 0.4092 0.3630 
         566  1 0.3425 0.2902 0.3673 
         567  1 0.3686 0.4095 0.2219 
         568  1 0.2027 0.5088 0.2885 
         569  1 0.3526 0.4152 0.2322 
         570  1 0.2270 0.4249 0.3481 
         571  1 0.4300 0.2538 0.3162 
         572  1 0.4080 0.3069 0.2851 
         573  1 0.3002 0.3416 0.3582 
         574  1 0.2492 0.4199 0.3309 
         575  1 0.3972 0.3288 0.2739 
         576  1 0.3576 0.3532 0.2892 
         577  1 0.2432 0.4273 0.3294 
         578  1 0.3347 0.2327 0.4325 
         579  1 0.3049 0.3730 0.3221 
         580  1 0.3647 0.3596 0.2757 
         581  1 0.4240 0.2713 0.3047 
         582  1 0.4271 0.2303 0.3427 
         583  1 0.2097 0.3051 0.4852 
         584  1 0.4089 0.2849 0.3063 
         585  1 0.2482 0.4661 0.2857 
         586  1 0.3930 0.2480 0.3589 
         587  1 0.2347 0.4438 0.3215 
         588  1 0.2134 0.4661 0.3205 
         589  1 0.3554 0.3191 0.3255 
         590  1 0.2092 0.4800 0.3108 
         591  1 0.4286 0.2797 0.2917 
         592  1 0.1762 0.4774 0.3464 
         593  1 0.3517 0.3051 0.3432 
         594  1 0.2517 0.3647 0.3836 
         595  1 0.2852 0.3484 0.3664 
         596  1 0.4286 0.1934 0.3781 
         597  1 0.1885 0.4806 0.3309 
         598  1 0.3273 0.3699 0.3027 
         599  1 0.2942 0.3857 0.3201 
         600  1 0.2215 0.4529 0.3256 
         601  1 0.2358 0.4103 0.3540 
         602  1 0.3542 0.4460 0.1998 
         603  1 0.3287 0.4240 0.2472 
         604  1 0.4037 0.2870 0.3092 
         605  1 0.3770 0.3580 0.2650 
         606  1 0.2173 0.4143 0.3684 
         607  1 0.2761 0.3713 0.3526 
         608  1 0.2823 0.3759 0.3417 
         609  1 0.4828 0.2821 0.2351 
         610  1 0.2490 0.3266 0.4244 
         611  1 0.4424 0.2076 0.3500 
         612  1 0.3395 0.3027 0.3579 
         613  1 0.2271 0.4462 0.3267 
         614  1 0.2270 0.4389 0.3341 
         615  1 0.3451 0.3930 0.2619 
         616  1 0.3306 0.2765 0.3930 
         617  1 0.2152 0.4289 0.3560 
         618  1 0.3608 0.3626 0.2766 
         619  1 0.2670 0.4079 0.3250 
         620  1 0.3069 0.3402 0.3529 
         621  1 0.3243 0.3768 0.2989 
         622  1 0.4673 0.2435 0.2892 
         623  1 0.3702 0.3449 0.2850 
         624  1 0.3748 0.2774 0.3478 
         625  1 0.2953 0.4431 0.2617 
         626  1 0.3989 0.2602 0.3409 
         627  1 0.2641 0.4107 0.3252 
         628  1 0.2614 0.4021 0.3365 
         629  1 0.4181 0.3544 0.2275 
         630  1 0.3363 0.2836 0.3801 
         631  1 0.2558 0.3893 0.3549 
         632  1 0.1691 0.4393 0.3916 
         633  1 0.2208 0.4553 0.3239 
         634  1 0.2812 0.3475 0.3713 
         635  1 0.3473 0.3265 0.3262 
         636  1 0.3278 0.3442 0.3280 
         637  1 0.4716 0.2885 0.2399 
         638  1 0.2864 0.4064 0.3072 
         639  1 0.2088 0.4819 0.3094 
         640  1 0.2633 0.4274 0.3093 
         641  1 0.2518 0.4081 0.3401 
         642  1 0.3022 0.4330 0.2648 
         643  1 0.3270 0.2485 0.4245 
         644  1 0.3393 0.3724 0.2883 
         645  1 0.4550 0.3031 0.2419 
         646  1 0.3510 0.2519 0.3971 
         647  1 0.3488 0.2965 0.3547 
         648  1 0.2562 0.3864 0.3574 
         649  1 0.2191 0.4547 0.3261 
         650  1 0.4500 0.2539 0.2961 
         651  1 0.2761 0.3620 0.3618 
         652  1 0.3433 0.2733 0.3833 
         653  1 0.2394 0.3500 0.4106 
         654  1 0.3452 0.3537 0.3011 
         655  1 0.4234 0.2566 0.3200 
         656  1 0.2302 0.3582 0.4115 
         657  1 0.2215 0.4174 0.3611 
         658  1 0.2438 0.4512 0.3050 
         659  1 0.3346 0.3092 0.3562 
         660  1 0.2307 0.4359 0.3334 
         661  1 0.3626 0.2757 0.3616 
         662  1 0.2598 0.3679 0.3723 
         663  1 0.4230 0.2711 0.3058 
         664  1 0.2808 0.3183 0.4009 
         665  1 0.3579 0.2349 0.4072 
         666  1 0.2796 0.4187 0.3017 
         667  1 0.3424 0.3547 0.3029 
         668  1 0.2385 0.3588 0.4026 
         669  1 0.5012 0.2928 0.2060 
         670  1 0.4065 0.2629 0.3306 
         671  1 0.2959 0.3583 0.3458 
         672  1 0.3565 0.3077 0.3358 
         673  1 0.3896 0.2980 0.3124 
         674  1 0.3517 0.2725 0.3758 
         675  1 0.2940 0.3563 0.3497 
         676  1 0.1905 0.3652 0.4443 
         677  1 0.2510 0.3525 0.3965 
         678  1 0.3884 0.3877 0.2238 
         679  1 0.2219 0.4936 0.2845 
         680  1 0.3385 0.3898 0.2717 
         681  1 0.2942 0.3130 0.3928 
         682  1 0.3336 0.3037 0.3628 
         683  1 0.3137 0.3198 0.3665 
         684  1 0.3913 0.2047 0.4040 
         685  1 0.3137 0.2914 0.3948 
         686  1 0.3026 0.3485 0.3489 
         687  1 0.3404 0.3684 0.2911 
         688  1 0.2611 0.3834 0.3555 
         689  1 0.3766 0.2228 0.4007 
         690  1 0.3793 0.3619 0.2588 
         691  1 0.3288 0.2652 0.4060 
         692  1 0.3226 0.3348 0.3426 
         693  1 0.2911 0.4221 0.2869 
         694  1 0.2904 0.3175 0.3921 
         695  1 0.3235 0.4344 0.2421 
         696  1 0.3452 0.3945 0.2602 
         697  1 0.2232 0.4313 0.3455 
         698  1 0.3901 0.2259 0.3840 
         699  1 0.3708 0.3248 0.3044 
         700  1 0.3707 0.2330 0.3964 
         701  1 0.3954 0.3293 0.2754 
         702  1 0.2891 0.2729 0.4380 
         703  1 0.3455 0.3190 0.3355 
         704  1 0.3705 0.3064 0.3232 
         705  1 0.2336 0.4034 0.3630 
         706  1 0.3720 0.2134 0.4146 
         707  1 0.3770 0.2495 0.3736 
         708  1 0.2725 0.3502 0.3773 
         709  1 0.3037 0.4079 0.2885 
         710  1 0.3790 0.2557 0.3652 
         711  1 0.3308 0.3532 0.3160 
         712  1 0.3867 0.2682 0.3451 
         713  1 0.2644 0.4355 0.3001 
         714  1 0.4060 0.2288 0.3652 
         715  1 0.3348 0.2827 0.3826 
         716  1 0.4131 0.2493 0.3376 
         717  1 0.4082 0.2630 0.3288 
         718  1 0.3219 0.2968 0.3813 
         719  1 0.4274 0.2384 0.3342 
         720  1 0.2203 0.3836 0.3961 
         721  1 0.3575 0.3064 0.3361 
         722  1 0.2844 0.3941 0.3215 
         723  1 0.4033 0.3372 0.2595 
         724  1 0.3495 0.3484 0.3021 
         725  1 0.3499 0.3380 0.3121 
         726  1 0.2525 0.3411 0.4064 
         727  1 0.1748 0.4661 0.3591 
         728  1 0.3548 0.3602 0.2849 
         729  1 0.2645 0.3729 0.3626 
         730  1 0.2286 0.3768 0.3945 
         731  1 0.3503 0.3001 0.3496 
         732  1 0.2775 0.4205 0.3020 
         733  1 0.3553 0.2989 0.3457 
         734  1 0.2572 0.3897 0.3531 
         735  1 0.3032 0.3851 0.3117 
         736  1 0.2811 0.4598 0.2591 
         737  1 0.3418 0.3624 0.2958 
         738  1 0.3486 0.2378 0.4136 
         739  1 0.3112 0.2921 0.3967 
         740  1 0.1934 0.4150 0.3916 
         741  1 0.4260 0.2660 0.3080 
         742  1 0.2995 0.3281 0.3724 
         743  1 0.3754 0.2843 0.3403 
         744  1 0.3631 0.4184 0.2185 
         745  1 0.2970 0.3030 0.4000 
         746  1 0.2499 0.3429 0.4072 
         747  1 0.3827 0.2068 0.4104 
         748  1 0.3682 0.2996 0.3322 
         749  1 0.4131 0.2483 0.3386 
         750  1 0.1870 0.4462 0.3668 
         751  1 0.3787 0.3341 0.2871 
         752  1 0.2910 0.4064 0.3025 
         753  1 0.3864 0.3589 0.2546 
         754  1 0.3016 0.3569 0.3415 
         755  1 0.3340 0.2234 0.4426 
         756  1 0.2727 0.3323 0.3950 
         757  1 0.2062 0.4612 0.3326 
         758  1 0.3409 0.3291 0.3300 
         759  1 0.3927 0.3901 0.2172 
         760  1 0.3847 0.2613 0.3540 
         761  1 0.3550 0.2712 0.3738 
         762  1 0.3560 0.2909 0.3530 
         763  1 0.2829 0.3944 0.3227 
         764  1 0.3376 0.4115 0.2508 
         765  1 0.2996 0.2528 0.4476 
         766  1 0.2458 0.3344 0.4198 
         767  1 0.4360 0.3107 0.2533 
         768  1 0.2526 0.4201 0.3273 
         769  1 0.2966 0.3741 0.3294 
         770  1 0.3966 0.2433 0.3601 
         771  1 0.3644 0.3445 0.2910 
         772  1 0.3528 0.2952 0.3520 
         773  1 0.3729 0.3258 0.3013 
         774  1 0.2763 0.2854 0.4384 
         775  1 0.4150 0.2993 0.2857 
         776  1 0.3442 0.3677 0.2882 
         777  1 0.2549 0.4165 0.3286 
         778  1 0.4739 0.2943 0.2319 
         779  1 0.3462 0.2840 0.3699 
         780  1 0.3154 0.3938 0.2908 
         781  1 0.3513 0.4198 0.2289 
         782  1 0.2936 0.3348 0.3716 
         783  1 0.3301 0.4030 0.2669 
         784  1 0.3598 0.2704 0.3698 
         785  1 0.2907 0.3460 0.3633 
         786  1 0.3174 0.2881 0.3945 
         787  1 0.4331 0.2605 0.3065 
         788  1 0.2500 0.3355 0.4145 
         789  1 0.4134 0.1592 0.4274 
         790  1 0.2694 0.4073 0.3232 
         791  1 0.3144 0.2436 0.4420 
         792  1 0.2494 0.3231 0.4275 
         793  1 0.4360 0.3626 0.2014 
         794  1 0.3071 0.3504 0.3425 
         795  1 0.2781 0.3722 0.3497 
         796  1 0.4387 0.2868 0.2745 
         797  1 0.3634 0.3016 0.3350 
         798  1 0.4173 0.2707 0.3120 
         799  1 0.3359 0.2747 0.3894 
         800  1 0.3128 0.2946 0.3925 
         801  1 0.4698 0.3379 0.1922 
         802  1 0.3720 0.2610 0.3670 
         803  1 0.3596 0.2392 0.4012 
         804  1 0.2324 0.4360 0.3317 
         805  1 0.3422 0.2253 0.4324 
         806  1 0.3846 0.3196 0.2958 
         807  1 0.2374 0.4588 0.3037 
         808  1 0.3721 0.3626 0.2653 
         809  1 0.1814 0.4370 0.3816 
         810  1 0.4135 0.2641 0.3224 
         811  1 0.3556 0.3429 0.3016 
         812  1 0.2187 0.4118 0.3695 
         813  1 0.3323 0.3333 0.3345 
         814  1 0.2849 0.4016 0.3135 
         815  1 0.2918 0.3883 0.3200 
         816  1 0.2312 0.4222 0.3466 
         817  1 0.3419 0.4082 0.2499 
         818  1 0.2765 0.3836 0.3399 
         819  1 0.4195 0.2826 0.2979 
         820  1 0.2896 0.2958 0.4146 
         821  1 0.3548 0.4020 0.2432 
         822  1 0.1975 0.4717 0.3308 
         823  1 0.2224 0.4262 0.3514 
         824  1 0.2479 0.4293 0.3228 
         825  1 0.2448 0.3800 0.3752 
         826  1 0.4145 0.3231 0.2624 
         827  1 0.2633 0.3252 0.4115 
         828  1 0.1963 0.4534 0.3503 
         829  1 0.3421 0.2623 0.3956 
         830  1 0.2321 0.4646 0.3033 
         831  1 0.2766 0.3468 0.3766 
         832  1 0.4552 0.2853 0.2595 
         833  1 0.2096 0.3806 0.4098 
         834  1 0.2064 0.4755 0.3181 
         835  1 0.4260 0.2440 0.3299 
         836  1 0.2967 0.3608 0.3425 
         837  1 0.2959 0.3866 0.3175 
         838  1 0.2071 0.4193 0.3736 
         839  1 0.3143 0.3769 0.3088 
         840  1 0.3817 0.2946 0.3237 
         841  1 0.3579 0.2436 0.3985 
         842  1 0.2730 0.3711 0.3559 
         843  1 0.3497 0.3041 0.3462 
         844  1 0.2692 0.4028 0.3280 
         845  1 0.3593 0.3257 0.3149 
         846  1 0.4319 0.2298 0.3383 
         847  1 0.4193 0.3611 0.2196 
         848  1 0.4455 0.3610 0.1936 
         849  1 0.3433 0.3790 0.2777 
         850  1 0.3165 0.3598 0.3237 
         851  1 0.3226 0.3964 0.2810 
         852  1 0.3467 0.3065 0.3468 
         853  1 0.3375 0.2413 0.4212 
         854  1 0.4596 0.3754 0.1650 
         855  1 0.3479 0.3173 0.3348 
         856  1 0.3016 0.4234 0.2750 
         857  1 0.3212 0.3069 0.3719 
         858  1 0.2550 0.2914 0.4537 
         859  1 0.2657 0.3183 0.4160 
         860  1 0.3506 0.2833 0.3661 
         861  1 0.4285 0.3048 0.2667 
         862  1 0.3123 0.3174 0.3702 
         863  1 0.4041 0.3202 0.2756 
         864  1 0.4497 0.3105 0.2398 
         865  1 0.3053 0.4053 0.2894 
         866  1 0.3100 0.2907 0.3993 
         867  1 0.3525 0.3452 0.3023 
         868  1 0.2894 0.4256 0.2850 
         869  1 0.4572 0.2823 0.2604 
         870  1 0.2944 0.4257 0.2799 
         871  1 0.3432 0.3406 0.3162 
         872  1 0.2236 0.3139 0.4625 
         873  1 0.3912 0.2591 0.3496 
         874  1 0.2432 0.3833 0.3735 
         875  1 0.3403 0.3500 0.3096 
         876  1 0.2057 0.4561 0.3381 
         877  1 0.3675 0.3872 0.2453 
         878  1 0.4195 0.2963 0.2843 
         879  1 0.4142 0.3483 0.2374 
         880  1 0.4060 0.2502 0.3438 
         881  1 0.3489 0.3569 0.2942 
         882  1 0.3230 0.2829 0.3942 
         883  1 0.3733 0.3428 0.2838 
         884  1 0.1675 0.4484 0.3841 
         885  1 0.2827 0.4003 0.3170 
         886  1 0.3559 0.2865 0.3575 
         887  1 0.3159 0.2351 0.4489 
         888  1 0.2895 0.4323 0.2782 
         889  1 0.3879 0.2873 0.3248 
         890  1 0.3290 0.3114 0.3596 
         891  1 0.3404 0.2855 0.3741 
         892  1 0.3002 0.4173 0.2825 
         893  1 0.2568 0.3738 0.3694 
         894  1 0.3387 0.3626 0.2987 
         895  1 0.3297 0.3654 0.3049 
         896  1 0.2754 0.3890 0.3356 
         897  1 0.4334 0.2706 0.2961 
         898  1 0.4184 0.2025 0.3791 
         899  1 0.3794 0.2991 0.3215 
         900  1 0.3217 0.4294 0.2489 
         901  1 0.3428 0.3638 0.2934 
         902  1 0.3835 0.3243 0.2921 
         903  1 0.3737 0.3463 0.2799 
         904  1 0.2706 0.3834 0.3459 
         905  1 0.2897 0.3295 0.3808 
         906  1 0.3555 0.3315 0.3131 
         907  1 0.3926 0.3156 0.2918 
         908  1 0.3036 0.3317 0.3647 
         909  1 0.3558 0.3431 0.3011 
         910  1 0.4013 0.2819 0.3168 
         911  1 0.2349 0.3484 0.4167 
         912  1 0.1531 0.4868 0.3600 
         913  1 0.2852 0.3641 0.3507 
         914  1 0.2845 0.3177 0.3978 
         915  1 0.4265 0.2627 0.3108 
         916  1 0.3353 0.3420 0.3227 
         917  1 0.2893 0.3466 0.3641 
         918  1 0.2713 0.3870 0.3417 
         919  1 0.2819 0.3979 0.3203 
         920  1 0.4354 0.2708 0.2938 
         921  1 0.3446 0.2393 0.4161 
         922  1 0.3170 0.2993 0.3837 
         923  1 0.1906 0.4611 0.3483 
         924  1 0.3000 0.2858 0.4142 
         925  1 0.3316 0.3719 0.2965 
         926  1 0.3298 0.3848 0.2854 
         927  1 0.2319 0.3999 0.3682 
         928  1 0.3187 0.2997 0.3817 
         929  1 0.3847 0.3127 0.3026 
         930  1 0.3307 0.2471 0.4222 
         931  1 0.2854 0.3656 0.3490 
         932  1 0.2979 0.3901 0.3120 
         933  1 0.4274 0.2984 0.2741 
         934  1 0.3472 0.2523 0.4004 
         935  1 0.5017 0.2858 0.2125 
         936  1 0.3791 0.1846 0.4363 
         937  1 0.3260 0.3055 0.3685 
         938  1 0.3001 0.2843 0.4156 
         939  1 0.3150 0.3599 0.3251 
         940  1 0.2372 0.4623 0.3006 
         941  1 0.4673 0.2418 0.2908 
         942  1 0.3207 0.3953 0.2839 
         943  1 0.3286 0.3221 0.3493 
         944  1 0.3607 0.3901 0.2492 
         945  1 0.3064 0.3162 0.3774 
         946  1 0.3796 0.3225 0.2979 
         947  1 0.3375 0.3135 0.3490 
         948  1 0.3938 0.2695 0.3367 
         949  1 0.2631 0.4125 0.3244 
         950  1 0.3560 0.2597 0.3843 
         951  1 0.2834 0.2575 0.4592 
         952  1 0.4368 0.3390 0.2242 
         953  1 0.3676 0.2267 0.4057 
         954  1 0.2740 0.4274 0.2985 
         955  1 0.3703 0.3292 0.3005 
         956  1 0.2545 0.3788 0.3667 
         957  1 0.2202 0.4262 0.3536 
         958  1 0.3035 0.2752 0.4213 
         959  1 0.2555 0.4399 0.3047 
         960  1 0.3280 0.3462 0.3259 
         961  1 0.3639 0.3345 0.3016 
         962  1 0.3238 0.4085 0.2677 
         963  1 0.3046 0.3769 0.3185 
         964  1 0.3478 0.2959 0.3563 
         965  1 0.2602 0.3820 0.3578 
         966  1 0.3569 0.2702 0.3728 
         967  1 0.2990 0.3344 0.3667 
         968  1 0.2886 0.3510 0.3604 
         969  1 0.3721 0.2278 0.4001 
         970  1 0.2667 0.3708 0.3625 
         971  1 0.3258 0.3195 0.3547 
         972  1 0.2828 0.4338 0.2835 
         973  1 0.2902 0.3670 0.3428 
         974  1 0.3683 0.2429 0.3888 
         975  1 0.4725 0.2554 0.2722 
         976  1 0.2795 0.2989 0.4216 
         977  1 0.2647 0.3727 0.3625 
         978  1 0.3740 0.2662 0.3598 
         979  1 0.3365 0.4340 0.2295 
         980  1 0.3300 0.4033 0.2666 
         981  1 0.4179 0.2624 0.3197 
         982  1 0.3997 0.3563 0.2439 
         983  1 0.2364 0.4371 0.3265 
         984  1 0.3771 0.2767 0.3462 
         985  1 0.3424 0.3447 0.3130 
         986  1 0.4236 0.2666 0.3098 
         987  1 0.4007 0.2233 0.3760 
         988  1 0.4650 0.2292 0.3059 
         989  1 0.3234 0.2666 0.4100 
         990  1 0.3744 0.1795 0.4461 
         991  1 0.3913 0.1447 0.4641 
         992  1 0.4271 0.3349 0.2381 
         993  1 0.4065 0.2622 0.3313 
         994  1 0.3299 0.3742 0.2959 
         995  1 0.2717 0.3324 0.3959 
         996  1 0.3567 0.2626 0.3807 
         997  1 0.4081 0.1951 0.3967 
         998  1 0.3712 0.2894 0.3394 
         999  1 0.3443 0.2167 0.4390 
        1000  1 0.3973 0.3272 0.2755 
        1001  1 0.4251 0.2745 0.3004 
        1002  1 0.2594 0.3654 0.3752 
        1003  1 0.3899 0.2117 0.3984 
        1004  1 0.3684 0.2887 0.3429 
        1005  1 0.3873 0.3148 0.2979 
        1006  1 0.2518 0.4025 0.3457 
        1007  1 0.3580 0.1809 0.4611 
        1008  1 0.4918 0.2648 0.2435 
        1009  1 0.4037 0.2645 0.3318 
        1010  1 0.4770 0.3090 0.2140 
        1011  1 0.3402 0.3683 0.2915 
        1012  1 0.2642 0.3846 0.3512 
        1013  1 0.4776 0.2443 0.2780 
        1014  1 0.2697 0.4060 0.3243 
        1015  1 0.3853 0.3184 0.2963 
        1016  1 0.3323 0.2909 0.3768 
        1017  1 0.2261 0.4225 0.3515 
        1018  1 0.3662 0.3212 0.3126 
        1019  1 0.2704 0.3278 0.4018 
        1020  1 0.3447 0.2636 0.3917 
        1021  1 0.3396 0.3815 0.2789 
        1022  1 0.2711 0.3332 0.3957 
        1023  1 0.2952 0.2845 0.4203 
        1024  1 0.3345 0.3112 0.3543 
        1025  1 0.3615 0.3527 0.2858 
        1026  1 0.3560 0.3399 0.3041 
        1027  1 0.3047 0.3119 0.3834 
        1028  1 0.4848 0.3095 0.2057 
        1029  1 0.3421 0.2840 0.3739 
        1030  1 0.2183 0.3697 0.4120 
        1031  1 0.4193 0.3124 0.2683 
        1032  1 0.2875 0.4472 0.2653 
        1033  1 0.3187 0.3648 0.3165 
        1034  1 0.3231 0.3800 0.2970 
        1035  1 0.3640 0.3973 0.2387 
        1036  1 0.2522 0.4506 0.2972 
        1037  1 0.4349 0.2323 0.3328 
        1038  1 0.3801 0.2584 0.3615 
        1039  1 0.3948 0.3044 0.3008 
        1040  1 0.2558 0.4251 0.3191 
        1041  1 0.2204 0.3984 0.3812 
        1042  1 0.2497 0.4064 0.3439 
        1043  1 0.2812 0.3537 0.3652 
        1044  1 0.4049 0.2526 0.3425 
        1045  1 0.2738 0.2506 0.4756 
        1046  1 0.2847 0.3379 0.3773 
        1047  1 0.3503 0.3283 0.3214 
        1048  1 0.2882 0.3392 0.3726 
        1049  1 0.2470 0.4038 0.3492 
        1050  1 0.3956 0.3796 0.2248 
        1051  1 0.3887 0.2733 0.3380 
        1052  1 0.3298 0.2848 0.3854 
