           1  1 0.2631 0.1646 0.1514 0.3065 0.1143 
           2  1 0.1470 0.4072 0.1990 0.0953 0.1515 
           3  1 0.1003 0.1844 0.4343 0.1372 0.1439 
           4  1 0.1219 0.1312 0.1254 0.3531 0.2685 
           5  1 0.1420 0.1289 0.2620 0.3014 0.1657 
           6  1 0.2218 0.1195 0.2281 0.1856 0.2449 
           7  1 0.0970 0.1445 0.2674 0.1027 0.3883 
           8  1 0.1617 0.1442 0.2549 0.2165 0.2227 
           9  1 0.1851 0.1430 0.2266 0.2636 0.1817 
          10  1 0.1362 0.3913 0.0974 0.1676 0.2074 
          11  1 0.1098 0.1874 0.2784 0.2654 0.1590 
          12  1 0.1114 0.2151 0.1542 0.3387 0.1806 
          13  1 0.2376 0.1201 0.1978 0.2593 0.1852 
          14  1 0.1021 0.1142 0.4887 0.1765 0.1184 
          15  1 0.0809 0.0788 0.3671 0.3580 0.1152 
          16  1 0.2082 0.1401 0.2631 0.1846 0.2040 
          17  1 0.4527 0.1280 0.1256 0.1637 0.1299 
          18  1 0.1165 0.1388 0.2935 0.2030 0.2482 
          19  1 0.2102 0.1995 0.1205 0.1518 0.3180 
          20  1 0.1811 0.2026 0.2660 0.1700 0.1803 
          21  1 0.2128 0.1166 0.2116 0.1760 0.2830 
          22  1 0.1051 0.2886 0.2887 0.1857 0.1319 
          23  1 0.1893 0.1763 0.1657 0.2725 0.1963 
          24  1 0.3935 0.1663 0.1174 0.1214 0.2014 
          25  1 0.2281 0.1084 0.2015 0.1398 0.3222 
          26  1 0.1161 0.1717 0.2245 0.3072 0.1805 
          27  1 0.1410 0.5049 0.0868 0.0708 0.1965 
          28  1 0.0851 0.1326 0.5529 0.1112 0.1182 
          29  1 0.1453 0.3630 0.0652 0.2359 0.1904 
          30  1 0.1953 0.0638 0.2753 0.3063 0.1593 
          31  1 0.2587 0.1498 0.1438 0.1474 0.3003 
          32  1 0.1433 0.1186 0.1792 0.2927 0.2662 
          33  1 0.2723 0.1523 0.3316 0.1694 0.0745 
          34  1 0.2412 0.1667 0.2185 0.1970 0.1766 
          35  1 0.1821 0.1222 0.2515 0.2517 0.1925 
          36  1 0.0972 0.1223 0.2118 0.3828 0.1859 
          37  1 0.1196 0.1899 0.1241 0.1301 0.4363 
          38  1 0.0961 0.4229 0.0861 0.1945 0.2004 
          39  1 0.1770 0.1216 0.2527 0.3616 0.0871 
          40  1 0.3365 0.1627 0.1670 0.1903 0.1436 
          41  1 0.0671 0.1322 0.1932 0.2462 0.3613 
          42  1 0.3250 0.2127 0.1330 0.1546 0.1748 
          43  1 0.1175 0.4822 0.1398 0.1690 0.0915 
          44  1 0.2319 0.1988 0.2140 0.1872 0.1681 
          45  1 0.4322 0.1069 0.1764 0.1609 0.1237 
          46  1 0.2776 0.3572 0.1732 0.0686 0.1234 
          47  1 0.1658 0.0967 0.1502 0.4105 0.1768 
          48  1 0.1102 0.1903 0.0910 0.1630 0.4454 
          49  1 0.2428 0.1361 0.2155 0.2162 0.1893 
          50  1 0.1026 0.2133 0.3583 0.1671 0.1585 
          51  1 0.5810 0.0685 0.0745 0.1322 0.1439 
          52  1 0.4026 0.1114 0.2089 0.1124 0.1646 
          53  1 0.2101 0.1066 0.2997 0.2300 0.1536 
          54  1 0.3125 0.1205 0.0829 0.1335 0.3506 
          55  1 0.2943 0.2139 0.1382 0.0720 0.2815 
          56  1 0.2650 0.3382 0.0902 0.1618 0.1449 
          57  1 0.6530 0.1291 0.0721 0.0486 0.0972 
          58  1 0.1761 0.2263 0.2469 0.1204 0.2303 
          59  1 0.3624 0.0704 0.3610 0.1008 0.1054 
          60  1 0.1310 0.1936 0.2654 0.2295 0.1805 
          61  1 0.1228 0.2414 0.2210 0.2232 0.1916 
          62  1 0.1426 0.1294 0.1500 0.4641 0.1138 
          63  1 0.1469 0.1297 0.1238 0.2038 0.3958 
          64  1 0.2427 0.1422 0.1650 0.2425 0.2076 
          65  1 0.2199 0.2287 0.2235 0.0935 0.2344 
          66  1 0.0844 0.5330 0.1497 0.0978 0.1352 
          67  1 0.0889 0.1293 0.3363 0.2931 0.1524 
          68  1 0.1059 0.1742 0.2011 0.2826 0.2362 
          69  1 0.0831 0.3654 0.1501 0.1786 0.2228 
          70  1 0.1450 0.1858 0.1933 0.2312 0.2448 
          71  1 0.3008 0.3178 0.1870 0.0634 0.1309 
          72  1 0.5030 0.1119 0.1673 0.0647 0.1532 
          73  1 0.0925 0.4456 0.1207 0.1915 0.1497 
          74  1 0.2555 0.1853 0.1944 0.2093 0.1554 
          75  1 0.0605 0.2674 0.4667 0.0846 0.1208 
          76  1 0.1103 0.1855 0.1712 0.3568 0.1762 
          77  1 0.0592 0.4356 0.3155 0.1134 0.0762 
          78  1 0.2010 0.1117 0.1057 0.3398 0.2417 
          79  1 0.0920 0.1796 0.1272 0.2521 0.3491 
          80  1 0.1051 0.0639 0.3045 0.3215 0.2050 
          81  1 0.1017 0.1168 0.4681 0.1594 0.1540 
          82  1 0.4000 0.1100 0.2062 0.1807 0.1031 
          83  1 0.0795 0.0994 0.3679 0.2958 0.1575 
          84  1 0.1192 0.0837 0.2068 0.4028 0.1875 
          85  1 0.2177 0.3001 0.1435 0.1081 0.2306 
          86  1 0.1954 0.2117 0.3102 0.1675 0.1152 
          87  1 0.2618 0.2212 0.1553 0.1835 0.1782 
          88  1 0.0990 0.5516 0.1234 0.1229 0.1031 
          89  1 0.2153 0.1440 0.3698 0.0817 0.1892 
          90  1 0.2446 0.1857 0.1542 0.1026 0.3129 
          91  1 0.1649 0.1602 0.2041 0.2079 0.2629 
          92  1 0.0646 0.2504 0.2202 0.1306 0.3341 
          93  1 0.4235 0.1684 0.1699 0.1201 0.1182 
          94  1 0.1590 0.1835 0.3626 0.1228 0.1721 
          95  1 0.1028 0.0971 0.1080 0.5407 0.1513 
          96  1 0.0623 0.4165 0.1121 0.2757 0.1334 
          97  1 0.1322 0.2223 0.2559 0.2398 0.1497 
          98  1 0.2308 0.0717 0.0881 0.4255 0.1839 
          99  1 0.3060 0.1722 0.2154 0.2123 0.0940 
         100  1 0.1228 0.1979 0.2332 0.2029 0.2433 
         101  1 0.2307 0.2077 0.2526 0.1198 0.1892 
         102  1 0.1334 0.1066 0.4037 0.2028 0.1534 
         103  1 0.0874 0.2721 0.4098 0.1132 0.1176 
         104  1 0.1180 0.1225 0.1388 0.1542 0.4666 
         105  1 0.2303 0.1386 0.2173 0.2053 0.2085 
         106  1 0.0960 0.2369 0.4059 0.0665 0.1946 
         107  1 0.1266 0.2657 0.1402 0.1988 0.2687 
         108  1 0.3193 0.1170 0.1880 0.1903 0.1855 
         109  1 0.1281 0.1127 0.3765 0.2089 0.1739 
         110  1 0.0963 0.3324 0.1481 0.2191 0.2041 
         111  1 0.0886 0.0797 0.2221 0.4188 0.1908 
         112  1 0.3401 0.1371 0.1906 0.1729 0.1592 
         113  1 0.4044 0.1070 0.1847 0.1230 0.1809 
         114  1 0.1650 0.2697 0.2280 0.1725 0.1649 
         115  1 0.2753 0.3220 0.1656 0.0777 0.1594 
         116  1 0.2548 0.3140 0.2027 0.1070 0.1215 
         117  1 0.1444 0.4864 0.1053 0.1321 0.1318 
         118  1 0.4265 0.1930 0.1134 0.1187 0.1483 
         119  1 0.1479 0.2898 0.3193 0.0918 0.1511 
         120  1 0.2145 0.1286 0.3930 0.1434 0.1205 
         121  1 0.3727 0.1396 0.1345 0.1241 0.2290 
         122  1 0.0532 0.1546 0.1100 0.2154 0.4668 
         123  1 0.1512 0.2091 0.1211 0.2627 0.2559 
         124  1 0.1778 0.5046 0.0843 0.0866 0.1466 
         125  1 0.2931 0.3423 0.1255 0.0922 0.1470 
         126  1 0.1015 0.7115 0.0662 0.0537 0.0670 
         127  1 0.0992 0.6080 0.1102 0.0911 0.0914 
         128  1 0.1515 0.3251 0.1556 0.1824 0.1854 
         129  1 0.1655 0.1640 0.1316 0.1500 0.3888 
         130  1 0.0593 0.0859 0.4572 0.2392 0.1584 
         131  1 0.1064 0.1486 0.2924 0.2734 0.1792 
         132  1 0.2187 0.1213 0.2156 0.1654 0.2790 
         133  1 0.2416 0.1478 0.1388 0.2118 0.2601 
         134  1 0.0757 0.1330 0.2808 0.3699 0.1406 
         135  1 0.2898 0.0998 0.3889 0.0799 0.1416 
         136  1 0.1205 0.1164 0.1238 0.5273 0.1120 
         137  1 0.0760 0.0711 0.2393 0.4956 0.1180 
         138  1 0.0808 0.1023 0.1638 0.3722 0.2809 
         139  1 0.4403 0.0901 0.1229 0.1633 0.1834 
         140  1 0.1748 0.1408 0.3198 0.1859 0.1787 
         141  1 0.2525 0.1046 0.3637 0.1961 0.0830 
         142  1 0.2665 0.1448 0.1710 0.2886 0.1289 
         143  1 0.3125 0.1135 0.2740 0.1328 0.1672 
         144  1 0.2756 0.3175 0.1101 0.1197 0.1772 
         145  1 0.2290 0.1435 0.1027 0.2213 0.3034 
         146  1 0.7158 0.0668 0.0949 0.0714 0.0511 
         147  1 0.0864 0.1063 0.0980 0.5024 0.2068 
         148  1 0.2996 0.1564 0.1796 0.1559 0.2085 
         149  1 0.1206 0.3207 0.1376 0.2924 0.1286 
         150  1 0.0920 0.0877 0.0894 0.6215 0.1095 
         151  1 0.2676 0.1877 0.2305 0.1849 0.1293 
         152  1 0.2442 0.1508 0.2924 0.1829 0.1297 
         153  1 0.1813 0.2197 0.1941 0.1052 0.2998 
         154  1 0.1343 0.2124 0.1660 0.3885 0.0988 
         155  1 0.2000 0.1526 0.1152 0.4078 0.1244 
         156  1 0.1567 0.3034 0.0814 0.2964 0.1621 
         157  1 0.1334 0.1777 0.2416 0.2814 0.1660 
         158  1 0.2525 0.0878 0.1642 0.3218 0.1736 
         159  1 0.1391 0.2249 0.2169 0.3351 0.0841 
         160  1 0.0943 0.0720 0.1607 0.5066 0.1664 
         161  1 0.2602 0.1259 0.2575 0.2189 0.1375 
         162  1 0.0765 0.2739 0.3003 0.1227 0.2267 
         163  1 0.1336 0.2765 0.1771 0.1750 0.2378 
         164  1 0.1189 0.1116 0.3365 0.2369 0.1962 
         165  1 0.1297 0.1989 0.1933 0.1242 0.3539 
         166  1 0.2606 0.0648 0.1125 0.3489 0.2133 
         167  1 0.1056 0.1291 0.0963 0.1264 0.5426 
         168  1 0.1083 0.0720 0.1775 0.4906 0.1516 
         169  1 0.1941 0.3013 0.2384 0.1504 0.1157 
         170  1 0.1716 0.0882 0.5723 0.0750 0.0929 
         171  1 0.1555 0.0998 0.1241 0.5173 0.1032 
         172  1 0.3562 0.1426 0.1327 0.1297 0.2388 
         173  1 0.2282 0.1333 0.3864 0.1139 0.1382 
         174  1 0.3241 0.2067 0.1777 0.1181 0.1735 
         175  1 0.3164 0.1717 0.2217 0.1520 0.1382 
         176  1 0.1941 0.0933 0.2983 0.2336 0.1807 
         177  1 0.2918 0.2643 0.1743 0.1097 0.1599 
         178  1 0.3634 0.0889 0.1433 0.1488 0.2556 
         179  1 0.2789 0.2970 0.0959 0.2053 0.1229 
         180  1 0.0849 0.1606 0.1737 0.4743 0.1065 
         181  1 0.0847 0.1251 0.4656 0.1556 0.1691 
         182  1 0.0800 0.0949 0.0860 0.5526 0.1864 
         183  1 0.2445 0.1505 0.1195 0.3654 0.1200 
         184  1 0.1105 0.1499 0.4145 0.1552 0.1698 
         185  1 0.1505 0.2142 0.1663 0.0692 0.3999 
         186  1 0.1549 0.4324 0.1329 0.0985 0.1813 
         187  1 0.0723 0.1342 0.1642 0.3070 0.3222 
         188  1 0.3122 0.2896 0.1119 0.1201 0.1661 
         189  1 0.2114 0.3261 0.1808 0.1300 0.1517 
         190  1 0.6170 0.1211 0.0770 0.0670 0.1178 
         191  1 0.3093 0.2182 0.2361 0.0832 0.1532 
         192  1 0.1149 0.1420 0.2738 0.2993 0.1700 
         193  1 0.3165 0.2132 0.1993 0.1333 0.1377 
         194  1 0.0929 0.0706 0.1646 0.5343 0.1376 
         195  1 0.3492 0.0693 0.2538 0.1988 0.1288 
         196  1 0.2437 0.3589 0.2013 0.0948 0.1013 
         197  1 0.4920 0.1346 0.1219 0.0981 0.1533 
         198  1 0.2879 0.2365 0.2887 0.1085 0.0785 
         199  1 0.0530 0.5256 0.0819 0.0698 0.2697 
         200  1 0.1134 0.3625 0.0990 0.1629 0.2622 
         201  1 0.1290 0.2324 0.1338 0.0886 0.4161 
         202  1 0.0748 0.1320 0.1226 0.4832 0.1874 
         203  1 0.2595 0.3369 0.1177 0.1773 0.1085 
         204  1 0.1741 0.5511 0.1076 0.0853 0.0819 
         205  1 0.0977 0.4534 0.1051 0.1589 0.1849 
         206  1 0.0844 0.3125 0.0907 0.1236 0.3887 
         207  1 0.1631 0.1573 0.3440 0.1871 0.1485 
         208  1 0.1318 0.1203 0.2534 0.3858 0.1088 
         209  1 0.1623 0.3594 0.2009 0.0789 0.1986 
         210  1 0.4440 0.1362 0.1453 0.0992 0.1753 
         211  1 0.4782 0.2273 0.1173 0.0703 0.1069 
         212  1 0.0746 0.1109 0.0809 0.4887 0.2450 
         213  1 0.3439 0.1249 0.2220 0.1188 0.1904 
         214  1 0.2605 0.2324 0.2774 0.0594 0.1704 
         215  1 0.4514 0.1716 0.1410 0.1308 0.1052 
         216  1 0.3184 0.0682 0.1664 0.1631 0.2839 
         217  1 0.4277 0.2237 0.1136 0.1142 0.1208 
         218  1 0.3439 0.0943 0.1636 0.2160 0.1822 
         219  1 0.1119 0.6816 0.1076 0.0432 0.0557 
         220  1 0.1640 0.1802 0.0805 0.2459 0.3294 
         221  1 0.1177 0.2294 0.0974 0.0993 0.4562 
         222  1 0.2926 0.0742 0.1751 0.1601 0.2981 
         223  1 0.5217 0.2860 0.0493 0.0857 0.0574 
         224  1 0.1388 0.4414 0.1056 0.0846 0.2296 
         225  1 0.5394 0.1252 0.1280 0.0687 0.1387 
         226  1 0.2472 0.2169 0.2311 0.0880 0.2169 
         227  1 0.1625 0.2250 0.2582 0.1752 0.1791 
         228  1 0.0735 0.1179 0.0882 0.5586 0.1618 
         229  1 0.1486 0.2213 0.1727 0.2248 0.2326 
         230  1 0.1469 0.5767 0.1194 0.0651 0.0918 
         231  1 0.1670 0.6183 0.0811 0.0602 0.0734 
         232  1 0.0913 0.2079 0.3826 0.1131 0.2051 
         233  1 0.1101 0.0882 0.1265 0.5068 0.1684 
         234  1 0.3638 0.1318 0.1278 0.1714 0.2052 
         235  1 0.1592 0.3620 0.1407 0.1893 0.1488 
         236  1 0.1359 0.0901 0.1653 0.3935 0.2152 
         237  1 0.4392 0.1793 0.1167 0.1780 0.0869 
         238  1 0.0595 0.2653 0.4297 0.1305 0.1150 
         239  1 0.1004 0.0704 0.2583 0.3603 0.2105 
         240  1 0.4137 0.1107 0.2805 0.1059 0.0892 
         241  1 0.1611 0.2960 0.3539 0.0795 0.1095 
         242  1 0.1008 0.3422 0.1821 0.1986 0.1763 
         243  1 0.2923 0.2293 0.1276 0.1801 0.1707 
         244  1 0.2187 0.0640 0.4222 0.1362 0.1588 
         245  1 0.2166 0.0620 0.4290 0.1344 0.1581 
         246  1 0.2174 0.2018 0.1088 0.2850 0.1870 
         247  1 0.0931 0.2128 0.4444 0.1138 0.1359 
         248  1 0.3616 0.1026 0.3003 0.1043 0.1312 
         249  1 0.1253 0.3051 0.1494 0.1649 0.2553 
         250  1 0.5484 0.1502 0.1378 0.0531 0.1105 
         251  1 0.2185 0.1255 0.1889 0.2450 0.2221 
         252  1 0.1890 0.1261 0.1835 0.4002 0.1012 
         253  1 0.2537 0.1113 0.1497 0.4060 0.0793 
         254  1 0.1731 0.1153 0.1711 0.2124 0.3281 
         255  1 0.1808 0.1766 0.2901 0.1205 0.2319 
         256  1 0.1112 0.2508 0.3964 0.1501 0.0916 
         257  1 0.1783 0.4564 0.1036 0.1065 0.1552 
         258  1 0.1059 0.1229 0.1251 0.4406 0.2056 
         259  1 0.7343 0.0805 0.0474 0.0689 0.0690 
         260  1 0.3066 0.0944 0.2030 0.1516 0.2443 
         261  1 0.1712 0.1608 0.2122 0.2722 0.1835 
         262  1 0.1093 0.1927 0.2029 0.3346 0.1605 
         263  1 0.1084 0.1147 0.1714 0.5184 0.0870 
         264  1 0.1978 0.0973 0.1857 0.3451 0.1741 
         265  1 0.1134 0.3645 0.2674 0.1569 0.0978 
         266  1 0.3523 0.1030 0.1327 0.0681 0.3438 
         267  1 0.1222 0.2315 0.1719 0.1819 0.2926 
         268  1 0.2964 0.1020 0.2107 0.2904 0.1004 
         269  1 0.1070 0.2704 0.1653 0.1526 0.3047 
         270  1 0.2171 0.4473 0.1467 0.0644 0.1244 
         271  1 0.1622 0.2933 0.1301 0.1785 0.2359 
         272  1 0.2818 0.1773 0.2189 0.2121 0.1098 
         273  1 0.1780 0.1800 0.1287 0.1249 0.3883 
         274  1 0.0764 0.2650 0.0740 0.3580 0.2266 
         275  1 0.4202 0.1630 0.1519 0.1414 0.1235 
         276  1 0.1298 0.0664 0.5073 0.1708 0.1256 
         277  1 0.2524 0.3329 0.1747 0.0721 0.1680 
         278  1 0.2155 0.1513 0.3691 0.1444 0.1197 
         279  1 0.0684 0.2682 0.3856 0.1022 0.1756 
         280  1 0.1042 0.4955 0.2464 0.0757 0.0782 
         281  1 0.1493 0.4378 0.1918 0.1315 0.0897 
         282  1 0.1370 0.1253 0.4143 0.1874 0.1359 
         283  1 0.0774 0.1363 0.1382 0.5005 0.1477 
         284  1 0.0989 0.1343 0.4129 0.1143 0.2395 
         285  1 0.1401 0.1191 0.0735 0.2474 0.4200 
         286  1 0.1545 0.0890 0.3207 0.2629 0.1729 
         287  1 0.1613 0.1021 0.2640 0.4143 0.0582 
         288  1 0.1414 0.4127 0.1222 0.1212 0.2026 
         289  1 0.0795 0.0751 0.1200 0.2403 0.4852 
         290  1 0.1667 0.2373 0.2600 0.2268 0.1093 
         291  1 0.1803 0.1961 0.1670 0.2951 0.1614 
         292  1 0.1926 0.1907 0.2001 0.1966 0.2200 
         293  1 0.1310 0.1732 0.1134 0.3368 0.2455 
         294  1 0.1179 0.1919 0.3149 0.1029 0.2722 
         295  1 0.0695 0.1326 0.2225 0.1592 0.4162 
         296  1 0.1098 0.3233 0.2363 0.1415 0.1891 
         297  1 0.1566 0.0790 0.0930 0.2813 0.3902 
         298  1 0.2441 0.0792 0.2881 0.1586 0.2300 
         299  1 0.1461 0.1632 0.0729 0.3799 0.2379 
         300  1 0.4013 0.1937 0.1276 0.1466 0.1308 
         301  1 0.1574 0.1219 0.4628 0.0954 0.1625 
         302  1 0.6589 0.0699 0.0911 0.0844 0.0957 
         303  1 0.1250 0.1441 0.1657 0.2560 0.3092 
         304  1 0.3240 0.1734 0.2708 0.0978 0.1340 
         305  1 0.2223 0.2127 0.2460 0.0954 0.2236 
         306  1 0.2062 0.1898 0.4255 0.0789 0.0995 
         307  1 0.2158 0.1501 0.2199 0.1953 0.2188 
         308  1 0.1435 0.1099 0.1490 0.4420 0.1556 
         309  1 0.1001 0.1985 0.1024 0.2769 0.3222 
         310  1 0.0957 0.0961 0.1883 0.4443 0.1756 
         311  1 0.1327 0.1226 0.1878 0.3739 0.1830 
         312  1 0.1052 0.1920 0.4763 0.0776 0.1489 
         313  1 0.0706 0.2203 0.0942 0.3728 0.2421 
         314  1 0.0944 0.1874 0.1189 0.0762 0.5231 
         315  1 0.1237 0.1328 0.2483 0.3137 0.1815 
         316  1 0.2426 0.0604 0.2714 0.2990 0.1266 
         317  1 0.2214 0.1289 0.2280 0.2316 0.1902 
         318  1 0.1176 0.0939 0.2113 0.2348 0.3424 
         319  1 0.1425 0.1536 0.4727 0.0821 0.1490 
         320  1 0.2431 0.1623 0.1971 0.2310 0.1666 
         321  1 0.2788 0.2166 0.0810 0.2264 0.1972 
         322  1 0.2068 0.1428 0.2210 0.0921 0.3373 
         323  1 0.2594 0.1920 0.1303 0.0697 0.3487 
         324  1 0.4479 0.1262 0.1015 0.1118 0.2127 
         325  1 0.1177 0.1220 0.2526 0.3898 0.1180 
         326  1 0.2779 0.1822 0.1523 0.1093 0.2783 
         327  1 0.2118 0.3028 0.1782 0.1724 0.1348 
         328  1 0.0966 0.3794 0.1812 0.1847 0.1580 
         329  1 0.1038 0.2139 0.2067 0.2677 0.2078 
         330  1 0.0846 0.0873 0.2635 0.3845 0.1801 
         331  1 0.2247 0.0967 0.4045 0.1647 0.1094 
         332  1 0.2131 0.1079 0.2276 0.2521 0.1993 
         333  1 0.3607 0.1700 0.1113 0.2413 0.1167 
         334  1 0.1144 0.1938 0.1828 0.1823 0.3267 
         335  1 0.1039 0.1680 0.1750 0.1965 0.3567 
         336  1 0.1283 0.1626 0.2285 0.1950 0.2856 
         337  1 0.2090 0.1332 0.3494 0.1184 0.1900 
         338  1 0.0855 0.2630 0.4373 0.0861 0.1281 
         339  1 0.2036 0.3280 0.1819 0.1387 0.1478 
         340  1 0.2022 0.2177 0.1974 0.1382 0.2444 
         341  1 0.1744 0.1028 0.1284 0.1412 0.4532 
         342  1 0.1796 0.1132 0.2255 0.2568 0.2250 
         343  1 0.1805 0.1708 0.0810 0.3657 0.2020 
         344  1 0.0876 0.0741 0.1659 0.5527 0.1197 
         345  1 0.0955 0.2021 0.2532 0.1194 0.3298 
         346  1 0.1484 0.1420 0.1591 0.1576 0.3929 
         347  1 0.0974 0.2238 0.1585 0.3030 0.2173 
         348  1 0.1739 0.1060 0.2852 0.2631 0.1718 
         349  1 0.1785 0.1808 0.1429 0.2337 0.2641 
         350  1 0.1292 0.1300 0.3306 0.1338 0.2763 
         351  1 0.2137 0.2064 0.1713 0.1457 0.2628 
         352  1 0.1949 0.1074 0.2018 0.2352 0.2607 
         353  1 0.1159 0.3906 0.1638 0.2189 0.1108 
         354  1 0.3827 0.2705 0.1333 0.1042 0.1093 
         355  1 0.1011 0.1086 0.3425 0.2542 0.1936 
         356  1 0.1380 0.3663 0.1642 0.1016 0.2300 
         357  1 0.2859 0.1473 0.1414 0.0983 0.3271 
         358  1 0.0763 0.1331 0.1089 0.2732 0.4084 
         359  1 0.2448 0.1306 0.0888 0.0796 0.4562 
         360  1 0.2429 0.1936 0.1896 0.2265 0.1474 
         361  1 0.2246 0.0664 0.1895 0.3871 0.1324 
         362  1 0.3173 0.2183 0.1608 0.0978 0.2058 
         363  1 0.4032 0.2763 0.1235 0.0975 0.0995 
         364  1 0.1533 0.3312 0.1551 0.1607 0.1996 
         365  1 0.1754 0.2546 0.0578 0.2467 0.2655 
         366  1 0.1420 0.1448 0.1226 0.1958 0.3949 
         367  1 0.1900 0.2128 0.1696 0.1427 0.2849 
         368  1 0.1953 0.2128 0.1688 0.2029 0.2202 
         369  1 0.1015 0.6091 0.1030 0.0811 0.1053 
         370  1 0.4093 0.0855 0.1222 0.1742 0.2088 
         371  1 0.2579 0.1987 0.1285 0.2164 0.1986 
         372  1 0.1379 0.1072 0.4231 0.1295 0.2023 
         373  1 0.1542 0.1658 0.1332 0.3036 0.2432 
         374  1 0.1114 0.1893 0.1405 0.3070 0.2518 
         375  1 0.0825 0.3971 0.0742 0.1914 0.2548 
         376  1 0.0821 0.1805 0.2093 0.3084 0.2196 
         377  1 0.1355 0.3009 0.1007 0.1743 0.2886 
         378  1 0.1260 0.2299 0.2317 0.1607 0.2516 
         379  1 0.1600 0.4233 0.1460 0.1596 0.1110 
         380  1 0.0666 0.1004 0.1317 0.5767 0.1245 
         381  1 0.2284 0.1718 0.2289 0.1371 0.2339 
         382  1 0.2754 0.1253 0.1575 0.2663 0.1755 
         383  1 0.0849 0.1141 0.5029 0.1460 0.1521 
         384  1 0.1017 0.1744 0.2667 0.2479 0.2093 
         385  1 0.2769 0.1740 0.2297 0.0928 0.2266 
         386  1 0.5538 0.0881 0.1019 0.1407 0.1154 
         387  1 0.1461 0.1476 0.3330 0.2670 0.1063 
         388  1 0.3159 0.1753 0.1132 0.1897 0.2059 
         389  1 0.3204 0.1044 0.1495 0.2094 0.2163 
         390  1 0.1938 0.1671 0.2700 0.2149 0.1542 
         391  1 0.2641 0.3091 0.1400 0.0923 0.1945 
         392  1 0.1507 0.1403 0.2667 0.2247 0.2175 
         393  1 0.1056 0.1491 0.1229 0.4233 0.1991 
         394  1 0.2003 0.2602 0.1664 0.2324 0.1407 
         395  1 0.3941 0.1542 0.1820 0.1424 0.1274 
         396  1 0.2528 0.1500 0.1773 0.1886 0.2313 
         397  1 0.1147 0.2423 0.2134 0.1418 0.2879 
         398  1 0.1744 0.2462 0.2410 0.1990 0.1393 
         399  1 0.1405 0.1273 0.2789 0.2322 0.2211 
         400  1 0.0509 0.1855 0.2125 0.2854 0.2657 
         401  1 0.3394 0.1046 0.2276 0.1844 0.1441 
         402  1 0.1811 0.1473 0.1825 0.2142 0.2749 
         403  1 0.3619 0.2192 0.1455 0.1197 0.1538 
         404  1 0.1050 0.3073 0.1576 0.1919 0.2382 
         405  1 0.4222 0.2253 0.1156 0.1501 0.0867 
         406  1 0.1343 0.1072 0.1366 0.4025 0.2195 
         407  1 0.1883 0.2086 0.2062 0.2006 0.1964 
         408  1 0.1857 0.0791 0.4149 0.1736 0.1467 
         409  1 0.0963 0.0632 0.4299 0.2957 0.1148 
         410  1 0.0834 0.2113 0.4194 0.1263 0.1596 
         411  1 0.0948 0.1327 0.1656 0.3025 0.3043 
         412  1 0.5321 0.1388 0.0993 0.1021 0.1278 
         413  1 0.1302 0.0938 0.2904 0.3284 0.1572 
         414  1 0.1630 0.4093 0.0929 0.1722 0.1626 
         415  1 0.3853 0.1740 0.1610 0.1702 0.1096 
         416  1 0.2995 0.3353 0.1228 0.1172 0.1252 
         417  1 0.1838 0.1095 0.2529 0.1908 0.2630 
         418  1 0.1848 0.0980 0.1473 0.4238 0.1461 
         419  1 0.2113 0.2419 0.2136 0.1776 0.1556 
         420  1 0.1743 0.2392 0.1910 0.1918 0.2037 
         421  1 0.1658 0.1762 0.4056 0.0563 0.1960 
         422  1 0.0782 0.3989 0.1626 0.1983 0.1619 
         423  1 0.1440 0.2575 0.2609 0.1664 0.1712 
         424  1 0.0940 0.0963 0.4378 0.1101 0.2619 
         425  1 0.1407 0.1251 0.0830 0.3106 0.3406 
         426  1 0.5406 0.1870 0.1029 0.0837 0.0858 
         427  1 0.1092 0.2642 0.1964 0.2648 0.1655 
         428  1 0.1850 0.2189 0.1436 0.1694 0.2832 
         429  1 0.2422 0.1236 0.2276 0.2058 0.2007 
         430  1 0.1664 0.3621 0.1499 0.1198 0.2019 
         431  1 0.1226 0.1005 0.2539 0.3491 0.1740 
         432  1 0.1139 0.5623 0.1099 0.0720 0.1419 
         433  1 0.2603 0.2100 0.1565 0.1634 0.2100 
         434  1 0.2608 0.1950 0.1273 0.1576 0.2594 
         435  1 0.1574 0.1294 0.1230 0.4091 0.1812 
         436  1 0.1494 0.3106 0.3041 0.1247 0.1111 
         437  1 0.1992 0.2300 0.0720 0.2650 0.2338 
         438  1 0.2011 0.1033 0.1921 0.3490 0.1545 
         439  1 0.2402 0.0856 0.2382 0.1438 0.2922 
         440  1 0.2533 0.1581 0.1912 0.3203 0.0771 
         441  1 0.1884 0.1118 0.3327 0.2411 0.1261 
         442  1 0.0811 0.0982 0.3400 0.3515 0.1293 
         443  1 0.1082 0.4387 0.1558 0.1673 0.1300 
         444  1 0.1799 0.3108 0.1774 0.1112 0.2208 
         445  1 0.1473 0.2100 0.1997 0.2901 0.1529 
         446  1 0.1329 0.2212 0.2050 0.1958 0.2451 
         447  1 0.2616 0.2120 0.1092 0.3245 0.0926 
         448  1 0.1432 0.1728 0.2626 0.2450 0.1764 
         449  1 0.1818 0.0926 0.1422 0.5031 0.0802 
         450  1 0.2499 0.1564 0.2252 0.1097 0.2588 
         451  1 0.1533 0.0837 0.3423 0.1708 0.2499 
         452  1 0.1209 0.4207 0.1656 0.1034 0.1894 
         453  1 0.2757 0.1957 0.2013 0.1304 0.1969 
         454  1 0.3203 0.2076 0.2024 0.1256 0.1442 
         455  1 0.2833 0.1391 0.1139 0.1449 0.3188 
         456  1 0.1476 0.3777 0.1757 0.0996 0.1994 
         457  1 0.6268 0.1377 0.1170 0.0518 0.0667 
         458  1 0.1767 0.1643 0.0882 0.3677 0.2031 
         459  1 0.5030 0.0969 0.0974 0.1900 0.1126 
         460  1 0.1879 0.2212 0.2595 0.1612 0.1702 
         461  1 0.2012 0.0880 0.1228 0.2223 0.3656 
         462  1 0.4273 0.0805 0.1093 0.2822 0.1007 
         463  1 0.0879 0.3718 0.1795 0.1848 0.1760 
         464  1 0.3210 0.1356 0.1663 0.2363 0.1408 
         465  1 0.1092 0.1134 0.2623 0.1807 0.3344 
         466  1 0.2857 0.2052 0.1837 0.1267 0.1987 
         467  1 0.4321 0.2391 0.0991 0.0936 0.1361 
         468  1 0.1961 0.1332 0.1235 0.4101 0.1370 
         469  1 0.1610 0.4323 0.1197 0.0991 0.1879 
         470  1 0.3529 0.2673 0.1636 0.1143 0.1019 
         471  1 0.1343 0.2377 0.1739 0.1900 0.2641 
         472  1 0.4023 0.1403 0.2641 0.0904 0.1029 
         473  1 0.2282 0.2374 0.1763 0.1597 0.1984 
         474  1 0.4092 0.1057 0.1913 0.1359 0.1580 
         475  1 0.0928 0.2520 0.3455 0.1285 0.1811 
         476  1 0.1304 0.1757 0.1769 0.1221 0.3949 
         477  1 0.1367 0.2224 0.1632 0.1986 0.2791 
         478  1 0.1290 0.1750 0.1805 0.2915 0.2239 
         479  1 0.1191 0.2324 0.1486 0.3555 0.1444 
         480  1 0.3016 0.1182 0.2847 0.1242 0.1714 
         481  1 0.0994 0.1195 0.1724 0.2458 0.3629 
         482  1 0.0734 0.1397 0.1979 0.4186 0.1703 
         483  1 0.2544 0.2276 0.1843 0.1213 0.2124 
         484  1 0.0946 0.1703 0.2521 0.1028 0.3802 
         485  1 0.1193 0.1024 0.2781 0.2886 0.2116 
         486  1 0.1263 0.0996 0.3580 0.3242 0.0918 
         487  1 0.2351 0.0964 0.2977 0.2425 0.1282 
         488  1 0.3584 0.1228 0.1575 0.1852 0.1761 
         489  1 0.2544 0.1381 0.2849 0.2100 0.1127 
         490  1 0.1495 0.1201 0.1941 0.3269 0.2095 
         491  1 0.1576 0.0791 0.4944 0.1293 0.1396 
         492  1 0.1630 0.1745 0.2234 0.2851 0.1541 
         493  1 0.0781 0.1298 0.1665 0.4927 0.1329 
         494  1 0.2367 0.0983 0.2083 0.1533 0.3034 
         495  1 0.1893 0.1009 0.2936 0.2359 0.1803 
         496  1 0.0744 0.1323 0.2823 0.2442 0.2669 
         497  1 0.1303 0.1029 0.2727 0.2751 0.2190 
         498  1 0.2272 0.1722 0.1408 0.2977 0.1621 
         499  1 0.3611 0.1820 0.1579 0.1308 0.1681 
         500  1 0.1321 0.4976 0.1005 0.1423 0.1276 
         501  1 0.0765 0.2806 0.1232 0.1675 0.3522 
         502  1 0.1156 0.2397 0.1697 0.2298 0.2454 
         503  1 0.0638 0.1560 0.1166 0.4187 0.2448 
         504  1 0.0559 0.1397 0.1989 0.3678 0.2377 
         505  1 0.1041 0.1623 0.0749 0.3026 0.3561 
         506  1 0.1946 0.3974 0.1276 0.1035 0.1769 
         507  1 0.1026 0.1413 0.1561 0.3708 0.2292 
         508  1 0.1137 0.2351 0.1798 0.2979 0.1736 
         509  1 0.1862 0.3603 0.1639 0.1312 0.1584 
         510  1 0.1045 0.1967 0.1840 0.2323 0.2826 
         511  1 0.3100 0.1171 0.2514 0.1351 0.1864 
         512  1 0.4113 0.2547 0.0844 0.0779 0.1717 
         513  1 0.1969 0.1284 0.3083 0.1136 0.2528 
         514  1 0.1371 0.0828 0.1342 0.5363 0.1096 
         515  1 0.2653 0.1477 0.1700 0.2028 0.2142 
         516  1 0.4518 0.1919 0.1773 0.0725 0.1064 
         517  1 0.2182 0.2671 0.1986 0.1787 0.1375 
         518  1 0.0944 0.1002 0.1199 0.5419 0.1435 
         519  1 0.2710 0.2316 0.2390 0.0810 0.1775 
         520  1 0.1447 0.3504 0.1168 0.0732 0.3150 
         521  1 0.1910 0.4882 0.1244 0.0741 0.1223 
         522  1 0.2287 0.2174 0.2136 0.1745 0.1658 
         523  1 0.0823 0.1795 0.1253 0.3315 0.2814 
         524  1 0.0770 0.2735 0.3608 0.1846 0.1040 
         525  1 0.2401 0.0907 0.1864 0.3499 0.1328 
         526  1 0.1260 0.1953 0.4435 0.1216 0.1136 
         527  1 0.2510 0.0776 0.1607 0.3579 0.1527 
         528  1 0.2313 0.1039 0.1511 0.3853 0.1285 
         529  1 0.3364 0.0947 0.1572 0.1628 0.2489 
         530  1 0.1346 0.3392 0.1643 0.1753 0.1866 
         531  1 0.1197 0.0816 0.1031 0.4603 0.2353 
         532  1 0.0610 0.1696 0.2170 0.3838 0.1686 
         533  1 0.1460 0.1849 0.1639 0.1821 0.3231 
         534  1 0.2438 0.1349 0.2803 0.1440 0.1970 
         535  1 0.0897 0.0886 0.1293 0.4714 0.2210 
         536  1 0.2928 0.0972 0.2192 0.2653 0.1255 
         537  1 0.1721 0.0823 0.4529 0.1234 0.1693 
         538  1 0.1345 0.3097 0.3559 0.0915 0.1084 
         539  1 0.1613 0.1958 0.1886 0.1116 0.3428 
         540  1 0.1256 0.0628 0.3573 0.3355 0.1189 
         541  1 0.2139 0.1225 0.3280 0.1796 0.1560 
         542  1 0.2195 0.1491 0.1564 0.3454 0.1295 
         543  1 0.0840 0.1421 0.1557 0.2526 0.3656 
         544  1 0.1411 0.4275 0.1656 0.0837 0.1821 
         545  1 0.4316 0.1360 0.2381 0.0714 0.1228 
         546  1 0.1090 0.0989 0.0948 0.1414 0.5560 
         547  1 0.2381 0.2068 0.2243 0.1069 0.2239 
         548  1 0.2241 0.1489 0.0849 0.2289 0.3133 
         549  1 0.3443 0.1973 0.1474 0.1176 0.1934 
         550  1 0.2090 0.1235 0.3970 0.1147 0.1558 
         551  1 0.1092 0.1119 0.4476 0.2110 0.1202 
         552  1 0.1824 0.0901 0.2316 0.2178 0.2781 
         553  1 0.1352 0.1495 0.2236 0.0658 0.4259 
         554  1 0.3961 0.2166 0.1777 0.1131 0.0965 
         555  1 0.2000 0.0945 0.2771 0.2955 0.1328 
         556  1 0.1878 0.1931 0.3465 0.1163 0.1564 
         557  1 0.2319 0.1462 0.2469 0.1471 0.2279 
         558  1 0.1182 0.1664 0.1006 0.1390 0.4758 
         559  1 0.1566 0.2969 0.3070 0.0847 0.1548 
         560  1 0.2120 0.2412 0.1457 0.2504 0.1506 
         561  1 0.1869 0.3787 0.2465 0.0727 0.1151 
         562  1 0.0738 0.1630 0.1999 0.3304 0.2330 
         563  1 0.1569 0.1336 0.4089 0.0808 0.2198 
         564  1 0.1751 0.1617 0.2120 0.1593 0.2919 
         565  1 0.0760 0.2234 0.1492 0.4681 0.0833 
         566  1 0.1485 0.4251 0.1786 0.1476 0.1002 
         567  1 0.1963 0.0863 0.4080 0.2007 0.1087 
         568  1 0.0729 0.0623 0.2078 0.5743 0.0827 
         569  1 0.1485 0.1145 0.4269 0.2391 0.0711 
         570  1 0.1106 0.1233 0.1119 0.4518 0.2024 
         571  1 0.2161 0.3699 0.2609 0.0720 0.0812 
         572  1 0.4262 0.1699 0.1436 0.1388 0.1215 
         573  1 0.1258 0.2645 0.1759 0.2880 0.1459 
         574  1 0.1272 0.1107 0.2036 0.3031 0.2554 
         575  1 0.1651 0.1982 0.4312 0.1087 0.0968 
         576  1 0.2780 0.0998 0.1633 0.1834 0.2755 
         577  1 0.1398 0.0879 0.1254 0.4391 0.2079 
         578  1 0.0897 0.5769 0.1329 0.1061 0.0944 
         579  1 0.0956 0.1446 0.4202 0.1640 0.1757 
         580  1 0.1548 0.1296 0.3997 0.1847 0.1312 
         581  1 0.2930 0.1987 0.2378 0.0948 0.1757 
         582  1 0.3762 0.1917 0.1098 0.0862 0.2360 
         583  1 0.0609 0.4292 0.0649 0.2217 0.2233 
         584  1 0.1682 0.1761 0.4056 0.0687 0.1814 
         585  1 0.0753 0.0712 0.3895 0.2739 0.1902 
         586  1 0.1728 0.2587 0.2663 0.0967 0.2055 
         587  1 0.1013 0.1081 0.2568 0.3102 0.2236 
         588  1 0.0928 0.0875 0.2498 0.3903 0.1797 
         589  1 0.2664 0.1448 0.1463 0.1898 0.2528 
         590  1 0.0746 0.1171 0.2115 0.5348 0.0619 
         591  1 0.2309 0.1660 0.3287 0.0719 0.2025 
         592  1 0.0627 0.1045 0.1486 0.6102 0.0741 
         593  1 0.1181 0.3094 0.3193 0.1284 0.1248 
         594  1 0.0824 0.2462 0.2354 0.2123 0.2236 
         595  1 0.2030 0.1463 0.0993 0.2688 0.2827 
         596  1 0.2004 0.3430 0.1920 0.0465 0.2182 
         597  1 0.0799 0.0601 0.1545 0.4357 0.2699 
         598  1 0.1697 0.1343 0.2340 0.2286 0.2334 
         599  1 0.1250 0.1845 0.3278 0.2227 0.1399 
         600  1 0.0852 0.1312 0.2276 0.4632 0.0929 
         601  1 0.0966 0.1392 0.1658 0.3146 0.2839 
         602  1 0.1215 0.0633 0.5787 0.1442 0.0923 
         603  1 0.1377 0.0591 0.3799 0.1470 0.2762 
         604  1 0.3228 0.2498 0.1812 0.1262 0.1200 
         605  1 0.2862 0.1226 0.2616 0.1882 0.1414 
         606  1 0.0780 0.1706 0.1539 0.4446 0.1529 
         607  1 0.1131 0.1317 0.2200 0.1853 0.3499 
         608  1 0.0942 0.1786 0.3045 0.2343 0.1885 
         609  1 0.5055 0.1107 0.1660 0.0657 0.1520 
         610  1 0.0867 0.2664 0.1030 0.2458 0.2980 
         611  1 0.3188 0.3403 0.1423 0.0651 0.1335 
         612  1 0.1300 0.2510 0.3002 0.1361 0.1827 
         613  1 0.1119 0.0931 0.1419 0.5307 0.1224 
         614  1 0.0759 0.1346 0.2761 0.3688 0.1447 
         615  1 0.2076 0.1017 0.3359 0.1765 0.1783 
         616  1 0.1081 0.2559 0.2970 0.1053 0.2337 
         617  1 0.0565 0.1207 0.3183 0.2904 0.2142 
         618  1 0.2143 0.1653 0.2629 0.2548 0.1027 
         619  1 0.1385 0.1421 0.2190 0.2979 0.2024 
         620  1 0.1374 0.1600 0.2122 0.1684 0.3219 
         621  1 0.1567 0.1138 0.3567 0.1572 0.2156 
         622  1 0.5011 0.2360 0.0987 0.0843 0.0799 
         623  1 0.3122 0.1469 0.1556 0.2431 0.1421 
         624  1 0.2408 0.2842 0.1712 0.1414 0.1623 
         625  1 0.1130 0.0828 0.4256 0.2151 0.1635 
         626  1 0.2550 0.2758 0.1859 0.1160 0.1673 
         627  1 0.0937 0.1420 0.2569 0.3650 0.1425 
         628  1 0.1385 0.1091 0.1646 0.2502 0.3375 
         629  1 0.2840 0.0988 0.3158 0.1299 0.1714 
         630  1 0.1026 0.3675 0.2859 0.1147 0.1292 
         631  1 0.1034 0.1768 0.1869 0.3648 0.1682 
         632  1 0.0773 0.0837 0.0762 0.4160 0.3467 
         633  1 0.0580 0.1257 0.3737 0.3276 0.1150 
         634  1 0.0859 0.1462 0.2220 0.1738 0.3721 
         635  1 0.2559 0.1018 0.1036 0.1742 0.3644 
         636  1 0.2197 0.1529 0.1799 0.1833 0.2642 
         637  1 0.4687 0.1295 0.1921 0.0747 0.1350 
         638  1 0.1811 0.1147 0.1543 0.3723 0.1777 
         639  1 0.0630 0.0682 0.3295 0.3297 0.2096 
         640  1 0.1737 0.0857 0.1215 0.4286 0.1904 
         641  1 0.1239 0.0977 0.1557 0.2704 0.3523 
         642  1 0.1814 0.1009 0.2009 0.4190 0.0978 
         643  1 0.0658 0.3060 0.3115 0.0850 0.2318 
         644  1 0.1069 0.2057 0.4686 0.1415 0.0773 
         645  1 0.4305 0.1123 0.2138 0.0812 0.1622 
         646  1 0.1876 0.3880 0.1250 0.1383 0.1612 
         647  1 0.2038 0.1971 0.1669 0.1411 0.2910 
         648  1 0.1494 0.1208 0.1334 0.2694 0.3269 
         649  1 0.0988 0.1158 0.2002 0.4747 0.1105 
         650  1 0.4745 0.2355 0.1102 0.0901 0.0898 
         651  1 0.1122 0.0910 0.1219 0.1551 0.5198 
         652  1 0.1656 0.2120 0.1367 0.1195 0.3663 
         653  1 0.0835 0.3051 0.1606 0.2479 0.2028 
         654  1 0.1737 0.1254 0.2423 0.1664 0.2923 
         655  1 0.3068 0.1747 0.1550 0.0949 0.2686 
         656  1 0.0852 0.2022 0.1053 0.3384 0.2689 
         657  1 0.1646 0.0906 0.0711 0.4531 0.2207 
         658  1 0.0827 0.1145 0.3028 0.3914 0.1086 
         659  1 0.1455 0.2363 0.2329 0.1580 0.2273 
         660  1 0.1010 0.1195 0.1704 0.4742 0.1350 
         661  1 0.3046 0.3030 0.0894 0.1967 0.1064 
         662  1 0.1063 0.2001 0.2212 0.2263 0.2461 
         663  1 0.2982 0.1122 0.1434 0.0783 0.3680 
         664  1 0.1104 0.1936 0.1697 0.1622 0.3641 
         665  1 0.1373 0.4007 0.1535 0.1083 0.2001 
         666  1 0.1080 0.1231 0.3300 0.2590 0.1799 
         667  1 0.2046 0.1361 0.2536 0.1692 0.2365 
         668  1 0.0995 0.1866 0.0996 0.2711 0.3432 
         669  1 0.7496 0.0684 0.0545 0.0684 0.0591 
         670  1 0.4030 0.1370 0.0900 0.0810 0.2891 
         671  1 0.1370 0.1365 0.1785 0.1913 0.3566 
         672  1 0.2286 0.1770 0.1715 0.1543 0.2685 
         673  1 0.3065 0.1955 0.1648 0.1111 0.2221 
         674  1 0.0810 0.4727 0.2878 0.0955 0.0630 
         675  1 0.1029 0.2992 0.2629 0.2408 0.0942 
         676  1 0.0607 0.1975 0.0770 0.3414 0.3234 
         677  1 0.1157 0.2248 0.0977 0.3199 0.2419 
         678  1 0.2907 0.1064 0.3224 0.1697 0.1108 
         679  1 0.0739 0.0863 0.3088 0.4496 0.0815 
         680  1 0.3368 0.0705 0.1145 0.2785 0.1997 
         681  1 0.1566 0.1364 0.0813 0.1389 0.4868 
         682  1 0.1347 0.3560 0.2455 0.1436 0.1202 
         683  1 0.1461 0.2650 0.1939 0.2179 0.1771 
         684  1 0.1322 0.5042 0.1719 0.0748 0.1169 
         685  1 0.2043 0.2840 0.1010 0.2293 0.1813 
         686  1 0.2030 0.1157 0.1094 0.2045 0.3674 
         687  1 0.1317 0.1421 0.4283 0.1385 0.1595 
         688  1 0.1303 0.1727 0.1932 0.2891 0.2148 
         689  1 0.2312 0.2981 0.1074 0.0994 0.2639 
         690  1 0.2571 0.1540 0.3037 0.1577 0.1276 
         691  1 0.2027 0.3242 0.0627 0.1882 0.2221 
         692  1 0.1558 0.3215 0.1856 0.2455 0.0916 
         693  1 0.1179 0.0870 0.3421 0.2087 0.2443 
         694  1 0.0633 0.1914 0.3625 0.1056 0.2773 
         695  1 0.1629 0.0861 0.3385 0.3163 0.0962 
         696  1 0.1422 0.1604 0.3949 0.2199 0.0826 
         697  1 0.0919 0.1467 0.2285 0.3556 0.1773 
         698  1 0.1705 0.4211 0.1968 0.0708 0.1408 
         699  1 0.1733 0.1797 0.3704 0.1374 0.1392 
         700  1 0.1974 0.2415 0.1329 0.0973 0.3309 
         701  1 0.1250 0.1384 0.5287 0.0762 0.1318 
         702  1 0.1330 0.3621 0.0769 0.1967 0.2313 
         703  1 0.2672 0.1912 0.1278 0.1873 0.2264 
         704  1 0.2092 0.2031 0.2800 0.1239 0.1838 
         705  1 0.0772 0.1924 0.2494 0.3388 0.1421 
         706  1 0.1782 0.5138 0.1157 0.0853 0.1070 
         707  1 0.2642 0.2556 0.1192 0.1103 0.2507 
         708  1 0.0999 0.2104 0.2454 0.1745 0.2698 
         709  1 0.1269 0.0955 0.3758 0.2086 0.1932 
         710  1 0.1628 0.2716 0.2350 0.0984 0.2322 
         711  1 0.1365 0.1353 0.3346 0.1498 0.2437 
         712  1 0.1682 0.1456 0.2626 0.0758 0.3479 
         713  1 0.1494 0.0812 0.1764 0.3395 0.2535 
         714  1 0.2281 0.3731 0.1707 0.0921 0.1359 
         715  1 0.1215 0.1785 0.1838 0.1072 0.4089 
         716  1 0.3739 0.1895 0.1158 0.1056 0.2153 
         717  1 0.1823 0.1416 0.2751 0.0640 0.3369 
         718  1 0.1048 0.2792 0.2804 0.1315 0.2041 
         719  1 0.4135 0.3009 0.0952 0.0769 0.1135 
         720  1 0.0752 0.2349 0.1676 0.3595 0.1627 
         721  1 0.1411 0.1514 0.2342 0.1186 0.3548 
         722  1 0.1102 0.1476 0.3205 0.2438 0.1779 
         723  1 0.3324 0.1240 0.2298 0.1711 0.1428 
         724  1 0.1601 0.1891 0.3537 0.1524 0.1446 
         725  1 0.1256 0.1318 0.3839 0.1013 0.2574 
         726  1 0.0749 0.1148 0.1002 0.1321 0.5780 
         727  1 0.0798 0.0698 0.1098 0.5779 0.1626 
         728  1 0.3035 0.1533 0.1933 0.2097 0.1403 
         729  1 0.0776 0.3302 0.2942 0.2023 0.0958 
         730  1 0.0958 0.0900 0.0748 0.1906 0.5486 
         731  1 0.1526 0.1913 0.2423 0.1195 0.2943 
         732  1 0.1159 0.1257 0.3446 0.2295 0.1842 
         733  1 0.2010 0.2531 0.1991 0.1572 0.1895 
         734  1 0.0955 0.1975 0.2293 0.2676 0.2101 
         735  1 0.0906 0.1850 0.4291 0.1912 0.1040 
         736  1 0.1105 0.0965 0.4005 0.2756 0.1170 
         737  1 0.2839 0.1188 0.1365 0.1936 0.2672 
         738  1 0.1415 0.4335 0.1226 0.1138 0.1886 
         739  1 0.1143 0.3094 0.1735 0.1595 0.2434 
         740  1 0.0760 0.0921 0.1191 0.2641 0.4487 
         741  1 0.2208 0.2817 0.2982 0.0900 0.1093 
         742  1 0.1030 0.1886 0.2517 0.1450 0.3117 
         743  1 0.2124 0.2851 0.2133 0.1539 0.1353 
         744  1 0.1952 0.0752 0.4287 0.1643 0.1366 
         745  1 0.0936 0.1492 0.1513 0.1029 0.5031 
         746  1 0.0931 0.3013 0.1256 0.2745 0.2055 
         747  1 0.1399 0.5330 0.1409 0.0787 0.1074 
         748  1 0.3277 0.1798 0.0987 0.1550 0.2389 
         749  1 0.2921 0.2524 0.1621 0.1067 0.1867 
         750  1 0.0726 0.1134 0.1393 0.4349 0.2398 
         751  1 0.3544 0.1359 0.1624 0.1613 0.1860 
         752  1 0.1369 0.1252 0.2912 0.2696 0.1771 
         753  1 0.2892 0.1200 0.2743 0.1553 0.1612 
         754  1 0.1480 0.1670 0.2061 0.2366 0.2423 
         755  1 0.0887 0.5158 0.1302 0.0970 0.1683 
         756  1 0.0806 0.2750 0.2221 0.2190 0.2033 
         757  1 0.0671 0.1328 0.2334 0.4590 0.1078 
         758  1 0.1592 0.2220 0.2816 0.1650 0.1722 
         759  1 0.2060 0.0875 0.4622 0.1474 0.0969 
         760  1 0.1342 0.3006 0.3170 0.0801 0.1680 
         761  1 0.0737 0.3554 0.4073 0.0718 0.0917 
         762  1 0.2665 0.2636 0.1069 0.2152 0.1479 
         763  1 0.0917 0.1064 0.3568 0.1688 0.2763 
         764  1 0.2617 0.0969 0.2066 0.3408 0.0940 
         765  1 0.0721 0.1418 0.0951 0.0853 0.6057 
         766  1 0.0740 0.4255 0.1616 0.2182 0.1208 
         767  1 0.4960 0.1259 0.1548 0.1024 0.1209 
         768  1 0.0830 0.1314 0.3506 0.2197 0.2153 
         769  1 0.1771 0.1110 0.1760 0.2173 0.3187 
