           1  1 0.0989 0.2571 0.0470 0.0695 0.1161 0.0657 0.1328 0.0555 0.1574 
           2  1 0.0647 0.0478 0.0960 0.2029 0.0864 0.3319 0.0682 0.0477 0.0543 
           3  1 0.1197 0.0515 0.0466 0.0987 0.1654 0.0932 0.1096 0.2285 0.0868 
           4  1 0.1486 0.0419 0.0450 0.0861 0.0584 0.0758 0.1532 0.1297 0.2613 
           5  1 0.1162 0.0790 0.0908 0.0797 0.1157 0.0691 0.0914 0.1832 0.1749 
           6  1 0.0975 0.1249 0.1561 0.0909 0.1083 0.0863 0.0904 0.1316 0.1140 
           7  1 0.0746 0.0380 0.5260 0.0553 0.0753 0.0434 0.0691 0.0600 0.0582 
           8  1 0.0972 0.0743 0.1679 0.0895 0.1090 0.0890 0.1008 0.0864 0.1861 
           9  1 0.1022 0.0873 0.0692 0.0975 0.1810 0.1279 0.1164 0.1027 0.1159 
          10  1 0.1680 0.0663 0.0593 0.1844 0.0544 0.1451 0.1738 0.0763 0.0723 
          11  1 0.1218 0.0516 0.0687 0.0894 0.0954 0.0997 0.1118 0.2347 0.1269 
          12  1 0.1237 0.0497 0.0313 0.1273 0.0811 0.1681 0.1238 0.1580 0.1370 
          13  1 0.0987 0.1990 0.0736 0.0761 0.1313 0.0674 0.0936 0.1599 0.1005 
          14  1 0.1097 0.0444 0.0688 0.0832 0.2767 0.0710 0.0641 0.0856 0.1964 
          15  1 0.1081 0.0442 0.0443 0.0572 0.2915 0.0521 0.0823 0.1846 0.1357 
          16  1 0.0974 0.0863 0.1249 0.1149 0.1157 0.1083 0.0731 0.1265 0.1528 
          17  1 0.0666 0.3333 0.0843 0.1041 0.0649 0.0964 0.0705 0.0748 0.1052 
          18  1 0.1267 0.0603 0.1235 0.0880 0.1098 0.0806 0.0900 0.1462 0.1748 
          19  1 0.1108 0.1067 0.1278 0.1180 0.0694 0.1253 0.1123 0.1681 0.0616 
          20  1 0.0931 0.0955 0.2018 0.0976 0.1402 0.0851 0.0860 0.0852 0.1156 
          21  1 0.1124 0.1140 0.1506 0.0890 0.0742 0.0824 0.0857 0.1521 0.1396 
          22  1 0.1058 0.0538 0.0792 0.1357 0.1434 0.1549 0.1035 0.0780 0.1457 
          23  1 0.1213 0.0892 0.0728 0.1051 0.1086 0.1118 0.1206 0.1670 0.1036 
          24  1 0.0826 0.2114 0.1231 0.1350 0.0576 0.1458 0.0830 0.0885 0.0730 
          25  1 0.0857 0.1180 0.2693 0.0856 0.0890 0.0714 0.0795 0.1166 0.0848 
          26  1 0.1360 0.0804 0.0545 0.0846 0.1159 0.0851 0.1251 0.1997 0.1186 
          27  1 0.1595 0.0722 0.2114 0.1421 0.0431 0.1130 0.1816 0.0380 0.0392 
          28  1 0.0685 0.0343 0.0688 0.0684 0.4767 0.0723 0.0536 0.0552 0.1023 
          29  1 0.2331 0.1040 0.0514 0.0871 0.0334 0.0540 0.2842 0.0638 0.0889 
          30  1 0.1111 0.0840 0.0469 0.0658 0.1393 0.0573 0.0759 0.2802 0.1394 
          31  1 0.0889 0.1229 0.3000 0.0936 0.0532 0.0836 0.0854 0.0857 0.0867 
          32  1 0.1365 0.0755 0.0804 0.0714 0.0756 0.0667 0.1270 0.2595 0.1075 
          33  1 0.0773 0.2138 0.0650 0.0776 0.2596 0.0758 0.0634 0.0544 0.1131 
          34  1 0.0949 0.1284 0.1437 0.1080 0.1166 0.0902 0.0936 0.0907 0.1339 
          35  1 0.1156 0.0876 0.0469 0.0923 0.1086 0.0868 0.0892 0.2591 0.1138 
          36  1 0.1375 0.0676 0.0617 0.0602 0.1134 0.0485 0.1154 0.2770 0.1187 
          37  1 0.1165 0.0530 0.2806 0.0980 0.0611 0.1135 0.1253 0.0797 0.0723 
          38  1 0.2022 0.0543 0.0576 0.1219 0.0438 0.0973 0.2291 0.0653 0.1285 
          39  1 0.0987 0.1681 0.0301 0.0620 0.2755 0.0618 0.1129 0.0792 0.1117 
          40  1 0.0801 0.1801 0.0676 0.1339 0.1098 0.1288 0.0815 0.1105 0.1077 
          41  1 0.1944 0.0340 0.0680 0.0717 0.0982 0.0732 0.2024 0.1680 0.0900 
          42  1 0.0943 0.1488 0.1066 0.1670 0.0585 0.1334 0.0965 0.0939 0.1011 
          43  1 0.0827 0.0462 0.0251 0.2027 0.0824 0.3187 0.0810 0.0911 0.0701 
          44  1 0.1150 0.1654 0.0494 0.1015 0.1512 0.1175 0.1305 0.1015 0.0680 
          45  1 0.0707 0.3434 0.0557 0.0826 0.1129 0.0848 0.0718 0.0740 0.1041 
          46  1 0.0460 0.0853 0.0878 0.2246 0.0613 0.3497 0.0467 0.0357 0.0629 
          47  1 0.1150 0.1141 0.0950 0.0521 0.1021 0.0401 0.0911 0.3086 0.0819 
          48  1 0.1783 0.0421 0.0982 0.1468 0.0461 0.1084 0.1416 0.1191 0.1196 
          49  1 0.1152 0.1061 0.0516 0.1377 0.1575 0.1071 0.0926 0.1236 0.1086 
          50  1 0.1209 0.0600 0.1032 0.1055 0.1492 0.1124 0.1248 0.0776 0.1464 
          51  1 0.0532 0.5120 0.0648 0.0638 0.0357 0.0439 0.0494 0.1276 0.0495 
          52  1 0.0723 0.3620 0.1422 0.0726 0.0884 0.0538 0.0604 0.0515 0.0968 
          53  1 0.1047 0.1664 0.0831 0.0654 0.2108 0.0511 0.0798 0.1106 0.1280 
          54  1 0.1109 0.1682 0.2266 0.1043 0.0504 0.0828 0.1112 0.0804 0.0652 
          55  1 0.0608 0.0850 0.4377 0.1098 0.0458 0.1012 0.0614 0.0431 0.0553 
          56  1 0.0699 0.0962 0.0455 0.2281 0.0376 0.2675 0.0755 0.0877 0.0920 
          57  1 0.0353 0.3980 0.1215 0.1442 0.0282 0.1581 0.0320 0.0403 0.0424 
          58  1 0.1164 0.0843 0.2080 0.1129 0.0887 0.0901 0.1100 0.0876 0.1021 
          59  1 0.0666 0.2034 0.1025 0.0767 0.2661 0.0651 0.0383 0.0768 0.1046 
          60  1 0.1061 0.0625 0.0784 0.1148 0.1722 0.1267 0.1146 0.1082 0.1166 
          61  1 0.1587 0.0702 0.1057 0.0854 0.1570 0.0637 0.1906 0.0785 0.0901 
          62  1 0.1185 0.0675 0.0305 0.0820 0.1021 0.0718 0.1716 0.1188 0.2372 
          63  1 0.1318 0.0577 0.0851 0.0825 0.0615 0.0891 0.1052 0.3252 0.0619 
          64  1 0.1097 0.1180 0.0852 0.0991 0.0678 0.0895 0.0863 0.2194 0.1250 
          65  1 0.0841 0.0826 0.2311 0.1563 0.0792 0.1476 0.0740 0.0597 0.0853 
          66  1 0.1586 0.0399 0.0960 0.1655 0.0888 0.1550 0.1819 0.0536 0.0607 
          67  1 0.1322 0.0541 0.0409 0.0794 0.1995 0.0715 0.1120 0.1630 0.1473 
          68  1 0.1228 0.0483 0.1214 0.0842 0.1939 0.0687 0.1418 0.0870 0.1320 
          69  1 0.1117 0.0349 0.1330 0.1416 0.0587 0.1873 0.1387 0.0742 0.1199 
          70  1 0.1131 0.0725 0.0904 0.1118 0.1148 0.1512 0.1191 0.1212 0.1059 
          71  1 0.0543 0.0971 0.2370 0.1801 0.0582 0.2220 0.0497 0.0423 0.0593 
          72  1 0.0481 0.2388 0.2368 0.1081 0.0790 0.1117 0.0384 0.0933 0.0459 
          73  1 0.2254 0.0490 0.0543 0.1144 0.0844 0.0752 0.2826 0.0544 0.0604 
          74  1 0.0830 0.1202 0.0816 0.1266 0.0766 0.1705 0.0778 0.1427 0.1211 
          75  1 0.1722 0.0304 0.0675 0.0731 0.2701 0.0458 0.1851 0.0456 0.1101 
          76  1 0.1324 0.0512 0.0554 0.0848 0.0723 0.0609 0.1477 0.0924 0.3030 
          77  1 0.0763 0.0268 0.0352 0.1247 0.3366 0.2323 0.0808 0.0343 0.0530 
          78  1 0.1430 0.1462 0.0615 0.0702 0.0768 0.0629 0.1479 0.1993 0.0922 
          79  1 0.1771 0.0424 0.1166 0.0799 0.0711 0.0541 0.1831 0.2001 0.0755 
          80  1 0.1349 0.0531 0.0596 0.0472 0.1179 0.0314 0.0685 0.3854 0.1020 
          81  1 0.1396 0.0480 0.0950 0.0970 0.1306 0.0692 0.0688 0.0718 0.2800 
          82  1 0.0870 0.2853 0.0657 0.0929 0.0681 0.0735 0.0608 0.0707 0.1960 
          83  1 0.1278 0.0396 0.0452 0.0753 0.1586 0.0602 0.0919 0.2433 0.1580 
          84  1 0.1365 0.0611 0.0505 0.0666 0.0714 0.0481 0.1180 0.1371 0.3107 
          85  1 0.0668 0.0755 0.1866 0.1575 0.0498 0.2255 0.0777 0.0476 0.1129 
          86  1 0.0891 0.1230 0.0610 0.1084 0.2180 0.1450 0.0873 0.0919 0.0762 
          87  1 0.0918 0.1754 0.1263 0.1074 0.0709 0.1134 0.1021 0.0791 0.1336 
          88  1 0.0948 0.0442 0.0371 0.2223 0.0611 0.3145 0.1069 0.0590 0.0600 
          89  1 0.0904 0.1049 0.2182 0.1233 0.0980 0.1103 0.0603 0.0556 0.1391 
          90  1 0.0653 0.0834 0.3853 0.0931 0.0453 0.1186 0.0659 0.0789 0.0643 
          91  1 0.1207 0.0798 0.0993 0.1059 0.0816 0.1215 0.1027 0.1532 0.1354 
          92  1 0.1240 0.0305 0.1035 0.1398 0.0838 0.1914 0.1228 0.1169 0.0874 
          93  1 0.0601 0.4194 0.1113 0.0720 0.0790 0.0700 0.0617 0.0400 0.0866 
          94  1 0.1013 0.0669 0.1308 0.1235 0.1502 0.1241 0.0716 0.0725 0.1590 
          95  1 0.1233 0.0518 0.0314 0.0652 0.0569 0.0580 0.1275 0.3524 0.1335 
          96  1 0.2913 0.0312 0.0296 0.0803 0.0507 0.0324 0.3768 0.0596 0.0482 
          97  1 0.1156 0.0560 0.0688 0.1107 0.1340 0.0935 0.0946 0.1034 0.2234 
          98  1 0.1268 0.2424 0.0418 0.0535 0.0503 0.0372 0.1713 0.1204 0.1564 
          99  1 0.1055 0.0826 0.0444 0.1320 0.0749 0.0863 0.0630 0.0603 0.3510 
         100  1 0.1171 0.0499 0.0875 0.0956 0.2281 0.1175 0.1294 0.0850 0.0898 
         101  1 0.0701 0.0691 0.1194 0.1594 0.0655 0.2404 0.0575 0.1352 0.0835 
         102  1 0.1071 0.0837 0.1117 0.0694 0.2508 0.0520 0.0997 0.0811 0.1445 
         103  1 0.0869 0.0437 0.0460 0.1480 0.2525 0.2074 0.0834 0.0492 0.0829 
         104  1 0.1244 0.0527 0.1778 0.0811 0.0730 0.0776 0.1110 0.2283 0.0742 
         105  1 0.1112 0.1458 0.0998 0.0939 0.1042 0.0863 0.1088 0.1399 0.1100 
         106  1 0.0527 0.0289 0.1117 0.2157 0.0801 0.3514 0.0458 0.0446 0.0692 
         107  1 0.1507 0.0636 0.1466 0.0994 0.0679 0.1146 0.1495 0.0811 0.1265 
         108  1 0.0918 0.2201 0.1106 0.0923 0.0854 0.0734 0.0876 0.0652 0.1738 
         109  1 0.1166 0.0707 0.0884 0.0797 0.1646 0.0713 0.0760 0.1773 0.1555 
         110  1 0.1463 0.0477 0.0920 0.1189 0.0766 0.1174 0.1740 0.1230 0.1041 
         111  1 0.1251 0.0449 0.0575 0.0529 0.1365 0.0396 0.0943 0.2954 0.1537 
         112  1 0.1055 0.2061 0.0677 0.1111 0.0694 0.1051 0.0663 0.0921 0.1767 
         113  1 0.0834 0.2698 0.1371 0.1053 0.0637 0.0710 0.0690 0.0988 0.1019 
         114  1 0.1002 0.0659 0.0607 0.1717 0.0884 0.1982 0.0914 0.0906 0.1329 
         115  1 0.0738 0.1265 0.1504 0.1872 0.0597 0.2036 0.0750 0.0465 0.0772 
         116  1 0.0671 0.1044 0.0919 0.1916 0.1330 0.2247 0.0648 0.0515 0.0709 
         117  1 0.1064 0.0651 0.0932 0.2090 0.0692 0.1978 0.1110 0.0627 0.0856 
         118  1 0.0776 0.1406 0.0654 0.2425 0.0595 0.1969 0.0792 0.0639 0.0744 
         119  1 0.0739 0.0585 0.0916 0.1741 0.1318 0.2699 0.0701 0.0560 0.0742 
         120  1 0.0989 0.0813 0.0974 0.1172 0.1477 0.0959 0.0594 0.0582 0.2442 
         121  1 0.0861 0.1353 0.1360 0.1652 0.0591 0.1375 0.0737 0.1116 0.0955 
         122  1 0.2167 0.0254 0.1047 0.0700 0.0676 0.0564 0.2306 0.0942 0.1343 
         123  1 0.1948 0.0816 0.0607 0.0959 0.0586 0.0705 0.1901 0.0907 0.1572 
         124  1 0.1402 0.0944 0.1074 0.2137 0.0390 0.1597 0.1454 0.0413 0.0588 
         125  1 0.0716 0.1288 0.1876 0.1918 0.0541 0.1599 0.0706 0.0384 0.0972 
         126  1 0.0681 0.0398 0.0566 0.2937 0.0382 0.3662 0.0705 0.0288 0.0381 
         127  1 0.1428 0.0438 0.0693 0.1979 0.0558 0.1835 0.1450 0.0422 0.1197 
         128  1 0.1725 0.0941 0.0674 0.1126 0.0806 0.0859 0.1960 0.0886 0.1021 
         129  1 0.1140 0.0612 0.1918 0.1105 0.0531 0.1548 0.1095 0.1207 0.0844 
         130  1 0.1010 0.0266 0.0958 0.0502 0.3816 0.0376 0.0865 0.0885 0.1323 
         131  1 0.1441 0.0623 0.0655 0.0847 0.1111 0.0678 0.1142 0.1559 0.1943 
         132  1 0.1166 0.1179 0.0774 0.1052 0.0924 0.1205 0.1016 0.1538 0.1145 
         133  1 0.1156 0.1020 0.0571 0.1411 0.0747 0.1365 0.1074 0.1653 0.1004 
         134  1 0.1532 0.0463 0.0519 0.0700 0.1171 0.0493 0.1182 0.1051 0.2888 
         135  1 0.0873 0.1728 0.1183 0.1324 0.1344 0.1120 0.0589 0.0669 0.1171 
         136  1 0.1382 0.0826 0.0368 0.0636 0.0883 0.0544 0.1908 0.1586 0.1866 
         137  1 0.1384 0.0466 0.0331 0.0475 0.1432 0.0405 0.1054 0.3268 0.1184 
         138  1 0.1568 0.0469 0.0549 0.0565 0.1118 0.0438 0.1269 0.2969 0.1055 
         139  1 0.0780 0.3212 0.0755 0.0962 0.0550 0.0738 0.0653 0.1566 0.0784 
         140  1 0.1081 0.0841 0.0835 0.0942 0.1380 0.0802 0.0698 0.2178 0.1242 
         141  1 0.1022 0.1638 0.0378 0.0970 0.1885 0.0787 0.0547 0.1100 0.1673 
         142  1 0.1008 0.1236 0.0595 0.1261 0.0757 0.1048 0.0808 0.1267 0.2020 
         143  1 0.0863 0.1950 0.1134 0.0969 0.1495 0.0957 0.0707 0.1025 0.0900 
         144  1 0.0880 0.1380 0.0841 0.1935 0.0614 0.2031 0.0953 0.0685 0.0682 
         145  1 0.1061 0.0904 0.1769 0.1277 0.0496 0.0861 0.1082 0.1109 0.1441 
         146  1 0.0284 0.6219 0.0240 0.0957 0.0552 0.0757 0.0263 0.0361 0.0368 
         147  1 0.1422 0.0389 0.0386 0.0572 0.0531 0.0512 0.1386 0.3436 0.1365 
         148  1 0.0954 0.1582 0.1164 0.1245 0.0964 0.1210 0.0868 0.1063 0.0949 
         149  1 0.1427 0.0604 0.0434 0.1305 0.0941 0.1401 0.1774 0.0946 0.1167 
         150  1 0.1117 0.0500 0.0315 0.0455 0.0681 0.0415 0.2356 0.1346 0.2814 
         151  1 0.0796 0.1714 0.0702 0.1032 0.2094 0.1242 0.0764 0.0732 0.0925 
         152  1 0.0802 0.0878 0.1038 0.1159 0.1733 0.1074 0.0695 0.0695 0.1926 
         153  1 0.0794 0.0618 0.0687 0.1634 0.0578 0.2419 0.0688 0.1998 0.0583 
         154  1 0.1523 0.0770 0.0328 0.0746 0.0804 0.0601 0.1640 0.2082 0.1505 
         155  1 0.1098 0.1401 0.0551 0.0820 0.0640 0.0706 0.1713 0.1001 0.2069 
         156  1 0.1508 0.0964 0.0509 0.1172 0.0481 0.1164 0.1966 0.0943 0.1293 
         157  1 0.1190 0.0830 0.0756 0.0703 0.2698 0.0673 0.1221 0.0763 0.1164 
         158  1 0.0975 0.2623 0.0652 0.0574 0.0869 0.0409 0.1014 0.1299 0.1585 
         159  1 0.0998 0.0645 0.0327 0.1177 0.1188 0.1512 0.0783 0.1030 0.2339 
         160  1 0.1314 0.0418 0.0290 0.0471 0.0607 0.0439 0.0851 0.4666 0.0943 
         161  1 0.1140 0.2032 0.0655 0.0848 0.1058 0.0600 0.0756 0.0861 0.2050 
         162  1 0.1015 0.0310 0.1072 0.1624 0.0715 0.2316 0.0975 0.0955 0.1019 
         163  1 0.0825 0.0406 0.0503 0.1858 0.0504 0.3176 0.0747 0.1028 0.0952 
         164  1 0.1179 0.0803 0.0763 0.0755 0.1930 0.0622 0.1037 0.1396 0.1514 
         165  1 0.1041 0.0511 0.1619 0.1288 0.0890 0.1286 0.0815 0.1590 0.0961 
         166  1 0.0997 0.2206 0.0581 0.0482 0.0555 0.0444 0.1096 0.2492 0.1147 
         167  1 0.1488 0.0526 0.1927 0.0980 0.0502 0.1047 0.1251 0.1251 0.1028 
         168  1 0.1245 0.0622 0.0477 0.0504 0.1049 0.0436 0.0942 0.2844 0.1882 
         169  1 0.0904 0.0821 0.0475 0.1817 0.1134 0.2327 0.0705 0.0637 0.1180 
         170  1 0.0876 0.0966 0.0990 0.1153 0.2361 0.1232 0.0426 0.0734 0.1262 
         171  1 0.0894 0.1021 0.0445 0.0623 0.0878 0.0470 0.1314 0.1505 0.2851 
         172  1 0.0830 0.1387 0.1408 0.1593 0.0585 0.1361 0.0750 0.1102 0.0984 
         173  1 0.0805 0.0992 0.1127 0.1057 0.2275 0.1177 0.0564 0.1181 0.0821 
         174  1 0.0785 0.0902 0.1034 0.2197 0.0632 0.1758 0.0609 0.0874 0.1209 
         175  1 0.0827 0.1844 0.1011 0.1194 0.1182 0.1172 0.0771 0.0756 0.1243 
         176  1 0.1164 0.0762 0.0753 0.0954 0.1293 0.0699 0.0769 0.1902 0.1704 
         177  1 0.0620 0.1370 0.1270 0.1693 0.0656 0.2376 0.0634 0.0573 0.0809 
         178  1 0.0806 0.1760 0.1450 0.1089 0.0811 0.0874 0.0738 0.1478 0.0994 
         179  1 0.1115 0.2519 0.0588 0.0936 0.0769 0.0888 0.1735 0.0444 0.1007 
         180  1 0.1405 0.0447 0.0315 0.0830 0.0813 0.0701 0.1520 0.1476 0.2493 
         181  1 0.1139 0.0515 0.0728 0.0999 0.2121 0.1050 0.0869 0.1419 0.1161 
         182  1 0.1767 0.0582 0.0395 0.0487 0.0482 0.0345 0.2584 0.1297 0.2060 
         183  1 0.0896 0.1314 0.0410 0.1164 0.0895 0.0845 0.1333 0.0863 0.2280 
         184  1 0.1003 0.0568 0.0987 0.0755 0.3376 0.0773 0.0970 0.0786 0.0783 
         185  1 0.0858 0.0551 0.4202 0.0972 0.0553 0.0939 0.0803 0.0610 0.0511 
         186  1 0.1093 0.0737 0.1825 0.1896 0.0484 0.1335 0.1046 0.0543 0.1042 
         187  1 0.1468 0.0330 0.1112 0.0656 0.0713 0.0527 0.1721 0.1048 0.2424 
         188  1 0.1047 0.1581 0.0950 0.1742 0.0619 0.1650 0.0992 0.0628 0.0792 
         189  1 0.0997 0.0935 0.1145 0.1566 0.0765 0.1880 0.0991 0.0788 0.0932 
         190  1 0.0429 0.4700 0.0992 0.1272 0.0491 0.0892 0.0396 0.0393 0.0435 
         191  1 0.0653 0.0948 0.0849 0.2018 0.0792 0.2715 0.0543 0.0624 0.0859 
         192  1 0.1184 0.0678 0.0918 0.0684 0.1954 0.0554 0.1225 0.1556 0.1246 
         193  1 0.1013 0.2017 0.0775 0.1181 0.0663 0.1114 0.0672 0.0535 0.2030 
         194  1 0.1286 0.0924 0.0428 0.0443 0.1336 0.0340 0.1542 0.2274 0.1428 
         195  1 0.1071 0.1706 0.1052 0.0828 0.0861 0.0469 0.0484 0.1529 0.2000 
         196  1 0.0554 0.0948 0.0747 0.1759 0.1772 0.2691 0.0562 0.0402 0.0564 
         197  1 0.0594 0.2651 0.1034 0.1511 0.0852 0.1373 0.0620 0.0875 0.0490 
         198  1 0.0526 0.1018 0.0464 0.1411 0.2887 0.2301 0.0453 0.0482 0.0458 
         199  1 0.1849 0.0244 0.2684 0.1306 0.0400 0.0972 0.1702 0.0387 0.0456 
         200  1 0.1546 0.0486 0.1276 0.1371 0.0718 0.1295 0.1507 0.0685 0.1116 
         201  1 0.1543 0.0686 0.2388 0.1125 0.0572 0.1099 0.1277 0.0620 0.0690 
         202  1 0.1504 0.0424 0.0505 0.0575 0.1043 0.0574 0.2327 0.1340 0.1707 
         203  1 0.0733 0.1391 0.0433 0.1955 0.0682 0.2340 0.0787 0.0753 0.0926 
         204  1 0.0667 0.0794 0.0666 0.2348 0.0556 0.3220 0.0732 0.0369 0.0649 
         205  1 0.1415 0.0409 0.0778 0.2225 0.0710 0.1435 0.1597 0.0694 0.0736 
         206  1 0.2303 0.0433 0.1390 0.1048 0.0414 0.0675 0.2532 0.0574 0.0632 
         207  1 0.1197 0.0781 0.0882 0.1178 0.1325 0.0968 0.0980 0.0908 0.1782 
         208  1 0.1037 0.0826 0.0519 0.0655 0.2222 0.0626 0.1219 0.1177 0.1719 
         209  1 0.0806 0.0670 0.1930 0.1546 0.1053 0.1995 0.0727 0.0673 0.0600 
         210  1 0.0641 0.2459 0.1646 0.1238 0.0855 0.1148 0.0639 0.0770 0.0604 
         211  1 0.0498 0.1700 0.0933 0.2669 0.0575 0.2259 0.0537 0.0347 0.0482 
         212  1 0.1896 0.0489 0.0464 0.0575 0.0497 0.0347 0.2897 0.1174 0.1661 
         213  1 0.0798 0.1913 0.1885 0.1059 0.0985 0.0776 0.0561 0.0771 0.1252 
         214  1 0.0355 0.0440 0.1290 0.2293 0.0602 0.3905 0.0321 0.0378 0.0417 
         215  1 0.0677 0.2284 0.0592 0.1828 0.0845 0.1630 0.0609 0.0656 0.0877 
         216  1 0.0999 0.1189 0.1027 0.0618 0.0541 0.0513 0.0576 0.3949 0.0588 
         217  1 0.0514 0.1096 0.0533 0.2978 0.0648 0.2460 0.0497 0.0640 0.0634 
         218  1 0.1007 0.2106 0.0838 0.0907 0.0568 0.0653 0.0722 0.1307 0.1890 
         219  1 0.0220 0.0276 0.0298 0.2810 0.0270 0.5468 0.0244 0.0179 0.0234 
         220  1 0.1503 0.0830 0.0783 0.0996 0.0418 0.1166 0.1616 0.1691 0.0998 
         221  1 0.1723 0.0673 0.2610 0.1074 0.0551 0.0739 0.1490 0.0607 0.0532 
         222  1 0.1025 0.2483 0.1190 0.0668 0.1170 0.0546 0.1082 0.1021 0.0815 
         223  1 0.0438 0.5768 0.0350 0.0808 0.0279 0.1149 0.0544 0.0265 0.0399 
         224  1 0.1413 0.0774 0.1584 0.1620 0.0557 0.1610 0.1413 0.0426 0.0605 
         225  1 0.0560 0.2414 0.1240 0.1832 0.0812 0.1689 0.0501 0.0434 0.0518 
         226  1 0.0759 0.0823 0.2652 0.1340 0.1943 0.1006 0.0660 0.0340 0.0478 
         227  1 0.1018 0.0601 0.0705 0.1270 0.2049 0.1552 0.0965 0.0850 0.0991 
         228  1 0.1602 0.0448 0.0371 0.0539 0.0524 0.0429 0.2710 0.1349 0.2028 
         229  1 0.1296 0.0702 0.1015 0.1034 0.0812 0.1010 0.1521 0.1145 0.1465 
         230  1 0.0628 0.0616 0.1444 0.2063 0.0803 0.2912 0.0681 0.0338 0.0514 
         231  1 0.0444 0.0538 0.0453 0.2729 0.0425 0.4257 0.0480 0.0305 0.0369 
         232  1 0.1349 0.0434 0.1042 0.0936 0.2308 0.0941 0.1314 0.0831 0.0843 
         233  1 0.1456 0.0729 0.0377 0.0578 0.0830 0.0466 0.1610 0.2329 0.1625 
         234  1 0.0750 0.2684 0.1675 0.0744 0.0498 0.0786 0.0836 0.0828 0.1200 
         235  1 0.1013 0.0668 0.0775 0.1873 0.0702 0.1464 0.1004 0.0571 0.1931 
         236  1 0.1411 0.0966 0.0575 0.0571 0.0972 0.0429 0.1223 0.2867 0.0987 
         237  1 0.0589 0.2919 0.0448 0.1505 0.0629 0.1377 0.0604 0.0687 0.1241 
         238  1 0.1555 0.0279 0.0610 0.0889 0.2562 0.0783 0.1810 0.0531 0.0981 
         239  1 0.1270 0.0483 0.0536 0.0547 0.0897 0.0400 0.0881 0.3520 0.1466 
         240  1 0.0613 0.2995 0.0797 0.0985 0.1887 0.0921 0.0478 0.0479 0.0846 
         241  1 0.1186 0.1225 0.1486 0.0953 0.2028 0.0849 0.1183 0.0410 0.0680 
         242  1 0.1666 0.0536 0.0648 0.1101 0.1232 0.1232 0.1955 0.0949 0.0681 
         243  1 0.1428 0.2666 0.0769 0.0843 0.0646 0.0596 0.1789 0.0512 0.0752 
         244  1 0.1099 0.1390 0.0946 0.0790 0.1634 0.0519 0.0546 0.1324 0.1753 
         245  1 0.1153 0.1368 0.0907 0.0794 0.1686 0.0501 0.0529 0.1379 0.1683 
         246  1 0.1208 0.1485 0.0990 0.1014 0.0913 0.0817 0.1636 0.0740 0.1198 
         247  1 0.1009 0.0408 0.0801 0.1089 0.3016 0.1172 0.0830 0.0510 0.1166 
         248  1 0.0720 0.1981 0.0877 0.1158 0.1463 0.1260 0.0498 0.1096 0.0948 
         249  1 0.1411 0.0654 0.1742 0.1114 0.1008 0.0915 0.1431 0.0724 0.1001 
         250  1 0.0430 0.2278 0.1634 0.1704 0.0611 0.2116 0.0357 0.0370 0.0500 
         251  1 0.1080 0.0727 0.0925 0.1220 0.0798 0.0894 0.0896 0.1382 0.2077 
         252  1 0.0900 0.0725 0.0384 0.0752 0.0803 0.0665 0.1241 0.0850 0.3679 
         253  1 0.0985 0.1159 0.0267 0.0863 0.0729 0.0633 0.0914 0.0944 0.3505 
         254  1 0.1325 0.0894 0.1068 0.0954 0.0669 0.0989 0.1120 0.1573 0.1407 
         255  1 0.1241 0.0836 0.1190 0.1044 0.1123 0.0879 0.1271 0.1312 0.1104 
         256  1 0.0703 0.0490 0.0807 0.0874 0.3885 0.1255 0.0679 0.0511 0.0796 
         257  1 0.1607 0.1174 0.1089 0.1401 0.0596 0.1291 0.1836 0.0411 0.0595 
         258  1 0.1425 0.0532 0.0379 0.0623 0.0504 0.0543 0.1075 0.3932 0.0987 
         259  1 0.0354 0.5621 0.0405 0.1349 0.0214 0.0882 0.0325 0.0372 0.0477 
         260  1 0.0934 0.1094 0.1241 0.1092 0.0944 0.0939 0.0657 0.1932 0.1168 
         261  1 0.1179 0.0561 0.0776 0.1232 0.0905 0.0963 0.0827 0.2008 0.1550 
         262  1 0.1179 0.0742 0.0695 0.0725 0.1754 0.0762 0.1772 0.0827 0.1545 
         263  1 0.1118 0.0828 0.0378 0.0543 0.2058 0.0433 0.1768 0.0947 0.1927 
         264  1 0.1209 0.1052 0.0449 0.0783 0.1129 0.0849 0.0991 0.2471 0.1066 
         265  1 0.0788 0.0475 0.0369 0.1593 0.1714 0.2714 0.0918 0.0581 0.0848 
         266  1 0.0600 0.1217 0.4654 0.0845 0.0481 0.0673 0.0464 0.0552 0.0514 
         267  1 0.1395 0.0597 0.1540 0.0999 0.1232 0.0851 0.1434 0.0903 0.1050 
         268  1 0.0892 0.3336 0.0484 0.0618 0.1238 0.0410 0.0764 0.1085 0.1173 
         269  1 0.1135 0.0444 0.1483 0.1301 0.0596 0.1707 0.1165 0.0668 0.1500 
         270  1 0.0699 0.0752 0.0925 0.2535 0.0687 0.2814 0.0694 0.0420 0.0473 
         271  1 0.1198 0.0841 0.1094 0.1455 0.0668 0.1798 0.1313 0.0871 0.0762 
         272  1 0.0936 0.1589 0.0433 0.1337 0.1751 0.1087 0.0835 0.1075 0.0957 
         273  1 0.1278 0.0740 0.2107 0.1349 0.0605 0.1062 0.1090 0.0930 0.0838 
         274  1 0.2679 0.0479 0.0359 0.0807 0.0424 0.0468 0.3363 0.0727 0.0694 
         275  1 0.0777 0.1972 0.0603 0.1761 0.1106 0.1551 0.0784 0.0664 0.0783 
         276  1 0.0991 0.0653 0.0689 0.0619 0.3460 0.0470 0.0535 0.1304 0.1279 
         277  1 0.0637 0.0959 0.3442 0.1371 0.0680 0.1253 0.0636 0.0378 0.0643 
         278  1 0.0812 0.1066 0.0813 0.0974 0.2705 0.1130 0.0709 0.0595 0.1196 
         279  1 0.1326 0.0295 0.0779 0.1253 0.1164 0.1294 0.1407 0.1588 0.0894 
         280  1 0.0395 0.0371 0.0361 0.2398 0.0876 0.4422 0.0366 0.0342 0.0469 
         281  1 0.0749 0.0769 0.0497 0.1791 0.1483 0.2511 0.0847 0.0498 0.0854 
         282  1 0.0705 0.0522 0.0765 0.0483 0.5306 0.0491 0.0555 0.0670 0.0503 
         283  1 0.1611 0.0502 0.0375 0.0660 0.0797 0.0517 0.2055 0.1667 0.1817 
         284  1 0.0953 0.0448 0.1897 0.0835 0.1970 0.0863 0.0750 0.0677 0.1607 
         285  1 0.1861 0.0760 0.1361 0.0784 0.0365 0.0528 0.2061 0.1030 0.1249 
         286  1 0.0852 0.0649 0.1300 0.0655 0.2499 0.0539 0.0707 0.1517 0.1282 
         287  1 0.0556 0.1243 0.0286 0.0427 0.4260 0.0433 0.0720 0.0588 0.1487 
         288  1 0.0928 0.0654 0.1295 0.1671 0.0746 0.2213 0.1003 0.0776 0.0713 
         289  1 0.1648 0.0372 0.0880 0.0521 0.0524 0.0390 0.1337 0.3463 0.0866 
         290  1 0.1150 0.0721 0.0507 0.1187 0.0819 0.1281 0.0818 0.0678 0.2839 
         291  1 0.1249 0.1050 0.0417 0.0966 0.1857 0.1056 0.1376 0.1193 0.0835 
         292  1 0.1172 0.1092 0.1089 0.1071 0.0953 0.1066 0.1115 0.1329 0.1114 
         293  1 0.1762 0.0819 0.0533 0.0802 0.0650 0.0695 0.2002 0.1177 0.1558 
         294  1 0.1126 0.0458 0.1689 0.1188 0.1222 0.1052 0.0690 0.0806 0.1769 
         295  1 0.1721 0.0319 0.1338 0.0698 0.0817 0.0483 0.1711 0.1967 0.0946 
         296  1 0.0817 0.0368 0.0603 0.2039 0.0663 0.3117 0.0641 0.0828 0.0924 
         297  1 0.1324 0.0591 0.0904 0.0788 0.0434 0.0605 0.1240 0.3072 0.1042 
         298  1 0.1048 0.1253 0.1069 0.0836 0.0932 0.0711 0.0747 0.1935 0.1469 
         299  1 0.1911 0.0973 0.0421 0.0809 0.0537 0.0617 0.2279 0.1231 0.1222 
         300  1 0.0831 0.3456 0.0886 0.0930 0.0530 0.0934 0.0738 0.0838 0.0857 
         301  1 0.0933 0.0766 0.1200 0.1058 0.2509 0.1056 0.0793 0.0786 0.0898 
         302  1 0.0380 0.6551 0.0747 0.0438 0.0365 0.0332 0.0389 0.0299 0.0498 
         303  1 0.1377 0.0659 0.1455 0.0793 0.1045 0.0700 0.1572 0.1040 0.1359 
         304  1 0.0647 0.1573 0.1831 0.1171 0.1306 0.1295 0.0573 0.0477 0.1128 
         305  1 0.0954 0.0820 0.1326 0.1784 0.0861 0.1514 0.0730 0.0820 0.1190 
         306  1 0.0589 0.0631 0.1059 0.1384 0.3168 0.1608 0.0395 0.0352 0.0813 
         307  1 0.1013 0.0835 0.0838 0.1219 0.1032 0.1101 0.0907 0.1884 0.1171 
         308  1 0.1157 0.0608 0.0491 0.0701 0.0722 0.0754 0.0952 0.3321 0.1294 
         309  1 0.1418 0.0421 0.1012 0.0845 0.0582 0.0896 0.1500 0.2390 0.0937 
         310  1 0.1376 0.0641 0.0639 0.0541 0.1334 0.0415 0.1512 0.1905 0.1639 
         311  1 0.1425 0.0952 0.0623 0.0688 0.0982 0.0562 0.1413 0.1910 0.1445 
         312  1 0.1070 0.0522 0.2694 0.0857 0.1790 0.0594 0.0749 0.0443 0.1281 
         313  1 0.2285 0.0385 0.0473 0.0914 0.0457 0.0547 0.2488 0.1470 0.0980 
         314  1 0.0953 0.0457 0.4354 0.0716 0.0566 0.0796 0.0938 0.0768 0.0452 
         315  1 0.1370 0.0626 0.0550 0.0906 0.1275 0.0724 0.1385 0.1185 0.1979 
         316  1 0.1274 0.1011 0.0291 0.0601 0.0722 0.0418 0.0549 0.3936 0.1198 
         317  1 0.1188 0.1527 0.0602 0.0896 0.1379 0.0786 0.0985 0.1502 0.1135 
         318  1 0.1389 0.0532 0.0922 0.0621 0.0699 0.0556 0.0872 0.3194 0.1215 
         319  1 0.0880 0.0517 0.1609 0.1259 0.1631 0.1464 0.0444 0.0516 0.1678 
         320  1 0.1084 0.1701 0.0777 0.0911 0.1296 0.0872 0.1078 0.1207 0.1073 
         321  1 0.1209 0.2054 0.0703 0.1307 0.0477 0.1023 0.1274 0.0994 0.0959 
         322  1 0.0664 0.0780 0.4499 0.0748 0.0657 0.0551 0.0489 0.0955 0.0657 
         323  1 0.0618 0.0715 0.4497 0.1328 0.0363 0.0868 0.0502 0.0408 0.0701 
         324  1 0.0755 0.3192 0.1555 0.0934 0.0480 0.0821 0.0752 0.0574 0.0936 
         325  1 0.1067 0.0541 0.0516 0.0756 0.1377 0.0713 0.0900 0.1458 0.2671 
         326  1 0.0989 0.1525 0.2124 0.1075 0.0856 0.1066 0.0922 0.0677 0.0764 
         327  1 0.1227 0.1270 0.0842 0.1218 0.1143 0.1212 0.1442 0.0640 0.1005 
         328  1 0.2069 0.0476 0.0609 0.0871 0.1793 0.0585 0.2468 0.0589 0.0541 
         329  1 0.1221 0.0554 0.0485 0.1022 0.0679 0.1184 0.1010 0.2868 0.0977 
         330  1 0.1200 0.0439 0.0607 0.0506 0.1937 0.0451 0.1212 0.2225 0.1424 
         331  1 0.1077 0.1250 0.0398 0.1139 0.1317 0.1081 0.0684 0.1020 0.2035 
         332  1 0.1007 0.1287 0.0838 0.0692 0.0839 0.0717 0.0833 0.2731 0.1056 
         333  1 0.0742 0.2260 0.0641 0.1267 0.0722 0.1129 0.1076 0.0702 0.1462 
         334  1 0.1367 0.0598 0.1768 0.0807 0.0880 0.0673 0.1284 0.1623 0.1000 
         335  1 0.1211 0.0530 0.2581 0.0755 0.0784 0.0674 0.1306 0.1198 0.0962 
         336  1 0.1423 0.0647 0.0967 0.0947 0.0981 0.0709 0.1455 0.1777 0.1094 
         337  1 0.1154 0.0775 0.1202 0.1383 0.0858 0.1070 0.0651 0.0850 0.2057 
         338  1 0.1202 0.0434 0.1711 0.0752 0.2875 0.0719 0.1205 0.0481 0.0621 
         339  1 0.1073 0.0983 0.0727 0.1709 0.1250 0.1455 0.1050 0.1121 0.0633 
         340  1 0.1066 0.0721 0.1524 0.1429 0.0707 0.1369 0.0772 0.0793 0.1617 
         341  1 0.1058 0.0901 0.3445 0.0702 0.0582 0.0559 0.0834 0.0935 0.0984 
         342  1 0.1170 0.0858 0.0797 0.0959 0.1225 0.0866 0.1103 0.1370 0.1653 
         343  1 0.2111 0.1594 0.0529 0.0784 0.0494 0.0397 0.2427 0.0815 0.0849 
         344  1 0.1263 0.0710 0.0328 0.0484 0.1093 0.0389 0.1509 0.1662 0.2563 
         345  1 0.1712 0.0510 0.1329 0.0840 0.1439 0.0669 0.2002 0.0897 0.0604 
         346  1 0.1213 0.0741 0.2066 0.0923 0.0693 0.1078 0.1104 0.1002 0.1180 
         347  1 0.1818 0.0654 0.1091 0.0655 0.1084 0.0467 0.2167 0.1308 0.0757 
         348  1 0.1269 0.1410 0.0535 0.0754 0.1754 0.0546 0.1076 0.1424 0.1232 
         349  1 0.1495 0.1168 0.0623 0.0929 0.1044 0.1101 0.1421 0.1319 0.0899 
         350  1 0.0958 0.0546 0.2586 0.0792 0.1807 0.0590 0.0855 0.0800 0.1067 
         351  1 0.1129 0.1193 0.1558 0.1226 0.0775 0.1194 0.1143 0.0893 0.0889 
         352  1 0.1142 0.1102 0.1053 0.0796 0.0790 0.0738 0.0915 0.2389 0.1074 
         353  1 0.0909 0.0480 0.0300 0.1724 0.0975 0.2499 0.0989 0.1288 0.0835 
         354  1 0.0735 0.1717 0.0517 0.2052 0.0839 0.2257 0.0797 0.0527 0.0560 
         355  1 0.1243 0.0425 0.0661 0.0756 0.1626 0.0598 0.0894 0.2364 0.1433 
         356  1 0.1133 0.0642 0.2160 0.1315 0.1074 0.1399 0.1101 0.0500 0.0676 
         357  1 0.0845 0.1309 0.3149 0.0882 0.0768 0.0918 0.0781 0.0809 0.0538 
         358  1 0.1856 0.0370 0.0654 0.0727 0.0588 0.0777 0.1997 0.1802 0.1228 
         359  1 0.0642 0.0698 0.5386 0.0804 0.0325 0.0691 0.0565 0.0491 0.0398 
         360  1 0.1222 0.2054 0.0720 0.0850 0.0971 0.0781 0.1313 0.1123 0.0966 
         361  1 0.0935 0.2081 0.0557 0.0500 0.1231 0.0399 0.0747 0.2195 0.1355 
         362  1 0.0763 0.1764 0.3342 0.0758 0.0778 0.0736 0.0848 0.0439 0.0573 
         363  1 0.0690 0.1868 0.0492 0.2095 0.0799 0.2239 0.0800 0.0497 0.0520 
         364  1 0.1255 0.0849 0.1379 0.1157 0.1143 0.1185 0.1449 0.0681 0.0903 
         365  1 0.2063 0.1020 0.0529 0.1171 0.0348 0.0781 0.2127 0.0739 0.1222 
         366  1 0.1632 0.0768 0.1336 0.0937 0.0521 0.0805 0.1500 0.1144 0.1356 
         367  1 0.1146 0.0868 0.0842 0.1457 0.0754 0.1345 0.1080 0.1704 0.0804 
         368  1 0.1148 0.1108 0.1040 0.1164 0.1082 0.1316 0.1087 0.1143 0.0912 
         369  1 0.2583 0.0546 0.0627 0.1125 0.0424 0.0675 0.3245 0.0354 0.0422 
         370  1 0.0871 0.2338 0.0610 0.0914 0.0602 0.0930 0.0671 0.2440 0.0625 
         371  1 0.1360 0.1905 0.0779 0.0993 0.0765 0.0759 0.1590 0.1164 0.0686 
         372  1 0.1413 0.0658 0.0981 0.0843 0.1196 0.0555 0.0748 0.2065 0.1541 
         373  1 0.1281 0.0997 0.0840 0.0853 0.0764 0.0930 0.1453 0.1781 0.1102 
         374  1 0.1453 0.0700 0.0551 0.0937 0.0858 0.1085 0.1517 0.1890 0.1010 
         375  1 0.2026 0.0446 0.1023 0.1187 0.0423 0.0939 0.2141 0.0678 0.1135 
         376  1 0.1247 0.0430 0.0730 0.0714 0.2397 0.0695 0.1345 0.1390 0.1050 
         377  1 0.1866 0.0743 0.1106 0.1143 0.0633 0.1014 0.1937 0.0776 0.0781 
         378  1 0.1360 0.0534 0.1295 0.1208 0.0942 0.0952 0.1361 0.1158 0.1189 
         379  1 0.1109 0.0864 0.0559 0.1557 0.1621 0.1666 0.1388 0.0501 0.0735 
         380  1 0.1366 0.0416 0.0278 0.0516 0.1285 0.0483 0.2218 0.1405 0.2034 
         381  1 0.0953 0.1068 0.2001 0.1124 0.0932 0.1056 0.0803 0.0995 0.1067 
         382  1 0.1085 0.1102 0.0563 0.1201 0.0653 0.0984 0.0905 0.1904 0.1603 
         383  1 0.1276 0.0358 0.1466 0.0855 0.1663 0.0460 0.0632 0.0747 0.2542 
         384  1 0.1096 0.0349 0.0658 0.0981 0.1146 0.1130 0.1301 0.0827 0.2512 
         385  1 0.0514 0.0896 0.3913 0.0953 0.0922 0.1069 0.0473 0.0665 0.0595 
         386  1 0.0530 0.5037 0.0738 0.0678 0.0523 0.0582 0.0590 0.0666 0.0655 
         387  1 0.0822 0.0862 0.0860 0.0671 0.2771 0.0648 0.0883 0.0643 0.1839 
         388  1 0.1104 0.2526 0.1066 0.0945 0.0637 0.0810 0.1163 0.0920 0.0829 
         389  1 0.0939 0.2521 0.0843 0.0714 0.0842 0.0712 0.0806 0.1910 0.0713 
         390  1 0.1071 0.1134 0.1071 0.0906 0.1762 0.0793 0.1090 0.0946 0.1228 
         391  1 0.1057 0.1349 0.2046 0.1278 0.0584 0.1299 0.1227 0.0592 0.0567 
         392  1 0.1223 0.0820 0.0806 0.0937 0.1268 0.0788 0.1041 0.1583 0.1533 
         393  1 0.1372 0.0539 0.0689 0.0620 0.0722 0.0615 0.2260 0.1009 0.2174 
         394  1 0.1085 0.0743 0.0450 0.1892 0.0741 0.1463 0.1063 0.1288 0.1274 
         395  1 0.0753 0.2825 0.0980 0.1101 0.1007 0.0984 0.0713 0.0795 0.0842 
         396  1 0.1013 0.1276 0.1626 0.1034 0.0877 0.0953 0.1007 0.1264 0.0950 
         397  1 0.1106 0.0488 0.1851 0.1256 0.0813 0.1489 0.1133 0.0889 0.0974 
         398  1 0.0860 0.0965 0.0828 0.1113 0.1910 0.1671 0.1030 0.0737 0.0887 
         399  1 0.1208 0.0770 0.0560 0.0816 0.1639 0.0752 0.1030 0.2229 0.0997 
         400  1 0.1586 0.0236 0.0766 0.0652 0.1960 0.0599 0.2019 0.1051 0.1131 
         401  1 0.0894 0.2106 0.0813 0.1001 0.1236 0.0748 0.0660 0.1610 0.0933 
         402  1 0.1211 0.0936 0.0951 0.0957 0.0720 0.0917 0.0992 0.1986 0.1329 
         403  1 0.0882 0.2590 0.1272 0.1152 0.0625 0.1180 0.0953 0.0549 0.0797 
         404  1 0.1593 0.0537 0.1081 0.1139 0.0836 0.1195 0.1946 0.0810 0.0862 
         405  1 0.0622 0.2467 0.0514 0.1635 0.0613 0.1814 0.0618 0.0647 0.1070 
         406  1 0.1536 0.0776 0.0421 0.0736 0.0672 0.0662 0.1717 0.1415 0.2065 
         407  1 0.0978 0.1013 0.1095 0.1224 0.0935 0.1646 0.0955 0.1019 0.1136 
         408  1 0.0997 0.1209 0.0604 0.0718 0.2693 0.0632 0.0679 0.1271 0.1198 
         409  1 0.1057 0.0534 0.0387 0.0534 0.3431 0.0436 0.0709 0.1594 0.1319 
         410  1 0.0915 0.0345 0.0839 0.1056 0.3398 0.1132 0.0846 0.0638 0.0830 
         411  1 0.1658 0.0564 0.0557 0.0742 0.1271 0.0655 0.1569 0.1905 0.1080 
         412  1 0.0611 0.3650 0.1095 0.1242 0.0449 0.1048 0.0591 0.0515 0.0799 
         413  1 0.1245 0.0581 0.0545 0.0799 0.1065 0.0536 0.0878 0.2253 0.2099 
         414  1 0.1210 0.0629 0.0776 0.2175 0.0417 0.1495 0.1275 0.0671 0.1352 
         415  1 0.0783 0.2118 0.0702 0.1471 0.0710 0.1497 0.0736 0.0665 0.1318 
         416  1 0.0863 0.1655 0.0678 0.1841 0.0754 0.2091 0.0985 0.0577 0.0556 
         417  1 0.1100 0.1059 0.1289 0.0874 0.1082 0.0751 0.1031 0.1610 0.1203 
         418  1 0.0905 0.1148 0.0718 0.0611 0.0814 0.0530 0.1614 0.0959 0.2701 
         419  1 0.1274 0.1311 0.0823 0.1097 0.1104 0.1116 0.1519 0.0876 0.0880 
         420  1 0.1315 0.0851 0.0868 0.1233 0.0776 0.1102 0.1470 0.1386 0.0999 
         421  1 0.0723 0.0712 0.2935 0.1084 0.1906 0.0948 0.0506 0.0441 0.0745 
         422  1 0.0938 0.0334 0.0360 0.1741 0.1009 0.2815 0.1023 0.0918 0.0861 
         423  1 0.0864 0.0574 0.0815 0.1367 0.1389 0.2190 0.0943 0.0665 0.1192 
         424  1 0.0956 0.0418 0.2201 0.0956 0.1497 0.0971 0.0659 0.0760 0.1583 
         425  1 0.1603 0.0631 0.0907 0.0800 0.0419 0.0650 0.2053 0.1381 0.1556 
         426  1 0.0429 0.2438 0.0385 0.2264 0.0571 0.2483 0.0421 0.0509 0.0498 
         427  1 0.1551 0.0663 0.0611 0.1117 0.1024 0.1129 0.1704 0.1147 0.1054 
         428  1 0.1223 0.0989 0.1753 0.1138 0.0676 0.1100 0.1228 0.1063 0.0830 
         429  1 0.0895 0.1794 0.1265 0.0819 0.1439 0.0734 0.0876 0.0987 0.1190 
         430  1 0.1529 0.0838 0.0760 0.1436 0.0748 0.1613 0.1848 0.0650 0.0578 
         431  1 0.1232 0.0647 0.0550 0.0668 0.1348 0.0607 0.0985 0.2636 0.1326 
         432  1 0.1494 0.0642 0.1271 0.1532 0.0478 0.1893 0.1746 0.0423 0.0521 
         433  1 0.0990 0.1573 0.1775 0.1016 0.0793 0.0991 0.1205 0.0679 0.0977 
         434  1 0.1077 0.1494 0.2036 0.0944 0.0684 0.0805 0.1086 0.1099 0.0774 
         435  1 0.1240 0.0705 0.0497 0.0951 0.0715 0.0871 0.1451 0.1964 0.1606 
         436  1 0.0719 0.0524 0.0614 0.1832 0.1736 0.2243 0.0588 0.0737 0.1006 
         437  1 0.1724 0.1438 0.0669 0.0908 0.0441 0.0752 0.2079 0.0839 0.1149 
         438  1 0.0953 0.1384 0.1018 0.0663 0.0792 0.0530 0.1059 0.1028 0.2573 
         439  1 0.0958 0.1293 0.1449 0.0769 0.1193 0.0664 0.0751 0.2025 0.0897 
         440  1 0.0698 0.2259 0.0403 0.0753 0.1957 0.0887 0.0839 0.0677 0.1528 
         441  1 0.0816 0.0827 0.0471 0.0965 0.2624 0.1054 0.0685 0.1330 0.1228 
         442  1 0.1084 0.0439 0.0599 0.0564 0.2581 0.0484 0.0926 0.1449 0.1874 
         443  1 0.2203 0.0543 0.0482 0.1081 0.0831 0.0776 0.2768 0.0603 0.0713 
         444  1 0.0818 0.0641 0.1933 0.1609 0.0572 0.2136 0.0750 0.0742 0.0800 
         445  1 0.1163 0.1064 0.0773 0.0821 0.1543 0.0743 0.1535 0.0709 0.1649 
         446  1 0.1163 0.0691 0.2099 0.0903 0.0861 0.0913 0.1105 0.1126 0.1138 
         447  1 0.0928 0.2927 0.0324 0.0793 0.0913 0.0840 0.1339 0.0671 0.1265 
         448  1 0.1178 0.0748 0.0776 0.0845 0.1499 0.0914 0.1187 0.1759 0.1094 
         449  1 0.1010 0.1517 0.0336 0.0558 0.0634 0.0438 0.1169 0.1004 0.3334 
         450  1 0.1043 0.1427 0.1848 0.0973 0.1194 0.0882 0.0966 0.0955 0.0711 
         451  1 0.1165 0.0524 0.0943 0.0795 0.0976 0.0685 0.0672 0.2796 0.1446 
         452  1 0.1250 0.0597 0.1836 0.1371 0.0862 0.1480 0.1389 0.0581 0.0634 
         453  1 0.0735 0.0841 0.2154 0.1536 0.0770 0.1372 0.0536 0.1003 0.1055 
         454  1 0.0748 0.1423 0.1041 0.1551 0.0792 0.1903 0.0585 0.0981 0.0975 
         455  1 0.0962 0.1502 0.2516 0.0931 0.0473 0.0894 0.0901 0.1027 0.0794 
         456  1 0.1377 0.0658 0.1876 0.1461 0.0757 0.1170 0.1448 0.0587 0.0665 
         457  1 0.0360 0.2710 0.0774 0.2299 0.0538 0.2117 0.0309 0.0357 0.0537 
         458  1 0.1101 0.0648 0.0676 0.1075 0.0396 0.0939 0.1254 0.1836 0.2074 
         459  1 0.0580 0.5074 0.0525 0.0518 0.0648 0.0552 0.0669 0.0659 0.0775 
         460  1 0.1132 0.0985 0.0725 0.0878 0.3080 0.0898 0.1241 0.0501 0.0560 
         461  1 0.1128 0.0703 0.1750 0.1010 0.0783 0.0724 0.0947 0.2116 0.0838 
         462  1 0.0590 0.5106 0.0412 0.0443 0.0670 0.0389 0.0719 0.0733 0.0938 
         463  1 0.1654 0.0465 0.0591 0.1346 0.0878 0.1389 0.1896 0.0679 0.1102 
         464  1 0.0781 0.2065 0.0936 0.0971 0.1187 0.0866 0.0902 0.0792 0.1500 
         465  1 0.1369 0.0599 0.1315 0.0810 0.1366 0.0642 0.1082 0.1492 0.1325 
         466  1 0.0812 0.0980 0.1632 0.1536 0.0624 0.1723 0.0609 0.0850 0.1234 
         467  1 0.0611 0.1704 0.1211 0.2226 0.0432 0.1979 0.0616 0.0516 0.0705 
         468  1 0.0925 0.0904 0.0569 0.0740 0.0562 0.0663 0.1582 0.0889 0.3165 
         469  1 0.0786 0.0712 0.1974 0.1665 0.0714 0.2125 0.0813 0.0563 0.0648 
         470  1 0.0659 0.1678 0.0684 0.1915 0.0919 0.2179 0.0702 0.0598 0.0665 
         471  1 0.1133 0.0870 0.1464 0.1104 0.0828 0.1255 0.1256 0.1028 0.1063 
         472  1 0.0525 0.1285 0.1042 0.1823 0.1722 0.1909 0.0404 0.0516 0.0775 
         473  1 0.0825 0.0775 0.1368 0.1790 0.0960 0.1461 0.0778 0.1030 0.1014 
         474  1 0.0777 0.2357 0.0758 0.1289 0.1173 0.1092 0.0662 0.1067 0.0824 
         475  1 0.1212 0.0451 0.1074 0.0915 0.2884 0.0852 0.1232 0.0710 0.0669 
         476  1 0.1440 0.0712 0.2239 0.0933 0.0696 0.0808 0.1319 0.0954 0.0899 
         477  1 0.1674 0.0838 0.1391 0.0871 0.0700 0.0657 0.1871 0.1197 0.0801 
         478  1 0.1138 0.0740 0.1173 0.0879 0.1117 0.0982 0.1208 0.1357 0.1407 
         479  1 0.1197 0.0581 0.0409 0.1097 0.0889 0.1292 0.1599 0.1120 0.1816 
         480  1 0.0819 0.1778 0.2114 0.1020 0.1065 0.0697 0.0681 0.0785 0.1042 
         481  1 0.1436 0.0580 0.1012 0.0617 0.0905 0.0536 0.1281 0.2788 0.0844 
         482  1 0.1668 0.0475 0.0569 0.0591 0.1479 0.0401 0.1963 0.1523 0.1331 
         483  1 0.0832 0.1138 0.1431 0.1531 0.1133 0.1480 0.0776 0.0905 0.0776 
         484  1 0.0931 0.0416 0.4244 0.0717 0.0685 0.0540 0.0828 0.0606 0.1034 
         485  1 0.1285 0.0794 0.0986 0.0642 0.1438 0.0533 0.1019 0.1887 0.1414 
         486  1 0.0881 0.0751 0.0356 0.0512 0.4333 0.0481 0.0805 0.0775 0.1106 
         487  1 0.1119 0.2020 0.0686 0.0643 0.1769 0.0408 0.0811 0.1144 0.1399 
         488  1 0.0866 0.2517 0.0788 0.0959 0.0885 0.0780 0.0763 0.1667 0.0776 
         489  1 0.0893 0.2033 0.0675 0.0819 0.2097 0.0768 0.0860 0.1010 0.0845 
         490  1 0.1158 0.0860 0.0566 0.0644 0.2242 0.0558 0.1191 0.1998 0.0782 
         491  1 0.1017 0.0940 0.1283 0.0702 0.2559 0.0475 0.0569 0.1242 0.1214 
         492  1 0.1100 0.1092 0.0700 0.0821 0.1757 0.0888 0.1236 0.1366 0.1041 
         493  1 0.1579 0.0516 0.0320 0.0598 0.1450 0.0541 0.1991 0.2055 0.0951 
         494  1 0.0959 0.1303 0.1551 0.0749 0.1430 0.0716 0.0918 0.1621 0.0753 
         495  1 0.1026 0.1108 0.1226 0.0862 0.1153 0.0807 0.0837 0.1213 0.1769 
         496  1 0.1493 0.0352 0.1277 0.0744 0.1073 0.0494 0.1351 0.1777 0.1439 
         497  1 0.1169 0.0762 0.0492 0.0643 0.1709 0.0572 0.0944 0.2826 0.0883 
         498  1 0.1196 0.1084 0.0491 0.1102 0.0585 0.1072 0.1085 0.1168 0.2217 
         499  1 0.0725 0.1233 0.0839 0.1804 0.0730 0.2207 0.0671 0.0924 0.0868 
         500  1 0.1357 0.0655 0.0638 0.2020 0.0463 0.1594 0.1609 0.0626 0.1038 
