           1  1 0.0624 0.1374 0.1108 0.2153 0.3700 0.1041 
           2  1 0.0745 0.1404 0.4350 0.0922 0.0861 0.1718 
           3  1 0.3274 0.2692 0.1702 0.0755 0.0863 0.0714 
           4  1 0.3054 0.1030 0.1070 0.0850 0.2978 0.1017 
           5  1 0.2460 0.2045 0.1077 0.1166 0.1990 0.1260 
           6  1 0.2069 0.1841 0.1108 0.1861 0.1487 0.1634 
           7  1 0.1497 0.2039 0.0953 0.0664 0.0867 0.3979 
           8  1 0.1266 0.2178 0.1290 0.1195 0.2004 0.2066 
           9  1 0.1415 0.2029 0.1616 0.1461 0.2422 0.1057 
          10  1 0.1197 0.0898 0.2638 0.1050 0.1705 0.2512 
          11  1 0.2832 0.1914 0.1610 0.0834 0.1681 0.1128 
          12  1 0.2813 0.1243 0.2177 0.0859 0.2130 0.0779 
          13  1 0.2077 0.1605 0.1011 0.2270 0.1894 0.1143 
          14  1 0.1274 0.4279 0.1145 0.0828 0.1505 0.0968 
          15  1 0.2248 0.3212 0.0825 0.0651 0.2373 0.0690 
          16  1 0.2093 0.1994 0.1427 0.1592 0.1401 0.1493 
          17  1 0.1026 0.1047 0.1090 0.4279 0.1394 0.1163 
          18  1 0.2328 0.2771 0.1116 0.0909 0.1340 0.1537 
          19  1 0.2411 0.1076 0.1636 0.1681 0.1134 0.2062 
          20  1 0.1296 0.2278 0.1511 0.1388 0.1382 0.2144 
          21  1 0.2715 0.1527 0.1074 0.1723 0.1240 0.1721 
          22  1 0.1190 0.2403 0.2519 0.0819 0.1616 0.1453 
          23  1 0.2249 0.1381 0.1508 0.1521 0.2090 0.1251 
          24  1 0.1262 0.0972 0.1618 0.3353 0.1058 0.1737 
          25  1 0.1874 0.1707 0.0899 0.1964 0.1117 0.2439 
          26  1 0.2902 0.1714 0.1357 0.0977 0.1954 0.1096 
          27  1 0.0607 0.0919 0.2871 0.1025 0.0676 0.3902 
          28  1 0.0826 0.5301 0.1236 0.0581 0.1179 0.0878 
          29  1 0.0798 0.0573 0.1804 0.1029 0.3232 0.2565 
          30  1 0.3449 0.2046 0.0681 0.1496 0.1658 0.0670 
          31  1 0.1383 0.1303 0.1125 0.1958 0.1197 0.3034 
          32  1 0.3532 0.1280 0.0944 0.1134 0.1878 0.1232 
          33  1 0.0708 0.3090 0.1470 0.2492 0.1425 0.0816 
          34  1 0.1250 0.1943 0.1353 0.1969 0.1725 0.1760 
          35  1 0.3632 0.1589 0.1137 0.1421 0.1431 0.0790 
          36  1 0.3673 0.1580 0.0879 0.0803 0.2065 0.1000 
          37  1 0.1482 0.1218 0.1609 0.0881 0.1350 0.3460 
          38  1 0.0792 0.0754 0.2525 0.0736 0.2644 0.2550 
          39  1 0.0996 0.2219 0.1064 0.1763 0.3289 0.0669 
          40  1 0.1397 0.1459 0.1475 0.3076 0.1468 0.1125 
          41  1 0.3463 0.1374 0.1060 0.0525 0.2145 0.1434 
          42  1 0.1269 0.1232 0.1568 0.2758 0.1249 0.1924 
          43  1 0.1355 0.1090 0.4850 0.0883 0.1082 0.0740 
          44  1 0.1636 0.1709 0.1828 0.2154 0.1646 0.1027 
          45  1 0.1031 0.1402 0.1057 0.4176 0.1519 0.0815 
          46  1 0.0598 0.1596 0.4158 0.1790 0.0592 0.1265 
          47  1 0.3327 0.1343 0.0628 0.1500 0.2036 0.1167 
          48  1 0.2245 0.1049 0.1420 0.0846 0.1535 0.2905 
          49  1 0.1877 0.1969 0.1183 0.2166 0.1745 0.1059 
          50  1 0.1387 0.2708 0.2005 0.0821 0.1628 0.1451 
          51  1 0.1516 0.0629 0.0531 0.5865 0.0692 0.0768 
          52  1 0.0867 0.1732 0.0835 0.4036 0.0964 0.1566 
          53  1 0.1653 0.2760 0.0808 0.2073 0.1692 0.1013 
          54  1 0.1247 0.0901 0.0757 0.2709 0.1335 0.3053 
          55  1 0.0798 0.1247 0.1392 0.1892 0.0641 0.4029 
          56  1 0.1315 0.1108 0.3411 0.2022 0.1100 0.1045 
          57  1 0.0586 0.0629 0.1532 0.5740 0.0371 0.1143 
          58  1 0.1548 0.1924 0.1611 0.1375 0.0977 0.2565 
          59  1 0.0996 0.2965 0.0866 0.3356 0.0912 0.0905 
          60  1 0.1545 0.2253 0.1775 0.1048 0.2079 0.1300 
          61  1 0.1262 0.2026 0.1462 0.0991 0.2154 0.2105 
          62  1 0.1453 0.1292 0.1089 0.1128 0.4209 0.0829 
          63  1 0.4700 0.0908 0.1102 0.1053 0.1056 0.1180 
          64  1 0.2784 0.1311 0.1168 0.1907 0.1456 0.1373 
          65  1 0.1015 0.1719 0.1886 0.1562 0.0824 0.2995 
          66  1 0.0832 0.1327 0.3699 0.0643 0.0937 0.2562 
          67  1 0.2563 0.2755 0.1125 0.0738 0.2001 0.0818 
          68  1 0.1138 0.2019 0.1145 0.0762 0.2832 0.2105 
          69  1 0.1212 0.1236 0.2892 0.0555 0.1744 0.2361 
          70  1 0.2058 0.1632 0.1895 0.1155 0.1905 0.1355 
          71  1 0.0635 0.1343 0.3036 0.1966 0.0505 0.2515 
          72  1 0.1230 0.1333 0.1299 0.4173 0.0474 0.1491 
          73  1 0.0917 0.1118 0.2515 0.0727 0.2076 0.2648 
          74  1 0.1863 0.1511 0.1955 0.2114 0.1443 0.1114 
          75  1 0.0793 0.4519 0.1741 0.0451 0.1122 0.1376 
          76  1 0.1561 0.1414 0.1232 0.0829 0.3607 0.1358 
          77  1 0.0547 0.2747 0.4471 0.0397 0.1166 0.0672 
          78  1 0.2573 0.0996 0.0877 0.1949 0.2466 0.1139 
          79  1 0.3483 0.1214 0.1097 0.0661 0.1533 0.2012 
          80  1 0.4893 0.1902 0.0445 0.0777 0.1205 0.0777 
          81  1 0.1510 0.3876 0.1116 0.0828 0.1370 0.1301 
          82  1 0.1157 0.1668 0.0957 0.3920 0.1378 0.0920 
          83  1 0.3559 0.2379 0.0958 0.0605 0.1742 0.0757 
          84  1 0.2731 0.1996 0.0697 0.0898 0.2809 0.0869 
          85  1 0.0804 0.1213 0.2901 0.1329 0.1174 0.2578 
          86  1 0.1326 0.2445 0.2291 0.1634 0.1329 0.0975 
          87  1 0.1197 0.1366 0.1763 0.2252 0.1642 0.1779 
          88  1 0.0902 0.0918 0.5148 0.0729 0.0980 0.1324 
          89  1 0.1080 0.2634 0.1460 0.1752 0.0796 0.2278 
          90  1 0.1407 0.1226 0.1681 0.1641 0.0807 0.3238 
          91  1 0.2652 0.1556 0.1560 0.1276 0.1534 0.1422 
          92  1 0.2491 0.1449 0.2558 0.0467 0.1112 0.1923 
          93  1 0.0584 0.1375 0.1316 0.4160 0.1213 0.1351 
          94  1 0.1189 0.2875 0.1861 0.1199 0.1162 0.1714 
          95  1 0.3929 0.0858 0.0798 0.0843 0.2847 0.0724 
          96  1 0.1199 0.0998 0.2060 0.0469 0.2948 0.2327 
          97  1 0.1554 0.2319 0.1724 0.1060 0.2027 0.1316 
          98  1 0.1548 0.0764 0.0520 0.2260 0.4000 0.0908 
          99  1 0.1000 0.2146 0.1484 0.2470 0.1947 0.0953 
         100  1 0.1280 0.2122 0.2004 0.0881 0.2185 0.1527 
         101  1 0.2035 0.1552 0.2595 0.1421 0.0791 0.1607 
         102  1 0.1193 0.3458 0.0854 0.1113 0.1931 0.1450 
         103  1 0.0847 0.3098 0.3220 0.0649 0.1237 0.0949 
         104  1 0.3823 0.1161 0.1032 0.0900 0.1009 0.2076 
         105  1 0.2041 0.1702 0.1195 0.2055 0.1565 0.1442 
         106  1 0.0943 0.2049 0.3752 0.0614 0.0605 0.2037 
         107  1 0.1279 0.1456 0.1917 0.0946 0.2021 0.2381 
         108  1 0.1008 0.1662 0.0962 0.2826 0.1963 0.1578 
         109  1 0.2758 0.2638 0.1127 0.0971 0.1498 0.1008 
         110  1 0.1708 0.1309 0.2317 0.0719 0.1861 0.2085 
         111  1 0.3449 0.1812 0.0560 0.0713 0.2522 0.0943 
         112  1 0.1597 0.1424 0.1325 0.3084 0.1328 0.1243 
         113  1 0.1474 0.1440 0.0788 0.3734 0.0886 0.1677 
         114  1 0.1653 0.1607 0.2797 0.1274 0.1359 0.1311 
         115  1 0.0749 0.1299 0.2934 0.2098 0.0732 0.2189 
         116  1 0.0755 0.1788 0.3038 0.1921 0.0960 0.1538 
         117  1 0.0841 0.1083 0.3534 0.1149 0.1153 0.2241 
         118  1 0.0914 0.1103 0.1763 0.3667 0.1091 0.1462 
         119  1 0.0919 0.2153 0.3547 0.1028 0.0836 0.1518 
         120  1 0.0966 0.3226 0.1505 0.1605 0.1422 0.1276 
         121  1 0.1651 0.1193 0.1319 0.2957 0.0997 0.1882 
         122  1 0.1722 0.1142 0.1089 0.0434 0.2719 0.2893 
         123  1 0.1337 0.1025 0.1355 0.1260 0.3060 0.1962 
         124  1 0.0631 0.0820 0.3048 0.1482 0.0918 0.3100 
         125  1 0.0560 0.1304 0.2226 0.2153 0.0912 0.2845 
         126  1 0.0386 0.0641 0.5914 0.0745 0.0483 0.1831 
         127  1 0.0611 0.1188 0.4264 0.0766 0.0995 0.2176 
         128  1 0.1340 0.1515 0.2004 0.1333 0.1804 0.2005 
         129  1 0.2284 0.1097 0.1674 0.1153 0.1356 0.2436 
         130  1 0.1293 0.4273 0.0756 0.0437 0.2162 0.1080 
         131  1 0.2692 0.2416 0.1185 0.0897 0.1741 0.1068 
         132  1 0.2678 0.1588 0.1403 0.1846 0.1335 0.1151 
         133  1 0.2545 0.1162 0.1425 0.2056 0.1582 0.1230 
         134  1 0.1966 0.2573 0.0967 0.0612 0.2898 0.0983 
         135  1 0.1113 0.2754 0.1237 0.2771 0.0792 0.1332 
         136  1 0.1731 0.1013 0.0848 0.0984 0.4532 0.0892 
         137  1 0.3473 0.1857 0.0616 0.0635 0.2795 0.0625 
         138  1 0.4147 0.1256 0.0686 0.0628 0.2200 0.1083 
         139  1 0.2109 0.0969 0.0797 0.4208 0.0908 0.1009 
         140  1 0.2810 0.2264 0.1223 0.1409 0.1164 0.1129 
         141  1 0.1510 0.2835 0.1200 0.2579 0.1290 0.0586 
         142  1 0.1921 0.1541 0.1309 0.2268 0.1917 0.1044 
         143  1 0.1583 0.2009 0.1246 0.2802 0.1072 0.1288 
         144  1 0.1219 0.1103 0.2629 0.2380 0.0964 0.1706 
         145  1 0.1758 0.1139 0.0900 0.1689 0.1777 0.2738 
         146  1 0.0489 0.0683 0.0656 0.7325 0.0492 0.0355 
         147  1 0.4284 0.0776 0.0752 0.0653 0.2693 0.0842 
         148  1 0.1630 0.1508 0.1435 0.2577 0.1258 0.1592 
         149  1 0.1340 0.1241 0.2558 0.0954 0.2613 0.1294 
         150  1 0.1116 0.0725 0.0595 0.0693 0.6008 0.0863 
         151  1 0.1092 0.2204 0.1816 0.2315 0.1579 0.0993 
         152  1 0.0958 0.2717 0.1530 0.1868 0.1596 0.1330 
         153  1 0.3312 0.1161 0.2488 0.1197 0.0676 0.1166 
         154  1 0.2370 0.1641 0.1493 0.1183 0.2406 0.0906 
         155  1 0.1160 0.1043 0.1111 0.1638 0.3880 0.1169 
         156  1 0.1289 0.0739 0.2037 0.1235 0.3105 0.1595 
         157  1 0.1067 0.2514 0.1220 0.1107 0.2776 0.1316 
         158  1 0.1843 0.1301 0.0609 0.2599 0.2622 0.1026 
         159  1 0.1577 0.2002 0.2464 0.1082 0.2206 0.0670 
         160  1 0.5622 0.0945 0.0604 0.0672 0.1621 0.0536 
         161  1 0.1489 0.2744 0.0925 0.2361 0.1462 0.1020 
         162  1 0.2144 0.1780 0.2768 0.0516 0.0975 0.1817 
         163  1 0.2482 0.1226 0.3309 0.0799 0.1144 0.1039 
         164  1 0.2494 0.2575 0.0989 0.1006 0.1897 0.1039 
         165  1 0.2812 0.1580 0.1662 0.0894 0.0884 0.2167 
         166  1 0.2908 0.0931 0.0545 0.2605 0.2189 0.0822 
         167  1 0.2817 0.0986 0.1310 0.0820 0.1208 0.2859 
         168  1 0.3761 0.1512 0.0633 0.0880 0.2548 0.0666 
         169  1 0.0994 0.2009 0.3225 0.1490 0.1228 0.1053 
         170  1 0.1046 0.4075 0.1540 0.1549 0.0865 0.0925 
         171  1 0.1687 0.1295 0.0736 0.1483 0.3938 0.0861 
         172  1 0.1626 0.1212 0.1351 0.2907 0.1003 0.1901 
         173  1 0.1603 0.2844 0.1717 0.1808 0.0924 0.1104 
         174  1 0.1350 0.1531 0.1944 0.2326 0.0868 0.1982 
         175  1 0.1062 0.1948 0.1674 0.2755 0.1286 0.1275 
         176  1 0.2853 0.2268 0.0873 0.1472 0.1470 0.1063 
         177  1 0.1020 0.1303 0.2874 0.2253 0.0893 0.1656 
         178  1 0.2174 0.1241 0.0782 0.3264 0.1073 0.1467 
         179  1 0.0516 0.0868 0.1872 0.2287 0.2910 0.1547 
         180  1 0.1998 0.1418 0.1288 0.0690 0.3672 0.0935 
         181  1 0.2327 0.3434 0.1338 0.0687 0.1238 0.0976 
         182  1 0.1485 0.0659 0.0547 0.0621 0.5444 0.1244 
         183  1 0.1074 0.1168 0.1089 0.2222 0.3442 0.1006 
         184  1 0.1315 0.3459 0.1526 0.0871 0.1473 0.1358 
         185  1 0.1231 0.1411 0.1410 0.1017 0.0598 0.4333 
         186  1 0.0893 0.1300 0.2458 0.1184 0.0776 0.3389 
         187  1 0.1958 0.1398 0.0907 0.0527 0.3354 0.1856 
         188  1 0.0818 0.1004 0.2264 0.2652 0.1133 0.2129 
         189  1 0.1188 0.1410 0.2820 0.1600 0.1063 0.1920 
         190  1 0.0593 0.0780 0.0814 0.6117 0.0519 0.1177 
         191  1 0.1083 0.1500 0.2973 0.2328 0.0706 0.1409 
         192  1 0.1975 0.2363 0.1040 0.0955 0.2351 0.1316 
         193  1 0.0881 0.1625 0.1868 0.2829 0.1234 0.1564 
         194  1 0.2578 0.1313 0.0546 0.0858 0.3874 0.0831 
         195  1 0.1948 0.2085 0.0553 0.3247 0.1100 0.1067 
         196  1 0.0590 0.1726 0.3887 0.1844 0.0887 0.1066 
         197  1 0.1138 0.1108 0.1283 0.4627 0.0744 0.1099 
         198  1 0.0697 0.2477 0.3139 0.2186 0.0860 0.0642 
         199  1 0.0522 0.0905 0.2851 0.0354 0.0754 0.4614 
         200  1 0.0770 0.1170 0.2379 0.0838 0.1982 0.2860 
         201  1 0.1173 0.1275 0.1798 0.1035 0.0955 0.3764 
         202  1 0.1448 0.1035 0.0915 0.0547 0.4828 0.1227 
         203  1 0.1119 0.1325 0.3228 0.2199 0.1260 0.0869 
         204  1 0.0527 0.0901 0.5090 0.1355 0.0845 0.1282 
         205  1 0.1070 0.1329 0.2383 0.0780 0.1260 0.3178 
         206  1 0.1019 0.0906 0.1722 0.0633 0.1501 0.4219 
         207  1 0.1411 0.2862 0.1390 0.1319 0.1593 0.1425 
         208  1 0.1399 0.2353 0.1037 0.1111 0.3247 0.0853 
         209  1 0.1113 0.1628 0.3412 0.1221 0.0698 0.1929 
         210  1 0.1169 0.1197 0.1226 0.4112 0.0807 0.1489 
         211  1 0.0604 0.1090 0.2065 0.4200 0.0599 0.1441 
         212  1 0.1478 0.0671 0.0627 0.0546 0.5217 0.1462 
         213  1 0.1284 0.1991 0.0990 0.2894 0.0909 0.1933 
         214  1 0.0675 0.1431 0.3933 0.1304 0.0462 0.2195 
         215  1 0.0860 0.1252 0.1564 0.4307 0.1039 0.0978 
         216  1 0.4644 0.1008 0.0588 0.2116 0.0645 0.0998 
         217  1 0.1098 0.1172 0.2132 0.3665 0.0797 0.1137 
         218  1 0.2075 0.1268 0.0753 0.3189 0.1468 0.1248 
         219  1 0.0308 0.0587 0.7324 0.0663 0.0331 0.0787 
         220  1 0.2697 0.0768 0.1587 0.1271 0.2066 0.1611 
         221  1 0.0988 0.1043 0.1368 0.0902 0.1046 0.4653 
         222  1 0.1675 0.1507 0.0673 0.3011 0.1611 0.1523 
         223  1 0.0381 0.0436 0.2171 0.5300 0.0874 0.0838 
         224  1 0.0694 0.0995 0.2809 0.1031 0.0903 0.3569 
         225  1 0.0588 0.1108 0.1288 0.4885 0.0643 0.1488 
         226  1 0.0536 0.2304 0.1191 0.1714 0.0915 0.3340 
         227  1 0.1198 0.2428 0.2315 0.1232 0.1610 0.1217 
         228  1 0.1496 0.0686 0.0715 0.0557 0.5444 0.1102 
         229  1 0.1831 0.1440 0.1651 0.1085 0.2135 0.1858 
         230  1 0.0493 0.1136 0.4904 0.1134 0.0628 0.1705 
         231  1 0.0433 0.0665 0.6052 0.1177 0.0515 0.1158 
         232  1 0.1692 0.3056 0.1818 0.0681 0.1174 0.1579 
         233  1 0.3055 0.1089 0.0687 0.0979 0.3359 0.0830 
         234  1 0.1249 0.1095 0.1055 0.3120 0.1657 0.1825 
         235  1 0.0878 0.1429 0.2558 0.1240 0.1878 0.2017 
         236  1 0.3676 0.1321 0.0647 0.1233 0.2111 0.1012 
         237  1 0.0911 0.1065 0.1637 0.4236 0.1367 0.0783 
         238  1 0.0978 0.3637 0.2108 0.0458 0.1517 0.1302 
         239  1 0.4644 0.1578 0.0575 0.0757 0.1701 0.0745 
         240  1 0.0653 0.2369 0.1360 0.3811 0.0948 0.0859 
         241  1 0.0669 0.3061 0.2057 0.1428 0.0855 0.1930 
         242  1 0.1513 0.1612 0.2609 0.0772 0.1902 0.1593 
         243  1 0.0908 0.1143 0.1337 0.2628 0.1966 0.2017 
         244  1 0.2147 0.3103 0.0691 0.2014 0.1077 0.0968 
         245  1 0.2137 0.3116 0.0702 0.2000 0.1067 0.0977 
         246  1 0.0851 0.1038 0.1126 0.1710 0.3237 0.2038 
         247  1 0.0860 0.3697 0.2405 0.0653 0.1254 0.1131 
         248  1 0.1566 0.2125 0.1424 0.3228 0.0795 0.0862 
         249  1 0.1090 0.1451 0.1825 0.0918 0.1705 0.3010 
         250  1 0.0531 0.1066 0.1971 0.4400 0.0468 0.1563 
         251  1 0.2569 0.1721 0.1026 0.1607 0.1718 0.1358 
         252  1 0.1032 0.1508 0.1121 0.1467 0.3994 0.0879 
         253  1 0.1243 0.1422 0.0961 0.2419 0.3283 0.0671 
         254  1 0.3153 0.1236 0.1110 0.1352 0.1593 0.1555 
         255  1 0.2245 0.2107 0.1439 0.1491 0.1055 0.1662 
         256  1 0.0658 0.3472 0.2793 0.0756 0.1384 0.0936 
         257  1 0.0618 0.0953 0.2928 0.1476 0.1200 0.2825 
         258  1 0.5489 0.0857 0.0802 0.0746 0.1381 0.0725 
         259  1 0.0496 0.0413 0.0629 0.7382 0.0478 0.0602 
         260  1 0.2711 0.1603 0.0956 0.2414 0.0972 0.1343 
         261  1 0.2982 0.1723 0.1238 0.1293 0.1509 0.1255 
         262  1 0.1032 0.1764 0.1407 0.0854 0.3637 0.1306 
         263  1 0.0839 0.1610 0.0735 0.0895 0.4990 0.0931 
         264  1 0.3264 0.1495 0.1047 0.1645 0.1874 0.0676 
         265  1 0.0917 0.1955 0.4227 0.0784 0.1351 0.0766 
         266  1 0.1139 0.1546 0.0698 0.2522 0.0541 0.3553 
         267  1 0.1487 0.1706 0.1543 0.0928 0.1836 0.2501 
         268  1 0.1448 0.1810 0.0710 0.3379 0.1862 0.0791 
         269  1 0.1328 0.1396 0.2414 0.0729 0.1654 0.2478 
         270  1 0.0737 0.1255 0.3982 0.1670 0.0575 0.1781 
         271  1 0.1338 0.1121 0.2492 0.1328 0.1658 0.2063 
         272  1 0.1380 0.1939 0.1462 0.2602 0.1690 0.0928 
         273  1 0.1582 0.1473 0.1266 0.1389 0.1069 0.3220 
         274  1 0.1343 0.0630 0.1441 0.0565 0.3844 0.2177 
         275  1 0.0862 0.1414 0.1408 0.3972 0.1260 0.1083 
         276  1 0.1797 0.4166 0.0768 0.1085 0.1400 0.0784 
         277  1 0.0619 0.1528 0.2294 0.1781 0.0707 0.3071 
         278  1 0.0853 0.3203 0.1764 0.1660 0.1506 0.1013 
         279  1 0.2641 0.2616 0.2298 0.0480 0.0770 0.1196 
         280  1 0.0579 0.1475 0.5841 0.0706 0.0637 0.0762 
         281  1 0.0657 0.1639 0.4308 0.1171 0.1221 0.1005 
         282  1 0.1068 0.4248 0.1113 0.1023 0.1589 0.0959 
         283  1 0.2210 0.1082 0.0882 0.0622 0.4137 0.1066 
         284  1 0.1177 0.3744 0.1278 0.0698 0.1182 0.1921 
         285  1 0.1583 0.0762 0.0694 0.1134 0.2911 0.2915 
         286  1 0.1950 0.3048 0.0790 0.1186 0.1726 0.1302 
         287  1 0.0599 0.3543 0.0845 0.1310 0.3179 0.0524 
         288  1 0.1146 0.1135 0.3417 0.1065 0.1090 0.2148 
         289  1 0.5787 0.0827 0.0534 0.0546 0.1195 0.1112 
         290  1 0.1046 0.2089 0.2277 0.1270 0.2209 0.1108 
         291  1 0.1659 0.1526 0.1653 0.1549 0.2594 0.1019 
         292  1 0.2065 0.1557 0.1585 0.1562 0.1540 0.1690 
         293  1 0.1866 0.0970 0.1184 0.1029 0.3505 0.1447 
         294  1 0.1659 0.2535 0.1665 0.0854 0.0967 0.2321 
         295  1 0.3867 0.1529 0.0894 0.0498 0.1147 0.2065 
         296  1 0.1756 0.1561 0.3667 0.0732 0.0998 0.1285 
         297  1 0.4212 0.0865 0.0565 0.1156 0.1722 0.1480 
         298  1 0.2811 0.1866 0.0848 0.2016 0.1140 0.1319 
         299  1 0.1558 0.0711 0.1047 0.1219 0.3932 0.1533 
         300  1 0.1198 0.1078 0.1453 0.3958 0.0997 0.1316 
         301  1 0.1395 0.3369 0.1516 0.1327 0.1003 0.1390 
         302  1 0.0475 0.0712 0.0505 0.6532 0.0788 0.0987 
         303  1 0.1630 0.1536 0.1080 0.0978 0.2772 0.2003 
         304  1 0.0690 0.2135 0.1868 0.2480 0.0995 0.1831 
         305  1 0.1377 0.1896 0.1925 0.1708 0.0860 0.2235 
         306  1 0.0496 0.3540 0.2420 0.1389 0.0934 0.1222 
         307  1 0.2825 0.1777 0.1292 0.1672 0.1165 0.1269 
         308  1 0.4009 0.1180 0.0994 0.1072 0.2016 0.0730 
         309  1 0.3076 0.0979 0.1469 0.0683 0.2043 0.1751 
         310  1 0.2248 0.1568 0.0670 0.0781 0.3604 0.1129 
         311  1 0.2536 0.1515 0.0909 0.1135 0.2742 0.1163 
         312  1 0.0751 0.3824 0.1284 0.0807 0.0853 0.2481 
         313  1 0.2529 0.0855 0.1303 0.0579 0.2787 0.1947 
         314  1 0.1672 0.1190 0.1366 0.0707 0.0717 0.4348 
         315  1 0.2053 0.1904 0.1114 0.0971 0.2874 0.1084 
         316  1 0.4607 0.1418 0.0573 0.1852 0.1064 0.0485 
         317  1 0.2291 0.1750 0.1153 0.1990 0.1793 0.1024 
         318  1 0.5157 0.1276 0.0716 0.0763 0.0954 0.1134 
         319  1 0.0878 0.3418 0.2131 0.0984 0.0859 0.1731 
         320  1 0.1692 0.1724 0.1322 0.2201 0.1849 0.1211 
         321  1 0.1377 0.0792 0.1305 0.2521 0.2067 0.1937 
         322  1 0.1950 0.1895 0.0911 0.1410 0.0583 0.3252 
         323  1 0.0740 0.1340 0.0920 0.1440 0.0523 0.5038 
         324  1 0.0861 0.0923 0.0978 0.4075 0.1126 0.2037 
         325  1 0.1945 0.2304 0.1089 0.0888 0.2811 0.0963 
         326  1 0.1181 0.1424 0.1553 0.2417 0.1127 0.2298 
         327  1 0.0931 0.1620 0.2422 0.1789 0.1675 0.1563 
         328  1 0.1017 0.1934 0.2151 0.0767 0.2112 0.2019 
         329  1 0.3984 0.1269 0.1670 0.0763 0.1327 0.0987 
         330  1 0.2638 0.2156 0.0729 0.0642 0.2849 0.0986 
         331  1 0.1772 0.2779 0.1276 0.2125 0.1323 0.0725 
         332  1 0.3242 0.1555 0.0976 0.1740 0.1453 0.1034 
         333  1 0.0902 0.1011 0.1345 0.3423 0.2240 0.1079 
         334  1 0.2531 0.1524 0.1218 0.0841 0.1294 0.2591 
         335  1 0.2029 0.1501 0.1165 0.0789 0.1587 0.2928 
         336  1 0.3002 0.1649 0.1248 0.1000 0.1479 0.1622 
         337  1 0.1675 0.2474 0.1298 0.1674 0.0926 0.1952 
         338  1 0.0834 0.3841 0.2053 0.0663 0.0963 0.1645 
         339  1 0.1676 0.1777 0.2328 0.1758 0.0950 0.1510 
         340  1 0.1474 0.1551 0.1889 0.1434 0.1155 0.2497 
         341  1 0.2000 0.1569 0.0736 0.1349 0.1249 0.3097 
         342  1 0.2279 0.1851 0.1053 0.1414 0.2236 0.1167 
         343  1 0.1154 0.0689 0.0877 0.1532 0.3785 0.1962 
         344  1 0.2097 0.1288 0.0589 0.0760 0.4562 0.0703 
         345  1 0.1905 0.2100 0.1493 0.0757 0.1213 0.2531 
         346  1 0.1889 0.1436 0.1434 0.1145 0.1676 0.2421 
         347  1 0.1856 0.1433 0.1233 0.0763 0.2564 0.2152 
         348  1 0.2453 0.2262 0.0870 0.1621 0.1841 0.0952 
         349  1 0.2098 0.1312 0.1584 0.1587 0.2086 0.1333 
         350  1 0.1467 0.2757 0.0988 0.0956 0.1332 0.2501 
         351  1 0.1532 0.1429 0.1712 0.1715 0.1282 0.2330 
         352  1 0.3365 0.1363 0.0970 0.1598 0.1387 0.1317 
         353  1 0.1811 0.1257 0.3847 0.0915 0.1394 0.0776 
         354  1 0.0794 0.1081 0.2784 0.3346 0.0923 0.1072 
         355  1 0.3162 0.2471 0.0909 0.0753 0.1634 0.1070 
         356  1 0.0764 0.1519 0.2412 0.1001 0.1078 0.3225 
         357  1 0.1436 0.1332 0.1347 0.2201 0.0934 0.2752 
         358  1 0.3465 0.0901 0.1124 0.0559 0.2465 0.1485 
         359  1 0.1033 0.1051 0.0738 0.1561 0.0626 0.4992 
         360  1 0.1563 0.1503 0.1419 0.2371 0.1797 0.1348 
         361  1 0.2487 0.1551 0.0555 0.2357 0.2330 0.0721 
         362  1 0.0738 0.1435 0.1394 0.2503 0.0993 0.2938 
         363  1 0.0729 0.1034 0.2779 0.3531 0.0919 0.1007 
         364  1 0.1009 0.1464 0.2366 0.1185 0.1693 0.2284 
         365  1 0.0772 0.0586 0.1485 0.1232 0.3271 0.2654 
         366  1 0.2320 0.1168 0.1109 0.1219 0.1855 0.2328 
         367  1 0.2839 0.1303 0.1781 0.1516 0.0995 0.1567 
         368  1 0.1646 0.1517 0.1787 0.1704 0.1670 0.1676 
         369  1 0.0632 0.0968 0.3534 0.0820 0.1037 0.3010 
         370  1 0.2859 0.0879 0.0916 0.3575 0.0931 0.0840 
         371  1 0.1813 0.1192 0.1278 0.2366 0.1739 0.1613 
         372  1 0.3374 0.2675 0.0864 0.1085 0.0884 0.1118 
         373  1 0.2358 0.1141 0.1366 0.1305 0.2338 0.1492 
         374  1 0.2777 0.1174 0.1592 0.0924 0.2263 0.1270 
         375  1 0.0846 0.0738 0.2186 0.0596 0.2371 0.3264 
         376  1 0.1948 0.2058 0.1309 0.0628 0.2698 0.1360 
         377  1 0.1081 0.0913 0.2026 0.1008 0.2072 0.2900 
         378  1 0.2021 0.1945 0.1626 0.0950 0.1353 0.2105 
         379  1 0.0603 0.1452 0.3076 0.1259 0.1942 0.1669 
         380  1 0.1448 0.1089 0.0774 0.0534 0.5351 0.0804 
         381  1 0.1543 0.1859 0.1351 0.1803 0.1122 0.2322 
         382  1 0.2725 0.1205 0.1106 0.2297 0.1649 0.1017 
         383  1 0.1238 0.4311 0.0805 0.0632 0.1265 0.1749 
         384  1 0.1408 0.2198 0.1815 0.0739 0.2563 0.1277 
         385  1 0.1109 0.1826 0.1647 0.1998 0.0727 0.2694 
         386  1 0.0871 0.0806 0.0708 0.5608 0.1077 0.0930 
         387  1 0.0732 0.3322 0.1134 0.1086 0.2618 0.1107 
         388  1 0.1303 0.0995 0.1205 0.2850 0.1764 0.1883 
         389  1 0.2531 0.1190 0.0883 0.3016 0.1315 0.1066 
         390  1 0.1302 0.2371 0.1311 0.1623 0.1931 0.1462 
         391  1 0.0932 0.1216 0.2186 0.2037 0.0828 0.2801 
         392  1 0.2411 0.2094 0.1146 0.1242 0.1776 0.1332 
         393  1 0.1035 0.0986 0.1065 0.0741 0.4733 0.1440 
         394  1 0.1762 0.1397 0.2127 0.1668 0.1790 0.1255 
         395  1 0.1083 0.1496 0.1326 0.3716 0.1130 0.1251 
         396  1 0.1784 0.1462 0.1247 0.2088 0.1476 0.1944 
         397  1 0.1631 0.1600 0.2136 0.0801 0.1226 0.2606 
         398  1 0.1019 0.1967 0.2467 0.1322 0.2067 0.1159 
         399  1 0.3206 0.1990 0.1114 0.1186 0.1531 0.0973 
         400  1 0.1670 0.2001 0.1303 0.0381 0.2954 0.1690 
         401  1 0.2043 0.1761 0.0892 0.3230 0.1096 0.0978 
         402  1 0.3071 0.1315 0.1255 0.1452 0.1389 0.1518 
         403  1 0.0856 0.1188 0.1728 0.3121 0.1113 0.1994 
         404  1 0.1322 0.1296 0.2292 0.0784 0.1941 0.2364 
         405  1 0.0829 0.0978 0.2061 0.4024 0.1164 0.0945 
         406  1 0.2619 0.1094 0.0943 0.1115 0.3324 0.0906 
         407  1 0.1582 0.1718 0.2050 0.1515 0.1673 0.1462 
         408  1 0.1953 0.3345 0.0864 0.1689 0.1404 0.0746 
         409  1 0.2243 0.3772 0.0698 0.0797 0.1922 0.0568 
         410  1 0.1068 0.3472 0.2170 0.0601 0.1278 0.1410 
         411  1 0.3075 0.1426 0.1050 0.0763 0.2423 0.1263 
         412  1 0.0753 0.0864 0.1123 0.4949 0.0893 0.1418 
         413  1 0.3218 0.2099 0.0767 0.1037 0.1947 0.0931 
         414  1 0.1014 0.0965 0.2669 0.1242 0.1677 0.2433 
         415  1 0.1009 0.1366 0.1802 0.3311 0.1448 0.1065 
         416  1 0.0871 0.1048 0.2984 0.2670 0.1034 0.1393 
         417  1 0.2401 0.1967 0.0957 0.1621 0.1453 0.1601 
         418  1 0.0954 0.1259 0.0758 0.1405 0.4455 0.1169 
         419  1 0.1318 0.1685 0.1910 0.1793 0.1648 0.1646 
         420  1 0.2176 0.1573 0.1797 0.1383 0.1464 0.1607 
         421  1 0.0882 0.3301 0.1737 0.1286 0.0615 0.2179 
         422  1 0.1486 0.1268 0.4156 0.0549 0.1537 0.1004 
         423  1 0.1119 0.1984 0.2990 0.0983 0.1596 0.1327 
         424  1 0.1739 0.3143 0.1340 0.0670 0.1181 0.1927 
         425  1 0.1971 0.0803 0.0893 0.1058 0.3297 0.1977 
         426  1 0.0722 0.0809 0.2311 0.4857 0.0617 0.0685 
         427  1 0.1697 0.1523 0.2093 0.0916 0.2271 0.1500 
         428  1 0.1649 0.1201 0.1676 0.1450 0.1454 0.2570 
         429  1 0.1507 0.1956 0.1043 0.2217 0.1784 0.1493 
         430  1 0.1140 0.1194 0.2894 0.1358 0.1281 0.2132 
         431  1 0.3227 0.1920 0.0893 0.0998 0.2094 0.0867 
         432  1 0.0684 0.0951 0.4062 0.0845 0.0845 0.2613 
         433  1 0.1049 0.1378 0.1519 0.2067 0.1680 0.2307 
         434  1 0.1579 0.1210 0.1221 0.1999 0.1247 0.2744 
         435  1 0.2458 0.1055 0.1091 0.1289 0.3006 0.1101 
         436  1 0.1078 0.2401 0.3328 0.1126 0.0949 0.1118 
         437  1 0.1006 0.0655 0.1360 0.1453 0.3427 0.2099 
         438  1 0.1485 0.1547 0.0839 0.1729 0.3113 0.1287 
         439  1 0.2932 0.1782 0.0789 0.2043 0.1029 0.1425 
         440  1 0.0770 0.1835 0.1428 0.2307 0.2936 0.0724 
         441  1 0.1694 0.2936 0.1361 0.1500 0.1785 0.0725 
         442  1 0.1913 0.3112 0.0843 0.0635 0.2637 0.0861 
         443  1 0.0994 0.1519 0.2664 0.0901 0.1798 0.2125 
         444  1 0.1225 0.1331 0.2726 0.1151 0.0917 0.2650 
         445  1 0.0808 0.1723 0.1320 0.1096 0.3517 0.1535 
         446  1 0.1757 0.1688 0.1526 0.0938 0.1523 0.2569 
         447  1 0.0725 0.0985 0.1449 0.2317 0.3637 0.0888 
         448  1 0.2429 0.2058 0.1448 0.1107 0.1847 0.1111 
         449  1 0.1148 0.1211 0.0741 0.1742 0.4423 0.0736 
         450  1 0.1735 0.1829 0.1391 0.2182 0.1024 0.1838 
         451  1 0.3842 0.1980 0.0814 0.1178 0.0998 0.1188 
         452  1 0.0909 0.1368 0.2841 0.0874 0.0966 0.3042 
         453  1 0.1470 0.1709 0.1629 0.2032 0.0876 0.2282 
         454  1 0.1405 0.1500 0.2289 0.2558 0.0897 0.1350 
         455  1 0.1587 0.1029 0.1059 0.2337 0.1150 0.2839 
         456  1 0.0990 0.1482 0.2211 0.1102 0.0871 0.3344 
         457  1 0.0493 0.0885 0.1711 0.5695 0.0425 0.0792 
         458  1 0.2848 0.0912 0.1200 0.1297 0.2420 0.1323 
         459  1 0.0852 0.0805 0.0790 0.5044 0.1764 0.0745 
         460  1 0.0829 0.2436 0.1794 0.1547 0.1931 0.1463 
         461  1 0.2880 0.1399 0.0600 0.1539 0.1471 0.2111 
         462  1 0.0872 0.0855 0.0601 0.4486 0.2471 0.0716 
         463  1 0.1274 0.1477 0.2842 0.0697 0.1800 0.1911 
         464  1 0.0970 0.1579 0.1094 0.2710 0.2254 0.1393 
         465  1 0.3005 0.2118 0.0999 0.0889 0.1476 0.1514 
         466  1 0.1430 0.1476 0.2008 0.1997 0.0962 0.2128 
         467  1 0.0789 0.0903 0.1988 0.3591 0.0782 0.1946 
         468  1 0.1061 0.1021 0.1046 0.1462 0.4287 0.1123 
         469  1 0.0865 0.1184 0.3331 0.1145 0.0908 0.2567 
         470  1 0.0787 0.1332 0.2713 0.3103 0.0920 0.1145 
         471  1 0.1645 0.1486 0.1931 0.1094 0.1629 0.2216 
         472  1 0.0730 0.2244 0.1896 0.3219 0.0787 0.1123 
         473  1 0.1595 0.1717 0.1741 0.1762 0.1132 0.2053 
         474  1 0.1428 0.1545 0.1063 0.3902 0.1056 0.1005 
         475  1 0.1263 0.3088 0.1969 0.0721 0.1312 0.1647 
         476  1 0.1880 0.1471 0.1320 0.1046 0.1181 0.3103 
         477  1 0.2026 0.1320 0.1383 0.1104 0.1607 0.2560 
         478  1 0.2020 0.1595 0.1451 0.1018 0.2353 0.1562 
         479  1 0.1465 0.1237 0.1951 0.0943 0.3328 0.1076 
         480  1 0.1128 0.2268 0.0905 0.2719 0.0983 0.1997 
         481  1 0.4045 0.1282 0.0868 0.0776 0.1505 0.1524 
         482  1 0.1972 0.1701 0.0876 0.0598 0.3557 0.1296 
         483  1 0.1370 0.1691 0.1899 0.2045 0.1016 0.1979 
         484  1 0.1240 0.2083 0.0909 0.0662 0.0874 0.4231 
         485  1 0.2942 0.2111 0.0808 0.0950 0.1986 0.1203 
         486  1 0.1016 0.3580 0.0923 0.1031 0.2802 0.0647 
         487  1 0.1634 0.2725 0.0698 0.2333 0.1675 0.0935 
         488  1 0.1982 0.1303 0.0957 0.3321 0.1220 0.1218 
         489  1 0.1288 0.2483 0.1332 0.2459 0.1490 0.0948 
         490  1 0.2550 0.1855 0.0984 0.1289 0.2265 0.1057 
         491  1 0.1697 0.3913 0.0702 0.1432 0.1066 0.1190 
         492  1 0.1755 0.2030 0.1531 0.1417 0.2184 0.1084 
         493  1 0.2264 0.1370 0.0971 0.0663 0.3815 0.0918 
         494  1 0.2326 0.1805 0.0945 0.2036 0.1284 0.1604 
         495  1 0.1814 0.2246 0.1032 0.1635 0.1887 0.1386 
         496  1 0.3093 0.2105 0.0873 0.0554 0.1646 0.1729 
         497  1 0.3641 0.1909 0.0884 0.1062 0.1647 0.0857 
         498  1 0.2101 0.1162 0.1524 0.1802 0.2302 0.1109 
         499  1 0.1392 0.1248 0.2234 0.2820 0.1012 0.1293 
         500  1 0.0965 0.0866 0.3465 0.1081 0.1276 0.2347 
         501  1 0.1788 0.1235 0.2140 0.0594 0.1629 0.2614 
         502  1 0.1483 0.1456 0.1828 0.0908 0.2311 0.2014 
         503  1 0.1371 0.0889 0.1096 0.0460 0.4887 0.1296 
         504  1 0.1774 0.1751 0.0853 0.0407 0.3588 0.1626 
         505  1 0.1345 0.0768 0.0996 0.0846 0.3836 0.2209 
         506  1 0.0688 0.1268 0.2626 0.1534 0.1074 0.2811 
         507  1 0.2185 0.1545 0.1457 0.0717 0.3125 0.0971 
         508  1 0.1869 0.1512 0.1706 0.0916 0.2365 0.1633 
         509  1 0.0864 0.1543 0.2395 0.1623 0.1293 0.2280 
         510  1 0.2618 0.1477 0.1573 0.0787 0.1819 0.1726 
         511  1 0.1753 0.2127 0.0978 0.2754 0.0984 0.1405 
         512  1 0.0663 0.0860 0.1858 0.3391 0.0695 0.2533 
         513  1 0.2235 0.2301 0.1168 0.1766 0.0965 0.1564 
         514  1 0.1850 0.1131 0.0606 0.1381 0.4211 0.0820 
         515  1 0.2472 0.1315 0.1325 0.2215 0.1305 0.1368 
         516  1 0.0591 0.1496 0.1558 0.4080 0.0648 0.1626 
         517  1 0.1405 0.1445 0.3013 0.1633 0.1434 0.1069 
         518  1 0.1679 0.0919 0.0789 0.0751 0.4919 0.0945 
         519  1 0.0913 0.1577 0.2817 0.1843 0.0621 0.2229 
         520  1 0.0762 0.1218 0.1849 0.0940 0.0565 0.4666 
         521  1 0.0582 0.1126 0.4055 0.1614 0.0735 0.1888 
         522  1 0.1229 0.2013 0.1717 0.2128 0.1584 0.1329 
         523  1 0.1543 0.1055 0.1320 0.0635 0.3678 0.1769 
         524  1 0.1235 0.3036 0.2722 0.0578 0.1617 0.0812 
         525  1 0.1446 0.1645 0.0822 0.2147 0.3060 0.0880 
         526  1 0.1331 0.2939 0.2891 0.0884 0.1065 0.0891 
         527  1 0.1757 0.1270 0.0609 0.2574 0.2861 0.0929 
         528  1 0.1065 0.1374 0.0727 0.2202 0.3696 0.0937 
         529  1 0.2178 0.1331 0.0755 0.3042 0.0997 0.1696 
         530  1 0.1557 0.1480 0.1838 0.1096 0.1598 0.2430 
         531  1 0.5467 0.0728 0.0626 0.0877 0.1563 0.0739 
         532  1 0.2732 0.1729 0.1255 0.0469 0.2706 0.1109 
         533  1 0.1330 0.1576 0.1257 0.1075 0.2060 0.2702 
         534  1 0.1534 0.2236 0.0976 0.2180 0.1139 0.1935 
         535  1 0.2272 0.0919 0.0754 0.0674 0.4544 0.0837 
         536  1 0.1681 0.1707 0.0763 0.2979 0.1896 0.0973 
         537  1 0.2815 0.2957 0.0806 0.1460 0.0981 0.0982 
         538  1 0.0788 0.2989 0.2428 0.1177 0.0993 0.1625 
         539  1 0.3760 0.1094 0.2258 0.1001 0.0662 0.1225 
         540  1 0.1901 0.2960 0.0684 0.1010 0.2679 0.0767 
         541  1 0.1492 0.2701 0.1273 0.1818 0.1461 0.1254 
         542  1 0.2177 0.1463 0.1336 0.1836 0.2343 0.0845 
         543  1 0.2507 0.1315 0.1103 0.0656 0.2516 0.1902 
         544  1 0.0953 0.1282 0.3123 0.0994 0.0746 0.2903 
         545  1 0.0853 0.1781 0.1902 0.3322 0.0612 0.1529 
         546  1 0.3001 0.0972 0.0786 0.0844 0.1372 0.3024 
         547  1 0.0875 0.1818 0.1972 0.1676 0.1160 0.2501 
         548  1 0.3194 0.0826 0.1226 0.1839 0.1578 0.1337 
         549  1 0.1598 0.1348 0.1927 0.2801 0.0893 0.1434 
         550  1 0.1530 0.3061 0.1357 0.1620 0.0919 0.1512 
         551  1 0.0997 0.4352 0.1076 0.0800 0.1895 0.0881 
         552  1 0.3779 0.1469 0.0828 0.1399 0.1300 0.1226 
         553  1 0.2591 0.1643 0.1146 0.0773 0.0455 0.3391 
         554  1 0.0860 0.1366 0.3088 0.2980 0.0869 0.0837 
         555  1 0.1868 0.2575 0.0964 0.1802 0.1936 0.0856 
         556  1 0.1280 0.2909 0.1498 0.1545 0.1038 0.1730 
         557  1 0.2776 0.1657 0.1545 0.1659 0.0899 0.1464 
         558  1 0.1549 0.1506 0.0972 0.0833 0.1292 0.3848 
         559  1 0.0916 0.2100 0.3430 0.1004 0.0752 0.1797 
         560  1 0.0757 0.1394 0.1476 0.1596 0.2965 0.1812 
         561  1 0.0489 0.2242 0.3536 0.1372 0.0773 0.1588 
         562  1 0.4535 0.1214 0.1230 0.0521 0.1575 0.0926 
         563  1 0.0853 0.3480 0.1071 0.1264 0.0904 0.2430 
         564  1 0.1891 0.1578 0.2024 0.1293 0.1485 0.1729 
         565  1 0.0939 0.1673 0.1778 0.0591 0.4234 0.0785 
         566  1 0.0872 0.1646 0.3418 0.1197 0.1490 0.1376 
         567  1 0.1601 0.3300 0.0915 0.1844 0.1430 0.0911 
         568  1 0.2492 0.2027 0.0559 0.0692 0.3718 0.0513 
         569  1 0.0764 0.4174 0.1215 0.1160 0.2116 0.0571 
         570  1 0.5266 0.0845 0.0839 0.0760 0.1527 0.0762 
         571  1 0.0601 0.1615 0.4670 0.1491 0.0582 0.1042 
         572  1 0.0793 0.1213 0.1605 0.4063 0.1273 0.1053 
         573  1 0.1889 0.1529 0.2145 0.0890 0.2272 0.1275 
         574  1 0.3622 0.1470 0.1153 0.0987 0.1833 0.0936 
         575  1 0.1183 0.2824 0.2950 0.1231 0.0893 0.0918 
         576  1 0.2031 0.1372 0.0972 0.2318 0.1460 0.1848 
         577  1 0.4493 0.0843 0.0687 0.0997 0.2150 0.0829 
         578  1 0.0892 0.1055 0.5180 0.0669 0.0944 0.1260 
         579  1 0.1174 0.3728 0.1534 0.0678 0.1627 0.1259 
         580  1 0.0738 0.3691 0.1002 0.1167 0.1823 0.1579 
         581  1 0.0982 0.1884 0.1956 0.2217 0.0809 0.2152 
         582  1 0.0874 0.1139 0.1447 0.2447 0.0681 0.3412 
         583  1 0.0896 0.0535 0.2042 0.0428 0.2985 0.3113 
         584  1 0.0723 0.3464 0.1546 0.1247 0.0777 0.2242 
         585  1 0.3279 0.2915 0.0583 0.0536 0.1575 0.1113 
         586  1 0.0916 0.1986 0.1730 0.1014 0.0666 0.3687 
         587  1 0.4775 0.1504 0.0756 0.0739 0.1394 0.0832 
         588  1 0.3709 0.1612 0.0736 0.0739 0.2493 0.0711 
         589  1 0.1500 0.1283 0.1089 0.2330 0.1568 0.2231 
         590  1 0.0893 0.2182 0.0898 0.0659 0.4747 0.0621 
         591  1 0.0886 0.2415 0.2024 0.1787 0.0798 0.2089 
         592  1 0.1117 0.1414 0.0784 0.0535 0.5373 0.0776 
         593  1 0.0799 0.2480 0.3958 0.0773 0.1167 0.0823 
         594  1 0.2021 0.1889 0.2023 0.0629 0.1925 0.1513 
         595  1 0.1496 0.0975 0.0835 0.1631 0.2394 0.2669 
         596  1 0.0827 0.1448 0.2112 0.1337 0.0413 0.3864 
         597  1 0.6303 0.0823 0.0440 0.0544 0.1303 0.0587 
         598  1 0.2284 0.1966 0.1156 0.1287 0.1667 0.1640 
         599  1 0.1687 0.2700 0.1613 0.1090 0.1934 0.0975 
         600  1 0.1209 0.2268 0.1046 0.0690 0.4029 0.0758 
         601  1 0.4775 0.1062 0.1055 0.0701 0.1502 0.0905 
         602  1 0.1420 0.4881 0.0785 0.1035 0.1284 0.0596 
         603  1 0.3716 0.2470 0.0606 0.1150 0.1029 0.1029 
         604  1 0.0827 0.1637 0.1801 0.3056 0.1135 0.1544 
         605  1 0.0919 0.2323 0.1018 0.2533 0.1727 0.1481 
         606  1 0.1635 0.1442 0.1314 0.0620 0.3934 0.1055 
         607  1 0.3386 0.1462 0.1257 0.0849 0.1474 0.1572 
         608  1 0.1156 0.2782 0.1528 0.0699 0.2455 0.1381 
         609  1 0.1202 0.1320 0.1282 0.4170 0.0479 0.1547 
         610  1 0.1897 0.0954 0.1814 0.0625 0.2608 0.2103 
         611  1 0.0611 0.1066 0.3759 0.2321 0.0611 0.1632 
         612  1 0.0857 0.2938 0.1774 0.0977 0.1446 0.2009 
         613  1 0.1423 0.1045 0.0604 0.0949 0.5020 0.0959 
         614  1 0.2023 0.2545 0.0951 0.0624 0.2914 0.0942 
         615  1 0.1742 0.2832 0.1157 0.1776 0.1514 0.0979 
         616  1 0.1327 0.2157 0.1741 0.0745 0.0966 0.3065 
         617  1 0.1514 0.2740 0.0986 0.0433 0.3139 0.1189 
         618  1 0.1210 0.2201 0.1742 0.1710 0.2150 0.0988 
         619  1 0.3510 0.1514 0.1208 0.1053 0.1743 0.0973 
         620  1 0.2213 0.1706 0.1212 0.1088 0.1373 0.2408 
         621  1 0.1829 0.2995 0.0993 0.1283 0.1444 0.1457 
         622  1 0.0598 0.0970 0.1758 0.4820 0.0679 0.1176 
         623  1 0.0933 0.1358 0.1011 0.2873 0.2542 0.1283 
         624  1 0.0913 0.1707 0.1809 0.1887 0.1325 0.2359 
         625  1 0.2822 0.2817 0.0777 0.1017 0.1581 0.0985 
         626  1 0.0802 0.1723 0.1986 0.1936 0.1083 0.2469 
         627  1 0.1403 0.3059 0.0968 0.0675 0.2794 0.1100 
         628  1 0.3412 0.1246 0.1006 0.1106 0.1932 0.1297 
         629  1 0.1990 0.2241 0.1069 0.2468 0.0933 0.1299 
         630  1 0.0836 0.2725 0.2494 0.0835 0.1218 0.1892 
         631  1 0.1613 0.1961 0.1286 0.0796 0.3168 0.1175 
         632  1 0.3011 0.0674 0.0592 0.0623 0.3896 0.1203 
         633  1 0.1032 0.3614 0.0884 0.0472 0.2996 0.1001 
         634  1 0.1855 0.1858 0.1430 0.0630 0.1817 0.2410 
         635  1 0.2056 0.1088 0.0756 0.1990 0.1457 0.2654 
         636  1 0.1972 0.1618 0.1301 0.1916 0.1636 0.1558 
         637  1 0.0627 0.1687 0.0889 0.4301 0.0636 0.1861 
         638  1 0.3113 0.1298 0.0911 0.1515 0.2299 0.0864 
         639  1 0.2509 0.2739 0.0672 0.0461 0.2755 0.0865 
         640  1 0.2874 0.1160 0.0567 0.1706 0.2516 0.1178 
         641  1 0.3992 0.1223 0.0618 0.0899 0.1581 0.1687 
         642  1 0.1788 0.1684 0.0865 0.1811 0.3189 0.0664 
         643  1 0.0863 0.2433 0.1852 0.0433 0.0779 0.3639 
         644  1 0.0600 0.4073 0.2467 0.0775 0.1471 0.0614 
         645  1 0.1054 0.1515 0.1865 0.3423 0.0703 0.1439 
         646  1 0.0815 0.1160 0.2660 0.1604 0.1405 0.2355 
         647  1 0.1663 0.1387 0.1782 0.1642 0.1336 0.2190 
         648  1 0.2286 0.1173 0.0746 0.1333 0.2427 0.2034 
         649  1 0.1880 0.1675 0.0911 0.0855 0.3875 0.0805 
         650  1 0.0716 0.0868 0.2838 0.4085 0.0702 0.0791 
         651  1 0.3293 0.1089 0.0786 0.0924 0.1394 0.2515 
         652  1 0.2529 0.1227 0.1386 0.1224 0.0770 0.2864 
         653  1 0.1186 0.1529 0.1809 0.0643 0.2860 0.1973 
         654  1 0.4396 0.1247 0.1088 0.1133 0.0796 0.1341 
         655  1 0.1203 0.1328 0.1663 0.2251 0.0814 0.2741 
         656  1 0.1366 0.1037 0.1375 0.0627 0.3800 0.1795 
         657  1 0.1931 0.0630 0.0570 0.1488 0.4173 0.1208 
         658  1 0.1223 0.2722 0.0964 0.0633 0.3700 0.0758 
         659  1 0.1670 0.1941 0.2182 0.1145 0.1318 0.1744 
         660  1 0.2727 0.1638 0.0908 0.0739 0.3078 0.0911 
         661  1 0.0731 0.0808 0.2086 0.2797 0.2072 0.1506 
         662  1 0.3239 0.1606 0.1450 0.0803 0.1415 0.1487 
         663  1 0.1319 0.1221 0.1176 0.2414 0.0769 0.3101 
         664  1 0.1585 0.1473 0.1185 0.0889 0.1851 0.3017 
         665  1 0.0877 0.1493 0.2838 0.1032 0.1045 0.2714 
         666  1 0.2165 0.2298 0.1199 0.0843 0.2334 0.1160 
         667  1 0.2498 0.2000 0.1430 0.1624 0.1285 0.1164 
         668  1 0.2185 0.1068 0.1219 0.0789 0.2619 0.2120 
         669  1 0.0505 0.0460 0.0539 0.7583 0.0440 0.0474 
         670  1 0.1079 0.0854 0.0882 0.3720 0.0690 0.2776 
         671  1 0.3714 0.1456 0.1195 0.0931 0.1282 0.1422 
         672  1 0.1688 0.1400 0.1509 0.1789 0.1310 0.2305 
         673  1 0.1828 0.1408 0.2283 0.2620 0.0784 0.1077 
         674  1 0.0567 0.1830 0.5830 0.0493 0.0761 0.0519 
         675  1 0.0913 0.2294 0.2990 0.0755 0.2198 0.0850 
         676  1 0.1510 0.0689 0.1154 0.0448 0.3800 0.2400 
         677  1 0.3191 0.0799 0.1829 0.0855 0.1990 0.1336 
