           1  1 0.2750 0.3767 0.3483 
           2  1 0.5174 0.2750 0.2076 
           3  1 0.2823 0.3920 0.3257 
           4  1 0.2631 0.2297 0.5072 
           5  1 0.2478 0.3601 0.3921 
           6  1 0.2752 0.3960 0.3288 
           7  1 0.3970 0.3046 0.2984 
           8  1 0.3151 0.3537 0.3312 
           9  1 0.2755 0.3444 0.3801 
          10  1 0.4389 0.2092 0.3519 
          11  1 0.2891 0.3229 0.3880 
          12  1 0.2913 0.2429 0.4658 
          13  1 0.2447 0.3944 0.3609 
          14  1 0.2409 0.4265 0.3327 
          15  1 0.1683 0.3572 0.4745 
          16  1 0.2935 0.3982 0.3084 
          17  1 0.3089 0.4322 0.2589 
          18  1 0.2886 0.3342 0.3772 
          19  1 0.3934 0.2749 0.3317 
          20  1 0.3535 0.3599 0.2866 
          21  1 0.2746 0.3929 0.3326 
          22  1 0.3697 0.3147 0.3155 
          23  1 0.3025 0.3132 0.3843 
          24  1 0.3833 0.3597 0.2571 
          25  1 0.2993 0.3888 0.3119 
          26  1 0.2529 0.3115 0.4355 
          27  1 0.6182 0.1960 0.1859 
          28  1 0.2785 0.4437 0.2778 
          29  1 0.4099 0.1971 0.3931 
          30  1 0.1624 0.4414 0.3963 
          31  1 0.3706 0.3361 0.2933 
          32  1 0.2370 0.3073 0.4556 
          33  1 0.2466 0.5344 0.2190 
          34  1 0.3165 0.3791 0.3044 
          35  1 0.2222 0.3587 0.4191 
          36  1 0.2170 0.2891 0.4940 
          37  1 0.4390 0.2299 0.3311 
          38  1 0.4501 0.1824 0.3675 
          39  1 0.1934 0.4065 0.4000 
          40  1 0.2990 0.4008 0.3002 
          41  1 0.2605 0.2208 0.5187 
          42  1 0.3864 0.3414 0.2722 
          43  1 0.4349 0.2566 0.3084 
          44  1 0.3012 0.3651 0.3337 
          45  1 0.2377 0.5053 0.2570 
          46  1 0.5068 0.3321 0.1611 
          47  1 0.2091 0.3348 0.4561 
          48  1 0.4013 0.2075 0.3911 
          49  1 0.2648 0.3832 0.3520 
          50  1 0.3386 0.3317 0.3297 
          51  1 0.2332 0.4864 0.2803 
          52  1 0.2697 0.5160 0.2143 
          53  1 0.2197 0.4538 0.3266 
          54  1 0.3510 0.3118 0.3372 
          55  1 0.5083 0.3066 0.1852 
          56  1 0.4416 0.2754 0.2830 
          57  1 0.4296 0.4408 0.1296 
          58  1 0.3934 0.3397 0.2669 
          59  1 0.2056 0.6150 0.1793 
          60  1 0.3084 0.3194 0.3722 
          61  1 0.3445 0.2873 0.3682 
          62  1 0.2263 0.3051 0.4686 
          63  1 0.2824 0.2629 0.4547 
          64  1 0.2850 0.3544 0.3606 
          65  1 0.4536 0.3347 0.2118 
          66  1 0.5449 0.2109 0.2442 
          67  1 0.2179 0.3195 0.4625 
          68  1 0.3154 0.2577 0.4269 
          69  1 0.4691 0.1907 0.3402 
          70  1 0.3216 0.2870 0.3914 
          71  1 0.5176 0.3391 0.1433 
          72  1 0.3379 0.5096 0.1525 
          73  1 0.4347 0.2007 0.3646 
          74  1 0.3104 0.3868 0.3028 
          75  1 0.3773 0.3476 0.2751 
          76  1 0.2849 0.2581 0.4570 
          77  1 0.4506 0.2669 0.2825 
          78  1 0.2350 0.2827 0.4823 
          79  1 0.3237 0.2122 0.4641 
          80  1 0.1565 0.3712 0.4722 
          81  1 0.2670 0.4131 0.3198 
          82  1 0.2426 0.5060 0.2514 
          83  1 0.1994 0.3297 0.4709 
          84  1 0.1871 0.3111 0.5018 
          85  1 0.5187 0.2554 0.2259 
          86  1 0.3136 0.4052 0.2812 
          87  1 0.3673 0.3450 0.2876 
          88  1 0.5114 0.2144 0.2742 
          89  1 0.3489 0.4496 0.2015 
          90  1 0.4434 0.3210 0.2356 
          91  1 0.3079 0.3165 0.3756 
          92  1 0.4016 0.2297 0.3686 
          93  1 0.3268 0.4695 0.2037 
          94  1 0.3460 0.4010 0.2530 
          95  1 0.1851 0.2268 0.5881 
          96  1 0.3271 0.1676 0.5053 
          97  1 0.3196 0.3337 0.3467 
          98  1 0.1798 0.3112 0.5090 
          99  1 0.3117 0.4303 0.2580 
         100  1 0.3387 0.2855 0.3758 
         101  1 0.3756 0.3867 0.2377 
         102  1 0.2400 0.4177 0.3423 
         103  1 0.3620 0.3478 0.2903 
         104  1 0.3228 0.2727 0.4044 
         105  1 0.2760 0.3815 0.3425 
         106  1 0.4766 0.3282 0.1952 
         107  1 0.4012 0.2380 0.3608 
         108  1 0.2856 0.4159 0.2984 
         109  1 0.2350 0.4036 0.3613 
         110  1 0.3988 0.2224 0.3789 
         111  1 0.1731 0.2947 0.5322 
         112  1 0.2792 0.4513 0.2695 
         113  1 0.2760 0.4644 0.2596 
         114  1 0.3722 0.3248 0.3030 
         115  1 0.5027 0.3194 0.1779 
         116  1 0.4522 0.3414 0.2065 
         117  1 0.5189 0.2291 0.2520 
         118  1 0.3910 0.3643 0.2447 
         119  1 0.4302 0.3603 0.2095 
         120  1 0.2845 0.4763 0.2392 
         121  1 0.3506 0.3724 0.2769 
         122  1 0.3196 0.1641 0.5162 
         123  1 0.3295 0.2462 0.4243 
         124  1 0.5757 0.2132 0.2111 
         125  1 0.5265 0.2980 0.1754 
         126  1 0.6717 0.1764 0.1519 
         127  1 0.5643 0.2205 0.2153 
         128  1 0.3574 0.2889 0.3537 
         129  1 0.4000 0.2631 0.3369 
         130  1 0.2061 0.3163 0.4776 
         131  1 0.2452 0.3230 0.4318 
         132  1 0.2648 0.3880 0.3472 
         133  1 0.2975 0.3188 0.3837 
         134  1 0.2203 0.2767 0.5030 
         135  1 0.2644 0.5443 0.1913 
         136  1 0.2100 0.2539 0.5361 
         137  1 0.1471 0.3045 0.5484 
         138  1 0.1854 0.2261 0.5885 
         139  1 0.2548 0.4517 0.2935 
         140  1 0.2558 0.4096 0.3346 
         141  1 0.1953 0.5504 0.2543 
         142  1 0.2676 0.3737 0.3587 
         143  1 0.2691 0.4753 0.2556 
         144  1 0.4694 0.2711 0.2594 
         145  1 0.3345 0.2855 0.3800 
         146  1 0.2330 0.6101 0.1569 
         147  1 0.2063 0.2028 0.5910 
         148  1 0.3209 0.3858 0.2934 
         149  1 0.3480 0.2460 0.4060 
         150  1 0.1839 0.2187 0.5974 
         151  1 0.3120 0.3987 0.2893 
         152  1 0.2969 0.4475 0.2556 
         153  1 0.3920 0.3282 0.2798 
         154  1 0.2474 0.3178 0.4348 
         155  1 0.2719 0.2841 0.4441 
         156  1 0.3771 0.1995 0.4234 
         157  1 0.2850 0.3232 0.3918 
         158  1 0.2012 0.3862 0.4127 
         159  1 0.2832 0.3421 0.3747 
         160  1 0.1535 0.2737 0.5727 
         161  1 0.2433 0.4660 0.2907 
         162  1 0.4182 0.2694 0.3124 
         163  1 0.4017 0.2636 0.3346 
         164  1 0.2277 0.3695 0.4028 
         165  1 0.3902 0.2799 0.3299 
         166  1 0.1815 0.3613 0.4572 
         167  1 0.3978 0.2263 0.3759 
         168  1 0.1612 0.3102 0.5286 
         169  1 0.3817 0.3599 0.2583 
         170  1 0.2130 0.6167 0.1703 
         171  1 0.2112 0.3280 0.4608 
         172  1 0.3476 0.3766 0.2758 
         173  1 0.2750 0.5089 0.2160 
         174  1 0.3958 0.3738 0.2304 
         175  1 0.3195 0.4344 0.2461 
         176  1 0.2174 0.4235 0.3591 
         177  1 0.4344 0.3513 0.2144 
         178  1 0.2734 0.4260 0.3006 
         179  1 0.4081 0.2833 0.3085 
         180  1 0.2248 0.2643 0.5109 
         181  1 0.2598 0.3803 0.3599 
         182  1 0.1865 0.1904 0.6231 
         183  1 0.2715 0.3107 0.4178 
         184  1 0.2964 0.3698 0.3337 
         185  1 0.5104 0.2709 0.2187 
         186  1 0.5178 0.2525 0.2297 
         187  1 0.2748 0.2071 0.5181 
         188  1 0.4512 0.3081 0.2407 
         189  1 0.4401 0.3078 0.2521 
         190  1 0.3726 0.4585 0.1689 
         191  1 0.4088 0.4013 0.1899 
         192  1 0.2481 0.3235 0.4284 
         193  1 0.3420 0.4346 0.2235 
         194  1 0.1503 0.2665 0.5832 
         195  1 0.1912 0.5481 0.2607 
         196  1 0.4625 0.3528 0.1848 
         197  1 0.3394 0.4258 0.2347 
         198  1 0.3428 0.4588 0.1983 
         199  1 0.6295 0.1346 0.2359 
         200  1 0.4896 0.1935 0.3169 
         201  1 0.4835 0.2458 0.2707 
         202  1 0.2207 0.1969 0.5825 
         203  1 0.3976 0.3150 0.2874 
         204  1 0.5623 0.2536 0.1841 
         205  1 0.4735 0.2020 0.3245 
         206  1 0.4932 0.1748 0.3320 
         207  1 0.2879 0.3959 0.3162 
         208  1 0.2114 0.3632 0.4254 
         209  1 0.4992 0.3025 0.1984 
         210  1 0.3407 0.4326 0.2266 
         211  1 0.4541 0.3806 0.1652 
         212  1 0.2039 0.1684 0.6277 
         213  1 0.3044 0.4686 0.2269 
         214  1 0.4791 0.3795 0.1414 
         215  1 0.3345 0.4422 0.2234 
         216  1 0.2128 0.4549 0.3323 
         217  1 0.4054 0.3651 0.2295 
         218  1 0.2436 0.4437 0.3127 
         219  1 0.6746 0.2149 0.1105 
         220  1 0.3376 0.2121 0.4503 
         221  1 0.4717 0.2210 0.3073 
         222  1 0.2206 0.4290 0.3504 
         223  1 0.4832 0.3417 0.1750 
         224  1 0.5763 0.1998 0.2239 
         225  1 0.3701 0.4600 0.1699 
         226  1 0.4398 0.3654 0.1948 
         227  1 0.3596 0.3303 0.3101 
         228  1 0.1998 0.1800 0.6202 
         229  1 0.3535 0.2718 0.3746 
         230  1 0.6230 0.2274 0.1496 
         231  1 0.6318 0.2181 0.1501 
         232  1 0.3707 0.3149 0.3144 
         233  1 0.1748 0.2523 0.5729 
         234  1 0.3229 0.3936 0.2834 
         235  1 0.4382 0.2592 0.3026 
         236  1 0.1851 0.3147 0.5002 
         237  1 0.3399 0.4020 0.2580 
         238  1 0.3660 0.2941 0.3399 
         239  1 0.1648 0.3249 0.5104 
         240  1 0.2497 0.5698 0.1805 
         241  1 0.4072 0.4063 0.1865 
         242  1 0.3770 0.2469 0.3762 
         243  1 0.3546 0.3291 0.3163 
         244  1 0.1751 0.5685 0.2564 
         245  1 0.1751 0.5723 0.2526 
         246  1 0.3483 0.2736 0.3781 
         247  1 0.3534 0.3642 0.2824 
         248  1 0.2518 0.5410 0.2072 
         249  1 0.4267 0.2367 0.3366 
         250  1 0.4196 0.4475 0.1329 
         251  1 0.2801 0.3531 0.3668 
         252  1 0.2404 0.3717 0.3879 
         253  1 0.2166 0.4147 0.3687 
         254  1 0.2742 0.3183 0.4074 
         255  1 0.3402 0.3800 0.2798 
         256  1 0.3506 0.3881 0.2613 
         257  1 0.5316 0.2312 0.2372 
         258  1 0.2082 0.2472 0.5446 
         259  1 0.3365 0.4976 0.1659 
         260  1 0.2605 0.4481 0.2914 
         261  1 0.2858 0.3371 0.3771 
         262  1 0.2855 0.2734 0.4412 
         263  1 0.2007 0.2951 0.5042 
         264  1 0.2021 0.3555 0.4424 
         265  1 0.3954 0.3127 0.2919 
         266  1 0.3732 0.4439 0.1830 
         267  1 0.3748 0.2530 0.3721 
         268  1 0.1957 0.4825 0.3218 
         269  1 0.4442 0.2275 0.3283 
         270  1 0.5557 0.2794 0.1650 
         271  1 0.4310 0.2462 0.3229 
         272  1 0.2678 0.4170 0.3152 
         273  1 0.3998 0.3045 0.2957 
         274  1 0.3027 0.1522 0.5452 
         275  1 0.3243 0.4275 0.2482 
         276  1 0.1768 0.5049 0.3183 
         277  1 0.5280 0.3050 0.1670 
         278  1 0.2789 0.4767 0.2444 
         279  1 0.3932 0.3056 0.3011 
         280  1 0.5197 0.3013 0.1790 
         281  1 0.4579 0.3068 0.2353 
         282  1 0.2472 0.4336 0.3193 
         283  1 0.2069 0.2142 0.5789 
         284  1 0.3294 0.3885 0.2821 
         285  1 0.2949 0.2113 0.4938 
         286  1 0.2234 0.4130 0.3636 
         287  1 0.1900 0.4732 0.3368 
         288  1 0.4952 0.2366 0.2682 
         289  1 0.2103 0.2173 0.5724 
         290  1 0.3271 0.3657 0.3072 
         291  1 0.2946 0.2986 0.4068 
         292  1 0.3194 0.3438 0.3368 
         293  1 0.2790 0.2231 0.4979 
         294  1 0.3876 0.3393 0.2731 
         295  1 0.3112 0.2480 0.4408 
         296  1 0.4219 0.2787 0.2994 
         297  1 0.2255 0.2651 0.5094 
         298  1 0.2107 0.4948 0.2945 
         299  1 0.2679 0.2040 0.5281 
         300  1 0.3445 0.4178 0.2377 
         301  1 0.2946 0.4640 0.2413 
         302  1 0.2600 0.5448 0.1952 
         303  1 0.2955 0.2656 0.4389 
         304  1 0.3750 0.4503 0.1747 
         305  1 0.4178 0.3633 0.2189 
         306  1 0.3529 0.4756 0.1714 
         307  1 0.2923 0.3762 0.3314 
         308  1 0.2128 0.2964 0.4908 
         309  1 0.3230 0.1946 0.4823 
         310  1 0.1905 0.2720 0.5375 
         311  1 0.2197 0.3063 0.4739 
         312  1 0.3943 0.4046 0.2010 
         313  1 0.2754 0.1636 0.5610 
         314  1 0.5008 0.2280 0.2713 
         315  1 0.2401 0.3101 0.4498 
         316  1 0.1433 0.5095 0.3472 
         317  1 0.2417 0.3960 0.3624 
         318  1 0.2309 0.3191 0.4500 
         319  1 0.3610 0.4445 0.1944 
         320  1 0.2765 0.3789 0.3447 
         321  1 0.3494 0.2651 0.3856 
         322  1 0.3899 0.3824 0.2277 
         323  1 0.4816 0.3106 0.2078 
         324  1 0.3592 0.4006 0.2402 
         325  1 0.2252 0.3562 0.4186 
         326  1 0.3925 0.3529 0.2546 
         327  1 0.3910 0.3322 0.2768 
         328  1 0.3842 0.2508 0.3650 
         329  1 0.2888 0.2892 0.4220 
         330  1 0.1857 0.3055 0.5088 
         331  1 0.2114 0.5266 0.2621 
         332  1 0.2363 0.4001 0.3636 
         333  1 0.3297 0.3412 0.3291 
         334  1 0.3502 0.2629 0.3869 
         335  1 0.3464 0.2524 0.4012 
         336  1 0.2953 0.3050 0.3998 
         337  1 0.3070 0.4452 0.2478 
         338  1 0.4180 0.3610 0.2211 
         339  1 0.4143 0.3293 0.2564 
         340  1 0.3886 0.3431 0.2683 
         341  1 0.3092 0.3365 0.3543 
         342  1 0.2447 0.3518 0.4035 
         343  1 0.2726 0.2446 0.4828 
         344  1 0.1504 0.2783 0.5713 
         345  1 0.3903 0.2738 0.3359 
         346  1 0.3464 0.3009 0.3527 
         347  1 0.3067 0.2429 0.4505 
         348  1 0.2089 0.3833 0.4078 
         349  1 0.3120 0.2773 0.4107 
         350  1 0.3247 0.3619 0.3133 
         351  1 0.3909 0.3171 0.2920 
         352  1 0.2489 0.3623 0.3889 
         353  1 0.3732 0.2677 0.3591 
         354  1 0.4097 0.3772 0.2131 
         355  1 0.2232 0.3463 0.4305 
         356  1 0.5199 0.2479 0.2322 
         357  1 0.4096 0.3398 0.2507 
         358  1 0.2724 0.1877 0.5399 
         359  1 0.4512 0.2921 0.2566 
         360  1 0.2906 0.3794 0.3300 
         361  1 0.1594 0.4347 0.4059 
         362  1 0.4338 0.3591 0.2071 
         363  1 0.4142 0.3832 0.2025 
         364  1 0.4322 0.2587 0.3091 
         365  1 0.3997 0.1941 0.4062 
         366  1 0.3260 0.2573 0.4168 
         367  1 0.3542 0.3072 0.3386 
         368  1 0.3481 0.3157 0.3362 
         369  1 0.5693 0.2116 0.2191 
         370  1 0.2541 0.4168 0.3291 
         371  1 0.3217 0.3105 0.3678 
         372  1 0.2525 0.4340 0.3135 
         373  1 0.2890 0.2696 0.4414 
         374  1 0.2854 0.2382 0.4763 
         375  1 0.4669 0.1558 0.3773 
         376  1 0.2779 0.2446 0.4774 
         377  1 0.4306 0.2170 0.3524 
         378  1 0.3702 0.2911 0.3388 
         379  1 0.4489 0.2780 0.2731 
         380  1 0.1707 0.2057 0.6236 
         381  1 0.3466 0.3791 0.2742 
         382  1 0.2634 0.3629 0.3737 
         383  1 0.2797 0.4135 0.3068 
         384  1 0.3160 0.2819 0.4021 
         385  1 0.3919 0.4070 0.2011 
         386  1 0.2677 0.4808 0.2516 
         387  1 0.2710 0.3962 0.3328 
         388  1 0.3354 0.3368 0.3277 
         389  1 0.2517 0.4058 0.3424 
         390  1 0.2933 0.3866 0.3201 
         391  1 0.4827 0.2993 0.2180 
         392  1 0.2650 0.3567 0.3783 
         393  1 0.2705 0.2222 0.5072 
         394  1 0.3502 0.3170 0.3329 
         395  1 0.3069 0.4474 0.2457 
         396  1 0.3119 0.3672 0.3209 
         397  1 0.4275 0.2594 0.3131 
         398  1 0.3464 0.3511 0.3025 
         399  1 0.2453 0.3434 0.4113 
         400  1 0.2948 0.1992 0.5059 
         401  1 0.2335 0.4733 0.2933 
         402  1 0.2911 0.3315 0.3774 
         403  1 0.3909 0.3803 0.2288 
         404  1 0.4119 0.2286 0.3595 
         405  1 0.3804 0.3954 0.2243 
         406  1 0.2101 0.2687 0.5212 
         407  1 0.3433 0.3374 0.3192 
         408  1 0.1882 0.4937 0.3181 
         409  1 0.1481 0.4222 0.4297 
         410  1 0.3750 0.3173 0.3077 
         411  1 0.2388 0.2433 0.5179 
         412  1 0.3694 0.4193 0.2112 
         413  1 0.2007 0.3656 0.4337 
         414  1 0.4761 0.2119 0.3120 
         415  1 0.3338 0.4141 0.2521 
         416  1 0.4468 0.3272 0.2260 
         417  1 0.2467 0.3858 0.3675 
         418  1 0.2374 0.3384 0.4242 
         419  1 0.3547 0.3440 0.3013 
         420  1 0.3501 0.2938 0.3561 
         421  1 0.4078 0.4306 0.1616 
         422  1 0.4130 0.2170 0.3700 
         423  1 0.3836 0.3110 0.3054 
         424  1 0.2962 0.3952 0.3086 
         425  1 0.2819 0.2205 0.4976 
         426  1 0.3892 0.4236 0.1872 
         427  1 0.3161 0.2752 0.4087 
         428  1 0.3910 0.2907 0.3183 
         429  1 0.2742 0.4096 0.3162 
         430  1 0.4495 0.2702 0.2802 
         431  1 0.2009 0.3398 0.4593 
         432  1 0.5831 0.2169 0.2000 
         433  1 0.3854 0.3218 0.2928 
         434  1 0.3750 0.3213 0.3036 
         435  1 0.2452 0.2665 0.4882 
         436  1 0.4015 0.3555 0.2430 
         437  1 0.3656 0.2291 0.4053 
         438  1 0.2331 0.3819 0.3850 
         439  1 0.2317 0.4526 0.3157 
         440  1 0.2671 0.4378 0.2951 
         441  1 0.2163 0.4329 0.3508 
         442  1 0.1988 0.3333 0.4679 
         443  1 0.4158 0.2514 0.3328 
         444  1 0.4766 0.2833 0.2401 
         445  1 0.3160 0.3148 0.3692 
         446  1 0.3706 0.2840 0.3455 
         447  1 0.2955 0.3252 0.3792 
         448  1 0.2795 0.3485 0.3721 
         449  1 0.1868 0.3706 0.4426 
         450  1 0.3302 0.4064 0.2635 
         451  1 0.2322 0.4233 0.3445 
         452  1 0.5299 0.2337 0.2364 
         453  1 0.3821 0.3747 0.2432 
         454  1 0.3673 0.3991 0.2335 
         455  1 0.3627 0.3312 0.3061 
         456  1 0.4981 0.2699 0.2319 
         457  1 0.3973 0.4810 0.1217 
         458  1 0.3082 0.2368 0.4550 
         459  1 0.2500 0.4608 0.2892 
         460  1 0.3456 0.3574 0.2970 
         461  1 0.2775 0.3144 0.4081 
         462  1 0.2023 0.4769 0.3208 
         463  1 0.4069 0.2374 0.3556 
         464  1 0.2938 0.4111 0.2951 
         465  1 0.2619 0.3198 0.4183 
         466  1 0.4097 0.3451 0.2452 
         467  1 0.4734 0.3316 0.1951 
         468  1 0.2751 0.3006 0.4243 
         469  1 0.5476 0.2316 0.2208 
         470  1 0.3981 0.3965 0.2053 
         471  1 0.3781 0.2790 0.3429 
         472  1 0.3209 0.5113 0.1678 
         473  1 0.3945 0.3313 0.2742 
         474  1 0.2582 0.4793 0.2625 
         475  1 0.3828 0.3026 0.3147 
         476  1 0.3853 0.2834 0.3314 
         477  1 0.3549 0.2684 0.3767 
         478  1 0.3001 0.2806 0.4193 
         479  1 0.2989 0.2549 0.4462 
         480  1 0.2827 0.4803 0.2370 
         481  1 0.2486 0.2652 0.4862 
         482  1 0.2109 0.2432 0.5459 
         483  1 0.3922 0.3505 0.2573 
         484  1 0.4110 0.2944 0.2945 
         485  1 0.2176 0.3362 0.4462 
         486  1 0.1799 0.4305 0.3896 
         487  1 0.1992 0.4879 0.3129 
         488  1 0.2678 0.4163 0.3159 
         489  1 0.2442 0.4747 0.2811 
         490  1 0.2185 0.3166 0.4648 
         491  1 0.2059 0.5322 0.2619 
         492  1 0.2748 0.3463 0.3789 
         493  1 0.1946 0.2401 0.5653 
         494  1 0.2545 0.4192 0.3263 
         495  1 0.2449 0.4208 0.3343 
         496  1 0.2646 0.2651 0.4702 
         497  1 0.2011 0.3442 0.4547 
         498  1 0.2953 0.3139 0.3909 
         499  1 0.3627 0.3864 0.2510 
         500  1 0.5092 0.2204 0.2704 
         501  1 0.4076 0.1906 0.4017 
         502  1 0.3524 0.2515 0.3960 
         503  1 0.2439 0.1719 0.5842 
         504  1 0.2376 0.2041 0.5583 
         505  1 0.3147 0.1853 0.5000 
         506  1 0.5268 0.2589 0.2143 
         507  1 0.2406 0.2380 0.5214 
         508  1 0.3217 0.2607 0.4176 
         509  1 0.4498 0.2958 0.2543 
         510  1 0.3220 0.2491 0.4289 
         511  1 0.2760 0.4666 0.2574 
         512  1 0.5027 0.3149 0.1823 
         513  1 0.2849 0.4363 0.2787 
         514  1 0.1731 0.3234 0.5035 
         515  1 0.3002 0.3625 0.3372 
         516  1 0.3930 0.4446 0.1624 
         517  1 0.3665 0.3400 0.2936 
         518  1 0.1963 0.2336 0.5701 
         519  1 0.4448 0.3762 0.1790 
         520  1 0.5758 0.2286 0.1956 
         521  1 0.5706 0.2535 0.1758 
         522  1 0.3176 0.3831 0.2993 
         523  1 0.3004 0.1994 0.5002 
         524  1 0.3270 0.3009 0.3721 
         525  1 0.2097 0.4196 0.3706 
         526  1 0.3265 0.4095 0.2640 
         527  1 0.1803 0.4069 0.4128 
         528  1 0.2109 0.3797 0.4094 
         529  1 0.2662 0.4262 0.3076 
         530  1 0.3760 0.2840 0.3399 
         531  1 0.1794 0.2473 0.5733 
         532  1 0.2340 0.2185 0.5475 
         533  1 0.3719 0.2712 0.3569 
         534  1 0.2940 0.4246 0.2815 
         535  1 0.1777 0.2215 0.6008 
         536  1 0.2158 0.4680 0.3162 
         537  1 0.2090 0.5151 0.2759 
         538  1 0.4052 0.3851 0.2097 
         539  1 0.3899 0.3098 0.3002 
         540  1 0.1587 0.4390 0.4022 
         541  1 0.2523 0.4615 0.2862 
         542  1 0.2537 0.3379 0.4084 
         543  1 0.2907 0.2259 0.4835 
         544  1 0.5400 0.2472 0.2128 
         545  1 0.3286 0.5186 0.1528 
         546  1 0.3255 0.2483 0.4262 
         547  1 0.4213 0.3488 0.2299 
         548  1 0.3138 0.2543 0.4318 
         549  1 0.3775 0.3786 0.2438 
         550  1 0.2948 0.4733 0.2319 
         551  1 0.2299 0.4192 0.3509 
         552  1 0.2280 0.3749 0.3971 
         553  1 0.4612 0.3246 0.2142 
         554  1 0.3667 0.4360 0.1972 
         555  1 0.2058 0.4168 0.3774 
         556  1 0.3454 0.4260 0.2287 
         557  1 0.3128 0.4153 0.2719 
         558  1 0.4008 0.2362 0.3630 
         559  1 0.4543 0.3459 0.1998 
         560  1 0.3751 0.3047 0.3203 
         561  1 0.5152 0.3181 0.1667 
         562  1 0.2420 0.2262 0.5318 
         563  1 0.3461 0.4398 0.2141 
         564  1 0.3360 0.3376 0.3264 
         565  1 0.2588 0.2335 0.5077 
         566  1 0.4156 0.3176 0.2668 
         567  1 0.1913 0.5213 0.2873 
         568  1 0.1302 0.3196 0.5502 
         569  1 0.2034 0.4889 0.3077 
         570  1 0.2232 0.2416 0.5352 
         571  1 0.4421 0.4028 0.1552 
         572  1 0.3264 0.4206 0.2530 
         573  1 0.3438 0.2745 0.3818 
         574  1 0.2186 0.2908 0.4906 
         575  1 0.3212 0.4601 0.2186 
         576  1 0.2629 0.4023 0.3349 
         577  1 0.1964 0.2828 0.5209 
         578  1 0.5260 0.2188 0.2552 
         579  1 0.3017 0.3474 0.3509 
         580  1 0.2798 0.4492 0.2710 
         581  1 0.4031 0.3926 0.2043 
         582  1 0.4717 0.3275 0.2008 
         583  1 0.3830 0.1379 0.4791 
         584  1 0.3912 0.4222 0.1866 
         585  1 0.1788 0.3640 0.4572 
         586  1 0.4722 0.3226 0.2053 
         587  1 0.2001 0.2982 0.5016 
         588  1 0.1740 0.2874 0.5387 
         589  1 0.3285 0.3473 0.3242 
         590  1 0.1661 0.2900 0.5438 
         591  1 0.3718 0.4470 0.1812 
         592  1 0.1578 0.2250 0.6171 
         593  1 0.4007 0.3318 0.2675 
         594  1 0.3215 0.2526 0.4260 
         595  1 0.3012 0.2671 0.4317 
         596  1 0.5648 0.2970 0.1382 
         597  1 0.1474 0.2496 0.6030 
         598  1 0.2739 0.3788 0.3473 
         599  1 0.2767 0.3494 0.3738 
         600  1 0.1997 0.2831 0.5172 
         601  1 0.2427 0.2554 0.5019 
         602  1 0.1608 0.5553 0.2838 
         603  1 0.1845 0.4614 0.3541 
         604  1 0.3800 0.3951 0.2249 
         605  1 0.2623 0.4518 0.2860 
         606  1 0.2397 0.2283 0.5320 
         607  1 0.2909 0.2930 0.4160 
         608  1 0.2963 0.3190 0.3847 
         609  1 0.3339 0.5126 0.1535 
         610  1 0.3723 0.1790 0.4487 
         611  1 0.5224 0.3180 0.1596 
         612  1 0.3917 0.3225 0.2857 
         613  1 0.1835 0.2824 0.5341 
         614  1 0.2182 0.2768 0.5050 
         615  1 0.2266 0.4415 0.3319 
         616  1 0.4356 0.2896 0.2748 
         617  1 0.2393 0.2474 0.5133 
         618  1 0.2698 0.4211 0.3091 
         619  1 0.2419 0.3052 0.4528 
         620  1 0.3353 0.3063 0.3585 
         621  1 0.2612 0.3908 0.3480 
         622  1 0.4296 0.4090 0.1614 
         623  1 0.2831 0.4037 0.3132 
         624  1 0.4160 0.3282 0.2558 
         625  1 0.1889 0.4285 0.3827 
         626  1 0.4453 0.3476 0.2072 
         627  1 0.2412 0.3150 0.4438 
         628  1 0.2394 0.2836 0.4770 
         629  1 0.2434 0.5187 0.2378 
         630  1 0.4372 0.3073 0.2555 
         631  1 0.2753 0.2588 0.4660 
         632  1 0.1840 0.1727 0.6432 
         633  1 0.2108 0.3025 0.4867 
         634  1 0.3388 0.2690 0.3921 
         635  1 0.3183 0.3295 0.3522 
         636  1 0.3005 0.3471 0.3524 
         637  1 0.3340 0.5098 0.1561 
         638  1 0.2262 0.3313 0.4425 
         639  1 0.1687 0.2929 0.5384 
         640  1 0.1967 0.3209 0.4824 
         641  1 0.2353 0.2854 0.4793 
         642  1 0.1829 0.4069 0.4103 
         643  1 0.5064 0.2532 0.2404 
         644  1 0.2868 0.4325 0.2807 
         645  1 0.3111 0.4962 0.1927 
         646  1 0.4692 0.2579 0.2728 
         647  1 0.3812 0.3090 0.3098 
         648  1 0.2437 0.2760 0.4803 
         649  1 0.1834 0.2818 0.5348 
         650  1 0.4183 0.3977 0.1840 
         651  1 0.2872 0.2763 0.4364 
         652  1 0.4338 0.2790 0.2872 
         653  1 0.3350 0.2152 0.4498 
         654  1 0.2991 0.3751 0.3257 
         655  1 0.4228 0.3666 0.2106 
         656  1 0.3163 0.1810 0.5027 
         657  1 0.2043 0.2274 0.5684 
         658  1 0.2016 0.3232 0.4752 
         659  1 0.3828 0.3151 0.3021 
         660  1 0.2136 0.2687 0.5177 
         661  1 0.4122 0.3014 0.2863 
         662  1 0.3078 0.2617 0.4305 
         663  1 0.3748 0.3875 0.2377 
         664  1 0.3640 0.2532 0.3828 
         665  1 0.5153 0.2417 0.2431 
         666  1 0.2300 0.3633 0.4067 
         667  1 0.2793 0.3757 0.3450 
         668  1 0.3198 0.1912 0.4890 
         669  1 0.2941 0.5362 0.1697 
         670  1 0.3999 0.3481 0.2520 
         671  1 0.3003 0.2915 0.4082 
         672  1 0.3585 0.3383 0.3032 
         673  1 0.3642 0.3796 0.2562 
         674  1 0.4646 0.3047 0.2307 
         675  1 0.3321 0.2928 0.3750 
         676  1 0.2984 0.1453 0.5563 
         677  1 0.3227 0.2073 0.4701 
         678  1 0.2121 0.5273 0.2606 
         679  1 0.1523 0.3298 0.5180 
         680  1 0.1936 0.4287 0.3777 
         681  1 0.3623 0.2487 0.3890 
         682  1 0.3934 0.3046 0.3020 
         683  1 0.3696 0.2878 0.3427 
         684  1 0.5661 0.2472 0.1867 
         685  1 0.4042 0.2420 0.3538 
         686  1 0.2954 0.2875 0.4170 
         687  1 0.2763 0.4187 0.3050 
         688  1 0.2704 0.2762 0.4534 
         689  1 0.5156 0.2442 0.2402 
         690  1 0.2617 0.4727 0.2656 
         691  1 0.4602 0.1936 0.3461 
         692  1 0.3415 0.3290 0.3295 
         693  1 0.2145 0.3819 0.4036 
         694  1 0.3955 0.2793 0.3252 
         695  1 0.1944 0.4466 0.3590 
         696  1 0.2447 0.4480 0.3073 
         697  1 0.2175 0.2704 0.5121 
         698  1 0.5154 0.2978 0.1868 
         699  1 0.3306 0.4104 0.2589 
         700  1 0.4989 0.2689 0.2322 
         701  1 0.3273 0.4732 0.1995 
         702  1 0.4434 0.1951 0.3615 
         703  1 0.3337 0.3299 0.3364 
         704  1 0.3679 0.3695 0.2626 
         705  1 0.2639 0.2521 0.4840 
         706  1 0.5453 0.2501 0.2046 
         707  1 0.4633 0.2801 0.2566 
         708  1 0.3322 0.2758 0.3920 
         709  1 0.2256 0.4031 0.3714 
         710  1 0.4639 0.3038 0.2324 
         711  1 0.2953 0.3945 0.3102 
         712  1 0.4216 0.3529 0.2255 
         713  1 0.1926 0.3513 0.4561 
         714  1 0.5015 0.2990 0.1995 
         715  1 0.4175 0.2903 0.2922 
         716  1 0.4393 0.3339 0.2268 
         717  1 0.4216 0.3828 0.1957 
         718  1 0.4180 0.2854 0.2966 
         719  1 0.4504 0.3610 0.1886 
         720  1 0.2853 0.2223 0.4924 
         721  1 0.3672 0.3528 0.2801 
         722  1 0.2619 0.3396 0.3986 
         723  1 0.2836 0.4683 0.2481 
         724  1 0.3100 0.4095 0.2805 
         725  1 0.3255 0.3987 0.2758 
         726  1 0.3469 0.2018 0.4513 
         727  1 0.1563 0.2049 0.6388 
         728  1 0.2671 0.4073 0.3256 
         729  1 0.3144 0.3165 0.3692 
         730  1 0.2786 0.2026 0.5188 
         731  1 0.3874 0.3234 0.2892 
         732  1 0.2268 0.3506 0.4226 
         733  1 0.3734 0.3399 0.2867 
         734  1 0.2803 0.2740 0.4457 
         735  1 0.2847 0.3743 0.3410 
         736  1 0.1825 0.4127 0.4048 
         737  1 0.2728 0.3655 0.3617 
         738  1 0.5041 0.2437 0.2521 
         739  1 0.4303 0.2486 0.3211 
         740  1 0.2190 0.2026 0.5783 
         741  1 0.4160 0.4045 0.1796 
         742  1 0.3631 0.2816 0.3553 
         743  1 0.4024 0.3412 0.2564 
         744  1 0.1783 0.5273 0.2944 
         745  1 0.3874 0.2645 0.3482 
         746  1 0.3464 0.2033 0.4503 
         747  1 0.5658 0.2479 0.1863 
         748  1 0.3591 0.3245 0.3164 
         749  1 0.4514 0.3418 0.2069 
         750  1 0.1960 0.2012 0.6028 
         751  1 0.2913 0.4135 0.2952 
         752  1 0.2392 0.3554 0.4055 
         753  1 0.2630 0.4663 0.2707 
         754  1 0.3134 0.2975 0.3891 
         755  1 0.5420 0.2081 0.2498 
         756  1 0.3668 0.2397 0.3935 
         757  1 0.1959 0.2650 0.5391 
         758  1 0.3492 0.3410 0.3098 
         759  1 0.2082 0.5445 0.2473 
         760  1 0.4573 0.3470 0.1957 
         761  1 0.4709 0.3317 0.1974 
         762  1 0.3910 0.3016 0.3074 
         763  1 0.2628 0.3383 0.3989 
         764  1 0.1939 0.4480 0.3581 
         765  1 0.4833 0.1947 0.3220 
         766  1 0.3572 0.2264 0.4164 
         767  1 0.2970 0.4912 0.2118 
         768  1 0.2454 0.3080 0.4466 
         769  1 0.2635 0.3241 0.4124 
         770  1 0.4654 0.3073 0.2273 
         771  1 0.3041 0.4159 0.2800 
         772  1 0.3915 0.3181 0.2904 
         773  1 0.3318 0.4009 0.2672 
         774  1 0.4424 0.1795 0.3782 
         775  1 0.3556 0.4264 0.2180 
         776  1 0.2470 0.3936 0.3594 
         777  1 0.2335 0.3024 0.4641 
         778  1 0.3209 0.5018 0.1773 
         779  1 0.4176 0.2947 0.2878 
         780  1 0.2550 0.4126 0.3324 
         781  1 0.1755 0.4830 0.3415 
         782  1 0.3418 0.2832 0.3751 
         783  1 0.2160 0.4359 0.3481 
         784  1 0.4354 0.2803 0.2843 
         785  1 0.3016 0.2602 0.4382 
         786  1 0.4164 0.2535 0.3300 
         787  1 0.4224 0.4038 0.1738 
         788  1 0.3478 0.1955 0.4567 
         789  1 0.6420 0.2109 0.1471 
         790  1 0.2436 0.3254 0.4310 
         791  1 0.5028 0.1885 0.3088 
         792  1 0.3832 0.2048 0.4120 
         793  1 0.2034 0.5657 0.2309 
         794  1 0.3027 0.3113 0.3860 
         795  1 0.2516 0.2731 0.4753 
         796  1 0.3610 0.4510 0.1880 
         797  1 0.3689 0.3384 0.2927 
         798  1 0.3996 0.3880 0.2124 
         799  1 0.4444 0.2649 0.2907 
         800  1 0.4215 0.2391 0.3394 
         801  1 0.2503 0.5918 0.1580 
         802  1 0.4334 0.2823 0.2843 
         803  1 0.5053 0.2323 0.2625 
         804  1 0.2217 0.2915 0.4867 
         805  1 0.5319 0.2317 0.2364 
         806  1 0.3549 0.4182 0.2269 
         807  1 0.1910 0.3200 0.4890 
         808  1 0.2407 0.4311 0.3282 
         809  1 0.2151 0.1911 0.5938 
         810  1 0.4180 0.3582 0.2238 
         811  1 0.3128 0.4072 0.2800 
         812  1 0.2293 0.2222 0.5484 
         813  1 0.3333 0.3210 0.3457 
         814  1 0.2275 0.3360 0.4366 
         815  1 0.2627 0.3155 0.4218 
         816  1 0.2204 0.2588 0.5208 
         817  1 0.2085 0.4495 0.3421 
         818  1 0.2843 0.2953 0.4203 
         819  1 0.3820 0.4319 0.1861 
         820  1 0.4056 0.2274 0.3671 
         821  1 0.2086 0.4615 0.3300 
         822  1 0.1720 0.2509 0.5771 
         823  1 0.2290 0.2629 0.5081 
         824  1 0.2020 0.2988 0.4992 
         825  1 0.2899 0.2488 0.4612 
         826  1 0.2881 0.4505 0.2614 
         827  1 0.3838 0.1955 0.4207 
         828  1 0.1859 0.2294 0.5847 
         829  1 0.4628 0.2683 0.2689 
         830  1 0.1598 0.3125 0.5278 
         831  1 0.3313 0.2474 0.4212 
         832  1 0.3510 0.4602 0.1888 
         833  1 0.2915 0.2004 0.5081 
         834  1 0.1774 0.2759 0.5467 
         835  1 0.4623 0.3726 0.1651 
         836  1 0.3204 0.3046 0.3750 
         837  1 0.2650 0.3452 0.3899 
         838  1 0.2332 0.2270 0.5397 
         839  1 0.2661 0.3424 0.3915 
         840  1 0.3847 0.3726 0.2426 
         841  1 0.4731 0.2444 0.2825 
         842  1 0.2895 0.2755 0.4350 
         843  1 0.3508 0.3118 0.3374 
         844  1 0.2474 0.2951 0.4575 
         845  1 0.3236 0.3579 0.3186 
         846  1 0.4939 0.3496 0.1565 
         847  1 0.2473 0.5462 0.2065 
         848  1 0.2246 0.6067 0.1687 
         849  1 0.2478 0.4039 0.3483 
         850  1 0.2794 0.3412 0.3794 
         851  1 0.2428 0.4193 0.3379 
         852  1 0.3728 0.3064 0.3208 
         853  1 0.5160 0.2421 0.2418 
         854  1 0.1752 0.6517 0.1731 
         855  1 0.3662 0.3476 0.2863 
         856  1 0.2003 0.3904 0.4093 
         857  1 0.3659 0.2570 0.3771 
         858  1 0.4267 0.1683 0.4049 
         859  1 0.3819 0.1948 0.4233 
         860  1 0.4168 0.3119 0.2714 
         861  1 0.3405 0.4387 0.2208 
         862  1 0.3776 0.2740 0.3485 
         863  1 0.3336 0.4460 0.2204 
         864  1 0.3145 0.4994 0.1861 
         865  1 0.2184 0.3811 0.4005 
         866  1 0.4277 0.2829 0.2893 
         867  1 0.2901 0.3915 0.3184 
         868  1 0.2131 0.3819 0.4050 
         869  1 0.3638 0.4587 0.1775 
         870  1 0.1816 0.3946 0.4238 
         871  1 0.3458 0.3984 0.2558 
         872  1 0.3892 0.1522 0.4586 
         873  1 0.4446 0.3240 0.2314 
         874  1 0.2836 0.2358 0.4807 
         875  1 0.3099 0.3837 0.3065 
         876  1 0.1837 0.2605 0.5558 
         877  1 0.2166 0.4700 0.3134 
         878  1 0.3539 0.4345 0.2116 
         879  1 0.2808 0.5216 0.1976 
         880  1 0.4524 0.3370 0.2106 
         881  1 0.2892 0.4140 0.2967 
         882  1 0.4267 0.2700 0.3033 
         883  1 0.2915 0.4189 0.2896 
         884  1 0.1882 0.1803 0.6315 
         885  1 0.2450 0.3304 0.4246 
         886  1 0.4170 0.3359 0.2471 
         887  1 0.5165 0.2050 0.2785 
         888  1 0.1838 0.3846 0.4316 
         889  1 0.3988 0.3923 0.2089 
         890  1 0.3807 0.2980 0.3212 
         891  1 0.4195 0.3044 0.2761 
         892  1 0.2217 0.3861 0.3922 
         893  1 0.2804 0.2493 0.4702 
         894  1 0.2795 0.3835 0.3371 
         895  1 0.2725 0.3629 0.3647 
         896  1 0.2512 0.3002 0.4486 
         897  1 0.4042 0.4130 0.1828 
         898  1 0.5480 0.2875 0.1645 
         899  1 0.3641 0.3613 0.2747 
         900  1 0.1814 0.4484 0.3702 
         901  1 0.2808 0.4042 0.3151 
         902  1 0.3021 0.4032 0.2948 
         903  1 0.3232 0.4306 0.2462 
         904  1 0.2617 0.2651 0.4732 
         905  1 0.3545 0.2462 0.3992 
         906  1 0.3266 0.3631 0.3103 
         907  1 0.3407 0.4134 0.2459 
         908  1 0.3602 0.3017 0.3381 
         909  1 0.3087 0.3782 0.3132 
         910  1 0.3953 0.3788 0.2258 
         911  1 0.3321 0.1877 0.4801 
         912  1 0.1408 0.1848 0.6745 
         913  1 0.3019 0.3251 0.3730 
         914  1 0.3757 0.2259 0.3984 
         915  1 0.4095 0.3960 0.1945 
         916  1 0.3257 0.3679 0.3063 
         917  1 0.3393 0.2929 0.3678 
         918  1 0.2824 0.3155 0.4021 
         919  1 0.2279 0.3300 0.4421 
         920  1 0.3868 0.4209 0.1923 
         921  1 0.4965 0.2259 0.2776 
         922  1 0.4048 0.2930 0.3023 
         923  1 0.1653 0.2220 0.6127 
         924  1 0.4233 0.2170 0.3597 
         925  1 0.2607 0.3742 0.3652 
         926  1 0.2626 0.4106 0.3268 
         927  1 0.2501 0.2429 0.5070 
         928  1 0.4146 0.2779 0.3075 
         929  1 0.3235 0.3625 0.3140 
         930  1 0.5044 0.2281 0.2675 
         931  1 0.2871 0.2669 0.4460 
         932  1 0.2180 0.3242 0.4577 
         933  1 0.3253 0.4373 0.2374 
         934  1 0.4552 0.2483 0.2966 
         935  1 0.3153 0.5373 0.1475 
         936  1 0.5942 0.2042 0.2015 
         937  1 0.3922 0.2895 0.3184 
         938  1 0.4370 0.2380 0.3249 
         939  1 0.2601 0.3207 0.4192 
         940  1 0.1792 0.3208 0.4999 
         941  1 0.4304 0.4129 0.1567 
         942  1 0.2293 0.4129 0.3578 
         943  1 0.3563 0.3192 0.3246 
         944  1 0.2417 0.4874 0.2709 
         945  1 0.3804 0.2817 0.3379 
         946  1 0.3081 0.3850 0.3068 
         947  1 0.3635 0.3190 0.3175 
         948  1 0.4259 0.3691 0.2050 
         949  1 0.2541 0.3075 0.4385 
         950  1 0.4559 0.3099 0.2342 
         951  1 0.4813 0.1918 0.3269 
         952  1 0.2523 0.5356 0.2121 
         953  1 0.5210 0.2425 0.2365 
         954  1 0.2190 0.3454 0.4356 
         955  1 0.3187 0.3998 0.2815 
         956  1 0.2712 0.2507 0.4781 
         957  1 0.2083 0.2308 0.5610 
         958  1 0.4592 0.2699 0.2709 
         959  1 0.2027 0.3359 0.4614 
         960  1 0.3118 0.3522 0.3360 
         961  1 0.3139 0.4060 0.2801 
         962  1 0.2042 0.4127 0.3831 
         963  1 0.2801 0.3463 0.3736 
         964  1 0.4031 0.3296 0.2674 
         965  1 0.3006 0.2812 0.4182 
         966  1 0.4379 0.2845 0.2777 
         967  1 0.3484 0.3011 0.3505 
         968  1 0.3198 0.2652 0.4150 
         969  1 0.5212 0.2510 0.2278 
         970  1 0.2846 0.2678 0.4476 
         971  1 0.3647 0.3285 0.3068 
         972  1 0.2116 0.3917 0.3967 
         973  1 0.2973 0.3013 0.4014 
         974  1 0.4989 0.2984 0.2027 
         975  1 0.3890 0.4463 0.1647 
         976  1 0.4064 0.2368 0.3568 
         977  1 0.2912 0.2727 0.4361 
         978  1 0.4323 0.3138 0.2539 
         979  1 0.1655 0.4805 0.3541 
         980  1 0.2356 0.4355 0.3290 
         981  1 0.4141 0.3628 0.2231 
         982  1 0.2531 0.4946 0.2523 
         983  1 0.1922 0.2995 0.5083 
         984  1 0.4085 0.3174 0.2741 
         985  1 0.2916 0.3520 0.3565 
         986  1 0.4114 0.3752 0.2134 
         987  1 0.4988 0.2818 0.2195 
         988  1 0.4648 0.3692 0.1661 
         989  1 0.4501 0.2420 0.3080 
         990  1 0.6160 0.1941 0.1899 
         991  1 0.6847 0.1583 0.1570 
         992  1 0.2434 0.5042 0.2524 
         993  1 0.4255 0.3505 0.2240 
         994  1 0.2318 0.3768 0.3914 
         995  1 0.3453 0.2383 0.4164 
         996  1 0.4308 0.2786 0.2906 
         997  1 0.5744 0.2624 0.1631 
         998  1 0.3798 0.3339 0.2863 
         999  1 0.5512 0.2041 0.2446 
        1000  1 0.3240 0.4500 0.2260 
        1001  1 0.3923 0.3761 0.2316 
        1002  1 0.3071 0.2318 0.4611 
        1003  1 0.5310 0.2636 0.2054 
        1004  1 0.3827 0.3089 0.3085 
        1005  1 0.3266 0.3890 0.2843 
        1006  1 0.2357 0.2819 0.4824 
        1007  1 0.6177 0.1885 0.1938 
        1008  1 0.3570 0.4729 0.1701 
        1009  1 0.4184 0.3594 0.2222 
        1010  1 0.2767 0.5415 0.1818 
        1011  1 0.2823 0.4035 0.3142 
        1012  1 0.2804 0.2871 0.4324 
        1013  1 0.4191 0.4387 0.1423 
        1014  1 0.2544 0.3142 0.4314 
        1015  1 0.3468 0.4354 0.2178 
        1016  1 0.4327 0.2935 0.2738 
        1017  1 0.2295 0.2578 0.5128 
        1018  1 0.3464 0.3884 0.2653 
        1019  1 0.3607 0.2220 0.4174 
        1020  1 0.4582 0.2603 0.2815 
        1021  1 0.2333 0.4106 0.3560 
        1022  1 0.3649 0.2467 0.3884 
        1023  1 0.4244 0.1994 0.3761 
        1024  1 0.3906 0.3216 0.2877 
        1025  1 0.2877 0.4392 0.2731 
        1026  1 0.3124 0.3703 0.3173 
        1027  1 0.3774 0.2518 0.3708 
        1028  1 0.2805 0.5620 0.1575 
        1029  1 0.4300 0.3149 0.2551 
        1030  1 0.3090 0.1861 0.5049 
        1031  1 0.2970 0.4430 0.2599 
        1032  1 0.1661 0.3932 0.4407 
        1033  1 0.2761 0.3367 0.3872 
        1034  1 0.2477 0.3683 0.3841 
        1035  1 0.2174 0.4780 0.3046 
        1036  1 0.1748 0.3338 0.4914 
        1037  1 0.4666 0.3576 0.1758 
        1038  1 0.4396 0.3183 0.2421 
        1039  1 0.3503 0.4016 0.2481 
        1040  1 0.2358 0.3214 0.4428 
        1041  1 0.2568 0.2154 0.5278 
        1042  1 0.2351 0.2749 0.4900 
        1043  1 0.3166 0.2603 0.4231 
        1044  1 0.4404 0.3426 0.2170 
        1045  1 0.4922 0.1600 0.3479 
        1046  1 0.3493 0.2735 0.3772 
        1047  1 0.3313 0.3447 0.3240 
        1048  1 0.3420 0.2714 0.3866 
        1049  1 0.2386 0.2528 0.5086 
        1050  1 0.2342 0.5404 0.2254 
        1051  1 0.4324 0.3517 0.2159 
        1052  1 0.4343 0.2890 0.2767 
