           1  1 0.1129 0.1011 0.0476 0.0878 0.1259 0.0990 0.0326 0.0842 0.2021 0.1068 
           2  1 0.0873 0.0692 0.1502 0.2282 0.1539 0.0688 0.0409 0.0844 0.0573 0.0599 
           3  1 0.1397 0.0812 0.0487 0.1207 0.0571 0.1112 0.1991 0.1031 0.0638 0.0754 
           4  1 0.0308 0.1678 0.0483 0.1391 0.0510 0.0388 0.0853 0.0945 0.0923 0.2520 
           5  1 0.0943 0.1266 0.0720 0.0858 0.0570 0.0625 0.1938 0.0863 0.0940 0.1278 
           6  1 0.0921 0.1108 0.1104 0.0993 0.0870 0.0600 0.1197 0.1004 0.1101 0.1103 
           7  1 0.0639 0.1600 0.3513 0.0552 0.0347 0.0702 0.0568 0.0628 0.0888 0.0563 
           8  1 0.0902 0.1541 0.1197 0.1074 0.0639 0.0523 0.0648 0.0974 0.0993 0.1509 
           9  1 0.1876 0.0930 0.0691 0.1309 0.0860 0.0474 0.0800 0.1055 0.0937 0.1069 
          10  1 0.0492 0.0653 0.0932 0.0770 0.1212 0.2816 0.0611 0.1138 0.0601 0.0773 
          11  1 0.0729 0.0927 0.0601 0.0961 0.0576 0.1011 0.2781 0.0841 0.0702 0.0870 
          12  1 0.0707 0.1049 0.0738 0.1625 0.0948 0.0573 0.1398 0.0975 0.0693 0.1294 
          13  1 0.1199 0.0792 0.0603 0.0777 0.1127 0.0696 0.1577 0.0938 0.1458 0.0833 
          14  1 0.2361 0.1292 0.0602 0.0848 0.0494 0.0334 0.0713 0.1053 0.0670 0.1632 
          15  1 0.2667 0.0977 0.0389 0.0877 0.0386 0.0437 0.1742 0.0728 0.0759 0.1037 
          16  1 0.0865 0.1211 0.1052 0.1039 0.0863 0.0460 0.1188 0.1108 0.0892 0.1323 
          17  1 0.0553 0.0884 0.0750 0.0750 0.2072 0.0514 0.0684 0.0927 0.2015 0.0851 
          18  1 0.0808 0.1072 0.0900 0.0912 0.0517 0.0641 0.1311 0.2137 0.0714 0.0989 
          19  1 0.0718 0.0881 0.1137 0.0870 0.1072 0.1043 0.1534 0.1094 0.0876 0.0775 
          20  1 0.1281 0.1165 0.1480 0.0838 0.0755 0.0732 0.0775 0.1080 0.0997 0.0898 
          21  1 0.0578 0.1188 0.0994 0.1055 0.0813 0.0486 0.1515 0.1002 0.1067 0.1301 
          22  1 0.1246 0.1112 0.0876 0.1347 0.0852 0.0904 0.0703 0.1083 0.0728 0.1149 
          23  1 0.0999 0.0907 0.0781 0.0939 0.0895 0.1017 0.1658 0.1053 0.0878 0.0872 
          24  1 0.0517 0.0837 0.1093 0.0986 0.1750 0.0697 0.0779 0.1098 0.1406 0.0837 
          25  1 0.0792 0.1139 0.1717 0.0798 0.0840 0.0539 0.1161 0.1012 0.1090 0.0911 
          26  1 0.0971 0.0922 0.0570 0.0936 0.0651 0.1123 0.2155 0.0855 0.0826 0.0993 
          27  1 0.0399 0.0744 0.1924 0.0541 0.0995 0.3317 0.0317 0.0695 0.0655 0.0411 
          28  1 0.4076 0.0610 0.0529 0.0554 0.0427 0.0393 0.0478 0.1862 0.0430 0.0642 
          29  1 0.0338 0.0796 0.0494 0.0767 0.0666 0.4226 0.0430 0.0564 0.0939 0.0779 
          30  1 0.1246 0.1009 0.0389 0.0776 0.0636 0.0299 0.2750 0.0997 0.0759 0.1139 
          31  1 0.0448 0.1302 0.2134 0.0775 0.0859 0.0768 0.0778 0.0870 0.1158 0.0909 
          32  1 0.0622 0.0934 0.0607 0.0890 0.0567 0.1072 0.2584 0.0920 0.0774 0.1029 
          33  1 0.2215 0.0936 0.0568 0.0740 0.1204 0.0607 0.0509 0.0962 0.1436 0.0823 
          34  1 0.0978 0.1196 0.1088 0.0904 0.0997 0.0707 0.0762 0.1099 0.1138 0.1132 
          35  1 0.0863 0.0848 0.0490 0.1072 0.0773 0.0510 0.2414 0.1096 0.0845 0.1088 
          36  1 0.0991 0.0820 0.0475 0.0700 0.0449 0.1009 0.3108 0.0800 0.0813 0.0834 
          37  1 0.0556 0.1248 0.1995 0.1214 0.0633 0.1051 0.0606 0.0829 0.0839 0.1029 
          38  1 0.0342 0.1234 0.0820 0.1390 0.0738 0.2101 0.0316 0.0653 0.0781 0.1624 
          39  1 0.2802 0.0770 0.0331 0.0780 0.0895 0.0909 0.0617 0.0745 0.1342 0.0809 
          40  1 0.0936 0.0919 0.0812 0.0887 0.1566 0.0540 0.1003 0.1153 0.1234 0.0950 
          41  1 0.0911 0.1153 0.0578 0.1201 0.0405 0.1644 0.1478 0.0765 0.0696 0.1169 
          42  1 0.0487 0.0946 0.1043 0.0703 0.1341 0.1072 0.0910 0.1546 0.1034 0.0918 
          43  1 0.0827 0.0517 0.1426 0.1784 0.1759 0.0933 0.0911 0.0857 0.0428 0.0557 
          44  1 0.1535 0.0649 0.0598 0.0980 0.1138 0.1358 0.0900 0.0983 0.1128 0.0732 
          45  1 0.1011 0.0773 0.0466 0.0934 0.1855 0.0435 0.0553 0.0945 0.2114 0.0915 
          46  1 0.0655 0.0495 0.1166 0.2029 0.1695 0.0437 0.0312 0.2017 0.0724 0.0468 
          47  1 0.0829 0.0818 0.0631 0.0506 0.0642 0.0798 0.3601 0.0721 0.0916 0.0538 
          48  1 0.0323 0.1322 0.1070 0.1202 0.0677 0.0852 0.0884 0.1189 0.0564 0.1918 
          49  1 0.1458 0.0802 0.0561 0.0855 0.1151 0.0637 0.1022 0.1562 0.0807 0.1145 
          50  1 0.1261 0.1095 0.0794 0.1396 0.0607 0.0983 0.0584 0.1168 0.0886 0.1226 
          51  1 0.0311 0.0497 0.0437 0.0420 0.2710 0.0274 0.1269 0.0550 0.3063 0.0469 
          52  1 0.0720 0.0941 0.0961 0.0661 0.1609 0.0541 0.0506 0.0954 0.2232 0.0876 
          53  1 0.1862 0.0909 0.0561 0.0707 0.0868 0.0666 0.1123 0.1093 0.1217 0.0995 
          54  1 0.0458 0.1028 0.1820 0.0708 0.1235 0.1100 0.0662 0.0901 0.1153 0.0935 
          55  1 0.0406 0.1429 0.3173 0.0574 0.0937 0.0694 0.0357 0.0844 0.0966 0.0621 
          56  1 0.0345 0.0699 0.1109 0.1390 0.1736 0.0549 0.0870 0.1959 0.0663 0.0679 
          57  1 0.0243 0.0605 0.1183 0.0821 0.2816 0.0281 0.0382 0.0719 0.2437 0.0514 
          58  1 0.0689 0.1160 0.1572 0.0852 0.0787 0.1318 0.0789 0.1062 0.0844 0.0928 
          59  1 0.2330 0.0931 0.0666 0.0632 0.1396 0.0264 0.0668 0.0953 0.1271 0.0891 
          60  1 0.1644 0.0947 0.0790 0.1203 0.0806 0.0801 0.0884 0.1142 0.0776 0.1006 
          61  1 0.1461 0.0887 0.0822 0.0689 0.0569 0.2531 0.0657 0.0845 0.0780 0.0760 
          62  1 0.0909 0.1599 0.0421 0.1305 0.0630 0.0533 0.0816 0.0996 0.1072 0.1718 
          63  1 0.0553 0.0931 0.0730 0.1058 0.0724 0.0581 0.2787 0.1058 0.0661 0.0916 
          64  1 0.0557 0.1053 0.0756 0.0787 0.0866 0.0624 0.2245 0.1096 0.0935 0.1080 
          65  1 0.0672 0.1158 0.1924 0.0986 0.0991 0.0741 0.0535 0.1214 0.0833 0.0945 
          66  1 0.0869 0.0686 0.1342 0.0846 0.0989 0.2853 0.0507 0.0914 0.0473 0.0522 
          67  1 0.1761 0.1065 0.0423 0.0956 0.0501 0.0784 0.1580 0.1015 0.0701 0.1214 
          68  1 0.2029 0.1162 0.0989 0.0940 0.0517 0.0903 0.0625 0.0882 0.0838 0.1115 
          69  1 0.0519 0.1121 0.1303 0.1929 0.0891 0.1124 0.0546 0.0904 0.0739 0.0923 
          70  1 0.1106 0.0964 0.0910 0.1475 0.0876 0.0647 0.1013 0.1032 0.0863 0.1114 
          71  1 0.0502 0.1129 0.2025 0.1457 0.1375 0.0541 0.0392 0.1071 0.0860 0.0648 
          72  1 0.0697 0.0865 0.1496 0.0631 0.1931 0.0309 0.0898 0.0942 0.1746 0.0485 
          73  1 0.0861 0.0566 0.0677 0.0549 0.0616 0.4644 0.0461 0.0665 0.0498 0.0463 
          74  1 0.0695 0.0989 0.0874 0.1328 0.1065 0.0516 0.1464 0.1134 0.1039 0.0897 
          75  1 0.2132 0.0840 0.0479 0.0641 0.0352 0.2681 0.0376 0.1033 0.0505 0.0961 
          76  1 0.0450 0.1808 0.0496 0.1271 0.0481 0.0739 0.0572 0.0861 0.1058 0.2265 
          77  1 0.3976 0.0404 0.0821 0.1499 0.0928 0.0813 0.0281 0.0525 0.0344 0.0408 
          78  1 0.0789 0.0953 0.0531 0.0948 0.0915 0.0741 0.1901 0.1002 0.1148 0.1073 
          79  1 0.0633 0.0960 0.0877 0.0621 0.0453 0.2170 0.2136 0.0809 0.0570 0.0772 
          80  1 0.0908 0.0851 0.0412 0.0559 0.0378 0.0492 0.4194 0.0703 0.0621 0.0883 
          81  1 0.0910 0.1522 0.0561 0.1244 0.0434 0.0550 0.0515 0.1229 0.0916 0.2120 
          82  1 0.0518 0.1133 0.0512 0.0855 0.1598 0.0362 0.0535 0.1041 0.1987 0.1460 
          83  1 0.1181 0.1076 0.0411 0.0951 0.0410 0.0612 0.2531 0.0866 0.0687 0.1275 
          84  1 0.0513 0.1457 0.0383 0.1194 0.0423 0.0325 0.1023 0.1907 0.0866 0.1908 
          85  1 0.0419 0.1202 0.1641 0.1741 0.1199 0.0503 0.0331 0.0963 0.0948 0.1053 
          86  1 0.2270 0.0669 0.0719 0.1109 0.1059 0.0790 0.0900 0.0888 0.0923 0.0672 
          87  1 0.0610 0.1056 0.1093 0.1037 0.1188 0.0890 0.0700 0.0994 0.1419 0.1014 
          88  1 0.0569 0.0525 0.1435 0.2045 0.1635 0.1475 0.0578 0.0752 0.0451 0.0535 
          89  1 0.0755 0.1403 0.1346 0.1136 0.0793 0.0517 0.0466 0.1178 0.1084 0.1323 
          90  1 0.0365 0.1386 0.2587 0.1095 0.0795 0.0613 0.0712 0.0750 0.1095 0.0602 
          91  1 0.0642 0.1049 0.0889 0.1334 0.0816 0.0609 0.1359 0.1068 0.0906 0.1328 
          92  1 0.0701 0.0859 0.0986 0.1818 0.0909 0.1143 0.1090 0.0778 0.0688 0.1029 
          93  1 0.0669 0.0828 0.0860 0.0707 0.1929 0.0573 0.0316 0.0711 0.2761 0.0646 
          94  1 0.1234 0.1153 0.1072 0.1164 0.0802 0.0605 0.0583 0.1153 0.0825 0.1411 
          95  1 0.0461 0.0913 0.0369 0.0747 0.0478 0.0729 0.4030 0.0745 0.0639 0.0889 
          96  1 0.0470 0.0410 0.0273 0.0416 0.0269 0.6418 0.0531 0.0416 0.0406 0.0390 
          97  1 0.1103 0.1428 0.0713 0.0854 0.0666 0.0719 0.0907 0.1201 0.0757 0.1653 
          98  1 0.0444 0.1324 0.0325 0.1099 0.1012 0.0868 0.0955 0.0762 0.1848 0.1363 
          99  1 0.0447 0.1933 0.0609 0.0861 0.0858 0.0243 0.0324 0.1041 0.1001 0.2684 
         100  1 0.2511 0.0855 0.0797 0.1063 0.0674 0.0894 0.0641 0.0914 0.0682 0.0969 
         101  1 0.0570 0.0887 0.1337 0.1877 0.1221 0.0420 0.1291 0.0869 0.0772 0.0756 
         102  1 0.2056 0.1308 0.0817 0.0702 0.0514 0.0848 0.0717 0.1002 0.0847 0.1188 
         103  1 0.2570 0.0645 0.0690 0.1688 0.0994 0.0806 0.0384 0.0759 0.0617 0.0846 
         104  1 0.0682 0.1065 0.1219 0.0952 0.0585 0.0637 0.2050 0.1089 0.0714 0.1007 
         105  1 0.0891 0.0975 0.0773 0.0926 0.0968 0.0905 0.1340 0.1042 0.1159 0.1021 
         106  1 0.0777 0.0831 0.1336 0.2634 0.1401 0.0369 0.0410 0.0865 0.0627 0.0750 
         107  1 0.0594 0.1287 0.1195 0.1423 0.0757 0.0833 0.0476 0.1055 0.0913 0.1466 
         108  1 0.0682 0.1286 0.0769 0.0935 0.1204 0.0564 0.0460 0.1043 0.1684 0.1373 
         109  1 0.1296 0.1035 0.0595 0.1274 0.0547 0.0485 0.1536 0.1084 0.0921 0.1227 
         110  1 0.0702 0.0950 0.1006 0.1067 0.0758 0.1876 0.1251 0.0875 0.0663 0.0853 
         111  1 0.1156 0.1078 0.0455 0.0741 0.0375 0.0515 0.2986 0.0801 0.0731 0.1162 
         112  1 0.0443 0.1187 0.0630 0.1030 0.1191 0.0463 0.0865 0.1056 0.1554 0.1580 
         113  1 0.0492 0.1074 0.1027 0.0657 0.1439 0.0584 0.0986 0.1044 0.1691 0.1007 
         114  1 0.0721 0.1000 0.0951 0.1505 0.1261 0.0770 0.0858 0.1067 0.0701 0.1167 
         115  1 0.0577 0.0884 0.1472 0.1373 0.1451 0.0872 0.0395 0.1210 0.0953 0.0813 
         116  1 0.1400 0.0720 0.1305 0.1008 0.1637 0.0734 0.0461 0.1289 0.0770 0.0675 
         117  1 0.0638 0.0798 0.1528 0.0942 0.1388 0.1557 0.0546 0.1287 0.0630 0.0686 
         118  1 0.0524 0.0782 0.0996 0.0737 0.2062 0.0665 0.0552 0.1842 0.0878 0.0961 
         119  1 0.1286 0.0725 0.1131 0.1952 0.1234 0.0705 0.0503 0.1077 0.0645 0.0741 
         120  1 0.1196 0.1541 0.0753 0.0962 0.0759 0.0287 0.0377 0.1204 0.0931 0.1990 
         121  1 0.0484 0.1023 0.1291 0.0860 0.1439 0.0546 0.1014 0.1298 0.1009 0.1037 
         122  1 0.0530 0.1575 0.0820 0.1408 0.0323 0.1375 0.0536 0.0695 0.0628 0.2110 
         123  1 0.0442 0.1356 0.0603 0.1330 0.0685 0.1148 0.0538 0.0916 0.0956 0.2027 
         124  1 0.0347 0.0702 0.1433 0.0614 0.1477 0.2696 0.0346 0.1138 0.0696 0.0550 
         125  1 0.0494 0.1084 0.1857 0.0776 0.1424 0.0862 0.0305 0.1285 0.1030 0.0884 
         126  1 0.0336 0.0402 0.2311 0.1503 0.2226 0.1353 0.0232 0.0954 0.0338 0.0346 
         127  1 0.0424 0.0860 0.1207 0.1026 0.1242 0.2141 0.0294 0.1275 0.0520 0.1010 
         128  1 0.0671 0.0888 0.0663 0.0827 0.0824 0.2421 0.0736 0.1233 0.0780 0.0957 
         129  1 0.0442 0.1236 0.1425 0.1534 0.0824 0.0575 0.0998 0.0972 0.0842 0.1153 
         130  1 0.3354 0.1066 0.0639 0.0903 0.0287 0.0440 0.0653 0.0768 0.0722 0.1169 
         131  1 0.0813 0.1175 0.0548 0.1133 0.0507 0.0777 0.1397 0.1364 0.0868 0.1417 
         132  1 0.0721 0.0903 0.0646 0.1482 0.0858 0.0452 0.1170 0.1297 0.1078 0.1393 
         133  1 0.0667 0.0934 0.0729 0.1106 0.1149 0.0609 0.1485 0.1240 0.0827 0.1253 
         134  1 0.0916 0.1456 0.0454 0.1147 0.0389 0.0728 0.0838 0.1009 0.1031 0.2032 
         135  1 0.1053 0.1211 0.0804 0.1246 0.1176 0.0419 0.0560 0.1169 0.1152 0.1210 
         136  1 0.0760 0.1304 0.0373 0.1128 0.0564 0.1311 0.1336 0.0804 0.1220 0.1200 
         137  1 0.1360 0.0890 0.0282 0.0742 0.0342 0.0679 0.3417 0.0621 0.0768 0.0897 
         138  1 0.1031 0.0948 0.0453 0.0920 0.0388 0.0736 0.2932 0.0750 0.0655 0.1187 
         139  1 0.0457 0.0740 0.0628 0.0639 0.1900 0.0400 0.1588 0.0971 0.1901 0.0775 
         140  1 0.1118 0.0995 0.0733 0.0818 0.0760 0.0564 0.2119 0.1071 0.0791 0.1032 
         141  1 0.1467 0.1103 0.0438 0.0814 0.1095 0.0394 0.1131 0.1095 0.1123 0.1341 
         142  1 0.0637 0.1282 0.0705 0.0961 0.1088 0.0424 0.1133 0.1108 0.1068 0.1594 
         143  1 0.1256 0.0925 0.0784 0.1015 0.1175 0.0521 0.0921 0.1126 0.1350 0.0928 
         144  1 0.0621 0.0706 0.1248 0.0933 0.1748 0.1015 0.0658 0.1444 0.0939 0.0689 
         145  1 0.0387 0.1398 0.1613 0.0775 0.0825 0.0736 0.1018 0.1086 0.0829 0.1333 
         146  1 0.0503 0.0306 0.0311 0.0320 0.3889 0.0220 0.0335 0.0655 0.3094 0.0367 
         147  1 0.0447 0.1220 0.0385 0.0857 0.0389 0.0728 0.3727 0.0602 0.0647 0.0999 
         148  1 0.0858 0.0913 0.1031 0.0957 0.1302 0.0661 0.0977 0.1099 0.1204 0.0998 
         149  1 0.0934 0.0899 0.0737 0.1176 0.0884 0.1937 0.0883 0.0900 0.0743 0.0907 
         150  1 0.0626 0.2156 0.0299 0.1658 0.0384 0.0469 0.0702 0.0565 0.1362 0.1778 
         151  1 0.2152 0.0696 0.0729 0.1008 0.1159 0.0550 0.0592 0.1119 0.1256 0.0737 
         152  1 0.1539 0.1394 0.0913 0.0845 0.0896 0.0348 0.0530 0.1214 0.0829 0.1493 
         153  1 0.0464 0.0823 0.1055 0.1850 0.1293 0.0442 0.1839 0.0859 0.0672 0.0704 
         154  1 0.0624 0.0969 0.0349 0.0698 0.0566 0.1873 0.2060 0.1091 0.0758 0.1012 
         155  1 0.0568 0.1538 0.0520 0.1102 0.0819 0.1050 0.0724 0.0860 0.1492 0.1328 
         156  1 0.0421 0.1168 0.0744 0.1291 0.0969 0.1591 0.0702 0.0962 0.1027 0.1124 
         157  1 0.2762 0.0848 0.0666 0.0882 0.0604 0.0713 0.0585 0.0952 0.1004 0.0984 
         158  1 0.0732 0.1025 0.0443 0.0871 0.1106 0.0638 0.1229 0.0795 0.2040 0.1120 
         159  1 0.1008 0.1257 0.0702 0.1287 0.0959 0.0415 0.0901 0.1080 0.0852 0.1539 
         160  1 0.0499 0.0716 0.0281 0.0575 0.0384 0.0474 0.5175 0.0664 0.0518 0.0713 
         161  1 0.0780 0.1149 0.0506 0.0776 0.0832 0.0518 0.0769 0.2237 0.1375 0.1057 
         162  1 0.0572 0.1002 0.1021 0.2218 0.0948 0.0827 0.0830 0.0830 0.0757 0.0995 
         163  1 0.0350 0.0786 0.1201 0.2502 0.1453 0.0305 0.0999 0.0832 0.0613 0.0958 
         164  1 0.1615 0.1033 0.0538 0.1127 0.0537 0.0572 0.1180 0.1153 0.0930 0.1314 
         165  1 0.0814 0.0965 0.1421 0.0942 0.0775 0.0638 0.1537 0.1270 0.0659 0.0980 
         166  1 0.0512 0.0988 0.0442 0.0818 0.1034 0.0369 0.2514 0.0747 0.1671 0.0905 
         167  1 0.0374 0.1358 0.1352 0.1427 0.0620 0.0581 0.0901 0.0994 0.0754 0.1640 
         168  1 0.0974 0.1135 0.0368 0.0889 0.0460 0.0412 0.2967 0.0764 0.0804 0.1227 
         169  1 0.1033 0.0842 0.1050 0.1503 0.1398 0.0489 0.0530 0.1306 0.0749 0.1100 
         170  1 0.1770 0.1158 0.0681 0.1457 0.0751 0.0282 0.0660 0.1120 0.0952 0.1169 
         171  1 0.0742 0.1800 0.0418 0.1170 0.0639 0.0351 0.1199 0.0662 0.1280 0.1739 
         172  1 0.0471 0.1030 0.1303 0.0893 0.1411 0.0542 0.0995 0.1289 0.1017 0.1048 
         173  1 0.1974 0.0835 0.0859 0.1021 0.0989 0.0419 0.1156 0.1141 0.0836 0.0772 
         174  1 0.0480 0.1127 0.1257 0.0789 0.1261 0.0556 0.0825 0.1639 0.0720 0.1346 
         175  1 0.1041 0.1009 0.0848 0.0787 0.1391 0.0690 0.0650 0.1230 0.1247 0.1107 
         176  1 0.0993 0.1158 0.0585 0.0893 0.0686 0.0379 0.1808 0.1186 0.0816 0.1495 
         177  1 0.0547 0.0886 0.1244 0.1846 0.1443 0.0578 0.0528 0.1057 0.1155 0.0716 
         178  1 0.0699 0.0995 0.0970 0.0731 0.1460 0.0355 0.1300 0.1264 0.1278 0.0948 
         179  1 0.0796 0.0760 0.0668 0.0893 0.1463 0.1628 0.0260 0.0747 0.2033 0.0752 
         180  1 0.0611 0.1517 0.0408 0.1109 0.0479 0.1134 0.1319 0.0824 0.0911 0.1689 
         181  1 0.1735 0.0980 0.0603 0.1248 0.0572 0.0699 0.1396 0.1061 0.0728 0.0978 
         182  1 0.0382 0.1928 0.0361 0.1626 0.0362 0.0999 0.0798 0.0480 0.1282 0.1782 
         183  1 0.0727 0.1610 0.0525 0.1089 0.1066 0.0573 0.0545 0.1084 0.1249 0.1533 
         184  1 0.3360 0.0786 0.0758 0.0763 0.0545 0.0943 0.0682 0.0818 0.0648 0.0697 
         185  1 0.0472 0.1256 0.3155 0.0719 0.0662 0.0955 0.0520 0.0816 0.0796 0.0649 
         186  1 0.0352 0.1094 0.1945 0.0637 0.1080 0.1555 0.0491 0.1289 0.0699 0.0859 
         187  1 0.0482 0.1773 0.0778 0.1450 0.0346 0.0678 0.0606 0.0741 0.1066 0.2080 
         188  1 0.0599 0.0833 0.1137 0.1062 0.1731 0.0915 0.0460 0.1242 0.1005 0.1015 
         189  1 0.0665 0.0917 0.1244 0.1374 0.1211 0.1136 0.0724 0.1000 0.0870 0.0860 
         190  1 0.0459 0.0523 0.0876 0.0357 0.2968 0.0345 0.0373 0.0946 0.2728 0.0426 
         191  1 0.0671 0.0819 0.1171 0.1802 0.1612 0.0465 0.0534 0.1112 0.0825 0.0989 
         192  1 0.1632 0.0969 0.0689 0.0860 0.0507 0.1128 0.1424 0.0926 0.0947 0.0918 
         193  1 0.0456 0.1348 0.0815 0.0993 0.1203 0.0587 0.0434 0.0964 0.1457 0.1743 
         194  1 0.1138 0.0972 0.0321 0.0909 0.0436 0.1048 0.2278 0.0701 0.1202 0.0994 
         195  1 0.0638 0.1462 0.0673 0.0566 0.0984 0.0275 0.1677 0.0944 0.1220 0.1562 
         196  1 0.1894 0.0530 0.1287 0.1329 0.1712 0.0555 0.0345 0.1135 0.0689 0.0523 
         197  1 0.0804 0.0569 0.0937 0.0555 0.2452 0.0500 0.0801 0.1250 0.1595 0.0538 
         198  1 0.3287 0.0438 0.0825 0.1208 0.1419 0.0346 0.0401 0.0935 0.0696 0.0445 
         199  1 0.0362 0.0919 0.2458 0.0767 0.0730 0.2759 0.0262 0.0490 0.0534 0.0719 
         200  1 0.0725 0.1207 0.1385 0.1310 0.0874 0.0742 0.0339 0.1078 0.0821 0.1519 
         201  1 0.0510 0.1135 0.1758 0.1183 0.0806 0.1240 0.0413 0.0874 0.0773 0.1308 
         202  1 0.1083 0.1449 0.0459 0.1340 0.0393 0.1152 0.0929 0.0686 0.1130 0.1379 
         203  1 0.0680 0.0638 0.0923 0.1220 0.1772 0.0740 0.0700 0.1770 0.0931 0.0627 
         204  1 0.0494 0.0572 0.1656 0.1580 0.2048 0.0966 0.0288 0.1150 0.0666 0.0581 
         205  1 0.0683 0.0667 0.1096 0.0420 0.0921 0.2606 0.0740 0.1942 0.0432 0.0493 
         206  1 0.0366 0.0937 0.1228 0.0753 0.0502 0.3605 0.0414 0.0619 0.0574 0.1001 
         207  1 0.1063 0.1273 0.0777 0.1035 0.0678 0.0824 0.0763 0.1235 0.0852 0.1498 
         208  1 0.1953 0.1086 0.0447 0.0981 0.0618 0.0721 0.0936 0.0939 0.1189 0.1131 
         209  1 0.0969 0.0770 0.1801 0.1271 0.1383 0.0885 0.0608 0.1064 0.0676 0.0572 
         210  1 0.0747 0.0826 0.1073 0.0785 0.1961 0.0481 0.0637 0.1196 0.1637 0.0658 
         211  1 0.0529 0.0698 0.1176 0.0509 0.2674 0.0628 0.0321 0.1880 0.0966 0.0619 
         212  1 0.0429 0.1597 0.0376 0.1455 0.0326 0.1827 0.0750 0.0530 0.1157 0.1554 
         213  1 0.0742 0.1097 0.1289 0.0721 0.1280 0.0437 0.0676 0.1205 0.1380 0.1172 
         214  1 0.0643 0.0814 0.1517 0.2647 0.1655 0.0252 0.0336 0.0915 0.0611 0.0609 
         215  1 0.0750 0.0717 0.0825 0.0661 0.2320 0.0589 0.0603 0.1414 0.1287 0.0834 
         216  1 0.0462 0.0796 0.0732 0.0551 0.0893 0.0275 0.4091 0.0736 0.0844 0.0621 
         217  1 0.0611 0.0661 0.1217 0.0607 0.2457 0.0451 0.0668 0.1990 0.0649 0.0688 
         218  1 0.0401 0.1358 0.0632 0.0844 0.1165 0.0410 0.1219 0.0946 0.1516 0.1510 
         219  1 0.0278 0.0237 0.2487 0.3273 0.2455 0.0271 0.0162 0.0328 0.0261 0.0248 
         220  1 0.0365 0.1198 0.0820 0.1369 0.0889 0.0856 0.1466 0.0950 0.0795 0.1290 
         221  1 0.0507 0.1007 0.1937 0.0752 0.0677 0.2226 0.0419 0.0749 0.0702 0.1025 
         222  1 0.1052 0.0874 0.0810 0.0923 0.1240 0.0691 0.0882 0.1061 0.1479 0.0987 
         223  1 0.0278 0.0273 0.0751 0.0626 0.3040 0.0686 0.0230 0.0394 0.3480 0.0242 
         224  1 0.0517 0.0855 0.1750 0.1097 0.1096 0.1940 0.0318 0.0883 0.0694 0.0850 
         225  1 0.0796 0.0658 0.1100 0.0749 0.2433 0.0406 0.0379 0.1453 0.1253 0.0775 
         226  1 0.1907 0.1025 0.2090 0.0442 0.1023 0.0838 0.0268 0.1127 0.0743 0.0538 
         227  1 0.2093 0.0888 0.0793 0.1109 0.0905 0.0547 0.0624 0.1292 0.0696 0.1053 
         228  1 0.0423 0.1744 0.0351 0.1547 0.0350 0.1376 0.0829 0.0516 0.1196 0.1666 
         229  1 0.0644 0.1261 0.0845 0.1076 0.0680 0.1339 0.0936 0.1067 0.0889 0.1263 
         230  1 0.0789 0.0653 0.2130 0.1300 0.1732 0.0938 0.0305 0.1112 0.0585 0.0457 
         231  1 0.0402 0.0347 0.2295 0.1950 0.2491 0.0710 0.0261 0.0799 0.0420 0.0325 
         232  1 0.1990 0.0814 0.0780 0.1062 0.0541 0.1598 0.0684 0.0995 0.0639 0.0898 
         233  1 0.0740 0.1253 0.0351 0.1041 0.0501 0.0729 0.2143 0.0893 0.0962 0.1388 
         234  1 0.0410 0.1162 0.1154 0.0938 0.1207 0.0574 0.0761 0.0806 0.2082 0.0906 
         235  1 0.0524 0.1380 0.1122 0.0963 0.1079 0.0884 0.0394 0.1307 0.0764 0.1583 
         236  1 0.0816 0.0877 0.0460 0.0664 0.0531 0.1036 0.3184 0.0746 0.0835 0.0851 
         237  1 0.0552 0.0855 0.0697 0.0812 0.2221 0.0431 0.0563 0.1197 0.1788 0.0883 
         238  1 0.2270 0.0860 0.0553 0.0801 0.0444 0.2357 0.0499 0.0878 0.0501 0.0837 
         239  1 0.0657 0.1052 0.0397 0.0827 0.0370 0.0447 0.3595 0.0811 0.0680 0.1164 
         240  1 0.1626 0.0790 0.0636 0.0735 0.1765 0.0420 0.0436 0.1008 0.1847 0.0737 
         241  1 0.1749 0.0972 0.1199 0.0667 0.0861 0.1680 0.0398 0.0942 0.0931 0.0600 
         242  1 0.1200 0.0669 0.0781 0.1046 0.0748 0.2568 0.0827 0.0856 0.0649 0.0658 
         243  1 0.0606 0.0666 0.0648 0.0552 0.1441 0.2593 0.0432 0.0712 0.1726 0.0623 
         244  1 0.1091 0.1228 0.0569 0.1068 0.0700 0.0298 0.1192 0.1260 0.1136 0.1457 
         245  1 0.1152 0.1219 0.0531 0.1062 0.0719 0.0304 0.1206 0.1240 0.1164 0.1404 
         246  1 0.0897 0.1075 0.0855 0.0861 0.0953 0.1604 0.0536 0.0894 0.1376 0.0949 
         247  1 0.2594 0.0804 0.0727 0.1161 0.0669 0.0867 0.0424 0.1118 0.0623 0.1014 
         248  1 0.1298 0.0768 0.0659 0.1338 0.1397 0.0297 0.0798 0.1175 0.1291 0.0978 
         249  1 0.0927 0.1084 0.1519 0.0942 0.0774 0.1473 0.0514 0.0867 0.0819 0.1080 
         250  1 0.0570 0.0703 0.1628 0.1023 0.2392 0.0318 0.0318 0.1066 0.1347 0.0634 
         251  1 0.0599 0.1449 0.0798 0.0913 0.0761 0.0384 0.1178 0.1381 0.0825 0.1713 
         252  1 0.0525 0.2115 0.0400 0.1259 0.0541 0.0394 0.0370 0.0693 0.1212 0.2489 
         253  1 0.0491 0.2049 0.0402 0.0974 0.0776 0.0341 0.0618 0.0773 0.1122 0.2455 
         254  1 0.0486 0.1214 0.0776 0.1420 0.0758 0.0534 0.1299 0.1056 0.0976 0.1480 
         255  1 0.0865 0.1015 0.0818 0.0974 0.0771 0.1383 0.1120 0.1142 0.0810 0.1101 
         256  1 0.4008 0.0660 0.0809 0.0896 0.0664 0.0619 0.0442 0.0765 0.0576 0.0563 
         257  1 0.0570 0.0730 0.1245 0.0836 0.1114 0.2731 0.0347 0.0873 0.0935 0.0619 
         258  1 0.0406 0.0807 0.0373 0.0644 0.0439 0.0850 0.4417 0.0784 0.0557 0.0723 
         259  1 0.0196 0.0424 0.0519 0.0356 0.3542 0.0291 0.0342 0.0805 0.3029 0.0497 
         260  1 0.0840 0.1075 0.0913 0.0827 0.1024 0.0334 0.1911 0.1150 0.0872 0.1055 
         261  1 0.0707 0.1217 0.0742 0.0825 0.0728 0.0482 0.2077 0.1364 0.0654 0.1204 
         262  1 0.1637 0.1145 0.0566 0.1383 0.0597 0.0902 0.0470 0.0905 0.1228 0.1167 
         263  1 0.1871 0.1284 0.0343 0.1058 0.0497 0.1200 0.0564 0.0650 0.1463 0.1070 
         264  1 0.1119 0.0914 0.0477 0.1019 0.0784 0.0378 0.2276 0.1122 0.0920 0.0991 
         265  1 0.1742 0.0586 0.0851 0.2044 0.1183 0.0823 0.0482 0.0957 0.0641 0.0691 
         266  1 0.0476 0.1185 0.2777 0.0588 0.0971 0.0352 0.0545 0.1375 0.1083 0.0648 
         267  1 0.1219 0.1038 0.1265 0.0849 0.0655 0.1502 0.0698 0.0955 0.0804 0.1016 
         268  1 0.1026 0.0876 0.0374 0.0634 0.1474 0.0660 0.1060 0.0866 0.2153 0.0877 
         269  1 0.0395 0.1311 0.1209 0.1870 0.0826 0.0632 0.0444 0.0812 0.0880 0.1620 
         270  1 0.0688 0.0602 0.1747 0.1021 0.1977 0.1024 0.0395 0.1439 0.0580 0.0526 
         271  1 0.0685 0.0882 0.1247 0.1397 0.1092 0.1260 0.0738 0.0975 0.0836 0.0886 
         272  1 0.1635 0.0716 0.0619 0.0769 0.1396 0.0771 0.0944 0.1253 0.1039 0.0857 
         273  1 0.0543 0.0872 0.1400 0.0911 0.0814 0.1037 0.0784 0.1935 0.0636 0.1068 
         274  1 0.0419 0.0773 0.0379 0.0720 0.0383 0.4946 0.0561 0.0531 0.0674 0.0615 
         275  1 0.1128 0.0661 0.0714 0.0627 0.2006 0.0666 0.0593 0.1623 0.1137 0.0845 
         276  1 0.3059 0.0966 0.0500 0.0764 0.0502 0.0295 0.1151 0.0925 0.0742 0.1097 
         277  1 0.0602 0.1234 0.2504 0.0730 0.1102 0.0810 0.0302 0.1104 0.1002 0.0609 
         278  1 0.2461 0.0933 0.0699 0.0989 0.0950 0.0486 0.0471 0.1014 0.0938 0.1059 
         279  1 0.0905 0.0946 0.0746 0.1301 0.0650 0.1627 0.1537 0.1003 0.0550 0.0735 
         280  1 0.0915 0.0377 0.1735 0.2880 0.2105 0.0354 0.0296 0.0535 0.0392 0.0411 
         281  1 0.1527 0.0629 0.1252 0.1498 0.1497 0.0852 0.0391 0.1034 0.0674 0.0645 
         282  1 0.5568 0.0475 0.0550 0.0409 0.0459 0.0391 0.0611 0.0612 0.0531 0.0394 
         283  1 0.0700 0.1233 0.0357 0.1025 0.0395 0.1845 0.1424 0.0730 0.1020 0.1270 
         284  1 0.1472 0.1082 0.1088 0.1073 0.0519 0.0392 0.0454 0.2011 0.0688 0.1220 
         285  1 0.0306 0.1456 0.1067 0.1183 0.0523 0.1529 0.0722 0.0673 0.0930 0.1611 
         286  1 0.2245 0.1110 0.0917 0.0716 0.0551 0.0336 0.1435 0.0900 0.0804 0.0988 
         287  1 0.3818 0.0643 0.0290 0.0677 0.0609 0.0336 0.0411 0.1284 0.1196 0.0737 
         288  1 0.0712 0.0792 0.1700 0.1324 0.1431 0.0974 0.0636 0.0989 0.0714 0.0727 
         289  1 0.0429 0.1140 0.0552 0.1102 0.0333 0.0666 0.2993 0.0908 0.0611 0.1265 
         290  1 0.0536 0.1654 0.0611 0.1373 0.0761 0.0471 0.0396 0.0929 0.1061 0.2208 
         291  1 0.1998 0.0765 0.0571 0.0891 0.0950 0.1123 0.1047 0.0984 0.0867 0.0803 
         292  1 0.0836 0.1011 0.0924 0.1071 0.0911 0.1003 0.1207 0.1004 0.0992 0.1041 
         293  1 0.0550 0.1208 0.0527 0.1212 0.0619 0.1561 0.0862 0.0914 0.1005 0.1541 
         294  1 0.0858 0.1265 0.1280 0.1083 0.0694 0.0575 0.0630 0.1149 0.0737 0.1730 
         295  1 0.0637 0.1063 0.0950 0.0738 0.0328 0.2141 0.1785 0.0820 0.0600 0.0940 
         296  1 0.0559 0.0727 0.1171 0.2382 0.1512 0.0512 0.0784 0.0863 0.0624 0.0866 
         297  1 0.0373 0.1153 0.0701 0.0839 0.0550 0.0516 0.3170 0.0991 0.0634 0.1072 
         298  1 0.0661 0.1123 0.0663 0.1105 0.0751 0.0409 0.1722 0.1105 0.1095 0.1368 
         299  1 0.0548 0.1045 0.0477 0.0989 0.0716 0.2064 0.1116 0.0821 0.0945 0.1279 
         300  1 0.0448 0.0762 0.0845 0.0734 0.1729 0.0831 0.0858 0.0915 0.2190 0.0687 
         301  1 0.2025 0.0950 0.0876 0.1142 0.0745 0.0734 0.0674 0.1108 0.0810 0.0935 
         302  1 0.0319 0.0513 0.0535 0.0329 0.3100 0.0393 0.0277 0.0453 0.3621 0.0460 
         303  1 0.0942 0.1298 0.1028 0.1139 0.0573 0.0865 0.0703 0.0984 0.1026 0.1441 
         304  1 0.1242 0.1117 0.1308 0.0915 0.1307 0.0465 0.0388 0.1040 0.1256 0.0962 
         305  1 0.0714 0.1072 0.1203 0.0970 0.1090 0.0659 0.0668 0.1567 0.0772 0.1286 
         306  1 0.3052 0.0889 0.1026 0.0836 0.1071 0.0305 0.0273 0.1107 0.0597 0.0842 
         307  1 0.0883 0.0994 0.0756 0.0758 0.0891 0.0645 0.1919 0.1427 0.0749 0.0978 
         308  1 0.0667 0.1051 0.0483 0.0912 0.0584 0.0443 0.3387 0.0816 0.0731 0.0927 
         309  1 0.0595 0.1180 0.0951 0.1064 0.0573 0.0927 0.2345 0.0846 0.0634 0.0886 
         310  1 0.1172 0.1221 0.0484 0.1028 0.0423 0.0921 0.1615 0.0817 0.1063 0.1255 
         311  1 0.0880 0.1090 0.0511 0.0933 0.0564 0.1036 0.1937 0.0835 0.1059 0.1155 
         312  1 0.1347 0.1457 0.1824 0.0666 0.0480 0.0930 0.0372 0.1013 0.0778 0.1134 
         313  1 0.0414 0.0998 0.0507 0.0780 0.0436 0.3084 0.1489 0.0716 0.0583 0.0993 
         314  1 0.0518 0.1405 0.3054 0.0826 0.0516 0.0954 0.0621 0.0641 0.0846 0.0619 
         315  1 0.0999 0.1181 0.0490 0.1198 0.0578 0.0928 0.0901 0.1097 0.1059 0.1569 
         316  1 0.0523 0.0851 0.0270 0.0580 0.0655 0.0346 0.4356 0.0659 0.0781 0.0979 
         317  1 0.1210 0.0861 0.0528 0.1032 0.0978 0.0711 0.1228 0.1151 0.1192 0.1108 
         318  1 0.0483 0.1083 0.0627 0.0855 0.0428 0.0469 0.3502 0.0750 0.0680 0.1123 
         319  1 0.1403 0.1352 0.1255 0.1134 0.0764 0.0298 0.0408 0.1191 0.0711 0.1483 
         320  1 0.1202 0.0897 0.0689 0.0885 0.1121 0.0927 0.1114 0.0957 0.1297 0.0911 
         321  1 0.0417 0.0858 0.0760 0.0713 0.1438 0.1482 0.0912 0.1059 0.1464 0.0895 
         322  1 0.0540 0.1418 0.3055 0.0525 0.0618 0.0448 0.1031 0.0842 0.0963 0.0558 
         323  1 0.0265 0.1539 0.3605 0.0421 0.0740 0.0623 0.0354 0.0920 0.0800 0.0733 
         324  1 0.0396 0.1010 0.1131 0.0747 0.1779 0.0510 0.0449 0.0884 0.2115 0.0979 
         325  1 0.1030 0.1623 0.0477 0.0906 0.0481 0.0459 0.1367 0.1005 0.0877 0.1776 
         326  1 0.0791 0.0957 0.1444 0.0892 0.1280 0.0829 0.0553 0.1062 0.1258 0.0932 
         327  1 0.1109 0.0833 0.0890 0.0887 0.1054 0.1787 0.0559 0.1048 0.1018 0.0814 
         328  1 0.1820 0.0501 0.0547 0.0464 0.0520 0.3950 0.0479 0.0713 0.0540 0.0466 
         329  1 0.0515 0.0776 0.0579 0.1128 0.0665 0.0795 0.3383 0.0686 0.0660 0.0814 
         330  1 0.1759 0.1053 0.0445 0.0853 0.0342 0.0857 0.2051 0.0734 0.0798 0.1107 
         331  1 0.1010 0.1261 0.0408 0.1182 0.0923 0.0387 0.0940 0.1150 0.1150 0.1589 
         332  1 0.0726 0.0955 0.0607 0.0819 0.0689 0.0592 0.2854 0.0889 0.1062 0.0808 
         333  1 0.0620 0.1109 0.0699 0.0949 0.1637 0.0627 0.0502 0.1130 0.1725 0.1002 
         334  1 0.0726 0.1121 0.1353 0.0771 0.0520 0.1310 0.1560 0.0932 0.0704 0.1002 
         335  1 0.0695 0.1269 0.1857 0.0857 0.0488 0.1129 0.1155 0.0805 0.0813 0.0931 
         336  1 0.0773 0.0970 0.0694 0.0993 0.0623 0.1450 0.1567 0.1117 0.0747 0.1066 
         337  1 0.0518 0.1544 0.0866 0.1044 0.0710 0.0506 0.0763 0.1327 0.0856 0.1866 
         338  1 0.2544 0.0929 0.1178 0.0693 0.0478 0.1705 0.0438 0.0844 0.0630 0.0561 
         339  1 0.1302 0.0626 0.0892 0.0592 0.1299 0.1343 0.1187 0.1541 0.0660 0.0559 
         340  1 0.0489 0.1291 0.1323 0.1122 0.0944 0.0677 0.0679 0.1172 0.0839 0.1463 
         341  1 0.0504 0.1051 0.1830 0.1029 0.0671 0.0515 0.0755 0.1567 0.0954 0.1124 
         342  1 0.0967 0.1127 0.0614 0.1286 0.0728 0.0478 0.0998 0.1341 0.0982 0.1481 
         343  1 0.0476 0.0782 0.0427 0.0626 0.0757 0.3595 0.0677 0.0570 0.1388 0.0703 
         344  1 0.0939 0.1479 0.0283 0.1203 0.0427 0.0654 0.1281 0.0715 0.1395 0.1625 
         345  1 0.1405 0.0776 0.1018 0.0728 0.0511 0.2703 0.0763 0.0845 0.0608 0.0643 
         346  1 0.0512 0.1304 0.1308 0.1525 0.0695 0.0478 0.0683 0.1019 0.0979 0.1497 
         347  1 0.1031 0.0776 0.0833 0.0592 0.0473 0.2877 0.1342 0.0662 0.0852 0.0560 
         348  1 0.1549 0.0871 0.0441 0.0904 0.0777 0.0929 0.1316 0.1052 0.1086 0.1075 
         349  1 0.1150 0.0955 0.0728 0.1178 0.0915 0.0758 0.1103 0.1066 0.0954 0.1193 
         350  1 0.1530 0.1249 0.1663 0.0795 0.0514 0.0767 0.0653 0.1049 0.0789 0.0991 
         351  1 0.0706 0.0983 0.1277 0.0956 0.1049 0.1261 0.0803 0.1007 0.1030 0.0927 
         352  1 0.0610 0.0957 0.0723 0.0895 0.0723 0.0604 0.2497 0.0979 0.0976 0.1038 
         353  1 0.0973 0.0653 0.1138 0.1435 0.1439 0.0976 0.1234 0.0984 0.0514 0.0656 
         354  1 0.0811 0.0518 0.0962 0.0878 0.2293 0.0942 0.0515 0.1472 0.0975 0.0632 
         355  1 0.1236 0.1077 0.0531 0.0802 0.0441 0.0590 0.2474 0.0957 0.0652 0.1240 
         356  1 0.1028 0.1003 0.1887 0.0933 0.0912 0.1357 0.0397 0.0966 0.0747 0.0771 
         357  1 0.0748 0.1120 0.2013 0.0868 0.1103 0.0649 0.0671 0.0870 0.1231 0.0729 
         358  1 0.0444 0.1473 0.0596 0.1421 0.0474 0.0982 0.1332 0.0793 0.0744 0.1740 
         359  1 0.0291 0.1471 0.3963 0.0537 0.0658 0.0521 0.0428 0.0661 0.0856 0.0614 
         360  1 0.0894 0.0848 0.0651 0.0727 0.1075 0.1641 0.1097 0.0880 0.1411 0.0776 
         361  1 0.1035 0.0945 0.0408 0.0741 0.0982 0.0367 0.2232 0.0849 0.1495 0.0946 
         362  1 0.0729 0.1194 0.2234 0.0603 0.1111 0.1017 0.0372 0.0751 0.1473 0.0517 
         363  1 0.0817 0.0478 0.0973 0.0751 0.2459 0.0943 0.0452 0.1494 0.1018 0.0615 
         364  1 0.1053 0.0946 0.1244 0.1030 0.0932 0.1623 0.0526 0.0879 0.0898 0.0869 
         365  1 0.0335 0.1273 0.0681 0.1204 0.0849 0.1926 0.0375 0.0750 0.1021 0.1587 
         366  1 0.0385 0.1349 0.0918 0.1290 0.0660 0.0920 0.0841 0.1067 0.0870 0.1699 
         367  1 0.0637 0.0854 0.0898 0.1027 0.1080 0.1043 0.1566 0.1276 0.0738 0.0881 
         368  1 0.1062 0.0914 0.0994 0.1167 0.0957 0.0795 0.0979 0.1129 0.0999 0.1003 
         369  1 0.0383 0.0445 0.0604 0.0452 0.0577 0.5872 0.0331 0.0522 0.0447 0.0366 
         370  1 0.0556 0.0682 0.0557 0.0845 0.1651 0.0325 0.2299 0.0974 0.1383 0.0729 
         371  1 0.0676 0.0742 0.0701 0.0581 0.1218 0.2057 0.1184 0.1010 0.1219 0.0612 
         372  1 0.0829 0.1264 0.0611 0.0979 0.0553 0.0645 0.1929 0.1166 0.0757 0.1268 
         373  1 0.0721 0.1029 0.0758 0.1134 0.0780 0.0901 0.1640 0.0924 0.1064 0.1049 
         374  1 0.0845 0.0900 0.0656 0.1200 0.0732 0.1054 0.1869 0.0909 0.0818 0.1017 
         375  1 0.0380 0.1212 0.1176 0.1224 0.0721 0.2165 0.0388 0.0685 0.0727 0.1322 
         376  1 0.2580 0.0860 0.0661 0.0856 0.0511 0.0928 0.1216 0.0838 0.0716 0.0834 
         377  1 0.0642 0.0918 0.1107 0.0984 0.0836 0.2368 0.0576 0.0826 0.0763 0.0981 
         378  1 0.0772 0.1068 0.1112 0.0852 0.0685 0.1593 0.1061 0.1161 0.0657 0.1040 
         379  1 0.1887 0.0649 0.0935 0.0898 0.1203 0.1705 0.0356 0.0984 0.0776 0.0607 
         380  1 0.1220 0.1623 0.0312 0.1551 0.0386 0.0710 0.0843 0.0553 0.1263 0.1538 
         381  1 0.0785 0.1175 0.1500 0.0874 0.0944 0.0659 0.0928 0.1175 0.0941 0.1019 
         382  1 0.0513 0.1116 0.0626 0.0877 0.0985 0.0523 0.1961 0.1112 0.0927 0.1360 
         383  1 0.1164 0.1787 0.1034 0.0626 0.0333 0.0517 0.0635 0.1159 0.0685 0.2062 
         384  1 0.0885 0.1595 0.0683 0.1475 0.0588 0.0402 0.0473 0.0861 0.0887 0.2151 
         385  1 0.0811 0.1269 0.2902 0.0761 0.0892 0.0388 0.0631 0.0810 0.0963 0.0572 
         386  1 0.0473 0.0593 0.0549 0.0538 0.2720 0.0414 0.0591 0.0612 0.2944 0.0566 
         387  1 0.2494 0.1314 0.0668 0.0948 0.0585 0.0439 0.0417 0.0794 0.1127 0.1213 
         388  1 0.0580 0.0844 0.0906 0.0807 0.1422 0.1197 0.0851 0.0871 0.1670 0.0853 
         389  1 0.0763 0.0816 0.0655 0.0768 0.1349 0.0537 0.1915 0.0854 0.1627 0.0716 
         390  1 0.1463 0.1070 0.0843 0.0821 0.0865 0.1034 0.0840 0.1121 0.0966 0.0977 
         391  1 0.0512 0.0921 0.1656 0.0827 0.1224 0.1765 0.0529 0.0953 0.1008 0.0605 
         392  1 0.1035 0.1169 0.0699 0.0893 0.0688 0.0734 0.1542 0.1117 0.0859 0.1264 
         393  1 0.0598 0.1833 0.0552 0.1708 0.0475 0.0621 0.0440 0.0612 0.1275 0.1887 
         394  1 0.0613 0.0993 0.0799 0.0850 0.1123 0.0988 0.1334 0.1500 0.0664 0.1136 
         395  1 0.0900 0.0820 0.0859 0.0747 0.1839 0.0640 0.0726 0.0948 0.1753 0.0769 
         396  1 0.0714 0.1078 0.1214 0.0879 0.0990 0.0850 0.1213 0.1028 0.1099 0.0934 
         397  1 0.0699 0.1076 0.1552 0.1340 0.0779 0.1056 0.0798 0.0991 0.0747 0.0962 
         398  1 0.1929 0.0762 0.0870 0.1361 0.0980 0.0846 0.0607 0.0900 0.1074 0.0669 
         399  1 0.1439 0.0817 0.0538 0.0868 0.0686 0.0797 0.2209 0.1017 0.0718 0.0912 
         400  1 0.2231 0.0937 0.0618 0.0808 0.0322 0.1964 0.0858 0.0703 0.0627 0.0932 
         401  1 0.1019 0.0876 0.0626 0.0703 0.1366 0.0534 0.1564 0.1116 0.1395 0.0800 
         402  1 0.0527 0.1015 0.0767 0.1097 0.0757 0.0631 0.1946 0.1092 0.0906 0.1264 
         403  1 0.0538 0.0861 0.1131 0.0872 0.1587 0.1091 0.0512 0.1009 0.1604 0.0796 
         404  1 0.0840 0.0858 0.1052 0.1048 0.0743 0.2367 0.0736 0.0816 0.0727 0.0813 
         405  1 0.0536 0.0825 0.0988 0.1004 0.2186 0.0556 0.0560 0.1032 0.1461 0.0852 
         406  1 0.0451 0.1454 0.0405 0.1581 0.0600 0.0488 0.0916 0.0910 0.1092 0.2104 
         407  1 0.0874 0.1000 0.1057 0.1436 0.1008 0.0602 0.0883 0.1086 0.0994 0.1060 
         408  1 0.2100 0.0928 0.0446 0.1073 0.0741 0.0390 0.1156 0.1070 0.0964 0.1133 
         409  1 0.2897 0.0923 0.0318 0.0736 0.0420 0.0393 0.1636 0.0899 0.0680 0.1098 
         410  1 0.3428 0.0709 0.0796 0.0864 0.0570 0.0790 0.0560 0.0986 0.0509 0.0787 
         411  1 0.1275 0.0885 0.0535 0.0977 0.0520 0.1132 0.1708 0.0984 0.0753 0.1230 
         412  1 0.0390 0.0816 0.0962 0.0613 0.2368 0.0569 0.0463 0.0897 0.2173 0.0751 
         413  1 0.0787 0.1321 0.0462 0.0773 0.0483 0.0570 0.2188 0.0995 0.0788 0.1633 
         414  1 0.0318 0.1216 0.1249 0.0910 0.1178 0.1536 0.0494 0.1332 0.0683 0.1084 
         415  1 0.0533 0.0993 0.0785 0.1117 0.1597 0.0539 0.0540 0.1270 0.1524 0.1103 
         416  1 0.0776 0.0543 0.1075 0.0852 0.1994 0.1344 0.0557 0.1253 0.1053 0.0553 
         417  1 0.0856 0.1115 0.0915 0.1035 0.0702 0.0600 0.1392 0.1191 0.0984 0.1210 
         418  1 0.0700 0.1856 0.0551 0.1384 0.0642 0.0433 0.0459 0.0667 0.1612 0.1696 
         419  1 0.1037 0.0859 0.0793 0.0922 0.1015 0.1768 0.0876 0.0969 0.1013 0.0748 
         420  1 0.0702 0.0986 0.0796 0.0951 0.0785 0.1522 0.1300 0.1263 0.0795 0.0900 
         421  1 0.1672 0.1171 0.1662 0.0809 0.0859 0.0572 0.0400 0.1256 0.0839 0.0760 
         422  1 0.1017 0.0657 0.1187 0.2188 0.1419 0.0750 0.0762 0.0702 0.0478 0.0839 
         423  1 0.1343 0.0890 0.0939 0.1794 0.1098 0.0561 0.0498 0.1047 0.0789 0.1042 
         424  1 0.1024 0.1286 0.1154 0.1569 0.0497 0.0357 0.0512 0.1109 0.0950 0.1542 
         425  1 0.0368 0.1601 0.0793 0.1367 0.0546 0.1017 0.1110 0.0751 0.0865 0.1582 
         426  1 0.0525 0.0419 0.1077 0.0735 0.3141 0.0389 0.0476 0.1328 0.1336 0.0575 
         427  1 0.0919 0.0859 0.0667 0.1181 0.0759 0.1941 0.1098 0.0825 0.0804 0.0948 
         428  1 0.0600 0.0985 0.1434 0.0919 0.0899 0.1459 0.0990 0.0952 0.0954 0.0808 
         429  1 0.1368 0.0969 0.0909 0.0800 0.1081 0.0632 0.0909 0.0986 0.1381 0.0964 
         430  1 0.0697 0.0619 0.0989 0.1125 0.1075 0.2693 0.0551 0.0893 0.0712 0.0646 
         431  1 0.1132 0.0972 0.0452 0.0868 0.0518 0.0583 0.2747 0.0885 0.0819 0.1025 
         432  1 0.0461 0.0671 0.1392 0.1308 0.1141 0.2759 0.0388 0.0718 0.0646 0.0515 
         433  1 0.0729 0.1091 0.1341 0.0895 0.0998 0.1166 0.0591 0.0969 0.1369 0.0852 
         434  1 0.0654 0.1041 0.1542 0.0669 0.0954 0.1222 0.1036 0.1012 0.1098 0.0771 
         435  1 0.0579 0.1207 0.0549 0.0991 0.0663 0.0982 0.1943 0.1037 0.0824 0.1226 
         436  1 0.1666 0.0759 0.1134 0.1267 0.1301 0.0558 0.0668 0.1238 0.0544 0.0864 
         437  1 0.0438 0.1097 0.0679 0.1056 0.0940 0.2099 0.0517 0.0715 0.1350 0.1110 
         438  1 0.0611 0.1635 0.0673 0.1106 0.0750 0.0478 0.0705 0.0792 0.1551 0.1698 
         439  1 0.0995 0.0966 0.0881 0.0948 0.0855 0.0401 0.1852 0.1089 0.1010 0.1002 
         440  1 0.2027 0.0915 0.0474 0.0823 0.1343 0.0543 0.0543 0.0744 0.1762 0.0825 
         441  1 0.2357 0.0911 0.0563 0.0977 0.0871 0.0320 0.1131 0.1037 0.0822 0.1011 
         442  1 0.2325 0.1163 0.0478 0.0781 0.0373 0.0594 0.1394 0.0777 0.0816 0.1300 
         443  1 0.0722 0.0590 0.0570 0.0552 0.0612 0.4542 0.0569 0.0751 0.0491 0.0601 
         444  1 0.0484 0.1085 0.1813 0.1579 0.1085 0.0828 0.0708 0.0896 0.0766 0.0756 
         445  1 0.1507 0.1193 0.0670 0.1148 0.0738 0.1016 0.0425 0.0793 0.1305 0.1205 
         446  1 0.0765 0.1209 0.1659 0.0915 0.0634 0.1025 0.1119 0.0894 0.0889 0.0893 
         447  1 0.0903 0.0854 0.0481 0.1061 0.1415 0.0875 0.0387 0.0722 0.2431 0.0871 
         448  1 0.1340 0.0862 0.0679 0.0921 0.0664 0.1101 0.1771 0.1011 0.0793 0.0858 
         449  1 0.0485 0.1959 0.0332 0.1058 0.0726 0.0567 0.0623 0.0630 0.1646 0.1975 
         450  1 0.0974 0.0916 0.1090 0.1093 0.1076 0.1006 0.0750 0.1160 0.1088 0.0848 
         451  1 0.0692 0.1211 0.0621 0.0759 0.0521 0.0405 0.2787 0.1059 0.0693 0.1251 
         452  1 0.0861 0.0888 0.1772 0.0979 0.0923 0.1845 0.0539 0.0917 0.0691 0.0585 
         453  1 0.0611 0.1289 0.1984 0.0726 0.1066 0.0450 0.0966 0.1124 0.0844 0.0941 
         454  1 0.0674 0.0911 0.1164 0.1256 0.1524 0.0503 0.0957 0.1095 0.1033 0.0885 
         455  1 0.0399 0.1184 0.1823 0.0796 0.1031 0.0794 0.0904 0.0911 0.1248 0.0910 
         456  1 0.0690 0.0920 0.1654 0.0595 0.0860 0.2429 0.0570 0.1035 0.0647 0.0600 
         457  1 0.0473 0.0629 0.1144 0.0791 0.2876 0.0278 0.0330 0.1255 0.1588 0.0635 
         458  1 0.0309 0.1575 0.0753 0.1167 0.0711 0.0479 0.1705 0.0921 0.0828 0.1553 
         459  1 0.0662 0.0617 0.0467 0.0688 0.2271 0.0398 0.0514 0.0627 0.3144 0.0612 
