           1  1 0.1307 0.1189 0.2126 0.2058 0.0429 0.1415 0.0914 0.0561 
           2  1 0.0850 0.1931 0.0557 0.0649 0.0529 0.0850 0.3334 0.1300 
           3  1 0.1205 0.0825 0.0538 0.0494 0.2805 0.2018 0.1598 0.0516 
           4  1 0.1212 0.0690 0.0539 0.3341 0.1354 0.1501 0.0754 0.0609 
           5  1 0.1261 0.0768 0.0830 0.1586 0.1977 0.1570 0.0938 0.1068 
           6  1 0.1333 0.0837 0.1343 0.1103 0.1495 0.1298 0.1026 0.1565 
           7  1 0.0836 0.0901 0.0421 0.0681 0.0801 0.0948 0.0680 0.4732 
           8  1 0.1357 0.0812 0.0798 0.1855 0.0780 0.1501 0.0986 0.1912 
           9  1 0.1574 0.0914 0.1006 0.1369 0.1053 0.1807 0.1503 0.0774 
          10  1 0.1191 0.3016 0.0787 0.1669 0.0769 0.0666 0.1148 0.0753 
          11  1 0.1281 0.1024 0.0525 0.1206 0.2667 0.1251 0.1237 0.0810 
          12  1 0.1571 0.1239 0.0597 0.1472 0.2064 0.1023 0.1658 0.0377 
          13  1 0.1202 0.0869 0.1942 0.1080 0.1848 0.1341 0.0927 0.0790 
          14  1 0.1436 0.0555 0.0523 0.1347 0.0802 0.2916 0.1601 0.0820 
          15  1 0.0900 0.0565 0.0460 0.1393 0.1911 0.2920 0.1348 0.0503 
          16  1 0.1432 0.0785 0.1100 0.1251 0.1386 0.1352 0.1237 0.1456 
          17  1 0.1106 0.0720 0.3659 0.1052 0.0752 0.0843 0.0839 0.1028 
          18  1 0.3872 0.0704 0.0487 0.0838 0.1366 0.0911 0.0760 0.1063 
          19  1 0.1267 0.1456 0.1233 0.0857 0.1939 0.0670 0.1107 0.1470 
          20  1 0.1445 0.0922 0.0951 0.1074 0.0893 0.1406 0.1164 0.2145 
          21  1 0.1374 0.0782 0.1268 0.1151 0.1929 0.1003 0.0910 0.1582 
          22  1 0.1548 0.1389 0.0584 0.1244 0.0824 0.1582 0.1831 0.0999 
          23  1 0.1373 0.1275 0.1071 0.1250 0.1872 0.1139 0.1177 0.0844 
          24  1 0.1115 0.1115 0.2570 0.0832 0.0984 0.0653 0.1230 0.1500 
          25  1 0.1182 0.0709 0.1347 0.0864 0.1307 0.1047 0.0779 0.2765 
          26  1 0.1250 0.1212 0.0754 0.1317 0.2583 0.1248 0.1046 0.0590 
          27  1 0.0752 0.2990 0.0816 0.1213 0.0402 0.0483 0.1072 0.2273 
          28  1 0.3289 0.0500 0.0364 0.0482 0.0547 0.2604 0.1550 0.0664 
          29  1 0.0716 0.3960 0.0902 0.2331 0.0521 0.0566 0.0454 0.0549 
          30  1 0.1133 0.0409 0.1055 0.1247 0.3023 0.1732 0.0838 0.0562 
          31  1 0.1048 0.0912 0.1287 0.1000 0.0886 0.0708 0.0709 0.3450 
          32  1 0.1065 0.0986 0.0773 0.1197 0.3335 0.1046 0.0738 0.0860 
          33  1 0.1334 0.0706 0.2034 0.0830 0.0525 0.2285 0.1559 0.0726 
          34  1 0.1429 0.0926 0.1412 0.1394 0.0867 0.1375 0.1031 0.1567 
          35  1 0.1095 0.0762 0.1035 0.0953 0.3362 0.1254 0.1007 0.0532 
          36  1 0.1091 0.0933 0.0592 0.1301 0.3298 0.1417 0.0739 0.0629 
          37  1 0.1084 0.1662 0.0585 0.1069 0.0924 0.0705 0.1035 0.2936 
          38  1 0.0855 0.3191 0.0520 0.2585 0.0447 0.0795 0.0954 0.0652 
          39  1 0.0991 0.0931 0.1552 0.1497 0.0748 0.2674 0.1264 0.0343 
          40  1 0.1359 0.0876 0.2329 0.1101 0.1108 0.1151 0.1227 0.0849 
          41  1 0.0946 0.1921 0.0362 0.1324 0.2655 0.1116 0.0920 0.0756 
          42  1 0.1865 0.1167 0.1920 0.1111 0.0876 0.0784 0.0942 0.1334 
          43  1 0.0942 0.2041 0.0566 0.0842 0.1014 0.0739 0.3538 0.0317 
          44  1 0.1213 0.1380 0.1698 0.0872 0.1314 0.1492 0.1473 0.0559 
          45  1 0.1091 0.0689 0.3533 0.1053 0.0798 0.1240 0.0980 0.0616 
          46  1 0.3098 0.1290 0.0866 0.0390 0.0403 0.0583 0.2430 0.0941 
          47  1 0.1262 0.0875 0.1207 0.1007 0.3123 0.1091 0.0506 0.0931 
          48  1 0.1586 0.1574 0.0575 0.1786 0.1434 0.0724 0.0861 0.1459 
          49  1 0.1985 0.0881 0.1484 0.1062 0.1349 0.1508 0.1140 0.0590 
          50  1 0.1503 0.1103 0.0548 0.1225 0.0903 0.1877 0.1726 0.1117 
          51  1 0.0685 0.0398 0.5680 0.0471 0.1314 0.0411 0.0389 0.0652 
          52  1 0.1308 0.0686 0.3470 0.0715 0.0588 0.1010 0.0707 0.1515 
          53  1 0.1637 0.0722 0.1636 0.1012 0.1265 0.1942 0.1004 0.0782 
          54  1 0.0889 0.1310 0.2182 0.1101 0.0812 0.0613 0.0536 0.2557 
          55  1 0.0713 0.0858 0.1122 0.0596 0.0470 0.0516 0.0788 0.4939 
          56  1 0.2941 0.1199 0.1138 0.0806 0.0885 0.0489 0.1970 0.0571 
          57  1 0.0648 0.0716 0.4736 0.0336 0.0451 0.0315 0.1286 0.1512 
          58  1 0.1319 0.1305 0.0970 0.0926 0.1003 0.1128 0.1081 0.2268 
          59  1 0.0956 0.0367 0.2436 0.0613 0.0754 0.2444 0.1365 0.1066 
          60  1 0.1514 0.1153 0.0690 0.1233 0.1131 0.1818 0.1598 0.0862 
          61  1 0.1122 0.2026 0.0744 0.1436 0.0837 0.1602 0.1040 0.1193 
          62  1 0.1407 0.0772 0.0772 0.3013 0.0939 0.1926 0.0797 0.0373 
          63  1 0.0987 0.0872 0.0700 0.0686 0.4396 0.0642 0.0861 0.0857 
          64  1 0.1425 0.0810 0.1326 0.1213 0.2352 0.0912 0.0862 0.1101 
          65  1 0.1337 0.1059 0.1012 0.0781 0.0646 0.0848 0.1292 0.3027 
          66  1 0.1002 0.2709 0.0471 0.1256 0.0592 0.0859 0.1873 0.1239 
          67  1 0.1486 0.0897 0.0534 0.1273 0.2071 0.2030 0.1236 0.0473 
          68  1 0.1336 0.1292 0.0529 0.1885 0.0757 0.1824 0.0975 0.1402 
          69  1 0.1238 0.1894 0.0362 0.1451 0.0782 0.0834 0.1862 0.1577 
          70  1 0.1505 0.1190 0.0787 0.1246 0.1500 0.1243 0.1547 0.0980 
          71  1 0.0907 0.1153 0.1111 0.0479 0.0436 0.0626 0.2056 0.3231 
          72  1 0.1013 0.0566 0.3082 0.0333 0.1005 0.0743 0.1104 0.2153 
          73  1 0.0881 0.3697 0.0546 0.1904 0.0532 0.0844 0.0900 0.0695 
          74  1 0.1743 0.0986 0.1302 0.1124 0.1479 0.0953 0.1524 0.0890 
          75  1 0.1258 0.1701 0.0323 0.0836 0.0479 0.2955 0.1765 0.0684 
          76  1 0.1254 0.0943 0.0537 0.3410 0.0762 0.1645 0.0742 0.0707 
          77  1 0.0717 0.1674 0.0292 0.0662 0.0407 0.2246 0.3624 0.0379 
          78  1 0.1482 0.1080 0.1602 0.1263 0.2276 0.0949 0.0645 0.0704 
          79  1 0.1114 0.2103 0.0504 0.1201 0.2561 0.0749 0.0610 0.1158 
          80  1 0.0927 0.0493 0.0590 0.0747 0.4569 0.1402 0.0643 0.0630 
          81  1 0.1923 0.0638 0.0522 0.1378 0.0804 0.2155 0.1333 0.1248 
          82  1 0.1639 0.0546 0.3111 0.1316 0.0705 0.1125 0.0772 0.0785 
          83  1 0.1015 0.0679 0.0418 0.1239 0.3137 0.1898 0.1082 0.0532 
          84  1 0.3684 0.0428 0.0555 0.2003 0.1183 0.1175 0.0487 0.0485 
          85  1 0.1153 0.1352 0.0802 0.1144 0.0473 0.0674 0.1965 0.2437 
          86  1 0.1148 0.1126 0.1297 0.0735 0.1068 0.1975 0.1974 0.0677 
          87  1 0.1367 0.1184 0.1680 0.1376 0.0839 0.0969 0.1149 0.1436 
          88  1 0.0811 0.2568 0.0517 0.0961 0.0689 0.0643 0.3311 0.0500 
          89  1 0.1395 0.0768 0.1203 0.0695 0.0667 0.1289 0.1273 0.2710 
          90  1 0.0978 0.0943 0.0937 0.0667 0.0905 0.0539 0.1029 0.4000 
          91  1 0.1637 0.0988 0.0861 0.1208 0.1899 0.1045 0.1219 0.1142 
          92  1 0.1061 0.1808 0.0315 0.0927 0.1899 0.0921 0.1838 0.1231 
          93  1 0.1183 0.0803 0.3652 0.0916 0.0396 0.0898 0.0925 0.1227 
          94  1 0.1428 0.0929 0.0752 0.1026 0.0791 0.1762 0.1681 0.1631 
          95  1 0.1006 0.0819 0.0624 0.1668 0.3895 0.1032 0.0586 0.0370 
          96  1 0.0568 0.4590 0.0337 0.2319 0.0751 0.0654 0.0457 0.0324 
          97  1 0.1621 0.0992 0.0679 0.2030 0.0972 0.1665 0.1185 0.0855 
          98  1 0.1115 0.1100 0.2148 0.2414 0.1202 0.1150 0.0403 0.0468 
          99  1 0.1601 0.0528 0.1396 0.2742 0.0423 0.1625 0.0957 0.0729 
         100  1 0.1217 0.1409 0.0603 0.1231 0.0954 0.1845 0.1787 0.0955 
         101  1 0.1175 0.1180 0.0820 0.0658 0.1625 0.0778 0.2195 0.1570 
         102  1 0.1304 0.0737 0.0797 0.1192 0.0803 0.2630 0.1252 0.1286 
         103  1 0.0849 0.1463 0.0459 0.0831 0.0582 0.2378 0.2935 0.0504 
         104  1 0.1198 0.0944 0.0616 0.0782 0.3080 0.0742 0.0819 0.1820 
         105  1 0.1257 0.1031 0.1528 0.1135 0.1563 0.1328 0.1015 0.1143 
         106  1 0.0881 0.1598 0.0364 0.0479 0.0613 0.1042 0.3295 0.1728 
         107  1 0.1813 0.1456 0.0653 0.1682 0.0696 0.1015 0.1128 0.1556 
         108  1 0.1500 0.0755 0.2140 0.1609 0.0586 0.1271 0.0819 0.1321 
         109  1 0.1339 0.0647 0.0680 0.1086 0.2338 0.1807 0.1234 0.0869 
         110  1 0.1304 0.2031 0.0494 0.1567 0.1310 0.0916 0.1311 0.1068 
         111  1 0.1039 0.0638 0.0517 0.1762 0.2956 0.1778 0.0659 0.0650 
         112  1 0.1436 0.0786 0.2335 0.1479 0.0974 0.1069 0.1042 0.0879 
         113  1 0.1259 0.0639 0.3016 0.0781 0.1083 0.0850 0.0665 0.1707 
         114  1 0.1369 0.1472 0.0835 0.1298 0.1088 0.1075 0.2068 0.0794 
         115  1 0.1188 0.1422 0.1500 0.0743 0.0497 0.0723 0.2077 0.1850 
         116  1 0.1231 0.1325 0.1394 0.0755 0.0540 0.1159 0.2310 0.1288 
         117  1 0.1357 0.2027 0.0856 0.1202 0.0616 0.0686 0.1967 0.1290 
         118  1 0.1581 0.1131 0.2629 0.0927 0.0647 0.0750 0.1335 0.1000 
         119  1 0.1140 0.1538 0.0637 0.0607 0.0643 0.1438 0.2820 0.1177 
         120  1 0.1594 0.0602 0.1021 0.1699 0.0482 0.1997 0.1338 0.1267 
         121  1 0.1239 0.0870 0.1982 0.0921 0.1228 0.0775 0.1070 0.1916 
         122  1 0.1034 0.2523 0.0291 0.2307 0.0924 0.1093 0.0623 0.1204 
         123  1 0.1457 0.1901 0.0951 0.2494 0.0764 0.1045 0.0678 0.0710 
         124  1 0.0968 0.2614 0.1226 0.1387 0.0418 0.0505 0.1319 0.1562 
         125  1 0.1241 0.1178 0.1560 0.0956 0.0362 0.0660 0.1337 0.2708 
         126  1 0.0655 0.2744 0.0540 0.0763 0.0279 0.0386 0.3891 0.0742 
         127  1 0.1825 0.2379 0.0534 0.1488 0.0374 0.0674 0.1822 0.0904 
         128  1 0.1782 0.2246 0.0936 0.1488 0.0894 0.0951 0.0879 0.0824 
         129  1 0.1277 0.1200 0.0682 0.0997 0.1672 0.0660 0.1322 0.2189 
         130  1 0.0967 0.0584 0.0286 0.1441 0.0830 0.3513 0.1488 0.0891 
         131  1 0.2031 0.0805 0.0608 0.1379 0.1788 0.1633 0.1001 0.0755 
         132  1 0.1471 0.0870 0.1237 0.0979 0.2121 0.1140 0.1294 0.0887 
         133  1 0.1370 0.1079 0.1499 0.1236 0.1940 0.0952 0.1172 0.0751 
         134  1 0.1751 0.0783 0.0427 0.2305 0.1216 0.2077 0.0853 0.0588 
         135  1 0.1349 0.0644 0.2019 0.0551 0.0756 0.1714 0.1429 0.1539 
         136  1 0.1220 0.1234 0.0773 0.2587 0.1552 0.1570 0.0637 0.0426 
         137  1 0.0781 0.0636 0.0467 0.1401 0.3654 0.1888 0.0809 0.0364 
         138  1 0.0918 0.1026 0.0483 0.1365 0.3841 0.1192 0.0605 0.0570 
         139  1 0.1167 0.0566 0.3789 0.0701 0.1599 0.0655 0.0671 0.0853 
         140  1 0.1317 0.0709 0.0985 0.0859 0.2469 0.1567 0.1156 0.0937 
         141  1 0.1273 0.0545 0.2050 0.0974 0.1151 0.2196 0.1360 0.0450 
         142  1 0.1489 0.0709 0.1625 0.1868 0.1214 0.1318 0.1009 0.0768 
         143  1 0.1138 0.0720 0.2128 0.0745 0.1205 0.1592 0.1264 0.1209 
         144  1 0.1429 0.1490 0.1923 0.0854 0.0792 0.0618 0.1748 0.1146 
         145  1 0.1238 0.0943 0.1219 0.1740 0.1110 0.0825 0.0591 0.2334 
         146  1 0.0478 0.0303 0.7181 0.0291 0.0372 0.0531 0.0585 0.0260 
         147  1 0.0910 0.0911 0.0450 0.1563 0.4276 0.0897 0.0538 0.0454 
         148  1 0.1244 0.1009 0.1938 0.0968 0.1181 0.1081 0.1187 0.1393 
         149  1 0.1146 0.2103 0.0667 0.1786 0.1007 0.1145 0.1601 0.0545 
         150  1 0.0818 0.0802 0.0506 0.4222 0.0852 0.2009 0.0425 0.0366 
         151  1 0.1664 0.0982 0.1705 0.0905 0.0769 0.1695 0.1559 0.0722 
         152  1 0.1622 0.0657 0.1169 0.1568 0.0602 0.1724 0.1388 0.1268 
         153  1 0.1083 0.1250 0.0744 0.0506 0.2850 0.0582 0.2144 0.0841 
         154  1 0.1882 0.1321 0.0860 0.1777 0.1858 0.1188 0.0725 0.0388 
         155  1 0.1371 0.1172 0.1308 0.2654 0.0777 0.1355 0.0713 0.0648 
         156  1 0.1331 0.2146 0.0957 0.2018 0.0982 0.0869 0.1077 0.0619 
         157  1 0.1591 0.1111 0.0815 0.1467 0.0726 0.2286 0.1166 0.0839 
         158  1 0.1188 0.0714 0.2177 0.1803 0.1465 0.1406 0.0562 0.0685 
         159  1 0.1697 0.0940 0.0714 0.1926 0.0961 0.1549 0.1832 0.0380 
         160  1 0.0761 0.0463 0.0488 0.0978 0.5581 0.0873 0.0518 0.0337 
         161  1 0.4258 0.0551 0.1428 0.0913 0.0701 0.0942 0.0603 0.0604 
         162  1 0.1212 0.1501 0.0336 0.0825 0.1576 0.0975 0.2140 0.1434 
         163  1 0.1465 0.1498 0.0453 0.0957 0.1569 0.0632 0.2768 0.0658 
         164  1 0.1402 0.0745 0.0767 0.1300 0.1780 0.2075 0.1195 0.0737 
         165  1 0.1443 0.0993 0.0612 0.0802 0.2077 0.0969 0.1253 0.1850 
         166  1 0.1027 0.0511 0.2229 0.1369 0.2754 0.0964 0.0488 0.0657 
         167  1 0.1264 0.1194 0.0596 0.1306 0.1686 0.0673 0.1047 0.2234 
         168  1 0.1189 0.0493 0.0664 0.1797 0.3215 0.1514 0.0636 0.0491 
         169  1 0.2054 0.1282 0.0939 0.0954 0.0628 0.1132 0.2435 0.0576 
         170  1 0.1141 0.0595 0.0980 0.0487 0.0787 0.2855 0.2103 0.1050 
         171  1 0.1226 0.0575 0.1089 0.3064 0.1099 0.1845 0.0563 0.0539 
         172  1 0.1291 0.0853 0.1972 0.0942 0.1227 0.0772 0.1043 0.1899 
         173  1 0.1171 0.0713 0.1178 0.0518 0.1282 0.2219 0.1835 0.1084 
         174  1 0.1624 0.0959 0.1449 0.0953 0.0895 0.0797 0.1464 0.1859 
         175  1 0.1623 0.0869 0.2071 0.1030 0.0729 0.1281 0.1288 0.1110 
         176  1 0.1503 0.0548 0.0992 0.1307 0.2122 0.1684 0.0898 0.0945 
         177  1 0.1495 0.1281 0.1465 0.0769 0.0649 0.0741 0.2049 0.1551 
         178  1 0.1237 0.0537 0.2377 0.0913 0.1755 0.0898 0.0696 0.1586 
         179  1 0.1064 0.2001 0.2250 0.1808 0.0345 0.0907 0.0990 0.0636 
         180  1 0.1181 0.1137 0.0481 0.2871 0.1421 0.1643 0.0878 0.0387 
         181  1 0.1477 0.0806 0.0490 0.0682 0.1905 0.2212 0.1684 0.0744 
         182  1 0.0762 0.1640 0.0536 0.3619 0.1054 0.1543 0.0376 0.0471 
         183  1 0.1251 0.0791 0.1689 0.2811 0.0623 0.1592 0.0739 0.0503 
         184  1 0.0966 0.0943 0.0636 0.0793 0.0898 0.2864 0.1862 0.1038 
         185  1 0.0871 0.1157 0.0650 0.0592 0.0762 0.0585 0.0872 0.4511 
         186  1 0.1578 0.1617 0.0884 0.1104 0.0555 0.0605 0.1053 0.2603 
         187  1 0.1063 0.0962 0.0359 0.3098 0.1008 0.1530 0.0647 0.1332 
         188  1 0.1398 0.1622 0.2095 0.1018 0.0556 0.0705 0.1426 0.1180 
         189  1 0.1150 0.1537 0.1064 0.1035 0.0893 0.0867 0.1830 0.1623 
         190  1 0.1018 0.0532 0.5644 0.0399 0.0409 0.0459 0.0573 0.0967 
         191  1 0.1069 0.1380 0.1365 0.0662 0.0789 0.0881 0.2581 0.1272 
         192  1 0.1278 0.1093 0.0687 0.1390 0.1613 0.1946 0.1061 0.0932 
         193  1 0.1534 0.0977 0.2035 0.1599 0.0491 0.1037 0.1163 0.1166 
         194  1 0.0915 0.1003 0.0751 0.1981 0.2577 0.1761 0.0593 0.0420 
         195  1 0.1434 0.0351 0.2275 0.1104 0.1534 0.1344 0.0612 0.1346 
         196  1 0.1133 0.1486 0.1271 0.0610 0.0441 0.1280 0.2978 0.0801 
         197  1 0.1155 0.0756 0.3771 0.0479 0.0983 0.0771 0.1090 0.0995 
         198  1 0.1066 0.1111 0.1329 0.0425 0.0517 0.2017 0.3021 0.0514 
         199  1 0.0618 0.3459 0.0261 0.1503 0.0325 0.0414 0.0986 0.2435 
         200  1 0.1849 0.1709 0.0587 0.1624 0.0482 0.0889 0.1283 0.1577 
         201  1 0.1140 0.2095 0.0789 0.1162 0.0642 0.0698 0.1052 0.2421 
         202  1 0.0976 0.1454 0.0411 0.2952 0.1138 0.1740 0.0750 0.0578 
         203  1 0.2829 0.1207 0.1456 0.0831 0.0752 0.0687 0.1736 0.0503 
         204  1 0.1043 0.2071 0.0935 0.0824 0.0358 0.0582 0.3409 0.0778 
         205  1 0.2456 0.2246 0.0542 0.1188 0.0719 0.0731 0.0817 0.1302 
         206  1 0.0757 0.3600 0.0449 0.1791 0.0600 0.0518 0.0632 0.1654 
         207  1 0.1654 0.0869 0.0840 0.1264 0.0984 0.1855 0.1355 0.1180 
         208  1 0.1370 0.0834 0.0865 0.1827 0.1080 0.2316 0.1165 0.0543 
         209  1 0.1233 0.1525 0.0808 0.0593 0.0797 0.0972 0.2329 0.1743 
         210  1 0.1191 0.0731 0.3324 0.0591 0.0839 0.0803 0.0993 0.1528 
         211  1 0.1279 0.0980 0.3154 0.0546 0.0409 0.0658 0.1595 0.1380 
         212  1 0.0731 0.2409 0.0454 0.3129 0.1086 0.1255 0.0416 0.0520 
         213  1 0.1717 0.0621 0.2110 0.0791 0.0819 0.1052 0.0811 0.2079 
         214  1 0.0695 0.1611 0.0609 0.0355 0.0464 0.0674 0.3475 0.2117 
         215  1 0.1289 0.0831 0.3517 0.0840 0.0626 0.0888 0.1258 0.0751 
         216  1 0.0818 0.0383 0.1516 0.0455 0.4611 0.0610 0.0534 0.1072 
         217  1 0.1400 0.0976 0.2577 0.0741 0.0814 0.0757 0.1793 0.0941 
         218  1 0.1210 0.0569 0.2456 0.1566 0.1435 0.1018 0.0613 0.1134 
         219  1 0.0370 0.2584 0.0339 0.0261 0.0209 0.0304 0.5554 0.0378 
         220  1 0.1322 0.1413 0.0934 0.1395 0.2236 0.0652 0.1124 0.0924 
         221  1 0.0844 0.2835 0.0718 0.1438 0.0581 0.0597 0.0556 0.2432 
         222  1 0.1165 0.0877 0.2377 0.0973 0.1285 0.1271 0.0771 0.1283 
         223  1 0.0565 0.1116 0.5555 0.0532 0.0282 0.0312 0.1252 0.0386 
         224  1 0.0952 0.2595 0.0800 0.1246 0.0416 0.0557 0.1502 0.1932 
         225  1 0.1188 0.0768 0.3788 0.0471 0.0445 0.0799 0.1173 0.1368 
         226  1 0.1209 0.1028 0.1228 0.0694 0.0334 0.1636 0.1117 0.2753 
         227  1 0.1913 0.1091 0.0763 0.1071 0.0868 0.1728 0.1794 0.0771 
         228  1 0.0706 0.1683 0.0426 0.3541 0.1155 0.1575 0.0491 0.0424 
         229  1 0.1317 0.1406 0.0754 0.1729 0.1302 0.1154 0.1074 0.1264 
         230  1 0.1054 0.1882 0.0762 0.0670 0.0342 0.0615 0.3143 0.1532 
         231  1 0.0651 0.2435 0.0780 0.0513 0.0316 0.0405 0.4334 0.0565 
         232  1 0.1113 0.1355 0.0458 0.0819 0.1084 0.2319 0.1848 0.1004 
         233  1 0.1094 0.0835 0.0773 0.2296 0.2519 0.1487 0.0571 0.0423 
         234  1 0.1247 0.0814 0.2326 0.1364 0.0901 0.0798 0.0715 0.1835 
         235  1 0.1766 0.1338 0.0838 0.1966 0.0472 0.1114 0.1319 0.1185 
         236  1 0.1052 0.1032 0.0895 0.1195 0.3487 0.1137 0.0583 0.0621 
         237  1 0.1302 0.0764 0.3633 0.1130 0.0621 0.0829 0.1172 0.0550 
         238  1 0.1044 0.1495 0.0301 0.0987 0.0609 0.2843 0.2010 0.0711 
         239  1 0.0894 0.0520 0.0510 0.1265 0.4376 0.1253 0.0623 0.0559 
         240  1 0.1164 0.0578 0.3106 0.0580 0.0468 0.1801 0.1402 0.0900 
         241  1 0.1132 0.1215 0.1051 0.0622 0.0438 0.2138 0.1768 0.1635 
         242  1 0.1188 0.2405 0.0549 0.1260 0.1103 0.1287 0.1524 0.0683 
         243  1 0.0946 0.2233 0.2461 0.1440 0.0566 0.0822 0.0625 0.0908 
         244  1 0.1591 0.0436 0.1474 0.0781 0.1645 0.1959 0.1096 0.1018 
         245  1 0.1558 0.0408 0.1467 0.0791 0.1659 0.2012 0.1099 0.1006 
         246  1 0.1271 0.1841 0.1444 0.1945 0.0573 0.1161 0.0709 0.1057 
         247  1 0.1236 0.1081 0.0446 0.0848 0.0588 0.2706 0.2253 0.0841 
         248  1 0.1163 0.0641 0.2272 0.0584 0.1303 0.1571 0.1570 0.0897 
         249  1 0.1096 0.1988 0.0689 0.1550 0.0709 0.1085 0.0988 0.1895 
         250  1 0.0910 0.0908 0.3033 0.0394 0.0373 0.0615 0.1769 0.1999 
         251  1 0.1874 0.0610 0.0978 0.1855 0.1415 0.1255 0.0796 0.1218 
         252  1 0.0969 0.0561 0.0757 0.3947 0.0485 0.2035 0.0757 0.0489 
         253  1 0.1120 0.0510 0.1406 0.3421 0.0620 0.1868 0.0681 0.0374 
         254  1 0.1352 0.0856 0.0923 0.1395 0.2317 0.0946 0.0963 0.1249 
         255  1 0.1193 0.1119 0.0985 0.0924 0.1708 0.1423 0.1235 0.1413 
         256  1 0.1065 0.1034 0.0521 0.0801 0.0487 0.2668 0.2594 0.0830 
         257  1 0.0988 0.2739 0.1219 0.1365 0.0415 0.0636 0.1309 0.1330 
         258  1 0.1112 0.0794 0.0559 0.0977 0.4850 0.0710 0.0557 0.0441 
         259  1 0.0597 0.0388 0.6971 0.0448 0.0346 0.0287 0.0505 0.0457 
         260  1 0.1481 0.0580 0.1599 0.0834 0.2155 0.1040 0.0944 0.1367 
         261  1 0.1810 0.0664 0.0811 0.1395 0.2228 0.1194 0.0916 0.0982 
         262  1 0.1547 0.1297 0.0679 0.2102 0.0678 0.1903 0.1118 0.0676 
         263  1 0.1016 0.1116 0.0724 0.2803 0.0632 0.2458 0.0812 0.0439 
         264  1 0.1524 0.0616 0.1157 0.1057 0.2947 0.1281 0.0937 0.0481 
         265  1 0.1075 0.1729 0.0489 0.0828 0.0675 0.1410 0.3379 0.0415 
         266  1 0.2150 0.0498 0.1785 0.0417 0.0660 0.0554 0.0529 0.3407 
         267  1 0.1245 0.1755 0.0674 0.1470 0.0940 0.1269 0.0997 0.1651 
         268  1 0.1386 0.0689 0.3130 0.1122 0.1059 0.1443 0.0649 0.0522 
         269  1 0.1355 0.1414 0.0475 0.1688 0.0728 0.0839 0.1592 0.1909 
         270  1 0.0993 0.1848 0.1108 0.0620 0.0512 0.0738 0.2902 0.1279 
         271  1 0.1367 0.1881 0.0910 0.1193 0.0942 0.0794 0.1650 0.1263 
         272  1 0.1274 0.0992 0.2024 0.1081 0.1083 0.1754 0.1272 0.0521 
         273  1 0.3028 0.1294 0.0909 0.0859 0.0919 0.0656 0.0841 0.1494 
         274  1 0.0708 0.4197 0.0438 0.2351 0.0794 0.0634 0.0483 0.0395 
         275  1 0.1660 0.0855 0.3101 0.0876 0.0651 0.1086 0.1092 0.0679 
         276  1 0.0955 0.0407 0.0748 0.0916 0.1307 0.3364 0.1573 0.0730 
         277  1 0.1165 0.1043 0.1113 0.0698 0.0378 0.0750 0.1248 0.3605 
         278  1 0.1226 0.0772 0.1138 0.1053 0.0577 0.2501 0.1859 0.0874 
         279  1 0.1387 0.1227 0.0322 0.0573 0.2167 0.1534 0.1820 0.0969 
         280  1 0.0694 0.2144 0.0412 0.0506 0.0372 0.0847 0.4604 0.0421 
         281  1 0.1210 0.1797 0.0847 0.0929 0.0446 0.1177 0.3021 0.0573 
         282  1 0.0952 0.0534 0.0695 0.0575 0.0756 0.3759 0.1977 0.0752 
         283  1 0.1023 0.1535 0.0449 0.2602 0.1743 0.1556 0.0657 0.0435 
         284  1 0.3487 0.0580 0.0446 0.0790 0.0652 0.1472 0.0997 0.1575 
         285  1 0.0858 0.2094 0.0852 0.2210 0.0982 0.0778 0.0435 0.1792 
         286  1 0.1377 0.0506 0.0804 0.1140 0.1534 0.2202 0.1074 0.1362 
         287  1 0.2716 0.0511 0.1061 0.1406 0.0443 0.2420 0.1110 0.0331 
         288  1 0.1246 0.1861 0.0750 0.0969 0.0826 0.0758 0.2211 0.1380 
         289  1 0.0876 0.0823 0.0405 0.0920 0.4999 0.0715 0.0429 0.0833 
         290  1 0.1658 0.0951 0.0812 0.2409 0.0528 0.1515 0.1422 0.0706 
         291  1 0.1267 0.1509 0.1188 0.1230 0.1406 0.1536 0.1375 0.0489 
         292  1 0.1226 0.1231 0.1152 0.1225 0.1610 0.1130 0.1176 0.1249 
         293  1 0.1170 0.1828 0.0760 0.2440 0.1257 0.1153 0.0756 0.0637 
         294  1 0.1570 0.0975 0.0563 0.1162 0.0964 0.1376 0.1381 0.2009 
         295  1 0.0889 0.1530 0.0350 0.1038 0.2869 0.1052 0.0754 0.1517 
         296  1 0.1421 0.1584 0.0478 0.0879 0.1132 0.0836 0.2839 0.0831 
         297  1 0.1157 0.0744 0.0783 0.1453 0.3477 0.0813 0.0443 0.1130 
         298  1 0.1192 0.0563 0.1320 0.1015 0.2435 0.1282 0.0933 0.1259 
         299  1 0.0947 0.2547 0.0995 0.2236 0.1314 0.0879 0.0587 0.0494 
         300  1 0.1444 0.0910 0.3327 0.0777 0.0919 0.0653 0.0947 0.1024 
         301  1 0.1008 0.0775 0.0862 0.0570 0.0879 0.2692 0.1923 0.1291 
         302  1 0.0546 0.0451 0.6428 0.0501 0.0312 0.0468 0.0372 0.0921 
         303  1 0.1351 0.1312 0.0723 0.1826 0.1108 0.1390 0.0883 0.1408 
         304  1 0.1142 0.0789 0.1706 0.0855 0.0459 0.1420 0.1520 0.2108 
         305  1 0.1858 0.1040 0.1111 0.0866 0.0905 0.0988 0.1481 0.1751 
         306  1 0.1118 0.0749 0.0890 0.0630 0.0328 0.2542 0.2397 0.1346 
         307  1 0.1728 0.0808 0.1058 0.0978 0.2106 0.1194 0.1080 0.1049 
         308  1 0.1243 0.0624 0.0722 0.1223 0.3805 0.1009 0.0813 0.0561 
         309  1 0.1232 0.1380 0.0463 0.1301 0.2761 0.0760 0.0930 0.1172 
         310  1 0.1080 0.1031 0.0622 0.2088 0.1943 0.1835 0.0703 0.0697 
         311  1 0.1175 0.1093 0.0863 0.1756 0.2195 0.1479 0.0764 0.0675 
         312  1 0.1166 0.0774 0.0546 0.0659 0.0445 0.2213 0.1384 0.2814 
         313  1 0.0924 0.2935 0.0449 0.2156 0.1725 0.0761 0.0516 0.0532 
         314  1 0.0812 0.1421 0.0501 0.0732 0.1028 0.0583 0.0878 0.4044 
         315  1 0.1376 0.0967 0.0676 0.2101 0.1337 0.1843 0.1051 0.0648 
         316  1 0.0799 0.0374 0.1303 0.0817 0.4773 0.1050 0.0532 0.0352 
         317  1 0.1354 0.0931 0.1597 0.1158 0.1726 0.1485 0.1086 0.0664 
         318  1 0.1026 0.0622 0.0555 0.0894 0.4541 0.0800 0.0639 0.0925 
         319  1 0.1448 0.0778 0.0625 0.0887 0.0538 0.1890 0.1896 0.1940 
         320  1 0.1215 0.1095 0.1768 0.1204 0.1369 0.1398 0.1117 0.0834 
         321  1 0.1093 0.1726 0.2269 0.1629 0.1034 0.0725 0.0667 0.0858 
         322  1 0.1142 0.0619 0.0960 0.0520 0.1147 0.0756 0.0636 0.4220 
         323  1 0.0827 0.0716 0.0838 0.0594 0.0401 0.0420 0.0502 0.5702 
         324  1 0.1089 0.0824 0.3393 0.1051 0.0562 0.0637 0.0656 0.1788 
         325  1 0.1390 0.0675 0.0572 0.2480 0.1290 0.1955 0.0960 0.0678 
         326  1 0.1272 0.1196 0.1875 0.0879 0.0796 0.0886 0.1095 0.2001 
         327  1 0.1314 0.1630 0.1391 0.1303 0.0659 0.1186 0.1512 0.1004 
         328  1 0.0935 0.3065 0.0540 0.1634 0.0655 0.1521 0.1041 0.0610 
         329  1 0.1120 0.1093 0.0520 0.0972 0.3789 0.0787 0.1146 0.0572 
         330  1 0.0914 0.0778 0.0440 0.1689 0.2360 0.2233 0.0935 0.0650 
         331  1 0.1434 0.0690 0.1517 0.1167 0.1259 0.1975 0.1422 0.0537 
         332  1 0.1237 0.0705 0.1185 0.1068 0.2950 0.1065 0.0884 0.0905 
         333  1 0.1270 0.0905 0.2734 0.1755 0.0584 0.1082 0.0924 0.0746 
         334  1 0.1124 0.1391 0.0606 0.1183 0.1932 0.1037 0.0783 0.1944 
         335  1 0.1118 0.1375 0.0556 0.1218 0.1480 0.0964 0.0783 0.2505 
         336  1 0.1267 0.1449 0.0706 0.1199 0.2238 0.1160 0.0924 0.1056 
         337  1 0.1734 0.0752 0.1015 0.1019 0.1076 0.1252 0.1219 0.1934 
         338  1 0.1100 0.1064 0.0438 0.0602 0.0522 0.2848 0.1891 0.1535 
         339  1 0.1804 0.1398 0.1302 0.0789 0.1361 0.1225 0.1321 0.0800 
         340  1 0.1507 0.1105 0.0899 0.1290 0.0854 0.0905 0.1327 0.2113 
         341  1 0.2778 0.0773 0.0998 0.0974 0.1052 0.0738 0.0551 0.2136 
         342  1 0.1513 0.0742 0.0980 0.1764 0.1500 0.1580 0.1004 0.0917 
         343  1 0.0660 0.3350 0.1254 0.2259 0.0748 0.0767 0.0403 0.0559 
         344  1 0.0864 0.0681 0.0623 0.3060 0.1798 0.2017 0.0608 0.0350 
         345  1 0.0944 0.2179 0.0547 0.1086 0.1165 0.1523 0.1184 0.1372 
         346  1 0.1460 0.1022 0.0726 0.1405 0.1137 0.0962 0.1129 0.2160 
         347  1 0.1154 0.2284 0.0605 0.1559 0.1427 0.1183 0.0717 0.1070 
         348  1 0.1185 0.0881 0.1373 0.1185 0.1726 0.1999 0.1078 0.0573 
         349  1 0.1710 0.1435 0.1220 0.1140 0.1587 0.1032 0.1160 0.0715 
         350  1 0.1186 0.0854 0.0603 0.1005 0.0856 0.1884 0.1043 0.2569 
         351  1 0.1236 0.1411 0.1294 0.1077 0.1059 0.0938 0.1193 0.1790 
         352  1 0.1117 0.0732 0.1162 0.1022 0.3117 0.0997 0.0750 0.1103 
         353  1 0.1115 0.1720 0.0607 0.0937 0.1481 0.0991 0.2795 0.0353 
         354  1 0.1109 0.1436 0.2557 0.0705 0.0623 0.0803 0.2063 0.0703 
         355  1 0.1196 0.0718 0.0505 0.1164 0.2780 0.1833 0.1023 0.0780 
         356  1 0.1115 0.1895 0.0699 0.1027 0.0530 0.1000 0.1465 0.2270 
         357  1 0.1118 0.1025 0.1592 0.0661 0.1014 0.0737 0.0969 0.2883 
         358  1 0.1088 0.1613 0.0415 0.1698 0.2701 0.0873 0.0807 0.0805 
         359  1 0.0622 0.0675 0.0888 0.0534 0.0556 0.0379 0.0422 0.5924 
         360  1 0.1153 0.1364 0.1937 0.1237 0.1285 0.1177 0.0986 0.0862 
         361  1 0.1150 0.0432 0.1886 0.1387 0.2336 0.1553 0.0671 0.0585 
         362  1 0.0929 0.1063 0.1779 0.0775 0.0490 0.0853 0.0901 0.3211 
         363  1 0.1016 0.1396 0.2830 0.0667 0.0567 0.0805 0.2103 0.0617 
         364  1 0.1136 0.1915 0.0904 0.1373 0.0724 0.1114 0.1398 0.1436 
         365  1 0.0895 0.3161 0.1065 0.2423 0.0512 0.0660 0.0590 0.0694 
         366  1 0.1480 0.1416 0.0891 0.1784 0.1315 0.0872 0.0729 0.1512 
         367  1 0.1301 0.1351 0.1138 0.0852 0.2215 0.0896 0.1262 0.0984 
         368  1 0.1688 0.1316 0.1170 0.1086 0.1158 0.1136 0.1293 0.1151 
         369  1 0.0729 0.4167 0.0609 0.1830 0.0420 0.0512 0.0879 0.0854 
         370  1 0.1055 0.0575 0.2898 0.0556 0.2818 0.0624 0.0782 0.0692 
         371  1 0.1373 0.1745 0.1943 0.1148 0.1314 0.0840 0.0775 0.0861 
         372  1 0.1276 0.0649 0.0800 0.0715 0.2570 0.1757 0.1112 0.1122 
         373  1 0.1318 0.1341 0.0951 0.1521 0.1974 0.1001 0.0962 0.0932 
         374  1 0.1214 0.1561 0.0695 0.1358 0.2408 0.1025 0.1130 0.0609 
         375  1 0.0883 0.3259 0.0440 0.2227 0.0535 0.0677 0.0834 0.1146 
         376  1 0.1356 0.1262 0.0435 0.1501 0.1523 0.1944 0.1208 0.0772 
         377  1 0.0906 0.3038 0.0721 0.1665 0.0737 0.0721 0.0999 0.1212 
         378  1 0.1471 0.1469 0.0644 0.1221 0.1346 0.1206 0.1115 0.1527 
         379  1 0.0995 0.2249 0.0997 0.1307 0.0414 0.1326 0.2018 0.0693 
         380  1 0.0860 0.1069 0.0417 0.3250 0.1233 0.2082 0.0767 0.0323 
         381  1 0.1386 0.0932 0.1192 0.0934 0.1082 0.1074 0.1062 0.2337 
         382  1 0.1299 0.0766 0.1548 0.1599 0.2040 0.1098 0.0898 0.0751 
         383  1 0.1608 0.0555 0.0427 0.1350 0.0708 0.2336 0.1142 0.1874 
         384  1 0.1321 0.0917 0.0432 0.2645 0.0761 0.1766 0.1336 0.0822 
         385  1 0.1032 0.0691 0.1166 0.0538 0.0703 0.0863 0.1248 0.3759 
         386  1 0.0778 0.0530 0.5190 0.0720 0.0673 0.0683 0.0579 0.0847 
         387  1 0.1382 0.0614 0.0826 0.1877 0.0499 0.2509 0.1319 0.0974 
         388  1 0.1080 0.1371 0.2511 0.1272 0.0963 0.0809 0.0772 0.1222 
         389  1 0.1147 0.0748 0.2573 0.0747 0.2236 0.0904 0.0773 0.0872 
         390  1 0.1430 0.1034 0.1167 0.1270 0.0911 0.1804 0.1217 0.1166 
         391  1 0.1061 0.1728 0.1501 0.0846 0.0651 0.0639 0.1202 0.2372 
         392  1 0.1589 0.0941 0.0923 0.1393 0.1779 0.1472 0.0990 0.0912 
         393  1 0.1003 0.1078 0.0553 0.3462 0.0641 0.1710 0.0724 0.0831 
         394  1 0.1799 0.1273 0.1103 0.1458 0.1349 0.1015 0.1381 0.0623 
         395  1 0.1154 0.0819 0.3128 0.0832 0.0808 0.1050 0.1075 0.1132 
         396  1 0.1206 0.1001 0.1553 0.1073 0.1429 0.1058 0.0971 0.1709 
         397  1 0.1280 0.1453 0.0534 0.1050 0.1077 0.0945 0.1455 0.2205 
         398  1 0.1440 0.1410 0.0859 0.1096 0.0823 0.1636 0.1908 0.0827 
         399  1 0.1289 0.0886 0.0869 0.0959 0.2747 0.1520 0.1110 0.0622 
         400  1 0.1029 0.1922 0.0259 0.1809 0.1200 0.1821 0.1106 0.0854 
         401  1 0.1319 0.0563 0.2608 0.0767 0.1698 0.1295 0.0850 0.0900 
         402  1 0.1389 0.0930 0.0998 0.1272 0.2419 0.0966 0.0938 0.1088 
         403  1 0.1139 0.1293 0.2502 0.0938 0.0585 0.0766 0.1149 0.1628 
         404  1 0.1026 0.2531 0.0571 0.1531 0.0932 0.0925 0.1309 0.1174 
         405  1 0.1052 0.1016 0.3256 0.1014 0.0627 0.0777 0.1622 0.0636 
         406  1 0.1189 0.0821 0.0863 0.2812 0.1603 0.1509 0.0724 0.0480 
         407  1 0.1645 0.1185 0.1051 0.1127 0.1092 0.1138 0.1584 0.1177 
         408  1 0.1154 0.0521 0.1297 0.0830 0.1511 0.2607 0.1472 0.0607 
         409  1 0.1030 0.0422 0.0559 0.1049 0.1768 0.3291 0.1450 0.0430 
         410  1 0.1143 0.1027 0.0384 0.0792 0.0702 0.2778 0.2184 0.0990 
         411  1 0.1204 0.1461 0.0606 0.1443 0.2393 0.1379 0.0903 0.0611 
         412  1 0.0954 0.0738 0.4171 0.0793 0.0552 0.0579 0.0829 0.1382 
         413  1 0.1286 0.0608 0.0708 0.1737 0.2445 0.1727 0.0812 0.0676 
         414  1 0.1498 0.1887 0.0854 0.1861 0.0601 0.0731 0.1257 0.1310 
         415  1 0.1712 0.0881 0.2383 0.1191 0.0624 0.0962 0.1388 0.0859 
         416  1 0.1072 0.1676 0.2207 0.0818 0.0661 0.0756 0.2024 0.0786 
         417  1 0.1530 0.0764 0.1096 0.1008 0.1933 0.1318 0.0949 0.1404 
         418  1 0.1008 0.0626 0.0982 0.3525 0.0558 0.1862 0.0602 0.0837 
         419  1 0.1257 0.1679 0.1343 0.1136 0.1013 0.1221 0.1316 0.1035 
         420  1 0.1660 0.1334 0.0946 0.1082 0.1640 0.0987 0.1190 0.1162 
         421  1 0.1270 0.0708 0.0904 0.0473 0.0506 0.2022 0.1615 0.2502 
         422  1 0.1010 0.1928 0.0365 0.1193 0.1060 0.0984 0.3017 0.0443 
         423  1 0.1247 0.1345 0.0658 0.1226 0.0754 0.1404 0.2444 0.0923 
         424  1 0.1252 0.0706 0.0444 0.1029 0.1034 0.1831 0.1501 0.2203 
         425  1 0.1007 0.1486 0.0731 0.2521 0.1420 0.1040 0.0577 0.1218 
         426  1 0.0839 0.1039 0.4002 0.0458 0.0560 0.0553 0.2080 0.0469 
         427  1 0.1129 0.2075 0.0669 0.1590 0.1336 0.1244 0.1276 0.0681 
         428  1 0.1115 0.1634 0.1073 0.1150 0.1235 0.0802 0.1051 0.1940 
         429  1 0.1355 0.0787 0.1805 0.1164 0.1127 0.1541 0.0941 0.1279 
         430  1 0.0913 0.2617 0.0927 0.1178 0.0811 0.0855 0.1701 0.0998 
         431  1 0.1096 0.0682 0.0695 0.1278 0.3096 0.1662 0.0882 0.0610 
         432  1 0.1173 0.2812 0.0653 0.1148 0.0527 0.0520 0.1792 0.1375 
         433  1 0.1251 0.1310 0.1528 0.1273 0.0711 0.0980 0.0951 0.1995 
         434  1 0.1147 0.1265 0.1390 0.1073 0.1232 0.0801 0.0779 0.2313 
         435  1 0.1273 0.1081 0.0854 0.2178 0.1959 0.1264 0.0757 0.0634 
         436  1 0.1333 0.1253 0.0700 0.0775 0.0782 0.1526 0.2790 0.0840 
         437  1 0.0893 0.2774 0.1264 0.2175 0.0698 0.0789 0.0660 0.0747 
         438  1 0.1242 0.0643 0.1287 0.2563 0.0909 0.1618 0.0680 0.1059 
         439  1 0.1153 0.0569 0.1538 0.0718 0.2490 0.1277 0.0858 0.1397 
         440  1 0.1137 0.0807 0.2160 0.1633 0.0593 0.1863 0.1366 0.0442 
         441  1 0.1223 0.0641 0.1065 0.1135 0.1383 0.2452 0.1564 0.0536 
         442  1 0.1128 0.0605 0.0448 0.1808 0.1479 0.2643 0.1238 0.0651 
         443  1 0.1098 0.3287 0.0651 0.1766 0.0668 0.0996 0.0956 0.0578 
         444  1 0.1150 0.1365 0.0684 0.0792 0.0853 0.0632 0.1910 0.2615 
         445  1 0.1253 0.1411 0.0933 0.2186 0.0567 0.1761 0.1053 0.0835 
         446  1 0.1275 0.1319 0.0685 0.1173 0.1308 0.0992 0.0954 0.2295 
         447  1 0.1171 0.1263 0.2363 0.1987 0.0538 0.1306 0.1021 0.0351 
         448  1 0.1346 0.1027 0.0761 0.1148 0.2123 0.1527 0.1259 0.0808 
         449  1 0.1007 0.0564 0.1224 0.3722 0.0638 0.1940 0.0508 0.0397 
         450  1 0.1187 0.1141 0.1641 0.0775 0.1160 0.1326 0.1148 0.1622 
         451  1 0.1341 0.0499 0.0707 0.0854 0.3304 0.1213 0.0856 0.1226 
         452  1 0.1041 0.2094 0.0643 0.1034 0.0632 0.0804 0.1606 0.2146 
         453  1 0.1307 0.0754 0.1260 0.0806 0.1038 0.0870 0.1152 0.2814 
         454  1 0.1291 0.1054 0.1854 0.0734 0.1076 0.0906 0.1805 0.1279 
         455  1 0.1002 0.0960 0.1663 0.0917 0.1130 0.0628 0.0725 0.2975 
         456  1 0.1057 0.2051 0.0807 0.1093 0.0664 0.0861 0.1123 0.2346 
         457  1 0.0869 0.0700 0.4388 0.0361 0.0365 0.0564 0.1716 0.1038 
         458  1 0.1244 0.0807 0.0874 0.2247 0.1952 0.1075 0.0852 0.0950 
         459  1 0.0786 0.0615 0.4884 0.1000 0.0706 0.0836 0.0645 0.0528 
         460  1 0.0922 0.1589 0.1109 0.0938 0.0536 0.2331 0.1779 0.0796 
         461  1 0.1661 0.0619 0.0964 0.0943 0.2429 0.0847 0.0499 0.2039 
         462  1 0.0707 0.0598 0.4718 0.1315 0.0689 0.1001 0.0510 0.0462 
         463  1 0.1240 0.2456 0.0482 0.1461 0.0851 0.1050 0.1639 0.0821 
         464  1 0.1403 0.0778 0.2185 0.1570 0.0678 0.1380 0.0895 0.1111 
         465  1 0.1467 0.0885 0.0661 0.1151 0.2076 0.1560 0.1038 0.1163 
         466  1 0.1293 0.0979 0.1279 0.1004 0.0881 0.0791 0.1524 0.2250 
         467  1 0.0956 0.1116 0.2676 0.0764 0.0547 0.0534 0.1501 0.1907 
         468  1 0.1012 0.0671 0.0938 0.3742 0.0544 0.1740 0.0667 0.0686 
         469  1 0.1400 0.1643 0.0824 0.0800 0.0615 0.0658 0.1984 0.2074 
         470  1 0.1046 0.1270 0.2423 0.0722 0.0607 0.0922 0.2187 0.0823 
         471  1 0.1479 0.1505 0.0817 0.1313 0.1119 0.0962 0.1248 0.1557 
         472  1 0.1181 0.0722 0.2194 0.0609 0.0513 0.1537 0.1860 0.1384 
         473  1 0.1524 0.1043 0.1180 0.1048 0.1091 0.1076 0.1193 0.1845 
         474  1 0.1175 0.0655 0.3186 0.0740 0.1107 0.1258 0.1043 0.0837 
         475  1 0.1032 0.1424 0.0511 0.0864 0.0857 0.2473 0.1816 0.1023 
         476  1 0.1215 0.1666 0.0723 0.1183 0.1142 0.0845 0.0847 0.2379 
         477  1 0.1115 0.2117 0.0828 0.1389 0.1497 0.0850 0.0762 0.1442 
         478  1 0.1601 0.0992 0.0728 0.1646 0.1409 0.1375 0.1083 0.1166 
         479  1 0.1323 0.1362 0.0659 0.2329 0.1009 0.1406 0.1409 0.0504 
         480  1 0.1414 0.0629 0.1797 0.0756 0.0781 0.1276 0.0848 0.2499 
         481  1 0.0951 0.1129 0.0559 0.1058 0.3687 0.0939 0.0681 0.0996 
         482  1 0.1000 0.1701 0.0452 0.2034 0.1624 0.1804 0.0800 0.0585 
         483  1 0.1526 0.1112 0.1419 0.0818 0.0967 0.1100 0.1380 0.1678 
         484  1 0.1097 0.0824 0.0428 0.0797 0.0693 0.0815 0.0610 0.4737 
         485  1 0.1182 0.0762 0.0735 0.1373 0.2367 0.1697 0.0929 0.0954 
         486  1 0.0929 0.0611 0.0780 0.1365 0.0800 0.3517 0.1626 0.0371 
         487  1 0.1325 0.0691 0.2000 0.1077 0.1257 0.1954 0.0997 0.0699 
         488  1 0.1154 0.0745 0.2839 0.0816 0.1727 0.0987 0.0804 0.0928 
         489  1 0.1223 0.0803 0.2033 0.0796 0.1124 0.1909 0.1354 0.0759 
         490  1 0.1166 0.1056 0.1019 0.1022 0.2459 0.1697 0.0980 0.0601 
         491  1 0.1235 0.0437 0.0939 0.0604 0.1256 0.2833 0.1405 0.1292 
         492  1 0.1536 0.1091 0.1021 0.1179 0.1519 0.1642 0.1291 0.0720 
         493  1 0.0849 0.1720 0.0509 0.1638 0.2407 0.1645 0.0861 0.0371 
         494  1 0.1192 0.0730 0.1466 0.0768 0.2010 0.1342 0.0984 0.1509 
         495  1 0.1311 0.0681 0.1110 0.1515 0.1379 0.1583 0.1012 0.1409 
         496  1 0.1219 0.1168 0.0392 0.1348 0.2252 0.1468 0.0835 0.1319 
         497  1 0.1035 0.0733 0.0805 0.0866 0.3482 0.1617 0.0968 0.0494 
         498  1 0.1490 0.0915 0.1197 0.2213 0.1244 0.1170 0.1099 0.0673 
         499  1 0.1270 0.1124 0.1807 0.0856 0.1045 0.0821 0.1994 0.1083 
         500  1 0.1094 0.2506 0.0774 0.1712 0.0627 0.0628 0.1769 0.0890 
         501  1 0.1155 0.2456 0.0439 0.1541 0.1217 0.0854 0.1107 0.1232 
         502  1 0.1297 0.1996 0.0690 0.1574 0.1039 0.1114 0.1226 0.1064 
         503  1 0.0820 0.1930 0.0332 0.3015 0.0981 0.1566 0.0870 0.0486 
         504  1 0.1080 0.1310 0.0291 0.2944 0.1012 0.1789 0.0634 0.0938 
         505  1 0.1177 0.2006 0.0558 0.3029 0.0780 0.1070 0.0516 0.0864 
         506  1 0.1226 0.1895 0.1194 0.1078 0.0464 0.0756 0.1303 0.2083 
         507  1 0.2795 0.0782 0.0384 0.1887 0.1528 0.1211 0.0830 0.0585 
         508  1 0.1262 0.1734 0.0698 0.1480 0.1602 0.1210 0.1126 0.0887 
         509  1 0.1279 0.2093 0.1325 0.1158 0.0611 0.1014 0.1312 0.1209 
         510  1 0.1194 0.1542 0.0550 0.1332 0.2106 0.1043 0.1088 0.1144 
         511  1 0.1253 0.0615 0.1956 0.0677 0.1389 0.1518 0.1052 0.1539 
         512  1 0.1019 0.1228 0.2517 0.0763 0.0477 0.0490 0.1300 0.2206 
         513  1 0.1301 0.0808 0.1387 0.0716 0.1592 0.1461 0.1170 0.1566 
         514  1 0.0872 0.0991 0.1303 0.2344 0.1802 0.1674 0.0559 0.0457 
         515  1 0.1489 0.0883 0.1643 0.1018 0.1919 0.0954 0.1060 0.1034 
         516  1 0.1045 0.0779 0.3306 0.0526 0.0417 0.0893 0.1126 0.1909 
         517  1 0.1415 0.1364 0.1111 0.1113 0.0934 0.1067 0.2290 0.0707 
         518  1 0.0974 0.1003 0.0596 0.3313 0.1291 0.1737 0.0642 0.0443 
         519  1 0.0939 0.1244 0.1111 0.0489 0.0656 0.0822 0.2171 0.2567 
         520  1 0.0954 0.1183 0.0614 0.0789 0.0458 0.0455 0.0875 0.4671 
         521  1 0.0987 0.2077 0.1282 0.0757 0.0426 0.0803 0.2436 0.1232 
         522  1 0.1387 0.1314 0.1776 0.0973 0.0935 0.1587 0.1302 0.0726 
         523  1 0.1208 0.1701 0.0432 0.2706 0.0932 0.1266 0.0899 0.0856 
         524  1 0.0974 0.1272 0.0406 0.0822 0.0917 0.2689 0.2507 0.0414 
         525  1 0.1274 0.0536 0.1561 0.2571 0.1005 0.1706 0.0718 0.0630 
         526  1 0.1140 0.1205 0.0516 0.0792 0.0953 0.1935 0.2759 0.0699 
         527  1 0.1185 0.0705 0.2274 0.1706 0.1493 0.1364 0.0603 0.0671 
         528  1 0.1282 0.1054 0.2429 0.1648 0.0911 0.1488 0.0710 0.0478 
         529  1 0.1324 0.0644 0.2370 0.0902 0.1580 0.0759 0.0574 0.1847 
         530  1 0.1117 0.2802 0.0834 0.1491 0.1184 0.0922 0.0714 0.0936 
         531  1 0.0696 0.0711 0.0675 0.0747 0.5641 0.0632 0.0450 0.0448 
         532  1 0.1010 0.1413 0.0357 0.1805 0.2337 0.1620 0.0962 0.0496 
         533  1 0.1267 0.1662 0.0811 0.1657 0.0805 0.1116 0.0780 0.1903 
         534  1 0.1451 0.0710 0.1555 0.0809 0.1114 0.1354 0.0925 0.2083 
         535  1 0.1026 0.0881 0.0515 0.3270 0.1515 0.1737 0.0654 0.0402 
         536  1 0.1193 0.0583 0.2406 0.1530 0.1298 0.1458 0.0759 0.0774 
         537  1 0.1095 0.0527 0.0984 0.0697 0.2173 0.2221 0.1346 0.0958 
         538  1 0.1519 0.1484 0.0826 0.0787 0.0514 0.1855 0.1754 0.1261 
         539  1 0.1079 0.1120 0.0630 0.0503 0.3380 0.0531 0.1879 0.0878 
         540  1 0.1013 0.0404 0.0610 0.2819 0.1219 0.2417 0.0951 0.0568 
         541  1 0.1676 0.0714 0.1230 0.1106 0.1045 0.1917 0.1310 0.1002 
         542  1 0.1656 0.0752 0.1148 0.2186 0.1427 0.1375 0.0964 0.0491 
         543  1 0.1214 0.1347 0.0435 0.2223 0.1517 0.1253 0.0792 0.1218 
         544  1 0.1142 0.1980 0.0636 0.0948 0.0614 0.0670 0.1970 0.2040 
         545  1 0.1209 0.0761 0.2255 0.0483 0.0634 0.1065 0.1709 0.1886 
         546  1 0.0987 0.1141 0.0592 0.1280 0.2118 0.0657 0.0544 0.2680 
         547  1 0.1233 0.0977 0.1117 0.0957 0.0535 0.1089 0.1318 0.2774 
