           1  1 0.2264 0.0732 0.1286 0.1481 0.1357 0.1910 0.0417 0.0554 
           2  1 0.0555 0.4325 0.0867 0.1042 0.0802 0.0710 0.0534 0.1166 
           3  1 0.0542 0.1035 0.0799 0.2038 0.1372 0.0784 0.2918 0.0511 
           4  1 0.0513 0.0822 0.1162 0.0420 0.2013 0.3245 0.1263 0.0562 
           5  1 0.0821 0.0754 0.0904 0.1291 0.1798 0.1602 0.1850 0.0981 
           6  1 0.1346 0.0923 0.0828 0.1200 0.1270 0.1246 0.1531 0.1658 
           7  1 0.0439 0.0488 0.0881 0.0901 0.0861 0.0638 0.0795 0.4997 
           8  1 0.0761 0.0974 0.0968 0.1108 0.1719 0.2049 0.0723 0.1697 
           9  1 0.0965 0.1528 0.0763 0.2198 0.1120 0.1521 0.1099 0.0807 
          10  1 0.0732 0.1548 0.3567 0.0636 0.1039 0.0892 0.0870 0.0716 
          11  1 0.0551 0.1063 0.1037 0.1138 0.1627 0.1246 0.2613 0.0725 
          12  1 0.0586 0.1944 0.1028 0.0883 0.1329 0.1731 0.2117 0.0382 
          13  1 0.1925 0.0703 0.0895 0.1544 0.1142 0.1108 0.1810 0.0872 
          14  1 0.0515 0.0765 0.0694 0.2778 0.2089 0.1621 0.0816 0.0723 
          15  1 0.0468 0.0551 0.0648 0.3191 0.1595 0.1276 0.1783 0.0488 
          16  1 0.1029 0.1192 0.0787 0.1182 0.1601 0.1475 0.1401 0.1334 
          17  1 0.3820 0.0971 0.0751 0.0722 0.0882 0.1078 0.0795 0.0981 
          18  1 0.0647 0.0832 0.0873 0.1193 0.2014 0.1511 0.1679 0.1251 
          19  1 0.1235 0.1368 0.1240 0.0821 0.0834 0.0796 0.2185 0.1522 
          20  1 0.0998 0.0953 0.1086 0.1484 0.1320 0.1092 0.0912 0.2156 
          21  1 0.1238 0.0860 0.0743 0.0810 0.1560 0.1416 0.1833 0.1540 
          22  1 0.0576 0.1738 0.1270 0.1489 0.1882 0.1425 0.0802 0.0818 
          23  1 0.1096 0.1221 0.1141 0.1253 0.1158 0.1270 0.2008 0.0853 
          24  1 0.2599 0.1567 0.0887 0.0667 0.0832 0.0916 0.1023 0.1509 
          25  1 0.1292 0.0698 0.0742 0.0999 0.1026 0.0947 0.1329 0.2967 
          26  1 0.0750 0.0868 0.1196 0.1342 0.1373 0.1284 0.2575 0.0613 
          27  1 0.0763 0.1362 0.3465 0.0521 0.0821 0.0453 0.0420 0.2195 
          28  1 0.0419 0.0867 0.0536 0.4966 0.1146 0.0744 0.0583 0.0740 
          29  1 0.0901 0.0573 0.3920 0.0411 0.1290 0.1743 0.0571 0.0590 
          30  1 0.1047 0.0606 0.0532 0.1539 0.1354 0.1389 0.2966 0.0566 
          31  1 0.1352 0.0843 0.0974 0.0581 0.1059 0.1067 0.0890 0.3234 
          32  1 0.0780 0.0707 0.0982 0.0870 0.1315 0.1278 0.3107 0.0961 
          33  1 0.2201 0.0883 0.0689 0.2811 0.1346 0.0883 0.0522 0.0665 
          34  1 0.1445 0.0919 0.1083 0.1280 0.1330 0.1480 0.0858 0.1606 
          35  1 0.1039 0.0935 0.0716 0.1276 0.1250 0.1152 0.3094 0.0537 
          36  1 0.0596 0.0502 0.0997 0.1367 0.1270 0.1145 0.3467 0.0656 
          37  1 0.0598 0.1234 0.1229 0.0672 0.0942 0.1126 0.0981 0.3218 
          38  1 0.0544 0.1160 0.3402 0.0427 0.1241 0.2114 0.0446 0.0666 
          39  1 0.1465 0.0657 0.0946 0.3329 0.1237 0.1258 0.0756 0.0352 
          40  1 0.2400 0.1331 0.0871 0.1161 0.1015 0.1204 0.1197 0.0821 
          41  1 0.0370 0.0682 0.1502 0.1198 0.1401 0.1467 0.2581 0.0800 
          42  1 0.2008 0.1227 0.1599 0.0635 0.1065 0.1097 0.0979 0.1390 
          43  1 0.0560 0.4250 0.1396 0.0952 0.0709 0.0744 0.1090 0.0299 
          44  1 0.1655 0.1351 0.1120 0.2021 0.1024 0.0881 0.1343 0.0606 
          45  1 0.3495 0.0964 0.0659 0.1304 0.0993 0.1165 0.0763 0.0657 
          46  1 0.0958 0.4792 0.0565 0.0860 0.0725 0.0611 0.0430 0.1059 
          47  1 0.1255 0.0374 0.0933 0.1205 0.1038 0.0879 0.3323 0.0994 
          48  1 0.0532 0.1086 0.1775 0.0432 0.1251 0.1981 0.1384 0.1559 
          49  1 0.1583 0.1047 0.1006 0.1836 0.1152 0.1270 0.1415 0.0689 
          50  1 0.0567 0.1297 0.1173 0.1788 0.1836 0.1409 0.0860 0.1071 
          51  1 0.5683 0.0421 0.0432 0.0389 0.0452 0.0565 0.1339 0.0719 
          52  1 0.3686 0.0575 0.0700 0.1043 0.1152 0.0820 0.0549 0.1475 
          53  1 0.1771 0.0501 0.0819 0.2337 0.1419 0.1097 0.1192 0.0863 
          54  1 0.2109 0.0604 0.1221 0.0552 0.0798 0.0981 0.0846 0.2889 
          55  1 0.0991 0.1023 0.0902 0.0474 0.0738 0.0594 0.0495 0.4782 
          56  1 0.1296 0.4112 0.0834 0.0422 0.0713 0.0979 0.1083 0.0560 
          57  1 0.4747 0.1650 0.0395 0.0297 0.0580 0.0503 0.0460 0.1369 
          58  1 0.0962 0.0981 0.1453 0.0993 0.1469 0.1006 0.1002 0.2134 
          59  1 0.2370 0.0634 0.0390 0.2676 0.1191 0.0824 0.0752 0.1164 
          60  1 0.0711 0.1449 0.1077 0.2015 0.1337 0.1280 0.1213 0.0917 
          61  1 0.0749 0.0707 0.2141 0.1876 0.1401 0.1097 0.0871 0.1157 
          62  1 0.0794 0.0792 0.1227 0.1070 0.1615 0.3177 0.0943 0.0382 
          63  1 0.0675 0.1004 0.0711 0.0690 0.0775 0.0854 0.4281 0.1011 
          64  1 0.1355 0.0958 0.0867 0.0727 0.1395 0.1250 0.2398 0.1049 
          65  1 0.1029 0.1534 0.1028 0.0800 0.1291 0.0951 0.0657 0.2710 
          66  1 0.0451 0.1805 0.3408 0.1001 0.1064 0.0614 0.0620 0.1036 
          67  1 0.0546 0.0771 0.0953 0.2120 0.1748 0.1426 0.1975 0.0461 
          68  1 0.0517 0.0702 0.1350 0.2096 0.1336 0.1758 0.0775 0.1466 
          69  1 0.0373 0.2274 0.1548 0.0695 0.1348 0.1534 0.0804 0.1424 
          70  1 0.0777 0.1745 0.0920 0.1385 0.1117 0.1434 0.1603 0.1019 
          71  1 0.1162 0.2692 0.0766 0.0629 0.1148 0.0701 0.0433 0.2469 
          72  1 0.3262 0.1171 0.0392 0.0803 0.0631 0.0451 0.0986 0.2304 
          73  1 0.0559 0.0857 0.4261 0.1032 0.1235 0.0791 0.0631 0.0634 
          74  1 0.1420 0.1906 0.0760 0.0930 0.1205 0.1234 0.1651 0.0893 
          75  1 0.0341 0.0506 0.2332 0.3115 0.1831 0.0713 0.0485 0.0678 
          76  1 0.0515 0.0655 0.1519 0.0613 0.2261 0.3097 0.0706 0.0634 
          77  1 0.0285 0.2961 0.0908 0.3834 0.0703 0.0532 0.0385 0.0392 
          78  1 0.1567 0.0653 0.0987 0.0944 0.1031 0.1541 0.2500 0.0776 
          79  1 0.0495 0.0576 0.1878 0.0818 0.1124 0.0894 0.2928 0.1287 
          80  1 0.0608 0.0297 0.0579 0.1336 0.1275 0.0915 0.4350 0.0640 
          81  1 0.0505 0.0668 0.0801 0.1270 0.3199 0.1932 0.0701 0.0923 
          82  1 0.3109 0.0693 0.0684 0.0692 0.1800 0.1664 0.0646 0.0711 
          83  1 0.0421 0.0645 0.0768 0.1733 0.1864 0.1409 0.2651 0.0509 
          84  1 0.0642 0.0491 0.0998 0.0715 0.2381 0.2843 0.1387 0.0544 
          85  1 0.0801 0.2754 0.0856 0.0527 0.1122 0.1316 0.0489 0.2135 
          86  1 0.1289 0.1645 0.0833 0.2644 0.1039 0.0810 0.1077 0.0663 
          87  1 0.1805 0.1223 0.1220 0.0801 0.1295 0.1360 0.0857 0.1438 
          88  1 0.0491 0.3822 0.2050 0.0705 0.1017 0.0751 0.0731 0.0433 
          89  1 0.1181 0.1083 0.0710 0.0940 0.2050 0.1237 0.0607 0.2192 
          90  1 0.0900 0.1391 0.0739 0.0507 0.0910 0.0773 0.0888 0.3892 
          91  1 0.0858 0.1396 0.0874 0.0878 0.1488 0.1545 0.1886 0.1076 
          92  1 0.0317 0.2124 0.1276 0.1058 0.1395 0.1005 0.1613 0.1212 
          93  1 0.3796 0.0886 0.0814 0.0980 0.0991 0.0902 0.0390 0.1240 
          94  1 0.0757 0.1456 0.0853 0.1580 0.1872 0.1358 0.0729 0.1395 
          95  1 0.0618 0.0607 0.0943 0.0682 0.1211 0.1631 0.3928 0.0378 
          96  1 0.0353 0.0378 0.5050 0.0740 0.1518 0.0808 0.0801 0.0351 
          97  1 0.0654 0.1004 0.1245 0.1386 0.2037 0.1982 0.0929 0.0764 
          98  1 0.2165 0.0364 0.1263 0.0611 0.1316 0.2523 0.1237 0.0520 
          99  1 0.1150 0.0954 0.0970 0.0625 0.2668 0.2713 0.0386 0.0534 
         100  1 0.0562 0.1539 0.1061 0.2588 0.1039 0.1214 0.0906 0.1090 
         101  1 0.0832 0.2741 0.0593 0.0750 0.1104 0.0959 0.1606 0.1414 
         102  1 0.0789 0.0474 0.0923 0.2675 0.1791 0.1330 0.0806 0.1212 
         103  1 0.0462 0.2370 0.1038 0.2891 0.1277 0.0887 0.0528 0.0546 
         104  1 0.0586 0.0832 0.0830 0.0818 0.0907 0.0903 0.3087 0.2036 
         105  1 0.1540 0.0904 0.1032 0.1241 0.1297 0.1208 0.1575 0.1204 
         106  1 0.0342 0.3870 0.0488 0.0908 0.1655 0.0943 0.0523 0.1270 
         107  1 0.0678 0.1338 0.1509 0.0867 0.1253 0.1934 0.0813 0.1608 
         108  1 0.2202 0.0730 0.0915 0.0937 0.1563 0.1690 0.0607 0.1355 
         109  1 0.0703 0.0812 0.0726 0.1766 0.1757 0.1315 0.1987 0.0934 
         110  1 0.0513 0.1360 0.2182 0.0838 0.1277 0.1316 0.1520 0.0993 
         111  1 0.0484 0.0384 0.0865 0.1569 0.1501 0.1523 0.2969 0.0705 
         112  1 0.2213 0.1075 0.0826 0.0639 0.1915 0.1588 0.0923 0.0820 
         113  1 0.3021 0.0596 0.0727 0.0690 0.1273 0.0996 0.1051 0.1648 
         114  1 0.0811 0.2225 0.1218 0.0924 0.1586 0.1470 0.1056 0.0712 
         115  1 0.1432 0.2503 0.1157 0.0688 0.1110 0.0878 0.0496 0.1736 
         116  1 0.1399 0.2818 0.1134 0.1470 0.0799 0.0722 0.0563 0.1095 
         117  1 0.0818 0.2397 0.2637 0.0737 0.0884 0.0873 0.0626 0.1028 
         118  1 0.2590 0.1910 0.1134 0.0704 0.0873 0.1041 0.0716 0.1032 
         119  1 0.0645 0.3112 0.0803 0.1566 0.1314 0.0833 0.0626 0.1102 
         120  1 0.0969 0.0977 0.0755 0.1330 0.2401 0.2070 0.0448 0.1049 
         121  1 0.1948 0.1352 0.0839 0.0618 0.1017 0.1061 0.1262 0.1902 
         122  1 0.0297 0.0583 0.2247 0.0698 0.1480 0.2382 0.0957 0.1357 
         123  1 0.0937 0.0734 0.2209 0.0586 0.1403 0.2623 0.0764 0.0744 
         124  1 0.1109 0.1728 0.3589 0.0428 0.0885 0.0647 0.0437 0.1177 
         125  1 0.1527 0.1756 0.1412 0.0593 0.1000 0.0944 0.0355 0.2413 
         126  1 0.0456 0.4823 0.2667 0.0414 0.0441 0.0373 0.0298 0.0529 
         127  1 0.0495 0.2255 0.3323 0.0530 0.1191 0.1129 0.0372 0.0704 
         128  1 0.1007 0.0929 0.2756 0.0949 0.1381 0.1221 0.0958 0.0800 
         129  1 0.0687 0.1705 0.0861 0.0614 0.1004 0.1291 0.1555 0.2283 
         130  1 0.0300 0.0405 0.0801 0.3851 0.1472 0.1424 0.0768 0.0980 
         131  1 0.0663 0.0723 0.0991 0.1386 0.2068 0.1613 0.1836 0.0719 
         132  1 0.1240 0.1415 0.0665 0.1181 0.1337 0.1311 0.1864 0.0987 
         133  1 0.1443 0.1416 0.0961 0.0863 0.1048 0.1403 0.2053 0.0812 
         134  1 0.0442 0.0538 0.1174 0.1307 0.2445 0.2385 0.1140 0.0569 
         135  1 0.2049 0.1070 0.0529 0.1372 0.1905 0.1101 0.0743 0.1233 
         136  1 0.0791 0.0584 0.1503 0.1026 0.1672 0.2484 0.1509 0.0431 
         137  1 0.0459 0.0427 0.0729 0.1802 0.1425 0.1258 0.3523 0.0376 
         138  1 0.0472 0.0451 0.1080 0.1324 0.1199 0.1396 0.3401 0.0678 
         139  1 0.3748 0.0707 0.0580 0.0614 0.0814 0.0869 0.1788 0.0881 
         140  1 0.0954 0.0903 0.0786 0.1555 0.1449 0.0975 0.2444 0.0932 
         141  1 0.2088 0.0861 0.0583 0.1959 0.1866 0.1212 0.1022 0.0409 
         142  1 0.1633 0.1128 0.0929 0.0802 0.1689 0.1866 0.1232 0.0720 
         143  1 0.2002 0.1089 0.0649 0.1798 0.1141 0.0899 0.1163 0.1260 
         144  1 0.1861 0.2430 0.1398 0.0716 0.0810 0.0829 0.0912 0.1045 
         145  1 0.1178 0.0679 0.1297 0.0479 0.1156 0.1713 0.1181 0.2317 
         146  1 0.7158 0.0607 0.0271 0.0588 0.0377 0.0339 0.0394 0.0266 
         147  1 0.0465 0.0537 0.1057 0.0579 0.1123 0.1676 0.4121 0.0441 
         148  1 0.1904 0.1337 0.0906 0.1082 0.1049 0.1085 0.1205 0.1431 
         149  1 0.0658 0.1773 0.2046 0.1119 0.1354 0.1460 0.1079 0.0511 
         150  1 0.0509 0.0426 0.1437 0.0753 0.1570 0.4065 0.0874 0.0366 
         151  1 0.1678 0.1609 0.0744 0.2489 0.0989 0.0907 0.0824 0.0761 
         152  1 0.1120 0.1168 0.0787 0.1752 0.1731 0.1745 0.0605 0.1093 
         153  1 0.0715 0.2706 0.0644 0.0629 0.0856 0.0754 0.2795 0.0901 
         154  1 0.0874 0.0657 0.1737 0.1022 0.1787 0.1525 0.2037 0.0362 
         155  1 0.1356 0.0755 0.1488 0.0751 0.1594 0.2533 0.0900 0.0624 
         156  1 0.0990 0.1480 0.2117 0.0573 0.1178 0.2042 0.1033 0.0588 
         157  1 0.0807 0.0751 0.1072 0.3103 0.1232 0.1433 0.0735 0.0867 
         158  1 0.2308 0.0414 0.0955 0.1030 0.1384 0.1780 0.1395 0.0735 
         159  1 0.0724 0.1972 0.0927 0.1286 0.1905 0.1849 0.0973 0.0365 
         160  1 0.0488 0.0429 0.0554 0.0677 0.0997 0.1026 0.5497 0.0332 
         161  1 0.1985 0.0631 0.0813 0.1179 0.2208 0.1552 0.0905 0.0729 
         162  1 0.0331 0.2445 0.0858 0.0765 0.1883 0.1266 0.1318 0.1134 
         163  1 0.0468 0.3741 0.0662 0.0532 0.0970 0.1318 0.1678 0.0629 
         164  1 0.0785 0.0636 0.0840 0.2175 0.1613 0.1454 0.1712 0.0785 
         165  1 0.0603 0.1465 0.0918 0.0947 0.1092 0.0945 0.2188 0.1843 
         166  1 0.2207 0.0444 0.0622 0.0693 0.0860 0.1551 0.2886 0.0736 
         167  1 0.0547 0.1195 0.1046 0.0494 0.1070 0.1466 0.1716 0.2466 
         168  1 0.0685 0.0466 0.0725 0.1261 0.1513 0.1718 0.3110 0.0521 
         169  1 0.0988 0.3007 0.0958 0.1293 0.1323 0.1252 0.0624 0.0556 
         170  1 0.1052 0.1242 0.0358 0.2698 0.1948 0.1040 0.0736 0.0925 
         171  1 0.1081 0.0498 0.1048 0.0991 0.1738 0.2924 0.1210 0.0510 
         172  1 0.1875 0.1415 0.0841 0.0636 0.1013 0.1071 0.1269 0.1881 
         173  1 0.1211 0.1291 0.0521 0.2647 0.1155 0.0760 0.1202 0.1213 
         174  1 0.1394 0.1733 0.1011 0.0618 0.1587 0.1270 0.0953 0.1434 
         175  1 0.2156 0.1230 0.0897 0.1303 0.1391 0.1233 0.0744 0.1046 
         176  1 0.0982 0.0674 0.0694 0.1373 0.1889 0.1521 0.1919 0.0948 
         177  1 0.1457 0.2881 0.0748 0.0708 0.1131 0.1023 0.0672 0.1380 
         178  1 0.2325 0.0741 0.0601 0.0896 0.0911 0.1039 0.1769 0.1718 
         179  1 0.2308 0.1107 0.1926 0.0921 0.1066 0.1609 0.0374 0.0687 
         180  1 0.0474 0.0763 0.1555 0.0864 0.2158 0.2460 0.1360 0.0366 
         181  1 0.0504 0.1061 0.0706 0.2400 0.1767 0.1028 0.1825 0.0709 
         182  1 0.0530 0.0354 0.1857 0.0536 0.1542 0.3599 0.1111 0.0471 
         183  1 0.1634 0.0828 0.1379 0.0898 0.1389 0.2693 0.0687 0.0493 
         184  1 0.0596 0.0888 0.0883 0.3737 0.1135 0.0818 0.0872 0.1071 
         185  1 0.0654 0.0959 0.1107 0.0634 0.0856 0.0551 0.0709 0.4530 
         186  1 0.0877 0.1411 0.2550 0.0464 0.1242 0.0979 0.0609 0.1868 
         187  1 0.0357 0.0589 0.1339 0.0619 0.1868 0.3043 0.0951 0.1234 
         188  1 0.2120 0.1859 0.1714 0.0696 0.0850 0.1040 0.0575 0.1145 
         189  1 0.1051 0.2211 0.1410 0.0854 0.1313 0.1015 0.0847 0.1298 
         190  1 0.5769 0.0755 0.0530 0.0532 0.0415 0.0416 0.0455 0.1127 
         191  1 0.1297 0.3112 0.0677 0.0842 0.1335 0.0994 0.0726 0.1016 
         192  1 0.0686 0.0602 0.1186 0.2190 0.1524 0.1279 0.1537 0.0995 
         193  1 0.1971 0.1077 0.1099 0.0615 0.2152 0.1756 0.0463 0.0868 
         194  1 0.0737 0.0357 0.1148 0.1594 0.1484 0.1774 0.2445 0.0462 
         195  1 0.2096 0.0397 0.0551 0.0863 0.2006 0.1501 0.1504 0.1083 
         196  1 0.1240 0.3560 0.0808 0.1944 0.0629 0.0592 0.0433 0.0796 
         197  1 0.3818 0.1348 0.0621 0.0972 0.0547 0.0516 0.1031 0.1148 
         198  1 0.1262 0.2973 0.0425 0.3227 0.0563 0.0487 0.0527 0.0534 
         199  1 0.0256 0.1293 0.3762 0.0445 0.0898 0.0591 0.0367 0.2388 
         200  1 0.0543 0.1693 0.1813 0.0909 0.0967 0.1830 0.0513 0.1731 
         201  1 0.0763 0.1197 0.1917 0.0672 0.1117 0.0993 0.0684 0.2657 
         202  1 0.0414 0.0621 0.1425 0.1242 0.1653 0.2873 0.1185 0.0587 
         203  1 0.1635 0.3593 0.0963 0.0797 0.0789 0.0856 0.0864 0.0501 
         204  1 0.0934 0.4436 0.1678 0.0575 0.0660 0.0672 0.0359 0.0685 
         205  1 0.0535 0.1256 0.3633 0.0876 0.0969 0.0649 0.0837 0.1245 
         206  1 0.0463 0.0728 0.3460 0.0461 0.1372 0.1076 0.0621 0.1818 
         207  1 0.0838 0.1025 0.0945 0.1435 0.2185 0.1627 0.0930 0.1014 
         208  1 0.0874 0.0681 0.0999 0.2412 0.1584 0.1738 0.1140 0.0571 
         209  1 0.0763 0.2827 0.1223 0.1105 0.0763 0.0559 0.0829 0.1930 
         210  1 0.3218 0.1132 0.0698 0.0906 0.0728 0.0670 0.0855 0.1792 
         211  1 0.3254 0.2065 0.0997 0.0712 0.0675 0.0572 0.0443 0.1281 
         212  1 0.0433 0.0369 0.2173 0.0545 0.1684 0.3165 0.1099 0.0532 
         213  1 0.2146 0.0733 0.0720 0.0967 0.1486 0.1120 0.0829 0.1999 
         214  1 0.0564 0.4513 0.0360 0.0719 0.1049 0.0725 0.0438 0.1633 
         215  1 0.3578 0.1503 0.0894 0.0915 0.0876 0.0882 0.0659 0.0694 
         216  1 0.1582 0.0526 0.0400 0.0635 0.0686 0.0594 0.4447 0.1130 
         217  1 0.2469 0.2598 0.0918 0.0823 0.0714 0.0746 0.0920 0.0813 
         218  1 0.2293 0.0592 0.0751 0.0562 0.1765 0.1777 0.1272 0.0989 
         219  1 0.0346 0.7479 0.0497 0.0381 0.0383 0.0337 0.0218 0.0360 
         220  1 0.0928 0.1383 0.1207 0.0453 0.0906 0.1722 0.2418 0.0983 
         221  1 0.0710 0.0586 0.2772 0.0616 0.0986 0.0774 0.0615 0.2940 
         222  1 0.2348 0.0505 0.0801 0.1477 0.0922 0.1046 0.1251 0.1650 
         223  1 0.5484 0.1677 0.0920 0.0351 0.0402 0.0458 0.0299 0.0409 
         224  1 0.0819 0.1868 0.2746 0.0594 0.0962 0.0833 0.0457 0.1720 
         225  1 0.3702 0.1421 0.0623 0.0925 0.0622 0.0562 0.0435 0.1709 
         226  1 0.1142 0.0659 0.1280 0.2146 0.0630 0.0596 0.0347 0.3199 
         227  1 0.0711 0.2031 0.0909 0.2387 0.1050 0.1241 0.0832 0.0839 
         228  1 0.0425 0.0448 0.1926 0.0575 0.1654 0.3380 0.1170 0.0421 
         229  1 0.0707 0.1098 0.1453 0.0902 0.1611 0.1699 0.1337 0.1193 
         230  1 0.0708 0.4090 0.1641 0.0843 0.0581 0.0472 0.0352 0.1313 
         231  1 0.0720 0.5896 0.1346 0.0459 0.0379 0.0407 0.0319 0.0474 
         232  1 0.0471 0.1064 0.1384 0.2638 0.1339 0.0850 0.1114 0.1139 
         233  1 0.0795 0.0459 0.1103 0.0954 0.1431 0.2156 0.2660 0.0442 
         234  1 0.2423 0.0894 0.0900 0.0505 0.1041 0.1409 0.0878 0.1951 
         235  1 0.0851 0.1693 0.1880 0.0715 0.1524 0.1877 0.0510 0.0950 
         236  1 0.0990 0.0419 0.1009 0.1115 0.1151 0.1130 0.3533 0.0654 
         237  1 0.3687 0.1456 0.0821 0.0723 0.0950 0.1142 0.0667 0.0554 
         238  1 0.0314 0.0905 0.1778 0.2975 0.1757 0.0978 0.0630 0.0663 
         239  1 0.0535 0.0413 0.0674 0.1056 0.1478 0.1390 0.3859 0.0595 
         240  1 0.3335 0.1094 0.0522 0.1943 0.1011 0.0768 0.0469 0.0859 
         241  1 0.1183 0.0891 0.1677 0.2415 0.1295 0.0622 0.0454 0.1462 
         242  1 0.0570 0.1455 0.2214 0.1650 0.1204 0.0933 0.1242 0.0732 
         243  1 0.2548 0.0599 0.2346 0.0853 0.1068 0.0999 0.0615 0.0973 
         244  1 0.1423 0.0507 0.0438 0.1841 0.2164 0.1264 0.1382 0.0981 
         245  1 0.1481 0.0518 0.0440 0.1843 0.2151 0.1238 0.1396 0.0934 
         246  1 0.1457 0.0705 0.2010 0.1070 0.1163 0.1786 0.0625 0.1184 
         247  1 0.0484 0.1585 0.0982 0.3039 0.1563 0.0985 0.0519 0.0843 
         248  1 0.2268 0.1386 0.0453 0.1730 0.1172 0.0818 0.1183 0.0992 
         249  1 0.0685 0.1052 0.2149 0.1114 0.1101 0.1298 0.0712 0.1888 
         250  1 0.3154 0.2317 0.0497 0.0678 0.0658 0.0534 0.0400 0.1761 
         251  1 0.0949 0.0828 0.0837 0.0760 0.1827 0.2151 0.1506 0.1141 
         252  1 0.0772 0.0681 0.1164 0.0746 0.2301 0.3430 0.0480 0.0426 
         253  1 0.1385 0.0669 0.1041 0.0732 0.2255 0.2929 0.0653 0.0335 
         254  1 0.0967 0.1094 0.0863 0.0685 0.1404 0.1612 0.2095 0.1280 
         255  1 0.0976 0.0938 0.1170 0.1272 0.1643 0.1032 0.1607 0.1363 
         256  1 0.0551 0.1830 0.0765 0.3879 0.0922 0.0733 0.0487 0.0833 
         257  1 0.1183 0.1598 0.3056 0.0663 0.1047 0.0766 0.0431 0.1257 
         258  1 0.0550 0.0525 0.0841 0.0545 0.0944 0.1002 0.5168 0.0424 
         259  1 0.6918 0.0713 0.0432 0.0239 0.0396 0.0494 0.0371 0.0438 
         260  1 0.1514 0.0898 0.0574 0.1025 0.1206 0.1108 0.2285 0.1391 
         261  1 0.0805 0.0973 0.0923 0.0928 0.1577 0.1684 0.2150 0.0959 
         262  1 0.0692 0.0817 0.1440 0.2112 0.1364 0.2081 0.0722 0.0773 
         263  1 0.0753 0.0456 0.1383 0.2385 0.1707 0.2243 0.0648 0.0425 
         264  1 0.1122 0.0982 0.0561 0.1327 0.1058 0.1362 0.3065 0.0523 
         265  1 0.0536 0.3559 0.0950 0.1915 0.1067 0.0904 0.0636 0.0434 
         266  1 0.1495 0.0517 0.0529 0.0547 0.0549 0.0493 0.0647 0.5223 
         267  1 0.0656 0.0930 0.1841 0.1377 0.1183 0.1240 0.1013 0.1760 
         268  1 0.3263 0.0415 0.0856 0.1480 0.1303 0.1072 0.1080 0.0531 
         269  1 0.0466 0.1873 0.1225 0.0556 0.1597 0.1993 0.0680 0.1610 
         270  1 0.1060 0.3518 0.1775 0.0822 0.0700 0.0463 0.0511 0.1151 
         271  1 0.0909 0.2207 0.1460 0.0832 0.1063 0.1205 0.1052 0.1272 
         272  1 0.1978 0.1131 0.1117 0.2046 0.1068 0.0992 0.1112 0.0556 
         273  1 0.0914 0.0940 0.1485 0.0711 0.1003 0.0993 0.1010 0.2944 
         274  1 0.0446 0.0550 0.3694 0.0563 0.1559 0.1740 0.1012 0.0436 
         275  1 0.3243 0.1233 0.0961 0.1312 0.0852 0.0942 0.0685 0.0774 
         276  1 0.0767 0.0506 0.0496 0.3707 0.1471 0.1056 0.1246 0.0750 
         277  1 0.1157 0.1452 0.1278 0.0731 0.0750 0.0660 0.0414 0.3559 
         278  1 0.1180 0.1272 0.0704 0.2850 0.1316 0.1194 0.0582 0.0902 
         279  1 0.0323 0.1366 0.1197 0.1386 0.1761 0.0865 0.2277 0.0827 
         280  1 0.0422 0.5611 0.0696 0.1108 0.0715 0.0587 0.0393 0.0468 
         281  1 0.0885 0.3400 0.1307 0.1673 0.0851 0.0853 0.0475 0.0556 
         282  1 0.0622 0.0495 0.0504 0.5476 0.0767 0.0501 0.0745 0.0890 
         283  1 0.0453 0.0543 0.1812 0.0965 0.1763 0.2259 0.1777 0.0426 
         284  1 0.0487 0.0987 0.0763 0.1957 0.1702 0.1410 0.0746 0.1949 
         285  1 0.0856 0.0472 0.1911 0.0396 0.1235 0.2368 0.1000 0.1763 
         286  1 0.0788 0.0524 0.0600 0.2739 0.1301 0.1209 0.1493 0.1346 
         287  1 0.1044 0.0490 0.0583 0.4705 0.1351 0.1070 0.0434 0.0322 
         288  1 0.0745 0.2860 0.1633 0.0842 0.0750 0.0830 0.0932 0.1410 
         289  1 0.0409 0.0377 0.0808 0.0546 0.0949 0.1115 0.4832 0.0964 
         290  1 0.0776 0.1425 0.1013 0.0736 0.2559 0.2471 0.0464 0.0556 
         291  1 0.1130 0.1194 0.1250 0.2152 0.1152 0.1209 0.1405 0.0507 
         292  1 0.1118 0.1202 0.1208 0.1082 0.1317 0.1250 0.1562 0.1261 
         293  1 0.0743 0.0795 0.1860 0.0700 0.1526 0.2338 0.1345 0.0693 
         294  1 0.0528 0.1095 0.0943 0.1111 0.2154 0.1611 0.0826 0.1731 
         295  1 0.0351 0.0506 0.1485 0.0901 0.1491 0.0963 0.2773 0.1530 
         296  1 0.0426 0.3663 0.0798 0.0775 0.1332 0.1101 0.1121 0.0784 
         297  1 0.0737 0.0455 0.0818 0.0491 0.0874 0.1521 0.3773 0.1331 
         298  1 0.1283 0.0744 0.0565 0.1101 0.1759 0.1341 0.1980 0.1227 
         299  1 0.1014 0.0677 0.2151 0.0598 0.1373 0.2304 0.1338 0.0543 
         300  1 0.3649 0.1049 0.0991 0.0639 0.0951 0.0840 0.0895 0.0986 
         301  1 0.0858 0.1124 0.0697 0.2709 0.1465 0.0892 0.0909 0.1346 
         302  1 0.6509 0.0334 0.0459 0.0408 0.0527 0.0538 0.0299 0.0926 
         303  1 0.0714 0.0736 0.1349 0.1221 0.1334 0.1947 0.1050 0.1649 
         304  1 0.1675 0.1461 0.0673 0.1469 0.1242 0.1050 0.0436 0.1993 
         305  1 0.1096 0.1571 0.1074 0.0823 0.1652 0.1309 0.0853 0.1621 
         306  1 0.0907 0.2122 0.0555 0.3102 0.1023 0.0765 0.0345 0.1181 
         307  1 0.1079 0.1012 0.0838 0.1111 0.1339 0.1167 0.2391 0.1064 
         308  1 0.0722 0.0764 0.0670 0.0831 0.1175 0.1380 0.3897 0.0561 
         309  1 0.0441 0.1090 0.1202 0.0661 0.0943 0.1453 0.3033 0.1176 
         310  1 0.0617 0.0413 0.1181 0.1555 0.1565 0.1979 0.1944 0.0747 
         311  1 0.0866 0.0602 0.1195 0.1223 0.1532 0.1671 0.2186 0.0724 
         312  1 0.0579 0.0623 0.1231 0.1822 0.1889 0.0888 0.0435 0.2534 
         313  1 0.0424 0.0565 0.3080 0.0550 0.1340 0.1522 0.1978 0.0541 
         314  1 0.0468 0.0906 0.1090 0.0674 0.0713 0.0544 0.1020 0.4585 
         315  1 0.0685 0.0810 0.1175 0.1348 0.1905 0.2121 0.1306 0.0651 
         316  1 0.1299 0.0415 0.0443 0.0851 0.1446 0.1094 0.4096 0.0355 
         317  1 0.1524 0.0870 0.0956 0.1597 0.1331 0.1242 0.1756 0.0723 
         318  1 0.0548 0.0534 0.0663 0.0709 0.1433 0.1238 0.3938 0.0936 
         319  1 0.0625 0.1666 0.0607 0.1574 0.2022 0.1428 0.0495 0.1583 
         320  1 0.1820 0.0953 0.1090 0.1527 0.1168 0.1218 0.1350 0.0873 
         321  1 0.2125 0.0935 0.2090 0.0545 0.0961 0.1309 0.1127 0.0908 
         322  1 0.0949 0.0530 0.0683 0.0746 0.0881 0.0641 0.1261 0.4309 
         323  1 0.0921 0.0663 0.1070 0.0356 0.0887 0.0640 0.0432 0.5033 
         324  1 0.3357 0.0782 0.0856 0.0505 0.0859 0.1170 0.0570 0.1900 
         325  1 0.0576 0.0716 0.0903 0.1502 0.2260 0.2148 0.1305 0.0589 
         326  1 0.1911 0.1177 0.1120 0.0954 0.0884 0.0904 0.0764 0.2285 
         327  1 0.1429 0.1512 0.1841 0.1285 0.1252 0.1077 0.0653 0.0951 
         328  1 0.0528 0.0666 0.3378 0.2310 0.1174 0.0621 0.0642 0.0680 
         329  1 0.0530 0.1134 0.0976 0.0737 0.1266 0.1046 0.3765 0.0547 
         330  1 0.0434 0.0449 0.0905 0.2199 0.1469 0.1531 0.2330 0.0683 
         331  1 0.1377 0.0961 0.0542 0.1438 0.2499 0.1635 0.1074 0.0474 
         332  1 0.1223 0.0782 0.0701 0.1031 0.1178 0.1092 0.3076 0.0918 
         333  1 0.2856 0.1143 0.1120 0.0820 0.1009 0.1675 0.0640 0.0737 
         334  1 0.0592 0.0687 0.1522 0.0993 0.1322 0.1046 0.1826 0.2013 
         335  1 0.0557 0.0735 0.1288 0.0898 0.1226 0.1193 0.1507 0.2596 
         336  1 0.0722 0.0757 0.1455 0.1142 0.1478 0.1203 0.2181 0.1063 
         337  1 0.0871 0.0996 0.0696 0.0716 0.2856 0.1717 0.0862 0.1285 
         338  1 0.0449 0.0839 0.1360 0.3310 0.1195 0.0606 0.0594 0.1647 
         339  1 0.1300 0.1434 0.1817 0.1607 0.0878 0.0616 0.1471 0.0878 
         340  1 0.0874 0.1514 0.1065 0.0633 0.1825 0.1512 0.0859 0.1717 
         341  1 0.0926 0.0495 0.0854 0.0683 0.0863 0.1063 0.1073 0.4043 
         342  1 0.0945 0.0888 0.0880 0.1358 0.1529 0.1917 0.1495 0.0989 
         343  1 0.1286 0.0406 0.3005 0.0633 0.1443 0.1771 0.0832 0.0624 
         344  1 0.0618 0.0411 0.1074 0.1258 0.1871 0.2640 0.1748 0.0379 
         345  1 0.0563 0.0728 0.2076 0.1813 0.1292 0.0695 0.1296 0.1538 
         346  1 0.0731 0.1246 0.0896 0.0745 0.1240 0.1595 0.1096 0.2451 
         347  1 0.0595 0.0536 0.2467 0.1365 0.1315 0.1013 0.1556 0.1152 
         348  1 0.1262 0.0559 0.0964 0.2134 0.1492 0.1197 0.1754 0.0639 
         349  1 0.1270 0.1258 0.1134 0.1384 0.1063 0.1447 0.1680 0.0764 
         350  1 0.0629 0.0552 0.0991 0.1895 0.1247 0.1086 0.0813 0.2786 
         351  1 0.1276 0.1292 0.1346 0.0875 0.1156 0.1072 0.1085 0.1898 
         352  1 0.1133 0.0764 0.0752 0.0904 0.1244 0.1142 0.2902 0.1159 
         353  1 0.0582 0.3330 0.1368 0.1143 0.0850 0.0905 0.1485 0.0338 
         354  1 0.2532 0.2609 0.1233 0.0973 0.0707 0.0632 0.0650 0.0665 
         355  1 0.0512 0.0599 0.0832 0.1775 0.1650 0.1326 0.2561 0.0745 
         356  1 0.0686 0.1635 0.1891 0.1169 0.0866 0.0795 0.0549 0.2409 
         357  1 0.1498 0.1036 0.0811 0.0882 0.0710 0.0689 0.0990 0.3384 
         358  1 0.0402 0.0855 0.1415 0.0599 0.1317 0.2114 0.2466 0.0830 
         359  1 0.0854 0.0504 0.0713 0.0350 0.0526 0.0506 0.0552 0.5995 
         360  1 0.1968 0.0868 0.1515 0.1225 0.1229 0.1085 0.1250 0.0859 
         361  1 0.2019 0.0404 0.0562 0.1439 0.1354 0.1342 0.2236 0.0645 
         362  1 0.1698 0.0836 0.1132 0.0952 0.0765 0.0642 0.0474 0.3501 
         363  1 0.2711 0.2570 0.1216 0.1016 0.0675 0.0604 0.0581 0.0627 
         364  1 0.0891 0.1493 0.1951 0.1273 0.1103 0.1124 0.0705 0.1460 
         365  1 0.1005 0.0817 0.2857 0.0407 0.1221 0.2428 0.0527 0.0738 
         366  1 0.0856 0.0772 0.1509 0.0555 0.1441 0.1864 0.1357 0.1645 
         367  1 0.1093 0.1502 0.1283 0.0882 0.1056 0.0829 0.2352 0.1003 
         368  1 0.1195 0.1479 0.1144 0.1363 0.1134 0.1232 0.1291 0.1162 
         369  1 0.0592 0.0864 0.5019 0.0527 0.1323 0.0485 0.0431 0.0759 
         370  1 0.2826 0.0943 0.0481 0.0703 0.0707 0.0733 0.2822 0.0785 
         371  1 0.2082 0.0769 0.1865 0.0965 0.0997 0.0859 0.1570 0.0894 
         372  1 0.0782 0.0534 0.0705 0.1395 0.1998 0.1138 0.2424 0.1024 
         373  1 0.1000 0.1022 0.1244 0.0993 0.1147 0.1521 0.2081 0.0991 
         374  1 0.0696 0.1167 0.1306 0.1083 0.1154 0.1421 0.2501 0.0671 
         375  1 0.0440 0.1120 0.3396 0.0458 0.1127 0.1760 0.0562 0.1137 
         376  1 0.0417 0.0805 0.1230 0.2715 0.1177 0.1250 0.1599 0.0807 
         377  1 0.0747 0.1226 0.2639 0.0759 0.1130 0.1317 0.0852 0.1331 
         378  1 0.0635 0.1007 0.1667 0.1107 0.1520 0.1147 0.1433 0.1483 
         379  1 0.0947 0.2048 0.2113 0.1857 0.0907 0.0996 0.0449 0.0684 
         380  1 0.0410 0.0551 0.1306 0.1440 0.1639 0.3154 0.1176 0.0324 
         381  1 0.1228 0.1060 0.0961 0.1016 0.1319 0.1104 0.1060 0.2252 
         382  1 0.1571 0.1013 0.0856 0.0710 0.1459 0.1642 0.2071 0.0678 
         383  1 0.0398 0.0389 0.0847 0.1514 0.2976 0.1793 0.0651 0.1431 
         384  1 0.0419 0.1344 0.1049 0.1098 0.1943 0.2696 0.0699 0.0752 
         385  1 0.1149 0.1296 0.0594 0.1005 0.0746 0.0641 0.0776 0.3793 
         386  1 0.5252 0.0620 0.0549 0.0628 0.0641 0.0743 0.0698 0.0868 
         387  1 0.0830 0.0706 0.0848 0.2930 0.1638 0.1688 0.0506 0.0855 
         388  1 0.2446 0.0862 0.1398 0.0765 0.0968 0.1158 0.1038 0.1367 
         389  1 0.2535 0.0757 0.0669 0.1076 0.0842 0.0877 0.2257 0.0987 
         390  1 0.1190 0.0860 0.1180 0.1931 0.1387 0.1283 0.0983 0.1186 
         391  1 0.1511 0.1473 0.1793 0.0677 0.0939 0.0654 0.0715 0.2237 
         392  1 0.0912 0.0774 0.1080 0.1379 0.1672 0.1513 0.1756 0.0914 
         393  1 0.0549 0.0707 0.1468 0.0786 0.1484 0.3572 0.0658 0.0777 
         394  1 0.1099 0.1623 0.1599 0.0822 0.1388 0.1532 0.1364 0.0573 
         395  1 0.3246 0.1044 0.0833 0.1101 0.0954 0.0883 0.0842 0.1096 
         396  1 0.1495 0.0973 0.1031 0.1009 0.1129 0.1152 0.1426 0.1786 
         397  1 0.0518 0.1687 0.1236 0.0913 0.1390 0.1203 0.1035 0.2018 
         398  1 0.0869 0.2137 0.0876 0.2306 0.0980 0.1047 0.0856 0.0931 
         399  1 0.0856 0.0822 0.0899 0.1826 0.1151 0.0986 0.2827 0.0633 
         400  1 0.0260 0.0710 0.1667 0.2288 0.1496 0.1476 0.1212 0.0892 
         401  1 0.2692 0.0645 0.0704 0.1373 0.1094 0.0915 0.1623 0.0955 
         402  1 0.1005 0.0980 0.0932 0.0779 0.1409 0.1445 0.2353 0.1098 
         403  1 0.2695 0.1212 0.1328 0.0721 0.1124 0.0897 0.0563 0.1460 
         404  1 0.0571 0.1448 0.2239 0.1033 0.1247 0.1234 0.0976 0.1253 
         405  1 0.3269 0.2027 0.0877 0.0679 0.0911 0.1005 0.0659 0.0574 
         406  1 0.0805 0.0733 0.1162 0.0632 0.1684 0.2932 0.1534 0.0519 
         407  1 0.1081 0.1858 0.0917 0.1104 0.1255 0.1406 0.1157 0.1221 
         408  1 0.1305 0.0637 0.0529 0.2945 0.1433 0.1060 0.1426 0.0665 
         409  1 0.0585 0.0450 0.0506 0.3739 0.1497 0.1109 0.1678 0.0436 
         410  1 0.0390 0.1389 0.0926 0.3529 0.1211 0.0849 0.0725 0.0981 
         411  1 0.0591 0.0707 0.1307 0.1500 0.1220 0.1399 0.2577 0.0698 
         412  1 0.4295 0.1013 0.0745 0.0477 0.0833 0.0787 0.0562 0.1288 
         413  1 0.0686 0.0517 0.0853 0.1157 0.2106 0.1769 0.2279 0.0634 
         414  1 0.0827 0.1726 0.2707 0.0408 0.1209 0.1580 0.0631 0.0912 
         415  1 0.2563 0.1675 0.0858 0.0772 0.1285 0.1382 0.0651 0.0815 
         416  1 0.2117 0.2551 0.1607 0.0900 0.0715 0.0635 0.0673 0.0801 
         417  1 0.1144 0.0763 0.0812 0.1263 0.1389 0.1301 0.1922 0.1406 
         418  1 0.1033 0.0585 0.1184 0.0875 0.1566 0.3333 0.0594 0.0829 
         419  1 0.1370 0.1216 0.1587 0.1430 0.1374 0.1048 0.1020 0.0956 
         420  1 0.0934 0.1221 0.1371 0.0955 0.1447 0.1233 0.1810 0.1028 
         421  1 0.0920 0.1032 0.0756 0.2073 0.1143 0.0638 0.0543 0.2894 
         422  1 0.0379 0.3660 0.1231 0.1172 0.0879 0.1134 0.1092 0.0452 
         423  1 0.0650 0.2793 0.0893 0.1558 0.1173 0.1328 0.0689 0.0916 
         424  1 0.0420 0.1130 0.0586 0.1516 0.1990 0.1386 0.0865 0.2106 
         425  1 0.0676 0.0654 0.1582 0.0478 0.1199 0.2727 0.1486 0.1198 
         426  1 0.3960 0.2770 0.0576 0.0632 0.0523 0.0485 0.0597 0.0457 
         427  1 0.0687 0.1230 0.2006 0.1262 0.1500 0.1331 0.1317 0.0667 
         428  1 0.1080 0.1241 0.1501 0.0759 0.1104 0.1046 0.1228 0.2041 
         429  1 0.1772 0.0722 0.0898 0.1605 0.1213 0.1245 0.1091 0.1455 
         430  1 0.0944 0.1955 0.2528 0.0939 0.1088 0.0773 0.0828 0.0945 
         431  1 0.0681 0.0664 0.0740 0.1587 0.1482 0.1330 0.2876 0.0639 
         432  1 0.0647 0.2189 0.2973 0.0611 0.1054 0.0625 0.0522 0.1378 
         433  1 0.1535 0.1098 0.1348 0.0932 0.1156 0.1174 0.0729 0.2028 
         434  1 0.1414 0.0821 0.1404 0.0820 0.0926 0.0880 0.1307 0.2429 
         435  1 0.0872 0.0836 0.1244 0.0776 0.1481 0.2053 0.2125 0.0613 
         436  1 0.0713 0.2918 0.0899 0.1827 0.1259 0.0890 0.0793 0.0701 
         437  1 0.1219 0.0841 0.2438 0.0518 0.1262 0.2155 0.0736 0.0831 
         438  1 0.1285 0.0587 0.1007 0.0847 0.1874 0.2445 0.0862 0.1092 
         439  1 0.1507 0.0625 0.0563 0.1319 0.1007 0.0877 0.2402 0.1700 
         440  1 0.2153 0.0993 0.0799 0.2256 0.1339 0.1431 0.0596 0.0432 
         441  1 0.1030 0.1245 0.0565 0.2796 0.1241 0.1200 0.1388 0.0533 
         442  1 0.0454 0.0532 0.0875 0.2623 0.1905 0.1576 0.1410 0.0625 
         443  1 0.0621 0.0855 0.4103 0.1054 0.1327 0.0790 0.0704 0.0545 
         444  1 0.0717 0.2445 0.1002 0.0590 0.1133 0.0952 0.0865 0.2296 
         445  1 0.0928 0.0851 0.1482 0.1803 0.1432 0.2119 0.0556 0.0829 
         446  1 0.0681 0.0992 0.1284 0.1007 0.1349 0.1204 0.1363 0.2121 
         447  1 0.2362 0.1083 0.1306 0.1186 0.1171 0.2002 0.0512 0.0379 
         448  1 0.0784 0.1039 0.1026 0.1785 0.1279 0.1094 0.2131 0.0863 
         449  1 0.1408 0.0464 0.1169 0.0686 0.2208 0.2968 0.0703 0.0394 
         450  1 0.1564 0.0944 0.1070 0.1429 0.1078 0.0787 0.1166 0.1962 
         451  1 0.0663 0.0644 0.0553 0.0946 0.1690 0.1282 0.3195 0.1026 
         452  1 0.0650 0.1837 0.2125 0.0966 0.1046 0.0729 0.0671 0.1975 
         453  1 0.1272 0.1475 0.0815 0.0802 0.1270 0.1012 0.1072 0.2282 
         454  1 0.1844 0.2223 0.0754 0.0815 0.1183 0.0947 0.1102 0.1131 
         455  1 0.1668 0.0855 0.0922 0.0522 0.0940 0.1013 0.1115 0.2964 
         456  1 0.0790 0.1128 0.2737 0.0869 0.1115 0.0649 0.0678 0.2033 
         457  1 0.4444 0.2161 0.0405 0.0565 0.0685 0.0503 0.0378 0.0858 
         458  1 0.0852 0.0985 0.1095 0.0399 0.1386 0.2508 0.1991 0.0783 
         459  1 0.4823 0.0636 0.0621 0.0875 0.0685 0.1078 0.0679 0.0603 
         460  1 0.1061 0.0970 0.1289 0.3588 0.0968 0.0746 0.0517 0.0861 
         461  1 0.0973 0.0489 0.0757 0.0904 0.0804 0.1249 0.2514 0.2309 
         462  1 0.4659 0.0422 0.0682 0.0906 0.0819 0.1312 0.0711 0.0489 
         463  1 0.0476 0.1665 0.2426 0.0980 0.1713 0.1209 0.0813 0.0719 
         464  1 0.2206 0.0820 0.0947 0.1346 0.1194 0.1563 0.0745 0.1179 
         465  1 0.0636 0.0635 0.0936 0.1520 0.1507 0.1355 0.1933 0.1477 
         466  1 0.1283 0.1910 0.0797 0.0636 0.1440 0.1249 0.0924 0.1761 
         467  1 0.2695 0.2075 0.1148 0.0478 0.0761 0.0764 0.0578 0.1501 
         468  1 0.0978 0.0713 0.1282 0.0555 0.1674 0.3609 0.0557 0.0632 
         469  1 0.0806 0.2742 0.1485 0.0827 0.0692 0.0720 0.0676 0.2052 
         470  1 0.2420 0.2547 0.1094 0.1014 0.0819 0.0704 0.0612 0.0791 
         471  1 0.0837 0.1357 0.1370 0.0990 0.1228 0.1379 0.1250 0.1589 
         472  1 0.2216 0.2105 0.0516 0.1763 0.0936 0.0755 0.0533 0.1176 
         473  1 0.1137 0.1345 0.1214 0.1115 0.1114 0.1064 0.1282 0.1729 
         474  1 0.3051 0.1030 0.0610 0.1414 0.0888 0.0808 0.1237 0.0962 
         475  1 0.0509 0.0996 0.1460 0.3288 0.1062 0.0721 0.0859 0.1105 
         476  1 0.0734 0.0809 0.1629 0.0751 0.1343 0.1124 0.1183 0.2429 
         477  1 0.0879 0.0720 0.2175 0.0849 0.1238 0.0979 0.1617 0.1543 
         478  1 0.0745 0.1079 0.1099 0.1326 0.1328 0.1613 0.1584 0.1226 
         479  1 0.0632 0.1471 0.1458 0.1028 0.1400 0.2458 0.1070 0.0483 
         480  1 0.1933 0.0629 0.0746 0.1153 0.1359 0.0996 0.0858 0.2325 
         481  1 0.0596 0.0570 0.1138 0.1011 0.1148 0.1015 0.3462 0.1060 
         482  1 0.0470 0.0433 0.1714 0.1749 0.1573 0.1685 0.1723 0.0653 
         483  1 0.1414 0.1596 0.1149 0.1275 0.0869 0.0819 0.1073 0.1805 
         484  1 0.0431 0.0548 0.1020 0.0665 0.1406 0.1041 0.0703 0.4187 
         485  1 0.0726 0.0544 0.0893 0.1647 0.1622 0.1393 0.2120 0.1055 
         486  1 0.0764 0.0524 0.0708 0.4521 0.1251 0.1069 0.0757 0.0407 
         487  1 0.2163 0.0390 0.0873 0.1978 0.1557 0.1092 0.1167 0.0779 
         488  1 0.2920 0.0752 0.0794 0.1042 0.0846 0.0788 0.1877 0.0982 
         489  1 0.2067 0.0855 0.0792 0.2493 0.1100 0.0840 0.1102 0.0752 
         490  1 0.0961 0.0617 0.0944 0.2523 0.1053 0.0972 0.2262 0.0667 
         491  1 0.1060 0.0427 0.0559 0.2685 0.1671 0.0955 0.1316 0.1328 
         492  1 0.1144 0.1000 0.1065 0.2142 0.1247 0.1093 0.1552 0.0758 
         493  1 0.0498 0.0600 0.1462 0.1829 0.1496 0.1390 0.2340 0.0384 
         494  1 0.1423 0.0721 0.0647 0.1730 0.0863 0.0902 0.1839 0.1875 
         495  1 0.1119 0.0845 0.0735 0.1263 0.1849 0.1657 0.1246 0.1287 
         496  1 0.0377 0.0511 0.1261 0.1150 0.1747 0.1386 0.2298 0.1269 
         497  1 0.0798 0.0606 0.0741 0.2062 0.1041 0.0954 0.3223 0.0575 
         498  1 0.1252 0.1118 0.1093 0.0510 0.1883 0.2393 0.1172 0.0579 
         499  1 0.1789 0.2564 0.0729 0.0819 0.0986 0.1030 0.1071 0.1012 
         500  1 0.0729 0.1791 0.3284 0.0425 0.1290 0.1176 0.0607 0.0697 
         501  1 0.0424 0.1307 0.2390 0.0827 0.1260 0.1279 0.1315 0.1197 
         502  1 0.0696 0.1245 0.1682 0.1215 0.1280 0.1642 0.1152 0.1087 
         503  1 0.0315 0.0743 0.1716 0.0915 0.1519 0.3300 0.1002 0.0489 
         504  1 0.0302 0.0426 0.1647 0.0998 0.1963 0.2823 0.0953 0.0888 
         505  1 0.0547 0.0594 0.2015 0.0385 0.1282 0.3539 0.0780 0.0857 
         506  1 0.1240 0.1588 0.1955 0.0834 0.0916 0.0795 0.0485 0.2187 
         507  1 0.0438 0.1645 0.1036 0.1011 0.1277 0.2382 0.1584 0.0627 
         508  1 0.0686 0.1052 0.1614 0.1326 0.1395 0.1359 0.1689 0.0878 
         509  1 0.1413 0.1215 0.2498 0.1358 0.0982 0.0733 0.0615 0.1186 
         510  1 0.0535 0.1170 0.1395 0.0973 0.1387 0.1297 0.2125 0.1116 
         511  1 0.1956 0.0786 0.0681 0.1839 0.0961 0.0739 0.1424 0.1614 
         512  1 0.2367 0.1910 0.1561 0.0443 0.0626 0.0642 0.0498 0.1952 
         513  1 0.1321 0.0853 0.0752 0.1455 0.1366 0.0952 0.1585 0.1716 
         514  1 0.1399 0.0399 0.1152 0.1195 0.1546 0.2018 0.1824 0.0467 
         515  1 0.1644 0.1147 0.0871 0.0853 0.1233 0.1141 0.2055 0.1055 
         516  1 0.3400 0.1183 0.0804 0.0812 0.0967 0.0641 0.0449 0.1744 
         517  1 0.1160 0.2761 0.0957 0.0970 0.1218 0.1242 0.0949 0.0743 
         518  1 0.0606 0.0601 0.1310 0.0818 0.1675 0.3336 0.1221 0.0433 
         519  1 0.1046 0.2878 0.0635 0.0791 0.1027 0.0700 0.0619 0.2303 
         520  1 0.0654 0.1153 0.1662 0.0425 0.0815 0.0734 0.0493 0.4062 
         521  1 0.1227 0.2927 0.2122 0.1055 0.0624 0.0439 0.0441 0.1164 
         522  1 0.1812 0.1023 0.1403 0.2189 0.0961 0.0832 0.0964 0.0816 
         523  1 0.0447 0.0930 0.1715 0.0654 0.1475 0.2973 0.0990 0.0816 
         524  1 0.0401 0.1615 0.0954 0.4130 0.0922 0.0698 0.0885 0.0395 
         525  1 0.1636 0.0607 0.0876 0.1113 0.1736 0.2475 0.0928 0.0631 
         526  1 0.0517 0.2690 0.0575 0.2063 0.1555 0.1107 0.0869 0.0624 
         527  1 0.2403 0.0452 0.0817 0.1079 0.1344 0.1706 0.1494 0.0706 
         528  1 0.2452 0.0441 0.1005 0.1844 0.1278 0.1615 0.0862 0.0503 
         529  1 0.2474 0.0548 0.0690 0.0605 0.1232 0.1160 0.1574 0.1717 
         530  1 0.0840 0.0567 0.3287 0.1137 0.1204 0.0723 0.1244 0.0998 
         531  1 0.0675 0.0423 0.0684 0.0585 0.0719 0.0813 0.5613 0.0487 
         532  1 0.0357 0.0719 0.1560 0.1578 0.1708 0.1473 0.2084 0.0520 
         533  1 0.0826 0.0745 0.1622 0.0973 0.1334 0.1477 0.0802 0.2222 
         534  1 0.1650 0.0661 0.0854 0.1351 0.1310 0.1018 0.1173 0.1984 
         535  1 0.0489 0.0568 0.1223 0.0761 0.1560 0.3565 0.1408 0.0427 
         536  1 0.2385 0.0530 0.0802 0.1107 0.1635 0.1530 0.1238 0.0775 
         537  1 0.0977 0.0553 0.0578 0.1879 0.1782 0.1075 0.2248 0.0909 
         538  1 0.0849 0.1191 0.1953 0.1712 0.1816 0.0885 0.0523 0.1070 
         539  1 0.0633 0.2387 0.0580 0.0566 0.0913 0.0779 0.3197 0.0944 
         540  1 0.0616 0.0454 0.0759 0.1474 0.2695 0.2424 0.1067 0.0510 
         541  1 0.1271 0.0985 0.0728 0.1802 0.1775 0.1397 0.1102 0.0940 
         542  1 0.1109 0.1115 0.1005 0.0751 0.1902 0.2085 0.1577 0.0458 
         543  1 0.0429 0.0746 0.1413 0.0735 0.1693 0.2312 0.1459 0.1212 
         544  1 0.0645 0.2357 0.2112 0.0565 0.1332 0.0858 0.0607 0.1524 
         545  1 0.2381 0.1793 0.0451 0.1069 0.1176 0.0801 0.0624 0.1706 
         546  1 0.0556 0.0608 0.1037 0.0437 0.1132 0.1493 0.1917 0.2820 
         547  1 0.1070 0.1548 0.0886 0.1012 0.1126 0.1123 0.0512 0.2723 
