           1  1 0.3483 0.2840 0.3677 
           2  1 0.2348 0.5013 0.2639 
           3  1 0.2927 0.2634 0.4439 
           4  1 0.4827 0.2641 0.2532 
           5  1 0.3505 0.2493 0.4002 
           6  1 0.3214 0.2899 0.3888 
           7  1 0.3212 0.3517 0.3270 
           8  1 0.3249 0.3183 0.3568 
           9  1 0.3637 0.2917 0.3446 
          10  1 0.4006 0.3846 0.2148 
          11  1 0.3542 0.2718 0.3740 
          12  1 0.4416 0.2900 0.2684 
          13  1 0.3357 0.2571 0.4071 
          14  1 0.2764 0.2356 0.4880 
          15  1 0.3676 0.1770 0.4554 
          16  1 0.2996 0.3072 0.3931 
          17  1 0.2766 0.3565 0.3669 
          18  1 0.3619 0.2665 0.3716 
          19  1 0.3376 0.4077 0.2547 
          20  1 0.2828 0.3559 0.3613 
          21  1 0.3259 0.2851 0.3890 
          22  1 0.3141 0.3334 0.3525 
          23  1 0.3663 0.3219 0.3117 
          24  1 0.2837 0.4179 0.2984 
          25  1 0.3096 0.3177 0.3726 
          26  1 0.4082 0.2402 0.3517 
          27  1 0.2372 0.5765 0.1862 
          28  1 0.2493 0.2619 0.4888 
          29  1 0.4548 0.3525 0.1927 
          30  1 0.3393 0.1873 0.4733 
          31  1 0.3147 0.3829 0.3024 
          32  1 0.4168 0.2451 0.3381 
          33  1 0.2150 0.2747 0.5103 
          34  1 0.3039 0.3267 0.3694 
          35  1 0.3780 0.2360 0.3860 
          36  1 0.4408 0.2132 0.3460 
          37  1 0.3708 0.3985 0.2307 
          38  1 0.4255 0.3836 0.1909 
          39  1 0.3520 0.2123 0.4357 
          40  1 0.3032 0.3318 0.3649 
          41  1 0.5015 0.2359 0.2626 
          42  1 0.2886 0.4005 0.3109 
          43  1 0.3235 0.4096 0.2668 
          44  1 0.3339 0.3101 0.3561 
          45  1 0.2612 0.2857 0.4531 
          46  1 0.1833 0.5475 0.2692 
          47  1 0.4025 0.2221 0.3754 
          48  1 0.4216 0.3605 0.2179 
          49  1 0.3289 0.2820 0.3891 
          50  1 0.3185 0.3120 0.3695 
          51  1 0.3028 0.2973 0.3999 
          52  1 0.2354 0.2967 0.4679 
          53  1 0.3001 0.2300 0.4699 
          54  1 0.3735 0.3673 0.2592 
          55  1 0.2127 0.5348 0.2524 
          56  1 0.3103 0.4584 0.2312 
          57  1 0.1511 0.5452 0.3037 
          58  1 0.2827 0.3720 0.3453 
          59  1 0.1736 0.2514 0.5750 
          60  1 0.3598 0.2994 0.3408 
          61  1 0.3827 0.3112 0.3061 
          62  1 0.4141 0.2442 0.3417 
          63  1 0.4387 0.2953 0.2660 
          64  1 0.3472 0.3026 0.3502 
          65  1 0.2319 0.4552 0.3128 
          66  1 0.2908 0.4718 0.2375 
          67  1 0.4057 0.2119 0.3824 
          68  1 0.4176 0.2963 0.2862 
          69  1 0.3804 0.4054 0.2142 
          70  1 0.3936 0.3117 0.2947 
          71  1 0.1620 0.5532 0.2848 
          72  1 0.1670 0.4191 0.4139 
          73  1 0.4119 0.3669 0.2211 
          74  1 0.2995 0.3385 0.3621 
          75  1 0.2892 0.2855 0.4253 
          76  1 0.4384 0.2749 0.2867 
          77  1 0.2913 0.3931 0.3157 
          78  1 0.4775 0.2483 0.2742 
          79  1 0.4665 0.2860 0.2475 
          80  1 0.3701 0.1612 0.4687 
          81  1 0.2950 0.2465 0.4585 
          82  1 0.2493 0.2769 0.4738 
          83  1 0.3885 0.1928 0.4187 
          84  1 0.4514 0.1979 0.3507 
          85  1 0.2558 0.5163 0.2279 
          86  1 0.2791 0.3169 0.4039 
          87  1 0.2977 0.3739 0.3283 
          88  1 0.3173 0.4540 0.2287 
          89  1 0.2160 0.3604 0.4236 
          90  1 0.2607 0.4563 0.2830 
          91  1 0.3677 0.3034 0.3289 
          92  1 0.3934 0.3313 0.2753 
          93  1 0.2266 0.3634 0.4100 
          94  1 0.2505 0.3421 0.4074 
          95  1 0.5329 0.1948 0.2723 
          96  1 0.5546 0.2424 0.2029 
          97  1 0.3264 0.3053 0.3683 
          98  1 0.4926 0.1961 0.3113 
          99  1 0.2428 0.3418 0.4154 
         100  1 0.3766 0.3266 0.2968 
         101  1 0.2431 0.4002 0.3567 
         102  1 0.3131 0.2331 0.4538 
         103  1 0.2887 0.3217 0.3896 
         104  1 0.4100 0.3112 0.2788 
         105  1 0.3382 0.2859 0.3759 
         106  1 0.2104 0.4406 0.3490 
         107  1 0.3946 0.3700 0.2353 
         108  1 0.3089 0.2961 0.3951 
         109  1 0.3111 0.2403 0.4486 
         110  1 0.4060 0.3420 0.2520 
         111  1 0.4509 0.1786 0.3705 
         112  1 0.2728 0.3044 0.4228 
         113  1 0.2694 0.3073 0.4233 
         114  1 0.3086 0.3578 0.3336 
         115  1 0.2017 0.5216 0.2767 
         116  1 0.2200 0.4720 0.3080 
         117  1 0.2857 0.4932 0.2211 
         118  1 0.2656 0.4372 0.2973 
         119  1 0.2210 0.4163 0.3627 
         120  1 0.2330 0.3148 0.4523 
         121  1 0.2942 0.3884 0.3173 
         122  1 0.5566 0.2518 0.1916 
         123  1 0.4431 0.3115 0.2454 
         124  1 0.2608 0.5438 0.1954 
         125  1 0.2014 0.5431 0.2555 
         126  1 0.1938 0.6397 0.1665 
         127  1 0.2590 0.5078 0.2332 
         128  1 0.3796 0.3176 0.3028 
         129  1 0.3477 0.4171 0.2352 
         130  1 0.3879 0.1981 0.4140 
         131  1 0.3983 0.2312 0.3705 
         132  1 0.3342 0.2804 0.3854 
         133  1 0.3875 0.3059 0.3067 
         134  1 0.4465 0.2029 0.3506 
         135  1 0.2009 0.3020 0.4971 
         136  1 0.4831 0.2261 0.2908 
         137  1 0.4470 0.1561 0.3970 
         138  1 0.5314 0.1830 0.2856 
         139  1 0.3044 0.2934 0.4022 
         140  1 0.2959 0.2645 0.4396 
         141  1 0.2186 0.2216 0.5599 
         142  1 0.3431 0.2984 0.3585 
         143  1 0.2611 0.3024 0.4366 
         144  1 0.2934 0.4679 0.2387 
         145  1 0.3944 0.3370 0.2686 
         146  1 0.1744 0.3285 0.4971 
         147  1 0.5464 0.2091 0.2444 
         148  1 0.3002 0.3484 0.3514 
         149  1 0.4148 0.3243 0.2610 
         150  1 0.5400 0.2038 0.2562 
         151  1 0.2947 0.3346 0.3707 
         152  1 0.2513 0.3307 0.4180 
         153  1 0.2856 0.4071 0.3073 
         154  1 0.4019 0.2353 0.3628 
         155  1 0.4329 0.2847 0.2824 
         156  1 0.4395 0.3712 0.1893 
         157  1 0.3804 0.2730 0.3466 
         158  1 0.3792 0.2148 0.4060 
         159  1 0.3334 0.2895 0.3771 
         160  1 0.4940 0.1670 0.3389 
         161  1 0.2843 0.2537 0.4620 
         162  1 0.3270 0.3616 0.3113 
         163  1 0.3508 0.3867 0.2624 
         164  1 0.3537 0.2255 0.4208 
         165  1 0.3343 0.3658 0.2998 
         166  1 0.4377 0.2075 0.3548 
         167  1 0.4089 0.3681 0.2230 
         168  1 0.4519 0.1737 0.3744 
         169  1 0.2583 0.3786 0.3631 
         170  1 0.1600 0.2403 0.5997 
         171  1 0.4071 0.2287 0.3642 
         172  1 0.2908 0.3915 0.3177 
         173  1 0.2066 0.3060 0.4874 
         174  1 0.2452 0.4237 0.3311 
         175  1 0.2512 0.3499 0.3989 
         176  1 0.3055 0.2287 0.4658 
         177  1 0.2356 0.4627 0.3018 
         178  1 0.3064 0.3153 0.3783 
         179  1 0.3401 0.4122 0.2477 
         180  1 0.4545 0.2199 0.3257 
         181  1 0.3170 0.2421 0.4409 
         182  1 0.5951 0.1835 0.2214 
         183  1 0.3994 0.2973 0.3033 
         184  1 0.3176 0.2805 0.4020 
         185  1 0.2569 0.4816 0.2615 
         186  1 0.2691 0.4749 0.2561 
         187  1 0.5054 0.2524 0.2422 
         188  1 0.2728 0.4593 0.2679 
         189  1 0.2696 0.4330 0.2975 
         190  1 0.1931 0.4500 0.3569 
         191  1 0.2080 0.4459 0.3461 
         192  1 0.3874 0.2367 0.3759 
         193  1 0.2376 0.3602 0.4022 
         194  1 0.5103 0.1573 0.3325 
         195  1 0.2402 0.2195 0.5402 
         196  1 0.1988 0.4920 0.3092 
         197  1 0.2606 0.4007 0.3387 
         198  1 0.2055 0.4038 0.3907 
         199  1 0.3311 0.5133 0.1557 
         200  1 0.3684 0.4385 0.1931 
         201  1 0.3329 0.4297 0.2374 
         202  1 0.5515 0.2124 0.2361 
         203  1 0.3101 0.4023 0.2876 
         204  1 0.2085 0.5677 0.2237 
         205  1 0.3677 0.4058 0.2265 
         206  1 0.4099 0.3999 0.1902 
         207  1 0.3013 0.2840 0.4147 
         208  1 0.3720 0.2179 0.4101 
         209  1 0.2269 0.4884 0.2847 
         210  1 0.2549 0.3998 0.3453 
         211  1 0.1913 0.5256 0.2831 
         212  1 0.6218 0.1871 0.1911 
         213  1 0.2328 0.3311 0.4361 
         214  1 0.1567 0.5342 0.3090 
         215  1 0.2376 0.3849 0.3775 
         216  1 0.3118 0.2491 0.4391 
         217  1 0.2482 0.4571 0.2947 
         218  1 0.3063 0.2722 0.4216 
         219  1 0.1333 0.6755 0.1912 
         220  1 0.4729 0.3333 0.1938 
         221  1 0.3718 0.4060 0.2222 
         222  1 0.3535 0.2397 0.4068 
         223  1 0.2126 0.5493 0.2382 
         224  1 0.2859 0.5203 0.1938 
         225  1 0.1945 0.4483 0.3573 
         226  1 0.2213 0.4513 0.3274 
         227  1 0.3049 0.3617 0.3335 
         228  1 0.5986 0.1938 0.2077 
         229  1 0.3810 0.3391 0.2799 
         230  1 0.1754 0.6107 0.2139 
         231  1 0.1831 0.6329 0.1840 
         232  1 0.3254 0.3210 0.3535 
         233  1 0.5245 0.1812 0.2943 
         234  1 0.3056 0.3578 0.3366 
         235  1 0.3230 0.4069 0.2701 
         236  1 0.4373 0.1937 0.3690 
         237  1 0.2627 0.3886 0.3486 
         238  1 0.3375 0.2973 0.3652 
         239  1 0.4258 0.1726 0.4016 
         240  1 0.1881 0.2999 0.5121 
         241  1 0.2067 0.3868 0.4065 
         242  1 0.4019 0.3285 0.2697 
         243  1 0.3438 0.3475 0.3088 
         244  1 0.2239 0.1927 0.5833 
         245  1 0.2216 0.1918 0.5866 
         246  1 0.4000 0.3392 0.2608 
         247  1 0.2672 0.3239 0.4089 
         248  1 0.2098 0.3075 0.4827 
         249  1 0.3681 0.3818 0.2501 
         250  1 0.1542 0.5048 0.3410 
         251  1 0.3527 0.3063 0.3410 
         252  1 0.3537 0.2611 0.3852 
         253  1 0.3265 0.2497 0.4238 
         254  1 0.3968 0.2890 0.3142 
         255  1 0.2827 0.3322 0.3851 
         256  1 0.2485 0.3431 0.4084 
         257  1 0.2894 0.4930 0.2176 
         258  1 0.4958 0.2085 0.2958 
         259  1 0.1927 0.4388 0.3685 
         260  1 0.2844 0.2944 0.4212 
         261  1 0.3454 0.2997 0.3549 
         262  1 0.4323 0.2696 0.2981 
         263  1 0.4504 0.2045 0.3451 
         264  1 0.4087 0.2256 0.3657 
         265  1 0.2868 0.3758 0.3374 
         266  1 0.2094 0.4292 0.3614 
         267  1 0.3930 0.3360 0.2710 
         268  1 0.3005 0.2130 0.4865 
         269  1 0.3572 0.4065 0.2362 
         270  1 0.1911 0.5616 0.2473 
         271  1 0.3589 0.4033 0.2378 
         272  1 0.2954 0.2941 0.4106 
         273  1 0.3298 0.3865 0.2836 
         274  1 0.5867 0.2468 0.1665 
         275  1 0.2602 0.3657 0.3741 
         276  1 0.2538 0.1885 0.5576 
         277  1 0.1947 0.5506 0.2547 
         278  1 0.2382 0.3064 0.4554 
         279  1 0.3097 0.3249 0.3654 
         280  1 0.1897 0.4984 0.3119 
         281  1 0.2523 0.4443 0.3034 
         282  1 0.2907 0.2562 0.4531 
         283  1 0.5373 0.1967 0.2660 
         284  1 0.2723 0.3119 0.4158 
         285  1 0.5220 0.2748 0.2031 
         286  1 0.3138 0.2322 0.4541 
         287  1 0.2836 0.2093 0.5071 
         288  1 0.3082 0.4558 0.2359 
         289  1 0.5382 0.2110 0.2508 
         290  1 0.2921 0.3255 0.3823 
         291  1 0.3935 0.3090 0.2976 
         292  1 0.3364 0.3196 0.3441 
         293  1 0.4908 0.2734 0.2358 
         294  1 0.2767 0.3521 0.3711 
         295  1 0.4341 0.2644 0.3015 
         296  1 0.3099 0.3908 0.2993 
         297  1 0.4862 0.2425 0.2713 
         298  1 0.2724 0.2317 0.4958 
         299  1 0.5310 0.2626 0.2063 
         300  1 0.2573 0.3723 0.3703 
         301  1 0.2399 0.3017 0.4584 
         302  1 0.2255 0.3256 0.4489 
         303  1 0.4395 0.2821 0.2784 
         304  1 0.1871 0.4204 0.3925 
         305  1 0.2321 0.4217 0.3461 
         306  1 0.1744 0.3992 0.4264 
         307  1 0.3173 0.3103 0.3724 
         308  1 0.4457 0.2294 0.3249 
         309  1 0.4880 0.3045 0.2074 
         310  1 0.4776 0.1938 0.3286 
         311  1 0.4300 0.2213 0.3486 
         312  1 0.2104 0.3508 0.4388 
         313  1 0.5761 0.2312 0.1927 
         314  1 0.3197 0.4439 0.2364 
         315  1 0.4103 0.2415 0.3482 
         316  1 0.2663 0.1658 0.5679 
         317  1 0.3408 0.2566 0.4026 
         318  1 0.4038 0.2227 0.3735 
         319  1 0.1924 0.3723 0.4353 
         320  1 0.3369 0.2904 0.3727 
         321  1 0.4083 0.3497 0.2420 
         322  1 0.2424 0.3855 0.3721 
         323  1 0.2422 0.4788 0.2790 
         324  1 0.2689 0.4113 0.3199 
         325  1 0.3528 0.2319 0.4152 
         326  1 0.2804 0.4110 0.3086 
         327  1 0.2934 0.3883 0.3183 
         328  1 0.3853 0.3310 0.2837 
         329  1 0.4017 0.2723 0.3260 
         330  1 0.4312 0.1907 0.3781 
         331  1 0.2283 0.2315 0.5402 
         332  1 0.3397 0.2521 0.4082 
         333  1 0.3457 0.3642 0.2901 
         334  1 0.3880 0.3216 0.2904 
         335  1 0.4185 0.3046 0.2768 
         336  1 0.3901 0.2751 0.3348 
         337  1 0.2499 0.3152 0.4349 
         338  1 0.2265 0.3706 0.4030 
         339  1 0.2587 0.4070 0.3343 
         340  1 0.2843 0.3863 0.3293 
         341  1 0.3685 0.3194 0.3121 
         342  1 0.3729 0.2588 0.3684 
         343  1 0.4995 0.2605 0.2400 
         344  1 0.4879 0.1617 0.3503 
         345  1 0.3684 0.3297 0.3018 
         346  1 0.3683 0.3353 0.2964 
         347  1 0.4508 0.2673 0.2819 
         348  1 0.3632 0.2150 0.4217 
         349  1 0.4174 0.3121 0.2705 
         350  1 0.3072 0.3104 0.3824 
         351  1 0.3127 0.3833 0.3040 
         352  1 0.3623 0.2578 0.3800 
         353  1 0.3555 0.3553 0.2892 
         354  1 0.2312 0.4566 0.3121 
         355  1 0.3650 0.2167 0.4183 
         356  1 0.2691 0.4816 0.2493 
         357  1 0.2664 0.4588 0.2749 
         358  1 0.5334 0.2559 0.2107 
         359  1 0.2969 0.4657 0.2374 
         360  1 0.3246 0.3056 0.3699 
         361  1 0.3535 0.1812 0.4654 
         362  1 0.2365 0.4632 0.3003 
         363  1 0.2211 0.4665 0.3124 
         364  1 0.3383 0.4001 0.2617 
         365  1 0.4555 0.3638 0.1807 
         366  1 0.4377 0.3068 0.2554 
         367  1 0.3537 0.3409 0.3054 
         368  1 0.3462 0.3443 0.3096 
         369  1 0.2772 0.4972 0.2256 
         370  1 0.3299 0.3048 0.3653 
         371  1 0.3753 0.3361 0.2886 
         372  1 0.2880 0.2398 0.4722 
         373  1 0.4368 0.2878 0.2755 
         374  1 0.4731 0.2656 0.2613 
         375  1 0.4485 0.3866 0.1648 
         376  1 0.4534 0.2528 0.2938 
         377  1 0.4019 0.3850 0.2132 
         378  1 0.3468 0.3365 0.3167 
         379  1 0.3025 0.4308 0.2667 
         380  1 0.5673 0.1726 0.2601 
         381  1 0.2800 0.3579 0.3622 
         382  1 0.3489 0.2888 0.3622 
         383  1 0.2722 0.2446 0.4832 
         384  1 0.3815 0.3061 0.3125 
         385  1 0.2191 0.4310 0.3499 
         386  1 0.2717 0.3295 0.3988 
         387  1 0.3007 0.2723 0.4270 
         388  1 0.3477 0.3530 0.2993 
         389  1 0.3381 0.2925 0.3694 
         390  1 0.3096 0.2991 0.3914 
         391  1 0.2479 0.4897 0.2625 
         392  1 0.3520 0.2580 0.3900 
         393  1 0.5018 0.2639 0.2342 
         394  1 0.3225 0.3487 0.3288 
         395  1 0.2556 0.3492 0.3952 
         396  1 0.3291 0.3289 0.3420 
         397  1 0.3342 0.3854 0.2803 
         398  1 0.3024 0.3537 0.3439 
         399  1 0.3722 0.2443 0.3834 
         400  1 0.5006 0.2481 0.2513 
         401  1 0.2846 0.2659 0.4495 
         402  1 0.3622 0.2911 0.3467 
         403  1 0.2559 0.4150 0.3291 
         404  1 0.3949 0.3569 0.2482 
         405  1 0.2386 0.4324 0.3290 
         406  1 0.4947 0.2196 0.2857 
         407  1 0.3254 0.3390 0.3356 
         408  1 0.2727 0.2025 0.5248 
         409  1 0.3287 0.1565 0.5148 
         410  1 0.3036 0.3361 0.3603 
         411  1 0.4954 0.2199 0.2848 
         412  1 0.2376 0.4334 0.3290 
         413  1 0.3653 0.2061 0.4286 
         414  1 0.3511 0.4455 0.2034 
         415  1 0.2632 0.3799 0.3569 
         416  1 0.2469 0.4715 0.2815 
         417  1 0.3521 0.2508 0.3970 
         418  1 0.4034 0.2563 0.3403 
         419  1 0.3138 0.3471 0.3391 
         420  1 0.3643 0.3354 0.3002 
         421  1 0.1724 0.4129 0.4147 
         422  1 0.3884 0.3644 0.2472 
         423  1 0.3087 0.3774 0.3140 
         424  1 0.2919 0.2823 0.4258 
         425  1 0.5019 0.2799 0.2182 
         426  1 0.2078 0.4712 0.3210 
         427  1 0.4030 0.2883 0.3087 
         428  1 0.3457 0.3766 0.2777 
         429  1 0.3051 0.2828 0.4122 
         430  1 0.3163 0.4210 0.2627 
         431  1 0.3873 0.2068 0.4059 
         432  1 0.2555 0.5262 0.2183 
         433  1 0.3182 0.3886 0.2933 
         434  1 0.3237 0.3897 0.2866 
         435  1 0.4537 0.2554 0.2909 
         436  1 0.2376 0.3936 0.3688 
         437  1 0.4387 0.3489 0.2124 
         438  1 0.3575 0.2497 0.3929 
         439  1 0.3005 0.2523 0.4472 
         440  1 0.2744 0.2913 0.4343 
         441  1 0.2992 0.2382 0.4626 
         442  1 0.3835 0.1984 0.4181 
         443  1 0.3713 0.3479 0.2807 
         444  1 0.2644 0.4673 0.2683 
         445  1 0.3693 0.2996 0.3311 
         446  1 0.3593 0.3408 0.2999 
         447  1 0.3841 0.3094 0.3065 
         448  1 0.3488 0.2770 0.3742 
         449  1 0.3880 0.2066 0.4055 
         450  1 0.2799 0.3445 0.3756 
         451  1 0.2964 0.2501 0.4534 
         452  1 0.2740 0.4820 0.2440 
         453  1 0.2502 0.4035 0.3463 
         454  1 0.2425 0.3983 0.3592 
         455  1 0.3290 0.3850 0.2860 
         456  1 0.2614 0.4653 0.2733 
         457  1 0.1383 0.5101 0.3516 
         458  1 0.4468 0.3117 0.2414 
         459  1 0.3022 0.3014 0.3965 
         460  1 0.3147 0.3374 0.3479 
         461  1 0.3924 0.3128 0.2948 
         462  1 0.3187 0.2375 0.4439 
         463  1 0.3796 0.3447 0.2757 
         464  1 0.2963 0.3231 0.3806 
         465  1 0.4006 0.2489 0.3505 
         466  1 0.2602 0.4263 0.3135 
         467  1 0.2199 0.5236 0.2565 
         468  1 0.4105 0.2938 0.2957 
         469  1 0.2562 0.5181 0.2257 
         470  1 0.2227 0.4409 0.3364 
         471  1 0.3691 0.3464 0.2845 
         472  1 0.1755 0.3990 0.4255 
         473  1 0.2809 0.3987 0.3204 
         474  1 0.2669 0.3019 0.4312 
         475  1 0.3225 0.3367 0.3408 
         476  1 0.3691 0.3480 0.2829 
         477  1 0.4063 0.3149 0.2787 
         478  1 0.4102 0.2928 0.2970 
         479  1 0.4411 0.2854 0.2735 
         480  1 0.2443 0.3069 0.4488 
         481  1 0.4605 0.2335 0.3059 
         482  1 0.5087 0.1950 0.2963 
         483  1 0.2706 0.3991 0.3303 
         484  1 0.3183 0.3583 0.3234 
         485  1 0.3953 0.2166 0.3881 
         486  1 0.3082 0.1918 0.5000 
         487  1 0.2723 0.2100 0.5178 
         488  1 0.3149 0.3038 0.3813 
         489  1 0.2704 0.2700 0.4596 
         490  1 0.4246 0.2238 0.3516 
         491  1 0.2274 0.2105 0.5621 
         492  1 0.3558 0.2787 0.3655 
         493  1 0.5088 0.1900 0.3012 
         494  1 0.3242 0.2779 0.3978 
         495  1 0.3041 0.2526 0.4433 
         496  1 0.4353 0.2367 0.3280 
         497  1 0.3911 0.2068 0.4021 
         498  1 0.3831 0.3101 0.3068 
         499  1 0.2657 0.4015 0.3328 
         500  1 0.3141 0.4608 0.2251 
         501  1 0.4528 0.3319 0.2154 
         502  1 0.4248 0.3063 0.2689 
         503  1 0.5795 0.2186 0.2019 
         504  1 0.5386 0.2048 0.2566 
         505  1 0.5234 0.2881 0.1885 
         506  1 0.2504 0.5069 0.2427 
         507  1 0.4884 0.2472 0.2644 
         508  1 0.4205 0.2927 0.2868 
         509  1 0.2923 0.4233 0.2845 
         510  1 0.4301 0.2914 0.2785 
         511  1 0.2484 0.3086 0.4430 
         512  1 0.2108 0.5508 0.2384 
         513  1 0.2841 0.2978 0.4181 
         514  1 0.4361 0.1868 0.3770 
         515  1 0.3323 0.3169 0.3508 
         516  1 0.1837 0.4607 0.3556 
         517  1 0.2946 0.3827 0.3227 
         518  1 0.5212 0.1984 0.2804 
         519  1 0.1968 0.4813 0.3219 
         520  1 0.2360 0.5420 0.2220 
         521  1 0.2073 0.5652 0.2275 
         522  1 0.3030 0.3225 0.3746 
         523  1 0.5135 0.2646 0.2219 
         524  1 0.3440 0.2937 0.3623 
         525  1 0.3353 0.2338 0.4309 
         526  1 0.2387 0.3243 0.4370 
         527  1 0.3868 0.2024 0.4108 
         528  1 0.3850 0.2276 0.3874 
         529  1 0.3100 0.2885 0.4015 
         530  1 0.3704 0.3196 0.3100 
         531  1 0.5230 0.1911 0.2859 
         532  1 0.5143 0.2064 0.2794 
         533  1 0.3790 0.3381 0.2829 
         534  1 0.2847 0.3028 0.4125 
         535  1 0.5584 0.1854 0.2562 
         536  1 0.2858 0.2394 0.4748 
         537  1 0.2444 0.2196 0.5360 
         538  1 0.2266 0.3637 0.4097 
         539  1 0.3066 0.3911 0.3023 
         540  1 0.3140 0.1725 0.5136 
         541  1 0.2758 0.2709 0.4533 
         542  1 0.3749 0.2744 0.3507 
         543  1 0.4827 0.2685 0.2488 
         544  1 0.2546 0.4966 0.2487 
         545  1 0.1653 0.3962 0.4385 
         546  1 0.4417 0.3124 0.2459 
         547  1 0.2515 0.4506 0.2979 
         548  1 0.4249 0.3401 0.2350 
         549  1 0.2600 0.4215 0.3185 
         550  1 0.2251 0.3098 0.4651 
         551  1 0.2965 0.2356 0.4679 
         552  1 0.3667 0.2445 0.3888 
         553  1 0.2337 0.4418 0.3245 
         554  1 0.2050 0.4365 0.3586 
         555  1 0.3395 0.2282 0.4323 
         556  1 0.2220 0.3481 0.4299 
         557  1 0.2682 0.3341 0.3977 
         558  1 0.3931 0.3752 0.2317 
         559  1 0.2119 0.4467 0.3414 
         560  1 0.3366 0.3683 0.2951 
         561  1 0.1861 0.5223 0.2916 
         562  1 0.4970 0.2233 0.2797 
         563  1 0.2283 0.3303 0.4414 
         564  1 0.3308 0.3380 0.3312 
         565  1 0.4720 0.2502 0.2778 
         566  1 0.2873 0.3749 0.3378 
         567  1 0.2525 0.2107 0.5369 
         568  1 0.4293 0.1383 0.4324 
         569  1 0.2558 0.2187 0.5255 
         570  1 0.4901 0.2357 0.2743 
         571  1 0.1694 0.4712 0.3595 
         572  1 0.2719 0.3607 0.3674 
         573  1 0.3700 0.3321 0.2979 
         574  1 0.4443 0.2224 0.3333 
         575  1 0.2048 0.3394 0.4558 
         576  1 0.3377 0.2883 0.3739 
         577  1 0.4684 0.2148 0.3168 
         578  1 0.2926 0.4685 0.2389 
         579  1 0.3280 0.2834 0.3886 
         580  1 0.2601 0.2715 0.4684 
         581  1 0.2196 0.4349 0.3455 
         582  1 0.2312 0.5130 0.2558 
         583  1 0.5684 0.2744 0.1572 
         584  1 0.2011 0.3895 0.4094 
         585  1 0.3711 0.1718 0.4571 
         586  1 0.2251 0.4528 0.3222 
         587  1 0.4328 0.1975 0.3697 
         588  1 0.4628 0.1809 0.3564 
         589  1 0.3373 0.3469 0.3158 
         590  1 0.4544 0.1700 0.3756 
         591  1 0.2032 0.4005 0.3963 
         592  1 0.5429 0.1594 0.2978 
         593  1 0.2746 0.3874 0.3380 
         594  1 0.4244 0.2720 0.3036 
         595  1 0.4432 0.2977 0.2590 
         596  1 0.1669 0.5719 0.2612 
         597  1 0.5251 0.1623 0.3126 
         598  1 0.3214 0.2775 0.4011 
         599  1 0.3475 0.2589 0.3936 
         600  1 0.4465 0.1970 0.3565 
         601  1 0.4689 0.2391 0.2920 
         602  1 0.2146 0.1731 0.6123 
         603  1 0.3077 0.2004 0.4919 
         604  1 0.2419 0.4110 0.3471 
         605  1 0.2850 0.2806 0.4343 
         606  1 0.5028 0.2239 0.2733 
         607  1 0.4044 0.2723 0.3233 
         608  1 0.3684 0.2675 0.3641 
         609  1 0.1675 0.4139 0.4185 
         610  1 0.4677 0.3413 0.1910 
         611  1 0.1848 0.5678 0.2474 
         612  1 0.2941 0.3651 0.3408 
         613  1 0.4763 0.1919 0.3318 
         614  1 0.4456 0.2038 0.3506 
         615  1 0.3062 0.2492 0.4445 
         616  1 0.3002 0.3849 0.3149 
         617  1 0.4617 0.2188 0.3195 
         618  1 0.2906 0.2889 0.4205 
         619  1 0.4116 0.2429 0.3455 
         620  1 0.3592 0.3096 0.3312 
         621  1 0.3307 0.2613 0.4079 
         622  1 0.1824 0.4974 0.3202 
         623  1 0.3159 0.3107 0.3734 
         624  1 0.2773 0.4177 0.3050 
         625  1 0.3094 0.1884 0.5022 
         626  1 0.2267 0.4438 0.3295 
         627  1 0.3993 0.2395 0.3613 
         628  1 0.4457 0.2451 0.3093 
         629  1 0.2310 0.2811 0.4879 
         630  1 0.2779 0.3819 0.3402 
         631  1 0.4339 0.2722 0.2940 
         632  1 0.6265 0.1787 0.1948 
         633  1 0.4217 0.1835 0.3948 
         634  1 0.3896 0.3086 0.3018 
         635  1 0.3624 0.3474 0.2901 
         636  1 0.3649 0.3005 0.3345 
         637  1 0.1752 0.3968 0.4279 
         638  1 0.4042 0.2503 0.3456 
         639  1 0.4461 0.1753 0.3786 
         640  1 0.4275 0.2105 0.3620 
         641  1 0.4383 0.2386 0.3232 
         642  1 0.3622 0.1980 0.4399 
         643  1 0.2770 0.4134 0.3096 
         644  1 0.2550 0.2782 0.4667 
         645  1 0.2085 0.3713 0.4202 
         646  1 0.3062 0.4485 0.2453 
         647  1 0.3341 0.3744 0.2915 
         648  1 0.4779 0.2361 0.2861 
         649  1 0.4684 0.1900 0.3416 
         650  1 0.2061 0.4905 0.3033 
         651  1 0.4439 0.2750 0.2811 
         652  1 0.3136 0.4048 0.2815 
         653  1 0.4675 0.2803 0.2522 
         654  1 0.3044 0.3180 0.3776 
         655  1 0.2324 0.4605 0.3071 
         656  1 0.5191 0.2817 0.1993 
         657  1 0.5512 0.2133 0.2355 
         658  1 0.4016 0.1997 0.3988 
         659  1 0.3122 0.3652 0.3226 
         660  1 0.4541 0.2253 0.3206 
         661  1 0.3155 0.4159 0.2686 
         662  1 0.4260 0.2755 0.2985 
         663  1 0.2696 0.4208 0.3096 
         664  1 0.4203 0.3149 0.2649 
         665  1 0.2759 0.4818 0.2423 
         666  1 0.3633 0.2204 0.4164 
         667  1 0.3482 0.2962 0.3556 
         668  1 0.5014 0.2887 0.2099 
         669  1 0.1927 0.4028 0.4045 
         670  1 0.3020 0.4295 0.2685 
         671  1 0.3874 0.3012 0.3113 
         672  1 0.3155 0.3636 0.3209 
         673  1 0.2726 0.3998 0.3276 
         674  1 0.2308 0.4299 0.3393 
         675  1 0.3563 0.3198 0.3240 
         676  1 0.5938 0.2390 0.1672 
         677  1 0.4821 0.2984 0.2195 
         678  1 0.2407 0.2277 0.5316 
         679  1 0.4089 0.1597 0.4315 
         680  1 0.3772 0.2112 0.4116 
         681  1 0.4365 0.3319 0.2317 
         682  1 0.3121 0.3690 0.3189 
         683  1 0.3446 0.3486 0.3068 
         684  1 0.2217 0.5430 0.2353 
         685  1 0.3812 0.3911 0.2278 
         686  1 0.4295 0.3068 0.2637 
         687  1 0.2835 0.2736 0.4429 
         688  1 0.4405 0.2524 0.3072 
         689  1 0.2752 0.5070 0.2178 
         690  1 0.2488 0.2782 0.4730 
         691  1 0.3686 0.4675 0.1639 
         692  1 0.3321 0.3214 0.3465 
         693  1 0.3522 0.2196 0.4282 
         694  1 0.3316 0.3270 0.3413 
         695  1 0.2887 0.2099 0.5014 
         696  1 0.2706 0.2623 0.4671 
         697  1 0.4689 0.2035 0.3275 
         698  1 0.2190 0.4949 0.2861 
         699  1 0.2628 0.3351 0.4021 
         700  1 0.2636 0.4781 0.2583 
         701  1 0.1901 0.3197 0.4901 
         702  1 0.4120 0.3879 0.2002 
         703  1 0.3561 0.3441 0.2998 
         704  1 0.2711 0.3675 0.3615 
         705  1 0.4623 0.2351 0.3026 
         706  1 0.2541 0.5092 0.2367 
         707  1 0.2832 0.4645 0.2522 
         708  1 0.3921 0.2901 0.3178 
         709  1 0.3365 0.2204 0.4432 
         710  1 0.2491 0.4548 0.2961 
         711  1 0.3087 0.2645 0.4269 
         712  1 0.2513 0.4148 0.3339 
         713  1 0.3914 0.2057 0.4029 
         714  1 0.2193 0.5268 0.2539 
         715  1 0.3181 0.3827 0.2992 
         716  1 0.2547 0.4737 0.2716 
         717  1 0.2229 0.4176 0.3596 
         718  1 0.3082 0.3733 0.3185 
         719  1 0.2303 0.4807 0.2889 
         720  1 0.4903 0.2377 0.2720 
         721  1 0.2931 0.3569 0.3500 
         722  1 0.3652 0.2466 0.3882 
         723  1 0.2518 0.3223 0.4259 
         724  1 0.2728 0.2981 0.4291 
         725  1 0.2779 0.3097 0.4125 
         726  1 0.4675 0.3080 0.2245 
         727  1 0.5816 0.1604 0.2580 
         728  1 0.3223 0.2927 0.3851 
         729  1 0.3615 0.2436 0.3949 
         730  1 0.5258 0.2653 0.2089 
         731  1 0.3060 0.3801 0.3139 
         732  1 0.3663 0.2281 0.4056 
         733  1 0.3060 0.3651 0.3289 
         734  1 0.4200 0.2628 0.3171 
         735  1 0.3093 0.2625 0.4282 
         736  1 0.3209 0.1910 0.4881 
         737  1 0.3417 0.3163 0.3420 
         738  1 0.2904 0.4588 0.2508 
         739  1 0.3493 0.3795 0.2712 
         740  1 0.5682 0.1951 0.2367 
         741  1 0.1939 0.4473 0.3588 
         742  1 0.3633 0.3221 0.3147 
         743  1 0.2703 0.4110 0.3187 
         744  1 0.2606 0.1890 0.5504 
         745  1 0.3791 0.3410 0.2799 
         746  1 0.4645 0.3029 0.2326 
         747  1 0.2178 0.5380 0.2442 
         748  1 0.3350 0.3856 0.2795 
         749  1 0.2308 0.4712 0.2980 
         750  1 0.5545 0.1997 0.2459 
         751  1 0.3054 0.3172 0.3773 
         752  1 0.3595 0.2412 0.3993 
         753  1 0.2567 0.2926 0.4507 
         754  1 0.3647 0.3057 0.3295 
         755  1 0.2996 0.4772 0.2232 
         756  1 0.4078 0.3172 0.2750 
         757  1 0.4565 0.1915 0.3520 
         758  1 0.3103 0.3478 0.3418 
         759  1 0.2184 0.2286 0.5530 
         760  1 0.2122 0.4344 0.3533 
         761  1 0.2027 0.4129 0.3844 
         762  1 0.3233 0.3989 0.2779 
         763  1 0.3692 0.2498 0.3810 
         764  1 0.3250 0.2118 0.4633 
         765  1 0.3889 0.4058 0.2053 
         766  1 0.4426 0.2826 0.2748 
         767  1 0.2373 0.3510 0.4116 
         768  1 0.3949 0.2307 0.3744 
         769  1 0.4004 0.2640 0.3356 
         770  1 0.2603 0.4631 0.2765 
         771  1 0.2779 0.3009 0.4212 
         772  1 0.3020 0.3941 0.3038 
         773  1 0.2600 0.3402 0.3998 
         774  1 0.4185 0.3767 0.2048 
         775  1 0.2254 0.3804 0.3942 
         776  1 0.3529 0.2712 0.3760 
         777  1 0.4235 0.2274 0.3491 
         778  1 0.1987 0.3989 0.4024 
         779  1 0.3028 0.4032 0.2940 
         780  1 0.2912 0.2439 0.4649 
         781  1 0.2969 0.2019 0.5012 
         782  1 0.3960 0.3076 0.2964 
         783  1 0.3156 0.2152 0.4692 
         784  1 0.2979 0.4355 0.2666 
         785  1 0.4603 0.3123 0.2275 
         786  1 0.3635 0.3804 0.2561 
         787  1 0.1849 0.4668 0.3482 
         788  1 0.4846 0.3097 0.2057 
         789  1 0.1809 0.6329 0.1862 
         790  1 0.3998 0.2297 0.3705 
         791  1 0.3523 0.4505 0.1973 
         792  1 0.4496 0.3066 0.2438 
         793  1 0.2487 0.2524 0.4989 
         794  1 0.3964 0.2958 0.3078 
         795  1 0.4745 0.2653 0.2602 
         796  1 0.2012 0.4079 0.3909 
         797  1 0.3090 0.3783 0.3128 
         798  1 0.2336 0.4302 0.3362 
         799  1 0.3228 0.4062 0.2710 
         800  1 0.3569 0.3917 0.2514 
         801  1 0.1588 0.3170 0.5242 
         802  1 0.3206 0.4450 0.2344 
         803  1 0.2896 0.4910 0.2194 
         804  1 0.4382 0.2078 0.3541 
         805  1 0.2717 0.4684 0.2599 
         806  1 0.2210 0.3543 0.4247 
         807  1 0.4078 0.1914 0.4008 
         808  1 0.3181 0.2844 0.3974 
         809  1 0.5598 0.2010 0.2392 
         810  1 0.2445 0.4594 0.2961 
         811  1 0.2767 0.3107 0.4125 
         812  1 0.5296 0.2289 0.2415 
         813  1 0.3562 0.3363 0.3075 
         814  1 0.4186 0.2320 0.3494 
         815  1 0.3951 0.2686 0.3363 
         816  1 0.4857 0.2198 0.2944 
         817  1 0.3021 0.2272 0.4707 
         818  1 0.4041 0.2721 0.3238 
         819  1 0.2009 0.4013 0.3978 
         820  1 0.4060 0.3520 0.2420 
         821  1 0.2923 0.2350 0.4727 
         822  1 0.4969 0.1808 0.3223 
         823  1 0.4723 0.2134 0.3143 
         824  1 0.4577 0.2141 0.3282 
         825  1 0.4579 0.2532 0.2888 
         826  1 0.2770 0.3311 0.3919 
         827  1 0.4277 0.3476 0.2247 
         828  1 0.5312 0.1924 0.2764 
         829  1 0.3006 0.4330 0.2664 
         830  1 0.4542 0.1769 0.3689 
         831  1 0.4245 0.3190 0.2565 
         832  1 0.2037 0.4192 0.3771 
         833  1 0.5218 0.2299 0.2483 
         834  1 0.4640 0.1875 0.3486 
         835  1 0.1796 0.4836 0.3368 
         836  1 0.3547 0.3098 0.3355 
         837  1 0.3576 0.2617 0.3808 
         838  1 0.5170 0.2075 0.2755 
         839  1 0.3641 0.2792 0.3567 
         840  1 0.2550 0.3965 0.3486 
         841  1 0.3147 0.4648 0.2205 
         842  1 0.4286 0.2758 0.2956 
         843  1 0.3719 0.3651 0.2629 
         844  1 0.4204 0.2551 0.3245 
         845  1 0.3249 0.3450 0.3301 
         846  1 0.1717 0.5107 0.3175 
         847  1 0.1977 0.2598 0.5425 
         848  1 0.1676 0.2507 0.5817 
         849  1 0.3213 0.2654 0.4132 
         850  1 0.3728 0.2833 0.3439 
         851  1 0.2976 0.2417 0.4608 
         852  1 0.3301 0.3886 0.2813 
         853  1 0.2765 0.4495 0.2740 
         854  1 0.1759 0.2166 0.6075 
         855  1 0.2881 0.3521 0.3598 
         856  1 0.3637 0.2226 0.4138 
         857  1 0.3979 0.3744 0.2277 
         858  1 0.4567 0.3450 0.1982 
         859  1 0.4528 0.3431 0.2042 
         860  1 0.2971 0.3920 0.3109 
         861  1 0.2205 0.4017 0.3778 
         862  1 0.3581 0.3594 0.2825 
         863  1 0.2290 0.3541 0.4169 
         864  1 0.1961 0.3710 0.4329 
         865  1 0.3615 0.2360 0.4025 
         866  1 0.3213 0.3619 0.3169 
         867  1 0.3130 0.3055 0.3815 
         868  1 0.3456 0.2201 0.4343 
         869  1 0.1890 0.4201 0.3909 
         870  1 0.3907 0.1915 0.4179 
         871  1 0.2426 0.3141 0.4433 
         872  1 0.5176 0.2983 0.1841 
         873  1 0.2505 0.4505 0.2990 
         874  1 0.4523 0.2692 0.2785 
         875  1 0.2880 0.3099 0.4022 
         876  1 0.5010 0.1759 0.3232 
         877  1 0.2942 0.2475 0.4583 
         878  1 0.2231 0.3865 0.3903 
         879  1 0.1842 0.3043 0.5115 
         880  1 0.2306 0.4710 0.2984 
         881  1 0.2884 0.2796 0.4320 
         882  1 0.3401 0.3810 0.2789 
         883  1 0.2857 0.3205 0.3938 
         884  1 0.5899 0.1788 0.2313 
         885  1 0.3997 0.2436 0.3568 
         886  1 0.2538 0.3861 0.3602 
         887  1 0.3271 0.4418 0.2310 
         888  1 0.3750 0.1962 0.4287 
         889  1 0.2216 0.3899 0.3885 
         890  1 0.3360 0.3677 0.2963 
         891  1 0.2962 0.3861 0.3177 
         892  1 0.3394 0.2347 0.4259 
         893  1 0.4658 0.2701 0.2641 
         894  1 0.3174 0.2990 0.3836 
         895  1 0.3565 0.2868 0.3568 
         896  1 0.4321 0.2536 0.3143 
         897  1 0.1967 0.4417 0.3617 
         898  1 0.1908 0.5624 0.2468 
         899  1 0.2882 0.3857 0.3261 
         900  1 0.3234 0.1925 0.4841 
         901  1 0.2913 0.2799 0.4288 
         902  1 0.3138 0.3298 0.3564 
         903  1 0.2293 0.3352 0.4355 
         904  1 0.4599 0.2710 0.2691 
         905  1 0.4073 0.3467 0.2460 
         906  1 0.3132 0.3459 0.3409 
         907  1 0.2447 0.3630 0.3923 
         908  1 0.3451 0.3233 0.3316 
         909  1 0.3022 0.3242 0.3737 
         910  1 0.2364 0.4111 0.3526 
         911  1 0.4908 0.2917 0.2175 
         912  1 0.6059 0.1558 0.2383 
         913  1 0.3665 0.2570 0.3765 
         914  1 0.4136 0.3477 0.2388 
         915  1 0.2227 0.4365 0.3408 
         916  1 0.3033 0.3142 0.3825 
         917  1 0.3613 0.3049 0.3337 
         918  1 0.3710 0.2550 0.3740 
         919  1 0.4302 0.2340 0.3358 
         920  1 0.2161 0.4238 0.3601 
         921  1 0.3189 0.4675 0.2136 
         922  1 0.3318 0.3527 0.3155 
         923  1 0.5543 0.1792 0.2665 
         924  1 0.3954 0.3892 0.2154 
         925  1 0.3453 0.2742 0.3805 
         926  1 0.2941 0.2605 0.4454 
         927  1 0.4860 0.2372 0.2768 
         928  1 0.3215 0.3764 0.3021 
         929  1 0.3352 0.3640 0.3008 
         930  1 0.3033 0.4506 0.2460 
         931  1 0.4384 0.2948 0.2667 
         932  1 0.4495 0.2489 0.3017 
         933  1 0.2546 0.3809 0.3645 
         934  1 0.3433 0.4388 0.2179 
         935  1 0.1685 0.4120 0.4195 
         936  1 0.2461 0.5619 0.1920 
         937  1 0.3395 0.3682 0.2923 
         938  1 0.3640 0.3710 0.2650 
         939  1 0.4204 0.2903 0.2893 
         940  1 0.4177 0.1876 0.3947 
         941  1 0.1785 0.4875 0.3340 
         942  1 0.3246 0.2321 0.4432 
         943  1 0.3370 0.3313 0.3316 
         944  1 0.2479 0.2462 0.5059 
         945  1 0.3399 0.3458 0.3143 
         946  1 0.3260 0.3455 0.3285 
         947  1 0.3363 0.3534 0.3102 
         948  1 0.2344 0.4165 0.3491 
         949  1 0.3858 0.2450 0.3692 
         950  1 0.2790 0.4108 0.3101 
         951  1 0.3961 0.3854 0.2185 
         952  1 0.2188 0.3010 0.4802 
         953  1 0.2727 0.4960 0.2314 
         954  1 0.3743 0.2260 0.3997 
         955  1 0.2866 0.3297 0.3837 
         956  1 0.4758 0.2603 0.2639 
         957  1 0.5220 0.2249 0.2531 
         958  1 0.3130 0.3662 0.3209 
         959  1 0.3969 0.2013 0.4018 
         960  1 0.3369 0.3002 0.3628 
         961  1 0.2833 0.3158 0.4009 
         962  1 0.3403 0.2375 0.4222 
         963  1 0.3503 0.2732 0.3765 
         964  1 0.2872 0.3733 0.3396 
         965  1 0.3874 0.2656 0.3470 
         966  1 0.3063 0.4242 0.2695 
         967  1 0.3625 0.3086 0.3289 
         968  1 0.4034 0.3149 0.2817 
         969  1 0.2568 0.5002 0.2430 
         970  1 0.4483 0.2698 0.2819 
         971  1 0.3129 0.3391 0.3479 
         972  1 0.3402 0.2051 0.4548 
         973  1 0.3852 0.2934 0.3214 
         974  1 0.2320 0.4486 0.3194 
         975  1 0.1894 0.4647 0.3459 
         976  1 0.3948 0.3288 0.2764 
         977  1 0.4290 0.2679 0.3030 
         978  1 0.2819 0.4315 0.2867 
         979  1 0.2976 0.1893 0.5132 
         980  1 0.2891 0.2296 0.4812 
         981  1 0.2483 0.4541 0.2976 
         982  1 0.2475 0.2811 0.4714 
         983  1 0.4603 0.1928 0.3469 
         984  1 0.2968 0.4151 0.2881 
         985  1 0.3555 0.3149 0.3297 
         986  1 0.2334 0.4531 0.3135 
         987  1 0.2532 0.5284 0.2184 
         988  1 0.1874 0.5301 0.2825 
         989  1 0.3495 0.4084 0.2421 
         990  1 0.2331 0.5713 0.1957 
         991  1 0.2094 0.6418 0.1488 
         992  1 0.2834 0.2920 0.4246 
         993  1 0.2433 0.4487 0.3080 
         994  1 0.3964 0.2570 0.3466 
         995  1 0.4358 0.3145 0.2497 
         996  1 0.3340 0.4221 0.2439 
         997  1 0.1919 0.5713 0.2368 
         998  1 0.3180 0.3844 0.2976 
         999  1 0.2960 0.4940 0.2100 
        1000  1 0.2218 0.3463 0.4319 
        1001  1 0.2476 0.4489 0.3035 
        1002  1 0.4562 0.3009 0.2429 
        1003  1 0.2463 0.5213 0.2324 
        1004  1 0.3380 0.4052 0.2568 
        1005  1 0.2980 0.3555 0.3465 
        1006  1 0.4659 0.2274 0.3067 
        1007  1 0.2476 0.5508 0.2016 
        1008  1 0.1906 0.4618 0.3475 
        1009  1 0.2496 0.4184 0.3320 
        1010  1 0.1994 0.3626 0.4380 
        1011  1 0.2900 0.2750 0.4350 
        1012  1 0.4135 0.2577 0.3288 
        1013  1 0.1610 0.4946 0.3445 
        1014  1 0.3873 0.2563 0.3564 
        1015  1 0.2195 0.3411 0.4395 
        1016  1 0.2845 0.3883 0.3273 
        1017  1 0.4766 0.2164 0.3071 
        1018  1 0.2690 0.3471 0.3840 
        1019  1 0.4442 0.3214 0.2344 
        1020  1 0.3046 0.4354 0.2600 
        1021  1 0.3472 0.2500 0.4028 
        1022  1 0.3977 0.3083 0.2940 
        1023  1 0.4072 0.3913 0.2015 
        1024  1 0.2917 0.3568 0.3514 
        1025  1 0.2691 0.2882 0.4427 
        1026  1 0.3107 0.3347 0.3547 
        1027  1 0.3726 0.3595 0.2680 
        1028  1 0.1744 0.3587 0.4669 
        1029  1 0.2735 0.3813 0.3452 
        1030  1 0.5102 0.2662 0.2236 
        1031  1 0.2890 0.3430 0.3680 
        1032  1 0.3794 0.1873 0.4332 
        1033  1 0.3861 0.2878 0.3261 
        1034  1 0.3678 0.2656 0.3667 
        1035  1 0.2738 0.2433 0.4829 
        1036  1 0.4224 0.1895 0.3881 
        1037  1 0.1983 0.5018 0.2999 
        1038  1 0.2759 0.4330 0.2911 
        1039  1 0.2650 0.3742 0.3608 
        1040  1 0.3819 0.2229 0.3952 
        1041  1 0.5115 0.2412 0.2473 
        1042  1 0.4508 0.2440 0.3053 
        1043  1 0.4173 0.3071 0.2756 
        1044  1 0.2522 0.4544 0.2934 
        1045  1 0.4155 0.3964 0.1881 
        1046  1 0.3862 0.3043 0.3096 
        1047  1 0.3199 0.3524 0.3277 
        1048  1 0.3871 0.3162 0.2967 
        1049  1 0.4837 0.2553 0.2610 
        1050  1 0.2078 0.2382 0.5540 
        1051  1 0.2297 0.4339 0.3365 
        1052  1 0.2968 0.3974 0.3057 
