  1:   0.3112  0.3486  0.3402  1
  2:   0.3616  0.3100  0.3284  1
  3:   0.3650  0.3104  0.3246  1
  4:   0.3459  0.3255  0.3287  1
  5:   0.3700  0.3095  0.3205  1
  6:   0.3294  0.3384  0.3322  1
  7:   0.3179  0.3427  0.3395  1
  8:   0.3222  0.3416  0.3362  1
  9:   0.3527  0.3185  0.3289  1
 10:   0.3346  0.3316  0.3338  1
 11:   0.3539  0.3199  0.3263  1
 12:   0.3494  0.3226  0.3280  1
 13:   0.3188  0.3404  0.3408  1
 14:   0.2915  0.3685  0.3401  1
 15:   0.3048  0.3520  0.3432  1
 16:   0.3667  0.3093  0.3239  1
 17:   0.3660  0.3096  0.3244  1
 18:   0.2955  0.3617  0.3427  1
 19:   0.3470  0.3236  0.3294  1
 20:   0.3368  0.3274  0.3358  1
 21:   0.3554  0.3158  0.3288  1
 22:   0.3365  0.3271  0.3365  1
 23:   0.3454  0.3224  0.3322  1
 24:   0.3597  0.3109  0.3293  1
 25:   0.3571  0.3151  0.3279  1
 26:   0.3169  0.3431  0.3399  1
 27:   0.3498  0.3220  0.3282  1
 28:   0.3503  0.3203  0.3293  1
 29:   0.3402  0.3270  0.3328  1
 30:   0.3559  0.3175  0.3267  1
 31:   0.3035  0.3599  0.3367  1
 32:   0.3441  0.3309  0.3249  1
 33:   0.3463  0.3229  0.3309  1
 34:   0.3374  0.3300  0.3326  1
 35:   0.3385  0.3291  0.3323  1
 36:   0.3275  0.3401  0.3323  1
 37:   0.3219  0.3407  0.3375  1
 38:   0.3220  0.3392  0.3388  1
 39:   0.3003  0.3607  0.3391  1
 40:   0.3635  0.3107  0.3259  1
 41:   0.3677  0.3063  0.3261  1
 42:   0.3070  0.3556  0.3374  1
 43:   0.3223  0.3413  0.3365  1
 44:   0.3155  0.3449  0.3397  1
 45:   0.3171  0.3473  0.3357  1
 46:   0.3503  0.3195  0.3301  1
 47:   0.3226  0.3394  0.3380  1
 48:   0.3686  0.3056  0.3258  1
 49:   0.2783  0.3791  0.3427  1
 50:   0.3081  0.3537  0.3381  1
 51:   0.3224  0.3432  0.3344  1
 52:   0.3823  0.2967  0.3211  1
 53:   0.3815  0.2971  0.3213  1
 54:   0.3524  0.3202  0.3274  1
 55:   0.3487  0.3209  0.3303  1
 56:   0.3248  0.3366  0.3386  1
 57:   0.3080  0.3552  0.3368  1
 58:   0.3431  0.3267  0.3301  1
 59:   0.3029  0.3593  0.3379  1
 60:   0.2987  0.3617  0.3395  1
 61:   0.3231  0.3433  0.3337  1
 62:   0.3338  0.3312  0.3350  1
 63:   0.3242  0.3420  0.3338  1
 64:   0.3356  0.3348  0.3296  1
 65:   0.3744  0.3047  0.3209  1
 66:   0.3111  0.3543  0.3347  1
 67:   0.3126  0.3520  0.3354  1
 68:   0.3480  0.3230  0.3290  1
 69:   0.3259  0.3407  0.3333  1
 70:   0.3371  0.3341  0.3287  1
 71:   0.3138  0.3508  0.3354  1
 72:   0.3221  0.3419  0.3361  1
 73:   0.3583  0.3121  0.3297  1
 74:   0.2906  0.3664  0.3430  1
 75:   0.3002  0.3576  0.3422  1
 76:   0.3116  0.3484  0.3400  1
 77:   0.3348  0.3338  0.3314  1
 78:   0.3015  0.3567  0.3419  1
 79:   0.3163  0.3449  0.3387  1
 80:   0.2831  0.3797  0.3371  1
 81:   0.3139  0.3473  0.3387  1
 82:   0.3413  0.3285  0.3303  1
 83:   0.3185  0.3445  0.3371  1
 84:   0.3237  0.3405  0.3357  1
 85:   0.3035  0.3579  0.3385  1
 86:   0.3360  0.3298  0.3342  1
 87:   0.3210  0.3434  0.3356  1
 88:   0.3410  0.3264  0.3326  1
 89:   0.3233  0.3419  0.3347  1
 90:   0.3538  0.3182  0.3280  1
 91:   0.3541  0.3183  0.3275  1
 92:   0.3604  0.3112  0.3284  1
 93:   0.3692  0.3082  0.3226  1
 94:   0.3382  0.3298  0.3320  1
 95:   0.3432  0.3274  0.3294  1
 96:   0.3152  0.3494  0.3354  1
 97:   0.3482  0.3214  0.3304  1
 98:   0.3439  0.3261  0.3301  1
 99:   0.3584  0.3156  0.3260  1
100:   0.3692  0.3068  0.3240  1
101:   0.3387  0.3297  0.3317  1
102:   0.3131  0.3475  0.3393  1
103:   0.3605  0.3119  0.3275  1
104:   0.3668  0.3072  0.3260  1
105:   0.3513  0.3189  0.3299  1
106:   0.3199  0.3437  0.3365  1
107:   0.3222  0.3410  0.3368  1
108:   0.3380  0.3308  0.3312  1
109:   0.3430  0.3256  0.3314  1
110:   0.3382  0.3332  0.3286  1
111:   0.3033  0.3599  0.3367  1
112:   0.3524  0.3192  0.3284  1
113:   0.3297  0.3405  0.3299  1
114:   0.3531  0.3171  0.3297  1
115:   0.3277  0.3371  0.3351  1
116:   0.3677  0.3081  0.3243  1
117:   0.3580  0.3184  0.3236  1
118:   0.3138  0.3462  0.3400  1
119:   0.3287  0.3387  0.3327  1
120:   0.3406  0.3274  0.3320  1
121:   0.3368  0.3292  0.3340  1
122:   0.3153  0.3471  0.3377  1
123:   0.3207  0.3417  0.3377  1
124:   0.3610  0.3125  0.3265  1
125:   0.3205  0.3411  0.3383  1
126:   0.3070  0.3566  0.3364  1
127:   0.3347  0.3319  0.3333  1
128:   0.3337  0.3327  0.3335  1
129:   0.3508  0.3186  0.3306  1
130:   0.3269  0.3363  0.3369  1
131:   0.3335  0.3291  0.3373  1
132:   0.3458  0.3230  0.3312  1
133:   0.3473  0.3211  0.3315  1
134:   0.3053  0.3597  0.3351  1
135:   0.3252  0.3378  0.3370  1
136:   0.3197  0.3421  0.3383  1
137:   0.3222  0.3432  0.3346  1
138:   0.3630  0.3124  0.3246  1
139:   0.3432  0.3250  0.3318  1
140:   0.3413  0.3287  0.3299  1
141:   0.3295  0.3373  0.3331  1
142:   0.3522  0.3212  0.3266  1
143:   0.3710  0.3036  0.3254  1
144:   0.3222  0.3420  0.3358  1
145:   0.3334  0.3314  0.3352  1
146:   0.3237  0.3395  0.3367  1
147:   0.3040  0.3558  0.3402  1
148:   0.3066  0.3572  0.3362  1
149:   0.2845  0.3727  0.3427  1
150:   0.3209  0.3445  0.3347  1
