           1  1 0.3372 0.3283 0.3344 
           2  1 0.3325 0.3398 0.3277 
           3  1 0.3296 0.3304 0.3399 
           4  1 0.3309 0.3443 0.3247 
           5  1 0.3376 0.3251 0.3373 
           6  1 0.3386 0.3203 0.3411 
           7  1 0.3372 0.3271 0.3357 
           8  1 0.3298 0.3433 0.3269 
           9  1 0.3360 0.3312 0.3328 
          10  1 0.3358 0.3280 0.3363 
          11  1 0.3396 0.3250 0.3354 
          12  1 0.3361 0.3309 0.3329 
          13  1 0.3334 0.3250 0.3416 
          14  1 0.3334 0.3329 0.3336 
          15  1 0.3388 0.3230 0.3382 
          16  1 0.3366 0.3198 0.3436 
          17  1 0.3287 0.3486 0.3227 
          18  1 0.3380 0.3202 0.3418 
          19  1 0.3383 0.3306 0.3312 
          20  1 0.3342 0.3312 0.3346 
          21  1 0.3328 0.3292 0.3380 
          22  1 0.3380 0.3245 0.3375 
          23  1 0.3334 0.3314 0.3353 
          24  1 0.3383 0.3302 0.3316 
          25  1 0.3302 0.3417 0.3281 
          26  1 0.3320 0.3286 0.3395 
          27  1 0.3375 0.3314 0.3311 
          28  1 0.3340 0.3200 0.3459 
          29  1 0.3352 0.3294 0.3354 
          30  1 0.3351 0.3349 0.3299 
          31  1 0.3258 0.3462 0.3280 
          32  1 0.3270 0.3504 0.3226 
          33  1 0.3244 0.3487 0.3269 
          34  1 0.3375 0.3339 0.3286 
          35  1 0.3311 0.3409 0.3280 
          36  1 0.3258 0.3545 0.3196 
          37  1 0.3356 0.3204 0.3441 
          38  1 0.3251 0.3481 0.3268 
          39  1 0.3362 0.3267 0.3371 
          40  1 0.3291 0.3366 0.3343 
          41  1 0.3302 0.3411 0.3287 
          42  1 0.3293 0.3481 0.3225 
          43  1 0.3297 0.3418 0.3286 
          44  1 0.3346 0.3284 0.3369 
          45  1 0.3405 0.3296 0.3299 
          46  1 0.3341 0.3310 0.3348 
          47  1 0.3257 0.3496 0.3247 
          48  1 0.3281 0.3456 0.3263 
          49  1 0.3291 0.3465 0.3243 
          50  1 0.3303 0.3396 0.3301 
          51  1 0.3272 0.3438 0.3290 
          52  1 0.3360 0.3210 0.3430 
          53  1 0.3270 0.3484 0.3247 
          54  1 0.3316 0.3453 0.3231 
          55  1 0.3340 0.3410 0.3250 
          56  1 0.3275 0.3457 0.3268 
          57  1 0.3349 0.3320 0.3331 
          58  1 0.3375 0.3319 0.3307 
          59  1 0.3321 0.3346 0.3333 
          60  1 0.3370 0.3242 0.3388 
          61  1 0.3304 0.3370 0.3326 
          62  1 0.3380 0.3211 0.3409 
          63  1 0.3313 0.3397 0.3291 
          64  1 0.3340 0.3348 0.3312 
          65  1 0.3343 0.3338 0.3318 
          66  1 0.3371 0.3311 0.3318 
          67  1 0.3350 0.3291 0.3359 
          68  1 0.3335 0.3316 0.3349 
          69  1 0.3402 0.3252 0.3346 
          70  1 0.3408 0.3179 0.3413 
          71  1 0.3383 0.3188 0.3429 
          72  1 0.3347 0.3216 0.3438 
          73  1 0.3323 0.3404 0.3274 
          74  1 0.3375 0.3216 0.3409 
          75  1 0.3410 0.3132 0.3457 
          76  1 0.3345 0.3409 0.3246 
          77  1 0.3350 0.3327 0.3322 
          78  1 0.3347 0.3261 0.3392 
          79  1 0.3342 0.3288 0.3370 
          80  1 0.3375 0.3308 0.3317 
          81  1 0.3312 0.3363 0.3325 
          82  1 0.3383 0.3238 0.3380 
          83  1 0.3389 0.3157 0.3454 
          84  1 0.3379 0.3266 0.3355 
          85  1 0.3329 0.3339 0.3332 
          86  1 0.3351 0.3327 0.3322 
          87  1 0.3311 0.3347 0.3342 
          88  1 0.3276 0.3426 0.3299 
          89  1 0.3368 0.3261 0.3371 
          90  1 0.3384 0.3284 0.3332 
