           1  1 0.1647 0.1644 0.1672 0.1680 0.1664 0.1693 
           2  1 0.1645 0.1706 0.1676 0.1671 0.1666 0.1637 
           3  1 0.1656 0.1648 0.1648 0.1668 0.1647 0.1734 
           4  1 0.1627 0.1658 0.1661 0.1661 0.1685 0.1707 
           5  1 0.1659 0.1651 0.1634 0.1680 0.1683 0.1693 
           6  1 0.1669 0.1685 0.1635 0.1680 0.1677 0.1655 
           7  1 0.1645 0.1688 0.1659 0.1672 0.1686 0.1650 
           8  1 0.1695 0.1659 0.1686 0.1648 0.1657 0.1655 
           9  1 0.1642 0.1650 0.1647 0.1691 0.1713 0.1658 
          10  1 0.1658 0.1648 0.1653 0.1670 0.1678 0.1693 
          11  1 0.1648 0.1698 0.1632 0.1672 0.1706 0.1645 
          12  1 0.1667 0.1648 0.1645 0.1673 0.1696 0.1670 
          13  1 0.1636 0.1662 0.1636 0.1670 0.1705 0.1690 
          14  1 0.1638 0.1657 0.1688 0.1685 0.1654 0.1678 
          15  1 0.1657 0.1667 0.1631 0.1678 0.1696 0.1671 
          16  1 0.1697 0.1674 0.1640 0.1654 0.1700 0.1635 
          17  1 0.1678 0.1671 0.1687 0.1678 0.1645 0.1642 
          18  1 0.1684 0.1664 0.1645 0.1655 0.1667 0.1685 
          19  1 0.1642 0.1673 0.1656 0.1689 0.1661 0.1678 
          20  1 0.1682 0.1666 0.1691 0.1672 0.1643 0.1646 
          21  1 0.1641 0.1674 0.1651 0.1668 0.1659 0.1707 
          22  1 0.1699 0.1684 0.1672 0.1667 0.1663 0.1615 
          23  1 0.1668 0.1660 0.1674 0.1680 0.1656 0.1661 
          24  1 0.1648 0.1659 0.1679 0.1677 0.1663 0.1674 
          25  1 0.1649 0.1678 0.1647 0.1653 0.1665 0.1709 
          26  1 0.1686 0.1682 0.1667 0.1649 0.1678 0.1639 
          27  1 0.1646 0.1664 0.1656 0.1673 0.1676 0.1685 
          28  1 0.1677 0.1704 0.1654 0.1670 0.1665 0.1629 
          29  1 0.1665 0.1674 0.1656 0.1665 0.1662 0.1679 
          30  1 0.1635 0.1673 0.1667 0.1669 0.1654 0.1702 
          31  1 0.1676 0.1676 0.1714 0.1655 0.1654 0.1625 
          32  1 0.1678 0.1645 0.1663 0.1676 0.1639 0.1700 
          33  1 0.1674 0.1624 0.1654 0.1671 0.1636 0.1741 
          34  1 0.1663 0.1664 0.1690 0.1656 0.1677 0.1651 
          35  1 0.1676 0.1667 0.1687 0.1688 0.1637 0.1645 
          36  1 0.1663 0.1646 0.1707 0.1655 0.1636 0.1693 
          37  1 0.1671 0.1686 0.1655 0.1660 0.1699 0.1630 
          38  1 0.1672 0.1631 0.1687 0.1679 0.1652 0.1679 
          39  1 0.1689 0.1680 0.1682 0.1660 0.1660 0.1629 
          40  1 0.1686 0.1665 0.1688 0.1643 0.1668 0.1650 
          41  1 0.1665 0.1659 0.1649 0.1673 0.1658 0.1696 
          42  1 0.1677 0.1666 0.1686 0.1660 0.1624 0.1687 
          43  1 0.1693 0.1672 0.1700 0.1647 0.1642 0.1646 
          44  1 0.1674 0.1665 0.1640 0.1659 0.1689 0.1672 
          45  1 0.1640 0.1697 0.1685 0.1663 0.1659 0.1656 
          46  1 0.1674 0.1659 0.1664 0.1677 0.1671 0.1656 
          47  1 0.1688 0.1652 0.1685 0.1679 0.1625 0.1671 
          48  1 0.1660 0.1619 0.1695 0.1669 0.1637 0.1720 
          49  1 0.1649 0.1658 0.1687 0.1667 0.1641 0.1699 
          50  1 0.1647 0.1641 0.1658 0.1668 0.1673 0.1713 
          51  1 0.1690 0.1693 0.1692 0.1654 0.1660 0.1612 
          52  1 0.1717 0.1707 0.1642 0.1616 0.1664 0.1653 
          53  1 0.1703 0.1713 0.1714 0.1644 0.1621 0.1605 
          54  1 0.1680 0.1661 0.1700 0.1655 0.1631 0.1672 
          55  1 0.1658 0.1660 0.1676 0.1669 0.1684 0.1653 
          56  1 0.1686 0.1674 0.1702 0.1659 0.1643 0.1636 
          57  1 0.1681 0.1690 0.1691 0.1649 0.1652 0.1637 
          58  1 0.1634 0.1659 0.1670 0.1667 0.1695 0.1675 
          59  1 0.1641 0.1642 0.1669 0.1678 0.1717 0.1652 
          60  1 0.1692 0.1688 0.1637 0.1663 0.1692 0.1628 
          61  1 0.1664 0.1636 0.1652 0.1665 0.1680 0.1702 
          62  1 0.1683 0.1698 0.1653 0.1664 0.1675 0.1627 
          63  1 0.1661 0.1643 0.1642 0.1679 0.1644 0.1730 
          64  1 0.1679 0.1658 0.1683 0.1643 0.1669 0.1667 
          65  1 0.1652 0.1657 0.1682 0.1683 0.1669 0.1657 
          66  1 0.1680 0.1689 0.1660 0.1679 0.1677 0.1613 
          67  1 0.1716 0.1690 0.1664 0.1641 0.1654 0.1635 
          68  1 0.1658 0.1669 0.1653 0.1676 0.1674 0.1670 
          69  1 0.1657 0.1658 0.1669 0.1677 0.1702 0.1637 
          70  1 0.1673 0.1680 0.1650 0.1673 0.1693 0.1630 
          71  1 0.1670 0.1697 0.1699 0.1647 0.1652 0.1635 
          72  1 0.1684 0.1700 0.1649 0.1663 0.1666 0.1638 
          73  1 0.1662 0.1657 0.1666 0.1666 0.1663 0.1686 
          74  1 0.1663 0.1677 0.1684 0.1665 0.1662 0.1650 
          75  1 0.1686 0.1685 0.1649 0.1675 0.1686 0.1621 
          76  1 0.1647 0.1629 0.1661 0.1694 0.1684 0.1685 
          77  1 0.1674 0.1660 0.1681 0.1659 0.1647 0.1679 
          78  1 0.1651 0.1665 0.1668 0.1658 0.1707 0.1651 
          79  1 0.1660 0.1680 0.1652 0.1683 0.1661 0.1664 
          80  1 0.1671 0.1674 0.1676 0.1664 0.1670 0.1645 
          81  1 0.1671 0.1649 0.1649 0.1666 0.1664 0.1700 
          82  1 0.1702 0.1682 0.1664 0.1657 0.1682 0.1613 
          83  1 0.1701 0.1710 0.1673 0.1635 0.1647 0.1634 
          84  1 0.1683 0.1652 0.1660 0.1685 0.1664 0.1656 
          85  1 0.1661 0.1681 0.1655 0.1652 0.1676 0.1675 
          86  1 0.1671 0.1641 0.1674 0.1656 0.1688 0.1669 
          87  1 0.1635 0.1654 0.1666 0.1680 0.1653 0.1712 
          88  1 0.1645 0.1616 0.1652 0.1674 0.1663 0.1750 
          89  1 0.1671 0.1698 0.1651 0.1673 0.1651 0.1657 
          90  1 0.1663 0.1658 0.1660 0.1689 0.1671 0.1659 
