           1  1 0.1002 0.0999 0.0998 0.1001 0.1002 0.1002 0.1000 0.1000 0.1000 0.0996 
           2  1 0.0998 0.1001 0.0996 0.0997 0.1003 0.0999 0.1004 0.1000 0.1004 0.0999 
           3  1 0.1003 0.1001 0.0997 0.0998 0.1000 0.0997 0.1001 0.1003 0.1001 0.0999 
           4  1 0.0999 0.1000 0.1001 0.1000 0.1000 0.1004 0.0998 0.1003 0.1000 0.0996 
           5  1 0.1002 0.1000 0.0998 0.1001 0.0998 0.1001 0.1005 0.0996 0.0997 0.1002 
           6  1 0.0998 0.1003 0.1000 0.0997 0.1000 0.0997 0.1004 0.1002 0.0997 0.1002 
           7  1 0.0997 0.0999 0.0997 0.1004 0.1003 0.0998 0.1000 0.0999 0.1001 0.1002 
           8  1 0.1000 0.0999 0.1000 0.1003 0.0998 0.1002 0.1001 0.1000 0.1001 0.0997 
           9  1 0.1001 0.1001 0.0999 0.0998 0.0998 0.1003 0.1000 0.0997 0.1001 0.1002 
          10  1 0.0999 0.1000 0.0997 0.0997 0.1004 0.1001 0.0996 0.1000 0.1005 0.1001 
          11  1 0.0999 0.1002 0.1000 0.1000 0.0999 0.0999 0.0998 0.1001 0.1001 0.1000 
          12  1 0.1001 0.1001 0.1001 0.1001 0.1000 0.0997 0.0998 0.1002 0.0999 0.1000 
          13  1 0.0997 0.1003 0.0998 0.0998 0.1002 0.0997 0.1006 0.0999 0.1000 0.0999 
          14  1 0.0996 0.1001 0.1003 0.0999 0.0998 0.1004 0.0996 0.1002 0.1003 0.0998 
          15  1 0.1000 0.1001 0.1000 0.0997 0.1000 0.1002 0.1000 0.0997 0.1004 0.0999 
          16  1 0.1000 0.1001 0.1000 0.1000 0.0996 0.0999 0.1006 0.0997 0.0997 0.1006 
          17  1 0.0998 0.0998 0.1003 0.0999 0.1000 0.1005 0.1000 0.1000 0.1000 0.0999 
          18  1 0.0998 0.1000 0.0999 0.1002 0.1002 0.0999 0.1003 0.0996 0.0999 0.1003 
          19  1 0.0998 0.0999 0.0999 0.0998 0.0999 0.1002 0.1000 0.1000 0.1004 0.1000 
          20  1 0.1004 0.0999 0.1001 0.0998 0.1000 0.1001 0.0998 0.0999 0.1000 0.1000 
          21  1 0.1001 0.0996 0.1000 0.1000 0.1000 0.1001 0.0999 0.1001 0.1004 0.0999 
          22  1 0.0999 0.1000 0.0996 0.0998 0.1000 0.1001 0.1003 0.0999 0.1001 0.1004 
          23  1 0.0998 0.0999 0.1000 0.0999 0.1001 0.1000 0.1004 0.1001 0.0998 0.1001 
          24  1 0.0999 0.0999 0.1000 0.1001 0.1001 0.1002 0.0998 0.1003 0.1000 0.0997 
          25  1 0.1002 0.0997 0.1001 0.1000 0.1004 0.1000 0.0998 0.1000 0.0999 0.0998 
          26  1 0.1005 0.0999 0.0998 0.0999 0.0997 0.0996 0.1002 0.0999 0.1000 0.1004 
          27  1 0.1000 0.1001 0.0999 0.1001 0.1001 0.1002 0.0999 0.0998 0.1001 0.0999 
          28  1 0.0997 0.1000 0.1000 0.0997 0.1000 0.1002 0.1006 0.0996 0.0999 0.1003 
          29  1 0.1002 0.1002 0.0996 0.0999 0.1002 0.0997 0.1002 0.1000 0.0997 0.1001 
          30  1 0.0998 0.1003 0.0999 0.1001 0.0999 0.1005 0.0998 0.1002 0.0999 0.0996 
          31  1 0.1000 0.0998 0.1001 0.1001 0.0997 0.1002 0.0999 0.1003 0.1001 0.1000 
          32  1 0.1001 0.1000 0.0998 0.1003 0.0996 0.1000 0.0999 0.1003 0.1002 0.0998 
          33  1 0.1000 0.0997 0.1002 0.1002 0.1000 0.1004 0.0995 0.1005 0.1000 0.0995 
          34  1 0.1002 0.0999 0.1002 0.0998 0.1001 0.1002 0.1000 0.1000 0.0996 0.1000 
          35  1 0.0998 0.0999 0.0998 0.1002 0.1001 0.1001 0.1001 0.1003 0.0996 0.1000 
          36  1 0.1001 0.0997 0.1001 0.1000 0.1000 0.1005 0.0996 0.1001 0.1002 0.0996 
          37  1 0.0998 0.1003 0.0996 0.1001 0.0999 0.0996 0.1003 0.1003 0.0998 0.1002 
          38  1 0.0999 0.1000 0.1000 0.1001 0.1001 0.1002 0.1000 0.1001 0.1000 0.0996 
          39  1 0.1003 0.1000 0.1000 0.1000 0.0997 0.0998 0.1001 0.1000 0.0998 0.1002 
          40  1 0.0997 0.1001 0.0997 0.1002 0.0997 0.0999 0.1005 0.0998 0.0999 0.1004 
          41  1 0.1001 0.0996 0.1002 0.1002 0.1004 0.0996 0.1001 0.1001 0.0999 0.0999 
          42  1 0.1000 0.1002 0.1001 0.0999 0.1000 0.1000 0.1001 0.1004 0.0999 0.0996 
          43  1 0.0997 0.1001 0.0999 0.1003 0.1001 0.0995 0.1005 0.1000 0.1000 0.1000 
          44  1 0.1000 0.1000 0.0999 0.1001 0.1000 0.1003 0.1001 0.0998 0.0999 0.0998 
          45  1 0.1002 0.0999 0.0999 0.1001 0.1000 0.1002 0.1002 0.0995 0.1001 0.0998 
          46  1 0.0999 0.0999 0.1000 0.1002 0.1002 0.0999 0.0998 0.1001 0.0999 0.1001 
          47  1 0.0998 0.0998 0.1002 0.1001 0.0999 0.1002 0.0996 0.1002 0.1002 0.1000 
          48  1 0.0999 0.0999 0.1002 0.1002 0.1003 0.1004 0.0994 0.1001 0.1001 0.0995 
          49  1 0.0998 0.0999 0.1001 0.1000 0.1000 0.1000 0.1000 0.1005 0.1002 0.0996 
          50  1 0.1001 0.0997 0.1001 0.1000 0.0998 0.1000 0.0997 0.1002 0.1005 0.0999 
          51  1 0.0999 0.1001 0.0999 0.1000 0.0998 0.0999 0.0999 0.1000 0.1003 0.1004 
          52  1 0.0997 0.1002 0.0999 0.1001 0.0998 0.0995 0.1007 0.0995 0.0999 0.1007 
          53  1 0.0998 0.0997 0.0999 0.1000 0.0999 0.1001 0.1003 0.1002 0.0999 0.1001 
          54  1 0.1001 0.0999 0.0999 0.0999 0.1000 0.1000 0.0998 0.1003 0.1002 0.0998 
          55  1 0.1000 0.1000 0.0999 0.0999 0.1002 0.1000 0.0998 0.1002 0.1003 0.0998 
          56  1 0.1000 0.0997 0.0999 0.1001 0.1002 0.1002 0.1000 0.0999 0.1003 0.0997 
          57  1 0.0997 0.1001 0.1003 0.1002 0.1003 0.0998 0.0999 0.1001 0.0997 0.0999 
          58  1 0.1002 0.0999 0.0999 0.0998 0.1003 0.0999 0.1000 0.1003 0.0999 0.0999 
          59  1 0.1002 0.1001 0.0999 0.0998 0.1003 0.1002 0.1000 0.0998 0.1002 0.0997 
          60  1 0.1002 0.1002 0.1001 0.0998 0.0999 0.0998 0.1006 0.0995 0.1000 0.0999 
          61  1 0.1000 0.1000 0.1001 0.0999 0.1003 0.0999 0.0997 0.1000 0.1000 0.1000 
          62  1 0.1000 0.0998 0.1003 0.1000 0.1000 0.0996 0.1003 0.0999 0.0999 0.1002 
          63  1 0.0999 0.0998 0.1000 0.1000 0.1001 0.1003 0.1000 0.1001 0.1001 0.0997 
          64  1 0.1000 0.0998 0.1000 0.1001 0.0998 0.1004 0.1000 0.0998 0.1001 0.1000 
          65  1 0.1002 0.0998 0.0998 0.1000 0.1002 0.1001 0.0996 0.1002 0.1003 0.0996 
          66  1 0.1000 0.1000 0.1002 0.0997 0.0999 0.1004 0.0999 0.0999 0.1001 0.0999 
          67  1 0.0999 0.0999 0.1000 0.1001 0.1000 0.1000 0.1002 0.0998 0.1001 0.1000 
          68  1 0.1000 0.1002 0.1002 0.1000 0.0998 0.1001 0.0997 0.1002 0.1000 0.0998 
          69  1 0.1001 0.0997 0.0999 0.1001 0.0999 0.0999 0.1001 0.0999 0.0999 0.1004 
          70  1 0.1001 0.1001 0.1000 0.0999 0.0998 0.0998 0.1004 0.1000 0.0997 0.1002 
          71  1 0.0996 0.1002 0.0998 0.1001 0.1000 0.0996 0.1005 0.0995 0.1000 0.1007 
          72  1 0.0999 0.0998 0.0999 0.0998 0.1000 0.0997 0.1007 0.0994 0.1002 0.1006 
          73  1 0.1001 0.1001 0.1001 0.0999 0.0999 0.1001 0.0997 0.0999 0.1005 0.0997 
          74  1 0.0998 0.1001 0.1001 0.0998 0.0998 0.1001 0.1004 0.0999 0.0998 0.1002 
          75  1 0.1002 0.1004 0.0997 0.1002 0.1000 0.0995 0.1005 0.0995 0.0997 0.1003 
          76  1 0.0999 0.0998 0.1003 0.0995 0.1002 0.1004 0.0996 0.1005 0.1001 0.0998 
          77  1 0.0998 0.0998 0.1001 0.1002 0.0997 0.1001 0.1000 0.0995 0.1005 0.1004 
          78  1 0.0997 0.1003 0.1001 0.0999 0.1001 0.1002 0.0999 0.0999 0.0999 0.1000 
          79  1 0.1003 0.0999 0.1001 0.0999 0.0999 0.1002 0.1001 0.0996 0.0999 0.1000 
          80  1 0.1002 0.1000 0.0999 0.1000 0.1000 0.0999 0.0998 0.1003 0.1000 0.1000 
          81  1 0.1000 0.0998 0.1000 0.1002 0.1000 0.0999 0.0998 0.1003 0.1003 0.0996 
          82  1 0.0999 0.1003 0.0998 0.1001 0.1000 0.0996 0.1007 0.0993 0.0996 0.1009 
          83  1 0.0998 0.1004 0.0998 0.1001 0.0998 0.0996 0.1008 0.0993 0.0996 0.1008 
          84  1 0.0999 0.0999 0.1001 0.1002 0.1001 0.0997 0.1001 0.0996 0.1003 0.1001 
          85  1 0.1000 0.1001 0.1001 0.0999 0.0999 0.0996 0.1003 0.1000 0.0999 0.1000 
          86  1 0.1000 0.0999 0.1001 0.1002 0.0999 0.1000 0.0998 0.1002 0.1003 0.0996 
          87  1 0.1001 0.1001 0.0998 0.1001 0.1000 0.1001 0.1000 0.1001 0.1000 0.0997 
          88  1 0.0999 0.1001 0.0999 0.1000 0.1001 0.1004 0.0993 0.1001 0.1007 0.0995 
          89  1 0.0999 0.1001 0.1000 0.1002 0.1001 0.0998 0.1000 0.0997 0.1000 0.1001 
          90  1 0.1003 0.0998 0.1001 0.1000 0.0998 0.0997 0.0997 0.1001 0.1005 0.1000 
