           1  1 0.3279 0.3330 0.3391 
           2  1 0.3396 0.3219 0.3384 
           3  1 0.3334 0.3336 0.3330 
           4  1 0.3593 0.3271 0.3135 
           5  1 0.3149 0.3410 0.3441 
           6  1 0.3156 0.3379 0.3465 
           7  1 0.3347 0.3283 0.3370 
           8  1 0.3459 0.3305 0.3236 
           9  1 0.3276 0.3310 0.3414 
          10  1 0.3260 0.3345 0.3395 
          11  1 0.3264 0.3325 0.3411 
          12  1 0.3366 0.3315 0.3320 
          13  1 0.3216 0.3391 0.3393 
          14  1 0.3372 0.3355 0.3273 
          15  1 0.3188 0.3415 0.3397 
          16  1 0.3111 0.3415 0.3474 
          17  1 0.3464 0.3306 0.3230 
          18  1 0.3126 0.3394 0.3481 
          19  1 0.3323 0.3314 0.3362 
          20  1 0.3271 0.3363 0.3366 
          21  1 0.3379 0.3316 0.3304 
          22  1 0.3142 0.3377 0.3481 
          23  1 0.3246 0.3398 0.3356 
          24  1 0.3248 0.3389 0.3363 
          25  1 0.3456 0.3340 0.3204 
          26  1 0.3281 0.3312 0.3407 
          27  1 0.3367 0.3309 0.3324 
          28  1 0.3022 0.3418 0.3560 
          29  1 0.3236 0.3353 0.3411 
          30  1 0.3440 0.3320 0.3240 
          31  1 0.3534 0.3273 0.3193 
          32  1 0.3562 0.3331 0.3107 
          33  1 0.3642 0.3292 0.3067 
          34  1 0.3367 0.3314 0.3318 
          35  1 0.3388 0.3306 0.3306 
          36  1 0.3740 0.3237 0.3023 
          37  1 0.3069 0.3359 0.3572 
          38  1 0.3516 0.3314 0.3170 
          39  1 0.3164 0.3398 0.3438 
          40  1 0.3425 0.3318 0.3256 
          41  1 0.3553 0.3273 0.3173 
          42  1 0.3501 0.3303 0.3196 
          43  1 0.3301 0.3383 0.3317 
          44  1 0.3181 0.3368 0.3450 
          45  1 0.3344 0.3280 0.3376 
          46  1 0.3285 0.3364 0.3351 
          47  1 0.3562 0.3288 0.3150 
          48  1 0.3635 0.3297 0.3068 
          49  1 0.3505 0.3316 0.3179 
          50  1 0.3527 0.3338 0.3135 
          51  1 0.3400 0.3312 0.3288 
          52  1 0.3148 0.3375 0.3477 
          53  1 0.3564 0.3284 0.3152 
          54  1 0.3537 0.3297 0.3166 
          55  1 0.3391 0.3348 0.3261 
          56  1 0.3395 0.3307 0.3299 
          57  1 0.3355 0.3309 0.3336 
          58  1 0.3422 0.3305 0.3273 
          59  1 0.3430 0.3272 0.3299 
          60  1 0.3092 0.3351 0.3557 
          61  1 0.3386 0.3312 0.3302 
          62  1 0.3101 0.3362 0.3537 
          63  1 0.3464 0.3335 0.3201 
          64  1 0.3359 0.3288 0.3354 
          65  1 0.3401 0.3327 0.3272 
          66  1 0.3235 0.3303 0.3463 
          67  1 0.3227 0.3339 0.3434 
          68  1 0.3328 0.3333 0.3340 
          69  1 0.3186 0.3384 0.3430 
          70  1 0.3077 0.3361 0.3562 
          71  1 0.3011 0.3419 0.3570 
          72  1 0.3117 0.3350 0.3533 
          73  1 0.3439 0.3299 0.3262 
          74  1 0.3057 0.3432 0.3511 
          75  1 0.2982 0.3414 0.3605 
          76  1 0.3560 0.3269 0.3170 
          77  1 0.3308 0.3403 0.3289 
          78  1 0.3267 0.3301 0.3431 
          79  1 0.3295 0.3329 0.3376 
          80  1 0.3350 0.3326 0.3324 
          81  1 0.3415 0.3333 0.3253 
          82  1 0.3067 0.3346 0.3586 
          83  1 0.3030 0.3374 0.3597 
          84  1 0.3199 0.3358 0.3443 
          85  1 0.3309 0.3359 0.3332 
          86  1 0.3360 0.3350 0.3290 
          87  1 0.3444 0.3344 0.3212 
          88  1 0.3600 0.3325 0.3076 
          89  1 0.3252 0.3325 0.3423 
          90  1 0.3253 0.3308 0.3439 
