           1  1 0.1440 0.1408 0.1431 0.1432 0.1423 0.1430 0.1436 
           2  1 0.1440 0.1413 0.1429 0.1425 0.1448 0.1427 0.1419 
           3  1 0.1431 0.1442 0.1408 0.1418 0.1421 0.1449 0.1430 
           4  1 0.1415 0.1452 0.1412 0.1400 0.1405 0.1470 0.1445 
           5  1 0.1450 0.1411 0.1414 0.1449 0.1420 0.1419 0.1438 
           6  1 0.1447 0.1421 0.1416 0.1456 0.1438 0.1388 0.1435 
           7  1 0.1433 0.1437 0.1436 0.1436 0.1434 0.1415 0.1408 
           8  1 0.1428 0.1423 0.1424 0.1419 0.1423 0.1447 0.1436 
           9  1 0.1444 0.1422 0.1437 0.1447 0.1425 0.1429 0.1395 
          10  1 0.1449 0.1423 0.1438 0.1431 0.1401 0.1415 0.1441 
          11  1 0.1443 0.1405 0.1443 0.1441 0.1431 0.1425 0.1412 
          12  1 0.1418 0.1439 0.1438 0.1435 0.1420 0.1427 0.1422 
          13  1 0.1411 0.1414 0.1422 0.1433 0.1424 0.1456 0.1440 
          14  1 0.1421 0.1426 0.1426 0.1411 0.1433 0.1450 0.1433 
          15  1 0.1438 0.1421 0.1440 0.1445 0.1409 0.1416 0.1431 
          16  1 0.1434 0.1413 0.1414 0.1467 0.1430 0.1407 0.1435 
          17  1 0.1414 0.1416 0.1439 0.1418 0.1425 0.1426 0.1462 
          18  1 0.1425 0.1434 0.1433 0.1435 0.1416 0.1417 0.1440 
          19  1 0.1429 0.1421 0.1440 0.1423 0.1428 0.1429 0.1430 
          20  1 0.1429 0.1410 0.1444 0.1417 0.1413 0.1431 0.1457 
          21  1 0.1435 0.1433 0.1415 0.1416 0.1417 0.1443 0.1441 
          22  1 0.1440 0.1427 0.1444 0.1439 0.1439 0.1383 0.1429 
          23  1 0.1455 0.1420 0.1420 0.1431 0.1436 0.1414 0.1426 
          24  1 0.1433 0.1438 0.1446 0.1415 0.1421 0.1438 0.1410 
          25  1 0.1411 0.1426 0.1454 0.1412 0.1400 0.1458 0.1439 
          26  1 0.1421 0.1439 0.1450 0.1426 0.1427 0.1399 0.1438 
          27  1 0.1423 0.1434 0.1428 0.1413 0.1410 0.1439 0.1452 
          28  1 0.1442 0.1424 0.1419 0.1455 0.1435 0.1404 0.1421 
          29  1 0.1421 0.1432 0.1425 0.1440 0.1426 0.1417 0.1437 
          30  1 0.1426 0.1443 0.1427 0.1416 0.1418 0.1447 0.1423 
          31  1 0.1412 0.1437 0.1424 0.1403 0.1441 0.1439 0.1445 
          32  1 0.1398 0.1480 0.1382 0.1393 0.1415 0.1472 0.1459 
          33  1 0.1393 0.1493 0.1392 0.1380 0.1398 0.1506 0.1437 
          34  1 0.1431 0.1424 0.1428 0.1412 0.1444 0.1425 0.1436 
          35  1 0.1431 0.1411 0.1457 0.1420 0.1418 0.1419 0.1443 
          36  1 0.1416 0.1437 0.1412 0.1391 0.1423 0.1473 0.1448 
          37  1 0.1436 0.1416 0.1430 0.1468 0.1426 0.1400 0.1426 
          38  1 0.1423 0.1429 0.1401 0.1429 0.1413 0.1449 0.1456 
          39  1 0.1466 0.1409 0.1423 0.1449 0.1440 0.1406 0.1408 
          40  1 0.1419 0.1465 0.1398 0.1432 0.1407 0.1451 0.1428 
          41  1 0.1417 0.1436 0.1426 0.1417 0.1427 0.1441 0.1437 
          42  1 0.1419 0.1417 0.1437 0.1428 0.1442 0.1435 0.1422 
          43  1 0.1436 0.1432 0.1432 0.1439 0.1439 0.1402 0.1419 
          44  1 0.1432 0.1412 0.1449 0.1433 0.1428 0.1431 0.1415 
          45  1 0.1445 0.1402 0.1416 0.1438 0.1451 0.1432 0.1415 
          46  1 0.1419 0.1440 0.1425 0.1436 0.1425 0.1432 0.1424 
          47  1 0.1422 0.1473 0.1417 0.1412 0.1431 0.1421 0.1425 
          48  1 0.1414 0.1437 0.1404 0.1396 0.1400 0.1488 0.1461 
          49  1 0.1417 0.1423 0.1422 0.1421 0.1421 0.1440 0.1456 
          50  1 0.1407 0.1443 0.1436 0.1390 0.1417 0.1461 0.1446 
          51  1 0.1433 0.1412 0.1434 0.1439 0.1460 0.1410 0.1411 
          52  1 0.1429 0.1421 0.1418 0.1487 0.1425 0.1405 0.1415 
          53  1 0.1439 0.1428 0.1437 0.1417 0.1429 0.1410 0.1440 
          54  1 0.1417 0.1437 0.1428 0.1411 0.1435 0.1425 0.1448 
          55  1 0.1431 0.1434 0.1421 0.1431 0.1416 0.1423 0.1443 
          56  1 0.1446 0.1416 0.1447 0.1424 0.1427 0.1413 0.1426 
          57  1 0.1438 0.1397 0.1444 0.1440 0.1437 0.1414 0.1429 
          58  1 0.1432 0.1431 0.1439 0.1418 0.1436 0.1425 0.1419 
          59  1 0.1417 0.1413 0.1439 0.1438 0.1433 0.1446 0.1415 
          60  1 0.1428 0.1416 0.1433 0.1442 0.1439 0.1419 0.1423 
          61  1 0.1436 0.1439 0.1402 0.1431 0.1428 0.1445 0.1418 
          62  1 0.1430 0.1431 0.1438 0.1449 0.1427 0.1423 0.1401 
          63  1 0.1414 0.1449 0.1427 0.1389 0.1396 0.1473 0.1452 
          64  1 0.1429 0.1433 0.1450 0.1422 0.1410 0.1438 0.1418 
          65  1 0.1409 0.1448 0.1443 0.1411 0.1412 0.1441 0.1436 
          66  1 0.1440 0.1399 0.1451 0.1431 0.1450 0.1392 0.1437 
          67  1 0.1429 0.1417 0.1423 0.1450 0.1441 0.1410 0.1429 
          68  1 0.1442 0.1416 0.1412 0.1432 0.1430 0.1436 0.1431 
          69  1 0.1446 0.1421 0.1442 0.1446 0.1424 0.1401 0.1420 
          70  1 0.1436 0.1411 0.1429 0.1464 0.1431 0.1407 0.1422 
          71  1 0.1440 0.1431 0.1442 0.1466 0.1420 0.1378 0.1423 
          72  1 0.1451 0.1410 0.1436 0.1468 0.1430 0.1396 0.1409 
          73  1 0.1419 0.1419 0.1434 0.1412 0.1431 0.1434 0.1451 
          74  1 0.1446 0.1431 0.1429 0.1470 0.1409 0.1390 0.1424 
          75  1 0.1450 0.1428 0.1433 0.1485 0.1464 0.1359 0.1381 
          76  1 0.1427 0.1408 0.1418 0.1408 0.1444 0.1450 0.1446 
          77  1 0.1426 0.1435 0.1425 0.1419 0.1434 0.1440 0.1420 
          78  1 0.1415 0.1427 0.1434 0.1444 0.1447 0.1426 0.1407 
          79  1 0.1442 0.1420 0.1432 0.1448 0.1434 0.1400 0.1426 
          80  1 0.1441 0.1404 0.1432 0.1424 0.1434 0.1421 0.1444 
          81  1 0.1412 0.1437 0.1440 0.1427 0.1411 0.1459 0.1414 
          82  1 0.1428 0.1436 0.1408 0.1482 0.1433 0.1388 0.1424 
          83  1 0.1463 0.1395 0.1435 0.1488 0.1456 0.1357 0.1406 
          84  1 0.1437 0.1432 0.1444 0.1436 0.1413 0.1418 0.1421 
          85  1 0.1429 0.1418 0.1454 0.1430 0.1433 0.1407 0.1429 
          86  1 0.1430 0.1455 0.1421 0.1419 0.1426 0.1437 0.1411 
          87  1 0.1397 0.1419 0.1435 0.1408 0.1409 0.1466 0.1465 
          88  1 0.1376 0.1481 0.1388 0.1366 0.1402 0.1531 0.1457 
          89  1 0.1463 0.1422 0.1412 0.1431 0.1416 0.1424 0.1433 
          90  1 0.1443 0.1426 0.1441 0.1443 0.1428 0.1413 0.1406 
