           1  1 0.1431 0.1426 0.1428 0.1432 0.1424 0.1432 0.1426 
           2  1 0.1425 0.1428 0.1427 0.1431 0.1432 0.1428 0.1429 
           3  1 0.1424 0.1427 0.1431 0.1435 0.1428 0.1425 0.1429 
           4  1 0.1435 0.1430 0.1429 0.1427 0.1427 0.1435 0.1418 
           5  1 0.1426 0.1424 0.1428 0.1428 0.1430 0.1431 0.1433 
           6  1 0.1424 0.1430 0.1427 0.1428 0.1437 0.1419 0.1437 
           7  1 0.1428 0.1425 0.1428 0.1427 0.1428 0.1431 0.1433 
           8  1 0.1440 0.1428 0.1427 0.1426 0.1422 0.1430 0.1426 
           9  1 0.1427 0.1423 0.1425 0.1432 0.1428 0.1433 0.1433 
          10  1 0.1434 0.1432 0.1428 0.1429 0.1424 0.1429 0.1424 
          11  1 0.1432 0.1429 0.1427 0.1429 0.1428 0.1427 0.1429 
          12  1 0.1429 0.1432 0.1425 0.1430 0.1424 0.1432 0.1429 
          13  1 0.1424 0.1430 0.1428 0.1427 0.1432 0.1430 0.1428 
          14  1 0.1434 0.1432 0.1428 0.1429 0.1426 0.1425 0.1425 
          15  1 0.1427 0.1426 0.1428 0.1431 0.1432 0.1428 0.1427 
          16  1 0.1427 0.1423 0.1429 0.1426 0.1434 0.1426 0.1435 
          17  1 0.1431 0.1432 0.1432 0.1429 0.1426 0.1430 0.1421 
          18  1 0.1427 0.1430 0.1423 0.1428 0.1434 0.1426 0.1432 
          19  1 0.1430 0.1433 0.1431 0.1427 0.1427 0.1431 0.1422 
          20  1 0.1431 0.1430 0.1425 0.1428 0.1428 0.1428 0.1430 
          21  1 0.1428 0.1428 0.1426 0.1430 0.1431 0.1429 0.1430 
          22  1 0.1427 0.1425 0.1432 0.1424 0.1436 0.1422 0.1434 
          23  1 0.1429 0.1423 0.1426 0.1431 0.1434 0.1428 0.1431 
          24  1 0.1429 0.1432 0.1431 0.1430 0.1425 0.1429 0.1425 
          25  1 0.1434 0.1430 0.1430 0.1427 0.1422 0.1434 0.1423 
          26  1 0.1428 0.1426 0.1430 0.1435 0.1426 0.1426 0.1429 
          27  1 0.1435 0.1426 0.1431 0.1432 0.1425 0.1433 0.1419 
          28  1 0.1423 0.1426 0.1426 0.1425 0.1435 0.1423 0.1442 
          29  1 0.1428 0.1425 0.1430 0.1432 0.1430 0.1426 0.1429 
          30  1 0.1431 0.1430 0.1426 0.1428 0.1429 0.1431 0.1424 
          31  1 0.1441 0.1427 0.1426 0.1427 0.1427 0.1426 0.1426 
          32  1 0.1427 0.1430 0.1429 0.1431 0.1426 0.1427 0.1430 
          33  1 0.1440 0.1431 0.1433 0.1431 0.1419 0.1433 0.1414 
          34  1 0.1432 0.1434 0.1427 0.1430 0.1424 0.1432 0.1421 
          35  1 0.1429 0.1430 0.1428 0.1428 0.1428 0.1431 0.1425 
          36  1 0.1440 0.1430 0.1428 0.1432 0.1417 0.1432 0.1421 
          37  1 0.1424 0.1420 0.1427 0.1426 0.1436 0.1426 0.1439 
          38  1 0.1436 0.1433 0.1430 0.1425 0.1424 0.1429 0.1423 
          39  1 0.1429 0.1427 0.1427 0.1424 0.1434 0.1426 0.1433 
          40  1 0.1429 0.1433 0.1426 0.1428 0.1426 0.1428 0.1431 
          41  1 0.1429 0.1432 0.1428 0.1431 0.1423 0.1434 0.1424 
          42  1 0.1438 0.1427 0.1430 0.1429 0.1424 0.1428 0.1425 
          43  1 0.1430 0.1428 0.1432 0.1424 0.1430 0.1423 0.1433 
          44  1 0.1428 0.1427 0.1429 0.1432 0.1427 0.1426 0.1430 
          45  1 0.1426 0.1428 0.1430 0.1433 0.1427 0.1431 0.1425 
          46  1 0.1422 0.1430 0.1428 0.1433 0.1432 0.1426 0.1430 
          47  1 0.1429 0.1431 0.1427 0.1431 0.1426 0.1428 0.1427 
          48  1 0.1439 0.1434 0.1428 0.1424 0.1421 0.1436 0.1417 
          49  1 0.1430 0.1430 0.1430 0.1433 0.1421 0.1431 0.1425 
          50  1 0.1442 0.1429 0.1425 0.1431 0.1418 0.1435 0.1420 
          51  1 0.1418 0.1425 0.1429 0.1427 0.1437 0.1423 0.1440 
          52  1 0.1419 0.1423 0.1429 0.1428 0.1438 0.1422 0.1441 
          53  1 0.1430 0.1424 0.1429 0.1429 0.1432 0.1427 0.1430 
          54  1 0.1429 0.1432 0.1432 0.1428 0.1425 0.1429 0.1424 
          55  1 0.1435 0.1426 0.1429 0.1429 0.1427 0.1436 0.1418 
          56  1 0.1433 0.1428 0.1430 0.1427 0.1426 0.1433 0.1422 
          57  1 0.1427 0.1431 0.1427 0.1432 0.1427 0.1430 0.1427 
          58  1 0.1430 0.1432 0.1432 0.1429 0.1424 0.1431 0.1424 
          59  1 0.1428 0.1431 0.1430 0.1430 0.1429 0.1428 0.1424 
          60  1 0.1428 0.1424 0.1429 0.1423 0.1435 0.1424 0.1437 
          61  1 0.1427 0.1432 0.1434 0.1426 0.1428 0.1432 0.1422 
          62  1 0.1426 0.1420 0.1429 0.1427 0.1435 0.1425 0.1437 
          63  1 0.1434 0.1430 0.1429 0.1433 0.1422 0.1431 0.1421 
          64  1 0.1438 0.1429 0.1428 0.1426 0.1424 0.1430 0.1425 
          65  1 0.1440 0.1429 0.1427 0.1427 0.1423 0.1428 0.1425 
          66  1 0.1420 0.1428 0.1436 0.1432 0.1430 0.1426 0.1429 
          67  1 0.1431 0.1422 0.1426 0.1432 0.1432 0.1426 0.1431 
          68  1 0.1442 0.1425 0.1432 0.1425 0.1423 0.1429 0.1424 
          69  1 0.1428 0.1425 0.1427 0.1432 0.1434 0.1426 0.1429 
          70  1 0.1420 0.1432 0.1423 0.1430 0.1432 0.1425 0.1437 
          71  1 0.1416 0.1425 0.1426 0.1427 0.1442 0.1419 0.1444 
          72  1 0.1425 0.1422 0.1424 0.1425 0.1439 0.1422 0.1443 
          73  1 0.1432 0.1430 0.1430 0.1429 0.1427 0.1425 0.1426 
          74  1 0.1419 0.1424 0.1434 0.1428 0.1434 0.1423 0.1439 
          75  1 0.1416 0.1424 0.1424 0.1422 0.1445 0.1421 0.1448 
          76  1 0.1438 0.1429 0.1431 0.1426 0.1424 0.1432 0.1419 
          77  1 0.1431 0.1423 0.1428 0.1427 0.1432 0.1427 0.1431 
          78  1 0.1429 0.1430 0.1432 0.1426 0.1427 0.1431 0.1426 
          79  1 0.1429 0.1429 0.1427 0.1426 0.1432 0.1427 0.1431 
          80  1 0.1428 0.1429 0.1432 0.1430 0.1428 0.1429 0.1425 
          81  1 0.1431 0.1431 0.1425 0.1431 0.1428 0.1429 0.1425 
          82  1 0.1420 0.1418 0.1426 0.1428 0.1443 0.1420 0.1445 
          83  1 0.1413 0.1419 0.1426 0.1428 0.1443 0.1424 0.1446 
          84  1 0.1429 0.1427 0.1429 0.1429 0.1428 0.1432 0.1427 
          85  1 0.1429 0.1427 0.1430 0.1426 0.1429 0.1426 0.1434 
          86  1 0.1427 0.1430 0.1427 0.1428 0.1431 0.1429 0.1429 
          87  1 0.1433 0.1433 0.1426 0.1432 0.1425 0.1431 0.1421 
          88  1 0.1435 0.1432 0.1429 0.1432 0.1421 0.1431 0.1419 
          89  1 0.1425 0.1427 0.1427 0.1432 0.1432 0.1427 0.1431 
          90  1 0.1428 0.1427 0.1429 0.1429 0.1425 0.1431 0.1431 
