           1  1 0.3324 0.3314 0.3362 
           2  1 0.3340 0.3308 0.3352 
           3  1 0.3352 0.3338 0.3310 
           4  1 0.3350 0.3231 0.3418 
           5  1 0.3328 0.3383 0.3289 
           6  1 0.3318 0.3430 0.3251 
           7  1 0.3330 0.3373 0.3297 
           8  1 0.3336 0.3286 0.3378 
           9  1 0.3330 0.3325 0.3345 
          10  1 0.3347 0.3333 0.3320 
          11  1 0.3347 0.3346 0.3308 
          12  1 0.3349 0.3300 0.3350 
          13  1 0.3341 0.3358 0.3301 
          14  1 0.3363 0.3269 0.3368 
          15  1 0.3327 0.3362 0.3310 
          16  1 0.3320 0.3403 0.3276 
          17  1 0.3338 0.3273 0.3390 
          18  1 0.3322 0.3386 0.3292 
          19  1 0.3364 0.3283 0.3353 
          20  1 0.3309 0.3320 0.3371 
          21  1 0.3329 0.3333 0.3338 
          22  1 0.3328 0.3401 0.3271 
          23  1 0.3326 0.3353 0.3321 
          24  1 0.3330 0.3341 0.3329 
          25  1 0.3330 0.3264 0.3406 
          26  1 0.3348 0.3363 0.3289 
          27  1 0.3341 0.3280 0.3379 
          28  1 0.3293 0.3468 0.3239 
          29  1 0.3342 0.3348 0.3310 
          30  1 0.3339 0.3284 0.3377 
          31  1 0.3364 0.3283 0.3353 
          32  1 0.3360 0.3327 0.3312 
          33  1 0.3358 0.3227 0.3415 
          34  1 0.3342 0.3280 0.3379 
          35  1 0.3356 0.3323 0.3321 
          36  1 0.3320 0.3222 0.3458 
          37  1 0.3303 0.3424 0.3272 
          38  1 0.3313 0.3277 0.3410 
          39  1 0.3331 0.3382 0.3287 
          40  1 0.3341 0.3372 0.3287 
          41  1 0.3335 0.3287 0.3378 
          42  1 0.3348 0.3283 0.3369 
          43  1 0.3335 0.3358 0.3308 
          44  1 0.3339 0.3333 0.3328 
          45  1 0.3340 0.3332 0.3329 
          46  1 0.3315 0.3378 0.3307 
          47  1 0.3357 0.3291 0.3353 
          48  1 0.3323 0.3246 0.3432 
          49  1 0.3349 0.3293 0.3357 
          50  1 0.3319 0.3261 0.3420 
          51  1 0.3344 0.3361 0.3295 
          52  1 0.3326 0.3455 0.3220 
          53  1 0.3344 0.3304 0.3353 
          54  1 0.3365 0.3289 0.3346 
          55  1 0.3307 0.3283 0.3409 
          56  1 0.3333 0.3273 0.3394 
          57  1 0.3335 0.3324 0.3341 
          58  1 0.3317 0.3298 0.3385 
          59  1 0.3315 0.3292 0.3393 
          60  1 0.3322 0.3401 0.3277 
          61  1 0.3316 0.3342 0.3342 
          62  1 0.3371 0.3389 0.3240 
          63  1 0.3373 0.3255 0.3372 
          64  1 0.3332 0.3324 0.3344 
          65  1 0.3321 0.3282 0.3397 
          66  1 0.3383 0.3329 0.3288 
          67  1 0.3301 0.3378 0.3321 
          68  1 0.3313 0.3334 0.3353 
          69  1 0.3330 0.3350 0.3320 
          70  1 0.3334 0.3416 0.3250 
          71  1 0.3307 0.3457 0.3236 
          72  1 0.3329 0.3458 0.3213 
          73  1 0.3332 0.3276 0.3392 
          74  1 0.3326 0.3414 0.3260 
          75  1 0.3292 0.3508 0.3200 
          76  1 0.3318 0.3252 0.3430 
          77  1 0.3285 0.3338 0.3377 
          78  1 0.3314 0.3356 0.3330 
          79  1 0.3346 0.3349 0.3306 
          80  1 0.3340 0.3303 0.3357 
          81  1 0.3341 0.3298 0.3362 
          82  1 0.3301 0.3454 0.3245 
          83  1 0.3304 0.3519 0.3177 
          84  1 0.3320 0.3353 0.3327 
          85  1 0.3344 0.3368 0.3288 
          86  1 0.3337 0.3331 0.3332 
          87  1 0.3333 0.3268 0.3399 
          88  1 0.3354 0.3248 0.3398 
          89  1 0.3316 0.3371 0.3313 
          90  1 0.3357 0.3316 0.3328 
