           1  1 0.1410 0.1417 0.1436 0.1421 0.1442 0.1426 0.1448 
           2  1 0.1440 0.1459 0.1426 0.1399 0.1412 0.1420 0.1444 
           3  1 0.1408 0.1408 0.1402 0.1501 0.1432 0.1454 0.1396 
           4  1 0.1400 0.1399 0.1396 0.1430 0.1475 0.1460 0.1441 
           5  1 0.1434 0.1420 0.1439 0.1440 0.1436 0.1401 0.1430 
           6  1 0.1447 0.1429 0.1451 0.1425 0.1412 0.1408 0.1429 
           7  1 0.1431 0.1431 0.1444 0.1401 0.1407 0.1424 0.1461 
           8  1 0.1433 0.1414 0.1413 0.1408 0.1438 0.1457 0.1437 
           9  1 0.1456 0.1410 0.1423 0.1393 0.1444 0.1425 0.1449 
          10  1 0.1437 0.1436 0.1430 0.1416 0.1420 0.1419 0.1443 
          11  1 0.1443 0.1434 0.1449 0.1397 0.1441 0.1397 0.1439 
          12  1 0.1421 0.1393 0.1422 0.1480 0.1430 0.1432 0.1422 
          13  1 0.1449 0.1452 0.1418 0.1407 0.1430 0.1405 0.1438 
          14  1 0.1415 0.1425 0.1414 0.1444 0.1425 0.1464 0.1414 
          15  1 0.1454 0.1455 0.1429 0.1396 0.1422 0.1404 0.1440 
          16  1 0.1461 0.1437 0.1466 0.1408 0.1406 0.1388 0.1434 
          17  1 0.1416 0.1428 0.1422 0.1406 0.1437 0.1479 0.1412 
          18  1 0.1443 0.1425 0.1454 0.1407 0.1407 0.1431 0.1434 
          19  1 0.1430 0.1422 0.1421 0.1439 0.1412 0.1457 0.1420 
          20  1 0.1430 0.1448 0.1428 0.1419 0.1426 0.1415 0.1433 
          21  1 0.1425 0.1431 0.1435 0.1447 0.1420 0.1425 0.1418 
          22  1 0.1453 0.1442 0.1436 0.1405 0.1380 0.1425 0.1458 
          23  1 0.1458 0.1438 0.1425 0.1394 0.1422 0.1412 0.1450 
          24  1 0.1418 0.1442 0.1428 0.1416 0.1448 0.1433 0.1415 
          25  1 0.1421 0.1422 0.1414 0.1432 0.1441 0.1430 0.1441 
          26  1 0.1435 0.1425 0.1422 0.1444 0.1430 0.1410 0.1435 
          27  1 0.1430 0.1416 0.1432 0.1412 0.1457 0.1429 0.1423 
          28  1 0.1451 0.1439 0.1447 0.1422 0.1387 0.1412 0.1441 
          29  1 0.1437 0.1416 0.1435 0.1467 0.1412 0.1403 0.1431 
          30  1 0.1420 0.1417 0.1407 0.1481 0.1438 0.1420 0.1417 
          31  1 0.1416 0.1434 0.1441 0.1431 0.1422 0.1449 0.1406 
          32  1 0.1400 0.1409 0.1393 0.1518 0.1440 0.1462 0.1378 
          33  1 0.1390 0.1380 0.1375 0.1553 0.1456 0.1475 0.1370 
          34  1 0.1429 0.1431 0.1415 0.1409 0.1428 0.1445 0.1442 
          35  1 0.1415 0.1423 0.1434 0.1412 0.1432 0.1459 0.1425 
          36  1 0.1397 0.1420 0.1404 0.1418 0.1466 0.1485 0.1410 
          37  1 0.1475 0.1448 0.1450 0.1389 0.1377 0.1395 0.1466 
          38  1 0.1406 0.1421 0.1415 0.1425 0.1434 0.1482 0.1417 
          39  1 0.1442 0.1450 0.1449 0.1393 0.1407 0.1416 0.1443 
          40  1 0.1420 0.1409 0.1428 0.1463 0.1437 0.1426 0.1416 
          41  1 0.1425 0.1407 0.1407 0.1427 0.1457 0.1434 0.1442 
          42  1 0.1448 0.1430 0.1446 0.1403 0.1419 0.1427 0.1427 
          43  1 0.1445 0.1431 0.1453 0.1408 0.1408 0.1422 0.1432 
          44  1 0.1431 0.1412 0.1450 0.1440 0.1428 0.1432 0.1408 
          45  1 0.1413 0.1434 0.1426 0.1416 0.1447 0.1441 0.1423 
          46  1 0.1418 0.1413 0.1427 0.1450 0.1422 0.1421 0.1449 
          47  1 0.1418 0.1419 0.1423 0.1490 0.1419 0.1442 0.1390 
          48  1 0.1381 0.1392 0.1391 0.1489 0.1448 0.1494 0.1406 
          49  1 0.1412 0.1429 0.1403 0.1431 0.1434 0.1484 0.1407 
          50  1 0.1418 0.1419 0.1388 0.1470 0.1444 0.1456 0.1406 
          51  1 0.1444 0.1431 0.1434 0.1389 0.1422 0.1420 0.1461 
          52  1 0.1456 0.1429 0.1464 0.1401 0.1402 0.1387 0.1462 
          53  1 0.1414 0.1455 0.1425 0.1381 0.1433 0.1474 0.1418 
          54  1 0.1427 0.1417 0.1422 0.1429 0.1452 0.1441 0.1412 
          55  1 0.1431 0.1440 0.1435 0.1385 0.1449 0.1429 0.1431 
          56  1 0.1428 0.1433 0.1429 0.1387 0.1440 0.1461 0.1423 
          57  1 0.1437 0.1454 0.1428 0.1398 0.1436 0.1413 0.1433 
          58  1 0.1418 0.1417 0.1413 0.1410 0.1470 0.1409 0.1463 
          59  1 0.1407 0.1418 0.1428 0.1416 0.1462 0.1421 0.1448 
          60  1 0.1434 0.1424 0.1465 0.1401 0.1402 0.1414 0.1461 
          61  1 0.1428 0.1411 0.1403 0.1457 0.1435 0.1455 0.1410 
          62  1 0.1441 0.1429 0.1449 0.1428 0.1395 0.1424 0.1435 
          63  1 0.1397 0.1419 0.1385 0.1503 0.1456 0.1462 0.1378 
          64  1 0.1435 0.1423 0.1437 0.1413 0.1443 0.1421 0.1430 
          65  1 0.1415 0.1408 0.1422 0.1460 0.1434 0.1440 0.1422 
          66  1 0.1422 0.1435 0.1406 0.1411 0.1445 0.1452 0.1430 
          67  1 0.1448 0.1454 0.1444 0.1417 0.1392 0.1415 0.1430 
          68  1 0.1443 0.1429 0.1434 0.1409 0.1407 0.1422 0.1456 
          69  1 0.1436 0.1459 0.1430 0.1408 0.1417 0.1397 0.1453 
          70  1 0.1453 0.1437 0.1457 0.1400 0.1404 0.1384 0.1465 
          71  1 0.1481 0.1433 0.1466 0.1413 0.1371 0.1383 0.1454 
          72  1 0.1465 0.1455 0.1470 0.1401 0.1391 0.1374 0.1445 
          73  1 0.1423 0.1425 0.1432 0.1441 0.1432 0.1428 0.1419 
          74  1 0.1451 0.1404 0.1436 0.1457 0.1410 0.1400 0.1441 
          75  1 0.1488 0.1457 0.1472 0.1384 0.1380 0.1356 0.1462 
          76  1 0.1396 0.1436 0.1422 0.1421 0.1442 0.1465 0.1418 
          77  1 0.1433 0.1425 0.1445 0.1419 0.1436 0.1415 0.1426 
          78  1 0.1437 0.1424 0.1446 0.1420 0.1431 0.1411 0.1431 
          79  1 0.1433 0.1439 0.1420 0.1417 0.1446 0.1421 0.1424 
          80  1 0.1435 0.1431 0.1438 0.1419 0.1421 0.1433 0.1423 
          81  1 0.1427 0.1428 0.1415 0.1455 0.1441 0.1440 0.1394 
          82  1 0.1468 0.1439 0.1469 0.1397 0.1377 0.1374 0.1476 
          83  1 0.1483 0.1424 0.1482 0.1395 0.1402 0.1363 0.1451 
          84  1 0.1442 0.1425 0.1430 0.1416 0.1422 0.1424 0.1441 
          85  1 0.1468 0.1435 0.1405 0.1413 0.1408 0.1423 0.1448 
          86  1 0.1420 0.1424 0.1433 0.1419 0.1441 0.1425 0.1438 
          87  1 0.1407 0.1417 0.1408 0.1454 0.1462 0.1437 0.1415 
          88  1 0.1352 0.1370 0.1367 0.1548 0.1482 0.1535 0.1346 
          89  1 0.1405 0.1408 0.1421 0.1497 0.1412 0.1432 0.1424 
          90  1 0.1442 0.1457 0.1415 0.1403 0.1413 0.1432 0.1438 
