           1  1 0.1999 0.2025 0.2005 0.1979 0.1991 
           2  1 0.2011 0.1994 0.1983 0.2001 0.2011 
           3  1 0.1953 0.2007 0.2002 0.2046 0.1992 
           4  1 0.2047 0.2005 0.1987 0.2012 0.1949 
           5  1 0.1954 0.2013 0.1997 0.2001 0.2035 
           6  1 0.1967 0.2005 0.2009 0.1980 0.2038 
           7  1 0.2003 0.1989 0.2007 0.1976 0.2025 
           8  1 0.1997 0.2016 0.2013 0.1976 0.1998 
           9  1 0.2015 0.2022 0.2000 0.1969 0.1994 
          10  1 0.2004 0.2008 0.2004 0.1987 0.1998 
          11  1 0.2003 0.2009 0.2007 0.1968 0.2013 
          12  1 0.2003 0.2005 0.1991 0.1993 0.2008 
          13  1 0.1980 0.2032 0.1983 0.1990 0.2015 
          14  1 0.1998 0.1995 0.1989 0.2031 0.1988 
          15  1 0.1998 0.1996 0.2002 0.1982 0.2022 
          16  1 0.1991 0.1983 0.2019 0.1975 0.2032 
          17  1 0.2015 0.1994 0.1987 0.2032 0.1972 
          18  1 0.1940 0.2012 0.2017 0.1992 0.2038 
          19  1 0.2006 0.1994 0.2011 0.1976 0.2013 
          20  1 0.2018 0.2000 0.1984 0.1990 0.2008 
          21  1 0.2001 0.1975 0.2006 0.2040 0.1978 
          22  1 0.1972 0.2014 0.2013 0.1996 0.2005 
          23  1 0.1993 0.2008 0.2021 0.1972 0.2006 
          24  1 0.2002 0.2017 0.1983 0.1992 0.2006 
          25  1 0.2014 0.2004 0.1987 0.1999 0.1996 
          26  1 0.2002 0.2012 0.1978 0.1989 0.2019 
          27  1 0.2052 0.1981 0.1978 0.1997 0.1991 
          28  1 0.1953 0.2009 0.2028 0.1983 0.2028 
          29  1 0.1981 0.2007 0.2010 0.1985 0.2018 
          30  1 0.2001 0.1988 0.1998 0.2050 0.1963 
          31  1 0.2009 0.2006 0.1970 0.2028 0.1988 
          32  1 0.1961 0.1989 0.1998 0.2106 0.1945 
          33  1 0.2025 0.1974 0.1956 0.2111 0.1934 
          34  1 0.2004 0.2014 0.2013 0.1985 0.1985 
          35  1 0.2009 0.1987 0.2001 0.2021 0.1982 
          36  1 0.2008 0.1994 0.2003 0.2051 0.1944 
          37  1 0.1968 0.1999 0.2013 0.1975 0.2045 
          38  1 0.1989 0.1996 0.1994 0.2048 0.1974 
          39  1 0.1983 0.1988 0.2007 0.1992 0.2030 
          40  1 0.1947 0.1983 0.2000 0.2047 0.2022 
          41  1 0.2016 0.1986 0.1998 0.2013 0.1987 
          42  1 0.2016 0.1983 0.1986 0.2013 0.2002 
          43  1 0.1995 0.2010 0.2001 0.1992 0.2002 
          44  1 0.2009 0.1997 0.1989 0.1996 0.2009 
          45  1 0.1997 0.2001 0.2021 0.1979 0.2002 
          46  1 0.1990 0.2004 0.1988 0.2020 0.1997 
          47  1 0.2013 0.1969 0.1997 0.2057 0.1965 
          48  1 0.2000 0.1998 0.1983 0.2067 0.1951 
          49  1 0.1994 0.1995 0.1984 0.2048 0.1979 
          50  1 0.2014 0.1993 0.1981 0.2043 0.1968 
          51  1 0.1977 0.2008 0.2008 0.2001 0.2007 
          52  1 0.1938 0.1999 0.2033 0.1974 0.2057 
          53  1 0.2003 0.1997 0.1994 0.2014 0.1992 
          54  1 0.2019 0.1974 0.1992 0.2033 0.1981 
          55  1 0.2014 0.2007 0.1996 0.1987 0.1996 
          56  1 0.2018 0.1978 0.1981 0.2016 0.2007 
          57  1 0.2001 0.1980 0.1997 0.1999 0.2023 
          58  1 0.2031 0.2019 0.1989 0.1982 0.1980 
          59  1 0.2053 0.1988 0.1990 0.1976 0.1993 
          60  1 0.1994 0.1994 0.2005 0.1982 0.2025 
          61  1 0.1985 0.2017 0.2001 0.2012 0.1985 
          62  1 0.1985 0.1998 0.2015 0.1958 0.2045 
          63  1 0.1998 0.1991 0.1999 0.2040 0.1971 
          64  1 0.2023 0.1984 0.2002 0.1983 0.2008 
          65  1 0.2006 0.1986 0.2010 0.2023 0.1975 
          66  1 0.2003 0.1999 0.2011 0.1979 0.2007 
          67  1 0.1991 0.1987 0.2011 0.2004 0.2007 
          68  1 0.2019 0.2007 0.1983 0.1972 0.2019 
          69  1 0.1999 0.2022 0.2008 0.1950 0.2021 
          70  1 0.1988 0.2014 0.2013 0.1958 0.2028 
          71  1 0.1957 0.2032 0.2009 0.1967 0.2035 
          72  1 0.1971 0.2004 0.2006 0.1952 0.2067 
          73  1 0.2040 0.2008 0.1995 0.1977 0.1979 
          74  1 0.1965 0.2013 0.2001 0.1987 0.2034 
          75  1 0.1945 0.2017 0.2031 0.1960 0.2046 
          76  1 0.2024 0.2014 0.1988 0.1996 0.1979 
          77  1 0.1993 0.2007 0.2002 0.1983 0.2014 
          78  1 0.2014 0.2000 0.2002 0.1987 0.1996 
          79  1 0.2020 0.2003 0.1992 0.1965 0.2019 
          80  1 0.2002 0.2011 0.2004 0.1968 0.2014 
          81  1 0.2018 0.1964 0.1982 0.2043 0.1993 
          82  1 0.1971 0.2029 0.2006 0.1963 0.2032 
          83  1 0.1943 0.2022 0.2009 0.1962 0.2064 
          84  1 0.1990 0.1993 0.2012 0.2002 0.2003 
          85  1 0.2015 0.1992 0.1979 0.2003 0.2012 
          86  1 0.2014 0.1990 0.1997 0.2006 0.1994 
          87  1 0.2009 0.2002 0.1991 0.2026 0.1972 
          88  1 0.1981 0.1976 0.1960 0.2137 0.1947 
          89  1 0.1976 0.1996 0.2002 0.2027 0.1999 
          90  1 0.2001 0.2015 0.1993 0.1973 0.2018 
