           1  1 0.1254 0.1247 0.1264 0.1250 0.1242 0.1252 0.1244 0.1248 
           2  1 0.1252 0.1249 0.1244 0.1249 0.1250 0.1259 0.1250 0.1248 
           3  1 0.1245 0.1252 0.1222 0.1265 0.1247 0.1247 0.1254 0.1268 
           4  1 0.1257 0.1250 0.1261 0.1224 0.1268 0.1269 0.1232 0.1239 
           5  1 0.1252 0.1245 0.1246 0.1264 0.1248 0.1242 0.1249 0.1255 
           6  1 0.1247 0.1247 0.1231 0.1276 0.1263 0.1233 0.1265 0.1237 
           7  1 0.1255 0.1245 0.1244 0.1250 0.1252 0.1254 0.1256 0.1243 
           8  1 0.1243 0.1254 0.1266 0.1248 0.1235 0.1254 0.1244 0.1257 
           9  1 0.1248 0.1229 0.1261 0.1250 0.1265 0.1246 0.1257 0.1245 
          10  1 0.1251 0.1252 0.1246 0.1250 0.1255 0.1247 0.1254 0.1246 
          11  1 0.1247 0.1241 0.1259 0.1262 0.1254 0.1242 0.1246 0.1249 
          12  1 0.1251 0.1252 0.1262 0.1248 0.1248 0.1244 0.1241 0.1253 
          13  1 0.1246 0.1233 0.1256 0.1249 0.1250 0.1271 0.1243 0.1253 
          14  1 0.1248 0.1267 0.1263 0.1230 0.1244 0.1238 0.1253 0.1256 
          15  1 0.1251 0.1229 0.1241 0.1257 0.1254 0.1255 0.1258 0.1255 
          16  1 0.1236 0.1245 0.1244 0.1281 0.1256 0.1242 0.1256 0.1241 
          17  1 0.1260 0.1240 0.1252 0.1247 0.1240 0.1257 0.1247 0.1257 
          18  1 0.1250 0.1247 0.1242 0.1267 0.1248 0.1251 0.1256 0.1239 
          19  1 0.1258 0.1257 0.1261 0.1237 0.1252 0.1239 0.1239 0.1257 
          20  1 0.1257 0.1247 0.1248 0.1249 0.1256 0.1247 0.1247 0.1248 
          21  1 0.1252 0.1242 0.1240 0.1249 0.1253 0.1251 0.1253 0.1261 
          22  1 0.1237 0.1251 0.1232 0.1273 0.1255 0.1238 0.1265 0.1249 
          23  1 0.1247 0.1242 0.1273 0.1259 0.1256 0.1235 0.1241 0.1247 
          24  1 0.1256 0.1237 0.1245 0.1244 0.1246 0.1264 0.1256 0.1254 
          25  1 0.1239 0.1250 0.1265 0.1244 0.1241 0.1259 0.1247 0.1255 
          26  1 0.1243 0.1261 0.1238 0.1269 0.1261 0.1240 0.1245 0.1243 
          27  1 0.1257 0.1246 0.1261 0.1245 0.1250 0.1253 0.1237 0.1251 
          28  1 0.1243 0.1236 0.1247 0.1276 0.1254 0.1229 0.1267 0.1249 
          29  1 0.1246 0.1252 0.1249 0.1257 0.1238 0.1247 0.1252 0.1260 
          30  1 0.1258 0.1256 0.1246 0.1242 0.1241 0.1261 0.1251 0.1245 
          31  1 0.1251 0.1278 0.1260 0.1234 0.1245 0.1249 0.1235 0.1250 
          32  1 0.1266 0.1278 0.1249 0.1220 0.1244 0.1264 0.1231 0.1249 
          33  1 0.1257 0.1251 0.1265 0.1228 0.1244 0.1269 0.1234 0.1252 
          34  1 0.1250 0.1249 0.1266 0.1241 0.1254 0.1249 0.1245 0.1246 
          35  1 0.1265 0.1254 0.1255 0.1246 0.1240 0.1241 0.1254 0.1244 
          36  1 0.1257 0.1269 0.1272 0.1224 0.1244 0.1260 0.1230 0.1245 
          37  1 0.1241 0.1244 0.1241 0.1277 0.1244 0.1232 0.1268 0.1253 
          38  1 0.1254 0.1260 0.1258 0.1233 0.1257 0.1261 0.1238 0.1238 
          39  1 0.1239 0.1245 0.1243 0.1278 0.1259 0.1230 0.1261 0.1244 
          40  1 0.1250 0.1261 0.1226 0.1275 0.1242 0.1263 0.1250 0.1232 
          41  1 0.1257 0.1248 0.1264 0.1235 0.1249 0.1273 0.1231 0.1243 
          42  1 0.1258 0.1259 0.1277 0.1235 0.1237 0.1253 0.1237 0.1243 
          43  1 0.1241 0.1257 0.1246 0.1260 0.1242 0.1249 0.1252 0.1253 
          44  1 0.1245 0.1246 0.1251 0.1251 0.1259 0.1249 0.1256 0.1242 
          45  1 0.1259 0.1263 0.1252 0.1245 0.1248 0.1251 0.1239 0.1243 
          46  1 0.1249 0.1257 0.1236 0.1251 0.1247 0.1267 0.1247 0.1245 
          47  1 0.1241 0.1271 0.1247 0.1250 0.1253 0.1243 0.1247 0.1249 
          48  1 0.1265 0.1255 0.1262 0.1222 0.1254 0.1261 0.1234 0.1248 
          49  1 0.1253 0.1271 0.1257 0.1241 0.1233 0.1260 0.1245 0.1241 
          50  1 0.1254 0.1259 0.1251 0.1238 0.1248 0.1243 0.1241 0.1266 
          51  1 0.1251 0.1244 0.1255 0.1261 0.1247 0.1255 0.1262 0.1225 
          52  1 0.1239 0.1246 0.1236 0.1284 0.1252 0.1243 0.1263 0.1237 
          53  1 0.1235 0.1282 0.1259 0.1242 0.1237 0.1261 0.1249 0.1235 
          54  1 0.1248 0.1266 0.1252 0.1249 0.1253 0.1244 0.1246 0.1243 
          55  1 0.1234 0.1243 0.1272 0.1241 0.1260 0.1258 0.1245 0.1247 
          56  1 0.1256 0.1257 0.1260 0.1228 0.1247 0.1268 0.1235 0.1249 
          57  1 0.1238 0.1256 0.1264 0.1261 0.1250 0.1235 0.1246 0.1251 
          58  1 0.1254 0.1232 0.1276 0.1226 0.1256 0.1264 0.1250 0.1241 
          59  1 0.1262 0.1232 0.1270 0.1232 0.1253 0.1268 0.1236 0.1247 
          60  1 0.1252 0.1253 0.1240 0.1267 0.1245 0.1252 0.1249 0.1241 
          61  1 0.1263 0.1241 0.1247 0.1252 0.1240 0.1254 0.1247 0.1254 
          62  1 0.1248 0.1244 0.1232 0.1281 0.1249 0.1245 0.1252 0.1249 
          63  1 0.1254 0.1256 0.1249 0.1231 0.1253 0.1260 0.1239 0.1257 
          64  1 0.1256 0.1236 0.1251 0.1255 0.1250 0.1245 0.1260 0.1248 
          65  1 0.1265 0.1259 0.1239 0.1243 0.1242 0.1257 0.1226 0.1270 
          66  1 0.1256 0.1250 0.1253 0.1245 0.1248 0.1253 0.1239 0.1256 
          67  1 0.1240 0.1242 0.1264 0.1266 0.1253 0.1239 0.1256 0.1240 
          68  1 0.1247 0.1251 0.1244 0.1248 0.1245 0.1245 0.1257 0.1263 
          69  1 0.1237 0.1237 0.1252 0.1266 0.1256 0.1246 0.1255 0.1253 
          70  1 0.1246 0.1234 0.1246 0.1273 0.1238 0.1237 0.1268 0.1257 
          71  1 0.1237 0.1228 0.1234 0.1278 0.1249 0.1238 0.1277 0.1261 
          72  1 0.1236 0.1244 0.1231 0.1295 0.1259 0.1231 0.1278 0.1226 
          73  1 0.1243 0.1246 0.1269 0.1236 0.1249 0.1261 0.1231 0.1266 
          74  1 0.1259 0.1245 0.1236 0.1269 0.1237 0.1235 0.1265 0.1254 
          75  1 0.1238 0.1233 0.1226 0.1301 0.1249 0.1231 0.1283 0.1239 
          76  1 0.1260 0.1248 0.1278 0.1226 0.1245 0.1257 0.1239 0.1248 
          77  1 0.1234 0.1249 0.1256 0.1243 0.1253 0.1249 0.1255 0.1261 
          78  1 0.1258 0.1233 0.1253 0.1250 0.1250 0.1242 0.1256 0.1257 
          79  1 0.1250 0.1256 0.1240 0.1255 0.1261 0.1242 0.1247 0.1248 
          80  1 0.1251 0.1243 0.1259 0.1254 0.1247 0.1250 0.1241 0.1254 
          81  1 0.1251 0.1249 0.1246 0.1241 0.1247 0.1253 0.1241 0.1272 
          82  1 0.1234 0.1226 0.1245 0.1276 0.1258 0.1243 0.1273 0.1245 
          83  1 0.1245 0.1236 0.1235 0.1300 0.1253 0.1226 0.1268 0.1237 
          84  1 0.1252 0.1239 0.1246 0.1255 0.1262 0.1262 0.1244 0.1241 
          85  1 0.1249 0.1237 0.1241 0.1263 0.1248 0.1254 0.1252 0.1256 
          86  1 0.1250 0.1231 0.1249 0.1260 0.1254 0.1261 0.1241 0.1253 
          87  1 0.1271 0.1252 0.1251 0.1228 0.1252 0.1252 0.1236 0.1257 
          88  1 0.1272 0.1268 0.1238 0.1210 0.1245 0.1280 0.1219 0.1268 
          89  1 0.1264 0.1250 0.1233 0.1250 0.1250 0.1261 0.1244 0.1249 
          90  1 0.1245 0.1240 0.1271 0.1246 0.1248 0.1251 0.1246 0.1253 
