           1  1 0.1265 0.1243 0.1242 0.1255 0.1230 0.1262 0.1260 0.1244 
           2  1 0.1249 0.1224 0.1239 0.1250 0.1293 0.1234 0.1263 0.1247 
           3  1 0.1250 0.1248 0.1340 0.1230 0.1215 0.1250 0.1241 0.1226 
           4  1 0.1243 0.1278 0.1269 0.1212 0.1253 0.1250 0.1213 0.1281 
           5  1 0.1284 0.1243 0.1226 0.1282 0.1225 0.1239 0.1284 0.1217 
           6  1 0.1256 0.1258 0.1215 0.1277 0.1220 0.1242 0.1292 0.1241 
           7  1 0.1242 0.1256 0.1239 0.1264 0.1232 0.1257 0.1271 0.1237 
           8  1 0.1253 0.1231 0.1260 0.1252 0.1292 0.1245 0.1216 0.1252 
           9  1 0.1271 0.1230 0.1248 0.1242 0.1248 0.1256 0.1257 0.1247 
          10  1 0.1253 0.1230 0.1259 0.1270 0.1230 0.1261 0.1244 0.1253 
          11  1 0.1270 0.1230 0.1231 0.1255 0.1256 0.1262 0.1253 0.1244 
          12  1 0.1269 0.1261 0.1245 0.1244 0.1231 0.1258 0.1249 0.1244 
          13  1 0.1249 0.1273 0.1264 0.1222 0.1277 0.1227 0.1220 0.1269 
          14  1 0.1276 0.1255 0.1254 0.1236 0.1244 0.1250 0.1232 0.1253 
          15  1 0.1250 0.1262 0.1212 0.1248 0.1254 0.1255 0.1278 0.1241 
          16  1 0.1236 0.1235 0.1208 0.1315 0.1236 0.1254 0.1274 0.1242 
          17  1 0.1246 0.1236 0.1245 0.1249 0.1264 0.1258 0.1224 0.1279 
          18  1 0.1269 0.1262 0.1231 0.1268 0.1206 0.1233 0.1295 0.1235 
          19  1 0.1245 0.1251 0.1235 0.1253 0.1258 0.1258 0.1257 0.1243 
          20  1 0.1265 0.1227 0.1213 0.1268 0.1249 0.1242 0.1267 0.1268 
          21  1 0.1248 0.1243 0.1299 0.1245 0.1226 0.1265 0.1250 0.1223 
          22  1 0.1240 0.1242 0.1229 0.1286 0.1249 0.1235 0.1289 0.1230 
          23  1 0.1256 0.1236 0.1226 0.1271 0.1262 0.1222 0.1281 0.1245 
          24  1 0.1277 0.1238 0.1219 0.1256 0.1244 0.1262 0.1256 0.1247 
          25  1 0.1263 0.1237 0.1257 0.1227 0.1251 0.1261 0.1232 0.1272 
          26  1 0.1274 0.1241 0.1227 0.1266 0.1224 0.1271 0.1251 0.1247 
          27  1 0.1255 0.1252 0.1239 0.1249 0.1218 0.1275 0.1260 0.1252 
          28  1 0.1257 0.1229 0.1212 0.1275 0.1231 0.1258 0.1311 0.1228 
          29  1 0.1256 0.1239 0.1252 0.1243 0.1255 0.1268 0.1275 0.1212 
          30  1 0.1246 0.1261 0.1267 0.1238 0.1233 0.1278 0.1241 0.1236 
          31  1 0.1231 0.1244 0.1242 0.1240 0.1295 0.1242 0.1240 0.1267 
          32  1 0.1220 0.1301 0.1361 0.1215 0.1229 0.1245 0.1201 0.1228 
          33  1 0.1215 0.1300 0.1389 0.1183 0.1220 0.1251 0.1190 0.1251 
          34  1 0.1259 0.1229 0.1224 0.1245 0.1288 0.1255 0.1241 0.1259 
          35  1 0.1237 0.1238 0.1229 0.1246 0.1287 0.1244 0.1251 0.1269 
          36  1 0.1239 0.1288 0.1257 0.1214 0.1267 0.1233 0.1221 0.1280 
          37  1 0.1260 0.1239 0.1215 0.1290 0.1215 0.1241 0.1285 0.1255 
          38  1 0.1231 0.1312 0.1288 0.1228 0.1246 0.1219 0.1212 0.1264 
          39  1 0.1250 0.1219 0.1202 0.1274 0.1244 0.1246 0.1308 0.1256 
          40  1 0.1220 0.1333 0.1293 0.1241 0.1198 0.1227 0.1243 0.1245 
          41  1 0.1248 0.1275 0.1249 0.1224 0.1254 0.1274 0.1221 0.1254 
          42  1 0.1250 0.1238 0.1216 0.1246 0.1305 0.1237 0.1238 0.1269 
          43  1 0.1253 0.1222 0.1221 0.1278 0.1242 0.1263 0.1274 0.1247 
          44  1 0.1256 0.1238 0.1224 0.1260 0.1234 0.1267 0.1271 0.1249 
          45  1 0.1264 0.1231 0.1225 0.1268 0.1251 0.1252 0.1268 0.1241 
          46  1 0.1217 0.1269 0.1269 0.1260 0.1242 0.1246 0.1239 0.1256 
          47  1 0.1248 0.1259 0.1289 0.1217 0.1239 0.1263 0.1237 0.1248 
          48  1 0.1236 0.1334 0.1314 0.1203 0.1230 0.1238 0.1205 0.1240 
          49  1 0.1245 0.1251 0.1255 0.1228 0.1288 0.1253 0.1219 0.1261 
          50  1 0.1243 0.1255 0.1321 0.1224 0.1259 0.1243 0.1226 0.1228 
          51  1 0.1228 0.1241 0.1239 0.1255 0.1314 0.1207 0.1241 0.1274 
          52  1 0.1236 0.1263 0.1229 0.1299 0.1212 0.1237 0.1302 0.1222 
          53  1 0.1238 0.1251 0.1214 0.1232 0.1355 0.1208 0.1211 0.1290 
          54  1 0.1240 0.1237 0.1258 0.1232 0.1274 0.1245 0.1251 0.1263 
          55  1 0.1252 0.1233 0.1230 0.1231 0.1289 0.1253 0.1247 0.1265 
          56  1 0.1236 0.1255 0.1217 0.1216 0.1341 0.1223 0.1224 0.1288 
          57  1 0.1251 0.1249 0.1223 0.1259 0.1263 0.1239 0.1271 0.1244 
          58  1 0.1234 0.1252 0.1273 0.1221 0.1277 0.1251 0.1217 0.1276 
          59  1 0.1247 0.1250 0.1264 0.1218 0.1271 0.1252 0.1226 0.1271 
          60  1 0.1244 0.1237 0.1202 0.1265 0.1245 0.1271 0.1296 0.1241 
          61  1 0.1232 0.1291 0.1261 0.1236 0.1256 0.1239 0.1246 0.1238 
          62  1 0.1258 0.1233 0.1212 0.1278 0.1244 0.1274 0.1266 0.1236 
          63  1 0.1238 0.1265 0.1334 0.1225 0.1226 0.1264 0.1220 0.1229 
          64  1 0.1244 0.1226 0.1233 0.1272 0.1248 0.1285 0.1242 0.1249 
          65  1 0.1263 0.1267 0.1221 0.1249 0.1228 0.1288 0.1240 0.1244 
          66  1 0.1274 0.1217 0.1215 0.1259 0.1293 0.1233 0.1250 0.1260 
          67  1 0.1267 0.1239 0.1218 0.1272 0.1234 0.1266 0.1262 0.1241 
          68  1 0.1269 0.1244 0.1225 0.1252 0.1247 0.1256 0.1245 0.1262 
          69  1 0.1265 0.1216 0.1241 0.1265 0.1258 0.1238 0.1261 0.1257 
          70  1 0.1263 0.1236 0.1210 0.1288 0.1224 0.1238 0.1303 0.1239 
          71  1 0.1245 0.1228 0.1208 0.1309 0.1213 0.1245 0.1327 0.1224 
          72  1 0.1244 0.1231 0.1223 0.1308 0.1218 0.1236 0.1312 0.1228 
          73  1 0.1237 0.1235 0.1271 0.1222 0.1275 0.1255 0.1244 0.1261 
          74  1 0.1255 0.1231 0.1234 0.1288 0.1238 0.1259 0.1266 0.1228 
          75  1 0.1245 0.1232 0.1196 0.1338 0.1206 0.1238 0.1313 0.1232 
          76  1 0.1264 0.1248 0.1252 0.1225 0.1280 0.1260 0.1220 0.1250 
          77  1 0.1250 0.1236 0.1236 0.1270 0.1249 0.1259 0.1247 0.1254 
          78  1 0.1273 0.1233 0.1249 0.1240 0.1251 0.1256 0.1244 0.1253 
          79  1 0.1251 0.1240 0.1232 0.1293 0.1230 0.1222 0.1284 0.1249 
          80  1 0.1269 0.1245 0.1234 0.1251 0.1249 0.1252 0.1264 0.1237 
          81  1 0.1237 0.1234 0.1294 0.1230 0.1231 0.1279 0.1242 0.1253 
          82  1 0.1248 0.1230 0.1225 0.1304 0.1233 0.1220 0.1307 0.1234 
          83  1 0.1253 0.1250 0.1206 0.1315 0.1203 0.1237 0.1307 0.1228 
          84  1 0.1255 0.1252 0.1238 0.1262 0.1229 0.1268 0.1254 0.1241 
          85  1 0.1250 0.1238 0.1239 0.1251 0.1267 0.1244 0.1252 0.1259 
          86  1 0.1254 0.1264 0.1255 0.1250 0.1233 0.1254 0.1237 0.1252 
          87  1 0.1252 0.1258 0.1281 0.1238 0.1241 0.1264 0.1224 0.1243 
          88  1 0.1219 0.1319 0.1428 0.1177 0.1221 0.1246 0.1167 0.1223 
          89  1 0.1263 0.1245 0.1274 0.1271 0.1207 0.1271 0.1261 0.1208 
          90  1 0.1249 0.1239 0.1238 0.1256 0.1255 0.1250 0.1256 0.1257 
