           1  1 0.1655 0.1659 0.1659 0.1677 0.1669 0.1681 
           2  1 0.1678 0.1674 0.1661 0.1670 0.1653 0.1663 
           3  1 0.1669 0.1658 0.1658 0.1666 0.1665 0.1684 
           4  1 0.1640 0.1693 0.1639 0.1689 0.1652 0.1687 
           5  1 0.1676 0.1654 0.1670 0.1661 0.1681 0.1658 
           6  1 0.1685 0.1652 0.1701 0.1638 0.1681 0.1643 
           7  1 0.1664 0.1664 0.1675 0.1666 0.1670 0.1660 
           8  1 0.1669 0.1672 0.1648 0.1674 0.1667 0.1669 
           9  1 0.1657 0.1663 0.1682 0.1671 0.1664 0.1663 
          10  1 0.1662 0.1671 0.1674 0.1669 0.1661 0.1663 
          11  1 0.1644 0.1672 0.1671 0.1676 0.1664 0.1674 
          12  1 0.1657 0.1656 0.1661 0.1677 0.1672 0.1677 
          13  1 0.1653 0.1653 0.1679 0.1663 0.1676 0.1676 
          14  1 0.1652 0.1688 0.1648 0.1681 0.1660 0.1672 
          15  1 0.1665 0.1653 0.1683 0.1669 0.1657 0.1672 
          16  1 0.1681 0.1653 0.1701 0.1644 0.1679 0.1642 
          17  1 0.1678 0.1682 0.1640 0.1675 0.1654 0.1670 
          18  1 0.1662 0.1648 0.1690 0.1649 0.1691 0.1660 
          19  1 0.1666 0.1657 0.1667 0.1680 0.1661 0.1670 
          20  1 0.1674 0.1683 0.1669 0.1653 0.1665 0.1656 
          21  1 0.1673 0.1667 0.1656 0.1667 0.1666 0.1671 
          22  1 0.1689 0.1651 0.1700 0.1649 0.1669 0.1643 
          23  1 0.1677 0.1673 0.1673 0.1653 0.1669 0.1655 
          24  1 0.1666 0.1667 0.1663 0.1673 0.1652 0.1679 
          25  1 0.1656 0.1675 0.1657 0.1687 0.1665 0.1660 
          26  1 0.1670 0.1672 0.1667 0.1663 0.1658 0.1670 
          27  1 0.1652 0.1691 0.1649 0.1672 0.1658 0.1679 
          28  1 0.1684 0.1647 0.1692 0.1640 0.1684 0.1654 
          29  1 0.1658 0.1668 0.1674 0.1670 0.1667 0.1664 
          30  1 0.1665 0.1669 0.1661 0.1671 0.1659 0.1675 
          31  1 0.1691 0.1677 0.1649 0.1681 0.1651 0.1651 
          32  1 0.1666 0.1669 0.1645 0.1677 0.1657 0.1686 
          33  1 0.1658 0.1667 0.1642 0.1680 0.1661 0.1692 
          34  1 0.1648 0.1671 0.1659 0.1676 0.1665 0.1681 
          35  1 0.1685 0.1665 0.1650 0.1675 0.1661 0.1663 
          36  1 0.1664 0.1686 0.1637 0.1674 0.1665 0.1673 
          37  1 0.1693 0.1652 0.1691 0.1652 0.1667 0.1646 
          38  1 0.1668 0.1670 0.1658 0.1679 0.1672 0.1653 
          39  1 0.1686 0.1667 0.1686 0.1651 0.1666 0.1644 
          40  1 0.1677 0.1644 0.1688 0.1658 0.1679 0.1654 
          41  1 0.1655 0.1675 0.1649 0.1692 0.1662 0.1668 
          42  1 0.1698 0.1675 0.1654 0.1667 0.1651 0.1655 
          43  1 0.1687 0.1663 0.1676 0.1668 0.1654 0.1652 
          44  1 0.1657 0.1665 0.1669 0.1668 0.1675 0.1665 
          45  1 0.1680 0.1679 0.1666 0.1654 0.1653 0.1668 
          46  1 0.1665 0.1644 0.1680 0.1664 0.1684 0.1662 
          47  1 0.1670 0.1677 0.1645 0.1681 0.1649 0.1677 
          48  1 0.1662 0.1673 0.1641 0.1671 0.1666 0.1686 
          49  1 0.1697 0.1684 0.1638 0.1670 0.1654 0.1658 
          50  1 0.1646 0.1671 0.1641 0.1675 0.1670 0.1698 
          51  1 0.1685 0.1642 0.1673 0.1682 0.1658 0.1659 
          52  1 0.1689 0.1635 0.1718 0.1643 0.1685 0.1630 
          53  1 0.1700 0.1689 0.1654 0.1662 0.1652 0.1644 
          54  1 0.1680 0.1682 0.1648 0.1680 0.1637 0.1672 
          55  1 0.1689 0.1673 0.1661 0.1658 0.1652 0.1667 
          56  1 0.1685 0.1685 0.1641 0.1675 0.1653 0.1660 
          57  1 0.1683 0.1676 0.1656 0.1667 0.1670 0.1648 
          58  1 0.1641 0.1668 0.1661 0.1696 0.1663 0.1672 
          59  1 0.1646 0.1670 0.1651 0.1688 0.1659 0.1686 
          60  1 0.1676 0.1648 0.1690 0.1657 0.1664 0.1664 
          61  1 0.1659 0.1648 0.1667 0.1676 0.1684 0.1667 
          62  1 0.1678 0.1638 0.1682 0.1668 0.1679 0.1654 
          63  1 0.1662 0.1676 0.1642 0.1679 0.1657 0.1685 
          64  1 0.1671 0.1672 0.1672 0.1658 0.1654 0.1674 
          65  1 0.1647 0.1671 0.1652 0.1686 0.1659 0.1685 
          66  1 0.1670 0.1671 0.1649 0.1679 0.1648 0.1684 
          67  1 0.1669 0.1672 0.1692 0.1648 0.1669 0.1650 
          68  1 0.1654 0.1664 0.1665 0.1664 0.1671 0.1682 
          69  1 0.1666 0.1672 0.1658 0.1670 0.1665 0.1669 
          70  1 0.1664 0.1655 0.1699 0.1649 0.1675 0.1659 
          71  1 0.1688 0.1642 0.1710 0.1640 0.1675 0.1645 
          72  1 0.1680 0.1645 0.1714 0.1632 0.1682 0.1648 
          73  1 0.1661 0.1674 0.1649 0.1689 0.1654 0.1673 
          74  1 0.1680 0.1651 0.1698 0.1646 0.1676 0.1649 
          75  1 0.1694 0.1636 0.1723 0.1642 0.1659 0.1646 
          76  1 0.1641 0.1678 0.1654 0.1684 0.1659 0.1683 
          77  1 0.1673 0.1654 0.1667 0.1665 0.1680 0.1662 
          78  1 0.1657 0.1653 0.1677 0.1668 0.1667 0.1678 
          79  1 0.1667 0.1672 0.1674 0.1663 0.1663 0.1660 
          80  1 0.1667 0.1665 0.1666 0.1675 0.1665 0.1661 
          81  1 0.1653 0.1667 0.1653 0.1672 0.1674 0.1680 
          82  1 0.1672 0.1648 0.1717 0.1648 0.1675 0.1639 
          83  1 0.1692 0.1638 0.1727 0.1636 0.1678 0.1629 
          84  1 0.1662 0.1662 0.1673 0.1666 0.1676 0.1661 
          85  1 0.1670 0.1661 0.1668 0.1671 0.1672 0.1658 
          86  1 0.1647 0.1673 0.1656 0.1669 0.1671 0.1685 
          87  1 0.1664 0.1678 0.1640 0.1675 0.1655 0.1688 
          88  1 0.1652 0.1674 0.1624 0.1689 0.1666 0.1695 
          89  1 0.1664 0.1661 0.1665 0.1692 0.1653 0.1665 
          90  1 0.1679 0.1661 0.1666 0.1667 0.1660 0.1665 
