           1  1 0.1100 0.1111 0.1108 0.1108 0.1106 0.1123 0.1112 0.1110 0.1122 
           2  1 0.1110 0.1124 0.1128 0.1125 0.1091 0.1100 0.1119 0.1102 0.1100 
           3  1 0.1114 0.1107 0.1105 0.1105 0.1104 0.1129 0.1114 0.1103 0.1118 
           4  1 0.1097 0.1100 0.1122 0.1108 0.1113 0.1128 0.1120 0.1109 0.1103 
           5  1 0.1113 0.1120 0.1118 0.1116 0.1090 0.1105 0.1120 0.1119 0.1099 
           6  1 0.1129 0.1124 0.1101 0.1118 0.1101 0.1098 0.1108 0.1113 0.1108 
           7  1 0.1110 0.1115 0.1102 0.1121 0.1094 0.1106 0.1118 0.1126 0.1107 
           8  1 0.1096 0.1095 0.1123 0.1095 0.1121 0.1110 0.1125 0.1117 0.1118 
           9  1 0.1117 0.1118 0.1117 0.1108 0.1097 0.1108 0.1116 0.1110 0.1108 
          10  1 0.1122 0.1110 0.1118 0.1115 0.1105 0.1090 0.1113 0.1126 0.1101 
          11  1 0.1116 0.1128 0.1109 0.1125 0.1100 0.1099 0.1108 0.1109 0.1105 
          12  1 0.1115 0.1098 0.1128 0.1106 0.1103 0.1129 0.1111 0.1105 0.1106 
          13  1 0.1096 0.1093 0.1112 0.1105 0.1130 0.1128 0.1120 0.1108 0.1107 
          14  1 0.1106 0.1101 0.1114 0.1094 0.1121 0.1138 0.1102 0.1109 0.1115 
          15  1 0.1112 0.1115 0.1106 0.1111 0.1094 0.1112 0.1118 0.1128 0.1104 
          16  1 0.1125 0.1124 0.1111 0.1116 0.1094 0.1115 0.1113 0.1113 0.1089 
          17  1 0.1099 0.1096 0.1112 0.1110 0.1118 0.1112 0.1114 0.1115 0.1123 
          18  1 0.1121 0.1115 0.1095 0.1116 0.1094 0.1119 0.1112 0.1119 0.1108 
          19  1 0.1113 0.1108 0.1116 0.1109 0.1107 0.1115 0.1112 0.1109 0.1110 
          20  1 0.1130 0.1113 0.1125 0.1119 0.1099 0.1107 0.1101 0.1099 0.1107 
          21  1 0.1109 0.1117 0.1109 0.1109 0.1110 0.1109 0.1107 0.1107 0.1123 
          22  1 0.1134 0.1130 0.1094 0.1130 0.1107 0.1093 0.1088 0.1119 0.1106 
          23  1 0.1107 0.1099 0.1118 0.1119 0.1106 0.1116 0.1098 0.1114 0.1124 
          24  1 0.1101 0.1102 0.1124 0.1114 0.1116 0.1101 0.1126 0.1109 0.1107 
          25  1 0.1105 0.1104 0.1115 0.1113 0.1107 0.1116 0.1120 0.1095 0.1125 
          26  1 0.1102 0.1120 0.1121 0.1112 0.1101 0.1096 0.1131 0.1115 0.1103 
          27  1 0.1102 0.1106 0.1128 0.1115 0.1102 0.1100 0.1126 0.1108 0.1114 
          28  1 0.1120 0.1123 0.1093 0.1126 0.1097 0.1107 0.1104 0.1126 0.1104 
          29  1 0.1120 0.1112 0.1112 0.1106 0.1119 0.1120 0.1100 0.1115 0.1096 
          30  1 0.1102 0.1099 0.1108 0.1106 0.1101 0.1128 0.1121 0.1110 0.1124 
          31  1 0.1106 0.1103 0.1102 0.1110 0.1118 0.1115 0.1115 0.1104 0.1127 
          32  1 0.1093 0.1093 0.1097 0.1087 0.1142 0.1122 0.1116 0.1103 0.1146 
          33  1 0.1087 0.1072 0.1102 0.1084 0.1153 0.1144 0.1120 0.1093 0.1143 
          34  1 0.1102 0.1101 0.1116 0.1112 0.1124 0.1122 0.1104 0.1120 0.1099 
          35  1 0.1113 0.1129 0.1108 0.1113 0.1099 0.1112 0.1116 0.1107 0.1103 
          36  1 0.1099 0.1081 0.1101 0.1089 0.1173 0.1126 0.1120 0.1099 0.1112 
          37  1 0.1142 0.1141 0.1113 0.1131 0.1079 0.1092 0.1093 0.1121 0.1088 
          38  1 0.1102 0.1098 0.1110 0.1102 0.1133 0.1127 0.1112 0.1105 0.1109 
          39  1 0.1125 0.1120 0.1113 0.1121 0.1093 0.1103 0.1104 0.1111 0.1108 
          40  1 0.1111 0.1120 0.1081 0.1112 0.1111 0.1118 0.1108 0.1118 0.1120 
          41  1 0.1109 0.1106 0.1113 0.1113 0.1129 0.1110 0.1105 0.1108 0.1108 
          42  1 0.1111 0.1110 0.1110 0.1109 0.1131 0.1106 0.1109 0.1114 0.1100 
          43  1 0.1112 0.1104 0.1119 0.1118 0.1109 0.1114 0.1099 0.1126 0.1099 
          44  1 0.1106 0.1117 0.1135 0.1126 0.1089 0.1112 0.1124 0.1100 0.1091 
          45  1 0.1097 0.1112 0.1112 0.1108 0.1132 0.1108 0.1104 0.1108 0.1117 
          46  1 0.1118 0.1109 0.1118 0.1113 0.1096 0.1119 0.1116 0.1105 0.1106 
          47  1 0.1102 0.1087 0.1116 0.1100 0.1136 0.1121 0.1112 0.1109 0.1118 
          48  1 0.1091 0.1088 0.1107 0.1091 0.1148 0.1134 0.1122 0.1093 0.1125 
          49  1 0.1104 0.1099 0.1110 0.1090 0.1122 0.1122 0.1112 0.1106 0.1135 
          50  1 0.1098 0.1094 0.1109 0.1100 0.1140 0.1119 0.1119 0.1096 0.1124 
          51  1 0.1124 0.1126 0.1110 0.1121 0.1088 0.1099 0.1108 0.1120 0.1105 
          52  1 0.1135 0.1131 0.1129 0.1117 0.1098 0.1085 0.1089 0.1125 0.1092 
          53  1 0.1100 0.1115 0.1109 0.1102 0.1139 0.1102 0.1108 0.1112 0.1115 
          54  1 0.1115 0.1108 0.1096 0.1122 0.1110 0.1121 0.1100 0.1106 0.1122 
          55  1 0.1103 0.1108 0.1105 0.1108 0.1140 0.1104 0.1105 0.1107 0.1120 
          56  1 0.1104 0.1115 0.1115 0.1105 0.1122 0.1111 0.1099 0.1121 0.1107 
          57  1 0.1122 0.1112 0.1104 0.1104 0.1131 0.1112 0.1109 0.1098 0.1108 
          58  1 0.1112 0.1109 0.1115 0.1112 0.1101 0.1117 0.1125 0.1110 0.1099 
          59  1 0.1111 0.1101 0.1113 0.1124 0.1093 0.1113 0.1129 0.1106 0.1110 
          60  1 0.1137 0.1118 0.1116 0.1122 0.1087 0.1110 0.1102 0.1116 0.1092 
          61  1 0.1095 0.1113 0.1099 0.1099 0.1126 0.1123 0.1115 0.1090 0.1140 
          62  1 0.1116 0.1118 0.1120 0.1113 0.1097 0.1113 0.1111 0.1115 0.1097 
          63  1 0.1097 0.1082 0.1114 0.1100 0.1132 0.1140 0.1109 0.1091 0.1135 
          64  1 0.1108 0.1117 0.1119 0.1100 0.1111 0.1098 0.1113 0.1126 0.1108 
          65  1 0.1093 0.1086 0.1107 0.1102 0.1126 0.1128 0.1123 0.1103 0.1132 
          66  1 0.1109 0.1103 0.1097 0.1116 0.1112 0.1128 0.1119 0.1107 0.1107 
          67  1 0.1128 0.1114 0.1106 0.1129 0.1101 0.1099 0.1108 0.1117 0.1098 
          68  1 0.1101 0.1117 0.1118 0.1119 0.1112 0.1108 0.1106 0.1113 0.1107 
          69  1 0.1119 0.1134 0.1118 0.1116 0.1091 0.1102 0.1112 0.1109 0.1100 
          70  1 0.1133 0.1121 0.1110 0.1137 0.1080 0.1104 0.1108 0.1107 0.1101 
          71  1 0.1125 0.1149 0.1105 0.1130 0.1075 0.1086 0.1101 0.1131 0.1098 
          72  1 0.1128 0.1129 0.1111 0.1137 0.1104 0.1088 0.1099 0.1119 0.1085 
          73  1 0.1103 0.1116 0.1111 0.1109 0.1118 0.1113 0.1110 0.1109 0.1110 
          74  1 0.1117 0.1125 0.1114 0.1119 0.1103 0.1094 0.1110 0.1108 0.1111 
          75  1 0.1141 0.1139 0.1103 0.1155 0.1073 0.1106 0.1076 0.1124 0.1083 
          76  1 0.1105 0.1104 0.1110 0.1115 0.1131 0.1110 0.1115 0.1107 0.1102 
          77  1 0.1109 0.1127 0.1109 0.1108 0.1114 0.1118 0.1102 0.1107 0.1106 
          78  1 0.1122 0.1112 0.1123 0.1112 0.1106 0.1111 0.1105 0.1102 0.1108 
          79  1 0.1106 0.1111 0.1110 0.1114 0.1113 0.1108 0.1110 0.1116 0.1112 
          80  1 0.1113 0.1119 0.1104 0.1122 0.1101 0.1113 0.1095 0.1121 0.1112 
          81  1 0.1103 0.1113 0.1114 0.1115 0.1134 0.1111 0.1121 0.1092 0.1097 
          82  1 0.1140 0.1120 0.1098 0.1125 0.1084 0.1107 0.1105 0.1129 0.1092 
          83  1 0.1153 0.1141 0.1109 0.1147 0.1056 0.1089 0.1098 0.1124 0.1083 
          84  1 0.1122 0.1119 0.1108 0.1112 0.1106 0.1105 0.1106 0.1119 0.1103 
          85  1 0.1130 0.1124 0.1129 0.1108 0.1104 0.1091 0.1109 0.1105 0.1099 
          86  1 0.1110 0.1103 0.1094 0.1119 0.1116 0.1132 0.1119 0.1103 0.1103 
          87  1 0.1094 0.1105 0.1108 0.1114 0.1120 0.1133 0.1106 0.1102 0.1117 
          88  1 0.1067 0.1069 0.1100 0.1078 0.1177 0.1149 0.1114 0.1081 0.1165 
          89  1 0.1106 0.1111 0.1118 0.1107 0.1095 0.1134 0.1101 0.1119 0.1110 
          90  1 0.1110 0.1127 0.1111 0.1112 0.1106 0.1099 0.1120 0.1113 0.1100 
