           1  1 0.1599 0.1678 0.1672 0.1684 0.1716 0.1650 
           2  1 0.1686 0.1648 0.1665 0.1611 0.1682 0.1707 
           3  1 0.1725 0.1641 0.1635 0.1669 0.1677 0.1653 
           4  1 0.1641 0.1644 0.1645 0.1665 0.1713 0.1692 
           5  1 0.1615 0.1692 0.1706 0.1673 0.1663 0.1652 
           6  1 0.1610 0.1735 0.1693 0.1682 0.1626 0.1654 
           7  1 0.1613 0.1694 0.1686 0.1659 0.1693 0.1656 
           8  1 0.1678 0.1671 0.1628 0.1671 0.1675 0.1677 
           9  1 0.1597 0.1645 0.1688 0.1648 0.1747 0.1675 
          10  1 0.1596 0.1679 0.1724 0.1666 0.1704 0.1631 
          11  1 0.1574 0.1660 0.1699 0.1640 0.1768 0.1658 
          12  1 0.1636 0.1673 0.1668 0.1683 0.1689 0.1651 
          13  1 0.1589 0.1666 0.1696 0.1695 0.1705 0.1649 
          14  1 0.1666 0.1659 0.1674 0.1665 0.1670 0.1665 
          15  1 0.1566 0.1689 0.1696 0.1687 0.1682 0.1679 
          16  1 0.1604 0.1715 0.1717 0.1662 0.1671 0.1630 
          17  1 0.1805 0.1622 0.1611 0.1649 0.1596 0.1716 
          18  1 0.1612 0.1716 0.1698 0.1658 0.1696 0.1619 
          19  1 0.1656 0.1651 0.1680 0.1708 0.1664 0.1640 
          20  1 0.1659 0.1670 0.1676 0.1683 0.1638 0.1673 
          21  1 0.1687 0.1643 0.1700 0.1670 0.1666 0.1635 
          22  1 0.1659 0.1682 0.1707 0.1682 0.1615 0.1655 
          23  1 0.1660 0.1694 0.1659 0.1684 0.1643 0.1659 
          24  1 0.1606 0.1713 0.1703 0.1680 0.1679 0.1618 
          25  1 0.1637 0.1654 0.1697 0.1667 0.1679 0.1666 
          26  1 0.1610 0.1687 0.1717 0.1680 0.1669 0.1636 
          27  1 0.1619 0.1664 0.1679 0.1663 0.1714 0.1661 
          28  1 0.1565 0.1746 0.1717 0.1682 0.1706 0.1585 
          29  1 0.1633 0.1685 0.1653 0.1698 0.1680 0.1651 
          30  1 0.1659 0.1651 0.1648 0.1671 0.1693 0.1679 
          31  1 0.1824 0.1640 0.1602 0.1654 0.1580 0.1701 
          32  1 0.1875 0.1622 0.1597 0.1621 0.1605 0.1679 
          33  1 0.1798 0.1626 0.1599 0.1657 0.1634 0.1687 
          34  1 0.1670 0.1671 0.1684 0.1651 0.1657 0.1666 
          35  1 0.1830 0.1607 0.1629 0.1627 0.1602 0.1705 
          36  1 0.1816 0.1605 0.1615 0.1655 0.1591 0.1718 
          37  1 0.1566 0.1683 0.1716 0.1715 0.1649 0.1670 
          38  1 0.1750 0.1626 0.1620 0.1659 0.1629 0.1716 
          39  1 0.1631 0.1692 0.1714 0.1669 0.1624 0.1671 
          40  1 0.1740 0.1641 0.1654 0.1638 0.1649 0.1678 
          41  1 0.1707 0.1636 0.1644 0.1648 0.1662 0.1704 
          42  1 0.1796 0.1657 0.1617 0.1621 0.1609 0.1701 
          43  1 0.1741 0.1649 0.1637 0.1636 0.1633 0.1703 
          44  1 0.1625 0.1671 0.1704 0.1691 0.1674 0.1635 
          45  1 0.1675 0.1666 0.1686 0.1639 0.1637 0.1696 
          46  1 0.1658 0.1686 0.1658 0.1645 0.1692 0.1661 
          47  1 0.1788 0.1634 0.1636 0.1638 0.1621 0.1684 
          48  1 0.1767 0.1624 0.1616 0.1657 0.1637 0.1699 
          49  1 0.1843 0.1603 0.1599 0.1625 0.1618 0.1711 
          50  1 0.1737 0.1668 0.1640 0.1691 0.1613 0.1651 
          51  1 0.1812 0.1601 0.1592 0.1608 0.1660 0.1727 
          52  1 0.1599 0.1769 0.1689 0.1678 0.1645 0.1620 
          53  1 0.1863 0.1588 0.1599 0.1602 0.1585 0.1765 
          54  1 0.1746 0.1624 0.1644 0.1638 0.1613 0.1735 
          55  1 0.1748 0.1647 0.1642 0.1661 0.1599 0.1703 
          56  1 0.1822 0.1603 0.1598 0.1637 0.1597 0.1743 
          57  1 0.1687 0.1670 0.1672 0.1654 0.1624 0.1694 
          58  1 0.1593 0.1634 0.1649 0.1623 0.1802 0.1700 
          59  1 0.1607 0.1625 0.1620 0.1641 0.1812 0.1694 
          60  1 0.1625 0.1721 0.1689 0.1674 0.1650 0.1641 
          61  1 0.1630 0.1682 0.1663 0.1692 0.1681 0.1652 
          62  1 0.1608 0.1699 0.1686 0.1693 0.1686 0.1628 
          63  1 0.1738 0.1630 0.1614 0.1688 0.1683 0.1647 
          64  1 0.1646 0.1670 0.1691 0.1674 0.1661 0.1659 
          65  1 0.1623 0.1630 0.1659 0.1700 0.1697 0.1691 
          66  1 0.1692 0.1649 0.1673 0.1650 0.1636 0.1700 
          67  1 0.1603 0.1666 0.1682 0.1684 0.1700 0.1665 
          68  1 0.1596 0.1687 0.1667 0.1683 0.1697 0.1670 
          69  1 0.1582 0.1669 0.1692 0.1674 0.1723 0.1660 
          70  1 0.1552 0.1716 0.1720 0.1705 0.1681 0.1626 
          71  1 0.1604 0.1744 0.1705 0.1651 0.1667 0.1629 
          72  1 0.1595 0.1707 0.1744 0.1695 0.1649 0.1612 
          73  1 0.1659 0.1636 0.1679 0.1700 0.1644 0.1682 
          74  1 0.1590 0.1706 0.1714 0.1704 0.1670 0.1616 
          75  1 0.1568 0.1729 0.1723 0.1687 0.1661 0.1633 
          76  1 0.1674 0.1655 0.1643 0.1676 0.1672 0.1679 
          77  1 0.1610 0.1646 0.1652 0.1713 0.1717 0.1663 
          78  1 0.1577 0.1694 0.1689 0.1691 0.1710 0.1639 
          79  1 0.1645 0.1687 0.1700 0.1704 0.1651 0.1612 
          80  1 0.1615 0.1692 0.1673 0.1702 0.1668 0.1650 
          81  1 0.1671 0.1653 0.1674 0.1715 0.1646 0.1642 
          82  1 0.1582 0.1732 0.1697 0.1660 0.1705 0.1624 
          83  1 0.1549 0.1728 0.1747 0.1665 0.1691 0.1619 
          84  1 0.1604 0.1709 0.1677 0.1709 0.1670 0.1630 
          85  1 0.1684 0.1670 0.1664 0.1640 0.1667 0.1674 
          86  1 0.1615 0.1670 0.1680 0.1705 0.1685 0.1645 
          87  1 0.1677 0.1646 0.1693 0.1668 0.1632 0.1684 
          88  1 0.1873 0.1602 0.1580 0.1663 0.1627 0.1655 
          89  1 0.1642 0.1673 0.1667 0.1673 0.1705 0.1641 
          90  1 0.1614 0.1700 0.1703 0.1673 0.1641 0.1668 
