           1  1 0.1004 0.0995 0.1007 0.0989 0.1010 0.0999 0.1000 0.0998 0.0988 0.1010 
           2  1 0.0997 0.0982 0.1024 0.1002 0.1011 0.0990 0.0988 0.1006 0.1004 0.0995 
           3  1 0.1003 0.1023 0.0980 0.0993 0.0992 0.1002 0.0994 0.1002 0.1007 0.1005 
           4  1 0.0996 0.1041 0.0992 0.0967 0.0990 0.0983 0.1010 0.0989 0.1011 0.1022 
           5  1 0.1006 0.0986 0.1010 0.1003 0.0999 0.0981 0.1009 0.1009 0.0997 0.0999 
           6  1 0.0990 0.0971 0.1022 0.1032 0.1008 0.0993 0.0988 0.1010 0.0987 0.1000 
           7  1 0.1009 0.0980 0.1001 0.1000 0.1005 0.0997 0.1009 0.1006 0.0984 0.1010 
           8  1 0.0994 0.0993 0.0991 0.0984 0.1016 0.1009 0.0997 0.0997 0.1017 0.1002 
           9  1 0.0997 0.0979 0.1013 0.1024 0.1005 0.0989 0.0992 0.1005 0.0979 0.1018 
          10  1 0.1001 0.0987 0.0996 0.1011 0.0994 0.1002 0.1006 0.1004 0.0987 0.1013 
          11  1 0.1009 0.0981 0.1000 0.1006 0.1004 0.1000 0.0995 0.1003 0.1005 0.0998 
          12  1 0.1012 0.0977 0.1000 0.0993 0.1004 0.0988 0.1014 0.0995 0.1015 0.1002 
          13  1 0.1013 0.0985 0.1008 0.1002 0.0993 0.1003 0.0996 0.0988 0.1002 0.1008 
          14  1 0.1005 0.1011 0.0988 0.0992 0.0989 0.1003 0.0996 0.1008 0.1004 0.1003 
          15  1 0.1006 0.0987 0.1013 0.1005 0.0985 0.1009 0.1011 0.1002 0.0987 0.0996 
          16  1 0.0987 0.0968 0.1016 0.1021 0.1012 0.1018 0.1001 0.0997 0.0992 0.0988 
          17  1 0.0985 0.1020 0.0989 0.0980 0.1023 0.1003 0.0991 0.1026 0.0984 0.0999 
          18  1 0.0994 0.0987 0.0995 0.1019 0.1004 0.0998 0.0999 0.0999 0.0998 0.1007 
          19  1 0.1011 0.0993 0.0997 0.0996 0.0994 0.0991 0.1019 0.0993 0.0996 0.1010 
          20  1 0.0994 0.1007 0.1007 0.0992 0.1015 0.1004 0.0998 0.1010 0.0981 0.0993 
          21  1 0.0995 0.1015 0.1014 0.0997 0.1002 0.1000 0.0989 0.1014 0.0980 0.0993 
          22  1 0.0992 0.1003 0.1008 0.1016 0.1001 0.1006 0.1008 0.0995 0.0978 0.0991 
          23  1 0.0995 0.1007 0.0987 0.0999 0.1006 0.1004 0.1008 0.1000 0.1003 0.0992 
          24  1 0.1006 0.0989 0.0992 0.0997 0.0985 0.0983 0.1014 0.1009 0.1018 0.1007 
          25  1 0.1006 0.1004 0.0995 0.0998 0.0996 0.0995 0.0999 0.0995 0.1007 0.1004 
          26  1 0.0991 0.0985 0.1008 0.1033 0.0997 0.0989 0.1005 0.1006 0.0996 0.0990 
          27  1 0.1001 0.1003 0.0990 0.0989 0.0996 0.0999 0.1024 0.1003 0.0995 0.1000 
          28  1 0.0995 0.0989 0.1008 0.1024 0.0994 0.1012 0.1006 0.1015 0.0971 0.0987 
          29  1 0.0991 0.1001 0.1005 0.1007 0.1000 0.1005 0.0995 0.1004 0.0986 0.1007 
          30  1 0.0994 0.1022 0.1003 0.1000 0.0996 0.1000 0.0982 0.1001 0.1005 0.0998 
          31  1 0.0989 0.1003 0.1003 0.0993 0.1006 0.1000 0.1022 0.0999 0.0996 0.0989 
          32  1 0.0988 0.1054 0.0982 0.0995 0.0989 0.1030 0.0993 0.0989 0.1005 0.0975 
          33  1 0.1004 0.1050 0.0987 0.0971 0.0980 0.1032 0.0984 0.1002 0.1019 0.0972 
          34  1 0.1023 0.0997 0.0989 0.0992 0.1013 0.0987 0.0999 0.0999 0.0979 0.1022 
          35  1 0.0985 0.1020 0.0984 0.0993 0.0995 0.0989 0.1015 0.0993 0.1028 0.0997 
          36  1 0.0999 0.1027 0.0982 0.0978 0.0998 0.0979 0.0999 0.0998 0.1027 0.1012 
          37  1 0.0993 0.0984 0.1016 0.1027 0.1024 0.0995 0.0994 0.0999 0.0974 0.0994 
          38  1 0.1007 0.1031 0.0991 0.0976 0.1004 0.0997 0.0987 0.1000 0.1012 0.0996 
          39  1 0.1011 0.0993 0.1000 0.1012 0.0997 0.1009 0.0992 0.1010 0.0991 0.0984 
          40  1 0.0991 0.1005 0.0992 0.1016 0.0990 0.1007 0.1009 0.0973 0.1015 0.1002 
          41  1 0.1002 0.1010 0.0997 0.0994 0.1012 0.1005 0.0982 0.0984 0.1002 0.1011 
          42  1 0.1002 0.0999 0.0983 0.1017 0.1007 0.0986 0.1005 0.1012 0.0991 0.0997 
          43  1 0.0991 0.0994 0.1010 0.1010 0.1017 0.1006 0.0992 0.1011 0.0989 0.0980 
          44  1 0.0996 0.1004 0.1007 0.0998 0.1001 0.0985 0.1003 0.1010 0.0995 0.1000 
          45  1 0.0991 0.0997 0.0997 0.0992 0.1004 0.1006 0.1000 0.0988 0.1008 0.1018 
          46  1 0.1003 0.1001 0.1008 0.1008 0.0997 0.1007 0.1010 0.0987 0.0993 0.0987 
          47  1 0.1011 0.1027 0.0999 0.0994 0.0990 0.0993 0.0990 0.1002 0.1005 0.0988 
          48  1 0.1004 0.1040 0.0991 0.0975 0.0978 0.0998 0.0988 0.1002 0.1025 0.1000 
          49  1 0.0979 0.1039 0.0988 0.0982 0.0995 0.0996 0.0997 0.0982 0.1037 0.1006 
          50  1 0.1012 0.1025 0.0981 0.0994 0.1001 0.0986 0.0994 0.0998 0.1007 0.1002 
          51  1 0.0990 0.0996 0.1001 0.1007 0.1016 0.0989 0.0994 0.0970 0.1026 0.1010 
          52  1 0.0991 0.0968 0.1016 0.1013 0.0994 0.1017 0.0997 0.0992 0.1013 0.0999 
          53  1 0.0994 0.1001 0.1000 0.0991 0.1013 0.0996 0.0998 0.0983 0.1029 0.0994 
          54  1 0.1005 0.1020 0.1003 0.0985 0.0986 0.0993 0.1000 0.0987 0.1003 0.1019 
          55  1 0.0998 0.1001 0.1005 0.0998 0.1015 0.0986 0.1003 0.1007 0.1001 0.0986 
          56  1 0.0998 0.1003 0.0990 0.1005 0.1012 0.0983 0.0988 0.1016 0.0999 0.1004 
          57  1 0.1000 0.0991 0.0998 0.0985 0.1026 0.0989 0.0996 0.1001 0.1007 0.1006 
          58  1 0.1021 0.0993 0.1004 0.0983 0.0983 0.0976 0.1013 0.0983 0.1026 0.1018 
          59  1 0.1024 0.0993 0.1005 0.0987 0.0980 0.0972 0.0986 0.0991 0.1026 0.1036 
          60  1 0.0988 0.0976 0.1021 0.1025 0.1018 0.1005 0.1000 0.0996 0.0975 0.0996 
          61  1 0.1001 0.0997 0.0996 0.0988 0.0975 0.1013 0.0989 0.1003 0.1021 0.1017 
          62  1 0.1012 0.0968 0.0997 0.1004 0.1000 0.1003 0.1000 0.1013 0.1001 0.1002 
          63  1 0.0998 0.1027 0.0989 0.0977 0.0995 0.1027 0.0995 0.1010 0.0993 0.0990 
          64  1 0.0999 0.0965 0.1002 0.1019 0.1010 0.0998 0.0994 0.1014 0.0994 0.1004 
          65  1 0.1011 0.1001 0.1012 0.0990 0.0991 0.0995 0.0998 0.1009 0.1000 0.0994 
          66  1 0.1003 0.0984 0.0994 0.0984 0.1011 0.0992 0.1015 0.1006 0.1008 0.1005 
          67  1 0.0995 0.0990 0.1007 0.1032 0.0998 0.0998 0.0992 0.0995 0.0996 0.0997 
          68  1 0.1000 0.1005 0.0990 0.0992 0.0993 0.0994 0.1012 0.1008 0.1004 0.1003 
          69  1 0.1006 0.0985 0.1005 0.1011 0.0999 0.0988 0.0992 0.1004 0.0996 0.1014 
          70  1 0.1005 0.0995 0.1009 0.0997 0.1001 0.1000 0.0999 0.0997 0.1000 0.0996 
          71  1 0.1003 0.0972 0.1022 0.1033 0.1002 0.1011 0.1005 0.1001 0.0966 0.0985 
          72  1 0.0985 0.0969 0.1027 0.1030 0.1019 0.1000 0.1008 0.0994 0.0976 0.0993 
          73  1 0.1010 0.1001 0.0995 0.0987 0.1006 0.0989 0.0987 0.1014 0.1003 0.1009 
          74  1 0.0994 0.0985 0.0984 0.1020 0.1007 0.1024 0.0996 0.1012 0.0982 0.0997 
          75  1 0.0998 0.0963 0.1018 0.1036 0.1003 0.1009 0.0999 0.0999 0.0973 0.1002 
          76  1 0.1011 0.1007 0.0995 0.0990 0.0992 0.0974 0.1010 0.0995 0.1009 0.1016 
          77  1 0.1002 0.1000 0.1011 0.1011 0.0994 0.0978 0.1001 0.1019 0.0986 0.0997 
          78  1 0.1005 0.0980 0.1007 0.1014 0.0996 0.0995 0.0990 0.1002 0.1003 0.1008 
          79  1 0.1002 0.0999 0.1014 0.1003 0.1004 0.0989 0.0992 0.1006 0.0994 0.0995 
          80  1 0.0991 0.0991 0.1003 0.0996 0.1001 0.1009 0.1010 0.0996 0.0985 0.1019 
          81  1 0.1014 0.1024 0.0993 0.0980 0.0997 0.1003 0.0992 0.1005 0.0998 0.0994 
          82  1 0.1005 0.0972 0.1009 0.1015 0.1037 0.0997 0.0988 0.1025 0.0970 0.0981 
          83  1 0.0997 0.0970 0.1018 0.1036 0.1015 0.0998 0.0998 0.1011 0.0962 0.0996 
          84  1 0.1005 0.0967 0.1014 0.1003 0.1002 0.1002 0.1008 0.1002 0.1007 0.0990 
          85  1 0.1002 0.0999 0.1012 0.1004 0.1013 0.0997 0.0979 0.0983 0.1015 0.0997 
          86  1 0.1000 0.1015 0.1014 0.1000 0.0988 0.1002 0.0998 0.0999 0.0986 0.0998 
          87  1 0.0989 0.1023 0.0995 0.0986 0.0989 0.0988 0.1004 0.1006 0.0999 0.1020 
          88  1 0.0999 0.1103 0.0959 0.0962 0.0973 0.1017 0.0971 0.0991 0.1043 0.0983 
          89  1 0.0993 0.1002 0.1008 0.1013 0.1004 0.1008 0.0980 0.1011 0.0990 0.0991 
          90  1 0.1008 0.0976 0.1008 0.1006 0.0988 0.0998 0.0993 0.1001 0.1017 0.1004 
