           1  1 0.1240 0.1259 0.1247 0.1246 0.1243 0.1255 0.1259 0.1251 
           2  1 0.1250 0.1252 0.1254 0.1254 0.1247 0.1241 0.1256 0.1246 
           3  1 0.1253 0.1245 0.1247 0.1253 0.1244 0.1249 0.1249 0.1260 
           4  1 0.1268 0.1239 0.1254 0.1235 0.1241 0.1243 0.1250 0.1268 
           5  1 0.1253 0.1252 0.1246 0.1254 0.1254 0.1248 0.1243 0.1250 
           6  1 0.1238 0.1250 0.1243 0.1262 0.1260 0.1260 0.1243 0.1242 
           7  1 0.1251 0.1247 0.1257 0.1250 0.1252 0.1255 0.1243 0.1245 
           8  1 0.1257 0.1250 0.1253 0.1250 0.1247 0.1252 0.1239 0.1253 
           9  1 0.1242 0.1252 0.1258 0.1251 0.1258 0.1245 0.1244 0.1249 
          10  1 0.1248 0.1239 0.1254 0.1245 0.1256 0.1251 0.1253 0.1255 
          11  1 0.1243 0.1250 0.1253 0.1254 0.1251 0.1252 0.1251 0.1245 
          12  1 0.1250 0.1254 0.1245 0.1250 0.1250 0.1250 0.1254 0.1246 
          13  1 0.1254 0.1244 0.1250 0.1262 0.1254 0.1249 0.1247 0.1240 
          14  1 0.1253 0.1245 0.1241 0.1246 0.1244 0.1259 0.1258 0.1255 
          15  1 0.1236 0.1252 0.1247 0.1249 0.1258 0.1255 0.1257 0.1246 
          16  1 0.1240 0.1250 0.1244 0.1258 0.1266 0.1254 0.1249 0.1239 
          17  1 0.1266 0.1253 0.1242 0.1243 0.1243 0.1250 0.1248 0.1254 
          18  1 0.1242 0.1254 0.1253 0.1249 0.1262 0.1254 0.1242 0.1245 
          19  1 0.1254 0.1239 0.1245 0.1254 0.1247 0.1249 0.1265 0.1247 
          20  1 0.1249 0.1266 0.1251 0.1250 0.1255 0.1250 0.1239 0.1240 
          21  1 0.1251 0.1254 0.1249 0.1254 0.1250 0.1243 0.1242 0.1258 
          22  1 0.1237 0.1254 0.1249 0.1261 0.1255 0.1255 0.1245 0.1242 
          23  1 0.1246 0.1252 0.1250 0.1261 0.1245 0.1262 0.1243 0.1240 
          24  1 0.1260 0.1245 0.1249 0.1246 0.1240 0.1253 0.1253 0.1253 
          25  1 0.1255 0.1253 0.1257 0.1243 0.1243 0.1244 0.1252 0.1252 
          26  1 0.1241 0.1243 0.1259 0.1261 0.1244 0.1252 0.1255 0.1244 
          27  1 0.1262 0.1252 0.1252 0.1239 0.1248 0.1247 0.1247 0.1253 
          28  1 0.1236 0.1255 0.1243 0.1269 0.1263 0.1258 0.1240 0.1237 
          29  1 0.1238 0.1250 0.1249 0.1254 0.1255 0.1239 0.1257 0.1258 
          30  1 0.1254 0.1245 0.1253 0.1239 0.1245 0.1250 0.1245 0.1267 
          31  1 0.1253 0.1246 0.1249 0.1251 0.1248 0.1244 0.1260 0.1249 
          32  1 0.1270 0.1247 0.1244 0.1236 0.1243 0.1247 0.1234 0.1279 
          33  1 0.1282 0.1241 0.1249 0.1240 0.1231 0.1234 0.1237 0.1285 
          34  1 0.1251 0.1244 0.1255 0.1236 0.1246 0.1254 0.1262 0.1253 
          35  1 0.1244 0.1240 0.1244 0.1254 0.1252 0.1252 0.1262 0.1253 
          36  1 0.1275 0.1237 0.1252 0.1236 0.1231 0.1253 0.1249 0.1268 
          37  1 0.1234 0.1261 0.1241 0.1261 0.1266 0.1255 0.1252 0.1230 
          38  1 0.1259 0.1252 0.1249 0.1242 0.1235 0.1248 0.1250 0.1264 
          39  1 0.1250 0.1251 0.1240 0.1257 0.1253 0.1257 0.1257 0.1234 
          40  1 0.1252 0.1244 0.1252 0.1254 0.1246 0.1252 0.1242 0.1259 
          41  1 0.1264 0.1240 0.1252 0.1242 0.1239 0.1245 0.1258 0.1260 
          42  1 0.1246 0.1249 0.1241 0.1253 0.1247 0.1248 0.1259 0.1257 
          43  1 0.1237 0.1247 0.1247 0.1257 0.1254 0.1255 0.1255 0.1248 
          44  1 0.1249 0.1243 0.1251 0.1248 0.1258 0.1253 0.1246 0.1252 
          45  1 0.1256 0.1249 0.1245 0.1248 0.1247 0.1257 0.1255 0.1244 
          46  1 0.1246 0.1250 0.1246 0.1251 0.1243 0.1249 0.1259 0.1257 
          47  1 0.1255 0.1248 0.1249 0.1253 0.1246 0.1244 0.1250 0.1255 
          48  1 0.1271 0.1243 0.1252 0.1235 0.1243 0.1241 0.1238 0.1276 
          49  1 0.1257 0.1244 0.1244 0.1249 0.1246 0.1247 0.1253 0.1260 
          50  1 0.1258 0.1246 0.1250 0.1245 0.1241 0.1247 0.1241 0.1272 
          51  1 0.1240 0.1248 0.1244 0.1256 0.1265 0.1249 0.1256 0.1242 
          52  1 0.1234 0.1247 0.1246 0.1266 0.1265 0.1255 0.1247 0.1241 
          53  1 0.1253 0.1245 0.1251 0.1249 0.1252 0.1247 0.1255 0.1248 
          54  1 0.1245 0.1250 0.1248 0.1252 0.1248 0.1253 0.1255 0.1249 
          55  1 0.1263 0.1247 0.1251 0.1246 0.1248 0.1244 0.1254 0.1248 
          56  1 0.1254 0.1254 0.1252 0.1254 0.1247 0.1247 0.1242 0.1250 
          57  1 0.1240 0.1247 0.1249 0.1258 0.1252 0.1255 0.1254 0.1245 
          58  1 0.1252 0.1249 0.1257 0.1249 0.1244 0.1240 0.1255 0.1253 
          59  1 0.1254 0.1254 0.1253 0.1249 0.1242 0.1239 0.1257 0.1251 
          60  1 0.1244 0.1246 0.1243 0.1264 0.1261 0.1257 0.1254 0.1231 
          61  1 0.1260 0.1246 0.1245 0.1236 0.1254 0.1254 0.1243 0.1261 
          62  1 0.1239 0.1243 0.1250 0.1262 0.1267 0.1250 0.1251 0.1238 
          63  1 0.1270 0.1243 0.1246 0.1233 0.1239 0.1248 0.1249 0.1273 
          64  1 0.1244 0.1257 0.1248 0.1255 0.1251 0.1247 0.1246 0.1253 
          65  1 0.1263 0.1253 0.1260 0.1238 0.1236 0.1245 0.1248 0.1256 
          66  1 0.1248 0.1254 0.1258 0.1252 0.1243 0.1247 0.1254 0.1245 
          67  1 0.1237 0.1249 0.1256 0.1265 0.1256 0.1245 0.1248 0.1245 
          68  1 0.1256 0.1259 0.1253 0.1250 0.1242 0.1248 0.1247 0.1244 
          69  1 0.1241 0.1259 0.1248 0.1258 0.1258 0.1249 0.1242 0.1245 
          70  1 0.1235 0.1255 0.1250 0.1263 0.1257 0.1248 0.1256 0.1236 
          71  1 0.1221 0.1260 0.1239 0.1271 0.1262 0.1261 0.1247 0.1239 
          72  1 0.1233 0.1256 0.1242 0.1266 0.1267 0.1262 0.1240 0.1233 
          73  1 0.1259 0.1254 0.1254 0.1246 0.1233 0.1248 0.1254 0.1251 
          74  1 0.1240 0.1257 0.1242 0.1254 0.1258 0.1257 0.1246 0.1245 
          75  1 0.1226 0.1263 0.1241 0.1275 0.1265 0.1255 0.1241 0.1235 
          76  1 0.1267 0.1251 0.1259 0.1245 0.1243 0.1241 0.1247 0.1247 
          77  1 0.1252 0.1249 0.1255 0.1251 0.1252 0.1255 0.1237 0.1249 
          78  1 0.1253 0.1250 0.1252 0.1247 0.1243 0.1250 0.1255 0.1251 
          79  1 0.1247 0.1246 0.1251 0.1251 0.1251 0.1258 0.1246 0.1248 
          80  1 0.1253 0.1256 0.1250 0.1249 0.1246 0.1247 0.1246 0.1254 
          81  1 0.1247 0.1243 0.1252 0.1253 0.1255 0.1247 0.1247 0.1257 
          82  1 0.1240 0.1260 0.1240 0.1266 0.1268 0.1256 0.1239 0.1230 
          83  1 0.1222 0.1259 0.1238 0.1281 0.1273 0.1262 0.1240 0.1225 
          84  1 0.1250 0.1250 0.1256 0.1251 0.1253 0.1254 0.1245 0.1241 
          85  1 0.1238 0.1244 0.1248 0.1259 0.1252 0.1253 0.1256 0.1249 
          86  1 0.1249 0.1251 0.1257 0.1249 0.1247 0.1249 0.1247 0.1251 
          87  1 0.1261 0.1248 0.1257 0.1244 0.1239 0.1244 0.1244 0.1263 
          88  1 0.1282 0.1233 0.1252 0.1232 0.1235 0.1237 0.1233 0.1295 
          89  1 0.1249 0.1255 0.1247 0.1252 0.1247 0.1248 0.1248 0.1255 
          90  1 0.1250 0.1255 0.1256 0.1243 0.1251 0.1250 0.1261 0.1234 
