           1  1 0.1105 0.1114 0.1109 0.1116 0.1107 0.1108 0.1112 0.1111 0.1118 
           2  1 0.1115 0.1106 0.1114 0.1116 0.1107 0.1109 0.1111 0.1111 0.1110 
           3  1 0.1112 0.1108 0.1108 0.1109 0.1120 0.1108 0.1112 0.1115 0.1110 
           4  1 0.1112 0.1112 0.1109 0.1110 0.1129 0.1104 0.1106 0.1112 0.1107 
           5  1 0.1105 0.1114 0.1116 0.1109 0.1106 0.1114 0.1116 0.1106 0.1114 
           6  1 0.1098 0.1119 0.1115 0.1112 0.1100 0.1116 0.1114 0.1112 0.1114 
           7  1 0.1107 0.1111 0.1121 0.1111 0.1100 0.1110 0.1111 0.1115 0.1113 
           8  1 0.1121 0.1112 0.1106 0.1110 0.1114 0.1112 0.1105 0.1113 0.1106 
           9  1 0.1105 0.1107 0.1117 0.1108 0.1116 0.1113 0.1108 0.1112 0.1114 
          10  1 0.1104 0.1111 0.1114 0.1111 0.1111 0.1114 0.1111 0.1109 0.1113 
          11  1 0.1101 0.1113 0.1115 0.1111 0.1113 0.1107 0.1112 0.1115 0.1114 
          12  1 0.1106 0.1117 0.1114 0.1114 0.1108 0.1109 0.1102 0.1114 0.1117 
          13  1 0.1109 0.1111 0.1113 0.1107 0.1102 0.1116 0.1112 0.1112 0.1117 
          14  1 0.1106 0.1118 0.1113 0.1119 0.1110 0.1108 0.1108 0.1117 0.1102 
          15  1 0.1099 0.1118 0.1113 0.1104 0.1113 0.1110 0.1112 0.1116 0.1116 
          16  1 0.1105 0.1110 0.1107 0.1113 0.1101 0.1116 0.1113 0.1120 0.1114 
          17  1 0.1116 0.1114 0.1100 0.1116 0.1117 0.1110 0.1104 0.1107 0.1117 
          18  1 0.1103 0.1099 0.1115 0.1103 0.1099 0.1129 0.1115 0.1121 0.1116 
          19  1 0.1114 0.1115 0.1112 0.1114 0.1109 0.1112 0.1112 0.1105 0.1109 
          20  1 0.1102 0.1114 0.1112 0.1115 0.1109 0.1117 0.1110 0.1102 0.1118 
          21  1 0.1107 0.1115 0.1116 0.1113 0.1117 0.1106 0.1105 0.1110 0.1110 
          22  1 0.1101 0.1113 0.1114 0.1109 0.1107 0.1115 0.1115 0.1113 0.1113 
          23  1 0.1109 0.1115 0.1116 0.1115 0.1103 0.1113 0.1109 0.1104 0.1116 
          24  1 0.1110 0.1106 0.1108 0.1118 0.1111 0.1115 0.1108 0.1111 0.1113 
          25  1 0.1117 0.1108 0.1105 0.1112 0.1120 0.1108 0.1110 0.1112 0.1109 
          26  1 0.1102 0.1111 0.1111 0.1118 0.1108 0.1107 0.1114 0.1116 0.1112 
          27  1 0.1112 0.1112 0.1104 0.1111 0.1119 0.1110 0.1113 0.1115 0.1105 
          28  1 0.1094 0.1116 0.1117 0.1107 0.1105 0.1122 0.1115 0.1110 0.1115 
          29  1 0.1109 0.1114 0.1108 0.1108 0.1111 0.1110 0.1114 0.1114 0.1112 
          30  1 0.1115 0.1111 0.1107 0.1105 0.1123 0.1108 0.1114 0.1106 0.1111 
          31  1 0.1130 0.1106 0.1108 0.1114 0.1106 0.1113 0.1110 0.1108 0.1105 
          32  1 0.1121 0.1111 0.1115 0.1106 0.1122 0.1107 0.1104 0.1114 0.1100 
          33  1 0.1135 0.1102 0.1103 0.1114 0.1134 0.1098 0.1103 0.1108 0.1104 
          34  1 0.1115 0.1109 0.1104 0.1111 0.1122 0.1114 0.1108 0.1108 0.1109 
          35  1 0.1118 0.1115 0.1108 0.1114 0.1106 0.1113 0.1117 0.1102 0.1106 
          36  1 0.1123 0.1114 0.1107 0.1118 0.1124 0.1101 0.1101 0.1109 0.1103 
          37  1 0.1108 0.1111 0.1112 0.1103 0.1105 0.1119 0.1114 0.1113 0.1114 
          38  1 0.1118 0.1106 0.1113 0.1107 0.1121 0.1109 0.1112 0.1109 0.1105 
          39  1 0.1108 0.1116 0.1117 0.1107 0.1107 0.1113 0.1115 0.1105 0.1113 
          40  1 0.1105 0.1103 0.1117 0.1108 0.1106 0.1122 0.1111 0.1117 0.1110 
          41  1 0.1125 0.1104 0.1118 0.1110 0.1119 0.1104 0.1110 0.1101 0.1109 
          42  1 0.1112 0.1109 0.1106 0.1110 0.1115 0.1111 0.1112 0.1112 0.1114 
          43  1 0.1113 0.1108 0.1121 0.1111 0.1104 0.1118 0.1113 0.1105 0.1108 
          44  1 0.1113 0.1113 0.1115 0.1100 0.1107 0.1112 0.1112 0.1112 0.1117 
          45  1 0.1118 0.1112 0.1104 0.1115 0.1110 0.1106 0.1111 0.1114 0.1110 
          46  1 0.1103 0.1111 0.1118 0.1113 0.1104 0.1115 0.1112 0.1109 0.1114 
          47  1 0.1118 0.1110 0.1105 0.1109 0.1118 0.1109 0.1111 0.1108 0.1111 
          48  1 0.1123 0.1106 0.1105 0.1113 0.1121 0.1100 0.1105 0.1116 0.1110 
          49  1 0.1117 0.1118 0.1108 0.1115 0.1114 0.1107 0.1108 0.1104 0.1108 
          50  1 0.1122 0.1111 0.1110 0.1110 0.1123 0.1109 0.1108 0.1106 0.1101 
          51  1 0.1125 0.1100 0.1119 0.1106 0.1099 0.1115 0.1111 0.1114 0.1111 
          52  1 0.1098 0.1108 0.1117 0.1111 0.1096 0.1122 0.1114 0.1110 0.1124 
          53  1 0.1123 0.1106 0.1116 0.1109 0.1112 0.1105 0.1111 0.1110 0.1108 
          54  1 0.1126 0.1106 0.1112 0.1110 0.1118 0.1102 0.1112 0.1109 0.1105 
          55  1 0.1114 0.1114 0.1105 0.1112 0.1116 0.1112 0.1111 0.1112 0.1103 
          56  1 0.1116 0.1114 0.1111 0.1120 0.1112 0.1115 0.1098 0.1108 0.1107 
          57  1 0.1119 0.1109 0.1111 0.1115 0.1110 0.1108 0.1111 0.1105 0.1111 
          58  1 0.1115 0.1110 0.1109 0.1112 0.1122 0.1107 0.1105 0.1113 0.1107 
          59  1 0.1114 0.1110 0.1109 0.1106 0.1114 0.1105 0.1112 0.1115 0.1114 
          60  1 0.1101 0.1113 0.1114 0.1113 0.1100 0.1115 0.1114 0.1111 0.1119 
          61  1 0.1115 0.1108 0.1112 0.1110 0.1110 0.1117 0.1114 0.1110 0.1104 
          62  1 0.1094 0.1110 0.1115 0.1112 0.1107 0.1116 0.1122 0.1106 0.1117 
          63  1 0.1119 0.1113 0.1108 0.1107 0.1133 0.1108 0.1101 0.1105 0.1106 
          64  1 0.1105 0.1109 0.1114 0.1117 0.1109 0.1117 0.1108 0.1108 0.1112 
          65  1 0.1114 0.1108 0.1110 0.1116 0.1119 0.1110 0.1106 0.1104 0.1112 
          66  1 0.1121 0.1112 0.1109 0.1114 0.1109 0.1105 0.1111 0.1106 0.1112 
          67  1 0.1093 0.1107 0.1113 0.1110 0.1110 0.1120 0.1122 0.1116 0.1110 
          68  1 0.1106 0.1114 0.1106 0.1115 0.1115 0.1111 0.1109 0.1112 0.1112 
          69  1 0.1097 0.1121 0.1114 0.1114 0.1108 0.1115 0.1111 0.1110 0.1110 
          70  1 0.1103 0.1111 0.1124 0.1110 0.1096 0.1114 0.1118 0.1105 0.1120 
          71  1 0.1098 0.1109 0.1122 0.1107 0.1094 0.1126 0.1115 0.1114 0.1116 
          72  1 0.1088 0.1121 0.1113 0.1115 0.1103 0.1126 0.1112 0.1104 0.1118 
          73  1 0.1113 0.1109 0.1105 0.1105 0.1133 0.1104 0.1115 0.1108 0.1108 
          74  1 0.1097 0.1112 0.1107 0.1109 0.1106 0.1118 0.1116 0.1117 0.1118 
          75  1 0.1096 0.1108 0.1115 0.1116 0.1096 0.1120 0.1118 0.1108 0.1123 
          76  1 0.1119 0.1116 0.1103 0.1116 0.1119 0.1101 0.1109 0.1114 0.1101 
          77  1 0.1106 0.1108 0.1108 0.1116 0.1113 0.1109 0.1107 0.1114 0.1118 
          78  1 0.1110 0.1112 0.1108 0.1109 0.1107 0.1108 0.1113 0.1114 0.1118 
          79  1 0.1109 0.1108 0.1114 0.1112 0.1110 0.1118 0.1108 0.1112 0.1110 
          80  1 0.1110 0.1108 0.1110 0.1113 0.1110 0.1114 0.1111 0.1111 0.1111 
          81  1 0.1113 0.1111 0.1113 0.1112 0.1118 0.1105 0.1111 0.1110 0.1106 
          82  1 0.1094 0.1114 0.1119 0.1102 0.1104 0.1120 0.1116 0.1115 0.1115 
          83  1 0.1096 0.1108 0.1120 0.1103 0.1096 0.1126 0.1111 0.1116 0.1125 
          84  1 0.1106 0.1110 0.1116 0.1120 0.1108 0.1110 0.1113 0.1112 0.1106 
          85  1 0.1103 0.1107 0.1111 0.1105 0.1113 0.1117 0.1120 0.1112 0.1112 
          86  1 0.1106 0.1114 0.1111 0.1113 0.1118 0.1109 0.1112 0.1112 0.1105 
          87  1 0.1121 0.1108 0.1106 0.1114 0.1127 0.1102 0.1105 0.1105 0.1112 
          88  1 0.1124 0.1114 0.1109 0.1105 0.1134 0.1102 0.1097 0.1115 0.1099 
          89  1 0.1105 0.1108 0.1118 0.1109 0.1116 0.1114 0.1109 0.1113 0.1107 
          90  1 0.1111 0.1118 0.1109 0.1115 0.1110 0.1112 0.1111 0.1104 0.1109 
