           1  1 0.2490 0.2503 0.2479 0.2527 
           2  1 0.2491 0.2515 0.2505 0.2489 
           3  1 0.2510 0.2477 0.2489 0.2524 
           4  1 0.2423 0.2506 0.2547 0.2525 
           5  1 0.2528 0.2491 0.2463 0.2518 
           6  1 0.2534 0.2485 0.2492 0.2489 
           7  1 0.2502 0.2508 0.2504 0.2486 
           8  1 0.2489 0.2517 0.2500 0.2494 
           9  1 0.2502 0.2509 0.2478 0.2512 
          10  1 0.2495 0.2517 0.2484 0.2504 
          11  1 0.2486 0.2493 0.2486 0.2535 
          12  1 0.2512 0.2495 0.2481 0.2512 
          13  1 0.2517 0.2505 0.2498 0.2481 
          14  1 0.2462 0.2486 0.2507 0.2546 
          15  1 0.2506 0.2496 0.2485 0.2514 
          16  1 0.2551 0.2513 0.2469 0.2467 
          17  1 0.2456 0.2522 0.2544 0.2477 
          18  1 0.2548 0.2497 0.2468 0.2487 
          19  1 0.2482 0.2505 0.2498 0.2514 
          20  1 0.2501 0.2511 0.2497 0.2492 
          21  1 0.2531 0.2502 0.2474 0.2493 
          22  1 0.2533 0.2498 0.2502 0.2467 
          23  1 0.2497 0.2526 0.2498 0.2478 
          24  1 0.2501 0.2514 0.2476 0.2510 
          25  1 0.2466 0.2499 0.2520 0.2514 
          26  1 0.2541 0.2489 0.2477 0.2493 
          27  1 0.2482 0.2502 0.2516 0.2500 
          28  1 0.2561 0.2504 0.2457 0.2478 
          29  1 0.2528 0.2484 0.2479 0.2509 
          30  1 0.2464 0.2486 0.2531 0.2519 
          31  1 0.2471 0.2489 0.2550 0.2490 
          32  1 0.2498 0.2460 0.2538 0.2504 
          33  1 0.2437 0.2513 0.2543 0.2506 
          34  1 0.2483 0.2506 0.2502 0.2508 
          35  1 0.2471 0.2505 0.2520 0.2504 
          36  1 0.2428 0.2499 0.2568 0.2506 
          37  1 0.2558 0.2516 0.2452 0.2475 
          38  1 0.2454 0.2502 0.2552 0.2492 
          39  1 0.2547 0.2505 0.2493 0.2455 
          40  1 0.2527 0.2463 0.2530 0.2479 
          41  1 0.2469 0.2506 0.2524 0.2501 
          42  1 0.2470 0.2523 0.2527 0.2480 
          43  1 0.2498 0.2493 0.2522 0.2487 
          44  1 0.2514 0.2496 0.2485 0.2505 
          45  1 0.2499 0.2496 0.2514 0.2490 
          46  1 0.2513 0.2496 0.2511 0.2480 
          47  1 0.2502 0.2504 0.2507 0.2487 
          48  1 0.2440 0.2485 0.2569 0.2507 
          49  1 0.2446 0.2508 0.2533 0.2514 
          50  1 0.2441 0.2526 0.2493 0.2539 
          51  1 0.2511 0.2491 0.2537 0.2461 
          52  1 0.2586 0.2489 0.2474 0.2451 
          53  1 0.2460 0.2533 0.2558 0.2448 
          54  1 0.2481 0.2505 0.2533 0.2481 
          55  1 0.2443 0.2533 0.2514 0.2510 
          56  1 0.2453 0.2514 0.2527 0.2506 
          57  1 0.2511 0.2535 0.2482 0.2472 
          58  1 0.2481 0.2478 0.2507 0.2533 
          59  1 0.2477 0.2490 0.2502 0.2530 
          60  1 0.2536 0.2505 0.2482 0.2477 
          61  1 0.2496 0.2496 0.2501 0.2508 
          62  1 0.2573 0.2488 0.2472 0.2467 
          63  1 0.2460 0.2512 0.2518 0.2510 
          64  1 0.2515 0.2486 0.2505 0.2494 
          65  1 0.2461 0.2488 0.2521 0.2530 
          66  1 0.2512 0.2514 0.2464 0.2511 
          67  1 0.2539 0.2488 0.2496 0.2477 
          68  1 0.2488 0.2501 0.2511 0.2500 
          69  1 0.2502 0.2504 0.2495 0.2498 
          70  1 0.2547 0.2508 0.2474 0.2471 
          71  1 0.2597 0.2473 0.2476 0.2455 
          72  1 0.2584 0.2507 0.2452 0.2456 
          73  1 0.2466 0.2520 0.2499 0.2515 
          74  1 0.2580 0.2462 0.2476 0.2482 
          75  1 0.2584 0.2494 0.2464 0.2458 
          76  1 0.2445 0.2518 0.2521 0.2516 
          77  1 0.2509 0.2487 0.2496 0.2508 
          78  1 0.2509 0.2514 0.2478 0.2499 
          79  1 0.2523 0.2522 0.2460 0.2495 
          80  1 0.2472 0.2505 0.2508 0.2515 
          81  1 0.2472 0.2510 0.2502 0.2516 
          82  1 0.2605 0.2468 0.2492 0.2435 
          83  1 0.2624 0.2475 0.2449 0.2451 
          84  1 0.2508 0.2489 0.2502 0.2501 
          85  1 0.2531 0.2500 0.2486 0.2483 
          86  1 0.2510 0.2495 0.2506 0.2490 
          87  1 0.2455 0.2509 0.2512 0.2523 
          88  1 0.2442 0.2490 0.2546 0.2522 
          89  1 0.2506 0.2486 0.2477 0.2531 
          90  1 0.2479 0.2518 0.2496 0.2507 
