           1  1 0.1014 0.0982 0.0998 0.1003 0.0992 0.1008 0.0999 0.1007 0.0994 0.1001 
           2  1 0.0998 0.1027 0.0998 0.0998 0.0994 0.0996 0.0996 0.0994 0.1000 0.0999 
           3  1 0.0997 0.0988 0.1004 0.1007 0.1002 0.1005 0.0997 0.1000 0.0992 0.1007 
           4  1 0.1030 0.0990 0.0995 0.0989 0.1011 0.0994 0.1000 0.0992 0.0998 0.1001 
           5  1 0.1005 0.0990 0.0998 0.1003 0.0996 0.1006 0.1007 0.1009 0.0990 0.0997 
           6  1 0.0989 0.0986 0.1008 0.1008 0.1022 0.0992 0.1007 0.1006 0.0993 0.0990 
           7  1 0.0997 0.0994 0.1007 0.0999 0.1009 0.1001 0.0996 0.1001 0.0997 0.0999 
           8  1 0.1009 0.1000 0.1006 0.0994 0.0992 0.0997 0.0993 0.0996 0.1011 0.1002 
           9  1 0.1004 0.1001 0.1004 0.1006 0.0995 0.1002 0.1005 0.1002 0.0994 0.0987 
          10  1 0.0998 0.0994 0.0997 0.0998 0.0990 0.1004 0.1007 0.0997 0.1000 0.1014 
          11  1 0.1010 0.1000 0.1009 0.0995 0.0993 0.1000 0.0998 0.0997 0.1001 0.0999 
          12  1 0.1002 0.0986 0.0993 0.1001 0.1004 0.1003 0.0998 0.1006 0.1000 0.1007 
          13  1 0.1018 0.0989 0.1007 0.1004 0.0999 0.1003 0.0995 0.0998 0.0992 0.0995 
          14  1 0.1002 0.0996 0.1000 0.0997 0.1008 0.1006 0.1001 0.1000 0.0992 0.0998 
          15  1 0.1007 0.0987 0.1006 0.1008 0.0997 0.0994 0.1003 0.1002 0.0994 0.1002 
          16  1 0.0996 0.0998 0.1002 0.1011 0.1000 0.1001 0.0998 0.1009 0.0999 0.0986 
          17  1 0.0998 0.1041 0.0984 0.0990 0.0986 0.0995 0.0998 0.0988 0.1012 0.1007 
          18  1 0.0992 0.0978 0.1007 0.1009 0.1024 0.1006 0.0999 0.1016 0.0982 0.0989 
          19  1 0.1007 0.0995 0.1002 0.0992 0.0987 0.1006 0.1006 0.1002 0.0996 0.1007 
          20  1 0.0991 0.1022 0.1008 0.1000 0.0990 0.1008 0.0993 0.1001 0.0991 0.0996 
          21  1 0.0997 0.0998 0.0995 0.0996 0.1004 0.1000 0.1007 0.0998 0.0994 0.1010 
          22  1 0.0989 0.1009 0.0997 0.1004 0.1006 0.0999 0.1006 0.1000 0.0999 0.0991 
          23  1 0.0994 0.1018 0.0995 0.1007 0.0998 0.1000 0.0988 0.1005 0.1008 0.0988 
          24  1 0.1002 0.1009 0.0998 0.1003 0.0994 0.1001 0.1001 0.0994 0.0995 0.1002 
          25  1 0.1001 0.0988 0.0991 0.0998 0.1003 0.1001 0.1000 0.1000 0.1015 0.1003 
          26  1 0.1002 0.1005 0.0994 0.0997 0.0997 0.0994 0.1004 0.0995 0.1000 0.1013 
          27  1 0.0995 0.0997 0.1001 0.0990 0.1016 0.0993 0.1003 0.1002 0.0996 0.1005 
          28  1 0.0993 0.0984 0.0998 0.1010 0.0997 0.1009 0.1014 0.1002 0.0993 0.1001 
          29  1 0.1002 0.0984 0.0999 0.1011 0.1003 0.1003 0.0995 0.1014 0.0991 0.0998 
          30  1 0.1004 0.0995 0.0999 0.0994 0.1001 0.0998 0.1004 0.1001 0.1002 0.1002 
          31  1 0.0994 0.1033 0.0987 0.0988 0.0987 0.0996 0.0991 0.1000 0.1025 0.1000 
          32  1 0.0990 0.0985 0.0995 0.0997 0.1041 0.0997 0.0992 0.1003 0.0998 0.1002 
          33  1 0.0998 0.0975 0.0999 0.0989 0.1032 0.0998 0.0999 0.0995 0.1007 0.1008 
          34  1 0.1000 0.1009 0.1003 0.0995 0.0993 0.0998 0.0998 0.1000 0.1003 0.1001 
          35  1 0.0990 0.1050 0.0990 0.0991 0.0980 0.0990 0.0992 0.0991 0.1020 0.1006 
          36  1 0.1000 0.1002 0.0990 0.0987 0.1011 0.1000 0.0991 0.0994 0.1021 0.1004 
          37  1 0.0988 0.0988 0.1011 0.1027 0.0993 0.1002 0.0997 0.1008 0.0994 0.0991 
          38  1 0.0995 0.0993 0.0996 0.0992 0.1026 0.0998 0.0999 0.0999 0.1001 0.1001 
          39  1 0.0996 0.1030 0.1004 0.1002 0.0997 0.1004 0.0997 0.0994 0.0990 0.0987 
          40  1 0.0986 0.0981 0.0995 0.1004 0.1053 0.0997 0.0992 0.1000 0.1000 0.0994 
          41  1 0.1007 0.1014 0.0994 0.0993 0.0992 0.0997 0.1002 0.0993 0.1009 0.0998 
          42  1 0.0992 0.1009 0.1000 0.0993 0.0987 0.0995 0.0999 0.0988 0.1041 0.0997 
          43  1 0.0992 0.1018 0.0997 0.1004 0.0988 0.0999 0.1002 0.1000 0.1001 0.0998 
          44  1 0.0999 0.0981 0.1010 0.1011 0.1000 0.0999 0.0993 0.1007 0.0994 0.1007 
          45  1 0.0983 0.1041 0.0997 0.0995 0.0990 0.0987 0.1008 0.0992 0.1003 0.1004 
          46  1 0.1003 0.0981 0.1002 0.1002 0.1008 0.0995 0.0999 0.1009 0.0993 0.1008 
          47  1 0.0992 0.0994 0.0996 0.0995 0.1011 0.1003 0.1000 0.0995 0.1012 0.1002 
          48  1 0.0992 0.0987 0.0994 0.0992 0.1031 0.1000 0.0998 0.0995 0.1005 0.1006 
          49  1 0.0991 0.1050 0.0990 0.0983 0.0986 0.0989 0.0992 0.0987 0.1019 0.1015 
          50  1 0.0995 0.0996 0.1002 0.0992 0.1000 0.1003 0.0997 0.0994 0.1000 0.1020 
          51  1 0.1004 0.1030 0.1000 0.0997 0.0981 0.0993 0.0994 0.0997 0.1017 0.0988 
          52  1 0.0998 0.0981 0.1000 0.1016 0.1020 0.1000 0.0993 0.1008 0.0994 0.0990 
          53  1 0.0984 0.1051 0.0981 0.0981 0.0993 0.0996 0.0985 0.0987 0.1055 0.0988 
          54  1 0.0994 0.1042 0.0991 0.0997 0.0991 0.0995 0.0995 0.0982 0.1008 0.1006 
          55  1 0.1000 0.1020 0.0989 0.0992 0.0992 0.1008 0.0993 0.0996 0.1015 0.0994 
          56  1 0.0990 0.1040 0.0995 0.0991 0.0980 0.1003 0.0991 0.0991 0.1019 0.1001 
          57  1 0.0997 0.1051 0.0995 0.0992 0.0984 0.0994 0.0995 0.0990 0.1013 0.0988 
          58  1 0.1049 0.0983 0.0999 0.0997 0.0988 0.0987 0.1003 0.0993 0.0994 0.1006 
          59  1 0.1048 0.0985 0.0997 0.0991 0.0984 0.0997 0.0997 0.1006 0.0991 0.1005 
          60  1 0.0993 0.0998 0.1007 0.1005 0.0995 0.1005 0.1009 0.1005 0.0991 0.0992 
          61  1 0.1009 0.0984 0.1000 0.1005 0.0996 0.1010 0.0998 0.0999 0.0994 0.1004 
          62  1 0.0998 0.0988 0.1001 0.1013 0.0986 0.1000 0.1008 0.1010 0.0994 0.1002 
          63  1 0.1004 0.0976 0.0991 0.1000 0.1014 0.1006 0.0997 0.1001 0.1003 0.1009 
          64  1 0.0992 0.1001 0.0997 0.0997 0.1010 0.1002 0.1006 0.0998 0.0998 0.0998 
          65  1 0.1003 0.0984 0.0996 0.1003 0.1001 0.1004 0.0997 0.1002 0.0999 0.1012 
          66  1 0.0996 0.1048 0.1001 0.0984 0.0984 0.0998 0.0997 0.0995 0.0993 0.1004 
          67  1 0.0996 0.0999 0.1000 0.1011 0.1009 0.1005 0.0998 0.0999 0.0990 0.0993 
          68  1 0.1002 0.0986 0.1004 0.1001 0.1001 0.0995 0.1006 0.0994 0.1002 0.1007 
          69  1 0.1007 0.1000 0.1009 0.0999 0.0995 0.0999 0.0999 0.1002 0.0991 0.0997 
          70  1 0.0993 0.0989 0.1015 0.1013 0.0997 0.1005 0.1001 0.1001 0.0988 0.0997 
          71  1 0.0990 0.0992 0.1003 0.1019 0.1005 0.0997 0.0993 0.1018 0.0992 0.0990 
          72  1 0.0988 0.1001 0.1003 0.1007 0.1008 0.1010 0.0995 0.1002 0.0995 0.0991 
          73  1 0.1008 0.0993 0.0996 0.0998 0.0991 0.1007 0.1002 0.0999 0.0999 0.1006 
          74  1 0.0998 0.0982 0.1005 0.1014 0.1009 0.0998 0.1010 0.1003 0.0984 0.0996 
          75  1 0.0990 0.0995 0.1002 0.1022 0.0993 0.1013 0.1000 0.1010 0.0987 0.0988 
          76  1 0.1012 0.1003 0.0998 0.0992 0.0997 0.0997 0.0994 0.0995 0.1004 0.1007 
          77  1 0.1003 0.0979 0.1005 0.0999 0.0998 0.1006 0.1004 0.1004 0.1005 0.0998 
          78  1 0.1007 0.0984 0.1009 0.1004 0.0997 0.0996 0.0998 0.1006 0.0996 0.1002 
          79  1 0.0998 0.1011 0.1006 0.1005 0.1000 0.1000 0.1003 0.0996 0.0988 0.0993 
          80  1 0.0993 0.1017 0.0996 0.1007 0.0998 0.1001 0.0996 0.1000 0.1001 0.0992 
          81  1 0.1004 0.0988 0.1001 0.0999 0.1004 0.0999 0.1000 0.1000 0.0997 0.1008 
          82  1 0.0997 0.0987 0.1001 0.1015 0.1003 0.1000 0.1004 0.1017 0.0991 0.0985 
          83  1 0.0997 0.0976 0.1007 0.1023 0.1005 0.1006 0.1008 0.1006 0.0987 0.0985 
          84  1 0.0992 0.0982 0.0998 0.0998 0.1024 0.1010 0.1004 0.0996 0.0993 0.1002 
          85  1 0.1008 0.1008 0.1010 0.0999 0.0990 0.0995 0.0994 0.0997 0.1001 0.0998 
          86  1 0.1003 0.1000 0.0998 0.1005 0.1011 0.0995 0.0999 0.0998 0.0990 0.1001 
          87  1 0.1008 0.1002 0.0999 0.0996 0.1000 0.1003 0.0994 0.0998 0.0999 0.1001 
          88  1 0.0990 0.0967 0.0998 0.0993 0.1066 0.0996 0.0992 0.1001 0.0994 0.1003 
          89  1 0.1000 0.0975 0.1007 0.1007 0.0998 0.1000 0.0993 0.1011 0.1000 0.1010 
          90  1 0.1001 0.1012 0.0994 0.1005 0.0997 0.0995 0.0994 0.1001 0.0998 0.1004 
