           1  1 0.2040 0.1963 0.2013 0.1999 0.1985 
           2  1 0.1931 0.1956 0.2050 0.2063 0.2000 
           3  1 0.2068 0.2072 0.1948 0.1909 0.2003 
           4  1 0.2033 0.1950 0.1972 0.2047 0.1998 
           5  1 0.2026 0.2043 0.1994 0.1926 0.2010 
           6  1 0.2011 0.2033 0.2031 0.1937 0.1987 
           7  1 0.2021 0.1976 0.2024 0.1979 0.2000 
           8  1 0.1976 0.1963 0.2009 0.2069 0.1984 
           9  1 0.1987 0.1949 0.2055 0.2011 0.1999 
          10  1 0.2015 0.2013 0.1992 0.1947 0.2033 
          11  1 0.1966 0.1965 0.2023 0.2040 0.2007 
          12  1 0.2013 0.1980 0.2018 0.1998 0.1991 
          13  1 0.2005 0.1991 0.1993 0.1980 0.2031 
          14  1 0.2024 0.1972 0.2030 0.1997 0.1977 
          15  1 0.2032 0.1994 0.2029 0.1929 0.2017 
          16  1 0.2035 0.2030 0.2021 0.1918 0.1995 
          17  1 0.1991 0.2003 0.1930 0.2083 0.1993 
          18  1 0.2030 0.2032 0.2011 0.1934 0.1993 
          19  1 0.1976 0.1987 0.2017 0.1985 0.2035 
          20  1 0.2020 0.2025 0.1961 0.1973 0.2022 
          21  1 0.2043 0.2032 0.1970 0.1954 0.2002 
          22  1 0.2032 0.2026 0.2008 0.1932 0.2002 
          23  1 0.1997 0.1993 0.1994 0.2016 0.1999 
          24  1 0.1993 0.1969 0.2050 0.1990 0.1999 
          25  1 0.2001 0.1969 0.1980 0.2047 0.2003 
          26  1 0.2006 0.2012 0.2040 0.1962 0.1980 
          27  1 0.2000 0.2005 0.2025 0.1974 0.1996 
          28  1 0.1993 0.2059 0.2030 0.1901 0.2018 
          29  1 0.2070 0.2051 0.1971 0.1943 0.1964 
          30  1 0.2042 0.1993 0.1944 0.2021 0.2001 
          31  1 0.1947 0.1981 0.1987 0.2123 0.1962 
          32  1 0.2086 0.2044 0.1896 0.2048 0.1926 
          33  1 0.2095 0.2015 0.1884 0.2076 0.1930 
          34  1 0.1951 0.1978 0.2056 0.2010 0.2005 
          35  1 0.2023 0.2002 0.1955 0.2054 0.1965 
          36  1 0.1986 0.1958 0.1969 0.2140 0.1946 
          37  1 0.2020 0.2028 0.2030 0.1924 0.1998 
          38  1 0.1995 0.1989 0.1956 0.2079 0.1981 
          39  1 0.2004 0.2009 0.2028 0.1962 0.1997 
          40  1 0.2031 0.2019 0.1978 0.1990 0.1982 
          41  1 0.2056 0.1958 0.1958 0.2042 0.1987 
          42  1 0.1938 0.1985 0.1986 0.2094 0.1997 
          43  1 0.2012 0.2003 0.1982 0.2022 0.1982 
          44  1 0.2022 0.2012 0.2035 0.1947 0.1984 
          45  1 0.1980 0.2005 0.2042 0.2000 0.1974 
          46  1 0.2006 0.2025 0.1960 0.1985 0.2025 
          47  1 0.2005 0.2040 0.1969 0.2036 0.1950 
          48  1 0.2020 0.2000 0.1915 0.2072 0.1993 
          49  1 0.2055 0.1979 0.1939 0.2089 0.1938 
          50  1 0.2016 0.2014 0.1959 0.2039 0.1972 
          51  1 0.1982 0.1968 0.1978 0.2104 0.1968 
          52  1 0.2037 0.2037 0.2012 0.1916 0.1998 
          53  1 0.1930 0.1991 0.1962 0.2153 0.1964 
          54  1 0.1986 0.1994 0.1998 0.2073 0.1949 
          55  1 0.1976 0.1982 0.1989 0.2042 0.2011 
          56  1 0.1984 0.1967 0.1984 0.2102 0.1963 
          57  1 0.1940 0.1996 0.2037 0.2037 0.1989 
          58  1 0.1971 0.1922 0.2029 0.2046 0.2032 
          59  1 0.1960 0.1895 0.2030 0.2060 0.2056 
          60  1 0.2007 0.2028 0.2030 0.1956 0.1980 
          61  1 0.2053 0.1966 0.1979 0.1988 0.2015 
          62  1 0.1998 0.2037 0.2053 0.1900 0.2013 
          63  1 0.2076 0.2028 0.1927 0.2012 0.1957 
          64  1 0.1956 0.2009 0.2040 0.1987 0.2007 
          65  1 0.2017 0.1961 0.2014 0.2016 0.1992 
          66  1 0.2010 0.1962 0.2046 0.2019 0.1963 
          67  1 0.2033 0.1990 0.1973 0.1942 0.2062 
          68  1 0.1974 0.2006 0.1993 0.1989 0.2038 
          69  1 0.1974 0.1986 0.2036 0.2004 0.2001 
          70  1 0.2009 0.2010 0.2006 0.1919 0.2056 
          71  1 0.2070 0.2043 0.1963 0.1904 0.2021 
          72  1 0.1988 0.2054 0.2046 0.1929 0.1982 
          73  1 0.1999 0.1989 0.2010 0.2002 0.2000 
          74  1 0.2022 0.2069 0.2054 0.1870 0.1986 
          75  1 0.1983 0.2066 0.2033 0.1870 0.2048 
          76  1 0.1974 0.1908 0.2013 0.2085 0.2019 
          77  1 0.1966 0.1992 0.1973 0.1998 0.2070 
          78  1 0.1987 0.2018 0.2013 0.1971 0.2011 
          79  1 0.1954 0.2019 0.2009 0.1973 0.2045 
          80  1 0.2011 0.2022 0.2014 0.1956 0.1997 
          81  1 0.1996 0.2048 0.2001 0.1989 0.1966 
          82  1 0.1983 0.2006 0.2036 0.1952 0.2023 
          83  1 0.2020 0.2041 0.2043 0.1883 0.2013 
          84  1 0.2025 0.1977 0.2007 0.1952 0.2040 
          85  1 0.1998 0.2006 0.1987 0.1980 0.2029 
          86  1 0.2006 0.2018 0.1998 0.1972 0.2006 
          87  1 0.2053 0.2018 0.1950 0.1991 0.1988 
          88  1 0.2107 0.2037 0.1896 0.2045 0.1915 
          89  1 0.2035 0.2051 0.1973 0.1953 0.1988 
          90  1 0.2003 0.1995 0.2022 0.1975 0.2004 
