           1  1 0.3307 0.3395 0.3298 
           2  1 0.3291 0.3456 0.3253 
           3  1 0.3311 0.3322 0.3367 
           4  1 0.3061 0.3933 0.3006 
           5  1 0.3461 0.3014 0.3525 
           6  1 0.3493 0.2931 0.3576 
           7  1 0.3389 0.3249 0.3362 
           8  1 0.3181 0.3637 0.3183 
           9  1 0.3266 0.3399 0.3334 
          10  1 0.3437 0.3197 0.3366 
          11  1 0.3419 0.3223 0.3358 
          12  1 0.3303 0.3408 0.3289 
          13  1 0.3483 0.3142 0.3376 
          14  1 0.3241 0.3535 0.3223 
          15  1 0.3446 0.3078 0.3475 
          16  1 0.3558 0.2851 0.3591 
          17  1 0.3215 0.3558 0.3227 
          18  1 0.3466 0.3037 0.3497 
          19  1 0.3343 0.3357 0.3301 
          20  1 0.3466 0.3084 0.3450 
          21  1 0.3384 0.3309 0.3307 
          22  1 0.3523 0.2939 0.3538 
          23  1 0.3401 0.3163 0.3436 
          24  1 0.3428 0.3236 0.3336 
          25  1 0.3171 0.3703 0.3126 
          26  1 0.3420 0.3136 0.3444 
          27  1 0.3278 0.3461 0.3261 
          28  1 0.3564 0.2805 0.3631 
          29  1 0.3420 0.3176 0.3404 
          30  1 0.3286 0.3469 0.3245 
          31  1 0.3127 0.3729 0.3144 
          32  1 0.3112 0.3767 0.3121 
          33  1 0.3065 0.3941 0.2994 
          34  1 0.3223 0.3541 0.3236 
          35  1 0.3328 0.3374 0.3298 
          36  1 0.3044 0.3927 0.3029 
          37  1 0.3539 0.2877 0.3584 
          38  1 0.3192 0.3650 0.3158 
          39  1 0.3536 0.2916 0.3548 
          40  1 0.3290 0.3412 0.3298 
          41  1 0.3132 0.3705 0.3163 
          42  1 0.3247 0.3481 0.3272 
          43  1 0.3356 0.3274 0.3370 
          44  1 0.3367 0.3198 0.3435 
          45  1 0.3333 0.3442 0.3225 
          46  1 0.3311 0.3391 0.3298 
          47  1 0.3214 0.3633 0.3153 
          48  1 0.3108 0.3811 0.3081 
          49  1 0.3234 0.3582 0.3184 
          50  1 0.3223 0.3596 0.3181 
          51  1 0.3221 0.3512 0.3267 
          52  1 0.3547 0.2901 0.3552 
          53  1 0.3194 0.3595 0.3211 
          54  1 0.3215 0.3589 0.3197 
          55  1 0.3279 0.3456 0.3265 
          56  1 0.3251 0.3538 0.3210 
          57  1 0.3378 0.3225 0.3397 
          58  1 0.3173 0.3664 0.3163 
          59  1 0.3183 0.3661 0.3156 
          60  1 0.3480 0.3024 0.3495 
          61  1 0.3250 0.3441 0.3309 
          62  1 0.3570 0.2876 0.3554 
          63  1 0.3244 0.3589 0.3167 
          64  1 0.3343 0.3314 0.3343 
          65  1 0.3319 0.3429 0.3252 
          66  1 0.3344 0.3266 0.3389 
          67  1 0.3491 0.3045 0.3464 
          68  1 0.3347 0.3279 0.3374 
          69  1 0.3380 0.3142 0.3477 
          70  1 0.3542 0.2809 0.3649 
          71  1 0.3530 0.2836 0.3634 
          72  1 0.3537 0.2862 0.3601 
          73  1 0.3164 0.3621 0.3215 
          74  1 0.3547 0.2900 0.3553 
          75  1 0.3594 0.2644 0.3763 
          76  1 0.3127 0.3775 0.3098 
          77  1 0.3327 0.3301 0.3372 
          78  1 0.3389 0.3245 0.3366 
          79  1 0.3407 0.3170 0.3423 
          80  1 0.3360 0.3313 0.3327 
          81  1 0.3311 0.3399 0.3291 
          82  1 0.3504 0.2943 0.3553 
          83  1 0.3586 0.2684 0.3730 
          84  1 0.3417 0.3163 0.3420 
          85  1 0.3383 0.3149 0.3468 
          86  1 0.3293 0.3428 0.3279 
          87  1 0.3276 0.3438 0.3286 
          88  1 0.3089 0.3831 0.3080 
          89  1 0.3338 0.3299 0.3364 
          90  1 0.3479 0.3113 0.3408 
