           1  1 0.2497 0.2505 0.2500 0.2499 
           2  1 0.2509 0.2499 0.2498 0.2495 
           3  1 0.2505 0.2470 0.2511 0.2514 
           4  1 0.2474 0.2557 0.2478 0.2491 
           5  1 0.2519 0.2476 0.2514 0.2491 
           6  1 0.2508 0.2484 0.2507 0.2501 
           7  1 0.2503 0.2517 0.2491 0.2489 
           8  1 0.2500 0.2522 0.2481 0.2497 
           9  1 0.2513 0.2495 0.2494 0.2498 
          10  1 0.2494 0.2499 0.2504 0.2502 
          11  1 0.2506 0.2480 0.2509 0.2506 
          12  1 0.2480 0.2519 0.2503 0.2497 
          13  1 0.2511 0.2469 0.2522 0.2497 
          14  1 0.2490 0.2529 0.2495 0.2486 
          15  1 0.2499 0.2489 0.2500 0.2511 
          16  1 0.2535 0.2455 0.2498 0.2513 
          17  1 0.2484 0.2521 0.2491 0.2505 
          18  1 0.2530 0.2476 0.2509 0.2485 
          19  1 0.2480 0.2508 0.2513 0.2499 
          20  1 0.2496 0.2495 0.2496 0.2513 
          21  1 0.2505 0.2501 0.2504 0.2490 
          22  1 0.2525 0.2460 0.2512 0.2503 
          23  1 0.2509 0.2489 0.2503 0.2499 
          24  1 0.2488 0.2522 0.2500 0.2490 
          25  1 0.2493 0.2534 0.2487 0.2485 
          26  1 0.2502 0.2505 0.2491 0.2501 
          27  1 0.2491 0.2521 0.2496 0.2492 
          28  1 0.2520 0.2450 0.2529 0.2501 
          29  1 0.2503 0.2498 0.2505 0.2494 
          30  1 0.2489 0.2519 0.2496 0.2496 
          31  1 0.2480 0.2517 0.2496 0.2508 
          32  1 0.2469 0.2536 0.2493 0.2502 
          33  1 0.2462 0.2572 0.2473 0.2493 
          34  1 0.2487 0.2514 0.2494 0.2505 
          35  1 0.2493 0.2498 0.2503 0.2506 
          36  1 0.2462 0.2545 0.2481 0.2513 
          37  1 0.2529 0.2442 0.2526 0.2502 
          38  1 0.2479 0.2522 0.2490 0.2509 
          39  1 0.2521 0.2465 0.2507 0.2507 
          40  1 0.2500 0.2515 0.2496 0.2489 
          41  1 0.2479 0.2532 0.2489 0.2500 
          42  1 0.2481 0.2520 0.2488 0.2510 
          43  1 0.2523 0.2467 0.2514 0.2495 
          44  1 0.2504 0.2496 0.2500 0.2500 
          45  1 0.2492 0.2513 0.2487 0.2508 
          46  1 0.2504 0.2485 0.2491 0.2520 
          47  1 0.2490 0.2516 0.2485 0.2508 
          48  1 0.2469 0.2560 0.2481 0.2491 
          49  1 0.2480 0.2530 0.2489 0.2501 
          50  1 0.2478 0.2529 0.2497 0.2496 
          51  1 0.2513 0.2485 0.2496 0.2505 
          52  1 0.2536 0.2450 0.2520 0.2493 
          53  1 0.2494 0.2534 0.2472 0.2500 
          54  1 0.2507 0.2499 0.2501 0.2493 
          55  1 0.2490 0.2499 0.2504 0.2507 
          56  1 0.2483 0.2511 0.2506 0.2500 
          57  1 0.2504 0.2487 0.2511 0.2497 
          58  1 0.2487 0.2525 0.2494 0.2494 
          59  1 0.2488 0.2522 0.2495 0.2495 
          60  1 0.2522 0.2455 0.2511 0.2512 
          61  1 0.2484 0.2530 0.2486 0.2501 
          62  1 0.2526 0.2454 0.2511 0.2509 
          63  1 0.2487 0.2532 0.2485 0.2496 
          64  1 0.2494 0.2513 0.2486 0.2506 
          65  1 0.2467 0.2537 0.2485 0.2511 
          66  1 0.2501 0.2497 0.2502 0.2500 
          67  1 0.2515 0.2498 0.2497 0.2490 
          68  1 0.2496 0.2503 0.2486 0.2514 
          69  1 0.2510 0.2475 0.2514 0.2501 
          70  1 0.2524 0.2462 0.2515 0.2499 
          71  1 0.2537 0.2443 0.2519 0.2501 
          72  1 0.2537 0.2445 0.2515 0.2503 
          73  1 0.2482 0.2513 0.2502 0.2502 
          74  1 0.2532 0.2454 0.2518 0.2497 
          75  1 0.2549 0.2430 0.2533 0.2487 
          76  1 0.2481 0.2530 0.2493 0.2497 
          77  1 0.2497 0.2493 0.2503 0.2507 
          78  1 0.2501 0.2509 0.2497 0.2493 
          79  1 0.2530 0.2471 0.2510 0.2489 
          80  1 0.2494 0.2529 0.2491 0.2485 
          81  1 0.2491 0.2505 0.2505 0.2499 
          82  1 0.2549 0.2419 0.2528 0.2504 
          83  1 0.2557 0.2432 0.2517 0.2494 
          84  1 0.2504 0.2485 0.2504 0.2508 
          85  1 0.2506 0.2474 0.2521 0.2500 
          86  1 0.2490 0.2499 0.2498 0.2513 
          87  1 0.2493 0.2520 0.2490 0.2497 
          88  1 0.2452 0.2562 0.2485 0.2501 
          89  1 0.2504 0.2490 0.2507 0.2499 
          90  1 0.2503 0.2482 0.2505 0.2509 
