           1  1 0.1104 0.1124 0.1113 0.1109 0.1110 0.1116 0.1075 0.1139 0.1110 
           2  1 0.1113 0.1138 0.1112 0.1107 0.1113 0.1118 0.1075 0.1097 0.1127 
           3  1 0.1107 0.1071 0.1104 0.1130 0.1095 0.1086 0.1209 0.1115 0.1084 
           4  1 0.1089 0.1229 0.1100 0.1085 0.1080 0.1087 0.1109 0.1116 0.1104 
           5  1 0.1139 0.1090 0.1103 0.1127 0.1124 0.1101 0.1092 0.1113 0.1112 
           6  1 0.1133 0.1084 0.1112 0.1122 0.1119 0.1110 0.1093 0.1107 0.1120 
           7  1 0.1116 0.1147 0.1117 0.1109 0.1115 0.1110 0.1095 0.1100 0.1090 
           8  1 0.1090 0.1127 0.1124 0.1115 0.1104 0.1124 0.1073 0.1109 0.1133 
           9  1 0.1107 0.1198 0.1118 0.1087 0.1108 0.1121 0.1076 0.1094 0.1091 
          10  1 0.1113 0.1093 0.1104 0.1115 0.1136 0.1104 0.1081 0.1138 0.1117 
          11  1 0.1099 0.1183 0.1120 0.1112 0.1097 0.1103 0.1082 0.1100 0.1105 
          12  1 0.1113 0.1097 0.1121 0.1124 0.1111 0.1118 0.1092 0.1111 0.1113 
          13  1 0.1089 0.1253 0.1113 0.1087 0.1096 0.1100 0.1074 0.1093 0.1095 
          14  1 0.1109 0.1095 0.1125 0.1132 0.1102 0.1111 0.1088 0.1121 0.1117 
          15  1 0.1103 0.1141 0.1100 0.1121 0.1113 0.1128 0.1081 0.1120 0.1091 
          16  1 0.1142 0.1071 0.1123 0.1128 0.1116 0.1125 0.1071 0.1114 0.1110 
          17  1 0.1091 0.1083 0.1116 0.1110 0.1092 0.1138 0.1097 0.1121 0.1153 
          18  1 0.1125 0.1092 0.1118 0.1118 0.1136 0.1116 0.1094 0.1098 0.1104 
          19  1 0.1107 0.1100 0.1140 0.1130 0.1091 0.1133 0.1096 0.1089 0.1114 
          20  1 0.1126 0.1092 0.1121 0.1102 0.1110 0.1135 0.1078 0.1129 0.1107 
          21  1 0.1117 0.1089 0.1106 0.1118 0.1129 0.1096 0.1111 0.1135 0.1100 
          22  1 0.1142 0.1080 0.1130 0.1110 0.1105 0.1118 0.1089 0.1114 0.1111 
          23  1 0.1125 0.1070 0.1118 0.1116 0.1117 0.1139 0.1078 0.1114 0.1122 
          24  1 0.1102 0.1154 0.1103 0.1084 0.1112 0.1118 0.1093 0.1129 0.1104 
          25  1 0.1099 0.1150 0.1120 0.1097 0.1094 0.1117 0.1093 0.1128 0.1101 
          26  1 0.1106 0.1089 0.1133 0.1129 0.1128 0.1103 0.1083 0.1122 0.1107 
          27  1 0.1112 0.1124 0.1106 0.1122 0.1122 0.1109 0.1087 0.1105 0.1112 
          28  1 0.1136 0.1076 0.1133 0.1115 0.1135 0.1101 0.1077 0.1109 0.1119 
          29  1 0.1135 0.1080 0.1115 0.1104 0.1127 0.1129 0.1101 0.1119 0.1090 
          30  1 0.1120 0.1120 0.1103 0.1098 0.1110 0.1106 0.1115 0.1126 0.1102 
          31  1 0.1104 0.1092 0.1121 0.1116 0.1094 0.1122 0.1096 0.1118 0.1137 
          32  1 0.1063 0.1088 0.1075 0.1095 0.1095 0.1085 0.1326 0.1089 0.1082 
          33  1 0.1050 0.1089 0.1086 0.1085 0.1059 0.1079 0.1333 0.1123 0.1096 
          34  1 0.1098 0.1107 0.1122 0.1114 0.1110 0.1128 0.1083 0.1123 0.1114 
          35  1 0.1107 0.1100 0.1125 0.1098 0.1100 0.1143 0.1082 0.1130 0.1114 
          36  1 0.1077 0.1100 0.1114 0.1108 0.1070 0.1101 0.1175 0.1116 0.1138 
          37  1 0.1136 0.1088 0.1116 0.1115 0.1140 0.1125 0.1064 0.1102 0.1114 
          38  1 0.1091 0.1089 0.1090 0.1096 0.1103 0.1087 0.1233 0.1110 0.1102 
          39  1 0.1137 0.1088 0.1102 0.1113 0.1106 0.1127 0.1079 0.1114 0.1133 
          40  1 0.1123 0.1079 0.1091 0.1094 0.1090 0.1074 0.1270 0.1081 0.1098 
          41  1 0.1093 0.1150 0.1121 0.1109 0.1097 0.1103 0.1108 0.1125 0.1095 
          42  1 0.1101 0.1116 0.1114 0.1102 0.1117 0.1120 0.1081 0.1124 0.1124 
          43  1 0.1100 0.1101 0.1117 0.1131 0.1107 0.1121 0.1075 0.1113 0.1135 
          44  1 0.1114 0.1111 0.1111 0.1121 0.1113 0.1131 0.1069 0.1107 0.1124 
          45  1 0.1123 0.1094 0.1135 0.1115 0.1131 0.1096 0.1066 0.1120 0.1120 
          46  1 0.1141 0.1112 0.1111 0.1116 0.1098 0.1085 0.1119 0.1108 0.1110 
          47  1 0.1090 0.1099 0.1097 0.1091 0.1094 0.1103 0.1210 0.1110 0.1106 
          48  1 0.1084 0.1094 0.1096 0.1088 0.1081 0.1087 0.1264 0.1106 0.1101 
          49  1 0.1092 0.1105 0.1115 0.1123 0.1099 0.1104 0.1086 0.1150 0.1127 
          50  1 0.1092 0.1084 0.1093 0.1109 0.1088 0.1110 0.1203 0.1113 0.1108 
          51  1 0.1120 0.1167 0.1101 0.1096 0.1104 0.1104 0.1076 0.1114 0.1116 
          52  1 0.1163 0.1087 0.1121 0.1124 0.1132 0.1087 0.1104 0.1072 0.1110 
          53  1 0.1100 0.1140 0.1107 0.1094 0.1113 0.1121 0.1067 0.1117 0.1139 
          54  1 0.1095 0.1109 0.1113 0.1112 0.1092 0.1113 0.1132 0.1119 0.1114 
          55  1 0.1124 0.1092 0.1123 0.1111 0.1087 0.1121 0.1087 0.1109 0.1145 
          56  1 0.1112 0.1110 0.1125 0.1104 0.1099 0.1102 0.1067 0.1124 0.1156 
          57  1 0.1104 0.1100 0.1142 0.1097 0.1127 0.1112 0.1091 0.1111 0.1116 
          58  1 0.1082 0.1308 0.1103 0.1087 0.1089 0.1090 0.1073 0.1088 0.1080 
          59  1 0.1088 0.1293 0.1117 0.1092 0.1067 0.1096 0.1070 0.1097 0.1081 
          60  1 0.1130 0.1080 0.1129 0.1114 0.1127 0.1121 0.1076 0.1108 0.1114 
          61  1 0.1091 0.1143 0.1096 0.1112 0.1105 0.1101 0.1144 0.1092 0.1116 
          62  1 0.1134 0.1075 0.1104 0.1139 0.1126 0.1129 0.1077 0.1108 0.1110 
          63  1 0.1073 0.1083 0.1104 0.1101 0.1085 0.1097 0.1239 0.1123 0.1094 
          64  1 0.1121 0.1106 0.1108 0.1119 0.1112 0.1126 0.1086 0.1108 0.1113 
          65  1 0.1108 0.1140 0.1111 0.1100 0.1098 0.1111 0.1123 0.1105 0.1103 
          66  1 0.1104 0.1119 0.1113 0.1120 0.1122 0.1140 0.1038 0.1122 0.1121 
          67  1 0.1132 0.1092 0.1119 0.1117 0.1124 0.1112 0.1090 0.1112 0.1101 
          68  1 0.1130 0.1102 0.1101 0.1112 0.1107 0.1131 0.1117 0.1113 0.1088 
          69  1 0.1103 0.1152 0.1129 0.1103 0.1123 0.1127 0.1061 0.1104 0.1098 
          70  1 0.1130 0.1097 0.1111 0.1129 0.1121 0.1115 0.1085 0.1109 0.1102 
          71  1 0.1172 0.1066 0.1111 0.1121 0.1153 0.1089 0.1076 0.1116 0.1097 
          72  1 0.1140 0.1062 0.1115 0.1124 0.1139 0.1112 0.1082 0.1114 0.1112 
          73  1 0.1115 0.1111 0.1110 0.1115 0.1106 0.1111 0.1092 0.1126 0.1113 
          74  1 0.1149 0.1096 0.1121 0.1123 0.1133 0.1110 0.1098 0.1086 0.1083 
          75  1 0.1159 0.1081 0.1107 0.1131 0.1131 0.1133 0.1076 0.1090 0.1092 
          76  1 0.1090 0.1150 0.1115 0.1112 0.1087 0.1120 0.1116 0.1121 0.1089 
          77  1 0.1115 0.1140 0.1099 0.1098 0.1105 0.1129 0.1100 0.1090 0.1124 
          78  1 0.1127 0.1128 0.1145 0.1107 0.1115 0.1118 0.1075 0.1096 0.1089 
          79  1 0.1124 0.1079 0.1090 0.1115 0.1126 0.1111 0.1133 0.1107 0.1116 
          80  1 0.1122 0.1083 0.1120 0.1120 0.1137 0.1117 0.1085 0.1119 0.1098 
          81  1 0.1075 0.1092 0.1101 0.1123 0.1101 0.1123 0.1183 0.1111 0.1092 
          82  1 0.1140 0.1097 0.1107 0.1113 0.1154 0.1111 0.1086 0.1087 0.1106 
          83  1 0.1152 0.1116 0.1103 0.1111 0.1161 0.1104 0.1073 0.1080 0.1101 
          84  1 0.1117 0.1087 0.1124 0.1105 0.1129 0.1120 0.1099 0.1108 0.1112 
          85  1 0.1119 0.1096 0.1117 0.1127 0.1113 0.1105 0.1123 0.1095 0.1105 
          86  1 0.1116 0.1177 0.1110 0.1112 0.1097 0.1102 0.1088 0.1103 0.1096 
          87  1 0.1093 0.1099 0.1118 0.1104 0.1113 0.1100 0.1124 0.1124 0.1126 
          88  1 0.1053 0.1085 0.1070 0.1109 0.1054 0.1069 0.1380 0.1097 0.1085 
          89  1 0.1112 0.1087 0.1121 0.1109 0.1106 0.1108 0.1122 0.1138 0.1098 
          90  1 0.1121 0.1109 0.1117 0.1132 0.1109 0.1121 0.1075 0.1099 0.1116 
