           1  1 0.2009 0.1989 0.2002 0.2001 0.1999 
           2  1 0.1997 0.2013 0.2000 0.1992 0.1998 
           3  1 0.2001 0.2003 0.1992 0.1999 0.2005 
           4  1 0.2018 0.1982 0.2010 0.2000 0.1989 
           5  1 0.1991 0.2006 0.1979 0.2015 0.2009 
           6  1 0.1989 0.2009 0.1988 0.2004 0.2010 
           7  1 0.1997 0.2008 0.1990 0.1998 0.2008 
           8  1 0.2005 0.2000 0.2004 0.2001 0.1990 
           9  1 0.1992 0.2005 0.2009 0.1998 0.1995 
          10  1 0.1995 0.1999 0.2004 0.1999 0.2003 
          11  1 0.1999 0.1998 0.2005 0.2001 0.1997 
          12  1 0.1994 0.1990 0.2005 0.2006 0.2005 
          13  1 0.2006 0.2000 0.1994 0.1996 0.2004 
          14  1 0.2015 0.1988 0.2004 0.1996 0.1998 
          15  1 0.2003 0.1994 0.2000 0.2004 0.1998 
          16  1 0.1989 0.2019 0.1990 0.1993 0.2010 
          17  1 0.2007 0.1990 0.2017 0.1995 0.1991 
          18  1 0.1986 0.2007 0.1999 0.2001 0.2008 
          19  1 0.2006 0.1985 0.2003 0.2012 0.1994 
          20  1 0.1999 0.1997 0.2008 0.2001 0.1995 
          21  1 0.2005 0.1998 0.2003 0.1995 0.1999 
          22  1 0.1992 0.2020 0.1991 0.2001 0.1996 
          23  1 0.1998 0.2007 0.2006 0.1994 0.1995 
          24  1 0.2025 0.1989 0.1992 0.1994 0.1999 
          25  1 0.2010 0.1984 0.2009 0.2001 0.1996 
          26  1 0.1991 0.2000 0.1996 0.1998 0.2016 
          27  1 0.2010 0.1988 0.2010 0.1998 0.1994 
          28  1 0.1990 0.2008 0.1994 0.1995 0.2013 
          29  1 0.1991 0.1998 0.2011 0.1999 0.2001 
          30  1 0.2003 0.1988 0.2001 0.2006 0.2002 
          31  1 0.2000 0.1989 0.2010 0.2001 0.1999 
          32  1 0.2006 0.1994 0.1992 0.2003 0.2005 
          33  1 0.2013 0.1977 0.2007 0.2010 0.1991 
          34  1 0.2002 0.1990 0.2009 0.1996 0.2003 
          35  1 0.2004 0.2004 0.2000 0.1992 0.2000 
          36  1 0.2015 0.1979 0.2017 0.1994 0.1994 
          37  1 0.1982 0.2018 0.1991 0.2000 0.2009 
          38  1 0.2014 0.1984 0.2002 0.2001 0.1999 
          39  1 0.1994 0.2001 0.1996 0.2000 0.2009 
          40  1 0.2003 0.2011 0.1987 0.1991 0.2008 
          41  1 0.2003 0.1994 0.2009 0.1995 0.1998 
          42  1 0.2007 0.1996 0.2010 0.1993 0.1994 
          43  1 0.2000 0.2003 0.1990 0.2005 0.2002 
          44  1 0.2003 0.2000 0.2001 0.2000 0.1996 
          45  1 0.2004 0.2001 0.2001 0.1998 0.1996 
          46  1 0.1996 0.2006 0.1994 0.1994 0.2009 
          47  1 0.2005 0.1988 0.2007 0.1997 0.2003 
          48  1 0.2019 0.1982 0.2009 0.2009 0.1981 
          49  1 0.2012 0.1990 0.2004 0.1996 0.1999 
          50  1 0.2013 0.1985 0.2007 0.1995 0.2001 
          51  1 0.1981 0.2021 0.1992 0.2001 0.2004 
          52  1 0.1988 0.2023 0.1976 0.2000 0.2013 
          53  1 0.2007 0.1993 0.2005 0.1996 0.1999 
          54  1 0.2000 0.2004 0.2001 0.2003 0.1993 
          55  1 0.1995 0.1983 0.2016 0.2013 0.1993 
          56  1 0.2004 0.1989 0.2013 0.1998 0.1996 
          57  1 0.1997 0.2008 0.2000 0.1994 0.2001 
          58  1 0.1998 0.1996 0.2008 0.2001 0.1996 
          59  1 0.2005 0.1989 0.2011 0.1997 0.1998 
          60  1 0.1983 0.2012 0.1988 0.2006 0.2011 
          61  1 0.2010 0.1996 0.1994 0.2004 0.1995 
          62  1 0.1972 0.2014 0.1989 0.2008 0.2016 
          63  1 0.2026 0.1984 0.1997 0.1998 0.1995 
          64  1 0.2003 0.2000 0.2000 0.1997 0.2000 
          65  1 0.2020 0.1980 0.2012 0.1994 0.1994 
          66  1 0.1988 0.2006 0.2010 0.2003 0.1993 
          67  1 0.1990 0.2011 0.1995 0.1996 0.2008 
          68  1 0.2010 0.1991 0.2002 0.2006 0.1991 
          69  1 0.1984 0.2003 0.2001 0.2010 0.2001 
          70  1 0.1974 0.2017 0.1996 0.2004 0.2010 
          71  1 0.1979 0.2029 0.1976 0.1998 0.2018 
          72  1 0.1981 0.2028 0.1979 0.2000 0.2012 
          73  1 0.2005 0.1990 0.2023 0.1990 0.1992 
          74  1 0.1986 0.2018 0.1975 0.2003 0.2017 
          75  1 0.1968 0.2042 0.1976 0.1997 0.2018 
          76  1 0.2013 0.1987 0.2013 0.1994 0.1993 
          77  1 0.1993 0.1998 0.1999 0.2007 0.2003 
          78  1 0.1991 0.2010 0.2004 0.1998 0.1997 
          79  1 0.1983 0.2020 0.1985 0.1997 0.2015 
          80  1 0.2010 0.1995 0.1993 0.2005 0.1996 
          81  1 0.2011 0.1989 0.2000 0.2001 0.2000 
          82  1 0.1966 0.2037 0.1980 0.1999 0.2018 
          83  1 0.1967 0.2042 0.1978 0.1997 0.2015 
          84  1 0.2010 0.1992 0.2004 0.1993 0.2001 
          85  1 0.1988 0.2019 0.1986 0.1997 0.2009 
          86  1 0.2000 0.2003 0.2004 0.1998 0.1995 
          87  1 0.2017 0.1988 0.2007 0.1993 0.1995 
          88  1 0.2024 0.1983 0.2005 0.2004 0.1984 
          89  1 0.2005 0.2006 0.1992 0.1992 0.2005 
          90  1 0.1994 0.1997 0.2007 0.2003 0.1999 
