           1  1 0.1115 0.1104 0.1119 0.1114 0.1110 0.1105 0.1111 0.1108 0.1113 
           2  1 0.1108 0.1118 0.1107 0.1111 0.1113 0.1110 0.1112 0.1110 0.1110 
           3  1 0.1125 0.1108 0.1111 0.1109 0.1109 0.1102 0.1111 0.1116 0.1110 
           4  1 0.1108 0.1116 0.1113 0.1103 0.1115 0.1113 0.1105 0.1114 0.1113 
           5  1 0.1117 0.1109 0.1109 0.1110 0.1111 0.1108 0.1113 0.1111 0.1111 
           6  1 0.1119 0.1104 0.1118 0.1110 0.1107 0.1103 0.1120 0.1106 0.1112 
           7  1 0.1115 0.1107 0.1117 0.1109 0.1112 0.1107 0.1110 0.1107 0.1116 
           8  1 0.1115 0.1120 0.1114 0.1110 0.1109 0.1106 0.1106 0.1107 0.1114 
           9  1 0.1109 0.1115 0.1114 0.1101 0.1106 0.1120 0.1115 0.1112 0.1107 
          10  1 0.1112 0.1125 0.1110 0.1096 0.1117 0.1114 0.1113 0.1109 0.1105 
          11  1 0.1110 0.1107 0.1115 0.1104 0.1104 0.1113 0.1118 0.1117 0.1113 
          12  1 0.1111 0.1111 0.1111 0.1120 0.1108 0.1106 0.1110 0.1107 0.1116 
          13  1 0.1109 0.1119 0.1111 0.1105 0.1103 0.1116 0.1113 0.1116 0.1108 
          14  1 0.1113 0.1110 0.1117 0.1109 0.1131 0.1106 0.1102 0.1104 0.1108 
          15  1 0.1113 0.1112 0.1112 0.1108 0.1106 0.1113 0.1107 0.1112 0.1116 
          16  1 0.1112 0.1109 0.1115 0.1111 0.1106 0.1116 0.1115 0.1109 0.1106 
          17  1 0.1108 0.1114 0.1110 0.1114 0.1118 0.1116 0.1103 0.1108 0.1109 
          18  1 0.1117 0.1111 0.1117 0.1113 0.1103 0.1105 0.1119 0.1104 0.1110 
          19  1 0.1106 0.1116 0.1118 0.1113 0.1105 0.1112 0.1113 0.1106 0.1112 
          20  1 0.1119 0.1102 0.1115 0.1106 0.1116 0.1107 0.1111 0.1108 0.1115 
          21  1 0.1110 0.1111 0.1114 0.1105 0.1110 0.1114 0.1109 0.1115 0.1112 
          22  1 0.1122 0.1097 0.1106 0.1113 0.1107 0.1114 0.1113 0.1117 0.1111 
          23  1 0.1114 0.1104 0.1112 0.1111 0.1117 0.1112 0.1112 0.1110 0.1107 
          24  1 0.1112 0.1110 0.1115 0.1103 0.1109 0.1114 0.1114 0.1110 0.1113 
          25  1 0.1109 0.1109 0.1120 0.1109 0.1114 0.1110 0.1114 0.1107 0.1109 
          26  1 0.1108 0.1126 0.1116 0.1104 0.1100 0.1108 0.1112 0.1114 0.1111 
          27  1 0.1113 0.1117 0.1119 0.1109 0.1115 0.1113 0.1101 0.1103 0.1111 
          28  1 0.1110 0.1101 0.1114 0.1123 0.1102 0.1111 0.1125 0.1102 0.1112 
          29  1 0.1116 0.1105 0.1112 0.1101 0.1107 0.1113 0.1115 0.1121 0.1111 
          30  1 0.1110 0.1107 0.1114 0.1113 0.1104 0.1111 0.1111 0.1117 0.1112 
          31  1 0.1116 0.1110 0.1111 0.1098 0.1122 0.1106 0.1108 0.1111 0.1117 
          32  1 0.1113 0.1119 0.1106 0.1110 0.1121 0.1111 0.1102 0.1112 0.1106 
          33  1 0.1099 0.1115 0.1116 0.1114 0.1119 0.1108 0.1100 0.1112 0.1116 
          34  1 0.1107 0.1111 0.1110 0.1114 0.1118 0.1119 0.1105 0.1107 0.1111 
          35  1 0.1107 0.1106 0.1113 0.1110 0.1117 0.1117 0.1105 0.1117 0.1109 
          36  1 0.1110 0.1116 0.1109 0.1107 0.1127 0.1106 0.1104 0.1113 0.1108 
          37  1 0.1116 0.1101 0.1110 0.1114 0.1112 0.1108 0.1118 0.1106 0.1114 
          38  1 0.1107 0.1115 0.1116 0.1113 0.1110 0.1108 0.1107 0.1113 0.1110 
          39  1 0.1114 0.1110 0.1108 0.1117 0.1110 0.1113 0.1115 0.1105 0.1106 
          40  1 0.1120 0.1113 0.1109 0.1114 0.1107 0.1105 0.1110 0.1114 0.1109 
          41  1 0.1114 0.1111 0.1117 0.1102 0.1109 0.1105 0.1114 0.1117 0.1112 
          42  1 0.1105 0.1107 0.1108 0.1116 0.1126 0.1114 0.1103 0.1113 0.1108 
          43  1 0.1118 0.1110 0.1109 0.1100 0.1114 0.1121 0.1113 0.1107 0.1108 
          44  1 0.1108 0.1113 0.1111 0.1113 0.1109 0.1110 0.1113 0.1112 0.1111 
          45  1 0.1107 0.1113 0.1112 0.1110 0.1115 0.1112 0.1111 0.1112 0.1107 
          46  1 0.1112 0.1106 0.1111 0.1118 0.1109 0.1105 0.1113 0.1114 0.1111 
          47  1 0.1105 0.1119 0.1113 0.1109 0.1110 0.1110 0.1109 0.1115 0.1110 
          48  1 0.1113 0.1112 0.1106 0.1122 0.1120 0.1104 0.1103 0.1110 0.1111 
          49  1 0.1107 0.1115 0.1113 0.1106 0.1118 0.1117 0.1104 0.1110 0.1109 
          50  1 0.1105 0.1114 0.1114 0.1119 0.1111 0.1114 0.1100 0.1112 0.1112 
          51  1 0.1115 0.1103 0.1115 0.1109 0.1113 0.1103 0.1115 0.1115 0.1114 
          52  1 0.1111 0.1098 0.1117 0.1119 0.1101 0.1115 0.1115 0.1112 0.1112 
          53  1 0.1106 0.1104 0.1111 0.1108 0.1129 0.1112 0.1118 0.1102 0.1109 
          54  1 0.1105 0.1118 0.1110 0.1109 0.1112 0.1118 0.1105 0.1115 0.1108 
          55  1 0.1109 0.1111 0.1111 0.1116 0.1118 0.1111 0.1107 0.1113 0.1104 
          56  1 0.1105 0.1104 0.1115 0.1109 0.1122 0.1119 0.1108 0.1109 0.1111 
          57  1 0.1109 0.1105 0.1107 0.1109 0.1126 0.1108 0.1116 0.1107 0.1113 
          58  1 0.1109 0.1114 0.1114 0.1119 0.1100 0.1113 0.1111 0.1109 0.1111 
          59  1 0.1109 0.1110 0.1113 0.1123 0.1109 0.1109 0.1109 0.1107 0.1110 
          60  1 0.1113 0.1108 0.1109 0.1120 0.1102 0.1108 0.1118 0.1110 0.1112 
          61  1 0.1112 0.1105 0.1111 0.1109 0.1108 0.1111 0.1115 0.1112 0.1118 
          62  1 0.1114 0.1127 0.1107 0.1106 0.1103 0.1110 0.1113 0.1108 0.1112 
          63  1 0.1107 0.1115 0.1107 0.1109 0.1115 0.1110 0.1108 0.1117 0.1112 
          64  1 0.1104 0.1122 0.1106 0.1106 0.1114 0.1119 0.1118 0.1108 0.1104 
          65  1 0.1105 0.1111 0.1108 0.1114 0.1113 0.1112 0.1108 0.1111 0.1118 
          66  1 0.1103 0.1122 0.1113 0.1102 0.1117 0.1116 0.1111 0.1107 0.1110 
          67  1 0.1112 0.1111 0.1109 0.1115 0.1106 0.1114 0.1119 0.1108 0.1107 
          68  1 0.1108 0.1116 0.1115 0.1119 0.1105 0.1107 0.1108 0.1109 0.1112 
          69  1 0.1113 0.1124 0.1114 0.1102 0.1111 0.1122 0.1105 0.1108 0.1102 
          70  1 0.1111 0.1103 0.1108 0.1108 0.1108 0.1112 0.1116 0.1123 0.1111 
          71  1 0.1125 0.1092 0.1106 0.1122 0.1106 0.1112 0.1118 0.1109 0.1110 
          72  1 0.1121 0.1108 0.1108 0.1118 0.1104 0.1115 0.1117 0.1104 0.1105 
          73  1 0.1104 0.1110 0.1107 0.1123 0.1115 0.1108 0.1108 0.1111 0.1113 
          74  1 0.1114 0.1116 0.1107 0.1117 0.1096 0.1114 0.1115 0.1113 0.1107 
          75  1 0.1121 0.1095 0.1103 0.1120 0.1101 0.1105 0.1128 0.1113 0.1113 
          76  1 0.1107 0.1115 0.1108 0.1117 0.1120 0.1109 0.1104 0.1108 0.1111 
          77  1 0.1118 0.1103 0.1109 0.1124 0.1112 0.1102 0.1113 0.1111 0.1109 
          78  1 0.1106 0.1118 0.1108 0.1117 0.1106 0.1117 0.1113 0.1107 0.1108 
          79  1 0.1113 0.1107 0.1101 0.1114 0.1109 0.1117 0.1113 0.1114 0.1113 
          80  1 0.1115 0.1105 0.1112 0.1113 0.1116 0.1107 0.1110 0.1114 0.1109 
          81  1 0.1104 0.1116 0.1108 0.1115 0.1108 0.1115 0.1109 0.1112 0.1112 
          82  1 0.1116 0.1098 0.1110 0.1119 0.1108 0.1110 0.1123 0.1112 0.1106 
          83  1 0.1118 0.1094 0.1109 0.1124 0.1104 0.1105 0.1117 0.1112 0.1115 
          84  1 0.1115 0.1112 0.1105 0.1106 0.1110 0.1117 0.1112 0.1109 0.1113 
          85  1 0.1109 0.1113 0.1112 0.1116 0.1108 0.1109 0.1112 0.1116 0.1104 
          86  1 0.1111 0.1118 0.1107 0.1106 0.1109 0.1111 0.1110 0.1121 0.1107 
          87  1 0.1104 0.1112 0.1118 0.1111 0.1112 0.1111 0.1107 0.1113 0.1111 
          88  1 0.1111 0.1120 0.1105 0.1110 0.1103 0.1103 0.1102 0.1123 0.1123 
          89  1 0.1114 0.1109 0.1113 0.1120 0.1106 0.1109 0.1108 0.1108 0.1111 
          90  1 0.1106 0.1109 0.1109 0.1113 0.1112 0.1113 0.1111 0.1113 0.1113 
