           1  1 0.1255 0.1261 0.1276 0.1234 0.1225 0.1230 0.1282 0.1237 
           2  1 0.1227 0.1245 0.1260 0.1249 0.1261 0.1254 0.1251 0.1253 
           3  1 0.1256 0.1263 0.1243 0.1246 0.1292 0.1242 0.1229 0.1229 
           4  1 0.1247 0.1343 0.1246 0.1203 0.1246 0.1221 0.1279 0.1215 
           5  1 0.1244 0.1229 0.1223 0.1264 0.1266 0.1275 0.1236 0.1263 
           6  1 0.1267 0.1220 0.1204 0.1285 0.1233 0.1277 0.1222 0.1292 
           7  1 0.1243 0.1246 0.1254 0.1240 0.1260 0.1249 0.1240 0.1268 
           8  1 0.1243 0.1240 0.1260 0.1236 0.1234 0.1250 0.1287 0.1250 
           9  1 0.1259 0.1246 0.1250 0.1240 0.1227 0.1260 0.1269 0.1249 
          10  1 0.1263 0.1240 0.1234 0.1240 0.1258 0.1260 0.1258 0.1247 
          11  1 0.1255 0.1252 0.1251 0.1256 0.1245 0.1232 0.1272 0.1237 
          12  1 0.1272 0.1257 0.1237 0.1254 0.1231 0.1252 0.1254 0.1241 
          13  1 0.1232 0.1280 0.1273 0.1243 0.1267 0.1246 0.1250 0.1210 
          14  1 0.1273 0.1250 0.1229 0.1248 0.1265 0.1256 0.1225 0.1254 
          15  1 0.1237 0.1270 0.1239 0.1256 0.1254 0.1242 0.1248 0.1253 
          16  1 0.1277 0.1198 0.1222 0.1276 0.1230 0.1282 0.1228 0.1288 
          17  1 0.1258 0.1224 0.1295 0.1251 0.1237 0.1228 0.1260 0.1248 
          18  1 0.1271 0.1214 0.1217 0.1293 0.1234 0.1269 0.1231 0.1270 
          19  1 0.1273 0.1252 0.1238 0.1216 0.1251 0.1259 0.1251 0.1261 
          20  1 0.1241 0.1224 0.1251 0.1260 0.1253 0.1247 0.1271 0.1253 
          21  1 0.1248 0.1231 0.1238 0.1250 0.1304 0.1241 0.1249 0.1239 
          22  1 0.1265 0.1191 0.1214 0.1318 0.1247 0.1270 0.1220 0.1275 
          23  1 0.1259 0.1214 0.1236 0.1296 0.1231 0.1248 0.1256 0.1260 
          24  1 0.1256 0.1235 0.1259 0.1256 0.1256 0.1249 0.1242 0.1247 
          25  1 0.1250 0.1294 0.1259 0.1237 0.1205 0.1240 0.1287 0.1228 
          26  1 0.1238 0.1210 0.1227 0.1259 0.1273 0.1279 0.1239 0.1275 
          27  1 0.1263 0.1262 0.1227 0.1240 0.1257 0.1246 0.1253 0.1251 
          28  1 0.1269 0.1205 0.1218 0.1290 0.1232 0.1260 0.1233 0.1292 
          29  1 0.1259 0.1235 0.1233 0.1251 0.1268 0.1253 0.1236 0.1265 
          30  1 0.1221 0.1278 0.1256 0.1227 0.1258 0.1254 0.1264 0.1242 
          31  1 0.1248 0.1236 0.1260 0.1239 0.1234 0.1286 0.1247 0.1251 
          32  1 0.1237 0.1287 0.1292 0.1207 0.1286 0.1221 0.1233 0.1238 
          33  1 0.1248 0.1316 0.1281 0.1210 0.1280 0.1219 0.1233 0.1213 
          34  1 0.1266 0.1240 0.1270 0.1272 0.1250 0.1251 0.1232 0.1219 
          35  1 0.1247 0.1240 0.1273 0.1245 0.1248 0.1255 0.1249 0.1243 
          36  1 0.1239 0.1291 0.1317 0.1216 0.1261 0.1221 0.1232 0.1223 
          37  1 0.1293 0.1203 0.1177 0.1288 0.1227 0.1295 0.1241 0.1276 
          38  1 0.1224 0.1238 0.1298 0.1237 0.1278 0.1233 0.1242 0.1247 
          39  1 0.1261 0.1217 0.1244 0.1261 0.1249 0.1258 0.1234 0.1275 
          40  1 0.1256 0.1248 0.1256 0.1258 0.1286 0.1231 0.1221 0.1244 
          41  1 0.1251 0.1267 0.1233 0.1247 0.1246 0.1245 0.1262 0.1247 
          42  1 0.1248 0.1236 0.1317 0.1225 0.1273 0.1225 0.1244 0.1232 
          43  1 0.1244 0.1212 0.1242 0.1291 0.1251 0.1278 0.1248 0.1233 
          44  1 0.1250 0.1266 0.1231 0.1265 0.1262 0.1262 0.1230 0.1233 
          45  1 0.1271 0.1240 0.1257 0.1249 0.1263 0.1238 0.1248 0.1234 
          46  1 0.1255 0.1243 0.1256 0.1260 0.1247 0.1233 0.1245 0.1260 
          47  1 0.1240 0.1258 0.1263 0.1247 0.1255 0.1265 0.1229 0.1242 
          48  1 0.1245 0.1261 0.1317 0.1222 0.1260 0.1244 0.1236 0.1215 
          49  1 0.1235 0.1242 0.1305 0.1218 0.1271 0.1246 0.1236 0.1248 
          50  1 0.1243 0.1298 0.1271 0.1242 0.1257 0.1228 0.1236 0.1226 
          51  1 0.1258 0.1240 0.1270 0.1272 0.1240 0.1242 0.1235 0.1244 
          52  1 0.1234 0.1205 0.1219 0.1314 0.1226 0.1289 0.1210 0.1303 
          53  1 0.1225 0.1216 0.1328 0.1243 0.1297 0.1227 0.1239 0.1226 
          54  1 0.1254 0.1237 0.1277 0.1244 0.1269 0.1242 0.1240 0.1236 
          55  1 0.1253 0.1218 0.1257 0.1259 0.1218 0.1268 0.1266 0.1261 
          56  1 0.1244 0.1216 0.1311 0.1257 0.1245 0.1234 0.1255 0.1238 
          57  1 0.1226 0.1223 0.1251 0.1276 0.1265 0.1261 0.1240 0.1258 
          58  1 0.1236 0.1367 0.1265 0.1205 0.1224 0.1202 0.1287 0.1214 
          59  1 0.1238 0.1369 0.1253 0.1221 0.1198 0.1208 0.1301 0.1212 
          60  1 0.1253 0.1223 0.1209 0.1266 0.1241 0.1272 0.1253 0.1282 
          61  1 0.1243 0.1307 0.1257 0.1223 0.1246 0.1252 0.1236 0.1237 
          62  1 0.1261 0.1215 0.1215 0.1272 0.1216 0.1286 0.1239 0.1297 
          63  1 0.1242 0.1269 0.1293 0.1237 0.1270 0.1226 0.1217 0.1246 
          64  1 0.1230 0.1248 0.1267 0.1245 0.1274 0.1245 0.1242 0.1249 
          65  1 0.1243 0.1262 0.1295 0.1214 0.1270 0.1219 0.1276 0.1221 
          66  1 0.1264 0.1213 0.1263 0.1242 0.1291 0.1242 0.1238 0.1247 
          67  1 0.1258 0.1236 0.1215 0.1274 0.1252 0.1261 0.1256 0.1248 
          68  1 0.1252 0.1237 0.1250 0.1264 0.1246 0.1249 0.1260 0.1243 
          69  1 0.1235 0.1252 0.1241 0.1249 0.1243 0.1246 0.1266 0.1268 
          70  1 0.1242 0.1241 0.1196 0.1275 0.1228 0.1266 0.1266 0.1286 
          71  1 0.1249 0.1203 0.1208 0.1310 0.1239 0.1284 0.1203 0.1304 
          72  1 0.1256 0.1192 0.1230 0.1301 0.1242 0.1271 0.1230 0.1278 
          73  1 0.1245 0.1259 0.1242 0.1250 0.1236 0.1233 0.1284 0.1251 
          74  1 0.1252 0.1223 0.1210 0.1259 0.1246 0.1278 0.1257 0.1276 
          75  1 0.1259 0.1221 0.1189 0.1295 0.1225 0.1278 0.1245 0.1288 
          76  1 0.1265 0.1276 0.1257 0.1230 0.1240 0.1248 0.1276 0.1209 
          77  1 0.1221 0.1280 0.1254 0.1231 0.1247 0.1229 0.1280 0.1258 
          78  1 0.1258 0.1250 0.1234 0.1256 0.1234 0.1245 0.1247 0.1277 
          79  1 0.1266 0.1238 0.1215 0.1270 0.1274 0.1250 0.1242 0.1244 
          80  1 0.1266 0.1228 0.1229 0.1260 0.1220 0.1281 0.1255 0.1261 
          81  1 0.1248 0.1271 0.1269 0.1235 0.1246 0.1248 0.1247 0.1236 
          82  1 0.1240 0.1220 0.1212 0.1258 0.1230 0.1261 0.1279 0.1300 
          83  1 0.1242 0.1234 0.1188 0.1333 0.1207 0.1272 0.1242 0.1281 
          84  1 0.1260 0.1228 0.1232 0.1253 0.1243 0.1260 0.1252 0.1272 
          85  1 0.1237 0.1248 0.1237 0.1277 0.1253 0.1242 0.1258 0.1248 
          86  1 0.1240 0.1271 0.1263 0.1240 0.1252 0.1236 0.1277 0.1221 
          87  1 0.1278 0.1259 0.1230 0.1235 0.1234 0.1251 0.1244 0.1271 
          88  1 0.1236 0.1365 0.1329 0.1186 0.1280 0.1187 0.1237 0.1181 
          89  1 0.1271 0.1238 0.1215 0.1277 0.1243 0.1254 0.1230 0.1271 
          90  1 0.1281 0.1212 0.1209 0.1263 0.1262 0.1261 0.1241 0.1271 
