           1  1 0.1428 0.1427 0.1430 0.1442 0.1410 0.1437 0.1426 
           2  1 0.1462 0.1435 0.1429 0.1402 0.1413 0.1432 0.1427 
           3  1 0.1396 0.1423 0.1423 0.1470 0.1461 0.1413 0.1413 
           4  1 0.1419 0.1411 0.1409 0.1442 0.1455 0.1437 0.1426 
           5  1 0.1405 0.1441 0.1443 0.1411 0.1426 0.1436 0.1437 
           6  1 0.1405 0.1443 0.1443 0.1405 0.1413 0.1451 0.1440 
           7  1 0.1412 0.1435 0.1435 0.1417 0.1423 0.1443 0.1435 
           8  1 0.1465 0.1414 0.1420 0.1422 0.1422 0.1442 0.1415 
           9  1 0.1416 0.1420 0.1433 0.1429 0.1429 0.1451 0.1423 
          10  1 0.1421 0.1439 0.1450 0.1410 0.1409 0.1429 0.1442 
          11  1 0.1425 0.1447 0.1430 0.1414 0.1409 0.1445 0.1432 
          12  1 0.1437 0.1435 0.1422 0.1433 0.1430 0.1430 0.1413 
          13  1 0.1421 0.1417 0.1424 0.1445 0.1447 0.1427 0.1419 
          14  1 0.1415 0.1419 0.1428 0.1434 0.1434 0.1438 0.1432 
          15  1 0.1401 0.1436 0.1452 0.1402 0.1419 0.1433 0.1457 
          16  1 0.1399 0.1448 0.1441 0.1411 0.1400 0.1455 0.1446 
          17  1 0.1474 0.1423 0.1421 0.1425 0.1401 0.1428 0.1429 
          18  1 0.1391 0.1443 0.1446 0.1425 0.1439 0.1426 0.1430 
          19  1 0.1452 0.1425 0.1407 0.1426 0.1428 0.1433 0.1429 
          20  1 0.1439 0.1441 0.1440 0.1411 0.1408 0.1435 0.1426 
          21  1 0.1411 0.1435 0.1426 0.1431 0.1436 0.1422 0.1439 
          22  1 0.1428 0.1447 0.1449 0.1414 0.1405 0.1420 0.1439 
          23  1 0.1432 0.1430 0.1438 0.1427 0.1415 0.1416 0.1441 
          24  1 0.1418 0.1429 0.1427 0.1419 0.1428 0.1434 0.1445 
          25  1 0.1440 0.1410 0.1425 0.1422 0.1433 0.1436 0.1434 
          26  1 0.1432 0.1434 0.1447 0.1412 0.1411 0.1434 0.1430 
          27  1 0.1429 0.1412 0.1431 0.1423 0.1435 0.1443 0.1426 
          28  1 0.1400 0.1443 0.1446 0.1404 0.1411 0.1454 0.1441 
          29  1 0.1411 0.1431 0.1426 0.1446 0.1424 0.1423 0.1439 
          30  1 0.1416 0.1432 0.1415 0.1436 0.1447 0.1431 0.1423 
          31  1 0.1462 0.1423 0.1423 0.1409 0.1422 0.1431 0.1431 
          32  1 0.1410 0.1416 0.1392 0.1492 0.1495 0.1395 0.1401 
          33  1 0.1409 0.1400 0.1388 0.1475 0.1510 0.1412 0.1405 
          34  1 0.1469 0.1420 0.1427 0.1426 0.1417 0.1418 0.1423 
          35  1 0.1479 0.1422 0.1434 0.1418 0.1410 0.1421 0.1416 
          36  1 0.1442 0.1399 0.1415 0.1456 0.1448 0.1419 0.1420 
          37  1 0.1406 0.1458 0.1455 0.1406 0.1419 0.1428 0.1428 
          38  1 0.1420 0.1426 0.1418 0.1432 0.1445 0.1439 0.1420 
          39  1 0.1430 0.1453 0.1444 0.1413 0.1388 0.1435 0.1437 
          40  1 0.1387 0.1434 0.1409 0.1445 0.1458 0.1433 0.1435 
          41  1 0.1432 0.1425 0.1422 0.1429 0.1438 0.1433 0.1422 
          42  1 0.1478 0.1428 0.1417 0.1426 0.1395 0.1423 0.1433 
          43  1 0.1446 0.1451 0.1427 0.1404 0.1414 0.1419 0.1438 
          44  1 0.1425 0.1430 0.1440 0.1427 0.1428 0.1426 0.1425 
          45  1 0.1458 0.1431 0.1430 0.1405 0.1412 0.1431 0.1432 
          46  1 0.1424 0.1433 0.1427 0.1441 0.1440 0.1419 0.1416 
          47  1 0.1423 0.1424 0.1420 0.1460 0.1457 0.1411 0.1406 
          48  1 0.1418 0.1406 0.1396 0.1463 0.1487 0.1416 0.1414 
          49  1 0.1468 0.1414 0.1415 0.1410 0.1433 0.1431 0.1428 
          50  1 0.1427 0.1423 0.1422 0.1433 0.1440 0.1422 0.1434 
          51  1 0.1475 0.1425 0.1439 0.1411 0.1417 0.1414 0.1420 
          52  1 0.1386 0.1464 0.1450 0.1416 0.1434 0.1431 0.1418 
          53  1 0.1500 0.1413 0.1425 0.1420 0.1404 0.1414 0.1425 
          54  1 0.1455 0.1424 0.1426 0.1432 0.1415 0.1426 0.1423 
          55  1 0.1451 0.1417 0.1442 0.1418 0.1406 0.1434 0.1432 
          56  1 0.1502 0.1409 0.1427 0.1412 0.1392 0.1427 0.1431 
          57  1 0.1461 0.1433 0.1431 0.1418 0.1401 0.1428 0.1427 
          58  1 0.1446 0.1420 0.1417 0.1436 0.1431 0.1432 0.1418 
          59  1 0.1438 0.1420 0.1432 0.1433 0.1427 0.1431 0.1419 
          60  1 0.1424 0.1434 0.1446 0.1416 0.1425 0.1410 0.1444 
          61  1 0.1423 0.1416 0.1426 0.1414 0.1457 0.1435 0.1430 
          62  1 0.1443 0.1428 0.1449 0.1407 0.1408 0.1432 0.1433 
          63  1 0.1408 0.1405 0.1410 0.1481 0.1472 0.1409 0.1415 
          64  1 0.1433 0.1424 0.1435 0.1415 0.1412 0.1441 0.1440 
          65  1 0.1418 0.1420 0.1435 0.1423 0.1428 0.1425 0.1451 
          66  1 0.1507 0.1427 0.1429 0.1388 0.1405 0.1419 0.1425 
          67  1 0.1415 0.1445 0.1423 0.1420 0.1428 0.1432 0.1437 
          68  1 0.1416 0.1422 0.1434 0.1414 0.1437 0.1441 0.1436 
          69  1 0.1428 0.1436 0.1441 0.1412 0.1400 0.1444 0.1438 
          70  1 0.1417 0.1443 0.1455 0.1417 0.1409 0.1427 0.1432 
          71  1 0.1396 0.1476 0.1454 0.1409 0.1413 0.1429 0.1423 
          72  1 0.1400 0.1455 0.1450 0.1418 0.1406 0.1420 0.1450 
          73  1 0.1422 0.1419 0.1434 0.1441 0.1436 0.1431 0.1417 
          74  1 0.1418 0.1448 0.1445 0.1407 0.1416 0.1430 0.1436 
          75  1 0.1396 0.1479 0.1462 0.1394 0.1402 0.1423 0.1444 
          76  1 0.1446 0.1404 0.1426 0.1444 0.1430 0.1419 0.1431 
          77  1 0.1418 0.1440 0.1445 0.1427 0.1414 0.1422 0.1435 
          78  1 0.1425 0.1437 0.1430 0.1426 0.1424 0.1432 0.1425 
          79  1 0.1421 0.1426 0.1426 0.1439 0.1421 0.1434 0.1433 
          80  1 0.1422 0.1438 0.1425 0.1429 0.1420 0.1435 0.1431 
          81  1 0.1428 0.1412 0.1429 0.1456 0.1421 0.1429 0.1423 
          82  1 0.1418 0.1465 0.1468 0.1423 0.1397 0.1427 0.1402 
          83  1 0.1381 0.1475 0.1451 0.1413 0.1419 0.1429 0.1431 
          84  1 0.1411 0.1433 0.1435 0.1426 0.1439 0.1423 0.1434 
          85  1 0.1424 0.1443 0.1443 0.1416 0.1426 0.1433 0.1416 
          86  1 0.1419 0.1429 0.1441 0.1451 0.1425 0.1412 0.1422 
          87  1 0.1419 0.1418 0.1414 0.1461 0.1432 0.1424 0.1431 
          88  1 0.1395 0.1381 0.1361 0.1539 0.1545 0.1392 0.1387 
          89  1 0.1421 0.1426 0.1420 0.1435 0.1454 0.1424 0.1422 
          90  1 0.1441 0.1438 0.1446 0.1399 0.1408 0.1427 0.1442 
