           1  1 0.2500 0.2493 0.2516 0.2490 
           2  1 0.2513 0.2483 0.2506 0.2498 
           3  1 0.2495 0.2502 0.2499 0.2503 
           4  1 0.2378 0.2414 0.2812 0.2396 
           5  1 0.2530 0.2548 0.2352 0.2570 
           6  1 0.2536 0.2566 0.2360 0.2538 
           7  1 0.2503 0.2505 0.2460 0.2532 
           8  1 0.2499 0.2474 0.2554 0.2474 
           9  1 0.2532 0.2476 0.2480 0.2512 
          10  1 0.2538 0.2563 0.2400 0.2499 
          11  1 0.2522 0.2519 0.2457 0.2503 
          12  1 0.2488 0.2520 0.2491 0.2500 
          13  1 0.2508 0.2530 0.2437 0.2526 
          14  1 0.2473 0.2480 0.2561 0.2486 
          15  1 0.2514 0.2513 0.2413 0.2560 
          16  1 0.2580 0.2566 0.2277 0.2577 
          17  1 0.2462 0.2436 0.2618 0.2484 
          18  1 0.2541 0.2535 0.2389 0.2535 
          19  1 0.2524 0.2535 0.2460 0.2481 
          20  1 0.2537 0.2547 0.2386 0.2531 
          21  1 0.2492 0.2500 0.2490 0.2517 
          22  1 0.2558 0.2550 0.2350 0.2542 
          23  1 0.2575 0.2519 0.2381 0.2525 
          24  1 0.2459 0.2536 0.2474 0.2531 
          25  1 0.2485 0.2460 0.2657 0.2399 
          26  1 0.2539 0.2524 0.2402 0.2534 
          27  1 0.2510 0.2489 0.2562 0.2439 
          28  1 0.2602 0.2582 0.2234 0.2582 
          29  1 0.2527 0.2530 0.2396 0.2547 
          30  1 0.2497 0.2456 0.2582 0.2464 
          31  1 0.2479 0.2439 0.2620 0.2462 
          32  1 0.2372 0.2379 0.2797 0.2452 
          33  1 0.2325 0.2379 0.2922 0.2374 
          34  1 0.2500 0.2530 0.2497 0.2472 
          35  1 0.2551 0.2456 0.2539 0.2454 
          36  1 0.2380 0.2393 0.2860 0.2366 
          37  1 0.2600 0.2544 0.2267 0.2589 
          38  1 0.2388 0.2442 0.2726 0.2444 
          39  1 0.2562 0.2564 0.2340 0.2535 
          40  1 0.2428 0.2451 0.2648 0.2473 
          41  1 0.2436 0.2429 0.2720 0.2415 
          42  1 0.2487 0.2469 0.2559 0.2485 
          43  1 0.2529 0.2480 0.2445 0.2546 
          44  1 0.2513 0.2509 0.2431 0.2547 
          45  1 0.2545 0.2535 0.2456 0.2463 
          46  1 0.2462 0.2494 0.2565 0.2480 
          47  1 0.2442 0.2437 0.2653 0.2468 
          48  1 0.2364 0.2418 0.2804 0.2415 
          49  1 0.2472 0.2421 0.2647 0.2460 
          50  1 0.2444 0.2486 0.2630 0.2440 
          51  1 0.2510 0.2451 0.2596 0.2443 
          52  1 0.2533 0.2561 0.2375 0.2531 
          53  1 0.2497 0.2459 0.2623 0.2420 
          54  1 0.2443 0.2446 0.2650 0.2461 
          55  1 0.2503 0.2507 0.2543 0.2447 
          56  1 0.2502 0.2461 0.2561 0.2477 
          57  1 0.2574 0.2508 0.2387 0.2531 
          58  1 0.2459 0.2445 0.2653 0.2443 
          59  1 0.2459 0.2448 0.2633 0.2460 
          60  1 0.2568 0.2552 0.2315 0.2564 
          61  1 0.2454 0.2477 0.2584 0.2485 
          62  1 0.2590 0.2563 0.2273 0.2574 
          63  1 0.2424 0.2439 0.2686 0.2451 
          64  1 0.2497 0.2519 0.2493 0.2490 
          65  1 0.2432 0.2498 0.2591 0.2479 
          66  1 0.2540 0.2563 0.2386 0.2511 
          67  1 0.2510 0.2498 0.2435 0.2557 
          68  1 0.2494 0.2508 0.2482 0.2516 
          69  1 0.2561 0.2511 0.2384 0.2543 
          70  1 0.2588 0.2567 0.2291 0.2554 
          71  1 0.2592 0.2544 0.2274 0.2590 
          72  1 0.2566 0.2567 0.2273 0.2593 
          73  1 0.2493 0.2459 0.2585 0.2463 
          74  1 0.2545 0.2528 0.2342 0.2586 
          75  1 0.2605 0.2610 0.2166 0.2619 
          76  1 0.2454 0.2440 0.2688 0.2418 
          77  1 0.2493 0.2507 0.2511 0.2488 
          78  1 0.2498 0.2525 0.2433 0.2544 
          79  1 0.2556 0.2542 0.2379 0.2522 
          80  1 0.2495 0.2529 0.2465 0.2511 
          81  1 0.2450 0.2523 0.2529 0.2498 
          82  1 0.2564 0.2533 0.2307 0.2596 
          83  1 0.2585 0.2552 0.2235 0.2627 
          84  1 0.2520 0.2511 0.2446 0.2523 
          85  1 0.2531 0.2492 0.2447 0.2530 
          86  1 0.2485 0.2498 0.2535 0.2482 
          87  1 0.2452 0.2488 0.2576 0.2484 
          88  1 0.2323 0.2389 0.2903 0.2385 
          89  1 0.2491 0.2489 0.2499 0.2522 
          90  1 0.2571 0.2521 0.2352 0.2556 
