           1  1 0.1251 0.1244 0.1256 0.1245 0.1255 0.1248 0.1251 0.1250 
           2  1 0.1252 0.1249 0.1247 0.1252 0.1251 0.1250 0.1246 0.1253 
           3  1 0.1250 0.1257 0.1247 0.1246 0.1250 0.1248 0.1249 0.1252 
           4  1 0.1248 0.1249 0.1259 0.1245 0.1255 0.1251 0.1249 0.1244 
           5  1 0.1247 0.1249 0.1251 0.1254 0.1252 0.1250 0.1248 0.1249 
           6  1 0.1248 0.1251 0.1245 0.1250 0.1251 0.1249 0.1248 0.1259 
           7  1 0.1245 0.1248 0.1246 0.1250 0.1254 0.1253 0.1253 0.1251 
           8  1 0.1248 0.1245 0.1255 0.1249 0.1250 0.1252 0.1253 0.1248 
           9  1 0.1246 0.1251 0.1246 0.1254 0.1247 0.1254 0.1247 0.1254 
          10  1 0.1250 0.1250 0.1252 0.1248 0.1248 0.1251 0.1254 0.1247 
          11  1 0.1251 0.1250 0.1249 0.1250 0.1250 0.1252 0.1246 0.1253 
          12  1 0.1251 0.1248 0.1251 0.1249 0.1251 0.1255 0.1248 0.1248 
          13  1 0.1254 0.1252 0.1246 0.1248 0.1247 0.1246 0.1257 0.1250 
          14  1 0.1257 0.1247 0.1253 0.1250 0.1251 0.1251 0.1250 0.1242 
          15  1 0.1252 0.1250 0.1248 0.1250 0.1248 0.1251 0.1251 0.1249 
          16  1 0.1254 0.1253 0.1245 0.1252 0.1246 0.1253 0.1243 0.1255 
          17  1 0.1249 0.1250 0.1254 0.1247 0.1252 0.1253 0.1248 0.1248 
          18  1 0.1250 0.1250 0.1244 0.1249 0.1254 0.1251 0.1246 0.1255 
          19  1 0.1250 0.1248 0.1250 0.1251 0.1250 0.1246 0.1252 0.1252 
          20  1 0.1250 0.1251 0.1250 0.1248 0.1252 0.1251 0.1244 0.1255 
          21  1 0.1248 0.1252 0.1248 0.1248 0.1249 0.1248 0.1254 0.1253 
          22  1 0.1251 0.1250 0.1246 0.1249 0.1251 0.1249 0.1250 0.1254 
          23  1 0.1246 0.1254 0.1246 0.1250 0.1250 0.1247 0.1254 0.1253 
          24  1 0.1250 0.1244 0.1257 0.1249 0.1251 0.1250 0.1255 0.1244 
          25  1 0.1249 0.1253 0.1249 0.1249 0.1252 0.1255 0.1249 0.1244 
          26  1 0.1244 0.1251 0.1254 0.1250 0.1247 0.1249 0.1251 0.1254 
          27  1 0.1252 0.1245 0.1252 0.1251 0.1249 0.1250 0.1254 0.1246 
          28  1 0.1248 0.1254 0.1245 0.1249 0.1250 0.1247 0.1253 0.1255 
          29  1 0.1249 0.1251 0.1249 0.1250 0.1248 0.1249 0.1249 0.1254 
          30  1 0.1247 0.1250 0.1253 0.1251 0.1249 0.1252 0.1249 0.1250 
          31  1 0.1253 0.1247 0.1251 0.1247 0.1249 0.1256 0.1247 0.1251 
          32  1 0.1250 0.1247 0.1254 0.1246 0.1246 0.1249 0.1257 0.1252 
          33  1 0.1250 0.1245 0.1256 0.1248 0.1249 0.1248 0.1260 0.1243 
          34  1 0.1252 0.1248 0.1256 0.1253 0.1246 0.1247 0.1248 0.1248 
          35  1 0.1249 0.1253 0.1253 0.1249 0.1249 0.1248 0.1249 0.1252 
          36  1 0.1249 0.1243 0.1259 0.1248 0.1252 0.1250 0.1254 0.1245 
          37  1 0.1248 0.1257 0.1243 0.1256 0.1251 0.1247 0.1245 0.1254 
          38  1 0.1250 0.1246 0.1251 0.1252 0.1251 0.1252 0.1250 0.1249 
          39  1 0.1249 0.1257 0.1247 0.1254 0.1247 0.1253 0.1240 0.1253 
          40  1 0.1252 0.1251 0.1248 0.1249 0.1250 0.1246 0.1250 0.1253 
          41  1 0.1251 0.1246 0.1261 0.1247 0.1249 0.1249 0.1250 0.1248 
          42  1 0.1249 0.1250 0.1256 0.1251 0.1248 0.1250 0.1247 0.1248 
          43  1 0.1250 0.1250 0.1247 0.1249 0.1251 0.1252 0.1249 0.1253 
          44  1 0.1246 0.1252 0.1252 0.1249 0.1249 0.1253 0.1251 0.1248 
          45  1 0.1249 0.1249 0.1250 0.1253 0.1254 0.1249 0.1249 0.1247 
          46  1 0.1250 0.1251 0.1245 0.1254 0.1246 0.1245 0.1255 0.1253 
          47  1 0.1250 0.1252 0.1253 0.1250 0.1249 0.1251 0.1245 0.1250 
          48  1 0.1255 0.1242 0.1257 0.1243 0.1257 0.1250 0.1249 0.1248 
          49  1 0.1250 0.1246 0.1255 0.1250 0.1253 0.1253 0.1247 0.1246 
          50  1 0.1250 0.1248 0.1258 0.1248 0.1251 0.1252 0.1252 0.1243 
          51  1 0.1248 0.1253 0.1248 0.1249 0.1248 0.1249 0.1253 0.1252 
          52  1 0.1247 0.1251 0.1243 0.1253 0.1249 0.1248 0.1254 0.1253 
          53  1 0.1250 0.1252 0.1251 0.1250 0.1248 0.1251 0.1246 0.1250 
          54  1 0.1250 0.1248 0.1252 0.1248 0.1253 0.1256 0.1248 0.1245 
          55  1 0.1250 0.1250 0.1253 0.1250 0.1252 0.1247 0.1249 0.1249 
          56  1 0.1254 0.1253 0.1250 0.1249 0.1253 0.1249 0.1246 0.1246 
          57  1 0.1250 0.1252 0.1249 0.1249 0.1249 0.1251 0.1249 0.1251 
          58  1 0.1247 0.1244 0.1254 0.1250 0.1250 0.1251 0.1253 0.1251 
          59  1 0.1250 0.1248 0.1252 0.1249 0.1250 0.1248 0.1254 0.1250 
          60  1 0.1245 0.1255 0.1245 0.1256 0.1250 0.1248 0.1248 0.1253 
          61  1 0.1248 0.1248 0.1253 0.1245 0.1251 0.1249 0.1256 0.1250 
          62  1 0.1250 0.1252 0.1250 0.1252 0.1245 0.1247 0.1246 0.1258 
          63  1 0.1250 0.1246 0.1250 0.1248 0.1253 0.1254 0.1254 0.1245 
          64  1 0.1245 0.1251 0.1250 0.1249 0.1249 0.1249 0.1252 0.1255 
          65  1 0.1255 0.1244 0.1252 0.1250 0.1251 0.1250 0.1252 0.1245 
          66  1 0.1246 0.1255 0.1254 0.1248 0.1249 0.1248 0.1248 0.1252 
          67  1 0.1248 0.1250 0.1247 0.1250 0.1250 0.1247 0.1249 0.1258 
          68  1 0.1252 0.1246 0.1256 0.1247 0.1248 0.1247 0.1253 0.1251 
          69  1 0.1252 0.1245 0.1249 0.1252 0.1247 0.1250 0.1247 0.1258 
          70  1 0.1249 0.1249 0.1248 0.1254 0.1251 0.1248 0.1249 0.1253 
          71  1 0.1248 0.1255 0.1239 0.1251 0.1251 0.1250 0.1247 0.1259 
          72  1 0.1248 0.1255 0.1243 0.1256 0.1249 0.1249 0.1245 0.1255 
          73  1 0.1247 0.1249 0.1257 0.1246 0.1249 0.1251 0.1251 0.1250 
          74  1 0.1253 0.1252 0.1247 0.1253 0.1247 0.1245 0.1245 0.1259 
          75  1 0.1252 0.1257 0.1246 0.1253 0.1244 0.1244 0.1248 0.1257 
          76  1 0.1254 0.1244 0.1261 0.1248 0.1254 0.1249 0.1246 0.1245 
          77  1 0.1247 0.1249 0.1251 0.1252 0.1252 0.1247 0.1249 0.1252 
          78  1 0.1250 0.1249 0.1250 0.1252 0.1254 0.1253 0.1246 0.1246 
          79  1 0.1247 0.1253 0.1248 0.1251 0.1251 0.1249 0.1249 0.1253 
          80  1 0.1251 0.1249 0.1250 0.1254 0.1249 0.1250 0.1249 0.1248 
          81  1 0.1251 0.1253 0.1254 0.1247 0.1248 0.1249 0.1249 0.1248 
          82  1 0.1246 0.1256 0.1240 0.1249 0.1245 0.1251 0.1251 0.1261 
          83  1 0.1248 0.1254 0.1237 0.1258 0.1249 0.1247 0.1244 0.1263 
          84  1 0.1253 0.1252 0.1246 0.1250 0.1245 0.1251 0.1256 0.1247 
          85  1 0.1250 0.1249 0.1252 0.1250 0.1251 0.1247 0.1249 0.1252 
          86  1 0.1248 0.1252 0.1253 0.1250 0.1246 0.1250 0.1253 0.1249 
          87  1 0.1252 0.1248 0.1256 0.1254 0.1246 0.1249 0.1247 0.1248 
          88  1 0.1255 0.1244 0.1255 0.1252 0.1247 0.1252 0.1251 0.1245 
          89  1 0.1247 0.1256 0.1247 0.1250 0.1250 0.1247 0.1249 0.1253 
          90  1 0.1248 0.1252 0.1252 0.1253 0.1251 0.1247 0.1246 0.1251 
