  1:   0.2530  0.3360  0.2130  0.1980  1
  2:   0.3550  0.1420  0.4300  0.0730  1
  3:   0.3564  0.1431  0.4274  0.0731  1
  4:   0.3880  0.0880  0.0890  0.4350  1
  5:   0.0700  0.0860  0.5150  0.3290  1
  6:   0.0940  0.4970  0.3420  0.0670  1
  7:   0.5425  0.0859  0.1818  0.1898  1
  8:   0.1191  0.4565  0.3103  0.1141  1
  9:   0.1170  0.2280  0.2440  0.4110  1
 10:   0.1140  0.2480  0.5130  0.1250  1
 11:   0.0870  0.0830  0.4630  0.3670  1
 12:   0.1110  0.6930  0.1180  0.0780  1
 13:   0.0889  0.6254  0.0769  0.2088  1
 14:   0.0971  0.3724  0.4144  0.1161  1
 15:   0.0820  0.1030  0.1210  0.6940  1
 16:   0.1982  0.3053  0.2092  0.2873  1
 17:   0.6760  0.1200  0.1420  0.0620  1
 18:   0.1260  0.6210  0.1070  0.1460  1
 19:   0.1480  0.4630  0.1620  0.2270  1
 20:   0.4730  0.0970  0.1110  0.3190  1
 21:   0.4340  0.2330  0.0930  0.2400  1
 22:   0.4670  0.1990  0.1990  0.1350  1
 23:   0.1110  0.2630  0.1160  0.5100  1
 24:   0.4505  0.3013  0.1131  0.1351  1
 25:   0.0931  0.0721  0.7087  0.1261  1
 26:   0.1160  0.1290  0.4520  0.3030  1
 27:   0.0980  0.2270  0.5400  0.1350  1
 28:   0.1530  0.2650  0.2340  0.3480  1
 29:   0.1830  0.2280  0.4750  0.1140  1
 30:   0.1720  0.2020  0.5140  0.1120  1
 31:   0.4700  0.2490  0.1160  0.1650  1
 32:   0.2000  0.5270  0.1520  0.1210  1
 33:   0.2450  0.1270  0.3640  0.2640  1
 34:   0.0920  0.2000  0.5000  0.2080  1
 35:   0.5936  0.1862  0.1391  0.0811  1
 36:   0.1502  0.2933  0.1512  0.4054  1
 37:   0.4695  0.2877  0.1778  0.0649  1
 38:   0.1171  0.1732  0.5946  0.1151  1
 39:   0.1060  0.2400  0.1110  0.5430  1
 40:   0.1150  0.2710  0.4900  0.1240  1
 41:   0.0970  0.7100  0.1070  0.0860  1
 42:   0.1790  0.4940  0.1550  0.1720  1
 43:   0.2860  0.0730  0.4410  0.2000  1
 44:   0.4800  0.1830  0.2170  0.1200  1
 45:   0.5874  0.1129  0.2288  0.0709  1
 46:   0.0960  0.2230  0.4360  0.2450  1
 47:   0.3410  0.4750  0.0910  0.0930  1
 48:   0.1750  0.2200  0.5200  0.0850  1
 49:   0.1160  0.2070  0.4450  0.2320  1
 50:   0.0860  0.0990  0.5540  0.2610  1
 51:   0.5060  0.2920  0.0700  0.1320  1
 52:   0.1191  0.1552  0.1191  0.6066  1
 53:   0.3730  0.4110  0.1240  0.0920  1
 54:   0.2382  0.2072  0.3854  0.1692  1
 55:   0.1060  0.1190  0.4020  0.3730  1
 56:   0.1209  0.1399  0.4835  0.2557  1
 57:   0.2583  0.1021  0.5926  0.0470  1
 58:   0.3660  0.1360  0.3900  0.1080  1
 59:   0.1340  0.2240  0.1150  0.5270  1
 60:   0.1920  0.2630  0.4170  0.1280  1
 61:   0.2720  0.4250  0.1410  0.1620  1
 62:   0.0890  0.0700  0.4430  0.3980  1
 63:   0.3686  0.3826  0.1299  0.1189  1
 64:   0.1450  0.2660  0.1450  0.4440  1
 65:   0.1261  0.3313  0.4114  0.1311  1
 66:   0.1211  0.3504  0.0941  0.4344  1
 67:   0.1400  0.3320  0.1060  0.4220  1
 68:   0.1350  0.2370  0.1170  0.5110  1
 69:   0.3804  0.2312  0.0921  0.2963  1
 70:   0.0910  0.2020  0.1380  0.5690  1
 71:   0.2040  0.1610  0.5190  0.1160  1
 72:   0.1119  0.1588  0.2098  0.5195  1
 73:   0.1170  0.0840  0.6660  0.1330  1
 74:   0.4685  0.2112  0.2062  0.1141  1
 75:   0.0790  0.0960  0.5280  0.2970  1
 76:   0.3584  0.0921  0.2162  0.3333  1
 77:   0.4710  0.1050  0.0950  0.3290  1
 78:   0.0699  0.1508  0.5864  0.1928  1
 79:   0.0690  0.0920  0.7040  0.1350  1
 80:   0.0790  0.1360  0.0890  0.6960  1
 81:   0.1210  0.6400  0.1150  0.1240  1
 82:   0.1269  0.1109  0.4336  0.3287  1
 83:   0.0740  0.0760  0.3830  0.4670  1
 84:   0.1121  0.3864  0.3884  0.1131  1
 85:   0.1260  0.6390  0.1260  0.1090  1
 86:   0.3113  0.3554  0.2743  0.0591  1
 87:   0.0811  0.1341  0.1341  0.6507  1
 88:   0.2030  0.1730  0.4800  0.1440  1
 89:   0.3160  0.4740  0.1350  0.0750  1
 90:   0.0800  0.2880  0.5400  0.0920  1
 91:   0.0940  0.7330  0.0910  0.0820  1
 92:   0.3906  0.0739  0.4136  0.1219  1
 93:   0.4940  0.1810  0.2280  0.0970  1
 94:   0.5590  0.2500  0.1160  0.0750  1
 95:   0.1660  0.1900  0.1980  0.4460  1
 96:   0.1070  0.4650  0.0830  0.3450  1
 97:   0.0970  0.1770  0.0780  0.6480  1
 98:   0.1890  0.2000  0.2870  0.3240  1
 99:   0.4380  0.1470  0.1140  0.3010  1
100:   0.1170  0.1330  0.3010  0.4490  1
101:   0.1450  0.2820  0.1200  0.4530  1
102:   0.1610  0.4220  0.1150  0.3020  1
103:   0.1461  0.2623  0.1251  0.4665  1
104:   0.3480  0.1580  0.0820  0.4120  1
105:   0.0609  0.2498  0.4236  0.2657  1
106:   0.0740  0.0750  0.3860  0.4650  1
107:   0.0581  0.1321  0.0971  0.7127  1
108:   0.1650  0.4170  0.1010  0.3170  1
109:   0.2780  0.0720  0.4270  0.2230  1
110:   0.3980  0.3300  0.0820  0.1900  1
111:   0.1040  0.7270  0.1120  0.0570  1
112:   0.0800  0.5420  0.2810  0.0970  1
113:   0.3390  0.3540  0.1030  0.2040  1
114:   0.1350  0.3660  0.4010  0.0980  1
115:   0.0940  0.5580  0.0880  0.2600  1
116:   0.2070  0.3360  0.3700  0.0870  1
117:   0.6120  0.1980  0.1230  0.0670  1
118:   0.0851  0.1271  0.4515  0.3363  1
119:   0.5255  0.1411  0.0841  0.2492  1
120:   0.4490  0.1070  0.1950  0.2490  1
121:   0.4735  0.0939  0.3506  0.0819  1
122:   0.4060  0.1490  0.1540  0.2910  1
123:   0.0759  0.1339  0.3197  0.4705  1
124:   0.3480  0.3330  0.0790  0.2400  1
125:   0.1160  0.1850  0.0980  0.6010  1
126:   0.4650  0.2390  0.1570  0.1390  1
127:   0.5830  0.0570  0.1930  0.1670  1
128:   0.1240  0.1750  0.2070  0.4940  1
129:   0.2970  0.0620  0.5710  0.0700  1
130:   0.0700  0.5060  0.1700  0.2540  1
131:   0.5864  0.0609  0.2138  0.1389  1
132:   0.3270  0.2850  0.1920  0.1960  1
133:   0.5700  0.1660  0.1050  0.1590  1
134:   0.1139  0.3876  0.1329  0.3656  1
135:   0.3170  0.4450  0.1420  0.0960  1
136:   0.0979  0.4685  0.3367  0.0969  1
137:   0.1650  0.2220  0.0680  0.5450  1
138:   0.4150  0.1750  0.0930  0.3170  1
139:   0.0960  0.2120  0.0740  0.6180  1
140:   0.1050  0.2290  0.1120  0.5540  1
141:   0.4990  0.2000  0.0770  0.2240  1
142:   0.1191  0.6226  0.0871  0.1712  1
143:   0.2190  0.1190  0.1850  0.4770  1
144:   0.3190  0.0720  0.5060  0.1030  1
145:   0.2082  0.1552  0.1512  0.4855  1
146:   0.0820  0.1060  0.3670  0.4450  1
147:   0.1369  0.1329  0.1129  0.6174  1
148:   0.1270  0.6140  0.1300  0.1290  1
149:   0.4850  0.1290  0.1270  0.2590  1
150:   0.5970  0.1990  0.0880  0.1160  1
151:   0.1280  0.1540  0.1550  0.5630  1
152:   0.2100  0.2120  0.1600  0.4180  1
153:   0.0549  0.0719  0.7343  0.1389  1
154:   0.2980  0.5670  0.0750  0.0600  1
155:   0.0710  0.0750  0.6900  0.1640  1
156:   0.1490  0.2480  0.1810  0.4220  1
157:   0.4124  0.1161  0.1061  0.3654  1
158:   0.1231  0.1762  0.5065  0.1942  1
159:   0.1000  0.5390  0.1880  0.1730  1
160:   0.1110  0.3440  0.4320  0.1130  1
161:   0.3380  0.0990  0.4480  0.1150  1
162:   0.1590  0.3420  0.3520  0.1470  1
163:   0.1690  0.2420  0.2320  0.3570  1
164:   0.5110  0.2880  0.1170  0.0840  1
165:   0.4110  0.1970  0.2530  0.1390  1
166:   0.1390  0.2840  0.4610  0.1160  1
167:   0.1740  0.1430  0.5140  0.1690  1
168:   0.1180  0.7230  0.0900  0.0690  1
169:   0.1000  0.7160  0.1000  0.0840  1
170:   0.5810  0.1920  0.0870  0.1400  1
171:   0.1180  0.5570  0.2550  0.0700  1
172:   0.5580  0.1830  0.2150  0.0440  1
173:   0.1109  0.5165  0.0989  0.2737  1
174:   0.0951  0.0681  0.1141  0.7227  1
175:   0.5005  0.1161  0.2412  0.1421  1
176:   0.1050  0.1580  0.1780  0.5590  1
177:   0.5305  0.1099  0.2537  0.1059  1
178:   0.1982  0.3073  0.3894  0.1051  1
179:   0.1580  0.5740  0.1290  0.1390  1
180:   0.0890  0.1130  0.3960  0.4020  1
181:   0.1200  0.3380  0.1450  0.3970  1
182:   0.4480  0.1790  0.1890  0.1840  1
183:   0.6270  0.1010  0.0600  0.2120  1
184:   0.2310  0.4230  0.1810  0.1650  1
185:   0.2102  0.2863  0.3433  0.1602  1
186:   0.2038  0.5055  0.1798  0.1109  1
187:   0.0929  0.1259  0.6893  0.0919  1
188:   0.4940  0.2970  0.1090  0.1000  1
189:   0.0761  0.7157  0.0871  0.1211  1
190:   0.2442  0.1301  0.1271  0.4985  1
191:   0.1610  0.2670  0.1780  0.3940  1
192:   0.3676  0.2907  0.2607  0.0809  1
193:   0.1181  0.1111  0.1311  0.6396  1
194:   0.1060  0.0660  0.1430  0.6850  1
195:   0.0890  0.1140  0.5480  0.2490  1
196:   0.5870  0.1130  0.1290  0.1710  1
197:   0.3260  0.0940  0.3310  0.2490  1
198:   0.6170  0.2190  0.0800  0.0840  1
199:   0.3193  0.3383  0.1872  0.1552  1
200:   0.1350  0.6890  0.1100  0.0660  1
201:   0.1090  0.1570  0.5570  0.1770  1
202:   0.4260  0.3690  0.1380  0.0670  1
203:   0.2240  0.2620  0.1900  0.3240  1
204:   0.1321  0.4494  0.3193  0.0991  1
205:   0.1790  0.5010  0.1190  0.2010  1
206:   0.0690  0.0890  0.0890  0.7530  1
207:   0.1250  0.1400  0.0850  0.6500  1
208:   0.1200  0.1270  0.2250  0.5280  1
209:   0.4190  0.0730  0.0790  0.4290  1
210:   0.2550  0.0630  0.1240  0.5580  1
211:   0.0670  0.1160  0.3680  0.4490  1
212:   0.0751  0.3383  0.1441  0.4424  1
213:   0.5370  0.0640  0.1780  0.2210  1
214:   0.1020  0.1150  0.1140  0.6690  1
215:   0.3640  0.1200  0.0760  0.4400  1
216:   0.5005  0.1091  0.3133  0.0771  1
217:   0.1280  0.4350  0.3360  0.1010  1
218:   0.1409  0.3107  0.4276  0.1209  1
219:   0.4180  0.0970  0.2740  0.2110  1
220:   0.1730  0.2050  0.1190  0.5030  1
221:   0.4545  0.1548  0.2957  0.0949  1
222:   0.0729  0.0869  0.1409  0.6993  1
223:   0.4735  0.1558  0.1109  0.2597  1
224:   0.3127  0.1329  0.3337  0.2208  1
225:   0.0760  0.1040  0.4090  0.4110  1
226:   0.5370  0.1690  0.1790  0.1150  1
227:   0.4710  0.2890  0.0980  0.1420  1
228:   0.4090  0.1470  0.2030  0.2410  1
229:   0.0959  0.3197  0.4715  0.1129  1
230:   0.1692  0.2993  0.3694  0.1622  1
231:   0.4670  0.2430  0.1210  0.1690  1
232:   0.1970  0.3000  0.3250  0.1780  1
233:   0.2232  0.0871  0.6106  0.0791  1
234:   0.5920  0.1520  0.0870  0.1690  1
235:   0.5400  0.1220  0.1200  0.2180  1
236:   0.5315  0.0739  0.1848  0.2098  1
237:   0.2880  0.0680  0.0890  0.5550  1
238:   0.5020  0.2780  0.0910  0.1290  1
239:   0.1230  0.6500  0.1120  0.1150  1
240:   0.1450  0.2660  0.4930  0.0960  1
241:   0.5290  0.2360  0.1410  0.0940  1
242:   0.4320  0.2340  0.2460  0.0880  1
243:   0.3020  0.0720  0.0940  0.5320  1
244:   0.5050  0.2740  0.1400  0.0810  1
245:   0.2910  0.0930  0.5410  0.0750  1
246:   0.0829  0.2088  0.6034  0.1049  1
247:   0.1250  0.6800  0.1070  0.0880  1
248:   0.7097  0.1061  0.0460  0.1381  1
249:   0.0910  0.1090  0.4670  0.3330  1
250:   0.1011  0.3343  0.1341  0.4304  1
251:   0.4980  0.1510  0.2500  0.1010  1
252:   0.1080  0.0610  0.3090  0.5220  1
253:   0.3880  0.3260  0.1120  0.1740  1
254:   0.0870  0.1670  0.0990  0.6470  1
255:   0.0831  0.1081  0.4344  0.3744  1
256:   0.5930  0.0880  0.0660  0.2530  1
257:   0.0781  0.1822  0.2012  0.5385  1
258:   0.3740  0.1100  0.0870  0.4290  1
259:   0.1670  0.2130  0.0840  0.5360  1
260:   0.0849  0.1469  0.0869  0.6813  1

  1:   0.2570  0.3360  0.2110  0.1960  1
  2:   0.3540  0.1470  0.4220  0.0770  1
  3:   0.3536  0.1449  0.4256  0.0759  1
  4:   0.3940  0.0870  0.0870  0.4320  1
  5:   0.0731  0.0841  0.5135  0.3293  1
  6:   0.0910  0.4930  0.3510  0.0650  1
  7:   0.5380  0.0870  0.1850  0.1900  1
  8:   0.1180  0.4650  0.3070  0.1100  1
  9:   0.1180  0.2340  0.2430  0.4050  1
 10:   0.1120  0.2550  0.5100  0.1230  1
 11:   0.0880  0.0860  0.4610  0.3650  1
 12:   0.1070  0.7020  0.1140  0.0770  1
 13:   0.0889  0.6204  0.0749  0.2158  1
 14:   0.0980  0.3750  0.4120  0.1150  1
 15:   0.0800  0.1010  0.1230  0.6960  1
 16:   0.2008  0.3047  0.2078  0.2867  1
 17:   0.6740  0.1220  0.1420  0.0620  1
 18:   0.1280  0.6170  0.1080  0.1470  1
 19:   0.1449  0.4725  0.1578  0.2248  1
 20:   0.4740  0.0970  0.1080  0.3210  1
 21:   0.4320  0.2310  0.0930  0.2440  1
 22:   0.4700  0.1960  0.1960  0.1380  1
 23:   0.1120  0.2670  0.1170  0.5040  1
 24:   0.4400  0.3050  0.1170  0.1380  1
 25:   0.0931  0.0741  0.7087  0.1241  1
 26:   0.1190  0.1280  0.4540  0.2990  1
 27:   0.0970  0.2200  0.5450  0.1380  1
 28:   0.1530  0.2660  0.2360  0.3450  1
 29:   0.1790  0.2320  0.4750  0.1140  1
 30:   0.1750  0.2060  0.5080  0.1110  1
 31:   0.4760  0.2440  0.1160  0.1640  1
 32:   0.2120  0.5180  0.1500  0.1200  1
 33:   0.2350  0.1250  0.3670  0.2730  1
 34:   0.0940  0.2020  0.5020  0.2020  1
 35:   0.5950  0.1840  0.1400  0.0810  1
 36:   0.1530  0.2890  0.1530  0.4050  1
 37:   0.4620  0.2940  0.1790  0.0650  1
 38:   0.1180  0.1700  0.6020  0.1100  1
 39:   0.1080  0.2330  0.1100  0.5490  1
 40:   0.1121  0.2753  0.4915  0.1211  1
 41:   0.0960  0.7160  0.1050  0.0830  1
 42:   0.1770  0.4930  0.1580  0.1720  1
 43:   0.2900  0.0720  0.4390  0.1990  1
 44:   0.4830  0.1860  0.2140  0.1170  1
 45:   0.5874  0.1129  0.2318  0.0679  1
 46:   0.0970  0.2190  0.4350  0.2490  1
 47:   0.3370  0.4790  0.0930  0.0910  1
 48:   0.1680  0.2300  0.5180  0.0840  1
 49:   0.1150  0.2010  0.4530  0.2310  1
 50:   0.0869  0.0999  0.5495  0.2637  1
 51:   0.5020  0.2950  0.0680  0.1350  1
 52:   0.1230  0.1570  0.1160  0.6040  1
 53:   0.3660  0.4160  0.1250  0.0930  1
 54:   0.2398  0.2088  0.3826  0.1688  1
 55:   0.1020  0.1150  0.4000  0.3830  1
 56:   0.1150  0.1410  0.4910  0.2530  1
 57:   0.2580  0.1060  0.5890  0.0470  1
 58:   0.3626  0.1389  0.3886  0.1099  1
 59:   0.1431  0.2152  0.1161  0.5255  1
 60:   0.1930  0.2670  0.4160  0.1240  1
 61:   0.2780  0.4230  0.1410  0.1580  1
 62:   0.0900  0.0690  0.4450  0.3960  1
 63:   0.3780  0.3770  0.1260  0.1190  1
 64:   0.1502  0.2623  0.1431  0.4444  1
 65:   0.1230  0.3290  0.4170  0.1310  1
 66:   0.1180  0.3520  0.0950  0.4350  1
 67:   0.1369  0.3287  0.1069  0.4276  1
 68:   0.1420  0.2280  0.1170  0.5130  1
 69:   0.3806  0.2348  0.0909  0.2937  1
 70:   0.0911  0.1962  0.1411  0.5716  1
 71:   0.1978  0.1608  0.5235  0.1179  1
 72:   0.1120  0.1580  0.2060  0.5240  1
 73:   0.1180  0.0810  0.6700  0.1310  1
 74:   0.4730  0.2050  0.2110  0.1110  1
 75:   0.0760  0.0960  0.5330  0.2950  1
 76:   0.3467  0.0909  0.2218  0.3407  1
 77:   0.4800  0.1080  0.0950  0.3170  1
 78:   0.0670  0.1450  0.5900  0.1980  1
 79:   0.0701  0.0891  0.7097  0.1311  1
 80:   0.0810  0.1320  0.0890  0.6980  1
 81:   0.1260  0.6290  0.1190  0.1260  1
 82:   0.1260  0.1100  0.4290  0.3350  1
 83:   0.0750  0.0760  0.3810  0.4680  1
 84:   0.1120  0.3960  0.3810  0.1110  1
 85:   0.1250  0.6410  0.1260  0.1080  1
 86:   0.3070  0.3500  0.2830  0.0600  1
 87:   0.0820  0.1300  0.1340  0.6540  1
 88:   0.2000  0.1760  0.4840  0.1400  1
 89:   0.3150  0.4740  0.1360  0.0750  1
 90:   0.0770  0.2970  0.5310  0.0950  1
 91:   0.0959  0.7313  0.0909  0.0819  1
 92:   0.3856  0.0749  0.4186  0.1209  1
 93:   0.4900  0.1850  0.2300  0.0950  1
 94:   0.5590  0.2480  0.1170  0.0760  1
 95:   0.1750  0.1830  0.1970  0.4450  1
 96:   0.1151  0.4575  0.0831  0.3443  1
 97:   0.1020  0.1770  0.0800  0.6410  1
 98:   0.1940  0.2010  0.2820  0.3230  1
 99:   0.4440  0.1470  0.1120  0.2970  1
100:   0.1110  0.1310  0.3020  0.4560  1
101:   0.1450  0.2790  0.1170  0.4590  1
102:   0.1690  0.4230  0.1160  0.2920  1
103:   0.1440  0.2680  0.1250  0.4630  1
104:   0.3483  0.1562  0.0841  0.4114  1
105:   0.0601  0.2503  0.4214  0.2683  1
106:   0.0761  0.0781  0.3744  0.4715  1
107:   0.0600  0.1300  0.1010  0.7090  1
108:   0.1692  0.4164  0.1031  0.3113  1
109:   0.2760  0.0720  0.4240  0.2280  1
110:   0.4040  0.3230  0.0840  0.1890  1
111:   0.1029  0.7293  0.1109  0.0569  1
112:   0.0771  0.5526  0.2753  0.0951  1
113:   0.3467  0.3536  0.1019  0.1978  1
114:   0.1341  0.3724  0.3964  0.0971  1
115:   0.0940  0.5550  0.0860  0.2650  1
116:   0.2090  0.3290  0.3730  0.0890  1
117:   0.6110  0.1990  0.1230  0.0670  1
118:   0.0840  0.1260  0.4510  0.3390  1
119:   0.5260  0.1380  0.0840  0.2520  1
120:   0.4470  0.1080  0.1970  0.2480  1
121:   0.4745  0.0921  0.3554  0.0781  1
122:   0.4110  0.1510  0.1530  0.2850  1
123:   0.0750  0.1320  0.3170  0.4760  1
124:   0.3453  0.3323  0.0801  0.2422  1
125:   0.1170  0.1900  0.0900  0.6030  1
126:   0.4695  0.2398  0.1578  0.1329  1
127:   0.5810  0.0570  0.1960  0.1660  1
128:   0.1250  0.1770  0.2060  0.4920  1
129:   0.2940  0.0620  0.5730  0.0710  1
130:   0.0729  0.4995  0.1728  0.2547  1
131:   0.5800  0.0590  0.2190  0.1420  1
132:   0.3233  0.2893  0.1942  0.1932  1
133:   0.5746  0.1552  0.1091  0.1612  1
134:   0.1130  0.3990  0.1320  0.3560  1
135:   0.3100  0.4510  0.1440  0.0950  1
136:   0.0990  0.4690  0.3330  0.0990  1
137:   0.1660  0.2210  0.0670  0.5460  1
138:   0.4190  0.1780  0.0900  0.3130  1
139:   0.0989  0.2078  0.0729  0.6204  1
140:   0.1071  0.2292  0.1081  0.5556  1
141:   0.5100  0.1970  0.0760  0.2170  1
142:   0.1209  0.6174  0.0859  0.1758  1
143:   0.2200  0.1220  0.1840  0.4740  1
144:   0.3210  0.0710  0.5050  0.1030  1
145:   0.2080  0.1600  0.1520  0.4800  1
146:   0.0830  0.1090  0.3620  0.4460  1
147:   0.1390  0.1300  0.1130  0.6180  1
148:   0.1259  0.6174  0.1319  0.1249  1
149:   0.4865  0.1291  0.1231  0.2613  1
150:   0.6030  0.1930  0.0880  0.1160  1
151:   0.1260  0.1570  0.1540  0.5630  1
152:   0.2138  0.2118  0.1628  0.4116  1
153:   0.0530  0.0710  0.7330  0.1430  1
154:   0.2990  0.5600  0.0780  0.0630  1
155:   0.0740  0.0740  0.6840  0.1680  1
156:   0.1550  0.2450  0.1830  0.4170  1
157:   0.4160  0.1220  0.1060  0.3560  1
158:   0.1250  0.1810  0.4980  0.1960  1
159:   0.1000  0.5410  0.1900  0.1690  1
160:   0.1060  0.3550  0.4260  0.1130  1
161:   0.3350  0.0940  0.4540  0.1170  1
162:   0.1670  0.3370  0.3500  0.1460  1
163:   0.1638  0.2418  0.2358  0.3586  1
164:   0.5100  0.2900  0.1180  0.0820  1
165:   0.4116  0.1928  0.2547  0.1409  1
166:   0.1349  0.2967  0.4575  0.1109  1
167:   0.1812  0.1421  0.5075  0.1692  1
168:   0.1210  0.7220  0.0870  0.0700  1
169:   0.0980  0.7200  0.1000  0.0820  1
170:   0.5914  0.1868  0.0859  0.1359  1
171:   0.1121  0.5576  0.2593  0.0711  1
172:   0.5540  0.1840  0.2170  0.0450  1
173:   0.1100  0.5170  0.0950  0.2780  1
174:   0.0940  0.0690  0.1140  0.7230  1
175:   0.5020  0.1180  0.2410  0.1390  1
176:   0.1060  0.1560  0.1750  0.5630  1
177:   0.5265  0.1111  0.2583  0.1041  1
178:   0.2000  0.3100  0.3890  0.1010  1
179:   0.1520  0.5840  0.1250  0.1390  1
180:   0.0931  0.1081  0.3924  0.4064  1
181:   0.1210  0.3430  0.1430  0.3930  1
182:   0.4520  0.1750  0.1890  0.1840  1
183:   0.6304  0.0999  0.0609  0.2088  1
184:   0.2398  0.4166  0.1788  0.1648  1
185:   0.2160  0.2850  0.3390  0.1600  1
186:   0.2020  0.5010  0.1850  0.1120  1
187:   0.0900  0.1220  0.6980  0.0900  1
188:   0.5030  0.2910  0.1080  0.0980  1
189:   0.0750  0.7130  0.0890  0.1230  1
190:   0.2472  0.1321  0.1261  0.4945  1
191:   0.1622  0.2663  0.1782  0.3934  1
192:   0.3630  0.2930  0.2640  0.0800  1
193:   0.1231  0.1071  0.1311  0.6386  1
194:   0.1079  0.0659  0.1439  0.6823  1
195:   0.0890  0.1130  0.5430  0.2550  1
196:   0.5854  0.1129  0.1329  0.1688  1
197:   0.3200  0.0940  0.3310  0.2550  1
198:   0.6170  0.2150  0.0820  0.0860  1
199:   0.3240  0.3440  0.1780  0.1540  1
200:   0.1339  0.6903  0.1099  0.0659  1
201:   0.1160  0.1560  0.5470  0.1810  1
202:   0.4250  0.3710  0.1370  0.0670  1
203:   0.2340  0.2670  0.1830  0.3160  1
204:   0.1330  0.4490  0.3180  0.1000  1
205:   0.1820  0.4980  0.1210  0.1990  1
206:   0.0700  0.0890  0.0870  0.7540  1
207:   0.1280  0.1390  0.0830  0.6500  1
208:   0.1201  0.1301  0.2202  0.5295  1
209:   0.4200  0.0740  0.0840  0.4220  1
210:   0.2560  0.0620  0.1260  0.5560  1
211:   0.0650  0.1160  0.3710  0.4480  1
212:   0.0731  0.3333  0.1431  0.4505  1
213:   0.5325  0.0679  0.1798  0.2198  1
214:   0.1030  0.1150  0.1070  0.6750  1
215:   0.3690  0.1220  0.0750  0.4340  1
216:   0.5000  0.1100  0.3150  0.0750  1
217:   0.1270  0.4310  0.3380  0.1040  1
218:   0.1400  0.3090  0.4300  0.1210  1
219:   0.4210  0.0950  0.2750  0.2090  1
220:   0.1682  0.2102  0.1231  0.4985  1
221:   0.4480  0.1560  0.3050  0.0910  1
222:   0.0730  0.0860  0.1440  0.6970  1
223:   0.4820  0.1530  0.1060  0.2590  1
224:   0.3100  0.1280  0.3400  0.2220  1
225:   0.0770  0.1020  0.4100  0.4110  1
226:   0.5350  0.1680  0.1830  0.1140  1
227:   0.4740  0.2900  0.0950  0.1410  1
228:   0.4070  0.1410  0.2090  0.2430  1
229:   0.0950  0.3140  0.4780  0.1130  1
230:   0.1638  0.3037  0.3766  0.1558  1
231:   0.4620  0.2450  0.1200  0.1730  1
232:   0.1918  0.3047  0.3237  0.1798  1
233:   0.2218  0.0889  0.6104  0.0789  1
234:   0.5940  0.1510  0.0860  0.1690  1
235:   0.5325  0.1261  0.1221  0.2192  1
236:   0.5400  0.0720  0.1840  0.2040  1
237:   0.2890  0.0680  0.0880  0.5550  1
238:   0.4945  0.2843  0.0911  0.1301  1
239:   0.1290  0.6430  0.1130  0.1150  1
240:   0.1391  0.2703  0.4985  0.0921  1
241:   0.5320  0.2370  0.1360  0.0950  1
242:   0.4210  0.2410  0.2500  0.0880  1
243:   0.3057  0.0759  0.0949  0.5235  1
244:   0.4955  0.2823  0.1411  0.0811  1
245:   0.2870  0.0920  0.5440  0.0770  1
246:   0.0840  0.2100  0.6020  0.1040  1
247:   0.1250  0.6780  0.1110  0.0860  1
248:   0.7100  0.1050  0.0470  0.1380  1
249:   0.0920  0.1100  0.4600  0.3380  1
250:   0.1000  0.3250  0.1350  0.4400  1
251:   0.5000  0.1540  0.2470  0.0990  1
252:   0.1100  0.0630  0.3010  0.5260  1
253:   0.3926  0.3207  0.1099  0.1768  1
254:   0.0861  0.1632  0.0991  0.6517  1
255:   0.0840  0.1060  0.4380  0.3720  1
256:   0.5940  0.0870  0.0680  0.2510  1
257:   0.0780  0.1860  0.2040  0.5320  1
258:   0.3800  0.1100  0.0880  0.4220  1
259:   0.1680  0.2130  0.0800  0.5390  1
260:   0.0880  0.1440  0.0870  0.6810  1

  1:   0.2593  0.3343  0.2112  0.1952  1
  2:   0.3550  0.1440  0.4260  0.0750  1
  3:   0.3554  0.1471  0.4214  0.0761  1
  4:   0.3836  0.0889  0.0849  0.4426  1
  5:   0.0730  0.0830  0.5170  0.3270  1
  6:   0.0939  0.4935  0.3467  0.0659  1
  7:   0.5400  0.0860  0.1860  0.1880  1
  8:   0.1190  0.4460  0.3160  0.1190  1
  9:   0.1170  0.2260  0.2430  0.4140  1
 10:   0.1170  0.2420  0.5160  0.1250  1
 11:   0.0899  0.0829  0.4615  0.3656  1
 12:   0.1110  0.6860  0.1230  0.0800  1
 13:   0.0890  0.6250  0.0740  0.2120  1
 14:   0.1050  0.3640  0.4120  0.1190  1
 15:   0.0851  0.1031  0.1201  0.6917  1
 16:   0.2028  0.3037  0.2098  0.2837  1
 17:   0.6660  0.1270  0.1460  0.0610  1
 18:   0.1291  0.6116  0.1071  0.1522  1
 19:   0.1500  0.4620  0.1600  0.2280  1
 20:   0.4725  0.0991  0.1101  0.3183  1
 21:   0.4240  0.2390  0.0920  0.2450  1
 22:   0.4720  0.1930  0.1920  0.1430  1
 23:   0.1099  0.2647  0.1189  0.5065  1
 24:   0.4430  0.3040  0.1160  0.1370  1
 25:   0.0940  0.0730  0.7020  0.1310  1
 26:   0.1190  0.1330  0.4410  0.3070  1
 27:   0.0939  0.2318  0.5375  0.1369  1
 28:   0.1592  0.2663  0.2302  0.3443  1
 29:   0.1860  0.2230  0.4750  0.1160  1
 30:   0.1780  0.2040  0.5090  0.1090  1
 31:   0.4680  0.2480  0.1190  0.1650  1
 32:   0.2102  0.5125  0.1522  0.1251  1
 33:   0.2342  0.1291  0.3674  0.2693  1
 34:   0.0911  0.2012  0.5015  0.2062  1
 35:   0.5876  0.1932  0.1351  0.0841  1
 36:   0.1542  0.2883  0.1542  0.4034  1
 37:   0.4685  0.2863  0.1802  0.0651  1
 38:   0.1191  0.1742  0.5956  0.1111  1
 39:   0.1110  0.2350  0.1130  0.5410  1
 40:   0.1121  0.2703  0.4955  0.1221  1
 41:   0.1000  0.7010  0.1090  0.0900  1
 42:   0.1858  0.4885  0.1538  0.1718  1
 43:   0.2830  0.0730  0.4380  0.2060  1
 44:   0.4795  0.1862  0.2142  0.1201  1
 45:   0.5800  0.1100  0.2390  0.0710  1
 46:   0.0980  0.2260  0.4340  0.2420  1
 47:   0.3420  0.4700  0.0930  0.0950  1
 48:   0.1820  0.2230  0.5090  0.0860  1
 49:   0.1150  0.2040  0.4470  0.2340  1
 50:   0.0890  0.1010  0.5450  0.2650  1
 51:   0.5030  0.2930  0.0680  0.1360  1
 52:   0.1231  0.1562  0.1171  0.6036  1
 53:   0.3640  0.4210  0.1250  0.0900  1
 54:   0.2340  0.2110  0.3830  0.1720  1
 55:   0.1050  0.1160  0.4000  0.3790  1
 56:   0.1220  0.1420  0.4830  0.2530  1
 57:   0.2560  0.1060  0.5910  0.0470  1
 58:   0.3630  0.1340  0.3980  0.1050  1
 59:   0.1410  0.2250  0.1160  0.5180  1
 60:   0.1910  0.2640  0.4180  0.1270  1
 61:   0.2800  0.4090  0.1460  0.1650  1
 62:   0.0930  0.0680  0.4390  0.4000  1
 63:   0.3770  0.3800  0.1260  0.1170  1
 64:   0.1499  0.2647  0.1409  0.4446  1
 65:   0.1200  0.3290  0.4180  0.1330  1
 66:   0.1190  0.3570  0.0970  0.4270  1
 67:   0.1390  0.3340  0.1040  0.4230  1
 68:   0.1430  0.2350  0.1190  0.5030  1
 69:   0.3740  0.2380  0.0890  0.2990  1
 70:   0.0909  0.2008  0.1389  0.5694  1
 71:   0.2002  0.1612  0.5215  0.1171  1
 72:   0.1139  0.1598  0.2058  0.5205  1
 73:   0.1161  0.0811  0.6707  0.1321  1
 74:   0.4670  0.2120  0.2080  0.1130  1
 75:   0.0780  0.0970  0.5290  0.2960  1
 76:   0.3430  0.0940  0.2190  0.3440  1
 77:   0.4765  0.1079  0.0949  0.3207  1
 78:   0.0700  0.1450  0.5880  0.1970  1
 79:   0.0690  0.0900  0.7080  0.1330  1
 80:   0.0809  0.1369  0.0879  0.6943  1
 81:   0.1230  0.6280  0.1230  0.1260  1
 82:   0.1241  0.1121  0.4304  0.3333  1
 83:   0.0730  0.0760  0.3810  0.4700  1
 84:   0.1131  0.3854  0.3864  0.1151  1
 85:   0.1310  0.6300  0.1270  0.1120  1
 86:   0.3060  0.3560  0.2800  0.0580  1
 87:   0.0819  0.1339  0.1359  0.6484  1
 88:   0.2032  0.1772  0.4765  0.1431  1
 89:   0.3160  0.4720  0.1370  0.0750  1
 90:   0.0820  0.2930  0.5310  0.0940  1
 91:   0.0960  0.7290  0.0890  0.0860  1
 92:   0.3810  0.0750  0.4190  0.1250  1
 93:   0.4840  0.1830  0.2380  0.0950  1
 94:   0.5530  0.2510  0.1200  0.0760  1
 95:   0.1742  0.1872  0.1922  0.4464  1
 96:   0.1040  0.4710  0.0810  0.3440  1
 97:   0.0990  0.1800  0.0790  0.6420  1
 98:   0.1888  0.1998  0.2907  0.3207  1
 99:   0.4440  0.1540  0.1140  0.2880  1
100:   0.1160  0.1380  0.2990  0.4470  1
101:   0.1440  0.2810  0.1230  0.4520  1
102:   0.1680  0.4200  0.1150  0.2970  1
103:   0.1441  0.2593  0.1261  0.4705  1
104:   0.3460  0.1580  0.0830  0.4130  1
105:   0.0610  0.2450  0.4250  0.2690  1
106:   0.0740  0.0750  0.3830  0.4680  1
107:   0.0580  0.1300  0.0980  0.7140  1
108:   0.1702  0.4134  0.1031  0.3133  1
109:   0.2720  0.0730  0.4250  0.2300  1
110:   0.3960  0.3270  0.0850  0.1920  1
111:   0.1079  0.7223  0.1139  0.0559  1
112:   0.0820  0.5470  0.2770  0.0940  1
113:   0.3433  0.3453  0.1061  0.2052  1
114:   0.1400  0.3640  0.3950  0.1010  1
115:   0.0930  0.5620  0.0890  0.2560  1
116:   0.2120  0.3330  0.3670  0.0880  1
117:   0.6190  0.1960  0.1200  0.0650  1
118:   0.0811  0.1251  0.4515  0.3423  1
119:   0.5190  0.1450  0.0830  0.2530  1
120:   0.4436  0.1109  0.1998  0.2458  1
121:   0.4745  0.0931  0.3524  0.0801  1
122:   0.4070  0.1460  0.1530  0.2940  1
123:   0.0759  0.1279  0.3217  0.4745  1
124:   0.3433  0.3323  0.0781  0.2462  1
125:   0.1181  0.1902  0.0951  0.5966  1
126:   0.4680  0.2380  0.1560  0.1380  1
127:   0.5730  0.0570  0.2010  0.1690  1
128:   0.1271  0.1702  0.2082  0.4945  1
129:   0.2957  0.0619  0.5724  0.0699  1
130:   0.0740  0.5070  0.1710  0.2480  1
131:   0.5650  0.0610  0.2270  0.1470  1
132:   0.3330  0.2860  0.1850  0.1960  1
133:   0.5706  0.1602  0.1081  0.1612  1
134:   0.1210  0.3840  0.1320  0.3630  1
135:   0.3073  0.4515  0.1451  0.0961  1
136:   0.0969  0.4755  0.3297  0.0979  1
137:   0.1710  0.2260  0.0680  0.5350  1
138:   0.4120  0.1800  0.0900  0.3180  1
139:   0.1000  0.2180  0.0750  0.6070  1
140:   0.1059  0.2288  0.1099  0.5554  1
141:   0.5025  0.1968  0.0789  0.2218  1
142:   0.1249  0.6144  0.0859  0.1748  1
143:   0.2220  0.1190  0.1820  0.4770  1
144:   0.3190  0.0740  0.5020  0.1050  1
145:   0.2130  0.1560  0.1500  0.4810  1
146:   0.0850  0.1070  0.3730  0.4350  1
147:   0.1371  0.1351  0.1131  0.6146  1
148:   0.1300  0.6070  0.1330  0.1300  1
149:   0.4830  0.1310  0.1200  0.2660  1
150:   0.5930  0.2000  0.0870  0.1200  1
151:   0.1290  0.1590  0.1540  0.5580  1
152:   0.2150  0.2130  0.1580  0.4140  1
153:   0.0520  0.0690  0.7380  0.1410  1
154:   0.2980  0.5610  0.0790  0.0620  1
155:   0.0751  0.0761  0.6827  0.1662  1
156:   0.1481  0.2513  0.1782  0.4224  1
157:   0.4090  0.1160  0.1070  0.3680  1
158:   0.1250  0.1810  0.4950  0.1990  1
159:   0.1040  0.5360  0.1910  0.1690  1
160:   0.1070  0.3500  0.4300  0.1130  1
161:   0.3340  0.0960  0.4510  0.1190  1
162:   0.1610  0.3380  0.3520  0.1490  1
163:   0.1670  0.2450  0.2380  0.3500  1
164:   0.5135  0.2853  0.1181  0.0831  1
165:   0.4134  0.1932  0.2533  0.1401  1
166:   0.1391  0.2833  0.4625  0.1151  1
167:   0.1810  0.1420  0.5070  0.1700  1
168:   0.1279  0.7133  0.0879  0.0709  1
169:   0.1070  0.7050  0.1060  0.0820  1
170:   0.5846  0.1832  0.0871  0.1451  1
171:   0.1210  0.5460  0.2620  0.0710  1
172:   0.5475  0.1892  0.2192  0.0440  1
173:   0.1160  0.5160  0.0980  0.2700  1
174:   0.0960  0.0670  0.1130  0.7240  1
175:   0.4990  0.1140  0.2430  0.1440  1
176:   0.1039  0.1578  0.1758  0.5624  1
177:   0.5230  0.1130  0.2610  0.1030  1
178:   0.2000  0.3090  0.3860  0.1050  1
179:   0.1540  0.5760  0.1260  0.1440  1
180:   0.0920  0.1120  0.3910  0.4050  1
181:   0.1200  0.3360  0.1470  0.3970  1
182:   0.4515  0.1798  0.1848  0.1838  1
183:   0.6266  0.1011  0.0611  0.2112  1
184:   0.2360  0.4240  0.1750  0.1650  1
185:   0.2160  0.2860  0.3390  0.1590  1
186:   0.2100  0.4980  0.1820  0.1100  1
187:   0.0941  0.1291  0.6827  0.0941  1
188:   0.4940  0.2970  0.1110  0.0980  1
189:   0.0780  0.7120  0.0900  0.1200  1
190:   0.2432  0.1331  0.1251  0.4985  1
191:   0.1650  0.2670  0.1790  0.3890  1
192:   0.3680  0.2810  0.2690  0.0820  1
193:   0.1180  0.1080  0.1350  0.6390  1
194:   0.1060  0.0650  0.1440  0.6850  1
195:   0.0899  0.1119  0.5475  0.2507  1
196:   0.5870  0.1150  0.1280  0.1700  1
197:   0.3160  0.0940  0.3390  0.2510  1
198:   0.6156  0.2192  0.0791  0.0861  1
199:   0.3340  0.3370  0.1760  0.1530  1
200:   0.1450  0.6790  0.1100  0.0660  1
201:   0.1130  0.1590  0.5420  0.1860  1
202:   0.4204  0.3754  0.1361  0.0681  1
203:   0.2280  0.2620  0.1900  0.3200  1
204:   0.1399  0.4366  0.3227  0.1009  1
205:   0.1810  0.5000  0.1210  0.1980  1
206:   0.0730  0.0920  0.0880  0.7470  1
207:   0.1290  0.1430  0.0880  0.6400  1
208:   0.1219  0.1259  0.2238  0.5285  1
209:   0.4120  0.0760  0.0800  0.4320  1
210:   0.2503  0.0631  0.1241  0.5626  1
211:   0.0690  0.1150  0.3720  0.4440  1
212:   0.0749  0.3337  0.1429  0.4486  1
213:   0.5300  0.0670  0.1830  0.2200  1
214:   0.1010  0.1140  0.1100  0.6750  1
215:   0.3670  0.1170  0.0740  0.4420  1
216:   0.5030  0.1090  0.3110  0.0770  1
217:   0.1290  0.4370  0.3340  0.1000  1
218:   0.1380  0.3090  0.4310  0.1220  1
219:   0.4200  0.0990  0.2680  0.2130  1
220:   0.1690  0.2050  0.1250  0.5010  1
221:   0.4500  0.1590  0.2990  0.0920  1
222:   0.0730  0.0880  0.1370  0.7020  1
223:   0.4715  0.1612  0.1071  0.2603  1
224:   0.3113  0.1311  0.3343  0.2232  1
225:   0.0790  0.1000  0.4160  0.4050  1
226:   0.5290  0.1710  0.1850  0.1150  1
227:   0.4660  0.2910  0.0980  0.1450  1
228:   0.4020  0.1480  0.2080  0.2420  1
229:   0.0990  0.3250  0.4620  0.1140  1
230:   0.1672  0.2953  0.3774  0.1602  1
231:   0.4690  0.2400  0.1180  0.1730  1
232:   0.1990  0.3070  0.3120  0.1820  1
233:   0.2200  0.0910  0.6100  0.0790  1
234:   0.5906  0.1542  0.0881  0.1672  1
235:   0.5245  0.1269  0.1289  0.2198  1
236:   0.5355  0.0731  0.1832  0.2082  1
237:   0.2833  0.0671  0.0871  0.5626  1
238:   0.4935  0.2813  0.0911  0.1341  1
239:   0.1270  0.6450  0.1110  0.1170  1
240:   0.1460  0.2620  0.4950  0.0970  1
241:   0.5290  0.2370  0.1410  0.0930  1
242:   0.4274  0.2362  0.2462  0.0901  1
243:   0.2990  0.0770  0.0970  0.5270  1
244:   0.4975  0.2833  0.1381  0.0811  1
245:   0.2870  0.0950  0.5420  0.0760  1
246:   0.0850  0.2090  0.6000  0.1060  1
247:   0.1280  0.6800  0.1060  0.0860  1
248:   0.7007  0.1071  0.0470  0.1451  1
249:   0.0890  0.1090  0.4660  0.3360  1
250:   0.1011  0.3253  0.1371  0.4364  1
251:   0.4900  0.1540  0.2520  0.1040  1
252:   0.1130  0.0650  0.3020  0.5200  1
253:   0.3850  0.3230  0.1130  0.1790  1
254:   0.0890  0.1660  0.0990  0.6460  1
255:   0.0860  0.1080  0.4310  0.3750  1
256:   0.5940  0.0910  0.0680  0.2470  1
257:   0.0790  0.1820  0.2040  0.5350  1
258:   0.3830  0.1110  0.0840  0.4220  1
259:   0.1680  0.2210  0.0820  0.5290  1
260:   0.0880  0.1440  0.0880  0.6800  1

  1:   0.2038  0.3157  0.3097  0.1708  1
  2:   0.4440  0.1990  0.2780  0.0790  1
  3:   0.4470  0.1980  0.2760  0.0790  1
  4:   0.3934  0.0721  0.1622  0.3724  1
  5:   0.0819  0.0819  0.4965  0.3397  1
  6:   0.0951  0.6306  0.2082  0.0661  1
  7:   0.6196  0.0761  0.1291  0.1752  1
  8:   0.1140  0.5440  0.2370  0.1050  1
  9:   0.0910  0.2150  0.3340  0.3600  1
 10:   0.1099  0.2917  0.4665  0.1319  1
 11:   0.0910  0.0920  0.4220  0.3950  1
 12:   0.1020  0.7190  0.1100  0.0690  1
 13:   0.0850  0.6050  0.0820  0.2280  1
 14:   0.0920  0.4060  0.3940  0.1080  1
 15:   0.0730  0.0900  0.1170  0.7200  1
 16:   0.1950  0.2970  0.1910  0.3170  1
 17:   0.7190  0.1170  0.1070  0.0570  1
 18:   0.1070  0.5910  0.1570  0.1450  1
 19:   0.1270  0.4330  0.2150  0.2250  1
 20:   0.4780  0.0760  0.1480  0.2980  1
 21:   0.4460  0.1890  0.1430  0.2220  1
 22:   0.4755  0.1918  0.2038  0.1289  1
 23:   0.0991  0.2402  0.1662  0.4945  1
 24:   0.4386  0.2797  0.1678  0.1139  1
 25:   0.1120  0.0820  0.6790  0.1270  1
 26:   0.0899  0.1029  0.5954  0.2118  1
 27:   0.1110  0.2440  0.5000  0.1450  1
 28:   0.1419  0.2218  0.2937  0.3427  1
 29:   0.1320  0.1780  0.5980  0.0920  1
 30:   0.2150  0.3020  0.3510  0.1320  1
 31:   0.4800  0.2210  0.1320  0.1670  1
 32:   0.1632  0.5095  0.2242  0.1031  1
 33:   0.3200  0.1490  0.2070  0.3240  1
 34:   0.0849  0.1838  0.5674  0.1638  1
 35:   0.5726  0.1932  0.1642  0.0701  1
 36:   0.1220  0.2890  0.1550  0.4340  1
 37:   0.3754  0.2392  0.3393  0.0460  1
 38:   0.1241  0.2122  0.5475  0.1161  1
 39:   0.0930  0.1970  0.1370  0.5730  1
 40:   0.1231  0.3834  0.3534  0.1401  1
 41:   0.0780  0.6900  0.1610  0.0710  1
 42:   0.1540  0.4400  0.2700  0.1360  1
 43:   0.3790  0.0840  0.3200  0.2170  1
 44:   0.5400  0.2030  0.1500  0.1070  1
 45:   0.6903  0.1209  0.1239  0.0649  1
 46:   0.1181  0.2703  0.3413  0.2703  1
 47:   0.3377  0.4955  0.0899  0.0769  1
 48:   0.1471  0.2112  0.5706  0.0711  1
 49:   0.0850  0.1640  0.5620  0.1890  1
 50:   0.0670  0.0720  0.6980  0.1630  1
 51:   0.5546  0.2442  0.0671  0.1341  1
 52:   0.1029  0.1289  0.2068  0.5614  1
 53:   0.3800  0.4390  0.0970  0.0840  1
 54:   0.2340  0.2370  0.3680  0.1610  1
 55:   0.1140  0.1330  0.3440  0.4090  1
 56:   0.1090  0.1260  0.5500  0.2150  1
 57:   0.4336  0.1918  0.3237  0.0509  1
 58:   0.4110  0.1430  0.3470  0.0990  1
 59:   0.1130  0.1950  0.1800  0.5120  1
 60:   0.1930  0.2880  0.3860  0.1330  1
 61:   0.2310  0.4240  0.2060  0.1390  1
 62:   0.0940  0.0720  0.3680  0.4660  1
 63:   0.2560  0.3020  0.3570  0.0850  1
 64:   0.1210  0.2300  0.2160  0.4330  1
 65:   0.1430  0.3990  0.2990  0.1590  1
 66:   0.1020  0.3380  0.1310  0.4290  1
 67:   0.0970  0.2190  0.3080  0.3760  1
 68:   0.1290  0.2020  0.1510  0.5180  1
 69:   0.4076  0.1998  0.0909  0.3017  1
 70:   0.0780  0.1620  0.1410  0.6190  1
 71:   0.1200  0.1090  0.6900  0.0810  1
 72:   0.0939  0.1439  0.1778  0.5844  1
 73:   0.1061  0.0791  0.7147  0.1001  1
 74:   0.4466  0.2028  0.2557  0.0949  1
 75:   0.1050  0.1230  0.3610  0.4110  1
 76:   0.3974  0.0761  0.2002  0.3263  1
 77:   0.3750  0.0740  0.3300  0.2210  1
 78:   0.0960  0.2580  0.3590  0.2870  1
 79:   0.1080  0.1470  0.5510  0.1940  1
 80:   0.0670  0.1020  0.0880  0.7430  1
 81:   0.1070  0.6430  0.1420  0.1080  1
 82:   0.1500  0.1210  0.3500  0.3790  1
 83:   0.0849  0.0869  0.2278  0.6004  1
 84:   0.1080  0.4260  0.3680  0.0980  1
 85:   0.1080  0.6170  0.1840  0.0910  1
 86:   0.3240  0.3580  0.2630  0.0550  1
 87:   0.0710  0.1130  0.1130  0.7030  1
 88:   0.2170  0.1940  0.4370  0.1520  1
 89:   0.3130  0.3890  0.2350  0.0630  1
 90:   0.0880  0.4850  0.3160  0.1110  1
 91:   0.0789  0.7512  0.0899  0.0799  1
 92:   0.4690  0.0860  0.3290  0.1160  1
 93:   0.5526  0.2032  0.1562  0.0881  1
 94:   0.5390  0.2660  0.1290  0.0660  1
 95:   0.1430  0.1600  0.2480  0.4490  1
 96:   0.0840  0.4230  0.1320  0.3610  1
 97:   0.0840  0.1690  0.0980  0.6490  1
 98:   0.1590  0.1850  0.3480  0.3080  1
 99:   0.4570  0.1300  0.1220  0.2910  1
100:   0.1280  0.1330  0.2210  0.5180  1
101:   0.1220  0.2390  0.1860  0.4530  1
102:   0.1401  0.3934  0.1491  0.3173  1
103:   0.1250  0.2330  0.1930  0.4490  1
104:   0.3604  0.1431  0.0921  0.4044  1
105:   0.0670  0.3020  0.3560  0.2750  1
106:   0.0840  0.0870  0.2330  0.5960  1
107:   0.0480  0.1120  0.0940  0.7460  1
108:   0.1450  0.3980  0.1180  0.3390  1
109:   0.3510  0.0780  0.3320  0.2390  1
110:   0.4146  0.3077  0.0849  0.1928  1
111:   0.0880  0.7790  0.0860  0.0470  1
112:   0.0790  0.6470  0.1810  0.0930  1
113:   0.3680  0.3020  0.1480  0.1820  1
114:   0.1249  0.4366  0.3477  0.0909  1
115:   0.0901  0.5135  0.1051  0.2913  1
116:   0.1570  0.3040  0.4660  0.0730  1
117:   0.6070  0.2060  0.1300  0.0570  1
118:   0.1010  0.1680  0.3110  0.4200  1
119:   0.5100  0.1180  0.1300  0.2420  1
120:   0.3850  0.0800  0.3330  0.2020  1
121:   0.4925  0.0831  0.3554  0.0691  1
122:   0.4246  0.1508  0.1628  0.2617  1
123:   0.0830  0.1500  0.1830  0.5840  1
124:   0.3750  0.2640  0.1200  0.2410  1
125:   0.0970  0.1560  0.1890  0.5580  1
126:   0.4840  0.2300  0.1560  0.1300  1
127:   0.6793  0.0549  0.1009  0.1648  1
128:   0.1090  0.1780  0.1970  0.5160  1
129:   0.4280  0.0720  0.4260  0.0740  1
130:   0.0730  0.5010  0.1300  0.2960  1
131:   0.6960  0.0580  0.0880  0.1580  1
132:   0.2180  0.2480  0.3960  0.1380  1
133:   0.4366  0.1369  0.3267  0.0999  1
134:   0.1010  0.3680  0.1800  0.3510  1
135:   0.3140  0.4850  0.1160  0.0850  1
136:   0.1010  0.5900  0.2120  0.0970  1
137:   0.1340  0.1820  0.1880  0.4960  1
138:   0.4280  0.1600  0.1120  0.3000  1
139:   0.0840  0.1850  0.1060  0.6250  1
140:   0.0910  0.2140  0.1230  0.5720  1
141:   0.4990  0.1950  0.1260  0.1800  1
142:   0.1040  0.5880  0.1420  0.1660  1
143:   0.0979  0.0719  0.5445  0.2857  1
144:   0.4000  0.0730  0.4250  0.1020  1
145:   0.1880  0.1310  0.2130  0.4680  1
146:   0.0920  0.1120  0.2760  0.5200  1
147:   0.1021  0.1041  0.1692  0.6246  1
148:   0.1059  0.6643  0.1159  0.1139  1
149:   0.5065  0.1151  0.1181  0.2603  1
150:   0.5580  0.1910  0.1540  0.0970  1
151:   0.1061  0.1281  0.2693  0.4965  1
152:   0.1750  0.1990  0.2000  0.4260  1
153:   0.0670  0.0890  0.6820  0.1620  1
154:   0.2990  0.4790  0.1680  0.0540  1
155:   0.0969  0.0999  0.6094  0.1938  1
156:   0.1200  0.1990  0.3090  0.3720  1
157:   0.4196  0.1049  0.1369  0.3387  1
158:   0.1121  0.1632  0.5245  0.2002  1
159:   0.0960  0.5030  0.2310  0.1700  1
160:   0.1010  0.3690  0.4190  0.1110  1
161:   0.3740  0.0980  0.4120  0.1160  1
162:   0.1782  0.4144  0.2472  0.1602  1
163:   0.1371  0.2052  0.2823  0.3754  1
164:   0.5030  0.3070  0.1160  0.0740  1
165:   0.4440  0.2100  0.2210  0.1250  1
166:   0.1230  0.3070  0.4710  0.0990  1
167:   0.1410  0.1180  0.6240  0.1170  1
168:   0.1040  0.7360  0.0970  0.0630  1
169:   0.0889  0.6883  0.1508  0.0719  1
170:   0.5930  0.1910  0.0990  0.1170  1
171:   0.1130  0.6470  0.1750  0.0650  1
172:   0.6410  0.1820  0.1370  0.0400  1
173:   0.1180  0.4430  0.1650  0.2740  1
174:   0.0759  0.0569  0.1299  0.7373  1
175:   0.4810  0.1260  0.2800  0.1130  1
176:   0.0979  0.1439  0.1429  0.6154  1
177:   0.5774  0.1229  0.2038  0.0959  1
178:   0.1810  0.3090  0.4130  0.0970  1
179:   0.1280  0.6180  0.1430  0.1110  1
180:   0.0919  0.1129  0.3387  0.4565  1
181:   0.1000  0.2930  0.2260  0.3810  1
182:   0.4940  0.1570  0.1790  0.1700  1
183:   0.6380  0.0820  0.0840  0.1960  1
184:   0.1650  0.3100  0.4170  0.1080  1
185:   0.2272  0.3153  0.2843  0.1732  1
186:   0.1758  0.5195  0.1948  0.1099  1
187:   0.1030  0.1510  0.6680  0.0780  1
188:   0.5185  0.2893  0.1031  0.0891  1
189:   0.0660  0.6200  0.2080  0.1060  1
190:   0.2740  0.1070  0.1160  0.5030  1
191:   0.1360  0.2200  0.2900  0.3540  1
192:   0.4230  0.3360  0.1690  0.0720  1
193:   0.1010  0.0910  0.1040  0.7040  1
194:   0.0950  0.0550  0.1740  0.6760  1
195:   0.1210  0.1550  0.3910  0.3330  1
