1:    0.336 0.198 0.213 0.253 1    
2:    0.142 0.073 0.430 0.355 1    
3:    0.143 0.073 0.427 0.356 1    
4:    0.088 0.435 0.089 0.388 1    
5:    0.086 0.329 0.515 0.070 1    
6:    0.497 0.067 0.342 0.094 1    
7:    0.086 0.190 0.182 0.543 1    
8:    0.456 0.114 0.310 0.119 1    
9:    0.228 0.411 0.244 0.117 1    
10:   0.248 0.125 0.513 0.114 1    
11:   0.083 0.367 0.463 0.087 1    
12:   0.693 0.078 0.118 0.111 1    
13:   0.626 0.209 0.077 0.089 1    
14:   0.372 0.116 0.414 0.097 1    
15:   0.103 0.694 0.121 0.082 1    
16:   0.305 0.287 0.209 0.198 1    
17:   0.120 0.062 0.142 0.676 1    
18:   0.621 0.146 0.107 0.126 1    
19:   0.463 0.227 0.162 0.148 1    
20:   0.097 0.319 0.111 0.473 1    
21:   0.233 0.240 0.093 0.434 1    
22:   0.199 0.135 0.199 0.467 1    
23:   0.263 0.510 0.116 0.111 1    
24:   0.301 0.135 0.113 0.450 1    
25:   0.072 0.126 0.708 0.093 1    
26:   0.129 0.303 0.452 0.116 1    
27:   0.227 0.135 0.540 0.098 1    
28:   0.265 0.348 0.234 0.153 1    
29:   0.228 0.114 0.475 0.183 1    
30:   0.202 0.112 0.514 0.172 1    
31:   0.249 0.165 0.116 0.470 1    
32:   0.527 0.121 0.152 0.200 1    
33:   0.127 0.264 0.364 0.245 1    
34:   0.200 0.208 0.500 0.092 1    
35:   0.186 0.081 0.139 0.593 1    
36:   0.293 0.405 0.151 0.150 1    
37:   0.288 0.065 0.178 0.470 1    
38:   0.173 0.115 0.594 0.117 1    
39:   0.240 0.543 0.111 0.106 1    
40:   0.271 0.124 0.490 0.115 1    
41:   0.710 0.086 0.107 0.097 1    
42:   0.494 0.172 0.155 0.179 1    
43:   0.073 0.200 0.441 0.286 1    
44:   0.183 0.120 0.217 0.480 1    
45:   0.113 0.071 0.229 0.588 1    
46:   0.223 0.245 0.436 0.096 1    
47:   0.475 0.093 0.091 0.341 1    
48:   0.220 0.085 0.520 0.175 1    
49:   0.207 0.232 0.445 0.116 1    
50:   0.099 0.261 0.554 0.086 1    
51:   0.292 0.132 0.070 0.506 1    
52:   0.155 0.606 0.119 0.119 1    
53:   0.411 0.092 0.124 0.373 1    
54:   0.207 0.169 0.385 0.238 1    
55:   0.119 0.373 0.402 0.106 1    
56:   0.140 0.256 0.484 0.121 1    
57:   0.102 0.047 0.592 0.258 1    
58:   0.136 0.108 0.390 0.366 1    
59:   0.224 0.527 0.115 0.134 1    
60:   0.263 0.128 0.417 0.192 1    
61:   0.425 0.162 0.141 0.272 1    
62:   0.070 0.398 0.443 0.089 1    
63:   0.383 0.119 0.130 0.369 1    
64:   0.266 0.444 0.145 0.145 1    
65:   0.331 0.131 0.411 0.126 1    
66:   0.350 0.434 0.094 0.121 1    
67:   0.332 0.422 0.106 0.140 1    
68:   0.237 0.511 0.117 0.135 1    
69:   0.231 0.296 0.092 0.380 1    
70:   0.202 0.569 0.138 0.091 1    
71:   0.161 0.116 0.519 0.204 1    
72:   0.159 0.520 0.210 0.112 1    
73:   0.084 0.133 0.666 0.117 1    
74:   0.211 0.114 0.206 0.468 1    
75:   0.096 0.297 0.528 0.079 1    
76:   0.092 0.333 0.216 0.358 1    
77:   0.105 0.329 0.095 0.471 1    
78:   0.151 0.193 0.587 0.070 1    
79:   0.092 0.135 0.704 0.069 1    
80:   0.136 0.696 0.089 0.079 1    
81:   0.640 0.124 0.115 0.121 1    
82:   0.111 0.329 0.434 0.127 1    
83:   0.076 0.467 0.383 0.074 1    
84:   0.386 0.113 0.388 0.112 1    
85:   0.639 0.109 0.126 0.126 1    
86:   0.355 0.059 0.274 0.311 1    
87:   0.134 0.650 0.134 0.081 1    
88:   0.173 0.144 0.480 0.203 1    
89:   0.474 0.075 0.135 0.316 1    
90:   0.288 0.092 0.540 0.080 1    
91:   0.733 0.082 0.091 0.094 1    
92:   0.074 0.122 0.414 0.391 1    
93:   0.181 0.097 0.228 0.494 1    
94:   0.250 0.075 0.116 0.559 1    
95:   0.190 0.446 0.198 0.166 1    
96:   0.465 0.345 0.083 0.107 1    
97:   0.177 0.648 0.078 0.097 1    
98:   0.200 0.324 0.287 0.189 1    
99:   0.147 0.301 0.114 0.438 1    
100:  0.133 0.449 0.301 0.117 1    
101:  0.282 0.453 0.120 0.145 1    
102:  0.422 0.302 0.115 0.161 1    
103:  0.262 0.466 0.125 0.146 1    
104:  0.158 0.412 0.082 0.348 1    
105:  0.250 0.266 0.424 0.061 1    
106:  0.075 0.465 0.386 0.074 1    
107:  0.132 0.712 0.097 0.058 1    
108:  0.417 0.317 0.101 0.165 1    
109:  0.072 0.223 0.427 0.278 1    
110:  0.330 0.190 0.082 0.398 1    
111:  0.727 0.057 0.112 0.104 1    
112:  0.542 0.097 0.281 0.080 1    
113:  0.354 0.204 0.103 0.339 1    
114:  0.366 0.098 0.401 0.135 1    
115:  0.558 0.260 0.088 0.094 1    
116:  0.336 0.087 0.370 0.207 1    
117:  0.198 0.067 0.123 0.612 1    
118:  0.127 0.336 0.451 0.085 1    
119:  0.141 0.249 0.084 0.525 1    
120:  0.107 0.249 0.195 0.449 1    
121:  0.094 0.082 0.351 0.474 1    
122:  0.149 0.291 0.154 0.406 1    
123:  0.134 0.471 0.320 0.076 1    
124:  0.333 0.240 0.079 0.348 1    
125:  0.185 0.601 0.098 0.116 1    
126:  0.239 0.139 0.157 0.465 1    
127:  0.057 0.167 0.193 0.583 1    
128:  0.175 0.494 0.207 0.124 1    
129:  0.062 0.070 0.571 0.297 1    
130:  0.506 0.254 0.170 0.070 1    
131:  0.061 0.139 0.214 0.587 1    
132:  0.285 0.196 0.192 0.327 1    
133:  0.166 0.159 0.105 0.570 1    
134:  0.388 0.366 0.133 0.114 1    
135:  0.445 0.096 0.142 0.317 1    
136:  0.469 0.097 0.337 0.098 1    
137:  0.222 0.545 0.068 0.165 1    
138:  0.175 0.317 0.093 0.415 1    
139:  0.212 0.618 0.074 0.096 1    
140:  0.229 0.554 0.112 0.105 1    
141:  0.200 0.224 0.077 0.499 1    
142:  0.622 0.171 0.087 0.119 1    
143:  0.119 0.477 0.185 0.219 1    
144:  0.072 0.103 0.506 0.319 1    
145:  0.155 0.485 0.151 0.208 1    
146:  0.106 0.445 0.367 0.082 1    
147:  0.133 0.618 0.113 0.137 1    
148:  0.614 0.129 0.130 0.127 1    
149:  0.129 0.259 0.127 0.485 1    
150:  0.199 0.116 0.088 0.597 1    
151:  0.154 0.563 0.155 0.128 1    
152:  0.212 0.418 0.160 0.210 1    
153:  0.072 0.139 0.735 0.055 1    
154:  0.567 0.060 0.075 0.298 1    
155:  0.075 0.164 0.690 0.071 1    
156:  0.248 0.422 0.181 0.149 1    
157:  0.116 0.365 0.106 0.412 1    
158:  0.176 0.194 0.506 0.123 1    
159:  0.539 0.173 0.188 0.100 1    
160:  0.344 0.113 0.432 0.111 1    
161:  0.099 0.115 0.448 0.338 1    
162:  0.342 0.147 0.352 0.159 1    
163:  0.242 0.357 0.232 0.169 1    
164:  0.288 0.084 0.117 0.511 1    
165:  0.197 0.139 0.253 0.411 1    
166:  0.284 0.116 0.461 0.139 1    
167:  0.143 0.169 0.514 0.174 1    
168:  0.723 0.069 0.090 0.118 1    
169:  0.716 0.084 0.100 0.100 1    
170:  0.192 0.140 0.087 0.581 1    
171:  0.557 0.070 0.255 0.118 1    
172:  0.183 0.044 0.215 0.558 1    
173:  0.517 0.274 0.099 0.111 1    
174:  0.068 0.722 0.114 0.095 1    
175:  0.116 0.142 0.241 0.500 1    
176:  0.158 0.559 0.178 0.105 1    
177:  0.110 0.106 0.254 0.531 1    
178:  0.307 0.105 0.389 0.198 1    
179:  0.574 0.139 0.129 0.158 1    
180:  0.113 0.402 0.396 0.089 1    
181:  0.338 0.397 0.145 0.120 1    
182:  0.179 0.184 0.189 0.448 1    
183:  0.101 0.212 0.060 0.627 1    
184:  0.423 0.165 0.181 0.231 1    
185:  0.286 0.160 0.343 0.210 1    
186:  0.506 0.111 0.180 0.204 1    
187:  0.126 0.092 0.690 0.093 1    
188:  0.297 0.100 0.109 0.494 1    
189:  0.715 0.121 0.087 0.076 1    
190:  0.130 0.498 0.127 0.244 1    
191:  0.267 0.394 0.178 0.161 1    
192:  0.291 0.081 0.261 0.368 1    
193:  0.111 0.639 0.131 0.118 1    
194:  0.066 0.685 0.143 0.106 1    
195:  0.114 0.249 0.548 0.089 1    
196:  0.113 0.171 0.129 0.587 1    
197:  0.094 0.249 0.331 0.326 1    
198:  0.219 0.084 0.080 0.617 1    
199:  0.338 0.155 0.187 0.319 1    
200:  0.689 0.066 0.110 0.135 1    
201:  0.157 0.177 0.557 0.109 1    
202:  0.369 0.067 0.138 0.426 1    
203:  0.262 0.324 0.190 0.224 1    
204:  0.449 0.099 0.319 0.132 1    
205:  0.501 0.201 0.119 0.179 1    
206:  0.089 0.753 0.089 0.069 1    
207:  0.140 0.650 0.085 0.125 1    
208:  0.127 0.528 0.225 0.120 1    
209:  0.073 0.429 0.079 0.419 1    
210:  0.063 0.558 0.124 0.255 1    
211:  0.116 0.449 0.368 0.067 1    
212:  0.338 0.442 0.144 0.075 1    
213:  0.064 0.221 0.178 0.537 1    
214:  0.115 0.669 0.114 0.102 1    
215:  0.120 0.440 0.076 0.364 1    
216:  0.109 0.077 0.313 0.500 1    
217:  0.435 0.101 0.336 0.128 1    
218:  0.311 0.121 0.428 0.141 1    
219:  0.097 0.211 0.274 0.418 1    
220:  0.205 0.503 0.119 0.173 1    
221:  0.155 0.095 0.296 0.455 1    
222:  0.087 0.700 0.141 0.073 1    
223:  0.156 0.260 0.111 0.474 1    
224:  0.133 0.221 0.334 0.313 1    
225:  0.104 0.411 0.409 0.076 1    
226:  0.169 0.115 0.179 0.537 1    
227:  0.289 0.142 0.098 0.471 1    
228:  0.147 0.241 0.203 0.409 1    
229:  0.320 0.113 0.472 0.096 1    
230:  0.299 0.162 0.369 0.169 1    
231:  0.243 0.169 0.121 0.467 1    
232:  0.300 0.178 0.325 0.197 1    
233:  0.087 0.079 0.610 0.223 1    
234:  0.152 0.169 0.087 0.592 1    
235:  0.122 0.218 0.120 0.540 1    
236:  0.074 0.210 0.185 0.532 1    
237:  0.068 0.555 0.089 0.288 1    
238:  0.278 0.129 0.091 0.502 1    
239:  0.650 0.115 0.112 0.123 1    
240:  0.266 0.096 0.493 0.145 1    
241:  0.236 0.094 0.141 0.529 1    
242:  0.234 0.088 0.246 0.432 1    
243:  0.072 0.532 0.094 0.302 1    
244:  0.274 0.081 0.140 0.505 1    
245:  0.093 0.075 0.541 0.291 1    
246:  0.209 0.105 0.604 0.083 1    
247:  0.680 0.088 0.107 0.125 1    
248:  0.106 0.138 0.046 0.709 1    
249:  0.109 0.333 0.467 0.091 1    
250:  0.334 0.430 0.134 0.101 1    
251:  0.151 0.101 0.250 0.498 1    
252:  0.061 0.522 0.309 0.108 1    
253:  0.326 0.174 0.112 0.388 1    
254:  0.167 0.647 0.099 0.087 1    
255:  0.108 0.374 0.434 0.083 1    
256:  0.088 0.253 0.066 0.593 1    
257:  0.182 0.538 0.201 0.078 1    
258:  0.110 0.429 0.087 0.374 1    
259:  0.213 0.536 0.084 0.167 1    
260:  0.147 0.682 0.087 0.085 1    
                 
                 
1:    0.257 0.336 0.211 0.196 1    
2:    0.354 0.147 0.422 0.077 1    
3:    0.354 0.145 0.426 0.076 1    
4:    0.394 0.087 0.087 0.432 1    
5:    0.073 0.084 0.513 0.329 1    
6:    0.091 0.493 0.351 0.065 1    
7:    0.538 0.087 0.185 0.190 1    
8:    0.118 0.465 0.307 0.110 1    
9:    0.118 0.234 0.243 0.405 1    
10:   0.112 0.255 0.510 0.123 1    
11:   0.088 0.086 0.461 0.365 1    
12:   0.107 0.702 0.114 0.077 1    
13:   0.089 0.621 0.075 0.216 1    
14:   0.098 0.375 0.412 0.115 1    
15:   0.080 0.101 0.123 0.696 1    
16:   0.201 0.305 0.208 0.287 1    
17:   0.674 0.122 0.142 0.062 1    
18:   0.128 0.617 0.108 0.147 1    
19:   0.145 0.473 0.158 0.225 1    
20:   0.474 0.097 0.108 0.321 1    
21:   0.432 0.231 0.093 0.244 1    
22:   0.470 0.196 0.196 0.138 1    
23:   0.112 0.267 0.117 0.504 1    
24:   0.440 0.305 0.117 0.138 1    
25:   0.093 0.074 0.708 0.124 1    
26:   0.119 0.128 0.454 0.299 1    
27:   0.097 0.220 0.545 0.138 1    
28:   0.153 0.266 0.236 0.345 1    
29:   0.179 0.232 0.475 0.114 1    
30:   0.175 0.206 0.508 0.111 1    
31:   0.476 0.244 0.116 0.164 1    
32:   0.212 0.518 0.150 0.120 1    
33:   0.235 0.125 0.367 0.273 1    
34:   0.094 0.202 0.502 0.202 1    
35:   0.595 0.184 0.140 0.081 1    
36:   0.153 0.289 0.153 0.405 1    
37:   0.462 0.294 0.179 0.065 1    
38:   0.118 0.170 0.602 0.110 1    
39:   0.108 0.233 0.110 0.549 1    
40:   0.112 0.275 0.491 0.121 1    
41:   0.096 0.716 0.105 0.083 1    
42:   0.177 0.493 0.158 0.172 1    
43:   0.290 0.072 0.439 0.199 1    
44:   0.483 0.186 0.214 0.117 1    
45:   0.588 0.113 0.232 0.068 1    
46:   0.097 0.219 0.435 0.249 1    
47:   0.337 0.479 0.093 0.091 1    
48:   0.168 0.230 0.518 0.084 1    
49:   0.115 0.201 0.453 0.231 1    
50:   0.087 0.100 0.550 0.264 1    
51:   0.502 0.295 0.068 0.135 1    
52:   0.123 0.157 0.116 0.604 1    
53:   0.366 0.416 0.125 0.093 1    
54:   0.240 0.209 0.383 0.169 1    
55:   0.102 0.115 0.400 0.383 1    
56:   0.115 0.141 0.491 0.253 1    
57:   0.258 0.106 0.589 0.047 1    
58:   0.363 0.139 0.389 0.110 1    
59:   0.143 0.215 0.116 0.525 1    
60:   0.193 0.267 0.416 0.124 1    
61:   0.278 0.423 0.141 0.158 1    
62:   0.090 0.069 0.445 0.396 1    
63:   0.378 0.377 0.126 0.119 1    
64:   0.150 0.262 0.143 0.444 1    
65:   0.123 0.329 0.417 0.131 1    
66:   0.118 0.352 0.095 0.435 1    
67:   0.137 0.329 0.107 0.428 1    
68:   0.142 0.228 0.117 0.513 1    
69:   0.381 0.235 0.091 0.294 1    
70:   0.091 0.196 0.141 0.571 1    
71:   0.198 0.161 0.524 0.118 1    
72:   0.112 0.158 0.206 0.524 1    
73:   0.118 0.081 0.670 0.131 1    
74:   0.473 0.205 0.211 0.111 1    
75:   0.076 0.096 0.533 0.295 1    
76:   0.347 0.091 0.222 0.341 1    
77:   0.480 0.108 0.095 0.317 1    
78:   0.067 0.145 0.590 0.198 1    
79:   0.070 0.089 0.709 0.131 1    
80:   0.081 0.132 0.089 0.698 1    
81:   0.126 0.629 0.119 0.126 1    
82:   0.126 0.110 0.429 0.335 1    
83:   0.075 0.076 0.381 0.468 1    
84:   0.112 0.396 0.381 0.111 1    
85:   0.125 0.641 0.126 0.108 1    
86:   0.307 0.350 0.283 0.060 1    
87:   0.082 0.130 0.134 0.654 1    
88:   0.200 0.176 0.484 0.140 1    
89:   0.315 0.474 0.136 0.075 1    
90:   0.077 0.297 0.531 0.095 1    
91:   0.096 0.732 0.091 0.082 1    
92:   0.386 0.075 0.419 0.121 1    
93:   0.490 0.185 0.230 0.095 1    
94:   0.559 0.248 0.117 0.076 1    
95:   0.175 0.183 0.197 0.445 1    
96:   0.115 0.457 0.083 0.344 1    
97:   0.102 0.177 0.080 0.641 1    
98:   0.194 0.201 0.282 0.323 1    
99:   0.444 0.147 0.112 0.297 1    
100:  0.111 0.131 0.302 0.456 1    
101:  0.145 0.279 0.117 0.459 1    
102:  0.169 0.423 0.116 0.292 1    
103:  0.144 0.268 0.125 0.463 1    
104:  0.348 0.156 0.084 0.411 1    
105:  0.060 0.250 0.421 0.268 1    
106:  0.076 0.078 0.374 0.471 1    
107:  0.060 0.130 0.101 0.709 1    
108:  0.169 0.416 0.103 0.311 1    
109:  0.276 0.072 0.424 0.228 1    
110:  0.404 0.323 0.084 0.189 1    
111:  0.103 0.730 0.111 0.057 1    
112:  0.077 0.552 0.275 0.095 1    
113:  0.347 0.354 0.102 0.198 1    
114:  0.134 0.372 0.396 0.097 1    
115:  0.094 0.555 0.086 0.265 1    
116:  0.209 0.329 0.373 0.089 1    
117:  0.611 0.199 0.123 0.067 1    
118:  0.084 0.126 0.451 0.339 1    
119:  0.526 0.138 0.084 0.252 1    
120:  0.447 0.108 0.197 0.248 1    
121:  0.474 0.092 0.355 0.078 1    
122:  0.411 0.151 0.153 0.285 1    
123:  0.075 0.132 0.317 0.476 1    
124:  0.345 0.332 0.080 0.242 1    
125:  0.117 0.190 0.090 0.603 1    
126:  0.470 0.240 0.158 0.133 1    
127:  0.581 0.057 0.196 0.166 1    
128:  0.125 0.177 0.206 0.492 1    
129:  0.294 0.062 0.573 0.071 1    
130:  0.073 0.500 0.173 0.255 1    
131:  0.580 0.059 0.219 0.142 1    
132:  0.323 0.289 0.194 0.193 1    
133:  0.574 0.155 0.109 0.161 1    
134:  0.113 0.399 0.132 0.356 1    
135:  0.310 0.451 0.144 0.095 1    
136:  0.099 0.469 0.333 0.099 1    
137:  0.166 0.221 0.067 0.546 1    
138:  0.419 0.178 0.090 0.313 1    
139:  0.099 0.208 0.073 0.621 1    
140:  0.107 0.229 0.108 0.555 1    
141:  0.510 0.197 0.076 0.217 1    
142:  0.121 0.618 0.086 0.176 1    
143:  0.220 0.122 0.184 0.474 1    
144:  0.321 0.071 0.505 0.103 1    
145:  0.208 0.160 0.152 0.480 1    
146:  0.083 0.109 0.362 0.446 1    
147:  0.139 0.130 0.113 0.618 1    
148:  0.126 0.618 0.132 0.125 1    
149:  0.486 0.129 0.123 0.261 1    
150:  0.603 0.193 0.088 0.116 1    
151:  0.126 0.157 0.154 0.563 1    
152:  0.214 0.212 0.163 0.412 1    
153:  0.053 0.071 0.733 0.143 1    
154:  0.299 0.560 0.078 0.063 1    
155:  0.074 0.074 0.684 0.168 1    
156:  0.155 0.245 0.183 0.417 1    
157:  0.416 0.122 0.106 0.356 1    
158:  0.125 0.181 0.498 0.196 1    
159:  0.100 0.541 0.190 0.169 1    
160:  0.106 0.355 0.426 0.113 1    
161:  0.335 0.094 0.454 0.117 1    
162:  0.167 0.337 0.350 0.146 1    
163:  0.164 0.242 0.236 0.359 1    
164:  0.510 0.290 0.118 0.082 1    
165:  0.412 0.193 0.255 0.141 1    
166:  0.135 0.297 0.458 0.111 1    
167:  0.181 0.142 0.507 0.169 1    
168:  0.121 0.722 0.087 0.070 1    
169:  0.098 0.720 0.100 0.082 1    
170:  0.592 0.187 0.086 0.136 1    
171:  0.112 0.557 0.259 0.071 1    
172:  0.554 0.184 0.217 0.045 1    
173:  0.110 0.517 0.095 0.278 1    
174:  0.094 0.069 0.114 0.723 1    
175:  0.502 0.118 0.241 0.139 1    
176:  0.106 0.156 0.175 0.563 1    
177:  0.526 0.111 0.258 0.104 1    
178:  0.200 0.310 0.389 0.101 1    
179:  0.152 0.584 0.125 0.139 1    
180:  0.093 0.108 0.392 0.406 1    
181:  0.121 0.343 0.143 0.393 1    
182:  0.452 0.175 0.189 0.184 1    
183:  0.631 0.100 0.061 0.209 1    
184:  0.240 0.417 0.179 0.165 1    
185:  0.216 0.285 0.339 0.160 1    
186:  0.202 0.501 0.185 0.112 1    
187:  0.090 0.122 0.698 0.090 1    
188:  0.503 0.291 0.108 0.098 1    
189:  0.075 0.713 0.089 0.123 1    
190:  0.247 0.132 0.126 0.494 1    
191:  0.162 0.266 0.178 0.393 1    
192:  0.363 0.293 0.264 0.080 1    
193:  0.123 0.107 0.131 0.638 1    
194:  0.108 0.066 0.144 0.683 1    
195:  0.089 0.113 0.543 0.255 1    
196:  0.586 0.113 0.133 0.169 1    
197:  0.320 0.094 0.331 0.255 1    
198:  0.617 0.215 0.082 0.086 1    
199:  0.324 0.344 0.178 0.154 1    
200:  0.134 0.691 0.110 0.066 1    
201:  0.116 0.156 0.547 0.181 1    
202:  0.425 0.371 0.137 0.067 1    
203:  0.234 0.267 0.183 0.316 1    
204:  0.133 0.449 0.318 0.100 1    
205:  0.182 0.498 0.121 0.199 1    
206:  0.070 0.089 0.087 0.754 1    
207:  0.128 0.139 0.083 0.650 1    
208:  0.120 0.130 0.220 0.529 1    
209:  0.420 0.074 0.084 0.422 1    
210:  0.256 0.062 0.126 0.556 1    
211:  0.065 0.116 0.371 0.448 1    
212:  0.073 0.333 0.143 0.450 1    
213:  0.533 0.068 0.180 0.220 1    
214:  0.103 0.115 0.107 0.675 1    
215:  0.369 0.122 0.075 0.434 1    
216:  0.500 0.110 0.315 0.075 1    
217:  0.127 0.431 0.338 0.104 1    
218:  0.140 0.309 0.430 0.121 1    
219:  0.421 0.095 0.275 0.209 1    
220:  0.168 0.210 0.123 0.498 1    
221:  0.448 0.156 0.305 0.091 1    
222:  0.073 0.086 0.144 0.697 1    
223:  0.482 0.153 0.106 0.259 1    
224:  0.310 0.128 0.340 0.222 1    
225:  0.077 0.102 0.410 0.411 1    
226:  0.535 0.168 0.183 0.114 1    
227:  0.474 0.290 0.095 0.141 1    
228:  0.407 0.141 0.209 0.243 1    
229:  0.095 0.314 0.478 0.113 1    
230:  0.164 0.304 0.377 0.156 1    
231:  0.462 0.245 0.120 0.173 1    
232:  0.192 0.305 0.324 0.180 1    
233:  0.222 0.089 0.611 0.079 1    
234:  0.594 0.151 0.086 0.169 1    
235:  0.532 0.126 0.122 0.219 1    
236:  0.540 0.072 0.184 0.204 1    
237:  0.289 0.068 0.088 0.555 1    
238:  0.494 0.284 0.091 0.130 1    
239:  0.129 0.643 0.113 0.115 1    
240:  0.139 0.270 0.498 0.092 1    
241:  0.532 0.237 0.136 0.095 1    
242:  0.421 0.241 0.250 0.088 1    
243:  0.306 0.076 0.095 0.524 1    
244:  0.495 0.282 0.141 0.081 1    
245:  0.287 0.092 0.544 0.077 1    
246:  0.084 0.210 0.602 0.104 1    
247:  0.125 0.678 0.111 0.086 1    
248:  0.710 0.105 0.047 0.138 1    
249:  0.092 0.110 0.460 0.338 1    
250:  0.100 0.325 0.135 0.440 1    
251:  0.500 0.154 0.247 0.099 1    
252:  0.110 0.063 0.301 0.526 1    
253:  0.393 0.321 0.110 0.177 1    
254:  0.086 0.163 0.099 0.651 1    
255:  0.084 0.106 0.438 0.372 1    
256:  0.594 0.087 0.068 0.251 1    
257:  0.078 0.186 0.204 0.532 1    
258:  0.380 0.110 0.088 0.422 1    
259:  0.168 0.213 0.080 0.539 1    
260:  0.088 0.144 0.087 0.681 1    
                 
                 
1:    0.211 0.334 0.259 0.195 1    
2:    0.426 0.144 0.355 0.075 1    
3:    0.421 0.147 0.355 0.076 1    
4:    0.085 0.089 0.384 0.443 1    
5:    0.517 0.083 0.073 0.327 1    
6:    0.347 0.494 0.094 0.066 1    
7:    0.186 0.086 0.540 0.188 1    
8:    0.316 0.446 0.119 0.119 1    
9:    0.243 0.226 0.117 0.414 1    
10:   0.516 0.242 0.117 0.125 1    
11:   0.462 0.083 0.090 0.366 1    
12:   0.123 0.686 0.111 0.080 1    
13:   0.074 0.625 0.089 0.212 1    
14:   0.412 0.364 0.105 0.119 1    
15:   0.120 0.103 0.085 0.691 1    
16:   0.210 0.304 0.203 0.284 1    
17:   0.146 0.127 0.666 0.061 1    
18:   0.107 0.611 0.129 0.152 1    
19:   0.160 0.462 0.150 0.228 1    
20:   0.110 0.099 0.472 0.318 1    
21:   0.092 0.239 0.424 0.245 1    
22:   0.192 0.193 0.472 0.143 1    
23:   0.119 0.265 0.110 0.507 1    
24:   0.116 0.304 0.443 0.137 1    
25:   0.702 0.073 0.094 0.131 1    
26:   0.441 0.133 0.119 0.307 1    
27:   0.538 0.232 0.094 0.137 1    
28:   0.230 0.266 0.159 0.344 1    
29:   0.475 0.223 0.186 0.116 1    
30:   0.509 0.204 0.178 0.109 1    
31:   0.119 0.248 0.468 0.165 1    
32:   0.152 0.512 0.210 0.125 1    
33:   0.367 0.129 0.234 0.269 1    
34:   0.501 0.201 0.091 0.206 1    
35:   0.135 0.193 0.587 0.084 1    
36:   0.154 0.288 0.154 0.403 1    
37:   0.180 0.286 0.468 0.065 1    
38:   0.595 0.174 0.119 0.111 1    
39:   0.113 0.235 0.111 0.541 1    
40:   0.495 0.270 0.112 0.122 1    
41:   0.109 0.701 0.100 0.090 1    
42:   0.154 0.489 0.186 0.172 1    
43:   0.438 0.073 0.283 0.206 1    
44:   0.214 0.186 0.479 0.120 1    
45:   0.239 0.110 0.580 0.071 1    
46:   0.434 0.226 0.098 0.242 1    
47:   0.093 0.470 0.342 0.095 1    
48:   0.509 0.223 0.182 0.086 1    
49:   0.447 0.204 0.115 0.234 1    
50:   0.545 0.101 0.089 0.265 1    
51:   0.068 0.293 0.503 0.136 1    
52:   0.117 0.156 0.123 0.603 1    
53:   0.125 0.421 0.364 0.090 1    
54:   0.383 0.211 0.234 0.172 1    
55:   0.400 0.116 0.105 0.379 1    
56:   0.483 0.142 0.122 0.253 1    
57:   0.591 0.106 0.256 0.047 1    
58:   0.398 0.134 0.363 0.105 1    
59:   0.116 0.225 0.141 0.518 1    
60:   0.418 0.264 0.191 0.127 1    
61:   0.146 0.409 0.280 0.165 1    
62:   0.439 0.068 0.093 0.400 1    
63:   0.126 0.380 0.377 0.117 1    
64:   0.141 0.265 0.150 0.445 1    
65:   0.418 0.329 0.120 0.133 1    
66:   0.097 0.357 0.119 0.427 1    
67:   0.104 0.334 0.139 0.423 1    
68:   0.119 0.235 0.143 0.503 1    
69:   0.089 0.238 0.374 0.299 1    
70:   0.139 0.201 0.091 0.570 1    
71:   0.521 0.161 0.200 0.117 1    
72:   0.206 0.160 0.114 0.521 1    
73:   0.670 0.081 0.116 0.132 1    
74:   0.208 0.212 0.467 0.113 1    
75:   0.529 0.097 0.078 0.296 1    
76:   0.219 0.094 0.343 0.344 1    
77:   0.095 0.108 0.477 0.321 1    
78:   0.588 0.145 0.070 0.197 1    
79:   0.708 0.090 0.069 0.133 1    
80:   0.088 0.137 0.081 0.695 1    
81:   0.123 0.628 0.123 0.126 1    
82:   0.430 0.112 0.124 0.333 1    
83:   0.381 0.076 0.073 0.470 1    
84:   0.386 0.385 0.113 0.115 1    
85:   0.127 0.630 0.131 0.112 1    
86:   0.280 0.356 0.306 0.058 1    
87:   0.136 0.134 0.082 0.649 1    
88:   0.476 0.177 0.203 0.143 1    
89:   0.137 0.472 0.316 0.075 1    
90:   0.531 0.293 0.082 0.094 1    
91:   0.089 0.729 0.096 0.086 1    
92:   0.419 0.075 0.381 0.125 1    
93:   0.238 0.183 0.484 0.095 1    
94:   0.120 0.251 0.553 0.076 1    
95:   0.192 0.187 0.174 0.446 1    
96:   0.081 0.471 0.104 0.344 1    
97:   0.079 0.180 0.099 0.642 1    
98:   0.291 0.200 0.189 0.321 1    
99:   0.114 0.154 0.444 0.288 1    
100:  0.299 0.138 0.116 0.447 1    
101:  0.123 0.281 0.144 0.452 1    
102:  0.115 0.420 0.168 0.297 1    
103:  0.126 0.259 0.144 0.470 1    
104:  0.083 0.158 0.346 0.413 1    
105:  0.425 0.245 0.061 0.269 1    
106:  0.383 0.075 0.074 0.468 1    
107:  0.098 0.130 0.058 0.714 1    
108:  0.103 0.413 0.170 0.313 1    
109:  0.425 0.073 0.272 0.230 1    
110:  0.085 0.327 0.396 0.192 1    
111:  0.114 0.723 0.108 0.056 1    
112:  0.277 0.547 0.082 0.094 1    
113:  0.106 0.345 0.343 0.205 1    
114:  0.395 0.364 0.140 0.101 1    
115:  0.089 0.562 0.093 0.256 1    
116:  0.367 0.333 0.212 0.088 1    
117:  0.120 0.196 0.619 0.065 1    
118:  0.451 0.125 0.081 0.342 1    
119:  0.083 0.145 0.519 0.253 1    
120:  0.200 0.111 0.444 0.246 1    
121:  0.352 0.093 0.474 0.080 1    
122:  0.153 0.146 0.407 0.294 1    
123:  0.322 0.128 0.076 0.475 1    
124:  0.078 0.332 0.343 0.246 1    
125:  0.095 0.190 0.118 0.596 1    
126:  0.156 0.238 0.468 0.138 1    
127:  0.201 0.057 0.573 0.169 1    
128:  0.208 0.170 0.127 0.494 1    
129:  0.573 0.062 0.296 0.070 1    
130:  0.171 0.507 0.074 0.248 1    
131:  0.227 0.061 0.565 0.147 1    
132:  0.185 0.286 0.333 0.196 1    
133:  0.108 0.160 0.570 0.161 1    
134:  0.132 0.384 0.121 0.363 1    
135:  0.145 0.451 0.307 0.096 1    
136:  0.330 0.476 0.097 0.098 1    
137:  0.068 0.226 0.171 0.535 1    
138:  0.090 0.180 0.412 0.318 1    
139:  0.075 0.218 0.100 0.607 1    
140:  0.110 0.229 0.106 0.556 1    
141:  0.079 0.197 0.503 0.222 1    
142:  0.086 0.615 0.125 0.175 1    
143:  0.182 0.119 0.222 0.477 1    
144:  0.502 0.074 0.319 0.105 1    
145:  0.150 0.156 0.213 0.481 1    
146:  0.373 0.107 0.085 0.435 1    
147:  0.113 0.135 0.137 0.614 1    
148:  0.133 0.607 0.130 0.130 1    
149:  0.120 0.131 0.483 0.266 1    
150:  0.087 0.200 0.593 0.120 1    
151:  0.154 0.159 0.129 0.558 1    
152:  0.158 0.213 0.215 0.414 1    
153:  0.738 0.069 0.052 0.141 1    
154:  0.079 0.561 0.298 0.062 1    
155:  0.682 0.076 0.075 0.166 1    
156:  0.178 0.251 0.148 0.422 1    
157:  0.107 0.116 0.409 0.368 1    
158:  0.495 0.181 0.125 0.199 1    
159:  0.191 0.536 0.104 0.169 1    
160:  0.430 0.350 0.107 0.113 1    
161:  0.451 0.096 0.334 0.119 1    
162:  0.352 0.338 0.161 0.149 1    
163:  0.238 0.245 0.167 0.350 1    
164:  0.118 0.285 0.513 0.083 1    
165:  0.253 0.193 0.413 0.140 1    
166:  0.462 0.283 0.139 0.115 1    
167:  0.507 0.142 0.181 0.170 1    
168:  0.088 0.714 0.128 0.071 1    
169:  0.106 0.705 0.107 0.082 1    
170:  0.087 0.183 0.584 0.145 1    
171:  0.262 0.546 0.121 0.071 1    
172:  0.219 0.189 0.547 0.044 1    
173:  0.098 0.516 0.116 0.270 1    
174:  0.113 0.067 0.096 0.724 1    
175:  0.243 0.114 0.499 0.144 1    
176:  0.176 0.158 0.104 0.563 1    
177:  0.261 0.113 0.523 0.103 1    
178:  0.386 0.309 0.200 0.105 1    
179:  0.126 0.576 0.154 0.144 1    
180:  0.391 0.112 0.092 0.405 1    
181:  0.147 0.336 0.120 0.397 1    
182:  0.185 0.180 0.452 0.184 1    
183:  0.061 0.101 0.626 0.211 1    
184:  0.175 0.424 0.236 0.165 1    
185:  0.339 0.286 0.216 0.159 1    
186:  0.182 0.498 0.210 0.110 1    
187:  0.682 0.129 0.094 0.094 1    
188:  0.111 0.297 0.494 0.098 1    
189:  0.090 0.712 0.078 0.120 1    
190:  0.125 0.133 0.243 0.498 1    
191:  0.179 0.267 0.165 0.389 1    
192:  0.269 0.281 0.368 0.082 1    
193:  0.135 0.108 0.118 0.639 1    
194:  0.144 0.065 0.106 0.685 1    
195:  0.548 0.112 0.090 0.251 1    
196:  0.128 0.115 0.587 0.170 1    
197:  0.339 0.094 0.316 0.251 1    
198:  0.079 0.219 0.615 0.086 1    
199:  0.176 0.337 0.334 0.153 1    
200:  0.110 0.679 0.145 0.066 1    
201:  0.542 0.159 0.113 0.186 1    
202:  0.136 0.375 0.420 0.068 1    
203:  0.190 0.262 0.228 0.320 1    
204:  0.323 0.437 0.140 0.101 1    
205:  0.121 0.500 0.181 0.198 1    
206:  0.088 0.092 0.073 0.747 1    
207:  0.088 0.143 0.129 0.640 1    
208:  0.224 0.126 0.122 0.529 1    
209:  0.080 0.076 0.412 0.432 1    
210:  0.124 0.063 0.250 0.562 1    
211:  0.372 0.115 0.069 0.444 1    
212:  0.143 0.334 0.075 0.449 1    
213:  0.183 0.067 0.530 0.220 1    
214:  0.110 0.114 0.101 0.675 1    
215:  0.074 0.117 0.367 0.442 1    
216:  0.311 0.109 0.503 0.077 1    
217:  0.334 0.437 0.129 0.100 1    
218:  0.431 0.309 0.138 0.122 1    
219:  0.268 0.099 0.420 0.213 1    
220:  0.125 0.205 0.169 0.501 1    
221:  0.299 0.159 0.450 0.092 1    
222:  0.137 0.088 0.073 0.702 1    
223:  0.107 0.161 0.471 0.260 1    
224:  0.334 0.131 0.311 0.223 1    
225:  0.416 0.100 0.079 0.405 1    
226:  0.185 0.171 0.529 0.115 1    
227:  0.098 0.291 0.466 0.145 1    
228:  0.208 0.148 0.402 0.242 1    
229:  0.462 0.325 0.099 0.114 1    
230:  0.377 0.295 0.167 0.160 1    
231:  0.118 0.240 0.469 0.173 1    
232:  0.312 0.307 0.199 0.182 1    
233:  0.610 0.091 0.220 0.079 1    
234:  0.088 0.154 0.590 0.167 1    
235:  0.129 0.127 0.525 0.220 1    
236:  0.183 0.073 0.535 0.208 1    
237:  0.087 0.067 0.283 0.562 1    
238:  0.091 0.281 0.493 0.134 1    
239:  0.111 0.645 0.127 0.117 1    
240:  0.495 0.262 0.146 0.097 1    
241:  0.141 0.237 0.529 0.093 1    
242:  0.246 0.236 0.427 0.090 1    
243:  0.097 0.077 0.299 0.527 1    
244:  0.138 0.283 0.497 0.081 1    
245:  0.542 0.095 0.287 0.076 1    
246:  0.600 0.209 0.085 0.106 1    
247:  0.106 0.680 0.128 0.086 1    
248:  0.047 0.107 0.700 0.145 1    
249:  0.466 0.109 0.089 0.336 1    
250:  0.137 0.325 0.101 0.436 1    
251:  0.252 0.154 0.490 0.104 1    
252:  0.302 0.065 0.113 0.520 1    
253:  0.113 0.323 0.385 0.179 1    
254:  0.099 0.166 0.089 0.646 1    
255:  0.431 0.108 0.086 0.375 1    
256:  0.068 0.091 0.594 0.247 1    
257:  0.204 0.182 0.079 0.535 1    
258:  0.084 0.111 0.383 0.422 1    
259:  0.082 0.221 0.168 0.529 1    
260:  0.088 0.144 0.088 0.680 1    
                 
                 
1:    0.204 0.310 0.316 0.171 1    
2:    0.444 0.278 0.199 0.079 1    
3:    0.447 0.276 0.198 0.079 1    
4:    0.393 0.162 0.072 0.372 1    
5:    0.082 0.497 0.082 0.340 1    
6:    0.095 0.208 0.630 0.066 1    
7:    0.619 0.129 0.076 0.175 1    
8:    0.114 0.237 0.544 0.105 1    
9:    0.091 0.334 0.215 0.360 1    
10:   0.110 0.467 0.292 0.132 1    
11:   0.091 0.422 0.092 0.395 1    
12:   0.102 0.110 0.719 0.069 1    
13:   0.085 0.082 0.605 0.228 1    
14:   0.092 0.394 0.406 0.108 1    
15:   0.073 0.117 0.090 0.720 1    
16:   0.195 0.191 0.297 0.317 1    
17:   0.719 0.107 0.117 0.057 1    
18:   0.107 0.157 0.591 0.145 1    
19:   0.127 0.215 0.433 0.225 1    
20:   0.478 0.148 0.076 0.298 1    
21:   0.446 0.143 0.189 0.222 1    
22:   0.476 0.204 0.192 0.129 1    
23:   0.099 0.166 0.240 0.494 1    
24:   0.439 0.168 0.280 0.114 1    
25:   0.112 0.679 0.082 0.127 1    
26:   0.090 0.596 0.103 0.212 1    
27:   0.111 0.500 0.244 0.145 1    
28:   0.142 0.294 0.222 0.343 1    
29:   0.132 0.598 0.178 0.092 1    
30:   0.215 0.351 0.302 0.132 1    
31:   0.480 0.132 0.221 0.167 1    
32:   0.163 0.224 0.509 0.103 1    
33:   0.320 0.207 0.149 0.324 1    
34:   0.085 0.568 0.184 0.164 1    
35:   0.572 0.164 0.193 0.070 1    
36:   0.122 0.155 0.289 0.434 1    
37:   0.375 0.339 0.239 0.046 1    
38:   0.124 0.547 0.212 0.116 1    
39:   0.093 0.137 0.197 0.573 1    
40:   0.123 0.353 0.383 0.140 1    
41:   0.078 0.161 0.690 0.071 1    
42:   0.154 0.270 0.440 0.136 1    
43:   0.379 0.320 0.084 0.217 1    
44:   0.540 0.150 0.203 0.107 1    
45:   0.691 0.124 0.121 0.065 1    
46:   0.118 0.341 0.270 0.270 1    
47:   0.338 0.090 0.496 0.077 1    
48:   0.147 0.570 0.211 0.071 1    
49:   0.085 0.562 0.164 0.189 1    
50:   0.067 0.698 0.072 0.163 1    
51:   0.554 0.067 0.244 0.134 1    
52:   0.103 0.207 0.129 0.562 1    
53:   0.380 0.097 0.439 0.084 1    
54:   0.234 0.368 0.237 0.161 1    
55:   0.114 0.344 0.133 0.409 1    
56:   0.109 0.550 0.126 0.215 1    
57:   0.434 0.324 0.192 0.051 1    
58:   0.411 0.347 0.143 0.099 1    
59:   0.113 0.180 0.195 0.512 1    
60:   0.193 0.386 0.288 0.133 1    
61:   0.231 0.206 0.424 0.139 1    
62:   0.094 0.368 0.072 0.466 1    
63:   0.256 0.357 0.302 0.085 1    
64:   0.121 0.216 0.230 0.433 1    
65:   0.143 0.299 0.399 0.159 1    
66:   0.102 0.131 0.338 0.429 1    
67:   0.097 0.308 0.219 0.376 1    
68:   0.129 0.151 0.202 0.518 1    
69:   0.408 0.091 0.200 0.302 1    
70:   0.078 0.141 0.162 0.619 1    
71:   0.120 0.690 0.109 0.081 1    
72:   0.094 0.178 0.144 0.585 1    
73:   0.106 0.714 0.079 0.100 1    
74:   0.447 0.256 0.203 0.095 1    
75:   0.105 0.361 0.123 0.411 1    
76:   0.397 0.200 0.076 0.326 1    
77:   0.375 0.330 0.074 0.221 1    
78:   0.096 0.359 0.258 0.287 1    
79:   0.108 0.551 0.147 0.194 1    
80:   0.067 0.088 0.102 0.743 1    
81:   0.107 0.142 0.643 0.108 1    
82:   0.150 0.350 0.121 0.379 1    
83:   0.085 0.228 0.087 0.601 1    
84:   0.108 0.368 0.426 0.098 1    
85:   0.108 0.184 0.617 0.091 1    
86:   0.324 0.263 0.358 0.055 1    
87:   0.071 0.113 0.113 0.703 1    
88:   0.217 0.437 0.194 0.152 1    
89:   0.313 0.235 0.389 0.063 1    
90:   0.088 0.316 0.485 0.111 1    
91:   0.079 0.090 0.752 0.080 1    
92:   0.469 0.329 0.086 0.116 1    
93:   0.552 0.156 0.203 0.088 1    
94:   0.539 0.129 0.266 0.066 1    
95:   0.143 0.248 0.160 0.449 1    
96:   0.084 0.132 0.423 0.361 1    
97:   0.084 0.098 0.169 0.649 1    
98:   0.159 0.348 0.185 0.308 1    
99:   0.457 0.122 0.130 0.291 1    
100:  0.128 0.221 0.133 0.518 1    
101:  0.122 0.186 0.239 0.453 1    
102:  0.140 0.149 0.393 0.317 1    
103:  0.125 0.193 0.233 0.449 1    
104:  0.360 0.092 0.143 0.404 1    
105:  0.067 0.356 0.302 0.275 1    
106:  0.084 0.233 0.087 0.596 1    
107:  0.048 0.094 0.112 0.746 1    
108:  0.145 0.118 0.398 0.339 1    
109:  0.351 0.332 0.078 0.239 1    
110:  0.415 0.085 0.308 0.193 1    
111:  0.088 0.086 0.779 0.047 1    
112:  0.079 0.181 0.647 0.093 1    
113:  0.368 0.148 0.302 0.182 1    
114:  0.125 0.348 0.437 0.091 1    
115:  0.090 0.105 0.513 0.291 1    
116:  0.157 0.466 0.304 0.073 1    
117:  0.607 0.130 0.206 0.057 1    
118:  0.101 0.311 0.168 0.420 1    
119:  0.510 0.130 0.118 0.242 1    
120:  0.385 0.333 0.080 0.202 1    
121:  0.492 0.355 0.083 0.069 1    
122:  0.425 0.163 0.151 0.262 1    
123:  0.083 0.183 0.150 0.584 1    
124:  0.375 0.120 0.264 0.241 1    
125:  0.097 0.189 0.156 0.558 1    
126:  0.484 0.156 0.230 0.130 1    
127:  0.680 0.101 0.055 0.165 1    
128:  0.109 0.197 0.178 0.516 1    
129:  0.428 0.426 0.072 0.074 1    
130:  0.073 0.130 0.501 0.296 1    
131:  0.696 0.088 0.058 0.158 1    
132:  0.218 0.396 0.248 0.138 1    
133:  0.437 0.327 0.137 0.100 1    
134:  0.101 0.180 0.368 0.351 1    
135:  0.314 0.116 0.485 0.085 1    
136:  0.101 0.212 0.590 0.097 1    
137:  0.134 0.188 0.182 0.496 1    
138:  0.428 0.112 0.160 0.300 1    
139:  0.084 0.106 0.185 0.625 1    
140:  0.091 0.123 0.214 0.572 1    
141:  0.499 0.126 0.195 0.180 1    
142:  0.104 0.142 0.588 0.166 1    
143:  0.098 0.545 0.072 0.286 1    
144:  0.400 0.425 0.073 0.102 1    
145:  0.188 0.213 0.131 0.468 1    
146:  0.092 0.276 0.112 0.520 1    
147:  0.102 0.169 0.104 0.624 1    
148:  0.106 0.116 0.665 0.114 1    
149:  0.506 0.118 0.115 0.260 1    
150:  0.558 0.154 0.191 0.097 1    
151:  0.106 0.269 0.128 0.496 1    
152:  0.175 0.200 0.199 0.426 1    
153:  0.067 0.682 0.089 0.162 1    
154:  0.299 0.168 0.479 0.054 1    
155:  0.097 0.610 0.100 0.194 1    
156:  0.120 0.309 0.199 0.372 1    
157:  0.420 0.137 0.105 0.339 1    
158:  0.112 0.524 0.163 0.200 1    
159:  0.096 0.231 0.503 0.170 1    
160:  0.101 0.419 0.369 0.111 1    
161:  0.374 0.412 0.098 0.116 1    
162:  0.178 0.247 0.414 0.160 1    
163:  0.137 0.282 0.205 0.375 1    
164:  0.503 0.116 0.307 0.074 1    
165:  0.444 0.221 0.210 0.125 1    
166:  0.123 0.471 0.307 0.099 1    
167:  0.141 0.624 0.118 0.117 1    
168:  0.104 0.097 0.736 0.063 1    
169:  0.089 0.151 0.689 0.072 1    
170:  0.593 0.099 0.191 0.117 1    
171:  0.113 0.175 0.647 0.065 1    
172:  0.641 0.137 0.182 0.040 1    
173:  0.118 0.165 0.443 0.274 1    
174:  0.076 0.130 0.057 0.738 1    
175:  0.481 0.280 0.126 0.113 1    
176:  0.098 0.143 0.144 0.616 1    
177:  0.578 0.204 0.123 0.096 1    
178:  0.181 0.413 0.309 0.097 1    
179:  0.128 0.143 0.618 0.111 1    
180:  0.092 0.339 0.113 0.457 1    
181:  0.100 0.226 0.293 0.381 1    
182:  0.494 0.179 0.157 0.170 1    
183:  0.638 0.084 0.082 0.196 1    
184:  0.165 0.417 0.310 0.108 1    
185:  0.227 0.284 0.315 0.173 1    
186:  0.176 0.195 0.520 0.110 1    
187:  0.103 0.668 0.151 0.078 1    
188:  0.518 0.103 0.289 0.089 1    
189:  0.066 0.208 0.620 0.106 1    
190:  0.274 0.116 0.107 0.503 1    
191:  0.136 0.290 0.220 0.354 1    
192:  0.423 0.169 0.336 0.072 1    
193:  0.101 0.104 0.091 0.704 1    
194:  0.095 0.174 0.055 0.676 1    
195:  0.121 0.391 0.155 0.333 1    
196:  0.599 0.127 0.104 0.170 1    
197:  0.409 0.204 0.097 0.290 1    
198:  0.596 0.123 0.210 0.071 1    
199:  0.257 0.315 0.314 0.114 1    
200:  0.115 0.129 0.701 0.055 1    
201:  0.116 0.549 0.170 0.165 1    
202:  0.419 0.192 0.336 0.054 1    
203:  0.215 0.251 0.227 0.307 1    
204:  0.127 0.290 0.483 0.100 1    
205:  0.150 0.126 0.530 0.194 1    
206:  0.064 0.077 0.075 0.784 1    
207:  0.110 0.107 0.132 0.651 1    
208:  0.109 0.220 0.114 0.556 1    
209:  0.417 0.110 0.063 0.410 1    
210:  0.260 0.098 0.054 0.588 1    
211:  0.070 0.257 0.130 0.543 1    
212:  0.079 0.109 0.301 0.511 1    
213:  0.608 0.122 0.060 0.211 1    
214:  0.081 0.168 0.084 0.666 1    
215:  0.355 0.126 0.107 0.412 1    
216:  0.517 0.297 0.124 0.063 1    
217:  0.128 0.329 0.448 0.096 1    
218:  0.123 0.479 0.285 0.114 1    
219:  0.445 0.289 0.079 0.186 1    
220:  0.132 0.211 0.191 0.466 1    
221:  0.471 0.297 0.151 0.081 1    
222:  0.061 0.100 0.073 0.767 1    
223:  0.493 0.109 0.136 0.262 1    
224:  0.394 0.232 0.137 0.237 1    
225:  0.087 0.277 0.128 0.509 1    
226:  0.544 0.172 0.177 0.108 1    
227:  0.453 0.133 0.291 0.124 1    
228:  0.448 0.174 0.133 0.245 1    
229:  0.092 0.442 0.354 0.112 1    
230:  0.141 0.448 0.280 0.131 1    
231:  0.427 0.240 0.198 0.135 1    
232:  0.130 0.559 0.193 0.119 1    
233:  0.344 0.411 0.145 0.100 1    
234:  0.597 0.122 0.123 0.158 1    
235:  0.530 0.149 0.116 0.205 1    
236:  0.553 0.191 0.067 0.190 1    
237:  0.290 0.077 0.057 0.577 1    
238:  0.480 0.106 0.294 0.119 1    
239:  0.117 0.109 0.674 0.101 1    
240:  0.131 0.517 0.268 0.084 1    
241:  0.535 0.122 0.261 0.082 1    
242:  0.463 0.223 0.235 0.079 1    
243:  0.303 0.090 0.060 0.548 1    
244:  0.501 0.137 0.295 0.067 1    
245:  0.410 0.402 0.110 0.078 1    
246:  0.108 0.449 0.331 0.112 1    
247:  0.116 0.109 0.693 0.082 1    
248:  0.716 0.054 0.095 0.136 1    
249:  0.089 0.454 0.108 0.349 1    
250:  0.082 0.156 0.316 0.446 1    
251:  0.549 0.165 0.191 0.095 1    
252:  0.103 0.308 0.059 0.531 1    
253:  0.404 0.105 0.327 0.164 1    
254:  0.079 0.114 0.131 0.676 1    
255:  0.106 0.272 0.128 0.494 1    
256:  0.585 0.101 0.073 0.241 1    
257:  0.075 0.283 0.147 0.495 1    
258:  0.392 0.111 0.097 0.400 1    
259:  0.144 0.127 0.192 0.537 1    
260:  0.072 0.078 0.121 0.729 1    
                 
                 
1:    0.206 0.340 0.256 0.198 1    
2:    0.424 0.146 0.354 0.076 1    
3:    0.427 0.145 0.352 0.076 1    
4:    0.085 0.086 0.387 0.442 1    
5:    0.517 0.082 0.072 0.330 1    
6:    0.350 0.496 0.088 0.065 1    
7:    0.185 0.086 0.547 0.182 1    
8:    0.310 0.462 0.117 0.111 1    
9:    0.252 0.223 0.114 0.411 1    
10:   0.525 0.243 0.109 0.123 1    
11:   0.470 0.082 0.089 0.360 1    
12:   0.120 0.698 0.107 0.075 1    
13:   0.076 0.623 0.088 0.213 1    
14:   0.424 0.363 0.099 0.115 1    
15:   0.113 0.100 0.082 0.706 1    
16:   0.207 0.305 0.199 0.288 1    
17:   0.140 0.118 0.680 0.062 1    
18:   0.104 0.619 0.126 0.151 1    
19:   0.159 0.472 0.141 0.228 1    
20:   0.109 0.095 0.477 0.319 1    
21:   0.093 0.234 0.433 0.241 1    
22:   0.198 0.198 0.468 0.136 1    
23:   0.117 0.264 0.110 0.510 1    
24:   0.111 0.300 0.453 0.136 1    
25:   0.708 0.073 0.093 0.126 1    
26:   0.442 0.128 0.120 0.310 1    
27:   0.539 0.229 0.095 0.137 1    
28:   0.233 0.256 0.158 0.353 1    
29:   0.478 0.221 0.182 0.119 1    
30:   0.509 0.209 0.171 0.111 1    
31:   0.119 0.250 0.469 0.163 1    
32:   0.152 0.522 0.206 0.120 1    
33:   0.367 0.122 0.244 0.267 1    
34:   0.511 0.195 0.091 0.203 1    
35:   0.138 0.191 0.590 0.081 1    
36:   0.152 0.291 0.150 0.408 1    
37:   0.186 0.289 0.460 0.065 1    
38:   0.603 0.170 0.118 0.109 1    
39:   0.111 0.232 0.107 0.550 1    
40:   0.491 0.273 0.110 0.126 1    
41:   0.110 0.708 0.097 0.086 1    
42:   0.151 0.500 0.183 0.166 1    
43:   0.442 0.070 0.289 0.200 1    
44:   0.210 0.184 0.490 0.116 1    
45:   0.239 0.112 0.582 0.068 1    
46:   0.436 0.222 0.098 0.244 1    
47:   0.093 0.478 0.336 0.093 1    
48:   0.524 0.220 0.169 0.087 1    
49:   0.459 0.205 0.114 0.222 1    
50:   0.550 0.098 0.087 0.265 1    
51:   0.068 0.288 0.511 0.133 1    
52:   0.119 0.152 0.119 0.609 1    
53:   0.124 0.418 0.367 0.090 1    
54:   0.383 0.209 0.233 0.176 1    
55:   0.407 0.117 0.105 0.372 1    
56:   0.491 0.137 0.118 0.255 1    
57:   0.589 0.107 0.258 0.046 1    
58:   0.393 0.134 0.367 0.106 1    
59:   0.115 0.223 0.133 0.530 1    
60:   0.422 0.263 0.191 0.124 1    
61:   0.143 0.421 0.278 0.159 1    
62:   0.442 0.068 0.088 0.402 1    
63:   0.130 0.386 0.369 0.116 1    
64:   0.140 0.264 0.148 0.448 1    
65:   0.414 0.330 0.122 0.134 1    
66:   0.093 0.348 0.116 0.443 1    
67:   0.102 0.321 0.135 0.442 1    
