1:    0.181 0.156 0.363 0.300 1    
2:    0.278 0.394 0.232 0.096 1    
3:    0.244 0.246 0.435 0.075 1    
4:    0.261 0.271 0.264 0.203 1    
5:    0.232 0.175 0.557 0.036 1    
6:    0.260 0.386 0.241 0.114 1    
7:    0.320 0.271 0.380 0.030 1    
8:    0.135 0.118 0.095 0.651 1    
9:    0.319 0.315 0.339 0.027 1    
10:   0.372 0.364 0.205 0.059 1    
11:   0.258 0.267 0.442 0.034 1    
12:   0.249 0.279 0.412 0.060 1    
13:   0.318 0.413 0.217 0.052 1    
14:   0.287 0.252 0.399 0.061 1    
15:   0.290 0.397 0.198 0.116 1    
16:   0.310 0.359 0.279 0.052 1    
17:   0.367 0.408 0.177 0.048 1    
18:   0.201 0.268 0.167 0.364 1    
19:   0.207 0.139 0.522 0.132 1    
20:   0.337 0.336 0.291 0.036 1    
21:   0.350 0.392 0.205 0.053 1    
22:   0.373 0.425 0.175 0.026 1    
23:   0.284 0.321 0.241 0.154 1    
24:   0.288 0.361 0.266 0.085 1    
25:   0.329 0.282 0.339 0.050 1    
26:   0.239 0.186 0.525 0.050 1    
27:   0.213 0.169 0.550 0.068 1    
28:   0.295 0.421 0.229 0.055 1    
29:   0.317 0.477 0.182 0.025 1    
30:   0.329 0.385 0.227 0.059 1    
31:   0.353 0.330 0.195 0.122 1    
32:   0.292 0.361 0.304 0.043 1    
33:   0.274 0.428 0.194 0.103 1    
34:   0.341 0.323 0.248 0.088 1    
35:   0.378 0.322 0.234 0.066 1    
36:   0.315 0.442 0.216 0.028 1    
37:   0.192 0.133 0.641 0.034 1    
38:   0.262 0.292 0.417 0.029 1    
39:   0.315 0.335 0.274 0.077 1    
40:   0.236 0.221 0.132 0.411 1    
41:   0.344 0.351 0.254 0.050 1    
42:   0.334 0.416 0.217 0.033 1    
43:   0.183 0.144 0.584 0.089 1    
44:   0.283 0.292 0.368 0.057 1    
45:   0.325 0.466 0.181 0.029 1    
46:   0.290 0.432 0.219 0.059 1    
47:   0.242 0.237 0.441 0.081 1    
48:   0.260 0.261 0.240 0.239 1    
49:   0.263 0.374 0.307 0.056 1    
50:   0.313 0.479 0.186 0.023 1    
51:   0.310 0.387 0.209 0.094 1    
52:   0.290 0.341 0.330 0.038 1    
53:   0.306 0.337 0.309 0.048 1    
54:   0.190 0.198 0.462 0.151 1    
55:   0.154 0.189 0.147 0.510 1    
56:   0.249 0.219 0.474 0.058 1    
57:   0.281 0.464 0.236 0.019 1    
58:   0.253 0.355 0.342 0.050 1    
59:   0.286 0.456 0.237 0.021 1    
60:   0.268 0.313 0.387 0.032 1    
61:   0.200 0.241 0.228 0.331 1    
62:   0.298 0.453 0.227 0.021 1    
63:   0.296 0.389 0.242 0.073 1    
64:   0.361 0.427 0.171 0.041 1    
65:   0.237 0.169 0.530 0.064 1    
66:   0.298 0.319 0.321 0.062 1    
67:   0.331 0.423 0.215 0.031 1    
68:   0.288 0.375 0.302 0.035 1    
69:   0.258 0.354 0.297 0.091 1    
70:   0.390 0.348 0.133 0.128 1    
71:   0.227 0.243 0.174 0.356 1    
72:   0.313 0.462 0.197 0.028 1    
73:   0.259 0.227 0.359 0.155 1    
74:   0.307 0.352 0.228 0.113 1    
75:   0.274 0.287 0.386 0.053 1    
76:   0.315 0.346 0.137 0.202 1    
77:   0.286 0.302 0.242 0.170 1    
78:   0.160 0.140 0.608 0.092 1    
79:   0.215 0.174 0.586 0.025 1    
80:   0.243 0.271 0.277 0.209 1    
81:   0.234 0.219 0.286 0.261 1    
82:   0.311 0.276 0.326 0.087 1    
83:   0.342 0.322 0.199 0.137 1    
84:   0.343 0.373 0.161 0.123 1    
85:   0.276 0.437 0.222 0.065 1    
86:   0.231 0.220 0.179 0.370 1    
87:   0.314 0.408 0.237 0.041 1    
88:   0.277 0.443 0.202 0.078 1    
89:   0.354 0.277 0.263 0.106 1    
90:   0.233 0.222 0.150 0.395 1    
91:   0.282 0.292 0.271 0.156 1    
92:   0.309 0.448 0.163 0.080 1    
93:   0.315 0.373 0.230 0.081 1    
94:   0.193 0.180 0.166 0.461 1    
95:   0.329 0.450 0.162 0.059 1    
96:   0.338 0.349 0.197 0.116 1    
97:   0.274 0.273 0.412 0.040 1    
98:   0.375 0.439 0.146 0.040 1    
99:   0.381 0.382 0.191 0.045 1    
100:  0.176 0.151 0.609 0.065 1    
101:  0.254 0.199 0.397 0.150 1    
102:  0.287 0.489 0.188 0.036 1    
103:  0.144 0.109 0.328 0.418 1    
104:  0.334 0.327 0.282 0.058 1    
105:  0.323 0.269 0.318 0.090 1    
106:  0.394 0.324 0.193 0.089 1    
107:  0.206 0.200 0.513 0.081 1    
108:  0.295 0.439 0.200 0.066 1    
109:  0.290 0.236 0.393 0.082 1    
110:  0.269 0.223 0.446 0.062 1    
111:  0.316 0.363 0.221 0.101 1    
112:  0.226 0.189 0.496 0.089 1    
113:  0.313 0.390 0.260 0.037 1    
114:  0.268 0.287 0.299 0.146 1    
115:  0.246 0.236 0.419 0.099 1    
116:  0.326 0.340 0.289 0.044 1    
117:  0.253 0.225 0.428 0.093 1    
118:  0.252 0.262 0.368 0.119 1    
119:  0.432 0.327 0.158 0.083 1    
120:  0.192 0.195 0.182 0.431 1    
121:  0.277 0.224 0.405 0.094 1    
122:  0.358 0.411 0.159 0.072 1    
123:  0.341 0.395 0.225 0.039 1    
124:  0.285 0.385 0.287 0.043 1    
125:  0.347 0.275 0.181 0.197 1    
126:  0.289 0.485 0.189 0.037 1    
127:  0.268 0.262 0.394 0.075 1    
128:  0.311 0.254 0.396 0.040 1    
129:  0.228 0.165 0.190 0.417 1    
130:  0.369 0.280 0.201 0.150 1    
131:  0.304 0.334 0.282 0.081 1    
132:  0.297 0.313 0.342 0.048 1    
133:  0.410 0.322 0.233 0.036 1    
134:  0.296 0.306 0.318 0.081 1    
135:  0.084 0.067 0.122 0.727 1    
136:  0.317 0.360 0.237 0.086 1    
137:  0.166 0.115 0.382 0.338 1    
138:  0.284 0.380 0.286 0.051 1    
139:  0.247 0.221 0.435 0.097 1    
140:  0.250 0.190 0.460 0.100 1    
141:  0.236 0.197 0.393 0.174 1    
142:  0.309 0.261 0.263 0.168 1    
143:  0.214 0.182 0.505 0.098 1    
144:  0.315 0.473 0.172 0.039 1    
145:  0.286 0.476 0.207 0.031 1    
146:  0.196 0.169 0.492 0.143 1    
147:  0.274 0.407 0.277 0.042 1    
148:  0.275 0.257 0.423 0.046 1    
149:  0.265 0.206 0.394 0.135 1    
150:  0.220 0.174 0.344 0.262 1    
151:  0.321 0.283 0.265 0.131 1    
152:  0.301 0.232 0.364 0.102 1    
153:  0.263 0.256 0.399 0.082 1    
154:  0.440 0.336 0.187 0.036 1    
155:  0.314 0.275 0.293 0.118 1    
156:  0.297 0.223 0.397 0.084 1    
157:  0.288 0.298 0.344 0.070 1    
158:  0.272 0.246 0.181 0.300 1    
159:  0.317 0.417 0.192 0.073 1    
160:  0.345 0.333 0.264 0.058 1    
161:  0.245 0.206 0.182 0.367 1    
162:  0.289 0.249 0.405 0.057 1    
163:  0.275 0.286 0.271 0.167 1    
164:  0.344 0.418 0.154 0.084 1    
165:  0.329 0.332 0.282 0.057 1    
166:  0.268 0.252 0.358 0.122 1    
167:  0.345 0.435 0.160 0.061 1    
168:  0.188 0.239 0.244 0.329 1    
169:  0.422 0.339 0.157 0.081 1    
170:  0.389 0.411 0.162 0.038 1    
171:  0.349 0.384 0.207 0.061 1    
172:  0.315 0.441 0.189 0.055 1    
173:  0.279 0.271 0.345 0.105 1    
174:  0.301 0.376 0.233 0.090 1    
175:  0.358 0.404 0.170 0.068 1    
176:  0.301 0.273 0.236 0.189 1    
177:  0.244 0.303 0.244 0.209 1    
178:  0.314 0.259 0.353 0.074 1    
179:  0.247 0.247 0.431 0.075 1    
180:  0.402 0.333 0.248 0.017 1    
181:  0.273 0.269 0.295 0.163 1    
182:  0.165 0.166 0.195 0.475 1    
183:  0.306 0.243 0.167 0.284 1    
184:  0.405 0.305 0.159 0.130 1    
185:  0.333 0.295 0.235 0.137 1    
186:  0.450 0.320 0.161 0.069 1    
187:  0.474 0.341 0.140 0.046 1    
188:  0.442 0.353 0.153 0.051 1    
189:  0.245 0.304 0.385 0.066 1    
190:  0.448 0.334 0.133 0.085 1    
191:  0.310 0.463 0.182 0.045 1    
192:  0.068 0.061 0.092 0.779 1    
193:  0.104 0.091 0.104 0.702 1    
194:  0.325 0.258 0.132 0.285 1    
195:  0.362 0.264 0.250 0.125 1    
196:  0.287 0.265 0.409 0.039 1    
197:  0.258 0.289 0.259 0.195 1    
198:  0.285 0.358 0.297 0.060 1    
199:  0.259 0.272 0.287 0.183 1    
200:  0.277 0.247 0.288 0.188 1    
201:  0.235 0.270 0.170 0.325 1    
202:  0.341 0.451 0.187 0.021 1    
203:  0.194 0.167 0.495 0.144 1    
204:  0.375 0.269 0.322 0.033 1    
205:  0.314 0.315 0.335 0.035 1    
206:  0.346 0.383 0.213 0.057 1    
207:  0.325 0.252 0.373 0.050 1    
208:  0.378 0.343 0.249 0.030 1    
209:  0.207 0.185 0.200 0.408 1    
210:  0.247 0.221 0.484 0.048 1    
211:  0.342 0.351 0.241 0.066 1    
212:  0.335 0.334 0.133 0.198 1    
213:  0.261 0.184 0.460 0.095 1    
214:  0.207 0.146 0.553 0.094 1    
215:  0.340 0.268 0.263 0.129 1    
216:  0.343 0.372 0.210 0.075 1    
217:  0.164 0.124 0.649 0.062 1    
218:  0.347 0.260 0.352 0.041 1    
219:  0.313 0.304 0.350 0.033 1    
220:  0.285 0.220 0.250 0.245 1    
221:  0.292 0.321 0.272 0.114 1    
222:  0.261 0.283 0.286 0.171 1    
223:  0.153 0.142 0.207 0.497 1    
224:  0.316 0.377 0.221 0.086 1    
225:  0.282 0.405 0.266 0.048 1    
226:  0.268 0.358 0.326 0.047 1    
227:  0.318 0.287 0.164 0.231 1    
228:  0.369 0.294 0.223 0.114 1    
229:  0.317 0.281 0.362 0.039 1    
230:  0.376 0.301 0.245 0.078 1    
231:  0.307 0.408 0.253 0.032 1    
232:  0.315 0.275 0.355 0.055 1    
233:  0.290 0.365 0.252 0.093 1    
234:  0.394 0.327 0.233 0.046 1    
235:  0.294 0.447 0.224 0.035 1    
236:  0.233 0.202 0.527 0.038 1    
237:  0.255 0.432 0.257 0.057 1    
238:  0.286 0.260 0.295 0.160 1    
239:  0.316 0.459 0.209 0.016 1    
240:  0.211 0.163 0.266 0.361 1    
241:  0.354 0.325 0.278 0.043 1    
242:  0.264 0.250 0.362 0.124 1    
243:  0.297 0.400 0.258 0.046 1    
244:  0.227 0.235 0.449 0.088 1    
245:  0.339 0.444 0.179 0.038 1    
246:  0.324 0.427 0.229 0.020 1    
247:  0.249 0.263 0.350 0.138 1    
248:  0.244 0.257 0.351 0.148 1    
249:  0.284 0.235 0.145 0.337 1    
250:  0.315 0.287 0.340 0.058 1    
251:  0.351 0.251 0.339 0.059 1    
252:  0.248 0.307 0.419 0.026 1    
253:  0.179 0.166 0.203 0.452 1    
254:  0.069 0.056 0.046 0.828 1    
255:  0.318 0.351 0.198 0.133 1    
256:  0.446 0.327 0.171 0.057 1    
257:  0.302 0.235 0.256 0.207 1    
258:  0.324 0.415 0.188 0.073 1    
259:  0.207 0.233 0.489 0.070 1    
260:  0.218 0.219 0.544 0.019 1    
261:  0.380 0.291 0.287 0.041 1    
262:  0.331 0.238 0.384 0.046 1    
263:  0.263 0.338 0.271 0.128 1    
264:  0.268 0.360 0.330 0.042 1    
265:  0.227 0.207 0.282 0.284 1    
266:  0.310 0.460 0.174 0.056 1    
267:  0.281 0.237 0.419 0.064 1    
268:  0.240 0.204 0.493 0.063 1    
269:  0.276 0.303 0.310 0.111 1    
270:  0.225 0.158 0.097 0.521 1    
271:  0.255 0.224 0.450 0.071 1    
272:  0.377 0.372 0.196 0.055 1    
273:  0.216 0.210 0.546 0.029 1    
274:  0.304 0.474 0.194 0.027 1    
275:  0.270 0.241 0.409 0.079 1    
276:  0.268 0.240 0.435 0.057 1    
277:  0.365 0.302 0.208 0.125 1    
278:  0.184 0.156 0.533 0.127 1    
279:  0.373 0.340 0.267 0.020 1    
280:  0.296 0.393 0.265 0.045 1    
281:  0.248 0.191 0.282 0.279 1    
282:  0.300 0.411 0.238 0.050 1    
283:  0.423 0.353 0.197 0.027 1    
284:  0.441 0.336 0.189 0.033 1    
285:  0.293 0.405 0.225 0.077 1    
286:  0.185 0.208 0.207 0.400 1    
287:  0.329 0.388 0.222 0.062 1    
288:  0.283 0.251 0.426 0.039 1    
289:  0.300 0.234 0.391 0.075 1    
290:  0.254 0.245 0.457 0.043 1    
291:  0.345 0.267 0.302 0.086 1    
292:  0.432 0.330 0.139 0.099 1    
293:  0.234 0.136 0.589 0.041 1    
294:  0.369 0.349 0.226 0.056 1    
295:  0.322 0.240 0.362 0.076 1    
296:  0.247 0.220 0.241 0.291 1    
297:  0.285 0.350 0.280 0.086 1    
298:  0.333 0.324 0.315 0.028 1    
299:  0.276 0.251 0.381 0.092 1    
300:  0.299 0.317 0.152 0.232 1    
301:  0.199 0.190 0.235 0.376 1    
302:  0.380 0.328 0.202 0.089 1    
303:  0.278 0.362 0.279 0.081 1    
304:  0.262 0.448 0.223 0.066 1    
305:  0.349 0.382 0.217 0.052 1    
306:  0.231 0.199 0.410 0.160 1    
307:  0.371 0.425 0.168 0.036 1    
308:  0.302 0.362 0.255 0.081 1    
309:  0.332 0.374 0.211 0.083 1    
310:  0.465 0.326 0.104 0.104 1    
311:  0.314 0.371 0.260 0.054 1    
312:  0.286 0.287 0.345 0.082 1    
313:  0.346 0.356 0.252 0.046 1    
314:  0.297 0.442 0.210 0.051 1    
315:  0.376 0.312 0.276 0.036 1    
316:  0.159 0.179 0.145 0.516 1    
317:  0.345 0.404 0.183 0.069 1    
318:  0.272 0.258 0.420 0.050 1    
319:  0.323 0.295 0.318 0.064 1    
320:  0.255 0.321 0.361 0.064 1    
321:  0.138 0.140 0.149 0.573 1    
322:  0.364 0.322 0.212 0.102 1    
323:  0.306 0.354 0.257 0.082 1    
324:  0.356 0.327 0.238 0.079 1    
325:  0.280 0.316 0.370 0.034 1    
326:  0.380 0.288 0.297 0.035 1    
327:  0.246 0.189 0.278 0.288 1    
328:  0.319 0.315 0.345 0.021 1    
329:  0.286 0.234 0.421 0.059 1    
330:  0.266 0.275 0.263 0.196 1    
331:  0.278 0.311 0.321 0.090 1    
332:  0.346 0.239 0.381 0.034 1    
333:  0.304 0.270 0.383 0.043 1    
334:  0.395 0.314 0.227 0.065 1    
335:  0.198 0.150 0.273 0.380 1    
336:  0.263 0.282 0.304 0.151 1    
337:  0.489 0.359 0.127 0.025 1    
338:  0.231 0.246 0.489 0.034 1    
339:  0.492 0.336 0.094 0.078 1    
340:  0.204 0.194 0.137 0.465 1    
341:  0.260 0.251 0.302 0.187 1    
342:  0.343 0.338 0.267 0.052 1    
343:  0.325 0.245 0.384 0.046 1    
344:  0.352 0.299 0.265 0.084 1    
345:  0.253 0.210 0.496 0.040 1    
346:  0.308 0.351 0.279 0.063 1    
347:  0.255 0.194 0.498 0.053 1    
348:  0.316 0.383 0.209 0.091 1    
349:  0.258 0.266 0.361 0.116 1    
350:  0.247 0.223 0.247 0.283 1    
351:  0.273 0.241 0.366 0.120 1    
352:  0.311 0.318 0.340 0.031 1    
353:  0.069 0.057 0.140 0.734 1    
354:  0.249 0.320 0.388 0.043 1    
355:  0.302 0.228 0.433 0.037 1    
356:  0.304 0.255 0.330 0.111 1    
357:  0.224 0.156 0.539 0.081 1    
358:  0.253 0.173 0.523 0.050 1    
359:  0.200 0.186 0.437 0.177 1    
360:  0.192 0.128 0.572 0.108 1    
361:  0.311 0.282 0.342 0.065 1    
362:  0.194 0.156 0.262 0.388 1    
363:  0.262 0.243 0.249 0.246 1    
364:  0.280 0.246 0.342 0.132 1    
365:  0.220 0.216 0.175 0.388 1    
366:  0.268 0.268 0.339 0.126 1    
367:  0.090 0.092 0.058 0.760 1    
368:  0.340 0.293 0.314 0.053 1    
369:  0.340 0.393 0.219 0.049 1    
370:  0.193 0.161 0.542 0.104 1    
371:  0.259 0.312 0.231 0.198 1    
372:  0.311 0.405 0.223 0.062 1    
373:  0.202 0.179 0.401 0.219 1    
374:  0.249 0.169 0.496 0.086 1    
375:  0.298 0.282 0.264 0.156 1    
376:  0.258 0.186 0.384 0.172 1    
377:  0.215 0.141 0.590 0.054 1    
378:  0.384 0.348 0.223 0.045 1    
379:  0.324 0.267 0.281 0.128 1    
380:  0.261 0.198 0.418 0.123 1    
381:  0.285 0.284 0.365 0.066 1    
382:  0.286 0.289 0.380 0.045 1    
383:  0.306 0.318 0.282 0.095 1    
384:  0.314 0.397 0.265 0.024 1    
385:  0.280 0.312 0.202 0.206 1    
386:  0.339 0.310 0.301 0.050 1    
387:  0.301 0.247 0.189 0.263 1    
388:  0.093 0.068 0.259 0.580 1    
389:  0.111 0.086 0.253 0.550 1    
390:  0.350 0.374 0.213 0.063 1    
391:  0.250 0.225 0.453 0.072 1    
392:  0.330 0.294 0.210 0.167 1    
393:  0.311 0.333 0.300 0.056 1    
394:  0.252 0.186 0.472 0.089 1    
395:  0.350 0.312 0.179 0.159 1    
396:  0.490 0.335 0.124 0.051 1    
397:  0.209 0.144 0.257 0.391 1    
398:  0.401 0.369 0.198 0.031 1    
399:  0.287 0.294 0.394 0.025 1    
400:  0.348 0.336 0.190 0.126 1    
401:  0.284 0.196 0.295 0.225 1    
402:  0.393 0.392 0.128 0.087 1    
403:  0.280 0.241 0.156 0.324 1    
404:  0.257 0.369 0.303 0.070 1    
405:  0.334 0.225 0.395 0.045 1    
406:  0.101 0.101 0.127 0.671 1    
407:  0.189 0.166 0.232 0.413 1    
408:  0.315 0.332 0.320 0.033 1    
409:  0.376 0.287 0.237 0.100 1    
410:  0.239 0.222 0.177 0.362 1    
411:  0.309 0.292 0.351 0.048 1    
412:  0.382 0.298 0.252 0.068 1    
413:  0.311 0.364 0.297 0.028 1    
414:  0.257 0.175 0.323 0.245 1    
415:  0.298 0.247 0.384 0.070 1    
416:  0.293 0.228 0.436 0.043 1    
417:  0.198 0.127 0.528 0.146 1    
418:  0.346 0.386 0.233 0.035 1    
419:  0.217 0.202 0.463 0.118 1    
420:  0.136 0.121 0.156 0.586 1    
421:  0.384 0.404 0.146 0.066 1    
422:  0.288 0.396 0.285 0.031 1    
423:  0.220 0.181 0.559 0.040 1    
424:  0.211 0.222 0.283 0.285 1    
425:  0.267 0.254 0.243 0.236 1    
426:  0.351 0.333 0.220 0.096 1    
427:  0.291 0.268 0.407 0.035 1    
428:  0.483 0.361 0.098 0.058 1    
429:  0.167 0.170 0.111 0.552 1    
430:  0.361 0.337 0.230 0.072 1    
431:  0.305 0.327 0.326 0.042 1    
432:  0.187 0.151 0.632 0.030 1    
433:  0.261 0.229 0.483 0.026 1    
434:  0.309 0.227 0.407 0.057 1    
435:  0.346 0.333 0.208 0.112 1    
436:  0.364 0.331 0.243 0.062 1    
437:  0.347 0.270 0.338 0.045 1    
438:  0.280 0.292 0.359 0.068 1    
439:  0.439 0.329 0.125 0.107 1    
440:  0.297 0.462 0.213 0.029 1    
441:  0.272 0.225 0.304 0.199 1    
442:  0.163 0.125 0.432 0.280 1    
443:  0.310 0.256 0.396 0.037 1    
444:  0.296 0.229 0.451 0.024 1    
445:  0.368 0.357 0.196 0.079 1    
446:  0.279 0.339 0.310 0.072 1    
447:  0.160 0.164 0.284 0.392 1    
448:  0.381 0.338 0.208 0.073 1    
449:  0.347 0.456 0.160 0.037 1    
450:  0.176 0.245 0.160 0.418 1    
451:  0.200 0.197 0.103 0.501 1    
452:  0.303 0.399 0.260 0.037 1    
453:  0.414 0.334 0.149 0.103 1    
454:  0.301 0.288 0.325 0.086 1    
455:  0.279 0.458 0.202 0.061 1    
456:  0.257 0.218 0.417 0.108 1    
457:  0.337 0.415 0.217 0.031 1    
458:  0.292 0.358 0.298 0.052 1    
459:  0.204 0.225 0.227 0.343 1    
460:  0.120 0.105 0.119 0.657 1    
461:  0.287 0.321 0.267 0.125 1    
462:  0.342 0.307 0.303 0.048 1    
463:  0.280 0.410 0.275 0.036 1    
464:  0.299 0.334 0.316 0.051 1    
465:  0.293 0.289 0.292 0.127 1    
466:  0.199 0.176 0.233 0.392 1    
467:  0.293 0.206 0.461 0.040 1    
468:  0.319 0.411 0.202 0.068 1    
469:  0.371 0.323 0.282 0.023 1    
470:  0.229 0.268 0.235 0.268 1    
471:  0.233 0.211 0.311 0.245 1    
472:  0.333 0.342 0.212 0.113 1    
473:  0.248 0.214 0.498 0.039 1    
474:  0.299 0.274 0.345 0.082 1    
475:  0.207 0.245 0.527 0.021 1    
476:  0.177 0.155 0.177 0.491 1    
477:  0.272 0.276 0.281 0.172 1    
478:  0.286 0.288 0.304 0.122 1    
479:  0.224 0.240 0.432 0.104 1    
480:  0.234 0.191 0.387 0.188 1    
481:  0.274 0.327 0.191 0.208 1    
482:  0.253 0.322 0.130 0.295 1    
483:  0.408 0.332 0.223 0.036 1    
484:  0.307 0.245 0.263 0.185 1    
485:  0.241 0.293 0.161 0.306 1    
486:  0.253 0.223 0.345 0.179 1    
487:  0.280 0.234 0.399 0.088 1    
488:  0.273 0.246 0.164 0.317 1    
489:  0.343 0.408 0.200 0.050 1    
490:  0.255 0.193 0.442 0.110 1    
491:  0.324 0.296 0.260 0.120 1    
492:  0.293 0.221 0.251 0.235 1    
493:  0.331 0.422 0.216 0.030 1    
494:  0.312 0.245 0.395 0.048 1    
495:  0.239 0.176 0.454 0.131 1    
496:  0.355 0.306 0.145 0.195 1    
497:  0.279 0.359 0.297 0.065 1    
498:  0.310 0.438 0.217 0.034 1    
499:  0.162 0.171 0.183 0.484 1    
500:  0.282 0.331 0.348 0.039 1    
501:  0.203 0.274 0.281 0.242 1    
502:  0.314 0.331 0.299 0.056 1    
503:  0.363 0.390 0.207 0.040 1    
504:  0.292 0.493 0.197 0.018 1    
505:  0.123 0.115 0.099 0.663 1    
506:  0.188 0.151 0.093 0.567 1    
507:  0.257 0.193 0.286 0.264 1    
508:  0.297 0.371 0.272 0.060 1    
509:  0.141 0.181 0.114 0.564 1    
510:  0.298 0.332 0.269 0.101 1    
511:  0.307 0.260 0.373 0.061 1    
512:  0.201 0.174 0.270 0.355 1    
513:  0.296 0.388 0.234 0.081 1    
514:  0.213 0.262 0.140 0.384 1    
515:  0.301 0.252 0.276 0.171 1    
516:  0.214 0.216 0.265 0.305 1    
517:  0.344 0.373 0.233 0.050 1    
518:  0.361 0.243 0.268 0.129 1    
519:  0.340 0.384 0.250 0.026 1    
520:  0.313 0.372 0.183 0.132 1    
521:  0.248 0.213 0.459 0.080 1    
522:  0.172 0.164 0.141 0.523 1    
523:  0.258 0.428 0.278 0.036 1    
524:  0.340 0.309 0.224 0.127 1    
525:  0.155 0.110 0.435 0.300 1    
526:  0.280 0.333 0.356 0.030 1    
527:  0.175 0.217 0.149 0.459 1    
528:  0.251 0.250 0.166 0.333 1    
529:  0.355 0.308 0.256 0.081 1    
530:  0.247 0.289 0.193 0.271 1    
531:  0.272 0.316 0.285 0.128 1    
532:  0.239 0.323 0.356 0.082 1    
533:  0.390 0.292 0.256 0.062 1    
534:  0.307 0.423 0.194 0.076 1    
535:  0.277 0.343 0.240 0.141 1    
536:  0.244 0.287 0.306 0.163 1    
537:  0.425 0.286 0.139 0.150 1    
538:  0.089 0.073 0.131 0.707 1    
539:  0.242 0.305 0.168 0.285 1    
540:  0.279 0.408 0.259 0.054 1    
541:  0.300 0.478 0.186 0.036 1    
542:  0.342 0.289 0.324 0.044 1    
543:  0.296 0.418 0.257 0.029 1    
544:  0.237 0.197 0.505 0.061 1    
545:  0.333 0.390 0.203 0.073 1    
546:  0.277 0.431 0.268 0.023 1    
547:  0.262 0.288 0.358 0.092 1    
548:  0.303 0.433 0.231 0.033 1    
549:  0.242 0.204 0.507 0.047 1    
550:  0.288 0.350 0.336 0.026 1    
551:  0.285 0.485 0.188 0.042 1    
552:  0.252 0.223 0.442 0.082 1    
553:  0.293 0.329 0.293 0.085 1    
554:  0.247 0.238 0.475 0.040 1    
555:  0.312 0.250 0.294 0.144 1    
556:  0.342 0.365 0.161 0.132 1    
557:  0.327 0.269 0.224 0.180 1    
558:  0.305 0.227 0.212 0.256 1    
559:  0.054 0.048 0.040 0.858 1    
560:  0.234 0.249 0.345 0.172 1    
561:  0.090 0.066 0.077 0.767 1    
562:  0.214 0.207 0.216 0.364 1    
563:  0.045 0.039 0.064 0.852 1    
564:  0.173 0.164 0.113 0.550 1    
565:  0.044 0.042 0.051 0.863 1    
566:  0.201 0.204 0.195 0.400 1    
567:  0.126 0.135 0.151 0.588 1    
568:  0.244 0.287 0.360 0.109 1    
569:  0.173 0.141 0.123 0.563 1    
570:  0.297 0.260 0.150 0.293 1    
571:  0.148 0.127 0.212 0.513 1    
572:  0.103 0.083 0.097 0.716 1    
573:  0.043 0.047 0.039 0.870 1    
574:  0.209 0.163 0.248 0.380 1    
575:  0.105 0.090 0.187 0.618 1    
576:  0.112 0.125 0.151 0.612 1    
577:  0.061 0.062 0.058 0.819 1    
578:  0.136 0.112 0.144 0.608 1    
579:  0.102 0.095 0.098 0.705 1    
580:  0.051 0.041 0.075 0.834 1    
581:  0.153 0.201 0.104 0.543 1    
582:  0.065 0.071 0.064 0.800 1    
583:  0.043 0.037 0.042 0.878 1    
584:  0.061 0.054 0.045 0.840 1    
585:  0.048 0.051 0.059 0.842 1    
586:  0.159 0.119 0.277 0.444 1    
587:  0.228 0.183 0.297 0.292 1    
588:  0.215 0.264 0.139 0.381 1    
589:  0.182 0.140 0.338 0.340 1    
590:  0.036 0.032 0.030 0.902 1    
591:  0.124 0.120 0.086 0.670 1    
592:  0.075 0.060 0.114 0.751 1    
593:  0.150 0.128 0.108 0.615 1    
594:  0.030 0.032 0.032 0.906 1    
595:  0.046 0.043 0.053 0.858 1    
596:  0.087 0.092 0.089 0.732 1    
597:  0.076 0.081 0.064 0.778 1    
598:  0.021 0.021 0.021 0.937 1    
599:  0.062 0.059 0.049 0.830 1    
600:  0.398 0.337 0.146 0.120 1    
601:  0.087 0.070 0.118 0.725 1    
602:  0.023 0.023 0.022 0.932 1    
603:  0.112 0.088 0.142 0.658 1    
604:  0.112 0.095 0.057 0.736 1    
605:  0.061 0.049 0.056 0.834 1    
606:  0.155 0.126 0.383 0.336 1    
607:  0.268 0.219 0.218 0.295 1    
608:  0.065 0.055 0.074 0.806 1    
609:  0.217 0.153 0.242 0.388 1    
610:  0.041 0.040 0.034 0.885 1    
611:  0.225 0.200 0.196 0.379 1    
612:  0.032 0.029 0.032 0.907 1    
613:  0.229 0.224 0.158 0.390 1    
614:  0.087 0.076 0.070 0.767 1    
615:  0.162 0.111 0.073 0.654 1    
616:  0.149 0.125 0.065 0.661 1    
617:  0.130 0.152 0.111 0.607 1    
618:  0.045 0.041 0.042 0.873 1    
619:  0.029 0.027 0.029 0.915 1    
620:  0.026 0.023 0.025 0.925 1    
621:  0.071 0.059 0.063 0.807 1    
622:  0.051 0.043 0.050 0.856 1    
623:  0.037 0.041 0.042 0.880 1    
624:  0.066 0.067 0.062 0.804 1    
625:  0.041 0.038 0.050 0.870 1    
626:  0.021 0.022 0.021 0.936 1    
627:  0.036 0.029 0.034 0.901 1    
628:  0.025 0.028 0.026 0.920 1    
629:  0.032 0.033 0.028 0.906 1    
630:  0.052 0.050 0.045 0.853 1    
631:  0.030 0.028 0.026 0.916 1    
632:  0.136 0.093 0.277 0.494 1    
633:  0.026 0.025 0.027 0.921 1    
634:  0.154 0.144 0.223 0.479 1    
635:  0.115 0.114 0.145 0.626 1    
636:  0.102 0.085 0.054 0.760 1    
637:  0.024 0.023 0.024 0.929 1    
638:  0.110 0.083 0.172 0.635 1    
639:  0.034 0.028 0.031 0.907 1    
640:  0.046 0.043 0.045 0.866 1    
641:  0.038 0.036 0.052 0.875 1    
642:  0.071 0.062 0.062 0.806 1    
643:  0.038 0.034 0.035 0.893 1    
644:  0.072 0.064 0.050 0.814 1    
645:  0.088 0.069 0.054 0.789 1    
646:  0.051 0.051 0.039 0.859 1    
647:  0.199 0.186 0.319 0.296 1    
648:  0.144 0.126 0.220 0.509 1    
649:  0.044 0.041 0.032 0.883 1    
650:  0.266 0.204 0.065 0.465 1    
651:  0.050 0.047 0.045 0.858 1    
652:  0.068 0.054 0.082 0.797 1    
653:  0.076 0.071 0.100 0.753 1    
654:  0.037 0.035 0.044 0.885 1    
655:  0.039 0.041 0.043 0.878 1    
656:  0.018 0.019 0.021 0.942 1    
657:  0.029 0.027 0.029 0.916 1    
658:  0.057 0.050 0.066 0.827 1    
659:  0.194 0.158 0.119 0.529 1    
660:  0.025 0.024 0.029 0.922 1    
661:  0.195 0.173 0.175 0.458 1    
662:  0.026 0.027 0.025 0.922 1    
663:  0.077 0.072 0.096 0.756 1    
664:  0.084 0.084 0.058 0.774 1    
665:  0.031 0.027 0.032 0.910 1    
666:  0.029 0.030 0.038 0.904 1    
667:  0.064 0.059 0.077 0.800 1    
668:  0.071 0.055 0.059 0.816 1    
                 
                 
1:    0.315 0.163 0.218 0.304 1    
2:    0.246 0.272 0.387 0.095 1    
3:    0.355 0.245 0.327 0.074 1    
4:    0.274 0.245 0.288 0.194 1    
5:    0.462 0.222 0.280 0.036 1    
6:    0.254 0.284 0.343 0.119 1    
7:    0.356 0.311 0.301 0.032 1    
8:    0.116 0.128 0.108 0.648 1    
9:    0.319 0.308 0.347 0.026 1    
10:   0.272 0.330 0.335 0.062 1    
11:   0.385 0.266 0.315 0.034 1    
12:   0.382 0.228 0.331 0.059 1    
13:   0.249 0.334 0.363 0.054 1    
14:   0.362 0.233 0.342 0.063 1    
15:   0.242 0.286 0.352 0.120 1    
16:   0.307 0.255 0.383 0.054 1    
17:   0.254 0.324 0.376 0.045 1    
18:   0.175 0.191 0.254 0.380 1    
19:   0.460 0.175 0.241 0.124 1    
20:   0.294 0.325 0.345 0.036 1    
21:   0.254 0.307 0.383 0.055 1    
22:   0.212 0.385 0.374 0.028 1    
23:   0.256 0.255 0.335 0.154 1    
24:   0.277 0.262 0.374 0.087 1    
25:   0.315 0.310 0.327 0.049 1    
26:   0.412 0.246 0.292 0.050 1    
27:   0.458 0.195 0.276 0.072 1    
28:   0.248 0.300 0.394 0.058 1    
29:   0.220 0.288 0.465 0.026 1    
30:   0.256 0.302 0.383 0.059 1    
31:   0.225 0.368 0.280 0.127 1    
32:   0.303 0.272 0.382 0.043 1    
33:   0.222 0.282 0.388 0.109 1    
34:   0.291 0.327 0.293 0.089 1    
35:   0.287 0.358 0.292 0.063 1    
36:   0.226 0.306 0.440 0.028 1    
37:   0.499 0.206 0.261 0.034 1    
38:   0.370 0.270 0.330 0.031 1    
39:   0.306 0.271 0.343 0.079 1    
40:   0.165 0.235 0.197 0.402 1    
41:   0.266 0.326 0.357 0.051 1    
42:   0.253 0.330 0.384 0.033 1    
43:   0.467 0.208 0.229 0.096 1    
44:   0.336 0.233 0.373 0.057 1    
45:   0.214 0.309 0.447 0.030 1    
46:   0.233 0.281 0.429 0.057 1    
47:   0.371 0.236 0.314 0.079 1    
48:   0.244 0.256 0.262 0.239 1    
49:   0.315 0.285 0.343 0.057 1    
50:   0.227 0.308 0.441 0.023 1    
51:   0.244 0.289 0.374 0.092 1    
52:   0.285 0.296 0.382 0.038 1    
53:   0.324 0.278 0.349 0.049 1    
54:   0.422 0.159 0.276 0.142 1    
55:   0.149 0.139 0.190 0.522 1    
56:   0.452 0.208 0.280 0.059 1    
57:   0.262 0.264 0.455 0.019 1    
58:   0.334 0.253 0.363 0.050 1    
59:   0.257 0.276 0.445 0.022 1    
60:   0.352 0.275 0.341 0.032 1    
61:   0.234 0.173 0.269 0.325 1    
62:   0.258 0.281 0.439 0.021 1    
63:   0.270 0.309 0.346 0.075 1    
64:   0.218 0.319 0.420 0.044 1    
65:   0.425 0.252 0.255 0.068 1    
66:   0.318 0.280 0.339 0.062 1    
67:   0.243 0.324 0.401 0.032 1    
68:   0.298 0.287 0.381 0.034 1    
69:   0.304 0.295 0.309 0.092 1    
70:   0.201 0.401 0.269 0.129 1    
71:   0.180 0.198 0.281 0.341 1    
72:   0.226 0.291 0.454 0.028 1    
73:   0.344 0.242 0.261 0.153 1    
74:   0.240 0.328 0.315 0.117 1    
75:   0.362 0.244 0.341 0.053 1    
76:   0.188 0.341 0.276 0.196 1    
77:   0.249 0.307 0.267 0.176 1    
78:   0.461 0.184 0.263 0.092 1    
79:   0.493 0.202 0.278 0.027 1    
80:   0.278 0.229 0.284 0.210 1    
81:   0.280 0.238 0.223 0.258 1    
82:   0.305 0.298 0.307 0.090 1    
83:   0.228 0.347 0.287 0.138 1    
84:   0.205 0.373 0.297 0.124 1    
85:   0.244 0.287 0.399 0.069 1    
86:   0.185 0.229 0.216 0.369 1    
87:   0.246 0.340 0.371 0.043 1    
88:   0.216 0.293 0.402 0.089 1    
89:   0.290 0.333 0.277 0.100 1    
90:   0.170 0.209 0.215 0.406 1    
91:   0.279 0.287 0.284 0.150 1    
92:   0.214 0.315 0.392 0.079 1    
93:   0.256 0.303 0.357 0.083 1    
94:   0.166 0.167 0.205 0.462 1    
95:   0.219 0.300 0.422 0.059 1    
96:   0.238 0.271 0.372 0.119 1    
97:   0.368 0.283 0.309 0.040 1    
98:   0.202 0.423 0.335 0.040 1    
99:   0.242 0.407 0.305 0.046 1    
100:  0.498 0.179 0.256 0.067 1    
101:  0.336 0.259 0.252 0.154 1    
102:  0.220 0.295 0.446 0.039 1    
103:  0.278 0.137 0.177 0.408 1    
104:  0.284 0.361 0.298 0.057 1    
105:  0.304 0.274 0.329 0.093 1    
106:  0.240 0.410 0.263 0.086 1    
107:  0.431 0.215 0.277 0.077 1    
108:  0.245 0.277 0.405 0.074 1    
109:  0.372 0.282 0.264 0.083 1    
110:  0.418 0.246 0.275 0.060 1    
111:  0.272 0.342 0.285 0.101 1    
112:  0.418 0.217 0.269 0.096 1    
113:  0.279 0.293 0.390 0.038 1    
114:  0.301 0.247 0.302 0.150 1    
115:  0.376 0.245 0.281 0.098 1    
116:  0.314 0.312 0.330 0.044 1    
117:  0.380 0.235 0.290 0.094 1    
118:  0.338 0.255 0.285 0.122 1    
119:  0.236 0.444 0.240 0.080 1    
120:  0.199 0.183 0.186 0.433 1    
121:  0.369 0.300 0.235 0.096 1    
122:  0.207 0.426 0.294 0.073 1    
123:  0.248 0.376 0.336 0.040 1    
124:  0.311 0.276 0.370 0.044 1    
125:  0.233 0.372 0.208 0.187 1    
126:  0.231 0.317 0.412 0.041 1    
127:  0.348 0.266 0.310 0.076 1    
128:  0.368 0.332 0.257 0.042 1    
129:  0.202 0.205 0.166 0.427 1    
130:  0.246 0.386 0.230 0.138 1    
131:  0.311 0.274 0.337 0.078 1    
132:  0.313 0.330 0.307 0.050 1    
133:  0.292 0.429 0.242 0.037 1    
134:  0.330 0.244 0.344 0.082 1    
135:  0.106 0.087 0.082 0.725 1    
136:  0.244 0.361 0.308 0.087 1    
137:  0.327 0.177 0.169 0.327 1    
138:  0.325 0.276 0.347 0.052 1    
139:  0.379 0.259 0.266 0.096 1    
140:  0.417 0.207 0.278 0.098 1    
141:  0.367 0.222 0.237 0.174 1    
142:  0.269 0.301 0.258 0.171 1    
143:  0.437 0.206 0.265 0.092 1    
144:  0.214 0.322 0.423 0.041 1    
145:  0.255 0.306 0.408 0.031 1    
146:  0.401 0.184 0.268 0.147 1    
147:  0.307 0.266 0.383 0.045 1    
148:  0.344 0.317 0.289 0.050 1    
149:  0.347 0.259 0.250 0.144 1    
150:  0.296 0.224 0.212 0.268 1    
151:  0.271 0.295 0.298 0.136 1    
152:  0.328 0.297 0.270 0.104 1    
153:  0.376 0.254 0.288 0.082 1    
154:  0.245 0.452 0.266 0.037 1    
155:  0.285 0.314 0.279 0.121 1    
156:  0.393 0.225 0.300 0.083 1    
157:  0.323 0.296 0.311 0.070 1    
158:  0.199 0.260 0.232 0.309 1    
159:  0.246 0.295 0.385 0.074 1    
160:  0.286 0.343 0.310 0.062 1    
161:  0.196 0.237 0.208 0.360 1    
162:  0.361 0.323 0.257 0.060 1    
163:  0.275 0.289 0.273 0.162 1    
164:  0.209 0.380 0.323 0.087 1    
165:  0.296 0.318 0.329 0.057 1    
166:  0.346 0.245 0.285 0.123 1    
167:  0.216 0.385 0.342 0.057 1    
168:  0.228 0.195 0.241 0.335 1    
169:  0.224 0.456 0.236 0.084 1    
170:  0.227 0.396 0.337 0.040 1    
171:  0.234 0.314 0.387 0.066 1    
172:  0.213 0.339 0.394 0.054 1    
173:  0.311 0.297 0.280 0.112 1    
174:  0.280 0.295 0.337 0.088 1    
175:  0.224 0.421 0.288 0.068 1    
176:  0.246 0.262 0.307 0.185 1    
177:  0.248 0.252 0.286 0.214 1    
178:  0.316 0.319 0.291 0.075 1    
179:  0.384 0.207 0.335 0.073 1    
180:  0.268 0.423 0.292 0.017 1    
181:  0.298 0.253 0.288 0.161 1    
182:  0.186 0.166 0.174 0.475 1    
183:  0.216 0.317 0.206 0.261 1    
184:  0.221 0.419 0.234 0.126 1    
185:  0.254 0.297 0.305 0.144 1    
186:  0.247 0.452 0.236 0.065 1    
187:  0.240 0.482 0.235 0.042 1    
188:  0.236 0.465 0.249 0.051 1    
189:  0.363 0.237 0.334 0.066 1    
190:  0.224 0.458 0.234 0.085 1    
191:  0.234 0.334 0.384 0.047 1    
192:  0.087 0.073 0.070 0.770 1    
193:  0.103 0.103 0.088 0.707 1    
194:  0.181 0.326 0.211 0.282 1    
195:  0.287 0.377 0.215 0.120 1    
196:  0.384 0.293 0.281 0.041 1    
197:  0.260 0.219 0.322 0.199 1    
198:  0.282 0.291 0.365 0.061 1    
199:  0.277 0.221 0.312 0.190 1    
200:  0.278 0.268 0.267 0.187 1    
201:  0.209 0.217 0.253 0.321 1    
202:  0.206 0.348 0.426 0.020 1    
203:  0.404 0.238 0.212 0.146 1    
204:  0.338 0.392 0.237 0.033 1    
205:  0.319 0.289 0.355 0.036 1    
206:  0.255 0.323 0.362 0.060 1    
207:  0.363 0.334 0.248 0.055 1    
208:  0.267 0.405 0.297 0.030 1    
209:  0.207 0.205 0.175 0.413 1    
210:  0.423 0.257 0.271 0.049 1    
211:  0.249 0.384 0.301 0.066 1    
212:  0.182 0.374 0.247 0.197 1    
213:  0.383 0.279 0.239 0.100 1    
214:  0.438 0.226 0.238 0.098 1    
215:  0.267 0.353 0.248 0.132 1    
216:  0.247 0.400 0.278 0.075 1    
217:  0.505 0.195 0.239 0.061 1    
218:  0.345 0.377 0.234 0.044 1    
219:  0.338 0.291 0.335 0.035 1    
220:  0.250 0.258 0.253 0.239 1    
221:  0.271 0.260 0.357 0.112 1    
222:  0.281 0.279 0.261 0.179 1    
223:  0.193 0.150 0.143 0.514 1    
224:  0.271 0.272 0.373 0.084 1    
225:  0.289 0.304 0.360 0.047 1    
226:  0.338 0.265 0.353 0.044 1    
227:  0.199 0.353 0.225 0.224 1    
228:  0.273 0.338 0.273 0.117 1    
229:  0.338 0.304 0.320 0.038 1    
230:  0.247 0.440 0.240 0.073 1    
231:  0.258 0.315 0.396 0.031 1    
232:  0.331 0.305 0.310 0.054 1    
233:  0.296 0.279 0.330 0.096 1    
234:  0.285 0.403 0.263 0.048 1    
235:  0.250 0.316 0.398 0.036 1    
236:  0.454 0.213 0.295 0.038 1    
237:  0.294 0.291 0.358 0.057 1    
238:  0.282 0.257 0.295 0.166 1    
239:  0.244 0.298 0.443 0.016 1    
240:  0.244 0.199 0.187 0.371 1    
241:  0.294 0.362 0.301 0.043 1    
242:  0.328 0.248 0.294 0.130 1    
243:  0.278 0.289 0.386 0.047 1    
244:  0.427 0.228 0.258 0.087 1    
245:  0.219 0.387 0.354 0.040 1    
246:  0.251 0.317 0.411 0.021 1    
247:  0.352 0.248 0.267 0.133 1    
248:  0.338 0.211 0.305 0.146 1    
249:  0.183 0.293 0.201 0.323 1    
250:  0.326 0.352 0.262 0.060 1    
251:  0.318 0.398 0.225 0.060 1    
252:  0.385 0.276 0.313 0.027 1    
253:  0.202 0.164 0.179 0.454 1    
254:  0.059 0.074 0.049 0.817 1    
255:  0.237 0.295 0.334 0.134 1    
256:  0.227 0.495 0.226 0.051 1    
257:  0.269 0.274 0.256 0.201 1    
258:  0.226 0.314 0.382 0.077 1    
259:  0.396 0.217 0.316 0.071 1    
260:  0.454 0.215 0.311 0.020 1    
261:  0.307 0.392 0.259 0.042 1    
262:  0.373 0.325 0.253 0.049 1    
263:  0.284 0.297 0.285 0.133 1    
264:  0.324 0.247 0.387 0.042 1    
265:  0.284 0.218 0.218 0.279 1    
266:  0.219 0.325 0.399 0.057 1    
267:  0.361 0.281 0.292 0.066 1    
268:  0.395 0.275 0.262 0.067 1    
269:  0.310 0.280 0.298 0.112 1    
270:  0.135 0.226 0.112 0.527 1    
271:  0.387 0.294 0.247 0.072 1    
272:  0.267 0.372 0.308 0.053 1    
273:  0.451 0.212 0.307 0.031 1    
274:  0.253 0.293 0.426 0.028 1    
275:  0.353 0.273 0.295 0.080 1    
276:  0.377 0.267 0.295 0.060 1    
277:  0.237 0.411 0.225 0.127 1    
278:  0.437 0.176 0.250 0.136 1    
279:  0.288 0.385 0.306 0.021 1    
280:  0.291 0.268 0.398 0.044 1    
281:  0.258 0.251 0.210 0.281 1    
282:  0.278 0.290 0.381 0.051 1    
283:  0.259 0.436 0.278 0.027 1    
284:  0.257 0.468 0.241 0.034 1    
285:  0.256 0.311 0.355 0.078 1    
286:  0.203 0.197 0.192 0.407 1    
287:  0.256 0.292 0.394 0.058 1    
288:  0.364 0.293 0.300 0.042 1    
289:  0.368 0.305 0.251 0.076 1    
290:  0.421 0.228 0.309 0.042 1    
291:  0.331 0.355 0.230 0.084 1    
292:  0.217 0.465 0.225 0.093 1    
293:  0.509 0.207 0.243 0.040 1    
294:  0.250 0.380 0.312 0.057 1    
295:  0.390 0.271 0.254 0.085 1    
296:  0.230 0.256 0.224 0.289 1    
297:  0.253 0.297 0.367 0.083 1    
298:  0.296 0.310 0.367 0.027 1    
299:  0.364 0.272 0.269 0.095 1    
300:  0.181 0.310 0.274 0.236 1    
301:  0.250 0.186 0.189 0.376 1    
302:  0.273 0.345 0.293 0.088 1    
303:  0.282 0.266 0.370 0.082 1    
304:  0.274 0.286 0.374 0.067 1    
305:  0.241 0.349 0.356 0.054 1    
306:  0.356 0.223 0.265 0.155 1    
307:  0.206 0.423 0.335 0.036 1    
308:  0.275 0.275 0.370 0.080 1    
309:  0.236 0.306 0.372 0.086 1    
310:  0.214 0.485 0.205 0.096 1    
311:  0.290 0.309 0.345 0.056 1    
312:  0.364 0.248 0.305 0.084 1    
313:  0.246 0.327 0.381 0.046 1    
314:  0.227 0.312 0.407 0.054 1    
315:  0.282 0.409 0.274 0.036 1    
316:  0.156 0.174 0.164 0.507 1    
317:  0.225 0.396 0.310 0.068 1    
318:  0.348 0.310 0.287 0.055 1    
319:  0.312 0.284 0.341 0.063 1    
320:  0.325 0.281 0.329 0.065 1    
321:  0.147 0.136 0.141 0.575 1    
322:  0.263 0.338 0.298 0.100 1    
323:  0.276 0.262 0.378 0.085 1    
324:  0.271 0.384 0.264 0.081 1    
325:  0.324 0.284 0.356 0.036 1    
326:  0.285 0.415 0.263 0.036 1    
327:  0.249 0.281 0.178 0.292 1    
328:  0.306 0.373 0.299 0.021 1    
329:  0.411 0.258 0.270 0.062 1    
330:  0.264 0.278 0.264 0.194 1    
331:  0.288 0.278 0.337 0.096 1    
332:  0.329 0.364 0.272 0.034 1    
333:  0.348 0.302 0.305 0.044 1    
334:  0.275 0.399 0.263 0.063 1    
335:  0.233 0.199 0.184 0.385 1    
336:  0.309 0.266 0.281 0.144 1    
337:  0.223 0.519 0.234 0.024 1    
338:  0.435 0.221 0.310 0.034 1    
339:  0.209 0.507 0.209 0.075 1    
340:  0.156 0.209 0.161 0.474 1    
341:  0.302 0.268 0.245 0.186 1    
342:  0.284 0.367 0.295 0.054 1    
343:  0.343 0.352 0.260 0.045 1    
344:  0.275 0.376 0.268 0.082 1    
345:  0.406 0.255 0.298 0.041 1    
346:  0.270 0.320 0.341 0.069 1    
347:  0.412 0.286 0.250 0.052 1    
348:  0.253 0.336 0.319 0.092 1    
349:  0.358 0.240 0.286 0.116 1    
350:  0.224 0.250 0.231 0.296 1    
351:  0.311 0.276 0.290 0.123 1    
352:  0.309 0.286 0.374 0.031 1    
353:  0.121 0.070 0.077 0.732 1    
354:  0.354 0.257 0.345 0.043 1    
355:  0.406 0.302 0.256 0.036 1    
356:  0.306 0.319 0.262 0.112 1    
357:  0.437 0.246 0.234 0.083 1    
358:  0.448 0.248 0.256 0.048 1    
359:  0.386 0.181 0.255 0.178 1    
360:  0.456 0.196 0.242 0.106 1    
361:  0.310 0.307 0.317 0.066 1    
362:  0.249 0.202 0.166 0.383 1    
363:  0.235 0.284 0.226 0.255 1    
364:  0.319 0.300 0.246 0.135 1    
365:  0.191 0.237 0.202 0.371 1    
366:  0.333 0.236 0.300 0.131 1    
367:  0.068 0.106 0.080 0.746 1    
368:  0.292 0.379 0.278 0.051 1    
369:  0.248 0.366 0.337 0.049 1    
370:  0.428 0.216 0.242 0.113 1    
371:  0.244 0.257 0.294 0.204 1    
372:  0.242 0.308 0.381 0.068 1    
373:  0.352 0.210 0.215 0.224 1    
374:  0.429 0.228 0.253 0.090 1    
375:  0.283 0.264 0.291 0.163 1    
376:  0.340 0.262 0.218 0.180 1    
377:  0.477 0.225 0.242 0.055 1    
378:  0.258 0.403 0.292 0.047 1    
379:  0.271 0.292 0.305 0.131 1    
380:  0.380 0.292 0.203 0.125 1    
381:  0.345 0.263 0.323 0.069 1    
382:  0.312 0.260 0.381 0.047 1    
383:  0.278 0.294 0.329 0.099 1    
384:  0.277 0.324 0.375 0.023 1    
385:  0.220 0.319 0.262 0.199 1    
386:  0.304 0.333 0.314 0.049 1    
387:  0.214 0.313 0.201 0.272 1    
388:  0.207 0.097 0.111 0.585 1    
389:  0.214 0.118 0.122 0.545 1    
390:  0.256 0.375 0.301 0.068 1    
391:  0.385 0.242 0.302 0.071 1    
392:  0.241 0.345 0.250 0.164 1    
393:  0.314 0.310 0.319 0.057 1    
394:  0.393 0.278 0.235 0.094 1    
395:  0.235 0.379 0.238 0.148 1    
396:  0.225 0.512 0.218 0.045 1    
397:  0.231 0.218 0.173 0.378 1    
398:  0.241 0.379 0.349 0.031 1    
399:  0.358 0.302 0.315 0.026 1    
400:  0.255 0.365 0.257 0.124 1    
401:  0.278 0.293 0.190 0.239 1    
402:  0.195 0.436 0.283 0.086 1    
403:  0.192 0.314 0.180 0.315 1    
404:  0.334 0.266 0.329 0.072 1    
405:  0.395 0.306 0.254 0.045 1    
406:  0.127 0.111 0.099 0.663 1    
407:  0.221 0.190 0.188 0.401 1    
408:  0.286 0.313 0.367 0.034 1    
409:  0.275 0.341 0.284 0.100 1    
410:  0.192 0.244 0.198 0.366 1    
411:  0.352 0.267 0.334 0.047 1    
412:  0.285 0.389 0.255 0.071 1    
413:  0.287 0.294 0.390 0.028 1    
414:  0.288 0.269 0.192 0.251 1    
415:  0.350 0.300 0.278 0.072 1    
416:  0.383 0.264 0.310 0.043 1    
417:  0.426 0.198 0.227 0.148 1    
418:  0.267 0.332 0.363 0.037 1    
419:  0.410 0.209 0.259 0.122 1    
420:  0.155 0.134 0.126 0.585 1    
421:  0.214 0.418 0.308 0.060 1    
422:  0.286 0.279 0.405 0.030 1    
423:  0.459 0.240 0.259 0.041 1    
424:  0.281 0.198 0.254 0.267 1    
425:  0.247 0.300 0.232 0.221 1    
426:  0.268 0.310 0.322 0.099 1    
427:  0.344 0.309 0.311 0.036 1    
428:  0.202 0.522 0.226 0.051 1    
429:  0.125 0.159 0.147 0.569 1    
430:  0.252 0.379 0.299 0.070 1    
431:  0.316 0.317 0.324 0.043 1    
432:  0.489 0.204 0.275 0.031 1    
433:  0.388 0.280 0.304 0.028 1    
434:  0.379 0.306 0.254 0.061 1    
435:  0.251 0.360 0.271 0.118 1    
436:  0.275 0.413 0.251 0.061 1    
437:  0.339 0.293 0.320 0.048 1    
438:  0.299 0.295 0.335 0.071 1    
439:  0.211 0.474 0.214 0.101 1    
440:  0.230 0.293 0.449 0.029 1    
441:  0.268 0.296 0.230 0.206 1    
442:  0.351 0.178 0.183 0.288 1    
