  1:   0.1810  0.1560  0.3630  0.3000  1
  2:   0.2780  0.3940  0.2320  0.0960  1
  3:   0.2440  0.2460  0.4350  0.0750  1
  4:   0.2613  0.2713  0.2643  0.2032  1
  5:   0.2320  0.1750  0.5570  0.0360  1
  6:   0.2597  0.3856  0.2408  0.1139  1
  7:   0.3197  0.2707  0.3796  0.0300  1
  8:   0.1351  0.1181  0.0951  0.6517  1
  9:   0.3190  0.3150  0.3390  0.0270  1
 10:   0.3720  0.3640  0.2050  0.0590  1
 11:   0.2577  0.2667  0.4416  0.0340  1
 12:   0.2490  0.2790  0.4120  0.0600  1
 13:   0.3180  0.4130  0.2170  0.0520  1
 14:   0.2873  0.2523  0.3994  0.0611  1
 15:   0.2897  0.3966  0.1978  0.1159  1
 16:   0.3100  0.3590  0.2790  0.0520  1
 17:   0.3670  0.4080  0.1770  0.0480  1
 18:   0.2010  0.2680  0.1670  0.3640  1
 19:   0.2070  0.1390  0.5220  0.1320  1
 20:   0.3370  0.3360  0.2910  0.0360  1
 21:   0.3500  0.3920  0.2050  0.0530  1
 22:   0.3734  0.4254  0.1752  0.0260  1
 23:   0.2840  0.3210  0.2410  0.1540  1
 24:   0.2880  0.3610  0.2660  0.0850  1
 25:   0.3290  0.2820  0.3390  0.0500  1
 26:   0.2390  0.1860  0.5250  0.0500  1
 27:   0.2130  0.1690  0.5500  0.0680  1
 28:   0.2950  0.4210  0.2290  0.0550  1
 29:   0.3167  0.4765  0.1818  0.0250  1
 30:   0.3290  0.3850  0.2270  0.0590  1
 31:   0.3530  0.3300  0.1950  0.1220  1
 32:   0.2920  0.3610  0.3040  0.0430  1
 33:   0.2743  0.4284  0.1942  0.1031  1
 34:   0.3410  0.3230  0.2480  0.0880  1
 35:   0.3780  0.3220  0.2340  0.0660  1
 36:   0.3147  0.4416  0.2158  0.0280  1
 37:   0.1920  0.1330  0.6410  0.0340  1
 38:   0.2620  0.2920  0.4170  0.0290  1
 39:   0.3147  0.3347  0.2737  0.0769  1
 40:   0.2360  0.2210  0.1320  0.4110  1
 41:   0.3443  0.3514  0.2543  0.0501  1
 42:   0.3340  0.4160  0.2170  0.0330  1
 43:   0.1830  0.1440  0.5840  0.0890  1
 44:   0.2830  0.2920  0.3680  0.0570  1
 45:   0.3247  0.4655  0.1808  0.0290  1
 46:   0.2900  0.4320  0.2190  0.0590  1
 47:   0.2418  0.2368  0.4406  0.0809  1
 48:   0.2600  0.2610  0.2400  0.2390  1
 49:   0.2630  0.3740  0.3070  0.0560  1
 50:   0.3127  0.4785  0.1858  0.0230  1
 51:   0.3100  0.3870  0.2090  0.0940  1
 52:   0.2903  0.3413  0.3303  0.0380  1
 53:   0.3060  0.3370  0.3090  0.0480  1
 54:   0.1898  0.1978  0.4615  0.1508  1
 55:   0.1540  0.1890  0.1470  0.5100  1
 56:   0.2490  0.2190  0.4740  0.0580  1
 57:   0.2810  0.4640  0.2360  0.0190  1
 58:   0.2530  0.3550  0.3420  0.0500  1
 59:   0.2860  0.4560  0.2370  0.0210  1
 60:   0.2680  0.3130  0.3870  0.0320  1
 61:   0.2000  0.2410  0.2280  0.3310  1
 62:   0.2983  0.4535  0.2272  0.0210  1
 63:   0.2960  0.3890  0.2420  0.0730  1
 64:   0.3610  0.4270  0.1710  0.0410  1
 65:   0.2370  0.1690  0.5300  0.0640  1
 66:   0.2980  0.3190  0.3210  0.0620  1
 67:   0.3310  0.4230  0.2150  0.0310  1
 68:   0.2880  0.3750  0.3020  0.0350  1
 69:   0.2580  0.3540  0.2970  0.0910  1
 70:   0.3904  0.3483  0.1331  0.1281  1
 71:   0.2270  0.2430  0.1740  0.3560  1
 72:   0.3130  0.4620  0.1970  0.0280  1
 73:   0.2590  0.2270  0.3590  0.1550  1
 74:   0.3070  0.3520  0.2280  0.1130  1
 75:   0.2740  0.2870  0.3860  0.0530  1
 76:   0.3150  0.3460  0.1370  0.2020  1
 77:   0.2860  0.3020  0.2420  0.1700  1
 78:   0.1600  0.1400  0.6080  0.0920  1
 79:   0.2150  0.1740  0.5860  0.0250  1
 80:   0.2430  0.2710  0.2770  0.2090  1
 81:   0.2340  0.2190  0.2860  0.2610  1
 82:   0.3110  0.2760  0.3260  0.0870  1
 83:   0.3420  0.3220  0.1990  0.1370  1
 84:   0.3430  0.3730  0.1610  0.1230  1
 85:   0.2760  0.4370  0.2220  0.0650  1
 86:   0.2310  0.2200  0.1790  0.3700  1
 87:   0.3140  0.4080  0.2370  0.0410  1
 88:   0.2770  0.4430  0.2020  0.0780  1
 89:   0.3540  0.2770  0.2630  0.1060  1
 90:   0.2330  0.2220  0.1500  0.3950  1
 91:   0.2817  0.2917  0.2707  0.1558  1
 92:   0.3090  0.4480  0.1630  0.0800  1
 93:   0.3153  0.3734  0.2302  0.0811  1
 94:   0.1930  0.1800  0.1660  0.4610  1
 95:   0.3290  0.4500  0.1620  0.0590  1
 96:   0.3380  0.3490  0.1970  0.1160  1
 97:   0.2743  0.2733  0.4124  0.0400  1
 98:   0.3750  0.4390  0.1460  0.0400  1
 99:   0.3814  0.3824  0.1912  0.0450  1
100:   0.1758  0.1508  0.6084  0.0649  1
101:   0.2540  0.1990  0.3970  0.1500  1
102:   0.2870  0.4890  0.1880  0.0360  1
103:   0.1441  0.1091  0.3283  0.4184  1
104:   0.3337  0.3267  0.2817  0.0579  1
105:   0.3230  0.2690  0.3180  0.0900  1
106:   0.3940  0.3240  0.1930  0.0890  1
107:   0.2060  0.2000  0.5130  0.0810  1
108:   0.2950  0.4390  0.2000  0.0660  1
109:   0.2897  0.2358  0.3926  0.0819  1
110:   0.2690  0.2230  0.4460  0.0620  1
111:   0.3157  0.3626  0.2208  0.1009  1
112:   0.2260  0.1890  0.4960  0.0890  1
113:   0.3130  0.3900  0.2600  0.0370  1
114:   0.2680  0.2870  0.2990  0.1460  1
115:   0.2460  0.2360  0.4190  0.0990  1
116:   0.3263  0.3403  0.2893  0.0440  1
117:   0.2533  0.2252  0.4284  0.0931  1
118:   0.2517  0.2617  0.3676  0.1189  1
119:   0.4320  0.3270  0.1580  0.0830  1
120:   0.1920  0.1950  0.1820  0.4310  1
121:   0.2770  0.2240  0.4050  0.0940  1
122:   0.3580  0.4110  0.1590  0.0720  1
123:   0.3410  0.3950  0.2250  0.0390  1
124:   0.2850  0.3850  0.2870  0.0430  1
125:   0.3470  0.2750  0.1810  0.1970  1
126:   0.2890  0.4850  0.1890  0.0370  1
127:   0.2683  0.2623  0.3944  0.0751  1
128:   0.3107  0.2537  0.3956  0.0400  1
129:   0.2280  0.1650  0.1900  0.4170  1
130:   0.3690  0.2800  0.2010  0.1500  1
131:   0.3037  0.3337  0.2817  0.0809  1
132:   0.2970  0.3130  0.3420  0.0480  1
133:   0.4096  0.3217  0.2328  0.0360  1
134:   0.2957  0.3057  0.3177  0.0809  1
135:   0.0840  0.0670  0.1220  0.7270  1
136:   0.3170  0.3600  0.2370  0.0860  1
137:   0.1658  0.1149  0.3816  0.3377  1
138:   0.2837  0.3796  0.2857  0.0509  1
139:   0.2470  0.2210  0.4350  0.0970  1
140:   0.2500  0.1900  0.4600  0.1000  1
141:   0.2360  0.1970  0.3930  0.1740  1
142:   0.3087  0.2607  0.2627  0.1678  1
143:   0.2142  0.1822  0.5055  0.0981  1
144:   0.3153  0.4735  0.1722  0.0390  1
145:   0.2860  0.4760  0.2070  0.0310  1
146:   0.1960  0.1690  0.4920  0.1430  1
147:   0.2740  0.4070  0.2770  0.0420  1
148:   0.2747  0.2567  0.4226  0.0460  1
149:   0.2650  0.2060  0.3940  0.1350  1
150:   0.2200  0.1740  0.3440  0.2620  1
151:   0.3210  0.2830  0.2650  0.1310  1
152:   0.3013  0.2322  0.3644  0.1021  1
153:   0.2630  0.2560  0.3990  0.0820  1
154:   0.4404  0.3363  0.1872  0.0360  1
155:   0.3140  0.2750  0.2930  0.1180  1
156:   0.2967  0.2228  0.3966  0.0839  1
157:   0.2880  0.2980  0.3440  0.0700  1
158:   0.2723  0.2462  0.1812  0.3003  1
159:   0.3173  0.4174  0.1922  0.0731  1
160:   0.3450  0.3330  0.2640  0.0580  1
161:   0.2450  0.2060  0.1820  0.3670  1
162:   0.2890  0.2490  0.4050  0.0570  1
163:   0.2753  0.2863  0.2713  0.1672  1
164:   0.3440  0.4180  0.1540  0.0840  1
165:   0.3290  0.3320  0.2820  0.0570  1
166:   0.2680  0.2520  0.3580  0.1220  1
167:   0.3447  0.4346  0.1598  0.0609  1
168:   0.1880  0.2390  0.2440  0.3290  1
169:   0.4224  0.3393  0.1572  0.0811  1
170:   0.3890  0.4110  0.1620  0.0380  1
171:   0.3487  0.3836  0.2068  0.0609  1
172:   0.3150  0.4410  0.1890  0.0550  1
173:   0.2790  0.2710  0.3450  0.1050  1
174:   0.3010  0.3760  0.2330  0.0900  1
175:   0.3580  0.4040  0.1700  0.0680  1
176:   0.3013  0.2733  0.2362  0.1892  1
177:   0.2440  0.3030  0.2440  0.2090  1
178:   0.3140  0.2590  0.3530  0.0740  1
179:   0.2470  0.2470  0.4310  0.0750  1
180:   0.4020  0.3330  0.2480  0.0170  1
181:   0.2730  0.2690  0.2950  0.1630  1
182:   0.1648  0.1658  0.1948  0.4745  1
183:   0.3060  0.2430  0.1670  0.2840  1
184:   0.4054  0.3053  0.1592  0.1301  1
185:   0.3330  0.2950  0.2350  0.1370  1
186:   0.4500  0.3200  0.1610  0.0690  1
187:   0.4735  0.3407  0.1399  0.0460  1
188:   0.4424  0.3534  0.1532  0.0511  1
189:   0.2450  0.3040  0.3850  0.0660  1
190:   0.4480  0.3340  0.1330  0.0850  1
191:   0.3100  0.4630  0.1820  0.0450  1
192:   0.0680  0.0610  0.0920  0.7790  1
193:   0.1039  0.0909  0.1039  0.7013  1
194:   0.3250  0.2580  0.1320  0.2850  1
195:   0.3616  0.2637  0.2498  0.1249  1
196:   0.2870  0.2650  0.4090  0.0390  1
197:   0.2577  0.2887  0.2587  0.1948  1
198:   0.2850  0.3580  0.2970  0.0600  1
199:   0.2587  0.2717  0.2867  0.1828  1
200:   0.2770  0.2470  0.2880  0.1880  1
201:   0.2350  0.2700  0.1700  0.3250  1
202:   0.3410  0.4510  0.1870  0.0210  1
203:   0.1940  0.1670  0.4950  0.1440  1
204:   0.3754  0.2693  0.3223  0.0330  1
205:   0.3143  0.3153  0.3353  0.0350  1
206:   0.3463  0.3834  0.2132  0.0571  1
207:   0.3250  0.2520  0.3730  0.0500  1
208:   0.3780  0.3430  0.2490  0.0300  1
209:   0.2070  0.1850  0.2000  0.4080  1
210:   0.2470  0.2210  0.4840  0.0480  1
211:   0.3420  0.3510  0.2410  0.0660  1
212:   0.3350  0.3340  0.1330  0.1980  1
213:   0.2610  0.1840  0.4600  0.0950  1
214:   0.2070  0.1460  0.5530  0.0940  1
215:   0.3400  0.2680  0.2630  0.1290  1
216:   0.3430  0.3720  0.2100  0.0750  1
217:   0.1642  0.1241  0.6496  0.0621  1
218:   0.3470  0.2600  0.3520  0.0410  1
219:   0.3130  0.3040  0.3500  0.0330  1
220:   0.2850  0.2200  0.2500  0.2450  1
221:   0.2923  0.3213  0.2723  0.1141  1
222:   0.2607  0.2827  0.2857  0.1708  1
223:   0.1532  0.1421  0.2072  0.4975  1
224:   0.3160  0.3770  0.2210  0.0860  1
225:   0.2817  0.4046  0.2657  0.0480  1
226:   0.2683  0.3584  0.3263  0.0470  1
227:   0.3180  0.2870  0.1640  0.2310  1
228:   0.3690  0.2940  0.2230  0.1140  1
229:   0.3173  0.2813  0.3624  0.0390  1
230:   0.3760  0.3010  0.2450  0.0780  1
231:   0.3070  0.4080  0.2530  0.0320  1
232:   0.3150  0.2750  0.3550  0.0550  1
233:   0.2900  0.3650  0.2520  0.0930  1
234:   0.3940  0.3270  0.2330  0.0460  1
235:   0.2940  0.4470  0.2240  0.0350  1
236:   0.2330  0.2020  0.5270  0.0380  1
237:   0.2547  0.4316  0.2567  0.0569  1
238:   0.2857  0.2597  0.2947  0.1598  1
239:   0.3160  0.4590  0.2090  0.0160  1
240:   0.2108  0.1628  0.2657  0.3606  1
241:   0.3540  0.3250  0.2780  0.0430  1
242:   0.2640  0.2500  0.3620  0.1240  1
243:   0.2967  0.3996  0.2577  0.0460  1
244:   0.2272  0.2352  0.4494  0.0881  1
245:   0.3390  0.4440  0.1790  0.0380  1
246:   0.3240  0.4270  0.2290  0.0200  1
247:   0.2490  0.2630  0.3500  0.1380  1
248:   0.2440  0.2570  0.3510  0.1480  1
249:   0.2837  0.2348  0.1449  0.3367  1
250:   0.3150  0.2870  0.3400  0.0580  1
251:   0.3510  0.2510  0.3390  0.0590  1
252:   0.2480  0.3070  0.4190  0.0260  1
253:   0.1790  0.1660  0.2030  0.4520  1
254:   0.0691  0.0561  0.0460  0.8288  1
255:   0.3180  0.3510  0.1980  0.1330  1
256:   0.4456  0.3267  0.1708  0.0569  1
257:   0.3020  0.2350  0.2560  0.2070  1
258:   0.3240  0.4150  0.1880  0.0730  1
259:   0.2072  0.2332  0.4895  0.0701  1
260:   0.2180  0.2190  0.5440  0.0190  1
261:   0.3804  0.2913  0.2873  0.0410  1
262:   0.3313  0.2382  0.3844  0.0460  1
263:   0.2630  0.3380  0.2710  0.1280  1
264:   0.2680  0.3600  0.3300  0.0420  1
265:   0.2270  0.2070  0.2820  0.2840  1
266:   0.3100  0.4600  0.1740  0.0560  1
267:   0.2807  0.2368  0.4186  0.0639  1
268:   0.2400  0.2040  0.4930  0.0630  1
269:   0.2760  0.3030  0.3100  0.1110  1
270:   0.2248  0.1578  0.0969  0.5205  1
271:   0.2550  0.2240  0.4500  0.0710  1
272:   0.3770  0.3720  0.1960  0.0550  1
273:   0.2158  0.2098  0.5455  0.0290  1
274:   0.3043  0.4745  0.1942  0.0270  1
275:   0.2703  0.2412  0.4094  0.0791  1
276:   0.2680  0.2400  0.4350  0.0570  1
277:   0.3650  0.3020  0.2080  0.1250  1
278:   0.1840  0.1560  0.5330  0.1270  1
279:   0.3730  0.3400  0.2670  0.0200  1
280:   0.2963  0.3934  0.2653  0.0450  1
281:   0.2480  0.1910  0.2820  0.2790  1
282:   0.3003  0.4114  0.2382  0.0501  1
283:   0.4230  0.3530  0.1970  0.0270  1
284:   0.4414  0.3363  0.1892  0.0330  1
285:   0.2930  0.4050  0.2250  0.0770  1
286:   0.1850  0.2080  0.2070  0.4000  1
287:   0.3287  0.3876  0.2218  0.0619  1
288:   0.2833  0.2513  0.4264  0.0390  1
289:   0.3000  0.2340  0.3910  0.0750  1
290:   0.2543  0.2452  0.4575  0.0430  1
291:   0.3450  0.2670  0.3020  0.0860  1
292:   0.4320  0.3300  0.1390  0.0990  1
293:   0.2340  0.1360  0.5890  0.0410  1
294:   0.3690  0.3490  0.2260  0.0560  1
295:   0.3220  0.2400  0.3620  0.0760  1
296:   0.2472  0.2202  0.2412  0.2913  1
297:   0.2847  0.3497  0.2797  0.0859  1
298:   0.3330  0.3240  0.3150  0.0280  1
299:   0.2760  0.2510  0.3810  0.0920  1
300:   0.2990  0.3170  0.1520  0.2320  1
301:   0.1990  0.1900  0.2350  0.3760  1
302:   0.3804  0.3283  0.2022  0.0891  1
303:   0.2780  0.3620  0.2790  0.0810  1
304:   0.2623  0.4484  0.2232  0.0661  1
305:   0.3490  0.3820  0.2170  0.0520  1
306:   0.2310  0.1990  0.4100  0.1600  1
307:   0.3710  0.4250  0.1680  0.0360  1
308:   0.3020  0.3620  0.2550  0.0810  1
309:   0.3320  0.3740  0.2110  0.0830  1
310:   0.4655  0.3263  0.1041  0.1041  1
311:   0.3143  0.3714  0.2603  0.0541  1
312:   0.2860  0.2870  0.3450  0.0820  1
313:   0.3460  0.3560  0.2520  0.0460  1
314:   0.2970  0.4420  0.2100  0.0510  1
315:   0.3760  0.3120  0.2760  0.0360  1
316:   0.1592  0.1792  0.1451  0.5165  1
317:   0.3447  0.4036  0.1828  0.0689  1
318:   0.2720  0.2580  0.4200  0.0500  1
319:   0.3230  0.2950  0.3180  0.0640  1
320:   0.2547  0.3207  0.3606  0.0639  1
321:   0.1380  0.1400  0.1490  0.5730  1
322:   0.3640  0.3220  0.2120  0.1020  1
323:   0.3063  0.3544  0.2573  0.0821  1
324:   0.3560  0.3270  0.2380  0.0790  1
325:   0.2800  0.3160  0.3700  0.0340  1
326:   0.3800  0.2880  0.2970  0.0350  1
327:   0.2458  0.1888  0.2777  0.2877  1
328:   0.3190  0.3150  0.3450  0.0210  1
329:   0.2860  0.2340  0.4210  0.0590  1
330:   0.2660  0.2750  0.2630  0.1960  1
331:   0.2780  0.3110  0.3210  0.0900  1
332:   0.3460  0.2390  0.3810  0.0340  1
333:   0.3040  0.2700  0.3830  0.0430  1
334:   0.3946  0.3137  0.2268  0.0649  1
335:   0.1978  0.1499  0.2727  0.3796  1
336:   0.2630  0.2820  0.3040  0.1510  1
337:   0.4890  0.3590  0.1270  0.0250  1
338:   0.2310  0.2460  0.4890  0.0340  1
339:   0.4920  0.3360  0.0940  0.0780  1
340:   0.2040  0.1940  0.1370  0.4650  1
341:   0.2600  0.2510  0.3020  0.1870  1
342:   0.3430  0.3380  0.2670  0.0520  1
343:   0.3250  0.2450  0.3840  0.0460  1
344:   0.3520  0.2990  0.2650  0.0840  1
345:   0.2533  0.2102  0.4965  0.0400  1
346:   0.3077  0.3506  0.2787  0.0629  1
347:   0.2550  0.1940  0.4980  0.0530  1
348:   0.3163  0.3834  0.2092  0.0911  1
349:   0.2577  0.2657  0.3606  0.1159  1
350:   0.2470  0.2230  0.2470  0.2830  1
351:   0.2730  0.2410  0.3660  0.1200  1
352:   0.3110  0.3180  0.3400  0.0310  1
353:   0.0690  0.0570  0.1400  0.7340  1
354:   0.2490  0.3200  0.3880  0.0430  1
355:   0.3020  0.2280  0.4330  0.0370  1
356:   0.3040  0.2550  0.3300  0.1110  1
357:   0.2240  0.1560  0.5390  0.0810  1
358:   0.2533  0.1732  0.5235  0.0501  1
359:   0.2000  0.1860  0.4370  0.1770  1
360:   0.1920  0.1280  0.5720  0.1080  1
361:   0.3110  0.2820  0.3420  0.0650  1
362:   0.1940  0.1560  0.2620  0.3880  1
363:   0.2620  0.2430  0.2490  0.2460  1
364:   0.2800  0.2460  0.3420  0.1320  1
365:   0.2202  0.2162  0.1752  0.3884  1
366:   0.2677  0.2677  0.3387  0.1259  1
367:   0.0900  0.0920  0.0580  0.7600  1
368:   0.3400  0.2930  0.3140  0.0530  1
369:   0.3397  0.3926  0.2188  0.0490  1
370:   0.1930  0.1610  0.5420  0.1040  1
371:   0.2590  0.3120  0.2310  0.1980  1
372:   0.3107  0.4046  0.2228  0.0619  1
373:   0.2018  0.1788  0.4006  0.2188  1
374:   0.2490  0.1690  0.4960  0.0860  1
375:   0.2980  0.2820  0.2640  0.1560  1
376:   0.2580  0.1860  0.3840  0.1720  1
377:   0.2150  0.1410  0.5900  0.0540  1
378:   0.3840  0.3480  0.2230  0.0450  1
379:   0.3240  0.2670  0.2810  0.1280  1
380:   0.2610  0.1980  0.4180  0.1230  1
381:   0.2850  0.2840  0.3650  0.0660  1
382:   0.2860  0.2890  0.3800  0.0450  1
383:   0.3057  0.3177  0.2817  0.0949  1
384:   0.3140  0.3970  0.2650  0.0240  1
385:   0.2800  0.3120  0.2020  0.2060  1
386:   0.3390  0.3100  0.3010  0.0500  1
387:   0.3010  0.2470  0.1890  0.2630  1
388:   0.0930  0.0680  0.2590  0.5800  1
389:   0.1110  0.0860  0.2530  0.5500  1
390:   0.3500  0.3740  0.2130  0.0630  1
391:   0.2500  0.2250  0.4530  0.0720  1
392:   0.3297  0.2937  0.2098  0.1668  1
393:   0.3110  0.3330  0.3000  0.0560  1
394:   0.2523  0.1862  0.4725  0.0891  1
395:   0.3500  0.3120  0.1790  0.1590  1
396:   0.4900  0.3350  0.1240  0.0510  1
397:   0.2088  0.1439  0.2567  0.3906  1
398:   0.4014  0.3694  0.1982  0.0310  1
399:   0.2870  0.2940  0.3940  0.0250  1
400:   0.3480  0.3360  0.1900  0.1260  1
401:   0.2840  0.1960  0.2950  0.2250  1
402:   0.3930  0.3920  0.1280  0.0870  1
403:   0.2797  0.2408  0.1558  0.3237  1
404:   0.2573  0.3694  0.3033  0.0701  1
405:   0.3343  0.2252  0.3954  0.0450  1
406:   0.1010  0.1010  0.1270  0.6710  1
407:   0.1890  0.1660  0.2320  0.4130  1
408:   0.3150  0.3320  0.3200  0.0330  1
409:   0.3760  0.2870  0.2370  0.1000  1
410:   0.2390  0.2220  0.1770  0.3620  1
411:   0.3090  0.2920  0.3510  0.0480  1
412:   0.3820  0.2980  0.2520  0.0680  1
413:   0.3110  0.3640  0.2970  0.0280  1
414:   0.2570  0.1750  0.3230  0.2450  1
415:   0.2983  0.2472  0.3844  0.0701  1
416:   0.2930  0.2280  0.4360  0.0430  1
417:   0.1982  0.1271  0.5285  0.1461  1
418:   0.3460  0.3860  0.2330  0.0350  1
419:   0.2170  0.2020  0.4630  0.1180  1
420:   0.1361  0.1211  0.1562  0.5866  1
421:   0.3840  0.4040  0.1460  0.0660  1
422:   0.2880  0.3960  0.2850  0.0310  1
423:   0.2200  0.1810  0.5590  0.0400  1
424:   0.2108  0.2218  0.2827  0.2847  1
425:   0.2670  0.2540  0.2430  0.2360  1
426:   0.3510  0.3330  0.2200  0.0960  1
427:   0.2907  0.2677  0.4066  0.0350  1
428:   0.4830  0.3610  0.0980  0.0580  1
429:   0.1670  0.1700  0.1110  0.5520  1
430:   0.3610  0.3370  0.2300  0.0720  1
431:   0.3050  0.3270  0.3260  0.0420  1
432:   0.1870  0.1510  0.6320  0.0300  1
433:   0.2613  0.2292  0.4835  0.0260  1
434:   0.3090  0.2270  0.4070  0.0570  1
435:   0.3463  0.3333  0.2082  0.1121  1
436:   0.3640  0.3310  0.2430  0.0620  1
437:   0.3470  0.2700  0.3380  0.0450  1
438:   0.2803  0.2923  0.3594  0.0681  1
439:   0.4390  0.3290  0.1250  0.1070  1
440:   0.2967  0.4615  0.2128  0.0290  1
441:   0.2720  0.2250  0.3040  0.1990  1
442:   0.1630  0.1250  0.4320  0.2800  1
443:   0.3103  0.2563  0.3964  0.0370  1
444:   0.2960  0.2290  0.4510  0.0240  1
445:   0.3680  0.3570  0.1960  0.0790  1
446:   0.2790  0.3390  0.3100  0.0720  1
447:   0.1600  0.1640  0.2840  0.3920  1
448:   0.3810  0.3380  0.2080  0.0730  1
449:   0.3470  0.4560  0.1600  0.0370  1
450:   0.1762  0.2452  0.1602  0.4184  1
451:   0.1998  0.1968  0.1029  0.5005  1
452:   0.3033  0.3994  0.2603  0.0370  1
453:   0.4140  0.3340  0.1490  0.1030  1
454:   0.3010  0.2880  0.3250  0.0860  1
455:   0.2790  0.4580  0.2020  0.0610  1
456:   0.2570  0.2180  0.4170  0.1080  1
457:   0.3370  0.4150  0.2170  0.0310  1
458:   0.2920  0.3580  0.2980  0.0520  1
459:   0.2042  0.2252  0.2272  0.3433  1
460:   0.1199  0.1049  0.1189  0.6563  1
461:   0.2870  0.3210  0.2670  0.1250  1
462:   0.3420  0.3070  0.3030  0.0480  1
463:   0.2797  0.4096  0.2747  0.0360  1
464:   0.2990  0.3340  0.3160  0.0510  1
465:   0.2927  0.2887  0.2917  0.1269  1
466:   0.1990  0.1760  0.2330  0.3920  1
467:   0.2930  0.2060  0.4610  0.0400  1
468:   0.3190  0.4110  0.2020  0.0680  1
469:   0.3714  0.3233  0.2823  0.0230  1
470:   0.2290  0.2680  0.2350  0.2680  1
471:   0.2330  0.2110  0.3110  0.2450  1
472:   0.3330  0.3420  0.2120  0.1130  1
473:   0.2482  0.2142  0.4985  0.0390  1
474:   0.2990  0.2740  0.3450  0.0820  1
475:   0.2070  0.2450  0.5270  0.0210  1
476:   0.1770  0.1550  0.1770  0.4910  1
477:   0.2717  0.2757  0.2807  0.1718  1
478:   0.2860  0.2880  0.3040  0.1220  1
479:   0.2240  0.2400  0.4320  0.1040  1
480:   0.2340  0.1910  0.3870  0.1880  1
481:   0.2740  0.3270  0.1910  0.2080  1
482:   0.2530  0.3220  0.1300  0.2950  1
483:   0.4084  0.3323  0.2232  0.0360  1
484:   0.3070  0.2450  0.2630  0.1850  1
485:   0.2408  0.2927  0.1608  0.3057  1
486:   0.2530  0.2230  0.3450  0.1790  1
487:   0.2797  0.2338  0.3986  0.0879  1
488:   0.2730  0.2460  0.1640  0.3170  1
489:   0.3427  0.4076  0.1998  0.0500  1
490:   0.2550  0.1930  0.4420  0.1100  1
491:   0.3240  0.2960  0.2600  0.1200  1
492:   0.2930  0.2210  0.2510  0.2350  1
493:   0.3313  0.4224  0.2162  0.0300  1
494:   0.3120  0.2450  0.3950  0.0480  1
495:   0.2390  0.1760  0.4540  0.1310  1
496:   0.3546  0.3057  0.1449  0.1948  1
497:   0.2790  0.3590  0.2970  0.0650  1
498:   0.3103  0.4384  0.2172  0.0340  1
499:   0.1620  0.1710  0.1830  0.4840  1
500:   0.2820  0.3310  0.3480  0.0390  1
501:   0.2030  0.2740  0.2810  0.2420  1
502:   0.3140  0.3310  0.2990  0.0560  1
503:   0.3630  0.3900  0.2070  0.0400  1
504:   0.2920  0.4930  0.1970  0.0180  1
505:   0.1230  0.1150  0.0990  0.6630  1
506:   0.1882  0.1512  0.0931  0.5676  1
507:   0.2570  0.1930  0.2860  0.2640  1
508:   0.2970  0.3710  0.2720  0.0600  1
509:   0.1410  0.1810  0.1140  0.5640  1
510:   0.2980  0.3320  0.2690  0.1010  1
511:   0.3067  0.2597  0.3726  0.0609  1
512:   0.2010  0.1740  0.2700  0.3550  1
513:   0.2963  0.3884  0.2342  0.0811  1
514:   0.2132  0.2623  0.1401  0.3844  1
515:   0.3010  0.2520  0.2760  0.1710  1
516:   0.2140  0.2160  0.2650  0.3050  1
517:   0.3440  0.3730  0.2330  0.0500  1
518:   0.3606  0.2428  0.2677  0.1289  1
519:   0.3400  0.3840  0.2500  0.0260  1
520:   0.3130  0.3720  0.1830  0.1320  1
521:   0.2480  0.2130  0.4590  0.0800  1
522:   0.1720  0.1640  0.1410  0.5230  1
523:   0.2580  0.4280  0.2780  0.0360  1
524:   0.3400  0.3090  0.2240  0.1270  1
525:   0.1550  0.1100  0.4350  0.3000  1
526:   0.2803  0.3333  0.3564  0.0300  1
527:   0.1750  0.2170  0.1490  0.4590  1
528:   0.2510  0.2500  0.1660  0.3330  1
529:   0.3550  0.3080  0.2560  0.0810  1
530:   0.2470  0.2890  0.1930  0.2710  1
531:   0.2717  0.3157  0.2847  0.1279  1
532:   0.2390  0.3230  0.3560  0.0820  1
533:   0.3900  0.2920  0.2560  0.0620  1
534:   0.3070  0.4230  0.1940  0.0760  1
535:   0.2767  0.3427  0.2398  0.1409  1
536:   0.2440  0.2870  0.3060  0.1630  1
537:   0.4250  0.2860  0.1390  0.1500  1
538:   0.0890  0.0730  0.1310  0.7070  1
539:   0.2420  0.3050  0.1680  0.2850  1
540:   0.2790  0.4080  0.2590  0.0540  1
541:   0.3000  0.4780  0.1860  0.0360  1
542:   0.3423  0.2893  0.3243  0.0440  1
543:   0.2960  0.4180  0.2570  0.0290  1
544:   0.2370  0.1970  0.5050  0.0610  1
545:   0.3333  0.3904  0.2032  0.0731  1
546:   0.2773  0.4314  0.2683  0.0230  1
547:   0.2620  0.2880  0.3580  0.0920  1
548:   0.3030  0.4330  0.2310  0.0330  1
549:   0.2420  0.2040  0.5070  0.0470  1
550:   0.2880  0.3500  0.3360  0.0260  1
551:   0.2850  0.4850  0.1880  0.0420  1
552:   0.2523  0.2232  0.4424  0.0821  1
553:   0.2930  0.3290  0.2930  0.0850  1
554:   0.2470  0.2380  0.4750  0.0400  1
555:   0.3120  0.2500  0.2940  0.1440  1
556:   0.3420  0.3650  0.1610  0.1320  1
557:   0.3270  0.2690  0.2240  0.1800  1
558:   0.3050  0.2270  0.2120  0.2560  1
559:   0.0540  0.0480  0.0400  0.8580  1
560:   0.2340  0.2490  0.3450  0.1720  1
561:   0.0900  0.0660  0.0770  0.7670  1
562:   0.2138  0.2068  0.2158  0.3636  1
563:   0.0450  0.0390  0.0640  0.8520  1
564:   0.1730  0.1640  0.1130  0.5500  1
565:   0.0440  0.0420  0.0510  0.8630  1
566:   0.2010  0.2040  0.1950  0.4000  1
567:   0.1260  0.1350  0.1510  0.5880  1
568:   0.2440  0.2870  0.3600  0.1090  1
569:   0.1730  0.1410  0.1230  0.5630  1
570:   0.2970  0.2600  0.1500  0.2930  1
571:   0.1480  0.1270  0.2120  0.5130  1
572:   0.1031  0.0831  0.0971  0.7167  1
573:   0.0430  0.0470  0.0390  0.8709  1
574:   0.2090  0.1630  0.2480  0.3800  1
575:   0.1050  0.0900  0.1870  0.6180  1
576:   0.1120  0.1250  0.1510  0.6120  1
577:   0.0610  0.0620  0.0580  0.8190  1
578:   0.1360  0.1120  0.1440  0.6080  1
579:   0.1020  0.0950  0.0980  0.7050  1
580:   0.0509  0.0410  0.0749  0.8332  1
581:   0.1528  0.2008  0.1039  0.5425  1
582:   0.0650  0.0710  0.0640  0.8000  1
583:   0.0430  0.0370  0.0420  0.8780  1
584:   0.0610  0.0540  0.0450  0.8400  1
585:   0.0480  0.0510  0.0590  0.8420  1
586:   0.1592  0.1191  0.2773  0.4444  1
587:   0.2280  0.1830  0.2970  0.2920  1
588:   0.2152  0.2643  0.1391  0.3814  1
589:   0.1820  0.1400  0.3380  0.3400  1
590:   0.0360  0.0320  0.0300  0.9020  1
591:   0.1240  0.1200  0.0860  0.6700  1
592:   0.0750  0.0600  0.1140  0.7510  1
593:   0.1499  0.1279  0.1079  0.6144  1
594:   0.0300  0.0320  0.0320  0.9060  1
595:   0.0460  0.0430  0.0530  0.8580  1
596:   0.0870  0.0920  0.0890  0.7320  1
597:   0.0761  0.0811  0.0641  0.7788  1
598:   0.0210  0.0210  0.0210  0.9370  1
599:   0.0620  0.0590  0.0490  0.8300  1
600:   0.3976  0.3367  0.1459  0.1199  1
601:   0.0870  0.0700  0.1180  0.7250  1
602:   0.0230  0.0230  0.0220  0.9320  1
603:   0.1120  0.0880  0.1420  0.6580  1
604:   0.1120  0.0950  0.0570  0.7360  1
605:   0.0610  0.0490  0.0560  0.8340  1
606:   0.1550  0.1260  0.3830  0.3360  1
607:   0.2680  0.2190  0.2180  0.2950  1
608:   0.0650  0.0550  0.0740  0.8060  1
609:   0.2170  0.1530  0.2420  0.3880  1
610:   0.0410  0.0400  0.0340  0.8850  1
611:   0.2250  0.2000  0.1960  0.3790  1
612:   0.0320  0.0290  0.0320  0.9070  1
613:   0.2288  0.2238  0.1578  0.3896  1
614:   0.0870  0.0760  0.0700  0.7670  1
615:   0.1620  0.1110  0.0730  0.6540  1
616:   0.1490  0.1250  0.0650  0.6610  1
617:   0.1300  0.1520  0.1110  0.6070  1
618:   0.0450  0.0410  0.0420  0.8721  1
619:   0.0290  0.0270  0.0290  0.9150  1
620:   0.0260  0.0230  0.0250  0.9259  1
621:   0.0710  0.0590  0.0630  0.8070  1
622:   0.0510  0.0430  0.0500  0.8560  1
623:   0.0370  0.0410  0.0420  0.8800  1
624:   0.0661  0.0671  0.0621  0.8048  1
625:   0.0410  0.0380  0.0501  0.8709  1
626:   0.0210  0.0220  0.0210  0.9360  1
627:   0.0360  0.0290  0.0340  0.9010  1
628:   0.0250  0.0280  0.0260  0.9209  1
629:   0.0320  0.0330  0.0280  0.9069  1
630:   0.0520  0.0500  0.0450  0.8530  1
631:   0.0300  0.0280  0.0260  0.9160  1
632:   0.1360  0.0930  0.2770  0.4940  1
633:   0.0260  0.0250  0.0270  0.9219  1
634:   0.1540  0.1440  0.2230  0.4790  1
635:   0.1150  0.1140  0.1450  0.6260  1
636:   0.1019  0.0849  0.0539  0.7592  1
637:   0.0240  0.0230  0.0240  0.9290  1
638:   0.1100  0.0830  0.1720  0.6350  1
639:   0.0340  0.0280  0.0310  0.9070  1
640:   0.0460  0.0430  0.0450  0.8660  1
641:   0.0380  0.0360  0.0519  0.8741  1
642:   0.0709  0.0619  0.0619  0.8052  1
643:   0.0380  0.0340  0.0350  0.8930  1
644:   0.0720  0.0640  0.0500  0.8140  1
645:   0.0880  0.0690  0.0540  0.7890  1
646:   0.0510  0.0510  0.0390  0.8590  1
647:   0.1990  0.1860  0.3190  0.2960  1
648:   0.1441  0.1261  0.2202  0.5095  1
649:   0.0440  0.0410  0.0320  0.8830  1
650:   0.2660  0.2040  0.0650  0.4650  1
651:   0.0500  0.0470  0.0450  0.8580  1
652:   0.0679  0.0539  0.0819  0.7962  1
653:   0.0760  0.0710  0.1000  0.7530  1
654:   0.0370  0.0350  0.0440  0.8841  1
655:   0.0390  0.0410  0.0430  0.8771  1
656:   0.0180  0.0190  0.0210  0.9420  1
657:   0.0290  0.0270  0.0290  0.9151  1
658:   0.0570  0.0500  0.0660  0.8270  1
659:   0.1940  0.1580  0.1190  0.5290  1
660:   0.0250  0.0240  0.0290  0.9220  1
661:   0.1948  0.1728  0.1748  0.4575  1
662:   0.0260  0.0270  0.0250  0.9220  1
663:   0.0769  0.0719  0.0959  0.7552  1
664:   0.0840  0.0840  0.0580  0.7740  1
665:   0.0310  0.0270  0.0320  0.9100  1
666:   0.0290  0.0300  0.0380  0.9031  1
667:   0.0640  0.0590  0.0770  0.8000  1
668:   0.0709  0.0549  0.0589  0.8152  1

  1:   0.1630  0.2180  0.3150  0.3040  1
  2:   0.2720  0.3870  0.2460  0.0950  1
  3:   0.2448  0.3267  0.3546  0.0739  1
  4:   0.2448  0.2877  0.2737  0.1938  1
  5:   0.2220  0.2800  0.4620  0.0360  1
  6:   0.2840  0.3430  0.2540  0.1190  1
  7:   0.3110  0.3010  0.3560  0.0320  1
  8:   0.1280  0.1080  0.1160  0.6480  1
  9:   0.3080  0.3470  0.3190  0.0260  1
 10:   0.3303  0.3353  0.2723  0.0621  1
 11:   0.2660  0.3150  0.3850  0.0340  1
 12:   0.2280  0.3310  0.3820  0.0590  1
 13:   0.3340  0.3630  0.2490  0.0540  1
 14:   0.2330  0.3420  0.3620  0.0630  1
 15:   0.2860  0.3520  0.2420  0.1200  1
 16:   0.2553  0.3834  0.3073  0.0541  1
 17:   0.3243  0.3764  0.2543  0.0450  1
 18:   0.1910  0.2540  0.1750  0.3800  1
 19:   0.1750  0.2410  0.4600  0.1240  1
 20:   0.3250  0.3450  0.2940  0.0360  1
 21:   0.3073  0.3834  0.2543  0.0551  1
 22:   0.3854  0.3744  0.2122  0.0280  1
 23:   0.2550  0.3350  0.2560  0.1540  1
 24:   0.2620  0.3740  0.2770  0.0870  1
 25:   0.3097  0.3267  0.3147  0.0490  1
 26:   0.2460  0.2920  0.4120  0.0500  1
 27:   0.1948  0.2757  0.4575  0.0719  1
 28:   0.3000  0.3940  0.2480  0.0580  1
 29:   0.2883  0.4655  0.2202  0.0260  1
 30:   0.3020  0.3830  0.2560  0.0590  1
 31:   0.3680  0.2800  0.2250  0.1270  1
 32:   0.2720  0.3820  0.3030  0.0430  1
 33:   0.2817  0.3876  0.2218  0.1089  1
 34:   0.3270  0.2930  0.2910  0.0890  1
 35:   0.3580  0.2920  0.2870  0.0630  1
 36:   0.3060  0.4400  0.2260  0.0280  1
 37:   0.2060  0.2610  0.4990  0.0340  1
 38:   0.2697  0.3297  0.3696  0.0310  1
 39:   0.2713  0.3433  0.3063  0.0791  1
 40:   0.2352  0.1972  0.1652  0.4024  1
 41:   0.3260  0.3570  0.2660  0.0510  1
 42:   0.3300  0.3840  0.2530  0.0330  1
 43:   0.2080  0.2290  0.4670  0.0960  1
 44:   0.2332  0.3734  0.3363  0.0571  1
 45:   0.3090  0.4470  0.2140  0.0300  1
 46:   0.2810  0.4290  0.2330  0.0570  1
 47:   0.2360  0.3140  0.3710  0.0790  1
 48:   0.2557  0.2617  0.2438  0.2388  1
 49:   0.2850  0.3430  0.3150  0.0570  1
 50:   0.3083  0.4414  0.2272  0.0230  1
 51:   0.2893  0.3744  0.2442  0.0921  1
 52:   0.2957  0.3816  0.2847  0.0380  1
 53:   0.2780  0.3490  0.3240  0.0490  1
 54:   0.1592  0.2763  0.4224  0.1421  1
 55:   0.1390  0.1900  0.1490  0.5220  1
 56:   0.2082  0.2803  0.4525  0.0591  1
 57:   0.2640  0.4550  0.2620  0.0190  1
 58:   0.2530  0.3630  0.3340  0.0500  1
 59:   0.2760  0.4450  0.2570  0.0220  1
 60:   0.2750  0.3410  0.3520  0.0320  1
 61:   0.1728  0.2687  0.2338  0.3247  1
 62:   0.2813  0.4394  0.2583  0.0210  1
 63:   0.3090  0.3460  0.2700  0.0750  1
 64:   0.3187  0.4196  0.2178  0.0440  1
 65:   0.2520  0.2550  0.4250  0.0680  1
 66:   0.2803  0.3393  0.3183  0.0621  1
 67:   0.3240  0.4010  0.2430  0.0320  1
 68:   0.2870  0.3810  0.2980  0.0340  1
 69:   0.2950  0.3090  0.3040  0.0920  1
 70:   0.4010  0.2690  0.2010  0.1290  1
 71:   0.1980  0.2810  0.1800  0.3410  1
 72:   0.2913  0.4545  0.2262  0.0280  1
 73:   0.2420  0.2610  0.3440  0.1530  1
 74:   0.3280  0.3150  0.2400  0.1170  1
 75:   0.2440  0.3410  0.3620  0.0530  1
 76:   0.3407  0.2757  0.1878  0.1958  1
 77:   0.3073  0.2673  0.2492  0.1762  1
 78:   0.1840  0.2630  0.4610  0.0920  1
 79:   0.2020  0.2780  0.4930  0.0270  1
 80:   0.2288  0.2837  0.2777  0.2098  1
 81:   0.2382  0.2232  0.2803  0.2583  1
 82:   0.2980  0.3070  0.3050  0.0900  1
 83:   0.3470  0.2870  0.2280  0.1380  1
 84:   0.3734  0.2973  0.2052  0.1241  1
 85:   0.2873  0.3994  0.2442  0.0691  1
 86:   0.2292  0.2162  0.1852  0.3694  1
 87:   0.3400  0.3710  0.2460  0.0430  1
 88:   0.2930  0.4020  0.2160  0.0890  1
 89:   0.3330  0.2770  0.2900  0.1000  1
 90:   0.2090  0.2150  0.1700  0.4060  1
 91:   0.2870  0.2840  0.2790  0.1500  1
 92:   0.3150  0.3920  0.2140  0.0790  1
 93:   0.3033  0.3574  0.2563  0.0831  1
 94:   0.1670  0.2050  0.1660  0.4620  1
 95:   0.3000  0.4220  0.2190  0.0590  1
 96:   0.2710  0.3720  0.2380  0.1190  1
 97:   0.2830  0.3090  0.3680  0.0400  1
 98:   0.4230  0.3350  0.2020  0.0400  1
 99:   0.4070  0.3050  0.2420  0.0460  1
100:   0.1790  0.2560  0.4980  0.0670  1
101:   0.2587  0.2517  0.3357  0.1538  1
102:   0.2950  0.4460  0.2200  0.0390  1
103:   0.1370  0.1770  0.2780  0.4080  1
104:   0.3610  0.2980  0.2840  0.0570  1
105:   0.2740  0.3290  0.3040  0.0930  1
106:   0.4104  0.2633  0.2402  0.0861  1
107:   0.2150  0.2770  0.4310  0.0770  1
108:   0.2767  0.4046  0.2448  0.0739  1
109:   0.2817  0.2637  0.3716  0.0829  1
110:   0.2462  0.2753  0.4184  0.0601  1
111:   0.3420  0.2850  0.2720  0.1010  1
112:   0.2170  0.2690  0.4180  0.0960  1
113:   0.2930  0.3900  0.2790  0.0380  1
114:   0.2470  0.3020  0.3010  0.1500  1
115:   0.2450  0.2810  0.3760  0.0980  1
116:   0.3120  0.3300  0.3140  0.0440  1
117:   0.2352  0.2903  0.3804  0.0941  1
118:   0.2550  0.2850  0.3380  0.1220  1
119:   0.4440  0.2400  0.2360  0.0800  1
120:   0.1828  0.1858  0.1988  0.4326  1
121:   0.3000  0.2350  0.3690  0.0960  1
122:   0.4260  0.2940  0.2070  0.0730  1
123:   0.3760  0.3360  0.2480  0.0400  1
124:   0.2757  0.3696  0.3107  0.0440  1
125:   0.3720  0.2080  0.2330  0.1870  1
126:   0.3167  0.4116  0.2308  0.0410  1
127:   0.2660  0.3100  0.3480  0.0760  1
128:   0.3323  0.2573  0.3684  0.0420  1
129:   0.2050  0.1660  0.2020  0.4270  1
130:   0.3860  0.2300  0.2460  0.1380  1
131:   0.2740  0.3370  0.3110  0.0780  1
132:   0.3300  0.3070  0.3130  0.0500  1
133:   0.4290  0.2420  0.2920  0.0370  1
134:   0.2440  0.3440  0.3300  0.0820  1
135:   0.0870  0.0820  0.1060  0.7250  1
136:   0.3610  0.3080  0.2440  0.0870  1
137:   0.1770  0.1690  0.3270  0.3270  1
138:   0.2760  0.3470  0.3250  0.0520  1
139:   0.2590  0.2660  0.3790  0.0960  1
140:   0.2070  0.2780  0.4170  0.0980  1
141:   0.2220  0.2370  0.3670  0.1740  1
142:   0.3013  0.2583  0.2693  0.1712  1
143:   0.2060  0.2650  0.4370  0.0920  1
144:   0.3220  0.4230  0.2140  0.0410  1
145:   0.3060  0.4080  0.2550  0.0310  1
146:   0.1840  0.2680  0.4010  0.1470  1
147:   0.2657  0.3826  0.3067  0.0450  1
148:   0.3170  0.2890  0.3440  0.0500  1
149:   0.2590  0.2500  0.3470  0.1440  1
150:   0.2240  0.2120  0.2960  0.2680  1
151:   0.2950  0.2980  0.2710  0.1360  1
152:   0.2973  0.2703  0.3283  0.1041  1
153:   0.2540  0.2880  0.3760  0.0820  1
154:   0.4520  0.2660  0.2450  0.0370  1
155:   0.3143  0.2793  0.2853  0.1211  1
156:   0.2248  0.2997  0.3926  0.0829  1
157:   0.2960  0.3110  0.3230  0.0700  1
158:   0.2600  0.2320  0.1990  0.3090  1
159:   0.2950  0.3850  0.2460  0.0740  1
160:   0.3427  0.3097  0.2857  0.0619  1
161:   0.2368  0.2078  0.1958  0.3596  1
162:   0.3227  0.2567  0.3606  0.0599  1
163:   0.2893  0.2733  0.2753  0.1622  1
164:   0.3804  0.3233  0.2092  0.0871  1
165:   0.3180  0.3290  0.2960  0.0570  1
166:   0.2452  0.2853  0.3463  0.1231  1
167:   0.3850  0.3420  0.2160  0.0570  1
168:   0.1952  0.2412  0.2282  0.3353  1
169:   0.4560  0.2360  0.2240  0.0840  1
170:   0.3960  0.3370  0.2270  0.0400  1
171:   0.3137  0.3866  0.2338  0.0659  1
172:   0.3390  0.3940  0.2130  0.0540  1
173:   0.2970  0.2800  0.3110  0.1120  1
174:   0.2950  0.3370  0.2800  0.0880  1
175:   0.4206  0.2877  0.2238  0.0679  1
176:   0.2620  0.3070  0.2460  0.1850  1
177:   0.2520  0.2860  0.2480  0.2140  1
178:   0.3187  0.2907  0.3157  0.0749  1
179:   0.2072  0.3353  0.3844  0.0731  1
180:   0.4230  0.2920  0.2680  0.0170  1
181:   0.2530  0.2880  0.2980  0.1610  1
182:   0.1658  0.1738  0.1858  0.4745  1
183:   0.3170  0.2060  0.2160  0.2610  1
184:   0.4190  0.2340  0.2210  0.1260  1
185:   0.2970  0.3050  0.2540  0.1440  1
186:   0.4520  0.2360  0.2470  0.0650  1
187:   0.4825  0.2352  0.2402  0.0420  1
188:   0.4645  0.2488  0.2358  0.0509  1
189:   0.2370  0.3340  0.3630  0.0660  1
190:   0.4575  0.2338  0.2238  0.0849  1
191:   0.3343  0.3844  0.2342  0.0470  1
192:   0.0730  0.0700  0.0870  0.7700  1
193:   0.1029  0.0879  0.1029  0.7063  1
194:   0.3260  0.2110  0.1810  0.2820  1
195:   0.3774  0.2152  0.2873  0.1201  1
196:   0.2933  0.2813  0.3844  0.0410  1
197:   0.2190  0.3220  0.2600  0.1990  1
198:   0.2913  0.3654  0.2823  0.0611  1
199:   0.2210  0.3120  0.2770  0.1900  1
200:   0.2680  0.2670  0.2780  0.1870  1
201:   0.2170  0.2530  0.2090  0.3210  1
202:   0.3480  0.4260  0.2060  0.0200  1
203:   0.2380  0.2120  0.4040  0.1460  1
204:   0.3920  0.2370  0.3380  0.0330  1
205:   0.2893  0.3554  0.3193  0.0360  1
206:   0.3230  0.3620  0.2550  0.0600  1
207:   0.3340  0.2480  0.3630  0.0550  1
208:   0.4054  0.2973  0.2673  0.0300  1
209:   0.2050  0.1750  0.2070  0.4130  1
210:   0.2570  0.2710  0.4230  0.0490  1
211:   0.3840  0.3010  0.2490  0.0660  1
212:   0.3740  0.2470  0.1820  0.1970  1
213:   0.2787  0.2388  0.3826  0.0999  1
214:   0.2260  0.2380  0.4380  0.0980  1
215:   0.3530  0.2480  0.2670  0.1320  1
216:   0.4000  0.2780  0.2470  0.0750  1
217:   0.1950  0.2390  0.5050  0.0610  1
218:   0.3770  0.2340  0.3450  0.0440  1
219:   0.2913  0.3353  0.3383  0.0350  1
220:   0.2580  0.2530  0.2500  0.2390  1
221:   0.2600  0.3570  0.2710  0.1120  1
222:   0.2790  0.2610  0.2810  0.1790  1
223:   0.1500  0.1430  0.1930  0.5140  1
224:   0.2720  0.3730  0.2710  0.0840  1
225:   0.3040  0.3600  0.2890  0.0470  1
226:   0.2650  0.3530  0.3380  0.0440  1
227:   0.3526  0.2248  0.1988  0.2238  1
228:   0.3377  0.2727  0.2727  0.1169  1
229:   0.3040  0.3200  0.3380  0.0380  1
230:   0.4400  0.2400  0.2470  0.0730  1
231:   0.3150  0.3960  0.2580  0.0310  1
232:   0.3050  0.3100  0.3310  0.0540  1
233:   0.2787  0.3297  0.2957  0.0959  1
234:   0.4034  0.2633  0.2853  0.0480  1
235:   0.3160  0.3980  0.2500  0.0360  1
236:   0.2130  0.2950  0.4540  0.0380  1
237:   0.2910  0.3580  0.2940  0.0570  1
238:   0.2570  0.2950  0.2820  0.1660  1
239:   0.2977  0.4426  0.2438  0.0160  1
240:   0.1988  0.1868  0.2438  0.3706  1
241:   0.3620  0.3010  0.2940  0.0430  1
242:   0.2480  0.2940  0.3280  0.1300  1
243:   0.2890  0.3860  0.2780  0.0470  1
244:   0.2280  0.2580  0.4270  0.0870  1
245:   0.3870  0.3540  0.2190  0.0400  1
246:   0.3170  0.4110  0.2510  0.0210  1
247:   0.2480  0.2670  0.3520  0.1330  1
248:   0.2110  0.3050  0.3380  0.1460  1
249:   0.2930  0.2010  0.1830  0.3230  1
250:   0.3520  0.2620  0.3260  0.0600  1
251:   0.3976  0.2248  0.3177  0.0599  1
252:   0.2757  0.3127  0.3846  0.0270  1
253:   0.1642  0.1792  0.2022  0.4545  1
254:   0.0741  0.0490  0.0591  0.8178  1
255:   0.2950  0.3340  0.2370  0.1340  1
256:   0.4955  0.2262  0.2272  0.0511  1
257:   0.2740  0.2560  0.2690  0.2010  1
258:   0.3143  0.3824  0.2262  0.0771  1
259:   0.2170  0.3160  0.3960  0.0710  1
260:   0.2150  0.3110  0.4540  0.0200  1
261:   0.3920  0.2590  0.3070  0.0420  1
262:   0.3250  0.2530  0.3730  0.0490  1
263:   0.2973  0.2853  0.2843  0.1331  1
264:   0.2470  0.3870  0.3240  0.0420  1
265:   0.2182  0.2182  0.2843  0.2793  1
266:   0.3250  0.3990  0.2190  0.0570  1
267:   0.2810  0.2920  0.3610  0.0660  1
268:   0.2753  0.2623  0.3954  0.0671  1
269:   0.2800  0.2980  0.3100  0.1120  1
270:   0.2260  0.1120  0.1350  0.5270  1
271:   0.2940  0.2470  0.3870  0.0720  1
272:   0.3720  0.3080  0.2670  0.0530  1
273:   0.2118  0.3067  0.4505  0.0310  1
274:   0.2930  0.4260  0.2530  0.0280  1
275:   0.2727  0.2947  0.3526  0.0799  1
276:   0.2673  0.2953  0.3774  0.0601  1
277:   0.4110  0.2250  0.2370  0.1270  1
278:   0.1762  0.2503  0.4374  0.1361  1
279:   0.3850  0.3060  0.2880  0.0210  1
280:   0.2677  0.3976  0.2907  0.0440  1
281:   0.2510  0.2100  0.2580  0.2810  1
282:   0.2900  0.3810  0.2780  0.0510  1
283:   0.4360  0.2780  0.2590  0.0270  1
284:   0.4680  0.2410  0.2570  0.0340  1
285:   0.3110  0.3550  0.2560  0.0780  1
286:   0.1972  0.1922  0.2032  0.4074  1
287:   0.2920  0.3940  0.2560  0.0580  1
288:   0.2933  0.3003  0.3644  0.0420  1
289:   0.3050  0.2510  0.3680  0.0760  1
290:   0.2280  0.3090  0.4210  0.0420  1
291:   0.3550  0.2300  0.3310  0.0840  1
292:   0.4650  0.2250  0.2170  0.0930  1
293:   0.2072  0.2432  0.5095  0.0400  1
294:   0.3804  0.3123  0.2503  0.0571  1
295:   0.2710  0.2540  0.3900  0.0850  1
296:   0.2563  0.2242  0.2302  0.2893  1
297:   0.2970  0.3670  0.2530  0.0830  1
298:   0.3100  0.3670  0.2960  0.0270  1
299:   0.2720  0.2690  0.3640  0.0950  1
300:   0.3097  0.2737  0.1808  0.2358  1
301:   0.1858  0.1888  0.2498  0.3756  1
302:   0.3453  0.2933  0.2733  0.0881  1
303:   0.2660  0.3700  0.2820  0.0820  1
304:   0.2857  0.3736  0.2737  0.0669  1
305:   0.3490  0.3560  0.2410  0.0540  1
306:   0.2232  0.2653  0.3564  0.1552  1
307:   0.4230  0.3350  0.2060  0.0360  1
