           1  1 0.1209 0.1069 0.1369 0.0967 0.1146 0.1149 0.0941 0.1034 0.1114 
           2  1 0.1059 0.1135 0.1135 0.1159 0.1091 0.1030 0.1173 0.1072 0.1146 
           3  1 0.1053 0.1020 0.0934 0.1234 0.0944 0.1107 0.1303 0.1173 0.1232 
           4  1 0.1074 0.1181 0.1236 0.1067 0.1254 0.1056 0.1062 0.1051 0.1018 
           5  1 0.1148 0.0941 0.0921 0.1209 0.1051 0.1140 0.1138 0.1240 0.1212 
           6  1 0.1092 0.1137 0.1073 0.1113 0.1085 0.1142 0.1116 0.1140 0.1102 
           7  1 0.1221 0.1045 0.1082 0.1091 0.1168 0.1206 0.0997 0.1091 0.1099 
           8  1 0.1287 0.0974 0.0853 0.1203 0.1037 0.1259 0.0980 0.1254 0.1151 
           9  1 0.1155 0.1063 0.1138 0.1067 0.1063 0.1202 0.1065 0.1130 0.1118 
          10  1 0.1269 0.0989 0.0997 0.1158 0.1041 0.1215 0.1062 0.1123 0.1146 
          11  1 0.1020 0.0904 0.0997 0.1202 0.0986 0.1128 0.1293 0.1242 0.1228 
          12  1 0.1146 0.0994 0.0998 0.1129 0.1117 0.1115 0.1143 0.1194 0.1165 
          13  1 0.1243 0.0912 0.0666 0.1172 0.1076 0.1297 0.1108 0.1368 0.1157 
          14  1 0.1122 0.1147 0.1054 0.1092 0.1150 0.1138 0.1096 0.1098 0.1103 
          15  1 0.1156 0.1059 0.1228 0.1040 0.1179 0.1095 0.1070 0.1047 0.1125 
          16  1 0.1187 0.1101 0.1118 0.1082 0.1108 0.1216 0.0997 0.1093 0.1097 
          17  1 0.0890 0.1023 0.1021 0.1232 0.1051 0.1057 0.1306 0.1244 0.1176 
          18  1 0.1090 0.0995 0.1012 0.1189 0.1017 0.1085 0.1233 0.1188 0.1192 
          19  1 0.1097 0.1077 0.1090 0.1160 0.1034 0.1106 0.1167 0.1144 0.1125 
          20  1 0.1073 0.1083 0.1393 0.1062 0.1083 0.0939 0.1162 0.1105 0.1100 
          21  1 0.1135 0.1096 0.1554 0.0953 0.1188 0.1025 0.0963 0.0993 0.1094 
          22  1 0.1213 0.1204 0.1468 0.0965 0.1191 0.1074 0.0944 0.0904 0.1037 
          23  1 0.1013 0.1084 0.1146 0.1164 0.1099 0.1110 0.1165 0.1087 0.1133 
          24  1 0.1065 0.1080 0.1015 0.1169 0.1066 0.1097 0.1209 0.1158 0.1141 
          25  1 0.1094 0.1177 0.1321 0.1035 0.1170 0.1005 0.1065 0.1043 0.1091 
          26  1 0.1016 0.0921 0.0834 0.1228 0.0976 0.1132 0.1360 0.1268 0.1264 
          27  1 0.1198 0.0912 0.0888 0.1115 0.1079 0.1327 0.1089 0.1268 0.1123 
          28  1 0.1122 0.1178 0.1436 0.0995 0.1222 0.1098 0.0955 0.0996 0.0997 
          29  1 0.0914 0.0936 0.0892 0.1304 0.0871 0.1065 0.1487 0.1285 0.1246 
          30  1 0.1188 0.1005 0.1046 0.1142 0.1034 0.1142 0.1133 0.1145 0.1165 
          31  1 0.1120 0.1108 0.0940 0.1141 0.1101 0.1100 0.1158 0.1181 0.1151 
          32  1 0.1105 0.1115 0.1121 0.1123 0.1147 0.1017 0.1118 0.1108 0.1146 
          33  1 0.1125 0.1067 0.1358 0.1039 0.1186 0.1114 0.1010 0.1053 0.1049 
          34  1 0.1085 0.0976 0.1071 0.1111 0.1083 0.1174 0.1170 0.1170 0.1159 
          35  1 0.1100 0.0980 0.1077 0.1128 0.1086 0.1192 0.1130 0.1155 0.1153 
          36  1 0.1198 0.1097 0.1097 0.1061 0.1172 0.1205 0.1002 0.1066 0.1102 
          37  1 0.0964 0.0820 0.0749 0.1419 0.0864 0.1008 0.1568 0.1330 0.1276 
          38  1 0.1035 0.0871 0.0680 0.1365 0.0851 0.1094 0.1498 0.1310 0.1296 
          39  1 0.1176 0.1165 0.1942 0.0771 0.1404 0.1041 0.0741 0.0834 0.0926 
          40  1 0.1207 0.1231 0.2153 0.0652 0.1510 0.1005 0.0650 0.0720 0.0873 
          41  1 0.1129 0.0999 0.1347 0.1063 0.1118 0.1046 0.1085 0.1097 0.1116 
          42  1 0.1203 0.1052 0.0827 0.1117 0.1166 0.1257 0.1092 0.1140 0.1146 
          43  1 0.1045 0.1104 0.0984 0.1183 0.0995 0.1075 0.1258 0.1170 0.1186 
          44  1 0.1337 0.1061 0.0886 0.1130 0.1054 0.1230 0.1051 0.1062 0.1188 
          45  1 0.1054 0.1083 0.1047 0.1150 0.1080 0.1102 0.1176 0.1164 0.1142 
          46  1 0.1272 0.1203 0.0928 0.1102 0.1157 0.1230 0.0940 0.1037 0.1130 
          47  1 0.1272 0.1110 0.0978 0.1091 0.1127 0.1245 0.0970 0.1089 0.1120 
          48  1 0.1261 0.1080 0.0910 0.1196 0.1036 0.1213 0.1118 0.1105 0.1080 
          49  1 0.0892 0.0808 0.0728 0.1377 0.0781 0.1048 0.1616 0.1386 0.1366 
          50  1 0.1050 0.0968 0.0708 0.1416 0.0923 0.1078 0.1378 0.1306 0.1172 
          51  1 0.1022 0.0822 0.0742 0.1408 0.0902 0.1108 0.1477 0.1313 0.1207 
          52  1 0.1241 0.0990 0.0742 0.1199 0.0967 0.1278 0.1073 0.1332 0.1177 
          53  1 0.1010 0.1051 0.1333 0.1067 0.1145 0.1030 0.1125 0.1080 0.1161 
          54  1 0.1202 0.1162 0.1017 0.1078 0.1142 0.1143 0.1001 0.1101 0.1152 
          55  1 0.1203 0.1272 0.1076 0.1101 0.1090 0.1111 0.0997 0.1071 0.1078 
          56  1 0.1134 0.0923 0.0942 0.1165 0.1049 0.1202 0.1105 0.1291 0.1190 
          57  1 0.1226 0.1096 0.1562 0.0943 0.1207 0.1134 0.0900 0.0908 0.1026 
          58  1 0.1003 0.0946 0.0933 0.1269 0.1015 0.1162 0.1235 0.1209 0.1228 
          59  1 0.1040 0.1189 0.0828 0.1340 0.0942 0.1028 0.1302 0.1137 0.1193 
          60  1 0.1120 0.1215 0.2087 0.0744 0.1414 0.0989 0.0755 0.0768 0.0908 
          61  1 0.1061 0.1048 0.1439 0.1007 0.1174 0.1069 0.1017 0.1076 0.1109 
          62  1 0.1247 0.1207 0.1048 0.1081 0.1172 0.1217 0.0939 0.1048 0.1041 
          63  1 0.1213 0.1035 0.0780 0.1235 0.1026 0.1130 0.1142 0.1264 0.1176 
          64  1 0.1135 0.1166 0.1552 0.0932 0.1216 0.1067 0.0968 0.0952 0.1012 
          65  1 0.1081 0.1157 0.1202 0.1126 0.1163 0.1070 0.1008 0.1073 0.1119 
          66  1 0.1191 0.1032 0.1106 0.1095 0.1068 0.1073 0.1104 0.1201 0.1131 
          67  1 0.1434 0.0963 0.0722 0.1165 0.1028 0.1363 0.0953 0.1292 0.1081 
          68  1 0.1264 0.1251 0.1057 0.1079 0.1206 0.1100 0.0994 0.1042 0.1007 
          69  1 0.1191 0.1092 0.1061 0.1145 0.1233 0.1102 0.0972 0.1075 0.1129 
          70  1 0.1087 0.1203 0.1131 0.1094 0.1101 0.1104 0.1103 0.1053 0.1124 
          71  1 0.1092 0.1062 0.1350 0.1039 0.1180 0.1075 0.1115 0.1039 0.1048 
          72  1 0.1052 0.0931 0.0885 0.1249 0.0967 0.1155 0.1304 0.1288 0.1170 
          73  1 0.0955 0.0918 0.0875 0.1291 0.0855 0.1067 0.1476 0.1250 0.1314 
          74  1 0.1136 0.1034 0.1374 0.0986 0.1249 0.1064 0.1021 0.1049 0.1086 
          75  1 0.1034 0.1060 0.1012 0.1178 0.1003 0.1108 0.1209 0.1202 0.1191 
          76  1 0.1225 0.1117 0.1497 0.0939 0.1206 0.1070 0.0927 0.0971 0.1049 
          77  1 0.1234 0.0997 0.0949 0.1178 0.1088 0.1220 0.1053 0.1115 0.1166 
          78  1 0.1264 0.1014 0.0858 0.1121 0.1097 0.1233 0.1091 0.1206 0.1115 
          79  1 0.1147 0.1285 0.1924 0.0771 0.1381 0.1001 0.0743 0.0803 0.0944 
          80  1 0.1117 0.1029 0.1046 0.1158 0.1056 0.1122 0.1176 0.1171 0.1125 
          81  1 0.1087 0.0980 0.1048 0.1145 0.1085 0.1109 0.1188 0.1173 0.1184 
          82  1 0.1108 0.1022 0.1017 0.1145 0.1040 0.1063 0.1231 0.1193 0.1181 
          83  1 0.1145 0.0966 0.1015 0.1221 0.1046 0.1140 0.1167 0.1139 0.1161 
          84  1 0.1241 0.1128 0.0988 0.1105 0.1103 0.1242 0.0962 0.1164 0.1067 
          85  1 0.1016 0.0924 0.0944 0.1230 0.0954 0.1028 0.1354 0.1286 0.1263 
          86  1 0.1125 0.1173 0.1200 0.1094 0.1090 0.1084 0.1125 0.1058 0.1051 
          87  1 0.0873 0.1003 0.1028 0.1279 0.1015 0.0982 0.1453 0.1221 0.1145 
          88  1 0.1305 0.1416 0.1112 0.0995 0.1247 0.1203 0.0806 0.0869 0.1047 
          89  1 0.1130 0.0958 0.0801 0.1289 0.0922 0.1191 0.1197 0.1295 0.1217 
          90  1 0.1270 0.1183 0.1055 0.1089 0.1141 0.1163 0.0992 0.0996 0.1111 
          91  1 0.1234 0.1063 0.0907 0.1147 0.1076 0.1171 0.1097 0.1166 0.1139 
          92  1 0.1223 0.0976 0.1229 0.1102 0.1076 0.1261 0.1018 0.1063 0.1052 
          93  1 0.1251 0.1129 0.0926 0.1134 0.1080 0.1177 0.1091 0.1108 0.1105 
          94  1 0.1281 0.1098 0.1398 0.0947 0.1235 0.1138 0.0891 0.0941 0.1071 
          95  1 0.1228 0.1049 0.0932 0.1082 0.1208 0.1171 0.1006 0.1153 0.1172 
          96  1 0.1169 0.0943 0.0884 0.1172 0.1044 0.1158 0.1151 0.1237 0.1242 
          97  1 0.1090 0.1153 0.1179 0.1113 0.1142 0.1065 0.1122 0.1085 0.1051 
          98  1 0.1174 0.1014 0.0946 0.1180 0.1058 0.1147 0.1128 0.1184 0.1169 
          99  1 0.1173 0.1082 0.0920 0.1114 0.1070 0.1128 0.1197 0.1165 0.1151 
         100  1 0.1177 0.1248 0.1030 0.1046 0.1187 0.1163 0.1016 0.1041 0.1092 
         101  1 0.1143 0.1094 0.0992 0.1111 0.1197 0.1197 0.1071 0.1132 0.1063 
         102  1 0.1043 0.1252 0.1268 0.1064 0.1222 0.1068 0.1088 0.1010 0.0986 
         103  1 0.1235 0.1130 0.0925 0.1100 0.1211 0.1328 0.0952 0.1021 0.1099 
         104  1 0.1170 0.1250 0.1188 0.1094 0.1158 0.1107 0.0975 0.1010 0.1049 
         105  1 0.1121 0.0901 0.0811 0.1248 0.0968 0.1194 0.1286 0.1230 0.1242 
         106  1 0.1181 0.0867 0.0740 0.1240 0.1084 0.1278 0.1214 0.1181 0.1216 
         107  1 0.1186 0.1132 0.0939 0.1147 0.1148 0.1171 0.1092 0.1086 0.1098 
         108  1 0.1136 0.1270 0.1171 0.1060 0.1133 0.1146 0.0998 0.1040 0.1047 
         109  1 0.1083 0.0940 0.0986 0.1142 0.1059 0.1227 0.1168 0.1222 0.1172 
         110  1 0.1046 0.1101 0.1207 0.1123 0.1176 0.1096 0.1049 0.1077 0.1126 
         111  1 0.1041 0.1095 0.0896 0.1229 0.0921 0.1148 0.1282 0.1225 0.1163 
         112  1 0.0949 0.0976 0.1155 0.1216 0.1054 0.1036 0.1235 0.1183 0.1196 
         113  1 0.1122 0.1120 0.1533 0.0918 0.1261 0.1015 0.0958 0.1011 0.1062 
         114  1 0.1087 0.1010 0.1063 0.1154 0.1085 0.1185 0.1066 0.1190 0.1160 
         115  1 0.1135 0.1189 0.1000 0.1114 0.1273 0.1209 0.0984 0.1019 0.1076 
         116  1 0.1086 0.1250 0.1105 0.1081 0.1138 0.1149 0.1077 0.1074 0.1040 
         117  1 0.1163 0.1021 0.1074 0.1097 0.1070 0.1107 0.1141 0.1205 0.1122 
         118  1 0.1276 0.0946 0.0793 0.1251 0.0969 0.1194 0.1170 0.1216 0.1184 
         119  1 0.1077 0.1033 0.0826 0.1219 0.1037 0.1126 0.1247 0.1228 0.1207 
         120  1 0.1094 0.0989 0.0890 0.1222 0.0974 0.1161 0.1245 0.1245 0.1179 
         121  1 0.1169 0.0908 0.0828 0.1187 0.1018 0.1252 0.1213 0.1255 0.1170 
         122  1 0.1176 0.1149 0.1477 0.0933 0.1270 0.1123 0.0897 0.0941 0.1033 
         123  1 0.1077 0.1129 0.1433 0.1054 0.1071 0.0978 0.1128 0.1046 0.1085 
         124  1 0.1090 0.1320 0.1992 0.0738 0.1427 0.0900 0.0762 0.0818 0.0954 
         125  1 0.1038 0.1121 0.1203 0.1109 0.1144 0.0982 0.1147 0.1100 0.1156 
         126  1 0.1198 0.1150 0.1674 0.0859 0.1301 0.1056 0.0855 0.0913 0.0993 
         127  1 0.1360 0.1038 0.0855 0.1157 0.1073 0.1304 0.0952 0.1193 0.1067 
         128  1 0.1012 0.0901 0.0947 0.1287 0.0920 0.1041 0.1408 0.1276 0.1208 
         129  1 0.1069 0.1047 0.1256 0.1078 0.1140 0.1041 0.1113 0.1083 0.1172 
         130  1 0.1112 0.1149 0.1184 0.1025 0.1186 0.1196 0.1020 0.1046 0.1082 
         131  1 0.1032 0.1505 0.1391 0.0942 0.1245 0.1063 0.0967 0.0916 0.0938 
         132  1 0.1080 0.1039 0.0931 0.1205 0.0950 0.1143 0.1276 0.1202 0.1175 
         133  1 0.1194 0.1238 0.1418 0.0944 0.1234 0.1079 0.0889 0.0943 0.1062 
         134  1 0.1120 0.1079 0.1379 0.1033 0.1155 0.1082 0.1010 0.1052 0.1091 
         135  1 0.0857 0.0829 0.0724 0.1468 0.0827 0.0971 0.1700 0.1373 0.1251 
         136  1 0.1342 0.1370 0.1133 0.1040 0.1215 0.1234 0.0805 0.0890 0.0969 
         137  1 0.1333 0.1076 0.0943 0.1075 0.1115 0.1279 0.0915 0.1146 0.1117 
         138  1 0.1190 0.1205 0.1103 0.1071 0.1112 0.1143 0.1031 0.1087 0.1058 
         139  1 0.1117 0.0943 0.0930 0.1179 0.1001 0.1174 0.1267 0.1150 0.1238 
         140  1 0.1264 0.1246 0.1369 0.0946 0.1169 0.1166 0.0881 0.0931 0.1027 
         141  1 0.1266 0.1004 0.0831 0.1095 0.1154 0.1302 0.1064 0.1180 0.1105 
         142  1 0.1158 0.1146 0.1063 0.1143 0.1055 0.1113 0.1155 0.1058 0.1109 
         143  1 0.1027 0.0970 0.0843 0.1271 0.0977 0.1083 0.1359 0.1270 0.1201 
         144  1 0.0922 0.1041 0.1036 0.1215 0.0996 0.1066 0.1308 0.1198 0.1218 
         145  1 0.1320 0.1171 0.0909 0.1141 0.1160 0.1254 0.0903 0.1030 0.1111 
         146  1 0.1081 0.1132 0.1560 0.0920 0.1295 0.1020 0.0954 0.1009 0.1030 
         147  1 0.1200 0.1033 0.0881 0.1200 0.1006 0.1197 0.1169 0.1150 0.1162 
         148  1 0.0964 0.0876 0.0832 0.1342 0.0881 0.1044 0.1459 0.1290 0.1312 
         149  1 0.1070 0.0992 0.1011 0.1226 0.1133 0.1133 0.1099 0.1169 0.1166 
         150  1 0.1057 0.0927 0.0936 0.1211 0.0941 0.1130 0.1327 0.1244 0.1226 
         151  1 0.0885 0.0908 0.0896 0.1355 0.0879 0.0983 0.1565 0.1297 0.1231 
         152  1 0.1054 0.1055 0.1101 0.1211 0.0983 0.1032 0.1220 0.1145 0.1199 
         153  1 0.0981 0.0919 0.0810 0.1333 0.0895 0.1087 0.1505 0.1203 0.1267 
         154  1 0.0992 0.0902 0.0908 0.1308 0.0972 0.1131 0.1366 0.1223 0.1197 
         155  1 0.1119 0.1141 0.1155 0.1063 0.1117 0.1150 0.1079 0.1070 0.1106 
         156  1 0.1390 0.1116 0.1072 0.1063 0.1233 0.1227 0.0842 0.1003 0.1054 
         157  1 0.1188 0.1190 0.1424 0.0938 0.1280 0.1090 0.0889 0.0993 0.1007 
         158  1 0.1065 0.1142 0.1161 0.1130 0.1095 0.1044 0.1141 0.1095 0.1126 
         159  1 0.1301 0.1037 0.0698 0.1083 0.1183 0.1428 0.0928 0.1159 0.1184 
         160  1 0.1087 0.1073 0.1289 0.1103 0.1093 0.1029 0.1108 0.1062 0.1155 
         161  1 0.1086 0.0989 0.1203 0.1153 0.1077 0.1041 0.1160 0.1125 0.1167 
         162  1 0.0935 0.0913 0.1019 0.1337 0.0925 0.0945 0.1444 0.1230 0.1253 
         163  1 0.1037 0.0984 0.1273 0.1088 0.1151 0.1084 0.1137 0.1098 0.1148 
         164  1 0.1058 0.0894 0.0929 0.1253 0.1009 0.1094 0.1296 0.1258 0.1209 
         165  1 0.0990 0.1044 0.1195 0.1163 0.1087 0.1022 0.1227 0.1112 0.1160 
         166  1 0.1160 0.1117 0.1008 0.1108 0.1136 0.1110 0.1078 0.1072 0.1211 
         167  1 0.1276 0.1057 0.1057 0.1088 0.1158 0.1226 0.1027 0.1044 0.1066 
         168  1 0.1135 0.1183 0.1588 0.0893 0.1307 0.1024 0.0919 0.0933 0.1017 
         169  1 0.1114 0.1078 0.0820 0.1290 0.1006 0.1100 0.1260 0.1188 0.1145 
         170  1 0.1260 0.0977 0.0953 0.1137 0.1127 0.1238 0.1047 0.1156 0.1104 
         171  1 0.1170 0.1096 0.0958 0.1183 0.1048 0.1077 0.1145 0.1117 0.1206 
         172  1 0.1137 0.1259 0.2265 0.0643 0.1515 0.0896 0.0676 0.0735 0.0875 
         173  1 0.1133 0.1201 0.1274 0.1044 0.1143 0.1135 0.1038 0.0993 0.1039 
         174  1 0.1081 0.1290 0.1243 0.0993 0.1191 0.1130 0.1020 0.1005 0.1048 
         175  1 0.1140 0.1045 0.1152 0.1104 0.1129 0.1123 0.1126 0.1091 0.1090 
         176  1 0.1164 0.0992 0.1008 0.1107 0.1068 0.1117 0.1159 0.1201 0.1183 
         177  1 0.0914 0.1033 0.0985 0.1264 0.0941 0.1043 0.1407 0.1265 0.1148 
         178  1 0.1250 0.1064 0.0836 0.1052 0.1238 0.1245 0.0992 0.1236 0.1087 
         179  1 0.1191 0.1088 0.0926 0.1168 0.0990 0.1193 0.1123 0.1152 0.1169 
         180  1 0.1089 0.1146 0.1027 0.1110 0.1120 0.1196 0.1144 0.1096 0.1072 
         181  1 0.1190 0.0876 0.0636 0.1212 0.0964 0.1218 0.1248 0.1439 0.1218 
         182  1 0.1114 0.1067 0.1147 0.1128 0.1093 0.1120 0.1133 0.1079 0.1119 
         183  1 0.1158 0.1181 0.1117 0.1005 0.1116 0.1166 0.1055 0.1107 0.1095 
         184  1 0.1191 0.1195 0.1281 0.1029 0.1160 0.1052 0.1022 0.1061 0.1009 
         185  1 0.1024 0.1135 0.1035 0.1198 0.1194 0.1065 0.1037 0.1091 0.1221 
         186  1 0.1387 0.1069 0.0924 0.1120 0.1116 0.1283 0.0995 0.1012 0.1094 
         187  1 0.1155 0.1097 0.1000 0.1183 0.1063 0.1152 0.1077 0.1115 0.1157 
         188  1 0.1075 0.0972 0.1020 0.1207 0.1040 0.1093 0.1208 0.1211 0.1174 
         189  1 0.1075 0.1027 0.0966 0.1227 0.1001 0.1088 0.1299 0.1153 0.1165 
         190  1 0.1140 0.1116 0.0913 0.1081 0.1109 0.1298 0.1042 0.1170 0.1131 
         191  1 0.1185 0.1011 0.0882 0.1195 0.1039 0.1188 0.1210 0.1192 0.1098 
         192  1 0.1178 0.1226 0.1127 0.1056 0.1159 0.1150 0.0993 0.1049 0.1063 
         193  1 0.1183 0.1113 0.1145 0.1040 0.1176 0.1205 0.1003 0.1013 0.1122 
         194  1 0.1168 0.1035 0.0923 0.1158 0.1106 0.1155 0.1094 0.1191 0.1169 
         195  1 0.1132 0.1457 0.1367 0.0894 0.1368 0.1080 0.0875 0.0950 0.0876 
         196  1 0.1088 0.1095 0.0929 0.1173 0.1060 0.1132 0.1188 0.1157 0.1177 
         197  1 0.1005 0.1001 0.0907 0.1281 0.1024 0.1106 0.1293 0.1197 0.1186 
         198  1 0.0974 0.0991 0.1050 0.1219 0.0974 0.1038 0.1315 0.1231 0.1207 
         199  1 0.1070 0.1461 0.1450 0.0923 0.1368 0.1068 0.0913 0.0869 0.0878 
         200  1 0.1037 0.1033 0.1300 0.1125 0.1091 0.1001 0.1222 0.1097 0.1094 
         201  1 0.1141 0.1182 0.1619 0.0901 0.1282 0.0993 0.0872 0.0942 0.1065 
         202  1 0.0938 0.1295 0.1226 0.1097 0.1175 0.1020 0.1193 0.1038 0.1017 
         203  1 0.1007 0.0989 0.1028 0.1281 0.0961 0.1022 0.1296 0.1184 0.1232 
         204  1 0.1093 0.1265 0.1615 0.0879 0.1286 0.1054 0.0905 0.0941 0.0961 
         205  1 0.1157 0.1025 0.0865 0.1153 0.1054 0.1199 0.1162 0.1237 0.1147 
         206  1 0.1122 0.1129 0.1259 0.1029 0.1131 0.1085 0.1073 0.1086 0.1086 
         207  1 0.1330 0.1101 0.0935 0.1042 0.1091 0.1283 0.0968 0.1159 0.1091 
         208  1 0.1164 0.1063 0.1060 0.1037 0.1171 0.1179 0.1048 0.1141 0.1137 
         209  1 0.1372 0.0997 0.0900 0.1127 0.1123 0.1250 0.0999 0.1099 0.1133 
         210  1 0.1034 0.1051 0.1177 0.1129 0.1123 0.1042 0.1176 0.1133 0.1134 
         211  1 0.0982 0.1055 0.0934 0.1288 0.0970 0.1012 0.1360 0.1213 0.1186 
         212  1 0.1178 0.1074 0.1425 0.0966 0.1195 0.1066 0.1002 0.1012 0.1082 
         213  1 0.1250 0.1156 0.1372 0.0949 0.1247 0.1049 0.0888 0.1040 0.1050 
         214  1 0.1178 0.1368 0.1114 0.1099 0.1113 0.1048 0.0970 0.1013 0.1096 
         215  1 0.1213 0.0997 0.0909 0.1079 0.1125 0.1213 0.1114 0.1166 0.1186 
         216  1 0.1110 0.0965 0.0969 0.1202 0.1019 0.1146 0.1199 0.1217 0.1173 
         217  1 0.1126 0.0857 0.0779 0.1162 0.1015 0.1269 0.1218 0.1364 0.1211 
         218  1 0.1271 0.0978 0.0834 0.1104 0.1154 0.1270 0.1083 0.1132 0.1175 
         219  1 0.1048 0.1117 0.1097 0.1116 0.1024 0.1113 0.1192 0.1180 0.1112 
         220  1 0.1066 0.1027 0.1327 0.1108 0.1133 0.1014 0.1074 0.1085 0.1165 
         221  1 0.1173 0.1140 0.0923 0.1194 0.1033 0.1077 0.1126 0.1155 0.1180 
         222  1 0.1180 0.0947 0.0789 0.1227 0.1023 0.1214 0.1110 0.1275 0.1235 
         223  1 0.1244 0.1065 0.0954 0.1085 0.1104 0.1213 0.1074 0.1130 0.1131 
         224  1 0.0933 0.0930 0.1044 0.1238 0.0959 0.0963 0.1421 0.1244 0.1267 
         225  1 0.1485 0.1150 0.0955 0.1058 0.1164 0.1329 0.0816 0.1044 0.1000 
         226  1 0.1119 0.1058 0.0990 0.1115 0.1099 0.1239 0.1083 0.1153 0.1146 
         227  1 0.1056 0.0979 0.1121 0.1120 0.1114 0.1097 0.1174 0.1155 0.1185 
         228  1 0.1040 0.1143 0.1471 0.0971 0.1246 0.1007 0.1038 0.1001 0.1083 
         229  1 0.1125 0.1044 0.0851 0.1235 0.1030 0.1154 0.1188 0.1203 0.1171 
         230  1 0.1122 0.0988 0.0946 0.1173 0.1016 0.1114 0.1203 0.1212 0.1225 
         231  1 0.1023 0.1117 0.1116 0.1135 0.1093 0.1039 0.1222 0.1161 0.1095 
         232  1 0.1027 0.0884 0.0856 0.1285 0.0916 0.1115 0.1408 0.1275 0.1235 
         233  1 0.1167 0.1203 0.1937 0.0769 0.1366 0.0985 0.0803 0.0820 0.0951 
         234  1 0.1220 0.1096 0.1065 0.1103 0.1099 0.1139 0.1032 0.1112 0.1133 
         235  1 0.1225 0.1259 0.1092 0.1035 0.1142 0.1169 0.0970 0.1030 0.1077 
         236  1 0.0939 0.1137 0.1028 0.1210 0.1007 0.0954 0.1387 0.1164 0.1174 
         237  1 0.1097 0.1215 0.1669 0.0908 0.1303 0.0971 0.0902 0.0911 0.1025 
         238  1 0.1186 0.1139 0.0973 0.1046 0.1215 0.1225 0.0976 0.1115 0.1125 
         239  1 0.1173 0.1099 0.1050 0.1088 0.1100 0.1163 0.1047 0.1093 0.1186 
         240  1 0.1134 0.1342 0.1300 0.0987 0.1199 0.1115 0.0949 0.0960 0.1014 
         241  1 0.1159 0.1096 0.1196 0.1056 0.1023 0.1123 0.1132 0.1097 0.1118 
         242  1 0.1140 0.1011 0.0759 0.1225 0.1050 0.1172 0.1244 0.1185 0.1214 
         243  1 0.1068 0.1036 0.1184 0.1155 0.1020 0.1018 0.1281 0.1086 0.1153 
         244  1 0.1163 0.1096 0.1134 0.1068 0.1122 0.1153 0.1076 0.1077 0.1110 
         245  1 0.1093 0.1132 0.1018 0.1124 0.1170 0.1170 0.1051 0.1091 0.1150 
         246  1 0.1016 0.1046 0.0996 0.1179 0.1105 0.1137 0.1160 0.1165 0.1195 
         247  1 0.1317 0.1361 0.1004 0.1015 0.1226 0.1333 0.0817 0.0914 0.1012 
         248  1 0.1176 0.1027 0.0882 0.1215 0.1015 0.1150 0.1195 0.1165 0.1175 
         249  1 0.1406 0.1156 0.0793 0.1055 0.1225 0.1301 0.0827 0.1175 0.1063 
         250  1 0.1314 0.1094 0.0911 0.1057 0.1205 0.1229 0.0895 0.1177 0.1117 
         251  1 0.1102 0.1092 0.0977 0.1145 0.1071 0.1105 0.1211 0.1208 0.1090 
         252  1 0.1140 0.1116 0.1052 0.1066 0.1164 0.1132 0.1080 0.1155 0.1095 
         253  1 0.1052 0.1154 0.1066 0.1081 0.1123 0.1059 0.1162 0.1176 0.1127 
         254  1 0.1025 0.1045 0.0796 0.1249 0.0970 0.1101 0.1345 0.1256 0.1214 
         255  1 0.0879 0.1302 0.1298 0.1130 0.1120 0.0929 0.1215 0.1120 0.1007 
         256  1 0.1190 0.1604 0.1329 0.0846 0.1375 0.1139 0.0762 0.0956 0.0799 
         257  1 0.1097 0.1665 0.1620 0.0729 0.1498 0.1073 0.0706 0.0863 0.0750 
         258  1 0.1005 0.1255 0.1124 0.1112 0.1118 0.0986 0.1202 0.1062 0.1137 
         259  1 0.1187 0.1107 0.1140 0.1088 0.1091 0.1130 0.1056 0.1080 0.1119 
         260  1 0.0989 0.0963 0.0907 0.1260 0.0948 0.1031 0.1398 0.1262 0.1243 
         261  1 0.0970 0.2017 0.2150 0.0551 0.1768 0.0903 0.0544 0.0544 0.0554 
         262  1 0.1054 0.1267 0.1262 0.1049 0.1320 0.1174 0.0923 0.0923 0.1028 
         263  1 0.1251 0.1060 0.1030 0.1088 0.1094 0.1196 0.1039 0.1147 0.1094 
         264  1 0.1039 0.1396 0.1386 0.0948 0.1247 0.1065 0.0991 0.0977 0.0952 
         265  1 0.1035 0.1571 0.1578 0.0833 0.1414 0.1019 0.0871 0.0865 0.0814 
         266  1 0.1034 0.1091 0.1107 0.1169 0.1096 0.1029 0.1196 0.1116 0.1162 
         267  1 0.0946 0.1033 0.1081 0.1230 0.1060 0.1011 0.1256 0.1192 0.1190 
         268  1 0.1085 0.1136 0.1007 0.1121 0.1109 0.1133 0.1131 0.1110 0.1167 
         269  1 0.0989 0.1381 0.1397 0.1013 0.1287 0.0969 0.1002 0.0975 0.0987 
         270  1 0.1063 0.1208 0.1260 0.1054 0.1147 0.1042 0.1146 0.1088 0.0991 
         271  1 0.0994 0.1327 0.1198 0.1050 0.1238 0.1095 0.1029 0.1068 0.1000 
         272  1 0.1032 0.1368 0.1415 0.0991 0.1242 0.0999 0.0990 0.0988 0.0975 
         273  1 0.1258 0.1219 0.0947 0.1110 0.1182 0.1260 0.0926 0.1008 0.1090 
         274  1 0.1014 0.1447 0.1292 0.1012 0.1199 0.1013 0.1014 0.1002 0.1006 
         275  1 0.0987 0.1369 0.1603 0.0915 0.1314 0.0969 0.0969 0.0904 0.0970 
         276  1 0.1065 0.1281 0.1488 0.0933 0.1345 0.1103 0.0909 0.0967 0.0910 
         277  1 0.0973 0.1062 0.1136 0.1207 0.1092 0.1042 0.1178 0.1163 0.1147 
         278  1 0.1310 0.1319 0.0916 0.0999 0.1235 0.1238 0.0865 0.1191 0.0928 
         279  1 0.1086 0.1638 0.1754 0.0768 0.1430 0.1018 0.0766 0.0761 0.0781 
         280  1 0.0924 0.0970 0.1096 0.1237 0.0977 0.0920 0.1464 0.1188 0.1225 
         281  1 0.1080 0.1118 0.1443 0.0979 0.1196 0.1004 0.1036 0.1050 0.1096 
         282  1 0.1170 0.1145 0.0980 0.1109 0.1109 0.1192 0.1063 0.1140 0.1093 
         283  1 0.1014 0.1431 0.1636 0.0855 0.1304 0.0985 0.0972 0.0916 0.0886 
         284  1 0.1200 0.1091 0.0929 0.1147 0.1071 0.1233 0.1086 0.1090 0.1152 
         285  1 0.1020 0.1210 0.1163 0.1132 0.1132 0.0998 0.1186 0.1066 0.1092 
         286  1 0.1047 0.1512 0.1411 0.0872 0.1351 0.1105 0.0864 0.0933 0.0906 
         287  1 0.0985 0.1151 0.1152 0.1142 0.1101 0.1015 0.1234 0.1119 0.1101 
         288  1 0.1052 0.1165 0.1310 0.1071 0.1088 0.0950 0.1143 0.1088 0.1133 
         289  1 0.1039 0.1231 0.1109 0.1152 0.1180 0.1070 0.1117 0.1062 0.1040 
         290  1 0.0898 0.0934 0.0962 0.1351 0.0894 0.0938 0.1571 0.1273 0.1180 
         291  1 0.0947 0.1638 0.1727 0.0798 0.1543 0.0936 0.0842 0.0790 0.0777 
         292  1 0.1045 0.1413 0.1215 0.1048 0.1277 0.1074 0.0995 0.0907 0.1028 
         293  1 0.1012 0.1820 0.1933 0.0682 0.1579 0.0941 0.0692 0.0676 0.0666 
         294  1 0.0969 0.1230 0.1213 0.1073 0.1163 0.1016 0.1200 0.1108 0.1028 
         295  1 0.1030 0.1658 0.1573 0.0826 0.1437 0.0999 0.0841 0.0806 0.0830 
         296  1 0.1046 0.1048 0.0984 0.1189 0.1053 0.1080 0.1213 0.1153 0.1235 
         297  1 0.0979 0.1831 0.1756 0.0762 0.1518 0.0932 0.0762 0.0732 0.0728 
         298  1 0.1270 0.1096 0.0873 0.1189 0.1091 0.1198 0.1028 0.1103 0.1151 
         299  1 0.1071 0.1019 0.1149 0.1158 0.1097 0.1088 0.1147 0.1085 0.1186 
         300  1 0.1009 0.1560 0.1483 0.0901 0.1339 0.1012 0.0917 0.0907 0.0872 
         301  1 0.0907 0.1396 0.1347 0.1064 0.1192 0.0933 0.1207 0.1017 0.0936 
         302  1 0.1104 0.1197 0.1389 0.0985 0.1158 0.1045 0.1035 0.1015 0.1071 
         303  1 0.0998 0.1760 0.2004 0.0679 0.1553 0.0914 0.0724 0.0692 0.0676 
         304  1 0.1127 0.1205 0.1462 0.0937 0.1226 0.1015 0.1008 0.1016 0.1003 
         305  1 0.0989 0.1068 0.1053 0.1216 0.1037 0.1035 0.1240 0.1204 0.1157 
         306  1 0.1045 0.1011 0.0944 0.1170 0.1052 0.1110 0.1273 0.1231 0.1163 
         307  1 0.1080 0.1219 0.1174 0.1108 0.1139 0.1064 0.1078 0.1054 0.1084 
         308  1 0.0942 0.1005 0.1014 0.1250 0.1034 0.0981 0.1310 0.1276 0.1188 
         309  1 0.1218 0.1111 0.1549 0.0895 0.1296 0.1098 0.0852 0.0963 0.1017 
         310  1 0.1384 0.1168 0.0955 0.1064 0.1136 0.1228 0.0868 0.1109 0.1088 
         311  1 0.0962 0.0900 0.0734 0.1381 0.0834 0.1091 0.1522 0.1339 0.1236 
         312  1 0.1052 0.0865 0.0719 0.1310 0.0875 0.1133 0.1413 0.1346 0.1286 
         313  1 0.0983 0.0929 0.0959 0.1245 0.0961 0.1100 0.1337 0.1246 0.1241 
         314  1 0.1013 0.1199 0.1182 0.1129 0.1153 0.1039 0.1147 0.1070 0.1069 
         315  1 0.1216 0.1115 0.1057 0.1094 0.1075 0.1190 0.1030 0.1168 0.1053 
         316  1 0.1277 0.1007 0.0907 0.1188 0.1036 0.1209 0.1107 0.1112 0.1158 
         317  1 0.1033 0.1038 0.1065 0.1184 0.1022 0.1068 0.1270 0.1161 0.1159 
         318  1 0.1199 0.1101 0.0977 0.1151 0.1103 0.1232 0.1013 0.1099 0.1124 
         319  1 0.1010 0.0941 0.0851 0.1306 0.0885 0.1076 0.1388 0.1291 0.1252 
         320  1 0.1123 0.1096 0.0943 0.1232 0.1034 0.1141 0.1149 0.1126 0.1157 
         321  1 0.1272 0.1018 0.1154 0.1066 0.1164 0.1231 0.0979 0.1024 0.1093 
         322  1 0.0890 0.0792 0.0634 0.1488 0.0752 0.1012 0.1646 0.1430 0.1356 
         323  1 0.1172 0.1077 0.1260 0.1078 0.1101 0.1166 0.1051 0.1059 0.1037 
         324  1 0.1287 0.1047 0.0809 0.1187 0.1016 0.1260 0.1031 0.1277 0.1085 
         325  1 0.0953 0.0918 0.0871 0.1309 0.0937 0.1016 0.1472 0.1261 0.1263 
         326  1 0.1407 0.1169 0.1148 0.1007 0.1222 0.1236 0.0840 0.0976 0.0996 
         327  1 0.1119 0.1179 0.1066 0.1151 0.1119 0.1107 0.1114 0.1045 0.1099 
         328  1 0.1046 0.1113 0.1046 0.1206 0.1130 0.1070 0.1173 0.1118 0.1098 
         329  1 0.1075 0.1008 0.0905 0.1260 0.0957 0.1102 0.1279 0.1241 0.1173 
         330  1 0.1185 0.1062 0.1127 0.1092 0.1183 0.1117 0.1087 0.1082 0.1066 
         331  1 0.1158 0.1101 0.1060 0.1120 0.1094 0.1129 0.1085 0.1094 0.1159 
         332  1 0.1140 0.1136 0.1091 0.1071 0.1140 0.1193 0.1047 0.1049 0.1133 
         333  1 0.0954 0.0936 0.0888 0.1245 0.0947 0.1029 0.1472 0.1275 0.1255 
         334  1 0.1069 0.0901 0.0818 0.1220 0.1056 0.1179 0.1289 0.1218 0.1250 
         335  1 0.1006 0.0972 0.0936 0.1257 0.0951 0.1042 0.1363 0.1257 0.1216 
         336  1 0.1058 0.0943 0.0899 0.1242 0.0983 0.1105 0.1260 0.1301 0.1208 
         337  1 0.1216 0.0973 0.0814 0.1146 0.1118 0.1215 0.1128 0.1205 0.1185 
         338  1 0.1056 0.1049 0.1214 0.1101 0.1175 0.1068 0.1131 0.1079 0.1129 
         339  1 0.1098 0.1071 0.1208 0.1104 0.1119 0.1152 0.1102 0.1078 0.1068 
         340  1 0.1170 0.1233 0.1001 0.1074 0.1141 0.1157 0.1037 0.1052 0.1135 
         341  1 0.1040 0.1027 0.0956 0.1191 0.1022 0.1095 0.1283 0.1197 0.1188 
         342  1 0.0976 0.0950 0.0901 0.1298 0.0881 0.0998 0.1502 0.1276 0.1218 
         343  1 0.1124 0.1199 0.1281 0.1005 0.1248 0.1138 0.0963 0.1034 0.1008 
         344  1 0.1099 0.1291 0.1104 0.1123 0.1038 0.1196 0.1084 0.1046 0.1019 
         345  1 0.1140 0.1141 0.1050 0.1118 0.1157 0.1201 0.1026 0.1079 0.1087 
         346  1 0.1153 0.1065 0.1166 0.1070 0.1153 0.1157 0.1030 0.1097 0.1110 
         347  1 0.1033 0.1071 0.1268 0.1064 0.1136 0.1066 0.1117 0.1113 0.1131 
