           1  1 0.1406 0.1363 0.1470 0.1431 0.1483 0.1378 0.1470 
           2  1 0.1359 0.1483 0.1485 0.1369 0.1411 0.1506 0.1388 
           3  1 0.1342 0.1423 0.1466 0.1470 0.1394 0.1517 0.1389 
           4  1 0.1457 0.1356 0.1408 0.1446 0.1478 0.1394 0.1461 
           5  1 0.1407 0.1420 0.1383 0.1512 0.1314 0.1560 0.1404 
           6  1 0.1458 0.1402 0.1335 0.1468 0.1480 0.1416 0.1440 
           7  1 0.1520 0.1416 0.1326 0.1463 0.1454 0.1369 0.1451 
           8  1 0.1640 0.1385 0.1261 0.1609 0.1287 0.1474 0.1344 
           9  1 0.1483 0.1403 0.1483 0.1412 0.1395 0.1388 0.1437 
          10  1 0.1440 0.1395 0.1429 0.1510 0.1294 0.1520 0.1412 
          11  1 0.1304 0.1489 0.1551 0.1336 0.1299 0.1508 0.1513 
          12  1 0.1393 0.1472 0.1430 0.1416 0.1359 0.1439 0.1492 
          13  1 0.1584 0.1476 0.1251 0.1526 0.1314 0.1422 0.1429 
          14  1 0.1538 0.1358 0.1286 0.1464 0.1502 0.1418 0.1434 
          15  1 0.1447 0.1399 0.1383 0.1474 0.1427 0.1403 0.1467 
          16  1 0.1552 0.1369 0.1382 0.1434 0.1444 0.1377 0.1441 
          17  1 0.1274 0.1432 0.1590 0.1274 0.1432 0.1478 0.1519 
          18  1 0.1369 0.1419 0.1486 0.1406 0.1387 0.1468 0.1465 
          19  1 0.1459 0.1409 0.1491 0.1365 0.1392 0.1467 0.1416 
          20  1 0.1279 0.1528 0.1712 0.1253 0.1388 0.1381 0.1459 
          21  1 0.1341 0.1445 0.1562 0.1281 0.1485 0.1369 0.1518 
          22  1 0.1347 0.1405 0.1557 0.1331 0.1533 0.1360 0.1468 
          23  1 0.1365 0.1466 0.1459 0.1378 0.1456 0.1439 0.1436 
          24  1 0.1389 0.1456 0.1401 0.1435 0.1437 0.1460 0.1422 
          25  1 0.1400 0.1422 0.1446 0.1402 0.1549 0.1344 0.1437 
          26  1 0.1295 0.1496 0.1555 0.1363 0.1302 0.1505 0.1484 
          27  1 0.1552 0.1405 0.1358 0.1474 0.1312 0.1438 0.1463 
          28  1 0.1437 0.1394 0.1491 0.1348 0.1511 0.1332 0.1486 
          29  1 0.1184 0.1519 0.1702 0.1284 0.1320 0.1554 0.1437 
          30  1 0.1499 0.1392 0.1401 0.1446 0.1376 0.1441 0.1444 
          31  1 0.1458 0.1447 0.1374 0.1443 0.1373 0.1489 0.1416 
          32  1 0.1377 0.1460 0.1412 0.1442 0.1482 0.1431 0.1395 
          33  1 0.1388 0.1416 0.1579 0.1323 0.1376 0.1404 0.1514 
          34  1 0.1363 0.1452 0.1564 0.1327 0.1309 0.1459 0.1526 
          35  1 0.1381 0.1439 0.1429 0.1437 0.1390 0.1468 0.1457 
          36  1 0.1519 0.1378 0.1315 0.1538 0.1446 0.1389 0.1415 
          37  1 0.1235 0.1544 0.1720 0.1337 0.1183 0.1558 0.1424 
          38  1 0.1385 0.1566 0.1613 0.1433 0.1202 0.1484 0.1317 
          39  1 0.1332 0.1385 0.1708 0.1272 0.1457 0.1291 0.1555 
          40  1 0.1311 0.1395 0.1738 0.1223 0.1513 0.1215 0.1604 
          41  1 0.1307 0.1485 0.1637 0.1285 0.1358 0.1417 0.1509 
          42  1 0.1469 0.1451 0.1327 0.1524 0.1337 0.1439 0.1452 
          43  1 0.1276 0.1515 0.1541 0.1404 0.1418 0.1499 0.1347 
          44  1 0.1421 0.1422 0.1272 0.1690 0.1351 0.1509 0.1335 
          45  1 0.1375 0.1471 0.1458 0.1370 0.1379 0.1492 0.1456 
          46  1 0.1443 0.1431 0.1247 0.1593 0.1430 0.1429 0.1428 
          47  1 0.1499 0.1418 0.1303 0.1528 0.1431 0.1410 0.1411 
          48  1 0.1558 0.1401 0.1346 0.1545 0.1342 0.1453 0.1354 
          49  1 0.1172 0.1601 0.1825 0.1196 0.1164 0.1565 0.1477 
          50  1 0.1480 0.1508 0.1595 0.1371 0.1234 0.1483 0.1330 
          51  1 0.1385 0.1498 0.1673 0.1362 0.1215 0.1487 0.1380 
          52  1 0.1665 0.1415 0.1305 0.1452 0.1297 0.1424 0.1440 
          53  1 0.1275 0.1436 0.1637 0.1283 0.1422 0.1402 0.1545 
          54  1 0.1429 0.1435 0.1309 0.1524 0.1429 0.1481 0.1393 
          55  1 0.1436 0.1459 0.1316 0.1473 0.1539 0.1415 0.1361 
          56  1 0.1493 0.1423 0.1394 0.1376 0.1337 0.1467 0.1509 
          57  1 0.1373 0.1395 0.1735 0.1278 0.1446 0.1272 0.1500 
          58  1 0.1395 0.1415 0.1422 0.1426 0.1426 0.1474 0.1444 
          59  1 0.1353 0.1518 0.1464 0.1467 0.1405 0.1478 0.1315 
          60  1 0.1249 0.1383 0.1713 0.1264 0.1562 0.1228 0.1601 
          61  1 0.1325 0.1427 0.1592 0.1309 0.1421 0.1412 0.1514 
          62  1 0.1593 0.1362 0.1211 0.1636 0.1463 0.1370 0.1365 
          63  1 0.1624 0.1451 0.1346 0.1479 0.1293 0.1439 0.1369 
          64  1 0.1312 0.1416 0.1564 0.1347 0.1530 0.1357 0.1475 
          65  1 0.1378 0.1410 0.1426 0.1463 0.1473 0.1441 0.1410 
          66  1 0.1556 0.1417 0.1517 0.1290 0.1360 0.1402 0.1458 
          67  1 0.1831 0.1383 0.1196 0.1627 0.1220 0.1401 0.1341 
          68  1 0.1520 0.1376 0.1256 0.1555 0.1476 0.1439 0.1378 
          69  1 0.1378 0.1443 0.1380 0.1505 0.1357 0.1480 0.1457 
          70  1 0.1458 0.1418 0.1454 0.1412 0.1443 0.1422 0.1393 
          71  1 0.1294 0.1436 0.1565 0.1313 0.1531 0.1347 0.1514 
          72  1 0.1485 0.1422 0.1482 0.1375 0.1281 0.1500 0.1456 
          73  1 0.1188 0.1493 0.1666 0.1286 0.1328 0.1535 0.1503 
          74  1 0.1346 0.1418 0.1573 0.1330 0.1433 0.1357 0.1542 
          75  1 0.1428 0.1404 0.1442 0.1394 0.1400 0.1493 0.1439 
          76  1 0.1324 0.1420 0.1609 0.1328 0.1464 0.1360 0.1495 
          77  1 0.1460 0.1398 0.1365 0.1569 0.1379 0.1434 0.1396 
          78  1 0.1552 0.1405 0.1260 0.1543 0.1348 0.1430 0.1461 
          79  1 0.1296 0.1439 0.1589 0.1288 0.1604 0.1254 0.1529 
          80  1 0.1506 0.1367 0.1392 0.1373 0.1429 0.1466 0.1468 
          81  1 0.1364 0.1466 0.1423 0.1392 0.1363 0.1539 0.1454 
          82  1 0.1334 0.1477 0.1475 0.1341 0.1386 0.1508 0.1480 
          83  1 0.1368 0.1423 0.1484 0.1407 0.1393 0.1452 0.1471 
          84  1 0.1741 0.1348 0.1253 0.1524 0.1395 0.1370 0.1369 
          85  1 0.1263 0.1464 0.1604 0.1293 0.1317 0.1553 0.1505 
          86  1 0.1504 0.1344 0.1421 0.1423 0.1515 0.1335 0.1458 
          87  1 0.1269 0.1510 0.1722 0.1299 0.1382 0.1384 0.1434 
          88  1 0.1424 0.1433 0.1278 0.1639 0.1476 0.1419 0.1332 
          89  1 0.1578 0.1452 0.1491 0.1382 0.1231 0.1460 0.1405 
          90  1 0.1450 0.1394 0.1260 0.1575 0.1484 0.1461 0.1376 
          91  1 0.1458 0.1436 0.1326 0.1555 0.1367 0.1425 0.1433 
          92  1 0.1355 0.1398 0.1659 0.1387 0.1324 0.1452 0.1424 
          93  1 0.1516 0.1404 0.1322 0.1534 0.1407 0.1448 0.1369 
          94  1 0.1405 0.1373 0.1446 0.1528 0.1383 0.1429 0.1435 
          95  1 0.1493 0.1460 0.1246 0.1510 0.1410 0.1454 0.1428 
          96  1 0.1394 0.1467 0.1401 0.1468 0.1328 0.1520 0.1422 
          97  1 0.1508 0.1387 0.1478 0.1388 0.1430 0.1377 0.1432 
          98  1 0.1496 0.1416 0.1404 0.1442 0.1359 0.1472 0.1411 
          99  1 0.1530 0.1451 0.1382 0.1418 0.1382 0.1409 0.1428 
         100  1 0.1504 0.1438 0.1236 0.1522 0.1564 0.1338 0.1398 
         101  1 0.1575 0.1385 0.1246 0.1549 0.1428 0.1390 0.1428 
         102  1 0.1432 0.1416 0.1415 0.1395 0.1488 0.1456 0.1398 
         103  1 0.1474 0.1438 0.1198 0.1708 0.1448 0.1380 0.1354 
         104  1 0.1432 0.1408 0.1321 0.1575 0.1514 0.1416 0.1334 
         105  1 0.1361 0.1487 0.1478 0.1449 0.1257 0.1544 0.1424 
         106  1 0.1409 0.1455 0.1363 0.1598 0.1289 0.1464 0.1422 
         107  1 0.1454 0.1441 0.1312 0.1576 0.1464 0.1397 0.1356 
         108  1 0.1452 0.1390 0.1409 0.1426 0.1489 0.1457 0.1377 
         109  1 0.1447 0.1403 0.1392 0.1447 0.1381 0.1476 0.1454 
         110  1 0.1358 0.1390 0.1428 0.1435 0.1464 0.1488 0.1438 
         111  1 0.1423 0.1473 0.1418 0.1412 0.1411 0.1465 0.1398 
         112  1 0.1268 0.1468 0.1614 0.1290 0.1384 0.1472 0.1505 
         113  1 0.1365 0.1450 0.1538 0.1298 0.1487 0.1335 0.1526 
         114  1 0.1468 0.1403 0.1409 0.1419 0.1387 0.1464 0.1451 
         115  1 0.1417 0.1454 0.1291 0.1551 0.1489 0.1421 0.1377 
         116  1 0.1444 0.1412 0.1337 0.1441 0.1556 0.1477 0.1333 
         117  1 0.1491 0.1406 0.1482 0.1355 0.1418 0.1384 0.1464 
         118  1 0.1516 0.1437 0.1352 0.1579 0.1292 0.1493 0.1331 
         119  1 0.1358 0.1458 0.1371 0.1448 0.1390 0.1521 0.1455 
         120  1 0.1351 0.1437 0.1425 0.1547 0.1356 0.1497 0.1386 
         121  1 0.1466 0.1467 0.1388 0.1414 0.1310 0.1537 0.1417 
         122  1 0.1392 0.1417 0.1416 0.1451 0.1522 0.1340 0.1461 
         123  1 0.1238 0.1466 0.1677 0.1319 0.1436 0.1415 0.1450 
         124  1 0.1330 0.1469 0.1528 0.1292 0.1571 0.1291 0.1519 
         125  1 0.1326 0.1490 0.1458 0.1400 0.1475 0.1412 0.1438 
         126  1 0.1397 0.1398 0.1612 0.1273 0.1484 0.1301 0.1535 
         127  1 0.1720 0.1372 0.1223 0.1630 0.1288 0.1462 0.1305 
         128  1 0.1282 0.1441 0.1619 0.1260 0.1295 0.1588 0.1515 
         129  1 0.1348 0.1444 0.1541 0.1339 0.1378 0.1459 0.1491 
         130  1 0.1513 0.1407 0.1388 0.1427 0.1420 0.1465 0.1380 
         131  1 0.1521 0.1347 0.1269 0.1465 0.1698 0.1354 0.1345 
         132  1 0.1382 0.1444 0.1504 0.1417 0.1387 0.1489 0.1376 
         133  1 0.1363 0.1453 0.1386 0.1419 0.1535 0.1401 0.1441 
         134  1 0.1387 0.1450 0.1531 0.1307 0.1454 0.1388 0.1483 
         135  1 0.1175 0.1674 0.1954 0.1180 0.1129 0.1443 0.1445 
         136  1 0.1683 0.1334 0.1145 0.1651 0.1526 0.1348 0.1315 
         137  1 0.1692 0.1365 0.1178 0.1658 0.1383 0.1353 0.1371 
         138  1 0.1534 0.1366 0.1244 0.1598 0.1487 0.1426 0.1345 
         139  1 0.1330 0.1453 0.1473 0.1509 0.1363 0.1489 0.1382 
         140  1 0.1460 0.1402 0.1371 0.1480 0.1513 0.1361 0.1412 
         141  1 0.1577 0.1407 0.1206 0.1625 0.1385 0.1373 0.1427 
         142  1 0.1559 0.1380 0.1418 0.1486 0.1385 0.1401 0.1371 
         143  1 0.1326 0.1569 0.1495 0.1410 0.1322 0.1451 0.1428 
         144  1 0.1272 0.1478 0.1520 0.1359 0.1404 0.1518 0.1449 
         145  1 0.1473 0.1468 0.1199 0.1650 0.1414 0.1445 0.1351 
         146  1 0.1367 0.1417 0.1573 0.1295 0.1447 0.1364 0.1537 
         147  1 0.1384 0.1422 0.1375 0.1503 0.1397 0.1524 0.1394 
         148  1 0.1233 0.1552 0.1710 0.1268 0.1209 0.1582 0.1445 
         149  1 0.1362 0.1431 0.1426 0.1457 0.1356 0.1548 0.1421 
         150  1 0.1381 0.1427 0.1526 0.1353 0.1333 0.1483 0.1498 
         151  1 0.1230 0.1547 0.1727 0.1261 0.1354 0.1459 0.1422 
         152  1 0.1280 0.1454 0.1468 0.1390 0.1445 0.1512 0.1451 
         153  1 0.1260 0.1502 0.1558 0.1372 0.1317 0.1561 0.1430 
         154  1 0.1254 0.1503 0.1555 0.1380 0.1303 0.1560 0.1445 
         155  1 0.1475 0.1365 0.1392 0.1438 0.1481 0.1420 0.1430 
         156  1 0.1533 0.1361 0.1252 0.1691 0.1331 0.1470 0.1362 
         157  1 0.1491 0.1378 0.1417 0.1386 0.1527 0.1301 0.1502 
         158  1 0.1393 0.1416 0.1464 0.1350 0.1525 0.1373 0.1478 
         159  1 0.1533 0.1466 0.1135 0.1706 0.1377 0.1333 0.1450 
         160  1 0.1293 0.1473 0.1508 0.1392 0.1417 0.1483 0.1434 
         161  1 0.1301 0.1460 0.1504 0.1382 0.1385 0.1536 0.1432 
         162  1 0.1236 0.1504 0.1775 0.1294 0.1310 0.1433 0.1448 
         163  1 0.1308 0.1422 0.1545 0.1341 0.1451 0.1396 0.1537 
         164  1 0.1347 0.1424 0.1546 0.1360 0.1290 0.1555 0.1477 
         165  1 0.1335 0.1460 0.1623 0.1316 0.1347 0.1463 0.1455 
         166  1 0.1340 0.1438 0.1398 0.1445 0.1477 0.1407 0.1494 
         167  1 0.1500 0.1337 0.1364 0.1499 0.1388 0.1487 0.1425 
         168  1 0.1317 0.1468 0.1489 0.1327 0.1515 0.1370 0.1515 
         169  1 0.1387 0.1481 0.1470 0.1487 0.1351 0.1512 0.1312 
         170  1 0.1546 0.1371 0.1331 0.1535 0.1365 0.1443 0.1410 
         171  1 0.1417 0.1437 0.1399 0.1452 0.1425 0.1490 0.1379 
         172  1 0.1248 0.1423 0.1720 0.1220 0.1589 0.1184 0.1616 
         173  1 0.1404 0.1386 0.1349 0.1505 0.1520 0.1415 0.1420 
         174  1 0.1473 0.1389 0.1305 0.1442 0.1536 0.1436 0.1419 
         175  1 0.1453 0.1408 0.1446 0.1451 0.1381 0.1445 0.1415 
         176  1 0.1473 0.1439 0.1434 0.1361 0.1381 0.1428 0.1482 
         177  1 0.1310 0.1465 0.1579 0.1325 0.1454 0.1433 0.1433 
         178  1 0.1593 0.1447 0.1260 0.1515 0.1392 0.1358 0.1435 
         179  1 0.1337 0.1434 0.1362 0.1563 0.1383 0.1515 0.1406 
         180  1 0.1458 0.1424 0.1340 0.1430 0.1481 0.1444 0.1423 
         181  1 0.1516 0.1483 0.1388 0.1422 0.1247 0.1499 0.1444 
         182  1 0.1421 0.1392 0.1486 0.1387 0.1412 0.1464 0.1437 
         183  1 0.1577 0.1376 0.1344 0.1455 0.1476 0.1369 0.1404 
         184  1 0.1442 0.1371 0.1426 0.1410 0.1533 0.1309 0.1509 
         185  1 0.1271 0.1499 0.1401 0.1499 0.1431 0.1545 0.1354 
         186  1 0.1574 0.1337 0.1286 0.1640 0.1373 0.1414 0.1377 
         187  1 0.1469 0.1383 0.1339 0.1502 0.1425 0.1470 0.1413 
         188  1 0.1417 0.1441 0.1480 0.1363 0.1358 0.1513 0.1428 
         189  1 0.1456 0.1462 0.1551 0.1433 0.1298 0.1412 0.1389 
         190  1 0.1542 0.1449 0.1233 0.1539 0.1447 0.1365 0.1425 
         191  1 0.1589 0.1387 0.1421 0.1435 0.1290 0.1485 0.1393 
         192  1 0.1627 0.1333 0.1309 0.1405 0.1475 0.1410 0.1442 
         193  1 0.1469 0.1402 0.1328 0.1551 0.1423 0.1452 0.1374 
         194  1 0.1414 0.1490 0.1337 0.1476 0.1380 0.1446 0.1456 
         195  1 0.1657 0.1312 0.1182 0.1511 0.1696 0.1270 0.1371 
         196  1 0.1416 0.1446 0.1352 0.1482 0.1410 0.1506 0.1388 
         197  1 0.1346 0.1479 0.1460 0.1433 0.1380 0.1488 0.1414 
         198  1 0.1250 0.1511 0.1560 0.1314 0.1352 0.1533 0.1479 
         199  1 0.1491 0.1326 0.1320 0.1446 0.1671 0.1328 0.1418 
         200  1 0.1281 0.1424 0.1651 0.1346 0.1356 0.1448 0.1494 
         201  1 0.1359 0.1419 0.1487 0.1335 0.1534 0.1336 0.1529 
         202  1 0.1371 0.1458 0.1518 0.1303 0.1560 0.1390 0.1401 
         203  1 0.1280 0.1525 0.1547 0.1332 0.1341 0.1500 0.1474 
         204  1 0.1434 0.1445 0.1456 0.1296 0.1576 0.1345 0.1448 
         205  1 0.1546 0.1391 0.1380 0.1435 0.1377 0.1406 0.1464 
         206  1 0.1402 0.1442 0.1469 0.1393 0.1449 0.1392 0.1452 
         207  1 0.1676 0.1375 0.1213 0.1621 0.1356 0.1439 0.1320 
         208  1 0.1463 0.1427 0.1384 0.1447 0.1451 0.1382 0.1446 
         209  1 0.1511 0.1437 0.1191 0.1713 0.1318 0.1474 0.1356 
         210  1 0.1349 0.1418 0.1488 0.1345 0.1402 0.1461 0.1537 
         211  1 0.1287 0.1487 0.1566 0.1324 0.1415 0.1536 0.1385 
         212  1 0.1325 0.1399 0.1526 0.1390 0.1426 0.1447 0.1488 
         213  1 0.1498 0.1402 0.1415 0.1400 0.1502 0.1300 0.1482 
         214  1 0.1345 0.1447 0.1288 0.1567 0.1557 0.1481 0.1315 
         215  1 0.1460 0.1448 0.1351 0.1513 0.1360 0.1408 0.1461 
         216  1 0.1407 0.1412 0.1462 0.1410 0.1336 0.1520 0.1452 
         217  1 0.1432 0.1452 0.1418 0.1435 0.1285 0.1479 0.1498 
         218  1 0.1427 0.1454 0.1341 0.1533 0.1340 0.1457 0.1448 
         219  1 0.1452 0.1405 0.1527 0.1287 0.1383 0.1470 0.1476 
         220  1 0.1271 0.1491 0.1522 0.1301 0.1451 0.1406 0.1557 
         221  1 0.1442 0.1455 0.1398 0.1527 0.1383 0.1466 0.1330 
         222  1 0.1584 0.1442 0.1305 0.1537 0.1302 0.1399 0.1432 
         223  1 0.1593 0.1402 0.1307 0.1506 0.1410 0.1369 0.1412 
         224  1 0.1238 0.1519 0.1723 0.1296 0.1275 0.1479 0.1469 
         225  1 0.1700 0.1328 0.1111 0.1788 0.1333 0.1415 0.1325 
         226  1 0.1501 0.1400 0.1339 0.1463 0.1402 0.1515 0.1380 
         227  1 0.1348 0.1454 0.1497 0.1358 0.1390 0.1440 0.1512 
         228  1 0.1353 0.1433 0.1506 0.1332 0.1458 0.1421 0.1498 
         229  1 0.1378 0.1477 0.1356 0.1475 0.1397 0.1520 0.1397 
         230  1 0.1436 0.1446 0.1458 0.1349 0.1395 0.1453 0.1462 
         231  1 0.1433 0.1323 0.1429 0.1411 0.1532 0.1426 0.1447 
         232  1 0.1260 0.1448 0.1564 0.1382 0.1308 0.1557 0.1482 
         233  1 0.1340 0.1409 0.1644 0.1255 0.1510 0.1294 0.1548 
         234  1 0.1499 0.1408 0.1372 0.1430 0.1440 0.1426 0.1426 
         235  1 0.1552 0.1404 0.1260 0.1558 0.1476 0.1376 0.1373 
         236  1 0.1318 0.1512 0.1549 0.1398 0.1472 0.1398 0.1352 
         237  1 0.1301 0.1444 0.1511 0.1358 0.1584 0.1278 0.1523 
         238  1 0.1468 0.1451 0.1287 0.1524 0.1419 0.1375 0.1475 
         239  1 0.1478 0.1428 0.1341 0.1495 0.1418 0.1440 0.1400 
         240  1 0.1616 0.1314 0.1215 0.1517 0.1635 0.1316 0.1387 
         241  1 0.1438 0.1392 0.1526 0.1348 0.1405 0.1406 0.1485 
         242  1 0.1390 0.1488 0.1426 0.1480 0.1346 0.1473 0.1397 
         243  1 0.1210 0.1514 0.1672 0.1305 0.1372 0.1464 0.1463 
         244  1 0.1493 0.1343 0.1323 0.1492 0.1528 0.1387 0.1434 
         245  1 0.1377 0.1500 0.1311 0.1464 0.1489 0.1429 0.1430 
         246  1 0.1342 0.1482 0.1437 0.1396 0.1408 0.1531 0.1404 
         247  1 0.1552 0.1415 0.1160 0.1677 0.1502 0.1369 0.1325 
         248  1 0.1461 0.1442 0.1362 0.1559 0.1332 0.1483 0.1361 
         249  1 0.1678 0.1432 0.1100 0.1695 0.1398 0.1358 0.1339 
         250  1 0.1675 0.1389 0.1193 0.1579 0.1407 0.1356 0.1401 
         251  1 0.1499 0.1467 0.1432 0.1468 0.1419 0.1340 0.1375 
         252  1 0.1549 0.1402 0.1255 0.1483 0.1484 0.1405 0.1423 
         253  1 0.1494 0.1430 0.1390 0.1360 0.1478 0.1411 0.1437 
         254  1 0.1462 0.1495 0.1544 0.1371 0.1293 0.1484 0.1351 
         255  1 0.1368 0.1451 0.1582 0.1340 0.1567 0.1325 0.1368 
         256  1 0.1944 0.1282 0.1167 0.1451 0.1548 0.1285 0.1323 
         257  1 0.1851 0.1262 0.1136 0.1419 0.1715 0.1215 0.1402 
         258  1 0.1387 0.1385 0.1399 0.1424 0.1583 0.1429 0.1394 
         259  1 0.1424 0.1429 0.1340 0.1459 0.1455 0.1468 0.1426 
         260  1 0.1267 0.1521 0.1543 0.1403 0.1329 0.1523 0.1413 
         261  1 0.1645 0.1187 0.1107 0.1510 0.2072 0.1095 0.1385 
         262  1 0.1388 0.1449 0.1379 0.1472 0.1521 0.1443 0.1347 
         263  1 0.1615 0.1362 0.1284 0.1533 0.1408 0.1395 0.1402 
         264  1 0.1516 0.1378 0.1390 0.1357 0.1599 0.1353 0.1406 
         265  1 0.1518 0.1342 0.1237 0.1488 0.1771 0.1229 0.1414 
         266  1 0.1345 0.1426 0.1495 0.1414 0.1426 0.1481 0.1413 
         267  1 0.1244 0.1441 0.1497 0.1387 0.1418 0.1543 0.1470 
         268  1 0.1429 0.1449 0.1306 0.1473 0.1496 0.1451 0.1396 
         269  1 0.1429 0.1374 0.1341 0.1441 0.1680 0.1322 0.1412 
         270  1 0.1508 0.1373 0.1357 0.1346 0.1572 0.1393 0.1450 
         271  1 0.1500 0.1428 0.1378 0.1408 0.1502 0.1415 0.1369 
         272  1 0.1446 0.1412 0.1343 0.1419 0.1687 0.1291 0.1401 
         273  1 0.1519 0.1421 0.1224 0.1649 0.1432 0.1403 0.1351 
         274  1 0.1436 0.1384 0.1347 0.1446 0.1617 0.1408 0.1362 
         275  1 0.1432 0.1319 0.1426 0.1354 0.1674 0.1310 0.1486 
         276  1 0.1552 0.1304 0.1361 0.1435 0.1544 0.1315 0.1489 
         277  1 0.1350 0.1410 0.1444 0.1403 0.1446 0.1522 0.1425 
         278  1 0.1947 0.1328 0.1211 0.1474 0.1367 0.1310 0.1363 
         279  1 0.1639 0.1293 0.1251 0.1431 0.1763 0.1246 0.1377 
         280  1 0.1244 0.1516 0.1730 0.1230 0.1346 0.1442 0.1492 
         281  1 0.1321 0.1449 0.1554 0.1290 0.1496 0.1361 0.1528 
         282  1 0.1522 0.1444 0.1271 0.1593 0.1427 0.1372 0.1372 
         283  1 0.1457 0.1370 0.1506 0.1304 0.1654 0.1251 0.1459 
         284  1 0.1427 0.1436 0.1282 0.1624 0.1379 0.1498 0.1354 
         285  1 0.1382 0.1409 0.1443 0.1442 0.1516 0.1396 0.1411 
         286  1 0.1670 0.1323 0.1229 0.1415 0.1648 0.1284 0.1431 
         287  1 0.1438 0.1418 0.1473 0.1332 0.1552 0.1337 0.1450 
         288  1 0.1310 0.1467 0.1506 0.1342 0.1539 0.1391 0.1445 
         289  1 0.1435 0.1397 0.1315 0.1541 0.1506 0.1432 0.1374 
         290  1 0.1228 0.1597 0.1920 0.1183 0.1303 0.1370 0.1398 
         291  1 0.1600 0.1271 0.1237 0.1405 0.1838 0.1226 0.1423 
         292  1 0.1376 0.1432 0.1319 0.1519 0.1599 0.1450 0.1305 
         293  1 0.1653 0.1230 0.1173 0.1465 0.1897 0.1188 0.1394 
         294  1 0.1471 0.1400 0.1466 0.1292 0.1501 0.1414 0.1457 
         295  1 0.1659 0.1287 0.1214 0.1410 0.1788 0.1248 0.1394 
         296  1 0.1343 0.1456 0.1459 0.1411 0.1421 0.1475 0.1435 
         297  1 0.1538 0.1310 0.1213 0.1519 0.1891 0.1226 0.1303 
         298  1 0.1458 0.1501 0.1224 0.1591 0.1413 0.1457 0.1356 
         299  1 0.1357 0.1457 0.1515 0.1331 0.1391 0.1503 0.1448 
         300  1 0.1579 0.1348 0.1312 0.1412 0.1683 0.1310 0.1356 
         301  1 0.1359 0.1436 0.1471 0.1374 0.1663 0.1316 0.1383 
         302  1 0.1376 0.1427 0.1493 0.1308 0.1542 0.1388 0.1467 
         303  1 0.1565 0.1283 0.1311 0.1361 0.1882 0.1172 0.1426 
         304  1 0.1459 0.1431 0.1405 0.1335 0.1543 0.1361 0.1467 
         305  1 0.1353 0.1465 0.1455 0.1315 0.1420 0.1518 0.1474 
         306  1 0.1344 0.1472 0.1438 0.1387 0.1421 0.1491 0.1446 
         307  1 0.1462 0.1372 0.1329 0.1468 0.1540 0.1426 0.1402 
         308  1 0.1246 0.1464 0.1622 0.1297 0.1349 0.1588 0.1434 
         309  1 0.1451 0.1358 0.1468 0.1417 0.1467 0.1351 0.1488 
         310  1 0.1599 0.1368 0.1217 0.1674 0.1366 0.1449 0.1326 
         311  1 0.1315 0.1486 0.1602 0.1378 0.1215 0.1572 0.1432 
         312  1 0.1358 0.1497 0.1540 0.1320 0.1225 0.1599 0.1460 
         313  1 0.1286 0.1491 0.1597 0.1371 0.1305 0.1493 0.1458 
         314  1 0.1316 0.1457 0.1495 0.1380 0.1480 0.1446 0.1425 
         315  1 0.1695 0.1343 0.1247 0.1530 0.1445 0.1355 0.1385 
         316  1 0.1448 0.1420 0.1376 0.1559 0.1389 0.1413 0.1394 
         317  1 0.1394 0.1394 0.1529 0.1343 0.1420 0.1466 0.1454 
         318  1 0.1488 0.1368 0.1271 0.1618 0.1405 0.1496 0.1354 
         319  1 0.1435 0.1441 0.1618 0.1259 0.1267 0.1513 0.1467 
         320  1 0.1556 0.1424 0.1376 0.1454 0.1389 0.1439 0.1362 
         321  1 0.1419 0.1353 0.1409 0.1581 0.1414 0.1390 0.1433 
         322  1 0.1232 0.1608 0.1771 0.1253 0.1118 0.1549 0.1469 
         323  1 0.1420 0.1395 0.1638 0.1304 0.1403 0.1398 0.1442 
         324  1 0.1708 0.1423 0.1284 0.1510 0.1275 0.1413 0.1387 
         325  1 0.1245 0.1554 0.1667 0.1336 0.1285 0.1493 0.1419 
         326  1 0.1578 0.1321 0.1266 0.1679 0.1408 0.1361 0.1387 
         327  1 0.1439 0.1420 0.1309 0.1534 0.1510 0.1451 0.1336 
         328  1 0.1423 0.1387 0.1401 0.1414 0.1485 0.1487 0.1402 
         329  1 0.1403 0.1453 0.1551 0.1349 0.1321 0.1510 0.1413 
         330  1 0.1430 0.1419 0.1436 0.1454 0.1418 0.1421 0.1423 
         331  1 0.1431 0.1415 0.1376 0.1482 0.1425 0.1481 0.1390 
         332  1 0.1451 0.1405 0.1326 0.1520 0.1413 0.1465 0.1419 
         333  1 0.1341 0.1522 0.1558 0.1347 0.1321 0.1475 0.1436 
         334  1 0.1313 0.1520 0.1436 0.1423 0.1322 0.1518 0.1469 
         335  1 0.1283 0.1480 0.1562 0.1417 0.1282 0.1560 0.1416 
         336  1 0.1399 0.1487 0.1501 0.1305 0.1364 0.1468 0.1475 
         337  1 0.1474 0.1457 0.1351 0.1424 0.1378 0.1435 0.1482 
         338  1 0.1348 0.1458 0.1496 0.1331 0.1459 0.1418 0.1490 
         339  1 0.1354 0.1422 0.1565 0.1363 0.1416 0.1432 0.1448 
         340  1 0.1389 0.1483 0.1275 0.1585 0.1495 0.1438 0.1335 
         341  1 0.1351 0.1483 0.1532 0.1360 0.1369 0.1474 0.1432 
         342  1 0.1219 0.1553 0.1716 0.1248 0.1271 0.1565 0.1429 
         343  1 0.1545 0.1306 0.1355 0.1459 0.1510 0.1391 0.1433 
         344  1 0.1429 0.1408 0.1357 0.1534 0.1517 0.1431 0.1323 
         345  1 0.1497 0.1421 0.1361 0.1530 0.1391 0.1386 0.1414 
         346  1 0.1421 0.1421 0.1385 0.1457 0.1405 0.1474 0.1437 
         347  1 0.1331 0.1464 0.1528 0.1351 0.1411 0.1373 0.1543 
