           1  1 0.1369 0.1272 0.1435 0.1657 0.1477 0.1242 0.1548 
           2  1 0.1455 0.1403 0.1400 0.1423 0.1420 0.1437 0.1462 
           3  1 0.1434 0.1448 0.1432 0.1394 0.1373 0.1555 0.1365 
           4  1 0.1433 0.1663 0.1396 0.1307 0.1289 0.1488 0.1423 
           5  1 0.1555 0.1371 0.1566 0.1353 0.1438 0.1441 0.1276 
           6  1 0.1429 0.1529 0.1455 0.1368 0.1399 0.1399 0.1421 
           7  1 0.1441 0.1354 0.1481 0.1466 0.1501 0.1276 0.1482 
           8  1 0.1603 0.1362 0.1608 0.1366 0.1435 0.1363 0.1263 
           9  1 0.1438 0.1292 0.1383 0.1575 0.1477 0.1352 0.1483 
          10  1 0.1506 0.1352 0.1540 0.1494 0.1432 0.1338 0.1338 
          11  1 0.1405 0.1324 0.1349 0.1457 0.1440 0.1597 0.1428 
          12  1 0.1413 0.1264 0.1429 0.1511 0.1541 0.1365 0.1475 
          13  1 0.1498 0.1357 0.1562 0.1283 0.1553 0.1430 0.1317 
          14  1 0.1440 0.1558 0.1435 0.1364 0.1385 0.1367 0.1450 
          15  1 0.1424 0.1273 0.1447 0.1558 0.1532 0.1290 0.1476 
          16  1 0.1467 0.1299 0.1382 0.1535 0.1500 0.1330 0.1486 
          17  1 0.1431 0.1504 0.1325 0.1316 0.1324 0.1774 0.1326 
          18  1 0.1408 0.1420 0.1456 0.1464 0.1435 0.1413 0.1404 
          19  1 0.1406 0.1343 0.1369 0.1523 0.1472 0.1383 0.1503 
          20  1 0.1264 0.1234 0.1287 0.1648 0.1484 0.1524 0.1559 
          21  1 0.1317 0.1226 0.1341 0.1635 0.1574 0.1262 0.1646 
          22  1 0.1295 0.1289 0.1297 0.1689 0.1491 0.1309 0.1630 
          23  1 0.1451 0.1416 0.1401 0.1444 0.1439 0.1392 0.1458 
          24  1 0.1480 0.1473 0.1431 0.1348 0.1402 0.1452 0.1414 
          25  1 0.1353 0.1446 0.1357 0.1492 0.1445 0.1364 0.1543 
          26  1 0.1386 0.1374 0.1438 0.1380 0.1434 0.1642 0.1346 
          27  1 0.1505 0.1363 0.1490 0.1412 0.1461 0.1350 0.1419 
          28  1 0.1365 0.1308 0.1311 0.1595 0.1490 0.1286 0.1644 
          29  1 0.1365 0.1435 0.1325 0.1390 0.1389 0.1723 0.1374 
          30  1 0.1450 0.1345 0.1429 0.1502 0.1446 0.1367 0.1461 
          31  1 0.1462 0.1512 0.1470 0.1368 0.1417 0.1443 0.1328 
          32  1 0.1410 0.1390 0.1454 0.1458 0.1475 0.1329 0.1484 
          33  1 0.1355 0.1275 0.1401 0.1599 0.1493 0.1329 0.1547 
          34  1 0.1391 0.1357 0.1369 0.1523 0.1457 0.1463 0.1440 
          35  1 0.1443 0.1329 0.1431 0.1538 0.1453 0.1347 0.1460 
          36  1 0.1452 0.1377 0.1543 0.1466 0.1453 0.1285 0.1424 
          37  1 0.1476 0.1381 0.1423 0.1304 0.1352 0.1830 0.1234 
          38  1 0.1444 0.1412 0.1472 0.1271 0.1335 0.1866 0.1200 
          39  1 0.1279 0.1192 0.1216 0.1824 0.1513 0.1235 0.1740 
          40  1 0.1220 0.1119 0.1145 0.1945 0.1549 0.1169 0.1853 
          41  1 0.1358 0.1260 0.1292 0.1586 0.1472 0.1457 0.1575 
          42  1 0.1508 0.1328 0.1586 0.1350 0.1499 0.1343 0.1387 
          43  1 0.1387 0.1481 0.1394 0.1422 0.1343 0.1569 0.1403 
          44  1 0.1505 0.1448 0.1653 0.1413 0.1366 0.1352 0.1263 
          45  1 0.1450 0.1360 0.1429 0.1414 0.1489 0.1413 0.1446 
          46  1 0.1451 0.1369 0.1598 0.1380 0.1458 0.1304 0.1440 
          47  1 0.1429 0.1340 0.1613 0.1444 0.1502 0.1244 0.1427 
          48  1 0.1480 0.1563 0.1503 0.1353 0.1342 0.1506 0.1253 
          49  1 0.1358 0.1388 0.1273 0.1346 0.1367 0.2012 0.1255 
          50  1 0.1427 0.1403 0.1404 0.1349 0.1375 0.1748 0.1295 
          51  1 0.1445 0.1376 0.1352 0.1329 0.1381 0.1853 0.1265 
          52  1 0.1552 0.1390 0.1444 0.1320 0.1470 0.1471 0.1352 
          53  1 0.1371 0.1300 0.1281 0.1576 0.1462 0.1431 0.1580 
          54  1 0.1459 0.1348 0.1552 0.1442 0.1468 0.1284 0.1448 
          55  1 0.1391 0.1428 0.1479 0.1431 0.1476 0.1283 0.1512 
          56  1 0.1477 0.1378 0.1403 0.1420 0.1444 0.1434 0.1444 
          57  1 0.1290 0.1232 0.1227 0.1757 0.1475 0.1389 0.1629 
          58  1 0.1463 0.1486 0.1441 0.1354 0.1396 0.1499 0.1361 
          59  1 0.1401 0.1506 0.1427 0.1321 0.1342 0.1643 0.1360 
          60  1 0.1232 0.1123 0.1195 0.1909 0.1535 0.1226 0.1782 
          61  1 0.1384 0.1223 0.1341 0.1625 0.1504 0.1301 0.1621 
          62  1 0.1522 0.1510 0.1585 0.1393 0.1401 0.1234 0.1356 
          63  1 0.1539 0.1373 0.1507 0.1335 0.1481 0.1453 0.1312 
          64  1 0.1309 0.1280 0.1340 0.1664 0.1473 0.1274 0.1661 
          65  1 0.1410 0.1367 0.1515 0.1475 0.1470 0.1306 0.1456 
          66  1 0.1396 0.1297 0.1347 0.1498 0.1585 0.1406 0.1469 
          67  1 0.1596 0.1379 0.1558 0.1322 0.1495 0.1343 0.1307 
          68  1 0.1485 0.1615 0.1536 0.1373 0.1327 0.1274 0.1390 
          69  1 0.1521 0.1321 0.1524 0.1426 0.1460 0.1319 0.1428 
          70  1 0.1422 0.1434 0.1443 0.1434 0.1413 0.1445 0.1410 
          71  1 0.1359 0.1318 0.1334 0.1608 0.1416 0.1433 0.1533 
          72  1 0.1492 0.1403 0.1443 0.1368 0.1435 0.1507 0.1351 
          73  1 0.1410 0.1383 0.1321 0.1388 0.1415 0.1730 0.1353 
          74  1 0.1416 0.1165 0.1317 0.1625 0.1537 0.1321 0.1620 
          75  1 0.1498 0.1387 0.1443 0.1392 0.1436 0.1454 0.1391 
          76  1 0.1324 0.1229 0.1387 0.1704 0.1508 0.1228 0.1619 
          77  1 0.1515 0.1405 0.1573 0.1428 0.1371 0.1389 0.1320 
          78  1 0.1531 0.1433 0.1568 0.1340 0.1448 0.1355 0.1325 
          79  1 0.1249 0.1182 0.1267 0.1795 0.1548 0.1187 0.1772 
          80  1 0.1452 0.1523 0.1439 0.1371 0.1388 0.1405 0.1422 
          81  1 0.1475 0.1374 0.1426 0.1417 0.1443 0.1436 0.1430 
          82  1 0.1456 0.1316 0.1385 0.1413 0.1495 0.1472 0.1464 
          83  1 0.1418 0.1372 0.1431 0.1489 0.1413 0.1452 0.1425 
          84  1 0.1497 0.1424 0.1489 0.1400 0.1501 0.1296 0.1393 
          85  1 0.1444 0.1329 0.1327 0.1475 0.1437 0.1574 0.1414 
          86  1 0.1425 0.1520 0.1363 0.1419 0.1346 0.1484 0.1443 
          87  1 0.1351 0.1528 0.1288 0.1330 0.1269 0.1887 0.1347 
          88  1 0.1371 0.1395 0.1635 0.1483 0.1466 0.1144 0.1505 
          89  1 0.1511 0.1383 0.1425 0.1400 0.1408 0.1586 0.1288 
          90  1 0.1453 0.1471 0.1540 0.1469 0.1369 0.1288 0.1409 
          91  1 0.1513 0.1457 0.1552 0.1378 0.1408 0.1331 0.1362 
          92  1 0.1380 0.1313 0.1353 0.1607 0.1398 0.1502 0.1447 
          93  1 0.1455 0.1392 0.1545 0.1446 0.1428 0.1342 0.1391 
          94  1 0.1419 0.1315 0.1492 0.1648 0.1425 0.1266 0.1435 
          95  1 0.1472 0.1340 0.1602 0.1403 0.1527 0.1260 0.1395 
          96  1 0.1478 0.1307 0.1551 0.1394 0.1529 0.1400 0.1341 
          97  1 0.1422 0.1617 0.1375 0.1370 0.1299 0.1517 0.1400 
          98  1 0.1528 0.1384 0.1520 0.1374 0.1455 0.1418 0.1322 
          99  1 0.1457 0.1419 0.1458 0.1392 0.1473 0.1419 0.1382 
         100  1 0.1401 0.1452 0.1489 0.1378 0.1492 0.1293 0.1496 
         101  1 0.1516 0.1517 0.1513 0.1286 0.1429 0.1357 0.1382 
         102  1 0.1423 0.1572 0.1361 0.1400 0.1357 0.1455 0.1431 
         103  1 0.1484 0.1426 0.1616 0.1396 0.1420 0.1313 0.1346 
         104  1 0.1405 0.1437 0.1535 0.1483 0.1425 0.1265 0.1449 
         105  1 0.1432 0.1417 0.1490 0.1431 0.1435 0.1511 0.1284 
         106  1 0.1509 0.1387 0.1585 0.1349 0.1418 0.1491 0.1261 
         107  1 0.1451 0.1405 0.1528 0.1360 0.1470 0.1373 0.1414 
         108  1 0.1406 0.1559 0.1448 0.1436 0.1381 0.1300 0.1471 
         109  1 0.1428 0.1417 0.1490 0.1434 0.1477 0.1351 0.1402 
         110  1 0.1429 0.1389 0.1474 0.1495 0.1464 0.1328 0.1421 
         111  1 0.1454 0.1544 0.1425 0.1308 0.1373 0.1534 0.1362 
         112  1 0.1412 0.1320 0.1314 0.1473 0.1456 0.1526 0.1499 
         113  1 0.1328 0.1189 0.1320 0.1606 0.1617 0.1270 0.1671 
         114  1 0.1484 0.1395 0.1499 0.1464 0.1447 0.1317 0.1394 
         115  1 0.1476 0.1480 0.1574 0.1359 0.1405 0.1328 0.1378 
         116  1 0.1418 0.1572 0.1465 0.1386 0.1329 0.1398 0.1432 
         117  1 0.1412 0.1438 0.1355 0.1454 0.1453 0.1395 0.1493 
         118  1 0.1513 0.1491 0.1559 0.1369 0.1329 0.1479 0.1260 
         119  1 0.1479 0.1420 0.1494 0.1305 0.1436 0.1522 0.1344 
         120  1 0.1491 0.1502 0.1508 0.1307 0.1338 0.1594 0.1262 
         121  1 0.1445 0.1344 0.1496 0.1362 0.1540 0.1445 0.1367 
         122  1 0.1349 0.1215 0.1411 0.1667 0.1522 0.1208 0.1627 
         123  1 0.1270 0.1319 0.1281 0.1618 0.1451 0.1474 0.1588 
         124  1 0.1301 0.1227 0.1218 0.1726 0.1568 0.1168 0.1791 
         125  1 0.1374 0.1343 0.1375 0.1503 0.1474 0.1387 0.1545 
         126  1 0.1278 0.1294 0.1300 0.1776 0.1522 0.1174 0.1655 
         127  1 0.1613 0.1341 0.1598 0.1398 0.1456 0.1310 0.1283 
         128  1 0.1446 0.1365 0.1337 0.1403 0.1434 0.1627 0.1387 
         129  1 0.1366 0.1327 0.1356 0.1606 0.1444 0.1408 0.1493 
         130  1 0.1407 0.1395 0.1448 0.1505 0.1492 0.1292 0.1461 
         131  1 0.1427 0.1677 0.1406 0.1318 0.1308 0.1390 0.1474 
         132  1 0.1399 0.1470 0.1438 0.1417 0.1396 0.1521 0.1359 
         133  1 0.1294 0.1312 0.1437 0.1624 0.1520 0.1180 0.1633 
         134  1 0.1346 0.1273 0.1332 0.1594 0.1543 0.1321 0.1591 
         135  1 0.1322 0.1394 0.1211 0.1278 0.1326 0.2191 0.1278 
         136  1 0.1478 0.1555 0.1575 0.1391 0.1388 0.1218 0.1396 
         137  1 0.1550 0.1456 0.1633 0.1394 0.1436 0.1211 0.1320 
         138  1 0.1503 0.1543 0.1534 0.1356 0.1358 0.1327 0.1379 
         139  1 0.1446 0.1409 0.1490 0.1473 0.1370 0.1527 0.1285 
         140  1 0.1340 0.1383 0.1453 0.1579 0.1478 0.1178 0.1590 
         141  1 0.1511 0.1459 0.1599 0.1318 0.1458 0.1311 0.1343 
         142  1 0.1463 0.1591 0.1422 0.1389 0.1307 0.1495 0.1332 
         143  1 0.1393 0.1385 0.1449 0.1345 0.1448 0.1622 0.1358 
         144  1 0.1411 0.1524 0.1358 0.1330 0.1367 0.1648 0.1362 
         145  1 0.1468 0.1373 0.1610 0.1438 0.1515 0.1195 0.1401 
         146  1 0.1314 0.1214 0.1308 0.1691 0.1566 0.1251 0.1656 
         147  1 0.1480 0.1398 0.1469 0.1439 0.1438 0.1397 0.1380 
         148  1 0.1479 0.1327 0.1382 0.1287 0.1453 0.1790 0.1282 
         149  1 0.1520 0.1395 0.1541 0.1345 0.1450 0.1464 0.1284 
         150  1 0.1454 0.1420 0.1374 0.1404 0.1384 0.1588 0.1377 
         151  1 0.1375 0.1452 0.1325 0.1299 0.1371 0.1827 0.1351 
         152  1 0.1400 0.1417 0.1379 0.1471 0.1427 0.1452 0.1454 
         153  1 0.1473 0.1446 0.1387 0.1310 0.1355 0.1705 0.1324 
         154  1 0.1430 0.1435 0.1398 0.1424 0.1388 0.1577 0.1348 
         155  1 0.1433 0.1430 0.1408 0.1494 0.1401 0.1332 0.1502 
         156  1 0.1536 0.1461 0.1624 0.1482 0.1392 0.1185 0.1321 
         157  1 0.1351 0.1413 0.1394 0.1634 0.1443 0.1180 0.1585 
         158  1 0.1409 0.1377 0.1340 0.1474 0.1455 0.1388 0.1557 
         159  1 0.1501 0.1364 0.1649 0.1296 0.1561 0.1321 0.1307 
         160  1 0.1361 0.1301 0.1403 0.1580 0.1441 0.1389 0.1524 
         161  1 0.1422 0.1321 0.1419 0.1505 0.1466 0.1393 0.1473 
         162  1 0.1359 0.1382 0.1272 0.1414 0.1355 0.1824 0.1395 
         163  1 0.1344 0.1302 0.1351 0.1593 0.1483 0.1398 0.1529 
         164  1 0.1451 0.1341 0.1419 0.1413 0.1473 0.1534 0.1369 
         165  1 0.1392 0.1417 0.1311 0.1462 0.1383 0.1557 0.1479 
         166  1 0.1421 0.1262 0.1539 0.1468 0.1482 0.1313 0.1514 
         167  1 0.1495 0.1576 0.1457 0.1418 0.1292 0.1373 0.1388 
         168  1 0.1313 0.1228 0.1304 0.1693 0.1549 0.1238 0.1674 
         169  1 0.1428 0.1471 0.1457 0.1346 0.1373 0.1592 0.1332 
         170  1 0.1499 0.1302 0.1506 0.1490 0.1508 0.1270 0.1425 
         171  1 0.1437 0.1378 0.1467 0.1405 0.1487 0.1367 0.1459 
         172  1 0.1211 0.1056 0.1129 0.1964 0.1588 0.1161 0.1892 
         173  1 0.1432 0.1514 0.1445 0.1459 0.1362 0.1319 0.1469 
         174  1 0.1390 0.1534 0.1427 0.1393 0.1444 0.1314 0.1498 
         175  1 0.1449 0.1371 0.1427 0.1512 0.1411 0.1351 0.1479 
         176  1 0.1396 0.1305 0.1405 0.1492 0.1535 0.1389 0.1479 
         177  1 0.1421 0.1517 0.1333 0.1287 0.1325 0.1822 0.1294 
         178  1 0.1486 0.1300 0.1534 0.1351 0.1610 0.1289 0.1431 
         179  1 0.1415 0.1432 0.1517 0.1467 0.1450 0.1349 0.1370 
         180  1 0.1476 0.1544 0.1426 0.1344 0.1358 0.1493 0.1359 
         181  1 0.1504 0.1386 0.1496 0.1267 0.1476 0.1598 0.1274 
         182  1 0.1405 0.1316 0.1371 0.1532 0.1509 0.1363 0.1503 
         183  1 0.1405 0.1526 0.1437 0.1423 0.1417 0.1358 0.1434 
         184  1 0.1392 0.1514 0.1335 0.1509 0.1388 0.1309 0.1552 
         185  1 0.1521 0.1374 0.1604 0.1285 0.1464 0.1409 0.1344 
         186  1 0.1558 0.1494 0.1552 0.1413 0.1320 0.1347 0.1315 
         187  1 0.1508 0.1474 0.1501 0.1416 0.1383 0.1360 0.1358 
         188  1 0.1401 0.1444 0.1431 0.1413 0.1427 0.1515 0.1368 
         189  1 0.1384 0.1477 0.1452 0.1409 0.1393 0.1573 0.1311 
         190  1 0.1442 0.1405 0.1502 0.1389 0.1523 0.1319 0.1420 
         191  1 0.1495 0.1479 0.1455 0.1416 0.1390 0.1430 0.1335 
         192  1 0.1465 0.1530 0.1463 0.1386 0.1414 0.1321 0.1420 
         193  1 0.1445 0.1355 0.1585 0.1492 0.1479 0.1225 0.1421 
         194  1 0.1426 0.1351 0.1541 0.1415 0.1511 0.1362 0.1393 
         195  1 0.1450 0.1625 0.1444 0.1256 0.1417 0.1349 0.1460 
         196  1 0.1415 0.1438 0.1480 0.1424 0.1445 0.1419 0.1380 
         197  1 0.1420 0.1475 0.1425 0.1349 0.1413 0.1538 0.1379 
         198  1 0.1389 0.1388 0.1359 0.1422 0.1484 0.1562 0.1396 
         199  1 0.1377 0.1706 0.1372 0.1350 0.1287 0.1404 0.1504 
         200  1 0.1385 0.1339 0.1369 0.1506 0.1410 0.1535 0.1457 
         201  1 0.1300 0.1194 0.1303 0.1683 0.1610 0.1175 0.1735 
         202  1 0.1384 0.1507 0.1307 0.1330 0.1403 0.1630 0.1440 
         203  1 0.1420 0.1338 0.1329 0.1439 0.1449 0.1600 0.1425 
         204  1 0.1288 0.1349 0.1321 0.1611 0.1517 0.1262 0.1652 
         205  1 0.1471 0.1415 0.1425 0.1344 0.1524 0.1409 0.1410 
         206  1 0.1398 0.1382 0.1360 0.1574 0.1437 0.1313 0.1536 
         207  1 0.1512 0.1431 0.1622 0.1407 0.1470 0.1234 0.1324 
         208  1 0.1422 0.1273 0.1490 0.1471 0.1581 0.1313 0.1451 
         209  1 0.1564 0.1370 0.1693 0.1461 0.1408 0.1222 0.1280 
         210  1 0.1424 0.1369 0.1384 0.1450 0.1507 0.1356 0.1509 
         211  1 0.1415 0.1413 0.1392 0.1383 0.1399 0.1599 0.1399 
         212  1 0.1374 0.1256 0.1362 0.1641 0.1515 0.1278 0.1575 
         213  1 0.1358 0.1278 0.1406 0.1603 0.1547 0.1199 0.1608 
         214  1 0.1400 0.1465 0.1491 0.1440 0.1422 0.1273 0.1508 
         215  1 0.1456 0.1327 0.1539 0.1399 0.1523 0.1362 0.1394 
         216  1 0.1420 0.1410 0.1466 0.1496 0.1421 0.1395 0.1392 
         217  1 0.1518 0.1356 0.1509 0.1324 0.1467 0.1494 0.1332 
         218  1 0.1467 0.1285 0.1589 0.1404 0.1536 0.1360 0.1360 
         219  1 0.1420 0.1530 0.1320 0.1359 0.1408 0.1639 0.1324 
         220  1 0.1369 0.1244 0.1367 0.1563 0.1523 0.1380 0.1553 
         221  1 0.1409 0.1404 0.1513 0.1412 0.1472 0.1414 0.1377 
         222  1 0.1533 0.1408 0.1539 0.1291 0.1478 0.1454 0.1297 
         223  1 0.1489 0.1357 0.1537 0.1391 0.1515 0.1317 0.1394 
         224  1 0.1409 0.1291 0.1269 0.1429 0.1434 0.1733 0.1435 
         225  1 0.1553 0.1446 0.1694 0.1450 0.1396 0.1157 0.1303 
         226  1 0.1438 0.1419 0.1541 0.1433 0.1482 0.1299 0.1387 
         227  1 0.1395 0.1274 0.1391 0.1539 0.1485 0.1399 0.1517 
         228  1 0.1357 0.1303 0.1309 0.1601 0.1488 0.1320 0.1622 
         229  1 0.1447 0.1409 0.1494 0.1403 0.1439 0.1400 0.1408 
         230  1 0.1396 0.1395 0.1372 0.1444 0.1516 0.1436 0.1441 
         231  1 0.1421 0.1604 0.1398 0.1338 0.1338 0.1483 0.1417 
         232  1 0.1414 0.1383 0.1408 0.1420 0.1410 0.1600 0.1366 
         233  1 0.1279 0.1155 0.1228 0.1763 0.1584 0.1244 0.1747 
         234  1 0.1396 0.1333 0.1434 0.1525 0.1543 0.1270 0.1498 
         235  1 0.1435 0.1486 0.1507 0.1425 0.1436 0.1263 0.1448 
         236  1 0.1358 0.1534 0.1327 0.1325 0.1299 0.1719 0.1438 
         237  1 0.1319 0.1305 0.1331 0.1659 0.1451 0.1271 0.1664 
         238  1 0.1447 0.1340 0.1515 0.1417 0.1511 0.1321 0.1450 
         239  1 0.1423 0.1403 0.1508 0.1476 0.1478 0.1296 0.1417 
         240  1 0.1425 0.1607 0.1448 0.1355 0.1396 0.1307 0.1461 
         241  1 0.1372 0.1281 0.1327 0.1597 0.1508 0.1362 0.1554 
         242  1 0.1398 0.1443 0.1547 0.1337 0.1451 0.1504 0.1320 
         243  1 0.1302 0.1304 0.1326 0.1587 0.1423 0.1580 0.1478 
         244  1 0.1393 0.1526 0.1440 0.1443 0.1414 0.1319 0.1464 
         245  1 0.1407 0.1320 0.1495 0.1456 0.1565 0.1252 0.1505 
         246  1 0.1427 0.1351 0.1467 0.1428 0.1499 0.1413 0.1415 
         247  1 0.1417 0.1554 0.1584 0.1395 0.1404 0.1214 0.1433 
         248  1 0.1522 0.1456 0.1561 0.1362 0.1397 0.1420 0.1284 
         249  1 0.1485 0.1389 0.1689 0.1342 0.1573 0.1182 0.1340 
         250  1 0.1519 0.1400 0.1601 0.1389 0.1521 0.1194 0.1375 
         251  1 0.1413 0.1491 0.1461 0.1286 0.1433 0.1558 0.1358 
         252  1 0.1461 0.1536 0.1544 0.1309 0.1410 0.1397 0.1343 
         253  1 0.1399 0.1482 0.1414 0.1357 0.1482 0.1430 0.1436 
         254  1 0.1444 0.1514 0.1410 0.1271 0.1343 0.1768 0.1250 
         255  1 0.1431 0.1758 0.1299 0.1174 0.1164 0.1916 0.1257 
         256  1 0.1512 0.1645 0.1471 0.1242 0.1419 0.1341 0.1371 
         257  1 0.1443 0.1799 0.1433 0.1256 0.1310 0.1280 0.1479 
         258  1 0.1415 0.1657 0.1412 0.1245 0.1292 0.1596 0.1384 
         259  1 0.1400 0.1443 0.1431 0.1509 0.1447 0.1291 0.1478 
         260  1 0.1376 0.1492 0.1393 0.1343 0.1362 0.1700 0.1335 
         261  1 0.1402 0.1956 0.1365 0.1207 0.1201 0.1307 0.1561 
         262  1 0.1422 0.1457 0.1433 0.1461 0.1463 0.1283 0.1481 
         263  1 0.1484 0.1462 0.1548 0.1407 0.1412 0.1294 0.1393 
         264  1 0.1370 0.1655 0.1347 0.1365 0.1349 0.1450 0.1465 
         265  1 0.1412 0.1832 0.1358 0.1206 0.1276 0.1481 0.1436 
         266  1 0.1447 0.1438 0.1404 0.1410 0.1403 0.1464 0.1434 
         267  1 0.1467 0.1440 0.1475 0.1320 0.1397 0.1519 0.1383 
         268  1 0.1426 0.1465 0.1483 0.1389 0.1450 0.1344 0.1443 
         269  1 0.1395 0.1617 0.1405 0.1363 0.1358 0.1377 0.1485 
         270  1 0.1440 0.1682 0.1339 0.1252 0.1312 0.1555 0.1421 
         271  1 0.1467 0.1564 0.1392 0.1327 0.1364 0.1509 0.1377 
         272  1 0.1359 0.1519 0.1365 0.1400 0.1459 0.1363 0.1536 
         273  1 0.1467 0.1418 0.1624 0.1429 0.1435 0.1259 0.1368 
         274  1 0.1402 0.1658 0.1390 0.1343 0.1317 0.1475 0.1415 
         275  1 0.1375 0.1550 0.1294 0.1450 0.1393 0.1383 0.1557 
         276  1 0.1445 0.1707 0.1339 0.1326 0.1287 0.1436 0.1460 
         277  1 0.1521 0.1439 0.1483 0.1275 0.1416 0.1502 0.1364 
         278  1 0.1555 0.1442 0.1473 0.1275 0.1561 0.1373 0.1321 
         279  1 0.1376 0.1719 0.1358 0.1392 0.1307 0.1298 0.1551 
         280  1 0.1350 0.1371 0.1217 0.1442 0.1380 0.1782 0.1457 
         281  1 0.1361 0.1241 0.1325 0.1527 0.1581 0.1370 0.1595 
         282  1 0.1519 0.1530 0.1550 0.1290 0.1367 0.1427 0.1319 
         283  1 0.1362 0.1587 0.1224 0.1435 0.1321 0.1543 0.1528 
         284  1 0.1507 0.1403 0.1563 0.1413 0.1418 0.1336 0.1361 
         285  1 0.1457 0.1605 0.1402 0.1329 0.1303 0.1518 0.1386 
         286  1 0.1406 0.1595 0.1422 0.1329 0.1436 0.1324 0.1488 
         287  1 0.1385 0.1649 0.1325 0.1277 0.1320 0.1627 0.1417 
         288  1 0.1335 0.1430 0.1306 0.1460 0.1450 0.1467 0.1552 
         289  1 0.1474 0.1574 0.1503 0.1347 0.1343 0.1372 0.1387 
         290  1 0.1289 0.1409 0.1186 0.1345 0.1327 0.2095 0.1349 
         291  1 0.1393 0.1821 0.1320 0.1225 0.1276 0.1437 0.1527 
         292  1 0.1425 0.1565 0.1483 0.1339 0.1394 0.1331 0.1463 
         293  1 0.1408 0.1899 0.1355 0.1216 0.1240 0.1370 0.1512 
         294  1 0.1410 0.1693 0.1344 0.1220 0.1297 0.1670 0.1367 
         295  1 0.1404 0.1786 0.1401 0.1254 0.1274 0.1399 0.1481 
         296  1 0.1424 0.1396 0.1411 0.1430 0.1449 0.1457 0.1432 
         297  1 0.1408 0.1854 0.1382 0.1199 0.1255 0.1392 0.1509 
         298  1 0.1490 0.1418 0.1595 0.1358 0.1474 0.1313 0.1352 
         299  1 0.1426 0.1364 0.1395 0.1420 0.1468 0.1470 0.1457 
         300  1 0.1410 0.1688 0.1397 0.1272 0.1330 0.1442 0.1462 
         301  1 0.1378 0.1814 0.1297 0.1201 0.1202 0.1776 0.1332 
         302  1 0.1336 0.1333 0.1292 0.1560 0.1523 0.1337 0.1619 
         303  1 0.1331 0.1763 0.1230 0.1342 0.1318 0.1413 0.1604 
         304  1 0.1388 0.1387 0.1359 0.1486 0.1477 0.1320 0.1583 
         305  1 0.1482 0.1379 0.1447 0.1342 0.1467 0.1495 0.1389 
         306  1 0.1422 0.1451 0.1406 0.1354 0.1426 0.1533 0.1408 
         307  1 0.1465 0.1495 0.1449 0.1374 0.1424 0.1344 0.1449 
         308  1 0.1524 0.1425 0.1347 0.1260 0.1400 0.1729 0.1315 
         309  1 0.1390 0.1318 0.1472 0.1630 0.1476 0.1158 0.1556 
         310  1 0.1506 0.1490 0.1670 0.1408 0.1393 0.1203 0.1329 
         311  1 0.1427 0.1454 0.1357 0.1331 0.1395 0.1757 0.1279 
         312  1 0.1487 0.1350 0.1416 0.1344 0.1431 0.1674 0.1298 
         313  1 0.1394 0.1394 0.1335 0.1479 0.1397 0.1592 0.1408 
         314  1 0.1376 0.1429 0.1377 0.1474 0.1401 0.1480 0.1464 
         315  1 0.1515 0.1526 0.1502 0.1350 0.1392 0.1363 0.1353 
         316  1 0.1489 0.1343 0.1526 0.1479 0.1412 0.1404 0.1348 
         317  1 0.1409 0.1507 0.1345 0.1402 0.1392 0.1511 0.1435 
         318  1 0.1504 0.1454 0.1601 0.1400 0.1412 0.1323 0.1304 
         319  1 0.1449 0.1372 0.1271 0.1399 0.1463 0.1712 0.1335 
         320  1 0.1509 0.1436 0.1452 0.1400 0.1402 0.1425 0.1375 
         321  1 0.1469 0.1378 0.1543 0.1560 0.1377 0.1282 0.1391 
         322  1 0.1424 0.1433 0.1331 0.1245 0.1351 0.2018 0.1198 
         323  1 0.1338 0.1383 0.1337 0.1580 0.1411 0.1457 0.1494 
         324  1 0.1554 0.1403 0.1505 0.1373 0.1478 0.1340 0.1347 
         325  1 0.1353 0.1397 0.1333 0.1431 0.1357 0.1781 0.1348 
         326  1 0.1504 0.1555 0.1512 0.1447 0.1347 0.1286 0.1349 
         327  1 0.1457 0.1522 0.1514 0.1381 0.1408 0.1333 0.1386 
         328  1 0.1484 0.1529 0.1452 0.1302 0.1378 0.1491 0.1364 
         329  1 0.1399 0.1477 0.1393 0.1415 0.1376 0.1602 0.1337 
         330  1 0.1432 0.1528 0.1386 0.1403 0.1347 0.1460 0.1443 
         331  1 0.1461 0.1446 0.1434 0.1411 0.1402 0.1407 0.1439 
         332  1 0.1464 0.1459 0.1505 0.1465 0.1405 0.1299 0.1403 
         333  1 0.1366 0.1455 0.1377 0.1354 0.1389 0.1713 0.1346 
         334  1 0.1445 0.1341 0.1516 0.1335 0.1504 0.1530 0.1329 
         335  1 0.1505 0.1461 0.1398 0.1348 0.1317 0.1697 0.1275 
         336  1 0.1417 0.1325 0.1360 0.1399 0.1535 0.1536 0.1427 
         337  1 0.1472 0.1255 0.1431 0.1353 0.1648 0.1407 0.1433 
         338  1 0.1382 0.1456 0.1317 0.1480 0.1374 0.1488 0.1503 
         339  1 0.1354 0.1425 0.1375 0.1478 0.1379 0.1497 0.1492 
         340  1 0.1426 0.1400 0.1538 0.1416 0.1492 0.1241 0.1488 
         341  1 0.1418 0.1377 0.1371 0.1401 0.1469 0.1574 0.1389 
         342  1 0.1362 0.1351 0.1306 0.1409 0.1396 0.1768 0.1406 
         343  1 0.1430 0.1537 0.1412 0.1445 0.1380 0.1305 0.1490 
         344  1 0.1400 0.1680 0.1426 0.1375 0.1313 0.1406 0.1400 
         345  1 0.1446 0.1447 0.1486 0.1472 0.1414 0.1307 0.1427 
         346  1 0.1420 0.1343 0.1479 0.1505 0.1496 0.1267 0.1489 
         347  1 0.1365 0.1280 0.1320 0.1571 0.1457 0.1488 0.1519 
