           1  1 0.2181 0.2523 0.2680 0.2616 
           2  1 0.2428 0.2386 0.2582 0.2604 
           3  1 0.2556 0.2529 0.2397 0.2519 
           4  1 0.2704 0.2570 0.2303 0.2423 
           5  1 0.2579 0.2694 0.2297 0.2430 
           6  1 0.2470 0.2512 0.2505 0.2512 
           7  1 0.2225 0.2613 0.2621 0.2541 
           8  1 0.2395 0.2761 0.2326 0.2518 
           9  1 0.2407 0.2482 0.2602 0.2509 
          10  1 0.2424 0.2639 0.2425 0.2512 
          11  1 0.2721 0.2334 0.2556 0.2389 
          12  1 0.2523 0.2425 0.2554 0.2498 
          13  1 0.2720 0.2490 0.2395 0.2395 
          14  1 0.2258 0.2646 0.2527 0.2569 
          15  1 0.2191 0.2585 0.2631 0.2593 
          16  1 0.2301 0.2499 0.2649 0.2551 
          17  1 0.3418 0.2200 0.2209 0.2173 
          18  1 0.2377 0.2542 0.2578 0.2503 
          19  1 0.2428 0.2365 0.2657 0.2550 
          20  1 0.2480 0.2259 0.2719 0.2542 
          21  1 0.2314 0.2354 0.2793 0.2540 
          22  1 0.2310 0.2313 0.2788 0.2588 
          23  1 0.2441 0.2443 0.2574 0.2543 
          24  1 0.2522 0.2543 0.2423 0.2511 
          25  1 0.2471 0.2392 0.2614 0.2523 
          26  1 0.2653 0.2442 0.2510 0.2395 
          27  1 0.2290 0.2649 0.2539 0.2522 
          28  1 0.2171 0.2404 0.2795 0.2631 
          29  1 0.2732 0.2337 0.2523 0.2408 
          30  1 0.2271 0.2634 0.2570 0.2525 
          31  1 0.2483 0.2607 0.2406 0.2504 
          32  1 0.2317 0.2570 0.2571 0.2543 
          33  1 0.2332 0.2418 0.2701 0.2549 
          34  1 0.2597 0.2424 0.2538 0.2441 
          35  1 0.2223 0.2532 0.2631 0.2614 
          36  1 0.2161 0.2638 0.2578 0.2623 
          37  1 0.2934 0.2455 0.2262 0.2349 
          38  1 0.2836 0.2546 0.2253 0.2365 
          39  1 0.2296 0.2324 0.2810 0.2570 
          40  1 0.2273 0.2261 0.2874 0.2591 
          41  1 0.2655 0.2300 0.2626 0.2419 
          42  1 0.2483 0.2521 0.2493 0.2504 
          43  1 0.2615 0.2380 0.2547 0.2458 
          44  1 0.2404 0.2848 0.2246 0.2502 
          45  1 0.2453 0.2313 0.2656 0.2578 
          46  1 0.2239 0.2627 0.2534 0.2601 
          47  1 0.2211 0.2577 0.2636 0.2576 
          48  1 0.2522 0.2746 0.2247 0.2485 
          49  1 0.3251 0.2127 0.2358 0.2264 
          50  1 0.2655 0.2491 0.2399 0.2455 
          51  1 0.2857 0.2501 0.2286 0.2356 
          52  1 0.2546 0.2536 0.2457 0.2461 
          53  1 0.2592 0.2232 0.2719 0.2457 
          54  1 0.2166 0.2560 0.2598 0.2676 
          55  1 0.2248 0.2396 0.2770 0.2586 
          56  1 0.2448 0.2476 0.2567 0.2509 
          57  1 0.2636 0.2216 0.2705 0.2443 
          58  1 0.2650 0.2481 0.2450 0.2420 
          59  1 0.2732 0.2413 0.2347 0.2508 
          60  1 0.2409 0.2231 0.2793 0.2567 
          61  1 0.2306 0.2299 0.2843 0.2552 
          62  1 0.2180 0.2838 0.2379 0.2603 
          63  1 0.2632 0.2595 0.2343 0.2431 
          64  1 0.2267 0.2313 0.2779 0.2641 
          65  1 0.2319 0.2505 0.2611 0.2565 
          66  1 0.2503 0.2378 0.2676 0.2442 
          67  1 0.2499 0.2781 0.2292 0.2428 
          68  1 0.2301 0.2773 0.2365 0.2561 
          69  1 0.2464 0.2534 0.2459 0.2544 
          70  1 0.2498 0.2511 0.2476 0.2515 
          71  1 0.2599 0.2330 0.2565 0.2506 
          72  1 0.2653 0.2517 0.2412 0.2419 
          73  1 0.2985 0.2194 0.2490 0.2331 
          74  1 0.2532 0.2362 0.2628 0.2478 
          75  1 0.2478 0.2525 0.2461 0.2535 
          76  1 0.2221 0.2395 0.2782 0.2602 
          77  1 0.2351 0.2723 0.2388 0.2538 
          78  1 0.2313 0.2760 0.2411 0.2516 
          79  1 0.2178 0.2271 0.2941 0.2609 
          80  1 0.2391 0.2568 0.2528 0.2513 
          81  1 0.2491 0.2537 0.2456 0.2516 
          82  1 0.2486 0.2389 0.2633 0.2492 
          83  1 0.2494 0.2487 0.2490 0.2529 
          84  1 0.2228 0.2693 0.2506 0.2573 
          85  1 0.2811 0.2305 0.2469 0.2415 
          86  1 0.2634 0.2527 0.2392 0.2447 
          87  1 0.3100 0.2304 0.2296 0.2300 
          88  1 0.2056 0.2555 0.2668 0.2720 
          89  1 0.2859 0.2418 0.2350 0.2373 
          90  1 0.2193 0.2693 0.2463 0.2651 
          91  1 0.2284 0.2752 0.2418 0.2547 
          92  1 0.2655 0.2426 0.2443 0.2477 
          93  1 0.2228 0.2650 0.2506 0.2615 
          94  1 0.2261 0.2697 0.2456 0.2586 
          95  1 0.2180 0.2677 0.2526 0.2617 
          96  1 0.2363 0.2588 0.2511 0.2538 
          97  1 0.2626 0.2550 0.2403 0.2421 
          98  1 0.2421 0.2591 0.2472 0.2516 
          99  1 0.2492 0.2534 0.2459 0.2516 
         100  1 0.2239 0.2518 0.2682 0.2561 
         101  1 0.2436 0.2752 0.2330 0.2482 
         102  1 0.2516 0.2514 0.2421 0.2549 
         103  1 0.2306 0.2772 0.2345 0.2577 
         104  1 0.2192 0.2602 0.2561 0.2645 
         105  1 0.2543 0.2595 0.2395 0.2466 
         106  1 0.2599 0.2720 0.2229 0.2452 
         107  1 0.2386 0.2571 0.2487 0.2557 
         108  1 0.2275 0.2521 0.2611 0.2593 
         109  1 0.2194 0.2664 0.2572 0.2570 
         110  1 0.2358 0.2549 0.2540 0.2553 
         111  1 0.2663 0.2458 0.2438 0.2441 
         112  1 0.2750 0.2254 0.2564 0.2432 
         113  1 0.2241 0.2344 0.2868 0.2547 
         114  1 0.2267 0.2581 0.2589 0.2563 
         115  1 0.2406 0.2568 0.2479 0.2547 
         116  1 0.2438 0.2525 0.2505 0.2532 
         117  1 0.2476 0.2503 0.2556 0.2464 
         118  1 0.2359 0.2833 0.2273 0.2535 
         119  1 0.2639 0.2459 0.2416 0.2487 
         120  1 0.2644 0.2735 0.2201 0.2420 
         121  1 0.2388 0.2535 0.2551 0.2526 
         122  1 0.2086 0.2548 0.2722 0.2643 
         123  1 0.2506 0.2268 0.2714 0.2512 
         124  1 0.2117 0.2235 0.2981 0.2666 
         125  1 0.2476 0.2360 0.2614 0.2549 
         126  1 0.2145 0.2412 0.2841 0.2602 
         127  1 0.2398 0.2757 0.2317 0.2528 
         128  1 0.2910 0.2251 0.2461 0.2378 
         129  1 0.2327 0.2478 0.2589 0.2605 
         130  1 0.2175 0.2510 0.2670 0.2645 
         131  1 0.2489 0.2568 0.2425 0.2518 
         132  1 0.2560 0.2495 0.2469 0.2476 
         133  1 0.2086 0.2425 0.2872 0.2617 
         134  1 0.2336 0.2296 0.2794 0.2573 
         135  1 0.3130 0.2272 0.2327 0.2271 
         136  1 0.2022 0.2887 0.2396 0.2695 
         137  1 0.2065 0.2886 0.2436 0.2613 
         138  1 0.2320 0.2757 0.2364 0.2560 
         139  1 0.2629 0.2651 0.2264 0.2456 
         140  1 0.2014 0.2621 0.2694 0.2671 
         141  1 0.2342 0.2795 0.2383 0.2479 
         142  1 0.2332 0.2735 0.2378 0.2555 
         143  1 0.2629 0.2420 0.2513 0.2438 
         144  1 0.2927 0.2329 0.2370 0.2374 
         145  1 0.2087 0.2726 0.2506 0.2680 
         146  1 0.2241 0.2375 0.2812 0.2572 
         147  1 0.2303 0.2646 0.2485 0.2567 
         148  1 0.3089 0.2204 0.2421 0.2287 
         149  1 0.2716 0.2538 0.2334 0.2412 
         150  1 0.2662 0.2437 0.2455 0.2447 
         151  1 0.2809 0.2334 0.2503 0.2355 
         152  1 0.2526 0.2414 0.2568 0.2492 
         153  1 0.2906 0.2390 0.2322 0.2382 
         154  1 0.2578 0.2471 0.2433 0.2518 
         155  1 0.2188 0.2609 0.2583 0.2620 
         156  1 0.2064 0.2908 0.2378 0.2650 
         157  1 0.2072 0.2587 0.2711 0.2630 
         158  1 0.2423 0.2351 0.2701 0.2525 
         159  1 0.2375 0.2764 0.2382 0.2480 
         160  1 0.2434 0.2356 0.2657 0.2553 
         161  1 0.2432 0.2516 0.2536 0.2516 
         162  1 0.2834 0.2359 0.2415 0.2392 
         163  1 0.2483 0.2394 0.2656 0.2467 
         164  1 0.2593 0.2497 0.2468 0.2441 
         165  1 0.2720 0.2377 0.2454 0.2449 
         166  1 0.2483 0.2401 0.2606 0.2510 
         167  1 0.2406 0.2764 0.2343 0.2487 
         168  1 0.2175 0.2359 0.2815 0.2650 
         169  1 0.2638 0.2516 0.2368 0.2478 
         170  1 0.2223 0.2717 0.2465 0.2595 
         171  1 0.2381 0.2458 0.2578 0.2583 
         172  1 0.2339 0.2162 0.2924 0.2575 
         173  1 0.2223 0.2652 0.2519 0.2607 
         174  1 0.2282 0.2559 0.2582 0.2577 
         175  1 0.2288 0.2639 0.2523 0.2550 
         176  1 0.2357 0.2452 0.2659 0.2532 
         177  1 0.3142 0.2274 0.2278 0.2307 
         178  1 0.2382 0.2473 0.2621 0.2524 
         179  1 0.2309 0.2588 0.2505 0.2598 
         180  1 0.2638 0.2578 0.2342 0.2442 
         181  1 0.2915 0.2469 0.2269 0.2347 
         182  1 0.2353 0.2477 0.2576 0.2593 
         183  1 0.2300 0.2664 0.2496 0.2540 
         184  1 0.2423 0.2535 0.2555 0.2487 
         185  1 0.2835 0.2331 0.2387 0.2447 
         186  1 0.2405 0.2831 0.2249 0.2514 
         187  1 0.2357 0.2679 0.2409 0.2554 
         188  1 0.2596 0.2482 0.2459 0.2463 
         189  1 0.2354 0.2694 0.2411 0.2541 
         190  1 0.2341 0.2517 0.2612 0.2530 
         191  1 0.2533 0.2645 0.2356 0.2465 
         192  1 0.2292 0.2681 0.2491 0.2535 
         193  1 0.2085 0.2671 0.2577 0.2667 
         194  1 0.2440 0.2476 0.2600 0.2485 
         195  1 0.2578 0.2553 0.2417 0.2452 
         196  1 0.2367 0.2562 0.2538 0.2534 
         197  1 0.2615 0.2425 0.2476 0.2484 
         198  1 0.2764 0.2291 0.2534 0.2411 
         199  1 0.2571 0.2517 0.2412 0.2500 
         200  1 0.2799 0.2347 0.2454 0.2400 
         201  1 0.2107 0.2384 0.2897 0.2612 
         202  1 0.3060 0.2160 0.2424 0.2355 
         203  1 0.2802 0.2285 0.2464 0.2450 
         204  1 0.2305 0.2286 0.2832 0.2577 
         205  1 0.2491 0.2522 0.2520 0.2467 
         206  1 0.2255 0.2537 0.2605 0.2604 
         207  1 0.1996 0.2923 0.2432 0.2649 
         208  1 0.2295 0.2458 0.2692 0.2555 
         209  1 0.2054 0.2970 0.2341 0.2635 
         210  1 0.2457 0.2425 0.2597 0.2522 
         211  1 0.2898 0.2211 0.2488 0.2403 
         212  1 0.2265 0.2458 0.2680 0.2597 
         213  1 0.2210 0.2542 0.2709 0.2538 
         214  1 0.2223 0.2526 0.2603 0.2648 
         215  1 0.2392 0.2551 0.2533 0.2524 
         216  1 0.2347 0.2569 0.2545 0.2540 
         217  1 0.2654 0.2511 0.2440 0.2395 
         218  1 0.2407 0.2517 0.2529 0.2546 
         219  1 0.2943 0.2337 0.2358 0.2362 
         220  1 0.2557 0.2298 0.2694 0.2450 
         221  1 0.2224 0.2644 0.2546 0.2586 
         222  1 0.2621 0.2638 0.2345 0.2396 
         223  1 0.2322 0.2624 0.2502 0.2552 
         224  1 0.2921 0.2219 0.2533 0.2327 
         225  1 0.1903 0.3083 0.2342 0.2672 
         226  1 0.2160 0.2735 0.2502 0.2603 
         227  1 0.2438 0.2442 0.2598 0.2522 
         228  1 0.2315 0.2403 0.2716 0.2565 
         229  1 0.2446 0.2489 0.2497 0.2568 
         230  1 0.2406 0.2413 0.2696 0.2485 
         231  1 0.2511 0.2606 0.2405 0.2478 
         232  1 0.2810 0.2344 0.2436 0.2410 
         233  1 0.2334 0.2204 0.2902 0.2560 
         234  1 0.2161 0.2576 0.2647 0.2616 
         235  1 0.2139 0.2699 0.2511 0.2652 
         236  1 0.2700 0.2390 0.2447 0.2463 
         237  1 0.2441 0.2407 0.2632 0.2519 
         238  1 0.2357 0.2545 0.2575 0.2524 
         239  1 0.2168 0.2637 0.2570 0.2626 
         240  1 0.2258 0.2698 0.2476 0.2568 
         241  1 0.2333 0.2400 0.2700 0.2567 
         242  1 0.2436 0.2585 0.2476 0.2504 
         243  1 0.2667 0.2302 0.2569 0.2462 
         244  1 0.2216 0.2696 0.2534 0.2554 
         245  1 0.2260 0.2419 0.2726 0.2595 
         246  1 0.2505 0.2368 0.2602 0.2525 
         247  1 0.2131 0.2758 0.2435 0.2676 
         248  1 0.2480 0.2755 0.2253 0.2511 
         249  1 0.2106 0.2844 0.2452 0.2598 
         250  1 0.2108 0.2791 0.2537 0.2564 
         251  1 0.2524 0.2576 0.2421 0.2479 
         252  1 0.2410 0.2749 0.2366 0.2475 
         253  1 0.2482 0.2452 0.2585 0.2481 
         254  1 0.2888 0.2571 0.2200 0.2341 
         255  1 0.3318 0.2428 0.2029 0.2225 
         256  1 0.2669 0.2640 0.2272 0.2419 
         257  1 0.2444 0.2661 0.2385 0.2510 
         258  1 0.3018 0.2366 0.2261 0.2354 
         259  1 0.2120 0.2652 0.2593 0.2635 
         260  1 0.2890 0.2414 0.2331 0.2365 
         261  1 0.2918 0.2414 0.2293 0.2375 
         262  1 0.2272 0.2412 0.2672 0.2644 
         263  1 0.2196 0.2844 0.2405 0.2555 
         264  1 0.2656 0.2460 0.2454 0.2429 
         265  1 0.3111 0.2397 0.2244 0.2247 
         266  1 0.2578 0.2497 0.2421 0.2504 
         267  1 0.2954 0.2348 0.2372 0.2326 
         268  1 0.2218 0.2537 0.2619 0.2626 
         269  1 0.2670 0.2424 0.2483 0.2423 
         270  1 0.2911 0.2375 0.2354 0.2360 
         271  1 0.2605 0.2431 0.2438 0.2526 
         272  1 0.2466 0.2390 0.2632 0.2512 
         273  1 0.2162 0.2668 0.2541 0.2630 
         274  1 0.2661 0.2424 0.2427 0.2487 
         275  1 0.2714 0.2300 0.2560 0.2426 
         276  1 0.2854 0.2512 0.2272 0.2363 
         277  1 0.2880 0.2441 0.2315 0.2364 
         278  1 0.2668 0.2575 0.2355 0.2401 
         279  1 0.2456 0.2495 0.2511 0.2539 
         280  1 0.3003 0.2150 0.2526 0.2322 
         281  1 0.2569 0.2207 0.2795 0.2429 
         282  1 0.2605 0.2646 0.2283 0.2466 
         283  1 0.3092 0.2163 0.2424 0.2321 
         284  1 0.2312 0.2616 0.2458 0.2614 
         285  1 0.2901 0.2465 0.2315 0.2320 
         286  1 0.2327 0.2484 0.2605 0.2584 
         287  1 0.2733 0.2461 0.2424 0.2382 
         288  1 0.2739 0.2225 0.2620 0.2416 
         289  1 0.2434 0.2670 0.2387 0.2509 
         290  1 0.2920 0.2161 0.2539 0.2380 
         291  1 0.2879 0.2322 0.2394 0.2404 
         292  1 0.2568 0.2428 0.2456 0.2548 
         293  1 0.2865 0.2456 0.2283 0.2396 
         294  1 0.3237 0.2282 0.2208 0.2274 
         295  1 0.2608 0.2532 0.2357 0.2503 
         296  1 0.2419 0.2469 0.2539 0.2574 
         297  1 0.3018 0.2338 0.2302 0.2342 
         298  1 0.2360 0.2685 0.2426 0.2529 
         299  1 0.2484 0.2404 0.2597 0.2515 
         300  1 0.2742 0.2390 0.2438 0.2430 
         301  1 0.3345 0.2358 0.2098 0.2200 
         302  1 0.2417 0.2310 0.2734 0.2539 
         303  1 0.2936 0.2209 0.2514 0.2340 
         304  1 0.2460 0.2378 0.2652 0.2510 
         305  1 0.2792 0.2294 0.2475 0.2439 
         306  1 0.2721 0.2361 0.2474 0.2444 
         307  1 0.2335 0.2538 0.2525 0.2602 
         308  1 0.3348 0.2166 0.2248 0.2238 
         309  1 0.2041 0.2602 0.2696 0.2660 
         310  1 0.2046 0.2919 0.2379 0.2656 
         311  1 0.2779 0.2535 0.2282 0.2404 
         312  1 0.2905 0.2370 0.2358 0.2367 
         313  1 0.2643 0.2458 0.2457 0.2443 
         314  1 0.2799 0.2300 0.2440 0.2461 
         315  1 0.2436 0.2724 0.2349 0.2491 
         316  1 0.2456 0.2634 0.2431 0.2479 
         317  1 0.2621 0.2478 0.2489 0.2412 
         318  1 0.2247 0.2825 0.2329 0.2599 
         319  1 0.3056 0.2205 0.2412 0.2327 
         320  1 0.2477 0.2604 0.2397 0.2521 
         321  1 0.2267 0.2739 0.2443 0.2551 
         322  1 0.3260 0.2300 0.2180 0.2259 
         323  1 0.2477 0.2424 0.2584 0.2514 
         324  1 0.2455 0.2655 0.2403 0.2486 
         325  1 0.2615 0.2455 0.2447 0.2483 
         326  1 0.2380 0.2798 0.2330 0.2492 
         327  1 0.2325 0.2663 0.2415 0.2597 
         328  1 0.2688 0.2537 0.2302 0.2472 
         329  1 0.2541 0.2536 0.2416 0.2507 
         330  1 0.2610 0.2553 0.2404 0.2434 
         331  1 0.2351 0.2587 0.2479 0.2582 
         332  1 0.2188 0.2765 0.2432 0.2615 
         333  1 0.2612 0.2471 0.2475 0.2442 
         334  1 0.2604 0.2435 0.2506 0.2454 
         335  1 0.2957 0.2447 0.2250 0.2345 
         336  1 0.2687 0.2217 0.2658 0.2437 
         337  1 0.2675 0.2307 0.2621 0.2397 
         338  1 0.2696 0.2348 0.2542 0.2414 
         339  1 0.2480 0.2372 0.2605 0.2543 
         340  1 0.2280 0.2497 0.2591 0.2631 
         341  1 0.2580 0.2379 0.2529 0.2512 
         342  1 0.2865 0.2248 0.2465 0.2422 
         343  1 0.2135 0.2652 0.2573 0.2640 
         344  1 0.2447 0.2631 0.2407 0.2515 
         345  1 0.2224 0.2669 0.2522 0.2585 
         346  1 0.2140 0.2545 0.2691 0.2624 
         347  1 0.2565 0.2360 0.2610 0.2465 
