           1  1 0.0993 0.1084 0.0917 0.0982 0.1137 0.1039 0.0901 0.0957 0.0962 0.1026 
           2  1 0.1090 0.1016 0.0983 0.0978 0.0970 0.1045 0.0986 0.1015 0.0960 0.0957 
           3  1 0.1029 0.1033 0.1012 0.0955 0.0897 0.1044 0.1023 0.1072 0.0969 0.0966 
           4  1 0.0976 0.0936 0.1092 0.1034 0.0951 0.0940 0.1020 0.0944 0.1078 0.1029 
           5  1 0.1073 0.0957 0.0933 0.0936 0.0880 0.1064 0.0971 0.1066 0.1008 0.1113 
           6  1 0.0949 0.1024 0.1055 0.1077 0.0989 0.0942 0.1040 0.0916 0.1014 0.0994 
           7  1 0.1013 0.0929 0.0935 0.1006 0.1026 0.0991 0.0957 0.0964 0.1093 0.1086 
           8  1 0.0911 0.1012 0.0999 0.0990 0.1013 0.0918 0.0962 0.0951 0.1186 0.1056 
           9  1 0.0938 0.1035 0.0979 0.0962 0.1134 0.1016 0.0932 0.0978 0.1033 0.0993 
          10  1 0.1009 0.1014 0.0939 0.1012 0.1036 0.0985 0.0945 0.1015 0.1070 0.0975 
          11  1 0.1092 0.0996 0.0973 0.0949 0.0928 0.1020 0.0931 0.1070 0.1068 0.0971 
          12  1 0.1006 0.0933 0.0960 0.0967 0.0987 0.1037 0.1007 0.1066 0.0951 0.1087 
          13  1 0.0968 0.0885 0.0984 0.1044 0.0916 0.0910 0.1014 0.1023 0.1095 0.1160 
          14  1 0.0970 0.0975 0.1034 0.1022 0.0976 0.0972 0.1049 0.0958 0.1011 0.1035 
          15  1 0.0983 0.1048 0.0918 0.1006 0.1031 0.1056 0.0902 0.1067 0.0949 0.1039 
          16  1 0.0923 0.1064 0.0981 0.0956 0.1095 0.1024 0.0927 0.0971 0.1044 0.1015 
          17  1 0.1117 0.1054 0.1026 0.1008 0.0838 0.0927 0.1105 0.0976 0.1045 0.0902 
          18  1 0.1049 0.0944 0.0972 0.0990 0.0950 0.1032 0.0972 0.1005 0.1047 0.1039 
          19  1 0.1021 0.1029 0.0988 0.0924 0.1034 0.1052 0.0965 0.1019 0.1007 0.0961 
          20  1 0.1098 0.1032 0.0958 0.0906 0.1084 0.1127 0.0904 0.1082 0.0883 0.0926 
          21  1 0.1114 0.1101 0.0867 0.0934 0.1142 0.1123 0.0880 0.0934 0.0891 0.1014 
          22  1 0.0970 0.1106 0.0931 0.1043 0.1234 0.1091 0.0856 0.0929 0.0879 0.0963 
          23  1 0.1073 0.1038 0.0973 0.1020 0.0924 0.1020 0.1040 0.1032 0.0914 0.0967 
          24  1 0.1042 0.0945 0.0989 0.1020 0.0942 0.0995 0.1046 0.1056 0.1005 0.0961 
          25  1 0.0985 0.1064 0.1048 0.1005 0.1085 0.0973 0.0969 0.0976 0.0948 0.0945 
          26  1 0.1118 0.0913 0.0994 0.0965 0.0852 0.1063 0.0987 0.1095 0.1062 0.0952 
          27  1 0.0957 0.0910 0.0936 0.1019 0.0934 0.1025 0.1012 0.1017 0.1105 0.1086 
          28  1 0.0985 0.1089 0.0980 0.0971 0.1108 0.1020 0.0942 0.0939 0.0965 0.1001 
          29  1 0.1087 0.0933 0.1026 0.0919 0.0859 0.1107 0.1042 0.1133 0.0958 0.0937 
          30  1 0.0999 0.0986 0.0959 0.0985 0.1058 0.1016 0.0967 0.0991 0.1076 0.0963 
          31  1 0.1011 0.0973 0.1014 0.0980 0.0934 0.0949 0.1122 0.1020 0.1031 0.0967 
          32  1 0.1047 0.1042 0.0985 0.0973 0.0988 0.1022 0.0942 0.1031 0.0979 0.0991 
          33  1 0.1077 0.0992 0.0917 0.1022 0.1094 0.1047 0.0894 0.0948 0.0953 0.1055 
          34  1 0.1105 0.1006 0.0967 0.0964 0.0914 0.1034 0.0944 0.1035 0.1048 0.0983 
          35  1 0.0976 0.1058 0.0971 0.1045 0.0990 0.1039 0.0970 0.0979 0.1003 0.0967 
          36  1 0.0962 0.0992 0.0995 0.0997 0.1027 0.0996 0.0948 0.1000 0.1056 0.1027 
          37  1 0.1151 0.0903 0.0978 0.0899 0.0736 0.1115 0.1062 0.1178 0.1053 0.0924 
          38  1 0.1064 0.0883 0.1090 0.0905 0.0849 0.1005 0.0974 0.1166 0.1151 0.0914 
          39  1 0.1050 0.1134 0.0903 0.0968 0.1304 0.1066 0.0765 0.0876 0.0916 0.1019 
          40  1 0.1045 0.1203 0.0844 0.0977 0.1452 0.1104 0.0687 0.0825 0.0854 0.1007 
          41  1 0.1043 0.1016 0.0947 0.0946 0.1037 0.1105 0.0872 0.1013 0.0995 0.1027 
          42  1 0.0961 0.0850 0.0975 0.1080 0.0927 0.0960 0.1031 0.1073 0.0986 0.1158 
          43  1 0.1047 0.0991 0.1032 0.0976 0.0969 0.1093 0.0950 0.1035 0.1016 0.0891 
          44  1 0.0981 0.0889 0.1016 0.1114 0.0970 0.0977 0.0958 0.1036 0.1068 0.0991 
          45  1 0.1099 0.1025 0.0981 0.0948 0.0984 0.1025 0.1039 0.0995 0.0944 0.0960 
          46  1 0.0966 0.0897 0.1031 0.1104 0.1051 0.1013 0.0900 0.0960 0.1000 0.1078 
          47  1 0.0984 0.0902 0.0975 0.1058 0.1039 0.0967 0.0905 0.0980 0.1061 0.1129 
          48  1 0.0938 0.0943 0.1066 0.1098 0.0949 0.0951 0.0991 0.1040 0.1047 0.0976 
          49  1 0.1203 0.0945 0.1005 0.0911 0.0754 0.1074 0.1039 0.1154 0.1050 0.0865 
          50  1 0.1025 0.0958 0.1090 0.0895 0.0921 0.1023 0.0962 0.1107 0.1071 0.0948 
          51  1 0.1053 0.0907 0.1021 0.0862 0.0872 0.1061 0.0994 0.1165 0.1116 0.0948 
          52  1 0.0946 0.0937 0.1029 0.0963 0.1032 0.0917 0.1011 0.0941 0.1152 0.1073 
          53  1 0.1095 0.1097 0.0905 0.0956 0.1045 0.1068 0.0918 0.0999 0.0953 0.0963 
          54  1 0.0963 0.0986 0.0988 0.1029 0.1002 0.1016 0.0975 0.1005 0.0987 0.1049 
          55  1 0.0985 0.1017 0.1011 0.1078 0.1098 0.1013 0.0913 0.0908 0.0949 0.1030 
          56  1 0.1034 0.0950 0.0991 0.1005 0.0938 0.0995 0.1018 0.0957 0.1080 0.1033 
          57  1 0.1033 0.1141 0.0937 0.0945 0.1253 0.1083 0.0799 0.0927 0.0922 0.0959 
          58  1 0.1018 0.1007 0.0977 0.0970 0.0925 0.1017 0.1014 0.1012 0.1079 0.0982 
          59  1 0.1019 0.0921 0.1104 0.0987 0.0906 0.1063 0.1012 0.1081 0.0990 0.0919 
          60  1 0.1012 0.1235 0.0889 0.1002 0.1377 0.1165 0.0738 0.0877 0.0780 0.0925 
          61  1 0.1112 0.1154 0.0873 0.0986 0.1080 0.1061 0.0908 0.0949 0.0921 0.0956 
          62  1 0.0956 0.0890 0.1004 0.1089 0.1033 0.0935 0.1004 0.0977 0.1040 0.1071 
          63  1 0.1005 0.0927 0.1048 0.0960 0.1028 0.0925 0.0978 0.0996 0.1109 0.1025 
          64  1 0.1039 0.1127 0.0911 0.0994 0.1164 0.1088 0.0860 0.0945 0.0920 0.0951 
          65  1 0.1059 0.1023 0.0934 0.1009 0.1017 0.1035 0.0936 0.0984 0.0972 0.1030 
          66  1 0.0972 0.1005 0.0951 0.0997 0.1096 0.0996 0.0985 0.0945 0.0996 0.1056 
          67  1 0.0825 0.0897 0.0994 0.1023 0.1115 0.0857 0.1005 0.0897 0.1265 0.1122 
          68  1 0.0943 0.0907 0.1007 0.1115 0.1033 0.0940 0.0973 0.0989 0.1052 0.1040 
          69  1 0.1106 0.0978 0.0972 0.0987 0.1039 0.0972 0.0944 0.0982 0.0982 0.1038 
          70  1 0.0969 0.1021 0.0993 0.1016 0.1047 0.1008 0.0994 0.0983 0.0972 0.0997 
          71  1 0.1051 0.1116 0.0975 0.0977 0.1097 0.1012 0.0922 0.0964 0.0926 0.0960 
          72  1 0.1055 0.0942 0.0934 0.0976 0.0951 0.0980 0.1078 0.1025 0.1035 0.1023 
          73  1 0.1072 0.1028 0.0934 0.0952 0.0828 0.1131 0.0996 0.1126 0.1024 0.0911 
          74  1 0.1039 0.1060 0.0851 0.0929 0.1127 0.1126 0.0928 0.0994 0.0891 0.1054 
          75  1 0.1050 0.1042 0.0960 0.0937 0.0929 0.1029 0.1026 0.1026 0.0986 0.1015 
          76  1 0.1047 0.1106 0.0873 0.1040 0.1183 0.1078 0.0840 0.0919 0.0916 0.0997 
          77  1 0.0964 0.0977 0.0970 0.0995 0.0999 0.0987 0.0996 0.1069 0.1064 0.0979 
          78  1 0.0982 0.0895 0.0985 0.1071 0.0991 0.0937 0.0978 0.1048 0.1053 0.1059 
          79  1 0.1003 0.1163 0.0861 0.1042 0.1437 0.1087 0.0753 0.0822 0.0860 0.0973 
          80  1 0.0989 0.0999 0.0970 0.0991 0.0964 0.0981 0.1051 0.0973 0.1039 0.1043 
          81  1 0.1111 0.1015 0.0928 0.0939 0.0957 0.1056 0.0989 0.1052 0.0964 0.0989 
          82  1 0.1078 0.1016 0.0925 0.0964 0.0914 0.1084 0.0994 0.1029 0.0996 0.1001 
          83  1 0.1038 0.1000 0.0968 0.0997 0.1017 0.1025 0.0964 0.1001 0.1011 0.0979 
          84  1 0.0879 0.0950 0.1019 0.0975 0.1099 0.0927 0.1057 0.0946 0.1114 0.1034 
          85  1 0.1118 0.1021 0.0914 0.0943 0.0905 0.1127 0.0987 0.1078 0.0941 0.0966 
          86  1 0.0960 0.1009 0.1052 0.0945 0.1062 0.0982 0.1041 0.0977 0.1000 0.0971 
          87  1 0.1041 0.1038 0.1079 0.0888 0.0883 0.0980 0.1019 0.1146 0.1015 0.0911 
          88  1 0.0941 0.0961 0.1090 0.1159 0.1169 0.0987 0.0832 0.0904 0.0951 0.1006 
          89  1 0.1017 0.0964 0.1030 0.0897 0.1007 0.0991 0.0950 0.1013 0.1131 0.1000 
          90  1 0.0921 0.1047 0.0980 0.1038 0.1064 0.1015 0.0946 0.0958 0.1010 0.1020 
          91  1 0.1013 0.0925 0.0991 0.1005 0.0996 0.0969 0.0948 0.1018 0.1123 0.1012 
          92  1 0.1025 0.1103 0.0957 0.0960 0.1090 0.1061 0.0908 0.0998 0.1008 0.0890 
          93  1 0.0971 0.0973 0.1034 0.1012 0.1025 0.0965 0.0972 0.1008 0.1043 0.0997 
          94  1 0.0992 0.1027 0.0972 0.0983 0.1097 0.1021 0.0834 0.0975 0.1030 0.1068 
          95  1 0.1002 0.0891 0.0967 0.0997 0.0950 0.0986 0.1046 0.1058 0.0991 0.1112 
          96  1 0.1037 0.0939 0.0962 0.0964 0.0908 0.1058 0.0982 0.1083 0.1015 0.1051 
          97  1 0.1002 0.0964 0.1065 0.0997 0.1011 0.0949 0.1013 0.0966 0.0998 0.1035 
          98  1 0.1032 0.0976 0.0946 0.0952 0.0954 0.1020 0.0997 0.1035 0.1046 0.1040 
          99  1 0.0998 0.0945 0.0992 0.0980 0.0941 0.1000 0.1046 0.1025 0.1051 0.1022 
         100  1 0.0917 0.0930 0.1054 0.1045 0.1063 0.0935 0.0973 0.0981 0.0987 0.1116 
         101  1 0.0929 0.0899 0.0969 0.1049 0.0935 0.0913 0.1089 0.1040 0.1013 0.1163 
         102  1 0.0956 0.1041 0.1068 0.1037 0.1009 0.0952 0.1081 0.0980 0.0958 0.0917 
         103  1 0.0902 0.0878 0.1067 0.1126 0.1023 0.0912 0.0994 0.1033 0.1017 0.1048 
         104  1 0.0971 0.1008 0.1079 0.1050 0.1062 0.1003 0.0918 0.0979 0.0967 0.0964 
         105  1 0.1084 0.0903 0.0946 0.0962 0.0840 0.1066 0.0997 0.1146 0.1046 0.1009 
         106  1 0.0974 0.0884 0.0988 0.1032 0.0900 0.0990 0.0990 0.1130 0.1067 0.1044 
         107  1 0.0944 0.0924 0.1028 0.1029 0.0986 0.0966 0.0996 0.1045 0.1004 0.1077 
         108  1 0.0979 0.0983 0.1010 0.1077 0.1019 0.0981 0.0992 0.0928 0.0995 0.1036 
         109  1 0.1029 0.0990 0.0948 0.1025 0.0933 0.1013 0.1005 0.1011 0.1040 0.1005 
         110  1 0.1124 0.1058 0.0915 0.0960 0.0986 0.1007 0.0973 0.0987 0.0968 0.1022 
         111  1 0.1038 0.0908 0.1087 0.1043 0.0932 0.0941 0.1029 0.1030 0.1050 0.0942 
         112  1 0.1138 0.1071 0.0926 0.0974 0.0942 0.1064 0.0969 0.1023 0.0941 0.0951 
         113  1 0.1069 0.1127 0.0873 0.0967 0.1127 0.1130 0.0889 0.0961 0.0835 0.1022 
         114  1 0.1050 0.0979 0.0908 0.1029 0.0985 0.1016 0.0975 0.0981 0.1023 0.1054 
         115  1 0.1007 0.0933 0.1053 0.1098 0.0992 0.0937 0.0987 0.0982 0.1005 0.1006 
         116  1 0.0959 0.1034 0.1054 0.1025 0.0994 0.0976 0.1004 0.0934 0.1024 0.0996 
         117  1 0.1004 0.0992 0.0966 0.1007 0.1008 0.1020 0.1002 0.0987 0.1004 0.1009 
         118  1 0.0932 0.0883 0.1052 0.0982 0.0930 0.1009 0.0977 0.1102 0.1134 0.0999 
         119  1 0.1002 0.0920 0.1030 0.0975 0.0883 0.1040 0.1022 0.1072 0.1004 0.1052 
         120  1 0.1013 0.0890 0.1023 0.1080 0.0891 0.0995 0.1039 0.1088 0.1034 0.0948 
         121  1 0.1051 0.0926 0.0955 0.0985 0.0905 0.1006 0.0985 0.1073 0.1065 0.1048 
         122  1 0.0966 0.1100 0.0923 0.0968 0.1156 0.1057 0.0862 0.0962 0.0935 0.1069 
         123  1 0.1073 0.1075 0.0939 0.0934 0.1077 0.1149 0.0873 0.1047 0.0911 0.0923 
         124  1 0.0995 0.1192 0.0947 0.1027 0.1296 0.1057 0.0825 0.0891 0.0834 0.0937 
         125  1 0.1043 0.1008 0.1026 0.0982 0.1001 0.1065 0.0969 0.1036 0.0941 0.0928 
         126  1 0.1073 0.1051 0.0858 0.1050 0.1251 0.1035 0.0838 0.0884 0.0947 0.1014 
         127  1 0.0843 0.0977 0.1031 0.0980 0.1072 0.0917 0.1024 0.0970 0.1140 0.1045 
         128  1 0.1181 0.1001 0.0940 0.0928 0.0876 0.1092 0.1002 0.1068 0.0954 0.0958 
         129  1 0.1043 0.0988 0.0990 0.0989 0.1011 0.1113 0.0934 0.1049 0.0937 0.0946 
         130  1 0.1039 0.0998 0.0999 0.1045 0.1002 0.0964 0.0993 0.1000 0.0956 0.1003 
         131  1 0.0805 0.1130 0.1090 0.1131 0.1030 0.0864 0.1188 0.0853 0.0960 0.0949 
         132  1 0.1047 0.0928 0.1015 0.1020 0.0925 0.1017 0.1026 0.1054 0.1009 0.0959 
         133  1 0.0962 0.1059 0.0999 0.1052 0.1175 0.1003 0.0831 0.0920 0.0996 0.1001 
         134  1 0.1095 0.1054 0.0915 0.1002 0.1094 0.1056 0.0955 0.0958 0.0879 0.0991 
         135  1 0.1191 0.0845 0.1027 0.0920 0.0764 0.1118 0.1026 0.1215 0.1041 0.0853 
         136  1 0.0828 0.0953 0.1065 0.1143 0.1117 0.0933 0.1009 0.0901 0.0982 0.1068 
         137  1 0.0866 0.0955 0.1008 0.1037 0.1094 0.0944 0.0969 0.0964 0.1106 0.1058 
         138  1 0.0896 0.0996 0.1082 0.1055 0.0986 0.0919 0.1058 0.0966 0.1049 0.0992 
         139  1 0.1009 0.1001 0.0968 0.0954 0.0971 0.1084 0.0933 0.1069 0.1042 0.0969 
         140  1 0.0945 0.0993 0.0991 0.1062 0.1123 0.1044 0.0879 0.0905 0.1012 0.1046 
         141  1 0.0911 0.0844 0.1014 0.1096 0.0944 0.0889 0.1057 0.1033 0.1088 0.1125 
         142  1 0.0973 0.0950 0.1047 0.1003 0.0986 0.0998 0.1073 0.1021 0.0960 0.0989 
         143  1 0.1057 0.0887 0.1061 0.0948 0.0877 0.1041 0.0988 0.1155 0.1054 0.0931 
         144  1 0.1075 0.1008 0.1035 0.0924 0.0927 0.1009 0.1014 0.1074 0.0991 0.0944 
         145  1 0.0981 0.0885 0.1015 0.1073 0.1027 0.1021 0.0926 0.1005 0.1020 0.1048 
         146  1 0.1037 0.1084 0.0918 0.1004 0.1131 0.1078 0.0889 0.0930 0.0913 0.1018 
         147  1 0.0956 0.1000 0.0998 0.1026 0.0917 0.1080 0.0974 0.1026 0.1014 0.1009 
         148  1 0.1181 0.0938 0.0966 0.0876 0.0804 0.1059 0.1051 0.1128 0.1027 0.0970 
         149  1 0.1064 0.1003 0.0926 0.0929 0.0957 0.0971 0.1027 0.1013 0.1014 0.1097 
         150  1 0.1041 0.1012 0.1026 0.0940 0.0921 0.1006 0.0997 0.1017 0.1062 0.0978 
         151  1 0.1098 0.0939 0.0974 0.0908 0.0779 0.1141 0.1048 0.1155 0.1039 0.0919 
         152  1 0.1049 0.1023 0.1005 0.1017 0.0928 0.1069 0.0984 0.1014 0.0950 0.0962 
         153  1 0.1049 0.0963 0.1021 0.0926 0.0836 0.1046 0.1037 0.1139 0.1025 0.0958 
         154  1 0.1127 0.0954 0.1037 0.0940 0.0836 0.1100 0.1007 0.1111 0.0976 0.0912 
         155  1 0.0970 0.1030 0.1029 0.1007 0.1044 0.0968 0.0994 0.0957 0.1009 0.0993 
         156  1 0.0965 0.0900 0.0990 0.1086 0.1058 0.0985 0.0891 0.0995 0.1066 0.1064 
         157  1 0.1008 0.1011 0.0922 0.1021 0.1173 0.0987 0.0928 0.0894 0.1006 0.1051 
         158  1 0.0992 0.1029 0.0973 0.0998 0.1078 0.1055 0.0964 0.0975 0.0910 0.1026 
         159  1 0.0884 0.0769 0.1000 0.1086 0.0973 0.0904 0.1047 0.1085 0.1027 0.1225 
         160  1 0.1015 0.1047 0.1007 0.1013 0.1053 0.1107 0.0903 0.1019 0.0920 0.0917 
         161  1 0.1115 0.1030 0.0891 0.0942 0.0988 0.1079 0.0939 0.1027 0.0964 0.1025 
         162  1 0.1093 0.0973 0.0995 0.0851 0.0875 0.1107 0.1000 0.1174 0.0994 0.0939 
         163  1 0.1031 0.1083 0.0973 0.0998 0.1023 0.1087 0.0901 0.0992 0.0974 0.0939 
         164  1 0.1142 0.0974 0.0939 0.0936 0.0901 0.1060 0.1002 0.1046 0.1020 0.0981 
         165  1 0.1118 0.1047 0.0969 0.0932 0.0966 0.1024 0.0978 0.1031 0.0975 0.0961 
         166  1 0.0990 0.0976 0.0950 0.1028 0.1014 0.1034 0.0928 0.0998 0.0962 0.1118 
         167  1 0.0933 0.0903 0.0989 0.1061 0.1007 0.0999 0.0953 0.0954 0.1134 0.1068 
         168  1 0.1043 0.1122 0.0941 0.0970 0.1198 0.1075 0.0851 0.0960 0.0896 0.0944 
         169  1 0.0996 0.0932 0.1064 0.1005 0.0910 0.1021 0.0957 0.1065 0.1066 0.0984 
         170  1 0.0942 0.0948 0.0959 0.1001 0.0995 0.1033 0.0979 0.1001 0.1017 0.1125 
         171  1 0.1028 0.0978 0.0998 0.1005 0.0977 0.1019 0.0987 0.1008 0.0992 0.1008 
         172  1 0.1034 0.1227 0.0862 0.0988 0.1418 0.1159 0.0742 0.0882 0.0728 0.0959 
         173  1 0.0991 0.0964 0.1051 0.1027 0.1022 0.0984 0.1012 0.0970 0.0987 0.0991 
         174  1 0.0965 0.1010 0.1045 0.1050 0.1046 0.0973 0.1015 0.0960 0.0959 0.0977 
         175  1 0.0943 0.1027 0.0977 0.1015 0.1038 0.1031 0.0955 0.0991 0.1025 0.0998 
         176  1 0.1019 0.0967 0.0928 0.1004 0.0979 0.1029 0.0987 0.1036 0.1004 0.1047 
         177  1 0.1038 0.0997 0.1058 0.0993 0.0875 0.0951 0.1152 0.1035 0.1004 0.0896 
         178  1 0.0901 0.0866 0.0982 0.1097 0.0983 0.0885 0.1087 0.1031 0.0993 0.1176 
         179  1 0.0982 0.0972 0.0976 0.1030 0.0946 0.1086 0.0945 0.1035 0.1009 0.1020 
         180  1 0.0950 0.0992 0.1018 0.1114 0.0867 0.0948 0.1131 0.1031 0.0987 0.0961 
         181  1 0.0989 0.0863 0.0992 0.0995 0.0870 0.0945 0.1071 0.1060 0.1097 0.1117 
         182  1 0.1000 0.1041 0.0965 0.0929 0.1035 0.1111 0.0967 0.1011 0.0948 0.0993 
         183  1 0.0943 0.0951 0.1026 0.0977 0.1017 0.0999 0.1035 0.0990 0.1036 0.1025 
         184  1 0.0996 0.0969 0.0969 0.0975 0.1135 0.0999 0.0917 0.0922 0.0995 0.1123 
         185  1 0.1165 0.1025 0.0991 0.0981 0.0901 0.0969 0.0966 0.1022 0.0995 0.0985 
         186  1 0.0899 0.0996 0.0984 0.0992 0.1093 0.0954 0.0965 0.0969 0.1120 0.1029 
         187  1 0.0949 0.0995 0.0987 0.1008 0.0958 0.1002 0.1031 0.1034 0.0995 0.1040 
         188  1 0.1078 0.0968 0.0998 0.0949 0.0937 0.1063 0.1020 0.1027 0.1007 0.0953 
         189  1 0.1032 0.0874 0.1040 0.0966 0.0928 0.1069 0.0998 0.1141 0.1013 0.0939 
         190  1 0.0964 0.0890 0.1022 0.1075 0.0989 0.0920 0.1029 0.1006 0.0981 0.1125 
         191  1 0.0961 0.0949 0.0983 0.1037 0.0930 0.0987 0.1060 0.1008 0.1099 0.0986 
         192  1 0.0946 0.1035 0.0991 0.1021 0.1001 0.0939 0.1094 0.0932 0.1023 0.1018 
         193  1 0.0968 0.0985 0.0997 0.1024 0.1032 0.1022 0.0907 0.1019 0.0983 0.1063 
         194  1 0.1021 0.0946 0.0978 0.1012 0.0935 0.0988 0.1015 0.1033 0.1019 0.1052 
         195  1 0.0782 0.1104 0.1096 0.1030 0.1077 0.0788 0.1215 0.0848 0.0955 0.1104 
         196  1 0.1043 0.0947 0.1026 0.1014 0.0953 0.1018 0.0994 0.1021 0.1021 0.0963 
         197  1 0.1038 0.0942 0.1031 0.0972 0.0908 0.1021 0.1009 0.1091 0.1016 0.0972 
         198  1 0.1170 0.0998 0.0976 0.0924 0.0854 0.1107 0.1025 0.1049 0.0955 0.0942 
         199  1 0.0869 0.1071 0.1116 0.1210 0.1018 0.0825 0.1138 0.0848 0.0971 0.0934 
         200  1 0.1059 0.1079 0.0961 0.0933 0.1045 0.1046 0.0960 0.0993 0.0963 0.0961 
         201  1 0.0987 0.1123 0.0916 0.1002 0.1235 0.1113 0.0842 0.0895 0.0875 0.1012 
         202  1 0.1019 0.1052 0.1052 0.1119 0.0977 0.0908 0.1102 0.0927 0.0963 0.0882 
         203  1 0.1146 0.1002 0.0950 0.0922 0.0912 0.1085 0.1002 0.1061 0.0967 0.0952 
         204  1 0.0984 0.1107 0.0960 0.1021 0.1179 0.1029 0.0923 0.0925 0.0907 0.0965 
         205  1 0.0999 0.0910 0.1017 0.1000 0.0951 0.0981 0.1022 0.1070 0.0965 0.1084 
         206  1 0.1027 0.1015 0.0968 0.0993 0.1080 0.1024 0.0960 0.1023 0.0937 0.0972 
         207  1 0.0892 0.0928 0.0945 0.1052 0.1043 0.0986 0.0975 0.0982 0.1149 0.1048 
         208  1 0.1000 0.0943 0.0952 0.1064 0.0990 0.1011 0.0986 0.1011 0.0934 0.1109 
         209  1 0.0913 0.0936 0.1005 0.1038 0.0994 0.0972 0.0927 0.1083 0.1095 0.1036 
         210  1 0.1097 0.1057 0.0919 0.0945 0.0994 0.1067 0.0987 0.0957 0.0944 0.1032 
         211  1 0.1133 0.1003 0.1015 0.0973 0.0925 0.1059 0.0967 0.1051 0.0951 0.0922 
         212  1 0.1069 0.1054 0.0911 0.0976 0.1086 0.1108 0.0867 0.0981 0.0933 0.1014 
         213  1 0.0962 0.1007 0.0975 0.1005 0.1188 0.1029 0.0890 0.0916 0.0977 0.1051 
         214  1 0.0918 0.0991 0.1025 0.1111 0.1088 0.1067 0.0896 0.0930 0.0994 0.0979 
         215  1 0.0972 0.0869 0.0955 0.0984 0.0983 0.1007 0.0981 0.1080 0.1030 0.1138 
         216  1 0.1036 0.0967 0.0972 0.0985 0.0942 0.1032 0.1000 0.1017 0.1073 0.0976 
         217  1 0.1019 0.0914 0.0963 0.1010 0.0848 0.0960 0.1056 0.1051 0.1114 0.1065 
         218  1 0.0986 0.0889 0.0969 0.0982 0.0986 0.0992 0.1002 0.1087 0.1005 0.1103 
         219  1 0.1039 0.1068 0.0989 0.0971 0.0956 0.0934 0.1160 0.0943 0.1027 0.0915 
         220  1 0.1145 0.1071 0.0905 0.0921 0.1058 0.1083 0.0922 0.1000 0.0897 0.0999 
         221  1 0.1038 0.0932 0.0991 0.1033 0.1006 0.1058 0.0920 0.1029 0.1008 0.0984 
         222  1 0.0949 0.0896 0.0970 0.1034 0.0992 0.0893 0.1033 0.1033 0.1141 0.1059 
         223  1 0.0948 0.0941 0.0998 0.0981 0.1037 0.0972 0.0983 0.1016 0.1032 0.1090 
         224  1 0.1085 0.1000 0.0965 0.0898 0.0860 0.1096 0.1008 0.1173 0.0968 0.0947 
         225  1 0.0874 0.0888 0.1019 0.1097 0.1137 0.0905 0.0931 0.0960 0.1153 0.1035 
         226  1 0.0971 0.0962 0.0958 0.1014 0.0930 0.1027 0.1014 0.0992 0.1047 0.1085 
         227  1 0.1077 0.0981 0.0952 0.0995 0.0948 0.1083 0.0965 0.1046 0.0946 0.1007 
         228  1 0.1031 0.1091 0.0977 0.0987 0.1069 0.1063 0.0894 0.0998 0.0920 0.0971 
         229  1 0.1017 0.0944 0.1017 0.1025 0.0909 0.1039 0.0981 0.1059 0.0999 0.1011 
         230  1 0.1019 0.0946 0.0970 0.0970 0.0953 0.1022 0.1013 0.1071 0.1011 0.1024 
         231  1 0.1008 0.1043 0.0991 0.0984 0.0947 0.0999 0.1048 0.0991 0.1001 0.0988 
         232  1 0.1049 0.0996 0.0994 0.0945 0.0892 0.1067 0.1007 0.1071 0.1025 0.0954 
         233  1 0.1034 0.1185 0.0878 0.0966 0.1264 0.1090 0.0837 0.0903 0.0828 0.1015 
         234  1 0.0988 0.0977 0.0949 0.1026 0.1085 0.1091 0.0924 0.0983 0.0962 0.1015 
         235  1 0.0924 0.0938 0.1035 0.1055 0.1061 0.0972 0.1025 0.0986 0.0990 0.1014 
         236  1 0.0990 0.0974 0.1105 0.0966 0.0911 0.1019 0.0999 0.1114 0.0987 0.0936 
         237  1 0.0977 0.1096 0.0993 0.1012 0.1250 0.1064 0.0842 0.0914 0.0884 0.0969 
         238  1 0.0957 0.0872 0.0995 0.1050 0.0993 0.1000 0.0950 0.1037 0.1012 0.1134 
         239  1 0.0992 0.0958 0.0992 0.1003 0.1006 0.1021 0.0965 0.1020 0.1000 0.1043 
         240  1 0.0853 0.1109 0.1046 0.1017 0.1070 0.0895 0.1073 0.0902 0.0977 0.1057 
         241  1 0.0983 0.1053 0.0913 0.0965 0.1126 0.1089 0.0954 0.1000 0.0956 0.0960 
         242  1 0.1032 0.0886 0.1005 0.1041 0.0850 0.1021 0.0998 0.1085 0.0994 0.1088 
         243  1 0.1042 0.0994 0.0971 0.0952 0.1003 0.1161 0.0904 0.1098 0.0953 0.0921 
         244  1 0.0991 0.0973 0.0984 0.1049 0.1008 0.0963 0.0993 0.0969 0.1046 0.1023 
         245  1 0.1030 0.1001 0.0976 0.1000 0.1004 0.1061 0.0947 0.0999 0.0966 0.1015 
         246  1 0.1095 0.1015 0.0960 0.0994 0.0915 0.1037 0.0982 0.1075 0.0965 0.0964 
         247  1 0.0914 0.0851 0.1101 0.1213 0.1113 0.0924 0.0947 0.0951 0.0993 0.0993 
         248  1 0.1012 0.0917 0.0998 0.1030 0.0946 0.1018 0.0993 0.1076 0.1039 0.0970 
         249  1 0.0846 0.0836 0.0995 0.1083 0.1065 0.0861 0.0987 0.1016 0.1102 0.1208 
         250  1 0.0888 0.0929 0.0950 0.1042 0.1030 0.0918 0.0993 0.1015 0.1097 0.1139 
         251  1 0.0947 0.0917 0.1073 0.1006 0.0927 0.0909 0.1071 0.1094 0.0988 0.1069 
         252  1 0.0977 0.0962 0.1009 0.1003 0.0952 0.0923 0.1086 0.1012 0.1027 0.1050 
         253  1 0.0988 0.0998 0.1006 0.0986 0.0929 0.0978 0.1066 0.1007 0.1014 0.1027 
         254  1 0.1020 0.0938 0.1062 0.0930 0.0884 0.0965 0.1098 0.1084 0.1067 0.0951 
         255  1 0.0905 0.1054 0.1141 0.1007 0.0892 0.0875 0.1222 0.0999 0.0975 0.0929 
         256  1 0.0725 0.1078 0.1094 0.0991 0.1213 0.0752 0.1311 0.0730 0.1023 0.1085 
         257  1 0.0743 0.1125 0.1122 0.1042 0.1134 0.0725 0.1316 0.0748 0.0986 0.1059 
         258  1 0.0924 0.1019 0.1092 0.1036 0.0938 0.0930 0.1112 0.0993 0.0957 0.0999 
         259  1 0.1010 0.1000 0.0993 0.1030 0.1010 0.1026 0.0980 0.1015 0.0939 0.0997 
         260  1 0.1069 0.0936 0.1026 0.0948 0.0843 0.1120 0.0970 0.1110 0.1060 0.0918 
         261  1 0.0585 0.1375 0.1234 0.1189 0.1259 0.0551 0.1367 0.0588 0.0841 0.1012 
         262  1 0.1073 0.1032 0.1061 0.1046 0.1026 0.0961 0.0966 0.0970 0.0935 0.0931 
         263  1 0.0952 0.0910 0.0967 0.0995 0.1057 0.0982 0.0963 0.1000 0.1111 0.1064 
         264  1 0.0898 0.1080 0.1104 0.1041 0.1060 0.0933 0.1094 0.0900 0.0954 0.0936 
         265  1 0.0788 0.1121 0.1185 0.1171 0.1111 0.0682 0.1231 0.0809 0.0935 0.0966 
         266  1 0.1077 0.1010 0.0988 0.0995 0.0912 0.1040 0.1026 0.1045 0.0935 0.0972 
         267  1 0.1172 0.1041 0.0932 0.0964 0.0891 0.0978 0.1009 0.1027 0.1028 0.0958 
         268  1 0.0992 0.1000 0.1019 0.1029 0.0964 0.1019 0.1029 0.0998 0.0973 0.0978 
         269  1 0.0925 0.1113 0.1047 0.1078 0.1050 0.0912 0.1074 0.0885 0.0930 0.0985 
         270  1 0.0915 0.1095 0.1058 0.1018 0.0984 0.0862 0.1129 0.0905 0.1002 0.1033 
         271  1 0.0948 0.1057 0.1077 0.0981 0.0983 0.0898 0.1244 0.0943 0.0939 0.0930 
         272  1 0.0901 0.1058 0.1054 0.1088 0.1044 0.0901 0.1132 0.0928 0.0903 0.0989 
         273  1 0.0940 0.0927 0.1079 0.1068 0.1106 0.0936 0.0934 0.1001 0.1000 0.1010 
         274  1 0.0862 0.1114 0.1087 0.1060 0.1008 0.0909 0.1190 0.0892 0.0950 0.0929 
         275  1 0.0906 0.1255 0.1018 0.1055 0.1126 0.0896 0.1085 0.0822 0.0874 0.0964 
         276  1 0.0925 0.0990 0.1098 0.1033 0.1057 0.0845 0.1030 0.0866 0.1045 0.1111 
         277  1 0.1160 0.1101 0.0921 0.0904 0.0924 0.0962 0.1043 0.0980 0.0941 0.1062 
         278  1 0.0770 0.0964 0.1058 0.0995 0.1172 0.0743 0.1231 0.0816 0.1121 0.1130 
         279  1 0.0793 0.1191 0.1153 0.1066 0.1170 0.0808 0.1220 0.0756 0.0875 0.0967 
         280  1 0.1051 0.0996 0.1038 0.0895 0.0948 0.1109 0.0979 0.1077 0.0926 0.0981 
         281  1 0.1104 0.1077 0.0906 0.0980 0.1055 0.1055 0.0946 0.0992 0.0849 0.1036 
         282  1 0.0940 0.0969 0.1082 0.1041 0.1002 0.0888 0.1031 0.0992 0.1066 0.0989 
         283  1 0.0889 0.1196 0.1087 0.0983 0.1208 0.0841 0.1109 0.0854 0.0887 0.0944 
         284  1 0.0962 0.0951 0.1048 0.0997 0.1010 0.1000 0.0997 0.1033 0.1012 0.0989 
         285  1 0.0955 0.0989 0.1059 0.1041 0.0960 0.0918 0.1073 0.1001 0.1021 0.0983 
         286  1 0.0844 0.1068 0.1078 0.1061 0.1046 0.0851 0.1249 0.0856 0.0919 0.1028 
         287  1 0.1014 0.0962 0.1055 0.0937 0.0933 0.0947 0.1079 0.1022 0.1017 0.1033 
         288  1 0.1019 0.1055 0.1051 0.1018 0.1038 0.1034 0.0968 0.0962 0.0919 0.0935 
         289  1 0.0946 0.1000 0.1079 0.1043 0.0936 0.0958 0.1068 0.1018 0.0996 0.0956 
         290  1 0.1077 0.0933 0.1024 0.0851 0.0847 0.1119 0.1054 0.1214 0.1021 0.0860 
         291  1 0.0762 0.1263 0.1112 0.1067 0.1104 0.0747 0.1286 0.0769 0.0913 0.0976 
         292  1 0.0981 0.1023 0.1057 0.1193 0.0997 0.0965 0.1002 0.0918 0.0960 0.0904 
         293  1 0.0695 0.1248 0.1178 0.1162 0.1164 0.0647 0.1376 0.0683 0.0865 0.0981 
         294  1 0.0988 0.1100 0.1081 0.0969 0.0953 0.0849 0.1198 0.0944 0.0986 0.0932 
         295  1 0.0770 0.1191 0.1140 0.1101 0.1078 0.0768 0.1274 0.0792 0.0911 0.0977 
         296  1 0.1050 0.0991 0.0988 0.0982 0.0952 0.1059 0.0959 0.1033 0.1018 0.0967 
         297  1 0.0722 0.1232 0.1223 0.1172 0.1119 0.0688 0.1263 0.0719 0.0899 0.0963 
         298  1 0.0954 0.0936 0.1028 0.1010 0.0996 0.0989 0.0946 0.1034 0.1050 0.1058 
         299  1 0.1088 0.1030 0.0933 0.0952 0.0956 0.1049 0.0999 0.1051 0.0951 0.0991 
         300  1 0.0817 0.1144 0.1115 0.1081 0.1075 0.0784 0.1305 0.0818 0.0929 0.0933 
         301  1 0.0927 0.1052 0.1179 0.1131 0.0950 0.0778 0.1222 0.0897 0.0949 0.0916 
         302  1 0.0941 0.1086 0.0942 0.0948 0.1156 0.1101 0.0945 0.0975 0.0904 0.1002 
         303  1 0.0750 0.1299 0.1167 0.1083 0.1236 0.0706 0.1239 0.0688 0.0855 0.0977 
         304  1 0.0930 0.1089 0.0944 0.1005 0.1109 0.1017 0.1015 0.0910 0.0961 0.1020 
         305  1 0.1157 0.1061 0.0910 0.0934 0.0909 0.0994 0.1059 0.1043 0.0959 0.0974 
         306  1 0.1047 0.0972 0.0961 0.1028 0.0891 0.1024 0.1016 0.1087 0.0983 0.0991 
         307  1 0.0972 0.1058 0.1007 0.1000 0.0993 0.0962 0.1071 0.0986 0.0970 0.0981 
         308  1 0.1189 0.1075 0.0946 0.0879 0.0889 0.0968 0.1084 0.1028 0.0986 0.0957 
         309  1 0.1041 0.1064 0.0904 0.1020 0.1214 0.1020 0.0823 0.0874 0.0944 0.1097 
         310  1 0.0913 0.0871 0.1053 0.1115 0.1096 0.0968 0.0913 0.0979 0.1098 0.0995 
         311  1 0.1065 0.0899 0.1012 0.0937 0.0834 0.1112 0.1047 0.1124 0.1040 0.0929 
         312  1 0.1106 0.0931 0.0952 0.0985 0.0814 0.1052 0.1043 0.1097 0.1033 0.0986 
         313  1 0.1126 0.0990 0.1001 0.0891 0.0924 0.1068 0.0954 0.1055 0.1074 0.0917 
         314  1 0.1028 0.1071 0.1040 0.1039 0.1004 0.0971 0.0983 0.0978 0.0988 0.0898 
         315  1 0.0863 0.1039 0.1041 0.1026 0.1044 0.0905 0.1004 0.0952 0.1133 0.0992 
         316  1 0.0924 0.1007 0.0981 0.0966 0.1032 0.1032 0.0948 0.1028 0.1109 0.0972 
         317  1 0.1048 0.0967 0.0975 0.0941 0.0965 0.1042 0.0959 0.1014 0.1031 0.1058 
         318  1 0.0935 0.0991 0.0990 0.1016 0.0958 0.1009 0.1014 0.0996 0.1020 0.1070 
         319  1 0.1070 0.1031 0.0993 0.0905 0.0931 0.1043 0.1045 0.1025 0.1048 0.0907 
         320  1 0.0986 0.0949 0.1023 0.0997 0.0976 0.1005 0.1006 0.1027 0.1056 0.0974 
         321  1 0.0914 0.0996 0.0977 0.0998 0.1106 0.1005 0.0911 0.0971 0.1070 0.1051 
         322  1 0.1153 0.0861 0.1006 0.0859 0.0753 0.1115 0.1054 0.1238 0.1045 0.0916 
         323  1 0.1039 0.1012 0.0980 0.0986 0.1124 0.1030 0.0923 0.0962 0.0982 0.0963 
         324  1 0.0960 0.0904 0.0975 0.0962 0.1105 0.0908 0.0968 0.0995 0.1230 0.0994 
         325  1 0.1090 0.0929 0.1054 0.0908 0.0891 0.1102 0.0973 0.1175 0.0994 0.0885 
         326  1 0.0881 0.0903 0.1078 0.1102 0.1129 0.0883 0.0883 0.0937 0.1123 0.1081 
         327  1 0.0996 0.0977 0.1046 0.1099 0.0904 0.1014 0.1024 0.1007 0.0980 0.0952 
         328  1 0.0993 0.1062 0.0997 0.0997 0.0939 0.0933 0.1068 0.1004 0.1024 0.0984 
         329  1 0.1047 0.0946 0.1019 0.0953 0.0914 0.1083 0.0967 0.1073 0.1032 0.0968 
         330  1 0.0995 0.0939 0.1022 0.0998 0.0969 0.0972 0.0950 0.0968 0.1107 0.1080 
         331  1 0.0988 0.0951 0.1013 0.1007 0.0964 0.1031 0.0968 0.1000 0.1025 0.1054 
         332  1 0.0978 0.0949 0.1018 0.1053 0.1018 0.0960 0.0953 0.1017 0.1032 0.1022 
         333  1 0.1052 0.0938 0.1025 0.0965 0.0856 0.1047 0.1059 0.1115 0.1045 0.0898 
         334  1 0.1073 0.0897 0.1003 0.0942 0.0855 0.1030 0.1030 0.1134 0.1027 0.1009 
         335  1 0.1105 0.0954 0.1009 0.0947 0.0876 0.1057 0.0984 0.1082 0.1052 0.0935 
         336  1 0.1119 0.0958 0.0987 0.0967 0.0900 0.1057 0.1017 0.1017 0.0978 0.0999 
         337  1 0.0978 0.0891 0.0945 0.1030 0.0914 0.1008 0.0999 0.1055 0.0991 0.1188 
         338  1 0.0988 0.0987 0.0991 0.0958 0.0986 0.1000 0.0985 0.1028 0.1043 0.1034 
         339  1 0.1078 0.1020 0.0994 0.0974 0.1063 0.1026 0.0937 0.0989 0.1009 0.0910 
         340  1 0.0977 0.0961 0.1057 0.1097 0.1001 0.1051 0.0917 0.0980 0.0993 0.0967 
         341  1 0.1078 0.0967 0.0994 0.0945 0.0944 0.1061 0.0999 0.1098 0.0999 0.0916 
         342  1 0.1126 0.0945 0.1007 0.0889 0.0860 0.1145 0.0988 0.1150 0.0964 0.0926 
         343  1 0.0943 0.1032 0.1022 0.1011 0.1071 0.0939 0.1020 0.0914 0.1029 0.1018 
         344  1 0.0941 0.0928 0.1109 0.1208 0.0972 0.0930 0.1031 0.0957 0.1007 0.0917 
         345  1 0.0989 0.0953 0.1044 0.0977 0.1022 0.0973 0.0968 0.0992 0.1047 0.1035 
         346  1 0.1001 0.1005 0.0969 0.1008 0.1002 0.1034 0.0956 0.0993 0.0984 0.1048 
         347  1 0.1016 0.1035 0.0970 0.0971 0.1075 0.1053 0.0925 0.1020 0.0932 0.1003 
