           1  1 0.2250 0.1984 0.1670 0.1962 0.2134 
           2  1 0.2028 0.1926 0.1976 0.2068 0.2001 
           3  1 0.1950 0.1964 0.2122 0.1983 0.1981 
           4  1 0.1863 0.2150 0.2078 0.1998 0.1910 
           5  1 0.1961 0.2082 0.2048 0.1911 0.1998 
           6  1 0.1952 0.2056 0.1947 0.2021 0.2024 
           7  1 0.2021 0.2059 0.1788 0.2088 0.2044 
           8  1 0.1962 0.2164 0.2026 0.1851 0.1997 
           9  1 0.2103 0.1955 0.1914 0.1953 0.2075 
          10  1 0.2016 0.2115 0.1958 0.1878 0.2033 
          11  1 0.2029 0.1817 0.2168 0.2018 0.1967 
          12  1 0.2100 0.1920 0.1973 0.1964 0.2043 
          13  1 0.1825 0.1974 0.2183 0.2069 0.1948 
          14  1 0.2001 0.2120 0.1819 0.2040 0.2019 
          15  1 0.2226 0.2015 0.1734 0.1971 0.2055 
          16  1 0.2187 0.1919 0.1859 0.2001 0.2034 
          17  1 0.1771 0.1782 0.2564 0.1985 0.1897 
          18  1 0.1998 0.2001 0.1916 0.2039 0.2046 
          19  1 0.2074 0.1843 0.1966 0.2076 0.2042 
          20  1 0.2209 0.1738 0.2035 0.2030 0.1989 
          21  1 0.2266 0.1839 0.1759 0.2043 0.2093 
          22  1 0.2201 0.1844 0.1770 0.2037 0.2147 
          23  1 0.2051 0.2013 0.1904 0.2018 0.2014 
          24  1 0.1950 0.2087 0.2013 0.2025 0.1924 
          25  1 0.2069 0.1972 0.1907 0.2018 0.2034 
          26  1 0.1939 0.1896 0.2195 0.2024 0.1946 
          27  1 0.2032 0.2036 0.1852 0.2042 0.2038 
          28  1 0.2234 0.1880 0.1692 0.2097 0.2097 
          29  1 0.1937 0.1814 0.2290 0.2020 0.1938 
          30  1 0.2021 0.2066 0.1833 0.2052 0.2028 
          31  1 0.1900 0.2073 0.2051 0.2014 0.1962 
          32  1 0.2077 0.2019 0.1865 0.2002 0.2036 
          33  1 0.2234 0.1879 0.1813 0.2009 0.2066 
          34  1 0.2101 0.1870 0.2003 0.1993 0.2033 
          35  1 0.2113 0.2035 0.1794 0.1991 0.2068 
          36  1 0.2123 0.2118 0.1756 0.1950 0.2053 
          37  1 0.1827 0.1845 0.2468 0.1960 0.1900 
          38  1 0.1757 0.1957 0.2489 0.1880 0.1916 
          39  1 0.2416 0.1814 0.1714 0.1960 0.2095 
          40  1 0.2510 0.1750 0.1620 0.1969 0.2151 
          41  1 0.2087 0.1834 0.2027 0.1988 0.2065 
          42  1 0.1948 0.2042 0.1981 0.2062 0.1967 
          43  1 0.1873 0.1893 0.2216 0.2076 0.1942 
          44  1 0.1923 0.2321 0.1992 0.1783 0.1982 
          45  1 0.2028 0.1899 0.1960 0.2098 0.2015 
          46  1 0.1978 0.2143 0.1891 0.2025 0.1963 
          47  1 0.2018 0.2069 0.1805 0.2071 0.2037 
          48  1 0.1898 0.2219 0.2130 0.1823 0.1930 
          49  1 0.1763 0.1640 0.2676 0.2031 0.1890 
          50  1 0.1830 0.1918 0.2383 0.1962 0.1907 
          51  1 0.1819 0.1916 0.2429 0.1938 0.1899 
          52  1 0.1882 0.1999 0.2127 0.2054 0.1937 
          53  1 0.2147 0.1761 0.1926 0.2084 0.2082 
          54  1 0.2053 0.2093 0.1811 0.2014 0.2029 
          55  1 0.2026 0.1961 0.1840 0.2151 0.2023 
          56  1 0.2044 0.1929 0.1939 0.2082 0.2007 
          57  1 0.2202 0.1675 0.2035 0.2004 0.2083 
          58  1 0.1870 0.2034 0.2076 0.2014 0.2006 
          59  1 0.1784 0.1994 0.2352 0.2018 0.1852 
          60  1 0.2455 0.1719 0.1714 0.1981 0.2132 
          61  1 0.2273 0.1783 0.1739 0.2084 0.2121 
          62  1 0.2012 0.2269 0.1788 0.1974 0.1958 
          63  1 0.1894 0.2051 0.2242 0.1926 0.1887 
          64  1 0.2235 0.1813 0.1766 0.2080 0.2105 
          65  1 0.2074 0.2004 0.1843 0.2021 0.2058 
          66  1 0.2117 0.1806 0.1962 0.2084 0.2032 
          67  1 0.1870 0.2171 0.2054 0.1922 0.1983 
          68  1 0.1958 0.2311 0.1836 0.1937 0.1958 
          69  1 0.1981 0.2100 0.1954 0.1971 0.1995 
          70  1 0.2018 0.2029 0.2011 0.1970 0.1972 
          71  1 0.2106 0.1849 0.1976 0.1989 0.2080 
          72  1 0.1946 0.1955 0.2095 0.2019 0.1985 
          73  1 0.1881 0.1674 0.2374 0.2109 0.1962 
          74  1 0.2196 0.1819 0.1910 0.1993 0.2082 
          75  1 0.2019 0.2016 0.1967 0.2003 0.1995 
          76  1 0.2248 0.1876 0.1731 0.2009 0.2137 
          77  1 0.1938 0.2177 0.1924 0.1934 0.2028 
          78  1 0.1970 0.2189 0.1907 0.1953 0.1980 
          79  1 0.2322 0.1815 0.1631 0.2067 0.2166 
          80  1 0.1976 0.2072 0.1891 0.2044 0.2017 
          81  1 0.2005 0.2005 0.2021 0.1989 0.1979 
          82  1 0.2059 0.1859 0.1992 0.2078 0.2012 
          83  1 0.1974 0.1997 0.1991 0.1995 0.2043 
          84  1 0.2007 0.2138 0.1846 0.2001 0.2009 
          85  1 0.2021 0.1765 0.2180 0.2011 0.2022 
          86  1 0.1977 0.2030 0.2088 0.1955 0.1950 
          87  1 0.1794 0.1820 0.2503 0.1974 0.1909 
          88  1 0.2080 0.2110 0.1733 0.2044 0.2033 
          89  1 0.1905 0.1849 0.2374 0.1948 0.1925 
          90  1 0.2018 0.2230 0.1740 0.1952 0.2060 
          91  1 0.1958 0.2181 0.1869 0.1977 0.2015 
          92  1 0.2066 0.1860 0.2161 0.1874 0.2039 
          93  1 0.1973 0.2091 0.1858 0.2066 0.2012 
          94  1 0.2198 0.2168 0.1744 0.1828 0.2062 
          95  1 0.2064 0.2104 0.1793 0.2010 0.2029 
          96  1 0.1982 0.2029 0.1952 0.2015 0.2022 
          97  1 0.1961 0.2046 0.2082 0.1984 0.1928 
          98  1 0.1983 0.2039 0.1973 0.1979 0.2025 
          99  1 0.2025 0.1958 0.1975 0.2054 0.1987 
         100  1 0.1992 0.2068 0.1823 0.2121 0.1996 
         101  1 0.1945 0.2167 0.1924 0.2014 0.1950 
         102  1 0.1969 0.2066 0.2011 0.1983 0.1971 
         103  1 0.1901 0.2357 0.1859 0.1884 0.1999 
         104  1 0.2034 0.2150 0.1778 0.1974 0.2064 
         105  1 0.1920 0.2016 0.2106 0.1928 0.2030 
         106  1 0.1867 0.2116 0.2095 0.1910 0.2011 
         107  1 0.1930 0.2081 0.1951 0.2028 0.2010 
         108  1 0.2025 0.2110 0.1827 0.2045 0.1994 
         109  1 0.2096 0.2075 0.1789 0.1994 0.2045 
         110  1 0.2038 0.2021 0.1837 0.1999 0.2104 
         111  1 0.1831 0.2056 0.2189 0.2050 0.1875 
         112  1 0.2078 0.1751 0.2085 0.2075 0.2011 
         113  1 0.2290 0.1827 0.1702 0.2058 0.2122 
         114  1 0.2055 0.2028 0.1806 0.2051 0.2059 
         115  1 0.1871 0.2139 0.1911 0.2081 0.1999 
         116  1 0.1927 0.2024 0.1986 0.2069 0.1994 
         117  1 0.2063 0.1941 0.1925 0.2033 0.2038 
         118  1 0.1914 0.2164 0.2072 0.1882 0.1969 
         119  1 0.1869 0.1982 0.2146 0.2051 0.1952 
         120  1 0.1839 0.2204 0.2158 0.1878 0.1921 
         121  1 0.1930 0.2002 0.1995 0.2065 0.2008 
         122  1 0.2283 0.1972 0.1616 0.1999 0.2130 
         123  1 0.2137 0.1779 0.2040 0.2005 0.2038 
         124  1 0.2423 0.1773 0.1609 0.2111 0.2084 
         125  1 0.2087 0.1932 0.1964 0.2041 0.1976 
         126  1 0.2361 0.1856 0.1619 0.2040 0.2123 
         127  1 0.1950 0.2185 0.1980 0.1870 0.2016 
         128  1 0.1942 0.1760 0.2266 0.2074 0.1959 
         129  1 0.2199 0.1944 0.1870 0.1961 0.2025 
         130  1 0.2137 0.2003 0.1800 0.2039 0.2021 
         131  1 0.1945 0.2191 0.1925 0.1973 0.1967 
         132  1 0.1945 0.1992 0.2154 0.1962 0.1947 
         133  1 0.2193 0.1905 0.1691 0.2118 0.2093 
         134  1 0.2215 0.1813 0.1792 0.2064 0.2117 
         135  1 0.1783 0.1658 0.2797 0.1951 0.1812 
         136  1 0.2023 0.2356 0.1710 0.1930 0.1981 
         137  1 0.2023 0.2299 0.1732 0.1921 0.2024 
         138  1 0.1958 0.2272 0.1882 0.1915 0.1973 
         139  1 0.1956 0.2060 0.2110 0.1855 0.2020 
         140  1 0.2213 0.2059 0.1639 0.2034 0.2055 
         141  1 0.1925 0.2219 0.1883 0.1971 0.2002 
         142  1 0.1981 0.2169 0.2012 0.1938 0.1900 
         143  1 0.1880 0.1946 0.2203 0.2021 0.1950 
         144  1 0.1850 0.1898 0.2325 0.1989 0.1938 
         145  1 0.2011 0.2259 0.1796 0.1976 0.1958 
         146  1 0.2346 0.1841 0.1698 0.2016 0.2098 
         147  1 0.1978 0.2094 0.1916 0.2006 0.2006 
         148  1 0.1785 0.1706 0.2528 0.2030 0.1950 
         149  1 0.1869 0.2045 0.2148 0.1924 0.2015 
         150  1 0.1939 0.1918 0.2136 0.2021 0.1985 
         151  1 0.1838 0.1831 0.2323 0.2062 0.1946 
         152  1 0.2031 0.1940 0.2024 0.2034 0.1972 
         153  1 0.1800 0.1952 0.2323 0.2005 0.1920 
         154  1 0.1924 0.1939 0.2111 0.2047 0.1980 
         155  1 0.2097 0.2071 0.1749 0.2016 0.2067 
         156  1 0.2069 0.2381 0.1703 0.1825 0.2022 
         157  1 0.2239 0.1986 0.1623 0.2041 0.2110 
         158  1 0.2107 0.1916 0.1862 0.2070 0.2045 
         159  1 0.1923 0.2213 0.1974 0.1941 0.1950 
         160  1 0.2134 0.1892 0.1908 0.2035 0.2031 
         161  1 0.2100 0.1944 0.1938 0.1967 0.2052 
         162  1 0.1973 0.1798 0.2324 0.1981 0.1924 
         163  1 0.2157 0.1841 0.1883 0.2019 0.2100 
         164  1 0.1969 0.1934 0.2085 0.2001 0.2010 
         165  1 0.2058 0.1867 0.2148 0.1960 0.1967 
         166  1 0.2038 0.1926 0.1926 0.2037 0.2072 
         167  1 0.1968 0.2271 0.1869 0.1894 0.1997 
         168  1 0.2294 0.1877 0.1666 0.2049 0.2115 
         169  1 0.1809 0.1984 0.2279 0.1992 0.1937 
         170  1 0.2135 0.2075 0.1800 0.1912 0.2078 
         171  1 0.1991 0.1951 0.1930 0.2111 0.2017 
         172  1 0.2548 0.1649 0.1645 0.1988 0.2170 
         173  1 0.2071 0.2200 0.1741 0.1962 0.2025 
         174  1 0.2020 0.2110 0.1812 0.2055 0.2002 
         175  1 0.2112 0.2082 0.1823 0.1938 0.2045 
         176  1 0.2113 0.1871 0.1867 0.2071 0.2078 
         177  1 0.1774 0.1870 0.2506 0.1981 0.1869 
         178  1 0.1996 0.1974 0.1899 0.2116 0.2014 
         179  1 0.1976 0.2140 0.1933 0.1940 0.2010 
         180  1 0.1908 0.2167 0.2051 0.1958 0.1917 
         181  1 0.1772 0.1895 0.2396 0.2045 0.1892 
         182  1 0.2112 0.1982 0.1834 0.1973 0.2099 
         183  1 0.2050 0.2046 0.1904 0.2001 0.1999 
         184  1 0.2121 0.2024 0.1828 0.2001 0.2026 
         185  1 0.1757 0.1968 0.2202 0.2063 0.2011 
         186  1 0.1960 0.2276 0.1904 0.1834 0.2026 
         187  1 0.2001 0.2156 0.1881 0.1977 0.1985 
         188  1 0.1945 0.1947 0.2100 0.2012 0.1997 
         189  1 0.2023 0.2079 0.2039 0.1923 0.1936 
         190  1 0.2012 0.2018 0.1906 0.2083 0.1981 
         191  1 0.1974 0.2075 0.2021 0.1945 0.1985 
         192  1 0.2077 0.2100 0.1822 0.1996 0.2004 
         193  1 0.2137 0.2121 0.1715 0.1964 0.2063 
         194  1 0.1967 0.2010 0.1937 0.2064 0.2022 
         195  1 0.1914 0.2160 0.1966 0.1997 0.1964 
         196  1 0.1975 0.2014 0.1977 0.2043 0.1991 
         197  1 0.1910 0.1994 0.2137 0.2040 0.1920 
         198  1 0.1996 0.1787 0.2170 0.2036 0.2011 
         199  1 0.1884 0.2208 0.1962 0.2010 0.1936 
         200  1 0.2058 0.1870 0.2170 0.1913 0.1990 
         201  1 0.2334 0.1864 0.1607 0.2050 0.2146 
         202  1 0.1829 0.1858 0.2328 0.2055 0.1931 
         203  1 0.1998 0.1798 0.2187 0.2024 0.1994 
         204  1 0.2200 0.1844 0.1749 0.2118 0.2089 
         205  1 0.1999 0.1976 0.2030 0.2019 0.1975 
         206  1 0.2185 0.2004 0.1756 0.2001 0.2054 
         207  1 0.2053 0.2291 0.1726 0.1900 0.2030 
         208  1 0.2145 0.1943 0.1833 0.2033 0.2047 
         209  1 0.2009 0.2353 0.1727 0.1852 0.2059 
         210  1 0.2136 0.1897 0.1875 0.2032 0.2060 
         211  1 0.1842 0.1800 0.2312 0.2076 0.1970 
         212  1 0.2261 0.1952 0.1736 0.1963 0.2089 
         213  1 0.2224 0.1951 0.1737 0.1998 0.2090 
         214  1 0.2012 0.2092 0.1806 0.2072 0.2018 
         215  1 0.2008 0.2034 0.1972 0.2003 0.1983 
         216  1 0.1990 0.2004 0.1907 0.2041 0.2058 
         217  1 0.1906 0.1955 0.2098 0.2027 0.2014 
         218  1 0.1931 0.2017 0.1958 0.2005 0.2089 
         219  1 0.1877 0.1832 0.2314 0.2023 0.1954 
         220  1 0.2103 0.1807 0.1974 0.2046 0.2071 
         221  1 0.1998 0.2088 0.1972 0.1980 0.1963 
         222  1 0.1889 0.2081 0.2118 0.1960 0.1951 
         223  1 0.2008 0.2058 0.1903 0.2063 0.1968 
         224  1 0.1965 0.1709 0.2326 0.2059 0.1941 
         225  1 0.2062 0.2450 0.1676 0.1809 0.2003 
         226  1 0.2088 0.2114 0.1790 0.1972 0.2035 
         227  1 0.2195 0.1865 0.1886 0.2032 0.2022 
         228  1 0.2310 0.1852 0.1767 0.2038 0.2033 
         229  1 0.1942 0.2011 0.1997 0.2071 0.1980 
         230  1 0.2019 0.1867 0.1971 0.2094 0.2049 
         231  1 0.1960 0.2055 0.1984 0.2020 0.1982 
         232  1 0.1879 0.1855 0.2237 0.2047 0.1981 
         233  1 0.2404 0.1724 0.1707 0.2055 0.2110 
         234  1 0.2108 0.2049 0.1766 0.2016 0.2062 
         235  1 0.2078 0.2211 0.1759 0.1974 0.1977 
         236  1 0.1843 0.1975 0.2277 0.1996 0.1909 
         237  1 0.2220 0.1940 0.1817 0.1969 0.2053 
         238  1 0.2060 0.2049 0.1904 0.2012 0.1973 
         239  1 0.2107 0.2118 0.1770 0.2024 0.1981 
         240  1 0.2035 0.2198 0.1793 0.1968 0.2006 
         241  1 0.2186 0.1821 0.1844 0.2062 0.2087 
         242  1 0.1909 0.2000 0.2138 0.2016 0.1937 
         243  1 0.2067 0.1780 0.2163 0.1980 0.2011 
         244  1 0.2040 0.2125 0.1769 0.2019 0.2047 
         245  1 0.2070 0.1989 0.1803 0.2074 0.2064 
         246  1 0.1988 0.1896 0.1988 0.2093 0.2035 
         247  1 0.1971 0.2329 0.1788 0.1992 0.1920 
         248  1 0.1907 0.2191 0.2052 0.1874 0.1975 
         249  1 0.2001 0.2268 0.1793 0.1932 0.2005 
         250  1 0.2068 0.2180 0.1739 0.1991 0.2023 
         251  1 0.1900 0.2042 0.2116 0.1991 0.1950 
         252  1 0.1940 0.2187 0.1912 0.1964 0.1998 
         253  1 0.1995 0.1942 0.2007 0.2060 0.1996 
         254  1 0.1811 0.1975 0.2405 0.1932 0.1877 
         255  1 0.1709 0.2010 0.2684 0.1821 0.1775 
         256  1 0.1891 0.2118 0.2039 0.2017 0.1935 
         257  1 0.1969 0.2174 0.1831 0.2082 0.1944 
         258  1 0.1767 0.1990 0.2395 0.1959 0.1889 
         259  1 0.2136 0.2075 0.1722 0.2025 0.2042 
         260  1 0.1808 0.1976 0.2334 0.1947 0.1935 
         261  1 0.1876 0.2173 0.2075 0.1915 0.1961 
         262  1 0.2018 0.2057 0.1808 0.2085 0.2032 
         263  1 0.2050 0.2213 0.1772 0.1937 0.2028 
         264  1 0.1891 0.2038 0.2063 0.2050 0.1958 
         265  1 0.1826 0.2107 0.2291 0.1894 0.1882 
         266  1 0.2023 0.2017 0.2052 0.1921 0.1987 
         267  1 0.1852 0.1919 0.2225 0.2020 0.1984 
         268  1 0.1994 0.2051 0.1844 0.2116 0.1996 
         269  1 0.1939 0.2034 0.1989 0.2042 0.1996 
         270  1 0.1835 0.2053 0.2237 0.1961 0.1915 
         271  1 0.1852 0.2062 0.2095 0.2077 0.1914 
         272  1 0.2077 0.1997 0.1891 0.2016 0.2018 
         273  1 0.1925 0.2226 0.1794 0.2010 0.2045 
         274  1 0.1906 0.2026 0.2137 0.2000 0.1931 
         275  1 0.2040 0.1900 0.1963 0.2025 0.2073 
         276  1 0.1928 0.2115 0.2095 0.1946 0.1916 
         277  1 0.1886 0.1942 0.2188 0.1972 0.2011 
         278  1 0.1859 0.2036 0.2159 0.2055 0.1892 
         279  1 0.1987 0.2132 0.1851 0.2053 0.1977 
         280  1 0.1939 0.1700 0.2390 0.2010 0.1961 
         281  1 0.2173 0.1730 0.1894 0.2074 0.2129 
         282  1 0.1818 0.2241 0.2078 0.1930 0.1933 
         283  1 0.1934 0.1809 0.2304 0.1971 0.1983 
         284  1 0.1900 0.2218 0.1879 0.1994 0.2009 
         285  1 0.1868 0.2028 0.2199 0.1960 0.1944 
         286  1 0.2088 0.2066 0.1804 0.2078 0.1964 
         287  1 0.1865 0.1978 0.2201 0.2048 0.1908 
         288  1 0.2010 0.1822 0.2095 0.2059 0.2014 
         289  1 0.1925 0.2207 0.1927 0.1963 0.1979 
         290  1 0.1900 0.1673 0.2500 0.1998 0.1929 
         291  1 0.1860 0.2107 0.2087 0.2011 0.1935 
         292  1 0.1864 0.2132 0.1995 0.2051 0.1958 
         293  1 0.1868 0.2203 0.2110 0.1926 0.1893 
         294  1 0.1736 0.1945 0.2488 0.1992 0.1838 
         295  1 0.1912 0.2190 0.1961 0.2012 0.1925 
         296  1 0.1967 0.1941 0.1955 0.2082 0.2055 
         297  1 0.1807 0.2084 0.2195 0.2021 0.1893 
         298  1 0.1888 0.2189 0.1950 0.1955 0.2018 
         299  1 0.2052 0.1934 0.1941 0.2024 0.2049 
         300  1 0.1863 0.2053 0.2110 0.2055 0.1919 
         301  1 0.1703 0.2017 0.2643 0.1849 0.1788 
         302  1 0.2155 0.1891 0.1858 0.2015 0.2082 
         303  1 0.1948 0.1930 0.2131 0.1996 0.1995 
         304  1 0.2123 0.1906 0.1859 0.2073 0.2038 
         305  1 0.1932 0.1857 0.2115 0.2114 0.1984 
         306  1 0.1917 0.1888 0.2114 0.2060 0.2022 
         307  1 0.1995 0.2141 0.1856 0.2000 0.2008 
         308  1 0.1775 0.1734 0.2552 0.2016 0.1924 
         309  1 0.2304 0.2047 0.1596 0.1946 0.2106 
         310  1 0.2027 0.2319 0.1777 0.1909 0.1969 
         311  1 0.1843 0.1909 0.2333 0.2003 0.1913 
         312  1 0.1883 0.1805 0.2311 0.2059 0.1941 
         313  1 0.2037 0.1869 0.2148 0.1962 0.1984 
         314  1 0.1982 0.1943 0.2144 0.1967 0.1964 
         315  1 0.1957 0.2171 0.1968 0.1920 0.1984 
         316  1 0.1959 0.2108 0.1997 0.1877 0.2058 
         317  1 0.1983 0.1945 0.2067 0.2000 0.2005 
         318  1 0.1964 0.2284 0.1875 0.1864 0.2012 
         319  1 0.1883 0.1728 0.2416 0.2036 0.1937 
         320  1 0.1941 0.2088 0.2019 0.1989 0.1963 
         321  1 0.2096 0.2164 0.1791 0.1865 0.2084 
         322  1 0.1724 0.1710 0.2783 0.1958 0.1825 
         323  1 0.2080 0.1847 0.2013 0.1990 0.2070 
         324  1 0.1938 0.2096 0.2066 0.1965 0.1935 
         325  1 0.1971 0.1860 0.2268 0.1937 0.1964 
         326  1 0.1956 0.2319 0.1830 0.1851 0.2044 
         327  1 0.1947 0.2144 0.1872 0.2033 0.2003 
         328  1 0.1896 0.2097 0.2078 0.1961 0.1967 
         329  1 0.1942 0.1992 0.2161 0.1956 0.1950 
         330  1 0.1931 0.2130 0.2048 0.1935 0.1956 
         331  1 0.1982 0.2139 0.1887 0.2021 0.1971 
         332  1 0.2106 0.2196 0.1762 0.1930 0.2005 
         333  1 0.1923 0.1913 0.2190 0.2028 0.1946 
         334  1 0.1907 0.1937 0.2115 0.2006 0.2034 
         335  1 0.1820 0.1961 0.2367 0.1934 0.1919 
         336  1 0.1955 0.1808 0.2131 0.2104 0.2001 
         337  1 0.1981 0.1819 0.2107 0.2094 0.1999 
         338  1 0.1994 0.1924 0.2016 0.2041 0.2025 
         339  1 0.2005 0.1902 0.2050 0.2052 0.1991 
         340  1 0.2014 0.2096 0.1845 0.2044 0.2001 
         341  1 0.1970 0.1912 0.2124 0.2008 0.1986 
         342  1 0.1903 0.1698 0.2409 0.2058 0.1932 
         343  1 0.2106 0.2150 0.1702 0.2031 0.2011 
         344  1 0.1912 0.2205 0.2008 0.1971 0.1903 
         345  1 0.2069 0.2129 0.1839 0.1977 0.1986 
         346  1 0.2101 0.2048 0.1731 0.2058 0.2062 
         347  1 0.2178 0.1815 0.2006 0.1993 0.2009 
