           1  1 0.1975 0.1670 0.1409 0.1626 0.1710 0.1610 
           2  1 0.1722 0.1677 0.1643 0.1603 0.1710 0.1645 
           3  1 0.1587 0.1624 0.1766 0.1681 0.1690 0.1652 
           4  1 0.1585 0.1662 0.1760 0.1720 0.1585 0.1688 
           5  1 0.1519 0.1661 0.1709 0.1694 0.1665 0.1751 
           6  1 0.1608 0.1763 0.1594 0.1691 0.1677 0.1667 
           7  1 0.1723 0.1775 0.1477 0.1684 0.1684 0.1657 
           8  1 0.1507 0.1655 0.1574 0.1755 0.1720 0.1788 
           9  1 0.1832 0.1631 0.1563 0.1676 0.1685 0.1613 
          10  1 0.1647 0.1667 0.1588 0.1706 0.1680 0.1712 
          11  1 0.1698 0.1597 0.1852 0.1617 0.1658 0.1579 
          12  1 0.1775 0.1622 0.1657 0.1638 0.1682 0.1626 
          13  1 0.1508 0.1699 0.1738 0.1664 0.1706 0.1684 
          14  1 0.1613 0.1750 0.1512 0.1705 0.1679 0.1741 
          15  1 0.1793 0.1674 0.1486 0.1670 0.1699 0.1679 
          16  1 0.1818 0.1654 0.1521 0.1660 0.1700 0.1646 
          17  1 0.1593 0.1443 0.2191 0.1684 0.1530 0.1560 
          18  1 0.1731 0.1709 0.1617 0.1654 0.1659 0.1629 
          19  1 0.1753 0.1662 0.1621 0.1637 0.1708 0.1620 
          20  1 0.1939 0.1562 0.1758 0.1550 0.1668 0.1523 
          21  1 0.1951 0.1672 0.1483 0.1622 0.1684 0.1588 
          22  1 0.1972 0.1682 0.1484 0.1600 0.1717 0.1545 
          23  1 0.1714 0.1670 0.1633 0.1664 0.1625 0.1694 
          24  1 0.1578 0.1676 0.1697 0.1697 0.1621 0.1730 
          25  1 0.1779 0.1683 0.1623 0.1642 0.1694 0.1580 
          26  1 0.1603 0.1621 0.1915 0.1649 0.1659 0.1553 
          27  1 0.1689 0.1672 0.1544 0.1681 0.1696 0.1718 
          28  1 0.1990 0.1662 0.1437 0.1598 0.1680 0.1633 
          29  1 0.1564 0.1616 0.2035 0.1595 0.1613 0.1576 
          30  1 0.1711 0.1706 0.1551 0.1685 0.1664 0.1683 
          31  1 0.1506 0.1676 0.1684 0.1717 0.1662 0.1755 
          32  1 0.1659 0.1718 0.1557 0.1670 0.1717 0.1678 
          33  1 0.1962 0.1637 0.1532 0.1624 0.1669 0.1576 
          34  1 0.1826 0.1578 0.1699 0.1662 0.1639 0.1595 
          35  1 0.1767 0.1699 0.1489 0.1666 0.1687 0.1691 
          36  1 0.1670 0.1730 0.1453 0.1718 0.1708 0.1722 
          37  1 0.1491 0.1500 0.2150 0.1637 0.1581 0.1641 
          38  1 0.1402 0.1582 0.2074 0.1678 0.1617 0.1647 
          39  1 0.2215 0.1565 0.1445 0.1594 0.1656 0.1526 
          40  1 0.2382 0.1528 0.1384 0.1553 0.1668 0.1484 
          41  1 0.1929 0.1545 0.1735 0.1602 0.1614 0.1575 
          42  1 0.1617 0.1686 0.1620 0.1675 0.1663 0.1739 
          43  1 0.1541 0.1737 0.1852 0.1596 0.1717 0.1557 
          44  1 0.1423 0.1757 0.1590 0.1755 0.1678 0.1796 
          45  1 0.1715 0.1691 0.1656 0.1627 0.1668 0.1643 
          46  1 0.1545 0.1857 0.1481 0.1662 0.1756 0.1699 
          47  1 0.1689 0.1798 0.1442 0.1649 0.1773 0.1648 
          48  1 0.1451 0.1694 0.1722 0.1785 0.1637 0.1712 
          49  1 0.1564 0.1419 0.2362 0.1585 0.1539 0.1531 
          50  1 0.1499 0.1599 0.1944 0.1676 0.1649 0.1632 
          51  1 0.1531 0.1542 0.2082 0.1646 0.1586 0.1613 
          52  1 0.1552 0.1658 0.1677 0.1718 0.1689 0.1708 
          53  1 0.1940 0.1580 0.1673 0.1598 0.1634 0.1575 
          54  1 0.1652 0.1760 0.1477 0.1632 0.1779 0.1700 
          55  1 0.1635 0.1854 0.1494 0.1594 0.1854 0.1568 
          56  1 0.1726 0.1633 0.1635 0.1656 0.1700 0.1649 
          57  1 0.2051 0.1564 0.1631 0.1554 0.1705 0.1496 
          58  1 0.1633 0.1652 0.1717 0.1690 0.1625 0.1683 
          59  1 0.1444 0.1709 0.1906 0.1636 0.1723 0.1582 
          60  1 0.2311 0.1517 0.1467 0.1550 0.1674 0.1482 
          61  1 0.2030 0.1606 0.1510 0.1564 0.1685 0.1604 
          62  1 0.1549 0.1774 0.1434 0.1743 0.1681 0.1819 
          63  1 0.1477 0.1605 0.1736 0.1752 0.1680 0.1750 
          64  1 0.1995 0.1672 0.1469 0.1557 0.1756 0.1551 
          65  1 0.1737 0.1752 0.1517 0.1628 0.1722 0.1644 
          66  1 0.1792 0.1583 0.1675 0.1657 0.1668 0.1625 
          67  1 0.1480 0.1688 0.1574 0.1783 0.1700 0.1774 
          68  1 0.1509 0.1795 0.1509 0.1747 0.1677 0.1763 
          69  1 0.1657 0.1713 0.1599 0.1658 0.1662 0.1712 
          70  1 0.1671 0.1672 0.1673 0.1620 0.1691 0.1674 
          71  1 0.1936 0.1553 0.1677 0.1624 0.1622 0.1589 
          72  1 0.1601 0.1578 0.1767 0.1689 0.1633 0.1732 
          73  1 0.1633 0.1538 0.2037 0.1595 0.1608 0.1589 
          74  1 0.1962 0.1554 0.1632 0.1589 0.1662 0.1602 
          75  1 0.1641 0.1606 0.1666 0.1701 0.1651 0.1736 
          76  1 0.2036 0.1656 0.1429 0.1582 0.1701 0.1597 
          77  1 0.1624 0.1723 0.1558 0.1700 0.1651 0.1744 
          78  1 0.1524 0.1729 0.1568 0.1747 0.1661 0.1770 
          79  1 0.2181 0.1689 0.1351 0.1544 0.1695 0.1540 
          80  1 0.1667 0.1686 0.1608 0.1689 0.1655 0.1695 
          81  1 0.1645 0.1650 0.1695 0.1653 0.1644 0.1713 
          82  1 0.1667 0.1672 0.1716 0.1618 0.1697 0.1630 
          83  1 0.1747 0.1659 0.1642 0.1653 0.1680 0.1619 
          84  1 0.1599 0.1724 0.1464 0.1756 0.1717 0.1739 
          85  1 0.1765 0.1482 0.1870 0.1625 0.1641 0.1618 
          86  1 0.1676 0.1616 0.1697 0.1713 0.1629 0.1669 
          87  1 0.1604 0.1492 0.2179 0.1611 0.1570 0.1543 
          88  1 0.1631 0.1940 0.1314 0.1602 0.1862 0.1651 
          89  1 0.1619 0.1502 0.1871 0.1708 0.1650 0.1650 
          90  1 0.1666 0.1767 0.1446 0.1674 0.1705 0.1742 
          91  1 0.1559 0.1743 0.1546 0.1751 0.1671 0.1729 
          92  1 0.1821 0.1567 0.1742 0.1608 0.1695 0.1567 
          93  1 0.1631 0.1745 0.1499 0.1690 0.1698 0.1736 
          94  1 0.1857 0.1641 0.1454 0.1687 0.1672 0.1688 
          95  1 0.1622 0.1730 0.1463 0.1689 0.1730 0.1766 
          96  1 0.1615 0.1700 0.1660 0.1642 0.1705 0.1679 
          97  1 0.1614 0.1616 0.1817 0.1696 0.1602 0.1655 
          98  1 0.1625 0.1629 0.1645 0.1714 0.1651 0.1737 
          99  1 0.1657 0.1613 0.1651 0.1697 0.1672 0.1710 
         100  1 0.1602 0.1840 0.1488 0.1651 0.1729 0.1689 
         101  1 0.1536 0.1701 0.1585 0.1730 0.1617 0.1830 
         102  1 0.1657 0.1663 0.1682 0.1667 0.1630 0.1700 
         103  1 0.1516 0.1815 0.1509 0.1725 0.1650 0.1786 
         104  1 0.1667 0.1828 0.1425 0.1685 0.1720 0.1675 
         105  1 0.1596 0.1632 0.1750 0.1701 0.1616 0.1705 
         106  1 0.1479 0.1677 0.1744 0.1686 0.1658 0.1756 
         107  1 0.1572 0.1754 0.1563 0.1674 0.1737 0.1700 
         108  1 0.1641 0.1825 0.1510 0.1648 0.1744 0.1632 
         109  1 0.1656 0.1760 0.1508 0.1691 0.1679 0.1705 
         110  1 0.1759 0.1738 0.1526 0.1661 0.1643 0.1675 
         111  1 0.1483 0.1712 0.1836 0.1699 0.1666 0.1604 
         112  1 0.1779 0.1544 0.1823 0.1647 0.1614 0.1594 
         113  1 0.1957 0.1681 0.1460 0.1596 0.1698 0.1608 
         114  1 0.1748 0.1726 0.1492 0.1658 0.1692 0.1685 
         115  1 0.1567 0.1852 0.1530 0.1654 0.1677 0.1720 
         116  1 0.1541 0.1814 0.1607 0.1649 0.1727 0.1663 
         117  1 0.1733 0.1642 0.1617 0.1698 0.1665 0.1646 
         118  1 0.1448 0.1709 0.1672 0.1733 0.1711 0.1727 
         119  1 0.1505 0.1685 0.1785 0.1664 0.1698 0.1663 
         120  1 0.1422 0.1692 0.1835 0.1722 0.1600 0.1730 
         121  1 0.1602 0.1675 0.1639 0.1693 0.1717 0.1674 
         122  1 0.1951 0.1667 0.1377 0.1640 0.1714 0.1652 
         123  1 0.1871 0.1632 0.1723 0.1571 0.1699 0.1504 
         124  1 0.2123 0.1709 0.1384 0.1533 0.1705 0.1546 
         125  1 0.1710 0.1702 0.1652 0.1626 0.1705 0.1604 
         126  1 0.2115 0.1650 0.1371 0.1612 0.1684 0.1568 
         127  1 0.1531 0.1648 0.1540 0.1775 0.1687 0.1819 
         128  1 0.1698 0.1493 0.1949 0.1635 0.1599 0.1626 
         129  1 0.1877 0.1612 0.1585 0.1624 0.1677 0.1625 
         130  1 0.1716 0.1722 0.1473 0.1677 0.1692 0.1719 
         131  1 0.1552 0.1760 0.1637 0.1680 0.1677 0.1694 
         132  1 0.1570 0.1682 0.1762 0.1706 0.1673 0.1608 
         133  1 0.1856 0.1843 0.1381 0.1569 0.1814 0.1537 
         134  1 0.1916 0.1646 0.1534 0.1602 0.1704 0.1598 
         135  1 0.1487 0.1421 0.2449 0.1574 0.1530 0.1539 
         136  1 0.1533 0.1880 0.1336 0.1728 0.1750 0.1773 
         137  1 0.1542 0.1787 0.1369 0.1799 0.1671 0.1833 
         138  1 0.1501 0.1752 0.1534 0.1718 0.1711 0.1786 
         139  1 0.1613 0.1565 0.1744 0.1714 0.1653 0.1711 
         140  1 0.1815 0.1821 0.1324 0.1638 0.1770 0.1631 
         141  1 0.1510 0.1757 0.1531 0.1775 0.1652 0.1775 
         142  1 0.1548 0.1683 0.1694 0.1718 0.1625 0.1733 
         143  1 0.1535 0.1650 0.1876 0.1642 0.1643 0.1654 
         144  1 0.1561 0.1584 0.1996 0.1630 0.1610 0.1619 
         145  1 0.1542 0.1831 0.1421 0.1704 0.1781 0.1720 
         146  1 0.2012 0.1645 0.1471 0.1605 0.1691 0.1576 
         147  1 0.1600 0.1735 0.1601 0.1658 0.1692 0.1714 
         148  1 0.1578 0.1505 0.2113 0.1627 0.1575 0.1601 
         149  1 0.1552 0.1697 0.1767 0.1696 0.1610 0.1678 
         150  1 0.1669 0.1562 0.1798 0.1684 0.1633 0.1654 
         151  1 0.1583 0.1608 0.2040 0.1613 0.1572 0.1585 
         152  1 0.1657 0.1700 0.1716 0.1634 0.1699 0.1594 
         153  1 0.1546 0.1553 0.1990 0.1653 0.1600 0.1658 
         154  1 0.1607 0.1649 0.1814 0.1638 0.1635 0.1658 
         155  1 0.1797 0.1700 0.1481 0.1663 0.1664 0.1694 
         156  1 0.1547 0.1807 0.1385 0.1758 0.1698 0.1805 
         157  1 0.1960 0.1692 0.1365 0.1678 0.1672 0.1633 
         158  1 0.1824 0.1659 0.1595 0.1629 0.1683 0.1611 
         159  1 0.1456 0.1779 0.1563 0.1725 0.1689 0.1788 
         160  1 0.1817 0.1670 0.1573 0.1605 0.1721 0.1615 
         161  1 0.1724 0.1628 0.1651 0.1636 0.1674 0.1687 
         162  1 0.1700 0.1477 0.2069 0.1612 0.1567 0.1574 
         163  1 0.1906 0.1604 0.1630 0.1626 0.1653 0.1582 
         164  1 0.1654 0.1571 0.1820 0.1654 0.1659 0.1642 
         165  1 0.1737 0.1556 0.1831 0.1631 0.1623 0.1623 
         166  1 0.1746 0.1684 0.1602 0.1606 0.1748 0.1615 
         167  1 0.1579 0.1709 0.1601 0.1731 0.1628 0.1750 
         168  1 0.2036 0.1669 0.1422 0.1593 0.1687 0.1594 
         169  1 0.1453 0.1703 0.1840 0.1660 0.1699 0.1645 
         170  1 0.1720 0.1656 0.1493 0.1685 0.1719 0.1728 
         171  1 0.1621 0.1752 0.1604 0.1635 0.1745 0.1643 
         172  1 0.2398 0.1512 0.1418 0.1522 0.1673 0.1475 
         173  1 0.1662 0.1763 0.1492 0.1723 0.1631 0.1730 
         174  1 0.1637 0.1740 0.1525 0.1682 0.1711 0.1704 
         175  1 0.1751 0.1657 0.1546 0.1684 0.1670 0.1691 
         176  1 0.1795 0.1650 0.1592 0.1647 0.1684 0.1633 
         177  1 0.1543 0.1493 0.2126 0.1679 0.1560 0.1599 
         178  1 0.1652 0.1690 0.1568 0.1653 0.1701 0.1737 
         179  1 0.1587 0.1766 0.1594 0.1684 0.1721 0.1648 
         180  1 0.1545 0.1671 0.1730 0.1703 0.1615 0.1736 
         181  1 0.1457 0.1591 0.1914 0.1688 0.1665 0.1685 
         182  1 0.1824 0.1646 0.1557 0.1652 0.1696 0.1625 
         183  1 0.1604 0.1702 0.1553 0.1721 0.1679 0.1741 
         184  1 0.1802 0.1667 0.1561 0.1688 0.1635 0.1647 
         185  1 0.1546 0.1768 0.1759 0.1610 0.1674 0.1643 
         186  1 0.1565 0.1680 0.1550 0.1772 0.1641 0.1792 
         187  1 0.1611 0.1672 0.1573 0.1715 0.1650 0.1779 
         188  1 0.1600 0.1600 0.1756 0.1702 0.1644 0.1697 
         189  1 0.1575 0.1657 0.1729 0.1726 0.1628 0.1685 
         190  1 0.1611 0.1784 0.1535 0.1675 0.1695 0.1699 
         191  1 0.1576 0.1647 0.1674 0.1756 0.1632 0.1716 
         192  1 0.1638 0.1703 0.1528 0.1716 0.1672 0.1743 
         193  1 0.1702 0.1722 0.1399 0.1690 0.1717 0.1770 
         194  1 0.1631 0.1738 0.1592 0.1682 0.1652 0.1704 
         195  1 0.1591 0.1702 0.1641 0.1682 0.1649 0.1736 
         196  1 0.1522 0.1743 0.1643 0.1691 0.1705 0.1696 
         197  1 0.1558 0.1694 0.1771 0.1685 0.1651 0.1642 
         198  1 0.1696 0.1580 0.1848 0.1641 0.1614 0.1622 
         199  1 0.1598 0.1742 0.1638 0.1715 0.1612 0.1694 
         200  1 0.1781 0.1543 0.1829 0.1638 0.1612 0.1597 
         201  1 0.2002 0.1735 0.1377 0.1565 0.1762 0.1559 
         202  1 0.1678 0.1573 0.1946 0.1656 0.1591 0.1556 
         203  1 0.1744 0.1548 0.1867 0.1632 0.1633 0.1575 
         204  1 0.1961 0.1731 0.1464 0.1572 0.1692 0.1580 
         205  1 0.1605 0.1667 0.1679 0.1688 0.1663 0.1698 
         206  1 0.1832 0.1661 0.1513 0.1652 0.1683 0.1658 
         207  1 0.1519 0.1815 0.1363 0.1742 0.1752 0.1809 
         208  1 0.1747 0.1695 0.1524 0.1656 0.1709 0.1670 
         209  1 0.1514 0.1768 0.1389 0.1763 0.1704 0.1862 
         210  1 0.1771 0.1648 0.1627 0.1656 0.1653 0.1645 
         211  1 0.1627 0.1606 0.1897 0.1615 0.1681 0.1574 
         212  1 0.1914 0.1645 0.1506 0.1630 0.1682 0.1623 
         213  1 0.1880 0.1688 0.1428 0.1670 0.1700 0.1634 
         214  1 0.1585 0.1839 0.1491 0.1642 0.1819 0.1624 
         215  1 0.1659 0.1693 0.1627 0.1663 0.1667 0.1691 
         216  1 0.1707 0.1684 0.1611 0.1662 0.1674 0.1662 
         217  1 0.1602 0.1631 0.1744 0.1675 0.1675 0.1673 
         218  1 0.1641 0.1698 0.1596 0.1651 0.1701 0.1713 
         219  1 0.1626 0.1506 0.1944 0.1666 0.1607 0.1650 
         220  1 0.1844 0.1669 0.1679 0.1590 0.1650 0.1567 
         221  1 0.1528 0.1783 0.1616 0.1655 0.1757 0.1663 
         222  1 0.1506 0.1672 0.1719 0.1722 0.1684 0.1697 
         223  1 0.1639 0.1666 0.1559 0.1701 0.1704 0.1731 
         224  1 0.1715 0.1491 0.2050 0.1586 0.1586 0.1573 
         225  1 0.1482 0.1832 0.1296 0.1808 0.1732 0.1850 
         226  1 0.1595 0.1765 0.1470 0.1702 0.1749 0.1719 
         227  1 0.1851 0.1605 0.1608 0.1647 0.1659 0.1630 
         228  1 0.1932 0.1622 0.1544 0.1627 0.1659 0.1617 
         229  1 0.1590 0.1738 0.1634 0.1648 0.1751 0.1639 
         230  1 0.1665 0.1705 0.1663 0.1639 0.1729 0.1599 
         231  1 0.1621 0.1651 0.1710 0.1706 0.1611 0.1701 
         232  1 0.1647 0.1542 0.1918 0.1636 0.1640 0.1618 
         233  1 0.2182 0.1558 0.1477 0.1556 0.1685 0.1543 
         234  1 0.1743 0.1744 0.1441 0.1686 0.1730 0.1657 
         235  1 0.1624 0.1786 0.1441 0.1716 0.1693 0.1740 
         236  1 0.1559 0.1671 0.1937 0.1607 0.1661 0.1564 
         237  1 0.2019 0.1628 0.1531 0.1624 0.1646 0.1552 
         238  1 0.1660 0.1768 0.1531 0.1679 0.1652 0.1710 
         239  1 0.1659 0.1734 0.1442 0.1715 0.1719 0.1730 
         240  1 0.1645 0.1714 0.1510 0.1717 0.1675 0.1740 
         241  1 0.1903 0.1590 0.1562 0.1626 0.1689 0.1629 
         242  1 0.1507 0.1741 0.1719 0.1682 0.1719 0.1631 
         243  1 0.1834 0.1569 0.1813 0.1597 0.1677 0.1510 
         244  1 0.1657 0.1756 0.1483 0.1725 0.1713 0.1666 
         245  1 0.1669 0.1818 0.1505 0.1630 0.1735 0.1643 
         246  1 0.1648 0.1719 0.1645 0.1651 0.1663 0.1673 
         247  1 0.1488 0.1933 0.1376 0.1730 0.1714 0.1757 
         248  1 0.1471 0.1660 0.1696 0.1723 0.1671 0.1780 
         249  1 0.1485 0.1830 0.1384 0.1758 0.1749 0.1794 
         250  1 0.1588 0.1746 0.1404 0.1742 0.1728 0.1792 
         251  1 0.1533 0.1655 0.1815 0.1674 0.1648 0.1675 
         252  1 0.1494 0.1749 0.1594 0.1746 0.1634 0.1783 
         253  1 0.1623 0.1691 0.1670 0.1670 0.1666 0.1679 
         254  1 0.1419 0.1543 0.2080 0.1690 0.1578 0.1691 
         255  1 0.1400 0.1497 0.2294 0.1638 0.1513 0.1658 
         256  1 0.1492 0.1667 0.1625 0.1758 0.1646 0.1813 
         257  1 0.1572 0.1711 0.1515 0.1743 0.1602 0.1857 
         258  1 0.1487 0.1609 0.1942 0.1659 0.1649 0.1655 
         259  1 0.1703 0.1731 0.1470 0.1683 0.1707 0.1705 
         260  1 0.1490 0.1615 0.1997 0.1661 0.1640 0.1596 
         261  1 0.1601 0.1650 0.1687 0.1709 0.1589 0.1764 
         262  1 0.1698 0.1844 0.1469 0.1613 0.1684 0.1691 
         263  1 0.1625 0.1716 0.1465 0.1748 0.1675 0.1770 
         264  1 0.1572 0.1709 0.1734 0.1682 0.1629 0.1673 
         265  1 0.1470 0.1652 0.1861 0.1745 0.1549 0.1724 
         266  1 0.1656 0.1636 0.1710 0.1632 0.1627 0.1739 
         267  1 0.1576 0.1634 0.1876 0.1642 0.1612 0.1661 
         268  1 0.1607 0.1778 0.1526 0.1662 0.1719 0.1707 
         269  1 0.1691 0.1684 0.1662 0.1667 0.1636 0.1659 
         270  1 0.1578 0.1612 0.1851 0.1700 0.1607 0.1652 
         271  1 0.1585 0.1696 0.1711 0.1658 0.1601 0.1750 
         272  1 0.1708 0.1715 0.1594 0.1654 0.1670 0.1658 
         273  1 0.1572 0.1905 0.1398 0.1699 0.1676 0.1750 
         274  1 0.1558 0.1691 0.1751 0.1643 0.1671 0.1686 
         275  1 0.1842 0.1564 0.1671 0.1644 0.1617 0.1663 
         276  1 0.1642 0.1598 0.1769 0.1725 0.1544 0.1723 
         277  1 0.1561 0.1582 0.1858 0.1681 0.1591 0.1727 
         278  1 0.1486 0.1640 0.1665 0.1756 0.1671 0.1782 
         279  1 0.1711 0.1755 0.1515 0.1669 0.1647 0.1704 
         280  1 0.1816 0.1450 0.2062 0.1567 0.1573 0.1532 
         281  1 0.1889 0.1622 0.1641 0.1593 0.1654 0.1601 
         282  1 0.1482 0.1705 0.1677 0.1747 0.1628 0.1761 
         283  1 0.1799 0.1512 0.1906 0.1613 0.1593 0.1577 
         284  1 0.1553 0.1770 0.1525 0.1713 0.1656 0.1783 
         285  1 0.1545 0.1583 0.1856 0.1722 0.1595 0.1699 
         286  1 0.1677 0.1730 0.1512 0.1678 0.1640 0.1763 
         287  1 0.1585 0.1619 0.1894 0.1661 0.1571 0.1671 
         288  1 0.1764 0.1648 0.1754 0.1600 0.1690 0.1544 
         289  1 0.1555 0.1717 0.1582 0.1704 0.1655 0.1786 
         290  1 0.1654 0.1483 0.2263 0.1539 0.1570 0.1491 
         291  1 0.1640 0.1655 0.1761 0.1668 0.1580 0.1696 
         292  1 0.1569 0.1801 0.1603 0.1666 0.1683 0.1679 
         293  1 0.1557 0.1690 0.1707 0.1730 0.1587 0.1729 
         294  1 0.1521 0.1534 0.2008 0.1692 0.1543 0.1702 
         295  1 0.1598 0.1731 0.1621 0.1713 0.1612 0.1724 
         296  1 0.1704 0.1690 0.1652 0.1637 0.1699 0.1618 
         297  1 0.1502 0.1706 0.1787 0.1666 0.1642 0.1697 
         298  1 0.1466 0.1822 0.1571 0.1716 0.1725 0.1701 
         299  1 0.1707 0.1680 0.1689 0.1623 0.1635 0.1666 
         300  1 0.1573 0.1681 0.1721 0.1682 0.1655 0.1689 
         301  1 0.1395 0.1547 0.2222 0.1692 0.1510 0.1633 
         302  1 0.1879 0.1669 0.1590 0.1595 0.1705 0.1562 
         303  1 0.1745 0.1612 0.1768 0.1642 0.1609 0.1623 
         304  1 0.1839 0.1629 0.1598 0.1622 0.1669 0.1643 
         305  1 0.1657 0.1582 0.1793 0.1655 0.1627 0.1685 
         306  1 0.1624 0.1625 0.1780 0.1647 0.1671 0.1653 
         307  1 0.1662 0.1715 0.1551 0.1684 0.1662 0.1725 
         308  1 0.1568 0.1494 0.2117 0.1639 0.1574 0.1607 
         309  1 0.1947 0.1697 0.1323 0.1635 0.1716 0.1682 
         310  1 0.1472 0.1834 0.1356 0.1759 0.1769 0.1810 
         311  1 0.1506 0.1535 0.2026 0.1678 0.1609 0.1645 
         312  1 0.1563 0.1543 0.1957 0.1642 0.1656 0.1638 
         313  1 0.1738 0.1575 0.1810 0.1660 0.1623 0.1594 
         314  1 0.1732 0.1618 0.1793 0.1666 0.1617 0.1575 
         315  1 0.1561 0.1676 0.1583 0.1779 0.1670 0.1731 
         316  1 0.1641 0.1677 0.1611 0.1689 0.1690 0.1691 
         317  1 0.1679 0.1592 0.1775 0.1694 0.1629 0.1631 
         318  1 0.1537 0.1789 0.1513 0.1730 0.1675 0.1755 
         319  1 0.1636 0.1457 0.2048 0.1660 0.1610 0.1588 
         320  1 0.1580 0.1704 0.1646 0.1721 0.1649 0.1700 
         321  1 0.1782 0.1692 0.1454 0.1722 0.1662 0.1688 
         322  1 0.1452 0.1408 0.2413 0.1617 0.1556 0.1553 
         323  1 0.1855 0.1629 0.1646 0.1625 0.1673 0.1571 
         324  1 0.1510 0.1682 0.1634 0.1754 0.1697 0.1725 
         325  1 0.1616 0.1558 0.2005 0.1620 0.1604 0.1597 
         326  1 0.1601 0.1717 0.1518 0.1820 0.1590 0.1754 
         327  1 0.1562 0.1754 0.1558 0.1696 0.1702 0.1728 
         328  1 0.1574 0.1644 0.1733 0.1699 0.1620 0.1729 
         329  1 0.1585 0.1636 0.1811 0.1670 0.1656 0.1641 
         330  1 0.1652 0.1619 0.1738 0.1700 0.1613 0.1679 
         331  1 0.1631 0.1744 0.1572 0.1664 0.1679 0.1710 
         332  1 0.1642 0.1725 0.1496 0.1741 0.1688 0.1707 
         333  1 0.1563 0.1613 0.1904 0.1653 0.1606 0.1662 
         334  1 0.1561 0.1688 0.1755 0.1650 0.1659 0.1688 
         335  1 0.1527 0.1495 0.2023 0.1701 0.1573 0.1681 
         336  1 0.1694 0.1634 0.1788 0.1613 0.1645 0.1626 
         337  1 0.1663 0.1620 0.1769 0.1612 0.1695 0.1640 
         338  1 0.1783 0.1615 0.1720 0.1634 0.1608 0.1640 
         339  1 0.1733 0.1686 0.1683 0.1614 0.1693 0.1592 
         340  1 0.1553 0.1819 0.1532 0.1645 0.1793 0.1658 
         341  1 0.1619 0.1619 0.1806 0.1639 0.1692 0.1625 
         342  1 0.1622 0.1534 0.2040 0.1579 0.1651 0.1573 
         343  1 0.1763 0.1750 0.1441 0.1679 0.1661 0.1706 
         344  1 0.1467 0.1816 0.1676 0.1707 0.1690 0.1644 
         345  1 0.1659 0.1719 0.1517 0.1726 0.1676 0.1703 
         346  1 0.1743 0.1798 0.1450 0.1652 0.1726 0.1630 
         347  1 0.1887 0.1568 0.1699 0.1627 0.1618 0.1601 
