           1  1 0.1331 0.1541 0.1565 0.1297 0.1569 0.1337 0.1361 
           2  1 0.1510 0.1428 0.1474 0.1371 0.1453 0.1451 0.1313 
           3  1 0.1473 0.1377 0.1435 0.1433 0.1392 0.1515 0.1376 
           4  1 0.1565 0.1369 0.1387 0.1414 0.1321 0.1462 0.1482 
           5  1 0.1358 0.1454 0.1333 0.1541 0.1347 0.1506 0.1461 
           6  1 0.1498 0.1370 0.1352 0.1428 0.1369 0.1422 0.1562 
           7  1 0.1335 0.1485 0.1405 0.1468 0.1448 0.1372 0.1486 
           8  1 0.1355 0.1390 0.1307 0.1558 0.1278 0.1577 0.1535 
           9  1 0.1359 0.1453 0.1511 0.1427 0.1450 0.1397 0.1402 
          10  1 0.1376 0.1441 0.1411 0.1437 0.1382 0.1488 0.1465 
          11  1 0.1331 0.1431 0.1540 0.1473 0.1509 0.1427 0.1290 
          12  1 0.1326 0.1500 0.1466 0.1466 0.1508 0.1349 0.1386 
          13  1 0.1336 0.1462 0.1283 0.1683 0.1292 0.1400 0.1544 
          14  1 0.1545 0.1418 0.1336 0.1397 0.1370 0.1434 0.1499 
          15  1 0.1331 0.1448 0.1468 0.1443 0.1497 0.1370 0.1443 
          16  1 0.1336 0.1441 0.1483 0.1458 0.1456 0.1404 0.1422 
          17  1 0.1507 0.1307 0.1479 0.1464 0.1444 0.1467 0.1333 
          18  1 0.1415 0.1498 0.1472 0.1409 0.1379 0.1421 0.1407 
          19  1 0.1394 0.1468 0.1503 0.1415 0.1487 0.1409 0.1325 
          20  1 0.1315 0.1535 0.1682 0.1314 0.1654 0.1308 0.1193 
          21  1 0.1241 0.1553 0.1643 0.1278 0.1756 0.1282 0.1246 
          22  1 0.1316 0.1549 0.1682 0.1253 0.1580 0.1305 0.1315 
          23  1 0.1483 0.1435 0.1440 0.1369 0.1458 0.1416 0.1399 
          24  1 0.1495 0.1365 0.1356 0.1431 0.1404 0.1471 0.1478 
          25  1 0.1458 0.1387 0.1462 0.1331 0.1519 0.1381 0.1462 
          26  1 0.1398 0.1432 0.1459 0.1508 0.1430 0.1403 0.1371 
          27  1 0.1390 0.1533 0.1348 0.1545 0.1325 0.1373 0.1486 
          28  1 0.1406 0.1498 0.1609 0.1289 0.1578 0.1298 0.1322 
          29  1 0.1406 0.1427 0.1525 0.1470 0.1422 0.1481 0.1269 
          30  1 0.1352 0.1457 0.1431 0.1493 0.1422 0.1391 0.1456 
          31  1 0.1477 0.1404 0.1338 0.1478 0.1353 0.1477 0.1473 
          32  1 0.1404 0.1447 0.1398 0.1396 0.1502 0.1438 0.1416 
          33  1 0.1304 0.1573 0.1576 0.1323 0.1569 0.1346 0.1309 
          34  1 0.1392 0.1479 0.1531 0.1423 0.1473 0.1379 0.1323 
          35  1 0.1398 0.1454 0.1451 0.1402 0.1466 0.1434 0.1395 
          36  1 0.1399 0.1422 0.1382 0.1463 0.1399 0.1431 0.1505 
          37  1 0.1399 0.1444 0.1430 0.1565 0.1383 0.1489 0.1291 
          38  1 0.1444 0.1377 0.1406 0.1556 0.1278 0.1552 0.1387 
          39  1 0.1217 0.1570 0.1796 0.1220 0.1759 0.1210 0.1228 
          40  1 0.1167 0.1630 0.1865 0.1143 0.1874 0.1155 0.1166 
          41  1 0.1306 0.1518 0.1642 0.1379 0.1576 0.1324 0.1254 
          42  1 0.1373 0.1486 0.1343 0.1568 0.1344 0.1385 0.1502 
          43  1 0.1445 0.1415 0.1509 0.1431 0.1388 0.1482 0.1330 
          44  1 0.1443 0.1387 0.1263 0.1485 0.1254 0.1552 0.1617 
          45  1 0.1444 0.1438 0.1458 0.1433 0.1488 0.1412 0.1327 
          46  1 0.1373 0.1499 0.1319 0.1496 0.1388 0.1438 0.1487 
          47  1 0.1326 0.1546 0.1386 0.1450 0.1405 0.1388 0.1497 
          48  1 0.1496 0.1346 0.1306 0.1474 0.1276 0.1560 0.1542 
          49  1 0.1448 0.1396 0.1550 0.1534 0.1424 0.1466 0.1182 
          50  1 0.1417 0.1411 0.1442 0.1518 0.1314 0.1515 0.1383 
          51  1 0.1438 0.1372 0.1478 0.1524 0.1337 0.1501 0.1350 
          52  1 0.1393 0.1351 0.1346 0.1634 0.1328 0.1458 0.1490 
          53  1 0.1322 0.1513 0.1625 0.1315 0.1658 0.1331 0.1236 
          54  1 0.1391 0.1471 0.1361 0.1434 0.1446 0.1426 0.1471 
          55  1 0.1375 0.1498 0.1403 0.1411 0.1452 0.1425 0.1437 
          56  1 0.1420 0.1477 0.1417 0.1508 0.1416 0.1352 0.1410 
          57  1 0.1240 0.1562 0.1802 0.1243 0.1648 0.1291 0.1214 
          58  1 0.1519 0.1345 0.1391 0.1476 0.1364 0.1496 0.1409 
          59  1 0.1494 0.1375 0.1400 0.1486 0.1331 0.1483 0.1431 
          60  1 0.1183 0.1579 0.1846 0.1162 0.1880 0.1195 0.1155 
          61  1 0.1286 0.1536 0.1617 0.1306 0.1714 0.1320 0.1222 
          62  1 0.1445 0.1429 0.1242 0.1489 0.1318 0.1496 0.1582 
          63  1 0.1334 0.1352 0.1349 0.1620 0.1336 0.1525 0.1484 
          64  1 0.1302 0.1527 0.1674 0.1266 0.1638 0.1320 0.1273 
          65  1 0.1362 0.1480 0.1434 0.1354 0.1504 0.1465 0.1401 
          66  1 0.1297 0.1504 0.1538 0.1518 0.1468 0.1319 0.1356 
          67  1 0.1373 0.1308 0.1241 0.1713 0.1207 0.1497 0.1661 
          68  1 0.1514 0.1410 0.1290 0.1406 0.1288 0.1526 0.1566 
          69  1 0.1371 0.1509 0.1386 0.1405 0.1450 0.1460 0.1419 
          70  1 0.1443 0.1447 0.1432 0.1436 0.1390 0.1431 0.1421 
          71  1 0.1387 0.1437 0.1617 0.1285 0.1597 0.1361 0.1315 
          72  1 0.1435 0.1452 0.1386 0.1538 0.1380 0.1428 0.1381 
          73  1 0.1392 0.1420 0.1534 0.1476 0.1462 0.1496 0.1220 
          74  1 0.1248 0.1503 0.1614 0.1330 0.1737 0.1306 0.1262 
          75  1 0.1451 0.1381 0.1427 0.1461 0.1459 0.1444 0.1376 
          76  1 0.1265 0.1599 0.1691 0.1246 0.1650 0.1264 0.1284 
          77  1 0.1463 0.1395 0.1388 0.1440 0.1331 0.1480 0.1503 
          78  1 0.1440 0.1418 0.1285 0.1534 0.1313 0.1462 0.1548 
          79  1 0.1236 0.1596 0.1784 0.1186 0.1769 0.1204 0.1224 
          80  1 0.1506 0.1439 0.1391 0.1446 0.1359 0.1428 0.1431 
          81  1 0.1424 0.1446 0.1435 0.1374 0.1516 0.1447 0.1358 
          82  1 0.1377 0.1480 0.1440 0.1438 0.1544 0.1386 0.1335 
          83  1 0.1387 0.1459 0.1504 0.1385 0.1450 0.1450 0.1366 
          84  1 0.1420 0.1342 0.1309 0.1534 0.1340 0.1479 0.1576 
          85  1 0.1376 0.1486 0.1529 0.1428 0.1545 0.1420 0.1215 
          86  1 0.1450 0.1349 0.1499 0.1380 0.1426 0.1456 0.1440 
          87  1 0.1533 0.1317 0.1534 0.1392 0.1402 0.1478 0.1345 
          88  1 0.1378 0.1541 0.1390 0.1360 0.1440 0.1417 0.1475 
          89  1 0.1353 0.1403 0.1468 0.1549 0.1368 0.1497 0.1362 
          90  1 0.1478 0.1430 0.1394 0.1342 0.1339 0.1513 0.1504 
          91  1 0.1423 0.1432 0.1323 0.1441 0.1314 0.1539 0.1527 
          92  1 0.1326 0.1494 0.1713 0.1312 0.1463 0.1385 0.1307 
          93  1 0.1438 0.1422 0.1392 0.1445 0.1364 0.1464 0.1475 
          94  1 0.1352 0.1481 0.1506 0.1365 0.1451 0.1390 0.1455 
          95  1 0.1362 0.1515 0.1324 0.1511 0.1396 0.1407 0.1486 
          96  1 0.1380 0.1476 0.1352 0.1516 0.1420 0.1412 0.1444 
          97  1 0.1486 0.1382 0.1457 0.1379 0.1369 0.1498 0.1429 
          98  1 0.1424 0.1439 0.1384 0.1458 0.1365 0.1498 0.1434 
          99  1 0.1405 0.1455 0.1379 0.1504 0.1402 0.1421 0.1435 
         100  1 0.1420 0.1476 0.1285 0.1484 0.1388 0.1390 0.1557 
         101  1 0.1479 0.1423 0.1269 0.1539 0.1291 0.1433 0.1566 
         102  1 0.1630 0.1359 0.1374 0.1366 0.1396 0.1432 0.1444 
         103  1 0.1465 0.1397 0.1254 0.1489 0.1295 0.1457 0.1643 
         104  1 0.1454 0.1427 0.1368 0.1358 0.1414 0.1468 0.1511 
         105  1 0.1404 0.1450 0.1403 0.1525 0.1354 0.1472 0.1393 
         106  1 0.1396 0.1464 0.1318 0.1598 0.1275 0.1404 0.1545 
         107  1 0.1438 0.1419 0.1315 0.1492 0.1345 0.1429 0.1562 
         108  1 0.1467 0.1472 0.1407 0.1385 0.1322 0.1438 0.1510 
         109  1 0.1423 0.1484 0.1354 0.1465 0.1391 0.1387 0.1496 
         110  1 0.1400 0.1511 0.1437 0.1343 0.1490 0.1456 0.1364 
         111  1 0.1457 0.1320 0.1384 0.1493 0.1351 0.1492 0.1503 
         112  1 0.1368 0.1464 0.1554 0.1394 0.1575 0.1375 0.1269 
         113  1 0.1251 0.1523 0.1623 0.1319 0.1737 0.1285 0.1263 
         114  1 0.1436 0.1507 0.1388 0.1413 0.1390 0.1455 0.1411 
         115  1 0.1501 0.1449 0.1330 0.1458 0.1330 0.1459 0.1473 
         116  1 0.1491 0.1432 0.1434 0.1398 0.1345 0.1461 0.1438 
         117  1 0.1427 0.1444 0.1483 0.1423 0.1420 0.1368 0.1433 
         118  1 0.1431 0.1387 0.1317 0.1514 0.1260 0.1558 0.1533 
         119  1 0.1432 0.1406 0.1366 0.1511 0.1365 0.1458 0.1461 
         120  1 0.1461 0.1327 0.1340 0.1490 0.1268 0.1555 0.1558 
         121  1 0.1358 0.1478 0.1374 0.1534 0.1395 0.1403 0.1458 
         122  1 0.1294 0.1525 0.1573 0.1323 0.1620 0.1277 0.1389 
         123  1 0.1325 0.1501 0.1664 0.1289 0.1657 0.1333 0.1231 
         124  1 0.1296 0.1517 0.1703 0.1220 0.1813 0.1207 0.1244 
         125  1 0.1378 0.1462 0.1488 0.1380 0.1590 0.1365 0.1336 
         126  1 0.1267 0.1615 0.1702 0.1233 0.1654 0.1240 0.1288 
         127  1 0.1391 0.1359 0.1284 0.1577 0.1255 0.1553 0.1581 
         128  1 0.1424 0.1431 0.1514 0.1452 0.1500 0.1455 0.1223 
         129  1 0.1377 0.1463 0.1572 0.1355 0.1552 0.1359 0.1322 
         130  1 0.1401 0.1491 0.1456 0.1407 0.1425 0.1422 0.1397 
         131  1 0.1582 0.1329 0.1290 0.1325 0.1351 0.1430 0.1693 
         132  1 0.1439 0.1421 0.1425 0.1464 0.1365 0.1459 0.1428 
         133  1 0.1278 0.1578 0.1537 0.1328 0.1620 0.1311 0.1349 
         134  1 0.1332 0.1527 0.1585 0.1319 0.1659 0.1303 0.1274 
         135  1 0.1442 0.1386 0.1557 0.1569 0.1403 0.1448 0.1195 
         136  1 0.1509 0.1352 0.1220 0.1460 0.1310 0.1487 0.1662 
         137  1 0.1404 0.1362 0.1237 0.1553 0.1265 0.1565 0.1614 
         138  1 0.1536 0.1347 0.1265 0.1405 0.1312 0.1482 0.1653 
         139  1 0.1439 0.1395 0.1433 0.1478 0.1354 0.1484 0.1417 
         140  1 0.1321 0.1523 0.1548 0.1309 0.1514 0.1348 0.1436 
         141  1 0.1422 0.1435 0.1238 0.1585 0.1258 0.1421 0.1641 
         142  1 0.1537 0.1344 0.1337 0.1474 0.1328 0.1478 0.1501 
         143  1 0.1415 0.1424 0.1419 0.1493 0.1425 0.1446 0.1378 
         144  1 0.1474 0.1353 0.1458 0.1425 0.1424 0.1473 0.1393 
         145  1 0.1364 0.1485 0.1262 0.1475 0.1393 0.1457 0.1563 
         146  1 0.1275 0.1503 0.1655 0.1311 0.1694 0.1287 0.1275 
         147  1 0.1422 0.1466 0.1350 0.1467 0.1362 0.1461 0.1472 
         148  1 0.1421 0.1396 0.1493 0.1517 0.1392 0.1568 0.1214 
         149  1 0.1370 0.1414 0.1415 0.1448 0.1383 0.1523 0.1447 
         150  1 0.1497 0.1370 0.1469 0.1454 0.1397 0.1476 0.1338 
         151  1 0.1500 0.1376 0.1484 0.1475 0.1406 0.1480 0.1280 
         152  1 0.1409 0.1447 0.1428 0.1393 0.1474 0.1451 0.1397 
         153  1 0.1486 0.1376 0.1433 0.1466 0.1332 0.1535 0.1371 
         154  1 0.1466 0.1441 0.1436 0.1450 0.1380 0.1499 0.1330 
         155  1 0.1494 0.1458 0.1425 0.1354 0.1420 0.1410 0.1438 
         156  1 0.1435 0.1459 0.1280 0.1427 0.1286 0.1521 0.1593 
         157  1 0.1348 0.1546 0.1549 0.1290 0.1554 0.1308 0.1404 
         158  1 0.1403 0.1448 0.1530 0.1379 0.1550 0.1368 0.1322 
         159  1 0.1337 0.1464 0.1205 0.1663 0.1255 0.1399 0.1678 
         160  1 0.1353 0.1515 0.1548 0.1361 0.1576 0.1358 0.1289 
         161  1 0.1363 0.1491 0.1504 0.1364 0.1527 0.1432 0.1319 
         162  1 0.1476 0.1380 0.1567 0.1433 0.1457 0.1443 0.1244 
         163  1 0.1355 0.1495 0.1578 0.1359 0.1564 0.1347 0.1300 
         164  1 0.1377 0.1452 0.1484 0.1467 0.1435 0.1447 0.1337 
         165  1 0.1400 0.1382 0.1582 0.1389 0.1551 0.1422 0.1274 
         166  1 0.1297 0.1544 0.1416 0.1406 0.1539 0.1413 0.1385 
         167  1 0.1542 0.1443 0.1402 0.1398 0.1252 0.1449 0.1514 
         168  1 0.1308 0.1521 0.1609 0.1258 0.1746 0.1261 0.1297 
         169  1 0.1477 0.1409 0.1369 0.1494 0.1285 0.1524 0.1442 
         170  1 0.1362 0.1518 0.1367 0.1467 0.1397 0.1383 0.1506 
         171  1 0.1385 0.1480 0.1391 0.1434 0.1449 0.1440 0.1420 
         172  1 0.1163 0.1619 0.1898 0.1113 0.1958 0.1133 0.1117 
         173  1 0.1489 0.1395 0.1389 0.1372 0.1421 0.1429 0.1505 
         174  1 0.1502 0.1402 0.1351 0.1356 0.1447 0.1390 0.1552 
         175  1 0.1418 0.1438 0.1460 0.1400 0.1446 0.1406 0.1433 
         176  1 0.1313 0.1615 0.1448 0.1474 0.1481 0.1306 0.1363 
         177  1 0.1521 0.1273 0.1478 0.1448 0.1385 0.1510 0.1385 
         178  1 0.1370 0.1515 0.1299 0.1621 0.1313 0.1353 0.1529 
         179  1 0.1381 0.1470 0.1372 0.1451 0.1393 0.1469 0.1465 
         180  1 0.1527 0.1402 0.1332 0.1467 0.1308 0.1432 0.1532 
         181  1 0.1374 0.1438 0.1354 0.1654 0.1281 0.1454 0.1444 
         182  1 0.1401 0.1506 0.1469 0.1368 0.1491 0.1382 0.1383 
         183  1 0.1452 0.1405 0.1394 0.1452 0.1384 0.1438 0.1475 
         184  1 0.1414 0.1481 0.1472 0.1335 0.1507 0.1400 0.1393 
         185  1 0.1443 0.1424 0.1343 0.1448 0.1386 0.1582 0.1376 
         186  1 0.1461 0.1378 0.1358 0.1430 0.1248 0.1557 0.1568 
         187  1 0.1455 0.1426 0.1362 0.1406 0.1380 0.1502 0.1469 
         188  1 0.1454 0.1436 0.1466 0.1443 0.1401 0.1449 0.1351 
         189  1 0.1452 0.1459 0.1404 0.1475 0.1356 0.1429 0.1424 
         190  1 0.1401 0.1452 0.1323 0.1577 0.1346 0.1386 0.1515 
         191  1 0.1468 0.1421 0.1349 0.1518 0.1302 0.1441 0.1501 
         192  1 0.1480 0.1414 0.1348 0.1450 0.1349 0.1456 0.1503 
         193  1 0.1378 0.1457 0.1389 0.1419 0.1411 0.1451 0.1496 
         194  1 0.1369 0.1511 0.1364 0.1525 0.1397 0.1405 0.1429 
         195  1 0.1569 0.1336 0.1238 0.1425 0.1357 0.1406 0.1667 
         196  1 0.1431 0.1407 0.1371 0.1503 0.1389 0.1457 0.1442 
         197  1 0.1443 0.1416 0.1409 0.1471 0.1396 0.1433 0.1430 
         198  1 0.1388 0.1447 0.1474 0.1422 0.1566 0.1463 0.1240 
         199  1 0.1590 0.1326 0.1345 0.1331 0.1333 0.1423 0.1651 
         200  1 0.1351 0.1418 0.1632 0.1370 0.1539 0.1390 0.1299 
         201  1 0.1244 0.1579 0.1594 0.1268 0.1780 0.1262 0.1274 
         202  1 0.1486 0.1302 0.1461 0.1342 0.1484 0.1469 0.1456 
         203  1 0.1414 0.1422 0.1496 0.1390 0.1541 0.1491 0.1245 
         204  1 0.1354 0.1536 0.1602 0.1261 0.1605 0.1313 0.1329 
         205  1 0.1362 0.1494 0.1367 0.1601 0.1343 0.1373 0.1460 
         206  1 0.1418 0.1498 0.1510 0.1328 0.1513 0.1362 0.1371 
         207  1 0.1432 0.1416 0.1242 0.1486 0.1274 0.1504 0.1646 
         208  1 0.1338 0.1551 0.1425 0.1521 0.1443 0.1308 0.1413 
         209  1 0.1441 0.1432 0.1236 0.1493 0.1266 0.1501 0.1630 
         210  1 0.1391 0.1455 0.1465 0.1385 0.1618 0.1375 0.1311 
         211  1 0.1411 0.1424 0.1481 0.1430 0.1447 0.1523 0.1284 
         212  1 0.1317 0.1538 0.1596 0.1286 0.1612 0.1359 0.1291 
         213  1 0.1280 0.1503 0.1510 0.1408 0.1570 0.1329 0.1400 
         214  1 0.1405 0.1481 0.1348 0.1359 0.1438 0.1459 0.1510 
         215  1 0.1325 0.1475 0.1382 0.1524 0.1395 0.1414 0.1485 
         216  1 0.1404 0.1481 0.1433 0.1442 0.1421 0.1434 0.1385 
         217  1 0.1375 0.1461 0.1387 0.1566 0.1337 0.1434 0.1440 
         218  1 0.1336 0.1542 0.1359 0.1521 0.1370 0.1364 0.1507 
         219  1 0.1502 0.1367 0.1478 0.1479 0.1378 0.1442 0.1354 
         220  1 0.1284 0.1557 0.1561 0.1363 0.1642 0.1335 0.1258 
         221  1 0.1398 0.1485 0.1331 0.1450 0.1416 0.1488 0.1431 
         222  1 0.1368 0.1353 0.1318 0.1645 0.1287 0.1483 0.1545 
         223  1 0.1380 0.1416 0.1351 0.1527 0.1391 0.1412 0.1523 
         224  1 0.1371 0.1432 0.1593 0.1483 0.1512 0.1412 0.1199 
         225  1 0.1425 0.1381 0.1176 0.1545 0.1239 0.1549 0.1685 
         226  1 0.1432 0.1502 0.1343 0.1424 0.1385 0.1435 0.1481 
         227  1 0.1333 0.1507 0.1508 0.1414 0.1591 0.1343 0.1303 
         228  1 0.1356 0.1481 0.1599 0.1322 0.1638 0.1334 0.1270 
         229  1 0.1420 0.1477 0.1355 0.1494 0.1402 0.1421 0.1432 
         230  1 0.1369 0.1506 0.1446 0.1465 0.1433 0.1383 0.1397 
         231  1 0.1557 0.1359 0.1395 0.1388 0.1386 0.1460 0.1455 
         232  1 0.1409 0.1447 0.1457 0.1501 0.1408 0.1436 0.1342 
         233  1 0.1233 0.1593 0.1790 0.1196 0.1780 0.1219 0.1190 
         234  1 0.1361 0.1506 0.1459 0.1407 0.1471 0.1358 0.1438 
         235  1 0.1457 0.1350 0.1339 0.1431 0.1377 0.1449 0.1597 
         236  1 0.1511 0.1349 0.1395 0.1413 0.1383 0.1473 0.1476 
         237  1 0.1317 0.1500 0.1590 0.1242 0.1712 0.1300 0.1340 
         238  1 0.1334 0.1508 0.1366 0.1559 0.1391 0.1377 0.1465 
         239  1 0.1404 0.1460 0.1388 0.1445 0.1430 0.1404 0.1468 
         240  1 0.1558 0.1320 0.1307 0.1374 0.1382 0.1456 0.1603 
         241  1 0.1335 0.1532 0.1583 0.1374 0.1573 0.1321 0.1281 
         242  1 0.1399 0.1478 0.1352 0.1538 0.1336 0.1417 0.1480 
         243  1 0.1329 0.1495 0.1648 0.1355 0.1556 0.1374 0.1242 
         244  1 0.1437 0.1440 0.1382 0.1386 0.1421 0.1408 0.1526 
         245  1 0.1339 0.1562 0.1388 0.1436 0.1495 0.1386 0.1394 
         246  1 0.1405 0.1503 0.1429 0.1436 0.1453 0.1450 0.1324 
         247  1 0.1488 0.1384 0.1229 0.1462 0.1303 0.1477 0.1658 
         248  1 0.1456 0.1383 0.1324 0.1512 0.1284 0.1532 0.1509 
         249  1 0.1352 0.1481 0.1158 0.1638 0.1259 0.1424 0.1690 
         250  1 0.1318 0.1480 0.1236 0.1634 0.1307 0.1418 0.1608 
         251  1 0.1468 0.1381 0.1319 0.1563 0.1333 0.1406 0.1530 
         252  1 0.1499 0.1368 0.1292 0.1480 0.1337 0.1467 0.1557 
         253  1 0.1456 0.1414 0.1379 0.1484 0.1409 0.1399 0.1458 
         254  1 0.1496 0.1306 0.1377 0.1577 0.1271 0.1507 0.1466 
         255  1 0.1654 0.1225 0.1381 0.1417 0.1298 0.1479 0.1545 
         256  1 0.1570 0.1242 0.1266 0.1533 0.1304 0.1473 0.1612 
         257  1 0.1647 0.1316 0.1264 0.1406 0.1361 0.1372 0.1634 
         258  1 0.1572 0.1306 0.1340 0.1385 0.1364 0.1481 0.1552 
         259  1 0.1493 0.1485 0.1364 0.1348 0.1457 0.1414 0.1439 
         260  1 0.1456 0.1373 0.1411 0.1486 0.1389 0.1501 0.1384 
         261  1 0.1839 0.1153 0.1251 0.1182 0.1378 0.1411 0.1786 
         262  1 0.1543 0.1456 0.1428 0.1354 0.1371 0.1431 0.1416 
         263  1 0.1426 0.1431 0.1315 0.1447 0.1365 0.1492 0.1525 
         264  1 0.1533 0.1362 0.1404 0.1382 0.1376 0.1442 0.1502 
         265  1 0.1661 0.1174 0.1285 0.1354 0.1360 0.1451 0.1716 
         266  1 0.1496 0.1414 0.1403 0.1391 0.1454 0.1470 0.1371 
         267  1 0.1421 0.1383 0.1406 0.1446 0.1504 0.1506 0.1334 
         268  1 0.1476 0.1447 0.1330 0.1419 0.1413 0.1441 0.1474 
         269  1 0.1560 0.1353 0.1370 0.1318 0.1435 0.1420 0.1543 
         270  1 0.1626 0.1284 0.1379 0.1389 0.1343 0.1474 0.1504 
         271  1 0.1615 0.1318 0.1364 0.1467 0.1328 0.1459 0.1450 
         272  1 0.1499 0.1381 0.1393 0.1363 0.1481 0.1349 0.1534 
         273  1 0.1449 0.1410 0.1321 0.1460 0.1337 0.1480 0.1543 
         274  1 0.1554 0.1338 0.1344 0.1377 0.1397 0.1439 0.1551 
         275  1 0.1568 0.1363 0.1444 0.1267 0.1529 0.1353 0.1475 
         276  1 0.1607 0.1340 0.1407 0.1370 0.1363 0.1434 0.1479 
         277  1 0.1454 0.1356 0.1407 0.1415 0.1471 0.1537 0.1360 
         278  1 0.1390 0.1276 0.1267 0.1683 0.1301 0.1461 0.1621 
         279  1 0.1611 0.1317 0.1421 0.1297 0.1421 0.1381 0.1552 
         280  1 0.1428 0.1416 0.1600 0.1367 0.1563 0.1403 0.1224 
         281  1 0.1302 0.1501 0.1554 0.1339 0.1690 0.1340 0.1274 
         282  1 0.1508 0.1293 0.1276 0.1463 0.1279 0.1550 0.1631 
         283  1 0.1552 0.1331 0.1542 0.1287 0.1512 0.1367 0.1409 
         284  1 0.1499 0.1404 0.1331 0.1411 0.1323 0.1506 0.1525 
         285  1 0.1533 0.1329 0.1390 0.1392 0.1355 0.1491 0.1510 
         286  1 0.1548 0.1388 0.1329 0.1432 0.1423 0.1362 0.1518 
         287  1 0.1591 0.1330 0.1406 0.1404 0.1390 0.1423 0.1456 
         288  1 0.1399 0.1431 0.1519 0.1346 0.1564 0.1351 0.1389 
         289  1 0.1544 0.1378 0.1295 0.1430 0.1341 0.1459 0.1552 
         290  1 0.1558 0.1414 0.1577 0.1432 0.1441 0.1390 0.1189 
         291  1 0.1722 0.1222 0.1295 0.1287 0.1396 0.1418 0.1660 
         292  1 0.1503 0.1359 0.1298 0.1349 0.1363 0.1513 0.1616 
         293  1 0.1724 0.1169 0.1259 0.1282 0.1368 0.1433 0.1765 
         294  1 0.1605 0.1250 0.1418 0.1418 0.1380 0.1453 0.1476 
         295  1 0.1688 0.1253 0.1276 0.1332 0.1376 0.1414 0.1661 
         296  1 0.1464 0.1430 0.1430 0.1432 0.1448 0.1424 0.1372 
         297  1 0.1685 0.1202 0.1282 0.1284 0.1349 0.1461 0.1736 
         298  1 0.1403 0.1416 0.1296 0.1503 0.1309 0.1494 0.1579 
         299  1 0.1419 0.1469 0.1518 0.1402 0.1442 0.1408 0.1342 
         300  1 0.1597 0.1270 0.1311 0.1356 0.1393 0.1418 0.1655 
         301  1 0.1580 0.1203 0.1387 0.1388 0.1328 0.1477 0.1636 
         302  1 0.1374 0.1463 0.1560 0.1311 0.1641 0.1328 0.1322 
         303  1 0.1678 0.1266 0.1401 0.1220 0.1467 0.1364 0.1605 
         304  1 0.1386 0.1466 0.1456 0.1397 0.1578 0.1331 0.1385 
         305  1 0.1433 0.1419 0.1393 0.1411 0.1539 0.1513 0.1292 
         306  1 0.1471 0.1436 0.1393 0.1466 0.1423 0.1411 0.1401 
         307  1 0.1553 0.1375 0.1338 0.1360 0.1401 0.1446 0.1527 
         308  1 0.1420 0.1311 0.1480 0.1481 0.1498 0.1585 0.1224 
         309  1 0.1315 0.1537 0.1573 0.1282 0.1560 0.1332 0.1401 
         310  1 0.1399 0.1462 0.1226 0.1466 0.1301 0.1552 0.1594 
         311  1 0.1458 0.1387 0.1441 0.1559 0.1353 0.1464 0.1338 
         312  1 0.1400 0.1436 0.1431 0.1567 0.1375 0.1474 0.1317 
         313  1 0.1426 0.1422 0.1512 0.1435 0.1459 0.1434 0.1312 
         314  1 0.1437 0.1403 0.1496 0.1347 0.1463 0.1456 0.1397 
         315  1 0.1475 0.1296 0.1320 0.1502 0.1320 0.1508 0.1579 
         316  1 0.1391 0.1398 0.1415 0.1486 0.1342 0.1474 0.1494 
         317  1 0.1484 0.1444 0.1449 0.1395 0.1410 0.1420 0.1399 
         318  1 0.1444 0.1411 0.1312 0.1446 0.1302 0.1528 0.1557 
         319  1 0.1419 0.1369 0.1546 0.1546 0.1414 0.1455 0.1251 
         320  1 0.1444 0.1373 0.1361 0.1481 0.1361 0.1520 0.1459 
         321  1 0.1377 0.1437 0.1472 0.1377 0.1383 0.1464 0.1490 
         322  1 0.1456 0.1377 0.1495 0.1571 0.1357 0.1515 0.1228 
         323  1 0.1353 0.1538 0.1669 0.1321 0.1458 0.1346 0.1315 
         324  1 0.1373 0.1352 0.1289 0.1624 0.1309 0.1497 0.1557 
         325  1 0.1497 0.1423 0.1510 0.1426 0.1405 0.1450 0.1290 
         326  1 0.1476 0.1370 0.1347 0.1412 0.1262 0.1548 0.1586 
         327  1 0.1520 0.1392 0.1309 0.1392 0.1355 0.1503 0.1530 
         328  1 0.1580 0.1362 0.1334 0.1403 0.1361 0.1530 0.1431 
         329  1 0.1420 0.1430 0.1496 0.1442 0.1364 0.1482 0.1367 
         330  1 0.1509 0.1401 0.1446 0.1406 0.1342 0.1456 0.1440 
         331  1 0.1462 0.1458 0.1410 0.1434 0.1359 0.1435 0.1441 
         332  1 0.1446 0.1431 0.1336 0.1421 0.1398 0.1456 0.1512 
         333  1 0.1495 0.1379 0.1429 0.1479 0.1385 0.1446 0.1387 
         334  1 0.1381 0.1538 0.1379 0.1521 0.1375 0.1419 0.1387 
         335  1 0.1456 0.1376 0.1466 0.1475 0.1345 0.1546 0.1335 
         336  1 0.1429 0.1472 0.1458 0.1499 0.1466 0.1390 0.1285 
         337  1 0.1287 0.1549 0.1393 0.1612 0.1404 0.1334 0.1421 
         338  1 0.1492 0.1491 0.1493 0.1339 0.1449 0.1385 0.1351 
         339  1 0.1432 0.1442 0.1611 0.1349 0.1476 0.1379 0.1311 
         340  1 0.1422 0.1440 0.1303 0.1426 0.1426 0.1438 0.1544 
         341  1 0.1414 0.1428 0.1465 0.1456 0.1439 0.1415 0.1383 
         342  1 0.1408 0.1444 0.1536 0.1452 0.1519 0.1463 0.1177 
         343  1 0.1538 0.1427 0.1402 0.1358 0.1400 0.1377 0.1497 
         344  1 0.1484 0.1332 0.1325 0.1421 0.1282 0.1504 0.1652 
         345  1 0.1412 0.1399 0.1394 0.1485 0.1401 0.1446 0.1463 
         346  1 0.1369 0.1511 0.1432 0.1407 0.1455 0.1360 0.1466 
         347  1 0.1326 0.1503 0.1570 0.1421 0.1560 0.1347 0.1274 
