           1  1 0.2834 0.1967 0.2829 0.2370 
           2  1 0.2410 0.2521 0.2713 0.2357 
           3  1 0.2486 0.2593 0.2423 0.2499 
           4  1 0.2324 0.2786 0.2324 0.2567 
           5  1 0.2600 0.2621 0.2170 0.2609 
           6  1 0.2434 0.2480 0.2465 0.2621 
           7  1 0.2681 0.2089 0.2535 0.2695 
           8  1 0.2698 0.2356 0.2241 0.2705 
           9  1 0.2637 0.2321 0.2597 0.2445 
          10  1 0.2624 0.2405 0.2474 0.2497 
          11  1 0.2473 0.2774 0.2513 0.2241 
          12  1 0.2518 0.2368 0.2615 0.2499 
          13  1 0.2265 0.2688 0.2271 0.2776 
          14  1 0.2629 0.2227 0.2480 0.2664 
          15  1 0.2791 0.2074 0.2601 0.2534 
          16  1 0.2734 0.2264 0.2602 0.2400 
          17  1 0.2043 0.3840 0.2156 0.1960 
          18  1 0.2604 0.2321 0.2580 0.2496 
          19  1 0.2513 0.2346 0.2720 0.2421 
          20  1 0.2526 0.2378 0.2874 0.2221 
          21  1 0.2690 0.2107 0.2902 0.2301 
          22  1 0.2676 0.2158 0.2942 0.2225 
          23  1 0.2496 0.2432 0.2591 0.2482 
          24  1 0.2355 0.2572 0.2379 0.2694 
          25  1 0.2429 0.2481 0.2680 0.2410 
          26  1 0.2380 0.2792 0.2411 0.2416 
          27  1 0.2673 0.2165 0.2484 0.2679 
          28  1 0.2687 0.2054 0.2945 0.2314 
          29  1 0.2411 0.2944 0.2431 0.2214 
          30  1 0.2678 0.2223 0.2481 0.2618 
          31  1 0.2374 0.2568 0.2345 0.2713 
          32  1 0.2558 0.2241 0.2551 0.2650 
          33  1 0.2654 0.2169 0.2876 0.2300 
          34  1 0.2453 0.2597 0.2613 0.2337 
          35  1 0.2667 0.2114 0.2666 0.2553 
          36  1 0.2655 0.2042 0.2600 0.2703 
          37  1 0.2313 0.3199 0.2158 0.2330 
          38  1 0.2385 0.2904 0.2166 0.2546 
          39  1 0.2757 0.2081 0.2991 0.2171 
          40  1 0.2822 0.1994 0.3147 0.2037 
          41  1 0.2568 0.2527 0.2670 0.2235 
          42  1 0.2453 0.2405 0.2453 0.2688 
          43  1 0.2334 0.2678 0.2490 0.2498 
          44  1 0.2613 0.2432 0.2175 0.2779 
          45  1 0.2341 0.2532 0.2758 0.2369 
          46  1 0.2544 0.2125 0.2524 0.2807 
          47  1 0.2642 0.1985 0.2673 0.2700 
          48  1 0.2561 0.2638 0.2149 0.2652 
          49  1 0.2182 0.3453 0.2332 0.2033 
          50  1 0.2366 0.2779 0.2349 0.2506 
          51  1 0.2381 0.2953 0.2201 0.2466 
          52  1 0.2437 0.2546 0.2283 0.2735 
          53  1 0.2543 0.2544 0.2852 0.2060 
          54  1 0.2607 0.2072 0.2667 0.2655 
          55  1 0.2527 0.2127 0.2792 0.2555 
          56  1 0.2530 0.2433 0.2553 0.2485 
          57  1 0.2564 0.2532 0.2879 0.2026 
          58  1 0.2436 0.2661 0.2379 0.2524 
          59  1 0.2231 0.2876 0.2333 0.2560 
          60  1 0.2783 0.2163 0.3111 0.1943 
          61  1 0.2738 0.2153 0.2958 0.2152 
          62  1 0.2699 0.2047 0.2368 0.2886 
          63  1 0.2397 0.2623 0.2221 0.2759 
          64  1 0.2622 0.2135 0.2969 0.2275 
          65  1 0.2602 0.2197 0.2730 0.2471 
          66  1 0.2585 0.2455 0.2646 0.2314 
          67  1 0.2546 0.2428 0.2110 0.2916 
          68  1 0.2567 0.2236 0.2351 0.2847 
          69  1 0.2493 0.2364 0.2538 0.2604 
          70  1 0.2576 0.2523 0.2472 0.2428 
          71  1 0.2475 0.2597 0.2764 0.2164 
          72  1 0.2458 0.2673 0.2373 0.2496 
          73  1 0.2303 0.3178 0.2423 0.2095 
          74  1 0.2624 0.2317 0.2741 0.2319 
          75  1 0.2540 0.2507 0.2404 0.2548 
          76  1 0.2777 0.2072 0.2962 0.2189 
          77  1 0.2575 0.2322 0.2383 0.2720 
          78  1 0.2545 0.2286 0.2348 0.2820 
          79  1 0.2756 0.1963 0.3153 0.2129 
          80  1 0.2588 0.2325 0.2479 0.2609 
          81  1 0.2534 0.2479 0.2477 0.2510 
          82  1 0.2502 0.2562 0.2571 0.2365 
          83  1 0.2518 0.2452 0.2573 0.2458 
          84  1 0.2648 0.2138 0.2424 0.2791 
          85  1 0.2445 0.2890 0.2549 0.2116 
          86  1 0.2438 0.2653 0.2361 0.2548 
          87  1 0.2181 0.3272 0.2342 0.2204 
          88  1 0.2623 0.1899 0.2793 0.2685 
          89  1 0.2417 0.2828 0.2382 0.2373 
          90  1 0.2669 0.2075 0.2544 0.2712 
          91  1 0.2646 0.2163 0.2408 0.2783 
          92  1 0.2516 0.2672 0.2540 0.2272 
          93  1 0.2574 0.2130 0.2533 0.2763 
          94  1 0.2798 0.2100 0.2535 0.2568 
          95  1 0.2655 0.2052 0.2526 0.2767 
          96  1 0.2592 0.2289 0.2467 0.2653 
          97  1 0.2452 0.2727 0.2378 0.2443 
          98  1 0.2606 0.2334 0.2443 0.2617 
          99  1 0.2517 0.2462 0.2412 0.2609 
         100  1 0.2498 0.2145 0.2611 0.2746 
         101  1 0.2486 0.2393 0.2231 0.2891 
         102  1 0.2426 0.2679 0.2476 0.2419 
         103  1 0.2576 0.2221 0.2319 0.2884 
         104  1 0.2576 0.2084 0.2663 0.2678 
         105  1 0.2537 0.2566 0.2346 0.2551 
         106  1 0.2515 0.2603 0.2121 0.2761 
         107  1 0.2486 0.2319 0.2485 0.2709 
         108  1 0.2534 0.2203 0.2650 0.2613 
         109  1 0.2693 0.2133 0.2479 0.2694 
         110  1 0.2599 0.2360 0.2586 0.2454 
         111  1 0.2259 0.2745 0.2319 0.2677 
         112  1 0.2424 0.2852 0.2630 0.2094 
         113  1 0.2715 0.2052 0.2880 0.2353 
         114  1 0.2666 0.2151 0.2625 0.2559 
         115  1 0.2339 0.2336 0.2509 0.2817 
         116  1 0.2443 0.2426 0.2481 0.2650 
         117  1 0.2596 0.2442 0.2517 0.2446 
         118  1 0.2669 0.2353 0.2163 0.2815 
         119  1 0.2290 0.2712 0.2359 0.2639 
         120  1 0.2429 0.2761 0.2089 0.2721 
         121  1 0.2534 0.2308 0.2499 0.2660 
         122  1 0.2832 0.1918 0.2771 0.2479 
         123  1 0.2504 0.2479 0.2818 0.2199 
         124  1 0.2642 0.2024 0.3162 0.2172 
         125  1 0.2387 0.2387 0.2709 0.2517 
         126  1 0.2789 0.1982 0.3021 0.2208 
         127  1 0.2608 0.2361 0.2242 0.2789 
         128  1 0.2285 0.3136 0.2490 0.2088 
         129  1 0.2653 0.2281 0.2695 0.2371 
         130  1 0.2560 0.2098 0.2736 0.2606 
         131  1 0.2519 0.2659 0.2332 0.2490 
         132  1 0.2433 0.2604 0.2464 0.2499 
         133  1 0.2681 0.1950 0.2904 0.2465 
         134  1 0.2620 0.2197 0.2936 0.2247 
         135  1 0.2224 0.3361 0.2211 0.2204 
         136  1 0.2766 0.1923 0.2398 0.2913 
         137  1 0.2779 0.1858 0.2364 0.2998 
         138  1 0.2561 0.2290 0.2281 0.2868 
         139  1 0.2619 0.2656 0.2256 0.2469 
         140  1 0.2830 0.1832 0.2764 0.2574 
         141  1 0.2521 0.2253 0.2268 0.2958 
         142  1 0.2557 0.2415 0.2297 0.2730 
         143  1 0.2378 0.2626 0.2460 0.2536 
         144  1 0.2220 0.3157 0.2322 0.2301 
         145  1 0.2662 0.1942 0.2491 0.2904 
         146  1 0.2683 0.2123 0.2894 0.2299 
         147  1 0.2629 0.2352 0.2420 0.2599 
         148  1 0.2143 0.3301 0.2356 0.2200 
         149  1 0.2451 0.2690 0.2320 0.2540 
         150  1 0.2420 0.2763 0.2451 0.2366 
         151  1 0.2372 0.2933 0.2383 0.2312 
         152  1 0.2456 0.2682 0.2575 0.2287 
         153  1 0.2266 0.3054 0.2272 0.2408 
         154  1 0.2447 0.2702 0.2454 0.2397 
         155  1 0.2701 0.2156 0.2646 0.2497 
         156  1 0.2805 0.1943 0.2384 0.2869 
         157  1 0.2817 0.1917 0.2802 0.2464 
         158  1 0.2564 0.2311 0.2756 0.2368 
         159  1 0.2489 0.2245 0.2247 0.3019 
         160  1 0.2553 0.2374 0.2803 0.2271 
         161  1 0.2670 0.2389 0.2592 0.2349 
         162  1 0.2429 0.2952 0.2410 0.2209 
         163  1 0.2704 0.2378 0.2686 0.2232 
         164  1 0.2515 0.2657 0.2467 0.2361 
         165  1 0.2451 0.2718 0.2562 0.2270 
         166  1 0.2549 0.2308 0.2702 0.2441 
         167  1 0.2628 0.2409 0.2281 0.2682 
         168  1 0.2661 0.2033 0.2972 0.2334 
         169  1 0.2294 0.2717 0.2314 0.2675 
         170  1 0.2785 0.2110 0.2450 0.2655 
         171  1 0.2469 0.2356 0.2600 0.2574 
         172  1 0.2742 0.2055 0.3245 0.1958 
         173  1 0.2553 0.2225 0.2560 0.2662 
         174  1 0.2502 0.2284 0.2631 0.2583 
         175  1 0.2723 0.2175 0.2539 0.2563 
         176  1 0.2686 0.2270 0.2644 0.2400 
         177  1 0.2136 0.3506 0.2188 0.2170 
         178  1 0.2397 0.2309 0.2539 0.2754 
         179  1 0.2595 0.2294 0.2484 0.2627 
         180  1 0.2411 0.2821 0.2213 0.2555 
         181  1 0.2216 0.3038 0.2084 0.2662 
         182  1 0.2631 0.2353 0.2650 0.2367 
         183  1 0.2589 0.2244 0.2477 0.2690 
         184  1 0.2610 0.2321 0.2615 0.2453 
         185  1 0.2138 0.2872 0.2451 0.2539 
         186  1 0.2703 0.2347 0.2154 0.2796 
         187  1 0.2666 0.2276 0.2417 0.2641 
         188  1 0.2472 0.2564 0.2479 0.2485 
         189  1 0.2608 0.2379 0.2364 0.2650 
         190  1 0.2409 0.2235 0.2540 0.2815 
         191  1 0.2555 0.2596 0.2286 0.2563 
         192  1 0.2665 0.2320 0.2432 0.2583 
         193  1 0.2745 0.1916 0.2622 0.2718 
         194  1 0.2444 0.2315 0.2555 0.2686 
         195  1 0.2449 0.2580 0.2331 0.2639 
         196  1 0.2459 0.2375 0.2453 0.2713 
         197  1 0.2303 0.2625 0.2439 0.2632 
         198  1 0.2360 0.2832 0.2588 0.2219 
         199  1 0.2342 0.2732 0.2423 0.2503 
         200  1 0.2389 0.2847 0.2546 0.2217 
         201  1 0.2813 0.1887 0.2953 0.2347 
         202  1 0.2166 0.3251 0.2489 0.2094 
         203  1 0.2373 0.2881 0.2571 0.2175 
         204  1 0.2592 0.2193 0.2939 0.2275 
         205  1 0.2474 0.2524 0.2402 0.2600 
         206  1 0.2645 0.2167 0.2744 0.2444 
         207  1 0.2889 0.1882 0.2348 0.2881 
         208  1 0.2588 0.2209 0.2697 0.2506 
         209  1 0.2852 0.1909 0.2292 0.2947 
         210  1 0.2515 0.2414 0.2699 0.2372 
         211  1 0.2193 0.3055 0.2562 0.2190 
         212  1 0.2750 0.2182 0.2767 0.2300 
         213  1 0.2726 0.1990 0.2716 0.2569 
         214  1 0.2580 0.2192 0.2661 0.2568 
         215  1 0.2536 0.2301 0.2479 0.2685 
         216  1 0.2585 0.2329 0.2563 0.2523 
         217  1 0.2430 0.2652 0.2301 0.2617 
         218  1 0.2538 0.2310 0.2524 0.2628 
         219  1 0.2280 0.3155 0.2368 0.2197 
         220  1 0.2515 0.2509 0.2704 0.2272 
         221  1 0.2627 0.2196 0.2496 0.2680 
         222  1 0.2420 0.2556 0.2245 0.2779 
         223  1 0.2544 0.2208 0.2432 0.2815 
         224  1 0.2330 0.3035 0.2492 0.2143 
         225  1 0.2878 0.1804 0.2246 0.3071 
         226  1 0.2750 0.2063 0.2477 0.2709 
         227  1 0.2561 0.2314 0.2709 0.2416 
         228  1 0.2648 0.2234 0.2835 0.2283 
         229  1 0.2467 0.2397 0.2534 0.2601 
         230  1 0.2538 0.2420 0.2634 0.2408 
         231  1 0.2484 0.2613 0.2387 0.2515 
         232  1 0.2386 0.2976 0.2392 0.2246 
         233  1 0.2704 0.2122 0.3137 0.2037 
         234  1 0.2722 0.2089 0.2657 0.2533 
         235  1 0.2641 0.2025 0.2536 0.2798 
         236  1 0.2359 0.2833 0.2390 0.2418 
         237  1 0.2669 0.2289 0.2748 0.2294 
         238  1 0.2473 0.2252 0.2521 0.2753 
         239  1 0.2647 0.2049 0.2575 0.2729 
         240  1 0.2688 0.2228 0.2421 0.2663 
         241  1 0.2706 0.2257 0.2747 0.2290 
         242  1 0.2426 0.2438 0.2387 0.2749 
         243  1 0.2489 0.2669 0.2668 0.2174 
         244  1 0.2718 0.2140 0.2480 0.2663 
         245  1 0.2548 0.2109 0.2731 0.2612 
         246  1 0.2426 0.2451 0.2657 0.2466 
         247  1 0.2475 0.2020 0.2446 0.3059 
         248  1 0.2525 0.2522 0.2213 0.2740 
         249  1 0.2685 0.1958 0.2340 0.3017 
         250  1 0.2789 0.1954 0.2402 0.2855 
         251  1 0.2507 0.2595 0.2306 0.2592 
         252  1 0.2523 0.2421 0.2273 0.2784 
         253  1 0.2412 0.2522 0.2507 0.2559 
         254  1 0.2325 0.3178 0.2016 0.2481 
         255  1 0.2102 0.3852 0.1803 0.2242 
         256  1 0.2344 0.2791 0.2124 0.2741 
         257  1 0.2462 0.2494 0.2302 0.2741 
         258  1 0.2121 0.3343 0.2205 0.2331 
         259  1 0.2673 0.2070 0.2673 0.2585 
         260  1 0.2320 0.3099 0.2238 0.2344 
         261  1 0.2221 0.3210 0.2300 0.2269 
         262  1 0.2395 0.2179 0.2817 0.2610 
         263  1 0.2791 0.2038 0.2374 0.2797 
         264  1 0.2323 0.2745 0.2428 0.2503 
         265  1 0.2005 0.3455 0.2141 0.2399 
         266  1 0.2465 0.2666 0.2399 0.2469 
         267  1 0.2229 0.3134 0.2380 0.2256 
         268  1 0.2499 0.2237 0.2578 0.2686 
         269  1 0.2435 0.2771 0.2483 0.2312 
         270  1 0.2253 0.3077 0.2251 0.2419 
         271  1 0.2214 0.2705 0.2399 0.2682 
         272  1 0.2421 0.2504 0.2652 0.2424 
         273  1 0.2450 0.2038 0.2571 0.2941 
         274  1 0.2363 0.2912 0.2383 0.2342 
         275  1 0.2464 0.2800 0.2657 0.2079 
         276  1 0.2348 0.2981 0.2273 0.2398 
         277  1 0.2336 0.3009 0.2268 0.2387 
         278  1 0.2304 0.2766 0.2119 0.2811 
         279  1 0.2426 0.2491 0.2558 0.2525 
         280  1 0.2337 0.3124 0.2544 0.1995 
         281  1 0.2490 0.2505 0.2864 0.2142 
         282  1 0.2359 0.2606 0.2197 0.2838 
         283  1 0.2213 0.3332 0.2441 0.2014 
         284  1 0.2425 0.2222 0.2457 0.2895 
         285  1 0.2288 0.3110 0.2209 0.2392 
         286  1 0.2414 0.2369 0.2594 0.2623 
         287  1 0.2364 0.2883 0.2304 0.2448 
         288  1 0.2419 0.2824 0.2659 0.2098 
         289  1 0.2467 0.2515 0.2323 0.2695 
         290  1 0.2292 0.3128 0.2513 0.2067 
         291  1 0.2170 0.3036 0.2428 0.2367 
         292  1 0.2285 0.2635 0.2528 0.2552 
         293  1 0.2190 0.3155 0.2224 0.2431 
         294  1 0.2009 0.3596 0.2086 0.2309 
         295  1 0.2371 0.2708 0.2354 0.2568 
         296  1 0.2500 0.2417 0.2604 0.2479 
         297  1 0.2005 0.3287 0.2262 0.2446 
         298  1 0.2516 0.2265 0.2358 0.2862 
         299  1 0.2555 0.2439 0.2617 0.2389 
         300  1 0.2225 0.2881 0.2393 0.2501 
         301  1 0.1982 0.3828 0.1962 0.2229 
         302  1 0.2625 0.2288 0.2805 0.2282 
         303  1 0.2217 0.3213 0.2540 0.2030 
         304  1 0.2607 0.2466 0.2621 0.2306 
         305  1 0.2312 0.2875 0.2536 0.2278 
         306  1 0.2361 0.2768 0.2486 0.2384 
         307  1 0.2545 0.2358 0.2496 0.2602 
         308  1 0.1989 0.3726 0.2202 0.2083 
         309  1 0.2848 0.1820 0.2844 0.2488 
         310  1 0.2747 0.1948 0.2372 0.2933 
         311  1 0.2357 0.2990 0.2175 0.2478 
         312  1 0.2358 0.3030 0.2324 0.2288 
         313  1 0.2488 0.2667 0.2479 0.2366 
         314  1 0.2262 0.2893 0.2593 0.2253 
         315  1 0.2609 0.2377 0.2284 0.2729 
         316  1 0.2676 0.2363 0.2378 0.2583 
         317  1 0.2526 0.2710 0.2429 0.2335 
         318  1 0.2742 0.2216 0.2267 0.2775 
         319  1 0.2253 0.3233 0.2402 0.2112 
         320  1 0.2546 0.2466 0.2329 0.2659 
         321  1 0.2777 0.2110 0.2471 0.2642 
         322  1 0.2147 0.3543 0.2051 0.2259 
         323  1 0.2573 0.2454 0.2701 0.2272 
         324  1 0.2468 0.2410 0.2292 0.2831 
         325  1 0.2423 0.2754 0.2446 0.2377 
         326  1 0.2638 0.2258 0.2354 0.2751 
         327  1 0.2586 0.2335 0.2425 0.2655 
         328  1 0.2429 0.2788 0.2294 0.2488 
         329  1 0.2547 0.2686 0.2319 0.2449 
         330  1 0.2475 0.2535 0.2412 0.2578 
         331  1 0.2567 0.2300 0.2484 0.2649 
         332  1 0.2702 0.2162 0.2442 0.2693 
         333  1 0.2414 0.2637 0.2466 0.2483 
         334  1 0.2402 0.2526 0.2478 0.2595 
         335  1 0.2233 0.3242 0.2184 0.2342 
         336  1 0.2252 0.2790 0.2630 0.2329 
         337  1 0.2384 0.2706 0.2510 0.2400 
         338  1 0.2495 0.2689 0.2607 0.2210 
         339  1 0.2388 0.2475 0.2690 0.2447 
         340  1 0.2493 0.2182 0.2636 0.2689 
         341  1 0.2457 0.2636 0.2523 0.2385 
         342  1 0.2273 0.3010 0.2519 0.2198 
         343  1 0.2652 0.2106 0.2631 0.2610 
         344  1 0.2390 0.2513 0.2382 0.2714 
         345  1 0.2562 0.2136 0.2494 0.2808 
         346  1 0.2690 0.2045 0.2675 0.2589 
         347  1 0.2556 0.2540 0.2648 0.2255 
