           1  1 0.1129 0.1171 0.1410 0.1140 0.0991 0.1306 0.1448 0.1405 
           2  1 0.1246 0.1262 0.1279 0.1211 0.1315 0.1271 0.1244 0.1172 
           3  1 0.1368 0.1349 0.1214 0.1231 0.1268 0.1301 0.1174 0.1094 
           4  1 0.1339 0.1326 0.1229 0.1290 0.1439 0.1127 0.1284 0.0967 
           5  1 0.1347 0.1151 0.1220 0.1443 0.1122 0.1277 0.1174 0.1266 
           6  1 0.1179 0.1243 0.1276 0.1201 0.1488 0.1184 0.1198 0.1230 
           7  1 0.1169 0.1156 0.1256 0.1305 0.1099 0.1261 0.1286 0.1468 
           8  1 0.1273 0.1099 0.1375 0.1487 0.1055 0.1247 0.1220 0.1244 
           9  1 0.1225 0.1186 0.1336 0.1266 0.1029 0.1229 0.1331 0.1398 
          10  1 0.1262 0.1158 0.1372 0.1375 0.1128 0.1307 0.1222 0.1176 
          11  1 0.1350 0.1401 0.1181 0.1160 0.1111 0.1333 0.1190 0.1275 
          12  1 0.1218 0.1194 0.1258 0.1220 0.1050 0.1264 0.1275 0.1522 
          13  1 0.1191 0.1193 0.1119 0.1366 0.1121 0.1287 0.1148 0.1575 
          14  1 0.1246 0.1282 0.1226 0.1271 0.1380 0.1206 0.1264 0.1125 
          15  1 0.1145 0.1121 0.1312 0.1254 0.1069 0.1310 0.1294 0.1495 
          16  1 0.1177 0.1167 0.1259 0.1321 0.1056 0.1281 0.1287 0.1451 
          17  1 0.1415 0.1431 0.1088 0.1040 0.1511 0.1337 0.1211 0.0966 
          18  1 0.1288 0.1290 0.1244 0.1193 0.1158 0.1316 0.1263 0.1249 
          19  1 0.1218 0.1267 0.1259 0.1265 0.1127 0.1331 0.1238 0.1295 
          20  1 0.1259 0.1350 0.1331 0.1032 0.0976 0.1302 0.1354 0.1397 
          21  1 0.1102 0.1147 0.1340 0.1116 0.0913 0.1281 0.1514 0.1587 
          22  1 0.1086 0.1155 0.1365 0.1099 0.1112 0.1265 0.1498 0.1419 
          23  1 0.1282 0.1220 0.1226 0.1203 0.1321 0.1270 0.1243 0.1235 
          24  1 0.1278 0.1280 0.1183 0.1245 0.1420 0.1227 0.1155 0.1212 
          25  1 0.1144 0.1284 0.1311 0.1111 0.1346 0.1247 0.1317 0.1239 
          26  1 0.1339 0.1417 0.1127 0.1121 0.1169 0.1335 0.1150 0.1343 
          27  1 0.1236 0.1203 0.1125 0.1338 0.1115 0.1288 0.1229 0.1467 
          28  1 0.1134 0.1223 0.1310 0.1191 0.1081 0.1217 0.1475 0.1369 
          29  1 0.1462 0.1503 0.1093 0.1106 0.1219 0.1416 0.1114 0.1087 
          30  1 0.1211 0.1199 0.1205 0.1269 0.1136 0.1330 0.1310 0.1341 
          31  1 0.1224 0.1225 0.1164 0.1381 0.1343 0.1288 0.1123 0.1253 
          32  1 0.1203 0.1207 0.1316 0.1281 0.1214 0.1255 0.1210 0.1315 
          33  1 0.1126 0.1174 0.1373 0.1130 0.0997 0.1287 0.1454 0.1458 
          34  1 0.1292 0.1275 0.1251 0.1146 0.1108 0.1286 0.1295 0.1346 
          35  1 0.1263 0.1209 0.1278 0.1233 0.1141 0.1264 0.1233 0.1379 
          36  1 0.1157 0.1140 0.1342 0.1357 0.1155 0.1217 0.1230 0.1401 
          37  1 0.1544 0.1523 0.1046 0.1234 0.1139 0.1353 0.1072 0.1088 
          38  1 0.1554 0.1484 0.1171 0.1226 0.1095 0.1392 0.1021 0.1058 
          39  1 0.1052 0.1089 0.1483 0.1087 0.0819 0.1189 0.1650 0.1630 
          40  1 0.1002 0.1047 0.1523 0.1011 0.0710 0.1176 0.1778 0.1753 
          41  1 0.1330 0.1213 0.1235 0.1139 0.0994 0.1264 0.1394 0.1431 
          42  1 0.1178 0.1157 0.1186 0.1355 0.1124 0.1260 0.1240 0.1500 
          43  1 0.1287 0.1354 0.1238 0.1200 0.1309 0.1307 0.1151 0.1153 
          44  1 0.1217 0.1120 0.1460 0.1405 0.1240 0.1258 0.1162 0.1138 
          45  1 0.1266 0.1193 0.1256 0.1261 0.1240 0.1248 0.1251 0.1285 
          46  1 0.1118 0.1105 0.1352 0.1311 0.1163 0.1222 0.1248 0.1481 
          47  1 0.1060 0.1110 0.1345 0.1356 0.1098 0.1292 0.1261 0.1477 
          48  1 0.1286 0.1237 0.1269 0.1388 0.1261 0.1270 0.1209 0.1079 
          49  1 0.1608 0.1616 0.0949 0.1052 0.1193 0.1449 0.1094 0.1039 
          50  1 0.1479 0.1467 0.1149 0.1296 0.1109 0.1327 0.1053 0.1120 
          51  1 0.1531 0.1491 0.1093 0.1203 0.1081 0.1371 0.1094 0.1137 
          52  1 0.1303 0.1256 0.1174 0.1382 0.1130 0.1283 0.1135 0.1338 
          53  1 0.1255 0.1280 0.1229 0.1082 0.1047 0.1318 0.1405 0.1383 
          54  1 0.1138 0.1134 0.1357 0.1375 0.1199 0.1228 0.1241 0.1327 
          55  1 0.1056 0.1206 0.1399 0.1296 0.1247 0.1217 0.1214 0.1364 
          56  1 0.1246 0.1287 0.1145 0.1232 0.1161 0.1288 0.1256 0.1386 
          57  1 0.1124 0.1213 0.1368 0.1109 0.0885 0.1274 0.1563 0.1464 
          58  1 0.1395 0.1310 0.1181 0.1188 0.1275 0.1305 0.1196 0.1150 
          59  1 0.1310 0.1422 0.1287 0.1217 0.1370 0.1254 0.1042 0.1099 
          60  1 0.0997 0.1072 0.1558 0.0977 0.0809 0.1184 0.1714 0.1689 
          61  1 0.1141 0.1142 0.1325 0.1185 0.0989 0.1306 0.1478 0.1435 
          62  1 0.1148 0.1078 0.1358 0.1486 0.1255 0.1199 0.1267 0.1209 
          63  1 0.1247 0.1216 0.1218 0.1481 0.1067 0.1287 0.1128 0.1356 
          64  1 0.1104 0.1143 0.1485 0.1093 0.1037 0.1210 0.1478 0.1450 
          65  1 0.1166 0.1165 0.1399 0.1252 0.1186 0.1234 0.1263 0.1335 
          66  1 0.1214 0.1229 0.1095 0.1294 0.1019 0.1365 0.1301 0.1483 
          67  1 0.1226 0.1048 0.1268 0.1591 0.1043 0.1233 0.1151 0.1440 
          68  1 0.1225 0.1160 0.1319 0.1419 0.1389 0.1212 0.1182 0.1095 
          69  1 0.1350 0.1058 0.1377 0.1307 0.1120 0.1196 0.1235 0.1356 
          70  1 0.1205 0.1277 0.1272 0.1261 0.1215 0.1288 0.1293 0.1189 
          71  1 0.1180 0.1279 0.1353 0.1062 0.1134 0.1264 0.1400 0.1328 
          72  1 0.1356 0.1288 0.1161 0.1277 0.1194 0.1339 0.1197 0.1188 
          73  1 0.1402 0.1422 0.1063 0.1142 0.1238 0.1407 0.1140 0.1187 
          74  1 0.1154 0.1131 0.1333 0.1201 0.0879 0.1259 0.1489 0.1553 
          75  1 0.1304 0.1298 0.1219 0.1298 0.1199 0.1269 0.1169 0.1244 
          76  1 0.1108 0.1147 0.1443 0.1121 0.0926 0.1260 0.1510 0.1486 
          77  1 0.1269 0.1151 0.1359 0.1372 0.1182 0.1315 0.1202 0.1150 
          78  1 0.1210 0.1175 0.1258 0.1330 0.1204 0.1253 0.1247 0.1323 
          79  1 0.0965 0.1110 0.1481 0.1022 0.0878 0.1195 0.1730 0.1620 
          80  1 0.1294 0.1273 0.1151 0.1266 0.1313 0.1270 0.1254 0.1179 
          81  1 0.1384 0.1233 0.1206 0.1246 0.1165 0.1297 0.1224 0.1245 
          82  1 0.1261 0.1234 0.1169 0.1267 0.1139 0.1309 0.1239 0.1383 
          83  1 0.1262 0.1265 0.1270 0.1175 0.1178 0.1351 0.1274 0.1224 
          84  1 0.1185 0.1130 0.1247 0.1462 0.1261 0.1212 0.1215 0.1288 
          85  1 0.1308 0.1351 0.1102 0.1237 0.1114 0.1355 0.1284 0.1250 
          86  1 0.1231 0.1298 0.1271 0.1180 0.1403 0.1201 0.1278 0.1137 
          87  1 0.1470 0.1610 0.1099 0.1074 0.1322 0.1288 0.1169 0.0968 
          88  1 0.0971 0.1020 0.1589 0.1355 0.1218 0.1132 0.1312 0.1403 
          89  1 0.1429 0.1279 0.1212 0.1315 0.1024 0.1343 0.1191 0.1207 
          90  1 0.1243 0.1133 0.1409 0.1350 0.1282 0.1240 0.1245 0.1097 
          91  1 0.1277 0.1211 0.1353 0.1347 0.1166 0.1279 0.1136 0.1230 
          92  1 0.1251 0.1200 0.1353 0.1291 0.1014 0.1263 0.1353 0.1275 
          93  1 0.1246 0.1170 0.1327 0.1330 0.1195 0.1265 0.1209 0.1257 
          94  1 0.1229 0.1083 0.1483 0.1317 0.1012 0.1209 0.1330 0.1337 
          95  1 0.1141 0.1113 0.1247 0.1436 0.1116 0.1260 0.1241 0.1446 
          96  1 0.1250 0.1232 0.1205 0.1302 0.1121 0.1340 0.1234 0.1317 
          97  1 0.1344 0.1377 0.1159 0.1220 0.1377 0.1228 0.1268 0.1028 
          98  1 0.1391 0.1186 0.1283 0.1328 0.1133 0.1304 0.1151 0.1224 
          99  1 0.1269 0.1271 0.1196 0.1282 0.1190 0.1294 0.1185 0.1313 
         100  1 0.1090 0.1215 0.1260 0.1313 0.1297 0.1170 0.1231 0.1425 
         101  1 0.1228 0.1236 0.1159 0.1343 0.1264 0.1210 0.1256 0.1304 
         102  1 0.1268 0.1250 0.1194 0.1241 0.1599 0.1217 0.1241 0.0990 
         103  1 0.1193 0.1121 0.1374 0.1374 0.1276 0.1194 0.1191 0.1277 
         104  1 0.1123 0.1145 0.1437 0.1298 0.1321 0.1195 0.1218 0.1263 
         105  1 0.1404 0.1298 0.1167 0.1292 0.1144 0.1344 0.1169 0.1183 
         106  1 0.1321 0.1250 0.1170 0.1276 0.1186 0.1281 0.1163 0.1354 
         107  1 0.1159 0.1217 0.1282 0.1293 0.1292 0.1223 0.1216 0.1318 
         108  1 0.1141 0.1178 0.1319 0.1352 0.1343 0.1238 0.1209 0.1219 
         109  1 0.1203 0.1178 0.1208 0.1274 0.1172 0.1303 0.1252 0.1408 
         110  1 0.1297 0.1113 0.1309 0.1290 0.1163 0.1244 0.1268 0.1318 
         111  1 0.1335 0.1368 0.1179 0.1202 0.1395 0.1252 0.1110 0.1160 
         112  1 0.1267 0.1338 0.1187 0.1154 0.1177 0.1295 0.1297 0.1285 
         113  1 0.1105 0.1122 0.1273 0.1160 0.0948 0.1275 0.1482 0.1636 
         114  1 0.1263 0.1173 0.1267 0.1336 0.1130 0.1268 0.1259 0.1305 
         115  1 0.1169 0.1093 0.1376 0.1329 0.1364 0.1188 0.1215 0.1265 
         116  1 0.1240 0.1215 0.1284 0.1337 0.1450 0.1212 0.1137 0.1125 
         117  1 0.1245 0.1308 0.1159 0.1250 0.1190 0.1281 0.1260 0.1305 
         118  1 0.1379 0.1274 0.1314 0.1369 0.1156 0.1278 0.1099 0.1131 
         119  1 0.1345 0.1300 0.1170 0.1197 0.1298 0.1299 0.1137 0.1255 
         120  1 0.1420 0.1253 0.1259 0.1257 0.1365 0.1287 0.1086 0.1073 
         121  1 0.1289 0.1249 0.1209 0.1303 0.1114 0.1344 0.1176 0.1315 
         122  1 0.1079 0.1086 0.1477 0.1177 0.0977 0.1234 0.1431 0.1539 
         123  1 0.1203 0.1301 0.1363 0.1054 0.1066 0.1284 0.1388 0.1342 
         124  1 0.1012 0.1101 0.1519 0.1052 0.1006 0.1144 0.1613 0.1553 
         125  1 0.1205 0.1238 0.1384 0.1156 0.1183 0.1199 0.1289 0.1346 
         126  1 0.1014 0.1119 0.1421 0.1123 0.0916 0.1256 0.1580 0.1571 
         127  1 0.1237 0.1015 0.1379 0.1591 0.1078 0.1234 0.1175 0.1292 
         128  1 0.1446 0.1355 0.1084 0.1172 0.1211 0.1381 0.1203 0.1148 
         129  1 0.1243 0.1228 0.1337 0.1134 0.1103 0.1289 0.1330 0.1336 
         130  1 0.1100 0.1157 0.1350 0.1406 0.1188 0.1213 0.1211 0.1375 
         131  1 0.1129 0.1236 0.1249 0.1255 0.1783 0.1113 0.1240 0.0995 
         132  1 0.1319 0.1354 0.1260 0.1238 0.1219 0.1279 0.1155 0.1177 
         133  1 0.0994 0.1135 0.1431 0.1217 0.1046 0.1246 0.1395 0.1536 
         134  1 0.1108 0.1220 0.1319 0.1140 0.1062 0.1277 0.1429 0.1446 
         135  1 0.1750 0.1717 0.0894 0.1002 0.1116 0.1369 0.1032 0.1120 
         136  1 0.1042 0.1085 0.1416 0.1523 0.1398 0.1155 0.1267 0.1114 
         137  1 0.1140 0.1061 0.1405 0.1530 0.1134 0.1235 0.1192 0.1302 
         138  1 0.1200 0.1197 0.1313 0.1338 0.1471 0.1189 0.1176 0.1115 
         139  1 0.1433 0.1290 0.1310 0.1245 0.1154 0.1315 0.1151 0.1102 
         140  1 0.1022 0.1111 0.1451 0.1265 0.1083 0.1245 0.1429 0.1393 
         141  1 0.1190 0.1174 0.1228 0.1405 0.1207 0.1144 0.1216 0.1436 
         142  1 0.1284 0.1268 0.1194 0.1352 0.1381 0.1239 0.1200 0.1082 
         143  1 0.1335 0.1418 0.1123 0.1189 0.1157 0.1357 0.1145 0.1276 
         144  1 0.1444 0.1415 0.1157 0.1128 0.1427 0.1293 0.1127 0.1009 
         145  1 0.1108 0.1096 0.1396 0.1474 0.1159 0.1211 0.1144 0.1411 
         146  1 0.1097 0.1131 0.1391 0.1132 0.0963 0.1215 0.1485 0.1586 
         147  1 0.1254 0.1201 0.1235 0.1385 0.1208 0.1289 0.1165 0.1262 
         148  1 0.1571 0.1420 0.1082 0.1171 0.1162 0.1356 0.1088 0.1150 
         149  1 0.1398 0.1149 0.1332 0.1312 0.1163 0.1237 0.1189 0.1221 
         150  1 0.1426 0.1360 0.1160 0.1154 0.1187 0.1322 0.1230 0.1161 
         151  1 0.1551 0.1591 0.1000 0.1066 0.1249 0.1337 0.1108 0.1098 
         152  1 0.1228 0.1335 0.1207 0.1165 0.1290 0.1326 0.1218 0.1230 
         153  1 0.1484 0.1457 0.1141 0.1155 0.1275 0.1351 0.1082 0.1055 
         154  1 0.1381 0.1325 0.1196 0.1199 0.1255 0.1351 0.1149 0.1143 
         155  1 0.1251 0.1220 0.1228 0.1263 0.1250 0.1238 0.1333 0.1215 
         156  1 0.1201 0.1036 0.1478 0.1545 0.1153 0.1232 0.1207 0.1148 
         157  1 0.1107 0.1144 0.1295 0.1217 0.1069 0.1249 0.1489 0.1430 
         158  1 0.1245 0.1296 0.1215 0.1164 0.1154 0.1272 0.1345 0.1308 
         159  1 0.1142 0.1062 0.1243 0.1344 0.1138 0.1203 0.1225 0.1643 
         160  1 0.1217 0.1191 0.1366 0.1178 0.1133 0.1258 0.1319 0.1339 
         161  1 0.1290 0.1223 0.1252 0.1234 0.1116 0.1312 0.1273 0.1299 
         162  1 0.1555 0.1566 0.1097 0.1007 0.1175 0.1314 0.1202 0.1084 
         163  1 0.1217 0.1231 0.1240 0.1103 0.1073 0.1272 0.1405 0.1459 
         164  1 0.1378 0.1312 0.1106 0.1203 0.1146 0.1421 0.1209 0.1223 
         165  1 0.1318 0.1390 0.1221 0.1154 0.1170 0.1274 0.1307 0.1166 
         166  1 0.1107 0.1179 0.1358 0.1266 0.1099 0.1203 0.1308 0.1481 
         167  1 0.1390 0.1185 0.1247 0.1408 0.1225 0.1231 0.1227 0.1088 
         168  1 0.1109 0.1136 0.1417 0.1081 0.1005 0.1242 0.1502 0.1508 
         169  1 0.1317 0.1380 0.1214 0.1310 0.1307 0.1297 0.1008 0.1166 
         170  1 0.1153 0.1141 0.1206 0.1426 0.1072 0.1281 0.1280 0.1441 
         171  1 0.1219 0.1233 0.1253 0.1331 0.1196 0.1251 0.1170 0.1348 
         172  1 0.0965 0.1036 0.1582 0.0937 0.0720 0.1134 0.1799 0.1828 
         173  1 0.1200 0.1168 0.1308 0.1291 0.1372 0.1172 0.1293 0.1195 
         174  1 0.1118 0.1316 0.1246 0.1253 0.1451 0.1202 0.1243 0.1171 
         175  1 0.1270 0.1195 0.1278 0.1264 0.1134 0.1289 0.1298 0.1271 
         176  1 0.1239 0.1238 0.1118 0.1193 0.1076 0.1334 0.1336 0.1466 
         177  1 0.1484 0.1436 0.1135 0.1082 0.1558 0.1274 0.1107 0.0923 
         178  1 0.1084 0.1148 0.1168 0.1416 0.1159 0.1184 0.1212 0.1628 
         179  1 0.1228 0.1231 0.1312 0.1276 0.1203 0.1329 0.1145 0.1276 
         180  1 0.1227 0.1297 0.1181 0.1278 0.1474 0.1197 0.1162 0.1184 
         181  1 0.1381 0.1362 0.1041 0.1340 0.1155 0.1329 0.1076 0.1316 
         182  1 0.1253 0.1210 0.1264 0.1240 0.1167 0.1289 0.1273 0.1304 
         183  1 0.1215 0.1253 0.1210 0.1305 0.1276 0.1218 0.1244 0.1278 
         184  1 0.1219 0.1251 0.1262 0.1222 0.1179 0.1226 0.1377 0.1264 
         185  1 0.1354 0.1084 0.1416 0.1319 0.1304 0.1148 0.1108 0.1267 
         186  1 0.1341 0.1129 0.1417 0.1445 0.1164 0.1225 0.1164 0.1116 
         187  1 0.1297 0.1185 0.1280 0.1336 0.1271 0.1295 0.1201 0.1135 
         188  1 0.1364 0.1307 0.1151 0.1229 0.1259 0.1384 0.1177 0.1128 
         189  1 0.1372 0.1345 0.1201 0.1284 0.1142 0.1300 0.1163 0.1192 
         190  1 0.1117 0.1159 0.1230 0.1334 0.1187 0.1175 0.1231 0.1567 
         191  1 0.1348 0.1251 0.1202 0.1385 0.1183 0.1257 0.1185 0.1189 
         192  1 0.1206 0.1241 0.1193 0.1344 0.1338 0.1220 0.1297 0.1161 
         193  1 0.1135 0.1082 0.1438 0.1348 0.1157 0.1237 0.1244 0.1359 
         194  1 0.1237 0.1220 0.1263 0.1263 0.1165 0.1251 0.1213 0.1387 
         195  1 0.1076 0.1252 0.1195 0.1290 0.1716 0.1058 0.1320 0.1094 
         196  1 0.1231 0.1259 0.1231 0.1279 0.1280 0.1325 0.1126 0.1270 
         197  1 0.1307 0.1396 0.1162 0.1188 0.1341 0.1286 0.1087 0.1233 
         198  1 0.1393 0.1355 0.1107 0.1166 0.1211 0.1294 0.1255 0.1219 
         199  1 0.1121 0.1213 0.1284 0.1241 0.1797 0.1069 0.1308 0.0967 
         200  1 0.1316 0.1314 0.1343 0.1078 0.1130 0.1283 0.1297 0.1239 
         201  1 0.1022 0.1081 0.1362 0.1161 0.0921 0.1256 0.1575 0.1623 
         202  1 0.1269 0.1302 0.1160 0.1069 0.1774 0.1203 0.1226 0.0996 
         203  1 0.1447 0.1427 0.1135 0.1092 0.1183 0.1277 0.1248 0.1190 
         204  1 0.1046 0.1212 0.1364 0.1123 0.1164 0.1244 0.1455 0.1391 
         205  1 0.1259 0.1281 0.1113 0.1275 0.1174 0.1263 0.1191 0.1443 
         206  1 0.1187 0.1226 0.1349 0.1202 0.1148 0.1271 0.1339 0.1279 
         207  1 0.1145 0.1067 0.1351 0.1506 0.1166 0.1310 0.1184 0.1271 
         208  1 0.1097 0.1153 0.1255 0.1302 0.1084 0.1191 0.1311 0.1606 
         209  1 0.1249 0.1036 0.1474 0.1449 0.1104 0.1339 0.1150 0.1199 
         210  1 0.1246 0.1232 0.1239 0.1208 0.1170 0.1234 0.1284 0.1388 
         211  1 0.1378 0.1362 0.1196 0.1204 0.1300 0.1308 0.1155 0.1096 
         212  1 0.1173 0.1129 0.1348 0.1220 0.1015 0.1247 0.1398 0.1471 
         213  1 0.1053 0.1129 0.1353 0.1272 0.0977 0.1201 0.1393 0.1624 
         214  1 0.1117 0.1152 0.1426 0.1258 0.1393 0.1232 0.1162 0.1260 
         215  1 0.1210 0.1210 0.1217 0.1273 0.1082 0.1270 0.1255 0.1482 
         216  1 0.1287 0.1272 0.1203 0.1227 0.1171 0.1358 0.1256 0.1225 
         217  1 0.1352 0.1252 0.1122 0.1242 0.1179 0.1305 0.1172 0.1377 
         218  1 0.1208 0.1127 0.1238 0.1253 0.1127 0.1308 0.1230 0.1507 
         219  1 0.1347 0.1335 0.1056 0.1305 0.1402 0.1276 0.1241 0.1038 
         220  1 0.1255 0.1189 0.1249 0.1116 0.1019 0.1280 0.1376 0.1516 
         221  1 0.1209 0.1209 0.1298 0.1354 0.1160 0.1300 0.1179 0.1290 
         222  1 0.1264 0.1224 0.1269 0.1271 0.1175 0.1298 0.1171 0.1329 
         223  1 0.1176 0.1164 0.1213 0.1364 0.1178 0.1272 0.1210 0.1423 
         224  1 0.1454 0.1403 0.1043 0.1147 0.1109 0.1365 0.1183 0.1296 
         225  1 0.1109 0.0961 0.1440 0.1627 0.1136 0.1195 0.1261 0.1271 
         226  1 0.1186 0.1185 0.1271 0.1367 0.1181 0.1293 0.1190 0.1329 
         227  1 0.1247 0.1255 0.1239 0.1171 0.1030 0.1292 0.1345 0.1420 
         228  1 0.1154 0.1230 0.1350 0.1101 0.1116 0.1209 0.1418 0.1422 
         229  1 0.1210 0.1247 0.1234 0.1251 0.1241 0.1325 0.1192 0.1300 
         230  1 0.1298 0.1266 0.1113 0.1185 0.1135 0.1368 0.1220 0.1414 
         231  1 0.1302 0.1348 0.1156 0.1187 0.1481 0.1242 0.1261 0.1023 
         232  1 0.1414 0.1363 0.1096 0.1137 0.1231 0.1363 0.1163 0.1232 
         233  1 0.1040 0.1145 0.1479 0.1010 0.0869 0.1247 0.1603 0.1607 
         234  1 0.1127 0.1176 0.1246 0.1311 0.1139 0.1292 0.1304 0.1406 
         235  1 0.1115 0.1165 0.1408 0.1355 0.1307 0.1195 0.1228 0.1227 
         236  1 0.1365 0.1496 0.1152 0.1116 0.1444 0.1274 0.1130 0.1023 
         237  1 0.1092 0.1210 0.1430 0.1062 0.1030 0.1166 0.1542 0.1467 
         238  1 0.1130 0.1163 0.1233 0.1258 0.1108 0.1201 0.1285 0.1622 
         239  1 0.1167 0.1194 0.1296 0.1316 0.1158 0.1267 0.1259 0.1342 
         240  1 0.1150 0.1235 0.1224 0.1305 0.1558 0.1123 0.1330 0.1074 
         241  1 0.1237 0.1264 0.1219 0.1159 0.1042 0.1316 0.1369 0.1394 
         242  1 0.1263 0.1273 0.1211 0.1259 0.1206 0.1255 0.1121 0.1411 
         243  1 0.1333 0.1411 0.1287 0.1043 0.1046 0.1308 0.1286 0.1286 
         244  1 0.1185 0.1197 0.1250 0.1252 0.1365 0.1241 0.1292 0.1219 
         245  1 0.1123 0.1183 0.1335 0.1277 0.1128 0.1228 0.1244 0.1481 
         246  1 0.1215 0.1234 0.1285 0.1296 0.1198 0.1248 0.1168 0.1356 
         247  1 0.1011 0.1042 0.1494 0.1446 0.1409 0.1089 0.1193 0.1316 
         248  1 0.1351 0.1275 0.1298 0.1339 0.1236 0.1271 0.1137 0.1093 
         249  1 0.1030 0.1005 0.1313 0.1517 0.1098 0.1170 0.1255 0.1611 
         250  1 0.1074 0.1097 0.1194 0.1473 0.1111 0.1217 0.1279 0.1555 
         251  1 0.1257 0.1408 0.1121 0.1266 0.1299 0.1213 0.1197 0.1239 
         252  1 0.1223 0.1235 0.1226 0.1301 0.1336 0.1245 0.1225 0.1210 
         253  1 0.1211 0.1323 0.1193 0.1247 0.1278 0.1250 0.1264 0.1235 
         254  1 0.1442 0.1519 0.1085 0.1224 0.1319 0.1326 0.1051 0.1035 
         255  1 0.1447 0.1516 0.1044 0.1124 0.1775 0.1154 0.1171 0.0769 
         256  1 0.1140 0.1149 0.1183 0.1533 0.1574 0.1074 0.1286 0.1061 
         257  1 0.1078 0.1217 0.1200 0.1359 0.1723 0.1035 0.1417 0.0970 
         258  1 0.1305 0.1412 0.1190 0.1134 0.1701 0.1156 0.1176 0.0926 
         259  1 0.1211 0.1196 0.1264 0.1293 0.1258 0.1276 0.1238 0.1265 
         260  1 0.1397 0.1480 0.1107 0.1129 0.1289 0.1367 0.1141 0.1090 
         261  1 0.0914 0.1281 0.1288 0.1189 0.2332 0.0841 0.1489 0.0666 
         262  1 0.1134 0.1120 0.1410 0.1300 0.1396 0.1113 0.1250 0.1276 
         263  1 0.1228 0.1193 0.1299 0.1327 0.1206 0.1291 0.1250 0.1206 
         264  1 0.1226 0.1275 0.1178 0.1199 0.1578 0.1153 0.1313 0.1078 
         265  1 0.1125 0.1250 0.1224 0.1195 0.2024 0.1007 0.1314 0.0861 
         266  1 0.1303 0.1246 0.1252 0.1261 0.1278 0.1219 0.1225 0.1215 
         267  1 0.1349 0.1290 0.1240 0.1245 0.1269 0.1236 0.1193 0.1177 
         268  1 0.1186 0.1210 0.1249 0.1297 0.1401 0.1244 0.1161 0.1253 
         269  1 0.1162 0.1251 0.1251 0.1161 0.1666 0.1168 0.1305 0.1037 
         270  1 0.1343 0.1347 0.1122 0.1142 0.1632 0.1191 0.1263 0.0960 
         271  1 0.1241 0.1273 0.1179 0.1305 0.1581 0.1168 0.1184 0.1068 
         272  1 0.1101 0.1238 0.1245 0.1191 0.1563 0.1109 0.1337 0.1216 
         273  1 0.1115 0.1062 0.1456 0.1375 0.1230 0.1183 0.1249 0.1330 
         274  1 0.1175 0.1295 0.1215 0.1272 0.1682 0.1174 0.1187 0.1001 
         275  1 0.1144 0.1297 0.1225 0.1095 0.1627 0.1124 0.1400 0.1088 
         276  1 0.1280 0.1290 0.1213 0.1304 0.1445 0.1100 0.1387 0.0981 
         277  1 0.1390 0.1235 0.1228 0.1307 0.1329 0.1193 0.1176 0.1142 
         278  1 0.1168 0.1112 0.1089 0.1614 0.1260 0.1216 0.1147 0.1394 
         279  1 0.1035 0.1197 0.1291 0.1253 0.1710 0.1049 0.1441 0.1023 
         280  1 0.1460 0.1507 0.1063 0.1023 0.1122 0.1361 0.1338 0.1125 
         281  1 0.1176 0.1170 0.1241 0.1169 0.1093 0.1208 0.1418 0.1525 
         282  1 0.1292 0.1232 0.1328 0.1301 0.1405 0.1201 0.1117 0.1124 
         283  1 0.1170 0.1336 0.1218 0.1095 0.1605 0.1116 0.1429 0.1030 
         284  1 0.1261 0.1165 0.1440 0.1293 0.1313 0.1239 0.1092 0.1197 
         285  1 0.1348 0.1377 0.1180 0.1172 0.1535 0.1220 0.1162 0.1008 
         286  1 0.1085 0.1196 0.1205 0.1311 0.1576 0.1098 0.1321 0.1207 
         287  1 0.1365 0.1487 0.1058 0.1144 0.1498 0.1225 0.1236 0.0986 
         288  1 0.1207 0.1283 0.1244 0.1103 0.1337 0.1233 0.1345 0.1248 
         289  1 0.1232 0.1260 0.1238 0.1285 0.1498 0.1206 0.1174 0.1106 
         290  1 0.1548 0.1769 0.0984 0.0961 0.1137 0.1385 0.1166 0.1052 
         291  1 0.1073 0.1320 0.1199 0.1152 0.2089 0.0972 0.1387 0.0808 
         292  1 0.1160 0.1110 0.1411 0.1237 0.1771 0.1117 0.1121 0.1072 
         293  1 0.1045 0.1248 0.1250 0.1217 0.2197 0.0878 0.1415 0.0750 
         294  1 0.1402 0.1440 0.1106 0.1084 0.1777 0.1142 0.1197 0.0852 
         295  1 0.1082 0.1222 0.1202 0.1240 0.2014 0.1028 0.1332 0.0880 
         296  1 0.1273 0.1289 0.1217 0.1158 0.1289 0.1343 0.1258 0.1172 
         297  1 0.1067 0.1258 0.1308 0.1211 0.2177 0.0921 0.1247 0.0811 
         298  1 0.1233 0.1171 0.1381 0.1358 0.1204 0.1238 0.1118 0.1298 
         299  1 0.1299 0.1241 0.1216 0.1227 0.1167 0.1319 0.1238 0.1292 
         300  1 0.1141 0.1255 0.1223 0.1219 0.1916 0.1066 0.1244 0.0936 
         301  1 0.1306 0.1438 0.1131 0.1098 0.1954 0.1115 0.1183 0.0776 
         302  1 0.1108 0.1210 0.1240 0.1149 0.1140 0.1303 0.1431 0.1419 
         303  1 0.1042 0.1264 0.1229 0.1110 0.2020 0.0984 0.1486 0.0866 
         304  1 0.1151 0.1238 0.1199 0.1198 0.1213 0.1244 0.1403 0.1353 
         305  1 0.1327 0.1255 0.1171 0.1309 0.1277 0.1273 0.1197 0.1191 
         306  1 0.1326 0.1365 0.1097 0.1166 0.1267 0.1303 0.1237 0.1239 
         307  1 0.1212 0.1229 0.1248 0.1279 0.1457 0.1187 0.1256 0.1132 
         308  1 0.1542 0.1299 0.1136 0.1262 0.1298 0.1209 0.1149 0.1104 
         309  1 0.1052 0.1095 0.1499 0.1229 0.0991 0.1241 0.1450 0.1443 
         310  1 0.1076 0.1038 0.1455 0.1546 0.1185 0.1236 0.1240 0.1223 
         311  1 0.1530 0.1469 0.1021 0.1170 0.1223 0.1432 0.1071 0.1084 
         312  1 0.1368 0.1405 0.1028 0.1250 0.1169 0.1386 0.1164 0.1229 
         313  1 0.1433 0.1358 0.1238 0.1125 0.1118 0.1338 0.1195 0.1194 
         314  1 0.1226 0.1337 0.1332 0.1124 0.1412 0.1219 0.1240 0.1111 
         315  1 0.1172 0.1199 0.1303 0.1414 0.1255 0.1230 0.1228 0.1200 
         316  1 0.1270 0.1178 0.1357 0.1311 0.1083 0.1329 0.1219 0.1253 
         317  1 0.1390 0.1374 0.1106 0.1109 0.1323 0.1322 0.1226 0.1150 
         318  1 0.1250 0.1116 0.1376 0.1407 0.1255 0.1254 0.1210 0.1131 
         319  1 0.1448 0.1440 0.1057 0.1229 0.1148 0.1366 0.1148 0.1164 
         320  1 0.1280 0.1242 0.1244 0.1350 0.1245 0.1291 0.1143 0.1205 
         321  1 0.1212 0.1142 0.1427 0.1353 0.1048 0.1231 0.1296 0.1292 
         322  1 0.1726 0.1649 0.0966 0.1002 0.1206 0.1442 0.1015 0.0994 
         323  1 0.1235 0.1251 0.1323 0.1217 0.1038 0.1291 0.1386 0.1260 
         324  1 0.1250 0.1116 0.1287 0.1454 0.1122 0.1280 0.1162 0.1330 
         325  1 0.1539 0.1473 0.1112 0.1093 0.1208 0.1403 0.1111 0.1061 
         326  1 0.1307 0.1102 0.1447 0.1477 0.1176 0.1150 0.1225 0.1116 
         327  1 0.1218 0.1186 0.1297 0.1303 0.1426 0.1265 0.1161 0.1143 
         328  1 0.1358 0.1314 0.1210 0.1211 0.1478 0.1281 0.1184 0.0963 
         329  1 0.1409 0.1394 0.1147 0.1239 0.1196 0.1343 0.1146 0.1127 
         330  1 0.1373 0.1247 0.1203 0.1316 0.1286 0.1212 0.1260 0.1102 
         331  1 0.1288 0.1233 0.1261 0.1295 0.1242 0.1277 0.1244 0.1160 
         332  1 0.1211 0.1179 0.1335 0.1341 0.1210 0.1257 0.1223 0.1244 
         333  1 0.1453 0.1476 0.1102 0.1130 0.1279 0.1345 0.1128 0.1087 
         334  1 0.1316 0.1292 0.1198 0.1250 0.1167 0.1292 0.1149 0.1336 
         335  1 0.1569 0.1426 0.1110 0.1245 0.1243 0.1312 0.1097 0.0998 
         336  1 0.1333 0.1348 0.1136 0.1205 0.1174 0.1314 0.1192 0.1299 
         337  1 0.1208 0.1261 0.1026 0.1309 0.1079 0.1269 0.1209 0.1639 
         338  1 0.1317 0.1315 0.1178 0.1135 0.1316 0.1322 0.1306 0.1110 
         339  1 0.1226 0.1269 0.1296 0.1216 0.1185 0.1248 0.1307 0.1253 
         340  1 0.1070 0.1154 0.1425 0.1308 0.1330 0.1170 0.1131 0.1413 
         341  1 0.1347 0.1319 0.1147 0.1198 0.1248 0.1328 0.1150 0.1262 
         342  1 0.1463 0.1517 0.1088 0.1127 0.1173 0.1352 0.1154 0.1127 
         343  1 0.1215 0.1193 0.1272 0.1297 0.1332 0.1162 0.1355 0.1174 
         344  1 0.1193 0.1207 0.1284 0.1314 0.1607 0.1181 0.1104 0.1109 
         345  1 0.1161 0.1201 0.1326 0.1334 0.1188 0.1208 0.1236 0.1346 
         346  1 0.1145 0.1157 0.1317 0.1283 0.1125 0.1298 0.1225 0.1450 
         347  1 0.1223 0.1316 0.1219 0.1064 0.1046 0.1263 0.1363 0.1507 
