           1  1 0.1714 0.1836 0.1818 0.1478 0.1808 0.1346 
           2  1 0.1624 0.1673 0.1631 0.1681 0.1702 0.1689 
           3  1 0.1716 0.1617 0.1609 0.1696 0.1567 0.1796 
           4  1 0.1712 0.1551 0.1535 0.1699 0.1647 0.1856 
           5  1 0.1769 0.1622 0.1662 0.1737 0.1531 0.1680 
           6  1 0.1669 0.1636 0.1624 0.1763 0.1639 0.1670 
           7  1 0.1672 0.1726 0.1793 0.1723 0.1703 0.1383 
           8  1 0.1945 0.1607 0.1623 0.1792 0.1472 0.1562 
           9  1 0.1685 0.1746 0.1721 0.1600 0.1725 0.1522 
          10  1 0.1771 0.1663 0.1731 0.1671 0.1610 0.1554 
          11  1 0.1655 0.1679 0.1616 0.1590 0.1624 0.1836 
          12  1 0.1616 0.1749 0.1756 0.1621 0.1694 0.1563 
          13  1 0.1686 0.1653 0.1630 0.1855 0.1507 0.1668 
          14  1 0.1699 0.1694 0.1631 0.1710 0.1683 0.1582 
          15  1 0.1656 0.1781 0.1770 0.1675 0.1721 0.1398 
          16  1 0.1718 0.1783 0.1700 0.1643 0.1697 0.1459 
          17  1 0.1748 0.1471 0.1390 0.1562 0.1551 0.2277 
          18  1 0.1682 0.1711 0.1691 0.1615 0.1686 0.1615 
          19  1 0.1618 0.1764 0.1717 0.1606 0.1747 0.1548 
          20  1 0.1524 0.1768 0.1785 0.1397 0.1815 0.1711 
          21  1 0.1564 0.1837 0.1843 0.1433 0.1922 0.1401 
          22  1 0.1576 0.1842 0.1808 0.1472 0.1877 0.1424 
          23  1 0.1619 0.1709 0.1685 0.1658 0.1694 0.1635 
          24  1 0.1636 0.1607 0.1620 0.1770 0.1639 0.1728 
          25  1 0.1603 0.1683 0.1673 0.1675 0.1746 0.1618 
          26  1 0.1686 0.1636 0.1617 0.1652 0.1520 0.1889 
          27  1 0.1711 0.1784 0.1691 0.1664 0.1673 0.1477 
          28  1 0.1574 0.1873 0.1729 0.1525 0.1896 0.1404 
          29  1 0.1596 0.1655 0.1572 0.1571 0.1547 0.2060 
          30  1 0.1698 0.1694 0.1769 0.1668 0.1688 0.1483 
          31  1 0.1661 0.1592 0.1637 0.1797 0.1591 0.1722 
          32  1 0.1617 0.1671 0.1753 0.1728 0.1718 0.1513 
          33  1 0.1647 0.1762 0.1803 0.1521 0.1819 0.1450 
          34  1 0.1683 0.1690 0.1642 0.1521 0.1716 0.1748 
          35  1 0.1683 0.1812 0.1698 0.1649 0.1676 0.1481 
          36  1 0.1717 0.1732 0.1724 0.1773 0.1655 0.1398 
          37  1 0.1694 0.1532 0.1534 0.1625 0.1459 0.2156 
          38  1 0.1779 0.1495 0.1557 0.1625 0.1376 0.2168 
          39  1 0.1559 0.1892 0.1865 0.1324 0.2026 0.1333 
          40  1 0.1512 0.1979 0.1926 0.1207 0.2141 0.1235 
          41  1 0.1584 0.1784 0.1737 0.1425 0.1813 0.1656 
          42  1 0.1640 0.1705 0.1707 0.1796 0.1590 0.1562 
          43  1 0.1604 0.1629 0.1655 0.1647 0.1579 0.1887 
          44  1 0.1859 0.1564 0.1732 0.1824 0.1471 0.1551 
          45  1 0.1644 0.1681 0.1596 0.1732 0.1677 0.1670 
          46  1 0.1667 0.1675 0.1790 0.1889 0.1587 0.1393 
          47  1 0.1664 0.1714 0.1834 0.1748 0.1684 0.1356 
          48  1 0.1814 0.1538 0.1628 0.1728 0.1559 0.1733 
          49  1 0.1646 0.1526 0.1490 0.1412 0.1452 0.2474 
          50  1 0.1675 0.1576 0.1575 0.1627 0.1512 0.2035 
          51  1 0.1709 0.1531 0.1570 0.1562 0.1480 0.2148 
          52  1 0.1740 0.1653 0.1571 0.1758 0.1555 0.1722 
          53  1 0.1622 0.1759 0.1702 0.1429 0.1840 0.1648 
          54  1 0.1654 0.1719 0.1762 0.1805 0.1655 0.1404 
          55  1 0.1606 0.1747 0.1755 0.1795 0.1671 0.1427 
          56  1 0.1674 0.1726 0.1634 0.1657 0.1667 0.1642 
          57  1 0.1594 0.1812 0.1790 0.1315 0.1897 0.1593 
          58  1 0.1746 0.1678 0.1539 0.1675 0.1583 0.1779 
          59  1 0.1637 0.1520 0.1587 0.1807 0.1488 0.1960 
          60  1 0.1560 0.1911 0.1867 0.1294 0.2027 0.1341 
          61  1 0.1594 0.1861 0.1797 0.1447 0.1890 0.1412 
          62  1 0.1761 0.1640 0.1757 0.1797 0.1645 0.1399 
          63  1 0.1712 0.1568 0.1649 0.1811 0.1523 0.1736 
          64  1 0.1578 0.1832 0.1791 0.1540 0.1839 0.1419 
          65  1 0.1695 0.1719 0.1750 0.1668 0.1688 0.1480 
          66  1 0.1599 0.1784 0.1690 0.1487 0.1831 0.1610 
          67  1 0.1879 0.1587 0.1617 0.1849 0.1505 0.1563 
          68  1 0.1717 0.1574 0.1687 0.1813 0.1679 0.1530 
          69  1 0.1734 0.1648 0.1748 0.1751 0.1588 0.1531 
          70  1 0.1686 0.1600 0.1698 0.1694 0.1674 0.1647 
          71  1 0.1668 0.1707 0.1684 0.1490 0.1761 0.1690 
          72  1 0.1687 0.1636 0.1585 0.1670 0.1616 0.1806 
          73  1 0.1619 0.1703 0.1507 0.1563 0.1573 0.2035 
          74  1 0.1568 0.1798 0.1812 0.1469 0.1859 0.1494 
          75  1 0.1702 0.1658 0.1614 0.1731 0.1640 0.1655 
          76  1 0.1628 0.1809 0.1889 0.1428 0.1887 0.1359 
          77  1 0.1796 0.1620 0.1710 0.1747 0.1578 0.1548 
          78  1 0.1760 0.1624 0.1678 0.1818 0.1587 0.1533 
          79  1 0.1516 0.1882 0.1917 0.1364 0.2084 0.1237 
          80  1 0.1697 0.1672 0.1603 0.1692 0.1700 0.1636 
          81  1 0.1651 0.1657 0.1666 0.1648 0.1688 0.1690 
          82  1 0.1586 0.1747 0.1655 0.1671 0.1691 0.1651 
          83  1 0.1732 0.1645 0.1707 0.1601 0.1655 0.1659 
          84  1 0.1740 0.1666 0.1678 0.1833 0.1639 0.1444 
          85  1 0.1647 0.1699 0.1599 0.1517 0.1664 0.1874 
          86  1 0.1715 0.1575 0.1624 0.1608 0.1679 0.1799 
          87  1 0.1667 0.1470 0.1506 0.1526 0.1543 0.2288 
          88  1 0.1654 0.1728 0.1864 0.1873 0.1641 0.1239 
          89  1 0.1818 0.1612 0.1547 0.1540 0.1559 0.1924 
          90  1 0.1749 0.1715 0.1693 0.1733 0.1663 0.1447 
          91  1 0.1812 0.1653 0.1724 0.1750 0.1557 0.1503 
          92  1 0.1672 0.1677 0.1702 0.1462 0.1701 0.1785 
          93  1 0.1727 0.1685 0.1733 0.1765 0.1616 0.1475 
          94  1 0.1793 0.1734 0.1810 0.1602 0.1680 0.1382 
          95  1 0.1657 0.1731 0.1778 0.1796 0.1635 0.1403 
          96  1 0.1697 0.1735 0.1702 0.1710 0.1582 0.1574 
          97  1 0.1654 0.1581 0.1609 0.1581 0.1691 0.1885 
          98  1 0.1788 0.1682 0.1644 0.1693 0.1595 0.1599 
          99  1 0.1698 0.1706 0.1666 0.1658 0.1641 0.1632 
         100  1 0.1577 0.1737 0.1747 0.1826 0.1677 0.1436 
         101  1 0.1657 0.1644 0.1656 0.1823 0.1635 0.1585 
         102  1 0.1649 0.1617 0.1581 0.1659 0.1730 0.1763 
         103  1 0.1718 0.1623 0.1753 0.1874 0.1573 0.1459 
         104  1 0.1690 0.1708 0.1732 0.1789 0.1673 0.1407 
         105  1 0.1725 0.1658 0.1655 0.1639 0.1568 0.1753 
         106  1 0.1787 0.1592 0.1681 0.1758 0.1466 0.1717 
         107  1 0.1661 0.1677 0.1687 0.1832 0.1603 0.1541 
         108  1 0.1641 0.1714 0.1697 0.1732 0.1723 0.1493 
         109  1 0.1685 0.1772 0.1715 0.1710 0.1640 0.1479 
         110  1 0.1693 0.1721 0.1697 0.1624 0.1738 0.1527 
         111  1 0.1640 0.1565 0.1585 0.1776 0.1563 0.1871 
         112  1 0.1621 0.1701 0.1619 0.1550 0.1716 0.1792 
         113  1 0.1514 0.1898 0.1817 0.1480 0.1926 0.1366 
         114  1 0.1727 0.1748 0.1712 0.1634 0.1707 0.1473 
         115  1 0.1657 0.1681 0.1678 0.1811 0.1628 0.1545 
         116  1 0.1644 0.1674 0.1628 0.1769 0.1638 0.1648 
         117  1 0.1650 0.1747 0.1647 0.1547 0.1770 0.1639 
         118  1 0.1816 0.1558 0.1654 0.1772 0.1480 0.1720 
         119  1 0.1650 0.1605 0.1641 0.1804 0.1540 0.1760 
         120  1 0.1735 0.1533 0.1645 0.1740 0.1476 0.1869 
         121  1 0.1701 0.1689 0.1727 0.1717 0.1576 0.1589 
         122  1 0.1636 0.1837 0.1860 0.1559 0.1825 0.1284 
         123  1 0.1541 0.1746 0.1749 0.1459 0.1812 0.1693 
         124  1 0.1455 0.1898 0.1838 0.1507 0.2008 0.1294 
         125  1 0.1566 0.1677 0.1741 0.1714 0.1725 0.1577 
         126  1 0.1572 0.1878 0.1895 0.1333 0.2027 0.1293 
         127  1 0.1863 0.1604 0.1651 0.1866 0.1515 0.1502 
         128  1 0.1634 0.1653 0.1518 0.1566 0.1673 0.1956 
         129  1 0.1629 0.1727 0.1761 0.1561 0.1779 0.1543 
         130  1 0.1603 0.1741 0.1756 0.1707 0.1759 0.1435 
         131  1 0.1657 0.1591 0.1611 0.1763 0.1685 0.1693 
         132  1 0.1696 0.1631 0.1666 0.1671 0.1562 0.1774 
         133  1 0.1552 0.1859 0.1873 0.1629 0.1821 0.1266 
         134  1 0.1547 0.1814 0.1772 0.1517 0.1914 0.1436 
         135  1 0.1536 0.1484 0.1503 0.1400 0.1457 0.2620 
         136  1 0.1712 0.1633 0.1765 0.1913 0.1678 0.1301 
         137  1 0.1819 0.1703 0.1755 0.1825 0.1578 0.1320 
         138  1 0.1731 0.1569 0.1673 0.1863 0.1597 0.1566 
         139  1 0.1866 0.1623 0.1614 0.1606 0.1515 0.1777 
         140  1 0.1625 0.1775 0.1864 0.1662 0.1832 0.1242 
         141  1 0.1706 0.1682 0.1687 0.1839 0.1573 0.1514 
         142  1 0.1680 0.1623 0.1615 0.1692 0.1653 0.1738 
         143  1 0.1591 0.1611 0.1661 0.1694 0.1546 0.1897 
         144  1 0.1646 0.1534 0.1522 0.1650 0.1551 0.2098 
         145  1 0.1674 0.1706 0.1811 0.1927 0.1576 0.1305 
         146  1 0.1570 0.1868 0.1798 0.1476 0.1890 0.1397 
         147  1 0.1679 0.1714 0.1669 0.1796 0.1590 0.1553 
         148  1 0.1643 0.1583 0.1480 0.1592 0.1481 0.2221 
         149  1 0.1783 0.1574 0.1604 0.1731 0.1549 0.1759 
         150  1 0.1735 0.1670 0.1523 0.1625 0.1585 0.1863 
         151  1 0.1609 0.1600 0.1529 0.1557 0.1570 0.2135 
         152  1 0.1626 0.1687 0.1670 0.1623 0.1675 0.1719 
         153  1 0.1668 0.1549 0.1518 0.1674 0.1519 0.2072 
         154  1 0.1675 0.1634 0.1608 0.1646 0.1572 0.1865 
         155  1 0.1692 0.1766 0.1664 0.1642 0.1746 0.1489 
         156  1 0.1823 0.1671 0.1812 0.1802 0.1582 0.1310 
         157  1 0.1637 0.1788 0.1830 0.1500 0.1941 0.1304 
         158  1 0.1589 0.1748 0.1680 0.1607 0.1811 0.1565 
         159  1 0.1666 0.1669 0.1759 0.1932 0.1522 0.1452 
         160  1 0.1601 0.1733 0.1780 0.1606 0.1720 0.1559 
         161  1 0.1667 0.1711 0.1727 0.1555 0.1750 0.1590 
         162  1 0.1629 0.1594 0.1577 0.1473 0.1581 0.2146 
         163  1 0.1639 0.1843 0.1692 0.1461 0.1793 0.1571 
         164  1 0.1704 0.1608 0.1665 0.1612 0.1624 0.1787 
         165  1 0.1609 0.1595 0.1639 0.1549 0.1753 0.1855 
         166  1 0.1619 0.1730 0.1779 0.1702 0.1696 0.1475 
         167  1 0.1757 0.1649 0.1643 0.1663 0.1685 0.1603 
         168  1 0.1529 0.1879 0.1834 0.1495 0.1911 0.1352 
         169  1 0.1666 0.1586 0.1600 0.1758 0.1505 0.1886 
         170  1 0.1690 0.1762 0.1761 0.1684 0.1716 0.1386 
         171  1 0.1603 0.1713 0.1689 0.1782 0.1653 0.1561 
         172  1 0.1446 0.1967 0.1937 0.1239 0.2153 0.1258 
         173  1 0.1644 0.1703 0.1690 0.1719 0.1744 0.1500 
         174  1 0.1622 0.1697 0.1701 0.1708 0.1723 0.1550 
         175  1 0.1697 0.1701 0.1743 0.1649 0.1738 0.1473 
         176  1 0.1623 0.1787 0.1747 0.1551 0.1759 0.1533 
         177  1 0.1695 0.1507 0.1448 0.1624 0.1493 0.2233 
         178  1 0.1567 0.1772 0.1672 0.1820 0.1674 0.1494 
         179  1 0.1700 0.1678 0.1747 0.1738 0.1591 0.1547 
         180  1 0.1687 0.1612 0.1566 0.1718 0.1605 0.1813 
         181  1 0.1702 0.1579 0.1545 0.1777 0.1442 0.1954 
         182  1 0.1646 0.1758 0.1711 0.1597 0.1771 0.1516 
         183  1 0.1662 0.1689 0.1710 0.1650 0.1693 0.1595 
         184  1 0.1665 0.1693 0.1733 0.1519 0.1841 0.1548 
         185  1 0.1693 0.1561 0.1603 0.1890 0.1529 0.1724 
         186  1 0.1911 0.1620 0.1657 0.1724 0.1541 0.1548 
         187  1 0.1759 0.1656 0.1666 0.1693 0.1633 0.1592 
         188  1 0.1689 0.1631 0.1646 0.1619 0.1648 0.1767 
         189  1 0.1691 0.1612 0.1697 0.1629 0.1618 0.1753 
         190  1 0.1586 0.1746 0.1730 0.1800 0.1662 0.1477 
         191  1 0.1747 0.1629 0.1608 0.1684 0.1634 0.1698 
         192  1 0.1697 0.1645 0.1634 0.1708 0.1767 0.1550 
         193  1 0.1729 0.1779 0.1784 0.1740 0.1633 0.1335 
         194  1 0.1620 0.1695 0.1733 0.1757 0.1659 0.1537 
         195  1 0.1632 0.1610 0.1569 0.1809 0.1720 0.1660 
         196  1 0.1636 0.1659 0.1719 0.1780 0.1599 0.1606 
         197  1 0.1602 0.1635 0.1630 0.1731 0.1575 0.1827 
         198  1 0.1600 0.1703 0.1582 0.1566 0.1658 0.1891 
         199  1 0.1646 0.1576 0.1600 0.1704 0.1712 0.1761 
         200  1 0.1672 0.1602 0.1624 0.1505 0.1682 0.1915 
         201  1 0.1499 0.1901 0.1906 0.1472 0.1974 0.1247 
         202  1 0.1654 0.1549 0.1521 0.1568 0.1656 0.2052 
         203  1 0.1654 0.1644 0.1606 0.1577 0.1628 0.1891 
         204  1 0.1536 0.1784 0.1815 0.1521 0.1932 0.1412 
         205  1 0.1637 0.1696 0.1630 0.1706 0.1665 0.1666 
         206  1 0.1641 0.1765 0.1731 0.1583 0.1817 0.1463 
         207  1 0.1841 0.1651 0.1800 0.1822 0.1579 0.1308 
         208  1 0.1606 0.1811 0.1730 0.1671 0.1723 0.1459 
         209  1 0.1883 0.1669 0.1789 0.1826 0.1514 0.1318 
         210  1 0.1613 0.1719 0.1661 0.1626 0.1794 0.1588 
         211  1 0.1657 0.1582 0.1592 0.1650 0.1585 0.1933 
         212  1 0.1623 0.1866 0.1761 0.1507 0.1819 0.1424 
         213  1 0.1624 0.1809 0.1834 0.1571 0.1839 0.1323 
         214  1 0.1648 0.1703 0.1778 0.1825 0.1616 0.1429 
         215  1 0.1637 0.1714 0.1736 0.1695 0.1641 0.1577 
         216  1 0.1701 0.1684 0.1719 0.1640 0.1662 0.1594 
         217  1 0.1754 0.1682 0.1577 0.1709 0.1526 0.1751 
         218  1 0.1666 0.1754 0.1767 0.1730 0.1579 0.1504 
         219  1 0.1670 0.1568 0.1482 0.1589 0.1630 0.2061 
         220  1 0.1582 0.1768 0.1742 0.1500 0.1808 0.1600 
         221  1 0.1653 0.1675 0.1761 0.1765 0.1589 0.1557 
         222  1 0.1784 0.1595 0.1625 0.1784 0.1511 0.1700 
         223  1 0.1655 0.1670 0.1729 0.1787 0.1671 0.1488 
         224  1 0.1548 0.1676 0.1574 0.1484 0.1655 0.2065 
         225  1 0.1850 0.1640 0.1808 0.1908 0.1585 0.1208 
         226  1 0.1721 0.1715 0.1772 0.1732 0.1623 0.1437 
         227  1 0.1646 0.1753 0.1756 0.1553 0.1732 0.1559 
         228  1 0.1580 0.1781 0.1757 0.1534 0.1845 0.1503 
         229  1 0.1659 0.1663 0.1724 0.1785 0.1594 0.1574 
         230  1 0.1617 0.1752 0.1685 0.1603 0.1690 0.1654 
         231  1 0.1696 0.1598 0.1554 0.1677 0.1696 0.1779 
         232  1 0.1682 0.1642 0.1618 0.1594 0.1565 0.1900 
         233  1 0.1500 0.1914 0.1828 0.1331 0.2057 0.1369 
         234  1 0.1630 0.1756 0.1781 0.1658 0.1777 0.1398 
         235  1 0.1669 0.1670 0.1755 0.1827 0.1659 0.1420 
         236  1 0.1606 0.1549 0.1605 0.1671 0.1550 0.2018 
         237  1 0.1617 0.1736 0.1796 0.1497 0.1867 0.1487 
         238  1 0.1624 0.1721 0.1751 0.1757 0.1674 0.1472 
         239  1 0.1695 0.1733 0.1759 0.1712 0.1674 0.1425 
         240  1 0.1710 0.1669 0.1629 0.1747 0.1711 0.1533 
         241  1 0.1616 0.1822 0.1750 0.1474 0.1835 0.1502 
         242  1 0.1621 0.1659 0.1714 0.1721 0.1541 0.1744 
         243  1 0.1607 0.1698 0.1734 0.1440 0.1692 0.1828 
         244  1 0.1684 0.1725 0.1740 0.1672 0.1693 0.1485 
         245  1 0.1598 0.1765 0.1768 0.1792 0.1658 0.1420 
         246  1 0.1629 0.1675 0.1681 0.1738 0.1646 0.1631 
         247  1 0.1643 0.1642 0.1815 0.1938 0.1633 0.1329 
         248  1 0.1801 0.1544 0.1644 0.1789 0.1514 0.1709 
         249  1 0.1724 0.1693 0.1774 0.1964 0.1581 0.1265 
         250  1 0.1743 0.1766 0.1749 0.1786 0.1642 0.1315 
         251  1 0.1642 0.1597 0.1603 0.1715 0.1598 0.1846 
         252  1 0.1741 0.1607 0.1661 0.1798 0.1597 0.1595 
         253  1 0.1581 0.1677 0.1634 0.1701 0.1703 0.1704 
         254  1 0.1720 0.1458 0.1509 0.1751 0.1467 0.2095 
         255  1 0.1668 0.1354 0.1368 0.1618 0.1478 0.2514 
         256  1 0.1715 0.1508 0.1542 0.1879 0.1704 0.1651 
         257  1 0.1656 0.1585 0.1602 0.1792 0.1792 0.1573 
         258  1 0.1666 0.1443 0.1481 0.1759 0.1558 0.2092 
         259  1 0.1603 0.1788 0.1725 0.1659 0.1776 0.1449 
         260  1 0.1682 0.1513 0.1569 0.1695 0.1488 0.2053 
         261  1 0.1648 0.1447 0.1417 0.1767 0.1855 0.1866 
         262  1 0.1589 0.1758 0.1650 0.1737 0.1765 0.1501 
         263  1 0.1815 0.1623 0.1765 0.1722 0.1634 0.1442 
         264  1 0.1607 0.1605 0.1635 0.1663 0.1711 0.1780 
         265  1 0.1622 0.1437 0.1450 0.1783 0.1679 0.2029 
         266  1 0.1647 0.1616 0.1635 0.1684 0.1672 0.1745 
         267  1 0.1703 0.1544 0.1562 0.1716 0.1588 0.1887 
         268  1 0.1642 0.1696 0.1694 0.1813 0.1635 0.1520 
         269  1 0.1667 0.1573 0.1581 0.1705 0.1746 0.1728 
         270  1 0.1667 0.1541 0.1446 0.1704 0.1652 0.1989 
         271  1 0.1631 0.1593 0.1567 0.1778 0.1667 0.1763 
         272  1 0.1574 0.1688 0.1652 0.1691 0.1768 0.1627 
         273  1 0.1699 0.1683 0.1773 0.1872 0.1610 0.1362 
         274  1 0.1646 0.1582 0.1560 0.1776 0.1628 0.1807 
         275  1 0.1600 0.1689 0.1554 0.1548 0.1872 0.1737 
         276  1 0.1723 0.1563 0.1520 0.1633 0.1720 0.1842 
         277  1 0.1714 0.1527 0.1532 0.1754 0.1607 0.1866 
         278  1 0.1686 0.1585 0.1568 0.1903 0.1613 0.1646 
         279  1 0.1617 0.1611 0.1645 0.1693 0.1863 0.1570 
         280  1 0.1581 0.1631 0.1580 0.1386 0.1719 0.2103 
         281  1 0.1513 0.1841 0.1721 0.1508 0.1838 0.1579 
         282  1 0.1785 0.1516 0.1625 0.1824 0.1535 0.1717 
         283  1 0.1619 0.1565 0.1518 0.1492 0.1766 0.2039 
         284  1 0.1729 0.1660 0.1711 0.1847 0.1541 0.1512 
         285  1 0.1733 0.1520 0.1520 0.1655 0.1600 0.1972 
         286  1 0.1566 0.1654 0.1614 0.1777 0.1820 0.1568 
         287  1 0.1598 0.1562 0.1531 0.1645 0.1631 0.2034 
         288  1 0.1582 0.1678 0.1657 0.1574 0.1765 0.1743 
         289  1 0.1667 0.1604 0.1600 0.1792 0.1662 0.1675 
         290  1 0.1533 0.1599 0.1512 0.1365 0.1619 0.2372 
         291  1 0.1620 0.1507 0.1429 0.1776 0.1787 0.1882 
         292  1 0.1645 0.1566 0.1642 0.1820 0.1647 0.1680 
         293  1 0.1640 0.1457 0.1463 0.1803 0.1774 0.1863 
         294  1 0.1679 0.1443 0.1397 0.1685 0.1577 0.2219 
         295  1 0.1663 0.1539 0.1539 0.1776 0.1750 0.1733 
         296  1 0.1671 0.1670 0.1670 0.1675 0.1654 0.1660 
         297  1 0.1645 0.1440 0.1480 0.1817 0.1693 0.1924 
         298  1 0.1729 0.1617 0.1695 0.1904 0.1540 0.1514 
         299  1 0.1651 0.1704 0.1631 0.1617 0.1742 0.1655 
         300  1 0.1615 0.1546 0.1559 0.1784 0.1693 0.1803 
         301  1 0.1626 0.1339 0.1407 0.1658 0.1530 0.2440 
         302  1 0.1542 0.1784 0.1775 0.1529 0.1866 0.1502 
         303  1 0.1580 0.1593 0.1483 0.1534 0.1888 0.1921 
         304  1 0.1611 0.1760 0.1702 0.1580 0.1823 0.1523 
         305  1 0.1677 0.1631 0.1569 0.1684 0.1634 0.1805 
         306  1 0.1647 0.1678 0.1577 0.1680 0.1617 0.1799 
         307  1 0.1671 0.1674 0.1606 0.1795 0.1679 0.1574 
         308  1 0.1692 0.1471 0.1423 0.1677 0.1539 0.2198 
         309  1 0.1688 0.1779 0.1888 0.1527 0.1874 0.1244 
         310  1 0.1777 0.1645 0.1826 0.1849 0.1581 0.1322 
         311  1 0.1680 0.1572 0.1568 0.1599 0.1481 0.2100 
         312  1 0.1712 0.1588 0.1556 0.1634 0.1507 0.2003 
         313  1 0.1742 0.1667 0.1603 0.1529 0.1590 0.1869 
         314  1 0.1674 0.1601 0.1619 0.1657 0.1657 0.1792 
         315  1 0.1842 0.1597 0.1630 0.1730 0.1612 0.1589 
         316  1 0.1833 0.1670 0.1705 0.1659 0.1552 0.1581 
         317  1 0.1681 0.1663 0.1606 0.1531 0.1686 0.1834 
         318  1 0.1799 0.1629 0.1696 0.1834 0.1546 0.1497 
         319  1 0.1709 0.1622 0.1472 0.1544 0.1579 0.2073 
         320  1 0.1750 0.1591 0.1664 0.1741 0.1619 0.1635 
         321  1 0.1836 0.1705 0.1765 0.1615 0.1668 0.1411 
         322  1 0.1668 0.1430 0.1488 0.1483 0.1369 0.2563 
         323  1 0.1657 0.1696 0.1726 0.1461 0.1816 0.1645 
         324  1 0.1772 0.1593 0.1645 0.1801 0.1559 0.1631 
         325  1 0.1594 0.1612 0.1604 0.1508 0.1577 0.2105 
         326  1 0.1861 0.1668 0.1698 0.1685 0.1633 0.1456 
         327  1 0.1712 0.1627 0.1638 0.1829 0.1618 0.1576 
         328  1 0.1720 0.1540 0.1526 0.1749 0.1640 0.1825 
         329  1 0.1697 0.1619 0.1625 0.1600 0.1577 0.1883 
         330  1 0.1673 0.1630 0.1652 0.1643 0.1669 0.1733 
         331  1 0.1670 0.1678 0.1688 0.1739 0.1655 0.1570 
         332  1 0.1774 0.1644 0.1728 0.1770 0.1627 0.1457 
         333  1 0.1641 0.1599 0.1605 0.1602 0.1580 0.1973 
         334  1 0.1660 0.1696 0.1640 0.1727 0.1525 0.1751 
         335  1 0.1753 0.1544 0.1503 0.1615 0.1501 0.2085 
         336  1 0.1586 0.1720 0.1595 0.1648 0.1676 0.1776 
         337  1 0.1555 0.1798 0.1635 0.1670 0.1663 0.1679 
         338  1 0.1642 0.1685 0.1623 0.1494 0.1765 0.1790 
         339  1 0.1611 0.1684 0.1683 0.1563 0.1736 0.1724 
         340  1 0.1619 0.1676 0.1757 0.1944 0.1580 0.1424 
         341  1 0.1631 0.1669 0.1636 0.1674 0.1588 0.1802 
         342  1 0.1585 0.1602 0.1617 0.1514 0.1572 0.2110 
         343  1 0.1641 0.1721 0.1700 0.1705 0.1794 0.1439 
         344  1 0.1630 0.1609 0.1673 0.1756 0.1622 0.1708 
         345  1 0.1710 0.1700 0.1714 0.1742 0.1654 0.1480 
         346  1 0.1628 0.1779 0.1793 0.1731 0.1685 0.1384 
         347  1 0.1599 0.1767 0.1697 0.1520 0.1745 0.1671 
