           1  1 0.2878 0.3694 0.3428 
           2  1 0.3226 0.3695 0.3079 
           3  1 0.3362 0.3251 0.3387 
           4  1 0.3678 0.2902 0.3420 
           5  1 0.3401 0.2823 0.3776 
           6  1 0.3354 0.3322 0.3324 
           7  1 0.3074 0.3413 0.3513 
           8  1 0.3181 0.2899 0.3920 
           9  1 0.3208 0.3563 0.3230 
          10  1 0.3204 0.3071 0.3726 
          11  1 0.3631 0.3393 0.2976 
          12  1 0.3377 0.3429 0.3193 
          13  1 0.3757 0.2995 0.3248 
          14  1 0.3046 0.3377 0.3577 
          15  1 0.2916 0.3588 0.3496 
          16  1 0.3057 0.3713 0.3230 
          17  1 0.4530 0.2803 0.2667 
          18  1 0.3193 0.3454 0.3352 
          19  1 0.3218 0.3734 0.3048 
          20  1 0.3186 0.3849 0.2965 
          21  1 0.3027 0.3863 0.3110 
          22  1 0.3015 0.4048 0.2937 
          23  1 0.3313 0.3531 0.3156 
          24  1 0.3439 0.3140 0.3421 
          25  1 0.3339 0.3585 0.3076 
          26  1 0.3627 0.3257 0.3116 
          27  1 0.3176 0.3339 0.3486 
          28  1 0.2847 0.4143 0.3010 
          29  1 0.3527 0.3510 0.2963 
          30  1 0.3067 0.3404 0.3529 
          31  1 0.3288 0.3142 0.3570 
          32  1 0.3089 0.3376 0.3535 
          33  1 0.3160 0.3667 0.3173 
          34  1 0.3591 0.3345 0.3064 
          35  1 0.2958 0.3717 0.3325 
          36  1 0.2868 0.3488 0.3644 
          37  1 0.3886 0.2841 0.3274 
          38  1 0.3631 0.2822 0.3547 
          39  1 0.3067 0.3993 0.2939 
          40  1 0.3016 0.4175 0.2809 
          41  1 0.3572 0.3593 0.2835 
          42  1 0.3412 0.3261 0.3326 
          43  1 0.3401 0.3499 0.3100 
          44  1 0.3191 0.2675 0.4134 
          45  1 0.3336 0.3812 0.2853 
          46  1 0.3026 0.3347 0.3627 
          47  1 0.2969 0.3437 0.3594 
          48  1 0.3240 0.2810 0.3951 
          49  1 0.4148 0.3140 0.2712 
          50  1 0.3408 0.3211 0.3381 
          51  1 0.3759 0.2908 0.3334 
          52  1 0.3431 0.3191 0.3379 
          53  1 0.3441 0.3796 0.2763 
          54  1 0.2875 0.3581 0.3544 
          55  1 0.3032 0.3834 0.3134 
          56  1 0.3391 0.3431 0.3178 
          57  1 0.3370 0.3843 0.2787 
          58  1 0.3589 0.3215 0.3196 
          59  1 0.3601 0.3143 0.3257 
          60  1 0.3189 0.4049 0.2762 
          61  1 0.3032 0.4039 0.2928 
          62  1 0.2909 0.2949 0.4141 
          63  1 0.3516 0.2835 0.3649 
          64  1 0.3000 0.4076 0.2924 
          65  1 0.3084 0.3467 0.3448 
          66  1 0.3262 0.3632 0.3106 
          67  1 0.3375 0.2778 0.3847 
          68  1 0.3084 0.2928 0.3989 
          69  1 0.3376 0.3112 0.3513 
          70  1 0.3218 0.3278 0.3504 
          71  1 0.3468 0.3560 0.2972 
          72  1 0.3604 0.3061 0.3335 
          73  1 0.3938 0.3388 0.2674 
          74  1 0.3415 0.3534 0.3051 
          75  1 0.3323 0.3254 0.3423 
          76  1 0.2887 0.3874 0.3240 
          77  1 0.3157 0.3051 0.3792 
          78  1 0.3179 0.2991 0.3830 
          79  1 0.2820 0.4281 0.2899 
          80  1 0.3234 0.3439 0.3327 
          81  1 0.3403 0.3202 0.3395 
          82  1 0.3281 0.3640 0.3079 
          83  1 0.3355 0.3308 0.3337 
          84  1 0.2945 0.3332 0.3723 
          85  1 0.3777 0.3299 0.2924 
          86  1 0.3507 0.3012 0.3480 
          87  1 0.4060 0.2974 0.2966 
          88  1 0.2674 0.3707 0.3618 
          89  1 0.3732 0.2965 0.3302 
          90  1 0.2913 0.3370 0.3717 
          91  1 0.2985 0.3077 0.3938 
          92  1 0.3442 0.3337 0.3221 
          93  1 0.2990 0.3319 0.3691 
          94  1 0.2992 0.3272 0.3735 
          95  1 0.2923 0.3342 0.3735 
          96  1 0.3086 0.3310 0.3604 
          97  1 0.3455 0.3075 0.3471 
          98  1 0.3265 0.3195 0.3541 
          99  1 0.3381 0.3180 0.3440 
         100  1 0.3015 0.3675 0.3310 
         101  1 0.3401 0.2886 0.3713 
         102  1 0.3371 0.3324 0.3305 
         103  1 0.3074 0.2986 0.3940 
         104  1 0.2875 0.3547 0.3578 
         105  1 0.3336 0.3118 0.3546 
         106  1 0.3456 0.2704 0.3839 
         107  1 0.3190 0.3360 0.3450 
         108  1 0.3037 0.3614 0.3349 
         109  1 0.2887 0.3546 0.3567 
         110  1 0.3184 0.3437 0.3378 
         111  1 0.3611 0.3078 0.3311 
         112  1 0.3728 0.3513 0.2758 
         113  1 0.2895 0.4059 0.3046 
         114  1 0.3064 0.3440 0.3496 
         115  1 0.3372 0.3195 0.3433 
         116  1 0.3242 0.3369 0.3388 
         117  1 0.3323 0.3386 0.3291 
         118  1 0.3120 0.2787 0.4093 
         119  1 0.3642 0.3106 0.3253 
         120  1 0.3508 0.2669 0.3823 
         121  1 0.3162 0.3373 0.3466 
         122  1 0.2770 0.3794 0.3436 
         123  1 0.3207 0.3882 0.2911 
         124  1 0.2739 0.4619 0.2642 
         125  1 0.3306 0.3623 0.3071 
         126  1 0.2829 0.3982 0.3189 
         127  1 0.3237 0.2876 0.3888 
         128  1 0.3932 0.3308 0.2760 
         129  1 0.3063 0.3670 0.3267 
         130  1 0.2891 0.3709 0.3400 
         131  1 0.3315 0.3281 0.3404 
         132  1 0.3388 0.3286 0.3327 
         133  1 0.2746 0.4138 0.3116 
         134  1 0.3112 0.3952 0.2937 
         135  1 0.3935 0.3083 0.2982 
         136  1 0.2671 0.3167 0.4162 
         137  1 0.2678 0.3069 0.4252 
         138  1 0.3122 0.2998 0.3880 
         139  1 0.3463 0.2879 0.3658 
         140  1 0.2610 0.3745 0.3645 
         141  1 0.3207 0.2931 0.3861 
         142  1 0.3046 0.3152 0.3802 
         143  1 0.3411 0.3304 0.3285 
         144  1 0.3885 0.3112 0.3003 
         145  1 0.2773 0.3282 0.3944 
         146  1 0.2952 0.4042 0.3006 
         147  1 0.3102 0.3381 0.3517 
         148  1 0.4157 0.3204 0.2639 
         149  1 0.3654 0.2858 0.3488 
         150  1 0.3518 0.3336 0.3146 
         151  1 0.3680 0.3383 0.2937 
         152  1 0.3444 0.3462 0.3094 
         153  1 0.3856 0.3056 0.3088 
         154  1 0.3447 0.3324 0.3230 
         155  1 0.2876 0.3693 0.3431 
         156  1 0.2736 0.3009 0.4255 
         157  1 0.2745 0.3727 0.3528 
         158  1 0.3214 0.3814 0.2972 
         159  1 0.3219 0.2889 0.3892 
         160  1 0.3212 0.3769 0.3019 
         161  1 0.3198 0.3419 0.3383 
         162  1 0.3694 0.3295 0.3011 
         163  1 0.3276 0.3691 0.3033 
         164  1 0.3465 0.3208 0.3327 
         165  1 0.3559 0.3302 0.3139 
         166  1 0.3377 0.3428 0.3195 
         167  1 0.3327 0.2969 0.3704 
         168  1 0.2863 0.4143 0.2994 
         169  1 0.3536 0.3110 0.3354 
         170  1 0.2986 0.3280 0.3734 
         171  1 0.3255 0.3553 0.3192 
         172  1 0.3100 0.4340 0.2560 
         173  1 0.2928 0.3427 0.3645 
         174  1 0.3080 0.3454 0.3466 
         175  1 0.3021 0.3406 0.3573 
         176  1 0.3123 0.3696 0.3181 
         177  1 0.4154 0.2978 0.2868 
         178  1 0.3305 0.3583 0.3112 
         179  1 0.3042 0.3370 0.3587 
         180  1 0.3548 0.3075 0.3378 
         181  1 0.3907 0.2825 0.3268 
         182  1 0.3111 0.3625 0.3264 
         183  1 0.3002 0.3251 0.3747 
         184  1 0.3211 0.3312 0.3477 
         185  1 0.4067 0.2999 0.2935 
         186  1 0.3171 0.2850 0.3978 
         187  1 0.3150 0.3092 0.3758 
         188  1 0.3492 0.3153 0.3355 
         189  1 0.3024 0.3130 0.3846 
         190  1 0.3261 0.3436 0.3303 
         191  1 0.3445 0.2999 0.3556 
         192  1 0.3092 0.3290 0.3618 
         193  1 0.2739 0.3510 0.3752 
         194  1 0.3327 0.3401 0.3272 
         195  1 0.3478 0.3142 0.3380 
         196  1 0.3103 0.3393 0.3503 
         197  1 0.3577 0.3234 0.3189 
         198  1 0.3667 0.3505 0.2827 
         199  1 0.3504 0.3182 0.3314 
         200  1 0.3630 0.3227 0.3143 
         201  1 0.2719 0.4185 0.3095 
         202  1 0.4033 0.3307 0.2660 
         203  1 0.3754 0.3316 0.2930 
         204  1 0.3089 0.4032 0.2879 
         205  1 0.3349 0.3328 0.3323 
         206  1 0.2978 0.3597 0.3425 
         207  1 0.2616 0.3114 0.4270 
         208  1 0.3094 0.3744 0.3162 
         209  1 0.2718 0.2958 0.4324 
         210  1 0.3323 0.3525 0.3152 
         211  1 0.3873 0.3369 0.2757 
         212  1 0.3012 0.3776 0.3211 
         213  1 0.2920 0.3643 0.3437 
         214  1 0.2925 0.3653 0.3422 
         215  1 0.3127 0.3356 0.3518 
         216  1 0.3060 0.3429 0.3511 
         217  1 0.3716 0.3059 0.3225 
         218  1 0.3190 0.3401 0.3409 
         219  1 0.3832 0.3157 0.3012 
         220  1 0.3389 0.3692 0.2918 
         221  1 0.2829 0.3382 0.3789 
         222  1 0.3527 0.2793 0.3680 
         223  1 0.3188 0.3168 0.3644 
         224  1 0.3843 0.3496 0.2661 
         225  1 0.2523 0.2964 0.4513 
         226  1 0.2887 0.3262 0.3851 
         227  1 0.3386 0.3456 0.3158 
         228  1 0.3089 0.3814 0.3097 
         229  1 0.3334 0.3314 0.3352 
         230  1 0.3162 0.3723 0.3116 
         231  1 0.3352 0.3192 0.3456 
         232  1 0.3720 0.3274 0.3006 
         233  1 0.3096 0.4175 0.2730 
         234  1 0.2856 0.3651 0.3493 
         235  1 0.2827 0.3379 0.3794 
         236  1 0.3521 0.3363 0.3116 
         237  1 0.3235 0.3618 0.3147 
         238  1 0.3206 0.3356 0.3438 
         239  1 0.2890 0.3423 0.3687 
         240  1 0.3009 0.3292 0.3699 
         241  1 0.3055 0.3803 0.3143 
         242  1 0.3207 0.3214 0.3578 
         243  1 0.3458 0.3597 0.2944 
         244  1 0.2904 0.3382 0.3714 
         245  1 0.3059 0.3758 0.3183 
         246  1 0.3475 0.3513 0.3012 
         247  1 0.2926 0.3103 0.3971 
         248  1 0.3276 0.2742 0.3982 
         249  1 0.2792 0.3109 0.4099 
         250  1 0.2787 0.3258 0.3955 
         251  1 0.3293 0.3160 0.3547 
         252  1 0.3308 0.2879 0.3814 
         253  1 0.3271 0.3464 0.3265 
         254  1 0.3823 0.2706 0.3471 
         255  1 0.4359 0.2474 0.3166 
         256  1 0.3628 0.2773 0.3599 
         257  1 0.3401 0.2965 0.3633 
         258  1 0.4038 0.2895 0.3067 
         259  1 0.2855 0.3563 0.3582 
         260  1 0.3793 0.2997 0.3210 
         261  1 0.3857 0.2995 0.3149 
         262  1 0.3110 0.3835 0.3055 
         263  1 0.2940 0.2932 0.4128 
         264  1 0.3568 0.3160 0.3272 
         265  1 0.4213 0.2683 0.3104 
         266  1 0.3428 0.3244 0.3328 
         267  1 0.4009 0.2945 0.3047 
         268  1 0.3044 0.3606 0.3350 
         269  1 0.3629 0.3211 0.3160 
         270  1 0.3923 0.3059 0.3018 
         271  1 0.3567 0.3315 0.3118 
         272  1 0.3236 0.3693 0.3072 
         273  1 0.2897 0.3372 0.3731 
         274  1 0.3516 0.3335 0.3149 
         275  1 0.3580 0.3540 0.2880 
         276  1 0.3881 0.2840 0.3279 
         277  1 0.3895 0.2871 0.3234 
         278  1 0.3581 0.2922 0.3497 
         279  1 0.3289 0.3384 0.3327 
         280  1 0.3876 0.3458 0.2666 
         281  1 0.3429 0.3911 0.2660 
         282  1 0.3550 0.2685 0.3765 
         283  1 0.4086 0.3266 0.2648 
         284  1 0.3123 0.3276 0.3601 
         285  1 0.3874 0.2872 0.3254 
         286  1 0.3162 0.3563 0.3275 
         287  1 0.3666 0.3167 0.3167 
         288  1 0.3655 0.3598 0.2748 
         289  1 0.3337 0.3064 0.3598 
         290  1 0.3676 0.3625 0.2699 
         291  1 0.3902 0.3205 0.2893 
         292  1 0.3560 0.3254 0.3186 
         293  1 0.3816 0.2919 0.3265 
         294  1 0.4340 0.2757 0.2903 
         295  1 0.3474 0.3106 0.3420 
         296  1 0.3222 0.3539 0.3239 
         297  1 0.4085 0.2930 0.2985 
         298  1 0.3169 0.3062 0.3769 
         299  1 0.3335 0.3537 0.3128 
         300  1 0.3685 0.3192 0.3123 
         301  1 0.4358 0.2542 0.3099 
         302  1 0.3159 0.3877 0.2963 
         303  1 0.3847 0.3432 0.2721 
         304  1 0.3290 0.3646 0.3064 
         305  1 0.3816 0.3228 0.2956 
         306  1 0.3666 0.3304 0.3030 
         307  1 0.3126 0.3503 0.3371 
         308  1 0.4546 0.2831 0.2624 
         309  1 0.2632 0.3658 0.3710 
         310  1 0.2692 0.2958 0.4350 
         311  1 0.3610 0.2996 0.3394 
         312  1 0.3897 0.3074 0.3030 
         313  1 0.3455 0.3362 0.3183 
         314  1 0.3738 0.3272 0.2989 
         315  1 0.3192 0.2949 0.3859 
         316  1 0.3213 0.3144 0.3643 
         317  1 0.3447 0.3337 0.3216 
         318  1 0.3009 0.2992 0.3998 
         319  1 0.3970 0.3277 0.2754 
         320  1 0.3331 0.3079 0.3590 
         321  1 0.3004 0.3213 0.3783 
         322  1 0.4126 0.2744 0.3129 
         323  1 0.3206 0.3563 0.3231 
         324  1 0.3309 0.2956 0.3735 
         325  1 0.3323 0.3372 0.3305 
         326  1 0.3132 0.2919 0.3949 
         327  1 0.3181 0.3178 0.3641 
         328  1 0.3663 0.2956 0.3382 
         329  1 0.3299 0.3229 0.3472 
         330  1 0.3483 0.3130 0.3386 
         331  1 0.3196 0.3355 0.3449 
         332  1 0.2928 0.3177 0.3895 
         333  1 0.3406 0.3281 0.3312 
         334  1 0.3526 0.3284 0.3190 
         335  1 0.3858 0.2887 0.3255 
         336  1 0.3635 0.3670 0.2695 
         337  1 0.3654 0.3541 0.2805 
         338  1 0.3646 0.3394 0.2959 
         339  1 0.3215 0.3690 0.3095 
         340  1 0.3112 0.3511 0.3377 
         341  1 0.3363 0.3513 0.3123 
         342  1 0.3689 0.3392 0.2918 
         343  1 0.2850 0.3636 0.3514 
         344  1 0.3254 0.3093 0.3653 
         345  1 0.2957 0.3337 0.3706 
         346  1 0.2849 0.3793 0.3358 
         347  1 0.3379 0.3626 0.2994 
