           1  1 0.2757 0.3369 0.3874 
           2  1 0.3246 0.2888 0.3866 
           3  1 0.3487 0.3373 0.3140 
           4  1 0.3705 0.3595 0.2699 
           5  1 0.3399 0.4051 0.2549 
           6  1 0.3392 0.3307 0.3301 
           7  1 0.2879 0.3646 0.3475 
           8  1 0.3201 0.4238 0.2561 
           9  1 0.3124 0.3206 0.3670 
          10  1 0.3182 0.3905 0.2914 
          11  1 0.3717 0.2757 0.3526 
          12  1 0.3345 0.3086 0.3569 
          13  1 0.3863 0.3280 0.2857 
          14  1 0.2958 0.3733 0.3308 
          15  1 0.2732 0.3507 0.3761 
          16  1 0.2955 0.3174 0.3871 
          17  1 0.4920 0.2386 0.2694 
          18  1 0.3116 0.3317 0.3567 
          19  1 0.3222 0.2829 0.3949 
          20  1 0.3127 0.2616 0.4257 
          21  1 0.2868 0.2827 0.4305 
          22  1 0.2867 0.2706 0.4427 
          23  1 0.3255 0.3051 0.3695 
          24  1 0.3440 0.3563 0.2996 
          25  1 0.3368 0.2938 0.3694 
          26  1 0.3634 0.2993 0.3374 
          27  1 0.3054 0.3621 0.3325 
          28  1 0.2694 0.2715 0.4591 
          29  1 0.3640 0.2741 0.3618 
          30  1 0.2981 0.3619 0.3399 
          31  1 0.3328 0.3701 0.2972 
          32  1 0.3004 0.3600 0.3396 
          33  1 0.3008 0.2961 0.4031 
          34  1 0.3599 0.2929 0.3473 
          35  1 0.2930 0.3199 0.3871 
          36  1 0.2763 0.3714 0.3523 
          37  1 0.4118 0.3282 0.2601 
          38  1 0.3757 0.3715 0.2528 
          39  1 0.2827 0.2642 0.4531 
          40  1 0.2768 0.2427 0.4805 
          41  1 0.3438 0.2611 0.3951 
          42  1 0.3345 0.3354 0.3301 
          43  1 0.3492 0.2961 0.3547 
          44  1 0.3141 0.4679 0.2180 
          45  1 0.3368 0.2469 0.4163 
          46  1 0.2860 0.3847 0.3293 
          47  1 0.2831 0.3673 0.3497 
          48  1 0.3238 0.4411 0.2351 
          49  1 0.4446 0.2383 0.3171 
          50  1 0.3443 0.3463 0.3094 
          51  1 0.3845 0.3448 0.2707 
          52  1 0.3438 0.3497 0.3065 
          53  1 0.3438 0.2317 0.4245 
          54  1 0.2807 0.3543 0.3649 
          55  1 0.2936 0.2939 0.4125 
          56  1 0.3409 0.3073 0.3519 
          57  1 0.3269 0.2505 0.4226 
          58  1 0.3717 0.3157 0.3126 
          59  1 0.3728 0.3366 0.2906 
          60  1 0.3029 0.2332 0.4639 
          61  1 0.2907 0.2475 0.4617 
          62  1 0.2758 0.4648 0.2594 
          63  1 0.3547 0.3891 0.2562 
          64  1 0.2912 0.2535 0.4554 
          65  1 0.3074 0.3319 0.3607 
          66  1 0.3203 0.2903 0.3894 
          67  1 0.3298 0.4308 0.2395 
          68  1 0.3012 0.4401 0.2587 
          69  1 0.3256 0.3682 0.3062 
          70  1 0.3168 0.3589 0.3243 
          71  1 0.3580 0.2655 0.3765 
          72  1 0.3719 0.3290 0.2990 
          73  1 0.4165 0.2316 0.3519 
          74  1 0.3360 0.2813 0.3827 
          75  1 0.3385 0.3436 0.3179 
          76  1 0.2736 0.2952 0.4312 
          77  1 0.3089 0.4112 0.2799 
          78  1 0.3069 0.4182 0.2749 
          79  1 0.2616 0.2523 0.4860 
          80  1 0.3236 0.3308 0.3456 
          81  1 0.3341 0.3483 0.3176 
          82  1 0.3287 0.2846 0.3867 
          83  1 0.3352 0.3338 0.3309 
          84  1 0.2864 0.3942 0.3194 
          85  1 0.3872 0.2666 0.3462 
          86  1 0.3542 0.3616 0.2842 
          87  1 0.4349 0.2788 0.2862 
          88  1 0.2503 0.3648 0.3849 
          89  1 0.3872 0.3320 0.2808 
          90  1 0.2798 0.3955 0.3247 
          91  1 0.2945 0.4233 0.2822 
          92  1 0.3461 0.3156 0.3383 
          93  1 0.2891 0.3902 0.3208 
          94  1 0.2820 0.3995 0.3185 
          95  1 0.2789 0.3906 0.3305 
          96  1 0.3070 0.3627 0.3303 
          97  1 0.3443 0.3548 0.3010 
          98  1 0.3216 0.3676 0.3109 
          99  1 0.3364 0.3491 0.3145 
         100  1 0.2903 0.3327 0.3770 
         101  1 0.3268 0.4112 0.2620 
         102  1 0.3409 0.3387 0.3204 
         103  1 0.2924 0.4469 0.2608 
         104  1 0.2799 0.3692 0.3510 
         105  1 0.3331 0.3702 0.2967 
         106  1 0.3440 0.4235 0.2325 
         107  1 0.3132 0.3595 0.3274 
         108  1 0.2997 0.3281 0.3722 
         109  1 0.2800 0.3617 0.3583 
         110  1 0.3144 0.3413 0.3443 
         111  1 0.3734 0.3383 0.2883 
         112  1 0.3814 0.2405 0.3781 
         113  1 0.2753 0.2654 0.4593 
         114  1 0.2985 0.3514 0.3501 
         115  1 0.3369 0.3563 0.3069 
         116  1 0.3311 0.3395 0.3294 
         117  1 0.3236 0.3291 0.3473 
         118  1 0.3083 0.4581 0.2336 
         119  1 0.3802 0.3245 0.2953 
         120  1 0.3523 0.4229 0.2248 
         121  1 0.3105 0.3480 0.3414 
         122  1 0.2588 0.3334 0.4078 
         123  1 0.3175 0.2573 0.4252 
         124  1 0.2564 0.2066 0.5369 
         125  1 0.3258 0.2955 0.3787 
         126  1 0.2616 0.2927 0.4457 
         127  1 0.3173 0.4293 0.2535 
         128  1 0.4128 0.2477 0.3396 
         129  1 0.2947 0.3209 0.3844 
         130  1 0.2754 0.3348 0.3898 
         131  1 0.3370 0.3516 0.3114 
         132  1 0.3367 0.3432 0.3201 
         133  1 0.2584 0.2820 0.4596 
         134  1 0.3028 0.2620 0.4352 
         135  1 0.4148 0.2770 0.3082 
         136  1 0.2423 0.4807 0.2770 
         137  1 0.2504 0.4750 0.2746 
         138  1 0.3141 0.4211 0.2648 
         139  1 0.3539 0.3876 0.2584 
         140  1 0.2384 0.3697 0.3919 
         141  1 0.3008 0.4313 0.2678 
         142  1 0.2968 0.4169 0.2863 
         143  1 0.3514 0.3197 0.3289 
         144  1 0.4037 0.2894 0.3069 
         145  1 0.2616 0.4313 0.3072 
         146  1 0.2797 0.2621 0.4582 
         147  1 0.3022 0.3684 0.3293 
         148  1 0.4404 0.2320 0.3276 
         149  1 0.3746 0.3566 0.2688 
         150  1 0.3688 0.2998 0.3315 
         151  1 0.3852 0.2669 0.3479 
         152  1 0.3507 0.2956 0.3537 
         153  1 0.4060 0.3058 0.2882 
         154  1 0.3538 0.3161 0.3301 
         155  1 0.2805 0.3503 0.3692 
         156  1 0.2500 0.4834 0.2666 
         157  1 0.2565 0.3515 0.3920 
         158  1 0.3112 0.2732 0.4156 
         159  1 0.3060 0.4402 0.2539 
         160  1 0.3143 0.2794 0.4064 
         161  1 0.3182 0.3301 0.3517 
         162  1 0.3802 0.2859 0.3339 
         163  1 0.3267 0.2737 0.3996 
         164  1 0.3533 0.3217 0.3250 
         165  1 0.3580 0.3049 0.3371 
         166  1 0.3389 0.3047 0.3564 
         167  1 0.3169 0.4123 0.2708 
         168  1 0.2731 0.2656 0.4613 
         169  1 0.3648 0.3437 0.2914 
         170  1 0.2835 0.3949 0.3216 
         171  1 0.3218 0.3078 0.3704 
         172  1 0.2890 0.2016 0.5095 
         173  1 0.2831 0.3798 0.3371 
         174  1 0.3053 0.3435 0.3513 
         175  1 0.2900 0.3701 0.3400 
         176  1 0.3020 0.3010 0.3970 
         177  1 0.4494 0.2692 0.2815 
         178  1 0.3239 0.3019 0.3742 
         179  1 0.2993 0.3705 0.3303 
         180  1 0.3546 0.3530 0.2924 
         181  1 0.4080 0.3368 0.2552 
         182  1 0.3047 0.3225 0.3728 
         183  1 0.2857 0.3984 0.3159 
         184  1 0.3115 0.3530 0.3355 
         185  1 0.4348 0.2813 0.2839 
         186  1 0.3064 0.4509 0.2427 
         187  1 0.3076 0.3967 0.2957 
         188  1 0.3589 0.3344 0.3067 
         189  1 0.2937 0.4136 0.2926 
         190  1 0.3191 0.3326 0.3484 
         191  1 0.3356 0.3853 0.2791 
         192  1 0.3008 0.3791 0.3200 
         193  1 0.2598 0.3821 0.3581 
         194  1 0.3263 0.3246 0.3491 
         195  1 0.3515 0.3445 0.3040 
         196  1 0.3131 0.3566 0.3303 
         197  1 0.3646 0.3120 0.3234 
         198  1 0.3776 0.2494 0.3731 
         199  1 0.3549 0.3422 0.3029 
         200  1 0.3740 0.2924 0.3336 
         201  1 0.2508 0.2777 0.4715 
         202  1 0.4303 0.2323 0.3374 
         203  1 0.3891 0.2779 0.3330 
         204  1 0.2964 0.2508 0.4528 
         205  1 0.3265 0.3329 0.3406 
         206  1 0.2914 0.3414 0.3672 
         207  1 0.2446 0.4817 0.2738 
         208  1 0.2977 0.2975 0.4048 
         209  1 0.2542 0.4926 0.2532 
         210  1 0.3324 0.2931 0.3745 
         211  1 0.4120 0.2382 0.3497 
         212  1 0.2868 0.3052 0.4080 
         213  1 0.2759 0.3378 0.3863 
         214  1 0.2869 0.3426 0.3706 
         215  1 0.3064 0.3593 0.3343 
         216  1 0.3042 0.3510 0.3449 
         217  1 0.3853 0.3170 0.2977 
         218  1 0.3108 0.3491 0.3401 
         219  1 0.4054 0.2819 0.3127 
         220  1 0.3337 0.2636 0.4027 
         221  1 0.2712 0.4004 0.3284 
         222  1 0.3529 0.3959 0.2512 
         223  1 0.3069 0.3842 0.3089 
         224  1 0.3941 0.2304 0.3755 
         225  1 0.2291 0.5242 0.2467 
         226  1 0.2765 0.4074 0.3161 
         227  1 0.3269 0.3018 0.3713 
         228  1 0.2955 0.2851 0.4193 
         229  1 0.3317 0.3431 0.3252 
         230  1 0.3131 0.2919 0.3950 
         231  1 0.3492 0.3484 0.3025 
         232  1 0.3952 0.2772 0.3275 
         233  1 0.2890 0.2219 0.4892 
         234  1 0.2682 0.3550 0.3768 
         235  1 0.2651 0.4118 0.3232 
         236  1 0.3716 0.3004 0.3280 
         237  1 0.3165 0.3008 0.3827 
         238  1 0.3050 0.3545 0.3405 
         239  1 0.2703 0.3835 0.3461 
         240  1 0.2933 0.3955 0.3112 
         241  1 0.2985 0.2936 0.4080 
         242  1 0.3193 0.3661 0.3146 
         243  1 0.3487 0.2688 0.3825 
         244  1 0.2833 0.3890 0.3276 
         245  1 0.2948 0.3015 0.4038 
         246  1 0.3495 0.2777 0.3729 
         247  1 0.2713 0.4510 0.2777 
         248  1 0.3229 0.4429 0.2342 
         249  1 0.2560 0.4636 0.2805 
         250  1 0.2616 0.4252 0.3132 
         251  1 0.3290 0.3677 0.3033 
         252  1 0.3217 0.4169 0.2615 
         253  1 0.3282 0.3121 0.3597 
         254  1 0.3997 0.3669 0.2335 
         255  1 0.4684 0.3273 0.2042 
         256  1 0.3639 0.3931 0.2429 
         257  1 0.3339 0.3913 0.2748 
         258  1 0.4307 0.3023 0.2670 
         259  1 0.2719 0.3662 0.3619 
         260  1 0.3928 0.3234 0.2838 
         261  1 0.4146 0.3063 0.2791 
         262  1 0.3036 0.2840 0.4124 
         263  1 0.2858 0.4508 0.2634 
         264  1 0.3591 0.3306 0.3103 
         265  1 0.4504 0.3110 0.2386 
         266  1 0.3502 0.3355 0.3143 
         267  1 0.4322 0.2824 0.2854 
         268  1 0.3004 0.3331 0.3665 
         269  1 0.3727 0.3072 0.3202 
         270  1 0.4168 0.2918 0.2915 
         271  1 0.3674 0.3111 0.3214 
         272  1 0.3191 0.2905 0.3904 
         273  1 0.2732 0.4018 0.3250 
         274  1 0.3683 0.3073 0.3244 
         275  1 0.3716 0.2593 0.3691 
         276  1 0.3931 0.3416 0.2653 
         277  1 0.4172 0.3115 0.2713 
         278  1 0.3616 0.3738 0.2646 
         279  1 0.3260 0.3382 0.3357 
         280  1 0.4031 0.2237 0.3732 
         281  1 0.3392 0.2160 0.4448 
         282  1 0.3601 0.4147 0.2252 
         283  1 0.4318 0.2318 0.3363 
         284  1 0.3044 0.3841 0.3114 
         285  1 0.4033 0.3269 0.2698 
         286  1 0.3126 0.3165 0.3710 
         287  1 0.3765 0.3149 0.3086 
         288  1 0.3650 0.2450 0.3901 
         289  1 0.3394 0.3774 0.2832 
         290  1 0.3790 0.2307 0.3903 
         291  1 0.4159 0.2725 0.3116 
         292  1 0.3690 0.3175 0.3136 
         293  1 0.3999 0.3329 0.2672 
         294  1 0.4634 0.2832 0.2534 
         295  1 0.3534 0.3545 0.2921 
         296  1 0.3271 0.3126 0.3603 
         297  1 0.4432 0.2884 0.2684 
         298  1 0.3091 0.4114 0.2795 
         299  1 0.3317 0.2940 0.3743 
         300  1 0.3891 0.3016 0.3093 
         301  1 0.4697 0.3117 0.2186 
         302  1 0.3090 0.2694 0.4216 
         303  1 0.4066 0.2424 0.3510 
         304  1 0.3277 0.2806 0.3918 
         305  1 0.4019 0.2672 0.3309 
         306  1 0.3801 0.2828 0.3371 
         307  1 0.3182 0.3326 0.3492 
         308  1 0.4928 0.2329 0.2742 
         309  1 0.2460 0.3656 0.3883 
         310  1 0.2518 0.4904 0.2578 
         311  1 0.3742 0.3471 0.2787 
         312  1 0.4055 0.2932 0.3013 
         313  1 0.3523 0.3098 0.3379 
         314  1 0.3886 0.2856 0.3258 
         315  1 0.3200 0.4165 0.2635 
         316  1 0.3164 0.3852 0.2983 
         317  1 0.3494 0.3121 0.3385 
         318  1 0.2912 0.4441 0.2648 
         319  1 0.4257 0.2435 0.3308 
         320  1 0.3306 0.3864 0.2830 
         321  1 0.2838 0.4059 0.3102 
         322  1 0.4437 0.3091 0.2472 
         323  1 0.3198 0.3121 0.3681 
         324  1 0.3299 0.4055 0.2646 
         325  1 0.3389 0.3278 0.3333 
         326  1 0.2908 0.4525 0.2567 
         327  1 0.3168 0.3867 0.2965 
         328  1 0.3816 0.3544 0.2640 
         329  1 0.3340 0.3583 0.3076 
         330  1 0.3428 0.3514 0.3058 
         331  1 0.3059 0.3635 0.3306 
         332  1 0.2804 0.4243 0.2953 
         333  1 0.3507 0.3251 0.3243 
         334  1 0.3572 0.3079 0.3349 
         335  1 0.4044 0.3293 0.2663 
         336  1 0.3726 0.2350 0.3923 
         337  1 0.3631 0.2525 0.3845 
         338  1 0.3643 0.2808 0.3549 
         339  1 0.3195 0.2889 0.3916 
         340  1 0.3039 0.3386 0.3575 
         341  1 0.3396 0.2989 0.3616 
         342  1 0.3849 0.2625 0.3526 
         343  1 0.2711 0.3605 0.3683 
         344  1 0.3306 0.3885 0.2809 
         345  1 0.2873 0.3878 0.3249 
         346  1 0.2687 0.3269 0.4044 
         347  1 0.3369 0.2781 0.3850 
