           1  1 0.3556 0.3602 0.2842 
           2  1 0.3416 0.3399 0.3185 
           3  1 0.3308 0.3281 0.3411 
           4  1 0.3184 0.3126 0.3690 
           5  1 0.3343 0.3299 0.3358 
           6  1 0.3320 0.3277 0.3403 
           7  1 0.3491 0.3580 0.2929 
           8  1 0.3437 0.3368 0.3195 
           9  1 0.3402 0.3392 0.3207 
          10  1 0.3450 0.3360 0.3189 
          11  1 0.3098 0.3217 0.3685 
          12  1 0.3281 0.3407 0.3313 
          13  1 0.3098 0.3157 0.3745 
          14  1 0.3500 0.3429 0.3071 
          15  1 0.3556 0.3625 0.2818 
          16  1 0.3459 0.3524 0.3018 
          17  1 0.2618 0.2672 0.4709 
          18  1 0.3438 0.3452 0.3111 
          19  1 0.3371 0.3424 0.3205 
          20  1 0.3413 0.3468 0.3118 
          21  1 0.3466 0.3592 0.2941 
          22  1 0.3483 0.3519 0.2998 
          23  1 0.3344 0.3392 0.3264 
          24  1 0.3301 0.3277 0.3422 
          25  1 0.3328 0.3328 0.3344 
          26  1 0.3186 0.3302 0.3512 
          27  1 0.3414 0.3499 0.3087 
          28  1 0.3514 0.3701 0.2785 
          29  1 0.3189 0.3248 0.3563 
          30  1 0.3461 0.3516 0.3023 
          31  1 0.3391 0.3314 0.3295 
          32  1 0.3517 0.3443 0.3040 
          33  1 0.3451 0.3517 0.3032 
          34  1 0.3212 0.3265 0.3524 
          35  1 0.3445 0.3519 0.3036 
          36  1 0.3591 0.3620 0.2788 
          37  1 0.3066 0.3034 0.3900 
          38  1 0.3194 0.3139 0.3667 
          39  1 0.3437 0.3585 0.2978 
          40  1 0.3437 0.3624 0.2939 
          41  1 0.3144 0.3343 0.3513 
          42  1 0.3270 0.3405 0.3325 
          43  1 0.3325 0.3244 0.3431 
          44  1 0.3512 0.3319 0.3169 
          45  1 0.3308 0.3414 0.3278 
          46  1 0.3552 0.3520 0.2929 
          47  1 0.3560 0.3589 0.2852 
          48  1 0.3484 0.3258 0.3258 
          49  1 0.2792 0.2940 0.4268 
          50  1 0.3321 0.3242 0.3437 
          51  1 0.3087 0.3077 0.3836 
          52  1 0.3275 0.3308 0.3417 
          53  1 0.3167 0.3345 0.3488 
          54  1 0.3576 0.3593 0.2832 
          55  1 0.3524 0.3509 0.2968 
          56  1 0.3301 0.3356 0.3343 
          57  1 0.3332 0.3357 0.3311 
          58  1 0.3089 0.3151 0.3761 
          59  1 0.3226 0.3084 0.3690 
          60  1 0.3307 0.3465 0.3228 
          61  1 0.3391 0.3600 0.3009 
          62  1 0.3660 0.3494 0.2847 
          63  1 0.3247 0.3235 0.3519 
          64  1 0.3479 0.3558 0.2963 
          65  1 0.3446 0.3480 0.3075 
          66  1 0.3334 0.3453 0.3213 
          67  1 0.3366 0.3291 0.3344 
          68  1 0.3556 0.3373 0.3071 
          69  1 0.3330 0.3340 0.3330 
          70  1 0.3457 0.3376 0.3167 
          71  1 0.3161 0.3275 0.3565 
          72  1 0.3167 0.3217 0.3616 
          73  1 0.2912 0.3003 0.4086 
          74  1 0.3202 0.3394 0.3404 
          75  1 0.3281 0.3346 0.3374 
          76  1 0.3566 0.3621 0.2812 
          77  1 0.3472 0.3387 0.3141 
          78  1 0.3463 0.3464 0.3073 
          79  1 0.3548 0.3678 0.2773 
          80  1 0.3369 0.3452 0.3179 
          81  1 0.3323 0.3308 0.3369 
          82  1 0.3338 0.3421 0.3241 
          83  1 0.3330 0.3271 0.3399 
          84  1 0.3556 0.3563 0.2880 
          85  1 0.3079 0.3131 0.3790 
          86  1 0.3301 0.3174 0.3526 
          87  1 0.2910 0.2937 0.4153 
          88  1 0.3782 0.3638 0.2580 
          89  1 0.3116 0.3084 0.3800 
          90  1 0.3594 0.3476 0.2930 
          91  1 0.3514 0.3496 0.2990 
          92  1 0.3295 0.3206 0.3500 
          93  1 0.3554 0.3476 0.2969 
          94  1 0.3554 0.3489 0.2957 
          95  1 0.3569 0.3595 0.2835 
          96  1 0.3441 0.3500 0.3059 
          97  1 0.3332 0.3271 0.3397 
          98  1 0.3385 0.3387 0.3228 
          99  1 0.3356 0.3320 0.3324 
         100  1 0.3492 0.3535 0.2974 
         101  1 0.3338 0.3334 0.3328 
         102  1 0.3329 0.3222 0.3448 
         103  1 0.3526 0.3424 0.3051 
         104  1 0.3603 0.3494 0.2903 
         105  1 0.3363 0.3315 0.3322 
         106  1 0.3297 0.3266 0.3437 
         107  1 0.3409 0.3433 0.3158 
         108  1 0.3533 0.3480 0.2987 
         109  1 0.3552 0.3610 0.2838 
         110  1 0.3449 0.3347 0.3204 
         111  1 0.3199 0.3155 0.3646 
         112  1 0.3071 0.3150 0.3780 
         113  1 0.3472 0.3695 0.2833 
         114  1 0.3477 0.3469 0.3054 
         115  1 0.3314 0.3231 0.3455 
         116  1 0.3414 0.3289 0.3297 
         117  1 0.3340 0.3323 0.3338 
         118  1 0.3538 0.3354 0.3108 
         119  1 0.3123 0.3165 0.3712 
         120  1 0.3297 0.3194 0.3509 
         121  1 0.3409 0.3511 0.3080 
         122  1 0.3611 0.3720 0.2669 
         123  1 0.3410 0.3431 0.3159 
         124  1 0.3550 0.3789 0.2662 
         125  1 0.3374 0.3348 0.3278 
         126  1 0.3635 0.3656 0.2709 
         127  1 0.3418 0.3307 0.3275 
         128  1 0.2949 0.3047 0.4004 
         129  1 0.3494 0.3501 0.3005 
         130  1 0.3612 0.3585 0.2804 
         131  1 0.3360 0.3317 0.3322 
         132  1 0.3332 0.3295 0.3373 
         133  1 0.3648 0.3694 0.2658 
         134  1 0.3455 0.3536 0.3009 
         135  1 0.2951 0.3055 0.3994 
         136  1 0.3841 0.3599 0.2560 
         137  1 0.3709 0.3659 0.2632 
         138  1 0.3491 0.3385 0.3124 
         139  1 0.3271 0.3174 0.3555 
         140  1 0.3769 0.3731 0.2500 
         141  1 0.3451 0.3420 0.3128 
         142  1 0.3581 0.3407 0.3012 
         143  1 0.3218 0.3321 0.3461 
         144  1 0.3041 0.3067 0.3892 
         145  1 0.3675 0.3594 0.2731 
         146  1 0.3493 0.3632 0.2875 
         147  1 0.3487 0.3432 0.3081 
         148  1 0.2834 0.2950 0.4217 
         149  1 0.3172 0.3134 0.3694 
         150  1 0.3129 0.3194 0.3678 
         151  1 0.3029 0.3163 0.3809 
         152  1 0.3264 0.3271 0.3466 
         153  1 0.2979 0.3021 0.4000 
         154  1 0.3263 0.3230 0.3507 
         155  1 0.3530 0.3522 0.2948 
         156  1 0.3794 0.3567 0.2639 
         157  1 0.3681 0.3654 0.2665 
         158  1 0.3330 0.3482 0.3187 
         159  1 0.3455 0.3435 0.3110 
         160  1 0.3350 0.3402 0.3248 
         161  1 0.3406 0.3396 0.3198 
         162  1 0.3082 0.3165 0.3754 
         163  1 0.3255 0.3404 0.3341 
         164  1 0.3232 0.3300 0.3469 
         165  1 0.3204 0.3224 0.3572 
         166  1 0.3281 0.3361 0.3358 
         167  1 0.3424 0.3304 0.3272 
         168  1 0.3496 0.3660 0.2844 
         169  1 0.3238 0.3121 0.3640 
         170  1 0.3536 0.3515 0.2949 
         171  1 0.3390 0.3366 0.3243 
         172  1 0.3400 0.3582 0.3018 
         173  1 0.3602 0.3485 0.2912 
         174  1 0.3461 0.3464 0.3075 
         175  1 0.3482 0.3494 0.3024 
         176  1 0.3449 0.3547 0.3003 
         177  1 0.2802 0.2860 0.4338 
         178  1 0.3314 0.3453 0.3233 
         179  1 0.3510 0.3448 0.3042 
         180  1 0.3250 0.3214 0.3536 
         181  1 0.3034 0.3027 0.3940 
         182  1 0.3426 0.3417 0.3158 
         183  1 0.3574 0.3510 0.2917 
         184  1 0.3438 0.3370 0.3192 
         185  1 0.2885 0.2884 0.4230 
         186  1 0.3451 0.3336 0.3213 
         187  1 0.3447 0.3413 0.3140 
         188  1 0.3252 0.3228 0.3520 
         189  1 0.3614 0.3436 0.2950 
         190  1 0.3401 0.3420 0.3179 
         191  1 0.3324 0.3221 0.3455 
         192  1 0.3543 0.3487 0.2970 
         193  1 0.3657 0.3670 0.2673 
         194  1 0.3327 0.3408 0.3265 
         195  1 0.3227 0.3274 0.3499 
         196  1 0.3474 0.3450 0.3076 
         197  1 0.3192 0.3236 0.3572 
         198  1 0.3123 0.3197 0.3680 
         199  1 0.3275 0.3160 0.3565 
         200  1 0.3160 0.3179 0.3660 
         201  1 0.3604 0.3741 0.2655 
         202  1 0.2858 0.2968 0.4173 
         203  1 0.3073 0.3066 0.3860 
         204  1 0.3431 0.3515 0.3054 
         205  1 0.3330 0.3388 0.3282 
         206  1 0.3550 0.3493 0.2958 
         207  1 0.3801 0.3668 0.2531 
         208  1 0.3464 0.3549 0.2987 
         209  1 0.3742 0.3606 0.2652 
         210  1 0.3324 0.3381 0.3294 
         211  1 0.2987 0.3047 0.3966 
         212  1 0.3502 0.3547 0.2951 
         213  1 0.3549 0.3592 0.2859 
         214  1 0.3594 0.3494 0.2912 
         215  1 0.3418 0.3487 0.3095 
         216  1 0.3465 0.3484 0.3051 
         217  1 0.3076 0.3168 0.3756 
         218  1 0.3369 0.3435 0.3196 
         219  1 0.3026 0.3107 0.3866 
         220  1 0.3289 0.3382 0.3329 
         221  1 0.3706 0.3561 0.2733 
         222  1 0.3257 0.3226 0.3516 
         223  1 0.3461 0.3472 0.3066 
         224  1 0.2943 0.3150 0.3907 
         225  1 0.3910 0.3685 0.2405 
         226  1 0.3620 0.3592 0.2788 
         227  1 0.3325 0.3397 0.3279 
         228  1 0.3437 0.3490 0.3074 
         229  1 0.3382 0.3321 0.3297 
         230  1 0.3429 0.3486 0.3086 
         231  1 0.3310 0.3265 0.3425 
         232  1 0.3020 0.3127 0.3853 
         233  1 0.3423 0.3597 0.2980 
         234  1 0.3632 0.3577 0.2791 
         235  1 0.3651 0.3617 0.2732 
         236  1 0.3169 0.3224 0.3607 
         237  1 0.3360 0.3369 0.3271 
         238  1 0.3434 0.3436 0.3130 
         239  1 0.3618 0.3609 0.2772 
         240  1 0.3539 0.3493 0.2968 
         241  1 0.3439 0.3505 0.3056 
         242  1 0.3440 0.3431 0.3129 
         243  1 0.3253 0.3290 0.3457 
         244  1 0.3603 0.3517 0.2880 
         245  1 0.3500 0.3563 0.2937 
         246  1 0.3250 0.3274 0.3476 
         247  1 0.3693 0.3471 0.2836 
         248  1 0.3471 0.3279 0.3251 
         249  1 0.3726 0.3594 0.2680 
         250  1 0.3643 0.3672 0.2685 
         251  1 0.3387 0.3391 0.3222 
         252  1 0.3396 0.3343 0.3261 
         253  1 0.3384 0.3432 0.3184 
         254  1 0.3081 0.3039 0.3880 
         255  1 0.2792 0.2709 0.4499 
         256  1 0.3258 0.3141 0.3601 
         257  1 0.3348 0.3298 0.3353 
         258  1 0.2972 0.2911 0.4117 
         259  1 0.3674 0.3556 0.2770 
         260  1 0.3071 0.3075 0.3854 
         261  1 0.3048 0.2984 0.3969 
         262  1 0.3452 0.3440 0.3107 
         263  1 0.3599 0.3535 0.2866 
         264  1 0.3234 0.3180 0.3586 
         265  1 0.2907 0.2829 0.4264 
         266  1 0.3261 0.3243 0.3496 
         267  1 0.2885 0.2939 0.4176 
         268  1 0.3508 0.3509 0.2983 
         269  1 0.3152 0.3152 0.3696 
         270  1 0.2960 0.2985 0.4055 
         271  1 0.3165 0.3176 0.3659 
         272  1 0.3395 0.3448 0.3157 
         273  1 0.3651 0.3537 0.2812 
         274  1 0.3221 0.3181 0.3598 
         275  1 0.3125 0.3180 0.3695 
         276  1 0.3058 0.3016 0.3926 
         277  1 0.2985 0.3010 0.4006 
         278  1 0.3221 0.3181 0.3599 
         279  1 0.3412 0.3264 0.3324 
         280  1 0.2914 0.3137 0.3949 
         281  1 0.3242 0.3440 0.3318 
         282  1 0.3234 0.3118 0.3648 
         283  1 0.2885 0.2942 0.4173 
         284  1 0.3448 0.3415 0.3136 
         285  1 0.3065 0.2967 0.3968 
         286  1 0.3467 0.3441 0.3091 
         287  1 0.3133 0.3211 0.3657 
         288  1 0.3123 0.3210 0.3667 
         289  1 0.3371 0.3275 0.3354 
         290  1 0.3117 0.3193 0.3691 
         291  1 0.2977 0.2986 0.4037 
         292  1 0.3213 0.3106 0.3681 
         293  1 0.3097 0.3021 0.3882 
         294  1 0.2749 0.2765 0.4486 
         295  1 0.3266 0.3169 0.3565 
         296  1 0.3373 0.3352 0.3275 
         297  1 0.2931 0.2836 0.4233 
         298  1 0.3465 0.3360 0.3175 
         299  1 0.3258 0.3356 0.3386 
         300  1 0.3160 0.3116 0.3725 
         301  1 0.2803 0.2732 0.4465 
         302  1 0.3341 0.3472 0.3186 
         303  1 0.3020 0.3054 0.3926 
         304  1 0.3279 0.3444 0.3277 
         305  1 0.3005 0.3088 0.3907 
         306  1 0.3146 0.3192 0.3662 
         307  1 0.3376 0.3448 0.3176 
         308  1 0.2609 0.2693 0.4698 
         309  1 0.3727 0.3740 0.2534 
         310  1 0.3816 0.3586 0.2598 
         311  1 0.3166 0.3181 0.3653 
         312  1 0.3037 0.3079 0.3884 
         313  1 0.3221 0.3258 0.3520 
         314  1 0.3096 0.3057 0.3847 
         315  1 0.3428 0.3352 0.3221 
         316  1 0.3396 0.3368 0.3236 
         317  1 0.3229 0.3306 0.3465 
         318  1 0.3578 0.3439 0.2983 
         319  1 0.2862 0.2998 0.4140 
         320  1 0.3332 0.3253 0.3415 
         321  1 0.3536 0.3464 0.3001 
         322  1 0.2900 0.2907 0.4193 
         323  1 0.3408 0.3353 0.3239 
         324  1 0.3385 0.3350 0.3265 
         325  1 0.3353 0.3308 0.3339 
         326  1 0.3509 0.3342 0.3149 
         327  1 0.3464 0.3347 0.3189 
         328  1 0.3140 0.3044 0.3816 
         329  1 0.3384 0.3315 0.3301 
         330  1 0.3304 0.3264 0.3431 
         331  1 0.3460 0.3416 0.3123 
         332  1 0.3606 0.3488 0.2906 
         333  1 0.3249 0.3317 0.3435 
         334  1 0.3178 0.3268 0.3554 
         335  1 0.3075 0.2967 0.3958 
         336  1 0.3126 0.3208 0.3666 
         337  1 0.3147 0.3306 0.3548 
         338  1 0.3142 0.3163 0.3694 
         339  1 0.3419 0.3389 0.3191 
         340  1 0.3486 0.3458 0.3056 
         341  1 0.3254 0.3382 0.3363 
         342  1 0.3116 0.3152 0.3732 
         343  1 0.3616 0.3622 0.2762 
         344  1 0.3455 0.3263 0.3282 
         345  1 0.3540 0.3499 0.2961 
         346  1 0.3572 0.3676 0.2752 
         347  1 0.3239 0.3345 0.3416 
