           1  1 0.2160 0.2604 0.2547 0.2690 
           2  1 0.2450 0.2507 0.2413 0.2630 
           3  1 0.2548 0.2431 0.2606 0.2415 
           4  1 0.2715 0.2478 0.2555 0.2252 
           5  1 0.2571 0.2476 0.2787 0.2166 
           6  1 0.2489 0.2476 0.2518 0.2517 
           7  1 0.2206 0.2618 0.2572 0.2603 
           8  1 0.2386 0.2485 0.2916 0.2213 
           9  1 0.2390 0.2519 0.2461 0.2630 
          10  1 0.2420 0.2586 0.2703 0.2291 
          11  1 0.2766 0.2338 0.2304 0.2592 
          12  1 0.2543 0.2490 0.2408 0.2559 
          13  1 0.2740 0.2392 0.2513 0.2356 
          14  1 0.2246 0.2570 0.2706 0.2478 
          15  1 0.2158 0.2542 0.2588 0.2712 
          16  1 0.2305 0.2466 0.2489 0.2741 
          17  1 0.3519 0.2127 0.2109 0.2245 
          18  1 0.2370 0.2556 0.2483 0.2592 
          19  1 0.2429 0.2485 0.2375 0.2711 
          20  1 0.2498 0.2515 0.2200 0.2787 
          21  1 0.2254 0.2633 0.2286 0.2826 
          22  1 0.2267 0.2567 0.2255 0.2911 
          23  1 0.2456 0.2529 0.2399 0.2616 
          24  1 0.2547 0.2505 0.2538 0.2410 
          25  1 0.2485 0.2499 0.2356 0.2661 
          26  1 0.2706 0.2388 0.2354 0.2551 
          27  1 0.2300 0.2557 0.2607 0.2536 
          28  1 0.2182 0.2570 0.2289 0.2960 
          29  1 0.2795 0.2348 0.2262 0.2595 
          30  1 0.2261 0.2571 0.2610 0.2558 
          31  1 0.2501 0.2537 0.2600 0.2362 
          32  1 0.2263 0.2587 0.2594 0.2557 
          33  1 0.2304 0.2556 0.2352 0.2789 
          34  1 0.2644 0.2468 0.2323 0.2565 
          35  1 0.2204 0.2568 0.2500 0.2729 
          36  1 0.2131 0.2605 0.2664 0.2600 
          37  1 0.3005 0.2334 0.2467 0.2194 
          38  1 0.2868 0.2379 0.2631 0.2122 
          39  1 0.2248 0.2603 0.2176 0.2973 
          40  1 0.2203 0.2636 0.2069 0.3093 
          41  1 0.2659 0.2444 0.2170 0.2728 
          42  1 0.2515 0.2476 0.2508 0.2501 
          43  1 0.2608 0.2462 0.2383 0.2546 
          44  1 0.2372 0.2571 0.3005 0.2053 
          45  1 0.2455 0.2477 0.2272 0.2796 
          46  1 0.2199 0.2592 0.2684 0.2525 
          47  1 0.2154 0.2614 0.2643 0.2588 
          48  1 0.2570 0.2550 0.2826 0.2054 
          49  1 0.3341 0.2172 0.2088 0.2399 
          50  1 0.2687 0.2441 0.2488 0.2384 
          51  1 0.2916 0.2373 0.2484 0.2226 
          52  1 0.2592 0.2414 0.2569 0.2424 
          53  1 0.2514 0.2469 0.2116 0.2901 
          54  1 0.2145 0.2588 0.2661 0.2607 
          55  1 0.2196 0.2565 0.2424 0.2815 
          56  1 0.2495 0.2479 0.2450 0.2575 
          57  1 0.2668 0.2440 0.2128 0.2764 
          58  1 0.2631 0.2417 0.2479 0.2472 
          59  1 0.2746 0.2431 0.2500 0.2324 
          60  1 0.2340 0.2530 0.2071 0.3059 
          61  1 0.2258 0.2501 0.2209 0.3032 
          62  1 0.2119 0.2687 0.2974 0.2220 
          63  1 0.2611 0.2470 0.2662 0.2256 
          64  1 0.2229 0.2565 0.2261 0.2945 
          65  1 0.2247 0.2562 0.2552 0.2639 
          66  1 0.2515 0.2503 0.2286 0.2696 
          67  1 0.2498 0.2504 0.2863 0.2135 
          68  1 0.2255 0.2662 0.2846 0.2237 
          69  1 0.2414 0.2568 0.2573 0.2445 
          70  1 0.2514 0.2484 0.2613 0.2388 
          71  1 0.2621 0.2436 0.2263 0.2681 
          72  1 0.2664 0.2439 0.2512 0.2385 
          73  1 0.3051 0.2219 0.2150 0.2580 
          74  1 0.2521 0.2458 0.2300 0.2721 
          75  1 0.2486 0.2467 0.2567 0.2480 
          76  1 0.2169 0.2627 0.2363 0.2841 
          77  1 0.2362 0.2557 0.2786 0.2294 
          78  1 0.2282 0.2566 0.2818 0.2334 
          79  1 0.2116 0.2648 0.2188 0.3048 
          80  1 0.2378 0.2519 0.2546 0.2557 
          81  1 0.2499 0.2525 0.2550 0.2426 
          82  1 0.2493 0.2448 0.2352 0.2707 
          83  1 0.2506 0.2517 0.2522 0.2456 
          84  1 0.2208 0.2591 0.2738 0.2463 
          85  1 0.2815 0.2387 0.2260 0.2538 
          86  1 0.2664 0.2466 0.2572 0.2298 
          87  1 0.3184 0.2290 0.2258 0.2267 
          88  1 0.1974 0.2684 0.2659 0.2682 
          89  1 0.2911 0.2360 0.2464 0.2266 
          90  1 0.2145 0.2635 0.2772 0.2449 
          91  1 0.2222 0.2630 0.2825 0.2323 
          92  1 0.2697 0.2463 0.2400 0.2440 
          93  1 0.2194 0.2601 0.2723 0.2482 
          94  1 0.2228 0.2628 0.2716 0.2428 
          95  1 0.2154 0.2634 0.2735 0.2477 
          96  1 0.2373 0.2521 0.2614 0.2492 
          97  1 0.2630 0.2508 0.2525 0.2337 
          98  1 0.2381 0.2529 0.2661 0.2429 
          99  1 0.2428 0.2519 0.2587 0.2466 
         100  1 0.2231 0.2572 0.2508 0.2690 
         101  1 0.2458 0.2512 0.2765 0.2266 
         102  1 0.2555 0.2515 0.2513 0.2418 
         103  1 0.2306 0.2604 0.2853 0.2236 
         104  1 0.2119 0.2640 0.2639 0.2602 
         105  1 0.2595 0.2509 0.2586 0.2311 
         106  1 0.2631 0.2448 0.2818 0.2103 
         107  1 0.2383 0.2497 0.2624 0.2495 
         108  1 0.2222 0.2603 0.2527 0.2649 
         109  1 0.2227 0.2587 0.2636 0.2550 
         110  1 0.2305 0.2605 0.2544 0.2546 
         111  1 0.2691 0.2433 0.2473 0.2403 
         112  1 0.2743 0.2394 0.2144 0.2719 
         113  1 0.2220 0.2562 0.2227 0.2990 
         114  1 0.2237 0.2587 0.2612 0.2565 
         115  1 0.2335 0.2570 0.2634 0.2461 
         116  1 0.2400 0.2529 0.2593 0.2478 
         117  1 0.2484 0.2532 0.2461 0.2523 
         118  1 0.2358 0.2560 0.2967 0.2116 
         119  1 0.2635 0.2397 0.2544 0.2425 
         120  1 0.2682 0.2463 0.2782 0.2073 
         121  1 0.2378 0.2529 0.2538 0.2555 
         122  1 0.2060 0.2609 0.2530 0.2802 
         123  1 0.2494 0.2500 0.2214 0.2792 
         124  1 0.2109 0.2599 0.2051 0.3241 
         125  1 0.2456 0.2545 0.2341 0.2658 
         126  1 0.2118 0.2693 0.2305 0.2884 
         127  1 0.2394 0.2533 0.2857 0.2216 
         128  1 0.3003 0.2327 0.2165 0.2506 
         129  1 0.2339 0.2579 0.2452 0.2630 
         130  1 0.2181 0.2642 0.2525 0.2653 
         131  1 0.2513 0.2459 0.2623 0.2404 
         132  1 0.2597 0.2490 0.2490 0.2422 
         133  1 0.2047 0.2623 0.2350 0.2981 
         134  1 0.2353 0.2572 0.2259 0.2817 
         135  1 0.3230 0.2233 0.2181 0.2355 
         136  1 0.1983 0.2720 0.3025 0.2272 
         137  1 0.2005 0.2689 0.2996 0.2310 
         138  1 0.2307 0.2568 0.2874 0.2251 
         139  1 0.2627 0.2445 0.2727 0.2201 
         140  1 0.1963 0.2722 0.2636 0.2679 
         141  1 0.2307 0.2595 0.2795 0.2303 
         142  1 0.2382 0.2585 0.2747 0.2286 
         143  1 0.2656 0.2459 0.2411 0.2473 
         144  1 0.2994 0.2317 0.2304 0.2385 
         145  1 0.2033 0.2712 0.2818 0.2436 
         146  1 0.2213 0.2584 0.2241 0.2963 
         147  1 0.2297 0.2536 0.2659 0.2508 
         148  1 0.3163 0.2220 0.2141 0.2476 
         149  1 0.2675 0.2460 0.2599 0.2267 
         150  1 0.2706 0.2406 0.2364 0.2524 
         151  1 0.2838 0.2338 0.2260 0.2563 
         152  1 0.2519 0.2467 0.2415 0.2599 
         153  1 0.2943 0.2339 0.2380 0.2338 
         154  1 0.2611 0.2458 0.2464 0.2467 
         155  1 0.2184 0.2594 0.2559 0.2663 
         156  1 0.2014 0.2737 0.3020 0.2229 
         157  1 0.2032 0.2733 0.2526 0.2708 
         158  1 0.2375 0.2485 0.2293 0.2847 
         159  1 0.2388 0.2530 0.2831 0.2251 
         160  1 0.2374 0.2524 0.2341 0.2762 
         161  1 0.2430 0.2540 0.2511 0.2519 
         162  1 0.2884 0.2328 0.2309 0.2478 
         163  1 0.2454 0.2452 0.2288 0.2806 
         164  1 0.2647 0.2441 0.2462 0.2450 
         165  1 0.2785 0.2443 0.2343 0.2430 
         166  1 0.2424 0.2480 0.2455 0.2642 
         167  1 0.2381 0.2582 0.2753 0.2285 
         168  1 0.2133 0.2625 0.2241 0.3001 
         169  1 0.2625 0.2447 0.2567 0.2361 
         170  1 0.2199 0.2604 0.2737 0.2461 
         171  1 0.2326 0.2566 0.2454 0.2654 
         172  1 0.2291 0.2575 0.1970 0.3164 
         173  1 0.2203 0.2668 0.2606 0.2522 
         174  1 0.2257 0.2596 0.2546 0.2601 
         175  1 0.2264 0.2602 0.2602 0.2532 
         176  1 0.2372 0.2541 0.2384 0.2703 
         177  1 0.3235 0.2207 0.2258 0.2299 
         178  1 0.2398 0.2510 0.2404 0.2688 
         179  1 0.2271 0.2594 0.2614 0.2520 
         180  1 0.2706 0.2432 0.2546 0.2315 
         181  1 0.2986 0.2292 0.2501 0.2221 
         182  1 0.2330 0.2571 0.2437 0.2661 
         183  1 0.2273 0.2603 0.2672 0.2451 
         184  1 0.2364 0.2602 0.2521 0.2513 
         185  1 0.2699 0.2397 0.2471 0.2433 
         186  1 0.2371 0.2568 0.2928 0.2133 
         187  1 0.2358 0.2571 0.2760 0.2311 
         188  1 0.2621 0.2462 0.2529 0.2388 
         189  1 0.2391 0.2611 0.2721 0.2277 
         190  1 0.2344 0.2549 0.2518 0.2588 
         191  1 0.2542 0.2532 0.2645 0.2281 
         192  1 0.2315 0.2553 0.2718 0.2414 
         193  1 0.2026 0.2623 0.2741 0.2610 
         194  1 0.2396 0.2565 0.2453 0.2586 
         195  1 0.2571 0.2469 0.2574 0.2386 
         196  1 0.2373 0.2539 0.2589 0.2499 
         197  1 0.2606 0.2454 0.2411 0.2529 
         198  1 0.2747 0.2415 0.2172 0.2666 
         199  1 0.2547 0.2543 0.2514 0.2397 
         200  1 0.2814 0.2407 0.2322 0.2457 
         201  1 0.2059 0.2644 0.2276 0.3022 
         202  1 0.3083 0.2289 0.2114 0.2513 
         203  1 0.2824 0.2372 0.2253 0.2551 
         204  1 0.2279 0.2571 0.2235 0.2914 
         205  1 0.2494 0.2501 0.2450 0.2555 
         206  1 0.2246 0.2632 0.2523 0.2598 
         207  1 0.1977 0.2680 0.3100 0.2243 
         208  1 0.2282 0.2541 0.2401 0.2775 
         209  1 0.2017 0.2713 0.3102 0.2168 
         210  1 0.2445 0.2522 0.2338 0.2695 
         211  1 0.2858 0.2355 0.2222 0.2565 
         212  1 0.2217 0.2588 0.2388 0.2807 
         213  1 0.2156 0.2619 0.2491 0.2734 
         214  1 0.2148 0.2608 0.2613 0.2632 
         215  1 0.2408 0.2545 0.2550 0.2497 
         216  1 0.2320 0.2578 0.2547 0.2555 
         217  1 0.2719 0.2363 0.2492 0.2427 
         218  1 0.2407 0.2510 0.2550 0.2533 
         219  1 0.2997 0.2332 0.2276 0.2394 
         220  1 0.2535 0.2499 0.2206 0.2760 
         221  1 0.2219 0.2629 0.2699 0.2453 
         222  1 0.2647 0.2427 0.2717 0.2209 
         223  1 0.2279 0.2559 0.2685 0.2477 
         224  1 0.3014 0.2263 0.2088 0.2636 
         225  1 0.1876 0.2776 0.3198 0.2150 
         226  1 0.2135 0.2626 0.2829 0.2410 
         227  1 0.2414 0.2509 0.2414 0.2663 
         228  1 0.2313 0.2544 0.2317 0.2827 
         229  1 0.2435 0.2531 0.2553 0.2481 
         230  1 0.2442 0.2478 0.2360 0.2720 
         231  1 0.2546 0.2489 0.2604 0.2361 
         232  1 0.2850 0.2334 0.2312 0.2504 
         233  1 0.2348 0.2510 0.2087 0.3055 
         234  1 0.2142 0.2660 0.2556 0.2642 
         235  1 0.2125 0.2648 0.2769 0.2459 
         236  1 0.2734 0.2403 0.2388 0.2475 
         237  1 0.2377 0.2591 0.2318 0.2714 
         238  1 0.2346 0.2567 0.2535 0.2553 
         239  1 0.2150 0.2645 0.2666 0.2539 
         240  1 0.2265 0.2564 0.2755 0.2416 
         241  1 0.2314 0.2525 0.2343 0.2818 
         242  1 0.2426 0.2522 0.2600 0.2452 
         243  1 0.2663 0.2434 0.2250 0.2653 
         244  1 0.2181 0.2629 0.2714 0.2476 
         245  1 0.2210 0.2603 0.2439 0.2748 
         246  1 0.2487 0.2475 0.2391 0.2646 
         247  1 0.2071 0.2723 0.2861 0.2344 
         248  1 0.2473 0.2540 0.2869 0.2118 
         249  1 0.2081 0.2682 0.2939 0.2298 
         250  1 0.2067 0.2649 0.2839 0.2445 
         251  1 0.2577 0.2480 0.2587 0.2355 
         252  1 0.2398 0.2557 0.2805 0.2239 
         253  1 0.2507 0.2513 0.2405 0.2575 
         254  1 0.2966 0.2315 0.2615 0.2103 
         255  1 0.3475 0.2154 0.2444 0.1927 
         256  1 0.2674 0.2453 0.2754 0.2119 
         257  1 0.2443 0.2560 0.2723 0.2273 
         258  1 0.3071 0.2294 0.2411 0.2224 
         259  1 0.2106 0.2675 0.2604 0.2614 
         260  1 0.2919 0.2356 0.2404 0.2320 
         261  1 0.2987 0.2358 0.2428 0.2226 
         262  1 0.2230 0.2620 0.2417 0.2734 
         263  1 0.2146 0.2655 0.2940 0.2259 
         264  1 0.2646 0.2500 0.2444 0.2410 
         265  1 0.3153 0.2297 0.2393 0.2157 
         266  1 0.2601 0.2468 0.2512 0.2418 
         267  1 0.2909 0.2346 0.2358 0.2388 
         268  1 0.2191 0.2544 0.2613 0.2651 
         269  1 0.2662 0.2419 0.2407 0.2511 
         270  1 0.2968 0.2325 0.2338 0.2369 
         271  1 0.2637 0.2459 0.2464 0.2439 
         272  1 0.2469 0.2504 0.2336 0.2690 
         273  1 0.2116 0.2677 0.2723 0.2485 
         274  1 0.2709 0.2374 0.2472 0.2445 
         275  1 0.2702 0.2435 0.2202 0.2660 
         276  1 0.2836 0.2441 0.2490 0.2233 
         277  1 0.2906 0.2325 0.2497 0.2272 
         278  1 0.2699 0.2414 0.2640 0.2247 
         279  1 0.2436 0.2596 0.2521 0.2448 
         280  1 0.3069 0.2296 0.2039 0.2595 
         281  1 0.2546 0.2438 0.2075 0.2941 
         282  1 0.2570 0.2506 0.2783 0.2141 
         283  1 0.3135 0.2289 0.2111 0.2465 
         284  1 0.2250 0.2605 0.2685 0.2461 
         285  1 0.2864 0.2387 0.2479 0.2269 
         286  1 0.2335 0.2580 0.2467 0.2618 
         287  1 0.2805 0.2374 0.2402 0.2420 
         288  1 0.2758 0.2380 0.2171 0.2692 
         289  1 0.2401 0.2560 0.2690 0.2348 
         290  1 0.3026 0.2339 0.2048 0.2588 
         291  1 0.2923 0.2379 0.2302 0.2395 
         292  1 0.2459 0.2520 0.2521 0.2500 
         293  1 0.2904 0.2409 0.2468 0.2219 
         294  1 0.3361 0.2215 0.2268 0.2156 
         295  1 0.2608 0.2481 0.2569 0.2343 
         296  1 0.2409 0.2519 0.2482 0.2591 
         297  1 0.2950 0.2332 0.2435 0.2283 
         298  1 0.2302 0.2583 0.2769 0.2346 
         299  1 0.2510 0.2464 0.2381 0.2644 
         300  1 0.2744 0.2414 0.2437 0.2405 
         301  1 0.3486 0.2183 0.2351 0.1980 
         302  1 0.2396 0.2525 0.2260 0.2818 
         303  1 0.3005 0.2354 0.2138 0.2502 
         304  1 0.2463 0.2488 0.2319 0.2730 
         305  1 0.2740 0.2399 0.2311 0.2550 
         306  1 0.2720 0.2407 0.2352 0.2522 
         307  1 0.2309 0.2540 0.2557 0.2595 
         308  1 0.3367 0.2164 0.2175 0.2293 
         309  1 0.1975 0.2732 0.2620 0.2673 
         310  1 0.1970 0.2744 0.3085 0.2201 
         311  1 0.2850 0.2372 0.2496 0.2282 
         312  1 0.2968 0.2301 0.2365 0.2365 
         313  1 0.2697 0.2435 0.2388 0.2480 
         314  1 0.2806 0.2435 0.2290 0.2470 
         315  1 0.2446 0.2540 0.2791 0.2224 
         316  1 0.2456 0.2519 0.2686 0.2340 
         317  1 0.2636 0.2448 0.2395 0.2522 
         318  1 0.2237 0.2598 0.2938 0.2227 
         319  1 0.3123 0.2242 0.2127 0.2508 
         320  1 0.2448 0.2536 0.2668 0.2348 
         321  1 0.2215 0.2645 0.2734 0.2406 
         322  1 0.3376 0.2185 0.2321 0.2119 
         323  1 0.2486 0.2551 0.2402 0.2561 
         324  1 0.2451 0.2557 0.2722 0.2271 
         325  1 0.2707 0.2463 0.2404 0.2426 
         326  1 0.2306 0.2650 0.2823 0.2221 
         327  1 0.2294 0.2566 0.2750 0.2390 
         328  1 0.2716 0.2405 0.2626 0.2253 
         329  1 0.2584 0.2462 0.2571 0.2383 
         330  1 0.2606 0.2499 0.2517 0.2377 
         331  1 0.2346 0.2548 0.2648 0.2457 
         332  1 0.2165 0.2650 0.2817 0.2368 
         333  1 0.2648 0.2448 0.2454 0.2449 
         334  1 0.2596 0.2443 0.2428 0.2534 
         335  1 0.2964 0.2350 0.2468 0.2218 
         336  1 0.2749 0.2393 0.2154 0.2705 
         337  1 0.2703 0.2368 0.2194 0.2734 
         338  1 0.2685 0.2431 0.2310 0.2574 
         339  1 0.2476 0.2559 0.2315 0.2650 
         340  1 0.2200 0.2579 0.2570 0.2650 
         341  1 0.2609 0.2431 0.2371 0.2588 
         342  1 0.2911 0.2350 0.2228 0.2511 
         343  1 0.2143 0.2650 0.2591 0.2616 
         344  1 0.2446 0.2573 0.2662 0.2320 
         345  1 0.2203 0.2632 0.2663 0.2501 
         346  1 0.2110 0.2610 0.2492 0.2788 
         347  1 0.2577 0.2446 0.2246 0.2731 
