           1  1 0.1004 0.0975 0.1186 0.1004 0.1041 0.1233 0.1105 0.1142 0.1311 
           2  1 0.1167 0.1160 0.1048 0.1146 0.1069 0.1167 0.1106 0.1093 0.1043 
           3  1 0.1154 0.1282 0.1152 0.1252 0.1067 0.1041 0.0951 0.1076 0.1025 
           4  1 0.1168 0.1034 0.0967 0.1075 0.1108 0.1059 0.1344 0.1167 0.1078 
           5  1 0.1235 0.1183 0.1142 0.1278 0.1120 0.1040 0.0947 0.1082 0.0972 
           6  1 0.1076 0.1077 0.1059 0.1062 0.1136 0.1127 0.1272 0.1116 0.1076 
           7  1 0.1132 0.1017 0.1147 0.1049 0.1138 0.1167 0.1035 0.1155 0.1159 
           8  1 0.1151 0.1083 0.1199 0.1189 0.1180 0.1013 0.0855 0.1272 0.1058 
           9  1 0.0928 0.1064 0.1220 0.1050 0.1135 0.1191 0.0972 0.1170 0.1270 
          10  1 0.1103 0.1085 0.1147 0.1153 0.1157 0.1056 0.1007 0.1130 0.1163 
          11  1 0.1067 0.1244 0.1200 0.1282 0.1070 0.1060 0.0936 0.1056 0.1084 
          12  1 0.1134 0.1133 0.1114 0.1104 0.1183 0.1142 0.1047 0.1038 0.1105 
          13  1 0.1237 0.1211 0.1136 0.1096 0.1288 0.1034 0.0867 0.1170 0.0960 
          14  1 0.1151 0.1073 0.1096 0.1067 0.1095 0.1102 0.1136 0.1223 0.1057 
          15  1 0.1087 0.1051 0.1201 0.1095 0.1095 0.1132 0.0964 0.1076 0.1300 
          16  1 0.0984 0.1021 0.1226 0.1040 0.1090 0.1175 0.1000 0.1218 0.1246 
          17  1 0.1107 0.1274 0.1058 0.1207 0.0932 0.1037 0.1330 0.1048 0.1007 
          18  1 0.1140 0.1194 0.1132 0.1149 0.1089 0.1119 0.1018 0.1130 0.1029 
          19  1 0.1054 0.1105 0.1170 0.1139 0.1086 0.1171 0.1006 0.1161 0.1107 
          20  1 0.0920 0.1125 0.1259 0.1078 0.1047 0.1211 0.1104 0.1017 0.1239 
          21  1 0.0932 0.0937 0.1237 0.0996 0.1029 0.1411 0.1156 0.0971 0.1330 
          22  1 0.0940 0.0877 0.1179 0.0930 0.0998 0.1363 0.1166 0.1153 0.1394 
          23  1 0.1187 0.1161 0.1076 0.1118 0.1061 0.1128 0.1166 0.1075 0.1029 
          24  1 0.1215 0.1167 0.1037 0.1149 0.1109 0.1047 0.1194 0.1063 0.1019 
          25  1 0.1025 0.1071 0.1089 0.1020 0.1048 0.1136 0.1277 0.1106 0.1226 
          26  1 0.1162 0.1354 0.1156 0.1222 0.1142 0.1005 0.0921 0.1041 0.0998 
          27  1 0.1189 0.1176 0.1131 0.1084 0.1163 0.1098 0.0968 0.1144 0.1048 
          28  1 0.0991 0.0988 0.1157 0.0978 0.0971 0.1279 0.1127 0.1122 0.1387 
          29  1 0.1056 0.1393 0.1195 0.1354 0.1078 0.1029 0.0920 0.1033 0.0942 
          30  1 0.1128 0.1097 0.1186 0.1121 0.1100 0.1117 0.0949 0.1164 0.1137 
          31  1 0.1255 0.1109 0.1083 0.1210 0.1169 0.1022 0.0981 0.1139 0.1031 
          32  1 0.1096 0.1086 0.1172 0.1139 0.1104 0.1136 0.1116 0.1111 0.1040 
          33  1 0.1011 0.0987 0.1140 0.1067 0.1060 0.1229 0.1123 0.1105 0.1278 
          34  1 0.1095 0.1174 0.1128 0.1103 0.1046 0.1173 0.1068 0.1071 0.1142 
          35  1 0.1105 0.1155 0.1191 0.1104 0.1050 0.1073 0.0995 0.1128 0.1199 
          36  1 0.1151 0.1041 0.1105 0.1036 0.1163 0.1090 0.1019 0.1157 0.1239 
          37  1 0.1203 0.1482 0.1205 0.1472 0.1088 0.0972 0.0824 0.0946 0.0807 
          38  1 0.1100 0.1426 0.1259 0.1382 0.1156 0.0862 0.0828 0.1116 0.0870 
          39  1 0.0827 0.0769 0.1198 0.0808 0.0933 0.1412 0.1240 0.1081 0.1731 
          40  1 0.0751 0.0668 0.1234 0.0713 0.0875 0.1495 0.1344 0.1048 0.1872 
          41  1 0.1006 0.1069 0.1216 0.1081 0.1037 0.1220 0.1095 0.1066 0.1210 
          42  1 0.1240 0.1137 0.1086 0.1059 0.1263 0.1113 0.1019 0.1051 0.1032 
          43  1 0.1048 0.1195 0.1133 0.1216 0.1125 0.1058 0.1018 0.1208 0.0999 
          44  1 0.1274 0.1029 0.1039 0.1162 0.1191 0.0934 0.1059 0.1122 0.1189 
          45  1 0.1131 0.1154 0.1114 0.1220 0.1122 0.1160 0.1043 0.1057 0.0998 
          46  1 0.1205 0.0940 0.1057 0.1064 0.1371 0.1107 0.1037 0.1172 0.1047 
          47  1 0.1147 0.0986 0.1127 0.0994 0.1307 0.1145 0.1046 0.1202 0.1046 
          48  1 0.1172 0.1107 0.1061 0.1155 0.1185 0.0934 0.1107 0.1176 0.1102 
          49  1 0.1102 0.1572 0.1242 0.1413 0.1118 0.0932 0.0827 0.0974 0.0822 
          50  1 0.1045 0.1342 0.1200 0.1298 0.1168 0.1007 0.0861 0.1158 0.0921 
          51  1 0.1102 0.1386 0.1231 0.1329 0.1114 0.0994 0.0856 0.1083 0.0903 
          52  1 0.1087 0.1196 0.1170 0.1171 0.1224 0.1075 0.0847 0.1274 0.0956 
          53  1 0.0981 0.1114 0.1206 0.1111 0.0995 0.1212 0.1137 0.1049 0.1197 
          54  1 0.1197 0.1068 0.1079 0.1091 0.1184 0.1071 0.1084 0.1161 0.1064 
          55  1 0.1063 0.1009 0.1072 0.1035 0.1256 0.1141 0.1101 0.1272 0.1051 
          56  1 0.1140 0.1208 0.1147 0.1131 0.1114 0.1065 0.0998 0.1144 0.1053 
          57  1 0.0862 0.0891 0.1260 0.0932 0.0971 0.1463 0.1043 0.1130 0.1448 
          58  1 0.1137 0.1233 0.1164 0.1203 0.1064 0.1055 0.0982 0.1165 0.0997 
          59  1 0.1118 0.1229 0.1115 0.1246 0.1206 0.0999 0.1041 0.1145 0.0902 
          60  1 0.0715 0.0788 0.1298 0.0772 0.0873 0.1396 0.1199 0.1024 0.1935 
          61  1 0.0967 0.1020 0.1203 0.1051 0.0991 0.1330 0.1077 0.1078 0.1283 
          62  1 0.1233 0.0947 0.1015 0.1065 0.1213 0.1037 0.1203 0.1199 0.1088 
          63  1 0.1154 0.1181 0.1174 0.1172 0.1255 0.1000 0.0868 0.1188 0.1009 
          64  1 0.0968 0.0927 0.1187 0.0973 0.0958 0.1307 0.1086 0.1077 0.1517 
          65  1 0.1159 0.1040 0.1096 0.1054 0.1109 0.1182 0.1148 0.1136 0.1077 
          66  1 0.1019 0.1101 0.1192 0.1090 0.1158 0.1214 0.0994 0.1145 0.1088 
          67  1 0.1089 0.1021 0.1163 0.1091 0.1351 0.1083 0.0848 0.1274 0.1081 
          68  1 0.1194 0.0983 0.1002 0.1047 0.1168 0.0999 0.1247 0.1249 0.1111 
          69  1 0.1254 0.1011 0.1145 0.1087 0.1154 0.1122 0.1101 0.1075 0.1050 
          70  1 0.1056 0.1084 0.1141 0.1083 0.1180 0.1132 0.1059 0.1146 0.1119 
          71  1 0.1045 0.1065 0.1176 0.1033 0.0932 0.1206 0.1171 0.1037 0.1336 
          72  1 0.1142 0.1270 0.1140 0.1251 0.1157 0.1084 0.0950 0.1018 0.0987 
          73  1 0.1181 0.1410 0.1187 0.1361 0.1002 0.1051 0.0867 0.1001 0.0941 
          74  1 0.0979 0.1029 0.1266 0.1005 0.0975 0.1349 0.1131 0.0997 0.1269 
          75  1 0.1162 0.1209 0.1140 0.1254 0.1057 0.1106 0.0923 0.1108 0.1042 
          76  1 0.0978 0.0905 0.1202 0.0934 0.0997 0.1388 0.1124 0.1087 0.1384 
          77  1 0.1182 0.1060 0.1085 0.1123 0.1135 0.1053 0.0967 0.1207 0.1189 
          78  1 0.1224 0.1094 0.1053 0.1169 0.1168 0.1020 0.1002 0.1172 0.1097 
          79  1 0.0759 0.0730 0.1238 0.0763 0.0934 0.1522 0.1270 0.1091 0.1693 
          80  1 0.1132 0.1169 0.1080 0.1145 0.1106 0.1091 0.1049 0.1156 0.1072 
          81  1 0.1193 0.1169 0.1178 0.1177 0.1068 0.1152 0.1063 0.1037 0.0962 
          82  1 0.1090 0.1195 0.1171 0.1259 0.1068 0.1079 0.0986 0.1080 0.1074 
          83  1 0.1125 0.1147 0.1197 0.1133 0.1078 0.1114 0.1013 0.1105 0.1088 
          84  1 0.1072 0.1016 0.1066 0.1071 0.1210 0.1166 0.1025 0.1231 0.1142 
          85  1 0.1178 0.1298 0.1167 0.1340 0.1016 0.1079 0.0955 0.1004 0.0964 
          86  1 0.1051 0.1078 0.1108 0.1074 0.1053 0.1125 0.1160 0.1169 0.1182 
          87  1 0.1060 0.1298 0.1161 0.1259 0.1041 0.1038 0.1058 0.1039 0.1045 
          88  1 0.1153 0.0813 0.1040 0.0925 0.1330 0.1159 0.1149 0.1242 0.1189 
          89  1 0.1075 0.1239 0.1197 0.1244 0.1178 0.1005 0.0885 0.1223 0.0952 
          90  1 0.1182 0.1027 0.1053 0.1095 0.1122 0.1034 0.1081 0.1224 0.1182 
          91  1 0.1203 0.1058 0.1074 0.1114 0.1163 0.0999 0.1066 0.1218 0.1103 
          92  1 0.1072 0.0986 0.1174 0.1042 0.1008 0.1268 0.0948 0.1149 0.1354 
          93  1 0.1161 0.1085 0.1139 0.1107 0.1161 0.1075 0.1003 0.1169 0.1102 
          94  1 0.1105 0.0913 0.1143 0.1012 0.1079 0.1113 0.1107 0.1123 0.1404 
          95  1 0.1244 0.1081 0.1117 0.1140 0.1221 0.1091 0.0997 0.1080 0.1031 
          96  1 0.1188 0.1174 0.1184 0.1160 0.1185 0.1072 0.0948 0.1093 0.0996 
          97  1 0.1124 0.1097 0.1044 0.1112 0.1113 0.1036 0.1231 0.1155 0.1087 
          98  1 0.1151 0.1193 0.1183 0.1157 0.1093 0.1053 0.0996 0.1166 0.1009 
          99  1 0.1152 0.1214 0.1153 0.1132 0.1141 0.1089 0.0944 0.1123 0.1050 
         100  1 0.1165 0.0987 0.1077 0.0971 0.1300 0.1088 0.1161 0.1178 0.1073 
         101  1 0.1279 0.1113 0.1031 0.1065 0.1219 0.1100 0.1084 0.1112 0.0997 
         102  1 0.1128 0.1082 0.1009 0.1092 0.1076 0.1095 0.1309 0.1122 0.1087 
         103  1 0.1295 0.0977 0.1011 0.1019 0.1243 0.0967 0.1225 0.1123 0.1141 
         104  1 0.1158 0.1010 0.1043 0.1064 0.1133 0.1089 0.1170 0.1179 0.1154 
         105  1 0.1220 0.1265 0.1155 0.1280 0.1110 0.1038 0.0912 0.1035 0.0985 
         106  1 0.1268 0.1220 0.1138 0.1168 0.1185 0.1030 0.0892 0.1083 0.1016 
         107  1 0.1205 0.1093 0.1055 0.1062 0.1215 0.1127 0.1066 0.1126 0.1052 
         108  1 0.1138 0.0998 0.1019 0.1041 0.1147 0.1116 0.1221 0.1254 0.1066 
         109  1 0.1240 0.1129 0.1107 0.1111 0.1075 0.1087 0.0998 0.1151 0.1102 
         110  1 0.1216 0.1048 0.1129 0.1119 0.1054 0.1194 0.1129 0.1086 0.1025 
         111  1 0.1093 0.1216 0.1163 0.1153 0.1218 0.0964 0.1090 0.1145 0.0956 
         112  1 0.1082 0.1238 0.1101 0.1252 0.1001 0.1078 0.1014 0.1021 0.1212 
         113  1 0.0972 0.0923 0.1227 0.0960 0.0995 0.1377 0.1138 0.1012 0.1398 
         114  1 0.1192 0.1080 0.1102 0.1113 0.1115 0.1135 0.1074 0.1172 0.1016 
         115  1 0.1267 0.1024 0.1005 0.1035 0.1251 0.1068 0.1197 0.1161 0.0992 
         116  1 0.1070 0.1055 0.1042 0.1063 0.1145 0.1113 0.1161 0.1274 0.1078 
         117  1 0.1073 0.1159 0.1155 0.1110 0.1101 0.1127 0.1106 0.1119 0.1050 
         118  1 0.1154 0.1185 0.1158 0.1255 0.1178 0.0918 0.0923 0.1221 0.1008 
         119  1 0.1163 0.1253 0.1114 0.1206 0.1260 0.1054 0.0989 0.1064 0.0895 
         120  1 0.1204 0.1222 0.1074 0.1190 0.1183 0.0938 0.1098 0.1068 0.1022 
         121  1 0.1170 0.1247 0.1165 0.1213 0.1189 0.1033 0.0877 0.1095 0.1010 
         122  1 0.1017 0.0950 0.1207 0.0932 0.1032 0.1264 0.1083 0.1087 0.1429 
         123  1 0.0906 0.1094 0.1243 0.1054 0.1028 0.1213 0.1117 0.1076 0.1269 
         124  1 0.0793 0.0804 0.1192 0.0841 0.0936 0.1369 0.1329 0.1035 0.1703 
         125  1 0.1072 0.1106 0.1153 0.1113 0.1090 0.1077 0.1132 0.1068 0.1187 
         126  1 0.0931 0.0836 0.1182 0.0842 0.0990 0.1401 0.1249 0.1086 0.1483 
         127  1 0.1109 0.1005 0.1148 0.1152 0.1267 0.1074 0.0867 0.1244 0.1135 
         128  1 0.1219 0.1318 0.1124 0.1377 0.1015 0.1098 0.0930 0.0972 0.0947 
         129  1 0.1080 0.1128 0.1161 0.1146 0.1046 0.1123 0.1021 0.1093 0.1204 
         130  1 0.1102 0.1048 0.1094 0.1115 0.1166 0.1134 0.1063 0.1101 0.1178 
         131  1 0.1033 0.0925 0.0926 0.0944 0.1064 0.1154 0.1648 0.1127 0.1180 
         132  1 0.1153 0.1223 0.1125 0.1205 0.1127 0.0988 0.1028 0.1115 0.1035 
         133  1 0.0961 0.0887 0.1177 0.0920 0.1125 0.1285 0.1105 0.1241 0.1299 
         134  1 0.1010 0.1033 0.1150 0.1061 0.1047 0.1321 0.1173 0.1013 0.1192 
         135  1 0.1036 0.1644 0.1249 0.1486 0.1085 0.0912 0.0845 0.0894 0.0850 
         136  1 0.1183 0.0856 0.0978 0.1003 0.1257 0.1055 0.1241 0.1235 0.1191 
         137  1 0.1193 0.0948 0.1088 0.1086 0.1192 0.0974 0.0992 0.1323 0.1204 
         138  1 0.1113 0.1045 0.1045 0.1036 0.1168 0.1057 0.1240 0.1208 0.1089 
         139  1 0.1154 0.1178 0.1199 0.1229 0.1065 0.0987 0.0911 0.1157 0.1121 
         140  1 0.1047 0.0875 0.1151 0.0937 0.1117 0.1234 0.1153 0.1207 0.1279 
         141  1 0.1275 0.1068 0.1042 0.1046 0.1279 0.1030 0.1040 0.1149 0.1071 
         142  1 0.1127 0.1129 0.1044 0.1129 0.1130 0.0983 0.1144 0.1211 0.1102 
         143  1 0.1131 0.1352 0.1174 0.1262 0.1202 0.0981 0.0929 0.1013 0.0957 
         144  1 0.1085 0.1337 0.1156 0.1222 0.1042 0.1020 0.1109 0.1067 0.0962 
         145  1 0.1274 0.0983 0.1064 0.1075 0.1307 0.1041 0.1044 0.1193 0.1019 
         146  1 0.0916 0.0957 0.1190 0.0975 0.0977 0.1318 0.1171 0.1029 0.1468 
         147  1 0.1213 0.1122 0.1127 0.1261 0.1153 0.1066 0.0928 0.1139 0.0990 
         148  1 0.1136 0.1397 0.1217 0.1443 0.1052 0.1091 0.0864 0.0987 0.0813 
         149  1 0.1225 0.1145 0.1132 0.1174 0.1139 0.1119 0.1029 0.1081 0.0957 
         150  1 0.1110 0.1273 0.1172 0.1264 0.1093 0.1005 0.0930 0.1110 0.1043 
         151  1 0.1074 0.1468 0.1218 0.1358 0.1065 0.0952 0.0952 0.1036 0.0877 
         152  1 0.1075 0.1179 0.1106 0.1214 0.1098 0.1085 0.1116 0.1053 0.1072 
         153  1 0.1168 0.1364 0.1159 0.1312 0.1127 0.0960 0.0910 0.1089 0.0910 
         154  1 0.1175 0.1362 0.1100 0.1304 0.1078 0.1021 0.0962 0.1038 0.0960 
         155  1 0.1097 0.1024 0.1112 0.1062 0.1068 0.1116 0.1132 0.1164 0.1226 
         156  1 0.1278 0.0854 0.1031 0.1077 0.1218 0.0985 0.1138 0.1192 0.1226 
         157  1 0.1016 0.0907 0.1086 0.0949 0.1021 0.1256 0.1262 0.1155 0.1347 
         158  1 0.1035 0.1072 0.1212 0.1093 0.1060 0.1199 0.1095 0.1102 0.1133 
         159  1 0.1285 0.1044 0.1041 0.1009 0.1451 0.1059 0.1014 0.1078 0.1019 
         160  1 0.1018 0.1109 0.1165 0.1124 0.1054 0.1139 0.1063 0.1069 0.1259 
         161  1 0.1104 0.1140 0.1234 0.1157 0.1071 0.1196 0.1022 0.1006 0.1070 
         162  1 0.1015 0.1420 0.1215 0.1268 0.1029 0.1035 0.0969 0.1030 0.1018 
         163  1 0.1016 0.1137 0.1242 0.1074 0.0984 0.1130 0.1007 0.1084 0.1326 
         164  1 0.1171 0.1228 0.1154 0.1252 0.1073 0.1084 0.0937 0.1083 0.1017 
         165  1 0.1018 0.1201 0.1174 0.1214 0.1041 0.1121 0.1077 0.1030 0.1124 
         166  1 0.1141 0.1096 0.1161 0.1092 0.1122 0.1193 0.1098 0.1050 0.1048 
         167  1 0.1211 0.1061 0.0993 0.1067 0.1145 0.0986 0.1189 0.1240 0.1108 
         168  1 0.0980 0.0933 0.1199 0.0929 0.0973 0.1261 0.1175 0.1032 0.1517 
         169  1 0.1157 0.1239 0.1090 0.1237 0.1240 0.1026 0.0940 0.1143 0.0929 
         170  1 0.1165 0.1093 0.1164 0.1110 0.1148 0.1113 0.0992 0.1095 0.1121 
         171  1 0.1205 0.1134 0.1094 0.1119 0.1164 0.1096 0.1032 0.1171 0.0985 
         172  1 0.0719 0.0686 0.1299 0.0718 0.0833 0.1536 0.1385 0.0929 0.1895 
         173  1 0.1166 0.1008 0.1025 0.1039 0.1112 0.1073 0.1270 0.1151 0.1157 
         174  1 0.1136 0.1064 0.1013 0.0993 0.1123 0.1121 0.1299 0.1148 0.1104 
         175  1 0.1076 0.1114 0.1155 0.1112 0.1051 0.1100 0.1021 0.1169 0.1203 
         176  1 0.1097 0.1215 0.1210 0.1085 0.1063 0.1215 0.1006 0.1036 0.1071 
         177  1 0.1119 0.1305 0.1078 0.1198 0.0994 0.0972 0.1237 0.1062 0.1035 
         178  1 0.1261 0.1078 0.1116 0.1000 0.1258 0.1122 0.1041 0.1051 0.1073 
         179  1 0.1210 0.1128 0.1119 0.1161 0.1155 0.1010 0.0977 0.1169 0.1070 
         180  1 0.1190 0.1177 0.0993 0.1087 0.1066 0.0993 0.1320 0.1114 0.1060 
         181  1 0.1173 0.1363 0.1195 0.1197 0.1203 0.1026 0.0823 0.1138 0.0883 
         182  1 0.1126 0.1087 0.1129 0.1155 0.1089 0.1147 0.1072 0.1087 0.1110 
         183  1 0.1128 0.1043 0.1086 0.1087 0.1166 0.1094 0.1105 0.1163 0.1128 
         184  1 0.1056 0.0966 0.1101 0.0985 0.1070 0.1199 0.1301 0.1155 0.1167 
         185  1 0.1328 0.1121 0.1032 0.1193 0.1138 0.1191 0.1153 0.1051 0.0793 
         186  1 0.1191 0.0975 0.1075 0.1084 0.1138 0.1022 0.1039 0.1265 0.1211 
         187  1 0.1188 0.1076 0.1079 0.1166 0.1060 0.1070 0.1081 0.1208 0.1071 
         188  1 0.1100 0.1226 0.1178 0.1180 0.1096 0.1090 0.1000 0.1111 0.1019 
         189  1 0.1144 0.1205 0.1173 0.1235 0.1148 0.1003 0.0993 0.1073 0.1028 
         190  1 0.1175 0.1092 0.1099 0.1046 0.1311 0.1093 0.1055 0.1084 0.1045 
         191  1 0.1150 0.1162 0.1111 0.1181 0.1215 0.1007 0.1002 0.1113 0.1058 
         192  1 0.1095 0.1031 0.1063 0.1064 0.1137 0.1160 0.1143 0.1155 0.1151 
         193  1 0.1227 0.0984 0.1139 0.1080 0.1088 0.1115 0.0996 0.1140 0.1230 
         194  1 0.1142 0.1151 0.1135 0.1184 0.1204 0.1100 0.0988 0.1053 0.1042 
         195  1 0.1100 0.0931 0.0946 0.0855 0.1119 0.1213 0.1494 0.1150 0.1192 
         196  1 0.1167 0.1213 0.1106 0.1153 0.1190 0.1086 0.0991 0.1115 0.0979 
         197  1 0.1158 0.1258 0.1103 0.1197 0.1133 0.1025 0.1063 0.1073 0.0990 
         198  1 0.1149 0.1313 0.1091 0.1298 0.1072 0.1112 0.0978 0.1008 0.0979 
         199  1 0.1093 0.0910 0.0872 0.0874 0.1078 0.1115 0.1754 0.1099 0.1204 
         200  1 0.0998 0.1133 0.1192 0.1107 0.1032 0.1190 0.1073 0.1029 0.1246 
         201  1 0.0901 0.0884 0.1237 0.0911 0.1024 0.1376 0.1236 0.1058 0.1372 
         202  1 0.1040 0.1156 0.0993 0.1041 0.0969 0.1136 0.1629 0.0989 0.1046 
         203  1 0.1076 0.1288 0.1177 0.1293 0.1027 0.1115 0.0997 0.1022 0.1004 
         204  1 0.0890 0.0944 0.1142 0.0918 0.1031 0.1376 0.1267 0.1095 0.1337 
         205  1 0.1224 0.1118 0.1141 0.1115 0.1201 0.1118 0.0968 0.1091 0.1024 
         206  1 0.1050 0.1026 0.1128 0.1072 0.1060 0.1179 0.1168 0.1102 0.1216 
         207  1 0.1205 0.0969 0.1166 0.1085 0.1222 0.1041 0.0993 0.1205 0.1114 
         208  1 0.1133 0.1106 0.1152 0.1085 0.1186 0.1127 0.1033 0.1021 0.1158 
         209  1 0.1264 0.1012 0.1115 0.1133 0.1239 0.0960 0.0986 0.1134 0.1155 
         210  1 0.1113 0.1107 0.1146 0.1157 0.1060 0.1190 0.1147 0.1041 0.1039 
         211  1 0.1104 0.1310 0.1121 0.1314 0.1070 0.1080 0.1034 0.1064 0.0902 
         212  1 0.1087 0.0985 0.1172 0.1017 0.1054 0.1209 0.1123 0.1062 0.1290 
         213  1 0.0969 0.0927 0.1191 0.0967 0.1057 0.1262 0.1116 0.1111 0.1400 
         214  1 0.1088 0.0992 0.1068 0.1052 0.1156 0.1135 0.1202 0.1271 0.1036 
         215  1 0.1211 0.1140 0.1132 0.1087 0.1229 0.1102 0.0996 0.1037 0.1066 
         216  1 0.1133 0.1203 0.1143 0.1158 0.1112 0.1085 0.0983 0.1117 0.1066 
         217  1 0.1164 0.1261 0.1174 0.1203 0.1162 0.1036 0.0920 0.1145 0.0936 
         218  1 0.1224 0.1097 0.1168 0.1091 0.1219 0.1153 0.0964 0.1072 0.1010 
         219  1 0.1124 0.1190 0.1060 0.1263 0.1084 0.1049 0.1045 0.1090 0.1094 
         220  1 0.1047 0.1083 0.1220 0.1110 0.1052 0.1281 0.1106 0.0973 0.1127 
         221  1 0.1147 0.1096 0.1106 0.1171 0.1258 0.1031 0.0984 0.1181 0.1026 
         222  1 0.1146 0.1125 0.1164 0.1133 0.1305 0.0998 0.0932 0.1166 0.1032 
         223  1 0.1146 0.1133 0.1138 0.1102 0.1198 0.1113 0.0975 0.1141 0.1053 
         224  1 0.1031 0.1398 0.1217 0.1324 0.1040 0.1016 0.0935 0.0979 0.1059 
         225  1 0.1267 0.0869 0.1033 0.1067 0.1292 0.0940 0.1063 0.1247 0.1224 
         226  1 0.1183 0.1122 0.1105 0.1158 0.1142 0.1085 0.0987 0.1143 0.1075 
         227  1 0.1072 0.1118 0.1208 0.1113 0.1052 0.1149 0.1108 0.1032 0.1149 
         228  1 0.0985 0.1040 0.1167 0.1040 0.1007 0.1192 0.1163 0.1040 0.1366 
         229  1 0.1181 0.1186 0.1111 0.1167 0.1203 0.1065 0.1002 0.1133 0.0951 
         230  1 0.1063 0.1211 0.1187 0.1160 0.1104 0.1134 0.0983 0.1132 0.1025 
         231  1 0.1107 0.1148 0.1106 0.1113 0.1008 0.1071 0.1238 0.1108 0.1102 
         232  1 0.1165 0.1329 0.1195 0.1268 0.1011 0.1017 0.0916 0.1063 0.1034 
         233  1 0.0792 0.0816 0.1262 0.0881 0.0971 0.1446 0.1204 0.1008 0.1620 
         234  1 0.1096 0.1058 0.1194 0.1118 0.1088 0.1139 0.1059 0.1114 0.1134 
         235  1 0.1148 0.1007 0.1038 0.1036 0.1191 0.1049 0.1166 0.1192 0.1172 
         236  1 0.1056 0.1232 0.1130 0.1176 0.1126 0.1015 0.1134 0.1133 0.0998 
         237  1 0.0908 0.0910 0.1199 0.0883 0.0947 0.1256 0.1270 0.1092 0.1535 
         238  1 0.1155 0.1056 0.1110 0.1018 0.1273 0.1147 0.1087 0.1055 0.1098 
         239  1 0.1189 0.1080 0.1083 0.1112 0.1170 0.1079 0.1011 0.1150 0.1126 
         240  1 0.1082 0.0952 0.1031 0.1006 0.1080 0.1151 0.1314 0.1218 0.1166 
         241  1 0.1015 0.1092 0.1186 0.1071 0.1010 0.1183 0.1032 0.1097 0.1313 
         242  1 0.1209 0.1212 0.1092 0.1198 0.1221 0.1025 0.0948 0.1123 0.0973 
         243  1 0.0967 0.1267 0.1212 0.1170 0.1012 0.1129 0.0972 0.1054 0.1216 
         244  1 0.1095 0.1056 0.1082 0.1072 0.1072 0.1089 0.1200 0.1199 0.1135 
         245  1 0.1163 0.1088 0.1152 0.1041 0.1204 0.1164 0.1064 0.1073 0.1053 
         246  1 0.1180 0.1242 0.1088 0.1239 0.1077 0.1126 0.1039 0.1027 0.0983 
         247  1 0.1250 0.0849 0.0895 0.0974 0.1401 0.1030 0.1349 0.1191 0.1060 
         248  1 0.1237 0.1178 0.1119 0.1219 0.1176 0.0944 0.0986 0.1143 0.0998 
         249  1 0.1257 0.0892 0.1082 0.0999 0.1446 0.1061 0.1015 0.1177 0.1071 
         250  1 0.1200 0.1014 0.1128 0.1050 0.1250 0.1085 0.0988 0.1160 0.1126 
         251  1 0.1110 0.1210 0.1129 0.1120 0.1199 0.1065 0.1100 0.1057 0.1010 
         252  1 0.1198 0.1075 0.1057 0.1064 0.1205 0.1059 0.1101 0.1175 0.1065 
         253  1 0.1139 0.1156 0.1121 0.1092 0.1146 0.1117 0.1107 0.1084 0.1037 
         254  1 0.1113 0.1344 0.1119 0.1306 0.1148 0.0953 0.0916 0.1122 0.0980 
         255  1 0.1042 0.1212 0.0950 0.1106 0.1030 0.1040 0.1527 0.1046 0.1047 
         256  1 0.1013 0.0845 0.0929 0.0900 0.1272 0.1308 0.1285 0.1257 0.1191 
         257  1 0.1075 0.0797 0.0861 0.0824 0.1140 0.1273 0.1606 0.1196 0.1228 
         258  1 0.1117 0.1163 0.1010 0.1103 0.1072 0.1077 0.1338 0.1099 0.1021 
         259  1 0.1193 0.1098 0.1061 0.1115 0.1132 0.1066 0.1112 0.1120 0.1103 
         260  1 0.1118 0.1371 0.1119 0.1290 0.1131 0.0969 0.0985 0.1059 0.0958 
         261  1 0.0955 0.0633 0.0668 0.0549 0.0952 0.1341 0.2335 0.1161 0.1407 
         262  1 0.1148 0.0986 0.0987 0.1011 0.1115 0.1166 0.1343 0.1164 0.1079 
         263  1 0.1166 0.1013 0.1139 0.1081 0.1105 0.1062 0.1075 0.1237 0.1123 
         264  1 0.1041 0.1004 0.0964 0.0977 0.1115 0.1234 0.1398 0.1136 0.1132 
         265  1 0.1039 0.0885 0.0820 0.0803 0.1090 0.1182 0.1869 0.1095 0.1218 
         266  1 0.1209 0.1142 0.1113 0.1197 0.1065 0.1126 0.1132 0.1037 0.0978 
         267  1 0.1221 0.1199 0.1056 0.1240 0.1060 0.1147 0.1134 0.1054 0.0888 
         268  1 0.1145 0.1142 0.1102 0.1124 0.1134 0.1104 0.1106 0.1130 0.1012 
         269  1 0.1035 0.1003 0.0997 0.0923 0.1038 0.1189 0.1568 0.1124 0.1123 
         270  1 0.1085 0.1159 0.0975 0.1102 0.1074 0.1061 0.1306 0.1165 0.1074 
         271  1 0.1144 0.1090 0.1001 0.1132 0.1132 0.1151 0.1212 0.1086 0.1053 
         272  1 0.1049 0.0952 0.0992 0.0950 0.1063 0.1203 0.1507 0.1044 0.1240 
         273  1 0.1203 0.0977 0.1033 0.1031 0.1298 0.1017 0.1072 0.1209 0.1160 
         274  1 0.1042 0.1059 0.1006 0.1054 0.1077 0.1147 0.1350 0.1150 0.1116 
         275  1 0.1007 0.0968 0.0979 0.0941 0.0986 0.1217 0.1579 0.1049 0.1274 
         276  1 0.1158 0.0907 0.0940 0.0942 0.1121 0.1122 0.1461 0.1196 0.1153 
         277  1 0.1229 0.1169 0.1090 0.1195 0.1054 0.1219 0.1110 0.1043 0.0890 
         278  1 0.1058 0.0962 0.1075 0.1028 0.1346 0.1207 0.0967 0.1251 0.1107 
         279  1 0.0984 0.0775 0.0873 0.0802 0.1057 0.1327 0.1666 0.1168 0.1347 
         280  1 0.0997 0.1283 0.1269 0.1250 0.1038 0.1108 0.1042 0.1028 0.0984 
         281  1 0.1043 0.1060 0.1129 0.1080 0.1006 0.1314 0.1206 0.0978 0.1184 
         282  1 0.1172 0.1116 0.1080 0.1120 0.1142 0.1025 0.1152 0.1136 0.1059 
         283  1 0.0919 0.0961 0.1029 0.0906 0.0969 0.1293 0.1522 0.1076 0.1327 
         284  1 0.1254 0.1070 0.1088 0.1114 0.1153 0.1057 0.1063 0.1138 0.1063 
         285  1 0.1114 0.1185 0.1056 0.1096 0.1025 0.1090 0.1287 0.1091 0.1055 
         286  1 0.1112 0.0916 0.0942 0.0889 0.1202 0.1225 0.1415 0.1121 0.1179 
         287  1 0.1065 0.1215 0.1060 0.1096 0.1087 0.1082 0.1239 0.1088 0.1068 
         288  1 0.0982 0.1140 0.1148 0.1029 0.1030 0.1139 0.1316 0.1044 0.1170 
         289  1 0.1202 0.1144 0.1055 0.1082 0.1077 0.1051 0.1248 0.1124 0.1017 
         290  1 0.0958 0.1454 0.1262 0.1390 0.1081 0.1003 0.0935 0.0978 0.0939 
         291  1 0.1008 0.0838 0.0793 0.0814 0.1037 0.1211 0.1906 0.1143 0.1251 
         292  1 0.1163 0.0999 0.0928 0.0991 0.1085 0.1161 0.1610 0.1072 0.0991 
         293  1 0.0980 0.0735 0.0727 0.0680 0.1018 0.1300 0.2065 0.1167 0.1328 
         294  1 0.1088 0.1161 0.0959 0.1057 0.1077 0.1115 0.1417 0.1077 0.1051 
         295  1 0.1044 0.0854 0.0846 0.0838 0.1013 0.1192 0.1803 0.1129 0.1280 
         296  1 0.1125 0.1196 0.1134 0.1153 0.1137 0.1075 0.1026 0.1130 0.1024 
         297  1 0.0990 0.0782 0.0767 0.0738 0.1025 0.1315 0.2011 0.1153 0.1219 
         298  1 0.1202 0.1066 0.1149 0.1072 0.1237 0.1066 0.0996 0.1228 0.0984 
         299  1 0.1089 0.1207 0.1184 0.1169 0.1085 0.1132 0.1019 0.1074 0.1041 
         300  1 0.1037 0.0946 0.0886 0.0874 0.1066 0.1223 0.1686 0.1097 0.1185 
         301  1 0.1030 0.1100 0.0906 0.0994 0.1007 0.1053 0.1699 0.1098 0.1113 
         302  1 0.0939 0.1030 0.1175 0.1024 0.1050 0.1232 0.1228 0.1111 0.1212 
         303  1 0.0909 0.0747 0.0815 0.0721 0.0992 0.1323 0.2024 0.1096 0.1372 
         304  1 0.1035 0.1046 0.1134 0.1024 0.1043 0.1196 0.1190 0.1096 0.1237 
         305  1 0.1240 0.1224 0.1087 0.1278 0.1059 0.1126 0.1061 0.1014 0.0911 
         306  1 0.1159 0.1282 0.1130 0.1237 0.1085 0.1033 0.1034 0.1077 0.0962 
         307  1 0.1145 0.1080 0.1021 0.1103 0.1047 0.1131 0.1264 0.1135 0.1074 
         308  1 0.1147 0.1316 0.1100 0.1398 0.1026 0.1158 0.1033 0.0972 0.0850 
         309  1 0.1019 0.0845 0.1154 0.0926 0.1065 0.1260 0.1180 0.1153 0.1398 
         310  1 0.1221 0.0881 0.1038 0.1078 0.1262 0.0991 0.1081 0.1257 0.1191 
         311  1 0.1148 0.1401 0.1110 0.1409 0.1071 0.0940 0.0837 0.1155 0.0930 
         312  1 0.1155 0.1361 0.1184 0.1336 0.1114 0.1004 0.0852 0.1078 0.0914 
         313  1 0.1089 0.1254 0.1239 0.1186 0.0999 0.1013 0.0989 0.1119 0.1112 
         314  1 0.1103 0.1064 0.1035 0.1112 0.1048 0.1126 0.1352 0.1035 0.1125 
         315  1 0.1077 0.1028 0.1132 0.1094 0.1123 0.0998 0.1118 0.1280 0.1149 
         316  1 0.1133 0.1094 0.1185 0.1159 0.1156 0.1032 0.0907 0.1195 0.1139 
         317  1 0.1116 0.1215 0.1132 0.1167 0.1055 0.1059 0.1089 0.1132 0.1036 
         318  1 0.1228 0.1044 0.1090 0.1137 0.1199 0.1040 0.1042 0.1117 0.1103 
         319  1 0.1066 0.1316 0.1210 0.1296 0.1101 0.1058 0.0838 0.1093 0.1022 
         320  1 0.1119 0.1154 0.1128 0.1188 0.1146 0.1022 0.1044 0.1206 0.0993 
         321  1 0.1110 0.0969 0.1155 0.1064 0.1055 0.1091 0.1029 0.1185 0.1342 
         322  1 0.1126 0.1636 0.1242 0.1448 0.1077 0.0868 0.0777 0.0997 0.0828 
         323  1 0.1036 0.1004 0.1120 0.1004 0.1040 0.1281 0.1080 0.1142 0.1293 
         324  1 0.1105 0.1103 0.1147 0.1135 0.1261 0.1000 0.0913 0.1283 0.1054 
         325  1 0.1071 0.1441 0.1156 0.1353 0.1099 0.0940 0.0964 0.1020 0.0956 
         326  1 0.1170 0.0843 0.1014 0.0982 0.1166 0.1009 0.1238 0.1282 0.1296 
         327  1 0.1209 0.1104 0.1032 0.1089 0.1150 0.1096 0.1259 0.1091 0.0970 
         328  1 0.1179 0.1183 0.1078 0.1155 0.1049 0.1093 0.1160 0.1124 0.0978 
         329  1 0.1138 0.1262 0.1150 0.1208 0.1067 0.1034 0.0957 0.1123 0.1060 
         330  1 0.1195 0.1085 0.1033 0.1076 0.1133 0.1045 0.1128 0.1190 0.1115 
         331  1 0.1181 0.1111 0.1080 0.1110 0.1140 0.1071 0.1091 0.1170 0.1046 
         332  1 0.1179 0.1029 0.1052 0.1093 0.1140 0.1038 0.1131 0.1170 0.1167 
         333  1 0.1099 0.1353 0.1160 0.1259 0.1104 0.0999 0.1016 0.1040 0.0971 
         334  1 0.1244 0.1299 0.1172 0.1251 0.1126 0.1042 0.0919 0.1016 0.0928 
         335  1 0.1181 0.1350 0.1146 0.1301 0.1074 0.0986 0.0972 0.1064 0.0926 
         336  1 0.1117 0.1294 0.1193 0.1226 0.1125 0.1118 0.0958 0.1000 0.0969 
         337  1 0.1211 0.1161 0.1169 0.1113 0.1183 0.1120 0.0981 0.1031 0.1031 
         338  1 0.1088 0.1206 0.1075 0.1096 0.1056 0.1144 0.1196 0.1034 0.1104 
         339  1 0.1099 0.1087 0.1096 0.1099 0.1034 0.1180 0.1035 0.1138 0.1232 
         340  1 0.1191 0.1057 0.1033 0.1042 0.1235 0.1057 0.1161 0.1175 0.1048 
         341  1 0.1074 0.1263 0.1166 0.1228 0.1126 0.1065 0.0940 0.1074 0.1065 
         342  1 0.1044 0.1427 0.1191 0.1374 0.1097 0.1075 0.0938 0.0971 0.0884 
         343  1 0.1129 0.0963 0.0997 0.1028 0.1075 0.1079 0.1277 0.1200 0.1252 
         344  1 0.1135 0.1033 0.0941 0.1058 0.1219 0.0998 0.1382 0.1190 0.1043 
         345  1 0.1139 0.1047 0.1085 0.1076 0.1134 0.1059 0.1087 0.1185 0.1189 
         346  1 0.1120 0.1051 0.1107 0.1090 0.1148 0.1128 0.0989 0.1177 0.1189 
         347  1 0.1024 0.1167 0.1177 0.1121 0.1052 0.1093 0.1093 0.1009 0.1264 
