           1  1 0.1933 0.2426 0.1837 0.1647 0.2157 
           2  1 0.1973 0.2094 0.1997 0.1985 0.1952 
           3  1 0.2034 0.1864 0.2015 0.2136 0.1951 
           4  1 0.2052 0.1748 0.2135 0.2165 0.1901 
           5  1 0.2117 0.1671 0.2073 0.2079 0.2060 
           6  1 0.2034 0.1944 0.2105 0.1932 0.1986 
           7  1 0.1997 0.2133 0.2064 0.1706 0.2101 
           8  1 0.2179 0.1639 0.2136 0.1937 0.2108 
           9  1 0.1949 0.2158 0.1914 0.1908 0.2071 
          10  1 0.2142 0.1888 0.1993 0.1901 0.2077 
          11  1 0.1871 0.2111 0.1811 0.2228 0.1979 
          12  1 0.1905 0.2239 0.1856 0.1928 0.2072 
          13  1 0.1989 0.1745 0.2130 0.2113 0.2023 
          14  1 0.2066 0.1971 0.2160 0.1817 0.1987 
          15  1 0.1988 0.2206 0.1955 0.1715 0.2136 
          16  1 0.1941 0.2229 0.1926 0.1813 0.2091 
          17  1 0.1827 0.1815 0.1846 0.2747 0.1765 
          18  1 0.1979 0.2070 0.2004 0.1923 0.2024 
          19  1 0.1943 0.2212 0.1924 0.1913 0.2008 
          20  1 0.1794 0.2443 0.1701 0.2060 0.2002 
          21  1 0.1836 0.2553 0.1746 0.1743 0.2122 
          22  1 0.1911 0.2510 0.1759 0.1773 0.2048 
          23  1 0.1967 0.2125 0.1970 0.1954 0.1985 
          24  1 0.2039 0.1852 0.2133 0.1994 0.1983 
          25  1 0.1942 0.2206 0.1944 0.1891 0.2016 
          26  1 0.1899 0.1970 0.1917 0.2233 0.1980 
          27  1 0.1965 0.2035 0.2092 0.1828 0.2080 
          28  1 0.1840 0.2540 0.1864 0.1717 0.2039 
          29  1 0.1847 0.2018 0.1800 0.2466 0.1869 
          30  1 0.2012 0.2039 0.2023 0.1830 0.2096 
          31  1 0.2099 0.1744 0.2144 0.2055 0.1958 
          32  1 0.2080 0.2022 0.2028 0.1794 0.2075 
          33  1 0.1916 0.2342 0.1830 0.1803 0.2110 
          34  1 0.1860 0.2157 0.1919 0.2030 0.2035 
          35  1 0.1983 0.2214 0.1950 0.1790 0.2063 
          36  1 0.2094 0.2004 0.2059 0.1681 0.2162 
          37  1 0.1920 0.1643 0.1923 0.2644 0.1869 
          38  1 0.2026 0.1603 0.1944 0.2506 0.1920 
          39  1 0.1785 0.2709 0.1683 0.1691 0.2133 
          40  1 0.1724 0.2988 0.1554 0.1599 0.2135 
          41  1 0.1799 0.2440 0.1713 0.2016 0.2033 
          42  1 0.2029 0.1892 0.2116 0.1925 0.2038 
          43  1 0.1982 0.1928 0.1971 0.2248 0.1872 
          44  1 0.2360 0.1466 0.2181 0.1874 0.2119 
          45  1 0.1905 0.2079 0.2008 0.2020 0.1988 
          46  1 0.2194 0.1891 0.2115 0.1717 0.2083 
          47  1 0.2093 0.2027 0.2061 0.1687 0.2132 
          48  1 0.2209 0.1533 0.2186 0.2078 0.1994 
          49  1 0.1742 0.1902 0.1688 0.2915 0.1752 
          50  1 0.1989 0.1780 0.1986 0.2368 0.1877 
          51  1 0.1914 0.1748 0.1927 0.2539 0.1872 
          52  1 0.1953 0.1834 0.2177 0.2069 0.1967 
          53  1 0.1826 0.2456 0.1696 0.2011 0.2010 
          54  1 0.2103 0.2013 0.2073 0.1705 0.2106 
          55  1 0.2041 0.2132 0.2023 0.1758 0.2046 
          56  1 0.1884 0.2066 0.2060 0.1956 0.2034 
          57  1 0.1789 0.2555 0.1631 0.2028 0.1997 
          58  1 0.1948 0.1954 0.2005 0.2154 0.1939 
          59  1 0.2114 0.1664 0.2063 0.2316 0.1843 
          60  1 0.1751 0.2877 0.1546 0.1719 0.2107 
          61  1 0.1819 0.2600 0.1687 0.1810 0.2083 
          62  1 0.2273 0.1655 0.2291 0.1690 0.2092 
          63  1 0.2124 0.1668 0.2097 0.2082 0.2029 
          64  1 0.1863 0.2513 0.1783 0.1755 0.2086 
          65  1 0.2050 0.2120 0.1945 0.1785 0.2099 
          66  1 0.1840 0.2324 0.1843 0.1988 0.2005 
          67  1 0.2103 0.1609 0.2257 0.1934 0.2097 
          68  1 0.2263 0.1660 0.2260 0.1797 0.2020 
          69  1 0.2096 0.1949 0.2011 0.1889 0.2055 
          70  1 0.2058 0.1891 0.1999 0.2019 0.2033 
          71  1 0.1864 0.2312 0.1777 0.2043 0.2003 
          72  1 0.1957 0.1883 0.2030 0.2138 0.1992 
          73  1 0.1786 0.2078 0.1761 0.2538 0.1837 
          74  1 0.1844 0.2457 0.1737 0.1883 0.2079 
          75  1 0.2030 0.1923 0.2040 0.1994 0.2012 
          76  1 0.1922 0.2502 0.1719 0.1722 0.2134 
          77  1 0.2160 0.1777 0.2137 0.1884 0.2041 
          78  1 0.2160 0.1715 0.2211 0.1818 0.2097 
          79  1 0.1848 0.2757 0.1647 0.1593 0.2154 
          80  1 0.1954 0.2029 0.2102 0.1923 0.1992 
          81  1 0.2032 0.1997 0.1997 0.1970 0.2005 
          82  1 0.1925 0.2153 0.1901 0.2008 0.2014 
          83  1 0.2010 0.2046 0.1966 0.2003 0.1975 
          84  1 0.2074 0.1879 0.2191 0.1783 0.2073 
          85  1 0.1852 0.2132 0.1801 0.2318 0.1897 
          86  1 0.2033 0.1846 0.2073 0.2085 0.1964 
          87  1 0.1853 0.1835 0.1853 0.2692 0.1768 
          88  1 0.2231 0.2010 0.2075 0.1573 0.2111 
          89  1 0.1932 0.1860 0.1954 0.2336 0.1918 
          90  1 0.2156 0.1968 0.2133 0.1715 0.2029 
          91  1 0.2170 0.1796 0.2127 0.1817 0.2091 
          92  1 0.1946 0.2104 0.1814 0.2218 0.1918 
          93  1 0.2126 0.1885 0.2153 0.1772 0.2064 
          94  1 0.2077 0.2099 0.1964 0.1699 0.2161 
          95  1 0.2113 0.1972 0.2099 0.1697 0.2119 
          96  1 0.2029 0.1990 0.2005 0.1905 0.2071 
          97  1 0.1960 0.1875 0.2062 0.2175 0.1928 
          98  1 0.2049 0.1895 0.2068 0.1945 0.2043 
          99  1 0.1966 0.1909 0.2111 0.1984 0.2031 
         100  1 0.2047 0.2065 0.2104 0.1738 0.2045 
         101  1 0.2076 0.1713 0.2280 0.1877 0.2054 
         102  1 0.2021 0.1958 0.2086 0.2049 0.1886 
         103  1 0.2240 0.1731 0.2196 0.1761 0.2072 
         104  1 0.2168 0.2000 0.2079 0.1688 0.2066 
         105  1 0.2015 0.1863 0.1986 0.2130 0.2005 
         106  1 0.2115 0.1615 0.2098 0.2134 0.2039 
         107  1 0.2109 0.1901 0.2110 0.1841 0.2038 
         108  1 0.2073 0.1988 0.2098 0.1819 0.2022 
         109  1 0.1994 0.2045 0.2049 0.1806 0.2105 
         110  1 0.2043 0.2080 0.1990 0.1844 0.2044 
         111  1 0.2024 0.1755 0.2125 0.2198 0.1899 
         112  1 0.1826 0.2242 0.1818 0.2175 0.1938 
         113  1 0.1827 0.2650 0.1730 0.1673 0.2119 
         114  1 0.2014 0.2053 0.2059 0.1827 0.2048 
         115  1 0.2161 0.1797 0.2204 0.1866 0.1972 
         116  1 0.2089 0.1880 0.2120 0.1942 0.1969 
         117  1 0.1950 0.2140 0.1970 0.1945 0.1995 
         118  1 0.2172 0.1548 0.2215 0.2015 0.2051 
         119  1 0.2048 0.1817 0.2098 0.2065 0.1971 
         120  1 0.2142 0.1561 0.2122 0.2192 0.1984 
         121  1 0.2005 0.1974 0.2041 0.1945 0.2034 
         122  1 0.1949 0.2441 0.1849 0.1559 0.2202 
         123  1 0.1855 0.2384 0.1737 0.2005 0.2019 
         124  1 0.1793 0.2770 0.1717 0.1581 0.2139 
         125  1 0.2011 0.2120 0.1937 0.1927 0.2006 
         126  1 0.1861 0.2602 0.1760 0.1624 0.2153 
         127  1 0.2216 0.1643 0.2164 0.1891 0.2086 
         128  1 0.1843 0.2078 0.1866 0.2385 0.1828 
         129  1 0.1952 0.2231 0.1900 0.1880 0.2037 
         130  1 0.2054 0.2061 0.2080 0.1723 0.2081 
         131  1 0.2085 0.1884 0.2108 0.1963 0.1961 
         132  1 0.2047 0.1850 0.2005 0.2115 0.1983 
         133  1 0.1955 0.2480 0.1849 0.1577 0.2139 
         134  1 0.1846 0.2492 0.1787 0.1796 0.2079 
         135  1 0.1719 0.1868 0.1695 0.2962 0.1755 
         136  1 0.2311 0.1695 0.2349 0.1568 0.2077 
         137  1 0.2243 0.1727 0.2266 0.1597 0.2167 
         138  1 0.2210 0.1675 0.2222 0.1814 0.2079 
         139  1 0.2046 0.1792 0.1982 0.2156 0.2024 
         140  1 0.2077 0.2246 0.1995 0.1526 0.2155 
         141  1 0.2131 0.1706 0.2265 0.1797 0.2102 
         142  1 0.2082 0.1721 0.2232 0.2010 0.1955 
         143  1 0.1986 0.1913 0.1928 0.2239 0.1934 
         144  1 0.1914 0.1886 0.1921 0.2428 0.1851 
         145  1 0.2289 0.1837 0.2170 0.1598 0.2106 
         146  1 0.1812 0.2603 0.1750 0.1703 0.2132 
         147  1 0.2094 0.1894 0.2063 0.1912 0.2036 
         148  1 0.1776 0.1867 0.1824 0.2703 0.1829 
         149  1 0.2092 0.1740 0.2020 0.2140 0.2009 
         150  1 0.1875 0.1986 0.1973 0.2250 0.1917 
         151  1 0.1808 0.2031 0.1824 0.2511 0.1827 
         152  1 0.1980 0.2106 0.1916 0.2015 0.1984 
         153  1 0.1990 0.1781 0.1942 0.2481 0.1807 
         154  1 0.1984 0.1907 0.2007 0.2225 0.1876 
         155  1 0.2010 0.2183 0.2022 0.1750 0.2034 
         156  1 0.2321 0.1707 0.2213 0.1600 0.2159 
         157  1 0.1950 0.2402 0.1954 0.1587 0.2106 
         158  1 0.1904 0.2345 0.1869 0.1878 0.2003 
         159  1 0.2187 0.1680 0.2215 0.1787 0.2131 
         160  1 0.1995 0.2262 0.1815 0.1898 0.2030 
         161  1 0.2001 0.2139 0.1873 0.1932 0.2055 
         162  1 0.1807 0.2037 0.1786 0.2489 0.1881 
         163  1 0.1820 0.2428 0.1771 0.1950 0.2031 
         164  1 0.1985 0.1970 0.1923 0.2132 0.1990 
         165  1 0.1923 0.2070 0.1879 0.2180 0.1948 
         166  1 0.1996 0.2163 0.1881 0.1869 0.2091 
         167  1 0.2111 0.1806 0.2183 0.1890 0.2010 
         168  1 0.1848 0.2629 0.1756 0.1654 0.2114 
         169  1 0.2086 0.1692 0.2072 0.2259 0.1891 
         170  1 0.2074 0.2042 0.2058 0.1721 0.2104 
         171  1 0.2018 0.2022 0.2034 0.1920 0.2006 
         172  1 0.1705 0.3010 0.1506 0.1617 0.2162 
         173  1 0.2113 0.1970 0.2136 0.1736 0.2045 
         174  1 0.2066 0.2078 0.2062 0.1801 0.1994 
         175  1 0.2076 0.2039 0.2010 0.1805 0.2070 
         176  1 0.1859 0.2300 0.1915 0.1914 0.2011 
         177  1 0.1881 0.1794 0.1887 0.2647 0.1790 
         178  1 0.1945 0.2024 0.2106 0.1860 0.2065 
         179  1 0.2121 0.1930 0.2056 0.1859 0.2034 
         180  1 0.2029 0.1772 0.2121 0.2115 0.1962 
         181  1 0.1949 0.1644 0.2104 0.2380 0.1923 
         182  1 0.1982 0.2263 0.1911 0.1840 0.2004 
         183  1 0.2040 0.1941 0.2135 0.1832 0.2052 
         184  1 0.1984 0.2167 0.1972 0.1823 0.2053 
         185  1 0.2105 0.1730 0.2058 0.2185 0.1922 
         186  1 0.2202 0.1661 0.2228 0.1874 0.2035 
         187  1 0.2117 0.1858 0.2136 0.1889 0.2000 
         188  1 0.1987 0.1943 0.1989 0.2089 0.1993 
         189  1 0.2079 0.1763 0.2095 0.2036 0.2027 
         190  1 0.2015 0.1954 0.2160 0.1812 0.2059 
         191  1 0.2069 0.1771 0.2138 0.2034 0.1988 
         192  1 0.2036 0.1906 0.2165 0.1810 0.2083 
         193  1 0.2094 0.2034 0.2058 0.1641 0.2173 
         194  1 0.2000 0.2005 0.2045 0.1889 0.2061 
         195  1 0.2024 0.1899 0.2148 0.1964 0.1964 
         196  1 0.2085 0.1880 0.2065 0.1937 0.2034 
         197  1 0.1981 0.1888 0.2055 0.2119 0.1957 
         198  1 0.1831 0.2148 0.1858 0.2275 0.1888 
         199  1 0.2098 0.1828 0.2164 0.1968 0.1943 
         200  1 0.1898 0.2081 0.1794 0.2209 0.2018 
         201  1 0.1853 0.2740 0.1724 0.1551 0.2131 
         202  1 0.1893 0.2023 0.1847 0.2439 0.1797 
         203  1 0.1874 0.2089 0.1837 0.2296 0.1904 
         204  1 0.1862 0.2531 0.1825 0.1723 0.2059 
         205  1 0.1958 0.1987 0.2082 0.1974 0.1999 
         206  1 0.2024 0.2193 0.1965 0.1763 0.2055 
         207  1 0.2255 0.1737 0.2246 0.1573 0.2190 
         208  1 0.1930 0.2214 0.1970 0.1770 0.2116 
         209  1 0.2327 0.1669 0.2214 0.1620 0.2171 
         210  1 0.1926 0.2224 0.1928 0.1901 0.2021 
         211  1 0.1938 0.1981 0.1858 0.2376 0.1847 
         212  1 0.1909 0.2420 0.1815 0.1757 0.2099 
         213  1 0.1953 0.2358 0.1886 0.1646 0.2156 
         214  1 0.2175 0.2036 0.2027 0.1729 0.2033 
         215  1 0.1993 0.2004 0.2038 0.1904 0.2062 
         216  1 0.1999 0.2036 0.2012 0.1911 0.2042 
         217  1 0.1898 0.1882 0.2063 0.2111 0.2046 
         218  1 0.2040 0.2031 0.1976 0.1895 0.2058 
         219  1 0.1865 0.1941 0.1928 0.2432 0.1834 
         220  1 0.1840 0.2390 0.1744 0.1978 0.2047 
         221  1 0.2147 0.1891 0.2048 0.1879 0.2035 
         222  1 0.2077 0.1687 0.2138 0.2021 0.2077 
         223  1 0.2065 0.1874 0.2180 0.1808 0.2072 
         224  1 0.1743 0.2185 0.1720 0.2482 0.1870 
         225  1 0.2437 0.1523 0.2382 0.1476 0.2183 
         226  1 0.2108 0.1911 0.2131 0.1709 0.2141 
         227  1 0.1907 0.2266 0.1892 0.1861 0.2073 
         228  1 0.1884 0.2438 0.1823 0.1773 0.2082 
         229  1 0.2079 0.1903 0.2072 0.1954 0.1993 
         230  1 0.1881 0.2191 0.1935 0.1984 0.2009 
         231  1 0.2001 0.1874 0.2089 0.2046 0.1990 
         232  1 0.1875 0.1982 0.1869 0.2345 0.1929 
         233  1 0.1744 0.2797 0.1627 0.1712 0.2121 
         234  1 0.2044 0.2192 0.1994 0.1715 0.2055 
         235  1 0.2154 0.1916 0.2155 0.1665 0.2111 
         236  1 0.1944 0.1890 0.1924 0.2368 0.1874 
         237  1 0.1889 0.2423 0.1791 0.1840 0.2056 
         238  1 0.2044 0.1995 0.2080 0.1767 0.2114 
         239  1 0.2080 0.2025 0.2117 0.1688 0.2090 
         240  1 0.2086 0.1968 0.2161 0.1760 0.2025 
         241  1 0.1854 0.2390 0.1853 0.1859 0.2044 
         242  1 0.2040 0.1802 0.2088 0.2046 0.2025 
         243  1 0.1847 0.2259 0.1726 0.2191 0.1977 
         244  1 0.2086 0.2033 0.2077 0.1729 0.2075 
         245  1 0.1998 0.2194 0.1959 0.1779 0.2071 
         246  1 0.1985 0.2048 0.1973 0.2002 0.1992 
         247  1 0.2360 0.1637 0.2332 0.1595 0.2077 
         248  1 0.2216 0.1549 0.2176 0.2027 0.2032 
         249  1 0.2278 0.1725 0.2249 0.1567 0.2181 
         250  1 0.2110 0.1914 0.2194 0.1618 0.2164 
         251  1 0.1994 0.1837 0.2054 0.2144 0.1971 
         252  1 0.2100 0.1745 0.2201 0.1853 0.2101 
         253  1 0.1947 0.2026 0.2042 0.1998 0.1987 
         254  1 0.2014 0.1540 0.2056 0.2498 0.1893 
         255  1 0.1920 0.1488 0.2010 0.2885 0.1697 
         256  1 0.2077 0.1622 0.2327 0.2012 0.1962 
         257  1 0.2031 0.1805 0.2344 0.1839 0.1980 
         258  1 0.2039 0.1691 0.2031 0.2420 0.1819 
         259  1 0.2057 0.2128 0.2093 0.1685 0.2037 
         260  1 0.1985 0.1809 0.1894 0.2454 0.1858 
         261  1 0.2035 0.1852 0.2133 0.2138 0.1843 
         262  1 0.2061 0.2097 0.2092 0.1779 0.1971 
         263  1 0.2168 0.1807 0.2173 0.1692 0.2160 
         264  1 0.1977 0.1906 0.2089 0.2115 0.1914 
         265  1 0.2049 0.1658 0.2099 0.2335 0.1858 
         266  1 0.2041 0.1969 0.1968 0.2075 0.1948 
         267  1 0.2010 0.1853 0.1893 0.2330 0.1914 
         268  1 0.2051 0.1992 0.2147 0.1777 0.2033 
         269  1 0.1987 0.2038 0.1998 0.2086 0.1890 
         270  1 0.1929 0.1889 0.2037 0.2310 0.1836 
         271  1 0.2019 0.1822 0.2163 0.2117 0.1879 
         272  1 0.1949 0.2204 0.1941 0.1890 0.2015 
         273  1 0.2251 0.1781 0.2233 0.1655 0.2079 
         274  1 0.2047 0.1874 0.2043 0.2151 0.1885 
         275  1 0.1875 0.2360 0.1854 0.2048 0.1863 
         276  1 0.1969 0.1849 0.2088 0.2173 0.1922 
         277  1 0.1997 0.1780 0.2003 0.2270 0.1951 
         278  1 0.2016 0.1688 0.2244 0.2087 0.1965 
         279  1 0.2038 0.1980 0.2182 0.1837 0.1964 
         280  1 0.1722 0.2282 0.1639 0.2539 0.1819 
         281  1 0.1780 0.2536 0.1694 0.1947 0.2044 
         282  1 0.2178 0.1575 0.2223 0.1982 0.2042 
         283  1 0.1775 0.2166 0.1801 0.2453 0.1805 
         284  1 0.2171 0.1797 0.2189 0.1809 0.2035 
         285  1 0.2018 0.1749 0.2042 0.2301 0.1889 
         286  1 0.1965 0.2016 0.2197 0.1785 0.2038 
         287  1 0.1869 0.1944 0.2012 0.2305 0.1870 
         288  1 0.1879 0.2280 0.1795 0.2106 0.1940 
         289  1 0.2138 0.1762 0.2199 0.1947 0.1953 
         290  1 0.1688 0.2120 0.1687 0.2739 0.1766 
         291  1 0.1962 0.1937 0.2081 0.2189 0.1830 
         292  1 0.2153 0.1836 0.2139 0.1970 0.1901 
         293  1 0.2063 0.1738 0.2188 0.2140 0.1871 
         294  1 0.1890 0.1715 0.2033 0.2574 0.1788 
         295  1 0.2049 0.1839 0.2217 0.1984 0.1910 
         296  1 0.2009 0.2089 0.1994 0.1957 0.1951 
         297  1 0.2074 0.1750 0.2144 0.2216 0.1816 
         298  1 0.2228 0.1745 0.2133 0.1844 0.2050 
         299  1 0.1969 0.2131 0.1922 0.1990 0.1988 
         300  1 0.2017 0.1851 0.2151 0.2104 0.1877 
         301  1 0.1957 0.1527 0.1971 0.2800 0.1745 
         302  1 0.1876 0.2497 0.1764 0.1835 0.2028 
         303  1 0.1841 0.2224 0.1905 0.2208 0.1822 
         304  1 0.1847 0.2371 0.1870 0.1893 0.2020 
         305  1 0.1919 0.2008 0.1972 0.2228 0.1873 
         306  1 0.1937 0.2004 0.1952 0.2197 0.1910 
         307  1 0.2044 0.2023 0.2107 0.1849 0.1978 
         308  1 0.1874 0.1752 0.1873 0.2716 0.1785 
         309  1 0.2038 0.2296 0.1918 0.1540 0.2207 
         310  1 0.2388 0.1619 0.2281 0.1573 0.2139 
         311  1 0.1921 0.1753 0.1989 0.2464 0.1874 
         312  1 0.1909 0.1819 0.1936 0.2450 0.1886 
         313  1 0.1897 0.2076 0.1865 0.2215 0.1947 
         314  1 0.1997 0.2010 0.1909 0.2153 0.1931 
         315  1 0.2104 0.1751 0.2183 0.1874 0.2088 
         316  1 0.2091 0.1940 0.1963 0.1952 0.2053 
         317  1 0.1892 0.2118 0.1921 0.2135 0.1934 
         318  1 0.2236 0.1701 0.2207 0.1782 0.2074 
         319  1 0.1802 0.2002 0.1838 0.2524 0.1833 
         320  1 0.2133 0.1776 0.2145 0.1974 0.1973 
         321  1 0.2102 0.1973 0.2064 0.1772 0.2090 
         322  1 0.1823 0.1625 0.1847 0.2974 0.1730 
         323  1 0.1932 0.2191 0.1849 0.2026 0.2002 
         324  1 0.2122 0.1699 0.2178 0.1934 0.2067 
         325  1 0.1916 0.1970 0.1860 0.2392 0.1861 
         326  1 0.2180 0.1764 0.2184 0.1784 0.2087 
         327  1 0.2166 0.1799 0.2184 0.1871 0.1980 
         328  1 0.2079 0.1790 0.2101 0.2134 0.1896 
         329  1 0.1986 0.1871 0.1979 0.2194 0.1971 
         330  1 0.1996 0.1941 0.2023 0.2096 0.1945 
         331  1 0.2059 0.1986 0.2090 0.1856 0.2009 
         332  1 0.2202 0.1853 0.2122 0.1718 0.2105 
         333  1 0.1924 0.1916 0.1951 0.2280 0.1929 
         334  1 0.1955 0.1947 0.1985 0.2135 0.1977 
         335  1 0.2000 0.1671 0.1979 0.2487 0.1863 
         336  1 0.1840 0.2153 0.1933 0.2169 0.1905 
         337  1 0.1824 0.2167 0.1925 0.2109 0.1975 
         338  1 0.1894 0.2206 0.1866 0.2112 0.1921 
         339  1 0.1919 0.2120 0.1955 0.2079 0.1927 
         340  1 0.2159 0.1954 0.2073 0.1747 0.2067 
         341  1 0.1946 0.2062 0.1878 0.2173 0.1942 
         342  1 0.1859 0.2033 0.1766 0.2501 0.1841 
         343  1 0.2033 0.2095 0.2134 0.1687 0.2051 
         344  1 0.2160 0.1667 0.2207 0.1987 0.1979 
         345  1 0.2121 0.1899 0.2149 0.1763 0.2068 
         346  1 0.1997 0.2199 0.1994 0.1679 0.2131 
         347  1 0.1830 0.2302 0.1801 0.2053 0.2015 
