           1  1 0.1371 0.1179 0.1144 0.1189 0.1113 0.1496 0.1191 0.1317 
           2  1 0.1294 0.1255 0.1255 0.1273 0.1230 0.1320 0.1164 0.1208 
           3  1 0.1238 0.1198 0.1231 0.1276 0.1408 0.1200 0.1232 0.1217 
           4  1 0.1156 0.1576 0.1383 0.1170 0.1241 0.1139 0.1189 0.1145 
           5  1 0.1174 0.1101 0.1309 0.1255 0.1350 0.1208 0.1289 0.1313 
           6  1 0.1208 0.1364 0.1276 0.1236 0.1174 0.1201 0.1350 0.1190 
           7  1 0.1253 0.1158 0.1246 0.1286 0.1109 0.1329 0.1290 0.1328 
           8  1 0.1185 0.1074 0.1270 0.1162 0.1283 0.1179 0.1557 0.1290 
           9  1 0.1354 0.1129 0.1175 0.1225 0.1181 0.1312 0.1313 0.1310 
          10  1 0.1239 0.1125 0.1289 0.1167 0.1333 0.1286 0.1282 0.1279 
          11  1 0.1302 0.1139 0.1137 0.1323 0.1429 0.1256 0.1166 0.1248 
          12  1 0.1330 0.1108 0.1186 0.1330 0.1241 0.1297 0.1195 0.1312 
          13  1 0.1144 0.1052 0.1206 0.1406 0.1175 0.1116 0.1457 0.1445 
          14  1 0.1171 0.1442 0.1317 0.1203 0.1172 0.1183 0.1281 0.1230 
          15  1 0.1340 0.1134 0.1167 0.1227 0.1139 0.1377 0.1302 0.1314 
          16  1 0.1323 0.1124 0.1186 0.1243 0.1110 0.1328 0.1401 0.1285 
          17  1 0.1280 0.1349 0.1234 0.1331 0.1515 0.1057 0.1099 0.1134 
          18  1 0.1247 0.1186 0.1255 0.1275 0.1317 0.1312 0.1176 0.1231 
          19  1 0.1289 0.1136 0.1158 0.1235 0.1241 0.1371 0.1296 0.1274 
          20  1 0.1437 0.1047 0.1055 0.1309 0.1304 0.1491 0.1109 0.1248 
          21  1 0.1396 0.1170 0.1132 0.1263 0.1077 0.1543 0.1097 0.1322 
          22  1 0.1402 0.1163 0.1117 0.1251 0.1050 0.1535 0.1162 0.1319 
          23  1 0.1275 0.1282 0.1279 0.1270 0.1214 0.1282 0.1179 0.1220 
          24  1 0.1202 0.1327 0.1333 0.1224 0.1263 0.1144 0.1297 0.1210 
          25  1 0.1330 0.1330 0.1206 0.1212 0.1164 0.1286 0.1260 0.1213 
          26  1 0.1229 0.1102 0.1161 0.1402 0.1456 0.1239 0.1165 0.1244 
          27  1 0.1201 0.1190 0.1230 0.1300 0.1157 0.1261 0.1309 0.1352 
          28  1 0.1365 0.1275 0.1174 0.1204 0.1053 0.1397 0.1202 0.1330 
          29  1 0.1221 0.1190 0.1162 0.1345 0.1595 0.1210 0.1111 0.1166 
          30  1 0.1222 0.1147 0.1272 0.1243 0.1262 0.1271 0.1288 0.1295 
          31  1 0.1124 0.1291 0.1330 0.1275 0.1295 0.1163 0.1282 0.1240 
          32  1 0.1248 0.1181 0.1242 0.1259 0.1179 0.1313 0.1298 0.1280 
          33  1 0.1373 0.1136 0.1190 0.1273 0.1098 0.1509 0.1135 0.1286 
          34  1 0.1299 0.1182 0.1175 0.1309 0.1254 0.1345 0.1164 0.1272 
          35  1 0.1293 0.1191 0.1215 0.1211 0.1219 0.1328 0.1261 0.1282 
          36  1 0.1245 0.1189 0.1244 0.1193 0.1153 0.1290 0.1371 0.1314 
          37  1 0.1215 0.1041 0.1225 0.1379 0.1744 0.1108 0.1114 0.1175 
          38  1 0.1148 0.1015 0.1125 0.1361 0.1768 0.1109 0.1292 0.1181 
          39  1 0.1536 0.1117 0.1002 0.1211 0.0959 0.1735 0.1054 0.1385 
          40  1 0.1638 0.1106 0.0944 0.1206 0.0871 0.1835 0.1026 0.1374 
          41  1 0.1383 0.1137 0.1152 0.1259 0.1294 0.1433 0.1090 0.1251 
          42  1 0.1162 0.1143 0.1329 0.1347 0.1140 0.1253 0.1290 0.1336 
          43  1 0.1239 0.1143 0.1226 0.1297 0.1355 0.1297 0.1216 0.1228 
          44  1 0.1154 0.1135 0.1343 0.1177 0.1363 0.1186 0.1368 0.1275 
          45  1 0.1253 0.1256 0.1294 0.1273 0.1226 0.1307 0.1195 0.1197 
          46  1 0.1163 0.1068 0.1293 0.1296 0.1112 0.1330 0.1430 0.1308 
          47  1 0.1236 0.1078 0.1271 0.1303 0.1061 0.1393 0.1309 0.1349 
          48  1 0.1169 0.1186 0.1257 0.1201 0.1411 0.1160 0.1399 0.1217 
          49  1 0.1275 0.1116 0.1105 0.1456 0.1815 0.1091 0.1049 0.1093 
          50  1 0.1187 0.1071 0.1172 0.1309 0.1596 0.1134 0.1360 0.1170 
          51  1 0.1186 0.1045 0.1162 0.1354 0.1691 0.1069 0.1281 0.1212 
          52  1 0.1176 0.1160 0.1229 0.1265 0.1219 0.1123 0.1514 0.1314 
          53  1 0.1359 0.1229 0.1175 0.1286 0.1253 0.1410 0.1081 0.1207 
          54  1 0.1220 0.1179 0.1274 0.1248 0.1147 0.1324 0.1306 0.1303 
          55  1 0.1209 0.1169 0.1237 0.1242 0.1079 0.1440 0.1360 0.1264 
          56  1 0.1241 0.1206 0.1285 0.1330 0.1175 0.1246 0.1262 0.1255 
          57  1 0.1479 0.1055 0.1053 0.1236 0.1146 0.1559 0.1118 0.1354 
          58  1 0.1241 0.1306 0.1269 0.1247 0.1347 0.1145 0.1230 0.1215 
          59  1 0.1148 0.1133 0.1251 0.1360 0.1466 0.1196 0.1302 0.1144 
          60  1 0.1624 0.1116 0.0941 0.1198 0.0972 0.1733 0.1075 0.1342 
          61  1 0.1406 0.1183 0.1171 0.1273 0.1100 0.1464 0.1109 0.1293 
          62  1 0.1133 0.1251 0.1390 0.1155 0.1173 0.1205 0.1411 0.1281 
          63  1 0.1168 0.1069 0.1247 0.1306 0.1280 0.1127 0.1510 0.1293 
          64  1 0.1448 0.1160 0.1106 0.1203 0.1075 0.1507 0.1169 0.1332 
          65  1 0.1265 0.1173 0.1273 0.1216 0.1162 0.1391 0.1281 0.1240 
          66  1 0.1239 0.1157 0.1172 0.1339 0.1220 0.1278 0.1255 0.1341 
          67  1 0.1117 0.1085 0.1267 0.1202 0.1158 0.1089 0.1705 0.1378 
          68  1 0.1189 0.1369 0.1385 0.1122 0.1207 0.1184 0.1315 0.1230 
          69  1 0.1247 0.1131 0.1350 0.1239 0.1202 0.1325 0.1252 0.1253 
          70  1 0.1250 0.1261 0.1250 0.1245 0.1272 0.1246 0.1267 0.1209 
          71  1 0.1421 0.1228 0.1144 0.1234 0.1225 0.1365 0.1131 0.1253 
          72  1 0.1229 0.1226 0.1257 0.1283 0.1389 0.1140 0.1211 0.1264 
          73  1 0.1271 0.1177 0.1133 0.1367 0.1521 0.1158 0.1130 0.1243 
          74  1 0.1437 0.1089 0.1157 0.1260 0.1123 0.1415 0.1144 0.1374 
          75  1 0.1230 0.1271 0.1277 0.1230 0.1343 0.1183 0.1235 0.1231 
          76  1 0.1383 0.1144 0.1159 0.1208 0.1085 0.1582 0.1110 0.1328 
          77  1 0.1218 0.1167 0.1273 0.1194 0.1334 0.1215 0.1321 0.1279 
          78  1 0.1141 0.1191 0.1336 0.1238 0.1273 0.1154 0.1357 0.1311 
          79  1 0.1513 0.1146 0.1058 0.1192 0.0935 0.1682 0.1103 0.1372 
          80  1 0.1241 0.1405 0.1328 0.1226 0.1216 0.1178 0.1184 0.1223 
          81  1 0.1236 0.1213 0.1312 0.1297 0.1288 0.1253 0.1167 0.1234 
          82  1 0.1284 0.1207 0.1216 0.1293 0.1260 0.1264 0.1204 0.1271 
          83  1 0.1277 0.1144 0.1240 0.1255 0.1305 0.1300 0.1197 0.1282 
          84  1 0.1201 0.1279 0.1284 0.1162 0.1106 0.1135 0.1524 0.1309 
          85  1 0.1336 0.1198 0.1232 0.1301 0.1437 0.1227 0.1063 0.1205 
          86  1 0.1269 0.1360 0.1256 0.1167 0.1285 0.1175 0.1262 0.1225 
          87  1 0.1281 0.1311 0.1176 0.1307 0.1681 0.1065 0.1057 0.1121 
          88  1 0.1219 0.1063 0.1298 0.1200 0.0981 0.1535 0.1440 0.1263 
          89  1 0.1227 0.1103 0.1176 0.1288 0.1425 0.1176 0.1410 0.1195 
          90  1 0.1264 0.1318 0.1306 0.1119 0.1202 0.1281 0.1278 0.1232 
          91  1 0.1174 0.1190 0.1339 0.1205 0.1277 0.1212 0.1331 0.1273 
          92  1 0.1389 0.1046 0.1148 0.1214 0.1284 0.1388 0.1214 0.1317 
          93  1 0.1185 0.1149 0.1314 0.1221 0.1186 0.1257 0.1389 0.1300 
          94  1 0.1313 0.1115 0.1180 0.1126 0.1170 0.1529 0.1243 0.1325 
          95  1 0.1188 0.1139 0.1274 0.1304 0.1120 0.1296 0.1329 0.1350 
          96  1 0.1200 0.1102 0.1258 0.1334 0.1257 0.1246 0.1284 0.1318 
          97  1 0.1212 0.1448 0.1317 0.1195 0.1337 0.1155 0.1168 0.1167 
          98  1 0.1224 0.1160 0.1276 0.1254 0.1315 0.1219 0.1300 0.1251 
          99  1 0.1196 0.1209 0.1277 0.1266 0.1249 0.1179 0.1300 0.1323 
         100  1 0.1184 0.1250 0.1291 0.1302 0.1056 0.1256 0.1348 0.1313 
         101  1 0.1143 0.1350 0.1362 0.1241 0.1122 0.1123 0.1300 0.1359 
         102  1 0.1267 0.1477 0.1295 0.1210 0.1219 0.1170 0.1188 0.1174 
         103  1 0.1189 0.1201 0.1319 0.1225 0.1192 0.1185 0.1394 0.1294 
         104  1 0.1247 0.1203 0.1260 0.1163 0.1108 0.1371 0.1401 0.1247 
         105  1 0.1189 0.1115 0.1249 0.1293 0.1463 0.1204 0.1214 0.1274 
         106  1 0.1186 0.1068 0.1207 0.1323 0.1363 0.1134 0.1338 0.1381 
         107  1 0.1161 0.1190 0.1265 0.1277 0.1169 0.1232 0.1390 0.1315 
         108  1 0.1238 0.1341 0.1323 0.1181 0.1099 0.1345 0.1256 0.1218 
         109  1 0.1238 0.1202 0.1241 0.1259 0.1199 0.1259 0.1261 0.1341 
         110  1 0.1270 0.1210 0.1289 0.1242 0.1177 0.1325 0.1228 0.1260 
         111  1 0.1182 0.1252 0.1279 0.1292 0.1362 0.1158 0.1312 0.1162 
         112  1 0.1331 0.1219 0.1180 0.1322 0.1342 0.1322 0.1106 0.1178 
         113  1 0.1407 0.1147 0.1131 0.1260 0.1039 0.1510 0.1149 0.1356 
         114  1 0.1280 0.1178 0.1290 0.1239 0.1192 0.1303 0.1259 0.1259 
         115  1 0.1164 0.1238 0.1320 0.1236 0.1117 0.1291 0.1364 0.1270 
         116  1 0.1178 0.1323 0.1296 0.1195 0.1173 0.1272 0.1327 0.1235 
         117  1 0.1235 0.1260 0.1253 0.1249 0.1211 0.1240 0.1252 0.1301 
         118  1 0.1177 0.1133 0.1219 0.1213 0.1409 0.1171 0.1424 0.1254 
         119  1 0.1154 0.1195 0.1216 0.1376 0.1362 0.1175 0.1266 0.1254 
         120  1 0.1161 0.1201 0.1306 0.1247 0.1460 0.1132 0.1276 0.1217 
         121  1 0.1182 0.1123 0.1240 0.1336 0.1282 0.1250 0.1298 0.1290 
         122  1 0.1399 0.1126 0.1127 0.1202 0.1029 0.1495 0.1258 0.1364 
         123  1 0.1355 0.1112 0.1069 0.1290 0.1269 0.1508 0.1119 0.1279 
         124  1 0.1476 0.1218 0.1092 0.1223 0.0916 0.1618 0.1149 0.1307 
         125  1 0.1341 0.1164 0.1193 0.1256 0.1196 0.1372 0.1237 0.1241 
         126  1 0.1423 0.1189 0.1139 0.1220 0.0960 0.1639 0.1096 0.1332 
         127  1 0.1161 0.1089 0.1306 0.1144 0.1261 0.1186 0.1579 0.1275 
         128  1 0.1253 0.1258 0.1192 0.1329 0.1508 0.1188 0.1087 0.1185 
         129  1 0.1333 0.1188 0.1169 0.1270 0.1279 0.1373 0.1147 0.1240 
         130  1 0.1242 0.1219 0.1256 0.1211 0.1132 0.1375 0.1292 0.1274 
         131  1 0.1218 0.1610 0.1373 0.1159 0.1117 0.1092 0.1283 0.1149 
         132  1 0.1216 0.1198 0.1197 0.1323 0.1373 0.1268 0.1219 0.1207 
         133  1 0.1311 0.1102 0.1128 0.1278 0.0967 0.1580 0.1279 0.1356 
         134  1 0.1385 0.1191 0.1145 0.1273 0.1132 0.1455 0.1123 0.1296 
         135  1 0.1306 0.1013 0.1060 0.1464 0.1969 0.1013 0.1031 0.1144 
         136  1 0.1136 0.1363 0.1401 0.1104 0.1049 0.1239 0.1473 0.1235 
         137  1 0.1151 0.1151 0.1343 0.1135 0.1173 0.1225 0.1487 0.1335 
         138  1 0.1167 0.1369 0.1336 0.1162 0.1159 0.1153 0.1411 0.1243 
         139  1 0.1268 0.1156 0.1184 0.1212 0.1472 0.1206 0.1249 0.1254 
         140  1 0.1290 0.1167 0.1243 0.1202 0.1015 0.1478 0.1292 0.1313 
         141  1 0.1146 0.1177 0.1321 0.1259 0.1173 0.1138 0.1398 0.1388 
         142  1 0.1209 0.1331 0.1306 0.1150 0.1359 0.1138 0.1320 0.1188 
         143  1 0.1208 0.1120 0.1179 0.1395 0.1470 0.1200 0.1194 0.1235 
         144  1 0.1224 0.1357 0.1242 0.1285 0.1506 0.1114 0.1131 0.1142 
         145  1 0.1160 0.1082 0.1343 0.1275 0.1122 0.1343 0.1415 0.1258 
         146  1 0.1502 0.1132 0.1102 0.1227 0.1032 0.1509 0.1158 0.1338 
         147  1 0.1225 0.1169 0.1268 0.1245 0.1277 0.1268 0.1288 0.1259 
         148  1 0.1240 0.1113 0.1214 0.1407 0.1590 0.1174 0.1090 0.1172 
         149  1 0.1203 0.1208 0.1354 0.1237 0.1311 0.1204 0.1226 0.1257 
         150  1 0.1275 0.1236 0.1224 0.1266 0.1384 0.1178 0.1218 0.1217 
         151  1 0.1227 0.1244 0.1190 0.1411 0.1625 0.1077 0.1096 0.1129 
         152  1 0.1255 0.1269 0.1211 0.1305 0.1299 0.1311 0.1164 0.1186 
         153  1 0.1203 0.1222 0.1260 0.1301 0.1632 0.1102 0.1143 0.1137 
         154  1 0.1245 0.1205 0.1237 0.1315 0.1421 0.1234 0.1156 0.1188 
         155  1 0.1274 0.1324 0.1239 0.1212 0.1184 0.1287 0.1229 0.1250 
         156  1 0.1168 0.1157 0.1375 0.1083 0.1221 0.1341 0.1366 0.1290 
         157  1 0.1335 0.1273 0.1230 0.1200 0.1012 0.1454 0.1180 0.1315 
         158  1 0.1346 0.1295 0.1215 0.1232 0.1182 0.1304 0.1160 0.1267 
         159  1 0.1095 0.1068 0.1248 0.1407 0.1123 0.1153 0.1469 0.1439 
         160  1 0.1320 0.1132 0.1142 0.1272 0.1229 0.1471 0.1191 0.1241 
         161  1 0.1307 0.1147 0.1248 0.1278 0.1282 0.1350 0.1118 0.1270 
         162  1 0.1325 0.1154 0.1127 0.1367 0.1623 0.1165 0.1087 0.1153 
         163  1 0.1404 0.1184 0.1088 0.1245 0.1213 0.1353 0.1184 0.1329 
         164  1 0.1239 0.1113 0.1218 0.1321 0.1415 0.1251 0.1191 0.1253 
         165  1 0.1339 0.1220 0.1186 0.1290 0.1399 0.1272 0.1106 0.1187 
         166  1 0.1291 0.1111 0.1241 0.1293 0.1144 0.1361 0.1241 0.1319 
         167  1 0.1177 0.1391 0.1354 0.1149 0.1285 0.1245 0.1196 0.1203 
         168  1 0.1450 0.1206 0.1105 0.1232 0.1030 0.1537 0.1153 0.1286 
         169  1 0.1150 0.1103 0.1225 0.1302 0.1418 0.1205 0.1377 0.1220 
         170  1 0.1263 0.1141 0.1233 0.1234 0.1124 0.1249 0.1358 0.1398 
         171  1 0.1215 0.1168 0.1292 0.1269 0.1186 0.1295 0.1306 0.1268 
         172  1 0.1699 0.1096 0.0909 0.1209 0.0850 0.1803 0.1055 0.1378 
         173  1 0.1232 0.1363 0.1347 0.1170 0.1152 0.1247 0.1262 0.1227 
         174  1 0.1204 0.1444 0.1289 0.1197 0.1128 0.1232 0.1266 0.1239 
         175  1 0.1288 0.1194 0.1246 0.1193 0.1245 0.1329 0.1243 0.1262 
         176  1 0.1280 0.1144 0.1186 0.1346 0.1189 0.1330 0.1167 0.1358 
         177  1 0.1243 0.1349 0.1223 0.1304 0.1561 0.1048 0.1126 0.1146 
         178  1 0.1173 0.1146 0.1267 0.1388 0.1041 0.1172 0.1380 0.1433 
         179  1 0.1250 0.1148 0.1267 0.1251 0.1276 0.1339 0.1254 0.1216 
         180  1 0.1216 0.1351 0.1342 0.1251 0.1267 0.1116 0.1237 0.1221 
         181  1 0.1118 0.1096 0.1256 0.1388 0.1330 0.1077 0.1387 0.1348 
         182  1 0.1326 0.1185 0.1224 0.1268 0.1179 0.1358 0.1234 0.1225 
         183  1 0.1211 0.1302 0.1289 0.1189 0.1169 0.1223 0.1323 0.1295 
         184  1 0.1287 0.1351 0.1326 0.1198 0.1162 0.1285 0.1153 0.1238 
         185  1 0.1154 0.1206 0.1342 0.1284 0.1182 0.1294 0.1333 0.1204 
         186  1 0.1192 0.1217 0.1317 0.1074 0.1314 0.1199 0.1409 0.1280 
         187  1 0.1197 0.1280 0.1360 0.1164 0.1310 0.1204 0.1244 0.1241 
         188  1 0.1195 0.1226 0.1226 0.1314 0.1383 0.1256 0.1204 0.1196 
         189  1 0.1189 0.1121 0.1202 0.1288 0.1466 0.1223 0.1272 0.1239 
         190  1 0.1168 0.1160 0.1268 0.1322 0.1096 0.1244 0.1383 0.1358 
         191  1 0.1189 0.1233 0.1267 0.1234 0.1339 0.1179 0.1329 0.1230 
         192  1 0.1221 0.1397 0.1335 0.1177 0.1182 0.1200 0.1253 0.1237 
         193  1 0.1267 0.1148 0.1277 0.1166 0.1109 0.1357 0.1348 0.1328 
         194  1 0.1219 0.1173 0.1266 0.1305 0.1221 0.1275 0.1232 0.1310 
         195  1 0.1173 0.1670 0.1414 0.1157 0.1011 0.0991 0.1335 0.1248 
         196  1 0.1194 0.1162 0.1267 0.1269 0.1253 0.1274 0.1322 0.1258 
         197  1 0.1221 0.1229 0.1220 0.1314 0.1355 0.1220 0.1237 0.1204 
         198  1 0.1342 0.1176 0.1215 0.1336 0.1381 0.1251 0.1092 0.1206 
         199  1 0.1217 0.1620 0.1378 0.1136 0.1119 0.1116 0.1262 0.1152 
         200  1 0.1362 0.1180 0.1160 0.1251 0.1404 0.1308 0.1114 0.1220 
         201  1 0.1504 0.1140 0.1118 0.1223 0.0962 0.1555 0.1158 0.1341 
         202  1 0.1281 0.1433 0.1305 0.1278 0.1292 0.1117 0.1172 0.1121 
         203  1 0.1354 0.1136 0.1183 0.1353 0.1363 0.1259 0.1153 0.1197 
         204  1 0.1380 0.1296 0.1151 0.1212 0.1012 0.1460 0.1177 0.1312 
         205  1 0.1188 0.1197 0.1253 0.1334 0.1178 0.1166 0.1339 0.1346 
         206  1 0.1311 0.1265 0.1212 0.1200 0.1184 0.1369 0.1187 0.1272 
         207  1 0.1162 0.1136 0.1313 0.1200 0.1161 0.1223 0.1454 0.1351 
         208  1 0.1265 0.1152 0.1192 0.1314 0.1111 0.1332 0.1244 0.1389 
         209  1 0.1165 0.1097 0.1315 0.1148 0.1257 0.1268 0.1418 0.1331 
         210  1 0.1324 0.1283 0.1270 0.1263 0.1174 0.1326 0.1142 0.1217 
         211  1 0.1242 0.1185 0.1231 0.1303 0.1457 0.1231 0.1174 0.1177 
         212  1 0.1413 0.1148 0.1183 0.1206 0.1097 0.1517 0.1148 0.1288 
         213  1 0.1372 0.1128 0.1140 0.1229 0.1028 0.1411 0.1311 0.1382 
         214  1 0.1174 0.1196 0.1260 0.1238 0.1101 0.1437 0.1376 0.1217 
         215  1 0.1209 0.1098 0.1225 0.1318 0.1220 0.1256 0.1305 0.1369 
         216  1 0.1235 0.1172 0.1266 0.1267 0.1290 0.1286 0.1228 0.1257 
         217  1 0.1210 0.1178 0.1241 0.1330 0.1265 0.1130 0.1280 0.1367 
         218  1 0.1167 0.1094 0.1219 0.1360 0.1202 0.1299 0.1269 0.1390 
         219  1 0.1197 0.1451 0.1295 0.1272 0.1387 0.1095 0.1140 0.1163 
         220  1 0.1356 0.1084 0.1161 0.1329 0.1230 0.1423 0.1123 0.1294 
         221  1 0.1183 0.1036 0.1261 0.1291 0.1331 0.1310 0.1355 0.1234 
         222  1 0.1159 0.1144 0.1235 0.1282 0.1274 0.1095 0.1441 0.1369 
         223  1 0.1204 0.1172 0.1302 0.1249 0.1117 0.1202 0.1409 0.1346 
         224  1 0.1350 0.1120 0.1166 0.1361 0.1500 0.1208 0.1059 0.1236 
         225  1 0.1131 0.1087 0.1377 0.1078 0.1173 0.1221 0.1597 0.1335 
         226  1 0.1223 0.1190 0.1287 0.1226 0.1201 0.1299 0.1295 0.1278 
         227  1 0.1373 0.1150 0.1191 0.1303 0.1201 0.1366 0.1166 0.1251 
         228  1 0.1430 0.1216 0.1145 0.1241 0.1114 0.1437 0.1164 0.1253 
         229  1 0.1210 0.1114 0.1273 0.1332 0.1261 0.1302 0.1243 0.1265 
         230  1 0.1237 0.1166 0.1188 0.1335 0.1258 0.1259 0.1226 0.1331 
         231  1 0.1216 0.1533 0.1297 0.1202 0.1279 0.1087 0.1174 0.1211 
         232  1 0.1272 0.1159 0.1178 0.1329 0.1493 0.1154 0.1166 0.1249 
         233  1 0.1521 0.1142 0.1048 0.1229 0.0983 0.1668 0.1058 0.1351 
         234  1 0.1244 0.1146 0.1229 0.1279 0.1148 0.1351 0.1304 0.1301 
         235  1 0.1200 0.1290 0.1288 0.1199 0.1133 0.1246 0.1388 0.1258 
         236  1 0.1231 0.1328 0.1225 0.1314 0.1485 0.1137 0.1176 0.1103 
         237  1 0.1473 0.1245 0.1111 0.1228 0.1076 0.1450 0.1139 0.1277 
         238  1 0.1209 0.1102 0.1216 0.1326 0.1112 0.1311 0.1359 0.1364 
         239  1 0.1223 0.1213 0.1310 0.1229 0.1164 0.1340 0.1268 0.1253 
         240  1 0.1229 0.1582 0.1357 0.1126 0.1083 0.1100 0.1304 0.1218 
         241  1 0.1359 0.1182 0.1159 0.1232 0.1182 0.1365 0.1224 0.1298 
         242  1 0.1153 0.1110 0.1206 0.1370 0.1353 0.1232 0.1274 0.1303 
         243  1 0.1358 0.1092 0.1040 0.1324 0.1408 0.1446 0.1104 0.1230 
         244  1 0.1221 0.1312 0.1271 0.1214 0.1166 0.1244 0.1292 0.1280 
         245  1 0.1270 0.1136 0.1261 0.1288 0.1097 0.1395 0.1265 0.1288 
         246  1 0.1238 0.1169 0.1242 0.1284 0.1262 0.1331 0.1215 0.1259 
         247  1 0.1109 0.1226 0.1384 0.1175 0.1018 0.1323 0.1518 0.1247 
         248  1 0.1173 0.1172 0.1285 0.1204 0.1436 0.1131 0.1343 0.1257 
         249  1 0.1071 0.1059 0.1285 0.1301 0.1053 0.1228 0.1564 0.1440 
         250  1 0.1133 0.1118 0.1286 0.1283 0.1094 0.1234 0.1420 0.1432 
         251  1 0.1176 0.1230 0.1254 0.1345 0.1338 0.1072 0.1302 0.1283 
         252  1 0.1145 0.1407 0.1314 0.1219 0.1213 0.1127 0.1316 0.1259 
         253  1 0.1215 0.1361 0.1274 0.1262 0.1243 0.1164 0.1255 0.1224 
         254  1 0.1150 0.1210 0.1217 0.1320 0.1603 0.1005 0.1290 0.1205 
         255  1 0.1227 0.1638 0.1324 0.1234 0.1548 0.0860 0.1115 0.1055 
         256  1 0.1105 0.1625 0.1446 0.1107 0.1030 0.0954 0.1504 0.1228 
         257  1 0.1147 0.1852 0.1482 0.1047 0.0920 0.1020 0.1298 0.1234 
         258  1 0.1176 0.1519 0.1329 0.1257 0.1348 0.1047 0.1215 0.1109 
         259  1 0.1251 0.1285 0.1265 0.1199 0.1173 0.1347 0.1218 0.1263 
         260  1 0.1239 0.1207 0.1213 0.1348 0.1577 0.1170 0.1139 0.1108 
         261  1 0.1264 0.2257 0.1557 0.0919 0.0844 0.0825 0.1287 0.1047 
         262  1 0.1256 0.1358 0.1295 0.1135 0.1038 0.1371 0.1304 0.1242 
         263  1 0.1202 0.1237 0.1342 0.1147 0.1222 0.1204 0.1366 0.1280 
         264  1 0.1189 0.1559 0.1342 0.1155 0.1186 0.1151 0.1227 0.1191 
         265  1 0.1222 0.1833 0.1472 0.1058 0.1090 0.0919 0.1303 0.1104 
         266  1 0.1267 0.1277 0.1290 0.1227 0.1287 0.1217 0.1230 0.1205 
         267  1 0.1231 0.1281 0.1320 0.1267 0.1352 0.1182 0.1176 0.1191 
         268  1 0.1205 0.1291 0.1287 0.1244 0.1174 0.1258 0.1309 0.1231 
         269  1 0.1283 0.1538 0.1341 0.1172 0.1117 0.1136 0.1265 0.1148 
         270  1 0.1255 0.1649 0.1350 0.1146 0.1265 0.1009 0.1198 0.1128 
         271  1 0.1178 0.1532 0.1341 0.1203 0.1210 0.1084 0.1277 0.1174 
         272  1 0.1276 0.1524 0.1262 0.1212 0.1086 0.1196 0.1247 0.1198 
         273  1 0.1155 0.1145 0.1362 0.1197 0.1159 0.1310 0.1390 0.1282 
         274  1 0.1186 0.1515 0.1333 0.1201 0.1194 0.1151 0.1285 0.1135 
         275  1 0.1349 0.1640 0.1289 0.1140 0.1125 0.1148 0.1163 0.1146 
         276  1 0.1225 0.1669 0.1388 0.1108 0.1182 0.1138 0.1136 0.1154 
         277  1 0.1226 0.1349 0.1381 0.1247 0.1305 0.1136 0.1168 0.1188 
         278  1 0.1045 0.1270 0.1329 0.1232 0.1076 0.1013 0.1668 0.1366 
         279  1 0.1223 0.1774 0.1401 0.1059 0.0960 0.1136 0.1260 0.1189 
         280  1 0.1380 0.1258 0.1118 0.1357 0.1541 0.1194 0.1011 0.1142 
         281  1 0.1414 0.1223 0.1204 0.1265 0.1104 0.1393 0.1101 0.1295 
         282  1 0.1140 0.1311 0.1343 0.1220 0.1293 0.1073 0.1390 0.1231 
         283  1 0.1355 0.1604 0.1262 0.1160 0.1230 0.1088 0.1132 0.1170 
         284  1 0.1180 0.1224 0.1334 0.1185 0.1247 0.1233 0.1370 0.1227 
         285  1 0.1208 0.1391 0.1348 0.1200 0.1392 0.1067 0.1209 0.1185 
         286  1 0.1202 0.1610 0.1356 0.1168 0.1014 0.1125 0.1270 0.1255 
         287  1 0.1196 0.1516 0.1325 0.1246 0.1343 0.1027 0.1170 0.1176 
         288  1 0.1340 0.1320 0.1173 0.1277 0.1229 0.1308 0.1167 0.1186 
         289  1 0.1192 0.1379 0.1362 0.1151 0.1202 0.1172 0.1329 0.1213 
         290  1 0.1335 0.1122 0.1088 0.1413 0.1877 0.1086 0.0967 0.1111 
         291  1 0.1249 0.2005 0.1457 0.1057 0.1021 0.0919 0.1216 0.1076 
         292  1 0.1183 0.1386 0.1361 0.1174 0.1141 0.1275 0.1365 0.1115 
         293  1 0.1211 0.2094 0.1514 0.1003 0.0963 0.0871 0.1269 0.1075 
         294  1 0.1197 0.1692 0.1346 0.1180 0.1381 0.0942 0.1178 0.1084 
         295  1 0.1213 0.1851 0.1425 0.1096 0.1034 0.0999 0.1255 0.1127 
         296  1 0.1214 0.1218 0.1204 0.1331 0.1290 0.1272 0.1233 0.1238 
         297  1 0.1160 0.1905 0.1472 0.1056 0.0984 0.0975 0.1348 0.1099 
         298  1 0.1162 0.1130 0.1322 0.1258 0.1221 0.1239 0.1396 0.1272 
         299  1 0.1316 0.1223 0.1250 0.1259 0.1281 0.1292 0.1152 0.1227 
         300  1 0.1191 0.1679 0.1389 0.1147 0.1106 0.1060 0.1280 0.1147 
         301  1 0.1241 0.1662 0.1355 0.1185 0.1418 0.0893 0.1185 0.1061 
         302  1 0.1388 0.1300 0.1138 0.1220 0.1148 0.1400 0.1134 0.1273 
         303  1 0.1314 0.1980 0.1374 0.1078 0.0967 0.0996 0.1166 0.1125 
         304  1 0.1328 0.1406 0.1228 0.1244 0.1091 0.1305 0.1151 0.1247 
         305  1 0.1274 0.1295 0.1314 0.1250 0.1299 0.1211 0.1182 0.1175 
         306  1 0.1239 0.1266 0.1213 0.1325 0.1328 0.1180 0.1206 0.1244 
         307  1 0.1257 0.1430 0.1315 0.1180 0.1152 0.1166 0.1295 0.1206 
         308  1 0.1246 0.1272 0.1327 0.1336 0.1457 0.1118 0.1110 0.1135 
         309  1 0.1382 0.1194 0.1222 0.1143 0.1027 0.1525 0.1171 0.1336 
         310  1 0.1120 0.1131 0.1363 0.1131 0.1204 0.1279 0.1467 0.1306 
         311  1 0.1220 0.1126 0.1200 0.1346 0.1657 0.1079 0.1179 0.1193 
         312  1 0.1243 0.1096 0.1221 0.1387 0.1451 0.1184 0.1184 0.1234 
         313  1 0.1316 0.1142 0.1134 0.1314 0.1452 0.1250 0.1186 0.1207 
         314  1 0.1321 0.1281 0.1219 0.1255 0.1301 0.1308 0.1182 0.1134 
         315  1 0.1212 0.1274 0.1283 0.1141 0.1185 0.1143 0.1500 0.1262 
         316  1 0.1245 0.1076 0.1200 0.1213 0.1369 0.1253 0.1357 0.1287 
         317  1 0.1227 0.1369 0.1250 0.1280 0.1409 0.1148 0.1112 0.1206 
         318  1 0.1191 0.1197 0.1337 0.1165 0.1263 0.1226 0.1338 0.1282 
         319  1 0.1243 0.1163 0.1158 0.1333 0.1579 0.1108 0.1231 0.1187 
         320  1 0.1205 0.1179 0.1276 0.1228 0.1286 0.1201 0.1434 0.1191 
         321  1 0.1318 0.1131 0.1260 0.1132 0.1210 0.1391 0.1264 0.1295 
         322  1 0.1198 0.1022 0.1135 0.1501 0.1928 0.1026 0.1067 0.1124 
         323  1 0.1338 0.1144 0.1142 0.1278 0.1204 0.1381 0.1194 0.1320 
         324  1 0.1191 0.1115 0.1272 0.1231 0.1243 0.1136 0.1516 0.1295 
         325  1 0.1306 0.1076 0.1117 0.1359 0.1666 0.1189 0.1128 0.1159 
         326  1 0.1163 0.1256 0.1374 0.1075 0.1247 0.1293 0.1345 0.1247 
         327  1 0.1170 0.1284 0.1316 0.1218 0.1181 0.1277 0.1348 0.1205 
         328  1 0.1223 0.1433 0.1322 0.1196 0.1336 0.1117 0.1226 0.1147 
         329  1 0.1237 0.1192 0.1223 0.1278 0.1452 0.1197 0.1218 0.1202 
         330  1 0.1205 0.1392 0.1305 0.1193 0.1306 0.1240 0.1191 0.1168 
         331  1 0.1198 0.1282 0.1284 0.1233 0.1199 0.1317 0.1243 0.1243 
         332  1 0.1248 0.1203 0.1280 0.1207 0.1208 0.1302 0.1297 0.1255 
         333  1 0.1233 0.1233 0.1169 0.1315 0.1515 0.1157 0.1161 0.1218 
         334  1 0.1223 0.1146 0.1231 0.1357 0.1338 0.1203 0.1205 0.1297 
         335  1 0.1229 0.1166 0.1262 0.1287 0.1594 0.1157 0.1147 0.1158 
         336  1 0.1209 0.1174 0.1207 0.1313 0.1364 0.1217 0.1214 0.1303 
         337  1 0.1231 0.1073 0.1222 0.1404 0.1166 0.1214 0.1289 0.1401 
         338  1 0.1270 0.1389 0.1238 0.1253 0.1266 0.1281 0.1093 0.1211 
         339  1 0.1286 0.1215 0.1212 0.1253 0.1254 0.1353 0.1166 0.1260 
         340  1 0.1240 0.1144 0.1265 0.1264 0.1097 0.1394 0.1372 0.1224 
         341  1 0.1235 0.1201 0.1189 0.1345 0.1400 0.1210 0.1197 0.1222 
         342  1 0.1250 0.1115 0.1161 0.1370 0.1588 0.1240 0.1094 0.1181 
         343  1 0.1242 0.1462 0.1315 0.1149 0.1099 0.1254 0.1253 0.1225 
         344  1 0.1186 0.1330 0.1317 0.1187 0.1217 0.1218 0.1341 0.1203 
         345  1 0.1242 0.1165 0.1253 0.1226 0.1173 0.1278 0.1360 0.1303 
         346  1 0.1262 0.1180 0.1247 0.1261 0.1117 0.1376 0.1258 0.1299 
         347  1 0.1401 0.1134 0.1098 0.1324 0.1240 0.1358 0.1154 0.1292 
