           1  1 0.1102 0.1054 0.1251 0.1160 0.1021 0.1099 0.1043 0.1213 0.1056 
           2  1 0.1098 0.1101 0.1118 0.1114 0.1103 0.1153 0.1077 0.1088 0.1149 
           3  1 0.1121 0.1065 0.1125 0.1101 0.1156 0.1229 0.1097 0.0982 0.1123 
           4  1 0.1104 0.1044 0.1000 0.1135 0.1186 0.1030 0.1048 0.1251 0.1202 
           5  1 0.1259 0.1169 0.1035 0.1010 0.1054 0.1104 0.1300 0.1033 0.1035 
           6  1 0.1081 0.1159 0.1089 0.1092 0.1158 0.1060 0.1064 0.1186 0.1111 
           7  1 0.1198 0.1141 0.1131 0.1088 0.1056 0.1091 0.1181 0.1122 0.0992 
           8  1 0.1289 0.1162 0.1089 0.1025 0.1037 0.1004 0.1361 0.1018 0.1014 
           9  1 0.1121 0.1088 0.1238 0.1129 0.1031 0.1115 0.1104 0.1055 0.1119 
          10  1 0.1245 0.1080 0.1110 0.1105 0.1053 0.1054 0.1171 0.1114 0.1067 
          11  1 0.1111 0.1077 0.1184 0.1133 0.1108 0.1329 0.1057 0.0911 0.1090 
          12  1 0.1138 0.1109 0.1185 0.1078 0.1079 0.1156 0.1128 0.1074 0.1053 
          13  1 0.1297 0.1162 0.1120 0.1047 0.0984 0.1091 0.1305 0.0981 0.1013 
          14  1 0.1156 0.1113 0.1056 0.1103 0.1133 0.1035 0.1095 0.1172 0.1138 
          15  1 0.1192 0.1117 0.1167 0.1115 0.1072 0.1106 0.1129 0.1060 0.1040 
          16  1 0.1176 0.1149 0.1188 0.1145 0.1009 0.1099 0.1158 0.1005 0.1071 
          17  1 0.1009 0.1085 0.1072 0.1122 0.1204 0.1307 0.1007 0.1014 0.1180 
          18  1 0.1128 0.1081 0.1139 0.1142 0.1099 0.1172 0.1099 0.1074 0.1066 
          19  1 0.1109 0.1105 0.1230 0.1116 0.1079 0.1141 0.1055 0.1039 0.1126 
          20  1 0.0946 0.1018 0.1269 0.1164 0.1079 0.1249 0.0965 0.1088 0.1221 
          21  1 0.0993 0.1094 0.1273 0.1141 0.1099 0.1180 0.0986 0.1140 0.1093 
          22  1 0.0999 0.1031 0.1303 0.1216 0.1095 0.1112 0.0953 0.1148 0.1141 
          23  1 0.1107 0.1148 0.1107 0.1101 0.1141 0.1112 0.1072 0.1136 0.1076 
          24  1 0.1122 0.1135 0.1042 0.1078 0.1163 0.1125 0.1101 0.1134 0.1100 
          25  1 0.1023 0.1115 0.1125 0.1101 0.1126 0.1092 0.0990 0.1230 0.1197 
          26  1 0.1130 0.1094 0.1170 0.1117 0.1108 0.1258 0.1099 0.0922 0.1103 
          27  1 0.1266 0.1137 0.1107 0.1102 0.1014 0.1091 0.1206 0.1069 0.1006 
          28  1 0.1009 0.1077 0.1222 0.1242 0.1014 0.1128 0.0973 0.1141 0.1193 
          29  1 0.1076 0.1041 0.1111 0.1138 0.1180 0.1336 0.1052 0.0906 0.1160 
          30  1 0.1181 0.1120 0.1178 0.1139 0.1020 0.1127 0.1134 0.1046 0.1055 
          31  1 0.1117 0.1115 0.1110 0.1099 0.1169 0.1092 0.1164 0.1057 0.1075 
          32  1 0.1108 0.1150 0.1113 0.1060 0.1130 0.1086 0.1145 0.1128 0.1081 
          33  1 0.1096 0.1097 0.1215 0.1156 0.1005 0.1144 0.1079 0.1124 0.1085 
          34  1 0.1138 0.1089 0.1230 0.1129 0.1058 0.1174 0.1023 0.1039 0.1120 
          35  1 0.1150 0.1122 0.1185 0.1139 0.1083 0.1128 0.1085 0.1058 0.1051 
          36  1 0.1207 0.1153 0.1133 0.1117 0.1065 0.1048 0.1159 0.1074 0.1043 
          37  1 0.1133 0.1068 0.1148 0.1110 0.1086 0.1298 0.1129 0.0837 0.1191 
          38  1 0.1146 0.1038 0.1166 0.1116 0.1105 0.1197 0.1178 0.0884 0.1170 
          39  1 0.0995 0.0989 0.1381 0.1313 0.0925 0.1156 0.0858 0.1229 0.1154 
          40  1 0.0928 0.0953 0.1439 0.1338 0.0897 0.1153 0.0801 0.1298 0.1195 
          41  1 0.1065 0.1036 0.1254 0.1189 0.1063 0.1226 0.0968 0.1096 0.1102 
          42  1 0.1208 0.1189 0.1059 0.1056 0.1070 0.1070 0.1274 0.1087 0.0987 
          43  1 0.1057 0.1072 0.1167 0.1063 0.1186 0.1207 0.1082 0.1010 0.1156 
          44  1 0.1260 0.1090 0.0992 0.1042 0.1105 0.0990 0.1312 0.1192 0.1018 
          45  1 0.1096 0.1122 0.1127 0.1095 0.1101 0.1149 0.1151 0.1050 0.1110 
          46  1 0.1192 0.1104 0.1095 0.1046 0.1111 0.1047 0.1310 0.1131 0.0965 
          47  1 0.1194 0.1131 0.1111 0.1051 0.1066 0.1023 0.1272 0.1162 0.0991 
          48  1 0.1132 0.1068 0.1052 0.1083 0.1139 0.1021 0.1223 0.1165 0.1119 
          49  1 0.1044 0.1047 0.1173 0.1145 0.1175 0.1418 0.0995 0.0830 0.1172 
          50  1 0.1156 0.1091 0.1148 0.1103 0.1096 0.1160 0.1161 0.0924 0.1161 
          51  1 0.1171 0.1079 0.1192 0.1145 0.1033 0.1193 0.1132 0.0895 0.1159 
          52  1 0.1245 0.1183 0.1138 0.1052 0.1021 0.1084 0.1261 0.0983 0.1035 
          53  1 0.1001 0.1064 0.1183 0.1218 0.1127 0.1222 0.0995 0.1091 0.1099 
          54  1 0.1191 0.1100 0.1083 0.1083 0.1094 0.1078 0.1214 0.1111 0.1047 
          55  1 0.1124 0.1119 0.1152 0.1043 0.1145 0.1086 0.1176 0.1077 0.1079 
          56  1 0.1164 0.1163 0.1155 0.1108 0.1067 0.1160 0.1122 0.1015 0.1046 
          57  1 0.0957 0.1021 0.1397 0.1279 0.1017 0.1173 0.0907 0.1086 0.1165 
          58  1 0.1176 0.1148 0.1097 0.1097 0.1130 0.1146 0.1096 0.1011 0.1099 
          59  1 0.1102 0.1044 0.1095 0.1091 0.1185 0.1182 0.1196 0.0998 0.1106 
          60  1 0.0901 0.1026 0.1407 0.1329 0.0972 0.1190 0.0817 0.1183 0.1176 
          61  1 0.1036 0.1129 0.1239 0.1171 0.1066 0.1229 0.0979 0.1062 0.1089 
          62  1 0.1224 0.1132 0.1006 0.1096 0.1069 0.0912 0.1292 0.1256 0.1012 
          63  1 0.1248 0.1147 0.1135 0.1020 0.1091 0.1070 0.1291 0.0972 0.1026 
          64  1 0.1010 0.1029 0.1317 0.1216 0.1041 0.1172 0.0970 0.1106 0.1140 
          65  1 0.1158 0.1137 0.1130 0.1054 0.1111 0.1055 0.1192 0.1126 0.1036 
          66  1 0.1112 0.1124 0.1195 0.1106 0.1046 0.1158 0.1100 0.1083 0.1075 
          67  1 0.1358 0.1175 0.1094 0.1015 0.0941 0.0954 0.1343 0.1101 0.1020 
          68  1 0.1163 0.1121 0.0975 0.1070 0.1118 0.0973 0.1221 0.1293 0.1065 
          69  1 0.1238 0.1112 0.1057 0.1010 0.1095 0.1040 0.1304 0.1168 0.0977 
          70  1 0.1090 0.1087 0.1094 0.1139 0.1087 0.1100 0.1162 0.1109 0.1132 
          71  1 0.1021 0.1050 0.1244 0.1232 0.1076 0.1164 0.0948 0.1113 0.1152 
          72  1 0.1189 0.1123 0.1096 0.1091 0.1065 0.1168 0.1130 0.1008 0.1132 
          73  1 0.1063 0.1054 0.1186 0.1109 0.1161 0.1405 0.1062 0.0837 0.1123 
          74  1 0.1069 0.1099 0.1276 0.1177 0.1014 0.1176 0.1039 0.1107 0.1042 
          75  1 0.1165 0.1109 0.1098 0.1127 0.1138 0.1188 0.1113 0.0977 0.1083 
          76  1 0.1074 0.1026 0.1279 0.1222 0.1050 0.1111 0.1037 0.1141 0.1059 
          77  1 0.1197 0.1125 0.1104 0.1092 0.1082 0.1064 0.1181 0.1128 0.1029 
          78  1 0.1214 0.1105 0.1046 0.1081 0.1095 0.1047 0.1250 0.1152 0.1011 
          79  1 0.0898 0.1020 0.1341 0.1294 0.1037 0.1117 0.0926 0.1222 0.1144 
          80  1 0.1134 0.1133 0.1086 0.1125 0.1090 0.1129 0.1105 0.1093 0.1106 
          81  1 0.1157 0.1136 0.1086 0.1045 0.1113 0.1174 0.1152 0.1077 0.1060 
          82  1 0.1111 0.1096 0.1122 0.1095 0.1118 0.1287 0.1127 0.0964 0.1080 
          83  1 0.1121 0.1107 0.1168 0.1116 0.1106 0.1160 0.1104 0.1057 0.1061 
          84  1 0.1232 0.1159 0.1113 0.1103 0.0991 0.1011 0.1215 0.1089 0.1087 
          85  1 0.1040 0.1109 0.1190 0.1128 0.1121 0.1325 0.1078 0.0898 0.1110 
          86  1 0.1031 0.1095 0.1131 0.1172 0.1129 0.1067 0.1057 0.1136 0.1182 
          87  1 0.0964 0.1043 0.1137 0.1188 0.1161 0.1253 0.0985 0.1018 0.1252 
          88  1 0.1152 0.1111 0.1088 0.1037 0.1120 0.0947 0.1348 0.1221 0.0975 
          89  1 0.1201 0.1094 0.1186 0.1055 0.1044 0.1150 0.1224 0.0948 0.1098 
          90  1 0.1194 0.1149 0.1049 0.1083 0.1095 0.1012 0.1141 0.1216 0.1061 
          91  1 0.1239 0.1075 0.1054 0.1047 0.1104 0.1050 0.1243 0.1157 0.1030 
          92  1 0.1114 0.1033 0.1285 0.1196 0.1038 0.1149 0.1009 0.1048 0.1128 
          93  1 0.1172 0.1099 0.1165 0.1071 0.1043 0.1082 0.1212 0.1105 0.1051 
          94  1 0.1209 0.1046 0.1190 0.1162 0.0994 0.1020 0.1083 0.1244 0.1051 
          95  1 0.1206 0.1186 0.1080 0.1045 0.1084 0.1063 0.1252 0.1118 0.0964 
          96  1 0.1224 0.1116 0.1103 0.1090 0.1059 0.1107 0.1233 0.1041 0.1026 
          97  1 0.1069 0.1046 0.1055 0.1146 0.1124 0.1073 0.1041 0.1240 0.1206 
          98  1 0.1209 0.1102 0.1074 0.1061 0.1065 0.1097 0.1248 0.1094 0.1050 
          99  1 0.1184 0.1121 0.1138 0.1061 0.1072 0.1124 0.1197 0.1041 0.1062 
         100  1 0.1128 0.1188 0.1047 0.1075 0.1140 0.1033 0.1180 0.1160 0.1048 
         101  1 0.1192 0.1180 0.0984 0.1057 0.1119 0.1003 0.1208 0.1198 0.1059 
         102  1 0.1041 0.1118 0.1021 0.1137 0.1177 0.1083 0.1017 0.1217 0.1188 
         103  1 0.1183 0.1138 0.1025 0.1046 0.1132 0.0942 0.1256 0.1253 0.1026 
         104  1 0.1107 0.1115 0.1110 0.1093 0.1129 0.1013 0.1157 0.1203 0.1073 
         105  1 0.1192 0.1105 0.1109 0.1094 0.1138 0.1169 0.1142 0.1000 0.1052 
         106  1 0.1314 0.1075 0.1087 0.1069 0.1060 0.1150 0.1218 0.1007 0.1019 
         107  1 0.1172 0.1117 0.1095 0.1073 0.1089 0.1075 0.1209 0.1107 0.1063 
         108  1 0.1132 0.1145 0.1096 0.1084 0.1150 0.1027 0.1120 0.1169 0.1078 
         109  1 0.1216 0.1126 0.1103 0.1100 0.1082 0.1138 0.1144 0.1058 0.1033 
         110  1 0.1152 0.1176 0.1100 0.1049 0.1099 0.1039 0.1212 0.1144 0.1029 
         111  1 0.1118 0.1087 0.1080 0.1069 0.1183 0.1150 0.1146 0.1060 0.1107 
         112  1 0.1050 0.1094 0.1139 0.1153 0.1136 0.1294 0.1016 0.0968 0.1149 
         113  1 0.1017 0.1112 0.1240 0.1172 0.1075 0.1182 0.0999 0.1136 0.1066 
         114  1 0.1221 0.1183 0.1116 0.1068 0.1046 0.1049 0.1209 0.1139 0.0970 
         115  1 0.1130 0.1201 0.1058 0.1007 0.1187 0.0993 0.1250 0.1186 0.0989 
         116  1 0.1095 0.1142 0.1125 0.1065 0.1170 0.1064 0.1089 0.1115 0.1136 
         117  1 0.1120 0.1088 0.1144 0.1110 0.1101 0.1142 0.1075 0.1126 0.1095 
         118  1 0.1226 0.1114 0.1082 0.1077 0.1056 0.1063 0.1246 0.1061 0.1076 
         119  1 0.1157 0.1110 0.1093 0.1065 0.1178 0.1168 0.1156 0.1014 0.1059 
         120  1 0.1149 0.1086 0.1071 0.1048 0.1175 0.1119 0.1163 0.1087 0.1103 
         121  1 0.1229 0.1147 0.1162 0.1055 0.1087 0.1153 0.1177 0.0985 0.1005 
         122  1 0.1104 0.1110 0.1240 0.1184 0.1043 0.1090 0.1027 0.1126 0.1077 
         123  1 0.0964 0.1008 0.1304 0.1188 0.1111 0.1192 0.0946 0.1073 0.1211 
         124  1 0.0913 0.1105 0.1224 0.1247 0.1055 0.1153 0.0888 0.1233 0.1182 
         125  1 0.1046 0.1101 0.1151 0.1077 0.1161 0.1160 0.1120 0.1071 0.1113 
         126  1 0.1037 0.1039 0.1291 0.1207 0.1014 0.1137 0.0971 0.1207 0.1097 
         127  1 0.1346 0.1138 0.1051 0.1047 0.0994 0.0989 0.1335 0.1066 0.1033 
         128  1 0.1052 0.1094 0.1139 0.1099 0.1191 0.1299 0.1045 0.0931 0.1151 
         129  1 0.1084 0.1069 0.1204 0.1167 0.1086 0.1181 0.1050 0.1046 0.1113 
         130  1 0.1125 0.1150 0.1152 0.1108 0.1104 0.1056 0.1151 0.1101 0.1053 
         131  1 0.1004 0.1170 0.0958 0.1096 0.1183 0.0961 0.1032 0.1343 0.1253 
         132  1 0.1119 0.1062 0.1164 0.1067 0.1174 0.1146 0.1114 0.1041 0.1112 
         133  1 0.1093 0.1123 0.1215 0.1137 0.1069 0.1098 0.1077 0.1146 0.1042 
         134  1 0.0999 0.1062 0.1218 0.1168 0.1107 0.1180 0.1011 0.1120 0.1135 
         135  1 0.1038 0.0966 0.1159 0.1142 0.1178 0.1407 0.0994 0.0813 0.1303 
         136  1 0.1171 0.1162 0.1006 0.1072 0.1064 0.0878 0.1302 0.1307 0.1037 
         137  1 0.1317 0.1136 0.1040 0.1072 0.1027 0.0931 0.1284 0.1189 0.1004 
         138  1 0.1137 0.1160 0.1036 0.1087 0.1094 0.0971 0.1158 0.1233 0.1124 
         139  1 0.1221 0.1094 0.1135 0.1097 0.1097 0.1128 0.1115 0.1015 0.1098 
         140  1 0.1079 0.1091 0.1198 0.1160 0.1070 0.1059 0.1117 0.1194 0.1032 
         141  1 0.1271 0.1140 0.1045 0.1029 0.1091 0.1004 0.1236 0.1146 0.1038 
         142  1 0.1119 0.1068 0.1014 0.1148 0.1122 0.1077 0.1136 0.1176 0.1140 
         143  1 0.1106 0.1064 0.1139 0.1120 0.1155 0.1218 0.1154 0.0954 0.1090 
         144  1 0.1022 0.1124 0.1056 0.1123 0.1205 0.1201 0.1048 0.1042 0.1179 
         145  1 0.1257 0.1108 0.1074 0.1039 0.1098 0.0990 0.1356 0.1123 0.0955 
         146  1 0.1058 0.1093 0.1240 0.1204 0.0978 0.1176 0.0969 0.1144 0.1138 
         147  1 0.1205 0.1101 0.1133 0.1073 0.1099 0.1144 0.1177 0.0989 0.1077 
         148  1 0.1145 0.1171 0.1127 0.1046 0.1075 0.1284 0.1168 0.0879 0.1106 
         149  1 0.1226 0.1228 0.1039 0.1035 0.1095 0.1060 0.1264 0.1051 0.1001 
         150  1 0.1059 0.1115 0.1168 0.1124 0.1118 0.1234 0.1081 0.0961 0.1140 
         151  1 0.1063 0.1064 0.1171 0.1138 0.1124 0.1292 0.1021 0.0914 0.1212 
         152  1 0.1078 0.1075 0.1098 0.1077 0.1219 0.1216 0.1071 0.1051 0.1116 
         153  1 0.1111 0.1092 0.1087 0.1114 0.1154 0.1252 0.1091 0.0929 0.1168 
         154  1 0.1112 0.1084 0.1126 0.1117 0.1140 0.1266 0.1108 0.0960 0.1087 
         155  1 0.1148 0.1104 0.1124 0.1142 0.1059 0.1092 0.1063 0.1153 0.1115 
         156  1 0.1312 0.1080 0.0989 0.1056 0.1035 0.0886 0.1316 0.1337 0.0989 
         157  1 0.1087 0.1051 0.1171 0.1220 0.1064 0.1066 0.1005 0.1234 0.1103 
         158  1 0.1029 0.1103 0.1136 0.1162 0.1120 0.1169 0.1037 0.1096 0.1149 
         159  1 0.1289 0.1151 0.1053 0.1020 0.1090 0.0959 0.1357 0.1125 0.0957 
         160  1 0.1072 0.1120 0.1183 0.1125 0.1108 0.1204 0.1043 0.1038 0.1107 
         161  1 0.1134 0.1112 0.1138 0.1097 0.1113 0.1158 0.1106 0.1060 0.1082 
         162  1 0.1037 0.1024 0.1198 0.1197 0.1043 0.1291 0.1014 0.0939 0.1257 
         163  1 0.1065 0.1095 0.1218 0.1174 0.1026 0.1212 0.1028 0.1055 0.1128 
         164  1 0.1169 0.1075 0.1151 0.1116 0.1107 0.1219 0.1124 0.0952 0.1087 
         165  1 0.1005 0.1086 0.1140 0.1179 0.1126 0.1216 0.1057 0.1020 0.1171 
         166  1 0.1151 0.1096 0.1138 0.1074 0.1094 0.1138 0.1208 0.1077 0.1025 
         167  1 0.1261 0.1090 0.1020 0.1088 0.1116 0.1010 0.1130 0.1218 0.1067 
         168  1 0.0996 0.1066 0.1269 0.1202 0.1052 0.1144 0.0951 0.1189 0.1132 
         169  1 0.1139 0.1101 0.1132 0.1074 0.1139 0.1168 0.1157 0.1001 0.1090 
         170  1 0.1255 0.1121 0.1099 0.1082 0.1015 0.1097 0.1201 0.1094 0.1035 
         171  1 0.1189 0.1120 0.1171 0.1061 0.1080 0.1135 0.1154 0.1028 0.1062 
         172  1 0.0838 0.1026 0.1468 0.1318 0.0939 0.1173 0.0779 0.1239 0.1219 
         173  1 0.1069 0.1144 0.1058 0.1139 0.1180 0.1014 0.1064 0.1216 0.1116 
         174  1 0.1096 0.1108 0.1027 0.1127 0.1192 0.1065 0.1034 0.1214 0.1137 
         175  1 0.1160 0.1068 0.1136 0.1119 0.1093 0.1101 0.1131 0.1106 0.1085 
         176  1 0.1149 0.1097 0.1188 0.1130 0.1071 0.1186 0.1092 0.1024 0.1062 
         177  1 0.1011 0.1103 0.1076 0.1127 0.1217 0.1249 0.1026 0.0987 0.1204 
         178  1 0.1225 0.1243 0.1090 0.1046 0.1035 0.1007 0.1243 0.1127 0.0984 
         179  1 0.1174 0.1069 0.1106 0.1076 0.1163 0.1142 0.1190 0.1042 0.1038 
         180  1 0.1113 0.1132 0.1055 0.1083 0.1166 0.1079 0.1122 0.1151 0.1097 
         181  1 0.1207 0.1195 0.1139 0.1050 0.1064 0.1136 0.1215 0.0954 0.1041 
         182  1 0.1154 0.1074 0.1172 0.1120 0.1054 0.1152 0.1097 0.1109 0.1069 
         183  1 0.1169 0.1096 0.1107 0.1084 0.1096 0.1046 0.1124 0.1148 0.1129 
         184  1 0.1034 0.1039 0.1088 0.1163 0.1107 0.1094 0.1080 0.1267 0.1129 
         185  1 0.1208 0.1253 0.1036 0.0937 0.1164 0.1029 0.1317 0.1077 0.0979 
         186  1 0.1281 0.1134 0.1041 0.1041 0.1056 0.1002 0.1251 0.1163 0.1031 
         187  1 0.1165 0.1114 0.1059 0.1124 0.1104 0.1052 0.1173 0.1147 0.1063 
         188  1 0.1121 0.1130 0.1119 0.1113 0.1163 0.1148 0.1085 0.1018 0.1105 
         189  1 0.1127 0.1038 0.1110 0.1134 0.1100 0.1104 0.1126 0.1133 0.1127 
         190  1 0.1141 0.1199 0.1097 0.1043 0.1102 0.1041 0.1203 0.1142 0.1033 
         191  1 0.1249 0.1100 0.1068 0.1105 0.1063 0.1073 0.1136 0.1081 0.1123 
         192  1 0.1132 0.1139 0.1055 0.1121 0.1091 0.1032 0.1126 0.1162 0.1143 
         193  1 0.1251 0.1134 0.1113 0.1099 0.1060 0.1022 0.1170 0.1137 0.1013 
         194  1 0.1147 0.1166 0.1113 0.1076 0.1152 0.1113 0.1163 0.1066 0.1004 
         195  1 0.1041 0.1228 0.0916 0.1116 0.1118 0.0899 0.1084 0.1362 0.1237 
         196  1 0.1141 0.1133 0.1109 0.1057 0.1158 0.1151 0.1125 0.1050 0.1077 
         197  1 0.1116 0.1089 0.1122 0.1082 0.1191 0.1190 0.1083 0.1002 0.1126 
         198  1 0.1042 0.1108 0.1166 0.1110 0.1170 0.1279 0.1030 0.0957 0.1136 
         199  1 0.0966 0.1110 0.0947 0.1112 0.1310 0.0951 0.0972 0.1400 0.1232 
         200  1 0.1039 0.1060 0.1207 0.1184 0.1086 0.1191 0.0990 0.1067 0.1175 
         201  1 0.0994 0.1100 0.1216 0.1159 0.1053 0.1174 0.1008 0.1175 0.1122 
         202  1 0.0931 0.1099 0.1093 0.1103 0.1227 0.1181 0.0995 0.1168 0.1202 
         203  1 0.1108 0.1081 0.1161 0.1094 0.1099 0.1254 0.1068 0.0980 0.1153 
         204  1 0.0947 0.1087 0.1201 0.1192 0.1126 0.1128 0.0943 0.1208 0.1168 
         205  1 0.1192 0.1126 0.1105 0.1087 0.1073 0.1119 0.1182 0.1072 0.1044 
         206  1 0.1083 0.1038 0.1204 0.1194 0.1098 0.1100 0.1038 0.1136 0.1108 
         207  1 0.1296 0.1117 0.1066 0.1036 0.1027 0.0949 0.1312 0.1175 0.1022 
         208  1 0.1158 0.1158 0.1144 0.1060 0.1083 0.1100 0.1155 0.1100 0.1041 
         209  1 0.1340 0.1118 0.1020 0.1066 0.1040 0.0964 0.1300 0.1180 0.0971 
         210  1 0.1086 0.1140 0.1114 0.1100 0.1133 0.1172 0.1094 0.1091 0.1070 
         211  1 0.1050 0.1084 0.1139 0.1080 0.1181 0.1227 0.1111 0.0976 0.1152 
         212  1 0.1098 0.1074 0.1194 0.1158 0.1048 0.1128 0.1041 0.1160 0.1100 
         213  1 0.1082 0.1116 0.1232 0.1162 0.1006 0.1084 0.1100 0.1155 0.1061 
         214  1 0.1173 0.1073 0.1069 0.1043 0.1168 0.1066 0.1180 0.1162 0.1066 
         215  1 0.1194 0.1102 0.1134 0.1072 0.1078 0.1105 0.1198 0.1080 0.1038 
         216  1 0.1168 0.1110 0.1158 0.1097 0.1086 0.1161 0.1119 0.1049 0.1052 
         217  1 0.1224 0.1189 0.1113 0.1057 0.1061 0.1154 0.1177 0.0974 0.1051 
         218  1 0.1279 0.1127 0.1159 0.1056 0.1050 0.1103 0.1185 0.1062 0.0979 
         219  1 0.1041 0.1052 0.1121 0.1165 0.1184 0.1183 0.1047 0.1037 0.1170 
         220  1 0.1061 0.1138 0.1196 0.1106 0.1102 0.1212 0.1040 0.1068 0.1076 
         221  1 0.1179 0.1078 0.1089 0.1083 0.1107 0.1110 0.1256 0.1076 0.1022 
         222  1 0.1257 0.1139 0.1084 0.1047 0.1075 0.1049 0.1227 0.1065 0.1056 
         223  1 0.1219 0.1142 0.1121 0.1100 0.1026 0.1080 0.1199 0.1098 0.1015 
         224  1 0.1017 0.1086 0.1174 0.1199 0.1115 0.1325 0.1008 0.0903 0.1172 
         225  1 0.1326 0.1139 0.0979 0.1031 0.1028 0.0862 0.1423 0.1249 0.0964 
         226  1 0.1238 0.1124 0.1096 0.1051 0.1091 0.1099 0.1182 0.1077 0.1041 
         227  1 0.1105 0.1120 0.1170 0.1133 0.1052 0.1213 0.1074 0.1074 0.1060 
         228  1 0.1017 0.1115 0.1169 0.1177 0.1073 0.1202 0.0978 0.1116 0.1152 
         229  1 0.1180 0.1071 0.1089 0.1041 0.1117 0.1163 0.1219 0.1057 0.1062 
         230  1 0.1109 0.1112 0.1191 0.1102 0.1095 0.1178 0.1102 0.1005 0.1105 
         231  1 0.1060 0.1103 0.1049 0.1134 0.1128 0.1129 0.1069 0.1126 0.1202 
         232  1 0.1129 0.1063 0.1145 0.1126 0.1123 0.1288 0.1094 0.0898 0.1133 
         233  1 0.0946 0.1053 0.1343 0.1265 0.1011 0.1152 0.0865 0.1179 0.1186 
         234  1 0.1132 0.1095 0.1155 0.1112 0.1093 0.1100 0.1155 0.1115 0.1043 
         235  1 0.1145 0.1119 0.1064 0.1124 0.1117 0.1000 0.1150 0.1201 0.1080 
         236  1 0.1029 0.1048 0.1085 0.1160 0.1145 0.1173 0.1035 0.1071 0.1254 
         237  1 0.0969 0.1054 0.1238 0.1246 0.1043 0.1110 0.0939 0.1213 0.1189 
         238  1 0.1134 0.1145 0.1119 0.1073 0.1096 0.1055 0.1239 0.1154 0.0985 
         239  1 0.1172 0.1105 0.1122 0.1109 0.1113 0.1065 0.1181 0.1112 0.1020 
         240  1 0.1055 0.1142 0.0962 0.1147 0.1118 0.0962 0.1103 0.1308 0.1203 
         241  1 0.1102 0.1054 0.1238 0.1186 0.1046 0.1177 0.1036 0.1050 0.1112 
         242  1 0.1199 0.1072 0.1097 0.1068 0.1139 0.1154 0.1184 0.1024 0.1061 
         243  1 0.1017 0.1009 0.1269 0.1144 0.1123 0.1266 0.0989 0.1000 0.1184 
         244  1 0.1127 0.1097 0.1103 0.1115 0.1096 0.1075 0.1131 0.1190 0.1066 
         245  1 0.1127 0.1141 0.1138 0.1039 0.1139 0.1103 0.1217 0.1074 0.1021 
         246  1 0.1121 0.1178 0.1129 0.1027 0.1172 0.1169 0.1135 0.1016 0.1054 
         247  1 0.1168 0.1107 0.1017 0.1025 0.1208 0.0886 0.1297 0.1312 0.0979 
         248  1 0.1235 0.1075 0.1045 0.1086 0.1095 0.1074 0.1243 0.1081 0.1065 
         249  1 0.1332 0.1187 0.1034 0.0994 0.1066 0.0884 0.1389 0.1172 0.0941 
         250  1 0.1242 0.1162 0.1097 0.1042 0.1028 0.0971 0.1298 0.1170 0.0989 
         251  1 0.1111 0.1157 0.1024 0.1114 0.1109 0.1050 0.1131 0.1135 0.1168 
         252  1 0.1180 0.1137 0.1022 0.1082 0.1173 0.1003 0.1135 0.1170 0.1098 
         253  1 0.1058 0.1168 0.1050 0.1129 0.1128 0.1094 0.1070 0.1162 0.1141 
         254  1 0.1188 0.1061 0.1067 0.1132 0.1134 0.1164 0.1140 0.0947 0.1167 
         255  1 0.0904 0.1139 0.0919 0.1144 0.1245 0.1073 0.0965 0.1230 0.1380 
         256  1 0.1092 0.1216 0.0941 0.1122 0.1075 0.0844 0.1138 0.1302 0.1269 
         257  1 0.1006 0.1177 0.0877 0.1154 0.1201 0.0849 0.1030 0.1427 0.1278 
         258  1 0.0976 0.1163 0.0950 0.1111 0.1190 0.1118 0.1043 0.1183 0.1266 
         259  1 0.1130 0.1115 0.1100 0.1088 0.1119 0.1097 0.1083 0.1196 0.1071 
         260  1 0.1096 0.1062 0.1111 0.1148 0.1166 0.1223 0.1089 0.0973 0.1130 
         261  1 0.0712 0.1280 0.0709 0.1214 0.1295 0.0699 0.0800 0.1804 0.1486 
         262  1 0.1051 0.1184 0.1081 0.1094 0.1176 0.0998 0.1139 0.1221 0.1056 
         263  1 0.1236 0.1115 0.1076 0.1081 0.1025 0.1036 0.1202 0.1187 0.1041 
         264  1 0.0990 0.1107 0.1017 0.1109 0.1218 0.1044 0.1007 0.1252 0.1256 
         265  1 0.0884 0.1210 0.0846 0.1143 0.1299 0.0875 0.0923 0.1517 0.1303 
         266  1 0.1125 0.1175 0.1049 0.1085 0.1125 0.1117 0.1120 0.1099 0.1106 
         267  1 0.1123 0.1210 0.1031 0.1058 0.1169 0.1169 0.1151 0.1026 0.1064 
         268  1 0.1150 0.1150 0.1092 0.1088 0.1155 0.1097 0.1111 0.1101 0.1056 
         269  1 0.0973 0.1187 0.0979 0.1134 0.1173 0.1052 0.0991 0.1306 0.1203 
         270  1 0.0995 0.1182 0.0983 0.1143 0.1193 0.1054 0.1012 0.1201 0.1238 
         271  1 0.1058 0.1171 0.1021 0.1126 0.1168 0.1033 0.1075 0.1176 0.1171 
         272  1 0.0963 0.1144 0.1016 0.1118 0.1187 0.1039 0.0996 0.1319 0.1218 
         273  1 0.1177 0.1170 0.1053 0.1059 0.1115 0.0954 0.1252 0.1254 0.0966 
         274  1 0.1032 0.1159 0.0979 0.1129 0.1172 0.1037 0.1038 0.1229 0.1225 
         275  1 0.0897 0.1171 0.1019 0.1175 0.1187 0.1036 0.0882 0.1358 0.1274 
         276  1 0.1060 0.1076 0.0930 0.1161 0.1210 0.0954 0.0998 0.1408 0.1203 
         277  1 0.1137 0.1250 0.0996 0.1044 0.1077 0.1097 0.1184 0.1104 0.1112 
         278  1 0.1265 0.1230 0.1039 0.1060 0.0951 0.0938 0.1256 0.1158 0.1103 
         279  1 0.0892 0.1129 0.0979 0.1158 0.1230 0.0896 0.0932 0.1449 0.1335 
         280  1 0.0951 0.1025 0.1143 0.1228 0.1120 0.1326 0.0955 0.1035 0.1217 
         281  1 0.1014 0.1178 0.1173 0.1109 0.1094 0.1151 0.0995 0.1139 0.1147 
         282  1 0.1143 0.1103 0.1001 0.1074 0.1150 0.1012 0.1201 0.1208 0.1109 
         283  1 0.0869 0.1124 0.1055 0.1235 0.1122 0.1055 0.0873 0.1310 0.1357 
         284  1 0.1206 0.1141 0.1036 0.1061 0.1130 0.1047 0.1211 0.1157 0.1010 
         285  1 0.1026 0.1130 0.0999 0.1136 0.1152 0.1096 0.1074 0.1179 0.1208 
         286  1 0.0992 0.1223 0.1015 0.1125 0.1177 0.0921 0.1054 0.1294 0.1200 
         287  1 0.1010 0.1123 0.1023 0.1176 0.1135 0.1116 0.1004 0.1156 0.1257 
         288  1 0.0968 0.1085 0.1105 0.1141 0.1177 0.1209 0.0981 0.1148 0.1186 
         289  1 0.1114 0.1201 0.0982 0.1088 0.1165 0.1021 0.1119 0.1211 0.1099 
         290  1 0.0918 0.1015 0.1218 0.1255 0.1108 0.1279 0.0945 0.0940 0.1322 
         291  1 0.0833 0.1228 0.0843 0.1176 0.1231 0.0893 0.0909 0.1513 0.1373 
         292  1 0.1103 0.1183 0.0988 0.1026 0.1274 0.0985 0.1112 0.1267 0.1063 
         293  1 0.0822 0.1205 0.0771 0.1166 0.1283 0.0789 0.0893 0.1625 0.1446 
         294  1 0.0949 0.1159 0.0975 0.1137 0.1269 0.1117 0.0941 0.1195 0.1259 
         295  1 0.0911 0.1197 0.0892 0.1154 0.1250 0.0909 0.0946 0.1474 0.1267 
         296  1 0.1105 0.1095 0.1161 0.1114 0.1118 0.1180 0.1101 0.1017 0.1108 
         297  1 0.0854 0.1226 0.0833 0.1105 0.1240 0.0846 0.0942 0.1584 0.1370 
         298  1 0.1270 0.1136 0.1029 0.1016 0.1124 0.1009 0.1310 0.1094 0.1012 
         299  1 0.1126 0.1138 0.1124 0.1108 0.1118 0.1168 0.1118 0.1035 0.1065 
         300  1 0.0939 0.1190 0.0935 0.1095 0.1241 0.0953 0.0974 0.1350 0.1322 
         301  1 0.0859 0.1158 0.0883 0.1123 0.1296 0.1044 0.0954 0.1354 0.1329 
         302  1 0.1000 0.1060 0.1173 0.1146 0.1128 0.1160 0.1005 0.1162 0.1166 
         303  1 0.0733 0.1178 0.0905 0.1184 0.1262 0.0892 0.0789 0.1600 0.1457 
         304  1 0.1048 0.1119 0.1108 0.1188 0.1134 0.1086 0.1017 0.1143 0.1156 
         305  1 0.1106 0.1186 0.1077 0.1062 0.1134 0.1188 0.1134 0.1016 0.1097 
         306  1 0.1109 0.1103 0.1090 0.1108 0.1136 0.1211 0.1096 0.1024 0.1124 
         307  1 0.1094 0.1198 0.1018 0.1127 0.1105 0.1042 0.1086 0.1180 0.1149 
         308  1 0.1092 0.1164 0.1058 0.1057 0.1131 0.1205 0.1161 0.0972 0.1159 
         309  1 0.1127 0.1069 0.1206 0.1157 0.0994 0.1039 0.1087 0.1271 0.1050 
         310  1 0.1232 0.1113 0.1043 0.1026 0.1046 0.0928 0.1365 0.1242 0.1005 
         311  1 0.1147 0.1036 0.1130 0.1130 0.1105 0.1270 0.1137 0.0900 0.1145 
         312  1 0.1136 0.1118 0.1146 0.1092 0.1099 0.1272 0.1145 0.0891 0.1101 
         313  1 0.1104 0.1087 0.1220 0.1150 0.1065 0.1228 0.1032 0.0972 0.1144 
         314  1 0.1024 0.1070 0.1130 0.1133 0.1157 0.1156 0.1019 0.1139 0.1172 
         315  1 0.1177 0.1137 0.1073 0.1104 0.1066 0.0974 0.1194 0.1164 0.1111 
         316  1 0.1228 0.1095 0.1135 0.1122 0.1051 0.1087 0.1180 0.1040 0.1062 
         317  1 0.1112 0.1047 0.1103 0.1113 0.1144 0.1180 0.1059 0.1095 0.1146 
         318  1 0.1231 0.1174 0.1027 0.1040 0.1099 0.0997 0.1258 0.1142 0.1032 
         319  1 0.1130 0.1035 0.1191 0.1156 0.1102 0.1305 0.1074 0.0871 0.1136 
         320  1 0.1177 0.1146 0.1127 0.1062 0.1084 0.1082 0.1211 0.1053 0.1059 
         321  1 0.1206 0.1074 0.1158 0.1153 0.1042 0.1005 0.1144 0.1176 0.1040 
         322  1 0.1116 0.0976 0.1159 0.1154 0.1118 0.1405 0.1077 0.0811 0.1184 
         323  1 0.1061 0.1025 0.1281 0.1197 0.1027 0.1123 0.1024 0.1110 0.1152 
         324  1 0.1291 0.1095 0.1111 0.1061 0.1036 0.1019 0.1253 0.1081 0.1052 
         325  1 0.1051 0.1024 0.1177 0.1124 0.1159 0.1254 0.1051 0.0972 0.1188 
         326  1 0.1255 0.1033 0.0996 0.1089 0.1097 0.0891 0.1215 0.1374 0.1051 
         327  1 0.1158 0.1110 0.1054 0.1053 0.1169 0.1037 0.1195 0.1141 0.1083 
         328  1 0.1126 0.1145 0.1023 0.1088 0.1138 0.1069 0.1117 0.1145 0.1150 
         329  1 0.1160 0.1062 0.1117 0.1163 0.1129 0.1198 0.1104 0.0944 0.1123 
         330  1 0.1183 0.1045 0.1076 0.1117 0.1111 0.1060 0.1067 0.1228 0.1113 
         331  1 0.1181 0.1085 0.1087 0.1107 0.1119 0.1081 0.1127 0.1147 0.1066 
         332  1 0.1203 0.1065 0.1092 0.1113 0.1099 0.1034 0.1175 0.1164 0.1055 
         333  1 0.1073 0.1048 0.1120 0.1163 0.1168 0.1250 0.1045 0.0971 0.1162 
         334  1 0.1194 0.1173 0.1157 0.1038 0.1133 0.1170 0.1184 0.0946 0.1006 
         335  1 0.1143 0.1041 0.1088 0.1118 0.1144 0.1202 0.1110 0.1012 0.1142 
         336  1 0.1092 0.1128 0.1159 0.1088 0.1122 0.1238 0.1095 0.1000 0.1079 
         337  1 0.1174 0.1188 0.1114 0.1032 0.1040 0.1168 0.1256 0.1009 0.1019 
         338  1 0.1059 0.1050 0.1132 0.1138 0.1140 0.1172 0.1008 0.1148 0.1154 
         339  1 0.1019 0.1031 0.1229 0.1190 0.1132 0.1170 0.1001 0.1052 0.1176 
         340  1 0.1190 0.1118 0.1083 0.1035 0.1185 0.1071 0.1248 0.1050 0.1021 
         341  1 0.1167 0.1039 0.1173 0.1113 0.1115 0.1204 0.1091 0.0977 0.1121 
         342  1 0.1053 0.1031 0.1192 0.1118 0.1168 0.1308 0.1050 0.0914 0.1165 
         343  1 0.1092 0.1125 0.1094 0.1174 0.1079 0.1034 0.1045 0.1196 0.1161 
         344  1 0.1052 0.1092 0.1086 0.1044 0.1287 0.1006 0.1094 0.1224 0.1115 
         345  1 0.1194 0.1103 0.1145 0.1108 0.1057 0.1042 0.1174 0.1096 0.1080 
         346  1 0.1211 0.1130 0.1136 0.1119 0.1051 0.1110 0.1134 0.1077 0.1032 
         347  1 0.1054 0.1066 0.1202 0.1202 0.1057 0.1219 0.1020 0.1063 0.1117 
