           1  1 0.1140 0.1097 0.1072 0.1108 0.1031 0.1003 0.1164 0.1188 0.1197 
           2  1 0.1093 0.1138 0.1192 0.1083 0.1049 0.1079 0.1137 0.1122 0.1106 
           3  1 0.1147 0.1110 0.1147 0.1023 0.1079 0.1213 0.1034 0.1149 0.1098 
           4  1 0.1014 0.1068 0.1026 0.1241 0.1287 0.1059 0.1249 0.0978 0.1078 
           5  1 0.1181 0.1097 0.1166 0.1146 0.1039 0.1179 0.1008 0.1099 0.1085 
           6  1 0.1041 0.1154 0.1070 0.1157 0.1166 0.1114 0.1166 0.1043 0.1089 
           7  1 0.1164 0.1063 0.1181 0.1091 0.1087 0.1058 0.1077 0.1126 0.1154 
           8  1 0.1196 0.1086 0.1143 0.1163 0.1009 0.1179 0.1039 0.1196 0.0988 
           9  1 0.1180 0.1086 0.1128 0.1089 0.1013 0.1126 0.1038 0.1198 0.1141 
          10  1 0.1153 0.1140 0.1144 0.1135 0.1000 0.1086 0.1091 0.1179 0.1073 
          11  1 0.1221 0.1076 0.1119 0.0966 0.1028 0.1301 0.0961 0.1161 0.1166 
          12  1 0.1166 0.1109 0.1098 0.1067 0.1119 0.1097 0.1008 0.1181 0.1156 
          13  1 0.1236 0.1096 0.1093 0.1028 0.1163 0.1196 0.1023 0.1124 0.1041 
          14  1 0.1056 0.1107 0.1072 0.1179 0.1219 0.1087 0.1194 0.1024 0.1061 
          15  1 0.1128 0.1120 0.1117 0.1070 0.1061 0.1061 0.1048 0.1173 0.1221 
          16  1 0.1217 0.1144 0.1109 0.1046 0.1063 0.1033 0.1047 0.1181 0.1160 
          17  1 0.1103 0.1144 0.1121 0.1064 0.1050 0.1267 0.1109 0.1010 0.1133 
          18  1 0.1127 0.1077 0.1167 0.1081 0.1084 0.1159 0.1038 0.1116 0.1152 
          19  1 0.1205 0.1136 0.1152 0.0997 0.1052 0.1112 0.1064 0.1171 0.1112 
          20  1 0.1233 0.1055 0.1051 0.1030 0.0958 0.1148 0.1065 0.1274 0.1187 
          21  1 0.1177 0.1085 0.1135 0.1118 0.0992 0.0956 0.1145 0.1167 0.1226 
          22  1 0.1154 0.1103 0.1140 0.1044 0.1019 0.0967 0.1152 0.1208 0.1214 
          23  1 0.1058 0.1136 0.1146 0.1117 0.1078 0.1070 0.1161 0.1065 0.1169 
          24  1 0.1081 0.1128 0.1156 0.1145 0.1098 0.1126 0.1073 0.1056 0.1137 
          25  1 0.1046 0.1152 0.1038 0.1144 0.1116 0.1065 0.1176 0.1091 0.1173 
          26  1 0.1184 0.1063 0.1164 0.0967 0.1075 0.1291 0.0923 0.1146 0.1186 
          27  1 0.1178 0.1113 0.1082 0.1082 0.1129 0.1154 0.1060 0.1085 0.1117 
          28  1 0.1124 0.1141 0.1075 0.1080 0.1100 0.0993 0.1194 0.1117 0.1176 
          29  1 0.1203 0.1017 0.1164 0.0934 0.1049 0.1387 0.0930 0.1166 0.1151 
          30  1 0.1196 0.1092 0.1152 0.1027 0.1067 0.1126 0.1071 0.1129 0.1140 
          31  1 0.1070 0.1124 0.1228 0.1068 0.1153 0.1168 0.1045 0.1087 0.1057 
          32  1 0.1099 0.1114 0.1174 0.1126 0.1058 0.1078 0.1077 0.1137 0.1137 
          33  1 0.1168 0.1134 0.1105 0.1130 0.0979 0.1002 0.1095 0.1168 0.1219 
          34  1 0.1172 0.1101 0.1106 0.1072 0.1028 0.1160 0.1063 0.1123 0.1175 
          35  1 0.1135 0.1081 0.1148 0.1084 0.1073 0.1139 0.1051 0.1134 0.1154 
          36  1 0.1098 0.1116 0.1136 0.1115 0.1123 0.1058 0.1053 0.1152 0.1150 
          37  1 0.1196 0.1040 0.1156 0.1003 0.0967 0.1474 0.0910 0.1189 0.1067 
          38  1 0.1267 0.0974 0.1142 0.0978 0.0997 0.1539 0.0858 0.1282 0.0963 
          39  1 0.1249 0.1094 0.0964 0.1144 0.0955 0.0849 0.1170 0.1269 0.1306 
          40  1 0.1230 0.1101 0.0910 0.1156 0.0953 0.0760 0.1220 0.1289 0.1380 
          41  1 0.1226 0.1052 0.1055 0.1027 0.1047 0.1114 0.1101 0.1183 0.1194 
          42  1 0.1183 0.1140 0.1109 0.1059 0.1171 0.1072 0.1074 0.1079 0.1112 
          43  1 0.1098 0.1112 0.1196 0.0998 0.1060 0.1190 0.1068 0.1208 0.1070 
          44  1 0.1101 0.1165 0.1143 0.1173 0.1063 0.1114 0.1021 0.1170 0.1049 
          45  1 0.1105 0.1165 0.1207 0.1075 0.1050 0.1114 0.1086 0.1084 0.1114 
          46  1 0.1116 0.1168 0.1181 0.1029 0.1157 0.0985 0.1089 0.1161 0.1113 
          47  1 0.1155 0.1166 0.1145 0.1087 0.1099 0.0985 0.1091 0.1148 0.1124 
          48  1 0.1126 0.1150 0.1088 0.1170 0.1064 0.1181 0.1064 0.1138 0.1018 
          49  1 0.1272 0.0990 0.1148 0.0888 0.0984 0.1547 0.0877 0.1223 0.1072 
          50  1 0.1271 0.0993 0.1143 0.1007 0.1055 0.1367 0.0960 0.1220 0.0985 
          51  1 0.1254 0.1020 0.1148 0.1018 0.1008 0.1463 0.0914 0.1197 0.0977 
          52  1 0.1244 0.1024 0.1093 0.1085 0.1091 0.1277 0.1046 0.1113 0.1027 
          53  1 0.1137 0.1077 0.1135 0.1050 0.1022 0.1089 0.1125 0.1102 0.1263 
          54  1 0.1086 0.1190 0.1171 0.1085 0.1115 0.1029 0.1101 0.1132 0.1092 
          55  1 0.1070 0.1190 0.1223 0.1056 0.1070 0.1020 0.1125 0.1117 0.1129 
          56  1 0.1164 0.1061 0.1094 0.1072 0.1093 0.1195 0.1077 0.1105 0.1139 
          57  1 0.1274 0.1112 0.1062 0.0971 0.0961 0.0991 0.1152 0.1262 0.1215 
          58  1 0.1102 0.1056 0.1149 0.1090 0.1107 0.1250 0.1056 0.1103 0.1088 
          59  1 0.1120 0.1113 0.1186 0.0985 0.1106 0.1251 0.0993 0.1173 0.1074 
          60  1 0.1185 0.1130 0.0933 0.1056 0.0973 0.0853 0.1176 0.1268 0.1426 
          61  1 0.1153 0.1109 0.1101 0.1083 0.0974 0.1014 0.1148 0.1128 0.1290 
          62  1 0.1065 0.1177 0.1104 0.1218 0.1136 0.0988 0.1193 0.1071 0.1049 
          63  1 0.1234 0.1043 0.1171 0.1072 0.1056 0.1209 0.0972 0.1200 0.1043 
          64  1 0.1130 0.1154 0.1134 0.1018 0.1016 0.0961 0.1146 0.1198 0.1243 
          65  1 0.1069 0.1156 0.1182 0.1152 0.1003 0.0993 0.1159 0.1128 0.1158 
          66  1 0.1244 0.1083 0.1092 0.1046 0.1061 0.1146 0.1110 0.1131 0.1086 
          67  1 0.1233 0.1091 0.1134 0.1209 0.1049 0.1202 0.0993 0.1150 0.0940 
          68  1 0.1025 0.1170 0.1040 0.1239 0.1210 0.1021 0.1202 0.1028 0.1064 
          69  1 0.1088 0.1148 0.1201 0.1144 0.1035 0.1009 0.1130 0.1114 0.1132 
          70  1 0.1132 0.1117 0.1065 0.1125 0.1103 0.1113 0.1120 0.1131 0.1093 
          71  1 0.1096 0.1174 0.1080 0.1097 0.1014 0.1027 0.1135 0.1154 0.1223 
          72  1 0.1197 0.1101 0.1135 0.1088 0.1059 0.1239 0.1021 0.1100 0.1062 
          73  1 0.1216 0.1049 0.1160 0.0915 0.1017 0.1333 0.0971 0.1167 0.1173 
          74  1 0.1188 0.1064 0.1053 0.1063 0.0997 0.1038 0.1140 0.1202 0.1255 
          75  1 0.1122 0.1079 0.1165 0.1101 0.1072 0.1158 0.1062 0.1083 0.1158 
          76  1 0.1162 0.1119 0.1133 0.1135 0.0931 0.0962 0.1107 0.1227 0.1225 
          77  1 0.1108 0.1125 0.1210 0.1110 0.1075 0.1125 0.1070 0.1114 0.1063 
          78  1 0.1157 0.1119 0.1138 0.1132 0.1106 0.1139 0.1056 0.1076 0.1076 
          79  1 0.1153 0.1114 0.1026 0.1104 0.0954 0.0817 0.1238 0.1246 0.1348 
          80  1 0.1094 0.1111 0.1105 0.1129 0.1182 0.1133 0.1128 0.1020 0.1098 
          81  1 0.1127 0.1083 0.1181 0.1086 0.1027 0.1178 0.1066 0.1127 0.1125 
          82  1 0.1166 0.1078 0.1159 0.1000 0.1067 0.1173 0.1066 0.1092 0.1199 
          83  1 0.1111 0.1111 0.1188 0.1038 0.1028 0.1158 0.1082 0.1166 0.1117 
          84  1 0.1130 0.1138 0.1120 0.1204 0.1119 0.1060 0.1089 0.1132 0.1009 
          85  1 0.1184 0.1076 0.1132 0.1057 0.1017 0.1200 0.1054 0.1102 0.1178 
          86  1 0.1058 0.1058 0.1057 0.1163 0.1164 0.1128 0.1177 0.1119 0.1077 
          87  1 0.1138 0.1065 0.1028 0.1049 0.1114 0.1334 0.1090 0.1138 0.1044 
          88  1 0.1018 0.1289 0.1220 0.1091 0.1093 0.0839 0.1147 0.1179 0.1123 
          89  1 0.1253 0.1020 0.1141 0.1068 0.1017 0.1307 0.0998 0.1164 0.1032 
          90  1 0.1010 0.1087 0.1142 0.1157 0.1163 0.1044 0.1168 0.1143 0.1087 
          91  1 0.1114 0.1120 0.1139 0.1145 0.1086 0.1132 0.1072 0.1114 0.1078 
          92  1 0.1180 0.1162 0.1159 0.1014 0.1012 0.1083 0.1096 0.1193 0.1101 
          93  1 0.1135 0.1115 0.1201 0.1070 0.1080 0.1085 0.1053 0.1181 0.1081 
          94  1 0.1111 0.1090 0.1054 0.1195 0.1053 0.1017 0.1096 0.1221 0.1162 
          95  1 0.1128 0.1154 0.1150 0.1124 0.1151 0.1027 0.1057 0.1113 0.1098 
          96  1 0.1191 0.1094 0.1160 0.1032 0.1086 0.1173 0.1024 0.1163 0.1076 
          97  1 0.1094 0.1061 0.1024 0.1204 0.1230 0.1090 0.1214 0.1032 0.1051 
          98  1 0.1146 0.1088 0.1207 0.1122 0.1041 0.1173 0.1036 0.1097 0.1091 
          99  1 0.1164 0.1089 0.1125 0.1077 0.1116 0.1163 0.1087 0.1091 0.1089 
         100  1 0.1059 0.1135 0.1071 0.1094 0.1303 0.0982 0.1154 0.1093 0.1109 
         101  1 0.1067 0.1098 0.1065 0.1176 0.1261 0.1074 0.1155 0.1039 0.1064 
         102  1 0.1028 0.1124 0.1079 0.1168 0.1224 0.1088 0.1198 0.1040 0.1051 
         103  1 0.1030 0.1186 0.1110 0.1158 0.1163 0.1030 0.1086 0.1136 0.1099 
         104  1 0.1028 0.1159 0.1156 0.1143 0.1125 0.0996 0.1127 0.1161 0.1104 
         105  1 0.1176 0.1074 0.1173 0.1036 0.1048 0.1258 0.0979 0.1170 0.1085 
         106  1 0.1175 0.1096 0.1119 0.1033 0.1136 0.1272 0.0953 0.1197 0.1021 
         107  1 0.1069 0.1145 0.1147 0.1097 0.1186 0.1073 0.1068 0.1139 0.1076 
         108  1 0.1041 0.1171 0.1144 0.1174 0.1149 0.0992 0.1181 0.1045 0.1103 
         109  1 0.1110 0.1112 0.1151 0.1104 0.1084 0.1152 0.1067 0.1102 0.1118 
         110  1 0.1067 0.1121 0.1225 0.1181 0.1024 0.1035 0.1147 0.1059 0.1141 
         111  1 0.1092 0.1084 0.1146 0.1083 0.1096 0.1255 0.1033 0.1108 0.1102 
         112  1 0.1171 0.1097 0.1121 0.1041 0.1026 0.1143 0.1072 0.1113 0.1217 
         113  1 0.1159 0.1076 0.1060 0.1095 0.1055 0.0937 0.1183 0.1152 0.1283 
         114  1 0.1131 0.1123 0.1178 0.1159 0.1030 0.1058 0.1136 0.1062 0.1123 
         115  1 0.1003 0.1182 0.1210 0.1154 0.1138 0.0977 0.1142 0.1098 0.1097 
         116  1 0.1006 0.1131 0.1172 0.1142 0.1174 0.1043 0.1174 0.1096 0.1061 
         117  1 0.1131 0.1062 0.1053 0.1123 0.1114 0.1133 0.1165 0.1093 0.1126 
         118  1 0.1136 0.1075 0.1124 0.1152 0.1074 0.1254 0.1006 0.1197 0.0981 
         119  1 0.1115 0.1092 0.1203 0.0992 0.1142 0.1199 0.1017 0.1128 0.1111 
         120  1 0.1100 0.1070 0.1175 0.1115 0.1099 0.1212 0.1033 0.1122 0.1075 
         121  1 0.1231 0.1067 0.1201 0.1015 0.1073 0.1241 0.0985 0.1144 0.1043 
         122  1 0.1126 0.1136 0.1069 0.1133 0.1066 0.0950 0.1083 0.1189 0.1246 
         123  1 0.1155 0.1061 0.1100 0.1001 0.1010 0.1126 0.1077 0.1252 0.1218 
         124  1 0.1109 0.1137 0.1005 0.1136 0.1053 0.0818 0.1263 0.1118 0.1360 
         125  1 0.1117 0.1106 0.1157 0.1062 0.1065 0.1074 0.1052 0.1161 0.1205 
         126  1 0.1174 0.1099 0.1060 0.1158 0.0982 0.0894 0.1192 0.1187 0.1254 
         127  1 0.1178 0.1137 0.1159 0.1201 0.1060 0.1119 0.1014 0.1142 0.0989 
         128  1 0.1210 0.1078 0.1158 0.1007 0.1025 0.1293 0.1012 0.1079 0.1138 
         129  1 0.1173 0.1080 0.1124 0.1083 0.1005 0.1083 0.1069 0.1194 0.1189 
         130  1 0.1129 0.1148 0.1158 0.1119 0.1081 0.1023 0.1117 0.1102 0.1122 
         131  1 0.0913 0.1216 0.0991 0.1271 0.1265 0.0967 0.1371 0.0944 0.1062 
         132  1 0.1120 0.1078 0.1172 0.1045 0.1106 0.1208 0.1006 0.1174 0.1090 
         133  1 0.1132 0.1159 0.1108 0.1015 0.1076 0.0912 0.1169 0.1184 0.1246 
         134  1 0.1168 0.1113 0.1120 0.1094 0.1023 0.1033 0.1163 0.1110 0.1176 
         135  1 0.1347 0.0934 0.1059 0.0867 0.1006 0.1616 0.0815 0.1298 0.1059 
         136  1 0.0985 0.1195 0.1103 0.1252 0.1229 0.0924 0.1222 0.1055 0.1034 
         137  1 0.1127 0.1121 0.1128 0.1225 0.1098 0.1074 0.1080 0.1125 0.1021 
         138  1 0.1033 0.1125 0.1035 0.1235 0.1197 0.1063 0.1191 0.1073 0.1049 
         139  1 0.1124 0.1074 0.1137 0.1097 0.1063 0.1273 0.0961 0.1211 0.1060 
         140  1 0.1116 0.1155 0.1128 0.1121 0.1064 0.0894 0.1194 0.1169 0.1158 
         141  1 0.1134 0.1088 0.1070 0.1153 0.1216 0.1120 0.1062 0.1121 0.1036 
         142  1 0.1090 0.1082 0.1070 0.1151 0.1168 0.1187 0.1125 0.1106 0.1022 
         143  1 0.1176 0.1047 0.1141 0.0961 0.1099 0.1311 0.0921 0.1187 0.1156 
         144  1 0.1073 0.1059 0.1118 0.1056 0.1124 0.1292 0.1100 0.1102 0.1076 
         145  1 0.1094 0.1174 0.1192 0.1084 0.1111 0.0993 0.1088 0.1165 0.1098 
         146  1 0.1150 0.1116 0.1040 0.1141 0.1014 0.0940 0.1101 0.1199 0.1298 
         147  1 0.1155 0.1105 0.1181 0.1063 0.1066 0.1164 0.1041 0.1113 0.1113 
         148  1 0.1186 0.1063 0.1222 0.0999 0.0960 0.1415 0.0912 0.1110 0.1133 
         149  1 0.1094 0.1089 0.1277 0.1179 0.1025 0.1130 0.1088 0.1033 0.1086 
         150  1 0.1123 0.1049 0.1171 0.1050 0.1063 0.1290 0.1012 0.1143 0.1100 
         151  1 0.1165 0.1009 0.1112 0.0994 0.1051 0.1465 0.0972 0.1143 0.1088 
         152  1 0.1108 0.1096 0.1155 0.1032 0.1061 0.1129 0.1094 0.1118 0.1208 
         153  1 0.1186 0.1039 0.1132 0.1005 0.1101 0.1359 0.0981 0.1125 0.1072 
         154  1 0.1138 0.1083 0.1210 0.1028 0.1024 0.1244 0.0998 0.1117 0.1158 
         155  1 0.1106 0.1125 0.1112 0.1096 0.1128 0.1056 0.1158 0.1051 0.1167 
         156  1 0.1094 0.1193 0.1124 0.1237 0.1077 0.0982 0.1146 0.1097 0.1050 
         157  1 0.1111 0.1110 0.1063 0.1170 0.1091 0.0921 0.1216 0.1134 0.1185 
         158  1 0.1109 0.1088 0.1086 0.1062 0.1132 0.1080 0.1167 0.1099 0.1178 
         159  1 0.1152 0.1128 0.1097 0.1076 0.1279 0.1094 0.0953 0.1153 0.1069 
         160  1 0.1181 0.1111 0.1153 0.1003 0.1022 0.1089 0.1035 0.1195 0.1211 
         161  1 0.1174 0.1095 0.1159 0.1074 0.1017 0.1088 0.1109 0.1121 0.1163 
         162  1 0.1202 0.1021 0.1085 0.0989 0.1014 0.1395 0.0976 0.1198 0.1120 
         163  1 0.1134 0.1080 0.1083 0.1047 0.1058 0.1113 0.1090 0.1149 0.1247 
         164  1 0.1215 0.1094 0.1175 0.1035 0.0994 0.1246 0.1018 0.1110 0.1114 
         165  1 0.1155 0.1054 0.1136 0.1080 0.1039 0.1157 0.1080 0.1143 0.1156 
         166  1 0.1125 0.1154 0.1113 0.1050 0.1096 0.1031 0.1082 0.1158 0.1191 
         167  1 0.1059 0.1064 0.1129 0.1206 0.1183 0.1099 0.1170 0.1034 0.1055 
         168  1 0.1107 0.1104 0.1084 0.1098 0.1031 0.0937 0.1137 0.1185 0.1317 
         169  1 0.1147 0.1082 0.1179 0.1057 0.1086 0.1204 0.1019 0.1188 0.1038 
         170  1 0.1180 0.1154 0.1080 0.1131 0.1094 0.1063 0.1068 0.1113 0.1117 
         171  1 0.1138 0.1175 0.1207 0.1062 0.1085 0.1076 0.1085 0.1071 0.1100 
         172  1 0.1197 0.1094 0.0904 0.1115 0.0964 0.0746 0.1221 0.1285 0.1473 
         173  1 0.1035 0.1118 0.1077 0.1202 0.1163 0.0999 0.1193 0.1071 0.1141 
         174  1 0.0998 0.1161 0.1063 0.1176 0.1203 0.1015 0.1256 0.1021 0.1107 
         175  1 0.1130 0.1109 0.1112 0.1114 0.1062 0.1112 0.1080 0.1145 0.1135 
         176  1 0.1203 0.1081 0.1125 0.1048 0.1078 0.1133 0.1072 0.1110 0.1150 
         177  1 0.1060 0.1096 0.1099 0.1039 0.1102 0.1303 0.1099 0.1097 0.1105 
         178  1 0.1145 0.1202 0.1046 0.1076 0.1239 0.1078 0.1051 0.1092 0.1071 
         179  1 0.1107 0.1098 0.1247 0.1046 0.1028 0.1139 0.1001 0.1184 0.1151 
         180  1 0.1060 0.1146 0.1083 0.1167 0.1117 0.1122 0.1197 0.1018 0.1090 
         181  1 0.1224 0.1086 0.1115 0.1031 0.1118 0.1346 0.0969 0.1110 0.0999 
         182  1 0.1143 0.1142 0.1126 0.1099 0.1061 0.1082 0.1093 0.1106 0.1149 
         183  1 0.1093 0.1074 0.1077 0.1146 0.1185 0.1074 0.1159 0.1100 0.1091 
         184  1 0.1093 0.1084 0.1024 0.1138 0.1147 0.1005 0.1230 0.1104 0.1176 
         185  1 0.1031 0.1204 0.1356 0.1133 0.1027 0.1027 0.1082 0.1043 0.1097 
         186  1 0.1102 0.1048 0.1145 0.1239 0.1121 0.1132 0.1106 0.1099 0.1008 
         187  1 0.1101 0.1126 0.1132 0.1116 0.1110 0.1116 0.1143 0.1068 0.1088 
         188  1 0.1149 0.1054 0.1212 0.1077 0.1072 0.1200 0.1031 0.1095 0.1109 
         189  1 0.1195 0.1060 0.1074 0.1100 0.1049 0.1280 0.1001 0.1170 0.1070 
         190  1 0.1130 0.1152 0.1101 0.1058 0.1203 0.1033 0.1074 0.1126 0.1122 
         191  1 0.1158 0.1112 0.1153 0.1139 0.1074 0.1175 0.1037 0.1087 0.1064 
         192  1 0.1066 0.1127 0.1067 0.1178 0.1187 0.1036 0.1202 0.1034 0.1103 
         193  1 0.1090 0.1144 0.1103 0.1138 0.1119 0.1007 0.1092 0.1167 0.1140 
         194  1 0.1153 0.1077 0.1177 0.1030 0.1125 0.1104 0.1020 0.1176 0.1139 
         195  1 0.0921 0.1153 0.0864 0.1366 0.1441 0.0903 0.1421 0.0910 0.1020 
         196  1 0.1121 0.1103 0.1214 0.1054 0.1113 0.1112 0.1014 0.1172 0.1096 
         197  1 0.1115 0.1087 0.1183 0.1016 0.1097 0.1213 0.1014 0.1142 0.1132 
         198  1 0.1172 0.1064 0.1158 0.1042 0.1066 0.1238 0.1031 0.1078 0.1152 
         199  1 0.0913 0.1207 0.1002 0.1287 0.1243 0.0917 0.1386 0.0968 0.1076 
         200  1 0.1119 0.1070 0.1108 0.1074 0.1039 0.1155 0.1063 0.1218 0.1153 
         201  1 0.1180 0.1123 0.1056 0.1078 0.1035 0.0895 0.1186 0.1195 0.1251 
         202  1 0.1020 0.1180 0.1103 0.1149 0.1064 0.1086 0.1239 0.1048 0.1111 
         203  1 0.1149 0.1089 0.1151 0.1005 0.1044 0.1258 0.1016 0.1128 0.1160 
         204  1 0.1099 0.1130 0.1037 0.1116 0.1091 0.0921 0.1255 0.1111 0.1240 
         205  1 0.1175 0.1085 0.1101 0.1069 0.1130 0.1168 0.1084 0.1069 0.1119 
         206  1 0.1126 0.1128 0.1099 0.1074 0.1056 0.1057 0.1152 0.1147 0.1162 
         207  1 0.1145 0.1165 0.1148 0.1179 0.1078 0.1086 0.1071 0.1119 0.1010 
         208  1 0.1169 0.1141 0.1080 0.1061 0.1143 0.1040 0.1048 0.1149 0.1167 
         209  1 0.1109 0.1123 0.1188 0.1180 0.1057 0.1096 0.1034 0.1183 0.1029 
         210  1 0.1112 0.1116 0.1137 0.1121 0.1086 0.1087 0.1133 0.1042 0.1168 
         211  1 0.1135 0.1119 0.1214 0.1028 0.0986 0.1260 0.1030 0.1136 0.1093 
         212  1 0.1154 0.1126 0.1081 0.1117 0.1018 0.1018 0.1142 0.1136 0.1208 
         213  1 0.1154 0.1097 0.1025 0.1141 0.1075 0.0950 0.1125 0.1212 0.1221 
         214  1 0.1049 0.1215 0.1224 0.1049 0.1077 0.0979 0.1131 0.1137 0.1139 
         215  1 0.1209 0.1112 0.1126 0.1031 0.1145 0.1108 0.0997 0.1173 0.1099 
         216  1 0.1158 0.1133 0.1143 0.1091 0.1030 0.1134 0.1051 0.1118 0.1142 
         217  1 0.1152 0.1092 0.1135 0.1051 0.1070 0.1310 0.0986 0.1088 0.1116 
         218  1 0.1191 0.1143 0.1182 0.0998 0.1138 0.1134 0.0991 0.1134 0.1089 
         219  1 0.1103 0.1052 0.1162 0.1057 0.1187 0.1217 0.1148 0.1024 0.1049 
         220  1 0.1150 0.1082 0.1149 0.1043 0.1030 0.1060 0.1122 0.1127 0.1236 
         221  1 0.1125 0.1118 0.1154 0.1047 0.1081 0.1151 0.1038 0.1213 0.1073 
         222  1 0.1180 0.1082 0.1070 0.1111 0.1108 0.1257 0.1026 0.1137 0.1028 
         223  1 0.1143 0.1096 0.1156 0.1077 0.1116 0.1150 0.1051 0.1112 0.1099 
         224  1 0.1222 0.0977 0.1084 0.0951 0.1032 0.1364 0.0978 0.1200 0.1192 
         225  1 0.1132 0.1186 0.1087 0.1285 0.1096 0.0978 0.1097 0.1154 0.0984 
         226  1 0.1142 0.1110 0.1182 0.1130 0.1094 0.1098 0.1052 0.1110 0.1081 
         227  1 0.1172 0.1099 0.1114 0.1066 0.1016 0.1088 0.1080 0.1164 0.1201 
         228  1 0.1157 0.1101 0.1056 0.1108 0.1070 0.0979 0.1143 0.1129 0.1258 
         229  1 0.1122 0.1142 0.1201 0.1021 0.1082 0.1144 0.1055 0.1138 0.1094 
         230  1 0.1159 0.1093 0.1147 0.0999 0.1068 0.1226 0.1037 0.1133 0.1137 
         231  1 0.1029 0.1097 0.1074 0.1173 0.1211 0.1096 0.1191 0.1038 0.1092 
         232  1 0.1187 0.1063 0.1183 0.0967 0.1016 0.1318 0.0959 0.1173 0.1134 
         233  1 0.1183 0.1105 0.1032 0.1072 0.0976 0.0898 0.1241 0.1159 0.1333 
         234  1 0.1136 0.1139 0.1175 0.1073 0.1053 0.1057 0.1101 0.1128 0.1138 
         235  1 0.1069 0.1155 0.1116 0.1157 0.1178 0.1021 0.1146 0.1090 0.1067 
         236  1 0.1067 0.1074 0.1068 0.1057 0.1122 0.1305 0.1093 0.1130 0.1084 
         237  1 0.1097 0.1082 0.0991 0.1192 0.1066 0.0911 0.1185 0.1209 0.1268 
         238  1 0.1156 0.1106 0.1095 0.1043 0.1182 0.1047 0.1039 0.1171 0.1160 
         239  1 0.1109 0.1113 0.1159 0.1090 0.1113 0.1059 0.1101 0.1133 0.1123 
         240  1 0.0949 0.1120 0.0957 0.1288 0.1338 0.0963 0.1304 0.1003 0.1078 
         241  1 0.1189 0.1112 0.1098 0.1018 0.1024 0.1103 0.1095 0.1130 0.1231 
         242  1 0.1176 0.1100 0.1136 0.1030 0.1134 0.1195 0.0964 0.1180 0.1084 
         243  1 0.1185 0.1036 0.1104 0.0987 0.1011 0.1201 0.0988 0.1277 0.1212 
         244  1 0.1098 0.1104 0.1106 0.1156 0.1104 0.1053 0.1171 0.1087 0.1121 
         245  1 0.1090 0.1120 0.1209 0.1054 0.1137 0.1012 0.1059 0.1141 0.1177 
         246  1 0.1121 0.1132 0.1212 0.1070 0.1061 0.1090 0.1051 0.1103 0.1160 
         247  1 0.0999 0.1207 0.1169 0.1222 0.1169 0.0877 0.1171 0.1133 0.1054 
         248  1 0.1116 0.1095 0.1160 0.1108 0.1088 0.1225 0.1033 0.1121 0.1055 
         249  1 0.1169 0.1177 0.1061 0.1175 0.1204 0.0997 0.1009 0.1170 0.1039 
         250  1 0.1181 0.1122 0.1072 0.1121 0.1180 0.1043 0.1085 0.1116 0.1080 
         251  1 0.1123 0.1083 0.0965 0.1117 0.1239 0.1205 0.1113 0.1116 0.1040 
         252  1 0.1042 0.1077 0.1076 0.1202 0.1221 0.1106 0.1105 0.1081 0.1091 
         253  1 0.1088 0.1115 0.1070 0.1124 0.1188 0.1107 0.1162 0.1045 0.1101 
         254  1 0.1183 0.1042 0.1090 0.1046 0.1111 0.1371 0.0989 0.1152 0.1015 
         255  1 0.0972 0.1091 0.0911 0.1268 0.1238 0.1272 0.1297 0.0977 0.0974 
         256  1 0.0973 0.1104 0.0993 0.1420 0.1330 0.0956 0.1343 0.0947 0.0934 
         257  1 0.0850 0.1086 0.0943 0.1434 0.1447 0.0838 0.1535 0.0848 0.1019 
         258  1 0.0988 0.1156 0.1015 0.1180 0.1277 0.1127 0.1222 0.0991 0.1044 
         259  1 0.1088 0.1134 0.1139 0.1099 0.1138 0.1053 0.1141 0.1070 0.1138 
         260  1 0.1153 0.1059 0.1126 0.1030 0.1092 0.1297 0.1004 0.1155 0.1084 
         261  1 0.0581 0.1289 0.0617 0.1669 0.1677 0.0596 0.1902 0.0684 0.0984 
         262  1 0.0975 0.1191 0.1262 0.1189 0.1158 0.0933 0.1194 0.1029 0.1071 
         263  1 0.1107 0.1100 0.1109 0.1208 0.1090 0.1072 0.1127 0.1117 0.1070 
         264  1 0.0974 0.1111 0.1039 0.1226 0.1270 0.1028 0.1271 0.1018 0.1062 
         265  1 0.0790 0.1239 0.0854 0.1437 0.1424 0.0873 0.1486 0.0861 0.1035 
         266  1 0.1060 0.1096 0.1128 0.1157 0.1075 0.1129 0.1110 0.1081 0.1163 
         267  1 0.1063 0.1150 0.1168 0.1152 0.1037 0.1163 0.1148 0.1019 0.1100 
         268  1 0.1046 0.1162 0.1185 0.1107 0.1133 0.1080 0.1098 0.1095 0.1095 
         269  1 0.0937 0.1201 0.1002 0.1292 0.1205 0.0939 0.1331 0.0966 0.1127 
         270  1 0.1004 0.1057 0.0977 0.1247 0.1325 0.1095 0.1280 0.0965 0.1049 
         271  1 0.0983 0.1102 0.1162 0.1212 0.1240 0.1080 0.1174 0.1012 0.1035 
         272  1 0.0985 0.1159 0.0954 0.1224 0.1281 0.0947 0.1279 0.1028 0.1144 
         273  1 0.1039 0.1157 0.1255 0.1138 0.1119 0.0979 0.1078 0.1171 0.1064 
         274  1 0.0957 0.1190 0.1055 0.1224 0.1238 0.1039 0.1275 0.0971 0.1051 
         275  1 0.0956 0.1165 0.0893 0.1275 0.1292 0.0940 0.1383 0.0963 0.1132 
         276  1 0.0971 0.1074 0.0953 0.1342 0.1338 0.0966 0.1396 0.0924 0.1035 
         277  1 0.1044 0.1116 0.1168 0.1235 0.1079 0.1099 0.1173 0.0982 0.1105 
         278  1 0.1137 0.1132 0.1073 0.1258 0.1170 0.1116 0.1123 0.1045 0.0945 
         279  1 0.0880 0.1131 0.0939 0.1364 0.1383 0.0822 0.1501 0.0936 0.1043 
         280  1 0.1184 0.1022 0.1038 0.1052 0.1045 0.1277 0.1074 0.1159 0.1149 
         281  1 0.1111 0.1133 0.1016 0.1131 0.1070 0.0994 0.1209 0.1059 0.1277 
         282  1 0.1051 0.1061 0.1135 0.1166 0.1175 0.1195 0.1087 0.1087 0.1043 
         283  1 0.0979 0.1161 0.0897 0.1254 0.1282 0.0948 0.1377 0.1002 0.1099 
         284  1 0.1054 0.1092 0.1222 0.1091 0.1112 0.1161 0.0998 0.1153 0.1117 
         285  1 0.1039 0.1118 0.1024 0.1160 0.1197 0.1181 0.1196 0.1041 0.1044 
         286  1 0.0936 0.1152 0.0969 0.1294 0.1354 0.0913 0.1386 0.0917 0.1081 
         287  1 0.1016 0.1039 0.0986 0.1152 0.1277 0.1197 0.1197 0.1036 0.1100 
         288  1 0.1095 0.1131 0.1043 0.1091 0.1094 0.1109 0.1150 0.1107 0.1181 
         289  1 0.0993 0.1153 0.1097 0.1220 0.1188 0.1053 0.1207 0.1057 0.1032 
         290  1 0.1186 0.0963 0.1035 0.0962 0.1040 0.1524 0.1012 0.1238 0.1041 
         291  1 0.0799 0.1170 0.0802 0.1423 0.1566 0.0849 0.1556 0.0817 0.1019 
         292  1 0.0923 0.1268 0.1214 0.1205 0.1081 0.0940 0.1239 0.1036 0.1092 
         293  1 0.0714 0.1234 0.0735 0.1543 0.1599 0.0732 0.1716 0.0756 0.0971 
         294  1 0.0994 0.1037 0.0991 0.1220 0.1268 0.1200 0.1226 0.0998 0.1066 
         295  1 0.0829 0.1164 0.0898 0.1406 0.1393 0.0909 0.1503 0.0878 0.1019 
         296  1 0.1138 0.1099 0.1178 0.1036 0.1080 0.1133 0.1062 0.1141 0.1133 
         297  1 0.0736 0.1246 0.0856 0.1468 0.1477 0.0784 0.1622 0.0823 0.0988 
         298  1 0.1099 0.1131 0.1215 0.1122 0.1119 0.1105 0.1027 0.1123 0.1058 
         299  1 0.1119 0.1072 0.1165 0.1103 0.1090 0.1134 0.1072 0.1072 0.1172 
         300  1 0.0919 0.1203 0.0936 0.1308 0.1315 0.0965 0.1411 0.0931 0.1011 
         301  1 0.0895 0.1159 0.0929 0.1264 0.1275 0.1147 0.1376 0.0919 0.1037 
         302  1 0.1125 0.1082 0.1046 0.1093 0.1113 0.1034 0.1177 0.1116 0.1214 
         303  1 0.0788 0.1201 0.0752 0.1433 0.1496 0.0760 0.1678 0.0828 0.1064 
         304  1 0.1084 0.1076 0.1011 0.1163 0.1161 0.0988 0.1224 0.1082 0.1210 
         305  1 0.1107 0.1105 0.1190 0.1160 0.1043 0.1146 0.1113 0.1023 0.1113 
         306  1 0.1155 0.1103 0.1082 0.1047 0.1107 0.1223 0.1090 0.1120 0.1073 
         307  1 0.0995 0.1169 0.1084 0.1226 0.1169 0.1048 0.1220 0.0994 0.1095 
         308  1 0.1097 0.1106 0.1212 0.1157 0.1007 0.1261 0.1048 0.1017 0.1094 
         309  1 0.1108 0.1111 0.1059 0.1227 0.1029 0.0876 0.1211 0.1184 0.1196 
         310  1 0.1113 0.1176 0.1139 0.1200 0.1087 0.0967 0.1155 0.1107 0.1056 
         311  1 0.1243 0.0994 0.1135 0.0977 0.1038 0.1417 0.0926 0.1175 0.1094 
         312  1 0.1208 0.1077 0.1172 0.0985 0.1037 0.1342 0.0975 0.1127 0.1077 
         313  1 0.1159 0.1053 0.1158 0.1026 0.1050 0.1274 0.0979 0.1178 0.1125 
         314  1 0.1072 0.1179 0.1132 0.1105 0.1054 0.1077 0.1115 0.1098 0.1168 
         315  1 0.1113 0.1111 0.1041 0.1258 0.1112 0.1097 0.1144 0.1116 0.1010 
         316  1 0.1181 0.1089 0.1140 0.1093 0.1046 0.1181 0.0998 0.1190 0.1082 
         317  1 0.1141 0.1045 0.1076 0.1080 0.1153 0.1190 0.1120 0.1087 0.1107 
         318  1 0.1090 0.1162 0.1185 0.1184 0.1069 0.1074 0.1088 0.1097 0.1052 
         319  1 0.1265 0.1030 0.1129 0.0970 0.1014 0.1398 0.0984 0.1118 0.1092 
         320  1 0.1123 0.1108 0.1205 0.1148 0.1059 0.1142 0.1028 0.1119 0.1068 
         321  1 0.1113 0.1105 0.1130 0.1170 0.1057 0.1019 0.1083 0.1208 0.1116 
         322  1 0.1275 0.0962 0.1141 0.0884 0.1019 0.1616 0.0812 0.1212 0.1078 
         323  1 0.1178 0.1132 0.1128 0.1062 0.1022 0.1088 0.1098 0.1179 0.1112 
         324  1 0.1177 0.1125 0.1161 0.1119 0.1063 0.1195 0.1001 0.1163 0.0996 
         325  1 0.1199 0.1021 0.1145 0.0954 0.1042 0.1396 0.0939 0.1222 0.1082 
         326  1 0.1077 0.1070 0.1072 0.1265 0.1172 0.1016 0.1192 0.1091 0.1046 
         327  1 0.1020 0.1172 0.1198 0.1137 0.1095 0.1083 0.1113 0.1080 0.1103 
         328  1 0.1065 0.1071 0.1101 0.1187 0.1185 0.1141 0.1147 0.1031 0.1072 
         329  1 0.1201 0.1056 0.1153 0.1034 0.1059 0.1277 0.0997 0.1145 0.1078 
         330  1 0.1101 0.1051 0.1058 0.1173 0.1195 0.1091 0.1174 0.1086 0.1069 
         331  1 0.1069 0.1096 0.1149 0.1127 0.1167 0.1092 0.1123 0.1096 0.1079 
         332  1 0.1098 0.1183 0.1125 0.1161 0.1065 0.1056 0.1069 0.1111 0.1133 
         333  1 0.1176 0.1028 0.1117 0.0995 0.1110 0.1387 0.0971 0.1147 0.1069 
         334  1 0.1162 0.1112 0.1194 0.1042 0.1094 0.1208 0.0973 0.1128 0.1087 
         335  1 0.1164 0.1021 0.1160 0.1047 0.1047 0.1350 0.0970 0.1161 0.1079 
         336  1 0.1203 0.1064 0.1131 0.1026 0.1039 0.1251 0.1060 0.1105 0.1122 
         337  1 0.1239 0.1106 0.1060 0.0981 0.1162 0.1164 0.1059 0.1105 0.1124 
         338  1 0.1109 0.1060 0.1073 0.1091 0.1143 0.1113 0.1165 0.1078 0.1169 
         339  1 0.1140 0.1126 0.1177 0.1051 0.1075 0.1084 0.1113 0.1155 0.1080 
         340  1 0.1022 0.1197 0.1208 0.1084 0.1133 0.0967 0.1064 0.1152 0.1173 
         341  1 0.1147 0.1065 0.1191 0.0990 0.1084 0.1266 0.1014 0.1147 0.1097 
         342  1 0.1239 0.1026 0.1136 0.0980 0.0994 0.1365 0.0944 0.1202 0.1114 
         343  1 0.1032 0.1151 0.1028 0.1219 0.1218 0.0993 0.1242 0.1015 0.1102 
         344  1 0.0958 0.1182 0.1117 0.1182 0.1164 0.1075 0.1182 0.1076 0.1065 
         345  1 0.1146 0.1141 0.1113 0.1113 0.1077 0.1070 0.1052 0.1158 0.1130 
         346  1 0.1136 0.1120 0.1166 0.1056 0.1065 0.1058 0.1089 0.1132 0.1178 
         347  1 0.1205 0.1082 0.1013 0.1042 0.1086 0.1087 0.1044 0.1188 0.1253 
