           1  1 0.1575 0.1561 0.1601 0.1651 0.1774 0.1838 
           2  1 0.1645 0.1681 0.1718 0.1640 0.1611 0.1705 
           3  1 0.1690 0.1687 0.1692 0.1679 0.1642 0.1611 
           4  1 0.1691 0.1735 0.1702 0.1651 0.1651 0.1571 
           5  1 0.1656 0.1634 0.1614 0.1738 0.1747 0.1611 
           6  1 0.1640 0.1721 0.1667 0.1669 0.1669 0.1634 
           7  1 0.1604 0.1604 0.1624 0.1736 0.1747 0.1685 
           8  1 0.1625 0.1606 0.1597 0.1804 0.1777 0.1591 
           9  1 0.1639 0.1652 0.1636 0.1673 0.1684 0.1716 
          10  1 0.1651 0.1595 0.1597 0.1734 0.1750 0.1673 
          11  1 0.1764 0.1765 0.1660 0.1614 0.1608 0.1589 
          12  1 0.1665 0.1667 0.1619 0.1600 0.1702 0.1748 
          13  1 0.1700 0.1706 0.1672 0.1656 0.1684 0.1582 
          14  1 0.1616 0.1639 0.1692 0.1677 0.1712 0.1664 
          15  1 0.1598 0.1576 0.1616 0.1720 0.1745 0.1745 
          16  1 0.1634 0.1608 0.1663 0.1719 0.1676 0.1699 
          17  1 0.1921 0.1887 0.1780 0.1507 0.1462 0.1444 
          18  1 0.1651 0.1638 0.1668 0.1657 0.1680 0.1705 
          19  1 0.1651 0.1654 0.1664 0.1658 0.1639 0.1735 
          20  1 0.1673 0.1676 0.1624 0.1561 0.1646 0.1820 
          21  1 0.1634 0.1616 0.1595 0.1625 0.1691 0.1840 
          22  1 0.1609 0.1622 0.1677 0.1613 0.1655 0.1824 
          23  1 0.1639 0.1670 0.1698 0.1622 0.1635 0.1736 
          24  1 0.1668 0.1684 0.1683 0.1666 0.1645 0.1652 
          25  1 0.1642 0.1699 0.1685 0.1634 0.1643 0.1698 
          26  1 0.1758 0.1741 0.1681 0.1607 0.1628 0.1586 
          27  1 0.1580 0.1598 0.1654 0.1694 0.1768 0.1706 
          28  1 0.1585 0.1623 0.1661 0.1635 0.1667 0.1830 
          29  1 0.1782 0.1759 0.1716 0.1591 0.1567 0.1585 
          30  1 0.1627 0.1608 0.1642 0.1756 0.1687 0.1680 
          31  1 0.1681 0.1650 0.1656 0.1713 0.1657 0.1642 
          32  1 0.1622 0.1624 0.1641 0.1707 0.1704 0.1702 
          33  1 0.1619 0.1622 0.1672 0.1583 0.1737 0.1767 
          34  1 0.1682 0.1699 0.1652 0.1582 0.1697 0.1689 
          35  1 0.1615 0.1607 0.1624 0.1698 0.1697 0.1760 
          36  1 0.1566 0.1560 0.1590 0.1770 0.1752 0.1762 
          37  1 0.1805 0.1760 0.1706 0.1621 0.1600 0.1508 
          38  1 0.1795 0.1761 0.1661 0.1638 0.1623 0.1521 
          39  1 0.1596 0.1606 0.1564 0.1615 0.1720 0.1899 
          40  1 0.1576 0.1583 0.1550 0.1563 0.1732 0.1997 
          41  1 0.1722 0.1716 0.1624 0.1571 0.1611 0.1757 
          42  1 0.1659 0.1657 0.1694 0.1669 0.1676 0.1645 
          43  1 0.1725 0.1721 0.1689 0.1661 0.1564 0.1640 
          44  1 0.1622 0.1584 0.1602 0.1836 0.1786 0.1569 
          45  1 0.1665 0.1666 0.1736 0.1609 0.1601 0.1724 
          46  1 0.1611 0.1596 0.1680 0.1768 0.1728 0.1616 
          47  1 0.1565 0.1571 0.1679 0.1714 0.1780 0.1691 
          48  1 0.1664 0.1621 0.1601 0.1765 0.1746 0.1604 
          49  1 0.1926 0.1884 0.1741 0.1464 0.1475 0.1511 
          50  1 0.1755 0.1698 0.1670 0.1631 0.1610 0.1637 
          51  1 0.1797 0.1773 0.1658 0.1614 0.1600 0.1558 
          52  1 0.1673 0.1717 0.1673 0.1693 0.1669 0.1576 
          53  1 0.1711 0.1682 0.1673 0.1565 0.1612 0.1758 
          54  1 0.1568 0.1564 0.1662 0.1744 0.1733 0.1730 
          55  1 0.1590 0.1618 0.1711 0.1707 0.1673 0.1700 
          56  1 0.1609 0.1661 0.1668 0.1656 0.1722 0.1683 
          57  1 0.1696 0.1700 0.1596 0.1591 0.1638 0.1778 
          58  1 0.1725 0.1742 0.1686 0.1658 0.1593 0.1597 
          59  1 0.1728 0.1752 0.1751 0.1661 0.1582 0.1526 
          60  1 0.1624 0.1647 0.1579 0.1559 0.1705 0.1886 
          61  1 0.1656 0.1611 0.1663 0.1581 0.1685 0.1803 
          62  1 0.1542 0.1533 0.1603 0.1840 0.1807 0.1675 
          63  1 0.1727 0.1666 0.1615 0.1734 0.1696 0.1562 
          64  1 0.1579 0.1615 0.1667 0.1651 0.1687 0.1801 
          65  1 0.1606 0.1609 0.1654 0.1673 0.1728 0.1731 
          66  1 0.1674 0.1632 0.1628 0.1616 0.1681 0.1769 
          67  1 0.1649 0.1658 0.1620 0.1756 0.1761 0.1556 
          68  1 0.1590 0.1595 0.1618 0.1798 0.1761 0.1637 
          69  1 0.1682 0.1631 0.1684 0.1679 0.1690 0.1634 
          70  1 0.1663 0.1644 0.1687 0.1679 0.1700 0.1627 
          71  1 0.1695 0.1702 0.1679 0.1588 0.1608 0.1728 
          72  1 0.1691 0.1703 0.1686 0.1638 0.1672 0.1610 
          73  1 0.1830 0.1813 0.1731 0.1575 0.1491 0.1560 
          74  1 0.1663 0.1689 0.1591 0.1606 0.1677 0.1774 
          75  1 0.1669 0.1658 0.1672 0.1693 0.1661 0.1647 
          76  1 0.1597 0.1552 0.1650 0.1601 0.1750 0.1849 
          77  1 0.1649 0.1609 0.1639 0.1768 0.1705 0.1631 
          78  1 0.1622 0.1605 0.1622 0.1777 0.1743 0.1630 
          79  1 0.1598 0.1569 0.1633 0.1613 0.1680 0.1907 
          80  1 0.1641 0.1666 0.1701 0.1657 0.1698 0.1637 
          81  1 0.1698 0.1647 0.1656 0.1654 0.1680 0.1665 
          82  1 0.1717 0.1649 0.1681 0.1642 0.1632 0.1679 
          83  1 0.1670 0.1672 0.1686 0.1670 0.1670 0.1631 
          84  1 0.1591 0.1612 0.1653 0.1769 0.1728 0.1647 
          85  1 0.1730 0.1724 0.1700 0.1575 0.1606 0.1665 
          86  1 0.1678 0.1702 0.1663 0.1688 0.1656 0.1612 
          87  1 0.1840 0.1852 0.1738 0.1527 0.1535 0.1508 
          88  1 0.1508 0.1556 0.1694 0.1785 0.1752 0.1705 
          89  1 0.1750 0.1721 0.1642 0.1635 0.1651 0.1601 
          90  1 0.1586 0.1572 0.1646 0.1739 0.1722 0.1736 
          91  1 0.1649 0.1586 0.1624 0.1759 0.1778 0.1603 
          92  1 0.1687 0.1693 0.1603 0.1645 0.1671 0.1701 
          93  1 0.1598 0.1599 0.1663 0.1758 0.1704 0.1677 
          94  1 0.1570 0.1566 0.1560 0.1745 0.1789 0.1770 
          95  1 0.1589 0.1561 0.1628 0.1725 0.1771 0.1726 
          96  1 0.1644 0.1630 0.1626 0.1694 0.1729 0.1678 
          97  1 0.1702 0.1683 0.1654 0.1646 0.1687 0.1628 
          98  1 0.1650 0.1610 0.1664 0.1697 0.1706 0.1672 
          99  1 0.1639 0.1615 0.1673 0.1698 0.1724 0.1651 
         100  1 0.1609 0.1629 0.1692 0.1727 0.1668 0.1674 
         101  1 0.1614 0.1667 0.1687 0.1707 0.1708 0.1616 
         102  1 0.1661 0.1691 0.1714 0.1649 0.1617 0.1669 
         103  1 0.1619 0.1601 0.1629 0.1789 0.1725 0.1637 
         104  1 0.1549 0.1577 0.1646 0.1768 0.1703 0.1757 
         105  1 0.1673 0.1645 0.1640 0.1669 0.1696 0.1678 
         106  1 0.1684 0.1675 0.1623 0.1744 0.1722 0.1553 
         107  1 0.1628 0.1665 0.1695 0.1730 0.1665 0.1617 
         108  1 0.1566 0.1611 0.1697 0.1706 0.1718 0.1702 
         109  1 0.1595 0.1601 0.1654 0.1705 0.1722 0.1723 
         110  1 0.1605 0.1604 0.1651 0.1675 0.1698 0.1766 
         111  1 0.1735 0.1735 0.1690 0.1677 0.1623 0.1540 
         112  1 0.1726 0.1737 0.1701 0.1567 0.1598 0.1671 
         113  1 0.1626 0.1609 0.1601 0.1632 0.1686 0.1847 
         114  1 0.1583 0.1606 0.1672 0.1666 0.1740 0.1732 
         115  1 0.1619 0.1678 0.1674 0.1722 0.1646 0.1661 
         116  1 0.1615 0.1680 0.1695 0.1713 0.1655 0.1642 
         117  1 0.1627 0.1656 0.1655 0.1635 0.1719 0.1708 
         118  1 0.1596 0.1609 0.1617 0.1802 0.1799 0.1575 
         119  1 0.1703 0.1713 0.1723 0.1669 0.1625 0.1566 
         120  1 0.1720 0.1694 0.1654 0.1714 0.1679 0.1538 
         121  1 0.1689 0.1616 0.1669 0.1663 0.1713 0.1649 
         122  1 0.1546 0.1546 0.1595 0.1716 0.1754 0.1843 
         123  1 0.1664 0.1677 0.1634 0.1594 0.1619 0.1812 
         124  1 0.1598 0.1586 0.1648 0.1603 0.1645 0.1920 
         125  1 0.1687 0.1651 0.1674 0.1651 0.1621 0.1715 
         126  1 0.1544 0.1531 0.1613 0.1606 0.1781 0.1925 
         127  1 0.1629 0.1590 0.1623 0.1785 0.1743 0.1630 
         128  1 0.1799 0.1778 0.1720 0.1557 0.1535 0.1612 
         129  1 0.1627 0.1607 0.1647 0.1634 0.1702 0.1783 
         130  1 0.1589 0.1577 0.1620 0.1685 0.1709 0.1821 
         131  1 0.1643 0.1692 0.1755 0.1680 0.1663 0.1566 
         132  1 0.1691 0.1698 0.1690 0.1651 0.1660 0.1610 
         133  1 0.1557 0.1571 0.1629 0.1715 0.1725 0.1803 
         134  1 0.1616 0.1604 0.1660 0.1601 0.1685 0.1833 
         135  1 0.1932 0.1877 0.1658 0.1507 0.1492 0.1535 
         136  1 0.1500 0.1522 0.1648 0.1855 0.1808 0.1667 
         137  1 0.1558 0.1531 0.1566 0.1863 0.1815 0.1667 
         138  1 0.1571 0.1614 0.1632 0.1796 0.1759 0.1628 
         139  1 0.1697 0.1667 0.1620 0.1720 0.1690 0.1605 
         140  1 0.1525 0.1529 0.1645 0.1741 0.1807 0.1752 
         141  1 0.1608 0.1623 0.1616 0.1758 0.1761 0.1633 
         142  1 0.1624 0.1611 0.1621 0.1749 0.1694 0.1701 
         143  1 0.1768 0.1717 0.1657 0.1657 0.1603 0.1597 
         144  1 0.1797 0.1805 0.1703 0.1592 0.1540 0.1562 
         145  1 0.1558 0.1519 0.1619 0.1837 0.1792 0.1674 
         146  1 0.1607 0.1607 0.1607 0.1590 0.1711 0.1877 
         147  1 0.1614 0.1599 0.1689 0.1740 0.1691 0.1667 
         148  1 0.1859 0.1843 0.1720 0.1512 0.1497 0.1569 
         149  1 0.1712 0.1683 0.1669 0.1646 0.1688 0.1602 
         150  1 0.1741 0.1724 0.1689 0.1622 0.1597 0.1627 
         151  1 0.1803 0.1811 0.1724 0.1569 0.1525 0.1569 
         152  1 0.1680 0.1672 0.1713 0.1657 0.1633 0.1645 
         153  1 0.1816 0.1790 0.1717 0.1587 0.1547 0.1542 
         154  1 0.1700 0.1706 0.1704 0.1624 0.1617 0.1649 
         155  1 0.1601 0.1606 0.1704 0.1674 0.1688 0.1726 
         156  1 0.1514 0.1483 0.1540 0.1882 0.1857 0.1724 
         157  1 0.1532 0.1512 0.1622 0.1680 0.1795 0.1859 
         158  1 0.1668 0.1667 0.1709 0.1639 0.1631 0.1686 
         159  1 0.1631 0.1627 0.1603 0.1786 0.1762 0.1591 
         160  1 0.1691 0.1646 0.1666 0.1637 0.1634 0.1728 
         161  1 0.1655 0.1631 0.1637 0.1660 0.1696 0.1721 
         162  1 0.1783 0.1809 0.1700 0.1558 0.1562 0.1588 
         163  1 0.1675 0.1680 0.1643 0.1608 0.1657 0.1736 
         164  1 0.1737 0.1686 0.1675 0.1613 0.1669 0.1620 
         165  1 0.1744 0.1724 0.1672 0.1586 0.1610 0.1664 
         166  1 0.1651 0.1656 0.1699 0.1642 0.1686 0.1667 
         167  1 0.1615 0.1611 0.1645 0.1742 0.1737 0.1650 
         168  1 0.1599 0.1593 0.1643 0.1626 0.1661 0.1878 
         169  1 0.1677 0.1729 0.1686 0.1672 0.1628 0.1608 
         170  1 0.1545 0.1549 0.1595 0.1731 0.1818 0.1761 
         171  1 0.1620 0.1634 0.1717 0.1683 0.1657 0.1688 
         172  1 0.1599 0.1625 0.1562 0.1532 0.1673 0.2008 
         173  1 0.1580 0.1571 0.1628 0.1725 0.1707 0.1788 
         174  1 0.1599 0.1637 0.1660 0.1707 0.1697 0.1700 
         175  1 0.1625 0.1602 0.1642 0.1690 0.1716 0.1725 
         176  1 0.1614 0.1613 0.1668 0.1625 0.1723 0.1756 
         177  1 0.1874 0.1859 0.1751 0.1572 0.1482 0.1463 
         178  1 0.1604 0.1641 0.1666 0.1651 0.1689 0.1749 
         179  1 0.1642 0.1577 0.1659 0.1734 0.1707 0.1681 
         180  1 0.1664 0.1691 0.1707 0.1695 0.1639 0.1604 
         181  1 0.1746 0.1771 0.1715 0.1622 0.1650 0.1497 
         182  1 0.1608 0.1606 0.1661 0.1648 0.1695 0.1783 
         183  1 0.1605 0.1579 0.1616 0.1720 0.1761 0.1720 
         184  1 0.1632 0.1623 0.1624 0.1681 0.1721 0.1718 
         185  1 0.1717 0.1769 0.1761 0.1634 0.1568 0.1551 
         186  1 0.1630 0.1603 0.1612 0.1804 0.1762 0.1590 
         187  1 0.1634 0.1618 0.1651 0.1727 0.1704 0.1666 
         188  1 0.1696 0.1677 0.1671 0.1635 0.1662 0.1659 
         189  1 0.1618 0.1592 0.1598 0.1709 0.1771 0.1712 
         190  1 0.1620 0.1623 0.1638 0.1705 0.1696 0.1717 
         191  1 0.1667 0.1642 0.1668 0.1667 0.1723 0.1632 
         192  1 0.1595 0.1583 0.1676 0.1732 0.1736 0.1678 
         193  1 0.1541 0.1542 0.1612 0.1774 0.1760 0.1772 
         194  1 0.1693 0.1608 0.1662 0.1664 0.1659 0.1714 
         195  1 0.1664 0.1706 0.1677 0.1653 0.1691 0.1609 
         196  1 0.1649 0.1630 0.1635 0.1735 0.1658 0.1694 
         197  1 0.1710 0.1717 0.1689 0.1646 0.1619 0.1618 
         198  1 0.1751 0.1727 0.1685 0.1558 0.1577 0.1701 
         199  1 0.1659 0.1702 0.1727 0.1663 0.1643 0.1607 
         200  1 0.1753 0.1740 0.1640 0.1577 0.1626 0.1664 
         201  1 0.1593 0.1568 0.1615 0.1651 0.1721 0.1852 
         202  1 0.1816 0.1816 0.1780 0.1540 0.1496 0.1552 
         203  1 0.1764 0.1755 0.1714 0.1573 0.1582 0.1612 
         204  1 0.1609 0.1638 0.1659 0.1637 0.1662 0.1794 
         205  1 0.1668 0.1653 0.1660 0.1647 0.1695 0.1678 
         206  1 0.1581 0.1578 0.1627 0.1704 0.1709 0.1801 
         207  1 0.1506 0.1495 0.1610 0.1869 0.1851 0.1669 
         208  1 0.1592 0.1592 0.1623 0.1666 0.1726 0.1802 
         209  1 0.1532 0.1478 0.1578 0.1894 0.1830 0.1689 
         210  1 0.1656 0.1649 0.1672 0.1597 0.1677 0.1749 
         211  1 0.1786 0.1761 0.1763 0.1591 0.1536 0.1562 
         212  1 0.1606 0.1573 0.1600 0.1668 0.1713 0.1840 
         213  1 0.1572 0.1577 0.1584 0.1709 0.1754 0.1804 
         214  1 0.1601 0.1582 0.1716 0.1734 0.1702 0.1666 
         215  1 0.1659 0.1635 0.1622 0.1685 0.1703 0.1696 
         216  1 0.1669 0.1610 0.1662 0.1651 0.1717 0.1691 
         217  1 0.1688 0.1728 0.1686 0.1636 0.1691 0.1571 
         218  1 0.1669 0.1625 0.1645 0.1674 0.1668 0.1718 
         219  1 0.1770 0.1792 0.1709 0.1572 0.1563 0.1594 
         220  1 0.1710 0.1683 0.1622 0.1596 0.1607 0.1782 
         221  1 0.1601 0.1585 0.1616 0.1753 0.1742 0.1703 
         222  1 0.1712 0.1705 0.1639 0.1710 0.1709 0.1525 
         223  1 0.1615 0.1615 0.1644 0.1737 0.1725 0.1664 
         224  1 0.1811 0.1828 0.1665 0.1551 0.1511 0.1633 
         225  1 0.1476 0.1419 0.1537 0.1955 0.1902 0.1711 
         226  1 0.1555 0.1552 0.1644 0.1733 0.1820 0.1695 
         227  1 0.1646 0.1657 0.1654 0.1598 0.1712 0.1732 
         228  1 0.1630 0.1640 0.1648 0.1605 0.1674 0.1804 
         229  1 0.1641 0.1628 0.1733 0.1686 0.1687 0.1624 
         230  1 0.1649 0.1676 0.1652 0.1639 0.1654 0.1729 
         231  1 0.1684 0.1676 0.1671 0.1678 0.1649 0.1642 
         232  1 0.1783 0.1722 0.1734 0.1589 0.1570 0.1601 
         233  1 0.1614 0.1634 0.1608 0.1576 0.1662 0.1905 
         234  1 0.1579 0.1551 0.1644 0.1729 0.1737 0.1760 
         235  1 0.1565 0.1587 0.1659 0.1784 0.1743 0.1662 
         236  1 0.1750 0.1792 0.1751 0.1621 0.1564 0.1523 
         237  1 0.1633 0.1645 0.1646 0.1639 0.1685 0.1752 
         238  1 0.1622 0.1621 0.1633 0.1718 0.1705 0.1701 
         239  1 0.1555 0.1554 0.1632 0.1763 0.1769 0.1727 
         240  1 0.1593 0.1621 0.1658 0.1745 0.1714 0.1669 
         241  1 0.1623 0.1603 0.1650 0.1653 0.1670 0.1802 
         242  1 0.1666 0.1645 0.1642 0.1693 0.1713 0.1642 
         243  1 0.1722 0.1708 0.1671 0.1574 0.1637 0.1687 
         244  1 0.1573 0.1594 0.1633 0.1740 0.1763 0.1697 
         245  1 0.1608 0.1597 0.1655 0.1709 0.1683 0.1748 
         246  1 0.1672 0.1682 0.1666 0.1640 0.1620 0.1719 
         247  1 0.1517 0.1576 0.1652 0.1829 0.1772 0.1654 
         248  1 0.1638 0.1616 0.1653 0.1782 0.1730 0.1581 
         249  1 0.1508 0.1523 0.1598 0.1818 0.1861 0.1692 
         250  1 0.1532 0.1526 0.1576 0.1827 0.1823 0.1717 
         251  1 0.1670 0.1683 0.1662 0.1654 0.1716 0.1615 
         252  1 0.1654 0.1634 0.1628 0.1748 0.1741 0.1595 
         253  1 0.1669 0.1683 0.1664 0.1626 0.1655 0.1703 
         254  1 0.1800 0.1745 0.1685 0.1671 0.1631 0.1467 
         255  1 0.1881 0.1941 0.1730 0.1558 0.1496 0.1394 
         256  1 0.1665 0.1709 0.1671 0.1699 0.1704 0.1551 
         257  1 0.1576 0.1647 0.1709 0.1723 0.1732 0.1615 
         258  1 0.1783 0.1844 0.1785 0.1605 0.1532 0.1450 
         259  1 0.1560 0.1529 0.1625 0.1714 0.1745 0.1827 
         260  1 0.1812 0.1785 0.1701 0.1619 0.1588 0.1495 
         261  1 0.1675 0.1834 0.1725 0.1624 0.1575 0.1568 
         262  1 0.1585 0.1660 0.1661 0.1675 0.1596 0.1823 
         263  1 0.1578 0.1547 0.1593 0.1806 0.1809 0.1668 
         264  1 0.1722 0.1694 0.1673 0.1658 0.1612 0.1642 
         265  1 0.1774 0.1877 0.1702 0.1619 0.1548 0.1480 
         266  1 0.1679 0.1698 0.1664 0.1648 0.1644 0.1667 
         267  1 0.1809 0.1793 0.1725 0.1590 0.1572 0.1511 
         268  1 0.1605 0.1628 0.1719 0.1693 0.1670 0.1684 
         269  1 0.1703 0.1751 0.1720 0.1645 0.1601 0.1581 
         270  1 0.1757 0.1830 0.1734 0.1592 0.1570 0.1518 
         271  1 0.1703 0.1741 0.1713 0.1662 0.1544 0.1636 
         272  1 0.1631 0.1696 0.1682 0.1643 0.1632 0.1716 
         273  1 0.1592 0.1556 0.1634 0.1794 0.1686 0.1737 
         274  1 0.1707 0.1755 0.1733 0.1643 0.1589 0.1573 
         275  1 0.1708 0.1742 0.1706 0.1538 0.1579 0.1727 
         276  1 0.1696 0.1770 0.1696 0.1613 0.1641 0.1585 
         277  1 0.1766 0.1768 0.1703 0.1619 0.1598 0.1546 
         278  1 0.1696 0.1710 0.1659 0.1703 0.1673 0.1559 
         279  1 0.1606 0.1658 0.1708 0.1666 0.1659 0.1703 
         280  1 0.1847 0.1843 0.1687 0.1490 0.1498 0.1634 
         281  1 0.1701 0.1705 0.1652 0.1547 0.1595 0.1801 
         282  1 0.1704 0.1687 0.1664 0.1740 0.1683 0.1522 
         283  1 0.1784 0.1864 0.1686 0.1569 0.1499 0.1597 
         284  1 0.1646 0.1601 0.1678 0.1739 0.1644 0.1692 
         285  1 0.1746 0.1753 0.1699 0.1651 0.1596 0.1555 
         286  1 0.1592 0.1607 0.1676 0.1672 0.1686 0.1768 
         287  1 0.1744 0.1805 0.1729 0.1613 0.1559 0.1548 
         288  1 0.1742 0.1766 0.1720 0.1562 0.1574 0.1636 
         289  1 0.1624 0.1645 0.1662 0.1744 0.1677 0.1647 
         290  1 0.1842 0.1812 0.1684 0.1491 0.1511 0.1661 
         291  1 0.1714 0.1816 0.1751 0.1592 0.1548 0.1578 
         292  1 0.1654 0.1701 0.1769 0.1690 0.1582 0.1603 
         293  1 0.1701 0.1815 0.1711 0.1651 0.1591 0.1532 
         294  1 0.1853 0.1884 0.1760 0.1540 0.1510 0.1453 
         295  1 0.1654 0.1719 0.1716 0.1672 0.1645 0.1593 
         296  1 0.1660 0.1661 0.1689 0.1659 0.1646 0.1684 
         297  1 0.1711 0.1841 0.1773 0.1646 0.1535 0.1494 
         298  1 0.1630 0.1623 0.1672 0.1769 0.1727 0.1580 
         299  1 0.1670 0.1687 0.1667 0.1629 0.1634 0.1713 
         300  1 0.1685 0.1763 0.1738 0.1639 0.1585 0.1591 
         301  1 0.1877 0.1945 0.1743 0.1549 0.1491 0.1395 
         302  1 0.1655 0.1660 0.1653 0.1621 0.1648 0.1762 
         303  1 0.1719 0.1836 0.1700 0.1554 0.1531 0.1660 
         304  1 0.1642 0.1637 0.1687 0.1650 0.1680 0.1705 
         305  1 0.1741 0.1739 0.1728 0.1588 0.1589 0.1615 
         306  1 0.1719 0.1720 0.1697 0.1617 0.1615 0.1632 
         307  1 0.1614 0.1649 0.1697 0.1700 0.1655 0.1686 
         308  1 0.1895 0.1898 0.1759 0.1518 0.1469 0.1460 
         309  1 0.1514 0.1472 0.1591 0.1712 0.1845 0.1866 
         310  1 0.1516 0.1478 0.1570 0.1894 0.1878 0.1664 
         311  1 0.1784 0.1729 0.1688 0.1620 0.1616 0.1563 
         312  1 0.1795 0.1762 0.1734 0.1577 0.1603 0.1530 
         313  1 0.1743 0.1729 0.1647 0.1599 0.1626 0.1655 
         314  1 0.1750 0.1750 0.1708 0.1582 0.1584 0.1626 
         315  1 0.1627 0.1632 0.1585 0.1770 0.1757 0.1630 
         316  1 0.1677 0.1631 0.1611 0.1738 0.1703 0.1640 
         317  1 0.1705 0.1717 0.1697 0.1602 0.1633 0.1646 
         318  1 0.1586 0.1563 0.1649 0.1789 0.1771 0.1643 
         319  1 0.1855 0.1796 0.1680 0.1550 0.1525 0.1593 
         320  1 0.1670 0.1655 0.1678 0.1746 0.1657 0.1594 
         321  1 0.1594 0.1566 0.1598 0.1744 0.1784 0.1715 
         322  1 0.1936 0.1882 0.1711 0.1521 0.1509 0.1441 
         323  1 0.1644 0.1641 0.1653 0.1603 0.1700 0.1759 
         324  1 0.1655 0.1650 0.1630 0.1770 0.1720 0.1575 
         325  1 0.1759 0.1725 0.1642 0.1601 0.1583 0.1690 
         326  1 0.1632 0.1575 0.1585 0.1783 0.1765 0.1661 
         327  1 0.1568 0.1617 0.1727 0.1733 0.1725 0.1629 
         328  1 0.1703 0.1744 0.1725 0.1647 0.1637 0.1544 
         329  1 0.1679 0.1676 0.1689 0.1685 0.1659 0.1612 
         330  1 0.1683 0.1717 0.1653 0.1643 0.1648 0.1656 
         331  1 0.1608 0.1644 0.1695 0.1715 0.1680 0.1658 
         332  1 0.1565 0.1550 0.1630 0.1770 0.1812 0.1674 
         333  1 0.1739 0.1731 0.1704 0.1591 0.1626 0.1608 
         334  1 0.1723 0.1695 0.1661 0.1625 0.1628 0.1668 
         335  1 0.1784 0.1739 0.1676 0.1641 0.1585 0.1575 
         336  1 0.1748 0.1704 0.1702 0.1569 0.1559 0.1717 
         337  1 0.1723 0.1692 0.1657 0.1615 0.1617 0.1697 
         338  1 0.1718 0.1714 0.1717 0.1574 0.1598 0.1679 
         339  1 0.1677 0.1683 0.1662 0.1631 0.1614 0.1732 
         340  1 0.1596 0.1614 0.1700 0.1742 0.1700 0.1648 
         341  1 0.1738 0.1710 0.1681 0.1626 0.1606 0.1638 
         342  1 0.1826 0.1771 0.1706 0.1532 0.1541 0.1624 
         343  1 0.1563 0.1568 0.1658 0.1716 0.1728 0.1767 
         344  1 0.1607 0.1653 0.1665 0.1732 0.1697 0.1646 
         345  1 0.1587 0.1589 0.1629 0.1766 0.1720 0.1708 
         346  1 0.1590 0.1568 0.1678 0.1700 0.1734 0.1731 
         347  1 0.1711 0.1668 0.1623 0.1598 0.1648 0.1752 
