           1  1 0.1608 0.1601 0.1609 0.2191 0.1362 0.1630 
           2  1 0.1604 0.1713 0.1581 0.1745 0.1700 0.1657 
           3  1 0.1602 0.1688 0.1600 0.1546 0.1872 0.1691 
           4  1 0.1821 0.1714 0.1576 0.1359 0.1820 0.1710 
           5  1 0.1677 0.1766 0.1728 0.1361 0.1801 0.1667 
           6  1 0.1792 0.1692 0.1701 0.1494 0.1618 0.1702 
           7  1 0.1769 0.1624 0.1809 0.1707 0.1435 0.1657 
           8  1 0.1778 0.1732 0.2020 0.1254 0.1552 0.1663 
           9  1 0.1627 0.1592 0.1703 0.1941 0.1492 0.1645 
          10  1 0.1742 0.1733 0.1788 0.1585 0.1547 0.1605 
          11  1 0.1473 0.1597 0.1484 0.1914 0.1871 0.1660 
          12  1 0.1583 0.1592 0.1674 0.1876 0.1613 0.1662 
          13  1 0.1778 0.1650 0.1926 0.1271 0.1686 0.1689 
          14  1 0.1779 0.1728 0.1780 0.1439 0.1586 0.1688 
          15  1 0.1585 0.1636 0.1723 0.1910 0.1447 0.1699 
          16  1 0.1606 0.1585 0.1759 0.1884 0.1487 0.1680 
          17  1 0.1497 0.1647 0.1270 0.1631 0.2240 0.1713 
          18  1 0.1679 0.1718 0.1619 0.1696 0.1647 0.1640 
          19  1 0.1555 0.1624 0.1634 0.1902 0.1637 0.1647 
          20  1 0.1396 0.1497 0.1423 0.2402 0.1672 0.1610 
          21  1 0.1409 0.1564 0.1549 0.2458 0.1386 0.1634 
          22  1 0.1499 0.1525 0.1513 0.2388 0.1426 0.1649 
          23  1 0.1645 0.1639 0.1604 0.1737 0.1695 0.1680 
          24  1 0.1741 0.1695 0.1695 0.1443 0.1746 0.1680 
          25  1 0.1660 0.1625 0.1585 0.1880 0.1566 0.1683 
          26  1 0.1551 0.1597 0.1557 0.1711 0.1861 0.1722 
          27  1 0.1818 0.1704 0.1776 0.1557 0.1525 0.1620 
          28  1 0.1521 0.1589 0.1593 0.2262 0.1399 0.1635 
          29  1 0.1472 0.1625 0.1409 0.1705 0.2130 0.1659 
          30  1 0.1678 0.1688 0.1754 0.1672 0.1538 0.1670 
          31  1 0.1750 0.1742 0.1705 0.1367 0.1780 0.1655 
          32  1 0.1664 0.1683 0.1712 0.1766 0.1504 0.1671 
          33  1 0.1539 0.1584 0.1525 0.2311 0.1430 0.1611 
          34  1 0.1638 0.1619 0.1467 0.1984 0.1687 0.1605 
          35  1 0.1659 0.1691 0.1722 0.1806 0.1483 0.1638 
          36  1 0.1813 0.1661 0.1851 0.1645 0.1381 0.1650 
          37  1 0.1495 0.1740 0.1437 0.1459 0.2206 0.1663 
          38  1 0.1545 0.1619 0.1654 0.1373 0.2146 0.1663 
          39  1 0.1408 0.1445 0.1456 0.2835 0.1266 0.1590 
          40  1 0.1343 0.1412 0.1398 0.3130 0.1159 0.1557 
          41  1 0.1454 0.1512 0.1492 0.2230 0.1699 0.1613 
          42  1 0.1752 0.1720 0.1789 0.1438 0.1622 0.1679 
          43  1 0.1592 0.1659 0.1549 0.1642 0.1908 0.1650 
          44  1 0.1929 0.1725 0.1885 0.1241 0.1525 0.1695 
          45  1 0.1611 0.1713 0.1553 0.1721 0.1712 0.1690 
          46  1 0.1799 0.1702 0.1826 0.1526 0.1444 0.1703 
          47  1 0.1782 0.1705 0.1795 0.1670 0.1387 0.1661 
          48  1 0.1811 0.1719 0.1837 0.1257 0.1699 0.1677 
          49  1 0.1324 0.1534 0.1242 0.1704 0.2495 0.1701 
          50  1 0.1562 0.1634 0.1721 0.1494 0.1968 0.1622 
          51  1 0.1521 0.1612 0.1642 0.1486 0.2115 0.1625 
          52  1 0.1694 0.1696 0.1924 0.1342 0.1686 0.1658 
          53  1 0.1385 0.1615 0.1394 0.2297 0.1680 0.1629 
          54  1 0.1761 0.1752 0.1762 0.1592 0.1454 0.1679 
          55  1 0.1700 0.1684 0.1673 0.1759 0.1487 0.1697 
          56  1 0.1714 0.1657 0.1663 0.1653 0.1644 0.1668 
          57  1 0.1352 0.1492 0.1488 0.2585 0.1527 0.1556 
          58  1 0.1700 0.1712 0.1657 0.1433 0.1823 0.1675 
          59  1 0.1699 0.1658 0.1613 0.1382 0.1910 0.1737 
          60  1 0.1265 0.1462 0.1366 0.3057 0.1261 0.1589 
          61  1 0.1390 0.1581 0.1452 0.2503 0.1440 0.1634 
          62  1 0.1947 0.1786 0.1922 0.1287 0.1408 0.1651 
          63  1 0.1682 0.1647 0.1956 0.1372 0.1711 0.1632 
          64  1 0.1468 0.1576 0.1490 0.2425 0.1391 0.1649 
          65  1 0.1650 0.1700 0.1616 0.1850 0.1521 0.1663 
          66  1 0.1555 0.1567 0.1646 0.1964 0.1631 0.1637 
          67  1 0.1896 0.1702 0.2123 0.1149 0.1479 0.1651 
          68  1 0.1932 0.1794 0.1873 0.1274 0.1459 0.1667 
          69  1 0.1746 0.1685 0.1701 0.1651 0.1565 0.1652 
          70  1 0.1654 0.1690 0.1650 0.1687 0.1635 0.1685 
          71  1 0.1463 0.1620 0.1443 0.2192 0.1651 0.1629 
          72  1 0.1638 0.1713 0.1583 0.1536 0.1871 0.1659 
          73  1 0.1385 0.1675 0.1362 0.1745 0.2160 0.1672 
          74  1 0.1399 0.1582 0.1569 0.2335 0.1530 0.1584 
          75  1 0.1598 0.1722 0.1623 0.1574 0.1773 0.1709 
          76  1 0.1475 0.1580 0.1483 0.2495 0.1343 0.1623 
          77  1 0.1793 0.1736 0.1872 0.1442 0.1536 0.1621 
          78  1 0.1871 0.1743 0.1887 0.1310 0.1542 0.1647 
          79  1 0.1379 0.1486 0.1478 0.2888 0.1168 0.1601 
          80  1 0.1697 0.1749 0.1692 0.1507 0.1680 0.1675 
          81  1 0.1618 0.1719 0.1633 0.1651 0.1740 0.1638 
          82  1 0.1535 0.1671 0.1584 0.1845 0.1699 0.1665 
          83  1 0.1637 0.1698 0.1661 0.1752 0.1625 0.1627 
          84  1 0.1804 0.1691 0.1958 0.1408 0.1452 0.1686 
          85  1 0.1446 0.1711 0.1370 0.1915 0.1911 0.1646 
          86  1 0.1664 0.1654 0.1684 0.1619 0.1693 0.1686 
          87  1 0.1462 0.1594 0.1378 0.1671 0.2241 0.1653 
          88  1 0.1841 0.1706 0.1780 0.1755 0.1224 0.1694 
          89  1 0.1574 0.1631 0.1734 0.1532 0.1904 0.1625 
          90  1 0.1817 0.1750 0.1866 0.1494 0.1440 0.1634 
          91  1 0.1875 0.1744 0.1881 0.1408 0.1471 0.1622 
          92  1 0.1513 0.1605 0.1603 0.1978 0.1704 0.1596 
          93  1 0.1789 0.1727 0.1813 0.1498 0.1516 0.1657 
          94  1 0.1707 0.1637 0.1724 0.1929 0.1348 0.1655 
          95  1 0.1795 0.1718 0.1883 0.1508 0.1450 0.1647 
          96  1 0.1654 0.1684 0.1709 0.1594 0.1678 0.1682 
          97  1 0.1698 0.1677 0.1581 0.1565 0.1819 0.1660 
          98  1 0.1713 0.1722 0.1804 0.1476 0.1625 0.1659 
          99  1 0.1712 0.1677 0.1764 0.1512 0.1644 0.1690 
         100  1 0.1831 0.1630 0.1856 0.1528 0.1427 0.1728 
         101  1 0.1842 0.1718 0.1828 0.1263 0.1616 0.1733 
         102  1 0.1771 0.1713 0.1687 0.1502 0.1702 0.1625 
         103  1 0.1920 0.1689 0.1929 0.1319 0.1463 0.1681 
         104  1 0.1840 0.1707 0.1746 0.1628 0.1427 0.1652 
         105  1 0.1707 0.1641 0.1654 0.1532 0.1812 0.1653 
         106  1 0.1766 0.1705 0.1799 0.1299 0.1751 0.1681 
         107  1 0.1790 0.1686 0.1797 0.1439 0.1588 0.1700 
         108  1 0.1828 0.1777 0.1665 0.1529 0.1525 0.1676 
         109  1 0.1713 0.1687 0.1764 0.1590 0.1549 0.1697 
         110  1 0.1692 0.1742 0.1643 0.1732 0.1552 0.1639 
         111  1 0.1716 0.1665 0.1715 0.1350 0.1872 0.1682 
         112  1 0.1441 0.1673 0.1382 0.2016 0.1816 0.1672 
         113  1 0.1425 0.1510 0.1602 0.2483 0.1369 0.1611 
         114  1 0.1728 0.1777 0.1702 0.1616 0.1525 0.1652 
         115  1 0.1889 0.1813 0.1796 0.1332 0.1529 0.1641 
         116  1 0.1790 0.1733 0.1698 0.1451 0.1636 0.1693 
         117  1 0.1672 0.1647 0.1665 0.1780 0.1638 0.1599 
         118  1 0.1824 0.1732 0.1894 0.1234 0.1634 0.1682 
         119  1 0.1657 0.1712 0.1708 0.1376 0.1838 0.1709 
         120  1 0.1710 0.1662 0.1722 0.1265 0.1915 0.1725 
         121  1 0.1695 0.1652 0.1823 0.1526 0.1656 0.1647 
         122  1 0.1550 0.1559 0.1654 0.2267 0.1312 0.1658 
         123  1 0.1385 0.1565 0.1397 0.2370 0.1654 0.1629 
         124  1 0.1414 0.1491 0.1475 0.2764 0.1224 0.1631 
         125  1 0.1580 0.1611 0.1605 0.1962 0.1561 0.1681 
         126  1 0.1517 0.1566 0.1500 0.2590 0.1245 0.1582 
         127  1 0.1846 0.1725 0.2047 0.1239 0.1502 0.1642 
         128  1 0.1441 0.1773 0.1331 0.1766 0.2055 0.1635 
         129  1 0.1551 0.1647 0.1581 0.2053 0.1531 0.1637 
         130  1 0.1696 0.1706 0.1744 0.1736 0.1460 0.1658 
         131  1 0.1807 0.1730 0.1716 0.1362 0.1644 0.1741 
         132  1 0.1714 0.1598 0.1591 0.1583 0.1818 0.1696 
         133  1 0.1605 0.1615 0.1635 0.2261 0.1250 0.1633 
         134  1 0.1505 0.1569 0.1523 0.2314 0.1451 0.1639 
         135  1 0.1282 0.1503 0.1347 0.1719 0.2537 0.1612 
         136  1 0.1995 0.1765 0.2056 0.1221 0.1275 0.1688 
         137  1 0.1943 0.1712 0.2093 0.1284 0.1307 0.1661 
         138  1 0.1885 0.1743 0.1860 0.1273 0.1526 0.1713 
         139  1 0.1689 0.1681 0.1615 0.1549 0.1836 0.1630 
         140  1 0.1689 0.1633 0.1706 0.2062 0.1235 0.1675 
         141  1 0.1944 0.1694 0.1927 0.1244 0.1508 0.1682 
         142  1 0.1792 0.1708 0.1813 0.1317 0.1681 0.1690 
         143  1 0.1584 0.1612 0.1609 0.1646 0.1897 0.1652 
         144  1 0.1543 0.1657 0.1469 0.1539 0.2059 0.1734 
         145  1 0.1906 0.1732 0.2010 0.1410 0.1302 0.1640 
         146  1 0.1468 0.1534 0.1539 0.2475 0.1351 0.1633 
         147  1 0.1760 0.1722 0.1771 0.1476 0.1619 0.1653 
         148  1 0.1432 0.1690 0.1384 0.1579 0.2250 0.1665 
         149  1 0.1626 0.1763 0.1754 0.1455 0.1790 0.1612 
         150  1 0.1609 0.1666 0.1474 0.1639 0.1929 0.1683 
         151  1 0.1471 0.1632 0.1426 0.1646 0.2155 0.1669 
         152  1 0.1581 0.1713 0.1521 0.1782 0.1744 0.1659 
         153  1 0.1556 0.1702 0.1525 0.1466 0.2122 0.1629 
         154  1 0.1631 0.1757 0.1506 0.1531 0.1925 0.1652 
         155  1 0.1750 0.1707 0.1678 0.1739 0.1491 0.1635 
         156  1 0.1999 0.1771 0.1933 0.1366 0.1300 0.1632 
         157  1 0.1714 0.1592 0.1663 0.2140 0.1266 0.1625 
         158  1 0.1527 0.1628 0.1602 0.2006 0.1593 0.1644 
         159  1 0.1905 0.1677 0.2047 0.1218 0.1480 0.1674 
         160  1 0.1507 0.1594 0.1504 0.2163 0.1587 0.1645 
         161  1 0.1548 0.1665 0.1589 0.1931 0.1635 0.1631 
         162  1 0.1385 0.1555 0.1392 0.1880 0.2093 0.1695 
         163  1 0.1452 0.1612 0.1484 0.2201 0.1611 0.1641 
         164  1 0.1540 0.1727 0.1526 0.1705 0.1858 0.1644 
         165  1 0.1474 0.1641 0.1439 0.1913 0.1864 0.1668 
         166  1 0.1586 0.1688 0.1642 0.1885 0.1547 0.1652 
         167  1 0.1850 0.1767 0.1759 0.1387 0.1602 0.1636 
         168  1 0.1481 0.1530 0.1507 0.2471 0.1339 0.1673 
         169  1 0.1722 0.1679 0.1701 0.1353 0.1862 0.1683 
         170  1 0.1733 0.1719 0.1884 0.1638 0.1422 0.1604 
         171  1 0.1701 0.1720 0.1693 0.1626 0.1580 0.1680 
         172  1 0.1248 0.1395 0.1372 0.3291 0.1145 0.1549 
         173  1 0.1847 0.1706 0.1697 0.1601 0.1514 0.1635 
         174  1 0.1783 0.1747 0.1735 0.1580 0.1503 0.1653 
         175  1 0.1667 0.1671 0.1714 0.1777 0.1505 0.1665 
         176  1 0.1608 0.1604 0.1614 0.1878 0.1622 0.1674 
         177  1 0.1482 0.1602 0.1436 0.1479 0.2252 0.1748 
         178  1 0.1825 0.1639 0.1898 0.1434 0.1507 0.1698 
         179  1 0.1741 0.1718 0.1729 0.1553 0.1600 0.1659 
         180  1 0.1802 0.1697 0.1663 0.1332 0.1785 0.1722 
         181  1 0.1692 0.1641 0.1716 0.1260 0.1929 0.1763 
         182  1 0.1657 0.1701 0.1621 0.1892 0.1538 0.1591 
         183  1 0.1797 0.1646 0.1774 0.1528 0.1574 0.1680 
         184  1 0.1696 0.1681 0.1653 0.1860 0.1494 0.1617 
         185  1 0.1748 0.1808 0.1609 0.1342 0.1809 0.1684 
         186  1 0.1860 0.1759 0.2015 0.1234 0.1476 0.1657 
         187  1 0.1744 0.1753 0.1739 0.1446 0.1615 0.1702 
         188  1 0.1627 0.1685 0.1581 0.1583 0.1844 0.1679 
         189  1 0.1726 0.1661 0.1685 0.1579 0.1702 0.1646 
         190  1 0.1828 0.1626 0.1900 0.1480 0.1475 0.1691 
         191  1 0.1805 0.1696 0.1751 0.1422 0.1691 0.1635 
         192  1 0.1759 0.1773 0.1777 0.1451 0.1548 0.1692 
         193  1 0.1741 0.1685 0.1832 0.1674 0.1374 0.1694 
         194  1 0.1749 0.1689 0.1737 0.1591 0.1595 0.1640 
         195  1 0.1812 0.1688 0.1901 0.1307 0.1598 0.1694 
         196  1 0.1708 0.1695 0.1719 0.1522 0.1677 0.1679 
         197  1 0.1672 0.1657 0.1640 0.1516 0.1813 0.1703 
         198  1 0.1494 0.1651 0.1469 0.1845 0.1916 0.1625 
         199  1 0.1882 0.1687 0.1653 0.1398 0.1666 0.1713 
         200  1 0.1440 0.1587 0.1422 0.2042 0.1825 0.1684 
         201  1 0.1455 0.1515 0.1609 0.2563 0.1226 0.1632 
         202  1 0.1603 0.1608 0.1420 0.1675 0.1988 0.1706 
         203  1 0.1485 0.1642 0.1430 0.1860 0.1922 0.1661 
         204  1 0.1517 0.1602 0.1571 0.2315 0.1367 0.1628 
         205  1 0.1738 0.1654 0.1762 0.1524 0.1673 0.1648 
         206  1 0.1652 0.1659 0.1594 0.1987 0.1501 0.1607 
         207  1 0.1917 0.1749 0.2022 0.1311 0.1328 0.1674 
         208  1 0.1694 0.1604 0.1773 0.1806 0.1454 0.1670 
         209  1 0.1959 0.1761 0.2041 0.1277 0.1295 0.1667 
         210  1 0.1580 0.1689 0.1540 0.1887 0.1652 0.1652 
         211  1 0.1521 0.1699 0.1388 0.1663 0.2035 0.1694 
         212  1 0.1534 0.1620 0.1553 0.2232 0.1441 0.1620 
         213  1 0.1613 0.1542 0.1759 0.2166 0.1301 0.1618 
         214  1 0.1817 0.1707 0.1722 0.1601 0.1469 0.1684 
         215  1 0.1687 0.1656 0.1835 0.1599 0.1575 0.1649 
         216  1 0.1665 0.1724 0.1631 0.1719 0.1621 0.1639 
         217  1 0.1705 0.1711 0.1640 0.1466 0.1797 0.1682 
         218  1 0.1715 0.1692 0.1777 0.1580 0.1626 0.1610 
         219  1 0.1569 0.1648 0.1432 0.1571 0.2116 0.1664 
         220  1 0.1444 0.1578 0.1519 0.2203 0.1631 0.1626 
         221  1 0.1753 0.1673 0.1805 0.1548 0.1584 0.1637 
         222  1 0.1774 0.1672 0.1919 0.1314 0.1673 0.1648 
         223  1 0.1762 0.1683 0.1884 0.1476 0.1525 0.1670 
         224  1 0.1343 0.1580 0.1369 0.1941 0.2088 0.1679 
         225  1 0.2063 0.1791 0.2218 0.1149 0.1152 0.1627 
         226  1 0.1762 0.1752 0.1798 0.1491 0.1484 0.1713 
         227  1 0.1532 0.1603 0.1568 0.2058 0.1595 0.1643 
         228  1 0.1467 0.1582 0.1511 0.2287 0.1491 0.1663 
         229  1 0.1763 0.1678 0.1686 0.1495 0.1649 0.1729 
         230  1 0.1637 0.1626 0.1598 0.1772 0.1697 0.1671 
         231  1 0.1683 0.1744 0.1613 0.1497 0.1757 0.1705 
         232  1 0.1508 0.1718 0.1472 0.1652 0.2009 0.1642 
         233  1 0.1306 0.1522 0.1404 0.2813 0.1316 0.1638 
         234  1 0.1659 0.1691 0.1744 0.1839 0.1418 0.1649 
         235  1 0.1847 0.1667 0.1907 0.1489 0.1395 0.1696 
         236  1 0.1594 0.1627 0.1540 0.1552 0.1968 0.1720 
         237  1 0.1505 0.1546 0.1536 0.2390 0.1394 0.1628 
         238  1 0.1775 0.1628 0.1851 0.1650 0.1450 0.1646 
         239  1 0.1761 0.1683 0.1797 0.1606 0.1457 0.1697 
         240  1 0.1807 0.1727 0.1859 0.1412 0.1485 0.1710 
         241  1 0.1490 0.1611 0.1558 0.2151 0.1576 0.1614 
         242  1 0.1685 0.1703 0.1770 0.1435 0.1715 0.1693 
         243  1 0.1425 0.1548 0.1394 0.2183 0.1809 0.1642 
         244  1 0.1795 0.1680 0.1750 0.1592 0.1507 0.1676 
         245  1 0.1717 0.1630 0.1724 0.1761 0.1467 0.1701 
         246  1 0.1592 0.1752 0.1631 0.1653 0.1672 0.1700 
         247  1 0.2090 0.1726 0.1968 0.1234 0.1302 0.1680 
         248  1 0.1809 0.1744 0.1759 0.1305 0.1687 0.1697 
         249  1 0.1993 0.1682 0.2134 0.1245 0.1265 0.1681 
         250  1 0.1895 0.1667 0.1986 0.1410 0.1370 0.1671 
         251  1 0.1727 0.1594 0.1744 0.1432 0.1796 0.1707 
         252  1 0.1824 0.1742 0.1847 0.1302 0.1605 0.1681 
         253  1 0.1663 0.1655 0.1721 0.1588 0.1702 0.1671 
         254  1 0.1614 0.1681 0.1636 0.1267 0.2116 0.1687 
         255  1 0.1586 0.1616 0.1484 0.1205 0.2331 0.1778 
         256  1 0.1868 0.1711 0.1963 0.1131 0.1615 0.1713 
         257  1 0.1939 0.1732 0.1849 0.1245 0.1509 0.1726 
         258  1 0.1664 0.1689 0.1603 0.1344 0.1956 0.1745 
         259  1 0.1746 0.1724 0.1727 0.1701 0.1485 0.1618 
         260  1 0.1575 0.1616 0.1476 0.1539 0.2076 0.1718 
         261  1 0.1898 0.1746 0.1703 0.1288 0.1663 0.1702 
         262  1 0.1774 0.1736 0.1734 0.1657 0.1456 0.1643 
         263  1 0.1817 0.1761 0.1882 0.1449 0.1439 0.1653 
         264  1 0.1758 0.1683 0.1691 0.1478 0.1736 0.1655 
         265  1 0.1859 0.1664 0.1686 0.1254 0.1821 0.1716 
         266  1 0.1666 0.1708 0.1616 0.1614 0.1757 0.1640 
         267  1 0.1584 0.1797 0.1465 0.1567 0.1924 0.1663 
         268  1 0.1732 0.1751 0.1756 0.1498 0.1566 0.1697 
         269  1 0.1722 0.1714 0.1607 0.1576 0.1672 0.1709 
         270  1 0.1679 0.1720 0.1672 0.1366 0.1879 0.1684 
         271  1 0.1760 0.1710 0.1770 0.1347 0.1770 0.1643 
         272  1 0.1682 0.1617 0.1646 0.1768 0.1572 0.1715 
         273  1 0.1927 0.1765 0.1940 0.1392 0.1342 0.1633 
         274  1 0.1720 0.1730 0.1652 0.1394 0.1788 0.1716 
         275  1 0.1600 0.1651 0.1499 0.1916 0.1710 0.1626 
         276  1 0.1754 0.1686 0.1551 0.1451 0.1838 0.1720 
         277  1 0.1578 0.1782 0.1519 0.1429 0.1985 0.1706 
         278  1 0.1797 0.1674 0.2039 0.1190 0.1635 0.1666 
         279  1 0.1848 0.1691 0.1725 0.1567 0.1493 0.1676 
         280  1 0.1321 0.1569 0.1332 0.2078 0.2090 0.1610 
         281  1 0.1433 0.1585 0.1517 0.2327 0.1550 0.1589 
         282  1 0.1869 0.1704 0.1899 0.1204 0.1650 0.1674 
         283  1 0.1519 0.1598 0.1493 0.1831 0.1920 0.1638 
         284  1 0.1862 0.1736 0.1874 0.1357 0.1505 0.1667 
         285  1 0.1723 0.1715 0.1580 0.1413 0.1882 0.1687 
         286  1 0.1815 0.1694 0.1851 0.1479 0.1473 0.1688 
         287  1 0.1613 0.1640 0.1585 0.1505 0.1956 0.1701 
         288  1 0.1504 0.1593 0.1505 0.2035 0.1681 0.1681 
         289  1 0.1840 0.1793 0.1775 0.1320 0.1614 0.1659 
         290  1 0.1317 0.1522 0.1342 0.1933 0.2285 0.1601 
         291  1 0.1764 0.1730 0.1680 0.1351 0.1768 0.1707 
         292  1 0.1895 0.1741 0.1660 0.1357 0.1613 0.1734 
         293  1 0.1897 0.1693 0.1756 0.1229 0.1696 0.1729 
         294  1 0.1640 0.1636 0.1530 0.1350 0.2127 0.1717 
         295  1 0.1840 0.1730 0.1750 0.1310 0.1641 0.1729 
         296  1 0.1628 0.1719 0.1593 0.1682 0.1727 0.1651 
         297  1 0.1882 0.1725 0.1724 0.1220 0.1732 0.1717 
         298  1 0.1836 0.1716 0.1987 0.1313 0.1491 0.1656 
         299  1 0.1556 0.1716 0.1591 0.1783 0.1699 0.1654 
         300  1 0.1753 0.1678 0.1696 0.1373 0.1797 0.1703 
         301  1 0.1655 0.1613 0.1492 0.1237 0.2228 0.1775 
         302  1 0.1488 0.1617 0.1573 0.2206 0.1520 0.1596 
         303  1 0.1686 0.1643 0.1588 0.1707 0.1733 0.1642 
         304  1 0.1583 0.1607 0.1603 0.1973 0.1550 0.1684 
         305  1 0.1557 0.1772 0.1467 0.1613 0.1918 0.1671 
         306  1 0.1609 0.1691 0.1603 0.1587 0.1822 0.1689 
         307  1 0.1737 0.1775 0.1747 0.1478 0.1586 0.1677 
         308  1 0.1445 0.1702 0.1373 0.1520 0.2254 0.1707 
         309  1 0.1614 0.1624 0.1631 0.2248 0.1221 0.1663 
         310  1 0.2000 0.1821 0.1991 0.1261 0.1279 0.1648 
         311  1 0.1589 0.1659 0.1507 0.1425 0.2149 0.1670 
         312  1 0.1503 0.1704 0.1486 0.1472 0.2071 0.1765 
         313  1 0.1565 0.1566 0.1514 0.1808 0.1893 0.1653 
         314  1 0.1650 0.1608 0.1448 0.1871 0.1768 0.1655 
         315  1 0.1832 0.1686 0.1927 0.1351 0.1537 0.1666 
         316  1 0.1694 0.1641 0.1901 0.1553 0.1578 0.1633 
         317  1 0.1643 0.1703 0.1534 0.1698 0.1803 0.1619 
         318  1 0.1850 0.1738 0.1918 0.1309 0.1498 0.1688 
         319  1 0.1452 0.1591 0.1435 0.1698 0.2153 0.1672 
         320  1 0.1746 0.1710 0.1791 0.1396 0.1691 0.1667 
         321  1 0.1788 0.1638 0.1821 0.1746 0.1397 0.1609 
         322  1 0.1364 0.1592 0.1354 0.1500 0.2493 0.1697 
         323  1 0.1544 0.1635 0.1546 0.2066 0.1619 0.1591 
         324  1 0.1822 0.1683 0.1971 0.1302 0.1554 0.1668 
         325  1 0.1523 0.1605 0.1473 0.1739 0.2033 0.1627 
         326  1 0.1961 0.1666 0.1908 0.1383 0.1443 0.1640 
         327  1 0.1860 0.1747 0.1691 0.1345 0.1609 0.1748 
         328  1 0.1721 0.1783 0.1666 0.1320 0.1823 0.1686 
         329  1 0.1598 0.1677 0.1596 0.1530 0.1902 0.1697 
         330  1 0.1729 0.1617 0.1663 0.1565 0.1737 0.1690 
         331  1 0.1736 0.1700 0.1679 0.1535 0.1641 0.1709 
         332  1 0.1825 0.1699 0.1780 0.1565 0.1475 0.1656 
         333  1 0.1588 0.1633 0.1506 0.1600 0.2004 0.1669 
         334  1 0.1605 0.1682 0.1686 0.1529 0.1849 0.1649 
         335  1 0.1578 0.1735 0.1485 0.1441 0.2091 0.1670 
         336  1 0.1569 0.1637 0.1588 0.1767 0.1830 0.1609 
         337  1 0.1610 0.1637 0.1781 0.1612 0.1721 0.1638 
         338  1 0.1623 0.1654 0.1487 0.1886 0.1731 0.1619 
         339  1 0.1565 0.1623 0.1544 0.1898 0.1715 0.1654 
         340  1 0.1826 0.1655 0.1776 0.1545 0.1454 0.1745 
         341  1 0.1568 0.1614 0.1567 0.1700 0.1868 0.1683 
         342  1 0.1416 0.1622 0.1367 0.1849 0.2136 0.1610 
         343  1 0.1792 0.1737 0.1727 0.1637 0.1451 0.1656 
         344  1 0.1872 0.1695 0.1712 0.1307 0.1704 0.1711 
         345  1 0.1803 0.1666 0.1821 0.1594 0.1446 0.1669 
         346  1 0.1716 0.1675 0.1726 0.1833 0.1412 0.1638 
         347  1 0.1507 0.1546 0.1529 0.2137 0.1657 0.1623 
