           1  1 0.1159 0.0899 0.1009 0.0817 0.1049 0.0960 0.0977 0.1016 0.1079 0.1036 
           2  1 0.1023 0.0999 0.1051 0.0935 0.1043 0.1007 0.1030 0.1037 0.0921 0.0953 
           3  1 0.0964 0.1074 0.1035 0.0975 0.0986 0.1099 0.0994 0.1065 0.0925 0.0884 
           4  1 0.0832 0.1101 0.1061 0.1308 0.0857 0.0988 0.0970 0.0954 0.1044 0.0886 
           5  1 0.1024 0.1016 0.0983 0.0851 0.0987 0.1024 0.1078 0.1061 0.0921 0.1054 
           6  1 0.0981 0.0978 0.1010 0.1248 0.0989 0.0931 0.0982 0.0928 0.1019 0.0934 
           7  1 0.1047 0.0906 0.1031 0.0852 0.1107 0.0905 0.1073 0.0995 0.0988 0.1095 
           8  1 0.1170 0.0890 0.0864 0.0855 0.1133 0.0994 0.1060 0.1032 0.0946 0.1055 
           9  1 0.1210 0.0903 0.0926 0.0800 0.1149 0.1007 0.0967 0.0971 0.1017 0.1048 
          10  1 0.1017 0.0982 0.0990 0.0875 0.0974 0.1042 0.0997 0.1058 0.1015 0.1049 
          11  1 0.1131 0.1027 0.0932 0.0839 0.0977 0.1091 0.0978 0.1112 0.0949 0.0965 
          12  1 0.1016 0.0924 0.0992 0.0754 0.1040 0.1001 0.1023 0.1068 0.1054 0.1128 
          13  1 0.1033 0.0975 0.0923 0.0888 0.1057 0.0999 0.1097 0.0930 0.1008 0.1091 
          14  1 0.0936 0.1029 0.1034 0.1111 0.1005 0.0974 0.0999 0.0974 0.1019 0.0919 
          15  1 0.1216 0.0923 0.0957 0.0835 0.1005 0.1000 0.0956 0.1046 0.1005 0.1057 
          16  1 0.1236 0.0884 0.0955 0.0860 0.1096 0.0928 0.0987 0.0976 0.1010 0.1067 
          17  1 0.0927 0.1070 0.0941 0.1212 0.0847 0.1118 0.0978 0.1084 0.0951 0.0870 
          18  1 0.1006 0.1011 0.1011 0.0886 0.1017 0.1066 0.1015 0.1088 0.0963 0.0937 
          19  1 0.1101 0.0986 0.0937 0.0842 0.1103 0.1036 0.1025 0.1009 0.0977 0.0983 
          20  1 0.1155 0.0953 0.0898 0.0664 0.1102 0.1110 0.0936 0.1060 0.1048 0.1072 
          21  1 0.1190 0.0861 0.0903 0.0680 0.1196 0.0893 0.0955 0.1027 0.1111 0.1183 
          22  1 0.1210 0.0922 0.0977 0.0823 0.1116 0.0935 0.0927 0.0925 0.1110 0.1054 
          23  1 0.0967 0.1005 0.0950 0.0994 0.1031 0.1029 0.1028 0.0993 0.0985 0.1018 
          24  1 0.0928 0.1069 0.0995 0.1116 0.0946 0.1012 0.1012 0.0969 0.0971 0.0982 
          25  1 0.1038 0.0949 0.1032 0.1115 0.1016 0.0976 0.0897 0.0911 0.1049 0.1016 
          26  1 0.1002 0.1071 0.0982 0.0839 0.0920 0.1154 0.0988 0.1121 0.0946 0.0978 
          27  1 0.1037 0.0985 0.0933 0.0893 0.1030 0.0996 0.1033 0.1034 0.1030 0.1029 
          28  1 0.1187 0.0923 0.1007 0.0903 0.1042 0.0898 0.0938 0.0958 0.1097 0.1046 
          29  1 0.0989 0.1178 0.0893 0.0862 0.0893 0.1246 0.0979 0.1181 0.0876 0.0903 
          30  1 0.1108 0.0982 0.0945 0.0863 0.1052 0.1002 0.1013 0.1059 0.0970 0.1007 
          31  1 0.0865 0.1098 0.1106 0.0942 0.1022 0.0973 0.1084 0.0998 0.0901 0.1013 
          32  1 0.0992 0.0959 0.0988 0.0894 0.1102 0.1008 0.0979 0.0995 0.0986 0.1096 
          33  1 0.1174 0.0923 0.0997 0.0777 0.1046 0.0983 0.0986 0.1017 0.1027 0.1070 
          34  1 0.1085 0.0972 0.0969 0.0852 0.0994 0.1061 0.1036 0.1078 0.0963 0.0988 
          35  1 0.1123 0.0954 0.0979 0.0877 0.1020 0.0967 0.1000 0.1019 0.1028 0.1034 
          36  1 0.1085 0.0955 0.0971 0.0960 0.1006 0.0940 0.1029 0.0986 0.1036 0.1033 
          37  1 0.0977 0.1171 0.0879 0.0785 0.0887 0.1267 0.1032 0.1225 0.0865 0.0911 
          38  1 0.0972 0.1151 0.0830 0.0802 0.0991 0.1294 0.1013 0.1136 0.0890 0.0921 
          39  1 0.1455 0.0819 0.0950 0.0634 0.1036 0.0884 0.0860 0.0933 0.1225 0.1203 
          40  1 0.1509 0.0758 0.0923 0.0578 0.1066 0.0839 0.0804 0.0910 0.1324 0.1290 
          41  1 0.1127 0.0961 0.0877 0.0734 0.1004 0.1099 0.0938 0.1081 0.1106 0.1072 
          42  1 0.1002 0.0937 0.0976 0.0922 0.0998 0.0962 0.1054 0.0963 0.1057 0.1129 
          43  1 0.1019 0.1073 0.1020 0.0834 0.1107 0.1103 0.1046 0.1017 0.0908 0.0872 
          44  1 0.0908 0.0985 0.1039 0.1068 0.0909 0.0962 0.1082 0.1043 0.0937 0.1067 
          45  1 0.1021 0.0995 0.0968 0.0900 0.1037 0.1041 0.1050 0.1021 0.0934 0.1034 
          46  1 0.1045 0.0855 0.1102 0.0856 0.1090 0.0912 0.1124 0.0932 0.0989 0.1094 
          47  1 0.1057 0.0892 0.1049 0.0817 0.1104 0.0904 0.1098 0.0957 0.1024 0.1098 
          48  1 0.0918 0.1034 0.0981 0.1142 0.0938 0.1044 0.1012 0.1016 0.0946 0.0967 
          49  1 0.0926 0.1237 0.0867 0.0816 0.0891 0.1319 0.1000 0.1212 0.0848 0.0884 
          50  1 0.1009 0.1142 0.0864 0.0825 0.1053 0.1189 0.1023 0.1068 0.0897 0.0930 
          51  1 0.1006 0.1165 0.0852 0.0784 0.0959 0.1252 0.1055 0.1122 0.0885 0.0920 
          52  1 0.1170 0.0934 0.0877 0.0901 0.1179 0.0986 0.1040 0.0945 0.0927 0.1042 
          53  1 0.1112 0.0944 0.0930 0.0819 0.1043 0.1044 0.0957 0.1058 0.1026 0.1066 
          54  1 0.1032 0.0941 0.1069 0.0875 0.1047 0.0977 0.1077 0.0977 0.1001 0.1004 
          55  1 0.1110 0.0852 0.1109 0.0878 0.1202 0.0902 0.1057 0.0928 0.0965 0.0997 
          56  1 0.1097 0.0966 0.0941 0.0894 0.1018 0.1041 0.1021 0.1031 0.1002 0.0990 
          57  1 0.1381 0.0897 0.0942 0.0644 0.1166 0.0943 0.0909 0.0911 0.1101 0.1106 
          58  1 0.0984 0.1055 0.0957 0.0968 0.1002 0.1061 0.0999 0.1092 0.0935 0.0948 
          59  1 0.0869 0.1036 0.1068 0.0930 0.1067 0.1090 0.1063 0.1020 0.0916 0.0939 
          60  1 0.1523 0.0736 0.0940 0.0600 0.1104 0.0888 0.0790 0.0922 0.1217 0.1281 
          61  1 0.1216 0.0921 0.0931 0.0726 0.1090 0.0962 0.0993 0.1027 0.1044 0.1090 
          62  1 0.0916 0.0936 0.1078 0.1070 0.1025 0.0916 0.1041 0.0944 0.1022 0.1053 
          63  1 0.1030 0.0996 0.0909 0.0829 0.1097 0.1018 0.1098 0.0981 0.0923 0.1119 
          64  1 0.1310 0.0869 0.1085 0.0756 0.1092 0.0914 0.0894 0.0960 0.1072 0.1047 
          65  1 0.1061 0.0889 0.1030 0.0864 0.1114 0.0974 0.1036 0.1010 0.0953 0.1069 
          66  1 0.1076 0.0985 0.0863 0.0764 0.1101 0.0959 0.1050 0.0995 0.1114 0.1093 
          67  1 0.1122 0.0867 0.0876 0.0895 0.1170 0.0938 0.1119 0.0895 0.0977 0.1142 
          68  1 0.0867 0.1013 0.1079 0.1130 0.0966 0.0940 0.1043 0.0971 0.0989 0.1003 
          69  1 0.1052 0.0891 0.1057 0.0809 0.1080 0.0941 0.1070 0.0989 0.0945 0.1166 
          70  1 0.1027 0.0983 0.1012 0.0985 0.1031 0.1009 0.0986 0.0972 0.1009 0.0985 
          71  1 0.1131 0.0946 0.0999 0.0968 0.0942 0.0977 0.0938 0.0991 0.1064 0.1045 
          72  1 0.0981 0.1068 0.0910 0.0899 0.0969 0.1127 0.1016 0.1089 0.0957 0.0985 
          73  1 0.1051 0.1112 0.0960 0.0835 0.0962 0.1144 0.1023 0.1133 0.0900 0.0880 
          74  1 0.1227 0.0896 0.0893 0.0674 0.1118 0.0941 0.0936 0.1009 0.1117 0.1189 
          75  1 0.1060 0.1049 0.0972 0.0927 0.0950 0.1040 0.1019 0.1060 0.0970 0.0953 
          76  1 0.1245 0.0863 0.0999 0.0732 0.1078 0.0940 0.0956 0.0975 0.1091 0.1122 
          77  1 0.1036 0.0989 0.1032 0.0906 0.0975 0.1028 0.1090 0.1041 0.0960 0.0944 
          78  1 0.0957 0.1030 0.0980 0.1003 0.0894 0.1002 0.1103 0.0971 0.1003 0.1055 
          79  1 0.1371 0.0777 0.0958 0.0692 0.1204 0.0859 0.0897 0.0883 0.1189 0.1170 
          80  1 0.0945 0.1063 0.1032 0.1008 0.0977 0.1029 0.1020 0.1049 0.0948 0.0929 
          81  1 0.0991 0.0985 0.0979 0.0872 0.1018 0.1053 0.1044 0.1078 0.0956 0.1024 
          82  1 0.1035 0.1044 0.0971 0.0863 0.1056 0.1058 0.1001 0.1038 0.0965 0.0970 
          83  1 0.1089 0.0948 0.1056 0.0829 0.1038 0.1032 0.1050 0.1041 0.0940 0.0976 
          84  1 0.1039 0.0944 0.0943 0.1021 0.1108 0.0962 0.1041 0.0921 0.0990 0.1032 
          85  1 0.0996 0.1063 0.0945 0.0785 0.0997 0.1091 0.1055 0.1147 0.0932 0.0990 
          86  1 0.1015 0.1017 0.1010 0.1150 0.0983 0.0988 0.0936 0.0949 0.1034 0.0918 
          87  1 0.0908 0.1203 0.0969 0.1123 0.0879 0.1178 0.0907 0.1116 0.0889 0.0829 
          88  1 0.1114 0.0758 0.1159 0.0862 0.1261 0.0825 0.1084 0.0876 0.1014 0.1046 
          89  1 0.1121 0.0985 0.0835 0.0804 0.1131 0.1073 0.1050 0.1063 0.0925 0.1012 
          90  1 0.0944 0.0990 0.1118 0.1026 0.0998 0.0981 0.1006 0.1054 0.0951 0.0931 
          91  1 0.0991 0.0960 0.1060 0.0934 0.1043 0.1023 0.1053 0.1042 0.0932 0.0962 
          92  1 0.1253 0.0997 0.1035 0.0715 0.1047 0.0992 0.0999 0.0996 0.0982 0.0984 
          93  1 0.1040 0.0967 0.1031 0.0925 0.1075 0.0967 0.1073 0.1007 0.0940 0.0975 
          94  1 0.1191 0.0936 0.0985 0.0800 0.0952 0.1039 0.0920 0.1034 0.1081 0.1062 
          95  1 0.0977 0.0941 0.1044 0.0838 0.1040 0.0899 0.1082 0.1020 0.1009 0.1151 
          96  1 0.0997 0.1000 0.0951 0.0827 0.1015 0.1037 0.1090 0.1054 0.0995 0.1034 
          97  1 0.0855 0.1175 0.1046 0.1180 0.0875 0.1030 0.0925 0.0987 0.1022 0.0905 
          98  1 0.1022 0.0992 0.0946 0.0908 0.1029 0.1057 0.1025 0.1043 0.0951 0.1027 
          99  1 0.0987 0.1027 0.0964 0.0937 0.0994 0.1039 0.0972 0.1074 0.1013 0.0992 
         100  1 0.0950 0.0956 0.1085 0.1042 0.1018 0.0864 0.1062 0.0883 0.1045 0.1094 
         101  1 0.0918 0.0999 0.1002 0.1112 0.0959 0.0949 0.1081 0.0938 0.0989 0.1053 
         102  1 0.0850 0.1076 0.1067 0.1276 0.0904 0.0993 0.0964 0.0964 0.0998 0.0908 
         103  1 0.0882 0.0929 0.1060 0.1162 0.0952 0.0915 0.1058 0.0939 0.1052 0.1050 
         104  1 0.1005 0.0920 0.1075 0.0992 0.1065 0.0927 0.1025 0.0979 0.1010 0.1002 
         105  1 0.0966 0.1065 0.0919 0.0837 0.0926 0.1134 0.1086 0.1139 0.0947 0.0981 
         106  1 0.0984 0.1026 0.0961 0.0901 0.0942 0.1059 0.1090 0.1077 0.1004 0.0956 
         107  1 0.0968 0.1010 0.1019 0.1031 0.0953 0.0969 0.1068 0.0947 0.1017 0.1019 
         108  1 0.0965 0.0944 0.1080 0.1048 0.1089 0.0978 0.1007 0.0951 0.0959 0.0978 
         109  1 0.1049 0.1004 0.1032 0.0915 0.0999 0.0994 0.1038 0.1036 0.0964 0.0969 
         110  1 0.1063 0.0932 0.1013 0.0872 0.1114 0.0948 0.1056 0.0979 0.0926 0.1097 
         111  1 0.0925 0.1055 0.1019 0.1075 0.0948 0.1080 0.1032 0.1042 0.0889 0.0936 
         112  1 0.1068 0.1028 0.0968 0.0868 0.0935 0.1078 0.0986 0.1116 0.0935 0.1018 
         113  1 0.1204 0.0907 0.0884 0.0719 0.1132 0.0927 0.0971 0.1006 0.1101 0.1150 
         114  1 0.1087 0.0929 0.0980 0.0864 0.1081 0.1010 0.1068 0.1010 0.0948 0.1023 
         115  1 0.0955 0.0916 0.1068 0.1027 0.1099 0.0911 0.1076 0.0902 0.0989 0.1058 
         116  1 0.0913 0.0992 0.1070 0.1074 0.1107 0.0938 0.1001 0.0961 0.1012 0.0931 
         117  1 0.1024 0.0996 0.0952 0.1007 0.0993 0.1000 0.1001 0.0996 0.1054 0.0977 
         118  1 0.1007 0.0984 0.0965 0.0947 0.1072 0.1051 0.1033 0.1067 0.0945 0.0930 
         119  1 0.0924 0.1042 0.1002 0.0954 0.0995 0.1024 0.1056 0.1039 0.0975 0.0990 
         120  1 0.0928 0.1063 0.0986 0.1117 0.0883 0.1093 0.0999 0.1051 0.0939 0.0940 
         121  1 0.1030 0.1007 0.0919 0.0844 0.1036 0.1098 0.1044 0.1095 0.0936 0.0991 
         122  1 0.1263 0.0858 0.0971 0.0815 0.1053 0.0898 0.0947 0.0970 0.1107 0.1118 
         123  1 0.1135 0.0965 0.0974 0.0745 0.1106 0.1089 0.0899 0.1001 0.1048 0.1036 
         124  1 0.1279 0.0779 0.1014 0.0759 0.1164 0.0844 0.0864 0.0886 0.1169 0.1241 
         125  1 0.1027 0.0933 0.1042 0.0834 0.1134 0.0973 0.1001 0.1012 0.1001 0.1045 
         126  1 0.1237 0.0821 0.1009 0.0742 0.1109 0.0898 0.0900 0.0977 0.1153 0.1155 
         127  1 0.1064 0.0949 0.0898 0.0876 0.1089 0.0982 0.1105 0.0987 0.0969 0.1081 
         128  1 0.1013 0.1082 0.1010 0.0852 0.0932 0.1046 0.1061 0.1171 0.0879 0.0954 
         129  1 0.1117 0.0993 0.0991 0.0797 0.1002 0.1052 0.0946 0.1064 0.0996 0.1042 
         130  1 0.1036 0.0968 0.1076 0.0905 0.1074 0.0894 0.1028 0.0969 0.0971 0.1078 
         131  1 0.0818 0.0974 0.1074 0.1698 0.0905 0.0838 0.0904 0.0843 0.1098 0.0848 
         132  1 0.0941 0.1100 0.1015 0.0938 0.0955 0.1084 0.0997 0.1062 0.0952 0.0956 
         133  1 0.1198 0.0821 0.1070 0.0739 0.1230 0.0910 0.1020 0.0933 0.1021 0.1057 
         134  1 0.1118 0.0923 0.0959 0.0785 0.1098 0.0925 0.1003 0.0986 0.1085 0.1118 
         135  1 0.0944 0.1260 0.0785 0.0804 0.0856 0.1363 0.0939 0.1204 0.0915 0.0929 
         136  1 0.0882 0.0907 0.1150 0.1236 0.0990 0.0869 0.1012 0.0879 0.1049 0.1024 
         137  1 0.0995 0.0935 0.1023 0.0989 0.1047 0.0938 0.1065 0.0952 0.0944 0.1112 
         138  1 0.0923 0.0989 0.1026 0.1278 0.0980 0.0927 0.0994 0.0914 0.1028 0.0941 
         139  1 0.1007 0.1048 0.0967 0.0895 0.0925 0.1117 0.0959 0.1217 0.0917 0.0947 
         140  1 0.1151 0.0830 0.1093 0.0835 0.1168 0.0890 0.0973 0.0914 0.1050 0.1095 
         141  1 0.0928 0.0967 0.1053 0.1060 0.0910 0.0913 0.1071 0.0947 0.1035 0.1116 
         142  1 0.0859 0.1069 0.1051 0.1150 0.0896 0.1097 0.0997 0.0979 0.1003 0.0899 
         143  1 0.0921 0.1102 0.1001 0.0832 0.0994 0.1126 0.1034 0.1083 0.0922 0.0985 
         144  1 0.0879 0.1142 0.0973 0.1131 0.0899 0.1142 0.0950 0.1054 0.0928 0.0902 
         145  1 0.0938 0.0907 0.1189 0.0840 0.1062 0.0895 0.1074 0.0957 0.1044 0.1093 
         146  1 0.1257 0.0883 0.0964 0.0725 0.1071 0.0973 0.0932 0.0985 0.1075 0.1135 
         147  1 0.1039 0.1038 0.0990 0.0894 0.0989 0.1053 0.1060 0.1086 0.0911 0.0940 
         148  1 0.1035 0.1140 0.0914 0.0750 0.1020 0.1175 0.1017 0.1127 0.0825 0.0998 
         149  1 0.1085 0.0977 0.0959 0.0862 0.1079 0.1007 0.1006 0.1026 0.0892 0.1109 
         150  1 0.1030 0.1071 0.0967 0.0917 0.0942 0.1099 0.1021 0.1099 0.0943 0.0911 
         151  1 0.0932 0.1172 0.0930 0.0890 0.0902 0.1284 0.0972 0.1148 0.0888 0.0882 
         152  1 0.0980 0.1017 0.1046 0.0976 0.0967 0.1019 0.1014 0.1064 0.0957 0.0962 
         153  1 0.0910 0.1169 0.0979 0.0947 0.0875 0.1192 0.1001 0.1159 0.0862 0.0907 
         154  1 0.0968 0.1070 0.0998 0.0869 0.0953 0.1121 0.1086 0.1126 0.0892 0.0916 
         155  1 0.1018 0.0984 0.1045 0.1017 0.1018 0.0962 0.1006 0.0996 0.0991 0.0963 
         156  1 0.0948 0.0948 0.1071 0.0974 0.0949 0.0953 0.1039 0.1018 0.1008 0.1091 
         157  1 0.1093 0.0883 0.1036 0.0891 0.1063 0.0886 0.1008 0.0957 0.1152 0.1032 
         158  1 0.1022 0.0997 0.0947 0.0924 0.1029 0.0998 0.1010 0.1047 0.1017 0.1008 
         159  1 0.0930 0.0922 0.1069 0.0976 0.0917 0.0842 0.1149 0.0906 0.1057 0.1232 
         160  1 0.1069 0.0952 0.1035 0.0791 0.1105 0.0997 0.1003 0.1067 0.0972 0.1009 
         161  1 0.1106 0.0992 0.0959 0.0818 0.1060 0.1044 0.0988 0.1045 0.0963 0.1026 
         162  1 0.1013 0.1196 0.0885 0.0845 0.0898 0.1274 0.0908 0.1131 0.0938 0.0913 
         163  1 0.1193 0.0961 0.0928 0.0836 0.1010 0.1051 0.0915 0.1029 0.1051 0.1025 
         164  1 0.1008 0.1072 0.0927 0.0820 0.0991 0.1122 0.1015 0.1140 0.0933 0.0971 
         165  1 0.0977 0.1089 0.0942 0.0898 0.0992 0.1071 0.0950 0.1079 0.1002 0.1000 
         166  1 0.1070 0.0915 0.0995 0.0824 0.1087 0.0956 0.1064 0.0988 0.1023 0.1078 
         167  1 0.0901 0.1090 0.1012 0.1045 0.0906 0.1052 0.1042 0.1044 0.0975 0.0932 
         168  1 0.1234 0.0839 0.0991 0.0765 0.1060 0.0957 0.0947 0.0955 0.1101 0.1152 
         169  1 0.0970 0.1087 0.0990 0.0901 0.1075 0.1059 0.1064 0.0994 0.0933 0.0928 
         170  1 0.1010 0.0993 0.0974 0.0875 0.0984 0.0983 0.1021 0.1039 0.1068 0.1054 
         171  1 0.1029 0.0972 0.1019 0.0844 0.1124 0.0978 0.1048 0.1004 0.0960 0.1022 
         172  1 0.1505 0.0689 0.0895 0.0544 0.1196 0.0845 0.0773 0.0875 0.1302 0.1377 
         173  1 0.0943 0.1004 0.1027 0.1171 0.0917 0.0989 0.0990 0.0937 0.1014 0.1008 
         174  1 0.0910 0.0974 0.1037 0.1274 0.0970 0.0933 0.0972 0.0923 0.1060 0.0948 
         175  1 0.1035 0.0998 0.0971 0.0896 0.0996 0.1041 0.0984 0.1034 0.1011 0.1035 
         176  1 0.1067 0.1012 0.0927 0.0791 0.1037 0.1005 0.1048 0.1046 0.1046 0.1020 
         177  1 0.0907 0.1100 0.0928 0.1304 0.0860 0.1079 0.0925 0.1070 0.0956 0.0871 
         178  1 0.1000 0.0953 0.0992 0.0960 0.0982 0.0850 0.1092 0.0869 0.1069 0.1233 
         179  1 0.0976 0.1014 0.1030 0.0855 0.1005 0.1029 0.1049 0.1085 0.0970 0.0987 
         180  1 0.0863 0.1032 0.0945 0.1274 0.0882 0.1013 0.1029 0.0981 0.1013 0.0968 
         181  1 0.0985 0.1077 0.0859 0.0863 0.1030 0.1057 0.1054 0.1032 0.0960 0.1083 
         182  1 0.1033 0.1022 0.0955 0.0838 0.1033 0.1037 0.1065 0.1034 0.0979 0.1005 
         183  1 0.0939 0.1062 0.1035 0.1066 0.0968 0.0937 0.1005 0.0938 0.1013 0.1037 
         184  1 0.0957 0.0946 0.1015 0.1042 0.1017 0.0960 0.1006 0.0957 0.1101 0.0999 
         185  1 0.0988 0.0867 0.1082 0.0882 0.1228 0.0875 0.1104 0.0948 0.0868 0.1158 
         186  1 0.0974 0.1005 0.1003 0.0996 0.1049 0.1026 0.1015 0.1060 0.0950 0.0921 
         187  1 0.0925 0.1048 0.1062 0.0998 0.0980 0.1008 0.1033 0.1055 0.0974 0.0918 
         188  1 0.0946 0.1065 0.0950 0.0912 0.1022 0.1084 0.1001 0.1069 0.0988 0.0964 
         189  1 0.0939 0.1061 0.0966 0.0901 0.0965 0.1154 0.0987 0.1059 0.0964 0.1003 
         190  1 0.0972 0.0970 0.1034 0.0989 0.0998 0.0897 0.1071 0.0916 0.1001 0.1151 
         191  1 0.0929 0.1055 0.0965 0.0948 0.0995 0.1094 0.1020 0.1063 0.0981 0.0949 
         192  1 0.0939 0.1043 0.1031 0.1157 0.0956 0.0932 0.0964 0.0943 0.1040 0.0995 
         193  1 0.1152 0.0899 0.1025 0.0894 0.1046 0.0962 0.0989 0.0989 0.1010 0.1034 
         194  1 0.0968 0.1023 0.1009 0.0854 0.1015 0.0980 0.1098 0.0997 0.0961 0.1094 
         195  1 0.0791 0.1012 0.1090 0.1657 0.0902 0.0777 0.0900 0.0761 0.1163 0.0947 
         196  1 0.0953 0.1033 0.1017 0.0918 0.1073 0.1031 0.1050 0.1017 0.0922 0.0987 
         197  1 0.0943 0.1062 0.0982 0.0965 0.0940 0.1067 0.1035 0.1077 0.0965 0.0965 
         198  1 0.1018 0.1051 0.0905 0.0856 0.0995 0.1128 0.1003 0.1094 0.0936 0.1013 
         199  1 0.0803 0.0968 0.1102 0.1748 0.0851 0.0824 0.0910 0.0796 0.1122 0.0877 
         200  1 0.1123 0.1019 0.0903 0.0867 0.0984 0.1100 0.0864 0.1101 0.1028 0.1009 
         201  1 0.1186 0.0822 0.0942 0.0672 0.1223 0.0899 0.0996 0.0986 0.1124 0.1150 
         202  1 0.0865 0.0994 0.0981 0.1491 0.0908 0.0970 0.0961 0.0921 0.1018 0.0890 
         203  1 0.1018 0.1004 0.0949 0.0826 0.1022 0.1115 0.1011 0.1123 0.0908 0.1022 
         204  1 0.1123 0.0875 0.1011 0.0948 0.1158 0.0868 0.0936 0.0899 0.1112 0.1070 
         205  1 0.0961 0.1055 0.0946 0.0984 0.0957 0.0976 0.1031 0.0961 0.1046 0.1084 
         206  1 0.1065 0.0966 0.1020 0.0934 0.0977 0.0984 0.0984 0.1011 0.1037 0.1021 
         207  1 0.1033 0.0903 0.1014 0.0997 0.1024 0.0945 0.1061 0.0974 0.0999 0.1050 
         208  1 0.1046 0.0965 0.1035 0.0857 0.0984 0.0932 0.1022 0.0966 0.1045 0.1148 
         209  1 0.0972 0.0901 0.1036 0.0924 0.0990 0.0936 0.1112 0.1084 0.0993 0.1053 
         210  1 0.1037 0.0965 0.0971 0.0900 0.1021 0.1018 0.1004 0.1021 0.0988 0.1074 
         211  1 0.0961 0.1043 0.0964 0.0886 0.1073 0.1054 0.1027 0.1128 0.0925 0.0940 
         212  1 0.1157 0.0905 0.0944 0.0792 0.1065 0.1003 0.0969 0.1020 0.1079 0.1067 
         213  1 0.1174 0.0852 0.0970 0.0793 0.1156 0.0869 0.0985 0.0953 0.1113 0.1135 
         214  1 0.0990 0.0890 0.1166 0.0952 0.1161 0.0911 0.1074 0.0988 0.0942 0.0927 
         215  1 0.0956 0.0993 0.0995 0.0900 0.0985 0.0954 0.1057 0.0982 0.1018 0.1159 
         216  1 0.1011 0.1002 0.0997 0.0875 0.1036 0.1052 0.1010 0.1083 0.0942 0.0992 
         217  1 0.1105 0.0992 0.0982 0.0887 0.0969 0.1050 0.0995 0.1072 0.0930 0.1017 
         218  1 0.1019 0.0996 0.0986 0.0815 0.0983 0.0953 0.1124 0.1036 0.1045 0.1044 
         219  1 0.0869 0.1143 0.1038 0.1025 0.0972 0.1027 0.1017 0.1025 0.0933 0.0950 
         220  1 0.1155 0.0932 0.0896 0.0720 0.1167 0.0968 0.0988 0.1035 0.1028 0.1110 
         221  1 0.0989 0.0964 0.1057 0.0831 0.1075 0.1085 0.1031 0.1028 0.0920 0.1020 
         222  1 0.1021 0.0956 0.0943 0.0974 0.1015 0.0996 0.1050 0.1004 0.0983 0.1058 
         223  1 0.1011 0.0980 0.0992 0.0924 0.1045 0.0983 0.1024 0.0970 0.1004 0.1067 
         224  1 0.1035 0.1123 0.0890 0.0749 0.0945 0.1226 0.0997 0.1127 0.0921 0.0986 
         225  1 0.0971 0.0893 0.1039 0.1050 0.0971 0.0874 0.1052 0.0912 0.1046 0.1193 
         226  1 0.0986 0.0960 0.1072 0.0933 0.1038 0.0997 0.0991 0.1042 0.0983 0.0998 
         227  1 0.1065 0.0973 0.0999 0.0801 0.0993 0.1049 0.0992 0.1057 0.0998 0.1073 
         228  1 0.1145 0.0955 0.0998 0.0839 0.1032 0.1020 0.0913 0.0991 0.1041 0.1066 
         229  1 0.0954 0.0992 0.1019 0.0870 0.1038 0.1020 0.1096 0.1054 0.0958 0.0998 
         230  1 0.1034 0.1055 0.0977 0.0870 0.1013 0.1049 0.1034 0.1019 0.0960 0.0989 
         231  1 0.0899 0.1068 0.1052 0.1210 0.0891 0.1043 0.0967 0.1020 0.1006 0.0845 
         232  1 0.0992 0.1095 0.0935 0.0899 0.0935 0.1136 0.0993 0.1137 0.0972 0.0906 
         233  1 0.1366 0.0810 0.0898 0.0687 0.1161 0.0889 0.0847 0.0944 0.1175 0.1223 
         234  1 0.1031 0.0943 0.1004 0.0808 0.1105 0.0989 0.1066 0.1010 0.1031 0.1014 
         235  1 0.0954 0.0952 0.1117 0.1136 0.0970 0.0938 0.0974 0.0962 0.0986 0.1010 
         236  1 0.0886 0.1116 0.0997 0.1163 0.0915 0.1148 0.0950 0.0990 0.0973 0.0862 
         237  1 0.1221 0.0857 0.1009 0.0915 0.1034 0.0928 0.0889 0.0951 0.1114 0.1083 
         238  1 0.0999 0.0957 0.1007 0.0918 0.0969 0.0919 0.1063 0.0941 0.1051 0.1176 
         239  1 0.0986 0.0979 0.1049 0.0921 0.1013 0.0961 0.1040 0.1011 0.1011 0.1029 
         240  1 0.0852 0.0997 0.1085 0.1429 0.0943 0.0891 0.0928 0.0904 0.1061 0.0910 
         241  1 0.1145 0.0986 0.0953 0.0820 0.1057 0.1013 0.0941 0.1034 0.1018 0.1033 
         242  1 0.0947 0.1030 0.0989 0.0898 0.0990 0.1070 0.1000 0.1038 0.0991 0.1047 
         243  1 0.1129 0.1009 0.0967 0.0708 0.1006 0.1117 0.0957 0.1098 0.1002 0.1006 
         244  1 0.0970 0.1025 0.1044 0.1068 0.0990 0.0954 0.1014 0.0975 0.1013 0.0947 
         245  1 0.1031 0.0907 0.1032 0.0815 0.1126 0.0921 0.1092 0.1015 0.0972 0.1088 
         246  1 0.1030 0.1008 0.1015 0.0862 0.1095 0.0990 0.1057 0.1005 0.0896 0.1041 
         247  1 0.0899 0.0897 0.1208 0.1161 0.1029 0.0841 0.1043 0.0806 0.1034 0.1080 
         248  1 0.0920 0.1052 0.0985 0.0932 0.0977 0.1077 0.1046 0.1124 0.0913 0.0973 
         249  1 0.0933 0.0874 0.1034 0.0935 0.1042 0.0842 0.1125 0.0853 0.1105 0.1258 
         250  1 0.0942 0.0932 0.1004 0.0934 0.1056 0.0869 0.1112 0.0913 0.1065 0.1173 
         251  1 0.0861 0.1086 0.0959 0.1165 0.0925 0.1050 0.0968 0.0960 0.1052 0.0974 
         252  1 0.0885 0.1016 0.1036 0.1169 0.0911 0.0949 0.1028 0.0981 0.1023 0.1001 
         253  1 0.0927 0.1043 0.0981 0.1113 0.1009 0.0963 0.1007 0.0941 0.1003 0.1013 
         254  1 0.0929 0.1171 0.0893 0.1042 0.0901 0.1195 0.0956 0.1095 0.0926 0.0892 
         255  1 0.0691 0.1217 0.1010 0.1728 0.0785 0.1016 0.0832 0.0918 0.1061 0.0742 
         256  1 0.0829 0.0993 0.1062 0.1474 0.1087 0.0795 0.0932 0.0745 0.1051 0.1033 
         257  1 0.0724 0.1005 0.1192 0.1719 0.0889 0.0701 0.0874 0.0722 0.1240 0.0933 
         258  1 0.0809 0.1038 0.1039 0.1477 0.0882 0.0960 0.0948 0.0965 0.1040 0.0841 
         259  1 0.0957 0.1012 0.1011 0.1014 0.0966 0.0984 0.1074 0.1032 0.0988 0.0963 
         260  1 0.0882 0.1143 0.0948 0.0946 0.0936 0.1199 0.1000 0.1106 0.0924 0.0915 
         261  1 0.0544 0.0944 0.1257 0.2746 0.0754 0.0489 0.0703 0.0496 0.1368 0.0700 
         262  1 0.1009 0.0905 0.1135 0.1088 0.1112 0.0850 0.1059 0.0894 0.0926 0.1023 
         263  1 0.0954 0.0969 0.0970 0.1023 0.0996 0.0970 0.1055 0.1043 0.0991 0.1030 
         264  1 0.0805 0.1075 0.1107 0.1363 0.0929 0.0901 0.0926 0.0900 0.1099 0.0895 
         265  1 0.0664 0.1002 0.1122 0.2163 0.0804 0.0731 0.0844 0.0662 0.1204 0.0804 
         266  1 0.0975 0.1007 0.0997 0.1066 0.0974 0.1053 0.0997 0.1029 0.0925 0.0976 
         267  1 0.0981 0.0962 0.0952 0.0978 0.1080 0.1037 0.1002 0.1073 0.0906 0.1030 
         268  1 0.0967 0.1002 0.1021 0.1015 0.1057 0.0961 0.1039 0.0972 0.0967 0.0999 
         269  1 0.0863 0.0981 0.1047 0.1509 0.0933 0.0880 0.0951 0.0874 0.1063 0.0898 
         270  1 0.0843 0.1048 0.1033 0.1454 0.0911 0.1007 0.0916 0.0923 0.1021 0.0845 
         271  1 0.0831 0.1048 0.1134 0.1209 0.1029 0.0938 0.0972 0.0896 0.0968 0.0975 
         272  1 0.0883 0.0972 0.1097 0.1445 0.0925 0.0847 0.0886 0.0845 0.1111 0.0987 
         273  1 0.0971 0.0911 0.1079 0.0958 0.1083 0.0930 0.1157 0.0892 0.0965 0.1054 
         274  1 0.0829 0.1036 0.1107 0.1424 0.0949 0.0930 0.0920 0.0899 0.1022 0.0884 
         275  1 0.0860 0.0985 0.1062 0.1594 0.0878 0.0846 0.0865 0.0846 0.1161 0.0901 
         276  1 0.0817 0.1050 0.1073 0.1469 0.0847 0.0924 0.0897 0.0886 0.1130 0.0908 
         277  1 0.1008 0.1011 0.1003 0.1031 0.1018 0.1007 0.0983 0.0990 0.0890 0.1060 
         278  1 0.0949 0.0960 0.0940 0.1115 0.1185 0.0862 0.1074 0.0764 0.0988 0.1163 
         279  1 0.0800 0.0965 0.1239 0.1671 0.0936 0.0750 0.0812 0.0731 0.1204 0.0891 
         280  1 0.0957 0.1125 0.0875 0.0934 0.0950 0.1173 0.0925 0.1116 0.1012 0.0934 
         281  1 0.1123 0.0934 0.0905 0.0876 0.1099 0.0939 0.0969 0.0947 0.1079 0.1129 
         282  1 0.0942 0.1012 0.1038 0.1216 0.0920 0.0996 0.0965 0.0936 0.0991 0.0983 
         283  1 0.0923 0.1018 0.1076 0.1580 0.0851 0.0855 0.0797 0.0829 0.1184 0.0888 
         284  1 0.0967 0.0989 0.1059 0.0997 0.1010 0.0966 0.1063 0.1020 0.0934 0.0995 
         285  1 0.0847 0.1090 0.1014 0.1370 0.0877 0.1002 0.0939 0.0993 0.1022 0.0846 
         286  1 0.0829 0.1032 0.1107 0.1474 0.0888 0.0795 0.0898 0.0799 0.1140 0.1038 
         287  1 0.0838 0.1115 0.1019 0.1316 0.0869 0.1061 0.0958 0.0982 0.1001 0.0842 
         288  1 0.0956 0.0975 0.0990 0.1117 0.1014 0.0971 0.0945 0.0971 0.1093 0.0969 
         289  1 0.0860 0.1014 0.1005 0.1235 0.0972 0.0949 0.1035 0.1004 0.0978 0.0947 
         290  1 0.0944 0.1279 0.0854 0.0911 0.0851 0.1312 0.0901 0.1160 0.0939 0.0848 
         291  1 0.0676 0.1004 0.1142 0.2149 0.0803 0.0705 0.0797 0.0694 0.1217 0.0812 
         292  1 0.0858 0.0915 0.1099 0.1405 0.1065 0.0873 0.1049 0.0858 0.0942 0.0936 
         293  1 0.0595 0.0964 0.1204 0.2408 0.0782 0.0631 0.0759 0.0615 0.1289 0.0753 
         294  1 0.0786 0.1108 0.1040 0.1547 0.0843 0.0982 0.0885 0.0925 0.1033 0.0852 
         295  1 0.0719 0.0989 0.1132 0.1920 0.0866 0.0786 0.0836 0.0754 0.1171 0.0827 
         296  1 0.0984 0.0991 0.1003 0.0882 0.1042 0.1016 0.1077 0.1071 0.0958 0.0975 
         297  1 0.0655 0.0967 0.1216 0.2189 0.0911 0.0656 0.0822 0.0631 0.1196 0.0758 
         298  1 0.0982 0.0924 0.1062 0.0888 0.1084 0.0971 0.1122 0.0994 0.0923 0.1051 
         299  1 0.1030 0.1054 0.0959 0.0863 0.1031 0.1033 0.1011 0.1053 0.0950 0.1016 
         300  1 0.0771 0.0978 0.1115 0.1813 0.0906 0.0798 0.0850 0.0758 0.1154 0.0858 
         301  1 0.0709 0.1128 0.1022 0.1942 0.0771 0.0931 0.0839 0.0797 0.1100 0.0762 
         302  1 0.1049 0.0976 0.0953 0.0882 0.1088 0.0979 0.0964 0.1006 0.1068 0.1036 
         303  1 0.0699 0.0967 0.1160 0.2189 0.0830 0.0652 0.0743 0.0625 0.1304 0.0831 
         304  1 0.1045 0.0988 0.0999 0.1014 0.1016 0.0918 0.0906 0.0974 0.1144 0.0996 
         305  1 0.0986 0.0992 0.1010 0.0943 0.1045 0.1001 0.1039 0.1082 0.0878 0.1023 
         306  1 0.0945 0.1069 0.0935 0.1038 0.0939 0.1047 0.1014 0.1043 0.1019 0.0951 
         307  1 0.0932 0.1022 0.1013 0.1201 0.0982 0.0963 0.0978 0.0961 0.1015 0.0932 
         308  1 0.0972 0.1089 0.0962 0.0887 0.1033 0.1125 0.1005 0.1031 0.0872 0.1024 
         309  1 0.1181 0.0847 0.1005 0.0857 0.1072 0.0892 0.0978 0.0967 0.1096 0.1106 
         310  1 0.0946 0.0933 0.1112 0.0976 0.1073 0.0894 0.1077 0.0924 0.1004 0.1061 
         311  1 0.0903 0.1186 0.0909 0.0848 0.0890 0.1274 0.1019 0.1186 0.0859 0.0927 
         312  1 0.0988 0.1131 0.0882 0.0806 0.0935 0.1214 0.1017 0.1164 0.0894 0.0971 
         313  1 0.1033 0.1066 0.0968 0.0831 0.0972 0.1174 0.0979 0.1128 0.0921 0.0929 
         314  1 0.0964 0.1003 0.1045 0.1143 0.0931 0.0988 0.1004 0.0992 0.0949 0.0982 
         315  1 0.1003 0.0956 0.0936 0.1151 0.1034 0.0964 0.1018 0.0943 0.1003 0.0992 
         316  1 0.1066 0.0981 0.0949 0.0829 0.1049 0.1041 0.1036 0.1101 0.0972 0.0976 
         317  1 0.0915 0.1084 0.0999 0.1010 0.0931 0.1111 0.0989 0.1129 0.0930 0.0902 
         318  1 0.0997 0.0978 0.1049 0.0974 0.1016 0.0979 0.1033 0.1024 0.0948 0.1001 
         319  1 0.1079 0.1103 0.0859 0.0821 0.0980 0.1145 0.1004 0.1139 0.0933 0.0937 
         320  1 0.1002 0.0965 0.0946 0.0962 0.1088 0.1060 0.1069 0.0990 0.0932 0.0988 
         321  1 0.1123 0.0936 0.1048 0.0859 0.0995 0.0988 0.1017 0.1041 0.1011 0.0982 
         322  1 0.0875 0.1246 0.0864 0.0830 0.0862 0.1316 0.0973 0.1303 0.0863 0.0868 
         323  1 0.1162 0.0983 0.1045 0.0816 0.1056 0.0986 0.1010 0.0958 0.0991 0.0992 
         324  1 0.1017 0.0914 0.0938 0.0910 0.1029 0.1032 0.1127 0.0933 0.0963 0.1137 
         325  1 0.0931 0.1138 0.0927 0.0851 0.0894 0.1285 0.0988 0.1187 0.0885 0.0912 
         326  1 0.0930 0.0955 0.1063 0.1147 0.0915 0.0981 0.1007 0.0984 0.1025 0.0994 
         327  1 0.0920 0.0939 0.1018 0.1121 0.0997 0.0979 0.1046 0.1016 0.0987 0.0977 
         328  1 0.0900 0.1013 0.1034 0.1148 0.0944 0.1057 0.1033 0.1016 0.0911 0.0943 
         329  1 0.1004 0.1097 0.0953 0.0911 0.0974 0.1160 0.0954 0.1116 0.0914 0.0917 
         330  1 0.0907 0.1044 0.0999 0.1068 0.0924 0.1049 0.1012 0.1023 0.1033 0.0942 
         331  1 0.0956 0.1020 0.1025 0.0973 0.0993 0.1017 0.0997 0.1070 0.0979 0.0970 
         332  1 0.0978 0.0991 0.1103 0.0983 0.0949 0.0972 0.1005 0.1018 0.0994 0.1006 
         333  1 0.0938 0.1134 0.0929 0.0989 0.0881 0.1225 0.0987 0.1092 0.0906 0.0919 
         334  1 0.0997 0.1058 0.0959 0.0873 0.0958 0.1073 0.1035 0.1060 0.0943 0.1043 
         335  1 0.0900 0.1198 0.0940 0.0900 0.0924 0.1216 0.0972 0.1146 0.0879 0.0925 
         336  1 0.1050 0.1033 0.0926 0.0883 0.1014 0.1028 0.1044 0.1031 0.0979 0.1012 
         337  1 0.1001 0.1032 0.0924 0.0873 0.0984 0.0966 0.1042 0.1018 0.1015 0.1145 
         338  1 0.0936 0.1028 0.0983 0.1044 0.0942 0.1063 0.1008 0.1068 0.1020 0.0908 
         339  1 0.1121 0.0978 0.1069 0.0864 0.1042 0.1016 0.0993 0.0996 0.0964 0.0955 
         340  1 0.0976 0.0885 0.1178 0.0967 0.1080 0.0869 0.1028 0.0916 0.1012 0.1089 
         341  1 0.0977 0.1094 0.1045 0.0854 0.0982 0.1061 0.1045 0.1057 0.0919 0.0966 
         342  1 0.0965 0.1120 0.0861 0.0780 0.0978 0.1279 0.0970 0.1176 0.0929 0.0943 
         343  1 0.0978 0.0983 0.1066 0.1153 0.0940 0.0949 0.0988 0.0975 0.1019 0.0949 
         344  1 0.0881 0.1050 0.1046 0.1357 0.0952 0.0938 0.0977 0.0891 0.0966 0.0942 
         345  1 0.1060 0.0983 0.1042 0.0922 0.0982 0.0978 0.1049 0.0962 0.0985 0.1037 
         346  1 0.1131 0.0921 0.1032 0.0857 0.1049 0.0974 0.1020 0.0983 0.1002 0.1030 
         347  1 0.1088 0.1001 0.0989 0.0811 0.0952 0.1022 0.0934 0.1006 0.1047 0.1150 
