           1  1 0.1312 0.1100 0.1144 0.1337 0.1384 0.1122 0.1423 0.1178 
           2  1 0.1253 0.1268 0.1290 0.1264 0.1238 0.1231 0.1218 0.1236 
           3  1 0.1173 0.1340 0.1393 0.1204 0.1253 0.1301 0.1186 0.1149 
           4  1 0.1239 0.1248 0.1245 0.1208 0.1152 0.1236 0.1241 0.1430 
           5  1 0.1264 0.1320 0.1281 0.1229 0.1296 0.1393 0.1166 0.1052 
           6  1 0.1180 0.1271 0.1218 0.1308 0.1185 0.1237 0.1220 0.1382 
           7  1 0.1370 0.1194 0.1179 0.1344 0.1295 0.1197 0.1239 0.1181 
           8  1 0.1295 0.1278 0.1198 0.1290 0.1369 0.1286 0.1270 0.1014 
           9  1 0.1292 0.1213 0.1210 0.1286 0.1317 0.1199 0.1357 0.1126 
          10  1 0.1226 0.1192 0.1199 0.1286 0.1330 0.1346 0.1333 0.1088 
          11  1 0.1156 0.1337 0.1331 0.1280 0.1255 0.1353 0.1213 0.1075 
          12  1 0.1318 0.1251 0.1257 0.1263 0.1266 0.1282 0.1261 0.1101 
          13  1 0.1308 0.1373 0.1250 0.1258 0.1260 0.1350 0.1134 0.1067 
          14  1 0.1251 0.1242 0.1227 0.1235 0.1201 0.1194 0.1280 0.1370 
          15  1 0.1294 0.1200 0.1178 0.1299 0.1362 0.1218 0.1303 0.1145 
          16  1 0.1303 0.1251 0.1169 0.1262 0.1361 0.1183 0.1344 0.1127 
          17  1 0.1044 0.1398 0.1414 0.1119 0.1156 0.1369 0.1123 0.1377 
          18  1 0.1263 0.1242 0.1291 0.1273 0.1283 0.1274 0.1216 0.1158 
          19  1 0.1237 0.1229 0.1247 0.1314 0.1311 0.1228 0.1294 0.1140 
          20  1 0.1312 0.1173 0.1283 0.1297 0.1259 0.1213 0.1332 0.1129 
          21  1 0.1365 0.1113 0.1157 0.1338 0.1336 0.1145 0.1381 0.1165 
          22  1 0.1281 0.1095 0.1160 0.1356 0.1334 0.1122 0.1415 0.1237 
          23  1 0.1263 0.1259 0.1268 0.1217 0.1218 0.1240 0.1272 0.1265 
          24  1 0.1233 0.1298 0.1283 0.1187 0.1230 0.1272 0.1196 0.1300 
          25  1 0.1231 0.1213 0.1220 0.1241 0.1210 0.1161 0.1317 0.1406 
          26  1 0.1151 0.1360 0.1407 0.1258 0.1242 0.1350 0.1127 0.1103 
          27  1 0.1316 0.1267 0.1252 0.1247 0.1301 0.1256 0.1210 0.1150 
          28  1 0.1283 0.1130 0.1136 0.1321 0.1283 0.1127 0.1426 0.1294 
          29  1 0.1128 0.1394 0.1509 0.1165 0.1197 0.1392 0.1150 0.1066 
          30  1 0.1249 0.1228 0.1217 0.1270 0.1352 0.1245 0.1262 0.1177 
          31  1 0.1249 0.1314 0.1276 0.1210 0.1264 0.1255 0.1201 0.1231 
          32  1 0.1324 0.1237 0.1238 0.1283 0.1256 0.1231 0.1243 0.1188 
          33  1 0.1312 0.1163 0.1198 0.1341 0.1333 0.1193 0.1306 0.1154 
          34  1 0.1225 0.1277 0.1301 0.1268 0.1292 0.1236 0.1251 0.1150 
          35  1 0.1247 0.1194 0.1210 0.1318 0.1337 0.1228 0.1315 0.1152 
          36  1 0.1272 0.1162 0.1179 0.1312 0.1370 0.1237 0.1301 0.1167 
          37  1 0.1123 0.1415 0.1554 0.1136 0.1204 0.1494 0.1039 0.1035 
          38  1 0.1172 0.1388 0.1469 0.1170 0.1247 0.1416 0.1157 0.0981 
          39  1 0.1402 0.0988 0.1018 0.1376 0.1391 0.1011 0.1535 0.1278 
          40  1 0.1427 0.0932 0.0954 0.1379 0.1411 0.0964 0.1624 0.1309 
          41  1 0.1295 0.1193 0.1249 0.1254 0.1288 0.1206 0.1331 0.1182 
          42  1 0.1330 0.1282 0.1222 0.1271 0.1273 0.1322 0.1185 0.1116 
          43  1 0.1184 0.1285 0.1341 0.1317 0.1207 0.1308 0.1180 0.1178 
          44  1 0.1233 0.1198 0.1200 0.1285 0.1325 0.1339 0.1255 0.1166 
          45  1 0.1250 0.1275 0.1278 0.1319 0.1234 0.1300 0.1204 0.1139 
          46  1 0.1315 0.1232 0.1194 0.1416 0.1282 0.1269 0.1191 0.1101 
          47  1 0.1374 0.1179 0.1172 0.1426 0.1313 0.1234 0.1179 0.1123 
          48  1 0.1228 0.1252 0.1288 0.1171 0.1270 0.1352 0.1225 0.1214 
          49  1 0.1073 0.1527 0.1579 0.1106 0.1204 0.1449 0.1061 0.1000 
          50  1 0.1216 0.1338 0.1408 0.1195 0.1228 0.1361 0.1193 0.1061 
          51  1 0.1189 0.1381 0.1470 0.1145 0.1205 0.1399 0.1175 0.1036 
          52  1 0.1270 0.1388 0.1247 0.1245 0.1250 0.1277 0.1233 0.1089 
          53  1 0.1243 0.1210 0.1270 0.1282 0.1291 0.1191 0.1345 0.1167 
          54  1 0.1311 0.1215 0.1188 0.1342 0.1300 0.1236 0.1252 0.1156 
          55  1 0.1314 0.1232 0.1186 0.1425 0.1265 0.1214 0.1201 0.1163 
          56  1 0.1241 0.1325 0.1289 0.1263 0.1270 0.1273 0.1184 0.1155 
          57  1 0.1245 0.1128 0.1122 0.1362 0.1382 0.1140 0.1465 0.1156 
          58  1 0.1160 0.1338 0.1346 0.1209 0.1241 0.1327 0.1216 0.1163 
          59  1 0.1207 0.1375 0.1375 0.1257 0.1138 0.1359 0.1111 0.1179 
          60  1 0.1343 0.1003 0.1010 0.1403 0.1388 0.1008 0.1603 0.1243 
          61  1 0.1281 0.1136 0.1179 0.1377 0.1354 0.1174 0.1370 0.1130 
          62  1 0.1341 0.1173 0.1142 0.1298 0.1278 0.1208 0.1281 0.1280 
          63  1 0.1310 0.1366 0.1243 0.1247 0.1306 0.1314 0.1163 0.1051 
          64  1 0.1281 0.1121 0.1153 0.1363 0.1363 0.1102 0.1417 0.1200 
          65  1 0.1285 0.1193 0.1204 0.1350 0.1320 0.1223 0.1260 0.1165 
          66  1 0.1367 0.1282 0.1197 0.1223 0.1299 0.1236 0.1248 0.1149 
          67  1 0.1360 0.1324 0.1153 0.1272 0.1315 0.1263 0.1270 0.1043 
          68  1 0.1295 0.1190 0.1161 0.1278 0.1210 0.1246 0.1271 0.1349 
          69  1 0.1347 0.1200 0.1217 0.1338 0.1275 0.1236 0.1279 0.1108 
          70  1 0.1253 0.1284 0.1241 0.1283 0.1247 0.1261 0.1206 0.1224 
          71  1 0.1165 0.1174 0.1227 0.1263 0.1341 0.1176 0.1363 0.1289 
          72  1 0.1208 0.1312 0.1363 0.1200 0.1248 0.1326 0.1178 0.1164 
          73  1 0.1092 0.1388 0.1514 0.1202 0.1238 0.1364 0.1151 0.1050 
          74  1 0.1308 0.1177 0.1185 0.1274 0.1328 0.1170 0.1411 0.1146 
          75  1 0.1173 0.1289 0.1347 0.1224 0.1303 0.1271 0.1196 0.1197 
          76  1 0.1320 0.1080 0.1139 0.1405 0.1402 0.1129 0.1382 0.1142 
          77  1 0.1257 0.1159 0.1209 0.1311 0.1340 0.1275 0.1302 0.1147 
          78  1 0.1273 0.1265 0.1221 0.1237 0.1308 0.1307 0.1218 0.1171 
          79  1 0.1406 0.0985 0.1023 0.1439 0.1374 0.1007 0.1497 0.1268 
          80  1 0.1237 0.1252 0.1312 0.1220 0.1239 0.1225 0.1200 0.1314 
          81  1 0.1293 0.1279 0.1299 0.1243 0.1228 0.1272 0.1253 0.1133 
          82  1 0.1207 0.1305 0.1347 0.1285 0.1260 0.1308 0.1172 0.1117 
          83  1 0.1226 0.1245 0.1248 0.1301 0.1289 0.1274 0.1265 0.1153 
          84  1 0.1290 0.1256 0.1172 0.1238 0.1307 0.1194 0.1312 0.1231 
          85  1 0.1164 0.1353 0.1385 0.1190 0.1307 0.1344 0.1162 0.1095 
          86  1 0.1159 0.1276 0.1247 0.1233 0.1225 0.1222 0.1273 0.1366 
          87  1 0.1072 0.1368 0.1458 0.1133 0.1151 0.1356 0.1162 0.1300 
          88  1 0.1396 0.1126 0.1078 0.1533 0.1293 0.1214 0.1224 0.1135 
          89  1 0.1259 0.1390 0.1339 0.1187 0.1270 0.1299 0.1237 0.1018 
          90  1 0.1262 0.1128 0.1164 0.1304 0.1310 0.1213 0.1366 0.1252 
          91  1 0.1292 0.1189 0.1218 0.1337 0.1298 0.1281 0.1246 0.1140 
          92  1 0.1205 0.1161 0.1201 0.1359 0.1374 0.1222 0.1352 0.1127 
          93  1 0.1294 0.1218 0.1209 0.1305 0.1324 0.1231 0.1270 0.1150 
          94  1 0.1319 0.1085 0.1111 0.1318 0.1410 0.1176 0.1415 0.1167 
          95  1 0.1393 0.1233 0.1199 0.1265 0.1307 0.1285 0.1208 0.1110 
          96  1 0.1308 0.1288 0.1276 0.1268 0.1297 0.1317 0.1183 0.1063 
          97  1 0.1241 0.1235 0.1267 0.1169 0.1191 0.1221 0.1255 0.1422 
          98  1 0.1322 0.1247 0.1260 0.1267 0.1298 0.1283 0.1233 0.1091 
          99  1 0.1267 0.1303 0.1280 0.1208 0.1318 0.1273 0.1174 0.1177 
         100  1 0.1336 0.1245 0.1170 0.1294 0.1240 0.1227 0.1219 0.1269 
         101  1 0.1272 0.1275 0.1209 0.1207 0.1223 0.1288 0.1238 0.1288 
         102  1 0.1197 0.1241 0.1230 0.1186 0.1165 0.1230 0.1242 0.1508 
         103  1 0.1314 0.1183 0.1173 0.1293 0.1260 0.1267 0.1274 0.1237 
         104  1 0.1286 0.1158 0.1173 0.1356 0.1258 0.1200 0.1305 0.1263 
         105  1 0.1235 0.1294 0.1348 0.1221 0.1300 0.1402 0.1138 0.1062 
         106  1 0.1221 0.1306 0.1319 0.1229 0.1289 0.1397 0.1166 0.1073 
         107  1 0.1269 0.1288 0.1223 0.1249 0.1250 0.1288 0.1227 0.1206 
         108  1 0.1243 0.1162 0.1182 0.1380 0.1260 0.1224 0.1217 0.1333 
         109  1 0.1256 0.1226 0.1246 0.1272 0.1326 0.1295 0.1213 0.1166 
         110  1 0.1335 0.1176 0.1228 0.1291 0.1270 0.1198 0.1312 0.1191 
         111  1 0.1194 0.1347 0.1338 0.1243 0.1165 0.1310 0.1170 0.1233 
         112  1 0.1193 0.1277 0.1360 0.1268 0.1253 0.1275 0.1194 0.1179 
         113  1 0.1336 0.1115 0.1138 0.1356 0.1365 0.1115 0.1399 0.1175 
         114  1 0.1321 0.1179 0.1233 0.1313 0.1328 0.1259 0.1223 0.1145 
         115  1 0.1336 0.1182 0.1151 0.1391 0.1229 0.1246 0.1235 0.1231 
         116  1 0.1214 0.1219 0.1213 0.1325 0.1232 0.1230 0.1228 0.1338 
         117  1 0.1262 0.1288 0.1223 0.1199 0.1268 0.1225 0.1262 0.1273 
         118  1 0.1249 0.1300 0.1297 0.1242 0.1264 0.1321 0.1203 0.1124 
         119  1 0.1207 0.1339 0.1355 0.1234 0.1208 0.1352 0.1143 0.1162 
         120  1 0.1172 0.1322 0.1344 0.1187 0.1201 0.1397 0.1183 0.1194 
         121  1 0.1255 0.1314 0.1322 0.1260 0.1313 0.1308 0.1168 0.1060 
         122  1 0.1314 0.1102 0.1112 0.1326 0.1390 0.1125 0.1435 0.1196 
         123  1 0.1230 0.1175 0.1256 0.1366 0.1299 0.1189 0.1330 0.1155 
         124  1 0.1420 0.1029 0.1038 0.1358 0.1295 0.1026 0.1520 0.1314 
         125  1 0.1337 0.1234 0.1256 0.1321 0.1200 0.1203 0.1251 0.1199 
         126  1 0.1371 0.1038 0.1070 0.1404 0.1382 0.1088 0.1395 0.1252 
         127  1 0.1332 0.1272 0.1160 0.1238 0.1364 0.1261 0.1328 0.1044 
         128  1 0.1139 0.1350 0.1441 0.1181 0.1256 0.1341 0.1158 0.1134 
         129  1 0.1276 0.1216 0.1240 0.1269 0.1281 0.1241 0.1305 0.1172 
         130  1 0.1333 0.1174 0.1182 0.1331 0.1316 0.1214 0.1269 0.1181 
         131  1 0.1154 0.1236 0.1172 0.1139 0.1109 0.1189 0.1261 0.1740 
         132  1 0.1166 0.1301 0.1376 0.1256 0.1224 0.1346 0.1181 0.1151 
         133  1 0.1342 0.1125 0.1105 0.1423 0.1317 0.1132 0.1354 0.1201 
         134  1 0.1325 0.1149 0.1205 0.1320 0.1315 0.1196 0.1290 0.1199 
         135  1 0.1088 0.1496 0.1637 0.1061 0.1121 0.1510 0.1069 0.1018 
         136  1 0.1317 0.1151 0.1086 0.1285 0.1259 0.1208 0.1306 0.1388 
         137  1 0.1336 0.1147 0.1116 0.1297 0.1415 0.1194 0.1325 0.1170 
         138  1 0.1240 0.1215 0.1185 0.1231 0.1227 0.1232 0.1254 0.1416 
         139  1 0.1184 0.1272 0.1320 0.1202 0.1343 0.1348 0.1252 0.1079 
         140  1 0.1365 0.1112 0.1090 0.1405 0.1326 0.1150 0.1322 0.1229 
         141  1 0.1279 0.1218 0.1150 0.1312 0.1279 0.1286 0.1242 0.1234 
         142  1 0.1220 0.1214 0.1246 0.1168 0.1236 0.1275 0.1294 0.1346 
         143  1 0.1230 0.1328 0.1376 0.1242 0.1243 0.1355 0.1161 0.1066 
         144  1 0.1135 0.1381 0.1384 0.1156 0.1145 0.1315 0.1196 0.1289 
         145  1 0.1392 0.1208 0.1120 0.1374 0.1323 0.1247 0.1224 0.1111 
         146  1 0.1328 0.1112 0.1114 0.1352 0.1326 0.1099 0.1452 0.1216 
         147  1 0.1212 0.1264 0.1322 0.1245 0.1317 0.1313 0.1183 0.1142 
         148  1 0.1153 0.1417 0.1508 0.1181 0.1182 0.1446 0.1123 0.0990 
         149  1 0.1280 0.1295 0.1270 0.1277 0.1259 0.1334 0.1219 0.1065 
         150  1 0.1158 0.1360 0.1382 0.1173 0.1259 0.1329 0.1196 0.1144 
         151  1 0.1133 0.1405 0.1514 0.1139 0.1163 0.1403 0.1116 0.1126 
         152  1 0.1204 0.1292 0.1339 0.1263 0.1242 0.1273 0.1171 0.1216 
         153  1 0.1130 0.1401 0.1455 0.1142 0.1185 0.1394 0.1137 0.1155 
         154  1 0.1202 0.1311 0.1427 0.1228 0.1206 0.1365 0.1141 0.1119 
         155  1 0.1236 0.1180 0.1206 0.1219 0.1293 0.1196 0.1313 0.1356 
         156  1 0.1373 0.1094 0.1070 0.1357 0.1350 0.1229 0.1354 0.1174 
         157  1 0.1396 0.1087 0.1091 0.1302 0.1309 0.1095 0.1356 0.1365 
         158  1 0.1265 0.1222 0.1232 0.1272 0.1233 0.1218 0.1309 0.1248 
         159  1 0.1339 0.1282 0.1166 0.1290 0.1310 0.1300 0.1208 0.1104 
         160  1 0.1295 0.1186 0.1265 0.1346 0.1304 0.1191 0.1274 0.1141 
         161  1 0.1291 0.1241 0.1273 0.1232 0.1273 0.1274 0.1293 0.1123 
         162  1 0.1137 0.1344 0.1468 0.1132 0.1165 0.1411 0.1216 0.1127 
         163  1 0.1218 0.1194 0.1240 0.1298 0.1322 0.1197 0.1335 0.1196 
         164  1 0.1194 0.1322 0.1381 0.1249 0.1287 0.1324 0.1160 0.1084 
         165  1 0.1236 0.1268 0.1340 0.1250 0.1180 0.1282 0.1244 0.1200 
         166  1 0.1288 0.1252 0.1228 0.1319 0.1293 0.1273 0.1222 0.1125 
         167  1 0.1281 0.1181 0.1198 0.1209 0.1293 0.1228 0.1285 0.1326 
         168  1 0.1373 0.1075 0.1121 0.1306 0.1333 0.1080 0.1463 0.1249 
         169  1 0.1248 0.1314 0.1327 0.1277 0.1204 0.1328 0.1155 0.1145 
         170  1 0.1316 0.1218 0.1202 0.1229 0.1335 0.1261 0.1269 0.1170 
         171  1 0.1307 0.1259 0.1279 0.1277 0.1262 0.1256 0.1185 0.1176 
         172  1 0.1421 0.0957 0.0940 0.1389 0.1395 0.0962 0.1655 0.1282 
         173  1 0.1243 0.1167 0.1198 0.1234 0.1258 0.1223 0.1295 0.1381 
         174  1 0.1261 0.1206 0.1191 0.1224 0.1218 0.1172 0.1280 0.1448 
         175  1 0.1280 0.1184 0.1215 0.1276 0.1298 0.1217 0.1320 0.1210 
         176  1 0.1314 0.1242 0.1264 0.1229 0.1321 0.1273 0.1209 0.1148 
         177  1 0.1042 0.1422 0.1436 0.1100 0.1129 0.1359 0.1152 0.1360 
         178  1 0.1349 0.1271 0.1153 0.1278 0.1291 0.1282 0.1211 0.1165 
         179  1 0.1236 0.1259 0.1299 0.1287 0.1306 0.1289 0.1206 0.1117 
         180  1 0.1180 0.1291 0.1249 0.1163 0.1181 0.1302 0.1204 0.1430 
         181  1 0.1246 0.1496 0.1318 0.1191 0.1215 0.1396 0.1085 0.1053 
         182  1 0.1292 0.1215 0.1228 0.1220 0.1288 0.1266 0.1290 0.1200 
         183  1 0.1261 0.1252 0.1176 0.1226 0.1280 0.1216 0.1277 0.1312 
         184  1 0.1318 0.1156 0.1155 0.1243 0.1263 0.1164 0.1338 0.1362 
         185  1 0.1341 0.1250 0.1286 0.1356 0.1205 0.1287 0.1174 0.1101 
         186  1 0.1280 0.1163 0.1158 0.1272 0.1319 0.1267 0.1363 0.1177 
         187  1 0.1272 0.1208 0.1237 0.1223 0.1299 0.1266 0.1278 0.1216 
         188  1 0.1226 0.1329 0.1331 0.1220 0.1239 0.1304 0.1184 0.1167 
         189  1 0.1243 0.1274 0.1323 0.1224 0.1269 0.1315 0.1211 0.1139 
         190  1 0.1321 0.1266 0.1185 0.1309 0.1288 0.1239 0.1213 0.1178 
         191  1 0.1268 0.1268 0.1267 0.1224 0.1266 0.1286 0.1222 0.1200 
         192  1 0.1262 0.1214 0.1201 0.1186 0.1272 0.1226 0.1251 0.1388 
         193  1 0.1307 0.1145 0.1151 0.1338 0.1381 0.1203 0.1333 0.1143 
         194  1 0.1313 0.1240 0.1267 0.1307 0.1286 0.1302 0.1190 0.1096 
         195  1 0.1245 0.1242 0.1086 0.1166 0.1117 0.1142 0.1263 0.1739 
         196  1 0.1262 0.1286 0.1288 0.1261 0.1249 0.1288 0.1199 0.1167 
         197  1 0.1178 0.1304 0.1338 0.1268 0.1200 0.1341 0.1168 0.1205 
         198  1 0.1215 0.1342 0.1393 0.1199 0.1228 0.1331 0.1163 0.1129 
         199  1 0.1154 0.1202 0.1149 0.1179 0.1108 0.1149 0.1295 0.1764 
         200  1 0.1195 0.1251 0.1300 0.1295 0.1219 0.1298 0.1289 0.1154 
         201  1 0.1418 0.1072 0.1086 0.1353 0.1320 0.1074 0.1433 0.1243 
         202  1 0.1114 0.1334 0.1341 0.1134 0.1115 0.1283 0.1177 0.1502 
         203  1 0.1193 0.1350 0.1400 0.1168 0.1243 0.1327 0.1189 0.1131 
         204  1 0.1343 0.1116 0.1109 0.1356 0.1268 0.1063 0.1391 0.1353 
         205  1 0.1248 0.1330 0.1261 0.1212 0.1247 0.1328 0.1190 0.1184 
         206  1 0.1263 0.1152 0.1215 0.1263 0.1325 0.1198 0.1333 0.1251 
         207  1 0.1351 0.1185 0.1143 0.1270 0.1363 0.1229 0.1296 0.1164 
         208  1 0.1320 0.1229 0.1161 0.1310 0.1328 0.1254 0.1241 0.1158 
         209  1 0.1352 0.1123 0.1158 0.1300 0.1389 0.1291 0.1308 0.1080 
         210  1 0.1266 0.1252 0.1277 0.1227 0.1278 0.1237 0.1238 0.1225 
         211  1 0.1206 0.1333 0.1422 0.1239 0.1178 0.1307 0.1148 0.1166 
         212  1 0.1304 0.1132 0.1152 0.1315 0.1351 0.1173 0.1385 0.1189 
         213  1 0.1383 0.1121 0.1090 0.1335 0.1349 0.1107 0.1382 0.1232 
         214  1 0.1309 0.1209 0.1207 0.1364 0.1227 0.1235 0.1232 0.1216 
         215  1 0.1336 0.1277 0.1205 0.1272 0.1301 0.1280 0.1247 0.1081 
         216  1 0.1248 0.1252 0.1271 0.1275 0.1298 0.1268 0.1215 0.1173 
         217  1 0.1210 0.1393 0.1331 0.1231 0.1256 0.1322 0.1167 0.1090 
         218  1 0.1287 0.1259 0.1219 0.1292 0.1352 0.1289 0.1259 0.1043 
         219  1 0.1145 0.1380 0.1348 0.1154 0.1206 0.1280 0.1191 0.1296 
         220  1 0.1317 0.1215 0.1226 0.1266 0.1298 0.1246 0.1312 0.1120 
         221  1 0.1308 0.1265 0.1240 0.1304 0.1289 0.1299 0.1210 0.1085 
         222  1 0.1262 0.1334 0.1249 0.1225 0.1252 0.1334 0.1226 0.1118 
         223  1 0.1306 0.1262 0.1212 0.1242 0.1334 0.1234 0.1238 0.1172 
         224  1 0.1199 0.1346 0.1422 0.1189 0.1223 0.1348 0.1190 0.1083 
         225  1 0.1409 0.1106 0.1059 0.1297 0.1370 0.1247 0.1332 0.1178 
         226  1 0.1285 0.1233 0.1223 0.1306 0.1301 0.1270 0.1204 0.1178 
         227  1 0.1262 0.1232 0.1281 0.1280 0.1298 0.1253 0.1250 0.1143 
         228  1 0.1318 0.1168 0.1179 0.1278 0.1290 0.1145 0.1378 0.1244 
         229  1 0.1269 0.1296 0.1312 0.1272 0.1238 0.1320 0.1130 0.1163 
         230  1 0.1231 0.1301 0.1284 0.1254 0.1290 0.1281 0.1217 0.1143 
         231  1 0.1171 0.1268 0.1296 0.1164 0.1185 0.1249 0.1241 0.1427 
         232  1 0.1126 0.1407 0.1420 0.1188 0.1218 0.1374 0.1138 0.1129 
         233  1 0.1396 0.1068 0.1071 0.1353 0.1328 0.1036 0.1540 0.1208 
         234  1 0.1345 0.1212 0.1208 0.1263 0.1322 0.1218 0.1271 0.1160 
         235  1 0.1275 0.1183 0.1164 0.1268 0.1300 0.1216 0.1304 0.1291 
         236  1 0.1136 0.1358 0.1431 0.1151 0.1129 0.1321 0.1163 0.1311 
         237  1 0.1328 0.1090 0.1135 0.1314 0.1284 0.1100 0.1387 0.1363 
         238  1 0.1330 0.1233 0.1158 0.1324 0.1288 0.1266 0.1241 0.1161 
         239  1 0.1303 0.1225 0.1209 0.1305 0.1309 0.1227 0.1243 0.1179 
         240  1 0.1261 0.1187 0.1146 0.1181 0.1206 0.1162 0.1306 0.1550 
         241  1 0.1279 0.1195 0.1215 0.1254 0.1337 0.1165 0.1364 0.1191 
         242  1 0.1252 0.1324 0.1312 0.1278 0.1273 0.1330 0.1137 0.1095 
         243  1 0.1193 0.1261 0.1370 0.1280 0.1269 0.1284 0.1233 0.1110 
         244  1 0.1259 0.1188 0.1186 0.1246 0.1273 0.1202 0.1275 0.1371 
         245  1 0.1395 0.1185 0.1212 0.1353 0.1288 0.1245 0.1204 0.1119 
         246  1 0.1298 0.1252 0.1306 0.1289 0.1271 0.1276 0.1191 0.1116 
         247  1 0.1368 0.1140 0.1075 0.1421 0.1217 0.1210 0.1254 0.1316 
         248  1 0.1206 0.1287 0.1336 0.1194 0.1278 0.1355 0.1203 0.1142 
         249  1 0.1435 0.1243 0.1072 0.1310 0.1322 0.1270 0.1233 0.1117 
         250  1 0.1402 0.1261 0.1098 0.1273 0.1355 0.1221 0.1238 0.1153 
         251  1 0.1256 0.1346 0.1276 0.1168 0.1180 0.1297 0.1168 0.1310 
         252  1 0.1257 0.1225 0.1208 0.1247 0.1228 0.1247 0.1223 0.1365 
         253  1 0.1274 0.1289 0.1255 0.1208 0.1202 0.1262 0.1201 0.1309 
         254  1 0.1141 0.1419 0.1391 0.1122 0.1186 0.1400 0.1141 0.1200 
         255  1 0.1019 0.1394 0.1381 0.1017 0.1009 0.1333 0.1167 0.1680 
         256  1 0.1268 0.1249 0.1070 0.1173 0.1174 0.1121 0.1271 0.1673 
         257  1 0.1250 0.1173 0.1053 0.1138 0.1093 0.1047 0.1301 0.1946 
         258  1 0.1106 0.1375 0.1320 0.1131 0.1097 0.1298 0.1155 0.1518 
         259  1 0.1311 0.1172 0.1202 0.1252 0.1265 0.1199 0.1318 0.1280 
         260  1 0.1167 0.1388 0.1414 0.1190 0.1196 0.1360 0.1107 0.1178 
         261  1 0.1132 0.1145 0.0937 0.1044 0.0912 0.0962 0.1390 0.2478 
         262  1 0.1339 0.1137 0.1146 0.1373 0.1221 0.1191 0.1282 0.1312 
         263  1 0.1328 0.1169 0.1181 0.1265 0.1324 0.1241 0.1250 0.1243 
         264  1 0.1188 0.1235 0.1208 0.1208 0.1137 0.1160 0.1260 0.1605 
         265  1 0.1107 0.1271 0.1100 0.1079 0.1013 0.1147 0.1292 0.1991 
         266  1 0.1264 0.1254 0.1302 0.1194 0.1204 0.1274 0.1220 0.1289 
         267  1 0.1173 0.1319 0.1344 0.1253 0.1200 0.1323 0.1164 0.1225 
         268  1 0.1274 0.1269 0.1236 0.1291 0.1219 0.1237 0.1204 0.1269 
         269  1 0.1200 0.1215 0.1163 0.1197 0.1126 0.1147 0.1271 0.1682 
         270  1 0.1145 0.1308 0.1240 0.1134 0.1100 0.1221 0.1231 0.1621 
         271  1 0.1235 0.1230 0.1243 0.1232 0.1151 0.1223 0.1224 0.1461 
         272  1 0.1239 0.1179 0.1177 0.1201 0.1152 0.1168 0.1305 0.1580 
         273  1 0.1357 0.1129 0.1135 0.1431 0.1274 0.1243 0.1293 0.1139 
         274  1 0.1172 0.1262 0.1253 0.1180 0.1129 0.1210 0.1218 0.1575 
         275  1 0.1181 0.1173 0.1162 0.1152 0.1135 0.1109 0.1354 0.1734 
         276  1 0.1248 0.1204 0.1162 0.1142 0.1166 0.1143 0.1330 0.1605 
         277  1 0.1201 0.1297 0.1357 0.1192 0.1172 0.1336 0.1188 0.1258 
         278  1 0.1360 0.1330 0.1105 0.1175 0.1255 0.1209 0.1244 0.1322 
         279  1 0.1209 0.1155 0.1059 0.1254 0.1115 0.1043 0.1341 0.1824 
         280  1 0.1186 0.1319 0.1388 0.1155 0.1178 0.1312 0.1241 0.1221 
         281  1 0.1290 0.1184 0.1222 0.1305 0.1279 0.1177 0.1338 0.1205 
         282  1 0.1201 0.1290 0.1231 0.1241 0.1227 0.1287 0.1229 0.1294 
         283  1 0.1125 0.1232 0.1167 0.1132 0.1102 0.1139 0.1352 0.1752 
         284  1 0.1309 0.1202 0.1229 0.1296 0.1275 0.1270 0.1274 0.1145 
         285  1 0.1150 0.1303 0.1293 0.1147 0.1129 0.1282 0.1218 0.1478 
         286  1 0.1269 0.1179 0.1100 0.1192 0.1181 0.1132 0.1282 0.1665 
         287  1 0.1153 0.1331 0.1325 0.1118 0.1119 0.1261 0.1234 0.1458 
         288  1 0.1205 0.1279 0.1249 0.1254 0.1177 0.1222 0.1257 0.1358 
         289  1 0.1242 0.1238 0.1231 0.1206 0.1184 0.1227 0.1217 0.1455 
         290  1 0.1106 0.1352 0.1514 0.1125 0.1142 0.1410 0.1177 0.1174 
         291  1 0.1140 0.1209 0.1103 0.1091 0.0995 0.1093 0.1299 0.2071 
         292  1 0.1254 0.1226 0.1217 0.1248 0.1148 0.1183 0.1229 0.1495 
         293  1 0.1098 0.1205 0.1024 0.1085 0.0975 0.1046 0.1347 0.2221 
         294  1 0.1073 0.1342 0.1313 0.1123 0.1076 0.1264 0.1199 0.1611 
         295  1 0.1152 0.1202 0.1113 0.1144 0.1063 0.1090 0.1290 0.1946 
         296  1 0.1244 0.1239 0.1309 0.1291 0.1235 0.1256 0.1223 0.1202 
         297  1 0.1139 0.1244 0.1085 0.1125 0.0978 0.1077 0.1296 0.2055 
         298  1 0.1350 0.1244 0.1210 0.1329 0.1278 0.1295 0.1214 0.1080 
         299  1 0.1235 0.1243 0.1302 0.1263 0.1257 0.1269 0.1257 0.1173 
         300  1 0.1149 0.1248 0.1146 0.1172 0.1067 0.1152 0.1239 0.1828 
         301  1 0.1022 0.1367 0.1312 0.1041 0.0991 0.1295 0.1208 0.1763 
         302  1 0.1285 0.1158 0.1203 0.1267 0.1241 0.1176 0.1361 0.1310 
         303  1 0.1144 0.1174 0.1029 0.1082 0.0999 0.1013 0.1395 0.2163 
         304  1 0.1311 0.1209 0.1180 0.1245 0.1239 0.1170 0.1261 0.1386 
         305  1 0.1233 0.1327 0.1368 0.1204 0.1209 0.1310 0.1157 0.1192 
         306  1 0.1185 0.1335 0.1392 0.1206 0.1208 0.1284 0.1158 0.1232 
         307  1 0.1226 0.1232 0.1228 0.1206 0.1197 0.1198 0.1270 0.1441 
         308  1 0.1145 0.1397 0.1472 0.1180 0.1114 0.1398 0.1146 0.1148 
         309  1 0.1352 0.1053 0.1063 0.1398 0.1385 0.1139 0.1370 0.1239 
         310  1 0.1348 0.1171 0.1078 0.1361 0.1332 0.1233 0.1301 0.1175 
         311  1 0.1125 0.1432 0.1480 0.1130 0.1192 0.1401 0.1140 0.1099 
         312  1 0.1200 0.1405 0.1448 0.1168 0.1269 0.1426 0.1052 0.1032 
         313  1 0.1175 0.1316 0.1351 0.1214 0.1256 0.1324 0.1248 0.1115 
         314  1 0.1166 0.1261 0.1307 0.1231 0.1225 0.1255 0.1224 0.1332 
         315  1 0.1258 0.1248 0.1176 0.1197 0.1298 0.1223 0.1296 0.1304 
         316  1 0.1254 0.1215 0.1220 0.1259 0.1373 0.1290 0.1320 0.1068 
         317  1 0.1166 0.1271 0.1377 0.1175 0.1230 0.1304 0.1214 0.1263 
         318  1 0.1302 0.1186 0.1215 0.1274 0.1286 0.1302 0.1277 0.1158 
         319  1 0.1126 0.1440 0.1404 0.1171 0.1274 0.1366 0.1159 0.1060 
         320  1 0.1283 0.1294 0.1288 0.1214 0.1222 0.1271 0.1215 0.1213 
         321  1 0.1290 0.1109 0.1132 0.1342 0.1425 0.1195 0.1357 0.1151 
         322  1 0.1066 0.1512 0.1623 0.1070 0.1175 0.1506 0.1042 0.1007 
         323  1 0.1275 0.1150 0.1192 0.1329 0.1357 0.1203 0.1278 0.1216 
         324  1 0.1299 0.1316 0.1204 0.1222 0.1303 0.1282 0.1250 0.1124 
         325  1 0.1162 0.1337 0.1431 0.1159 0.1193 0.1404 0.1201 0.1113 
         326  1 0.1321 0.1081 0.1081 0.1301 0.1348 0.1187 0.1405 0.1277 
         327  1 0.1282 0.1240 0.1264 0.1284 0.1181 0.1267 0.1191 0.1291 
         328  1 0.1195 0.1280 0.1302 0.1174 0.1171 0.1300 0.1208 0.1370 
         329  1 0.1173 0.1308 0.1396 0.1201 0.1270 0.1333 0.1169 0.1149 
         330  1 0.1264 0.1229 0.1237 0.1204 0.1243 0.1242 0.1258 0.1324 
         331  1 0.1277 0.1253 0.1261 0.1270 0.1230 0.1271 0.1230 0.1208 
         332  1 0.1265 0.1185 0.1198 0.1295 0.1292 0.1258 0.1257 0.1249 
         333  1 0.1159 0.1358 0.1424 0.1168 0.1193 0.1344 0.1153 0.1201 
         334  1 0.1257 0.1310 0.1361 0.1259 0.1269 0.1370 0.1130 0.1045 
         335  1 0.1128 0.1338 0.1465 0.1162 0.1252 0.1373 0.1147 0.1137 
         336  1 0.1224 0.1333 0.1322 0.1259 0.1239 0.1318 0.1191 0.1114 
         337  1 0.1296 0.1368 0.1271 0.1233 0.1304 0.1313 0.1153 0.1062 
         338  1 0.1234 0.1246 0.1253 0.1183 0.1256 0.1234 0.1266 0.1328 
         339  1 0.1238 0.1190 0.1252 0.1347 0.1278 0.1208 0.1271 0.1217 
         340  1 0.1341 0.1200 0.1220 0.1364 0.1259 0.1238 0.1181 0.1197 
         341  1 0.1187 0.1317 0.1372 0.1207 0.1232 0.1331 0.1229 0.1126 
         342  1 0.1151 0.1406 0.1480 0.1167 0.1175 0.1363 0.1178 0.1080 
         343  1 0.1269 0.1154 0.1158 0.1250 0.1222 0.1191 0.1315 0.1443 
         344  1 0.1177 0.1274 0.1239 0.1266 0.1172 0.1261 0.1208 0.1403 
         345  1 0.1304 0.1218 0.1169 0.1307 0.1304 0.1235 0.1243 0.1221 
         346  1 0.1299 0.1220 0.1194 0.1338 0.1310 0.1215 0.1270 0.1155 
         347  1 0.1299 0.1226 0.1205 0.1255 0.1320 0.1229 0.1276 0.1190 
