  1:   0.0840  0.0960  0.0820  0.7380  1
  2:   0.1290  0.0980  0.6430  0.1300  1
  3:   0.0699  0.3037  0.5125  0.1139  1
  4:   0.0840  0.0580  0.0400  0.8180  1
  5:   0.0340  0.0570  0.0440  0.8650  1
  6:   0.0991  0.3403  0.4414  0.1191  1
  7:   0.1650  0.2650  0.4990  0.0710  1
  8:   0.0671  0.0511  0.0390  0.8428  1
  9:   0.0420  0.5916  0.2823  0.0841  1
 10:   0.0440  0.0720  0.0420  0.8420  1
 11:   0.8200  0.0780  0.0570  0.0450  1
 12:   0.0860  0.0980  0.4430  0.3730  1
 13:   0.4060  0.1700  0.0980  0.3260  1
 14:   0.0870  0.2200  0.1780  0.5150  1
 15:   0.2030  0.5270  0.1920  0.0780  1
 16:   0.4050  0.1270  0.0750  0.3930  1
 17:   0.6700  0.0810  0.1850  0.0640  1
 18:   0.0640  0.0790  0.1600  0.6970  1
 19:   0.1750  0.3700  0.3090  0.1460  1
 20:   0.0850  0.2450  0.1140  0.5560  1
 21:   0.1420  0.1160  0.0680  0.6740  1
 22:   0.1231  0.6717  0.0591  0.1461  1
 23:   0.0759  0.0699  0.8132  0.0410  1
 24:   0.0630  0.4150  0.4650  0.0570  1
 25:   0.7370  0.1290  0.0510  0.0830  1
 26:   0.0610  0.1530  0.6920  0.0940  1
 27:   0.2400  0.2310  0.0430  0.4860  1
 28:   0.3640  0.4690  0.1110  0.0560  1
 29:   0.0540  0.2700  0.4190  0.2570  1
 30:   0.2030  0.6070  0.0940  0.0960  1
 31:   0.4945  0.2072  0.2142  0.0841  1
 32:   0.1399  0.6793  0.1029  0.0779  1
 33:   0.4670  0.2710  0.2030  0.0590  1
 34:   0.3377  0.2887  0.2607  0.1129  1
 35:   0.0430  0.0949  0.1139  0.7483  1
 36:   0.0710  0.5590  0.3010  0.0690  1
 37:   0.6044  0.1009  0.1878  0.1069  1
 38:   0.0550  0.6750  0.2210  0.0490  1
 39:   0.1491  0.2903  0.0721  0.4885  1
 40:   0.7950  0.0690  0.0780  0.0580  1
 41:   0.0599  0.5524  0.1838  0.2038  1
 42:   0.5970  0.1250  0.2240  0.0540  1
 43:   0.0330  0.0440  0.8990  0.0240  1
 44:   0.0821  0.0671  0.8188  0.0320  1
 45:   0.0670  0.0630  0.0540  0.8160  1
 46:   0.1090  0.0780  0.7710  0.0420  1
 47:   0.0580  0.0870  0.0720  0.7830  1
 48:   0.1120  0.4740  0.3390  0.0750  1
 49:   0.0840  0.4680  0.2420  0.2060  1
 50:   0.1200  0.1790  0.0660  0.6350  1
 51:   0.2288  0.3057  0.1459  0.3197  1
 52:   0.7640  0.0940  0.0770  0.0650  1
 53:   0.0850  0.6920  0.0770  0.1460  1
 54:   0.1130  0.1470  0.1810  0.5590  1
 55:   0.5810  0.0930  0.1570  0.1690  1
 56:   0.1450  0.3580  0.4380  0.0590  1
 57:   0.0430  0.1860  0.6950  0.0760  1
 58:   0.0460  0.3073  0.5876  0.0591  1
 59:   0.0670  0.6200  0.2200  0.0930  1
 60:   0.0910  0.4550  0.3050  0.1490  1
 61:   0.8520  0.0560  0.0310  0.0610  1
 62:   0.0531  0.2693  0.6236  0.0541  1
 63:   0.1350  0.1250  0.0510  0.6890  1
 64:   0.1171  0.4715  0.1291  0.2823  1
 65:   0.3243  0.4204  0.1922  0.0631  1
 66:   0.1070  0.2330  0.0860  0.5740  1
 67:   0.1350  0.0930  0.7120  0.0600  1
 68:   0.0690  0.3020  0.5540  0.0750  1
 69:   0.0541  0.0511  0.0220  0.8729  1
 70:   0.0280  0.0840  0.8590  0.0290  1
 71:   0.0640  0.6050  0.1370  0.1940  1
 72:   0.0540  0.3760  0.3990  0.1710  1
 73:   0.0950  0.0460  0.0860  0.7730  1
 74:   0.1170  0.5880  0.0530  0.2420  1
 75:   0.8090  0.0800  0.0410  0.0700  1
 76:   0.0959  0.1738  0.5914  0.1389  1
 77:   0.1070  0.4040  0.2860  0.2030  1
 78:   0.7550  0.0980  0.0900  0.0570  1
 79:   0.7113  0.0759  0.0569  0.1558  1
 80:   0.0560  0.4250  0.4590  0.0600  1
 81:   0.0831  0.3984  0.0611  0.4575  1
 82:   0.2940  0.1950  0.1490  0.3620  1
 83:   0.0671  0.2793  0.4895  0.1642  1
 84:   0.1320  0.2910  0.2560  0.3210  1
 85:   0.0480  0.1140  0.0890  0.7490  1
 86:   0.1289  0.2078  0.5135  0.1499  1
 87:   0.1090  0.3720  0.3570  0.1620  1
 88:   0.1499  0.3866  0.3516  0.1119  1
 89:   0.8488  0.0480  0.0531  0.0501  1
 90:   0.0740  0.0910  0.7820  0.0530  1
 91:   0.5590  0.2760  0.0320  0.1330  1
 92:   0.0490  0.0840  0.7620  0.1050  1
 93:   0.0990  0.6450  0.1570  0.0990  1
 94:   0.0700  0.1660  0.0700  0.6940  1
 95:   0.0700  0.6370  0.2010  0.0920  1
 96:   0.7110  0.1850  0.0490  0.0550  1
 97:   0.0400  0.0440  0.8810  0.0350  1
 98:   0.6540  0.1640  0.1000  0.0820  1
 99:   0.3820  0.3690  0.1730  0.0760  1
100:   0.8550  0.0450  0.0370  0.0630  1
101:   0.0569  0.4815  0.3377  0.1239  1
102:   0.1211  0.7057  0.0420  0.1311  1
103:   0.0990  0.3160  0.4650  0.1200  1
104:   0.8330  0.0480  0.0540  0.0650  1
105:   0.8730  0.0400  0.0480  0.0390  1
106:   0.0460  0.6940  0.0920  0.1680  1
107:   0.0410  0.0910  0.0640  0.8040  1
108:   0.8761  0.0370  0.0280  0.0589  1
109:   0.7552  0.0799  0.0929  0.0719  1
110:   0.2543  0.1001  0.4985  0.1471  1
111:   0.7233  0.1089  0.0689  0.0989  1
112:   0.0940  0.1080  0.0850  0.7130  1
113:   0.2480  0.1080  0.5880  0.0560  1
114:   0.5696  0.0751  0.2943  0.0611  1
115:   0.0470  0.1608  0.0350  0.7572  1
116:   0.0480  0.1930  0.0430  0.7160  1
117:   0.0749  0.2647  0.5984  0.0619  1
118:   0.1000  0.1140  0.0780  0.7080  1
119:   0.6620  0.1830  0.0650  0.0900  1
120:   0.0901  0.5145  0.2503  0.1451  1
121:   0.0730  0.5320  0.3240  0.0710  1
122:   0.1140  0.2920  0.5120  0.0820  1
123:   0.0390  0.0650  0.8510  0.0450  1
124:   0.0750  0.3770  0.4920  0.0560  1
125:   0.0900  0.0800  0.6410  0.1890  1
126:   0.0870  0.4000  0.3020  0.2110  1
127:   0.1780  0.4570  0.2030  0.1620  1
128:   0.6860  0.1170  0.0690  0.1280  1
129:   0.1311  0.2683  0.5195  0.0811  1
130:   0.0631  0.5716  0.1131  0.2523  1
131:   0.1608  0.1049  0.6903  0.0440  1
132:   0.2547  0.4995  0.0649  0.1808  1
133:   0.8660  0.0410  0.0400  0.0530  1
134:   0.0480  0.5564  0.3167  0.0789  1
135:   0.0470  0.7830  0.0970  0.0730  1
136:   0.0721  0.1331  0.1411  0.6537  1
137:   0.1570  0.4890  0.1550  0.1990  1
138:   0.7110  0.1140  0.1230  0.0520  1
139:   0.0659  0.0619  0.0889  0.7832  1
140:   0.0540  0.5530  0.3240  0.0690  1
141:   0.1421  0.5195  0.1391  0.1992  1
142:   0.6034  0.2198  0.0619  0.1149  1
143:   0.1532  0.4394  0.1381  0.2693  1
144:   0.1171  0.6527  0.0671  0.1632  1
145:   0.0760  0.1900  0.6470  0.0870  1
146:   0.0940  0.6280  0.1300  0.1480  1
147:   0.1740  0.1230  0.5960  0.1070  1
148:   0.1050  0.3500  0.4520  0.0930  1
149:   0.6990  0.0950  0.1420  0.0640  1
150:   0.4270  0.4000  0.0810  0.0920  1
151:   0.8340  0.0480  0.0460  0.0720  1
152:   0.0480  0.5480  0.3370  0.0670  1
153:   0.7300  0.0680  0.0360  0.1660  1
154:   0.1528  0.5694  0.1768  0.1009  1
155:   0.0680  0.6320  0.1800  0.1200  1
156:   0.2100  0.4130  0.0760  0.3010  1
157:   0.1261  0.0871  0.6787  0.1081  1
158:   0.2990  0.2810  0.2390  0.1810  1
159:   0.0740  0.1080  0.1220  0.6960  1
160:   0.0539  0.0739  0.0519  0.8202  1
161:   0.0900  0.0660  0.0860  0.7580  1
162:   0.0800  0.5880  0.2550  0.0770  1
163:   0.1552  0.2472  0.5445  0.0531  1
164:   0.0580  0.0530  0.0540  0.8350  1
165:   0.3267  0.2468  0.2877  0.1389  1
166:   0.5060  0.2410  0.1090  0.1440  1
167:   0.4550  0.3500  0.1160  0.0790  1
168:   0.1381  0.4364  0.1021  0.3233  1
169:   0.0400  0.0640  0.0390  0.8570  1
170:   0.0620  0.1520  0.0820  0.7040  1
171:   0.1260  0.1580  0.6640  0.0520  1
172:   0.8380  0.0600  0.0420  0.0600  1
173:   0.7970  0.1140  0.0320  0.0570  1
174:   0.2753  0.2212  0.2843  0.2192  1
175:   0.1111  0.1662  0.6116  0.1111  1
176:   0.0440  0.1440  0.0710  0.7410  1
177:   0.1510  0.2330  0.4020  0.2140  1
178:   0.7340  0.1090  0.0930  0.0640  1
179:   0.5430  0.1590  0.1930  0.1050  1
180:   0.0630  0.2980  0.0510  0.5880  1
181:   0.1059  0.5514  0.1828  0.1598  1
182:   0.6780  0.0710  0.1570  0.0940  1
183:   0.0830  0.0560  0.0440  0.8170  1
184:   0.3230  0.3070  0.2120  0.1580  1
185:   0.1381  0.2593  0.2092  0.3934  1
186:   0.1480  0.2450  0.0930  0.5140  1
187:   0.0560  0.3890  0.5020  0.0530  1
188:   0.0660  0.0430  0.0320  0.8590  1
189:   0.1330  0.2160  0.2910  0.3600  1
190:   0.1790  0.5190  0.0720  0.2300  1
191:   0.8058  0.0771  0.0651  0.0521  1
192:   0.0770  0.0870  0.4230  0.4130  1
193:   0.2490  0.2260  0.1490  0.3760  1
194:   0.0560  0.7120  0.1420  0.0900  1
195:   0.7520  0.1060  0.0890  0.0530  1
196:   0.0490  0.3183  0.0951  0.5375  1
197:   0.1678  0.5514  0.1878  0.0929  1
198:   0.8450  0.0540  0.0550  0.0460  1
199:   0.0881  0.0841  0.7748  0.0531  1
200:   0.8610  0.0510  0.0580  0.0300  1
201:   0.0440  0.1321  0.0330  0.7908  1
202:   0.0949  0.1548  0.6384  0.1119  1
203:   0.0640  0.6180  0.2370  0.0810  1
204:   0.3380  0.2720  0.3100  0.0800  1
205:   0.0340  0.0501  0.8759  0.0400  1
206:   0.0739  0.4206  0.4006  0.1049  1
207:   0.4650  0.3480  0.1080  0.0790  1
208:   0.8629  0.0501  0.0511  0.0360  1
209:   0.6547  0.0961  0.1071  0.1421  1
210:   0.0930  0.4690  0.2810  0.1570  1
211:   0.7650  0.0970  0.0540  0.0840  1
212:   0.8700  0.0460  0.0430  0.0410  1
213:   0.0910  0.3900  0.1400  0.3790  1
214:   0.0350  0.7140  0.1800  0.0710  1
215:   0.6710  0.1830  0.0600  0.0860  1
216:   0.7480  0.1230  0.0530  0.0760  1
217:   0.0531  0.1091  0.6797  0.1582  1
218:   0.0789  0.0809  0.7742  0.0659  1
219:   0.7100  0.1820  0.0310  0.0770  1
220:   0.1732  0.2823  0.4394  0.1051  1
221:   0.0470  0.7163  0.1489  0.0879  1
222:   0.0949  0.5435  0.2358  0.1259  1
223:   0.0880  0.6580  0.1350  0.1190  1
224:   0.2687  0.2997  0.2398  0.1918  1
225:   0.0691  0.0821  0.0541  0.7948  1
226:   0.3167  0.2388  0.1399  0.3047  1
227:   0.0320  0.0701  0.8649  0.0330  1
228:   0.1670  0.1660  0.6060  0.0610  1
229:   0.1700  0.1400  0.1300  0.5600  1
230:   0.4370  0.1640  0.3260  0.0730  1
231:   0.8680  0.0610  0.0290  0.0420  1
232:   0.5175  0.0639  0.3487  0.0699  1
233:   0.7690  0.1220  0.0520  0.0570  1
234:   0.7340  0.0910  0.0940  0.0810  1
235:   0.0510  0.2970  0.0520  0.6000  1
236:   0.0720  0.4630  0.3660  0.0990  1
237:   0.6150  0.1440  0.1300  0.1110  1
238:   0.0440  0.6350  0.2200  0.1010  1
239:   0.0680  0.0580  0.3970  0.4770  1
240:   0.0620  0.5420  0.2190  0.1770  1
241:   0.1460  0.5470  0.0840  0.2230  1
242:   0.1020  0.0850  0.1190  0.6940  1
243:   0.4280  0.2000  0.3040  0.0680  1
244:   0.0559  0.2637  0.6484  0.0320  1
245:   0.5980  0.1380  0.0400  0.2240  1
246:   0.4960  0.1260  0.3140  0.0640  1
247:   0.0681  0.2543  0.0641  0.6136  1
248:   0.0839  0.2068  0.0789  0.6304  1
249:   0.7770  0.1200  0.0530  0.0500  1
250:   0.1440  0.3340  0.0840  0.4380  1
251:   0.8400  0.0360  0.0570  0.0670  1
252:   0.1061  0.6066  0.1502  0.1371  1
253:   0.0360  0.1570  0.7600  0.0470  1
254:   0.0520  0.4430  0.2140  0.2910  1
255:   0.5674  0.1249  0.2527  0.0549  1
256:   0.0650  0.6070  0.2410  0.0870  1
257:   0.3750  0.1810  0.0680  0.3760  1
258:   0.0420  0.1000  0.0380  0.8200  1
259:   0.0560  0.0640  0.0330  0.8470  1
260:   0.1080  0.5020  0.1680  0.2220  1
261:   0.0610  0.0970  0.7760  0.0660  1
262:   0.0690  0.1400  0.7070  0.0840  1
263:   0.0830  0.7000  0.0830  0.1340  1
264:   0.0370  0.1180  0.7980  0.0470  1
265:   0.1009  0.0859  0.3477  0.4655  1
266:   0.1010  0.3320  0.1140  0.4530  1
267:   0.8300  0.0750  0.0430  0.0520  1
268:   0.7520  0.0940  0.0810  0.0730  1
269:   0.1730  0.1430  0.0830  0.6010  1
270:   0.0580  0.1460  0.0440  0.7520  1
271:   0.1000  0.2270  0.6270  0.0460  1
272:   0.0920  0.1560  0.6650  0.0870  1
273:   0.7750  0.0790  0.0640  0.0820  1
274:   0.0520  0.0670  0.0400  0.8410  1
275:   0.5726  0.1982  0.1171  0.1121  1
276:   0.1700  0.4490  0.1070  0.2740  1
277:   0.0620  0.5490  0.1860  0.2030  1
278:   0.5150  0.1990  0.1550  0.1310  1
279:   0.0310  0.2890  0.2870  0.3930  1
280:   0.1020  0.4210  0.2590  0.2180  1
281:   0.7950  0.0700  0.0460  0.0890  1
282:   0.0470  0.4316  0.4126  0.1089  1
283:   0.1802  0.1371  0.5826  0.1001  1
284:   0.3830  0.1910  0.2220  0.2040  1
285:   0.3140  0.1710  0.2990  0.2160  1
286:   0.0630  0.2130  0.2180  0.5060  1
287:   0.0950  0.1720  0.6860  0.0470  1
288:   0.0901  0.5205  0.2172  0.1722  1
289:   0.3397  0.4625  0.0959  0.1019  1
290:   0.0580  0.1740  0.7100  0.0580  1
291:   0.0410  0.4110  0.4780  0.0700  1
292:   0.4900  0.0560  0.4020  0.0520  1
293:   0.6717  0.1602  0.0400  0.1281  1
294:   0.0620  0.5810  0.1500  0.2070  1
295:   0.0671  0.0671  0.7848  0.0811  1
296:   0.0800  0.3240  0.5230  0.0730  1
297:   0.1080  0.1700  0.6670  0.0550  1
298:   0.1171  0.1081  0.0250  0.7497  1
299:   0.0660  0.4350  0.1130  0.3860  1
300:   0.0521  0.1582  0.0310  0.7588  1
301:   0.0720  0.2130  0.3540  0.3610  1
302:   0.0470  0.0980  0.0290  0.8260  1
303:   0.0430  0.5690  0.2770  0.1110  1
304:   0.0770  0.3340  0.0880  0.5010  1
305:   0.2050  0.2960  0.1920  0.3070  1
306:   0.2600  0.6000  0.0640  0.0760  1
307:   0.1120  0.7360  0.0840  0.0680  1
308:   0.1730  0.2730  0.0750  0.4790  1
309:   0.2112  0.4244  0.0831  0.2813  1
310:   0.7510  0.0780  0.0580  0.1130  1
311:   0.6356  0.1301  0.0691  0.1652  1
312:   0.0250  0.0420  0.0200  0.9130  1
313:   0.0480  0.0490  0.8140  0.0890  1
314:   0.0910  0.0960  0.1100  0.7030  1
315:   0.0400  0.0410  0.0290  0.8900  1
316:   0.8378  0.0480  0.0691  0.0450  1
317:   0.7363  0.1019  0.0509  0.1109  1
318:   0.0530  0.1570  0.0800  0.7100  1
319:   0.8839  0.0380  0.0340  0.0440  1
320:   0.0380  0.0600  0.0360  0.8660  1
321:   0.1512  0.1221  0.6276  0.0991  1
322:   0.1750  0.6260  0.0590  0.1400  1
323:   0.0959  0.4785  0.2358  0.1898  1
324:   0.0760  0.0710  0.0530  0.8000  1
325:   0.8360  0.0550  0.0410  0.0680  1
326:   0.1290  0.3570  0.3130  0.2010  1
327:   0.7023  0.0929  0.1469  0.0579  1
328:   0.0550  0.6910  0.0770  0.1770  1
329:   0.0519  0.6573  0.1099  0.1808  1
330:   0.0630  0.4920  0.3180  0.1270  1
331:   0.2990  0.4340  0.1420  0.1250  1
332:   0.0840  0.4590  0.3700  0.0870  1
333:   0.1319  0.1449  0.2238  0.4995  1
334:   0.8470  0.0500  0.0510  0.0520  1
335:   0.6420  0.1480  0.0530  0.1570  1
336:   0.0931  0.4805  0.2983  0.1281  1
337:   0.0730  0.1170  0.1670  0.6430  1
338:   0.0830  0.7680  0.0590  0.0900  1
339:   0.8200  0.0710  0.0580  0.0510  1
340:   0.0930  0.2810  0.4920  0.1340  1
341:   0.0560  0.4870  0.2230  0.2340  1
342:   0.0581  0.0741  0.8328  0.0350  1
343:   0.1300  0.0530  0.0790  0.7380  1
344:   0.1130  0.7130  0.0500  0.1240  1
345:   0.8388  0.0601  0.0521  0.0490  1
346:   0.0440  0.0640  0.0850  0.8070  1
347:   0.3680  0.4750  0.0820  0.0750  1
348:   0.6246  0.1191  0.1592  0.0971  1
349:   0.6050  0.1460  0.1530  0.0960  1
350:   0.5820  0.1400  0.1000  0.1780  1
351:   0.1958  0.5185  0.1508  0.1349  1
352:   0.1220  0.3470  0.4800  0.0510  1
353:   0.7940  0.0610  0.0790  0.0660  1
354:   0.3660  0.1640  0.3700  0.1000  1
355:   0.5830  0.2570  0.1190  0.0410  1
356:   0.0320  0.0490  0.0430  0.8759  1
357:   0.0480  0.0680  0.8360  0.0480  1
358:   0.1000  0.1700  0.0910  0.6390  1
359:   0.0629  0.1139  0.2378  0.5854  1
360:   0.1000  0.1190  0.7170  0.0640  1
361:   0.0430  0.1060  0.0920  0.7590  1
362:   0.0790  0.5950  0.2410  0.0850  1
363:   0.0480  0.8268  0.0781  0.0470  1
364:   0.1290  0.4950  0.2770  0.0990  1
365:   0.2900  0.4800  0.0390  0.1910  1
366:   0.0850  0.1590  0.1880  0.5680  1
367:   0.1788  0.4785  0.1059  0.2368  1
368:   0.2670  0.5880  0.0930  0.0520  1
369:   0.0540  0.1580  0.7230  0.0650  1
370:   0.5530  0.2320  0.0890  0.1260  1
371:   0.0870  0.1200  0.7300  0.0630  1
372:   0.0941  0.1271  0.7307  0.0480  1
373:   0.1010  0.1500  0.2490  0.5000  1
374:   0.1179  0.1209  0.0689  0.6923  1
375:   0.0330  0.0799  0.8541  0.0330  1
376:   0.7140  0.1150  0.0950  0.0760  1
377:   0.0550  0.0750  0.0770  0.7930  1
378:   0.0611  0.0631  0.1101  0.7658  1
379:   0.7980  0.0760  0.0860  0.0400  1
380:   0.3063  0.1922  0.3493  0.1522  1
381:   0.0820  0.2810  0.2460  0.3910  1
382:   0.0860  0.0570  0.8060  0.0510  1
383:   0.0919  0.7283  0.1219  0.0579  1
384:   0.0750  0.1700  0.1470  0.6080  1
385:   0.5530  0.1470  0.0580  0.2420  1
386:   0.1211  0.6296  0.1512  0.0981  1
387:   0.0420  0.6340  0.2580  0.0660  1
388:   0.0690  0.0900  0.5650  0.2760  1
389:   0.5385  0.1041  0.3033  0.0541  1
390:   0.0690  0.1120  0.7660  0.0530  1
391:   0.3130  0.3340  0.2550  0.0980  1
392:   0.0610  0.2370  0.2220  0.4800  1
393:   0.2530  0.2160  0.2750  0.2560  1
394:   0.7560  0.1280  0.0480  0.0680  1
395:   0.0460  0.7340  0.1720  0.0480  1
396:   0.0730  0.0780  0.6100  0.2390  1
397:   0.0480  0.2190  0.5830  0.1500  1
398:   0.0500  0.3020  0.1270  0.5210  1
399:   0.0599  0.2907  0.5904  0.0589  1
400:   0.1502  0.4184  0.2933  0.1381  1
401:   0.0519  0.6813  0.1409  0.1259  1
402:   0.7502  0.0789  0.0869  0.0839  1
403:   0.0711  0.1622  0.0771  0.6897  1
404:   0.2843  0.5215  0.0871  0.1071  1
405:   0.5480  0.1620  0.1200  0.1700  1
406:   0.0631  0.0751  0.7968  0.0651  1
407:   0.1100  0.1200  0.7270  0.0430  1
408:   0.1230  0.3970  0.0510  0.4290  1
409:   0.2790  0.3460  0.2670  0.1080  1
410:   0.0470  0.2398  0.6484  0.0649  1
411:   0.0871  0.4074  0.2262  0.2793  1
412:   0.2900  0.4370  0.1160  0.1570  1
413:   0.5670  0.1560  0.1430  0.1340  1
414:   0.3180  0.2750  0.1980  0.2090  1
415:   0.0599  0.0769  0.0509  0.8122  1
416:   0.8510  0.0530  0.0560  0.0400  1
417:   0.1131  0.3764  0.3904  0.1201  1
418:   0.3030  0.4330  0.1920  0.0720  1
419:   0.1499  0.1399  0.6014  0.1089  1
420:   0.0640  0.4420  0.3070  0.1870  1
421:   0.4110  0.3240  0.1420  0.1230  1
422:   0.2890  0.4270  0.0830  0.2010  1
423:   0.0400  0.8080  0.1170  0.0350  1
424:   0.0440  0.0540  0.0430  0.8590  1
425:   0.0549  0.2448  0.5225  0.1778  1
426:   0.5574  0.2028  0.1209  0.1189  1
427:   0.2160  0.2770  0.4170  0.0900  1
428:   0.1020  0.3390  0.4430  0.1160  1
429:   0.0641  0.6456  0.2332  0.0571  1
430:   0.0340  0.0470  0.0360  0.8829  1
431:   0.0730  0.7390  0.0940  0.0940  1
432:   0.7950  0.0730  0.0640  0.0680  1
433:   0.0811  0.0571  0.7938  0.0681  1
434:   0.4630  0.0870  0.0720  0.3780  1
435:   0.1720  0.5500  0.1910  0.0870  1
436:   0.2030  0.1130  0.5930  0.0910  1
437:   0.0490  0.0650  0.0760  0.8100  1
438:   0.4545  0.1319  0.0609  0.3526  1
439:   0.0760  0.5410  0.2800  0.1030  1
440:   0.0650  0.0770  0.0400  0.8180  1
441:   0.6780  0.1110  0.1650  0.0460  1
442:   0.0820  0.1500  0.5020  0.2660  1
443:   0.0570  0.0960  0.8100  0.0370  1
444:   0.0730  0.5770  0.1980  0.1520  1
445:   0.0710  0.5370  0.3180  0.0740  1
446:   0.8488  0.0671  0.0430  0.0410  1
447:   0.0571  0.4885  0.3393  0.1151  1
448:   0.1081  0.1672  0.0541  0.6707  1
449:   0.0620  0.0620  0.0540  0.8220  1
450:   0.8591  0.0360  0.0569  0.0480  1
451:   0.8178  0.0701  0.0601  0.0521  1
452:   0.0440  0.0550  0.8580  0.0430  1
453:   0.8360  0.0490  0.0570  0.0580  1
454:   0.5920  0.2050  0.1130  0.0900  1
455:   0.1320  0.4950  0.2900  0.0830  1
456:   0.8072  0.0719  0.0639  0.0569  1
457:   0.0870  0.0650  0.1200  0.7280  1
458:   0.0500  0.5020  0.2810  0.1670  1
459:   0.7740  0.0660  0.1090  0.0510  1
460:   0.0511  0.2603  0.6076  0.0811  1
461:   0.0820  0.0580  0.0740  0.7860  1
462:   0.8310  0.0450  0.0750  0.0490  1
463:   0.5265  0.2152  0.0681  0.1902  1
464:   0.0870  0.2440  0.5110  0.1580  1
465:   0.6913  0.1209  0.0420  0.1459  1
466:   0.1281  0.2513  0.5375  0.0831  1
467:   0.0670  0.0630  0.8320  0.0380  1
468:   0.0870  0.6320  0.1760  0.1050  1
469:   0.0300  0.0380  0.9080  0.0240  1
470:   0.3756  0.3177  0.0709  0.2358  1
471:   0.0730  0.4260  0.2340  0.2670  1
472:   0.1430  0.4870  0.1380  0.2320  1
473:   0.0960  0.6260  0.1100  0.1680  1
474:   0.0610  0.4950  0.3700  0.0740  1
475:   0.0310  0.5270  0.1070  0.3350  1
476:   0.7470  0.1410  0.0360  0.0760  1
477:   0.0480  0.6520  0.0740  0.2260  1
478:   0.0460  0.0559  0.0480  0.8501  1
479:   0.0720  0.2440  0.6090  0.0750  1
480:   0.0610  0.0660  0.8050  0.0680  1
481:   0.0960  0.1230  0.1500  0.6310  1
482:   0.0850  0.0980  0.0830  0.7340  1
483:   0.1670  0.3560  0.3300  0.1470  1
484:   0.0390  0.1440  0.7450  0.0720  1
485:   0.0430  0.0950  0.8170  0.0450  1
486:   0.8510  0.0360  0.0760  0.0370  1
487:   0.0849  0.1339  0.7113  0.0699  1
488:   0.0821  0.5956  0.2663  0.0561  1
489:   0.2080  0.5880  0.0530  0.1510  1
490:   0.1850  0.5400  0.1580  0.1170  1
491:   0.0890  0.0920  0.7620  0.0570  1
492:   0.0360  0.1009  0.8142  0.0490  1

  1:   0.0701  0.0651  0.0771  0.7878  1
  2:   0.1180  0.0830  0.6800  0.1190  1
  3:   0.0581  0.3213  0.5265  0.0941  1
  4:   0.0711  0.0541  0.0340  0.8408  1
  5:   0.0320  0.0510  0.0400  0.8770  1
  6:   0.0830  0.3950  0.4310  0.0910  1
  7:   0.1560  0.2120  0.5710  0.0610  1
  8:   0.0551  0.0430  0.0330  0.8689  1
  9:   0.0340  0.5914  0.3047  0.0699  1
 10:   0.0370  0.0700  0.0370  0.8560  1
 11:   0.8478  0.0651  0.0501  0.0370  1
 12:   0.0820  0.0830  0.4610  0.3740  1
 13:   0.4010  0.1610  0.1030  0.3350  1
 14:   0.0770  0.2430  0.1670  0.5130  1
 15:   0.2140  0.4630  0.2520  0.0710  1
 16:   0.4180  0.1120  0.0720  0.3980  1
 17:   0.7000  0.0750  0.1640  0.0610  1
 18:   0.0560  0.0710  0.1280  0.7450  1
 19:   0.1830  0.3480  0.3330  0.1360  1
 20:   0.0840  0.2720  0.1130  0.5310  1
 21:   0.1300  0.1260  0.0610  0.6830  1
 22:   0.1550  0.6140  0.0740  0.1570  1
 23:   0.0720  0.0620  0.8290  0.0370  1
 24:   0.0500  0.5380  0.3670  0.0450  1
 25:   0.7950  0.0810  0.0490  0.0750  1
 26:   0.0580  0.1550  0.6900  0.0970  1
 27:   0.2318  0.2098  0.0460  0.5125  1
 28:   0.3746  0.4296  0.1349  0.0609  1
 29:   0.0490  0.3410  0.3890  0.2210  1
 30:   0.2080  0.5850  0.1040  0.1030  1
 31:   0.5290  0.1750  0.2210  0.0750  1
 32:   0.1520  0.6490  0.1190  0.0800  1
 33:   0.4585  0.2827  0.2048  0.0539  1
 34:   0.3866  0.2318  0.2657  0.1159  1
 35:   0.0350  0.0891  0.1121  0.7638  1
 36:   0.0581  0.6296  0.2553  0.0571  1
 37:   0.6420  0.0970  0.1710  0.0900  1
 38:   0.0450  0.7010  0.2060  0.0480  1
 39:   0.1380  0.3030  0.0660  0.4930  1
 40:   0.8160  0.0660  0.0680  0.0500  1
 41:   0.0660  0.4860  0.2360  0.2120  1
 42:   0.6274  0.1269  0.1988  0.0470  1
 43:   0.0300  0.0510  0.8980  0.0210  1
 44:   0.0790  0.0700  0.8230  0.0280  1
 45:   0.0640  0.0580  0.0450  0.8330  1
 46:   0.1000  0.0820  0.7810  0.0370  1
 47:   0.0500  0.0850  0.0590  0.8060  1
 48:   0.1100  0.5040  0.3210  0.0650  1
 49:   0.0700  0.3640  0.3140  0.2520  1
 50:   0.1090  0.1630  0.0650  0.6630  1
 51:   0.2140  0.2980  0.1460  0.3420  1
 52:   0.7858  0.0861  0.0691  0.0591  1
 53:   0.0741  0.7007  0.0821  0.1431  1
 54:   0.1001  0.1271  0.1672  0.6056  1
 55:   0.6104  0.0879  0.1429  0.1588  1
 56:   0.1518  0.4136  0.3736  0.0609  1
 57:   0.0380  0.2100  0.6710  0.0810  1
 58:   0.0390  0.3400  0.5700  0.0510  1
 59:   0.0509  0.6633  0.2028  0.0829  1
 60:   0.0900  0.4150  0.3600  0.1350  1
 61:   0.8780  0.0470  0.0260  0.0490  1
 62:   0.0470  0.3320  0.5780  0.0430  1
 63:   0.1270  0.1180  0.0390  0.7160  1
 64:   0.0939  0.4805  0.1349  0.2907  1
 65:   0.2850  0.4780  0.1730  0.0640  1
 66:   0.1149  0.2178  0.0759  0.5914  1
 67:   0.1240  0.0970  0.7240  0.0550  1
 68:   0.0580  0.3720  0.5040  0.0660  1
 69:   0.0430  0.0400  0.0190  0.8980  1
 70:   0.0240  0.1440  0.8080  0.0240  1
 71:   0.0500  0.7070  0.0960  0.1470  1
 72:   0.0500  0.2990  0.4990  0.1520  1
 73:   0.0800  0.0380  0.0690  0.8130  1
 74:   0.1310  0.5540  0.0570  0.2580  1
 75:   0.8382  0.0679  0.0340  0.0599  1
 76:   0.0999  0.2068  0.5584  0.1349  1
 77:   0.0930  0.4720  0.2750  0.1600  1
 78:   0.7998  0.0751  0.0781  0.0470  1
 79:   0.7450  0.0640  0.0440  0.1470  1
 80:   0.0460  0.4960  0.4060  0.0520  1
 81:   0.0700  0.4030  0.0550  0.4720  1
 82:   0.3050  0.1690  0.1350  0.3910  1
 83:   0.0560  0.2460  0.5560  0.1420  1
 84:   0.1320  0.2970  0.2680  0.3030  1
 85:   0.0430  0.1070  0.0800  0.7700  1
 86:   0.1390  0.2310  0.4710  0.1590  1
 87:   0.0930  0.4500  0.3070  0.1500  1
 88:   0.1351  0.3674  0.3914  0.1061  1
 89:   0.8670  0.0440  0.0460  0.0430  1
 90:   0.0691  0.1101  0.7678  0.0531  1
 91:   0.6050  0.2340  0.0300  0.1310  1
 92:   0.0450  0.0741  0.7848  0.0961  1
 93:   0.1030  0.5940  0.1880  0.1150  1
 94:   0.0630  0.1660  0.0630  0.7080  1
 95:   0.0629  0.6693  0.1818  0.0859  1
 96:   0.7133  0.1908  0.0440  0.0519  1
 97:   0.0380  0.0430  0.8870  0.0320  1
 98:   0.6500  0.1710  0.0990  0.0800  1
 99:   0.3900  0.3560  0.1880  0.0660  1
100:   0.8710  0.0440  0.0300  0.0550  1
101:   0.0480  0.4845  0.3664  0.1011  1
102:   0.1160  0.6840  0.0420  0.1580  1
103:   0.1021  0.3554  0.4394  0.1031  1
104:   0.8589  0.0390  0.0470  0.0551  1
105:   0.8900  0.0340  0.0420  0.0340  1
106:   0.0440  0.6540  0.0980  0.2040  1
107:   0.0340  0.0660  0.0650  0.8350  1
108:   0.8910  0.0330  0.0230  0.0530  1
109:   0.7990  0.0620  0.0810  0.0580  1
110:   0.2530  0.1000  0.5080  0.1390  1
111:   0.7510  0.1000  0.0580  0.0910  1
112:   0.0820  0.1010  0.0810  0.7360  1
113:   0.2490  0.1030  0.5980  0.0500  1
114:   0.5920  0.0570  0.2970  0.0540  1
115:   0.0420  0.1181  0.0290  0.8108  1
116:   0.0440  0.1341  0.0390  0.7828  1
117:   0.0710  0.3290  0.5410  0.0590  1
118:   0.0920  0.0970  0.0690  0.7420  1
119:   0.6897  0.1782  0.0541  0.0781  1
120:   0.0789  0.5005  0.2597  0.1608  1
121:   0.0561  0.6336  0.2563  0.0541  1
122:   0.1171  0.2673  0.5345  0.0811  1
123:   0.0350  0.0580  0.8700  0.0370  1
124:   0.0659  0.4276  0.4565  0.0500  1
125:   0.0820  0.0650  0.6810  0.1720  1
126:   0.0739  0.4605  0.2807  0.1848  1
127:   0.1600  0.4670  0.2260  0.1470  1
128:   0.7070  0.1050  0.0650  0.1230  1
129:   0.1190  0.2500  0.5480  0.0830  1
130:   0.0540  0.6100  0.1100  0.2260  1
131:   0.1530  0.0890  0.7210  0.0370  1
132:   0.2340  0.5280  0.0590  0.1790  1
133:   0.8780  0.0410  0.0340  0.0470  1
134:   0.0420  0.5245  0.3483  0.0851  1
135:   0.0470  0.7760  0.1110  0.0660  1
136:   0.0650  0.1190  0.1240  0.6920  1
137:   0.1460  0.4750  0.1570  0.2220  1
138:   0.7230  0.1040  0.1230  0.0500  1
139:   0.0550  0.0500  0.0790  0.8160  1
140:   0.0480  0.5110  0.3840  0.0570  1
141:   0.1319  0.5265  0.1578  0.1838  1
142:   0.6384  0.1918  0.0569  0.1129  1
143:   0.1200  0.5400  0.1150  0.2250  1
144:   0.0980  0.7250  0.0500  0.1270  1
145:   0.0741  0.1952  0.6517  0.0791  1
146:   0.0830  0.6740  0.1240  0.1190  1
147:   0.1690  0.1250  0.6050  0.1010  1
148:   0.0840  0.4010  0.4360  0.0790  1
149:   0.7180  0.0860  0.1390  0.0570  1
150:   0.4106  0.4366  0.0699  0.0829  1
151:   0.8561  0.0380  0.0430  0.0629  1
152:   0.0380  0.6783  0.2298  0.0539  1
153:   0.7540  0.0620  0.0320  0.1520  1
154:   0.1339  0.5924  0.1658  0.1079  1
155:   0.0531  0.7097  0.1451  0.0921  1
156:   0.2010  0.4410  0.0770  0.2810  1
157:   0.1140  0.0830  0.7030  0.1000  1
158:   0.2710  0.3120  0.2350  0.1820  1
159:   0.0691  0.1031  0.1191  0.7087  1
160:   0.0450  0.0590  0.0460  0.8500  1
161:   0.0870  0.0610  0.0760  0.7760  1
162:   0.0719  0.5714  0.2857  0.0709  1
163:   0.1440  0.1790  0.6280  0.0490  1
164:   0.0500  0.0470  0.0440  0.8590  1
165:   0.3190  0.2600  0.3000  0.1210  1
166:   0.5010  0.2320  0.1160  0.1510  1
167:   0.4555  0.3596  0.1139  0.0709  1
168:   0.1299  0.4555  0.0899  0.3247  1
169:   0.0330  0.0520  0.0340  0.8810  1
170:   0.0580  0.1680  0.0690  0.7050  1
171:   0.1130  0.1920  0.6470  0.0480  1
172:   0.8530  0.0550  0.0380  0.0540  1
173:   0.8140  0.1060  0.0300  0.0500  1
174:   0.2800  0.2350  0.2750  0.2100  1
175:   0.1081  0.1572  0.6216  0.1131  1
176:   0.0410  0.1239  0.0669  0.7682  1
177:   0.1481  0.2442  0.3914  0.2162  1
178:   0.7600  0.0980  0.0860  0.0560  1
179:   0.5784  0.1389  0.1828  0.0999  1
180:   0.0601  0.2392  0.0460  0.6547  1
181:   0.0940  0.4640  0.2520  0.1900  1
182:   0.7010  0.0610  0.1480  0.0900  1
183:   0.0710  0.0470  0.0380  0.8440  1
184:   0.3060  0.2850  0.2420  0.1670  1
185:   0.1540  0.1990  0.2190  0.4280  1
186:   0.1459  0.2328  0.0879  0.5335  1
187:   0.0560  0.3470  0.5480  0.0490  1
188:   0.0560  0.0400  0.0270  0.8770  1
189:   0.1361  0.2382  0.2853  0.3403  1
190:   0.1550  0.5860  0.0660  0.1930  1
191:   0.8260  0.0720  0.0570  0.0450  1
192:   0.0749  0.0869  0.3976  0.4406  1
193:   0.2510  0.2310  0.1460  0.3720  1
194:   0.0520  0.7130  0.1580  0.0770  1
195:   0.7730  0.0860  0.0920  0.0490  1
196:   0.0460  0.2590  0.0950  0.6000  1
197:   0.1479  0.5934  0.1848  0.0739  1
198:   0.8641  0.0490  0.0470  0.0400  1
199:   0.0760  0.0660  0.8110  0.0470  1
200:   0.8810  0.0440  0.0490  0.0260  1
201:   0.0410  0.1059  0.0310  0.8222  1
202:   0.0900  0.1850  0.6300  0.0950  1
203:   0.0590  0.6420  0.2320  0.0670  1
204:   0.3007  0.3117  0.3147  0.0729  1
205:   0.0300  0.0490  0.8840  0.0370  1
206:   0.0630  0.4320  0.4190  0.0860  1
207:   0.4940  0.2850  0.1410  0.0800  1
208:   0.8830  0.0430  0.0430  0.0310  1
209:   0.6760  0.0960  0.0980  0.1300  1
210:   0.0810  0.5180  0.2510  0.1500  1
211:   0.7798  0.0941  0.0501  0.0761  1
212:   0.8849  0.0420  0.0380  0.0350  1
213:   0.0810  0.4460  0.1550  0.3180  1
214:   0.0300  0.7390  0.1740  0.0570  1
215:   0.7020  0.1730  0.0500  0.0750  1
216:   0.7640  0.1090  0.0510  0.0760  1
217:   0.0470  0.1249  0.6633  0.1648  1
218:   0.0710  0.0760  0.7980  0.0550  1
219:   0.7550  0.1470  0.0290  0.0690  1
220:   0.1470  0.2750  0.4680  0.1100  1
221:   0.0380  0.7632  0.1199  0.0789  1
222:   0.0950  0.4310  0.3120  0.1620  1
223:   0.0760  0.7220  0.1190  0.0830  1
224:   0.2590  0.3010  0.2390  0.2010  1
225:   0.0589  0.0859  0.0490  0.8062  1
226:   0.3170  0.2230  0.1440  0.3160  1
227:   0.0280  0.0610  0.8840  0.0270  1
228:   0.1560  0.1610  0.6300  0.0530  1
229:   0.1572  0.1451  0.1151  0.5826  1
230:   0.4560  0.1500  0.3280  0.0660  1
231:   0.8820  0.0570  0.0250  0.0360  1
232:   0.5200  0.0580  0.3550  0.0670  1
233:   0.8108  0.0981  0.0440  0.0470  1
234:   0.7830  0.0700  0.0790  0.0680  1
235:   0.0450  0.2850  0.0460  0.6240  1
236:   0.0680  0.4130  0.4210  0.0980  1
237:   0.6513  0.1189  0.1319  0.0979  1
238:   0.0410  0.5936  0.2613  0.1041  1
239:   0.0681  0.0511  0.3894  0.4915  1
240:   0.0560  0.5740  0.1950  0.1750  1
241:   0.1480  0.5440  0.0830  0.2250  1
242:   0.0899  0.0869  0.0939  0.7293  1
243:   0.4244  0.2352  0.2773  0.0631  1
244:   0.0530  0.1910  0.7290  0.0270  1
245:   0.6416  0.0981  0.0350  0.2252  1
246:   0.5155  0.0999  0.3177  0.0669  1
247:   0.0580  0.2410  0.0520  0.6490  1
248:   0.0789  0.1748  0.0749  0.6713  1
249:   0.8038  0.1071  0.0470  0.0420  1
250:   0.1279  0.3357  0.0749  0.4615  1
251:   0.8610  0.0290  0.0510  0.0590  1
252:   0.1039  0.6044  0.1708  0.1209  1
253:   0.0310  0.1400  0.7880  0.0410  1
254:   0.0440  0.3846  0.2148  0.3566  1
255:   0.5824  0.1049  0.2597  0.0529  1
256:   0.0509  0.6254  0.2567  0.0669  1
257:   0.3690  0.1820  0.0640  0.3850  1
258:   0.0370  0.0740  0.0350  0.8540  1
259:   0.0470  0.0470  0.0290  0.8770  1
260:   0.0940  0.5390  0.1480  0.2190  1
261:   0.0540  0.0890  0.7910  0.0660  1
262:   0.0631  0.1532  0.6997  0.0841  1
263:   0.0741  0.7367  0.0681  0.1211  1
264:   0.0360  0.1230  0.7990  0.0420  1
265:   0.1020  0.0850  0.3380  0.4750  1
266:   0.0910  0.3570  0.0930  0.4590  1
267:   0.8510  0.0690  0.0380  0.0420  1
268:   0.7780  0.0910  0.0690  0.0620  1
269:   0.1732  0.1181  0.0691  0.6396  1
270:   0.0530  0.1370  0.0340  0.7760  1
271:   0.0890  0.2730  0.5990  0.0390  1
272:   0.0830  0.1440  0.6900  0.0830  1
273:   0.8088  0.0691  0.0521  0.0701  1
274:   0.0460  0.0760  0.0330  0.8450  1
275:   0.5674  0.2178  0.1129  0.1019  1
276:   0.1780  0.4210  0.1070  0.2940  1
277:   0.0500  0.5794  0.2158  0.1548  1
278:   0.5080  0.2030  0.1550  0.1340  1
279:   0.0280  0.2797  0.2807  0.4116  1
280:   0.0971  0.4004  0.2953  0.2072  1
281:   0.8280  0.0560  0.0400  0.0760  1
282:   0.0370  0.4740  0.4050  0.0840  1
283:   0.1920  0.1150  0.5950  0.0980  1
284:   0.3960  0.1710  0.2240  0.2090  1
285:   0.3120  0.1920  0.2700  0.2260  1
286:   0.0619  0.2647  0.2038  0.4695  1
287:   0.0950  0.2620  0.6000  0.0430  1
288:   0.0800  0.5190  0.2540  0.1470  1
289:   0.3390  0.4010  0.1430  0.1170  1
290:   0.0530  0.2490  0.6450  0.0530  1
291:   0.0320  0.4570  0.4560  0.0550  1
292:   0.4920  0.0470  0.4150  0.0460  1
293:   0.7130  0.1230  0.0370  0.1270  1
294:   0.0560  0.6300  0.1520  0.1620  1
295:   0.0650  0.0620  0.8020  0.0710  1
296:   0.0750  0.3570  0.5090  0.0590  1
297:   0.0891  0.1271  0.7337  0.0501  1
298:   0.0990  0.0760  0.0230  0.8020  1
299:   0.0610  0.4240  0.0980  0.4170  1
300:   0.0470  0.1070  0.0270  0.8190  1
301:   0.0670  0.2340  0.3270  0.3720  1
302:   0.0410  0.0791  0.0240  0.8559  1
303:   0.0360  0.6680  0.2060  0.0900  1
304:   0.0680  0.2750  0.0960  0.5610  1
305:   0.2060  0.2890  0.1920  0.3130  1
306:   0.2610  0.5970  0.0680  0.0740  1
307:   0.1250  0.7340  0.0810  0.0600  1
308:   0.1648  0.2857  0.0769  0.4725  1
309:   0.2172  0.3744  0.0961  0.3123  1
310:   0.7800  0.0710  0.0490  0.1000  1
311:   0.6470  0.1230  0.0680  0.1620  1
312:   0.0220  0.0360  0.0170  0.9250  1
313:   0.0420  0.0440  0.8310  0.0830  1
314:   0.0810  0.0830  0.1010  0.7350  1
315:   0.0350  0.0360  0.0260  0.9030  1
316:   0.8539  0.0440  0.0611  0.0410  1
317:   0.7500  0.0910  0.0490  0.1100  1
318:   0.0500  0.1240  0.0830  0.7430  1
319:   0.8999  0.0340  0.0290  0.0370  1
320:   0.0320  0.0541  0.0310  0.8829  1
321:   0.1572  0.1251  0.6106  0.1071  1
322:   0.1920  0.5690  0.0850  0.1540  1
323:   0.0860  0.4780  0.2680  0.1680  1
324:   0.0590  0.0550  0.0470  0.8390  1
325:   0.8510  0.0510  0.0360  0.0620  1
326:   0.1161  0.3944  0.3093  0.1802  1
327:   0.7187  0.0901  0.1411  0.0501  1
328:   0.0519  0.7193  0.0839  0.1449  1
329:   0.0440  0.6593  0.1259  0.1708  1
330:   0.0561  0.4955  0.3383  0.1101  1
331:   0.3340  0.3340  0.1860  0.1460  1
332:   0.0780  0.4840  0.3690  0.0690  1
333:   0.1280  0.1270  0.2080  0.5370  1
334:   0.8621  0.0470  0.0430  0.0480  1
335:   0.6870  0.1090  0.0540  0.1500  1
336:   0.0801  0.4925  0.3003  0.1271  1
337:   0.0651  0.1131  0.1532  0.6687  1
338:   0.0740  0.7960  0.0550  0.0750  1
339:   0.8432  0.0629  0.0490  0.0450  1
340:   0.0820  0.2870  0.5180  0.1130  1
341:   0.0450  0.5634  0.2228  0.1688  1
342:   0.0470  0.0579  0.8651  0.0300  1
343:   0.1119  0.0470  0.0659  0.7752  1
344:   0.1219  0.6903  0.0599  0.1279  1
345:   0.8609  0.0521  0.0440  0.0430  1
346:   0.0370  0.0480  0.0740  0.8410  1
347:   0.4046  0.4136  0.0939  0.0879  1
348:   0.6670  0.0930  0.1460  0.0940  1
349:   0.6570  0.1130  0.1310  0.0990  1
350:   0.6050  0.1420  0.0880  0.1650  1
351:   0.1788  0.5634  0.1389  0.1189  1
352:   0.1070  0.4110  0.4320  0.0500  1
353:   0.8038  0.0611  0.0731  0.0621  1
354:   0.3874  0.1391  0.3684  0.1051  1
355:   0.5864  0.2797  0.0989  0.0350  1
356:   0.0280  0.0400  0.0380  0.8939  1
357:   0.0410  0.0580  0.8610  0.0400  1
358:   0.1010  0.1470  0.0930  0.6590  1
359:   0.0580  0.1150  0.2040  0.6230  1
360:   0.1030  0.1240  0.7160  0.0570  1
361:   0.0380  0.0830  0.0910  0.7880  1
362:   0.0640  0.6210  0.2370  0.0780  1
363:   0.0400  0.8468  0.0711  0.0420  1
364:   0.1449  0.4026  0.3457  0.1069  1
365:   0.3110  0.4600  0.0370  0.1920  1
366:   0.0760  0.1860  0.1590  0.5790  1
367:   0.1882  0.4565  0.0951  0.2603  1
368:   0.2480  0.6310  0.0770  0.0440  1
369:   0.0470  0.1782  0.7177  0.0571  1
370:   0.5850  0.2140  0.0830  0.1180  1
371:   0.0819  0.1568  0.7043  0.0569  1
372:   0.0849  0.1588  0.7103  0.0460  1
373:   0.0979  0.1568  0.2438  0.5015  1
374:   0.1130  0.1120  0.0580  0.7170  1
375:   0.0310  0.0670  0.8740  0.0280  1
376:   0.7430  0.1040  0.0870  0.0660  1
377:   0.0490  0.0740  0.0670  0.8100  1
378:   0.0541  0.0501  0.0991  0.7968  1
379:   0.8260  0.0680  0.0710  0.0350  1
380:   0.3030  0.1800  0.3560  0.1610  1
381:   0.0749  0.3017  0.2148  0.4086  1
382:   0.0760  0.0450  0.8330  0.0460  1
383:   0.0791  0.7648  0.1121  0.0440  1
384:   0.0730  0.1440  0.1420  0.6410  1
385:   0.5990  0.1030  0.0590  0.2390  1
386:   0.1090  0.6770  0.1470  0.0670  1
387:   0.0350  0.6030  0.3080  0.0540  1
388:   0.0681  0.0901  0.5656  0.2763  1
389:   0.5614  0.0949  0.2937  0.0500  1
390:   0.0640  0.1170  0.7680  0.0510  1
391:   0.3103  0.3033  0.2783  0.1081  1
392:   0.0500  0.2930  0.1890  0.4680  1
393:   0.2533  0.2232  0.2713  0.2523  1
394:   0.7620  0.1210  0.0490  0.0680  1
395:   0.0380  0.7548  0.1602  0.0470  1
396:   0.0679  0.0749  0.6344  0.2228  1
397:   0.0410  0.2790  0.5480  0.1320  1
398:   0.0450  0.3040  0.1240  0.5270  1
399:   0.0560  0.2050  0.6860  0.0530  1
400:   0.1290  0.4670  0.2940  0.1100  1
401:   0.0430  0.7177  0.1401  0.0991  1
402:   0.7880  0.0690  0.0740  0.0690  1
403:   0.0651  0.1782  0.0741  0.6827  1
404:   0.3060  0.4610  0.1100  0.1230  1
405:   0.5820  0.1290  0.1350  0.1540  1
406:   0.0570  0.0690  0.8130  0.0610  1
407:   0.1020  0.1650  0.6930  0.0400  1
408:   0.1240  0.3470  0.0550  0.4740  1
409:   0.2597  0.3696  0.2617  0.1089  1
410:   0.0400  0.3440  0.5550  0.0610  1
411:   0.0771  0.4244  0.2603  0.2382  1
412:   0.3500  0.3310  0.1370  0.1820  1
413:   0.5380  0.1640  0.1500  0.1480  1
414:   0.3150  0.2900  0.1870  0.2080  1
415:   0.0541  0.0731  0.0450  0.8278  1
416:   0.8670  0.0490  0.0490  0.0350  1
417:   0.0979  0.4276  0.3726  0.1019  1
418:   0.2653  0.4505  0.2072  0.0771  1
419:   0.1600  0.1460  0.5850  0.1090  1
420:   0.0569  0.4376  0.3407  0.1648  1
421:   0.4840  0.2430  0.1500  0.1230  1
422:   0.3380  0.3680  0.0820  0.2120  1
423:   0.0330  0.8170  0.1200  0.0300  1
424:   0.0380  0.0440  0.0390  0.8789  1
425:   0.0530  0.2210  0.5690  0.1570  1
426:   0.5646  0.2012  0.1301  0.1041  1
427:   0.2170  0.2640  0.4260  0.0930  1
428:   0.0910  0.3770  0.4360  0.0960  1
429:   0.0550  0.6700  0.2230  0.0520  1
430:   0.0310  0.0400  0.0330  0.8960  1
431:   0.0650  0.7450  0.0920  0.0980  1
432:   0.8230  0.0640  0.0540  0.0590  1
433:   0.0690  0.0500  0.8190  0.0620  1
434:   0.4865  0.0781  0.0651  0.3704  1
435:   0.1938  0.4336  0.2687  0.1039  1
436:   0.1960  0.1140  0.6100  0.0800  1
437:   0.0440  0.0660  0.0610  0.8290  1
438:   0.4466  0.1309  0.0559  0.3666  1
439:   0.0750  0.4720  0.3610  0.0920  1
440:   0.0521  0.0651  0.0340  0.8488  1
441:   0.7230  0.0880  0.1470  0.0420  1
442:   0.0770  0.1180  0.5370  0.2680  1
443:   0.0510  0.0740  0.8410  0.0340  1
444:   0.0631  0.6026  0.2132  0.1211  1
445:   0.0590  0.5180  0.3430  0.0800  1
446:   0.8729  0.0531  0.0400  0.0340  1
447:   0.0520  0.4460  0.4030  0.0990  1
448:   0.0991  0.1662  0.0501  0.6847  1
449:   0.0551  0.0470  0.0521  0.8458  1
450:   0.8770  0.0300  0.0520  0.0410  1
451:   0.8440  0.0550  0.0520  0.0490  1
452:   0.0350  0.0511  0.8749  0.0390  1
453:   0.8510  0.0480  0.0510  0.0500  1
454:   0.5910  0.2070  0.1170  0.0850  1
455:   0.1149  0.5714  0.2488  0.0649  1
456:   0.8230  0.0690  0.0580  0.0500  1
457:   0.0779  0.0569  0.0989  0.7662  1
458:   0.0430  0.5405  0.2853  0.1311  1
459:   0.7948  0.0561  0.1031  0.0460  1
460:   0.0430  0.3093  0.5806  0.0671  1
461:   0.0701  0.0470  0.0591  0.8238  1
462:   0.8510  0.0400  0.0670  0.0420  1
463:   0.5540  0.2020  0.0580  0.1860  1
464:   0.0750  0.2850  0.5070  0.1330  1
465:   0.7323  0.1029  0.0380  0.1269  1
466:   0.1090  0.3710  0.4520  0.0680  1
467:   0.0590  0.0530  0.8550  0.0330  1
468:   0.0850  0.6530  0.1650  0.0970  1
469:   0.0260  0.0490  0.9039  0.0210  1
470:   0.4040  0.2840  0.0640  0.2480  1
471:   0.0660  0.4680  0.2260  0.2400  1
472:   0.1280  0.5590  0.1270  0.1860  1
473:   0.0820  0.6930  0.0950  0.1300  1
474:   0.0500  0.5390  0.3500  0.0610  1
475:   0.0290  0.4630  0.1050  0.4030  1
476:   0.7952  0.1099  0.0310  0.0639  1
477:   0.0400  0.6973  0.0639  0.1988  1
478:   0.0390  0.0460  0.0400  0.8750  1
479:   0.0660  0.2840  0.5760  0.0740  1
480:   0.0530  0.0570  0.8300  0.0600  1
481:   0.0840  0.1260  0.1400  0.6500  1
482:   0.0670  0.0740  0.0840  0.7750  1
483:   0.1570  0.3600  0.3540  0.1290  1
