  1:   0.3808  0.2279  0.0108  0.1240  0.0672  0.1893  1
  2:   0.0742  0.0604  0.7254  0.0470  0.0420  0.0510  1
  3:   0.1276  0.1302  0.3407  0.1356  0.1350  0.1310  1
  4:   0.0298  0.0300  0.8521  0.0292  0.0296  0.0292  1
  5:   0.0962  0.0712  0.6707  0.0510  0.0450  0.0660  1
  6:   0.0362  0.0332  0.8374  0.0310  0.0308  0.0314  1
  7:   0.0490  0.0444  0.7848  0.0408  0.0394  0.0416  1
  8:   0.0610  0.0586  0.7165  0.0554  0.0520  0.0566  1
  9:   0.0248  0.0252  0.8734  0.0258  0.0254  0.0254  1
 10:   0.1736  0.1782  0.1390  0.1750  0.1712  0.1632  1
 11:   0.0222  0.0236  0.8869  0.0220  0.0230  0.0222  1
 12:   0.1048  0.0994  0.5327  0.0852  0.0844  0.0936  1
 13:   0.0224  0.0222  0.8908  0.0214  0.0212  0.0220  1
 14:   0.1560  0.1646  0.1584  0.1740  0.1786  0.1686  1
 15:   0.0454  0.0490  0.7474  0.0558  0.0498  0.0528  1
 16:   0.1678  0.1688  0.1594  0.1686  0.1564  0.1790  1
 17:   0.0734  0.0736  0.6244  0.0734  0.0726  0.0826  1
 18:   0.1156  0.1258  0.3341  0.1358  0.1334  0.1554  1
 19:   0.0907  0.0885  0.5577  0.0841  0.0905  0.0883  1
 20:   0.0744  0.0698  0.6712  0.0608  0.0588  0.0650  1
 21:   0.1050  0.0874  0.6088  0.0658  0.0596  0.0736  1
 22:   0.1671  0.1669  0.1667  0.1665  0.1661  0.1669  1
 23:   0.1126  0.0842  0.6210  0.0574  0.0510  0.0738  1
 24:   0.0704  0.0600  0.7259  0.0468  0.0418  0.0550  1
 25:   0.2016  0.1652  0.2530  0.1230  0.1124  0.1448  1
 26:   0.0944  0.0942  0.5249  0.0902  0.1018  0.0946  1
 27:   0.1012  0.0908  0.5679  0.0766  0.0812  0.0822  1
 28:   0.1802  0.1820  0.1220  0.1736  0.1704  0.1720  1
 29:   0.0596  0.0538  0.7360  0.0492  0.0490  0.0524  1
 30:   0.0672  0.0568  0.7359  0.0452  0.0416  0.0534  1
 31:   0.0204  0.0198  0.9006  0.0202  0.0194  0.0196  1
 32:   0.1032  0.0994  0.5698  0.0748  0.0690  0.0836  1
 33:   0.0878  0.0806  0.6121  0.0732  0.0696  0.0768  1
 34:   0.0806  0.0780  0.6299  0.0694  0.0626  0.0794  1
 35:   0.1298  0.1272  0.3689  0.1238  0.1212  0.1292  1
 36:   0.1666  0.1600  0.2160  0.1516  0.1412  0.1644  1
 37:   0.1712  0.1698  0.1674  0.1600  0.1722  0.1596  1
 38:   0.1694  0.1818  0.0650  0.1944  0.1982  0.1910  1
 39:   0.0358  0.0326  0.8382  0.0300  0.0308  0.0326  1
 40:   0.0492  0.0434  0.7896  0.0386  0.0376  0.0416  1
 41:   0.1432  0.1438  0.2869  0.1380  0.1426  0.1456  1
 42:   0.0648  0.0620  0.7075  0.0532  0.0548  0.0576  1
 43:   0.2598  0.1866  0.1570  0.1290  0.1032  0.1644  1
 44:   0.0668  0.0688  0.6624  0.0680  0.0702  0.0636  1
 45:   0.1152  0.0876  0.5954  0.0650  0.0570  0.0800  1
 46:   0.1544  0.1498  0.2621  0.1482  0.1430  0.1424  1
 47:   0.1676  0.1662  0.1952  0.1590  0.1604  0.1516  1
 48:   0.1462  0.1162  0.4766  0.0840  0.0724  0.1046  1
 49:   0.1717  0.1821  0.0606  0.2016  0.2024  0.1817  1
 50:   0.1754  0.1890  0.0816  0.1838  0.1904  0.1796  1
 51:   0.1577  0.1805  0.0288  0.2265  0.2265  0.1801  1
 52:   0.2186  0.1994  0.0250  0.1802  0.1886  0.1882  1
 53:   0.1582  0.1748  0.0508  0.2092  0.2026  0.2042  1
 54:   0.1548  0.1832  0.0298  0.2212  0.2104  0.2004  1
 55:   0.1714  0.1750  0.1160  0.1822  0.1818  0.1734  1
 56:   0.1918  0.1906  0.0110  0.2094  0.1834  0.2140  1
 57:   0.1676  0.1920  0.0286  0.2188  0.2124  0.1806  1
 58:   0.2165  0.1965  0.0898  0.1651  0.1621  0.1701  1
 59:   0.1446  0.1688  0.0664  0.2178  0.1952  0.2072  1
 60:   0.1741  0.1889  0.0264  0.2165  0.1987  0.1953  1
 61:   0.2018  0.2014  0.0344  0.1904  0.1872  0.1848  1
 62:   0.1954  0.1876  0.0987  0.1737  0.1759  0.1687  1
 63:   0.2332  0.1962  0.1330  0.1430  0.1306  0.1642  1
 64:   0.1917  0.1921  0.0294  0.1881  0.2113  0.1875  1
 65:   0.2080  0.2026  0.0342  0.1848  0.1824  0.1882  1
 66:   0.1795  0.1757  0.0916  0.1751  0.1901  0.1879  1
 67:   0.1970  0.2010  0.0344  0.1890  0.2102  0.1686  1
 68:   0.1744  0.1908  0.0146  0.2104  0.2128  0.1968  1
 69:   0.1607  0.1759  0.0180  0.2015  0.2531  0.1909  1
 70:   0.1687  0.1892  0.0146  0.2272  0.2176  0.1827  1
 71:   0.1534  0.1726  0.1146  0.1922  0.1820  0.1852  1
 72:   0.1590  0.1810  0.0168  0.2190  0.2256  0.1984  1
 73:   0.1818  0.1938  0.0182  0.2038  0.2234  0.1790  1
 74:   0.1668  0.1866  0.0348  0.2168  0.1916  0.2032  1
 75:   0.1876  0.1922  0.0346  0.1984  0.1914  0.1956  1
 76:   0.1715  0.1835  0.0152  0.2255  0.2165  0.1879  1
 77:   0.1898  0.2042  0.0260  0.1878  0.1930  0.1990  1
 78:   0.2221  0.1989  0.0188  0.1909  0.1605  0.2087  1
 79:   0.1689  0.1855  0.0242  0.1967  0.2467  0.1781  1
 80:   0.2107  0.2037  0.0318  0.1827  0.1701  0.2009  1
 81:   0.1884  0.1958  0.0296  0.2030  0.1946  0.1884  1
 82:   0.1770  0.1856  0.0832  0.1938  0.1682  0.1922  1
 83:   0.1972  0.1992  0.0208  0.1924  0.2000  0.1902  1
 84:   0.2012  0.1976  0.0260  0.1958  0.1884  0.1910  1
 85:   0.1374  0.1362  0.3250  0.1266  0.1386  0.1362  1
 86:   0.1308  0.1300  0.3283  0.1332  0.1372  0.1404  1
 87:   0.1390  0.1600  0.1252  0.1952  0.1756  0.2050  1
 88:   0.1569  0.1789  0.0320  0.2205  0.1973  0.2145  1
 89:   0.1782  0.1944  0.0318  0.2052  0.1914  0.1990  1
 90:   0.1741  0.1803  0.0316  0.1973  0.2339  0.1827  1
 91:   0.1886  0.1908  0.0622  0.1934  0.1736  0.1912  1
 92:   0.1875  0.1849  0.0986  0.1717  0.1715  0.1859  1
 93:   0.1832  0.1936  0.0280  0.2030  0.2204  0.1720  1
 94:   0.1540  0.1434  0.2314  0.1392  0.1764  0.1558  1
 95:   0.1794  0.1820  0.0256  0.1834  0.2448  0.1846  1
 96:   0.1305  0.1669  0.0304  0.2255  0.2171  0.2295  1
 97:   0.1401  0.1599  0.1543  0.1979  0.1841  0.1635  1
 98:   0.1518  0.1602  0.1282  0.1792  0.1866  0.1940  1
 99:   0.1988  0.1916  0.0666  0.1862  0.1788  0.1780  1
100:   0.1310  0.1352  0.3193  0.1340  0.1430  0.1376  1
101:   0.1895  0.1889  0.0818  0.1841  0.1809  0.1749  1
102:   0.1819  0.1841  0.0224  0.2089  0.1881  0.2145  1
103:   0.1778  0.1826  0.0552  0.2014  0.1934  0.1896  1
104:   0.2076  0.1994  0.0244  0.1970  0.1836  0.1878  1
105:   0.1823  0.1785  0.1351  0.1709  0.1619  0.1715  1
106:   0.2066  0.1904  0.1278  0.1604  0.1466  0.1680  1
107:   0.1032  0.1072  0.4618  0.1120  0.1070  0.1088  1
108:   0.1448  0.1718  0.0216  0.2166  0.2118  0.2334  1
109:   0.1773  0.1769  0.1395  0.1607  0.1643  0.1813  1
110:   0.2072  0.2048  0.0186  0.1960  0.1912  0.1824  1
111:   0.1869  0.1963  0.0468  0.1929  0.2033  0.1737  1
112:   0.1967  0.1851  0.0372  0.1927  0.1989  0.1895  1
113:   0.1409  0.1709  0.0402  0.2139  0.2155  0.2187  1
114:   0.1659  0.1653  0.2263  0.1439  0.1463  0.1525  1
115:   0.1948  0.2028  0.0322  0.1848  0.2118  0.1736  1
116:   0.1865  0.1879  0.0256  0.1925  0.2265  0.1809  1
117:   0.1772  0.1930  0.0466  0.1886  0.2100  0.1844  1
118:   0.2046  0.1878  0.0672  0.1738  0.1794  0.1872  1
119:   0.1958  0.1962  0.0482  0.1866  0.1882  0.1850  1
120:   0.1310  0.1684  0.0126  0.2284  0.2264  0.2332  1
121:   0.2105  0.1941  0.0476  0.1843  0.1757  0.1879  1
122:   0.2358  0.2076  0.0214  0.1746  0.1790  0.1818  1
123:   0.1853  0.1883  0.0534  0.1891  0.2041  0.1797  1
124:   0.2190  0.1914  0.1160  0.1572  0.1494  0.1672  1
125:   0.1626  0.1816  0.0372  0.2142  0.2010  0.2034  1
126:   0.1696  0.1790  0.1232  0.1798  0.1794  0.1692  1
127:   0.1383  0.1643  0.0947  0.2031  0.1909  0.2087  1
128:   0.1810  0.1872  0.0226  0.2090  0.1862  0.2138  1
129:   0.1964  0.1948  0.0220  0.1860  0.2088  0.1920  1
130:   0.1542  0.1786  0.0220  0.2128  0.2120  0.2205  1
131:   0.2325  0.2127  0.0272  0.1751  0.1603  0.1923  1
132:   0.2222  0.1992  0.0576  0.1818  0.1492  0.1898  1
133:   0.1785  0.1801  0.1176  0.1725  0.1871  0.1643  1
134:   0.2006  0.1892  0.0430  0.1814  0.1854  0.2004  1
135:   0.1515  0.1767  0.0352  0.2071  0.2257  0.2039  1
136:   0.1784  0.1898  0.0412  0.1930  0.2200  0.1778  1
137:   0.1944  0.1914  0.0516  0.1884  0.1848  0.1894  1
138:   0.1894  0.1864  0.0622  0.1802  0.2054  0.1764  1
139:   0.1897  0.1911  0.0496  0.1879  0.2123  0.1695  1
140:   0.1836  0.1834  0.1146  0.1676  0.1908  0.1598  1
141:   0.1667  0.1755  0.1021  0.1811  0.1945  0.1801  1
142:   0.2410  0.2082  0.0374  0.1772  0.1526  0.1836  1
143:   0.2126  0.2090  0.0132  0.1932  0.1916  0.1804  1
144:   0.2079  0.2029  0.0224  0.1879  0.1981  0.1807  1
145:   0.1469  0.1467  0.1979  0.1577  0.1791  0.1717  1
146:   0.1684  0.1804  0.0744  0.1982  0.1814  0.1972  1
147:   0.1782  0.1786  0.0512  0.1864  0.2064  0.1990  1
148:   0.1958  0.1936  0.0254  0.2002  0.2004  0.1848  1
149:   0.1692  0.1864  0.0612  0.1994  0.1962  0.1878  1
150:   0.1540  0.1756  0.0350  0.2102  0.2132  0.2120  1
151:   0.1366  0.1506  0.1890  0.1842  0.1554  0.1840  1
152:   0.1552  0.1726  0.0432  0.2220  0.1972  0.2098  1
153:   0.1416  0.1398  0.3540  0.1190  0.1150  0.1306  1
154:   0.2121  0.2073  0.0412  0.1795  0.1715  0.1883  1
155:   0.1759  0.1769  0.0828  0.1767  0.2075  0.1801  1
156:   0.1780  0.1854  0.0218  0.1994  0.2330  0.1824  1
157:   0.1884  0.1988  0.0154  0.2006  0.1998  0.1972  1
158:   0.1830  0.1838  0.0572  0.1896  0.1862  0.2000  1
159:   0.1924  0.1916  0.0340  0.2024  0.1708  0.2088  1
160:   0.1865  0.1911  0.0208  0.1951  0.2265  0.1801  1
161:   0.1544  0.1838  0.0180  0.2144  0.2264  0.2030  1
162:   0.1650  0.1754  0.0556  0.1860  0.2254  0.1926  1
163:   0.1840  0.1986  0.0212  0.1956  0.2258  0.1746  1
164:   0.1972  0.2026  0.0410  0.1820  0.1938  0.1836  1
165:   0.1891  0.1994  0.0224  0.2010  0.2020  0.1862  1
166:   0.1840  0.1846  0.0222  0.1974  0.2328  0.1790  1
167:   0.1905  0.1921  0.0212  0.1917  0.2075  0.1969  1
168:   0.1890  0.1988  0.0238  0.2026  0.2048  0.1808  1
169:   0.1384  0.1706  0.0190  0.2130  0.2364  0.2226  1
170:   0.1486  0.1780  0.0346  0.2082  0.2237  0.2068  1
171:   0.1813  0.1921  0.0204  0.1993  0.2247  0.1823  1
172:   0.1902  0.1978  0.0284  0.2012  0.1912  0.1910  1
173:   0.1907  0.2035  0.0262  0.1933  0.2105  0.1759  1
174:   0.1780  0.1856  0.0268  0.2050  0.1994  0.2050  1
175:   0.1810  0.1886  0.0196  0.2084  0.1972  0.2052  1
176:   0.1856  0.1966  0.0240  0.1940  0.2042  0.1954  1
177:   0.1666  0.1828  0.0468  0.2132  0.2032  0.1874  1
178:   0.2203  0.1957  0.0312  0.1801  0.1637  0.2089  1
179:   0.1868  0.1946  0.0486  0.2020  0.1936  0.1746  1
180:   0.1662  0.1836  0.0240  0.2252  0.2172  0.1838  1
181:   0.1653  0.1881  0.0734  0.2005  0.1879  0.1847  1
182:   0.1616  0.1672  0.1858  0.1624  0.1592  0.1638  1
183:   0.1794  0.1924  0.0266  0.2046  0.1884  0.2084  1
184:   0.1630  0.1760  0.0460  0.2092  0.2086  0.1970  1
185:   0.1680  0.1820  0.0300  0.2128  0.1968  0.2106  1
186:   0.1932  0.1828  0.0696  0.1812  0.1820  0.1910  1
187:   0.1842  0.1952  0.0162  0.2042  0.2282  0.1722  1
188:   0.1823  0.1841  0.0360  0.1937  0.1975  0.2063  1
189:   0.1770  0.1880  0.0596  0.1992  0.1880  0.1884  1
190:   0.1746  0.1818  0.0716  0.1906  0.1952  0.1864  1
191:   0.1742  0.1858  0.0260  0.2224  0.2066  0.1850  1
192:   0.1695  0.1835  0.0564  0.2127  0.2011  0.1767  1
193:   0.1789  0.1729  0.0570  0.1791  0.2229  0.1893  1
194:   0.1168  0.1254  0.3880  0.1260  0.1256  0.1182  1
195:   0.2430  0.2090  0.0278  0.1646  0.1572  0.1985  1
196:   0.1632  0.1750  0.0644  0.2120  0.1944  0.1910  1
197:   0.1543  0.1541  0.1487  0.1635  0.2071  0.1725  1
198:   0.1773  0.1825  0.0554  0.1913  0.2057  0.1877  1
199:   0.1497  0.1673  0.1089  0.1991  0.1917  0.1833  1
200:   0.1644  0.1750  0.1132  0.1842  0.1734  0.1896  1
201:   0.1978  0.2016  0.0258  0.1952  0.1886  0.1912  1
202:   0.1882  0.1916  0.0624  0.1882  0.1832  0.1862  1
203:   0.1839  0.1859  0.0344  0.1965  0.2059  0.1935  1
204:   0.2401  0.2122  0.0566  0.1624  0.1432  0.1856  1
205:   0.1798  0.1824  0.0850  0.1872  0.1914  0.1742  1
206:   0.1879  0.1841  0.0308  0.1951  0.2213  0.1809  1
207:   0.1598  0.1784  0.0532  0.2080  0.1886  0.2120  1
208:   0.1923  0.1991  0.0188  0.1989  0.2089  0.1821  1
209:   0.1332  0.1534  0.1710  0.1892  0.1698  0.1836  1
210:   0.2064  0.1934  0.0768  0.1718  0.1668  0.1850  1
211:   0.2029  0.1969  0.0318  0.1929  0.1969  0.1785  1
212:   0.1824  0.1848  0.0302  0.2026  0.2188  0.1812  1
213:   0.1346  0.1302  0.3650  0.1160  0.1238  0.1304  1
214:   0.1369  0.1677  0.0276  0.2233  0.2177  0.2267  1
215:   0.1714  0.1788  0.1064  0.1870  0.1828  0.1736  1
216:   0.1932  0.1938  0.0500  0.1822  0.1882  0.1928  1
217:   0.2074  0.1794  0.1334  0.1520  0.1536  0.1740  1
218:   0.1564  0.1662  0.1768  0.1694  0.1660  0.1652  1
219:   0.1324  0.1350  0.3060  0.1378  0.1496  0.1392  1
220:   0.1596  0.1838  0.0254  0.2142  0.2136  0.2034  1
221:   0.1810  0.1782  0.0796  0.1790  0.1916  0.1908  1
222:   0.1622  0.1782  0.0284  0.2004  0.2292  0.2016  1
223:   0.1890  0.1882  0.0966  0.1722  0.1856  0.1684  1
224:   0.1770  0.1838  0.0366  0.2034  0.2088  0.1904  1
225:   0.1361  0.1363  0.3010  0.1333  0.1505  0.1429  1
226:   0.2560  0.2168  0.0232  0.1606  0.1627  0.1807  1
