1:    0.032 0.053 0.010 0.282 0.509 0.115 1    
2:    0.032 0.042 0.714 0.070 0.097 0.045 1    
3:    0.134 0.135 0.347 0.127 0.133 0.124 1    
4:    0.028 0.027 0.860 0.028 0.029 0.028 1    
5:    0.039 0.039 0.678 0.082 0.112 0.050 1    
6:    0.029 0.029 0.843 0.032 0.038 0.029 1    
7:    0.034 0.037 0.796 0.043 0.050 0.039 1    
8:    0.047 0.048 0.734 0.059 0.063 0.050 1    
9:    0.024 0.023 0.884 0.023 0.023 0.023 1    
10:   0.161 0.170 0.131 0.183 0.180 0.175 1    
11:   0.021 0.020 0.898 0.021 0.019 0.020 1    
12:   0.073 0.083 0.541 0.101 0.115 0.087 1    
13:   0.019 0.019 0.900 0.022 0.021 0.019 1    
14:   0.191 0.174 0.165 0.160 0.145 0.165 1    
15:   0.052 0.054 0.763 0.048 0.039 0.045 1    
16:   0.158 0.167 0.159 0.180 0.168 0.168 1    
17:   0.072 0.067 0.653 0.074 0.070 0.063 1    
18:   0.141 0.140 0.357 0.123 0.099 0.141 1    
19:   0.087 0.076 0.568 0.088 0.095 0.087 1    
20:   0.054 0.055 0.680 0.070 0.082 0.059 1    
21:   0.054 0.057 0.597 0.099 0.131 0.063 1    
22:   0.166 0.167 0.166 0.169 0.166 0.165 1    
23:   0.037 0.046 0.602 0.101 0.151 0.063 1    
24:   0.038 0.039 0.721 0.071 0.083 0.048 1    
25:   0.084 0.107 0.224 0.199 0.250 0.136 1    
26:   0.104 0.082 0.547 0.085 0.088 0.095 1    
27:   0.073 0.072 0.572 0.095 0.113 0.075 1    
28:   0.154 0.167 0.120 0.187 0.195 0.178 1    
29:   0.041 0.043 0.757 0.053 0.060 0.045 1    
30:   0.034 0.035 0.739 0.065 0.077 0.051 1    
31:   0.018 0.018 0.907 0.019 0.019 0.018 1    
32:   0.058 0.072 0.566 0.104 0.123 0.076 1    
33:   0.061 0.065 0.622 0.085 0.098 0.069 1    
34:   0.056 0.059 0.647 0.086 0.086 0.065 1    
35:   0.115 0.118 0.383 0.125 0.135 0.124 1    
36:   0.137 0.157 0.220 0.164 0.169 0.153 1    
37:   0.166 0.161 0.166 0.167 0.170 0.169 1    
38:   0.207 0.208 0.065 0.175 0.154 0.191 1    
39:   0.027 0.028 0.847 0.032 0.037 0.030 1    
40:   0.034 0.034 0.799 0.043 0.052 0.039 1    
41:   0.150 0.132 0.286 0.142 0.149 0.142 1    
42:   0.046 0.050 0.716 0.061 0.072 0.055 1    
43:   0.073 0.097 0.134 0.231 0.336 0.129 1    
44:   0.066 0.063 0.677 0.066 0.066 0.061 1    
45:   0.045 0.053 0.598 0.098 0.140 0.066 1    
46:   0.150 0.143 0.253 0.151 0.157 0.146 1    
47:   0.154 0.158 0.190 0.162 0.166 0.170 1    
48:   0.062 0.068 0.457 0.138 0.182 0.092 1    
49:   0.219 0.197 0.057 0.172 0.161 0.194 1    
50:   0.185 0.194 0.079 0.169 0.158 0.215 1    
51:   0.270 0.222 0.027 0.160 0.120 0.201 1    
52:   0.164 0.175 0.022 0.218 0.234 0.187 1    
53:   0.228 0.215 0.048 0.167 0.138 0.204 1    
54:   0.236 0.236 0.027 0.184 0.121 0.195 1    
55:   0.170 0.188 0.107 0.165 0.174 0.196 1    
56:   0.200 0.216 0.010 0.195 0.167 0.212 1    
57:   0.236 0.215 0.027 0.174 0.146 0.202 1    
58:   0.149 0.159 0.081 0.191 0.251 0.169 1    
59:   0.219 0.225 0.063 0.179 0.123 0.191 1    
60:   0.210 0.208 0.025 0.196 0.171 0.191 1    
61:   0.164 0.183 0.033 0.197 0.218 0.205 1    
62:   0.153 0.166 0.096 0.200 0.220 0.164 1    
63:   0.095 0.126 0.115 0.227 0.297 0.140 1    
64:   0.219 0.199 0.026 0.176 0.179 0.201 1    
65:   0.166 0.183 0.030 0.210 0.209 0.203 1    
66:   0.207 0.175 0.089 0.164 0.167 0.199 1    
67:   0.171 0.192 0.030 0.216 0.222 0.170 1    
68:   0.223 0.211 0.013 0.190 0.169 0.194 1    
69:   0.310 0.208 0.017 0.138 0.093 0.234 1    
70:   0.219 0.237 0.013 0.166 0.137 0.229 1    
71:   0.189 0.190 0.113 0.165 0.148 0.196 1    
72:   0.261 0.231 0.015 0.152 0.117 0.225 1    
73:   0.212 0.235 0.017 0.157 0.154 0.225 1    
74:   0.207 0.224 0.032 0.193 0.152 0.192 1    
75:   0.181 0.213 0.031 0.183 0.185 0.206 1    
76:   0.240 0.222 0.014 0.164 0.134 0.225 1    
77:   0.183 0.192 0.023 0.202 0.195 0.205 1    
78:   0.144 0.190 0.018 0.223 0.241 0.185 1    
79:   0.259 0.223 0.022 0.157 0.122 0.217 1    
80:   0.160 0.177 0.029 0.210 0.224 0.199 1    
81:   0.194 0.200 0.027 0.175 0.182 0.222 1    
82:   0.160 0.187 0.078 0.193 0.184 0.197 1    
83:   0.209 0.194 0.019 0.185 0.202 0.190 1    
84:   0.168 0.203 0.023 0.191 0.209 0.206 1    
85:   0.135 0.121 0.326 0.144 0.147 0.126 1    
86:   0.142 0.130 0.316 0.138 0.136 0.138 1    
87:   0.201 0.211 0.135 0.168 0.107 0.177 1    
88:   0.210 0.254 0.029 0.175 0.115 0.217 1    
89:   0.194 0.218 0.029 0.193 0.164 0.202 1    
90:   0.252 0.216 0.029 0.161 0.136 0.206 1    
91:   0.178 0.177 0.057 0.196 0.198 0.194 1    
92:   0.175 0.171 0.103 0.178 0.176 0.197 1    
93:   0.197 0.221 0.026 0.195 0.184 0.178 1    
94:   0.192 0.137 0.245 0.132 0.131 0.162 1    
95:   0.280 0.200 0.025 0.158 0.141 0.197 1    
96:   0.278 0.254 0.030 0.170 0.078 0.190 1    
97:   0.219 0.189 0.158 0.161 0.124 0.148 1    
98:   0.208 0.178 0.128 0.172 0.136 0.178 1    
99:   0.155 0.183 0.062 0.195 0.223 0.182 1    
100:  0.138 0.122 0.346 0.123 0.123 0.148 1    
101:  0.157 0.197 0.076 0.184 0.199 0.186 1    
102:  0.203 0.226 0.021 0.184 0.153 0.215 1    
103:  0.201 0.214 0.051 0.164 0.170 0.200 1    
104:  0.172 0.186 0.022 0.194 0.224 0.201 1    
105:  0.142 0.170 0.129 0.166 0.198 0.196 1    
106:  0.118 0.161 0.113 0.191 0.249 0.168 1    
107:  0.106 0.099 0.470 0.109 0.114 0.102 1    
108:  0.257 0.232 0.021 0.187 0.109 0.195 1    
109:  0.160 0.166 0.139 0.177 0.187 0.170 1    
110:  0.174 0.179 0.016 0.228 0.248 0.155 1    
111:  0.174 0.207 0.039 0.183 0.203 0.194 1    
112:  0.209 0.192 0.032 0.180 0.185 0.203 1    
113:  0.260 0.236 0.038 0.166 0.098 0.202 1    
114:  0.118 0.142 0.227 0.172 0.194 0.146 1    
115:  0.164 0.214 0.028 0.188 0.208 0.198 1    
116:  0.247 0.198 0.024 0.178 0.156 0.196 1    
117:  0.202 0.208 0.045 0.176 0.160 0.209 1    
118:  0.167 0.170 0.062 0.195 0.219 0.187 1    
119:  0.171 0.188 0.044 0.199 0.211 0.187 1    
120:  0.292 0.260 0.012 0.165 0.065 0.207 1    
121:  0.161 0.175 0.044 0.191 0.232 0.197 1    
122:  0.132 0.169 0.019 0.230 0.283 0.167 1    
123:  0.196 0.198 0.050 0.164 0.173 0.218 1    
124:  0.124 0.150 0.100 0.218 0.254 0.154 1    
125:  0.228 0.223 0.035 0.192 0.139 0.183 1    
126:  0.182 0.176 0.127 0.172 0.168 0.176 1    
127:  0.231 0.217 0.098 0.175 0.107 0.173 1    
128:  0.214 0.213 0.021 0.198 0.150 0.203 1    
129:  0.208 0.199 0.020 0.186 0.193 0.194 1    
130:  0.245 0.232 0.020 0.182 0.118 0.201 1    
131:  0.126 0.154 0.024 0.228 0.280 0.188 1    
132:  0.136 0.161 0.051 0.232 0.254 0.166 1    
133:  0.166 0.185 0.116 0.169 0.178 0.185 1    
134:  0.190 0.166 0.041 0.196 0.219 0.189 1    
135:  0.273 0.228 0.033 0.162 0.097 0.208 1    
136:  0.218 0.205 0.040 0.169 0.163 0.205 1    
137:  0.189 0.177 0.048 0.193 0.195 0.197 1    
138:  0.216 0.181 0.060 0.180 0.172 0.191 1    
139:  0.203 0.198 0.046 0.185 0.186 0.182 1    
140:  0.175 0.176 0.109 0.175 0.183 0.182 1    
141:  0.205 0.188 0.099 0.165 0.152 0.190 1    
142:  0.120 0.170 0.033 0.221 0.278 0.177 1    
143:  0.169 0.196 0.012 0.214 0.229 0.180 1    
144:  0.160 0.203 0.020 0.192 0.235 0.190 1    
145:  0.198 0.156 0.210 0.142 0.126 0.168 1    
146:  0.172 0.214 0.073 0.181 0.166 0.194 1    
147:  0.222 0.184 0.050 0.173 0.165 0.205 1    
148:  0.187 0.211 0.024 0.177 0.195 0.207 1    
149:  0.196 0.213 0.057 0.179 0.162 0.193 1    
150:  0.254 0.236 0.034 0.172 0.116 0.189 1    
151:  0.169 0.194 0.198 0.162 0.121 0.156 1    
152:  0.229 0.238 0.039 0.181 0.122 0.191 1    
153:  0.097 0.115 0.353 0.140 0.158 0.137 1    
154:  0.145 0.164 0.038 0.220 0.251 0.182 1    
155:  0.232 0.172 0.078 0.162 0.159 0.197 1    
156:  0.263 0.200 0.020 0.179 0.147 0.190 1    
157:  0.194 0.208 0.014 0.186 0.189 0.210 1    
158:  0.194 0.201 0.056 0.175 0.170 0.204 1    
159:  0.164 0.214 0.031 0.191 0.192 0.207 1    
160:  0.225 0.206 0.019 0.187 0.173 0.190 1    
161:  0.269 0.231 0.017 0.173 0.113 0.196 1    
162:  0.280 0.184 0.055 0.154 0.125 0.201 1    
163:  0.191 0.229 0.019 0.192 0.185 0.184 1    
164:  0.145 0.193 0.038 0.209 0.239 0.176 1    
165:  0.203 0.207 0.020 0.184 0.176 0.209 1    
166:  0.252 0.210 0.021 0.163 0.143 0.212 1    
167:  0.212 0.196 0.020 0.186 0.186 0.200 1    
168:  0.168 0.218 0.022 0.204 0.203 0.186 1    
169:  0.305 0.236 0.018 0.160 0.080 0.201 1    
170:  0.284 0.220 0.033 0.159 0.106 0.197 1    
171:  0.226 0.224 0.018 0.182 0.163 0.186 1    
172:  0.179 0.209 0.025 0.202 0.193 0.191 1    
173:  0.172 0.211 0.024 0.200 0.197 0.197 1    
174:  0.205 0.205 0.026 0.161 0.165 0.238 1    
175:  0.202 0.228 0.018 0.180 0.165 0.207 1    
176:  0.183 0.204 0.022 0.197 0.194 0.200 1    
177:  0.220 0.215 0.044 0.186 0.162 0.174 1    
178:  0.159 0.174 0.028 0.219 0.225 0.195 1    
179:  0.188 0.198 0.045 0.188 0.193 0.188 1    
180:  0.242 0.227 0.020 0.158 0.136 0.216 1    
181:  0.199 0.196 0.069 0.183 0.159 0.194 1    
182:  0.163 0.166 0.182 0.156 0.159 0.174 1    
183:  0.204 0.214 0.025 0.193 0.157 0.206 1    
184:  0.254 0.209 0.042 0.172 0.142 0.181 1    
185:  0.206 0.237 0.028 0.180 0.134 0.215 1    
186:  0.183 0.175 0.067 0.194 0.200 0.181 1    
187:  0.204 0.234 0.015 0.169 0.164 0.214 1    
188:  0.219 0.196 0.034 0.179 0.150 0.223 1    
189:  0.183 0.203 0.058 0.184 0.180 0.192 1    
190:  0.204 0.192 0.068 0.176 0.170 0.190 1    
191:  0.212 0.220 0.024 0.177 0.151 0.217 1    
192:  0.214 0.199 0.053 0.185 0.168 0.181 1    
193:  0.252 0.184 0.059 0.165 0.153 0.187 1    
194:  0.119 0.123 0.388 0.123 0.130 0.117 1    
195:  0.134 0.145 0.027 0.217 0.294 0.184 1    
196:  0.218 0.208 0.060 0.167 0.149 0.197 1    
197:  0.245 0.166 0.153 0.147 0.124 0.165 1    
198:  0.209 0.191 0.055 0.180 0.159 0.205 1    
199:  0.217 0.201 0.104 0.170 0.134 0.175 1    
200:  0.183 0.190 0.115 0.174 0.148 0.189 1    
201:  0.184 0.191 0.023 0.202 0.198 0.202 1    
202:  0.177 0.183 0.060 0.190 0.197 0.193 1    
203:  0.227 0.204 0.032 0.176 0.161 0.199 1    
204:  0.110 0.135 0.055 0.232 0.294 0.175 1    
205:  0.184 0.187 0.086 0.180 0.175 0.189 1    
206:  0.233 0.206 0.029 0.170 0.166 0.196 1    
207:  0.209 0.218 0.051 0.191 0.146 0.185 1    
208:  0.202 0.218 0.017 0.175 0.178 0.209 1    
209:  0.187 0.200 0.179 0.156 0.115 0.162 1    
210:  0.170 0.176 0.073 0.193 0.208 0.180 1    
211:  0.184 0.200 0.029 0.189 0.204 0.194 1    
212:  0.247 0.209 0.028 0.172 0.157 0.187 1    
213:  0.111 0.112 0.368 0.134 0.149 0.125 1    
214:  0.278 0.248 0.027 0.170 0.083 0.195 1    
215:  0.185 0.193 0.102 0.176 0.174 0.171 1    
216:  0.169 0.193 0.048 0.200 0.201 0.190 1    
217:  0.134 0.142 0.125 0.207 0.216 0.176 1    
218:  0.180 0.170 0.176 0.160 0.152 0.162 1    
219:  0.159 0.141 0.305 0.136 0.123 0.135 1    
220:  0.250 0.224 0.024 0.174 0.124 0.204 1    
221:  0.191 0.183 0.079 0.178 0.166 0.203 1    
222:  0.262 0.213 0.028 0.177 0.128 0.191 1    
223:  0.174 0.180 0.093 0.175 0.185 0.193 1    
224:  0.223 0.216 0.035 0.173 0.155 0.198 1    
225:  0.158 0.134 0.310 0.128 0.121 0.149 1    
226:  0.105 0.152 0.020 0.237 0.334 0.153 1    
                       
                       
1:    0.271 0.011 0.115 0.208 0.146 0.249 1    
2:    0.054 0.745 0.047 0.051 0.049 0.053 1    
3:    0.122 0.344 0.138 0.130 0.139 0.128 1    
4:    0.028 0.856 0.028 0.030 0.028 0.029 1    
5:    0.075 0.697 0.049 0.050 0.054 0.076 1    
6:    0.034 0.842 0.030 0.032 0.029 0.033 1    
7:    0.043 0.789 0.042 0.043 0.040 0.043 1    
8:    0.057 0.715 0.055 0.055 0.056 0.062 1    
9:    0.024 0.876 0.025 0.024 0.025 0.025 1    
10:   0.163 0.140 0.187 0.183 0.173 0.154 1    
11:   0.022 0.890 0.022 0.023 0.021 0.021 1    
12:   0.099 0.529 0.101 0.087 0.082 0.102 1    
13:   0.022 0.893 0.021 0.021 0.021 0.023 1    
14:   0.162 0.149 0.177 0.162 0.179 0.170 1    
15:   0.045 0.745 0.050 0.053 0.057 0.051 1    
16:   0.166 0.154 0.157 0.164 0.170 0.188 1    
17:   0.075 0.603 0.078 0.075 0.075 0.095 1    
18:   0.126 0.317 0.135 0.130 0.123 0.169 1    
19:   0.095 0.559 0.092 0.083 0.085 0.087 1    
20:   0.069 0.666 0.067 0.066 0.063 0.069 1    
21:   0.078 0.643 0.069 0.069 0.065 0.076 1    
22:   0.168 0.166 0.167 0.166 0.166 0.167 1    
23:   0.079 0.652 0.062 0.069 0.058 0.079 1    
24:   0.060 0.740 0.046 0.048 0.046 0.060 1    
25:   0.165 0.292 0.127 0.141 0.124 0.151 1    
26:   0.100 0.520 0.104 0.092 0.093 0.091 1    
27:   0.091 0.582 0.088 0.081 0.074 0.084 1    
28:   0.164 0.123 0.183 0.176 0.174 0.180 1    
29:   0.055 0.736 0.050 0.053 0.051 0.055 1    
30:   0.053 0.752 0.045 0.047 0.046 0.057 1    
31:   0.019 0.902 0.019 0.021 0.020 0.019 1    
32:   0.096 0.569 0.076 0.087 0.078 0.095 1    
33:   0.078 0.619 0.075 0.076 0.074 0.078 1    
34:   0.074 0.634 0.063 0.068 0.073 0.088 1    
35:   0.127 0.366 0.125 0.128 0.122 0.131 1    
36:   0.167 0.209 0.146 0.152 0.150 0.175 1    
37:   0.180 0.169 0.174 0.165 0.156 0.155 1    
38:   0.182 0.064 0.188 0.189 0.190 0.187 1    
39:   0.036 0.835 0.034 0.032 0.029 0.033 1    
40:   0.045 0.796 0.040 0.038 0.038 0.042 1    
41:   0.138 0.286 0.146 0.142 0.141 0.147 1    
42:   0.063 0.715 0.059 0.056 0.050 0.057 1    
43:   0.197 0.192 0.136 0.150 0.136 0.189 1    
44:   0.063 0.658 0.077 0.069 0.071 0.061 1    
45:   0.092 0.620 0.065 0.071 0.066 0.087 1    
46:   0.144 0.261 0.148 0.156 0.150 0.141 1    
47:   0.175 0.199 0.153 0.163 0.158 0.152 1    
48:   0.121 0.501 0.086 0.094 0.085 0.114 1    
49:   0.170 0.058 0.199 0.205 0.207 0.162 1    
50:   0.200 0.081 0.175 0.197 0.184 0.164 1    
51:   0.160 0.028 0.196 0.214 0.249 0.152 1    
52:   0.211 0.026 0.210 0.179 0.178 0.196 1    
53:   0.183 0.049 0.168 0.186 0.210 0.203 1    
54:   0.171 0.030 0.191 0.203 0.213 0.192 1    
55:   0.163 0.114 0.189 0.182 0.182 0.170 1    
56:   0.211 0.011 0.160 0.184 0.217 0.218 1    
57:   0.153 0.028 0.191 0.235 0.242 0.151 1    
58:   0.208 0.096 0.164 0.183 0.170 0.178 1    
59:   0.145 0.064 0.167 0.189 0.217 0.218 1    
60:   0.156 0.025 0.200 0.205 0.221 0.194 1    
61:   0.184 0.033 0.196 0.212 0.196 0.179 1    
62:   0.165 0.096 0.215 0.188 0.168 0.167 1    
63:   0.192 0.139 0.151 0.182 0.154 0.183 1    
64:   0.203 0.030 0.214 0.184 0.187 0.183 1    
65:   0.223 0.035 0.186 0.180 0.183 0.193 1    
66:   0.190 0.093 0.192 0.175 0.166 0.185 1    
67:   0.175 0.033 0.247 0.200 0.182 0.163 1    
68:   0.155 0.014 0.217 0.214 0.213 0.186 1    
69:   0.229 0.017 0.217 0.191 0.193 0.152 1    
70:   0.158 0.014 0.194 0.240 0.235 0.160 1    
71:   0.149 0.111 0.181 0.183 0.191 0.184 1    
72:   0.192 0.016 0.189 0.199 0.224 0.180 1    
73:   0.218 0.018 0.204 0.199 0.195 0.166 1    
74:   0.159 0.035 0.172 0.207 0.220 0.208 1    
75:   0.191 0.035 0.195 0.198 0.193 0.189 1    
76:   0.184 0.015 0.187 0.218 0.241 0.155 1    
77:   0.187 0.026 0.208 0.194 0.187 0.199 1    
78:   0.209 0.018 0.159 0.182 0.209 0.223 1    
79:   0.232 0.023 0.220 0.179 0.188 0.157 1    
80:   0.201 0.033 0.168 0.200 0.189 0.208 1    
81:   0.196 0.030 0.172 0.211 0.219 0.172 1    
82:   0.161 0.078 0.168 0.192 0.207 0.194 1    
83:   0.189 0.020 0.216 0.196 0.191 0.188 1    
84:   0.196 0.027 0.187 0.196 0.201 0.193 1    
85:   0.141 0.319 0.146 0.127 0.122 0.146 1    
86:   0.131 0.332 0.131 0.129 0.131 0.145 1    
87:   0.156 0.114 0.147 0.168 0.186 0.230 1    
88:   0.182 0.031 0.160 0.186 0.221 0.220 1    
89:   0.175 0.032 0.182 0.202 0.202 0.207 1    
90:   0.230 0.030 0.211 0.183 0.187 0.159 1    
91:   0.158 0.062 0.191 0.197 0.204 0.188 1    
92:   0.196 0.096 0.179 0.172 0.173 0.183 1    
93:   0.175 0.027 0.244 0.206 0.187 0.161 1    
94:   0.191 0.220 0.167 0.140 0.137 0.145 1    
95:   0.238 0.024 0.221 0.181 0.172 0.164 1    
96:   0.168 0.029 0.157 0.187 0.213 0.247 1    
97:   0.141 0.143 0.165 0.191 0.210 0.151 1    
98:   0.171 0.121 0.170 0.165 0.168 0.205 1    
99:   0.174 0.065 0.209 0.186 0.185 0.182 1    
100:  0.135 0.305 0.167 0.129 0.131 0.134 1    
101:  0.181 0.083 0.197 0.188 0.181 0.170 1    
102:  0.197 0.021 0.172 0.181 0.210 0.219 1    
103:  0.184 0.055 0.185 0.193 0.201 0.182 1    
104:  0.197 0.025 0.177 0.203 0.210 0.187 1    
105:  0.182 0.134 0.171 0.175 0.182 0.157 1    
106:  0.184 0.133 0.175 0.176 0.153 0.178 1    
107:  0.091 0.463 0.113 0.112 0.117 0.105 1    
108:  0.162 0.021 0.166 0.189 0.218 0.242 1    
109:  0.170 0.138 0.178 0.169 0.152 0.192 1    
110:  0.162 0.019 0.235 0.209 0.190 0.185 1    
111:  0.174 0.046 0.221 0.197 0.190 0.173 1    
112:  0.213 0.039 0.175 0.205 0.188 0.181 1    
113:  0.169 0.040 0.172 0.190 0.199 0.229 1    
114:  0.138 0.225 0.178 0.161 0.142 0.155 1    
115:  0.181 0.033 0.255 0.200 0.163 0.168 1    
116:  0.227 0.025 0.207 0.186 0.193 0.162 1    
117:  0.205 0.047 0.212 0.192 0.168 0.176 1    
118:  0.202 0.065 0.191 0.174 0.166 0.202 1    
119:  0.179 0.049 0.224 0.188 0.179 0.181 1    
120:  0.172 0.013 0.167 0.183 0.217 0.248 1    
121:  0.207 0.048 0.182 0.185 0.188 0.191 1    
122:  0.218 0.022 0.209 0.176 0.170 0.205 1    
123:  0.213 0.054 0.202 0.184 0.186 0.160 1    
124:  0.200 0.129 0.165 0.174 0.162 0.170 1    
125:  0.176 0.037 0.179 0.191 0.200 0.218 1    
126:  0.173 0.119 0.186 0.177 0.185 0.160 1    
127:  0.157 0.091 0.156 0.182 0.195 0.220 1    
128:  0.193 0.022 0.162 0.184 0.218 0.220 1    
129:  0.220 0.022 0.202 0.175 0.193 0.187 1    
130:  0.174 0.022 0.179 0.187 0.203 0.236 1    
131:  0.204 0.027 0.170 0.208 0.184 0.207 1    
132:  0.192 0.063 0.161 0.195 0.191 0.198 1    
133:  0.193 0.114 0.192 0.180 0.170 0.151 1    
134:  0.192 0.045 0.186 0.179 0.188 0.209 1    
135:  0.199 0.034 0.187 0.189 0.198 0.192 1    
136:  0.204 0.039 0.231 0.192 0.176 0.158 1    
137:  0.182 0.051 0.191 0.194 0.196 0.186 1    
138:  0.216 0.061 0.195 0.181 0.176 0.171 1    
139:  0.201 0.048 0.219 0.196 0.173 0.163 1    
140:  0.193 0.119 0.195 0.180 0.162 0.151 1    
141:  0.174 0.103 0.197 0.171 0.186 0.169 1    
142:  0.194 0.038 0.180 0.207 0.174 0.207 1    
143:  0.186 0.013 0.231 0.191 0.193 0.185 1    
144:  0.195 0.022 0.228 0.196 0.175 0.184 1    
145:  0.176 0.182 0.166 0.150 0.153 0.174 1    
146:  0.166 0.073 0.178 0.184 0.195 0.205 1    
147:  0.201 0.047 0.199 0.170 0.179 0.204 1    
148:  0.203 0.025 0.195 0.196 0.196 0.186 1    
149:  0.173 0.060 0.202 0.187 0.191 0.187 1    
150:  0.183 0.035 0.173 0.186 0.198 0.225 1    
151:  0.144 0.182 0.129 0.163 0.182 0.200 1    
152:  0.180 0.044 0.157 0.176 0.226 0.216 1    
153:  0.134 0.356 0.133 0.127 0.114 0.136 1    
154:  0.174 0.042 0.188 0.209 0.194 0.194 1    
155:  0.213 0.078 0.192 0.170 0.177 0.170 1    
156:  0.209 0.021 0.213 0.195 0.195 0.168 1    
157:  0.182 0.015 0.210 0.206 0.196 0.190 1    
158:  0.193 0.056 0.175 0.186 0.184 0.206 1    
159:  0.193 0.033 0.166 0.185 0.206 0.217 1    
160:  0.199 0.021 0.236 0.180 0.193 0.171 1    
161:  0.182 0.017 0.201 0.196 0.200 0.204 1    
162:  0.210 0.052 0.202 0.183 0.176 0.178 1    
163:  0.192 0.021 0.238 0.189 0.181 0.177 1    
164:  0.166 0.042 0.236 0.186 0.175 0.195 1    
165:  0.185 0.023 0.194 0.218 0.201 0.178 1    
166:  0.230 0.022 0.208 0.189 0.196 0.154 1    
167:  0.211 0.020 0.204 0.185 0.181 0.197 1    
168:  0.170 0.023 0.232 0.203 0.198 0.174 1    
169:  0.192 0.019 0.185 0.181 0.200 0.224 1    
170:  0.188 0.034 0.188 0.196 0.195 0.198 1    
171:  0.194 0.020 0.234 0.197 0.179 0.176 1    
172:  0.185 0.027 0.207 0.186 0.193 0.201 1    
173:  0.173 0.026 0.232 0.207 0.190 0.170 1    
174:  0.197 0.026 0.174 0.196 0.226 0.181 1    
175:  0.190 0.019 0.188 0.190 0.210 0.203 1    
176:  0.167 0.024 0.224 0.197 0.181 0.206 1    
177:  0.156 0.047 0.201 0.191 0.219 0.187 1    
178:  0.208 0.031 0.168 0.186 0.188 0.219 1    
179:  0.177 0.049 0.186 0.206 0.225 0.158 1    
180:  0.163 0.024 0.199 0.226 0.234 0.154 1    
181:  0.140 0.071 0.194 0.214 0.217 0.166 1    
182:  0.170 0.181 0.154 0.173 0.166 0.157 1    
183:  0.178 0.026 0.175 0.197 0.210 0.214 1    
184:  0.178 0.046 0.183 0.188 0.209 0.195 1    
185:  0.190 0.029 0.172 0.187 0.216 0.206 1    
186:  0.193 0.071 0.191 0.166 0.173 0.206 1    
187:  0.198 0.016 0.223 0.204 0.202 0.157 1    
188:  0.204 0.036 0.189 0.185 0.188 0.199 1    
189:  0.173 0.056 0.178 0.197 0.207 0.189 1    
190:  0.170 0.069 0.204 0.193 0.186 0.179 1    
191:  0.162 0.025 0.198 0.222 0.235 0.158 1    
192:  0.151 0.055 0.200 0.209 0.230 0.156 1    
193:  0.220 0.053 0.211 0.169 0.164 0.183 1    
194:  0.105 0.392 0.137 0.129 0.125 0.112 1    
195:  0.202 0.027 0.189 0.197 0.166 0.219 1    
196:  0.164 0.064 0.181 0.197 0.211 0.182 1    
197:  0.197 0.138 0.196 0.156 0.150 0.163 1    
198:  0.194 0.054 0.207 0.178 0.185 0.181 1    
199:  0.158 0.110 0.169 0.177 0.202 0.184 1    
200:  0.164 0.110 0.171 0.175 0.181 0.198 1    
201:  0.179 0.026 0.199 0.213 0.196 0.187 1    
202:  0.188 0.061 0.175 0.204 0.186 0.186 1    
203:  0.207 0.034 0.187 0.193 0.198 0.180 1    
204:  0.205 0.058 0.176 0.191 0.165 0.205 1    
205:  0.171 0.079 0.199 0.194 0.192 0.165 1    
206:  0.208 0.031 0.210 0.194 0.190 0.166 1    
207:  0.168 0.051 0.158 0.189 0.207 0.227 1    
208:  0.204 0.019 0.200 0.202 0.197 0.177 1    
209:  0.138 0.158 0.149 0.167 0.185 0.203 1    
210:  0.205 0.078 0.167 0.195 0.163 0.192 1    
211:  0.210 0.032 0.195 0.196 0.193 0.174 1    
212:  0.199 0.030 0.202 0.194 0.212 0.163 1    
213:  0.129 0.355 0.140 0.120 0.116 0.140 1    
214:  0.174 0.027 0.166 0.189 0.207 0.236 1    
215:  0.177 0.107 0.175 0.180 0.183 0.179 1    
216:  0.190 0.049 0.212 0.177 0.178 0.195 1    
217:  0.217 0.141 0.167 0.154 0.146 0.174 1    
218:  0.163 0.177 0.161 0.165 0.170 0.164 1    
219:  0.144 0.301 0.149 0.140 0.132 0.135 1    
220:  0.177 0.024 0.187 0.198 0.217 0.197 1    
221:  0.199 0.080 0.188 0.167 0.177 0.189 1    
222:  0.202 0.027 0.210 0.183 0.188 0.191 1    
223:  0.196 0.096 0.194 0.181 0.165 0.167 1    
224:  0.198 0.036 0.187 0.183 0.208 0.188 1    
225:  0.155 0.297 0.145 0.131 0.133 0.139 1    
226:  0.203 0.025 0.205 0.197 0.167 0.202 1    
                       
                       
1:    0.194 0.061 0.299 0.204 0.010 0.232 1    
2:    0.061 0.042 0.065 0.042 0.728 0.063 1    
3:    0.127 0.131 0.127 0.137 0.345 0.133 1    
4:    0.030 0.029 0.029 0.028 0.855 0.029 1    
5:    0.077 0.044 0.082 0.052 0.666 0.079 1    
6:    0.033 0.030 0.032 0.031 0.841 0.033 1    
7:    0.044 0.038 0.047 0.040 0.789 0.042 1    
8:    0.061 0.050 0.057 0.054 0.719 0.059 1    
9:    0.024 0.024 0.023 0.025 0.880 0.024 1    
10:   0.177 0.165 0.177 0.161 0.140 0.180 1    
11:   0.023 0.022 0.021 0.022 0.888 0.023 1    
12:   0.107 0.079 0.101 0.084 0.523 0.107 1    
13:   0.022 0.021 0.022 0.020 0.893 0.022 1    
14:   0.170 0.170 0.162 0.171 0.163 0.165 1    
15:   0.047 0.046 0.046 0.052 0.757 0.052 1    
16:   0.175 0.157 0.168 0.163 0.167 0.171 1    
17:   0.073 0.077 0.073 0.077 0.627 0.073 1    
18:   0.128 0.142 0.116 0.142 0.343 0.128 1    
19:   0.082 0.087 0.086 0.092 0.566 0.089 1    
20:   0.070 0.057 0.070 0.056 0.670 0.076 1    
21:   0.085 0.055 0.097 0.066 0.610 0.087 1    
22:   0.166 0.166 0.166 0.167 0.166 0.169 1    
23:   0.087 0.051 0.096 0.059 0.615 0.092 1    
24:   0.064 0.039 0.062 0.049 0.726 0.059 1    
25:   0.165 0.111 0.178 0.133 0.245 0.168 1    
26:   0.090 0.097 0.091 0.088 0.548 0.086 1    
27:   0.093 0.077 0.087 0.078 0.573 0.091 1    
28:   0.181 0.163 0.179 0.171 0.125 0.181 1    
29:   0.053 0.049 0.057 0.052 0.734 0.056 1    
30:   0.062 0.042 0.059 0.046 0.734 0.057 1    
31:   0.019 0.018 0.021 0.018 0.904 0.020 1    
32:   0.103 0.064 0.097 0.071 0.569 0.096 1    
33:   0.080 0.069 0.082 0.075 0.611 0.084 1    
34:   0.084 0.068 0.075 0.069 0.622 0.081 1    
35:   0.125 0.121 0.130 0.127 0.366 0.132 1    
36:   0.164 0.140 0.163 0.148 0.221 0.163 1    
37:   0.168 0.174 0.163 0.160 0.170 0.166 1    
38:   0.183 0.207 0.170 0.195 0.060 0.184 1    
39:   0.031 0.030 0.031 0.028 0.848 0.032 1    
40:   0.044 0.036 0.047 0.037 0.793 0.043 1    
41:   0.145 0.133 0.137 0.140 0.293 0.152 1    
42:   0.061 0.051 0.054 0.054 0.720 0.059 1    
43:   0.190 0.098 0.216 0.154 0.148 0.194 1    
44:   0.064 0.066 0.074 0.062 0.665 0.068 1    
45:   0.091 0.056 0.101 0.069 0.590 0.093 1    
46:   0.147 0.133 0.160 0.147 0.255 0.158 1    
47:   0.160 0.165 0.163 0.163 0.197 0.152 1    
48:   0.120 0.069 0.129 0.095 0.469 0.119 1    
49:   0.178 0.190 0.188 0.190 0.056 0.199 1    
50:   0.189 0.191 0.170 0.184 0.078 0.188 1    
51:   0.165 0.212 0.192 0.218 0.029 0.184 1    
52:   0.191 0.191 0.211 0.185 0.024 0.198 1    
53:   0.173 0.206 0.165 0.224 0.049 0.183 1    
54:   0.181 0.207 0.182 0.217 0.029 0.184 1    
55:   0.170 0.186 0.172 0.188 0.117 0.166 1    
56:   0.213 0.181 0.199 0.198 0.010 0.199 1    
57:   0.185 0.202 0.197 0.203 0.027 0.185 1    
58:   0.190 0.173 0.204 0.169 0.090 0.173 1    
59:   0.173 0.199 0.169 0.207 0.065 0.187 1    
60:   0.185 0.193 0.199 0.206 0.026 0.191 1    
61:   0.190 0.196 0.201 0.185 0.033 0.195 1    
62:   0.178 0.163 0.198 0.171 0.102 0.188 1    
63:   0.192 0.130 0.210 0.146 0.133 0.188 1    
64:   0.197 0.205 0.200 0.192 0.029 0.178 1    
65:   0.205 0.184 0.203 0.178 0.033 0.197 1    
66:   0.178 0.191 0.176 0.181 0.092 0.182 1    
67:   0.187 0.226 0.196 0.159 0.035 0.197 1    
68:   0.186 0.205 0.196 0.194 0.014 0.205 1    
69:   0.159 0.245 0.171 0.234 0.018 0.173 1    
70:   0.169 0.223 0.202 0.215 0.014 0.177 1    
71:   0.180 0.182 0.165 0.185 0.112 0.177 1    
72:   0.180 0.228 0.172 0.218 0.017 0.185 1    
73:   0.193 0.241 0.172 0.197 0.017 0.179 1    
74:   0.180 0.205 0.191 0.207 0.034 0.182 1    
75:   0.194 0.195 0.191 0.196 0.033 0.191 1    
76:   0.165 0.220 0.191 0.229 0.015 0.179 1    
77:   0.213 0.180 0.198 0.175 0.025 0.209 1    
78:   0.217 0.160 0.224 0.177 0.018 0.204 1    
79:   0.185 0.264 0.164 0.205 0.025 0.158 1    
80:   0.212 0.170 0.204 0.180 0.031 0.203 1    
81:   0.183 0.197 0.184 0.215 0.028 0.192 1    
82:   0.190 0.165 0.184 0.181 0.081 0.199 1    
83:   0.207 0.191 0.199 0.190 0.020 0.193 1    
84:   0.197 0.186 0.201 0.192 0.026 0.199 1    
85:   0.134 0.133 0.134 0.135 0.327 0.138 1    
86:   0.126 0.141 0.128 0.142 0.324 0.139 1    
87:   0.163 0.200 0.157 0.188 0.124 0.168 1    
88:   0.182 0.215 0.177 0.207 0.031 0.187 1    
89:   0.201 0.197 0.202 0.188 0.031 0.181 1    
90:   0.172 0.239 0.167 0.215 0.032 0.175 1    
91:   0.199 0.155 0.210 0.180 0.061 0.195 1    
92:   0.194 0.163 0.177 0.175 0.095 0.197 1    
93:   0.189 0.227 0.193 0.181 0.028 0.183 1    
94:   0.142 0.165 0.143 0.156 0.243 0.152 1    
95:   0.181 0.242 0.175 0.207 0.025 0.168 1    
96:   0.174 0.245 0.153 0.222 0.029 0.177 1    
97:   0.159 0.168 0.169 0.175 0.156 0.173 1    
98:   0.152 0.194 0.155 0.201 0.125 0.173 1    
99:   0.198 0.182 0.190 0.177 0.065 0.188 1    
100:  0.146 0.129 0.125 0.133 0.320 0.147 1    
101:  0.193 0.185 0.189 0.169 0.081 0.182 1    
102:  0.197 0.190 0.196 0.199 0.022 0.196 1    
103:  0.186 0.194 0.195 0.179 0.054 0.192 1    
104:  0.200 0.185 0.195 0.209 0.023 0.188 1    
105:  0.172 0.161 0.173 0.169 0.135 0.190 1    
106:  0.186 0.145 0.195 0.162 0.127 0.185 1    
107:  0.100 0.099 0.107 0.107 0.471 0.115 1    
108:  0.181 0.230 0.170 0.212 0.021 0.186 1    
109:  0.187 0.162 0.169 0.156 0.144 0.182 1    
110:  0.206 0.176 0.211 0.176 0.018 0.213 1    
111:  0.196 0.216 0.194 0.168 0.046 0.181 1    
112:  0.174 0.210 0.189 0.208 0.035 0.185 1    
113:  0.174 0.237 0.153 0.226 0.038 0.172 1    
114:  0.167 0.138 0.157 0.140 0.228 0.170 1    
115:  0.205 0.209 0.194 0.167 0.032 0.194 1    
116:  0.186 0.234 0.177 0.207 0.025 0.171 1    
117:  0.203 0.215 0.182 0.177 0.046 0.176 1    
118:  0.193 0.185 0.187 0.186 0.068 0.181 1    
119:  0.205 0.174 0.185 0.181 0.045 0.209 1    
120:  0.178 0.250 0.156 0.227 0.012 0.177 1    
121:  0.196 0.173 0.198 0.191 0.044 0.198 1    
122:  0.211 0.184 0.210 0.176 0.020 0.199 1    
123:  0.179 0.210 0.181 0.189 0.052 0.188 1    
124:  0.183 0.162 0.197 0.161 0.115 0.182 1    
125:  0.190 0.205 0.181 0.210 0.036 0.178 1    
126:  0.183 0.173 0.171 0.176 0.121 0.176 1    
127:  0.163 0.210 0.158 0.205 0.095 0.170 1    
128:  0.202 0.183 0.200 0.198 0.022 0.195 1    
129:  0.203 0.213 0.189 0.187 0.022 0.186 1    
130:  0.191 0.231 0.170 0.202 0.022 0.184 1    
131:  0.198 0.166 0.218 0.186 0.026 0.205 1    
132:  0.201 0.149 0.205 0.186 0.056 0.203 1    
133:  0.177 0.197 0.170 0.168 0.119 0.168 1    
134:  0.185 0.186 0.183 0.205 0.041 0.200 1    
135:  0.179 0.228 0.157 0.215 0.035 0.185 1    
136:  0.185 0.219 0.177 0.194 0.039 0.185 1    
137:  0.195 0.175 0.196 0.193 0.051 0.191 1    
138:  0.181 0.211 0.186 0.194 0.061 0.167 1    
139:  0.171 0.231 0.181 0.193 0.049 0.177 1    
140:  0.177 0.196 0.170 0.171 0.114 0.171 1    
141:  0.180 0.188 0.173 0.173 0.103 0.182 1    
142:  0.200 0.152 0.216 0.187 0.036 0.209 1    
143:  0.220 0.188 0.202 0.189 0.013 0.189 1    
144:  0.205 0.199 0.191 0.182 0.022 0.202 1    
145:  0.140 0.178 0.145 0.178 0.206 0.153 1    
146:  0.180 0.203 0.172 0.186 0.073 0.186 1    
147:  0.178 0.210 0.174 0.202 0.051 0.184 1    
148:  0.193 0.206 0.191 0.210 0.024 0.176 1    
149:  0.196 0.197 0.183 0.178 0.060 0.186 1    
150:  0.182 0.220 0.180 0.205 0.035 0.176 1    
151:  0.151 0.169 0.146 0.183 0.189 0.163 1    
152:  0.178 0.210 0.174 0.208 0.040 0.190 1    
153:  0.148 0.105 0.135 0.127 0.352 0.134 1    
154:  0.209 0.167 0.208 0.170 0.039 0.208 1    
155:  0.177 0.201 0.163 0.201 0.084 0.175 1    
156:  0.156 0.243 0.180 0.220 0.021 0.180 1    
157:  0.207 0.190 0.196 0.195 0.015 0.198 1    
158:  0.191 0.192 0.185 0.192 0.058 0.182 1    
159:  0.202 0.178 0.198 0.189 0.033 0.201 1    
160:  0.194 0.238 0.183 0.187 0.020 0.177 1    
161:  0.183 0.235 0.172 0.223 0.018 0.169 1    
162:  0.178 0.219 0.164 0.205 0.058 0.176 1    
163:  0.186 0.254 0.173 0.189 0.021 0.178 1    
164:  0.208 0.192 0.199 0.164 0.040 0.197 1    
165:  0.194 0.190 0.201 0.201 0.022 0.191 1    
166:  0.163 0.242 0.182 0.219 0.022 0.172 1    
167:  0.189 0.217 0.176 0.203 0.021 0.193 1    
168:  0.189 0.213 0.197 0.192 0.024 0.185 1    
169:  0.176 0.250 0.153 0.233 0.018 0.169 1    
170:  0.179 0.227 0.161 0.217 0.034 0.182 1    
171:  0.184 0.238 0.189 0.183 0.020 0.186 1    
172:  0.216 0.190 0.192 0.186 0.029 0.188 1    
173:  0.201 0.220 0.189 0.173 0.025 0.191 1    
174:  0.187 0.204 0.174 0.207 0.027 0.201 1    
175:  0.201 0.200 0.191 0.189 0.019 0.200 1    
176:  0.207 0.206 0.193 0.181 0.024 0.189 1    
177:  0.187 0.201 0.179 0.194 0.046 0.193 1    
178:  0.208 0.159 0.220 0.180 0.032 0.202 1    
179:  0.180 0.205 0.191 0.187 0.047 0.191 1    
180:  0.168 0.204 0.202 0.218 0.025 0.183 1    
181:  0.181 0.174 0.190 0.187 0.069 0.198 1    
182:  0.168 0.156 0.158 0.159 0.187 0.172 1    
183:  0.206 0.184 0.191 0.194 0.025 0.200 1    
184:  0.171 0.211 0.174 0.214 0.045 0.185 1    
185:  0.185 0.215 0.187 0.195 0.030 0.189 1    
186:  0.183 0.185 0.186 0.193 0.070 0.182 1    
187:  0.181 0.247 0.186 0.196 0.016 0.175 1    
188:  0.194 0.188 0.185 0.203 0.034 0.196 1    
189:  0.190 0.196 0.188 0.175 0.060 0.191 1    
190:  0.193 0.178 0.182 0.184 0.070 0.193 1    
191:  0.165 0.197 0.201 0.219 0.026 0.191 1    
192:  0.176 0.189 0.202 0.194 0.055 0.184 1    
193:  0.174 0.219 0.170 0.208 0.059 0.170 1    
194:  0.124 0.116 0.122 0.112 0.395 0.131 1    
195:  0.219 0.152 0.219 0.163 0.027 0.222 1    
196:  0.173 0.186 0.186 0.215 0.066 0.175 1    
197:  0.146 0.203 0.150 0.189 0.156 0.156 1    
198:  0.184 0.202 0.178 0.193 0.057 0.185 1    
199:  0.167 0.188 0.169 0.192 0.113 0.172 1    
200:  0.176 0.173 0.174 0.180 0.116 0.181 1    
201:  0.209 0.167 0.207 0.197 0.025 0.195 1    
202:  0.182 0.195 0.180 0.192 0.062 0.188 1    
203:  0.182 0.204 0.181 0.207 0.035 0.191 1    
204:  0.215 0.135 0.222 0.167 0.059 0.202 1    
205:  0.174 0.186 0.190 0.181 0.086 0.182 1    
206:  0.161 0.233 0.184 0.218 0.028 0.175 1    
207:  0.180 0.206 0.170 0.203 0.053 0.188 1    
208:  0.194 0.212 0.203 0.194 0.018 0.179 1    
209:  0.156 0.175 0.156 0.182 0.170 0.162 1    
210:  0.195 0.154 0.196 0.188 0.075 0.192 1    
211:  0.191 0.204 0.190 0.195 0.031 0.190 1    
212:  0.177 0.217 0.183 0.210 0.030 0.183 1    
213:  0.139 0.120 0.126 0.110 0.372 0.133 1    
214:  0.167 0.241 0.161 0.226 0.027 0.176 1    
215:  0.178 0.192 0.176 0.177 0.108 0.168 1    
216:  0.201 0.177 0.198 0.173 0.050 0.200 1    
217:  0.183 0.145 0.184 0.168 0.135 0.185 1    
218:  0.169 0.166 0.159 0.166 0.180 0.160 1    
219:  0.128 0.140 0.137 0.145 0.311 0.139 1    
220:  0.188 0.209 0.183 0.207 0.025 0.189 1    
221:  0.180 0.183 0.179 0.187 0.081 0.191 1    
222:  0.170 0.237 0.168 0.214 0.028 0.183 1    
223:  0.194 0.187 0.176 0.179 0.093 0.172 1    
224:  0.181 0.218 0.178 0.206 0.037 0.180 1    
225:  0.131 0.145 0.136 0.142 0.307 0.138 1    
226:  0.215 0.166 0.216 0.162 0.022 0.218 1    
                       
                       
1:    0.131 0.193 0.454 0.129 0.011 0.083 1    
2:    0.050 0.047 0.075 0.048 0.733 0.047 1    
3:    0.133 0.134 0.131 0.131 0.328 0.142 1    
4:    0.030 0.029 0.029 0.027 0.854 0.030 1    
5:    0.057 0.061 0.106 0.047 0.678 0.052 1    
6:    0.032 0.029 0.037 0.031 0.841 0.030 1    
7:    0.043 0.042 0.051 0.041 0.780 0.042 1    
8:    0.060 0.055 0.064 0.053 0.712 0.055 1    
9:    0.026 0.027 0.026 0.027 0.870 0.025 1    
10:   0.181 0.158 0.172 0.178 0.137 0.174 1    
11:   0.022 0.022 0.022 0.024 0.887 0.023 1    
12:   0.087 0.083 0.101 0.094 0.547 0.088 1    
13:   0.022 0.022 0.022 0.021 0.893 0.021 1    
14:   0.174 0.168 0.157 0.166 0.152 0.183 1    
15:   0.056 0.058 0.047 0.045 0.747 0.047 1    
16:   0.179 0.186 0.177 0.154 0.153 0.151 1    
17:   0.075 0.084 0.075 0.067 0.632 0.067 1    
18:   0.144 0.165 0.135 0.119 0.320 0.118 1    
19:   0.082 0.090 0.091 0.097 0.549 0.091 1    
20:   0.062 0.056 0.074 0.066 0.681 0.061 1    
21:   0.068 0.073 0.106 0.070 0.621 0.063 1    
22:   0.166 0.167 0.167 0.166 0.168 0.165 1    
23:   0.064 0.067 0.115 0.056 0.639 0.059 1    
24:   0.050 0.055 0.073 0.046 0.732 0.045 1    
25:   0.128 0.136 0.207 0.134 0.264 0.131 1    
26:   0.089 0.103 0.101 0.097 0.505 0.105 1    
27:   0.074 0.078 0.113 0.082 0.569 0.084 1    
28:   0.175 0.165 0.176 0.184 0.121 0.179 1    
29:   0.048 0.050 0.061 0.047 0.742 0.051 1    
30:   0.047 0.049 0.069 0.043 0.745 0.047 1    
31:   0.022 0.020 0.020 0.018 0.900 0.020 1    
32:   0.073 0.076 0.094 0.090 0.588 0.078 1    
33:   0.075 0.072 0.088 0.070 0.623 0.072 1    
34:   0.072 0.078 0.086 0.065 0.635 0.064 1    
35:   0.128 0.125 0.129 0.124 0.372 0.123 1    
36:   0.159 0.162 0.165 0.149 0.218 0.147 1    
37:   0.155 0.151 0.174 0.182 0.166 0.173 1    
38:   0.190 0.195 0.169 0.197 0.066 0.182 1    
39:   0.031 0.032 0.036 0.029 0.842 0.031 1    
40:   0.042 0.040 0.051 0.041 0.787 0.039 1    
41:   0.138 0.144 0.148 0.138 0.283 0.149 1    
42:   0.052 0.058 0.067 0.061 0.700 0.061 1    
43:   0.136 0.164 0.296 0.116 0.169 0.119 1    
44:   0.067 0.064 0.065 0.075 0.656 0.072 1    
45:   0.071 0.072 0.119 0.061 0.611 0.066 1    
46:   0.150 0.138 0.147 0.144 0.272 0.149 1    
47:   0.154 0.142 0.158 0.190 0.193 0.163 1    
48:   0.093 0.097 0.152 0.080 0.497 0.081 1    
49:   0.204 0.182 0.159 0.186 0.065 0.205 1    
50:   0.168 0.165 0.166 0.225 0.082 0.193 1    
51:   0.211 0.198 0.136 0.200 0.028 0.227 1    
52:   0.190 0.180 0.217 0.187 0.025 0.201 1    
53:   0.199 0.214 0.161 0.187 0.052 0.187 1    
54:   0.220 0.210 0.153 0.191 0.029 0.196 1    
55:   0.181 0.162 0.168 0.184 0.116 0.189 1    
56:   0.218 0.233 0.195 0.166 0.011 0.177 1    
57:   0.206 0.198 0.154 0.193 0.028 0.221 1    
58:   0.169 0.164 0.202 0.213 0.091 0.160 1    
59:   0.220 0.212 0.151 0.161 0.066 0.190 1    
60:   0.231 0.203 0.172 0.171 0.026 0.197 1    
61:   0.187 0.173 0.200 0.212 0.035 0.194 1    
62:   0.184 0.166 0.194 0.167 0.102 0.186 1    
63:   0.150 0.166 0.233 0.166 0.135 0.151 1    
64:   0.170 0.184 0.197 0.213 0.029 0.207 1    
65:   0.192 0.173 0.190 0.225 0.034 0.186 1    
66:   0.175 0.187 0.188 0.183 0.086 0.181 1    
67:   0.202 0.155 0.195 0.212 0.035 0.201 1    
68:   0.222 0.198 0.165 0.190 0.015 0.210 1    
69:   0.171 0.192 0.152 0.236 0.017 0.231 1    
70:   0.229 0.168 0.162 0.210 0.015 0.217 1    
71:   0.193 0.179 0.155 0.176 0.112 0.185 1    
72:   0.207 0.201 0.151 0.219 0.016 0.205 1    
73:   0.184 0.152 0.170 0.264 0.018 0.212 1    
74:   0.213 0.220 0.161 0.184 0.035 0.187 1    
75:   0.195 0.192 0.176 0.203 0.036 0.198 1    
76:   0.219 0.186 0.161 0.216 0.015 0.203 1    
77:   0.194 0.187 0.174 0.212 0.026 0.205 1    
78:   0.200 0.235 0.220 0.154 0.019 0.173 1    
79:   0.166 0.167 0.159 0.256 0.023 0.229 1    
80:   0.186 0.198 0.210 0.184 0.032 0.190 1    
81:   0.191 0.180 0.176 0.225 0.030 0.197 1    
82:   0.207 0.188 0.174 0.169 0.084 0.179 1    
83:   0.190 0.198 0.188 0.209 0.021 0.195 1    
84:   0.195 0.176 0.191 0.215 0.025 0.197 1    
85:   0.125 0.135 0.138 0.137 0.317 0.148 1    
86:   0.134 0.140 0.131 0.128 0.324 0.142 1    
87:   0.206 0.219 0.151 0.157 0.126 0.141 1    
88:   0.211 0.223 0.160 0.200 0.032 0.173 1    
89:   0.205 0.209 0.175 0.192 0.032 0.188 1    
90:   0.175 0.180 0.169 0.225 0.031 0.221 1    
91:   0.205 0.193 0.192 0.169 0.063 0.178 1    
92:   0.168 0.173 0.188 0.193 0.098 0.179 1    
93:   0.213 0.167 0.176 0.207 0.028 0.208 1    
94:   0.124 0.159 0.160 0.153 0.218 0.187 1    
95:   0.160 0.184 0.171 0.221 0.025 0.240 1    
96:   0.228 0.270 0.143 0.158 0.030 0.172 1    
97:   0.203 0.182 0.127 0.148 0.147 0.194 1    
98:   0.182 0.200 0.156 0.153 0.129 0.180 1    
99:   0.200 0.168 0.199 0.183 0.067 0.183 1    
100:  0.141 0.129 0.131 0.144 0.308 0.147 1    
101:  0.190 0.174 0.178 0.194 0.082 0.182 1    
102:  0.215 0.220 0.189 0.183 0.023 0.170 1    
103:  0.196 0.190 0.167 0.193 0.055 0.198 1    
104:  0.196 0.181 0.199 0.201 0.024 0.199 1    
105:  0.168 0.152 0.174 0.207 0.133 0.167 1    
106:  0.164 0.154 0.196 0.195 0.133 0.158 1    
107:  0.123 0.114 0.102 0.103 0.445 0.113 1    
108:  0.216 0.270 0.158 0.150 0.021 0.186 1    
109:  0.170 0.173 0.190 0.164 0.134 0.168 1    
110:  0.219 0.183 0.214 0.165 0.019 0.200 1    
111:  0.187 0.166 0.173 0.229 0.049 0.196 1    
112:  0.188 0.196 0.196 0.185 0.039 0.196 1    
113:  0.211 0.246 0.154 0.174 0.040 0.175 1    
114:  0.148 0.150 0.176 0.144 0.223 0.159 1    
115:  0.190 0.146 0.178 0.226 0.032 0.228 1    
116:  0.170 0.182 0.182 0.217 0.026 0.222 1    
117:  0.183 0.177 0.169 0.222 0.045 0.204 1    
118:  0.177 0.179 0.213 0.176 0.066 0.190 1    
119:  0.195 0.173 0.190 0.203 0.049 0.191 1    
120:  0.225 0.265 0.146 0.173 0.012 0.178 1    
121:  0.197 0.173 0.200 0.196 0.048 0.187 1    
122:  0.177 0.175 0.233 0.211 0.022 0.183 1    
123:  0.176 0.157 0.177 0.247 0.053 0.190 1    
124:  0.157 0.178 0.223 0.172 0.114 0.157 1    
125:  0.223 0.217 0.168 0.174 0.038 0.180 1    
126:  0.174 0.169 0.165 0.186 0.123 0.183 1    
127:  0.207 0.240 0.145 0.151 0.093 0.164 1    
128:  0.213 0.232 0.185 0.177 0.023 0.170 1    
129:  0.166 0.188 0.194 0.216 0.022 0.215 1    
130:  0.217 0.242 0.164 0.175 0.022 0.181 1    
131:  0.185 0.180 0.229 0.204 0.028 0.174 1    
132:  0.195 0.198 0.241 0.152 0.055 0.158 1    
133:  0.163 0.156 0.169 0.204 0.119 0.189 1    
134:  0.185 0.200 0.209 0.178 0.043 0.184 1    
135:  0.191 0.210 0.162 0.199 0.034 0.204 1    
136:  0.183 0.163 0.172 0.232 0.042 0.208 1    
137:  0.184 0.204 0.196 0.177 0.051 0.187 1    
138:  0.165 0.173 0.192 0.209 0.062 0.198 1    
139:  0.178 0.161 0.192 0.226 0.050 0.194 1    
140:  0.153 0.145 0.183 0.214 0.112 0.192 1    
141:  0.173 0.179 0.163 0.189 0.098 0.197 1    
142:  0.190 0.167 0.255 0.182 0.039 0.167 1    
143:  0.200 0.169 0.220 0.208 0.013 0.190 1    
144:  0.193 0.154 0.203 0.224 0.023 0.203 1    
145:  0.152 0.181 0.152 0.148 0.190 0.178 1    
146:  0.210 0.194 0.167 0.189 0.074 0.165 1    
147:  0.193 0.197 0.178 0.174 0.051 0.208 1    
148:  0.191 0.172 0.187 0.222 0.025 0.202 1    
149:  0.196 0.187 0.165 0.203 0.060 0.190 1    
150:  0.205 0.234 0.157 0.179 0.033 0.192 1    
151:  0.193 0.203 0.150 0.132 0.183 0.138 1    
152:  0.213 0.228 0.158 0.172 0.045 0.184 1    
