  1:   0.5085  0.2817  0.0100  0.0529  0.0320  0.1149  1
  2:   0.0970  0.0700  0.7140  0.0420  0.0320  0.0450  1
  3:   0.1330  0.1270  0.3470  0.1350  0.1340  0.1240  1
  4:   0.0290  0.0280  0.8600  0.0270  0.0280  0.0280  1
  5:   0.1120  0.0820  0.6780  0.0390  0.0390  0.0500  1
  6:   0.0380  0.0320  0.8430  0.0290  0.0290  0.0290  1
  7:   0.0501  0.0430  0.7968  0.0370  0.0340  0.0390  1
  8:   0.0629  0.0589  0.7333  0.0480  0.0470  0.0500  1
  9:   0.0230  0.0230  0.8840  0.0230  0.0240  0.0230  1
 10:   0.1800  0.1830  0.1310  0.1700  0.1610  0.1750  1
 11:   0.0190  0.0210  0.8989  0.0200  0.0210  0.0200  1
 12:   0.1150  0.1010  0.5410  0.0830  0.0730  0.0870  1
 13:   0.0210  0.0220  0.9000  0.0190  0.0190  0.0190  1
 14:   0.1450  0.1600  0.1650  0.1740  0.1910  0.1650  1
 15:   0.0390  0.0480  0.7622  0.0539  0.0519  0.0450  1
 16:   0.1680  0.1800  0.1590  0.1670  0.1580  0.1680  1
 17:   0.0701  0.0741  0.6537  0.0671  0.0721  0.0631  1
 18:   0.0989  0.1229  0.3566  0.1399  0.1409  0.1409  1
 19:   0.0949  0.0879  0.5674  0.0759  0.0869  0.0869  1
 20:   0.0820  0.0700  0.6800  0.0550  0.0540  0.0590  1
 21:   0.1309  0.0989  0.5964  0.0569  0.0539  0.0629  1
 22:   0.1662  0.1692  0.1662  0.1672  0.1662  0.1652  1
 23:   0.1510  0.1010  0.6020  0.0460  0.0370  0.0630  1
 24:   0.0830  0.0710  0.7210  0.0390  0.0380  0.0480  1
 25:   0.2500  0.1990  0.2240  0.1070  0.0840  0.1360  1
 26:   0.0879  0.0849  0.5465  0.0819  0.1039  0.0949  1
 27:   0.1130  0.0950  0.5720  0.0720  0.0730  0.0750  1
 28:   0.1948  0.1868  0.1199  0.1668  0.1538  0.1778  1
 29:   0.0601  0.0531  0.7578  0.0430  0.0410  0.0450  1
 30:   0.0769  0.0649  0.7383  0.0350  0.0340  0.0509  1
 31:   0.0190  0.0190  0.9079  0.0180  0.0180  0.0180  1
 32:   0.1231  0.1041  0.5666  0.0721  0.0581  0.0761  1
 33:   0.0980  0.0850  0.6220  0.0650  0.0610  0.0690  1
 34:   0.0861  0.0861  0.6476  0.0591  0.0561  0.0651  1
 35:   0.1350  0.1250  0.3830  0.1180  0.1150  0.1240  1
 36:   0.1690  0.1640  0.2200  0.1570  0.1370  0.1530  1
 37:   0.1702  0.1672  0.1662  0.1612  0.1662  0.1692  1
 38:   0.1540  0.1750  0.0650  0.2080  0.2070  0.1910  1
 39:   0.0370  0.0320  0.8462  0.0280  0.0270  0.0300  1
 40:   0.0519  0.0430  0.7982  0.0340  0.0340  0.0390  1
 41:   0.1489  0.1419  0.2857  0.1319  0.1499  0.1419  1
 42:   0.0720  0.0610  0.7160  0.0500  0.0460  0.0550  1
 43:   0.3360  0.2310  0.1340  0.0970  0.0730  0.1290  1
 44:   0.0661  0.0661  0.6777  0.0631  0.0661  0.0611  1
 45:   0.1400  0.0980  0.5980  0.0530  0.0450  0.0660  1
 46:   0.1570  0.1510  0.2530  0.1430  0.1500  0.1460  1
 47:   0.1660  0.1620  0.1900  0.1580  0.1540  0.1700  1
 48:   0.1822  0.1381  0.4575  0.0681  0.0621  0.0921  1
 49:   0.1610  0.1720  0.0570  0.1970  0.2190  0.1940  1
 50:   0.1580  0.1690  0.0790  0.1940  0.1850  0.2150  1
 51:   0.1200  0.1600  0.0270  0.2220  0.2700  0.2010  1
 52:   0.2340  0.2180  0.0220  0.1750  0.1640  0.1870  1
 53:   0.1380  0.1670  0.0480  0.2150  0.2280  0.2040  1
 54:   0.1211  0.1842  0.0270  0.2362  0.2362  0.1952  1
 55:   0.1740  0.1650  0.1070  0.1880  0.1700  0.1960  1
 56:   0.1670  0.1950  0.0100  0.2160  0.2000  0.2120  1
 57:   0.1460  0.1740  0.0270  0.2150  0.2360  0.2020  1
 58:   0.2510  0.1910  0.0810  0.1590  0.1490  0.1690  1
 59:   0.1230  0.1790  0.0630  0.2250  0.2190  0.1910  1
 60:   0.1708  0.1958  0.0250  0.2078  0.2098  0.1908  1
 61:   0.2180  0.1970  0.0330  0.1830  0.1640  0.2050  1
 62:   0.2202  0.2002  0.0961  0.1662  0.1532  0.1642  1
 63:   0.2970  0.2270  0.1150  0.1260  0.0950  0.1400  1
 64:   0.1790  0.1760  0.0260  0.1990  0.2190  0.2010  1
 65:   0.2088  0.2098  0.0300  0.1828  0.1658  0.2028  1
 66:   0.1668  0.1638  0.0889  0.1748  0.2068  0.1988  1
 67:   0.2218  0.2158  0.0300  0.1918  0.1708  0.1698  1
 68:   0.1690  0.1900  0.0130  0.2110  0.2230  0.1940  1
 69:   0.0930  0.1380  0.0170  0.2080  0.3100  0.2340  1
 70:   0.1369  0.1658  0.0130  0.2368  0.2188  0.2288  1
 71:   0.1479  0.1648  0.1129  0.1898  0.1888  0.1958  1
 72:   0.1169  0.1518  0.0150  0.2308  0.2607  0.2248  1
 73:   0.1540  0.1570  0.0170  0.2350  0.2120  0.2250  1
 74:   0.1520  0.1930  0.0320  0.2240  0.2070  0.1920  1
 75:   0.1852  0.1832  0.0310  0.2132  0.1812  0.2062  1
 76:   0.1341  0.1642  0.0140  0.2222  0.2402  0.2252  1
 77:   0.1950  0.2020  0.0230  0.1920  0.1830  0.2050  1
 78:   0.2408  0.2228  0.0180  0.1898  0.1439  0.1848  1
 79:   0.1220  0.1570  0.0220  0.2230  0.2590  0.2170  1
 80:   0.2242  0.2102  0.0290  0.1772  0.1602  0.1992  1
 81:   0.1820  0.1750  0.0270  0.2000  0.1940  0.2220  1
 82:   0.1842  0.1932  0.0781  0.1872  0.1602  0.1972  1
 83:   0.2022  0.1852  0.0190  0.1942  0.2092  0.1902  1
 84:   0.2090  0.1910  0.0230  0.2030  0.1680  0.2060  1
 85:   0.1471  0.1441  0.3263  0.1211  0.1351  0.1261  1
 86:   0.1360  0.1380  0.3160  0.1300  0.1420  0.1380  1
 87:   0.1071  0.1682  0.1351  0.2112  0.2012  0.1772  1
 88:   0.1150  0.1750  0.0290  0.2540  0.2100  0.2170  1
 89:   0.1640  0.1930  0.0290  0.2180  0.1940  0.2020  1
 90:   0.1360  0.1610  0.0290  0.2160  0.2520  0.2060  1
 91:   0.1980  0.1960  0.0570  0.1770  0.1780  0.1940  1
 92:   0.1760  0.1780  0.1030  0.1710  0.1750  0.1970  1
 93:   0.1838  0.1948  0.0260  0.2208  0.1968  0.1778  1
 94:   0.1311  0.1321  0.2452  0.1371  0.1922  0.1622  1
 95:   0.1409  0.1578  0.0250  0.1998  0.2797  0.1968  1
 96:   0.0780  0.1700  0.0300  0.2540  0.2780  0.1900  1
 97:   0.1241  0.1612  0.1582  0.1892  0.2192  0.1481  1
 98:   0.1360  0.1720  0.1280  0.1780  0.2080  0.1780  1
 99:   0.2230  0.1950  0.0620  0.1830  0.1550  0.1820  1
100:   0.1230  0.1230  0.3460  0.1220  0.1380  0.1480  1
101:   0.1992  0.1842  0.0761  0.1972  0.1572  0.1862  1
102:   0.1527  0.1836  0.0210  0.2255  0.2026  0.2146  1
103:   0.1700  0.1640  0.0510  0.2140  0.2010  0.2000  1
104:   0.2242  0.1942  0.0220  0.1862  0.1722  0.2012  1
105:   0.1978  0.1658  0.1289  0.1698  0.1419  0.1958  1
106:   0.2490  0.1910  0.1130  0.1610  0.1180  0.1680  1
107:   0.1140  0.1090  0.4700  0.0990  0.1060  0.1020  1
108:   0.1089  0.1868  0.0210  0.2318  0.2567  0.1948  1
109:   0.1872  0.1772  0.1391  0.1662  0.1602  0.1702  1
110:   0.2480  0.2280  0.0160  0.1790  0.1740  0.1550  1
111:   0.2030  0.1830  0.0390  0.2070  0.1740  0.1940  1
112:   0.1848  0.1798  0.0320  0.1918  0.2088  0.2028  1
113:   0.0980  0.1660  0.0380  0.2360  0.2600  0.2020  1
114:   0.1942  0.1722  0.2272  0.1421  0.1181  0.1461  1
115:   0.2080  0.1880  0.0280  0.2140  0.1640  0.1980  1
116:   0.1562  0.1782  0.0240  0.1982  0.2472  0.1962  1
117:   0.1600  0.1760  0.0450  0.2080  0.2020  0.2090  1
118:   0.2190  0.1950  0.0620  0.1700  0.1670  0.1870  1
119:   0.2110  0.1990  0.0440  0.1880  0.1710  0.1870  1
120:   0.0649  0.1648  0.0120  0.2597  0.2917  0.2068  1
121:   0.2320  0.1910  0.0440  0.1750  0.1610  0.1970  1
122:   0.2830  0.2300  0.0190  0.1690  0.1320  0.1670  1
123:   0.1732  0.1642  0.0501  0.1982  0.1962  0.2182  1
124:   0.2540  0.2180  0.1000  0.1500  0.1240  0.1540  1
125:   0.1390  0.1920  0.0350  0.2230  0.2280  0.1830  1
126:   0.1678  0.1718  0.1269  0.1758  0.1818  0.1758  1
127:   0.1069  0.1748  0.0979  0.2168  0.2308  0.1728  1
128:   0.1502  0.1982  0.0210  0.2132  0.2142  0.2032  1
129:   0.1930  0.1860  0.0200  0.1990  0.2080  0.1940  1
130:   0.1182  0.1824  0.0200  0.2325  0.2455  0.2014  1
131:   0.2800  0.2280  0.0240  0.1540  0.1260  0.1880  1
132:   0.2540  0.2320  0.0510  0.1610  0.1360  0.1660  1
133:   0.1782  0.1692  0.1161  0.1852  0.1662  0.1852  1
134:   0.2188  0.1958  0.0410  0.1658  0.1898  0.1888  1
135:   0.0969  0.1618  0.0330  0.2278  0.2727  0.2078  1
136:   0.1630  0.1690  0.0400  0.2050  0.2180  0.2050  1
137:   0.1952  0.1932  0.0480  0.1772  0.1892  0.1972  1
138:   0.1720  0.1800  0.0600  0.1810  0.2160  0.1910  1
139:   0.1860  0.1850  0.0460  0.1980  0.2030  0.1820  1
140:   0.1830  0.1750  0.1090  0.1760  0.1750  0.1820  1
141:   0.1522  0.1652  0.0991  0.1882  0.2052  0.1902  1
142:   0.2783  0.2212  0.0330  0.1702  0.1201  0.1772  1
143:   0.2290  0.2140  0.0120  0.1960  0.1690  0.1800  1
144:   0.2350  0.1920  0.0200  0.2030  0.1600  0.1900  1
145:   0.1260  0.1420  0.2100  0.1560  0.1980  0.1680  1
146:   0.1660  0.1810  0.0730  0.2140  0.1720  0.1940  1
147:   0.1652  0.1732  0.0501  0.1842  0.2222  0.2052  1
148:   0.1948  0.1768  0.0240  0.2108  0.1868  0.2068  1
149:   0.1620  0.1790  0.0570  0.2130  0.1960  0.1930  1
150:   0.1159  0.1718  0.0340  0.2358  0.2537  0.1888  1
151:   0.1210  0.1620  0.1980  0.1940  0.1690  0.1560  1
152:   0.1220  0.1810  0.0390  0.2380  0.2290  0.1910  1
153:   0.1580  0.1400  0.3530  0.1150  0.0970  0.1370  1
154:   0.2510  0.2200  0.0380  0.1640  0.1450  0.1820  1
155:   0.1590  0.1620  0.0780  0.1720  0.2320  0.1970  1
156:   0.1471  0.1792  0.0200  0.2002  0.2633  0.1902  1
157:   0.1888  0.1858  0.0140  0.2078  0.1938  0.2098  1
158:   0.1700  0.1750  0.0560  0.2010  0.1940  0.2040  1
159:   0.1922  0.1912  0.0310  0.2142  0.1642  0.2072  1
160:   0.1730  0.1870  0.0190  0.2060  0.2250  0.1900  1
161:   0.1131  0.1732  0.0170  0.2312  0.2693  0.1962  1
162:   0.1251  0.1542  0.0551  0.1842  0.2803  0.2012  1
163:   0.1850  0.1920  0.0190  0.2290  0.1910  0.1840  1
164:   0.2390  0.2090  0.0380  0.1930  0.1450  0.1760  1
165:   0.1762  0.1842  0.0200  0.2072  0.2032  0.2092  1
166:   0.1429  0.1628  0.0210  0.2098  0.2517  0.2118  1
167:   0.1860  0.1860  0.0200  0.1960  0.2120  0.2000  1
168:   0.2028  0.2038  0.0220  0.2178  0.1678  0.1858  1
169:   0.0800  0.1600  0.0180  0.2360  0.3050  0.2010  1
170:   0.1061  0.1592  0.0330  0.2202  0.2843  0.1972  1
171:   0.1632  0.1822  0.0180  0.2242  0.2262  0.1862  1
172:   0.1932  0.2022  0.0250  0.2092  0.1792  0.1912  1
173:   0.1968  0.1998  0.0240  0.2108  0.1718  0.1968  1
174:   0.1650  0.1610  0.0260  0.2050  0.2050  0.2380  1
175:   0.1650  0.1800  0.0180  0.2280  0.2020  0.2070  1
176:   0.1940  0.1970  0.0220  0.2040  0.1830  0.2000  1
177:   0.1618  0.1858  0.0440  0.2148  0.2198  0.1738  1
178:   0.2250  0.2190  0.0280  0.1740  0.1590  0.1950  1
179:   0.1930  0.1880  0.0450  0.1980  0.1880  0.1880  1
180:   0.1361  0.1582  0.0200  0.2272  0.2422  0.2162  1
181:   0.1590  0.1830  0.0690  0.1960  0.1990  0.1940  1
182:   0.1590  0.1560  0.1820  0.1660  0.1630  0.1740  1
183:   0.1572  0.1932  0.0250  0.2142  0.2042  0.2062  1
184:   0.1420  0.1720  0.0420  0.2090  0.2540  0.1810  1
185:   0.1340  0.1800  0.0280  0.2370  0.2060  0.2150  1
186:   0.2000  0.1940  0.0670  0.1750  0.1830  0.1810  1
187:   0.1640  0.1690  0.0150  0.2340  0.2040  0.2140  1
188:   0.1499  0.1788  0.0340  0.1958  0.2188  0.2228  1
189:   0.1800  0.1840  0.0580  0.2030  0.1830  0.1920  1
190:   0.1700  0.1760  0.0680  0.1920  0.2040  0.1900  1
191:   0.1508  0.1768  0.0240  0.2198  0.2118  0.2168  1
192:   0.1680  0.1850  0.0530  0.1990  0.2140  0.1810  1
193:   0.1530  0.1650  0.0590  0.1840  0.2520  0.1870  1
194:   0.1300  0.1230  0.3880  0.1230  0.1190  0.1170  1
195:   0.2937  0.2168  0.0270  0.1449  0.1339  0.1838  1
196:   0.1491  0.1672  0.0601  0.2082  0.2182  0.1972  1
197:   0.1240  0.1470  0.1530  0.1660  0.2450  0.1650  1
198:   0.1592  0.1802  0.0551  0.1912  0.2092  0.2052  1
199:   0.1339  0.1698  0.1039  0.2008  0.2168  0.1748  1
200:   0.1481  0.1742  0.1151  0.1902  0.1832  0.1892  1
201:   0.1980  0.2020  0.0230  0.1910  0.1840  0.2020  1
202:   0.1970  0.1900  0.0600  0.1830  0.1770  0.1930  1
203:   0.1612  0.1762  0.0320  0.2042  0.2272  0.1992  1
204:   0.2937  0.2318  0.0549  0.1349  0.1099  0.1748  1
205:   0.1748  0.1798  0.0859  0.1868  0.1838  0.1888  1
206:   0.1660  0.1700  0.0290  0.2060  0.2330  0.1960  1
207:   0.1460  0.1910  0.0510  0.2180  0.2090  0.1850  1
208:   0.1782  0.1752  0.0170  0.2182  0.2022  0.2092  1
209:   0.1151  0.1562  0.1792  0.2002  0.1872  0.1622  1
210:   0.2080  0.1930  0.0730  0.1760  0.1700  0.1800  1
211:   0.2040  0.1890  0.0290  0.2000  0.1840  0.1940  1
212:   0.1570  0.1720  0.0280  0.2090  0.2470  0.1870  1
213:   0.1491  0.1341  0.3684  0.1121  0.1111  0.1251  1
214:   0.0829  0.1698  0.0270  0.2478  0.2777  0.1948  1
215:   0.1738  0.1758  0.1019  0.1928  0.1848  0.1708  1
216:   0.2008  0.1998  0.0480  0.1928  0.1688  0.1898  1
217:   0.2160  0.2070  0.1250  0.1420  0.1340  0.1760  1
218:   0.1520  0.1600  0.1760  0.1700  0.1800  0.1620  1
219:   0.1231  0.1361  0.3053  0.1411  0.1592  0.1351  1
220:   0.1240  0.1740  0.0240  0.2240  0.2500  0.2040  1
221:   0.1660  0.1780  0.0790  0.1830  0.1910  0.2030  1
222:   0.1281  0.1772  0.0280  0.2132  0.2623  0.1912  1
223:   0.1850  0.1750  0.0930  0.1800  0.1740  0.1930  1
224:   0.1550  0.1730  0.0350  0.2160  0.2230  0.1980  1
225:   0.1210  0.1280  0.3100  0.1340  0.1580  0.1490  1
226:   0.3337  0.2368  0.0200  0.1518  0.1049  0.1528  1

  1:   0.2710  0.2080  0.0110  0.1460  0.1150  0.2490  1
  2:   0.0541  0.0511  0.7457  0.0490  0.0470  0.0531  1
  3:   0.1219  0.1299  0.3437  0.1389  0.1379  0.1279  1
  4:   0.0280  0.0300  0.8569  0.0280  0.0280  0.0290  1
  5:   0.0749  0.0500  0.6963  0.0539  0.0490  0.0759  1
  6:   0.0340  0.0320  0.8420  0.0290  0.0300  0.0330  1
  7:   0.0430  0.0430  0.7890  0.0400  0.0420  0.0430  1
  8:   0.0570  0.0550  0.7150  0.0560  0.0550  0.0620  1
  9:   0.0240  0.0240  0.8769  0.0250  0.0250  0.0250  1
 10:   0.1630  0.1830  0.1400  0.1730  0.1870  0.1540  1
 11:   0.0220  0.0230  0.8909  0.0210  0.0220  0.0210  1
 12:   0.0990  0.0870  0.5290  0.0820  0.1010  0.1020  1
 13:   0.0220  0.0210  0.8921  0.0210  0.0210  0.0230  1
 14:   0.1622  0.1622  0.1491  0.1792  0.1772  0.1702  1
 15:   0.0450  0.0529  0.7443  0.0569  0.0500  0.0509  1
 16:   0.1662  0.1642  0.1542  0.1702  0.1572  0.1882  1
 17:   0.0749  0.0749  0.6024  0.0749  0.0779  0.0949  1
 18:   0.1260  0.1300  0.3170  0.1230  0.1350  0.1690  1
 19:   0.0949  0.0829  0.5584  0.0849  0.0919  0.0869  1
 20:   0.0690  0.0660  0.6660  0.0630  0.0670  0.0690  1
 21:   0.0780  0.0690  0.6430  0.0650  0.0690  0.0760  1
 22:   0.1680  0.1660  0.1660  0.1660  0.1670  0.1670  1
 23:   0.0791  0.0691  0.6527  0.0581  0.0621  0.0791  1
 24:   0.0600  0.0480  0.7400  0.0460  0.0460  0.0600  1
 25:   0.1650  0.1410  0.2920  0.1240  0.1270  0.1510  1
 26:   0.1000  0.0920  0.5200  0.0930  0.1040  0.0910  1
 27:   0.0910  0.0810  0.5820  0.0740  0.0880  0.0840  1
 28:   0.1640  0.1760  0.1230  0.1740  0.1830  0.1800  1
 29:   0.0550  0.0530  0.7360  0.0510  0.0500  0.0550  1
 30:   0.0530  0.0470  0.7520  0.0460  0.0450  0.0570  1
 31:   0.0190  0.0210  0.9020  0.0200  0.0190  0.0190  1
 32:   0.0959  0.0869  0.5684  0.0779  0.0759  0.0949  1
 33:   0.0780  0.0760  0.6190  0.0740  0.0750  0.0780  1
 34:   0.0740  0.0680  0.6340  0.0730  0.0630  0.0880  1
 35:   0.1271  0.1281  0.3664  0.1221  0.1251  0.1311  1
 36:   0.1672  0.1522  0.2092  0.1502  0.1461  0.1752  1
 37:   0.1802  0.1652  0.1692  0.1562  0.1742  0.1552  1
 38:   0.1820  0.1890  0.0640  0.1900  0.1880  0.1870  1
 39:   0.0360  0.0320  0.8358  0.0290  0.0340  0.0330  1
 40:   0.0450  0.0380  0.7968  0.0380  0.0400  0.0420  1
 41:   0.1380  0.1420  0.2860  0.1410  0.1460  0.1470  1
 42:   0.0630  0.0560  0.7150  0.0500  0.0590  0.0570  1
 43:   0.1970  0.1500  0.1920  0.1360  0.1360  0.1890  1
 44:   0.0631  0.0691  0.6587  0.0711  0.0771  0.0611  1
 45:   0.0919  0.0709  0.6194  0.0659  0.0649  0.0869  1
 46:   0.1440  0.1560  0.2610  0.1500  0.1480  0.1410  1
 47:   0.1750  0.1630  0.1990  0.1580  0.1530  0.1520  1
 48:   0.1209  0.0939  0.5005  0.0849  0.0859  0.1139  1
 49:   0.1698  0.2048  0.0579  0.2068  0.1988  0.1618  1
 50:   0.1998  0.1968  0.0809  0.1838  0.1748  0.1638  1
 51:   0.1602  0.2142  0.0280  0.2492  0.1962  0.1522  1
 52:   0.2110  0.1790  0.0260  0.1780  0.2100  0.1960  1
 53:   0.1832  0.1862  0.0490  0.2102  0.1682  0.2032  1
 54:   0.1710  0.2030  0.0300  0.2130  0.1910  0.1920  1
 55:   0.1630  0.1820  0.1140  0.1820  0.1890  0.1700  1
 56:   0.2108  0.1838  0.0110  0.2168  0.1598  0.2178  1
 57:   0.1530  0.2350  0.0280  0.2420  0.1910  0.1510  1
 58:   0.2082  0.1832  0.0961  0.1702  0.1642  0.1782  1
 59:   0.1450  0.1890  0.0640  0.2170  0.1670  0.2180  1
 60:   0.1558  0.2048  0.0250  0.2208  0.1998  0.1938  1
 61:   0.1840  0.2120  0.0330  0.1960  0.1960  0.1790  1
 62:   0.1652  0.1882  0.0961  0.1682  0.2152  0.1672  1
 63:   0.1918  0.1818  0.1389  0.1538  0.1508  0.1828  1
 64:   0.2028  0.1838  0.0300  0.1868  0.2138  0.1828  1
 65:   0.2230  0.1800  0.0350  0.1830  0.1860  0.1930  1
 66:   0.1898  0.1748  0.0929  0.1658  0.1918  0.1848  1
 67:   0.1750  0.2000  0.0330  0.1820  0.2470  0.1630  1
 68:   0.1552  0.2142  0.0140  0.2132  0.2172  0.1862  1
 69:   0.2292  0.1912  0.0170  0.1932  0.2172  0.1522  1
 70:   0.1578  0.2398  0.0140  0.2348  0.1938  0.1598  1
 71:   0.1491  0.1832  0.1111  0.1912  0.1812  0.1842  1
 72:   0.1920  0.1990  0.0160  0.2240  0.1890  0.1800  1
 73:   0.2180  0.1990  0.0180  0.1950  0.2040  0.1660  1
 74:   0.1588  0.2068  0.0350  0.2198  0.1718  0.2078  1
 75:   0.1908  0.1978  0.0350  0.1928  0.1948  0.1888  1
 76:   0.1840  0.2180  0.0150  0.2410  0.1870  0.1550  1
 77:   0.1868  0.1938  0.0260  0.1868  0.2078  0.1988  1
 78:   0.2090  0.1820  0.0180  0.2090  0.1590  0.2230  1
 79:   0.2322  0.1792  0.0230  0.1882  0.2202  0.1572  1
 80:   0.2012  0.2002  0.0330  0.1892  0.1682  0.2082  1
 81:   0.1960  0.2110  0.0300  0.2190  0.1720  0.1720  1
 82:   0.1610  0.1920  0.0780  0.2070  0.1680  0.1940  1
 83:   0.1890  0.1960  0.0200  0.1910  0.2160  0.1880  1
 84:   0.1960  0.1960  0.0270  0.2010  0.1870  0.1930  1
 85:   0.1409  0.1269  0.3187  0.1219  0.1459  0.1459  1
 86:   0.1311  0.1291  0.3323  0.1311  0.1311  0.1451  1
 87:   0.1558  0.1678  0.1139  0.1858  0.1469  0.2298  1
 88:   0.1820  0.1860  0.0310  0.2210  0.1600  0.2200  1
 89:   0.1750  0.2020  0.0320  0.2020  0.1820  0.2070  1
 90:   0.2300  0.1830  0.0300  0.1870  0.2110  0.1590  1
 91:   0.1580  0.1970  0.0620  0.2040  0.1910  0.1880  1
 92:   0.1962  0.1722  0.0961  0.1732  0.1792  0.1832  1
 93:   0.1750  0.2060  0.0270  0.1870  0.2440  0.1610  1
 94:   0.1910  0.1400  0.2200  0.1370  0.1670  0.1450  1
 95:   0.2380  0.1810  0.0240  0.1720  0.2210  0.1640  1
 96:   0.1678  0.1868  0.0290  0.2128  0.1568  0.2468  1
 97:   0.1409  0.1908  0.1429  0.2098  0.1648  0.1508  1
 98:   0.1710  0.1650  0.1210  0.1680  0.1700  0.2050  1
 99:   0.1738  0.1858  0.0649  0.1848  0.2088  0.1818  1
100:   0.1349  0.1289  0.3047  0.1309  0.1668  0.1339  1
101:   0.1810  0.1880  0.0830  0.1810  0.1970  0.1700  1
102:   0.1970  0.1810  0.0210  0.2100  0.1720  0.2190  1
103:   0.1840  0.1930  0.0550  0.2010  0.1850  0.1820  1
104:   0.1972  0.2032  0.0250  0.2102  0.1772  0.1872  1
105:   0.1818  0.1748  0.1339  0.1818  0.1708  0.1568  1
106:   0.1842  0.1762  0.1331  0.1532  0.1752  0.1782  1
107:   0.0909  0.1119  0.4625  0.1169  0.1129  0.1049  1
108:   0.1623  0.1894  0.0210  0.2184  0.1663  0.2425  1
109:   0.1702  0.1692  0.1381  0.1522  0.1782  0.1922  1
110:   0.1620  0.2090  0.0190  0.1900  0.2350  0.1850  1
111:   0.1738  0.1968  0.0460  0.1898  0.2208  0.1728  1
112:   0.2128  0.2048  0.0390  0.1878  0.1748  0.1808  1
113:   0.1692  0.1902  0.0400  0.1992  0.1722  0.2292  1
114:   0.1381  0.1612  0.2252  0.1421  0.1782  0.1552  1
115:   0.1810  0.2000  0.0330  0.1630  0.2550  0.1680  1
116:   0.2270  0.1860  0.0250  0.1930  0.2070  0.1620  1
117:   0.2050  0.1920  0.0470  0.1680  0.2120  0.1760  1
118:   0.2020  0.1740  0.0650  0.1660  0.1910  0.2020  1
119:   0.1790  0.1880  0.0490  0.1790  0.2240  0.1810  1
120:   0.1720  0.1830  0.0130  0.2170  0.1670  0.2480  1
121:   0.2068  0.1848  0.0480  0.1878  0.1818  0.1908  1
122:   0.2180  0.1760  0.0220  0.1700  0.2090  0.2050  1
123:   0.2132  0.1842  0.0541  0.1862  0.2022  0.1602  1
124:   0.2000  0.1740  0.1290  0.1620  0.1650  0.1700  1
125:   0.1758  0.1908  0.0370  0.1998  0.1788  0.2178  1
126:   0.1730  0.1770  0.1190  0.1850  0.1860  0.1600  1
127:   0.1568  0.1818  0.0909  0.1948  0.1558  0.2198  1
128:   0.1932  0.1842  0.0220  0.2182  0.1622  0.2202  1
129:   0.2202  0.1752  0.0220  0.1932  0.2022  0.1872  1
130:   0.1738  0.1868  0.0220  0.2028  0.1788  0.2358  1
131:   0.2040  0.2080  0.0270  0.1840  0.1700  0.2070  1
132:   0.1920  0.1950  0.0630  0.1910  0.1610  0.1980  1
133:   0.1930  0.1800  0.1140  0.1700  0.1920  0.1510  1
134:   0.1922  0.1792  0.0450  0.1882  0.1862  0.2092  1
135:   0.1992  0.1892  0.0340  0.1982  0.1872  0.1922  1
136:   0.2040  0.1920  0.0390  0.1760  0.2310  0.1580  1
137:   0.1820  0.1940  0.0510  0.1960  0.1910  0.1860  1
138:   0.2160  0.1810  0.0610  0.1760  0.1950  0.1710  1
139:   0.2010  0.1960  0.0480  0.1730  0.2190  0.1630  1
140:   0.1930  0.1800  0.1190  0.1620  0.1950  0.1510  1
141:   0.1740  0.1710  0.1030  0.1860  0.1970  0.1690  1
142:   0.1940  0.2070  0.0380  0.1740  0.1800  0.2070  1
143:   0.1862  0.1912  0.0130  0.1932  0.2312  0.1852  1
144:   0.1950  0.1960  0.0220  0.1750  0.2280  0.1840  1
145:   0.1758  0.1499  0.1818  0.1528  0.1658  0.1738  1
146:   0.1658  0.1838  0.0729  0.1948  0.1778  0.2048  1
147:   0.2010  0.1700  0.0470  0.1790  0.1990  0.2040  1
148:   0.2028  0.1958  0.0250  0.1958  0.1948  0.1858  1
149:   0.1730  0.1870  0.0600  0.1910  0.2020  0.1870  1
150:   0.1830  0.1860  0.0350  0.1980  0.1730  0.2250  1
151:   0.1440  0.1630  0.1820  0.1820  0.1290  0.2000  1
152:   0.1802  0.1762  0.0440  0.2262  0.1572  0.2162  1
153:   0.1340  0.1270  0.3560  0.1140  0.1330  0.1360  1
154:   0.1738  0.2088  0.0420  0.1938  0.1878  0.1938  1
155:   0.2130  0.1700  0.0780  0.1770  0.1920  0.1700  1
156:   0.2088  0.1948  0.0210  0.1948  0.2128  0.1678  1
157:   0.1822  0.2062  0.0150  0.1962  0.2102  0.1902  1
158:   0.1930  0.1860  0.0560  0.1840  0.1750  0.2060  1
159:   0.1930  0.1850  0.0330  0.2060  0.1660  0.2170  1
160:   0.1990  0.1800  0.0210  0.1930  0.2360  0.1710  1
161:   0.1820  0.1960  0.0170  0.2000  0.2010  0.2040  1
162:   0.2098  0.1828  0.0519  0.1758  0.2018  0.1778  1
163:   0.1924  0.1894  0.0210  0.1814  0.2385  0.1774  1
164:   0.1660  0.1860  0.0420  0.1750  0.2360  0.1950  1
165:   0.1852  0.2182  0.0230  0.2012  0.1942  0.1782  1
166:   0.2302  0.1892  0.0220  0.1962  0.2082  0.1542  1
167:   0.2114  0.1854  0.0200  0.1814  0.2044  0.1974  1
168:   0.1700  0.2030  0.0230  0.1980  0.2320  0.1740  1
169:   0.1918  0.1808  0.0190  0.1998  0.1848  0.2238  1
170:   0.1882  0.1962  0.0340  0.1952  0.1882  0.1982  1
171:   0.1940  0.1970  0.0200  0.1790  0.2340  0.1760  1
172:   0.1852  0.1862  0.0270  0.1932  0.2072  0.2012  1
173:   0.1733  0.2074  0.0261  0.1904  0.2325  0.1703  1
174:   0.1970  0.1960  0.0260  0.2260  0.1740  0.1810  1
175:   0.1900  0.1900  0.0190  0.2100  0.1880  0.2030  1
176:   0.1672  0.1972  0.0240  0.1812  0.2242  0.2062  1
177:   0.1558  0.1908  0.0470  0.2188  0.2008  0.1868  1
178:   0.2080  0.1860  0.0310  0.1880  0.1680  0.2190  1
179:   0.1768  0.2058  0.0490  0.2248  0.1858  0.1578  1
180:   0.1630  0.2260  0.0240  0.2340  0.1990  0.1540  1
181:   0.1397  0.2136  0.0709  0.2166  0.1936  0.1657  1
182:   0.1698  0.1728  0.1808  0.1658  0.1538  0.1568  1
183:   0.1780  0.1970  0.0260  0.2100  0.1750  0.2140  1
184:   0.1782  0.1882  0.0460  0.2092  0.1832  0.1952  1
185:   0.1900  0.1870  0.0290  0.2160  0.1720  0.2060  1
186:   0.1930  0.1660  0.0710  0.1730  0.1910  0.2060  1
187:   0.1980  0.2040  0.0160  0.2020  0.2230  0.1570  1
188:   0.2038  0.1848  0.0360  0.1878  0.1888  0.1988  1
189:   0.1730  0.1970  0.0560  0.2070  0.1780  0.1890  1
190:   0.1698  0.1928  0.0689  0.1858  0.2038  0.1788  1
191:   0.1620  0.2220  0.0250  0.2350  0.1980  0.1580  1
192:   0.1508  0.2088  0.0549  0.2298  0.1998  0.1558  1
193:   0.2200  0.1690  0.0530  0.1640  0.2110  0.1830  1
194:   0.1050  0.1290  0.3920  0.1250  0.1370  0.1120  1
195:   0.2020  0.1970  0.0270  0.1660  0.1890  0.2190  1
196:   0.1642  0.1972  0.0641  0.2112  0.1812  0.1822  1
197:   0.1970  0.1560  0.1380  0.1500  0.1960  0.1630  1
198:   0.1942  0.1782  0.0541  0.1852  0.2072  0.1812  1
199:   0.1580  0.1770  0.1100  0.2020  0.1690  0.1840  1
200:   0.1642  0.1752  0.1101  0.1812  0.1712  0.1982  1
201:   0.1790  0.2130  0.0260  0.1960  0.1990  0.1870  1
202:   0.1880  0.2040  0.0610  0.1860  0.1750  0.1860  1
203:   0.2072  0.1932  0.0340  0.1982  0.1872  0.1802  1
204:   0.2050  0.1910  0.0580  0.1650  0.1760  0.2050  1
205:   0.1710  0.1940  0.0790  0.1920  0.1990  0.1650  1
206:   0.2082  0.1942  0.0310  0.1902  0.2102  0.1662  1
207:   0.1680  0.1890  0.0510  0.2070  0.1580  0.2270  1
208:   0.2042  0.2022  0.0190  0.1972  0.2002  0.1772  1
209:   0.1380  0.1670  0.1580  0.1850  0.1490  0.2030  1
210:   0.2050  0.1950  0.0780  0.1630  0.1670  0.1920  1
211:   0.2100  0.1960  0.0320  0.1930  0.1950  0.1740  1
212:   0.1990  0.1940  0.0300  0.2120  0.2020  0.1630  1
213:   0.1290  0.1200  0.3550  0.1160  0.1400  0.1400  1
214:   0.1742  0.1892  0.0270  0.2072  0.1662  0.2362  1
215:   0.1768  0.1798  0.1069  0.1828  0.1748  0.1788  1
216:   0.1898  0.1768  0.0490  0.1778  0.2118  0.1948  1
217:   0.2172  0.1542  0.1411  0.1461  0.1672  0.1742  1
218:   0.1630  0.1650  0.1770  0.1700  0.1610  0.1640  1
219:   0.1439  0.1399  0.3007  0.1319  0.1489  0.1349  1
220:   0.1770  0.1980  0.0240  0.2170  0.1870  0.1970  1
221:   0.1990  0.1670  0.0800  0.1770  0.1880  0.1890  1
222:   0.2018  0.1828  0.0270  0.1878  0.2098  0.1908  1
223:   0.1962  0.1812  0.0961  0.1652  0.1942  0.1672  1
224:   0.1980  0.1830  0.0360  0.2080  0.1870  0.1880  1
225:   0.1550  0.1310  0.2970  0.1330  0.1450  0.1390  1
226:   0.2032  0.1972  0.0250  0.1672  0.2052  0.2022  1

  1:   0.2990  0.1940  0.0100  0.2040  0.0610  0.2320  1
  2:   0.0649  0.0609  0.7273  0.0420  0.0420  0.0629  1
  3:   0.1270  0.1270  0.3450  0.1370  0.1310  0.1330  1
  4:   0.0290  0.0300  0.8550  0.0280  0.0290  0.0290  1
  5:   0.0820  0.0770  0.6660  0.0520  0.0440  0.0790  1
  6:   0.0320  0.0330  0.8410  0.0310  0.0300  0.0330  1
  7:   0.0470  0.0440  0.7890  0.0400  0.0380  0.0420  1
  8:   0.0570  0.0610  0.7190  0.0540  0.0500  0.0590  1
  9:   0.0230  0.0240  0.8800  0.0250  0.0240  0.0240  1
 10:   0.1770  0.1770  0.1400  0.1610  0.1650  0.1800  1
 11:   0.0210  0.0230  0.8889  0.0220  0.0220  0.0230  1
 12:   0.1009  0.1069  0.5225  0.0839  0.0789  0.1069  1
 13:   0.0220  0.0220  0.8930  0.0200  0.0210  0.0220  1
 14:   0.1618  0.1698  0.1628  0.1708  0.1698  0.1648  1
 15:   0.0460  0.0470  0.7570  0.0520  0.0460  0.0520  1
 16:   0.1678  0.1748  0.1668  0.1628  0.1568  0.1708  1
 17:   0.0730  0.0730  0.6270  0.0770  0.0770  0.0730  1
 18:   0.1161  0.1281  0.3433  0.1421  0.1421  0.1281  1
 19:   0.0858  0.0818  0.5649  0.0918  0.0868  0.0888  1
 20:   0.0701  0.0701  0.6707  0.0561  0.0571  0.0761  1
 21:   0.0970  0.0850  0.6100  0.0660  0.0550  0.0870  1
 22:   0.1660  0.1660  0.1660  0.1670  0.1660  0.1690  1
 23:   0.0960  0.0870  0.6150  0.0590  0.0510  0.0920  1
 24:   0.0621  0.0641  0.7267  0.0490  0.0390  0.0591  1
 25:   0.1780  0.1650  0.2450  0.1330  0.1110  0.1680  1
 26:   0.0910  0.0900  0.5480  0.0880  0.0970  0.0860  1
 27:   0.0871  0.0931  0.5736  0.0781  0.0771  0.0911  1
 28:   0.1790  0.1810  0.1250  0.1710  0.1630  0.1810  1
 29:   0.0569  0.0529  0.7333  0.0519  0.0490  0.0559  1
 30:   0.0590  0.0620  0.7340  0.0460  0.0420  0.0570  1
 31:   0.0210  0.0190  0.9040  0.0180  0.0180  0.0200  1
 32:   0.0970  0.1030  0.5690  0.0710  0.0640  0.0960  1
 33:   0.0819  0.0799  0.6104  0.0749  0.0689  0.0839  1
 34:   0.0751  0.0841  0.6226  0.0691  0.0681  0.0811  1
 35:   0.1299  0.1249  0.3656  0.1269  0.1209  0.1319  1
 36:   0.1632  0.1642  0.2212  0.1481  0.1401  0.1632  1
 37:   0.1628  0.1678  0.1698  0.1598  0.1738  0.1658  1
 38:   0.1702  0.1832  0.0601  0.1952  0.2072  0.1842  1
 39:   0.0310  0.0310  0.8480  0.0280  0.0300  0.0320  1
 40:   0.0470  0.0440  0.7930  0.0370  0.0360  0.0430  1
 41:   0.1370  0.1450  0.2930  0.1400  0.1330  0.1520  1
 42:   0.0541  0.0611  0.7207  0.0541  0.0511  0.0591  1
 43:   0.2160  0.1900  0.1480  0.1540  0.0980  0.1940  1
 44:   0.0741  0.0641  0.6657  0.0621  0.0661  0.0681  1
 45:   0.1010  0.0910  0.5900  0.0690  0.0560  0.0930  1
 46:   0.1600  0.1470  0.2550  0.1470  0.1330  0.1580  1
 47:   0.1630  0.1600  0.1970  0.1630  0.1650  0.1520  1
 48:   0.1289  0.1199  0.4685  0.0949  0.0689  0.1189  1
 49:   0.1878  0.1778  0.0559  0.1898  0.1898  0.1988  1
 50:   0.1700  0.1890  0.0780  0.1840  0.1910  0.1880  1
 51:   0.1920  0.1650  0.0290  0.2180  0.2120  0.1840  1
 52:   0.2110  0.1910  0.0240  0.1850  0.1910  0.1980  1
 53:   0.1650  0.1730  0.0490  0.2240  0.2060  0.1830  1
 54:   0.1820  0.1810  0.0290  0.2170  0.2070  0.1840  1
 55:   0.1722  0.1702  0.1171  0.1882  0.1862  0.1662  1
 56:   0.1990  0.2130  0.0100  0.1980  0.1810  0.1990  1
 57:   0.1972  0.1852  0.0270  0.2032  0.2022  0.1852  1
 58:   0.2042  0.1902  0.0901  0.1692  0.1732  0.1732  1
 59:   0.1690  0.1730  0.0650  0.2070  0.1990  0.1870  1
 60:   0.1990  0.1850  0.0260  0.2060  0.1930  0.1910  1
 61:   0.2010  0.1900  0.0330  0.1850  0.1960  0.1950  1
 62:   0.1980  0.1780  0.1020  0.1710  0.1630  0.1880  1
 63:   0.2102  0.1922  0.1331  0.1461  0.1301  0.1882  1
 64:   0.1998  0.1968  0.0290  0.1918  0.2048  0.1778  1
 65:   0.2030  0.2050  0.0330  0.1780  0.1840  0.1970  1
 66:   0.1760  0.1780  0.0920  0.1810  0.1910  0.1820  1
 67:   0.1960  0.1870  0.0350  0.1590  0.2260  0.1970  1
 68:   0.1960  0.1860  0.0140  0.1940  0.2050  0.2050  1
 69:   0.1710  0.1590  0.0180  0.2340  0.2450  0.1730  1
 70:   0.2020  0.1690  0.0140  0.2150  0.2230  0.1770  1
 71:   0.1648  0.1798  0.1119  0.1848  0.1818  0.1768  1
 72:   0.1720  0.1800  0.0170  0.2180  0.2280  0.1850  1
 73:   0.1722  0.1932  0.0170  0.1972  0.2412  0.1792  1
 74:   0.1912  0.1802  0.0340  0.2072  0.2052  0.1822  1
 75:   0.1910  0.1940  0.0330  0.1960  0.1950  0.1910  1
 76:   0.1912  0.1652  0.0150  0.2292  0.2202  0.1792  1
 77:   0.1980  0.2130  0.0250  0.1750  0.1800  0.2090  1
 78:   0.2240  0.2170  0.0180  0.1770  0.1600  0.2040  1
 79:   0.1638  0.1848  0.0250  0.2048  0.2637  0.1578  1
 80:   0.2040  0.2120  0.0310  0.1800  0.1700  0.2030  1
 81:   0.1842  0.1832  0.0280  0.2152  0.1972  0.1922  1
 82:   0.1840  0.1900  0.0810  0.1810  0.1650  0.1990  1
 83:   0.1990  0.2070  0.0200  0.1900  0.1910  0.1930  1
 84:   0.2008  0.1968  0.0260  0.1918  0.1858  0.1988  1
 85:   0.1339  0.1339  0.3267  0.1349  0.1329  0.1379  1
 86:   0.1280  0.1260  0.3240  0.1420  0.1410  0.1390  1
 87:   0.1570  0.1630  0.1240  0.1880  0.2000  0.1680  1
 88:   0.1772  0.1822  0.0310  0.2072  0.2152  0.1872  1
 89:   0.2020  0.2010  0.0310  0.1880  0.1970  0.1810  1
 90:   0.1670  0.1720  0.0320  0.2150  0.2390  0.1750  1
 91:   0.2100  0.1990  0.0610  0.1800  0.1550  0.1950  1
 92:   0.1768  0.1938  0.0949  0.1748  0.1628  0.1968  1
 93:   0.1928  0.1888  0.0280  0.1808  0.2268  0.1828  1
 94:   0.1429  0.1419  0.2428  0.1558  0.1648  0.1518  1
 95:   0.1754  0.1814  0.0251  0.2074  0.2425  0.1683  1
 96:   0.1530  0.1740  0.0290  0.2220  0.2450  0.1770  1
 97:   0.1690  0.1590  0.1560  0.1750  0.1680  0.1730  1
 98:   0.1550  0.1520  0.1250  0.2010  0.1940  0.1730  1
 99:   0.1900  0.1980  0.0650  0.1770  0.1820  0.1880  1
100:   0.1250  0.1460  0.3200  0.1330  0.1290  0.1470  1
101:   0.1892  0.1932  0.0811  0.1692  0.1852  0.1822  1
102:   0.1960  0.1970  0.0220  0.1990  0.1900  0.1960  1
103:   0.1950  0.1860  0.0540  0.1790  0.1940  0.1920  1
104:   0.1950  0.2000  0.0230  0.2090  0.1850  0.1880  1
105:   0.1730  0.1720  0.1350  0.1690  0.1610  0.1900  1
106:   0.1950  0.1860  0.1270  0.1620  0.1450  0.1850  1
107:   0.1071  0.1001  0.4715  0.1071  0.0991  0.1151  1
108:   0.1700  0.1810  0.0210  0.2120  0.2300  0.1860  1
109:   0.1690  0.1870  0.1440  0.1560  0.1620  0.1820  1
110:   0.2110  0.2060  0.0180  0.1760  0.1760  0.2130  1
111:   0.1938  0.1958  0.0460  0.1678  0.2158  0.1808  1
112:   0.1888  0.1738  0.0350  0.2078  0.2098  0.1848  1
113:   0.1530  0.1740  0.0380  0.2260  0.2370  0.1720  1
114:   0.1570  0.1670  0.2280  0.1400  0.1380  0.1700  1
115:   0.1938  0.2048  0.0320  0.1668  0.2088  0.1938  1
116:   0.1770  0.1860  0.0250  0.2070  0.2340  0.1710  1
117:   0.1822  0.2032  0.0460  0.1772  0.2152  0.1762  1
118:   0.1870  0.1930  0.0680  0.1860  0.1850  0.1810  1
119:   0.1852  0.2052  0.0450  0.1812  0.1742  0.2092  1
120:   0.1560  0.1780  0.0120  0.2270  0.2500  0.1770  1
121:   0.1980  0.1960  0.0440  0.1910  0.1730  0.1980  1
122:   0.2100  0.2110  0.0200  0.1760  0.1840  0.1990  1
123:   0.1812  0.1792  0.0521  0.1892  0.2102  0.1882  1
124:   0.1970  0.1830  0.1150  0.1610  0.1620  0.1820  1
125:   0.1810  0.1900  0.0360  0.2100  0.2050  0.1780  1
126:   0.1710  0.1830  0.1210  0.1760  0.1730  0.1760  1
127:   0.1578  0.1628  0.0949  0.2048  0.2098  0.1698  1
128:   0.2000  0.2020  0.0220  0.1980  0.1830  0.1950  1
129:   0.1890  0.2030  0.0220  0.1870  0.2130  0.1860  1
130:   0.1700  0.1910  0.0220  0.2020  0.2310  0.1840  1
131:   0.2182  0.1982  0.0260  0.1862  0.1662  0.2052  1
132:   0.2050  0.2010  0.0560  0.1860  0.1490  0.2030  1
133:   0.1702  0.1772  0.1191  0.1682  0.1972  0.1682  1
134:   0.1830  0.1850  0.0410  0.2050  0.1860  0.2000  1
135:   0.1572  0.1792  0.0350  0.2152  0.2282  0.1852  1
136:   0.1772  0.1852  0.0390  0.1942  0.2192  0.1852  1
137:   0.1958  0.1948  0.0509  0.1928  0.1748  0.1908  1
138:   0.1860  0.1810  0.0610  0.1940  0.2110  0.1670  1
139:   0.1806  0.1707  0.0489  0.1926  0.2305  0.1766  1
140:   0.1702  0.1772  0.1141  0.1712  0.1962  0.1712  1
141:   0.1732  0.1802  0.1031  0.1732  0.1882  0.1822  1
142:   0.2160  0.2000  0.0360  0.1870  0.1520  0.2090  1
143:   0.2018  0.2198  0.0130  0.1888  0.1878  0.1888  1
144:   0.1908  0.2048  0.0220  0.1818  0.1988  0.2018  1
145:   0.1450  0.1400  0.2060  0.1780  0.1780  0.1530  1
146:   0.1720  0.1800  0.0730  0.1860  0.2030  0.1860  1
147:   0.1742  0.1782  0.0511  0.2022  0.2102  0.1842  1
148:   0.1910  0.1930  0.0240  0.2100  0.2060  0.1760  1
149:   0.1830  0.1960  0.0600  0.1780  0.1970  0.1860  1
150:   0.1804  0.1824  0.0351  0.2054  0.2204  0.1764  1
151:   0.1459  0.1508  0.1888  0.1828  0.1688  0.1628  1
152:   0.1740  0.1780  0.0400  0.2080  0.2100  0.1900  1
153:   0.1349  0.1479  0.3516  0.1269  0.1049  0.1339  1
154:   0.2078  0.2088  0.0390  0.1698  0.1668  0.2078  1
155:   0.1628  0.1768  0.0839  0.2008  0.2008  0.1748  1
156:   0.1800  0.1560  0.0210  0.2200  0.2430  0.1800  1
157:   0.1958  0.2068  0.0150  0.1948  0.1898  0.1978  1
158:   0.1850  0.1910  0.0580  0.1920  0.1920  0.1820  1
159:   0.1978  0.2018  0.0330  0.1888  0.1778  0.2008  1
160:   0.1832  0.1942  0.0200  0.1872  0.2382  0.1772  1
161:   0.1720  0.1830  0.0180  0.2230  0.2350  0.1690  1
162:   0.1640  0.1780  0.0580  0.2050  0.2190  0.1760  1
163:   0.1728  0.1858  0.0210  0.1888  0.2537  0.1778  1
164:   0.1990  0.2080  0.0400  0.1640  0.1920  0.1970  1
165:   0.2012  0.1942  0.0220  0.2012  0.1902  0.1912  1
166:   0.1820  0.1630  0.0220  0.2190  0.2420  0.1720  1
167:   0.1762  0.1892  0.0210  0.2032  0.2172  0.1932  1
168:   0.1970  0.1890  0.0240  0.1920  0.2130  0.1850  1
169:   0.1532  0.1762  0.0180  0.2332  0.2503  0.1692  1
170:   0.1610  0.1790  0.0340  0.2170  0.2270  0.1820  1
171:   0.1890  0.1840  0.0200  0.1830  0.2380  0.1860  1
172:   0.1918  0.2158  0.0290  0.1858  0.1898  0.1878  1
173:   0.1892  0.2012  0.0250  0.1732  0.2202  0.1912  1
174:   0.1740  0.1870  0.0270  0.2070  0.2040  0.2010  1
175:   0.1910  0.2010  0.0190  0.1890  0.2000  0.2000  1
176:   0.1930  0.2070  0.0240  0.1810  0.2060  0.1890  1
177:   0.1790  0.1870  0.0460  0.1940  0.2010  0.1930  1
178:   0.2198  0.2078  0.0320  0.1798  0.1588  0.2018  1
179:   0.1908  0.1798  0.0470  0.1868  0.2048  0.1908  1
180:   0.2020  0.1680  0.0250  0.2180  0.2040  0.1830  1
181:   0.1902  0.1812  0.0691  0.1872  0.1742  0.1982  1
182:   0.1580  0.1680  0.1870  0.1590  0.1560  0.1720  1
183:   0.1910  0.2060  0.0250  0.1940  0.1840  0.2000  1
184:   0.1740  0.1710  0.0450  0.2140  0.2110  0.1850  1
185:   0.1868  0.1848  0.0300  0.1948  0.2148  0.1888  1
186:   0.1862  0.1832  0.0701  0.1932  0.1852  0.1822  1
187:   0.1858  0.1808  0.0160  0.1958  0.2468  0.1748  1
188:   0.1850  0.1940  0.0340  0.2030  0.1880  0.1960  1
189:   0.1880  0.1900  0.0600  0.1750  0.1960  0.1910  1
190:   0.1820  0.1930  0.0700  0.1840  0.1780  0.1930  1
191:   0.2012  0.1652  0.0260  0.2192  0.1972  0.1912  1
192:   0.2020  0.1760  0.0550  0.1940  0.1890  0.1840  1
193:   0.1700  0.1740  0.0590  0.2080  0.2190  0.1700  1
194:   0.1220  0.1240  0.3950  0.1120  0.1160  0.1310  1
195:   0.2186  0.2186  0.0269  0.1627  0.1517  0.2216  1
196:   0.1858  0.1728  0.0659  0.2148  0.1858  0.1748  1
197:   0.1500  0.1460  0.1560  0.1890  0.2030  0.1560  1
198:   0.1782  0.1842  0.0571  0.1932  0.2022  0.1852  1
199:   0.1688  0.1668  0.1129  0.1918  0.1878  0.1718  1
200:   0.1740  0.1760  0.1160  0.1800  0.1730  0.1810  1
201:   0.2070  0.2090  0.0250  0.1970  0.1670  0.1950  1
202:   0.1802  0.1822  0.0621  0.1922  0.1952  0.1882  1
203:   0.1810  0.1820  0.0350  0.2070  0.2040  0.1910  1
204:   0.2220  0.2150  0.0590  0.1670  0.1350  0.2020  1
205:   0.1902  0.1742  0.0861  0.1812  0.1862  0.1822  1
206:   0.1842  0.1612  0.0280  0.2182  0.2332  0.1752  1
207:   0.1700  0.1800  0.0530  0.2030  0.2060  0.1880  1
208:   0.2030  0.1940  0.0180  0.1940  0.2120  0.1790  1
209:   0.1558  0.1558  0.1698  0.1818  0.1748  0.1618  1
210:   0.1960  0.1950  0.0750  0.1880  0.1540  0.1920  1
211:   0.1898  0.1908  0.0310  0.1948  0.2038  0.1898  1
212:   0.1830  0.1770  0.0300  0.2100  0.2170  0.1830  1
213:   0.1260  0.1390  0.3720  0.1100  0.1200  0.1330  1
214:   0.1613  0.1673  0.0271  0.2265  0.2415  0.1764  1
215:   0.1762  0.1782  0.1081  0.1772  0.1922  0.1682  1
216:   0.1982  0.2012  0.0501  0.1732  0.1772  0.2002  1
217:   0.1840  0.1830  0.1350  0.1680  0.1450  0.1850  1
218:   0.1590  0.1690  0.1800  0.1660  0.1660  0.1600  1
219:   0.1370  0.1280  0.3110  0.1450  0.1400  0.1390  1
220:   0.1828  0.1878  0.0250  0.2068  0.2088  0.1888  1
221:   0.1788  0.1798  0.0809  0.1868  0.1828  0.1908  1
222:   0.1680  0.1700  0.0280  0.2140  0.2370  0.1830  1
223:   0.1758  0.1938  0.0929  0.1788  0.1868  0.1718  1
224:   0.1780  0.1810  0.0370  0.2060  0.2180  0.1800  1
225:   0.1361  0.1311  0.3073  0.1421  0.1451  0.1381  1
226:   0.2162  0.2152  0.0220  0.1622  0.1662  0.2182  1

  1:   0.4535  0.1289  0.0110  0.1309  0.0829  0.1928  1
  2:   0.0750  0.0480  0.7330  0.0500  0.0470  0.0470  1
  3:   0.1311  0.1311  0.3283  0.1331  0.1421  0.1341  1
  4:   0.0290  0.0270  0.8549  0.0300  0.0300  0.0290  1
  5:   0.1059  0.0470  0.6773  0.0569  0.0519  0.0609  1
  6:   0.0370  0.0310  0.8410  0.0320  0.0300  0.0290  1
  7:   0.0511  0.0410  0.7808  0.0430  0.0420  0.0420  1
  8:   0.0641  0.0531  0.7127  0.0601  0.0551  0.0551  1
  9:   0.0260  0.0270  0.8691  0.0260  0.0250  0.0270  1
 10:   0.1720  0.1780  0.1370  0.1810  0.1740  0.1580  1
 11:   0.0220  0.0240  0.8870  0.0220  0.0230  0.0220  1
 12:   0.1010  0.0940  0.5470  0.0870  0.0880  0.0830  1
 13:   0.0220  0.0210  0.8921  0.0220  0.0210  0.0220  1
 14:   0.1570  0.1660  0.1520  0.1740  0.1830  0.1680  1
 15:   0.0470  0.0450  0.7470  0.0560  0.0470  0.0580  1
 16:   0.1770  0.1540  0.1530  0.1790  0.1510  0.1860  1
 17:   0.0750  0.0670  0.6320  0.0750  0.0670  0.0840  1
 18:   0.1349  0.1189  0.3197  0.1439  0.1179  0.1648  1
 19:   0.0910  0.0970  0.5490  0.0820  0.0910  0.0900  1
 20:   0.0740  0.0660  0.6810  0.0620  0.0610  0.0560  1
 21:   0.1059  0.0699  0.6204  0.0679  0.0629  0.0729  1
 22:   0.1672  0.1662  0.1682  0.1662  0.1652  0.1672  1
 23:   0.1150  0.0560  0.6390  0.0640  0.0590  0.0670  1
