 1:   0.2502  0.2505  0.2470  0.2523  1
 2:   0.2490  0.2518  0.2484  0.2507  1
 3:   0.2486  0.2498  0.2514  0.2502  1
 4:   0.2495  0.2506  0.2489  0.2510  1
 5:   0.2503  0.2503  0.2499  0.2495  1
 6:   0.2510  0.2554  0.2470  0.2466  1
 7:   0.2496  0.2514  0.2506  0.2484  1
 8:   0.2514  0.2524  0.2465  0.2497  1
 9:   0.2516  0.2564  0.2462  0.2458  1
10:   0.2502  0.2561  0.2466  0.2470  1
11:   0.2526  0.2500  0.2480  0.2494  1
12:   0.2499  0.2529  0.2480  0.2492  1
13:   0.2490  0.2488  0.2530  0.2492  1
14:   0.2504  0.2536  0.2478  0.2482  1
15:   0.2506  0.2530  0.2490  0.2474  1
16:   0.2507  0.2537  0.2475  0.2481  1
