1:    0.006 0.025 0.058 0.060 0.053 0.799 1    
2:    0.006 0.009 0.425 0.324 0.223 0.014 1    
3:    0.009 0.063 0.222 0.251 0.242 0.212 1    
4:    0.006 0.011 0.348 0.273 0.261 0.101 1    
5:    0.048 0.006 0.407 0.346 0.116 0.078 1    
6:    0.021 0.008 0.240 0.222 0.119 0.389 1    
7:    0.007 0.005 0.408 0.341 0.230 0.009 1    
8:    0.004 0.081 0.370 0.362 0.164 0.019 1    
9:    0.008 0.009 0.162 0.181 0.232 0.408 1    
10:   0.070 0.060 0.194 0.238 0.274 0.163 1    
11:   0.009 0.006 0.256 0.216 0.182 0.329 1    
12:   0.004 0.009 0.352 0.315 0.282 0.038 1    
13:   0.007 0.013 0.258 0.285 0.418 0.018 1    
14:   0.009 0.006 0.291 0.271 0.313 0.111 1    
15:   0.010 0.037 0.062 0.078 0.093 0.720 1    
16:   0.007 0.006 0.330 0.256 0.203 0.198 1    
17:   0.022 0.017 0.343 0.259 0.162 0.198 1    
18:   0.011 0.015 0.344 0.286 0.223 0.122 1    
19:   0.010 0.069 0.164 0.146 0.116 0.496 1    
20:   0.261 0.027 0.337 0.222 0.139 0.013 1    
21:   0.045 0.018 0.273 0.277 0.215 0.173 1    
22:   0.006 0.005 0.107 0.162 0.184 0.537 1    
23:   0.013 0.020 0.441 0.353 0.139 0.034 1    
24:   0.058 0.025 0.340 0.258 0.143 0.175 1    
25:   0.029 0.039 0.273 0.298 0.241 0.120 1    
26:   0.005 0.010 0.227 0.289 0.392 0.076 1    
27:   0.007 0.008 0.316 0.300 0.191 0.176 1    
28:   0.163 0.038 0.169 0.150 0.124 0.356 1    
29:   0.044 0.011 0.279 0.305 0.342 0.018 1    
30:   0.004 0.004 0.164 0.297 0.487 0.044 1    
31:   0.008 0.006 0.243 0.263 0.231 0.248 1    
32:   0.005 0.006 0.460 0.359 0.135 0.035 1    
33:   0.005 0.008 0.371 0.339 0.084 0.193 1    
34:   0.018 0.036 0.257 0.262 0.190 0.236 1    
35:   0.010 0.008 0.382 0.314 0.212 0.074 1    
36:   0.006 0.006 0.449 0.321 0.127 0.091 1    
37:   0.091 0.011 0.231 0.302 0.285 0.081 1    
38:   0.007 0.014 0.273 0.264 0.102 0.342 1    
39:   0.007 0.010 0.013 0.016 0.017 0.937 1    
40:   0.017 0.005 0.213 0.250 0.182 0.333 1    
41:   0.013 0.027 0.276 0.267 0.182 0.235 1    
42:   0.014 0.014 0.382 0.310 0.200 0.079 1    
43:   0.010 0.065 0.330 0.289 0.165 0.140 1    
44:   0.045 0.007 0.367 0.296 0.192 0.093 1    
45:   0.004 0.021 0.275 0.291 0.383 0.025 1    
46:   0.012 0.010 0.336 0.292 0.315 0.036 1    
47:   0.036 0.010 0.181 0.214 0.171 0.388 1    
48:   0.036 0.010 0.375 0.314 0.230 0.036 1    
49:   0.017 0.081 0.158 0.248 0.320 0.176 1    
50:   0.007 0.016 0.343 0.324 0.233 0.077 1    
51:   0.005 0.016 0.357 0.357 0.244 0.020 1    
52:   0.005 0.004 0.425 0.346 0.185 0.035 1    
53:   0.006 0.041 0.347 0.332 0.264 0.010 1    
54:   0.099 0.008 0.250 0.217 0.150 0.275 1    
55:   0.012 0.198 0.245 0.264 0.242 0.040 1    
56:   0.018 0.007 0.205 0.193 0.198 0.379 1    
57:   0.007 0.016 0.299 0.296 0.284 0.098 1    
58:   0.027 0.009 0.229 0.333 0.313 0.090 1    
59:   0.006 0.005 0.397 0.333 0.180 0.078 1    
60:   0.015 0.017 0.234 0.319 0.345 0.071 1    
61:   0.194 0.012 0.193 0.170 0.154 0.277 1    
62:   0.007 0.017 0.372 0.327 0.259 0.018 1    
63:   0.013 0.036 0.297 0.290 0.193 0.172 1    
64:   0.006 0.012 0.286 0.235 0.221 0.241 1    
65:   0.009 0.008 0.302 0.228 0.144 0.310 1    
66:   0.010 0.013 0.401 0.349 0.209 0.017 1    
67:   0.055 0.018 0.416 0.313 0.147 0.051 1    
68:   0.020 0.022 0.120 0.103 0.076 0.660 1    
69:   0.125 0.009 0.166 0.140 0.056 0.503 1    
70:   0.017 0.008 0.160 0.311 0.464 0.039 1    
71:   0.026 0.008 0.410 0.325 0.122 0.110 1    
72:   0.015 0.015 0.398 0.307 0.217 0.048 1    
73:   0.009 0.035 0.084 0.073 0.042 0.758 1    
74:   0.009 0.010 0.329 0.248 0.165 0.240 1    
75:   0.006 0.030 0.493 0.282 0.156 0.033 1    
76:   0.008 0.008 0.457 0.325 0.135 0.067 1    
77:   0.008 0.967 0.006 0.006 0.006 0.007 1    
78:   0.012 0.913 0.018 0.020 0.021 0.017 1    
79:   0.012 0.958 0.007 0.007 0.008 0.007 1    
80:   0.003 0.977 0.005 0.005 0.005 0.005 1    
81:   0.004 0.968 0.007 0.007 0.007 0.006 1    
82:   0.006 0.959 0.009 0.009 0.008 0.007 1    
83:   0.028 0.889 0.018 0.021 0.022 0.022 1    
84:   0.006 0.954 0.009 0.009 0.008 0.015 1    
85:   0.009 0.944 0.011 0.013 0.012 0.011 1    
86:   0.010 0.852 0.032 0.030 0.025 0.050 1    
87:   0.004 0.974 0.006 0.005 0.006 0.005 1    
88:   0.008 0.967 0.006 0.006 0.006 0.007 1    
89:   0.007 0.966 0.006 0.007 0.007 0.008 1    
90:   0.019 0.555 0.130 0.124 0.088 0.084 1    
91:   0.007 0.964 0.007 0.007 0.007 0.009 1    
92:   0.009 0.963 0.007 0.006 0.007 0.007 1    
93:   0.005 0.970 0.007 0.007 0.006 0.005 1    
94:   0.006 0.975 0.005 0.005 0.005 0.005 1    
95:   0.010 0.938 0.011 0.012 0.012 0.016 1    
96:   0.005 0.971 0.006 0.006 0.005 0.006 1    
97:   0.111 0.709 0.048 0.043 0.050 0.040 1    
98:   0.023 0.341 0.163 0.142 0.158 0.173 1    
99:   0.004 0.970 0.006 0.006 0.006 0.008 1    
100:  0.009 0.840 0.040 0.044 0.043 0.023 1    
101:  0.005 0.959 0.009 0.008 0.009 0.010 1    
102:  0.092 0.734 0.045 0.045 0.047 0.036 1    
103:  0.007 0.008 0.150 0.148 0.141 0.545 1    
104:  0.005 0.006 0.349 0.304 0.252 0.084 1    
105:  0.022 0.007 0.233 0.253 0.348 0.138 1    
106:  0.012 0.020 0.227 0.319 0.386 0.036 1    
107:  0.008 0.018 0.229 0.256 0.296 0.193 1    
108:  0.019 0.016 0.132 0.264 0.356 0.213 1    
109:  0.040 0.020 0.287 0.216 0.184 0.252 1    
110:  0.019 0.005 0.377 0.337 0.205 0.057 1    
111:  0.007 0.006 0.380 0.279 0.296 0.031 1    
112:  0.005 0.015 0.356 0.254 0.193 0.178 1    
113:  0.009 0.034 0.402 0.261 0.224 0.070 1    
114:  0.008 0.012 0.388 0.315 0.262 0.014 1    
115:  0.051 0.006 0.171 0.187 0.222 0.363 1    
116:  0.004 0.009 0.338 0.323 0.246 0.080 1    
117:  0.007 0.006 0.115 0.317 0.535 0.020 1    
118:  0.007 0.009 0.193 0.247 0.200 0.343 1    
119:  0.005 0.011 0.305 0.331 0.270 0.078 1    
120:  0.005 0.030 0.139 0.304 0.485 0.037 1    
121:  0.012 0.020 0.137 0.276 0.390 0.166 1    
122:  0.015 0.013 0.256 0.272 0.317 0.127 1    
123:  0.013 0.011 0.165 0.197 0.274 0.341 1    
124:  0.009 0.033 0.254 0.256 0.195 0.254 1    
125:  0.010 0.006 0.451 0.284 0.229 0.020 1    
126:  0.018 0.063 0.234 0.301 0.292 0.092 1    
127:  0.012 0.012 0.289 0.275 0.273 0.139 1    
128:  0.006 0.508 0.132 0.140 0.174 0.040 1    
129:  0.014 0.064 0.222 0.265 0.288 0.146 1    
130:  0.012 0.006 0.236 0.239 0.199 0.308 1    
131:  0.006 0.059 0.190 0.236 0.329 0.180 1    
132:  0.004 0.006 0.371 0.332 0.271 0.016 1    
133:  0.005 0.071 0.193 0.306 0.391 0.034 1    
134:  0.007 0.028 0.446 0.370 0.116 0.032 1    
135:  0.054 0.114 0.189 0.237 0.362 0.045 1    
136:  0.009 0.063 0.226 0.294 0.344 0.065 1    
137:  0.012 0.007 0.203 0.165 0.171 0.442 1    
138:  0.008 0.015 0.359 0.343 0.247 0.027 1    
139:  0.006 0.020 0.235 0.175 0.134 0.431 1    
140:  0.063 0.036 0.218 0.237 0.257 0.188 1    
141:  0.007 0.006 0.385 0.292 0.219 0.090 1    
142:  0.009 0.006 0.144 0.301 0.505 0.036 1    
143:  0.006 0.026 0.231 0.195 0.216 0.326 1    
144:  0.006 0.019 0.261 0.284 0.277 0.153 1    
145:  0.049 0.010 0.101 0.127 0.147 0.567 1    
146:  0.019 0.019 0.339 0.295 0.222 0.106 1    
147:  0.019 0.007 0.083 0.105 0.133 0.653 1    
148:  0.009 0.067 0.389 0.327 0.177 0.031 1    
149:  0.035 0.006 0.189 0.240 0.223 0.306 1    
150:  0.091 0.040 0.220 0.285 0.331 0.033 1    
151:  0.009 0.008 0.349 0.347 0.239 0.048 1    
152:  0.139 0.023 0.042 0.034 0.031 0.731 1    
153:  0.043 0.025 0.361 0.274 0.119 0.178 1    
154:  0.058 0.022 0.106 0.089 0.052 0.673 1    
155:  0.009 0.009 0.414 0.295 0.198 0.075 1    
156:  0.033 0.205 0.123 0.111 0.102 0.426 1    
157:  0.007 0.016 0.388 0.355 0.155 0.078 1    
158:  0.006 0.014 0.369 0.334 0.188 0.090 1    
159:  0.288 0.042 0.171 0.200 0.186 0.113 1    
160:  0.010 0.010 0.106 0.176 0.240 0.458 1    
161:  0.033 0.027 0.205 0.243 0.240 0.253 1    
162:  0.012 0.008 0.351 0.265 0.318 0.045 1    
163:  0.006 0.005 0.153 0.314 0.456 0.067 1    
164:  0.008 0.004 0.280 0.303 0.332 0.072 1    
165:  0.094 0.004 0.407 0.325 0.150 0.019 1    
166:  0.005 0.101 0.158 0.277 0.366 0.093 1    
167:  0.007 0.006 0.094 0.083 0.086 0.723 1    
168:  0.014 0.020 0.301 0.272 0.364 0.028 1    
169:  0.005 0.006 0.371 0.339 0.250 0.029 1    
170:  0.014 0.009 0.214 0.244 0.373 0.146 1    
171:  0.021 0.007 0.133 0.142 0.182 0.515 1    
172:  0.010 0.004 0.190 0.148 0.152 0.497 1    
173:  0.021 0.011 0.295 0.276 0.326 0.071 1    
174:  0.118 0.006 0.274 0.219 0.162 0.221 1    
175:  0.013 0.005 0.112 0.105 0.098 0.666 1    
176:  0.013 0.012 0.141 0.190 0.209 0.435 1    
177:  0.006 0.005 0.246 0.300 0.377 0.066 1    
178:  0.017 0.006 0.301 0.341 0.256 0.079 1    
179:  0.015 0.021 0.039 0.053 0.065 0.808 1    
180:  0.006 0.009 0.173 0.229 0.452 0.131 1    
181:  0.015 0.064 0.138 0.244 0.412 0.126 1    
182:  0.011 0.029 0.117 0.306 0.481 0.057 1    
183:  0.018 0.070 0.158 0.125 0.087 0.541 1    
184:  0.008 0.016 0.311 0.272 0.194 0.199 1    
185:  0.009 0.022 0.218 0.205 0.192 0.354 1    
186:  0.004 0.006 0.086 0.324 0.556 0.024 1    
187:  0.029 0.007 0.305 0.256 0.278 0.125 1    
188:  0.021 0.009 0.299 0.249 0.269 0.153 1    
189:  0.011 0.010 0.187 0.236 0.332 0.224 1    
190:  0.030 0.006 0.235 0.267 0.303 0.160 1    
191:  0.067 0.071 0.175 0.254 0.264 0.169 1    
192:  0.056 0.004 0.112 0.114 0.099 0.616 1    
193:  0.009 0.009 0.364 0.301 0.179 0.138 1    
194:  0.021 0.008 0.338 0.279 0.259 0.095 1    
195:  0.027 0.006 0.175 0.328 0.397 0.066 1    
196:  0.007 0.374 0.220 0.187 0.121 0.091 1    
197:  0.005 0.031 0.289 0.276 0.243 0.155 1    
198:  0.011 0.020 0.326 0.273 0.182 0.189 1    
199:  0.009 0.009 0.110 0.254 0.433 0.185 1    
200:  0.006 0.027 0.369 0.316 0.200 0.083 1    
201:  0.066 0.005 0.193 0.165 0.168 0.403 1    
202:  0.005 0.031 0.407 0.350 0.148 0.060 1    
203:  0.008 0.047 0.146 0.279 0.441 0.080 1    
204:  0.012 0.011 0.352 0.330 0.279 0.016 1    
205:  0.023 0.012 0.365 0.308 0.258 0.034 1    
206:  0.023 0.009 0.245 0.236 0.267 0.220 1    
207:  0.006 0.025 0.143 0.248 0.413 0.166 1    
208:  0.005 0.036 0.326 0.256 0.361 0.015 1    
209:  0.036 0.009 0.448 0.317 0.155 0.036 1    
210:  0.010 0.016 0.294 0.320 0.312 0.048 1    
211:  0.006 0.008 0.342 0.274 0.353 0.016 1    
212:  0.031 0.025 0.280 0.245 0.339 0.080 1    
213:  0.011 0.017 0.417 0.309 0.193 0.053 1    
214:  0.030 0.010 0.353 0.312 0.264 0.029 1    
215:  0.009 0.015 0.242 0.238 0.313 0.183 1    
216:  0.012 0.009 0.357 0.236 0.172 0.214 1    
217:  0.031 0.007 0.187 0.291 0.398 0.086 1    
218:  0.014 0.036 0.353 0.277 0.207 0.113 1    
219:  0.004 0.006 0.199 0.315 0.438 0.037 1    
220:  0.012 0.361 0.193 0.232 0.183 0.019 1    
221:  0.022 0.026 0.225 0.237 0.322 0.169 1    
222:  0.091 0.009 0.226 0.192 0.139 0.343 1    
223:  0.020 0.006 0.098 0.101 0.090 0.686 1    
224:  0.016 0.005 0.250 0.290 0.290 0.149 1    
225:  0.189 0.007 0.069 0.073 0.077 0.585 1    
226:  0.029 0.011 0.277 0.266 0.369 0.048 1    
227:  0.006 0.009 0.431 0.269 0.222 0.062 1    
228:  0.007 0.007 0.262 0.246 0.211 0.267 1    
229:  0.016 0.023 0.266 0.284 0.249 0.161 1    
230:  0.023 0.006 0.322 0.300 0.312 0.036 1    
231:  0.009 0.007 0.101 0.305 0.522 0.057 1    
232:  0.004 0.007 0.268 0.248 0.297 0.176 1    
233:  0.010 0.017 0.097 0.279 0.503 0.095 1    
234:  0.028 0.007 0.219 0.246 0.325 0.175 1    
235:  0.011 0.009 0.380 0.322 0.206 0.072 1    
236:  0.014 0.023 0.199 0.284 0.320 0.160 1    
237:  0.025 0.036 0.242 0.245 0.332 0.120 1    
238:  0.029 0.018 0.350 0.319 0.248 0.037 1    
239:  0.010 0.017 0.265 0.341 0.319 0.048 1    
240:  0.017 0.119 0.212 0.184 0.123 0.346 1    
241:  0.006 0.010 0.195 0.283 0.366 0.140 1    
242:  0.011 0.030 0.319 0.302 0.265 0.073 1    
243:  0.012 0.011 0.283 0.303 0.371 0.018 1    
244:  0.004 0.021 0.164 0.218 0.332 0.261 1    
245:  0.013 0.014 0.453 0.389 0.082 0.048 1    
246:  0.006 0.066 0.287 0.223 0.215 0.204 1    
247:  0.030 0.005 0.359 0.254 0.134 0.217 1    
248:  0.010 0.020 0.238 0.333 0.376 0.023 1    
249:  0.009 0.006 0.318 0.346 0.205 0.115 1    
250:  0.033 0.011 0.123 0.277 0.490 0.066 1    
251:  0.006 0.025 0.158 0.202 0.205 0.403 1    
252:  0.031 0.036 0.363 0.280 0.237 0.054 1    
253:  0.010 0.061 0.246 0.293 0.375 0.016 1    
254:  0.008 0.010 0.379 0.261 0.316 0.027 1    
255:  0.006 0.053 0.321 0.280 0.319 0.022 1    
256:  0.010 0.004 0.134 0.214 0.295 0.342 1    
257:  0.017 0.026 0.197 0.300 0.363 0.097 1    
258:  0.006 0.005 0.280 0.228 0.140 0.341 1    
259:  0.006 0.008 0.277 0.291 0.351 0.066 1    
260:  0.021 0.009 0.275 0.297 0.293 0.106 1    
261:  0.007 0.010 0.353 0.383 0.200 0.047 1    
262:  0.007 0.008 0.458 0.314 0.182 0.031 1    
263:  0.142 0.010 0.292 0.271 0.269 0.015 1    
264:  0.029 0.015 0.464 0.321 0.158 0.014 1    
265:  0.024 0.012 0.412 0.362 0.088 0.102 1    
266:  0.009 0.024 0.365 0.297 0.166 0.139 1    
267:  0.012 0.123 0.262 0.230 0.140 0.234 1    
268:  0.067 0.305 0.188 0.132 0.107 0.201 1    
269:  0.011 0.019 0.068 0.058 0.045 0.798 1    
270:  0.006 0.023 0.341 0.281 0.231 0.118 1    
271:  0.034 0.049 0.319 0.304 0.246 0.048 1    
272:  0.019 0.007 0.035 0.044 0.041 0.854 1    
273:  0.027 0.005 0.294 0.281 0.289 0.104 1    
274:  0.026 0.027 0.222 0.241 0.241 0.243 1    
275:  0.009 0.027 0.277 0.336 0.291 0.060 1    
276:  0.089 0.010 0.119 0.121 0.136 0.525 1    
277:  0.012 0.006 0.183 0.308 0.402 0.090 1    
278:  0.091 0.086 0.310 0.268 0.197 0.048 1    
279:  0.028 0.022 0.325 0.239 0.190 0.196 1    
280:  0.006 0.014 0.194 0.279 0.375 0.133 1    
281:  0.004 0.030 0.442 0.275 0.233 0.016 1    
282:  0.053 0.013 0.262 0.279 0.226 0.167 1    
283:  0.266 0.015 0.181 0.208 0.238 0.092 1    
284:  0.047 0.008 0.190 0.204 0.225 0.326 1    
285:  0.019 0.053 0.390 0.347 0.160 0.032 1    
286:  0.010 0.012 0.133 0.287 0.525 0.033 1    
287:  0.012 0.051 0.136 0.283 0.452 0.067 1    
288:  0.015 0.020 0.152 0.268 0.425 0.121 1    
289:  0.010 0.005 0.360 0.289 0.300 0.036 1    
290:  0.008 0.023 0.323 0.300 0.272 0.074 1    
291:  0.020 0.020 0.177 0.332 0.392 0.060 1    
292:  0.033 0.021 0.133 0.132 0.117 0.563 1    
293:  0.008 0.012 0.152 0.123 0.142 0.563 1    
294:  0.080 0.178 0.149 0.237 0.330 0.026 1    
295:  0.009 0.033 0.097 0.167 0.188 0.507 1    
296:  0.048 0.008 0.270 0.230 0.197 0.247 1    
297:  0.067 0.010 0.276 0.220 0.239 0.187 1    
298:  0.007 0.011 0.318 0.272 0.376 0.016 1    
299:  0.032 0.024 0.353 0.286 0.249 0.056 1    
300:  0.018 0.012 0.271 0.226 0.133 0.341 1    
301:  0.005 0.114 0.182 0.245 0.423 0.031 1    
302:  0.011 0.006 0.167 0.315 0.482 0.020 1    
303:  0.070 0.008 0.288 0.299 0.319 0.016 1    
304:  0.009 0.005 0.270 0.258 0.367 0.091 1    
305:  0.008 0.028 0.273 0.273 0.269 0.150 1    
306:  0.009 0.009 0.361 0.314 0.227 0.081 1    
307:  0.031 0.016 0.302 0.298 0.202 0.152 1    
308:  0.007 0.018 0.373 0.269 0.282 0.050 1    
309:  0.044 0.008 0.164 0.132 0.128 0.525 1    
310:  0.138 0.008 0.280 0.272 0.238 0.064 1    
311:  0.021 0.008 0.286 0.211 0.228 0.247 1    
312:  0.030 0.087 0.107 0.221 0.323 0.232 1    
313:  0.006 0.005 0.350 0.242 0.293 0.104 1    
314:  0.048 0.092 0.185 0.174 0.115 0.385 1    
315:  0.008 0.012 0.127 0.088 0.064 0.701 1    
316:  0.081 0.009 0.242 0.224 0.127 0.317 1    
317:  0.030 0.026 0.205 0.287 0.355 0.097 1    
318:  0.015 0.006 0.111 0.089 0.084 0.696 1    
319:  0.191 0.007 0.162 0.206 0.244 0.189 1    
320:  0.066 0.268 0.172 0.185 0.216 0.092 1    
321:  0.005 0.012 0.415 0.324 0.183 0.060 1    
322:  0.017 0.039 0.174 0.229 0.240 0.301 1    
323:  0.013 0.027 0.257 0.319 0.357 0.027 1    
324:  0.007 0.008 0.393 0.273 0.261 0.058 1    
325:  0.019 0.026 0.095 0.085 0.068 0.707 1    
326:  0.007 0.004 0.356 0.273 0.334 0.026 1    
327:  0.005 0.011 0.289 0.219 0.255 0.221 1    
328:  0.018 0.040 0.312 0.281 0.258 0.092 1    
329:  0.019 0.027 0.268 0.281 0.354 0.051 1    
330:  0.004 0.025 0.100 0.201 0.340 0.329 1    
331:  0.005 0.014 0.079 0.075 0.067 0.760 1    
332:  0.011 0.004 0.317 0.241 0.371 0.055 1    
333:  0.011 0.008 0.231 0.288 0.443 0.018 1    
334:  0.006 0.028 0.278 0.233 0.074 0.381 1    
335:  0.008 0.055 0.338 0.311 0.224 0.065 1    
336:  0.006 0.011 0.012 0.015 0.013 0.943 1    
337:  0.029 0.014 0.062 0.066 0.040 0.789 1    
338:  0.006 0.063 0.012 0.011 0.012 0.897 1    
339:  0.006 0.005 0.006 0.007 0.006 0.970 1    
340:  0.026 0.006 0.010 0.011 0.010 0.937 1    
341:  0.007 0.010 0.314 0.296 0.290 0.082 1    
342:  0.005 0.005 0.006 0.006 0.006 0.972 1    
343:  0.007 0.018 0.012 0.013 0.012 0.939 1    
344:  0.009 0.010 0.010 0.009 0.010 0.951 1    
345:  0.008 0.005 0.007 0.007 0.007 0.967 1    
346:  0.012 0.007 0.009 0.009 0.010 0.954 1    
347:  0.009 0.007 0.012 0.013 0.012 0.948 1    
348:  0.018 0.055 0.033 0.028 0.025 0.842 1    
349:  0.005 0.007 0.006 0.006 0.006 0.969 1    
350:  0.006 0.083 0.020 0.020 0.018 0.852 1    
351:  0.035 0.006 0.009 0.011 0.010 0.930 1    
352:  0.006 0.012 0.265 0.256 0.336 0.125 1    
353:  0.014 0.007 0.009 0.011 0.010 0.950 1    
354:  0.013 0.006 0.008 0.011 0.010 0.951 1    
355:  0.016 0.009 0.011 0.012 0.012 0.940 1    
356:  0.009 0.021 0.450 0.281 0.203 0.036 1    
357:  0.149 0.014 0.094 0.109 0.155 0.479 1    
358:  0.011 0.032 0.222 0.281 0.336 0.117 1    
359:  0.025 0.010 0.340 0.301 0.256 0.068 1    
360:  0.061 0.037 0.165 0.162 0.129 0.446 1    
361:  0.094 0.016 0.129 0.139 0.129 0.494 1    
362:  0.005 0.033 0.202 0.321 0.404 0.034 1    
363:  0.007 0.006 0.097 0.106 0.093 0.692 1    
364:  0.007 0.006 0.400 0.291 0.247 0.050 1    
365:  0.007 0.008 0.050 0.046 0.036 0.853 1    
366:  0.005 0.008 0.189 0.206 0.190 0.402 1    
367:  0.015 0.030 0.282 0.316 0.275 0.083 1    
368:  0.012 0.012 0.206 0.310 0.396 0.064 1    
369:  0.005 0.012 0.209 0.161 0.147 0.466 1    
370:  0.042 0.006 0.115 0.111 0.123 0.603 1    
371:  0.053 0.011 0.139 0.184 0.240 0.373 1    
372:  0.046 0.008 0.086 0.072 0.034 0.755 1    
373:  0.017 0.012 0.251 0.309 0.353 0.057 1    
374:  0.053 0.143 0.196 0.215 0.217 0.176 1    
375:  0.023 0.005 0.340 0.239 0.199 0.195 1    
376:  0.014 0.012 0.300 0.246 0.251 0.178 1    
377:  0.011 0.013 0.373 0.281 0.284 0.038 1    
378:  0.009 0.025 0.088 0.123 0.169 0.585 1    
379:  0.012 0.008 0.306 0.277 0.291 0.105 1    
380:  0.017 0.007 0.384 0.282 0.277 0.033 1    
381:  0.012 0.017 0.225 0.172 0.179 0.394 1    
382:  0.027 0.007 0.423 0.332 0.184 0.026 1    
383:  0.016 0.051 0.349 0.287 0.251 0.047 1    
384:  0.013 0.011 0.259 0.271 0.268 0.177 1    
385:  0.005 0.003 0.411 0.310 0.206 0.066 1    
386:  0.010 0.038 0.195 0.237 0.291 0.228 1    
387:  0.008 0.005 0.151 0.191 0.230 0.414 1    
388:  0.014 0.016 0.210 0.272 0.335 0.153 1    
389:  0.007 0.022 0.347 0.273 0.200 0.151 1    
390:  0.004 0.030 0.125 0.147 0.112 0.582 1    
391:  0.007 0.009 0.318 0.306 0.255 0.106 1    
392:  0.017 0.004 0.120 0.315 0.506 0.037 1    
393:  0.007 0.032 0.298 0.266 0.178 0.219 1    
394:  0.007 0.006 0.201 0.316 0.439 0.031 1    
395:  0.006 0.007 0.129 0.317 0.523 0.018 1    
396:  0.006 0.010 0.336 0.283 0.260 0.105 1    
397:  0.008 0.009 0.207 0.307 0.418 0.051 1    
398:  0.022 0.438 0.108 0.137 0.139 0.156 1    
399:  0.012 0.015 0.384 0.295 0.191 0.103 1    
400:  0.032 0.020 0.368 0.308 0.221 0.051 1    
401:  0.008 0.015 0.155 0.272 0.500 0.050 1    
402:  0.016 0.007 0.248 0.330 0.375 0.023 1    
403:  0.007 0.014 0.384 0.220 0.223 0.152 1    
404:  0.022 0.006 0.208 0.252 0.405 0.107 1    
405:  0.010 0.050 0.212 0.210 0.268 0.250 1    
406:  0.049 0.008 0.306 0.244 0.232 0.161 1    
407:  0.014 0.009 0.367 0.321 0.186 0.104 1    
408:  0.008 0.011 0.193 0.316 0.424 0.049 1    
409:  0.021 0.011 0.317 0.312 0.191 0.148 1    
410:  0.009 0.014 0.449 0.251 0.249 0.027 1    
411:  0.035 0.008 0.228 0.230 0.229 0.270 1    
412:  0.014 0.009 0.399 0.294 0.207 0.077 1    
413:  0.006 0.011 0.251 0.308 0.388 0.035 1    
414:  0.020 0.008 0.202 0.226 0.414 0.130 1    
415:  0.007 0.041 0.385 0.287 0.204 0.075 1    
416:  0.010 0.008 0.297 0.288 0.363 0.035 1    
417:  0.013 0.032 0.301 0.265 0.270 0.119 1    
418:  0.006 0.024 0.369 0.225 0.176 0.201 1    
419:  0.012 0.045 0.198 0.234 0.293 0.218 1    
420:  0.008 0.203 0.190 0.241 0.332 0.025 1    
421:  0.010 0.055 0.357 0.318 0.191 0.069 1    
422:  0.112 0.069 0.120 0.125 0.129 0.445 1    
423:  0.016 0.004 0.250 0.298 0.276 0.156 1    
424:  0.017 0.012 0.224 0.290 0.399 0.058 1    
425:  0.008 0.006 0.205 0.270 0.370 0.142 1    
426:  0.037 0.008 0.153 0.182 0.177 0.442 1    
427:  0.005 0.009 0.295 0.367 0.301 0.023 1    
428:  0.006 0.012 0.207 0.315 0.334 0.126 1    
429:  0.015 0.004 0.450 0.347 0.155 0.030 1    
430:  0.350 0.014 0.142 0.153 0.128 0.213 1    
431:  0.007 0.007 0.307 0.339 0.318 0.021 1    
432:  0.009 0.007 0.146 0.209 0.253 0.376 1    
433:  0.026 0.007 0.286 0.191 0.133 0.358 1    
434:  0.008 0.014 0.378 0.296 0.246 0.057 1    
435:  0.010 0.016 0.360 0.280 0.318 0.016 1    
436:  0.009 0.065 0.344 0.289 0.274 0.018 1    
437:  0.213 0.076 0.251 0.224 0.161 0.074 1    
438:  0.042 0.005 0.446 0.271 0.192 0.043 1    
439:  0.012 0.009 0.061 0.071 0.067 0.779 1    
440:  0.005 0.029 0.190 0.146 0.143 0.488 1    
441:  0.059 0.020 0.370 0.326 0.199 0.025 1    
442:  0.221 0.032 0.286 0.242 0.183 0.036 1    
443:  0.019 0.008 0.196 0.143 0.082 0.552 1    
444:  0.015 0.019 0.272 0.243 0.097 0.353 1    
445:  0.010 0.007 0.247 0.186 0.137 0.413 1    
446:  0.013 0.015 0.149 0.157 0.199 0.466 1    
447:  0.010 0.025 0.230 0.227 0.272 0.236 1    
448:  0.064 0.113 0.094 0.115 0.146 0.468 1    
449:  0.009 0.025 0.092 0.312 0.500 0.062 1    
450:  0.055 0.021 0.030 0.032 0.045 0.817 1    
451:  0.005 0.066 0.140 0.175 0.170 0.443 1    
452:  0.018 0.009 0.390 0.311 0.223 0.050 1    
453:  0.011 0.042 0.271 0.270 0.355 0.051 1    
454:  0.054 0.017 0.382 0.286 0.203 0.058 1    
455:  0.011 0.005 0.340 0.296 0.298 0.051 1    
456:  0.014 0.009 0.335 0.281 0.251 0.110 1    
457:  0.006 0.011 0.420 0.323 0.221 0.020 1    
458:  0.013 0.012 0.097 0.103 0.063 0.713 1    
459:  0.040 0.016 0.249 0.201 0.208 0.286 1    
460:  0.059 0.018 0.148 0.310 0.440 0.024 1    
461:  0.039 0.052 0.196 0.264 0.343 0.105 1    
462:  0.008 0.009 0.166 0.335 0.452 0.030 1    
463:  0.034 0.024 0.139 0.147 0.135 0.521 1    
464:  0.012 0.039 0.192 0.317 0.394 0.046 1    
465:  0.060 0.015 0.178 0.136 0.135 0.477 1    
466:  0.112 0.042 0.060 0.093 0.098 0.595 1    
467:  0.016 0.014 0.206 0.331 0.373 0.060 1    
468:  0.008 0.009 0.223 0.204 0.226 0.329 1    
469:  0.008 0.009 0.287 0.279 0.292 0.125 1    
470:  0.054 0.010 0.187 0.269 0.408 0.071 1    
471:  0.006 0.005 0.265 0.262 0.449 0.012 1    
472:  0.035 0.019 0.206 0.311 0.415 0.014 1    
473:  0.016 0.010 0.383 0.301 0.223 0.067 1    
474:  0.007 0.005 0.230 0.301 0.372 0.084 1    
475:  0.005 0.007 0.184 0.355 0.421 0.028 1    
476:  0.006 0.012 0.361 0.306 0.255 0.059 1    
477:  0.058 0.009 0.284 0.221 0.211 0.216 1    
478:  0.085 0.010 0.191 0.188 0.200 0.326 1    
479:  0.007 0.117 0.120 0.274 0.438 0.046 1    
480:  0.008 0.020 0.303 0.271 0.354 0.043 1    
481:  0.011 0.017 0.359 0.329 0.216 0.068 1    
482:  0.006 0.009 0.175 0.200 0.204 0.405 1    
483:  0.018 0.009 0.423 0.324 0.203 0.023 1    
484:  0.006 0.098 0.150 0.210 0.234 0.301 1    
485:  0.412 0.050 0.052 0.047 0.039 0.400 1    
486:  0.008 0.041 0.215 0.184 0.107 0.445 1    
487:  0.009 0.009 0.231 0.230 0.315 0.206 1    
488:  0.024 0.059 0.224 0.198 0.287 0.208 1    
489:  0.010 0.038 0.276 0.296 0.256 0.125 1    
490:  0.011 0.016 0.056 0.044 0.054 0.819 1    
491:  0.007 0.009 0.139 0.235 0.442 0.168 1    
492:  0.015 0.009 0.344 0.259 0.293 0.080 1    
493:  0.004 0.009 0.254 0.287 0.234 0.212 1    
494:  0.008 0.007 0.387 0.289 0.257 0.052 1    
495:  0.021 0.015 0.319 0.321 0.247 0.076 1    
496:  0.089 0.014 0.345 0.281 0.226 0.046 1    
497:  0.008 0.009 0.087 0.178 0.236 0.481 1    
498:  0.012 0.014 0.335 0.261 0.272 0.107 1    
499:  0.006 0.010 0.249 0.343 0.365 0.028 1    
500:  0.009 0.006 0.228 0.258 0.476 0.023 1    
501:  0.014 0.008 0.247 0.299 0.232 0.200 1    
502:  0.052 0.090 0.212 0.281 0.343 0.022 1    
503:  0.008 0.004 0.205 0.313 0.424 0.047 1    
504:  0.008 0.018 0.173 0.216 0.266 0.318 1    
505:  0.084 0.006 0.205 0.156 0.106 0.442 1    
506:  0.024 0.047 0.267 0.273 0.295 0.094 1    
507:  0.095 0.031 0.230 0.176 0.127 0.341 1    
508:  0.011 0.007 0.214 0.313 0.405 0.051 1    
509:  0.004 0.007 0.465 0.365 0.136 0.023 1    
510:  0.006 0.052 0.216 0.265 0.325 0.136 1    
511:  0.010 0.033 0.267 0.237 0.248 0.205 1    
512:  0.011 0.008 0.216 0.190 0.242 0.332 1    
513:  0.014 0.008 0.321 0.272 0.317 0.068 1    
514:  0.022 0.010 0.223 0.253 0.327 0.165 1    
515:  0.006 0.011 0.231 0.290 0.391 0.070 1    
516:  0.026 0.006 0.117 0.276 0.459 0.117 1    
517:  0.031 0.004 0.126 0.233 0.436 0.170 1    
518:  0.161 0.013 0.233 0.207 0.177 0.210 1    
519:  0.044 0.172 0.150 0.164 0.229 0.241 1    
520:  0.014 0.014 0.340 0.313 0.244 0.075 1    
521:  0.007 0.037 0.146 0.275 0.308 0.227 1    
522:  0.011 0.539 0.117 0.125 0.103 0.105 1    
523:  0.020 0.009 0.301 0.335 0.246 0.090 1    
524:  0.005 0.006 0.327 0.263 0.251 0.149 1    
525:  0.011 0.005 0.276 0.257 0.408 0.042 1    
526:  0.016 0.013 0.092 0.115 0.152 0.612 1    
527:  0.007 0.020 0.244 0.306 0.403 0.020 1    
528:  0.009 0.004 0.150 0.279 0.523 0.035 1    
529:  0.014 0.303 0.105 0.216 0.344 0.018 1    
530:  0.043 0.024 0.171 0.096 0.118 0.547 1    
531:  0.007 0.034 0.213 0.239 0.301 0.205 1    
532:  0.014 0.133 0.219 0.201 0.235 0.198 1    
533:  0.012 0.016 0.262 0.279 0.328 0.104 1    
534:  0.052 0.011 0.120 0.193 0.255 0.369 1    
535:  0.018 0.009 0.240 0.257 0.241 0.235 1    
536:  0.012 0.025 0.381 0.291 0.247 0.044 1    
537:  0.039 0.031 0.226 0.195 0.187 0.321 1    
538:  0.004 0.006 0.306 0.313 0.183 0.187 1    
539:  0.014 0.006 0.198 0.198 0.254 0.331 1    
540:  0.010 0.015 0.317 0.237 0.314 0.107 1    
541:  0.011 0.092 0.171 0.237 0.457 0.032 1    
542:  0.009 0.059 0.170 0.193 0.160 0.408 1    
543:  0.004 0.010 0.452 0.284 0.212 0.038 1    
544:  0.038 0.048 0.109 0.103 0.089 0.613 1    
545:  0.033 0.024 0.123 0.101 0.101 0.619 1    
546:  0.018 0.011 0.302 0.304 0.250 0.115 1    
547:  0.008 0.016 0.263 0.293 0.377 0.043 1    
548:  0.006 0.016 0.280 0.204 0.243 0.251 1    
549:  0.020 0.018 0.068 0.151 0.185 0.558 1    
550:  0.005 0.005 0.325 0.306 0.275 0.082 1    
551:  0.006 0.056 0.381 0.292 0.184 0.080 1    
552:  0.004 0.007 0.094 0.314 0.526 0.056 1    
553:  0.024 0.008 0.090 0.275 0.558 0.045 1    
554:  0.040 0.014 0.317 0.316 0.261 0.053 1    
555:  0.026 0.009 0.213 0.296 0.318 0.137 1    
556:  0.020 0.016 0.093 0.152 0.220 0.498 1    
557:  0.010 0.012 0.155 0.293 0.457 0.073 1    
558:  0.007 0.009 0.181 0.302 0.405 0.096 1    
559:  0.032 0.005 0.445 0.295 0.157 0.066 1    
560:  0.018 0.007 0.236 0.172 0.197 0.370 1    
561:  0.011 0.010 0.148 0.120 0.108 0.602 1    
562:  0.010 0.007 0.359 0.276 0.318 0.030 1    
563:  0.008 0.009 0.230 0.283 0.296 0.176 1    
564:  0.250 0.006 0.268 0.221 0.211 0.044 1    
565:  0.009 0.025 0.246 0.265 0.349 0.107 1    
566:  0.021 0.026 0.314 0.329 0.286 0.024 1    
567:  0.010 0.084 0.299 0.310 0.256 0.041 1    
568:  0.037 0.018 0.320 0.339 0.269 0.017 1    
569:  0.005 0.009 0.200 0.338 0.384 0.065 1    
570:  0.006 0.012 0.294 0.288 0.367 0.032 1    
571:  0.008 0.061 0.375 0.318 0.210 0.029 1    
572:  0.009 0.011 0.161 0.290 0.493 0.035 1    
573:  0.186 0.011 0.157 0.156 0.126 0.364 1    
574:  0.030 0.019 0.293 0.332 0.222 0.104 1    
575:  0.016 0.006 0.162 0.269 0.334 0.212 1    
576:  0.048 0.007 0.098 0.271 0.502 0.075 1    
577:  0.056 0.016 0.193 0.214 0.241 0.279 1    
578:  0.242 0.028 0.146 0.204 0.335 0.044 1    
579:  0.023 0.006 0.336 0.262 0.205 0.168 1    
580:  0.008 0.039 0.197 0.294 0.446 0.015 1    
581:  0.006 0.004 0.201 0.306 0.465 0.018 1    
582:  0.107 0.042 0.209 0.203 0.148 0.291 1    
583:  0.116 0.075 0.159 0.187 0.234 0.229 1    
584:  0.016 0.012 0.193 0.232 0.291 0.257 1    
585:  0.017 0.116 0.085 0.108 0.154 0.520 1    
586:  0.011 0.016 0.304 0.275 0.191 0.204 1    
587:  0.011 0.006 0.166 0.177 0.247 0.393 1    
588:  0.026 0.019 0.334 0.314 0.265 0.043 1    
589:  0.045 0.019 0.391 0.345 0.182 0.019 1    
590:  0.018 0.014 0.279 0.174 0.111 0.405 1    
591:  0.006 0.066 0.328 0.267 0.318 0.015 1    
592:  0.017 0.008 0.432 0.336 0.128 0.080 1    
593:  0.017 0.006 0.150 0.310 0.498 0.019 1    
594:  0.027 0.006 0.247 0.294 0.224 0.203 1    
595:  0.014 0.704 0.061 0.073 0.074 0.074 1    
596:  0.014 0.025 0.307 0.312 0.271 0.071 1    
597:  0.020 0.035 0.174 0.224 0.303 0.246 1    
598:  0.006 0.005 0.040 0.060 0.102 0.787 1    
599:  0.045 0.023 0.309 0.223 0.176 0.223 1    
600:  0.040 0.065 0.237 0.203 0.207 0.247 1    
601:  0.103 0.006 0.121 0.117 0.107 0.545 1    
602:  0.055 0.014 0.322 0.259 0.164 0.186 1    
603:  0.011 0.045 0.255 0.251 0.370 0.067 1    
604:  0.012 0.026 0.282 0.296 0.371 0.013 1    
605:  0.008 0.018 0.216 0.291 0.275 0.192 1    
606:  0.018 0.033 0.324 0.256 0.246 0.124 1    
607:  0.025 0.007 0.369 0.270 0.296 0.033 1    
608:  0.009 0.011 0.313 0.294 0.165 0.208 1    
609:  0.009 0.007 0.360 0.270 0.247 0.107 1    
610:  0.036 0.018 0.349 0.286 0.210 0.101 1    
611:  0.006 0.009 0.242 0.323 0.406 0.015 1    
612:  0.032 0.006 0.250 0.238 0.245 0.228 1    
613:  0.023 0.020 0.318 0.331 0.120 0.188 1    
614:  0.006 0.008 0.196 0.269 0.409 0.111 1    
615:  0.024 0.011 0.173 0.254 0.374 0.164 1    
616:  0.013 0.009 0.297 0.258 0.297 0.126 1    
617:  0.010 0.013 0.406 0.284 0.252 0.035 1    
618:  0.014 0.016 0.162 0.279 0.348 0.181 1    
619:  0.033 0.169 0.174 0.239 0.310 0.075 1    
620:  0.008 0.015 0.078 0.088 0.115 0.697 1    
621:  0.076 0.005 0.088 0.134 0.207 0.490 1    
622:  0.014 0.008 0.074 0.083 0.092 0.729 1    
623:  0.003 0.004 0.331 0.337 0.306 0.020 1    
624:  0.022 0.017 0.226 0.199 0.199 0.337 1    
625:  0.007 0.010 0.324 0.266 0.318 0.074 1    
626:  0.005 0.487 0.187 0.147 0.142 0.031 1    
627:  0.038 0.004 0.137 0.298 0.448 0.075 1    
628:  0.007 0.012 0.156 0.283 0.489 0.053 1    
629:  0.021 0.127 0.121 0.298 0.399 0.034 1    
630:  0.006 0.008 0.339 0.274 0.262 0.112 1    
631:  0.009 0.009 0.202 0.278 0.382 0.121 1    
632:  0.012 0.017 0.138 0.121 0.110 0.602 1    
633:  0.101 0.014 0.313 0.278 0.256 0.038 1    
634:  0.018 0.007 0.129 0.156 0.198 0.492 1    
635:  0.011 0.012 0.301 0.274 0.335 0.067 1    
636:  0.019 0.221 0.134 0.160 0.173 0.293 1    
637:  0.010 0.023 0.259 0.306 0.307 0.095 1    
638:  0.044 0.021 0.219 0.207 0.237 0.273 1    
639:  0.011 0.013 0.125 0.314 0.520 0.016 1    
640:  0.011 0.020 0.150 0.201 0.281 0.338 1    
641:  0.010 0.008 0.381 0.334 0.232 0.035 1    
642:  0.010 0.010 0.196 0.223 0.350 0.211 1    
643:  0.030 0.012 0.316 0.275 0.238 0.128 1    
644:  0.069 0.015 0.183 0.238 0.212 0.284 1    
645:  0.049 0.007 0.212 0.201 0.220 0.311 1    
646:  0.017 0.019 0.079 0.111 0.150 0.624 1    
647:  0.006 0.013 0.201 0.267 0.496 0.016 1    
648:  0.087 0.013 0.095 0.085 0.055 0.665 1    
649:  0.038 0.007 0.264 0.270 0.388 0.034 1    
650:  0.006 0.021 0.225 0.290 0.339 0.119 1    
651:  0.011 0.016 0.072 0.078 0.057 0.766 1    
652:  0.034 0.006 0.272 0.210 0.146 0.332 1    
653:  0.010 0.015 0.358 0.275 0.226 0.116 1    
654:  0.007 0.012 0.260 0.243 0.306 0.172 1    
655:  0.038 0.012 0.116 0.142 0.199 0.492 1    
656:  0.015 0.008 0.096 0.131 0.167 0.583 1    
657:  0.019 0.008 0.197 0.208 0.117 0.453 1    
658:  0.032 0.033 0.287 0.294 0.215 0.140 1    
659:  0.012 0.015 0.352 0.269 0.279 0.073 1    
660:  0.017 0.014 0.118 0.128 0.128 0.595 1    
661:  0.011 0.045 0.187 0.284 0.425 0.048 1    
662:  0.057 0.466 0.137 0.169 0.125 0.046 1    
663:  0.006 0.011 0.067 0.067 0.064 0.784 1    
664:  0.016 0.006 0.249 0.292 0.354 0.083 1    
665:  0.081 0.026 0.241 0.199 0.188 0.266 1    
666:  0.005 0.026 0.162 0.201 0.247 0.360 1    
667:  0.011 0.011 0.131 0.307 0.498 0.042 1    
668:  0.115 0.036 0.188 0.202 0.169 0.290 1    
669:  0.008 0.004 0.117 0.159 0.175 0.537 1    
670:  0.008 0.033 0.392 0.311 0.204 0.052 1    
671:  0.050 0.004 0.129 0.103 0.070 0.644 1    
672:  0.013 0.006 0.261 0.190 0.166 0.364 1    
673:  0.004 0.005 0.340 0.335 0.214 0.101 1    
674:  0.027 0.096 0.111 0.120 0.123 0.523 1    
675:  0.019 0.011 0.121 0.112 0.086 0.652 1    
676:  0.033 0.010 0.212 0.174 0.139 0.431 1    
677:  0.006 0.006 0.117 0.248 0.452 0.171 1    
678:  0.006 0.006 0.154 0.262 0.469 0.104 1    
679:  0.006 0.007 0.081 0.069 0.064 0.772 1    
680:  0.029 0.029 0.247 0.204 0.173 0.318 1    
681:  0.010 0.016 0.221 0.198 0.184 0.372 1    
682:  0.013 0.097 0.188 0.296 0.359 0.047 1    
683:  0.062 0.020 0.145 0.253 0.414 0.106 1    
684:  0.007 0.088 0.239 0.279 0.351 0.036 1    
685:  0.079 0.014 0.134 0.129 0.109 0.535 1    
686:  0.143 0.005 0.310 0.243 0.246 0.052 1    
687:  0.008 0.006 0.257 0.216 0.176 0.335 1    
688:  0.007 0.008 0.291 0.301 0.271 0.121 1    
689:  0.033 0.016 0.231 0.316 0.386 0.017 1    
690:  0.012 0.014 0.240 0.297 0.377 0.060 1    
691:  0.097 0.063 0.097 0.079 0.059 0.604 1    
692:  0.033 0.041 0.356 0.304 0.191 0.075 1    
693:  0.006 0.007 0.188 0.288 0.415 0.096 1    
694:  0.010 0.007 0.185 0.192 0.196 0.410 1    
695:  0.007 0.010 0.333 0.235 0.219 0.196 1    
696:  0.026 0.009 0.128 0.278 0.466 0.093 1    
697:  0.017 0.045 0.216 0.183 0.132 0.407 1    
698:  0.026 0.007 0.082 0.282 0.555 0.048 1    
699:  0.014 0.011 0.144 0.284 0.491 0.056 1    
700:  0.024 0.013 0.098 0.266 0.381 0.218 1    
701:  0.010 0.019 0.286 0.275 0.255 0.154 1    
702:  0.042 0.009 0.194 0.288 0.412 0.055 1    
703:  0.010 0.011 0.232 0.304 0.431 0.013 1    
704:  0.022 0.036 0.116 0.268 0.480 0.078 1    
705:  0.010 0.054 0.243 0.264 0.241 0.187 1    
706:  0.006 0.009 0.175 0.247 0.362 0.202 1    
707:  0.016 0.059 0.192 0.175 0.127 0.431 1    
708:  0.009 0.008 0.051 0.046 0.036 0.851 1    
709:  0.031 0.009 0.197 0.323 0.412 0.029 1    
710:  0.049 0.012 0.230 0.187 0.144 0.377 1    
711:  0.011 0.013 0.118 0.181 0.239 0.438 1    
712:  0.010 0.016 0.173 0.297 0.455 0.049 1    
713:  0.008 0.030 0.133 0.253 0.374 0.202 1    
714:  0.055 0.037 0.354 0.284 0.184 0.086 1    
715:  0.260 0.036 0.220 0.195 0.216 0.074 1    
716:  0.014 0.010 0.188 0.283 0.346 0.159 1    
717:  0.126 0.012 0.186 0.206 0.152 0.317 1    
718:  0.016 0.025 0.168 0.151 0.171 0.469 1    
719:  0.012 0.007 0.347 0.319 0.198 0.117 1    
720:  0.155 0.024 0.186 0.152 0.129 0.354 1    
721:  0.017 0.012 0.161 0.326 0.436 0.048 1    
722:  0.016 0.014 0.132 0.281 0.483 0.075 1    
723:  0.015 0.009 0.163 0.286 0.391 0.135 1    
724:  0.021 0.015 0.311 0.285 0.264 0.104 1    
725:  0.006 0.024 0.143 0.320 0.460 0.048 1    
726:  0.076 0.015 0.184 0.281 0.353 0.092 1    
727:  0.007 0.013 0.183 0.243 0.242 0.312 1    
728:  0.014 0.008 0.261 0.206 0.218 0.293 1    
729:  0.014 0.012 0.233 0.291 0.396 0.054 1    
730:  0.008 0.009 0.265 0.276 0.310 0.133 1    
731:  0.010 0.017 0.182 0.309 0.443 0.039 1    
732:  0.019 0.013 0.409 0.303 0.221 0.035 1    
733:  0.007 0.088 0.128 0.148 0.149 0.481 1    
734:  0.013 0.011 0.263 0.232 0.192 0.289 1    
735:  0.009 0.004 0.096 0.102 0.100 0.688 1    
736:  0.006 0.007 0.291 0.219 0.161 0.316 1    
737:  0.030 0.065 0.222 0.313 0.323 0.046 1    
738:  0.012 0.017 0.186 0.297 0.412 0.077 1    
739:  0.021 0.021 0.366 0.293 0.254 0.046 1    
740:  0.041 0.011 0.219 0.273 0.429 0.027 1    
741:  0.008 0.018 0.167 0.314 0.380 0.113 1    
742:  0.012 0.950 0.009 0.009 0.010 0.010 1    
743:  0.006 0.963 0.009 0.008 0.007 0.007 1    
744:  0.007 0.959 0.008 0.008 0.008 0.011 1    
745:  0.004 0.979 0.004 0.004 0.004 0.004 1    
746:  0.010 0.970 0.005 0.006 0.005 0.004 1    
747:  0.008 0.806 0.044 0.037 0.043 0.063 1    
748:  0.019 0.886 0.024 0.027 0.031 0.014 1    
749:  0.005 0.976 0.005 0.005 0.005 0.005 1    
750:  0.004 0.968 0.007 0.007 0.008 0.006 1    
751:  0.007 0.973 0.004 0.005 0.004 0.006 1    
752:  0.010 0.960 0.007 0.006 0.006 0.011 1    
753:  0.045 0.888 0.022 0.019 0.017 0.009 1    
754:  0.036 0.910 0.013 0.013 0.012 0.015 1    
755:  0.069 0.039 0.067 0.086 0.107 0.632 1    
756:  0.045 0.007 0.418 0.338 0.138 0.054 1    
757:  0.021 0.164 0.354 0.269 0.159 0.034 1    
758:  0.022 0.122 0.358 0.339 0.144 0.015 1    
759:  0.088 0.007 0.207 0.174 0.110 0.414 1    
760:  0.311 0.012 0.204 0.189 0.146 0.138 1    
761:  0.044 0.009 0.459 0.310 0.161 0.018 1    
762:  0.760 0.038 0.058 0.055 0.051 0.038 1    
763:  0.017 0.032 0.354 0.307 0.115 0.174 1    
764:  0.013 0.013 0.418 0.287 0.221 0.049 1    
765:  0.963 0.008 0.007 0.007 0.007 0.009 1    
766:  0.009 0.009 0.447 0.282 0.228 0.027 1    
767:  0.018 0.011 0.368 0.269 0.213 0.121 1    
768:  0.020 0.124 0.267 0.239 0.266 0.084 1    
769:  0.039 0.012 0.413 0.282 0.232 0.021 1    
770:  0.022 0.048 0.255 0.302 0.287 0.086 1    
771:  0.014 0.005 0.378 0.317 0.206 0.081 1    
772:  0.019 0.017 0.331 0.262 0.300 0.070 1    
773:  0.017 0.020 0.312 0.314 0.226 0.111 1    
774:  0.011 0.019 0.218 0.276 0.300 0.176 1    
775:  0.958 0.009 0.008 0.008 0.009 0.009 1    
776:  0.921 0.012 0.016 0.015 0.012 0.023 1    
777:  0.977 0.003 0.005 0.005 0.005 0.005 1    
778:  0.080 0.014 0.396 0.249 0.213 0.048 1    
779:  0.955 0.005 0.009 0.009 0.009 0.012 1    
780:  0.879 0.008 0.017 0.030 0.048 0.019 1    
781:  0.968 0.004 0.007 0.007 0.007 0.007 1    
782:  0.975 0.006 0.005 0.005 0.005 0.005 1    
783:  0.869 0.027 0.018 0.023 0.022 0.042 1    
784:  0.938 0.033 0.007 0.007 0.008 0.007 1    
785:  0.948 0.010 0.009 0.011 0.010 0.012 1    
786:  0.873 0.020 0.024 0.028 0.033 0.022 1    
787:  0.965 0.006 0.007 0.007 0.007 0.008 1    
788:  0.965 0.005 0.007 0.007 0.007 0.008 1    
789:  0.963 0.010 0.007 0.007 0.007 0.006 1    
790:  0.946 0.015 0.009 0.009 0.009 0.011 1    
791:  0.633 0.230 0.044 0.034 0.030 0.029 1    
792:  0.948 0.031 0.006 0.006 0.005 0.005 1    
793:  0.889 0.009 0.024 0.026 0.031 0.022 1    
794:  0.916 0.004 0.024 0.022 0.019 0.015 1    
795:  0.953 0.022 0.006 0.006 0.006 0.008 1    
796:  0.892 0.014 0.019 0.020 0.020 0.035 1    
797:  0.957 0.007 0.010 0.010 0.010 0.007 1    
798:  0.899 0.058 0.012 0.012 0.012 0.007 1    
799:  0.974 0.006 0.005 0.005 0.005 0.004 1    
800:  0.950 0.010 0.010 0.010 0.011 0.009 1    
801:  0.958 0.004 0.010 0.010 0.011 0.008 1    
802:  0.981 0.004 0.004 0.004 0.004 0.004 1    
803:  0.957 0.004 0.011 0.010 0.011 0.008 1    
804:  0.871 0.005 0.042 0.031 0.029 0.022 1    
805:  0.851 0.009 0.027 0.024 0.021 0.068 1    
806:  0.874 0.083 0.009 0.010 0.011 0.012 1    
807:  0.950 0.006 0.008 0.009 0.010 0.018 1    
808:  0.946 0.005 0.012 0.012 0.012 0.013 1    
809:  0.853 0.038 0.025 0.025 0.027 0.032 1    
810:  0.898 0.046 0.012 0.012 0.010 0.021 1    
811:  0.975 0.006 0.005 0.005 0.005 0.004 1    
812:  0.977 0.004 0.005 0.005 0.004 0.005 1    
813:  0.766 0.008 0.059 0.052 0.056 0.059 1    
814:  0.953 0.018 0.006 0.007 0.007 0.009 1    
815:  0.764 0.011 0.051 0.060 0.072 0.042 1    
816:  0.969 0.008 0.006 0.006 0.006 0.006 1    
817:  0.893 0.048 0.017 0.015 0.015 0.012 1    
818:  0.805 0.017 0.053 0.055 0.053 0.017 1    
819:  0.958 0.016 0.007 0.007 0.006 0.007 1    
820:  0.971 0.007 0.005 0.005 0.005 0.006 1    
821:  0.969 0.006 0.005 0.005 0.006 0.008 1    
822:  0.963 0.006 0.008 0.008 0.008 0.008 1    
823:  0.945 0.004 0.013 0.012 0.011 0.015 1    
824:  0.948 0.006 0.013 0.012 0.012 0.009 1    
825:  0.770 0.031 0.055 0.048 0.061 0.034 1    
826:  0.729 0.242 0.008 0.007 0.007 0.007 1    
827:  0.969 0.005 0.006 0.006 0.006 0.007 1    
828:  0.978 0.004 0.005 0.005 0.004 0.004 1    
829:  0.981 0.004 0.004 0.004 0.004 0.004 1    
830:  0.976 0.004 0.005 0.005 0.005 0.005 1    
831:  0.939 0.009 0.016 0.014 0.011 0.012 1    
832:  0.888 0.038 0.021 0.020 0.018 0.015 1    
833:  0.944 0.016 0.008 0.009 0.011 0.012 1    
