           1  1 0.0169 0.0102 0.3260 0.3406 0.3063 
           2  1 0.0362 0.0139 0.3090 0.3062 0.3348 
           3  1 0.2109 0.0396 0.2380 0.2571 0.2544 
           4  1 0.0134 0.0087 0.3138 0.3306 0.3335 
           5  1 0.0170 0.0242 0.3508 0.2952 0.3128 
           6  1 0.0068 0.0117 0.3265 0.3432 0.3118 
           7  1 0.0087 0.0108 0.3310 0.3341 0.3154 
           8  1 0.0115 0.0077 0.3155 0.3359 0.3294 
           9  1 0.0295 0.0096 0.3262 0.3376 0.2970 
          10  1 0.0146 0.0220 0.3346 0.3112 0.3175 
          11  1 0.0133 0.0148 0.2966 0.3356 0.3398 
          12  1 0.0205 0.0086 0.2712 0.3544 0.3453 
          13  1 0.0102 0.0121 0.3205 0.3365 0.3206 
          14  1 0.0169 0.0131 0.3375 0.3273 0.3051 
          15  1 0.0238 0.0238 0.3606 0.2757 0.3160 
          16  1 0.0361 0.0140 0.3086 0.3260 0.3154 
          17  1 0.0137 0.0176 0.3351 0.3255 0.3081 
          18  1 0.0243 0.0143 0.2657 0.3398 0.3559 
          19  1 0.0456 0.0130 0.3339 0.2881 0.3194 
          20  1 0.0590 0.0353 0.3150 0.2894 0.3013 
          21  1 0.0179 0.0087 0.2553 0.3808 0.3373 
          22  1 0.0364 0.0173 0.2596 0.3550 0.3316 
          23  1 0.0229 0.0321 0.3026 0.3233 0.3191 
          24  1 0.2495 0.0372 0.2405 0.2339 0.2390 
          25  1 0.0581 0.0489 0.3346 0.2944 0.2640 
          26  1 0.4163 0.1100 0.1391 0.1758 0.1588 
          27  1 0.3084 0.6545 0.0124 0.0120 0.0127 
          28  1 0.8632 0.0472 0.0299 0.0300 0.0297 
          29  1 0.7850 0.0380 0.0591 0.0600 0.0578 
          30  1 0.8831 0.0698 0.0151 0.0158 0.0162 
          31  1 0.8707 0.1009 0.0100 0.0090 0.0094 
          32  1 0.9505 0.0175 0.0105 0.0107 0.0107 
          33  1 0.8593 0.0094 0.0420 0.0444 0.0449 
          34  1 0.8212 0.0395 0.0476 0.0450 0.0467 
          35  1 0.7436 0.0351 0.0750 0.0711 0.0752 
          36  1 0.0433 0.9327 0.0081 0.0080 0.0079 
          37  1 0.8019 0.1242 0.0240 0.0258 0.0240 
          38  1 0.2746 0.2347 0.1705 0.1662 0.1541 
          39  1 0.7336 0.1266 0.0455 0.0479 0.0463 
          40  1 0.2847 0.2690 0.1505 0.1445 0.1512 
          41  1 0.2242 0.0530 0.2382 0.2199 0.2648 
          42  1 0.0458 0.8146 0.0435 0.0495 0.0467 
          43  1 0.0830 0.6473 0.0890 0.0943 0.0864 
          44  1 0.2378 0.4749 0.0961 0.0928 0.0984 
          45  1 0.0203 0.9440 0.0119 0.0118 0.0119 
          46  1 0.0311 0.8853 0.0297 0.0264 0.0275 
          47  1 0.0201 0.9488 0.0100 0.0106 0.0105 
          48  1 0.0142 0.9638 0.0073 0.0069 0.0079 
          49  1 0.1053 0.8486 0.0161 0.0147 0.0152 
          50  1 0.0073 0.9251 0.0223 0.0235 0.0219 
          51  1 0.0231 0.9423 0.0120 0.0114 0.0113 
          52  1 0.1636 0.7525 0.0275 0.0281 0.0283 
          53  1 0.3849 0.4723 0.0508 0.0454 0.0465 
          54  1 0.6536 0.2900 0.0190 0.0185 0.0189 
          55  1 0.7807 0.1168 0.0329 0.0336 0.0360 
          56  1 0.1517 0.6924 0.0517 0.0512 0.0529 
          57  1 0.3500 0.4297 0.0730 0.0726 0.0747 
          58  1 0.0751 0.6922 0.0858 0.0709 0.0760 
          59  1 0.0088 0.9716 0.0063 0.0066 0.0067 
          60  1 0.0473 0.8741 0.0266 0.0277 0.0242 
          61  1 0.6394 0.2120 0.0497 0.0483 0.0506 
          62  1 0.1590 0.6798 0.0531 0.0545 0.0537 
          63  1 0.6729 0.1545 0.0604 0.0527 0.0595 
          64  1 0.6273 0.0877 0.0938 0.0947 0.0964 
          65  1 0.9022 0.0473 0.0173 0.0164 0.0168 
          66  1 0.0239 0.9048 0.0245 0.0233 0.0234 
          67  1 0.2106 0.5480 0.0788 0.0838 0.0788 
          68  1 0.2323 0.6288 0.0503 0.0407 0.0479 
          69  1 0.8344 0.0521 0.0361 0.0409 0.0364 
          70  1 0.1817 0.3417 0.1538 0.1505 0.1722 
          71  1 0.0409 0.9362 0.0078 0.0075 0.0075 
          72  1 0.3685 0.5174 0.0378 0.0361 0.0402 
          73  1 0.1008 0.8415 0.0198 0.0187 0.0193 
          74  1 0.0428 0.0181 0.3109 0.3112 0.3171 
          75  1 0.0133 0.0064 0.2926 0.3650 0.3226 
          76  1 0.0101 0.0074 0.3482 0.3276 0.3067 
          77  1 0.0179 0.0076 0.3245 0.3379 0.3122 
          78  1 0.0072 0.0063 0.3510 0.3047 0.3309 
          79  1 0.0156 0.0428 0.3741 0.2738 0.2936 
          80  1 0.0191 0.0167 0.3333 0.2982 0.3326 
          81  1 0.0108 0.0084 0.3092 0.3257 0.3460 
          82  1 0.0788 0.0149 0.3201 0.2999 0.2863 
          83  1 0.0076 0.0073 0.3690 0.2994 0.3166 
          84  1 0.3585 0.0153 0.2391 0.1940 0.1931 
          85  1 0.0158 0.0075 0.3270 0.3109 0.3387 
          86  1 0.0355 0.0312 0.2951 0.3271 0.3111 
          87  1 0.0396 0.0111 0.3329 0.3028 0.3135 
          88  1 0.0184 0.0096 0.3261 0.3220 0.3239 
          89  1 0.0085 0.0070 0.3313 0.3219 0.3314 
          90  1 0.0129 0.0153 0.3541 0.2658 0.3519 
          91  1 0.0244 0.0153 0.2964 0.3418 0.3220 
          92  1 0.1371 0.0623 0.2438 0.2797 0.2772 
          93  1 0.0460 0.0102 0.3281 0.3052 0.3106 
          94  1 0.0386 0.0150 0.3082 0.3268 0.3114 
          95  1 0.0142 0.0105 0.2722 0.3512 0.3519 
          96  1 0.0436 0.0281 0.2970 0.3271 0.3041 
          97  1 0.0081 0.0116 0.3207 0.3165 0.3432 
          98  1 0.0129 0.0084 0.3452 0.3060 0.3274 
          99  1 0.0116 0.0151 0.3639 0.3073 0.3021 
         100  1 0.1046 0.0747 0.2712 0.2610 0.2884 
         101  1 0.0087 0.0150 0.3756 0.2844 0.3163 
         102  1 0.6197 0.3469 0.0113 0.0113 0.0108 
         103  1 0.0300 0.9380 0.0102 0.0111 0.0108 
         104  1 0.0131 0.9657 0.0070 0.0072 0.0068 
         105  1 0.5873 0.3868 0.0089 0.0083 0.0086 
         106  1 0.0647 0.7876 0.0469 0.0480 0.0528 
         107  1 0.0309 0.9416 0.0094 0.0088 0.0092 
         108  1 0.0518 0.9262 0.0078 0.0071 0.0070 
         109  1 0.0206 0.8246 0.0575 0.0481 0.0492 
         110  1 0.0125 0.9689 0.0062 0.0063 0.0061 
         111  1 0.1168 0.8229 0.0198 0.0204 0.0201 
         112  1 0.3559 0.5853 0.0207 0.0192 0.0189 
         113  1 0.0653 0.8968 0.0130 0.0123 0.0126 
         114  1 0.0208 0.9616 0.0062 0.0056 0.0058 
         115  1 0.0148 0.9650 0.0065 0.0069 0.0068 
         116  1 0.0170 0.9572 0.0091 0.0086 0.0082 
         117  1 0.5214 0.4345 0.0145 0.0149 0.0146 
         118  1 0.1474 0.8246 0.0097 0.0093 0.0090 
         119  1 0.0263 0.9544 0.0064 0.0064 0.0065 
