           1  1 0.0107 0.0192 0.3316 0.3268 0.3117 
           2  1 0.0151 0.0419 0.3202 0.3422 0.2807 
           3  1 0.0382 0.2232 0.2316 0.2393 0.2677 
           4  1 0.0098 0.0136 0.2827 0.3260 0.3680 
           5  1 0.0265 0.0170 0.3198 0.3286 0.3081 
           6  1 0.0125 0.0075 0.3262 0.3131 0.3407 
           7  1 0.0107 0.0091 0.3350 0.3013 0.3438 
           8  1 0.0083 0.0135 0.3141 0.3122 0.3520 
           9  1 0.0102 0.0321 0.3257 0.3267 0.3053 
          10  1 0.0228 0.0155 0.3239 0.3484 0.2893 
          11  1 0.0146 0.0147 0.3197 0.3109 0.3401 
          12  1 0.0094 0.0213 0.2824 0.2879 0.3990 
          13  1 0.0140 0.0121 0.2784 0.3158 0.3796 
          14  1 0.0148 0.0188 0.3163 0.3434 0.3067 
          15  1 0.0239 0.0227 0.3623 0.3125 0.2785 
          16  1 0.0156 0.0395 0.3058 0.3038 0.3353 
          17  1 0.0186 0.0167 0.3178 0.3417 0.3052 
          18  1 0.0169 0.0271 0.2803 0.2987 0.3770 
          19  1 0.0134 0.0459 0.3106 0.3170 0.3130 
          20  1 0.0342 0.0524 0.2978 0.3242 0.2913 
          21  1 0.0093 0.0200 0.2724 0.2966 0.4017 
          22  1 0.0181 0.0366 0.2844 0.2939 0.3670 
          23  1 0.0359 0.0239 0.2943 0.2886 0.3573 
          24  1 0.0385 0.2595 0.2377 0.2452 0.2191 
          25  1 0.0457 0.0598 0.3300 0.3000 0.2646 
          26  1 0.1168 0.4186 0.1535 0.1443 0.1669 
          27  1 0.6833 0.2766 0.0130 0.0135 0.0136 
          28  1 0.0804 0.8041 0.0372 0.0398 0.0386 
          29  1 0.0415 0.7769 0.0629 0.0601 0.0586 
          30  1 0.1226 0.8204 0.0172 0.0203 0.0194 
          31  1 0.1686 0.7975 0.0120 0.0115 0.0104 
          32  1 0.0391 0.9254 0.0111 0.0120 0.0124 
          33  1 0.0125 0.8426 0.0502 0.0497 0.0450 
          34  1 0.0433 0.8048 0.0501 0.0509 0.0508 
          35  1 0.0401 0.7151 0.0787 0.0873 0.0787 
          36  1 0.9318 0.0421 0.0085 0.0090 0.0086 
          37  1 0.1280 0.7924 0.0263 0.0258 0.0274 
          38  1 0.2435 0.2542 0.1751 0.1696 0.1575 
          39  1 0.1588 0.6841 0.0519 0.0501 0.0551 
          40  1 0.2835 0.2772 0.1509 0.1461 0.1423 
          41  1 0.0542 0.1982 0.2547 0.2550 0.2379 
          42  1 0.8012 0.0465 0.0489 0.0479 0.0554 
          43  1 0.6396 0.0862 0.0943 0.0927 0.0873 
          44  1 0.4591 0.2155 0.1170 0.1117 0.0967 
          45  1 0.9263 0.0353 0.0130 0.0126 0.0127 
          46  1 0.8583 0.0447 0.0322 0.0330 0.0318 
          47  1 0.9428 0.0228 0.0112 0.0120 0.0111 
          48  1 0.9612 0.0152 0.0080 0.0080 0.0076 
          49  1 0.8041 0.1431 0.0170 0.0185 0.0174 
          50  1 0.9124 0.0111 0.0255 0.0254 0.0256 
          51  1 0.9317 0.0253 0.0159 0.0140 0.0131 
          52  1 0.7067 0.2036 0.0311 0.0299 0.0287 
          53  1 0.4777 0.3701 0.0496 0.0531 0.0496 
          54  1 0.3126 0.6245 0.0212 0.0212 0.0206 
          55  1 0.1311 0.7570 0.0409 0.0361 0.0349 
          56  1 0.6806 0.1695 0.0509 0.0497 0.0492 
          57  1 0.3883 0.4088 0.0673 0.0672 0.0685 
          58  1 0.6742 0.0865 0.0832 0.0854 0.0707 
          59  1 0.9671 0.0112 0.0073 0.0074 0.0070 
          60  1 0.8563 0.0578 0.0281 0.0295 0.0284 
          61  1 0.1804 0.6565 0.0580 0.0546 0.0505 
          62  1 0.6375 0.1978 0.0544 0.0567 0.0535 
          63  1 0.1847 0.6114 0.0733 0.0713 0.0594 
          64  1 0.0957 0.5840 0.1160 0.1086 0.0958 
          65  1 0.0519 0.8916 0.0188 0.0202 0.0175 
          66  1 0.8941 0.0236 0.0264 0.0295 0.0263 
          67  1 0.5443 0.2058 0.0838 0.0833 0.0827 
          68  1 0.6228 0.2092 0.0600 0.0555 0.0525 
          69  1 0.0602 0.8213 0.0394 0.0365 0.0426 
          70  1 0.3222 0.1940 0.1718 0.1681 0.1438 
          71  1 0.9337 0.0420 0.0081 0.0081 0.0081 
          72  1 0.5535 0.3307 0.0383 0.0392 0.0384 
          73  1 0.8273 0.1095 0.0203 0.0224 0.0205 
          74  1 0.0188 0.0428 0.3666 0.3029 0.2690 
          75  1 0.0067 0.0150 0.2990 0.2943 0.3850 
          76  1 0.0079 0.0102 0.3522 0.3165 0.3132 
          77  1 0.0077 0.0180 0.2918 0.3395 0.3430 
          78  1 0.0068 0.0073 0.3709 0.3250 0.2900 
          79  1 0.0440 0.0150 0.3433 0.3255 0.2722 
          80  1 0.0170 0.0202 0.3672 0.2917 0.3040 
          81  1 0.0089 0.0129 0.2757 0.3168 0.3857 
          82  1 0.0158 0.0821 0.2980 0.3254 0.2787 
          83  1 0.0081 0.0078 0.3585 0.3441 0.2814 
          84  1 0.0156 0.3213 0.2413 0.2192 0.2027 
          85  1 0.0075 0.0182 0.3080 0.3106 0.3557 
          86  1 0.0324 0.0389 0.3461 0.3135 0.2691 
          87  1 0.0127 0.0417 0.3163 0.3142 0.3151 
          88  1 0.0107 0.0204 0.3254 0.3220 0.3215 
          89  1 0.0075 0.0089 0.3267 0.3356 0.3214 
          90  1 0.0159 0.0122 0.3744 0.3205 0.2771 
          91  1 0.0158 0.0253 0.2942 0.3307 0.3340 
          92  1 0.0719 0.1379 0.2580 0.2513 0.2809 
          93  1 0.0107 0.0533 0.3183 0.3227 0.2950 
          94  1 0.0166 0.0399 0.3352 0.3193 0.2889 
          95  1 0.0117 0.0169 0.2636 0.3130 0.3949 
          96  1 0.0287 0.0522 0.2599 0.3044 0.3548 
          97  1 0.0131 0.0089 0.3056 0.3206 0.3518 
          98  1 0.0091 0.0146 0.3370 0.3515 0.2878 
          99  1 0.0154 0.0117 0.3362 0.3189 0.3177 
         100  1 0.0884 0.1069 0.2490 0.2912 0.2645 
         101  1 0.0144 0.0102 0.3405 0.3509 0.2839 
         102  1 0.3866 0.5756 0.0128 0.0129 0.0122 
         103  1 0.9326 0.0332 0.0107 0.0115 0.0120 
         104  1 0.9635 0.0132 0.0079 0.0078 0.0076 
         105  1 0.3866 0.5848 0.0097 0.0094 0.0094 
         106  1 0.7834 0.0633 0.0487 0.0515 0.0530 
         107  1 0.9339 0.0346 0.0108 0.0108 0.0100 
         108  1 0.9109 0.0653 0.0080 0.0079 0.0079 
         109  1 0.8046 0.0197 0.0619 0.0605 0.0532 
         110  1 0.9669 0.0124 0.0067 0.0069 0.0070 
         111  1 0.8223 0.1123 0.0216 0.0202 0.0235 
         112  1 0.6035 0.3326 0.0222 0.0206 0.0211 
         113  1 0.8930 0.0662 0.0137 0.0139 0.0132 
         114  1 0.9575 0.0229 0.0067 0.0065 0.0064 
         115  1 0.9596 0.0172 0.0082 0.0075 0.0075 
         116  1 0.9510 0.0200 0.0097 0.0098 0.0096 
         117  1 0.4689 0.4852 0.0156 0.0161 0.0143 
         118  1 0.8149 0.1548 0.0102 0.0094 0.0107 
         119  1 0.9556 0.0234 0.0073 0.0069 0.0068 
