           1  1 0.4710 0.0176 0.5114 
           2  1 0.5574 0.0240 0.4186 
           3  1 0.5225 0.1542 0.3233 
           4  1 0.5617 0.0147 0.4235 
           5  1 0.4135 0.0357 0.5508 
           6  1 0.4021 0.0154 0.5825 
           7  1 0.3594 0.0141 0.6265 
           8  1 0.5322 0.0133 0.4546 
           9  1 0.4440 0.0188 0.5372 
          10  1 0.4134 0.0325 0.5540 
          11  1 0.5473 0.0237 0.4289 
          12  1 0.6271 0.0176 0.3553 
          13  1 0.5543 0.0173 0.4284 
          14  1 0.5064 0.0195 0.4741 
          15  1 0.3204 0.0350 0.6445 
          16  1 0.5647 0.0288 0.4065 
          17  1 0.4677 0.0262 0.5060 
          18  1 0.6533 0.0265 0.3202 
          19  1 0.4802 0.0281 0.4917 
          20  1 0.4227 0.0678 0.5094 
          21  1 0.6781 0.0148 0.3070 
          22  1 0.6236 0.0325 0.3439 
          23  1 0.5479 0.0565 0.3956 
          24  1 0.4241 0.1357 0.4403 
          25  1 0.3544 0.1155 0.5302 
          26  1 0.3667 0.4182 0.2151 
          27  1 0.0155 0.9695 0.0150 
          28  1 0.1297 0.7669 0.1034 
          29  1 0.2651 0.5533 0.1816 
          30  1 0.0417 0.9276 0.0307 
          31  1 0.0181 0.9646 0.0173 
          32  1 0.0436 0.9223 0.0340 
          33  1 0.2668 0.4310 0.3022 
          34  1 0.2052 0.6339 0.1609 
          35  1 0.2786 0.5079 0.2135 
          36  1 0.0102 0.9800 0.0098 
          37  1 0.0436 0.9188 0.0376 
          38  1 0.1767 0.5507 0.2726 
          39  1 0.1186 0.7919 0.0894 
          40  1 0.1971 0.6194 0.1835 
          41  1 0.4418 0.1860 0.3722 
          42  1 0.0867 0.8453 0.0680 
          43  1 0.1227 0.7616 0.1157 
          44  1 0.1037 0.7728 0.1235 
          45  1 0.0135 0.9706 0.0160 
          46  1 0.0293 0.9419 0.0288 
          47  1 0.0132 0.9736 0.0132 
          48  1 0.0097 0.9804 0.0099 
          49  1 0.0181 0.9633 0.0186 
          50  1 0.0435 0.9100 0.0465 
          51  1 0.0182 0.9577 0.0242 
          52  1 0.0292 0.9379 0.0328 
          53  1 0.0758 0.8572 0.0670 
          54  1 0.0211 0.9559 0.0229 
          55  1 0.0664 0.8377 0.0959 
          56  1 0.0302 0.9401 0.0297 
          57  1 0.0636 0.8797 0.0567 
          58  1 0.0964 0.8026 0.1011 
          59  1 0.0102 0.9793 0.0105 
          60  1 0.0287 0.9407 0.0305 
          61  1 0.0779 0.8141 0.1080 
          62  1 0.0536 0.8961 0.0503 
          63  1 0.1113 0.7535 0.1352 
          64  1 0.1670 0.6188 0.2141 
          65  1 0.0428 0.9163 0.0410 
          66  1 0.0413 0.9150 0.0437 
          67  1 0.1024 0.7994 0.0982 
          68  1 0.0394 0.9064 0.0542 
          69  1 0.0755 0.8564 0.0681 
          70  1 0.1815 0.5583 0.2603 
          71  1 0.0097 0.9808 0.0095 
          72  1 0.0347 0.9316 0.0337 
          73  1 0.0282 0.9466 0.0252 
          74  1 0.3609 0.0391 0.6000 
          75  1 0.6331 0.0105 0.3565 
          76  1 0.3161 0.0119 0.6719 
          77  1 0.5545 0.0122 0.4333 
          78  1 0.3268 0.0092 0.6640 
          79  1 0.3132 0.0545 0.6323 
          80  1 0.3647 0.0285 0.6067 
          81  1 0.5784 0.0128 0.4088 
          82  1 0.4857 0.0414 0.4729 
          83  1 0.3516 0.0099 0.6385 
          84  1 0.3102 0.0656 0.6241 
          85  1 0.5389 0.0122 0.4489 
          86  1 0.5283 0.0569 0.4148 
          87  1 0.5021 0.0247 0.4732 
          88  1 0.3231 0.0165 0.6604 
          89  1 0.4030 0.0109 0.5861 
          90  1 0.2726 0.0225 0.7049 
          91  1 0.6248 0.0245 0.3507 
          92  1 0.4562 0.2069 0.3368 
          93  1 0.3851 0.0219 0.5929 
          94  1 0.4899 0.0325 0.4776 
          95  1 0.6588 0.0187 0.3225 
          96  1 0.5793 0.0502 0.3705 
          97  1 0.5077 0.0152 0.4771 
          98  1 0.3855 0.0135 0.6010 
          99  1 0.3938 0.0196 0.5867 
         100  1 0.4792 0.1833 0.3375 
         101  1 0.3819 0.0173 0.6008 
         102  1 0.0165 0.9673 0.0162 
         103  1 0.0133 0.9742 0.0126 
         104  1 0.0092 0.9807 0.0100 
         105  1 0.0112 0.9773 0.0114 
         106  1 0.0629 0.8752 0.0619 
         107  1 0.0110 0.9762 0.0128 
         108  1 0.0095 0.9808 0.0096 
         109  1 0.0733 0.8230 0.1037 
         110  1 0.0093 0.9813 0.0093 
         111  1 0.0205 0.9598 0.0197 
         112  1 0.0235 0.9546 0.0219 
         113  1 0.0117 0.9762 0.0120 
         114  1 0.0082 0.9832 0.0086 
         115  1 0.0100 0.9802 0.0097 
         116  1 0.0119 0.9750 0.0130 
         117  1 0.0156 0.9680 0.0164 
         118  1 0.0110 0.9780 0.0109 
         119  1 0.0087 0.9827 0.0086 
