           1  1 0.1715 0.0829 0.0186 0.1366 0.1742 0.0085 0.1078 0.1550 0.1450 
           2  1 0.1585 0.0962 0.0206 0.1428 0.1711 0.0093 0.0909 0.1667 0.1441 
           3  1 0.1337 0.1188 0.0522 0.1290 0.1438 0.0223 0.1161 0.1396 0.1445 
           4  1 0.1531 0.0894 0.0094 0.1672 0.1358 0.0069 0.0797 0.1745 0.1839 
           5  1 0.1715 0.0926 0.0095 0.1419 0.1404 0.0141 0.1130 0.1652 0.1518 
           6  1 0.1437 0.1002 0.0050 0.2220 0.1478 0.0093 0.0729 0.1429 0.1562 
           7  1 0.1408 0.0906 0.0065 0.2186 0.1401 0.0092 0.0815 0.1477 0.1649 
           8  1 0.1475 0.0708 0.0107 0.1944 0.1854 0.0073 0.0581 0.1333 0.1926 
           9  1 0.1520 0.0980 0.0146 0.1455 0.1486 0.0066 0.1099 0.1702 0.1545 
          10  1 0.1428 0.0893 0.0089 0.1975 0.1713 0.0144 0.0890 0.1535 0.1333 
          11  1 0.1508 0.0750 0.0086 0.1765 0.1407 0.0099 0.0924 0.1708 0.1751 
          12  1 0.1215 0.0558 0.0137 0.1984 0.1815 0.0066 0.0503 0.1488 0.2235 
          13  1 0.1563 0.0894 0.0083 0.1727 0.1466 0.0105 0.0815 0.1678 0.1670 
          14  1 0.1496 0.0926 0.0096 0.1751 0.1785 0.0092 0.0844 0.1485 0.1526 
          15  1 0.1740 0.1017 0.0172 0.1197 0.1285 0.0165 0.1424 0.1555 0.1446 
          16  1 0.1492 0.0886 0.0228 0.1819 0.1628 0.0107 0.0791 0.1418 0.1632 
          17  1 0.1452 0.0867 0.0134 0.1753 0.1456 0.0120 0.1113 0.1667 0.1437 
          18  1 0.1286 0.0634 0.0214 0.1655 0.1698 0.0108 0.0634 0.1588 0.2182 
          19  1 0.1541 0.0955 0.0265 0.1397 0.1474 0.0083 0.1108 0.1529 0.1648 
          20  1 0.1529 0.0991 0.0171 0.1345 0.1371 0.0223 0.1094 0.1817 0.1457 
          21  1 0.1133 0.0505 0.0131 0.2140 0.1692 0.0060 0.0355 0.1658 0.2327 
          22  1 0.1164 0.0572 0.0234 0.2012 0.1736 0.0121 0.0461 0.1479 0.2220 
          23  1 0.1433 0.0907 0.0157 0.1657 0.1331 0.0276 0.0812 0.1738 0.1689 
          24  1 0.1462 0.1225 0.0495 0.1129 0.1610 0.0187 0.1179 0.1354 0.1359 
          25  1 0.1680 0.0874 0.0439 0.1269 0.1390 0.0298 0.1184 0.1427 0.1439 
          26  1 0.1083 0.1201 0.1172 0.0987 0.1323 0.0928 0.1058 0.1053 0.1196 
          27  1 0.0136 0.0287 0.2223 0.0141 0.0152 0.6525 0.0256 0.0143 0.0138 
          28  1 0.0342 0.0305 0.7128 0.0338 0.0328 0.0589 0.0318 0.0306 0.0347 
          29  1 0.0648 0.1160 0.4058 0.0610 0.0713 0.0287 0.1187 0.0670 0.0668 
          30  1 0.0137 0.0133 0.8570 0.0131 0.0168 0.0426 0.0133 0.0152 0.0151 
          31  1 0.0095 0.0086 0.8125 0.0086 0.0082 0.1233 0.0100 0.0098 0.0095 
          32  1 0.0089 0.0097 0.9246 0.0096 0.0097 0.0090 0.0106 0.0089 0.0090 
          33  1 0.0321 0.0305 0.7685 0.0383 0.0327 0.0073 0.0259 0.0316 0.0332 
          34  1 0.0654 0.1189 0.4108 0.0559 0.0679 0.0461 0.1080 0.0690 0.0581 
          35  1 0.0834 0.0832 0.3636 0.0734 0.1034 0.0382 0.0878 0.0866 0.0803 
          36  1 0.0083 0.0219 0.0443 0.0081 0.0077 0.8724 0.0206 0.0083 0.0083 
          37  1 0.0322 0.1069 0.5943 0.0269 0.0326 0.0757 0.0658 0.0285 0.0371 
          38  1 0.1124 0.0659 0.2127 0.0762 0.0989 0.1551 0.0784 0.1024 0.0981 
          39  1 0.0460 0.0612 0.5243 0.0446 0.0461 0.1251 0.0582 0.0503 0.0442 
          40  1 0.0979 0.1084 0.1431 0.0951 0.1030 0.1546 0.1108 0.0956 0.0916 
          41  1 0.1359 0.0748 0.1350 0.1267 0.1195 0.0387 0.0812 0.1538 0.1345 
          42  1 0.0454 0.0505 0.0430 0.0472 0.0470 0.6032 0.0596 0.0466 0.0575 
          43  1 0.0664 0.0432 0.0375 0.0565 0.0702 0.5473 0.0600 0.0610 0.0580 
          44  1 0.0822 0.0675 0.1451 0.0726 0.0754 0.3047 0.0935 0.0807 0.0784 
          45  1 0.0118 0.2021 0.0144 0.0109 0.0107 0.5265 0.2026 0.0104 0.0105 
          46  1 0.0273 0.1900 0.0169 0.0260 0.0322 0.4533 0.2037 0.0267 0.0238 
          47  1 0.0106 0.0194 0.0184 0.0107 0.0115 0.8922 0.0175 0.0098 0.0100 
          48  1 0.0067 0.0111 0.0128 0.0063 0.0071 0.9320 0.0109 0.0066 0.0064 
          49  1 0.0083 0.4421 0.0127 0.0092 0.0108 0.0923 0.4032 0.0105 0.0110 
          50  1 0.0293 0.0486 0.0062 0.0246 0.0276 0.7565 0.0512 0.0271 0.0290 
          51  1 0.0114 0.0211 0.0238 0.0095 0.0102 0.8799 0.0235 0.0097 0.0108 
          52  1 0.0172 0.4068 0.0215 0.0159 0.0178 0.1122 0.3717 0.0176 0.0193 
          53  1 0.0415 0.2111 0.1274 0.0390 0.0543 0.2199 0.2154 0.0465 0.0449 
          54  1 0.0268 0.1232 0.3921 0.0235 0.0253 0.2234 0.1325 0.0257 0.0274 
          55  1 0.0506 0.0974 0.5059 0.0436 0.0376 0.0845 0.0979 0.0456 0.0371 
          56  1 0.0324 0.3153 0.0384 0.0345 0.0428 0.1657 0.3016 0.0350 0.0344 
          57  1 0.0137 0.4634 0.0194 0.0145 0.0167 0.0267 0.4183 0.0137 0.0137 
          58  1 0.0846 0.0941 0.0593 0.0614 0.0879 0.3770 0.0919 0.0752 0.0687 
          59  1 0.0071 0.0189 0.0077 0.0070 0.0089 0.9182 0.0181 0.0068 0.0072 
          60  1 0.0214 0.3184 0.0170 0.0215 0.0225 0.2306 0.3259 0.0215 0.0211 
          61  1 0.0372 0.3297 0.1674 0.0276 0.0335 0.0451 0.2937 0.0352 0.0306 
          62  1 0.0310 0.3638 0.0317 0.0306 0.0313 0.0983 0.3478 0.0320 0.0335 
          63  1 0.0798 0.0878 0.2274 0.0548 0.0662 0.2548 0.0946 0.0700 0.0644 
          64  1 0.0802 0.2238 0.1727 0.0606 0.0689 0.0257 0.1946 0.0859 0.0877 
          65  1 0.0219 0.2633 0.3906 0.0190 0.0201 0.0240 0.2199 0.0210 0.0201 
          66  1 0.0336 0.0298 0.0444 0.0327 0.0345 0.7197 0.0359 0.0315 0.0379 
          67  1 0.0755 0.0777 0.0903 0.0570 0.0652 0.4290 0.0778 0.0638 0.0636 
          68  1 0.0605 0.1329 0.0546 0.0409 0.0467 0.4367 0.1253 0.0540 0.0485 
          69  1 0.0690 0.0968 0.4582 0.0487 0.0638 0.0469 0.0896 0.0647 0.0624 
          70  1 0.0620 0.3265 0.0170 0.0526 0.0532 0.0480 0.3328 0.0557 0.0521 
          71  1 0.0069 0.0082 0.0309 0.0062 0.0068 0.9201 0.0072 0.0070 0.0067 
          72  1 0.0393 0.0374 0.3298 0.0306 0.0355 0.4124 0.0442 0.0387 0.0321 
          73  1 0.0232 0.1665 0.0906 0.0190 0.0261 0.4803 0.1508 0.0231 0.0205 
          74  1 0.1975 0.0920 0.0237 0.1221 0.1351 0.0146 0.1321 0.1409 0.1420 
          75  1 0.1520 0.0630 0.0133 0.1979 0.1806 0.0049 0.0515 0.1402 0.1966 
          76  1 0.1592 0.0929 0.0078 0.1937 0.1503 0.0059 0.0961 0.1534 0.1407 
          77  1 0.1288 0.0929 0.0089 0.2011 0.1590 0.0055 0.0729 0.1588 0.1722 
          78  1 0.1994 0.0931 0.0046 0.1416 0.1411 0.0049 0.1149 0.1652 0.1352 
          79  1 0.2041 0.0940 0.0105 0.1345 0.1236 0.0298 0.1159 0.1497 0.1380 
          80  1 0.1783 0.0896 0.0119 0.1510 0.1285 0.0112 0.1186 0.1483 0.1626 
          81  1 0.1265 0.0876 0.0077 0.2031 0.1477 0.0060 0.0633 0.1735 0.1847 
          82  1 0.1564 0.1012 0.0278 0.1361 0.1671 0.0082 0.1028 0.1589 0.1414 
          83  1 0.1962 0.0894 0.0057 0.1444 0.1457 0.0063 0.0995 0.1626 0.1501 
          84  1 0.1529 0.0988 0.1157 0.1204 0.1283 0.0117 0.1034 0.1486 0.1202 
          85  1 0.1617 0.0805 0.0083 0.1679 0.1799 0.0055 0.0743 0.1502 0.1718 
          86  1 0.1678 0.0835 0.0243 0.1349 0.1642 0.0255 0.0936 0.1443 0.1619 
          87  1 0.1685 0.0991 0.0277 0.1473 0.1727 0.0088 0.0745 0.1650 0.1364 
          88  1 0.1812 0.0950 0.0112 0.1475 0.1367 0.0076 0.0966 0.1603 0.1639 
          89  1 0.1535 0.0821 0.0069 0.1770 0.1408 0.0055 0.0925 0.1729 0.1687 
          90  1 0.1957 0.1093 0.0100 0.1203 0.1214 0.0116 0.1434 0.1551 0.1333 
          91  1 0.1511 0.0802 0.0173 0.1579 0.1949 0.0098 0.0800 0.1498 0.1591 
          92  1 0.1411 0.0646 0.0958 0.1460 0.1248 0.0471 0.0740 0.1506 0.1559 
          93  1 0.1731 0.0954 0.0228 0.1789 0.1366 0.0079 0.0915 0.1547 0.1392 
          94  1 0.1515 0.0888 0.0296 0.1487 0.1593 0.0125 0.0953 0.1519 0.1624 
          95  1 0.1344 0.0704 0.0103 0.2029 0.1853 0.0080 0.0582 0.1495 0.1810 
          96  1 0.1327 0.0940 0.0337 0.1673 0.1283 0.0156 0.0914 0.1657 0.1713 
          97  1 0.1599 0.0690 0.0064 0.1867 0.1716 0.0105 0.0860 0.1404 0.1695 
          98  1 0.1775 0.1043 0.0102 0.1507 0.1626 0.0073 0.0978 0.1481 0.1415 
          99  1 0.1871 0.0836 0.0087 0.1240 0.1581 0.0109 0.1119 0.1559 0.1598 
         100  1 0.1432 0.0807 0.0561 0.1375 0.1470 0.0490 0.0889 0.1521 0.1454 
         101  1 0.1729 0.0927 0.0059 0.1432 0.1703 0.0127 0.0955 0.1656 0.1412 
         102  1 0.0115 0.0208 0.7341 0.0099 0.0093 0.1701 0.0227 0.0109 0.0107 
         103  1 0.0102 0.0127 0.0273 0.0102 0.0103 0.8956 0.0122 0.0109 0.0106 
         104  1 0.0075 0.0106 0.0115 0.0072 0.0074 0.9314 0.0107 0.0073 0.0065 
         105  1 0.0069 0.3751 0.1451 0.0067 0.0064 0.0883 0.3578 0.0070 0.0068 
         106  1 0.0367 0.0266 0.0769 0.0334 0.0368 0.6873 0.0273 0.0369 0.0380 
         107  1 0.0122 0.0250 0.0353 0.0112 0.0116 0.8561 0.0263 0.0111 0.0112 
         108  1 0.0064 0.3375 0.0111 0.0060 0.0067 0.2864 0.3331 0.0062 0.0066 
         109  1 0.0452 0.0315 0.0157 0.0381 0.0391 0.7184 0.0355 0.0427 0.0339 
         110  1 0.0065 0.0138 0.0092 0.0062 0.0059 0.9317 0.0143 0.0063 0.0061 
         111  1 0.0259 0.0589 0.1328 0.0220 0.0304 0.6245 0.0570 0.0246 0.0239 
         112  1 0.0210 0.1285 0.3189 0.0219 0.0262 0.3029 0.1356 0.0220 0.0230 
         113  1 0.0147 0.1165 0.0432 0.0154 0.0171 0.6424 0.1218 0.0155 0.0135 
         114  1 0.0061 0.0090 0.0212 0.0054 0.0060 0.9309 0.0096 0.0061 0.0056 
         115  1 0.0068 0.0139 0.0124 0.0071 0.0071 0.9263 0.0127 0.0070 0.0068 
         116  1 0.0109 0.0233 0.0169 0.0102 0.0106 0.8833 0.0236 0.0111 0.0102 
         117  1 0.0147 0.0309 0.3547 0.0126 0.0130 0.5091 0.0383 0.0138 0.0129 
         118  1 0.0112 0.1014 0.1914 0.0106 0.0108 0.5551 0.0987 0.0105 0.0105 
         119  1 0.0062 0.0081 0.0245 0.0061 0.0059 0.9291 0.0078 0.0062 0.0061 
