           1  1 0.1736 0.0160 0.2245 0.1729 0.2104 0.0084 0.1942 
           2  1 0.1955 0.0210 0.1807 0.1889 0.2081 0.0113 0.1944 
           3  1 0.1781 0.1309 0.1486 0.1676 0.1666 0.0319 0.1764 
           4  1 0.2006 0.0103 0.1759 0.1923 0.1954 0.0072 0.2183 
           5  1 0.1968 0.0126 0.2095 0.1864 0.1943 0.0187 0.1816 
           6  1 0.2050 0.0057 0.1927 0.1720 0.1856 0.0095 0.2295 
           7  1 0.2039 0.0070 0.2058 0.1657 0.1843 0.0088 0.2245 
           8  1 0.1913 0.0112 0.1725 0.1817 0.2157 0.0068 0.2209 
           9  1 0.1848 0.0183 0.2175 0.1837 0.1887 0.0072 0.1996 
          10  1 0.1843 0.0106 0.1987 0.1955 0.1918 0.0161 0.2030 
          11  1 0.2197 0.0105 0.1704 0.1815 0.2138 0.0112 0.1930 
          12  1 0.2187 0.0153 0.1518 0.1890 0.2102 0.0078 0.2072 
          13  1 0.2049 0.0093 0.1777 0.1982 0.1805 0.0102 0.2191 
          14  1 0.1953 0.0119 0.1973 0.1877 0.2037 0.0105 0.1936 
          15  1 0.1786 0.0152 0.2615 0.1528 0.2011 0.0175 0.1733 
          16  1 0.1960 0.0260 0.1859 0.2007 0.1839 0.0119 0.1956 
          17  1 0.1844 0.0126 0.2146 0.1788 0.1972 0.0138 0.1987 
          18  1 0.2219 0.0195 0.1567 0.1898 0.2017 0.0131 0.1972 
          19  1 0.2124 0.0276 0.2022 0.1787 0.1839 0.0097 0.1856 
          20  1 0.1847 0.0287 0.2123 0.1776 0.1773 0.0274 0.1921 
          21  1 0.2311 0.0135 0.1168 0.1956 0.2196 0.0067 0.2167 
          22  1 0.2173 0.0257 0.1365 0.1835 0.2108 0.0143 0.2120 
          23  1 0.2037 0.0182 0.1888 0.1865 0.1902 0.0259 0.1867 
          24  1 0.1836 0.0963 0.1825 0.1823 0.1664 0.0286 0.1604 
          25  1 0.1681 0.0487 0.2280 0.1566 0.2008 0.0358 0.1621 
          26  1 0.1246 0.2987 0.0983 0.1148 0.1308 0.1083 0.1245 
          27  1 0.0121 0.3358 0.0111 0.0125 0.0120 0.6039 0.0127 
          28  1 0.0285 0.8336 0.0269 0.0261 0.0256 0.0328 0.0266 
          29  1 0.0571 0.6618 0.0587 0.0643 0.0600 0.0387 0.0594 
          30  1 0.0128 0.8982 0.0125 0.0128 0.0129 0.0371 0.0137 
          31  1 0.0090 0.8705 0.0093 0.0089 0.0088 0.0841 0.0094 
          32  1 0.0088 0.9452 0.0088 0.0088 0.0097 0.0099 0.0089 
          33  1 0.0364 0.8046 0.0362 0.0359 0.0393 0.0078 0.0399 
          34  1 0.0503 0.7055 0.0494 0.0530 0.0500 0.0423 0.0496 
          35  1 0.0786 0.5669 0.0672 0.0866 0.0838 0.0386 0.0784 
          36  1 0.0076 0.0524 0.0076 0.0095 0.0080 0.9074 0.0075 
          37  1 0.0243 0.7452 0.0268 0.0338 0.0282 0.1164 0.0254 
          38  1 0.1034 0.1894 0.1438 0.1157 0.1361 0.2020 0.1096 
          39  1 0.0448 0.6780 0.0392 0.0422 0.0407 0.1137 0.0414 
          40  1 0.1110 0.1838 0.1251 0.1141 0.1207 0.2170 0.1282 
          41  1 0.1617 0.1546 0.1572 0.1536 0.1665 0.0417 0.1647 
          42  1 0.0452 0.0390 0.0477 0.0426 0.0433 0.7404 0.0419 
          43  1 0.0604 0.0562 0.0735 0.0685 0.0734 0.5990 0.0690 
          44  1 0.0785 0.1713 0.0984 0.0800 0.0941 0.3979 0.0797 
          45  1 0.0103 0.0152 0.0108 0.0373 0.0103 0.9049 0.0111 
          46  1 0.0258 0.0254 0.0274 0.0567 0.0264 0.8115 0.0268 
          47  1 0.0092 0.0186 0.0104 0.0115 0.0099 0.9308 0.0097 
          48  1 0.0066 0.0127 0.0068 0.0083 0.0066 0.9523 0.0066 
          49  1 0.0169 0.0525 0.0155 0.0749 0.0143 0.8103 0.0155 
          50  1 0.0197 0.0060 0.0201 0.0270 0.0203 0.8852 0.0216 
          51  1 0.0107 0.0229 0.0128 0.0115 0.0106 0.9211 0.0103 
          52  1 0.0302 0.0979 0.0279 0.0775 0.0270 0.7123 0.0271 
          53  1 0.0481 0.2585 0.0446 0.0782 0.0450 0.4800 0.0457 
          54  1 0.0193 0.6223 0.0204 0.0342 0.0206 0.2619 0.0213 
          55  1 0.0422 0.6848 0.0440 0.0419 0.0384 0.1103 0.0383 
          56  1 0.0489 0.1087 0.0439 0.0978 0.0492 0.5976 0.0539 
          57  1 0.0762 0.2170 0.0694 0.1418 0.0773 0.3387 0.0795 
          58  1 0.0716 0.0537 0.0774 0.0763 0.0777 0.5709 0.0724 
          59  1 0.0063 0.0079 0.0064 0.0085 0.0061 0.9588 0.0060 
          60  1 0.0241 0.0327 0.0288 0.0714 0.0251 0.7929 0.0251 
          61  1 0.0473 0.5447 0.0585 0.0791 0.0466 0.1795 0.0444 
          62  1 0.0519 0.1149 0.0578 0.0922 0.0501 0.5867 0.0463 
          63  1 0.0593 0.4769 0.0768 0.0593 0.0612 0.2014 0.0651 
          64  1 0.0976 0.4018 0.1190 0.1116 0.0954 0.0837 0.0909 
          65  1 0.0192 0.8217 0.0206 0.0459 0.0201 0.0516 0.0209 
          66  1 0.0248 0.0251 0.0245 0.0284 0.0261 0.8474 0.0236 
          67  1 0.0686 0.1520 0.0727 0.0750 0.0611 0.5000 0.0706 
          68  1 0.0471 0.1232 0.0563 0.0630 0.0461 0.6181 0.0462 
          69  1 0.0410 0.7210 0.0440 0.0501 0.0447 0.0505 0.0487 
          70  1 0.1262 0.0758 0.1464 0.1511 0.1245 0.2526 0.1234 
          71  1 0.0069 0.0386 0.0074 0.0075 0.0067 0.9256 0.0073 
          72  1 0.0314 0.3763 0.0361 0.0348 0.0359 0.4532 0.0323 
          73  1 0.0185 0.1216 0.0197 0.0396 0.0187 0.7630 0.0190 
          74  1 0.1797 0.0274 0.2564 0.1532 0.2036 0.0143 0.1654 
          75  1 0.2131 0.0115 0.1440 0.1942 0.2180 0.0049 0.2143 
          76  1 0.1695 0.0077 0.2426 0.1597 0.2018 0.0065 0.2123 
          77  1 0.1952 0.0106 0.1751 0.2055 0.1829 0.0062 0.2246 
          78  1 0.1827 0.0051 0.2756 0.1547 0.1941 0.0052 0.1826 
          79  1 0.1888 0.0125 0.2588 0.1488 0.1843 0.0337 0.1730 
          80  1 0.1995 0.0148 0.2334 0.1784 0.1866 0.0130 0.1743 
          81  1 0.2214 0.0087 0.1694 0.2040 0.1822 0.0069 0.2074 
          82  1 0.1880 0.0385 0.1945 0.1885 0.1863 0.0116 0.1926 
          83  1 0.1871 0.0058 0.2325 0.1656 0.2130 0.0061 0.1899 
          84  1 0.1535 0.1800 0.1930 0.1444 0.1674 0.0142 0.1475 
          85  1 0.2132 0.0102 0.1749 0.2080 0.1858 0.0060 0.2019 
          86  1 0.1894 0.0264 0.2009 0.1809 0.1954 0.0229 0.1840 
          87  1 0.1875 0.0286 0.1898 0.1894 0.1944 0.0097 0.2006 
          88  1 0.1904 0.0146 0.2283 0.1728 0.1894 0.0080 0.1966 
          89  1 0.2198 0.0067 0.1975 0.1749 0.2046 0.0057 0.1908 
          90  1 0.1688 0.0091 0.2653 0.1579 0.2026 0.0124 0.1839 
          91  1 0.1975 0.0187 0.1715 0.1995 0.1920 0.0122 0.2086 
          92  1 0.1886 0.1176 0.1685 0.1490 0.1723 0.0485 0.1554 
          93  1 0.2051 0.0331 0.1946 0.1776 0.1844 0.0082 0.1971 
          94  1 0.1706 0.0340 0.1926 0.1697 0.2210 0.0123 0.1997 
          95  1 0.2128 0.0104 0.1416 0.2201 0.1939 0.0084 0.2128 
          96  1 0.2009 0.0362 0.1579 0.1898 0.1932 0.0220 0.2000 
          97  1 0.1962 0.0068 0.1805 0.1799 0.2160 0.0102 0.2104 
          98  1 0.1960 0.0108 0.2022 0.1961 0.1897 0.0073 0.1978 
          99  1 0.1768 0.0087 0.2280 0.1903 0.1974 0.0126 0.1863 
         100  1 0.1851 0.0660 0.1587 0.1639 0.1901 0.0609 0.1752 
         101  1 0.1915 0.0065 0.2246 0.1806 0.2045 0.0132 0.1792 
         102  1 0.0105 0.7336 0.0108 0.0113 0.0111 0.2125 0.0102 
         103  1 0.0096 0.0334 0.0101 0.0101 0.0106 0.9158 0.0103 
         104  1 0.0069 0.0126 0.0065 0.0072 0.0070 0.9528 0.0069 
         105  1 0.0078 0.6021 0.0082 0.0503 0.0083 0.3152 0.0081 
         106  1 0.0388 0.0680 0.0440 0.0354 0.0400 0.7374 0.0365 
         107  1 0.0084 0.0309 0.0094 0.0099 0.0091 0.9237 0.0086 
         108  1 0.0065 0.0314 0.0064 0.0498 0.0062 0.8930 0.0067 
         109  1 0.0396 0.0175 0.0477 0.0409 0.0453 0.7700 0.0390 
         110  1 0.0058 0.0090 0.0061 0.0065 0.0057 0.9613 0.0055 
         111  1 0.0194 0.1326 0.0197 0.0273 0.0218 0.7589 0.0201 
         112  1 0.0179 0.4149 0.0185 0.0345 0.0198 0.4776 0.0167 
         113  1 0.0124 0.0531 0.0129 0.0306 0.0128 0.8651 0.0131 
         114  1 0.0053 0.0211 0.0059 0.0059 0.0055 0.9506 0.0057 
         115  1 0.0066 0.0147 0.0064 0.0072 0.0062 0.9523 0.0066 
         116  1 0.0088 0.0157 0.0087 0.0113 0.0085 0.9390 0.0081 
         117  1 0.0137 0.5062 0.0156 0.0145 0.0144 0.4222 0.0135 
         118  1 0.0093 0.1597 0.0093 0.0222 0.0090 0.7809 0.0097 
         119  1 0.0063 0.0266 0.0060 0.0062 0.0062 0.9427 0.0060 
