           1  1 0.1774 0.1792 0.0086 0.2083 0.1952 0.0187 0.2045 0.0081 
           2  1 0.1839 0.1991 0.0102 0.1975 0.1910 0.0298 0.1700 0.0186 
           3  1 0.1748 0.1615 0.0221 0.1531 0.1415 0.0532 0.1599 0.1339 
           4  1 0.1970 0.2056 0.0070 0.1961 0.1636 0.0106 0.2097 0.0104 
           5  1 0.1913 0.1766 0.0141 0.1880 0.1911 0.0111 0.2059 0.0219 
           6  1 0.1976 0.2024 0.0098 0.1995 0.1860 0.0055 0.1889 0.0105 
           7  1 0.1798 0.2096 0.0095 0.2003 0.1937 0.0079 0.1900 0.0092 
           8  1 0.2235 0.2152 0.0080 0.1776 0.1695 0.0110 0.1889 0.0065 
           9  1 0.1821 0.1762 0.0069 0.1994 0.1973 0.0163 0.1994 0.0225 
          10  1 0.1949 0.1891 0.0151 0.1830 0.1735 0.0101 0.2078 0.0265 
          11  1 0.1878 0.2160 0.0103 0.2030 0.1725 0.0093 0.1822 0.0190 
          12  1 0.2228 0.2336 0.0075 0.1814 0.1485 0.0162 0.1808 0.0093 
          13  1 0.2110 0.2116 0.0102 0.1902 0.1691 0.0092 0.1850 0.0137 
          14  1 0.2013 0.1788 0.0095 0.1938 0.1815 0.0113 0.2033 0.0205 
          15  1 0.1693 0.1622 0.0167 0.1962 0.2255 0.0164 0.1998 0.0139 
          16  1 0.1916 0.2199 0.0124 0.1700 0.1732 0.0271 0.1817 0.0241 
          17  1 0.1845 0.1831 0.0117 0.1911 0.1983 0.0131 0.1949 0.0233 
          18  1 0.2144 0.2359 0.0114 0.1782 0.1668 0.0243 0.1552 0.0139 
          19  1 0.1849 0.1891 0.0086 0.1830 0.1917 0.0351 0.1871 0.0205 
          20  1 0.1828 0.1606 0.0253 0.1926 0.1802 0.0224 0.1936 0.0426 
          21  1 0.2328 0.2437 0.0069 0.1821 0.1375 0.0168 0.1692 0.0110 
          22  1 0.2340 0.2241 0.0139 0.1690 0.1391 0.0252 0.1764 0.0184 
          23  1 0.2074 0.1926 0.0269 0.1839 0.1701 0.0148 0.1834 0.0209 
          24  1 0.1516 0.1490 0.0203 0.1656 0.1752 0.0608 0.1568 0.1208 
          25  1 0.1725 0.1658 0.0325 0.1690 0.1920 0.0533 0.1971 0.0178 
          26  1 0.1319 0.1311 0.1037 0.1126 0.1241 0.1238 0.1107 0.1620 
          27  1 0.0139 0.0146 0.7017 0.0133 0.0136 0.1745 0.0127 0.0557 
          28  1 0.0337 0.0370 0.0731 0.0339 0.0389 0.7136 0.0380 0.0319 
          29  1 0.0671 0.0671 0.0235 0.0682 0.0672 0.4785 0.0656 0.1629 
          30  1 0.0144 0.0150 0.0628 0.0165 0.0152 0.8469 0.0154 0.0137 
          31  1 0.0097 0.0103 0.1696 0.0101 0.0104 0.7651 0.0104 0.0144 
          32  1 0.0090 0.0095 0.0104 0.0090 0.0090 0.9314 0.0089 0.0129 
          33  1 0.0302 0.0344 0.0072 0.0341 0.0360 0.8079 0.0334 0.0169 
          34  1 0.0643 0.0615 0.0398 0.0633 0.0641 0.5164 0.0584 0.1322 
          35  1 0.0783 0.1073 0.0405 0.0888 0.0827 0.4300 0.0891 0.0834 
          36  1 0.0085 0.0083 0.8823 0.0086 0.0087 0.0391 0.0083 0.0364 
          37  1 0.0294 0.0298 0.0708 0.0269 0.0302 0.6541 0.0279 0.1309 
          38  1 0.0984 0.1009 0.1750 0.1043 0.1291 0.2621 0.1044 0.0257 
          39  1 0.0493 0.0460 0.1205 0.0443 0.0457 0.5679 0.0442 0.0822 
          40  1 0.1068 0.1017 0.1522 0.1120 0.1127 0.2135 0.0995 0.1017 
          41  1 0.1548 0.1553 0.0408 0.1617 0.1560 0.1495 0.1643 0.0177 
          42  1 0.0475 0.0540 0.6434 0.0464 0.0476 0.0405 0.0483 0.0722 
          43  1 0.0633 0.0660 0.5730 0.0695 0.0796 0.0459 0.0693 0.0335 
          44  1 0.0796 0.0872 0.3186 0.0901 0.1024 0.1575 0.0874 0.0772 
          45  1 0.0116 0.0104 0.5015 0.0109 0.0115 0.0152 0.0108 0.4282 
          46  1 0.0270 0.0277 0.4366 0.0258 0.0284 0.0213 0.0281 0.4050 
          47  1 0.0105 0.0110 0.9020 0.0109 0.0112 0.0180 0.0104 0.0260 
          48  1 0.0067 0.0071 0.9360 0.0070 0.0072 0.0112 0.0071 0.0178 
          49  1 0.0088 0.0094 0.0460 0.0094 0.0089 0.0127 0.0086 0.8963 
          50  1 0.0294 0.0300 0.7678 0.0316 0.0311 0.0064 0.0312 0.0725 
          51  1 0.0117 0.0116 0.8793 0.0117 0.0134 0.0225 0.0131 0.0369 
          52  1 0.0177 0.0178 0.0740 0.0163 0.0172 0.0246 0.0175 0.8148 
          53  1 0.0419 0.0438 0.2071 0.0459 0.0410 0.1432 0.0456 0.4315 
          54  1 0.0238 0.0253 0.2128 0.0250 0.0264 0.4096 0.0222 0.2549 
          55  1 0.0477 0.0434 0.0789 0.0475 0.0524 0.5532 0.0435 0.1334 
          56  1 0.0340 0.0387 0.1366 0.0387 0.0363 0.0506 0.0336 0.6315 
          57  1 0.0110 0.0096 0.0137 0.0106 0.0107 0.0125 0.0103 0.9217 
          58  1 0.0719 0.0695 0.4223 0.0808 0.0859 0.0720 0.0771 0.1206 
          59  1 0.0072 0.0070 0.9178 0.0073 0.0076 0.0083 0.0076 0.0373 
          60  1 0.0203 0.0229 0.2183 0.0203 0.0230 0.0173 0.0223 0.6556 
          61  1 0.0308 0.0314 0.0443 0.0364 0.0368 0.1224 0.0315 0.6663 
          62  1 0.0328 0.0308 0.0689 0.0356 0.0329 0.0299 0.0331 0.7360 
          63  1 0.0686 0.0731 0.2412 0.0794 0.0915 0.2786 0.0828 0.0848 
          64  1 0.0726 0.0873 0.0250 0.0855 0.0909 0.1894 0.0884 0.3609 
          65  1 0.0191 0.0190 0.0253 0.0197 0.0193 0.3891 0.0195 0.4890 
          66  1 0.0302 0.0318 0.7738 0.0297 0.0346 0.0376 0.0288 0.0336 
          67  1 0.0746 0.0672 0.4408 0.0729 0.0722 0.0994 0.0689 0.1040 
          68  1 0.0539 0.0490 0.4202 0.0626 0.0633 0.0628 0.0583 0.2298 
          69  1 0.0556 0.0566 0.0455 0.0593 0.0593 0.5525 0.0522 0.1190 
          70  1 0.0569 0.0551 0.0350 0.0575 0.0671 0.0165 0.0648 0.6472 
          71  1 0.0065 0.0065 0.9335 0.0068 0.0066 0.0248 0.0064 0.0089 
          72  1 0.0355 0.0356 0.4165 0.0352 0.0370 0.3606 0.0344 0.0452 
          73  1 0.0207 0.0229 0.4993 0.0202 0.0224 0.0711 0.0201 0.3232 
          74  1 0.1484 0.1786 0.0149 0.2001 0.2135 0.0237 0.1966 0.0241 
          75  1 0.2253 0.2254 0.0053 0.1720 0.1617 0.0133 0.1902 0.0068 
          76  1 0.1541 0.1775 0.0061 0.2211 0.2074 0.0087 0.2151 0.0101 
          77  1 0.2006 0.2059 0.0058 0.1989 0.1728 0.0106 0.1863 0.0192 
          78  1 0.1570 0.1751 0.0048 0.2173 0.2293 0.0053 0.2021 0.0091 
          79  1 0.1665 0.1588 0.0323 0.1834 0.2212 0.0121 0.2073 0.0184 
          80  1 0.2073 0.1721 0.0119 0.1716 0.2074 0.0125 0.1879 0.0294 
          81  1 0.2140 0.2055 0.0059 0.1821 0.1651 0.0078 0.1945 0.0251 
          82  1 0.1793 0.1664 0.0083 0.2087 0.1828 0.0347 0.1781 0.0417 
          83  1 0.1921 0.1712 0.0067 0.1992 0.2071 0.0064 0.2114 0.0060 
          84  1 0.1361 0.1400 0.0126 0.1611 0.1725 0.1741 0.1690 0.0346 
          85  1 0.2414 0.2042 0.0060 0.1668 0.1765 0.0110 0.1812 0.0130 
          86  1 0.1873 0.1984 0.0284 0.1750 0.1812 0.0303 0.1863 0.0131 
          87  1 0.2086 0.1736 0.0096 0.1857 0.1901 0.0353 0.1881 0.0091 
          88  1 0.1940 0.1798 0.0070 0.1777 0.1989 0.0123 0.2161 0.0142 
          89  1 0.2080 0.1953 0.0061 0.1687 0.1751 0.0076 0.2323 0.0069 
          90  1 0.1602 0.1622 0.0126 0.1849 0.2417 0.0106 0.2184 0.0094 
          91  1 0.1862 0.2159 0.0108 0.1770 0.1740 0.0170 0.1998 0.0192 
          92  1 0.1677 0.1832 0.0512 0.1542 0.1592 0.0914 0.1670 0.0260 
          93  1 0.2135 0.1873 0.0086 0.1708 0.1852 0.0284 0.1873 0.0188 
          94  1 0.1984 0.1910 0.0123 0.1779 0.1809 0.0305 0.1929 0.0162 
          95  1 0.2259 0.2193 0.0079 0.1762 0.1570 0.0105 0.1840 0.0192 
          96  1 0.1914 0.1925 0.0159 0.1886 0.1532 0.0359 0.1803 0.0422 
          97  1 0.2041 0.2158 0.0105 0.1854 0.1730 0.0077 0.1950 0.0087 
          98  1 0.2075 0.1847 0.0079 0.1933 0.1996 0.0114 0.1887 0.0069 
          99  1 0.1874 0.1876 0.0118 0.1889 0.2061 0.0093 0.1948 0.0140 
         100  1 0.1815 0.1720 0.0586 0.1795 0.1477 0.0675 0.1643 0.0289 
         101  1 0.1892 0.1663 0.0139 0.2088 0.2123 0.0071 0.1919 0.0105 
         102  1 0.0109 0.0105 0.2336 0.0116 0.0113 0.6744 0.0107 0.0370 
         103  1 0.0110 0.0113 0.9005 0.0108 0.0117 0.0262 0.0109 0.0176 
         104  1 0.0068 0.0070 0.9385 0.0075 0.0076 0.0119 0.0075 0.0133 
         105  1 0.0068 0.0070 0.0743 0.0068 0.0069 0.1057 0.0068 0.7857 
         106  1 0.0393 0.0402 0.7082 0.0401 0.0403 0.0748 0.0420 0.0151 
         107  1 0.0118 0.0121 0.8598 0.0118 0.0130 0.0310 0.0121 0.0483 
         108  1 0.0059 0.0061 0.2609 0.0067 0.0065 0.0105 0.0062 0.6973 
         109  1 0.0415 0.0431 0.7379 0.0485 0.0473 0.0174 0.0425 0.0216 
         110  1 0.0065 0.0064 0.9322 0.0065 0.0065 0.0105 0.0068 0.0246 
         111  1 0.0220 0.0249 0.6385 0.0240 0.0223 0.1343 0.0231 0.1110 
         112  1 0.0237 0.0216 0.3204 0.0223 0.0200 0.3350 0.0219 0.2350 
         113  1 0.0161 0.0157 0.6141 0.0145 0.0161 0.0460 0.0156 0.2619 
         114  1 0.0058 0.0060 0.9357 0.0057 0.0062 0.0223 0.0060 0.0124 
         115  1 0.0070 0.0074 0.9282 0.0069 0.0066 0.0131 0.0066 0.0243 
         116  1 0.0104 0.0112 0.8889 0.0105 0.0109 0.0166 0.0112 0.0402 
         117  1 0.0146 0.0146 0.5564 0.0151 0.0173 0.3041 0.0157 0.0622 
         118  1 0.0121 0.0110 0.5731 0.0121 0.0118 0.1810 0.0118 0.1871 
         119  1 0.0061 0.0062 0.9330 0.0065 0.0066 0.0258 0.0060 0.0099 
