           1  1 0.1536 0.0177 0.1604 0.1244 0.1595 0.0829 0.1140 0.1795 0.0080 
           2  1 0.1586 0.0189 0.1717 0.1059 0.1756 0.0939 0.1030 0.1632 0.0091 
           3  1 0.1295 0.0518 0.1435 0.1321 0.1532 0.1282 0.1177 0.1241 0.0199 
           4  1 0.1581 0.0097 0.1529 0.1326 0.1518 0.0885 0.1233 0.1762 0.0069 
           5  1 0.1590 0.0089 0.1709 0.1274 0.1514 0.0991 0.1092 0.1600 0.0140 
           6  1 0.1408 0.0050 0.1270 0.1571 0.1487 0.1215 0.1474 0.1437 0.0088 
           7  1 0.1474 0.0062 0.1217 0.1668 0.1392 0.1236 0.1394 0.1467 0.0090 
           8  1 0.1450 0.0106 0.1396 0.1345 0.1747 0.0987 0.1397 0.1500 0.0072 
           9  1 0.1396 0.0152 0.1805 0.1201 0.1601 0.0969 0.1197 0.1618 0.0062 
          10  1 0.1438 0.0088 0.1550 0.1396 0.1330 0.1093 0.1194 0.1754 0.0156 
          11  1 0.1660 0.0089 0.1474 0.1428 0.1775 0.0889 0.1068 0.1511 0.0106 
          12  1 0.1647 0.0141 0.1502 0.0967 0.1742 0.1091 0.1422 0.1419 0.0068 
          13  1 0.1611 0.0088 0.1592 0.1386 0.1547 0.1047 0.1167 0.1464 0.0099 
          14  1 0.1357 0.0093 0.1606 0.1346 0.1575 0.1103 0.1253 0.1580 0.0086 
          15  1 0.1440 0.0158 0.1908 0.1262 0.1745 0.0769 0.1043 0.1512 0.0163 
          16  1 0.1408 0.0201 0.1466 0.1423 0.1592 0.1199 0.1331 0.1275 0.0104 
          17  1 0.1478 0.0128 0.1702 0.1463 0.1313 0.0993 0.1171 0.1644 0.0108 
          18  1 0.1683 0.0206 0.1493 0.1198 0.1785 0.0935 0.1285 0.1302 0.0113 
          19  1 0.1665 0.0244 0.1767 0.1338 0.1610 0.0937 0.1013 0.1344 0.0081 
          20  1 0.1464 0.0169 0.1594 0.1369 0.1532 0.1104 0.1063 0.1491 0.0214 
          21  1 0.1503 0.0142 0.1411 0.1082 0.1838 0.1016 0.1518 0.1428 0.0063 
          22  1 0.1470 0.0240 0.1450 0.1032 0.1709 0.1016 0.1463 0.1493 0.0128 
          23  1 0.1596 0.0143 0.1492 0.1450 0.1572 0.0966 0.1068 0.1470 0.0243 
          24  1 0.1302 0.0418 0.1524 0.1214 0.1335 0.1296 0.1190 0.1539 0.0182 
          25  1 0.1435 0.0456 0.1672 0.1211 0.1595 0.0847 0.1056 0.1444 0.0285 
          26  1 0.1134 0.1103 0.1143 0.1001 0.1227 0.1197 0.1116 0.1074 0.1006 
          27  1 0.0134 0.2240 0.0134 0.0187 0.0138 0.0297 0.0193 0.0132 0.6543 
          28  1 0.0339 0.7274 0.0322 0.0323 0.0309 0.0286 0.0317 0.0308 0.0523 
          29  1 0.0590 0.4161 0.0629 0.0884 0.0691 0.1234 0.0919 0.0655 0.0238 
          30  1 0.0134 0.8637 0.0138 0.0136 0.0143 0.0140 0.0146 0.0143 0.0383 
          31  1 0.0091 0.8152 0.0087 0.0085 0.0090 0.0086 0.0088 0.0087 0.1235 
          32  1 0.0084 0.9287 0.0083 0.0093 0.0082 0.0104 0.0094 0.0090 0.0081 
          33  1 0.0307 0.7705 0.0316 0.0313 0.0321 0.0310 0.0308 0.0349 0.0071 
          34  1 0.0705 0.4170 0.0694 0.0805 0.0715 0.1082 0.0777 0.0595 0.0458 
          35  1 0.0916 0.3587 0.0888 0.0768 0.0929 0.0905 0.0779 0.0847 0.0381 
          36  1 0.0088 0.0464 0.0077 0.0159 0.0080 0.0194 0.0158 0.0075 0.8705 
          37  1 0.0304 0.6172 0.0296 0.0514 0.0288 0.0800 0.0654 0.0281 0.0691 
          38  1 0.1058 0.2244 0.1048 0.0881 0.0972 0.0543 0.0622 0.0916 0.1716 
          39  1 0.0434 0.5382 0.0436 0.0542 0.0435 0.0661 0.0541 0.0433 0.1137 
          40  1 0.0948 0.1542 0.0916 0.1226 0.0897 0.1109 0.0927 0.0934 0.1501 
          41  1 0.1542 0.1264 0.1509 0.0960 0.1417 0.0812 0.0940 0.1181 0.0375 
          42  1 0.0495 0.0433 0.0466 0.0501 0.0496 0.0633 0.0576 0.0439 0.5963 
          43  1 0.0649 0.0350 0.0723 0.0504 0.0677 0.0542 0.0462 0.0651 0.5441 
          44  1 0.0827 0.1453 0.0853 0.0852 0.0927 0.0655 0.0690 0.0771 0.2972 
          45  1 0.0106 0.0158 0.0118 0.1122 0.0096 0.1793 0.1305 0.0107 0.5193 
          46  1 0.0256 0.0201 0.0245 0.1232 0.0269 0.1816 0.1413 0.0246 0.4322 
          47  1 0.0102 0.0170 0.0098 0.0146 0.0105 0.0177 0.0169 0.0100 0.8933 
          48  1 0.0067 0.0118 0.0065 0.0090 0.0066 0.0115 0.0099 0.0063 0.9318 
          49  1 0.0080 0.0114 0.0093 0.2098 0.0087 0.3955 0.2865 0.0089 0.0618 
          50  1 0.0306 0.0058 0.0287 0.0382 0.0276 0.0442 0.0403 0.0264 0.7582 
          51  1 0.0103 0.0246 0.0128 0.0178 0.0110 0.0192 0.0147 0.0104 0.8791 
          52  1 0.0174 0.0197 0.0176 0.1949 0.0169 0.3622 0.2653 0.0180 0.0881 
          53  1 0.0371 0.1143 0.0413 0.1287 0.0394 0.2249 0.1803 0.0419 0.1923 
          54  1 0.0266 0.4141 0.0255 0.0776 0.0270 0.1268 0.0833 0.0252 0.1939 
          55  1 0.0477 0.5142 0.0467 0.0720 0.0432 0.0872 0.0645 0.0449 0.0796 
          56  1 0.0301 0.0365 0.0295 0.1780 0.0356 0.3017 0.2308 0.0307 0.1270 
          57  1 0.0117 0.0105 0.0126 0.2195 0.0137 0.4095 0.2954 0.0133 0.0138 
          58  1 0.0796 0.0575 0.0755 0.0831 0.0685 0.0881 0.0746 0.0780 0.3950 
          59  1 0.0065 0.0077 0.0069 0.0127 0.0066 0.0185 0.0137 0.0065 0.9209 
          60  1 0.0196 0.0161 0.0207 0.1650 0.0203 0.3045 0.2292 0.0204 0.2041 
          61  1 0.0369 0.1359 0.0352 0.1640 0.0326 0.2991 0.2128 0.0381 0.0454 
          62  1 0.0360 0.0324 0.0355 0.1820 0.0327 0.3214 0.2397 0.0348 0.0856 
          63  1 0.0742 0.2386 0.0729 0.0697 0.0731 0.0780 0.0610 0.0798 0.2526 
          64  1 0.0845 0.1793 0.0863 0.1312 0.0797 0.1898 0.1524 0.0759 0.0209 
          65  1 0.0196 0.3762 0.0213 0.1238 0.0211 0.2306 0.1619 0.0211 0.0243 
          66  1 0.0307 0.0376 0.0311 0.0316 0.0338 0.0308 0.0310 0.0298 0.7437 
          67  1 0.0691 0.0956 0.0615 0.0627 0.0665 0.0794 0.0599 0.0668 0.4386 
          68  1 0.0525 0.0559 0.0551 0.0971 0.0516 0.1287 0.1036 0.0488 0.4066 
          69  1 0.0724 0.4680 0.0586 0.0725 0.0581 0.0970 0.0644 0.0609 0.0481 
          70  1 0.0526 0.0156 0.0625 0.1873 0.0553 0.3019 0.2361 0.0509 0.0379 
          71  1 0.0064 0.0251 0.0062 0.0066 0.0066 0.0072 0.0068 0.0065 0.9286 
          72  1 0.0346 0.3510 0.0375 0.0427 0.0375 0.0346 0.0408 0.0328 0.3886 
          73  1 0.0220 0.0811 0.0226 0.0932 0.0210 0.1609 0.1261 0.0203 0.4528 
          74  1 0.1830 0.0243 0.1820 0.1134 0.1670 0.0857 0.0873 0.1441 0.0132 
          75  1 0.1585 0.0134 0.1400 0.0994 0.1846 0.1153 0.1263 0.1575 0.0049 
          76  1 0.1506 0.0072 0.1738 0.1277 0.1418 0.0985 0.1205 0.1740 0.0059 
          77  1 0.1497 0.0092 0.1426 0.1444 0.1315 0.1347 0.1291 0.1537 0.0052 
          78  1 0.1730 0.0044 0.1859 0.1227 0.1598 0.0763 0.0903 0.1827 0.0048 
          79  1 0.1930 0.0108 0.1633 0.1226 0.1518 0.0916 0.0928 0.1435 0.0306 
          80  1 0.1570 0.0114 0.1580 0.1344 0.1688 0.0996 0.1132 0.1459 0.0116 
          81  1 0.1499 0.0070 0.1555 0.1418 0.1625 0.1008 0.1304 0.1466 0.0055 
          82  1 0.1492 0.0246 0.1479 0.1174 0.1663 0.1131 0.0973 0.1761 0.0080 
          83  1 0.1692 0.0060 0.1595 0.1282 0.1558 0.0879 0.1130 0.1740 0.0064 
          84  1 0.1406 0.1110 0.1398 0.1156 0.1380 0.0942 0.1007 0.1485 0.0117 
          85  1 0.1604 0.0086 0.1500 0.1182 0.1752 0.1006 0.1120 0.1696 0.0054 
          86  1 0.1594 0.0262 0.1462 0.1085 0.1746 0.0903 0.1055 0.1656 0.0237 
          87  1 0.1925 0.0233 0.1503 0.1049 0.1524 0.0920 0.1093 0.1669 0.0085 
          88  1 0.1521 0.0108 0.1646 0.1315 0.1557 0.0782 0.1277 0.1725 0.0069 
          89  1 0.1641 0.0067 0.1981 0.1458 0.1368 0.0868 0.1109 0.1452 0.0056 
          90  1 0.1691 0.0099 0.1826 0.1187 0.1719 0.0701 0.0936 0.1724 0.0117 
          91  1 0.1396 0.0144 0.1543 0.1373 0.1399 0.1133 0.1255 0.1663 0.0093 
          92  1 0.1544 0.0921 0.1376 0.1018 0.1513 0.0913 0.0888 0.1340 0.0487 
          93  1 0.1535 0.0232 0.1477 0.1376 0.1383 0.1035 0.1131 0.1752 0.0080 
          94  1 0.1388 0.0246 0.1711 0.1229 0.1523 0.0855 0.1216 0.1724 0.0108 
          95  1 0.1570 0.0091 0.1380 0.1291 0.1719 0.1185 0.1143 0.1546 0.0076 
          96  1 0.1519 0.0329 0.1745 0.1394 0.1410 0.0981 0.1143 0.1328 0.0151 
          97  1 0.1633 0.0064 0.1462 0.1204 0.1713 0.1021 0.1304 0.1490 0.0109 
          98  1 0.1597 0.0096 0.1641 0.1125 0.1745 0.1016 0.1028 0.1677 0.0075 
          99  1 0.1595 0.0083 0.1685 0.1353 0.1567 0.0796 0.1121 0.1688 0.0112 
         100  1 0.1327 0.0603 0.1311 0.1227 0.1432 0.1062 0.1028 0.1475 0.0535 
         101  1 0.1402 0.0059 0.1799 0.1159 0.1759 0.0797 0.1057 0.1843 0.0124 
         102  1 0.0102 0.7528 0.0110 0.0151 0.0099 0.0186 0.0186 0.0111 0.1527 
         103  1 0.0103 0.0290 0.0098 0.0112 0.0099 0.0126 0.0106 0.0102 0.8964 
         104  1 0.0067 0.0112 0.0071 0.0083 0.0075 0.0098 0.0091 0.0072 0.9330 
         105  1 0.0065 0.1411 0.0071 0.1821 0.0065 0.3276 0.2506 0.0063 0.0723 
         106  1 0.0376 0.0756 0.0375 0.0328 0.0353 0.0259 0.0275 0.0355 0.6924 
         107  1 0.0124 0.0349 0.0119 0.0185 0.0111 0.0242 0.0194 0.0113 0.8562 
         108  1 0.0057 0.0106 0.0060 0.1589 0.0057 0.3146 0.2372 0.0058 0.2555 
         109  1 0.0437 0.0162 0.0455 0.0339 0.0380 0.0266 0.0329 0.0406 0.7227 
         110  1 0.0062 0.0108 0.0061 0.0111 0.0068 0.0138 0.0105 0.0061 0.9286 
         111  1 0.0231 0.1383 0.0225 0.0538 0.0240 0.0570 0.0540 0.0206 0.6069 
         112  1 0.0221 0.3329 0.0225 0.0881 0.0196 0.1216 0.1020 0.0222 0.2690 
         113  1 0.0161 0.0451 0.0155 0.0735 0.0150 0.1283 0.0796 0.0160 0.6109 
         114  1 0.0057 0.0215 0.0060 0.0075 0.0058 0.0093 0.0076 0.0057 0.9310 
         115  1 0.0064 0.0121 0.0065 0.0109 0.0071 0.0151 0.0119 0.0071 0.9230 
         116  1 0.0106 0.0142 0.0105 0.0150 0.0105 0.0243 0.0172 0.0107 0.8870 
         117  1 0.0143 0.3683 0.0142 0.0224 0.0147 0.0346 0.0234 0.0138 0.4943 
         118  1 0.0109 0.2005 0.0117 0.0561 0.0106 0.0813 0.0571 0.0111 0.5607 
         119  1 0.0060 0.0296 0.0060 0.0067 0.0063 0.0073 0.0071 0.0059 0.9251 
