           1  1 0.0160 0.1835 0.1032 0.1684 0.1777 0.1825 0.0085 0.1604 
           2  1 0.0241 0.1769 0.1180 0.1643 0.1704 0.1697 0.0105 0.1660 
           3  1 0.0998 0.1542 0.1221 0.1726 0.1353 0.1435 0.0244 0.1480 
           4  1 0.0100 0.1859 0.0850 0.1831 0.1847 0.1960 0.0069 0.1483 
           5  1 0.0133 0.1752 0.0812 0.1838 0.1805 0.1889 0.0157 0.1615 
           6  1 0.0069 0.1546 0.1187 0.1558 0.2192 0.1648 0.0094 0.1705 
           7  1 0.0070 0.1659 0.1128 0.1634 0.2283 0.1593 0.0093 0.1540 
           8  1 0.0094 0.1836 0.0957 0.1972 0.1816 0.1721 0.0068 0.1536 
           9  1 0.0183 0.1858 0.0906 0.1692 0.1847 0.1750 0.0074 0.1690 
          10  1 0.0129 0.1626 0.1034 0.1727 0.2181 0.1624 0.0163 0.1516 
          11  1 0.0119 0.1968 0.1089 0.1757 0.1599 0.1846 0.0109 0.1514 
          12  1 0.0138 0.1855 0.1046 0.2262 0.1274 0.1739 0.0072 0.1614 
          13  1 0.0098 0.1831 0.0980 0.1742 0.1776 0.1833 0.0102 0.1639 
          14  1 0.0138 0.1667 0.0970 0.1848 0.1683 0.1906 0.0100 0.1687 
          15  1 0.0152 0.1913 0.0961 0.1598 0.1715 0.1860 0.0173 0.1629 
          16  1 0.0246 0.1704 0.1131 0.1763 0.1712 0.1672 0.0113 0.1659 
          17  1 0.0150 0.1761 0.1022 0.1744 0.1633 0.1927 0.0131 0.1632 
          18  1 0.0185 0.1932 0.1121 0.1909 0.1330 0.1835 0.0123 0.1566 
          19  1 0.0289 0.1879 0.1014 0.1530 0.1902 0.1794 0.0096 0.1497 
          20  1 0.0262 0.1670 0.0952 0.1597 0.1841 0.1850 0.0249 0.1579 
          21  1 0.0140 0.1926 0.1108 0.2221 0.1332 0.1598 0.0065 0.1609 
          22  1 0.0223 0.1895 0.1132 0.2243 0.1300 0.1511 0.0138 0.1557 
          23  1 0.0190 0.1872 0.0848 0.1717 0.1682 0.1753 0.0256 0.1681 
          24  1 0.0862 0.1516 0.1275 0.1723 0.1394 0.1327 0.0243 0.1660 
          25  1 0.0392 0.1539 0.1053 0.1551 0.1928 0.1744 0.0341 0.1452 
          26  1 0.2060 0.1284 0.1204 0.1259 0.0929 0.1138 0.0973 0.1154 
          27  1 0.2821 0.0118 0.0544 0.0128 0.0119 0.0132 0.5981 0.0157 
          28  1 0.6303 0.0321 0.1646 0.0301 0.0308 0.0313 0.0514 0.0293 
          29  1 0.4747 0.0659 0.1582 0.0681 0.0578 0.0692 0.0325 0.0736 
          30  1 0.6953 0.0146 0.1802 0.0145 0.0128 0.0155 0.0522 0.0150 
          31  1 0.6879 0.0090 0.1645 0.0093 0.0088 0.0086 0.1031 0.0087 
          32  1 0.7442 0.0097 0.1977 0.0090 0.0089 0.0100 0.0110 0.0096 
          33  1 0.6269 0.0351 0.1895 0.0323 0.0374 0.0371 0.0085 0.0332 
          34  1 0.4913 0.0572 0.1550 0.0631 0.0563 0.0615 0.0486 0.0670 
          35  1 0.4177 0.0750 0.1571 0.0768 0.0702 0.0844 0.0334 0.0854 
          36  1 0.0571 0.0080 0.0193 0.0077 0.0080 0.0078 0.8812 0.0109 
          37  1 0.5868 0.0270 0.1779 0.0270 0.0263 0.0284 0.0820 0.0446 
          38  1 0.1655 0.1114 0.1212 0.0925 0.1057 0.1193 0.1765 0.1078 
          39  1 0.5274 0.0422 0.1522 0.0438 0.0387 0.0446 0.1046 0.0464 
          40  1 0.1578 0.1053 0.1346 0.0861 0.1080 0.1109 0.1806 0.1166 
          41  1 0.1140 0.1441 0.1070 0.1424 0.1508 0.1562 0.0416 0.1438 
          42  1 0.0436 0.0424 0.0504 0.0441 0.0417 0.0465 0.6823 0.0491 
          43  1 0.0422 0.0675 0.0537 0.0676 0.0653 0.0666 0.5694 0.0677 
          44  1 0.1427 0.0846 0.0906 0.0727 0.0876 0.0835 0.3619 0.0763 
          45  1 0.0866 0.0104 0.0915 0.0112 0.0109 0.0106 0.7334 0.0454 
          46  1 0.0872 0.0264 0.1063 0.0272 0.0303 0.0264 0.6377 0.0583 
          47  1 0.0201 0.0101 0.0169 0.0097 0.0099 0.0102 0.9122 0.0108 
          48  1 0.0132 0.0064 0.0114 0.0066 0.0069 0.0072 0.9402 0.0081 
          49  1 0.2179 0.0125 0.2203 0.0130 0.0142 0.0124 0.4251 0.0847 
          50  1 0.0173 0.0232 0.0281 0.0240 0.0254 0.0263 0.8260 0.0297 
          51  1 0.0255 0.0122 0.0178 0.0102 0.0115 0.0104 0.8994 0.0132 
          52  1 0.2297 0.0219 0.2110 0.0238 0.0236 0.0235 0.3774 0.0891 
          53  1 0.2906 0.0402 0.1473 0.0442 0.0461 0.0447 0.3135 0.0734 
          54  1 0.4708 0.0230 0.1503 0.0219 0.0242 0.0241 0.2425 0.0433 
          55  1 0.5312 0.0413 0.1613 0.0388 0.0471 0.0410 0.0871 0.0521 
          56  1 0.1896 0.0440 0.1899 0.0438 0.0431 0.0454 0.3566 0.0877 
          57  1 0.3035 0.0500 0.2615 0.0492 0.0444 0.0390 0.1351 0.1174 
          58  1 0.0745 0.0777 0.0839 0.0711 0.0698 0.0761 0.4659 0.0811 
          59  1 0.0141 0.0066 0.0122 0.0063 0.0066 0.0069 0.9382 0.0091 
          60  1 0.1506 0.0245 0.1735 0.0260 0.0243 0.0291 0.4976 0.0744 
          61  1 0.4471 0.0414 0.2039 0.0380 0.0406 0.0403 0.0952 0.0934 
          62  1 0.2146 0.0414 0.1958 0.0414 0.0477 0.0447 0.3169 0.0976 
          63  1 0.3066 0.0717 0.1033 0.0667 0.0730 0.0763 0.2313 0.0710 
          64  1 0.3207 0.0906 0.1809 0.0827 0.0789 0.0859 0.0446 0.1158 
          65  1 0.6388 0.0203 0.1975 0.0198 0.0184 0.0197 0.0285 0.0570 
          66  1 0.0264 0.0242 0.0330 0.0230 0.0274 0.0348 0.8002 0.0310 
          67  1 0.1281 0.0677 0.0818 0.0642 0.0663 0.0745 0.4403 0.0772 
          68  1 0.1240 0.0495 0.0924 0.0474 0.0544 0.0484 0.5111 0.0728 
          69  1 0.5152 0.0524 0.1657 0.0488 0.0462 0.0635 0.0485 0.0596 
          70  1 0.1770 0.0832 0.1998 0.0849 0.0941 0.0963 0.1349 0.1298 
          71  1 0.0315 0.0066 0.0116 0.0068 0.0069 0.0069 0.9223 0.0073 
          72  1 0.2866 0.0349 0.0970 0.0314 0.0350 0.0359 0.4426 0.0366 
          73  1 0.1582 0.0212 0.0969 0.0213 0.0200 0.0223 0.6161 0.0441 
          74  1 0.0245 0.1895 0.1042 0.1424 0.1679 0.1841 0.0130 0.1745 
          75  1 0.0107 0.1786 0.1054 0.2262 0.1554 0.1631 0.0051 0.1555 
          76  1 0.0082 0.1595 0.1080 0.1593 0.2284 0.1735 0.0062 0.1570 
          77  1 0.0123 0.1601 0.1046 0.1791 0.2112 0.1662 0.0059 0.1606 
          78  1 0.0062 0.1894 0.0970 0.1566 0.2057 0.1771 0.0048 0.1632 
          79  1 0.0141 0.1769 0.1044 0.1471 0.1793 0.1785 0.0326 0.1669 
          80  1 0.0157 0.1723 0.0902 0.1871 0.1836 0.1667 0.0123 0.1720 
          81  1 0.0113 0.1960 0.0882 0.1913 0.1771 0.1681 0.0066 0.1614 
          82  1 0.0379 0.1795 0.1023 0.1914 0.1493 0.1734 0.0097 0.1564 
          83  1 0.0060 0.1814 0.1103 0.1803 0.1884 0.1699 0.0065 0.1571 
          84  1 0.1431 0.1441 0.1232 0.1376 0.1485 0.1475 0.0131 0.1428 
          85  1 0.0120 0.1836 0.0930 0.1996 0.1846 0.1658 0.0057 0.1558 
          86  1 0.0230 0.1769 0.0961 0.1650 0.1763 0.1815 0.0255 0.1557 
          87  1 0.0237 0.1792 0.0931 0.1775 0.1760 0.1831 0.0092 0.1581 
          88  1 0.0130 0.1857 0.0912 0.1685 0.2008 0.1788 0.0078 0.1542 
          89  1 0.0070 0.1917 0.0763 0.1654 0.1971 0.1874 0.0056 0.1695 
          90  1 0.0101 0.1821 0.1121 0.1615 0.1945 0.1581 0.0128 0.1689 
          91  1 0.0170 0.1657 0.0989 0.2028 0.1648 0.1679 0.0106 0.1723 
          92  1 0.0945 0.1773 0.1095 0.1472 0.1263 0.1479 0.0500 0.1473 
          93  1 0.0266 0.1846 0.0886 0.1709 0.1947 0.1695 0.0083 0.1569 
          94  1 0.0278 0.1588 0.1043 0.1799 0.1829 0.1737 0.0133 0.1594 
          95  1 0.0119 0.1848 0.1028 0.2284 0.1675 0.1403 0.0082 0.1562 
          96  1 0.0364 0.1878 0.1070 0.1767 0.1483 0.1686 0.0185 0.1567 
          97  1 0.0070 0.1771 0.1174 0.1851 0.1816 0.1678 0.0105 0.1535 
          98  1 0.0089 0.1924 0.0950 0.1798 0.1728 0.1837 0.0075 0.1599 
          99  1 0.0087 0.1937 0.0933 0.1517 0.1955 0.1979 0.0118 0.1473 
         100  1 0.0587 0.1664 0.0995 0.1535 0.1498 0.1673 0.0594 0.1454 
         101  1 0.0078 0.1788 0.1047 0.1751 0.1824 0.1744 0.0122 0.1645 
         102  1 0.5794 0.0103 0.1468 0.0107 0.0113 0.0112 0.2179 0.0125 
         103  1 0.0307 0.0102 0.0151 0.0101 0.0103 0.0104 0.9026 0.0105 
         104  1 0.0127 0.0066 0.0092 0.0069 0.0068 0.0072 0.9430 0.0077 
         105  1 0.4902 0.0080 0.2020 0.0080 0.0072 0.0070 0.2042 0.0733 
         106  1 0.0631 0.0388 0.0399 0.0384 0.0399 0.0399 0.7051 0.0349 
         107  1 0.0439 0.0106 0.0234 0.0101 0.0106 0.0110 0.8779 0.0125 
         108  1 0.1644 0.0062 0.1752 0.0065 0.0066 0.0065 0.5684 0.0662 
         109  1 0.0178 0.0418 0.0316 0.0395 0.0415 0.0413 0.7452 0.0412 
         110  1 0.0152 0.0062 0.0121 0.0058 0.0062 0.0063 0.9403 0.0079 
         111  1 0.1306 0.0225 0.0605 0.0229 0.0199 0.0219 0.6939 0.0277 
         112  1 0.3359 0.0216 0.1188 0.0204 0.0194 0.0240 0.4225 0.0374 
         113  1 0.0891 0.0147 0.0777 0.0152 0.0134 0.0154 0.7369 0.0375 
         114  1 0.0218 0.0057 0.0099 0.0058 0.0058 0.0059 0.9390 0.0061 
         115  1 0.0163 0.0066 0.0125 0.0068 0.0064 0.0070 0.9362 0.0081 
         116  1 0.0199 0.0099 0.0190 0.0090 0.0097 0.0111 0.9099 0.0116 
         117  1 0.4126 0.0151 0.0874 0.0131 0.0145 0.0146 0.4261 0.0166 
         118  1 0.1950 0.0103 0.0769 0.0103 0.0103 0.0106 0.6593 0.0273 
         119  1 0.0248 0.0065 0.0116 0.0060 0.0062 0.0062 0.9320 0.0066 
