           1  1 0.0180 0.3051 0.0108 0.3543 0.3118 
           2  1 0.0419 0.3213 0.0151 0.3177 0.3039 
           3  1 0.2205 0.2689 0.0402 0.2132 0.2571 
           4  1 0.0128 0.3138 0.0102 0.2992 0.3640 
           5  1 0.0167 0.3103 0.0252 0.3381 0.3098 
           6  1 0.0076 0.3517 0.0133 0.3472 0.2802 
           7  1 0.0095 0.3465 0.0113 0.3538 0.2790 
           8  1 0.0131 0.3556 0.0083 0.2843 0.3387 
           9  1 0.0291 0.2801 0.0097 0.3538 0.3273 
          10  1 0.0153 0.3119 0.0242 0.3241 0.3244 
          11  1 0.0148 0.3193 0.0161 0.3001 0.3498 
          12  1 0.0205 0.3690 0.0096 0.2389 0.3619 
          13  1 0.0128 0.3344 0.0127 0.2861 0.3540 
          14  1 0.0191 0.3097 0.0148 0.3104 0.3460 
          15  1 0.0235 0.2974 0.0234 0.3965 0.2592 
          16  1 0.0382 0.3398 0.0160 0.2865 0.3195 
          17  1 0.0171 0.2979 0.0195 0.3035 0.3620 
          18  1 0.0279 0.3503 0.0163 0.2410 0.3645 
          19  1 0.0470 0.3139 0.0140 0.3142 0.3109 
          20  1 0.0542 0.2985 0.0325 0.3282 0.2866 
          21  1 0.0198 0.3581 0.0094 0.1992 0.4135 
          22  1 0.0355 0.3579 0.0194 0.2323 0.3550 
          23  1 0.0242 0.2954 0.0333 0.2945 0.3526 
          24  1 0.2428 0.2383 0.0402 0.2438 0.2348 
          25  1 0.0589 0.2804 0.0480 0.3455 0.2672 
          26  1 0.4121 0.1631 0.1217 0.1416 0.1616 
          27  1 0.3166 0.0131 0.6425 0.0138 0.0140 
          28  1 0.8131 0.0378 0.0745 0.0377 0.0370 
          29  1 0.7676 0.0637 0.0396 0.0596 0.0694 
          30  1 0.8412 0.0169 0.1073 0.0172 0.0174 
          31  1 0.7957 0.0110 0.1709 0.0118 0.0106 
          32  1 0.9326 0.0116 0.0328 0.0116 0.0115 
          33  1 0.8387 0.0489 0.0122 0.0519 0.0482 
          34  1 0.8055 0.0462 0.0433 0.0511 0.0539 
          35  1 0.7385 0.0752 0.0321 0.0735 0.0806 
          36  1 0.0479 0.0088 0.9253 0.0091 0.0089 
          37  1 0.7766 0.0274 0.1449 0.0261 0.0250 
          38  1 0.2433 0.1639 0.2577 0.1820 0.1532 
          39  1 0.6932 0.0517 0.1546 0.0494 0.0511 
          40  1 0.2860 0.1481 0.2800 0.1427 0.1432 
          41  1 0.2130 0.2341 0.0550 0.2349 0.2630 
          42  1 0.0494 0.0524 0.7910 0.0500 0.0572 
          43  1 0.0850 0.0899 0.6463 0.0951 0.0837 
          44  1 0.2076 0.1054 0.4626 0.1219 0.1025 
          45  1 0.0309 0.0124 0.9310 0.0126 0.0130 
          46  1 0.0396 0.0303 0.8697 0.0310 0.0294 
          47  1 0.0214 0.0122 0.9436 0.0111 0.0116 
          48  1 0.0162 0.0086 0.9593 0.0081 0.0078 
          49  1 0.1485 0.0168 0.8035 0.0161 0.0151 
          50  1 0.0098 0.0251 0.9142 0.0252 0.0257 
          51  1 0.0264 0.0151 0.9298 0.0155 0.0131 
          52  1 0.2033 0.0276 0.7118 0.0285 0.0288 
          53  1 0.3631 0.0480 0.4879 0.0515 0.0495 
          54  1 0.5853 0.0209 0.3499 0.0224 0.0215 
          55  1 0.7394 0.0399 0.1370 0.0462 0.0375 
          56  1 0.1705 0.0472 0.6802 0.0505 0.0517 
          57  1 0.3949 0.0668 0.4013 0.0677 0.0692 
          58  1 0.0757 0.0766 0.6934 0.0840 0.0703 
          59  1 0.0107 0.0072 0.9682 0.0070 0.0069 
          60  1 0.0664 0.0268 0.8486 0.0283 0.0300 
          61  1 0.6377 0.0583 0.1922 0.0622 0.0495 
          62  1 0.1951 0.0526 0.6368 0.0576 0.0579 
          63  1 0.5846 0.0726 0.1976 0.0826 0.0626 
          64  1 0.5746 0.1034 0.0924 0.1244 0.1052 
          65  1 0.8936 0.0174 0.0503 0.0196 0.0192 
          66  1 0.0256 0.0263 0.8968 0.0269 0.0243 
          67  1 0.1968 0.0780 0.5557 0.0886 0.0809 
          68  1 0.2022 0.0536 0.6371 0.0578 0.0492 
          69  1 0.8091 0.0428 0.0637 0.0411 0.0433 
          70  1 0.1714 0.1501 0.3379 0.1803 0.1604 
          71  1 0.0377 0.0079 0.9383 0.0085 0.0077 
          72  1 0.3147 0.0375 0.5626 0.0449 0.0403 
          73  1 0.1122 0.0217 0.8233 0.0210 0.0217 
          74  1 0.0433 0.3019 0.0191 0.3904 0.2453 
          75  1 0.0146 0.3640 0.0065 0.2417 0.3731 
          76  1 0.0104 0.3170 0.0086 0.3865 0.2774 
          77  1 0.0197 0.3411 0.0079 0.2954 0.3359 
          78  1 0.0070 0.3045 0.0064 0.4108 0.2712 
          79  1 0.0163 0.3020 0.0468 0.3656 0.2693 
          80  1 0.0202 0.3391 0.0168 0.3433 0.2806 
          81  1 0.0121 0.3068 0.0087 0.2579 0.4144 
          82  1 0.0840 0.2923 0.0155 0.3204 0.2878 
          83  1 0.0076 0.3301 0.0083 0.3618 0.2921 
          84  1 0.3250 0.2082 0.0173 0.2545 0.1950 
          85  1 0.0170 0.3610 0.0072 0.2607 0.3542 
          86  1 0.0389 0.3254 0.0319 0.3123 0.2915 
          87  1 0.0391 0.3049 0.0119 0.3078 0.3363 
          88  1 0.0192 0.2963 0.0101 0.3689 0.3055 
          89  1 0.0087 0.2789 0.0077 0.3465 0.3583 
          90  1 0.0122 0.3279 0.0166 0.4126 0.2308 
          91  1 0.0273 0.3184 0.0159 0.2745 0.3639 
          92  1 0.1363 0.2711 0.0648 0.2687 0.2590 
          93  1 0.0460 0.2956 0.0110 0.3218 0.3256 
          94  1 0.0408 0.3147 0.0161 0.3086 0.3199 
          95  1 0.0157 0.3658 0.0119 0.2341 0.3725 
          96  1 0.0490 0.3014 0.0292 0.2717 0.3488 
          97  1 0.0087 0.3530 0.0126 0.2936 0.3321 
          98  1 0.0142 0.3225 0.0094 0.3537 0.3003 
          99  1 0.0121 0.3136 0.0157 0.3559 0.3027 
         100  1 0.1183 0.2745 0.0841 0.2343 0.2889 
         101  1 0.0101 0.2977 0.0154 0.3465 0.3303 
         102  1 0.5540 0.0121 0.4082 0.0127 0.0130 
         103  1 0.0315 0.0111 0.9346 0.0118 0.0110 
         104  1 0.0141 0.0077 0.9624 0.0084 0.0074 
         105  1 0.5574 0.0089 0.4148 0.0093 0.0097 
         106  1 0.0798 0.0502 0.7680 0.0537 0.0483 
         107  1 0.0339 0.0102 0.9353 0.0110 0.0095 
         108  1 0.0693 0.0076 0.9077 0.0082 0.0072 
         109  1 0.0212 0.0531 0.8015 0.0680 0.0562 
         110  1 0.0114 0.0065 0.9679 0.0070 0.0072 
         111  1 0.1182 0.0223 0.8172 0.0206 0.0217 
         112  1 0.3247 0.0210 0.6113 0.0213 0.0218 
         113  1 0.0768 0.0132 0.8846 0.0128 0.0126 
         114  1 0.0229 0.0064 0.9578 0.0066 0.0062 
         115  1 0.0161 0.0074 0.9613 0.0078 0.0074 
         116  1 0.0201 0.0093 0.9509 0.0100 0.0097 
         117  1 0.4697 0.0153 0.4817 0.0185 0.0149 
         118  1 0.1443 0.0105 0.8248 0.0106 0.0099 
         119  1 0.0234 0.0070 0.9562 0.0067 0.0067 
