           1  1 0.2239 0.2701 0.2537 0.0094 0.2270 0.0158 
           2  1 0.2432 0.2276 0.2473 0.0133 0.2393 0.0291 
           3  1 0.2010 0.1822 0.2042 0.0367 0.2082 0.1677 
           4  1 0.2372 0.2283 0.2482 0.0085 0.2663 0.0115 
           5  1 0.2458 0.2514 0.2391 0.0221 0.2268 0.0147 
           6  1 0.2654 0.2233 0.2338 0.0112 0.2596 0.0066 
           7  1 0.2484 0.2355 0.2366 0.0098 0.2616 0.0080 
           8  1 0.2670 0.2163 0.2197 0.0074 0.2782 0.0113 
           9  1 0.2206 0.2753 0.2381 0.0080 0.2343 0.0237 
          10  1 0.2364 0.2136 0.2411 0.0194 0.2756 0.0140 
          11  1 0.2529 0.2453 0.2389 0.0132 0.2376 0.0120 
          12  1 0.2730 0.1933 0.2573 0.0081 0.2515 0.0168 
          13  1 0.2503 0.2190 0.2381 0.0110 0.2711 0.0105 
          14  1 0.2449 0.2275 0.2230 0.0118 0.2778 0.0150 
          15  1 0.2169 0.3186 0.2310 0.0202 0.1960 0.0172 
          16  1 0.2600 0.2117 0.2285 0.0128 0.2585 0.0285 
          17  1 0.2242 0.2460 0.2419 0.0164 0.2565 0.0151 
          18  1 0.2551 0.2031 0.2376 0.0148 0.2679 0.0215 
          19  1 0.2504 0.2590 0.2360 0.0119 0.2084 0.0343 
          20  1 0.2166 0.2366 0.2258 0.0307 0.2493 0.0411 
          21  1 0.2718 0.1908 0.2248 0.0082 0.2872 0.0172 
          22  1 0.2678 0.1880 0.2317 0.0169 0.2621 0.0336 
          23  1 0.2488 0.2310 0.2326 0.0294 0.2380 0.0203 
          24  1 0.1878 0.2108 0.2009 0.0331 0.1969 0.1706 
          25  1 0.2048 0.2842 0.2232 0.0433 0.1908 0.0536 
          26  1 0.1474 0.1214 0.1321 0.1084 0.1342 0.3565 
          27  1 0.0119 0.0124 0.0123 0.6464 0.0130 0.3040 
          28  1 0.0361 0.0376 0.0326 0.0831 0.0326 0.7780 
          29  1 0.0631 0.0572 0.0684 0.0422 0.0638 0.7054 
          30  1 0.0166 0.0172 0.0165 0.1271 0.0166 0.8060 
          31  1 0.0095 0.0105 0.0092 0.1729 0.0097 0.7882 
          32  1 0.0113 0.0116 0.0111 0.0598 0.0122 0.8940 
          33  1 0.0534 0.0446 0.0476 0.0174 0.0516 0.7854 
          34  1 0.0536 0.0494 0.0554 0.0473 0.0514 0.7430 
          35  1 0.0755 0.0752 0.0802 0.0430 0.0775 0.6485 
          36  1 0.0082 0.0077 0.0077 0.9202 0.0075 0.0487 
          37  1 0.0283 0.0242 0.0256 0.1286 0.0247 0.7686 
          38  1 0.1379 0.1602 0.1328 0.2391 0.1187 0.2111 
          39  1 0.0453 0.0457 0.0464 0.1608 0.0498 0.6520 
          40  1 0.1290 0.1331 0.1258 0.2552 0.1302 0.2268 
          41  1 0.1928 0.2047 0.2035 0.0496 0.1951 0.1542 
          42  1 0.0438 0.0448 0.0435 0.7753 0.0422 0.0505 
          43  1 0.0822 0.0795 0.0762 0.6201 0.0767 0.0652 
          44  1 0.0878 0.1114 0.0999 0.4469 0.0841 0.1700 
          45  1 0.0117 0.0125 0.0114 0.9010 0.0119 0.0514 
          46  1 0.0307 0.0279 0.0273 0.8282 0.0298 0.0561 
          47  1 0.0098 0.0103 0.0105 0.9369 0.0095 0.0231 
          48  1 0.0071 0.0068 0.0067 0.9579 0.0070 0.0144 
          49  1 0.0144 0.0160 0.0147 0.7512 0.0160 0.1877 
          50  1 0.0250 0.0233 0.0224 0.8923 0.0219 0.0151 
          51  1 0.0121 0.0135 0.0118 0.9223 0.0102 0.0301 
          52  1 0.0253 0.0312 0.0306 0.6548 0.0250 0.2331 
          53  1 0.0458 0.0440 0.0499 0.4678 0.0469 0.3456 
          54  1 0.0188 0.0202 0.0202 0.3103 0.0205 0.6100 
          55  1 0.0395 0.0400 0.0404 0.1276 0.0363 0.7162 
          56  1 0.0478 0.0494 0.0520 0.6254 0.0444 0.1810 
          57  1 0.0681 0.0712 0.0781 0.3242 0.0699 0.3885 
          58  1 0.0757 0.0789 0.0696 0.6277 0.0704 0.0777 
          59  1 0.0065 0.0066 0.0063 0.9632 0.0061 0.0114 
          60  1 0.0264 0.0281 0.0264 0.8029 0.0254 0.0908 
          61  1 0.0439 0.0552 0.0468 0.1514 0.0385 0.6642 
          62  1 0.0534 0.0526 0.0537 0.5753 0.0473 0.2177 
          63  1 0.0622 0.0696 0.0689 0.1890 0.0576 0.5528 
          64  1 0.0950 0.1189 0.0978 0.0773 0.0790 0.5319 
          65  1 0.0168 0.0185 0.0180 0.0457 0.0177 0.8834 
          66  1 0.0238 0.0227 0.0227 0.8811 0.0230 0.0267 
          67  1 0.0697 0.0750 0.0751 0.5117 0.0713 0.1972 
          68  1 0.0481 0.0542 0.0464 0.5950 0.0464 0.2099 
          69  1 0.0394 0.0412 0.0458 0.0651 0.0442 0.7641 
          70  1 0.1229 0.1609 0.1441 0.2768 0.1178 0.1774 
          71  1 0.0073 0.0078 0.0077 0.9303 0.0072 0.0398 
          72  1 0.0382 0.0376 0.0347 0.5430 0.0324 0.3141 
          73  1 0.0190 0.0200 0.0197 0.7944 0.0181 0.1288 
          74  1 0.2123 0.3132 0.2325 0.0158 0.1915 0.0347 
          75  1 0.2828 0.1776 0.2383 0.0058 0.2831 0.0124 
          76  1 0.2389 0.3057 0.2187 0.0073 0.2210 0.0084 
          77  1 0.2564 0.1942 0.2328 0.0065 0.2965 0.0136 
          78  1 0.2258 0.3160 0.2230 0.0058 0.2234 0.0060 
          79  1 0.2385 0.2957 0.2229 0.0400 0.1893 0.0135 
          80  1 0.2447 0.2724 0.2432 0.0148 0.2073 0.0176 
          81  1 0.2430 0.1943 0.2495 0.0075 0.2945 0.0112 
          82  1 0.2277 0.2457 0.2289 0.0125 0.2324 0.0527 
          83  1 0.2536 0.2711 0.2162 0.0067 0.2461 0.0064 
          84  1 0.1799 0.2062 0.1797 0.0155 0.1741 0.2446 
          85  1 0.2454 0.2026 0.2490 0.0067 0.2833 0.0129 
          86  1 0.2349 0.2461 0.2392 0.0269 0.2215 0.0314 
          87  1 0.2505 0.2162 0.2361 0.0111 0.2560 0.0300 
          88  1 0.2399 0.2633 0.2441 0.0088 0.2270 0.0170 
          89  1 0.2296 0.2668 0.2577 0.0063 0.2320 0.0076 
          90  1 0.2272 0.3411 0.2281 0.0140 0.1783 0.0112 
          91  1 0.2443 0.1894 0.2351 0.0131 0.2947 0.0234 
          92  1 0.2088 0.2166 0.2049 0.0625 0.1934 0.1138 
          93  1 0.2216 0.2414 0.2331 0.0092 0.2518 0.0428 
          94  1 0.2440 0.2211 0.2422 0.0149 0.2418 0.0360 
          95  1 0.2569 0.1725 0.2476 0.0101 0.2988 0.0141 
          96  1 0.2418 0.2165 0.2356 0.0257 0.2362 0.0442 
          97  1 0.2592 0.2248 0.2452 0.0116 0.2515 0.0077 
          98  1 0.2257 0.2680 0.2425 0.0080 0.2440 0.0118 
          99  1 0.2235 0.2643 0.2516 0.0136 0.2376 0.0094 
         100  1 0.2070 0.1980 0.2116 0.0761 0.2196 0.0877 
         101  1 0.2375 0.2689 0.2326 0.0138 0.2389 0.0082 
         102  1 0.0109 0.0119 0.0110 0.3377 0.0101 0.6184 
         103  1 0.0105 0.0104 0.0102 0.9255 0.0106 0.0328 
         104  1 0.0066 0.0069 0.0071 0.9605 0.0068 0.0121 
         105  1 0.0085 0.0086 0.0083 0.3384 0.0086 0.6276 
         106  1 0.0446 0.0438 0.0399 0.7623 0.0387 0.0706 
         107  1 0.0093 0.0101 0.0095 0.9304 0.0091 0.0315 
         108  1 0.0071 0.0073 0.0069 0.8784 0.0069 0.0934 
         109  1 0.0458 0.0506 0.0510 0.7911 0.0436 0.0180 
         110  1 0.0062 0.0060 0.0060 0.9619 0.0060 0.0139 
         111  1 0.0199 0.0208 0.0210 0.8044 0.0204 0.1135 
         112  1 0.0191 0.0206 0.0218 0.5743 0.0211 0.3430 
         113  1 0.0117 0.0123 0.0126 0.8771 0.0120 0.0742 
         114  1 0.0055 0.0058 0.0056 0.9570 0.0057 0.0204 
         115  1 0.0067 0.0069 0.0068 0.9580 0.0067 0.0149 
         116  1 0.0085 0.0090 0.0089 0.9449 0.0084 0.0203 
         117  1 0.0139 0.0138 0.0139 0.4338 0.0122 0.5124 
         118  1 0.0094 0.0100 0.0090 0.7871 0.0090 0.1756 
         119  1 0.0065 0.0066 0.0062 0.9507 0.0061 0.0241 
