           1  1 0.1955 0.1757 0.1846 0.0081 0.2050 0.2139 0.0172 
           2  1 0.1870 0.2129 0.1879 0.0112 0.1874 0.1890 0.0246 
           3  1 0.1631 0.1940 0.1763 0.0295 0.1551 0.1475 0.1345 
           4  1 0.2020 0.1938 0.1900 0.0074 0.1784 0.2176 0.0108 
           5  1 0.1866 0.1629 0.1912 0.0189 0.2132 0.2157 0.0116 
           6  1 0.2121 0.2128 0.1883 0.0106 0.1794 0.1911 0.0057 
           7  1 0.2101 0.1824 0.1997 0.0090 0.1940 0.1977 0.0071 
           8  1 0.2166 0.2360 0.2070 0.0069 0.1596 0.1629 0.0110 
           9  1 0.1963 0.1532 0.1928 0.0072 0.1994 0.2333 0.0178 
          10  1 0.2118 0.1608 0.1960 0.0186 0.1852 0.2166 0.0110 
          11  1 0.2129 0.1888 0.1711 0.0117 0.2048 0.2005 0.0102 
          12  1 0.2103 0.2593 0.2044 0.0075 0.1601 0.1417 0.0167 
          13  1 0.2022 0.2260 0.1936 0.0097 0.1666 0.1926 0.0094 
          14  1 0.1972 0.1815 0.1798 0.0111 0.2070 0.2121 0.0114 
          15  1 0.1828 0.1469 0.1657 0.0182 0.2399 0.2308 0.0157 
          16  1 0.2002 0.2244 0.1981 0.0118 0.1724 0.1657 0.0274 
          17  1 0.1953 0.1612 0.1938 0.0144 0.2075 0.2152 0.0126 
          18  1 0.1902 0.2647 0.2096 0.0127 0.1488 0.1523 0.0218 
          19  1 0.1865 0.2029 0.1830 0.0109 0.1940 0.1926 0.0301 
          20  1 0.1762 0.1851 0.1876 0.0271 0.1975 0.1955 0.0310 
          21  1 0.2314 0.2806 0.1930 0.0070 0.1235 0.1502 0.0142 
          22  1 0.2214 0.2685 0.1984 0.0147 0.1299 0.1429 0.0242 
          23  1 0.1939 0.1922 0.1863 0.0270 0.1858 0.1938 0.0208 
          24  1 0.1720 0.1679 0.1886 0.0308 0.1797 0.1669 0.0940 
          25  1 0.1860 0.1415 0.1628 0.0357 0.2115 0.2138 0.0487 
          26  1 0.1149 0.1539 0.1344 0.0988 0.1076 0.0989 0.2915 
          27  1 0.0112 0.0119 0.0130 0.5994 0.0127 0.0118 0.3399 
          28  1 0.0257 0.0273 0.0268 0.0343 0.0269 0.0296 0.8295 
          29  1 0.0641 0.0620 0.0646 0.0391 0.0575 0.0588 0.6539 
          30  1 0.0142 0.0158 0.0135 0.0434 0.0137 0.0134 0.8859 
          31  1 0.0093 0.0086 0.0086 0.0658 0.0093 0.0093 0.8891 
          32  1 0.0094 0.0097 0.0103 0.0107 0.0087 0.0093 0.9419 
          33  1 0.0409 0.0387 0.0412 0.0087 0.0367 0.0387 0.7952 
          34  1 0.0505 0.0539 0.0615 0.0467 0.0484 0.0517 0.6873 
          35  1 0.0717 0.0883 0.0728 0.0333 0.0640 0.0680 0.6019 
          36  1 0.0075 0.0076 0.0086 0.9072 0.0082 0.0083 0.0526 
          37  1 0.0253 0.0245 0.0357 0.1049 0.0262 0.0251 0.7584 
          38  1 0.1230 0.0988 0.1137 0.1918 0.1377 0.1325 0.2026 
          39  1 0.0437 0.0433 0.0467 0.1216 0.0400 0.0423 0.6624 
          40  1 0.1194 0.1176 0.1121 0.2360 0.1126 0.1218 0.1805 
          41  1 0.1744 0.1563 0.1532 0.0396 0.1641 0.1712 0.1412 
          42  1 0.0433 0.0471 0.0432 0.7422 0.0423 0.0406 0.0414 
          43  1 0.0670 0.0713 0.0771 0.5813 0.0767 0.0645 0.0620 
          44  1 0.0925 0.0688 0.0780 0.3929 0.0986 0.0905 0.1787 
          45  1 0.0107 0.0104 0.0195 0.9263 0.0097 0.0107 0.0126 
          46  1 0.0250 0.0275 0.0373 0.8297 0.0257 0.0275 0.0274 
          47  1 0.0101 0.0099 0.0110 0.9317 0.0099 0.0091 0.0183 
          48  1 0.0068 0.0072 0.0066 0.9522 0.0067 0.0067 0.0138 
          49  1 0.0147 0.0156 0.0404 0.8586 0.0164 0.0155 0.0388 
          50  1 0.0210 0.0216 0.0221 0.8870 0.0212 0.0214 0.0057 
          51  1 0.0107 0.0103 0.0113 0.9186 0.0127 0.0120 0.0245 
          52  1 0.0273 0.0289 0.0535 0.7542 0.0296 0.0303 0.0761 
          53  1 0.0412 0.0482 0.0610 0.4609 0.0447 0.0411 0.3028 
          54  1 0.0215 0.0205 0.0288 0.3237 0.0211 0.0215 0.5629 
          55  1 0.0415 0.0366 0.0458 0.1130 0.0472 0.0435 0.6723 
          56  1 0.0516 0.0548 0.0651 0.6236 0.0494 0.0543 0.1012 
          57  1 0.0824 0.0858 0.1173 0.3417 0.0809 0.0828 0.2090 
          58  1 0.0724 0.0754 0.0780 0.5677 0.0804 0.0763 0.0499 
          59  1 0.0063 0.0066 0.0066 0.9606 0.0061 0.0063 0.0076 
          60  1 0.0252 0.0260 0.0420 0.8262 0.0249 0.0261 0.0296 
          61  1 0.0471 0.0411 0.0673 0.1892 0.0652 0.0595 0.5307 
          62  1 0.0511 0.0457 0.0665 0.6262 0.0556 0.0533 0.1016 
          63  1 0.0647 0.0593 0.0673 0.2061 0.0810 0.0761 0.4455 
          64  1 0.1045 0.0924 0.1113 0.0857 0.1191 0.1128 0.3742 
          65  1 0.0205 0.0227 0.0366 0.0451 0.0210 0.0212 0.8329 
          66  1 0.0241 0.0226 0.0257 0.8544 0.0244 0.0232 0.0256 
          67  1 0.0630 0.0688 0.0723 0.4932 0.0760 0.0745 0.1521 
          68  1 0.0478 0.0448 0.0604 0.6399 0.0558 0.0513 0.1000 
          69  1 0.0411 0.0478 0.0548 0.0500 0.0487 0.0454 0.7122 
          70  1 0.1206 0.1097 0.1404 0.2667 0.1463 0.1400 0.0763 
          71  1 0.0070 0.0070 0.0077 0.9244 0.0074 0.0067 0.0398 
          72  1 0.0328 0.0328 0.0357 0.4802 0.0351 0.0370 0.3464 
          73  1 0.0200 0.0203 0.0271 0.7783 0.0193 0.0206 0.1143 
          74  1 0.1734 0.1484 0.1701 0.0142 0.2540 0.2117 0.0281 
          75  1 0.2116 0.2595 0.1977 0.0053 0.1560 0.1575 0.0123 
          76  1 0.2076 0.1464 0.1789 0.0069 0.2273 0.2251 0.0079 
          77  1 0.2273 0.2216 0.1850 0.0065 0.1504 0.1985 0.0107 
          78  1 0.1977 0.1502 0.1801 0.0054 0.2442 0.2173 0.0051 
          79  1 0.1890 0.1542 0.1733 0.0358 0.2183 0.2166 0.0127 
          80  1 0.1837 0.1717 0.2077 0.0133 0.2259 0.1826 0.0151 
          81  1 0.2199 0.2063 0.1990 0.0075 0.1541 0.2048 0.0084 
          82  1 0.1793 0.1842 0.2059 0.0118 0.1934 0.1862 0.0392 
          83  1 0.1858 0.1577 0.1783 0.0063 0.2297 0.2358 0.0064 
          84  1 0.1510 0.1388 0.1570 0.0144 0.1894 0.1780 0.1714 
          85  1 0.1870 0.2222 0.2359 0.0061 0.1661 0.1720 0.0107 
          86  1 0.1872 0.1895 0.1777 0.0231 0.1933 0.2010 0.0282 
          87  1 0.1934 0.1985 0.1982 0.0098 0.1774 0.1975 0.0252 
          88  1 0.1899 0.1685 0.1840 0.0083 0.2239 0.2109 0.0145 
          89  1 0.2288 0.1523 0.1920 0.0060 0.1984 0.2149 0.0076 
          90  1 0.1804 0.1410 0.1727 0.0130 0.2573 0.2262 0.0095 
          91  1 0.1962 0.2289 0.1918 0.0120 0.1672 0.1854 0.0185 
          92  1 0.1735 0.1855 0.1516 0.0465 0.1655 0.1509 0.1266 
          93  1 0.1906 0.1789 0.1934 0.0083 0.1866 0.2095 0.0326 
          94  1 0.1966 0.1981 0.1890 0.0137 0.1923 0.1768 0.0336 
          95  1 0.2077 0.2463 0.2285 0.0096 0.1389 0.1581 0.0109 
          96  1 0.1886 0.1955 0.1806 0.0236 0.1839 0.1909 0.0369 
          97  1 0.2186 0.2142 0.1975 0.0112 0.1846 0.1673 0.0067 
          98  1 0.1932 0.1853 0.2241 0.0077 0.1937 0.1860 0.0100 
          99  1 0.1883 0.1814 0.1795 0.0132 0.2139 0.2153 0.0085 
         100  1 0.1893 0.1878 0.1545 0.0602 0.1696 0.1584 0.0802 
         101  1 0.1940 0.1639 0.1700 0.0132 0.2238 0.2283 0.0068 
         102  1 0.0100 0.0111 0.0127 0.2378 0.0108 0.0102 0.7074 
         103  1 0.0102 0.0108 0.0100 0.9159 0.0107 0.0102 0.0321 
         104  1 0.0067 0.0065 0.0067 0.9544 0.0067 0.0073 0.0117 
         105  1 0.0086 0.0081 0.0279 0.3542 0.0090 0.0080 0.5842 
         106  1 0.0388 0.0411 0.0372 0.7151 0.0420 0.0418 0.0840 
         107  1 0.0081 0.0084 0.0094 0.9201 0.0087 0.0088 0.0364 
         108  1 0.0071 0.0063 0.0225 0.9265 0.0070 0.0063 0.0243 
         109  1 0.0428 0.0370 0.0422 0.7669 0.0514 0.0438 0.0159 
         110  1 0.0057 0.0058 0.0067 0.9596 0.0061 0.0059 0.0102 
         111  1 0.0209 0.0194 0.0249 0.7759 0.0216 0.0198 0.1175 
         112  1 0.0195 0.0198 0.0284 0.5224 0.0183 0.0207 0.3709 
         113  1 0.0132 0.0127 0.0180 0.8754 0.0134 0.0133 0.0540 
         114  1 0.0057 0.0056 0.0055 0.9495 0.0058 0.0056 0.0222 
         115  1 0.0066 0.0068 0.0071 0.9526 0.0065 0.0063 0.0143 
         116  1 0.0086 0.0084 0.0092 0.9420 0.0080 0.0082 0.0156 
         117  1 0.0140 0.0133 0.0145 0.3938 0.0146 0.0138 0.5361 
         118  1 0.0097 0.0091 0.0134 0.7941 0.0088 0.0090 0.1559 
         119  1 0.0063 0.0060 0.0064 0.9412 0.0068 0.0068 0.0265 
