           1  1 0.0152 0.2309 0.0092 0.2629 0.2195 0.2623 
           2  1 0.0278 0.2383 0.0134 0.2460 0.2309 0.2437 
           3  1 0.1841 0.1832 0.0365 0.1925 0.2067 0.1970 
           4  1 0.0118 0.2259 0.0084 0.2542 0.2373 0.2624 
           5  1 0.0145 0.2727 0.0211 0.2161 0.2361 0.2396 
           6  1 0.0063 0.2606 0.0111 0.2294 0.2530 0.2397 
           7  1 0.0075 0.2510 0.0094 0.2357 0.2547 0.2419 
           8  1 0.0110 0.2252 0.0076 0.2517 0.2660 0.2385 
           9  1 0.0238 0.2495 0.0084 0.2440 0.2120 0.2622 
          10  1 0.0140 0.2377 0.0192 0.2510 0.2262 0.2519 
          11  1 0.0124 0.2088 0.0133 0.2787 0.2393 0.2474 
          12  1 0.0190 0.1913 0.0086 0.2586 0.2771 0.2455 
          13  1 0.0107 0.2246 0.0104 0.2448 0.2568 0.2528 
          14  1 0.0141 0.2477 0.0124 0.2542 0.2361 0.2355 
          15  1 0.0189 0.2741 0.0205 0.2346 0.2085 0.2435 
          16  1 0.0310 0.2110 0.0133 0.2457 0.2490 0.2500 
          17  1 0.0140 0.2261 0.0171 0.2403 0.2375 0.2650 
          18  1 0.0201 0.2191 0.0139 0.2762 0.2429 0.2279 
          19  1 0.0356 0.2569 0.0113 0.2558 0.2080 0.2325 
          20  1 0.0406 0.2568 0.0320 0.2093 0.2126 0.2487 
          21  1 0.0154 0.1971 0.0080 0.2561 0.2936 0.2298 
          22  1 0.0287 0.1960 0.0166 0.2392 0.2988 0.2207 
          23  1 0.0222 0.2285 0.0303 0.2573 0.2355 0.2262 
          24  1 0.1644 0.2058 0.0324 0.1947 0.2126 0.1901 
          25  1 0.0514 0.2431 0.0473 0.2134 0.2065 0.2384 
          26  1 0.3687 0.1135 0.0987 0.1458 0.1544 0.1189 
          27  1 0.3466 0.0123 0.6037 0.0125 0.0119 0.0130 
          28  1 0.7995 0.0306 0.0713 0.0339 0.0321 0.0326 
          29  1 0.7094 0.0643 0.0430 0.0665 0.0607 0.0562 
          30  1 0.8324 0.0162 0.1044 0.0162 0.0150 0.0157 
          31  1 0.8221 0.0098 0.1391 0.0093 0.0096 0.0101 
          32  1 0.9100 0.0105 0.0445 0.0110 0.0132 0.0108 
          33  1 0.7945 0.0460 0.0146 0.0460 0.0496 0.0492 
          34  1 0.7484 0.0506 0.0479 0.0466 0.0536 0.0528 
          35  1 0.6448 0.0757 0.0419 0.0835 0.0757 0.0784 
          36  1 0.0507 0.0082 0.9171 0.0083 0.0080 0.0078 
          37  1 0.7833 0.0293 0.1117 0.0262 0.0255 0.0241 
          38  1 0.2247 0.1515 0.2271 0.1388 0.1271 0.1309 
          39  1 0.6544 0.0498 0.1519 0.0481 0.0482 0.0477 
          40  1 0.2227 0.1297 0.2565 0.1233 0.1292 0.1385 
          41  1 0.1684 0.1817 0.0508 0.2023 0.1771 0.2198 
          42  1 0.0477 0.0417 0.7724 0.0470 0.0459 0.0454 
          43  1 0.0694 0.0698 0.6271 0.0826 0.0734 0.0775 
          44  1 0.1769 0.0968 0.4598 0.0885 0.0856 0.0923 
          45  1 0.0435 0.0112 0.9117 0.0116 0.0109 0.0111 
          46  1 0.0448 0.0304 0.8406 0.0281 0.0272 0.0288 
          47  1 0.0204 0.0103 0.9395 0.0100 0.0098 0.0100 
          48  1 0.0133 0.0069 0.9583 0.0070 0.0073 0.0072 
          49  1 0.1662 0.0152 0.7721 0.0152 0.0153 0.0160 
          50  1 0.0119 0.0227 0.8965 0.0229 0.0221 0.0240 
          51  1 0.0224 0.0122 0.9317 0.0119 0.0104 0.0114 
          52  1 0.2135 0.0300 0.6787 0.0272 0.0251 0.0257 
          53  1 0.3481 0.0499 0.4613 0.0464 0.0488 0.0456 
          54  1 0.6319 0.0217 0.2898 0.0172 0.0193 0.0201 
          55  1 0.7449 0.0355 0.1177 0.0331 0.0363 0.0324 
          56  1 0.1530 0.0520 0.6459 0.0515 0.0445 0.0529 
          57  1 0.3825 0.0777 0.3219 0.0744 0.0711 0.0725 
          58  1 0.0811 0.0862 0.6097 0.0740 0.0741 0.0749 
          59  1 0.0100 0.0063 0.9649 0.0062 0.0063 0.0063 
          60  1 0.0695 0.0266 0.8260 0.0247 0.0255 0.0276 
          61  1 0.6391 0.0520 0.1764 0.0470 0.0389 0.0466 
          62  1 0.2088 0.0447 0.5881 0.0560 0.0460 0.0564 
          63  1 0.5736 0.0658 0.1829 0.0565 0.0583 0.0630 
          64  1 0.5309 0.0980 0.0834 0.0992 0.0896 0.0989 
          65  1 0.8810 0.0186 0.0443 0.0201 0.0177 0.0182 
          66  1 0.0228 0.0257 0.8775 0.0259 0.0212 0.0268 
          67  1 0.2064 0.0748 0.4962 0.0753 0.0747 0.0726 
          68  1 0.1946 0.0519 0.6149 0.0435 0.0480 0.0472 
          69  1 0.7768 0.0420 0.0567 0.0392 0.0454 0.0400 
          70  1 0.1664 0.1391 0.2916 0.1242 0.1300 0.1487 
          71  1 0.0366 0.0070 0.9348 0.0072 0.0073 0.0071 
          72  1 0.3305 0.0371 0.5270 0.0362 0.0353 0.0339 
          73  1 0.1276 0.0190 0.7949 0.0188 0.0203 0.0193 
          74  1 0.0338 0.2703 0.0155 0.2611 0.1787 0.2406 
          75  1 0.0128 0.2167 0.0055 0.2605 0.2868 0.2178 
          76  1 0.0080 0.2243 0.0076 0.2549 0.2207 0.2844 
          77  1 0.0146 0.2488 0.0069 0.2187 0.2426 0.2685 
          78  1 0.0062 0.2916 0.0056 0.2299 0.2230 0.2438 
          79  1 0.0141 0.2615 0.0398 0.2289 0.2094 0.2463 
          80  1 0.0177 0.2794 0.0151 0.2186 0.2460 0.2233 
          81  1 0.0106 0.2147 0.0074 0.2464 0.2485 0.2723 
          82  1 0.0603 0.2407 0.0132 0.2199 0.2474 0.2184 
          83  1 0.0067 0.2809 0.0073 0.2444 0.2271 0.2337 
          84  1 0.2359 0.2209 0.0151 0.1705 0.1789 0.1786 
          85  1 0.0131 0.2509 0.0067 0.2287 0.2722 0.2284 
          86  1 0.0290 0.2357 0.0276 0.2638 0.2163 0.2276 
          87  1 0.0285 0.2272 0.0103 0.2244 0.2607 0.2489 
          88  1 0.0160 0.2715 0.0088 0.2285 0.2305 0.2448 
          89  1 0.0072 0.2346 0.0061 0.2715 0.2181 0.2625 
          90  1 0.0105 0.2991 0.0136 0.2150 0.2070 0.2548 
          91  1 0.0217 0.2087 0.0135 0.2621 0.2376 0.2564 
          92  1 0.1219 0.1836 0.0616 0.2162 0.2154 0.2014 
          93  1 0.0416 0.2579 0.0090 0.2133 0.2414 0.2368 
          94  1 0.0360 0.2260 0.0133 0.2454 0.2411 0.2382 
          95  1 0.0131 0.2001 0.0089 0.2437 0.2896 0.2446 
          96  1 0.0422 0.2003 0.0249 0.2702 0.2155 0.2470 
          97  1 0.0073 0.2343 0.0114 0.2340 0.2431 0.2700 
          98  1 0.0110 0.2595 0.0080 0.2154 0.2707 0.2354 
          99  1 0.0097 0.2634 0.0139 0.2474 0.2300 0.2356 
         100  1 0.0885 0.1945 0.0665 0.2297 0.1882 0.2327 
         101  1 0.0082 0.2638 0.0139 0.2381 0.2310 0.2451 
         102  1 0.5892 0.0117 0.3668 0.0114 0.0104 0.0105 
         103  1 0.0334 0.0106 0.9244 0.0110 0.0095 0.0111 
         104  1 0.0126 0.0073 0.9597 0.0066 0.0069 0.0069 
         105  1 0.6216 0.0087 0.3449 0.0084 0.0082 0.0081 
         106  1 0.0646 0.0420 0.7659 0.0434 0.0400 0.0440 
         107  1 0.0371 0.0091 0.9260 0.0098 0.0087 0.0093 
         108  1 0.0715 0.0072 0.9004 0.0067 0.0069 0.0072 
         109  1 0.0183 0.0531 0.7920 0.0474 0.0420 0.0472 
         110  1 0.0116 0.0062 0.9649 0.0057 0.0059 0.0057 
         111  1 0.1206 0.0187 0.8000 0.0206 0.0194 0.0208 
         112  1 0.3476 0.0194 0.5766 0.0187 0.0189 0.0189 
         113  1 0.0722 0.0123 0.8774 0.0128 0.0135 0.0119 
         114  1 0.0195 0.0058 0.9575 0.0054 0.0059 0.0059 
         115  1 0.0151 0.0070 0.9585 0.0061 0.0066 0.0067 
         116  1 0.0186 0.0084 0.9473 0.0087 0.0083 0.0089 
         117  1 0.5278 0.0151 0.4163 0.0140 0.0145 0.0124 
         118  1 0.1796 0.0095 0.7840 0.0088 0.0092 0.0089 
         119  1 0.0254 0.0063 0.9498 0.0060 0.0060 0.0064 
