           1  1 0.1505 0.0069 0.0168 0.1451 0.1394 0.1298 0.1221 0.1312 0.1503 0.0077 
           2  1 0.1276 0.0120 0.0187 0.1354 0.1242 0.1521 0.1224 0.1486 0.1502 0.0088 
           3  1 0.1218 0.0978 0.0353 0.1266 0.1184 0.1104 0.1272 0.1273 0.1161 0.0191 
           4  1 0.1355 0.0096 0.0102 0.1495 0.1253 0.1388 0.1298 0.1461 0.1487 0.0065 
           5  1 0.1439 0.0191 0.0095 0.1298 0.1340 0.1425 0.1149 0.1395 0.1532 0.0136 
           6  1 0.0953 0.0093 0.0048 0.0975 0.1190 0.1549 0.1847 0.1549 0.1703 0.0093 
           7  1 0.1109 0.0082 0.0057 0.1001 0.1184 0.1572 0.1803 0.1441 0.1667 0.0086 
           8  1 0.1357 0.0059 0.0104 0.1500 0.1162 0.1241 0.1802 0.1569 0.1140 0.0068 
           9  1 0.1476 0.0168 0.0134 0.1669 0.1353 0.1392 0.1059 0.1312 0.1377 0.0062 
          10  1 0.1258 0.0226 0.0085 0.1331 0.1308 0.1495 0.1220 0.1387 0.1561 0.0129 
          11  1 0.1454 0.0163 0.0083 0.1352 0.1302 0.1368 0.1268 0.1379 0.1534 0.0097 
          12  1 0.1429 0.0078 0.0125 0.1635 0.1154 0.1098 0.1890 0.1623 0.0903 0.0065 
          13  1 0.1308 0.0119 0.0080 0.1208 0.1216 0.1478 0.1422 0.1535 0.1544 0.0089 
          14  1 0.1225 0.0175 0.0081 0.1454 0.1355 0.1541 0.1339 0.1339 0.1408 0.0082 
          15  1 0.1584 0.0129 0.0148 0.1497 0.1526 0.1405 0.1081 0.1345 0.1144 0.0141 
          16  1 0.1386 0.0192 0.0203 0.1172 0.1183 0.1472 0.1379 0.1471 0.1440 0.0102 
          17  1 0.1402 0.0201 0.0117 0.1350 0.1385 0.1342 0.1197 0.1444 0.1450 0.0111 
          18  1 0.1284 0.0127 0.0219 0.1414 0.1289 0.1340 0.1504 0.1508 0.1210 0.0104 
          19  1 0.1429 0.0178 0.0229 0.1326 0.1285 0.1513 0.1327 0.1277 0.1360 0.0075 
          20  1 0.1219 0.0346 0.0131 0.1250 0.1312 0.1514 0.1122 0.1410 0.1491 0.0204 
          21  1 0.1226 0.0097 0.0137 0.1539 0.1054 0.1058 0.2048 0.1800 0.0980 0.0060 
          22  1 0.1302 0.0128 0.0232 0.1495 0.1131 0.1140 0.2001 0.1617 0.0837 0.0117 
          23  1 0.1374 0.0196 0.0132 0.1313 0.1282 0.1349 0.1283 0.1392 0.1423 0.0257 
          24  1 0.1196 0.0818 0.0346 0.1277 0.1430 0.1187 0.1168 0.1233 0.1160 0.0185 
          25  1 0.1506 0.0152 0.0406 0.1528 0.1398 0.1358 0.1074 0.1128 0.1194 0.0258 
          26  1 0.1040 0.1181 0.0806 0.1055 0.0916 0.0864 0.1245 0.1100 0.0840 0.0954 
          27  1 0.0131 0.0452 0.1883 0.0144 0.0135 0.0132 0.0209 0.0138 0.0133 0.6644 
          28  1 0.0345 0.0233 0.6892 0.0306 0.0327 0.0339 0.0351 0.0341 0.0320 0.0546 
          29  1 0.0678 0.1579 0.3632 0.0626 0.0684 0.0658 0.0574 0.0653 0.0679 0.0236 
          30  1 0.0146 0.0094 0.8415 0.0150 0.0139 0.0145 0.0146 0.0146 0.0138 0.0480 
          31  1 0.0103 0.0089 0.7860 0.0087 0.0105 0.0095 0.0188 0.0097 0.0091 0.1284 
          32  1 0.0089 0.0107 0.9183 0.0084 0.0091 0.0083 0.0092 0.0083 0.0087 0.0100 
          33  1 0.0256 0.0158 0.7471 0.0296 0.0294 0.0352 0.0395 0.0331 0.0374 0.0072 
          34  1 0.0566 0.1326 0.3466 0.0629 0.0736 0.0672 0.0688 0.0713 0.0717 0.0485 
          35  1 0.0773 0.0683 0.2984 0.0795 0.0823 0.0893 0.0855 0.0816 0.0969 0.0410 
          36  1 0.0084 0.0323 0.0392 0.0079 0.0077 0.0085 0.0106 0.0080 0.0078 0.8696 
          37  1 0.0266 0.0937 0.6198 0.0269 0.0390 0.0297 0.0285 0.0290 0.0293 0.0775 
          38  1 0.0880 0.0186 0.2162 0.0875 0.1042 0.0910 0.0729 0.0800 0.0933 0.1484 
          39  1 0.0402 0.0750 0.4914 0.0438 0.0440 0.0457 0.0509 0.0449 0.0438 0.1203 
          40  1 0.0783 0.0939 0.1288 0.0789 0.0881 0.0984 0.0960 0.0849 0.1032 0.1494 
          41  1 0.1211 0.0139 0.1130 0.1305 0.1024 0.1210 0.1040 0.1216 0.1360 0.0364 
          42  1 0.0441 0.0713 0.0433 0.0472 0.0506 0.0473 0.0459 0.0496 0.0402 0.5605 
          43  1 0.0627 0.0255 0.0311 0.0594 0.0585 0.0575 0.0603 0.0547 0.0626 0.5277 
          44  1 0.0828 0.0554 0.1323 0.0810 0.0750 0.0755 0.0656 0.0739 0.0764 0.2821 
          45  1 0.0115 0.4149 0.0148 0.0118 0.0116 0.0102 0.0114 0.0109 0.0111 0.4918 
          46  1 0.0252 0.4005 0.0187 0.0262 0.0278 0.0267 0.0239 0.0255 0.0277 0.3979 
          47  1 0.0099 0.0314 0.0176 0.0100 0.0102 0.0103 0.0099 0.0102 0.0101 0.8804 
          48  1 0.0067 0.0193 0.0112 0.0064 0.0067 0.0058 0.0063 0.0063 0.0066 0.9246 
          49  1 0.0083 0.8993 0.0111 0.0082 0.0079 0.0076 0.0082 0.0079 0.0082 0.0333 
          50  1 0.0299 0.0668 0.0063 0.0303 0.0308 0.0276 0.0274 0.0285 0.0272 0.7251 
          51  1 0.0113 0.0357 0.0227 0.0108 0.0114 0.0103 0.0106 0.0094 0.0098 0.8681 
          52  1 0.0177 0.7996 0.0203 0.0161 0.0174 0.0170 0.0165 0.0177 0.0162 0.0616 
          53  1 0.0407 0.4200 0.0984 0.0441 0.0429 0.0462 0.0424 0.0435 0.0411 0.1808 
          54  1 0.0237 0.2035 0.3859 0.0258 0.0284 0.0280 0.0289 0.0266 0.0280 0.2212 
          55  1 0.0471 0.1119 0.4849 0.0366 0.0519 0.0489 0.0438 0.0439 0.0524 0.0785 
          56  1 0.0310 0.6187 0.0296 0.0310 0.0360 0.0367 0.0297 0.0306 0.0380 0.1189 
          57  1 0.0091 0.9169 0.0094 0.0085 0.0099 0.0096 0.0098 0.0088 0.0087 0.0093 
          58  1 0.0682 0.0942 0.0481 0.0768 0.0860 0.0716 0.0634 0.0706 0.0700 0.3512 
          59  1 0.0068 0.0383 0.0075 0.0068 0.0076 0.0069 0.0066 0.0067 0.0071 0.9056 
          60  1 0.0196 0.6979 0.0138 0.0191 0.0199 0.0188 0.0184 0.0201 0.0217 0.1507 
          61  1 0.0372 0.6090 0.1156 0.0346 0.0400 0.0356 0.0313 0.0298 0.0273 0.0397 
          62  1 0.0327 0.6936 0.0240 0.0314 0.0345 0.0300 0.0297 0.0336 0.0339 0.0566 
          63  1 0.0779 0.0642 0.1878 0.0691 0.0844 0.0659 0.0634 0.0644 0.0641 0.2588 
          64  1 0.0829 0.2917 0.1521 0.0806 0.0950 0.0767 0.0618 0.0775 0.0604 0.0214 
          65  1 0.0227 0.4980 0.3216 0.0198 0.0237 0.0227 0.0249 0.0220 0.0209 0.0236 
          66  1 0.0312 0.0299 0.0396 0.0360 0.0414 0.0355 0.0288 0.0338 0.0323 0.6915 
          67  1 0.0581 0.0568 0.0755 0.0589 0.0825 0.0555 0.0612 0.0583 0.0673 0.4258 
          68  1 0.0538 0.1940 0.0442 0.0536 0.0644 0.0480 0.0469 0.0490 0.0466 0.3996 
          69  1 0.0582 0.0924 0.4185 0.0568 0.0734 0.0605 0.0673 0.0643 0.0616 0.0469 
          70  1 0.0516 0.5978 0.0119 0.0540 0.0554 0.0524 0.0442 0.0519 0.0494 0.0314 
          71  1 0.0066 0.0080 0.0250 0.0062 0.0064 0.0064 0.0071 0.0064 0.0064 0.9215 
          72  1 0.0336 0.0424 0.3291 0.0290 0.0364 0.0382 0.0318 0.0344 0.0362 0.3891 
          73  1 0.0234 0.3638 0.0634 0.0213 0.0232 0.0215 0.0239 0.0205 0.0196 0.4194 
          74  1 0.1612 0.0146 0.0198 0.1410 0.1447 0.1498 0.1194 0.1144 0.1230 0.0120 
          75  1 0.1362 0.0058 0.0130 0.1569 0.1014 0.1127 0.1953 0.1547 0.1190 0.0049 
          76  1 0.1402 0.0091 0.0076 0.1164 0.1389 0.1535 0.1359 0.1344 0.1588 0.0052 
          77  1 0.1091 0.0164 0.0079 0.1103 0.1082 0.1590 0.1586 0.1533 0.1719 0.0052 
          78  1 0.1708 0.0082 0.0044 0.1372 0.1500 0.1342 0.1175 0.1437 0.1296 0.0044 
          79  1 0.1607 0.0160 0.0103 0.1364 0.1502 0.1357 0.1229 0.1164 0.1241 0.0272 
          80  1 0.1592 0.0269 0.0108 0.1307 0.1422 0.1405 0.1426 0.1313 0.1054 0.0104 
          81  1 0.1344 0.0206 0.0072 0.1377 0.1348 0.1350 0.1269 0.1486 0.1490 0.0056 
          82  1 0.1230 0.0276 0.0238 0.1231 0.1397 0.1294 0.1434 0.1374 0.1451 0.0074 
          83  1 0.1552 0.0051 0.0057 0.1468 0.1459 0.1553 0.1145 0.1322 0.1331 0.0063 
          84  1 0.1237 0.0247 0.1092 0.1189 0.1449 0.1266 0.1014 0.1210 0.1182 0.0115 
          85  1 0.1225 0.0118 0.0083 0.1330 0.1158 0.1367 0.1733 0.1557 0.1379 0.0050 
          86  1 0.1526 0.0100 0.0223 0.1318 0.1341 0.1392 0.1265 0.1277 0.1326 0.0232 
          87  1 0.1116 0.0072 0.0248 0.1268 0.1263 0.1353 0.1531 0.1545 0.1521 0.0084 
          88  1 0.1342 0.0125 0.0104 0.1525 0.1581 0.1398 0.1241 0.1314 0.1302 0.0068 
          89  1 0.1409 0.0058 0.0069 0.1692 0.1302 0.1420 0.1086 0.1401 0.1508 0.0055 
          90  1 0.1615 0.0091 0.0095 0.1525 0.1509 0.1343 0.1204 0.1180 0.1326 0.0112 
          91  1 0.1236 0.0179 0.0128 0.1525 0.1174 0.1292 0.1387 0.1550 0.1442 0.0087 
          92  1 0.1344 0.0226 0.0774 0.1093 0.1198 0.1177 0.1465 0.1141 0.1125 0.0456 
          93  1 0.1276 0.0156 0.0235 0.1336 0.1226 0.1415 0.1496 0.1428 0.1355 0.0078 
          94  1 0.1440 0.0142 0.0268 0.1560 0.1222 0.1313 0.1368 0.1416 0.1151 0.0119 
          95  1 0.1144 0.0151 0.0094 0.1367 0.1174 0.1430 0.1664 0.1541 0.1362 0.0073 
          96  1 0.1346 0.0358 0.0297 0.1420 0.1359 0.1283 0.1229 0.1367 0.1201 0.0139 
          97  1 0.1572 0.0074 0.0063 0.1426 0.1223 0.1371 0.1541 0.1404 0.1229 0.0096 
          98  1 0.1532 0.0064 0.0091 0.1261 0.1359 0.1241 0.1553 0.1451 0.1378 0.0071 
          99  1 0.1656 0.0122 0.0071 0.1309 0.1430 0.1501 0.1206 0.1253 0.1348 0.0104 
         100  1 0.1215 0.0231 0.0528 0.1231 0.1177 0.1321 0.1128 0.1324 0.1327 0.0518 
         101  1 0.1416 0.0085 0.0057 0.1563 0.1398 0.1433 0.1248 0.1362 0.1322 0.0117 
         102  1 0.0098 0.0262 0.7528 0.0103 0.0108 0.0095 0.0101 0.0104 0.0103 0.1498 
         103  1 0.0102 0.0141 0.0256 0.0098 0.0106 0.0100 0.0138 0.0109 0.0103 0.8848 
         104  1 0.0069 0.0129 0.0114 0.0068 0.0070 0.0071 0.0070 0.0070 0.0069 0.9269 
         105  1 0.0066 0.8178 0.0804 0.0063 0.0073 0.0062 0.0086 0.0065 0.0062 0.0541 
         106  1 0.0368 0.0130 0.0715 0.0345 0.0344 0.0339 0.0327 0.0319 0.0338 0.6775 
         107  1 0.0121 0.0424 0.0291 0.0108 0.0114 0.0121 0.0151 0.0115 0.0115 0.8441 
         108  1 0.0058 0.7724 0.0079 0.0055 0.0059 0.0052 0.0076 0.0059 0.0053 0.1785 
         109  1 0.0451 0.0204 0.0144 0.0354 0.0406 0.0403 0.0336 0.0332 0.0389 0.6982 
         110  1 0.0061 0.0239 0.0097 0.0063 0.0062 0.0064 0.0093 0.0064 0.0061 0.9196 
         111  1 0.0235 0.1042 0.1326 0.0236 0.0261 0.0224 0.0228 0.0206 0.0256 0.5985 
         112  1 0.0206 0.2403 0.3395 0.0227 0.0229 0.0219 0.0202 0.0204 0.0220 0.2695 
         113  1 0.0149 0.2401 0.0348 0.0137 0.0165 0.0164 0.0182 0.0148 0.0158 0.6148 
         114  1 0.0058 0.0116 0.0227 0.0060 0.0059 0.0054 0.0058 0.0053 0.0057 0.9259 
         115  1 0.0072 0.0237 0.0114 0.0066 0.0072 0.0070 0.0066 0.0067 0.0065 0.9170 
         116  1 0.0115 0.0407 0.0153 0.0109 0.0141 0.0106 0.0104 0.0099 0.0108 0.8660 
         117  1 0.0154 0.0540 0.3157 0.0135 0.0135 0.0142 0.0222 0.0124 0.0143 0.5247 
         118  1 0.0111 0.1898 0.1810 0.0112 0.0115 0.0120 0.0170 0.0105 0.0106 0.5454 
         119  1 0.0060 0.0090 0.0252 0.0060 0.0057 0.0059 0.0061 0.0056 0.0061 0.9243 
