           1  1 0.5010 0.4649 0.0220 0.0120 
           2  1 0.4651 0.4493 0.0692 0.0164 
           3  1 0.3314 0.3299 0.2933 0.0454 
           4  1 0.4612 0.5101 0.0180 0.0107 
           5  1 0.4529 0.4969 0.0215 0.0287 
           6  1 0.4623 0.5159 0.0085 0.0133 
           7  1 0.4423 0.5359 0.0102 0.0116 
           8  1 0.4811 0.4967 0.0134 0.0088 
           9  1 0.4700 0.4755 0.0432 0.0113 
          10  1 0.4706 0.4826 0.0209 0.0258 
          11  1 0.5227 0.4431 0.0170 0.0173 
          12  1 0.4810 0.4800 0.0285 0.0104 
          13  1 0.4609 0.5124 0.0124 0.0144 
          14  1 0.4671 0.4923 0.0243 0.0163 
          15  1 0.4641 0.4818 0.0270 0.0271 
          16  1 0.4400 0.4802 0.0634 0.0164 
          17  1 0.4838 0.4756 0.0202 0.0203 
          18  1 0.4930 0.4510 0.0377 0.0183 
          19  1 0.4910 0.4264 0.0679 0.0147 
          20  1 0.4110 0.4450 0.1047 0.0393 
          21  1 0.4833 0.4790 0.0278 0.0099 
          22  1 0.4598 0.4685 0.0506 0.0211 
          23  1 0.4994 0.4359 0.0262 0.0384 
          24  1 0.2426 0.2748 0.4392 0.0433 
          25  1 0.4445 0.4284 0.0713 0.0558 
          26  1 0.1937 0.1805 0.4957 0.1301 
          27  1 0.0148 0.0135 0.2257 0.7460 
          28  1 0.0405 0.0383 0.8341 0.0871 
          29  1 0.0523 0.0605 0.8488 0.0384 
          30  1 0.0199 0.0183 0.8133 0.1485 
          31  1 0.0115 0.0120 0.7674 0.2091 
          32  1 0.0116 0.0114 0.9390 0.0380 
          33  1 0.0468 0.0462 0.8956 0.0114 
          34  1 0.0399 0.0404 0.8808 0.0390 
          35  1 0.0565 0.0566 0.8549 0.0321 
          36  1 0.0090 0.0088 0.0354 0.9468 
          37  1 0.0248 0.0229 0.8095 0.1428 
          38  1 0.2265 0.1905 0.3304 0.2525 
          39  1 0.0469 0.0524 0.7496 0.1511 
          40  1 0.1529 0.1557 0.4143 0.2771 
          41  1 0.3159 0.2827 0.3404 0.0610 
          42  1 0.0529 0.0539 0.0610 0.8322 
          43  1 0.1036 0.1020 0.1198 0.6746 
          44  1 0.1101 0.1023 0.2744 0.5132 
          45  1 0.0127 0.0133 0.0220 0.9520 
          46  1 0.0340 0.0310 0.0398 0.8952 
          47  1 0.0113 0.0109 0.0229 0.9550 
          48  1 0.0076 0.0082 0.0158 0.9684 
          49  1 0.0164 0.0179 0.1417 0.8240 
          50  1 0.0267 0.0266 0.0087 0.9381 
          51  1 0.0148 0.0153 0.0204 0.9495 
          52  1 0.0271 0.0296 0.2135 0.7299 
          53  1 0.0436 0.0423 0.4415 0.4726 
          54  1 0.0189 0.0203 0.5929 0.3680 
          55  1 0.0383 0.0337 0.7777 0.1503 
          56  1 0.0513 0.0507 0.2027 0.6953 
          57  1 0.0677 0.0657 0.4162 0.4504 
          58  1 0.0743 0.0835 0.1121 0.7302 
          59  1 0.0074 0.0074 0.0099 0.9753 
          60  1 0.0247 0.0275 0.0735 0.8743 
          61  1 0.0582 0.0576 0.6297 0.2544 
          62  1 0.0517 0.0509 0.1953 0.7022 
          63  1 0.0573 0.0621 0.7090 0.1716 
          64  1 0.0917 0.0859 0.7115 0.1108 
          65  1 0.0171 0.0169 0.9092 0.0568 
          66  1 0.0237 0.0247 0.0243 0.9272 
          67  1 0.0935 0.0901 0.2511 0.5653 
          68  1 0.0477 0.0517 0.2843 0.6163 
          69  1 0.0363 0.0349 0.8655 0.0633 
          70  1 0.1879 0.1728 0.2688 0.3705 
          71  1 0.0083 0.0083 0.0379 0.9455 
          72  1 0.0405 0.0417 0.3414 0.5764 
          73  1 0.0191 0.0203 0.0891 0.8715 
          74  1 0.4848 0.4408 0.0532 0.0212 
          75  1 0.4853 0.4919 0.0161 0.0067 
          76  1 0.4915 0.4868 0.0125 0.0092 
          77  1 0.4819 0.4811 0.0283 0.0087 
          78  1 0.4473 0.5372 0.0086 0.0069 
          79  1 0.4554 0.4720 0.0197 0.0529 
          80  1 0.4164 0.5421 0.0225 0.0190 
          81  1 0.4931 0.4819 0.0154 0.0095 
          82  1 0.4381 0.4095 0.1351 0.0173 
          83  1 0.4713 0.5112 0.0090 0.0085 
          84  1 0.2278 0.2304 0.5262 0.0155 
          85  1 0.4647 0.5037 0.0232 0.0084 
          86  1 0.4832 0.4309 0.0504 0.0355 
          87  1 0.4399 0.4749 0.0718 0.0134 
          88  1 0.4329 0.5326 0.0228 0.0116 
          89  1 0.5247 0.4571 0.0098 0.0084 
          90  1 0.4736 0.4912 0.0164 0.0188 
          91  1 0.4857 0.4563 0.0411 0.0168 
          92  1 0.3971 0.3741 0.1509 0.0779 
          93  1 0.4291 0.4954 0.0638 0.0117 
          94  1 0.4746 0.4635 0.0432 0.0188 
          95  1 0.4599 0.5060 0.0217 0.0123 
          96  1 0.4757 0.4346 0.0575 0.0322 
          97  1 0.4676 0.5075 0.0114 0.0135 
          98  1 0.4561 0.5170 0.0169 0.0100 
          99  1 0.4754 0.4942 0.0138 0.0166 
         100  1 0.3908 0.3468 0.1655 0.0969 
         101  1 0.4639 0.5064 0.0122 0.0174 
         102  1 0.0130 0.0118 0.4471 0.5280 
         103  1 0.0112 0.0106 0.0340 0.9442 
         104  1 0.0081 0.0078 0.0133 0.9707 
         105  1 0.0099 0.0095 0.4822 0.4984 
         106  1 0.0542 0.0565 0.0745 0.8148 
         107  1 0.0103 0.0099 0.0288 0.9509 
         108  1 0.0080 0.0079 0.0651 0.9190 
         109  1 0.0627 0.0656 0.0252 0.8465 
         110  1 0.0071 0.0069 0.0132 0.9728 
         111  1 0.0216 0.0212 0.1068 0.8504 
         112  1 0.0226 0.0229 0.2759 0.6786 
         113  1 0.0132 0.0133 0.0737 0.8999 
         114  1 0.0064 0.0067 0.0189 0.9679 
         115  1 0.0076 0.0075 0.0153 0.9696 
         116  1 0.0092 0.0093 0.0190 0.9624 
         117  1 0.0174 0.0183 0.4062 0.5581 
         118  1 0.0104 0.0109 0.1060 0.8727 
         119  1 0.0071 0.0072 0.0214 0.9643 
