           1  1 0.1428 0.0078 0.1498 0.1387 0.0174 0.0065 0.1354 0.1574 0.0994 0.1448 
           2  1 0.1391 0.0089 0.1349 0.1492 0.0189 0.0130 0.1439 0.1294 0.1403 0.1225 
           3  1 0.1188 0.0188 0.1190 0.1235 0.0386 0.1003 0.1173 0.1166 0.1303 0.1168 
           4  1 0.1291 0.0063 0.1286 0.1436 0.0087 0.0093 0.1511 0.1463 0.1406 0.1363 
           5  1 0.1391 0.0124 0.1358 0.1409 0.0090 0.0185 0.1495 0.1605 0.1108 0.1235 
           6  1 0.1147 0.0086 0.1408 0.1237 0.0048 0.0088 0.1492 0.1266 0.1869 0.1359 
           7  1 0.1039 0.0085 0.1483 0.1289 0.0062 0.0076 0.1359 0.1418 0.1878 0.1311 
           8  1 0.1253 0.0066 0.1387 0.1448 0.0094 0.0060 0.1269 0.1161 0.1710 0.1552 
           9  1 0.1531 0.0062 0.1216 0.1494 0.0135 0.0169 0.1474 0.1456 0.1185 0.1278 
          10  1 0.1317 0.0122 0.1535 0.1397 0.0083 0.0207 0.1393 0.1251 0.1364 0.1331 
          11  1 0.1422 0.0095 0.1294 0.1299 0.0078 0.0156 0.1515 0.1451 0.1336 0.1354 
          12  1 0.1138 0.0066 0.1369 0.1267 0.0137 0.0074 0.1166 0.0883 0.2205 0.1694 
          13  1 0.1298 0.0094 0.1495 0.1498 0.0078 0.0120 0.1370 0.1326 0.1298 0.1423 
          14  1 0.1364 0.0082 0.1396 0.1507 0.0081 0.0175 0.1356 0.1341 0.1423 0.1276 
          15  1 0.1502 0.0157 0.1340 0.1200 0.0152 0.0128 0.1501 0.1758 0.0991 0.1273 
          16  1 0.1182 0.0096 0.1225 0.1497 0.0197 0.0184 0.1291 0.1314 0.1424 0.1589 
          17  1 0.1469 0.0106 0.1455 0.1290 0.0109 0.0200 0.1449 0.1511 0.1021 0.1390 
          18  1 0.1206 0.0102 0.1230 0.1142 0.0204 0.0129 0.1429 0.1008 0.1882 0.1668 
          19  1 0.1296 0.0073 0.1285 0.1186 0.0242 0.0187 0.1597 0.1437 0.1319 0.1378 
          20  1 0.1280 0.0207 0.1264 0.1495 0.0122 0.0330 0.1445 0.1322 0.1286 0.1248 
          21  1 0.1246 0.0055 0.1312 0.1169 0.0131 0.0093 0.1202 0.0719 0.2291 0.1781 
          22  1 0.1077 0.0117 0.1331 0.1213 0.0208 0.0130 0.1185 0.0879 0.2303 0.1557 
          23  1 0.1412 0.0243 0.1296 0.1304 0.0127 0.0183 0.1465 0.1374 0.1158 0.1438 
          24  1 0.1162 0.0175 0.1273 0.1427 0.0346 0.0755 0.1227 0.1226 0.1249 0.1160 
          25  1 0.1406 0.0269 0.1184 0.1243 0.0396 0.0156 0.1400 0.1679 0.1037 0.1228 
          26  1 0.0874 0.0919 0.1029 0.1025 0.0921 0.1230 0.0956 0.0766 0.1206 0.1075 
          27  1 0.0135 0.7012 0.0145 0.0143 0.1659 0.0378 0.0139 0.0127 0.0124 0.0137 
          28  1 0.0318 0.0449 0.0308 0.0280 0.7236 0.0200 0.0300 0.0310 0.0289 0.0310 
          29  1 0.0623 0.0243 0.0683 0.0575 0.3860 0.1567 0.0647 0.0589 0.0610 0.0603 
          30  1 0.0133 0.0379 0.0127 0.0131 0.8564 0.0101 0.0143 0.0147 0.0134 0.0140 
          31  1 0.0102 0.1271 0.0088 0.0098 0.8007 0.0078 0.0091 0.0092 0.0088 0.0086 
          32  1 0.0082 0.0082 0.0083 0.0082 0.9227 0.0107 0.0089 0.0085 0.0083 0.0081 
          33  1 0.0301 0.0065 0.0322 0.0309 0.7637 0.0155 0.0281 0.0314 0.0315 0.0301 
          34  1 0.0629 0.0455 0.0666 0.0666 0.3615 0.1428 0.0685 0.0613 0.0704 0.0538 
          35  1 0.0821 0.0414 0.0842 0.0839 0.3112 0.0703 0.0905 0.0774 0.0885 0.0704 
          36  1 0.0077 0.8780 0.0076 0.0077 0.0367 0.0314 0.0084 0.0078 0.0069 0.0077 
          37  1 0.0285 0.0629 0.0308 0.0353 0.6300 0.0958 0.0305 0.0293 0.0299 0.0268 
          38  1 0.1009 0.1470 0.0887 0.0954 0.2158 0.0190 0.0857 0.0997 0.0692 0.0787 
          39  1 0.0418 0.1291 0.0376 0.0480 0.4979 0.0719 0.0427 0.0426 0.0449 0.0434 
          40  1 0.0853 0.1372 0.0978 0.0879 0.1399 0.0997 0.0917 0.0841 0.0878 0.0885 
          41  1 0.1280 0.0348 0.1063 0.1163 0.1033 0.0132 0.1383 0.1252 0.1185 0.1161 
          42  1 0.0487 0.5779 0.0423 0.0402 0.0384 0.0717 0.0460 0.0471 0.0455 0.0423 
          43  1 0.0610 0.5279 0.0602 0.0519 0.0331 0.0294 0.0617 0.0595 0.0564 0.0588 
          44  1 0.0715 0.2887 0.0704 0.0716 0.1331 0.0643 0.0774 0.0917 0.0584 0.0729 
          45  1 0.0105 0.4838 0.0108 0.0110 0.0146 0.4280 0.0097 0.0106 0.0102 0.0108 
          46  1 0.0268 0.4180 0.0256 0.0218 0.0177 0.3892 0.0257 0.0281 0.0233 0.0237 
          47  1 0.0094 0.8822 0.0097 0.0105 0.0173 0.0300 0.0104 0.0106 0.0098 0.0102 
          48  1 0.0062 0.9241 0.0064 0.0063 0.0107 0.0209 0.0064 0.0065 0.0062 0.0063 
          49  1 0.0073 0.0281 0.0074 0.0085 0.0104 0.9055 0.0081 0.0084 0.0086 0.0078 
          50  1 0.0287 0.7378 0.0272 0.0273 0.0055 0.0610 0.0287 0.0278 0.0276 0.0285 
          51  1 0.0112 0.8728 0.0099 0.0105 0.0193 0.0352 0.0100 0.0119 0.0096 0.0096 
          52  1 0.0155 0.0587 0.0153 0.0169 0.0204 0.8113 0.0154 0.0158 0.0151 0.0155 
          53  1 0.0410 0.1943 0.0414 0.0445 0.0902 0.4245 0.0462 0.0429 0.0370 0.0381 
          54  1 0.0245 0.2143 0.0237 0.0274 0.3792 0.2292 0.0277 0.0245 0.0235 0.0261 
          55  1 0.0426 0.0736 0.0457 0.0462 0.4929 0.1141 0.0456 0.0508 0.0457 0.0429 
          56  1 0.0336 0.1120 0.0293 0.0313 0.0340 0.6337 0.0321 0.0330 0.0315 0.0295 
          57  1 0.0092 0.0095 0.0088 0.0098 0.0102 0.9163 0.0099 0.0083 0.0087 0.0094 
          58  1 0.0727 0.3558 0.0743 0.0734 0.0530 0.0863 0.0723 0.0809 0.0661 0.0651 
          59  1 0.0064 0.9164 0.0065 0.0068 0.0068 0.0307 0.0068 0.0069 0.0064 0.0063 
          60  1 0.0189 0.1453 0.0186 0.0196 0.0149 0.7035 0.0223 0.0199 0.0179 0.0191 
          61  1 0.0348 0.0380 0.0281 0.0288 0.1103 0.6354 0.0325 0.0358 0.0271 0.0293 
          62  1 0.0308 0.0582 0.0263 0.0279 0.0248 0.7183 0.0282 0.0335 0.0255 0.0266 
          63  1 0.0691 0.2568 0.0676 0.0731 0.1921 0.0697 0.0663 0.0826 0.0585 0.0643 
          64  1 0.0798 0.0213 0.0663 0.0756 0.1499 0.3017 0.0788 0.0832 0.0689 0.0743 
          65  1 0.0218 0.0267 0.0231 0.0204 0.3279 0.4961 0.0238 0.0213 0.0202 0.0188 
          66  1 0.0290 0.7126 0.0312 0.0335 0.0390 0.0331 0.0313 0.0330 0.0267 0.0306 
          67  1 0.0706 0.4048 0.0660 0.0642 0.0911 0.0634 0.0647 0.0671 0.0554 0.0527 
          68  1 0.0513 0.4003 0.0418 0.0521 0.0462 0.2033 0.0534 0.0651 0.0405 0.0460 
          69  1 0.0599 0.0428 0.0657 0.0665 0.4405 0.0884 0.0732 0.0601 0.0534 0.0495 
          70  1 0.0506 0.0264 0.0519 0.0426 0.0119 0.6235 0.0499 0.0574 0.0393 0.0465 
          71  1 0.0057 0.9238 0.0061 0.0063 0.0256 0.0081 0.0062 0.0064 0.0062 0.0059 
          72  1 0.0300 0.3965 0.0328 0.0334 0.3292 0.0425 0.0343 0.0377 0.0304 0.0331 
          73  1 0.0207 0.4518 0.0220 0.0188 0.0673 0.3357 0.0224 0.0210 0.0205 0.0197 
          74  1 0.1486 0.0132 0.1296 0.1307 0.0206 0.0175 0.1379 0.1793 0.0940 0.1285 
          75  1 0.1194 0.0048 0.1440 0.1484 0.0129 0.0057 0.1171 0.0925 0.1889 0.1663 
          76  1 0.1453 0.0051 0.1591 0.1230 0.0074 0.0089 0.1410 0.1311 0.1285 0.1504 
          77  1 0.1264 0.0049 0.1475 0.1405 0.0078 0.0169 0.1348 0.1245 0.1705 0.1264 
          78  1 0.1618 0.0043 0.1407 0.1308 0.0040 0.0081 0.1311 0.1700 0.1106 0.1386 
          79  1 0.1416 0.0285 0.1360 0.1308 0.0088 0.0154 0.1334 0.1692 0.1078 0.1284 
          80  1 0.1419 0.0107 0.1174 0.1491 0.0101 0.0257 0.1183 0.1539 0.1260 0.1468 
          81  1 0.1450 0.0052 0.1238 0.1324 0.0070 0.0204 0.1646 0.1267 0.1322 0.1425 
          82  1 0.1319 0.0071 0.1520 0.1435 0.0225 0.0289 0.1345 0.1265 0.1253 0.1279 
          83  1 0.1508 0.0058 0.1241 0.1490 0.0055 0.0052 0.1322 0.1534 0.1168 0.1572 
          84  1 0.1354 0.0123 0.1231 0.1267 0.0946 0.0268 0.1366 0.1432 0.0950 0.1062 
          85  1 0.1348 0.0051 0.1493 0.1620 0.0080 0.0114 0.1271 0.1170 0.1602 0.1250 
          86  1 0.1453 0.0241 0.1497 0.1278 0.0221 0.0098 0.1211 0.1450 0.1158 0.1393 
          87  1 0.1315 0.0082 0.1437 0.1501 0.0224 0.0082 0.1413 0.1267 0.1370 0.1309 
          88  1 0.1566 0.0069 0.1208 0.1426 0.0095 0.0121 0.1377 0.1473 0.1251 0.1414 
          89  1 0.1592 0.0053 0.1239 0.1262 0.0067 0.0055 0.1490 0.1676 0.1046 0.1521 
          90  1 0.1427 0.0097 0.1324 0.1234 0.0099 0.0083 0.1544 0.1835 0.1033 0.1325 
          91  1 0.1306 0.0085 0.1465 0.1472 0.0129 0.0178 0.1325 0.1107 0.1429 0.1504 
          92  1 0.1194 0.0477 0.1243 0.1184 0.0790 0.0201 0.1241 0.1279 0.1211 0.1182 
          93  1 0.1344 0.0069 0.1440 0.1387 0.0222 0.0153 0.1392 0.1355 0.1334 0.1303 
          94  1 0.1226 0.0107 0.1402 0.1351 0.0250 0.0139 0.1292 0.1439 0.1362 0.1431 
          95  1 0.1238 0.0070 0.1432 0.1579 0.0087 0.0154 0.1355 0.0967 0.1624 0.1493 
          96  1 0.1302 0.0139 0.1209 0.1191 0.0324 0.0373 0.1518 0.1354 0.1199 0.1390 
          97  1 0.1340 0.0101 0.1303 0.1410 0.0064 0.0074 0.1305 0.1217 0.1577 0.1610 
          98  1 0.1234 0.0068 0.1561 0.1540 0.0091 0.0056 0.1378 0.1322 0.1362 0.1387 
          99  1 0.1438 0.0102 0.1302 0.1377 0.0067 0.0118 0.1479 0.1544 0.1226 0.1347 
         100  1 0.1290 0.0552 0.1330 0.1160 0.0472 0.0207 0.1269 0.1286 0.1260 0.1173 
         101  1 0.1460 0.0124 0.1298 0.1428 0.0054 0.0093 0.1520 0.1466 0.1288 0.1270 
         102  1 0.0098 0.1509 0.0091 0.0100 0.7477 0.0306 0.0109 0.0110 0.0099 0.0101 
         103  1 0.0104 0.8951 0.0096 0.0100 0.0224 0.0128 0.0101 0.0097 0.0100 0.0099 
         104  1 0.0067 0.9300 0.0070 0.0067 0.0107 0.0119 0.0065 0.0068 0.0064 0.0073 
         105  1 0.0060 0.0425 0.0052 0.0062 0.0942 0.8224 0.0061 0.0059 0.0056 0.0058 
         106  1 0.0308 0.7018 0.0303 0.0319 0.0602 0.0123 0.0358 0.0347 0.0286 0.0335 
         107  1 0.0117 0.8504 0.0110 0.0110 0.0279 0.0435 0.0114 0.0124 0.0100 0.0108 
         108  1 0.0053 0.1882 0.0052 0.0053 0.0080 0.7663 0.0053 0.0056 0.0055 0.0052 
         109  1 0.0359 0.7118 0.0358 0.0374 0.0146 0.0188 0.0389 0.0376 0.0331 0.0362 
         110  1 0.0059 0.9298 0.0056 0.0056 0.0076 0.0215 0.0064 0.0058 0.0060 0.0058 
         111  1 0.0248 0.6158 0.0218 0.0215 0.1192 0.1061 0.0226 0.0231 0.0240 0.0212 
         112  1 0.0207 0.2749 0.0219 0.0207 0.3122 0.2638 0.0217 0.0223 0.0227 0.0191 
         113  1 0.0181 0.6196 0.0165 0.0164 0.0391 0.2314 0.0157 0.0151 0.0140 0.0141 
         114  1 0.0056 0.9286 0.0055 0.0054 0.0219 0.0107 0.0058 0.0055 0.0056 0.0055 
         115  1 0.0064 0.9216 0.0065 0.0062 0.0121 0.0220 0.0064 0.0063 0.0064 0.0062 
         116  1 0.0119 0.8695 0.0111 0.0112 0.0153 0.0382 0.0108 0.0102 0.0105 0.0113 
         117  1 0.0134 0.5301 0.0139 0.0127 0.3128 0.0623 0.0132 0.0152 0.0127 0.0137 
         118  1 0.0101 0.5353 0.0114 0.0104 0.1834 0.2075 0.0111 0.0112 0.0093 0.0103 
         119  1 0.0057 0.9261 0.0055 0.0056 0.0258 0.0089 0.0057 0.0055 0.0057 0.0056 
