           1  1 0.0092 0.2058 0.2048 0.1382 0.2122 0.0169 0.2129 
           2  1 0.0112 0.2069 0.2096 0.1330 0.2145 0.0275 0.1973 
           3  1 0.0279 0.1984 0.1596 0.1733 0.1665 0.1139 0.1603 
           4  1 0.0075 0.2007 0.2033 0.1672 0.2207 0.0100 0.1904 
           5  1 0.0185 0.1756 0.2010 0.1352 0.2355 0.0117 0.2224 
           6  1 0.0102 0.2078 0.2307 0.1613 0.1835 0.0055 0.2010 
           7  1 0.0090 0.2111 0.2257 0.1546 0.1857 0.0073 0.2066 
           8  1 0.0071 0.2466 0.2070 0.1620 0.1862 0.0104 0.1807 
           9  1 0.0077 0.1832 0.2175 0.1340 0.2199 0.0196 0.2182 
          10  1 0.0169 0.1969 0.2037 0.1447 0.2191 0.0109 0.2078 
          11  1 0.0116 0.1980 0.2043 0.1451 0.2145 0.0106 0.2159 
          12  1 0.0081 0.2669 0.2177 0.1724 0.1634 0.0161 0.1554 
          13  1 0.0109 0.2341 0.1971 0.1797 0.1812 0.0097 0.1873 
          14  1 0.0102 0.2014 0.2081 0.1493 0.2216 0.0115 0.1979 
          15  1 0.0182 0.1775 0.1905 0.1134 0.2375 0.0166 0.2464 
          16  1 0.0117 0.2403 0.2066 0.1578 0.1672 0.0274 0.1889 
          17  1 0.0142 0.1841 0.2159 0.1464 0.2226 0.0133 0.2036 
          18  1 0.0123 0.2659 0.1906 0.1707 0.1763 0.0249 0.1593 
          19  1 0.0103 0.1870 0.2148 0.1358 0.2095 0.0339 0.2086 
          20  1 0.0248 0.1894 0.2020 0.1399 0.2036 0.0266 0.2137 
          21  1 0.0070 0.2846 0.1955 0.1906 0.1690 0.0154 0.1380 
          22  1 0.0141 0.2599 0.2043 0.1771 0.1607 0.0286 0.1554 
          23  1 0.0262 0.2069 0.1971 0.1452 0.2109 0.0183 0.1954 
          24  1 0.0268 0.1846 0.1763 0.1463 0.1888 0.0978 0.1795 
          25  1 0.0362 0.1734 0.1984 0.1178 0.2060 0.0484 0.2199 
          26  1 0.1041 0.1541 0.1276 0.1365 0.1105 0.2596 0.1077 
          27  1 0.6436 0.0131 0.0129 0.0209 0.0135 0.2826 0.0134 
          28  1 0.0476 0.0321 0.0326 0.0269 0.0301 0.8011 0.0295 
          29  1 0.0386 0.0657 0.0612 0.0906 0.0656 0.6203 0.0579 
          30  1 0.0603 0.0149 0.0149 0.0145 0.0150 0.8659 0.0145 
          31  1 0.1115 0.0086 0.0092 0.0093 0.0099 0.8417 0.0099 
          32  1 0.0162 0.0090 0.0090 0.0112 0.0093 0.9359 0.0094 
          33  1 0.0086 0.0362 0.0425 0.0336 0.0334 0.8105 0.0353 
          34  1 0.0459 0.0527 0.0587 0.0731 0.0608 0.6539 0.0547 
          35  1 0.0361 0.0737 0.0786 0.0784 0.0842 0.5719 0.0772 
          36  1 0.9045 0.0075 0.0085 0.0143 0.0080 0.0487 0.0085 
          37  1 0.1080 0.0246 0.0257 0.0426 0.0251 0.7488 0.0251 
          38  1 0.1973 0.1114 0.1183 0.0767 0.1213 0.2361 0.1390 
          39  1 0.1261 0.0461 0.0431 0.0581 0.0428 0.6366 0.0472 
          40  1 0.2123 0.1275 0.1248 0.1152 0.1203 0.1786 0.1213 
          41  1 0.0375 0.1559 0.1741 0.1173 0.1893 0.1505 0.1755 
          42  1 0.7141 0.0485 0.0458 0.0570 0.0461 0.0427 0.0459 
          43  1 0.5976 0.0724 0.0710 0.0559 0.0754 0.0552 0.0725 
          44  1 0.3589 0.0842 0.1023 0.0802 0.1027 0.1690 0.1026 
          45  1 0.7973 0.0108 0.0121 0.1361 0.0113 0.0211 0.0115 
          46  1 0.7358 0.0272 0.0279 0.1316 0.0260 0.0249 0.0267 
          47  1 0.9258 0.0102 0.0105 0.0131 0.0101 0.0201 0.0101 
          48  1 0.9505 0.0068 0.0071 0.0089 0.0067 0.0129 0.0071 
          49  1 0.6077 0.0143 0.0146 0.2727 0.0137 0.0631 0.0139 
          50  1 0.8575 0.0223 0.0259 0.0377 0.0234 0.0070 0.0262 
          51  1 0.9091 0.0114 0.0125 0.0191 0.0128 0.0222 0.0129 
          52  1 0.5409 0.0249 0.0267 0.2523 0.0269 0.0982 0.0301 
          53  1 0.4117 0.0435 0.0467 0.1568 0.0476 0.2452 0.0485 
          54  1 0.2760 0.0201 0.0230 0.0811 0.0213 0.5556 0.0229 
          55  1 0.1075 0.0414 0.0458 0.0598 0.0439 0.6526 0.0490 
          56  1 0.4783 0.0475 0.0456 0.2485 0.0443 0.0934 0.0425 
          57  1 0.2510 0.0593 0.0610 0.3261 0.0594 0.1883 0.0548 
          58  1 0.5581 0.0707 0.0782 0.0736 0.0790 0.0613 0.0790 
          59  1 0.9515 0.0070 0.0066 0.0134 0.0065 0.0084 0.0066 
          60  1 0.6359 0.0243 0.0232 0.2363 0.0244 0.0315 0.0244 
          61  1 0.1315 0.0421 0.0473 0.2208 0.0461 0.4576 0.0546 
          62  1 0.4372 0.0503 0.0445 0.2609 0.0493 0.1024 0.0554 
          63  1 0.2128 0.0649 0.0699 0.0631 0.0732 0.4393 0.0768 
          64  1 0.0605 0.0873 0.1032 0.1552 0.1088 0.3785 0.1065 
          65  1 0.0381 0.0201 0.0191 0.1541 0.0199 0.7303 0.0184 
          66  1 0.8410 0.0242 0.0266 0.0250 0.0276 0.0272 0.0284 
          67  1 0.5046 0.0675 0.0719 0.0724 0.0675 0.1439 0.0722 
          68  1 0.5671 0.0440 0.0508 0.1001 0.0584 0.1201 0.0594 
          69  1 0.0520 0.0464 0.0531 0.0613 0.0525 0.6809 0.0539 
          70  1 0.1942 0.1015 0.1158 0.2804 0.1130 0.0673 0.1278 
          71  1 0.9286 0.0071 0.0074 0.0075 0.0070 0.0351 0.0073 
          72  1 0.4871 0.0360 0.0347 0.0374 0.0323 0.3373 0.0352 
          73  1 0.7010 0.0193 0.0203 0.1258 0.0194 0.0951 0.0191 
          74  1 0.0159 0.1728 0.2159 0.1102 0.2102 0.0282 0.2468 
          75  1 0.0053 0.2721 0.1850 0.1930 0.1678 0.0129 0.1639 
          76  1 0.0068 0.1771 0.2332 0.1257 0.2131 0.0082 0.2359 
          77  1 0.0060 0.2127 0.2146 0.1631 0.2047 0.0109 0.1881 
          78  1 0.0055 0.1929 0.2069 0.1077 0.2262 0.0053 0.2555 
          79  1 0.0351 0.1600 0.2136 0.1236 0.2195 0.0124 0.2358 
          80  1 0.0135 0.1741 0.2066 0.1630 0.1988 0.0147 0.2293 
          81  1 0.0066 0.2179 0.1994 0.1676 0.2074 0.0091 0.1920 
          82  1 0.0111 0.1987 0.1867 0.1497 0.2079 0.0430 0.2028 
          83  1 0.0064 0.1953 0.2021 0.1383 0.2257 0.0063 0.2259 
          84  1 0.0138 0.1432 0.1572 0.1091 0.1824 0.2070 0.1873 
          85  1 0.0061 0.2403 0.1877 0.1920 0.1875 0.0105 0.1758 
          86  1 0.0238 0.2043 0.1995 0.1321 0.1961 0.0266 0.2177 
          87  1 0.0098 0.1916 0.2014 0.1607 0.2165 0.0289 0.1910 
          88  1 0.0081 0.1829 0.1998 0.1589 0.2092 0.0146 0.2264 
          89  1 0.0059 0.1668 0.2024 0.1341 0.2521 0.0070 0.2317 
          90  1 0.0135 0.1705 0.2168 0.0961 0.2281 0.0105 0.2645 
          91  1 0.0119 0.2267 0.2017 0.1613 0.2030 0.0195 0.1758 
          92  1 0.0533 0.1743 0.1757 0.1427 0.1593 0.1118 0.1827 
          93  1 0.0085 0.1945 0.1919 0.1638 0.2057 0.0370 0.1987 
          94  1 0.0131 0.2259 0.2024 0.1309 0.2002 0.0329 0.1947 
          95  1 0.0089 0.2713 0.1897 0.1839 0.1784 0.0111 0.1566 
          96  1 0.0211 0.2067 0.1904 0.1500 0.1997 0.0393 0.1928 
          97  1 0.0104 0.2316 0.1996 0.1591 0.1894 0.0071 0.2028 
          98  1 0.0073 0.2058 0.2022 0.1272 0.2164 0.0110 0.2301 
          99  1 0.0122 0.1976 0.1958 0.1298 0.2151 0.0090 0.2405 
         100  1 0.0646 0.1836 0.1734 0.1418 0.1892 0.0741 0.1733 
         101  1 0.0131 0.2137 0.1966 0.1306 0.2235 0.0067 0.2158 
         102  1 0.2448 0.0104 0.0114 0.0189 0.0114 0.6912 0.0119 
         103  1 0.9185 0.0098 0.0100 0.0111 0.0107 0.0291 0.0108 
         104  1 0.9501 0.0066 0.0071 0.0086 0.0071 0.0135 0.0071 
         105  1 0.2692 0.0080 0.0078 0.2418 0.0078 0.4578 0.0077 
         106  1 0.7286 0.0393 0.0384 0.0363 0.0405 0.0749 0.0422 
         107  1 0.9083 0.0102 0.0096 0.0190 0.0099 0.0322 0.0107 
         108  1 0.7097 0.0065 0.0066 0.2340 0.0064 0.0301 0.0067 
         109  1 0.7628 0.0387 0.0471 0.0331 0.0501 0.0153 0.0529 
         110  1 0.9534 0.0060 0.0061 0.0117 0.0063 0.0106 0.0059 
         111  1 0.7556 0.0196 0.0203 0.0402 0.0213 0.1221 0.0210 
         112  1 0.4780 0.0197 0.0216 0.0853 0.0215 0.3529 0.0211 
         113  1 0.8078 0.0130 0.0137 0.0838 0.0148 0.0547 0.0123 
         114  1 0.9467 0.0056 0.0062 0.0072 0.0060 0.0220 0.0063 
         115  1 0.9477 0.0065 0.0067 0.0116 0.0064 0.0144 0.0066 
         116  1 0.9290 0.0091 0.0095 0.0173 0.0097 0.0165 0.0089 
         117  1 0.4677 0.0135 0.0164 0.0217 0.0152 0.4483 0.0172 
         118  1 0.7379 0.0096 0.0098 0.0587 0.0102 0.1635 0.0103 
         119  1 0.9433 0.0060 0.0066 0.0070 0.0065 0.0242 0.0064 
