           1  1 0.0169 0.5037 0.4793 
           2  1 0.0237 0.4905 0.4857 
           3  1 0.1470 0.4122 0.4408 
           4  1 0.0137 0.4779 0.5084 
           5  1 0.0352 0.4875 0.4773 
           6  1 0.0139 0.5010 0.4850 
           7  1 0.0138 0.5064 0.4798 
           8  1 0.0128 0.4646 0.5226 
           9  1 0.0176 0.5020 0.4804 
          10  1 0.0298 0.4858 0.4844 
          11  1 0.0239 0.4960 0.4801 
          12  1 0.0164 0.4710 0.5126 
          13  1 0.0164 0.4715 0.5121 
          14  1 0.0203 0.4934 0.4864 
          15  1 0.0311 0.5163 0.4525 
          16  1 0.0288 0.4805 0.4907 
          17  1 0.0255 0.4825 0.4921 
          18  1 0.0260 0.4495 0.5245 
          19  1 0.0253 0.5162 0.4585 
          20  1 0.0682 0.4682 0.4636 
          21  1 0.0142 0.4500 0.5359 
          22  1 0.0325 0.4567 0.5108 
          23  1 0.0506 0.4631 0.4863 
          24  1 0.1389 0.4401 0.4210 
          25  1 0.1137 0.4750 0.4113 
          26  1 0.4257 0.2774 0.2969 
          27  1 0.9728 0.0133 0.0139 
          28  1 0.7752 0.1120 0.1128 
          29  1 0.5571 0.2135 0.2294 
          30  1 0.9308 0.0348 0.0343 
          31  1 0.9658 0.0171 0.0171 
          32  1 0.9245 0.0368 0.0387 
          33  1 0.4295 0.2863 0.2842 
          34  1 0.6513 0.1702 0.1785 
          35  1 0.5356 0.2341 0.2303 
          36  1 0.9799 0.0100 0.0101 
          37  1 0.9249 0.0363 0.0388 
          38  1 0.5610 0.2340 0.2050 
          39  1 0.8006 0.0942 0.1052 
          40  1 0.6147 0.1957 0.1897 
          41  1 0.1807 0.4127 0.4065 
          42  1 0.8711 0.0646 0.0644 
          43  1 0.7728 0.1199 0.1073 
          44  1 0.7822 0.1069 0.1110 
          45  1 0.9726 0.0141 0.0134 
          46  1 0.9483 0.0265 0.0253 
          47  1 0.9756 0.0123 0.0121 
          48  1 0.9810 0.0094 0.0096 
          49  1 0.9638 0.0173 0.0189 
          50  1 0.9179 0.0412 0.0409 
          51  1 0.9630 0.0197 0.0173 
          52  1 0.9450 0.0270 0.0280 
          53  1 0.8709 0.0656 0.0635 
          54  1 0.9598 0.0206 0.0196 
          55  1 0.8548 0.0771 0.0682 
          56  1 0.9394 0.0303 0.0303 
          57  1 0.8865 0.0568 0.0567 
          58  1 0.8141 0.0953 0.0906 
          59  1 0.9807 0.0095 0.0098 
          60  1 0.9454 0.0271 0.0275 
          61  1 0.8200 0.0918 0.0881 
          62  1 0.9006 0.0500 0.0494 
          63  1 0.7673 0.1195 0.1132 
          64  1 0.6677 0.1766 0.1557 
          65  1 0.9254 0.0379 0.0367 
          66  1 0.9183 0.0416 0.0401 
          67  1 0.8118 0.0931 0.0951 
          68  1 0.9126 0.0454 0.0421 
          69  1 0.8670 0.0670 0.0660 
          70  1 0.5678 0.2199 0.2123 
          71  1 0.9821 0.0090 0.0089 
          72  1 0.9332 0.0341 0.0327 
          73  1 0.9480 0.0254 0.0266 
          74  1 0.0354 0.5329 0.4317 
          75  1 0.0101 0.4504 0.5395 
          76  1 0.0107 0.5222 0.4671 
          77  1 0.0119 0.4747 0.5134 
          78  1 0.0087 0.5190 0.4722 
          79  1 0.0518 0.4934 0.4549 
          80  1 0.0267 0.4916 0.4817 
          81  1 0.0121 0.4750 0.5130 
          82  1 0.0417 0.4762 0.4821 
          83  1 0.0099 0.5288 0.4613 
          84  1 0.0709 0.4909 0.4382 
          85  1 0.0114 0.4569 0.5317 
          86  1 0.0551 0.4908 0.4541 
          87  1 0.0221 0.4760 0.5020 
          88  1 0.0167 0.5053 0.4780 
          89  1 0.0102 0.5184 0.4714 
          90  1 0.0228 0.5571 0.4201 
          91  1 0.0239 0.4677 0.5084 
          92  1 0.1966 0.4013 0.4021 
          93  1 0.0232 0.4742 0.5027 
          94  1 0.0295 0.4851 0.4854 
          95  1 0.0187 0.4489 0.5324 
          96  1 0.0507 0.4544 0.4949 
          97  1 0.0147 0.4665 0.5188 
          98  1 0.0128 0.5080 0.4793 
          99  1 0.0190 0.4822 0.4988 
         100  1 0.1838 0.4006 0.4157 
         101  1 0.0175 0.5140 0.4686 
         102  1 0.9718 0.0143 0.0139 
         103  1 0.9761 0.0124 0.0115 
         104  1 0.9814 0.0098 0.0088 
         105  1 0.9788 0.0104 0.0107 
         106  1 0.8790 0.0612 0.0598 
         107  1 0.9780 0.0111 0.0109 
         108  1 0.9817 0.0094 0.0088 
         109  1 0.8334 0.0890 0.0776 
         110  1 0.9821 0.0089 0.0090 
         111  1 0.9612 0.0193 0.0194 
         112  1 0.9574 0.0222 0.0203 
         113  1 0.9765 0.0118 0.0117 
         114  1 0.9840 0.0081 0.0078 
         115  1 0.9811 0.0100 0.0089 
         116  1 0.9760 0.0125 0.0115 
         117  1 0.9706 0.0144 0.0149 
         118  1 0.9802 0.0096 0.0101 
         119  1 0.9835 0.0082 0.0083 
