           1  1 0.1569 0.1614 0.1301 0.0081 0.1322 0.0176 0.1070 0.0266 0.1240 0.1362 
           2  1 0.1486 0.1424 0.1277 0.0091 0.1412 0.0198 0.1183 0.0292 0.1339 0.1298 
           3  1 0.1142 0.1128 0.1213 0.0210 0.1116 0.0386 0.1287 0.1053 0.1274 0.1191 
           4  1 0.1436 0.1358 0.1377 0.0063 0.1345 0.0087 0.1317 0.0308 0.1248 0.1461 
           5  1 0.1432 0.1438 0.1311 0.0120 0.1541 0.0085 0.1076 0.0411 0.1201 0.1384 
           6  1 0.0988 0.1011 0.1855 0.0090 0.1041 0.0049 0.1490 0.0326 0.2005 0.1144 
           7  1 0.1047 0.1154 0.1863 0.0087 0.1091 0.0058 0.1339 0.0281 0.1938 0.1142 
           8  1 0.1263 0.1138 0.1521 0.0068 0.1043 0.0105 0.1508 0.0196 0.1837 0.1321 
           9  1 0.1453 0.1435 0.1398 0.0064 0.1491 0.0133 0.1082 0.0369 0.1325 0.1250 
          10  1 0.1333 0.1157 0.1576 0.0138 0.1217 0.0083 0.1147 0.0394 0.1515 0.1440 
          11  1 0.1423 0.1509 0.1136 0.0098 0.1263 0.0082 0.1177 0.0332 0.1216 0.1763 
          12  1 0.0951 0.0900 0.1286 0.0065 0.1041 0.0140 0.1839 0.0245 0.1442 0.2091 
          13  1 0.1247 0.1225 0.1502 0.0094 0.1276 0.0080 0.1464 0.0263 0.1472 0.1375 
          14  1 0.1473 0.1244 0.1556 0.0085 0.1334 0.0080 0.1266 0.0415 0.1291 0.1256 
          15  1 0.1513 0.1898 0.1218 0.0148 0.1468 0.0143 0.0810 0.0279 0.1293 0.1231 
          16  1 0.1273 0.1152 0.1828 0.0107 0.1072 0.0206 0.1215 0.0350 0.1665 0.1132 
          17  1 0.1393 0.1441 0.1330 0.0110 0.1384 0.0107 0.1112 0.0375 0.1260 0.1489 
          18  1 0.1211 0.0952 0.1238 0.0098 0.1140 0.0206 0.1555 0.0353 0.1399 0.1848 
          19  1 0.1449 0.1508 0.1216 0.0074 0.1450 0.0220 0.1111 0.0377 0.1251 0.1345 
          20  1 0.1310 0.1307 0.1325 0.0206 0.1420 0.0131 0.1176 0.0546 0.1408 0.1170 
          21  1 0.0888 0.0687 0.1285 0.0058 0.1024 0.0136 0.1865 0.0279 0.1513 0.2263 
          22  1 0.0903 0.0867 0.1160 0.0117 0.1035 0.0220 0.1690 0.0302 0.1625 0.2082 
          23  1 0.1277 0.1321 0.1398 0.0248 0.1362 0.0131 0.1325 0.0413 0.1231 0.1295 
          24  1 0.1266 0.1298 0.1289 0.0177 0.1307 0.0358 0.1081 0.0933 0.1173 0.1118 
          25  1 0.1545 0.1565 0.1280 0.0264 0.1442 0.0362 0.0847 0.0344 0.1188 0.1163 
          26  1 0.0849 0.0875 0.0866 0.0905 0.0871 0.1100 0.1143 0.1101 0.1025 0.1265 
          27  1 0.0136 0.0146 0.0131 0.6456 0.0150 0.2196 0.0153 0.0355 0.0137 0.0139 
          28  1 0.0327 0.0326 0.0334 0.0486 0.0354 0.7043 0.0263 0.0238 0.0320 0.0311 
          29  1 0.0684 0.0638 0.0732 0.0272 0.0790 0.3404 0.0730 0.1404 0.0669 0.0677 
          30  1 0.0149 0.0162 0.0150 0.0404 0.0246 0.8334 0.0153 0.0114 0.0147 0.0142 
          31  1 0.0104 0.0102 0.0098 0.1200 0.0119 0.8011 0.0092 0.0079 0.0098 0.0097 
          32  1 0.0091 0.0088 0.0090 0.0081 0.0202 0.9056 0.0096 0.0111 0.0090 0.0095 
          33  1 0.0334 0.0298 0.0372 0.0073 0.0437 0.7267 0.0263 0.0199 0.0445 0.0311 
          34  1 0.0729 0.0641 0.0681 0.0474 0.0727 0.3326 0.0722 0.1337 0.0688 0.0675 
          35  1 0.0841 0.0779 0.0897 0.0378 0.0825 0.3108 0.0720 0.0777 0.0881 0.0794 
          36  1 0.0081 0.0086 0.0077 0.8579 0.0091 0.0478 0.0119 0.0334 0.0074 0.0079 
          37  1 0.0335 0.0299 0.0338 0.0745 0.0390 0.5781 0.0352 0.1157 0.0300 0.0304 
          38  1 0.1026 0.1055 0.0756 0.1413 0.1039 0.2087 0.0622 0.0375 0.0770 0.0857 
          39  1 0.0476 0.0493 0.0454 0.1301 0.0493 0.4633 0.0484 0.0712 0.0473 0.0481 
          40  1 0.0899 0.0885 0.1069 0.1378 0.0914 0.1188 0.0888 0.1016 0.0955 0.0808 
          41  1 0.1272 0.1219 0.1156 0.0379 0.1264 0.1062 0.1131 0.0324 0.0972 0.1222 
          42  1 0.0483 0.0521 0.0457 0.5311 0.0475 0.0475 0.0509 0.0723 0.0483 0.0563 
          43  1 0.0571 0.0648 0.0661 0.5182 0.0608 0.0369 0.0463 0.0348 0.0554 0.0596 
          44  1 0.0848 0.0854 0.0676 0.2950 0.0722 0.1277 0.0667 0.0694 0.0623 0.0688 
          45  1 0.0108 0.0103 0.0110 0.4282 0.0103 0.0167 0.0867 0.4051 0.0106 0.0103 
          46  1 0.0276 0.0245 0.0279 0.3751 0.0246 0.0190 0.0831 0.3704 0.0244 0.0234 
          47  1 0.0109 0.0112 0.0112 0.8662 0.0118 0.0176 0.0135 0.0366 0.0102 0.0107 
          48  1 0.0068 0.0068 0.0072 0.9132 0.0072 0.0117 0.0087 0.0248 0.0069 0.0066 
          49  1 0.0087 0.0087 0.0084 0.0456 0.0091 0.0110 0.1301 0.7595 0.0095 0.0094 
          50  1 0.0284 0.0310 0.0301 0.7089 0.0310 0.0064 0.0320 0.0770 0.0274 0.0277 
          51  1 0.0119 0.0131 0.0098 0.8530 0.0116 0.0272 0.0140 0.0383 0.0104 0.0108 
          52  1 0.0176 0.0174 0.0163 0.0725 0.0169 0.0191 0.1219 0.6841 0.0164 0.0176 
          53  1 0.0467 0.0439 0.0428 0.2136 0.0432 0.0905 0.0823 0.3561 0.0410 0.0400 
          54  1 0.0276 0.0293 0.0257 0.2176 0.0364 0.3449 0.0573 0.2111 0.0243 0.0257 
          55  1 0.0556 0.0625 0.0517 0.0809 0.0521 0.4415 0.0480 0.1072 0.0504 0.0501 
          56  1 0.0309 0.0364 0.0373 0.1250 0.0391 0.0319 0.1050 0.5308 0.0298 0.0338 
          57  1 0.0114 0.0114 0.0119 0.0159 0.0111 0.0124 0.1369 0.7657 0.0111 0.0123 
          58  1 0.0777 0.0800 0.0756 0.3332 0.0785 0.0504 0.0654 0.1034 0.0607 0.0751 
          59  1 0.0072 0.0073 0.0070 0.8981 0.0072 0.0075 0.0118 0.0397 0.0070 0.0070 
          60  1 0.0218 0.0214 0.0205 0.1772 0.0198 0.0142 0.1140 0.5704 0.0199 0.0208 
          61  1 0.0396 0.0406 0.0339 0.0443 0.0362 0.1388 0.1077 0.4963 0.0310 0.0316 
          62  1 0.0352 0.0312 0.0331 0.0695 0.0362 0.0288 0.1222 0.5828 0.0292 0.0317 
          63  1 0.0811 0.0851 0.0717 0.2559 0.0771 0.1662 0.0573 0.0686 0.0726 0.0644 
          64  1 0.0894 0.0968 0.0764 0.0221 0.0780 0.1391 0.0819 0.2663 0.0698 0.0803 
          65  1 0.0230 0.0227 0.0237 0.0267 0.0265 0.3420 0.0880 0.4050 0.0223 0.0200 
          66  1 0.0390 0.0373 0.0333 0.6595 0.0417 0.0458 0.0295 0.0477 0.0314 0.0348 
          67  1 0.0663 0.0690 0.0567 0.3876 0.0672 0.0901 0.0590 0.0841 0.0574 0.0626 
          68  1 0.0492 0.0695 0.0484 0.4076 0.0545 0.0408 0.0596 0.1835 0.0442 0.0428 
          69  1 0.0665 0.0718 0.0663 0.0473 0.0771 0.3767 0.0688 0.0999 0.0605 0.0651 
          70  1 0.0607 0.0603 0.0476 0.0362 0.0542 0.0125 0.1229 0.5046 0.0463 0.0548 
          71  1 0.0064 0.0066 0.0066 0.9165 0.0071 0.0276 0.0066 0.0091 0.0068 0.0068 
          72  1 0.0349 0.0396 0.0317 0.4018 0.0460 0.2947 0.0328 0.0494 0.0323 0.0369 
          73  1 0.0228 0.0221 0.0217 0.4397 0.0221 0.0789 0.0751 0.2740 0.0213 0.0222 
          74  1 0.1623 0.1890 0.1254 0.0119 0.1414 0.0228 0.0848 0.0262 0.1216 0.1147 
          75  1 0.1040 0.0918 0.1370 0.0049 0.1072 0.0147 0.1767 0.0179 0.1741 0.1717 
          76  1 0.1463 0.1585 0.1337 0.0058 0.1186 0.0072 0.1183 0.0273 0.1570 0.1274 
          77  1 0.1165 0.0953 0.1523 0.0054 0.1213 0.0074 0.1434 0.0391 0.1837 0.1354 
          78  1 0.1518 0.1789 0.1381 0.0048 0.1416 0.0043 0.0904 0.0230 0.1313 0.1357 
          79  1 0.1608 0.1668 0.1223 0.0288 0.1320 0.0092 0.0983 0.0295 0.1262 0.1261 
          80  1 0.1359 0.1613 0.1355 0.0106 0.1352 0.0116 0.1104 0.0327 0.1420 0.1248 
          81  1 0.1190 0.0987 0.1336 0.0053 0.1415 0.0072 0.1506 0.0517 0.1374 0.1552 
          82  1 0.1307 0.1311 0.1445 0.0075 0.1374 0.0230 0.1201 0.0455 0.1246 0.1356 
          83  1 0.1684 0.1718 0.1202 0.0064 0.1438 0.0057 0.1009 0.0177 0.1292 0.1361 
          84  1 0.1396 0.1460 0.1263 0.0117 0.1197 0.0850 0.0889 0.0554 0.1144 0.1129 
          85  1 0.1217 0.1065 0.1495 0.0051 0.1373 0.0075 0.1474 0.0281 0.1682 0.1287 
          86  1 0.1479 0.1486 0.1293 0.0211 0.1352 0.0241 0.1027 0.0239 0.1273 0.1398 
          87  1 0.1286 0.1154 0.1376 0.0084 0.1464 0.0228 0.1469 0.0289 0.1344 0.1306 
          88  1 0.1553 0.1434 0.1286 0.0070 0.1507 0.0101 0.1097 0.0288 0.1364 0.1299 
          89  1 0.1440 0.1455 0.1313 0.0053 0.1444 0.0064 0.1252 0.0308 0.1203 0.1469 
          90  1 0.1681 0.1936 0.1335 0.0108 0.1387 0.0098 0.0897 0.0222 0.1185 0.1151 
          91  1 0.1281 0.1036 0.1521 0.0090 0.1313 0.0150 0.1361 0.0332 0.1411 0.1505 
          92  1 0.1211 0.1182 0.1047 0.0427 0.1177 0.0901 0.1169 0.0321 0.1139 0.1427 
          93  1 0.1238 0.1207 0.1469 0.0069 0.1440 0.0218 0.1132 0.0268 0.1625 0.1335 
          94  1 0.1329 0.1361 0.1287 0.0114 0.1354 0.0256 0.1224 0.0294 0.1447 0.1334 
          95  1 0.1042 0.0933 0.1707 0.0074 0.1199 0.0093 0.1525 0.0345 0.1754 0.1329 
          96  1 0.1254 0.1313 0.1238 0.0139 0.1378 0.0308 0.1201 0.0510 0.1210 0.1449 
          97  1 0.1231 0.1360 0.1466 0.0106 0.1213 0.0063 0.1339 0.0199 0.1602 0.1419 
          98  1 0.1269 0.1344 0.1423 0.0068 0.1374 0.0091 0.1249 0.0205 0.1541 0.1436 
          99  1 0.1568 0.1572 0.1183 0.0105 0.1418 0.0076 0.1060 0.0228 0.1445 0.1345 
         100  1 0.1259 0.1184 0.1283 0.0487 0.1345 0.0517 0.1133 0.0411 0.1060 0.1321 
         101  1 0.1496 0.1564 0.1445 0.0115 0.1531 0.0054 0.1028 0.0327 0.1312 0.1127 
         102  1 0.0110 0.0107 0.0103 0.1453 0.0209 0.7400 0.0124 0.0275 0.0111 0.0108 
         103  1 0.0106 0.0107 0.0110 0.8798 0.0108 0.0303 0.0116 0.0138 0.0109 0.0105 
         104  1 0.0078 0.0081 0.0076 0.9205 0.0077 0.0109 0.0080 0.0151 0.0070 0.0073 
         105  1 0.0065 0.0064 0.0067 0.0681 0.0091 0.0990 0.1216 0.6698 0.0061 0.0066 
         106  1 0.0386 0.0376 0.0339 0.6628 0.0404 0.0744 0.0314 0.0186 0.0293 0.0330 
         107  1 0.0119 0.0132 0.0117 0.8320 0.0125 0.0409 0.0165 0.0377 0.0117 0.0118 
         108  1 0.0061 0.0059 0.0061 0.2313 0.0059 0.0099 0.1135 0.6098 0.0057 0.0059 
         109  1 0.0431 0.0402 0.0350 0.6943 0.0391 0.0165 0.0339 0.0247 0.0334 0.0399 
         110  1 0.0064 0.0065 0.0064 0.9199 0.0065 0.0117 0.0088 0.0213 0.0062 0.0064 
         111  1 0.0234 0.0251 0.0217 0.5862 0.0264 0.1259 0.0366 0.1080 0.0215 0.0252 
         112  1 0.0216 0.0219 0.0226 0.2529 0.0287 0.3033 0.0537 0.2517 0.0205 0.0231 
         113  1 0.0160 0.0161 0.0157 0.5648 0.0160 0.0411 0.0601 0.2390 0.0146 0.0166 
         114  1 0.0062 0.0062 0.0056 0.9208 0.0066 0.0238 0.0069 0.0125 0.0057 0.0058 
         115  1 0.0069 0.0068 0.0074 0.9064 0.0078 0.0132 0.0111 0.0260 0.0075 0.0069 
         116  1 0.0115 0.0110 0.0126 0.8567 0.0121 0.0155 0.0144 0.0433 0.0108 0.0119 
         117  1 0.0152 0.0157 0.0131 0.4898 0.0160 0.3520 0.0214 0.0488 0.0144 0.0135 
         118  1 0.0118 0.0125 0.0118 0.4778 0.0123 0.2188 0.0445 0.1892 0.0106 0.0106 
         119  1 0.0067 0.0062 0.0061 0.9179 0.0072 0.0289 0.0063 0.0090 0.0058 0.0060 
