           1  1 0.4846 0.2901 0.0117 0.2136 
           2  1 0.4459 0.2950 0.0168 0.2422 
           3  1 0.3038 0.3348 0.0465 0.3148 
           4  1 0.4593 0.2981 0.0104 0.2321 
           5  1 0.4805 0.3007 0.0285 0.1903 
           6  1 0.4926 0.2928 0.0134 0.2012 
           7  1 0.5175 0.2829 0.0111 0.1886 
           8  1 0.4655 0.3041 0.0085 0.2219 
           9  1 0.4886 0.2891 0.0114 0.2109 
          10  1 0.4988 0.2905 0.0264 0.1843 
          11  1 0.4528 0.2958 0.0171 0.2343 
          12  1 0.4148 0.3113 0.0108 0.2631 
          13  1 0.4121 0.3284 0.0141 0.2454 
          14  1 0.4902 0.2803 0.0155 0.2140 
          15  1 0.5176 0.2716 0.0277 0.1831 
          16  1 0.4374 0.2902 0.0164 0.2560 
          17  1 0.4594 0.2972 0.0216 0.2218 
          18  1 0.4142 0.3055 0.0178 0.2625 
          19  1 0.4677 0.2786 0.0146 0.2391 
          20  1 0.4353 0.3040 0.0395 0.2212 
          21  1 0.4191 0.3045 0.0100 0.2664 
          22  1 0.4130 0.3020 0.0199 0.2651 
          23  1 0.4131 0.2974 0.0388 0.2507 
          24  1 0.3006 0.3157 0.0477 0.3361 
          25  1 0.4651 0.2825 0.0618 0.1906 
          26  1 0.1704 0.3218 0.1266 0.3812 
          27  1 0.0129 0.1012 0.7440 0.1419 
          28  1 0.0389 0.3460 0.1104 0.5048 
          29  1 0.0656 0.3628 0.0607 0.5110 
          30  1 0.0179 0.3322 0.1663 0.4836 
          31  1 0.0117 0.3043 0.2233 0.4606 
          32  1 0.0127 0.3730 0.0817 0.5326 
          33  1 0.0582 0.3783 0.0293 0.5341 
          34  1 0.0447 0.3669 0.0637 0.5247 
          35  1 0.0661 0.3558 0.0508 0.5273 
          36  1 0.0087 0.0211 0.9490 0.0212 
          37  1 0.0264 0.3246 0.1800 0.4690 
          38  1 0.2348 0.2357 0.2658 0.2638 
          39  1 0.0504 0.3091 0.1819 0.4586 
          40  1 0.1677 0.2392 0.3028 0.2903 
          41  1 0.3070 0.2986 0.0646 0.3298 
          42  1 0.0531 0.0560 0.8321 0.0587 
          43  1 0.1065 0.0956 0.6802 0.1177 
          44  1 0.1191 0.1720 0.5309 0.1780 
          45  1 0.0133 0.0195 0.9504 0.0169 
          46  1 0.0304 0.0350 0.8999 0.0346 
          47  1 0.0115 0.0157 0.9559 0.0168 
          48  1 0.0080 0.0106 0.9694 0.0120 
          49  1 0.0168 0.0704 0.8349 0.0779 
          50  1 0.0275 0.0192 0.9359 0.0174 
          51  1 0.0146 0.0172 0.9516 0.0166 
          52  1 0.0276 0.1060 0.7489 0.1175 
          53  1 0.0472 0.1915 0.4765 0.2848 
          54  1 0.0206 0.2628 0.3696 0.3469 
          55  1 0.0355 0.3303 0.1704 0.4638 
          56  1 0.0479 0.1006 0.7299 0.1216 
          57  1 0.0611 0.2163 0.4686 0.2540 
          58  1 0.0907 0.0908 0.7234 0.0952 
          59  1 0.0081 0.0088 0.9742 0.0090 
          60  1 0.0259 0.0444 0.8881 0.0416 
          61  1 0.0629 0.2951 0.2745 0.3675 
          62  1 0.0493 0.1158 0.7163 0.1186 
          63  1 0.0637 0.3171 0.1926 0.4266 
          64  1 0.1037 0.3426 0.1245 0.4292 
          65  1 0.0183 0.3643 0.0974 0.5201 
          66  1 0.0260 0.0232 0.9265 0.0243 
          67  1 0.0883 0.1495 0.5818 0.1804 
          68  1 0.0538 0.1408 0.6310 0.1744 
          69  1 0.0371 0.3617 0.0905 0.5107 
          70  1 0.2034 0.1984 0.4050 0.1932 
          71  1 0.0085 0.0179 0.9483 0.0252 
          72  1 0.0446 0.1513 0.5978 0.2063 
          73  1 0.0208 0.0528 0.8672 0.0592 
          74  1 0.4996 0.2552 0.0230 0.2222 
          75  1 0.4326 0.3194 0.0067 0.2412 
          76  1 0.5249 0.2772 0.0094 0.1885 
          77  1 0.4348 0.3057 0.0086 0.2510 
          78  1 0.5369 0.2749 0.0070 0.1812 
          79  1 0.4823 0.2811 0.0508 0.1857 
          80  1 0.4967 0.2956 0.0190 0.1887 
          81  1 0.4214 0.3205 0.0095 0.2487 
          82  1 0.4358 0.2995 0.0183 0.2464 
          83  1 0.5031 0.3113 0.0084 0.1772 
          84  1 0.2891 0.3321 0.0173 0.3615 
          85  1 0.4438 0.3291 0.0083 0.2188 
          86  1 0.4549 0.2797 0.0364 0.2290 
          87  1 0.4384 0.3203 0.0142 0.2272 
          88  1 0.5188 0.2964 0.0114 0.1734 
          89  1 0.5005 0.2929 0.0082 0.1984 
          90  1 0.5552 0.2644 0.0181 0.1623 
          91  1 0.4236 0.3105 0.0167 0.2492 
          92  1 0.3511 0.2902 0.0810 0.2776 
          93  1 0.4741 0.3089 0.0117 0.2053 
          94  1 0.4602 0.3015 0.0181 0.2202 
          95  1 0.4269 0.3186 0.0127 0.2418 
          96  1 0.4110 0.3045 0.0328 0.2516 
          97  1 0.4788 0.2896 0.0141 0.2176 
          98  1 0.4963 0.3070 0.0105 0.1862 
          99  1 0.4895 0.2945 0.0174 0.1986 
         100  1 0.3499 0.2726 0.1012 0.2763 
         101  1 0.5129 0.2886 0.0170 0.1816 
         102  1 0.0128 0.1934 0.5068 0.2870 
         103  1 0.0114 0.0199 0.9474 0.0213 
         104  1 0.0077 0.0102 0.9713 0.0108 
         105  1 0.0097 0.2137 0.4895 0.2871 
         106  1 0.0542 0.0593 0.8245 0.0621 
         107  1 0.0104 0.0180 0.9516 0.0199 
         108  1 0.0079 0.0333 0.9257 0.0331 
         109  1 0.0663 0.0471 0.8447 0.0419 
         110  1 0.0067 0.0082 0.9751 0.0099 
         111  1 0.0202 0.0526 0.8518 0.0755 
         112  1 0.0201 0.1181 0.6946 0.1672 
         113  1 0.0122 0.0359 0.9046 0.0473 
         114  1 0.0067 0.0113 0.9670 0.0150 
         115  1 0.0078 0.0109 0.9701 0.0112 
         116  1 0.0096 0.0142 0.9614 0.0149 
         117  1 0.0162 0.1786 0.5407 0.2644 
         118  1 0.0101 0.0529 0.8648 0.0723 
         119  1 0.0069 0.0115 0.9679 0.0137 
