           1  1 0.1616 0.1481 0.0164 0.0122 0.1587 0.1528 0.1939 0.1483 0.0080 
           2  1 0.1775 0.1510 0.0201 0.0253 0.1479 0.1422 0.1574 0.1697 0.0089 
           3  1 0.1238 0.1396 0.0520 0.1119 0.1458 0.1282 0.1330 0.1449 0.0206 
           4  1 0.1536 0.1512 0.0096 0.0183 0.2044 0.1555 0.1491 0.1515 0.0067 
           5  1 0.1947 0.1528 0.0093 0.0254 0.1389 0.1295 0.1873 0.1485 0.0135 
           6  1 0.1295 0.1466 0.0049 0.0146 0.1511 0.2642 0.1170 0.1630 0.0089 
           7  1 0.1373 0.1436 0.0065 0.0124 0.1552 0.2667 0.1136 0.1563 0.0084 
           8  1 0.1220 0.1594 0.0100 0.0155 0.1559 0.2008 0.1249 0.2048 0.0068 
           9  1 0.1671 0.1391 0.0138 0.0259 0.1603 0.1538 0.1856 0.1480 0.0063 
          10  1 0.1513 0.1578 0.0087 0.0250 0.1516 0.2045 0.1502 0.1376 0.0133 
          11  1 0.1528 0.1661 0.0083 0.0241 0.1677 0.1432 0.1773 0.1512 0.0092 
          12  1 0.1118 0.1669 0.0144 0.0203 0.1854 0.1581 0.1027 0.2338 0.0066 
          13  1 0.1371 0.1641 0.0083 0.0187 0.1770 0.1860 0.1293 0.1693 0.0103 
          14  1 0.1445 0.1800 0.0098 0.0356 0.1534 0.1799 0.1436 0.1448 0.0084 
          15  1 0.2043 0.1352 0.0144 0.0209 0.1385 0.1273 0.2071 0.1378 0.0145 
          16  1 0.1362 0.1654 0.0207 0.0294 0.1316 0.2252 0.1310 0.1503 0.0101 
          17  1 0.1622 0.1596 0.0121 0.0266 0.1468 0.1671 0.1806 0.1342 0.0109 
          18  1 0.1130 0.1643 0.0213 0.0233 0.1761 0.1594 0.1189 0.2135 0.0103 
          19  1 0.1601 0.1570 0.0255 0.0249 0.1570 0.1428 0.1691 0.1556 0.0080 
          20  1 0.1531 0.1409 0.0160 0.0435 0.1624 0.1553 0.1577 0.1484 0.0226 
          21  1 0.0939 0.1723 0.0126 0.0230 0.1901 0.1725 0.0817 0.2478 0.0061 
          22  1 0.0905 0.1785 0.0226 0.0264 0.1748 0.1689 0.0979 0.2277 0.0126 
          23  1 0.1412 0.1695 0.0135 0.0268 0.1663 0.1582 0.1438 0.1535 0.0272 
          24  1 0.1475 0.1432 0.0433 0.1010 0.1281 0.1213 0.1534 0.1417 0.0204 
          25  1 0.1590 0.1471 0.0460 0.0214 0.1330 0.1367 0.1883 0.1400 0.0285 
          26  1 0.0995 0.1118 0.1174 0.1246 0.1105 0.1109 0.0948 0.1377 0.0929 
          27  1 0.0138 0.0139 0.2150 0.0429 0.0126 0.0120 0.0127 0.0122 0.6650 
          28  1 0.0295 0.0308 0.7390 0.0253 0.0274 0.0334 0.0323 0.0309 0.0513 
          29  1 0.0642 0.0619 0.4352 0.1630 0.0647 0.0577 0.0633 0.0654 0.0245 
          30  1 0.0140 0.0151 0.8632 0.0104 0.0131 0.0123 0.0135 0.0134 0.0449 
          31  1 0.0094 0.0091 0.8082 0.0094 0.0089 0.0085 0.0100 0.0090 0.1275 
          32  1 0.0078 0.0085 0.9283 0.0119 0.0086 0.0085 0.0081 0.0090 0.0095 
          33  1 0.0308 0.0324 0.7778 0.0180 0.0299 0.0443 0.0306 0.0297 0.0066 
          34  1 0.0602 0.0664 0.4410 0.1452 0.0650 0.0509 0.0620 0.0661 0.0432 
          35  1 0.0877 0.0882 0.3643 0.0947 0.0811 0.0743 0.0763 0.0975 0.0360 
          36  1 0.0078 0.0074 0.0395 0.0334 0.0074 0.0077 0.0080 0.0073 0.8816 
          37  1 0.0287 0.0300 0.6479 0.1042 0.0270 0.0272 0.0281 0.0323 0.0745 
          38  1 0.1199 0.1044 0.2117 0.0285 0.0831 0.0883 0.1152 0.0901 0.1588 
          39  1 0.0422 0.0391 0.5726 0.0692 0.0397 0.0395 0.0390 0.0461 0.1125 
          40  1 0.1035 0.0952 0.1524 0.1295 0.0862 0.1019 0.0933 0.0996 0.1382 
          41  1 0.1279 0.1314 0.1266 0.0259 0.1504 0.1239 0.1443 0.1336 0.0361 
          42  1 0.0466 0.0520 0.0365 0.0654 0.0469 0.0397 0.0490 0.0436 0.6203 
          43  1 0.0691 0.0673 0.0331 0.0353 0.0561 0.0642 0.0682 0.0555 0.5513 
          44  1 0.0955 0.0767 0.1412 0.0682 0.0762 0.0700 0.0998 0.0672 0.3051 
          45  1 0.0113 0.0174 0.0138 0.3819 0.0106 0.0105 0.0108 0.0105 0.5331 
          46  1 0.0266 0.0369 0.0178 0.3798 0.0235 0.0270 0.0269 0.0227 0.4388 
          47  1 0.0103 0.0117 0.0187 0.0264 0.0098 0.0097 0.0101 0.0099 0.8933 
          48  1 0.0062 0.0074 0.0115 0.0193 0.0061 0.0064 0.0064 0.0063 0.9304 
          49  1 0.0095 0.0178 0.0157 0.8131 0.0089 0.0091 0.0095 0.0089 0.1074 
          50  1 0.0270 0.0318 0.0056 0.0687 0.0264 0.0244 0.0279 0.0285 0.7598 
          51  1 0.0118 0.0106 0.0224 0.0287 0.0101 0.0094 0.0127 0.0096 0.8847 
          52  1 0.0176 0.0232 0.0274 0.7440 0.0173 0.0177 0.0192 0.0176 0.1160 
          53  1 0.0442 0.0414 0.1292 0.4158 0.0419 0.0349 0.0455 0.0428 0.2043 
          54  1 0.0255 0.0242 0.4271 0.2104 0.0256 0.0237 0.0251 0.0236 0.2149 
          55  1 0.0479 0.0401 0.5585 0.1086 0.0402 0.0430 0.0455 0.0379 0.0783 
          56  1 0.0330 0.0353 0.0450 0.6162 0.0323 0.0316 0.0317 0.0300 0.1450 
          57  1 0.0146 0.0148 0.0187 0.8674 0.0138 0.0132 0.0129 0.0159 0.0287 
          58  1 0.0811 0.0835 0.0532 0.1073 0.0643 0.0706 0.0869 0.0649 0.3882 
          59  1 0.0067 0.0083 0.0075 0.0330 0.0067 0.0065 0.0071 0.0066 0.9175 
          60  1 0.0214 0.0223 0.0148 0.6527 0.0186 0.0179 0.0210 0.0192 0.2122 
          61  1 0.0381 0.0341 0.1565 0.5770 0.0318 0.0318 0.0421 0.0330 0.0557 
          62  1 0.0333 0.0301 0.0324 0.6602 0.0325 0.0301 0.0297 0.0325 0.1191 
          63  1 0.0834 0.0691 0.2596 0.0738 0.0633 0.0592 0.0814 0.0595 0.2506 
          64  1 0.0918 0.0859 0.1827 0.2807 0.0700 0.0749 0.1109 0.0764 0.0266 
          65  1 0.0214 0.0207 0.4133 0.4344 0.0193 0.0208 0.0201 0.0244 0.0255 
          66  1 0.0288 0.0420 0.0291 0.0323 0.0255 0.0260 0.0343 0.0314 0.7507 
          67  1 0.0729 0.0679 0.0967 0.0862 0.0641 0.0592 0.0763 0.0556 0.4211 
          68  1 0.0605 0.0518 0.0623 0.1965 0.0447 0.0417 0.0633 0.0438 0.4354 
          69  1 0.0645 0.0629 0.4908 0.1128 0.0541 0.0550 0.0591 0.0560 0.0447 
          70  1 0.0621 0.0567 0.0164 0.5954 0.0541 0.0493 0.0683 0.0542 0.0435 
          71  1 0.0061 0.0059 0.0250 0.0080 0.0059 0.0062 0.0065 0.0060 0.9304 
          72  1 0.0342 0.0336 0.3410 0.0516 0.0333 0.0288 0.0368 0.0327 0.4080 
          73  1 0.0208 0.0217 0.0876 0.3206 0.0191 0.0204 0.0209 0.0221 0.4668 
          74  1 0.1870 0.1500 0.0217 0.0278 0.1226 0.1348 0.2239 0.1188 0.0134 
          75  1 0.1179 0.1659 0.0129 0.0141 0.1861 0.1870 0.1005 0.2107 0.0049 
          76  1 0.1891 0.1395 0.0076 0.0135 0.1449 0.1890 0.1911 0.1200 0.0055 
          77  1 0.1404 0.1550 0.0083 0.0305 0.1654 0.2233 0.1113 0.1605 0.0054 
          78  1 0.2028 0.1593 0.0045 0.0106 0.1392 0.1232 0.2171 0.1388 0.0044 
          79  1 0.1982 0.1521 0.0104 0.0187 0.1471 0.1233 0.1892 0.1319 0.0291 
          80  1 0.1660 0.1340 0.0104 0.0290 0.1646 0.1517 0.1750 0.1587 0.0107 
          81  1 0.1315 0.1437 0.0076 0.0307 0.1976 0.1744 0.1279 0.1809 0.0057 
          82  1 0.1813 0.1629 0.0266 0.0443 0.1423 0.1302 0.1567 0.1476 0.0081 
          83  1 0.1798 0.1497 0.0055 0.0089 0.1466 0.1495 0.2089 0.1446 0.0064 
          84  1 0.1506 0.1343 0.1212 0.0401 0.1337 0.1200 0.1440 0.1440 0.0120 
          85  1 0.1295 0.1606 0.0088 0.0179 0.1996 0.1572 0.1279 0.1933 0.0052 
          86  1 0.1648 0.1429 0.0234 0.0204 0.1451 0.1386 0.1809 0.1593 0.0245 
          87  1 0.1734 0.1565 0.0265 0.0138 0.1625 0.1489 0.1479 0.1618 0.0086 
          88  1 0.1755 0.1456 0.0115 0.0169 0.1861 0.1522 0.1669 0.1386 0.0067 
          89  1 0.1673 0.1569 0.0070 0.0113 0.1599 0.1768 0.1661 0.1493 0.0054 
          90  1 0.2011 0.1617 0.0104 0.0140 0.1273 0.1359 0.2317 0.1066 0.0113 
          91  1 0.1305 0.1607 0.0146 0.0272 0.1648 0.1964 0.1335 0.1630 0.0093 
          92  1 0.1360 0.1408 0.0816 0.0304 0.1373 0.1319 0.1421 0.1535 0.0463 
          93  1 0.1475 0.1455 0.0265 0.0182 0.1780 0.1779 0.1463 0.1526 0.0075 
          94  1 0.1417 0.1657 0.0279 0.0223 0.1436 0.1582 0.1519 0.1767 0.0120 
          95  1 0.1193 0.1718 0.0089 0.0269 0.1649 0.2047 0.1043 0.1924 0.0068 
          96  1 0.1367 0.1597 0.0322 0.0417 0.1721 0.1529 0.1386 0.1507 0.0154 
          97  1 0.1444 0.1599 0.0061 0.0130 0.1606 0.1824 0.1453 0.1788 0.0097 
          98  1 0.1678 0.1751 0.0093 0.0115 0.1536 0.1481 0.1580 0.1694 0.0072 
          99  1 0.1837 0.1634 0.0079 0.0173 0.1524 0.1472 0.1746 0.1432 0.0105 
         100  1 0.1490 0.1416 0.0533 0.0366 0.1494 0.1298 0.1359 0.1493 0.0551 
         101  1 0.1866 0.1643 0.0060 0.0199 0.1352 0.1516 0.1718 0.1522 0.0123 
         102  1 0.0104 0.0108 0.7410 0.0297 0.0108 0.0091 0.0104 0.0099 0.1679 
         103  1 0.0106 0.0097 0.0245 0.0135 0.0102 0.0092 0.0107 0.0095 0.9020 
         104  1 0.0068 0.0070 0.0108 0.0127 0.0071 0.0067 0.0072 0.0066 0.9352 
         105  1 0.0062 0.0062 0.1635 0.7216 0.0064 0.0062 0.0066 0.0061 0.0771 
         106  1 0.0331 0.0366 0.0684 0.0159 0.0396 0.0321 0.0346 0.0360 0.7037 
         107  1 0.0113 0.0111 0.0305 0.0384 0.0111 0.0107 0.0116 0.0116 0.8638 
         108  1 0.0060 0.0055 0.0102 0.6900 0.0052 0.0053 0.0058 0.0056 0.2664 
         109  1 0.0447 0.0389 0.0141 0.0203 0.0361 0.0353 0.0424 0.0327 0.7355 
         110  1 0.0060 0.0062 0.0095 0.0208 0.0060 0.0058 0.0060 0.0057 0.9341 
         111  1 0.0197 0.0260 0.1374 0.1180 0.0207 0.0194 0.0219 0.0217 0.6153 
         112  1 0.0208 0.0287 0.3384 0.2532 0.0213 0.0188 0.0207 0.0180 0.2800 
         113  1 0.0151 0.0149 0.0410 0.2786 0.0140 0.0144 0.0140 0.0144 0.5936 
         114  1 0.0059 0.0054 0.0199 0.0106 0.0055 0.0055 0.0057 0.0052 0.9362 
         115  1 0.0065 0.0067 0.0116 0.0219 0.0069 0.0064 0.0063 0.0067 0.9269 
         116  1 0.0116 0.0114 0.0147 0.0384 0.0104 0.0094 0.0106 0.0098 0.8837 
         117  1 0.0143 0.0143 0.3480 0.0507 0.0137 0.0130 0.0146 0.0145 0.5170 
         118  1 0.0113 0.0113 0.1874 0.1798 0.0105 0.0111 0.0121 0.0094 0.5673 
         119  1 0.0061 0.0058 0.0241 0.0082 0.0056 0.0060 0.0059 0.0056 0.9327 
