           1  1 0.2753 0.0164 0.2313 0.2323 0.2357 0.0089 
           2  1 0.2549 0.0276 0.2283 0.2390 0.2388 0.0115 
           3  1 0.1898 0.1689 0.2060 0.2170 0.1813 0.0371 
           4  1 0.2553 0.0108 0.2593 0.2280 0.2384 0.0082 
           5  1 0.2532 0.0146 0.2574 0.2050 0.2487 0.0212 
           6  1 0.2388 0.0062 0.2345 0.2623 0.2469 0.0113 
           7  1 0.2520 0.0077 0.2410 0.2497 0.2401 0.0095 
           8  1 0.2064 0.0113 0.2574 0.2925 0.2250 0.0073 
           9  1 0.2466 0.0236 0.2219 0.2446 0.2544 0.0088 
          10  1 0.2568 0.0139 0.2468 0.2129 0.2504 0.0193 
          11  1 0.2447 0.0118 0.2620 0.2288 0.2387 0.0140 
          12  1 0.2220 0.0180 0.2428 0.3021 0.2064 0.0087 
          13  1 0.2388 0.0102 0.2409 0.2533 0.2457 0.0110 
          14  1 0.2415 0.0147 0.2523 0.2300 0.2494 0.0121 
          15  1 0.2555 0.0195 0.2385 0.2071 0.2591 0.0203 
          16  1 0.2075 0.0308 0.2307 0.2837 0.2335 0.0137 
          17  1 0.2419 0.0139 0.2421 0.2289 0.2573 0.0160 
          18  1 0.2222 0.0230 0.2380 0.3037 0.1997 0.0134 
          19  1 0.2624 0.0352 0.2157 0.2343 0.2409 0.0115 
          20  1 0.2226 0.0386 0.2299 0.2290 0.2470 0.0329 
          21  1 0.2349 0.0162 0.2342 0.3170 0.1899 0.0078 
          22  1 0.2058 0.0318 0.2405 0.3157 0.1900 0.0161 
          23  1 0.2469 0.0198 0.2369 0.2251 0.2424 0.0289 
          24  1 0.1873 0.1665 0.2093 0.1965 0.2077 0.0327 
          25  1 0.2611 0.0568 0.2081 0.2057 0.2267 0.0415 
          26  1 0.1385 0.3261 0.1422 0.1540 0.1219 0.1173 
          27  1 0.0131 0.3055 0.0117 0.0125 0.0123 0.6448 
          28  1 0.0341 0.7946 0.0368 0.0318 0.0317 0.0710 
          29  1 0.0638 0.7041 0.0671 0.0631 0.0626 0.0393 
          30  1 0.0160 0.8390 0.0166 0.0171 0.0151 0.0962 
          31  1 0.0109 0.8293 0.0095 0.0102 0.0106 0.1295 
          32  1 0.0122 0.9212 0.0103 0.0117 0.0106 0.0340 
          33  1 0.0448 0.8041 0.0447 0.0460 0.0481 0.0124 
          34  1 0.0535 0.7421 0.0524 0.0524 0.0538 0.0458 
          35  1 0.0832 0.6364 0.0861 0.0773 0.0765 0.0406 
          36  1 0.0079 0.0553 0.0083 0.0078 0.0081 0.9126 
          37  1 0.0243 0.7735 0.0281 0.0271 0.0252 0.1218 
          38  1 0.1486 0.2295 0.1320 0.1322 0.1451 0.2125 
          39  1 0.0457 0.6723 0.0465 0.0522 0.0445 0.1388 
          40  1 0.1236 0.2260 0.1199 0.1421 0.1346 0.2539 
          41  1 0.2192 0.1745 0.1868 0.1829 0.1915 0.0450 
          42  1 0.0493 0.0451 0.0430 0.0474 0.0481 0.7671 
          43  1 0.0818 0.0591 0.0838 0.0740 0.0813 0.6200 
          44  1 0.1014 0.1934 0.0911 0.0926 0.0984 0.4232 
          45  1 0.0111 0.0317 0.0116 0.0122 0.0120 0.9214 
          46  1 0.0290 0.0393 0.0281 0.0297 0.0277 0.8462 
          47  1 0.0103 0.0238 0.0102 0.0103 0.0111 0.9344 
          48  1 0.0073 0.0145 0.0074 0.0078 0.0073 0.9558 
          49  1 0.0176 0.1210 0.0162 0.0167 0.0165 0.8121 
          50  1 0.0235 0.0114 0.0232 0.0236 0.0220 0.8963 
          51  1 0.0124 0.0219 0.0116 0.0117 0.0131 0.9293 
          52  1 0.0264 0.1754 0.0333 0.0286 0.0299 0.7064 
          53  1 0.0499 0.3389 0.0479 0.0446 0.0491 0.4696 
          54  1 0.0208 0.6311 0.0209 0.0190 0.0216 0.2866 
          55  1 0.0412 0.7395 0.0338 0.0302 0.0370 0.1184 
          56  1 0.0516 0.1538 0.0582 0.0557 0.0564 0.6244 
          57  1 0.0784 0.3164 0.0810 0.0817 0.0759 0.3667 
          58  1 0.0842 0.0731 0.0754 0.0689 0.0822 0.6161 
          59  1 0.0064 0.0121 0.0070 0.0064 0.0066 0.9616 
          60  1 0.0282 0.0592 0.0274 0.0275 0.0250 0.8326 
          61  1 0.0519 0.5803 0.0537 0.0490 0.0542 0.2109 
          62  1 0.0514 0.1716 0.0531 0.0555 0.0535 0.6149 
          63  1 0.0640 0.5463 0.0649 0.0614 0.0709 0.1925 
          64  1 0.1162 0.4917 0.1004 0.0883 0.1127 0.0907 
          65  1 0.0187 0.8647 0.0227 0.0199 0.0203 0.0537 
          66  1 0.0265 0.0291 0.0228 0.0257 0.0261 0.8699 
          67  1 0.0799 0.1734 0.0772 0.0704 0.0777 0.5215 
          68  1 0.0487 0.1827 0.0516 0.0438 0.0546 0.6188 
          69  1 0.0479 0.7671 0.0445 0.0420 0.0418 0.0567 
          70  1 0.1512 0.1324 0.1383 0.1374 0.1514 0.2893 
          71  1 0.0081 0.0412 0.0076 0.0075 0.0074 0.9283 
          72  1 0.0349 0.3541 0.0350 0.0336 0.0366 0.5058 
          73  1 0.0179 0.1157 0.0203 0.0206 0.0196 0.8058 
          74  1 0.2677 0.0340 0.2226 0.2102 0.2488 0.0167 
          75  1 0.2176 0.0133 0.2598 0.2927 0.2107 0.0059 
          76  1 0.2714 0.0089 0.2368 0.1975 0.2780 0.0074 
          77  1 0.2401 0.0145 0.2289 0.2590 0.2509 0.0066 
          78  1 0.2555 0.0059 0.2541 0.2159 0.2625 0.0061 
          79  1 0.2547 0.0147 0.2168 0.2073 0.2679 0.0386 
          80  1 0.2244 0.0184 0.2303 0.2491 0.2621 0.0157 
          81  1 0.2266 0.0112 0.2565 0.2587 0.2393 0.0076 
          82  1 0.2452 0.0540 0.2474 0.2050 0.2347 0.0136 
          83  1 0.2567 0.0067 0.2560 0.2036 0.2698 0.0071 
          84  1 0.1879 0.2505 0.1771 0.1676 0.2021 0.0147 
          85  1 0.2208 0.0128 0.2440 0.2690 0.2470 0.0064 
          86  1 0.2548 0.0304 0.2214 0.2427 0.2261 0.0246 
          87  1 0.2552 0.0304 0.2415 0.2113 0.2506 0.0109 
          88  1 0.2519 0.0171 0.2597 0.2031 0.2593 0.0088 
          89  1 0.2599 0.0078 0.2390 0.2250 0.2618 0.0064 
          90  1 0.2664 0.0108 0.2332 0.2106 0.2654 0.0137 
          91  1 0.2498 0.0202 0.2355 0.2494 0.2319 0.0132 
          92  1 0.2107 0.1217 0.1974 0.2260 0.1847 0.0595 
          93  1 0.2318 0.0399 0.2475 0.2110 0.2606 0.0093 
          94  1 0.2403 0.0335 0.2430 0.2517 0.2175 0.0140 
          95  1 0.2033 0.0132 0.2552 0.3056 0.2133 0.0095 
          96  1 0.2390 0.0395 0.2345 0.2322 0.2289 0.0260 
          97  1 0.2017 0.0077 0.2586 0.2885 0.2324 0.0112 
          98  1 0.2349 0.0116 0.2655 0.2441 0.2356 0.0083 
          99  1 0.2499 0.0109 0.2428 0.2244 0.2574 0.0146 
         100  1 0.2338 0.0904 0.1977 0.2082 0.1971 0.0729 
         101  1 0.2379 0.0079 0.2310 0.2365 0.2725 0.0142 
         102  1 0.0110 0.6484 0.0114 0.0111 0.0117 0.3064 
         103  1 0.0113 0.0305 0.0101 0.0104 0.0104 0.9273 
         104  1 0.0077 0.0127 0.0073 0.0070 0.0075 0.9578 
         105  1 0.0082 0.6009 0.0092 0.0086 0.0089 0.3641 
         106  1 0.0423 0.0694 0.0436 0.0430 0.0421 0.7597 
         107  1 0.0096 0.0316 0.0085 0.0092 0.0098 0.9313 
         108  1 0.0073 0.0551 0.0073 0.0069 0.0075 0.9159 
         109  1 0.0511 0.0173 0.0457 0.0466 0.0543 0.7849 
         110  1 0.0062 0.0118 0.0057 0.0064 0.0063 0.9636 
         111  1 0.0208 0.1324 0.0216 0.0204 0.0193 0.7855 
         112  1 0.0205 0.3704 0.0203 0.0218 0.0198 0.5472 
         113  1 0.0138 0.0639 0.0140 0.0137 0.0141 0.8805 
         114  1 0.0060 0.0230 0.0058 0.0060 0.0057 0.9536 
         115  1 0.0072 0.0159 0.0068 0.0068 0.0066 0.9567 
         116  1 0.0091 0.0218 0.0085 0.0090 0.0087 0.9430 
         117  1 0.0162 0.4904 0.0148 0.0155 0.0145 0.4486 
         118  1 0.0102 0.1559 0.0093 0.0091 0.0096 0.8059 
         119  1 0.0065 0.0233 0.0065 0.0064 0.0067 0.9506 
