           1  1 0.0102 0.2924 0.3376 0.3419 0.0179 
           2  1 0.0140 0.3298 0.3054 0.3182 0.0326 
           3  1 0.0355 0.2507 0.2503 0.2450 0.2184 
           4  1 0.0090 0.3305 0.3022 0.3455 0.0128 
           5  1 0.0232 0.3092 0.3093 0.3412 0.0172 
           6  1 0.0122 0.3696 0.3181 0.2928 0.0073 
           7  1 0.0101 0.3636 0.3285 0.2889 0.0089 
           8  1 0.0079 0.3086 0.3605 0.3108 0.0121 
           9  1 0.0093 0.2977 0.3020 0.3632 0.0278 
          10  1 0.0209 0.3032 0.3127 0.3480 0.0152 
          11  1 0.0138 0.3198 0.3158 0.3366 0.0140 
          12  1 0.0092 0.3214 0.3508 0.2984 0.0203 
          13  1 0.0131 0.3650 0.3121 0.2989 0.0109 
          14  1 0.0130 0.3263 0.3267 0.3169 0.0172 
          15  1 0.0254 0.2921 0.3384 0.3231 0.0210 
          16  1 0.0148 0.3271 0.3510 0.2707 0.0364 
          17  1 0.0181 0.3126 0.3094 0.3451 0.0149 
          18  1 0.0164 0.3614 0.3019 0.2956 0.0248 
          19  1 0.0125 0.3439 0.2972 0.3040 0.0424 
          20  1 0.0349 0.3238 0.2822 0.3021 0.0569 
          21  1 0.0092 0.3569 0.3120 0.3033 0.0186 
          22  1 0.0190 0.3348 0.3372 0.2749 0.0341 
          23  1 0.0353 0.3424 0.3016 0.2996 0.0210 
          24  1 0.0373 0.2287 0.2503 0.2474 0.2363 
          25  1 0.0490 0.2786 0.2849 0.3228 0.0648 
          26  1 0.1119 0.1539 0.1673 0.1570 0.4099 
          27  1 0.6789 0.0126 0.0128 0.0129 0.2827 
          28  1 0.0589 0.0322 0.0312 0.0336 0.8441 
          29  1 0.0377 0.0594 0.0603 0.0685 0.7741 
          30  1 0.0966 0.0154 0.0165 0.0169 0.8547 
          31  1 0.1388 0.0105 0.0109 0.0102 0.8297 
          32  1 0.0250 0.0113 0.0110 0.0102 0.9425 
          33  1 0.0123 0.0466 0.0478 0.0412 0.8521 
          34  1 0.0370 0.0456 0.0417 0.0499 0.8259 
          35  1 0.0355 0.0860 0.0756 0.0785 0.7244 
          36  1 0.9357 0.0083 0.0081 0.0082 0.0398 
          37  1 0.1233 0.0263 0.0242 0.0243 0.8019 
          38  1 0.2441 0.1530 0.1654 0.1667 0.2709 
          39  1 0.1317 0.0500 0.0451 0.0452 0.7279 
          40  1 0.2726 0.1384 0.1416 0.1413 0.3062 
          41  1 0.0512 0.2332 0.2268 0.2654 0.2234 
          42  1 0.8097 0.0494 0.0472 0.0459 0.0478 
          43  1 0.6490 0.0886 0.0955 0.0936 0.0733 
          44  1 0.4691 0.0937 0.1031 0.1044 0.2296 
          45  1 0.9360 0.0122 0.0125 0.0129 0.0263 
          46  1 0.8727 0.0308 0.0320 0.0302 0.0343 
          47  1 0.9485 0.0101 0.0102 0.0108 0.0204 
          48  1 0.9639 0.0074 0.0073 0.0074 0.0139 
          49  1 0.8305 0.0138 0.0157 0.0152 0.1249 
          50  1 0.9208 0.0233 0.0245 0.0235 0.0080 
          51  1 0.9396 0.0122 0.0135 0.0123 0.0224 
          52  1 0.7298 0.0272 0.0275 0.0295 0.1861 
          53  1 0.4799 0.0507 0.0421 0.0496 0.3777 
          54  1 0.2800 0.0198 0.0192 0.0196 0.6614 
          55  1 0.1100 0.0287 0.0313 0.0304 0.7996 
          56  1 0.6655 0.0546 0.0457 0.0511 0.1830 
          57  1 0.4039 0.0722 0.0663 0.0735 0.3841 
          58  1 0.6894 0.0736 0.0820 0.0771 0.0779 
          59  1 0.9710 0.0066 0.0066 0.0066 0.0092 
          60  1 0.8619 0.0266 0.0268 0.0267 0.0580 
          61  1 0.1909 0.0538 0.0524 0.0529 0.6501 
          62  1 0.6611 0.0548 0.0535 0.0508 0.1798 
          63  1 0.1472 0.0564 0.0569 0.0537 0.6858 
          64  1 0.0836 0.0906 0.1084 0.0985 0.6189 
          65  1 0.0436 0.0164 0.0170 0.0183 0.9046 
          66  1 0.9116 0.0207 0.0210 0.0230 0.0237 
          67  1 0.5670 0.0786 0.0824 0.0808 0.1912 
          68  1 0.6161 0.0467 0.0495 0.0494 0.2382 
          69  1 0.0537 0.0364 0.0340 0.0326 0.8433 
          70  1 0.3421 0.1460 0.1602 0.1689 0.1829 
          71  1 0.9400 0.0072 0.0073 0.0076 0.0379 
          72  1 0.5056 0.0369 0.0368 0.0366 0.3841 
          73  1 0.8354 0.0196 0.0196 0.0190 0.1064 
          74  1 0.0171 0.2824 0.3442 0.3176 0.0388 
          75  1 0.0060 0.3383 0.3271 0.3158 0.0127 
          76  1 0.0077 0.3225 0.3301 0.3297 0.0100 
          77  1 0.0075 0.3961 0.2980 0.2801 0.0182 
          78  1 0.0061 0.3220 0.3170 0.3484 0.0065 
          79  1 0.0432 0.2999 0.3146 0.3258 0.0165 
          80  1 0.0165 0.3163 0.3319 0.3140 0.0212 
          81  1 0.0082 0.3482 0.2778 0.3541 0.0117 
          82  1 0.0140 0.2912 0.2962 0.3182 0.0804 
          83  1 0.0073 0.3237 0.3304 0.3316 0.0071 
          84  1 0.0152 0.1948 0.2153 0.2168 0.3580 
          85  1 0.0071 0.3383 0.3089 0.3288 0.0169 
          86  1 0.0318 0.3078 0.3266 0.2987 0.0352 
          87  1 0.0111 0.3192 0.2914 0.3384 0.0398 
          88  1 0.0102 0.3473 0.2978 0.3262 0.0184 
          89  1 0.0073 0.2984 0.2967 0.3896 0.0081 
          90  1 0.0163 0.2921 0.3436 0.3358 0.0121 
          91  1 0.0158 0.3061 0.3299 0.3256 0.0227 
          92  1 0.0680 0.2602 0.2690 0.2705 0.1323 
          93  1 0.0099 0.3207 0.3011 0.3207 0.0476 
          94  1 0.0152 0.2863 0.3502 0.3089 0.0393 
          95  1 0.0102 0.3434 0.3321 0.2990 0.0153 
          96  1 0.0286 0.3353 0.2764 0.3135 0.0463 
          97  1 0.0127 0.3027 0.3452 0.3310 0.0084 
          98  1 0.0084 0.2850 0.3534 0.3398 0.0133 
          99  1 0.0153 0.3438 0.3059 0.3235 0.0115 
         100  1 0.0866 0.2635 0.2461 0.2980 0.1057 
         101  1 0.0148 0.2954 0.3461 0.3344 0.0094 
         102  1 0.3511 0.0117 0.0112 0.0113 0.6147 
         103  1 0.9402 0.0111 0.0102 0.0101 0.0283 
         104  1 0.9647 0.0070 0.0073 0.0070 0.0140 
         105  1 0.3752 0.0093 0.0082 0.0084 0.5989 
         106  1 0.7911 0.0472 0.0487 0.0487 0.0644 
         107  1 0.9440 0.0096 0.0094 0.0092 0.0278 
         108  1 0.9245 0.0071 0.0070 0.0072 0.0542 
         109  1 0.8176 0.0541 0.0544 0.0544 0.0195 
         110  1 0.9705 0.0063 0.0062 0.0064 0.0106 
         111  1 0.8121 0.0210 0.0203 0.0195 0.1270 
         112  1 0.5973 0.0205 0.0210 0.0209 0.3403 
         113  1 0.8917 0.0130 0.0129 0.0138 0.0687 
         114  1 0.9601 0.0057 0.0061 0.0059 0.0222 
         115  1 0.9620 0.0070 0.0073 0.0071 0.0166 
         116  1 0.9564 0.0083 0.0084 0.0085 0.0184 
         117  1 0.4650 0.0146 0.0158 0.0149 0.4898 
         118  1 0.8292 0.0099 0.0099 0.0096 0.1414 
         119  1 0.9574 0.0066 0.0063 0.0066 0.0232 
