           1  1 0.0126 0.3513 0.3871 0.2490 
           2  1 0.0165 0.3325 0.3678 0.2833 
           3  1 0.0818 0.2860 0.3025 0.3297 
           4  1 0.0104 0.3576 0.4202 0.2117 
           5  1 0.0296 0.3469 0.4137 0.2098 
           6  1 0.0124 0.3597 0.4173 0.2106 
           7  1 0.0112 0.3782 0.4055 0.2052 
           8  1 0.0094 0.3237 0.4344 0.2324 
           9  1 0.0120 0.3807 0.4056 0.2018 
          10  1 0.0246 0.3473 0.4146 0.2135 
          11  1 0.0170 0.3658 0.3755 0.2417 
          12  1 0.0124 0.3496 0.3708 0.2672 
          13  1 0.0140 0.3300 0.4276 0.2283 
          14  1 0.0166 0.3361 0.4224 0.2248 
          15  1 0.0260 0.3611 0.4112 0.2016 
          16  1 0.0195 0.3161 0.3893 0.2752 
          17  1 0.0203 0.3544 0.4136 0.2118 
          18  1 0.0202 0.3370 0.3736 0.2692 
          19  1 0.0185 0.3541 0.3764 0.2510 
          20  1 0.0468 0.3388 0.3835 0.2308 
          21  1 0.0099 0.3347 0.3977 0.2578 
          22  1 0.0229 0.3294 0.3687 0.2790 
          23  1 0.0381 0.3350 0.3766 0.2502 
          24  1 0.0632 0.2744 0.2726 0.3897 
          25  1 0.0736 0.3512 0.3668 0.2084 
          26  1 0.2329 0.2210 0.1753 0.3708 
          27  1 0.8699 0.0306 0.0137 0.0858 
          28  1 0.4442 0.1487 0.0696 0.3375 
          29  1 0.2539 0.1991 0.1214 0.4256 
          30  1 0.5715 0.1119 0.0229 0.2937 
          31  1 0.6243 0.0929 0.0135 0.2693 
          32  1 0.5074 0.1188 0.0262 0.3477 
          33  1 0.1921 0.2221 0.1393 0.4465 
          34  1 0.3096 0.1843 0.0894 0.4167 
          35  1 0.2243 0.2040 0.1202 0.4516 
          36  1 0.9645 0.0111 0.0087 0.0157 
          37  1 0.5368 0.1112 0.0299 0.3221 
          38  1 0.3717 0.2013 0.1798 0.2473 
          39  1 0.4784 0.1390 0.0662 0.3164 
          40  1 0.4241 0.1796 0.1459 0.2504 
          41  1 0.1007 0.3124 0.2914 0.2954 
          42  1 0.8204 0.0579 0.0573 0.0644 
          43  1 0.6970 0.0942 0.0998 0.1090 
          44  1 0.6270 0.1188 0.1003 0.1539 
          45  1 0.9562 0.0127 0.0128 0.0183 
          46  1 0.9140 0.0277 0.0264 0.0318 
          47  1 0.9618 0.0120 0.0113 0.0150 
          48  1 0.9726 0.0087 0.0076 0.0111 
          49  1 0.8834 0.0253 0.0156 0.0757 
          50  1 0.9089 0.0321 0.0330 0.0260 
          51  1 0.9533 0.0152 0.0153 0.0162 
          52  1 0.8321 0.0412 0.0243 0.1024 
          53  1 0.6613 0.0922 0.0486 0.1979 
          54  1 0.6808 0.0795 0.0209 0.2187 
          55  1 0.5040 0.1264 0.0537 0.3158 
          56  1 0.8108 0.0531 0.0343 0.1017 
          57  1 0.6475 0.0895 0.0553 0.2077 
          58  1 0.7254 0.0893 0.0804 0.1050 
          59  1 0.9755 0.0084 0.0076 0.0085 
          60  1 0.8951 0.0278 0.0253 0.0518 
          61  1 0.5385 0.1153 0.0683 0.2779 
          62  1 0.7881 0.0517 0.0460 0.1142 
          63  1 0.4544 0.1500 0.0824 0.3132 
          64  1 0.3297 0.1738 0.1234 0.3730 
          65  1 0.5080 0.1138 0.0271 0.3511 
          66  1 0.9089 0.0294 0.0315 0.0301 
          67  1 0.6499 0.1043 0.0827 0.1631 
          68  1 0.7558 0.0668 0.0443 0.1332 
          69  1 0.4419 0.1421 0.0588 0.3572 
          70  1 0.4209 0.1828 0.1728 0.2235 
          71  1 0.9636 0.0106 0.0076 0.0182 
          72  1 0.7613 0.0645 0.0344 0.1398 
          73  1 0.9035 0.0275 0.0233 0.0457 
          74  1 0.0241 0.3552 0.3563 0.2644 
          75  1 0.0077 0.3265 0.4120 0.2538 
          76  1 0.0089 0.3696 0.4097 0.2117 
          77  1 0.0087 0.3388 0.4182 0.2343 
          78  1 0.0071 0.3664 0.4131 0.2133 
          79  1 0.0460 0.3649 0.3878 0.2013 
          80  1 0.0200 0.3576 0.4093 0.2131 
          81  1 0.0098 0.3540 0.4136 0.2227 
          82  1 0.0237 0.3258 0.3731 0.2774 
          83  1 0.0080 0.3426 0.4293 0.2201 
          84  1 0.0296 0.3206 0.2774 0.3724 
          85  1 0.0088 0.3288 0.4299 0.2325 
          86  1 0.0379 0.3497 0.3509 0.2615 
          87  1 0.0152 0.3272 0.4052 0.2524 
          88  1 0.0122 0.3404 0.4494 0.1980 
          89  1 0.0083 0.4004 0.3953 0.1961 
          90  1 0.0175 0.3696 0.4042 0.2087 
          91  1 0.0182 0.3307 0.4044 0.2466 
          92  1 0.1123 0.3078 0.2991 0.2808 
          93  1 0.0143 0.3404 0.4101 0.2352 
          94  1 0.0204 0.3436 0.4095 0.2265 
          95  1 0.0138 0.3221 0.4155 0.2487 
          96  1 0.0365 0.3432 0.3710 0.2494 
          97  1 0.0120 0.3287 0.4338 0.2255 
          98  1 0.0099 0.3638 0.3970 0.2294 
          99  1 0.0153 0.3421 0.4051 0.2375 
         100  1 0.1076 0.3151 0.3133 0.2641 
         101  1 0.0152 0.3407 0.4352 0.2088 
         102  1 0.7847 0.0542 0.0133 0.1478 
         103  1 0.9589 0.0124 0.0104 0.0183 
         104  1 0.9733 0.0090 0.0080 0.0097 
         105  1 0.7718 0.0506 0.0091 0.1685 
         106  1 0.8393 0.0514 0.0526 0.0567 
         107  1 0.9646 0.0111 0.0094 0.0148 
         108  1 0.9433 0.0131 0.0077 0.0359 
         109  1 0.8195 0.0646 0.0642 0.0516 
         110  1 0.9763 0.0076 0.0073 0.0089 
         111  1 0.9056 0.0267 0.0182 0.0495 
         112  1 0.8350 0.0452 0.0185 0.1012 
         113  1 0.9358 0.0163 0.0112 0.0367 
         114  1 0.9750 0.0085 0.0064 0.0101 
         115  1 0.9717 0.0089 0.0085 0.0110 
         116  1 0.9646 0.0112 0.0103 0.0139 
         117  1 0.7794 0.0589 0.0143 0.1473 
         118  1 0.9299 0.0177 0.0094 0.0431 
         119  1 0.9739 0.0083 0.0067 0.0111 
