 1:   0.2495  0.2497  0.2515  0.2493  1
 2:   0.2498  0.2494  0.2520  0.2488  1
 3:   0.2490  0.2509  0.2476  0.2525  1
 4:   0.2505  0.2501  0.2506  0.2488  1
 5:   0.2494  0.2505  0.2490  0.2511  1
 6:   0.2512  0.2498  0.2504  0.2486  1
 7:   0.2480  0.2514  0.2486  0.2521  1
 8:   0.2493  0.2491  0.2523  0.2492  1
 9:   0.2509  0.2487  0.2520  0.2484  1
10:   0.2502  0.2492  0.2504  0.2502  1
11:   0.2493  0.2495  0.2525  0.2487  1
12:   0.2504  0.2504  0.2488  0.2504  1
13:   0.2486  0.2506  0.2460  0.2547  1
14:   0.2488  0.2505  0.2468  0.2539  1
15:   0.2490  0.2510  0.2490  0.2510  1
16:   0.2496  0.2514  0.2468  0.2522  1
17:   0.2504  0.2497  0.2501  0.2498  1
18:   0.2490  0.2516  0.2486  0.2508  1
19:   0.2506  0.2499  0.2508  0.2487  1
20:   0.2490  0.2500  0.2508  0.2502  1
21:   0.2499  0.2485  0.2523  0.2492  1
22:   0.2507  0.2495  0.2509  0.2489  1
23:   0.2497  0.2495  0.2494  0.2514  1
24:   0.2494  0.2510  0.2483  0.2512  1
25:   0.2502  0.2498  0.2502  0.2498  1
26:   0.2510  0.2500  0.2494  0.2496  1
27:   0.2502  0.2499  0.2495  0.2504  1
28:   0.2488  0.2510  0.2491  0.2511  1
29:   0.2497  0.2505  0.2493  0.2505  1
30:   0.2497  0.2517  0.2442  0.2545  1
31:   0.2494  0.2511  0.2484  0.2511  1
32:   0.2486  0.2524  0.2438  0.2552  1
33:   0.2488  0.2506  0.2494  0.2512  1
34:   0.2500  0.2507  0.2501  0.2492  1
35:   0.2488  0.2494  0.2528  0.2490  1
36:   0.2502  0.2506  0.2492  0.2500  1
37:   0.2501  0.2503  0.2481  0.2515  1
38:   0.2506  0.2481  0.2526  0.2487  1
39:   0.2507  0.2491  0.2511  0.2492  1
40:   0.2499  0.2493  0.2518  0.2489  1
41:   0.2504  0.2486  0.2502  0.2508  1
42:   0.2491  0.2517  0.2473  0.2519  1
43:   0.2498  0.2486  0.2529  0.2488  1
44:   0.2501  0.2511  0.2488  0.2501  1
45:   0.2500  0.2496  0.2490  0.2514  1
46:   0.2474  0.2525  0.2484  0.2517  1
47:   0.2502  0.2510  0.2474  0.2515  1
48:   0.2497  0.2511  0.2474  0.2519  1
49:   0.2500  0.2484  0.2514  0.2503  1
50:   0.2513  0.2491  0.2509  0.2487  1
51:   0.2494  0.2513  0.2496  0.2498  1
52:   0.2513  0.2503  0.2498  0.2486  1
53:   0.2493  0.2498  0.2504  0.2506  1
54:   0.2483  0.2513  0.2493  0.2511  1
55:   0.2508  0.2481  0.2544  0.2466  1
56:   0.2503  0.2507  0.2490  0.2500  1
57:   0.2507  0.2487  0.2495  0.2511  1
58:   0.2504  0.2495  0.2513  0.2488  1
59:   0.2498  0.2503  0.2482  0.2517  1
60:   0.2505  0.2490  0.2497  0.2508  1
61:   0.2505  0.2505  0.2502  0.2489  1
62:   0.2505  0.2501  0.2487  0.2507  1
63:   0.2506  0.2494  0.2512  0.2488  1
64:   0.2509  0.2477  0.2525  0.2489  1
65:   0.2511  0.2486  0.2523  0.2480  1
66:   0.2513  0.2491  0.2513  0.2483  1
67:   0.2495  0.2506  0.2487  0.2512  1
68:   0.2501  0.2497  0.2487  0.2515  1
69:   0.2515  0.2479  0.2527  0.2479  1
70:   0.2480  0.2516  0.2478  0.2526  1
71:   0.2481  0.2499  0.2545  0.2475  1
72:   0.2499  0.2508  0.2479  0.2514  1
73:   0.2498  0.2513  0.2474  0.2515  1
74:   0.2501  0.2488  0.2525  0.2486  1
75:   0.2514  0.2482  0.2530  0.2474  1
76:   0.2502  0.2496  0.2507  0.2496  1
77:   0.2513  0.2498  0.2503  0.2486  1
78:   0.2498  0.2510  0.2476  0.2516  1
79:   0.2482  0.2507  0.2497  0.2515  1
80:   0.2499  0.2505  0.2493  0.2503  1
81:   0.2496  0.2505  0.2487  0.2513  1
82:   0.2495  0.2507  0.2494  0.2505  1
83:   0.2486  0.2514  0.2472  0.2529  1
84:   0.2491  0.2507  0.2497  0.2505  1
85:   0.2501  0.2500  0.2495  0.2504  1
86:   0.2493  0.2497  0.2521  0.2489  1
87:   0.2510  0.2487  0.2512  0.2491  1
88:   0.2506  0.2508  0.2492  0.2494  1
89:   0.2494  0.2506  0.2488  0.2512  1
90:   0.2478  0.2518  0.2448  0.2556  1
