           1  1 0.0788 0.0765 0.0428 0.0791 0.2578 0.1009 0.1011 0.0874 0.1755 
           2  1 0.0162 0.1376 0.0751 0.1602 0.0318 0.1890 0.2194 0.0675 0.1033 
           3  1 0.0512 0.0599 0.3930 0.0658 0.0219 0.0859 0.0897 0.1760 0.0567 
           4  1 0.9024 0.0134 0.0116 0.0133 0.0078 0.0152 0.0137 0.0105 0.0122 
           5  1 0.0494 0.2465 0.0299 0.1690 0.0185 0.1259 0.1433 0.0453 0.1721 
           6  1 0.3414 0.0758 0.2464 0.1054 0.0119 0.0720 0.0561 0.0146 0.0765 
           7  1 0.0167 0.0876 0.0826 0.0824 0.3037 0.1034 0.1027 0.1321 0.0887 
           8  1 0.2214 0.1188 0.0176 0.1597 0.0345 0.1386 0.1473 0.0288 0.1333 
           9  1 0.0168 0.0599 0.1007 0.0657 0.0279 0.0962 0.0852 0.4711 0.0765 
          10  1 0.0156 0.2812 0.0477 0.1851 0.0124 0.0937 0.1400 0.0207 0.2035 
          11  1 0.0632 0.0329 0.6177 0.0445 0.0093 0.0514 0.0458 0.0652 0.0699 
          12  1 0.3083 0.0817 0.2158 0.1258 0.0122 0.0888 0.0703 0.0252 0.0718 
          13  1 0.2952 0.0758 0.0337 0.0859 0.1344 0.1106 0.0957 0.0654 0.1034 
          14  1 0.0314 0.1154 0.0469 0.1350 0.0936 0.1787 0.1597 0.0846 0.1547 
          15  1 0.0249 0.1505 0.0334 0.1760 0.0223 0.1829 0.2023 0.0705 0.1373 
          16  1 0.0436 0.0755 0.0289 0.0856 0.4805 0.1017 0.0899 0.0245 0.0698 
          17  1 0.1308 0.1245 0.0543 0.1470 0.0307 0.1584 0.1359 0.0601 0.1582 
          18  1 0.0680 0.1407 0.1563 0.1478 0.0235 0.1804 0.1672 0.0214 0.0947 
          19  1 0.0308 0.1809 0.0135 0.1692 0.0074 0.2072 0.1792 0.0866 0.1250 
          20  1 0.0468 0.1202 0.0341 0.1130 0.0202 0.1372 0.1223 0.2932 0.1130 
          21  1 0.2135 0.1333 0.0219 0.1328 0.0369 0.1565 0.1425 0.0636 0.0989 
          22  1 0.0779 0.1382 0.0133 0.1513 0.1129 0.1639 0.1544 0.0573 0.1309 
          23  1 0.0397 0.1072 0.0561 0.1435 0.1640 0.1518 0.1372 0.0467 0.1539 
          24  1 0.0528 0.1658 0.0283 0.1695 0.0904 0.1639 0.1549 0.0336 0.1407 
          25  1 0.0923 0.1285 0.0896 0.1270 0.0368 0.1537 0.1352 0.0923 0.1447 
          26  1 0.0236 0.1843 0.0137 0.1864 0.0190 0.1426 0.1435 0.1427 0.1442 
          27  1 0.0186 0.0945 0.0425 0.1114 0.1015 0.1699 0.1845 0.1247 0.1524 
          28  1 0.2374 0.1233 0.0185 0.1241 0.0110 0.1589 0.1602 0.0523 0.1143 
          29  1 0.0249 0.1403 0.0289 0.1483 0.0227 0.2050 0.1756 0.1291 0.1251 
          30  1 0.0488 0.1748 0.0309 0.1614 0.0405 0.1736 0.1623 0.0789 0.1288 
          31  1 0.0327 0.0980 0.1363 0.0927 0.0443 0.1051 0.1019 0.3020 0.0870 
          32  1 0.0504 0.1257 0.0570 0.1356 0.0139 0.1737 0.1666 0.1486 0.1284 
          33  1 0.0452 0.1314 0.0555 0.1496 0.0134 0.1772 0.1620 0.0713 0.1944 
          34  1 0.0525 0.1550 0.0464 0.1734 0.0250 0.1748 0.1646 0.0853 0.1229 
          35  1 0.0217 0.1500 0.0250 0.1642 0.0272 0.2216 0.1875 0.1027 0.1002 
          36  1 0.0403 0.1319 0.0293 0.1669 0.0219 0.2070 0.1864 0.0251 0.1912 
          37  1 0.0955 0.1460 0.0444 0.1624 0.0278 0.1834 0.1875 0.0281 0.1249 
          38  1 0.1511 0.1020 0.1575 0.1064 0.0417 0.1358 0.1355 0.0442 0.1257 
          39  1 0.0333 0.1354 0.0277 0.1288 0.0242 0.1846 0.1603 0.1353 0.1704 
          40  1 0.0258 0.0431 0.6428 0.0504 0.0134 0.0569 0.0525 0.0645 0.0507 
          41  1 0.0109 0.1545 0.0503 0.1652 0.0245 0.2192 0.1917 0.1071 0.0765 
          42  1 0.0170 0.1558 0.0350 0.1656 0.0232 0.1662 0.2139 0.0859 0.1375 
          43  1 0.0628 0.1667 0.0096 0.1597 0.0456 0.1783 0.1652 0.0985 0.1137 
          44  1 0.0345 0.1960 0.1315 0.1641 0.0107 0.0922 0.1195 0.0942 0.1572 
          45  1 0.1002 0.1249 0.0283 0.1347 0.0294 0.1977 0.1588 0.0837 0.1424 
          46  1 0.0485 0.1290 0.0169 0.1307 0.1762 0.2001 0.1745 0.0366 0.0876 
          47  1 0.0153 0.1718 0.0469 0.2068 0.0132 0.2210 0.1553 0.0405 0.1293 
          48  1 0.0684 0.1699 0.0477 0.1933 0.0850 0.1124 0.1192 0.0696 0.1346 
          49  1 0.0472 0.1515 0.0173 0.1634 0.1065 0.1986 0.1932 0.0229 0.0994 
          50  1 0.0222 0.3009 0.0423 0.1913 0.0225 0.0417 0.0995 0.0425 0.2371 
          51  1 0.4774 0.0721 0.0179 0.0931 0.0311 0.1081 0.0861 0.0416 0.0726 
          52  1 0.0525 0.1340 0.1107 0.1839 0.0502 0.1320 0.1228 0.1205 0.0935 
          53  1 0.5025 0.0714 0.0118 0.0916 0.0090 0.1092 0.0776 0.0546 0.0722 
          54  1 0.0975 0.1316 0.0262 0.1412 0.0359 0.1828 0.1763 0.0616 0.1470 
          55  1 0.3961 0.0804 0.0372 0.1087 0.0142 0.1185 0.0869 0.0583 0.0997 
          56  1 0.2390 0.0611 0.2580 0.0713 0.0100 0.0950 0.0870 0.0284 0.1502 
          57  1 0.0248 0.1516 0.0351 0.2268 0.0471 0.1765 0.1621 0.0353 0.1408 
          58  1 0.0684 0.1255 0.0622 0.1998 0.0109 0.1474 0.1338 0.0436 0.2083 
          59  1 0.4314 0.0708 0.0877 0.0897 0.0191 0.0785 0.0773 0.0578 0.0877 
          60  1 0.1669 0.0736 0.0124 0.0578 0.3288 0.0662 0.0657 0.1501 0.0786 
          61  1 0.0952 0.1250 0.0337 0.1343 0.0190 0.1807 0.1511 0.0788 0.1823 
          62  1 0.1396 0.1374 0.0236 0.1330 0.1417 0.1440 0.1338 0.0338 0.1130 
          63  1 0.0363 0.0975 0.0248 0.1038 0.0339 0.1141 0.0874 0.4331 0.0691 
          64  1 0.0249 0.1335 0.0487 0.1576 0.1484 0.1588 0.1514 0.0647 0.1120 
          65  1 0.0881 0.0556 0.2846 0.0742 0.0218 0.1081 0.1143 0.0289 0.2244 
          66  1 0.0174 0.1343 0.1384 0.1330 0.0500 0.1737 0.1659 0.1025 0.0849 
          67  1 0.2039 0.1596 0.0412 0.1241 0.0203 0.0987 0.1203 0.0749 0.1569 
          68  1 0.2299 0.1416 0.0304 0.1244 0.0268 0.1456 0.1433 0.0362 0.1218 
          69  1 0.0840 0.1287 0.0204 0.1491 0.0144 0.1931 0.2082 0.0227 0.1794 
          70  1 0.0894 0.1326 0.0253 0.1560 0.0179 0.1937 0.2036 0.0459 0.1355 
          71  1 0.1266 0.1533 0.0128 0.1922 0.0219 0.1751 0.1573 0.0310 0.1296 
          72  1 0.2580 0.0679 0.1326 0.0828 0.0097 0.1022 0.1128 0.0268 0.2071 
          73  1 0.0795 0.0788 0.0223 0.0990 0.0179 0.1261 0.1187 0.3079 0.1498 
          74  1 0.1169 0.1485 0.0177 0.1562 0.0434 0.1699 0.1580 0.0486 0.1408 
          75  1 0.0832 0.1365 0.0193 0.1680 0.1332 0.1697 0.1530 0.0359 0.1013 
          76  1 0.0352 0.3010 0.0104 0.1628 0.0227 0.0646 0.1146 0.0541 0.2346 
          77  1 0.0507 0.1665 0.0139 0.1692 0.0068 0.2074 0.2076 0.0262 0.1515 
          78  1 0.8175 0.0215 0.0158 0.0238 0.0080 0.0267 0.0266 0.0204 0.0397 
          79  1 0.1176 0.1382 0.0332 0.1586 0.0490 0.1514 0.1533 0.0450 0.1536 
          80  1 0.0564 0.1328 0.0320 0.1388 0.1418 0.1395 0.1671 0.0446 0.1470 
          81  1 0.0443 0.1694 0.0220 0.1999 0.0108 0.1718 0.2089 0.0199 0.1532 
          82  1 0.1232 0.1126 0.0302 0.0912 0.2576 0.0778 0.0974 0.0989 0.1111 
          83  1 0.0509 0.1939 0.0133 0.1463 0.1641 0.1197 0.1244 0.0507 0.1366 
          84  1 0.0497 0.1275 0.0190 0.1594 0.0323 0.2009 0.1703 0.0680 0.1728 
          85  1 0.0317 0.1971 0.0110 0.1716 0.0141 0.2146 0.1804 0.0305 0.1490 
          86  1 0.0632 0.2256 0.0447 0.1176 0.0121 0.1383 0.1629 0.0172 0.2184 
          87  1 0.0281 0.2919 0.0380 0.1810 0.0455 0.0422 0.1060 0.0397 0.2275 
          88  1 0.1789 0.1209 0.0275 0.1284 0.0305 0.1408 0.1340 0.1084 0.1307 
          89  1 0.0056 0.0061 0.0054 0.0061 0.9527 0.0063 0.0061 0.0059 0.0058 
          90  1 0.0200 0.1788 0.0314 0.1760 0.0493 0.1218 0.1706 0.0773 0.1748 
          91  1 0.1006 0.2005 0.0829 0.1682 0.0215 0.1069 0.1075 0.0543 0.1576 
          92  1 0.1299 0.1143 0.0279 0.1261 0.0565 0.1523 0.1442 0.1290 0.1198 
          93  1 0.0086 0.0118 0.0071 0.0122 0.9144 0.0114 0.0114 0.0123 0.0107 
          94  1 0.0505 0.1261 0.0261 0.1303 0.0552 0.1827 0.1912 0.0794 0.1583 
          95  1 0.0575 0.1783 0.0228 0.1728 0.0284 0.1729 0.1798 0.0268 0.1606 
          96  1 0.0145 0.0628 0.0144 0.0778 0.0207 0.1312 0.0918 0.4737 0.1131 
          97  1 0.0407 0.1987 0.1804 0.2188 0.0116 0.0588 0.0849 0.0151 0.1910 
          98  1 0.0851 0.1965 0.0122 0.1555 0.0510 0.1333 0.1706 0.0493 0.1465 
          99  1 0.8916 0.0135 0.0068 0.0146 0.0200 0.0134 0.0142 0.0122 0.0136 
         100  1 0.0937 0.1065 0.1373 0.1214 0.0091 0.1594 0.1564 0.0574 0.1587 
         101  1 0.0456 0.0993 0.0388 0.1243 0.1538 0.1431 0.1518 0.0494 0.1940 
         102  1 0.4514 0.0834 0.0142 0.0909 0.0157 0.1143 0.0846 0.0755 0.0700 
         103  1 0.0159 0.1107 0.0132 0.1066 0.0167 0.1377 0.1081 0.4165 0.0747 
         104  1 0.0346 0.1623 0.0407 0.1550 0.0213 0.1565 0.1818 0.0875 0.1603 
         105  1 0.1064 0.1170 0.0341 0.1257 0.0979 0.1627 0.1547 0.0825 0.1191 
         106  1 0.0093 0.0209 0.0085 0.0200 0.0117 0.0315 0.0238 0.8509 0.0234 
         107  1 0.0768 0.1290 0.0343 0.1244 0.0600 0.1667 0.1474 0.0866 0.1749 
         108  1 0.0262 0.1375 0.0293 0.0966 0.0323 0.1021 0.0925 0.3791 0.1046 
         109  1 0.0927 0.1160 0.0607 0.1339 0.0161 0.1811 0.1516 0.0692 0.1786 
         110  1 0.0767 0.1424 0.0907 0.1314 0.0408 0.1498 0.1361 0.1158 0.1162 
         111  1 0.0288 0.1332 0.0155 0.1981 0.0765 0.2005 0.1683 0.0176 0.1615 
         112  1 0.0343 0.2741 0.0119 0.1246 0.0807 0.0936 0.1260 0.0710 0.1838 
         113  1 0.0858 0.1710 0.0844 0.1262 0.0191 0.1309 0.1704 0.0610 0.1513 
         114  1 0.0091 0.0247 0.0081 0.0201 0.0117 0.0324 0.0237 0.8437 0.0265 
         115  1 0.1860 0.1348 0.0537 0.1122 0.0211 0.1368 0.1433 0.0971 0.1151 
         116  1 0.2886 0.0735 0.0154 0.0873 0.1388 0.1080 0.1080 0.0606 0.1197 
         117  1 0.0487 0.2076 0.0639 0.1574 0.0892 0.0680 0.1199 0.0678 0.1774 
         118  1 0.0836 0.1815 0.0220 0.1308 0.0143 0.1381 0.1898 0.0657 0.1744 
         119  1 0.3677 0.0693 0.0271 0.0803 0.0264 0.1027 0.0972 0.1527 0.0765 
         120  1 0.8900 0.0145 0.0069 0.0132 0.0209 0.0138 0.0146 0.0121 0.0138 
         121  1 0.0285 0.1701 0.0817 0.1614 0.0216 0.1272 0.1496 0.1089 0.1511 
         122  1 0.1919 0.1323 0.1603 0.1298 0.0091 0.0989 0.0912 0.0314 0.1552 
         123  1 0.0253 0.2345 0.0534 0.2681 0.0157 0.0951 0.1115 0.0201 0.1761 
         124  1 0.0819 0.1518 0.0865 0.2065 0.0363 0.1561 0.1328 0.0264 0.1216 
         125  1 0.1099 0.1540 0.0172 0.1139 0.0158 0.1392 0.1433 0.1674 0.1391 
         126  1 0.7373 0.0337 0.0093 0.0381 0.0132 0.0441 0.0369 0.0267 0.0609 
         127  1 0.0059 0.0070 0.9486 0.0071 0.0052 0.0069 0.0065 0.0056 0.0071 
         128  1 0.1229 0.1204 0.0250 0.1267 0.1437 0.1209 0.1320 0.0819 0.1265 
         129  1 0.0087 0.0123 0.0070 0.0123 0.9144 0.0108 0.0108 0.0130 0.0106 
         130  1 0.0108 0.0136 0.0096 0.0150 0.0140 0.0168 0.0154 0.8908 0.0142 
         131  1 0.0096 0.0132 0.0106 0.0128 0.0149 0.0139 0.0125 0.9004 0.0121 
         132  1 0.0284 0.2214 0.0165 0.1316 0.0686 0.0846 0.1137 0.1677 0.1675 
         133  1 0.0805 0.1700 0.0465 0.1820 0.0166 0.1408 0.1729 0.0465 0.1443 
         134  1 0.0247 0.1064 0.0213 0.0903 0.0175 0.1018 0.0791 0.4693 0.0895 
         135  1 0.0830 0.1369 0.0150 0.1027 0.0154 0.1359 0.1140 0.2501 0.1469 
         136  1 0.1603 0.1478 0.0537 0.1482 0.0135 0.1516 0.1202 0.0489 0.1557 
         137  1 0.0065 0.0068 0.9461 0.0072 0.0057 0.0075 0.0071 0.0059 0.0070 
         138  1 0.0066 0.0067 0.9470 0.0069 0.0055 0.0069 0.0074 0.0058 0.0072 
         139  1 0.0761 0.1137 0.0283 0.1278 0.1072 0.1635 0.1210 0.1634 0.0990 
         140  1 0.0262 0.1460 0.0137 0.1743 0.0869 0.1604 0.1742 0.0695 0.1488 
         141  1 0.0257 0.1650 0.0271 0.1614 0.0130 0.1279 0.1511 0.1803 0.1484 
         142  1 0.0380 0.1461 0.0249 0.1530 0.0200 0.2167 0.1761 0.1090 0.1162 
         143  1 0.0290 0.1597 0.0106 0.1924 0.0183 0.2353 0.2031 0.0281 0.1234 
         144  1 0.0665 0.1867 0.0176 0.1813 0.0960 0.1089 0.1214 0.0433 0.1783 
         145  1 0.0250 0.1174 0.1231 0.1313 0.0255 0.1749 0.1618 0.1014 0.1396 
         146  1 0.2032 0.1052 0.0082 0.1056 0.2148 0.1271 0.1302 0.0155 0.0903 
         147  1 0.0265 0.1841 0.0628 0.1483 0.0151 0.1440 0.1993 0.0429 0.1770 
         148  1 0.1008 0.0871 0.0266 0.1271 0.0378 0.1890 0.1659 0.0773 0.1884 
         149  1 0.0464 0.1583 0.0395 0.1697 0.0334 0.1413 0.1882 0.0492 0.1739 
         150  1 0.1075 0.1285 0.0111 0.1292 0.0560 0.1695 0.1288 0.1659 0.1035 
         151  1 0.1032 0.0899 0.2640 0.1140 0.0179 0.1299 0.1051 0.0775 0.0985 
         152  1 0.0385 0.1510 0.0272 0.1602 0.0340 0.1813 0.2023 0.0401 0.1654 
         153  1 0.0580 0.1254 0.0227 0.1287 0.0331 0.1909 0.1344 0.1848 0.1220 
         154  1 0.0164 0.2521 0.0315 0.2163 0.0160 0.0804 0.1342 0.0313 0.2218 
         155  1 0.0311 0.1153 0.1246 0.1084 0.0149 0.1567 0.1250 0.1958 0.1281 
         156  1 0.0510 0.0955 0.0472 0.1271 0.1089 0.1475 0.1583 0.0613 0.2032 
         157  1 0.0111 0.0633 0.3101 0.0594 0.0999 0.0954 0.0923 0.2278 0.0406 
         158  1 0.0108 0.0670 0.2962 0.0721 0.0993 0.0803 0.0972 0.2370 0.0401 
         159  1 0.0167 0.0661 0.0302 0.0803 0.0182 0.1012 0.0975 0.4930 0.0968 
         160  1 0.0170 0.1582 0.0241 0.1823 0.0162 0.1504 0.2139 0.0807 0.1571 
         161  1 0.0192 0.0917 0.4575 0.1563 0.0076 0.0762 0.0543 0.0642 0.0731 
         162  1 0.0408 0.1205 0.0330 0.1367 0.1060 0.1523 0.1667 0.1474 0.0966 
         163  1 0.5106 0.0632 0.0370 0.0696 0.0268 0.0976 0.0783 0.0286 0.0882 
         164  1 0.2897 0.0716 0.0254 0.0688 0.2156 0.0865 0.0887 0.0431 0.1105 
         165  1 0.0141 0.2818 0.0240 0.2618 0.0074 0.0394 0.1043 0.0120 0.2553 
         166  1 0.0682 0.2045 0.0263 0.1632 0.0266 0.1162 0.1387 0.0924 0.1639 
         167  1 0.0879 0.1703 0.0167 0.1426 0.0162 0.0943 0.1157 0.2071 0.1492 
         168  1 0.3058 0.1108 0.0294 0.1047 0.0075 0.1090 0.1095 0.1292 0.0941 
         169  1 0.0127 0.0747 0.0187 0.0948 0.0182 0.1527 0.0973 0.4135 0.1172 
         170  1 0.0641 0.2414 0.0212 0.2646 0.0226 0.0557 0.0996 0.0221 0.2088 
         171  1 0.0170 0.0595 0.0097 0.0358 0.0419 0.0415 0.0442 0.7063 0.0441 
         172  1 0.0732 0.0832 0.2945 0.0874 0.1420 0.0997 0.0957 0.0298 0.0945 
         173  1 0.2113 0.1090 0.1428 0.1476 0.0170 0.1235 0.1227 0.0204 0.1056 
         174  1 0.0757 0.1500 0.0226 0.1519 0.0090 0.1752 0.1860 0.0790 0.1506 
         175  1 0.3581 0.1059 0.0497 0.1270 0.0091 0.1170 0.1067 0.0282 0.0984 
         176  1 0.0256 0.2002 0.0232 0.1470 0.1177 0.1195 0.1411 0.0774 0.1483 
         177  1 0.6382 0.0984 0.0274 0.0587 0.0080 0.0314 0.0490 0.0120 0.0767 
         178  1 0.0202 0.1973 0.0426 0.1346 0.0408 0.1304 0.1266 0.1645 0.1429 
         179  1 0.0462 0.0993 0.0150 0.0959 0.0560 0.1351 0.1057 0.3328 0.1140 
         180  1 0.1963 0.0928 0.0102 0.1132 0.0599 0.1628 0.1260 0.1276 0.1111 
         181  1 0.0582 0.0838 0.3090 0.0769 0.0538 0.0873 0.0883 0.0780 0.1648 
         182  1 0.1493 0.1293 0.0154 0.1470 0.0232 0.1777 0.1591 0.0468 0.1520 
         183  1 0.0216 0.1273 0.1180 0.1303 0.0131 0.1573 0.1746 0.1210 0.1368 
         184  1 0.0188 0.2749 0.0217 0.2565 0.0129 0.0404 0.1008 0.0293 0.2449 
         185  1 0.0060 0.0061 0.0058 0.0060 0.9505 0.0062 0.0063 0.0063 0.0068 
         186  1 0.0059 0.0063 0.0058 0.0064 0.9511 0.0063 0.0060 0.0062 0.0060 
         187  1 0.0377 0.1551 0.0159 0.1750 0.0127 0.1794 0.2138 0.0370 0.1734 
         188  1 0.0278 0.1677 0.0178 0.1610 0.0165 0.1571 0.1561 0.1413 0.1546 
         189  1 0.1139 0.0728 0.1748 0.0944 0.0227 0.1358 0.1205 0.0321 0.2331 
         190  1 0.1059 0.0932 0.0600 0.1251 0.0432 0.1633 0.1595 0.0215 0.2285 
         191  1 0.0856 0.1802 0.0748 0.1286 0.0117 0.1382 0.1559 0.0535 0.1715 
         192  1 0.0177 0.0906 0.4542 0.1620 0.0080 0.0728 0.0546 0.0658 0.0741 
         193  1 0.0983 0.1446 0.0580 0.1570 0.0137 0.1832 0.1613 0.0675 0.1164 
         194  1 0.0300 0.1068 0.2005 0.1154 0.0657 0.1677 0.1554 0.0596 0.0990 
         195  1 0.0885 0.1313 0.0506 0.1705 0.0339 0.1841 0.1572 0.0234 0.1604 
         196  1 0.0208 0.0456 0.0248 0.0441 0.0123 0.0488 0.0462 0.7288 0.0286 
         197  1 0.3602 0.1015 0.0905 0.1305 0.0172 0.0941 0.0817 0.0203 0.1041 
         198  1 0.0218 0.1562 0.0811 0.1783 0.0822 0.1258 0.1520 0.0563 0.1463 
         199  1 0.0476 0.1071 0.0978 0.1191 0.0621 0.1599 0.1544 0.1264 0.1257 
         200  1 0.0718 0.1824 0.0148 0.1520 0.1004 0.1464 0.1721 0.0257 0.1343 
         201  1 0.0217 0.1355 0.0100 0.1740 0.0494 0.1586 0.1870 0.1364 0.1276 
         202  1 0.0153 0.3085 0.0220 0.1980 0.0135 0.0592 0.1303 0.0312 0.2221 
         203  1 0.0216 0.0604 0.0127 0.0606 0.0223 0.1069 0.0731 0.5599 0.0825 
         204  1 0.0358 0.1532 0.0326 0.1350 0.0776 0.1969 0.1980 0.0773 0.0935 
         205  1 0.2432 0.1104 0.0507 0.1167 0.0415 0.1451 0.1281 0.0505 0.1140 
         206  1 0.1326 0.1142 0.0482 0.1372 0.0248 0.1615 0.2025 0.0265 0.1527 
         207  1 0.0206 0.0870 0.1037 0.0705 0.0142 0.0875 0.0858 0.4466 0.0841 
         208  1 0.0343 0.1068 0.0672 0.1296 0.0188 0.1507 0.1131 0.2872 0.0924 
         209  1 0.0215 0.3045 0.0324 0.1969 0.0207 0.0460 0.1104 0.0268 0.2408 
         210  1 0.0219 0.1600 0.1092 0.2204 0.0126 0.1458 0.1437 0.0431 0.1433 
         211  1 0.0474 0.0674 0.3817 0.0704 0.0253 0.0853 0.0899 0.1404 0.0922 
         212  1 0.0270 0.2775 0.0241 0.1614 0.0351 0.1205 0.1610 0.0169 0.1766 
         213  1 0.1096 0.1901 0.0068 0.1860 0.0106 0.1698 0.1483 0.0368 0.1420 
         214  1 0.0339 0.1379 0.0677 0.1706 0.0204 0.1711 0.1503 0.1485 0.0997 
         215  1 0.0152 0.0780 0.0145 0.0858 0.5248 0.0924 0.0990 0.0311 0.0591 
         216  1 0.7789 0.0211 0.0693 0.0236 0.0179 0.0252 0.0241 0.0142 0.0257 
         217  1 0.0393 0.1858 0.0274 0.1665 0.0252 0.0990 0.1156 0.1862 0.1551 
         218  1 0.0239 0.1696 0.0178 0.1596 0.0691 0.1974 0.1925 0.0539 0.1161 
         219  1 0.0722 0.1185 0.0307 0.1123 0.0324 0.0996 0.0976 0.3368 0.0999 
         220  1 0.0918 0.1245 0.0884 0.1278 0.0428 0.1490 0.1332 0.1339 0.1085 
         221  1 0.0479 0.1302 0.0685 0.1248 0.1492 0.1213 0.1376 0.0866 0.1340 
         222  1 0.0344 0.1339 0.0779 0.1086 0.0986 0.1259 0.1340 0.1830 0.1038 
         223  1 0.0367 0.1871 0.0182 0.2223 0.1249 0.0939 0.1163 0.0278 0.1730 
         224  1 0.0200 0.2770 0.0289 0.1932 0.0128 0.0682 0.1090 0.0765 0.2144 
         225  1 0.0528 0.1654 0.0145 0.1664 0.0350 0.2189 0.1651 0.0353 0.1467 
         226  1 0.0297 0.0273 0.7928 0.0235 0.0094 0.0213 0.0254 0.0442 0.0264 
         227  1 0.0208 0.1710 0.0163 0.1754 0.0278 0.2405 0.2272 0.0378 0.0833 
         228  1 0.0573 0.1027 0.0148 0.1176 0.0919 0.1356 0.1260 0.2322 0.1220 
         229  1 0.2242 0.1148 0.0265 0.1324 0.0661 0.1341 0.1441 0.0265 0.1314 
         230  1 0.1454 0.1124 0.0520 0.1288 0.0533 0.1482 0.1223 0.1410 0.0966 
         231  1 0.0495 0.2329 0.0121 0.2652 0.0216 0.0629 0.1046 0.0298 0.2213 
         232  1 0.2132 0.1055 0.0143 0.1174 0.0901 0.1512 0.1286 0.0913 0.0884 
         233  1 0.5792 0.0461 0.0706 0.0532 0.0082 0.0575 0.0483 0.0151 0.1217 
         234  1 0.1164 0.0607 0.0175 0.0735 0.0218 0.0877 0.0890 0.4492 0.0841 
         235  1 0.0341 0.1410 0.1279 0.1439 0.0105 0.1824 0.1834 0.0466 0.1302 
         236  1 0.3163 0.0842 0.0240 0.1030 0.0148 0.1262 0.1220 0.0272 0.1822 
         237  1 0.0817 0.1306 0.0614 0.1261 0.1123 0.1677 0.1466 0.0801 0.0937 
         238  1 0.6481 0.0393 0.0914 0.0388 0.0293 0.0439 0.0426 0.0292 0.0374 
         239  1 0.1043 0.0927 0.0370 0.1191 0.0144 0.1491 0.1850 0.1092 0.1891 
         240  1 0.0357 0.1364 0.0208 0.1502 0.0743 0.2004 0.1535 0.1035 0.1254 
         241  1 0.3961 0.0892 0.0346 0.0813 0.0741 0.1012 0.1054 0.0301 0.0879 
         242  1 0.5579 0.0633 0.0680 0.0602 0.0094 0.0588 0.0542 0.0166 0.1116 
         243  1 0.0422 0.1335 0.0228 0.1662 0.0456 0.1783 0.1831 0.0749 0.1534 
         244  1 0.0310 0.1364 0.0393 0.1288 0.0316 0.1768 0.1275 0.2234 0.1052 
         245  1 0.0503 0.2589 0.0146 0.1496 0.0319 0.0900 0.1241 0.0711 0.2096 
         246  1 0.0710 0.1243 0.1067 0.1263 0.1164 0.1518 0.1243 0.0722 0.1069 
         247  1 0.1225 0.0648 0.0431 0.0737 0.0329 0.1398 0.1033 0.2153 0.2046 
         248  1 0.2229 0.1659 0.0425 0.1322 0.0137 0.0945 0.1491 0.0261 0.1530 
         249  1 0.0730 0.0751 0.0153 0.0844 0.0292 0.1157 0.1104 0.3437 0.1533 
         250  1 0.1277 0.1195 0.0333 0.1360 0.0631 0.1484 0.1448 0.0854 0.1419 
         251  1 0.0869 0.1311 0.1637 0.1264 0.0123 0.1229 0.1355 0.0943 0.1269 
         252  1 0.0393 0.1075 0.0338 0.1276 0.0494 0.1546 0.1570 0.1969 0.1340 
         253  1 0.1456 0.1388 0.0187 0.1479 0.0190 0.1699 0.1753 0.0573 0.1274 
         254  1 0.0336 0.1305 0.0420 0.1516 0.0130 0.1618 0.2270 0.0391 0.2014 
         255  1 0.2125 0.0881 0.0873 0.1124 0.0499 0.1355 0.1250 0.0673 0.1219 
         256  1 0.4376 0.0955 0.0218 0.1057 0.0155 0.1240 0.1036 0.0241 0.0723 
         257  1 0.6695 0.0360 0.0461 0.0395 0.0114 0.0495 0.0564 0.0157 0.0760 
         258  1 0.1865 0.1538 0.0360 0.1051 0.0315 0.1356 0.1520 0.0527 0.1467 
         259  1 0.1129 0.1866 0.0228 0.1496 0.0079 0.1804 0.1905 0.0263 0.1229 
         260  1 0.1043 0.0906 0.0379 0.1168 0.0227 0.1627 0.1655 0.0290 0.2706 
         261  1 0.0363 0.1107 0.1079 0.1121 0.0622 0.1300 0.1654 0.1064 0.1691 
         262  1 0.4239 0.0553 0.0842 0.0580 0.0276 0.0720 0.0821 0.0729 0.1238 
         263  1 0.0234 0.1579 0.0209 0.1631 0.0297 0.1174 0.1215 0.2321 0.1338 
         264  1 0.1072 0.1460 0.0355 0.1421 0.0165 0.1804 0.1578 0.0610 0.1534 
         265  1 0.2965 0.1224 0.0725 0.1062 0.0145 0.1123 0.1093 0.0541 0.1122 
         266  1 0.0518 0.1140 0.0803 0.1016 0.1269 0.1272 0.1242 0.1687 0.1053 
         267  1 0.0495 0.1628 0.0235 0.1663 0.0562 0.1861 0.1630 0.0470 0.1456 
         268  1 0.5609 0.0692 0.0206 0.0882 0.0203 0.0832 0.0747 0.0177 0.0653 
         269  1 0.1592 0.1588 0.0099 0.1675 0.0167 0.1410 0.1659 0.0348 0.1463 
         270  1 0.3315 0.0924 0.0345 0.1071 0.0264 0.1380 0.1106 0.0463 0.1132 
