           1  1 0.1133 0.1028 0.1328 0.0984 0.4432 0.1093 
           2  1 0.1877 0.1177 0.0519 0.3600 0.1581 0.1246 
           3  1 0.1348 0.1360 0.1287 0.1471 0.1305 0.3230 
           4  1 0.0455 0.0464 0.7613 0.0497 0.0472 0.0498 
           5  1 0.2162 0.2643 0.1341 0.1839 0.0733 0.1281 
           6  1 0.0911 0.0872 0.2565 0.0878 0.0474 0.4300 
           7  1 0.1343 0.1332 0.0441 0.1215 0.4387 0.1282 
           8  1 0.1430 0.1457 0.3475 0.1565 0.1146 0.0927 
           9  1 0.2616 0.2217 0.0536 0.1495 0.1145 0.1991 
          10  1 0.2036 0.2637 0.0589 0.1904 0.0732 0.2102 
          11  1 0.0783 0.0815 0.0889 0.0719 0.0385 0.6409 
          12  1 0.0875 0.0809 0.2751 0.0853 0.0470 0.4241 
          13  1 0.1129 0.1017 0.3208 0.1233 0.2560 0.0854 
          14  1 0.1717 0.1665 0.0789 0.1750 0.3028 0.1051 
          15  1 0.1953 0.2167 0.0944 0.2796 0.1146 0.0993 
          16  1 0.1158 0.0857 0.0740 0.1866 0.4727 0.0653 
          17  1 0.1306 0.1258 0.2475 0.1382 0.1541 0.2039 
          18  1 0.1477 0.1013 0.1519 0.2763 0.0969 0.2259 
          19  1 0.2452 0.2476 0.1355 0.2782 0.0409 0.0526 
          20  1 0.2499 0.2292 0.1005 0.1846 0.1308 0.1049 
          21  1 0.1587 0.1518 0.2817 0.1813 0.1364 0.0901 
          22  1 0.1385 0.1339 0.1745 0.1971 0.2977 0.0583 
          23  1 0.1261 0.1168 0.0846 0.1608 0.3951 0.1166 
          24  1 0.1520 0.1512 0.1184 0.1760 0.2863 0.1162 
          25  1 0.1774 0.1678 0.1290 0.1492 0.1406 0.2361 
          26  1 0.2744 0.2730 0.0686 0.2166 0.1010 0.0664 
          27  1 0.1936 0.1826 0.0698 0.1898 0.2673 0.0969 
          28  1 0.1747 0.1638 0.3012 0.2201 0.0596 0.0805 
          29  1 0.2511 0.2054 0.0724 0.2663 0.0971 0.1077 
          30  1 0.2032 0.1538 0.0971 0.2773 0.1717 0.0968 
          31  1 0.2041 0.1985 0.0674 0.1674 0.1878 0.1747 
          32  1 0.2169 0.2218 0.1395 0.1944 0.0821 0.1452 
          33  1 0.1620 0.1534 0.1252 0.2126 0.1228 0.2240 
          34  1 0.1776 0.1709 0.1221 0.3079 0.1277 0.0938 
          35  1 0.2163 0.1380 0.0591 0.3814 0.1428 0.0625 
          36  1 0.1806 0.1519 0.1320 0.3424 0.0931 0.1000 
          37  1 0.1446 0.1532 0.2150 0.1897 0.1603 0.1373 
          38  1 0.1290 0.1312 0.2173 0.1409 0.1218 0.2599 
          39  1 0.2566 0.2066 0.0852 0.2711 0.0961 0.0845 
          40  1 0.0872 0.0860 0.0656 0.0872 0.0634 0.6107 
          41  1 0.2292 0.1416 0.0376 0.3558 0.1262 0.1095 
          42  1 0.2192 0.1946 0.0489 0.2793 0.1474 0.1106 
          43  1 0.1991 0.1800 0.1231 0.2425 0.2109 0.0443 
          44  1 0.2154 0.2296 0.0603 0.1654 0.0562 0.2731 
          45  1 0.1940 0.1869 0.1890 0.2155 0.1081 0.1065 
          46  1 0.1474 0.1359 0.1299 0.2320 0.2865 0.0685 
          47  1 0.2050 0.2095 0.0681 0.2668 0.0572 0.1935 
          48  1 0.2010 0.1755 0.0811 0.2241 0.1623 0.1559 
          49  1 0.1674 0.1216 0.1130 0.3138 0.2189 0.0653 
          50  1 0.2138 0.2571 0.0583 0.1190 0.1361 0.2157 
          51  1 0.1328 0.1151 0.3598 0.1785 0.1484 0.0653 
          52  1 0.1479 0.1463 0.1062 0.2007 0.1677 0.2313 
          53  1 0.1216 0.1166 0.5398 0.1276 0.0410 0.0534 
          54  1 0.1777 0.1641 0.1787 0.2318 0.1443 0.1035 
          55  1 0.1209 0.1220 0.4159 0.1277 0.0820 0.1315 
          56  1 0.0749 0.0826 0.2782 0.0916 0.0528 0.4199 
          57  1 0.1688 0.1466 0.0880 0.2057 0.1995 0.1914 
          58  1 0.1477 0.1520 0.1656 0.1561 0.0762 0.3025 
          59  1 0.1183 0.1230 0.3678 0.1070 0.0653 0.2186 
          60  1 0.1091 0.1054 0.1719 0.0827 0.4915 0.0394 
          61  1 0.2013 0.2111 0.1889 0.2029 0.0801 0.1158 
          62  1 0.1415 0.1252 0.1733 0.1786 0.2991 0.0823 
          63  1 0.3014 0.2174 0.0736 0.2081 0.1239 0.0757 
          64  1 0.1355 0.1222 0.0482 0.1683 0.4250 0.1009 
          65  1 0.0899 0.0908 0.1466 0.1108 0.1018 0.4601 
          66  1 0.1485 0.1206 0.0485 0.1684 0.2652 0.2488 
          67  1 0.1692 0.1945 0.2557 0.1263 0.0944 0.1599 
          68  1 0.1542 0.1665 0.2816 0.1789 0.0936 0.1252 
          69  1 0.1710 0.1865 0.2361 0.2447 0.0693 0.0924 
          70  1 0.1666 0.1915 0.2161 0.2431 0.0869 0.0957 
          71  1 0.1589 0.1621 0.2383 0.2192 0.1577 0.0638 
          72  1 0.1075 0.1184 0.3211 0.1340 0.0494 0.2696 
          73  1 0.2331 0.2520 0.1893 0.1651 0.0863 0.0741 
          74  1 0.1651 0.1628 0.1947 0.2464 0.1588 0.0722 
          75  1 0.1400 0.1291 0.1230 0.2218 0.3216 0.0645 
          76  1 0.2442 0.3080 0.1119 0.1734 0.1061 0.0563 
          77  1 0.2031 0.2203 0.1773 0.3089 0.0321 0.0583 
          78  1 0.0608 0.0615 0.7148 0.0580 0.0393 0.0657 
          79  1 0.1236 0.1501 0.2609 0.1280 0.2012 0.1362 
          80  1 0.1190 0.1351 0.1164 0.1312 0.4028 0.0956 
          81  1 0.1888 0.2310 0.1645 0.2755 0.0572 0.0829 
          82  1 0.1322 0.1321 0.1624 0.1024 0.3787 0.0923 
          83  1 0.1471 0.1581 0.1087 0.1543 0.3852 0.0466 
          84  1 0.1759 0.1585 0.1499 0.2724 0.1805 0.0628 
          85  1 0.2163 0.1859 0.1188 0.3615 0.0730 0.0444 
          86  1 0.1627 0.1971 0.1831 0.2199 0.0760 0.1613 
          87  1 0.2028 0.2534 0.0606 0.1190 0.1908 0.1734 
          88  1 0.1886 0.1849 0.2223 0.1914 0.1088 0.1041 
          89  1 0.0326 0.0301 0.0261 0.0315 0.8556 0.0241 
          90  1 0.1900 0.2099 0.0571 0.1558 0.2565 0.1307 
          91  1 0.1842 0.2068 0.1710 0.1517 0.0777 0.2085 
          92  1 0.1764 0.1481 0.1665 0.1713 0.2372 0.1005 
          93  1 0.0419 0.0385 0.0302 0.0393 0.8270 0.0231 
          94  1 0.1550 0.1410 0.1333 0.1982 0.2579 0.1146 
          95  1 0.2035 0.2253 0.1259 0.2548 0.1082 0.0823 
          96  1 0.3285 0.3113 0.0567 0.1691 0.0789 0.0554 
          97  1 0.1455 0.1785 0.0731 0.0835 0.0389 0.4805 
          98  1 0.1997 0.2586 0.1900 0.1867 0.1119 0.0531 
          99  1 0.0476 0.0455 0.7384 0.0498 0.0906 0.0282 
         100  1 0.1270 0.1486 0.1826 0.2037 0.0651 0.2730 
         101  1 0.0997 0.1007 0.1283 0.1230 0.4487 0.0997 
         102  1 0.1184 0.1085 0.4947 0.1514 0.0793 0.0476 
         103  1 0.3304 0.2339 0.0447 0.2576 0.0809 0.0524 
         104  1 0.2270 0.2621 0.0960 0.2020 0.0947 0.1182 
         105  1 0.1404 0.1270 0.1946 0.1681 0.2852 0.0848 
         106  1 0.3759 0.3374 0.0322 0.1475 0.0727 0.0343 
         107  1 0.1304 0.1300 0.2058 0.1591 0.2575 0.1172 
         108  1 0.2876 0.2682 0.0649 0.1533 0.1270 0.0990 
         109  1 0.1405 0.1295 0.2650 0.2097 0.0808 0.1745 
         110  1 0.2085 0.1976 0.1201 0.1841 0.0939 0.1959 
         111  1 0.1749 0.1304 0.0879 0.3387 0.2070 0.0611 
         112  1 0.1808 0.2055 0.1052 0.1568 0.2949 0.0568 
         113  1 0.1775 0.2167 0.1423 0.1801 0.0822 0.2012 
         114  1 0.3791 0.3363 0.0314 0.1454 0.0732 0.0347 
         115  1 0.1673 0.1746 0.2531 0.1842 0.0818 0.1389 
         116  1 0.0760 0.0876 0.3747 0.0946 0.3188 0.0483 
         117  1 0.1500 0.1779 0.0793 0.1074 0.2981 0.1873 
         118  1 0.2016 0.2517 0.1862 0.1903 0.0771 0.0932 
         119  1 0.1726 0.1619 0.2882 0.1780 0.1140 0.0853 
         120  1 0.0490 0.0470 0.7380 0.0514 0.0862 0.0284 
         121  1 0.2345 0.2321 0.0657 0.1807 0.0744 0.2126 
         122  1 0.1227 0.1339 0.1935 0.0935 0.0392 0.4172 
         123  1 0.2039 0.2256 0.0692 0.2052 0.0609 0.2353 
         124  1 0.1553 0.1366 0.1343 0.2115 0.1514 0.2109 
         125  1 0.2098 0.2312 0.2036 0.1795 0.1009 0.0749 
         126  1 0.0716 0.0741 0.6798 0.0719 0.0594 0.0431 
         127  1 0.0244 0.0249 0.0227 0.0248 0.0241 0.8790 
         128  1 0.1189 0.1195 0.1549 0.1039 0.4149 0.0879 
         129  1 0.0394 0.0391 0.0297 0.0399 0.8302 0.0216 
         130  1 0.3653 0.3243 0.0403 0.1285 0.1054 0.0363 
         131  1 0.3633 0.3276 0.0388 0.1222 0.1097 0.0383 
         132  1 0.2540 0.2482 0.0751 0.1505 0.1988 0.0735 
         133  1 0.1971 0.2031 0.1336 0.2012 0.0820 0.1830 
         134  1 0.3368 0.2642 0.0624 0.2062 0.0648 0.0655 
         135  1 0.2938 0.2796 0.1462 0.1637 0.0559 0.0608 
         136  1 0.1309 0.1515 0.3133 0.1382 0.0716 0.1945 
         137  1 0.0262 0.0261 0.0248 0.0261 0.0254 0.8714 
         138  1 0.0259 0.0256 0.0246 0.0262 0.0254 0.8723 
         139  1 0.1997 0.1642 0.1281 0.2373 0.1853 0.0853 
         140  1 0.2025 0.2270 0.0729 0.2349 0.2136 0.0491 
         141  1 0.2689 0.2818 0.0672 0.1953 0.0680 0.1188 
         142  1 0.2247 0.1968 0.1192 0.2715 0.1008 0.0870 
         143  1 0.2101 0.1290 0.0930 0.4323 0.0944 0.0413 
         144  1 0.1653 0.1902 0.1163 0.1408 0.2987 0.0887 
         145  1 0.1901 0.2024 0.0870 0.2245 0.0810 0.2150 
         146  1 0.0874 0.1021 0.3144 0.1353 0.3323 0.0285 
         147  1 0.1884 0.2752 0.1071 0.1934 0.0699 0.1660 
         148  1 0.1757 0.1828 0.2474 0.1791 0.1330 0.0821 
         149  1 0.1982 0.2521 0.1127 0.2122 0.1149 0.1098 
         150  1 0.2224 0.1824 0.1220 0.2482 0.1836 0.0415 
         151  1 0.1291 0.1319 0.1842 0.1419 0.0700 0.3429 
         152  1 0.2072 0.2354 0.1135 0.2478 0.1002 0.0961 
         153  1 0.2227 0.2258 0.1413 0.2421 0.0899 0.0783 
         154  1 0.2292 0.2712 0.0507 0.1652 0.0682 0.2155 
         155  1 0.2432 0.2129 0.0826 0.1847 0.0653 0.2112 
         156  1 0.1176 0.1090 0.1300 0.1373 0.3894 0.1167 
         157  1 0.1525 0.1593 0.0377 0.1793 0.3096 0.1616 
         158  1 0.1637 0.1542 0.0394 0.1894 0.3059 0.1474 
         159  1 0.3154 0.2685 0.0577 0.1929 0.0726 0.0929 
         160  1 0.2470 0.1856 0.0522 0.3485 0.0741 0.0926 
         161  1 0.1090 0.0994 0.0524 0.0961 0.0403 0.6028 
         162  1 0.1466 0.1334 0.0648 0.1560 0.4128 0.0865 
         163  1 0.0905 0.0904 0.4987 0.1059 0.0941 0.1203 
         164  1 0.0917 0.1002 0.3620 0.1062 0.2606 0.0792 
         165  1 0.2210 0.2847 0.0484 0.1191 0.0492 0.2775 
         166  1 0.2278 0.2405 0.1439 0.1791 0.1111 0.0976 
         167  1 0.2780 0.2825 0.1303 0.1632 0.0592 0.0869 
         168  1 0.1718 0.1828 0.3279 0.1528 0.0432 0.1216 
         169  1 0.3179 0.2692 0.0448 0.2226 0.0782 0.0673 
         170  1 0.2078 0.2432 0.1116 0.1439 0.0748 0.2186 
         171  1 0.3257 0.2940 0.0533 0.1286 0.1643 0.0340 
         172  1 0.0903 0.0866 0.1276 0.1048 0.2105 0.3802 
         173  1 0.1220 0.0984 0.1959 0.1749 0.0712 0.3376 
         174  1 0.1918 0.2685 0.1981 0.2181 0.0506 0.0729 
         175  1 0.1298 0.1239 0.3890 0.1590 0.0397 0.1586 
         176  1 0.2128 0.2036 0.0638 0.1997 0.2381 0.0820 
         177  1 0.0931 0.1177 0.5507 0.0637 0.0356 0.1393 
         178  1 0.2578 0.2582 0.0605 0.1732 0.1197 0.1305 
         179  1 0.2581 0.2550 0.1067 0.1603 0.1696 0.0502 
         180  1 0.1807 0.1655 0.2953 0.1755 0.1423 0.0407 
         181  1 0.0945 0.1049 0.1203 0.0968 0.2095 0.3740 
         182  1 0.1649 0.1701 0.3028 0.1950 0.0991 0.0681 
         183  1 0.2310 0.1859 0.0619 0.2586 0.0531 0.2095 
         184  1 0.2414 0.3105 0.0594 0.1361 0.0576 0.1951 
         185  1 0.0337 0.0314 0.0283 0.0333 0.8472 0.0260 
         186  1 0.0335 0.0326 0.0287 0.0328 0.8458 0.0265 
         187  1 0.2142 0.2482 0.1308 0.2913 0.0523 0.0632 
         188  1 0.2387 0.2576 0.1022 0.2317 0.1073 0.0625 
         189  1 0.0973 0.1073 0.2368 0.1446 0.0863 0.3277 
         190  1 0.1262 0.1287 0.2381 0.2162 0.1301 0.1608 
         191  1 0.1666 0.1982 0.1768 0.1917 0.0637 0.2031 
         192  1 0.1064 0.1019 0.0515 0.0978 0.0396 0.6028 
         193  1 0.1621 0.1583 0.2205 0.1989 0.0630 0.1973 
         194  1 0.1278 0.1006 0.0779 0.1779 0.2132 0.3026 
         195  1 0.1615 0.1450 0.1827 0.2361 0.1280 0.1467 
         196  1 0.3259 0.2938 0.0559 0.1491 0.0883 0.0869 
         197  1 0.1061 0.1174 0.3408 0.1020 0.0668 0.2669 
         198  1 0.1703 0.1785 0.0560 0.1670 0.2445 0.1838 
         199  1 0.1497 0.1485 0.1237 0.1357 0.2267 0.2158 
         200  1 0.1458 0.1513 0.1456 0.1796 0.3087 0.0689 
         201  1 0.2150 0.2136 0.0731 0.2832 0.1773 0.0379 
         202  1 0.2275 0.2939 0.0481 0.2041 0.0649 0.1614 
         203  1 0.3332 0.3051 0.0639 0.1729 0.0815 0.0435 
         204  1 0.1354 0.1281 0.0911 0.1772 0.3743 0.0939 
         205  1 0.1412 0.1440 0.2857 0.1551 0.1358 0.1381 
         206  1 0.1334 0.1266 0.2474 0.2341 0.1017 0.1569 
         207  1 0.2852 0.2614 0.0598 0.1635 0.0530 0.1771 
         208  1 0.2323 0.1977 0.0827 0.2068 0.0651 0.2154 
         209  1 0.1925 0.2478 0.0707 0.1360 0.1522 0.2008 
         210  1 0.1564 0.1664 0.0671 0.1614 0.0779 0.3709 
         211  1 0.1598 0.1275 0.0663 0.1551 0.0815 0.4099 
         212  1 0.2029 0.2527 0.0849 0.2286 0.1136 0.1172 
         213  1 0.2413 0.2095 0.1334 0.3309 0.0511 0.0338 
         214  1 0.1905 0.1655 0.1059 0.2624 0.1096 0.1661 
         215  1 0.0807 0.0848 0.0430 0.1131 0.6424 0.0361 
         216  1 0.0488 0.0478 0.6014 0.0538 0.0780 0.1702 
         217  1 0.2401 0.2443 0.0938 0.1556 0.1384 0.1278 
         218  1 0.1518 0.1630 0.0910 0.2714 0.2546 0.0683 
         219  1 0.2480 0.2375 0.1162 0.1597 0.1393 0.0993 
         220  1 0.1706 0.1602 0.1372 0.1999 0.1530 0.1791 
         221  1 0.1623 0.1791 0.0982 0.1468 0.2769 0.1367 
         222  1 0.1612 0.1811 0.0724 0.1757 0.3154 0.0941 
         223  1 0.1735 0.2041 0.0961 0.1582 0.2440 0.1242 
         224  1 0.2725 0.2995 0.0633 0.1670 0.0516 0.1460 
         225  1 0.1916 0.1446 0.1149 0.3371 0.1359 0.0758 
         226  1 0.0703 0.0732 0.0640 0.0559 0.0363 0.7003 
         227  1 0.1955 0.1032 0.0634 0.3806 0.1965 0.0607 
         228  1 0.2294 0.2352 0.1187 0.1734 0.1849 0.0584 
         229  1 0.1156 0.1012 0.3008 0.1671 0.2356 0.0796 
         230  1 0.1687 0.1599 0.1963 0.1638 0.1318 0.1795 
         231  1 0.2211 0.2650 0.0965 0.1487 0.1054 0.1632 
         232  1 0.1593 0.1520 0.2239 0.1641 0.2486 0.0521 
         233  1 0.0775 0.0830 0.4496 0.0631 0.0358 0.2910 
         234  1 0.2238 0.2134 0.2296 0.1391 0.1314 0.0627 
         235  1 0.1672 0.1213 0.0741 0.2665 0.0505 0.3204 
         236  1 0.1036 0.1097 0.4795 0.1214 0.0695 0.1162 
         237  1 0.1410 0.1412 0.1686 0.1749 0.2451 0.1292 
         238  1 0.0737 0.0770 0.5239 0.0774 0.0745 0.1735 
         239  1 0.1425 0.1471 0.3081 0.1830 0.0945 0.1248 
         240  1 0.1834 0.1597 0.0827 0.2357 0.2526 0.0859 
         241  1 0.0865 0.0783 0.3811 0.1025 0.2512 0.1004 
         242  1 0.0726 0.0903 0.5118 0.0711 0.0380 0.2162 
         243  1 0.1858 0.1791 0.1238 0.2665 0.1722 0.0726 
         244  1 0.2543 0.2477 0.0733 0.2118 0.0941 0.1188 
         245  1 0.2484 0.2775 0.1242 0.1526 0.1140 0.0835 
         246  1 0.1420 0.1248 0.1041 0.1770 0.2425 0.2096 
         247  1 0.2075 0.1815 0.1909 0.1313 0.1074 0.1815 
         248  1 0.1710 0.2191 0.2450 0.1484 0.0476 0.1689 
         249  1 0.2498 0.2180 0.1605 0.1583 0.1494 0.0640 
         250  1 0.1206 0.1097 0.2226 0.1313 0.2958 0.1199 
         251  1 0.1450 0.1498 0.1433 0.1359 0.0638 0.3622 
         252  1 0.2185 0.2447 0.1089 0.1927 0.1472 0.0879 
         253  1 0.1474 0.1550 0.3352 0.1936 0.0975 0.0712 
         254  1 0.1836 0.2264 0.1307 0.2461 0.0774 0.1358 
         255  1 0.1234 0.1179 0.2851 0.1291 0.1472 0.1972 
         256  1 0.1182 0.0921 0.4463 0.2022 0.0520 0.0891 
         257  1 0.0583 0.0673 0.6488 0.0613 0.0435 0.1209 
         258  1 0.1381 0.1663 0.2903 0.1394 0.1390 0.1268 
         259  1 0.1866 0.1972 0.1953 0.2739 0.0504 0.0966 
         260  1 0.1207 0.1224 0.2943 0.1591 0.1233 0.1803 
         261  1 0.1218 0.1309 0.1055 0.1452 0.2111 0.2855 
         262  1 0.0972 0.0966 0.4495 0.0951 0.1048 0.1568 
         263  1 0.2601 0.2502 0.0623 0.1795 0.1296 0.1183 
         264  1 0.1804 0.1791 0.2320 0.1949 0.0990 0.1146 
         265  1 0.1451 0.1533 0.2730 0.1346 0.0644 0.2296 
         266  1 0.1284 0.1588 0.1240 0.1502 0.3162 0.1224 
         267  1 0.1650 0.1607 0.1258 0.1939 0.2583 0.0964 
         268  1 0.1036 0.1036 0.4539 0.1501 0.1165 0.0723 
         269  1 0.1804 0.2210 0.2504 0.2391 0.0666 0.0425 
         270  1 0.1290 0.1142 0.3796 0.1644 0.1265 0.0863 
