           1  1 0.0971 0.0870 0.1279 0.4052 0.1673 0.1155 
           2  1 0.1739 0.3816 0.0479 0.1674 0.1068 0.1225 
           3  1 0.1225 0.1231 0.1287 0.1393 0.1519 0.3345 
           4  1 0.0440 0.0456 0.7929 0.0342 0.0390 0.0443 
           5  1 0.2559 0.2104 0.1306 0.0878 0.2025 0.1128 
           6  1 0.0874 0.0901 0.2534 0.0467 0.0679 0.4545 
           7  1 0.1144 0.1097 0.0395 0.4158 0.1930 0.1276 
           8  1 0.1591 0.1611 0.3504 0.1137 0.1273 0.0883 
           9  1 0.1930 0.1155 0.0485 0.1620 0.2799 0.2011 
          10  1 0.2927 0.2171 0.0507 0.0763 0.1940 0.1693 
          11  1 0.0698 0.0608 0.0796 0.0434 0.0736 0.6728 
          12  1 0.0853 0.0879 0.2848 0.0472 0.0637 0.4311 
          13  1 0.1046 0.1181 0.3374 0.2204 0.1367 0.0829 
          14  1 0.1702 0.1513 0.0722 0.2928 0.2096 0.1039 
          15  1 0.2429 0.2526 0.0817 0.1276 0.1938 0.1014 
          16  1 0.1104 0.1860 0.0725 0.4255 0.1415 0.0641 
          17  1 0.1305 0.1469 0.2396 0.1421 0.1234 0.2175 
          18  1 0.1655 0.2886 0.1513 0.0961 0.0791 0.2194 
          19  1 0.2727 0.2736 0.1178 0.0705 0.2160 0.0494 
          20  1 0.2153 0.1759 0.0968 0.1542 0.2590 0.0988 
          21  1 0.1580 0.1982 0.2909 0.1252 0.1359 0.0917 
          22  1 0.1528 0.1934 0.1705 0.2775 0.1505 0.0554 
          23  1 0.1269 0.1550 0.0794 0.3587 0.1560 0.1239 
          24  1 0.1652 0.2044 0.1110 0.2564 0.1499 0.1131 
          25  1 0.1709 0.1459 0.1275 0.1470 0.1723 0.2364 
          26  1 0.2716 0.1986 0.0634 0.1320 0.2776 0.0568 
          27  1 0.1786 0.1506 0.0560 0.2783 0.2391 0.0974 
          28  1 0.1739 0.2225 0.3158 0.0716 0.1361 0.0801 
          29  1 0.2233 0.2712 0.0623 0.1312 0.2161 0.0960 
          30  1 0.1946 0.3092 0.1007 0.1570 0.1465 0.0920 
          31  1 0.1760 0.1474 0.0628 0.2203 0.2219 0.1716 
          32  1 0.2144 0.1780 0.1256 0.1187 0.2161 0.1472 
          33  1 0.1757 0.2236 0.1139 0.1266 0.1282 0.2320 
          34  1 0.2008 0.3170 0.1165 0.1287 0.1339 0.1031 
          35  1 0.2043 0.4217 0.0557 0.1370 0.1200 0.0612 
          36  1 0.1926 0.3703 0.1185 0.1022 0.1124 0.1041 
          37  1 0.1741 0.1967 0.2093 0.1441 0.1363 0.1396 
          38  1 0.1331 0.1458 0.2099 0.1222 0.1222 0.2668 
          39  1 0.2355 0.2646 0.0748 0.1237 0.2121 0.0894 
          40  1 0.0852 0.0827 0.0608 0.0656 0.0805 0.6251 
          41  1 0.1965 0.3750 0.0334 0.1326 0.1440 0.1185 
          42  1 0.2407 0.2991 0.0443 0.1473 0.1640 0.1046 
          43  1 0.2180 0.2527 0.1212 0.1863 0.1807 0.0411 
          44  1 0.2253 0.1825 0.0661 0.0735 0.2012 0.2514 
          45  1 0.1944 0.2079 0.1979 0.1179 0.1757 0.1061 
          46  1 0.1630 0.2427 0.1233 0.2524 0.1521 0.0665 
          47  1 0.2525 0.3017 0.0573 0.0747 0.1479 0.1659 
          48  1 0.1895 0.2628 0.0841 0.1634 0.1631 0.1370 
          49  1 0.2000 0.3350 0.1211 0.1810 0.1023 0.0605 
          50  1 0.2352 0.1710 0.0592 0.1343 0.2219 0.1785 
          51  1 0.1331 0.1893 0.3781 0.1272 0.1063 0.0660 
          52  1 0.1550 0.2102 0.1043 0.1567 0.1375 0.2363 
          53  1 0.1108 0.1272 0.5655 0.0484 0.0973 0.0510 
          54  1 0.1861 0.2270 0.1741 0.1488 0.1561 0.1078 
          55  1 0.1226 0.1199 0.4248 0.0910 0.1109 0.1308 
          56  1 0.0742 0.0894 0.2411 0.0557 0.0667 0.4730 
          57  1 0.1690 0.2319 0.0848 0.1852 0.1340 0.1951 
          58  1 0.1655 0.1760 0.1646 0.0748 0.1232 0.2958 
          59  1 0.1182 0.1067 0.3791 0.0693 0.1066 0.2201 
          60  1 0.0966 0.0791 0.1694 0.4312 0.1839 0.0399 
          61  1 0.2076 0.1837 0.1979 0.1022 0.1919 0.1168 
          62  1 0.1574 0.2100 0.1845 0.2425 0.1308 0.0748 
          63  1 0.2215 0.2098 0.0759 0.1553 0.2636 0.0740 
          64  1 0.1407 0.1760 0.0469 0.3618 0.1749 0.0997 
          65  1 0.0910 0.0920 0.1162 0.0989 0.0885 0.5134 
          66  1 0.1377 0.1681 0.0447 0.2271 0.1689 0.2535 
          67  1 0.1754 0.1439 0.2687 0.1023 0.1742 0.1356 
          68  1 0.1745 0.1811 0.2957 0.0962 0.1323 0.1202 
          69  1 0.2105 0.2414 0.2162 0.0912 0.1477 0.0929 
          70  1 0.2026 0.2283 0.2068 0.1134 0.1546 0.0943 
          71  1 0.1757 0.2249 0.2502 0.1404 0.1411 0.0677 
          72  1 0.1210 0.1303 0.2951 0.0549 0.0944 0.3043 
          73  1 0.2173 0.1182 0.1693 0.1428 0.2781 0.0743 
          74  1 0.1859 0.2346 0.2097 0.1556 0.1448 0.0694 
          75  1 0.1564 0.2363 0.1334 0.2755 0.1346 0.0639 
          76  1 0.2858 0.2084 0.1093 0.1158 0.2297 0.0510 
          77  1 0.2597 0.2981 0.1674 0.0583 0.1574 0.0591 
          78  1 0.0594 0.0529 0.7342 0.0387 0.0588 0.0561 
          79  1 0.1443 0.1385 0.2532 0.1959 0.1382 0.1299 
          80  1 0.1413 0.1453 0.1119 0.3518 0.1615 0.0883 
          81  1 0.2596 0.2526 0.1503 0.0759 0.1791 0.0824 
          82  1 0.1327 0.1112 0.1735 0.3154 0.1772 0.0900 
          83  1 0.1696 0.1758 0.1063 0.3294 0.1743 0.0446 
          84  1 0.1821 0.2538 0.1425 0.1947 0.1617 0.0653 
          85  1 0.2515 0.3770 0.1038 0.0901 0.1332 0.0444 
          86  1 0.2354 0.2324 0.1559 0.0755 0.1451 0.1558 
          87  1 0.2272 0.1654 0.0650 0.1853 0.2223 0.1348 
          88  1 0.1900 0.1761 0.2268 0.1295 0.1750 0.1025 
          89  1 0.0329 0.0360 0.0263 0.7213 0.1595 0.0240 
          90  1 0.2210 0.1699 0.0545 0.2385 0.1969 0.1193 
          91  1 0.2029 0.1725 0.1626 0.0903 0.1801 0.1917 
          92  1 0.1481 0.1649 0.1720 0.2275 0.1896 0.0979 
          93  1 0.0397 0.0398 0.0294 0.7042 0.1647 0.0222 
          94  1 0.1635 0.2062 0.1261 0.2352 0.1566 0.1124 
          95  1 0.2410 0.2566 0.1249 0.1120 0.1804 0.0852 
          96  1 0.2525 0.1076 0.0464 0.1649 0.3753 0.0533 
          97  1 0.1771 0.1218 0.0740 0.0449 0.1229 0.4593 
          98  1 0.2442 0.1764 0.2012 0.1241 0.2049 0.0492 
          99  1 0.0448 0.0478 0.7758 0.0619 0.0436 0.0261 
         100  1 0.1526 0.1870 0.1628 0.0732 0.1152 0.3092 
         101  1 0.0954 0.1089 0.1249 0.3990 0.1630 0.1088 
         102  1 0.1112 0.1474 0.5175 0.0797 0.1000 0.0442 
         103  1 0.2600 0.2301 0.0414 0.1270 0.2897 0.0518 
         104  1 0.2555 0.2034 0.0872 0.1194 0.2201 0.1144 
         105  1 0.1409 0.1596 0.2024 0.2640 0.1491 0.0841 
         106  1 0.2690 0.0822 0.0312 0.1551 0.4298 0.0328 
         107  1 0.1352 0.1541 0.2000 0.2434 0.1446 0.1227 
         108  1 0.2319 0.1326 0.0575 0.1709 0.3141 0.0930 
         109  1 0.1436 0.2260 0.2523 0.0857 0.1111 0.1813 
         110  1 0.1978 0.1864 0.1190 0.1219 0.1945 0.1804 
         111  1 0.1940 0.3741 0.0784 0.1762 0.1180 0.0594 
         112  1 0.2013 0.1848 0.1005 0.2703 0.1912 0.0519 
         113  1 0.2025 0.1971 0.1560 0.0921 0.1714 0.1809 
         114  1 0.2675 0.0863 0.0320 0.1532 0.4279 0.0330 
         115  1 0.1902 0.1860 0.2404 0.0918 0.1521 0.1396 
         116  1 0.0826 0.0886 0.3785 0.2865 0.1157 0.0480 
         117  1 0.1632 0.1303 0.0822 0.2781 0.1783 0.1680 
         118  1 0.2543 0.1879 0.1820 0.1028 0.1881 0.0848 
         119  1 0.1523 0.1764 0.3025 0.1294 0.1544 0.0850 
         120  1 0.0447 0.0481 0.7736 0.0622 0.0446 0.0268 
         121  1 0.2364 0.1821 0.0620 0.1036 0.2187 0.1972 
         122  1 0.1334 0.1033 0.2078 0.0477 0.1176 0.3902 
         123  1 0.2408 0.2678 0.0627 0.0659 0.1656 0.1972 
         124  1 0.1627 0.2423 0.1290 0.1425 0.1067 0.2168 
         125  1 0.2134 0.1841 0.2021 0.1161 0.2124 0.0719 
         126  1 0.0681 0.0675 0.7028 0.0532 0.0667 0.0417 
         127  1 0.0246 0.0245 0.0215 0.0230 0.0238 0.8826 
         128  1 0.1156 0.1064 0.1606 0.3674 0.1648 0.0852 
         129  1 0.0385 0.0392 0.0288 0.7068 0.1654 0.0212 
         130  1 0.2381 0.0581 0.0401 0.1872 0.4403 0.0361 
         131  1 0.2398 0.0565 0.0360 0.1835 0.4461 0.0381 
         132  1 0.2308 0.1551 0.0743 0.2091 0.2670 0.0636 
         133  1 0.2186 0.2299 0.1306 0.0920 0.1633 0.1656 
         134  1 0.2496 0.1881 0.0626 0.1270 0.3077 0.0650 
         135  1 0.2406 0.1480 0.1416 0.1021 0.3093 0.0585 
         136  1 0.1514 0.1488 0.3082 0.0749 0.1178 0.1989 
         137  1 0.0250 0.0258 0.0237 0.0246 0.0236 0.8773 
         138  1 0.0251 0.0254 0.0234 0.0247 0.0238 0.8776 
         139  1 0.1765 0.2415 0.1307 0.1826 0.1895 0.0792 
         140  1 0.2360 0.2364 0.0655 0.2284 0.1858 0.0479 
         141  1 0.2626 0.1894 0.0626 0.1075 0.2709 0.1070 
         142  1 0.2095 0.2783 0.1156 0.1186 0.1914 0.0866 
         143  1 0.2203 0.4470 0.0888 0.0963 0.1059 0.0416 
         144  1 0.1890 0.1632 0.1163 0.2740 0.1787 0.0789 
         145  1 0.2054 0.2062 0.0725 0.1161 0.1880 0.2118 
         146  1 0.1179 0.1199 0.3270 0.2825 0.1238 0.0289 
         147  1 0.2636 0.1809 0.0902 0.0999 0.2031 0.1623 
         148  1 0.1701 0.1618 0.2350 0.1579 0.1949 0.0804 
         149  1 0.2596 0.2006 0.1017 0.1408 0.1933 0.1041 
         150  1 0.1992 0.2376 0.1248 0.1965 0.2003 0.0417 
         151  1 0.1186 0.1245 0.1775 0.0859 0.1217 0.3718 
         152  1 0.2504 0.2489 0.0989 0.1241 0.1827 0.0951 
         153  1 0.2223 0.2124 0.1396 0.1274 0.2223 0.0759 
         154  1 0.2699 0.2148 0.0492 0.0773 0.2066 0.1822 
         155  1 0.1972 0.1696 0.0726 0.1111 0.2402 0.2093 
         156  1 0.1131 0.1140 0.1240 0.3565 0.1640 0.1284 
         157  1 0.1192 0.1508 0.0327 0.3421 0.1913 0.1640 
         158  1 0.1196 0.1710 0.0328 0.3350 0.1912 0.1503 
         159  1 0.2411 0.1471 0.0497 0.1409 0.3272 0.0940 
         160  1 0.2531 0.3732 0.0474 0.0954 0.1439 0.0870 
         161  1 0.1131 0.1224 0.0499 0.0422 0.0819 0.5904 
         162  1 0.1500 0.1530 0.0618 0.3553 0.1926 0.0872 
         163  1 0.0873 0.1037 0.5267 0.0913 0.0788 0.1123 
         164  1 0.1006 0.0984 0.3612 0.2441 0.1155 0.0802 
         165  1 0.2749 0.2025 0.0512 0.0582 0.1928 0.2204 
         166  1 0.2316 0.1976 0.1393 0.1246 0.2169 0.0899 
         167  1 0.2451 0.1655 0.1387 0.0932 0.2727 0.0848 
         168  1 0.1681 0.1365 0.3418 0.0678 0.1679 0.1179 
         169  1 0.2384 0.1708 0.0397 0.1502 0.3330 0.0679 
         170  1 0.2436 0.2104 0.1167 0.0852 0.1860 0.1581 
         171  1 0.2234 0.0931 0.0526 0.2129 0.3831 0.0349 
         172  1 0.0933 0.1141 0.1227 0.1779 0.0986 0.3935 
         173  1 0.1266 0.2046 0.1994 0.0697 0.0819 0.3177 
         174  1 0.2551 0.2057 0.1835 0.0857 0.2012 0.0687 
         175  1 0.1321 0.1662 0.4126 0.0462 0.0917 0.1511 
         176  1 0.2062 0.2197 0.0632 0.2238 0.2075 0.0796 
         177  1 0.1041 0.0797 0.5904 0.0340 0.0798 0.1120 
         178  1 0.2290 0.1759 0.0543 0.1509 0.2703 0.1194 
         179  1 0.1976 0.1243 0.1055 0.2266 0.2943 0.0516 
         180  1 0.1641 0.1492 0.3053 0.1558 0.1873 0.0384 
         181  1 0.0962 0.0847 0.1098 0.1980 0.1123 0.3990 
         182  1 0.1699 0.2066 0.3091 0.1117 0.1404 0.0623 
         183  1 0.2117 0.2605 0.0549 0.0949 0.1741 0.2040 
         184  1 0.2888 0.1950 0.0610 0.0793 0.2304 0.1455 
         185  1 0.0342 0.0358 0.0291 0.7165 0.1587 0.0257 
         186  1 0.0317 0.0350 0.0287 0.7207 0.1585 0.0253 
         187  1 0.2725 0.2861 0.1157 0.0852 0.1767 0.0639 
         188  1 0.2537 0.2104 0.0894 0.1423 0.2432 0.0609 
         189  1 0.1096 0.1311 0.2062 0.0855 0.0953 0.3723 
         190  1 0.1492 0.1928 0.2202 0.1308 0.1131 0.1939 
         191  1 0.2139 0.1968 0.1573 0.0799 0.1518 0.2004 
         192  1 0.1136 0.1190 0.0478 0.0418 0.0857 0.5922 
         193  1 0.1647 0.1943 0.2187 0.0778 0.1338 0.2107 
         194  1 0.1126 0.1751 0.0743 0.1861 0.1140 0.3379 
         195  1 0.1710 0.2328 0.1702 0.1350 0.1232 0.1677 
         196  1 0.2288 0.1065 0.0563 0.1446 0.3730 0.0908 
         197  1 0.1220 0.1179 0.3543 0.0654 0.0847 0.2557 
         198  1 0.1929 0.1890 0.0534 0.2165 0.1763 0.1719 
         199  1 0.1307 0.1207 0.1168 0.2284 0.1603 0.2430 
         200  1 0.1834 0.1906 0.1561 0.2560 0.1529 0.0610 
         201  1 0.2357 0.2628 0.0657 0.1907 0.2067 0.0384 
         202  1 0.3102 0.2448 0.0459 0.0746 0.2140 0.1105 
         203  1 0.2480 0.1084 0.0590 0.1610 0.3810 0.0425 
         204  1 0.1401 0.1808 0.0866 0.3298 0.1705 0.0922 
         205  1 0.1397 0.1522 0.2996 0.1338 0.1355 0.1392 
         206  1 0.1497 0.2353 0.2464 0.1055 0.0984 0.1647 
         207  1 0.2201 0.1399 0.0518 0.1148 0.2950 0.1784 
         208  1 0.1840 0.1934 0.0810 0.0976 0.2196 0.2244 
         209  1 0.2358 0.1886 0.0700 0.1468 0.1982 0.1606 
         210  1 0.1781 0.1893 0.0646 0.0803 0.1336 0.3541 
         211  1 0.1204 0.1508 0.0677 0.0973 0.1233 0.4405 
         212  1 0.2716 0.2594 0.0801 0.1129 0.1778 0.0984 
         213  1 0.2545 0.3737 0.1386 0.0591 0.1415 0.0326 
         214  1 0.1879 0.2843 0.1029 0.1077 0.1425 0.1748 
         215  1 0.0913 0.1135 0.0409 0.5487 0.1693 0.0363 
         216  1 0.0485 0.0577 0.6213 0.0675 0.0490 0.1559 
         217  1 0.2279 0.1584 0.0899 0.1481 0.2710 0.1048 
         218  1 0.2055 0.2507 0.0794 0.2394 0.1582 0.0668 
         219  1 0.2038 0.1591 0.1202 0.1639 0.2543 0.0987 
         220  1 0.1677 0.2084 0.1344 0.1575 0.1525 0.1795 
         221  1 0.1571 0.1399 0.0911 0.2913 0.1867 0.1339 
         222  1 0.1581 0.1565 0.0674 0.3258 0.1997 0.0925 
         223  1 0.2078 0.1968 0.0924 0.2250 0.1746 0.1034 
         224  1 0.2913 0.1948 0.0603 0.0735 0.2707 0.1094 
         225  1 0.2064 0.3792 0.1111 0.1280 0.1082 0.0671 
         226  1 0.0632 0.0538 0.0647 0.0401 0.0677 0.7104 
         227  1 0.1834 0.4150 0.0603 0.1606 0.1185 0.0621 
         228  1 0.2064 0.1513 0.1137 0.2104 0.2612 0.0570 
         229  1 0.1232 0.1828 0.3068 0.2051 0.1023 0.0799 
         230  1 0.1526 0.1657 0.1988 0.1386 0.1658 0.1785 
         231  1 0.2582 0.2041 0.1050 0.1133 0.2009 0.1186 
         232  1 0.1445 0.1699 0.2268 0.2451 0.1631 0.0506 
         233  1 0.0828 0.0704 0.4575 0.0366 0.0635 0.2891 
         234  1 0.1786 0.1072 0.2353 0.1574 0.2606 0.0608 
         235  1 0.1602 0.2771 0.0734 0.0584 0.0949 0.3360 
         236  1 0.1148 0.1252 0.4727 0.0763 0.0949 0.1160 
         237  1 0.1416 0.1808 0.1786 0.2239 0.1440 0.1311 
         238  1 0.0720 0.0804 0.5424 0.0700 0.0665 0.1688 
         239  1 0.1477 0.1609 0.3022 0.1086 0.1502 0.1305 
         240  1 0.1787 0.2442 0.0796 0.2405 0.1708 0.0862 
         241  1 0.0925 0.1169 0.3989 0.1939 0.1002 0.0977 
         242  1 0.0873 0.0781 0.5166 0.0391 0.0637 0.2153 
         243  1 0.1980 0.2530 0.1041 0.1949 0.1762 0.0738 
         244  1 0.2262 0.2000 0.0696 0.1323 0.2490 0.1230 
         245  1 0.2527 0.1754 0.1250 0.1309 0.2382 0.0777 
         246  1 0.1394 0.1823 0.1035 0.2234 0.1407 0.2107 
         247  1 0.1636 0.1000 0.1751 0.1390 0.2302 0.1921 
         248  1 0.2107 0.1664 0.2553 0.0628 0.1559 0.1489 
         249  1 0.1884 0.1266 0.1538 0.1875 0.2801 0.0637 
         250  1 0.1235 0.1371 0.2328 0.2471 0.1408 0.1188 
         251  1 0.1490 0.1318 0.1405 0.0755 0.1298 0.3734 
         252  1 0.2109 0.1581 0.1009 0.1864 0.2590 0.0847 
         253  1 0.1648 0.1910 0.3450 0.0982 0.1317 0.0694 
         254  1 0.2461 0.2283 0.1108 0.1022 0.1802 0.1323 
         255  1 0.1211 0.1319 0.2761 0.1327 0.1297 0.2085 
         256  1 0.1109 0.2099 0.4672 0.0557 0.0703 0.0858 
         257  1 0.0676 0.0587 0.6553 0.0438 0.0590 0.1156 
         258  1 0.1721 0.1424 0.2822 0.1401 0.1395 0.1237 
         259  1 0.2323 0.2753 0.2090 0.0613 0.1321 0.0901 
         260  1 0.1347 0.1595 0.2594 0.1281 0.1100 0.2083 
         261  1 0.1251 0.1330 0.0931 0.2050 0.1357 0.3081 
         262  1 0.0891 0.0881 0.4415 0.1092 0.1016 0.1705 
         263  1 0.2376 0.1766 0.0597 0.1500 0.2696 0.1064 
         264  1 0.1918 0.1925 0.2243 0.1136 0.1654 0.1124 
         265  1 0.1603 0.1407 0.2839 0.0720 0.1264 0.2167 
         266  1 0.1389 0.1273 0.1119 0.3208 0.1789 0.1222 
         267  1 0.1779 0.2056 0.1203 0.2314 0.1634 0.1015 
         268  1 0.1101 0.1520 0.4763 0.1029 0.0834 0.0752 
         269  1 0.2400 0.2291 0.2438 0.0836 0.1619 0.0414 
         270  1 0.1235 0.1690 0.3902 0.1193 0.1094 0.0886 
