           1  1 0.4090 0.2072 0.1320 0.2517 
           2  1 0.1887 0.1113 0.5386 0.1613 
           3  1 0.2572 0.2671 0.2320 0.2437 
           4  1 0.2647 0.5082 0.1281 0.0990 
           5  1 0.1818 0.2636 0.2356 0.3190 
           6  1 0.1742 0.4428 0.1385 0.2444 
           7  1 0.4095 0.1229 0.1795 0.2881 
           8  1 0.2360 0.3293 0.2392 0.1955 
           9  1 0.2633 0.1915 0.1965 0.3488 
          10  1 0.1305 0.2390 0.2569 0.3735 
          11  1 0.1515 0.3793 0.1609 0.3083 
          12  1 0.1671 0.4265 0.1468 0.2597 
          13  1 0.3388 0.2944 0.1735 0.1933 
          14  1 0.3408 0.1675 0.2175 0.2742 
          15  1 0.2151 0.1884 0.3812 0.2153 
          16  1 0.3395 0.1291 0.3348 0.1965 
          17  1 0.2558 0.3294 0.2020 0.2128 
          18  1 0.1420 0.2495 0.4103 0.1982 
          19  1 0.1645 0.1996 0.4507 0.1852 
          20  1 0.3195 0.1706 0.2431 0.2668 
          21  1 0.2680 0.2657 0.2866 0.1796 
          22  1 0.3053 0.1987 0.3002 0.1958 
          23  1 0.3307 0.1777 0.2627 0.2290 
          24  1 0.2761 0.2175 0.2537 0.2526 
          25  1 0.2513 0.2703 0.1793 0.2991 
          26  1 0.2407 0.1572 0.3019 0.3003 
          27  1 0.3502 0.1361 0.2607 0.2530 
          28  1 0.2016 0.3027 0.3173 0.1784 
          29  1 0.2030 0.1641 0.3756 0.2573 
          30  1 0.2711 0.1621 0.3435 0.2234 
          31  1 0.3339 0.1673 0.2084 0.2904 
          32  1 0.2397 0.2514 0.2474 0.2615 
          33  1 0.2225 0.2488 0.3187 0.2100 
          34  1 0.2319 0.1797 0.4303 0.1581 
          35  1 0.2135 0.1033 0.5287 0.1544 
          36  1 0.1815 0.2031 0.4832 0.1323 
          37  1 0.2299 0.2943 0.2611 0.2147 
          38  1 0.2108 0.3272 0.1906 0.2714 
          39  1 0.2423 0.1702 0.3913 0.1962 
          40  1 0.1526 0.3224 0.1677 0.3572 
          41  1 0.1768 0.1066 0.5293 0.1873 
          42  1 0.2179 0.1497 0.3800 0.2523 
          43  1 0.2958 0.1428 0.3527 0.2087 
          44  1 0.1317 0.2553 0.2021 0.4109 
          45  1 0.2264 0.2623 0.2842 0.2271 
          46  1 0.2740 0.1660 0.3735 0.1865 
          47  1 0.1265 0.1919 0.4422 0.2393 
          48  1 0.2335 0.1732 0.3108 0.2825 
          49  1 0.2164 0.1628 0.4748 0.1460 
          50  1 0.2020 0.2363 0.1392 0.4225 
          51  1 0.2541 0.2804 0.3011 0.1645 
          52  1 0.2505 0.2142 0.2951 0.2402 
          53  1 0.2287 0.4150 0.2202 0.1361 
          54  1 0.2559 0.2520 0.2961 0.1960 
          55  1 0.2481 0.3952 0.1757 0.1810 
          56  1 0.2108 0.4720 0.1480 0.1692 
          57  1 0.2297 0.2112 0.3265 0.2326 
          58  1 0.1858 0.3095 0.2287 0.2759 
          59  1 0.1869 0.3998 0.1524 0.2610 
          60  1 0.4641 0.1731 0.1206 0.2422 
          61  1 0.2108 0.2936 0.2397 0.2559 
          62  1 0.2797 0.2135 0.2689 0.2378 
          63  1 0.2874 0.1389 0.3269 0.2467 
          64  1 0.3449 0.1216 0.2693 0.2642 
          65  1 0.2227 0.3685 0.1736 0.2352 
          66  1 0.2737 0.1611 0.2944 0.2709 
          67  1 0.2341 0.3188 0.1507 0.2964 
          68  1 0.2110 0.3291 0.2395 0.2204 
          69  1 0.1911 0.3044 0.3283 0.1761 
          70  1 0.2126 0.2896 0.3231 0.1747 
          71  1 0.2286 0.2826 0.3181 0.1708 
          72  1 0.2019 0.4269 0.1799 0.1913 
          73  1 0.3236 0.2660 0.2021 0.2083 
          74  1 0.2561 0.2540 0.3213 0.1687 
          75  1 0.2834 0.1799 0.3420 0.1947 
          76  1 0.2299 0.2184 0.2622 0.2894 
          77  1 0.1480 0.2402 0.4576 0.1542 
          78  1 0.2575 0.5181 0.1071 0.1173 
          79  1 0.2802 0.3309 0.1636 0.2253 
          80  1 0.3331 0.1987 0.2109 0.2574 
          81  1 0.1671 0.2536 0.3860 0.1933 
          82  1 0.3803 0.2159 0.1365 0.2673 
          83  1 0.3535 0.1570 0.2512 0.2383 
          84  1 0.2652 0.1943 0.3756 0.1649 
          85  1 0.1638 0.1592 0.5430 0.1340 
          86  1 0.1734 0.2883 0.3207 0.2175 
          87  1 0.2221 0.2249 0.1346 0.4184 
          88  1 0.2644 0.2890 0.2401 0.2064 
          89  1 0.5648 0.0671 0.0964 0.2717 
          90  1 0.2878 0.1867 0.1907 0.3348 
          91  1 0.1841 0.2982 0.1854 0.3323 
          92  1 0.3476 0.1955 0.2260 0.2309 
          93  1 0.5583 0.0632 0.1026 0.2759 
          94  1 0.2859 0.2094 0.2849 0.2198 
          95  1 0.1744 0.2313 0.3393 0.2550 
          96  1 0.3378 0.1437 0.2240 0.2945 
          97  1 0.1079 0.3493 0.1325 0.4104 
          98  1 0.2400 0.2562 0.2484 0.2554 
          99  1 0.3070 0.4530 0.1315 0.1084 
         100  1 0.2059 0.3239 0.3183 0.1519 
         101  1 0.3766 0.2112 0.1929 0.2194 
         102  1 0.2615 0.3564 0.2496 0.1326 
         103  1 0.2395 0.1071 0.4327 0.2208 
         104  1 0.1974 0.2338 0.2589 0.3099 
         105  1 0.3401 0.2284 0.2267 0.2047 
         106  1 0.4126 0.0845 0.2116 0.2913 
         107  1 0.3201 0.2710 0.2053 0.2036 
         108  1 0.3304 0.1716 0.1724 0.3256 
         109  1 0.2172 0.3198 0.3083 0.1547 
         110  1 0.1818 0.2521 0.2271 0.3390 
         111  1 0.1919 0.1431 0.5056 0.1594 
         112  1 0.3273 0.1741 0.2354 0.2632 
         113  1 0.1726 0.2762 0.2198 0.3315 
         114  1 0.4089 0.0845 0.2130 0.2936 
         115  1 0.2092 0.2891 0.2776 0.2241 
         116  1 0.3550 0.3227 0.1430 0.1793 
         117  1 0.3213 0.2047 0.1355 0.3386 
         118  1 0.1996 0.2840 0.2398 0.2766 
         119  1 0.2755 0.2632 0.2655 0.1958 
         120  1 0.3113 0.4518 0.1300 0.1069 
         121  1 0.1796 0.2335 0.2124 0.3744 
         122  1 0.1627 0.4020 0.1248 0.3105 
         123  1 0.1074 0.2467 0.3097 0.3362 
         124  1 0.1721 0.2432 0.3403 0.2443 
         125  1 0.2774 0.2441 0.2493 0.2292 
         126  1 0.2770 0.4753 0.1339 0.1138 
         127  1 0.0568 0.3955 0.0641 0.4836 
         128  1 0.3913 0.1971 0.1522 0.2594 
         129  1 0.5565 0.0655 0.1036 0.2744 
         130  1 0.4977 0.0873 0.1156 0.2994 
         131  1 0.4998 0.0849 0.1102 0.3051 
         132  1 0.3319 0.1670 0.1769 0.3241 
         133  1 0.1840 0.2535 0.2902 0.2723 
         134  1 0.2380 0.1497 0.3430 0.2694 
         135  1 0.2158 0.2458 0.2068 0.3317 
         136  1 0.2321 0.4095 0.1743 0.1841 
         137  1 0.0631 0.3933 0.0683 0.4752 
         138  1 0.0609 0.3947 0.0675 0.4769 
         139  1 0.3173 0.1800 0.2845 0.2182 
         140  1 0.2673 0.1390 0.3621 0.2317 
         141  1 0.2065 0.1982 0.2488 0.3465 
         142  1 0.2225 0.1891 0.3433 0.2451 
         143  1 0.1633 0.1283 0.5798 0.1286 
         144  1 0.2993 0.2057 0.2062 0.2889 
         145  1 0.1695 0.2066 0.3699 0.2540 
         146  1 0.3220 0.2785 0.2502 0.1493 
         147  1 0.1637 0.2661 0.2418 0.3283 
         148  1 0.2673 0.2866 0.2344 0.2117 
         149  1 0.2038 0.2213 0.2923 0.2826 
         150  1 0.3301 0.1324 0.3265 0.2110 
         151  1 0.1780 0.3532 0.2164 0.2525 
         152  1 0.1799 0.2098 0.3585 0.2518 
         153  1 0.2319 0.1922 0.3678 0.2081 
         154  1 0.1226 0.2525 0.1969 0.4281 
         155  1 0.1693 0.2410 0.2379 0.3518 
         156  1 0.3516 0.2241 0.2028 0.2214 
         157  1 0.2990 0.1170 0.3263 0.2577 
         158  1 0.2981 0.1114 0.3387 0.2518 
         159  1 0.2411 0.1700 0.2694 0.3195 
         160  1 0.1481 0.1358 0.5184 0.1977 
         161  1 0.1065 0.3018 0.2379 0.3539 
         162  1 0.3981 0.1211 0.2309 0.2499 
         163  1 0.2490 0.4254 0.1786 0.1470 
         164  1 0.3260 0.3411 0.1550 0.1779 
         165  1 0.1079 0.2759 0.1718 0.4445 
         166  1 0.2336 0.2385 0.2200 0.3080 
         167  1 0.2038 0.2488 0.2073 0.3401 
         168  1 0.2352 0.3662 0.2185 0.1801 
         169  1 0.2913 0.1183 0.3388 0.2515 
         170  1 0.1529 0.2592 0.2136 0.3743 
         171  1 0.4700 0.0982 0.1373 0.2946 
         172  1 0.2188 0.3098 0.1918 0.2796 
         173  1 0.1553 0.3339 0.2674 0.2435 
         174  1 0.1854 0.2737 0.3300 0.2110 
         175  1 0.1689 0.3852 0.2362 0.2097 
         176  1 0.2929 0.1516 0.2677 0.2878 
         177  1 0.1871 0.4858 0.0961 0.2310 
         178  1 0.2389 0.1874 0.2244 0.3492 
         179  1 0.3722 0.1632 0.2034 0.2612 
         180  1 0.3020 0.2535 0.2659 0.1785 
         181  1 0.2971 0.3018 0.1383 0.2629 
         182  1 0.2434 0.3078 0.2509 0.1979 
         183  1 0.1385 0.2088 0.3503 0.3024 
         184  1 0.1333 0.2560 0.1639 0.4468 
         185  1 0.5611 0.0723 0.0941 0.2725 
         186  1 0.5602 0.0710 0.0963 0.2726 
         187  1 0.1556 0.2097 0.4584 0.1762 
         188  1 0.2541 0.1805 0.3354 0.2299 
         189  1 0.2245 0.3953 0.1972 0.1829 
         190  1 0.2522 0.3293 0.2771 0.1414 
         191  1 0.1744 0.3074 0.2561 0.2621 
         192  1 0.1067 0.3036 0.2378 0.3519 
         193  1 0.1978 0.3292 0.2786 0.1944 
         194  1 0.2494 0.1925 0.3367 0.2214 
         195  1 0.1877 0.2866 0.3595 0.1662 
         196  1 0.3779 0.1274 0.2209 0.2739 
         197  1 0.1921 0.4293 0.1457 0.2328 
         198  1 0.2517 0.1829 0.2411 0.3242 
         199  1 0.3143 0.2600 0.1799 0.2458 
         200  1 0.2909 0.1965 0.2940 0.2186 
         201  1 0.2948 0.1158 0.3907 0.1988 
         202  1 0.1437 0.2079 0.2763 0.3721 
         203  1 0.3555 0.1309 0.2391 0.2746 
         204  1 0.3140 0.1613 0.2995 0.2252 
         205  1 0.2575 0.3282 0.2010 0.2132 
         206  1 0.2015 0.2865 0.3553 0.1566 
         207  1 0.1843 0.2181 0.2217 0.3759 
         208  1 0.2176 0.2111 0.3375 0.2338 
         209  1 0.2111 0.2383 0.1677 0.3828 
         210  1 0.1469 0.2583 0.2734 0.3214 
         211  1 0.1861 0.2342 0.2908 0.2890 
         212  1 0.1457 0.2225 0.3434 0.2884 
         213  1 0.1431 0.1727 0.5155 0.1686 
         214  1 0.2055 0.1932 0.4216 0.1797 
         215  1 0.4313 0.0871 0.2375 0.2441 
         216  1 0.2371 0.4957 0.1081 0.1591 
         217  1 0.2817 0.2011 0.1897 0.3275 
         218  1 0.2745 0.1514 0.3926 0.1815 
         219  1 0.2982 0.1948 0.2189 0.2881 
         220  1 0.2490 0.2186 0.2900 0.2424 
         221  1 0.2782 0.2134 0.2022 0.3062 
         222  1 0.3420 0.1408 0.2516 0.2656 
         223  1 0.2442 0.2065 0.2362 0.3131 
         224  1 0.1381 0.2314 0.2168 0.4137 
         225  1 0.1841 0.1726 0.4715 0.1717 
         226  1 0.1018 0.3628 0.0930 0.4424 
         227  1 0.1899 0.1061 0.5685 0.1355 
         228  1 0.3538 0.1731 0.2156 0.2575 
         229  1 0.2738 0.2826 0.2675 0.1762 
         230  1 0.2915 0.2811 0.2015 0.2259 
         231  1 0.1988 0.2186 0.2386 0.3440 
         232  1 0.3264 0.1975 0.2555 0.2207 
         233  1 0.1745 0.4922 0.0967 0.2365 
         234  1 0.3726 0.2376 0.1709 0.2189 
         235  1 0.1208 0.2474 0.3866 0.2451 
         236  1 0.2336 0.4411 0.1684 0.1568 
         237  1 0.2899 0.2382 0.2511 0.2208 
         238  1 0.2209 0.4507 0.1386 0.1898 
         239  1 0.2605 0.3286 0.2427 0.1681 
         240  1 0.3169 0.1519 0.3101 0.2211 
         241  1 0.3026 0.3386 0.1728 0.1860 
         242  1 0.2044 0.5079 0.1061 0.1816 
         243  1 0.2687 0.1728 0.3814 0.1771 
         244  1 0.2533 0.1767 0.3071 0.2629 
         245  1 0.2358 0.2473 0.1871 0.3298 
         246  1 0.2611 0.2107 0.2450 0.2832 
         247  1 0.3165 0.2951 0.1500 0.2385 
         248  1 0.1437 0.3501 0.1664 0.3399 
         249  1 0.3656 0.2084 0.1959 0.2301 
         250  1 0.3485 0.2408 0.1923 0.2184 
         251  1 0.1724 0.3470 0.1844 0.2961 
         252  1 0.2862 0.2103 0.2285 0.2750 
         253  1 0.2511 0.3141 0.2638 0.1710 
         254  1 0.1848 0.2417 0.3541 0.2194 
         255  1 0.2538 0.3551 0.1691 0.2220 
         256  1 0.2047 0.3756 0.3030 0.1168 
         257  1 0.2349 0.5246 0.1012 0.1392 
         258  1 0.2431 0.3342 0.1766 0.2461 
         259  1 0.1683 0.2685 0.3847 0.1785 
         260  1 0.2486 0.3814 0.2057 0.1643 
         261  1 0.2932 0.2529 0.2208 0.2331 
         262  1 0.2860 0.4023 0.1485 0.1631 
         263  1 0.2805 0.1787 0.2260 0.3149 
         264  1 0.2218 0.2975 0.2467 0.2339 
         265  1 0.1932 0.3660 0.1613 0.2795 
         266  1 0.3607 0.1977 0.2009 0.2407 
         267  1 0.2836 0.2140 0.2714 0.2310 
         268  1 0.2438 0.3605 0.2585 0.1372 
         269  1 0.1984 0.2567 0.3876 0.1572 
         270  1 0.2639 0.3240 0.2558 0.1563 
