           1  1 0.2238 0.1166 0.2447 0.3116 0.1033 
           2  1 0.1403 0.1088 0.1051 0.1726 0.4732 
           3  1 0.1801 0.2721 0.1669 0.1945 0.1863 
           4  1 0.2687 0.0688 0.5249 0.0607 0.0769 
           5  1 0.2015 0.2389 0.1708 0.1781 0.2108 
           6  1 0.1474 0.4440 0.2246 0.0717 0.1122 
           7  1 0.2076 0.1464 0.1702 0.3287 0.1471 
           8  1 0.2162 0.1464 0.3000 0.1435 0.1938 
           9  1 0.2306 0.2159 0.1036 0.3015 0.1485 
          10  1 0.1392 0.3729 0.1085 0.1386 0.2408 
          11  1 0.1242 0.5328 0.1263 0.1044 0.1124 
          12  1 0.1474 0.4493 0.2242 0.0734 0.1058 
          13  1 0.2322 0.0961 0.3143 0.2120 0.1454 
          14  1 0.2326 0.1182 0.1739 0.2909 0.1843 
          15  1 0.2016 0.1229 0.1355 0.2081 0.3320 
          16  1 0.1992 0.0773 0.1957 0.2789 0.2488 
          17  1 0.1925 0.2341 0.2414 0.1652 0.1668 
          18  1 0.1490 0.2497 0.1601 0.1106 0.3306 
          19  1 0.2131 0.0890 0.1524 0.1961 0.3494 
          20  1 0.2153 0.1536 0.1523 0.2729 0.2059 
          21  1 0.2112 0.1223 0.2634 0.1714 0.2317 
          22  1 0.2127 0.0858 0.2241 0.2332 0.2442 
          23  1 0.2035 0.1334 0.1981 0.2570 0.2080 
          24  1 0.1894 0.2025 0.1903 0.2175 0.2003 
          25  1 0.1830 0.3007 0.1674 0.1963 0.1526 
          26  1 0.2299 0.1348 0.1237 0.2602 0.2515 
          27  1 0.2365 0.0914 0.1517 0.3145 0.2058 
          28  1 0.2135 0.1240 0.2680 0.1389 0.2556 
          29  1 0.2036 0.1699 0.1076 0.2211 0.2979 
          30  1 0.1841 0.1358 0.1586 0.2062 0.3152 
          31  1 0.2048 0.1962 0.1346 0.2902 0.1742 
          32  1 0.2335 0.1600 0.1702 0.2329 0.2034 
          33  1 0.1712 0.2330 0.1611 0.1714 0.2633 
          34  1 0.1888 0.0881 0.1582 0.1845 0.3805 
          35  1 0.1506 0.0855 0.1086 0.1822 0.4731 
          36  1 0.1687 0.0855 0.1739 0.1400 0.4319 
          37  1 0.2026 0.1822 0.2279 0.1631 0.2242 
          38  1 0.1843 0.2597 0.2354 0.1521 0.1686 
          39  1 0.2186 0.0891 0.1383 0.2322 0.3217 
          40  1 0.1100 0.5474 0.1015 0.1185 0.1227 
          41  1 0.1540 0.1429 0.0847 0.1781 0.4402 
          42  1 0.1765 0.1793 0.1120 0.2172 0.3150 
          43  1 0.2072 0.0745 0.1831 0.2446 0.2906 
          44  1 0.1463 0.4339 0.0951 0.1508 0.1739 
          45  1 0.2244 0.1326 0.2199 0.1937 0.2294 
          46  1 0.2056 0.0850 0.1995 0.2224 0.2876 
          47  1 0.1413 0.2864 0.0916 0.1480 0.3327 
          48  1 0.1847 0.2267 0.1343 0.1966 0.2577 
          49  1 0.1755 0.0861 0.1648 0.1754 0.3983 
          50  1 0.1555 0.4166 0.1221 0.1858 0.1200 
          51  1 0.2229 0.0899 0.3051 0.1616 0.2205 
          52  1 0.1702 0.2522 0.1517 0.1936 0.2323 
          53  1 0.2463 0.0847 0.4050 0.1043 0.1597 
          54  1 0.2153 0.1152 0.2287 0.1880 0.2528 
          55  1 0.2237 0.1558 0.3334 0.1374 0.1497 
          56  1 0.1869 0.2926 0.2882 0.0904 0.1419 
          57  1 0.1575 0.2626 0.1533 0.1753 0.2512 
          58  1 0.1468 0.3879 0.1740 0.1185 0.1728 
          59  1 0.1927 0.2970 0.2783 0.1083 0.1238 
          60  1 0.2396 0.0535 0.2739 0.3352 0.0978 
          61  1 0.2292 0.1623 0.2195 0.1901 0.1988 
          62  1 0.1972 0.1491 0.2212 0.2105 0.2219 
          63  1 0.2413 0.1068 0.1288 0.2763 0.2469 
          64  1 0.1960 0.1413 0.1686 0.2889 0.2052 
          65  1 0.1511 0.3524 0.2054 0.1379 0.1531 
          66  1 0.1700 0.2439 0.1245 0.2371 0.2245 
          67  1 0.1925 0.2812 0.2424 0.1551 0.1289 
          68  1 0.2083 0.1819 0.2619 0.1416 0.2063 
          69  1 0.2132 0.1315 0.2362 0.1422 0.2770 
          70  1 0.2243 0.1020 0.2335 0.1630 0.2772 
          71  1 0.2166 0.0985 0.2587 0.1637 0.2625 
          72  1 0.1991 0.2318 0.2975 0.1034 0.1682 
          73  1 0.2764 0.0740 0.2230 0.2746 0.1521 
          74  1 0.2245 0.0895 0.2292 0.1844 0.2724 
          75  1 0.2010 0.0947 0.2002 0.2219 0.2823 
          76  1 0.2152 0.1363 0.1989 0.2053 0.2444 
          77  1 0.2096 0.0872 0.1863 0.1415 0.3753 
          78  1 0.2658 0.0819 0.5033 0.0739 0.0752 
          79  1 0.2174 0.1811 0.2842 0.1777 0.1395 
          80  1 0.2100 0.1416 0.2202 0.2654 0.1628 
          81  1 0.2024 0.1189 0.1878 0.1507 0.3402 
          82  1 0.2228 0.1353 0.2433 0.2837 0.1150 
          83  1 0.2203 0.0833 0.2253 0.2829 0.1882 
          84  1 0.2145 0.0656 0.1939 0.2000 0.3261 
          85  1 0.1866 0.0662 0.1502 0.1498 0.4472 
          86  1 0.1641 0.2177 0.2008 0.1113 0.3061 
          87  1 0.1587 0.3820 0.1419 0.2050 0.1125 
          88  1 0.2381 0.1247 0.2350 0.2060 0.1963 
          89  1 0.2276 0.0393 0.2444 0.4244 0.0644 
          90  1 0.1985 0.2321 0.1548 0.2544 0.1602 
          91  1 0.1812 0.3242 0.1798 0.1543 0.1604 
          92  1 0.2061 0.1398 0.2040 0.2540 0.1962 
          93  1 0.2312 0.0367 0.2383 0.4260 0.0678 
          94  1 0.1873 0.1499 0.1976 0.2244 0.2408 
          95  1 0.1987 0.1406 0.1809 0.1709 0.3089 
          96  1 0.2911 0.0755 0.1214 0.3623 0.1497 
          97  1 0.0906 0.6517 0.0969 0.0713 0.0895 
          98  1 0.2508 0.0980 0.2301 0.2122 0.2090 
          99  1 0.2735 0.0426 0.5293 0.0811 0.0735 
         100  1 0.1928 0.1773 0.2050 0.1371 0.2878 
         101  1 0.2264 0.0860 0.2425 0.2871 0.1580 
         102  1 0.2431 0.0625 0.3686 0.1270 0.1989 
         103  1 0.2428 0.0823 0.0909 0.2763 0.3077 
         104  1 0.2164 0.1866 0.1570 0.2126 0.2274 
         105  1 0.2211 0.1028 0.2528 0.2360 0.1873 
         106  1 0.2972 0.0552 0.0919 0.4226 0.1331 
         107  1 0.2205 0.1178 0.2604 0.2302 0.1712 
         108  1 0.2428 0.1588 0.1321 0.3199 0.1463 
         109  1 0.1881 0.1556 0.2463 0.1405 0.2694 
         110  1 0.1919 0.2759 0.1433 0.1951 0.1937 
         111  1 0.1655 0.0961 0.1460 0.1663 0.4262 
         112  1 0.2086 0.1128 0.2136 0.2709 0.1941 
         113  1 0.1610 0.3401 0.1623 0.1465 0.1901 
         114  1 0.3000 0.0555 0.0920 0.4178 0.1347 
         115  1 0.2081 0.1596 0.2409 0.1637 0.2277 
         116  1 0.2503 0.0571 0.3677 0.2083 0.1166 
         117  1 0.1795 0.2955 0.1755 0.2419 0.1076 
         118  1 0.2270 0.1601 0.2173 0.1861 0.2096 
         119  1 0.2234 0.1180 0.2703 0.1853 0.2030 
         120  1 0.2735 0.0415 0.5265 0.0843 0.0741 
         121  1 0.1800 0.3241 0.1096 0.1984 0.1879 
         122  1 0.1416 0.4811 0.1773 0.0959 0.1041 
         123  1 0.1374 0.3666 0.1057 0.1120 0.2783 
         124  1 0.1486 0.2904 0.1639 0.1351 0.2619 
         125  1 0.2223 0.1284 0.2306 0.2118 0.2069 
         126  1 0.2726 0.0579 0.4879 0.0900 0.0916 
         127  1 0.0360 0.8532 0.0358 0.0366 0.0384 
         128  1 0.2152 0.1306 0.2398 0.2936 0.1208 
         129  1 0.2295 0.0356 0.2396 0.4282 0.0671 
         130  1 0.2928 0.0487 0.1182 0.4455 0.0949 
         131  1 0.2949 0.0512 0.1149 0.4539 0.0850 
         132  1 0.2436 0.1304 0.1662 0.3052 0.1546 
         133  1 0.1728 0.2597 0.1621 0.1545 0.2509 
         134  1 0.2653 0.1069 0.1130 0.2922 0.2226 
         135  1 0.2552 0.1340 0.1885 0.2607 0.1617 
         136  1 0.2140 0.2155 0.2821 0.1269 0.1615 
         137  1 0.0393 0.8428 0.0394 0.0380 0.0405 
         138  1 0.0397 0.8417 0.0396 0.0382 0.0408 
         139  1 0.2132 0.1039 0.1767 0.2451 0.2611 
         140  1 0.2345 0.0831 0.1543 0.2583 0.2699 
         141  1 0.2301 0.2084 0.1169 0.2528 0.1918 
         142  1 0.2027 0.1387 0.1495 0.2070 0.3020 
         143  1 0.1529 0.0625 0.1216 0.1431 0.5200 
         144  1 0.2044 0.1687 0.2138 0.2461 0.1671 
         145  1 0.2020 0.2119 0.1159 0.2095 0.2607 
         146  1 0.2479 0.0396 0.3427 0.2033 0.1665 
         147  1 0.2083 0.2208 0.1531 0.1968 0.2210 
         148  1 0.2547 0.0931 0.2515 0.2159 0.1848 
         149  1 0.2141 0.1678 0.1715 0.2009 0.2457 
         150  1 0.2257 0.0655 0.1739 0.2643 0.2705 
         151  1 0.1888 0.2958 0.2064 0.1371 0.1719 
         152  1 0.2102 0.1466 0.1592 0.1926 0.2915 
         153  1 0.2260 0.1003 0.1637 0.2447 0.2654 
         154  1 0.1449 0.4184 0.1016 0.1401 0.1950 
         155  1 0.2080 0.2575 0.1159 0.2350 0.1836 
         156  1 0.2225 0.1016 0.2372 0.2718 0.1669 
         157  1 0.1984 0.1590 0.1259 0.2800 0.2367 
         158  1 0.1918 0.1437 0.1222 0.2760 0.2663 
         159  1 0.2597 0.1271 0.1041 0.3185 0.1905 
         160  1 0.1692 0.1400 0.0889 0.1747 0.4272 
         161  1 0.0803 0.6465 0.0654 0.0801 0.1277 
         162  1 0.2115 0.1111 0.1796 0.3133 0.1845 
         163  1 0.2290 0.1303 0.3854 0.1172 0.1381 
         164  1 0.2410 0.0911 0.3509 0.1935 0.1235 
         165  1 0.1078 0.5636 0.0898 0.0944 0.1444 
         166  1 0.2136 0.1762 0.1876 0.2185 0.2041 
         167  1 0.2345 0.1904 0.1753 0.2280 0.1719 
         168  1 0.2315 0.1571 0.2703 0.1644 0.1767 
         169  1 0.2520 0.0860 0.1050 0.3182 0.2388 
         170  1 0.1517 0.4076 0.1361 0.1308 0.1737 
         171  1 0.2587 0.0640 0.1444 0.4092 0.1236 
         172  1 0.1462 0.3808 0.1751 0.1554 0.1424 
         173  1 0.1341 0.3850 0.1723 0.0894 0.2192 
         174  1 0.2282 0.1110 0.2144 0.1779 0.2684 
         175  1 0.2029 0.2117 0.3087 0.0908 0.1858 
         176  1 0.2107 0.1443 0.1548 0.2576 0.2326 
         177  1 0.2128 0.2579 0.3944 0.0609 0.0740 
         178  1 0.2151 0.2114 0.1264 0.2660 0.1810 
         179  1 0.2567 0.0710 0.1869 0.3245 0.1609 
         180  1 0.2501 0.0551 0.2844 0.2101 0.2003 
         181  1 0.1801 0.3019 0.2018 0.2053 0.1109 
         182  1 0.2242 0.1076 0.2955 0.1573 0.2154 
         183  1 0.1770 0.2684 0.0897 0.1860 0.2789 
         184  1 0.1607 0.4078 0.1141 0.1561 0.1613 
         185  1 0.2257 0.0438 0.2442 0.4225 0.0638 
         186  1 0.2280 0.0431 0.2429 0.4224 0.0635 
         187  1 0.2238 0.0909 0.1590 0.1723 0.3540 
         188  1 0.2472 0.0825 0.1588 0.2535 0.2580 
         189  1 0.1923 0.2374 0.2702 0.1252 0.1749 
         190  1 0.2134 0.1191 0.2741 0.1470 0.2464 
         191  1 0.1773 0.2643 0.1874 0.1391 0.2318 
         192  1 0.0789 0.6477 0.0660 0.0784 0.1291 
         193  1 0.2064 0.1908 0.2235 0.1451 0.2343 
         194  1 0.1596 0.2429 0.1478 0.1929 0.2568 
         195  1 0.1943 0.1569 0.2218 0.1347 0.2922 
         196  1 0.2469 0.1198 0.1165 0.3521 0.1647 
         197  1 0.1769 0.3472 0.2740 0.0874 0.1145 
         198  1 0.1818 0.2577 0.1422 0.2265 0.1918 
         199  1 0.2071 0.2005 0.2036 0.2340 0.1548 
         200  1 0.2010 0.1223 0.2241 0.2178 0.2347 
         201  1 0.2307 0.0534 0.1388 0.2692 0.3079 
         202  1 0.1581 0.3306 0.0927 0.1565 0.2621 
         203  1 0.2886 0.0629 0.1249 0.3645 0.1590 
         204  1 0.1944 0.1226 0.1945 0.2606 0.2279 
         205  1 0.2314 0.1523 0.2722 0.1720 0.1721 
         206  1 0.1862 0.1343 0.2310 0.1317 0.3168 
         207  1 0.2351 0.2340 0.0990 0.2725 0.1593 
         208  1 0.1869 0.2398 0.1149 0.2078 0.2506 
         209  1 0.1578 0.3764 0.1381 0.1819 0.1458 
         210  1 0.1198 0.4788 0.0984 0.1190 0.1841 
         211  1 0.1437 0.3784 0.1017 0.1622 0.2140 
         212  1 0.1525 0.2523 0.1303 0.1427 0.3222 
         213  1 0.1814 0.0745 0.1656 0.1402 0.4383 
         214  1 0.1670 0.1759 0.1407 0.1713 0.3451 
         215  1 0.2244 0.0538 0.2056 0.3624 0.1538 
         216  1 0.2198 0.2120 0.4200 0.0757 0.0724 
         217  1 0.2288 0.1918 0.1557 0.2589 0.1648 
         218  1 0.1951 0.0786 0.1700 0.2347 0.3217 
         219  1 0.2204 0.1820 0.1629 0.2633 0.1714 
         220  1 0.1833 0.2090 0.1766 0.2000 0.2311 
         221  1 0.2115 0.1948 0.1862 0.2478 0.1597 
         222  1 0.2209 0.1152 0.1736 0.2972 0.1931 
         223  1 0.1873 0.2334 0.1832 0.2025 0.1935 
         224  1 0.1915 0.2919 0.1160 0.2036 0.1970 
         225  1 0.1627 0.1310 0.1436 0.1524 0.4103 
         226  1 0.0856 0.6812 0.0787 0.0841 0.0704 
         227  1 0.1551 0.0745 0.1194 0.1678 0.4832 
         228  1 0.2638 0.0779 0.1836 0.2975 0.1772 
         229  1 0.2131 0.1078 0.3027 0.1676 0.2088 
         230  1 0.1907 0.2249 0.1993 0.1994 0.1857 
         231  1 0.1756 0.3099 0.1578 0.1688 0.1879 
         232  1 0.2232 0.0880 0.2496 0.2314 0.2078 
         233  1 0.1693 0.3955 0.2972 0.0610 0.0770 
         234  1 0.2577 0.0668 0.2424 0.2813 0.1518 
         235  1 0.1159 0.3728 0.0972 0.1012 0.3129 
         236  1 0.2262 0.1490 0.3749 0.1043 0.1457 
         237  1 0.2113 0.1469 0.2261 0.2240 0.1916 
         238  1 0.2198 0.2091 0.3807 0.0902 0.1002 
         239  1 0.2228 0.1059 0.2795 0.1720 0.2199 
         240  1 0.1991 0.1191 0.1572 0.2533 0.2713 
         241  1 0.2202 0.1235 0.3470 0.1718 0.1374 
         242  1 0.2097 0.2657 0.3789 0.0618 0.0840 
         243  1 0.2157 0.0742 0.1711 0.2203 0.3187 
         244  1 0.2206 0.1644 0.1195 0.2614 0.2341 
         245  1 0.2234 0.1870 0.2044 0.2214 0.1638 
         246  1 0.1747 0.2622 0.1612 0.2088 0.1930 
         247  1 0.2277 0.1841 0.2162 0.2448 0.1271 
         248  1 0.1866 0.3071 0.2168 0.1250 0.1645 
         249  1 0.2445 0.0818 0.2082 0.2969 0.1686 
         250  1 0.2019 0.1499 0.2536 0.2376 0.1570 
         251  1 0.1580 0.3878 0.1591 0.1336 0.1615 
         252  1 0.2496 0.1181 0.1703 0.2698 0.1923 
         253  1 0.2261 0.0985 0.3003 0.1563 0.2188 
         254  1 0.2010 0.1521 0.1618 0.1689 0.3162 
         255  1 0.2100 0.2067 0.2707 0.1647 0.1478 
         256  1 0.2227 0.1012 0.3451 0.0966 0.2344 
         257  1 0.2490 0.1324 0.4792 0.0665 0.0729 
         258  1 0.2157 0.1784 0.2824 0.1668 0.1566 
         259  1 0.1925 0.1449 0.1978 0.1217 0.3432 
         260  1 0.2147 0.1633 0.2955 0.1345 0.1920 
         261  1 0.1835 0.2222 0.1765 0.2266 0.1912 
         262  1 0.2332 0.1227 0.3755 0.1456 0.1231 
         263  1 0.2206 0.1897 0.1274 0.2671 0.1951 
         264  1 0.2212 0.1588 0.2395 0.1690 0.2116 
         265  1 0.1792 0.3329 0.2305 0.1259 0.1316 
         266  1 0.2207 0.1202 0.2085 0.2818 0.1688 
         267  1 0.2077 0.1351 0.2038 0.2239 0.2295 
         268  1 0.2286 0.0947 0.3611 0.1164 0.1992 
         269  1 0.2348 0.0694 0.2515 0.1552 0.2892 
         270  1 0.2285 0.0953 0.3304 0.1479 0.1979 
