           1  1 0.1234 0.1777 0.1030 0.1195 0.4764 
           2  1 0.1227 0.0692 0.4945 0.1152 0.1984 
           3  1 0.1598 0.1704 0.1769 0.2857 0.2072 
           4  1 0.0670 0.7293 0.0764 0.0673 0.0600 
           5  1 0.2627 0.1871 0.2104 0.2227 0.1172 
           6  1 0.0932 0.3207 0.1096 0.4121 0.0645 
           7  1 0.1720 0.0627 0.1439 0.1541 0.4673 
           8  1 0.1634 0.3660 0.1909 0.1420 0.1376 
           9  1 0.3664 0.0720 0.1533 0.2353 0.1730 
          10  1 0.1992 0.0897 0.2168 0.3744 0.1199 
          11  1 0.1378 0.1559 0.1061 0.5357 0.0645 
          12  1 0.0893 0.3124 0.1150 0.4184 0.0649 
          13  1 0.1396 0.3404 0.1504 0.1005 0.2690 
          14  1 0.2852 0.1018 0.1681 0.1226 0.3223 
          15  1 0.2962 0.1182 0.3063 0.1288 0.1506 
          16  1 0.1125 0.1074 0.2628 0.0811 0.4362 
          17  1 0.1344 0.2911 0.1674 0.2225 0.1846 
          18  1 0.0946 0.1786 0.3610 0.2532 0.1125 
          19  1 0.3178 0.1791 0.3430 0.0899 0.0701 
          20  1 0.2741 0.1335 0.2023 0.1539 0.2362 
          21  1 0.1548 0.3008 0.2367 0.1291 0.1786 
          22  1 0.1658 0.2067 0.2439 0.0816 0.3019 
          23  1 0.1389 0.1220 0.2113 0.1429 0.3850 
          24  1 0.1433 0.1543 0.1916 0.1959 0.3149 
          25  1 0.2096 0.1597 0.1450 0.3005 0.1852 
          26  1 0.3789 0.0907 0.2337 0.1372 0.1595 
          27  1 0.3328 0.0864 0.1829 0.0967 0.3012 
          28  1 0.1953 0.3245 0.2704 0.1232 0.0866 
          29  1 0.3162 0.0852 0.2935 0.1687 0.1365 
          30  1 0.1695 0.1258 0.3243 0.1397 0.2406 
          31  1 0.2474 0.0862 0.1737 0.2008 0.2919 
          32  1 0.3380 0.1801 0.1929 0.1599 0.1292 
          33  1 0.1510 0.1696 0.2557 0.2401 0.1835 
          34  1 0.1879 0.1543 0.3832 0.0946 0.1799 
          35  1 0.1252 0.0774 0.5011 0.0904 0.2058 
          36  1 0.1778 0.1835 0.4366 0.0867 0.1154 
          37  1 0.1690 0.2604 0.2082 0.1784 0.1840 
          38  1 0.1759 0.2610 0.1626 0.2630 0.1375 
          39  1 0.2897 0.1329 0.3400 0.0894 0.1480 
          40  1 0.1301 0.1037 0.1198 0.5522 0.0942 
          41  1 0.1553 0.0514 0.4831 0.1489 0.1613 
          42  1 0.2169 0.0658 0.3113 0.1897 0.2163 
          43  1 0.2062 0.1388 0.3050 0.0761 0.2738 
          44  1 0.2222 0.0898 0.1758 0.4299 0.0823 
          45  1 0.2510 0.2396 0.2390 0.1392 0.1312 
          46  1 0.1715 0.1560 0.3262 0.0867 0.2596 
          47  1 0.2038 0.0897 0.3432 0.2808 0.0825 
          48  1 0.2166 0.0965 0.2676 0.2263 0.1929 
          49  1 0.1320 0.1475 0.4092 0.0934 0.2179 
          50  1 0.1909 0.0803 0.1125 0.4071 0.2092 
          51  1 0.1591 0.3319 0.2436 0.0907 0.1747 
          52  1 0.1510 0.1338 0.2390 0.2516 0.2245 
          53  1 0.1380 0.5545 0.1639 0.0810 0.0626 
          54  1 0.1992 0.2344 0.2713 0.1219 0.1732 
          55  1 0.1465 0.4408 0.1404 0.1506 0.1216 
          56  1 0.1038 0.3848 0.1321 0.3002 0.0791 
          57  1 0.1401 0.1266 0.2516 0.2723 0.2095 
          58  1 0.1269 0.2063 0.1690 0.3905 0.1073 
          59  1 0.1284 0.3906 0.1268 0.2653 0.0888 
          60  1 0.1230 0.1855 0.0967 0.0563 0.5384 
          61  1 0.2865 0.2461 0.2025 0.1557 0.1092 
          62  1 0.1355 0.1847 0.2243 0.1476 0.3079 
          63  1 0.3228 0.0937 0.2761 0.1159 0.1916 
          64  1 0.1469 0.0638 0.2061 0.1442 0.4390 
          65  1 0.1215 0.2404 0.1376 0.3603 0.1401 
          66  1 0.1817 0.0660 0.2277 0.2502 0.2745 
          67  1 0.1694 0.2843 0.1275 0.2753 0.1434 
          68  1 0.1753 0.3171 0.2024 0.1840 0.1212 
          69  1 0.2266 0.2968 0.2584 0.1293 0.0889 
          70  1 0.2415 0.2644 0.2706 0.1077 0.1157 
          71  1 0.1717 0.2854 0.2639 0.1022 0.1769 
          72  1 0.1446 0.4050 0.1507 0.2283 0.0714 
          73  1 0.3626 0.2517 0.1482 0.0774 0.1602 
          74  1 0.2157 0.2524 0.2667 0.0913 0.1739 
          75  1 0.1664 0.1535 0.3008 0.0928 0.2865 
          76  1 0.2581 0.1887 0.2266 0.1315 0.1951 
          77  1 0.2792 0.2194 0.3567 0.0928 0.0519 
          78  1 0.0859 0.7043 0.0725 0.0779 0.0594 
          79  1 0.1365 0.3173 0.1395 0.1791 0.2275 
          80  1 0.1275 0.1473 0.1588 0.1416 0.4248 
          81  1 0.2633 0.2127 0.3222 0.1170 0.0848 
          82  1 0.1476 0.1985 0.1143 0.1396 0.4000 
          83  1 0.1660 0.1376 0.1864 0.0815 0.4284 
          84  1 0.2114 0.1884 0.3318 0.0706 0.1979 
          85  1 0.1993 0.1564 0.4678 0.0672 0.1094 
          86  1 0.1434 0.2471 0.2901 0.2101 0.1093 
          87  1 0.1682 0.0832 0.1095 0.3687 0.2705 
          88  1 0.2418 0.2748 0.2031 0.1190 0.1613 
          89  1 0.0580 0.0437 0.0635 0.0401 0.7946 
          90  1 0.2080 0.0843 0.1565 0.2353 0.3160 
          91  1 0.2009 0.2043 0.1655 0.3123 0.1171 
          92  1 0.1725 0.1785 0.1972 0.1398 0.3120 
          93  1 0.0720 0.0457 0.0651 0.0371 0.7802 
          94  1 0.1372 0.1727 0.2410 0.1568 0.2923 
          95  1 0.2613 0.1681 0.3041 0.1368 0.1297 
          96  1 0.5600 0.0798 0.1364 0.0777 0.1462 
          97  1 0.1113 0.1063 0.0905 0.6317 0.0603 
          98  1 0.3275 0.2420 0.1872 0.0933 0.1500 
          99  1 0.0692 0.7021 0.0759 0.0426 0.1102 
         100  1 0.1660 0.2698 0.2719 0.1951 0.0972 
         101  1 0.1505 0.1697 0.1597 0.0954 0.4247 
         102  1 0.1358 0.4901 0.2011 0.0621 0.1109 
         103  1 0.3713 0.0612 0.3309 0.0889 0.1477 
         104  1 0.3217 0.1345 0.2085 0.1896 0.1458 
         105  1 0.1539 0.2378 0.1896 0.1032 0.3155 
         106  1 0.5315 0.0524 0.1487 0.0586 0.2088 
         107  1 0.1391 0.2602 0.1669 0.1225 0.3113 
         108  1 0.3508 0.0941 0.1480 0.1612 0.2458 
         109  1 0.1512 0.3091 0.2789 0.1500 0.1108 
         110  1 0.2783 0.1422 0.1884 0.2704 0.1206 
         111  1 0.1380 0.1122 0.4532 0.0998 0.1968 
         112  1 0.1573 0.1472 0.1887 0.1138 0.3930 
         113  1 0.1870 0.1702 0.1786 0.3395 0.1246 
         114  1 0.5331 0.0502 0.1487 0.0582 0.2097 
         115  1 0.2143 0.2807 0.2251 0.1615 0.1184 
         116  1 0.1107 0.4022 0.1154 0.0585 0.3132 
         117  1 0.1309 0.1053 0.1025 0.3003 0.3610 
         118  1 0.2787 0.2461 0.1946 0.1613 0.1194 
         119  1 0.1829 0.2993 0.2245 0.1174 0.1759 
         120  1 0.0686 0.7044 0.0747 0.0428 0.1095 
         121  1 0.2798 0.0928 0.1839 0.3157 0.1278 
         122  1 0.1422 0.2510 0.1010 0.4473 0.0586 
         123  1 0.1870 0.0935 0.2845 0.3545 0.0805 
         124  1 0.1115 0.1632 0.2932 0.2673 0.1648 
         125  1 0.2227 0.2518 0.1984 0.1296 0.1975 
         126  1 0.1025 0.6675 0.0907 0.0591 0.0801 
         127  1 0.0382 0.0377 0.0401 0.8481 0.0360 
         128  1 0.1306 0.1681 0.1141 0.1264 0.4607 
         129  1 0.0724 0.0469 0.0667 0.0370 0.7769 
         130  1 0.4593 0.0709 0.0984 0.0515 0.3199 
         131  1 0.4628 0.0696 0.0917 0.0557 0.3202 
         132  1 0.3014 0.1073 0.1542 0.1338 0.3032 
         133  1 0.2064 0.1726 0.2431 0.2620 0.1159 
         134  1 0.4192 0.0856 0.2579 0.1091 0.1282 
         135  1 0.4283 0.1863 0.1499 0.1358 0.0997 
         136  1 0.1481 0.3877 0.1541 0.2076 0.1025 
         137  1 0.0399 0.0421 0.0426 0.8359 0.0396 
         138  1 0.0401 0.0432 0.0422 0.8351 0.0395 
         139  1 0.2196 0.1534 0.2739 0.1081 0.2450 
         140  1 0.2984 0.0952 0.2689 0.0857 0.2518 
         141  1 0.4038 0.0896 0.1884 0.2057 0.1125 
         142  1 0.2579 0.1411 0.3120 0.1370 0.1520 
         143  1 0.1531 0.1156 0.5359 0.0641 0.1313 
         144  1 0.1678 0.1518 0.1594 0.1709 0.3502 
         145  1 0.3282 0.1057 0.2490 0.2125 0.1046 
         146  1 0.1236 0.3583 0.1622 0.0408 0.3151 
         147  1 0.3407 0.1405 0.1951 0.2209 0.1027 
         148  1 0.3187 0.2722 0.1669 0.0950 0.1471 
         149  1 0.2995 0.1373 0.2257 0.1710 0.1666 
         150  1 0.2363 0.1333 0.2867 0.0691 0.2745 
         151  1 0.1901 0.2416 0.1799 0.2998 0.0887 
         152  1 0.3093 0.1372 0.2855 0.1409 0.1271 
         153  1 0.3311 0.1668 0.2691 0.1006 0.1324 
         154  1 0.2430 0.0728 0.1825 0.4065 0.0952 
         155  1 0.3317 0.1120 0.1957 0.2604 0.1002 
         156  1 0.1696 0.1777 0.1634 0.1088 0.3804 
         157  1 0.1691 0.0515 0.2394 0.1759 0.3641 
         158  1 0.1596 0.0502 0.2689 0.1604 0.3609 
         159  1 0.4714 0.0764 0.1923 0.1358 0.1240 
         160  1 0.2362 0.0704 0.4485 0.1400 0.1049 
         161  1 0.0882 0.0748 0.1368 0.6355 0.0647 
         162  1 0.1421 0.0803 0.1896 0.1157 0.4724 
         163  1 0.1185 0.4970 0.1397 0.1280 0.1168 
         164  1 0.1157 0.4102 0.1195 0.0908 0.2639 
         165  1 0.1650 0.0778 0.1312 0.5474 0.0786 
         166  1 0.2832 0.1851 0.2011 0.1737 0.1568 
         167  1 0.3544 0.1833 0.1750 0.1787 0.1086 
         168  1 0.2455 0.3624 0.1602 0.1536 0.0783 
         169  1 0.4586 0.0678 0.2484 0.0892 0.1361 
         170  1 0.1866 0.1361 0.1687 0.3989 0.1097 
         171  1 0.3536 0.0854 0.1202 0.0649 0.3759 
         172  1 0.1062 0.1701 0.1524 0.3706 0.2006 
         173  1 0.0991 0.2228 0.2269 0.3675 0.0837 
         174  1 0.3209 0.2507 0.2329 0.1152 0.0803 
         175  1 0.1343 0.4152 0.1991 0.1946 0.0567 
         176  1 0.2150 0.0960 0.2355 0.1509 0.3026 
         177  1 0.0855 0.5490 0.0718 0.2408 0.0529 
         178  1 0.3426 0.0816 0.1815 0.2193 0.1750 
         179  1 0.3639 0.1401 0.1550 0.0737 0.2672 
         180  1 0.2403 0.3136 0.2080 0.0555 0.1826 
         181  1 0.1273 0.1805 0.1050 0.3152 0.2720 
         182  1 0.1849 0.3507 0.2256 0.1073 0.1315 
         183  1 0.2778 0.0786 0.2973 0.2656 0.0807 
         184  1 0.2687 0.0933 0.1381 0.4046 0.0953 
         185  1 0.0565 0.0478 0.0625 0.0436 0.7898 
         186  1 0.0596 0.0484 0.0630 0.0428 0.7861 
         187  1 0.3268 0.1713 0.3271 0.0955 0.0793 
         188  1 0.3429 0.1460 0.2488 0.0859 0.1763 
         189  1 0.1390 0.3473 0.1722 0.2418 0.0997 
         190  1 0.1542 0.3444 0.2374 0.1258 0.1382 
         191  1 0.1901 0.2319 0.2223 0.2590 0.0968 
         192  1 0.0870 0.0730 0.1380 0.6370 0.0650 
         193  1 0.2001 0.2796 0.2345 0.1971 0.0887 
         194  1 0.1228 0.1137 0.2650 0.2619 0.2366 
         195  1 0.1621 0.2358 0.3182 0.1572 0.1268 
         196  1 0.3851 0.0885 0.1770 0.1254 0.2240 
         197  1 0.0982 0.3731 0.1144 0.3252 0.0891 
         198  1 0.1933 0.0771 0.1886 0.2690 0.2720 
         199  1 0.1986 0.1812 0.1435 0.2158 0.2608 
         200  1 0.1382 0.1755 0.2253 0.1201 0.3409 
         201  1 0.2856 0.0932 0.3129 0.0558 0.2524 
         202  1 0.2411 0.0691 0.2532 0.3255 0.1111 
         203  1 0.5281 0.0895 0.1551 0.0650 0.1622 
         204  1 0.1323 0.1202 0.2217 0.1319 0.3939 
         205  1 0.1917 0.3262 0.1745 0.1516 0.1559 
         206  1 0.1450 0.2818 0.3094 0.1363 0.1276 
         207  1 0.4165 0.0811 0.1634 0.2382 0.1008 
         208  1 0.2647 0.1228 0.2567 0.2407 0.1150 
         209  1 0.1675 0.1008 0.1367 0.3764 0.2187 
         210  1 0.1356 0.0953 0.1870 0.4783 0.1038 
         211  1 0.1599 0.0947 0.2263 0.3820 0.1372 
         212  1 0.1703 0.1233 0.3180 0.2434 0.1449 
         213  1 0.2119 0.1701 0.4688 0.0744 0.0749 
         214  1 0.1614 0.1520 0.3506 0.1742 0.1618 
         215  1 0.1118 0.0615 0.1635 0.0565 0.6067 
         216  1 0.0603 0.5690 0.0766 0.1972 0.0968 
         217  1 0.3178 0.1212 0.1606 0.1941 0.2063 
         218  1 0.1757 0.1250 0.3114 0.0848 0.3031 
         219  1 0.2610 0.1449 0.1817 0.1734 0.2390 
         220  1 0.1740 0.1626 0.2389 0.2103 0.2142 
         221  1 0.2164 0.1286 0.1636 0.1872 0.3042 
         222  1 0.1825 0.0949 0.1978 0.1187 0.4061 
         223  1 0.1859 0.1281 0.1872 0.2335 0.2653 
         224  1 0.3376 0.0982 0.1802 0.2954 0.0886 
         225  1 0.1408 0.1390 0.4316 0.1289 0.1597 
         226  1 0.0995 0.0903 0.0683 0.6835 0.0585 
         227  1 0.1162 0.0806 0.5369 0.0795 0.1868 
         228  1 0.3601 0.1483 0.1683 0.0850 0.2383 
         229  1 0.1073 0.3241 0.2139 0.1121 0.2426 
         230  1 0.1789 0.2302 0.1904 0.2110 0.1894 
         231  1 0.2137 0.1311 0.1869 0.2996 0.1687 
         232  1 0.1844 0.2284 0.2210 0.0876 0.2786 
         233  1 0.0749 0.4515 0.0747 0.3473 0.0516 
         234  1 0.2787 0.2669 0.1407 0.0719 0.2418 
         235  1 0.1179 0.1063 0.3363 0.3670 0.0725 
         236  1 0.1172 0.5179 0.1318 0.1411 0.0920 
         237  1 0.1596 0.2044 0.2096 0.1506 0.2757 
         238  1 0.0941 0.5168 0.1006 0.2000 0.0884 
         239  1 0.2013 0.3451 0.2088 0.1087 0.1361 
         240  1 0.1938 0.1024 0.2861 0.1192 0.2985 
         241  1 0.0900 0.3782 0.1381 0.1277 0.2660 
         242  1 0.0756 0.5416 0.0819 0.2475 0.0534 
         243  1 0.2352 0.1574 0.3069 0.0806 0.2198 
         244  1 0.3521 0.0976 0.2458 0.1593 0.1451 
         245  1 0.2775 0.1936 0.1538 0.1871 0.1880 
         246  1 0.1537 0.1257 0.2005 0.2583 0.2617 
         247  1 0.2584 0.2530 0.1322 0.1800 0.1764 
         248  1 0.2269 0.2679 0.1498 0.2885 0.0668 
         249  1 0.2831 0.2216 0.1648 0.0859 0.2446 
         250  1 0.1173 0.2314 0.1482 0.1440 0.3591 
         251  1 0.1716 0.1892 0.1533 0.3904 0.0955 
         252  1 0.3715 0.1500 0.1693 0.1183 0.1910 
         253  1 0.1705 0.3652 0.2172 0.1006 0.1465 
         254  1 0.2676 0.1764 0.2876 0.1521 0.1164 
         255  1 0.1557 0.3252 0.1506 0.2066 0.1619 
         256  1 0.1155 0.4614 0.2541 0.1027 0.0664 
         257  1 0.0821 0.6614 0.0705 0.1287 0.0573 
         258  1 0.1587 0.3440 0.1390 0.1780 0.1804 
         259  1 0.1773 0.2450 0.3446 0.1509 0.0822 
         260  1 0.1311 0.3714 0.1860 0.1638 0.1477 
         261  1 0.1517 0.1549 0.1758 0.2355 0.2820 
         262  1 0.1260 0.4832 0.1149 0.1272 0.1487 
         263  1 0.3172 0.0917 0.1867 0.1958 0.2086 
         264  1 0.2224 0.2810 0.1993 0.1625 0.1348 
         265  1 0.1590 0.2979 0.1310 0.3171 0.0950 
         266  1 0.1715 0.1579 0.1653 0.1269 0.3784 
         267  1 0.1812 0.1631 0.2217 0.1376 0.2964 
         268  1 0.1073 0.4529 0.2010 0.0964 0.1424 
         269  1 0.2738 0.2785 0.2877 0.0661 0.0940 
         270  1 0.1401 0.3970 0.2044 0.1008 0.1576 
