           1  1 0.1014 0.4113 0.2102 0.1647 0.1125 
           2  1 0.5250 0.1782 0.1268 0.0698 0.1001 
           3  1 0.1970 0.1855 0.1764 0.1715 0.2696 
           4  1 0.0727 0.1174 0.0593 0.6815 0.0691 
           5  1 0.2128 0.1369 0.2296 0.1889 0.2319 
           6  1 0.1008 0.0897 0.0790 0.3048 0.4258 
           7  1 0.1443 0.4093 0.2349 0.0729 0.1386 
           8  1 0.1903 0.1627 0.1425 0.3479 0.1567 
           9  1 0.1559 0.1812 0.3404 0.0996 0.2229 
          10  1 0.2141 0.1299 0.1722 0.0906 0.3932 
          11  1 0.1143 0.0825 0.1222 0.1559 0.5251 
          12  1 0.1045 0.0855 0.0783 0.2850 0.4467 
          13  1 0.1466 0.2650 0.1743 0.3224 0.0917 
          14  1 0.1766 0.3012 0.2933 0.1180 0.1109 
          15  1 0.3135 0.1637 0.2606 0.1388 0.1234 
          16  1 0.2791 0.3699 0.1741 0.1003 0.0766 
          17  1 0.1633 0.1919 0.1479 0.2636 0.2333 
          18  1 0.3650 0.1202 0.0952 0.1726 0.2469 
          19  1 0.3502 0.1027 0.2826 0.1713 0.0933 
          20  1 0.1999 0.2194 0.2821 0.1401 0.1586 
          21  1 0.2427 0.1860 0.1625 0.2908 0.1180 
          22  1 0.2634 0.2627 0.1966 0.1940 0.0833 
          23  1 0.2051 0.3409 0.1998 0.1208 0.1333 
          24  1 0.1991 0.2822 0.1692 0.1503 0.1993 
          25  1 0.1551 0.1795 0.2070 0.1636 0.2948 
          26  1 0.2533 0.1731 0.3240 0.1081 0.1414 
          27  1 0.2035 0.2888 0.3072 0.1093 0.0912 
          28  1 0.2548 0.1201 0.1719 0.3311 0.1221 
          29  1 0.3114 0.1528 0.2621 0.1035 0.1702 
          30  1 0.3577 0.2058 0.1765 0.1297 0.1303 
          31  1 0.1866 0.2555 0.2613 0.1044 0.1922 
          32  1 0.1889 0.1594 0.3030 0.1890 0.1596 
          33  1 0.2653 0.1700 0.1674 0.1631 0.2342 
          34  1 0.3915 0.1699 0.1862 0.1674 0.0850 
          35  1 0.5237 0.1714 0.1423 0.0786 0.0841 
          36  1 0.4419 0.1273 0.1645 0.1819 0.0843 
          37  1 0.2216 0.1969 0.1665 0.2368 0.1782 
          38  1 0.1612 0.1569 0.1559 0.2668 0.2591 
          39  1 0.3300 0.1535 0.2812 0.1449 0.0904 
          40  1 0.1155 0.1056 0.1276 0.1028 0.5484 
          41  1 0.4725 0.1559 0.1692 0.0624 0.1401 
          42  1 0.3181 0.2110 0.2136 0.0758 0.1815 
          43  1 0.2962 0.2571 0.2297 0.1425 0.0745 
          44  1 0.1785 0.0976 0.1880 0.0965 0.4394 
          45  1 0.2308 0.1537 0.2364 0.2474 0.1318 
          46  1 0.2935 0.2543 0.2129 0.1511 0.0882 
          47  1 0.3304 0.1004 0.1767 0.0890 0.3035 
          48  1 0.2727 0.1861 0.2070 0.1117 0.2225 
          49  1 0.4137 0.2017 0.1490 0.1451 0.0906 
          50  1 0.1172 0.1897 0.1875 0.0872 0.4184 
          51  1 0.2391 0.1860 0.1590 0.3252 0.0906 
          52  1 0.2387 0.2066 0.1621 0.1424 0.2502 
          53  1 0.1617 0.1097 0.1215 0.5187 0.0884 
          54  1 0.2529 0.1845 0.1981 0.2482 0.1164 
          55  1 0.1429 0.1560 0.1376 0.4147 0.1488 
          56  1 0.1213 0.1125 0.0974 0.3937 0.2751 
          57  1 0.2532 0.2060 0.1601 0.1210 0.2598 
          58  1 0.1760 0.1137 0.1239 0.1861 0.4004 
          59  1 0.1191 0.1167 0.1207 0.3438 0.2996 
          60  1 0.0931 0.4528 0.2119 0.1893 0.0530 
          61  1 0.1939 0.1467 0.2493 0.2537 0.1564 
          62  1 0.2376 0.2822 0.1549 0.1745 0.1508 
          63  1 0.2768 0.1893 0.3082 0.1205 0.1053 
          64  1 0.2035 0.3731 0.2142 0.0687 0.1405 
          65  1 0.1312 0.1541 0.1336 0.2344 0.3467 
          66  1 0.2165 0.2682 0.2106 0.0721 0.2325 
          67  1 0.1310 0.1598 0.1575 0.2671 0.2847 
          68  1 0.1927 0.1481 0.1582 0.3188 0.1822 
          69  1 0.2707 0.1302 0.1907 0.2719 0.1365 
          70  1 0.2599 0.1573 0.2009 0.2796 0.1023 
          71  1 0.2548 0.1832 0.1661 0.2958 0.1001 
          72  1 0.1588 0.1073 0.1327 0.3765 0.2247 
          73  1 0.1478 0.1810 0.3386 0.2585 0.0742 
          74  1 0.2693 0.1799 0.2044 0.2622 0.0842 
          75  1 0.2973 0.2654 0.1868 0.1608 0.0897 
          76  1 0.2377 0.2062 0.2327 0.1784 0.1449 
          77  1 0.3616 0.0996 0.2188 0.2290 0.0910 
          78  1 0.0708 0.1191 0.0783 0.6496 0.0822 
          79  1 0.1355 0.2330 0.1529 0.2999 0.1788 
          80  1 0.1602 0.3738 0.1968 0.1329 0.1364 
          81  1 0.3388 0.1226 0.2107 0.2096 0.1182 
          82  1 0.1194 0.3511 0.2046 0.1932 0.1317 
          83  1 0.1865 0.3900 0.2060 0.1372 0.0803 
          84  1 0.3291 0.1984 0.2158 0.1911 0.0656 
          85  1 0.4715 0.1188 0.1837 0.1570 0.0690 
          86  1 0.3105 0.1244 0.1258 0.2264 0.2130 
          87  1 0.1206 0.2419 0.1786 0.0857 0.3732 
          88  1 0.1944 0.1735 0.2409 0.2763 0.1149 
          89  1 0.0551 0.6568 0.2087 0.0414 0.0381 
          90  1 0.1512 0.2914 0.2349 0.0940 0.2285 
          91  1 0.1676 0.1251 0.1766 0.1996 0.3311 
          92  1 0.1982 0.2926 0.2064 0.1694 0.1333 
          93  1 0.0616 0.6403 0.2197 0.0441 0.0343 
          94  1 0.2304 0.2687 0.1773 0.1700 0.1535 
          95  1 0.2816 0.1576 0.2276 0.1881 0.1451 
          96  1 0.1295 0.1842 0.4866 0.1256 0.0741 
          97  1 0.0828 0.0651 0.0833 0.1005 0.6682 
          98  1 0.1918 0.1827 0.2769 0.2488 0.0999 
          99  1 0.0746 0.1484 0.0720 0.6612 0.0438 
         100  1 0.2703 0.1164 0.1592 0.2818 0.1723 
         101  1 0.1483 0.3693 0.2198 0.1806 0.0820 
         102  1 0.1914 0.1428 0.1328 0.4748 0.0581 
         103  1 0.3345 0.1574 0.3304 0.0984 0.0792 
         104  1 0.2225 0.1698 0.2770 0.1434 0.1873 
         105  1 0.1994 0.2863 0.1879 0.2296 0.0968 
         106  1 0.1363 0.2082 0.4951 0.1072 0.0532 
         107  1 0.1758 0.2830 0.1718 0.2559 0.1135 
         108  1 0.1424 0.2372 0.3452 0.1206 0.1546 
         109  1 0.2767 0.1308 0.1520 0.2769 0.1636 
         110  1 0.1903 0.1422 0.2277 0.1474 0.2925 
         111  1 0.4645 0.1954 0.1402 0.1028 0.0971 
         112  1 0.1992 0.3489 0.2031 0.1430 0.1058 
         113  1 0.1931 0.1357 0.1604 0.1607 0.3501 
         114  1 0.1353 0.2072 0.4976 0.1064 0.0535 
         115  1 0.2359 0.1431 0.1865 0.2742 0.1603 
         116  1 0.1078 0.3062 0.1518 0.3798 0.0543 
         117  1 0.1076 0.3263 0.1763 0.1030 0.2868 
         118  1 0.2047 0.1504 0.2336 0.2446 0.1668 
         119  1 0.2323 0.1857 0.1842 0.2852 0.1125 
         120  1 0.0773 0.1498 0.0734 0.6565 0.0429 
         121  1 0.1781 0.1417 0.2332 0.1089 0.3381 
         122  1 0.0929 0.0836 0.1235 0.2377 0.4624 
         123  1 0.2650 0.0993 0.1403 0.1068 0.3887 
         124  1 0.2745 0.1650 0.1164 0.1575 0.2866 
         125  1 0.2198 0.1916 0.2241 0.2398 0.1246 
         126  1 0.0857 0.1313 0.0922 0.6297 0.0610 
         127  1 0.0384 0.0348 0.0361 0.0356 0.8551 
         128  1 0.1173 0.3982 0.2025 0.1577 0.1243 
         129  1 0.0590 0.6423 0.2195 0.0452 0.0340 
         130  1 0.0926 0.2822 0.4607 0.1182 0.0463 
         131  1 0.0894 0.2842 0.4594 0.1166 0.0504 
         132  1 0.1519 0.2864 0.3039 0.1200 0.1379 
         133  1 0.2480 0.1304 0.1896 0.1633 0.2688 
         134  1 0.2473 0.1529 0.3697 0.1249 0.1052 
         135  1 0.1398 0.1468 0.3658 0.2057 0.1419 
         136  1 0.1437 0.1290 0.1358 0.3800 0.2115 
         137  1 0.0407 0.0391 0.0372 0.0403 0.8427 
         138  1 0.0404 0.0395 0.0370 0.0401 0.8431 
         139  1 0.2912 0.2238 0.2187 0.1652 0.1012 
         140  1 0.2825 0.2466 0.2683 0.1141 0.0886 
         141  1 0.1774 0.1461 0.3493 0.1222 0.2050 
         142  1 0.3198 0.1602 0.2325 0.1467 0.1408 
         143  1 0.5580 0.1278 0.1389 0.1137 0.0615 
         144  1 0.1673 0.3098 0.1994 0.1498 0.1737 
         145  1 0.2601 0.1342 0.2713 0.1174 0.2170 
         146  1 0.1539 0.2946 0.1624 0.3502 0.0389 
         147  1 0.2018 0.1384 0.2807 0.1572 0.2220 
         148  1 0.1740 0.1852 0.2753 0.2712 0.0943 
         149  1 0.2429 0.1786 0.2427 0.1513 0.1845 
         150  1 0.2909 0.2582 0.2415 0.1457 0.0636 
         151  1 0.1720 0.1153 0.1658 0.2589 0.2880 
         152  1 0.2800 0.1612 0.2473 0.1598 0.1516 
         153  1 0.2646 0.1607 0.2966 0.1763 0.1018 
         154  1 0.1751 0.1175 0.1851 0.0879 0.4343 
         155  1 0.1937 0.1249 0.2883 0.1285 0.2645 
         156  1 0.1531 0.3352 0.2284 0.1861 0.0972 
         157  1 0.2593 0.3174 0.2140 0.0612 0.1481 
         158  1 0.2756 0.3133 0.2128 0.0612 0.1371 
         159  1 0.1897 0.1560 0.4037 0.1158 0.1348 
         160  1 0.4441 0.1190 0.2124 0.0834 0.1411 
         161  1 0.1214 0.0626 0.0867 0.0687 0.6605 
         162  1 0.1881 0.3973 0.2233 0.0842 0.1072 
         163  1 0.1353 0.1495 0.1084 0.4790 0.1278 
         164  1 0.1200 0.2608 0.1463 0.3879 0.0849 
         165  1 0.1317 0.0875 0.1187 0.0790 0.5832 
         166  1 0.1924 0.1811 0.2579 0.1879 0.1807 
         167  1 0.1613 0.1444 0.3025 0.1971 0.1947 
         168  1 0.1687 0.1198 0.2107 0.3568 0.1440 
         169  1 0.2369 0.1605 0.4122 0.1073 0.0832 
         170  1 0.1630 0.1190 0.1434 0.1381 0.4365 
         171  1 0.1122 0.3248 0.3869 0.1160 0.0601 
         172  1 0.1460 0.1962 0.1283 0.1563 0.3732 
         173  1 0.2270 0.0960 0.0900 0.2075 0.3794 
         174  1 0.2404 0.1265 0.2652 0.2478 0.1201 
         175  1 0.1956 0.0975 0.1094 0.3863 0.2113 
         176  1 0.2482 0.2845 0.2252 0.1023 0.1399 
         177  1 0.0686 0.0979 0.0684 0.5058 0.2592 
         178  1 0.1696 0.1871 0.3159 0.1070 0.2204 
         179  1 0.1619 0.2630 0.3530 0.1567 0.0654 
         180  1 0.2038 0.1958 0.2337 0.3135 0.0532 
         181  1 0.1149 0.2459 0.1655 0.1873 0.2864 
         182  1 0.2188 0.1620 0.1806 0.3225 0.1161 
         183  1 0.2919 0.1034 0.2282 0.0962 0.2803 
         184  1 0.1374 0.1152 0.2010 0.1064 0.4400 
         185  1 0.0568 0.6491 0.2082 0.0448 0.0411 
         186  1 0.0550 0.6484 0.2091 0.0456 0.0419 
         187  1 0.3633 0.1214 0.2451 0.1743 0.0960 
         188  1 0.2653 0.1798 0.3178 0.1588 0.0784 
         189  1 0.1692 0.1228 0.1428 0.3312 0.2339 
         190  1 0.2331 0.1578 0.1577 0.3335 0.1180 
         191  1 0.2191 0.1206 0.1699 0.2225 0.2679 
         192  1 0.1248 0.0626 0.0848 0.0704 0.6575 
         193  1 0.2288 0.1146 0.1722 0.2943 0.1901 
         194  1 0.2596 0.2264 0.1579 0.1182 0.2379 
         195  1 0.2792 0.1458 0.1525 0.2655 0.1569 
         196  1 0.1624 0.2265 0.3743 0.1219 0.1149 
         197  1 0.1135 0.1111 0.0862 0.3454 0.3438 
         198  1 0.1900 0.2498 0.2129 0.0833 0.2639 
         199  1 0.1508 0.2438 0.2172 0.1941 0.1942 
         200  1 0.2180 0.3124 0.1830 0.1674 0.1193 
         201  1 0.3209 0.2348 0.2729 0.1167 0.0547 
         202  1 0.2525 0.1255 0.2006 0.0804 0.3410 
         203  1 0.1494 0.1884 0.4701 0.1312 0.0609 
         204  1 0.2112 0.3549 0.1974 0.1180 0.1185 
         205  1 0.1653 0.1770 0.1836 0.3263 0.1478 
         206  1 0.2999 0.1531 0.1284 0.2855 0.1332 
         207  1 0.1596 0.1271 0.3574 0.1178 0.2381 
         208  1 0.2546 0.1266 0.2344 0.1309 0.2535 
         209  1 0.1499 0.2051 0.1668 0.1098 0.3683 
         210  1 0.1785 0.1078 0.1250 0.0944 0.4943 
         211  1 0.2348 0.1322 0.1616 0.0992 0.3722 
         212  1 0.3111 0.1568 0.1496 0.1190 0.2635 
         213  1 0.4717 0.0978 0.1720 0.1767 0.0818 
         214  1 0.3594 0.1539 0.1648 0.1490 0.1729 
         215  1 0.1577 0.5074 0.2178 0.0629 0.0542 
         216  1 0.0727 0.1339 0.0622 0.5299 0.2013 
         217  1 0.1597 0.2068 0.3037 0.1411 0.1886 
         218  1 0.3218 0.2677 0.2047 0.1298 0.0760 
         219  1 0.1750 0.2261 0.2716 0.1558 0.1715 
         220  1 0.2535 0.1953 0.1885 0.1676 0.1950 
         221  1 0.1611 0.2857 0.2246 0.1286 0.2000 
         222  1 0.2019 0.3576 0.2301 0.1061 0.1042 
         223  1 0.1884 0.2476 0.1857 0.1311 0.2473 
         224  1 0.1712 0.1222 0.2838 0.1147 0.3081 
         225  1 0.4372 0.1580 0.1446 0.1345 0.1257 
         226  1 0.0704 0.0637 0.0889 0.0883 0.6888 
         227  1 0.5112 0.1860 0.1429 0.0856 0.0743 
         228  1 0.1656 0.2407 0.3407 0.1681 0.0850 
         229  1 0.2210 0.2380 0.1338 0.2942 0.1130 
         230  1 0.1910 0.1864 0.1803 0.2261 0.2161 
         231  1 0.1860 0.1616 0.1924 0.1316 0.3285 
         232  1 0.2177 0.2595 0.2114 0.2215 0.0898 
         233  1 0.0694 0.0849 0.0629 0.4067 0.3761 
         234  1 0.1514 0.2397 0.2747 0.2712 0.0629 
         235  1 0.3542 0.0788 0.1034 0.1100 0.3536 
         236  1 0.1368 0.1294 0.1111 0.4713 0.1514 
         237  1 0.2087 0.2568 0.1852 0.2080 0.1413 
         238  1 0.1020 0.1268 0.0869 0.4802 0.2041 
         239  1 0.2224 0.1617 0.1884 0.3209 0.1065 
         240  1 0.2805 0.2766 0.2173 0.1135 0.1121 
         241  1 0.1378 0.2572 0.1274 0.3603 0.1174 
         242  1 0.0827 0.0960 0.0653 0.5025 0.2535 
         243  1 0.3298 0.2017 0.2338 0.1552 0.0796 
         244  1 0.2482 0.1617 0.3113 0.1189 0.1600 
         245  1 0.1640 0.1998 0.2468 0.1971 0.1923 
         246  1 0.2075 0.2327 0.1741 0.1248 0.2610 
         247  1 0.1248 0.1844 0.2580 0.2468 0.1860 
         248  1 0.1470 0.1065 0.1720 0.2556 0.3188 
         249  1 0.1646 0.2379 0.2969 0.2171 0.0836 
         250  1 0.1513 0.3196 0.1727 0.2131 0.1433 
         251  1 0.1469 0.1175 0.1543 0.2026 0.3787 
         252  1 0.1788 0.2063 0.3363 0.1622 0.1164 
         253  1 0.2280 0.1630 0.1645 0.3451 0.0993 
         254  1 0.3175 0.1407 0.2164 0.1733 0.1522 
         255  1 0.1439 0.1799 0.1624 0.3071 0.2066 
         256  1 0.2436 0.1081 0.1018 0.4498 0.0966 
         257  1 0.0692 0.1130 0.0723 0.6133 0.1322 
         258  1 0.1555 0.2012 0.1585 0.3068 0.1780 
         259  1 0.3332 0.1107 0.1596 0.2523 0.1442 
         260  1 0.1734 0.1705 0.1400 0.3499 0.1662 
         261  1 0.1791 0.2572 0.1837 0.1627 0.2173 
         262  1 0.1202 0.1746 0.1348 0.4496 0.1209 
         263  1 0.1769 0.2040 0.3041 0.1150 0.2000 
         264  1 0.2037 0.1604 0.2075 0.2706 0.1577 
         265  1 0.1344 0.1185 0.1482 0.2787 0.3201 
         266  1 0.1681 0.3313 0.2174 0.1653 0.1178 
         267  1 0.2192 0.2749 0.2031 0.1672 0.1357 
         268  1 0.1993 0.1605 0.1087 0.4412 0.0903 
         269  1 0.2880 0.1330 0.2176 0.2912 0.0702 
         270  1 0.2171 0.1716 0.1420 0.3729 0.0964 
