           1  1 0.1179 0.0534 0.1116 0.0896 0.0982 0.1181 0.2061 0.0541 0.1155 0.0355 
           2  1 0.1042 0.0116 0.2000 0.0892 0.2592 0.1357 0.0182 0.0313 0.1004 0.0502 
           3  1 0.0557 0.0375 0.0756 0.3186 0.0547 0.0649 0.0147 0.0336 0.0501 0.2946 
           4  1 0.0099 0.9202 0.0096 0.0080 0.0103 0.0096 0.0053 0.0097 0.0096 0.0078 
           5  1 0.1473 0.0313 0.1492 0.0338 0.1219 0.1063 0.0129 0.2309 0.1437 0.0226 
           6  1 0.0772 0.3000 0.0640 0.0118 0.0535 0.0797 0.0083 0.1059 0.1197 0.1800 
           7  1 0.0964 0.0120 0.1052 0.1272 0.1040 0.0935 0.2359 0.0702 0.0902 0.0654 
           8  1 0.1358 0.1794 0.1164 0.0221 0.1193 0.1455 0.0266 0.1118 0.1323 0.0108 
           9  1 0.1195 0.0142 0.0715 0.2543 0.0765 0.1639 0.0191 0.1038 0.1077 0.0695 
          10  1 0.1633 0.0117 0.0747 0.0166 0.0860 0.0858 0.0091 0.3877 0.1335 0.0316 
          11  1 0.0631 0.0441 0.0513 0.0561 0.0536 0.0509 0.0066 0.0412 0.0770 0.5562 
          12  1 0.0876 0.2563 0.0738 0.0203 0.0650 0.0946 0.0087 0.1437 0.1188 0.1312 
          13  1 0.0936 0.2591 0.1200 0.0546 0.1143 0.0943 0.1056 0.0495 0.0857 0.0233 
          14  1 0.1573 0.0223 0.1551 0.0529 0.1581 0.1353 0.0634 0.0852 0.1428 0.0277 
          15  1 0.1595 0.0170 0.1831 0.0539 0.1768 0.1589 0.0153 0.0711 0.1449 0.0194 
          16  1 0.0622 0.0298 0.1089 0.0233 0.1103 0.0739 0.4599 0.0327 0.0777 0.0213 
          17  1 0.1648 0.0995 0.1144 0.0472 0.1080 0.1722 0.0211 0.1247 0.1201 0.0280 
          18  1 0.1098 0.0419 0.1844 0.0197 0.2000 0.1302 0.0167 0.0405 0.1148 0.1422 
          19  1 0.1572 0.0229 0.1937 0.0593 0.1924 0.1404 0.0055 0.0813 0.1391 0.0083 
          20  1 0.1058 0.0370 0.1143 0.2911 0.1280 0.1024 0.0127 0.0900 0.0971 0.0217 
          21  1 0.1127 0.1733 0.1541 0.0415 0.1589 0.1139 0.0231 0.0995 0.1093 0.0136 
          22  1 0.1218 0.0490 0.1741 0.0612 0.1776 0.1304 0.0793 0.0631 0.1366 0.0071 
          23  1 0.1220 0.0290 0.1346 0.0485 0.1432 0.1286 0.1322 0.0925 0.1340 0.0355 
          24  1 0.1311 0.0350 0.1477 0.0288 0.1636 0.1338 0.0762 0.1264 0.1410 0.0164 
          25  1 0.1283 0.0678 0.1305 0.0702 0.1424 0.1202 0.0243 0.1067 0.1377 0.0718 
          26  1 0.1485 0.0208 0.1307 0.0706 0.1379 0.1445 0.0119 0.2053 0.1219 0.0079 
          27  1 0.1600 0.0134 0.1349 0.0723 0.1110 0.1703 0.0749 0.0679 0.1672 0.0281 
          28  1 0.1172 0.1791 0.1501 0.0326 0.1659 0.1306 0.0072 0.0704 0.1359 0.0109 
          29  1 0.1387 0.0207 0.1602 0.0650 0.1886 0.1401 0.0170 0.0859 0.1649 0.0190 
          30  1 0.1149 0.0412 0.1738 0.0586 0.2296 0.1251 0.0287 0.0896 0.1152 0.0232 
          31  1 0.0677 0.0261 0.0763 0.4552 0.0842 0.0703 0.0268 0.0517 0.0557 0.0861 
          32  1 0.1477 0.0382 0.1605 0.0736 0.1512 0.1471 0.0089 0.0753 0.1485 0.0491 
          33  1 0.1576 0.0286 0.1472 0.0878 0.1234 0.1584 0.0089 0.1134 0.1446 0.0302 
          34  1 0.1047 0.0307 0.1948 0.1238 0.1968 0.1339 0.0146 0.0482 0.1273 0.0253 
          35  1 0.0929 0.0160 0.1918 0.1486 0.2352 0.1421 0.0193 0.0463 0.0934 0.0144 
          36  1 0.1498 0.0270 0.1934 0.0230 0.2210 0.1548 0.0142 0.0470 0.1488 0.0210 
          37  1 0.1481 0.0769 0.1662 0.0213 0.1720 0.1388 0.0167 0.0882 0.1460 0.0258 
          38  1 0.1139 0.1200 0.1132 0.0275 0.1166 0.1168 0.0313 0.0724 0.1213 0.1669 
          39  1 0.1310 0.0248 0.1642 0.0744 0.2167 0.1508 0.0176 0.0587 0.1413 0.0205 
          40  1 0.0529 0.0211 0.0551 0.0520 0.0605 0.0529 0.0092 0.0435 0.0491 0.6036 
          41  1 0.1152 0.0084 0.1946 0.0967 0.2207 0.1411 0.0166 0.0600 0.1160 0.0308 
          42  1 0.1357 0.0134 0.1722 0.0520 0.1928 0.1705 0.0151 0.0932 0.1321 0.0230 
          43  1 0.1458 0.0526 0.1686 0.0652 0.1796 0.1174 0.0313 0.1120 0.1204 0.0069 
          44  1 0.1237 0.0272 0.0927 0.0713 0.0958 0.0925 0.0078 0.2648 0.1071 0.1171 
          45  1 0.1335 0.0864 0.1640 0.0389 0.1725 0.1468 0.0204 0.0844 0.1325 0.0206 
          46  1 0.1288 0.0405 0.1573 0.0262 0.1777 0.1214 0.1619 0.0531 0.1200 0.0131 
          47  1 0.1447 0.0110 0.1699 0.0465 0.1529 0.1263 0.0090 0.1502 0.1669 0.0226 
          48  1 0.1342 0.0471 0.1211 0.0412 0.1411 0.0980 0.0690 0.1936 0.1194 0.0354 
          49  1 0.1237 0.0328 0.1923 0.0157 0.2367 0.1308 0.0878 0.0567 0.1119 0.0116 
          50  1 0.1574 0.0216 0.0308 0.0374 0.0338 0.0539 0.0159 0.4822 0.1374 0.0295 
          51  1 0.0678 0.4865 0.0990 0.0317 0.1055 0.0743 0.0209 0.0326 0.0677 0.0142 
          52  1 0.1064 0.0345 0.1269 0.1471 0.1136 0.1365 0.0339 0.1304 0.1221 0.0487 
          53  1 0.0733 0.4443 0.0946 0.0341 0.0994 0.0850 0.0068 0.0723 0.0832 0.0069 
          54  1 0.1398 0.0670 0.1680 0.0526 0.1879 0.1384 0.0264 0.0565 0.1479 0.0153 
          55  1 0.0989 0.3571 0.0932 0.0343 0.0967 0.1081 0.0083 0.0866 0.0901 0.0267 
          56  1 0.1428 0.1861 0.0869 0.0285 0.0685 0.1321 0.0067 0.0662 0.1346 0.1477 
          57  1 0.1532 0.0174 0.1174 0.0234 0.1415 0.1572 0.0287 0.1692 0.1740 0.0180 
          58  1 0.1480 0.0549 0.1163 0.0336 0.1088 0.1273 0.0074 0.1783 0.1836 0.0418 
          59  1 0.0717 0.4345 0.0704 0.0439 0.0688 0.0796 0.0143 0.0823 0.0821 0.0525 
          60  1 0.0612 0.1242 0.0688 0.2451 0.0599 0.0595 0.2701 0.0524 0.0505 0.0083 
          61  1 0.1657 0.0613 0.1357 0.0318 0.1333 0.1892 0.0126 0.0927 0.1505 0.0271 
          62  1 0.0906 0.1324 0.1411 0.0239 0.1797 0.1031 0.1173 0.1029 0.0922 0.0168 
          63  1 0.1195 0.0398 0.1036 0.2124 0.1206 0.1339 0.0228 0.1333 0.0955 0.0186 
          64  1 0.1160 0.0187 0.1698 0.0685 0.1705 0.1091 0.1153 0.0798 0.1191 0.0331 
          65  1 0.1639 0.0390 0.0774 0.0275 0.0631 0.1425 0.0146 0.0495 0.1502 0.2724 
          66  1 0.1399 0.0144 0.1649 0.0875 0.1454 0.1529 0.0295 0.0774 0.0981 0.0900 
          67  1 0.1196 0.1709 0.0848 0.0759 0.0878 0.0984 0.0140 0.2096 0.1152 0.0239 
          68  1 0.1316 0.1679 0.1358 0.0265 0.1490 0.1203 0.0211 0.1017 0.1273 0.0188 
          69  1 0.1607 0.0603 0.1586 0.0121 0.1522 0.1768 0.0104 0.0720 0.1818 0.0151 
          70  1 0.1590 0.0628 0.1583 0.0361 0.1502 0.1474 0.0110 0.0792 0.1786 0.0173 
          71  1 0.1251 0.0992 0.1636 0.0200 0.1592 0.1512 0.0145 0.1034 0.1566 0.0072 
          72  1 0.1322 0.2041 0.1097 0.0179 0.0918 0.1315 0.0064 0.0524 0.1518 0.1021 
          73  1 0.1258 0.0713 0.0999 0.2369 0.1004 0.1283 0.0125 0.0647 0.1442 0.0160 
          74  1 0.1376 0.0589 0.1838 0.0330 0.1988 0.1415 0.0306 0.0672 0.1373 0.0115 
          75  1 0.1170 0.0453 0.1925 0.0255 0.1903 0.1176 0.1065 0.0682 0.1206 0.0165 
          76  1 0.1723 0.0343 0.0807 0.0304 0.0856 0.0973 0.0157 0.3484 0.1286 0.0069 
          77  1 0.1452 0.0344 0.1827 0.0163 0.1741 0.1690 0.0051 0.0688 0.1959 0.0085 
          78  1 0.0270 0.8064 0.0286 0.0167 0.0201 0.0328 0.0060 0.0203 0.0303 0.0118 
          79  1 0.1363 0.0904 0.1347 0.0368 0.1145 0.1442 0.0332 0.1355 0.1531 0.0213 
          80  1 0.1551 0.0493 0.1321 0.0427 0.1391 0.1242 0.0932 0.1196 0.1258 0.0189 
          81  1 0.1730 0.0319 0.1619 0.0162 0.1635 0.1761 0.0068 0.0907 0.1664 0.0132 
          82  1 0.1006 0.1171 0.0823 0.0659 0.0810 0.0841 0.2364 0.1260 0.0790 0.0277 
          83  1 0.1405 0.0339 0.1447 0.0351 0.1340 0.1085 0.1260 0.1523 0.1165 0.0085 
          84  1 0.1400 0.0295 0.1877 0.0599 0.1909 0.1594 0.0228 0.0492 0.1500 0.0107 
          85  1 0.1215 0.0225 0.2146 0.0287 0.1970 0.1751 0.0102 0.0564 0.1671 0.0070 
          86  1 0.1606 0.0395 0.1414 0.0155 0.1258 0.1421 0.0081 0.1802 0.1439 0.0429 
          87  1 0.1576 0.0252 0.0342 0.0504 0.0349 0.0564 0.0315 0.4633 0.1256 0.0210 
          88  1 0.1261 0.1306 0.1454 0.0659 0.1423 0.1247 0.0215 0.0889 0.1386 0.0159 
          89  1 0.0044 0.0042 0.0044 0.0043 0.0040 0.0045 0.9619 0.0043 0.0045 0.0037 
          90  1 0.1515 0.0133 0.1202 0.0660 0.1071 0.1163 0.0313 0.2179 0.1539 0.0224 
          91  1 0.1335 0.0788 0.1064 0.0369 0.1116 0.0971 0.0162 0.2395 0.1251 0.0548 
          92  1 0.1155 0.1025 0.1443 0.1183 0.1578 0.1308 0.0384 0.0666 0.1075 0.0184 
          93  1 0.0090 0.0069 0.0364 0.0098 0.0120 0.0101 0.8905 0.0091 0.0110 0.0053 
          94  1 0.1400 0.0387 0.1577 0.0876 0.1619 0.1472 0.0411 0.0700 0.1400 0.0156 
          95  1 0.1689 0.0421 0.1587 0.0131 0.1508 0.1672 0.0201 0.1065 0.1559 0.0167 
          96  1 0.1287 0.0112 0.0885 0.2754 0.0652 0.1682 0.0155 0.0905 0.1479 0.0091 
          97  1 0.1177 0.0291 0.0377 0.0122 0.0381 0.0648 0.0092 0.3733 0.2006 0.1174 
          98  1 0.1561 0.0624 0.1399 0.0294 0.1227 0.1608 0.0435 0.1370 0.1400 0.0080 
          99  1 0.0098 0.9111 0.0097 0.0092 0.0117 0.0101 0.0145 0.0096 0.0094 0.0049 
         100  1 0.1469 0.0531 0.1435 0.0804 0.1152 0.1632 0.0058 0.0707 0.1662 0.0551 
         101  1 0.1583 0.0350 0.1600 0.0481 0.1039 0.1547 0.1063 0.0622 0.1452 0.0264 
         102  1 0.0791 0.3633 0.1107 0.0667 0.1396 0.0875 0.0097 0.0406 0.0930 0.0098 
         103  1 0.1112 0.0137 0.1355 0.2178 0.1507 0.1532 0.0111 0.0899 0.1073 0.0096 
         104  1 0.1459 0.0285 0.1435 0.0418 0.1302 0.1727 0.0143 0.1358 0.1580 0.0293 
         105  1 0.1051 0.0867 0.1647 0.0640 0.1679 0.1388 0.0671 0.0621 0.1213 0.0222 
         106  1 0.0218 0.0081 0.0298 0.8068 0.0267 0.0520 0.0086 0.0201 0.0206 0.0055 
         107  1 0.1495 0.0537 0.1644 0.0829 0.1437 0.1457 0.0368 0.0859 0.1125 0.0250 
         108  1 0.1044 0.0212 0.1008 0.2877 0.0994 0.1093 0.0235 0.1362 0.0965 0.0209 
         109  1 0.1577 0.0745 0.1609 0.0740 0.1561 0.1444 0.0120 0.0719 0.1074 0.0410 
         110  1 0.1432 0.0545 0.1139 0.0492 0.1346 0.1726 0.0288 0.1162 0.1294 0.0576 
         111  1 0.1366 0.0225 0.2039 0.0142 0.2070 0.1285 0.0525 0.0818 0.1424 0.0106 
         112  1 0.1491 0.0319 0.1089 0.0642 0.0933 0.0847 0.0513 0.3009 0.1068 0.0089 
         113  1 0.1259 0.0750 0.1082 0.0820 0.1323 0.1128 0.0130 0.1746 0.1096 0.0666 
         114  1 0.0248 0.0075 0.0283 0.8103 0.0231 0.0520 0.0082 0.0206 0.0199 0.0052 
         115  1 0.1003 0.1682 0.1275 0.0699 0.1593 0.1265 0.0144 0.0820 0.1168 0.0352 
         116  1 0.1108 0.2627 0.1236 0.0740 0.0843 0.1013 0.0943 0.0606 0.0785 0.0100 
         117  1 0.1457 0.0376 0.0589 0.0728 0.0612 0.0732 0.0602 0.3013 0.1372 0.0520 
         118  1 0.1451 0.0668 0.1496 0.0380 0.1356 0.1525 0.0098 0.1345 0.1505 0.0177 
         119  1 0.0676 0.3294 0.0776 0.2192 0.0975 0.0679 0.0172 0.0409 0.0671 0.0155 
         120  1 0.0104 0.9112 0.0108 0.0081 0.0105 0.0100 0.0152 0.0096 0.0091 0.0052 
         121  1 0.1477 0.0198 0.1197 0.0641 0.1429 0.1442 0.0150 0.1623 0.1302 0.0541 
         122  1 0.1171 0.1391 0.0867 0.0187 0.0729 0.1039 0.0063 0.1979 0.1517 0.1058 
         123  1 0.1380 0.0159 0.0754 0.0120 0.0988 0.1067 0.0123 0.3461 0.1686 0.0261 
         124  1 0.1128 0.0618 0.1365 0.0225 0.1563 0.1449 0.0251 0.1509 0.1411 0.0481 
         125  1 0.1283 0.0908 0.1177 0.1793 0.1237 0.1083 0.0097 0.1216 0.1111 0.0095 
         126  1 0.0553 0.6778 0.0475 0.0187 0.0391 0.0558 0.0098 0.0269 0.0631 0.0059 
         127  1 0.0048 0.0040 0.0044 0.0039 0.0046 0.0046 0.0038 0.0050 0.0047 0.9603 
         128  1 0.1175 0.1003 0.1219 0.0921 0.1229 0.1162 0.1036 0.1004 0.1092 0.0159 
         129  1 0.0095 0.0071 0.0378 0.0107 0.0098 0.0096 0.8907 0.0096 0.0101 0.0052 
         130  1 0.0129 0.0081 0.0131 0.8983 0.0142 0.0142 0.0093 0.0116 0.0114 0.0068 
         131  1 0.0122 0.0072 0.0112 0.9081 0.0121 0.0118 0.0096 0.0108 0.0099 0.0070 
         132  1 0.1583 0.0217 0.0872 0.0978 0.0864 0.1269 0.0490 0.2589 0.1030 0.0106 
         133  1 0.1379 0.0669 0.1344 0.0293 0.1525 0.1163 0.0118 0.1769 0.1411 0.0330 
         134  1 0.1178 0.0274 0.0829 0.2257 0.1090 0.1617 0.0109 0.1551 0.0908 0.0185 
         135  1 0.1528 0.0591 0.0893 0.1082 0.0843 0.1931 0.0104 0.1831 0.1089 0.0108 
         136  1 0.1636 0.0938 0.1249 0.0375 0.0960 0.1599 0.0090 0.1452 0.1483 0.0217 
         137  1 0.0049 0.0045 0.0048 0.0042 0.0049 0.0050 0.0036 0.0048 0.0049 0.9584 
         138  1 0.0048 0.0046 0.0046 0.0041 0.0050 0.0048 0.0037 0.0047 0.0050 0.9586 
         139  1 0.1000 0.0539 0.1565 0.1267 0.2016 0.1045 0.0917 0.0584 0.0899 0.0168 
         140  1 0.1401 0.0182 0.1464 0.0406 0.1503 0.1496 0.0641 0.1133 0.1688 0.0087 
         141  1 0.1261 0.0183 0.1248 0.1016 0.1308 0.1298 0.0090 0.1813 0.1566 0.0218 
         142  1 0.1291 0.0249 0.1709 0.0833 0.2225 0.1409 0.0134 0.0829 0.1164 0.0156 
         143  1 0.1152 0.0169 0.2421 0.0189 0.2817 0.1505 0.0111 0.0451 0.1122 0.0063 
         144  1 0.1432 0.0553 0.0892 0.0380 0.0970 0.0886 0.0784 0.2447 0.1541 0.0115 
         145  1 0.1686 0.0176 0.1294 0.0461 0.1054 0.1721 0.0156 0.1025 0.1660 0.0766 
         146  1 0.1046 0.1740 0.1252 0.0156 0.0993 0.1172 0.1932 0.0468 0.1186 0.0054 
         147  1 0.1669 0.0193 0.1422 0.0235 0.1024 0.1532 0.0094 0.1582 0.1838 0.0411 
         148  1 0.1669 0.0685 0.1280 0.0346 0.1075 0.1869 0.0257 0.0857 0.1788 0.0173 
         149  1 0.1498 0.0359 0.1334 0.0324 0.1366 0.1574 0.0230 0.1322 0.1719 0.0274 
         150  1 0.1276 0.0771 0.1605 0.0944 0.1884 0.1245 0.0386 0.0678 0.1144 0.0066 
         151  1 0.1107 0.0804 0.0991 0.0503 0.0917 0.1282 0.0116 0.1056 0.1513 0.1710 
         152  1 0.1466 0.0247 0.1709 0.0218 0.1453 0.1626 0.0250 0.0999 0.1818 0.0213 
         153  1 0.1396 0.0493 0.1510 0.0972 0.1549 0.1383 0.0283 0.0808 0.1482 0.0125 
         154  1 0.1610 0.0120 0.0711 0.0138 0.0748 0.0911 0.0118 0.3770 0.1555 0.0319 
         155  1 0.1614 0.0229 0.0988 0.0835 0.0948 0.2028 0.0094 0.1201 0.1202 0.0861 
         156  1 0.1542 0.0365 0.1607 0.0496 0.1113 0.1791 0.0686 0.0653 0.1415 0.0331 
         157  1 0.0422 0.0073 0.0723 0.5255 0.0388 0.0631 0.0584 0.0397 0.0335 0.1193 
         158  1 0.0454 0.0079 0.0751 0.5207 0.0472 0.0634 0.0592 0.0361 0.0318 0.1133 
         159  1 0.1331 0.0162 0.0772 0.2466 0.0880 0.1691 0.0142 0.1197 0.1188 0.0172 
         160  1 0.1317 0.0116 0.1758 0.0261 0.2071 0.1756 0.0113 0.1077 0.1394 0.0138 
         161  1 0.0964 0.0137 0.0657 0.0785 0.0331 0.1048 0.0054 0.2372 0.1259 0.2391 
         162  1 0.1099 0.0319 0.1474 0.1891 0.1473 0.1104 0.0778 0.0628 0.1014 0.0221 
         163  1 0.0860 0.4684 0.0782 0.0215 0.0768 0.0962 0.0195 0.0601 0.0684 0.0250 
         164  1 0.0857 0.2554 0.1077 0.0472 0.0871 0.0810 0.1879 0.0469 0.0800 0.0212 
         165  1 0.1430 0.0113 0.0232 0.0099 0.0262 0.0504 0.0049 0.5055 0.2070 0.0186 
         166  1 0.1667 0.0528 0.1153 0.0567 0.1424 0.1383 0.0210 0.1819 0.1071 0.0179 
         167  1 0.1524 0.0759 0.0824 0.1037 0.0901 0.1271 0.0142 0.2228 0.1202 0.0111 
         168  1 0.1112 0.2222 0.1277 0.1223 0.1094 0.0981 0.0050 0.0764 0.1121 0.0155 
         169  1 0.1304 0.0090 0.0990 0.2389 0.1201 0.1673 0.0124 0.0729 0.1363 0.0136 
         170  1 0.1310 0.0538 0.0425 0.0205 0.0498 0.0501 0.0163 0.4356 0.1885 0.0119 
         171  1 0.0387 0.0112 0.0271 0.7655 0.0273 0.0287 0.0278 0.0457 0.0231 0.0049 
         172  1 0.0885 0.0537 0.0873 0.0229 0.0884 0.0774 0.1314 0.0583 0.0832 0.3088 
         173  1 0.0851 0.2223 0.1371 0.0244 0.1363 0.1063 0.0119 0.0794 0.1053 0.0919 
         174  1 0.1594 0.0515 0.1517 0.0796 0.1220 0.1533 0.0061 0.1061 0.1567 0.0137 
         175  1 0.0936 0.3132 0.1219 0.0196 0.1342 0.1048 0.0063 0.0795 0.0958 0.0312 
         176  1 0.1398 0.0187 0.1117 0.0475 0.1379 0.1043 0.0951 0.2182 0.1110 0.0157 
         177  1 0.0483 0.6463 0.0323 0.0111 0.0270 0.0345 0.0055 0.1188 0.0558 0.0204 
         178  1 0.1464 0.0150 0.0966 0.0606 0.0928 0.1462 0.0302 0.2676 0.1114 0.0331 
         179  1 0.1172 0.0493 0.1026 0.2215 0.1077 0.1157 0.0393 0.1072 0.1297 0.0097 
         180  1 0.1072 0.1648 0.1287 0.0667 0.1389 0.1338 0.0464 0.0749 0.1318 0.0067 
         181  1 0.1240 0.0467 0.0883 0.1023 0.0626 0.1051 0.0385 0.0764 0.1019 0.2543 
         182  1 0.1335 0.1102 0.1502 0.0286 0.1775 0.1457 0.0147 0.0921 0.1363 0.0112 
         183  1 0.1483 0.0176 0.1108 0.0473 0.1548 0.1910 0.0098 0.0899 0.1327 0.0978 
         184  1 0.1328 0.0157 0.0353 0.0247 0.0332 0.0568 0.0090 0.4915 0.1878 0.0132 
         185  1 0.0047 0.0042 0.0045 0.0043 0.0043 0.0045 0.9604 0.0045 0.0046 0.0039 
         186  1 0.0044 0.0042 0.0045 0.0045 0.0046 0.0046 0.9601 0.0044 0.0047 0.0038 
         187  1 0.1538 0.0337 0.1688 0.0244 0.1582 0.1875 0.0097 0.0717 0.1808 0.0112 
         188  1 0.1213 0.0211 0.1599 0.1262 0.1405 0.1373 0.0106 0.1320 0.1409 0.0102 
         189  1 0.1631 0.0772 0.1137 0.0172 0.0918 0.1498 0.0170 0.0548 0.1690 0.1462 
         190  1 0.1730 0.0662 0.1349 0.0136 0.1098 0.1750 0.0370 0.0368 0.1983 0.0553 
         191  1 0.1300 0.0571 0.1297 0.0565 0.1360 0.1521 0.0080 0.1479 0.1278 0.0549 
         192  1 0.0987 0.0130 0.0664 0.0781 0.0320 0.1059 0.0054 0.2375 0.1252 0.2377 
         193  1 0.1543 0.0648 0.1474 0.0408 0.1470 0.1700 0.0098 0.0883 0.1441 0.0335 
         194  1 0.1212 0.0224 0.1451 0.0536 0.1492 0.1358 0.0512 0.0607 0.1068 0.1541 
         195  1 0.1426 0.0675 0.1322 0.0194 0.1280 0.1641 0.0275 0.1176 0.1823 0.0187 
         196  1 0.0345 0.0163 0.0334 0.7834 0.0288 0.0308 0.0084 0.0283 0.0240 0.0122 
         197  1 0.0931 0.3158 0.0765 0.0171 0.0675 0.0925 0.0109 0.1459 0.1321 0.0486 
         198  1 0.1274 0.0169 0.1187 0.0348 0.1305 0.1078 0.0610 0.2040 0.1264 0.0725 
         199  1 0.1322 0.0357 0.1265 0.0749 0.1193 0.1419 0.0414 0.1057 0.1577 0.0648 
         200  1 0.1341 0.0591 0.1470 0.0198 0.1430 0.1263 0.0703 0.1673 0.1224 0.0105 
         201  1 0.1301 0.0140 0.1905 0.1020 0.1771 0.1647 0.0376 0.0612 0.1161 0.0066 
         202  1 0.1435 0.0133 0.0750 0.0258 0.0709 0.0654 0.0100 0.4404 0.1393 0.0165 
         203  1 0.1195 0.0202 0.0841 0.3319 0.0790 0.1578 0.0180 0.0694 0.1111 0.0091 
         204  1 0.1226 0.0288 0.1782 0.0955 0.1881 0.1404 0.0454 0.0674 0.1111 0.0224 
         205  1 0.1349 0.1670 0.1343 0.0357 0.1338 0.1409 0.0301 0.0705 0.1233 0.0295 
         206  1 0.1532 0.1172 0.1853 0.0278 0.1578 0.1298 0.0159 0.0515 0.1304 0.0312 
         207  1 0.0847 0.0185 0.0745 0.2607 0.0756 0.1372 0.0104 0.1384 0.0999 0.1002 
         208  1 0.1232 0.0250 0.1213 0.2233 0.1229 0.1215 0.0148 0.1100 0.1073 0.0307 
         209  1 0.1503 0.0189 0.0416 0.0209 0.0426 0.0622 0.0131 0.4805 0.1446 0.0254 
         210  1 0.1396 0.0159 0.1188 0.0368 0.1104 0.1115 0.0088 0.2153 0.1761 0.0668 
         211  1 0.0715 0.0394 0.0907 0.1592 0.0974 0.0831 0.0166 0.0364 0.0724 0.3333 
         212  1 0.1302 0.0199 0.1357 0.0184 0.1363 0.1127 0.0250 0.2699 0.1366 0.0154 
         213  1 0.1280 0.1024 0.1630 0.0184 0.2108 0.1070 0.0081 0.1286 0.1293 0.0044 
         214  1 0.1095 0.0295 0.1449 0.1767 0.1356 0.1298 0.0141 0.1029 0.1247 0.0323 
         215  1 0.0737 0.0115 0.1047 0.0396 0.0948 0.0741 0.4719 0.0516 0.0687 0.0096 
         216  1 0.0211 0.7927 0.0200 0.0137 0.0202 0.0196 0.0120 0.0182 0.0185 0.0640 
         217  1 0.1337 0.0284 0.0842 0.0918 0.0897 0.1310 0.0164 0.3000 0.1097 0.0149 
         218  1 0.1255 0.0185 0.1860 0.0565 0.1783 0.1436 0.0471 0.0909 0.1441 0.0096 
         219  1 0.0813 0.0531 0.0790 0.3884 0.0832 0.0807 0.0219 0.1129 0.0832 0.0163 
         220  1 0.1004 0.0813 0.1431 0.1461 0.1447 0.1202 0.0258 0.0794 0.1073 0.0517 
         221  1 0.1282 0.0404 0.1073 0.1065 0.1051 0.1142 0.1051 0.1335 0.1168 0.0430 
         222  1 0.0986 0.0209 0.0961 0.3321 0.0988 0.0904 0.0605 0.0917 0.0717 0.0393 
         223  1 0.1387 0.0274 0.0772 0.0197 0.0906 0.0888 0.1018 0.2782 0.1655 0.0120 
         224  1 0.1497 0.0141 0.0522 0.0297 0.0517 0.1092 0.0090 0.4482 0.1181 0.0181 
         225  1 0.1276 0.0376 0.1914 0.0176 0.2614 0.1253 0.0237 0.0865 0.1195 0.0094 
         226  1 0.0283 0.0345 0.0251 0.0561 0.0253 0.0296 0.0065 0.0329 0.0298 0.7320 
         227  1 0.1430 0.0144 0.2042 0.0372 0.2570 0.1685 0.0191 0.0471 0.1007 0.0088 
         228  1 0.1332 0.0484 0.1166 0.1070 0.1192 0.1518 0.0685 0.1145 0.1325 0.0084 
         229  1 0.0975 0.2258 0.1401 0.0256 0.1547 0.1234 0.0462 0.0708 0.0971 0.0188 
         230  1 0.0940 0.1120 0.1385 0.1614 0.1330 0.1176 0.0409 0.0795 0.0952 0.0278 
         231  1 0.1396 0.0436 0.0416 0.0188 0.0477 0.0599 0.0135 0.4235 0.2040 0.0079 
         232  1 0.0960 0.1682 0.1407 0.0979 0.1614 0.1026 0.0589 0.0634 0.1011 0.0097 
         233  1 0.0699 0.5530 0.0398 0.0099 0.0288 0.0631 0.0060 0.0704 0.1075 0.0516 
         234  1 0.0677 0.0875 0.0809 0.5132 0.0773 0.0619 0.0145 0.0375 0.0481 0.0115 
         235  1 0.1063 0.0260 0.1631 0.0360 0.2214 0.1390 0.0080 0.0699 0.1182 0.1121 
         236  1 0.1365 0.2504 0.1083 0.0201 0.0891 0.1445 0.0107 0.0974 0.1279 0.0151 
         237  1 0.1123 0.0565 0.1743 0.0714 0.1717 0.1166 0.0810 0.0722 0.1079 0.0362 
         238  1 0.0342 0.6470 0.0416 0.0197 0.0391 0.0352 0.0237 0.0322 0.0315 0.0958 
         239  1 0.1499 0.0801 0.1503 0.1287 0.1240 0.1554 0.0089 0.0568 0.1235 0.0224 
         240  1 0.1144 0.0279 0.1913 0.0571 0.1955 0.1391 0.0524 0.0749 0.1327 0.0146 
         241  1 0.0844 0.3627 0.1110 0.0389 0.1136 0.0769 0.0496 0.0621 0.0710 0.0299 
         242  1 0.0752 0.4980 0.0556 0.0144 0.0424 0.0788 0.0069 0.0720 0.0928 0.0638 
         243  1 0.1316 0.0288 0.1688 0.0663 0.1769 0.1738 0.0359 0.0566 0.1494 0.0120 
         244  1 0.1260 0.0178 0.1545 0.1625 0.1435 0.1373 0.0257 0.0829 0.1267 0.0231 
         245  1 0.1569 0.0468 0.0843 0.0506 0.0844 0.1074 0.0239 0.3002 0.1341 0.0113 
         246  1 0.0961 0.0543 0.1415 0.0541 0.1558 0.1157 0.0883 0.0904 0.1099 0.0940 
         247  1 0.1683 0.0738 0.0961 0.1473 0.0754 0.1607 0.0252 0.0759 0.1465 0.0307 
         248  1 0.1303 0.2089 0.1059 0.0160 0.0985 0.1309 0.0097 0.1581 0.1102 0.0316 
         249  1 0.1158 0.0565 0.0933 0.3118 0.1023 0.1229 0.0202 0.0490 0.1180 0.0102 
         250  1 0.1366 0.1055 0.1445 0.0845 0.1192 0.1288 0.0394 0.1065 0.1171 0.0178 
         251  1 0.1228 0.0644 0.1240 0.0858 0.1137 0.1325 0.0074 0.1205 0.1441 0.0849 
         252  1 0.1588 0.0271 0.1265 0.1394 0.0992 0.1766 0.0319 0.0934 0.1297 0.0175 
         253  1 0.1313 0.1149 0.1791 0.0537 0.1716 0.1451 0.0114 0.0700 0.1113 0.0115 
         254  1 0.1515 0.0221 0.1611 0.0342 0.1599 0.1791 0.0084 0.0865 0.1653 0.0320 
         255  1 0.1274 0.1711 0.1195 0.0458 0.1249 0.1232 0.0359 0.0757 0.1148 0.0617 
         256  1 0.0858 0.3233 0.1474 0.0171 0.1554 0.1018 0.0108 0.0395 0.1085 0.0105 
         257  1 0.0494 0.6640 0.0512 0.0119 0.0297 0.0662 0.0076 0.0331 0.0429 0.0439 
         258  1 0.1314 0.1731 0.1172 0.0400 0.1207 0.1180 0.0224 0.1331 0.1141 0.0300 
         259  1 0.1476 0.0696 0.1859 0.0220 0.1779 0.1377 0.0057 0.0932 0.1478 0.0126 
         260  1 0.1819 0.0649 0.1312 0.0206 0.1007 0.1900 0.0142 0.0955 0.1783 0.0227 
         261  1 0.1478 0.0213 0.1188 0.1341 0.0958 0.1560 0.0474 0.0886 0.1378 0.0523 
         262  1 0.0800 0.4216 0.0771 0.0730 0.0654 0.0773 0.0204 0.0291 0.0759 0.0803 
         263  1 0.1240 0.0155 0.1142 0.1568 0.1172 0.1157 0.0247 0.1994 0.1211 0.0115 
         264  1 0.1391 0.0831 0.1496 0.0388 0.1678 0.1556 0.0107 0.0999 0.1288 0.0266 
         265  1 0.1066 0.2625 0.1004 0.0444 0.1031 0.0960 0.0102 0.1088 0.1127 0.0552 
         266  1 0.0911 0.0393 0.1029 0.3222 0.0834 0.1007 0.0797 0.0801 0.0685 0.0320 
         267  1 0.1422 0.0347 0.1650 0.0330 0.1568 0.1726 0.0399 0.1109 0.1302 0.0148 
         268  1 0.0511 0.5842 0.0754 0.0121 0.0732 0.0660 0.0122 0.0457 0.0675 0.0125 
         269  1 0.1255 0.1242 0.1671 0.0260 0.1615 0.1567 0.0134 0.0768 0.1424 0.0066 
         270  1 0.0901 0.3213 0.1180 0.0408 0.1375 0.1057 0.0200 0.0375 0.1052 0.0239 
