           1  1 0.1840 0.3030 0.5130 
           2  1 0.5345 0.1746 0.2909 
           3  1 0.2776 0.3918 0.3306 
           4  1 0.3115 0.4645 0.2240 
           5  1 0.3273 0.3794 0.2933 
           6  1 0.2055 0.6478 0.1466 
           7  1 0.2608 0.2167 0.5225 
           8  1 0.3399 0.3971 0.2630 
           9  1 0.2890 0.3019 0.4091 
          10  1 0.3807 0.4023 0.2170 
          11  1 0.2357 0.5613 0.2030 
          12  1 0.2180 0.6103 0.1716 
          13  1 0.2647 0.2968 0.4385 
          14  1 0.2868 0.2444 0.4688 
          15  1 0.4543 0.2322 0.3134 
          16  1 0.3907 0.1843 0.4250 
          17  1 0.2663 0.4287 0.3050 
          18  1 0.4504 0.3682 0.1814 
          19  1 0.4790 0.2790 0.2420 
          20  1 0.3087 0.2169 0.4743 
          21  1 0.3911 0.2552 0.3538 
          22  1 0.4005 0.2118 0.3877 
          23  1 0.3482 0.2479 0.4039 
          24  1 0.3276 0.3380 0.3344 
          25  1 0.2347 0.4296 0.3357 
          26  1 0.3878 0.2371 0.3751 
          27  1 0.3385 0.2017 0.4598 
          28  1 0.4257 0.3508 0.2236 
          29  1 0.4218 0.2634 0.3147 
          30  1 0.3705 0.2363 0.3932 
          31  1 0.2781 0.2547 0.4672 
          32  1 0.2971 0.3516 0.3513 
          33  1 0.3794 0.3120 0.3086 
          34  1 0.4733 0.1985 0.3282 
          35  1 0.5398 0.1542 0.3060 
          36  1 0.5093 0.2429 0.2477 
          37  1 0.3122 0.3990 0.2889 
          38  1 0.2686 0.4479 0.2836 
          39  1 0.4077 0.2298 0.3624 
          40  1 0.2515 0.5100 0.2385 
          41  1 0.5417 0.1836 0.2748 
          42  1 0.4210 0.2623 0.3167 
          43  1 0.3933 0.1766 0.4301 
          44  1 0.3132 0.4614 0.2254 
          45  1 0.3591 0.3173 0.3236 
          46  1 0.4089 0.2328 0.3584 
          47  1 0.5085 0.3020 0.1896 
          48  1 0.3942 0.2666 0.3392 
          49  1 0.5312 0.1814 0.2874 
          50  1 0.2380 0.4059 0.3561 
          51  1 0.3976 0.2734 0.3290 
          52  1 0.3882 0.2867 0.3251 
          53  1 0.3201 0.4532 0.2268 
          54  1 0.3422 0.3264 0.3315 
          55  1 0.2681 0.4365 0.2955 
          56  1 0.2569 0.5388 0.2044 
          57  1 0.3895 0.3379 0.2726 
          58  1 0.3239 0.4333 0.2427 
          59  1 0.2142 0.5838 0.2021 
          60  1 0.1975 0.1781 0.6244 
          61  1 0.2826 0.4395 0.2779 
          62  1 0.3523 0.2644 0.3833 
          63  1 0.3882 0.2027 0.4091 
          64  1 0.3633 0.1777 0.4590 
          65  1 0.2416 0.5031 0.2553 
          66  1 0.3662 0.2628 0.3710 
          67  1 0.2370 0.4465 0.3165 
          68  1 0.3222 0.4279 0.2499 
          69  1 0.3810 0.4159 0.2031 
          70  1 0.3865 0.3552 0.2583 
          71  1 0.4009 0.3221 0.2769 
          72  1 0.2622 0.5407 0.1972 
          73  1 0.2725 0.2621 0.4653 
          74  1 0.3927 0.2903 0.3170 
          75  1 0.4160 0.2090 0.3750 
          76  1 0.3403 0.3199 0.3398 
          77  1 0.5203 0.3142 0.1655 
          78  1 0.2070 0.5494 0.2437 
          79  1 0.2369 0.4112 0.3519 
          80  1 0.2547 0.3251 0.4202 
          81  1 0.4936 0.2937 0.2127 
          82  1 0.2038 0.3088 0.4874 
          83  1 0.3210 0.2025 0.4765 
          84  1 0.4495 0.2135 0.3371 
          85  1 0.5554 0.2024 0.2423 
          86  1 0.3836 0.4080 0.2083 
          87  1 0.2309 0.3846 0.3845 
          88  1 0.2884 0.3345 0.3771 
          89  1 0.2114 0.1220 0.6666 
          90  1 0.2691 0.3122 0.4187 
          91  1 0.2838 0.4271 0.2891 
          92  1 0.3027 0.2832 0.4140 
          93  1 0.1928 0.1024 0.7048 
          94  1 0.3671 0.2850 0.3478 
          95  1 0.4119 0.3465 0.2416 
          96  1 0.3109 0.2250 0.4642 
          97  1 0.2330 0.6218 0.1452 
          98  1 0.3454 0.3184 0.3362 
          99  1 0.3246 0.3307 0.3447 
         100  1 0.4346 0.3331 0.2323 
         101  1 0.2695 0.2150 0.5155 
         102  1 0.3720 0.3140 0.3140 
         103  1 0.4605 0.1702 0.3693 
         104  1 0.3399 0.3470 0.3130 
         105  1 0.3088 0.2604 0.4308 
         106  1 0.3047 0.1303 0.5650 
         107  1 0.2669 0.2913 0.4418 
         108  1 0.2359 0.2720 0.4921 
         109  1 0.3770 0.3446 0.2784 
         110  1 0.2904 0.4342 0.2754 
         111  1 0.5125 0.2356 0.2519 
         112  1 0.3079 0.2156 0.4766 
         113  1 0.2943 0.4337 0.2720 
         114  1 0.3035 0.1285 0.5680 
         115  1 0.3609 0.3321 0.3070 
         116  1 0.2874 0.2202 0.4924 
         117  1 0.2121 0.3558 0.4320 
         118  1 0.3075 0.4089 0.2835 
         119  1 0.3490 0.2935 0.3576 
         120  1 0.3260 0.3300 0.3440 
         121  1 0.2840 0.4283 0.2877 
         122  1 0.1887 0.6366 0.1747 
         123  1 0.4859 0.3478 0.1663 
         124  1 0.4223 0.3541 0.2236 
         125  1 0.3156 0.2945 0.3898 
         126  1 0.2812 0.4351 0.2837 
         127  1 0.1436 0.7390 0.1174 
         128  1 0.2241 0.2518 0.5241 
         129  1 0.1960 0.1022 0.7018 
         130  1 0.1963 0.1295 0.6742 
         131  1 0.1848 0.1358 0.6794 
         132  1 0.2511 0.2392 0.5097 
         133  1 0.3419 0.4045 0.2537 
         134  1 0.3919 0.2179 0.3903 
         135  1 0.2920 0.3751 0.3329 
         136  1 0.2719 0.4619 0.2662 
         137  1 0.1493 0.7297 0.1210 
         138  1 0.1469 0.7314 0.1218 
         139  1 0.3671 0.2312 0.4017 
         140  1 0.4331 0.1982 0.3687 
         141  1 0.3333 0.3115 0.3552 
         142  1 0.3810 0.2806 0.3384 
         143  1 0.5836 0.1569 0.2596 
         144  1 0.2944 0.2968 0.4088 
         145  1 0.4245 0.3120 0.2635 
         146  1 0.4271 0.1835 0.3894 
         147  1 0.3358 0.4107 0.2534 
         148  1 0.3026 0.3532 0.3442 
         149  1 0.4077 0.2776 0.3147 
         150  1 0.3787 0.1666 0.4548 
         151  1 0.2847 0.4944 0.2209 
         152  1 0.4397 0.2931 0.2672 
         153  1 0.4234 0.2156 0.3610 
         154  1 0.3338 0.4379 0.2283 
         155  1 0.3147 0.3969 0.2884 
         156  1 0.2770 0.2312 0.4917 
         157  1 0.4386 0.1904 0.3710 
         158  1 0.4368 0.1823 0.3809 
         159  1 0.3541 0.2577 0.3882 
         160  1 0.5280 0.2230 0.2490 
         161  1 0.3729 0.4560 0.1711 
         162  1 0.3168 0.1673 0.5159 
         163  1 0.2946 0.4458 0.2596 
         164  1 0.2473 0.3570 0.3957 
         165  1 0.3394 0.4695 0.1911 
         166  1 0.3045 0.3375 0.3580 
         167  1 0.2746 0.4385 0.2869 
         168  1 0.3332 0.3875 0.2793 
         169  1 0.4009 0.1862 0.4129 
         170  1 0.3658 0.3947 0.2395 
         171  1 0.2164 0.1441 0.6395 
         172  1 0.2505 0.4812 0.2683 
         173  1 0.3391 0.4818 0.1791 
         174  1 0.4417 0.3290 0.2293 
         175  1 0.2941 0.5285 0.1774 
         176  1 0.3526 0.2371 0.4103 
         177  1 0.1601 0.6852 0.1547 
         178  1 0.3425 0.2535 0.4040 
         179  1 0.2771 0.2099 0.5130 
         180  1 0.3686 0.2366 0.3948 
         181  1 0.2027 0.3960 0.4013 
         182  1 0.3128 0.3993 0.2879 
         183  1 0.3974 0.3622 0.2404 
         184  1 0.3360 0.4220 0.2419 
         185  1 0.2031 0.1320 0.6650 
         186  1 0.2007 0.1309 0.6684 
         187  1 0.4641 0.3364 0.1995 
         188  1 0.3966 0.1933 0.4101 
         189  1 0.2903 0.4619 0.2479 
         190  1 0.3842 0.3503 0.2656 
         191  1 0.3329 0.4475 0.2196 
         192  1 0.3722 0.4565 0.1714 
         193  1 0.3851 0.3631 0.2518 
         194  1 0.3943 0.2793 0.3264 
         195  1 0.4265 0.3629 0.2106 
         196  1 0.3149 0.1867 0.4984 
         197  1 0.2308 0.5760 0.1932 
         198  1 0.3337 0.2774 0.3889 
         199  1 0.2469 0.3466 0.4065 
         200  1 0.3816 0.2430 0.3753 
         201  1 0.4274 0.1474 0.4252 
         202  1 0.4527 0.3102 0.2371 
         203  1 0.3216 0.1939 0.4845 
         204  1 0.3559 0.2570 0.3870 
         205  1 0.2905 0.3849 0.3246 
         206  1 0.4241 0.3463 0.2297 
         207  1 0.3156 0.3416 0.3428 
         208  1 0.3741 0.3235 0.3024 
         209  1 0.2680 0.3677 0.3643 
         210  1 0.3617 0.4245 0.2138 
         211  1 0.3522 0.3486 0.2992 
         212  1 0.4267 0.3628 0.2105 
         213  1 0.5444 0.2462 0.2095 
         214  1 0.4596 0.2700 0.2704 
         215  1 0.3410 0.1153 0.5437 
         216  1 0.2080 0.5636 0.2285 
         217  1 0.2660 0.2818 0.4522 
         218  1 0.4355 0.1885 0.3760 
         219  1 0.2903 0.3048 0.4048 
         220  1 0.3258 0.2912 0.3830 
         221  1 0.2688 0.3396 0.3917 
         222  1 0.3233 0.2047 0.4720 
         223  1 0.3406 0.3172 0.3422 
         224  1 0.3777 0.3564 0.2659 
         225  1 0.4907 0.2424 0.2669 
         226  1 0.1729 0.6314 0.1957 
         227  1 0.5742 0.1469 0.2789 
         228  1 0.2979 0.2113 0.4908 
         229  1 0.3784 0.2870 0.3345 
         230  1 0.2801 0.3824 0.3375 
         231  1 0.3710 0.3035 0.3255 
         232  1 0.3455 0.2433 0.4113 
         233  1 0.1549 0.7014 0.1437 
         234  1 0.2645 0.2357 0.4998 
         235  1 0.3976 0.4199 0.1825 
         236  1 0.2711 0.5181 0.2109 
         237  1 0.3131 0.2949 0.3920 
         238  1 0.2520 0.5121 0.2359 
         239  1 0.3580 0.3429 0.2991 
         240  1 0.3658 0.2136 0.4206 
         241  1 0.2793 0.3538 0.3668 
         242  1 0.1867 0.6598 0.1535 
         243  1 0.4339 0.2143 0.3519 
         244  1 0.3735 0.2882 0.3382 
         245  1 0.2440 0.4039 0.3521 
         246  1 0.3206 0.3063 0.3730 
         247  1 0.2075 0.4043 0.3882 
         248  1 0.2669 0.5586 0.1745 
         249  1 0.2590 0.2710 0.4700 
         250  1 0.2843 0.2649 0.4508 
         251  1 0.2625 0.4973 0.2401 
         252  1 0.3048 0.3280 0.3672 
         253  1 0.3591 0.3382 0.3028 
         254  1 0.4032 0.3453 0.2515 
         255  1 0.2483 0.4573 0.2944 
         256  1 0.4329 0.3725 0.1946 
         257  1 0.1741 0.6467 0.1792 
         258  1 0.2288 0.4432 0.3279 
         259  1 0.4701 0.3249 0.2050 
         260  1 0.2974 0.4342 0.2684 
         261  1 0.2956 0.3391 0.3653 
         262  1 0.2451 0.3980 0.3570 
         263  1 0.3064 0.2936 0.4000 
         264  1 0.2868 0.4133 0.2999 
         265  1 0.2049 0.5692 0.2259 
         266  1 0.2809 0.2664 0.4527 
         267  1 0.3122 0.2935 0.3943 
         268  1 0.4188 0.2954 0.2858 
         269  1 0.5067 0.2205 0.2728 
         270  1 0.3844 0.2930 0.3226 
