           1  1 0.0945 0.1089 0.0949 0.1005 0.4399 0.0812 0.0802 
           2  1 0.1050 0.1035 0.1049 0.3083 0.1211 0.1123 0.1449 
           3  1 0.1023 0.1812 0.3528 0.1400 0.0781 0.0727 0.0729 
           4  1 0.6910 0.0251 0.0271 0.0309 0.0232 0.1743 0.0284 
           5  1 0.1024 0.1102 0.0681 0.1489 0.0488 0.2429 0.2788 
           6  1 0.2084 0.0359 0.4355 0.0613 0.0323 0.1285 0.0981 
           7  1 0.0440 0.1502 0.1193 0.1142 0.4052 0.0729 0.0942 
           8  1 0.2878 0.0752 0.0581 0.1603 0.0869 0.1876 0.1442 
           9  1 0.0452 0.3704 0.1699 0.1595 0.0771 0.0815 0.0964 
          10  1 0.0426 0.0516 0.0977 0.1197 0.0419 0.2691 0.3773 
          11  1 0.0552 0.0718 0.7206 0.0458 0.0235 0.0438 0.0393 
          12  1 0.2586 0.0468 0.3935 0.0731 0.0344 0.1126 0.0810 
          13  1 0.2900 0.1118 0.0667 0.1077 0.2434 0.1145 0.0659 
          14  1 0.0715 0.1526 0.0812 0.1720 0.2585 0.1376 0.1268 
          15  1 0.0780 0.1540 0.0713 0.2578 0.0740 0.2019 0.1631 
          16  1 0.0772 0.0600 0.0553 0.1373 0.5018 0.0779 0.0905 
          17  1 0.2070 0.1048 0.1754 0.1387 0.1226 0.1333 0.1181 
          18  1 0.1524 0.0609 0.2142 0.2397 0.0770 0.1170 0.1387 
          19  1 0.1211 0.1827 0.0307 0.2642 0.0260 0.1923 0.1831 
          20  1 0.0894 0.3338 0.0701 0.1685 0.0823 0.1195 0.1364 
          21  1 0.2717 0.1211 0.0632 0.1496 0.1045 0.1516 0.1383 
          22  1 0.1491 0.1112 0.0353 0.2038 0.2692 0.1161 0.1154 
          23  1 0.0817 0.0838 0.0991 0.1333 0.3683 0.1100 0.1239 
          24  1 0.1097 0.0754 0.0760 0.1559 0.2368 0.1592 0.1870 
          25  1 0.1160 0.1617 0.1981 0.1297 0.1051 0.1366 0.1527 
          26  1 0.0697 0.1978 0.0302 0.1638 0.0643 0.2275 0.2467 
          27  1 0.0522 0.2198 0.0779 0.1874 0.2213 0.1365 0.1049 
          28  1 0.2833 0.1142 0.0546 0.1952 0.0405 0.1657 0.1465 
          29  1 0.0891 0.1974 0.0669 0.2348 0.0700 0.1696 0.1723 
          30  1 0.1350 0.1374 0.0664 0.2192 0.1136 0.1495 0.1788 
          31  1 0.0631 0.3017 0.1570 0.1581 0.1244 0.0910 0.1047 
          32  1 0.1042 0.2209 0.1177 0.2117 0.0532 0.1595 0.1327 
          33  1 0.1118 0.1297 0.2023 0.1867 0.0854 0.1234 0.1607 
          34  1 0.1223 0.1432 0.0869 0.2764 0.0828 0.1482 0.1403 
          35  1 0.1196 0.1519 0.0476 0.3165 0.0970 0.1026 0.1648 
          36  1 0.1314 0.0912 0.0824 0.3001 0.0673 0.1752 0.1523 
          37  1 0.1746 0.0795 0.1034 0.1940 0.1087 0.1830 0.1568 
          38  1 0.1628 0.0953 0.2364 0.1357 0.1020 0.1522 0.1155 
          39  1 0.0968 0.2247 0.0747 0.2181 0.0655 0.1508 0.1695 
          40  1 0.0476 0.0730 0.6652 0.0644 0.0377 0.0560 0.0562 
          41  1 0.0980 0.1398 0.0889 0.3011 0.0993 0.1076 0.1653 
          42  1 0.0622 0.1414 0.0741 0.2475 0.0979 0.1717 0.2051 
          43  1 0.1226 0.1491 0.0259 0.2033 0.1573 0.1600 0.1819 
          44  1 0.0617 0.1172 0.1582 0.1119 0.0369 0.2201 0.2939 
          45  1 0.1609 0.1522 0.0784 0.2053 0.0861 0.1613 0.1558 
          46  1 0.1281 0.0904 0.0470 0.2109 0.2778 0.1162 0.1296 
          47  1 0.0821 0.1061 0.1120 0.2564 0.0405 0.1845 0.2186 
          48  1 0.1060 0.1107 0.0934 0.1446 0.1349 0.1799 0.2306 
          49  1 0.1314 0.0666 0.0423 0.2720 0.2164 0.1324 0.1388 
          50  1 0.0411 0.0761 0.0818 0.0625 0.0658 0.2820 0.3908 
          51  1 0.3668 0.0868 0.0476 0.1363 0.1089 0.1571 0.0964 
          52  1 0.1082 0.1473 0.2127 0.1719 0.1183 0.1118 0.1299 
          53  1 0.4952 0.0918 0.0316 0.0947 0.0268 0.1784 0.0817 
          54  1 0.1534 0.1421 0.0843 0.1935 0.1182 0.1503 0.1581 
          55  1 0.3936 0.0987 0.0950 0.1045 0.0526 0.1599 0.0957 
          56  1 0.1694 0.0592 0.5137 0.0736 0.0362 0.0869 0.0610 
          57  1 0.0998 0.0808 0.1301 0.1903 0.1549 0.1482 0.1959 
          58  1 0.1316 0.0914 0.2056 0.1440 0.0475 0.1645 0.2155 
          59  1 0.3464 0.0793 0.1683 0.0880 0.0410 0.1732 0.1038 
          60  1 0.1386 0.1293 0.0296 0.0788 0.4609 0.0873 0.0754 
          61  1 0.1562 0.1507 0.0906 0.2051 0.0573 0.1831 0.1570 
          62  1 0.1756 0.0674 0.0451 0.1380 0.2630 0.1583 0.1526 
          63  1 0.0819 0.3771 0.0515 0.1653 0.0836 0.1122 0.1284 
          64  1 0.0646 0.0957 0.0760 0.1394 0.3826 0.0988 0.1429 
          65  1 0.0743 0.0704 0.5372 0.0776 0.0700 0.0937 0.0767 
          66  1 0.0619 0.1409 0.2456 0.1552 0.2135 0.0809 0.1020 
          67  1 0.2264 0.1100 0.0783 0.1010 0.0567 0.2032 0.2243 
          68  1 0.2389 0.0825 0.0863 0.1619 0.0658 0.1914 0.1731 
          69  1 0.1620 0.1060 0.0605 0.2327 0.0485 0.2192 0.1712 
          70  1 0.1341 0.1393 0.0649 0.2350 0.0577 0.2088 0.1602 
          71  1 0.1979 0.0815 0.0428 0.1956 0.1068 0.2046 0.1708 
          72  1 0.2363 0.0657 0.2895 0.1174 0.0299 0.1573 0.1039 
          73  1 0.1200 0.3743 0.0564 0.1656 0.0542 0.1345 0.0949 
          74  1 0.1659 0.1257 0.0499 0.2146 0.1326 0.1663 0.1450 
          75  1 0.1242 0.0822 0.0443 0.1834 0.3166 0.1185 0.1308 
          76  1 0.0749 0.0753 0.0277 0.0982 0.0603 0.2876 0.3761 
          77  1 0.1165 0.1260 0.0336 0.2732 0.0201 0.2523 0.1782 
          78  1 0.6328 0.0396 0.0370 0.0408 0.0244 0.1801 0.0452 
          79  1 0.1983 0.0825 0.0895 0.1352 0.1515 0.1664 0.1765 
          80  1 0.0955 0.0660 0.0627 0.1284 0.3422 0.1410 0.1642 
          81  1 0.1110 0.1107 0.0531 0.2512 0.0350 0.2499 0.1891 
          82  1 0.1346 0.1127 0.0624 0.0910 0.3473 0.1215 0.1305 
          83  1 0.0955 0.0795 0.0293 0.1108 0.3256 0.1546 0.2048 
          84  1 0.1233 0.1502 0.0480 0.2492 0.1513 0.1386 0.1393 
          85  1 0.1115 0.1107 0.0273 0.3029 0.0522 0.2000 0.1956 
          86  1 0.1152 0.0632 0.1223 0.1706 0.0436 0.2145 0.2705 
          87  1 0.0441 0.0625 0.0543 0.0641 0.1038 0.2866 0.3846 
          88  1 0.1989 0.1901 0.0776 0.1720 0.0750 0.1583 0.1282 
          89  1 0.0167 0.0192 0.0155 0.0192 0.8928 0.0186 0.0180 
          90  1 0.0509 0.1152 0.0706 0.1255 0.1860 0.1973 0.2545 
          91  1 0.1444 0.0980 0.1342 0.1134 0.0531 0.2073 0.2496 
          92  1 0.1764 0.1970 0.0732 0.1528 0.1744 0.1108 0.1153 
          93  1 0.0194 0.0256 0.0142 0.0257 0.8675 0.0233 0.0243 
          94  1 0.1216 0.1279 0.0884 0.1820 0.2158 0.1175 0.1469 
          95  1 0.1071 0.0872 0.0530 0.2128 0.0760 0.2380 0.2260 
          96  1 0.0409 0.4572 0.0351 0.1952 0.0512 0.1160 0.1045 
          97  1 0.0505 0.0334 0.3365 0.0532 0.0279 0.2034 0.2951 
          98  1 0.1366 0.1279 0.0298 0.1929 0.0907 0.2305 0.1914 
          99  1 0.6664 0.0300 0.0173 0.0303 0.0517 0.1737 0.0306 
         100  1 0.1224 0.1226 0.3158 0.1838 0.0371 0.1136 0.1046 
         101  1 0.0763 0.1004 0.0845 0.1128 0.4397 0.1010 0.0853 
         102  1 0.4692 0.1028 0.0318 0.1251 0.0514 0.1451 0.0745 
         103  1 0.0636 0.3926 0.0328 0.1994 0.0557 0.1073 0.1486 
         104  1 0.0692 0.1530 0.0715 0.1951 0.0619 0.2303 0.2191 
         105  1 0.1780 0.1377 0.0636 0.1697 0.2361 0.1183 0.0967 
         106  1 0.0243 0.7016 0.0201 0.1374 0.0330 0.0391 0.0446 
         107  1 0.1586 0.1237 0.0966 0.1680 0.1980 0.1321 0.1229 
         108  1 0.0579 0.3703 0.0660 0.1407 0.0834 0.1237 0.1580 
         109  1 0.2207 0.1344 0.1643 0.1878 0.0628 0.1162 0.1139 
         110  1 0.1194 0.1575 0.1242 0.1807 0.0713 0.1682 0.1786 
         111  1 0.1310 0.0514 0.0406 0.2397 0.1832 0.1543 0.1997 
         112  1 0.0739 0.0799 0.0275 0.1137 0.2010 0.2125 0.2914 
         113  1 0.1350 0.1155 0.1162 0.1572 0.0534 0.1982 0.2244 
         114  1 0.0246 0.6989 0.0207 0.1370 0.0335 0.0383 0.0469 
         115  1 0.2234 0.1450 0.1027 0.1682 0.0517 0.1693 0.1397 
         116  1 0.2935 0.0809 0.0339 0.1004 0.3071 0.1150 0.0692 
         117  1 0.0652 0.0809 0.1006 0.0852 0.2056 0.1999 0.2626 
         118  1 0.1297 0.1359 0.0530 0.2057 0.0484 0.2195 0.2078 
         119  1 0.2856 0.1933 0.0598 0.1292 0.0795 0.1510 0.1016 
         120  1 0.6698 0.0290 0.0172 0.0302 0.0503 0.1724 0.0311 
         121  1 0.0670 0.1501 0.1362 0.1660 0.0537 0.1962 0.2308 
         122  1 0.1712 0.0712 0.3499 0.0835 0.0260 0.1406 0.1575 
         123  1 0.0632 0.0520 0.1297 0.1326 0.0409 0.2516 0.3300 
         124  1 0.1508 0.0569 0.1681 0.1793 0.1130 0.1569 0.1749 
         125  1 0.1633 0.2099 0.0429 0.1520 0.0574 0.1698 0.2047 
         126  1 0.5979 0.0548 0.0306 0.0565 0.0387 0.1764 0.0451 
         127  1 0.0140 0.0142 0.9071 0.0166 0.0151 0.0163 0.0168 
         128  1 0.1428 0.1057 0.0576 0.1061 0.3511 0.1182 0.1186 
         129  1 0.0192 0.0253 0.0135 0.0255 0.8677 0.0247 0.0242 
         130  1 0.0259 0.7261 0.0237 0.1324 0.0379 0.0266 0.0273 
         131  1 0.0252 0.7273 0.0246 0.1326 0.0384 0.0254 0.0265 
         132  1 0.0663 0.1933 0.0389 0.1065 0.1536 0.1886 0.2528 
         133  1 0.1315 0.1044 0.1108 0.1692 0.0543 0.2073 0.2226 
         134  1 0.0651 0.4142 0.0427 0.1740 0.0428 0.1188 0.1425 
         135  1 0.1105 0.2489 0.0332 0.1813 0.0371 0.1898 0.1991 
         136  1 0.2333 0.1017 0.1610 0.1382 0.0478 0.1688 0.1492 
         137  1 0.0154 0.0149 0.9021 0.0169 0.0160 0.0171 0.0175 
         138  1 0.0155 0.0147 0.9035 0.0161 0.0160 0.0174 0.0167 
         139  1 0.1455 0.2036 0.0596 0.1850 0.1797 0.1060 0.1207 
         140  1 0.0747 0.1268 0.0295 0.2203 0.1630 0.2039 0.1817 
         141  1 0.0633 0.2405 0.0676 0.1724 0.0415 0.1974 0.2173 
         142  1 0.1287 0.1918 0.0554 0.2421 0.0615 0.1529 0.1675 
         143  1 0.1496 0.0713 0.0262 0.3489 0.0756 0.1405 0.1880 
         144  1 0.0924 0.0743 0.0426 0.0952 0.2297 0.2005 0.2653 
         145  1 0.0679 0.1765 0.1681 0.2281 0.0623 0.1713 0.1258 
         146  1 0.2132 0.0672 0.0196 0.1321 0.3302 0.1510 0.0866 
         147  1 0.0652 0.1365 0.1115 0.2319 0.0419 0.2325 0.1806 
         148  1 0.1689 0.1725 0.0561 0.2028 0.0992 0.1820 0.1185 
         149  1 0.0861 0.1248 0.0707 0.1947 0.0783 0.2430 0.2024 
         150  1 0.1532 0.2099 0.0276 0.1993 0.1392 0.1277 0.1430 
         151  1 0.1397 0.1211 0.3516 0.1135 0.0495 0.1278 0.0968 
         152  1 0.0907 0.1298 0.0611 0.2166 0.0775 0.2386 0.1857 
         153  1 0.1378 0.2378 0.0543 0.2225 0.0667 0.1484 0.1325 
         154  1 0.0415 0.0621 0.0716 0.0951 0.0390 0.3003 0.3906 
         155  1 0.0786 0.2160 0.1776 0.2073 0.0437 0.1279 0.1488 
         156  1 0.0838 0.1135 0.0994 0.1316 0.3787 0.1059 0.0870 
         157  1 0.0334 0.1959 0.1857 0.1791 0.2476 0.0722 0.0862 
         158  1 0.0401 0.1949 0.1793 0.1801 0.2363 0.0701 0.0991 
         159  1 0.0466 0.4149 0.0619 0.1901 0.0453 0.1123 0.1287 
         160  1 0.0847 0.1369 0.0640 0.3065 0.0516 0.1635 0.1928 
         161  1 0.0434 0.0772 0.5635 0.0775 0.0237 0.0795 0.1351 
         162  1 0.0661 0.1598 0.0729 0.1435 0.3555 0.0877 0.1144 
         163  1 0.4662 0.0595 0.0824 0.0935 0.0655 0.1627 0.0703 
         164  1 0.2698 0.0865 0.0597 0.1028 0.2776 0.1283 0.0752 
         165  1 0.0313 0.0290 0.0631 0.0516 0.0237 0.3285 0.4729 
         166  1 0.1197 0.1378 0.0576 0.1449 0.0746 0.2159 0.2494 
         167  1 0.1103 0.2080 0.0450 0.1281 0.0382 0.2144 0.2558 
         168  1 0.2934 0.1987 0.0848 0.1411 0.0249 0.1521 0.1050 
         169  1 0.0549 0.4438 0.0464 0.1970 0.0509 0.0969 0.1100 
         170  1 0.0918 0.0472 0.0599 0.0739 0.0467 0.2864 0.3942 
         171  1 0.0419 0.5624 0.0212 0.1346 0.0921 0.0647 0.0831 
         172  1 0.0972 0.0571 0.3895 0.0896 0.2016 0.0830 0.0820 
         173  1 0.2014 0.0548 0.2818 0.1383 0.0538 0.1459 0.1241 
         174  1 0.1253 0.1527 0.0413 0.2357 0.0284 0.2341 0.1826 
         175  1 0.3884 0.0653 0.1027 0.1200 0.0242 0.1818 0.1176 
         176  1 0.0694 0.1218 0.0491 0.1344 0.1854 0.1885 0.2512 
         177  1 0.4964 0.0287 0.0621 0.0400 0.0206 0.2058 0.1464 
         178  1 0.0564 0.2008 0.0817 0.1553 0.0935 0.1805 0.2318 
         179  1 0.0907 0.3471 0.0347 0.1577 0.1232 0.1232 0.1234 
         180  1 0.2654 0.1920 0.0255 0.1597 0.1188 0.1399 0.0986 
         181  1 0.0772 0.1002 0.4244 0.0798 0.1598 0.0819 0.0767 
         182  1 0.2643 0.1060 0.0400 0.1774 0.0705 0.1828 0.1590 
         183  1 0.0737 0.1744 0.1728 0.2478 0.0379 0.1385 0.1548 
         184  1 0.0411 0.0603 0.0436 0.0600 0.0345 0.3187 0.4418 
         185  1 0.0184 0.0199 0.0168 0.0194 0.8867 0.0191 0.0196 
         186  1 0.0175 0.0198 0.0164 0.0200 0.8870 0.0190 0.0201 
         187  1 0.0901 0.1357 0.0383 0.2905 0.0348 0.2514 0.1592 
         188  1 0.0811 0.2282 0.0392 0.2131 0.0671 0.1772 0.1941 
         189  1 0.1398 0.0815 0.3873 0.1224 0.0666 0.1201 0.0825 
         190  1 0.1389 0.0897 0.1790 0.1844 0.1228 0.1714 0.1139 
         191  1 0.1295 0.1148 0.1523 0.1812 0.0388 0.1848 0.1985 
         192  1 0.0428 0.0800 0.5630 0.0789 0.0241 0.0774 0.1338 
         193  1 0.1683 0.1367 0.1714 0.1943 0.0449 0.1539 0.1304 
         194  1 0.0761 0.0938 0.3451 0.1379 0.1815 0.0765 0.0891 
         195  1 0.1422 0.0742 0.1201 0.1888 0.1160 0.1858 0.1728 
         196  1 0.0437 0.5977 0.0642 0.1448 0.0404 0.0512 0.0579 
         197  1 0.3115 0.0443 0.1998 0.0848 0.0487 0.1679 0.1430 
         198  1 0.0597 0.0970 0.1200 0.1439 0.2043 0.1713 0.2036 
         199  1 0.0876 0.1620 0.2089 0.1380 0.1778 0.1136 0.1122 
         200  1 0.1314 0.0584 0.0381 0.1557 0.2583 0.1628 0.1953 
         201  1 0.0766 0.2050 0.0253 0.2561 0.1326 0.1671 0.1374 
         202  1 0.0406 0.0632 0.0481 0.1111 0.0371 0.2920 0.4080 
         203  1 0.0540 0.5134 0.0297 0.1877 0.0487 0.0826 0.0838 
         204  1 0.0940 0.1084 0.0678 0.1843 0.2855 0.1129 0.1471 
         205  1 0.2472 0.1071 0.1171 0.1412 0.1180 0.1563 0.1130 
         206  1 0.2084 0.0899 0.1369 0.2080 0.0785 0.1497 0.1285 
         207  1 0.0514 0.3728 0.1438 0.1614 0.0345 0.1104 0.1258 
         208  1 0.0875 0.3075 0.1896 0.1774 0.0402 0.0879 0.1099 
         209  1 0.0467 0.0547 0.0720 0.0678 0.0709 0.2852 0.4026 
         210  1 0.0650 0.0846 0.2602 0.1455 0.0537 0.1594 0.2316 
         211  1 0.0663 0.1688 0.4624 0.1074 0.0590 0.0651 0.0708 
         212  1 0.0711 0.0540 0.0571 0.1539 0.0795 0.2634 0.3210 
         213  1 0.1690 0.0775 0.0170 0.2304 0.0331 0.2206 0.2524 
         214  1 0.1047 0.1708 0.1618 0.2292 0.0701 0.1259 0.1374 
         215  1 0.0394 0.0539 0.0268 0.0939 0.6470 0.0666 0.0724 
         216  1 0.5663 0.0299 0.1221 0.0364 0.0500 0.1549 0.0402 
         217  1 0.0767 0.2221 0.0713 0.1169 0.0887 0.1937 0.2306 
         218  1 0.0868 0.1242 0.0430 0.2543 0.1838 0.1474 0.1605 
         219  1 0.1000 0.3047 0.0587 0.1388 0.0932 0.1383 0.1663 
         220  1 0.1385 0.1755 0.1552 0.1753 0.1090 0.1230 0.1235 
         221  1 0.0782 0.1234 0.1012 0.1434 0.2505 0.1518 0.1516 
         222  1 0.0666 0.1861 0.0831 0.1685 0.2387 0.1188 0.1382 
         223  1 0.0711 0.0608 0.0473 0.1096 0.1970 0.2282 0.2860 
         224  1 0.0448 0.1052 0.0567 0.0946 0.0359 0.2929 0.3698 
         225  1 0.1441 0.0778 0.0436 0.2655 0.1170 0.1466 0.2054 
         226  1 0.0492 0.0564 0.7305 0.0436 0.0227 0.0475 0.0500 
         227  1 0.1235 0.0757 0.0440 0.3288 0.1568 0.1070 0.1642 
         228  1 0.1008 0.2760 0.0373 0.1720 0.1514 0.1370 0.1256 
         229  1 0.2679 0.0593 0.0568 0.1474 0.2118 0.1380 0.1188 
         230  1 0.1867 0.1956 0.1419 0.1508 0.1043 0.1114 0.1092 
         231  1 0.0728 0.0597 0.0358 0.0789 0.0634 0.2960 0.3935 
         232  1 0.2254 0.1344 0.0321 0.1456 0.2125 0.1301 0.1198 
         233  1 0.4044 0.0340 0.2362 0.0488 0.0230 0.1629 0.0906 
         234  1 0.1645 0.4040 0.0469 0.1512 0.0767 0.0928 0.0638 
         235  1 0.1011 0.0969 0.2775 0.2140 0.0335 0.1198 0.1571 
         236  1 0.3917 0.0713 0.0848 0.1174 0.0544 0.1733 0.1071 
         237  1 0.1392 0.1172 0.1086 0.1826 0.2105 0.1238 0.1181 
         238  1 0.4775 0.0537 0.1428 0.0651 0.0557 0.1518 0.0534 
         239  1 0.2198 0.1765 0.1030 0.1948 0.0613 0.1389 0.1057 
         240  1 0.0970 0.1610 0.0626 0.2060 0.2213 0.1201 0.1320 
         241  1 0.3564 0.0519 0.0751 0.0877 0.2077 0.1351 0.0861 
         242  1 0.4295 0.0385 0.1804 0.0579 0.0268 0.1722 0.0947 
         243  1 0.1124 0.1517 0.0574 0.2552 0.1367 0.1508 0.1358 
         244  1 0.0807 0.2750 0.0913 0.2019 0.0691 0.1395 0.1424 
         245  1 0.0846 0.1052 0.0376 0.1062 0.0718 0.2689 0.3256 
         246  1 0.1142 0.1186 0.1779 0.1391 0.2079 0.1115 0.1309 
         247  1 0.1346 0.3136 0.1666 0.1288 0.0858 0.0910 0.0796 
         248  1 0.2127 0.0761 0.0896 0.1361 0.0350 0.2359 0.2145 
         249  1 0.1272 0.3776 0.0456 0.1671 0.1003 0.0970 0.0852 
         250  1 0.1901 0.1187 0.0931 0.1288 0.2297 0.1195 0.1200 
         251  1 0.1138 0.1191 0.3450 0.1177 0.0413 0.1282 0.1348 
         252  1 0.0799 0.2204 0.0616 0.2193 0.1100 0.1725 0.1364 
         253  1 0.2714 0.1127 0.0487 0.1899 0.0653 0.1662 0.1458 
         254  1 0.0939 0.1186 0.0941 0.2602 0.0506 0.2089 0.1737 
         255  1 0.2338 0.1116 0.1836 0.1199 0.1256 0.1245 0.1009 
         256  1 0.4470 0.0659 0.0578 0.1456 0.0378 0.1617 0.0842 
         257  1 0.5592 0.0370 0.0841 0.0541 0.0284 0.1802 0.0570 
         258  1 0.2215 0.1008 0.0851 0.1480 0.0909 0.1902 0.1635 
         259  1 0.1842 0.0910 0.0634 0.2401 0.0312 0.2016 0.1884 
         260  1 0.1939 0.0845 0.1760 0.1562 0.1016 0.1599 0.1279 
         261  1 0.0679 0.1323 0.2993 0.1440 0.1600 0.0954 0.1012 
         262  1 0.3666 0.1050 0.1594 0.0913 0.0751 0.1393 0.0634 
         263  1 0.0585 0.2618 0.0654 0.1358 0.0862 0.1671 0.2252 
         264  1 0.1837 0.1200 0.0787 0.1877 0.0652 0.1904 0.1743 
         265  1 0.2529 0.0992 0.1547 0.1161 0.0454 0.1681 0.1637 
         266  1 0.0880 0.1779 0.1185 0.1560 0.2521 0.1046 0.1031 
         267  1 0.1098 0.0993 0.0690 0.1854 0.1959 0.1577 0.1829 
         268  1 0.4174 0.0490 0.0483 0.1199 0.0798 0.1863 0.0992 
         269  1 0.1812 0.1182 0.0251 0.2113 0.0456 0.2477 0.1709 
         270  1 0.3414 0.0934 0.0727 0.1464 0.0917 0.1574 0.0969 
