           1  1 0.1739 0.1086 0.1436 0.1141 0.4598 
           2  1 0.0722 0.2853 0.3457 0.0999 0.1969 
           3  1 0.1706 0.1640 0.1790 0.2606 0.2257 
           4  1 0.6883 0.0671 0.0643 0.0633 0.1170 
           5  1 0.1796 0.2341 0.2391 0.2298 0.1173 
           6  1 0.3161 0.0950 0.0984 0.4113 0.0791 
           7  1 0.0754 0.1556 0.1714 0.1317 0.4659 
           8  1 0.3391 0.1797 0.1853 0.1469 0.1490 
           9  1 0.0946 0.2673 0.1963 0.2667 0.1750 
          10  1 0.0923 0.1971 0.2235 0.3847 0.1023 
          11  1 0.1571 0.1122 0.1075 0.5507 0.0725 
          12  1 0.2874 0.0971 0.0979 0.4363 0.0814 
          13  1 0.3303 0.1461 0.1594 0.0900 0.2742 
          14  1 0.1249 0.2386 0.2238 0.1137 0.2990 
          15  1 0.1281 0.3098 0.3022 0.1134 0.1464 
          16  1 0.1176 0.1918 0.2275 0.0717 0.3915 
          17  1 0.2652 0.1573 0.1637 0.2333 0.1806 
          18  1 0.1611 0.2258 0.2591 0.2380 0.1160 
          19  1 0.1579 0.3464 0.3347 0.0825 0.0786 
          20  1 0.1358 0.2374 0.2247 0.1545 0.2476 
          21  1 0.2944 0.2106 0.2104 0.1109 0.1738 
          22  1 0.1896 0.2226 0.2394 0.0743 0.2741 
          23  1 0.1324 0.1761 0.1990 0.1275 0.3651 
          24  1 0.1512 0.1814 0.2030 0.1739 0.2905 
          25  1 0.1672 0.1874 0.1757 0.2804 0.1893 
          26  1 0.1078 0.3207 0.2764 0.1411 0.1539 
          27  1 0.1070 0.2735 0.2443 0.0877 0.2874 
          28  1 0.3249 0.2360 0.2282 0.1075 0.1034 
          29  1 0.0984 0.3288 0.2927 0.1558 0.1244 
          30  1 0.1242 0.2614 0.2674 0.1245 0.2224 
          31  1 0.0980 0.2001 0.1997 0.1858 0.3163 
          32  1 0.1790 0.2798 0.2494 0.1575 0.1343 
          33  1 0.1661 0.2058 0.2327 0.2191 0.1763 
          34  1 0.1527 0.2764 0.3081 0.0815 0.1813 
          35  1 0.0755 0.2989 0.3303 0.0767 0.2186 
          36  1 0.1755 0.2959 0.3307 0.0857 0.1122 
          37  1 0.2279 0.2004 0.2232 0.1711 0.1774 
          38  1 0.2463 0.1673 0.1789 0.2687 0.1388 
          39  1 0.1448 0.3332 0.2979 0.0881 0.1360 
          40  1 0.1012 0.1137 0.1219 0.5706 0.0927 
          41  1 0.0572 0.3169 0.3305 0.1410 0.1544 
          42  1 0.0723 0.2716 0.2936 0.1648 0.1977 
          43  1 0.1397 0.2612 0.2776 0.0704 0.2511 
          44  1 0.0904 0.2046 0.1766 0.4460 0.0824 
          45  1 0.2386 0.2628 0.2274 0.1346 0.1367 
          46  1 0.1502 0.2560 0.2707 0.0835 0.2396 
          47  1 0.0841 0.2798 0.2919 0.2679 0.0764 
          48  1 0.1171 0.2561 0.2342 0.2257 0.1669 
          49  1 0.1379 0.2826 0.3077 0.0846 0.1872 
          50  1 0.0910 0.1420 0.1449 0.4298 0.1923 
          51  1 0.3435 0.1992 0.2074 0.0851 0.1648 
          52  1 0.1355 0.1910 0.1961 0.2507 0.2267 
          53  1 0.5101 0.1533 0.1494 0.0792 0.1081 
          54  1 0.2310 0.2404 0.2301 0.1112 0.1873 
          55  1 0.4262 0.1442 0.1402 0.1452 0.1443 
          56  1 0.4082 0.1037 0.1079 0.2779 0.1022 
          57  1 0.1181 0.2065 0.2235 0.2542 0.1977 
          58  1 0.1898 0.1550 0.1633 0.3800 0.1118 
          59  1 0.3302 0.1268 0.1199 0.3133 0.1098 
          60  1 0.1890 0.1022 0.1293 0.0483 0.5311 
          61  1 0.2424 0.2587 0.2302 0.1515 0.1172 
          62  1 0.1806 0.1949 0.2131 0.1468 0.2645 
          63  1 0.1139 0.3440 0.2587 0.1071 0.1763 
          64  1 0.0768 0.1755 0.2033 0.1334 0.4111 
          65  1 0.2793 0.1149 0.1357 0.3295 0.1405 
          66  1 0.0734 0.2089 0.2089 0.2497 0.2592 
          67  1 0.2758 0.1462 0.1491 0.2674 0.1615 
          68  1 0.3141 0.1870 0.1949 0.1706 0.1333 
          69  1 0.2443 0.2583 0.2767 0.1221 0.0987 
          70  1 0.2454 0.2489 0.2689 0.1029 0.1338 
          71  1 0.2692 0.2359 0.2444 0.0920 0.1585 
          72  1 0.3973 0.1325 0.1475 0.2256 0.0970 
          73  1 0.2762 0.2463 0.2105 0.0777 0.1892 
          74  1 0.2394 0.2500 0.2580 0.0846 0.1680 
          75  1 0.1593 0.2446 0.2561 0.0844 0.2556 
          76  1 0.1706 0.2384 0.2560 0.1467 0.1883 
          77  1 0.1976 0.3140 0.3315 0.0846 0.0723 
          78  1 0.6602 0.0727 0.0708 0.0806 0.1158 
          79  1 0.2959 0.1450 0.1638 0.1673 0.2280 
          80  1 0.1441 0.1519 0.1846 0.1286 0.3908 
          81  1 0.1871 0.2842 0.3270 0.1074 0.0944 
          82  1 0.1893 0.1283 0.1499 0.1332 0.3994 
          83  1 0.1452 0.1824 0.2055 0.0769 0.3901 
          84  1 0.1849 0.2763 0.2762 0.0627 0.1998 
          85  1 0.1406 0.3173 0.3785 0.0629 0.1006 
          86  1 0.2328 0.2000 0.2501 0.2089 0.1082 
          87  1 0.0914 0.1304 0.1453 0.3899 0.2430 
          88  1 0.2773 0.2336 0.2153 0.1156 0.1583 
          89  1 0.0703 0.0534 0.1166 0.0349 0.7248 
          90  1 0.0936 0.1849 0.2047 0.2158 0.3009 
          91  1 0.1954 0.1759 0.1638 0.3493 0.1156 
          92  1 0.1742 0.1909 0.1905 0.1217 0.3227 
          93  1 0.0621 0.0633 0.1309 0.0326 0.7111 
          94  1 0.1614 0.1899 0.2010 0.1379 0.3098 
          95  1 0.1749 0.2736 0.2950 0.1400 0.1164 
          96  1 0.1232 0.3756 0.2464 0.0783 0.1766 
          97  1 0.1040 0.0934 0.0940 0.6501 0.0585 
          98  1 0.2357 0.2494 0.2568 0.1014 0.1566 
          99  1 0.6738 0.0659 0.0713 0.0392 0.1498 
         100  1 0.2729 0.1985 0.2319 0.1754 0.1213 
         101  1 0.1831 0.1669 0.1898 0.0899 0.3704 
         102  1 0.4581 0.1719 0.1655 0.0574 0.1471 
         103  1 0.0881 0.3884 0.3106 0.0789 0.1340 
         104  1 0.1398 0.2730 0.2636 0.1933 0.1303 
         105  1 0.2187 0.1852 0.2032 0.0941 0.2988 
         106  1 0.0933 0.3504 0.2464 0.0554 0.2545 
         107  1 0.2600 0.1518 0.1849 0.1104 0.2928 
         108  1 0.1136 0.2629 0.1974 0.1725 0.2536 
         109  1 0.2869 0.2150 0.2192 0.1590 0.1198 
         110  1 0.1461 0.2342 0.2037 0.3027 0.1133 
         111  1 0.1082 0.2838 0.3179 0.0920 0.1981 
         112  1 0.1456 0.1744 0.2075 0.1131 0.3594 
         113  1 0.1586 0.1945 0.1976 0.3218 0.1275 
         114  1 0.0945 0.3666 0.2312 0.0556 0.2521 
         115  1 0.2636 0.2101 0.2350 0.1656 0.1257 
         116  1 0.4005 0.1011 0.1313 0.0540 0.3131 
         117  1 0.1062 0.1150 0.1346 0.2803 0.3639 
         118  1 0.2261 0.2303 0.2475 0.1733 0.1229 
         119  1 0.3133 0.1973 0.1943 0.1052 0.1898 
         120  1 0.6761 0.0653 0.0697 0.0390 0.1499 
         121  1 0.0999 0.2276 0.2025 0.3434 0.1267 
         122  1 0.2493 0.1131 0.1037 0.4654 0.0685 
         123  1 0.1015 0.2121 0.2122 0.4011 0.0731 
         124  1 0.1535 0.1988 0.2054 0.2919 0.1504 
         125  1 0.2342 0.2182 0.2169 0.1191 0.2117 
         126  1 0.6366 0.0880 0.0861 0.0596 0.1297 
         127  1 0.0333 0.0351 0.0341 0.8664 0.0311 
         128  1 0.1667 0.1210 0.1514 0.1146 0.4463 
         129  1 0.0643 0.0647 0.1290 0.0322 0.7099 
         130  1 0.1039 0.2704 0.1649 0.0454 0.4153 
         131  1 0.1023 0.2646 0.1594 0.0489 0.4249 
         132  1 0.1230 0.2422 0.2112 0.1431 0.2805 
         133  1 0.1594 0.2291 0.2325 0.2685 0.1105 
         134  1 0.1146 0.3735 0.2671 0.1153 0.1296 
         135  1 0.2025 0.3182 0.2253 0.1451 0.1089 
         136  1 0.3641 0.1432 0.1574 0.2135 0.1218 
         137  1 0.0368 0.0360 0.0372 0.8552 0.0347 
         138  1 0.0373 0.0355 0.0367 0.8556 0.0350 
         139  1 0.1630 0.2500 0.2311 0.1003 0.2557 
         140  1 0.1100 0.2818 0.2952 0.0853 0.2277 
         141  1 0.1146 0.3161 0.2478 0.2073 0.1142 
         142  1 0.1408 0.2954 0.2818 0.1341 0.1479 
         143  1 0.1129 0.3441 0.3611 0.0582 0.1237 
         144  1 0.1611 0.1739 0.1887 0.1649 0.3113 
         145  1 0.1127 0.3046 0.2638 0.2170 0.1019 
         146  1 0.3414 0.1449 0.1839 0.0373 0.2926 
         147  1 0.1484 0.2548 0.2636 0.2362 0.0970 
         148  1 0.2640 0.2586 0.2276 0.0936 0.1562 
         149  1 0.1482 0.2513 0.2594 0.1870 0.1541 
         150  1 0.1475 0.2720 0.2517 0.0596 0.2692 
         151  1 0.2398 0.1787 0.1769 0.3029 0.1016 
         152  1 0.1442 0.2891 0.2998 0.1466 0.1202 
         153  1 0.1674 0.3267 0.2762 0.0960 0.1336 
         154  1 0.0864 0.2001 0.1996 0.4291 0.0848 
         155  1 0.1250 0.2692 0.2109 0.2982 0.0967 
         156  1 0.1874 0.1855 0.1950 0.1053 0.3268 
         157  1 0.0573 0.1749 0.1996 0.1454 0.4228 
         158  1 0.0569 0.1864 0.2110 0.1392 0.4066 
         159  1 0.1134 0.3519 0.2560 0.1566 0.1221 
         160  1 0.0771 0.3447 0.3388 0.1435 0.0960 
         161  1 0.0659 0.1046 0.1003 0.6698 0.0594 
         162  1 0.0918 0.1588 0.1877 0.1064 0.4553 
         163  1 0.4807 0.1325 0.1234 0.1227 0.1407 
         164  1 0.4040 0.1087 0.1287 0.0840 0.2745 
         165  1 0.0824 0.1384 0.1399 0.5715 0.0679 
         166  1 0.1806 0.2522 0.2248 0.1883 0.1541 
         167  1 0.1830 0.2772 0.2078 0.2137 0.1183 
         168  1 0.3589 0.2087 0.1847 0.1384 0.1093 
         169  1 0.1051 0.3752 0.2859 0.0787 0.1552 
         170  1 0.1338 0.1661 0.1668 0.4390 0.0943 
         171  1 0.1026 0.2342 0.1729 0.0566 0.4337 
         172  1 0.1695 0.1273 0.1442 0.3760 0.1831 
         173  1 0.1975 0.1585 0.1685 0.3899 0.0856 
         174  1 0.2259 0.2742 0.2851 0.1136 0.1012 
         175  1 0.3552 0.1701 0.1781 0.2116 0.0850 
         176  1 0.1026 0.2312 0.2326 0.1453 0.2883 
         177  1 0.5129 0.0712 0.0772 0.2453 0.0935 
         178  1 0.1057 0.2667 0.2201 0.2400 0.1674 
         179  1 0.1683 0.2552 0.2089 0.0665 0.3010 
         180  1 0.3080 0.2358 0.2044 0.0538 0.1980 
         181  1 0.2061 0.1111 0.1313 0.2947 0.2569 
         182  1 0.3226 0.2217 0.2063 0.1025 0.1470 
         183  1 0.0930 0.2906 0.2588 0.2800 0.0777 
         184  1 0.1033 0.1849 0.1728 0.4499 0.0891 
         185  1 0.0710 0.0527 0.1165 0.0374 0.7224 
         186  1 0.0710 0.0553 0.1173 0.0379 0.7186 
         187  1 0.1589 0.3273 0.3378 0.0887 0.0872 
         188  1 0.1499 0.3049 0.2952 0.0801 0.1700 
         189  1 0.3454 0.1331 0.1606 0.2419 0.1191 
         190  1 0.3406 0.1817 0.2117 0.1214 0.1446 
         191  1 0.2150 0.1841 0.2214 0.2674 0.1121 
         192  1 0.0653 0.1014 0.0998 0.6734 0.0601 
         193  1 0.2690 0.2128 0.2198 0.1948 0.1036 
         194  1 0.1129 0.2019 0.2103 0.2452 0.2298 
         195  1 0.2362 0.2408 0.2442 0.1529 0.1260 
         196  1 0.1099 0.2770 0.2003 0.1169 0.2959 
         197  1 0.3659 0.1033 0.1056 0.3226 0.1025 
         198  1 0.0845 0.1967 0.2072 0.2731 0.2386 
         199  1 0.1825 0.1860 0.1788 0.1943 0.2584 
         200  1 0.1733 0.1952 0.2176 0.1134 0.3005 
         201  1 0.1059 0.2918 0.3078 0.0513 0.2432 
         202  1 0.0836 0.2244 0.2505 0.3395 0.1019 
         203  1 0.1315 0.3760 0.2398 0.0608 0.1920 
         204  1 0.1115 0.1843 0.2245 0.1151 0.3647 
         205  1 0.3347 0.1799 0.1752 0.1469 0.1633 
         206  1 0.2742 0.2139 0.2430 0.1318 0.1371 
         207  1 0.1123 0.2894 0.2089 0.2833 0.1060 
         208  1 0.1258 0.2795 0.2331 0.2368 0.1249 
         209  1 0.1058 0.1487 0.1698 0.3850 0.1906 
         210  1 0.0878 0.1638 0.1697 0.4860 0.0927 
         211  1 0.1018 0.1908 0.1883 0.3875 0.1317 
         212  1 0.1148 0.2246 0.2826 0.2473 0.1306 
         213  1 0.1683 0.3385 0.3475 0.0702 0.0755 
         214  1 0.1377 0.2510 0.2650 0.1738 0.1725 
         215  1 0.0745 0.1303 0.1774 0.0525 0.5653 
         216  1 0.5562 0.0628 0.0675 0.1876 0.1259 
         217  1 0.1387 0.2455 0.2062 0.2104 0.1992 
         218  1 0.1218 0.2420 0.2825 0.0736 0.2801 
         219  1 0.1463 0.2284 0.1928 0.1645 0.2680 
         220  1 0.1673 0.2142 0.2166 0.2022 0.1997 
         221  1 0.1332 0.1808 0.1936 0.1955 0.2969 
         222  1 0.0996 0.1712 0.2019 0.1077 0.4196 
         223  1 0.1328 0.1907 0.2048 0.2437 0.2279 
         224  1 0.1105 0.2569 0.2154 0.3373 0.0798 
         225  1 0.1310 0.2961 0.3089 0.1194 0.1446 
         226  1 0.0817 0.0709 0.0710 0.7183 0.0581 
         227  1 0.0810 0.3184 0.3467 0.0741 0.1798 
         228  1 0.1715 0.2686 0.2259 0.0890 0.2450 
         229  1 0.3108 0.1684 0.1885 0.1053 0.2270 
         230  1 0.2271 0.1859 0.1772 0.2009 0.2088 
         231  1 0.1352 0.1959 0.1953 0.3320 0.1416 
         232  1 0.2345 0.2110 0.2008 0.0791 0.2746 
         233  1 0.4173 0.0697 0.0687 0.3662 0.0781 
         234  1 0.2644 0.2016 0.1733 0.0642 0.2965 
         235  1 0.1053 0.2310 0.2467 0.3411 0.0758 
         236  1 0.4778 0.1297 0.1265 0.1450 0.1209 
         237  1 0.2018 0.1854 0.1962 0.1419 0.2747 
         238  1 0.4947 0.0926 0.0978 0.1955 0.1193 
         239  1 0.3215 0.2008 0.2124 0.1040 0.1613 
         240  1 0.1132 0.2397 0.2504 0.1056 0.2911 
         241  1 0.3796 0.1108 0.1324 0.1189 0.2583 
         242  1 0.5144 0.0729 0.0817 0.2356 0.0954 
         243  1 0.1498 0.2745 0.2886 0.0734 0.2137 
         244  1 0.1193 0.3180 0.2597 0.1474 0.1557 
         245  1 0.1907 0.2293 0.2086 0.1916 0.1798 
         246  1 0.1281 0.1835 0.1966 0.2600 0.2319 
         247  1 0.2765 0.1882 0.1548 0.1873 0.1932 
         248  1 0.2397 0.1773 0.1771 0.3298 0.0761 
         249  1 0.2257 0.2262 0.1899 0.0813 0.2769 
         250  1 0.2282 0.1353 0.1608 0.1339 0.3419 
         251  1 0.1887 0.1643 0.1611 0.3836 0.1023 
         252  1 0.1619 0.2731 0.2362 0.1141 0.2147 
         253  1 0.3363 0.2064 0.2052 0.0955 0.1567 
         254  1 0.1656 0.2592 0.3056 0.1523 0.1173 
         255  1 0.3214 0.1519 0.1505 0.2040 0.1722 
         256  1 0.4353 0.1850 0.1901 0.0927 0.0968 
         257  1 0.6084 0.0702 0.0784 0.1331 0.1099 
         258  1 0.3223 0.1508 0.1749 0.1736 0.1784 
         259  1 0.2216 0.2712 0.2887 0.1293 0.0892 
         260  1 0.3585 0.1449 0.1709 0.1677 0.1580 
         261  1 0.1605 0.1549 0.1862 0.2162 0.2821 
         262  1 0.4708 0.1138 0.1211 0.1223 0.1720 
         263  1 0.1117 0.2695 0.2235 0.1893 0.2059 
         264  1 0.2589 0.2290 0.2225 0.1509 0.1388 
         265  1 0.2888 0.1508 0.1473 0.3045 0.1086 
         266  1 0.1631 0.1473 0.1801 0.1110 0.3985 
         267  1 0.1666 0.2101 0.2339 0.1327 0.2567 
         268  1 0.4375 0.1552 0.1724 0.0920 0.1429 
         269  1 0.2639 0.2700 0.2891 0.0669 0.1102 
         270  1 0.3883 0.1746 0.1803 0.0899 0.1668 
