           1  1 0.0593 0.1562 0.0755 0.0946 0.0521 0.0862 0.1370 0.0367 0.0929 0.2095 
           2  1 0.0363 0.1642 0.0538 0.1322 0.0159 0.2037 0.1404 0.0548 0.1796 0.0192 
           3  1 0.0349 0.0917 0.1719 0.0631 0.0446 0.0698 0.0669 0.3570 0.0850 0.0151 
           4  1 0.0098 0.0094 0.0086 0.0097 0.9163 0.0102 0.0110 0.0089 0.0102 0.0060 
           5  1 0.2550 0.1211 0.0393 0.1298 0.0378 0.1238 0.1291 0.0270 0.1233 0.0138 
           6  1 0.1113 0.0643 0.0115 0.0879 0.2997 0.0835 0.0808 0.1889 0.0637 0.0084 
           7  1 0.0810 0.0977 0.1209 0.0951 0.0115 0.0855 0.0937 0.0691 0.0903 0.2551 
           8  1 0.0975 0.1378 0.0218 0.1598 0.1681 0.1255 0.1305 0.0134 0.1194 0.0263 
           9  1 0.0409 0.0849 0.4184 0.0754 0.0149 0.0777 0.0871 0.0897 0.0874 0.0235 
          10  1 0.4349 0.0808 0.0166 0.1646 0.0124 0.0864 0.0742 0.0394 0.0812 0.0097 
          11  1 0.0288 0.0512 0.0842 0.0448 0.0464 0.0520 0.0889 0.5481 0.0486 0.0069 
          12  1 0.0822 0.0917 0.0208 0.1152 0.2674 0.1044 0.0742 0.1564 0.0786 0.0092 
          13  1 0.0327 0.1112 0.0611 0.0780 0.2716 0.0833 0.1097 0.0276 0.1087 0.1160 
          14  1 0.0661 0.1691 0.0538 0.1339 0.0241 0.1511 0.1669 0.0333 0.1374 0.0641 
          15  1 0.0716 0.1610 0.0472 0.1667 0.0180 0.1820 0.1612 0.0261 0.1499 0.0164 
          16  1 0.0313 0.0849 0.0228 0.0709 0.0336 0.0866 0.0949 0.0284 0.0808 0.4657 
          17  1 0.0665 0.1588 0.0429 0.1636 0.1048 0.1206 0.1455 0.0381 0.1344 0.0249 
          18  1 0.0335 0.1314 0.0164 0.1386 0.0487 0.1469 0.1559 0.1425 0.1673 0.0188 
          19  1 0.0597 0.1627 0.0659 0.1557 0.0249 0.1856 0.1701 0.0106 0.1586 0.0061 
          20  1 0.0920 0.1140 0.2667 0.1124 0.0390 0.1116 0.1026 0.0285 0.1176 0.0157 
          21  1 0.0949 0.1265 0.0505 0.1160 0.1662 0.1345 0.1215 0.0151 0.1466 0.0283 
          22  1 0.0395 0.1863 0.0466 0.1387 0.0571 0.1599 0.1347 0.0093 0.1498 0.0781 
          23  1 0.0833 0.1392 0.0378 0.1252 0.0267 0.1144 0.1515 0.0443 0.1491 0.1284 
          24  1 0.1450 0.1443 0.0265 0.1348 0.0384 0.1432 0.1384 0.0203 0.1262 0.0830 
          25  1 0.1241 0.1306 0.0784 0.1191 0.0624 0.1254 0.1323 0.0747 0.1250 0.0280 
          26  1 0.2237 0.1208 0.1006 0.1138 0.0211 0.1371 0.1094 0.0107 0.1491 0.0138 
          27  1 0.0560 0.1537 0.0935 0.1378 0.0133 0.1482 0.1517 0.0280 0.1334 0.0844 
          28  1 0.0780 0.1172 0.0375 0.1220 0.1573 0.1542 0.1596 0.0121 0.1540 0.0081 
          29  1 0.0601 0.1448 0.0855 0.1655 0.0218 0.1739 0.1411 0.0236 0.1655 0.0181 
          30  1 0.1154 0.1253 0.0685 0.1254 0.0465 0.1640 0.1370 0.0252 0.1590 0.0336 
          31  1 0.0571 0.0971 0.3092 0.0857 0.0295 0.0986 0.0794 0.1222 0.0940 0.0271 
          32  1 0.0591 0.1321 0.1113 0.1380 0.0455 0.1549 0.1501 0.0494 0.1489 0.0107 
          33  1 0.0676 0.1803 0.0575 0.1558 0.0349 0.1367 0.1607 0.0419 0.1544 0.0103 
          34  1 0.0534 0.1567 0.0753 0.1285 0.0430 0.1624 0.1574 0.0384 0.1688 0.0159 
          35  1 0.0382 0.1523 0.0907 0.1401 0.0193 0.1834 0.1195 0.0229 0.2118 0.0218 
          36  1 0.0389 0.2127 0.0194 0.1525 0.0291 0.1579 0.1865 0.0236 0.1636 0.0157 
          37  1 0.0782 0.1569 0.0196 0.1504 0.0805 0.1625 0.1584 0.0321 0.1419 0.0195 
          38  1 0.0794 0.1217 0.0348 0.1081 0.1097 0.1308 0.1202 0.1481 0.1165 0.0309 
          39  1 0.0516 0.1721 0.0979 0.1250 0.0262 0.1526 0.1727 0.0279 0.1546 0.0195 
          40  1 0.0340 0.0588 0.0626 0.0467 0.0213 0.0511 0.0610 0.6001 0.0540 0.0103 
          41  1 0.0303 0.1347 0.0941 0.1430 0.0087 0.1706 0.1338 0.0398 0.2242 0.0207 
          42  1 0.0984 0.1415 0.0640 0.1526 0.0129 0.1511 0.1513 0.0291 0.1824 0.0166 
          43  1 0.0961 0.1446 0.0664 0.1471 0.0525 0.1657 0.1322 0.0082 0.1508 0.0363 
          44  1 0.2884 0.0751 0.0914 0.0969 0.0304 0.0872 0.0749 0.1356 0.1122 0.0080 
          45  1 0.0584 0.1555 0.0579 0.1210 0.0849 0.1517 0.1699 0.0259 0.1523 0.0225 
          46  1 0.0346 0.1362 0.0254 0.1302 0.0393 0.1512 0.1444 0.0158 0.1508 0.1720 
          47  1 0.0992 0.1498 0.0271 0.2120 0.0111 0.1803 0.1285 0.0328 0.1485 0.0106 
          48  1 0.2180 0.0961 0.0626 0.1123 0.0598 0.1326 0.0936 0.0404 0.1110 0.0735 
          49  1 0.0378 0.1529 0.0193 0.1412 0.0352 0.1792 0.1402 0.0144 0.1804 0.0994 
          50  1 0.5965 0.0523 0.0310 0.1391 0.0191 0.0536 0.0299 0.0290 0.0312 0.0183 
          51  1 0.0357 0.0807 0.0403 0.0643 0.4992 0.0806 0.0676 0.0159 0.0907 0.0250 
          52  1 0.0895 0.1182 0.1112 0.1320 0.0384 0.1295 0.0928 0.0903 0.1569 0.0413 
          53  1 0.0680 0.0815 0.0369 0.0893 0.4290 0.1029 0.0946 0.0082 0.0821 0.0074 
          54  1 0.0581 0.1497 0.0534 0.1223 0.0688 0.1412 0.1936 0.0211 0.1627 0.0292 
          55  1 0.0779 0.1057 0.0441 0.0855 0.3322 0.1049 0.1139 0.0291 0.0974 0.0093 
          56  1 0.0422 0.1306 0.0229 0.0759 0.1911 0.0802 0.1819 0.1917 0.0765 0.0069 
          57  1 0.1405 0.1588 0.0254 0.1778 0.0180 0.1566 0.1196 0.0220 0.1496 0.0318 
          58  1 0.1862 0.1199 0.0274 0.1572 0.0547 0.1321 0.1261 0.0498 0.1383 0.0083 
          59  1 0.0708 0.0681 0.0464 0.0712 0.4322 0.0737 0.0727 0.0724 0.0769 0.0156 
          60  1 0.0673 0.0838 0.1517 0.0572 0.1440 0.0590 0.0707 0.0103 0.0756 0.2805 
          61  1 0.0820 0.1414 0.0583 0.1474 0.0631 0.1523 0.1743 0.0303 0.1364 0.0144 
          62  1 0.1068 0.1094 0.0306 0.1223 0.1373 0.1185 0.1034 0.0191 0.1223 0.1302 
          63  1 0.0700 0.1006 0.4216 0.0582 0.0367 0.0918 0.0780 0.0202 0.0968 0.0260 
          64  1 0.0831 0.1344 0.0544 0.1206 0.0262 0.1278 0.1040 0.0394 0.1864 0.1237 
          65  1 0.0562 0.1733 0.0253 0.0819 0.0400 0.0633 0.2048 0.2725 0.0673 0.0155 
          66  1 0.0393 0.1435 0.0799 0.1327 0.0139 0.1300 0.1201 0.1142 0.1902 0.0362 
          67  1 0.2905 0.0838 0.0556 0.1263 0.1677 0.0901 0.0706 0.0306 0.0706 0.0144 
          68  1 0.1080 0.1149 0.0274 0.1279 0.1770 0.1397 0.1370 0.0258 0.1223 0.0200 
          69  1 0.0647 0.1646 0.0182 0.1805 0.0615 0.1601 0.1683 0.0168 0.1551 0.0102 
          70  1 0.0778 0.1292 0.0402 0.1626 0.0592 0.1764 0.1654 0.0192 0.1573 0.0127 
          71  1 0.0949 0.1458 0.0260 0.1358 0.0990 0.1511 0.1762 0.0090 0.1461 0.0162 
          72  1 0.0631 0.1527 0.0231 0.0892 0.2009 0.0748 0.1982 0.1105 0.0803 0.0072 
          73  1 0.0598 0.1406 0.2630 0.1000 0.0567 0.1061 0.1413 0.0178 0.1026 0.0123 
          74  1 0.0497 0.1648 0.0394 0.1264 0.0716 0.1687 0.1774 0.0137 0.1581 0.0302 
          75  1 0.0500 0.1708 0.0288 0.1167 0.0549 0.1444 0.1684 0.0154 0.1404 0.1102 
          76  1 0.4784 0.0666 0.0317 0.1348 0.0326 0.0952 0.0575 0.0088 0.0763 0.0180 
          77  1 0.0845 0.1330 0.0211 0.1746 0.0318 0.1851 0.1738 0.0115 0.1791 0.0054 
          78  1 0.0242 0.0313 0.0172 0.0287 0.7998 0.0210 0.0349 0.0133 0.0227 0.0068 
          79  1 0.1575 0.1478 0.0282 0.1478 0.0891 0.1247 0.1239 0.0247 0.1249 0.0314 
          80  1 0.1698 0.1210 0.0323 0.1395 0.0407 0.1189 0.1292 0.0231 0.1219 0.1036 
          81  1 0.0958 0.1308 0.0152 0.1818 0.0326 0.1856 0.1716 0.0163 0.1626 0.0077 
          82  1 0.1316 0.0736 0.0861 0.0964 0.1091 0.0760 0.0751 0.0295 0.0789 0.2437 
          83  1 0.1935 0.1031 0.0426 0.1387 0.0427 0.1165 0.1029 0.0098 0.1135 0.1367 
          84  1 0.0366 0.2181 0.0513 0.1268 0.0283 0.1486 0.2080 0.0143 0.1448 0.0232 
          85  1 0.0569 0.1588 0.0236 0.1572 0.0225 0.1789 0.1949 0.0083 0.1885 0.0104 
          86  1 0.2325 0.1394 0.0150 0.1421 0.0478 0.0963 0.1656 0.0397 0.1124 0.0093 
          87  1 0.5867 0.0513 0.0262 0.1327 0.0224 0.0536 0.0355 0.0241 0.0322 0.0352 
          88  1 0.0612 0.1193 0.0850 0.1288 0.1445 0.1292 0.1542 0.0187 0.1345 0.0246 
          89  1 0.0048 0.0047 0.0047 0.0048 0.0043 0.0048 0.0054 0.0042 0.0048 0.9575 
          90  1 0.2592 0.1092 0.0610 0.1487 0.0136 0.1153 0.1121 0.0236 0.1218 0.0354 
          91  1 0.2336 0.0979 0.0412 0.1213 0.0856 0.1152 0.1051 0.0724 0.1087 0.0189 
          92  1 0.0888 0.1276 0.1060 0.1110 0.0972 0.1411 0.1413 0.0207 0.1258 0.0406 
          93  1 0.0097 0.0145 0.0117 0.0096 0.0076 0.0111 0.0107 0.0064 0.0107 0.9081 
          94  1 0.0598 0.1407 0.0670 0.1333 0.0411 0.1412 0.1584 0.0221 0.1898 0.0466 
          95  1 0.1220 0.1353 0.0193 0.1456 0.0397 0.1691 0.1707 0.0182 0.1587 0.0215 
          96  1 0.0397 0.1019 0.3929 0.1107 0.0111 0.1087 0.1156 0.0114 0.0926 0.0154 
          97  1 0.4686 0.0382 0.0113 0.1173 0.0262 0.1087 0.0359 0.1201 0.0642 0.0094 
          98  1 0.1579 0.0886 0.0306 0.1894 0.0700 0.1615 0.1154 0.0096 0.1302 0.0467 
          99  1 0.0113 0.0111 0.0100 0.0108 0.9017 0.0109 0.0118 0.0056 0.0109 0.0160 
         100  1 0.0438 0.1639 0.0467 0.1065 0.0620 0.1280 0.2041 0.0993 0.1398 0.0059 
         101  1 0.0582 0.2239 0.0486 0.1119 0.0325 0.1159 0.1565 0.0244 0.1190 0.1090 
         102  1 0.0300 0.0934 0.0655 0.0923 0.3678 0.1110 0.1106 0.0114 0.1064 0.0117 
         103  1 0.0463 0.1161 0.3868 0.0654 0.0135 0.1268 0.1043 0.0106 0.1164 0.0138 
         104  1 0.1227 0.1039 0.0687 0.1756 0.0291 0.1543 0.1323 0.0352 0.1623 0.0160 
         105  1 0.0512 0.1401 0.0690 0.1101 0.0852 0.1530 0.1472 0.0293 0.1417 0.0732 
         106  1 0.0131 0.0222 0.8698 0.0164 0.0074 0.0181 0.0209 0.0063 0.0160 0.0096 
         107  1 0.0815 0.1998 0.0628 0.1229 0.0502 0.1253 0.1652 0.0286 0.1245 0.0392 
         108  1 0.1324 0.1024 0.3134 0.1146 0.0211 0.0906 0.0791 0.0243 0.0957 0.0263 
         109  1 0.0325 0.1911 0.0548 0.1481 0.0781 0.1343 0.1610 0.0508 0.1362 0.0131 
         110  1 0.0959 0.1203 0.0898 0.1284 0.0557 0.1344 0.1274 0.0858 0.1292 0.0331 
         111  1 0.0952 0.1505 0.0139 0.1338 0.0246 0.1583 0.1692 0.0129 0.1768 0.0647 
         112  1 0.3849 0.1024 0.0350 0.1554 0.0273 0.0851 0.0759 0.0097 0.0700 0.0542 
         113  1 0.1972 0.1037 0.0476 0.1433 0.0673 0.1294 0.0944 0.0684 0.1344 0.0143 
         114  1 0.0131 0.0230 0.8681 0.0162 0.0074 0.0186 0.0204 0.0061 0.0184 0.0088 
         115  1 0.0965 0.1126 0.0780 0.1215 0.1633 0.1205 0.1233 0.0374 0.1303 0.0165 
         116  1 0.0463 0.1406 0.0506 0.0922 0.2397 0.1017 0.1151 0.0127 0.1049 0.0963 
         117  1 0.4281 0.0690 0.0453 0.1168 0.0378 0.0776 0.0514 0.0501 0.0649 0.0590 
         118  1 0.1435 0.1126 0.0566 0.1561 0.0695 0.1298 0.1440 0.0197 0.1571 0.0110 
         119  1 0.0495 0.0671 0.1776 0.0640 0.3420 0.0817 0.0743 0.0203 0.1037 0.0199 
         120  1 0.0108 0.0104 0.0098 0.0105 0.9041 0.0104 0.0107 0.0055 0.0121 0.0156 
         121  1 0.1729 0.1106 0.0760 0.1223 0.0223 0.1306 0.1227 0.0795 0.1458 0.0173 
         122  1 0.1608 0.1086 0.0239 0.1152 0.1550 0.1018 0.1340 0.1180 0.0756 0.0070 
         123  1 0.3695 0.0831 0.0148 0.1300 0.0168 0.1522 0.0723 0.0380 0.1087 0.0145 
         124  1 0.1173 0.1363 0.0186 0.1463 0.0615 0.1786 0.1109 0.0688 0.1354 0.0262 
         125  1 0.1752 0.1244 0.1167 0.1259 0.0818 0.1093 0.1083 0.0121 0.1350 0.0113 
         126  1 0.0247 0.0494 0.0221 0.0401 0.6829 0.0368 0.0882 0.0074 0.0370 0.0113 
         127  1 0.0054 0.0050 0.0042 0.0055 0.0050 0.0054 0.0054 0.9545 0.0054 0.0042 
         128  1 0.1194 0.1258 0.0702 0.1126 0.0961 0.1218 0.1079 0.0198 0.1217 0.1045 
         129  1 0.0103 0.0159 0.0133 0.0099 0.0082 0.0105 0.0107 0.0057 0.0110 0.9045 
         130  1 0.0101 0.0135 0.8984 0.0111 0.0084 0.0122 0.0130 0.0078 0.0154 0.0101 
         131  1 0.0086 0.0103 0.9082 0.0104 0.0079 0.0108 0.0106 0.0084 0.0136 0.0113 
         132  1 0.2897 0.1099 0.1460 0.1053 0.0228 0.0939 0.0825 0.0130 0.0801 0.0568 
         133  1 0.1523 0.1237 0.0364 0.1387 0.0778 0.1423 0.1217 0.0394 0.1544 0.0132 
         134  1 0.0851 0.1034 0.4399 0.0615 0.0233 0.0848 0.0729 0.0206 0.0964 0.0122 
         135  1 0.1357 0.1112 0.1836 0.1214 0.0560 0.1390 0.1159 0.0140 0.1122 0.0110 
         136  1 0.1041 0.1565 0.0364 0.1557 0.1040 0.1279 0.1615 0.0300 0.1139 0.0099 
         137  1 0.0054 0.0059 0.0046 0.0056 0.0056 0.0054 0.0056 0.9516 0.0057 0.0045 
         138  1 0.0054 0.0059 0.0044 0.0058 0.0054 0.0057 0.0059 0.9516 0.0056 0.0043 
         139  1 0.0479 0.1259 0.1361 0.1105 0.0612 0.1489 0.1086 0.0212 0.1439 0.0958 
         140  1 0.0943 0.1160 0.0566 0.1783 0.0191 0.1618 0.1312 0.0100 0.1625 0.0702 
         141  1 0.1633 0.1253 0.1466 0.1291 0.0203 0.1322 0.1242 0.0223 0.1279 0.0088 
         142  1 0.0668 0.1710 0.0829 0.1289 0.0263 0.1668 0.1522 0.0206 0.1708 0.0137 
         143  1 0.0370 0.1921 0.0196 0.1451 0.0193 0.1849 0.1796 0.0087 0.2008 0.0129 
         144  1 0.3040 0.0830 0.0331 0.1048 0.0617 0.1076 0.0995 0.0128 0.1044 0.0891 
         145  1 0.0564 0.1483 0.0718 0.1626 0.0187 0.1589 0.1403 0.0838 0.1408 0.0183 
         146  1 0.0579 0.0988 0.0124 0.0955 0.1897 0.1139 0.1227 0.0067 0.1143 0.1881 
         147  1 0.1320 0.1017 0.0237 0.2245 0.0196 0.1669 0.1190 0.0413 0.1614 0.0101 
         148  1 0.0560 0.1618 0.0461 0.1684 0.0679 0.1497 0.1676 0.0178 0.1393 0.0255 
         149  1 0.1521 0.0954 0.0334 0.1980 0.0352 0.1452 0.1278 0.0343 0.1553 0.0234 
         150  1 0.0591 0.1275 0.1160 0.1068 0.0804 0.1591 0.1452 0.0080 0.1576 0.0404 
         151  1 0.0814 0.1254 0.0634 0.1219 0.0660 0.1176 0.1280 0.1670 0.1171 0.0123 
         152  1 0.1082 0.1180 0.0279 0.1872 0.0252 0.1783 0.1363 0.0205 0.1692 0.0292 
         153  1 0.0513 0.1277 0.1182 0.1621 0.0517 0.1631 0.1374 0.0149 0.1466 0.0271 
         154  1 0.4746 0.0611 0.0239 0.1010 0.0136 0.1055 0.0725 0.0363 0.0984 0.0130 
         155  1 0.0613 0.1357 0.1298 0.1231 0.0249 0.1198 0.1364 0.1354 0.1241 0.0096 
         156  1 0.0545 0.2239 0.0505 0.1221 0.0363 0.1201 0.1704 0.0313 0.1160 0.0748 
         157  1 0.0395 0.0928 0.2566 0.0657 0.0090 0.0808 0.0681 0.2439 0.1077 0.0358 
         158  1 0.0411 0.0838 0.2631 0.0565 0.0100 0.0928 0.0625 0.2392 0.1124 0.0387 
         159  1 0.0490 0.0911 0.4568 0.0785 0.0128 0.0777 0.0958 0.0230 0.1001 0.0151 
         160  1 0.0620 0.1722 0.0742 0.1449 0.0121 0.1573 0.1450 0.0200 0.1989 0.0132 
         161  1 0.1227 0.0867 0.0491 0.1401 0.0168 0.0970 0.0274 0.3647 0.0893 0.0060 
         162  1 0.0709 0.1111 0.1460 0.1225 0.0391 0.1131 0.1097 0.0296 0.1657 0.0923 
         163  1 0.0490 0.0913 0.0259 0.0806 0.4396 0.0820 0.0947 0.0312 0.0848 0.0210 
         164  1 0.0459 0.1196 0.0323 0.0784 0.2353 0.0834 0.1155 0.0236 0.0792 0.1869 
         165  1 0.6241 0.0261 0.0098 0.1219 0.0114 0.0960 0.0229 0.0226 0.0596 0.0057 
         166  1 0.2032 0.1230 0.0792 0.1276 0.0566 0.1273 0.1207 0.0191 0.1208 0.0227 
         167  1 0.2291 0.0809 0.1954 0.0973 0.0762 0.1067 0.0835 0.0132 0.1045 0.0132 
         168  1 0.0636 0.0915 0.1224 0.1083 0.2676 0.1142 0.1033 0.0195 0.1041 0.0056 
         169  1 0.0386 0.1029 0.3533 0.1035 0.0098 0.1166 0.1312 0.0166 0.1142 0.0133 
         170  1 0.5149 0.0415 0.0194 0.0973 0.0596 0.1179 0.0400 0.0159 0.0760 0.0175 
         171  1 0.0861 0.0501 0.6563 0.0419 0.0138 0.0301 0.0299 0.0069 0.0515 0.0334 
         172  1 0.0478 0.0887 0.0265 0.0829 0.0592 0.0851 0.0990 0.2871 0.0858 0.1378 
         173  1 0.0761 0.1175 0.0165 0.1061 0.2103 0.1300 0.0988 0.1104 0.1214 0.0129 
         174  1 0.1113 0.1198 0.0617 0.1650 0.0528 0.1760 0.1392 0.0164 0.1512 0.0066 
         175  1 0.0795 0.0899 0.0202 0.1122 0.3182 0.1275 0.0916 0.0354 0.1183 0.0071 
         176  1 0.2600 0.1042 0.0586 0.1084 0.0204 0.1064 0.1050 0.0171 0.1197 0.1002 
         177  1 0.1572 0.0273 0.0100 0.0499 0.6401 0.0298 0.0327 0.0221 0.0247 0.0061 
         178  1 0.2343 0.1113 0.1108 0.1244 0.0176 0.1163 0.1042 0.0424 0.1058 0.0330 
         179  1 0.1085 0.1002 0.2637 0.1014 0.0374 0.1216 0.1129 0.0112 0.1084 0.0347 
         180  1 0.0613 0.1223 0.0958 0.1247 0.1422 0.1422 0.1261 0.0079 0.1283 0.0493 
         181  1 0.0793 0.1673 0.0704 0.0796 0.0415 0.0699 0.1204 0.2627 0.0695 0.0394 
         182  1 0.0845 0.1502 0.0362 0.1412 0.1110 0.1465 0.1597 0.0131 0.1419 0.0157 
         183  1 0.0503 0.1463 0.1021 0.1251 0.0176 0.1196 0.1466 0.1241 0.1579 0.0104 
         184  1 0.5972 0.0290 0.0268 0.1092 0.0165 0.1044 0.0267 0.0159 0.0645 0.0097 
         185  1 0.0051 0.0049 0.0047 0.0053 0.0049 0.0050 0.0053 0.0045 0.0050 0.9555 
         186  1 0.0049 0.0050 0.0050 0.0052 0.0047 0.0051 0.0049 0.0045 0.0051 0.9557 
         187  1 0.0815 0.1117 0.0290 0.2189 0.0305 0.1885 0.1336 0.0131 0.1822 0.0110 
         188  1 0.1222 0.1633 0.1106 0.1284 0.0189 0.1480 0.1449 0.0130 0.1398 0.0107 
         189  1 0.0429 0.2044 0.0258 0.0978 0.0776 0.0824 0.2113 0.1606 0.0773 0.0198 
         190  1 0.0513 0.1856 0.0167 0.1161 0.0652 0.1064 0.2591 0.0649 0.0947 0.0400 
         191  1 0.1623 0.1371 0.0404 0.1508 0.0617 0.1103 0.1352 0.0598 0.1339 0.0085 
         192  1 0.1234 0.0897 0.0504 0.1383 0.0183 0.0921 0.0255 0.3645 0.0919 0.0060 
         193  1 0.0570 0.1591 0.0554 0.1342 0.0629 0.1509 0.1757 0.0397 0.1541 0.0109 
         194  1 0.0333 0.1352 0.0529 0.1085 0.0230 0.1124 0.1341 0.1708 0.1769 0.0528 
         195  1 0.0997 0.1827 0.0186 0.1386 0.0440 0.1468 0.1890 0.0230 0.1324 0.0252 
         196  1 0.0241 0.0329 0.7301 0.0378 0.0164 0.0379 0.0312 0.0163 0.0647 0.0087 
         197  1 0.1162 0.1037 0.0148 0.1160 0.3050 0.0889 0.1007 0.0676 0.0743 0.0129 
         198  1 0.2075 0.1054 0.0538 0.1210 0.0196 0.1160 0.1121 0.0689 0.1223 0.0735 
         199  1 0.1081 0.1358 0.0985 0.1187 0.0340 0.1310 0.1430 0.0570 0.1316 0.0423 
         200  1 0.1778 0.1173 0.0190 0.1426 0.0596 0.1330 0.1215 0.0128 0.1337 0.0826 
         201  1 0.0544 0.1265 0.1042 0.1530 0.0147 0.1845 0.1541 0.0082 0.1626 0.0380 
         202  1 0.5056 0.0527 0.0293 0.1578 0.0141 0.0880 0.0538 0.0173 0.0700 0.0114 
         203  1 0.0215 0.0838 0.4881 0.0848 0.0200 0.0991 0.0942 0.0103 0.0808 0.0175 
         204  1 0.0658 0.1650 0.0568 0.1380 0.0284 0.1439 0.1367 0.0241 0.1866 0.0547 
         205  1 0.0546 0.1234 0.0325 0.1229 0.1856 0.1340 0.1519 0.0383 0.1264 0.0304 
         206  1 0.0509 0.1668 0.0233 0.1122 0.1029 0.1408 0.1998 0.0326 0.1530 0.0177 
         207  1 0.0699 0.0815 0.4139 0.0741 0.0178 0.0707 0.0577 0.1018 0.1020 0.0107 
         208  1 0.0559 0.1169 0.2252 0.1530 0.0270 0.1253 0.1075 0.0426 0.1304 0.0162 
         209  1 0.5892 0.0565 0.0216 0.1460 0.0179 0.0535 0.0410 0.0253 0.0336 0.0155 
         210  1 0.1905 0.1193 0.0352 0.1691 0.0175 0.1416 0.0904 0.0730 0.1539 0.0094 
         211  1 0.0317 0.0726 0.1543 0.0681 0.0436 0.0846 0.0959 0.3253 0.1050 0.0190 
         212  1 0.3236 0.1027 0.0138 0.1654 0.0215 0.1299 0.0978 0.0167 0.1024 0.0263 
         213  1 0.1411 0.1409 0.0303 0.1204 0.1059 0.1491 0.1441 0.0053 0.1543 0.0086 
         214  1 0.0611 0.1307 0.1293 0.1313 0.0378 0.1432 0.1195 0.0503 0.1813 0.0154 
         215  1 0.0489 0.0804 0.0307 0.0784 0.0136 0.0870 0.0776 0.0135 0.0734 0.4966 
         216  1 0.0179 0.0188 0.0122 0.0204 0.7924 0.0183 0.0214 0.0656 0.0187 0.0143 
         217  1 0.2729 0.0965 0.1728 0.1000 0.0332 0.1021 0.0965 0.0197 0.0867 0.0197 
         218  1 0.0637 0.1694 0.0337 0.1438 0.0192 0.1530 0.1765 0.0138 0.1775 0.0493 
         219  1 0.1449 0.0847 0.3037 0.0810 0.0581 0.1034 0.0794 0.0187 0.1017 0.0244 
         220  1 0.0689 0.1109 0.1302 0.1432 0.0712 0.1340 0.1071 0.0608 0.1424 0.0314 
         221  1 0.1416 0.1102 0.0781 0.1187 0.0404 0.1303 0.1169 0.0513 0.1196 0.0929 
         222  1 0.1257 0.1198 0.1784 0.1248 0.0214 0.1272 0.0949 0.0535 0.1065 0.0477 
         223  1 0.3604 0.0668 0.0229 0.1085 0.0298 0.1127 0.0739 0.0155 0.1056 0.1040 
         224  1 0.4792 0.0728 0.0669 0.0974 0.0174 0.0969 0.0726 0.0215 0.0639 0.0113 
         225  1 0.0643 0.1454 0.0225 0.1635 0.0434 0.1818 0.1568 0.0112 0.1832 0.0280 
         226  1 0.0297 0.0243 0.0491 0.0237 0.0332 0.0225 0.0232 0.7649 0.0226 0.0069 
         227  1 0.0230 0.1718 0.0326 0.1614 0.0179 0.1778 0.1485 0.0122 0.2296 0.0253 
         228  1 0.0795 0.1217 0.1753 0.1119 0.0522 0.1245 0.1186 0.0113 0.1325 0.0725 
         229  1 0.0601 0.1426 0.0205 0.1139 0.2154 0.1209 0.1161 0.0215 0.1349 0.0543 
         230  1 0.0517 0.1168 0.1221 0.1454 0.1132 0.1258 0.1118 0.0413 0.1271 0.0449 
         231  1 0.5327 0.0362 0.0199 0.1080 0.0447 0.1088 0.0419 0.0102 0.0821 0.0155 
         232  1 0.0770 0.1195 0.0765 0.1158 0.1675 0.1253 0.1303 0.0119 0.1212 0.0550 
         233  1 0.0651 0.0693 0.0121 0.0669 0.5474 0.0327 0.1161 0.0563 0.0279 0.0062 
         234  1 0.0451 0.0801 0.4268 0.0752 0.0957 0.0696 0.0886 0.0152 0.0881 0.0156 
         235  1 0.0865 0.1242 0.0416 0.1319 0.0241 0.1511 0.1662 0.1022 0.1640 0.0082 
         236  1 0.0693 0.1753 0.0231 0.1245 0.2441 0.0981 0.1551 0.0176 0.0811 0.0118 
         237  1 0.0615 0.1213 0.0636 0.1241 0.0617 0.1426 0.1423 0.0453 0.1473 0.0903 
         238  1 0.0245 0.0396 0.0223 0.0387 0.6339 0.0404 0.0411 0.0985 0.0371 0.0240 
         239  1 0.0538 0.1798 0.0950 0.1156 0.0772 0.1405 0.1773 0.0239 0.1264 0.0105 
         240  1 0.0575 0.1429 0.0706 0.1465 0.0317 0.1547 0.1265 0.0154 0.1915 0.0625 
         241  1 0.0757 0.0946 0.0304 0.0805 0.3501 0.0950 0.1013 0.0306 0.0836 0.0580 
         242  1 0.0808 0.0599 0.0156 0.0648 0.5172 0.0407 0.1054 0.0635 0.0445 0.0076 
         243  1 0.0356 0.2040 0.0531 0.1490 0.0332 0.1543 0.1627 0.0178 0.1560 0.0341 
         244  1 0.0695 0.1153 0.1811 0.1391 0.0205 0.1498 0.1369 0.0303 0.1296 0.0279 
         245  1 0.3879 0.1035 0.0609 0.1135 0.0426 0.0887 0.0833 0.0131 0.0822 0.0243 
         246  1 0.0864 0.1171 0.0560 0.1031 0.0609 0.1307 0.1123 0.1090 0.1303 0.0941 
         247  1 0.0454 0.1716 0.1918 0.1215 0.0755 0.0698 0.1919 0.0347 0.0704 0.0274 
         248  1 0.1713 0.0776 0.0249 0.1326 0.2311 0.1183 0.0864 0.0387 0.1081 0.0109 
         249  1 0.0401 0.1268 0.3497 0.0813 0.0569 0.0773 0.1471 0.0122 0.0861 0.0226 
         250  1 0.1006 0.1428 0.0668 0.1308 0.1092 0.1182 0.1322 0.0262 0.1290 0.0442 
         251  1 0.1316 0.1127 0.0825 0.1229 0.0718 0.1208 0.1374 0.1005 0.1112 0.0085 
         252  1 0.0754 0.1114 0.1318 0.1518 0.0281 0.1530 0.1481 0.0281 0.1404 0.0319 
         253  1 0.0698 0.1470 0.0439 0.1289 0.1223 0.1594 0.1526 0.0151 0.1476 0.0134 
         254  1 0.1007 0.1581 0.0287 0.1627 0.0252 0.1525 0.1654 0.0296 0.1669 0.0101 
         255  1 0.0615 0.1295 0.0592 0.1092 0.1522 0.1207 0.1397 0.0774 0.1099 0.0408 
         256  1 0.0279 0.1039 0.0172 0.0975 0.3476 0.1212 0.1567 0.0136 0.1023 0.0121 
         257  1 0.0377 0.0758 0.0143 0.0542 0.6079 0.0449 0.0645 0.0514 0.0408 0.0085 
         258  1 0.1471 0.1200 0.0341 0.1525 0.1481 0.1067 0.1280 0.0282 0.1135 0.0219 
         259  1 0.0840 0.1256 0.0189 0.1675 0.0729 0.1745 0.1542 0.0158 0.1804 0.0063 
         260  1 0.0635 0.2447 0.0198 0.1480 0.0616 0.0937 0.2383 0.0290 0.0854 0.0159 
         261  1 0.0726 0.1697 0.0918 0.1125 0.0228 0.1081 0.1798 0.0731 0.1199 0.0497 
         262  1 0.0356 0.1164 0.0663 0.0544 0.4040 0.0630 0.1038 0.0803 0.0550 0.0212 
         263  1 0.1828 0.0929 0.2002 0.1132 0.0204 0.1252 0.1090 0.0151 0.1157 0.0253 
         264  1 0.0805 0.1675 0.0479 0.1384 0.0775 0.1462 0.1578 0.0325 0.1390 0.0128 
         265  1 0.1059 0.1011 0.0464 0.1095 0.2673 0.0921 0.1087 0.0614 0.0959 0.0116 
         266  1 0.0792 0.1287 0.1497 0.1197 0.0403 0.1328 0.1023 0.0584 0.1121 0.0768 
         267  1 0.1036 0.1788 0.0360 0.1351 0.0345 0.1434 0.1496 0.0178 0.1560 0.0452 
         268  1 0.0363 0.0715 0.0122 0.0587 0.5822 0.0642 0.0723 0.0141 0.0740 0.0144 
         269  1 0.0950 0.1118 0.0265 0.1886 0.1122 0.1600 0.1312 0.0076 0.1540 0.0131 
         270  1 0.0370 0.1405 0.0371 0.0921 0.2998 0.1052 0.1253 0.0319 0.1111 0.0199 
