           1  1 0.4877 0.1886 0.1968 0.1270 
           2  1 0.2320 0.1147 0.1154 0.5378 
           3  1 0.2927 0.2560 0.2306 0.2207 
           4  1 0.0771 0.3783 0.4259 0.1188 
           5  1 0.1446 0.3196 0.3087 0.2271 
           6  1 0.0717 0.4204 0.3660 0.1419 
           7  1 0.5629 0.1351 0.1368 0.1652 
           8  1 0.1566 0.2948 0.3085 0.2401 
           9  1 0.3300 0.2516 0.2240 0.1944 
          10  1 0.1131 0.3410 0.3095 0.2364 
          11  1 0.1145 0.3930 0.3354 0.1570 
          12  1 0.0882 0.4101 0.3510 0.1508 
          13  1 0.3225 0.2391 0.2599 0.1786 
          14  1 0.4278 0.1687 0.1859 0.2175 
          15  1 0.2213 0.1858 0.1939 0.3989 
          16  1 0.3996 0.1200 0.1367 0.3437 
          17  1 0.2103 0.2929 0.2913 0.2055 
          18  1 0.1047 0.2480 0.2235 0.4238 
          19  1 0.1323 0.1992 0.2087 0.4598 
          20  1 0.3871 0.1758 0.1815 0.2556 
          21  1 0.2125 0.2324 0.2564 0.2986 
          22  1 0.3255 0.1692 0.1919 0.3135 
          23  1 0.3774 0.1762 0.1785 0.2678 
          24  1 0.2820 0.2278 0.2266 0.2635 
          25  1 0.2582 0.2916 0.2632 0.1870 
          26  1 0.2805 0.1955 0.1989 0.3251 
          27  1 0.4469 0.1368 0.1515 0.2649 
          28  1 0.1215 0.2697 0.2898 0.3190 
          29  1 0.2327 0.1901 0.1889 0.3883 
          30  1 0.3039 0.1633 0.1686 0.3642 
          31  1 0.4602 0.1762 0.1710 0.1926 
          32  1 0.2381 0.2541 0.2548 0.2530 
          33  1 0.2315 0.2333 0.2241 0.3110 
          34  1 0.2364 0.1492 0.1672 0.4472 
          35  1 0.2467 0.1004 0.1065 0.5464 
          36  1 0.1506 0.1766 0.1967 0.4761 
          37  1 0.1892 0.2732 0.2739 0.2637 
          38  1 0.1624 0.3222 0.3180 0.1974 
          39  1 0.2482 0.1610 0.1762 0.4146 
          40  1 0.1457 0.3807 0.3139 0.1596 
          41  1 0.2053 0.1266 0.1212 0.5470 
          42  1 0.2735 0.1825 0.1798 0.3642 
          43  1 0.3435 0.1356 0.1612 0.3596 
          44  1 0.1261 0.3637 0.3078 0.2024 
          45  1 0.1906 0.2523 0.2724 0.2848 
          46  1 0.2767 0.1596 0.1816 0.3821 
          47  1 0.1067 0.2254 0.2195 0.4484 
          48  1 0.2584 0.2147 0.2117 0.3153 
          49  1 0.1916 0.1455 0.1638 0.4991 
          50  1 0.2181 0.3485 0.3078 0.1257 
          51  1 0.2082 0.2251 0.2508 0.3159 
          52  1 0.2908 0.2149 0.2027 0.2916 
          53  1 0.1066 0.3235 0.3525 0.2174 
          54  1 0.2396 0.2238 0.2363 0.3003 
          55  1 0.1770 0.3155 0.3304 0.1771 
          56  1 0.1004 0.3787 0.3708 0.1500 
          57  1 0.2273 0.2205 0.2096 0.3426 
          58  1 0.1510 0.3201 0.2876 0.2412 
          59  1 0.1120 0.3859 0.3513 0.1508 
          60  1 0.5704 0.1427 0.1654 0.1215 
          61  1 0.1646 0.2972 0.2916 0.2466 
          62  1 0.2858 0.2127 0.2262 0.2753 
          63  1 0.3274 0.1574 0.1642 0.3511 
          64  1 0.4638 0.1394 0.1432 0.2536 
          65  1 0.1715 0.3442 0.3220 0.1623 
          66  1 0.3441 0.1861 0.1705 0.2993 
          67  1 0.2050 0.3243 0.3125 0.1583 
          68  1 0.1419 0.3005 0.3082 0.2495 
          69  1 0.1157 0.2747 0.2885 0.3211 
          70  1 0.1724 0.2391 0.2688 0.3198 
          71  1 0.1614 0.2447 0.2698 0.3241 
          72  1 0.0980 0.3706 0.3620 0.1694 
          73  1 0.3318 0.2262 0.2540 0.1879 
          74  1 0.2114 0.2145 0.2380 0.3361 
          75  1 0.2895 0.1648 0.1835 0.3623 
          76  1 0.2307 0.2543 0.2500 0.2650 
          77  1 0.0803 0.2147 0.2373 0.4676 
          78  1 0.0932 0.3877 0.4220 0.0971 
          79  1 0.2576 0.2912 0.2925 0.1587 
          80  1 0.3870 0.2070 0.2033 0.2026 
          81  1 0.1052 0.2410 0.2556 0.3982 
          82  1 0.4355 0.2091 0.2197 0.1357 
          83  1 0.4327 0.1481 0.1746 0.2446 
          84  1 0.2672 0.1637 0.1945 0.3746 
          85  1 0.1420 0.1475 0.1701 0.5404 
          86  1 0.1043 0.3018 0.2893 0.3045 
          87  1 0.2492 0.3290 0.2951 0.1267 
          88  1 0.2354 0.2568 0.2700 0.2378 
          89  1 0.7300 0.0654 0.0948 0.1099 
          90  1 0.3737 0.2315 0.2190 0.1758 
          91  1 0.1506 0.3552 0.3209 0.1733 
          92  1 0.4091 0.1737 0.1842 0.2330 
          93  1 0.7613 0.0595 0.0867 0.0926 
          94  1 0.3109 0.1997 0.2021 0.2873 
          95  1 0.1416 0.2475 0.2576 0.3532 
          96  1 0.4351 0.1466 0.1684 0.2499 
          97  1 0.0673 0.4480 0.3599 0.1248 
          98  1 0.2022 0.2601 0.2824 0.2553 
          99  1 0.1254 0.3396 0.4085 0.1265 
         100  1 0.1388 0.2769 0.2790 0.3052 
         101  1 0.4420 0.1751 0.2012 0.1817 
         102  1 0.1653 0.2737 0.3108 0.2501 
         103  1 0.2922 0.1215 0.1327 0.4535 
         104  1 0.1932 0.2894 0.2742 0.2432 
         105  1 0.3611 0.1971 0.2221 0.2197 
         106  1 0.5956 0.0876 0.0993 0.2174 
         107  1 0.3336 0.2269 0.2459 0.1936 
         108  1 0.4230 0.2016 0.1991 0.1763 
         109  1 0.1586 0.2612 0.2677 0.3126 
         110  1 0.1797 0.3080 0.2902 0.2221 
         111  1 0.1759 0.1386 0.1413 0.5442 
         112  1 0.3773 0.1878 0.2049 0.2300 
         113  1 0.1600 0.3217 0.3021 0.2162 
         114  1 0.5976 0.0860 0.0985 0.2179 
         115  1 0.1654 0.2697 0.2846 0.2803 
         116  1 0.3164 0.2436 0.2927 0.1473 
         117  1 0.3853 0.2493 0.2296 0.1358 
         118  1 0.1649 0.3126 0.3017 0.2208 
         119  1 0.2720 0.2287 0.2397 0.2596 
         120  1 0.1267 0.3416 0.4079 0.1238 
         121  1 0.1972 0.3127 0.2810 0.2090 
         122  1 0.0843 0.4212 0.3670 0.1275 
         123  1 0.0839 0.3213 0.2903 0.3045 
         124  1 0.1497 0.2585 0.2401 0.3516 
         125  1 0.2788 0.2272 0.2425 0.2515 
         126  1 0.1132 0.3589 0.4048 0.1230 
         127  1 0.0506 0.5127 0.3737 0.0629 
         128  1 0.4821 0.1818 0.1939 0.1421 
         129  1 0.7582 0.0602 0.0875 0.0941 
         130  1 0.7269 0.0791 0.0884 0.1056 
         131  1 0.7339 0.0799 0.0872 0.0990 
         132  1 0.4159 0.1972 0.2104 0.1766 
         133  1 0.1531 0.2797 0.2666 0.3006 
         134  1 0.2755 0.1839 0.1867 0.3539 
         135  1 0.2050 0.2824 0.2944 0.2181 
         136  1 0.1386 0.3428 0.3483 0.1704 
         137  1 0.0545 0.5072 0.3711 0.0673 
         138  1 0.0547 0.5072 0.3713 0.0668 
         139  1 0.3745 0.1627 0.1748 0.2880 
         140  1 0.3178 0.1451 0.1642 0.3729 
         141  1 0.2347 0.2539 0.2504 0.2610 
         142  1 0.2460 0.2013 0.2043 0.3485 
         143  1 0.1597 0.1211 0.1361 0.5831 
         144  1 0.3294 0.2278 0.2287 0.2141 
         145  1 0.1701 0.2278 0.2222 0.3798 
         146  1 0.2582 0.2214 0.2797 0.2407 
         147  1 0.1324 0.3184 0.3067 0.2426 
         148  1 0.2384 0.2509 0.2802 0.2305 
         149  1 0.1967 0.2556 0.2541 0.2935 
         150  1 0.3948 0.1201 0.1387 0.3464 
         151  1 0.1197 0.3405 0.3162 0.2236 
         152  1 0.1592 0.2342 0.2393 0.3673 
         153  1 0.2250 0.1753 0.2058 0.3939 
         154  1 0.1199 0.3609 0.3279 0.1913 
         155  1 0.1734 0.3085 0.2831 0.2350 
         156  1 0.4153 0.1837 0.2106 0.1903 
         157  1 0.4348 0.1292 0.1230 0.3131 
         158  1 0.4271 0.1224 0.1177 0.3328 
         159  1 0.2794 0.2198 0.2147 0.2861 
         160  1 0.1595 0.1558 0.1645 0.5203 
         161  1 0.0910 0.3717 0.3080 0.2293 
         162  1 0.5271 0.1252 0.1312 0.2165 
         163  1 0.1419 0.3271 0.3557 0.1752 
         164  1 0.2720 0.2784 0.3066 0.1430 
         165  1 0.0816 0.4097 0.3560 0.1527 
         166  1 0.2294 0.2691 0.2755 0.2259 
         167  1 0.2013 0.2978 0.2942 0.2067 
         168  1 0.1574 0.3084 0.3117 0.2224 
         169  1 0.3788 0.1193 0.1332 0.3687 
         170  1 0.1292 0.3473 0.3225 0.2010 
         171  1 0.6636 0.0927 0.1060 0.1378 
         172  1 0.1944 0.3257 0.2918 0.1881 
         173  1 0.0900 0.3281 0.3015 0.2804 
         174  1 0.1290 0.2666 0.2808 0.3235 
         175  1 0.0817 0.3395 0.3358 0.2430 
         176  1 0.3567 0.1868 0.1871 0.2693 
         177  1 0.0625 0.4310 0.4164 0.0901 
         178  1 0.2804 0.2452 0.2471 0.2273 
         179  1 0.4724 0.1481 0.1786 0.2009 
         180  1 0.2827 0.2051 0.2505 0.2616 
         181  1 0.3183 0.2869 0.2637 0.1311 
         182  1 0.1918 0.2702 0.2832 0.2548 
         183  1 0.1416 0.2660 0.2465 0.3460 
         184  1 0.1189 0.3843 0.3410 0.1557 
         185  1 0.7210 0.0721 0.0992 0.1077 
         186  1 0.7206 0.0716 0.0995 0.1083 
         187  1 0.1190 0.2035 0.2190 0.4585 
         188  1 0.2944 0.1824 0.2029 0.3203 
         189  1 0.1232 0.3433 0.3409 0.1926 
         190  1 0.1493 0.2755 0.3036 0.2717 
         191  1 0.1269 0.3222 0.3081 0.2427 
         192  1 0.0913 0.3714 0.3048 0.2326 
         193  1 0.1334 0.2966 0.2976 0.2724 
         194  1 0.2594 0.1998 0.1848 0.3560 
         195  1 0.1226 0.2538 0.2729 0.3507 
         196  1 0.5115 0.1286 0.1327 0.2272 
         197  1 0.0978 0.3922 0.3610 0.1490 
         198  1 0.3029 0.2485 0.2284 0.2201 
         199  1 0.3454 0.2427 0.2382 0.1737 
         200  1 0.2758 0.1998 0.2192 0.3052 
         201  1 0.3766 0.1091 0.1306 0.3837 
         202  1 0.1419 0.3095 0.2826 0.2661 
         203  1 0.4516 0.1276 0.1481 0.2726 
         204  1 0.3741 0.1664 0.1686 0.2909 
         205  1 0.2004 0.2961 0.3060 0.1975 
         206  1 0.1466 0.2464 0.2613 0.3458 
         207  1 0.2121 0.3032 0.2816 0.2032 
         208  1 0.2318 0.2087 0.2030 0.3565 
         209  1 0.2181 0.3256 0.3035 0.1528 
         210  1 0.1348 0.3245 0.2743 0.2664 
         211  1 0.2069 0.2663 0.2319 0.2949 
         212  1 0.1208 0.2699 0.2595 0.3499 
         213  1 0.1048 0.1727 0.1878 0.5347 
         214  1 0.2150 0.1771 0.1823 0.4255 
         215  1 0.5801 0.0880 0.1072 0.2247 
         216  1 0.1050 0.3907 0.3974 0.1070 
         217  1 0.3315 0.2434 0.2354 0.1896 
         218  1 0.3129 0.1401 0.1642 0.3828 
         219  1 0.3764 0.2056 0.2013 0.2168 
         220  1 0.2632 0.2304 0.2176 0.2888 
         221  1 0.3263 0.2419 0.2353 0.1964 
         222  1 0.4675 0.1543 0.1560 0.2222 
         223  1 0.2391 0.2593 0.2541 0.2475 
         224  1 0.1290 0.3450 0.3187 0.2073 
         225  1 0.1723 0.1697 0.1704 0.4876 
         226  1 0.0911 0.4632 0.3618 0.0839 
         227  1 0.2051 0.0970 0.1085 0.5894 
         228  1 0.3977 0.1735 0.1957 0.2331 
         229  1 0.2064 0.2437 0.2729 0.2770 
         230  1 0.2992 0.2481 0.2406 0.2121 
         231  1 0.1926 0.2886 0.2815 0.2374 
         232  1 0.3500 0.1778 0.2009 0.2713 
         233  1 0.0653 0.4376 0.4026 0.0945 
         234  1 0.4318 0.1892 0.2192 0.1598 
         235  1 0.1040 0.2717 0.2330 0.3913 
         236  1 0.1078 0.3612 0.3747 0.1563 
         237  1 0.3027 0.2207 0.2354 0.2413 
         238  1 0.1062 0.3768 0.3805 0.1365 
         239  1 0.2070 0.2656 0.2921 0.2353 
         240  1 0.3839 0.1440 0.1525 0.3196 
         241  1 0.2474 0.2816 0.3024 0.1686 
         242  1 0.0657 0.4310 0.4013 0.1019 
         243  1 0.2859 0.1520 0.1790 0.3830 
         244  1 0.2918 0.1880 0.1860 0.3342 
         245  1 0.2392 0.2896 0.2838 0.1874 
         246  1 0.3012 0.2326 0.2307 0.2355 
         247  1 0.3228 0.2647 0.2584 0.1541 
         248  1 0.0785 0.4033 0.3610 0.1572 
         249  1 0.4150 0.1909 0.2045 0.1897 
         250  1 0.3760 0.2134 0.2259 0.1847 
         251  1 0.1497 0.3499 0.3130 0.1875 
         252  1 0.3221 0.2125 0.2276 0.2378 
         253  1 0.1845 0.2688 0.2973 0.2494 
         254  1 0.1686 0.2479 0.2421 0.3414 
         255  1 0.1869 0.3243 0.3197 0.1691 
         256  1 0.0895 0.2926 0.3211 0.2967 
         257  1 0.0733 0.4082 0.4237 0.0948 
         258  1 0.1939 0.3234 0.3176 0.1651 
         259  1 0.1084 0.2521 0.2555 0.3839 
         260  1 0.1595 0.3167 0.3244 0.1994 
         261  1 0.3253 0.2354 0.2267 0.2126 
         262  1 0.1952 0.3157 0.3474 0.1418 
         263  1 0.3504 0.2136 0.2059 0.2301 
         264  1 0.1810 0.2847 0.2937 0.2405 
         265  1 0.1472 0.3652 0.3337 0.1538 
         266  1 0.4422 0.1770 0.1924 0.1884 
         267  1 0.3047 0.2083 0.2208 0.2662 
         268  1 0.1268 0.2835 0.3263 0.2634 
         269  1 0.1281 0.2186 0.2572 0.3961 
         270  1 0.1811 0.2660 0.2978 0.2551 
