           1  1 0.0919 0.0891 0.0874 0.0782 0.1153 0.0904 0.3674 0.0802 
           2  1 0.3189 0.0248 0.0811 0.0873 0.1065 0.2238 0.0723 0.0853 
           3  1 0.0943 0.0636 0.0590 0.3400 0.2402 0.0916 0.0487 0.0626 
           4  1 0.0250 0.8588 0.0225 0.0191 0.0180 0.0240 0.0137 0.0190 
           5  1 0.1454 0.0700 0.2052 0.0509 0.0793 0.1624 0.0333 0.2534 
           6  1 0.0589 0.2750 0.0966 0.3832 0.0227 0.0664 0.0215 0.0757 
           7  1 0.0955 0.0222 0.0793 0.1031 0.1454 0.0895 0.3789 0.0861 
           8  1 0.1571 0.2708 0.1509 0.0351 0.0480 0.1463 0.0616 0.1303 
           9  1 0.0926 0.0261 0.1524 0.1313 0.3434 0.0941 0.0536 0.1065 
          10  1 0.1024 0.0235 0.2237 0.0748 0.0392 0.1693 0.0239 0.3432 
          11  1 0.0455 0.0510 0.0458 0.7073 0.0583 0.0403 0.0171 0.0348 
          12  1 0.0815 0.3008 0.0818 0.3189 0.0341 0.0856 0.0230 0.0743 
          13  1 0.1251 0.2944 0.0736 0.0524 0.0957 0.1070 0.1838 0.0680 
          14  1 0.1450 0.0414 0.1939 0.0642 0.1071 0.1352 0.1767 0.1366 
          15  1 0.1733 0.0329 0.2393 0.0507 0.0872 0.1964 0.0474 0.1727 
          16  1 0.1351 0.0454 0.0569 0.0413 0.0413 0.1119 0.5099 0.0581 
          17  1 0.1570 0.1833 0.1163 0.1216 0.0844 0.1530 0.0686 0.1158 
          18  1 0.2605 0.0758 0.0909 0.1671 0.0371 0.2262 0.0478 0.0945 
          19  1 0.2308 0.0494 0.1651 0.0221 0.1240 0.2195 0.0149 0.1742 
          20  1 0.1437 0.0603 0.1035 0.0527 0.3405 0.1295 0.0461 0.1237 
          21  1 0.1904 0.2205 0.0915 0.0415 0.0921 0.1702 0.0674 0.1264 
          22  1 0.1954 0.1040 0.1084 0.0236 0.0924 0.1749 0.1916 0.1098 
          23  1 0.1399 0.0503 0.1031 0.0833 0.0723 0.1412 0.2999 0.1100 
          24  1 0.1827 0.0747 0.1299 0.0511 0.0579 0.1703 0.1694 0.1640 
          25  1 0.1463 0.0942 0.1140 0.1528 0.1284 0.1427 0.0746 0.1471 
          26  1 0.1517 0.0362 0.1875 0.0211 0.1589 0.1817 0.0415 0.2214 
          27  1 0.1183 0.0254 0.2423 0.0605 0.1561 0.1092 0.1553 0.1328 
          28  1 0.2024 0.2174 0.1267 0.0369 0.0688 0.1847 0.0254 0.1377 
          29  1 0.2037 0.0341 0.2103 0.0430 0.1258 0.1946 0.0426 0.1459 
          30  1 0.2651 0.0622 0.0944 0.0497 0.1077 0.2108 0.0782 0.1319 
          31  1 0.1163 0.0406 0.0806 0.1264 0.3572 0.1056 0.0878 0.0856 
          32  1 0.1449 0.0705 0.2117 0.0879 0.1718 0.1477 0.0284 0.1370 
          33  1 0.1953 0.0623 0.1224 0.1302 0.1103 0.1924 0.0416 0.1454 
          34  1 0.2528 0.0539 0.1232 0.0655 0.1339 0.2106 0.0514 0.1087 
          35  1 0.3329 0.0282 0.0504 0.0314 0.1407 0.2520 0.0561 0.1082 
          36  1 0.2979 0.0576 0.1622 0.0574 0.0403 0.2320 0.0425 0.1102 
          37  1 0.1946 0.1329 0.1815 0.0726 0.0457 0.1708 0.0637 0.1382 
          38  1 0.1189 0.1488 0.1650 0.2100 0.0570 0.1098 0.0727 0.1179 
          39  1 0.2420 0.0455 0.1225 0.0559 0.1633 0.2049 0.0422 0.1237 
          40  1 0.0590 0.0332 0.0440 0.6734 0.0605 0.0543 0.0241 0.0515 
          41  1 0.3121 0.0168 0.0778 0.0681 0.1144 0.2481 0.0513 0.1112 
          42  1 0.2251 0.0229 0.1294 0.0500 0.1145 0.2390 0.0540 0.1650 
          43  1 0.2120 0.0766 0.1181 0.0173 0.1119 0.2052 0.0951 0.1637 
          44  1 0.1102 0.0392 0.1671 0.1464 0.1026 0.1543 0.0215 0.2586 
          45  1 0.2047 0.1208 0.1348 0.0568 0.0961 0.1926 0.0526 0.1415 
          46  1 0.2313 0.0696 0.0993 0.0313 0.0567 0.1787 0.2275 0.1056 
          47  1 0.2148 0.0246 0.1740 0.0831 0.0608 0.2229 0.0263 0.1936 
          48  1 0.1672 0.0711 0.1403 0.0734 0.0842 0.1622 0.1118 0.1899 
          49  1 0.2610 0.0600 0.0987 0.0300 0.0362 0.2446 0.1475 0.1221 
          50  1 0.0451 0.0290 0.2349 0.0615 0.0650 0.1373 0.0454 0.3817 
          51  1 0.1398 0.4338 0.0719 0.0338 0.0569 0.1219 0.0657 0.0761 
          52  1 0.1776 0.0623 0.0958 0.1662 0.1499 0.1576 0.0831 0.1074 
          53  1 0.1241 0.5074 0.0846 0.0210 0.0702 0.1140 0.0177 0.0610 
          54  1 0.2170 0.1275 0.1118 0.0545 0.0948 0.1929 0.0785 0.1232 
          55  1 0.1189 0.4050 0.0872 0.0733 0.0767 0.1173 0.0335 0.0880 
          56  1 0.0894 0.2112 0.0696 0.4245 0.0476 0.0738 0.0236 0.0602 
          57  1 0.2300 0.0471 0.1333 0.0815 0.0583 0.2248 0.0883 0.1366 
          58  1 0.1740 0.1111 0.1252 0.1337 0.0764 0.1731 0.0267 0.1798 
          59  1 0.0772 0.4112 0.1058 0.1318 0.0683 0.0902 0.0304 0.0852 
          60  1 0.0710 0.1407 0.0600 0.0229 0.1673 0.0653 0.4044 0.0685 
          61  1 0.1624 0.0964 0.2344 0.0590 0.0958 0.1618 0.0376 0.1526 
          62  1 0.1876 0.1540 0.1023 0.0318 0.0481 0.1545 0.1912 0.1306 
          63  1 0.1605 0.0471 0.1047 0.0381 0.3242 0.1458 0.0565 0.1231 
          64  1 0.1683 0.0313 0.0777 0.0642 0.0912 0.1623 0.2857 0.1193 
          65  1 0.0942 0.0943 0.0854 0.4726 0.0491 0.0745 0.0517 0.0781 
          66  1 0.1762 0.0239 0.1049 0.1898 0.1207 0.1637 0.1234 0.0974 
          67  1 0.0847 0.2288 0.1396 0.0546 0.1045 0.1317 0.0376 0.2185 
          68  1 0.1531 0.2397 0.1586 0.0597 0.0509 0.1479 0.0454 0.1448 
          69  1 0.1742 0.1056 0.2702 0.0413 0.0349 0.1779 0.0279 0.1679 
          70  1 0.1704 0.1052 0.2634 0.0434 0.0611 0.1576 0.0368 0.1620 
          71  1 0.1889 0.1523 0.1978 0.0260 0.0430 0.1964 0.0560 0.1395 
          72  1 0.1103 0.2748 0.1182 0.2364 0.0399 0.1030 0.0199 0.0975 
          73  1 0.0934 0.0974 0.1646 0.0399 0.3628 0.0933 0.0363 0.1122 
          74  1 0.2133 0.1248 0.1396 0.0333 0.0713 0.1902 0.0817 0.1457 
          75  1 0.2020 0.0773 0.1117 0.0342 0.0521 0.1911 0.2143 0.1174 
          76  1 0.0754 0.0524 0.2518 0.0194 0.0653 0.1592 0.0384 0.3380 
          77  1 0.1962 0.0668 0.3096 0.0232 0.0394 0.1776 0.0134 0.1739 
          78  1 0.0319 0.7855 0.0390 0.0270 0.0341 0.0326 0.0156 0.0344 
          79  1 0.1374 0.1648 0.1520 0.0620 0.0710 0.1528 0.0993 0.1608 
          80  1 0.1333 0.0750 0.1202 0.0488 0.0659 0.1479 0.2520 0.1568 
          81  1 0.1738 0.0645 0.2960 0.0372 0.0347 0.1733 0.0219 0.1986 
          82  1 0.0817 0.1356 0.0993 0.0485 0.1011 0.0961 0.3071 0.1305 
          83  1 0.1376 0.0669 0.1412 0.0202 0.0648 0.1463 0.2455 0.1775 
          84  1 0.2384 0.0632 0.1442 0.0331 0.1110 0.1956 0.0848 0.1297 
          85  1 0.2877 0.0444 0.1789 0.0184 0.0526 0.2405 0.0298 0.1477 
          86  1 0.1877 0.0931 0.1544 0.0920 0.0345 0.1819 0.0272 0.2292 
          87  1 0.0465 0.0355 0.2257 0.0356 0.0678 0.1404 0.0753 0.3732 
          88  1 0.1752 0.1799 0.1376 0.0544 0.1349 0.1529 0.0521 0.1130 
          89  1 0.0126 0.0103 0.0114 0.0094 0.0114 0.0119 0.9214 0.0116 
          90  1 0.1210 0.0285 0.1892 0.0516 0.0959 0.1584 0.1119 0.2435 
          91  1 0.1067 0.1213 0.1735 0.1072 0.0756 0.1508 0.0376 0.2273 
          92  1 0.1797 0.1473 0.0768 0.0508 0.1861 0.1496 0.1103 0.0995 
          93  1 0.0173 0.0130 0.0165 0.0104 0.0203 0.0176 0.8873 0.0176 
          94  1 0.2097 0.0794 0.0955 0.0541 0.1274 0.1787 0.1315 0.1236 
          95  1 0.1651 0.0637 0.3020 0.0403 0.0296 0.1654 0.0530 0.1808 
          96  1 0.0760 0.0228 0.2250 0.0242 0.3978 0.0743 0.0358 0.1442 
          97  1 0.0478 0.0524 0.2005 0.2679 0.0215 0.1183 0.0196 0.2719 
          98  1 0.1229 0.0969 0.2955 0.0211 0.0664 0.1317 0.0747 0.1907 
          99  1 0.0255 0.8409 0.0210 0.0116 0.0197 0.0293 0.0303 0.0216 
         100  1 0.1764 0.0929 0.1036 0.2378 0.1138 0.1446 0.0256 0.1054 
         101  1 0.1042 0.0600 0.1681 0.0718 0.0796 0.1095 0.3009 0.1059 
         102  1 0.1459 0.4363 0.0686 0.0239 0.0958 0.1257 0.0329 0.0710 
         103  1 0.1918 0.0230 0.1183 0.0223 0.3311 0.1612 0.0347 0.1176 
         104  1 0.1315 0.0438 0.2803 0.0633 0.0951 0.1477 0.0426 0.1957 
         105  1 0.1662 0.1294 0.1067 0.0550 0.1271 0.1435 0.1753 0.0967 
         106  1 0.0426 0.0143 0.0448 0.0136 0.7652 0.0468 0.0218 0.0511 
         107  1 0.1708 0.1015 0.1147 0.0696 0.1561 0.1456 0.1271 0.1147 
         108  1 0.1019 0.0341 0.1283 0.0441 0.3788 0.1177 0.0549 0.1402 
         109  1 0.2001 0.1490 0.1001 0.1226 0.1178 0.1786 0.0369 0.0949 
         110  1 0.1655 0.0785 0.1821 0.1104 0.1063 0.1557 0.0557 0.1459 
         111  1 0.2907 0.0406 0.1138 0.0268 0.0304 0.2312 0.1309 0.1357 
         112  1 0.1049 0.0514 0.1652 0.0202 0.0933 0.1500 0.1454 0.2696 
         113  1 0.1383 0.0982 0.1570 0.0922 0.0985 0.1768 0.0326 0.2064 
         114  1 0.0423 0.0145 0.0426 0.0140 0.7715 0.0430 0.0218 0.0503 
         115  1 0.1586 0.2089 0.1328 0.0839 0.1135 0.1434 0.0384 0.1204 
         116  1 0.0974 0.2967 0.0823 0.0241 0.1065 0.0829 0.2353 0.0747 
         117  1 0.0735 0.0537 0.1508 0.0855 0.0815 0.1286 0.1638 0.2628 
         118  1 0.1575 0.1082 0.2227 0.0365 0.1014 0.1652 0.0293 0.1792 
         119  1 0.1281 0.3378 0.0649 0.0463 0.1976 0.0961 0.0539 0.0753 
         120  1 0.0286 0.8390 0.0208 0.0114 0.0202 0.0268 0.0312 0.0221 
         121  1 0.1520 0.0331 0.2085 0.1080 0.1164 0.1589 0.0372 0.1857 
         122  1 0.0883 0.1680 0.1431 0.2674 0.0434 0.1073 0.0176 0.1649 
         123  1 0.1411 0.0336 0.2362 0.0842 0.0264 0.1690 0.0278 0.2816 
         124  1 0.2015 0.0998 0.1448 0.1238 0.0435 0.1952 0.0715 0.1198 
         125  1 0.1489 0.1284 0.1073 0.0272 0.2409 0.1487 0.0335 0.1652 
         126  1 0.0530 0.7085 0.0566 0.0198 0.0420 0.0505 0.0261 0.0435 
         127  1 0.0110 0.0098 0.0117 0.9258 0.0093 0.0114 0.0097 0.0114 
         128  1 0.1052 0.1315 0.0958 0.0399 0.1251 0.1213 0.2664 0.1147 
         129  1 0.0180 0.0130 0.0159 0.0096 0.0200 0.0188 0.8874 0.0172 
         130  1 0.0250 0.0162 0.0319 0.0161 0.8382 0.0239 0.0248 0.0239 
         131  1 0.0206 0.0157 0.0316 0.0170 0.8482 0.0204 0.0245 0.0220 
         132  1 0.0869 0.0419 0.1922 0.0272 0.1705 0.1330 0.1070 0.2414 
         133  1 0.1903 0.0937 0.1556 0.0816 0.0629 0.1885 0.0331 0.1943 
         134  1 0.1363 0.0332 0.1277 0.0313 0.3617 0.1354 0.0280 0.1465 
         135  1 0.0880 0.0815 0.2568 0.0234 0.2017 0.1204 0.0242 0.2040 
         136  1 0.1313 0.2199 0.1543 0.1021 0.0649 0.1562 0.0276 0.1437 
         137  1 0.0114 0.0105 0.0123 0.9220 0.0099 0.0112 0.0107 0.0119 
         138  1 0.0114 0.0105 0.0129 0.9212 0.0096 0.0118 0.0102 0.0123 
         139  1 0.2259 0.0852 0.0822 0.0451 0.1733 0.1622 0.1419 0.0842 
         140  1 0.1707 0.0346 0.2561 0.0198 0.0749 0.1544 0.1308 0.1588 
         141  1 0.1409 0.0334 0.2034 0.0456 0.1837 0.1582 0.0256 0.2091 
         142  1 0.2465 0.0536 0.1040 0.0373 0.1693 0.2204 0.0372 0.1317 
         143  1 0.3639 0.0374 0.0983 0.0180 0.0509 0.2796 0.0393 0.1127 
         144  1 0.0969 0.0797 0.1754 0.0297 0.0605 0.1380 0.1870 0.2328 
         145  1 0.1406 0.0319 0.2733 0.1422 0.0933 0.1248 0.0415 0.1524 
         146  1 0.1148 0.1997 0.1629 0.0141 0.0292 0.0962 0.2900 0.0930 
         147  1 0.1173 0.0409 0.3753 0.0837 0.0499 0.1196 0.0267 0.1865 
         148  1 0.1189 0.1289 0.2923 0.0412 0.0830 0.1198 0.0643 0.1515 
         149  1 0.1330 0.0539 0.3269 0.0533 0.0567 0.1258 0.0585 0.1920 
         150  1 0.2097 0.1019 0.0968 0.0184 0.1699 0.2006 0.0956 0.1071 
         151  1 0.0944 0.1166 0.1570 0.3214 0.0890 0.0957 0.0324 0.0935 
         152  1 0.1442 0.0465 0.3423 0.0405 0.0508 0.1452 0.0577 0.1728 
         153  1 0.1789 0.0844 0.2017 0.0354 0.1692 0.1594 0.0483 0.1227 
         154  1 0.0875 0.0241 0.2658 0.0534 0.0373 0.1684 0.0287 0.3347 
         155  1 0.1342 0.0390 0.2010 0.1386 0.1742 0.1312 0.0265 0.1553 
         156  1 0.1101 0.0643 0.1683 0.0829 0.0902 0.1168 0.2516 0.1158 
         157  1 0.0775 0.0157 0.0630 0.1834 0.3076 0.0735 0.2053 0.0740 
         158  1 0.0892 0.0157 0.0579 0.1768 0.3107 0.0788 0.2003 0.0708 
         159  1 0.0971 0.0250 0.2140 0.0445 0.3566 0.1011 0.0317 0.1300 
         160  1 0.2636 0.0233 0.1517 0.0400 0.0813 0.2577 0.0298 0.1526 
         161  1 0.0717 0.0312 0.0881 0.5243 0.0580 0.0915 0.0153 0.1199 
         162  1 0.1603 0.0433 0.0717 0.0542 0.1837 0.1403 0.2401 0.1064 
         163  1 0.1012 0.4889 0.0852 0.0666 0.0439 0.1033 0.0475 0.0634 
         164  1 0.0990 0.3065 0.0813 0.0465 0.0724 0.0827 0.2400 0.0716 
         165  1 0.0400 0.0228 0.2712 0.0372 0.0202 0.1611 0.0149 0.4326 
         166  1 0.1278 0.0838 0.2051 0.0387 0.1096 0.1654 0.0505 0.2191 
         167  1 0.0961 0.0945 0.2261 0.0284 0.1909 0.1351 0.0263 0.2024 
         168  1 0.1281 0.2960 0.1261 0.0590 0.1591 0.1147 0.0157 0.1012 
         169  1 0.1496 0.0202 0.1530 0.0337 0.3609 0.1172 0.0348 0.1307 
         170  1 0.0741 0.0883 0.2455 0.0388 0.0333 0.1455 0.0361 0.3383 
         171  1 0.0435 0.0237 0.0600 0.0137 0.6734 0.0503 0.0589 0.0766 
         172  1 0.1104 0.0835 0.0707 0.3632 0.0418 0.0874 0.1685 0.0745 
         173  1 0.1789 0.2126 0.0922 0.2085 0.0355 0.1375 0.0357 0.0991 
         174  1 0.1636 0.0823 0.2746 0.0326 0.1047 0.1481 0.0193 0.1747 
         175  1 0.1561 0.3546 0.1385 0.0766 0.0417 0.1291 0.0172 0.0861 
         176  1 0.1517 0.0331 0.1356 0.0362 0.1000 0.1724 0.1551 0.2159 
         177  1 0.0348 0.6057 0.0855 0.0434 0.0200 0.0658 0.0141 0.1308 
         178  1 0.1194 0.0277 0.1976 0.0640 0.1504 0.1397 0.0645 0.2367 
         179  1 0.1043 0.0629 0.1486 0.0260 0.3112 0.1050 0.1115 0.1305 
         180  1 0.1532 0.2279 0.1344 0.0176 0.1423 0.1339 0.0911 0.0996 
         181  1 0.0716 0.0708 0.0784 0.4089 0.1052 0.0694 0.1120 0.0837 
         182  1 0.1851 0.2008 0.1315 0.0280 0.0832 0.1877 0.0437 0.1399 
         183  1 0.1874 0.0302 0.1695 0.1348 0.1209 0.1929 0.0234 0.1407 
         184  1 0.0409 0.0308 0.2790 0.0304 0.0430 0.1517 0.0247 0.3995 
         185  1 0.0127 0.0112 0.0124 0.0100 0.0114 0.0128 0.9176 0.0118 
         186  1 0.0123 0.0113 0.0123 0.0106 0.0128 0.0127 0.9163 0.0117 
         187  1 0.1713 0.0503 0.3378 0.0267 0.0551 0.1641 0.0237 0.1709 
         188  1 0.1766 0.0364 0.1696 0.0289 0.2092 0.1666 0.0392 0.1735 
         189  1 0.1278 0.1590 0.0964 0.3143 0.0497 0.1140 0.0470 0.0917 
         190  1 0.1748 0.1454 0.1573 0.1322 0.0337 0.1476 0.0851 0.1239 
         191  1 0.1529 0.1065 0.1603 0.1173 0.0899 0.1766 0.0239 0.1726 
         192  1 0.0680 0.0311 0.0900 0.5254 0.0568 0.0951 0.0150 0.1186 
         193  1 0.1910 0.1254 0.1500 0.1145 0.0826 0.1882 0.0268 0.1215 
         194  1 0.1767 0.0382 0.0595 0.2996 0.0787 0.1509 0.1188 0.0776 
         195  1 0.1663 0.1170 0.2106 0.0883 0.0351 0.1689 0.0698 0.1441 
         196  1 0.0600 0.0295 0.0452 0.0412 0.6913 0.0574 0.0259 0.0495 
         197  1 0.0877 0.3567 0.1205 0.1462 0.0302 0.1014 0.0321 0.1251 
         198  1 0.1366 0.0300 0.1495 0.1102 0.0663 0.1555 0.1440 0.2080 
         199  1 0.1193 0.0640 0.1405 0.1793 0.1310 0.1238 0.1292 0.1128 
         200  1 0.1718 0.0845 0.1320 0.0268 0.0437 0.1653 0.1685 0.2073 
         201  1 0.2122 0.0288 0.1744 0.0166 0.1551 0.2026 0.0885 0.1216 
         202  1 0.0834 0.0232 0.2418 0.0349 0.0497 0.1653 0.0250 0.3766 
         203  1 0.0810 0.0323 0.1757 0.0204 0.4536 0.0791 0.0364 0.1215 
         204  1 0.1999 0.0504 0.0969 0.0472 0.1230 0.1819 0.1861 0.1146 
         205  1 0.1339 0.2350 0.1580 0.0806 0.0704 0.1300 0.0776 0.1144 
         206  1 0.2084 0.1700 0.1420 0.0900 0.0514 0.1871 0.0454 0.1057 
         207  1 0.0943 0.0289 0.1385 0.1218 0.3653 0.1022 0.0229 0.1262 
         208  1 0.1712 0.0520 0.0900 0.1171 0.2700 0.1629 0.0314 0.1054 
         209  1 0.0592 0.0340 0.2286 0.0528 0.0479 0.1446 0.0453 0.3876 
         210  1 0.1607 0.0375 0.1527 0.1838 0.0602 0.1880 0.0275 0.1895 
         211  1 0.1103 0.0495 0.0465 0.4375 0.1569 0.0993 0.0410 0.0590 
         212  1 0.1527 0.0409 0.2234 0.0352 0.0314 0.1932 0.0561 0.2671 
         213  1 0.2602 0.1104 0.1598 0.0117 0.0409 0.2211 0.0191 0.1768 
         214  1 0.2106 0.0516 0.0999 0.1146 0.1756 0.1932 0.0409 0.1136 
         215  1 0.0866 0.0195 0.0693 0.0214 0.0482 0.0815 0.6126 0.0609 
         216  1 0.0341 0.7261 0.0279 0.0932 0.0223 0.0331 0.0334 0.0298 
         217  1 0.0976 0.0496 0.1741 0.0499 0.1824 0.1373 0.0561 0.2529 
         218  1 0.2318 0.0369 0.1317 0.0317 0.0943 0.2133 0.1292 0.1311 
         219  1 0.1044 0.0785 0.1185 0.0423 0.3368 0.1205 0.0593 0.1397 
         220  1 0.1758 0.1055 0.0946 0.1184 0.1828 0.1450 0.0754 0.1025 
         221  1 0.1100 0.0591 0.1607 0.0814 0.1092 0.1155 0.2223 0.1418 
         222  1 0.1170 0.0352 0.1120 0.0651 0.2569 0.1150 0.1824 0.1164 
         223  1 0.1057 0.0542 0.1930 0.0304 0.0397 0.1522 0.1689 0.2559 
         224  1 0.0618 0.0274 0.2609 0.0420 0.0738 0.1453 0.0242 0.3647 
         225  1 0.3153 0.0651 0.1047 0.0268 0.0431 0.2540 0.0640 0.1270 
         226  1 0.0294 0.0398 0.0360 0.7568 0.0484 0.0339 0.0153 0.0405 
         227  1 0.3569 0.0302 0.0725 0.0266 0.0542 0.2697 0.0795 0.1105 
         228  1 0.1281 0.0700 0.1699 0.0254 0.2139 0.1263 0.1282 0.1382 
         229  1 0.1563 0.2475 0.0922 0.0420 0.0417 0.1719 0.1432 0.1053 
         230  1 0.1675 0.1694 0.0839 0.0976 0.1781 0.1429 0.0726 0.0880 
         231  1 0.0725 0.0665 0.2378 0.0230 0.0413 0.1591 0.0441 0.3557 
         232  1 0.1594 0.2141 0.0849 0.0228 0.1174 0.1365 0.1638 0.1011 
         233  1 0.0460 0.5600 0.0671 0.1557 0.0218 0.0529 0.0150 0.0814 
         234  1 0.0891 0.1361 0.0778 0.0309 0.4820 0.0854 0.0425 0.0563 
         235  1 0.2684 0.0418 0.0801 0.2067 0.0631 0.2034 0.0208 0.1156 
         236  1 0.1219 0.4031 0.1203 0.0518 0.0481 0.1193 0.0336 0.1020 
         237  1 0.1847 0.0984 0.1125 0.0806 0.0951 0.1635 0.1564 0.1087 
         238  1 0.0562 0.6008 0.0475 0.1216 0.0379 0.0508 0.0412 0.0440 
         239  1 0.1416 0.1671 0.1624 0.0658 0.1769 0.1435 0.0334 0.1092 
         240  1 0.2302 0.0505 0.1108 0.0413 0.1116 0.2039 0.1345 0.1172 
         241  1 0.1044 0.3922 0.0701 0.0575 0.0475 0.1012 0.1407 0.0864 
         242  1 0.0622 0.5431 0.0727 0.1326 0.0275 0.0668 0.0157 0.0794 
         243  1 0.2153 0.0557 0.1610 0.0359 0.1023 0.1962 0.0955 0.1380 
         244  1 0.1629 0.0349 0.1675 0.0670 0.2223 0.1578 0.0523 0.1354 
         245  1 0.0865 0.0609 0.2350 0.0267 0.0918 0.1537 0.0516 0.2938 
         246  1 0.1741 0.0771 0.0846 0.1524 0.0960 0.1483 0.1650 0.1025 
         247  1 0.1104 0.1482 0.1049 0.1094 0.2777 0.0987 0.0602 0.0905 
         248  1 0.1049 0.2152 0.2292 0.0715 0.0378 0.1261 0.0240 0.1913 
         249  1 0.1210 0.0910 0.0915 0.0295 0.4009 0.1153 0.0660 0.0849 
         250  1 0.1438 0.1580 0.0926 0.0653 0.1358 0.1450 0.1399 0.1196 
         251  1 0.1101 0.1009 0.1272 0.2722 0.1076 0.1218 0.0271 0.1331 
         252  1 0.1121 0.0541 0.2585 0.0427 0.1797 0.1109 0.0817 0.1604 
         253  1 0.1961 0.1896 0.1306 0.0336 0.1052 0.1740 0.0376 0.1333 
         254  1 0.2010 0.0504 0.2443 0.0668 0.0670 0.1788 0.0278 0.1640 
         255  1 0.1195 0.2324 0.1096 0.1498 0.0839 0.1199 0.0896 0.0954 
         256  1 0.1684 0.4363 0.0820 0.0416 0.0359 0.1419 0.0258 0.0681 
         257  1 0.0429 0.6589 0.0711 0.0784 0.0308 0.0453 0.0202 0.0523 
         258  1 0.1243 0.2192 0.1593 0.0605 0.0874 0.1447 0.0587 0.1459 
         259  1 0.2319 0.1060 0.1696 0.0421 0.0441 0.2299 0.0188 0.1577 
         260  1 0.1744 0.1641 0.1561 0.1048 0.0542 0.1615 0.0603 0.1247 
         261  1 0.1358 0.0525 0.1086 0.2167 0.1579 0.1158 0.1126 0.1001 
         262  1 0.0827 0.4370 0.0644 0.1397 0.0989 0.0704 0.0516 0.0553 
         263  1 0.1312 0.0331 0.1692 0.0394 0.2265 0.1464 0.0609 0.1930 
         264  1 0.1800 0.1370 0.1706 0.0575 0.0894 0.1780 0.0372 0.1505 
         265  1 0.1198 0.2864 0.1216 0.1171 0.0775 0.1162 0.0282 0.1332 
         266  1 0.1056 0.0674 0.1020 0.0997 0.2401 0.0889 0.2091 0.0872 
         267  1 0.1852 0.0674 0.1688 0.0451 0.0688 0.1878 0.1130 0.1639 
         268  1 0.1006 0.5317 0.0887 0.0348 0.0277 0.1014 0.0437 0.0714 
         269  1 0.1622 0.1536 0.2795 0.0175 0.0506 0.1443 0.0311 0.1613 
         270  1 0.1477 0.3558 0.0868 0.0525 0.0799 0.1349 0.0597 0.0827 
