           1  1 0.1551 0.1341 0.4068 0.3041 
           2  1 0.1129 0.5393 0.1915 0.1563 
           3  1 0.2854 0.2293 0.2643 0.2211 
           4  1 0.2196 0.1230 0.3559 0.3015 
           5  1 0.3205 0.2506 0.1766 0.2522 
           6  1 0.4618 0.1247 0.2079 0.2056 
           7  1 0.1427 0.1696 0.3797 0.3079 
           8  1 0.2238 0.2464 0.2662 0.2636 
           9  1 0.3352 0.1997 0.1992 0.2658 
          10  1 0.4316 0.2651 0.1290 0.1742 
          11  1 0.5356 0.1416 0.1609 0.1619 
          12  1 0.4917 0.1259 0.1953 0.1871 
          13  1 0.1586 0.1826 0.3570 0.3018 
          14  1 0.1579 0.2336 0.2916 0.3169 
          15  1 0.1599 0.4087 0.1907 0.2407 
          16  1 0.0969 0.3128 0.3372 0.2530 
          17  1 0.2884 0.1975 0.2638 0.2503 
          18  1 0.2755 0.4098 0.1594 0.1554 
          19  1 0.1428 0.4793 0.1513 0.2266 
          20  1 0.1731 0.2713 0.2878 0.2679 
          21  1 0.1537 0.3011 0.2829 0.2622 
          22  1 0.1151 0.3386 0.2876 0.2587 
          23  1 0.1578 0.2664 0.2984 0.2774 
          24  1 0.2205 0.2549 0.2841 0.2405 
          25  1 0.3295 0.1853 0.2401 0.2451 
          26  1 0.2331 0.2970 0.1878 0.2821 
          27  1 0.1237 0.2795 0.2864 0.3104 
          28  1 0.1718 0.3233 0.2414 0.2634 
          29  1 0.2240 0.3719 0.1723 0.2318 
          30  1 0.1591 0.3484 0.2564 0.2360 
          31  1 0.2029 0.2078 0.3139 0.2754 
          32  1 0.2387 0.2614 0.2200 0.2799 
          33  1 0.2205 0.3231 0.2339 0.2225 
          34  1 0.1001 0.4412 0.2415 0.2173 
          35  1 0.0906 0.5364 0.2036 0.1694 
          36  1 0.1171 0.4869 0.1903 0.2058 
          37  1 0.2353 0.2766 0.2457 0.2425 
          38  1 0.3552 0.1834 0.2270 0.2344 
          39  1 0.1354 0.3987 0.2123 0.2536 
          40  1 0.5437 0.1637 0.1399 0.1527 
          41  1 0.1585 0.5298 0.1491 0.1626 
          42  1 0.2123 0.3833 0.1910 0.2134 
          43  1 0.1066 0.3732 0.2691 0.2510 
          44  1 0.4982 0.2040 0.1121 0.1858 
          45  1 0.2103 0.2912 0.2315 0.2671 
          46  1 0.1201 0.3975 0.2428 0.2395 
          47  1 0.2717 0.4549 0.1023 0.1711 
          48  1 0.2579 0.2990 0.1880 0.2551 
          49  1 0.1053 0.4994 0.2035 0.1918 
          50  1 0.4573 0.1326 0.2157 0.1944 
          51  1 0.1659 0.2931 0.2756 0.2653 
          52  1 0.2264 0.2836 0.2581 0.2319 
          53  1 0.1925 0.2228 0.2897 0.2950 
          54  1 0.1742 0.2967 0.2647 0.2643 
          55  1 0.2512 0.1784 0.2900 0.2803 
          56  1 0.3373 0.1340 0.2814 0.2473 
          57  1 0.2419 0.3323 0.2142 0.2116 
          58  1 0.3827 0.2337 0.1888 0.1949 
          59  1 0.4522 0.1368 0.2010 0.2099 
          60  1 0.0795 0.1143 0.4662 0.3399 
          61  1 0.2417 0.2533 0.2200 0.2850 
          62  1 0.2096 0.2611 0.2911 0.2382 
          63  1 0.1638 0.3360 0.2261 0.2741 
          64  1 0.1492 0.2658 0.3189 0.2660 
          65  1 0.3551 0.1510 0.2569 0.2370 
          66  1 0.2534 0.2972 0.2237 0.2257 
          67  1 0.3275 0.1628 0.2634 0.2463 
          68  1 0.2553 0.2460 0.2407 0.2580 
          69  1 0.2016 0.3375 0.2074 0.2535 
          70  1 0.1658 0.3161 0.2463 0.2717 
          71  1 0.1618 0.3212 0.2487 0.2683 
          72  1 0.3324 0.1601 0.2615 0.2460 
          73  1 0.1362 0.2083 0.3207 0.3349 
          74  1 0.1302 0.3349 0.2681 0.2668 
          75  1 0.1233 0.3560 0.2661 0.2547 
          76  1 0.2493 0.2682 0.2216 0.2610 
          77  1 0.1419 0.4531 0.1644 0.2406 
          78  1 0.2642 0.0954 0.3445 0.2959 
          79  1 0.2444 0.1810 0.3058 0.2688 
          80  1 0.1915 0.2101 0.3262 0.2722 
          81  1 0.1687 0.4106 0.1855 0.2352 
          82  1 0.1802 0.1349 0.3915 0.2933 
          83  1 0.1232 0.2400 0.3502 0.2865 
          84  1 0.0963 0.4024 0.2626 0.2387 
          85  1 0.1017 0.5418 0.1581 0.1983 
          86  1 0.2790 0.3225 0.1981 0.2004 
          87  1 0.4380 0.1245 0.2412 0.1963 
          88  1 0.1867 0.2497 0.2722 0.2913 
          89  1 0.0530 0.0905 0.5056 0.3509 
          90  1 0.2511 0.2079 0.2677 0.2732 
          91  1 0.4275 0.1816 0.1717 0.2192 
          92  1 0.1606 0.2067 0.3415 0.2912 
          93  1 0.0484 0.0918 0.5042 0.3556 
          94  1 0.1713 0.2864 0.2960 0.2463 
          95  1 0.2479 0.3362 0.1612 0.2547 
          96  1 0.1344 0.2495 0.2474 0.3687 
          97  1 0.6260 0.1282 0.0995 0.1463 
          98  1 0.1979 0.2636 0.2357 0.3029 
          99  1 0.1492 0.1234 0.4157 0.3117 
         100  1 0.2009 0.3213 0.2478 0.2300 
         101  1 0.1257 0.2087 0.3755 0.2900 
         102  1 0.1215 0.2720 0.3179 0.2886 
         103  1 0.1367 0.4212 0.1915 0.2506 
         104  1 0.3062 0.2526 0.1746 0.2666 
         105  1 0.1351 0.2267 0.3562 0.2819 
         106  1 0.0829 0.2309 0.3037 0.3826 
         107  1 0.1520 0.1950 0.3742 0.2788 
         108  1 0.2433 0.1764 0.2787 0.3016 
         109  1 0.2089 0.3247 0.2395 0.2269 
         110  1 0.3855 0.2188 0.1521 0.2437 
         111  1 0.1282 0.5214 0.1692 0.1812 
         112  1 0.1581 0.2243 0.3542 0.2634 
         113  1 0.3942 0.2264 0.1839 0.1954 
         114  1 0.0852 0.2286 0.3056 0.3806 
         115  1 0.2666 0.2639 0.2334 0.2361 
         116  1 0.1049 0.1538 0.4289 0.3124 
         117  1 0.2856 0.1287 0.3323 0.2534 
         118  1 0.2847 0.2519 0.2036 0.2598 
         119  1 0.1912 0.2497 0.2960 0.2631 
         120  1 0.1491 0.1258 0.4129 0.3122 
         121  1 0.4139 0.2122 0.1463 0.2275 
         122  1 0.4899 0.1220 0.1843 0.2039 
         123  1 0.4336 0.2735 0.0948 0.1981 
         124  1 0.3294 0.3184 0.1777 0.1745 
         125  1 0.1775 0.2378 0.3160 0.2687 
         126  1 0.1904 0.1365 0.3524 0.3207 
         127  1 0.8409 0.0547 0.0498 0.0546 
         128  1 0.1499 0.1479 0.3999 0.3022 
         129  1 0.0475 0.0929 0.5024 0.3572 
         130  1 0.0614 0.1197 0.4363 0.3825 
         131  1 0.0645 0.1105 0.4419 0.3831 
         132  1 0.2291 0.1817 0.2904 0.2988 
         133  1 0.3144 0.2943 0.1642 0.2270 
         134  1 0.2061 0.3272 0.1922 0.2745 
         135  1 0.2908 0.2082 0.1869 0.3141 
         136  1 0.2719 0.1867 0.2738 0.2676 
         137  1 0.8270 0.0594 0.0547 0.0589 
         138  1 0.8275 0.0582 0.0553 0.0590 
         139  1 0.1303 0.2956 0.2953 0.2788 
         140  1 0.1367 0.3584 0.2101 0.2948 
         141  1 0.2889 0.2589 0.1681 0.2841 
         142  1 0.2036 0.3432 0.2217 0.2315 
         143  1 0.0830 0.6023 0.1562 0.1585 
         144  1 0.2274 0.2156 0.2858 0.2713 
         145  1 0.2481 0.3847 0.1379 0.2292 
         146  1 0.0705 0.2604 0.3726 0.2964 
         147  1 0.3428 0.2522 0.1550 0.2499 
         148  1 0.1698 0.2533 0.2649 0.3120 
         149  1 0.2669 0.2877 0.1856 0.2598 
         150  1 0.0907 0.3269 0.2963 0.2862 
         151  1 0.3956 0.1987 0.1943 0.2114 
         152  1 0.2501 0.3332 0.1588 0.2579 
         153  1 0.1467 0.3981 0.2011 0.2540 
         154  1 0.4924 0.1927 0.0970 0.2178 
         155  1 0.3933 0.2369 0.1357 0.2341 
         156  1 0.1481 0.2217 0.3437 0.2865 
         157  1 0.1531 0.2989 0.3107 0.2373 
         158  1 0.1434 0.3011 0.3185 0.2370 
         159  1 0.2721 0.2643 0.1711 0.2925 
         160  1 0.1799 0.5054 0.1201 0.1947 
         161  1 0.5622 0.2272 0.0958 0.1147 
         162  1 0.1142 0.2207 0.3770 0.2881 
         163  1 0.2299 0.1750 0.3105 0.2846 
         164  1 0.1683 0.1445 0.3957 0.2915 
         165  1 0.5598 0.1696 0.0931 0.1775 
         166  1 0.2976 0.2257 0.2030 0.2737 
         167  1 0.3473 0.1957 0.1733 0.2837 
         168  1 0.2121 0.2394 0.2612 0.2873 
         169  1 0.1123 0.3595 0.2233 0.3050 
         170  1 0.4651 0.1990 0.1227 0.2132 
         171  1 0.0768 0.1347 0.4315 0.3569 
         172  1 0.4043 0.1823 0.2183 0.1951 
         173  1 0.4234 0.2478 0.1599 0.1689 
         174  1 0.1859 0.3512 0.1990 0.2639 
         175  1 0.3354 0.2288 0.2050 0.2307 
         176  1 0.2001 0.2525 0.2808 0.2666 
         177  1 0.4416 0.0839 0.2407 0.2338 
         178  1 0.3056 0.2342 0.1937 0.2664 
         179  1 0.1050 0.1982 0.3474 0.3494 
         180  1 0.1026 0.2770 0.3164 0.3041 
         181  1 0.3006 0.1357 0.3124 0.2514 
         182  1 0.1843 0.2736 0.2667 0.2754 
         183  1 0.3598 0.3372 0.1069 0.1961 
         184  1 0.5084 0.1573 0.1046 0.2297 
         185  1 0.0583 0.0875 0.5050 0.3493 
         186  1 0.0572 0.0888 0.5026 0.3513 
         187  1 0.1594 0.4352 0.1595 0.2459 
         188  1 0.1343 0.3476 0.2472 0.2709 
         189  1 0.2989 0.1807 0.2706 0.2499 
         190  1 0.1726 0.2707 0.2826 0.2740 
         191  1 0.3435 0.2612 0.1979 0.1974 
         192  1 0.5653 0.2262 0.0946 0.1139 
         193  1 0.2437 0.2799 0.2258 0.2507 
         194  1 0.2310 0.3333 0.2318 0.2039 
         195  1 0.2246 0.3331 0.2105 0.2318 
         196  1 0.1367 0.2124 0.3318 0.3191 
         197  1 0.4021 0.1454 0.2327 0.2198 
         198  1 0.2846 0.2487 0.2259 0.2407 
         199  1 0.2122 0.1897 0.3133 0.2848 
         200  1 0.1515 0.3023 0.3046 0.2415 
         201  1 0.0798 0.3925 0.2493 0.2784 
         202  1 0.3907 0.2762 0.1241 0.2091 
         203  1 0.1025 0.2667 0.2669 0.3639 
         204  1 0.1496 0.2885 0.3252 0.2367 
         205  1 0.2314 0.2055 0.2715 0.2916 
         206  1 0.2055 0.3410 0.2342 0.2192 
         207  1 0.3889 0.2125 0.1498 0.2488 
         208  1 0.2532 0.3468 0.1812 0.2188 
         209  1 0.4037 0.1676 0.2326 0.1961 
         210  1 0.4364 0.2796 0.1263 0.1577 
         211  1 0.3985 0.2613 0.1724 0.1678 
         212  1 0.3249 0.3514 0.1402 0.1835 
         213  1 0.1462 0.5047 0.1373 0.2119 
         214  1 0.1723 0.4209 0.2093 0.1975 
         215  1 0.0693 0.2201 0.4147 0.2959 
         216  1 0.3477 0.0929 0.3037 0.2557 
         217  1 0.2670 0.2083 0.2425 0.2821 
         218  1 0.0962 0.3875 0.2808 0.2355 
         219  1 0.2242 0.2090 0.2846 0.2821 
         220  1 0.2599 0.2742 0.2446 0.2213 
         221  1 0.2771 0.1995 0.2631 0.2603 
         222  1 0.1529 0.2129 0.3666 0.2676 
         223  1 0.2994 0.2379 0.2087 0.2541 
         224  1 0.4375 0.2082 0.1155 0.2388 
         225  1 0.1555 0.4898 0.1714 0.1834 
         226  1 0.7218 0.0846 0.0902 0.1034 
         227  1 0.0934 0.5815 0.1603 0.1648 
         228  1 0.1316 0.2332 0.2895 0.3457 
         229  1 0.1607 0.2704 0.3194 0.2495 
         230  1 0.2469 0.2161 0.2784 0.2586 
         231  1 0.3529 0.2384 0.1679 0.2407 
         232  1 0.1278 0.2651 0.3194 0.2877 
         233  1 0.4860 0.0851 0.2241 0.2048 
         234  1 0.1038 0.1670 0.4032 0.3259 
         235  1 0.3572 0.3818 0.1267 0.1342 
         236  1 0.2732 0.1709 0.2873 0.2686 
         237  1 0.1795 0.2389 0.3140 0.2675 
         238  1 0.3472 0.1271 0.2776 0.2481 
         239  1 0.1791 0.2670 0.2930 0.2609 
         240  1 0.1291 0.3267 0.2878 0.2563 
         241  1 0.1943 0.1674 0.3669 0.2714 
         242  1 0.3840 0.0966 0.2753 0.2441 
         243  1 0.1053 0.4046 0.2478 0.2423 
         244  1 0.1908 0.3244 0.1937 0.2911 
         245  1 0.2996 0.1926 0.2278 0.2801 
         246  1 0.2718 0.2444 0.2586 0.2252 
         247  1 0.2569 0.1567 0.2915 0.2950 
         248  1 0.4609 0.1616 0.1473 0.2302 
         249  1 0.1341 0.2058 0.3421 0.3180 
         250  1 0.1423 0.1829 0.3845 0.2903 
         251  1 0.4322 0.1852 0.1811 0.2015 
         252  1 0.1893 0.2422 0.2454 0.3231 
         253  1 0.1590 0.2860 0.2932 0.2618 
         254  1 0.2192 0.3643 0.1917 0.2249 
         255  1 0.2964 0.1697 0.2665 0.2674 
         256  1 0.1822 0.3098 0.2502 0.2578 
         257  1 0.3157 0.0873 0.3199 0.2772 
         258  1 0.2960 0.1751 0.2889 0.2400 
         259  1 0.1811 0.4046 0.1873 0.2270 
         260  1 0.2531 0.2042 0.2859 0.2569 
         261  1 0.2209 0.2186 0.3028 0.2577 
         262  1 0.2394 0.1328 0.3388 0.2890 
         263  1 0.2434 0.2322 0.2311 0.2933 
         264  1 0.2338 0.2546 0.2393 0.2722 
         265  1 0.3988 0.1642 0.2158 0.2213 
         266  1 0.1430 0.1886 0.3812 0.2872 
         267  1 0.1850 0.2829 0.2770 0.2552 
         268  1 0.1821 0.2559 0.2997 0.2623 
         269  1 0.1233 0.3687 0.2249 0.2832 
         270  1 0.1590 0.2618 0.3087 0.2705 
