           1  1 0.0459 0.2079 0.0791 0.1113 0.1927 0.0339 0.0583 0.0995 0.0847 0.0867 
           2  1 0.0322 0.0188 0.2349 0.1184 0.1086 0.0445 0.0122 0.1015 0.2391 0.0900 
           3  1 0.0889 0.0139 0.0655 0.0750 0.0746 0.3173 0.0429 0.1938 0.0646 0.0634 
           4  1 0.0089 0.0057 0.0111 0.0108 0.0102 0.0091 0.9138 0.0094 0.0105 0.0104 
           5  1 0.2034 0.0144 0.1277 0.1603 0.0982 0.0256 0.0356 0.0868 0.1230 0.1250 
           6  1 0.0454 0.0084 0.0598 0.0872 0.0854 0.1862 0.3203 0.0346 0.0615 0.1113 
           7  1 0.0922 0.2481 0.1128 0.0784 0.0860 0.0589 0.0120 0.1295 0.1037 0.0784 
           8  1 0.0434 0.0277 0.1245 0.1234 0.1387 0.0131 0.1836 0.0640 0.1310 0.1507 
           9  1 0.1880 0.0208 0.0785 0.0791 0.1026 0.0831 0.0139 0.2111 0.0787 0.1443 
          10  1 0.3112 0.0110 0.0809 0.1931 0.0758 0.0388 0.0133 0.0696 0.0774 0.1289 
          11  1 0.0529 0.0071 0.0480 0.0688 0.0967 0.5180 0.0520 0.0580 0.0484 0.0500 
          12  1 0.0345 0.0091 0.0783 0.0993 0.0783 0.1620 0.2906 0.0405 0.0742 0.1332 
          13  1 0.0408 0.1067 0.1103 0.1034 0.1044 0.0258 0.2496 0.0692 0.1109 0.0789 
          14  1 0.0543 0.0619 0.1492 0.1290 0.1434 0.0298 0.0238 0.0848 0.1415 0.1823 
          15  1 0.0485 0.0161 0.1561 0.1375 0.1501 0.0229 0.0164 0.0815 0.1562 0.2148 
          16  1 0.0223 0.4593 0.1118 0.0595 0.0725 0.0218 0.0368 0.0484 0.1231 0.0444 
          17  1 0.0444 0.0236 0.1150 0.1583 0.1884 0.0305 0.1035 0.0768 0.1184 0.1411 
          18  1 0.0213 0.0164 0.2222 0.1178 0.1021 0.1290 0.0432 0.0681 0.2132 0.0667 
          19  1 0.0591 0.0058 0.1831 0.1580 0.1319 0.0098 0.0270 0.0946 0.1884 0.1423 
          20  1 0.1692 0.0140 0.1250 0.1153 0.0974 0.0266 0.0376 0.1927 0.1205 0.1017 
          21  1 0.0727 0.0274 0.1609 0.1254 0.1067 0.0131 0.1657 0.0823 0.1537 0.0920 
          22  1 0.0311 0.0792 0.1603 0.1184 0.1295 0.0094 0.0597 0.1061 0.1626 0.1437 
          23  1 0.0594 0.1146 0.1493 0.1446 0.1513 0.0278 0.0296 0.0747 0.1405 0.1083 
          24  1 0.0895 0.0800 0.1612 0.1444 0.1270 0.0192 0.0393 0.0780 0.1657 0.0955 
          25  1 0.1109 0.0246 0.1363 0.1435 0.1237 0.0683 0.0592 0.1029 0.1368 0.0937 
          26  1 0.2036 0.0119 0.1485 0.1604 0.0879 0.0089 0.0199 0.1176 0.1419 0.0994 
          27  1 0.0490 0.0812 0.1011 0.1100 0.1848 0.0278 0.0142 0.0812 0.1128 0.2379 
          28  1 0.0505 0.0080 0.1811 0.1238 0.1439 0.0111 0.1408 0.0721 0.1690 0.0996 
          29  1 0.0609 0.0176 0.1731 0.1193 0.1345 0.0225 0.0197 0.0881 0.1784 0.1859 
          30  1 0.0966 0.0321 0.2374 0.0992 0.0831 0.0240 0.0359 0.0888 0.2361 0.0667 
          31  1 0.1560 0.0234 0.0971 0.0600 0.0684 0.1006 0.0288 0.2940 0.0998 0.0719 
          32  1 0.0734 0.0103 0.1504 0.1266 0.1442 0.0470 0.0417 0.0997 0.1479 0.1590 
          33  1 0.0542 0.0093 0.1389 0.1763 0.2090 0.0373 0.0338 0.0838 0.1345 0.1227 
          34  1 0.0382 0.0148 0.2018 0.1001 0.1267 0.0282 0.0269 0.1421 0.1932 0.1281 
          35  1 0.0554 0.0194 0.2524 0.1221 0.0729 0.0174 0.0167 0.1167 0.2633 0.0635 
          36  1 0.0148 0.0153 0.2091 0.1158 0.1824 0.0205 0.0302 0.0749 0.2169 0.1200 
          37  1 0.0504 0.0191 0.1639 0.1521 0.1344 0.0301 0.0772 0.0689 0.1644 0.1394 
          38  1 0.0485 0.0291 0.1198 0.0948 0.1405 0.1499 0.1083 0.0626 0.1068 0.1399 
          39  1 0.0708 0.0174 0.2008 0.1298 0.1680 0.0176 0.0246 0.0997 0.1822 0.0891 
          40  1 0.0513 0.0094 0.0635 0.0545 0.0520 0.5919 0.0242 0.0498 0.0556 0.0477 
          41  1 0.0522 0.0184 0.2414 0.1319 0.0953 0.0366 0.0084 0.1128 0.2354 0.0674 
          42  1 0.0796 0.0146 0.2104 0.1439 0.1230 0.0258 0.0131 0.0971 0.1995 0.0929 
          43  1 0.0888 0.0330 0.1825 0.1565 0.1018 0.0074 0.0478 0.1112 0.1793 0.0917 
          44  1 0.2508 0.0080 0.0961 0.1541 0.0612 0.1193 0.0311 0.1003 0.0995 0.0795 
          45  1 0.0646 0.0211 0.1791 0.1485 0.1366 0.0218 0.0753 0.0802 0.1841 0.0888 
          46  1 0.0263 0.1633 0.1766 0.1364 0.1129 0.0137 0.0372 0.0660 0.1779 0.0897 
          47  1 0.0649 0.0102 0.1470 0.2087 0.1283 0.0356 0.0110 0.0712 0.1495 0.1735 
          48  1 0.2021 0.0707 0.1593 0.1325 0.0636 0.0358 0.0484 0.0703 0.1323 0.0850 
          49  1 0.0224 0.0980 0.2042 0.1310 0.1142 0.0130 0.0347 0.0717 0.2243 0.0866 
          50  1 0.4825 0.0169 0.0314 0.1778 0.0214 0.0287 0.0187 0.0948 0.0350 0.0928 
          51  1 0.0319 0.0229 0.1132 0.0727 0.0606 0.0150 0.4604 0.0594 0.1087 0.0553 
          52  1 0.0862 0.0375 0.1431 0.1169 0.0851 0.0882 0.0369 0.1101 0.1434 0.1526 
          53  1 0.0329 0.0073 0.0962 0.0785 0.0716 0.0081 0.4657 0.0488 0.1039 0.0871 
          54  1 0.0477 0.0289 0.1721 0.1431 0.1686 0.0173 0.0653 0.0800 0.1754 0.1015 
          55  1 0.0526 0.0098 0.1002 0.0877 0.1059 0.0248 0.3679 0.0580 0.1027 0.0904 
          56  1 0.0187 0.0069 0.0653 0.1156 0.2361 0.1522 0.1779 0.0409 0.0688 0.1177 
          57  1 0.0611 0.0367 0.1693 0.1513 0.1335 0.0200 0.0186 0.0728 0.1694 0.1673 
          58  1 0.1340 0.0080 0.1137 0.1890 0.1408 0.0468 0.0556 0.0653 0.1171 0.1298 
          59  1 0.0532 0.0156 0.0611 0.0766 0.0747 0.0665 0.4492 0.0509 0.0674 0.0847 
          60  1 0.0791 0.2825 0.0597 0.0673 0.0745 0.0101 0.1309 0.1869 0.0572 0.0517 
          61  1 0.0693 0.0145 0.1387 0.1244 0.1856 0.0274 0.0557 0.0681 0.1424 0.1739 
          62  1 0.0896 0.1260 0.1630 0.1043 0.0772 0.0181 0.1212 0.0826 0.1503 0.0677 
          63  1 0.2495 0.0262 0.1177 0.0921 0.0815 0.0194 0.0325 0.2015 0.1180 0.0616 
          64  1 0.0730 0.1183 0.1760 0.1357 0.0896 0.0372 0.0199 0.0923 0.1817 0.0762 
          65  1 0.0249 0.0152 0.0440 0.1779 0.2991 0.2042 0.0414 0.0430 0.0510 0.0994 
          66  1 0.0534 0.0337 0.1540 0.1517 0.1305 0.0969 0.0126 0.1046 0.1456 0.1169 
          67  1 0.2248 0.0147 0.0912 0.1358 0.0594 0.0277 0.1710 0.0917 0.0885 0.0952 
          68  1 0.0680 0.0199 0.1419 0.1218 0.1309 0.0204 0.1678 0.0751 0.1332 0.1210 
          69  1 0.0233 0.0112 0.1374 0.1291 0.2040 0.0166 0.0617 0.0626 0.1298 0.2242 
          70  1 0.0314 0.0131 0.1350 0.1142 0.1613 0.0183 0.0636 0.0783 0.1471 0.2378 
          71  1 0.0398 0.0148 0.1599 0.1433 0.1427 0.0089 0.0826 0.0725 0.1598 0.1757 
          72  1 0.0337 0.0070 0.0925 0.1296 0.2378 0.0801 0.1943 0.0400 0.0961 0.0889 
          73  1 0.1132 0.0134 0.0845 0.0941 0.2001 0.0153 0.0576 0.1836 0.0749 0.1633 
          74  1 0.0342 0.0326 0.1614 0.1281 0.1528 0.0117 0.0661 0.0896 0.1849 0.1386 
          75  1 0.0359 0.1169 0.1642 0.1225 0.1198 0.0152 0.0488 0.0952 0.1742 0.1075 
          76  1 0.3781 0.0181 0.0669 0.1811 0.0522 0.0083 0.0311 0.1056 0.0633 0.0952 
          77  1 0.0239 0.0052 0.1433 0.1297 0.1987 0.0101 0.0385 0.0730 0.1554 0.2221 
          78  1 0.0174 0.0066 0.0177 0.0290 0.0305 0.0134 0.8244 0.0169 0.0192 0.0249 
          79  1 0.0940 0.0323 0.1236 0.1472 0.1455 0.0223 0.0898 0.0744 0.1192 0.1517 
          80  1 0.1244 0.0928 0.1373 0.1502 0.1035 0.0203 0.0407 0.0895 0.1445 0.0967 
          81  1 0.0462 0.0074 0.1501 0.1391 0.1696 0.0149 0.0317 0.0630 0.1367 0.2412 
          82  1 0.1336 0.2326 0.0850 0.0905 0.0838 0.0266 0.1148 0.0826 0.0853 0.0651 
          83  1 0.1391 0.1426 0.1428 0.1212 0.0873 0.0094 0.0418 0.0864 0.1333 0.0962 
          84  1 0.0303 0.0209 0.1786 0.1232 0.1912 0.0124 0.0312 0.0906 0.1825 0.1391 
          85  1 0.0254 0.0115 0.2210 0.1408 0.1440 0.0087 0.0267 0.0782 0.2161 0.1274 
          86  1 0.1448 0.0087 0.1206 0.1789 0.1664 0.0325 0.0457 0.0725 0.1332 0.0965 
          87  1 0.4591 0.0339 0.0367 0.1732 0.0204 0.0262 0.0258 0.1006 0.0346 0.0894 
          88  1 0.0646 0.0241 0.1377 0.1030 0.1378 0.0180 0.1460 0.1007 0.1409 0.1271 
          89  1 0.0046 0.9590 0.0046 0.0047 0.0047 0.0042 0.0041 0.0045 0.0048 0.0048 
          90  1 0.1794 0.0366 0.1212 0.1604 0.1284 0.0235 0.0132 0.0940 0.1211 0.1222 
          91  1 0.2060 0.0199 0.0985 0.1531 0.0805 0.0664 0.0914 0.0761 0.0981 0.1100 
          92  1 0.0925 0.0320 0.1630 0.1204 0.1119 0.0179 0.0998 0.1329 0.1647 0.0649 
          93  1 0.0100 0.9011 0.0103 0.0091 0.0099 0.0057 0.0076 0.0208 0.0093 0.0163 
          94  1 0.0522 0.0442 0.1669 0.1575 0.1787 0.0168 0.0393 0.1091 0.1538 0.0814 
          95  1 0.0807 0.0220 0.1508 0.1307 0.1569 0.0177 0.0387 0.0714 0.1429 0.1882 
          96  1 0.1821 0.0150 0.0740 0.0749 0.1354 0.0101 0.0118 0.2136 0.0786 0.2046 
          97  1 0.3116 0.0089 0.0336 0.1892 0.0465 0.1366 0.0307 0.0359 0.0343 0.1725 
          98  1 0.0984 0.0470 0.1017 0.1248 0.1332 0.0091 0.0707 0.0904 0.1093 0.2156 
          99  1 0.0113 0.0149 0.0116 0.0105 0.0112 0.0051 0.9012 0.0105 0.0117 0.0120 
         100  1 0.0239 0.0054 0.1161 0.1451 0.2428 0.0680 0.0651 0.0883 0.1087 0.1366 
         101  1 0.0187 0.1173 0.0888 0.1142 0.2336 0.0233 0.0302 0.0605 0.0952 0.2182 
         102  1 0.0337 0.0107 0.1353 0.0841 0.0874 0.0107 0.3603 0.0808 0.1206 0.0762 
         103  1 0.1896 0.0123 0.1480 0.1034 0.1001 0.0105 0.0124 0.1829 0.1488 0.0920 
         104  1 0.1001 0.0156 0.1243 0.1277 0.1600 0.0321 0.0292 0.0842 0.1184 0.2084 
         105  1 0.0521 0.0624 0.1675 0.1108 0.1368 0.0255 0.0801 0.0937 0.1670 0.1042 
         106  1 0.3704 0.0088 0.0199 0.0258 0.0151 0.0062 0.0077 0.5060 0.0237 0.0164 
         107  1 0.0411 0.0429 0.1463 0.1336 0.1822 0.0260 0.0503 0.0937 0.1499 0.1341 
         108  1 0.2299 0.0257 0.0979 0.1066 0.0817 0.0243 0.0229 0.2152 0.1114 0.0844 
         109  1 0.0327 0.0134 0.1669 0.1568 0.1640 0.0443 0.0727 0.0742 0.1572 0.1179 
         110  1 0.0960 0.0342 0.1373 0.1174 0.1152 0.0832 0.0554 0.0866 0.1559 0.1189 
         111  1 0.0710 0.0676 0.2110 0.1618 0.1163 0.0124 0.0255 0.0669 0.1852 0.0823 
         112  1 0.2861 0.0560 0.0882 0.1525 0.0684 0.0091 0.0296 0.1163 0.0968 0.0969 
         113  1 0.1548 0.0141 0.1285 0.1329 0.0894 0.0722 0.0716 0.0999 0.1371 0.0994 
         114  1 0.3754 0.0088 0.0192 0.0245 0.0165 0.0063 0.0070 0.5078 0.0187 0.0157 
         115  1 0.0713 0.0170 0.1384 0.0937 0.1059 0.0427 0.1702 0.0947 0.1372 0.1290 
         116  1 0.0289 0.0972 0.0888 0.0989 0.1423 0.0100 0.2628 0.0776 0.0786 0.1150 
         117  1 0.3096 0.0608 0.0756 0.1537 0.0473 0.0489 0.0376 0.1041 0.0702 0.0923 
         118  1 0.0859 0.0093 0.1393 0.1357 0.1561 0.0197 0.0737 0.0862 0.1367 0.1575 
         119  1 0.0993 0.0186 0.0937 0.0619 0.0563 0.0196 0.3337 0.1684 0.0992 0.0493 
         120  1 0.0108 0.0160 0.0115 0.0108 0.0115 0.0054 0.9011 0.0105 0.0122 0.0103 
         121  1 0.1590 0.0163 0.1261 0.1379 0.1042 0.0725 0.0231 0.0975 0.1317 0.1317 
         122  1 0.1082 0.0068 0.0738 0.1545 0.1342 0.1164 0.1345 0.0462 0.0786 0.1467 
         123  1 0.2535 0.0137 0.1088 0.1809 0.0710 0.0337 0.0162 0.0448 0.1021 0.1753 
         124  1 0.0450 0.0280 0.1800 0.1102 0.1084 0.0618 0.0593 0.0644 0.1717 0.1713 
         125  1 0.1429 0.0112 0.1235 0.1299 0.1007 0.0106 0.0867 0.1704 0.1311 0.0930 
         126  1 0.0170 0.0111 0.0367 0.0495 0.0859 0.0064 0.6872 0.0290 0.0334 0.0437 
         127  1 0.0049 0.0041 0.0052 0.0053 0.0050 0.9560 0.0047 0.0044 0.0052 0.0053 
         128  1 0.1014 0.0999 0.1120 0.1258 0.1017 0.0185 0.1119 0.1031 0.1169 0.1087 
         129  1 0.0104 0.9021 0.0098 0.0100 0.0097 0.0058 0.0081 0.0185 0.0099 0.0159 
         130  1 0.3736 0.0099 0.0123 0.0109 0.0119 0.0075 0.0074 0.5431 0.0111 0.0122 
         131  1 0.3768 0.0107 0.0098 0.0096 0.0102 0.0079 0.0076 0.5462 0.0107 0.0105 
         132  1 0.2838 0.0525 0.0846 0.1491 0.0810 0.0117 0.0257 0.1431 0.0816 0.0870 
         133  1 0.1226 0.0123 0.1601 0.1523 0.0995 0.0357 0.0771 0.0762 0.1620 0.1024 
         134  1 0.2834 0.0121 0.1098 0.0931 0.0788 0.0193 0.0254 0.2099 0.1016 0.0666 
         135  1 0.1887 0.0113 0.1009 0.1098 0.1006 0.0137 0.0594 0.1528 0.1005 0.1622 
         136  1 0.0574 0.0096 0.1008 0.1721 0.1974 0.0282 0.1098 0.0559 0.1103 0.1587 
         137  1 0.0049 0.0042 0.0052 0.0055 0.0055 0.9534 0.0051 0.0047 0.0057 0.0056 
         138  1 0.0051 0.0042 0.0053 0.0054 0.0061 0.9526 0.0051 0.0050 0.0055 0.0057 
         139  1 0.0895 0.0933 0.1955 0.0874 0.0780 0.0195 0.0644 0.1188 0.1872 0.0663 
         140  1 0.0486 0.0677 0.1437 0.0992 0.1615 0.0097 0.0196 0.0906 0.1439 0.2155 
         141  1 0.1836 0.0089 0.1407 0.1297 0.1139 0.0215 0.0183 0.1251 0.1309 0.1274 
         142  1 0.0798 0.0130 0.2164 0.1280 0.1101 0.0186 0.0280 0.1068 0.2190 0.0803 
         143  1 0.0242 0.0127 0.2681 0.1265 0.1142 0.0082 0.0187 0.0694 0.2771 0.0809 
         144  1 0.2322 0.0836 0.1044 0.1463 0.0835 0.0125 0.0571 0.0806 0.1000 0.0997 
         145  1 0.0328 0.0176 0.1154 0.1320 0.1825 0.0915 0.0174 0.0682 0.1043 0.2384 
         146  1 0.0164 0.1920 0.1063 0.1003 0.1279 0.0064 0.1658 0.0593 0.0941 0.1315 
         147  1 0.0491 0.0103 0.0895 0.1088 0.1867 0.0435 0.0200 0.0767 0.0833 0.3321 
         148  1 0.0258 0.0245 0.1088 0.1089 0.2075 0.0170 0.0682 0.0683 0.1062 0.2650 
         149  1 0.0816 0.0228 0.1111 0.1115 0.1732 0.0297 0.0353 0.0694 0.0996 0.2658 
         150  1 0.0898 0.0370 0.2014 0.1046 0.1045 0.0075 0.0786 0.1128 0.1890 0.0747 
         151  1 0.0354 0.0131 0.0880 0.0839 0.1588 0.1721 0.0707 0.0611 0.0855 0.2315 
         152  1 0.0403 0.0307 0.1121 0.1110 0.1997 0.0204 0.0293 0.0693 0.1156 0.2716 
         153  1 0.0646 0.0258 0.1514 0.1110 0.1376 0.0157 0.0471 0.0917 0.1547 0.2005 
         154  1 0.3841 0.0127 0.0702 0.1934 0.0534 0.0314 0.0118 0.0546 0.0687 0.1198 
         155  1 0.1075 0.0097 0.1182 0.1085 0.1311 0.1209 0.0235 0.1096 0.1327 0.1383 
         156  1 0.0217 0.0743 0.0970 0.1156 0.2327 0.0290 0.0345 0.0725 0.0945 0.2284 
         157  1 0.1263 0.0298 0.0421 0.0479 0.0566 0.1810 0.0097 0.3638 0.0507 0.0922 
         158  1 0.1315 0.0289 0.0522 0.0432 0.0514 0.1722 0.0079 0.3684 0.0554 0.0887 
         159  1 0.2000 0.0139 0.0629 0.0930 0.1221 0.0259 0.0144 0.2054 0.0721 0.1903 
         160  1 0.0607 0.0116 0.2352 0.1247 0.1218 0.0202 0.0126 0.1018 0.2121 0.0993 
         161  1 0.0828 0.0062 0.0340 0.1709 0.0445 0.3802 0.0149 0.0318 0.0384 0.1963 
         162  1 0.1004 0.0849 0.1574 0.1330 0.0951 0.0223 0.0316 0.1478 0.1528 0.0747 
         163  1 0.0204 0.0214 0.0815 0.0794 0.1016 0.0281 0.4518 0.0416 0.0800 0.0942 
         164  1 0.0286 0.1985 0.0738 0.0782 0.1185 0.0208 0.2720 0.0585 0.0765 0.0746 
         165  1 0.4701 0.0056 0.0289 0.2183 0.0242 0.0225 0.0108 0.0477 0.0250 0.1467 
         166  1 0.1964 0.0203 0.1279 0.1385 0.0991 0.0191 0.0574 0.1026 0.1400 0.0987 
         167  1 0.2671 0.0140 0.0849 0.1294 0.0819 0.0120 0.0905 0.1164 0.0890 0.1147 
         168  1 0.0728 0.0056 0.1051 0.0896 0.1185 0.0187 0.2493 0.1059 0.1152 0.1193 
         169  1 0.1679 0.0129 0.1262 0.0849 0.1184 0.0130 0.0100 0.2123 0.1298 0.1248 
         170  1 0.3619 0.0176 0.0458 0.2054 0.0388 0.0146 0.0581 0.0442 0.0520 0.1615 
         171  1 0.3168 0.0338 0.0244 0.0317 0.0189 0.0064 0.0126 0.4985 0.0286 0.0284 
         172  1 0.0391 0.1337 0.1129 0.0904 0.0932 0.2703 0.0563 0.0493 0.0954 0.0594 
         173  1 0.0459 0.0124 0.1461 0.1103 0.0746 0.0987 0.2166 0.0430 0.1546 0.0978 
         174  1 0.0545 0.0060 0.1304 0.1325 0.1546 0.0140 0.0549 0.1082 0.1242 0.2206 
         175  1 0.0405 0.0066 0.1269 0.0805 0.0801 0.0383 0.3415 0.0462 0.1244 0.1150 
         176  1 0.2220 0.0877 0.1425 0.1472 0.0756 0.0159 0.0208 0.0969 0.1263 0.0650 
         177  1 0.0880 0.0060 0.0251 0.0514 0.0305 0.0228 0.6900 0.0188 0.0235 0.0438 
         178  1 0.2385 0.0318 0.1181 0.1572 0.0782 0.0389 0.0159 0.1017 0.0986 0.1211 
         179  1 0.1844 0.0330 0.0996 0.0962 0.0947 0.0099 0.0345 0.2311 0.0940 0.1226 
         180  1 0.0602 0.0480 0.1339 0.0890 0.1210 0.0072 0.1543 0.0917 0.1332 0.1615 
         181  1 0.0575 0.0403 0.0593 0.1219 0.1960 0.2251 0.0453 0.0859 0.0594 0.1092 
         182  1 0.0738 0.0151 0.1647 0.1167 0.1454 0.0116 0.1068 0.0730 0.1868 0.1063 
         183  1 0.0685 0.0109 0.1634 0.1168 0.1307 0.1148 0.0176 0.0942 0.1697 0.1134 
         184  1 0.4438 0.0109 0.0326 0.2176 0.0344 0.0163 0.0161 0.0548 0.0315 0.1419 
         185  1 0.0049 0.9577 0.0047 0.0048 0.0050 0.0041 0.0047 0.0046 0.0047 0.0048 
         186  1 0.0048 0.9575 0.0048 0.0048 0.0050 0.0043 0.0045 0.0048 0.0048 0.0049 
         187  1 0.0230 0.0098 0.1315 0.1074 0.1958 0.0131 0.0354 0.0795 0.1292 0.2752 
         188  1 0.1107 0.0105 0.1402 0.1161 0.1382 0.0124 0.0199 0.1399 0.1590 0.1530 
         189  1 0.0202 0.0178 0.0806 0.1575 0.2959 0.1247 0.0817 0.0406 0.0810 0.0998 
         190  1 0.0140 0.0358 0.0985 0.1798 0.3238 0.0425 0.0728 0.0479 0.0905 0.0944 
         191  1 0.1063 0.0081 0.1365 0.1529 0.1533 0.0538 0.0636 0.0804 0.1276 0.1175 
         192  1 0.0833 0.0060 0.0353 0.1726 0.0437 0.3772 0.0143 0.0336 0.0366 0.1975 
         193  1 0.0436 0.0102 0.1561 0.1504 0.1721 0.0354 0.0698 0.0844 0.1487 0.1292 
         194  1 0.0356 0.0499 0.1535 0.1266 0.1578 0.1460 0.0211 0.0800 0.1480 0.0814 
         195  1 0.0215 0.0276 0.1101 0.1297 0.2170 0.0183 0.0547 0.0514 0.1207 0.2491 
         196  1 0.3308 0.0093 0.0310 0.0282 0.0206 0.0147 0.0166 0.4962 0.0265 0.0260 
         197  1 0.0604 0.0128 0.0720 0.1245 0.0919 0.0735 0.3246 0.0385 0.0685 0.1334 
         198  1 0.1749 0.0663 0.1340 0.1439 0.0923 0.0719 0.0180 0.0735 0.1347 0.0904 
         199  1 0.0812 0.0442 0.1084 0.1157 0.1761 0.0486 0.0299 0.0880 0.1133 0.1946 
         200  1 0.1105 0.0795 0.1564 0.1618 0.0973 0.0126 0.0588 0.0731 0.1558 0.0942 
         201  1 0.0621 0.0404 0.2028 0.1056 0.1291 0.0073 0.0149 0.1276 0.1675 0.1427 
         202  1 0.3830 0.0118 0.0852 0.1819 0.0467 0.0181 0.0139 0.0732 0.0784 0.1078 
         203  1 0.2346 0.0192 0.0735 0.0709 0.0967 0.0100 0.0209 0.2674 0.0797 0.1271 
         204  1 0.0499 0.0473 0.1704 0.1401 0.1359 0.0211 0.0295 0.1171 0.1845 0.1041 
         205  1 0.0459 0.0325 0.1242 0.1094 0.1453 0.0343 0.1800 0.0766 0.1186 0.1333 
         206  1 0.0236 0.0172 0.1493 0.1396 0.1833 0.0277 0.1143 0.0658 0.1573 0.1219 
         207  1 0.2337 0.0110 0.0742 0.0810 0.0614 0.1210 0.0182 0.2219 0.0747 0.1029 
         208  1 0.1202 0.0140 0.1355 0.1300 0.1062 0.0409 0.0249 0.1734 0.1301 0.1247 
         209  1 0.4539 0.0164 0.0389 0.1837 0.0277 0.0280 0.0178 0.0883 0.0471 0.0981 
         210  1 0.1353 0.0098 0.1221 0.1855 0.1009 0.0796 0.0176 0.0709 0.1298 0.1485 
         211  1 0.1027 0.0177 0.1065 0.0675 0.0825 0.3056 0.0393 0.1297 0.1036 0.0448 
         212  1 0.2284 0.0265 0.1332 0.1556 0.0852 0.0170 0.0204 0.0996 0.1250 0.1091 
         213  1 0.1180 0.0085 0.2021 0.1212 0.0831 0.0049 0.1007 0.0745 0.2031 0.0838 
         214  1 0.0823 0.0144 0.1700 0.1429 0.0951 0.0410 0.0336 0.1410 0.1577 0.1220 
         215  1 0.0369 0.4866 0.0890 0.0742 0.0778 0.0120 0.0133 0.0521 0.0959 0.0621 
         216  1 0.0162 0.0132 0.0190 0.0211 0.0181 0.0637 0.7960 0.0151 0.0188 0.0186 
         217  1 0.2862 0.0187 0.0938 0.1519 0.0818 0.0190 0.0335 0.1076 0.0884 0.1189 
         218  1 0.0323 0.0486 0.1840 0.1349 0.1373 0.0120 0.0176 0.1039 0.1867 0.1428 
         219  1 0.2058 0.0244 0.0825 0.0895 0.0664 0.0200 0.0506 0.3020 0.0760 0.0829 
         220  1 0.0916 0.0328 0.1527 0.0962 0.0998 0.0555 0.0786 0.1342 0.1521 0.1065 
         221  1 0.1161 0.0924 0.1112 0.1150 0.1126 0.0481 0.0408 0.1230 0.1079 0.1331 
         222  1 0.1122 0.0388 0.1200 0.0953 0.0878 0.0469 0.0247 0.2634 0.1093 0.1017 
         223  1 0.2480 0.1085 0.0991 0.1585 0.0724 0.0152 0.0289 0.0544 0.0940 0.1210 
         224  1 0.3931 0.0110 0.0590 0.2077 0.0519 0.0200 0.0156 0.0690 0.0570 0.1157 
         225  1 0.0479 0.0247 0.2480 0.1369 0.0976 0.0110 0.0433 0.0733 0.2370 0.0802 
         226  1 0.0449 0.0068 0.0233 0.0247 0.0251 0.7526 0.0305 0.0411 0.0250 0.0259 
         227  1 0.0222 0.0232 0.2540 0.1550 0.1111 0.0100 0.0148 0.0859 0.2431 0.0806 
         228  1 0.1102 0.0742 0.1266 0.1068 0.1369 0.0104 0.0506 0.1161 0.1296 0.1387 
         229  1 0.0420 0.0433 0.1517 0.1183 0.1152 0.0192 0.2140 0.0595 0.1647 0.0721 
         230  1 0.0822 0.0455 0.1433 0.1058 0.0920 0.0356 0.1209 0.1230 0.1548 0.0968 
         231  1 0.3862 0.0155 0.0452 0.2115 0.0386 0.0103 0.0493 0.0504 0.0459 0.1469 
         232  1 0.0650 0.0610 0.1569 0.1026 0.0894 0.0111 0.1619 0.1113 0.1601 0.0806 
         233  1 0.0387 0.0065 0.0292 0.0811 0.1108 0.0579 0.5543 0.0289 0.0302 0.0625 
         234  1 0.1997 0.0141 0.0700 0.0649 0.0730 0.0133 0.0955 0.3250 0.0715 0.0728 
         235  1 0.0632 0.0081 0.2183 0.1215 0.1223 0.1026 0.0214 0.0690 0.2101 0.0634 
         236  1 0.0331 0.0120 0.0849 0.1227 0.1995 0.0171 0.2697 0.0467 0.0945 0.1199 
         237  1 0.0557 0.0893 0.1623 0.1187 0.1042 0.0420 0.0558 0.1024 0.1667 0.1029 
         238  1 0.0240 0.0251 0.0400 0.0344 0.0357 0.0923 0.6474 0.0270 0.0402 0.0339 
         239  1 0.0464 0.0095 0.1096 0.1304 0.1956 0.0211 0.0843 0.1142 0.1195 0.1694 
         240  1 0.0541 0.0595 0.2143 0.1331 0.1239 0.0150 0.0263 0.0954 0.1962 0.0823 
         241  1 0.0488 0.0538 0.1156 0.0872 0.0869 0.0291 0.3492 0.0526 0.1079 0.0688 
         242  1 0.0388 0.0076 0.0489 0.0773 0.1137 0.0578 0.5149 0.0308 0.0475 0.0627 
         243  1 0.0303 0.0333 0.1862 0.1386 0.1731 0.0142 0.0300 0.0924 0.1754 0.1266 
         244  1 0.1127 0.0277 0.1371 0.1098 0.1088 0.0263 0.0208 0.1591 0.1518 0.1459 
         245  1 0.3281 0.0244 0.0751 0.1599 0.0735 0.0128 0.0370 0.1202 0.0773 0.0917 
         246  1 0.0844 0.0910 0.1480 0.1072 0.0899 0.0997 0.0522 0.0794 0.1671 0.0810 
         247  1 0.0972 0.0257 0.0735 0.1469 0.2756 0.0319 0.0719 0.1044 0.0678 0.1051 
         248  1 0.1143 0.0115 0.0931 0.1127 0.1086 0.0373 0.2223 0.0601 0.0930 0.1472 
         249  1 0.1456 0.0202 0.0985 0.1087 0.1587 0.0113 0.0577 0.2369 0.0885 0.0740 
         250  1 0.0661 0.0419 0.1180 0.1737 0.1330 0.0228 0.0973 0.0857 0.1346 0.1269 
         251  1 0.1098 0.0081 0.1122 0.1203 0.1350 0.0935 0.0639 0.0986 0.1175 0.1411 
         252  1 0.0813 0.0296 0.1090 0.1014 0.1576 0.0228 0.0277 0.1567 0.1055 0.2086 
         253  1 0.0465 0.0128 0.1814 0.1376 0.1236 0.0147 0.1161 0.0972 0.1788 0.0912 
         254  1 0.0409 0.0089 0.1405 0.1437 0.2004 0.0272 0.0242 0.0718 0.1276 0.2148 
         255  1 0.0534 0.0385 0.1174 0.1316 0.1453 0.0581 0.1548 0.0674 0.1280 0.1056 
         256  1 0.0182 0.0116 0.1425 0.0822 0.0934 0.0130 0.3487 0.0577 0.1423 0.0905 
         257  1 0.0197 0.0079 0.0283 0.0479 0.0702 0.0436 0.6807 0.0204 0.0271 0.0543 
         258  1 0.0818 0.0215 0.1082 0.1196 0.1311 0.0284 0.1623 0.0832 0.1235 0.1403 
         259  1 0.0479 0.0058 0.1736 0.1433 0.1481 0.0144 0.0643 0.0745 0.1719 0.1563 
         260  1 0.0224 0.0161 0.0827 0.1746 0.3308 0.0235 0.0643 0.0524 0.0809 0.1522 
         261  1 0.0500 0.0495 0.1021 0.1481 0.2163 0.0515 0.0240 0.1120 0.1082 0.1384 
         262  1 0.0422 0.0204 0.0676 0.0798 0.1322 0.0597 0.4102 0.0652 0.0603 0.0624 
         263  1 0.2081 0.0247 0.1060 0.1490 0.0961 0.0129 0.0199 0.1388 0.1161 0.1283 
         264  1 0.0608 0.0114 0.1546 0.1217 0.1611 0.0279 0.0779 0.0829 0.1593 0.1424 
         265  1 0.0910 0.0112 0.1047 0.1071 0.0983 0.0633 0.2708 0.0624 0.1031 0.0881 
         266  1 0.0763 0.0714 0.1033 0.0909 0.1046 0.0422 0.0403 0.2445 0.1002 0.1264 
         267  1 0.0648 0.0434 0.1647 0.1414 0.1457 0.0181 0.0344 0.0834 0.1465 0.1576 
         268  1 0.0218 0.0145 0.0756 0.0557 0.0678 0.0134 0.5675 0.0369 0.0766 0.0703 
         269  1 0.0448 0.0137 0.1360 0.1018 0.1578 0.0073 0.1283 0.0792 0.1392 0.1920 
         270  1 0.0282 0.0186 0.1486 0.0950 0.1192 0.0245 0.2800 0.0631 0.1403 0.0825 
