           1  1 0.0813 0.0810 0.0953 0.0784 0.1095 0.0625 0.0905 0.4016 
           2  1 0.0790 0.2929 0.0983 0.2901 0.0860 0.0517 0.0243 0.0777 
           3  1 0.3390 0.0972 0.1157 0.0958 0.1821 0.0388 0.0734 0.0579 
           4  1 0.0225 0.0254 0.0244 0.0254 0.0209 0.0221 0.8436 0.0158 
           5  1 0.0531 0.1488 0.1320 0.1568 0.0930 0.3076 0.0712 0.0375 
           6  1 0.3987 0.0628 0.0669 0.0642 0.0511 0.0934 0.2382 0.0246 
           7  1 0.1058 0.1003 0.0996 0.1039 0.1181 0.0814 0.0222 0.3688 
           8  1 0.0402 0.1422 0.1307 0.1490 0.0846 0.1183 0.2673 0.0677 
           9  1 0.1481 0.0975 0.2276 0.0879 0.2784 0.0743 0.0292 0.0571 
          10  1 0.0818 0.1126 0.0909 0.0997 0.0833 0.4744 0.0274 0.0300 
          11  1 0.6857 0.0426 0.0605 0.0450 0.0663 0.0298 0.0517 0.0185 
          12  1 0.3369 0.0785 0.0654 0.0732 0.0603 0.0722 0.2875 0.0259 
          13  1 0.0540 0.1059 0.0806 0.1160 0.0922 0.0431 0.3017 0.2066 
          14  1 0.0680 0.1420 0.1993 0.1510 0.1126 0.0912 0.0425 0.1934 
          15  1 0.0506 0.1914 0.2560 0.2038 0.1149 0.0945 0.0358 0.0532 
          16  1 0.0427 0.1367 0.0572 0.1359 0.0437 0.0449 0.0438 0.4951 
          17  1 0.1270 0.1373 0.1122 0.1456 0.1103 0.0843 0.2025 0.0808 
          18  1 0.1783 0.2431 0.0826 0.2657 0.0434 0.0565 0.0790 0.0514 
          19  1 0.0242 0.2275 0.1919 0.2306 0.1233 0.1232 0.0612 0.0181 
          20  1 0.0536 0.1302 0.1560 0.1391 0.2814 0.1187 0.0650 0.0560 
          21  1 0.0472 0.1897 0.0839 0.1861 0.0906 0.1189 0.2127 0.0709 
          22  1 0.0277 0.1674 0.1319 0.1749 0.0974 0.0582 0.1127 0.2298 
          23  1 0.0811 0.1404 0.0953 0.1455 0.0739 0.0949 0.0511 0.3177 
          24  1 0.0541 0.1664 0.0982 0.1717 0.0775 0.1842 0.0697 0.1782 
          25  1 0.1568 0.1387 0.1170 0.1260 0.1274 0.1646 0.0886 0.0808 
          26  1 0.0239 0.1544 0.1539 0.1487 0.1557 0.2744 0.0416 0.0474 
          27  1 0.0620 0.1172 0.2640 0.1161 0.1598 0.0638 0.0285 0.1886 
          28  1 0.0396 0.2150 0.1238 0.2112 0.0830 0.0992 0.2015 0.0267 
          29  1 0.0486 0.2051 0.2157 0.2067 0.1319 0.1080 0.0355 0.0486 
          30  1 0.0502 0.2568 0.0793 0.2567 0.0898 0.1299 0.0596 0.0776 
          31  1 0.1354 0.1141 0.1545 0.1139 0.2678 0.0763 0.0441 0.0940 
          32  1 0.0987 0.1501 0.2395 0.1487 0.1696 0.0896 0.0720 0.0318 
          33  1 0.1414 0.1970 0.1162 0.1866 0.1405 0.0984 0.0697 0.0502 
          34  1 0.0638 0.2479 0.1475 0.2585 0.1100 0.0559 0.0593 0.0570 
          35  1 0.0346 0.3149 0.0772 0.3168 0.1107 0.0547 0.0305 0.0605 
          36  1 0.0583 0.2702 0.1921 0.2491 0.0761 0.0484 0.0573 0.0486 
          37  1 0.0814 0.1634 0.1631 0.1737 0.0794 0.1198 0.1487 0.0703 
          38  1 0.2126 0.1208 0.1460 0.1268 0.0852 0.0830 0.1511 0.0745 
          39  1 0.0564 0.2330 0.1683 0.2253 0.1434 0.0809 0.0445 0.0482 
          40  1 0.6528 0.0580 0.0555 0.0594 0.0609 0.0488 0.0365 0.0281 
          41  1 0.0653 0.3024 0.0959 0.3035 0.1030 0.0521 0.0181 0.0598 
          42  1 0.0573 0.2390 0.1175 0.2312 0.1011 0.1659 0.0263 0.0618 
          43  1 0.0196 0.2239 0.1204 0.2053 0.1077 0.1333 0.0861 0.1037 
          44  1 0.1613 0.1079 0.0868 0.1088 0.1144 0.3530 0.0422 0.0255 
          45  1 0.0589 0.1981 0.1443 0.2030 0.1083 0.1046 0.1254 0.0574 
          46  1 0.0356 0.2212 0.1032 0.2169 0.0618 0.0604 0.0744 0.2265 
          47  1 0.0962 0.2180 0.1611 0.2233 0.0997 0.1450 0.0260 0.0307 
          48  1 0.0807 0.1867 0.0909 0.1885 0.0856 0.1969 0.0581 0.1126 
          49  1 0.0321 0.2785 0.0851 0.2774 0.0447 0.0589 0.0663 0.1570 
          50  1 0.0646 0.0464 0.0543 0.0469 0.1057 0.6094 0.0327 0.0400 
          51  1 0.0361 0.1439 0.0803 0.1485 0.0617 0.0550 0.3988 0.0756 
          52  1 0.1712 0.1654 0.1030 0.1721 0.1462 0.0820 0.0702 0.0898 
          53  1 0.0229 0.1178 0.0740 0.1047 0.0765 0.0608 0.5229 0.0204 
          54  1 0.0548 0.2089 0.1253 0.2221 0.0912 0.0930 0.1165 0.0882 
          55  1 0.0723 0.1069 0.0814 0.1024 0.0852 0.0875 0.4266 0.0378 
          56  1 0.4399 0.0823 0.0888 0.0708 0.0638 0.0380 0.1895 0.0269 
          57  1 0.0824 0.2056 0.1074 0.2136 0.0937 0.1449 0.0436 0.1087 
          58  1 0.1452 0.1556 0.0871 0.1485 0.1016 0.2205 0.1110 0.0305 
          59  1 0.1395 0.0798 0.0831 0.0836 0.0803 0.0881 0.4070 0.0385 
          60  1 0.0236 0.0614 0.0829 0.0610 0.1315 0.0688 0.1325 0.4384 
          61  1 0.0642 0.1521 0.2484 0.1528 0.1091 0.1224 0.1111 0.0400 
          62  1 0.0365 0.1690 0.0683 0.1624 0.0592 0.1404 0.1558 0.2084 
          63  1 0.0424 0.1628 0.1594 0.1643 0.2460 0.1083 0.0544 0.0624 
          64  1 0.0649 0.1587 0.0790 0.1646 0.0826 0.1047 0.0309 0.3144 
          65  1 0.4750 0.0785 0.1069 0.0792 0.0817 0.0552 0.0720 0.0515 
          66  1 0.1968 0.1685 0.1189 0.1701 0.1229 0.0560 0.0262 0.1405 
          67  1 0.0585 0.0797 0.0807 0.0832 0.1122 0.3286 0.2163 0.0409 
          68  1 0.0654 0.1460 0.1283 0.1532 0.0803 0.1586 0.2178 0.0504 
          69  1 0.0445 0.1720 0.2613 0.1759 0.0867 0.1014 0.1239 0.0342 
          70  1 0.0457 0.1782 0.2817 0.1647 0.1020 0.0810 0.1062 0.0405 
          71  1 0.0276 0.1998 0.1678 0.2006 0.0806 0.1073 0.1467 0.0696 
          72  1 0.2424 0.0976 0.1260 0.1097 0.0679 0.0784 0.2554 0.0226 
          73  1 0.0445 0.0958 0.2638 0.0971 0.2917 0.0548 0.1098 0.0425 
          74  1 0.0370 0.2110 0.1515 0.2116 0.0893 0.0788 0.1171 0.1036 
          75  1 0.0375 0.2041 0.0966 0.1949 0.0618 0.0790 0.0784 0.2477 
          76  1 0.0216 0.0785 0.0954 0.0857 0.1005 0.5148 0.0587 0.0447 
          77  1 0.0263 0.2060 0.3029 0.1892 0.0944 0.0955 0.0703 0.0154 
          78  1 0.0307 0.0302 0.0399 0.0313 0.0381 0.0343 0.7777 0.0179 
          79  1 0.0649 0.1222 0.1124 0.1196 0.0917 0.1911 0.1802 0.1180 
          80  1 0.0495 0.1218 0.1003 0.1238 0.0768 0.1895 0.0841 0.2543 
          81  1 0.0398 0.1900 0.2756 0.1780 0.0888 0.1385 0.0659 0.0233 
          82  1 0.0521 0.0840 0.0771 0.0845 0.0974 0.1557 0.1449 0.3043 
          83  1 0.0227 0.1233 0.0830 0.1345 0.0769 0.2185 0.0686 0.2725 
          84  1 0.0344 0.2381 0.1594 0.2275 0.1120 0.0592 0.0690 0.1005 
          85  1 0.0203 0.2663 0.1845 0.2860 0.0821 0.0796 0.0436 0.0376 
          86  1 0.0947 0.1610 0.1028 0.1485 0.0712 0.3049 0.0868 0.0301 
          87  1 0.0372 0.0466 0.0544 0.0481 0.1021 0.6002 0.0354 0.0760 
          88  1 0.0621 0.1683 0.1544 0.1658 0.1257 0.0877 0.1713 0.0646 
          89  1 0.0112 0.0147 0.0134 0.0145 0.0140 0.0139 0.0122 0.9061 
          90  1 0.0546 0.1135 0.1186 0.1114 0.1135 0.3292 0.0284 0.1308 
          91  1 0.1198 0.1244 0.0965 0.1180 0.0932 0.2780 0.1283 0.0418 
          92  1 0.0517 0.1711 0.0960 0.1702 0.1508 0.1018 0.1440 0.1144 
          93  1 0.0117 0.0196 0.0193 0.0198 0.0206 0.0187 0.0148 0.8754 
          94  1 0.0640 0.1862 0.1052 0.1917 0.1146 0.1037 0.0862 0.1484 
          95  1 0.0418 0.1781 0.2406 0.1704 0.0877 0.1611 0.0606 0.0597 
          96  1 0.0280 0.0788 0.3352 0.0743 0.3405 0.0766 0.0248 0.0419 
          97  1 0.2989 0.0456 0.0549 0.0472 0.0853 0.4060 0.0414 0.0206 
          98  1 0.0236 0.1327 0.2628 0.1228 0.1062 0.1669 0.1098 0.0752 
          99  1 0.0135 0.0264 0.0231 0.0277 0.0228 0.0245 0.8278 0.0342 
         100  1 0.2422 0.1643 0.1419 0.1794 0.1195 0.0449 0.0829 0.0248 
         101  1 0.0716 0.1023 0.1498 0.1045 0.1027 0.0371 0.0628 0.3692 
         102  1 0.0258 0.1497 0.0813 0.1421 0.0851 0.0392 0.4375 0.0393 
         103  1 0.0250 0.1853 0.1886 0.1898 0.2607 0.0896 0.0238 0.0372 
         104  1 0.0609 0.1344 0.2546 0.1419 0.1268 0.1858 0.0498 0.0458 
         105  1 0.0531 0.1723 0.1132 0.1700 0.0991 0.0703 0.1356 0.1864 
         106  1 0.0159 0.0396 0.2602 0.0378 0.5800 0.0279 0.0156 0.0231 
         107  1 0.0771 0.1508 0.1287 0.1439 0.1245 0.1004 0.1114 0.1632 
         108  1 0.0517 0.1001 0.1820 0.0974 0.2967 0.1715 0.0371 0.0634 
         109  1 0.1258 0.1910 0.1057 0.2022 0.1194 0.0479 0.1670 0.0409 
         110  1 0.1268 0.1477 0.1725 0.1569 0.1192 0.1330 0.0812 0.0627 
         111  1 0.0302 0.2765 0.0886 0.2771 0.0481 0.1000 0.0467 0.1327 
         112  1 0.0223 0.0896 0.0782 0.0955 0.0902 0.4150 0.0567 0.1523 
         113  1 0.0926 0.1335 0.1159 0.1309 0.1095 0.2777 0.1024 0.0375 
         114  1 0.0162 0.0373 0.2590 0.0378 0.5803 0.0290 0.0164 0.0241 
         115  1 0.0828 0.1584 0.1422 0.1673 0.1114 0.1064 0.1911 0.0404 
         116  1 0.0281 0.0810 0.0841 0.0871 0.0857 0.0508 0.3190 0.2642 
         117  1 0.0833 0.0712 0.0635 0.0705 0.1072 0.4020 0.0551 0.1471 
         118  1 0.0407 0.1363 0.2044 0.1393 0.1161 0.2061 0.1240 0.0331 
         119  1 0.0454 0.1279 0.1083 0.1305 0.1641 0.0714 0.2974 0.0550 
         120  1 0.0132 0.0267 0.0237 0.0271 0.0227 0.0241 0.8268 0.0358 
         121  1 0.1204 0.1365 0.1648 0.1340 0.1398 0.2300 0.0356 0.0389 
         122  1 0.3022 0.0770 0.0951 0.0789 0.0834 0.1775 0.1668 0.0192 
         123  1 0.1016 0.1667 0.0992 0.1674 0.0780 0.3179 0.0360 0.0331 
         124  1 0.1289 0.2081 0.0983 0.1998 0.0716 0.1182 0.0895 0.0856 
         125  1 0.0293 0.1303 0.1167 0.1235 0.1961 0.2387 0.1280 0.0373 
         126  1 0.0217 0.0553 0.0577 0.0512 0.0514 0.0349 0.6981 0.0297 
         127  1 0.9150 0.0131 0.0128 0.0130 0.0111 0.0131 0.0107 0.0112 
         128  1 0.0440 0.0975 0.0875 0.1017 0.1168 0.1228 0.1445 0.2852 
         129  1 0.0108 0.0190 0.0182 0.0205 0.0203 0.0191 0.0144 0.8776 
         130  1 0.0187 0.0231 0.2417 0.0236 0.6299 0.0179 0.0175 0.0275 
         131  1 0.0191 0.0212 0.2436 0.0205 0.6360 0.0177 0.0165 0.0253 
         132  1 0.0333 0.0928 0.1283 0.0866 0.1681 0.3280 0.0442 0.1187 
         133  1 0.0863 0.1831 0.1114 0.1697 0.0855 0.2226 0.1023 0.0390 
         134  1 0.0390 0.1471 0.1971 0.1422 0.2677 0.1350 0.0393 0.0327 
         135  1 0.0268 0.0986 0.2557 0.0983 0.2082 0.1865 0.0976 0.0284 
         136  1 0.1174 0.1278 0.1343 0.1356 0.1073 0.1312 0.2145 0.0319 
         137  1 0.9118 0.0138 0.0131 0.0126 0.0116 0.0133 0.0120 0.0119 
         138  1 0.9113 0.0130 0.0135 0.0132 0.0119 0.0132 0.0120 0.0119 
         139  1 0.0491 0.1930 0.1119 0.2008 0.1526 0.0596 0.0908 0.1422 
         140  1 0.0229 0.1724 0.2322 0.1697 0.1006 0.1238 0.0402 0.1382 
         141  1 0.0476 0.1413 0.1897 0.1476 0.1802 0.2275 0.0355 0.0307 
         142  1 0.0422 0.2377 0.1265 0.2375 0.1408 0.1195 0.0547 0.0411 
         143  1 0.0193 0.3423 0.0966 0.3365 0.0496 0.0700 0.0432 0.0425 
         144  1 0.0319 0.1036 0.0847 0.1033 0.0851 0.3007 0.0831 0.2077 
         145  1 0.1525 0.1394 0.2997 0.1348 0.1165 0.0697 0.0380 0.0493 
         146  1 0.0158 0.1042 0.1509 0.1062 0.0592 0.0548 0.2114 0.2975 
         147  1 0.0915 0.1098 0.3401 0.1193 0.1094 0.1605 0.0393 0.0300 
         148  1 0.0422 0.1291 0.2985 0.1242 0.1184 0.0725 0.1404 0.0747 
         149  1 0.0572 0.1299 0.2734 0.1337 0.1156 0.1698 0.0610 0.0595 
         150  1 0.0204 0.2023 0.1207 0.2041 0.1428 0.0976 0.1007 0.1113 
         151  1 0.3145 0.1126 0.1597 0.1095 0.1081 0.0538 0.1020 0.0398 
         152  1 0.0464 0.1588 0.2937 0.1706 0.1125 0.1099 0.0491 0.0589 
         153  1 0.0432 0.1753 0.2325 0.1886 0.1594 0.0685 0.0794 0.0531 
         154  1 0.0578 0.0978 0.0969 0.0970 0.0956 0.4971 0.0264 0.0316 
         155  1 0.1643 0.1364 0.2324 0.1316 0.1614 0.0956 0.0446 0.0336 
         156  1 0.0851 0.1053 0.1758 0.1053 0.1147 0.0417 0.0676 0.3045 
         157  1 0.1708 0.0964 0.1362 0.0954 0.2428 0.0486 0.0188 0.1911 
         158  1 0.1559 0.1037 0.1277 0.1235 0.2331 0.0516 0.0187 0.1859 
         159  1 0.0490 0.1094 0.2782 0.1009 0.3125 0.0858 0.0286 0.0356 
         160  1 0.0401 0.2989 0.1212 0.2766 0.0795 0.1247 0.0259 0.0332 
         161  1 0.5419 0.0669 0.0563 0.0721 0.1069 0.1078 0.0303 0.0179 
         162  1 0.0546 0.1537 0.0983 0.1486 0.1495 0.0854 0.0445 0.2655 
         163  1 0.0718 0.0907 0.0802 0.0956 0.0591 0.0434 0.5038 0.0554 
         164  1 0.0491 0.0899 0.0815 0.0851 0.0753 0.0585 0.3058 0.2547 
         165  1 0.0460 0.0410 0.0531 0.0405 0.1049 0.6759 0.0216 0.0168 
         166  1 0.0451 0.1437 0.1398 0.1482 0.1208 0.2567 0.0909 0.0547 
         167  1 0.0329 0.1047 0.1663 0.0982 0.1948 0.2711 0.1017 0.0303 
         168  1 0.0672 0.1177 0.1601 0.1207 0.1585 0.0763 0.2816 0.0177 
         169  1 0.0354 0.1421 0.2398 0.1505 0.3065 0.0648 0.0216 0.0393 
         170  1 0.0456 0.0827 0.0734 0.0892 0.1024 0.4754 0.0877 0.0436 
         171  1 0.0160 0.0411 0.1966 0.0408 0.5196 0.0845 0.0271 0.0744 
         172  1 0.3684 0.0976 0.0659 0.0998 0.0516 0.0639 0.0830 0.1698 
         173  1 0.2256 0.1802 0.0703 0.1678 0.0533 0.0822 0.1830 0.0377 
         174  1 0.0348 0.1350 0.2795 0.1477 0.1473 0.1351 0.0981 0.0224 
         175  1 0.0837 0.1443 0.1018 0.1430 0.0603 0.0766 0.3710 0.0192 
         176  1 0.0389 0.1512 0.0749 0.1490 0.1007 0.3016 0.0359 0.1476 
         177  1 0.0524 0.0368 0.0347 0.0335 0.0441 0.1660 0.6167 0.0159 
         178  1 0.0730 0.1282 0.1690 0.1354 0.1569 0.2388 0.0303 0.0684 
         179  1 0.0260 0.1046 0.2034 0.1093 0.2549 0.1310 0.0665 0.1043 
         180  1 0.0193 0.1531 0.1492 0.1526 0.1363 0.0704 0.2261 0.0931 
         181  1 0.4043 0.0651 0.0895 0.0668 0.1076 0.0718 0.0713 0.1236 
         182  1 0.0295 0.1750 0.1228 0.1754 0.0853 0.1379 0.2256 0.0485 
         183  1 0.1500 0.2024 0.1673 0.1961 0.1137 0.1076 0.0347 0.0282 
         184  1 0.0365 0.0506 0.0775 0.0503 0.1195 0.6038 0.0335 0.0283 
         185  1 0.0119 0.0149 0.0148 0.0142 0.0136 0.0143 0.0131 0.9032 
         186  1 0.0119 0.0146 0.0134 0.0146 0.0139 0.0142 0.0135 0.9040 
         187  1 0.0272 0.1716 0.3547 0.1666 0.1087 0.0920 0.0540 0.0252 
         188  1 0.0311 0.1733 0.1975 0.1690 0.1780 0.1642 0.0416 0.0453 
         189  1 0.3295 0.1266 0.1160 0.1208 0.0774 0.0478 0.1287 0.0533 
         190  1 0.1352 0.1661 0.1914 0.1641 0.0850 0.0460 0.1185 0.0937 
         191  1 0.1241 0.1529 0.1363 0.1533 0.0908 0.2039 0.1105 0.0281 
         192  1 0.5374 0.0696 0.0600 0.0703 0.1069 0.1074 0.0301 0.0183 
         193  1 0.1316 0.1839 0.1568 0.1787 0.1139 0.0737 0.1313 0.0300 
         194  1 0.2846 0.1770 0.0795 0.1604 0.0751 0.0438 0.0419 0.1377 
         195  1 0.0908 0.1806 0.1898 0.1901 0.0868 0.0796 0.0923 0.0899 
         196  1 0.0425 0.0545 0.2136 0.0525 0.5341 0.0442 0.0305 0.0281 
         197  1 0.1748 0.0874 0.0731 0.0834 0.0676 0.1319 0.3454 0.0363 
         198  1 0.1086 0.1489 0.0988 0.1372 0.0824 0.2343 0.0343 0.1556 
         199  1 0.1572 0.1274 0.1645 0.1219 0.1351 0.0972 0.0595 0.1372 
         200  1 0.0291 0.1607 0.0804 0.1691 0.0626 0.2195 0.0954 0.1832 
         201  1 0.0181 0.2040 0.2191 0.1992 0.1659 0.0648 0.0296 0.0994 
         202  1 0.0410 0.1007 0.0826 0.0996 0.0885 0.5323 0.0271 0.0281 
         203  1 0.0239 0.0825 0.3062 0.0826 0.3700 0.0585 0.0352 0.0411 
         204  1 0.0503 0.1829 0.1071 0.2015 0.1074 0.1010 0.0563 0.1936 
         205  1 0.0962 0.1429 0.1560 0.1478 0.0851 0.0680 0.2135 0.0906 
         206  1 0.0928 0.2111 0.1432 0.1891 0.0702 0.0661 0.1740 0.0536 
         207  1 0.1349 0.1025 0.2223 0.0934 0.2804 0.1106 0.0310 0.0250 
         208  1 0.1421 0.1623 0.1440 0.1644 0.2454 0.0593 0.0487 0.0338 
         209  1 0.0586 0.0571 0.0550 0.0578 0.0878 0.6033 0.0351 0.0452 
         210  1 0.2077 0.1574 0.0931 0.1494 0.0981 0.2237 0.0356 0.0350 
         211  1 0.4065 0.1142 0.0854 0.1171 0.1373 0.0476 0.0451 0.0468 
         212  1 0.0400 0.1546 0.1107 0.1607 0.0703 0.3597 0.0421 0.0618 
         213  1 0.0133 0.2552 0.0957 0.2309 0.0680 0.2090 0.1054 0.0225 
         214  1 0.1098 0.2144 0.1252 0.2023 0.1648 0.0776 0.0578 0.0482 
         215  1 0.0217 0.0923 0.0679 0.0916 0.0501 0.0543 0.0220 0.6002 
         216  1 0.1022 0.0336 0.0272 0.0341 0.0287 0.0358 0.6988 0.0395 
         217  1 0.0546 0.1011 0.1392 0.1062 0.1708 0.3061 0.0590 0.0630 
         218  1 0.0373 0.2351 0.1455 0.2232 0.0877 0.0954 0.0383 0.1376 
         219  1 0.0460 0.0995 0.1535 0.1022 0.2851 0.1586 0.0846 0.0706 
         220  1 0.1167 0.1680 0.1215 0.1749 0.1415 0.0907 0.0992 0.0874 
         221  1 0.0841 0.1133 0.1489 0.1104 0.1193 0.1440 0.0640 0.2160 
         222  1 0.0623 0.1435 0.1417 0.1381 0.1773 0.1250 0.0421 0.1700 
         223  1 0.0343 0.1053 0.0938 0.1038 0.0879 0.3446 0.0550 0.1752 
         224  1 0.0502 0.0808 0.1106 0.0819 0.1137 0.5014 0.0338 0.0276 
         225  1 0.0300 0.2827 0.0737 0.2954 0.0585 0.1135 0.0738 0.0724 
         226  1 0.7359 0.0318 0.0418 0.0330 0.0505 0.0467 0.0422 0.0181 
         227  1 0.0319 0.3282 0.0865 0.3332 0.0593 0.0376 0.0314 0.0918 
         228  1 0.0294 0.1276 0.2073 0.1272 0.1800 0.1120 0.0778 0.1388 
         229  1 0.0442 0.1652 0.0725 0.1738 0.0565 0.0792 0.2565 0.1522 
         230  1 0.1107 0.1384 0.1104 0.1563 0.1703 0.0716 0.1619 0.0805 
         231  1 0.0288 0.0772 0.0721 0.0770 0.1083 0.5175 0.0698 0.0492 
         232  1 0.0255 0.1546 0.0955 0.1571 0.1069 0.0944 0.1953 0.1706 
         233  1 0.1811 0.0411 0.0437 0.0433 0.0498 0.0942 0.5283 0.0185 
         234  1 0.0315 0.0857 0.1851 0.0830 0.3657 0.0450 0.1543 0.0497 
         235  1 0.2125 0.2450 0.0762 0.2297 0.0682 0.1061 0.0394 0.0228 
         236  1 0.0593 0.1060 0.1053 0.1099 0.0806 0.0871 0.4118 0.0400 
         237  1 0.0855 0.1833 0.1184 0.1828 0.0934 0.0768 0.0961 0.1636 
         238  1 0.1323 0.0559 0.0514 0.0601 0.0421 0.0406 0.5699 0.0478 
         239  1 0.0698 0.1522 0.1805 0.1434 0.1597 0.0637 0.1889 0.0418 
         240  1 0.0441 0.2229 0.1168 0.2302 0.1055 0.0779 0.0468 0.1559 
         241  1 0.0605 0.0999 0.0651 0.1109 0.0518 0.0776 0.3848 0.1494 
         242  1 0.1521 0.0569 0.0558 0.0539 0.0487 0.1006 0.5133 0.0188 
         243  1 0.0387 0.2097 0.1954 0.2197 0.1235 0.0530 0.0568 0.1031 
         244  1 0.0726 0.1621 0.2016 0.1652 0.2164 0.0886 0.0350 0.0584 
         245  1 0.0310 0.0860 0.1139 0.0881 0.1277 0.4313 0.0641 0.0578 
         246  1 0.1606 0.1626 0.0871 0.1571 0.0831 0.0989 0.0712 0.1793 
         247  1 0.1290 0.0845 0.1637 0.0900 0.2645 0.0567 0.1426 0.0688 
         248  1 0.0779 0.0993 0.1578 0.1048 0.0785 0.2158 0.2382 0.0278 
         249  1 0.0328 0.1034 0.1820 0.1103 0.3297 0.0647 0.1049 0.0722 
         250  1 0.0729 0.1361 0.0934 0.1349 0.1262 0.0987 0.1785 0.1593 
         251  1 0.2803 0.1154 0.1284 0.1138 0.1154 0.1316 0.0854 0.0296 
         252  1 0.0496 0.1169 0.2980 0.1176 0.1812 0.0978 0.0570 0.0818 
         253  1 0.0357 0.1887 0.1315 0.1903 0.0992 0.1001 0.2090 0.0455 
         254  1 0.0685 0.1766 0.2454 0.1779 0.1045 0.1370 0.0577 0.0324 
         255  1 0.1530 0.1269 0.1046 0.1225 0.0932 0.0741 0.2298 0.0960 
         256  1 0.0484 0.1733 0.0872 0.1766 0.0457 0.0428 0.3972 0.0289 
         257  1 0.0772 0.0391 0.0622 0.0412 0.0403 0.0481 0.6693 0.0224 
         258  1 0.0647 0.1117 0.1414 0.1101 0.0941 0.1869 0.2236 0.0675 
         259  1 0.0462 0.2292 0.1629 0.2333 0.0788 0.1271 0.1014 0.0211 
         260  1 0.1206 0.1474 0.1610 0.1507 0.1016 0.0758 0.1691 0.0738 
         261  1 0.2336 0.1245 0.1332 0.1178 0.1461 0.0674 0.0482 0.1292 
         262  1 0.1424 0.0684 0.0835 0.0704 0.0994 0.0372 0.4437 0.0550 
         263  1 0.0448 0.1332 0.1573 0.1335 0.2104 0.2235 0.0345 0.0627 
         264  1 0.0643 0.1758 0.1613 0.1704 0.0985 0.1439 0.1383 0.0475 
         265  1 0.1353 0.1061 0.1008 0.1147 0.0917 0.1516 0.2677 0.0321 
         266  1 0.0917 0.1155 0.1442 0.1130 0.1795 0.0795 0.0750 0.2017 
         267  1 0.0501 0.1753 0.1449 0.1744 0.0956 0.1547 0.0632 0.1418 
         268  1 0.0392 0.1152 0.0826 0.1139 0.0456 0.0616 0.4820 0.0598 
         269  1 0.0201 0.1721 0.2338 0.1769 0.1008 0.1028 0.1594 0.0342 
         270  1 0.0561 0.1508 0.1058 0.1533 0.0763 0.0518 0.3343 0.0716 
