           1  1 0.0687 0.0838 0.1006 0.0876 0.0945 0.0766 0.3576 0.1307 
           2  1 0.0817 0.3367 0.0757 0.0216 0.1195 0.1716 0.0577 0.1356 
           3  1 0.3705 0.0824 0.1561 0.0708 0.0757 0.0706 0.0423 0.1317 
           4  1 0.0171 0.0201 0.0180 0.8764 0.0177 0.0194 0.0128 0.0185 
           5  1 0.0431 0.1447 0.0891 0.0672 0.2169 0.2372 0.0308 0.1711 
           6  1 0.3280 0.0610 0.0405 0.3152 0.0840 0.0800 0.0194 0.0719 
           7  1 0.0934 0.1131 0.1331 0.0207 0.0967 0.0975 0.3341 0.1112 
           8  1 0.0319 0.1491 0.0791 0.2755 0.1284 0.1389 0.0529 0.1443 
           9  1 0.1425 0.0956 0.3438 0.0230 0.1405 0.0874 0.0457 0.1215 
          10  1 0.0692 0.1189 0.0570 0.0244 0.2676 0.2448 0.0228 0.1953 
          11  1 0.7050 0.0416 0.0576 0.0520 0.0431 0.0375 0.0148 0.0484 
          12  1 0.3118 0.0747 0.0433 0.3275 0.0744 0.0726 0.0200 0.0758 
          13  1 0.0488 0.1183 0.0949 0.2934 0.0872 0.0825 0.1802 0.0949 
          14  1 0.0548 0.1545 0.1635 0.0395 0.1257 0.1344 0.1657 0.1619 
          15  1 0.0471 0.2126 0.1843 0.0314 0.1322 0.1611 0.0424 0.1890 
          16  1 0.0386 0.1296 0.0518 0.0435 0.0660 0.0888 0.5076 0.0741 
          17  1 0.1213 0.1460 0.0821 0.1949 0.1358 0.1218 0.0657 0.1324 
          18  1 0.1815 0.2638 0.0499 0.0830 0.1133 0.1580 0.0410 0.1095 
          19  1 0.0203 0.2378 0.1674 0.0470 0.1623 0.1712 0.0136 0.1805 
          20  1 0.0540 0.1518 0.2470 0.0590 0.1542 0.1322 0.0442 0.1576 
          21  1 0.0418 0.1927 0.0864 0.2138 0.1341 0.1553 0.0632 0.1128 
          22  1 0.0251 0.1923 0.1023 0.0922 0.1103 0.1402 0.1941 0.1434 
          23  1 0.0858 0.1523 0.0769 0.0433 0.1112 0.1299 0.2681 0.1325 
          24  1 0.0462 0.1779 0.0644 0.0663 0.1701 0.1779 0.1569 0.1403 
          25  1 0.1320 0.1374 0.1228 0.1007 0.1543 0.1571 0.0653 0.1303 
          26  1 0.0198 0.1388 0.1546 0.0331 0.2210 0.2367 0.0369 0.1591 
          27  1 0.0523 0.1310 0.2295 0.0237 0.1205 0.1031 0.1648 0.1751 
          28  1 0.0310 0.1999 0.1026 0.2375 0.1241 0.1597 0.0201 0.1253 
          29  1 0.0381 0.2313 0.2011 0.0309 0.1373 0.1731 0.0371 0.1512 
          30  1 0.0459 0.2594 0.1023 0.0586 0.1662 0.1885 0.0717 0.1075 
          31  1 0.1333 0.1188 0.2587 0.0381 0.1136 0.0989 0.0768 0.1618 
          32  1 0.0791 0.1658 0.2270 0.0675 0.1336 0.1351 0.0272 0.1647 
          33  1 0.1327 0.1984 0.0960 0.0629 0.1526 0.1411 0.0358 0.1806 
          34  1 0.0655 0.2664 0.1341 0.0589 0.1109 0.1675 0.0474 0.1493 
          35  1 0.0375 0.3069 0.1169 0.0280 0.1380 0.2029 0.0559 0.1139 
          36  1 0.0516 0.2673 0.0990 0.0549 0.1478 0.1883 0.0381 0.1531 
          37  1 0.0714 0.1894 0.1026 0.1263 0.1420 0.1681 0.0570 0.1432 
          38  1 0.1856 0.1353 0.1142 0.1417 0.1077 0.1232 0.0722 0.1201 
          39  1 0.0430 0.2488 0.1534 0.0373 0.1592 0.1811 0.0382 0.1389 
          40  1 0.6927 0.0519 0.0534 0.0315 0.0513 0.0466 0.0236 0.0490 
          41  1 0.0799 0.2962 0.1055 0.0147 0.1501 0.1959 0.0498 0.1080 
          42  1 0.0464 0.2464 0.1276 0.0225 0.1695 0.1857 0.0528 0.1492 
          43  1 0.0165 0.2116 0.1364 0.0713 0.1598 0.1692 0.0835 0.1518 
          44  1 0.1442 0.1080 0.0889 0.0412 0.2208 0.2298 0.0188 0.1481 
          45  1 0.0482 0.2025 0.1228 0.1199 0.1514 0.1552 0.0470 0.1531 
          46  1 0.0296 0.2143 0.0906 0.0654 0.1156 0.1425 0.2143 0.1276 
          47  1 0.0855 0.2430 0.1042 0.0238 0.1633 0.1855 0.0231 0.1716 
          48  1 0.0664 0.1702 0.0835 0.0673 0.1719 0.2208 0.1070 0.1129 
          49  1 0.0284 0.2805 0.0615 0.0602 0.1312 0.1728 0.1487 0.1167 
          50  1 0.0542 0.0482 0.0573 0.0283 0.3115 0.2756 0.0424 0.1826 
          51  1 0.0301 0.1330 0.0689 0.4489 0.0818 0.1021 0.0638 0.0714 
          52  1 0.1954 0.1797 0.1171 0.0607 0.1257 0.1283 0.0762 0.1170 
          53  1 0.0193 0.1169 0.0732 0.5253 0.0816 0.0917 0.0153 0.0767 
          54  1 0.0494 0.2039 0.1086 0.1133 0.1386 0.1662 0.0682 0.1519 
          55  1 0.0670 0.1158 0.0779 0.4131 0.0964 0.1028 0.0284 0.0987 
          56  1 0.4113 0.0688 0.0473 0.2264 0.0674 0.0567 0.0196 0.1025 
          57  1 0.0816 0.2146 0.0713 0.0415 0.1644 0.1926 0.0807 0.1534 
          58  1 0.1476 0.1557 0.0680 0.1055 0.1739 0.1681 0.0248 0.1564 
          59  1 0.1195 0.0897 0.0682 0.4237 0.0969 0.0930 0.0276 0.0813 
          60  1 0.0196 0.0636 0.1124 0.1423 0.0914 0.0602 0.4138 0.0966 
          61  1 0.0520 0.1611 0.1757 0.1122 0.1330 0.1556 0.0338 0.1767 
          62  1 0.0286 0.1820 0.0608 0.1424 0.1227 0.1709 0.1956 0.0970 
          63  1 0.0334 0.1549 0.3143 0.0427 0.1704 0.1358 0.0485 0.1000 
          64  1 0.0599 0.1777 0.0908 0.0290 0.1236 0.1419 0.2800 0.0971 
          65  1 0.4354 0.0642 0.0568 0.0949 0.0956 0.0702 0.0389 0.1440 
          66  1 0.1987 0.1707 0.1311 0.0227 0.1226 0.1260 0.1132 0.1150 
          67  1 0.0579 0.1008 0.1013 0.2173 0.1855 0.1685 0.0326 0.1362 
          68  1 0.0548 0.1560 0.0868 0.2389 0.1324 0.1617 0.0402 0.1291 
          69  1 0.0338 0.1828 0.1550 0.1085 0.1365 0.1469 0.0258 0.2107 
          70  1 0.0399 0.1844 0.1928 0.0943 0.1223 0.1444 0.0330 0.1891 
          71  1 0.0215 0.1944 0.1128 0.1521 0.1468 0.1674 0.0524 0.1526 
          72  1 0.2089 0.1087 0.0658 0.2596 0.1090 0.0912 0.0167 0.1401 
          73  1 0.0365 0.0931 0.3251 0.1013 0.1383 0.0895 0.0334 0.1828 
          74  1 0.0292 0.2059 0.1227 0.1157 0.1319 0.1547 0.0937 0.1463 
          75  1 0.0287 0.1897 0.0789 0.0788 0.1185 0.1600 0.2353 0.1100 
          76  1 0.0169 0.0796 0.0646 0.0482 0.2922 0.2785 0.0369 0.1831 
          77  1 0.0211 0.2215 0.1755 0.0655 0.1501 0.1726 0.0122 0.1815 
          78  1 0.0234 0.0331 0.0305 0.7992 0.0347 0.0313 0.0141 0.0338 
          79  1 0.0578 0.1292 0.0868 0.1603 0.1591 0.1468 0.0897 0.1703 
          80  1 0.0409 0.1403 0.0860 0.0678 0.1503 0.1618 0.2146 0.1384 
          81  1 0.0329 0.1752 0.1709 0.0579 0.1399 0.1681 0.0194 0.2357 
          82  1 0.0473 0.0846 0.0949 0.1359 0.1233 0.1078 0.3024 0.1039 
          83  1 0.0197 0.1413 0.0816 0.0594 0.1635 0.1633 0.2460 0.1252 
          84  1 0.0290 0.2314 0.1327 0.0577 0.1272 0.1511 0.0824 0.1885 
          85  1 0.0169 0.2807 0.1297 0.0405 0.1511 0.2034 0.0284 0.1493 
          86  1 0.0698 0.1833 0.0562 0.0721 0.2155 0.1786 0.0262 0.1983 
          87  1 0.0362 0.0519 0.0528 0.0348 0.3069 0.2680 0.0718 0.1776 
          88  1 0.0472 0.1683 0.1505 0.1848 0.1253 0.1380 0.0488 0.1370 
          89  1 0.0087 0.0113 0.0104 0.0093 0.0108 0.0108 0.9283 0.0105 
          90  1 0.0471 0.1272 0.1128 0.0263 0.2156 0.1839 0.1086 0.1785 
          91  1 0.1031 0.1222 0.0787 0.1141 0.1938 0.2083 0.0347 0.1451 
          92  1 0.0407 0.1669 0.1457 0.1544 0.1442 0.1380 0.0972 0.1128 
          93  1 0.0101 0.0153 0.0176 0.0122 0.0156 0.0164 0.8980 0.0147 
          94  1 0.0540 0.1952 0.1061 0.0705 0.1444 0.1538 0.1184 0.1575 
          95  1 0.0313 0.1912 0.1437 0.0561 0.1568 0.2008 0.0466 0.1735 
          96  1 0.0209 0.0817 0.4506 0.0197 0.1576 0.0758 0.0343 0.1595 
          97  1 0.2712 0.0474 0.0302 0.0449 0.2339 0.2102 0.0166 0.1457 
          98  1 0.0182 0.1324 0.1743 0.1121 0.1518 0.1780 0.0733 0.1600 
          99  1 0.0108 0.0222 0.0194 0.8556 0.0199 0.0213 0.0313 0.0194 
         100  1 0.2485 0.1410 0.1071 0.0957 0.1029 0.1102 0.0191 0.1756 
         101  1 0.0639 0.1131 0.1119 0.0537 0.0944 0.0803 0.3293 0.1534 
         102  1 0.0212 0.1345 0.0901 0.4689 0.0767 0.0981 0.0294 0.0809 
         103  1 0.0202 0.1838 0.3096 0.0195 0.1800 0.1362 0.0320 0.1188 
         104  1 0.0515 0.1474 0.2003 0.0418 0.1757 0.1663 0.0376 0.1794 
         105  1 0.0497 0.1785 0.1163 0.1252 0.1114 0.1249 0.1651 0.1289 
         106  1 0.0128 0.0445 0.5721 0.0134 0.1615 0.0376 0.0187 0.1392 
         107  1 0.0678 0.1617 0.1153 0.0917 0.1372 0.1253 0.1235 0.1775 
         108  1 0.0419 0.1093 0.2963 0.0323 0.1928 0.1273 0.0517 0.1484 
         109  1 0.1085 0.2066 0.0946 0.1557 0.1230 0.1314 0.0300 0.1502 
         110  1 0.1073 0.1515 0.1506 0.0797 0.1407 0.1795 0.0527 0.1382 
         111  1 0.0244 0.2753 0.0596 0.0400 0.1368 0.2083 0.1203 0.1353 
         112  1 0.0198 0.1025 0.0806 0.0491 0.2238 0.2126 0.1320 0.1797 
         113  1 0.0899 0.1623 0.1054 0.0944 0.1802 0.1862 0.0316 0.1501 
         114  1 0.0152 0.0422 0.5732 0.0135 0.1607 0.0371 0.0200 0.1381 
         115  1 0.0741 0.1704 0.1299 0.1795 0.1272 0.1442 0.0343 0.1404 
         116  1 0.0250 0.0960 0.0752 0.2908 0.0815 0.0733 0.2299 0.1282 
         117  1 0.0750 0.0719 0.0811 0.0454 0.2351 0.2111 0.1369 0.1435 
         118  1 0.0328 0.1506 0.1688 0.1058 0.1708 0.1609 0.0294 0.1810 
         119  1 0.0435 0.1370 0.1539 0.3135 0.0934 0.1150 0.0436 0.1001 
         120  1 0.0105 0.0204 0.0192 0.8558 0.0210 0.0216 0.0313 0.0204 
         121  1 0.1017 0.1343 0.1379 0.0329 0.1908 0.2055 0.0322 0.1647 
         122  1 0.2447 0.0796 0.0575 0.2280 0.1228 0.1321 0.0162 0.1191 
         123  1 0.0883 0.1421 0.0544 0.0309 0.2325 0.2641 0.0264 0.1612 
         124  1 0.1223 0.2229 0.0666 0.0900 0.1421 0.1789 0.0605 0.1167 
         125  1 0.0280 0.1412 0.1719 0.1148 0.1817 0.1477 0.0330 0.1816 
         126  1 0.0162 0.0442 0.0388 0.7447 0.0474 0.0384 0.0226 0.0477 
         127  1 0.9306 0.0102 0.0092 0.0096 0.0103 0.0108 0.0087 0.0106 
         128  1 0.0431 0.1154 0.1041 0.1378 0.1186 0.1136 0.2476 0.1198 
         129  1 0.0092 0.0158 0.0160 0.0121 0.0157 0.0163 0.9001 0.0150 
         130  1 0.0164 0.0236 0.5929 0.0149 0.1538 0.0272 0.0228 0.1484 
         131  1 0.0168 0.0236 0.5999 0.0149 0.1516 0.0234 0.0225 0.1474 
         132  1 0.0260 0.0965 0.1457 0.0370 0.2218 0.2053 0.1045 0.1632 
         133  1 0.0741 0.1825 0.0819 0.0923 0.1800 0.2150 0.0314 0.1427 
         134  1 0.0316 0.1325 0.3365 0.0335 0.1616 0.1530 0.0248 0.1265 
         135  1 0.0208 0.0962 0.2690 0.0860 0.1934 0.1498 0.0226 0.1622 
         136  1 0.1050 0.1418 0.0836 0.2226 0.1390 0.1277 0.0264 0.1539 
         137  1 0.9273 0.0109 0.0095 0.0100 0.0105 0.0113 0.0094 0.0111 
         138  1 0.9273 0.0107 0.0095 0.0102 0.0110 0.0109 0.0096 0.0108 
         139  1 0.0414 0.1966 0.1609 0.0891 0.1228 0.1455 0.1360 0.1077 
         140  1 0.0187 0.1843 0.1851 0.0315 0.1472 0.1541 0.1197 0.1595 
         141  1 0.0429 0.1448 0.2017 0.0292 0.2104 0.1852 0.0231 0.1626 
         142  1 0.0344 0.2574 0.1363 0.0509 0.1588 0.1936 0.0341 0.1345 
         143  1 0.0166 0.3390 0.0679 0.0380 0.1547 0.2071 0.0345 0.1423 
         144  1 0.0274 0.0992 0.0662 0.0694 0.2134 0.2166 0.1644 0.1434 
         145  1 0.1511 0.1432 0.2226 0.0333 0.1146 0.1131 0.0433 0.1788 
         146  1 0.0132 0.1015 0.0859 0.2203 0.0810 0.0812 0.3024 0.1146 
         147  1 0.0775 0.1445 0.2106 0.0386 0.1502 0.1516 0.0263 0.2006 
         148  1 0.0342 0.1437 0.2146 0.1298 0.1134 0.1167 0.0613 0.1862 
         149  1 0.0508 0.1471 0.1921 0.0514 0.1622 0.1713 0.0534 0.1717 
         150  1 0.0170 0.2178 0.1653 0.0966 0.1572 0.1467 0.0856 0.1138 
         151  1 0.3105 0.1184 0.1301 0.1038 0.0886 0.0954 0.0358 0.1173 
         152  1 0.0347 0.1831 0.2016 0.0402 0.1458 0.1744 0.0571 0.1630 
         153  1 0.0361 0.1983 0.2355 0.0815 0.1349 0.1352 0.0453 0.1332 
         154  1 0.0486 0.0842 0.0593 0.0213 0.2746 0.3048 0.0248 0.1825 
         155  1 0.1438 0.1380 0.2175 0.0432 0.1512 0.1394 0.0236 0.1433 
         156  1 0.0759 0.1225 0.1252 0.0572 0.1000 0.0865 0.2725 0.1603 
         157  1 0.2593 0.0750 0.2039 0.0145 0.0756 0.0772 0.1371 0.1576 
         158  1 0.2484 0.0935 0.2000 0.0155 0.0737 0.0786 0.1396 0.1506 
         159  1 0.0461 0.1054 0.3917 0.0230 0.1615 0.1030 0.0297 0.1395 
         160  1 0.0364 0.2758 0.1119 0.0225 0.1636 0.2110 0.0281 0.1508 
         161  1 0.6311 0.0665 0.0378 0.0258 0.0704 0.0741 0.0133 0.0810 
         162  1 0.0550 0.1468 0.1465 0.0441 0.1201 0.1207 0.2346 0.1323 
         163  1 0.0588 0.1007 0.0626 0.5193 0.0659 0.0743 0.0403 0.0780 
         164  1 0.0365 0.0932 0.0688 0.3048 0.0708 0.0635 0.2626 0.0999 
         165  1 0.0434 0.0457 0.0247 0.0192 0.3450 0.3094 0.0128 0.1998 
         166  1 0.0354 0.1492 0.1117 0.0810 0.2000 0.2175 0.0432 0.1621 
         167  1 0.0274 0.1071 0.1708 0.0904 0.2174 0.2038 0.0236 0.1595 
         168  1 0.0544 0.1199 0.1706 0.3169 0.1117 0.1016 0.0138 0.1110 
         169  1 0.0296 0.1495 0.3676 0.0188 0.1609 0.1038 0.0322 0.1377 
         170  1 0.0361 0.0703 0.0391 0.0789 0.2805 0.2872 0.0345 0.1733 
         171  1 0.0154 0.0464 0.4589 0.0222 0.1806 0.0621 0.0582 0.1562 
         172  1 0.3278 0.1070 0.0473 0.0903 0.0798 0.0993 0.1597 0.0888 
         173  1 0.2061 0.1716 0.0460 0.2023 0.1056 0.1514 0.0296 0.0874 
         174  1 0.0337 0.1545 0.1993 0.0899 0.1502 0.1566 0.0176 0.1984 
         175  1 0.0667 0.1556 0.0797 0.3456 0.1120 0.1367 0.0147 0.0891 
         176  1 0.0316 0.1594 0.0772 0.0300 0.2051 0.2142 0.1447 0.1378 
         177  1 0.0360 0.0309 0.0221 0.6598 0.0823 0.0840 0.0127 0.0723 
         178  1 0.0641 0.1317 0.1813 0.0287 0.1849 0.1960 0.0599 0.1535 
         179  1 0.0215 0.1120 0.3149 0.0556 0.1525 0.1292 0.0746 0.1397 
         180  1 0.0161 0.1589 0.1702 0.2192 0.1147 0.1252 0.0801 0.1156 
         181  1 0.4135 0.0633 0.0764 0.0698 0.0803 0.0658 0.1127 0.1181 
         182  1 0.0239 0.1906 0.0943 0.2017 0.1409 0.1688 0.0368 0.1429 
         183  1 0.1325 0.2054 0.1541 0.0299 0.1470 0.1746 0.0210 0.1355 
         184  1 0.0293 0.0462 0.0498 0.0259 0.3190 0.3128 0.0215 0.1955 
         185  1 0.0095 0.0111 0.0113 0.0104 0.0114 0.0112 0.9243 0.0108 
         186  1 0.0098 0.0119 0.0112 0.0101 0.0113 0.0112 0.9237 0.0109 
         187  1 0.0227 0.1979 0.2170 0.0485 0.1367 0.1598 0.0216 0.1958 
         188  1 0.0263 0.1729 0.1940 0.0347 0.1578 0.1642 0.0349 0.2152 
         189  1 0.3082 0.1033 0.0598 0.1521 0.0965 0.0899 0.0460 0.1442 
         190  1 0.1200 0.1531 0.0872 0.1261 0.1246 0.1082 0.0849 0.1959 
         191  1 0.1150 0.1572 0.1115 0.1072 0.1637 0.1523 0.0206 0.1725 
         192  1 0.6309 0.0627 0.0406 0.0271 0.0710 0.0734 0.0139 0.0803 
         193  1 0.1186 0.1913 0.1125 0.1245 0.1334 0.1417 0.0256 0.1524 
         194  1 0.3096 0.1668 0.0685 0.0383 0.0912 0.1104 0.1157 0.0994 
         195  1 0.0631 0.1846 0.1101 0.0984 0.1445 0.1592 0.0745 0.1656 
         196  1 0.0508 0.0634 0.4846 0.0281 0.1544 0.0516 0.0217 0.1454 
         197  1 0.1353 0.0831 0.0384 0.4125 0.1057 0.1003 0.0283 0.0964 
         198  1 0.1143 0.1485 0.0773 0.0294 0.1567 0.1913 0.1516 0.1310 
         199  1 0.1573 0.1254 0.1560 0.0575 0.1240 0.1090 0.1191 0.1516 
         200  1 0.0244 0.1789 0.0618 0.0931 0.1714 0.1610 0.1690 0.1405 
         201  1 0.0172 0.2084 0.2097 0.0258 0.1346 0.1594 0.0836 0.1612 
         202  1 0.0335 0.0875 0.0568 0.0251 0.2811 0.2921 0.0245 0.1994 
         203  1 0.0193 0.0820 0.4852 0.0282 0.1582 0.0608 0.0340 0.1324 
         204  1 0.0492 0.2033 0.1017 0.0501 0.1293 0.1508 0.1605 0.1551 
         205  1 0.0740 0.1339 0.1037 0.2654 0.1022 0.1222 0.0774 0.1212 
         206  1 0.0814 0.1858 0.0821 0.1892 0.1243 0.1340 0.0433 0.1599 
         207  1 0.1277 0.1024 0.3398 0.0272 0.1500 0.1044 0.0212 0.1273 
         208  1 0.1258 0.1757 0.2151 0.0489 0.1526 0.1365 0.0274 0.1180 
         209  1 0.0500 0.0603 0.0448 0.0298 0.2989 0.2877 0.0465 0.1820 
         210  1 0.2150 0.1597 0.0651 0.0316 0.1743 0.1809 0.0264 0.1470 
         211  1 0.4449 0.1173 0.1128 0.0430 0.0847 0.0864 0.0359 0.0749 
         212  1 0.0328 0.1454 0.0593 0.0346 0.2402 0.2677 0.0507 0.1692 
         213  1 0.0102 0.2681 0.0660 0.1081 0.1650 0.2404 0.0184 0.1238 
         214  1 0.1325 0.1999 0.1365 0.0473 0.1387 0.1517 0.0368 0.1567 
         215  1 0.0226 0.0858 0.0542 0.0193 0.0636 0.0762 0.6092 0.0691 
         216  1 0.0842 0.0299 0.0228 0.7486 0.0273 0.0299 0.0300 0.0272 
         217  1 0.0460 0.1013 0.1730 0.0576 0.2011 0.2117 0.0499 0.1594 
         218  1 0.0328 0.2190 0.1114 0.0357 0.1337 0.1604 0.1148 0.1921 
         219  1 0.0409 0.1065 0.2540 0.0810 0.1836 0.1245 0.0550 0.1545 
         220  1 0.1181 0.1827 0.1407 0.0999 0.1171 0.1408 0.0700 0.1307 
         221  1 0.0763 0.1191 0.1355 0.0525 0.1474 0.1399 0.1779 0.1513 
         222  1 0.0663 0.1296 0.1864 0.0340 0.1292 0.1241 0.1440 0.1863 
         223  1 0.0300 0.1135 0.0602 0.0466 0.2136 0.2324 0.1540 0.1497 
         224  1 0.0432 0.0715 0.0941 0.0291 0.2566 0.2906 0.0233 0.1916 
         225  1 0.0252 0.3044 0.0678 0.0644 0.1425 0.2044 0.0593 0.1320 
         226  1 0.7877 0.0270 0.0403 0.0330 0.0322 0.0345 0.0131 0.0322 
         227  1 0.0309 0.3271 0.0726 0.0270 0.1424 0.2048 0.0766 0.1186 
         228  1 0.0250 0.1248 0.2413 0.0696 0.1513 0.1264 0.1273 0.1343 
         229  1 0.0423 0.1738 0.0564 0.2390 0.1129 0.1376 0.1272 0.1108 
         230  1 0.0855 0.1655 0.1372 0.1653 0.1191 0.1302 0.0706 0.1265 
         231  1 0.0235 0.0666 0.0459 0.0607 0.2944 0.2897 0.0411 0.1781 
         232  1 0.0214 0.1715 0.1061 0.1861 0.1286 0.1372 0.1381 0.1109 
         233  1 0.1300 0.0351 0.0260 0.5849 0.0747 0.0594 0.0130 0.0768 
         234  1 0.0296 0.0937 0.3329 0.1330 0.1205 0.0831 0.0405 0.1668 
         235  1 0.1877 0.2661 0.0673 0.0364 0.1395 0.1678 0.0176 0.1176 
         236  1 0.0494 0.1099 0.0658 0.4065 0.0992 0.0966 0.0302 0.1422 
         237  1 0.0844 0.1771 0.1113 0.0999 0.1167 0.1320 0.1553 0.1232 
         238  1 0.1107 0.0542 0.0401 0.6224 0.0444 0.0458 0.0396 0.0427 
         239  1 0.0624 0.1442 0.1574 0.1604 0.1128 0.1162 0.0277 0.2187 
         240  1 0.0379 0.2213 0.1353 0.0500 0.1338 0.1582 0.1341 0.1296 
         241  1 0.0507 0.1015 0.0519 0.3933 0.0851 0.0940 0.1329 0.0906 
         242  1 0.1174 0.0501 0.0334 0.5592 0.0773 0.0646 0.0151 0.0830 
         243  1 0.0350 0.2195 0.1540 0.0464 0.1175 0.1578 0.0831 0.1866 
         244  1 0.0614 0.1757 0.2382 0.0363 0.1663 0.1421 0.0481 0.1319 
         245  1 0.0227 0.0797 0.0853 0.0574 0.2822 0.2517 0.0494 0.1716 
         246  1 0.1565 0.1685 0.0797 0.0762 0.1120 0.1443 0.1574 0.1054 
         247  1 0.0953 0.0925 0.2155 0.1532 0.1443 0.0827 0.0546 0.1619 
         248  1 0.0572 0.1008 0.0995 0.2525 0.1498 0.1710 0.0228 0.1463 
         249  1 0.0269 0.1112 0.3070 0.0933 0.1473 0.0925 0.0564 0.1655 
         250  1 0.0609 0.1411 0.1049 0.1759 0.1227 0.1163 0.1305 0.1476 
         251  1 0.2631 0.1115 0.1092 0.1010 0.1292 0.1292 0.0241 0.1326 
         252  1 0.0394 0.1302 0.2749 0.0445 0.1295 0.1297 0.0723 0.1794 
         253  1 0.0285 0.2029 0.1066 0.2021 0.1323 0.1531 0.0348 0.1397 
         254  1 0.0592 0.1770 0.1591 0.0472 0.1573 0.1498 0.0250 0.2255 
         255  1 0.1231 0.1335 0.1002 0.2449 0.0980 0.1053 0.0837 0.1113 
         256  1 0.0366 0.1666 0.0571 0.4243 0.0826 0.1297 0.0236 0.0795 
         257  1 0.0579 0.0415 0.0439 0.6817 0.0471 0.0442 0.0183 0.0654 
         258  1 0.0544 0.1213 0.1126 0.2263 0.1425 0.1302 0.0517 0.1610 
         259  1 0.0374 0.2380 0.1071 0.1161 0.1517 0.1809 0.0162 0.1527 
         260  1 0.1004 0.1460 0.0796 0.1561 0.1321 0.1271 0.0538 0.2050 
         261  1 0.2068 0.1263 0.1152 0.0432 0.1167 0.1052 0.1011 0.1855 
         262  1 0.1262 0.0740 0.0909 0.4318 0.0721 0.0588 0.0469 0.0992 
         263  1 0.0411 0.1392 0.1955 0.0324 0.2101 0.1861 0.0541 0.1415 
         264  1 0.0530 0.1879 0.1271 0.1283 0.1357 0.1718 0.0332 0.1631 
         265  1 0.1100 0.1064 0.0868 0.3191 0.1169 0.1127 0.0262 0.1219 
         266  1 0.0983 0.1130 0.1813 0.0652 0.0900 0.0991 0.1699 0.1833 
         267  1 0.0400 0.1856 0.1104 0.0656 0.1615 0.1628 0.1136 0.1605 
         268  1 0.0318 0.1010 0.0504 0.5445 0.0709 0.0797 0.0446 0.0772 
         269  1 0.0153 0.1843 0.1670 0.1460 0.1374 0.1720 0.0276 0.1503 
         270  1 0.0477 0.1605 0.0808 0.3299 0.0942 0.1216 0.0555 0.1098 
