           1  1 0.5080 0.2776 0.2144 
           2  1 0.3643 0.1709 0.4648 
           3  1 0.3574 0.3532 0.2894 
           4  1 0.2000 0.3923 0.4077 
           5  1 0.2700 0.4089 0.3211 
           6  1 0.1376 0.6002 0.2622 
           7  1 0.5402 0.2200 0.2397 
           8  1 0.2513 0.3751 0.3736 
           9  1 0.3791 0.3567 0.2643 
          10  1 0.2074 0.4527 0.3399 
          11  1 0.1987 0.5478 0.2535 
          12  1 0.1626 0.5822 0.2552 
          13  1 0.4281 0.2728 0.2991 
          14  1 0.4655 0.2517 0.2828 
          15  1 0.3386 0.2358 0.4255 
          16  1 0.4598 0.1759 0.3643 
          17  1 0.3100 0.4081 0.2819 
          18  1 0.2021 0.3560 0.4418 
          19  1 0.2518 0.2901 0.4581 
          20  1 0.4935 0.2206 0.2859 
          21  1 0.3659 0.2441 0.3900 
          22  1 0.4211 0.2022 0.3767 
          23  1 0.4277 0.2458 0.3265 
          24  1 0.3472 0.3334 0.3194 
          25  1 0.3307 0.4286 0.2407 
          26  1 0.3654 0.2887 0.3459 
          27  1 0.4784 0.2014 0.3202 
          28  1 0.2208 0.3223 0.4569 
          29  1 0.3187 0.2950 0.3864 
          30  1 0.4157 0.2453 0.3391 
          31  1 0.4934 0.2542 0.2524 
          32  1 0.3424 0.3567 0.3009 
          33  1 0.3293 0.2958 0.3749 
          34  1 0.3667 0.1920 0.4413 
          35  1 0.3964 0.1565 0.4471 
          36  1 0.2613 0.2268 0.5119 
          37  1 0.2859 0.3779 0.3361 
          38  1 0.2646 0.4325 0.3028 
          39  1 0.3604 0.2368 0.4028 
          40  1 0.2310 0.5252 0.2438 
          41  1 0.3336 0.2038 0.4626 
          42  1 0.3359 0.2967 0.3674 
          43  1 0.4444 0.1886 0.3670 
          44  1 0.2115 0.5076 0.2808 
          45  1 0.3095 0.3181 0.3724 
          46  1 0.3803 0.2193 0.4004 
          47  1 0.2166 0.3337 0.4497 
          48  1 0.3343 0.3151 0.3506 
          49  1 0.3324 0.1888 0.4788 
          50  1 0.3224 0.4587 0.2188 
          51  1 0.3295 0.2635 0.4069 
          52  1 0.3538 0.2891 0.3571 
          53  1 0.2144 0.3981 0.3876 
          54  1 0.3328 0.3052 0.3620 
          55  1 0.2786 0.4031 0.3183 
          56  1 0.1895 0.4742 0.3364 
          57  1 0.3026 0.3304 0.3670 
          58  1 0.2546 0.4327 0.3127 
          59  1 0.1908 0.5699 0.2393 
          60  1 0.6204 0.1704 0.2092 
          61  1 0.2642 0.4169 0.3189 
          62  1 0.3829 0.2834 0.3337 
          63  1 0.4106 0.2429 0.3465 
          64  1 0.5016 0.1865 0.3119 
          65  1 0.2522 0.4462 0.3016 
          66  1 0.4106 0.2753 0.3141 
          67  1 0.3057 0.4313 0.2631 
          68  1 0.2346 0.3940 0.3713 
          69  1 0.1961 0.3909 0.4130 
          70  1 0.2522 0.3147 0.4331 
          71  1 0.2596 0.3055 0.4349 
          72  1 0.1785 0.4735 0.3479 
          73  1 0.4404 0.2471 0.3125 
          74  1 0.3230 0.2727 0.4043 
          75  1 0.3951 0.2164 0.3884 
          76  1 0.3154 0.3675 0.3170 
          77  1 0.1717 0.2981 0.5302 
          78  1 0.2180 0.4731 0.3089 
          79  1 0.3299 0.3871 0.2830 
          80  1 0.4278 0.3171 0.2551 
          81  1 0.2157 0.2878 0.4965 
          82  1 0.4829 0.3070 0.2101 
          83  1 0.4752 0.2113 0.3135 
          84  1 0.3675 0.2013 0.4312 
          85  1 0.2503 0.2036 0.5461 
          86  1 0.2024 0.3889 0.4087 
          87  1 0.3527 0.4390 0.2083 
          88  1 0.3487 0.3207 0.3306 
          89  1 0.6784 0.1187 0.2029 
          90  1 0.4129 0.3390 0.2482 
          91  1 0.2616 0.4663 0.2720 
          92  1 0.4428 0.2683 0.2889 
          93  1 0.7198 0.1026 0.1776 
          94  1 0.3975 0.2699 0.3326 
          95  1 0.2219 0.3631 0.4150 
          96  1 0.4639 0.2329 0.3032 
          97  1 0.1355 0.6398 0.2247 
          98  1 0.3219 0.3247 0.3534 
          99  1 0.3067 0.2843 0.4090 
         100  1 0.2399 0.2943 0.4658 
         101  1 0.4951 0.1994 0.3054 
         102  1 0.3125 0.2820 0.4056 
         103  1 0.3819 0.2090 0.4091 
         104  1 0.2915 0.3833 0.3252 
         105  1 0.4417 0.2491 0.3093 
         106  1 0.5850 0.1424 0.2726 
         107  1 0.4192 0.2633 0.3174 
         108  1 0.4699 0.3110 0.2191 
         109  1 0.2851 0.3154 0.3995 
         110  1 0.2574 0.4672 0.2754 
         111  1 0.3022 0.2352 0.4626 
         112  1 0.4660 0.2360 0.2980 
         113  1 0.2726 0.4399 0.2876 
         114  1 0.5844 0.1429 0.2727 
         115  1 0.2933 0.3246 0.3820 
         116  1 0.4687 0.1999 0.3314 
         117  1 0.4291 0.3660 0.2049 
         118  1 0.2721 0.4056 0.3223 
         119  1 0.3573 0.2746 0.3681 
         120  1 0.3050 0.2841 0.4109 
         121  1 0.2715 0.4640 0.2645 
         122  1 0.1624 0.6125 0.2252 
         123  1 0.1520 0.4195 0.4285 
         124  1 0.2207 0.3795 0.3998 
         125  1 0.3847 0.2848 0.3305 
         126  1 0.2569 0.3764 0.3666 
         127  1 0.1118 0.7539 0.1343 
         128  1 0.5230 0.2481 0.2289 
         129  1 0.7179 0.1028 0.1794 
         130  1 0.6926 0.1291 0.1782 
         131  1 0.6951 0.1335 0.1714 
         132  1 0.4668 0.2922 0.2410 
         133  1 0.2476 0.4295 0.3228 
         134  1 0.3753 0.2745 0.3502 
         135  1 0.3005 0.4071 0.2924 
         136  1 0.2478 0.4226 0.3296 
         137  1 0.1177 0.7436 0.1387 
         138  1 0.1168 0.7437 0.1396 
         139  1 0.4359 0.2241 0.3400 
         140  1 0.3782 0.2270 0.3948 
         141  1 0.3386 0.3489 0.3125 
         142  1 0.3430 0.2922 0.3647 
         143  1 0.3020 0.1658 0.5322 
         144  1 0.4017 0.3145 0.2837 
         145  1 0.2713 0.3342 0.3945 
         146  1 0.3824 0.1685 0.4491 
         147  1 0.2407 0.4277 0.3316 
         148  1 0.3242 0.3329 0.3429 
         149  1 0.3053 0.3115 0.3832 
         150  1 0.4572 0.1685 0.3743 
         151  1 0.2126 0.4678 0.3196 
         152  1 0.2534 0.3235 0.4231 
         153  1 0.3622 0.2244 0.4134 
         154  1 0.2037 0.4986 0.2977 
         155  1 0.2679 0.4388 0.2932 
         156  1 0.4718 0.2156 0.3126 
         157  1 0.4424 0.1920 0.3655 
         158  1 0.4613 0.1798 0.3589 
         159  1 0.3562 0.3204 0.3234 
         160  1 0.2654 0.2853 0.4492 
         161  1 0.1817 0.4864 0.3319 
         162  1 0.5568 0.1641 0.2791 
         163  1 0.2377 0.3951 0.3673 
         164  1 0.3786 0.3078 0.3135 
         165  1 0.1708 0.5318 0.2974 
         166  1 0.3242 0.3909 0.2850 
         167  1 0.2616 0.4730 0.2653 
         168  1 0.2745 0.3540 0.3715 
         169  1 0.4461 0.1899 0.3640 
         170  1 0.2127 0.4557 0.3316 
         171  1 0.6527 0.1486 0.1988 
         172  1 0.2654 0.4729 0.2617 
         173  1 0.1800 0.4745 0.3454 
         174  1 0.2282 0.3172 0.4546 
         175  1 0.1669 0.5075 0.3255 
         176  1 0.4090 0.2697 0.3213 
         177  1 0.1435 0.6311 0.2254 
         178  1 0.3722 0.3144 0.3134 
         179  1 0.5173 0.2074 0.2754 
         180  1 0.4061 0.2226 0.3713 
         181  1 0.3984 0.3662 0.2354 
         182  1 0.2807 0.3762 0.3431 
         183  1 0.2353 0.4190 0.3456 
         184  1 0.2135 0.4851 0.3015 
         185  1 0.6746 0.1285 0.1969 
         186  1 0.6739 0.1277 0.1984 
         187  1 0.2141 0.3250 0.4609 
         188  1 0.4027 0.2056 0.3918 
         189  1 0.2324 0.4071 0.3605 
         190  1 0.2515 0.3067 0.4418 
         191  1 0.2227 0.4287 0.3486 
         192  1 0.1787 0.4904 0.3309 
         193  1 0.2435 0.3450 0.4116 
         194  1 0.3754 0.2711 0.3535 
         195  1 0.1980 0.3435 0.4585 
         196  1 0.5317 0.1943 0.2740 
         197  1 0.1828 0.5342 0.2829 
         198  1 0.3895 0.3153 0.2952 
         199  1 0.3980 0.3213 0.2807 
         200  1 0.3862 0.2421 0.3717 
         201  1 0.4518 0.1510 0.3972 
         202  1 0.2254 0.3822 0.3923 
         203  1 0.4936 0.2002 0.3062 
         204  1 0.4405 0.2378 0.3217 
         205  1 0.3093 0.3670 0.3237 
         206  1 0.2336 0.3178 0.4485 
         207  1 0.3140 0.3995 0.2865 
         208  1 0.3272 0.3305 0.3423 
         209  1 0.3315 0.4214 0.2470 
         210  1 0.2250 0.4474 0.3276 
         211  1 0.3032 0.3765 0.3203 
         212  1 0.2084 0.4019 0.3897 
         213  1 0.2141 0.2789 0.5071 
         214  1 0.3208 0.2617 0.4175 
         215  1 0.5915 0.1121 0.2964 
         216  1 0.2120 0.4935 0.2945 
         217  1 0.4202 0.3287 0.2511 
         218  1 0.4078 0.1820 0.4102 
         219  1 0.4087 0.3109 0.2804 
         220  1 0.3848 0.3131 0.3021 
         221  1 0.3872 0.3527 0.2602 
         222  1 0.4961 0.2082 0.2956 
         223  1 0.3217 0.3583 0.3200 
         224  1 0.2352 0.4374 0.3274 
         225  1 0.3044 0.2525 0.4430 
         226  1 0.1833 0.6505 0.1662 
         227  1 0.3525 0.1493 0.4983 
         228  1 0.4850 0.2232 0.2918 
         229  1 0.3356 0.2708 0.3936 
         230  1 0.3600 0.3580 0.2820 
         231  1 0.2999 0.3651 0.3350 
         232  1 0.4284 0.2304 0.3412 
         233  1 0.1346 0.6536 0.2118 
         234  1 0.4956 0.2130 0.2914 
         235  1 0.1981 0.4259 0.3760 
         236  1 0.1969 0.4576 0.3455 
         237  1 0.3906 0.2801 0.3294 
         238  1 0.2233 0.4585 0.3182 
         239  1 0.3061 0.3033 0.3905 
         240  1 0.4640 0.2120 0.3239 
         241  1 0.3458 0.3171 0.3371 
         242  1 0.1438 0.5791 0.2771 
         243  1 0.3754 0.2032 0.4214 
         244  1 0.3442 0.3049 0.3509 
         245  1 0.3249 0.4337 0.2414 
         246  1 0.3775 0.3239 0.2986 
         247  1 0.3795 0.3740 0.2465 
         248  1 0.1633 0.5656 0.2711 
         249  1 0.4725 0.2499 0.2776 
         250  1 0.4524 0.2477 0.3000 
         251  1 0.2310 0.4883 0.2807 
         252  1 0.3730 0.3164 0.3106 
         253  1 0.2935 0.3051 0.4014 
         254  1 0.2565 0.3378 0.4057 
         255  1 0.2784 0.4239 0.2977 
         256  1 0.1900 0.3268 0.4832 
         257  1 0.1645 0.5548 0.2807 
         258  1 0.3080 0.4145 0.2775 
         259  1 0.2074 0.3063 0.4863 
         260  1 0.2532 0.3847 0.3621 
         261  1 0.3719 0.3086 0.3195 
         262  1 0.3296 0.3453 0.3251 
         263  1 0.3925 0.3186 0.2889 
         264  1 0.2824 0.3949 0.3227 
         265  1 0.2153 0.5373 0.2474 
         266  1 0.4727 0.2437 0.2836 
         267  1 0.3856 0.2916 0.3228 
         268  1 0.2723 0.2759 0.4519 
         269  1 0.2643 0.2316 0.5041 
         270  1 0.3121 0.2636 0.4243 
