           1  1 0.0930 0.1205 0.0908 0.1200 0.1929 0.0688 0.0307 0.0613 0.1248 0.0972 
           2  1 0.1786 0.1316 0.1250 0.1830 0.0155 0.0812 0.0452 0.0126 0.1122 0.1151 
           3  1 0.0794 0.0901 0.1745 0.0801 0.0130 0.0430 0.3337 0.0425 0.0695 0.0742 
           4  1 0.0099 0.0094 0.0085 0.0103 0.0053 0.0089 0.0087 0.9207 0.0095 0.0088 
           5  1 0.1434 0.1453 0.0864 0.1280 0.0137 0.1810 0.0253 0.0425 0.1467 0.0876 
           6  1 0.0741 0.0845 0.0264 0.0594 0.0077 0.1576 0.1562 0.3155 0.0712 0.0474 
           7  1 0.0843 0.0962 0.1510 0.0956 0.2293 0.0786 0.0592 0.0115 0.0840 0.1103 
           8  1 0.1163 0.1109 0.0423 0.1168 0.0256 0.1651 0.0122 0.1828 0.1289 0.0990 
           9  1 0.0544 0.0755 0.2631 0.0856 0.0189 0.0601 0.0712 0.0122 0.0829 0.2762 
          10  1 0.1523 0.1783 0.0799 0.0991 0.0085 0.2418 0.0370 0.0128 0.1225 0.0678 
          11  1 0.0619 0.0501 0.0636 0.0679 0.0064 0.0391 0.5366 0.0407 0.0591 0.0746 
          12  1 0.0746 0.0672 0.0306 0.0637 0.0088 0.1726 0.1495 0.2825 0.0824 0.0680 
          13  1 0.0919 0.1106 0.0671 0.1133 0.1046 0.0524 0.0232 0.2559 0.0884 0.0925 
          14  1 0.1304 0.1343 0.0719 0.1630 0.0551 0.1009 0.0275 0.0226 0.1621 0.1321 
          15  1 0.1582 0.1305 0.0645 0.1657 0.0144 0.1016 0.0225 0.0158 0.1918 0.1348 
          16  1 0.0905 0.0726 0.0414 0.0995 0.4570 0.0435 0.0198 0.0342 0.0715 0.0699 
          17  1 0.1354 0.1423 0.0575 0.1389 0.0216 0.1166 0.0296 0.1122 0.1329 0.1130 
          18  1 0.1589 0.1057 0.0639 0.1703 0.0161 0.0704 0.1406 0.0485 0.1167 0.1089 
          19  1 0.1571 0.1344 0.0819 0.1640 0.0051 0.0990 0.0099 0.0254 0.1795 0.1438 
          20  1 0.1226 0.1243 0.2284 0.1258 0.0128 0.0790 0.0286 0.0388 0.0920 0.1477 
          21  1 0.1547 0.1151 0.0725 0.1459 0.0228 0.0986 0.0118 0.1614 0.1018 0.1155 
          22  1 0.1592 0.1132 0.0626 0.1819 0.0741 0.0855 0.0087 0.0510 0.1306 0.1332 
          23  1 0.1398 0.1547 0.0534 0.1351 0.1125 0.1194 0.0306 0.0275 0.1213 0.1057 
          24  1 0.1407 0.1370 0.0758 0.1408 0.0695 0.1451 0.0162 0.0387 0.1284 0.1078 
          25  1 0.1307 0.1329 0.0960 0.1372 0.0243 0.1187 0.0662 0.0677 0.1138 0.1126 
          26  1 0.1402 0.1700 0.1025 0.1257 0.0120 0.1974 0.0089 0.0192 0.1045 0.1197 
          27  1 0.0983 0.1250 0.0737 0.1607 0.0727 0.1111 0.0243 0.0136 0.1918 0.1288 
          28  1 0.1425 0.1229 0.0790 0.1459 0.0073 0.0951 0.0105 0.1665 0.1219 0.1085 
          29  1 0.1447 0.1185 0.0935 0.1870 0.0150 0.1007 0.0212 0.0186 0.1543 0.1465 
          30  1 0.1902 0.1109 0.1006 0.1763 0.0303 0.1012 0.0226 0.0398 0.0957 0.1323 
          31  1 0.0949 0.0843 0.2991 0.0930 0.0221 0.0532 0.1125 0.0278 0.0720 0.1411 
          32  1 0.1294 0.1248 0.0938 0.1472 0.0089 0.0972 0.0433 0.0408 0.1697 0.1450 
          33  1 0.1423 0.1689 0.0666 0.1736 0.0081 0.1076 0.0369 0.0289 0.1309 0.1362 
          34  1 0.1875 0.1012 0.1008 0.1818 0.0132 0.0669 0.0331 0.0318 0.1518 0.1318 
          35  1 0.1993 0.1377 0.1177 0.2008 0.0183 0.0550 0.0196 0.0159 0.0975 0.1383 
          36  1 0.1781 0.1234 0.0427 0.1785 0.0142 0.0977 0.0189 0.0314 0.1935 0.1215 
          37  1 0.1498 0.1414 0.0612 0.1589 0.0171 0.1013 0.0276 0.0786 0.1569 0.1070 
          38  1 0.1095 0.1075 0.0486 0.1298 0.0265 0.1025 0.1420 0.1188 0.1304 0.0844 
          39  1 0.1513 0.1464 0.1142 0.1640 0.0174 0.0619 0.0152 0.0293 0.1414 0.1589 
          40  1 0.0518 0.0515 0.0595 0.0577 0.0093 0.0427 0.5909 0.0214 0.0490 0.0663 
          41  1 0.1924 0.1530 0.0853 0.2054 0.0168 0.0695 0.0401 0.0086 0.0984 0.1304 
          42  1 0.1547 0.1628 0.1089 0.1773 0.0145 0.0967 0.0243 0.0130 0.1230 0.1248 
          43  1 0.1711 0.1371 0.1044 0.1706 0.0333 0.0898 0.0072 0.0529 0.1140 0.1196 
          44  1 0.1317 0.1401 0.0966 0.1023 0.0072 0.1905 0.1217 0.0305 0.1015 0.0778 
          45  1 0.1522 0.1243 0.0772 0.1557 0.0209 0.0890 0.0202 0.0849 0.1392 0.1365 
          46  1 0.1502 0.1415 0.0509 0.1554 0.1659 0.0683 0.0123 0.0424 0.1053 0.1079 
          47  1 0.1734 0.1125 0.0518 0.1545 0.0090 0.1778 0.0373 0.0123 0.1471 0.1243 
          48  1 0.1549 0.1185 0.0527 0.1128 0.0713 0.1869 0.0378 0.0617 0.1096 0.0938 
          49  1 0.1642 0.1288 0.0524 0.2165 0.0876 0.0731 0.0133 0.0347 0.1147 0.1147 
          50  1 0.1424 0.1773 0.1725 0.0451 0.0163 0.2815 0.0283 0.0194 0.0852 0.0320 
          51  1 0.0770 0.0677 0.0435 0.0996 0.0214 0.0481 0.0135 0.4946 0.0727 0.0619 
          52  1 0.1373 0.1002 0.0823 0.1247 0.0351 0.1695 0.0887 0.0317 0.1033 0.1273 
          53  1 0.0773 0.0637 0.0499 0.0877 0.0066 0.0899 0.0074 0.4704 0.0780 0.0691 
          54  1 0.1571 0.1462 0.0772 0.1576 0.0256 0.0832 0.0134 0.0820 0.1457 0.1121 
          55  1 0.0827 0.1072 0.0626 0.1066 0.0082 0.0992 0.0232 0.3124 0.1068 0.0911 
          56  1 0.1015 0.1132 0.0302 0.1232 0.0062 0.0946 0.1393 0.1634 0.1414 0.0870 
          57  1 0.1253 0.1408 0.0544 0.1343 0.0288 0.2299 0.0179 0.0193 0.1342 0.1151 
          58  1 0.1535 0.1358 0.0549 0.1264 0.0069 0.2168 0.0423 0.0510 0.1157 0.0967 
          59  1 0.0677 0.0755 0.0568 0.0631 0.0135 0.0915 0.0637 0.4336 0.0740 0.0605 
          60  1 0.0647 0.0857 0.1682 0.0629 0.2910 0.0523 0.0097 0.1395 0.0600 0.0660 
          61  1 0.1209 0.1286 0.0748 0.1410 0.0129 0.1016 0.0258 0.0721 0.1989 0.1235 
          62  1 0.1350 0.1149 0.0733 0.1318 0.1244 0.1051 0.0192 0.1266 0.0835 0.0862 
          63  1 0.0868 0.0710 0.2812 0.0904 0.0226 0.0605 0.0182 0.0306 0.0679 0.2709 
          64  1 0.1672 0.1608 0.0675 0.1589 0.1024 0.0990 0.0373 0.0217 0.0843 0.1009 
          65  1 0.1059 0.1536 0.0364 0.1067 0.0126 0.0782 0.1816 0.0356 0.1884 0.1008 
          66  1 0.1334 0.1724 0.0812 0.1481 0.0259 0.0843 0.1003 0.0123 0.1112 0.1309 
          67  1 0.1223 0.1379 0.1448 0.0853 0.0119 0.1519 0.0287 0.1555 0.0892 0.0725 
          68  1 0.1239 0.1167 0.0704 0.1294 0.0191 0.1162 0.0191 0.1736 0.1328 0.0987 
          69  1 0.1309 0.1385 0.0374 0.1630 0.0107 0.1141 0.0140 0.0579 0.2063 0.1272 
          70  1 0.1283 0.1352 0.0657 0.1657 0.0111 0.1263 0.0154 0.0600 0.1853 0.1071 
          71  1 0.1369 0.1272 0.0518 0.1424 0.0141 0.1576 0.0082 0.1037 0.1487 0.1095 
          72  1 0.1047 0.1273 0.0339 0.1142 0.0061 0.0757 0.0666 0.1864 0.1851 0.1001 
          73  1 0.0890 0.1248 0.2050 0.1199 0.0110 0.0726 0.0144 0.0515 0.1419 0.1700 
          74  1 0.1574 0.1104 0.0662 0.1841 0.0300 0.0856 0.0118 0.0686 0.1536 0.1322 
          75  1 0.1525 0.1170 0.0725 0.1765 0.1009 0.0784 0.0146 0.0507 0.1245 0.1124 
          76  1 0.1055 0.1887 0.0940 0.0724 0.0171 0.2806 0.0076 0.0312 0.1470 0.0559 
          77  1 0.1459 0.1416 0.0391 0.1609 0.0048 0.1348 0.0094 0.0353 0.2256 0.1024 
          78  1 0.0291 0.0227 0.0186 0.0252 0.0062 0.0194 0.0115 0.8117 0.0353 0.0202 
          79  1 0.1105 0.1402 0.0685 0.1360 0.0282 0.1552 0.0195 0.0877 0.1520 0.1022 
          80  1 0.1345 0.1735 0.0972 0.1169 0.0846 0.1230 0.0175 0.0407 0.1157 0.0964 
          81  1 0.1443 0.1302 0.0355 0.1589 0.0067 0.1222 0.0143 0.0287 0.2453 0.1140 
          82  1 0.0856 0.1078 0.1021 0.0899 0.2295 0.0848 0.0259 0.1071 0.0826 0.0846 
          83  1 0.1270 0.1379 0.0754 0.1153 0.1403 0.1583 0.0096 0.0362 0.1100 0.0900 
          84  1 0.1511 0.1150 0.0768 0.2029 0.0191 0.0913 0.0118 0.0273 0.1665 0.1383 
          85  1 0.1737 0.1302 0.0577 0.2001 0.0091 0.1016 0.0074 0.0222 0.1771 0.1209 
          86  1 0.1529 0.1857 0.0606 0.1308 0.0082 0.1532 0.0279 0.0404 0.1603 0.0800 
          87  1 0.1232 0.1796 0.1957 0.0481 0.0310 0.2617 0.0246 0.0257 0.0803 0.0301 
          88  1 0.1199 0.1187 0.0904 0.1525 0.0218 0.0728 0.0171 0.1520 0.1308 0.1241 
          89  1 0.0041 0.0041 0.0042 0.0042 0.9635 0.0040 0.0039 0.0037 0.0040 0.0042 
          90  1 0.1221 0.1767 0.1113 0.1187 0.0287 0.1765 0.0224 0.0132 0.1381 0.0924 
          91  1 0.1380 0.1248 0.0700 0.0982 0.0170 0.2037 0.0675 0.0823 0.1225 0.0759 
          92  1 0.1204 0.1269 0.1782 0.1478 0.0337 0.0746 0.0182 0.0936 0.0923 0.1143 
          93  1 0.0099 0.0105 0.0139 0.0100 0.9095 0.0085 0.0059 0.0075 0.0093 0.0149 
          94  1 0.1627 0.1655 0.0769 0.1660 0.0360 0.0848 0.0197 0.0407 0.1254 0.1223 
          95  1 0.1485 0.1510 0.0499 0.1551 0.0205 0.1448 0.0157 0.0401 0.1784 0.0961 
          96  1 0.0606 0.0900 0.2325 0.0969 0.0147 0.0743 0.0092 0.0108 0.1236 0.2873 
          97  1 0.1107 0.1293 0.0176 0.0291 0.0084 0.4109 0.1245 0.0297 0.0983 0.0415 
          98  1 0.1230 0.1461 0.0581 0.1340 0.0428 0.1411 0.0084 0.0582 0.2012 0.0872 
          99  1 0.0123 0.0104 0.0104 0.0106 0.0159 0.0093 0.0051 0.9056 0.0099 0.0105 
         100  1 0.1548 0.1454 0.0481 0.1518 0.0050 0.0912 0.0600 0.0434 0.1690 0.1313 
         101  1 0.0994 0.1295 0.0712 0.1784 0.0949 0.0906 0.0191 0.0357 0.1701 0.1112 
         102  1 0.1115 0.0700 0.0728 0.1051 0.0101 0.0476 0.0102 0.3889 0.0909 0.0930 
         103  1 0.1037 0.0807 0.2586 0.1211 0.0115 0.0539 0.0097 0.0128 0.0935 0.2545 
         104  1 0.1253 0.1469 0.0760 0.1484 0.0142 0.1297 0.0307 0.0248 0.1844 0.1196 
         105  1 0.1378 0.1209 0.1203 0.1502 0.0598 0.0672 0.0229 0.0789 0.1132 0.1287 
         106  1 0.0220 0.0397 0.5131 0.0229 0.0092 0.0164 0.0056 0.0066 0.0245 0.3399 
         107  1 0.1266 0.1304 0.1064 0.1753 0.0335 0.0727 0.0220 0.0437 0.1632 0.1262 
         108  1 0.0954 0.0982 0.2659 0.0977 0.0267 0.0998 0.0209 0.0192 0.0893 0.1869 
         109  1 0.1460 0.1279 0.0681 0.1967 0.0113 0.0724 0.0425 0.0669 0.1490 0.1192 
         110  1 0.1125 0.1172 0.0733 0.1312 0.0300 0.1440 0.0773 0.0547 0.1253 0.1345 
         111  1 0.1683 0.1407 0.0493 0.1789 0.0594 0.1223 0.0109 0.0236 0.1262 0.1202 
         112  1 0.1147 0.1795 0.1406 0.0936 0.0486 0.2111 0.0091 0.0240 0.1068 0.0722 
         113  1 0.1254 0.1418 0.1779 0.1210 0.0112 0.1276 0.0628 0.0659 0.0880 0.0783 
         114  1 0.0197 0.0405 0.5110 0.0241 0.0085 0.0170 0.0058 0.0069 0.0257 0.3408 
         115  1 0.1184 0.1186 0.1069 0.1381 0.0145 0.0932 0.0351 0.1411 0.1243 0.1098 
         116  1 0.0905 0.1235 0.0642 0.1353 0.0826 0.0698 0.0094 0.2114 0.1169 0.0965 
         117  1 0.1163 0.1640 0.1764 0.0675 0.0488 0.2200 0.0392 0.0353 0.0779 0.0547 
         118  1 0.1324 0.1645 0.0753 0.1250 0.0083 0.1334 0.0158 0.0615 0.1710 0.1130 
         119  1 0.0847 0.0821 0.1587 0.0997 0.0167 0.0513 0.0193 0.3326 0.0696 0.0853 
         120  1 0.0107 0.0110 0.0100 0.0103 0.0149 0.0088 0.0050 0.9084 0.0105 0.0103 
         121  1 0.1406 0.1447 0.0839 0.1265 0.0164 0.1610 0.0688 0.0217 0.1320 0.1045 
         122  1 0.1211 0.1079 0.0489 0.0922 0.0062 0.1576 0.1189 0.1543 0.1176 0.0754 
         123  1 0.1456 0.1306 0.0253 0.0841 0.0132 0.3661 0.0313 0.0156 0.1224 0.0657 
         124  1 0.1319 0.1019 0.0637 0.1136 0.0225 0.2310 0.0541 0.0552 0.1154 0.1107 
         125  1 0.1139 0.1380 0.2230 0.1155 0.0092 0.1110 0.0108 0.0718 0.1025 0.1044 
         126  1 0.0408 0.0373 0.0276 0.0389 0.0095 0.0317 0.0058 0.7169 0.0577 0.0338 
         127  1 0.0049 0.0049 0.0043 0.0046 0.0036 0.0048 0.9592 0.0045 0.0047 0.0045 
         128  1 0.1126 0.1450 0.1292 0.1156 0.0844 0.1069 0.0160 0.0980 0.0925 0.0998 
         129  1 0.0094 0.0097 0.0137 0.0092 0.9109 0.0093 0.0053 0.0072 0.0099 0.0155 
         130  1 0.0117 0.0287 0.5893 0.0121 0.0095 0.0100 0.0073 0.0079 0.0121 0.3113 
         131  1 0.0099 0.0290 0.5918 0.0105 0.0104 0.0091 0.0082 0.0083 0.0112 0.3117 
         132  1 0.1142 0.1392 0.1574 0.0908 0.0510 0.1858 0.0103 0.0220 0.1014 0.1278 
         133  1 0.1367 0.1426 0.0574 0.1417 0.0113 0.1648 0.0321 0.0777 0.1249 0.1108 
         134  1 0.0752 0.0764 0.3007 0.0840 0.0102 0.0648 0.0188 0.0216 0.0764 0.2718 
         135  1 0.0848 0.1391 0.1643 0.1114 0.0104 0.1266 0.0114 0.0634 0.1321 0.1565 
         136  1 0.1306 0.1344 0.0459 0.1322 0.0093 0.1311 0.0292 0.1023 0.1585 0.1265 
         137  1 0.0052 0.0054 0.0045 0.0050 0.0040 0.0052 0.9558 0.0048 0.0053 0.0048 
         138  1 0.0050 0.0053 0.0045 0.0052 0.0039 0.0052 0.9564 0.0048 0.0050 0.0048 
         139  1 0.1459 0.0940 0.1104 0.1606 0.0906 0.0646 0.0199 0.0552 0.1103 0.1485 
         140  1 0.1315 0.1227 0.0522 0.1430 0.0644 0.1696 0.0094 0.0188 0.1669 0.1215 
         141  1 0.1532 0.1282 0.1209 0.1317 0.0078 0.1477 0.0197 0.0176 0.1311 0.1421 
         142  1 0.1675 0.1308 0.1137 0.1879 0.0135 0.0893 0.0157 0.0300 0.1100 0.1415 
         143  1 0.2021 0.1438 0.0807 0.2124 0.0111 0.0652 0.0076 0.0180 0.1170 0.1420 
         144  1 0.1371 0.1501 0.0614 0.0808 0.0769 0.2474 0.0114 0.0548 0.1122 0.0679 
         145  1 0.1188 0.0956 0.0552 0.1518 0.0163 0.1100 0.0931 0.0182 0.1860 0.1551 
         146  1 0.1106 0.0945 0.0299 0.1106 0.1819 0.0855 0.0057 0.1697 0.1335 0.0781 
         147  1 0.1069 0.1503 0.0529 0.1434 0.0094 0.1559 0.0407 0.0163 0.2268 0.0975 
         148  1 0.0998 0.1339 0.0477 0.1639 0.0237 0.1254 0.0170 0.0704 0.2016 0.1166 
         149  1 0.1170 0.1358 0.0393 0.1367 0.0211 0.1840 0.0292 0.0325 0.2217 0.0829 
         150  1 0.1412 0.1126 0.1498 0.1430 0.0397 0.0715 0.0073 0.0868 0.1003 0.1477 
         151  1 0.0862 0.0980 0.0833 0.1160 0.0106 0.1296 0.1546 0.0764 0.1380 0.1071 
         152  1 0.1203 0.1391 0.0379 0.1517 0.0277 0.1626 0.0203 0.0269 0.2240 0.0895 
         153  1 0.1388 0.1018 0.1001 0.1386 0.0260 0.0884 0.0155 0.0571 0.1563 0.1772 
         154  1 0.1483 0.1831 0.0369 0.0615 0.0121 0.3329 0.0301 0.0119 0.1262 0.0571 
         155  1 0.0960 0.1188 0.1169 0.1302 0.0097 0.1097 0.1070 0.0257 0.1293 0.1569 
         156  1 0.1027 0.1284 0.0655 0.1939 0.0543 0.0910 0.0250 0.0395 0.1770 0.1227 
         157  1 0.0718 0.1123 0.3137 0.0798 0.0223 0.0474 0.2201 0.0085 0.0478 0.0763 
         158  1 0.0695 0.1059 0.3150 0.0783 0.0277 0.0522 0.2107 0.0086 0.0516 0.0806 
         159  1 0.0546 0.0872 0.2671 0.0918 0.0130 0.0728 0.0187 0.0116 0.0929 0.2904 
         160  1 0.1555 0.1346 0.0789 0.1889 0.0106 0.1073 0.0164 0.0125 0.1371 0.1582 
         161  1 0.0995 0.0632 0.0188 0.0343 0.0055 0.2272 0.4079 0.0143 0.0507 0.0786 
         162  1 0.1463 0.1667 0.1256 0.1502 0.0667 0.0761 0.0251 0.0356 0.0911 0.1167 
         163  1 0.0735 0.0849 0.0457 0.1005 0.0198 0.0703 0.0277 0.4300 0.0807 0.0668 
         164  1 0.0904 0.0854 0.0566 0.1004 0.1830 0.0559 0.0196 0.2423 0.1007 0.0658 
         165  1 0.1382 0.1606 0.0178 0.0252 0.0047 0.4913 0.0209 0.0106 0.1064 0.0244 
         166  1 0.1474 0.1446 0.0898 0.1073 0.0203 0.1776 0.0180 0.0555 0.1322 0.1073 
         167  1 0.1086 0.1466 0.1362 0.0899 0.0121 0.1673 0.0108 0.0728 0.1239 0.1319 
         168  1 0.1232 0.0930 0.1061 0.1186 0.0049 0.0915 0.0176 0.2250 0.1093 0.1107 
         169  1 0.0937 0.0826 0.2082 0.1165 0.0112 0.0751 0.0122 0.0089 0.1204 0.2712 
         170  1 0.1381 0.1339 0.0198 0.0321 0.0164 0.4466 0.0140 0.0524 0.1056 0.0412 
         171  1 0.0391 0.0786 0.5286 0.0341 0.0331 0.0375 0.0063 0.0144 0.0311 0.1972 
         172  1 0.0874 0.0863 0.0417 0.0992 0.1377 0.0625 0.2771 0.0655 0.0768 0.0657 
         173  1 0.1249 0.0884 0.0370 0.1200 0.0108 0.1240 0.1068 0.2166 0.0848 0.0868 
         174  1 0.1436 0.1246 0.0738 0.1389 0.0053 0.1245 0.0148 0.0494 0.2007 0.1244 
         175  1 0.1115 0.0858 0.0444 0.0990 0.0060 0.1291 0.0322 0.3193 0.1055 0.0672 
         176  1 0.1424 0.1406 0.1277 0.1130 0.0907 0.1636 0.0142 0.0198 0.0967 0.0913 
         177  1 0.0386 0.0552 0.0276 0.0251 0.0057 0.0906 0.0212 0.6725 0.0440 0.0194 
         178  1 0.1308 0.1167 0.1269 0.1109 0.0291 0.1612 0.0406 0.0167 0.1250 0.1420 
         179  1 0.0863 0.1202 0.2286 0.1044 0.0296 0.0961 0.0095 0.0380 0.1139 0.1734 
         180  1 0.1102 0.1096 0.0936 0.1338 0.0481 0.0804 0.0068 0.1648 0.1289 0.1240 
         181  1 0.0871 0.1183 0.0840 0.1091 0.0320 0.0754 0.2259 0.0394 0.1294 0.0992 
         182  1 0.1329 0.1327 0.0724 0.1611 0.0148 0.0930 0.0116 0.1304 0.1430 0.1081 
         183  1 0.1223 0.1241 0.0809 0.1408 0.0097 0.0993 0.1052 0.0175 0.1332 0.1670 
         184  1 0.1353 0.1602 0.0310 0.0291 0.0088 0.4586 0.0143 0.0141 0.1122 0.0365 
         185  1 0.0044 0.0043 0.0044 0.0043 0.9616 0.0043 0.0038 0.0041 0.0044 0.0044 
         186  1 0.0045 0.0043 0.0045 0.0044 0.9611 0.0044 0.0039 0.0041 0.0044 0.0044 
         187  1 0.1376 0.1564 0.0351 0.1508 0.0102 0.1214 0.0125 0.0296 0.2351 0.1113 
         188  1 0.1336 0.1269 0.1446 0.1359 0.0087 0.1061 0.0102 0.0180 0.1577 0.1582 
         189  1 0.1283 0.1363 0.0298 0.1335 0.0151 0.0748 0.1019 0.0760 0.1857 0.1185 
         190  1 0.1384 0.1470 0.0287 0.1276 0.0314 0.0934 0.0336 0.0655 0.2234 0.1109 
         191  1 0.1450 0.1366 0.0803 0.1308 0.0071 0.1274 0.0518 0.0587 0.1645 0.0978 
         192  1 0.0985 0.0663 0.0226 0.0318 0.0055 0.2262 0.4049 0.0134 0.0539 0.0769 
         193  1 0.1465 0.1170 0.0619 0.1705 0.0095 0.1176 0.0310 0.0650 0.1505 0.1305 
         194  1 0.1485 0.1269 0.0585 0.1545 0.0468 0.0759 0.1303 0.0237 0.1162 0.1187 
         195  1 0.1202 0.1254 0.0597 0.1445 0.0214 0.1637 0.0162 0.0687 0.1765 0.1038 
         196  1 0.0471 0.0725 0.5103 0.0370 0.0087 0.0321 0.0174 0.0154 0.0275 0.2321 
         197  1 0.0878 0.0729 0.0339 0.0654 0.0120 0.1625 0.0687 0.3457 0.0911 0.0599 
         198  1 0.1536 0.1429 0.0700 0.1384 0.0581 0.1490 0.0633 0.0170 0.1059 0.1019 
         199  1 0.0970 0.1363 0.1186 0.1404 0.0350 0.1310 0.0377 0.0297 0.1449 0.1295 
         200  1 0.1459 0.1670 0.0667 0.1432 0.0677 0.1270 0.0107 0.0570 0.1163 0.0987 
         201  1 0.1582 0.1153 0.0989 0.1719 0.0360 0.0696 0.0073 0.0152 0.1799 0.1476 
         202  1 0.1574 0.1686 0.0714 0.0880 0.0096 0.3023 0.0175 0.0145 0.1165 0.0542 
         203  1 0.0493 0.0749 0.3041 0.0746 0.0159 0.0531 0.0100 0.0184 0.0983 0.3014 
         204  1 0.1473 0.1676 0.1357 0.1656 0.0365 0.0800 0.0195 0.0254 0.1166 0.1058 
         205  1 0.1194 0.1130 0.0529 0.1400 0.0281 0.0943 0.0338 0.1895 0.1247 0.1042 
         206  1 0.1328 0.1397 0.0667 0.1637 0.0152 0.0892 0.0258 0.1205 0.1464 0.1000 
         207  1 0.0575 0.0824 0.2793 0.0702 0.0093 0.0660 0.1020 0.0174 0.0717 0.2441 
         208  1 0.1315 0.0934 0.1598 0.1226 0.0159 0.1224 0.0385 0.0261 0.1019 0.1877 
         209  1 0.1453 0.1817 0.1370 0.0612 0.0148 0.2943 0.0266 0.0184 0.0903 0.0304 
         210  1 0.1622 0.1260 0.0438 0.1231 0.0085 0.2376 0.0731 0.0150 0.1138 0.0971 
         211  1 0.0908 0.0802 0.1489 0.1032 0.0175 0.0395 0.3171 0.0363 0.0622 0.1042 
         212  1 0.1288 0.1634 0.0970 0.1193 0.0239 0.2229 0.0173 0.0216 0.1291 0.0767 
         213  1 0.1815 0.1340 0.0580 0.1385 0.0082 0.1336 0.0047 0.1177 0.1162 0.1077 
         214  1 0.1547 0.1196 0.1127 0.1528 0.0132 0.1301 0.0485 0.0319 0.1094 0.1270 
         215  1 0.0873 0.0918 0.0412 0.0819 0.4680 0.0541 0.0112 0.0118 0.0772 0.0755 
         216  1 0.0194 0.0202 0.0145 0.0192 0.0131 0.0178 0.0680 0.7911 0.0200 0.0168 
         217  1 0.1245 0.1329 0.1350 0.0927 0.0165 0.1840 0.0176 0.0277 0.1158 0.1533 
         218  1 0.1586 0.1311 0.0802 0.1850 0.0432 0.0828 0.0111 0.0157 0.1639 0.1284 
         219  1 0.0906 0.1106 0.2915 0.0718 0.0232 0.1347 0.0180 0.0579 0.0698 0.1318 
         220  1 0.1330 0.1126 0.1359 0.1468 0.0291 0.0726 0.0597 0.0780 0.1081 0.1242 
         221  1 0.1039 0.1195 0.1379 0.1184 0.0889 0.1242 0.0491 0.0400 0.1207 0.0974 
         222  1 0.1088 0.1106 0.3104 0.1037 0.0369 0.0721 0.0527 0.0190 0.0878 0.0979 
         223  1 0.1327 0.1361 0.0371 0.0844 0.0987 0.3006 0.0137 0.0294 0.1071 0.0602 
         224  1 0.1422 0.1598 0.0992 0.0777 0.0097 0.2752 0.0204 0.0169 0.1222 0.0767 
         225  1 0.1950 0.1262 0.0659 0.2168 0.0224 0.0916 0.0098 0.0386 0.1316 0.1023 
         226  1 0.0249 0.0256 0.0471 0.0229 0.0059 0.0261 0.7590 0.0281 0.0268 0.0337 
         227  1 0.1971 0.1850 0.0576 0.1900 0.0199 0.0755 0.0107 0.0161 0.1080 0.1402 
         228  1 0.1096 0.1125 0.1218 0.1134 0.0706 0.1106 0.0089 0.0485 0.1302 0.1739 
         229  1 0.1225 0.1122 0.0471 0.1451 0.0447 0.0827 0.0189 0.2185 0.1008 0.1074 
         230  1 0.1388 0.0967 0.1159 0.1344 0.0426 0.0819 0.0394 0.1235 0.0987 0.1281 
         231  1 0.1419 0.1513 0.0275 0.0375 0.0141 0.4294 0.0090 0.0440 0.1036 0.0416 
         232  1 0.1387 0.1011 0.1047 0.1294 0.0571 0.0774 0.0106 0.1744 0.0973 0.1092 
         233  1 0.0649 0.0579 0.0263 0.0448 0.0059 0.0620 0.0564 0.5813 0.0589 0.0417 
         234  1 0.0791 0.0832 0.3471 0.0822 0.0135 0.0425 0.0128 0.0893 0.0882 0.1622 
         235  1 0.1661 0.1129 0.1047 0.1849 0.0074 0.0860 0.1029 0.0247 0.1015 0.1091 
         236  1 0.1050 0.1083 0.0415 0.1378 0.0102 0.0871 0.0149 0.2575 0.1439 0.0938 
         237  1 0.1381 0.1140 0.1113 0.1460 0.0792 0.0782 0.0445 0.0608 0.1026 0.1253 
         238  1 0.0373 0.0329 0.0282 0.0365 0.0211 0.0329 0.0914 0.6571 0.0335 0.0290 
         239  1 0.1195 0.1412 0.0870 0.1776 0.0082 0.0993 0.0180 0.0676 0.1754 0.1062 
         240  1 0.1701 0.1286 0.0876 0.1835 0.0549 0.0708 0.0137 0.0285 0.1331 0.1291 
         241  1 0.0970 0.1017 0.0823 0.0939 0.0468 0.0546 0.0277 0.3573 0.0787 0.0599 
         242  1 0.0568 0.0721 0.0313 0.0497 0.0067 0.0828 0.0546 0.5198 0.0804 0.0459 
         243  1 0.1631 0.1233 0.0668 0.1722 0.0317 0.1002 0.0143 0.0289 0.1574 0.1420 
         244  1 0.1286 0.1031 0.1306 0.1308 0.0249 0.1225 0.0281 0.0179 0.1371 0.1762 
         245  1 0.1223 0.1686 0.1012 0.0807 0.0232 0.2410 0.0107 0.0445 0.1301 0.0776 
         246  1 0.1283 0.1108 0.0785 0.1315 0.0921 0.1008 0.0997 0.0596 0.0895 0.1093 
         247  1 0.0992 0.1070 0.1349 0.1169 0.0253 0.0684 0.0244 0.0817 0.1569 0.1853 
         248  1 0.0985 0.1389 0.0399 0.0995 0.0098 0.1675 0.0354 0.2133 0.1383 0.0588 
         249  1 0.0999 0.1074 0.2338 0.1100 0.0193 0.0587 0.0095 0.0521 0.1065 0.2029 
         250  1 0.1295 0.1544 0.1050 0.1342 0.0358 0.1017 0.0191 0.1014 0.1118 0.1071 
         251  1 0.1272 0.1175 0.1043 0.1210 0.0073 0.1470 0.0834 0.0678 0.1171 0.1074 
         252  1 0.1169 0.1241 0.1268 0.1180 0.0282 0.1197 0.0210 0.0276 0.1848 0.1330 
         253  1 0.1511 0.1149 0.0893 0.1587 0.0117 0.0940 0.0125 0.1209 0.1253 0.1216 
         254  1 0.1341 0.1471 0.0440 0.1701 0.0077 0.1233 0.0236 0.0195 0.2245 0.1061 
         255  1 0.1153 0.1167 0.0688 0.1299 0.0347 0.0866 0.0542 0.1684 0.1187 0.1066 
         256  1 0.1140 0.0744 0.0351 0.1360 0.0112 0.0610 0.0111 0.3552 0.1071 0.0948 
         257  1 0.0464 0.0491 0.0316 0.0575 0.0074 0.0417 0.0405 0.6139 0.0797 0.0322 
         258  1 0.0974 0.1378 0.1214 0.1088 0.0208 0.1101 0.0267 0.1611 0.1318 0.0841 
         259  1 0.1678 0.1372 0.0583 0.1485 0.0051 0.1241 0.0139 0.0686 0.1605 0.1159 
         260  1 0.1189 0.1445 0.0409 0.1707 0.0126 0.1054 0.0180 0.0598 0.2047 0.1246 
         261  1 0.1083 0.1479 0.0978 0.1343 0.0430 0.1116 0.0504 0.0210 0.1681 0.1176 
         262  1 0.0758 0.0895 0.0678 0.0832 0.0193 0.0470 0.0557 0.3811 0.1000 0.0805 
         263  1 0.1506 0.1327 0.1330 0.1125 0.0231 0.1633 0.0136 0.0171 0.1101 0.1440 
         264  1 0.1397 0.1272 0.0785 0.1742 0.0099 0.0930 0.0255 0.0758 0.1589 0.1171 
         265  1 0.0959 0.1021 0.0711 0.0931 0.0102 0.1133 0.0607 0.2864 0.0931 0.0741 
         266  1 0.0943 0.1132 0.2457 0.1073 0.0598 0.0790 0.0483 0.0320 0.1139 0.1065 
         267  1 0.1461 0.1469 0.0766 0.1654 0.0404 0.1165 0.0156 0.0351 0.1468 0.1107 
         268  1 0.0683 0.0622 0.0311 0.0660 0.0131 0.0483 0.0126 0.5872 0.0566 0.0548 
         269  1 0.1397 0.1288 0.0413 0.1384 0.0122 0.1381 0.0067 0.1014 0.1971 0.0962 
         270  1 0.1118 0.0861 0.0549 0.1214 0.0162 0.0718 0.0257 0.3041 0.1088 0.0992 
