           1  1 0.3119 0.1898 0.1314 0.3670 
           2  1 0.1588 0.1226 0.5317 0.1869 
           3  1 0.2630 0.2486 0.2205 0.2679 
           4  1 0.3805 0.3136 0.1231 0.1828 
           5  1 0.2275 0.3146 0.2381 0.2198 
           6  1 0.2704 0.4012 0.1395 0.1889 
           7  1 0.2799 0.1524 0.1771 0.3906 
           8  1 0.2812 0.2795 0.2387 0.2005 
           9  1 0.2379 0.2611 0.2010 0.3000 
          10  1 0.1738 0.3578 0.2530 0.2154 
          11  1 0.2407 0.3833 0.1550 0.2209 
          12  1 0.2650 0.3880 0.1470 0.2000 
          13  1 0.3172 0.2140 0.1790 0.2899 
          14  1 0.2632 0.1856 0.2178 0.3334 
          15  1 0.2069 0.1942 0.3879 0.2109 
          16  1 0.2414 0.1350 0.3244 0.2993 
          17  1 0.2843 0.2763 0.2041 0.2352 
          18  1 0.1814 0.2490 0.4092 0.1604 
          19  1 0.1802 0.1955 0.4613 0.1630 
          20  1 0.2573 0.1830 0.2489 0.3108 
          21  1 0.2707 0.2196 0.2860 0.2237 
          22  1 0.2569 0.1700 0.3150 0.2581 
          23  1 0.2510 0.1931 0.2649 0.2909 
          24  1 0.2402 0.2445 0.2547 0.2605 
          25  1 0.2479 0.2973 0.1856 0.2693 
          26  1 0.2064 0.2187 0.3191 0.2558 
          27  1 0.2533 0.1492 0.2688 0.3287 
          28  1 0.2544 0.2529 0.3178 0.1749 
          29  1 0.1893 0.2190 0.3680 0.2237 
          30  1 0.2221 0.1678 0.3452 0.2650 
          31  1 0.2624 0.1934 0.2012 0.3430 
          32  1 0.2480 0.2549 0.2471 0.2499 
          33  1 0.2308 0.2239 0.3203 0.2250 
          34  1 0.2211 0.1498 0.4198 0.2094 
          35  1 0.1674 0.1088 0.5267 0.1971 
          36  1 0.2021 0.1656 0.4705 0.1618 
          37  1 0.2571 0.2716 0.2560 0.2152 
          38  1 0.2653 0.3263 0.1865 0.2218 
          39  1 0.2121 0.1671 0.3924 0.2285 
          40  1 0.2165 0.3831 0.1632 0.2372 
          41  1 0.1427 0.1461 0.5260 0.1852 
          42  1 0.1805 0.1971 0.3829 0.2395 
          43  1 0.2287 0.1432 0.3539 0.2742 
          44  1 0.1784 0.3919 0.2033 0.2263 
          45  1 0.2443 0.2505 0.2848 0.2204 
          46  1 0.2217 0.1644 0.3762 0.2377 
          47  1 0.1467 0.2362 0.4581 0.1590 
          48  1 0.2127 0.2338 0.2937 0.2599 
          49  1 0.1892 0.1439 0.4817 0.1852 
          50  1 0.2118 0.3728 0.1360 0.2795 
          51  1 0.2731 0.2187 0.2900 0.2182 
          52  1 0.2308 0.2177 0.2952 0.2563 
          53  1 0.3181 0.2883 0.2153 0.1784 
          54  1 0.2525 0.2156 0.2966 0.2353 
          55  1 0.3106 0.2963 0.1751 0.2181 
          56  1 0.3248 0.3263 0.1537 0.1952 
          57  1 0.2072 0.2445 0.3289 0.2194 
          58  1 0.2331 0.3229 0.2348 0.2092 
          59  1 0.2601 0.3773 0.1515 0.2110 
          60  1 0.3325 0.1447 0.1210 0.4018 
          61  1 0.2572 0.2879 0.2396 0.2153 
          62  1 0.2507 0.2275 0.2555 0.2663 
          63  1 0.2199 0.1618 0.3342 0.2841 
          64  1 0.2441 0.1507 0.2625 0.3427 
          65  1 0.2857 0.3117 0.1734 0.2291 
          66  1 0.2208 0.2106 0.2889 0.2797 
          67  1 0.2647 0.3228 0.1589 0.2536 
          68  1 0.2634 0.2896 0.2453 0.2017 
          69  1 0.2386 0.2566 0.3330 0.1719 
          70  1 0.2548 0.2335 0.3099 0.2018 
          71  1 0.2546 0.2372 0.3200 0.1882 
          72  1 0.3016 0.3232 0.1793 0.1959 
          73  1 0.3104 0.2073 0.1924 0.2899 
          74  1 0.2598 0.2046 0.3126 0.2231 
          75  1 0.2359 0.1697 0.3490 0.2455 
          76  1 0.2295 0.2595 0.2640 0.2470 
          77  1 0.1964 0.2104 0.4538 0.1395 
          78  1 0.3819 0.3231 0.1021 0.1928 
          79  1 0.2987 0.2775 0.1660 0.2579 
          80  1 0.2636 0.2169 0.2114 0.3081 
          81  1 0.2131 0.2344 0.3948 0.1578 
          82  1 0.2960 0.2167 0.1405 0.3468 
          83  1 0.2663 0.1580 0.2351 0.3406 
          84  1 0.2429 0.1651 0.3694 0.2226 
          85  1 0.1695 0.1526 0.5331 0.1448 
          86  1 0.2228 0.2756 0.3181 0.1834 
          87  1 0.2189 0.3605 0.1314 0.2892 
          88  1 0.2836 0.2358 0.2365 0.2441 
          89  1 0.3249 0.0888 0.1066 0.4797 
          90  1 0.2361 0.2512 0.1947 0.3181 
          91  1 0.2387 0.3511 0.1804 0.2298 
          92  1 0.2700 0.1855 0.2331 0.3115 
          93  1 0.3343 0.0719 0.0992 0.4946 
          94  1 0.2406 0.2029 0.2960 0.2605 
          95  1 0.2051 0.2627 0.3445 0.1877 
          96  1 0.2623 0.1684 0.2440 0.3254 
          97  1 0.1906 0.4696 0.1247 0.2151 
          98  1 0.2579 0.2482 0.2588 0.2352 
          99  1 0.3859 0.2932 0.1182 0.2028 
         100  1 0.2782 0.2292 0.3095 0.1831 
         101  1 0.3101 0.1714 0.1908 0.3278 
         102  1 0.3206 0.2364 0.2432 0.1998 
         103  1 0.1881 0.1381 0.4254 0.2484 
         104  1 0.2175 0.2922 0.2521 0.2382 
         105  1 0.2880 0.1964 0.2229 0.2927 
         106  1 0.2781 0.0979 0.2209 0.4031 
         107  1 0.3073 0.2144 0.1944 0.2839 
         108  1 0.2635 0.2130 0.1751 0.3484 
         109  1 0.2721 0.2272 0.3086 0.1921 
         110  1 0.2188 0.3204 0.2262 0.2345 
         111  1 0.1633 0.1534 0.5176 0.1657 
         112  1 0.2603 0.1904 0.2365 0.3128 
         113  1 0.2110 0.3429 0.2174 0.2287 
         114  1 0.2756 0.0978 0.2228 0.4038 
         115  1 0.2536 0.2674 0.2669 0.2121 
         116  1 0.3501 0.2213 0.1513 0.2772 
         117  1 0.2539 0.2800 0.1363 0.3299 
         118  1 0.2409 0.2989 0.2352 0.2250 
         119  1 0.2698 0.2170 0.2636 0.2495 
         120  1 0.3856 0.2898 0.1220 0.2026 
         121  1 0.2035 0.3368 0.2108 0.2490 
         122  1 0.2634 0.4036 0.1279 0.2051 
         123  1 0.1666 0.3514 0.3089 0.1731 
         124  1 0.1944 0.2822 0.3317 0.1917 
         125  1 0.2633 0.2245 0.2518 0.2603 
         126  1 0.3752 0.3015 0.1287 0.1947 
         127  1 0.1769 0.5332 0.0614 0.2286 
         128  1 0.2964 0.1926 0.1550 0.3561 
         129  1 0.3360 0.0724 0.0979 0.4938 
         130  1 0.3239 0.0831 0.1195 0.4735 
         131  1 0.3288 0.0837 0.1078 0.4797 
         132  1 0.2713 0.2087 0.1798 0.3402 
         133  1 0.2088 0.2941 0.2861 0.2111 
         134  1 0.2095 0.1900 0.3364 0.2641 
         135  1 0.2358 0.2999 0.2222 0.2420 
         136  1 0.3114 0.2989 0.1834 0.2063 
         137  1 0.1821 0.5219 0.0667 0.2293 
         138  1 0.1803 0.5240 0.0659 0.2298 
         139  1 0.2642 0.1601 0.2794 0.2964 
         140  1 0.2151 0.1663 0.3576 0.2610 
         141  1 0.2114 0.2788 0.2543 0.2555 
         142  1 0.2099 0.2110 0.3411 0.2380 
         143  1 0.1496 0.1190 0.5802 0.1513 
         144  1 0.2476 0.2499 0.2122 0.2903 
         145  1 0.1903 0.2444 0.3668 0.1986 
         146  1 0.3170 0.2019 0.2387 0.2424 
         147  1 0.2174 0.3298 0.2370 0.2159 
         148  1 0.2920 0.2431 0.2201 0.2449 
         149  1 0.2166 0.2688 0.2891 0.2256 
         150  1 0.2419 0.1293 0.3390 0.2898 
         151  1 0.2484 0.3401 0.2084 0.2031 
         152  1 0.2021 0.2538 0.3437 0.2003 
         153  1 0.2206 0.1900 0.3661 0.2233 
         154  1 0.1709 0.4055 0.2023 0.2213 
         155  1 0.2070 0.3249 0.2434 0.2248 
         156  1 0.3055 0.1801 0.2017 0.3127 
         157  1 0.2147 0.1553 0.3297 0.3003 
         158  1 0.2142 0.1462 0.3419 0.2977 
         159  1 0.2211 0.2363 0.2739 0.2687 
         160  1 0.1466 0.1703 0.5110 0.1721 
         161  1 0.1741 0.3808 0.2454 0.1997 
         162  1 0.2685 0.1322 0.2314 0.3679 
         163  1 0.3308 0.2889 0.1806 0.1997 
         164  1 0.3389 0.2455 0.1468 0.2689 
         165  1 0.1694 0.4507 0.1692 0.2107 
         166  1 0.2389 0.2723 0.2320 0.2568 
         167  1 0.2209 0.3222 0.2074 0.2495 
         168  1 0.2973 0.2647 0.2314 0.2065 
         169  1 0.2190 0.1380 0.3602 0.2827 
         170  1 0.1991 0.3769 0.2144 0.2096 
         171  1 0.3088 0.1008 0.1446 0.4458 
         172  1 0.2510 0.3230 0.1852 0.2407 
         173  1 0.2294 0.3297 0.2590 0.1819 
         174  1 0.2340 0.2588 0.3228 0.1843 
         175  1 0.2593 0.3362 0.2265 0.1780 
         176  1 0.2339 0.1990 0.2630 0.3041 
         177  1 0.3041 0.4036 0.0961 0.1962 
         178  1 0.2260 0.2639 0.2320 0.2781 
         179  1 0.2917 0.1590 0.1988 0.3505 
         180  1 0.2959 0.1960 0.2494 0.2588 
         181  1 0.2970 0.2674 0.1360 0.2996 
         182  1 0.2730 0.2553 0.2564 0.2153 
         183  1 0.1691 0.2864 0.3502 0.1942 
         184  1 0.1836 0.4217 0.1679 0.2268 
         185  1 0.3264 0.0910 0.1031 0.4794 
         186  1 0.3262 0.0943 0.1022 0.4772 
         187  1 0.1847 0.2091 0.4467 0.1595 
         188  1 0.2395 0.1820 0.3225 0.2560 
         189  1 0.3062 0.2966 0.1942 0.2030 
         190  1 0.2917 0.2427 0.2721 0.1936 
         191  1 0.2410 0.3098 0.2461 0.2031 
         192  1 0.1762 0.3775 0.2452 0.2012 
         193  1 0.2624 0.2652 0.2819 0.1905 
         194  1 0.2143 0.2133 0.3335 0.2389 
         195  1 0.2296 0.2535 0.3505 0.1664 
         196  1 0.2669 0.1453 0.2202 0.3676 
         197  1 0.2840 0.3634 0.1491 0.2035 
         198  1 0.2186 0.2569 0.2391 0.2854 
         199  1 0.2823 0.2348 0.1833 0.2997 
         200  1 0.2400 0.1982 0.3091 0.2527 
         201  1 0.2206 0.1152 0.3823 0.2819 
         202  1 0.1717 0.3182 0.2927 0.2174 
         203  1 0.2646 0.1401 0.2571 0.3382 
         204  1 0.2357 0.1769 0.3067 0.2807 
         205  1 0.2995 0.2677 0.1998 0.2330 
         206  1 0.2448 0.2270 0.3528 0.1754 
         207  1 0.2102 0.3138 0.2152 0.2608 
         208  1 0.2126 0.2231 0.3402 0.2241 
         209  1 0.2204 0.3384 0.1658 0.2754 
         210  1 0.1821 0.3461 0.2634 0.2084 
         211  1 0.1996 0.2829 0.2779 0.2396 
         212  1 0.1757 0.2895 0.3489 0.1860 
         213  1 0.1570 0.1826 0.5182 0.1422 
         214  1 0.1985 0.1857 0.4155 0.2003 
         215  1 0.2773 0.0957 0.2455 0.3815 
         216  1 0.3532 0.3439 0.1068 0.1961 
         217  1 0.2534 0.2415 0.2010 0.3041 
         218  1 0.2241 0.1398 0.3884 0.2477 
         219  1 0.2491 0.2240 0.2218 0.3051 
         220  1 0.2373 0.2295 0.2739 0.2593 
         221  1 0.2437 0.2647 0.1989 0.2927 
         222  1 0.2600 0.1676 0.2391 0.3333 
         223  1 0.2231 0.2844 0.2400 0.2525 
         224  1 0.1877 0.3612 0.2283 0.2228 
         225  1 0.1748 0.1756 0.4695 0.1802 
         226  1 0.2021 0.4736 0.0910 0.2333 
         227  1 0.1529 0.1051 0.5756 0.1664 
         228  1 0.2763 0.1781 0.2270 0.3187 
         229  1 0.2812 0.2350 0.2645 0.2194 
         230  1 0.2807 0.2364 0.2081 0.2747 
         231  1 0.2042 0.3248 0.2374 0.2336 
         232  1 0.2693 0.1866 0.2627 0.2813 
         233  1 0.3006 0.4010 0.1000 0.1983 
         234  1 0.3237 0.1757 0.1671 0.3334 
         235  1 0.1642 0.2854 0.3720 0.1784 
         236  1 0.3309 0.3130 0.1647 0.1913 
         237  1 0.2692 0.2152 0.2368 0.2788 
         238  1 0.3180 0.3419 0.1357 0.2044 
         239  1 0.3021 0.2308 0.2511 0.2160 
         240  1 0.2412 0.1510 0.3077 0.3001 
         241  1 0.3210 0.2470 0.1807 0.2513 
         242  1 0.3276 0.3713 0.1069 0.1942 
         243  1 0.2321 0.1572 0.3814 0.2293 
         244  1 0.2215 0.1993 0.3219 0.2572 
         245  1 0.2461 0.3012 0.1840 0.2687 
         246  1 0.2364 0.2467 0.2400 0.2769 
         247  1 0.3065 0.2455 0.1566 0.2913 
         248  1 0.2335 0.3979 0.1722 0.1963 
         249  1 0.3027 0.1836 0.1987 0.3149 
         250  1 0.2997 0.2029 0.1996 0.2978 
         251  1 0.2421 0.3442 0.1950 0.2186 
         252  1 0.2549 0.2276 0.2389 0.2785 
         253  1 0.2943 0.2431 0.2535 0.2092 
         254  1 0.2135 0.2373 0.3519 0.1973 
         255  1 0.2957 0.2923 0.1771 0.2349 
         256  1 0.2841 0.2515 0.3041 0.1602 
         257  1 0.3690 0.3489 0.0936 0.1886 
         258  1 0.2834 0.3040 0.1688 0.2438 
         259  1 0.2153 0.2341 0.3909 0.1597 
         260  1 0.3108 0.2735 0.2092 0.2065 
         261  1 0.2726 0.2231 0.2329 0.2715 
         262  1 0.3451 0.2724 0.1475 0.2349 
         263  1 0.2302 0.2327 0.2366 0.3006 
         264  1 0.2662 0.2774 0.2354 0.2209 
         265  1 0.2556 0.3571 0.1584 0.2290 
         266  1 0.2914 0.1804 0.2001 0.3281 
         267  1 0.2551 0.2102 0.2633 0.2715 
         268  1 0.2963 0.2554 0.2609 0.1874 
         269  1 0.2360 0.2222 0.3707 0.1710 
         270  1 0.3022 0.2422 0.2432 0.2124 
