           1  1 0.0966 0.3811 0.1359 0.1261 0.0992 0.1612 
           2  1 0.1016 0.1659 0.1626 0.0439 0.3353 0.1906 
           3  1 0.3170 0.1286 0.1247 0.1241 0.1495 0.1559 
           4  1 0.0387 0.0345 0.0406 0.8035 0.0437 0.0390 
           5  1 0.1399 0.1152 0.2574 0.1330 0.1987 0.1558 
           6  1 0.4087 0.0581 0.0900 0.3062 0.0807 0.0563 
           7  1 0.1200 0.3834 0.1427 0.0383 0.1240 0.1916 
           8  1 0.0967 0.1198 0.1669 0.3378 0.1598 0.1191 
           9  1 0.1879 0.1214 0.1708 0.0432 0.1557 0.3211 
          10  1 0.2330 0.1250 0.2803 0.0509 0.1917 0.1189 
          11  1 0.6209 0.0426 0.0736 0.0989 0.0778 0.0862 
          12  1 0.4176 0.0524 0.0836 0.2971 0.0859 0.0634 
          13  1 0.0737 0.2134 0.1186 0.3333 0.1214 0.1395 
          14  1 0.0903 0.2684 0.1930 0.0695 0.1680 0.2108 
          15  1 0.0936 0.1282 0.2301 0.0735 0.2700 0.2047 
          16  1 0.0575 0.4133 0.1409 0.0687 0.1665 0.1532 
          17  1 0.2040 0.1354 0.1369 0.2429 0.1539 0.1269 
          18  1 0.2177 0.1144 0.1371 0.1414 0.2616 0.1279 
          19  1 0.0524 0.0938 0.2296 0.1078 0.3014 0.2149 
          20  1 0.1108 0.1505 0.1746 0.0958 0.2117 0.2566 
          21  1 0.0873 0.1394 0.1424 0.2845 0.1982 0.1482 
          22  1 0.0573 0.2519 0.1659 0.1555 0.1965 0.1729 
          23  1 0.1144 0.3513 0.1665 0.0825 0.1413 0.1440 
          24  1 0.1240 0.2733 0.1883 0.1122 0.1697 0.1325 
          25  1 0.2363 0.1464 0.1592 0.1341 0.1594 0.1645 
          26  1 0.0781 0.1372 0.2641 0.0622 0.2158 0.2425 
          27  1 0.0753 0.2344 0.2013 0.0551 0.1851 0.2488 
          28  1 0.0750 0.0909 0.1636 0.3040 0.2103 0.1562 
          29  1 0.1044 0.1292 0.2020 0.0579 0.2692 0.2373 
          30  1 0.0936 0.1827 0.1675 0.0951 0.2721 0.1889 
          31  1 0.1738 0.1874 0.1611 0.0608 0.1771 0.2398 
          32  1 0.1287 0.1148 0.1994 0.1264 0.1902 0.2404 
          33  1 0.2246 0.1417 0.1672 0.1159 0.2018 0.1489 
          34  1 0.0841 0.1437 0.1800 0.1113 0.2939 0.1870 
          35  1 0.0666 0.1645 0.1587 0.0497 0.3565 0.2040 
          36  1 0.0823 0.1126 0.1898 0.1190 0.3123 0.1840 
          37  1 0.1327 0.1503 0.1840 0.2113 0.1902 0.1313 
          38  1 0.2419 0.1197 0.1419 0.2149 0.1517 0.1299 
          39  1 0.0742 0.1249 0.1961 0.0818 0.2814 0.2416 
          40  1 0.6045 0.0675 0.0826 0.0643 0.0941 0.0869 
          41  1 0.1180 0.1373 0.1576 0.0314 0.3401 0.2157 
          42  1 0.1104 0.1739 0.2116 0.0424 0.2730 0.1886 
          43  1 0.0448 0.2180 0.1824 0.1058 0.2530 0.1961 
          44  1 0.3134 0.0927 0.2221 0.0614 0.1570 0.1533 
          45  1 0.0989 0.1248 0.1740 0.1883 0.2169 0.1971 
          46  1 0.0604 0.2523 0.1669 0.1147 0.2300 0.1756 
          47  1 0.2115 0.0973 0.2095 0.0536 0.2659 0.1623 
          48  1 0.1699 0.1750 0.1947 0.0838 0.2018 0.1748 
          49  1 0.0595 0.1988 0.1671 0.1057 0.3008 0.1681 
          50  1 0.2546 0.1855 0.2383 0.0585 0.1304 0.1328 
          51  1 0.0620 0.1345 0.1208 0.3798 0.1760 0.1270 
          52  1 0.2411 0.1658 0.1474 0.1057 0.1858 0.1541 
          53  1 0.0488 0.0562 0.0979 0.5742 0.1212 0.1018 
          54  1 0.0944 0.1454 0.1706 0.1837 0.2218 0.1841 
          55  1 0.1120 0.0895 0.1141 0.4530 0.1200 0.1112 
          56  1 0.3878 0.0594 0.0851 0.3081 0.0881 0.0716 
          57  1 0.2008 0.1866 0.1706 0.0822 0.2154 0.1444 
          58  1 0.3285 0.0958 0.1520 0.1642 0.1513 0.1083 
          59  1 0.2165 0.0720 0.1198 0.3905 0.1027 0.0985 
          60  1 0.0371 0.4114 0.1335 0.1624 0.0966 0.1591 
          61  1 0.1121 0.1122 0.1960 0.1936 0.1867 0.1992 
          62  1 0.0881 0.2711 0.1556 0.1649 0.1904 0.1299 
          63  1 0.0686 0.1604 0.1826 0.0674 0.2171 0.3039 
          64  1 0.1058 0.3665 0.1603 0.0450 0.1618 0.1606 
          65  1 0.4235 0.1019 0.1186 0.1537 0.1058 0.0965 
          66  1 0.2429 0.2061 0.1500 0.0425 0.1798 0.1788 
          67  1 0.1780 0.1142 0.1739 0.2695 0.1306 0.1338 
          68  1 0.1232 0.1070 0.1743 0.2971 0.1729 0.1255 
          69  1 0.0830 0.0951 0.2126 0.2191 0.2351 0.1551 
          70  1 0.0762 0.1113 0.2035 0.2045 0.2324 0.1721 
          71  1 0.0597 0.1610 0.1852 0.2411 0.2088 0.1442 
          72  1 0.2443 0.0624 0.1325 0.3362 0.1284 0.0962 
          73  1 0.0650 0.1054 0.1845 0.1745 0.1824 0.2882 
          74  1 0.0635 0.1572 0.1834 0.1911 0.2314 0.1734 
          75  1 0.0580 0.2725 0.1637 0.1178 0.2277 0.1603 
          76  1 0.0750 0.1677 0.3185 0.1119 0.1883 0.1387 
          77  1 0.0535 0.0806 0.2398 0.1541 0.2992 0.1727 
          78  1 0.0521 0.0385 0.0529 0.7493 0.0542 0.0530 
          79  1 0.1301 0.1888 0.1629 0.2640 0.1325 0.1216 
          80  1 0.0850 0.3649 0.1738 0.1129 0.1327 0.1307 
          81  1 0.0784 0.1036 0.2724 0.1324 0.2530 0.1602 
          82  1 0.0897 0.3242 0.1519 0.1622 0.1131 0.1590 
          83  1 0.0495 0.3552 0.1920 0.1021 0.1578 0.1434 
          84  1 0.0552 0.1838 0.1792 0.1253 0.2525 0.2038 
          85  1 0.0407 0.1179 0.2116 0.0929 0.3527 0.1842 
          86  1 0.1501 0.1074 0.2336 0.1575 0.2237 0.1277 
          87  1 0.2169 0.2314 0.2440 0.0644 0.1233 0.1199 
          88  1 0.0893 0.1277 0.1631 0.2450 0.1859 0.1890 
          89  1 0.0225 0.6638 0.1180 0.0239 0.0331 0.1387 
          90  1 0.1393 0.2580 0.2267 0.0571 0.1612 0.1578 
          91  1 0.2364 0.1104 0.1981 0.1674 0.1549 0.1328 
          92  1 0.0962 0.2332 0.1420 0.1608 0.1760 0.1919 
          93  1 0.0216 0.6472 0.1229 0.0267 0.0405 0.1412 
          94  1 0.1144 0.2373 0.1653 0.1258 0.1922 0.1649 
          95  1 0.0840 0.1420 0.2575 0.1163 0.2440 0.1563 
          96  1 0.0506 0.1083 0.2125 0.0451 0.1761 0.4075 
          97  1 0.5548 0.0701 0.1704 0.0758 0.0724 0.0564 
          98  1 0.0540 0.1334 0.2632 0.1850 0.1843 0.1801 
          99  1 0.0252 0.0610 0.0447 0.7756 0.0469 0.0465 
         100  1 0.2467 0.0808 0.1605 0.1818 0.1918 0.1384 
         101  1 0.0824 0.3516 0.1584 0.1150 0.1273 0.1654 
         102  1 0.0421 0.0823 0.1071 0.5031 0.1468 0.1186 
         103  1 0.0482 0.1259 0.2007 0.0378 0.2477 0.3397 
         104  1 0.1238 0.1331 0.2594 0.0897 0.1990 0.1950 
         105  1 0.0742 0.2654 0.1394 0.1833 0.1737 0.1640 
         106  1 0.0320 0.1055 0.1823 0.0307 0.1865 0.4629 
         107  1 0.1082 0.2391 0.1527 0.1787 0.1617 0.1596 
         108  1 0.1021 0.1476 0.2006 0.0582 0.1810 0.3105 
         109  1 0.1732 0.0904 0.1292 0.2467 0.2075 0.1529 
         110  1 0.2088 0.1197 0.1913 0.1186 0.1673 0.1942 
         111  1 0.0595 0.2180 0.1796 0.0745 0.3064 0.1620 
         112  1 0.0619 0.3068 0.2287 0.0979 0.1628 0.1419 
         113  1 0.2226 0.1143 0.1991 0.1474 0.1785 0.1380 
         114  1 0.0323 0.1093 0.1816 0.0303 0.1861 0.4603 
         115  1 0.1211 0.1013 0.1675 0.2394 0.2030 0.1678 
         116  1 0.0439 0.2631 0.1187 0.3600 0.0944 0.1199 
         117  1 0.1945 0.3037 0.1795 0.0823 0.1045 0.1355 
         118  1 0.0917 0.1176 0.2374 0.1787 0.1973 0.1773 
         119  1 0.0826 0.1275 0.1384 0.3077 0.1777 0.1661 
         120  1 0.0259 0.0593 0.0447 0.7753 0.0478 0.0470 
         121  1 0.2381 0.1080 0.2312 0.0595 0.1797 0.1835 
         122  1 0.4111 0.0572 0.1226 0.2297 0.0924 0.0869 
         123  1 0.2711 0.1090 0.2601 0.0614 0.1896 0.1087 
         124  1 0.2296 0.1483 0.1550 0.1254 0.2181 0.1236 
         125  1 0.0742 0.1327 0.1930 0.1945 0.2110 0.1946 
         126  1 0.0372 0.0518 0.0619 0.7150 0.0665 0.0676 
         127  1 0.8865 0.0227 0.0230 0.0215 0.0238 0.0226 
         128  1 0.0878 0.3508 0.1456 0.1506 0.1128 0.1524 
         129  1 0.0210 0.6475 0.1232 0.0283 0.0419 0.1381 
         130  1 0.0333 0.1231 0.1602 0.0376 0.1688 0.4769 
         131  1 0.0366 0.1185 0.1608 0.0364 0.1673 0.4806 
         132  1 0.0810 0.2193 0.2382 0.0690 0.1609 0.2317 
         133  1 0.1835 0.1152 0.2157 0.1344 0.2047 0.1464 
         134  1 0.0628 0.1196 0.2026 0.0577 0.2119 0.3455 
         135  1 0.0724 0.0983 0.2393 0.1411 0.1606 0.2883 
         136  1 0.1840 0.0843 0.1500 0.3228 0.1413 0.1176 
         137  1 0.8772 0.0247 0.0256 0.0240 0.0246 0.0239 
         138  1 0.8769 0.0241 0.0250 0.0243 0.0253 0.0243 
         139  1 0.0787 0.1826 0.1576 0.1307 0.2234 0.2270 
         140  1 0.0519 0.2182 0.2487 0.0619 0.2290 0.1903 
         141  1 0.1242 0.1094 0.2431 0.0598 0.1986 0.2650 
         142  1 0.0886 0.1317 0.1872 0.1037 0.2608 0.2280 
         143  1 0.0399 0.1285 0.1765 0.0785 0.3845 0.1921 
         144  1 0.0955 0.2992 0.2229 0.1165 0.1354 0.1304 
         145  1 0.1969 0.1023 0.1950 0.0701 0.2211 0.2146 
         146  1 0.0266 0.2749 0.1491 0.3096 0.1223 0.1174 
         147  1 0.1655 0.1040 0.2634 0.0925 0.1926 0.1818 
         148  1 0.0678 0.1344 0.1861 0.2275 0.1762 0.2080 
         149  1 0.1180 0.1526 0.2641 0.1002 0.2017 0.1633 
         150  1 0.0409 0.1986 0.1657 0.1319 0.2336 0.2292 
         151  1 0.3099 0.0821 0.1311 0.1883 0.1458 0.1427 
         152  1 0.0920 0.1380 0.2507 0.0964 0.2412 0.1817 
         153  1 0.0732 0.1166 0.1795 0.1304 0.2460 0.2543 
         154  1 0.2641 0.1189 0.2975 0.0479 0.1521 0.1196 
         155  1 0.2183 0.0988 0.1832 0.0749 0.1797 0.2452 
         156  1 0.0982 0.3106 0.1587 0.1184 0.1456 0.1685 
         157  1 0.1723 0.2908 0.1559 0.0306 0.1567 0.1936 
         158  1 0.1634 0.2867 0.1530 0.0313 0.1660 0.1997 
         159  1 0.0862 0.1109 0.2084 0.0466 0.1854 0.3626 
         160  1 0.0882 0.1110 0.2060 0.0466 0.3335 0.2146 
         161  1 0.6649 0.0479 0.0844 0.0470 0.0902 0.0657 
         162  1 0.0872 0.3584 0.1550 0.0590 0.1630 0.1774 
         163  1 0.1035 0.0897 0.0892 0.5171 0.1103 0.0902 
         164  1 0.0674 0.2195 0.1190 0.3626 0.1055 0.1260 
         165  1 0.3649 0.1024 0.2892 0.0492 0.1167 0.0775 
         166  1 0.1064 0.1367 0.2355 0.1361 0.1862 0.1991 
         167  1 0.1016 0.1068 0.2596 0.1372 0.1541 0.2408 
         168  1 0.1044 0.0702 0.1449 0.3571 0.1574 0.1660 
         169  1 0.0622 0.1152 0.1927 0.0388 0.2208 0.3703 
         170  1 0.2718 0.1165 0.2628 0.1163 0.1336 0.0990 
         171  1 0.0375 0.1728 0.1789 0.0509 0.1706 0.3892 
         172  1 0.3644 0.1746 0.1109 0.1271 0.1173 0.1056 
         173  1 0.3463 0.0800 0.1189 0.1964 0.1692 0.0891 
         174  1 0.0787 0.0946 0.2498 0.1750 0.2118 0.1901 
         175  1 0.1438 0.0627 0.1338 0.4144 0.1476 0.0977 
         176  1 0.0855 0.2677 0.2000 0.0616 0.1954 0.1899 
         177  1 0.1413 0.0460 0.1003 0.6163 0.0528 0.0433 
         178  1 0.1444 0.1519 0.2207 0.0520 0.1704 0.2606 
         179  1 0.0470 0.1924 0.1834 0.0933 0.1824 0.3015 
         180  1 0.0358 0.1379 0.1512 0.2831 0.1873 0.2047 
         181  1 0.3605 0.1866 0.1170 0.1224 0.0950 0.1184 
         182  1 0.0671 0.1212 0.1760 0.2957 0.1915 0.1485 
         183  1 0.2063 0.0876 0.1887 0.0521 0.2454 0.2200 
         184  1 0.2624 0.1186 0.3091 0.0594 0.1283 0.1221 
         185  1 0.0239 0.6597 0.1181 0.0254 0.0326 0.1404 
         186  1 0.0241 0.6603 0.1177 0.0258 0.0318 0.1404 
         187  1 0.0581 0.0954 0.2675 0.1137 0.2787 0.1865 
         188  1 0.0576 0.1441 0.2269 0.0855 0.2417 0.2442 
         189  1 0.2995 0.0901 0.1254 0.2387 0.1363 0.1100 
         190  1 0.1392 0.1315 0.1651 0.2426 0.1817 0.1398 
         191  1 0.2086 0.0964 0.1944 0.1668 0.1957 0.1381 
         192  1 0.6618 0.0488 0.0864 0.0466 0.0870 0.0694 
         193  1 0.1833 0.0890 0.1531 0.2123 0.1956 0.1667 
         194  1 0.2907 0.1853 0.1231 0.0719 0.1792 0.1497 
         195  1 0.1265 0.1400 0.1849 0.1830 0.2252 0.1405 
         196  1 0.0921 0.1037 0.1707 0.0547 0.1864 0.3924 
         197  1 0.2630 0.0751 0.1144 0.3861 0.0911 0.0702 
         198  1 0.1861 0.2375 0.1965 0.0505 0.1646 0.1649 
         199  1 0.1966 0.2044 0.1508 0.1220 0.1448 0.1815 
         200  1 0.0692 0.2961 0.1853 0.1351 0.1730 0.1413 
         201  1 0.0361 0.1813 0.2268 0.0595 0.2523 0.2440 
         202  1 0.1881 0.1192 0.3101 0.0444 0.1960 0.1421 
         203  1 0.0386 0.1161 0.1933 0.0555 0.1776 0.4188 
         204  1 0.0845 0.3181 0.1694 0.0816 0.1820 0.1644 
         205  1 0.1236 0.1412 0.1445 0.3011 0.1453 0.1443 
         206  1 0.1290 0.1088 0.1620 0.2454 0.2134 0.1415 
         207  1 0.1647 0.0945 0.1952 0.0540 0.1716 0.3199 
         208  1 0.2257 0.0898 0.1513 0.0827 0.2185 0.2320 
         209  1 0.2279 0.1966 0.2373 0.0715 0.1420 0.1246 
         210  1 0.4046 0.0957 0.1649 0.0633 0.1575 0.1140 
         211  1 0.4148 0.0960 0.1092 0.0670 0.1607 0.1523 
         212  1 0.1327 0.1520 0.2813 0.0759 0.2339 0.1242 
         213  1 0.0395 0.1057 0.2235 0.1418 0.3232 0.1663 
         214  1 0.1748 0.1199 0.1735 0.0986 0.2544 0.1788 
         215  1 0.0352 0.5207 0.1509 0.0357 0.1007 0.1569 
         216  1 0.1507 0.0621 0.0528 0.6407 0.0498 0.0439 
         217  1 0.1252 0.1553 0.2138 0.0871 0.1691 0.2495 
         218  1 0.0597 0.2361 0.2073 0.0759 0.2410 0.1801 
         219  1 0.1086 0.1638 0.1877 0.1153 0.1822 0.2424 
         220  1 0.1743 0.1575 0.1576 0.1363 0.2032 0.1711 
         221  1 0.1383 0.2747 0.1897 0.0892 0.1436 0.1645 
         222  1 0.0856 0.3073 0.1733 0.0614 0.1772 0.1952 
         223  1 0.1500 0.2543 0.2332 0.0893 0.1470 0.1262 
         224  1 0.1742 0.1048 0.2971 0.0598 0.1701 0.1941 
         225  1 0.0750 0.1510 0.1831 0.1106 0.3150 0.1653 
         226  1 0.7241 0.0401 0.0602 0.0595 0.0531 0.0631 
         227  1 0.0585 0.1688 0.1545 0.0552 0.3753 0.1876 
         228  1 0.0569 0.1858 0.1944 0.1142 0.1769 0.2717 
         229  1 0.0791 0.2271 0.1310 0.2783 0.1614 0.1230 
         230  1 0.1765 0.1244 0.1368 0.2109 0.1727 0.1787 
         231  1 0.1916 0.1534 0.2813 0.1037 0.1482 0.1217 
         232  1 0.0519 0.2296 0.1532 0.2145 0.1736 0.1772 
         233  1 0.2860 0.0426 0.0820 0.4832 0.0582 0.0481 
         234  1 0.0525 0.1264 0.1531 0.2192 0.1632 0.2855 
         235  1 0.3203 0.0757 0.1413 0.0766 0.2422 0.1439 
         236  1 0.1082 0.0795 0.1205 0.4723 0.1237 0.0958 
         237  1 0.1184 0.2236 0.1595 0.1589 0.1747 0.1648 
         238  1 0.1640 0.0686 0.0680 0.5542 0.0765 0.0687 
         239  1 0.1068 0.0998 0.1632 0.2792 0.1811 0.1699 
         240  1 0.0820 0.2403 0.1660 0.0788 0.2366 0.1963 
         241  1 0.0859 0.2064 0.1046 0.3905 0.1140 0.0986 
         242  1 0.2006 0.0465 0.0815 0.5551 0.0657 0.0507 
         243  1 0.0664 0.1776 0.1964 0.0982 0.2530 0.2084 
         244  1 0.1215 0.1229 0.2047 0.0697 0.2171 0.2642 
         245  1 0.1048 0.1605 0.2674 0.1326 0.1586 0.1760 
         246  1 0.2163 0.2224 0.1382 0.1072 0.1665 0.1493 
         247  1 0.1740 0.1155 0.1399 0.1967 0.1417 0.2322 
         248  1 0.1956 0.0880 0.2120 0.2605 0.1311 0.1128 
         249  1 0.0576 0.1559 0.1651 0.1557 0.1792 0.2865 
         250  1 0.1159 0.2632 0.1312 0.2067 0.1389 0.1442 
         251  1 0.3630 0.0802 0.1430 0.1455 0.1345 0.1337 
         252  1 0.0828 0.1604 0.2300 0.0973 0.1820 0.2475 
         253  1 0.0692 0.1161 0.1599 0.3134 0.1909 0.1504 
         254  1 0.1150 0.1072 0.2587 0.1117 0.2396 0.1679 
         255  1 0.1776 0.1436 0.1268 0.2936 0.1301 0.1283 
         256  1 0.0712 0.0672 0.1042 0.4865 0.1708 0.1000 
         257  1 0.0988 0.0444 0.0725 0.6813 0.0548 0.0482 
         258  1 0.1185 0.1468 0.1603 0.2959 0.1457 0.1327 
         259  1 0.0919 0.0881 0.2151 0.2062 0.2542 0.1446 
         260  1 0.1723 0.1254 0.1549 0.2725 0.1545 0.1204 
         261  1 0.2530 0.1968 0.1507 0.0969 0.1487 0.1538 
         262  1 0.1317 0.0982 0.0947 0.4554 0.1079 0.1120 
         263  1 0.1177 0.1562 0.2251 0.0624 0.1903 0.2484 
         264  1 0.1068 0.1158 0.1901 0.2176 0.1967 0.1730 
         265  1 0.2220 0.0824 0.1357 0.3121 0.1302 0.1176 
         266  1 0.1147 0.2808 0.1651 0.1106 0.1418 0.1870 
         267  1 0.0920 0.2316 0.1925 0.1181 0.2016 0.1642 
         268  1 0.0660 0.1127 0.1154 0.4733 0.1454 0.0873 
         269  1 0.0420 0.0994 0.2514 0.2320 0.2229 0.1522 
         270  1 0.0785 0.1308 0.1197 0.3791 0.1654 0.1264 
