           1  1 0.0955 0.0823 0.0722 0.1048 0.1021 0.4344 0.1088 
           2  1 0.2623 0.3136 0.0507 0.1171 0.0329 0.1148 0.1085 
           3  1 0.1216 0.1169 0.0697 0.3558 0.0975 0.0847 0.1537 
           4  1 0.0311 0.0323 0.0282 0.0294 0.8300 0.0218 0.0272 
           5  1 0.1657 0.1631 0.3377 0.0712 0.0877 0.0479 0.1266 
           6  1 0.0662 0.0706 0.1061 0.4078 0.2758 0.0321 0.0414 
           7  1 0.1100 0.1037 0.0948 0.1178 0.0281 0.4095 0.1361 
           8  1 0.1483 0.1548 0.1453 0.0535 0.3300 0.0803 0.0878 
           9  1 0.1482 0.1048 0.0951 0.1826 0.0347 0.0738 0.3606 
          10  1 0.1159 0.1321 0.4826 0.1044 0.0356 0.0417 0.0877 
          11  1 0.0537 0.0481 0.0382 0.7127 0.0572 0.0245 0.0656 
          12  1 0.0762 0.0829 0.0886 0.3653 0.2996 0.0312 0.0562 
          13  1 0.1085 0.1121 0.0477 0.0685 0.3291 0.2204 0.1137 
          14  1 0.1564 0.1508 0.1076 0.0969 0.0557 0.2674 0.1652 
          15  1 0.2628 0.2741 0.1091 0.0749 0.0503 0.0724 0.1565 
          16  1 0.1421 0.1520 0.0509 0.0539 0.0514 0.4823 0.0674 
          17  1 0.1328 0.1448 0.0998 0.1816 0.2284 0.1040 0.1086 
          18  1 0.2292 0.2720 0.0613 0.1969 0.1004 0.0647 0.0755 
          19  1 0.2537 0.2789 0.1416 0.0339 0.0741 0.0247 0.1930 
          20  1 0.1711 0.1420 0.1559 0.0688 0.0724 0.0802 0.3096 
          21  1 0.1656 0.1813 0.1299 0.0622 0.2582 0.0872 0.1156 
          22  1 0.1923 0.1946 0.0696 0.0365 0.1358 0.2569 0.1143 
          23  1 0.1350 0.1467 0.1035 0.1015 0.0606 0.3560 0.0967 
          24  1 0.1649 0.1835 0.1904 0.0724 0.0878 0.2075 0.0935 
          25  1 0.1378 0.1423 0.1753 0.1758 0.1095 0.0954 0.1639 
          26  1 0.1704 0.1607 0.3003 0.0323 0.0486 0.0606 0.2271 
          27  1 0.1652 0.1610 0.0605 0.0992 0.0396 0.2441 0.2304 
          28  1 0.2002 0.2082 0.1123 0.0538 0.2751 0.0359 0.1145 
          29  1 0.2467 0.2452 0.1152 0.0648 0.0461 0.0640 0.2181 
          30  1 0.2151 0.2684 0.1309 0.0656 0.0744 0.1044 0.1411 
          31  1 0.1549 0.1329 0.1147 0.1594 0.0512 0.1329 0.2540 
          32  1 0.1867 0.1887 0.1040 0.1395 0.0940 0.0495 0.2376 
          33  1 0.1987 0.2093 0.1219 0.1881 0.0905 0.0695 0.1220 
          34  1 0.2557 0.2857 0.0713 0.0899 0.0757 0.0825 0.1392 
          35  1 0.2884 0.3319 0.0740 0.0476 0.0401 0.0872 0.1308 
          36  1 0.2795 0.3224 0.0459 0.0841 0.0839 0.0670 0.1173 
          37  1 0.1829 0.2091 0.1375 0.1019 0.1753 0.1031 0.0902 
          38  1 0.1315 0.1332 0.1022 0.2492 0.1835 0.0975 0.1029 
          39  1 0.2274 0.2534 0.0941 0.0721 0.0585 0.0572 0.2372 
          40  1 0.0689 0.0646 0.0546 0.6584 0.0433 0.0369 0.0733 
          41  1 0.2959 0.3042 0.0648 0.0852 0.0228 0.0833 0.1438 
          42  1 0.2405 0.2495 0.1726 0.0731 0.0324 0.0832 0.1489 
          43  1 0.2107 0.2314 0.1533 0.0268 0.0940 0.1347 0.1490 
          44  1 0.1302 0.1223 0.3549 0.1652 0.0502 0.0328 0.1443 
          45  1 0.1978 0.1998 0.1207 0.0844 0.1560 0.0741 0.1671 
          46  1 0.2127 0.2276 0.0680 0.0467 0.0886 0.2442 0.1121 
          47  1 0.2609 0.2581 0.1755 0.1046 0.0355 0.0377 0.1277 
          48  1 0.1582 0.1884 0.2279 0.0901 0.0717 0.1211 0.1427 
          49  1 0.2558 0.2793 0.0610 0.0429 0.0860 0.1711 0.1039 
          50  1 0.0670 0.0683 0.5662 0.0831 0.0404 0.0633 0.1117 
          51  1 0.1466 0.1603 0.0727 0.0454 0.3813 0.0940 0.0997 
          52  1 0.1714 0.1829 0.1121 0.2064 0.0876 0.1147 0.1249 
          53  1 0.1005 0.1092 0.0719 0.0322 0.5684 0.0259 0.0920 
          54  1 0.2019 0.2204 0.1055 0.0857 0.1406 0.1088 0.1371 
          55  1 0.1069 0.1113 0.0969 0.1029 0.4333 0.0479 0.1007 
          56  1 0.0727 0.0734 0.0475 0.5045 0.2138 0.0359 0.0521 
          57  1 0.1988 0.2154 0.1597 0.1324 0.0553 0.1296 0.1087 
          58  1 0.1416 0.1565 0.2207 0.2027 0.1298 0.0419 0.1069 
          59  1 0.0839 0.0943 0.1140 0.1548 0.4234 0.0436 0.0860 
          60  1 0.0813 0.0765 0.0957 0.0299 0.1569 0.4569 0.1028 
          61  1 0.1881 0.1841 0.1412 0.0965 0.1706 0.0577 0.1618 
          62  1 0.1480 0.1757 0.1519 0.0477 0.1639 0.2209 0.0919 
          63  1 0.1965 0.1652 0.1353 0.0538 0.0599 0.0748 0.3145 
          64  1 0.1466 0.1683 0.1135 0.0795 0.0347 0.3488 0.1087 
          65  1 0.0737 0.0795 0.0717 0.5420 0.0938 0.0637 0.0756 
          66  1 0.1528 0.1632 0.0681 0.2454 0.0328 0.1955 0.1420 
          67  1 0.1008 0.0998 0.3102 0.0747 0.2353 0.0557 0.1235 
          68  1 0.1710 0.1711 0.1675 0.0894 0.2486 0.0626 0.0897 
          69  1 0.2522 0.2475 0.1143 0.0614 0.1691 0.0444 0.1111 
          70  1 0.2344 0.2509 0.0834 0.0816 0.1536 0.0631 0.1329 
          71  1 0.2188 0.2216 0.1229 0.0441 0.2037 0.0928 0.0961 
          72  1 0.1151 0.1169 0.0869 0.3047 0.2677 0.0310 0.0776 
          73  1 0.1708 0.1145 0.0828 0.0666 0.1464 0.0595 0.3594 
          74  1 0.2333 0.2374 0.0888 0.0532 0.1447 0.1137 0.1289 
          75  1 0.1950 0.2130 0.0878 0.0456 0.0908 0.2688 0.0991 
          76  1 0.1059 0.1130 0.5075 0.0282 0.0770 0.0573 0.1111 
          77  1 0.2874 0.3026 0.1085 0.0398 0.1166 0.0205 0.1246 
          78  1 0.0402 0.0374 0.0410 0.0376 0.7757 0.0235 0.0446 
          79  1 0.1321 0.1305 0.1818 0.0925 0.2174 0.1445 0.1013 
          80  1 0.1349 0.1377 0.1798 0.0620 0.0890 0.3119 0.0847 
          81  1 0.2637 0.2693 0.1578 0.0616 0.1024 0.0360 0.1092 
          82  1 0.0963 0.0926 0.1661 0.0654 0.1468 0.3189 0.1140 
          83  1 0.1280 0.1392 0.2084 0.0331 0.0877 0.3079 0.0957 
          84  1 0.2511 0.2612 0.0625 0.0512 0.0945 0.1315 0.1480 
          85  1 0.3111 0.3495 0.0813 0.0308 0.0628 0.0506 0.1139 
          86  1 0.1751 0.1908 0.2626 0.1298 0.1107 0.0419 0.0892 
          87  1 0.0612 0.0677 0.5743 0.0519 0.0431 0.1023 0.0995 
          88  1 0.1774 0.1827 0.1038 0.0818 0.1933 0.0775 0.1835 
          89  1 0.0197 0.0200 0.0182 0.0149 0.0161 0.8915 0.0197 
          90  1 0.1314 0.1305 0.3178 0.0788 0.0364 0.1714 0.1337 
          91  1 0.1168 0.1274 0.2985 0.1388 0.1431 0.0503 0.1252 
          92  1 0.1564 0.1612 0.1219 0.0667 0.1547 0.1578 0.1813 
          93  1 0.0250 0.0262 0.0230 0.0148 0.0186 0.8666 0.0260 
          94  1 0.1804 0.2084 0.1225 0.0899 0.0995 0.1912 0.1081 
          95  1 0.2179 0.2391 0.2077 0.0634 0.0899 0.0787 0.1032 
          96  1 0.1749 0.1053 0.1065 0.0412 0.0316 0.0546 0.4859 
          97  1 0.0582 0.0612 0.4038 0.3244 0.0568 0.0266 0.0691 
          98  1 0.1710 0.1761 0.2405 0.0357 0.1507 0.0924 0.1335 
          99  1 0.0324 0.0361 0.0321 0.0175 0.8070 0.0437 0.0312 
         100  1 0.1800 0.1747 0.0601 0.3309 0.1168 0.0387 0.0988 
         101  1 0.1111 0.1033 0.0371 0.1108 0.0931 0.4431 0.1014 
         102  1 0.1287 0.1431 0.0474 0.0338 0.4919 0.0519 0.1033 
         103  1 0.2184 0.2063 0.1167 0.0352 0.0299 0.0490 0.3446 
         104  1 0.1941 0.1856 0.2389 0.0918 0.0642 0.0648 0.1607 
         105  1 0.1654 0.1693 0.0838 0.0728 0.1496 0.2284 0.1307 
         106  1 0.1571 0.0634 0.0833 0.0213 0.0211 0.0348 0.6190 
         107  1 0.1647 0.1669 0.1025 0.1115 0.1399 0.1962 0.1183 
         108  1 0.1486 0.1071 0.1962 0.0680 0.0421 0.0818 0.3562 
         109  1 0.1926 0.1988 0.0506 0.1540 0.2089 0.0541 0.1410 
         110  1 0.1617 0.1706 0.1831 0.1373 0.0992 0.0718 0.1763 
         111  1 0.2402 0.2862 0.1270 0.0382 0.0570 0.1621 0.0893 
         112  1 0.1074 0.1249 0.3756 0.0318 0.0700 0.1879 0.1025 
         113  1 0.1554 0.1692 0.2773 0.1109 0.1200 0.0503 0.1169 
         114  1 0.1563 0.0655 0.0849 0.0211 0.0196 0.0346 0.6181 
         115  1 0.1870 0.1828 0.1151 0.1193 0.2023 0.0508 0.1427 
         116  1 0.0837 0.0813 0.0565 0.0400 0.3593 0.3016 0.0776 
         117  1 0.0887 0.0823 0.3750 0.0998 0.0632 0.1928 0.0982 
         118  1 0.1788 0.1792 0.2353 0.0711 0.1473 0.0488 0.1395 
         119  1 0.1630 0.1497 0.0994 0.0566 0.2884 0.0718 0.1711 
         120  1 0.0336 0.0344 0.0320 0.0170 0.8072 0.0444 0.0314 
         121  1 0.1681 0.1542 0.2613 0.1443 0.0471 0.0532 0.1718 
         122  1 0.0809 0.0812 0.2037 0.3262 0.2014 0.0258 0.0808 
         123  1 0.1469 0.1580 0.3809 0.1312 0.0471 0.0390 0.0969 
         124  1 0.1890 0.2181 0.1382 0.1525 0.1196 0.1058 0.0769 
         125  1 0.1640 0.1626 0.2398 0.0458 0.1570 0.0534 0.1775 
         126  1 0.0552 0.0564 0.0431 0.0297 0.7208 0.0387 0.0562 
         127  1 0.0165 0.0165 0.0183 0.9047 0.0146 0.0148 0.0145 
         128  1 0.1073 0.0987 0.1388 0.0621 0.1437 0.3419 0.1075 
         129  1 0.0255 0.0260 0.0249 0.0143 0.0189 0.8643 0.0260 
         130  1 0.1378 0.0486 0.0839 0.0267 0.0246 0.0521 0.6264 
         131  1 0.1373 0.0420 0.0875 0.0282 0.0246 0.0513 0.6291 
         132  1 0.1127 0.1074 0.3231 0.0425 0.0559 0.1483 0.2101 
         133  1 0.1818 0.1924 0.2242 0.1089 0.1177 0.0479 0.1271 
         134  1 0.1889 0.1530 0.1669 0.0506 0.0455 0.0386 0.3565 
         135  1 0.1453 0.1233 0.2517 0.0416 0.1217 0.0377 0.2787 
         136  1 0.1382 0.1435 0.1399 0.1751 0.2586 0.0433 0.1014 
         137  1 0.0177 0.0178 0.0190 0.8990 0.0157 0.0160 0.0148 
         138  1 0.0169 0.0171 0.0182 0.9009 0.0161 0.0160 0.0148 
         139  1 0.1846 0.2121 0.0822 0.0582 0.1158 0.1523 0.1948 
         140  1 0.2261 0.2284 0.1647 0.0330 0.0492 0.1645 0.1341 
         141  1 0.1750 0.1597 0.2712 0.0659 0.0434 0.0418 0.2430 
         142  1 0.2294 0.2466 0.1372 0.0583 0.0748 0.0587 0.1950 
         143  1 0.3103 0.3566 0.0747 0.0270 0.0554 0.0628 0.1132 
         144  1 0.1094 0.1120 0.3211 0.0415 0.0960 0.2204 0.0996 
         145  1 0.2214 0.2029 0.0783 0.1872 0.0529 0.0685 0.1887 
         146  1 0.1232 0.1257 0.0544 0.0213 0.2894 0.3374 0.0485 
         147  1 0.1858 0.1938 0.2142 0.1578 0.0629 0.0514 0.1342 
         148  1 0.1833 0.1662 0.0748 0.0742 0.2007 0.1103 0.1905 
         149  1 0.1825 0.2011 0.2318 0.0795 0.0820 0.0904 0.1327 
         150  1 0.2088 0.2187 0.1040 0.0282 0.1146 0.1228 0.2028 
         151  1 0.1178 0.1152 0.0613 0.3841 0.1535 0.0529 0.1151 
         152  1 0.2389 0.2365 0.1648 0.0742 0.0745 0.0829 0.1283 
         153  1 0.2355 0.2129 0.0780 0.0541 0.1027 0.0681 0.2487 
         154  1 0.1065 0.1137 0.5223 0.0745 0.0322 0.0408 0.1100 
         155  1 0.1732 0.1524 0.1352 0.1928 0.0572 0.0421 0.2471 
         156  1 0.1244 0.1180 0.0407 0.1245 0.0938 0.3812 0.1173 
         157  1 0.1500 0.1298 0.0921 0.1822 0.0228 0.2809 0.1422 
         158  1 0.1560 0.1389 0.0855 0.1798 0.0233 0.2754 0.1410 
         159  1 0.1705 0.1375 0.1245 0.0776 0.0358 0.0465 0.4075 
         160  1 0.2825 0.3031 0.1376 0.0578 0.0325 0.0415 0.1450 
         161  1 0.0851 0.0873 0.1388 0.5522 0.0384 0.0242 0.0741 
         162  1 0.1554 0.1548 0.1072 0.0719 0.0473 0.3232 0.1403 
         163  1 0.0886 0.0954 0.0493 0.0898 0.5457 0.0672 0.0641 
         164  1 0.1012 0.0963 0.0643 0.0738 0.3233 0.2609 0.0802 
         165  1 0.0619 0.0717 0.6581 0.0643 0.0329 0.0231 0.0880 
         166  1 0.1566 0.1565 0.2874 0.0583 0.1067 0.0715 0.1631 
         167  1 0.1278 0.1159 0.3194 0.0450 0.1194 0.0377 0.2347 
         168  1 0.1495 0.1321 0.1074 0.0846 0.3170 0.0246 0.1848 
         169  1 0.1985 0.1592 0.0877 0.0472 0.0285 0.0491 0.4298 
         170  1 0.0908 0.0973 0.5029 0.0605 0.0989 0.0491 0.1005 
         171  1 0.1417 0.0701 0.1620 0.0233 0.0364 0.0993 0.4671 
         172  1 0.0987 0.1094 0.0741 0.3672 0.1069 0.1793 0.0644 
         173  1 0.1470 0.1857 0.0955 0.2406 0.2106 0.0465 0.0741 
         174  1 0.2202 0.2140 0.1734 0.0537 0.1433 0.0339 0.1615 
         175  1 0.1274 0.1488 0.0970 0.1022 0.4200 0.0248 0.0798 
         176  1 0.1492 0.1607 0.2842 0.0510 0.0430 0.1683 0.1436 
         177  1 0.0395 0.0415 0.1897 0.0605 0.6124 0.0207 0.0357 
         178  1 0.1415 0.1296 0.2789 0.0857 0.0413 0.0852 0.2377 
         179  1 0.1504 0.1202 0.1606 0.0354 0.0743 0.1337 0.3254 
         180  1 0.1581 0.1531 0.0840 0.0275 0.2698 0.1151 0.1924 
         181  1 0.0748 0.0699 0.0803 0.4450 0.0819 0.1555 0.0927 
         182  1 0.1778 0.1907 0.1435 0.0419 0.2626 0.0643 0.1192 
         183  1 0.2159 0.2182 0.1214 0.1702 0.0484 0.0341 0.1917 
         184  1 0.0669 0.0695 0.6263 0.0496 0.0409 0.0369 0.1099 
         185  1 0.0198 0.0207 0.0199 0.0164 0.0174 0.8848 0.0210 
         186  1 0.0197 0.0199 0.0197 0.0161 0.0170 0.8873 0.0204 
         187  1 0.2758 0.2985 0.1191 0.0495 0.0831 0.0336 0.1403 
         188  1 0.2170 0.1968 0.1847 0.0469 0.0583 0.0696 0.2268 
         189  1 0.1133 0.1245 0.0524 0.4064 0.1569 0.0622 0.0844 
         190  1 0.1906 0.2025 0.0522 0.1861 0.1608 0.1127 0.0951 
         191  1 0.1632 0.1763 0.2021 0.1691 0.1293 0.0390 0.1210 
         192  1 0.0858 0.0904 0.1399 0.5516 0.0378 0.0238 0.0707 
         193  1 0.1923 0.1959 0.0845 0.1924 0.1658 0.0409 0.1282 
         194  1 0.1481 0.1563 0.0511 0.3444 0.0501 0.1617 0.0882 
         195  1 0.2074 0.2153 0.1018 0.1283 0.1483 0.1057 0.0931 
         196  1 0.1518 0.0917 0.1073 0.0676 0.0403 0.0437 0.4977 
         197  1 0.0869 0.0857 0.1685 0.1911 0.3773 0.0440 0.0465 
         198  1 0.1414 0.1534 0.2349 0.1282 0.0396 0.1804 0.1221 
         199  1 0.1281 0.1247 0.0957 0.2336 0.0812 0.1784 0.1584 
         200  1 0.1565 0.1708 0.2118 0.0398 0.1210 0.2165 0.0835 
         201  1 0.2444 0.2730 0.0774 0.0270 0.0418 0.1253 0.2112 
         202  1 0.1114 0.1261 0.5392 0.0533 0.0329 0.0358 0.1014 
         203  1 0.1776 0.1039 0.0935 0.0319 0.0430 0.0519 0.4981 
         204  1 0.1838 0.1897 0.1061 0.0740 0.0675 0.2730 0.1059 
         205  1 0.1388 0.1459 0.0904 0.1239 0.2731 0.1129 0.1151 
         206  1 0.2013 0.2189 0.0613 0.1479 0.2085 0.0701 0.0920 
         207  1 0.1436 0.1110 0.1536 0.1675 0.0378 0.0336 0.3528 
         208  1 0.1917 0.1802 0.0843 0.1751 0.0606 0.0417 0.2665 
         209  1 0.0773 0.0797 0.5563 0.0774 0.0433 0.0675 0.0984 
         210  1 0.1602 0.1582 0.2396 0.2482 0.0460 0.0441 0.1039 
         211  1 0.1200 0.1300 0.0580 0.4381 0.0526 0.0594 0.1418 
         212  1 0.1737 0.1860 0.3703 0.0541 0.0555 0.0723 0.0882 
         213  1 0.2357 0.2696 0.2312 0.0172 0.1110 0.0286 0.1067 
         214  1 0.2422 0.2467 0.1002 0.1348 0.0720 0.0638 0.1403 
         215  1 0.0863 0.1032 0.0663 0.0276 0.0281 0.6333 0.0551 
         216  1 0.0363 0.0417 0.0427 0.1110 0.6874 0.0515 0.0294 
         217  1 0.1263 0.1109 0.3142 0.0705 0.0753 0.0820 0.2207 
         218  1 0.2467 0.2491 0.0949 0.0561 0.0540 0.1820 0.1174 
         219  1 0.1477 0.1229 0.2206 0.0621 0.0967 0.0963 0.2537 
         220  1 0.1803 0.1859 0.1060 0.1494 0.1094 0.1080 0.1609 
         221  1 0.1314 0.1323 0.1706 0.1055 0.0708 0.2612 0.1282 
         222  1 0.1651 0.1559 0.1541 0.0896 0.0464 0.2415 0.1473 
         223  1 0.1151 0.1309 0.3446 0.0483 0.0675 0.1991 0.0945 
         224  1 0.0984 0.0926 0.5202 0.0607 0.0424 0.0353 0.1504 
         225  1 0.2519 0.2966 0.1251 0.0402 0.0898 0.0882 0.1082 
         226  1 0.0378 0.0396 0.0562 0.7431 0.0455 0.0224 0.0553 
         227  1 0.2795 0.3461 0.0438 0.0437 0.0414 0.1295 0.1161 
         228  1 0.1717 0.1409 0.1320 0.0409 0.0922 0.1520 0.2703 
         229  1 0.1505 0.1622 0.0902 0.0552 0.2891 0.1766 0.0763 
         230  1 0.1588 0.1604 0.0905 0.1317 0.1841 0.0953 0.1792 
         231  1 0.0931 0.1032 0.5094 0.0400 0.0790 0.0599 0.1153 
         232  1 0.1627 0.1651 0.1074 0.0317 0.1997 0.1934 0.1400 
         233  1 0.0491 0.0490 0.1240 0.2057 0.5099 0.0229 0.0394 
         234  1 0.1423 0.1013 0.0846 0.0553 0.1821 0.0764 0.3580 
         235  1 0.1959 0.2411 0.1012 0.2774 0.0526 0.0309 0.1009 
         236  1 0.1117 0.1113 0.0971 0.0839 0.4643 0.0517 0.0800 
         237  1 0.1869 0.1884 0.0925 0.1148 0.1147 0.1899 0.1129 
         238  1 0.0633 0.0659 0.0499 0.1458 0.5666 0.0533 0.0553 
         239  1 0.1673 0.1694 0.0655 0.1211 0.2465 0.0613 0.1690 
         240  1 0.2164 0.2288 0.0940 0.0624 0.0602 0.1761 0.1621 
         241  1 0.0947 0.1031 0.0857 0.0746 0.3948 0.1851 0.0619 
         242  1 0.0564 0.0607 0.1145 0.1796 0.5263 0.0245 0.0380 
         243  1 0.2507 0.2576 0.0622 0.0608 0.0821 0.1286 0.1581 
         244  1 0.2153 0.1936 0.1205 0.0878 0.0449 0.0666 0.2713 
         245  1 0.1068 0.1010 0.4457 0.0403 0.0868 0.0742 0.1451 
         246  1 0.1559 0.1673 0.1138 0.1680 0.0843 0.1868 0.1238 
         247  1 0.1240 0.0965 0.0704 0.1736 0.1515 0.0813 0.3027 
         248  1 0.1109 0.1174 0.2887 0.1000 0.2584 0.0355 0.0891 
         249  1 0.1609 0.1262 0.0948 0.0444 0.1242 0.1006 0.3489 
         250  1 0.1360 0.1346 0.1271 0.0920 0.2041 0.2010 0.1053 
         251  1 0.1134 0.1178 0.1487 0.3536 0.1131 0.0423 0.1111 
         252  1 0.1867 0.1546 0.1386 0.0765 0.0747 0.1255 0.2433 
         253  1 0.1922 0.1963 0.1154 0.0491 0.2679 0.0596 0.1194 
         254  1 0.2266 0.2402 0.1490 0.1255 0.0832 0.0484 0.1271 
         255  1 0.1219 0.1233 0.0815 0.1831 0.2673 0.1116 0.1113 
         256  1 0.1658 0.1879 0.0474 0.0612 0.4280 0.0357 0.0740 
         257  1 0.0432 0.0488 0.0567 0.0877 0.6982 0.0280 0.0374 
         258  1 0.1324 0.1386 0.1761 0.1025 0.2534 0.0891 0.1077 
         259  1 0.2586 0.2591 0.1446 0.0630 0.1522 0.0292 0.0932 
         260  1 0.1535 0.1662 0.0879 0.1828 0.2165 0.1006 0.0925 
         261  1 0.1305 0.1272 0.0754 0.3290 0.0682 0.1591 0.1105 
         262  1 0.0850 0.0860 0.0484 0.1658 0.4431 0.0688 0.1028 
         263  1 0.1540 0.1492 0.2622 0.0654 0.0440 0.0820 0.2432 
         264  1 0.1877 0.1891 0.1512 0.0800 0.1913 0.0626 0.1382 
         265  1 0.1160 0.1229 0.1614 0.1620 0.2783 0.0415 0.1178 
         266  1 0.1434 0.1313 0.1039 0.1279 0.0866 0.2727 0.1342 
         267  1 0.1860 0.1935 0.1596 0.0705 0.0889 0.1847 0.1168 
         268  1 0.1168 0.1345 0.0725 0.0526 0.4964 0.0728 0.0543 
         269  1 0.2247 0.2398 0.1499 0.0277 0.2046 0.0437 0.1095 
         270  1 0.1544 0.1649 0.0618 0.0700 0.3595 0.0857 0.1037 
