           1  1 0.0852 0.0419 0.1242 0.1564 0.0790 0.2651 0.0999 0.0623 0.0861 
           2  1 0.2686 0.0501 0.1579 0.1280 0.0155 0.0407 0.0690 0.0338 0.2362 
           3  1 0.0864 0.3347 0.0821 0.0863 0.0508 0.0258 0.2273 0.0285 0.0780 
           4  1 0.0134 0.0121 0.0139 0.0132 0.9034 0.0079 0.0107 0.0124 0.0131 
           5  1 0.1368 0.0316 0.1360 0.1291 0.0480 0.0188 0.0459 0.3169 0.1370 
           6  1 0.0570 0.2483 0.0529 0.0905 0.3547 0.0111 0.0149 0.1103 0.0604 
           7  1 0.1051 0.0705 0.1035 0.0901 0.0160 0.3007 0.1449 0.0708 0.0983 
           8  1 0.1318 0.0210 0.1366 0.1415 0.2475 0.0352 0.0333 0.1180 0.1352 
           9  1 0.0874 0.1084 0.1111 0.1154 0.0180 0.0316 0.3456 0.0872 0.0951 
          10  1 0.1002 0.0535 0.1183 0.1466 0.0163 0.0133 0.0249 0.4332 0.0937 
          11  1 0.0432 0.6195 0.0609 0.0746 0.0458 0.0092 0.0675 0.0326 0.0466 
          12  1 0.0767 0.2438 0.0613 0.0884 0.3205 0.0127 0.0252 0.0946 0.0767 
          13  1 0.1172 0.0342 0.1044 0.1092 0.2762 0.1344 0.0792 0.0359 0.1092 
          14  1 0.1600 0.0333 0.2028 0.1680 0.0277 0.0959 0.0758 0.0752 0.1612 
          15  1 0.1975 0.0284 0.2487 0.1724 0.0209 0.0259 0.0593 0.0564 0.1905 
          16  1 0.1152 0.0275 0.0768 0.0807 0.0397 0.4881 0.0296 0.0334 0.1090 
          17  1 0.1441 0.0720 0.1177 0.1735 0.1539 0.0327 0.0676 0.0958 0.1428 
          18  1 0.2259 0.1487 0.1449 0.1231 0.0654 0.0253 0.0219 0.0359 0.2090 
          19  1 0.2172 0.0135 0.2126 0.1510 0.0309 0.0083 0.0804 0.0832 0.2029 
          20  1 0.1453 0.0407 0.1038 0.1060 0.0458 0.0233 0.3058 0.0899 0.1393 
          21  1 0.1727 0.0206 0.1115 0.1118 0.1855 0.0375 0.0686 0.1108 0.1810 
          22  1 0.1827 0.0151 0.1653 0.1565 0.0684 0.1197 0.0588 0.0492 0.1844 
          23  1 0.1446 0.0457 0.1376 0.1624 0.0361 0.1817 0.0481 0.1077 0.1361 
          24  1 0.1710 0.0267 0.1322 0.1631 0.0524 0.0994 0.0383 0.1520 0.1648 
          25  1 0.1444 0.0859 0.1169 0.1337 0.0870 0.0395 0.0926 0.1557 0.1444 
          26  1 0.1430 0.0117 0.1229 0.1068 0.0241 0.0189 0.1125 0.3276 0.1325 
          27  1 0.1297 0.0327 0.2537 0.1798 0.0179 0.1125 0.1054 0.0410 0.1273 
          28  1 0.1887 0.0167 0.1476 0.1528 0.1863 0.0108 0.0497 0.0691 0.1783 
          29  1 0.2043 0.0282 0.1858 0.1579 0.0230 0.0234 0.0912 0.0655 0.2206 
          30  1 0.2442 0.0300 0.1263 0.0997 0.0445 0.0431 0.0726 0.1136 0.2260 
          31  1 0.1046 0.1073 0.1008 0.0857 0.0310 0.0445 0.3599 0.0563 0.1100 
          32  1 0.1537 0.0535 0.2154 0.1698 0.0495 0.0150 0.1209 0.0558 0.1663 
          33  1 0.1504 0.0686 0.1479 0.2160 0.0477 0.0160 0.0940 0.0975 0.1619 
          34  1 0.2261 0.0381 0.1935 0.1249 0.0373 0.0256 0.1040 0.0452 0.2052 
          35  1 0.2846 0.0249 0.1328 0.0986 0.0193 0.0288 0.1124 0.0393 0.2594 
          36  1 0.2275 0.0291 0.2414 0.1516 0.0382 0.0231 0.0263 0.0290 0.2338 
          37  1 0.1859 0.0444 0.1813 0.1587 0.1003 0.0293 0.0267 0.0926 0.1810 
          38  1 0.1185 0.1634 0.1562 0.1412 0.1407 0.0427 0.0423 0.0723 0.1227 
          39  1 0.2081 0.0264 0.1567 0.1332 0.0341 0.0236 0.1266 0.0682 0.2230 
          40  1 0.0538 0.6563 0.0548 0.0553 0.0269 0.0129 0.0514 0.0425 0.0459 
          41  1 0.2533 0.0514 0.1447 0.1128 0.0103 0.0267 0.1074 0.0417 0.2517 
          42  1 0.2010 0.0334 0.1738 0.1529 0.0181 0.0238 0.0665 0.1052 0.2252 
          43  1 0.2014 0.0100 0.1502 0.1223 0.0530 0.0490 0.0866 0.1081 0.2194 
          44  1 0.0970 0.1259 0.0717 0.1013 0.0354 0.0118 0.0836 0.3684 0.1050 
          45  1 0.1739 0.0303 0.1728 0.1441 0.0956 0.0276 0.0736 0.0904 0.1917 
          46  1 0.1925 0.0191 0.1623 0.1182 0.0480 0.1726 0.0379 0.0440 0.2054 
          47  1 0.1910 0.0629 0.2006 0.1497 0.0155 0.0140 0.0443 0.1351 0.1867 
          48  1 0.1458 0.0446 0.0825 0.0913 0.0536 0.0850 0.0605 0.2835 0.1532 
          49  1 0.2382 0.0192 0.1528 0.1226 0.0439 0.1103 0.0215 0.0356 0.2558 
          50  1 0.0418 0.0390 0.0343 0.1176 0.0232 0.0230 0.0627 0.6131 0.0451 
          51  1 0.1194 0.0198 0.0941 0.0747 0.4454 0.0370 0.0409 0.0440 0.1247 
          52  1 0.1477 0.1397 0.0991 0.1333 0.0516 0.0494 0.1348 0.0911 0.1534 
          53  1 0.1031 0.0110 0.0785 0.0894 0.4999 0.0098 0.0540 0.0586 0.0956 
          54  1 0.1860 0.0242 0.1566 0.1637 0.0990 0.0379 0.0672 0.0666 0.1988 
          55  1 0.1057 0.0391 0.0928 0.1204 0.3941 0.0145 0.0568 0.0776 0.0990 
          56  1 0.0736 0.2531 0.1060 0.1769 0.2166 0.0112 0.0345 0.0526 0.0755 
          57  1 0.2015 0.0372 0.1305 0.1828 0.0245 0.0442 0.0402 0.1447 0.1944 
          58  1 0.1284 0.0791 0.1065 0.1936 0.0678 0.0114 0.0487 0.2355 0.1290 
          59  1 0.0664 0.0897 0.0637 0.0819 0.4624 0.0195 0.0498 0.0914 0.0754 
          60  1 0.0648 0.0127 0.0556 0.0623 0.1289 0.3299 0.2217 0.0613 0.0628 
          61  1 0.1636 0.0365 0.2055 0.1769 0.0826 0.0191 0.0657 0.0828 0.1674 
          62  1 0.1666 0.0217 0.1015 0.0981 0.1388 0.1517 0.0355 0.1220 0.1643 
          63  1 0.1397 0.0232 0.1056 0.0927 0.0383 0.0336 0.3107 0.1151 0.1411 
          64  1 0.1798 0.0434 0.1120 0.1193 0.0232 0.1762 0.0751 0.1018 0.1692 
          65  1 0.0667 0.2755 0.1412 0.2209 0.0924 0.0230 0.0341 0.0704 0.0759 
          66  1 0.1816 0.1414 0.1276 0.1375 0.0151 0.0606 0.1038 0.0613 0.1710 
          67  1 0.0957 0.0439 0.0910 0.1173 0.1814 0.0201 0.0936 0.2678 0.0893 
          68  1 0.1492 0.0333 0.1534 0.1258 0.2093 0.0283 0.0374 0.1193 0.1439 
          69  1 0.1640 0.0200 0.2614 0.1903 0.0869 0.0142 0.0213 0.0597 0.1821 
          70  1 0.1652 0.0227 0.2776 0.1811 0.0745 0.0180 0.0440 0.0497 0.1673 
          71  1 0.1860 0.0127 0.1790 0.1680 0.1297 0.0244 0.0276 0.0903 0.1824 
          72  1 0.0858 0.1250 0.1428 0.1863 0.2649 0.0096 0.0246 0.0652 0.0958 
          73  1 0.0805 0.0215 0.1861 0.1526 0.0850 0.0176 0.3033 0.0536 0.0997 
          74  1 0.2035 0.0173 0.1997 0.1592 0.0870 0.0462 0.0471 0.0535 0.1864 
          75  1 0.2026 0.0198 0.1652 0.1271 0.0567 0.1469 0.0334 0.0565 0.1916 
          76  1 0.0808 0.0107 0.0794 0.1025 0.0414 0.0228 0.0478 0.5301 0.0846 
          77  1 0.1802 0.0141 0.3061 0.1725 0.0463 0.0070 0.0242 0.0560 0.1937 
          78  1 0.0219 0.0168 0.0286 0.0365 0.8194 0.0089 0.0213 0.0238 0.0227 
          79  1 0.1366 0.0288 0.1456 0.1704 0.1261 0.0451 0.0524 0.1689 0.1260 
          80  1 0.1427 0.0268 0.1222 0.1499 0.0519 0.1445 0.0547 0.1735 0.1338 
          81  1 0.1767 0.0203 0.2753 0.1860 0.0407 0.0106 0.0225 0.0932 0.1748 
          82  1 0.0824 0.0359 0.0810 0.0883 0.1375 0.2552 0.0913 0.1355 0.0930 
          83  1 0.1517 0.0129 0.1054 0.1191 0.0492 0.1675 0.0536 0.1924 0.1484 
          84  1 0.1998 0.0164 0.1954 0.1941 0.0389 0.0423 0.0639 0.0483 0.2009 
          85  1 0.2461 0.0110 0.2244 0.1508 0.0268 0.0151 0.0321 0.0466 0.2470 
          86  1 0.1636 0.0438 0.1503 0.1840 0.0660 0.0120 0.0200 0.2120 0.1483 
          87  1 0.0483 0.0295 0.0394 0.1119 0.0280 0.0461 0.0667 0.5877 0.0424 
          88  1 0.1504 0.0272 0.1629 0.1431 0.1620 0.0317 0.0851 0.0688 0.1687 
          89  1 0.0065 0.0055 0.0062 0.0063 0.0057 0.9511 0.0059 0.0062 0.0066 
          90  1 0.1262 0.0286 0.1385 0.1523 0.0196 0.0567 0.0801 0.2673 0.1308 
          91  1 0.1099 0.0906 0.0874 0.1034 0.1041 0.0241 0.0512 0.3138 0.1155 
          92  1 0.1681 0.0257 0.1014 0.1281 0.1216 0.0508 0.1425 0.0881 0.1736 
          93  1 0.0112 0.0071 0.0124 0.0104 0.0084 0.9177 0.0117 0.0098 0.0115 
          94  1 0.1885 0.0247 0.1486 0.1727 0.0517 0.0704 0.0925 0.0779 0.1729 
          95  1 0.1703 0.0221 0.1937 0.1732 0.0449 0.0283 0.0208 0.1739 0.1728 
          96  1 0.0840 0.0141 0.1826 0.1453 0.0136 0.0223 0.3850 0.0562 0.0970 
          97  1 0.0397 0.2064 0.0328 0.1173 0.0436 0.0114 0.0155 0.4891 0.0441 
          98  1 0.1326 0.0117 0.2327 0.1645 0.0817 0.0546 0.0449 0.1571 0.1202 
          99  1 0.0151 0.0070 0.0145 0.0124 0.8885 0.0199 0.0128 0.0142 0.0156 
         100  1 0.1267 0.1201 0.1927 0.2021 0.0734 0.0096 0.0715 0.0539 0.1500 
         101  1 0.1179 0.0438 0.1898 0.2032 0.0444 0.1783 0.0533 0.0429 0.1264 
         102  1 0.1470 0.0134 0.0965 0.0902 0.4055 0.0167 0.0722 0.0306 0.1279 
         103  1 0.1628 0.0135 0.1160 0.1067 0.0155 0.0177 0.3066 0.0888 0.1724 
         104  1 0.1422 0.0396 0.2131 0.1753 0.0302 0.0214 0.0677 0.1787 0.1317 
         105  1 0.1747 0.0335 0.1446 0.1355 0.1073 0.0890 0.0882 0.0504 0.1768 
         106  1 0.0343 0.0089 0.0392 0.0393 0.0098 0.0121 0.7963 0.0205 0.0397 
         107  1 0.1526 0.0377 0.1505 0.2088 0.0757 0.0580 0.1032 0.0725 0.1410 
         108  1 0.1056 0.0308 0.0883 0.0913 0.0261 0.0306 0.3648 0.1502 0.1123 
         109  1 0.1690 0.0759 0.1859 0.1620 0.1114 0.0179 0.0709 0.0521 0.1549 
         110  1 0.1351 0.0915 0.1452 0.1158 0.0732 0.0407 0.0922 0.1591 0.1472 
         111  1 0.2427 0.0156 0.1440 0.1229 0.0270 0.0821 0.0199 0.1124 0.2335 
         112  1 0.0871 0.0127 0.0982 0.1167 0.0367 0.0777 0.1071 0.3648 0.0990 
         113  1 0.1479 0.0795 0.1185 0.1272 0.0700 0.0219 0.0897 0.2059 0.1395 
         114  1 0.0387 0.0083 0.0395 0.0339 0.0100 0.0125 0.7985 0.0206 0.0378 
         115  1 0.1694 0.0489 0.1473 0.1126 0.1764 0.0207 0.0803 0.0739 0.1704 
         116  1 0.0884 0.0137 0.1225 0.1319 0.2853 0.1379 0.0799 0.0465 0.0937 
         117  1 0.0711 0.0565 0.0588 0.1072 0.0454 0.0912 0.1010 0.4013 0.0674 
         118  1 0.1380 0.0217 0.2288 0.1758 0.0873 0.0141 0.0550 0.1350 0.1443 
         119  1 0.1084 0.0245 0.0856 0.0729 0.3098 0.0305 0.1906 0.0592 0.1183 
         120  1 0.0158 0.0073 0.0134 0.0139 0.8877 0.0202 0.0126 0.0141 0.0151 
         121  1 0.1320 0.0880 0.1474 0.1131 0.0263 0.0213 0.0855 0.2511 0.1354 
         122  1 0.0820 0.1903 0.0932 0.1454 0.1842 0.0093 0.0362 0.1833 0.0761 
         123  1 0.1185 0.0625 0.0873 0.1199 0.0232 0.0177 0.0177 0.4374 0.1157 
         124  1 0.1950 0.0941 0.1199 0.1307 0.0912 0.0379 0.0272 0.1138 0.1902 
         125  1 0.1233 0.0157 0.1056 0.1354 0.0968 0.0149 0.2157 0.1535 0.1392 
         126  1 0.0392 0.0095 0.0500 0.0678 0.7202 0.0146 0.0273 0.0316 0.0399 
         127  1 0.0064 0.9497 0.0069 0.0067 0.0060 0.0054 0.0055 0.0067 0.0067 
         128  1 0.1089 0.0259 0.1078 0.1350 0.1104 0.1487 0.1056 0.1339 0.1238 
         129  1 0.0109 0.0064 0.0115 0.0114 0.0080 0.9170 0.0120 0.0115 0.0114 
         130  1 0.0168 0.0099 0.0197 0.0161 0.0108 0.0140 0.8858 0.0113 0.0156 
         131  1 0.0148 0.0107 0.0171 0.0159 0.0101 0.0144 0.8894 0.0116 0.0161 
         132  1 0.0962 0.0163 0.0923 0.1109 0.0290 0.0706 0.1476 0.3511 0.0859 
         133  1 0.1743 0.0507 0.1235 0.1196 0.0814 0.0164 0.0432 0.2252 0.1656 
         134  1 0.1276 0.0230 0.1136 0.0890 0.0266 0.0159 0.3358 0.1425 0.1260 
         135  1 0.0974 0.0159 0.1514 0.1376 0.0627 0.0152 0.2152 0.2111 0.0935 
         136  1 0.1181 0.0643 0.1429 0.1872 0.1871 0.0135 0.0503 0.1116 0.1249 
         137  1 0.0067 0.9466 0.0071 0.0075 0.0065 0.0057 0.0058 0.0071 0.0070 
         138  1 0.0071 0.9463 0.0070 0.0076 0.0066 0.0057 0.0060 0.0067 0.0069 
         139  1 0.1911 0.0323 0.1200 0.0920 0.0677 0.1129 0.1372 0.0574 0.1894 
         140  1 0.1589 0.0129 0.2321 0.1477 0.0252 0.0917 0.0496 0.1209 0.1610 
         141  1 0.1361 0.0273 0.1561 0.1356 0.0210 0.0123 0.1456 0.2272 0.1388 
         142  1 0.2414 0.0228 0.1489 0.1183 0.0370 0.0199 0.1220 0.0755 0.2142 
         143  1 0.2994 0.0108 0.1702 0.1215 0.0242 0.0180 0.0317 0.0431 0.2811 
         144  1 0.0945 0.0172 0.0855 0.1186 0.0644 0.1085 0.0481 0.3641 0.0993 
         145  1 0.1468 0.1304 0.2608 0.1639 0.0219 0.0259 0.0694 0.0457 0.1352 
         146  1 0.1081 0.0084 0.1824 0.1295 0.1754 0.2292 0.0225 0.0418 0.1026 
         147  1 0.1252 0.0536 0.3217 0.1918 0.0254 0.0143 0.0348 0.1091 0.1242 
         148  1 0.1287 0.0227 0.2755 0.2058 0.0884 0.0370 0.0579 0.0444 0.1395 
         149  1 0.1309 0.0365 0.2563 0.1699 0.0423 0.0345 0.0420 0.1640 0.1236 
         150  1 0.1956 0.0107 0.1377 0.1151 0.0903 0.0543 0.1393 0.0643 0.1927 
         151  1 0.1119 0.2355 0.1423 0.1514 0.1074 0.0187 0.0687 0.0582 0.1060 
         152  1 0.1621 0.0244 0.2777 0.1825 0.0317 0.0383 0.0294 0.1004 0.1534 
         153  1 0.1822 0.0235 0.2135 0.1283 0.0570 0.0359 0.1442 0.0383 0.1771 
         154  1 0.0802 0.0392 0.0529 0.1084 0.0154 0.0159 0.0256 0.5943 0.0680 
         155  1 0.1282 0.1343 0.1434 0.1374 0.0308 0.0147 0.1484 0.1332 0.1295 
         156  1 0.1236 0.0509 0.2061 0.2152 0.0496 0.1290 0.0622 0.0469 0.1164 
         157  1 0.0546 0.1742 0.1040 0.0822 0.0099 0.1164 0.3544 0.0312 0.0731 
         158  1 0.0748 0.1682 0.0949 0.0696 0.0101 0.1116 0.3626 0.0284 0.0796 
         159  1 0.0948 0.0306 0.1305 0.1359 0.0170 0.0195 0.3577 0.1157 0.0984 
         160  1 0.2379 0.0242 0.2122 0.1181 0.0151 0.0159 0.0521 0.0841 0.2404 
         161  1 0.0373 0.5795 0.0332 0.0931 0.0170 0.0081 0.0588 0.1370 0.0360 
         162  1 0.1638 0.0339 0.1141 0.1274 0.0344 0.1350 0.1719 0.0689 0.1506 
         163  1 0.0899 0.0407 0.0870 0.0901 0.4987 0.0280 0.0304 0.0418 0.0933 
         164  1 0.0781 0.0243 0.1033 0.1194 0.2773 0.2183 0.0526 0.0460 0.0807 
         165  1 0.0289 0.0273 0.0235 0.1232 0.0132 0.0074 0.0152 0.7329 0.0284 
         166  1 0.1339 0.0244 0.1277 0.1090 0.0698 0.0262 0.0724 0.2980 0.1386 
         167  1 0.0909 0.0162 0.0929 0.0933 0.0760 0.0158 0.1634 0.3549 0.0966 
         168  1 0.1211 0.0321 0.1278 0.1110 0.2752 0.0073 0.1399 0.0687 0.1169 
         169  1 0.1441 0.0174 0.1609 0.1276 0.0133 0.0183 0.3396 0.0453 0.1335 
         170  1 0.0539 0.0253 0.0449 0.1090 0.0645 0.0224 0.0231 0.6030 0.0538 
         171  1 0.0331 0.0084 0.0287 0.0430 0.0158 0.0401 0.7404 0.0582 0.0324 
         172  1 0.1073 0.3011 0.0813 0.0989 0.0802 0.1452 0.0291 0.0612 0.0958 
         173  1 0.1392 0.1603 0.0950 0.1018 0.2258 0.0180 0.0219 0.0945 0.1435 
         174  1 0.1390 0.0204 0.2668 0.1671 0.0669 0.0095 0.0821 0.1029 0.1454 
         175  1 0.1286 0.0506 0.1095 0.1057 0.3592 0.0091 0.0262 0.0737 0.1374 
         176  1 0.1437 0.0202 0.0889 0.1089 0.0233 0.1056 0.0743 0.2958 0.1392 
         177  1 0.0266 0.0285 0.0365 0.0426 0.6746 0.0076 0.0131 0.1427 0.0276 
         178  1 0.1170 0.0542 0.1269 0.1205 0.0185 0.0455 0.1317 0.2630 0.1227 
         179  1 0.1061 0.0134 0.1255 0.1036 0.0433 0.0595 0.3326 0.1079 0.1080 
         180  1 0.1600 0.0102 0.1599 0.1236 0.1683 0.0649 0.1167 0.0482 0.1482 
         181  1 0.0675 0.3178 0.0955 0.1562 0.0597 0.0589 0.1040 0.0763 0.0641 
         182  1 0.1862 0.0155 0.1515 0.1462 0.1434 0.0216 0.0546 0.1049 0.1761 
         183  1 0.1765 0.1229 0.1889 0.1179 0.0217 0.0143 0.0894 0.0896 0.1788 
         184  1 0.0310 0.0192 0.0344 0.1115 0.0189 0.0144 0.0302 0.7079 0.0326 
         185  1 0.0068 0.0058 0.0063 0.0065 0.0061 0.9485 0.0066 0.0070 0.0065 
         186  1 0.0065 0.0058 0.0066 0.0065 0.0062 0.9483 0.0067 0.0066 0.0067 
         187  1 0.1689 0.0145 0.3365 0.1880 0.0398 0.0134 0.0320 0.0466 0.1603 
         188  1 0.1579 0.0167 0.1939 0.1501 0.0247 0.0171 0.1575 0.1281 0.1540 
         189  1 0.0933 0.1864 0.1466 0.2179 0.1472 0.0239 0.0288 0.0594 0.0965 
         190  1 0.1306 0.0661 0.1796 0.2415 0.1240 0.0485 0.0229 0.0513 0.1355 
         191  1 0.1421 0.0731 0.1602 0.1677 0.0810 0.0122 0.0643 0.1566 0.1427 
         192  1 0.0385 0.5800 0.0364 0.0902 0.0177 0.0082 0.0597 0.1346 0.0348 
         193  1 0.1769 0.0643 0.1705 0.1731 0.0883 0.0139 0.0681 0.0652 0.1798 
         194  1 0.1821 0.1826 0.1223 0.1258 0.0294 0.0687 0.0735 0.0513 0.1643 
         195  1 0.1495 0.0408 0.1860 0.2154 0.1006 0.0380 0.0277 0.0853 0.1565 
         196  1 0.0430 0.0236 0.0349 0.0389 0.0203 0.0139 0.7521 0.0310 0.0423 
         197  1 0.0866 0.1143 0.0654 0.1190 0.3751 0.0168 0.0201 0.1307 0.0721 
         198  1 0.1486 0.0974 0.1131 0.1207 0.0211 0.0918 0.0453 0.2225 0.1394 
         199  1 0.1331 0.0868 0.1633 0.1873 0.0420 0.0623 0.1117 0.0908 0.1226 
         200  1 0.1657 0.0161 0.1321 0.1399 0.0714 0.1018 0.0331 0.1808 0.1592 
         201  1 0.1816 0.0100 0.2293 0.1446 0.0188 0.0551 0.1201 0.0398 0.2007 
         202  1 0.0844 0.0222 0.0941 0.1190 0.0164 0.0137 0.0339 0.5293 0.0870 
         203  1 0.0944 0.0123 0.1459 0.1137 0.0223 0.0253 0.4615 0.0387 0.0859 
         204  1 0.1939 0.0270 0.1470 0.1533 0.0359 0.0858 0.0904 0.0694 0.1973 
         205  1 0.1369 0.0443 0.1587 0.1398 0.2057 0.0455 0.0482 0.0792 0.1419 
         206  1 0.1602 0.0410 0.1938 0.1867 0.1371 0.0255 0.0279 0.0564 0.1714 
         207  1 0.0890 0.1089 0.1156 0.0916 0.0211 0.0144 0.3520 0.1196 0.0877 
         208  1 0.1470 0.0830 0.1094 0.1110 0.0377 0.0193 0.2748 0.0744 0.1435 
         209  1 0.0578 0.0355 0.0470 0.1253 0.0250 0.0228 0.0410 0.5872 0.0584 
         210  1 0.1445 0.1283 0.0973 0.1591 0.0238 0.0137 0.0533 0.2393 0.1406 
         211  1 0.1078 0.3549 0.0740 0.0755 0.0408 0.0247 0.1695 0.0389 0.1139 
         212  1 0.1451 0.0205 0.1323 0.1350 0.0264 0.0337 0.0252 0.3192 0.1627 
         213  1 0.2125 0.0068 0.1422 0.1001 0.1002 0.0108 0.0308 0.1949 0.2015 
         214  1 0.1865 0.0700 0.1280 0.1319 0.0384 0.0204 0.1623 0.0778 0.1848 
         215  1 0.0893 0.0149 0.0887 0.0769 0.0141 0.5409 0.0343 0.0462 0.0948 
         216  1 0.0229 0.0696 0.0205 0.0228 0.7827 0.0192 0.0165 0.0231 0.0227 
         217  1 0.0995 0.0295 0.1075 0.1110 0.0405 0.0270 0.1452 0.3348 0.1050 
         218  1 0.1914 0.0179 0.2261 0.1537 0.0243 0.0648 0.0680 0.0666 0.1872 
         219  1 0.0956 0.0274 0.0679 0.1039 0.0645 0.0345 0.3705 0.1319 0.1039 
         220  1 0.1832 0.0720 0.1209 0.1020 0.0927 0.0402 0.1447 0.0697 0.1747 
         221  1 0.1134 0.0545 0.1386 0.1179 0.0439 0.1486 0.1055 0.1662 0.1113 
         222  1 0.1133 0.0505 0.1416 0.1024 0.0245 0.0910 0.2715 0.0806 0.1246 
         223  1 0.1061 0.0201 0.0741 0.1215 0.0352 0.1221 0.0247 0.4061 0.0901 
         224  1 0.0605 0.0309 0.0765 0.1120 0.0206 0.0136 0.0609 0.5584 0.0667 
         225  1 0.2479 0.0145 0.1597 0.1165 0.0454 0.0347 0.0286 0.0891 0.2635 
         226  1 0.0237 0.7926 0.0261 0.0256 0.0301 0.0094 0.0392 0.0313 0.0221 
         227  1 0.2842 0.0161 0.1451 0.1350 0.0219 0.0356 0.0490 0.0295 0.2837 
         228  1 0.1268 0.0144 0.1712 0.1093 0.0574 0.0882 0.1731 0.1215 0.1382 
         229  1 0.1491 0.0261 0.1243 0.1238 0.2449 0.0730 0.0292 0.0787 0.1509 
         230  1 0.1601 0.0609 0.1039 0.1030 0.1417 0.0582 0.1478 0.0666 0.1579 
         231  1 0.0556 0.0131 0.0445 0.1104 0.0534 0.0226 0.0289 0.6128 0.0589 
         232  1 0.1622 0.0133 0.1162 0.0938 0.1719 0.0985 0.1053 0.0844 0.1544 
         233  1 0.0267 0.0842 0.0398 0.1187 0.5981 0.0085 0.0150 0.0816 0.0274 
         234  1 0.0770 0.0163 0.1017 0.0887 0.1005 0.0221 0.4780 0.0330 0.0827 
         235  1 0.2301 0.1264 0.1245 0.1422 0.0307 0.0115 0.0393 0.0843 0.2111 
         236  1 0.0911 0.0256 0.1352 0.1815 0.3415 0.0160 0.0295 0.0783 0.1014 
         237  1 0.1671 0.0587 0.1458 0.1226 0.0667 0.1126 0.0920 0.0533 0.1812 
         238  1 0.0406 0.0992 0.0422 0.0445 0.6423 0.0291 0.0260 0.0286 0.0474 
         239  1 0.1380 0.0332 0.2063 0.1900 0.1046 0.0150 0.1191 0.0602 0.1335 
         240  1 0.2329 0.0214 0.1498 0.1310 0.0313 0.0858 0.0813 0.0520 0.2146 
         241  1 0.1097 0.0342 0.0845 0.0882 0.3948 0.0773 0.0392 0.0602 0.1118 
         242  1 0.0437 0.0786 0.0547 0.1023 0.5642 0.0097 0.0181 0.0863 0.0425 
         243  1 0.1855 0.0221 0.2327 0.1621 0.0401 0.0534 0.0744 0.0469 0.1828 
         244  1 0.1640 0.0367 0.1481 0.1272 0.0264 0.0350 0.2013 0.0955 0.1658 
         245  1 0.0749 0.0153 0.0935 0.1118 0.0527 0.0307 0.0783 0.4651 0.0777 
         246  1 0.1514 0.1185 0.1092 0.1074 0.0638 0.1212 0.0681 0.0935 0.1668 
         247  1 0.0949 0.0510 0.1282 0.2086 0.1213 0.0355 0.2158 0.0570 0.0877 
         248  1 0.0978 0.0444 0.1533 0.1114 0.2238 0.0145 0.0211 0.2227 0.1110 
         249  1 0.0999 0.0149 0.1040 0.1449 0.0762 0.0316 0.3629 0.0527 0.1129 
         250  1 0.1304 0.0372 0.1308 0.1653 0.1493 0.0611 0.1028 0.0923 0.1308 
         251  1 0.1199 0.1600 0.1219 0.1444 0.0851 0.0127 0.0890 0.1398 0.1272 
         252  1 0.1210 0.0293 0.2281 0.1599 0.0370 0.0503 0.1570 0.0811 0.1362 
         253  1 0.1970 0.0186 0.1492 0.1426 0.1518 0.0179 0.0734 0.0722 0.1772 
         254  1 0.1573 0.0349 0.2872 0.2039 0.0302 0.0146 0.0371 0.0753 0.1595 
         255  1 0.1258 0.0816 0.1224 0.1427 0.2140 0.0512 0.0602 0.0774 0.1245 
         256  1 0.1506 0.0223 0.1134 0.0911 0.4061 0.0155 0.0253 0.0255 0.1502 
         257  1 0.0304 0.0464 0.0602 0.0686 0.6967 0.0109 0.0174 0.0370 0.0323 
         258  1 0.1154 0.0335 0.1595 0.1641 0.2095 0.0300 0.0597 0.1138 0.1145 
         259  1 0.2041 0.0214 0.1976 0.1620 0.0863 0.0086 0.0306 0.0858 0.2037 
         260  1 0.1236 0.0401 0.1865 0.2782 0.1121 0.0250 0.0339 0.0817 0.1190 
         261  1 0.1098 0.1044 0.1611 0.2077 0.0391 0.0658 0.1261 0.0756 0.1106 
         262  1 0.0690 0.0859 0.0840 0.1054 0.4528 0.0284 0.0752 0.0305 0.0687 
         263  1 0.1318 0.0222 0.0937 0.1345 0.0236 0.0315 0.2110 0.2238 0.1279 
         264  1 0.1707 0.0332 0.1744 0.1565 0.1160 0.0163 0.0554 0.1092 0.1682 
         265  1 0.1118 0.0879 0.0980 0.1165 0.2897 0.0156 0.0553 0.1154 0.1097 
         266  1 0.0959 0.0578 0.1542 0.1093 0.0472 0.1216 0.2544 0.0595 0.1001 
         267  1 0.1858 0.0263 0.1582 0.1742 0.0445 0.0623 0.0497 0.1096 0.1894 
         268  1 0.0877 0.0207 0.0823 0.0757 0.5668 0.0219 0.0156 0.0413 0.0879 
         269  1 0.1595 0.0097 0.2263 0.1490 0.1467 0.0175 0.0320 0.0956 0.1636 
         270  1 0.1323 0.0317 0.1196 0.1186 0.3262 0.0300 0.0528 0.0454 0.1433 
