           1  1 0.5219 0.1789 0.2992 
           2  1 0.2921 0.5276 0.1803 
           3  1 0.3378 0.2730 0.3892 
           4  1 0.2209 0.3221 0.4570 
           5  1 0.2960 0.3261 0.3780 
           6  1 0.1463 0.2073 0.6464 
           7  1 0.5127 0.2682 0.2191 
           8  1 0.2627 0.3494 0.3879 
           9  1 0.4101 0.2929 0.2970 
          10  1 0.2198 0.3791 0.4011 
          11  1 0.2009 0.2330 0.5661 
          12  1 0.1748 0.2190 0.6062 
          13  1 0.4361 0.2580 0.3059 
          14  1 0.4617 0.2940 0.2444 
          15  1 0.3164 0.4501 0.2335 
          16  1 0.4288 0.3847 0.1865 
          17  1 0.3142 0.2559 0.4299 
          18  1 0.1851 0.4389 0.3760 
          19  1 0.2501 0.4736 0.2763 
          20  1 0.4819 0.3020 0.2162 
          21  1 0.3525 0.3876 0.2599 
          22  1 0.3950 0.3893 0.2158 
          23  1 0.3978 0.3426 0.2596 
          24  1 0.3342 0.3281 0.3376 
          25  1 0.3337 0.2347 0.4316 
          26  1 0.3704 0.3915 0.2380 
          27  1 0.4577 0.3393 0.2030 
          28  1 0.2213 0.4269 0.3518 
          29  1 0.3117 0.4220 0.2663 
          30  1 0.3903 0.3744 0.2353 
          31  1 0.4694 0.2763 0.2543 
          32  1 0.3534 0.2954 0.3511 
          33  1 0.3153 0.3669 0.3177 
          34  1 0.3345 0.4672 0.1983 
          35  1 0.3165 0.5232 0.1603 
          36  1 0.2486 0.5051 0.2464 
          37  1 0.2912 0.3173 0.3915 
          38  1 0.2861 0.2736 0.4403 
          39  1 0.3591 0.4082 0.2327 
          40  1 0.2379 0.2453 0.5168 
          41  1 0.2793 0.5311 0.1896 
          42  1 0.3227 0.4093 0.2680 
          43  1 0.4355 0.3873 0.1771 
          44  1 0.2238 0.3085 0.4677 
          45  1 0.3184 0.3646 0.3170 
          46  1 0.3564 0.4136 0.2300 
          47  1 0.1947 0.5022 0.3030 
          48  1 0.3314 0.3985 0.2701 
          49  1 0.2954 0.5153 0.1893 
          50  1 0.3579 0.2383 0.4039 
          51  1 0.3273 0.3957 0.2770 
          52  1 0.3279 0.3856 0.2865 
          53  1 0.2320 0.3236 0.4444 
          54  1 0.3319 0.3417 0.3264 
          55  1 0.2934 0.2660 0.4405 
          56  1 0.2048 0.2574 0.5379 
          57  1 0.2704 0.3882 0.3414 
          58  1 0.2411 0.3235 0.4355 
          59  1 0.2062 0.2150 0.5787 
          60  1 0.6291 0.1914 0.1796 
          61  1 0.2792 0.2892 0.4317 
          62  1 0.3825 0.3487 0.2688 
          63  1 0.4067 0.3826 0.2107 
          64  1 0.4543 0.3617 0.1840 
          65  1 0.2521 0.2384 0.5095 
          66  1 0.3724 0.3601 0.2676 
          67  1 0.3191 0.2409 0.4400 
          68  1 0.2490 0.3277 0.4234 
          69  1 0.2023 0.3795 0.4182 
          70  1 0.2559 0.3956 0.3485 
          71  1 0.2771 0.3974 0.3255 
          72  1 0.1958 0.2686 0.5356 
          73  1 0.4673 0.2719 0.2608 
          74  1 0.3153 0.3921 0.2926 
          75  1 0.3688 0.4092 0.2220 
          76  1 0.3487 0.3394 0.3119 
          77  1 0.1691 0.5202 0.3107 
          78  1 0.2481 0.2130 0.5389 
          79  1 0.3493 0.2439 0.4068 
          80  1 0.4165 0.2601 0.3234 
          81  1 0.2118 0.4955 0.2927 
          82  1 0.4863 0.2023 0.3114 
          83  1 0.4741 0.3202 0.2058 
          84  1 0.3349 0.4490 0.2161 
          85  1 0.2471 0.5504 0.2025 
          86  1 0.2083 0.3808 0.4109 
          87  1 0.3880 0.2286 0.3834 
          88  1 0.3783 0.2840 0.3377 
          89  1 0.6536 0.2208 0.1256 
          90  1 0.4148 0.2688 0.3164 
          91  1 0.2905 0.2793 0.4303 
          92  1 0.4126 0.2983 0.2890 
          93  1 0.7008 0.1920 0.1072 
          94  1 0.3493 0.3605 0.2902 
          95  1 0.2393 0.4170 0.3437 
          96  1 0.4558 0.3231 0.2211 
          97  1 0.1435 0.2402 0.6163 
          98  1 0.3356 0.3561 0.3083 
          99  1 0.3415 0.3367 0.3218 
         100  1 0.2363 0.4361 0.3277 
         101  1 0.5146 0.2661 0.2192 
         102  1 0.3232 0.3612 0.3156 
         103  1 0.3675 0.4535 0.1790 
         104  1 0.3171 0.3351 0.3478 
         105  1 0.4402 0.2937 0.2661 
         106  1 0.5654 0.3011 0.1335 
         107  1 0.4453 0.2621 0.2926 
         108  1 0.5012 0.2349 0.2639 
         109  1 0.2895 0.3648 0.3456 
         110  1 0.2750 0.2947 0.4303 
         111  1 0.2519 0.5103 0.2378 
         112  1 0.4840 0.3053 0.2108 
         113  1 0.2743 0.2947 0.4311 
         114  1 0.5645 0.3024 0.1331 
         115  1 0.3127 0.3587 0.3286 
         116  1 0.4935 0.2834 0.2231 
         117  1 0.4259 0.2159 0.3582 
         118  1 0.2893 0.3100 0.4007 
         119  1 0.3567 0.3464 0.2969 
         120  1 0.3408 0.3356 0.3236 
         121  1 0.2846 0.2921 0.4233 
         122  1 0.1739 0.1943 0.6318 
         123  1 0.1655 0.4812 0.3534 
         124  1 0.2240 0.4260 0.3500 
         125  1 0.3891 0.3169 0.2940 
         126  1 0.2859 0.2788 0.4353 
         127  1 0.1176 0.1418 0.7406 
         128  1 0.5228 0.2267 0.2505 
         129  1 0.6939 0.1995 0.1067 
         130  1 0.6789 0.1896 0.1315 
         131  1 0.6821 0.1818 0.1361 
         132  1 0.5094 0.2516 0.2391 
         133  1 0.2500 0.3462 0.4039 
         134  1 0.3925 0.3860 0.2215 
         135  1 0.3307 0.3042 0.3651 
         136  1 0.2706 0.2752 0.4541 
         137  1 0.1243 0.1454 0.7302 
         138  1 0.1231 0.1443 0.7326 
         139  1 0.3969 0.3682 0.2349 
         140  1 0.3615 0.4403 0.1982 
         141  1 0.3516 0.3378 0.3105 
         142  1 0.3466 0.3710 0.2824 
         143  1 0.2664 0.5707 0.1628 
         144  1 0.4083 0.2920 0.2997 
         145  1 0.2593 0.4301 0.3105 
         146  1 0.3870 0.4323 0.1807 
         147  1 0.2571 0.3455 0.3975 
         148  1 0.3355 0.3130 0.3515 
         149  1 0.3103 0.4121 0.2776 
         150  1 0.4487 0.3827 0.1686 
         151  1 0.2283 0.2857 0.4860 
         152  1 0.2677 0.4432 0.2891 
         153  1 0.3623 0.4247 0.2131 
         154  1 0.2177 0.3439 0.4385 
         155  1 0.2911 0.3213 0.3876 
         156  1 0.4898 0.2715 0.2386 
         157  1 0.3763 0.4323 0.1914 
         158  1 0.3865 0.4297 0.1838 
         159  1 0.3850 0.3590 0.2561 
         160  1 0.2521 0.5199 0.2279 
         161  1 0.1769 0.3709 0.4522 
         162  1 0.5156 0.3100 0.1744 
         163  1 0.2549 0.2932 0.4519 
         164  1 0.3995 0.2488 0.3517 
         165  1 0.1886 0.3464 0.4650 
         166  1 0.3578 0.3046 0.3376 
         167  1 0.2842 0.2846 0.4312 
         168  1 0.2780 0.3298 0.3922 
         169  1 0.4022 0.4082 0.1896 
         170  1 0.2323 0.3816 0.3861 
         171  1 0.6437 0.2108 0.1455 
         172  1 0.2673 0.2424 0.4903 
         173  1 0.1783 0.3347 0.4870 
         174  1 0.2325 0.4470 0.3205 
         175  1 0.1781 0.2993 0.5226 
         176  1 0.4119 0.3469 0.2412 
         177  1 0.1583 0.1658 0.6759 
         178  1 0.3967 0.3510 0.2523 
         179  1 0.5040 0.2875 0.2085 
         180  1 0.3928 0.3673 0.2398 
         181  1 0.3998 0.2034 0.3968 
         182  1 0.2901 0.3130 0.3969 
         183  1 0.2418 0.3973 0.3609 
         184  1 0.2361 0.3518 0.4120 
         185  1 0.6568 0.2077 0.1355 
         186  1 0.6559 0.2092 0.1349 
         187  1 0.1987 0.4705 0.3308 
         188  1 0.4145 0.3919 0.1936 
         189  1 0.2529 0.2846 0.4624 
         190  1 0.2621 0.3872 0.3507 
         191  1 0.2266 0.3391 0.4343 
         192  1 0.1767 0.3749 0.4484 
         193  1 0.2545 0.3842 0.3613 
         194  1 0.3275 0.3878 0.2848 
         195  1 0.2092 0.4281 0.3627 
         196  1 0.5015 0.3095 0.1890 
         197  1 0.1980 0.2293 0.5727 
         198  1 0.3848 0.3288 0.2864 
         199  1 0.4000 0.2535 0.3464 
         200  1 0.3703 0.3839 0.2458 
         201  1 0.4314 0.4193 0.1492 
         202  1 0.2378 0.4520 0.3103 
         203  1 0.4687 0.3352 0.1960 
         204  1 0.3955 0.3455 0.2590 
         205  1 0.3235 0.2950 0.3815 
         206  1 0.2316 0.4191 0.3493 
         207  1 0.3483 0.3157 0.3360 
         208  1 0.3049 0.3722 0.3229 
         209  1 0.3631 0.2683 0.3686 
         210  1 0.2130 0.3593 0.4278 
         211  1 0.3044 0.3352 0.3604 
         212  1 0.2149 0.4251 0.3600 
         213  1 0.2130 0.5437 0.2433 
         214  1 0.2743 0.4569 0.2688 
         215  1 0.5413 0.3419 0.1168 
         216  1 0.2269 0.2111 0.5620 
         217  1 0.4409 0.2728 0.2863 
         218  1 0.3778 0.4332 0.1890 
         219  1 0.4087 0.2892 0.3022 
         220  1 0.3902 0.3144 0.2954 
         221  1 0.3941 0.2718 0.3341 
         222  1 0.4806 0.3143 0.2051 
         223  1 0.3309 0.3501 0.3191 
         224  1 0.2598 0.3773 0.3629 
         225  1 0.2653 0.4829 0.2518 
         226  1 0.2023 0.1707 0.6270 
         227  1 0.2815 0.5690 0.1495 
         228  1 0.4840 0.3055 0.2105 
         229  1 0.3362 0.3744 0.2894 
         230  1 0.3401 0.2782 0.3817 
         231  1 0.3178 0.3826 0.2997 
         232  1 0.4018 0.3523 0.2459 
         233  1 0.1459 0.1562 0.6979 
         234  1 0.5046 0.2625 0.2329 
         235  1 0.1887 0.3885 0.4228 
         236  1 0.2101 0.2736 0.5163 
         237  1 0.3946 0.3118 0.2935 
         238  1 0.2370 0.2502 0.5128 
         239  1 0.3083 0.3513 0.3404 
         240  1 0.4143 0.3656 0.2201 
         241  1 0.3669 0.2753 0.3577 
         242  1 0.1590 0.1907 0.6504 
         243  1 0.3501 0.4388 0.2112 
         244  1 0.3388 0.3706 0.2907 
         245  1 0.3565 0.2435 0.4000 
         246  1 0.3705 0.3181 0.3114 
         247  1 0.3925 0.2057 0.4018 
         248  1 0.1736 0.2721 0.5543 
         249  1 0.4727 0.2539 0.2734 
         250  1 0.4529 0.2780 0.2691 
         251  1 0.2387 0.2644 0.4969 
         252  1 0.3538 0.3225 0.3236 
         253  1 0.3044 0.3607 0.3350 
         254  1 0.2514 0.4072 0.3414 
         255  1 0.2940 0.2464 0.4596 
         256  1 0.1959 0.4269 0.3772 
         257  1 0.1846 0.1743 0.6411 
         258  1 0.3318 0.2376 0.4306 
         259  1 0.2104 0.4642 0.3254 
         260  1 0.2700 0.2978 0.4322 
         261  1 0.3688 0.2921 0.3391 
         262  1 0.3593 0.2398 0.4009 
         263  1 0.3973 0.3082 0.2946 
         264  1 0.3029 0.2856 0.4115 
         265  1 0.2274 0.2041 0.5685 
         266  1 0.4531 0.2846 0.2623 
         267  1 0.3981 0.3122 0.2897 
         268  1 0.2836 0.4204 0.2960 
         269  1 0.2742 0.5025 0.2232 
         270  1 0.3279 0.3808 0.2913 
