           1  1 0.1824 0.2991 0.5184 
           2  1 0.5319 0.1798 0.2883 
           3  1 0.2702 0.3988 0.3310 
           4  1 0.3156 0.4562 0.2282 
           5  1 0.3321 0.3755 0.2924 
           6  1 0.2050 0.6477 0.1473 
           7  1 0.2680 0.2242 0.5077 
           8  1 0.3448 0.3893 0.2659 
           9  1 0.2895 0.3002 0.4102 
          10  1 0.3712 0.4105 0.2184 
          11  1 0.2390 0.5591 0.2019 
          12  1 0.2215 0.6017 0.1768 
          13  1 0.2571 0.3039 0.4390 
          14  1 0.2842 0.2460 0.4699 
          15  1 0.4543 0.2321 0.3137 
          16  1 0.3958 0.1819 0.4224 
          17  1 0.2569 0.4293 0.3138 
          18  1 0.4495 0.3689 0.1816 
          19  1 0.4842 0.2704 0.2454 
          20  1 0.3040 0.2150 0.4810 
          21  1 0.3831 0.2595 0.3575 
          22  1 0.3822 0.2150 0.4028 
          23  1 0.3392 0.2580 0.4028 
          24  1 0.3219 0.3426 0.3355 
          25  1 0.2385 0.4318 0.3297 
          26  1 0.3917 0.2353 0.3730 
          27  1 0.3418 0.2059 0.4524 
          28  1 0.4257 0.3545 0.2197 
          29  1 0.4248 0.2674 0.3078 
          30  1 0.3714 0.2416 0.3871 
          31  1 0.2717 0.2596 0.4687 
          32  1 0.2916 0.3551 0.3534 
          33  1 0.3609 0.3233 0.3158 
          34  1 0.4652 0.2019 0.3329 
          35  1 0.5218 0.1608 0.3175 
          36  1 0.5102 0.2398 0.2500 
          37  1 0.3098 0.3995 0.2906 
          38  1 0.2778 0.4388 0.2835 
          39  1 0.4099 0.2296 0.3605 
          40  1 0.2514 0.5168 0.2319 
          41  1 0.5520 0.1807 0.2672 
          42  1 0.4178 0.2696 0.3126 
          43  1 0.3939 0.1758 0.4303 
          44  1 0.3161 0.4610 0.2229 
          45  1 0.3615 0.3138 0.3247 
          46  1 0.4142 0.2274 0.3584 
          47  1 0.5049 0.2998 0.1954 
          48  1 0.4023 0.2700 0.3277 
          49  1 0.5205 0.1833 0.2962 
          50  1 0.2426 0.4070 0.3505 
          51  1 0.3982 0.2744 0.3274 
          52  1 0.3919 0.2919 0.3162 
          53  1 0.3216 0.4455 0.2329 
          54  1 0.3452 0.3275 0.3273 
          55  1 0.2645 0.4393 0.2963 
          56  1 0.2565 0.5396 0.2038 
          57  1 0.3929 0.3391 0.2680 
          58  1 0.3185 0.4402 0.2413 
          59  1 0.2157 0.5778 0.2065 
          60  1 0.1917 0.1793 0.6290 
          61  1 0.2875 0.4323 0.2802 
          62  1 0.3507 0.2655 0.3838 
          63  1 0.3913 0.2052 0.4035 
          64  1 0.3621 0.1875 0.4503 
          65  1 0.2396 0.5093 0.2511 
          66  1 0.3580 0.2678 0.3742 
          67  1 0.2395 0.4462 0.3143 
          68  1 0.3297 0.4252 0.2451 
          69  1 0.3873 0.4083 0.2044 
          70  1 0.3967 0.3512 0.2521 
          71  1 0.3979 0.3224 0.2797 
          72  1 0.2682 0.5336 0.1982 
          73  1 0.2696 0.2657 0.4646 
          74  1 0.3889 0.2887 0.3224 
          75  1 0.4081 0.2153 0.3767 
          76  1 0.3402 0.3144 0.3455 
          77  1 0.5233 0.3080 0.1687 
          78  1 0.2065 0.5406 0.2529 
          79  1 0.2311 0.4191 0.3498 
          80  1 0.2548 0.3317 0.4135 
          81  1 0.4963 0.2914 0.2123 
          82  1 0.1996 0.3104 0.4901 
          83  1 0.3221 0.2072 0.4707 
          84  1 0.4406 0.2111 0.3483 
          85  1 0.5587 0.1963 0.2450 
          86  1 0.3857 0.4085 0.2058 
          87  1 0.2321 0.3867 0.3812 
          88  1 0.2882 0.3336 0.3782 
          89  1 0.2146 0.1266 0.6587 
          90  1 0.2641 0.3233 0.4126 
          91  1 0.2829 0.4239 0.2932 
          92  1 0.3034 0.2920 0.4046 
          93  1 0.1930 0.1054 0.7016 
          94  1 0.3610 0.2914 0.3477 
          95  1 0.4213 0.3392 0.2395 
          96  1 0.3180 0.2234 0.4586 
          97  1 0.2382 0.6170 0.1449 
          98  1 0.3465 0.3138 0.3397 
          99  1 0.3248 0.3230 0.3523 
         100  1 0.4333 0.3319 0.2347 
         101  1 0.2604 0.2149 0.5247 
         102  1 0.3634 0.3136 0.3230 
         103  1 0.4660 0.1735 0.3605 
         104  1 0.3332 0.3473 0.3196 
         105  1 0.3003 0.2608 0.4389 
         106  1 0.3155 0.1334 0.5510 
         107  1 0.2612 0.2956 0.4432 
         108  1 0.2328 0.2707 0.4965 
         109  1 0.3698 0.3393 0.2910 
         110  1 0.2955 0.4305 0.2741 
         111  1 0.5130 0.2339 0.2531 
         112  1 0.2963 0.2186 0.4851 
         113  1 0.2930 0.4344 0.2725 
         114  1 0.3130 0.1345 0.5526 
         115  1 0.3644 0.3228 0.3127 
         116  1 0.2734 0.2217 0.5048 
         117  1 0.2141 0.3656 0.4202 
         118  1 0.3068 0.4043 0.2889 
         119  1 0.3624 0.2898 0.3479 
         120  1 0.3255 0.3221 0.3524 
         121  1 0.2956 0.4225 0.2819 
         122  1 0.1935 0.6318 0.1747 
         123  1 0.4859 0.3467 0.1673 
         124  1 0.4205 0.3563 0.2233 
         125  1 0.3137 0.2973 0.3891 
         126  1 0.2723 0.4322 0.2954 
         127  1 0.1451 0.7377 0.1173 
         128  1 0.2223 0.2540 0.5236 
         129  1 0.1980 0.1057 0.6963 
         130  1 0.2010 0.1339 0.6651 
         131  1 0.1900 0.1389 0.6711 
         132  1 0.2554 0.2410 0.5036 
         133  1 0.3389 0.4067 0.2544 
         134  1 0.3974 0.2167 0.3860 
         135  1 0.2971 0.3704 0.3325 
         136  1 0.2688 0.4564 0.2747 
         137  1 0.1464 0.7309 0.1227 
         138  1 0.1485 0.7284 0.1231 
         139  1 0.3705 0.2308 0.3987 
         140  1 0.4372 0.1981 0.3647 
         141  1 0.3419 0.3110 0.3472 
         142  1 0.3743 0.2819 0.3438 
         143  1 0.5733 0.1613 0.2654 
         144  1 0.2904 0.3000 0.4095 
         145  1 0.4287 0.3105 0.2608 
         146  1 0.4249 0.1815 0.3936 
         147  1 0.3358 0.4063 0.2579 
         148  1 0.3060 0.3510 0.3430 
         149  1 0.4091 0.2775 0.3134 
         150  1 0.3863 0.1701 0.4436 
         151  1 0.2836 0.4884 0.2280 
         152  1 0.4375 0.2920 0.2705 
         153  1 0.4317 0.2092 0.3590 
         154  1 0.3376 0.4397 0.2227 
         155  1 0.3174 0.3908 0.2918 
         156  1 0.2685 0.2318 0.4997 
         157  1 0.4376 0.1960 0.3664 
         158  1 0.4386 0.1861 0.3753 
         159  1 0.3577 0.2518 0.3904 
         160  1 0.5334 0.2200 0.2465 
         161  1 0.3697 0.4575 0.1728 
         162  1 0.3131 0.1769 0.5100 
         163  1 0.2964 0.4463 0.2574 
         164  1 0.2497 0.3499 0.4004 
         165  1 0.3360 0.4736 0.1904 
         166  1 0.3042 0.3346 0.3612 
         167  1 0.2885 0.4313 0.2803 
         168  1 0.3282 0.3898 0.2820 
         169  1 0.4071 0.1903 0.4026 
         170  1 0.3733 0.3939 0.2327 
         171  1 0.2154 0.1500 0.6346 
         172  1 0.2427 0.4876 0.2697 
         173  1 0.3304 0.4844 0.1851 
         174  1 0.4411 0.3223 0.2365 
         175  1 0.2966 0.5229 0.1805 
         176  1 0.3567 0.2386 0.4047 
         177  1 0.1607 0.6813 0.1580 
         178  1 0.3494 0.2522 0.3985 
         179  1 0.2843 0.2114 0.5043 
         180  1 0.3619 0.2340 0.4041 
         181  1 0.1947 0.3970 0.4084 
         182  1 0.3105 0.3956 0.2939 
         183  1 0.3959 0.3645 0.2396 
         184  1 0.3433 0.4221 0.2346 
         185  1 0.2084 0.1335 0.6580 
         186  1 0.2072 0.1337 0.6591 
         187  1 0.4864 0.3183 0.1953 
         188  1 0.3867 0.1927 0.4207 
         189  1 0.2899 0.4558 0.2543 
         190  1 0.3904 0.3428 0.2668 
         191  1 0.3328 0.4400 0.2272 
         192  1 0.3728 0.4533 0.1739 
         193  1 0.3898 0.3569 0.2532 
         194  1 0.4002 0.2801 0.3198 
         195  1 0.4266 0.3624 0.2110 
         196  1 0.3157 0.1924 0.4920 
         197  1 0.2275 0.5730 0.1995 
         198  1 0.3422 0.2799 0.3779 
         199  1 0.2529 0.3522 0.3949 
         200  1 0.3727 0.2488 0.3784 
         201  1 0.4300 0.1460 0.4239 
         202  1 0.4501 0.3175 0.2324 
         203  1 0.3309 0.1969 0.4723 
         204  1 0.3509 0.2599 0.3892 
         205  1 0.2924 0.3804 0.3272 
         206  1 0.4255 0.3476 0.2269 
         207  1 0.3177 0.3410 0.3413 
         208  1 0.3747 0.3232 0.3021 
         209  1 0.2653 0.3708 0.3639 
         210  1 0.3641 0.4239 0.2120 
         211  1 0.3587 0.3471 0.2941 
         212  1 0.4266 0.3584 0.2150 
         213  1 0.5413 0.2409 0.2179 
         214  1 0.4625 0.2682 0.2693 
         215  1 0.3429 0.1162 0.5409 
         216  1 0.2037 0.5637 0.2326 
         217  1 0.2677 0.2813 0.4510 
         218  1 0.4290 0.1935 0.3776 
         219  1 0.2973 0.3083 0.3944 
         220  1 0.3185 0.2901 0.3914 
         221  1 0.2728 0.3334 0.3938 
         222  1 0.3268 0.2066 0.4666 
         223  1 0.3406 0.3193 0.3401 
         224  1 0.3818 0.3526 0.2656 
         225  1 0.4881 0.2461 0.2658 
         226  1 0.1692 0.6340 0.1968 
         227  1 0.5738 0.1474 0.2787 
         228  1 0.2990 0.2132 0.4878 
         229  1 0.3626 0.2911 0.3463 
         230  1 0.2782 0.3823 0.3394 
         231  1 0.3786 0.3033 0.3181 
         232  1 0.3492 0.2448 0.4059 
         233  1 0.1573 0.6941 0.1486 
         234  1 0.2675 0.2345 0.4980 
         235  1 0.3989 0.4191 0.1820 
         236  1 0.2688 0.5135 0.2177 
         237  1 0.3191 0.2905 0.3905 
         238  1 0.2512 0.5064 0.2425 
         239  1 0.3470 0.3438 0.3092 
         240  1 0.3637 0.2156 0.4207 
         241  1 0.2774 0.3564 0.3661 
         242  1 0.1896 0.6527 0.1577 
         243  1 0.4320 0.2092 0.3589 
         244  1 0.3829 0.2813 0.3358 
         245  1 0.2421 0.3994 0.3585 
         246  1 0.3172 0.3149 0.3680 
         247  1 0.2085 0.3984 0.3931 
         248  1 0.2667 0.5567 0.1766 
         249  1 0.2603 0.2728 0.4668 
         250  1 0.2743 0.2715 0.4541 
         251  1 0.2607 0.5069 0.2325 
         252  1 0.3113 0.3280 0.3607 
         253  1 0.3639 0.3336 0.3026 
         254  1 0.4094 0.3415 0.2490 
         255  1 0.2462 0.4589 0.2949 
         256  1 0.4321 0.3695 0.1984 
         257  1 0.1738 0.6399 0.1863 
         258  1 0.2297 0.4365 0.3338 
         259  1 0.4623 0.3295 0.2082 
         260  1 0.2885 0.4337 0.2777 
         261  1 0.2944 0.3454 0.3602 
         262  1 0.2413 0.4008 0.3579 
         263  1 0.3083 0.2975 0.3942 
         264  1 0.2920 0.4085 0.2995 
         265  1 0.2070 0.5660 0.2270 
         266  1 0.2823 0.2662 0.4515 
         267  1 0.3145 0.2880 0.3975 
         268  1 0.4157 0.2907 0.2936 
         269  1 0.5085 0.2178 0.2737 
         270  1 0.3777 0.2883 0.3340 
