           1  1 0.3931 0.1372 0.1672 0.3025 
           2  1 0.1959 0.5278 0.1362 0.1401 
           3  1 0.2508 0.2376 0.2764 0.2352 
           4  1 0.2185 0.1277 0.1330 0.5208 
           5  1 0.1899 0.2457 0.3436 0.2208 
           6  1 0.1516 0.1376 0.4138 0.2970 
           7  1 0.4250 0.1800 0.1754 0.2197 
           8  1 0.2174 0.2400 0.2071 0.3355 
           9  1 0.2888 0.1942 0.3414 0.1756 
          10  1 0.1312 0.2631 0.4732 0.1325 
          11  1 0.1506 0.1608 0.4774 0.2112 
          12  1 0.1549 0.1470 0.4123 0.2858 
          13  1 0.3298 0.1725 0.1369 0.3609 
          14  1 0.3668 0.2201 0.1838 0.2293 
          15  1 0.2238 0.3931 0.1832 0.1999 
          16  1 0.3418 0.3134 0.1129 0.2318 
          17  1 0.2433 0.2051 0.2476 0.3039 
          18  1 0.1317 0.4059 0.2799 0.1826 
          19  1 0.1790 0.4497 0.1608 0.2104 
          20  1 0.3338 0.2454 0.1867 0.2340 
          21  1 0.2537 0.2829 0.1460 0.3174 
          22  1 0.2946 0.3165 0.1121 0.2767 
          23  1 0.3367 0.2557 0.1778 0.2299 
          24  1 0.2583 0.2613 0.2525 0.2279 
          25  1 0.2515 0.1812 0.3425 0.2248 
          26  1 0.2696 0.3116 0.2397 0.1791 
          27  1 0.3755 0.2661 0.1416 0.2169 
          28  1 0.1893 0.3055 0.1896 0.3156 
          29  1 0.2293 0.3617 0.2520 0.1570 
          30  1 0.2855 0.3289 0.1757 0.2100 
          31  1 0.3537 0.2084 0.2244 0.2135 
          32  1 0.2496 0.2482 0.2541 0.2481 
          33  1 0.2305 0.3198 0.2198 0.2300 
          34  1 0.2329 0.4227 0.1114 0.2330 
          35  1 0.2167 0.5192 0.1079 0.1561 
          36  1 0.1775 0.4590 0.1259 0.2376 
          37  1 0.2167 0.2621 0.2420 0.2792 
          38  1 0.2013 0.1819 0.3540 0.2628 
          39  1 0.2626 0.3738 0.1435 0.2202 
          40  1 0.1558 0.1674 0.5187 0.1581 
          41  1 0.1949 0.5058 0.1834 0.1159 
          42  1 0.2350 0.3649 0.2547 0.1453 
          43  1 0.3040 0.3497 0.1185 0.2278 
          44  1 0.1434 0.1978 0.5449 0.1140 
          45  1 0.2344 0.2767 0.2179 0.2710 
          46  1 0.2757 0.3607 0.1319 0.2317 
          47  1 0.1335 0.4551 0.2796 0.1318 
          48  1 0.2606 0.2928 0.2710 0.1756 
          49  1 0.2057 0.4722 0.1139 0.2082 
          50  1 0.2073 0.1397 0.4978 0.1552 
          51  1 0.2604 0.2832 0.1361 0.3202 
          52  1 0.2643 0.3077 0.2204 0.2076 
          53  1 0.2126 0.2067 0.1439 0.4368 
          54  1 0.2638 0.2810 0.1851 0.2700 
          55  1 0.2393 0.1735 0.2021 0.3852 
          56  1 0.1965 0.1591 0.2686 0.3758 
          57  1 0.2196 0.3307 0.2546 0.1951 
          58  1 0.1816 0.2325 0.3576 0.2284 
          59  1 0.1716 0.1461 0.3915 0.2908 
          60  1 0.4533 0.1270 0.0873 0.3324 
          61  1 0.2082 0.2362 0.2718 0.2837 
          62  1 0.2762 0.2542 0.2246 0.2450 
          63  1 0.3160 0.3116 0.1765 0.1959 
          64  1 0.3652 0.2638 0.1753 0.1957 
          65  1 0.2109 0.1674 0.3370 0.2847 
          66  1 0.2913 0.2794 0.2635 0.1658 
          67  1 0.2244 0.1610 0.3350 0.2796 
          68  1 0.1937 0.2518 0.2538 0.3008 
          69  1 0.1833 0.3250 0.2099 0.2818 
          70  1 0.2132 0.3292 0.1762 0.2815 
          71  1 0.2136 0.3199 0.1703 0.2961 
          72  1 0.1797 0.1830 0.2925 0.3448 
          73  1 0.3276 0.1978 0.1263 0.3483 
          74  1 0.2507 0.3119 0.1430 0.2944 
          75  1 0.2816 0.3350 0.1387 0.2447 
          76  1 0.2375 0.2579 0.2691 0.2355 
          77  1 0.1452 0.4603 0.1635 0.2310 
          78  1 0.2208 0.1046 0.1633 0.5113 
          79  1 0.2735 0.1705 0.2248 0.3313 
          80  1 0.3196 0.2117 0.2154 0.2533 
          81  1 0.1679 0.3959 0.1977 0.2386 
          82  1 0.3656 0.1380 0.2009 0.2955 
          83  1 0.3682 0.2401 0.1427 0.2490 
          84  1 0.2617 0.3662 0.1064 0.2657 
          85  1 0.1669 0.5256 0.1170 0.1905 
          86  1 0.1542 0.3133 0.2956 0.2369 
          87  1 0.2202 0.1352 0.4853 0.1594 
          88  1 0.2711 0.2308 0.1786 0.3195 
          89  1 0.5562 0.1077 0.0674 0.2688 
          90  1 0.3103 0.2002 0.2951 0.1944 
          91  1 0.1906 0.1821 0.4059 0.2214 
          92  1 0.3403 0.2235 0.1684 0.2678 
          93  1 0.5701 0.1041 0.0595 0.2663 
          94  1 0.2743 0.2967 0.1861 0.2428 
          95  1 0.1861 0.3336 0.2747 0.2055 
          96  1 0.3778 0.2413 0.1602 0.2207 
          97  1 0.1076 0.1327 0.6221 0.1376 
          98  1 0.2449 0.2581 0.2081 0.2888 
          99  1 0.2525 0.1239 0.0920 0.5316 
         100  1 0.1933 0.3291 0.1750 0.3026 
         101  1 0.3807 0.1983 0.1179 0.3031 
         102  1 0.2362 0.2470 0.1009 0.4158 
         103  1 0.2844 0.3988 0.1601 0.1567 
         104  1 0.2116 0.2503 0.3387 0.1993 
         105  1 0.3182 0.2236 0.1480 0.3102 
         106  1 0.4705 0.2187 0.0972 0.2136 
         107  1 0.3102 0.2064 0.1561 0.3273 
         108  1 0.3586 0.1752 0.2539 0.2122 
         109  1 0.2114 0.3075 0.1692 0.3119 
         110  1 0.1991 0.2225 0.4006 0.1777 
         111  1 0.1834 0.5033 0.1461 0.1671 
         112  1 0.3162 0.2410 0.1860 0.2569 
         113  1 0.1729 0.2206 0.4191 0.1873 
         114  1 0.4742 0.2164 0.0974 0.2120 
         115  1 0.2027 0.2709 0.2513 0.2750 
         116  1 0.3279 0.1571 0.0879 0.4271 
         117  1 0.3090 0.1421 0.3373 0.2115 
         118  1 0.1964 0.2422 0.3121 0.2493 
         119  1 0.2733 0.2555 0.1641 0.3071 
         120  1 0.2556 0.1231 0.0904 0.5309 
         121  1 0.1963 0.2117 0.4458 0.1462 
         122  1 0.1515 0.1269 0.4485 0.2731 
         123  1 0.1185 0.3063 0.4495 0.1256 
         124  1 0.1649 0.3410 0.3064 0.1878 
         125  1 0.2736 0.2520 0.1916 0.2828 
         126  1 0.2349 0.1293 0.1190 0.5168 
         127  1 0.0574 0.0664 0.8147 0.0616 
         128  1 0.3870 0.1554 0.1622 0.2954 
         129  1 0.5643 0.1076 0.0601 0.2681 
         130  1 0.5373 0.1293 0.0722 0.2611 
         131  1 0.5438 0.1171 0.0783 0.2608 
         132  1 0.3599 0.1788 0.2380 0.2232 
         133  1 0.1895 0.2767 0.3258 0.2080 
         134  1 0.2775 0.3288 0.2167 0.1770 
         135  1 0.2329 0.2050 0.3116 0.2506 
         136  1 0.2119 0.1841 0.2320 0.3720 
         137  1 0.0626 0.0688 0.8016 0.0671 
         138  1 0.0639 0.0682 0.7995 0.0684 
         139  1 0.3361 0.2744 0.1351 0.2544 
         140  1 0.2882 0.3689 0.1551 0.1878 
         141  1 0.2374 0.2632 0.3341 0.1653 
         142  1 0.2347 0.3358 0.2260 0.2035 
         143  1 0.1629 0.5730 0.0992 0.1649 
         144  1 0.3009 0.2112 0.2573 0.2306 
         145  1 0.1863 0.3765 0.2651 0.1720 
         146  1 0.2951 0.2419 0.0721 0.3910 
         147  1 0.1705 0.2513 0.3753 0.2030 
         148  1 0.2783 0.2260 0.1686 0.3272 
         149  1 0.2165 0.2898 0.2926 0.2011 
         150  1 0.3405 0.3131 0.1048 0.2416 
         151  1 0.1668 0.2098 0.3633 0.2601 
         152  1 0.1962 0.3392 0.2708 0.1938 
         153  1 0.2483 0.3652 0.1545 0.2320 
         154  1 0.1476 0.1945 0.5462 0.1118 
         155  1 0.1899 0.2280 0.4120 0.1701 
         156  1 0.3599 0.2084 0.1384 0.2934 
         157  1 0.3120 0.3445 0.1874 0.1561 
         158  1 0.3133 0.3505 0.1777 0.1584 
         159  1 0.2799 0.2527 0.2893 0.1781 
         160  1 0.1690 0.5016 0.2010 0.1284 
         161  1 0.1104 0.2544 0.5157 0.1194 
         162  1 0.4017 0.2318 0.1378 0.2288 
         163  1 0.2292 0.1793 0.1739 0.4176 
         164  1 0.2987 0.1556 0.1446 0.4012 
         165  1 0.1139 0.1709 0.6064 0.1088 
         166  1 0.2474 0.2278 0.2976 0.2271 
         167  1 0.2176 0.2007 0.3652 0.2165 
         168  1 0.2301 0.2264 0.1860 0.3574 
         169  1 0.3273 0.3521 0.1350 0.1857 
         170  1 0.1615 0.2087 0.4721 0.1578 
         171  1 0.4969 0.1545 0.0922 0.2563 
         172  1 0.2081 0.1886 0.3742 0.2291 
         173  1 0.1447 0.2573 0.3792 0.2189 
         174  1 0.1842 0.3356 0.1976 0.2825 
         175  1 0.1596 0.2177 0.3055 0.3172 
         176  1 0.3096 0.2611 0.2349 0.1944 
         177  1 0.1602 0.0991 0.3690 0.3717 
         178  1 0.2631 0.2401 0.3159 0.1809 
         179  1 0.3935 0.2023 0.1213 0.2829 
         180  1 0.2980 0.2516 0.1003 0.3501 
         181  1 0.2877 0.1464 0.2867 0.2792 
         182  1 0.2334 0.2479 0.1877 0.3310 
         183  1 0.1564 0.3358 0.3840 0.1237 
         184  1 0.1513 0.1784 0.5444 0.1260 
         185  1 0.5490 0.1075 0.0733 0.2703 
         186  1 0.5528 0.1049 0.0712 0.2711 
         187  1 0.1653 0.4376 0.1862 0.2108 
         188  1 0.2767 0.3355 0.1480 0.2398 
         189  1 0.2017 0.1919 0.2609 0.3455 
         190  1 0.2247 0.2657 0.1599 0.3497 
         191  1 0.1624 0.2538 0.3435 0.2402 
         192  1 0.1125 0.2532 0.5161 0.1182 
         193  1 0.2019 0.2788 0.2230 0.2963 
         194  1 0.2499 0.3243 0.2333 0.1925 
         195  1 0.1778 0.3545 0.2075 0.2602 
         196  1 0.3977 0.2340 0.1444 0.2240 
         197  1 0.1722 0.1543 0.3531 0.3205 
         198  1 0.2671 0.2387 0.3222 0.1720 
         199  1 0.3155 0.1838 0.2191 0.2816 
         200  1 0.2656 0.3037 0.1749 0.2558 
         201  1 0.3177 0.3790 0.0941 0.2093 
         202  1 0.1542 0.2994 0.4264 0.1200 
         203  1 0.3831 0.2574 0.1246 0.2349 
         204  1 0.2972 0.3019 0.1788 0.2221 
         205  1 0.2519 0.1990 0.2152 0.3339 
         206  1 0.1888 0.3439 0.1855 0.2818 
         207  1 0.2166 0.2139 0.4159 0.1536 
         208  1 0.2331 0.3316 0.2393 0.1960 
         209  1 0.2125 0.1653 0.4463 0.1759 
         210  1 0.1514 0.2712 0.4373 0.1402 
         211  1 0.1967 0.2770 0.3727 0.1537 
         212  1 0.1417 0.3371 0.3643 0.1569 
         213  1 0.1552 0.4874 0.1656 0.1918 
         214  1 0.2073 0.4137 0.1750 0.2040 
         215  1 0.4307 0.2558 0.0836 0.2300 
         216  1 0.2095 0.1090 0.2469 0.4345 
         217  1 0.3083 0.1968 0.2677 0.2273 
         218  1 0.2704 0.3951 0.1090 0.2255 
         219  1 0.3168 0.2217 0.2425 0.2190 
         220  1 0.2532 0.2739 0.2456 0.2274 
         221  1 0.2789 0.2056 0.2980 0.2175 
         222  1 0.3417 0.2548 0.1791 0.2245 
         223  1 0.2425 0.2350 0.3194 0.2031 
         224  1 0.1650 0.2317 0.4523 0.1510 
         225  1 0.1900 0.4530 0.1739 0.1831 
         226  1 0.1028 0.0917 0.6906 0.1149 
         227  1 0.2025 0.5494 0.1024 0.1457 
         228  1 0.3667 0.2228 0.1439 0.2667 
         229  1 0.2432 0.2667 0.1585 0.3316 
         230  1 0.2885 0.2107 0.2185 0.2823 
         231  1 0.2064 0.2375 0.3699 0.1862 
         232  1 0.3149 0.2624 0.1411 0.2816 
         233  1 0.1502 0.0972 0.4234 0.3292 
         234  1 0.3670 0.1793 0.1068 0.3469 
         235  1 0.1263 0.3615 0.3735 0.1387 
         236  1 0.2063 0.1676 0.2112 0.4150 
         237  1 0.2788 0.2484 0.1908 0.2820 
         238  1 0.1958 0.1351 0.2798 0.3893 
         239  1 0.2460 0.2549 0.1435 0.3555 
         240  1 0.3245 0.3153 0.1439 0.2163 
         241  1 0.2713 0.1846 0.1791 0.3649 
         242  1 0.1700 0.1127 0.3165 0.4008 
         243  1 0.2664 0.3794 0.1140 0.2402 
         244  1 0.2758 0.3146 0.2159 0.1937 
         245  1 0.2489 0.1835 0.3371 0.2306 
         246  1 0.2616 0.2451 0.2908 0.2024 
         247  1 0.3119 0.1518 0.2230 0.3133 
         248  1 0.1401 0.1742 0.4616 0.2241 
         249  1 0.3530 0.1994 0.1357 0.3119 
         250  1 0.3276 0.2062 0.1526 0.3137 
         251  1 0.1756 0.1910 0.4063 0.2271 
         252  1 0.2931 0.2493 0.2137 0.2440 
         253  1 0.2337 0.2633 0.1547 0.3484 
         254  1 0.1878 0.3660 0.2356 0.2107 
         255  1 0.2392 0.1738 0.2647 0.3224 
         256  1 0.1839 0.2933 0.1405 0.3823 
         257  1 0.1919 0.0982 0.2342 0.4757 
         258  1 0.2232 0.1756 0.2858 0.3153 
         259  1 0.1632 0.3829 0.1976 0.2563 
         260  1 0.2253 0.2102 0.2006 0.3638 
         261  1 0.2849 0.2348 0.2238 0.2566 
         262  1 0.2552 0.1484 0.1742 0.4223 
         263  1 0.3006 0.2368 0.2695 0.1931 
         264  1 0.2202 0.2365 0.2578 0.2855 
         265  1 0.1846 0.1576 0.3954 0.2625 
         266  1 0.3438 0.2235 0.1514 0.2812 
         267  1 0.2893 0.2649 0.1960 0.2498 
         268  1 0.2129 0.2654 0.1464 0.3754 
         269  1 0.1976 0.3707 0.1377 0.2940 
         270  1 0.2468 0.2481 0.1411 0.3640 
