           1  1 0.1225 0.1022 0.3017 0.1146 0.2682 0.0908 
           2  1 0.0493 0.1916 0.1327 0.1327 0.1339 0.3598 
           3  1 0.1263 0.1244 0.1432 0.3513 0.1266 0.1282 
           4  1 0.7801 0.0455 0.0377 0.0465 0.0402 0.0500 
           5  1 0.1323 0.2249 0.1334 0.1204 0.1931 0.1960 
           6  1 0.2842 0.0823 0.0624 0.4110 0.0724 0.0877 
           7  1 0.0441 0.1314 0.2919 0.1312 0.2785 0.1230 
           8  1 0.3394 0.1455 0.1214 0.0947 0.1365 0.1625 
           9  1 0.0482 0.2200 0.2114 0.2093 0.1435 0.1677 
          10  1 0.0549 0.2501 0.1279 0.1867 0.2036 0.1769 
          11  1 0.0895 0.0735 0.0710 0.6345 0.0601 0.0714 
          12  1 0.2918 0.0821 0.0624 0.4123 0.0677 0.0837 
          13  1 0.3267 0.1134 0.1887 0.0862 0.1630 0.1221 
          14  1 0.0735 0.1655 0.2420 0.1065 0.2430 0.1695 
          15  1 0.0877 0.2180 0.1496 0.1000 0.1768 0.2679 
          16  1 0.0790 0.1128 0.2926 0.0638 0.2683 0.1836 
          17  1 0.2325 0.1351 0.1452 0.2126 0.1352 0.1394 
          18  1 0.1562 0.1638 0.0875 0.2375 0.0938 0.2612 
          19  1 0.1235 0.2582 0.1348 0.0527 0.1510 0.2798 
          20  1 0.0940 0.2344 0.2068 0.1046 0.1765 0.1838 
          21  1 0.2876 0.1734 0.1272 0.0848 0.1303 0.1966 
          22  1 0.1688 0.1450 0.2092 0.0604 0.2132 0.2034 
          23  1 0.0828 0.1248 0.2714 0.1189 0.2513 0.1508 
          24  1 0.1183 0.1675 0.2095 0.1160 0.2271 0.1616 
          25  1 0.1273 0.1722 0.1691 0.2310 0.1575 0.1429 
          26  1 0.0656 0.2776 0.1865 0.0617 0.1933 0.2153 
          27  1 0.0608 0.1837 0.2379 0.0970 0.2277 0.1930 
          28  1 0.3173 0.1732 0.1027 0.0803 0.1084 0.2182 
          29  1 0.0665 0.2359 0.1533 0.1076 0.1496 0.2870 
          30  1 0.1028 0.2138 0.1565 0.0922 0.1567 0.2780 
          31  1 0.0655 0.1772 0.2149 0.1894 0.1804 0.1727 
          32  1 0.1300 0.2108 0.1578 0.1490 0.1458 0.2066 
          33  1 0.1156 0.1702 0.1423 0.2289 0.1397 0.2033 
          34  1 0.1221 0.2004 0.1252 0.1026 0.1429 0.3069 
          35  1 0.0571 0.2226 0.1322 0.0670 0.1317 0.3895 
          36  1 0.1344 0.1943 0.1052 0.1027 0.1289 0.3344 
          37  1 0.2157 0.1575 0.1355 0.1413 0.1634 0.1866 
          38  1 0.2218 0.1363 0.1170 0.2492 0.1276 0.1481 
          39  1 0.0872 0.2346 0.1670 0.0831 0.1388 0.2893 
          40  1 0.0669 0.0918 0.0807 0.6010 0.0731 0.0865 
          41  1 0.0351 0.2318 0.1403 0.1272 0.1284 0.3372 
          42  1 0.0476 0.2350 0.1678 0.1183 0.1635 0.2678 
          43  1 0.1202 0.2188 0.1898 0.0444 0.1919 0.2350 
          44  1 0.0644 0.2222 0.1271 0.2570 0.1664 0.1629 
          45  1 0.1932 0.1981 0.1459 0.1080 0.1359 0.2189 
          46  1 0.1229 0.1647 0.2179 0.0668 0.1966 0.2311 
          47  1 0.0620 0.2368 0.1024 0.1817 0.1423 0.2748 
          48  1 0.0863 0.2069 0.1654 0.1385 0.1810 0.2219 
          49  1 0.1189 0.2054 0.1478 0.0654 0.1620 0.3004 
          50  1 0.0587 0.2247 0.1628 0.1922 0.2307 0.1309 
          51  1 0.3619 0.1373 0.1315 0.0662 0.1198 0.1833 
          52  1 0.1098 0.1637 0.1544 0.2399 0.1465 0.1857 
          53  1 0.5543 0.1154 0.0768 0.0508 0.0683 0.1343 
          54  1 0.1790 0.1898 0.1651 0.1000 0.1483 0.2178 
          55  1 0.4143 0.1250 0.1106 0.1239 0.0953 0.1309 
          56  1 0.2565 0.0743 0.0795 0.4316 0.0762 0.0819 
          57  1 0.0899 0.1708 0.1679 0.1868 0.1789 0.2057 
          58  1 0.1573 0.1724 0.1106 0.2814 0.1238 0.1545 
          59  1 0.3711 0.1184 0.0914 0.2165 0.0937 0.1089 
          60  1 0.1608 0.1112 0.3168 0.0419 0.2852 0.0841 
          61  1 0.1946 0.1904 0.1441 0.1147 0.1499 0.2063 
          62  1 0.1790 0.1522 0.1987 0.0839 0.2041 0.1822 
          63  1 0.0760 0.2620 0.2224 0.0730 0.1476 0.2190 
          64  1 0.0478 0.1420 0.2847 0.1048 0.2548 0.1660 
          65  1 0.1357 0.0884 0.1182 0.4584 0.1090 0.0903 
          66  1 0.0447 0.1415 0.2018 0.2606 0.1889 0.1625 
          67  1 0.2584 0.1816 0.1297 0.1438 0.1579 0.1287 
          68  1 0.2911 0.1640 0.1116 0.1239 0.1372 0.1721 
          69  1 0.2244 0.1883 0.1033 0.0904 0.1486 0.2450 
          70  1 0.2167 0.1916 0.1125 0.0944 0.1508 0.2340 
          71  1 0.2650 0.1666 0.1368 0.0648 0.1548 0.2120 
          72  1 0.3140 0.1096 0.0857 0.2678 0.0943 0.1285 
          73  1 0.1811 0.2176 0.2005 0.0715 0.1541 0.1751 
          74  1 0.2073 0.1904 0.1490 0.0688 0.1584 0.2260 
          75  1 0.1292 0.1636 0.2152 0.0659 0.2033 0.2227 
          76  1 0.1187 0.2519 0.1548 0.0566 0.2340 0.1839 
          77  1 0.1898 0.2325 0.0896 0.0588 0.1395 0.2898 
          78  1 0.7169 0.0608 0.0540 0.0597 0.0511 0.0576 
          79  1 0.2549 0.1376 0.1605 0.1267 0.1824 0.1378 
          80  1 0.1127 0.1381 0.2581 0.0928 0.2627 0.1356 
          81  1 0.1659 0.2215 0.1061 0.0833 0.1722 0.2510 
          82  1 0.1692 0.1224 0.2681 0.0956 0.2383 0.1064 
          83  1 0.1078 0.1622 0.2572 0.0479 0.2756 0.1493 
          84  1 0.1437 0.1761 0.1848 0.0665 0.1755 0.2534 
          85  1 0.1196 0.2326 0.1078 0.0444 0.1277 0.3679 
          86  1 0.1601 0.1991 0.1090 0.1594 0.1576 0.2149 
          87  1 0.0638 0.2143 0.1809 0.1581 0.2630 0.1199 
          88  1 0.2371 0.1813 0.1499 0.1031 0.1417 0.1868 
          89  1 0.0261 0.0324 0.4635 0.0240 0.4209 0.0331 
          90  1 0.0554 0.1969 0.2173 0.1228 0.2512 0.1565 
          91  1 0.1629 0.1904 0.1244 0.2063 0.1610 0.1549 
          92  1 0.1654 0.1770 0.2134 0.1002 0.1741 0.1699 
          93  1 0.0306 0.0420 0.4463 0.0239 0.4169 0.0403 
          94  1 0.1240 0.1650 0.2181 0.1195 0.1851 0.1882 
          95  1 0.1373 0.2059 0.1270 0.0829 0.1948 0.2521 
          96  1 0.0498 0.2767 0.2483 0.0536 0.1767 0.1948 
          97  1 0.0777 0.1546 0.0874 0.4370 0.1485 0.0948 
          98  1 0.1987 0.2142 0.1479 0.0525 0.1955 0.1912 
          99  1 0.7587 0.0486 0.0548 0.0273 0.0597 0.0509 
         100  1 0.1734 0.1428 0.1024 0.2941 0.1051 0.1822 
         101  1 0.1167 0.0976 0.2866 0.1033 0.2743 0.1215 
         102  1 0.5011 0.1147 0.0928 0.0478 0.0890 0.1546 
         103  1 0.0456 0.2965 0.2094 0.0516 0.1386 0.2582 
         104  1 0.0915 0.2318 0.1517 0.1188 0.1927 0.2136 
         105  1 0.2008 0.1443 0.2061 0.0848 0.2003 0.1637 
         106  1 0.0328 0.3135 0.3023 0.0339 0.1539 0.1636 
         107  1 0.2000 0.1324 0.2087 0.1180 0.1926 0.1482 
         108  1 0.0635 0.2623 0.2315 0.1011 0.1846 0.1571 
         109  1 0.2506 0.1436 0.1141 0.1847 0.1025 0.2045 
         110  1 0.1240 0.1999 0.1511 0.1951 0.1513 0.1786 
         111  1 0.0839 0.2071 0.1593 0.0631 0.1668 0.3198 
         112  1 0.1029 0.2022 0.2170 0.0546 0.2635 0.1597 
         113  1 0.1488 0.1997 0.1238 0.1996 0.1608 0.1674 
         114  1 0.0334 0.3166 0.3015 0.0336 0.1540 0.1609 
         115  1 0.2499 0.1771 0.1172 0.1360 0.1194 0.2003 
         116  1 0.3672 0.0903 0.2014 0.0495 0.1947 0.0969 
         117  1 0.0856 0.1654 0.2199 0.1744 0.2486 0.1061 
         118  1 0.1824 0.2143 0.1387 0.0930 0.1668 0.2049 
         119  1 0.3041 0.1636 0.1449 0.0863 0.1245 0.1765 
         120  1 0.7566 0.0482 0.0536 0.0274 0.0604 0.0538 
         121  1 0.0632 0.2191 0.1531 0.2095 0.1699 0.1852 
         122  1 0.2137 0.1264 0.0820 0.3782 0.0992 0.1005 
         123  1 0.0678 0.2179 0.1067 0.2135 0.1796 0.2145 
         124  1 0.1447 0.1645 0.1260 0.2123 0.1390 0.2134 
         125  1 0.1977 0.2184 0.1605 0.0782 0.1641 0.1810 
         126  1 0.6764 0.0702 0.0709 0.0440 0.0617 0.0768 
         127  1 0.0225 0.0253 0.0236 0.8786 0.0247 0.0253 
         128  1 0.1575 0.1233 0.2684 0.0895 0.2557 0.1057 
         129  1 0.0302 0.0434 0.4466 0.0224 0.4163 0.0411 
         130  1 0.0418 0.2926 0.3275 0.0377 0.1604 0.1400 
         131  1 0.0404 0.2917 0.3234 0.0401 0.1619 0.1424 
         132  1 0.0729 0.2242 0.2376 0.0721 0.2395 0.1537 
         133  1 0.1364 0.2122 0.1279 0.1673 0.1536 0.2026 
         134  1 0.0645 0.2932 0.2049 0.0708 0.1383 0.2284 
         135  1 0.1451 0.2540 0.1864 0.0671 0.1692 0.1782 
         136  1 0.3169 0.1389 0.1042 0.1861 0.1152 0.1386 
         137  1 0.0252 0.0267 0.0256 0.8695 0.0265 0.0265 
         138  1 0.0252 0.0261 0.0254 0.8694 0.0272 0.0267 
         139  1 0.1313 0.1906 0.1992 0.0830 0.1591 0.2368 
         140  1 0.0731 0.2156 0.2006 0.0492 0.2174 0.2442 
         141  1 0.0654 0.2674 0.1786 0.1111 0.1806 0.1969 
         142  1 0.1125 0.2391 0.1489 0.0896 0.1470 0.2628 
         143  1 0.0892 0.2466 0.0941 0.0437 0.1203 0.4061 
         144  1 0.1128 0.1783 0.2289 0.0794 0.2628 0.1378 
         145  1 0.0786 0.1932 0.1296 0.2136 0.1471 0.2378 
         146  1 0.3232 0.1043 0.1952 0.0288 0.2144 0.1341 
         147  1 0.0992 0.2214 0.1294 0.1644 0.1788 0.2067 
         148  1 0.2249 0.1733 0.1591 0.0838 0.1640 0.1949 
         149  1 0.1085 0.2147 0.1536 0.1107 0.1928 0.2198 
         150  1 0.1323 0.2115 0.2083 0.0418 0.1628 0.2434 
         151  1 0.2036 0.1221 0.0946 0.3433 0.0998 0.1367 
         152  1 0.1104 0.2186 0.1377 0.0963 0.1760 0.2610 
         153  1 0.1465 0.2267 0.1576 0.0801 0.1447 0.2444 
         154  1 0.0508 0.2425 0.1368 0.1825 0.2134 0.1740 
         155  1 0.0804 0.2066 0.1588 0.2334 0.1411 0.1797 
         156  1 0.1223 0.1050 0.2675 0.1191 0.2523 0.1339 
         157  1 0.0351 0.1348 0.2379 0.1894 0.2473 0.1555 
         158  1 0.0352 0.1423 0.2291 0.1726 0.2388 0.1820 
         159  1 0.0518 0.2695 0.2223 0.1015 0.1496 0.2053 
         160  1 0.0488 0.2550 0.1223 0.0946 0.1317 0.3476 
         161  1 0.0528 0.1067 0.0604 0.6034 0.0855 0.0912 
         162  1 0.0602 0.1440 0.2987 0.0915 0.2486 0.1568 
         163  1 0.5136 0.0865 0.0911 0.1138 0.0894 0.1055 
         164  1 0.3477 0.0933 0.1918 0.0809 0.1818 0.1044 
         165  1 0.0501 0.2412 0.1190 0.2258 0.2183 0.1455 
         166  1 0.1373 0.2286 0.1616 0.0959 0.1902 0.1865 
         167  1 0.1398 0.2542 0.1755 0.0840 0.1699 0.1765 
         168  1 0.3339 0.1754 0.1134 0.1175 0.1043 0.1554 
         169  1 0.0424 0.2769 0.2281 0.0664 0.1548 0.2314 
         170  1 0.1158 0.2165 0.1293 0.1781 0.2030 0.1573 
         171  1 0.0575 0.2692 0.3014 0.0384 0.1971 0.1365 
         172  1 0.1228 0.0956 0.1479 0.3787 0.1444 0.1107 
         173  1 0.2027 0.1277 0.0741 0.3266 0.0907 0.1782 
         174  1 0.1909 0.2262 0.1232 0.0736 0.1681 0.2179 
         175  1 0.4058 0.1285 0.0680 0.1442 0.0834 0.1700 
         176  1 0.0653 0.2118 0.2044 0.0796 0.2218 0.2171 
         177  1 0.5661 0.1017 0.0589 0.1223 0.0831 0.0679 
         178  1 0.0565 0.2415 0.1920 0.1311 0.1945 0.1843 
         179  1 0.1104 0.2358 0.2355 0.0503 0.2023 0.1658 
         180  1 0.2935 0.1767 0.1554 0.0388 0.1454 0.1901 
         181  1 0.1167 0.0925 0.1612 0.3858 0.1534 0.0904 
         182  1 0.3042 0.1681 0.1250 0.0671 0.1363 0.1993 
         183  1 0.0579 0.2245 0.1291 0.2163 0.1143 0.2579 
         184  1 0.0598 0.2602 0.1434 0.1564 0.2328 0.1474 
         185  1 0.0277 0.0328 0.4618 0.0266 0.4169 0.0342 
         186  1 0.0284 0.0339 0.4601 0.0265 0.4179 0.0332 
         187  1 0.1345 0.2333 0.1103 0.0648 0.1556 0.3016 
         188  1 0.1011 0.2365 0.1772 0.0633 0.1892 0.2327 
         189  1 0.2239 0.1039 0.1140 0.3338 0.1013 0.1231 
         190  1 0.2372 0.1347 0.1405 0.1691 0.1387 0.1798 
         191  1 0.1663 0.1848 0.1124 0.2032 0.1386 0.1946 
         192  1 0.0516 0.1082 0.0625 0.6049 0.0831 0.0898 
         193  1 0.2197 0.1638 0.1115 0.2062 0.1092 0.1896 
         194  1 0.0732 0.1201 0.1688 0.3192 0.1485 0.1702 
         195  1 0.1989 0.1528 0.1295 0.1390 0.1480 0.2317 
         196  1 0.0584 0.2721 0.2608 0.0937 0.1500 0.1651 
         197  1 0.3558 0.1137 0.0807 0.2534 0.0955 0.1010 
         198  1 0.0564 0.1873 0.1996 0.1713 0.2162 0.1691 
         199  1 0.1196 0.1434 0.1953 0.2160 0.1863 0.1394 
         200  1 0.1485 0.1790 0.2059 0.0657 0.2296 0.1712 
         201  1 0.0706 0.2312 0.1966 0.0396 0.1867 0.2754 
         202  1 0.0480 0.2768 0.1301 0.1333 0.2180 0.1938 
         203  1 0.0619 0.2835 0.2609 0.0435 0.1600 0.1903 
         204  1 0.0917 0.1446 0.2431 0.0964 0.2481 0.1761 
         205  1 0.2943 0.1358 0.1346 0.1446 0.1420 0.1487 
         206  1 0.2343 0.1564 0.1050 0.1616 0.1168 0.2259 
         207  1 0.0580 0.2520 0.1908 0.1872 0.1315 0.1806 
         208  1 0.0885 0.2139 0.1580 0.2187 0.1117 0.2092 
         209  1 0.0719 0.2205 0.1548 0.1763 0.2324 0.1440 
         210  1 0.0683 0.1781 0.1038 0.3546 0.1350 0.1603 
         211  1 0.0647 0.1358 0.1238 0.4263 0.0916 0.1578 
         212  1 0.0792 0.2333 0.1283 0.1185 0.2098 0.2310 
         213  1 0.1468 0.2541 0.0985 0.0333 0.1264 0.3409 
         214  1 0.1046 0.1936 0.1332 0.1766 0.1312 0.2607 
         215  1 0.0433 0.0939 0.3647 0.0395 0.3509 0.1077 
         216  1 0.6061 0.0492 0.0562 0.1706 0.0654 0.0525 
         217  1 0.0905 0.2376 0.2021 0.1129 0.2016 0.1554 
         218  1 0.0874 0.1967 0.1877 0.0712 0.2073 0.2497 
         219  1 0.1151 0.2212 0.2059 0.1085 0.1862 0.1630 
         220  1 0.1372 0.1756 0.1567 0.1790 0.1470 0.2045 
         221  1 0.0889 0.1576 0.2206 0.1371 0.2478 0.1480 
         222  1 0.0702 0.1706 0.2322 0.0979 0.2533 0.1758 
         223  1 0.0935 0.1901 0.1985 0.1085 0.2489 0.1605 
         224  1 0.0610 0.2752 0.1559 0.1284 0.2153 0.1642 
         225  1 0.1083 0.2227 0.1250 0.0710 0.1319 0.3411 
         226  1 0.0635 0.0673 0.0562 0.7042 0.0530 0.0559 
         227  1 0.0617 0.2092 0.1442 0.0650 0.1350 0.3849 
         228  1 0.1183 0.2166 0.2374 0.0573 0.1863 0.1841 
         229  1 0.3007 0.1151 0.1650 0.0808 0.1652 0.1733 
         230  1 0.1933 0.1622 0.1579 0.1845 0.1306 0.1715 
         231  1 0.1030 0.2354 0.1608 0.1177 0.2230 0.1601 
         232  1 0.2264 0.1513 0.2070 0.0529 0.1911 0.1713 
         233  1 0.4341 0.0767 0.0596 0.2984 0.0658 0.0654 
         234  1 0.2181 0.1947 0.2068 0.0650 0.1538 0.1616 
         235  1 0.0725 0.1747 0.0816 0.3324 0.0895 0.2493 
         236  1 0.4612 0.1099 0.0951 0.1158 0.1038 0.1142 
         237  1 0.1764 0.1465 0.1811 0.1349 0.1879 0.1731 
         238  1 0.5290 0.0760 0.0690 0.1753 0.0713 0.0794 
         239  1 0.2800 0.1456 0.1308 0.1359 0.1345 0.1731 
         240  1 0.0824 0.1918 0.2190 0.0913 0.1910 0.2245 
         241  1 0.3729 0.0967 0.1537 0.0993 0.1677 0.1097 
         242  1 0.5149 0.0751 0.0609 0.2097 0.0680 0.0714 
         243  1 0.1144 0.1831 0.1799 0.0792 0.1714 0.2720 
         244  1 0.0780 0.2451 0.1817 0.1203 0.1599 0.2151 
         245  1 0.1204 0.2364 0.1821 0.0847 0.2210 0.1553 
         246  1 0.1076 0.1452 0.1877 0.2121 0.1818 0.1656 
         247  1 0.1713 0.1753 0.2049 0.1863 0.1316 0.1308 
         248  1 0.2431 0.1817 0.1054 0.1694 0.1482 0.1522 
         249  1 0.1582 0.2163 0.2385 0.0644 0.1631 0.1595 
         250  1 0.2187 0.1303 0.2051 0.1219 0.1981 0.1259 
         251  1 0.1431 0.1449 0.1053 0.3610 0.1160 0.1298 
         252  1 0.1037 0.2135 0.1936 0.0903 0.2096 0.1894 
         253  1 0.3330 0.1612 0.1186 0.0733 0.1276 0.1862 
         254  1 0.1168 0.2066 0.1248 0.1373 0.1712 0.2433 
         255  1 0.2822 0.1225 0.1417 0.1986 0.1258 0.1292 
         256  1 0.4729 0.1230 0.0648 0.0861 0.0671 0.1861 
         257  1 0.6476 0.0615 0.0559 0.1120 0.0594 0.0636 
         258  1 0.2899 0.1477 0.1314 0.1289 0.1554 0.1467 
         259  1 0.2227 0.2076 0.0872 0.0969 0.1291 0.2564 
         260  1 0.2593 0.1265 0.1352 0.1892 0.1441 0.1458 
         261  1 0.0923 0.1224 0.1843 0.2955 0.1714 0.1341 
         262  1 0.4442 0.0899 0.1142 0.1548 0.0980 0.0989 
         263  1 0.0659 0.2572 0.2016 0.1030 0.1913 0.1810 
         264  1 0.2282 0.1818 0.1380 0.1095 0.1487 0.1939 
         265  1 0.2807 0.1469 0.1034 0.2231 0.1142 0.1317 
         266  1 0.1175 0.1371 0.2246 0.1294 0.2474 0.1439 
         267  1 0.1239 0.1749 0.2033 0.0981 0.2119 0.1880 
         268  1 0.4765 0.1137 0.0917 0.0727 0.1008 0.1445 
         269  1 0.2640 0.2101 0.1099 0.0406 0.1411 0.2343 
         270  1 0.3924 0.1189 0.1225 0.0838 0.1169 0.1655 
