           1  1 0.1386 0.1135 0.1026 0.4770 0.1683 
           2  1 0.1020 0.1015 0.5179 0.2104 0.0682 
           3  1 0.1722 0.2642 0.1863 0.1992 0.1781 
           4  1 0.0601 0.0646 0.0753 0.0578 0.7422 
           5  1 0.2635 0.2324 0.2113 0.1100 0.1828 
           6  1 0.0729 0.4336 0.0999 0.0681 0.3254 
           7  1 0.1804 0.1381 0.1414 0.4777 0.0624 
           8  1 0.1346 0.1532 0.1975 0.1440 0.3707 
           9  1 0.4272 0.2143 0.1438 0.1468 0.0679 
          10  1 0.1547 0.4057 0.2314 0.1230 0.0852 
          11  1 0.1508 0.5149 0.1094 0.0624 0.1625 
          12  1 0.0775 0.4443 0.1036 0.0635 0.3111 
          13  1 0.1477 0.0915 0.1477 0.2704 0.3427 
          14  1 0.2783 0.1147 0.1681 0.3390 0.0999 
          15  1 0.2694 0.1284 0.3209 0.1511 0.1303 
          16  1 0.0978 0.0783 0.2676 0.4574 0.0988 
          17  1 0.1380 0.2227 0.1707 0.1840 0.2846 
          18  1 0.0775 0.2472 0.3701 0.1199 0.1852 
          19  1 0.3380 0.0878 0.3480 0.0642 0.1620 
          20  1 0.3312 0.1515 0.1988 0.1958 0.1227 
          21  1 0.1706 0.1209 0.2356 0.1765 0.2965 
          22  1 0.1506 0.0831 0.2651 0.3039 0.1973 
          23  1 0.1239 0.1380 0.1955 0.4157 0.1269 
          24  1 0.1111 0.2034 0.1948 0.3372 0.1535 
          25  1 0.2110 0.3037 0.1517 0.1776 0.1561 
          26  1 0.3825 0.1458 0.2351 0.1536 0.0830 
          27  1 0.3225 0.0882 0.1950 0.3045 0.0898 
          28  1 0.1828 0.1248 0.2639 0.0893 0.3392 
          29  1 0.3143 0.1769 0.2961 0.1290 0.0837 
          30  1 0.1695 0.1302 0.3480 0.2272 0.1251 
          31  1 0.2788 0.1938 0.1765 0.2642 0.0868 
          32  1 0.3583 0.1521 0.1893 0.1232 0.1771 
          33  1 0.1552 0.2260 0.2685 0.1836 0.1668 
          34  1 0.1681 0.0806 0.4084 0.1753 0.1676 
          35  1 0.1241 0.0823 0.5318 0.1888 0.0731 
          36  1 0.1410 0.0813 0.4603 0.1170 0.2004 
          37  1 0.1367 0.1774 0.2290 0.2034 0.2534 
          38  1 0.1584 0.2670 0.1661 0.1394 0.2692 
          39  1 0.3235 0.0887 0.3284 0.1317 0.1277 
          40  1 0.1424 0.5385 0.1197 0.0968 0.1026 
          41  1 0.1703 0.1472 0.4666 0.1658 0.0501 
          42  1 0.2052 0.1854 0.3238 0.2231 0.0625 
          43  1 0.2179 0.0745 0.2927 0.2798 0.1351 
          44  1 0.2150 0.4543 0.1751 0.0777 0.0779 
          45  1 0.2679 0.1302 0.2298 0.1310 0.2411 
          46  1 0.1853 0.0816 0.2911 0.2879 0.1542 
          47  1 0.1805 0.2960 0.3558 0.0823 0.0853 
          48  1 0.2161 0.2314 0.2668 0.1883 0.0974 
          49  1 0.1064 0.0892 0.4291 0.2357 0.1397 
          50  1 0.1810 0.4409 0.1137 0.1897 0.0747 
          51  1 0.1500 0.0900 0.2368 0.1770 0.3461 
          52  1 0.1476 0.2562 0.2374 0.2205 0.1382 
          53  1 0.1429 0.0822 0.1628 0.0610 0.5510 
          54  1 0.2014 0.1170 0.2615 0.1736 0.2465 
          55  1 0.1480 0.1450 0.1386 0.1231 0.4453 
          56  1 0.0973 0.2706 0.1231 0.0814 0.4277 
          57  1 0.1201 0.2763 0.2485 0.2356 0.1196 
          58  1 0.1188 0.3989 0.1749 0.1072 0.2001 
          59  1 0.1263 0.2990 0.1202 0.0843 0.3702 
          60  1 0.1415 0.0544 0.0962 0.5268 0.1811 
          61  1 0.2898 0.1613 0.1930 0.1113 0.2446 
          62  1 0.1157 0.1516 0.2379 0.3127 0.1821 
          63  1 0.3951 0.1059 0.2450 0.1679 0.0861 
          64  1 0.1412 0.1366 0.1999 0.4618 0.0606 
          65  1 0.1079 0.3315 0.1366 0.1553 0.2687 
          66  1 0.1925 0.2347 0.2111 0.2990 0.0627 
          67  1 0.1635 0.2924 0.1316 0.1339 0.2787 
          68  1 0.1508 0.1842 0.2045 0.1211 0.3394 
          69  1 0.1869 0.1343 0.2804 0.0972 0.3012 
          70  1 0.2009 0.1009 0.2792 0.1243 0.2947 
          71  1 0.1402 0.0987 0.2501 0.2003 0.3106 
          72  1 0.1254 0.2179 0.1521 0.0726 0.4320 
          73  1 0.3949 0.0698 0.1411 0.1320 0.2622 
          74  1 0.1899 0.0853 0.2770 0.1769 0.2709 
          75  1 0.1445 0.0904 0.2984 0.3156 0.1511 
          76  1 0.2383 0.1540 0.2452 0.1904 0.1721 
          77  1 0.2130 0.0869 0.3919 0.0509 0.2573 
          78  1 0.0852 0.0749 0.0681 0.0553 0.7165 
          79  1 0.1194 0.1834 0.1354 0.2472 0.3145 
          80  1 0.1061 0.1382 0.1555 0.4619 0.1383 
          81  1 0.1976 0.1233 0.3701 0.0912 0.2178 
          82  1 0.1580 0.1367 0.1151 0.3995 0.1908 
          83  1 0.1367 0.0834 0.1825 0.4583 0.1392 
          84  1 0.2002 0.0633 0.3324 0.2113 0.1928 
          85  1 0.1748 0.0677 0.4957 0.1088 0.1531 
          86  1 0.1079 0.2021 0.3219 0.1136 0.2545 
          87  1 0.1517 0.4083 0.1109 0.2574 0.0718 
          88  1 0.2701 0.1122 0.1962 0.1482 0.2733 
          89  1 0.0509 0.0377 0.0541 0.8173 0.0399 
          90  1 0.1858 0.2340 0.1567 0.3409 0.0826 
          91  1 0.2058 0.3274 0.1597 0.1080 0.1991 
          92  1 0.1934 0.1375 0.1966 0.3063 0.1662 
          93  1 0.0681 0.0347 0.0590 0.7967 0.0415 
          94  1 0.1374 0.1487 0.2420 0.3053 0.1667 
          95  1 0.2264 0.1489 0.2977 0.1457 0.1814 
          96  1 0.6107 0.0742 0.1223 0.1170 0.0759 
          97  1 0.0760 0.6764 0.0855 0.0552 0.1070 
          98  1 0.2981 0.1003 0.2078 0.1535 0.2401 
          99  1 0.0657 0.0415 0.0762 0.1037 0.7129 
         100  1 0.1517 0.1691 0.2763 0.1019 0.3010 
         101  1 0.1457 0.0804 0.1489 0.4520 0.1730 
         102  1 0.1421 0.0585 0.2001 0.1052 0.4941 
         103  1 0.4463 0.0836 0.2977 0.1155 0.0569 
         104  1 0.2944 0.1996 0.2200 0.1522 0.1337 
         105  1 0.1589 0.0951 0.1918 0.3214 0.2328 
         106  1 0.6592 0.0508 0.1157 0.1279 0.0464 
         107  1 0.1431 0.1126 0.1720 0.3079 0.2644 
         108  1 0.4273 0.1555 0.1360 0.1975 0.0837 
         109  1 0.1595 0.1430 0.2901 0.0995 0.3079 
         110  1 0.2775 0.2870 0.1774 0.1185 0.1396 
         111  1 0.0980 0.1027 0.4555 0.2310 0.1128 
         112  1 0.1455 0.1176 0.2038 0.4020 0.1311 
         113  1 0.1639 0.3617 0.1928 0.1154 0.1662 
         114  1 0.6614 0.0521 0.1111 0.1286 0.0468 
         115  1 0.2041 0.1614 0.2278 0.1130 0.2937 
         116  1 0.1019 0.0535 0.1110 0.3317 0.4020 
         117  1 0.1155 0.3091 0.1050 0.3713 0.0991 
         118  1 0.2527 0.1635 0.2137 0.1206 0.2495 
         119  1 0.1946 0.1158 0.2231 0.1628 0.3037 
         120  1 0.0652 0.0420 0.0760 0.1039 0.7128 
         121  1 0.2739 0.3504 0.1779 0.1125 0.0853 
         122  1 0.1368 0.4571 0.0973 0.0559 0.2530 
         123  1 0.1361 0.3945 0.2821 0.0880 0.0993 
         124  1 0.0837 0.3055 0.2628 0.1824 0.1656 
         125  1 0.2439 0.1272 0.2197 0.1682 0.2410 
         126  1 0.0952 0.0559 0.0830 0.0751 0.6907 
         127  1 0.0356 0.8539 0.0382 0.0364 0.0359 
         128  1 0.1340 0.1266 0.1121 0.4708 0.1564 
         129  1 0.0669 0.0342 0.0585 0.7975 0.0429 
         130  1 0.6103 0.0441 0.0843 0.1989 0.0625 
         131  1 0.6212 0.0479 0.0750 0.1946 0.0613 
         132  1 0.3512 0.1372 0.1462 0.2676 0.0979 
         133  1 0.2041 0.2733 0.2465 0.1135 0.1626 
         134  1 0.4902 0.1021 0.2286 0.1017 0.0773 
         135  1 0.4680 0.1396 0.1457 0.0846 0.1621 
         136  1 0.1352 0.2050 0.1472 0.0967 0.4159 
         137  1 0.0368 0.8394 0.0415 0.0410 0.0413 
         138  1 0.0368 0.8400 0.0412 0.0401 0.0419 
         139  1 0.2436 0.1005 0.2819 0.2183 0.1557 
         140  1 0.2517 0.0911 0.2910 0.2672 0.0990 
         141  1 0.4352 0.2068 0.1676 0.1034 0.0870 
         142  1 0.2763 0.1407 0.3054 0.1405 0.1371 
         143  1 0.1253 0.0637 0.5664 0.1364 0.1082 
         144  1 0.1459 0.1789 0.1637 0.3658 0.1458 
         145  1 0.3164 0.2071 0.2606 0.1069 0.1090 
         146  1 0.0904 0.0395 0.1647 0.3407 0.3647 
         147  1 0.3013 0.2310 0.2168 0.1043 0.1465 
         148  1 0.3091 0.0885 0.1667 0.1592 0.2764 
         149  1 0.2378 0.1921 0.2499 0.1747 0.1456 
         150  1 0.2574 0.0673 0.2935 0.2474 0.1345 
         151  1 0.1931 0.2868 0.1713 0.0932 0.2555 
         152  1 0.2626 0.1552 0.3009 0.1385 0.1428 
         153  1 0.3657 0.0957 0.2590 0.1175 0.1620 
         154  1 0.2047 0.4442 0.1821 0.0997 0.0694 
         155  1 0.3739 0.2578 0.1770 0.0899 0.1014 
         156  1 0.1681 0.0931 0.1524 0.4088 0.1777 
         157  1 0.1591 0.1767 0.2304 0.3818 0.0521 
         158  1 0.1538 0.1610 0.2643 0.3716 0.0493 
         159  1 0.5362 0.1284 0.1608 0.1040 0.0706 
         160  1 0.2200 0.1420 0.4610 0.1088 0.0683 
         161  1 0.0858 0.6561 0.1297 0.0574 0.0710 
         162  1 0.1499 0.1058 0.1836 0.4805 0.0801 
         163  1 0.1059 0.1175 0.1342 0.1187 0.5237 
         164  1 0.1134 0.0869 0.1211 0.2713 0.4073 
         165  1 0.1017 0.6062 0.1391 0.0782 0.0749 
         166  1 0.2975 0.1830 0.1933 0.1532 0.1730 
         167  1 0.3862 0.1977 0.1610 0.0903 0.1648 
         168  1 0.2418 0.1440 0.1731 0.0663 0.3747 
         169  1 0.5152 0.0788 0.2271 0.1131 0.0659 
         170  1 0.1422 0.4447 0.1753 0.1025 0.1353 
         171  1 0.4721 0.0627 0.1171 0.2767 0.0715 
         172  1 0.0979 0.3733 0.1455 0.2149 0.1684 
         173  1 0.0791 0.3862 0.2234 0.0846 0.2267 
         174  1 0.2742 0.1203 0.2675 0.0788 0.2592 
         175  1 0.1231 0.2121 0.1956 0.0573 0.4118 
         176  1 0.2321 0.1458 0.2429 0.2954 0.0839 
         177  1 0.0688 0.2504 0.0701 0.0529 0.5578 
         178  1 0.3838 0.2143 0.1703 0.1585 0.0731 
         179  1 0.4177 0.0668 0.1453 0.2393 0.1308 
         180  1 0.2645 0.0532 0.2076 0.1746 0.3000 
         181  1 0.1275 0.2876 0.1145 0.2757 0.1947 
         182  1 0.1813 0.1116 0.2376 0.1369 0.3326 
         183  1 0.2841 0.2686 0.2974 0.0753 0.0746 
         184  1 0.2141 0.4594 0.1478 0.0884 0.0903 
         185  1 0.0509 0.0402 0.0529 0.8127 0.0434 
         186  1 0.0532 0.0405 0.0528 0.8103 0.0432 
         187  1 0.2457 0.0936 0.3995 0.0778 0.1834 
         188  1 0.3525 0.0817 0.2634 0.1600 0.1424 
         189  1 0.1268 0.2183 0.1665 0.1066 0.3818 
         190  1 0.1236 0.1099 0.2355 0.1502 0.3807 
         191  1 0.1674 0.2619 0.2349 0.0990 0.2368 
         192  1 0.0863 0.6563 0.1294 0.0573 0.0706 
         193  1 0.2097 0.1824 0.2192 0.0873 0.3014 
         194  1 0.1295 0.2399 0.2624 0.2514 0.1168 
         195  1 0.1405 0.1588 0.3010 0.1465 0.2533 
         196  1 0.5022 0.1192 0.1469 0.1546 0.0771 
         197  1 0.0799 0.3382 0.1116 0.0923 0.3780 
         198  1 0.1895 0.2656 0.1885 0.2825 0.0739 
         199  1 0.2102 0.1949 0.1406 0.2684 0.1858 
         200  1 0.1096 0.1243 0.2267 0.3689 0.1705 
         201  1 0.2921 0.0540 0.3252 0.2359 0.0928 
         202  1 0.1951 0.3510 0.2804 0.1071 0.0664 
         203  1 0.6058 0.0589 0.1390 0.1179 0.0783 
         204  1 0.1171 0.1219 0.2155 0.4333 0.1123 
         205  1 0.1901 0.1468 0.1682 0.1597 0.3351 
         206  1 0.1191 0.1282 0.3148 0.1390 0.2989 
         207  1 0.4674 0.2300 0.1441 0.0807 0.0777 
         208  1 0.3078 0.2319 0.2557 0.0912 0.1133 
         209  1 0.1515 0.3902 0.1448 0.2171 0.0963 
         210  1 0.1200 0.4917 0.1935 0.1028 0.0920 
         211  1 0.1840 0.3781 0.2222 0.1233 0.0924 
         212  1 0.1214 0.2680 0.3445 0.1538 0.1123 
         213  1 0.1849 0.0797 0.4946 0.0778 0.1630 
         214  1 0.1577 0.1777 0.3719 0.1463 0.1464 
         215  1 0.0899 0.0523 0.1548 0.6447 0.0583 
         216  1 0.0532 0.1964 0.0731 0.0997 0.5776 
         217  1 0.3613 0.1892 0.1523 0.1833 0.1138 
         218  1 0.1465 0.0767 0.3257 0.3247 0.1265 
         219  1 0.3074 0.1865 0.1644 0.2053 0.1365 
         220  1 0.1806 0.2007 0.2560 0.2029 0.1599 
         221  1 0.2011 0.2033 0.1566 0.3160 0.1230 
         222  1 0.1873 0.1132 0.2022 0.4066 0.0907 
         223  1 0.1376 0.2611 0.1869 0.2874 0.1270 
         224  1 0.3524 0.3067 0.1755 0.0779 0.0874 
         225  1 0.1181 0.1293 0.4562 0.1625 0.1339 
         226  1 0.1070 0.6842 0.0662 0.0551 0.0875 
         227  1 0.1121 0.0744 0.5294 0.2031 0.0811 
         228  1 0.3968 0.0815 0.1608 0.2192 0.1417 
         229  1 0.0897 0.1098 0.2215 0.2704 0.3086 
         230  1 0.1938 0.2149 0.2000 0.1634 0.2278 
         231  1 0.1831 0.3447 0.1865 0.1617 0.1240 
         232  1 0.1946 0.0896 0.2050 0.2919 0.2189 
         233  1 0.0664 0.3716 0.0692 0.0491 0.4438 
         234  1 0.3328 0.0625 0.1419 0.1999 0.2629 
         235  1 0.1180 0.3636 0.3360 0.0727 0.1097 
         236  1 0.1057 0.1402 0.1446 0.0913 0.5182 
         237  1 0.1554 0.1433 0.2068 0.2836 0.2110 
         238  1 0.0893 0.1955 0.1017 0.0907 0.5228 
         239  1 0.1961 0.0966 0.2217 0.1346 0.3510 
         240  1 0.2047 0.1134 0.2759 0.3016 0.1044 
         241  1 0.0849 0.1163 0.1351 0.2787 0.3850 
         242  1 0.0618 0.2411 0.0804 0.0540 0.5627 
         243  1 0.2191 0.0770 0.3312 0.2139 0.1589 
         244  1 0.3807 0.1652 0.2327 0.1257 0.0956 
         245  1 0.2764 0.2057 0.1625 0.1745 0.1808 
         246  1 0.1479 0.2626 0.2051 0.2686 0.1157 
         247  1 0.3031 0.1747 0.1230 0.1444 0.2547 
         248  1 0.1820 0.3240 0.1570 0.0670 0.2700 
         249  1 0.3363 0.0807 0.1651 0.2130 0.2049 
         250  1 0.1186 0.1439 0.1510 0.3548 0.2316 
         251  1 0.1774 0.3887 0.1471 0.0904 0.1964 
         252  1 0.3657 0.1217 0.1790 0.1856 0.1480 
         253  1 0.1615 0.0981 0.2308 0.1360 0.3737 
         254  1 0.2080 0.1534 0.3304 0.1247 0.1834 
         255  1 0.1607 0.1916 0.1421 0.1737 0.3319 
         256  1 0.1082 0.0961 0.2488 0.0692 0.4777 
         257  1 0.0665 0.1266 0.0682 0.0583 0.6804 
         258  1 0.1483 0.1783 0.1487 0.1927 0.3320 
         259  1 0.1548 0.1487 0.3474 0.0805 0.2685 
         260  1 0.1137 0.1571 0.1827 0.1603 0.3862 
         261  1 0.1492 0.2154 0.1832 0.2859 0.1663 
         262  1 0.1263 0.1127 0.1158 0.1421 0.5031 
         263  1 0.3431 0.2034 0.1817 0.1845 0.0873 
         264  1 0.2169 0.1655 0.2129 0.1350 0.2696 
         265  1 0.1587 0.3203 0.1361 0.0911 0.2937 
         266  1 0.1610 0.1204 0.1735 0.3846 0.1605 
         267  1 0.1704 0.1354 0.2267 0.3054 0.1621 
         268  1 0.0840 0.0935 0.2012 0.1485 0.4728 
         269  1 0.2101 0.0731 0.3161 0.0941 0.3066 
         270  1 0.1429 0.0956 0.2050 0.1547 0.4018 
