  1:   0.2428  0.1838  0.1648  0.1928  0.2158  1
  2:   0.2092  0.2002  0.1982  0.1972  0.1952  1
  3:   0.1862  0.2012  0.2142  0.2032  0.1952  1
  4:   0.1752  0.2132  0.2162  0.2052  0.1902  1
  5:   0.1670  0.2070  0.2080  0.2120  0.2060  1
  6:   0.1942  0.2102  0.1932  0.2032  0.1992  1
  7:   0.2130  0.2060  0.1710  0.2000  0.2100  1
  8:   0.1638  0.2138  0.1938  0.2178  0.2108  1
  9:   0.2160  0.1910  0.1910  0.1950  0.2070  1
 10:   0.1890  0.1990  0.1900  0.2140  0.2080  1
 11:   0.2110  0.1810  0.2230  0.1870  0.1980  1
 12:   0.2238  0.1858  0.1928  0.1908  0.2068  1
 13:   0.1750  0.2130  0.2110  0.1990  0.2020  1
 14:   0.1968  0.2158  0.1818  0.2068  0.1988  1
 15:   0.2206  0.1956  0.1717  0.1986  0.2136  1
 16:   0.2230  0.1930  0.1810  0.1940  0.2090  1
 17:   0.1810  0.1850  0.2750  0.1830  0.1760  1
 18:   0.2072  0.2002  0.1922  0.1982  0.2022  1
 19:   0.2212  0.1922  0.1912  0.1942  0.2012  1
 20:   0.2442  0.1702  0.2062  0.1792  0.2002  1
 21:   0.2550  0.1750  0.1740  0.1840  0.2120  1
 22:   0.2510  0.1760  0.1770  0.1910  0.2050  1
 23:   0.2130  0.1970  0.1950  0.1970  0.1980  1
 24:   0.1852  0.2132  0.1992  0.2042  0.1982  1
 25:   0.2210  0.1940  0.1890  0.1940  0.2020  1
 26:   0.1970  0.1920  0.2230  0.1900  0.1980  1
 27:   0.2040  0.2090  0.1830  0.1960  0.2080  1
 28:   0.2540  0.1860  0.1720  0.1840  0.2040  1
 29:   0.2018  0.1798  0.2468  0.1848  0.1868  1
 30:   0.2040  0.2020  0.1830  0.2010  0.2100  1
 31:   0.1742  0.2142  0.2052  0.2102  0.1962  1
 32:   0.2022  0.2032  0.1792  0.2082  0.2072  1
 33:   0.2340  0.1830  0.1800  0.1920  0.2110  1
 34:   0.2160  0.1920  0.2030  0.1860  0.2030  1
 35:   0.2212  0.1952  0.1792  0.1982  0.2062  1
 36:   0.2002  0.2062  0.1682  0.2092  0.2162  1
 37:   0.1642  0.1922  0.2643  0.1922  0.1872  1
 38:   0.1600  0.1940  0.2510  0.2030  0.1920  1
 39:   0.2713  0.1682  0.1692  0.1782  0.2132  1
 40:   0.2993  0.1552  0.1602  0.1722  0.2132  1
 41:   0.2440  0.1710  0.2020  0.1800  0.2030  1
 42:   0.1890  0.2120  0.1920  0.2030  0.2040  1
 43:   0.1930  0.1970  0.2250  0.1980  0.1870  1
 44:   0.1470  0.2180  0.1870  0.2360  0.2120  1
 45:   0.2080  0.2010  0.2020  0.1900  0.1990  1
 46:   0.1892  0.2112  0.1722  0.2192  0.2082  1
 47:   0.2030  0.2060  0.1690  0.2090  0.2130  1
 48:   0.1530  0.2190  0.2080  0.2210  0.1990  1
 49:   0.1900  0.1690  0.2920  0.1740  0.1750  1
 50:   0.1778  0.1988  0.2368  0.1988  0.1878  1
 51:   0.1750  0.1930  0.2540  0.1910  0.1870  1
 52:   0.1830  0.2180  0.2070  0.1950  0.1970  1
 53:   0.2458  0.1698  0.2008  0.1828  0.2008  1
 54:   0.2010  0.2070  0.1710  0.2100  0.2110  1
 55:   0.2130  0.2020  0.1760  0.2040  0.2050  1
 56:   0.2070  0.2060  0.1960  0.1880  0.2030  1
 57:   0.2550  0.1630  0.2030  0.1790  0.2000  1
 58:   0.1952  0.2002  0.2152  0.1952  0.1942  1
 59:   0.1662  0.2062  0.2322  0.2112  0.1842  1
 60:   0.2877  0.1548  0.1718  0.1748  0.2108  1
 61:   0.2600  0.1690  0.1810  0.1820  0.2080  1
 62:   0.1652  0.2292  0.1692  0.2272  0.2092  1
 63:   0.1670  0.2100  0.2080  0.2120  0.2030  1
 64:   0.2513  0.1782  0.1752  0.1862  0.2092  1
 65:   0.2118  0.1948  0.1788  0.2048  0.2098  1
 66:   0.2320  0.1840  0.1990  0.1840  0.2010  1
 67:   0.1610  0.2260  0.1930  0.2100  0.2100  1
 68:   0.1660  0.2260  0.1800  0.2260  0.2020  1
 69:   0.1948  0.2008  0.1888  0.2098  0.2058  1
 70:   0.1890  0.2000  0.2020  0.2060  0.2030  1
 71:   0.2312  0.1782  0.2042  0.1862  0.2002  1
 72:   0.1880  0.2030  0.2140  0.1960  0.1990  1
 73:   0.2078  0.1758  0.2537  0.1788  0.1838  1
 74:   0.2460  0.1740  0.1880  0.1840  0.2080  1
 75:   0.1922  0.2042  0.1992  0.2032  0.2012  1
 76:   0.2503  0.1722  0.1722  0.1922  0.2132  1
 77:   0.1780  0.2140  0.1880  0.2160  0.2040  1
 78:   0.1718  0.2208  0.1818  0.2158  0.2098  1
 79:   0.2760  0.1650  0.1590  0.1850  0.2150  1
 80:   0.2032  0.2102  0.1922  0.1952  0.1992  1
 81:   0.2000  0.2000  0.1970  0.2030  0.2000  1
 82:   0.2152  0.1902  0.2012  0.1922  0.2012  1
 83:   0.2048  0.1968  0.1998  0.2008  0.1978  1
 84:   0.1882  0.2192  0.1782  0.2072  0.2072  1
 85:   0.2130  0.1800  0.2320  0.1850  0.1900  1
 86:   0.1852  0.2072  0.2082  0.2032  0.1962  1
 87:   0.1840  0.1850  0.2690  0.1850  0.1770  1
 88:   0.2010  0.2080  0.1570  0.2230  0.2110  1
 89:   0.1860  0.1950  0.2340  0.1930  0.1920  1
 90:   0.1970  0.2130  0.1710  0.2160  0.2030  1
 91:   0.1798  0.2128  0.1818  0.2168  0.2088  1
 92:   0.2100  0.1810  0.2220  0.1950  0.1920  1
 93:   0.1882  0.2152  0.1772  0.2132  0.2062  1
 94:   0.2100  0.1960  0.1700  0.2080  0.2160  1
 95:   0.1970  0.2100  0.1700  0.2110  0.2120  1
 96:   0.1992  0.2002  0.1902  0.2032  0.2072  1
 97:   0.1880  0.2060  0.2170  0.1960  0.1930  1
 98:   0.1890  0.2070  0.1950  0.2050  0.2040  1
 99:   0.1910  0.2110  0.1980  0.1970  0.2030  1
100:   0.2070  0.2100  0.1740  0.2050  0.2040  1
101:   0.1710  0.2280  0.1880  0.2080  0.2050  1
102:   0.1958  0.2088  0.2048  0.2018  0.1888  1
103:   0.1730  0.2200  0.1760  0.2240  0.2070  1
104:   0.1998  0.2078  0.1688  0.2168  0.2068  1
105:   0.1858  0.1988  0.2128  0.2018  0.2008  1
106:   0.1620  0.2100  0.2130  0.2110  0.2040  1
107:   0.1900  0.2110  0.1840  0.2110  0.2040  1
108:   0.1990  0.2100  0.1820  0.2070  0.2020  1
109:   0.2050  0.2050  0.1810  0.1990  0.2100  1
110:   0.2082  0.1992  0.1842  0.2042  0.2042  1
111:   0.1752  0.2122  0.2202  0.2022  0.1902  1
112:   0.2238  0.1818  0.2178  0.1828  0.1938  1
113:   0.2650  0.1730  0.1670  0.1830  0.2120  1
114:   0.2050  0.2060  0.1830  0.2010  0.2050  1
115:   0.1800  0.2200  0.1870  0.2160  0.1970  1
116:   0.1880  0.2120  0.1940  0.2090  0.1970  1
117:   0.2142  0.1972  0.1942  0.1952  0.1992  1
118:   0.1550  0.2220  0.2010  0.2170  0.2050  1
119:   0.1818  0.2098  0.2068  0.2048  0.1968  1
120:   0.1562  0.2122  0.2192  0.2142  0.1982  1
121:   0.1970  0.2040  0.1950  0.2010  0.2030  1
122:   0.2440  0.1850  0.1560  0.1950  0.2200  1
123:   0.2378  0.1738  0.2008  0.1858  0.2018  1
124:   0.2770  0.1720  0.1580  0.1790  0.2140  1
125:   0.2118  0.1938  0.1928  0.2008  0.2008  1
126:   0.2603  0.1762  0.1622  0.1862  0.2152  1
127:   0.1640  0.2160  0.1890  0.2220  0.2090  1
128:   0.2080  0.1870  0.2380  0.1840  0.1830  1
129:   0.2230  0.1900  0.1880  0.1950  0.2040  1
130:   0.2062  0.2082  0.1722  0.2052  0.2082  1
131:   0.1882  0.2112  0.1962  0.2082  0.1962  1
132:   0.1848  0.2008  0.2118  0.2048  0.1978  1
133:   0.2480  0.1850  0.1580  0.1950  0.2140  1
134:   0.2488  0.1788  0.1798  0.1848  0.2078  1
135:   0.1868  0.1698  0.2957  0.1718  0.1758  1
136:   0.1690  0.2350  0.1570  0.2310  0.2080  1
137:   0.1728  0.2268  0.1598  0.2238  0.2168  1
138:   0.1680  0.2220  0.1810  0.2210  0.2080  1
139:   0.1790  0.1980  0.2160  0.2050  0.2020  1
140:   0.2248  0.1998  0.1528  0.2078  0.2148  1
141:   0.1708  0.2268  0.1798  0.2128  0.2098  1
142:   0.1720  0.2230  0.2010  0.2080  0.1960  1
143:   0.1910  0.1930  0.2240  0.1990  0.1930  1
144:   0.1890  0.1920  0.2430  0.1910  0.1850  1
145:   0.1838  0.2168  0.1598  0.2288  0.2108  1
146:   0.2603  0.1752  0.1702  0.1812  0.2132  1
147:   0.1892  0.2062  0.1912  0.2092  0.2042  1
148:   0.1870  0.1820  0.2700  0.1780  0.1830  1
149:   0.1740  0.2020  0.2140  0.2090  0.2010  1
150:   0.1988  0.1968  0.2248  0.1878  0.1918  1
151:   0.2030  0.1820  0.2510  0.1810  0.1830  1
152:   0.2110  0.1920  0.2010  0.1980  0.1980  1
153:   0.1780  0.1940  0.2480  0.1990  0.1810  1
154:   0.1910  0.2010  0.2220  0.1980  0.1880  1
155:   0.2182  0.2022  0.1752  0.2012  0.2032  1
156:   0.1710  0.2210  0.1600  0.2320  0.2160  1
157:   0.2400  0.1950  0.1590  0.1950  0.2110  1
158:   0.2350  0.1870  0.1880  0.1900  0.2000  1
159:   0.1678  0.2218  0.1788  0.2188  0.2128  1
160:   0.2260  0.1810  0.1900  0.2000  0.2030  1
161:   0.2140  0.1870  0.1930  0.2000  0.2060  1
162:   0.2038  0.1788  0.2488  0.1808  0.1878  1
163:   0.2430  0.1770  0.1950  0.1820  0.2030  1
164:   0.1970  0.1920  0.2130  0.1990  0.1990  1
165:   0.2070  0.1880  0.2180  0.1920  0.1950  1
166:   0.2160  0.1880  0.1870  0.2000  0.2090  1
167:   0.1810  0.2180  0.1890  0.2110  0.2010  1
168:   0.2630  0.1760  0.1650  0.1850  0.2110  1
169:   0.1690  0.2070  0.2260  0.2090  0.1890  1
170:   0.2042  0.2062  0.1722  0.2072  0.2102  1
171:   0.2020  0.2030  0.1920  0.2020  0.2010  1
172:   0.3007  0.1508  0.1618  0.1708  0.2158  1
173:   0.1968  0.2138  0.1738  0.2108  0.2048  1
174:   0.2080  0.2060  0.1800  0.2070  0.1990  1
175:   0.2038  0.2008  0.1808  0.2078  0.2068  1
176:   0.2300  0.1920  0.1910  0.1860  0.2010  1
177:   0.1790  0.1890  0.2650  0.1880  0.1790  1
178:   0.2020  0.2110  0.1860  0.1950  0.2060  1
179:   0.1930  0.2060  0.1860  0.2120  0.2030  1
180:   0.1772  0.2122  0.2112  0.2032  0.1962  1
181:   0.1642  0.2102  0.2382  0.1952  0.1922  1
182:   0.2262  0.1912  0.1842  0.1982  0.2002  1
183:   0.1942  0.2132  0.1832  0.2042  0.2052  1
184:   0.2172  0.1972  0.1822  0.1982  0.2052  1
185:   0.1730  0.2060  0.2180  0.2110  0.1920  1
186:   0.1660  0.2230  0.1870  0.2200  0.2040  1
187:   0.1858  0.2138  0.1888  0.2118  0.1998  1
188:   0.1940  0.1990  0.2090  0.1990  0.1990  1
189:   0.1760  0.2090  0.2040  0.2080  0.2030  1
190:   0.1950  0.2160  0.1810  0.2020  0.2060  1
191:   0.1770  0.2140  0.2030  0.2070  0.1990  1
192:   0.1910  0.2160  0.1810  0.2040  0.2080  1
193:   0.2032  0.2062  0.1642  0.2092  0.2172  1
194:   0.2002  0.2042  0.1892  0.2002  0.2062  1
195:   0.1902  0.2152  0.1962  0.2022  0.1962  1
196:   0.1880  0.2070  0.1940  0.2080  0.2030  1
197:   0.1890  0.2050  0.2120  0.1980  0.1960  1
198:   0.2148  0.1858  0.2278  0.1828  0.1888  1
199:   0.1830  0.2160  0.1970  0.2100  0.1940  1
200:   0.2080  0.1790  0.2210  0.1900  0.2020  1
201:   0.2743  0.1722  0.1552  0.1852  0.2132  1
202:   0.2020  0.1850  0.2440  0.1890  0.1800  1
203:   0.2090  0.1840  0.2300  0.1870  0.1900  1
204:   0.2530  0.1830  0.1720  0.1860  0.2060  1
205:   0.1990  0.2080  0.1970  0.1960  0.2000  1
206:   0.2192  0.1962  0.1762  0.2022  0.2062  1
207:   0.1740  0.2250  0.1570  0.2250  0.2190  1
208:   0.2210  0.1970  0.1770  0.1930  0.2120  1
209:   0.1670  0.2210  0.1620  0.2330  0.2170  1
210:   0.2220  0.1930  0.1900  0.1930  0.2020  1
211:   0.1978  0.1858  0.2378  0.1938  0.1848  1
212:   0.2418  0.1818  0.1758  0.1908  0.2098  1
213:   0.2358  0.1888  0.1648  0.1948  0.2158  1
214:   0.2040  0.2030  0.1730  0.2170  0.2030  1
215:   0.2002  0.2042  0.1902  0.1992  0.2062  1
216:   0.2040  0.2010  0.1910  0.2000  0.2040  1
217:   0.1880  0.2060  0.2110  0.1900  0.2050  1
218:   0.2028  0.1978  0.1898  0.2038  0.2058  1
219:   0.1940  0.1930  0.2430  0.1870  0.1830  1
220:   0.2390  0.1740  0.1980  0.1840  0.2050  1
221:   0.1888  0.2048  0.1878  0.2148  0.2038  1
222:   0.1688  0.2138  0.2018  0.2078  0.2078  1
223:   0.1872  0.2182  0.1812  0.2062  0.2072  1
224:   0.2190  0.1720  0.2480  0.1740  0.1870  1
225:   0.1520  0.2380  0.1480  0.2440  0.2180  1
226:   0.1910  0.2130  0.1710  0.2110  0.2140  1
227:   0.2270  0.1890  0.1860  0.1910  0.2070  1
228:   0.2442  0.1822  0.1772  0.1882  0.2082  1
229:   0.1902  0.2072  0.1952  0.2082  0.1992  1
230:   0.2190  0.1940  0.1980  0.1880  0.2010  1
231:   0.1870  0.2090  0.2050  0.2000  0.1990  1
232:   0.1980  0.1870  0.2340  0.1880  0.1930  1
233:   0.2800  0.1630  0.1710  0.1740  0.2120  1
234:   0.2194  0.1994  0.1713  0.2044  0.2054  1
235:   0.1922  0.2152  0.1662  0.2152  0.2112  1
236:   0.1892  0.1922  0.2372  0.1942  0.1872  1
237:   0.2420  0.1790  0.1840  0.1890  0.2060  1
238:   0.2000  0.2080  0.1770  0.2040  0.2110  1
239:   0.2020  0.2120  0.1690  0.2080  0.2090  1
240:   0.1970  0.2160  0.1760  0.2090  0.2020  1
241:   0.2392  0.1852  0.1862  0.1852  0.2042  1
242:   0.1800  0.2090  0.2050  0.2040  0.2020  1
243:   0.2258  0.1728  0.2188  0.1848  0.1978  1
244:   0.2028  0.2078  0.1728  0.2088  0.2078  1
245:   0.2190  0.1960  0.1780  0.2000  0.2070  1
246:   0.2052  0.1972  0.2002  0.1982  0.1992  1
247:   0.1640  0.2330  0.1590  0.2360  0.2080  1
248:   0.1548  0.2178  0.2028  0.2218  0.2028  1
249:   0.1720  0.2250  0.1570  0.2280  0.2180  1
250:   0.1912  0.2192  0.1622  0.2112  0.2162  1
251:   0.1842  0.2052  0.2142  0.1992  0.1972  1
252:   0.1742  0.2202  0.1852  0.2102  0.2102  1
253:   0.2028  0.2038  0.1998  0.1948  0.1988  1
254:   0.1540  0.2060  0.2500  0.2010  0.1890  1
255:   0.1489  0.2008  0.2887  0.1918  0.1698  1
256:   0.1620  0.2330  0.2010  0.2080  0.1960  1
257:   0.1810  0.2340  0.1840  0.2030  0.1980  1
258:   0.1690  0.2030  0.2420  0.2040  0.1820  1
259:   0.2128  0.2088  0.1688  0.2058  0.2038  1
260:   0.1812  0.1892  0.2452  0.1982  0.1862  1
261:   0.1852  0.2132  0.2142  0.2032  0.1842  1
262:   0.2100  0.2090  0.1780  0.2060  0.1970  1
263:   0.1810  0.2170  0.1690  0.2170  0.2160  1
264:   0.1910  0.2090  0.2110  0.1980  0.1910  1
265:   0.1658  0.2098  0.2338  0.2048  0.1858  1
266:   0.1970  0.1970  0.2070  0.2040  0.1950  1
267:   0.1852  0.1892  0.2332  0.2012  0.1912  1
268:   0.1990  0.2150  0.1780  0.2050  0.2030  1
269:   0.2038  0.1998  0.2088  0.1988  0.1888  1
270:   0.1888  0.2038  0.2308  0.1928  0.1838  1
271:   0.1820  0.2160  0.2120  0.2020  0.1880  1
272:   0.2202  0.1942  0.1892  0.1952  0.2012  1
273:   0.1782  0.2232  0.1652  0.2252  0.2082  1
274:   0.1870  0.2040  0.2150  0.2050  0.1890  1
275:   0.2360  0.1850  0.2050  0.1880  0.1860  1
276:   0.1850  0.2090  0.2170  0.1970  0.1920  1
277:   0.1780  0.2000  0.2270  0.2000  0.1950  1
278:   0.1688  0.2238  0.2088  0.2018  0.1968  1
279:   0.1980  0.2180  0.1840  0.2040  0.1960  1
280:   0.2280  0.1640  0.2540  0.1720  0.1820  1
281:   0.2540  0.1690  0.1950  0.1780  0.2040  1
282:   0.1580  0.2220  0.1980  0.2180  0.2040  1
283:   0.2170  0.1800  0.2450  0.1770  0.1810  1
284:   0.1800  0.2190  0.1810  0.2170  0.2030  1
285:   0.1750  0.2040  0.2300  0.2020  0.1890  1
286:   0.2018  0.2198  0.1778  0.1968  0.2038  1
287:   0.1942  0.2012  0.2302  0.1872  0.1872  1
288:   0.2278  0.1798  0.2108  0.1878  0.1938  1
289:   0.1760  0.2200  0.1950  0.2140  0.1950  1
290:   0.2118  0.1688  0.2737  0.1688  0.1768  1
291:   0.1940  0.2080  0.2190  0.1960  0.1830  1
292:   0.1840  0.2140  0.1970  0.2150  0.1900  1
293:   0.1740  0.2190  0.2140  0.2060  0.1870  1
294:   0.1712  0.2032  0.2573  0.1892  0.1792  1
295:   0.1840  0.2220  0.1980  0.2050  0.1910  1
296:   0.2090  0.1990  0.1960  0.2010  0.1950  1
297:   0.1750  0.2140  0.2220  0.2070  0.1820  1
298:   0.1750  0.2130  0.1840  0.2230  0.2050  1
299:   0.2130  0.1920  0.1990  0.1970  0.1990  1
300:   0.1850  0.2150  0.2100  0.2020  0.1880  1
301:   0.1530  0.1970  0.2800  0.1960  0.1740  1
302:   0.2500  0.1760  0.1830  0.1880  0.2030  1
303:   0.2222  0.1902  0.2212  0.1842  0.1822  1
304:   0.2370  0.1870  0.1890  0.1850  0.2020  1
305:   0.2010  0.1970  0.2230  0.1920  0.1870  1
306:   0.2000  0.1950  0.2200  0.1940  0.1910  1
307:   0.2020  0.2110  0.1850  0.2040  0.1980  1
308:   0.1752  0.1872  0.2723  0.1872  0.1782  1
309:   0.2298  0.1918  0.1538  0.2038  0.2208  1
310:   0.1620  0.2280  0.1570  0.2390  0.2140  1
311:   0.1752  0.1992  0.2462  0.1922  0.1872  1
312:   0.1818  0.1938  0.2448  0.1908  0.1888  1
313:   0.2078  0.1868  0.2208  0.1898  0.1948  1
314:   0.2010  0.1910  0.2150  0.2000  0.1930  1
315:   0.1752  0.2182  0.1872  0.2102  0.2092  1
316:   0.1942  0.1962  0.1952  0.2092  0.2052  1
317:   0.2122  0.1922  0.2132  0.1892  0.1932  1
318:   0.1700  0.2210  0.1780  0.2240  0.2070  1
319:   0.2002  0.1842  0.2523  0.1802  0.1832  1
320:   0.1782  0.2142  0.1972  0.2132  0.1972  1
321:   0.1972  0.2062  0.1772  0.2102  0.2092  1
322:   0.1630  0.1850  0.2970  0.1820  0.1730  1
323:   0.2190  0.1850  0.2030  0.1930  0.2000  1
324:   0.1700  0.2180  0.1930  0.2120  0.2070  1
325:   0.1970  0.1860  0.2390  0.1920  0.1860  1
326:   0.1762  0.2182  0.1782  0.2182  0.2092  1
327:   0.1800  0.2180  0.1870  0.2170  0.1980  1
328:   0.1790  0.2100  0.2130  0.2080  0.1900  1
329:   0.1870  0.1980  0.2190  0.1990  0.1970  1
330:   0.1940  0.2020  0.2100  0.2000  0.1940  1
331:   0.1988  0.2088  0.1858  0.2058  0.2008  1
332:   0.1852  0.2122  0.1722  0.2202  0.2102  1
333:   0.1920  0.1950  0.2280  0.1920  0.1930  1
334:   0.1948  0.1988  0.2138  0.1948  0.1978  1
335:   0.1670  0.1980  0.2490  0.2000  0.1860  1
336:   0.2152  0.1932  0.2172  0.1842  0.1902  1
337:   0.2172  0.1922  0.2112  0.1822  0.1972  1
338:   0.2210  0.1870  0.2110  0.1890  0.1920  1
339:   0.2120  0.1950  0.2080  0.1920  0.1930  1
340:   0.1950  0.2070  0.1750  0.2160  0.2070  1
341:   0.2060  0.1880  0.2170  0.1950  0.1940  1
342:   0.2030  0.1770  0.2500  0.1860  0.1840  1
343:   0.2092  0.2132  0.1692  0.2032  0.2052  1
344:   0.1668  0.2208  0.1988  0.2158  0.1978  1
345:   0.1900  0.2150  0.1760  0.2120  0.2070  1
346:   0.2200  0.1990  0.1680  0.2000  0.2130  1
347:   0.2302  0.1802  0.2052  0.1832  0.2012  1

  1:   0.2210  0.1890  0.1660  0.2020  0.2220  1
  2:   0.2060  0.2000  0.2040  0.2010  0.1890  1
  3:   0.1908  0.2038  0.2178  0.1938  0.1938  1
  4:   0.1932  0.2082  0.2102  0.2042  0.1842  1
  5:   0.1830  0.2070  0.2090  0.1890  0.2120  1
  6:   0.1952  0.2162  0.1932  0.2012  0.1942  1
  7:   0.2040  0.2020  0.1710  0.2080  0.2150  1
  8:   0.1868  0.2168  0.1908  0.1848  0.2208  1
  9:   0.2070  0.1930  0.1870  0.1990  0.2140  1
 10:   0.2030  0.1990  0.1880  0.1900  0.2200  1
 11:   0.1932  0.1912  0.2242  0.1932  0.1982  1
 12:   0.2030  0.1880  0.1980  0.2030  0.2080  1
 13:   0.1858  0.2058  0.2098  0.2018  0.1968  1
 14:   0.1982  0.2172  0.1782  0.2042  0.2022  1
 15:   0.2040  0.1960  0.1710  0.2030  0.2260  1
 16:   0.2040  0.1950  0.1840  0.1980  0.2190  1
 17:   0.1828  0.1868  0.2827  0.1868  0.1608  1
 18:   0.2060  0.1970  0.1920  0.2010  0.2040  1
 19:   0.2098  0.1918  0.1918  0.2038  0.2028  1
 20:   0.2206  0.1707  0.2046  0.2036  0.2006  1
 21:   0.2270  0.1750  0.1710  0.2100  0.2170  1
 22:   0.2280  0.1800  0.1770  0.2070  0.2080  1
 23:   0.2050  0.2010  0.1950  0.2040  0.1950  1
 24:   0.1958  0.2078  0.2048  0.1998  0.1918  1
 25:   0.2078  0.2038  0.1888  0.2088  0.1908  1
 26:   0.1910  0.1920  0.2310  0.1930  0.1930  1
 27:   0.2010  0.2000  0.1800  0.2020  0.2170  1
 28:   0.2240  0.1850  0.1700  0.2090  0.2120  1
 29:   0.1900  0.1870  0.2520  0.1880  0.1830  1
 30:   0.2010  0.2000  0.1800  0.2010  0.2180  1
 31:   0.1948  0.2128  0.2028  0.1948  0.1948  1
 32:   0.2020  0.2100  0.1800  0.2040  0.2040  1
 33:   0.2198  0.1798  0.1818  0.2068  0.2118  1
 34:   0.2082  0.1832  0.2092  0.1982  0.2012  1
 35:   0.2060  0.2050  0.1760  0.2030  0.2100  1
 36:   0.2002  0.2112  0.1692  0.2032  0.2162  1
 37:   0.1762  0.1872  0.2703  0.1812  0.1852  1
 38:   0.1770  0.1960  0.2540  0.1780  0.1950  1
 39:   0.2360  0.1630  0.1700  0.2080  0.2230  1
 40:   0.2480  0.1530  0.1600  0.2110  0.2280  1
 41:   0.2142  0.1732  0.2072  0.2002  0.2052  1
 42:   0.1942  0.2002  0.1952  0.2062  0.2042  1
 43:   0.1958  0.2038  0.2228  0.1948  0.1828  1
 44:   0.1840  0.2240  0.1890  0.1870  0.2160  1
 45:   0.2098  0.1938  0.1988  0.2058  0.1918  1
 46:   0.1960  0.2160  0.1730  0.2050  0.2100  1
 47:   0.2040  0.2090  0.1670  0.2090  0.2110  1
 48:   0.1920  0.2040  0.2090  0.1860  0.2090  1
 49:   0.1860  0.1690  0.2950  0.1770  0.1730  1
 50:   0.1920  0.1940  0.2380  0.1820  0.1940  1
 51:   0.1838  0.1838  0.2587  0.1818  0.1918  1
 52:   0.1918  0.2028  0.2068  0.1928  0.2058  1
 53:   0.2220  0.1730  0.1990  0.2070  0.1990  1
 54:   0.2050  0.2100  0.1690  0.2070  0.2090  1
 55:   0.2100  0.2160  0.1730  0.2080  0.1930  1
 56:   0.2050  0.1930  0.1980  0.2000  0.2040  1
 57:   0.2258  0.1628  0.2048  0.1958  0.2108  1
 58:   0.1920  0.2110  0.2110  0.1930  0.1930  1
 59:   0.1870  0.2120  0.2330  0.1920  0.1760  1
 60:   0.2372  0.1582  0.1702  0.2142  0.2202  1
 61:   0.2240  0.1770  0.1780  0.2090  0.2120  1
 62:   0.1962  0.2192  0.1692  0.2022  0.2132  1
 63:   0.1900  0.2050  0.2130  0.1890  0.2030  1
 64:   0.2220  0.1820  0.1770  0.2100  0.2090  1
 65:   0.2070  0.2070  0.1780  0.2040  0.2040  1
 66:   0.2170  0.1750  0.1990  0.1980  0.2110  1
 67:   0.1860  0.2100  0.1880  0.1920  0.2240  1
 68:   0.1952  0.2212  0.1752  0.1992  0.2092  1
 69:   0.2012  0.2022  0.1912  0.2022  0.2032  1
 70:   0.1990  0.1980  0.2030  0.1960  0.2040  1
 71:   0.2090  0.1830  0.2030  0.2060  0.1990  1
 72:   0.1948  0.1968  0.2118  0.1968  0.1998  1
 73:   0.1880  0.1830  0.2580  0.1920  0.1790  1
 74:   0.2150  0.1720  0.1910  0.2090  0.2130  1
 75:   0.1962  0.2012  0.2022  0.1972  0.2032  1
 76:   0.2280  0.1770  0.1680  0.2050  0.2220  1
 77:   0.1940  0.2130  0.1840  0.1970  0.2120  1
 78:   0.1890  0.2140  0.1830  0.2010  0.2130  1
 79:   0.2398  0.1718  0.1568  0.2138  0.2178  1
 80:   0.1982  0.2072  0.1922  0.2012  0.2012  1
 81:   0.2020  0.1960  0.2010  0.1990  0.2020  1
 82:   0.2030  0.1900  0.2070  0.2040  0.1960  1
 83:   0.2020  0.1960  0.2000  0.2010  0.2010  1
 84:   0.1972  0.2112  0.1722  0.2012  0.2182  1
 85:   0.2022  0.1772  0.2302  0.1972  0.1932  1
 86:   0.1990  0.1950  0.2110  0.1980  0.1970  1
 87:   0.1884  0.1864  0.2685  0.1864  0.1703  1
 88:   0.2110  0.2190  0.1510  0.2100  0.2090  1
 89:   0.1968  0.1838  0.2368  0.1858  0.1968  1
 90:   0.2020  0.2170  0.1690  0.2000  0.2120  1
 91:   0.1952  0.2142  0.1812  0.1992  0.2102  1
 92:   0.2070  0.1790  0.2200  0.1870  0.2070  1
 93:   0.2000  0.2130  0.1760  0.2030  0.2080  1
 94:   0.2098  0.1948  0.1718  0.1968  0.2268  1
 95:   0.1982  0.2112  0.1702  0.2042  0.2162  1
 96:   0.1960  0.2020  0.1940  0.1970  0.2110  1
 97:   0.1982  0.1942  0.2142  0.1972  0.1962  1
 98:   0.1998  0.2028  0.1938  0.1958  0.2078  1
 99:   0.1990  0.1960  0.1980  0.2030  0.2040  1
100:   0.1992  0.2172  0.1702  0.2132  0.2002  1
101:   0.1840  0.2130  0.1920  0.2070  0.2040  1
102:   0.1980  0.2080  0.2040  0.2010  0.1890  1
103:   0.1880  0.2230  0.1760  0.2020  0.2110  1
104:   0.2060  0.2190  0.1680  0.2030  0.2040  1
105:   0.1948  0.1958  0.2138  0.1888  0.2068  1
106:   0.1738  0.2088  0.2088  0.1938  0.2148  1
107:   0.1900  0.2160  0.1870  0.2040  0.2030  1
108:   0.2068  0.2108  0.1778  0.2058  0.1988  1
109:   0.1980  0.2040  0.1800  0.2000  0.2180  1
110:   0.2072  0.1992  0.1872  0.2032  0.2032  1
111:   0.1912  0.2112  0.2222  0.1932  0.1822  1
112:   0.2100  0.1780  0.2160  0.2050  0.1910  1
113:   0.2262  0.1762  0.1712  0.2082  0.2182  1
114:   0.2062  0.2012  0.1792  0.2022  0.2112  1
115:   0.1920  0.2300  0.1780  0.2080  0.1920  1
116:   0.1950  0.2210  0.1930  0.2020  0.1890  1
117:   0.2110  0.1890  0.1950  0.2000  0.2050  1
118:   0.1800  0.2190  0.2000  0.1860  0.2150  1
119:   0.1852  0.2112  0.2162  0.2012  0.1862  1
120:   0.1780  0.2110  0.2240  0.1890  0.1980  1
121:   0.1980  0.1990  0.1980  0.1980  0.2070  1
122:   0.2108  0.1918  0.1578  0.2108  0.2288  1
123:   0.2182  0.1772  0.2062  0.2002  0.1982  1
124:   0.2370  0.1750  0.1570  0.2210  0.2100  1
125:   0.2098  0.1998  0.1908  0.2118  0.1878  1
126:   0.2380  0.1680  0.1570  0.2120  0.2250  1
127:   0.1910  0.2160  0.1840  0.1890  0.2200  1
128:   0.2020  0.1840  0.2410  0.1920  0.1810  1
129:   0.2148  0.1838  0.1888  0.1998  0.2128  1
130:   0.2140  0.2020  0.1710  0.2050  0.2080  1
131:   0.1890  0.2210  0.1950  0.2030  0.1920  1
132:   0.1970  0.2020  0.2130  0.1960  0.1920  1
133:   0.2200  0.1980  0.1570  0.2130  0.2120  1
134:   0.2250  0.1790  0.1800  0.2090  0.2070  1
135:   0.1818  0.1628  0.3047  0.1758  0.1748  1
136:   0.1968  0.2258  0.1548  0.2038  0.2188  1
137:   0.1968  0.2198  0.1578  0.1968  0.2288  1
138:   0.1860  0.2270  0.1790  0.1990  0.2090  1
139:   0.1852  0.2052  0.2142  0.1872  0.2082  1
140:   0.2150  0.2000  0.1510  0.2080  0.2260  1
141:   0.1890  0.2170  0.1790  0.2030  0.2120  1
142:   0.1948  0.2058  0.2018  0.1928  0.2048  1
143:   0.1930  0.2000  0.2240  0.1950  0.1880  1
144:   0.1880  0.1970  0.2470  0.1910  0.1770  1
145:   0.1972  0.2222  0.1612  0.2042  0.2152  1
146:   0.2228  0.1758  0.1718  0.2078  0.2218  1
147:   0.1928  0.2108  0.1898  0.1968  0.2098  1
148:   0.1830  0.1840  0.2810  0.1810  0.1710  1
149:   0.1928  0.2008  0.2178  0.1888  0.1998  1
150:   0.1988  0.1948  0.2228  0.1928  0.1908  1
151:   0.1860  0.1920  0.2510  0.1900  0.1810  1
152:   0.2000  0.2000  0.2040  0.2040  0.1920  1
153:   0.1868  0.1998  0.2458  0.1868  0.1808  1
154:   0.1940  0.1970  0.2220  0.1950  0.1920  1
155:   0.2080  0.2040  0.1760  0.2030  0.2090  1
156:   0.2020  0.2170  0.1570  0.1960  0.2280  1
157:   0.2280  0.1850  0.1540  0.2120  0.2210  1
158:   0.2120  0.1930  0.1900  0.2060  0.1990  1
159:   0.1808  0.2208  0.1838  0.2018  0.2128  1
160:   0.2132  0.1942  0.1872  0.2062  0.1992  1
161:   0.2060  0.1910  0.1940  0.1970  0.2120  1
162:   0.1890  0.1790  0.2550  0.1890  0.1880  1
163:   0.2110  0.1830  0.1930  0.2040  0.2090  1
164:   0.1980  0.1930  0.2140  0.1940  0.2010  1
165:   0.2058  0.1808  0.2208  0.1978  0.1948  1
166:   0.2010  0.1990  0.1860  0.2120  0.2020  1
167:   0.1948  0.2098  0.1878  0.1988  0.2088  1
168:   0.2262  0.1832  0.1612  0.2172  0.2122  1
169:   0.1848  0.2158  0.2238  0.1918  0.1838  1
170:   0.2020  0.2000  0.1700  0.2010  0.2270  1
171:   0.2022  0.2052  0.1882  0.2082  0.1962  1
172:   0.2472  0.1512  0.1632  0.2182  0.2202  1
173:   0.2080  0.2060  0.1730  0.2040  0.2090  1
174:   0.2058  0.2138  0.1728  0.2098  0.1978  1
175:   0.2068  0.1978  0.1818  0.1988  0.2148  1
176:   0.2140  0.1800  0.1900  0.2040  0.2120  1
177:   0.1818  0.1918  0.2707  0.1878  0.1678  1
178:   0.2000  0.2050  0.1840  0.2090  0.2020  1
179:   0.2000  0.2100  0.1850  0.1950  0.2100  1
180:   0.1868  0.2048  0.2138  0.1998  0.1948  1
181:   0.1812  0.1982  0.2442  0.1892  0.1872  1
182:   0.2140  0.1900  0.1860  0.2030  0.2070  1
183:   0.1982  0.2032  0.1832  0.2032  0.2122  1
184:   0.2128  0.1878  0.1808  0.2098  0.2088  1
185:   0.1820  0.2270  0.2230  0.2020  0.1660  1
186:   0.1872  0.2162  0.1862  0.1912  0.2192  1
187:   0.1978  0.2098  0.1868  0.1958  0.2098  1
188:   0.1970  0.1990  0.2120  0.1970  0.1950  1
189:   0.2018  0.1918  0.2058  0.1898  0.2108  1
190:   0.1990  0.2120  0.1800  0.2090  0.2000  1
191:   0.1970  0.1980  0.2030  0.1920  0.2100  1
192:   0.1978  0.2048  0.1838  0.2008  0.2128  1
193:   0.2000  0.2120  0.1590  0.2050  0.2240  1
194:   0.2010  0.2060  0.1920  0.2050  0.1960  1
195:   0.1910  0.2170  0.1960  0.2060  0.1900  1
196:   0.1950  0.2140  0.1920  0.1990  0.2000  1
197:   0.1920  0.2050  0.2150  0.2020  0.1860  1
198:   0.2030  0.1860  0.2290  0.1990  0.1830  1
199:   0.2000  0.2110  0.1980  0.2060  0.1850  1
200:   0.2040  0.1820  0.2210  0.1930  0.2000  1
201:   0.2290  0.1800  0.1570  0.2150  0.2190  1
202:   0.1990  0.1890  0.2480  0.1990  0.1650  1
203:   0.2020  0.1850  0.2360  0.1970  0.1800  1
204:   0.2218  0.1858  0.1708  0.2178  0.2038  1
205:   0.2002  0.1932  0.2002  0.2012  0.2052  1
206:   0.2128  0.1958  0.1738  0.2068  0.2108  1
207:   0.1928  0.2208  0.1568  0.1968  0.2328  1
208:   0.2080  0.1930  0.1830  0.2090  0.2070  1
209:   0.1888  0.2258  0.1588  0.1928  0.2338  1
210:   0.2128  0.1878  0.1888  0.2088  0.2018  1
211:   0.1980  0.1950  0.2400  0.1980  0.1690  1
212:   0.2202  0.1832  0.1762  0.2042  0.2162  1
213:   0.2162  0.1912  0.1672  0.2072  0.2182  1
214:   0.2010  0.2230  0.1700  0.2080  0.1980  1
215:   0.1980  0.1990  0.1920  0.2010  0.2100  1
216:   0.2060  0.1980  0.1900  0.1990  0.2070  1
217:   0.1870  0.2030  0.2180  0.1930  0.1990  1
218:   0.1948  0.1998  0.1908  0.1998  0.2148  1
219:   0.1960  0.1870  0.2490  0.1900  0.1780  1
220:   0.2122  0.1802  0.2012  0.2042  0.2022  1
221:   0.2002  0.2072  0.1892  0.1952  0.2082  1
222:   0.1850  0.2070  0.2070  0.1970  0.2040  1
223:   0.1960  0.2070  0.1820  0.2040  0.2110  1
224:   0.1952  0.1742  0.2503  0.1942  0.1862  1
225:   0.1940  0.2270  0.1460  0.1940  0.2390  1
226:   0.1972  0.2122  0.1732  0.1992  0.2182  1
227:   0.2088  0.1868  0.1908  0.2078  0.2058  1
228:   0.2180  0.1840  0.1770  0.2130  0.2080  1
229:   0.1952  0.2082  0.1962  0.2052  0.1952  1
230:   0.2050  0.1930  0.1990  0.1990  0.2040  1
231:   0.1942  0.2072  0.2042  0.2012  0.1932  1
232:   0.1910  0.1860  0.2340  0.1960  0.1930  1
233:   0.2370  0.1640  0.1700  0.2130  0.2160  1
234:   0.2130  0.1970  0.1690  0.2040  0.2170  1
235:   0.1998  0.2158  0.1678  0.2028  0.2138  1
236:   0.1860  0.2020  0.2330  0.1960  0.1830  1
237:   0.2200  0.1840  0.1790  0.2100  0.2070  1
238:   0.2010  0.2000  0.1840  0.2060  0.2090  1
239:   0.2058  0.2048  0.1698  0.2038  0.2158  1
240:   0.1960  0.2150  0.1770  0.2050  0.2070  1
241:   0.2160  0.1790  0.1850  0.2070  0.2130  1
242:   0.1908  0.2048  0.2068  0.1958  0.2018  1
243:   0.2070  0.1780  0.2200  0.1980  0.1970  1
244:   0.2020  0.2080  0.1740  0.2040  0.2120  1
245:   0.2052  0.2082  0.1752  0.2132  0.1982  1
246:   0.2010  0.2050  0.1980  0.2080  0.1880  1
247:   0.1962  0.2302  0.1572  0.2092  0.2072  1
248:   0.1870  0.2130  0.2020  0.1900  0.2080  1
249:   0.1940  0.2220  0.1590  0.2020  0.2230  1
250:   0.1970  0.2140  0.1600  0.2010  0.2280  1
251:   0.1880  0.2000  0.2170  0.1960  0.1990  1
252:   0.1870  0.2180  0.1860  0.2020  0.2070  1
253:   0.2018  0.1998  0.1998  0.2038  0.1948  1
254:   0.1720  0.2010  0.2550  0.1820  0.1900  1
255:   0.1650  0.2030  0.2860  0.1830  0.1630  1
256:   0.1870  0.2170  0.2030  0.1990  0.1940  1
257:   0.1960  0.2150  0.1840  0.2140  0.1910  1
258:   0.1798  0.2128  0.2428  0.1948  0.1698  1
259:   0.2110  0.2040  0.1680  0.2060  0.2110  1
260:   0.1832  0.1992  0.2442  0.1912  0.1822  1
261:   0.1890  0.2260  0.2000  0.2140  0.1710  1
262:   0.2098  0.2168  0.1728  0.2118  0.1888  1
263:   0.1940  0.2110  0.1700  0.2030  0.2220  1
264:   0.1962  0.2072  0.2082  0.2032  0.1852  1
265:   0.1808  0.2198  0.2248  0.2038  0.1708  1
266:   0.1960  0.2030  0.2100  0.1980  0.1930  1
267:   0.1878  0.2108  0.2258  0.1988  0.1768  1
268:   0.1972  0.2202  0.1762  0.2102  0.1962  1
269:   0.1950  0.2120  0.1980  0.2100  0.1850  1
270:   0.1880  0.2100  0.2330  0.1950  0.1740  1
271:   0.1920  0.2170  0.2120  0.2040  0.1750  1
272:   0.2062  0.2032  0.1882  0.2102  0.1922  1
273:   0.2040  0.2230  0.1650  0.2030  0.2050  1
274:   0.1900  0.2140  0.2130  0.1990  0.1840  1
275:   0.2130  0.1940  0.1980  0.2080  0.1870  1
276:   0.1992  0.1972  0.2112  0.2072  0.1852  1
277:   0.1840  0.2090  0.2260  0.1950  0.1860  1
278:   0.1890  0.2060  0.2080  0.1970  0.2000  1
279:   0.2078  0.2098  0.1828  0.2098  0.1898  1
280:   0.2032  0.1682  0.2533  0.1912  0.1842  1
281:   0.2170  0.1790  0.1970  0.2110  0.1960  1
282:   0.1838  0.2258  0.1978  0.1978  0.1948  1
283:   0.1990  0.1830  0.2360  0.2030  0.1790  1
284:   0.1962  0.2242  0.1782  0.2022  0.1992  1
285:   0.1870  0.2100  0.2250  0.1950  0.1830  1
286:   0.2090  0.2040  0.1800  0.2120  0.1950  1
287:   0.1878  0.1988  0.2278  0.2018  0.1838  1
288:   0.2092  0.1902  0.2042  0.2092  0.1872  1
289:   0.1880  0.2290  0.1850  0.2040  0.1940  1
290:   0.2000  0.1630  0.2770  0.1830  0.1770  1
291:   0.1960  0.2160  0.2080  0.2110  0.1690  1
292:   0.1940  0.2310  0.1930  0.2070  0.1750  1
293:   0.1900  0.2190  0.2090  0.2070  0.1750  1
294:   0.1822  0.2052  0.2593  0.1912  0.1622  1
295:   0.1970  0.2160  0.1980  0.2070  0.1820  1
296:   0.2018  0.2048  0.1968  0.2038  0.1928  1
297:   0.1850  0.2320  0.2140  0.2090  0.1600  1
298:   0.1900  0.2260  0.1830  0.1970  0.2040  1
299:   0.2062  0.1932  0.1992  0.2012  0.2002  1
300:   0.1948  0.2148  0.2068  0.2048  0.1788  1
301:   0.1708  0.2068  0.2747  0.1868  0.1608  1
302:   0.2190  0.1860  0.1850  0.2090  0.2010  1
303:   0.2068  0.1978  0.2158  0.2098  0.1698  1
304:   0.2110  0.1880  0.1870  0.2100  0.2040  1
305:   0.1982  0.2002  0.2232  0.2002  0.1782  1
306:   0.1960  0.1960  0.2170  0.2030  0.1880  1
307:   0.1980  0.2170  0.1840  0.2030  0.1980  1
308:   0.1810  0.1910  0.2800  0.1890  0.1590  1
309:   0.2262  0.1872  0.1491  0.2072  0.2302  1
310:   0.1990  0.2230  0.1570  0.1970  0.2240  1
311:   0.1828  0.1908  0.2517  0.1838  0.1908  1
312:   0.1880  0.1860  0.2500  0.1880  0.1880  1
313:   0.1972  0.1872  0.2262  0.1932  0.1962  1
314:   0.2010  0.1970  0.2210  0.2020  0.1790  1
315:   0.1950  0.2080  0.1900  0.1960  0.2110  1
316:   0.1930  0.2040  0.1960  0.1910  0.2160  1
317:   0.1990  0.1930  0.2140  0.1980  0.1960  1
318:   0.1918  0.2158  0.1798  0.1948  0.2178  1
319:   0.1992  0.1762  0.2543  0.1852  0.1852  1
320:   0.1940  0.2090  0.1970  0.1980  0.2020  1
321:   0.2050  0.2030  0.1740  0.1940  0.2240  1
322:   0.1732  0.1742  0.3083  0.1722  0.1722  1
323:   0.2182  0.1772  0.2012  0.1972  0.2062  1
324:   0.1920  0.2080  0.1920  0.1940  0.2140  1
325:   0.1940  0.1860  0.2420  0.1870  0.1910  1
326:   0.2020  0.2100  0.1750  0.1990  0.2140  1
327:   0.1928  0.2238  0.1848  0.2018  0.1968  1
328:   0.1862  0.2182  0.2132  0.1952  0.1872  1
329:   0.1920  0.1950  0.2240  0.1880  0.2010  1
330:   0.1980  0.2030  0.2040  0.2020  0.1930  1
331:   0.1990  0.2070  0.1860  0.2050  0.2030  1
332:   0.2000  0.2110  0.1750  0.1980  0.2160  1
333:   0.1912  0.1972  0.2282  0.1942  0.1892  1
334:   0.1888  0.2028  0.2158  0.1988  0.1938  1
335:   0.1870  0.1970  0.2470  0.1870  0.1820  1
336:   0.2070  0.1880  0.2200  0.2010  0.1840  1
337:   0.2020  0.1860  0.2140  0.2010  0.1970  1
338:   0.2070  0.1910  0.2050  0.2040  0.1930  1
339:   0.2140  0.1890  0.2040  0.2000  0.1930  1
340:   0.1960  0.2270  0.1720  0.2110  0.1940  1
341:   0.1970  0.1950  0.2200  0.1940  0.1940  1
342:   0.1952  0.1782  0.2553  0.1912  0.1802  1
343:   0.2102  0.2012  0.1692  0.2082  0.2112  1
344:   0.1930  0.2210  0.1970  0.1970  0.1920  1
345:   0.2020  0.2120  0.1740  0.2020  0.2100  1
346:   0.2062  0.2032  0.1692  0.2042  0.2172  1
347:   0.2090  0.1780  0.2060  0.2040  0.2030  1

  1:   0.2252  0.1982  0.1672  0.1962  0.2132  1
  2:   0.2028  0.1928  0.1978  0.2068  0.1998  1
  3:   0.1952  0.1962  0.2122  0.1982  0.1982  1
  4:   0.1860  0.2150  0.2080  0.2000  0.1910  1
  5:   0.1960  0.2080  0.2050  0.1910  0.2000  1
  6:   0.1950  0.2060  0.1950  0.2020  0.2020  1
  7:   0.2020  0.2060  0.1790  0.2090  0.2040  1
  8:   0.1960  0.2160  0.2030  0.1850  0.2000  1
  9:   0.2102  0.1952  0.1912  0.1952  0.2082  1
 10:   0.2018  0.2118  0.1958  0.1878  0.2028  1
 11:   0.2028  0.1818  0.2168  0.2018  0.1968  1
 12:   0.2102  0.1922  0.1972  0.1962  0.2042  1
 13:   0.1822  0.1972  0.2182  0.2072  0.1952  1
 14:   0.2000  0.2120  0.1820  0.2040  0.2020  1
 15:   0.2232  0.2012  0.1732  0.1972  0.2052  1
 16:   0.2190  0.1920  0.1860  0.2000  0.2030  1
 17:   0.1772  0.1782  0.2563  0.1982  0.1902  1
 18:   0.1998  0.1998  0.1918  0.2038  0.2048  1
 19:   0.2070  0.1840  0.1970  0.2080  0.2040  1
 20:   0.2210  0.1740  0.2030  0.2030  0.1990  1
 21:   0.2270  0.1840  0.1760  0.2040  0.2090  1
 22:   0.2200  0.1840  0.1770  0.2040  0.2150  1
 23:   0.2052  0.2012  0.1902  0.2022  0.2012  1
 24:   0.1950  0.2090  0.2010  0.2030  0.1920  1
 25:   0.2070  0.1970  0.1910  0.2020  0.2030  1
 26:   0.1940  0.1900  0.2190  0.2020  0.1950  1
 27:   0.2030  0.2040  0.1850  0.2040  0.2040  1
 28:   0.2230  0.1880  0.1690  0.2100  0.2100  1
 29:   0.1940  0.1810  0.2290  0.2020  0.1940  1
 30:   0.2020  0.2070  0.1830  0.2050  0.2030  1
 31:   0.1902  0.2072  0.2052  0.2012  0.1962  1
 32:   0.2080  0.2020  0.1860  0.2000  0.2040  1
 33:   0.2230  0.1880  0.1810  0.2010  0.2070  1
 34:   0.2102  0.1872  0.2002  0.1992  0.2032  1
 35:   0.2112  0.2032  0.1792  0.1992  0.2072  1
 36:   0.2120  0.2120  0.1760  0.1950  0.2050  1
 37:   0.1828  0.1848  0.2468  0.1958  0.1898  1
 38:   0.1758  0.1958  0.2488  0.1878  0.1918  1
 39:   0.2420  0.1810  0.1710  0.1960  0.2100  1
 40:   0.2510  0.1750  0.1620  0.1970  0.2150  1
 41:   0.2090  0.1830  0.2030  0.1990  0.2060  1
 42:   0.1950  0.2040  0.1980  0.2060  0.1970  1
 43:   0.1870  0.1890  0.2220  0.2080  0.1940  1
 44:   0.1922  0.2322  0.1992  0.1782  0.1982  1
 45:   0.2030  0.1900  0.1960  0.2100  0.2010  1
 46:   0.1982  0.2142  0.1892  0.2022  0.1962  1
 47:   0.2020  0.2070  0.1800  0.2070  0.2040  1
 48:   0.1900  0.2220  0.2130  0.1820  0.1930  1
 49:   0.1760  0.1640  0.2680  0.2030  0.1890  1
 50:   0.1830  0.1920  0.2380  0.1960  0.1910  1
 51:   0.1818  0.1918  0.2428  0.1938  0.1898  1
 52:   0.1880  0.2000  0.2130  0.2050  0.1940  1
 53:   0.2150  0.1760  0.1930  0.2080  0.2080  1
 54:   0.2052  0.2092  0.1812  0.2012  0.2032  1
 55:   0.2030  0.1960  0.1840  0.2150  0.2020  1
 56:   0.2040  0.1930  0.1940  0.2080  0.2010  1
 57:   0.2200  0.1680  0.2040  0.2000  0.2080  1
 58:   0.1870  0.2030  0.2080  0.2010  0.2010  1
 59:   0.1782  0.1992  0.2352  0.2022  0.1852  1
 60:   0.2452  0.1722  0.1712  0.1982  0.2132  1
 61:   0.2272  0.1782  0.1742  0.2082  0.2122  1
 62:   0.2010  0.2270  0.1790  0.1970  0.1960  1
 63:   0.1890  0.2050  0.2240  0.1930  0.1890  1
 64:   0.2238  0.1808  0.1768  0.2078  0.2108  1
 65:   0.2072  0.2002  0.1842  0.2022  0.2062  1
 66:   0.2120  0.1810  0.1960  0.2080  0.2030  1
 67:   0.1872  0.2172  0.2052  0.1922  0.1982  1
 68:   0.1958  0.2308  0.1838  0.1938  0.1958  1
 69:   0.1982  0.2102  0.1952  0.1972  0.1992  1
 70:   0.2020  0.2030  0.2010  0.1970  0.1970  1
 71:   0.2108  0.1848  0.1978  0.1988  0.2078  1
 72:   0.1950  0.1950  0.2090  0.2020  0.1990  1
 73:   0.1882  0.1672  0.2372  0.2112  0.1962  1
 74:   0.2200  0.1820  0.1910  0.1990  0.2080  1
 75:   0.2020  0.2020  0.1970  0.2000  0.1990  1
 76:   0.2248  0.1878  0.1728  0.2008  0.2138  1
 77:   0.1940  0.2180  0.1920  0.1930  0.2030  1
 78:   0.1970  0.2190  0.1910  0.1950  0.1980  1
 79:   0.2320  0.1810  0.1630  0.2070  0.2170  1
 80:   0.1980  0.2070  0.1890  0.2040  0.2020  1
 81:   0.2008  0.2008  0.2018  0.1988  0.1978  1
 82:   0.2060  0.1860  0.1990  0.2080  0.2010  1
 83:   0.1972  0.2002  0.1992  0.1992  0.2042  1
 84:   0.2008  0.2138  0.1848  0.1998  0.2008  1
 85:   0.2020  0.1770  0.2180  0.2010  0.2020  1
 86:   0.1978  0.2028  0.2088  0.1958  0.1948  1
 87:   0.1792  0.1822  0.2503  0.1972  0.1912  1
 88:   0.2082  0.2112  0.1732  0.2042  0.2032  1
 89:   0.1900  0.1850  0.2370  0.1950  0.1930  1
 90:   0.2020  0.2230  0.1740  0.1950  0.2060  1
 91:   0.1958  0.2178  0.1868  0.1978  0.2018  1
 92:   0.2070  0.1860  0.2160  0.1870  0.2040  1
 93:   0.1970  0.2090  0.1860  0.2070  0.2010  1
 94:   0.2200  0.2170  0.1740  0.1830  0.2060  1
 95:   0.2062  0.2102  0.1792  0.2012  0.2032  1
 96:   0.1980  0.2030  0.1950  0.2020  0.2020  1
 97:   0.1960  0.2050  0.2080  0.1980  0.1930  1
 98:   0.1980  0.2040  0.1970  0.1980  0.2030  1
 99:   0.2028  0.1958  0.1978  0.2048  0.1988  1
100:   0.1990  0.2070  0.1820  0.2120  0.2000  1
101:   0.1950  0.2170  0.1920  0.2010  0.1950  1
102:   0.1970  0.2070  0.2010  0.1980  0.1970  1
103:   0.1900  0.2360  0.1860  0.1880  0.2000  1
104:   0.2032  0.2152  0.1782  0.1972  0.2062  1
105:   0.1918  0.2018  0.2108  0.1928  0.2028  1
106:   0.1868  0.2118  0.2098  0.1908  0.2008  1
107:   0.1930  0.2080  0.1950  0.2030  0.2010  1
108:   0.2030  0.2110  0.1830  0.2040  0.1990  1
109:   0.2100  0.2070  0.1790  0.1990  0.2050  1
110:   0.2040  0.2020  0.1840  0.2000  0.2100  1
111:   0.1830  0.2060  0.2190  0.2050  0.1870  1
112:   0.2082  0.1752  0.2082  0.2072  0.2012  1
113:   0.2290  0.1830  0.1700  0.2060  0.2120  1
114:   0.2058  0.2028  0.1808  0.2048  0.2058  1
115:   0.1870  0.2140  0.1910  0.2080  0.2000  1
116:   0.1930  0.2020  0.1990  0.2070  0.1990  1
117:   0.2060  0.1940  0.1930  0.2030  0.2040  1
118:   0.1912  0.2162  0.2072  0.1882  0.1972  1
119:   0.1870  0.1980  0.2150  0.2050  0.1950  1
120:   0.1840  0.2200  0.2160  0.1880  0.1920  1
121:   0.1930  0.2000  0.1990  0.2070  0.2010  1
122:   0.2280  0.1970  0.1620  0.2000  0.2130  1
