1:    0.164 0.443 0.394 1    
2:    0.138 0.347 0.515 1    
3:    0.107 0.008 0.885 1    
4:    0.131 0.036 0.833 1    
5:    0.137 0.115 0.747 1    
6:    0.588 0.108 0.304 1    
7:    0.218 0.026 0.755 1    
8:    0.783 0.012 0.206 1    
9:    0.068 0.181 0.751 1    
10:   0.693 0.034 0.273 1    
11:   0.270 0.086 0.644 1    
12:   0.069 0.024 0.906 1    
13:   0.190 0.253 0.557 1    
14:   0.664 0.012 0.324 1    
15:   0.133 0.022 0.845 1    
16:   0.008 0.983 0.009 1    
17:   0.015 0.009 0.976 1    
18:   0.006 0.989 0.005 1    
19:   0.020 0.010 0.970 1    
20:   0.008 0.985 0.006 1    
21:   0.015 0.970 0.016 1    
22:   0.798 0.021 0.181 1    
23:   0.024 0.012 0.964 1    
24:   0.071 0.035 0.894 1    
25:   0.220 0.213 0.567 1    
26:   0.095 0.017 0.888 1    
27:   0.215 0.010 0.775 1    
28:   0.011 0.977 0.012 1    
29:   0.052 0.009 0.939 1    
30:   0.009 0.978 0.014 1    
31:   0.250 0.028 0.721 1    
32:   0.019 0.968 0.013 1    
33:   0.285 0.009 0.706 1    
34:   0.044 0.006 0.951 1    
35:   0.452 0.051 0.497 1    
36:   0.242 0.009 0.749 1    
37:   0.011 0.975 0.014 1    
38:   0.952 0.009 0.038 1    
39:   0.017 0.004 0.978 1    
40:   0.131 0.011 0.858 1    
41:   0.721 0.013 0.266 1    
42:   0.006 0.988 0.006 1    
43:   0.168 0.106 0.726 1    
44:   0.144 0.007 0.848 1    
45:   0.632 0.006 0.362 1    
46:   0.015 0.009 0.976 1    
47:   0.660 0.017 0.324 1    
48:   0.016 0.973 0.011 1    
49:   0.013 0.006 0.982 1    
50:   0.023 0.007 0.971 1    
51:   0.029 0.007 0.964 1    
52:   0.017 0.014 0.970 1    
53:   0.221 0.577 0.201 1    
54:   0.017 0.011 0.972 1    
55:   0.724 0.016 0.260 1    
56:   0.930 0.007 0.063 1    
57:   0.875 0.012 0.113 1    
58:   0.007 0.987 0.006 1    
59:   0.033 0.954 0.012 1    
60:   0.037 0.010 0.952 1    
61:   0.015 0.006 0.979 1    
62:   0.421 0.009 0.570 1    
63:   0.902 0.005 0.093 1    
64:   0.041 0.022 0.937 1    
65:   0.011 0.982 0.008 1    
66:   0.019 0.966 0.015 1    
67:   0.015 0.928 0.057 1    
68:   0.068 0.017 0.915 1    
69:   0.749 0.008 0.243 1    
70:   0.422 0.006 0.572 1    
71:   0.460 0.014 0.526 1    
72:   0.531 0.028 0.441 1    
73:   0.008 0.980 0.012 1    
74:   0.747 0.036 0.217 1    
75:   0.052 0.005 0.943 1    
76:   0.006 0.987 0.007 1    
77:   0.010 0.982 0.009 1    
78:   0.016 0.015 0.970 1    
79:   0.010 0.973 0.016 1    
80:   0.013 0.020 0.967 1    
81:   0.934 0.005 0.061 1    
82:   0.042 0.005 0.953 1    
83:   0.018 0.012 0.969 1    
84:   0.009 0.984 0.007 1    
85:   0.476 0.299 0.225 1    
86:   0.524 0.017 0.460 1    
87:   0.930 0.009 0.061 1    
88:   0.149 0.023 0.829 1    
89:   0.723 0.017 0.261 1    
90:   0.602 0.012 0.387 1    
91:   0.908 0.016 0.076 1    
92:   0.234 0.011 0.754 1    
93:   0.928 0.009 0.063 1    
94:   0.720 0.012 0.268 1    
95:   0.765 0.023 0.212 1    
96:   0.021 0.049 0.930 1    
97:   0.034 0.011 0.955 1    
98:   0.021 0.956 0.023 1    
99:   0.455 0.075 0.469 1    
100:  0.555 0.084 0.361 1    
101:  0.951 0.021 0.028 1    
102:  0.068 0.005 0.927 1    
103:  0.422 0.058 0.519 1    
104:  0.340 0.105 0.555 1    
105:  0.896 0.013 0.090 1    
106:  0.017 0.963 0.020 1    
107:  0.030 0.052 0.918 1    
108:  0.833 0.011 0.156 1    
109:  0.038 0.019 0.942 1    
110:  0.735 0.011 0.253 1    
111:  0.209 0.492 0.299 1    
112:  0.703 0.008 0.289 1    
113:  0.796 0.020 0.184 1    
114:  0.092 0.041 0.867 1    
115:  0.884 0.009 0.107 1    
116:  0.936 0.008 0.055 1    
117:  0.957 0.005 0.038 1    
118:  0.790 0.025 0.185 1    
119:  0.962 0.008 0.030 1    
120:  0.929 0.034 0.037 1    
121:  0.944 0.010 0.046 1    
122:  0.828 0.010 0.161 1    
123:  0.780 0.012 0.209 1    
124:  0.897 0.042 0.061 1    
125:  0.960 0.008 0.032 1    
126:  0.976 0.008 0.016 1    
127:  0.933 0.005 0.061 1    
128:  0.706 0.017 0.276 1    
129:  0.684 0.011 0.305 1    
130:  0.739 0.010 0.251 1    
131:  0.863 0.006 0.131 1    
132:  0.464 0.031 0.505 1    
133:  0.966 0.010 0.024 1    
134:  0.909 0.023 0.067 1    
135:  0.843 0.007 0.150 1    
136:  0.880 0.008 0.112 1    
137:  0.961 0.013 0.026 1    
138:  0.362 0.009 0.629 1    
139:  0.953 0.008 0.040 1    
140:  0.824 0.007 0.169 1    
141:  0.916 0.009 0.075 1    
142:  0.933 0.009 0.058 1    
143:  0.639 0.034 0.327 1    
144:  0.887 0.005 0.107 1    
145:  0.956 0.006 0.038 1    
146:  0.344 0.007 0.649 1    
147:  0.950 0.008 0.042 1    
148:  0.883 0.011 0.106 1    
149:  0.966 0.005 0.030 1    
150:  0.443 0.014 0.543 1    
151:  0.835 0.014 0.151 1    
152:  0.923 0.005 0.072 1    
153:  0.654 0.022 0.323 1    
154:  0.897 0.018 0.084 1    
155:  0.745 0.163 0.092 1    
156:  0.942 0.010 0.048 1    
157:  0.965 0.012 0.023 1    
158:  0.520 0.108 0.372 1    
159:  0.394 0.209 0.397 1    
160:  0.491 0.049 0.459 1    
161:  0.925 0.010 0.065 1    
162:  0.954 0.008 0.038 1    
163:  0.961 0.009 0.030 1    
164:  0.260 0.025 0.714 1    
165:  0.342 0.045 0.613 1    
166:  0.556 0.005 0.438 1    
167:  0.896 0.015 0.089 1    
168:  0.959 0.006 0.034 1    
169:  0.305 0.081 0.615 1    
170:  0.487 0.007 0.506 1    
171:  0.968 0.007 0.026 1    
172:  0.866 0.012 0.121 1    
              
              
1:    0.180 0.447 0.374 1    
2:    0.143 0.348 0.509 1    
3:    0.116 0.008 0.876 1    
4:    0.136 0.034 0.829 1    
5:    0.144 0.109 0.747 1    
6:    0.581 0.109 0.311 1    
7:    0.229 0.023 0.748 1    
8:    0.786 0.012 0.203 1    
9:    0.076 0.172 0.752 1    
10:   0.687 0.032 0.281 1    
11:   0.269 0.087 0.644 1    
12:   0.080 0.025 0.896 1    
13:   0.202 0.246 0.552 1    
14:   0.661 0.012 0.328 1    
15:   0.140 0.022 0.838 1    
16:   0.007 0.984 0.009 1    
17:   0.014 0.009 0.977 1    
18:   0.005 0.990 0.005 1    
19:   0.025 0.010 0.965 1    
20:   0.008 0.985 0.006 1    
21:   0.013 0.971 0.016 1    
22:   0.819 0.020 0.160 1    
23:   0.026 0.012 0.961 1    
24:   0.079 0.034 0.887 1    
25:   0.210 0.203 0.587 1    
26:   0.090 0.018 0.892 1    
27:   0.219 0.009 0.772 1    
28:   0.011 0.977 0.012 1    
29:   0.061 0.009 0.930 1    
30:   0.008 0.979 0.013 1    
31:   0.254 0.026 0.720 1    
32:   0.019 0.968 0.012 1    
33:   0.303 0.009 0.688 1    
34:   0.053 0.006 0.941 1    
35:   0.438 0.052 0.510 1    
36:   0.252 0.008 0.740 1    
37:   0.012 0.975 0.013 1    
38:   0.952 0.009 0.039 1    
39:   0.016 0.005 0.979 1    
40:   0.118 0.011 0.870 1    
41:   0.710 0.012 0.278 1    
42:   0.006 0.989 0.006 1    
43:   0.180 0.108 0.712 1    
44:   0.146 0.007 0.847 1    
45:   0.625 0.006 0.369 1    
46:   0.015 0.010 0.976 1    
47:   0.663 0.015 0.322 1    
48:   0.015 0.973 0.012 1    
49:   0.013 0.006 0.982 1    
50:   0.023 0.006 0.971 1    
51:   0.026 0.006 0.968 1    
52:   0.013 0.013 0.974 1    
53:   0.242 0.571 0.186 1    
54:   0.016 0.011 0.973 1    
55:   0.727 0.015 0.259 1    
56:   0.931 0.008 0.062 1    
57:   0.887 0.012 0.101 1    
58:   0.006 0.988 0.006 1    
59:   0.032 0.955 0.013 1    
60:   0.044 0.010 0.946 1    
61:   0.017 0.006 0.977 1    
62:   0.426 0.010 0.564 1    
63:   0.907 0.005 0.087 1    
64:   0.043 0.021 0.936 1    
65:   0.009 0.984 0.007 1    
66:   0.019 0.967 0.014 1    
67:   0.015 0.935 0.050 1    
68:   0.081 0.017 0.902 1    
69:   0.761 0.008 0.231 1    
70:   0.451 0.006 0.543 1    
71:   0.448 0.014 0.538 1    
72:   0.541 0.027 0.432 1    
73:   0.009 0.979 0.012 1    
74:   0.761 0.037 0.203 1    
75:   0.051 0.005 0.944 1    
76:   0.006 0.987 0.007 1    
77:   0.009 0.982 0.009 1    
78:   0.014 0.014 0.971 1    
79:   0.010 0.975 0.015 1    
80:   0.014 0.021 0.965 1    
81:   0.938 0.005 0.056 1    
82:   0.041 0.005 0.954 1    
83:   0.021 0.012 0.968 1    
84:   0.008 0.985 0.007 1    
85:   0.464 0.298 0.237 1    
86:   0.511 0.016 0.473 1    
87:   0.933 0.009 0.059 1    
88:   0.165 0.021 0.813 1    
89:   0.708 0.018 0.274 1    
90:   0.605 0.011 0.385 1    
91:   0.905 0.015 0.080 1    
92:   0.260 0.011 0.729 1    
93:   0.929 0.008 0.063 1    
94:   0.723 0.012 0.265 1    
95:   0.756 0.022 0.223 1    
96:   0.022 0.047 0.931 1    
97:   0.039 0.013 0.949 1    
98:   0.021 0.958 0.021 1    
99:   0.458 0.073 0.470 1    
100:  0.549 0.085 0.366 1    
101:  0.952 0.021 0.028 1    
102:  0.067 0.005 0.928 1    
103:  0.413 0.057 0.530 1    
104:  0.329 0.112 0.560 1    
105:  0.886 0.015 0.098 1    
106:  0.016 0.964 0.020 1    
107:  0.028 0.053 0.918 1    
108:  0.820 0.009 0.171 1    
109:  0.038 0.019 0.943 1    
110:  0.742 0.010 0.248 1    
111:  0.210 0.491 0.299 1    
112:  0.711 0.008 0.281 1    
113:  0.808 0.019 0.173 1    
114:  0.090 0.040 0.870 1    
115:  0.879 0.008 0.113 1    
116:  0.938 0.008 0.054 1    
117:  0.952 0.005 0.043 1    
118:  0.775 0.024 0.201 1    
119:  0.968 0.007 0.024 1    
120:  0.930 0.032 0.038 1    
121:  0.943 0.009 0.048 1    
122:  0.820 0.009 0.171 1    
123:  0.786 0.011 0.202 1    
124:  0.902 0.036 0.061 1    
125:  0.964 0.008 0.028 1    
126:  0.976 0.008 0.016 1    
127:  0.932 0.005 0.063 1    
128:  0.683 0.019 0.299 1    
129:  0.667 0.011 0.322 1    
130:  0.725 0.010 0.264 1    
131:  0.853 0.006 0.140 1    
132:  0.442 0.030 0.528 1    
133:  0.966 0.010 0.025 1    
134:  0.905 0.025 0.070 1    
135:  0.834 0.007 0.159 1    
136:  0.865 0.008 0.127 1    
137:  0.949 0.012 0.040 1    
138:  0.369 0.009 0.622 1    
139:  0.959 0.006 0.035 1    
140:  0.831 0.006 0.163 1    
141:  0.909 0.009 0.081 1    
142:  0.940 0.009 0.051 1    
143:  0.660 0.034 0.306 1    
144:  0.871 0.005 0.124 1    
145:  0.957 0.006 0.037 1    
146:  0.350 0.007 0.643 1    
147:  0.951 0.009 0.040 1    
148:  0.882 0.011 0.107 1    
149:  0.969 0.005 0.026 1    
150:  0.455 0.015 0.530 1    
151:  0.831 0.013 0.156 1    
152:  0.919 0.005 0.077 1    
153:  0.651 0.021 0.327 1    
154:  0.892 0.018 0.089 1    
155:  0.749 0.160 0.091 1    
156:  0.937 0.009 0.054 1    
157:  0.968 0.011 0.021 1    
158:  0.504 0.110 0.386 1    
159:  0.409 0.194 0.397 1    
160:  0.490 0.050 0.459 1    
161:  0.915 0.010 0.075 1    
162:  0.937 0.008 0.055 1    
163:  0.949 0.009 0.042 1    
164:  0.264 0.027 0.709 1    
165:  0.352 0.044 0.603 1    
166:  0.570 0.006 0.424 1    
167:  0.894 0.013 0.093 1    
168:  0.952 0.006 0.042 1    
169:  0.305 0.083 0.612 1    
170:  0.500 0.006 0.494 1    
171:  0.958 0.006 0.036 1    
172:  0.873 0.012 0.116 1    
              
              
1:    0.176 0.373 0.451 1    
2:    0.157 0.500 0.343 1    
3:    0.127 0.864 0.009 1    
4:    0.150 0.814 0.037 1    
5:    0.160 0.724 0.116 1    
6:    0.588 0.298 0.114 1    
7:    0.243 0.730 0.027 1    
8:    0.800 0.188 0.012 1    
9:    0.089 0.725 0.186 1    
10:   0.705 0.262 0.033 1    
11:   0.277 0.635 0.087 1    
12:   0.079 0.894 0.027 1    
13:   0.213 0.533 0.254 1    
14:   0.682 0.305 0.012 1    
15:   0.143 0.834 0.023 1    
16:   0.007 0.009 0.983 1    
17:   0.014 0.977 0.009 1    
18:   0.006 0.005 0.989 1    
19:   0.021 0.969 0.010 1    
20:   0.008 0.006 0.986 1    
21:   0.014 0.017 0.969 1    
22:   0.781 0.197 0.022 1    
23:   0.024 0.962 0.013 1    
24:   0.078 0.889 0.033 1    
25:   0.225 0.564 0.211 1    
26:   0.094 0.886 0.020 1    
27:   0.233 0.757 0.010 1    
28:   0.011 0.012 0.977 1    
29:   0.048 0.942 0.010 1    
30:   0.009 0.013 0.978 1    
31:   0.235 0.738 0.028 1    
32:   0.021 0.013 0.967 1    
33:   0.277 0.714 0.009 1    
34:   0.049 0.945 0.006 1    
35:   0.431 0.518 0.050 1    
36:   0.235 0.757 0.008 1    
37:   0.011 0.013 0.976 1    
38:   0.954 0.038 0.009 1    
39:   0.019 0.976 0.005 1    
40:   0.111 0.877 0.012 1    
41:   0.728 0.258 0.013 1    
42:   0.006 0.006 0.988 1    
43:   0.174 0.714 0.112 1    
44:   0.152 0.841 0.008 1    
45:   0.633 0.361 0.006 1    
46:   0.016 0.974 0.010 1    
47:   0.648 0.337 0.015 1    
48:   0.015 0.011 0.973 1    
49:   0.013 0.981 0.006 1    
50:   0.026 0.968 0.007 1    
51:   0.029 0.965 0.007 1    
52:   0.014 0.973 0.013 1    
53:   0.242 0.177 0.581 1    
54:   0.016 0.973 0.012 1    
55:   0.751 0.234 0.015 1    
56:   0.926 0.067 0.007 1    
57:   0.876 0.113 0.011 1    
58:   0.007 0.007 0.987 1    
59:   0.032 0.013 0.955 1    
60:   0.040 0.949 0.011 1    
61:   0.015 0.979 0.006 1    
62:   0.439 0.550 0.010 1    
63:   0.891 0.103 0.005 1    
64:   0.041 0.935 0.023 1    
65:   0.009 0.007 0.984 1    
66:   0.019 0.014 0.967 1    
67:   0.013 0.051 0.935 1    
68:   0.067 0.914 0.018 1    
69:   0.752 0.240 0.008 1    
70:   0.422 0.572 0.006 1    
71:   0.439 0.547 0.014 1    
72:   0.540 0.431 0.029 1    
73:   0.008 0.011 0.981 1    
74:   0.745 0.218 0.037 1    
75:   0.045 0.950 0.005 1    
76:   0.007 0.007 0.986 1    
77:   0.009 0.009 0.982 1    
78:   0.015 0.970 0.015 1    
79:   0.011 0.016 0.974 1    
80:   0.015 0.964 0.021 1    
81:   0.919 0.075 0.006 1    
82:   0.039 0.955 0.005 1    
83:   0.023 0.964 0.012 1    
84:   0.008 0.007 0.985 1    
85:   0.479 0.222 0.299 1    
86:   0.485 0.499 0.016 1    
87:   0.918 0.074 0.008 1    
88:   0.167 0.810 0.023 1    
89:   0.704 0.278 0.018 1    
90:   0.622 0.367 0.011 1    
91:   0.899 0.084 0.017 1    
92:   0.237 0.751 0.012 1    
93:   0.920 0.070 0.009 1    
94:   0.735 0.253 0.012 1    
95:   0.731 0.244 0.025 1    
96:   0.021 0.932 0.046 1    
97:   0.037 0.950 0.012 1    
98:   0.021 0.024 0.955 1    
99:   0.450 0.472 0.079 1    
100:  0.556 0.360 0.084 1    
101:  0.949 0.031 0.019 1    
102:  0.065 0.930 0.005 1    
103:  0.433 0.510 0.057 1    
104:  0.332 0.561 0.106 1    
105:  0.881 0.104 0.015 1    
106:  0.017 0.021 0.963 1    
107:  0.029 0.919 0.052 1    
108:  0.840 0.149 0.011 1    
109:  0.042 0.941 0.017 1    
110:  0.731 0.259 0.010 1    
111:  0.202 0.291 0.507 1    
112:  0.678 0.314 0.008 1    
113:  0.797 0.184 0.019 1    
114:  0.099 0.856 0.045 1    
115:  0.871 0.120 0.009 1    
116:  0.935 0.057 0.009 1    
117:  0.956 0.039 0.005 1    
118:  0.791 0.184 0.024 1    
119:  0.968 0.025 0.007 1    
120:  0.930 0.037 0.033 1    
121:  0.944 0.046 0.010 1    
122:  0.813 0.177 0.010 1    
123:  0.771 0.218 0.011 1    
124:  0.899 0.062 0.038 1    
125:  0.963 0.029 0.008 1    
126:  0.976 0.015 0.009 1    
127:  0.935 0.060 0.005 1    
128:  0.689 0.293 0.018 1    
129:  0.655 0.334 0.011 1    
130:  0.729 0.261 0.010 1    
131:  0.857 0.137 0.007 1    
132:  0.455 0.513 0.032 1    
133:  0.964 0.026 0.010 1    
134:  0.911 0.065 0.024 1    
135:  0.824 0.169 0.007 1    
136:  0.870 0.122 0.008 1    
137:  0.942 0.045 0.013 1    
138:  0.345 0.646 0.009 1    
139:  0.962 0.031 0.007 1    
140:  0.818 0.176 0.007 1    
141:  0.912 0.078 0.009 1    
142:  0.933 0.058 0.009 1    
143:  0.641 0.326 0.034 1    
144:  0.881 0.114 0.005 1    
145:  0.958 0.037 0.006 1    
146:  0.334 0.658 0.007 1    
147:  0.944 0.048 0.009 1    
148:  0.879 0.110 0.011 1    
149:  0.971 0.024 0.005 1    
150:  0.458 0.527 0.015 1    
151:  0.823 0.164 0.013 1    
152:  0.914 0.081 0.005 1    
153:  0.637 0.341 0.022 1    
154:  0.884 0.098 0.018 1    
155:  0.729 0.106 0.166 1    
156:  0.937 0.053 0.009 1    
157:  0.965 0.022 0.012 1    
158:  0.505 0.391 0.104 1    
159:  0.371 0.418 0.211 1    
160:  0.445 0.502 0.053 1    
161:  0.909 0.080 0.011 1    
162:  0.933 0.058 0.009 1    
163:  0.940 0.051 0.009 1    
164:  0.259 0.715 0.026 1    
165:  0.340 0.618 0.042 1    
166:  0.563 0.431 0.006 1    
167:  0.877 0.109 0.014 1    
168:  0.947 0.047 0.006 1    
169:  0.306 0.615 0.079 1    
170:  0.469 0.525 0.006 1    
171:  0.950 0.044 0.006 1    
172:  0.852 0.136 0.012 1    
              
              
1:    0.158 0.447 0.395 1    
2:    0.142 0.346 0.512 1    
3:    0.117 0.009 0.873 1    
4:    0.144 0.037 0.818 1    
5:    0.156 0.116 0.728 1    
6:    0.617 0.116 0.267 1    
7:    0.257 0.026 0.717 1    
8:    0.798 0.012 0.190 1    
9:    0.077 0.194 0.729 1    
10:   0.719 0.033 0.248 1    
11:   0.291 0.091 0.617 1    
12:   0.073 0.026 0.901 1    
13:   0.202 0.252 0.546 1    
14:   0.679 0.012 0.309 1    
15:   0.137 0.026 0.838 1    
16:   0.008 0.983 0.009 1    
17:   0.013 0.009 0.979 1    
18:   0.006 0.989 0.005 1    
19:   0.022 0.010 0.968 1    
20:   0.008 0.986 0.006 1    
21:   0.015 0.969 0.016 1    
22:   0.810 0.022 0.168 1    
23:   0.025 0.013 0.962 1    
24:   0.072 0.032 0.897 1    
25:   0.212 0.213 0.575 1    
26:   0.096 0.018 0.886 1    
27:   0.207 0.010 0.783 1    
28:   0.011 0.978 0.011 1    
29:   0.050 0.009 0.941 1    
30:   0.010 0.977 0.013 1    
31:   0.250 0.029 0.721 1    
32:   0.020 0.968 0.013 1    
33:   0.288 0.010 0.702 1    
34:   0.042 0.006 0.952 1    
35:   0.467 0.050 0.482 1    
36:   0.221 0.008 0.771 1    
37:   0.012 0.975 0.013 1    
38:   0.953 0.009 0.037 1    
39:   0.017 0.004 0.979 1    
40:   0.120 0.012 0.869 1    
41:   0.726 0.013 0.261 1    
42:   0.006 0.988 0.006 1    
43:   0.170 0.103 0.728 1    
44:   0.136 0.008 0.856 1    
45:   0.621 0.006 0.372 1    
46:   0.014 0.010 0.975 1    
47:   0.691 0.015 0.295 1    
48:   0.016 0.972 0.012 1    
49:   0.013 0.007 0.981 1    
50:   0.024 0.006 0.970 1    
51:   0.028 0.007 0.965 1    
52:   0.017 0.013 0.970 1    
53:   0.230 0.576 0.193 1    
54:   0.015 0.011 0.974 1    
55:   0.731 0.014 0.255 1    
56:   0.928 0.007 0.065 1    
57:   0.888 0.012 0.100 1    
58:   0.006 0.987 0.007 1    
59:   0.034 0.955 0.011 1    
60:   0.032 0.011 0.957 1    
61:   0.017 0.006 0.977 1    
62:   0.458 0.010 0.532 1    
63:   0.895 0.005 0.099 1    
64:   0.041 0.022 0.937 1    
65:   0.009 0.984 0.007 1    
66:   0.020 0.965 0.015 1    
67:   0.015 0.934 0.051 1    
68:   0.073 0.018 0.909 1    
69:   0.752 0.008 0.240 1    
70:   0.416 0.006 0.578 1    
71:   0.473 0.016 0.511 1    
72:   0.542 0.027 0.431 1    
73:   0.009 0.980 0.011 1    
74:   0.751 0.037 0.212 1    
75:   0.051 0.005 0.944 1    
76:   0.007 0.986 0.007 1    
77:   0.009 0.983 0.008 1    
78:   0.014 0.016 0.970 1    
79:   0.010 0.974 0.016 1    
80:   0.014 0.022 0.964 1    
81:   0.933 0.006 0.061 1    
82:   0.035 0.005 0.960 1    
83:   0.021 0.012 0.967 1    
84:   0.009 0.984 0.007 1    
85:   0.474 0.300 0.226 1    
86:   0.527 0.016 0.457 1    
87:   0.933 0.008 0.058 1    
88:   0.164 0.023 0.813 1    
89:   0.712 0.018 0.270 1    
90:   0.608 0.012 0.380 1    
91:   0.910 0.015 0.074 1    
92:   0.218 0.011 0.770 1    
93:   0.929 0.009 0.063 1    
94:   0.733 0.013 0.255 1    
95:   0.737 0.025 0.238 1    
96:   0.020 0.048 0.932 1    
97:   0.034 0.012 0.954 1    
98:   0.021 0.956 0.023 1    
99:   0.465 0.074 0.461 1    
100:  0.575 0.090 0.335 1    
101:  0.951 0.021 0.027 1    
102:  0.062 0.005 0.933 1    
103:  0.451 0.060 0.489 1    
104:  0.353 0.112 0.535 1    
105:  0.885 0.016 0.099 1    
106:  0.016 0.964 0.020 1    
107:  0.032 0.054 0.914 1    
108:  0.834 0.010 0.156 1    
109:  0.040 0.019 0.941 1    
110:  0.728 0.010 0.262 1    
111:  0.197 0.491 0.312 1    
112:  0.711 0.008 0.281 1    
113:  0.793 0.020 0.187 1    
114:  0.088 0.043 0.869 1    
115:  0.875 0.008 0.117 1    
116:  0.938 0.009 0.053 1    
117:  0.955 0.005 0.039 1    
118:  0.810 0.025 0.165 1    
119:  0.971 0.007 0.022 1    
120:  0.929 0.035 0.036 1    
121:  0.943 0.010 0.047 1    
122:  0.821 0.010 0.168 1    
123:  0.780 0.012 0.208 1    
124:  0.902 0.038 0.060 1    
125:  0.961 0.008 0.031 1    
126:  0.977 0.008 0.015 1    
127:  0.932 0.005 0.063 1    
128:  0.713 0.018 0.269 1    
129:  0.677 0.011 0.312 1    
130:  0.723 0.011 0.266 1    
131:  0.857 0.007 0.136 1    
132:  0.503 0.031 0.466 1    
133:  0.968 0.010 0.023 1    
134:  0.922 0.023 0.055 1    
135:  0.819 0.007 0.173 1    
136:  0.865 0.008 0.127 1    
137:  0.953 0.013 0.034 1    
138:  0.356 0.009 0.635 1    
139:  0.956 0.007 0.037 1    
140:  0.825 0.007 0.167 1    
141:  0.911 0.010 0.079 1    
142:  0.937 0.009 0.055 1    
143:  0.646 0.036 0.319 1    
144:  0.887 0.005 0.107 1    
145:  0.957 0.006 0.038 1    
146:  0.331 0.007 0.663 1    
147:  0.950 0.009 0.041 1    
148:  0.869 0.011 0.121 1    
149:  0.962 0.005 0.034 1    
150:  0.452 0.015 0.533 1    
151:  0.829 0.013 0.158 1    
152:  0.925 0.005 0.070 1    
153:  0.641 0.022 0.337 1    
154:  0.891 0.019 0.091 1    
155:  0.736 0.166 0.098 1    
156:  0.942 0.009 0.048 1    
157:  0.968 0.012 0.020 1    
158:  0.539 0.107 0.354 1    
159:  0.400 0.197 0.403 1    
160:  0.488 0.049 0.463 1    
161:  0.924 0.010 0.066 1    
162:  0.950 0.009 0.041 1    
163:  0.961 0.009 0.030 1    
164:  0.272 0.027 0.701 1    
165:  0.332 0.040 0.628 1    
166:  0.590 0.006 0.404 1    
167:  0.890 0.015 0.095 1    
168:  0.962 0.006 0.031 1    
169:  0.288 0.076 0.636 1    
170:  0.499 0.007 0.494 1    
171:  0.962 0.007 0.031 1    
172:  0.862 0.012 0.126 1    
              
              
1:    0.208 0.337 0.456 1    
2:    0.183 0.455 0.362 1    
3:    0.212 0.779 0.010 1    
4:    0.245 0.718 0.037 1    
5:    0.267 0.614 0.119 1    
6:    0.663 0.238 0.099 1    
7:    0.353 0.623 0.024 1    
8:    0.814 0.175 0.011 1    
9:    0.134 0.656 0.210 1    
10:   0.730 0.237 0.032 1    
11:   0.360 0.549 0.091 1    
12:   0.139 0.831 0.030 1    
13:   0.262 0.485 0.253 1    
14:   0.712 0.276 0.012 1    
15:   0.230 0.744 0.025 1    
16:   0.008 0.008 0.983 1    
17:   0.015 0.976 0.009 1    
18:   0.006 0.005 0.989 1    
19:   0.025 0.964 0.011 1    
20:   0.008 0.006 0.986 1    
21:   0.015 0.017 0.968 1    
22:   0.780 0.197 0.024 1    
23:   0.026 0.963 0.012 1    
24:   0.080 0.890 0.030 1    
25:   0.255 0.527 0.218 1    
26:   0.098 0.884 0.018 1    
27:   0.173 0.818 0.009 1    
28:   0.011 0.012 0.977 1    
29:   0.041 0.950 0.009 1    
30:   0.009 0.013 0.978 1    
31:   0.288 0.681 0.031 1    
32:   0.019 0.013 0.968 1    
33:   0.318 0.673 0.009 1    
34:   0.041 0.953 0.006 1    
35:   0.565 0.386 0.049 1    
36:   0.206 0.786 0.008 1    
37:   0.011 0.014 0.975 1    
38:   0.919 0.072 0.010 1    
39:   0.018 0.977 0.005 1    
40:   0.104 0.884 0.012 1    
41:   0.731 0.255 0.014 1    
42:   0.005 0.006 0.988 1    
43:   0.181 0.713 0.106 1    
44:   0.170 0.823 0.007 1    
45:   0.665 0.328 0.006 1    
46:   0.016 0.974 0.010 1    
47:   0.593 0.391 0.016 1    
48:   0.016 0.012 0.971 1    
49:   0.012 0.982 0.006 1    
50:   0.029 0.965 0.006 1    
51:   0.046 0.947 0.007 1    
52:   0.014 0.973 0.013 1    
53:   0.242 0.180 0.578 1    
54:   0.022 0.966 0.012 1    
55:   0.775 0.210 0.014 1    
56:   0.932 0.060 0.008 1    
57:   0.860 0.129 0.011 1    
58:   0.006 0.007 0.987 1    
59:   0.032 0.014 0.953 1    
60:   0.040 0.950 0.010 1    
61:   0.019 0.975 0.006 1    
62:   0.462 0.528 0.010 1    
63:   0.881 0.114 0.005 1    
64:   0.065 0.911 0.024 1    
65:   0.010 0.007 0.983 1    
66:   0.020 0.015 0.965 1    
67:   0.015 0.056 0.929 1    
68:   0.101 0.882 0.017 1    
69:   0.747 0.245 0.008 1    
70:   0.344 0.650 0.006 1    
71:   0.576 0.410 0.014 1    
72:   0.548 0.424 0.028 1    
73:   0.009 0.011 0.980 1    
74:   0.737 0.223 0.040 1    
75:   0.042 0.953 0.005 1    
76:   0.007 0.007 0.986 1    
77:   0.009 0.009 0.982 1    
78:   0.016 0.968 0.017 1    
79:   0.010 0.016 0.973 1    
80:   0.022 0.951 0.027 1    
81:   0.899 0.096 0.005 1    
82:   0.046 0.949 0.005 1    
83:   0.035 0.953 0.012 1    
84:   0.009 0.007 0.984 1    
85:   0.472 0.235 0.292 1    
86:   0.449 0.536 0.015 1    
87:   0.860 0.131 0.009 1    
88:   0.154 0.824 0.022 1    
89:   0.720 0.262 0.018 1    
90:   0.648 0.340 0.012 1    
91:   0.869 0.114 0.017 1    
92:   0.207 0.782 0.011 1    
93:   0.906 0.086 0.008 1    
94:   0.753 0.235 0.012 1    
95:   0.671 0.302 0.027 1    
96:   0.022 0.931 0.047 1    
97:   0.036 0.953 0.012 1    
98:   0.021 0.021 0.958 1    
99:   0.485 0.438 0.076 1    
100:  0.625 0.293 0.082 1    
101:  0.947 0.033 0.020 1    
102:  0.061 0.934 0.005 1    
103:  0.485 0.458 0.057 1    
104:  0.469 0.421 0.110 1    
105:  0.893 0.094 0.014 1    
106:  0.018 0.017 0.965 1    
107:  0.037 0.908 0.055 1    
108:  0.816 0.174 0.010 1    
109:  0.042 0.939 0.019 1    
110:  0.674 0.315 0.011 1    
111:  0.203 0.284 0.513 1    
112:  0.664 0.328 0.008 1    
113:  0.789 0.191 0.020 1    
114:  0.100 0.855 0.045 1    
115:  0.876 0.116 0.009 1    
116:  0.921 0.070 0.008 1    
117:  0.935 0.060 0.005 1    
118:  0.814 0.163 0.023 1    
119:  0.963 0.030 0.007 1    
120:  0.936 0.032 0.032 1    
121:  0.941 0.049 0.010 1    
122:  0.780 0.210 0.010 1    
123:  0.724 0.265 0.012 1    
124:  0.899 0.062 0.038 1    
125:  0.963 0.029 0.008 1    
126:  0.971 0.021 0.008 1    
127:  0.935 0.060 0.005 1    
128:  0.647 0.335 0.018 1    
129:  0.613 0.375 0.012 1    
130:  0.738 0.252 0.010 1    
131:  0.846 0.148 0.006 1    
132:  0.527 0.441 0.032 1    
133:  0.960 0.029 0.010 1    
134:  0.916 0.062 0.021 1    
135:  0.779 0.214 0.007 1    
136:  0.860 0.131 0.009 1    
137:  0.875 0.111 0.014 1    
138:  0.342 0.649 0.009 1    
139:  0.954 0.039 0.007 1    
140:  0.806 0.187 0.007 1    
141:  0.902 0.089 0.009 1    
142:  0.922 0.069 0.008 1    
143:  0.688 0.277 0.035 1    
144:  0.873 0.121 0.005 1    
145:  0.946 0.048 0.006 1    
146:  0.275 0.718 0.007 1    
147:  0.930 0.061 0.008 1    
148:  0.835 0.154 0.011 1    
149:  0.954 0.042 0.005 1    
150:  0.508 0.477 0.015 1    
151:  0.780 0.205 0.015 1    
152:  0.862 0.132 0.005 1    
153:  0.586 0.393 0.022 1    
154:  0.850 0.131 0.018 1    
155:  0.753 0.085 0.162 1    
156:  0.914 0.076 0.010 1    
157:  0.966 0.023 0.011 1    
158:  0.571 0.325 0.104 1    
159:  0.334 0.474 0.192 1    
160:  0.397 0.552 0.051 1    
161:  0.824 0.166 0.010 1    
162:  0.855 0.136 0.009 1    
163:  0.862 0.128 0.010 1    
164:  0.280 0.694 0.027 1    
165:  0.295 0.665 0.040 1    
166:  0.585 0.409 0.005 1    
167:  0.868 0.118 0.014 1    
168:  0.879 0.114 0.006 1    
169:  0.282 0.644 0.074 1    
170:  0.458 0.535 0.007 1    
171:  0.880 0.113 0.007 1    
172:  0.854 0.134 0.012 1    
