  1:   0.1638  0.3936  0.4426  1
  2:   0.1380  0.5150  0.3470  1
  3:   0.1070  0.8850  0.0080  1
  4:   0.1310  0.8330  0.0360  1
  5:   0.1371  0.7477  0.1151  1
  6:   0.5880  0.3040  0.1080  1
  7:   0.2182  0.7558  0.0260  1
  8:   0.7822  0.2058  0.0120  1
  9:   0.0680  0.7510  0.1810  1
 10:   0.6930  0.2730  0.0340  1
 11:   0.2700  0.6440  0.0860  1
 12:   0.0691  0.9069  0.0240  1
 13:   0.1900  0.5570  0.2530  1
 14:   0.6640  0.3240  0.0120  1
 15:   0.1330  0.8450  0.0220  1
 16:   0.0080  0.0090  0.9830  1
 17:   0.0150  0.9760  0.0090  1
 18:   0.0060  0.0050  0.9890  1
 19:   0.0200  0.9700  0.0100  1
 20:   0.0080  0.0060  0.9860  1
 21:   0.0150  0.0160  0.9690  1
 22:   0.7980  0.1810  0.0210  1
 23:   0.0240  0.9640  0.0120  1
 24:   0.0710  0.8940  0.0350  1
 25:   0.2200  0.5670  0.2130  1
 26:   0.0950  0.8880  0.0170  1
 27:   0.2150  0.7750  0.0100  1
 28:   0.0110  0.0120  0.9770  1
 29:   0.0520  0.9390  0.0090  1
 30:   0.0090  0.0140  0.9770  1
 31:   0.2503  0.7217  0.0280  1
 32:   0.0190  0.0130  0.9680  1
 33:   0.2850  0.7060  0.0090  1
 34:   0.0440  0.9500  0.0060  1
 35:   0.4520  0.4970  0.0510  1
 36:   0.2420  0.7490  0.0090  1
 37:   0.0110  0.0140  0.9750  1
 38:   0.9530  0.0380  0.0090  1
 39:   0.0170  0.9790  0.0040  1
 40:   0.1310  0.8580  0.0110  1
 41:   0.7210  0.2660  0.0130  1
 42:   0.0060  0.0060  0.9880  1
 43:   0.1680  0.7260  0.1060  1
 44:   0.1441  0.8488  0.0070  1
 45:   0.6320  0.3620  0.0060  1
 46:   0.0150  0.9760  0.0090  1
 47:   0.6593  0.3237  0.0170  1
 48:   0.0160  0.0110  0.9730  1
 49:   0.0130  0.9810  0.0060  1
 50:   0.0230  0.9700  0.0070  1
 51:   0.0290  0.9640  0.0070  1
 52:   0.0170  0.9690  0.0140  1
 53:   0.2212  0.2012  0.5776  1
 54:   0.0170  0.9720  0.0110  1
 55:   0.7240  0.2600  0.0160  1
 56:   0.9300  0.0630  0.0070  1
 57:   0.8750  0.1130  0.0120  1
 58:   0.0070  0.0060  0.9870  1
 59:   0.0330  0.0120  0.9550  1
 60:   0.0370  0.9530  0.0100  1
 61:   0.0150  0.9790  0.0060  1
 62:   0.4210  0.5700  0.0090  1
 63:   0.9020  0.0930  0.0050  1
 64:   0.0410  0.9370  0.0220  1
 65:   0.0110  0.0080  0.9810  1
 66:   0.0190  0.0150  0.9660  1
 67:   0.0150  0.0570  0.9280  1
 68:   0.0680  0.9150  0.0170  1
 69:   0.7490  0.2430  0.0080  1
 70:   0.4220  0.5720  0.0060  1
 71:   0.4600  0.5260  0.0140  1
 72:   0.5310  0.4410  0.0280  1
 73:   0.0080  0.0120  0.9800  1
 74:   0.7470  0.2170  0.0360  1
 75:   0.0520  0.9430  0.0050  1
 76:   0.0060  0.0070  0.9870  1
 77:   0.0100  0.0090  0.9810  1
 78:   0.0160  0.9690  0.0150  1
 79:   0.0100  0.0160  0.9740  1
 80:   0.0130  0.9670  0.0200  1
 81:   0.9340  0.0610  0.0050  1
 82:   0.0420  0.9530  0.0050  1
 83:   0.0180  0.9700  0.0120  1
 84:   0.0090  0.0070  0.9840  1
 85:   0.4760  0.2250  0.2990  1
 86:   0.5235  0.4595  0.0170  1
 87:   0.9300  0.0610  0.0090  1
 88:   0.1489  0.8282  0.0230  1
 89:   0.7223  0.2607  0.0170  1
 90:   0.6014  0.3866  0.0120  1
 91:   0.9080  0.0760  0.0160  1
 92:   0.2342  0.7548  0.0110  1
 93:   0.9280  0.0630  0.0090  1
 94:   0.7200  0.2680  0.0120  1
 95:   0.7650  0.2120  0.0230  1
 96:   0.0210  0.9300  0.0490  1
 97:   0.0340  0.9550  0.0110  1
 98:   0.0210  0.0230  0.9560  1
 99:   0.4555  0.4695  0.0751  1
100:   0.5550  0.3610  0.0840  1
101:   0.9510  0.0280  0.0210  1
102:   0.0680  0.9270  0.0050  1
103:   0.4224  0.5195  0.0581  1
104:   0.3400  0.5550  0.1050  1
105:   0.8969  0.0901  0.0130  1
106:   0.0170  0.0200  0.9630  1
107:   0.0300  0.9180  0.0520  1
108:   0.8330  0.1560  0.0110  1
109:   0.0380  0.9429  0.0190  1
110:   0.7357  0.2533  0.0110  1
111:   0.2090  0.2990  0.4920  1
112:   0.7030  0.2890  0.0080  1
113:   0.7960  0.1840  0.0200  1
114:   0.0920  0.8670  0.0410  1
115:   0.8840  0.1070  0.0090  1
116:   0.9369  0.0551  0.0080  1
117:   0.9570  0.0380  0.0050  1
118:   0.7900  0.1850  0.0250  1
119:   0.9620  0.0300  0.0080  1
120:   0.9290  0.0370  0.0340  1
121:   0.9440  0.0460  0.0100  1
122:   0.8288  0.1612  0.0100  1
123:   0.7792  0.2088  0.0120  1
124:   0.8970  0.0610  0.0420  1
125:   0.9600  0.0320  0.0080  1
126:   0.9760  0.0160  0.0080  1
127:   0.9339  0.0611  0.0050  1
128:   0.7067  0.2763  0.0170  1
129:   0.6840  0.3050  0.0110  1
130:   0.7390  0.2510  0.0100  1
131:   0.8630  0.1310  0.0060  1
132:   0.4640  0.5050  0.0310  1
133:   0.9660  0.0240  0.0100  1
134:   0.9099  0.0671  0.0230  1
135:   0.8430  0.1500  0.0070  1
136:   0.8800  0.1120  0.0080  1
137:   0.9610  0.0260  0.0130  1
138:   0.3620  0.6290  0.0090  1
139:   0.9520  0.0400  0.0080  1
140:   0.8240  0.1690  0.0070  1
141:   0.9160  0.0750  0.0090  1
142:   0.9330  0.0580  0.0090  1
143:   0.6390  0.3270  0.0340  1
144:   0.8879  0.1071  0.0050  1
145:   0.9560  0.0380  0.0060  1
146:   0.3440  0.6490  0.0070  1
147:   0.9500  0.0420  0.0080  1
148:   0.8830  0.1060  0.0110  1
149:   0.9650  0.0300  0.0050  1
150:   0.4430  0.5430  0.0140  1
151:   0.8350  0.1510  0.0140  1
152:   0.9230  0.0720  0.0050  1
153:   0.6547  0.3233  0.0220  1
154:   0.8979  0.0841  0.0180  1
155:   0.7450  0.0920  0.1630  1
156:   0.9420  0.0480  0.0100  1
157:   0.9650  0.0230  0.0120  1
158:   0.5200  0.3720  0.1080  1
159:   0.3940  0.3970  0.2090  1
160:   0.4915  0.4595  0.0490  1
161:   0.9250  0.0650  0.0100  1
162:   0.9540  0.0380  0.0080  1
163:   0.9610  0.0300  0.0090  1
164:   0.2603  0.7147  0.0250  1
165:   0.3420  0.6130  0.0450  1
166:   0.5566  0.4384  0.0050  1
167:   0.8960  0.0890  0.0150  1
168:   0.9600  0.0340  0.0060  1
169:   0.3047  0.6144  0.0809  1
170:   0.4870  0.5060  0.0070  1
171:   0.9670  0.0260  0.0070  1
172:   0.8669  0.1211  0.0120  1

  1:   0.1798  0.3736  0.4466  1
  2:   0.1430  0.5090  0.3480  1
  3:   0.1160  0.8760  0.0080  1
  4:   0.1361  0.8298  0.0340  1
  5:   0.1440  0.7470  0.1090  1
  6:   0.5804  0.3107  0.1089  1
  7:   0.2290  0.7480  0.0230  1
  8:   0.7852  0.2028  0.0120  1
  9:   0.0760  0.7520  0.1720  1
 10:   0.6870  0.2810  0.0320  1
 11:   0.2690  0.6440  0.0870  1
 12:   0.0799  0.8951  0.0250  1
 13:   0.2020  0.5520  0.2460  1
 14:   0.6603  0.3277  0.0120  1
 15:   0.1400  0.8380  0.0220  1
 16:   0.0070  0.0090  0.9840  1
 17:   0.0140  0.9770  0.0090  1
 18:   0.0050  0.0050  0.9900  1
 19:   0.0250  0.9650  0.0100  1
 20:   0.0080  0.0060  0.9860  1
 21:   0.0130  0.0160  0.9710  1
 22:   0.8198  0.1602  0.0200  1
 23:   0.0260  0.9620  0.0120  1
 24:   0.0790  0.8870  0.0340  1
 25:   0.2100  0.5870  0.2030  1
 26:   0.0900  0.8920  0.0180  1
 27:   0.2190  0.7720  0.0090  1
 28:   0.0110  0.0120  0.9770  1
 29:   0.0610  0.9300  0.0090  1
 30:   0.0080  0.0130  0.9790  1
 31:   0.2540  0.7200  0.0260  1
 32:   0.0190  0.0120  0.9690  1
 33:   0.3030  0.6880  0.0090  1
 34:   0.0530  0.9410  0.0060  1
 35:   0.4380  0.5100  0.0520  1
 36:   0.2520  0.7400  0.0080  1
 37:   0.0120  0.0130  0.9750  1
 38:   0.9520  0.0390  0.0090  1
 39:   0.0160  0.9790  0.0050  1
 40:   0.1181  0.8709  0.0110  1
 41:   0.7100  0.2780  0.0120  1
 42:   0.0060  0.0060  0.9880  1
 43:   0.1800  0.7120  0.1080  1
 44:   0.1460  0.8470  0.0070  1
 45:   0.6250  0.3690  0.0060  1
 46:   0.0150  0.9750  0.0100  1
 47:   0.6630  0.3220  0.0150  1
 48:   0.0150  0.0120  0.9730  1
 49:   0.0130  0.9810  0.0060  1
 50:   0.0230  0.9710  0.0060  1
 51:   0.0260  0.9680  0.0060  1
 52:   0.0130  0.9740  0.0130  1
 53:   0.2422  0.1862  0.5716  1
 54:   0.0160  0.9730  0.0110  1
 55:   0.7263  0.2587  0.0150  1
 56:   0.9301  0.0619  0.0080  1
 57:   0.8870  0.1010  0.0120  1
 58:   0.0060  0.0060  0.9880  1
 59:   0.0320  0.0130  0.9550  1
 60:   0.0440  0.9460  0.0100  1
 61:   0.0170  0.9770  0.0060  1
 62:   0.4260  0.5640  0.0100  1
 63:   0.9079  0.0871  0.0050  1
 64:   0.0430  0.9360  0.0210  1
 65:   0.0090  0.0070  0.9840  1
 66:   0.0190  0.0140  0.9670  1
 67:   0.0150  0.0500  0.9350  1
 68:   0.0810  0.9020  0.0170  1
 69:   0.7610  0.2310  0.0080  1
 70:   0.4510  0.5430  0.0060  1
 71:   0.4480  0.5380  0.0140  1
 72:   0.5410  0.4320  0.0270  1
 73:   0.0090  0.0120  0.9790  1
 74:   0.7602  0.2028  0.0370  1
 75:   0.0510  0.9440  0.0050  1
 76:   0.0060  0.0070  0.9870  1
 77:   0.0090  0.0090  0.9820  1
 78:   0.0140  0.9720  0.0140  1
 79:   0.0100  0.0150  0.9750  1
 80:   0.0140  0.9650  0.0210  1
 81:   0.9389  0.0561  0.0050  1
 82:   0.0410  0.9540  0.0050  1
 83:   0.0210  0.9670  0.0120  1
 84:   0.0080  0.0070  0.9850  1
 85:   0.4645  0.2372  0.2983  1
 86:   0.5110  0.4730  0.0160  1
 87:   0.9321  0.0589  0.0090  1
 88:   0.1652  0.8138  0.0210  1
 89:   0.7080  0.2740  0.0180  1
 90:   0.6044  0.3846  0.0110  1
 91:   0.9050  0.0800  0.0150  1
 92:   0.2600  0.7290  0.0110  1
 93:   0.9290  0.0630  0.0080  1
 94:   0.7230  0.2650  0.0120  1
 95:   0.7552  0.2228  0.0220  1
 96:   0.0220  0.9310  0.0470  1
 97:   0.0390  0.9481  0.0130  1
 98:   0.0210  0.0210  0.9580  1
 99:   0.4575  0.4695  0.0729  1
100:   0.5490  0.3660  0.0850  1
101:   0.9510  0.0280  0.0210  1
102:   0.0670  0.9280  0.0050  1
103:   0.4130  0.5300  0.0570  1
104:   0.3287  0.5594  0.1119  1
105:   0.8869  0.0981  0.0150  1
106:   0.0160  0.0200  0.9640  1
107:   0.0280  0.9189  0.0531  1
108:   0.8200  0.1710  0.0090  1
109:   0.0380  0.9430  0.0190  1
110:   0.7420  0.2480  0.0100  1
111:   0.2100  0.2990  0.4910  1
112:   0.7110  0.2810  0.0080  1
113:   0.8080  0.1730  0.0190  1
114:   0.0900  0.8700  0.0400  1
115:   0.8790  0.1130  0.0080  1
116:   0.9380  0.0540  0.0080  1
117:   0.9520  0.0430  0.0050  1
118:   0.7750  0.2010  0.0240  1
119:   0.9690  0.0240  0.0070  1
120:   0.9300  0.0380  0.0320  1
121:   0.9430  0.0480  0.0090  1
122:   0.8200  0.1710  0.0090  1
123:   0.7868  0.2022  0.0110  1
124:   0.9029  0.0611  0.0360  1
125:   0.9640  0.0280  0.0080  1
126:   0.9760  0.0160  0.0080  1
127:   0.9320  0.0630  0.0050  1
128:   0.6823  0.2987  0.0190  1
129:   0.6670  0.3220  0.0110  1
130:   0.7257  0.2643  0.0100  1
131:   0.8539  0.1401  0.0060  1
132:   0.4420  0.5280  0.0300  1
133:   0.9650  0.0250  0.0100  1
134:   0.9050  0.0700  0.0250  1
135:   0.8340  0.1590  0.0070  1
136:   0.8650  0.1270  0.0080  1
137:   0.9481  0.0400  0.0120  1
138:   0.3690  0.6220  0.0090  1
139:   0.9590  0.0350  0.0060  1
140:   0.8310  0.1630  0.0060  1
141:   0.9099  0.0811  0.0090  1
142:   0.9400  0.0510  0.0090  1
143:   0.6600  0.3060  0.0340  1
144:   0.8710  0.1240  0.0050  1
145:   0.9570  0.0370  0.0060  1
146:   0.3500  0.6430  0.0070  1
147:   0.9510  0.0400  0.0090  1
148:   0.8820  0.1070  0.0110  1
149:   0.9690  0.0260  0.0050  1
150:   0.4550  0.5300  0.0150  1
151:   0.8310  0.1560  0.0130  1
152:   0.9181  0.0769  0.0050  1
153:   0.6517  0.3273  0.0210  1
154:   0.8929  0.0891  0.0180  1
155:   0.7490  0.0910  0.1600  1
156:   0.9370  0.0540  0.0090  1
157:   0.9680  0.0210  0.0110  1
158:   0.5040  0.3860  0.1100  1
159:   0.4090  0.3970  0.1940  1
160:   0.4905  0.4595  0.0501  1
161:   0.9150  0.0750  0.0100  1
162:   0.9370  0.0550  0.0080  1
163:   0.9490  0.0420  0.0090  1
164:   0.2640  0.7090  0.0270  1
165:   0.3524  0.6036  0.0440  1
166:   0.5700  0.4240  0.0060  1
167:   0.8940  0.0930  0.0130  1
168:   0.9520  0.0420  0.0060  1
169:   0.3050  0.6120  0.0830  1
170:   0.5000  0.4940  0.0060  1
171:   0.9580  0.0360  0.0060  1
172:   0.8721  0.1159  0.0120  1

  1:   0.1760  0.3730  0.4510  1
  2:   0.1570  0.5000  0.3430  1
  3:   0.1270  0.8640  0.0090  1
  4:   0.1499  0.8132  0.0370  1
  5:   0.1600  0.7240  0.1160  1
  6:   0.5880  0.2980  0.1140  1
  7:   0.2430  0.7300  0.0270  1
  8:   0.8000  0.1880  0.0120  1
  9:   0.0890  0.7250  0.1860  1
 10:   0.7050  0.2620  0.0330  1
 11:   0.2773  0.6356  0.0871  1
 12:   0.0790  0.8940  0.0270  1
 13:   0.2130  0.5330  0.2540  1
 14:   0.6827  0.3053  0.0120  1
 15:   0.1430  0.8340  0.0230  1
 16:   0.0070  0.0090  0.9840  1
 17:   0.0140  0.9770  0.0090  1
 18:   0.0060  0.0050  0.9890  1
 19:   0.0210  0.9690  0.0100  1
 20:   0.0080  0.0060  0.9860  1
 21:   0.0140  0.0170  0.9690  1
 22:   0.7810  0.1970  0.0220  1
 23:   0.0240  0.9630  0.0130  1
 24:   0.0780  0.8890  0.0330  1
 25:   0.2250  0.5640  0.2110  1
 26:   0.0940  0.8860  0.0200  1
 27:   0.2330  0.7570  0.0100  1
 28:   0.0110  0.0120  0.9770  1
 29:   0.0480  0.9420  0.0100  1
 30:   0.0090  0.0130  0.9780  1
 31:   0.2348  0.7373  0.0280  1
 32:   0.0210  0.0130  0.9660  1
 33:   0.2770  0.7140  0.0090  1
 34:   0.0490  0.9450  0.0060  1
 35:   0.4314  0.5185  0.0501  1
 36:   0.2350  0.7570  0.0080  1
 37:   0.0110  0.0130  0.9760  1
 38:   0.9530  0.0380  0.0090  1
 39:   0.0190  0.9760  0.0050  1
 40:   0.1110  0.8770  0.0120  1
 41:   0.7287  0.2583  0.0130  1
 42:   0.0060  0.0060  0.9880  1
 43:   0.1740  0.7140  0.1120  1
 44:   0.1518  0.8402  0.0080  1
 45:   0.6330  0.3610  0.0060  1
 46:   0.0160  0.9740  0.0100  1
 47:   0.6480  0.3370  0.0150  1
 48:   0.0150  0.0110  0.9740  1
 49:   0.0130  0.9810  0.0060  1
 50:   0.0260  0.9670  0.0070  1
 51:   0.0290  0.9640  0.0070  1
 52:   0.0140  0.9730  0.0130  1
 53:   0.2420  0.1770  0.5810  1
 54:   0.0160  0.9720  0.0120  1
 55:   0.7510  0.2340  0.0150  1
 56:   0.9260  0.0670  0.0070  1
 57:   0.8760  0.1130  0.0110  1
 58:   0.0070  0.0070  0.9860  1
 59:   0.0320  0.0130  0.9550  1
 60:   0.0400  0.9490  0.0110  1
 61:   0.0150  0.9790  0.0060  1
 62:   0.4394  0.5506  0.0100  1
 63:   0.8919  0.1031  0.0050  1
 64:   0.0410  0.9359  0.0230  1
 65:   0.0090  0.0070  0.9840  1
 66:   0.0190  0.0140  0.9670  1
 67:   0.0130  0.0511  0.9359  1
 68:   0.0671  0.9149  0.0180  1
 69:   0.7520  0.2400  0.0080  1
 70:   0.4220  0.5720  0.0060  1
 71:   0.4390  0.5470  0.0140  1
 72:   0.5400  0.4310  0.0290  1
 73:   0.0080  0.0110  0.9810  1
 74:   0.7450  0.2180  0.0370  1
 75:   0.0450  0.9500  0.0050  1
 76:   0.0070  0.0070  0.9860  1
 77:   0.0090  0.0090  0.9820  1
 78:   0.0150  0.9700  0.0150  1
 79:   0.0110  0.0160  0.9730  1
 80:   0.0150  0.9640  0.0210  1
 81:   0.9190  0.0750  0.0060  1
 82:   0.0390  0.9560  0.0050  1
 83:   0.0230  0.9650  0.0120  1
 84:   0.0080  0.0070  0.9850  1
 85:   0.4790  0.2220  0.2990  1
 86:   0.4850  0.4990  0.0160  1
 87:   0.9180  0.0740  0.0080  1
 88:   0.1670  0.8100  0.0230  1
 89:   0.7040  0.2780  0.0180  1
 90:   0.6220  0.3670  0.0110  1
 91:   0.8990  0.0840  0.0170  1
 92:   0.2370  0.7510  0.0120  1
 93:   0.9209  0.0701  0.0090  1
 94:   0.7350  0.2530  0.0120  1
 95:   0.7310  0.2440  0.0250  1
 96:   0.0210  0.9329  0.0460  1
 97:   0.0370  0.9510  0.0120  1
 98:   0.0210  0.0240  0.9550  1
 99:   0.4496  0.4715  0.0789  1
100:   0.5560  0.3600  0.0840  1
101:   0.9499  0.0310  0.0190  1
102:   0.0650  0.9300  0.0050  1
103:   0.4330  0.5100  0.0570  1
104:   0.3323  0.5616  0.1061  1
105:   0.8810  0.1040  0.0150  1
106:   0.0170  0.0210  0.9620  1
107:   0.0290  0.9190  0.0520  1
108:   0.8400  0.1490  0.0110  1
109:   0.0420  0.9410  0.0170  1
110:   0.7310  0.2590  0.0100  1
111:   0.2020  0.2910  0.5070  1
112:   0.6780  0.3140  0.0080  1
113:   0.7970  0.1840  0.0190  1
114:   0.0990  0.8560  0.0450  1
115:   0.8710  0.1200  0.0090  1
116:   0.9341  0.0569  0.0090  1
117:   0.9560  0.0390  0.0050  1
118:   0.7918  0.1842  0.0240  1
119:   0.9680  0.0250  0.0070  1
120:   0.9300  0.0370  0.0330  1
121:   0.9440  0.0460  0.0100  1
122:   0.8130  0.1770  0.0100  1
123:   0.7710  0.2180  0.0110  1
124:   0.8999  0.0621  0.0380  1
125:   0.9630  0.0290  0.0080  1
126:   0.9760  0.0150  0.0090  1
127:   0.9350  0.0600  0.0050  1
128:   0.6890  0.2930  0.0180  1
129:   0.6550  0.3340  0.0110  1
130:   0.7290  0.2610  0.0100  1
131:   0.8561  0.1369  0.0070  1
132:   0.4550  0.5130  0.0320  1
133:   0.9640  0.0260  0.0100  1
134:   0.9110  0.0650  0.0240  1
135:   0.8240  0.1690  0.0070  1
136:   0.8700  0.1220  0.0080  1
137:   0.9420  0.0450  0.0130  1
138:   0.3450  0.6460  0.0090  1
139:   0.9620  0.0310  0.0070  1
140:   0.8172  0.1758  0.0070  1
141:   0.9129  0.0781  0.0090  1
142:   0.9330  0.0580  0.0090  1
143:   0.6404  0.3257  0.0340  1
144:   0.8810  0.1140  0.0050  1
145:   0.9570  0.0370  0.0060  1
146:   0.3343  0.6587  0.0070  1
147:   0.9431  0.0480  0.0090  1
148:   0.8790  0.1100  0.0110  1
149:   0.9710  0.0240  0.0050  1
150:   0.4580  0.5270  0.0150  1
151:   0.8230  0.1640  0.0130  1
152:   0.9140  0.0810  0.0050  1
153:   0.6370  0.3410  0.0220  1
154:   0.8840  0.0980  0.0180  1
155:   0.7283  0.1059  0.1658  1
156:   0.9379  0.0531  0.0090  1
157:   0.9660  0.0220  0.0120  1
158:   0.5050  0.3910  0.1040  1
159:   0.3710  0.4180  0.2110  1
160:   0.4450  0.5020  0.0530  1
161:   0.9090  0.0800  0.0110  1
162:   0.9330  0.0580  0.0090  1
163:   0.9400  0.0510  0.0090  1
164:   0.2590  0.7150  0.0260  1
165:   0.3400  0.6180  0.0420  1
166:   0.5630  0.4310  0.0060  1
167:   0.8770  0.1090  0.0140  1
168:   0.9470  0.0470  0.0060  1
169:   0.3060  0.6150  0.0790  1
170:   0.4690  0.5250  0.0060  1
171:   0.9500  0.0440  0.0060  1
172:   0.8520  0.1360  0.0120  1

  1:   0.1580  0.3950  0.4470  1
  2:   0.1420  0.5120  0.3460  1
  3:   0.1171  0.8739  0.0090  1
  4:   0.1441  0.8188  0.0370  1
  5:   0.1560  0.7280  0.1160  1
  6:   0.6170  0.2670  0.1160  1
  7:   0.2570  0.7170  0.0260  1
  8:   0.7980  0.1900  0.0120  1
  9:   0.0770  0.7290  0.1940  1
 10:   0.7190  0.2480  0.0330  1
 11:   0.2913  0.6176  0.0911  1
 12:   0.0730  0.9010  0.0260  1
 13:   0.2020  0.5460  0.2520  1
 14:   0.6790  0.3090  0.0120  1
 15:   0.1369  0.8372  0.0260  1
 16:   0.0080  0.0090  0.9830  1
 17:   0.0130  0.9780  0.0090  1
 18:   0.0060  0.0050  0.9890  1
 19:   0.0220  0.9680  0.0100  1
 20:   0.0080  0.0060  0.9860  1
 21:   0.0150  0.0160  0.9690  1
 22:   0.8100  0.1680  0.0220  1
 23:   0.0250  0.9620  0.0130  1
 24:   0.0719  0.8961  0.0320  1
 25:   0.2120  0.5750  0.2130  1
 26:   0.0960  0.8860  0.0180  1
 27:   0.2070  0.7830  0.0100  1
 28:   0.0110  0.0110  0.9780  1
 29:   0.0500  0.9410  0.0090  1
 30:   0.0100  0.0130  0.9770  1
 31:   0.2500  0.7210  0.0290  1
 32:   0.0200  0.0130  0.9670  1
 33:   0.2880  0.7020  0.0100  1
 34:   0.0420  0.9520  0.0060  1
 35:   0.4675  0.4825  0.0501  1
 36:   0.2210  0.7710  0.0080  1
 37:   0.0120  0.0130  0.9750  1
 38:   0.9540  0.0370  0.0090  1
 39:   0.0170  0.9790  0.0040  1
 40:   0.1199  0.8681  0.0120  1
 41:   0.7260  0.2610  0.0130  1
 42:   0.0060  0.0060  0.9880  1
 43:   0.1698  0.7273  0.1029  1
 44:   0.1360  0.8560  0.0080  1
 45:   0.6216  0.3724  0.0060  1
 46:   0.0140  0.9760  0.0100  1
 47:   0.6903  0.2947  0.0150  1
 48:   0.0160  0.0120  0.9720  1
 49:   0.0130  0.9800  0.0070  1
 50:   0.0240  0.9700  0.0060  1
 51:   0.0280  0.9650  0.0070  1
 52:   0.0170  0.9700  0.0130  1
 53:   0.2302  0.1932  0.5766  1
 54:   0.0150  0.9740  0.0110  1
 55:   0.7310  0.2550  0.0140  1
 56:   0.9280  0.0650  0.0070  1
 57:   0.8880  0.1000  0.0120  1
 58:   0.0060  0.0070  0.9870  1
 59:   0.0340  0.0110  0.9550  1
 60:   0.0320  0.9570  0.0110  1
 61:   0.0170  0.9770  0.0060  1
 62:   0.4580  0.5320  0.0100  1
 63:   0.8959  0.0991  0.0050  1
 64:   0.0410  0.9370  0.0220  1
 65:   0.0090  0.0070  0.9840  1
 66:   0.0200  0.0150  0.9650  1
 67:   0.0150  0.0510  0.9340  1
 68:   0.0730  0.9090  0.0180  1
 69:   0.7520  0.2400  0.0080  1
 70:   0.4160  0.5780  0.0060  1
 71:   0.4730  0.5110  0.0160  1
 72:   0.5420  0.4310  0.0270  1
 73:   0.0090  0.0110  0.9800  1
 74:   0.7510  0.2120  0.0370  1
 75:   0.0510  0.9440  0.0050  1
 76:   0.0070  0.0070  0.9860  1
 77:   0.0090  0.0080  0.9830  1
 78:   0.0140  0.9700  0.0160  1
 79:   0.0100  0.0160  0.9740  1
 80:   0.0140  0.9640  0.0220  1
 81:   0.9330  0.0610  0.0060  1
 82:   0.0350  0.9600  0.0050  1
 83:   0.0210  0.9670  0.0120  1
 84:   0.0090  0.0070  0.9840  1
 85:   0.4740  0.2260  0.3000  1
 86:   0.5270  0.4570  0.0160  1
 87:   0.9339  0.0581  0.0080  1
 88:   0.1640  0.8130  0.0230  1
 89:   0.7120  0.2700  0.0180  1
 90:   0.6080  0.3800  0.0120  1
 91:   0.9109  0.0741  0.0150  1
 92:   0.2182  0.7708  0.0110  1
 93:   0.9281  0.0629  0.0090  1
 94:   0.7323  0.2547  0.0130  1
 95:   0.7370  0.2380  0.0250  1
 96:   0.0200  0.9320  0.0480  1
 97:   0.0340  0.9540  0.0120  1
 98:   0.0210  0.0230  0.9560  1
 99:   0.4650  0.4610  0.0740  1
100:   0.5750  0.3350  0.0900  1
101:   0.9520  0.0270  0.0210  1
102:   0.0620  0.9330  0.0050  1
103:   0.4510  0.4890  0.0600  1
104:   0.3530  0.5350  0.1120  1
105:   0.8850  0.0990  0.0160  1
106:   0.0160  0.0200  0.9640  1
107:   0.0320  0.9140  0.0540  1
108:   0.8340  0.1560  0.0100  1
109:   0.0400  0.9410  0.0190  1
110:   0.7280  0.2620  0.0100  1
111:   0.1970  0.3120  0.4910  1
112:   0.7110  0.2810  0.0080  1
113:   0.7930  0.1870  0.0200  1
114:   0.0880  0.8690  0.0430  1
115:   0.8750  0.1170  0.0080  1
116:   0.9380  0.0530  0.0090  1
117:   0.9560  0.0390  0.0050  1
118:   0.8100  0.1650  0.0250  1
119:   0.9710  0.0220  0.0070  1
120:   0.9290  0.0360  0.0350  1
121:   0.9430  0.0470  0.0100  1
122:   0.8218  0.1682  0.0100  1
123:   0.7800  0.2080  0.0120  1
124:   0.9020  0.0600  0.0380  1
125:   0.9610  0.0310  0.0080  1
126:   0.9770  0.0150  0.0080  1
127:   0.9320  0.0630  0.0050  1
128:   0.7130  0.2690  0.0180  1
129:   0.6770  0.3120  0.0110  1
130:   0.7230  0.2660  0.0110  1
131:   0.8570  0.1360  0.0070  1
132:   0.5030  0.4660  0.0310  1
133:   0.9670  0.0230  0.0100  1
134:   0.9220  0.0550  0.0230  1
135:   0.8198  0.1732  0.0070  1
136:   0.8650  0.1270  0.0080  1
137:   0.9530  0.0340  0.0130  1
138:   0.3560  0.6350  0.0090  1
139:   0.9560  0.0370  0.0070  1
140:   0.8258  0.1672  0.0070  1
141:   0.9110  0.0790  0.0100  1
142:   0.9361  0.0549  0.0090  1
143:   0.6454  0.3187  0.0360  1
144:   0.8879  0.1071  0.0050  1
145:   0.9560  0.0380  0.0060  1
146:   0.3307  0.6623  0.0070  1
147:   0.9500  0.0410  0.0090  1
148:   0.8681  0.1209  0.0110  1
149:   0.9610  0.0340  0.0050  1
150:   0.4520  0.5330  0.0150  1
151:   0.8290  0.1580  0.0130  1
152:   0.9250  0.0700  0.0050  1
153:   0.6410  0.3370  0.0220  1
154:   0.8901  0.0909  0.0190  1
155:   0.7360  0.0980  0.1660  1
156:   0.9429  0.0480  0.0090  1
157:   0.9680  0.0200  0.0120  1
158:   0.5390  0.3540  0.1070  1
159:   0.4000  0.4030  0.1970  1
160:   0.4880  0.4630  0.0490  1
161:   0.9240  0.0660  0.0100  1
162:   0.9500  0.0410  0.0090  1
163:   0.9610  0.0300  0.0090  1
164:   0.2720  0.7010  0.0270  1
165:   0.3320  0.6280  0.0400  1
166:   0.5900  0.4040  0.0060  1
167:   0.8900  0.0950  0.0150  1
168:   0.9630  0.0310  0.0060  1
169:   0.2880  0.6360  0.0760  1
170:   0.4990  0.4940  0.0070  1
171:   0.9620  0.0310  0.0070  1
172:   0.8620  0.1260  0.0120  1

  1:   0.2078  0.3367  0.4555  1
  2:   0.1830  0.4550  0.3620  1
  3:   0.2118  0.7782  0.0100  1
  4:   0.2450  0.7180  0.0370  1
  5:   0.2670  0.6140  0.1190  1
  6:   0.6630  0.2380  0.0990  1
  7:   0.3530  0.6230  0.0240  1
  8:   0.8140  0.1750  0.0110  1
  9:   0.1340  0.6560  0.2100  1
 10:   0.7307  0.2372  0.0320  1
 11:   0.3600  0.5490  0.0910  1
 12:   0.1390  0.8310  0.0300  1
 13:   0.2620  0.4850  0.2530  1
 14:   0.7120  0.2760  0.0120  1
 15:   0.2302  0.7447  0.0250  1
 16:   0.0080  0.0080  0.9840  1
 17:   0.0150  0.9760  0.0090  1
 18:   0.0060  0.0050  0.9890  1
 19:   0.0250  0.9640  0.0110  1
 20:   0.0080  0.0060  0.9860  1
 21:   0.0150  0.0170  0.9680  1
 22:   0.7792  0.1968  0.0240  1
 23:   0.0260  0.9620  0.0120  1
 24:   0.0800  0.8900  0.0300  1
 25:   0.2550  0.5270  0.2180  1
 26:   0.0980  0.8840  0.0180  1
 27:   0.1730  0.8180  0.0090  1
 28:   0.0110  0.0120  0.9770  1
 29:   0.0410  0.9500  0.0090  1
 30:   0.0090  0.0130  0.9780  1
 31:   0.2880  0.6810  0.0310  1
 32:   0.0190  0.0130  0.9680  1
 33:   0.3180  0.6730  0.0090  1
 34:   0.0410  0.9530  0.0060  1
 35:   0.5650  0.3860  0.0490  1
 36:   0.2060  0.7860  0.0080  1
 37:   0.0110  0.0140  0.9750  1
 38:   0.9181  0.0719  0.0100  1
 39:   0.0180  0.9770  0.0050  1
 40:   0.1040  0.8840  0.0120  1
 41:   0.7310  0.2550  0.0140  1
 42:   0.0050  0.0060  0.9890  1
 43:   0.1810  0.7130  0.1060  1
 44:   0.1700  0.8230  0.0070  1
 45:   0.6657  0.3283  0.0060  1
 46:   0.0160  0.9740  0.0100  1
 47:   0.5930  0.3910  0.0160  1
 48:   0.0160  0.0120  0.9720  1
 49:   0.0120  0.9820  0.0060  1
 50:   0.0290  0.9650  0.0060  1
 51:   0.0460  0.9470  0.0070  1
 52:   0.0140  0.9730  0.0130  1
 53:   0.2420  0.1800  0.5780  1
 54:   0.0220  0.9660  0.0120  1
 55:   0.7758  0.2102  0.0140  1
 56:   0.9320  0.0600  0.0080  1
 57:   0.8600  0.1290  0.0110  1
 58:   0.0060  0.0070  0.9870  1
 59:   0.0320  0.0140  0.9540  1
 60:   0.0400  0.9500  0.0100  1
 61:   0.0190  0.9750  0.0060  1
 62:   0.4620  0.5280  0.0100  1
 63:   0.8810  0.1140  0.0050  1
 64:   0.0650  0.9110  0.0240  1
 65:   0.0100  0.0070  0.9830  1
 66:   0.0200  0.0150  0.9650  1
 67:   0.0150  0.0560  0.9290  1
 68:   0.1010  0.8820  0.0170  1
 69:   0.7470  0.2450  0.0080  1
 70:   0.3440  0.6500  0.0060  1
 71:   0.5760  0.4100  0.0140  1
 72:   0.5480  0.4240  0.0280  1
 73:   0.0090  0.0110  0.9800  1
 74:   0.7370  0.2230  0.0400  1
 75:   0.0420  0.9530  0.0050  1
 76:   0.0070  0.0070  0.9860  1
 77:   0.0090  0.0090  0.9820  1
 78:   0.0160  0.9670  0.0170  1
 79:   0.0100  0.0160  0.9740  1
 80:   0.0220  0.9510  0.0270  1
 81:   0.8990  0.0960  0.0050  1
 82:   0.0460  0.9490  0.0050  1
 83:   0.0350  0.9530  0.0120  1
 84:   0.0090  0.0070  0.9840  1
 85:   0.4725  0.2352  0.2923  1
 86:   0.4490  0.5360  0.0150  1
 87:   0.8600  0.1310  0.0090  1
 88:   0.1540  0.8240  0.0220  1
 89:   0.7200  0.2620  0.0180  1
 90:   0.6480  0.3400  0.0120  1
 91:   0.8690  0.1140  0.0170  1
 92:   0.2070  0.7820  0.0110  1
 93:   0.9060  0.0860  0.0080  1
 94:   0.7530  0.2350  0.0120  1
 95:   0.6710  0.3020  0.0270  1
 96:   0.0220  0.9310  0.0470  1
 97:   0.0360  0.9520  0.0120  1
 98:   0.0210  0.0210  0.9580  1
 99:   0.4855  0.4384  0.0761  1
100:   0.6250  0.2930  0.0820  1
101:   0.9470  0.0330  0.0200  1
102:   0.0610  0.9340  0.0050  1
103:   0.4850  0.4580  0.0570  1
104:   0.4690  0.4210  0.1100  1
105:   0.8921  0.0939  0.0140  1
106:   0.0180  0.0170  0.9650  1
107:   0.0370  0.9080  0.0550  1
108:   0.8160  0.1740  0.0100  1
109:   0.0420  0.9390  0.0190  1
110:   0.6740  0.3150  0.0110  1
111:   0.2030  0.2840  0.5130  1
112:   0.6640  0.3280  0.0080  1
113:   0.7890  0.1910  0.0200  1
114:   0.1000  0.8550  0.0450  1
115:   0.8751  0.1159  0.0090  1
116:   0.9219  0.0701  0.0080  1
117:   0.9350  0.0600  0.0050  1
118:   0.8140  0.1630  0.0230  1
119:   0.9630  0.0300  0.0070  1
120:   0.9360  0.0320  0.0320  1
121:   0.9410  0.0490  0.0100  1
122:   0.7800  0.2100  0.0100  1
123:   0.7233  0.2647  0.0120  1
124:   0.8999  0.0621  0.0380  1
125:   0.9630  0.0290  0.0080  1
126:   0.9710  0.0210  0.0080  1
127:   0.9350  0.0600  0.0050  1
128:   0.6470  0.3350  0.0180  1
129:   0.6130  0.3750  0.0120  1
130:   0.7380  0.2520  0.0100  1
131:   0.8460  0.1480  0.0060  1
132:   0.5270  0.4410  0.0320  1
133:   0.9610  0.0290  0.0100  1
134:   0.9169  0.0621  0.0210  1
135:   0.7790  0.2140  0.0070  1
136:   0.8600  0.1310  0.0090  1
137:   0.8750  0.1110  0.0140  1
138:   0.3420  0.6490  0.0090  1
139:   0.9540  0.0390  0.0070  1
140:   0.8060  0.1870  0.0070  1
141:   0.9020  0.0890  0.0090  1
142:   0.9229  0.0691  0.0080  1
143:   0.6880  0.2770  0.0350  1
144:   0.8739  0.1211  0.0050  1
145:   0.9460  0.0480  0.0060  1
146:   0.2750  0.7180  0.0070  1
147:   0.9309  0.0611  0.0080  1
148:   0.8350  0.1540  0.0110  1
149:   0.9530  0.0420  0.0050  1
150:   0.5080  0.4770  0.0150  1
151:   0.7800  0.2050  0.0150  1
152:   0.8629  0.1321  0.0050  1
153:   0.5854  0.3926  0.0220  1
154:   0.8509  0.1311  0.0180  1
155:   0.7530  0.0850  0.1620  1
156:   0.9140  0.0760  0.0100  1
157:   0.9660  0.0230  0.0110  1
158:   0.5710  0.3250  0.1040  1
159:   0.3340  0.4740  0.1920  1
160:   0.3970  0.5520  0.0510  1
161:   0.8240  0.1660  0.0100  1
162:   0.8550  0.1360  0.0090  1
163:   0.8620  0.1280  0.0100  1
164:   0.2797  0.6933  0.0270  1
165:   0.2950  0.6650  0.0400  1
166:   0.5856  0.4094  0.0050  1
167:   0.8680  0.1180  0.0140  1
168:   0.8799  0.1141  0.0060  1
169:   0.2820  0.6440  0.0740  1
170:   0.4580  0.5350  0.0070  1
171:   0.8800  0.1130  0.0070  1
172:   0.8540  0.1340  0.0120  1

