  1:   0.1771  0.3744  0.4485  1
  2:   0.1526  0.4982  0.3492  1
  3:   0.1358  0.8554  0.0088  1
  4:   0.1612  0.8026  0.0362  1
  5:   0.1728  0.7121  0.1150  1
  6:   0.6073  0.2835  0.1092  1
  7:   0.2600  0.7148  0.0252  1
  8:   0.7959  0.1923  0.0118  1
  9:   0.0888  0.7226  0.1886  1
 10:   0.7069  0.2602  0.0328  1
 11:   0.2935  0.6181  0.0884  1
 12:   0.0880  0.8856  0.0264  1
 13:   0.2138  0.5346  0.2516  1
 14:   0.6796  0.3084  0.0120  1
 15:   0.1566  0.8198  0.0236  1
 16:   0.0076  0.0088  0.9836  1
 17:   0.0142  0.9768  0.0090  1
 18:   0.0058  0.0050  0.9892  1
 19:   0.0226  0.9672  0.0102  1
 20:   0.0080  0.0060  0.9860  1
 21:   0.0144  0.0164  0.9692  1
 22:   0.7976  0.1806  0.0218  1
 23:   0.0250  0.9626  0.0124  1
 24:   0.0760  0.8912  0.0328  1
 25:   0.2244  0.5640  0.2116  1
 26:   0.0946  0.8872  0.0182  1
 27:   0.2094  0.7810  0.0096  1
 28:   0.0110  0.0118  0.9772  1
 29:   0.0504  0.9404  0.0092  1
 30:   0.0090  0.0132  0.9778  1
 31:   0.2554  0.7162  0.0284  1
 32:   0.0196  0.0128  0.9676  1
 33:   0.2942  0.6966  0.0092  1
 34:   0.0458  0.9482  0.0060  1
 35:   0.4708  0.4788  0.0504  1
 36:   0.2312  0.7606  0.0082  1
 37:   0.0114  0.0134  0.9752  1
 38:   0.9460  0.0448  0.0092  1
 39:   0.0174  0.9780  0.0046  1
 40:   0.1168  0.8716  0.0116  1
 41:   0.7233  0.2637  0.0130  1
 42:   0.0058  0.0060  0.9882  1
 43:   0.1746  0.7185  0.1070  1
 44:   0.1496  0.8430  0.0074  1
 45:   0.6355  0.3585  0.0060  1
 46:   0.0152  0.9750  0.0098  1
 47:   0.6507  0.3337  0.0156  1
 48:   0.0156  0.0116  0.9728  1
 49:   0.0128  0.9810  0.0062  1
 50:   0.0250  0.9686  0.0064  1
 51:   0.0316  0.9616  0.0068  1
 52:   0.0150  0.9718  0.0132  1
 53:   0.2355  0.1875  0.5769  1
 54:   0.0172  0.9714  0.0114  1
 55:   0.7416  0.2436  0.0148  1
 56:   0.9292  0.0634  0.0074  1
 57:   0.8772  0.1112  0.0116  1
 58:   0.0064  0.0066  0.9870  1
 59:   0.0326  0.0126  0.9548  1
 60:   0.0386  0.9510  0.0104  1
 61:   0.0166  0.9774  0.0060  1
 62:   0.4413  0.5489  0.0098  1
 63:   0.8957  0.0993  0.0050  1
 64:   0.0462  0.9314  0.0224  1
 65:   0.0096  0.0072  0.9832  1
 66:   0.0194  0.0146  0.9660  1
 67:   0.0146  0.0530  0.9324  1
 68:   0.0780  0.9046  0.0174  1
 69:   0.7522  0.2398  0.0080  1
 70:   0.4110  0.5830  0.0060  1
 71:   0.4792  0.5064  0.0144  1
 72:   0.5404  0.4318  0.0278  1
 73:   0.0086  0.0114  0.9800  1
 74:   0.7480  0.2146  0.0374  1
 75:   0.0482  0.9468  0.0050  1
 76:   0.0066  0.0070  0.9864  1
 77:   0.0092  0.0088  0.9820  1
 78:   0.0150  0.9696  0.0154  1
 79:   0.0102  0.0158  0.9740  1
 80:   0.0156  0.9622  0.0222  1
 81:   0.9248  0.0698  0.0054  1
 82:   0.0406  0.9544  0.0050  1
 83:   0.0236  0.9644  0.0120  1
 84:   0.0086  0.0070  0.9844  1
 85:   0.4732  0.2291  0.2977  1
 86:   0.4991  0.4849  0.0160  1
 87:   0.9148  0.0766  0.0086  1
 88:   0.1598  0.8178  0.0224  1
 89:   0.7133  0.2689  0.0178  1
 90:   0.6168  0.3716  0.0116  1
 91:   0.8984  0.0856  0.0160  1
 92:   0.2313  0.7575  0.0112  1
 93:   0.9224  0.0690  0.0086  1
 94:   0.7327  0.2551  0.0122  1
 95:   0.7318  0.2438  0.0244  1
 96:   0.0212  0.9314  0.0474  1
 97:   0.0360  0.9520  0.0120  1
 98:   0.0210  0.0224  0.9566  1
 99:   0.4626  0.4620  0.0754  1
100:   0.5720  0.3430  0.0850  1
101:   0.9502  0.0294  0.0204  1
102:   0.0646  0.9304  0.0050  1
103:   0.4409  0.5013  0.0578  1
104:   0.3646  0.5264  0.1090  1
105:   0.8884  0.0970  0.0146  1
106:   0.0168  0.0196  0.9636  1
107:   0.0312  0.9156  0.0532  1
108:   0.8286  0.1612  0.0102  1
109:   0.0400  0.9414  0.0186  1
110:   0.7221  0.2675  0.0104  1
111:   0.2042  0.2970  0.4988  1
112:   0.6934  0.2986  0.0080  1
113:   0.7966  0.1838  0.0196  1
114:   0.0938  0.8634  0.0428  1
115:   0.8768  0.1146  0.0086  1
116:   0.9338  0.0578  0.0084  1
117:   0.9512  0.0438  0.0050  1
118:   0.7962  0.1796  0.0242  1
119:   0.9666  0.0262  0.0072  1
120:   0.9308  0.0360  0.0332  1
121:   0.9430  0.0472  0.0098  1
122:   0.8127  0.1775  0.0098  1
123:   0.7681  0.2203  0.0116  1
124:   0.9003  0.0612  0.0384  1
125:   0.9622  0.0298  0.0080  1
126:   0.9752  0.0166  0.0082  1
127:   0.9336  0.0614  0.0050  1
128:   0.6876  0.2944  0.0180  1
129:   0.6592  0.3296  0.0112  1
130:   0.7309  0.2589  0.0102  1
131:   0.8552  0.1384  0.0064  1
132:   0.4782  0.4906  0.0312  1
133:   0.9646  0.0254  0.0100  1
134:   0.9130  0.0638  0.0232  1
135:   0.8200  0.1730  0.0070  1
136:   0.8680  0.1238  0.0082  1
137:   0.9358  0.0512  0.0130  1
138:   0.3548  0.6362  0.0090  1
139:   0.9566  0.0364  0.0070  1
140:   0.8208  0.1724  0.0068  1
141:   0.9104  0.0804  0.0092  1
142:   0.9330  0.0582  0.0088  1
143:   0.6545  0.3109  0.0346  1
144:   0.8803  0.1147  0.0050  1
145:   0.9544  0.0396  0.0060  1
146:   0.3268  0.6662  0.0070  1
147:   0.9450  0.0464  0.0086  1
148:   0.8694  0.1196  0.0110  1
149:   0.9638  0.0312  0.0050  1
150:   0.4632  0.5220  0.0148  1
151:   0.8196  0.1668  0.0136  1
152:   0.9086  0.0864  0.0050  1
153:   0.6339  0.3443  0.0218  1
154:   0.8832  0.0986  0.0182  1
155:   0.7423  0.0944  0.1634  1
156:   0.9348  0.0558  0.0094  1
157:   0.9666  0.0218  0.0116  1
158:   0.5278  0.3656  0.1066  1
159:   0.3816  0.4178  0.2006  1
160:   0.4624  0.4872  0.0504  1
161:   0.8994  0.0904  0.0102  1
162:   0.9258  0.0656  0.0086  1
163:   0.9346  0.0562  0.0092  1
164:   0.2670  0.7066  0.0264  1
165:   0.3323  0.6255  0.0422  1
166:   0.5730  0.4214  0.0056  1
167:   0.8850  0.1008  0.0142  1
168:   0.9404  0.0536  0.0060  1
169:   0.2971  0.6243  0.0786  1
170:   0.4826  0.5108  0.0066  1
171:   0.9434  0.0500  0.0066  1
172:   0.8614  0.1266  0.0120  1
