 1:   0.3323  0.3353  0.3323  1
 2:   0.3333  0.3343  0.3323  1
 3:   0.3360  0.3310  0.3330  1
 4:   0.3370  0.3390  0.3240  1
 5:   0.3370  0.3240  0.3390  1
 6:   0.3317  0.3287  0.3397  1
 7:   0.3350  0.3330  0.3320  1
 8:   0.3340  0.3370  0.3290  1
 9:   0.3320  0.3350  0.3330  1
10:   0.3360  0.3320  0.3320  1
11:   0.3320  0.3340  0.3340  1
12:   0.3350  0.3340  0.3310  1
13:   0.3343  0.3283  0.3373  1
14:   0.3360  0.3370  0.3270  1
15:   0.3350  0.3300  0.3350  1
16:   0.3290  0.3290  0.3420  1
17:   0.3350  0.3380  0.3270  1
18:   0.3290  0.3300  0.3410  1
19:   0.3330  0.3350  0.3320  1
20:   0.3340  0.3330  0.3330  1
21:   0.3350  0.3350  0.3300  1
22:   0.3300  0.3300  0.3400  1
23:   0.3293  0.3313  0.3393  1
24:   0.3343  0.3343  0.3313  1
25:   0.3333  0.3373  0.3293  1
26:   0.3327  0.3307  0.3367  1
27:   0.3340  0.3380  0.3280  1
28:   0.3300  0.3250  0.3450  1
29:   0.3337  0.3327  0.3337  1
30:   0.3360  0.3340  0.3300  1
31:   0.3330  0.3390  0.3280  1
32:   0.3363  0.3383  0.3253  1
33:   0.3383  0.3393  0.3223  1
34:   0.3320  0.3370  0.3310  1
35:   0.3350  0.3390  0.3260  1
36:   0.3370  0.3430  0.3200  1
37:   0.3277  0.3257  0.3467  1
38:   0.3390  0.3350  0.3260  1
39:   0.3310  0.3300  0.3390  1
40:   0.3310  0.3350  0.3340  1
41:   0.3347  0.3377  0.3277  1
42:   0.3353  0.3373  0.3273  1
43:   0.3340  0.3320  0.3340  1
44:   0.3323  0.3313  0.3363  1
45:   0.3340  0.3350  0.3310  1
46:   0.3337  0.3317  0.3347  1
47:   0.3340  0.3360  0.3300  1
48:   0.3370  0.3410  0.3220  1
49:   0.3360  0.3380  0.3260  1
50:   0.3333  0.3403  0.3263  1
51:   0.3350  0.3320  0.3330  1
52:   0.3300  0.3270  0.3430  1
53:   0.3330  0.3390  0.3280  1
54:   0.3327  0.3377  0.3297  1
55:   0.3360  0.3380  0.3260  1
56:   0.3357  0.3367  0.3277  1
57:   0.3320  0.3360  0.3320  1
58:   0.3340  0.3340  0.3320  1
59:   0.3330  0.3360  0.3310  1
60:   0.3290  0.3280  0.3430  1
61:   0.3367  0.3327  0.3307  1
62:   0.3290  0.3260  0.3450  1
63:   0.3390  0.3380  0.3230  1
64:   0.3320  0.3370  0.3310  1
65:   0.3360  0.3340  0.3300  1
66:   0.3320  0.3310  0.3370  1
67:   0.3350  0.3300  0.3350  1
68:   0.3330  0.3320  0.3350  1
69:   0.3330  0.3290  0.3380  1
70:   0.3297  0.3267  0.3437  1
71:   0.3250  0.3240  0.3510  1
72:   0.3260  0.3300  0.3440  1
73:   0.3317  0.3377  0.3307  1
74:   0.3300  0.3260  0.3440  1
75:   0.3273  0.3223  0.3504  1
76:   0.3343  0.3393  0.3263  1
77:   0.3367  0.3307  0.3327  1
78:   0.3330  0.3300  0.3370  1
79:   0.3310  0.3340  0.3350  1
80:   0.3340  0.3350  0.3310  1
81:   0.3330  0.3380  0.3290  1
82:   0.3260  0.3240  0.3500  1
83:   0.3250  0.3220  0.3530  1
84:   0.3320  0.3330  0.3350  1
85:   0.3330  0.3350  0.3320  1
86:   0.3350  0.3340  0.3310  1
87:   0.3367  0.3377  0.3257  1
88:   0.3370  0.3410  0.3220  1
89:   0.3330  0.3290  0.3380  1
90:   0.3297  0.3367  0.3337  1

 1:   0.3373  0.3283  0.3343  1
 2:   0.3327  0.3397  0.3277  1
 3:   0.3300  0.3300  0.3400  1
 4:   0.3310  0.3440  0.3250  1
 5:   0.3380  0.3250  0.3370  1
 6:   0.3390  0.3200  0.3410  1
 7:   0.3370  0.3270  0.3360  1
 8:   0.3300  0.3430  0.3270  1
 9:   0.3360  0.3310  0.3330  1
10:   0.3360  0.3280  0.3360  1
11:   0.3400  0.3250  0.3350  1
12:   0.3360  0.3310  0.3330  1
13:   0.3330  0.3250  0.3420  1
14:   0.3330  0.3330  0.3340  1
15:   0.3390  0.3230  0.3380  1
16:   0.3367  0.3197  0.3437  1
17:   0.3287  0.3487  0.3227  1
18:   0.3380  0.3200  0.3420  1
19:   0.3380  0.3310  0.3310  1
20:   0.3340  0.3310  0.3350  1
21:   0.3330  0.3290  0.3380  1
22:   0.3380  0.3250  0.3370  1
23:   0.3333  0.3313  0.3353  1
24:   0.3380  0.3300  0.3320  1
25:   0.3300  0.3420  0.3280  1
26:   0.3320  0.3290  0.3390  1
27:   0.3380  0.3310  0.3310  1
28:   0.3340  0.3200  0.3460  1
29:   0.3353  0.3293  0.3353  1
30:   0.3350  0.3350  0.3300  1
31:   0.3260  0.3460  0.3280  1
32:   0.3270  0.3500  0.3230  1
33:   0.3240  0.3490  0.3270  1
34:   0.3377  0.3337  0.3287  1
35:   0.3310  0.3410  0.3280  1
36:   0.3257  0.3546  0.3197  1
37:   0.3360  0.3200  0.3440  1
38:   0.3250  0.3480  0.3270  1
39:   0.3360  0.3270  0.3370  1
40:   0.3290  0.3370  0.3340  1
41:   0.3300  0.3410  0.3290  1
42:   0.3290  0.3480  0.3230  1
43:   0.3297  0.3417  0.3287  1
44:   0.3350  0.3280  0.3370  1
45:   0.3400  0.3300  0.3300  1
46:   0.3340  0.3310  0.3350  1
47:   0.3257  0.3497  0.3247  1
48:   0.3280  0.3460  0.3260  1
49:   0.3290  0.3470  0.3240  1
50:   0.3300  0.3400  0.3300  1
51:   0.3270  0.3440  0.3290  1
52:   0.3360  0.3210  0.3430  1
53:   0.3270  0.3480  0.3250  1
54:   0.3320  0.3450  0.3230  1
55:   0.3340  0.3410  0.3250  1
56:   0.3270  0.3460  0.3270  1
57:   0.3350  0.3320  0.3330  1
58:   0.3370  0.3320  0.3310  1
59:   0.3320  0.3350  0.3330  1
60:   0.3370  0.3240  0.3390  1
61:   0.3300  0.3370  0.3330  1
62:   0.3380  0.3210  0.3410  1
63:   0.3310  0.3400  0.3290  1
64:   0.3340  0.3350  0.3310  1
65:   0.3340  0.3340  0.3320  1
66:   0.3370  0.3310  0.3320  1
67:   0.3350  0.3290  0.3360  1
68:   0.3337  0.3317  0.3347  1
69:   0.3400  0.3250  0.3350  1
70:   0.3410  0.3180  0.3410  1
71:   0.3380  0.3190  0.3430  1
72:   0.3347  0.3217  0.3437  1
73:   0.3323  0.3403  0.3273  1
74:   0.3370  0.3220  0.3410  1
75:   0.3410  0.3130  0.3460  1
76:   0.3340  0.3410  0.3250  1
77:   0.3350  0.3330  0.3320  1
78:   0.3350  0.3260  0.3390  1
79:   0.3340  0.3290  0.3370  1
80:   0.3370  0.3310  0.3320  1
81:   0.3313  0.3363  0.3323  1
82:   0.3380  0.3240  0.3380  1
83:   0.3390  0.3160  0.3450  1
84:   0.3377  0.3267  0.3357  1
85:   0.3330  0.3340  0.3330  1
86:   0.3350  0.3330  0.3320  1
87:   0.3310  0.3350  0.3340  1
88:   0.3277  0.3427  0.3297  1
89:   0.3370  0.3260  0.3370  1
90:   0.3383  0.3283  0.3333  1

 1:   0.3310  0.3390  0.3300  1
 2:   0.3290  0.3460  0.3250  1
 3:   0.3310  0.3320  0.3370  1
 4:   0.3060  0.3930  0.3010  1
 5:   0.3463  0.3013  0.3524  1
 6:   0.3490  0.2930  0.3580  1
 7:   0.3390  0.3250  0.3360  1
 8:   0.3180  0.3640  0.3180  1
 9:   0.3270  0.3400  0.3330  1
10:   0.3437  0.3197  0.3367  1
11:   0.3420  0.3220  0.3360  1
12:   0.3300  0.3410  0.3290  1
13:   0.3480  0.3140  0.3380  1
14:   0.3240  0.3540  0.3220  1
15:   0.3447  0.3077  0.3477  1
16:   0.3560  0.2850  0.3590  1
17:   0.3217  0.3556  0.3227  1
18:   0.3467  0.3037  0.3497  1
19:   0.3340  0.3360  0.3300  1
20:   0.3470  0.3080  0.3450  1
21:   0.3380  0.3310  0.3310  1
22:   0.3520  0.2940  0.3540  1
23:   0.3400  0.3160  0.3440  1
24:   0.3427  0.3237  0.3337  1
25:   0.3170  0.3700  0.3130  1
26:   0.3420  0.3140  0.3440  1
27:   0.3280  0.3460  0.3260  1
28:   0.3564  0.2803  0.3634  1
29:   0.3420  0.3180  0.3400  1
30:   0.3290  0.3470  0.3240  1
31:   0.3130  0.3730  0.3140  1
32:   0.3110  0.3770  0.3120  1
33:   0.3063  0.3944  0.2993  1
34:   0.3220  0.3540  0.3240  1
35:   0.3330  0.3370  0.3300  1
36:   0.3040  0.3930  0.3030  1
37:   0.3540  0.2880  0.3580  1
38:   0.3190  0.3650  0.3160  1
39:   0.3536  0.2917  0.3546  1
40:   0.3290  0.3410  0.3300  1
41:   0.3130  0.3710  0.3160  1
42:   0.3250  0.3480  0.3270  1
43:   0.3360  0.3270  0.3370  1
44:   0.3370  0.3200  0.3430  1
45:   0.3333  0.3443  0.3223  1
46:   0.3310  0.3390  0.3300  1
47:   0.3213  0.3634  0.3153  1
48:   0.3110  0.3810  0.3080  1
49:   0.3233  0.3584  0.3183  1
50:   0.3220  0.3600  0.3180  1
51:   0.3220  0.3510  0.3270  1
52:   0.3550  0.2900  0.3550  1
53:   0.3193  0.3594  0.3213  1
54:   0.3210  0.3590  0.3200  1
55:   0.3280  0.3460  0.3260  1
56:   0.3250  0.3540  0.3210  1
57:   0.3377  0.3227  0.3397  1
58:   0.3173  0.3664  0.3163  1
59:   0.3180  0.3660  0.3160  1
60:   0.3480  0.3020  0.3500  1
61:   0.3250  0.3440  0.3310  1
62:   0.3570  0.2880  0.3550  1
63:   0.3240  0.3590  0.3170  1
64:   0.3343  0.3313  0.3343  1
65:   0.3320  0.3430  0.3250  1
66:   0.3340  0.3270  0.3390  1
67:   0.3490  0.3050  0.3460  1
68:   0.3350  0.3280  0.3370  1
69:   0.3380  0.3140  0.3480  1
70:   0.3540  0.2810  0.3650  1
71:   0.3530  0.2840  0.3630  1
72:   0.3540  0.2860  0.3600  1
73:   0.3160  0.3620  0.3220  1
74:   0.3550  0.2900  0.3550  1
75:   0.3594  0.2643  0.3764  1
76:   0.3127  0.3776  0.3097  1
77:   0.3330  0.3300  0.3370  1
78:   0.3390  0.3240  0.3370  1
79:   0.3410  0.3170  0.3420  1
80:   0.3360  0.3310  0.3330  1
81:   0.3310  0.3400  0.3290  1
82:   0.3504  0.2943  0.3554  1
83:   0.3590  0.2680  0.3730  1
84:   0.3420  0.3160  0.3420  1
85:   0.3380  0.3150  0.3470  1
86:   0.3290  0.3430  0.3280  1
87:   0.3277  0.3437  0.3287  1
88:   0.3090  0.3830  0.3080  1
89:   0.3340  0.3300  0.3360  1
90:   0.3480  0.3110  0.3410  1

 1:   0.3323  0.3363  0.3313  1
 2:   0.3340  0.3350  0.3310  1
 3:   0.3350  0.3310  0.3340  1
 4:   0.3350  0.3420  0.3230  1
 5:   0.3330  0.3290  0.3380  1
 6:   0.3320  0.3250  0.3430  1
 7:   0.3330  0.3300  0.3370  1
 8:   0.3337  0.3377  0.3287  1
 9:   0.3327  0.3347  0.3327  1
10:   0.3350  0.3320  0.3330  1
11:   0.3347  0.3307  0.3347  1
12:   0.3350  0.3350  0.3300  1
13:   0.3340  0.3300  0.3360  1
14:   0.3360  0.3370  0.3270  1
15:   0.3330  0.3310  0.3360  1
16:   0.3320  0.3280  0.3400  1
17:   0.3340  0.3390  0.3270  1
18:   0.3320  0.3290  0.3390  1
19:   0.3363  0.3353  0.3283  1
20:   0.3310  0.3370  0.3320  1
21:   0.3330  0.3340  0.3330  1
22:   0.3330  0.3270  0.3400  1
23:   0.3330  0.3320  0.3350  1
24:   0.3330  0.3330  0.3340  1
25:   0.3330  0.3410  0.3260  1
26:   0.3350  0.3290  0.3360  1
27:   0.3340  0.3380  0.3280  1
28:   0.3290  0.3240  0.3470  1
29:   0.3340  0.3310  0.3350  1
30:   0.3340  0.3380  0.3280  1
31:   0.3363  0.3353  0.3283  1
32:   0.3360  0.3310  0.3330  1
33:   0.3357  0.3417  0.3227  1
34:   0.3340  0.3380  0.3280  1
35:   0.3360  0.3320  0.3320  1
36:   0.3320  0.3460  0.3220  1
37:   0.3303  0.3273  0.3423  1
38:   0.3310  0.3410  0.3280  1
39:   0.3330  0.3290  0.3380  1
40:   0.3340  0.3290  0.3370  1
41:   0.3330  0.3380  0.3290  1
42:   0.3350  0.3370  0.3280  1
43:   0.3330  0.3310  0.3360  1
44:   0.3340  0.3330  0.3330  1
45:   0.3340  0.3330  0.3330  1
46:   0.3310  0.3310  0.3380  1
47:   0.3360  0.3350  0.3290  1
48:   0.3320  0.3430  0.3250  1
49:   0.3350  0.3360  0.3290  1
50:   0.3320  0.3420  0.3260  1
51:   0.3340  0.3300  0.3360  1
52:   0.3330  0.3220  0.3450  1
53:   0.3343  0.3353  0.3303  1
54:   0.3367  0.3347  0.3287  1
55:   0.3310  0.3410  0.3280  1
56:   0.3333  0.3393  0.3273  1
57:   0.3333  0.3343  0.3323  1
58:   0.3320  0.3380  0.3300  1
59:   0.3313  0.3393  0.3293  1
60:   0.3320  0.3280  0.3400  1
61:   0.3320  0.3340  0.3340  1
62:   0.3370  0.3240  0.3390  1
63:   0.3373  0.3373  0.3253  1
64:   0.3333  0.3343  0.3323  1
65:   0.3320  0.3400  0.3280  1
66:   0.3380  0.3290  0.3330  1
67:   0.3300  0.3320  0.3380  1
68:   0.3313  0.3353  0.3333  1
69:   0.3330  0.3320  0.3350  1
70:   0.3330  0.3250  0.3420  1
71:   0.3307  0.3237  0.3457  1
72:   0.3330  0.3210  0.3460  1
73:   0.3330  0.3390  0.3280  1
74:   0.3330  0.3260  0.3410  1
75:   0.3290  0.3200  0.3510  1
76:   0.3320  0.3430  0.3250  1
77:   0.3287  0.3377  0.3337  1
78:   0.3310  0.3330  0.3360  1
79:   0.3347  0.3307  0.3347  1
80:   0.3340  0.3360  0.3300  1
81:   0.3340  0.3360  0.3300  1
82:   0.3300  0.3250  0.3450  1
83:   0.3300  0.3180  0.3520  1
84:   0.3320  0.3330  0.3350  1
85:   0.3340  0.3290  0.3370  1
86:   0.3340  0.3330  0.3330  1
87:   0.3330  0.3400  0.3270  1
88:   0.3350  0.3400  0.3250  1
89:   0.3320  0.3310  0.3370  1
90:   0.3357  0.3327  0.3317  1

 1:   0.3330  0.3280  0.3390  1
 2:   0.3220  0.3400  0.3380  1
 3:   0.3340  0.3330  0.3330  1
 4:   0.3270  0.3590  0.3140  1
 5:   0.3410  0.3150  0.3440  1
 6:   0.3380  0.3160  0.3460  1
 7:   0.3280  0.3350  0.3370  1
 8:   0.3307  0.3457  0.3237  1
 9:   0.3310  0.3280  0.3410  1
10:   0.3340  0.3260  0.3400  1
11:   0.3323  0.3263  0.3413  1
12:   0.3310  0.3370  0.3320  1
13:   0.3390  0.3220  0.3390  1
14:   0.3360  0.3370  0.3270  1
15:   0.3410  0.3190  0.3400  1
16:   0.3420  0.3110  0.3470  1
17:   0.3310  0.3460  0.3230  1
18:   0.3390  0.3130  0.3480  1
19:   0.3313  0.3323  0.3363  1
20:   0.3360  0.3270  0.3370  1
21:   0.3320  0.3380  0.3300  1
22:   0.3380  0.3140  0.3480  1
23:   0.3397  0.3247  0.3357  1
24:   0.3390  0.3250  0.3360  1
25:   0.3340  0.3460  0.3200  1
26:   0.3310  0.3280  0.3410  1
27:   0.3310  0.3370  0.3320  1
28:   0.3420  0.3020  0.3560  1
29:   0.3350  0.3240  0.3410  1
30:   0.3320  0.3440  0.3240  1
31:   0.3273  0.3534  0.3193  1
32:   0.3330  0.3560  0.3110  1
33:   0.3290  0.3640  0.3070  1
34:   0.3310  0.3370  0.3320  1
35:   0.3307  0.3387  0.3307  1
36:   0.3240  0.3740  0.3020  1
37:   0.3360  0.3070  0.3570  1
38:   0.3310  0.3520  0.3170  1
39:   0.3400  0.3160  0.3440  1
40:   0.3317  0.3427  0.3257  1
41:   0.3273  0.3554  0.3173  1
42:   0.3300  0.3500  0.3200  1
43:   0.3380  0.3300  0.3320  1
44:   0.3370  0.3180  0.3450  1
45:   0.3280  0.3340  0.3380  1
46:   0.3360  0.3290  0.3350  1
47:   0.3290  0.3560  0.3150  1
48:   0.3300  0.3630  0.3070  1
49:   0.3320  0.3500  0.3180  1
50:   0.3337  0.3526  0.3137  1
51:   0.3310  0.3400  0.3290  1
52:   0.3377  0.3147  0.3477  1
53:   0.3283  0.3564  0.3153  1
54:   0.3297  0.3536  0.3167  1
55:   0.3350  0.3390  0.3260  1
56:   0.3310  0.3390  0.3300  1
57:   0.3307  0.3357  0.3337  1
58:   0.3303  0.3423  0.3273  1
59:   0.3270  0.3430  0.3300  1
60:   0.3350  0.3090  0.3560  1
61:   0.3310  0.3390  0.3300  1
62:   0.3360  0.3100  0.3540  1
63:   0.3333  0.3463  0.3203  1
64:   0.3290  0.3360  0.3350  1
65:   0.3330  0.3400  0.3270  1
66:   0.3303  0.3233  0.3463  1
67:   0.3340  0.3230  0.3430  1
68:   0.3330  0.3330  0.3340  1
69:   0.3380  0.3190  0.3430  1
70:   0.3360  0.3080  0.3560  1
71:   0.3420  0.3010  0.3570  1
72:   0.3350  0.3120  0.3530  1
73:   0.3300  0.3440  0.3260  1
74:   0.3430  0.3060  0.3510  1
75:   0.3413  0.2983  0.3604  1
76:   0.3270  0.3560  0.3170  1
77:   0.3400  0.3310  0.3290  1
78:   0.3300  0.3270  0.3430  1
79:   0.3330  0.3290  0.3380  1
80:   0.3330  0.3350  0.3320  1
81:   0.3333  0.3413  0.3253  1
82:   0.3347  0.3067  0.3586  1
83:   0.3370  0.3030  0.3600  1
84:   0.3360  0.3200  0.3440  1
85:   0.3360  0.3310  0.3330  1
86:   0.3350  0.3360  0.3290  1
87:   0.3343  0.3443  0.3213  1
88:   0.3320  0.3600  0.3080  1
89:   0.3323  0.3253  0.3423  1
90:   0.3310  0.3250  0.3440  1

