           1  1 0.1096 0.0541 0.1152 0.3137 0.0654 0.0964 0.2456 
           2  1 0.2375 0.0564 0.0297 0.1647 0.0567 0.0414 0.4136 
           3  1 0.2336 0.0578 0.0305 0.1658 0.0595 0.0424 0.4103 
           4  1 0.0514 0.1651 0.2267 0.1646 0.2019 0.0345 0.1559 
           5  1 0.2659 0.0731 0.1068 0.0862 0.3690 0.0439 0.0551 
           6  1 0.1920 0.0386 0.0271 0.0744 0.0764 0.4941 0.0974 
           7  1 0.0592 0.5396 0.0955 0.0740 0.0699 0.0433 0.1185 
           8  1 0.1735 0.0574 0.0729 0.0910 0.0702 0.4271 0.1079 
           9  1 0.1306 0.0331 0.4950 0.1204 0.0661 0.0648 0.0901 
          10  1 0.3454 0.0370 0.1046 0.1283 0.0725 0.1084 0.2039 
          11  1 0.3035 0.0751 0.1650 0.0926 0.2373 0.0450 0.0814 
          12  1 0.0486 0.0352 0.0459 0.0906 0.0606 0.6212 0.0980 
          13  1 0.0330 0.0527 0.0940 0.0437 0.0992 0.6407 0.0368 
          14  1 0.2132 0.0430 0.0504 0.1144 0.1526 0.3038 0.1227 
          15  1 0.0717 0.0394 0.5122 0.0606 0.2149 0.0475 0.0536 
          16  1 0.1217 0.0869 0.1114 0.1880 0.2292 0.1200 0.1428 
          17  1 0.0497 0.6731 0.0249 0.0716 0.0230 0.0582 0.0994 
          18  1 0.0605 0.0424 0.0964 0.1429 0.0780 0.4566 0.1231 
          19  1 0.0813 0.0516 0.1222 0.1320 0.1353 0.3442 0.1333 
          20  1 0.0435 0.4734 0.0726 0.0809 0.2167 0.0365 0.0764 
          21  1 0.0453 0.2839 0.0963 0.1546 0.1476 0.1375 0.1348 
          22  1 0.0832 0.0798 0.0533 0.1862 0.1360 0.0580 0.4035 
          23  1 0.0653 0.0398 0.3025 0.1062 0.3025 0.0989 0.0847 
          24  1 0.0660 0.1541 0.0828 0.2610 0.0474 0.1618 0.2268 
          25  1 0.5739 0.0354 0.0610 0.0936 0.1035 0.0292 0.1034 
          26  1 0.2838 0.0566 0.2266 0.1989 0.0959 0.0559 0.0822 
          27  1 0.4109 0.1228 0.0660 0.0953 0.0913 0.1513 0.0623 
          28  1 0.0945 0.0643 0.0893 0.1221 0.4335 0.1165 0.0797 
          29  1 0.3131 0.0503 0.0615 0.2417 0.0680 0.0918 0.1737 
          30  1 0.3584 0.0485 0.0925 0.1446 0.0562 0.0758 0.2239 
          31  1 0.0599 0.2264 0.0480 0.1834 0.1745 0.1353 0.1725 
          32  1 0.0696 0.0336 0.0583 0.3384 0.0639 0.1496 0.2866 
          33  1 0.1692 0.3760 0.1536 0.0481 0.0832 0.0715 0.0983 
          34  1 0.2555 0.0748 0.1019 0.1356 0.2095 0.1027 0.1199 
          35  1 0.0603 0.0750 0.0321 0.3503 0.0531 0.0649 0.3644 
          36  1 0.0959 0.0623 0.2446 0.1270 0.2230 0.1386 0.1086 
          37  1 0.0662 0.0789 0.0283 0.2659 0.0336 0.1211 0.4061 
          38  1 0.5174 0.0848 0.0458 0.1060 0.0898 0.0815 0.0748 
          39  1 0.0580 0.0450 0.2155 0.0706 0.4089 0.1230 0.0790 
          40  1 0.4052 0.0535 0.1048 0.1077 0.0678 0.1567 0.1043 
          41  1 0.0435 0.0357 0.0453 0.0808 0.0407 0.7011 0.0529 
          42  1 0.0740 0.0555 0.0561 0.3195 0.1243 0.1975 0.1730 
          43  1 0.2036 0.1551 0.0806 0.1085 0.1819 0.0269 0.2435 
          44  1 0.1098 0.1459 0.0832 0.2471 0.0440 0.0665 0.3035 
          45  1 0.1167 0.2993 0.0355 0.1536 0.0415 0.0549 0.2984 
          46  1 0.2757 0.1049 0.0755 0.0813 0.2788 0.1312 0.0527 
          47  1 0.0430 0.1078 0.0580 0.1338 0.0338 0.3590 0.2645 
          48  1 0.2784 0.0600 0.0444 0.1845 0.0726 0.1154 0.2447 
          49  1 0.2976 0.0505 0.1062 0.2081 0.1584 0.0841 0.0950 
          50  1 0.2879 0.0449 0.0593 0.2079 0.2795 0.0382 0.0824 
          51  1 0.0326 0.5111 0.0468 0.0647 0.0575 0.2044 0.0830 
          52  1 0.0653 0.0448 0.5045 0.1070 0.1423 0.0615 0.0746 
          53  1 0.0641 0.1341 0.0522 0.1882 0.0546 0.3009 0.2059 
          54  1 0.2154 0.0421 0.1150 0.2406 0.0596 0.0512 0.2761 
          55  1 0.2627 0.0896 0.1808 0.0926 0.2557 0.0433 0.0754 
          56  1 0.2265 0.0581 0.0630 0.1379 0.3534 0.0507 0.1104 
          57  1 0.4068 0.0865 0.0180 0.1095 0.0782 0.0441 0.2568 
          58  1 0.1468 0.2563 0.0579 0.1345 0.0712 0.0783 0.2550 
          59  1 0.0653 0.0455 0.2099 0.1246 0.3698 0.0928 0.0920 
          60  1 0.2819 0.0641 0.0564 0.2067 0.1022 0.1231 0.1657 
          61  1 0.0774 0.0796 0.0736 0.2243 0.0891 0.2888 0.1672 
          62  1 0.3484 0.0658 0.1902 0.0817 0.2254 0.0277 0.0608 
          63  1 0.0411 0.0258 0.0381 0.4281 0.0438 0.0471 0.3760 
          64  1 0.0759 0.0446 0.1243 0.1312 0.4348 0.0942 0.0951 
          65  1 0.2322 0.1274 0.0915 0.0736 0.0638 0.3363 0.0753 
          66  1 0.0399 0.0514 0.5472 0.0597 0.0579 0.1961 0.0478 
          67  1 0.0546 0.1031 0.2821 0.1482 0.1378 0.1999 0.0743 
          68  1 0.0886 0.1542 0.2946 0.0937 0.1607 0.1456 0.0626 
          69  1 0.0449 0.4075 0.0761 0.0642 0.1969 0.1352 0.0753 
          70  1 0.0617 0.0361 0.1675 0.0573 0.5676 0.0595 0.0502 
          71  1 0.2496 0.0458 0.0555 0.2901 0.0685 0.0526 0.2380 
          72  1 0.1170 0.0519 0.2422 0.0790 0.3696 0.0717 0.0686 
          73  1 0.5110 0.1268 0.0478 0.1413 0.0750 0.0344 0.0638 
          74  1 0.1159 0.2335 0.0587 0.2606 0.0530 0.0876 0.1907 
          75  1 0.3238 0.0344 0.1053 0.0655 0.3410 0.0415 0.0886 
          76  1 0.0706 0.5941 0.1241 0.0500 0.0804 0.0381 0.0427 
          77  1 0.0463 0.3902 0.0800 0.1873 0.1441 0.0462 0.1059 
          78  1 0.4316 0.0408 0.0597 0.0447 0.2931 0.0743 0.0558 
          79  1 0.6622 0.0319 0.0519 0.0467 0.1184 0.0343 0.0545 
          80  1 0.0616 0.0525 0.2483 0.0603 0.4841 0.0521 0.0410 
          81  1 0.0649 0.0355 0.0616 0.2634 0.0776 0.3202 0.1768 
          82  1 0.3049 0.0798 0.1879 0.0932 0.1979 0.0478 0.0885 
          83  1 0.3113 0.0474 0.3534 0.0545 0.1587 0.0321 0.0427 
          84  1 0.1847 0.0389 0.0713 0.1745 0.0937 0.1628 0.2742 
          85  1 0.0519 0.0368 0.0647 0.1169 0.0485 0.5743 0.1068 
          86  1 0.1153 0.2567 0.0249 0.0952 0.0418 0.3487 0.1175 
          87  1 0.0876 0.0663 0.2794 0.0547 0.4012 0.0662 0.0446 
          88  1 0.3161 0.0495 0.0916 0.1957 0.0704 0.0559 0.2208 
          89  1 0.0461 0.1944 0.0283 0.1051 0.0348 0.5068 0.0844 
          90  1 0.3948 0.0239 0.0509 0.0980 0.0798 0.1438 0.2088 
          91  1 0.0439 0.0237 0.0445 0.2050 0.0593 0.4600 0.1637 
          92  1 0.2246 0.1992 0.0640 0.1265 0.0773 0.0375 0.2709 
          93  1 0.1221 0.2633 0.0497 0.1896 0.0509 0.1046 0.2198 
          94  1 0.0441 0.0611 0.0259 0.3832 0.0433 0.0706 0.3717 
          95  1 0.1376 0.0605 0.1689 0.1915 0.2580 0.0558 0.1276 
          96  1 0.0464 0.0565 0.2365 0.1580 0.1390 0.2622 0.1014 
          97  1 0.0299 0.0287 0.7398 0.0497 0.0591 0.0481 0.0446 
          98  1 0.1941 0.0464 0.1899 0.2187 0.1219 0.0670 0.1620 
          99  1 0.0730 0.3565 0.1599 0.1339 0.0821 0.0674 0.1273 
         100  1 0.2138 0.2362 0.2267 0.0593 0.1491 0.0707 0.0442 
         101  1 0.0710 0.0484 0.2864 0.1782 0.1952 0.1071 0.1136 
         102  1 0.0607 0.0529 0.2093 0.1702 0.1342 0.2501 0.1225 
         103  1 0.0764 0.0354 0.2958 0.1223 0.2112 0.1176 0.1412 
         104  1 0.0480 0.1803 0.2391 0.1392 0.1798 0.0799 0.1336 
         105  1 0.1775 0.0350 0.0614 0.0579 0.4678 0.1397 0.0608 
         106  1 0.3103 0.0469 0.3517 0.0509 0.1617 0.0328 0.0456 
         107  1 0.0483 0.0410 0.6426 0.0425 0.1339 0.0618 0.0298 
         108  1 0.0590 0.0758 0.1787 0.1088 0.1342 0.3617 0.0819 
         109  1 0.1641 0.2681 0.0959 0.0862 0.1611 0.0324 0.1921 
         110  1 0.0436 0.2900 0.0930 0.1251 0.0901 0.2199 0.1383 
         111  1 0.0518 0.0258 0.0226 0.1438 0.0558 0.5624 0.1376 
         112  1 0.1479 0.0369 0.0631 0.0754 0.0597 0.5407 0.0763 
         113  1 0.0431 0.1536 0.0628 0.1253 0.2528 0.2219 0.1406 
         114  1 0.2529 0.0362 0.0601 0.1804 0.0681 0.1295 0.2729 
         115  1 0.0486 0.0594 0.1301 0.0901 0.1423 0.4657 0.0638 
         116  1 0.1915 0.0887 0.0434 0.2617 0.0475 0.1401 0.2271 
         117  1 0.0568 0.1433 0.0256 0.2979 0.0408 0.0802 0.3553 
         118  1 0.2902 0.0558 0.2326 0.0722 0.1784 0.0635 0.1073 
         119  1 0.0456 0.2159 0.1755 0.2227 0.0603 0.0570 0.2228 
         120  1 0.1071 0.2171 0.0906 0.2571 0.1026 0.0244 0.2010 
         121  1 0.1769 0.2551 0.0278 0.2180 0.0891 0.0357 0.1973 
         122  1 0.0697 0.1835 0.2278 0.1534 0.0978 0.0660 0.2018 
         123  1 0.1710 0.0634 0.4761 0.0497 0.1062 0.0785 0.0550 
         124  1 0.0416 0.1632 0.1008 0.1579 0.1662 0.2103 0.1599 
         125  1 0.0604 0.0383 0.3575 0.1319 0.2567 0.0675 0.0878 
         126  1 0.0677 0.4189 0.0525 0.1091 0.0641 0.1869 0.1007 
         127  1 0.0737 0.6064 0.0637 0.0609 0.0736 0.0238 0.0980 
         128  1 0.0911 0.0339 0.5941 0.0865 0.0705 0.0502 0.0737 
         129  1 0.3546 0.4150 0.0228 0.0581 0.0662 0.0251 0.0583 
         130  1 0.1065 0.0580 0.1175 0.0564 0.1606 0.4580 0.0429 
         131  1 0.0993 0.6269 0.0485 0.0594 0.0643 0.0242 0.0775 
         132  1 0.0960 0.0592 0.0857 0.3416 0.0767 0.0948 0.2460 
         133  1 0.0548 0.2424 0.0921 0.2930 0.0383 0.0676 0.2116 
         134  1 0.0689 0.0446 0.2870 0.1073 0.1395 0.2424 0.1103 
         135  1 0.0655 0.1071 0.0562 0.0998 0.0382 0.4650 0.1681 
         136  1 0.2048 0.0590 0.0434 0.0719 0.0765 0.4690 0.0754 
         137  1 0.0527 0.0716 0.3114 0.1554 0.2119 0.1072 0.0898 
         138  1 0.0414 0.1127 0.1963 0.2095 0.1214 0.0526 0.2661 
         139  1 0.0336 0.0474 0.6378 0.0554 0.0861 0.0916 0.0482 
         140  1 0.0589 0.0391 0.6160 0.0652 0.0717 0.0911 0.0579 
         141  1 0.0409 0.1808 0.1458 0.2357 0.0672 0.0907 0.2388 
         142  1 0.0476 0.0338 0.1400 0.1225 0.0683 0.4672 0.1207 
         143  1 0.0910 0.0677 0.2017 0.2582 0.2079 0.0307 0.1427 
         144  1 0.4123 0.1899 0.0476 0.1306 0.0667 0.0274 0.1255 
         145  1 0.1056 0.1348 0.3251 0.1408 0.1240 0.0624 0.1074 
         146  1 0.2115 0.0574 0.0853 0.0610 0.5001 0.0416 0.0431 
         147  1 0.0614 0.0418 0.3384 0.1392 0.2611 0.0314 0.1268 
         148  1 0.0830 0.0327 0.0870 0.1302 0.0586 0.4404 0.1682 
         149  1 0.0802 0.2260 0.1222 0.1812 0.1441 0.0621 0.1842 
         150  1 0.0328 0.0652 0.0487 0.3926 0.0392 0.0375 0.3839 
         151  1 0.0799 0.0472 0.4688 0.1334 0.1315 0.0492 0.0900 
         152  1 0.0877 0.0614 0.2406 0.1764 0.2081 0.0756 0.1503 
         153  1 0.6725 0.0285 0.0667 0.0561 0.1051 0.0294 0.0416 
         154  1 0.0344 0.0685 0.0274 0.2168 0.0444 0.4128 0.1957 
         155  1 0.5200 0.0573 0.0942 0.0592 0.1161 0.0313 0.1218 
         156  1 0.0650 0.0341 0.1265 0.1557 0.4387 0.0657 0.1143 
         157  1 0.0514 0.2600 0.2908 0.1069 0.0953 0.0621 0.1335 
         158  1 0.3458 0.0466 0.2020 0.1247 0.0696 0.0700 0.1412 
         159  1 0.0686 0.1113 0.0661 0.0663 0.0745 0.5702 0.0430 
         160  1 0.3044 0.0478 0.1127 0.1093 0.0456 0.2438 0.1363 
         161  1 0.2537 0.3074 0.0406 0.1267 0.1103 0.0510 0.1104 
         162  1 0.2383 0.0614 0.0701 0.2213 0.1017 0.1445 0.1628 
         163  1 0.1745 0.0714 0.1518 0.1702 0.2153 0.1117 0.1050 
         164  1 0.0541 0.0966 0.0324 0.2924 0.0706 0.1282 0.3255 
         165  1 0.1263 0.1412 0.0769 0.2057 0.0776 0.0929 0.2794 
         166  1 0.2808 0.0438 0.0632 0.1571 0.1053 0.1858 0.1640 
         167  1 0.2804 0.0407 0.0550 0.1957 0.1656 0.0440 0.2187 
         168  1 0.0450 0.0234 0.0333 0.2607 0.0390 0.3964 0.2022 
         169  1 0.0433 0.0445 0.0339 0.0654 0.0463 0.7220 0.0445 
         170  1 0.0403 0.1418 0.0864 0.3133 0.0397 0.0664 0.3121 
         171  1 0.0966 0.0452 0.0299 0.0671 0.0497 0.6163 0.0952 
         172  1 0.0825 0.5162 0.0168 0.0988 0.0492 0.1254 0.1110 
         173  1 0.0425 0.1500 0.0692 0.0566 0.1379 0.5099 0.0338 
         174  1 0.0625 0.0318 0.5096 0.0636 0.2503 0.0233 0.0589 
         175  1 0.1192 0.1195 0.0788 0.2645 0.0491 0.0389 0.3300 
         176  1 0.0781 0.0710 0.6133 0.0490 0.0785 0.0683 0.0419 
         177  1 0.1144 0.2495 0.0460 0.2332 0.0629 0.0462 0.2478 
         178  1 0.2354 0.0720 0.0470 0.2435 0.0713 0.1592 0.1716 
         179  1 0.0648 0.0331 0.1273 0.1566 0.0452 0.3580 0.2150 
         180  1 0.3089 0.0776 0.1637 0.1025 0.2395 0.0471 0.0606 
         181  1 0.0786 0.0662 0.1586 0.1432 0.3194 0.1354 0.0986 
         182  1 0.0827 0.3442 0.0738 0.1264 0.1300 0.1112 0.1317 
         183  1 0.0277 0.6531 0.0877 0.0622 0.0441 0.0506 0.0747 
         184  1 0.0808 0.1241 0.0636 0.3523 0.0807 0.1296 0.1689 
         185  1 0.1894 0.0526 0.0988 0.2844 0.0622 0.0655 0.2470 
         186  1 0.1107 0.0546 0.0457 0.2833 0.0786 0.2266 0.2005 
         187  1 0.4219 0.1388 0.0307 0.0796 0.1418 0.1098 0.0774 
         188  1 0.0564 0.3358 0.0434 0.1393 0.0399 0.2379 0.1472 
         189  1 0.0430 0.0276 0.0477 0.0875 0.0559 0.6906 0.0477 
         190  1 0.0529 0.3158 0.1258 0.0528 0.3372 0.0626 0.0528 
         191  1 0.1159 0.1763 0.1735 0.1321 0.1829 0.1447 0.0746 
         192  1 0.1207 0.1865 0.0340 0.1237 0.0981 0.2598 0.1771 
         193  1 0.0939 0.0463 0.2630 0.0792 0.4055 0.0435 0.0687 
         194  1 0.0875 0.1458 0.3858 0.0697 0.2415 0.0285 0.0412 
         195  1 0.3591 0.0769 0.1836 0.0720 0.1198 0.0596 0.1289 
         196  1 0.0591 0.2501 0.0718 0.2610 0.0717 0.0365 0.2499 
         197  1 0.1485 0.5459 0.0923 0.0500 0.0792 0.0339 0.0503 
         198  1 0.0359 0.1566 0.0349 0.3161 0.0395 0.0798 0.3372 
         199  1 0.0748 0.0297 0.0657 0.3308 0.0681 0.0794 0.3515 
         200  1 0.0364 0.0387 0.0227 0.0567 0.0375 0.7601 0.0480 
         201  1 0.2405 0.0533 0.0455 0.0873 0.3674 0.0628 0.1432 
         202  1 0.0602 0.1936 0.0249 0.1999 0.0778 0.2657 0.1778 
         203  1 0.0857 0.0937 0.0934 0.2016 0.3002 0.0989 0.1264 
         204  1 0.1375 0.0707 0.0515 0.1241 0.0774 0.3896 0.1492 
         205  1 0.0646 0.0579 0.1380 0.2217 0.0947 0.2314 0.1918 
         206  1 0.0482 0.0736 0.5340 0.0344 0.2301 0.0491 0.0306 
         207  1 0.0450 0.0377 0.7057 0.0585 0.0597 0.0368 0.0566 
         208  1 0.1025 0.0691 0.2023 0.0887 0.4015 0.0558 0.0800 
         209  1 0.0420 0.3984 0.1728 0.0829 0.1720 0.0326 0.0994 
         210  1 0.0937 0.2347 0.3255 0.0659 0.1925 0.0268 0.0610 
         211  1 0.1562 0.0505 0.0904 0.0489 0.5625 0.0533 0.0382 
         212  1 0.0687 0.0770 0.1441 0.0427 0.3336 0.3027 0.0313 
         213  1 0.0519 0.7413 0.0633 0.0351 0.0507 0.0252 0.0325 
         214  1 0.0564 0.0412 0.4871 0.0779 0.2297 0.0423 0.0656 
         215  1 0.0408 0.1046 0.2923 0.1842 0.1467 0.0420 0.1893 
         216  1 0.1279 0.0808 0.0274 0.2074 0.0628 0.0411 0.4526 
         217  1 0.1675 0.1185 0.0391 0.0914 0.0981 0.3998 0.0856 
         218  1 0.2323 0.0319 0.0465 0.3246 0.0695 0.0696 0.2255 
         219  1 0.1078 0.3266 0.0578 0.1200 0.2197 0.0352 0.1329 
         220  1 0.0631 0.0422 0.4319 0.1473 0.1169 0.0719 0.1268 
         221  1 0.1383 0.4204 0.0378 0.1559 0.0517 0.0684 0.1275 
         222  1 0.0799 0.0400 0.2247 0.0451 0.5435 0.0292 0.0376 
         223  1 0.0551 0.1711 0.0800 0.2434 0.1861 0.0546 0.2097 
         224  1 0.1479 0.2028 0.0484 0.0768 0.3507 0.0519 0.1216 
         225  1 0.3191 0.0571 0.1491 0.0586 0.3096 0.0545 0.0521 
         226  1 0.0874 0.2696 0.0872 0.2174 0.0398 0.0769 0.2218 
         227  1 0.0526 0.1255 0.0661 0.2872 0.0661 0.1168 0.2857 
         228  1 0.0718 0.5502 0.0764 0.0726 0.0853 0.0696 0.0742 
         229  1 0.3560 0.0890 0.0455 0.1001 0.0896 0.2533 0.0665 
         230  1 0.1997 0.0642 0.0708 0.1676 0.1363 0.2065 0.1549 
         231  1 0.0718 0.1353 0.0922 0.2792 0.0521 0.1372 0.2323 
         232  1 0.1829 0.0483 0.0499 0.2923 0.1592 0.1171 0.1502 
         233  1 0.3447 0.1272 0.0374 0.0953 0.0791 0.0442 0.2720 
         234  1 0.0418 0.4581 0.0678 0.1077 0.0603 0.0819 0.1825 
         235  1 0.0647 0.4181 0.1566 0.1114 0.0547 0.0704 0.1241 
         236  1 0.0888 0.4507 0.0975 0.1316 0.0614 0.0309 0.1392 
         237  1 0.0420 0.2366 0.4971 0.0525 0.0796 0.0264 0.0659 
         238  1 0.0484 0.0865 0.1075 0.3171 0.0345 0.0871 0.3190 
         239  1 0.0568 0.0283 0.0630 0.2513 0.0605 0.3405 0.1997 
         240  1 0.2812 0.0531 0.0430 0.1809 0.1055 0.1249 0.2114 
         241  1 0.0613 0.0444 0.0431 0.3432 0.0340 0.0490 0.4251 
         242  1 0.1254 0.1484 0.0402 0.2027 0.0745 0.1346 0.2742 
         243  1 0.0499 0.2111 0.4172 0.0812 0.1275 0.0277 0.0855 
         244  1 0.0670 0.0971 0.0442 0.2027 0.0371 0.1480 0.4039 
         245  1 0.3304 0.3850 0.0270 0.0578 0.0777 0.0485 0.0736 
         246  1 0.4541 0.0852 0.0419 0.0524 0.0927 0.2214 0.0523 
         247  1 0.0538 0.0450 0.0399 0.1153 0.0476 0.6090 0.0893 
         248  1 0.0230 0.4510 0.0592 0.1476 0.0627 0.0614 0.1952 
         249  1 0.3463 0.1161 0.2241 0.0861 0.1148 0.0611 0.0514 
         250  1 0.0853 0.0315 0.3438 0.1029 0.1471 0.1872 0.1023 
         251  1 0.1255 0.0996 0.0680 0.2697 0.0376 0.0446 0.3549 
         252  1 0.2129 0.0525 0.3686 0.0968 0.1605 0.0212 0.0876 
         253  1 0.0567 0.1398 0.1023 0.1680 0.0927 0.2073 0.2331 
         254  1 0.0487 0.0577 0.3355 0.0478 0.3990 0.0667 0.0445 
         255  1 0.3048 0.1161 0.1679 0.0528 0.2440 0.0657 0.0486 
         256  1 0.0293 0.7167 0.0630 0.0515 0.0523 0.0372 0.0499 
         257  1 0.0672 0.0586 0.1107 0.0652 0.5937 0.0666 0.0381 
         258  1 0.0479 0.3640 0.2529 0.0826 0.0978 0.0659 0.0888 
         259  1 0.0427 0.0348 0.4182 0.1642 0.1267 0.0689 0.1444 
         260  1 0.0532 0.0537 0.5535 0.0442 0.1874 0.0742 0.0337 
