           1  1 0.0444 0.0942 0.0912 0.1932 0.3758 0.0975 0.1037 
           2  1 0.0304 0.0228 0.1346 0.0882 0.0584 0.2641 0.4015 
           3  1 0.0307 0.0229 0.1355 0.0897 0.0569 0.2644 0.3999 
           4  1 0.1832 0.2830 0.0783 0.0983 0.1255 0.1356 0.0961 
           5  1 0.0454 0.0868 0.1982 0.2525 0.0554 0.2513 0.1104 
           6  1 0.0304 0.0211 0.3262 0.1121 0.1046 0.1570 0.2487 
           7  1 0.5838 0.0706 0.0665 0.0502 0.0403 0.0800 0.1085 
           8  1 0.0398 0.0612 0.2964 0.0953 0.1237 0.1581 0.2253 
           9  1 0.0252 0.5674 0.0584 0.0885 0.0978 0.0799 0.0829 
          10  1 0.0271 0.0890 0.1167 0.1960 0.1141 0.1855 0.2717 
          11  1 0.0505 0.1229 0.1961 0.2177 0.0482 0.2212 0.1435 
          12  1 0.0268 0.0350 0.3702 0.0661 0.1412 0.1553 0.2053 
          13  1 0.0477 0.0823 0.3934 0.0497 0.0919 0.1470 0.1880 
          14  1 0.0340 0.0384 0.2450 0.1471 0.1158 0.1924 0.2273 
          15  1 0.0312 0.6353 0.0732 0.0891 0.0457 0.0829 0.0426 
          16  1 0.0924 0.1059 0.1253 0.2092 0.2394 0.1504 0.0774 
          17  1 0.7453 0.0193 0.0502 0.0361 0.0502 0.0454 0.0536 
          18  1 0.0387 0.1044 0.3030 0.0722 0.1854 0.1374 0.1590 
          19  1 0.0464 0.1212 0.2473 0.1023 0.1445 0.1657 0.1724 
          20  1 0.6049 0.0564 0.0542 0.0857 0.0639 0.0991 0.0359 
          21  1 0.3796 0.0753 0.1074 0.1040 0.1566 0.1142 0.0628 
          22  1 0.0592 0.0432 0.1387 0.0742 0.0829 0.2594 0.3424 
          23  1 0.0327 0.4361 0.1086 0.1176 0.0964 0.1424 0.0662 
          24  1 0.1584 0.0692 0.1153 0.1540 0.2847 0.1107 0.1077 
          25  1 0.0283 0.0460 0.0868 0.3559 0.0888 0.1552 0.2391 
          26  1 0.0437 0.1989 0.1272 0.2391 0.1167 0.1289 0.1454 
          27  1 0.0980 0.0596 0.1490 0.2545 0.1168 0.1242 0.1980 
          28  1 0.0608 0.0894 0.1836 0.2058 0.1197 0.2571 0.0836 
          29  1 0.0405 0.0487 0.1050 0.2584 0.2443 0.1299 0.1733 
          30  1 0.0373 0.0719 0.1072 0.1927 0.1411 0.1724 0.2775 
          31  1 0.2853 0.0412 0.1214 0.1300 0.1938 0.1396 0.0886 
          32  1 0.0274 0.0465 0.1031 0.1985 0.4412 0.0934 0.0900 
          33  1 0.3898 0.1357 0.1001 0.0963 0.0338 0.0981 0.1462 
          34  1 0.0663 0.0812 0.1426 0.2100 0.1416 0.1937 0.1646 
          35  1 0.0767 0.0267 0.0829 0.1917 0.3322 0.1452 0.1446 
          36  1 0.0595 0.2740 0.1469 0.1283 0.1355 0.1634 0.0924 
          37  1 0.0422 0.0210 0.1719 0.0396 0.1044 0.2333 0.3876 
          38  1 0.0679 0.0309 0.1265 0.3320 0.1317 0.1139 0.1972 
          39  1 0.0375 0.3053 0.1596 0.1567 0.0464 0.2096 0.0849 
          40  1 0.0443 0.0945 0.1370 0.2466 0.1438 0.1245 0.2092 
          41  1 0.0268 0.0353 0.4242 0.0353 0.1122 0.1498 0.2162 
          42  1 0.0467 0.0433 0.1346 0.1999 0.3997 0.0986 0.0771 
          43  1 0.1256 0.0624 0.1179 0.1237 0.0545 0.2424 0.2735 
          44  1 0.1378 0.0719 0.0788 0.1525 0.2374 0.1476 0.1740 
          45  1 0.2397 0.0262 0.1177 0.0647 0.0764 0.1709 0.3043 
          46  1 0.0950 0.0621 0.2065 0.2169 0.0771 0.2071 0.1353 
          47  1 0.0649 0.0432 0.2356 0.0298 0.0696 0.1833 0.3735 
          48  1 0.0468 0.0348 0.1270 0.1748 0.1430 0.2014 0.2722 
          49  1 0.0426 0.0957 0.1446 0.2391 0.1599 0.1684 0.1496 
          50  1 0.0372 0.0474 0.1702 0.2914 0.0907 0.2291 0.1341 
          51  1 0.5402 0.0356 0.1319 0.0411 0.0650 0.0857 0.1006 
          52  1 0.0389 0.5923 0.0750 0.0716 0.0863 0.0886 0.0474 
          53  1 0.1232 0.0376 0.2120 0.1185 0.2130 0.1319 0.1637 
          54  1 0.0313 0.0990 0.0809 0.1868 0.2521 0.1458 0.2042 
          55  1 0.0895 0.1797 0.1330 0.2256 0.0933 0.1706 0.1083 
          56  1 0.0520 0.0523 0.1725 0.2467 0.0943 0.2407 0.1415 
          57  1 0.0622 0.0153 0.1003 0.1891 0.0861 0.2227 0.3244 
          58  1 0.2052 0.0481 0.1282 0.0848 0.0555 0.1864 0.2918 
          59  1 0.0439 0.3083 0.1279 0.1590 0.1353 0.1684 0.0572 
          60  1 0.0557 0.0408 0.1264 0.2599 0.2247 0.1309 0.1615 
          61  1 0.0665 0.0610 0.1872 0.1608 0.2718 0.1282 0.1246 
          62  1 0.0445 0.1459 0.1839 0.2363 0.0565 0.1950 0.1378 
          63  1 0.0211 0.0311 0.0383 0.2415 0.5130 0.1015 0.0536 
          64  1 0.0432 0.1600 0.1569 0.2095 0.1460 0.2236 0.0607 
          65  1 0.0871 0.0716 0.2755 0.1250 0.0961 0.1202 0.2245 
          66  1 0.0386 0.6264 0.1158 0.0336 0.0574 0.0589 0.0693 
          67  1 0.0875 0.3669 0.1617 0.0745 0.1311 0.1045 0.0738 
          68  1 0.1730 0.2844 0.1462 0.1128 0.1111 0.1059 0.0665 
          69  1 0.5117 0.0606 0.1081 0.0862 0.0577 0.1049 0.0708 
          70  1 0.0369 0.2381 0.1495 0.2206 0.0607 0.2576 0.0365 
          71  1 0.0349 0.0410 0.1027 0.2026 0.2326 0.1440 0.2421 
          72  1 0.0460 0.2427 0.1771 0.1818 0.0659 0.2187 0.0678 
          73  1 0.1026 0.0354 0.1020 0.3312 0.1080 0.1113 0.2096 
          74  1 0.2235 0.0482 0.0762 0.1745 0.2758 0.0982 0.1036 
          75  1 0.0250 0.0818 0.1977 0.2393 0.0483 0.2623 0.1456 
          76  1 0.6683 0.0973 0.0425 0.0591 0.0374 0.0494 0.0460 
          77  1 0.5402 0.0674 0.0599 0.0785 0.1272 0.0805 0.0462 
          78  1 0.0305 0.0461 0.2055 0.2725 0.0454 0.2366 0.1634 
          79  1 0.0250 0.0446 0.1405 0.3524 0.0569 0.1495 0.2311 
          80  1 0.0534 0.2518 0.1740 0.1789 0.0571 0.2523 0.0325 
          81  1 0.0271 0.0519 0.1722 0.1819 0.3721 0.0926 0.1021 
          82  1 0.0686 0.1779 0.1216 0.2308 0.0833 0.1679 0.1498 
          83  1 0.0400 0.3182 0.1508 0.1850 0.0453 0.1448 0.1158 
          84  1 0.0268 0.0636 0.1439 0.1100 0.1253 0.2250 0.3053 
          85  1 0.0266 0.0553 0.3606 0.0484 0.1254 0.1523 0.2314 
          86  1 0.2161 0.0208 0.2633 0.0653 0.0962 0.1263 0.2118 
          87  1 0.0598 0.3202 0.1599 0.1522 0.0495 0.2144 0.0440 
          88  1 0.0381 0.0798 0.0836 0.2439 0.1973 0.1532 0.2041 
          89  1 0.1465 0.0228 0.3594 0.0351 0.1052 0.1306 0.2004 
          90  1 0.0189 0.0447 0.1457 0.1692 0.0950 0.2105 0.3159 
          91  1 0.0190 0.0333 0.2618 0.1394 0.2974 0.1205 0.1286 
          92  1 0.1430 0.0546 0.1112 0.1194 0.0673 0.1952 0.3094 
          93  1 0.2482 0.0423 0.0920 0.1614 0.2005 0.1221 0.1334 
          94  1 0.0668 0.0190 0.0721 0.2059 0.4137 0.1182 0.1043 
          95  1 0.0625 0.1739 0.1234 0.1890 0.2444 0.1428 0.0639 
          96  1 0.0575 0.2882 0.1617 0.1063 0.2166 0.0942 0.0755 
          97  1 0.0233 0.8137 0.0344 0.0298 0.0407 0.0308 0.0273 
          98  1 0.0398 0.1921 0.1003 0.1953 0.2415 0.1048 0.1262 
          99  1 0.4269 0.1416 0.0600 0.0918 0.1495 0.0665 0.0637 
         100  1 0.2552 0.2122 0.1054 0.1580 0.0641 0.1015 0.1037 
         101  1 0.0563 0.3421 0.1004 0.1333 0.1983 0.1130 0.0566 
         102  1 0.0531 0.2014 0.1951 0.1118 0.2093 0.1247 0.1044 
         103  1 0.0330 0.3843 0.1208 0.0883 0.0864 0.1630 0.1242 
         104  1 0.2178 0.2603 0.0869 0.1163 0.1505 0.1099 0.0583 
         105  1 0.0239 0.0452 0.2377 0.2209 0.0553 0.3000 0.1170 
         106  1 0.0411 0.3216 0.1481 0.1850 0.0419 0.1452 0.1172 
         107  1 0.0367 0.7244 0.0564 0.0580 0.0307 0.0608 0.0330 
         108  1 0.0845 0.1700 0.2496 0.0959 0.1469 0.1356 0.1175 
         109  1 0.2067 0.0780 0.1307 0.1176 0.0369 0.1925 0.2374 
         110  1 0.3604 0.0782 0.1413 0.0821 0.1389 0.1090 0.0899 
         111  1 0.0221 0.0186 0.3141 0.1052 0.2089 0.1384 0.1927 
         112  1 0.0265 0.0509 0.3453 0.0811 0.1195 0.1486 0.2280 
         113  1 0.1598 0.0521 0.1808 0.1257 0.1154 0.1970 0.1691 
         114  1 0.0278 0.0497 0.1277 0.1440 0.1664 0.2066 0.2778 
         115  1 0.0629 0.1404 0.3011 0.0845 0.1372 0.1408 0.1331 
         116  1 0.0676 0.0332 0.1224 0.1857 0.2865 0.1126 0.1919 
         117  1 0.1403 0.0201 0.0866 0.1839 0.3177 0.1261 0.1252 
         118  1 0.0400 0.2350 0.1453 0.1762 0.0578 0.1785 0.1672 
         119  1 0.2940 0.1694 0.0644 0.0922 0.2057 0.0903 0.0840 
         120  1 0.2555 0.0799 0.0534 0.1649 0.2869 0.0838 0.0757 
         121  1 0.2444 0.0202 0.0709 0.1855 0.2334 0.1019 0.1437 
         122  1 0.1749 0.2319 0.1062 0.0687 0.0948 0.1441 0.1794 
         123  1 0.0464 0.4847 0.1196 0.0968 0.0444 0.1088 0.0993 
         124  1 0.1975 0.0970 0.1605 0.1112 0.1854 0.1461 0.1023 
         125  1 0.0331 0.5015 0.0787 0.1075 0.1006 0.1277 0.0508 
         126  1 0.4596 0.0431 0.1334 0.0741 0.1026 0.0860 0.1011 
         127  1 0.6293 0.0515 0.0575 0.0563 0.0349 0.0743 0.0962 
         128  1 0.0266 0.6504 0.0574 0.0706 0.0747 0.0579 0.0624 
         129  1 0.4063 0.0167 0.0534 0.2209 0.0690 0.0735 0.1603 
         130  1 0.0524 0.0991 0.3187 0.1039 0.0975 0.1670 0.1614 
         131  1 0.6700 0.0384 0.0464 0.0770 0.0485 0.0562 0.0636 
         132  1 0.0535 0.0784 0.1161 0.1510 0.3273 0.1224 0.1513 
         133  1 0.2422 0.0794 0.0889 0.0938 0.2428 0.0958 0.1572 
         134  1 0.0387 0.3411 0.1764 0.0799 0.0920 0.1406 0.1313 
         135  1 0.0790 0.0472 0.3115 0.0394 0.0890 0.1574 0.2765 
         136  1 0.0462 0.0348 0.3250 0.1083 0.1196 0.1470 0.2191 
         137  1 0.0771 0.4274 0.1064 0.0999 0.1165 0.1201 0.0525 
         138  1 0.1162 0.2011 0.0906 0.0962 0.1702 0.1594 0.1661 
         139  1 0.0332 0.7344 0.0655 0.0384 0.0462 0.0447 0.0375 
         140  1 0.0322 0.6969 0.0630 0.0500 0.0589 0.0543 0.0446 
         141  1 0.1813 0.1549 0.0859 0.1212 0.2326 0.1172 0.1070 
         142  1 0.0259 0.1695 0.2977 0.0637 0.1491 0.1402 0.1538 
         143  1 0.0667 0.2616 0.0868 0.1483 0.1748 0.1529 0.1089 
         144  1 0.1991 0.0361 0.0671 0.2707 0.1151 0.1099 0.2019 
         145  1 0.1464 0.3464 0.0698 0.1264 0.1646 0.0828 0.0636 
         146  1 0.0429 0.0674 0.2209 0.2540 0.0463 0.2903 0.0783 
         147  1 0.0398 0.4401 0.0740 0.1216 0.1600 0.1201 0.0444 
         148  1 0.0251 0.0774 0.2752 0.0768 0.1596 0.1627 0.2232 
         149  1 0.2650 0.1135 0.0866 0.1263 0.2016 0.1254 0.0816 
         150  1 0.0559 0.0375 0.0457 0.2234 0.4605 0.1101 0.0669 
         151  1 0.0411 0.5975 0.0597 0.0748 0.0988 0.0759 0.0521 
         152  1 0.0653 0.2821 0.0982 0.1522 0.2053 0.1238 0.0732 
         153  1 0.0199 0.0509 0.1377 0.3692 0.0535 0.1357 0.2332 
         154  1 0.0585 0.0226 0.2995 0.0894 0.2186 0.1386 0.1729 
         155  1 0.0464 0.0766 0.1019 0.2786 0.0511 0.1892 0.2562 
         156  1 0.0337 0.1878 0.1348 0.1900 0.1373 0.2406 0.0758 
         157  1 0.2856 0.2896 0.0814 0.0588 0.0765 0.0958 0.1123 
         158  1 0.0382 0.2127 0.0853 0.1975 0.1185 0.1466 0.2012 
         159  1 0.0779 0.0556 0.3906 0.0513 0.0973 0.1423 0.1851 
         160  1 0.0420 0.0979 0.1788 0.1666 0.1241 0.1570 0.2336 
         161  1 0.3411 0.0311 0.1060 0.1600 0.0927 0.1159 0.1532 
         162  1 0.0542 0.0576 0.1143 0.2434 0.2988 0.1095 0.1222 
         163  1 0.0727 0.1188 0.1605 0.2064 0.1955 0.1583 0.0877 
         164  1 0.0923 0.0275 0.1257 0.1574 0.2528 0.1611 0.1832 
         165  1 0.1150 0.0660 0.1258 0.1106 0.1434 0.1794 0.2599 
         166  1 0.0342 0.0502 0.1721 0.1974 0.1517 0.1804 0.2141 
         167  1 0.0350 0.0438 0.1065 0.2250 0.1592 0.1976 0.2328 
         168  1 0.0194 0.0273 0.1821 0.1624 0.3859 0.1074 0.1156 
         169  1 0.0352 0.0245 0.4360 0.0386 0.1139 0.1445 0.2073 
         170  1 0.1276 0.0635 0.0725 0.1859 0.3276 0.1176 0.1053 
         171  1 0.0285 0.0223 0.3946 0.0480 0.1018 0.1420 0.2627 
         172  1 0.5303 0.0137 0.1060 0.0644 0.0852 0.0855 0.1149 
         173  1 0.1524 0.0543 0.3411 0.0607 0.0869 0.1530 0.1516 
         174  1 0.0309 0.5704 0.0821 0.1066 0.0513 0.1182 0.0406 
         175  1 0.1131 0.0730 0.0998 0.1302 0.1860 0.1663 0.2317 
         176  1 0.0610 0.6588 0.0757 0.0547 0.0396 0.0597 0.0506 
         177  1 0.2521 0.0339 0.0673 0.1682 0.2371 0.1131 0.1284 
         178  1 0.0627 0.0384 0.1067 0.2514 0.2956 0.1078 0.1374 
         179  1 0.0269 0.1152 0.2281 0.0592 0.1509 0.1682 0.2516 
         180  1 0.0652 0.1322 0.1775 0.2330 0.0877 0.1785 0.1259 
         181  1 0.0629 0.1873 0.1606 0.1661 0.1416 0.1955 0.0860 
         182  1 0.3904 0.0604 0.1075 0.0987 0.1265 0.1090 0.1074 
         183  1 0.7431 0.0657 0.0378 0.0331 0.0487 0.0371 0.0345 
         184  1 0.1108 0.0506 0.0955 0.1936 0.3995 0.0805 0.0695 
         185  1 0.0441 0.0711 0.0622 0.2636 0.3698 0.0847 0.1045 
         186  1 0.0440 0.0355 0.1295 0.2159 0.3969 0.0883 0.0900 
         187  1 0.1098 0.0217 0.1648 0.2536 0.0717 0.1647 0.2136 
         188  1 0.3548 0.0361 0.1546 0.0818 0.1599 0.0917 0.1211 
         189  1 0.0219 0.0410 0.4257 0.0422 0.1290 0.1503 0.1899 
         190  1 0.3846 0.1232 0.0999 0.1306 0.0411 0.1665 0.0542 
         191  1 0.1940 0.1719 0.1486 0.1451 0.1245 0.1297 0.0864 
         192  1 0.1516 0.0251 0.2248 0.0914 0.1132 0.1680 0.2260 
         193  1 0.0432 0.2743 0.1671 0.1602 0.0849 0.2282 0.0422 
         194  1 0.1820 0.4081 0.0798 0.1186 0.0618 0.1087 0.0409 
         195  1 0.0573 0.1591 0.1382 0.1986 0.0671 0.1706 0.2090 
         196  1 0.3141 0.0553 0.0469 0.1448 0.2919 0.0818 0.0651 
         197  1 0.6094 0.0670 0.0482 0.0996 0.0411 0.0552 0.0795 
         198  1 0.1488 0.0272 0.0602 0.1933 0.3867 0.1139 0.0699 
         199  1 0.0247 0.0588 0.0877 0.1877 0.3169 0.1585 0.1656 
         200  1 0.0298 0.0174 0.4407 0.0301 0.1093 0.1454 0.2273 
         201  1 0.0400 0.0346 0.1739 0.2301 0.0609 0.2872 0.1732 
         202  1 0.1874 0.0203 0.1903 0.1112 0.2151 0.1444 0.1312 
         203  1 0.1084 0.0838 0.1347 0.2004 0.2480 0.1598 0.0649 
         204  1 0.0471 0.0410 0.2956 0.0908 0.1185 0.1517 0.2554 
         205  1 0.0499 0.1633 0.1481 0.1344 0.3015 0.1037 0.0990 
         206  1 0.0686 0.6194 0.0768 0.0737 0.0283 0.0998 0.0334 
         207  1 0.0304 0.7821 0.0339 0.0361 0.0511 0.0349 0.0316 
         208  1 0.0788 0.2483 0.1262 0.1715 0.0744 0.2247 0.0761 
         209  1 0.5031 0.1649 0.0587 0.0761 0.0597 0.0838 0.0537 
         210  1 0.2682 0.3026 0.1061 0.0960 0.0524 0.1165 0.0581 
         211  1 0.0404 0.0721 0.2232 0.2479 0.0390 0.3125 0.0649 
         212  1 0.0746 0.1217 0.2732 0.1398 0.0574 0.2390 0.0944 
         213  1 0.7942 0.0442 0.0277 0.0420 0.0234 0.0307 0.0377 
         214  1 0.0363 0.6217 0.0642 0.0919 0.0603 0.0869 0.0388 
         215  1 0.1194 0.3643 0.0639 0.1036 0.1735 0.1092 0.0661 
         216  1 0.0383 0.0201 0.1480 0.0559 0.0541 0.2716 0.4119 
         217  1 0.0775 0.0318 0.3214 0.1088 0.1173 0.1487 0.1945 
         218  1 0.0257 0.0348 0.0680 0.2781 0.4093 0.0788 0.1053 
         219  1 0.3935 0.0430 0.0800 0.1385 0.1043 0.1475 0.0932 
         220  1 0.0374 0.5231 0.0717 0.0773 0.1304 0.0846 0.0755 
         221  1 0.4456 0.0301 0.0715 0.1155 0.1512 0.0747 0.1113 
         222  1 0.0363 0.2331 0.1872 0.1968 0.0384 0.2749 0.0333 
         223  1 0.2176 0.0678 0.0719 0.1804 0.2932 0.1155 0.0535 
         224  1 0.2069 0.0386 0.1502 0.1809 0.0545 0.2402 0.1286 
         225  1 0.0468 0.1195 0.2048 0.2321 0.0480 0.2249 0.1239 
         226  1 0.2663 0.0671 0.0847 0.1431 0.1960 0.1031 0.1397 
         227  1 0.1235 0.0551 0.0916 0.1757 0.3422 0.1226 0.0894 
         228  1 0.6362 0.0590 0.0656 0.0584 0.0548 0.0616 0.0645 
         229  1 0.0755 0.0365 0.1950 0.2241 0.1323 0.1330 0.2036 
         230  1 0.0510 0.0613 0.2059 0.1583 0.1527 0.1679 0.2030 
         231  1 0.1508 0.0902 0.1394 0.1025 0.2532 0.1194 0.1445 
         232  1 0.0415 0.0441 0.1346 0.2252 0.3032 0.1394 0.1120 
         233  1 0.0775 0.0285 0.1315 0.1403 0.0414 0.2079 0.3729 
         234  1 0.4641 0.0578 0.1079 0.0382 0.0484 0.1052 0.1784 
         235  1 0.4872 0.1349 0.0608 0.0648 0.0964 0.0721 0.0837 
         236  1 0.5545 0.0811 0.0482 0.0755 0.0980 0.0675 0.0752 
         237  1 0.2578 0.5203 0.0408 0.0439 0.0356 0.0521 0.0495 
         238  1 0.0894 0.0953 0.0681 0.1856 0.3673 0.1202 0.0741 
         239  1 0.0236 0.0547 0.1663 0.1769 0.3644 0.1102 0.1037 
         240  1 0.0463 0.0324 0.1331 0.1953 0.1741 0.1882 0.2307 
         241  1 0.0377 0.0354 0.0959 0.1395 0.3026 0.1680 0.2208 
         242  1 0.1297 0.0331 0.1464 0.1126 0.1744 0.1837 0.2200 
         243  1 0.2660 0.4130 0.0499 0.0743 0.0683 0.0763 0.0523 
         244  1 0.0601 0.0318 0.1658 0.0491 0.0839 0.2346 0.3748 
         245  1 0.4013 0.0205 0.0712 0.1966 0.0485 0.0890 0.1729 
         246  1 0.0642 0.0316 0.2177 0.2182 0.0794 0.1412 0.2478 
         247  1 0.0373 0.0331 0.3508 0.0708 0.1815 0.1345 0.1920 
         248  1 0.5286 0.0488 0.0527 0.0742 0.1502 0.0868 0.0588 
         249  1 0.1002 0.1801 0.1336 0.2309 0.0724 0.1303 0.1526 
         250  1 0.0290 0.4254 0.1463 0.0786 0.0826 0.1208 0.1174 
         251  1 0.0901 0.0567 0.0756 0.1621 0.2379 0.1679 0.2097 
         252  1 0.0485 0.4385 0.0659 0.1588 0.0776 0.1012 0.1095 
         253  1 0.1265 0.0962 0.1692 0.0837 0.1278 0.1704 0.2262 
         254  1 0.0568 0.4498 0.0982 0.1464 0.0379 0.1698 0.0411 
         255  1 0.1076 0.1456 0.1803 0.2093 0.0464 0.1783 0.1325 
         256  1 0.8022 0.0431 0.0304 0.0320 0.0364 0.0309 0.0249 
         257  1 0.0630 0.1308 0.1715 0.2223 0.0593 0.3046 0.0485 
         258  1 0.3956 0.2608 0.0728 0.0576 0.0600 0.0753 0.0779 
         259  1 0.0323 0.5281 0.0583 0.0803 0.1907 0.0715 0.0388 
         260  1 0.0493 0.5828 0.1129 0.0735 0.0428 0.1037 0.0351 
