           1  1 0.3360 0.1984 0.2127 0.2529 
           2  1 0.1422 0.0730 0.4297 0.3551 
           3  1 0.1433 0.0733 0.4272 0.3562 
           4  1 0.0880 0.4349 0.0892 0.3879 
           5  1 0.0863 0.3286 0.5146 0.0704 
           6  1 0.4973 0.0672 0.3420 0.0935 
           7  1 0.0859 0.1898 0.1817 0.5426 
           8  1 0.4562 0.1143 0.3103 0.1192 
           9  1 0.2279 0.4110 0.2440 0.1170 
          10  1 0.2480 0.1247 0.5131 0.1143 
          11  1 0.0826 0.3668 0.4634 0.0872 
          12  1 0.6931 0.0776 0.1184 0.1109 
          13  1 0.6255 0.2091 0.0768 0.0886 
          14  1 0.3717 0.1164 0.4145 0.0973 
          15  1 0.1032 0.6937 0.1213 0.0818 
          16  1 0.3053 0.2870 0.2095 0.1983 
          17  1 0.1202 0.0616 0.1417 0.6764 
          18  1 0.6210 0.1465 0.1068 0.1257 
          19  1 0.4634 0.2270 0.1617 0.1480 
          20  1 0.0970 0.3192 0.1113 0.4726 
          21  1 0.2334 0.2396 0.0929 0.4340 
          22  1 0.1990 0.1353 0.1991 0.4666 
          23  1 0.2626 0.5102 0.1159 0.1113 
          24  1 0.3013 0.1349 0.1134 0.4504 
          25  1 0.0725 0.1259 0.7083 0.0933 
          26  1 0.1291 0.3029 0.4520 0.1161 
          27  1 0.2272 0.1350 0.5401 0.0977 
          28  1 0.2646 0.3480 0.2339 0.1535 
          29  1 0.2278 0.1139 0.4752 0.1832 
          30  1 0.2021 0.1124 0.5138 0.1717 
          31  1 0.2492 0.1652 0.1156 0.4699 
          32  1 0.5273 0.1212 0.1516 0.1999 
          33  1 0.1269 0.2641 0.3641 0.2449 
          34  1 0.1997 0.2081 0.5000 0.0922 
          35  1 0.1861 0.0813 0.1393 0.5933 
          36  1 0.2932 0.4048 0.1515 0.1505 
          37  1 0.2875 0.0654 0.1775 0.4695 
          38  1 0.1733 0.1155 0.5938 0.1174 
          39  1 0.2397 0.5432 0.1114 0.1056 
          40  1 0.2713 0.1240 0.4901 0.1146 
          41  1 0.7099 0.0859 0.1071 0.0970 
          42  1 0.4944 0.1719 0.1547 0.1789 
          43  1 0.0728 0.2004 0.4405 0.2863 
          44  1 0.1825 0.1205 0.2168 0.4802 
          45  1 0.1125 0.0708 0.2285 0.5881 
          46  1 0.2229 0.2452 0.4356 0.0963 
          47  1 0.4748 0.0931 0.0908 0.3414 
          48  1 0.2200 0.0854 0.5196 0.1750 
          49  1 0.2072 0.2323 0.4449 0.1156 
          50  1 0.0988 0.2612 0.5536 0.0864 
          51  1 0.2919 0.1319 0.0699 0.5063 
          52  1 0.1554 0.6064 0.1193 0.1189 
          53  1 0.4112 0.0923 0.1239 0.3725 
          54  1 0.2073 0.1691 0.3853 0.2383 
          55  1 0.1188 0.3731 0.4025 0.1056 
          56  1 0.1396 0.2555 0.4843 0.1205 
          57  1 0.1023 0.0471 0.5922 0.2584 
          58  1 0.1364 0.1077 0.3901 0.3658 
          59  1 0.2240 0.5269 0.1146 0.1345 
          60  1 0.2632 0.1275 0.4173 0.1920 
          61  1 0.4248 0.1624 0.1412 0.2716 
          62  1 0.0699 0.3979 0.4429 0.0894 
          63  1 0.3826 0.1190 0.1297 0.3687 
          64  1 0.2662 0.4442 0.1451 0.1446 
          65  1 0.3309 0.1314 0.4115 0.1262 
          66  1 0.3502 0.4345 0.0945 0.1208 
          67  1 0.3319 0.4218 0.1062 0.1401 
          68  1 0.2370 0.5111 0.1170 0.1348 
          69  1 0.2311 0.2964 0.0919 0.3805 
          70  1 0.2020 0.5688 0.1382 0.0910 
          71  1 0.1607 0.1160 0.5191 0.2042 
          72  1 0.1589 0.5195 0.2096 0.1120 
          73  1 0.0837 0.1328 0.6662 0.1173 
          74  1 0.2114 0.1145 0.2063 0.4678 
          75  1 0.0961 0.2973 0.5280 0.0786 
          76  1 0.0922 0.3333 0.2163 0.3582 
          77  1 0.1046 0.3292 0.0955 0.4706 
          78  1 0.1506 0.1929 0.5870 0.0695 
          79  1 0.0917 0.1350 0.7044 0.0689 
          80  1 0.1361 0.6956 0.0889 0.0794 
          81  1 0.6396 0.1240 0.1153 0.1211 
          82  1 0.1105 0.3286 0.4337 0.1272 
          83  1 0.0763 0.4666 0.3831 0.0740 
          84  1 0.3864 0.1131 0.3882 0.1123 
          85  1 0.6394 0.1086 0.1262 0.1258 
          86  1 0.3554 0.0587 0.2745 0.3114 
          87  1 0.1342 0.6499 0.1345 0.0814 
          88  1 0.1728 0.1441 0.4800 0.2031 
          89  1 0.4737 0.0753 0.1346 0.3164 
          90  1 0.2881 0.0923 0.5398 0.0798 
          91  1 0.7331 0.0824 0.0909 0.0936 
          92  1 0.0739 0.1217 0.4138 0.3906 
          93  1 0.1806 0.0967 0.2284 0.4942 
          94  1 0.2496 0.0748 0.1163 0.5593 
          95  1 0.1901 0.4459 0.1975 0.1665 
          96  1 0.4650 0.3447 0.0829 0.1073 
          97  1 0.1766 0.6484 0.0777 0.0974 
          98  1 0.2003 0.3239 0.2870 0.1888 
          99  1 0.1470 0.3007 0.1140 0.4384 
         100  1 0.1332 0.4489 0.3011 0.1168 
         101  1 0.2824 0.4529 0.1198 0.1449 
         102  1 0.4225 0.3017 0.1149 0.1609 
         103  1 0.2620 0.4662 0.1254 0.1464 
         104  1 0.1576 0.4125 0.0820 0.3479 
         105  1 0.2496 0.2661 0.4237 0.0606 
         106  1 0.0751 0.4653 0.3859 0.0737 
         107  1 0.1319 0.7125 0.0974 0.0582 
         108  1 0.4167 0.3169 0.1015 0.1650 
         109  1 0.0717 0.2235 0.4272 0.2776 
         110  1 0.3301 0.1898 0.0822 0.3979 
         111  1 0.7271 0.0570 0.1119 0.1039 
         112  1 0.5425 0.0968 0.2807 0.0800 
         113  1 0.3545 0.2035 0.1034 0.3386 
         114  1 0.3658 0.0981 0.4013 0.1349 
         115  1 0.5576 0.2603 0.0877 0.0944 
         116  1 0.3364 0.0872 0.3696 0.2069 
         117  1 0.1984 0.0669 0.1227 0.6121 
         118  1 0.1274 0.3363 0.4512 0.0851 
         119  1 0.1407 0.2494 0.0845 0.5254 
         120  1 0.1069 0.2489 0.1952 0.4489 
         121  1 0.0941 0.0817 0.3507 0.4735 
         122  1 0.1492 0.2907 0.1537 0.4065 
         123  1 0.1339 0.4709 0.3196 0.0757 
         124  1 0.3334 0.2400 0.0787 0.3479 
         125  1 0.1852 0.6011 0.0976 0.1161 
         126  1 0.2392 0.1391 0.1567 0.4650 
         127  1 0.0573 0.1669 0.1929 0.5828 
         128  1 0.1752 0.4936 0.2068 0.1245 
         129  1 0.0621 0.0703 0.5710 0.2966 
         130  1 0.5064 0.2540 0.1696 0.0701 
         131  1 0.0606 0.1390 0.2138 0.5866 
         132  1 0.2854 0.1963 0.1916 0.3267 
         133  1 0.1660 0.1589 0.1048 0.5703 
         134  1 0.3878 0.3658 0.1326 0.1139 
         135  1 0.4452 0.0961 0.1419 0.3167 
         136  1 0.4688 0.0969 0.3368 0.0975 
         137  1 0.2215 0.5455 0.0676 0.1655 
         138  1 0.1754 0.3166 0.0928 0.4152 
         139  1 0.2123 0.6176 0.0741 0.0960 
         140  1 0.2285 0.5536 0.1125 0.1053 
         141  1 0.1998 0.2243 0.0769 0.4989 
         142  1 0.6224 0.1706 0.0874 0.1195 
         143  1 0.1194 0.4766 0.1848 0.2192 
         144  1 0.0720 0.1033 0.5056 0.3191 
         145  1 0.1549 0.4854 0.1514 0.2083 
         146  1 0.1058 0.4450 0.3671 0.0822 
         147  1 0.1326 0.6175 0.1133 0.1366 
         148  1 0.6139 0.1290 0.1304 0.1267 
         149  1 0.1288 0.2590 0.1268 0.4855 
         150  1 0.1990 0.1164 0.0879 0.5967 
         151  1 0.1544 0.5630 0.1549 0.1277 
         152  1 0.2122 0.4178 0.1596 0.2104 
         153  1 0.0716 0.1390 0.7346 0.0548 
         154  1 0.5668 0.0605 0.0746 0.2982 
         155  1 0.0753 0.1638 0.6895 0.0714 
         156  1 0.2484 0.4218 0.1806 0.1491 
         157  1 0.1161 0.3653 0.1062 0.4124 
         158  1 0.1764 0.1943 0.5064 0.1230 
         159  1 0.5389 0.1734 0.1877 0.0999 
         160  1 0.3436 0.1130 0.4319 0.1115 
         161  1 0.0990 0.1151 0.4480 0.3379 
         162  1 0.3418 0.1468 0.3523 0.1592 
         163  1 0.2424 0.3570 0.2318 0.1688 
         164  1 0.2876 0.0844 0.1174 0.5106 
         165  1 0.1971 0.1390 0.2526 0.4113 
         166  1 0.2844 0.1160 0.4605 0.1391 
         167  1 0.1435 0.1689 0.5140 0.1736 
         168  1 0.7227 0.0692 0.0903 0.1177 
         169  1 0.7158 0.0841 0.0996 0.1005 
         170  1 0.1921 0.1403 0.0865 0.5811 
         171  1 0.5574 0.0703 0.2546 0.1176 
         172  1 0.1830 0.0445 0.2149 0.5577 
         173  1 0.5170 0.2737 0.0985 0.1107 
         174  1 0.0679 0.7223 0.1144 0.0954 
         175  1 0.1161 0.1420 0.2414 0.5005 
         176  1 0.1581 0.5593 0.1777 0.1049 
         177  1 0.1098 0.1056 0.2537 0.5309 
         178  1 0.3075 0.1050 0.3895 0.1980 
         179  1 0.5738 0.1385 0.1293 0.1584 
         180  1 0.1129 0.4018 0.3959 0.0895 
         181  1 0.3378 0.3974 0.1446 0.1202 
         182  1 0.1795 0.1835 0.1886 0.4484 
         183  1 0.1011 0.2116 0.0603 0.6270 
         184  1 0.4233 0.1652 0.1806 0.2310 
         185  1 0.2863 0.1598 0.3434 0.2105 
         186  1 0.5060 0.1107 0.1796 0.2037 
         187  1 0.1255 0.0917 0.6897 0.0930 
         188  1 0.2971 0.0996 0.1089 0.4943 
         189  1 0.7154 0.1210 0.0873 0.0763 
         190  1 0.1303 0.4983 0.1269 0.2445 
         191  1 0.2672 0.3941 0.1778 0.1609 
         192  1 0.2914 0.0806 0.2605 0.3675 
         193  1 0.1115 0.6393 0.1312 0.1180 
         194  1 0.0661 0.6848 0.1431 0.1060 
         195  1 0.1140 0.2489 0.5485 0.0887 
         196  1 0.1130 0.1708 0.1288 0.5874 
         197  1 0.0938 0.2488 0.3313 0.3261 
         198  1 0.2186 0.0841 0.0799 0.6173 
         199  1 0.3382 0.1551 0.1873 0.3194 
         200  1 0.6886 0.0664 0.1098 0.1352 
         201  1 0.1569 0.1771 0.5572 0.1088 
         202  1 0.3693 0.0668 0.1379 0.4259 
         203  1 0.2624 0.3236 0.1895 0.2244 
         204  1 0.4487 0.0995 0.3193 0.1325 
         205  1 0.5015 0.2012 0.1186 0.1786 
         206  1 0.0895 0.7526 0.0886 0.0693 
         207  1 0.1403 0.6498 0.0849 0.1250 
         208  1 0.1274 0.5279 0.2246 0.1201 
         209  1 0.0731 0.4289 0.0788 0.4192 
         210  1 0.0628 0.5585 0.1239 0.2547 
         211  1 0.1161 0.4490 0.3683 0.0665 
         212  1 0.3384 0.4420 0.1441 0.0754 
         213  1 0.0640 0.2214 0.1776 0.5369 
         214  1 0.1145 0.6686 0.1145 0.1025 
         215  1 0.1201 0.4398 0.0758 0.3642 
         216  1 0.1095 0.0775 0.3130 0.5001 
         217  1 0.4348 0.1010 0.3359 0.1283 
         218  1 0.3108 0.1210 0.4276 0.1406 
         219  1 0.0966 0.2113 0.2739 0.4183 
         220  1 0.2049 0.5027 0.1194 0.1730 
         221  1 0.1550 0.0948 0.2957 0.4546 
         222  1 0.0866 0.6995 0.1410 0.0729 
         223  1 0.1559 0.2595 0.1109 0.4737 
         224  1 0.1326 0.2207 0.3340 0.3127 
         225  1 0.1036 0.4114 0.4085 0.0764 
         226  1 0.1686 0.1153 0.1790 0.5371 
         227  1 0.2892 0.1423 0.0976 0.4710 
         228  1 0.1469 0.2405 0.2033 0.4093 
         229  1 0.3195 0.1127 0.4717 0.0961 
         230  1 0.2992 0.1624 0.3690 0.1694 
         231  1 0.2432 0.1686 0.1213 0.4669 
         232  1 0.2999 0.1780 0.3249 0.1972 
         233  1 0.0874 0.0794 0.6105 0.2228 
         234  1 0.1522 0.1688 0.0873 0.5916 
         235  1 0.1222 0.2177 0.1203 0.5398 
         236  1 0.0739 0.2096 0.1847 0.5319 
         237  1 0.0680 0.5555 0.0889 0.2877 
         238  1 0.2779 0.1291 0.0911 0.5019 
         239  1 0.6502 0.1150 0.1115 0.1233 
         240  1 0.2663 0.0955 0.4934 0.1448 
         241  1 0.2356 0.0945 0.1413 0.5286 
         242  1 0.2339 0.0881 0.2461 0.4319 
         243  1 0.0725 0.5316 0.0942 0.3017 
         244  1 0.2739 0.0809 0.1401 0.5052 
         245  1 0.0927 0.0754 0.5409 0.2909 
         246  1 0.2092 0.1045 0.6036 0.0827 
         247  1 0.6799 0.0882 0.1067 0.1252 
         248  1 0.1063 0.1383 0.0463 0.7091 
         249  1 0.1094 0.3333 0.4665 0.0908 
         250  1 0.3339 0.4304 0.1344 0.1013 
         251  1 0.1512 0.1005 0.2498 0.4985 
         252  1 0.0608 0.5215 0.3095 0.1082 
         253  1 0.3257 0.1743 0.1121 0.3879 
         254  1 0.1672 0.6466 0.0994 0.0869 
         255  1 0.1077 0.3745 0.4345 0.0833 
         256  1 0.0884 0.2527 0.0660 0.5928 
         257  1 0.1825 0.5378 0.2015 0.0782 
         258  1 0.1103 0.4291 0.0868 0.3738 
         259  1 0.2135 0.5361 0.0836 0.1669 
         260  1 0.1468 0.6817 0.0866 0.0850 
