           1  1 0.0918 0.2533 0.2685 0.0452 0.0712 0.2700 
           2  1 0.0234 0.1716 0.5338 0.0492 0.0402 0.1818 
           3  1 0.0222 0.1731 0.5326 0.0473 0.0395 0.1854 
           4  1 0.3988 0.0816 0.1128 0.2316 0.1087 0.0666 
           5  1 0.0863 0.0309 0.0539 0.0507 0.6899 0.0883 
           6  1 0.0237 0.3722 0.1545 0.0323 0.0764 0.3410 
           7  1 0.0627 0.0469 0.0929 0.7039 0.0499 0.0437 
           8  1 0.0527 0.3381 0.1766 0.0435 0.0684 0.3207 
           9  1 0.5549 0.0666 0.1513 0.0320 0.1085 0.0869 
          10  1 0.0667 0.1495 0.4411 0.0307 0.0968 0.2151 
          11  1 0.0984 0.0287 0.0663 0.0545 0.6642 0.0879 
          12  1 0.0323 0.4411 0.1160 0.0273 0.0383 0.3449 
          13  1 0.0849 0.4461 0.0329 0.0486 0.0603 0.3272 
          14  1 0.0419 0.2964 0.2035 0.0344 0.1311 0.2927 
          15  1 0.7520 0.0320 0.0370 0.0298 0.1146 0.0346 
          16  1 0.1552 0.1967 0.1522 0.1002 0.1947 0.2010 
          17  1 0.0175 0.0617 0.0720 0.7710 0.0251 0.0527 
          18  1 0.1180 0.3598 0.1201 0.0354 0.0601 0.3066 
          19  1 0.1544 0.2947 0.1467 0.0498 0.1045 0.2498 
          20  1 0.0685 0.0468 0.0515 0.6996 0.0934 0.0401 
          21  1 0.0892 0.1761 0.0890 0.4551 0.0736 0.1170 
          22  1 0.0527 0.1690 0.4318 0.1282 0.0842 0.1340 
          23  1 0.6431 0.0729 0.0614 0.0334 0.1211 0.0681 
          24  1 0.0697 0.2536 0.2108 0.1622 0.0518 0.2519 
          25  1 0.0498 0.0747 0.3030 0.0300 0.3317 0.2109 
          26  1 0.1727 0.0544 0.1083 0.0507 0.5062 0.1078 
          27  1 0.0639 0.1333 0.1225 0.1034 0.3763 0.2006 
          28  1 0.1975 0.1438 0.0978 0.0707 0.3589 0.1312 
          29  1 0.0510 0.1402 0.3672 0.0466 0.1642 0.2307 
          30  1 0.0541 0.1603 0.4151 0.0399 0.1092 0.2215 
          31  1 0.0481 0.2124 0.1320 0.3440 0.1013 0.1622 
          32  1 0.0471 0.2861 0.2730 0.0265 0.0525 0.3148 
          33  1 0.1035 0.0659 0.1038 0.5058 0.1435 0.0775 
          34  1 0.0948 0.1397 0.2117 0.0895 0.2790 0.1853 
          35  1 0.0255 0.2560 0.3427 0.0676 0.0388 0.2693 
          36  1 0.3809 0.1132 0.1084 0.0699 0.2122 0.1153 
          37  1 0.0210 0.1903 0.4997 0.0832 0.0490 0.1567 
          38  1 0.0314 0.0799 0.1591 0.0739 0.4487 0.2070 
          39  1 0.5649 0.0817 0.0558 0.0430 0.1913 0.0632 
          40  1 0.0825 0.1748 0.2304 0.0471 0.2109 0.2542 
          41  1 0.0338 0.4783 0.0681 0.0244 0.0328 0.3626 
          42  1 0.0587 0.2918 0.2057 0.0486 0.1074 0.2879 
          43  1 0.0774 0.0851 0.3132 0.2395 0.1715 0.1132 
          44  1 0.0555 0.2192 0.3349 0.1376 0.0408 0.2120 
          45  1 0.0234 0.1390 0.3289 0.3560 0.0390 0.1138 
          46  1 0.0674 0.0964 0.0551 0.0934 0.5659 0.1217 
          47  1 0.0416 0.3047 0.3015 0.0892 0.0289 0.2341 
          48  1 0.0297 0.1566 0.4607 0.0518 0.0759 0.2253 
          49  1 0.0902 0.0752 0.1194 0.0453 0.5289 0.1410 
          50  1 0.0484 0.0348 0.0890 0.0357 0.7019 0.0903 
          51  1 0.0324 0.1781 0.0593 0.6032 0.0321 0.0949 
          52  1 0.6835 0.0497 0.0564 0.0418 0.1180 0.0506 
          53  1 0.0361 0.3557 0.1869 0.1247 0.0381 0.2585 
          54  1 0.0809 0.1921 0.3957 0.0360 0.0722 0.2232 
          55  1 0.2369 0.0552 0.1032 0.0888 0.4096 0.1063 
          56  1 0.0795 0.0722 0.1819 0.0672 0.4859 0.1133 
          57  1 0.0139 0.1583 0.4345 0.0803 0.0958 0.2172 
          58  1 0.0398 0.1087 0.3255 0.3342 0.0783 0.1135 
          59  1 0.5588 0.0823 0.0701 0.0510 0.1600 0.0777 
          60  1 0.0446 0.1899 0.2373 0.0561 0.2285 0.2436 
          61  1 0.0705 0.2999 0.1858 0.0718 0.0924 0.2795 
          62  1 0.1243 0.0243 0.0724 0.0420 0.6465 0.0905 
          63  1 0.0387 0.2824 0.3091 0.0207 0.0361 0.3131 
          64  1 0.3181 0.1168 0.0931 0.0577 0.2957 0.1186 
          65  1 0.0629 0.2888 0.1130 0.1028 0.1481 0.2844 
          66  1 0.6513 0.1229 0.0416 0.0417 0.0416 0.1009 
          67  1 0.4597 0.1810 0.0564 0.0785 0.0882 0.1361 
          68  1 0.3456 0.1180 0.0542 0.1910 0.1962 0.0951 
          69  1 0.0740 0.1105 0.0506 0.6182 0.0768 0.0699 
          70  1 0.5178 0.0736 0.0440 0.0469 0.2425 0.0752 
          71  1 0.0405 0.1265 0.4461 0.0431 0.1632 0.1806 
          72  1 0.3351 0.0620 0.0664 0.0525 0.4117 0.0724 
          73  1 0.0357 0.0351 0.1033 0.1104 0.5707 0.1448 
          74  1 0.0469 0.2080 0.2227 0.2316 0.0687 0.2222 
          75  1 0.0828 0.0358 0.0842 0.0253 0.6562 0.1158 
          76  1 0.0857 0.0375 0.0370 0.7374 0.0688 0.0336 
          77  1 0.0778 0.0577 0.0669 0.6354 0.1157 0.0465 
          78  1 0.0456 0.0500 0.0756 0.0316 0.6532 0.1441 
          79  1 0.0429 0.0373 0.1059 0.0251 0.6115 0.1773 
          80  1 0.4758 0.0488 0.0267 0.0503 0.3524 0.0459 
          81  1 0.0601 0.3529 0.1767 0.0277 0.0570 0.3255 
          82  1 0.2160 0.0566 0.1272 0.0793 0.3994 0.1215 
          83  1 0.2442 0.0301 0.0546 0.0388 0.5484 0.0839 
          84  1 0.0615 0.1920 0.4206 0.0331 0.0910 0.2017 
          85  1 0.0487 0.4294 0.1196 0.0278 0.0385 0.3360 
          86  1 0.0186 0.2963 0.1284 0.2563 0.0568 0.2437 
          87  1 0.4390 0.0417 0.0308 0.0557 0.3854 0.0474 
          88  1 0.0697 0.1633 0.3795 0.0380 0.1135 0.2360 
          89  1 0.0260 0.4286 0.0623 0.1512 0.0325 0.2993 
          90  1 0.0395 0.1823 0.3769 0.0195 0.1385 0.2433 
          91  1 0.0387 0.4108 0.1360 0.0192 0.0390 0.3563 
          92  1 0.0474 0.1168 0.3853 0.2057 0.0972 0.1476 
          93  1 0.0396 0.1871 0.2610 0.2586 0.0525 0.2012 
          94  1 0.0195 0.2811 0.3340 0.0536 0.0297 0.2821 
          95  1 0.2363 0.1156 0.1230 0.0620 0.3227 0.1404 
          96  1 0.4104 0.2086 0.0795 0.0585 0.0749 0.1681 
          97  1 0.8411 0.0345 0.0394 0.0229 0.0305 0.0316 
          98  1 0.2165 0.1398 0.2169 0.0478 0.1965 0.1825 
          99  1 0.1435 0.1052 0.0995 0.4846 0.0686 0.0986 
         100  1 0.2239 0.0582 0.0529 0.2658 0.3158 0.0834 
         101  1 0.4962 0.1138 0.0891 0.0462 0.1420 0.1126 
         102  1 0.2302 0.2419 0.1151 0.0537 0.1354 0.2236 
         103  1 0.5485 0.1057 0.1296 0.0340 0.0935 0.0888 
         104  1 0.3607 0.1191 0.1034 0.2337 0.0802 0.1028 
         105  1 0.0776 0.1516 0.0823 0.0336 0.5163 0.1385 
         106  1 0.2406 0.0294 0.0521 0.0406 0.5552 0.0821 
         107  1 0.7964 0.0383 0.0239 0.0370 0.0696 0.0348 
         108  1 0.1981 0.2883 0.0757 0.0920 0.1310 0.2149 
         109  1 0.0688 0.0536 0.1952 0.3396 0.2667 0.0759 
         110  1 0.0834 0.2094 0.0960 0.4180 0.0496 0.1436 
         111  1 0.0188 0.4326 0.1500 0.0215 0.0391 0.3378 
         112  1 0.0466 0.3782 0.1400 0.0264 0.0576 0.3513 
         113  1 0.0789 0.2488 0.1277 0.2585 0.1084 0.1777 
         114  1 0.0447 0.1991 0.4522 0.0292 0.0523 0.2223 
         115  1 0.1834 0.3680 0.0510 0.0647 0.0867 0.2462 
         116  1 0.0316 0.1983 0.3542 0.0815 0.0926 0.2418 
         117  1 0.0194 0.2459 0.3207 0.1299 0.0381 0.2461 
         118  1 0.2278 0.0633 0.1486 0.0475 0.3892 0.1236 
         119  1 0.1513 0.1437 0.1683 0.3640 0.0474 0.1254 
         120  1 0.0965 0.1273 0.1945 0.3015 0.1222 0.1580 
         121  1 0.0228 0.1348 0.2415 0.2956 0.1217 0.1836 
         122  1 0.2518 0.1068 0.2034 0.2519 0.0871 0.0991 
         123  1 0.4321 0.0639 0.0700 0.0586 0.2945 0.0809 
         124  1 0.1358 0.2576 0.1197 0.2322 0.0770 0.1777 
         125  1 0.6888 0.0518 0.0554 0.0286 0.1299 0.0456 
         126  1 0.0419 0.1578 0.0812 0.5336 0.0645 0.1210 
         127  1 0.0442 0.0348 0.0705 0.7511 0.0644 0.0349 
         128  1 0.6593 0.0546 0.1019 0.0319 0.0890 0.0634 
         129  1 0.0172 0.0373 0.1031 0.4901 0.2442 0.1082 
         130  1 0.1047 0.3563 0.0504 0.0478 0.1826 0.2583 
         131  1 0.0320 0.0384 0.0577 0.7278 0.0990 0.0452 
         132  1 0.0953 0.1930 0.3178 0.0592 0.1098 0.2250 
         133  1 0.0743 0.1441 0.2375 0.3282 0.0627 0.1532 
         134  1 0.4427 0.1678 0.1236 0.0454 0.0793 0.1411 
         135  1 0.0439 0.3606 0.1931 0.1060 0.0304 0.2659 
         136  1 0.0340 0.3645 0.0964 0.0494 0.1248 0.3310 
         137  1 0.6060 0.0733 0.0550 0.0639 0.1367 0.0652 
         138  1 0.2262 0.1672 0.2333 0.1789 0.0622 0.1323 
         139  1 0.8062 0.0553 0.0276 0.0322 0.0392 0.0394 
         140  1 0.7353 0.0564 0.0513 0.0325 0.0707 0.0539 
         141  1 0.1772 0.1839 0.2293 0.1773 0.0439 0.1884 
         142  1 0.2030 0.3642 0.0881 0.0263 0.0368 0.2816 
         143  1 0.4374 0.0604 0.1551 0.0848 0.1921 0.0703 
         144  1 0.0365 0.0900 0.1952 0.2411 0.2755 0.1616 
         145  1 0.4377 0.0881 0.1087 0.1401 0.1212 0.1041 
         146  1 0.1029 0.0346 0.0461 0.0520 0.6877 0.0767 
         147  1 0.6103 0.0617 0.0883 0.0403 0.1252 0.0742 
         148  1 0.0760 0.3629 0.2152 0.0265 0.0437 0.2757 
         149  1 0.1443 0.1687 0.1468 0.2902 0.1161 0.1339 
         150  1 0.0391 0.2796 0.3054 0.0519 0.0264 0.2976 
         151  1 0.6835 0.0429 0.0682 0.0376 0.1174 0.0504 
         152  1 0.4064 0.1017 0.1552 0.0697 0.1381 0.1289 
         153  1 0.0446 0.0249 0.1028 0.0211 0.6323 0.1742 
         154  1 0.0217 0.4385 0.1373 0.0557 0.0322 0.3146 
         155  1 0.0657 0.0610 0.2264 0.0503 0.4223 0.1742 
         156  1 0.4181 0.1076 0.1308 0.0410 0.2052 0.0973 
         157  1 0.2928 0.0717 0.1246 0.3837 0.0601 0.0670 
         158  1 0.1990 0.1114 0.3179 0.0431 0.1453 0.1833 
         159  1 0.0598 0.4369 0.0415 0.0780 0.0631 0.3207 
         160  1 0.0735 0.2270 0.3110 0.0468 0.0742 0.2675 
         161  1 0.0272 0.0674 0.1202 0.4148 0.2611 0.1093 
         162  1 0.0621 0.2306 0.2045 0.0563 0.1757 0.2708 
         163  1 0.1399 0.1342 0.1220 0.0689 0.3816 0.1533 
         164  1 0.0288 0.2750 0.3168 0.1005 0.0431 0.2358 
         165  1 0.0670 0.1725 0.3648 0.1607 0.0714 0.1637 
         166  1 0.0491 0.2212 0.3344 0.0365 0.1079 0.2509 
         167  1 0.0530 0.1349 0.4020 0.0389 0.1828 0.1884 
         168  1 0.0275 0.3765 0.1830 0.0182 0.0339 0.3609 
         169  1 0.0246 0.5006 0.0396 0.0339 0.0333 0.3681 
         170  1 0.0561 0.2339 0.2958 0.1335 0.0317 0.2490 
         171  1 0.0215 0.4309 0.1192 0.0330 0.0426 0.3528 
         172  1 0.0140 0.1331 0.1019 0.5939 0.0519 0.1053 
         173  1 0.0737 0.3748 0.0295 0.1619 0.0979 0.2622 
         174  1 0.7051 0.0274 0.0391 0.0301 0.1646 0.0337 
         175  1 0.0608 0.1612 0.4039 0.1359 0.0652 0.1731 
         176  1 0.6714 0.0522 0.0420 0.0605 0.1161 0.0578 
         177  1 0.0338 0.1669 0.2713 0.2808 0.0629 0.1842 
         178  1 0.0367 0.2150 0.2861 0.0622 0.1139 0.2861 
         179  1 0.1097 0.3056 0.2832 0.0270 0.0340 0.2406 
         180  1 0.1226 0.0354 0.0648 0.0590 0.6270 0.0912 
         181  1 0.3378 0.1439 0.1044 0.0776 0.2088 0.1275 
         182  1 0.0670 0.1407 0.1250 0.4785 0.0776 0.1111 
         183  1 0.0606 0.0537 0.0397 0.7793 0.0307 0.0360 
         184  1 0.0691 0.2242 0.2246 0.1116 0.1110 0.2595 
         185  1 0.0633 0.2310 0.2942 0.0442 0.0971 0.2702 
         186  1 0.0408 0.2950 0.2512 0.0401 0.0744 0.2985 
         187  1 0.0233 0.1015 0.1350 0.1080 0.4419 0.1903 
         188  1 0.0343 0.2472 0.1332 0.3566 0.0368 0.1919 
         189  1 0.0379 0.5084 0.0354 0.0206 0.0418 0.3559 
         190  1 0.1853 0.0683 0.0449 0.5056 0.1485 0.0474 
         191  1 0.2366 0.1189 0.0792 0.2212 0.2331 0.1110 
         192  1 0.0256 0.2914 0.1812 0.1866 0.0739 0.2414 
         193  1 0.3433 0.0437 0.0479 0.0473 0.4656 0.0523 
         194  1 0.4927 0.0263 0.0397 0.1792 0.2240 0.0380 
         195  1 0.1197 0.0628 0.2021 0.0721 0.4020 0.1412 
         196  1 0.0583 0.1842 0.1911 0.3412 0.0518 0.1734 
         197  1 0.0685 0.0351 0.0504 0.6701 0.1188 0.0571 
         198  1 0.0275 0.2781 0.2685 0.1296 0.0293 0.2670 
         199  1 0.0635 0.2400 0.3580 0.0254 0.0557 0.2575 
         200  1 0.0167 0.5034 0.0576 0.0261 0.0280 0.3683 
         201  1 0.0501 0.0938 0.1967 0.0649 0.4553 0.1392 
         202  1 0.0222 0.3254 0.1672 0.1871 0.0575 0.2407 
         203  1 0.1257 0.1638 0.1336 0.1390 0.2732 0.1647 
         204  1 0.0390 0.3165 0.2003 0.0522 0.1007 0.2913 
         205  1 0.2113 0.2569 0.1799 0.0468 0.0649 0.2403 
         206  1 0.7341 0.0302 0.0220 0.0689 0.1127 0.0320 
         207  1 0.8184 0.0344 0.0438 0.0288 0.0381 0.0365 
         208  1 0.4111 0.0558 0.1015 0.1060 0.2562 0.0694 
         209  1 0.1937 0.0363 0.0542 0.6003 0.0801 0.0354 
         210  1 0.2636 0.0355 0.0464 0.3149 0.2966 0.0431 
         211  1 0.1223 0.0444 0.0444 0.0533 0.6554 0.0802 
         212  1 0.1641 0.2126 0.0279 0.0816 0.3692 0.1447 
         213  1 0.0385 0.0218 0.0256 0.8471 0.0430 0.0240 
         214  1 0.7805 0.0351 0.0400 0.0347 0.0732 0.0365 
         215  1 0.4763 0.1134 0.1285 0.1247 0.0656 0.0915 
         216  1 0.0212 0.1643 0.5536 0.0704 0.0481 0.1423 
         217  1 0.0353 0.3735 0.0883 0.0930 0.1069 0.3031 
         218  1 0.0359 0.2202 0.2999 0.0271 0.1116 0.3053 
         219  1 0.0565 0.0750 0.1170 0.5241 0.1500 0.0775 
         220  1 0.6373 0.0685 0.1032 0.0399 0.0807 0.0704 
         221  1 0.0286 0.1082 0.1512 0.5320 0.0695 0.1104 
         222  1 0.4274 0.0262 0.0285 0.0341 0.4468 0.0371 
         223  1 0.0870 0.1743 0.1645 0.2798 0.1170 0.1774 
         224  1 0.0594 0.0993 0.1423 0.3262 0.2743 0.0985 
         225  1 0.1163 0.0341 0.0505 0.0428 0.6600 0.0963 
         226  1 0.0530 0.1662 0.2603 0.2931 0.0495 0.1778 
         227  1 0.0789 0.2533 0.2529 0.1118 0.0538 0.2493 
         228  1 0.0545 0.0510 0.0584 0.7173 0.0678 0.0510 
         229  1 0.0388 0.2263 0.1365 0.0823 0.2567 0.2595 
         230  1 0.0679 0.2495 0.2267 0.0585 0.1538 0.2435 
         231  1 0.0890 0.2331 0.2518 0.1690 0.0607 0.1964 
         232  1 0.0570 0.2308 0.2198 0.0472 0.2123 0.2329 
         233  1 0.0242 0.0989 0.3968 0.1336 0.1823 0.1641 
         234  1 0.0519 0.0925 0.1272 0.6316 0.0403 0.0564 
         235  1 0.1294 0.0776 0.1092 0.5590 0.0518 0.0729 
         236  1 0.0729 0.0561 0.1031 0.6415 0.0656 0.0608 
         237  1 0.5292 0.0325 0.0501 0.3130 0.0446 0.0307 
         238  1 0.0877 0.2754 0.2599 0.0790 0.0279 0.2700 
         239  1 0.0597 0.3622 0.1831 0.0224 0.0429 0.3297 
         240  1 0.0336 0.1804 0.4039 0.0483 0.0954 0.2385 
         241  1 0.0288 0.2691 0.3854 0.0360 0.0271 0.2537 
         242  1 0.0348 0.2260 0.3458 0.1400 0.0620 0.1915 
         243  1 0.4278 0.0452 0.0710 0.3375 0.0757 0.0428 
         244  1 0.0284 0.2208 0.4677 0.0828 0.0307 0.1697 
         245  1 0.0215 0.0585 0.1137 0.4815 0.2226 0.1022 
         246  1 0.0325 0.1750 0.1022 0.0680 0.3781 0.2442 
         247  1 0.0342 0.4530 0.0867 0.0350 0.0385 0.3524 
         248  1 0.0517 0.1114 0.1077 0.6077 0.0296 0.0919 
         249  1 0.1409 0.0464 0.0821 0.1098 0.5126 0.1081 
         250  1 0.5477 0.1255 0.0918 0.0282 0.1027 0.1041 
         251  1 0.0410 0.2105 0.4084 0.0906 0.0363 0.2132 
         252  1 0.5380 0.0399 0.1074 0.0588 0.1752 0.0807 
         253  1 0.0966 0.2416 0.2442 0.1735 0.0644 0.1797 
         254  1 0.6935 0.0509 0.0337 0.0607 0.1157 0.0455 
         255  1 0.1264 0.0442 0.0550 0.0994 0.5715 0.1036 
         256  1 0.0435 0.0329 0.0258 0.8373 0.0339 0.0266 
         257  1 0.2811 0.0700 0.0487 0.1076 0.4296 0.0629 
         258  1 0.2861 0.0585 0.0627 0.4775 0.0687 0.0465 
         259  1 0.6515 0.0899 0.0860 0.0299 0.0538 0.0890 
         260  1 0.6305 0.0478 0.0270 0.0481 0.2016 0.0450 
