           1  1 0.1351 0.0511 0.3603 0.1331 0.1083 0.1121 0.1000 
           2  1 0.0538 0.0633 0.2075 0.4334 0.1618 0.0352 0.0450 
           3  1 0.0508 0.0648 0.2035 0.4371 0.1640 0.0370 0.0428 
           4  1 0.1986 0.1782 0.1600 0.1144 0.0728 0.2398 0.0363 
           5  1 0.1948 0.0720 0.0298 0.1485 0.3248 0.1898 0.0403 
           6  1 0.0579 0.0401 0.0574 0.1460 0.1637 0.0472 0.4877 
           7  1 0.0776 0.5424 0.0847 0.1081 0.0578 0.0860 0.0434 
           8  1 0.0897 0.0534 0.0755 0.1633 0.1466 0.0707 0.4008 
           9  1 0.2887 0.0342 0.0750 0.1492 0.1134 0.2744 0.0651 
          10  1 0.1084 0.0376 0.0839 0.3335 0.2447 0.0884 0.1037 
          11  1 0.1745 0.0794 0.0365 0.1683 0.3084 0.1877 0.0452 
          12  1 0.0610 0.0358 0.0984 0.0880 0.0559 0.0555 0.6054 
          13  1 0.0660 0.0530 0.0382 0.0427 0.0637 0.0896 0.6466 
          14  1 0.1136 0.0458 0.0613 0.1916 0.2038 0.0923 0.2915 
          15  1 0.2721 0.0400 0.0458 0.0984 0.1155 0.3804 0.0478 
          16  1 0.1370 0.0932 0.2110 0.1192 0.1644 0.1569 0.1182 
          17  1 0.0403 0.6574 0.1204 0.0560 0.0410 0.0271 0.0579 
          18  1 0.1245 0.0470 0.1340 0.0954 0.0783 0.0935 0.4272 
          19  1 0.1480 0.0513 0.1109 0.1151 0.0942 0.1326 0.3480 
          20  1 0.1082 0.4985 0.0879 0.0560 0.0884 0.1245 0.0366 
          21  1 0.1228 0.2826 0.1865 0.0664 0.0696 0.1328 0.1393 
          22  1 0.0904 0.0900 0.2426 0.3285 0.0994 0.0828 0.0662 
          23  1 0.2376 0.0406 0.0771 0.1181 0.1081 0.3126 0.1058 
          24  1 0.1080 0.1468 0.3519 0.0858 0.0678 0.0761 0.1637 
          25  1 0.0912 0.0392 0.0731 0.2585 0.4318 0.0768 0.0294 
          26  1 0.3021 0.0607 0.0551 0.1184 0.2289 0.1797 0.0550 
          27  1 0.1214 0.1313 0.0466 0.1439 0.3335 0.0798 0.1436 
          28  1 0.1964 0.0714 0.0781 0.1226 0.1719 0.2414 0.1183 
          29  1 0.1871 0.0529 0.1466 0.2050 0.2191 0.0977 0.0918 
          30  1 0.0921 0.0514 0.1561 0.3087 0.2462 0.0707 0.0748 
          31  1 0.1020 0.2355 0.2469 0.0852 0.0871 0.1036 0.1397 
          32  1 0.0987 0.0352 0.4306 0.1277 0.0862 0.0719 0.1497 
          33  1 0.0933 0.3891 0.0346 0.1567 0.1393 0.1163 0.0707 
          34  1 0.1775 0.0775 0.0667 0.2012 0.2361 0.1470 0.0941 
          35  1 0.0685 0.0747 0.5660 0.1145 0.0661 0.0490 0.0613 
          36  1 0.2167 0.0631 0.1020 0.1342 0.1275 0.2261 0.1304 
          37  1 0.1613 0.0800 0.1951 0.3307 0.0569 0.0444 0.1317 
          38  1 0.0970 0.0878 0.0640 0.1958 0.4096 0.0644 0.0816 
          39  1 0.2159 0.0473 0.0538 0.1101 0.1295 0.3111 0.1323 
          40  1 0.1059 0.0540 0.0842 0.1965 0.3186 0.0815 0.1592 
          41  1 0.0771 0.0355 0.0468 0.0566 0.0451 0.0480 0.6909 
          42  1 0.1409 0.0561 0.3041 0.0963 0.1008 0.1035 0.1983 
          43  1 0.1042 0.1679 0.0896 0.3209 0.1834 0.1080 0.0259 
          44  1 0.0742 0.1412 0.3973 0.1672 0.0942 0.0647 0.0612 
          45  1 0.0499 0.2914 0.2078 0.2683 0.0859 0.0381 0.0585 
          46  1 0.1317 0.1102 0.0464 0.1365 0.3120 0.1312 0.1320 
          47  1 0.0528 0.1021 0.1526 0.2534 0.0374 0.0492 0.3524 
          48  1 0.1352 0.0583 0.1124 0.3229 0.2070 0.0595 0.1048 
          49  1 0.2852 0.0490 0.0590 0.1273 0.2581 0.1391 0.0823 
          50  1 0.3268 0.0449 0.0410 0.1123 0.2649 0.1740 0.0361 
          51  1 0.0464 0.4998 0.0919 0.0579 0.0438 0.0527 0.2074 
          52  1 0.2824 0.0494 0.0653 0.1064 0.0914 0.3459 0.0592 
          53  1 0.0642 0.1249 0.2754 0.1033 0.0666 0.0554 0.3103 
          54  1 0.1155 0.0421 0.2849 0.2568 0.1584 0.0910 0.0513 
          55  1 0.1920 0.0828 0.0540 0.1591 0.2627 0.2035 0.0460 
          56  1 0.1964 0.0603 0.0587 0.1860 0.2520 0.1902 0.0564 
          57  1 0.0353 0.0927 0.1505 0.3593 0.2870 0.0305 0.0447 
          58  1 0.0927 0.2645 0.0868 0.2911 0.1231 0.0640 0.0778 
          59  1 0.2316 0.0529 0.1193 0.0974 0.1324 0.2736 0.0927 
          60  1 0.1158 0.0620 0.2139 0.1563 0.2452 0.0804 0.1264 
          61  1 0.1345 0.0734 0.2452 0.0932 0.0807 0.1011 0.2720 
          62  1 0.1692 0.0686 0.0443 0.1766 0.3320 0.1816 0.0278 
          63  1 0.0844 0.0258 0.6345 0.0930 0.0679 0.0479 0.0466 
          64  1 0.1991 0.0487 0.1308 0.1045 0.1687 0.2496 0.0986 
          65  1 0.0911 0.1188 0.0484 0.1269 0.2001 0.0787 0.3360 
          66  1 0.2455 0.0538 0.0585 0.0806 0.0504 0.3034 0.2078 
          67  1 0.2930 0.0975 0.0606 0.0707 0.0734 0.2188 0.1860 
          68  1 0.1854 0.1544 0.0756 0.0817 0.1323 0.2242 0.1463 
          69  1 0.0917 0.4249 0.0697 0.0743 0.0800 0.1194 0.1400 
          70  1 0.2005 0.0462 0.0614 0.0920 0.1601 0.3692 0.0707 
          71  1 0.2823 0.0440 0.1218 0.2277 0.1754 0.0984 0.0504 
          72  1 0.2250 0.0526 0.0590 0.1202 0.1782 0.2887 0.0763 
          73  1 0.1959 0.1268 0.0349 0.1447 0.3920 0.0723 0.0334 
          74  1 0.1298 0.2257 0.2961 0.0988 0.0965 0.0633 0.0899 
          75  1 0.1201 0.0342 0.0490 0.2186 0.3544 0.1816 0.0422 
          76  1 0.0935 0.5942 0.0376 0.0548 0.0745 0.1085 0.0369 
          77  1 0.2406 0.3780 0.0786 0.0552 0.0636 0.1385 0.0455 
          78  1 0.0856 0.0432 0.0347 0.2063 0.4375 0.1217 0.0711 
          79  1 0.0546 0.0322 0.0447 0.2360 0.5380 0.0602 0.0343 
          80  1 0.2152 0.0522 0.0495 0.0979 0.1649 0.3635 0.0567 
          81  1 0.0830 0.0341 0.3029 0.0927 0.0845 0.0819 0.3209 
          82  1 0.1671 0.0815 0.0626 0.1853 0.2773 0.1789 0.0472 
          83  1 0.1806 0.0474 0.0373 0.1500 0.2947 0.2553 0.0346 
          84  1 0.1206 0.0411 0.0972 0.3623 0.1509 0.0731 0.1548 
          85  1 0.0963 0.0355 0.0881 0.1006 0.0526 0.0631 0.5638 
          86  1 0.0905 0.2587 0.0660 0.1200 0.0978 0.0406 0.3264 
          87  1 0.2183 0.0708 0.0367 0.1048 0.1665 0.3400 0.0629 
          88  1 0.1208 0.0480 0.2110 0.2485 0.2328 0.0822 0.0567 
          89  1 0.0998 0.1850 0.0729 0.0635 0.0477 0.0379 0.4933 
          90  1 0.0631 0.0256 0.0808 0.3705 0.2704 0.0504 0.1392 
          91  1 0.0613 0.0237 0.2741 0.0732 0.0601 0.0511 0.4565 
          92  1 0.0926 0.1967 0.1403 0.2960 0.1676 0.0678 0.0391 
          93  1 0.0748 0.2444 0.2813 0.1340 0.1009 0.0595 0.1050 
          94  1 0.0464 0.0623 0.6320 0.0956 0.0568 0.0372 0.0696 
          95  1 0.1906 0.0571 0.1961 0.1287 0.1801 0.1958 0.0516 
          96  1 0.1936 0.0562 0.1543 0.0674 0.0793 0.1933 0.2558 
          97  1 0.3064 0.0273 0.0535 0.0856 0.0390 0.4365 0.0516 
          98  1 0.1597 0.0471 0.2037 0.1709 0.1723 0.1804 0.0659 
          99  1 0.1112 0.3547 0.1801 0.0788 0.0795 0.1294 0.0663 
         100  1 0.1447 0.2307 0.0385 0.1090 0.2239 0.1803 0.0729 
         101  1 0.2340 0.0502 0.1560 0.0992 0.1105 0.2473 0.1027 
         102  1 0.1778 0.0494 0.1785 0.0910 0.0899 0.1651 0.2484 
         103  1 0.2107 0.0387 0.0991 0.1549 0.0967 0.2772 0.1227 
         104  1 0.1549 0.1817 0.1973 0.0810 0.0804 0.2272 0.0775 
         105  1 0.1264 0.0414 0.0253 0.1640 0.2769 0.2072 0.1588 
         106  1 0.1771 0.0504 0.0382 0.1492 0.2950 0.2561 0.0339 
         107  1 0.2964 0.0428 0.0253 0.0828 0.0731 0.4206 0.0590 
         108  1 0.1322 0.0723 0.1064 0.0703 0.0965 0.1562 0.3661 
         109  1 0.1013 0.2784 0.0536 0.2506 0.1643 0.1159 0.0359 
         110  1 0.0825 0.2844 0.1878 0.0681 0.0641 0.0898 0.2233 
         111  1 0.0445 0.0259 0.1710 0.0773 0.0621 0.0389 0.5802 
         112  1 0.0739 0.0374 0.0521 0.1257 0.1228 0.0614 0.5268 
         113  1 0.1115 0.1724 0.1179 0.1219 0.0820 0.1446 0.2497 
         114  1 0.0939 0.0356 0.1542 0.3367 0.1875 0.0618 0.1303 
         115  1 0.1156 0.0598 0.0825 0.0605 0.0886 0.1328 0.4602 
         116  1 0.1624 0.0872 0.1902 0.2080 0.1502 0.0686 0.1335 
         117  1 0.0562 0.1435 0.5036 0.1140 0.0607 0.0401 0.0821 
         118  1 0.1581 0.0576 0.0422 0.2176 0.2660 0.1959 0.0626 
         119  1 0.1337 0.2154 0.3185 0.0876 0.0570 0.1339 0.0538 
         120  1 0.2006 0.2054 0.2552 0.1009 0.1015 0.1120 0.0244 
         121  1 0.1388 0.2456 0.2086 0.1435 0.1517 0.0758 0.0361 
         122  1 0.1633 0.1859 0.1594 0.1725 0.0817 0.1688 0.0683 
         123  1 0.2222 0.0628 0.0355 0.1392 0.1669 0.2942 0.0791 
         124  1 0.1138 0.1709 0.2166 0.0840 0.0730 0.1334 0.2084 
         125  1 0.2774 0.0385 0.0750 0.1163 0.1034 0.3215 0.0679 
         126  1 0.0928 0.4006 0.1131 0.0753 0.0684 0.0692 0.1805 
         127  1 0.0584 0.5923 0.0875 0.1053 0.0681 0.0644 0.0240 
         128  1 0.2717 0.0360 0.0795 0.1292 0.0947 0.3370 0.0518 
         129  1 0.0557 0.4198 0.0488 0.1351 0.2724 0.0425 0.0256 
         130  1 0.0993 0.0620 0.0420 0.0740 0.1378 0.1219 0.4630 
         131  1 0.0461 0.6321 0.0895 0.0673 0.0852 0.0551 0.0247 
         132  1 0.2437 0.0553 0.2411 0.1494 0.0965 0.1222 0.0919 
         133  1 0.2255 0.2217 0.2001 0.1296 0.0492 0.1019 0.0719 
         134  1 0.1914 0.0443 0.0787 0.1348 0.0856 0.2249 0.2403 
         135  1 0.0603 0.1099 0.1115 0.1624 0.0594 0.0477 0.4488 
         136  1 0.0810 0.0611 0.0600 0.1154 0.1680 0.0567 0.4578 
         137  1 0.2826 0.0670 0.0719 0.0967 0.0914 0.2877 0.1028 
         138  1 0.1397 0.1148 0.2982 0.1652 0.0647 0.1647 0.0528 
         139  1 0.2900 0.0443 0.0502 0.0804 0.0528 0.3775 0.1048 
         140  1 0.2741 0.0418 0.0601 0.1017 0.0717 0.3618 0.0888 
         141  1 0.1230 0.1616 0.3469 0.1063 0.0488 0.1264 0.0869 
         142  1 0.1221 0.0330 0.1416 0.0889 0.0612 0.1123 0.4409 
         143  1 0.3809 0.0638 0.0744 0.1166 0.1009 0.2318 0.0316 
         144  1 0.0844 0.2084 0.1439 0.1638 0.3126 0.0585 0.0284 
         145  1 0.2157 0.1243 0.1290 0.1067 0.1030 0.2629 0.0585 
         146  1 0.1452 0.0629 0.0345 0.1437 0.3280 0.2369 0.0488 
         147  1 0.2582 0.0399 0.1484 0.1096 0.0942 0.3195 0.0302 
         148  1 0.0775 0.0325 0.1414 0.1599 0.0800 0.0748 0.4339 
         149  1 0.1222 0.2311 0.2707 0.0886 0.0923 0.1322 0.0629 
         150  1 0.0585 0.0606 0.6647 0.0795 0.0539 0.0460 0.0367 
         151  1 0.3271 0.0478 0.0647 0.1106 0.0879 0.3105 0.0513 
         152  1 0.2179 0.0593 0.1852 0.1226 0.1130 0.2303 0.0717 
         153  1 0.0775 0.0292 0.0266 0.2294 0.5387 0.0691 0.0296 
         154  1 0.1017 0.0696 0.2473 0.0736 0.0398 0.0457 0.4224 
         155  1 0.0817 0.0631 0.0356 0.3174 0.3820 0.0875 0.0327 
         156  1 0.2276 0.0391 0.1179 0.1328 0.1367 0.2731 0.0728 
         157  1 0.1705 0.2537 0.1199 0.1224 0.0580 0.2101 0.0655 
         158  1 0.1706 0.0513 0.0861 0.2541 0.2415 0.1296 0.0669 
         159  1 0.0942 0.1117 0.0328 0.0611 0.0724 0.0675 0.5603 
         160  1 0.1062 0.0548 0.0588 0.2331 0.2036 0.0860 0.2574 
         161  1 0.1391 0.3057 0.0762 0.1457 0.2077 0.0756 0.0500 
         162  1 0.1132 0.0637 0.2463 0.1425 0.2088 0.0828 0.1427 
         163  1 0.1951 0.0700 0.1359 0.1243 0.1971 0.1697 0.1079 
         164  1 0.0645 0.1008 0.4507 0.1457 0.0582 0.0540 0.1260 
         165  1 0.1106 0.1438 0.2211 0.2365 0.1054 0.0909 0.0917 
         166  1 0.1380 0.0419 0.1162 0.2189 0.2210 0.0870 0.1770 
         167  1 0.1493 0.0412 0.1596 0.2613 0.2325 0.1119 0.0441 
         168  1 0.0479 0.0241 0.3568 0.0701 0.0628 0.0398 0.3985 
         169  1 0.0600 0.0461 0.0488 0.0449 0.0491 0.0437 0.7075 
         170  1 0.0725 0.1198 0.5267 0.0974 0.0484 0.0677 0.0675 
         171  1 0.0553 0.0431 0.0485 0.1314 0.0816 0.0368 0.6031 
         172  1 0.0572 0.5144 0.1045 0.0872 0.0712 0.0342 0.1313 
         173  1 0.0977 0.1529 0.0299 0.0461 0.0775 0.0975 0.4983 
         174  1 0.2779 0.0342 0.0616 0.0948 0.0996 0.4090 0.0229 
         175  1 0.1314 0.1262 0.3113 0.1985 0.0989 0.0904 0.0435 
         176  1 0.2740 0.0730 0.0397 0.0942 0.0854 0.3597 0.0740 
         177  1 0.1011 0.2355 0.3359 0.1237 0.1002 0.0554 0.0482 
         178  1 0.1403 0.0671 0.2374 0.1507 0.1899 0.0681 0.1464 
         179  1 0.0962 0.0349 0.1782 0.1937 0.0714 0.0868 0.3388 
         180  1 0.1863 0.0737 0.0540 0.1409 0.3313 0.1698 0.0439 
         181  1 0.2396 0.0687 0.0756 0.1182 0.1268 0.2395 0.1317 
         182  1 0.1011 0.3434 0.1531 0.1022 0.0938 0.1006 0.1058 
         183  1 0.0687 0.6290 0.0994 0.0450 0.0344 0.0726 0.0510 
         184  1 0.2248 0.1071 0.2280 0.0985 0.0908 0.1117 0.1391 
         185  1 0.0941 0.0512 0.4109 0.1416 0.1685 0.0724 0.0613 
         186  1 0.0887 0.0517 0.3340 0.1210 0.1119 0.0706 0.2222 
         187  1 0.1123 0.1415 0.0307 0.1761 0.3548 0.0811 0.1035 
         188  1 0.0581 0.3105 0.2047 0.0817 0.0641 0.0468 0.2341 
         189  1 0.0927 0.0278 0.0494 0.0408 0.0567 0.0564 0.6761 
         190  1 0.1140 0.3678 0.0422 0.0807 0.1079 0.2173 0.0701 
         191  1 0.2069 0.1750 0.0706 0.0882 0.1442 0.1771 0.1379 
         192  1 0.0746 0.1726 0.1326 0.1843 0.1143 0.0645 0.2571 
         193  1 0.1928 0.0483 0.0811 0.1163 0.1857 0.3334 0.0424 
         194  1 0.2416 0.1499 0.0385 0.0806 0.1177 0.3437 0.0281 
         195  1 0.1325 0.0785 0.0432 0.2706 0.2836 0.1354 0.0562 
         196  1 0.0781 0.2324 0.4250 0.0800 0.0704 0.0780 0.0360 
         197  1 0.0753 0.5634 0.0441 0.0798 0.1203 0.0808 0.0364 
         198  1 0.0614 0.1317 0.5717 0.0694 0.0484 0.0422 0.0754 
         199  1 0.1127 0.0319 0.4678 0.1571 0.0852 0.0693 0.0760 
         200  1 0.0403 0.0397 0.0445 0.0470 0.0422 0.0299 0.7565 
         201  1 0.1506 0.0636 0.0519 0.2504 0.2704 0.1502 0.0627 
         202  1 0.1033 0.1893 0.2192 0.0874 0.0637 0.0661 0.2709 
         203  1 0.1848 0.0984 0.1785 0.0961 0.1555 0.1810 0.1057 
         204  1 0.1020 0.0673 0.0716 0.1838 0.1284 0.0699 0.3770 
         205  1 0.1231 0.0558 0.2871 0.1173 0.0822 0.1205 0.2141 
         206  1 0.2487 0.0762 0.0251 0.0796 0.0761 0.4469 0.0474 
         207  1 0.2878 0.0406 0.0682 0.0992 0.0553 0.4100 0.0388 
         208  1 0.2253 0.0828 0.0559 0.1283 0.1528 0.2967 0.0582 
         209  1 0.1440 0.3789 0.0938 0.0792 0.0756 0.1949 0.0335 
         210  1 0.1776 0.2342 0.0601 0.0987 0.1271 0.2745 0.0277 
         211  1 0.1624 0.0627 0.0277 0.1303 0.2912 0.2679 0.0578 
         212  1 0.1244 0.0841 0.0274 0.0727 0.1523 0.2257 0.3133 
         213  1 0.0443 0.7371 0.0374 0.0421 0.0499 0.0635 0.0256 
         214  1 0.2888 0.0425 0.0683 0.0883 0.0840 0.3860 0.0421 
         215  1 0.1974 0.1050 0.2674 0.0878 0.0690 0.2321 0.0412 
         216  1 0.0819 0.0847 0.2393 0.4066 0.1038 0.0387 0.0451 
         217  1 0.1039 0.1133 0.0586 0.1219 0.1537 0.0635 0.3851 
         218  1 0.1279 0.0333 0.3639 0.1650 0.1916 0.0579 0.0604 
         219  1 0.1232 0.3492 0.1227 0.1176 0.1251 0.1267 0.0356 
         220  1 0.2546 0.0447 0.1237 0.1245 0.0779 0.3036 0.0711 
         221  1 0.0925 0.4164 0.1356 0.1099 0.1116 0.0633 0.0708 
         222  1 0.2207 0.0436 0.0385 0.1079 0.1955 0.3624 0.0315 
         223  1 0.0988 0.1777 0.3741 0.0866 0.0968 0.1140 0.0520 
         224  1 0.0990 0.2247 0.0772 0.1784 0.2124 0.1520 0.0563 
         225  1 0.1427 0.0616 0.0321 0.1630 0.3559 0.1923 0.0523 
         226  1 0.1035 0.2513 0.2880 0.1295 0.0727 0.0775 0.0776 
         227  1 0.0908 0.1141 0.4393 0.0953 0.0673 0.0842 0.1090 
         228  1 0.0915 0.5492 0.0626 0.0718 0.0759 0.0809 0.0681 
         229  1 0.1115 0.0938 0.0520 0.1433 0.2900 0.0708 0.2385 
         230  1 0.1813 0.0619 0.0947 0.1840 0.1742 0.1109 0.1930 
         231  1 0.1368 0.1345 0.3079 0.1119 0.0683 0.1089 0.1317 
         232  1 0.2303 0.0479 0.1910 0.1168 0.1681 0.1341 0.1118 
         233  1 0.0508 0.1432 0.0758 0.3985 0.2440 0.0435 0.0443 
         234  1 0.0843 0.4582 0.1149 0.1480 0.0451 0.0727 0.0768 
         235  1 0.1294 0.3864 0.1425 0.0927 0.0626 0.1171 0.0693 
         236  1 0.1284 0.4381 0.1431 0.0841 0.0820 0.0947 0.0296 
         237  1 0.2157 0.2275 0.0652 0.0843 0.0447 0.3352 0.0275 
         238  1 0.0744 0.0776 0.5555 0.0821 0.0577 0.0703 0.0825 
         239  1 0.0650 0.0269 0.3557 0.0812 0.0788 0.0588 0.3337 
         240  1 0.1354 0.0548 0.1277 0.2665 0.2228 0.0700 0.1227 
         241  1 0.0483 0.0453 0.5818 0.1723 0.0613 0.0405 0.0505 
         242  1 0.0936 0.1427 0.2597 0.2079 0.1052 0.0601 0.1308 
         243  1 0.2059 0.2157 0.1026 0.0861 0.0648 0.2956 0.0294 
         244  1 0.0644 0.0969 0.2733 0.3143 0.0554 0.0474 0.1484 
         245  1 0.0514 0.3993 0.0501 0.1427 0.2654 0.0445 0.0466 
         246  1 0.0678 0.0894 0.0304 0.1828 0.3584 0.0551 0.2161 
         247  1 0.0626 0.0446 0.1251 0.0603 0.0639 0.0478 0.5958 
         248  1 0.0576 0.4212 0.3011 0.0582 0.0365 0.0676 0.0579 
         249  1 0.1832 0.1180 0.0330 0.1334 0.2947 0.1781 0.0596 
         250  1 0.2092 0.0338 0.0749 0.1444 0.1097 0.2499 0.1780 
         251  1 0.0689 0.0973 0.4342 0.2027 0.1033 0.0499 0.0437 
         252  1 0.2300 0.0565 0.0720 0.1450 0.1880 0.2856 0.0229 
         253  1 0.0935 0.1423 0.2207 0.1720 0.0640 0.0966 0.2107 
         254  1 0.2292 0.0648 0.0377 0.0784 0.0901 0.4249 0.0749 
         255  1 0.1284 0.1129 0.0339 0.1438 0.3279 0.1873 0.0658 
         256  1 0.0662 0.7051 0.0570 0.0344 0.0392 0.0598 0.0382 
         257  1 0.2206 0.0826 0.0269 0.0994 0.1788 0.3136 0.0781 
         258  1 0.1505 0.3574 0.0822 0.0859 0.0593 0.2022 0.0626 
         259  1 0.2149 0.0343 0.2379 0.0918 0.0736 0.2856 0.0620 
         260  1 0.2603 0.0492 0.0401 0.0861 0.1021 0.3846 0.0777 
