           1  1 0.1497 0.0937 0.0853 0.0750 0.0497 0.1665 0.1817 0.1985 
           2  1 0.0909 0.0525 0.0355 0.0333 0.0413 0.1881 0.3834 0.1751 
           3  1 0.0930 0.0519 0.0351 0.0338 0.0435 0.1848 0.3826 0.1753 
           4  1 0.1300 0.1285 0.0333 0.1872 0.1371 0.1306 0.1155 0.1378 
           5  1 0.1733 0.2122 0.0372 0.2327 0.0646 0.1391 0.0488 0.0920 
           6  1 0.1111 0.0731 0.4523 0.0510 0.0313 0.0964 0.0930 0.0917 
           7  1 0.0626 0.0683 0.0397 0.0699 0.4705 0.0824 0.1273 0.0792 
           8  1 0.1276 0.0852 0.3466 0.0668 0.0459 0.1136 0.1052 0.1091 
           9  1 0.1596 0.2337 0.0472 0.1961 0.0279 0.1244 0.0856 0.1256 
          10  1 0.1769 0.1238 0.0827 0.0660 0.0307 0.1710 0.1764 0.1725 
          11  1 0.1962 0.1780 0.0403 0.1919 0.0616 0.1473 0.0722 0.1125 
          12  1 0.0628 0.0518 0.5199 0.0564 0.0332 0.0790 0.0985 0.0983 
          13  1 0.0395 0.0771 0.6328 0.0860 0.0419 0.0453 0.0357 0.0416 
          14  1 0.1560 0.1020 0.2536 0.1080 0.0367 0.1330 0.0978 0.1129 
          15  1 0.0967 0.2564 0.0448 0.3048 0.0385 0.1122 0.0432 0.1034 
          16  1 0.1174 0.1409 0.1054 0.1506 0.0829 0.1352 0.1244 0.1432 
          17  1 0.0497 0.0247 0.0555 0.0204 0.6624 0.0545 0.0724 0.0604 
          18  1 0.1096 0.0674 0.3736 0.0726 0.0426 0.0930 0.0985 0.1428 
          19  1 0.1134 0.1055 0.2792 0.1154 0.0451 0.1068 0.1156 0.1190 
          20  1 0.0686 0.0975 0.0363 0.1353 0.4593 0.0803 0.0590 0.0637 
          21  1 0.0903 0.0894 0.1346 0.1102 0.2619 0.1077 0.1039 0.1020 
          22  1 0.0709 0.0652 0.0449 0.0869 0.0619 0.1505 0.3625 0.1572 
          23  1 0.1149 0.1972 0.0817 0.2610 0.0345 0.1167 0.0777 0.1163 
          24  1 0.1059 0.0548 0.1352 0.0550 0.1411 0.1482 0.1686 0.1910 
          25  1 0.2938 0.1660 0.0250 0.0649 0.0372 0.1632 0.0787 0.1711 
          26  1 0.2605 0.1626 0.0521 0.1489 0.0533 0.1563 0.0513 0.1150 
          27  1 0.2555 0.1267 0.1368 0.0687 0.1173 0.1189 0.0519 0.1241 
          28  1 0.1240 0.1764 0.0981 0.2666 0.0556 0.1307 0.0707 0.0778 
          29  1 0.2571 0.1010 0.0741 0.0581 0.0445 0.1526 0.1172 0.1954 
          30  1 0.2002 0.1195 0.0628 0.0548 0.0459 0.1575 0.1790 0.1804 
          31  1 0.0778 0.0886 0.1243 0.1109 0.1950 0.1251 0.1605 0.1177 
          32  1 0.0920 0.0556 0.1081 0.0499 0.0328 0.1691 0.2435 0.2490 
          33  1 0.0907 0.1189 0.0750 0.0989 0.3215 0.1058 0.1127 0.0766 
          34  1 0.1988 0.1488 0.0745 0.1497 0.0634 0.1508 0.0907 0.1233 
          35  1 0.0753 0.0409 0.0535 0.0439 0.0756 0.1950 0.2940 0.2219 
          36  1 0.1335 0.1663 0.1148 0.1911 0.0559 0.1179 0.0820 0.1386 
          37  1 0.1317 0.0281 0.0856 0.0288 0.0505 0.1400 0.3635 0.1717 
          38  1 0.2822 0.1559 0.0669 0.0536 0.0788 0.1337 0.0661 0.1628 
          39  1 0.0733 0.2076 0.1065 0.3025 0.0375 0.1064 0.0817 0.0845 
          40  1 0.2417 0.1505 0.1394 0.0622 0.0460 0.1342 0.0783 0.1477 
          41  1 0.0715 0.0493 0.6109 0.0470 0.0339 0.0631 0.0576 0.0666 
          42  1 0.1290 0.0693 0.1894 0.0856 0.0522 0.1321 0.1650 0.1773 
          43  1 0.1030 0.1087 0.0235 0.1138 0.1254 0.1702 0.2331 0.1224 
          44  1 0.0940 0.0651 0.0560 0.0473 0.1329 0.1689 0.2390 0.1968 
          45  1 0.0660 0.0438 0.0460 0.0314 0.1904 0.1335 0.3480 0.1408 
          46  1 0.1802 0.1669 0.1265 0.1673 0.0981 0.1159 0.0468 0.0984 
          47  1 0.0466 0.0354 0.2396 0.0354 0.0645 0.1021 0.3392 0.1373 
          48  1 0.1785 0.0810 0.0876 0.0530 0.0524 0.1792 0.1901 0.1782 
          49  1 0.3116 0.1330 0.0705 0.1244 0.0432 0.1451 0.0603 0.1118 
          50  1 0.2919 0.1292 0.0318 0.1916 0.0409 0.1601 0.0507 0.1038 
          51  1 0.0363 0.0447 0.2141 0.0508 0.4116 0.0554 0.1243 0.0630 
          52  1 0.1206 0.2285 0.0534 0.2599 0.0401 0.1195 0.0588 0.1192 
          53  1 0.0658 0.0514 0.2734 0.0474 0.1137 0.1245 0.1839 0.1399 
          54  1 0.1371 0.1043 0.0417 0.0688 0.0399 0.1681 0.2333 0.2069 
          55  1 0.1898 0.1830 0.0377 0.2104 0.0723 0.1419 0.0553 0.1095 
          56  1 0.1833 0.1567 0.0474 0.2123 0.0493 0.1485 0.0866 0.1158 
          57  1 0.1796 0.0912 0.0407 0.0339 0.0691 0.1904 0.2343 0.1607 
          58  1 0.1058 0.0674 0.0663 0.0549 0.1899 0.1373 0.2519 0.1265 
          59  1 0.1060 0.1949 0.0839 0.2572 0.0424 0.1197 0.0789 0.1171 
          60  1 0.2067 0.1038 0.1014 0.0753 0.0586 0.1508 0.1265 0.1770 
          61  1 0.1332 0.0698 0.2184 0.0804 0.0654 0.1321 0.1466 0.1542 
          62  1 0.1999 0.2124 0.0248 0.1897 0.0573 0.1357 0.0531 0.1271 
          63  1 0.0681 0.0372 0.0367 0.0374 0.0244 0.2155 0.2859 0.2949 
          64  1 0.0925 0.1896 0.0807 0.2659 0.0386 0.1313 0.0826 0.1188 
          65  1 0.1425 0.0995 0.3199 0.0632 0.1101 0.0986 0.0699 0.0962 
          66  1 0.0546 0.2661 0.1788 0.2435 0.0480 0.0995 0.0430 0.0666 
          67  1 0.1663 0.1471 0.1795 0.1551 0.0948 0.1044 0.0538 0.0990 
          68  1 0.1028 0.1894 0.1478 0.1908 0.1406 0.0927 0.0566 0.0793 
          69  1 0.0520 0.0984 0.1298 0.1347 0.3650 0.0704 0.0903 0.0593 
          70  1 0.0678 0.2538 0.0528 0.3632 0.0352 0.1220 0.0434 0.0618 
          71  1 0.2951 0.0739 0.0448 0.0655 0.0348 0.1661 0.1596 0.1602 
          72  1 0.1048 0.2427 0.0676 0.2745 0.0458 0.1319 0.0565 0.0762 
          73  1 0.3295 0.1404 0.0309 0.0552 0.1336 0.1323 0.0404 0.1377 
          74  1 0.1458 0.0609 0.0799 0.0488 0.2091 0.1504 0.1547 0.1504 
          75  1 0.1762 0.2025 0.0390 0.2113 0.0320 0.1622 0.0743 0.1026 
          76  1 0.0659 0.0871 0.0383 0.0859 0.5677 0.0653 0.0387 0.0512 
          77  1 0.1737 0.0683 0.0401 0.1128 0.3523 0.1039 0.0575 0.0913 
          78  1 0.2293 0.2081 0.0678 0.1520 0.0331 0.1474 0.0502 0.1121 
          79  1 0.3294 0.1927 0.0294 0.0663 0.0305 0.1474 0.0402 0.1641 
          80  1 0.0626 0.2781 0.0483 0.3535 0.0487 0.1094 0.0413 0.0581 
          81  1 0.0930 0.0672 0.2740 0.0631 0.0304 0.1171 0.1769 0.1784 
          82  1 0.2057 0.1853 0.0411 0.1527 0.0737 0.1302 0.0719 0.1396 
          83  1 0.1773 0.2649 0.0305 0.2253 0.0416 0.1284 0.0368 0.0952 
          84  1 0.1317 0.0777 0.1131 0.0678 0.0327 0.1620 0.2459 0.1691 
          85  1 0.0798 0.0558 0.4783 0.0565 0.0318 0.0836 0.1171 0.0972 
          86  1 0.1078 0.0416 0.3280 0.0310 0.1981 0.0817 0.1337 0.0782 
          87  1 0.0824 0.2581 0.0581 0.3100 0.0672 0.1188 0.0394 0.0659 
          88  1 0.2098 0.1190 0.0482 0.0620 0.0452 0.1703 0.1553 0.1904 
          89  1 0.0853 0.0312 0.4759 0.0300 0.1714 0.0675 0.0786 0.0602 
          90  1 0.1772 0.1078 0.1260 0.0478 0.0205 0.1793 0.1847 0.1567 
          91  1 0.0488 0.0493 0.3761 0.0450 0.0224 0.1097 0.1691 0.1796 
          92  1 0.1414 0.0822 0.0334 0.0536 0.1453 0.1556 0.2487 0.1397 
          93  1 0.1048 0.0552 0.0882 0.0452 0.2391 0.1334 0.1841 0.1499 
          94  1 0.0575 0.0384 0.0632 0.0340 0.0681 0.1876 0.3084 0.2427 
          95  1 0.1443 0.1611 0.0509 0.1884 0.0545 0.1340 0.1097 0.1570 
          96  1 0.0873 0.1490 0.2288 0.1562 0.0548 0.0990 0.1035 0.1216 
          97  1 0.0481 0.3368 0.0430 0.3145 0.0268 0.1107 0.0434 0.0767 
          98  1 0.1802 0.1362 0.0586 0.1225 0.0438 0.1406 0.1213 0.1968 
          99  1 0.0810 0.1055 0.0641 0.0978 0.3371 0.1027 0.1059 0.1059 
         100  1 0.1398 0.1920 0.0743 0.1529 0.2233 0.0943 0.0397 0.0837 
         101  1 0.1317 0.1621 0.0942 0.2019 0.0484 0.1335 0.0956 0.1326 
         102  1 0.0987 0.1474 0.2050 0.1496 0.0454 0.1186 0.1164 0.1189 
         103  1 0.1020 0.1764 0.1016 0.2130 0.0298 0.1366 0.1132 0.1273 
         104  1 0.0705 0.1515 0.0679 0.1877 0.1621 0.1215 0.1202 0.1187 
         105  1 0.1168 0.1924 0.1084 0.2965 0.0269 0.1382 0.0573 0.0637 
         106  1 0.1713 0.2510 0.0284 0.2332 0.0424 0.1306 0.0399 0.1032 
         107  1 0.0661 0.3170 0.0545 0.3259 0.0374 0.1061 0.0287 0.0642 
         108  1 0.0752 0.1319 0.3445 0.1401 0.0629 0.0861 0.0747 0.0845 
         109  1 0.0955 0.1038 0.0296 0.1229 0.1733 0.1385 0.2325 0.1038 
         110  1 0.0580 0.0797 0.2112 0.0770 0.2723 0.0880 0.1233 0.0904 
         111  1 0.0541 0.0409 0.5172 0.0398 0.0225 0.0772 0.1327 0.1156 
         112  1 0.1101 0.0831 0.4540 0.0593 0.0306 0.0850 0.0793 0.0986 
         113  1 0.0663 0.1037 0.1902 0.1748 0.1134 0.1036 0.1594 0.0885 
         114  1 0.1453 0.0840 0.1111 0.0471 0.0321 0.1719 0.2259 0.1826 
         115  1 0.0598 0.1145 0.4489 0.1233 0.0511 0.0691 0.0620 0.0712 
         116  1 0.1937 0.0690 0.1106 0.0421 0.0677 0.1469 0.1933 0.1766 
         117  1 0.0743 0.0361 0.0695 0.0329 0.1453 0.1600 0.2931 0.1888 
         118  1 0.1775 0.2017 0.0508 0.1681 0.0445 0.1438 0.0991 0.1146 
         119  1 0.1054 0.0912 0.0505 0.0939 0.2080 0.1345 0.1648 0.1518 
         120  1 0.1600 0.0776 0.0207 0.0810 0.2088 0.1346 0.1519 0.1655 
         121  1 0.1830 0.0705 0.0322 0.0543 0.2209 0.1466 0.1593 0.1331 
         122  1 0.1180 0.1097 0.0523 0.1150 0.1456 0.1234 0.1828 0.1533 
         123  1 0.1108 0.2720 0.0752 0.2312 0.0517 0.1256 0.0551 0.0784 
         124  1 0.0789 0.0946 0.1793 0.1318 0.1405 0.1199 0.1349 0.1201 
         125  1 0.1366 0.1828 0.0590 0.2580 0.0339 0.1254 0.0633 0.1412 
         126  1 0.0852 0.0530 0.1686 0.0551 0.3938 0.0767 0.0915 0.0762 
         127  1 0.0564 0.0632 0.0226 0.0610 0.5416 0.0682 0.1128 0.0742 
         128  1 0.1020 0.2681 0.0425 0.2535 0.0318 0.1187 0.0710 0.1125 
         129  1 0.1826 0.1097 0.0223 0.0334 0.4081 0.0879 0.0505 0.1055 
         130  1 0.0839 0.1177 0.4680 0.1154 0.0476 0.0677 0.0406 0.0589 
         131  1 0.0702 0.0617 0.0214 0.0530 0.5900 0.0598 0.0792 0.0647 
         132  1 0.2419 0.0639 0.0717 0.0677 0.0450 0.1692 0.1426 0.1980 
         133  1 0.2028 0.0490 0.0554 0.0552 0.2006 0.1344 0.1500 0.1526 
         134  1 0.0932 0.1632 0.2029 0.1738 0.0383 0.1092 0.1113 0.1080 
         135  1 0.0579 0.0459 0.4076 0.0391 0.0812 0.0846 0.1878 0.0959 
         136  1 0.1320 0.0812 0.4299 0.0610 0.0527 0.0936 0.0662 0.0836 
         137  1 0.1542 0.1594 0.0888 0.2167 0.0626 0.1207 0.0620 0.1356 
         138  1 0.0660 0.1297 0.0436 0.1274 0.0837 0.1407 0.2597 0.1491 
         139  1 0.0537 0.3052 0.0971 0.2912 0.0394 0.1044 0.0434 0.0657 
         140  1 0.0890 0.2693 0.0716 0.2520 0.0379 0.1126 0.0534 0.1141 
         141  1 0.0976 0.0745 0.0724 0.0838 0.1530 0.1421 0.2022 0.1745 
         142  1 0.0697 0.0911 0.3886 0.0944 0.0303 0.0983 0.0977 0.1300 
         143  1 0.2594 0.1118 0.0248 0.1666 0.0512 0.1561 0.0787 0.1514 
         144  1 0.2413 0.1165 0.0247 0.0427 0.1897 0.1342 0.0989 0.1520 
         145  1 0.1309 0.1888 0.0530 0.1803 0.1173 0.1206 0.0848 0.1242 
         146  1 0.1393 0.2328 0.0382 0.3055 0.0529 0.1254 0.0354 0.0706 
         147  1 0.0813 0.2325 0.0255 0.2500 0.0402 0.1269 0.1054 0.1381 
         148  1 0.0761 0.0650 0.3780 0.0597 0.0284 0.1139 0.1514 0.1275 
         149  1 0.0924 0.1056 0.0584 0.1184 0.2097 0.1392 0.1438 0.1326 
         150  1 0.0470 0.0360 0.0346 0.0381 0.0638 0.2099 0.3036 0.2669 
         151  1 0.1798 0.1909 0.0405 0.2173 0.0436 0.1288 0.0611 0.1380 
         152  1 0.1251 0.1709 0.0617 0.1723 0.0557 0.1408 0.1211 0.1523 
         153  1 0.3422 0.1979 0.0265 0.0635 0.0246 0.1562 0.0342 0.1548 
         154  1 0.0901 0.0317 0.3634 0.0401 0.0597 0.1178 0.1728 0.1244 
         155  1 0.2404 0.1635 0.0329 0.0786 0.0553 0.1764 0.1131 0.1399 
         156  1 0.1127 0.1815 0.0566 0.2843 0.0314 0.1299 0.0924 0.1111 
         157  1 0.0768 0.1486 0.0503 0.1522 0.2094 0.1110 0.1472 0.1044 
         158  1 0.2234 0.1517 0.0628 0.0964 0.0442 0.1560 0.1069 0.1587 
         159  1 0.0739 0.0624 0.5517 0.0586 0.1009 0.0602 0.0413 0.0510 
         160  1 0.1736 0.1079 0.2367 0.0592 0.0431 0.1384 0.1077 0.1333 
         161  1 0.2002 0.0915 0.0453 0.0688 0.2604 0.1322 0.1012 0.1005 
         162  1 0.1706 0.1122 0.1279 0.0696 0.0554 0.1434 0.1508 0.1701 
         163  1 0.1581 0.1640 0.1143 0.1580 0.0651 0.1336 0.0758 0.1310 
         164  1 0.0617 0.0453 0.1114 0.0531 0.0850 0.1649 0.2863 0.1924 
         165  1 0.1211 0.0695 0.0737 0.0685 0.1148 0.1473 0.2469 0.1582 
         166  1 0.1882 0.1076 0.1533 0.0866 0.0390 0.1491 0.1229 0.1533 
         167  1 0.2004 0.1179 0.0372 0.1110 0.0355 0.1697 0.1534 0.1750 
         168  1 0.0558 0.0372 0.3507 0.0352 0.0224 0.1245 0.1919 0.1823 
         169  1 0.0567 0.0334 0.6946 0.0375 0.0413 0.0427 0.0484 0.0455 
         170  1 0.0602 0.0543 0.0527 0.0522 0.1159 0.1738 0.2837 0.2071 
         171  1 0.0712 0.0435 0.5299 0.0363 0.0354 0.0782 0.1250 0.0805 
         172  1 0.0738 0.0373 0.1309 0.0333 0.4570 0.0785 0.1098 0.0794 
         173  1 0.0507 0.0714 0.5181 0.0993 0.1429 0.0498 0.0268 0.0410 
         174  1 0.0629 0.3118 0.0214 0.3313 0.0298 0.1311 0.0460 0.0659 
         175  1 0.1549 0.0661 0.0338 0.0565 0.1145 0.1633 0.2194 0.1915 
         176  1 0.0684 0.3102 0.0621 0.2836 0.0625 0.1120 0.0385 0.0627 
         177  1 0.1110 0.0574 0.0402 0.0492 0.2331 0.1474 0.2004 0.1613 
         178  1 0.1998 0.0909 0.1302 0.0529 0.0632 0.1508 0.1340 0.1782 
         179  1 0.0857 0.0737 0.3003 0.0661 0.0306 0.1183 0.1666 0.1586 
         180  1 0.2128 0.1922 0.0435 0.1864 0.0717 0.1285 0.0466 0.1184 
         181  1 0.1376 0.1547 0.1138 0.2309 0.0519 0.1251 0.0844 0.1015 
         182  1 0.1005 0.0820 0.1014 0.0910 0.2983 0.1091 0.1172 0.1005 
         183  1 0.0466 0.0542 0.0465 0.0548 0.6225 0.0544 0.0645 0.0564 
         184  1 0.2022 0.0610 0.1113 0.0669 0.1083 0.1375 0.1381 0.1746 
         185  1 0.1286 0.0916 0.0525 0.0578 0.0465 0.1702 0.2133 0.2394 
         186  1 0.1232 0.0742 0.1825 0.0515 0.0493 0.1313 0.1830 0.2050 
         187  1 0.2218 0.1242 0.1016 0.0834 0.1338 0.1501 0.0652 0.1200 
         188  1 0.0690 0.0442 0.2143 0.0355 0.2827 0.0903 0.1527 0.1113 
         189  1 0.0766 0.0417 0.6664 0.0486 0.0224 0.0524 0.0432 0.0486 
         190  1 0.0549 0.1655 0.0699 0.2322 0.2814 0.0902 0.0595 0.0465 
         191  1 0.1557 0.1320 0.1309 0.1617 0.1561 0.1061 0.0596 0.0979 
         192  1 0.1051 0.0597 0.1959 0.0647 0.1330 0.1194 0.2083 0.1140 
         193  1 0.0696 0.2752 0.0377 0.3212 0.0412 0.1201 0.0631 0.0718 
         194  1 0.0908 0.2463 0.0259 0.2864 0.1331 0.1188 0.0344 0.0644 
         195  1 0.1832 0.1763 0.0506 0.1139 0.0596 0.1611 0.1279 0.1274 
         196  1 0.0688 0.0659 0.0341 0.0613 0.2613 0.1501 0.1943 0.1643 
         197  1 0.0917 0.0938 0.0332 0.0694 0.5389 0.0655 0.0436 0.0639 
         198  1 0.0642 0.0301 0.0772 0.0340 0.1535 0.1771 0.2495 0.2144 
         199  1 0.1043 0.0569 0.0625 0.0593 0.0298 0.1879 0.2497 0.2496 
         200  1 0.0450 0.0315 0.7212 0.0311 0.0312 0.0426 0.0511 0.0463 
         201  1 0.1421 0.1561 0.0563 0.2017 0.0427 0.1748 0.1295 0.0968 
         202  1 0.1027 0.0444 0.2408 0.0566 0.1697 0.1216 0.1470 0.1172 
         203  1 0.1209 0.1433 0.0929 0.1889 0.0848 0.1334 0.1147 0.1212 
         204  1 0.1272 0.0683 0.2911 0.0613 0.0574 0.1082 0.1621 0.1245 
         205  1 0.0894 0.0916 0.1798 0.0941 0.0526 0.1175 0.1782 0.1968 
         206  1 0.0501 0.3086 0.0449 0.3327 0.0640 0.1157 0.0279 0.0561 
         207  1 0.0617 0.3158 0.0370 0.3010 0.0369 0.1170 0.0492 0.0814 
         208  1 0.1058 0.2215 0.0484 0.2789 0.0644 0.1307 0.0670 0.0834 
         209  1 0.0696 0.1228 0.0274 0.1673 0.3488 0.0941 0.0837 0.0864 
         210  1 0.0756 0.2247 0.0239 0.2472 0.1975 0.1046 0.0620 0.0644 
         211  1 0.1015 0.2388 0.0533 0.3333 0.0461 0.1393 0.0315 0.0562 
         212  1 0.0551 0.1905 0.3145 0.2312 0.0595 0.0817 0.0302 0.0373 
         213  1 0.0443 0.0540 0.0236 0.0510 0.7136 0.0406 0.0356 0.0373 
         214  1 0.0642 0.2931 0.0404 0.3016 0.0383 0.1267 0.0523 0.0834 
         215  1 0.0798 0.1635 0.0370 0.1852 0.1019 0.1434 0.1454 0.1436 
         216  1 0.0780 0.0385 0.0316 0.0402 0.0540 0.1728 0.4097 0.1754 
         217  1 0.1317 0.0816 0.3743 0.0641 0.0947 0.0917 0.0782 0.0837 
         218  1 0.1759 0.0888 0.0525 0.0481 0.0293 0.1660 0.2031 0.2364 
         219  1 0.1089 0.0962 0.0314 0.1308 0.3062 0.1161 0.1124 0.0980 
         220  1 0.1230 0.1855 0.0564 0.2076 0.0385 0.1380 0.0905 0.1605 
         221  1 0.1201 0.0569 0.0630 0.0391 0.4171 0.0867 0.1054 0.1116 
         222  1 0.0698 0.2899 0.0254 0.3678 0.0388 0.1177 0.0337 0.0567 
         223  1 0.0638 0.1034 0.0451 0.1251 0.1639 0.1470 0.1895 0.1623 
         224  1 0.1060 0.1454 0.0449 0.1986 0.1531 0.1403 0.1319 0.0796 
         225  1 0.1868 0.2110 0.0495 0.2143 0.0528 0.1424 0.0429 0.1004 
         226  1 0.1083 0.0631 0.0588 0.0535 0.2149 0.1364 0.2158 0.1493 
         227  1 0.0942 0.0566 0.0910 0.0628 0.1102 0.1517 0.2274 0.2062 
         228  1 0.0775 0.0693 0.0646 0.0740 0.5156 0.0661 0.0666 0.0663 
         229  1 0.2161 0.1105 0.2531 0.0576 0.0816 0.1102 0.0552 0.1157 
         230  1 0.1951 0.0976 0.1599 0.1026 0.0515 0.1457 0.1229 0.1246 
         231  1 0.1517 0.0529 0.1206 0.0621 0.1153 0.1486 0.1644 0.1842 
         232  1 0.2206 0.0908 0.1050 0.1084 0.0422 0.1531 0.1097 0.1702 
         233  1 0.1421 0.0841 0.0376 0.0411 0.0818 0.1840 0.2864 0.1429 
         234  1 0.0566 0.0461 0.0701 0.0545 0.3303 0.0875 0.2465 0.1083 
         235  1 0.0921 0.0899 0.0597 0.0842 0.3820 0.0921 0.1051 0.0950 
         236  1 0.1076 0.0720 0.0281 0.0664 0.4391 0.0998 0.0916 0.0954 
         237  1 0.0443 0.2558 0.0233 0.2331 0.2116 0.1023 0.0633 0.0664 
         238  1 0.0639 0.0632 0.0723 0.0545 0.0844 0.1915 0.2444 0.2258 
         239  1 0.0595 0.0537 0.2837 0.0534 0.0254 0.1365 0.1888 0.1990 
         240  1 0.1819 0.0989 0.0962 0.0752 0.0484 0.1710 0.1612 0.1672 
         241  1 0.0645 0.0421 0.0464 0.0320 0.0468 0.1864 0.3464 0.2353 
         242  1 0.1130 0.0562 0.1132 0.0505 0.1282 0.1421 0.2342 0.1625 
         243  1 0.0541 0.2351 0.0253 0.2319 0.1950 0.1098 0.0744 0.0743 
         244  1 0.0654 0.0383 0.1028 0.0318 0.0665 0.1384 0.3811 0.1756 
         245  1 0.1740 0.1081 0.0431 0.0420 0.3636 0.0983 0.0663 0.1045 
         246  1 0.2214 0.1336 0.2333 0.0511 0.0718 0.1274 0.0503 0.1110 
         247  1 0.0612 0.0414 0.5709 0.0397 0.0398 0.0633 0.0970 0.0867 
         248  1 0.0386 0.0492 0.0518 0.0576 0.3914 0.1049 0.1936 0.1129 
         249  1 0.2250 0.1835 0.0592 0.1536 0.1025 0.1280 0.0433 0.1050 
         250  1 0.1121 0.1766 0.1466 0.2019 0.0281 0.1102 0.1004 0.1242 
         251  1 0.0933 0.0556 0.0371 0.0403 0.1030 0.1797 0.2651 0.2260 
         252  1 0.1516 0.2316 0.0202 0.2253 0.0488 0.1404 0.0589 0.1232 
         253  1 0.0679 0.0776 0.1603 0.0835 0.1092 0.1204 0.2513 0.1298 
         254  1 0.0527 0.2762 0.0574 0.3463 0.0504 0.1172 0.0413 0.0585 
         255  1 0.1773 0.2054 0.0677 0.1834 0.1061 0.1314 0.0399 0.0888 
         256  1 0.0404 0.0445 0.0350 0.0499 0.7105 0.0432 0.0388 0.0378 
         257  1 0.0855 0.2163 0.0567 0.3770 0.0545 0.1244 0.0316 0.0541 
         258  1 0.0765 0.1264 0.0579 0.1431 0.3176 0.0940 0.0920 0.0925 
         259  1 0.0556 0.2129 0.0627 0.2098 0.0312 0.1445 0.1214 0.1620 
         260  1 0.0453 0.3322 0.0728 0.3145 0.0440 0.1083 0.0321 0.0507 
