           1  1 0.1255 0.0645 0.1138 0.2713 0.1010 0.2274 0.0966 
           2  1 0.1147 0.0462 0.1225 0.2264 0.0451 0.3386 0.1064 
           3  1 0.1155 0.0474 0.1238 0.2197 0.0443 0.3423 0.1070 
           4  1 0.1634 0.1903 0.1506 0.1295 0.0357 0.1664 0.1642 
           5  1 0.2008 0.1271 0.1781 0.0936 0.0401 0.0885 0.2719 
           6  1 0.0774 0.0480 0.0971 0.1028 0.4760 0.0999 0.0988 
           7  1 0.2163 0.3698 0.0781 0.0937 0.0450 0.1126 0.0845 
           8  1 0.0810 0.0620 0.1174 0.1181 0.3968 0.1241 0.1007 
           9  1 0.0674 0.0705 0.3707 0.1047 0.0626 0.1237 0.2004 
          10  1 0.1013 0.0444 0.2141 0.1803 0.1000 0.1903 0.1695 
          11  1 0.1816 0.1091 0.2125 0.1079 0.0439 0.0985 0.2465 
          12  1 0.0601 0.0500 0.0476 0.0959 0.5909 0.0971 0.0584 
          13  1 0.0590 0.0711 0.0696 0.0424 0.6381 0.0417 0.0781 
          14  1 0.1086 0.0721 0.1260 0.1413 0.2750 0.1384 0.1385 
          15  1 0.1039 0.1260 0.3412 0.0639 0.0513 0.0729 0.2406 
          16  1 0.1517 0.1209 0.1224 0.1937 0.1205 0.1369 0.1539 
          17  1 0.2443 0.4713 0.0358 0.0719 0.0634 0.0768 0.0364 
          18  1 0.0830 0.0640 0.0781 0.1315 0.4436 0.1249 0.0749 
          19  1 0.1007 0.0852 0.1132 0.1253 0.3157 0.1414 0.1186 
          20  1 0.2265 0.4114 0.0596 0.0778 0.0396 0.0782 0.1070 
          21  1 0.1641 0.2602 0.0752 0.1390 0.1391 0.1223 0.1000 
          22  1 0.1382 0.0900 0.0596 0.2090 0.0589 0.3326 0.1117 
          23  1 0.1390 0.1265 0.2012 0.1066 0.1016 0.1168 0.2083 
          24  1 0.1506 0.1415 0.0717 0.2136 0.1649 0.1880 0.0697 
          25  1 0.1375 0.0469 0.2513 0.1752 0.0282 0.1198 0.2411 
          26  1 0.1351 0.0871 0.2488 0.1286 0.0639 0.1214 0.2150 
          27  1 0.1534 0.1186 0.1818 0.1302 0.1529 0.0776 0.1854 
          28  1 0.1861 0.1528 0.0976 0.1068 0.1202 0.1177 0.2188 
          29  1 0.1235 0.0585 0.1394 0.2334 0.0887 0.2125 0.1440 
          30  1 0.1222 0.0522 0.1972 0.1914 0.0797 0.1999 0.1574 
          31  1 0.1869 0.2058 0.0546 0.1648 0.1433 0.1433 0.1012 
          32  1 0.1253 0.0504 0.0589 0.3099 0.1412 0.2500 0.0643 
          33  1 0.1708 0.2858 0.1668 0.0824 0.0740 0.0869 0.1333 
          34  1 0.1497 0.1115 0.1616 0.1551 0.0902 0.1306 0.2014 
          35  1 0.1664 0.0763 0.0429 0.2969 0.0633 0.2907 0.0635 
          36  1 0.1379 0.1116 0.1813 0.1193 0.1387 0.1210 0.1903 
          37  1 0.0981 0.0591 0.0456 0.2183 0.1289 0.3826 0.0675 
          38  1 0.1639 0.0787 0.2065 0.1645 0.0774 0.1014 0.2076 
          39  1 0.1636 0.1500 0.1534 0.0744 0.1230 0.0976 0.2380 
          40  1 0.1189 0.0597 0.2160 0.1535 0.1648 0.1009 0.1863 
          41  1 0.0486 0.0451 0.0507 0.0651 0.6643 0.0751 0.0510 
          42  1 0.1268 0.0832 0.0562 0.2549 0.1967 0.1974 0.0847 
          43  1 0.1555 0.1472 0.1354 0.1685 0.0274 0.2113 0.1548 
          44  1 0.1598 0.1263 0.0966 0.2360 0.0670 0.2329 0.0814 
          45  1 0.1826 0.1784 0.0704 0.1686 0.0583 0.2659 0.0759 
          46  1 0.1739 0.1422 0.1393 0.0999 0.1456 0.0763 0.2227 
          47  1 0.0959 0.0685 0.0479 0.1489 0.3277 0.2476 0.0634 
          48  1 0.1074 0.0598 0.1387 0.2172 0.1039 0.2381 0.1350 
          49  1 0.1558 0.0861 0.1761 0.1509 0.0921 0.1419 0.1972 
          50  1 0.2009 0.1099 0.1293 0.1422 0.0391 0.1412 0.2375 
          51  1 0.1837 0.3350 0.0419 0.0732 0.2312 0.0856 0.0493 
          52  1 0.0909 0.1093 0.3392 0.0854 0.0630 0.0976 0.2146 
          53  1 0.1229 0.1112 0.0568 0.1698 0.3154 0.1618 0.0620 
          54  1 0.1237 0.0526 0.1536 0.2532 0.0524 0.2431 0.1214 
          55  1 0.1603 0.1315 0.2085 0.1150 0.0471 0.1010 0.2365 
          56  1 0.1893 0.1294 0.1190 0.1337 0.0510 0.1422 0.2355 
          57  1 0.1308 0.0731 0.1775 0.2087 0.0471 0.1984 0.1644 
          58  1 0.1519 0.1789 0.0957 0.1578 0.0758 0.2346 0.1053 
          59  1 0.1595 0.1398 0.1557 0.1248 0.0958 0.1199 0.2046 
          60  1 0.1428 0.0733 0.1410 0.2103 0.1202 0.1654 0.1470 
          61  1 0.1305 0.0807 0.0716 0.1818 0.2598 0.1835 0.0921 
          62  1 0.1704 0.0988 0.2428 0.1117 0.0289 0.0870 0.2604 
          63  1 0.1398 0.0463 0.0401 0.3867 0.0452 0.2993 0.0428 
          64  1 0.1951 0.1434 0.0981 0.1293 0.0980 0.1193 0.2167 
          65  1 0.1192 0.1017 0.1451 0.0931 0.3381 0.0745 0.1282 
          66  1 0.0477 0.0871 0.3633 0.0552 0.2099 0.0544 0.1824 
          67  1 0.1011 0.1320 0.1944 0.0901 0.2323 0.1036 0.1464 
          68  1 0.1330 0.1800 0.2029 0.0825 0.1538 0.0746 0.1732 
          69  1 0.2020 0.3357 0.0629 0.0693 0.1366 0.0853 0.1081 
          70  1 0.1977 0.1699 0.1312 0.0834 0.0612 0.0812 0.2754 
          71  1 0.1089 0.0513 0.1335 0.2311 0.0580 0.2740 0.1430 
          72  1 0.1546 0.1252 0.2134 0.0830 0.0801 0.0886 0.2550 
          73  1 0.1931 0.1159 0.2037 0.1352 0.0369 0.0958 0.2194 
          74  1 0.1802 0.1885 0.0798 0.2023 0.0956 0.1747 0.0790 
          75  1 0.1658 0.0923 0.2067 0.1206 0.0456 0.0958 0.2732 
          76  1 0.2172 0.4438 0.1059 0.0527 0.0403 0.0474 0.0927 
          77  1 0.2043 0.3504 0.0602 0.0993 0.0487 0.1383 0.0988 
          78  1 0.1648 0.0824 0.2143 0.1154 0.0778 0.0694 0.2760 
          79  1 0.1510 0.0472 0.2872 0.1465 0.0376 0.0657 0.2648 
          80  1 0.1802 0.1608 0.1715 0.0686 0.0573 0.0735 0.2881 
          81  1 0.0948 0.0570 0.0613 0.2373 0.3051 0.1780 0.0665 
          82  1 0.1464 0.1118 0.2267 0.1214 0.0487 0.1015 0.2435 
          83  1 0.1222 0.0923 0.3406 0.0899 0.0337 0.0538 0.2675 
          84  1 0.0902 0.0611 0.1234 0.1970 0.1588 0.2530 0.1165 
          85  1 0.0564 0.0477 0.0616 0.1051 0.5384 0.1260 0.0649 
          86  1 0.1423 0.1827 0.0597 0.0926 0.3476 0.1095 0.0655 
          87  1 0.1720 0.1526 0.2033 0.0639 0.0671 0.0676 0.2734 
          88  1 0.1265 0.0587 0.1784 0.2173 0.0578 0.2007 0.1608 
          89  1 0.1055 0.1472 0.0373 0.0719 0.5066 0.0894 0.0421 
          90  1 0.0925 0.0336 0.1953 0.1812 0.1608 0.1741 0.1625 
          91  1 0.0796 0.0392 0.0463 0.1899 0.4607 0.1338 0.0505 
          92  1 0.1525 0.1349 0.1268 0.1755 0.0389 0.2450 0.1264 
          93  1 0.1812 0.1952 0.0756 0.1824 0.1026 0.1799 0.0831 
          94  1 0.1631 0.0662 0.0336 0.3397 0.0720 0.2795 0.0459 
          95  1 0.1530 0.1134 0.1458 0.2029 0.0556 0.1550 0.1743 
          96  1 0.0931 0.0981 0.1680 0.1423 0.2584 0.1165 0.1234 
          97  1 0.0390 0.0834 0.4801 0.0506 0.0526 0.0514 0.2429 
          98  1 0.1329 0.0757 0.1778 0.2137 0.0629 0.1758 0.1611 
          99  1 0.1859 0.2825 0.1270 0.1284 0.0687 0.1080 0.0995 
         100  1 0.1647 0.2294 0.2054 0.0752 0.0784 0.0536 0.1932 
         101  1 0.1202 0.1074 0.2003 0.1546 0.1114 0.1300 0.1760 
         102  1 0.1025 0.0864 0.1514 0.1444 0.2540 0.1268 0.1344 
         103  1 0.1101 0.1017 0.2076 0.1229 0.1203 0.1552 0.1822 
         104  1 0.1577 0.1951 0.1598 0.1328 0.0797 0.1272 0.1477 
         105  1 0.1901 0.1409 0.1029 0.0921 0.1304 0.0844 0.2593 
         106  1 0.1207 0.0930 0.3440 0.0860 0.0343 0.0564 0.2657 
         107  1 0.0645 0.1138 0.4247 0.0405 0.0622 0.0452 0.2490 
         108  1 0.0948 0.1000 0.1358 0.0938 0.3651 0.0846 0.1259 
         109  1 0.1775 0.1976 0.1359 0.1254 0.0356 0.1687 0.1593 
         110  1 0.1537 0.2353 0.0739 0.1146 0.2309 0.1126 0.0790 
         111  1 0.0656 0.0390 0.0378 0.1416 0.5506 0.1187 0.0467 
         112  1 0.0704 0.0449 0.1037 0.0967 0.5058 0.0848 0.0937 
         113  1 0.1567 0.1745 0.0480 0.1144 0.2135 0.1590 0.1339 
         114  1 0.0935 0.0464 0.1425 0.2212 0.1381 0.2442 0.1141 
         115  1 0.0773 0.0867 0.0954 0.0814 0.4811 0.0703 0.1078 
         116  1 0.1289 0.0784 0.0964 0.2287 0.1349 0.2364 0.0962 
         117  1 0.1866 0.1167 0.0388 0.2591 0.0805 0.2610 0.0574 
         118  1 0.1223 0.0897 0.2669 0.1163 0.0630 0.1147 0.2271 
         119  1 0.1519 0.1866 0.1319 0.1884 0.0569 0.1907 0.0936 
         120  1 0.1730 0.1989 0.0877 0.2268 0.0256 0.1919 0.0961 
         121  1 0.1925 0.1904 0.0757 0.2015 0.0370 0.1968 0.1061 
         122  1 0.1493 0.1550 0.1511 0.1405 0.0634 0.2068 0.1339 
         123  1 0.0882 0.0970 0.3663 0.0701 0.0810 0.0638 0.2336 
         124  1 0.1504 0.1690 0.0734 0.1446 0.1955 0.1543 0.1128 
         125  1 0.1342 0.1206 0.2241 0.1117 0.0657 0.1233 0.2205 
         126  1 0.1872 0.3073 0.0593 0.0934 0.1845 0.1036 0.0647 
         127  1 0.2421 0.4009 0.0708 0.0836 0.0248 0.1011 0.0767 
         128  1 0.0664 0.0801 0.4084 0.0873 0.0504 0.0857 0.2216 
         129  1 0.2378 0.2990 0.1322 0.0980 0.0273 0.0604 0.1453 
         130  1 0.0876 0.0806 0.1097 0.0655 0.4766 0.0532 0.1268 
         131  1 0.2499 0.4442 0.0731 0.0678 0.0257 0.0625 0.0769 
         132  1 0.1257 0.0726 0.0821 0.2445 0.0976 0.2747 0.1030 
         133  1 0.1700 0.1889 0.0769 0.1674 0.0669 0.2520 0.0778 
         134  1 0.0889 0.0866 0.1949 0.1057 0.2306 0.1278 0.1655 
         135  1 0.0820 0.0822 0.0649 0.1084 0.4415 0.1606 0.0604 
         136  1 0.0938 0.0612 0.1087 0.1020 0.4526 0.0778 0.1039 
         137  1 0.1396 0.1364 0.1944 0.1065 0.1064 0.1303 0.1864 
         138  1 0.1420 0.1132 0.1449 0.1906 0.0525 0.2255 0.1314 
         139  1 0.0489 0.0946 0.4256 0.0493 0.1049 0.0550 0.2218 
         140  1 0.0615 0.0896 0.3996 0.0665 0.0964 0.0694 0.2170 
         141  1 0.1554 0.1429 0.1045 0.1955 0.0864 0.2236 0.0917 
         142  1 0.0653 0.0553 0.1167 0.1133 0.4592 0.1140 0.0762 
         143  1 0.1510 0.1248 0.1636 0.1468 0.0343 0.2030 0.1765 
         144  1 0.1905 0.1668 0.1717 0.1572 0.0282 0.1188 0.1669 
         145  1 0.1269 0.1469 0.2317 0.1345 0.0612 0.1234 0.1754 
         146  1 0.2256 0.1498 0.1328 0.0906 0.0446 0.0736 0.2829 
         147  1 0.1261 0.1202 0.2337 0.1444 0.0322 0.1375 0.2059 
         148  1 0.0716 0.0420 0.0898 0.1369 0.4299 0.1506 0.0793 
         149  1 0.1878 0.2054 0.1027 0.1632 0.0702 0.1533 0.1175 
         150  1 0.1689 0.0723 0.0441 0.3408 0.0396 0.2850 0.0492 
         151  1 0.0972 0.1055 0.3153 0.1011 0.0538 0.1214 0.2056 
         152  1 0.1374 0.1130 0.1716 0.1759 0.0711 0.1636 0.1674 
         153  1 0.1515 0.0408 0.2971 0.1471 0.0304 0.0656 0.2676 
         154  1 0.0986 0.0641 0.0324 0.1657 0.4322 0.1613 0.0457 
         155  1 0.1302 0.0664 0.2652 0.1558 0.0334 0.1113 0.2376 
         156  1 0.1851 0.1507 0.1000 0.1399 0.0683 0.1418 0.2144 
         157  1 0.1453 0.2014 0.1954 0.1076 0.0608 0.1413 0.1482 
         158  1 0.1006 0.0597 0.2591 0.1602 0.0784 0.1471 0.1949 
         159  1 0.0834 0.0985 0.0680 0.0559 0.5675 0.0555 0.0712 
         160  1 0.0842 0.0507 0.1855 0.1489 0.2470 0.1376 0.1460 
         161  1 0.2105 0.2465 0.1154 0.1252 0.0554 0.1121 0.1348 
         162  1 0.1363 0.0736 0.1290 0.2294 0.1464 0.1569 0.1284 
         163  1 0.1437 0.1094 0.1438 0.1602 0.1248 0.1287 0.1894 
         164  1 0.1571 0.0939 0.0404 0.2440 0.1272 0.2709 0.0665 
         165  1 0.1393 0.1197 0.0895 0.1959 0.0901 0.2603 0.1052 
         166  1 0.1115 0.0583 0.1494 0.1887 0.1650 0.1773 0.1497 
         167  1 0.1392 0.0755 0.1337 0.2177 0.0405 0.2270 0.1664 
         168  1 0.0847 0.0393 0.0375 0.2393 0.3768 0.1845 0.0379 
         169  1 0.0474 0.0510 0.0388 0.0596 0.7001 0.0589 0.0441 
         170  1 0.1730 0.1189 0.0679 0.2522 0.0653 0.2508 0.0719 
         171  1 0.0627 0.0437 0.0615 0.0892 0.5745 0.1071 0.0612 
         172  1 0.2101 0.3611 0.0412 0.0954 0.1448 0.0957 0.0517 
         173  1 0.1028 0.1543 0.0551 0.0454 0.5047 0.0448 0.0930 
         174  1 0.1012 0.1131 0.3665 0.0657 0.0232 0.0720 0.2584 
         175  1 0.1489 0.1085 0.0948 0.2233 0.0385 0.2873 0.0987 
         176  1 0.0621 0.1102 0.4293 0.0479 0.0751 0.0469 0.2285 
         177  1 0.1883 0.1998 0.0722 0.2106 0.0485 0.2010 0.0797 
         178  1 0.1326 0.0723 0.1076 0.2406 0.1376 0.1919 0.1175 
         179  1 0.0704 0.0480 0.1071 0.1548 0.3518 0.1870 0.0810 
         180  1 0.1701 0.1284 0.2117 0.1128 0.0524 0.0906 0.2340 
         181  1 0.1601 0.1385 0.1272 0.1138 0.1378 0.1308 0.1918 
         182  1 0.1904 0.2728 0.0733 0.1281 0.1082 0.1298 0.0974 
         183  1 0.2367 0.4514 0.0648 0.0602 0.0542 0.0706 0.0621 
         184  1 0.1350 0.1254 0.0606 0.2487 0.1277 0.2237 0.0789 
         185  1 0.1330 0.0631 0.1315 0.2909 0.0647 0.2056 0.1114 
         186  1 0.1322 0.0632 0.0636 0.2622 0.2152 0.1932 0.0703 
         187  1 0.1731 0.1227 0.1737 0.1369 0.0983 0.0887 0.2067 
         188  1 0.1768 0.2349 0.0469 0.1296 0.2284 0.1303 0.0531 
         189  1 0.0437 0.0429 0.0454 0.0611 0.6978 0.0582 0.0510 
         190  1 0.2077 0.3108 0.1016 0.0622 0.0695 0.0719 0.1765 
         191  1 0.1501 0.1890 0.1450 0.1037 0.1505 0.1032 0.1583 
         192  1 0.1380 0.1372 0.0661 0.1460 0.2427 0.1795 0.0904 
         193  1 0.1723 0.1287 0.2100 0.0910 0.0424 0.0844 0.2712 
         194  1 0.1377 0.1952 0.2816 0.0628 0.0275 0.0658 0.2292 
         195  1 0.1278 0.0810 0.2698 0.1253 0.0597 0.1186 0.2179 
         196  1 0.1974 0.2154 0.0679 0.2323 0.0367 0.1785 0.0717 
         197  1 0.2200 0.4029 0.1092 0.0665 0.0396 0.0535 0.1084 
         198  1 0.1803 0.1254 0.0336 0.2799 0.0839 0.2496 0.0473 
         199  1 0.1323 0.0511 0.0713 0.2871 0.0786 0.3005 0.0791 
         200  1 0.0429 0.0390 0.0301 0.0508 0.7362 0.0638 0.0373 
         201  1 0.1726 0.1228 0.1303 0.1429 0.0701 0.1337 0.2276 
         202  1 0.1467 0.1586 0.0361 0.1681 0.2624 0.1665 0.0616 
         203  1 0.1799 0.1481 0.0881 0.1696 0.1000 0.1491 0.1653 
         204  1 0.0916 0.0684 0.0909 0.1263 0.3690 0.1597 0.0941 
         205  1 0.1138 0.0769 0.1027 0.2173 0.2158 0.1840 0.0894 
         206  1 0.1122 0.1425 0.3459 0.0416 0.0505 0.0479 0.2594 
         207  1 0.0512 0.0906 0.4552 0.0654 0.0384 0.0646 0.2346 
         208  1 0.1846 0.1580 0.1579 0.0993 0.0550 0.1088 0.2363 
         209  1 0.1939 0.3244 0.1186 0.0852 0.0319 0.1054 0.1406 
         210  1 0.1565 0.2310 0.2488 0.0651 0.0288 0.0686 0.2011 
         211  1 0.2224 0.1662 0.1209 0.0784 0.0549 0.0753 0.2819 
         212  1 0.1336 0.1346 0.1148 0.0442 0.3291 0.0504 0.1933 
         213  1 0.2555 0.5205 0.0571 0.0386 0.0266 0.0399 0.0617 
         214  1 0.0979 0.1202 0.3484 0.0820 0.0455 0.0790 0.2270 
         215  1 0.1433 0.1414 0.2025 0.1630 0.0430 0.1592 0.1478 
         216  1 0.1249 0.0589 0.0649 0.2391 0.0385 0.3836 0.0901 
         217  1 0.1038 0.1065 0.0913 0.0997 0.4054 0.0873 0.1060 
         218  1 0.1275 0.0510 0.1108 0.3240 0.0626 0.2242 0.0999 
         219  1 0.2172 0.2969 0.0710 0.1330 0.0362 0.1245 0.1213 
         220  1 0.0925 0.0965 0.2859 0.1266 0.0685 0.1450 0.1849 
         221  1 0.2080 0.3172 0.0731 0.1239 0.0731 0.1248 0.0798 
         222  1 0.2025 0.1611 0.1770 0.0617 0.0298 0.0701 0.2977 
         223  1 0.1931 0.1833 0.0682 0.2161 0.0564 0.1748 0.1081 
         224  1 0.2024 0.2067 0.0919 0.1236 0.0535 0.1248 0.1972 
         225  1 0.1810 0.1163 0.2077 0.1014 0.0539 0.0726 0.2672 
         226  1 0.1797 0.1878 0.0907 0.1798 0.0763 0.2018 0.0839 
         227  1 0.1600 0.1145 0.0595 0.2497 0.1135 0.2323 0.0705 
         228  1 0.2160 0.4119 0.0715 0.0759 0.0712 0.0729 0.0805 
         229  1 0.1305 0.0910 0.1472 0.1227 0.2645 0.0846 0.1595 
         230  1 0.1156 0.0795 0.1247 0.1672 0.1980 0.1705 0.1445 
         231  1 0.1322 0.1208 0.0760 0.2116 0.1454 0.2357 0.0783 
         232  1 0.1478 0.0835 0.0875 0.2384 0.1196 0.1949 0.1283 
         233  1 0.1362 0.0951 0.1779 0.1806 0.0442 0.2181 0.1480 
         234  1 0.1904 0.2943 0.0578 0.1124 0.0867 0.1869 0.0715 
         235  1 0.1889 0.2980 0.1211 0.1029 0.0676 0.1277 0.0938 
         236  1 0.2002 0.3442 0.0918 0.1157 0.0322 0.1272 0.0888 
         237  1 0.1123 0.2120 0.3243 0.0525 0.0270 0.0696 0.2024 
         238  1 0.1586 0.0838 0.0885 0.2721 0.0950 0.2314 0.0706 
         239  1 0.0908 0.0488 0.0605 0.2331 0.3360 0.1693 0.0615 
         240  1 0.1159 0.0656 0.1458 0.2133 0.1165 0.2017 0.1411 
         241  1 0.1551 0.0456 0.0538 0.3004 0.0530 0.3322 0.0598 
         242  1 0.1449 0.1182 0.0731 0.1953 0.1342 0.2462 0.0881 
         243  1 0.1296 0.2102 0.2820 0.0756 0.0295 0.0819 0.1912 
         244  1 0.1253 0.0642 0.0543 0.2100 0.1354 0.3412 0.0697 
         245  1 0.2225 0.2830 0.1302 0.0960 0.0515 0.0741 0.1427 
         246  1 0.1334 0.0804 0.1909 0.1186 0.2185 0.0699 0.1882 
         247  1 0.0631 0.0489 0.0451 0.1106 0.5911 0.0928 0.0484 
         248  1 0.2310 0.3038 0.0481 0.1424 0.0608 0.1527 0.0611 
         249  1 0.1439 0.1183 0.2659 0.1004 0.0643 0.0705 0.2367 
         250  1 0.0817 0.0904 0.2471 0.1001 0.1810 0.1261 0.1735 
         251  1 0.1567 0.0999 0.0937 0.2648 0.0484 0.2523 0.0842 
         252  1 0.1124 0.1078 0.3185 0.1114 0.0219 0.0979 0.2302 
         253  1 0.1392 0.1240 0.0840 0.1508 0.1950 0.2125 0.0945 
         254  1 0.1472 0.1643 0.2336 0.0626 0.0704 0.0674 0.2545 
         255  1 0.1587 0.1451 0.2245 0.0921 0.0699 0.0584 0.2513 
         256  1 0.2487 0.5155 0.0445 0.0477 0.0401 0.0500 0.0536 
         257  1 0.2339 0.2006 0.0753 0.0728 0.0626 0.0838 0.2711 
         258  1 0.1708 0.2801 0.1750 0.0778 0.0652 0.1015 0.1295 
         259  1 0.0958 0.0891 0.2749 0.1664 0.0699 0.1341 0.1699 
         260  1 0.0849 0.1188 0.3790 0.0477 0.0825 0.0432 0.2439 
