           1  1 0.0952 0.2099 0.0587 0.1499 0.1835 0.1355 0.0840 0.0833 
           2  1 0.0312 0.0713 0.0462 0.2782 0.0939 0.1109 0.0910 0.2773 
           3  1 0.0315 0.0729 0.0459 0.2826 0.0947 0.1061 0.0915 0.2748 
           4  1 0.1604 0.1773 0.1178 0.1233 0.1503 0.0783 0.0812 0.1114 
           5  1 0.1596 0.1294 0.0973 0.1305 0.1009 0.0546 0.2135 0.1142 
           6  1 0.0692 0.0776 0.0735 0.0961 0.0606 0.2822 0.2355 0.1053 
           7  1 0.0764 0.0596 0.3669 0.0998 0.0702 0.0602 0.0560 0.2109 
           8  1 0.0932 0.0987 0.0775 0.0995 0.0911 0.2553 0.1746 0.1102 
           9  1 0.2578 0.1230 0.0422 0.0881 0.2108 0.0815 0.0729 0.1237 
          10  1 0.0867 0.1250 0.0627 0.1596 0.1061 0.1275 0.1560 0.1763 
          11  1 0.1610 0.1387 0.0891 0.1223 0.1157 0.0697 0.1734 0.1302 
          12  1 0.0921 0.0761 0.0591 0.0871 0.0822 0.3429 0.1865 0.0740 
          13  1 0.1287 0.0435 0.0646 0.0479 0.0624 0.3750 0.2376 0.0403 
          14  1 0.0849 0.1279 0.0697 0.1320 0.0957 0.1659 0.2016 0.1223 
          15  1 0.2982 0.1032 0.0453 0.0862 0.2024 0.0676 0.1082 0.0888 
          16  1 0.1205 0.1574 0.0880 0.1322 0.1594 0.1185 0.1417 0.0823 
          17  1 0.0259 0.0538 0.5211 0.0666 0.0439 0.0685 0.0413 0.1790 
          18  1 0.0996 0.1297 0.0630 0.0947 0.1186 0.2860 0.1470 0.0614 
          19  1 0.1321 0.1252 0.0630 0.1156 0.1201 0.2001 0.1456 0.0984 
          20  1 0.0992 0.0925 0.3664 0.0928 0.0881 0.0528 0.0876 0.1206 
          21  1 0.1012 0.1312 0.2247 0.1112 0.1139 0.1160 0.0984 0.1035 
          22  1 0.0583 0.0847 0.0535 0.2599 0.1059 0.1141 0.0750 0.2486 
          23  1 0.2232 0.1362 0.0427 0.1238 0.1751 0.0932 0.1289 0.0770 
          24  1 0.0666 0.1751 0.1460 0.1345 0.1327 0.1727 0.0769 0.0955 
          25  1 0.0556 0.1433 0.1068 0.1153 0.0846 0.0741 0.2642 0.1560 
          26  1 0.1850 0.1920 0.0906 0.0974 0.1386 0.0734 0.1216 0.1013 
          27  1 0.0654 0.1223 0.1620 0.0921 0.0734 0.1304 0.2158 0.1385 
          28  1 0.1684 0.1382 0.0622 0.1415 0.1375 0.0904 0.1818 0.0801 
          29  1 0.0667 0.2157 0.0874 0.1273 0.1179 0.1239 0.1450 0.1161 
          30  1 0.0665 0.1287 0.0798 0.1663 0.1165 0.1194 0.1490 0.1738 
          31  1 0.0836 0.1312 0.1774 0.1377 0.1025 0.1285 0.1159 0.1233 
          32  1 0.0613 0.2184 0.0446 0.1668 0.2031 0.1653 0.0693 0.0713 
          33  1 0.1364 0.0552 0.2490 0.1039 0.0885 0.0823 0.1018 0.1828 
          34  1 0.1169 0.1451 0.0850 0.1340 0.1298 0.0961 0.1680 0.1250 
          35  1 0.0390 0.1903 0.0752 0.2025 0.1560 0.1462 0.0521 0.1387 
          36  1 0.1895 0.1466 0.0691 0.1078 0.1566 0.1271 0.1200 0.0833 
          37  1 0.0406 0.1219 0.0520 0.2417 0.0893 0.1454 0.0499 0.2591 
          38  1 0.0455 0.1297 0.1561 0.1003 0.0747 0.0959 0.2460 0.1518 
          39  1 0.2158 0.1022 0.0413 0.1451 0.1368 0.1020 0.1694 0.0874 
          40  1 0.0783 0.1212 0.1028 0.1040 0.0944 0.1337 0.2221 0.1434 
          41  1 0.0981 0.0738 0.0675 0.0607 0.0593 0.3715 0.2124 0.0566 
          42  1 0.0744 0.2222 0.0623 0.1399 0.1877 0.1561 0.1074 0.0501 
          43  1 0.0850 0.0863 0.1095 0.2136 0.1025 0.0777 0.1134 0.2120 
          44  1 0.0610 0.1461 0.1380 0.1820 0.1572 0.1147 0.0612 0.1397 
          45  1 0.0351 0.0625 0.1521 0.2262 0.0683 0.0986 0.0614 0.2959 
          46  1 0.1106 0.1181 0.1343 0.1136 0.0972 0.1069 0.2085 0.1109 
          47  1 0.0742 0.0436 0.0644 0.2009 0.0662 0.2144 0.0812 0.2553 
          48  1 0.0569 0.1598 0.0676 0.1849 0.1130 0.1310 0.1280 0.1589 
          49  1 0.1097 0.2154 0.0830 0.1200 0.1085 0.1019 0.1562 0.1054 
          50  1 0.1191 0.2374 0.0789 0.1243 0.1234 0.0664 0.1691 0.0814 
          51  1 0.0637 0.0428 0.3176 0.0869 0.0463 0.1623 0.1055 0.1748 
          52  1 0.2808 0.1455 0.0458 0.0772 0.2104 0.0765 0.0778 0.0859 
          53  1 0.0685 0.1087 0.1162 0.1349 0.1008 0.2255 0.1261 0.1193 
          54  1 0.0823 0.1638 0.0549 0.1898 0.1711 0.1076 0.0940 0.1365 
          55  1 0.1396 0.1368 0.0952 0.1192 0.1421 0.0695 0.1833 0.1143 
          56  1 0.1220 0.1676 0.0719 0.1493 0.1179 0.0778 0.1860 0.1076 
          57  1 0.0261 0.0951 0.0943 0.2093 0.0885 0.0956 0.1743 0.2168 
          58  1 0.0586 0.0860 0.1594 0.1831 0.0803 0.1037 0.0866 0.2424 
          59  1 0.1881 0.1481 0.0501 0.1366 0.1596 0.1009 0.1492 0.0674 
          60  1 0.0659 0.1896 0.0988 0.1344 0.1247 0.1235 0.1540 0.1092 
          61  1 0.0961 0.1586 0.0794 0.1251 0.1171 0.1986 0.1148 0.1103 
          62  1 0.1874 0.1184 0.1023 0.1159 0.1050 0.0544 0.1888 0.1279 
          63  1 0.0320 0.2496 0.0268 0.1975 0.2674 0.1449 0.0348 0.0469 
          64  1 0.1779 0.1519 0.0497 0.1498 0.1464 0.0939 0.1697 0.0607 
          65  1 0.0994 0.0802 0.1269 0.0851 0.0694 0.2220 0.1929 0.1241 
          66  1 0.3197 0.0545 0.0558 0.0476 0.2064 0.1457 0.0742 0.0959 
          67  1 0.1770 0.1524 0.0919 0.0765 0.1505 0.1614 0.1162 0.0740 
          68  1 0.1972 0.0985 0.1369 0.0813 0.1454 0.1259 0.1293 0.0855 
          69  1 0.1069 0.0635 0.2817 0.1090 0.0782 0.0992 0.1122 0.1493 
          70  1 0.2295 0.1072 0.0380 0.1519 0.1498 0.0499 0.2063 0.0674 
          71  1 0.0686 0.2550 0.0573 0.1629 0.1209 0.1020 0.1032 0.1302 
          72  1 0.2526 0.1088 0.0530 0.1174 0.1523 0.0708 0.1595 0.0855 
          73  1 0.0504 0.1660 0.1907 0.0983 0.0588 0.0621 0.2220 0.1516 
          74  1 0.0565 0.1764 0.2053 0.1266 0.1161 0.1164 0.0863 0.1163 
          75  1 0.1484 0.1108 0.0605 0.1508 0.1110 0.0694 0.2211 0.1280 
          76  1 0.1076 0.0604 0.4469 0.0532 0.0713 0.0423 0.0592 0.1591 
          77  1 0.0874 0.1904 0.2891 0.0875 0.0998 0.0740 0.0632 0.1085 
          78  1 0.1098 0.1010 0.0855 0.1297 0.0762 0.0799 0.2763 0.1416 
          79  1 0.0468 0.1104 0.1259 0.1055 0.0540 0.0611 0.3172 0.1790 
          80  1 0.2910 0.1009 0.0548 0.1202 0.1606 0.0508 0.1705 0.0513 
          81  1 0.0781 0.1880 0.0485 0.1308 0.1817 0.2055 0.1118 0.0557 
          82  1 0.1409 0.1243 0.1029 0.1166 0.1235 0.0777 0.1748 0.1393 
          83  1 0.2650 0.0833 0.0832 0.0824 0.1513 0.0432 0.1646 0.1268 
          84  1 0.0684 0.1283 0.0464 0.1858 0.1278 0.1534 0.1033 0.1866 
          85  1 0.1023 0.0880 0.0599 0.0971 0.0786 0.3039 0.1678 0.1024 
          86  1 0.0536 0.0746 0.1759 0.1044 0.0450 0.2470 0.1522 0.1473 
          87  1 0.2873 0.1047 0.0727 0.1057 0.1477 0.0605 0.1470 0.0744 
          88  1 0.0688 0.1686 0.0824 0.1497 0.1412 0.1069 0.1471 0.1353 
          89  1 0.0647 0.0764 0.1546 0.0709 0.0493 0.3109 0.1788 0.0943 
          90  1 0.0571 0.1018 0.0546 0.1783 0.1040 0.1484 0.1795 0.1763 
          91  1 0.0744 0.1469 0.0429 0.1182 0.1561 0.2799 0.1353 0.0462 
          92  1 0.0538 0.1021 0.1485 0.1813 0.0853 0.0874 0.1014 0.2402 
          93  1 0.0492 0.1157 0.2314 0.1375 0.1067 0.1156 0.0867 0.1571 
          94  1 0.0313 0.2067 0.0707 0.1998 0.1792 0.1630 0.0462 0.1031 
          95  1 0.1549 0.1867 0.0718 0.1256 0.1770 0.0936 0.1218 0.0686 
          96  1 0.1697 0.1311 0.0618 0.0928 0.1763 0.1815 0.1259 0.0608 
          97  1 0.4353 0.0489 0.0281 0.0413 0.2602 0.0483 0.0341 0.1039 
          98  1 0.1316 0.2135 0.0686 0.1281 0.1572 0.1014 0.1062 0.0934 
          99  1 0.1175 0.1011 0.2827 0.0971 0.1193 0.0872 0.0694 0.1257 
         100  1 0.1574 0.0786 0.2173 0.0771 0.1136 0.0691 0.1540 0.1329 
         101  1 0.1778 0.1741 0.0601 0.1099 0.1914 0.1093 0.1092 0.0681 
         102  1 0.1770 0.1410 0.0593 0.1063 0.1614 0.1717 0.1107 0.0726 
         103  1 0.2004 0.1331 0.0379 0.1305 0.1715 0.1112 0.1069 0.1084 
         104  1 0.1628 0.1155 0.1403 0.1292 0.1414 0.0966 0.0971 0.1171 
         105  1 0.1590 0.1046 0.0481 0.1551 0.1087 0.0849 0.2406 0.0990 
         106  1 0.2726 0.0825 0.0816 0.0792 0.1565 0.0439 0.1564 0.1274 
         107  1 0.3836 0.0557 0.0400 0.0557 0.2339 0.0542 0.0803 0.0963 
         108  1 0.1648 0.0946 0.0799 0.0854 0.1160 0.2236 0.1680 0.0676 
         109  1 0.1071 0.0668 0.1472 0.1826 0.0871 0.0734 0.1040 0.2318 
         110  1 0.0910 0.0844 0.2358 0.1067 0.0935 0.1615 0.1066 0.1205 
         111  1 0.0735 0.1007 0.0518 0.1045 0.1059 0.3209 0.1755 0.0671 
         112  1 0.0982 0.0796 0.0669 0.0831 0.0724 0.2972 0.2122 0.0904 
         113  1 0.1145 0.0982 0.1030 0.1537 0.0994 0.1470 0.1493 0.1350 
         114  1 0.0570 0.1354 0.0478 0.1995 0.1400 0.1426 0.1178 0.1598 
         115  1 0.1389 0.0817 0.0660 0.0731 0.1088 0.2803 0.2044 0.0468 
         116  1 0.0577 0.1791 0.0852 0.1520 0.1247 0.1459 0.1113 0.1441 
         117  1 0.0324 0.1555 0.1347 0.1905 0.1208 0.1417 0.0592 0.1652 
         118  1 0.1762 0.0985 0.0697 0.1291 0.1286 0.0758 0.1662 0.1558 
         119  1 0.1175 0.1546 0.1829 0.1314 0.1411 0.1080 0.0453 0.1192 
         120  1 0.0865 0.2027 0.1924 0.1216 0.1418 0.0841 0.0682 0.1026 
         121  1 0.0425 0.1699 0.2131 0.1372 0.1055 0.0820 0.0999 0.1500 
         122  1 0.1322 0.1193 0.1200 0.1481 0.1326 0.1043 0.0650 0.1784 
         123  1 0.3061 0.0598 0.0630 0.0689 0.1946 0.0765 0.1059 0.1252 
         124  1 0.1101 0.1251 0.1275 0.1316 0.1245 0.1514 0.1253 0.1045 
         125  1 0.2168 0.1817 0.0399 0.1097 0.1904 0.0854 0.1077 0.0685 
         126  1 0.0646 0.0910 0.3203 0.0834 0.0706 0.1355 0.0931 0.1414 
         127  1 0.0636 0.0491 0.4263 0.0937 0.0544 0.0414 0.0518 0.2198 
         128  1 0.3361 0.0885 0.0390 0.0707 0.2258 0.0688 0.0605 0.1108 
         129  1 0.0291 0.0802 0.3619 0.0780 0.0404 0.0485 0.1779 0.1839 
         130  1 0.1461 0.0670 0.0711 0.0644 0.0811 0.2766 0.2343 0.0593 
         131  1 0.0560 0.0537 0.4866 0.0696 0.0499 0.0366 0.0632 0.1844 
         132  1 0.0929 0.2684 0.0586 0.1335 0.1458 0.1347 0.0694 0.0967 
         133  1 0.0808 0.1992 0.1676 0.1306 0.1053 0.1195 0.0440 0.1529 
         134  1 0.1924 0.1035 0.0485 0.1114 0.1482 0.1593 0.1221 0.1146 
         135  1 0.0779 0.0531 0.0860 0.1240 0.0595 0.2966 0.1567 0.1463 
         136  1 0.0830 0.0850 0.0890 0.0838 0.0699 0.2820 0.2114 0.0960 
         137  1 0.1922 0.2083 0.0659 0.0932 0.1718 0.1068 0.0934 0.0684 
         138  1 0.1455 0.1165 0.0752 0.1911 0.1617 0.0910 0.0559 0.1631 
         139  1 0.3788 0.0512 0.0419 0.0511 0.2382 0.0831 0.0570 0.0986 
         140  1 0.3298 0.0805 0.0445 0.0583 0.2351 0.0893 0.0629 0.0996 
         141  1 0.0991 0.1514 0.1419 0.1477 0.1366 0.1134 0.0543 0.1555 
         142  1 0.1146 0.1016 0.0482 0.0953 0.1361 0.2906 0.1503 0.0633 
         143  1 0.1540 0.2734 0.0553 0.1161 0.1552 0.0899 0.0796 0.0765 
         144  1 0.0426 0.1309 0.2259 0.1158 0.0749 0.0663 0.1909 0.1527 
         145  1 0.2137 0.1390 0.1225 0.0906 0.1699 0.0792 0.0887 0.0964 
         146  1 0.1687 0.1162 0.0851 0.1449 0.1059 0.0494 0.2383 0.0913 
         147  1 0.2733 0.1451 0.0403 0.1121 0.2096 0.0616 0.0851 0.0730 
         148  1 0.0985 0.0934 0.0522 0.1354 0.1083 0.2682 0.1407 0.1034 
         149  1 0.1098 0.1395 0.1913 0.1310 0.1305 0.0952 0.0873 0.1155 
         150  1 0.0428 0.2220 0.0679 0.1970 0.2109 0.1410 0.0314 0.0870 
         151  1 0.2393 0.1815 0.0506 0.0809 0.2082 0.0828 0.0715 0.0852 
         152  1 0.1754 0.1694 0.0608 0.1259 0.1772 0.1025 0.0975 0.0913 
         153  1 0.0560 0.1244 0.1226 0.1013 0.0515 0.0556 0.3090 0.1796 
         154  1 0.0633 0.1316 0.0721 0.1376 0.0973 0.2626 0.1332 0.1023 
         155  1 0.0905 0.1066 0.0947 0.1440 0.0946 0.0757 0.2215 0.1724 
         156  1 0.1692 0.1679 0.0353 0.1542 0.1591 0.0775 0.1644 0.0724 
         157  1 0.1984 0.0793 0.1621 0.1171 0.1336 0.0757 0.0548 0.1790 
         158  1 0.1154 0.1453 0.0770 0.1315 0.1336 0.1056 0.1494 0.1422 
         159  1 0.1034 0.0667 0.1070 0.0492 0.0589 0.3430 0.2127 0.0591 
         160  1 0.1032 0.1082 0.0772 0.1198 0.0968 0.1873 0.1735 0.1340 
         161  1 0.0584 0.1307 0.2489 0.1210 0.0751 0.0742 0.1345 0.1571 
         162  1 0.0696 0.1656 0.0954 0.1293 0.1565 0.1355 0.1500 0.0982 
         163  1 0.1488 0.1599 0.0933 0.1053 0.1420 0.1096 0.1616 0.0795 
         164  1 0.0472 0.1420 0.0849 0.2014 0.1239 0.1594 0.0744 0.1667 
         165  1 0.0651 0.1312 0.1061 0.1850 0.1117 0.1254 0.0834 0.1922 
         166  1 0.0800 0.1530 0.0703 0.1416 0.1157 0.1418 0.1685 0.1292 
         167  1 0.0693 0.1878 0.0672 0.1583 0.1303 0.0941 0.1549 0.1381 
         168  1 0.0571 0.1708 0.0434 0.1306 0.1875 0.2482 0.1165 0.0458 
         169  1 0.0849 0.0647 0.0753 0.0450 0.0531 0.4005 0.2361 0.0404 
         170  1 0.0680 0.1579 0.1139 0.1944 0.1372 0.1314 0.0416 0.1556 
         171  1 0.0826 0.0573 0.0634 0.0908 0.0472 0.3449 0.1994 0.1145 
         172  1 0.0349 0.0708 0.3717 0.0884 0.0577 0.1200 0.0808 0.1756 
         173  1 0.1129 0.0645 0.1393 0.0511 0.0615 0.3069 0.2134 0.0503 
         174  1 0.3804 0.0774 0.0348 0.0757 0.2171 0.0384 0.0820 0.0941 
         175  1 0.0639 0.1858 0.1131 0.1701 0.1269 0.1139 0.0585 0.1678 
         176  1 0.3916 0.0483 0.0633 0.0452 0.2237 0.0626 0.0570 0.1083 
         177  1 0.0480 0.1542 0.2208 0.1550 0.1134 0.0975 0.0674 0.1437 
         178  1 0.0567 0.1976 0.0930 0.1311 0.1413 0.1479 0.1367 0.0956 
         179  1 0.1033 0.1083 0.0543 0.1360 0.1356 0.2462 0.1128 0.1035 
         180  1 0.1446 0.1464 0.1131 0.1116 0.1235 0.0663 0.1872 0.1072 
         181  1 0.1775 0.1521 0.0628 0.1313 0.1507 0.1067 0.1386 0.0804 
         182  1 0.0838 0.1099 0.2488 0.1167 0.1000 0.1063 0.0984 0.1360 
         183  1 0.0669 0.0536 0.4876 0.0616 0.0582 0.0517 0.0365 0.1840 
         184  1 0.0711 0.2440 0.1101 0.1129 0.1688 0.1327 0.0901 0.0702 
         185  1 0.0737 0.1907 0.0662 0.1659 0.2100 0.1164 0.0935 0.0838 
         186  1 0.0611 0.1933 0.0764 0.1262 0.1595 0.1870 0.1204 0.0760 
         187  1 0.0598 0.1201 0.1688 0.1118 0.0766 0.0978 0.2176 0.1475 
         188  1 0.0571 0.0849 0.2295 0.1044 0.0686 0.1956 0.1037 0.1562 
         189  1 0.0925 0.0764 0.0553 0.0528 0.0608 0.3887 0.2420 0.0316 
         190  1 0.1755 0.0760 0.2173 0.1178 0.0968 0.0563 0.1415 0.1190 
         191  1 0.1502 0.1429 0.1448 0.0920 0.1263 0.1212 0.1364 0.0862 
         192  1 0.0653 0.0912 0.1284 0.1506 0.0805 0.1699 0.1235 0.1904 
         193  1 0.3032 0.1027 0.0548 0.1182 0.1647 0.0494 0.1400 0.0671 
         194  1 0.3054 0.0967 0.1201 0.0770 0.1716 0.0368 0.0976 0.0948 
         195  1 0.1433 0.0915 0.0843 0.1346 0.1135 0.0857 0.1600 0.1872 
         196  1 0.0640 0.1656 0.2280 0.1427 0.1408 0.0943 0.0542 0.1105 
         197  1 0.0792 0.0576 0.4308 0.0632 0.0611 0.0443 0.0908 0.1730 
         198  1 0.0362 0.1808 0.1579 0.1716 0.1574 0.1435 0.0457 0.1068 
         199  1 0.0576 0.2103 0.0371 0.1940 0.1969 0.1437 0.0563 0.1041 
         200  1 0.0842 0.0464 0.0687 0.0464 0.0377 0.4306 0.2363 0.0497 
         201  1 0.1085 0.1115 0.0586 0.1779 0.1206 0.0829 0.2008 0.1392 
         202  1 0.0570 0.1456 0.1591 0.1222 0.0979 0.1878 0.1200 0.1103 
         203  1 0.1307 0.1779 0.0930 0.1328 0.1550 0.1008 0.1376 0.0722 
         204  1 0.0819 0.0961 0.0759 0.1247 0.0799 0.2494 0.1478 0.1443 
         205  1 0.1053 0.1677 0.0646 0.1303 0.1688 0.1868 0.0957 0.0809 
         206  1 0.4052 0.0584 0.0577 0.0598 0.2028 0.0451 0.0792 0.0919 
         207  1 0.3960 0.0638 0.0380 0.0526 0.2572 0.0479 0.0405 0.1039 
         208  1 0.2249 0.1264 0.0657 0.1378 0.1469 0.0625 0.1473 0.0886 
         209  1 0.1345 0.0925 0.2617 0.1071 0.1130 0.0526 0.0813 0.1573 
         210  1 0.2911 0.0705 0.1689 0.0803 0.1474 0.0389 0.0851 0.1179 
         211  1 0.2011 0.1097 0.0600 0.1536 0.1142 0.0517 0.2314 0.0783 
         212  1 0.2055 0.0655 0.0677 0.0927 0.0911 0.1919 0.2303 0.0553 
         213  1 0.0584 0.0366 0.5648 0.0402 0.0386 0.0283 0.0470 0.1862 
         214  1 0.3225 0.0868 0.0419 0.0913 0.2232 0.0544 0.0850 0.0948 
         215  1 0.1823 0.1418 0.0990 0.1360 0.1807 0.0893 0.0673 0.1037 
         216  1 0.0320 0.0844 0.0502 0.2824 0.0863 0.1078 0.0597 0.2972 
         217  1 0.0726 0.0956 0.1073 0.0844 0.0748 0.2648 0.2065 0.0940 
         218  1 0.0462 0.2320 0.0609 0.1494 0.2029 0.1228 0.1083 0.0775 
         219  1 0.0867 0.1220 0.2617 0.1312 0.1070 0.0624 0.1014 0.1275 
         220  1 0.2238 0.1605 0.0461 0.0975 0.2093 0.0964 0.0700 0.0964 
         221  1 0.0449 0.1151 0.3403 0.0987 0.0806 0.0873 0.0876 0.1455 
         222  1 0.2953 0.1006 0.0503 0.1319 0.1469 0.0353 0.1798 0.0600 
         223  1 0.0919 0.1646 0.1687 0.1531 0.1446 0.1033 0.0825 0.0912 
         224  1 0.1152 0.0912 0.1299 0.1712 0.0957 0.0695 0.1749 0.1524 
         225  1 0.1584 0.1143 0.0897 0.1185 0.1108 0.0627 0.2211 0.1244 
         226  1 0.0777 0.1164 0.1983 0.1464 0.1108 0.1069 0.0587 0.1847 
         227  1 0.0615 0.1833 0.1164 0.1633 0.1423 0.1449 0.0676 0.1206 
         228  1 0.0697 0.0815 0.3970 0.0742 0.0692 0.0763 0.0737 0.1584 
         229  1 0.0608 0.1177 0.1289 0.0843 0.0673 0.1787 0.2446 0.1177 
         230  1 0.0951 0.1556 0.0675 0.1413 0.1058 0.1468 0.1526 0.1354 
         231  1 0.0775 0.2081 0.1086 0.1317 0.1267 0.1589 0.0739 0.1147 
         232  1 0.0835 0.2584 0.0661 0.1296 0.1481 0.1174 0.1294 0.0675 
         233  1 0.0432 0.0756 0.0922 0.2140 0.0708 0.0978 0.1369 0.2695 
         234  1 0.0652 0.0517 0.2464 0.1596 0.0624 0.1006 0.0514 0.2627 
         235  1 0.1115 0.0934 0.2965 0.0908 0.0950 0.0834 0.0542 0.1752 
         236  1 0.0782 0.1076 0.3680 0.0929 0.0881 0.0587 0.0558 0.1507 
         237  1 0.3339 0.0454 0.1584 0.0583 0.1790 0.0359 0.0388 0.1503 
         238  1 0.0725 0.1740 0.0890 0.1773 0.1832 0.1546 0.0505 0.0990 
         239  1 0.0657 0.1670 0.0426 0.1492 0.1889 0.2277 0.1126 0.0463 
         240  1 0.0612 0.1584 0.0688 0.1721 0.1164 0.1290 0.1534 0.1407 
         241  1 0.0399 0.1609 0.0513 0.2395 0.1650 0.1402 0.0438 0.1594 
         242  1 0.0507 0.1333 0.1208 0.1745 0.1117 0.1427 0.0890 0.1772 
         243  1 0.3069 0.0649 0.1542 0.0738 0.1776 0.0432 0.0521 0.1274 
         244  1 0.0492 0.0718 0.0651 0.2530 0.0814 0.1465 0.0521 0.2809 
         245  1 0.0358 0.0815 0.3345 0.0870 0.0422 0.0633 0.1679 0.1878 
         246  1 0.0586 0.0931 0.1322 0.0881 0.0629 0.1765 0.2464 0.1423 
         247  1 0.0826 0.0938 0.0668 0.0753 0.0833 0.3383 0.2028 0.0572 
         248  1 0.0596 0.0718 0.3261 0.1365 0.0834 0.0788 0.0438 0.2000 
         249  1 0.1844 0.1157 0.1336 0.0873 0.1088 0.0657 0.1724 0.1322 
         250  1 0.2062 0.1131 0.0421 0.1072 0.1582 0.1492 0.1234 0.1005 
         251  1 0.0514 0.1555 0.1109 0.2043 0.1672 0.1213 0.0571 0.1323 
         252  1 0.2154 0.1304 0.0690 0.0988 0.1782 0.0513 0.1370 0.1198 
         253  1 0.1023 0.0853 0.0991 0.1834 0.1002 0.1528 0.0880 0.1890 
         254  1 0.2943 0.0798 0.0461 0.1165 0.1742 0.0549 0.1430 0.0912 
         255  1 0.1710 0.0945 0.1328 0.0995 0.1059 0.0687 0.1984 0.1291 
         256  1 0.0563 0.0486 0.5570 0.0430 0.0445 0.0409 0.0394 0.1704 
         257  1 0.2076 0.1186 0.0533 0.1562 0.1393 0.0564 0.2082 0.0604 
         258  1 0.1688 0.0820 0.2470 0.0871 0.1178 0.0758 0.0625 0.1591 
         259  1 0.2093 0.1434 0.0384 0.1175 0.2444 0.1050 0.0666 0.0754 
         260  1 0.3851 0.0467 0.0550 0.0554 0.2194 0.0622 0.0831 0.0932 
