           1  1 0.1114 0.0565 0.1038 0.2311 0.1788 0.3184 
           2  1 0.0539 0.0757 0.0409 0.2018 0.0940 0.5337 
           3  1 0.0536 0.0749 0.0426 0.1998 0.0902 0.5389 
           4  1 0.0371 0.2036 0.3070 0.1011 0.2017 0.1495 
           5  1 0.0450 0.0827 0.1979 0.2899 0.3119 0.0726 
           6  1 0.5652 0.0396 0.0392 0.1502 0.0866 0.1192 
           7  1 0.0466 0.6198 0.0811 0.0692 0.0852 0.0982 
           8  1 0.4853 0.0559 0.0638 0.1393 0.1130 0.1428 
           9  1 0.0830 0.0427 0.4036 0.1219 0.2448 0.1039 
          10  1 0.1500 0.0437 0.0865 0.2598 0.1882 0.2718 
          11  1 0.0436 0.0821 0.2010 0.3040 0.2872 0.0821 
          12  1 0.6813 0.0373 0.0441 0.0729 0.0661 0.0983 
          13  1 0.6747 0.0663 0.1024 0.0591 0.0613 0.0363 
          14  1 0.3740 0.0458 0.0705 0.2046 0.1611 0.1440 
          15  1 0.0471 0.0444 0.6143 0.0792 0.1643 0.0507 
          16  1 0.1381 0.1149 0.1745 0.2162 0.1879 0.1684 
          17  1 0.0607 0.6876 0.0250 0.0592 0.0579 0.1096 
          18  1 0.4929 0.0483 0.1073 0.1035 0.1330 0.1149 
          19  1 0.4178 0.0587 0.1416 0.1071 0.1458 0.1289 
          20  1 0.0383 0.5767 0.1048 0.0861 0.1208 0.0733 
          21  1 0.1542 0.3667 0.1137 0.1077 0.1354 0.1224 
          22  1 0.0777 0.1284 0.0667 0.1361 0.1430 0.4481 
          23  1 0.1192 0.0462 0.4788 0.0949 0.1879 0.0729 
          24  1 0.1862 0.1566 0.0722 0.1687 0.1353 0.2810 
          25  1 0.0301 0.0382 0.0984 0.3887 0.2159 0.2286 
          26  1 0.0596 0.0603 0.1884 0.2058 0.4021 0.0838 
          27  1 0.1610 0.1262 0.0939 0.2703 0.2450 0.1035 
          28  1 0.1533 0.0939 0.2151 0.1872 0.2601 0.0903 
          29  1 0.0979 0.0534 0.0720 0.2617 0.2943 0.2206 
          30  1 0.0890 0.0524 0.0780 0.2390 0.1462 0.3953 
          31  1 0.1670 0.3254 0.0757 0.1389 0.1230 0.1701 
          32  1 0.1830 0.0385 0.0630 0.2285 0.1334 0.3537 
          33  1 0.0732 0.4641 0.1286 0.1478 0.0964 0.0899 
          34  1 0.1415 0.0837 0.1214 0.2535 0.2472 0.1527 
          35  1 0.0651 0.0776 0.0353 0.2192 0.0804 0.5225 
          36  1 0.1537 0.0717 0.3278 0.1312 0.2094 0.1062 
          37  1 0.1552 0.1013 0.0297 0.0928 0.2252 0.3958 
          38  1 0.0862 0.0880 0.0900 0.3486 0.2540 0.1333 
          39  1 0.1495 0.0629 0.4546 0.0966 0.1767 0.0597 
          40  1 0.2056 0.0587 0.0998 0.2694 0.1729 0.1936 
          41  1 0.7441 0.0383 0.0420 0.0492 0.0806 0.0459 
          42  1 0.2477 0.0590 0.0816 0.2222 0.2064 0.1831 
          43  1 0.0303 0.2134 0.1165 0.2241 0.1476 0.2681 
          44  1 0.0693 0.1418 0.0633 0.1946 0.0859 0.4451 
          45  1 0.0661 0.4076 0.0399 0.1177 0.0696 0.2991 
          46  1 0.1457 0.1186 0.1359 0.2666 0.2503 0.0829 
          47  1 0.4731 0.1314 0.0489 0.0576 0.0642 0.2248 
          48  1 0.1250 0.0582 0.0527 0.2337 0.2173 0.3130 
          49  1 0.1018 0.0562 0.1278 0.2292 0.3914 0.0936 
          50  1 0.0388 0.0498 0.1173 0.2895 0.4334 0.0711 
          51  1 0.2069 0.5995 0.0433 0.0447 0.0451 0.0606 
          52  1 0.0655 0.0488 0.5271 0.0860 0.2076 0.0649 
          53  1 0.3511 0.1531 0.0494 0.1252 0.0662 0.2550 
          54  1 0.0573 0.0493 0.0889 0.2402 0.1335 0.4309 
          55  1 0.0534 0.0880 0.2642 0.2486 0.2377 0.1080 
          56  1 0.0649 0.0724 0.1320 0.2780 0.3311 0.1217 
          57  1 0.0503 0.0957 0.0405 0.2850 0.0991 0.4294 
          58  1 0.0938 0.3215 0.0588 0.1469 0.1496 0.2293 
          59  1 0.0957 0.0530 0.4356 0.1307 0.1853 0.0997 
          60  1 0.1498 0.0656 0.0794 0.2661 0.1881 0.2511 
          61  1 0.3467 0.0864 0.0879 0.1524 0.1597 0.1668 
          62  1 0.0280 0.0752 0.2359 0.2970 0.2788 0.0851 
          63  1 0.0559 0.0298 0.0432 0.2597 0.0993 0.5120 
          64  1 0.1211 0.0597 0.3037 0.1761 0.2344 0.1050 
          65  1 0.3751 0.1258 0.0873 0.1749 0.1409 0.0959 
          66  1 0.2381 0.0576 0.4485 0.0562 0.1392 0.0604 
          67  1 0.2061 0.0972 0.3193 0.0797 0.2428 0.0549 
          68  1 0.1507 0.1912 0.3113 0.1135 0.1779 0.0553 
          69  1 0.1397 0.5449 0.1101 0.0674 0.0762 0.0616 
          70  1 0.0908 0.0518 0.4837 0.1311 0.1786 0.0640 
          71  1 0.0636 0.0497 0.0702 0.2230 0.3349 0.2586 
          72  1 0.0819 0.0604 0.3734 0.1851 0.2229 0.0764 
          73  1 0.0383 0.1246 0.0943 0.2990 0.3449 0.0990 
          74  1 0.0980 0.2355 0.0623 0.1842 0.1662 0.2538 
          75  1 0.0434 0.0365 0.1909 0.3593 0.2467 0.1231 
          76  1 0.0380 0.6591 0.1136 0.0645 0.0828 0.0420 
          77  1 0.0487 0.4335 0.1011 0.0841 0.2704 0.0622 
          78  1 0.0731 0.0465 0.1342 0.3906 0.2433 0.1123 
          79  1 0.0361 0.0329 0.1141 0.4466 0.2272 0.1431 
          80  1 0.0643 0.0615 0.5154 0.1329 0.1849 0.0411 
          81  1 0.4343 0.0406 0.0751 0.1778 0.1066 0.1656 
          82  1 0.0524 0.0919 0.2365 0.2432 0.2451 0.1309 
          83  1 0.0352 0.0500 0.3425 0.2679 0.2250 0.0794 
          84  1 0.2268 0.0470 0.0757 0.1820 0.1830 0.2854 
          85  1 0.6567 0.0381 0.0584 0.0673 0.0865 0.0929 
          86  1 0.3586 0.3010 0.0314 0.0894 0.1185 0.1011 
          87  1 0.0690 0.0780 0.4671 0.1397 0.2016 0.0446 
          88  1 0.0593 0.0493 0.0884 0.2686 0.1501 0.3844 
          89  1 0.5125 0.1993 0.0334 0.0585 0.1238 0.0725 
          90  1 0.1789 0.0271 0.0673 0.2969 0.1307 0.2992 
          91  1 0.5650 0.0256 0.0475 0.1334 0.0592 0.1694 
          92  1 0.0451 0.2177 0.0799 0.1832 0.1340 0.3401 
          93  1 0.1118 0.2685 0.0514 0.1735 0.0967 0.2981 
          94  1 0.0843 0.0699 0.0317 0.2344 0.0645 0.5152 
          95  1 0.0621 0.0662 0.2812 0.2322 0.2307 0.1275 
          96  1 0.3038 0.0644 0.2957 0.1074 0.1414 0.0873 
          97  1 0.0624 0.0348 0.6591 0.0479 0.1436 0.0522 
          98  1 0.0714 0.0539 0.2117 0.2331 0.2337 0.1962 
          99  1 0.0693 0.4335 0.1526 0.1141 0.0976 0.1329 
         100  1 0.0741 0.2652 0.2492 0.1744 0.1771 0.0601 
         101  1 0.1249 0.0553 0.3875 0.1320 0.1972 0.1030 
         102  1 0.3051 0.0588 0.2280 0.1235 0.1528 0.1318 
         103  1 0.1371 0.0453 0.4128 0.1058 0.1750 0.1240 
         104  1 0.0907 0.2333 0.3177 0.1123 0.1153 0.1307 
         105  1 0.2166 0.0535 0.1408 0.2798 0.2239 0.0854 
         106  1 0.0339 0.0534 0.3432 0.2620 0.2278 0.0797 
         107  1 0.0620 0.0455 0.6562 0.0535 0.1526 0.0302 
         108  1 0.4025 0.0894 0.2049 0.1082 0.1201 0.0749 
         109  1 0.0359 0.3441 0.1100 0.2051 0.1515 0.1535 
         110  1 0.2428 0.3642 0.0948 0.0902 0.0785 0.1295 
         111  1 0.6571 0.0265 0.0286 0.0971 0.0602 0.1305 
         112  1 0.6085 0.0369 0.0562 0.1175 0.0847 0.0963 
         113  1 0.3122 0.2465 0.0944 0.0886 0.1407 0.1176 
         114  1 0.1786 0.0404 0.0627 0.2091 0.1413 0.3678 
         115  1 0.4885 0.0749 0.1835 0.0938 0.1009 0.0584 
         116  1 0.1727 0.1001 0.0536 0.2121 0.2262 0.2353 
         117  1 0.0929 0.1482 0.0295 0.2100 0.0787 0.4407 
         118  1 0.0687 0.0629 0.2653 0.2677 0.2148 0.1206 
         119  1 0.0583 0.2838 0.1383 0.1385 0.1264 0.2547 
         120  1 0.0287 0.2378 0.1124 0.1880 0.2264 0.2067 
         121  1 0.0387 0.2817 0.0498 0.2079 0.2024 0.2195 
         122  1 0.0798 0.2260 0.2055 0.1095 0.1705 0.2086 
         123  1 0.0877 0.0710 0.4056 0.1761 0.1807 0.0789 
         124  1 0.2501 0.2260 0.1413 0.1087 0.1227 0.1511 
         125  1 0.0714 0.0380 0.5164 0.0900 0.2157 0.0684 
         126  1 0.1856 0.4602 0.0562 0.0858 0.1136 0.0986 
         127  1 0.0266 0.6810 0.0684 0.0698 0.0644 0.0898 
         128  1 0.0586 0.0431 0.5006 0.1052 0.1914 0.1012 
         129  1 0.0263 0.4205 0.0595 0.2311 0.1563 0.1062 
         130  1 0.4899 0.0708 0.1382 0.1336 0.1195 0.0480 
         131  1 0.0266 0.6785 0.0600 0.0884 0.0629 0.0836 
         132  1 0.1002 0.0614 0.0882 0.1848 0.2871 0.2782 
         133  1 0.0773 0.2530 0.0712 0.1253 0.2832 0.1899 
         134  1 0.2762 0.0536 0.3276 0.0883 0.1590 0.0954 
         135  1 0.4996 0.1361 0.0493 0.0733 0.0696 0.1721 
         136  1 0.5238 0.0609 0.0585 0.1475 0.1090 0.1002 
         137  1 0.1048 0.0656 0.4464 0.0789 0.2465 0.0578 
         138  1 0.0621 0.1725 0.2122 0.1334 0.1153 0.3045 
         139  1 0.1094 0.0499 0.6014 0.0495 0.1424 0.0474 
         140  1 0.1054 0.0487 0.5477 0.0708 0.1640 0.0634 
         141  1 0.0905 0.1993 0.1592 0.1497 0.1243 0.2770 
         142  1 0.4888 0.0371 0.1573 0.0829 0.0994 0.1345 
         143  1 0.0356 0.0658 0.2707 0.1199 0.4103 0.0977 
         144  1 0.0286 0.2138 0.0769 0.2869 0.1738 0.2201 
         145  1 0.0660 0.1500 0.3670 0.1309 0.1906 0.0954 
         146  1 0.0580 0.0751 0.2429 0.2860 0.2689 0.0691 
         147  1 0.0357 0.0480 0.5200 0.1256 0.1550 0.1157 
         148  1 0.4928 0.0369 0.0807 0.1122 0.0825 0.1949 
         149  1 0.0673 0.2609 0.1594 0.1552 0.1317 0.2256 
         150  1 0.0428 0.0655 0.0474 0.2472 0.0588 0.5382 
         151  1 0.0552 0.0480 0.4909 0.0886 0.2502 0.0671 
         152  1 0.0761 0.0715 0.3400 0.1521 0.1912 0.1692 
         153  1 0.0290 0.0290 0.1090 0.4469 0.2557 0.1304 
         154  1 0.4970 0.0763 0.0314 0.0983 0.1182 0.1788 
         155  1 0.0348 0.0619 0.1239 0.3955 0.2031 0.1808 
         156  1 0.0907 0.0477 0.3368 0.1561 0.2377 0.1310 
         157  1 0.0713 0.3444 0.2620 0.0745 0.1251 0.1226 
         158  1 0.0857 0.0539 0.1639 0.2432 0.2241 0.2293 
         159  1 0.5852 0.1121 0.0755 0.0749 0.1103 0.0419 
         160  1 0.3017 0.0586 0.0812 0.1989 0.1701 0.1896 
         161  1 0.0490 0.3514 0.0741 0.2037 0.1996 0.1222 
         162  1 0.1794 0.0690 0.0974 0.2633 0.1687 0.2222 
         163  1 0.1109 0.0887 0.2029 0.2251 0.2695 0.1029 
         164  1 0.1469 0.1167 0.0403 0.1679 0.0743 0.4539 
         165  1 0.1075 0.1799 0.0786 0.1545 0.1453 0.3342 
         166  1 0.2364 0.0456 0.0678 0.2330 0.1767 0.2404 
         167  1 0.0519 0.0451 0.0855 0.2678 0.2149 0.3348 
         168  1 0.4869 0.0261 0.0375 0.1657 0.0584 0.2254 
         169  1 0.7334 0.0454 0.0377 0.0611 0.0776 0.0448 
         170  1 0.0839 0.1711 0.0704 0.2026 0.0685 0.4034 
         171  1 0.6764 0.0485 0.0319 0.0876 0.0691 0.0865 
         172  1 0.1312 0.5554 0.0245 0.0883 0.0936 0.1070 
         173  1 0.5019 0.1845 0.0993 0.0753 0.1107 0.0283 
         174  1 0.0256 0.0401 0.6203 0.0863 0.1672 0.0605 
         175  1 0.0469 0.1300 0.0688 0.1759 0.1600 0.4183 
         176  1 0.0849 0.0878 0.5265 0.0786 0.1669 0.0553 
         177  1 0.0499 0.2494 0.0510 0.1850 0.1100 0.3547 
         178  1 0.1722 0.0764 0.0594 0.2576 0.2042 0.2301 
         179  1 0.3881 0.0369 0.0857 0.1047 0.0937 0.2909 
         180  1 0.0487 0.0763 0.2259 0.2772 0.2905 0.0813 
         181  1 0.1734 0.0837 0.2897 0.1285 0.2476 0.0770 
         182  1 0.1089 0.4104 0.0892 0.1245 0.1241 0.1429 
         183  1 0.0556 0.7021 0.0771 0.0439 0.0623 0.0590 
         184  1 0.1725 0.1202 0.0756 0.1915 0.3168 0.1233 
         185  1 0.0834 0.0590 0.0930 0.2847 0.1219 0.3580 
         186  1 0.2861 0.0609 0.0656 0.2277 0.1458 0.2138 
         187  1 0.1071 0.1300 0.0733 0.3290 0.2416 0.1190 
         188  1 0.2376 0.4006 0.0443 0.1048 0.0700 0.1427 
         189  1 0.7072 0.0328 0.0526 0.0694 0.0961 0.0418 
         190  1 0.0761 0.4434 0.2283 0.0922 0.1124 0.0477 
         191  1 0.1504 0.1999 0.2105 0.1336 0.2425 0.0631 
         192  1 0.3119 0.2144 0.0458 0.1364 0.1089 0.1826 
         193  1 0.0463 0.0629 0.4494 0.1678 0.2076 0.0660 
         194  1 0.0299 0.1525 0.4876 0.1011 0.1898 0.0391 
         195  1 0.0635 0.0840 0.1810 0.3202 0.1971 0.1542 
         196  1 0.0389 0.2962 0.0780 0.1849 0.0848 0.3172 
         197  1 0.0380 0.5898 0.0969 0.1127 0.0935 0.0691 
         198  1 0.0762 0.1336 0.0358 0.2183 0.0846 0.4515 
         199  1 0.0763 0.0353 0.0646 0.2028 0.1110 0.5099 
         200  1 0.7880 0.0398 0.0262 0.0466 0.0493 0.0500 
         201  1 0.0755 0.0763 0.1089 0.3241 0.2405 0.1747 
         202  1 0.2917 0.2020 0.0325 0.1320 0.1512 0.1906 
         203  1 0.1330 0.1326 0.1749 0.1959 0.2440 0.1196 
         204  1 0.4772 0.0727 0.0548 0.1320 0.1390 0.1243 
         205  1 0.2732 0.0656 0.1800 0.1646 0.1242 0.1923 
         206  1 0.0486 0.0861 0.6352 0.0641 0.1396 0.0265 
         207  1 0.0452 0.0440 0.6370 0.0606 0.1446 0.0686 
         208  1 0.0657 0.1058 0.3856 0.1451 0.2158 0.0820 
         209  1 0.0351 0.4801 0.2244 0.0723 0.1124 0.0757 
         210  1 0.0280 0.3000 0.3383 0.1256 0.1519 0.0561 
         211  1 0.0670 0.0713 0.2430 0.2909 0.2590 0.0689 
         212  1 0.3151 0.1188 0.2295 0.1436 0.1597 0.0332 
         213  1 0.0273 0.7810 0.0643 0.0419 0.0496 0.0359 
         214  1 0.0394 0.0440 0.6068 0.0817 0.1603 0.0677 
         215  1 0.0451 0.1110 0.3762 0.1225 0.1362 0.2090 
         216  1 0.0511 0.1065 0.0329 0.1441 0.1346 0.5308 
         217  1 0.4148 0.1237 0.0597 0.1585 0.1468 0.0965 
         218  1 0.0856 0.0359 0.0702 0.3100 0.1805 0.3178 
         219  1 0.0391 0.3983 0.0918 0.1513 0.1672 0.1523 
         220  1 0.0788 0.0465 0.4655 0.0991 0.1935 0.1166 
         221  1 0.0719 0.4442 0.0512 0.1325 0.1597 0.1406 
         222  1 0.0341 0.0464 0.5166 0.1551 0.2057 0.0422 
         223  1 0.0638 0.2597 0.1333 0.1919 0.1176 0.2337 
         224  1 0.0697 0.3132 0.1089 0.2127 0.1644 0.1310 
         225  1 0.0516 0.0651 0.2325 0.3175 0.2531 0.0803 
         226  1 0.0981 0.3025 0.0688 0.1473 0.1297 0.2536 
         227  1 0.1436 0.1415 0.0807 0.1890 0.1246 0.3206 
         228  1 0.0685 0.6184 0.0799 0.0764 0.0919 0.0648 
         229  1 0.2695 0.0910 0.0714 0.2454 0.2236 0.0992 
         230  1 0.2495 0.0755 0.0937 0.1954 0.2136 0.1724 
         231  1 0.1288 0.1643 0.0813 0.1589 0.1975 0.2690 
         232  1 0.1250 0.0503 0.0926 0.2357 0.3322 0.1642 
         233  1 0.0528 0.1574 0.0669 0.3086 0.1233 0.2909 
         234  1 0.0844 0.6073 0.0614 0.0499 0.0818 0.1153 
         235  1 0.0763 0.4728 0.1249 0.0817 0.1200 0.1243 
         236  1 0.0321 0.4833 0.0976 0.0990 0.1343 0.1537 
         237  1 0.0294 0.2914 0.4581 0.0507 0.1087 0.0617 
         238  1 0.1011 0.0855 0.0830 0.2156 0.0780 0.4368 
         239  1 0.4075 0.0307 0.0661 0.1815 0.0712 0.2429 
         240  1 0.1650 0.0548 0.0583 0.2412 0.1950 0.2857 
         241  1 0.0567 0.0490 0.0375 0.2271 0.0570 0.5727 
         242  1 0.1449 0.1570 0.0487 0.1669 0.1336 0.3489 
         243  1 0.0314 0.2928 0.3971 0.0746 0.1179 0.0862 
         244  1 0.1878 0.1206 0.0408 0.1084 0.0918 0.4506 
         245  1 0.0494 0.4053 0.0569 0.2209 0.1365 0.1309 
         246  1 0.1983 0.0884 0.0827 0.3236 0.1858 0.1212 
         247  1 0.6559 0.0468 0.0436 0.0951 0.0682 0.0904 
         248  1 0.0671 0.5502 0.0666 0.0848 0.0510 0.1802 
         249  1 0.0605 0.1264 0.1950 0.2611 0.2814 0.0755 
         250  1 0.2008 0.0378 0.4190 0.1000 0.1534 0.0890 
         251  1 0.0461 0.0996 0.0517 0.2017 0.0732 0.5278 
         252  1 0.0229 0.0568 0.4332 0.1803 0.1934 0.1133 
         253  1 0.2634 0.1966 0.1015 0.1046 0.0924 0.2416 
         254  1 0.0846 0.0778 0.5681 0.0815 0.1438 0.0443 
         255  1 0.0613 0.1219 0.2182 0.2956 0.2183 0.0846 
         256  1 0.0382 0.7490 0.0664 0.0397 0.0663 0.0403 
         257  1 0.1087 0.1076 0.2956 0.1671 0.2804 0.0407 
         258  1 0.0652 0.4373 0.2423 0.0650 0.1224 0.0679 
         259  1 0.0707 0.0356 0.4818 0.1234 0.1319 0.1567 
         260  1 0.0807 0.0586 0.5894 0.0799 0.1519 0.0396 
