           1  1 0.1679 0.0641 0.1492 0.0680 0.1115 0.1021 0.0771 0.0794 0.0695 0.1112 
           2  1 0.1417 0.0324 0.2113 0.0442 0.0553 0.1174 0.1531 0.0349 0.1435 0.0663 
           3  1 0.1452 0.0318 0.2134 0.0452 0.0527 0.1139 0.1536 0.0321 0.1496 0.0625 
           4  1 0.0935 0.1146 0.0957 0.0637 0.1301 0.1164 0.0943 0.0544 0.1095 0.1279 
           5  1 0.0814 0.0794 0.0814 0.0834 0.1139 0.1006 0.0984 0.1321 0.1401 0.0893 
           6  1 0.0783 0.0470 0.0776 0.2489 0.0614 0.0832 0.0679 0.1955 0.0735 0.0666 
           7  1 0.0615 0.2934 0.0758 0.0447 0.0613 0.0717 0.1690 0.0407 0.1153 0.0665 
           8  1 0.0819 0.0506 0.0764 0.2123 0.0916 0.0967 0.0842 0.1491 0.0851 0.0723 
           9  1 0.0779 0.0338 0.0676 0.0879 0.1900 0.0924 0.0759 0.1218 0.0898 0.1630 
          10  1 0.1082 0.0457 0.1258 0.0857 0.1129 0.1095 0.1101 0.0961 0.1097 0.0965 
          11  1 0.0737 0.0720 0.0824 0.0766 0.1300 0.1091 0.0933 0.1396 0.1384 0.0850 
          12  1 0.0789 0.0385 0.0799 0.2857 0.0539 0.0730 0.0679 0.1978 0.0540 0.0703 
          13  1 0.0356 0.0395 0.0293 0.3395 0.0547 0.0769 0.0410 0.2708 0.0485 0.0642 
          14  1 0.0887 0.0600 0.0881 0.1579 0.0962 0.1140 0.0916 0.1105 0.1148 0.0782 
          15  1 0.0694 0.0424 0.0508 0.0918 0.1675 0.0929 0.0799 0.1176 0.1064 0.1813 
          16  1 0.1275 0.0822 0.1131 0.0978 0.0936 0.1011 0.0883 0.0888 0.0902 0.1174 
          17  1 0.0464 0.4126 0.0583 0.0387 0.0325 0.0447 0.1839 0.0352 0.0942 0.0535 
          18  1 0.1020 0.0469 0.0864 0.2094 0.0866 0.0897 0.0688 0.1503 0.0605 0.0996 
          19  1 0.0927 0.0566 0.0869 0.1739 0.0920 0.1095 0.0874 0.1156 0.0921 0.0932 
          20  1 0.0750 0.3004 0.0610 0.0459 0.0704 0.0827 0.1378 0.0403 0.1026 0.0838 
          21  1 0.1017 0.1662 0.1147 0.0850 0.0896 0.0916 0.1026 0.0696 0.0874 0.0917 
          22  1 0.1276 0.0551 0.1707 0.0530 0.0594 0.1352 0.1371 0.0352 0.1482 0.0784 
          23  1 0.0947 0.0581 0.0647 0.1091 0.1278 0.1176 0.0848 0.0847 0.1080 0.1507 
          24  1 0.1356 0.1080 0.1608 0.0894 0.0811 0.0895 0.0957 0.0668 0.0714 0.1017 
          25  1 0.0982 0.0656 0.1335 0.0587 0.1171 0.1058 0.0971 0.1259 0.1065 0.0916 
          26  1 0.0789 0.0522 0.0844 0.0740 0.1644 0.1253 0.0731 0.1312 0.1167 0.0999 
          27  1 0.0847 0.1144 0.0828 0.0988 0.1069 0.0953 0.0907 0.1462 0.0953 0.0848 
          28  1 0.1026 0.0776 0.0638 0.1241 0.0944 0.1250 0.0947 0.0752 0.1385 0.1042 
          29  1 0.1149 0.0624 0.1214 0.0677 0.1281 0.1244 0.0849 0.1008 0.0898 0.1056 
          30  1 0.1181 0.0464 0.1490 0.0733 0.1034 0.1019 0.1043 0.0949 0.1110 0.0978 
          31  1 0.1217 0.1353 0.1078 0.0908 0.0642 0.1030 0.1198 0.0746 0.0924 0.0903 
          32  1 0.1974 0.0590 0.1825 0.0787 0.0752 0.0837 0.0725 0.0594 0.0566 0.1350 
          33  1 0.0689 0.2235 0.0690 0.0654 0.0891 0.0782 0.1167 0.0852 0.1244 0.0797 
          34  1 0.1020 0.0770 0.0936 0.0985 0.1089 0.1169 0.1023 0.0760 0.1307 0.0940 
          35  1 0.1768 0.0976 0.2345 0.0422 0.0531 0.0870 0.0962 0.0398 0.0822 0.0905 
          36  1 0.0942 0.0586 0.0742 0.1142 0.1135 0.1103 0.0922 0.1076 0.0980 0.1371 
          37  1 0.1208 0.0449 0.1572 0.0680 0.0655 0.1580 0.1501 0.0444 0.1280 0.0632 
          38  1 0.0890 0.0913 0.1159 0.0705 0.1062 0.0831 0.0922 0.1668 0.0974 0.0876 
          39  1 0.0906 0.0577 0.0508 0.1260 0.1018 0.1137 0.0973 0.0860 0.1362 0.1398 
          40  1 0.0913 0.0607 0.1053 0.0988 0.1279 0.1032 0.0831 0.1507 0.0898 0.0893 
          41  1 0.0601 0.0338 0.0479 0.3346 0.0572 0.0684 0.0612 0.2225 0.0502 0.0639 
          42  1 0.1749 0.0746 0.1414 0.1034 0.0875 0.0894 0.0645 0.0919 0.0630 0.1092 
          43  1 0.1190 0.0937 0.1528 0.0527 0.0751 0.1145 0.1212 0.0443 0.1424 0.0842 
          44  1 0.1399 0.1146 0.2007 0.0476 0.0666 0.0772 0.1086 0.0512 0.0927 0.1007 
          45  1 0.1155 0.0970 0.1557 0.0412 0.0435 0.1149 0.1836 0.0375 0.1401 0.0709 
          46  1 0.0841 0.0934 0.0832 0.1116 0.0974 0.0989 0.0894 0.1396 0.1150 0.0874 
          47  1 0.0971 0.0414 0.1232 0.1486 0.0483 0.1203 0.1744 0.0760 0.1114 0.0593 
          48  1 0.1194 0.0572 0.1526 0.0831 0.0980 0.1154 0.1035 0.0686 0.1174 0.0847 
          49  1 0.0962 0.0586 0.0959 0.0758 0.1328 0.1589 0.0814 0.1064 0.1051 0.0890 
          50  1 0.0888 0.0633 0.0788 0.0666 0.1285 0.1618 0.0854 0.0917 0.1411 0.0939 
          51  1 0.0607 0.2184 0.0591 0.1064 0.0370 0.0850 0.1693 0.0903 0.1017 0.0721 
          52  1 0.0726 0.0503 0.0652 0.0879 0.1748 0.0924 0.0690 0.1192 0.0982 0.1706 
          53  1 0.1124 0.0911 0.1337 0.1513 0.0574 0.0748 0.1019 0.1225 0.0735 0.0815 
          54  1 0.1566 0.0528 0.1632 0.0544 0.0993 0.0923 0.1016 0.0711 0.0923 0.1165 
          55  1 0.0922 0.0755 0.0753 0.0806 0.1341 0.1209 0.0897 0.0882 0.1308 0.1127 
          56  1 0.1014 0.0746 0.0879 0.0781 0.1083 0.1279 0.1030 0.0733 0.1384 0.1070 
          57  1 0.1361 0.0752 0.1912 0.0552 0.0651 0.0973 0.1203 0.0542 0.1325 0.0729 
          58  1 0.0971 0.1393 0.1189 0.0635 0.0711 0.1142 0.1355 0.0557 0.1317 0.0729 
          59  1 0.0964 0.0634 0.0784 0.0954 0.1302 0.1191 0.0821 0.0862 0.1090 0.1399 
          60  1 0.1239 0.0724 0.1442 0.0814 0.0990 0.0962 0.0825 0.1125 0.0926 0.0955 
          61  1 0.1160 0.0652 0.1056 0.1376 0.0817 0.1128 0.1048 0.0927 0.0793 0.1044 
          62  1 0.0728 0.0648 0.0893 0.0774 0.1142 0.1029 0.0891 0.1715 0.1313 0.0867 
          63  1 0.2415 0.0889 0.3072 0.0338 0.0576 0.0562 0.0421 0.0263 0.0452 0.1011 
          64  1 0.1149 0.0679 0.0913 0.0961 0.1163 0.1215 0.0814 0.0800 0.1130 0.1176 
          65  1 0.0663 0.0963 0.0704 0.1996 0.0858 0.0849 0.0822 0.1650 0.0841 0.0654 
          66  1 0.0427 0.0374 0.0370 0.1572 0.1933 0.0682 0.0641 0.1883 0.0802 0.1316 
          67  1 0.0813 0.0831 0.0588 0.1366 0.1281 0.1280 0.0705 0.1190 0.0871 0.1075 
          68  1 0.0713 0.1022 0.0530 0.1072 0.1308 0.1189 0.0811 0.1337 0.0894 0.1123 
          69  1 0.0667 0.2166 0.0504 0.0945 0.0593 0.0928 0.1366 0.0738 0.1132 0.0960 
          70  1 0.0918 0.0742 0.0421 0.1219 0.1002 0.1169 0.0915 0.0628 0.1597 0.1390 
          71  1 0.1255 0.0592 0.1242 0.0521 0.1196 0.1843 0.0838 0.0608 0.1033 0.0872 
          72  1 0.0885 0.0574 0.0614 0.1079 0.1330 0.1148 0.0847 0.1242 0.1190 0.1091 
          73  1 0.0624 0.1194 0.1065 0.0508 0.1101 0.1066 0.0866 0.1645 0.1125 0.0807 
          74  1 0.1344 0.1515 0.1276 0.0556 0.0869 0.0989 0.1027 0.0652 0.0840 0.0932 
          75  1 0.1100 0.0481 0.1021 0.0966 0.0981 0.1046 0.1002 0.1139 0.1380 0.0884 
          76  1 0.0421 0.3758 0.0381 0.0452 0.0701 0.0547 0.1522 0.0570 0.0954 0.0694 
          77  1 0.0869 0.2192 0.0675 0.0544 0.1123 0.1244 0.1178 0.0384 0.0917 0.0876 
          78  1 0.0914 0.0661 0.0893 0.1024 0.1020 0.1043 0.0883 0.1449 0.1387 0.0727 
          79  1 0.0836 0.0678 0.1196 0.0680 0.1115 0.0975 0.0832 0.1874 0.1078 0.0735 
          80  1 0.0833 0.0564 0.0396 0.1229 0.1131 0.1026 0.0996 0.1293 0.1301 0.1230 
          81  1 0.1793 0.0594 0.1458 0.1342 0.0717 0.0734 0.0606 0.1133 0.0503 0.1119 
          82  1 0.0937 0.0742 0.0921 0.0767 0.1255 0.1054 0.0910 0.1177 0.1102 0.1135 
          83  1 0.0614 0.0477 0.0666 0.0843 0.1538 0.0772 0.0763 0.1931 0.1274 0.1121 
          84  1 0.1302 0.0433 0.1327 0.1031 0.0941 0.1205 0.1095 0.0694 0.1097 0.0876 
          85  1 0.0719 0.0367 0.0754 0.2731 0.0695 0.0893 0.0847 0.1708 0.0670 0.0616 
          86  1 0.0661 0.1348 0.0721 0.1550 0.0591 0.0975 0.1117 0.1427 0.0947 0.0663 
          87  1 0.0768 0.0706 0.0432 0.1128 0.1224 0.1036 0.0904 0.1272 0.1312 0.1218 
          88  1 0.1312 0.0645 0.1434 0.0602 0.1178 0.1052 0.0909 0.0908 0.0877 0.1084 
          89  1 0.0586 0.1024 0.0577 0.2681 0.0437 0.0841 0.0787 0.1856 0.0626 0.0584 
          90  1 0.1376 0.0337 0.1516 0.0980 0.0946 0.1055 0.1013 0.0917 0.1100 0.0759 
          91  1 0.1539 0.0547 0.1582 0.2049 0.0464 0.0486 0.0495 0.1544 0.0411 0.0884 
          92  1 0.1069 0.1098 0.1492 0.0483 0.0885 0.1210 0.1193 0.0595 0.1254 0.0722 
          93  1 0.1111 0.1657 0.1307 0.0626 0.0654 0.0867 0.1304 0.0551 0.0954 0.0968 
          94  1 0.2259 0.0906 0.2310 0.0411 0.0551 0.0773 0.0793 0.0423 0.0639 0.0935 
          95  1 0.1228 0.0642 0.1091 0.0709 0.1186 0.0993 0.0888 0.1010 0.1056 0.1197 
          96  1 0.1156 0.0600 0.0968 0.1354 0.1078 0.0884 0.0647 0.1425 0.0704 0.1182 
          97  1 0.0360 0.0231 0.0365 0.1050 0.2413 0.0506 0.0551 0.1781 0.0924 0.1816 
          98  1 0.1257 0.0638 0.1095 0.0707 0.1292 0.0988 0.0803 0.0978 0.0858 0.1384 
          99  1 0.1008 0.2053 0.0835 0.0546 0.0969 0.0823 0.1206 0.0779 0.0811 0.0971 
         100  1 0.0521 0.1728 0.0659 0.0701 0.1273 0.0986 0.0918 0.1222 0.1002 0.0991 
         101  1 0.1186 0.0670 0.1029 0.0928 0.1306 0.1085 0.0687 0.0932 0.0926 0.1250 
         102  1 0.1167 0.0480 0.0830 0.1403 0.1043 0.0935 0.0788 0.1456 0.0770 0.1128 
         103  1 0.0904 0.0541 0.0811 0.1122 0.1306 0.1117 0.0888 0.0888 0.1058 0.1365 
         104  1 0.1049 0.1089 0.0982 0.0743 0.1133 0.0943 0.1013 0.0758 0.0994 0.1295 
         105  1 0.0858 0.0739 0.0507 0.1461 0.0873 0.1156 0.0995 0.0841 0.1662 0.0909 
         106  1 0.0607 0.0497 0.0719 0.0871 0.1513 0.0753 0.0755 0.1911 0.1269 0.1105 
         107  1 0.0449 0.0402 0.0313 0.1135 0.2099 0.0630 0.0575 0.1633 0.1016 0.1747 
         108  1 0.0837 0.0583 0.0656 0.1940 0.0901 0.0944 0.0656 0.1775 0.0763 0.0944 
         109  1 0.1091 0.1238 0.1142 0.0553 0.0757 0.1099 0.1172 0.0649 0.1542 0.0757 
         110  1 0.0906 0.1650 0.0791 0.1236 0.0587 0.0819 0.1142 0.1050 0.0855 0.0964 
         111  1 0.1238 0.0385 0.1134 0.2478 0.0386 0.0612 0.0615 0.1917 0.0512 0.0722 
         112  1 0.0667 0.0460 0.0672 0.2516 0.0783 0.0862 0.0790 0.1885 0.0697 0.0666 
         113  1 0.0965 0.0967 0.0826 0.1322 0.0719 0.1173 0.1133 0.0759 0.1227 0.0909 
         114  1 0.1455 0.0426 0.1580 0.0867 0.0949 0.1024 0.1115 0.0684 0.1005 0.0895 
         115  1 0.0753 0.0548 0.0544 0.2366 0.0738 0.0974 0.0577 0.2095 0.0610 0.0795 
         116  1 0.1485 0.0628 0.1242 0.0723 0.1023 0.1139 0.1018 0.0805 0.0877 0.1059 
         117  1 0.1686 0.1101 0.1642 0.0511 0.0484 0.0932 0.1287 0.0424 0.0899 0.1034 
         118  1 0.0916 0.0533 0.0842 0.0949 0.1335 0.1079 0.0862 0.1202 0.1209 0.1074 
         119  1 0.1224 0.1330 0.1179 0.0520 0.0991 0.1019 0.1091 0.0615 0.0882 0.1148 
         120  1 0.1279 0.1515 0.1240 0.0412 0.0989 0.1061 0.1068 0.0456 0.0809 0.1172 
         121  1 0.1250 0.1445 0.1201 0.0405 0.0864 0.1106 0.1177 0.0555 0.1038 0.0959 
         122  1 0.0947 0.0973 0.1001 0.0716 0.1123 0.1135 0.1223 0.0623 0.1072 0.1187 
         123  1 0.0606 0.0498 0.0516 0.1105 0.1678 0.0783 0.0748 0.1741 0.1056 0.1269 
         124  1 0.1146 0.1103 0.1107 0.1125 0.0789 0.1025 0.1009 0.0809 0.0984 0.0902 
         125  1 0.0929 0.0573 0.0764 0.0897 0.1546 0.1017 0.0726 0.0791 0.1031 0.1725 
         126  1 0.0680 0.2349 0.0732 0.1019 0.0581 0.0763 0.1448 0.0833 0.0830 0.0766 
         127  1 0.0581 0.3255 0.0725 0.0343 0.0459 0.0628 0.1809 0.0341 0.1163 0.0696 
         128  1 0.0644 0.0326 0.0617 0.0977 0.1968 0.0741 0.0721 0.1448 0.0914 0.1643 
         129  1 0.0618 0.2868 0.0947 0.0357 0.0660 0.0508 0.1334 0.1086 0.0984 0.0636 
         130  1 0.0660 0.0521 0.0460 0.2432 0.0783 0.0833 0.0537 0.2309 0.0735 0.0731 
         131  1 0.0536 0.3665 0.0618 0.0323 0.0454 0.0492 0.1751 0.0469 0.1039 0.0654 
         132  1 0.1309 0.0553 0.1096 0.0626 0.1287 0.1502 0.0917 0.0627 0.0800 0.1284 
         133  1 0.1227 0.1329 0.0934 0.0472 0.1033 0.1376 0.1287 0.0454 0.0882 0.1005 
         134  1 0.0817 0.0470 0.0694 0.1433 0.1325 0.1043 0.0833 0.1227 0.0913 0.1244 
         135  1 0.0694 0.0576 0.0843 0.2285 0.0525 0.0872 0.1016 0.1771 0.0788 0.0631 
         136  1 0.0708 0.0563 0.0750 0.2369 0.0697 0.0858 0.0694 0.1840 0.0814 0.0706 
         137  1 0.0895 0.0705 0.0681 0.0959 0.1431 0.1209 0.0805 0.0785 0.0956 0.1575 
         138  1 0.1172 0.0691 0.1375 0.0623 0.0939 0.1029 0.1236 0.0668 0.1078 0.1189 
         139  1 0.0422 0.0336 0.0367 0.1170 0.2175 0.0788 0.0612 0.1771 0.0951 0.1408 
         140  1 0.0582 0.0407 0.0516 0.1078 0.2075 0.0782 0.0574 0.1497 0.0863 0.1626 
         141  1 0.1162 0.1034 0.1225 0.0637 0.0897 0.1070 0.1322 0.0553 0.0878 0.1222 
         142  1 0.0948 0.0398 0.1049 0.2348 0.0857 0.0727 0.0575 0.1631 0.0632 0.0835 
         143  1 0.1100 0.0615 0.0843 0.0599 0.1571 0.1790 0.0711 0.0569 0.1015 0.1188 
         144  1 0.0924 0.1678 0.1359 0.0424 0.0885 0.0789 0.0919 0.1192 0.1047 0.0783 
         145  1 0.0898 0.0916 0.0770 0.0706 0.1585 0.1079 0.0800 0.1018 0.0915 0.1313 
         146  1 0.0821 0.0814 0.0676 0.0985 0.1008 0.0956 0.1066 0.1290 0.1460 0.0925 
         147  1 0.1096 0.0518 0.0839 0.0901 0.1323 0.0860 0.0872 0.1050 0.0998 0.1544 
         148  1 0.1007 0.0394 0.0963 0.2204 0.0762 0.0811 0.0797 0.1553 0.0669 0.0840 
         149  1 0.1092 0.1475 0.1301 0.0651 0.0827 0.0904 0.1143 0.0682 0.0948 0.0976 
         150  1 0.2245 0.1016 0.2762 0.0305 0.0497 0.0603 0.0726 0.0303 0.0530 0.1013 
         151  1 0.0871 0.0532 0.0743 0.0850 0.1687 0.1153 0.0649 0.0970 0.0911 0.1634 
         152  1 0.1173 0.0578 0.0915 0.0778 0.1259 0.1130 0.0883 0.0832 0.0936 0.1516 
         153  1 0.0758 0.0661 0.1142 0.0615 0.1299 0.0954 0.0828 0.1822 0.1156 0.0766 
         154  1 0.1168 0.0538 0.1179 0.2030 0.0510 0.0998 0.0934 0.1239 0.0643 0.0761 
         155  1 0.1154 0.0616 0.1464 0.0651 0.1078 0.0986 0.1018 0.0986 0.1233 0.0812 
         156  1 0.1123 0.0655 0.0788 0.1016 0.1033 0.1295 0.0926 0.0510 0.1290 0.1364 
         157  1 0.0751 0.1175 0.0735 0.0768 0.1275 0.0942 0.1308 0.0812 0.1120 0.1114 
         158  1 0.1136 0.0534 0.1179 0.0803 0.1301 0.1054 0.0916 0.1001 0.0953 0.1123 
         159  1 0.0433 0.0785 0.0384 0.3080 0.0588 0.0753 0.0601 0.2216 0.0573 0.0587 
         160  1 0.0870 0.0535 0.0986 0.1572 0.1068 0.1017 0.0837 0.1409 0.0908 0.0796 
         161  1 0.0969 0.1714 0.0966 0.0569 0.0903 0.1036 0.1081 0.0743 0.1292 0.0727 
         162  1 0.1418 0.0730 0.1417 0.0882 0.0913 0.0779 0.0807 0.1094 0.0823 0.1138 
         163  1 0.0977 0.0630 0.0873 0.0999 0.1208 0.1169 0.0848 0.1332 0.0972 0.0991 
         164  1 0.1605 0.0899 0.1852 0.0694 0.0534 0.0898 0.1134 0.0541 0.0962 0.0882 
         165  1 0.1268 0.0890 0.1388 0.0658 0.0887 0.1198 0.1172 0.0562 0.1121 0.0858 
         166  1 0.0964 0.0597 0.1128 0.1155 0.1063 0.1260 0.0957 0.0878 0.1158 0.0841 
         167  1 0.1236 0.0615 0.1440 0.0550 0.1133 0.1263 0.0939 0.0693 0.1102 0.1030 
         168  1 0.1810 0.0537 0.1749 0.1614 0.0490 0.0636 0.0494 0.1372 0.0395 0.0903 
         169  1 0.0531 0.0397 0.0354 0.3599 0.0429 0.0636 0.0438 0.2685 0.0356 0.0576 
         170  1 0.1470 0.0958 0.1755 0.0472 0.0575 0.0991 0.1317 0.0425 0.0824 0.1214 
         171  1 0.0637 0.0363 0.0675 0.3013 0.0465 0.0761 0.0820 0.2048 0.0675 0.0542 
         172  1 0.0694 0.2831 0.0798 0.0804 0.0374 0.0677 0.1507 0.0662 0.1034 0.0619 
         173  1 0.0415 0.1131 0.0274 0.2847 0.0523 0.0776 0.0657 0.2192 0.0591 0.0594 
         174  1 0.0601 0.0365 0.0477 0.0962 0.2037 0.0859 0.0630 0.1589 0.1095 0.1384 
         175  1 0.1299 0.1029 0.1495 0.0426 0.1017 0.1214 0.1046 0.0488 0.1036 0.0951 
         176  1 0.0388 0.0469 0.0371 0.1073 0.2059 0.0698 0.0676 0.1860 0.1008 0.1398 
         177  1 0.1218 0.1754 0.1519 0.0403 0.0690 0.0854 0.1178 0.0457 0.0958 0.0968 
         178  1 0.1267 0.0762 0.1402 0.0870 0.1079 0.0972 0.0802 0.1065 0.0768 0.1012 
         179  1 0.1069 0.0405 0.1238 0.1709 0.0917 0.0799 0.0857 0.1343 0.0752 0.0910 
         180  1 0.0777 0.0708 0.0791 0.0720 0.1289 0.1217 0.0909 0.1311 0.1208 0.1069 
         181  1 0.1032 0.0718 0.0746 0.1138 0.1132 0.1292 0.0885 0.0740 0.1121 0.1197 
         182  1 0.0919 0.1911 0.0978 0.0754 0.0780 0.0926 0.1225 0.0649 0.0976 0.0880 
         183  1 0.0466 0.3645 0.0464 0.0397 0.0453 0.0475 0.1955 0.0375 0.0985 0.0785 
         184  1 0.1629 0.1005 0.1248 0.0739 0.1102 0.1037 0.0796 0.0682 0.0613 0.1149 
         185  1 0.1717 0.0734 0.1971 0.0540 0.0831 0.0756 0.0752 0.0763 0.0726 0.1209 
         186  1 0.1841 0.0616 0.1378 0.0981 0.0853 0.0784 0.0793 0.0948 0.0529 0.1276 
         187  1 0.0798 0.1253 0.0991 0.0944 0.0973 0.0981 0.0996 0.1005 0.1370 0.0689 
         188  1 0.1011 0.1544 0.0805 0.1135 0.0520 0.0927 0.1353 0.1026 0.0751 0.0927 
         189  1 0.0522 0.0281 0.0427 0.3598 0.0500 0.0760 0.0327 0.2661 0.0379 0.0545 
         190  1 0.0656 0.2084 0.0426 0.0860 0.0843 0.0929 0.1175 0.0678 0.1299 0.1049 
         191  1 0.0800 0.1216 0.0659 0.0945 0.1275 0.1310 0.0864 0.1010 0.0944 0.0979 
         192  1 0.0878 0.0914 0.1112 0.1391 0.0604 0.1146 0.1294 0.0831 0.1109 0.0721 
         193  1 0.0789 0.0499 0.0573 0.1056 0.1155 0.1018 0.0943 0.1512 0.1293 0.1162 
         194  1 0.0543 0.1074 0.0450 0.0796 0.1798 0.0842 0.0810 0.1229 0.1141 0.1316 
         195  1 0.0991 0.0607 0.1053 0.0835 0.1163 0.0901 0.1000 0.1284 0.1286 0.0881 
         196  1 0.1551 0.1852 0.1554 0.0357 0.0651 0.0751 0.1128 0.0463 0.0758 0.0935 
         197  1 0.0471 0.3767 0.0498 0.0403 0.0644 0.0508 0.1506 0.0611 0.0905 0.0686 
         198  1 0.1598 0.1347 0.1898 0.0532 0.0521 0.0844 0.1067 0.0400 0.0711 0.1082 
         199  1 0.1823 0.0674 0.2386 0.0543 0.0817 0.0881 0.0713 0.0458 0.0748 0.0956 
         200  1 0.0413 0.0323 0.0336 0.3937 0.0315 0.0537 0.0469 0.2834 0.0361 0.0475 
         201  1 0.1283 0.0645 0.0988 0.0971 0.0869 0.1140 0.0932 0.0652 0.1639 0.0881 
         202  1 0.1092 0.1290 0.1015 0.1420 0.0656 0.1034 0.1041 0.0903 0.0826 0.0722 
         203  1 0.1326 0.0857 0.1028 0.0919 0.0879 0.1128 0.0903 0.0803 0.0986 0.1171 
         204  1 0.0891 0.0540 0.0892 0.1819 0.0753 0.1078 0.1009 0.1351 0.0935 0.0731 
         205  1 0.1579 0.0575 0.1133 0.1102 0.0998 0.0795 0.0862 0.0914 0.0639 0.1403 
         206  1 0.0436 0.0569 0.0275 0.0978 0.2067 0.0803 0.0628 0.1614 0.1134 0.1495 
         207  1 0.0496 0.0346 0.0421 0.0875 0.2353 0.0738 0.0552 0.1632 0.0968 0.1619 
         208  1 0.0868 0.0775 0.0569 0.0978 0.1274 0.1136 0.1034 0.0879 0.1256 0.1233 
         209  1 0.0722 0.1984 0.0609 0.0552 0.1050 0.0944 0.1318 0.0549 0.1153 0.1120 
         210  1 0.0609 0.1176 0.0511 0.0797 0.1344 0.0748 0.1048 0.1414 0.1209 0.1143 
         211  1 0.0965 0.0848 0.0483 0.1169 0.0998 0.1112 0.0977 0.0845 0.1535 0.1067 
         212  1 0.0604 0.0738 0.0275 0.1914 0.0747 0.1120 0.0773 0.1836 0.1127 0.0867 
         213  1 0.0258 0.4684 0.0285 0.0299 0.0384 0.0322 0.1936 0.0341 0.0942 0.0548 
         214  1 0.0690 0.0488 0.0634 0.0815 0.2109 0.1023 0.0653 0.1226 0.0987 0.1375 
         215  1 0.1112 0.0863 0.1270 0.0636 0.1334 0.0949 0.0838 0.0749 0.0953 0.1295 
         216  1 0.1264 0.0499 0.2021 0.0351 0.0550 0.1409 0.1467 0.0281 0.1527 0.0630 
         217  1 0.0730 0.0850 0.0720 0.2170 0.0718 0.0950 0.0706 0.1634 0.0873 0.0649 
         218  1 0.1970 0.0654 0.1864 0.0483 0.0887 0.0774 0.0794 0.0724 0.0657 0.1192 
         219  1 0.1022 0.2300 0.1061 0.0512 0.0747 0.0891 0.1123 0.0421 0.1123 0.0800 
         220  1 0.0952 0.0457 0.0866 0.0826 0.1661 0.1108 0.0703 0.0966 0.0888 0.1573 
         221  1 0.0870 0.2821 0.0803 0.0494 0.0690 0.0719 0.1426 0.0577 0.0831 0.0769 
         222  1 0.0890 0.0590 0.0397 0.1184 0.1142 0.0866 0.0993 0.1225 0.1473 0.1240 
         223  1 0.1396 0.1349 0.1442 0.0572 0.0697 0.0876 0.1088 0.0586 0.0895 0.1098 
         224  1 0.0989 0.1250 0.0860 0.0860 0.0698 0.1118 0.1160 0.0534 0.1647 0.0883 
         225  1 0.0786 0.0731 0.0820 0.0943 0.1183 0.1011 0.0852 0.1428 0.1338 0.0908 
         226  1 0.1009 0.1318 0.1166 0.0607 0.0728 0.1098 0.1565 0.0529 0.0962 0.1020 
         227  1 0.1565 0.0930 0.1519 0.0626 0.0832 0.0993 0.1068 0.0502 0.0775 0.1190 
         228  1 0.0608 0.3085 0.0580 0.0574 0.0616 0.0697 0.1491 0.0581 0.1012 0.0755 
         229  1 0.0842 0.0897 0.0836 0.1414 0.0958 0.0999 0.0762 0.1660 0.0853 0.0779 
         230  1 0.0969 0.0577 0.0913 0.1249 0.1067 0.1378 0.0957 0.0847 0.1167 0.0874 
         231  1 0.1201 0.0926 0.1263 0.0821 0.1078 0.1199 0.0920 0.0716 0.0791 0.1085 
         232  1 0.1312 0.0658 0.1168 0.0835 0.1185 0.1474 0.0732 0.0765 0.0906 0.0964 
         233  1 0.1222 0.0691 0.1680 0.0533 0.0674 0.1120 0.1226 0.0713 0.1563 0.0577 
         234  1 0.0856 0.1740 0.0951 0.0458 0.0480 0.1131 0.1839 0.0454 0.1375 0.0717 
         235  1 0.0733 0.2221 0.0715 0.0609 0.0866 0.0862 0.1494 0.0651 0.0974 0.0874 
         236  1 0.0769 0.2677 0.0871 0.0379 0.0795 0.0773 0.1394 0.0484 0.1014 0.0844 
         237  1 0.0365 0.1320 0.0453 0.0812 0.1665 0.0568 0.0992 0.1344 0.1102 0.1378 
         238  1 0.1669 0.0960 0.2159 0.0533 0.0700 0.0748 0.0858 0.0553 0.0636 0.1185 
         239  1 0.1707 0.0675 0.1943 0.1367 0.0571 0.0617 0.0494 0.1205 0.0460 0.0959 
         240  1 0.1195 0.0639 0.1471 0.0825 0.0963 0.1146 0.0980 0.0706 0.1239 0.0836 
         241  1 0.1928 0.0648 0.2064 0.0417 0.0567 0.0910 0.1126 0.0404 0.0916 0.1019 
         242  1 0.1226 0.1029 0.1369 0.0830 0.0709 0.1103 0.1209 0.0587 0.1088 0.0849 
         243  1 0.0576 0.1223 0.0537 0.0780 0.1607 0.0664 0.0938 0.1373 0.1063 0.1240 
         244  1 0.1213 0.0480 0.1616 0.0806 0.0475 0.1277 0.1654 0.0498 0.1330 0.0652 
         245  1 0.0545 0.2718 0.0872 0.0497 0.0699 0.0653 0.1310 0.1026 0.0980 0.0700 
         246  1 0.0740 0.0835 0.0918 0.1619 0.0898 0.0885 0.0752 0.1680 0.1020 0.0654 
         247  1 0.0987 0.0398 0.0745 0.2774 0.0497 0.0655 0.0494 0.2235 0.0434 0.0782 
         248  1 0.1016 0.2027 0.1061 0.0404 0.0408 0.0903 0.1926 0.0330 0.0924 0.1000 
         249  1 0.0667 0.0929 0.0698 0.0828 0.1306 0.1096 0.0858 0.1554 0.1164 0.0900 
         250  1 0.0831 0.0412 0.0760 0.1222 0.1324 0.1081 0.0813 0.1196 0.0957 0.1405 
         251  1 0.1629 0.1051 0.2278 0.0407 0.0648 0.0703 0.0979 0.0418 0.0909 0.0978 
         252  1 0.0882 0.0613 0.0802 0.0652 0.1849 0.1092 0.0721 0.1111 0.1025 0.1252 
         253  1 0.1052 0.0725 0.1163 0.1087 0.0634 0.1117 0.1451 0.0812 0.1067 0.0893 
         254  1 0.0690 0.0703 0.0364 0.1058 0.1596 0.1077 0.0719 0.0969 0.1359 0.1465 
         255  1 0.0778 0.0997 0.0708 0.0875 0.1217 0.0977 0.0882 0.1380 0.1250 0.0937 
         256  1 0.0338 0.4705 0.0307 0.0309 0.0390 0.0389 0.1851 0.0331 0.0819 0.0560 
         257  1 0.0880 0.0953 0.0381 0.1210 0.0965 0.1221 0.0967 0.0538 0.1609 0.1275 
         258  1 0.0648 0.1862 0.0598 0.0635 0.1174 0.0870 0.1286 0.0815 0.1020 0.1093 
         259  1 0.1269 0.0632 0.1495 0.0638 0.1545 0.0834 0.0577 0.1025 0.0690 0.1295 
         260  1 0.0401 0.0357 0.0331 0.1050 0.2076 0.0868 0.0644 0.1901 0.0991 0.1383 
