           1  1 0.1073 0.1563 0.1272 0.0477 0.0939 0.1775 0.0874 0.2029 
           2  1 0.0396 0.0406 0.1053 0.0386 0.4346 0.0878 0.0829 0.1705 
           3  1 0.0393 0.0406 0.1090 0.0401 0.4445 0.0858 0.0794 0.1613 
           4  1 0.1263 0.1671 0.1054 0.1400 0.1326 0.0945 0.0921 0.1420 
           5  1 0.1304 0.1125 0.2537 0.0627 0.0886 0.1743 0.0681 0.1096 
           6  1 0.2167 0.0366 0.1153 0.0334 0.1383 0.0879 0.2919 0.0799 
           7  1 0.0588 0.0736 0.0553 0.4606 0.1400 0.0549 0.0724 0.0844 
           8  1 0.1852 0.0654 0.1030 0.0478 0.1380 0.1068 0.2533 0.1006 
           9  1 0.1005 0.3287 0.0855 0.0288 0.0878 0.1387 0.1235 0.1065 
          10  1 0.0833 0.0843 0.1596 0.0311 0.2339 0.1726 0.1101 0.1252 
          11  1 0.1185 0.1225 0.2030 0.0662 0.1169 0.1877 0.0858 0.0994 
          12  1 0.2444 0.0596 0.0619 0.0303 0.1062 0.0665 0.3330 0.0981 
          13  1 0.3091 0.0716 0.0595 0.0446 0.0389 0.0483 0.3823 0.0457 
          14  1 0.1727 0.0545 0.1461 0.0342 0.1729 0.1128 0.1921 0.1147 
          15  1 0.1200 0.3512 0.1151 0.0394 0.0670 0.1116 0.1119 0.0838 
          16  1 0.1386 0.1463 0.1567 0.0833 0.0777 0.1413 0.1044 0.1517 
          17  1 0.0451 0.0282 0.0399 0.6527 0.0665 0.0471 0.0540 0.0664 
          18  1 0.2352 0.0934 0.0731 0.0428 0.0727 0.1072 0.2434 0.1323 
          19  1 0.1917 0.1027 0.1016 0.0471 0.1247 0.0951 0.2160 0.1211 
          20  1 0.0954 0.0722 0.1087 0.4511 0.0638 0.0646 0.0548 0.0895 
          21  1 0.1292 0.0972 0.0909 0.2686 0.0794 0.0942 0.1194 0.1210 
          22  1 0.0743 0.0647 0.0909 0.0553 0.3823 0.0646 0.0982 0.1697 
          23  1 0.1635 0.2273 0.1372 0.0370 0.0941 0.0965 0.1278 0.1166 
          24  1 0.1164 0.0953 0.0983 0.1563 0.1124 0.1156 0.1278 0.1778 
          25  1 0.0516 0.0591 0.2537 0.0390 0.1532 0.2859 0.0456 0.1120 
          26  1 0.1258 0.1656 0.1434 0.0590 0.0621 0.2191 0.0874 0.1377 
          27  1 0.1208 0.0593 0.1927 0.1195 0.0765 0.2320 0.1054 0.0938 
          28  1 0.1837 0.1042 0.1936 0.0567 0.1104 0.0962 0.1132 0.1420 
          29  1 0.1224 0.0718 0.1638 0.0471 0.1165 0.2314 0.0944 0.1527 
          30  1 0.0724 0.0876 0.1753 0.0480 0.2006 0.1998 0.0805 0.1359 
          31  1 0.1283 0.0808 0.1143 0.2034 0.1218 0.0936 0.1097 0.1480 
          32  1 0.1041 0.1489 0.1261 0.0292 0.1021 0.1546 0.0985 0.2365 
          33  1 0.0711 0.1180 0.0992 0.3112 0.1529 0.0927 0.0932 0.0617 
          34  1 0.1424 0.0863 0.1730 0.0587 0.1554 0.1451 0.1092 0.1300 
          35  1 0.0670 0.0939 0.1185 0.0780 0.1935 0.1319 0.0810 0.2363 
          36  1 0.1570 0.1897 0.1232 0.0605 0.0836 0.1267 0.1316 0.1278 
          37  1 0.0907 0.0321 0.0571 0.0475 0.3826 0.0684 0.1311 0.1904 
          38  1 0.0689 0.0577 0.2596 0.0794 0.0848 0.2985 0.0612 0.0900 
          39  1 0.1824 0.1686 0.1744 0.0377 0.1204 0.0697 0.1347 0.1121 
          40  1 0.1005 0.0807 0.2141 0.0452 0.1153 0.2315 0.1159 0.0968 
          41  1 0.2812 0.0447 0.0457 0.0321 0.0748 0.0566 0.3901 0.0750 
          42  1 0.1590 0.1211 0.1226 0.0505 0.0721 0.1547 0.1475 0.1727 
          43  1 0.0761 0.0778 0.1369 0.1283 0.3015 0.0914 0.0647 0.1235 
          44  1 0.0613 0.1048 0.1019 0.1502 0.1730 0.1276 0.0835 0.1977 
          45  1 0.0417 0.0368 0.0726 0.1821 0.3604 0.0617 0.0967 0.1481 
          46  1 0.1482 0.0830 0.2202 0.1010 0.0770 0.1660 0.1090 0.0957 
          47  1 0.1226 0.0441 0.0350 0.0533 0.3581 0.0384 0.2122 0.1363 
          48  1 0.1041 0.0546 0.1344 0.0545 0.2344 0.1517 0.1057 0.1606 
          49  1 0.1583 0.0873 0.1663 0.0448 0.0808 0.2014 0.0907 0.1704 
          50  1 0.1713 0.0733 0.1850 0.0439 0.0955 0.1998 0.0593 0.1718 
          51  1 0.1301 0.0426 0.0424 0.3925 0.1133 0.0401 0.1628 0.0762 
          52  1 0.1168 0.3428 0.0830 0.0410 0.0689 0.1174 0.1305 0.0996 
          53  1 0.1495 0.0773 0.0881 0.1165 0.1331 0.0915 0.2010 0.1429 
          54  1 0.0669 0.1432 0.1431 0.0356 0.1755 0.1766 0.0702 0.1888 
          55  1 0.1272 0.1387 0.1978 0.0768 0.1108 0.1592 0.0797 0.1099 
          56  1 0.1616 0.0743 0.2158 0.0497 0.1481 0.1331 0.0828 0.1345 
          57  1 0.0411 0.0335 0.1913 0.0827 0.3100 0.1576 0.0528 0.1311 
          58  1 0.0722 0.0458 0.0922 0.1780 0.3116 0.0774 0.0958 0.1270 
          59  1 0.1739 0.1802 0.1757 0.0435 0.0807 0.1091 0.1026 0.1343 
          60  1 0.1099 0.0885 0.1797 0.0613 0.1047 0.2111 0.0968 0.1479 
          61  1 0.1647 0.0866 0.0917 0.0591 0.1348 0.1090 0.1874 0.1667 
          62  1 0.0953 0.1632 0.2220 0.0574 0.0784 0.2177 0.0701 0.0960 
          63  1 0.0465 0.1639 0.1573 0.0252 0.0985 0.1913 0.0394 0.2779 
          64  1 0.1700 0.1278 0.2130 0.0401 0.0863 0.1146 0.1024 0.1457 
          65  1 0.1783 0.0704 0.1271 0.1070 0.0944 0.1367 0.2115 0.0747 
          66  1 0.1319 0.3811 0.0445 0.0486 0.0361 0.1129 0.1889 0.0560 
          67  1 0.1899 0.1886 0.0779 0.0941 0.0496 0.1229 0.1540 0.1229 
          68  1 0.1566 0.1933 0.1062 0.1472 0.0472 0.1178 0.1463 0.0853 
          69  1 0.1330 0.0725 0.0964 0.3606 0.0904 0.0510 0.1119 0.0842 
          70  1 0.1962 0.1499 0.2418 0.0327 0.0932 0.0713 0.0942 0.1207 
          71  1 0.1392 0.0601 0.1299 0.0363 0.1739 0.1759 0.0872 0.1975 
          72  1 0.1382 0.2051 0.1814 0.0461 0.0887 0.1182 0.1066 0.1156 
          73  1 0.0733 0.0413 0.2491 0.1307 0.0680 0.2849 0.0479 0.1049 
          74  1 0.0957 0.0847 0.1164 0.2186 0.0957 0.1370 0.0785 0.1734 
          75  1 0.1072 0.1116 0.2502 0.0324 0.1475 0.1657 0.0650 0.1203 
          76  1 0.0558 0.0947 0.0664 0.5592 0.0472 0.0698 0.0561 0.0508 
          77  1 0.1263 0.0642 0.0768 0.3515 0.0696 0.1070 0.0726 0.1321 
          78  1 0.0991 0.0727 0.2964 0.0347 0.1370 0.2006 0.0706 0.0888 
          79  1 0.0458 0.0505 0.3254 0.0315 0.1268 0.3110 0.0364 0.0726 
          80  1 0.1679 0.2275 0.1915 0.0530 0.0558 0.0973 0.0991 0.1079 
          81  1 0.1587 0.1288 0.1235 0.0320 0.0772 0.1406 0.1858 0.1535 
          82  1 0.1032 0.1404 0.2022 0.0694 0.1100 0.1891 0.0784 0.1073 
          83  1 0.0792 0.2647 0.1764 0.0426 0.0682 0.2001 0.0981 0.0707 
          84  1 0.1098 0.0700 0.1155 0.0295 0.2875 0.1142 0.1341 0.1396 
          85  1 0.2334 0.0649 0.0558 0.0308 0.1351 0.0682 0.3140 0.0977 
          86  1 0.1785 0.0263 0.0710 0.1924 0.1515 0.0757 0.2077 0.0969 
          87  1 0.1550 0.2330 0.1725 0.0673 0.0652 0.1081 0.1072 0.0918 
          88  1 0.0808 0.1010 0.1741 0.0482 0.1469 0.2126 0.0719 0.1643 
          89  1 0.2523 0.0312 0.0421 0.1646 0.0828 0.0579 0.2834 0.0856 
          90  1 0.0870 0.0591 0.1862 0.0221 0.2663 0.1599 0.1086 0.1108 
          91  1 0.1838 0.1110 0.1072 0.0217 0.0690 0.1128 0.2326 0.1620 
          92  1 0.0576 0.0526 0.1273 0.1439 0.2995 0.1098 0.0724 0.1368 
          93  1 0.0799 0.0660 0.0948 0.2522 0.1554 0.1054 0.0994 0.1470 
          94  1 0.0634 0.1171 0.1287 0.0699 0.1666 0.1482 0.0679 0.2383 
          95  1 0.1317 0.1813 0.1571 0.0590 0.0651 0.1746 0.0745 0.1568 
          96  1 0.1766 0.1979 0.1034 0.0545 0.0507 0.1134 0.1859 0.1176 
          97  1 0.0746 0.5149 0.0365 0.0241 0.0354 0.1172 0.1512 0.0461 
          98  1 0.1131 0.1707 0.1502 0.0448 0.0960 0.1829 0.0924 0.1499 
          99  1 0.0772 0.1289 0.0797 0.3452 0.0699 0.1067 0.0837 0.1089 
         100  1 0.0953 0.1614 0.1565 0.2239 0.0515 0.1599 0.0845 0.0670 
         101  1 0.1523 0.2169 0.1244 0.0497 0.0684 0.1375 0.1171 0.1336 
         102  1 0.1592 0.1876 0.1035 0.0471 0.0734 0.1311 0.1677 0.1305 
         103  1 0.1451 0.2200 0.1082 0.0313 0.1427 0.0948 0.1379 0.1199 
         104  1 0.1167 0.1784 0.1152 0.1661 0.1035 0.0944 0.1015 0.1242 
         105  1 0.1957 0.0729 0.2490 0.0262 0.1600 0.0833 0.1164 0.0965 
         106  1 0.0788 0.2626 0.1745 0.0403 0.0727 0.2051 0.0963 0.0698 
         107  1 0.1052 0.4539 0.0634 0.0361 0.0406 0.1026 0.1502 0.0481 
         108  1 0.2061 0.1483 0.0907 0.0672 0.0608 0.0895 0.2474 0.0900 
         109  1 0.0679 0.0792 0.1343 0.1666 0.2803 0.0821 0.0799 0.1097 
         110  1 0.1328 0.0889 0.0685 0.2775 0.0839 0.0758 0.1581 0.1145 
         111  1 0.2206 0.0669 0.0825 0.0233 0.0970 0.0814 0.3181 0.1101 
         112  1 0.2131 0.0598 0.1008 0.0326 0.1145 0.0970 0.3023 0.0799 
         113  1 0.1779 0.0677 0.1235 0.1032 0.1848 0.0561 0.1654 0.1214 
         114  1 0.0919 0.0834 0.1377 0.0312 0.2384 0.1547 0.0995 0.1633 
         115  1 0.2608 0.1180 0.0907 0.0532 0.0445 0.0776 0.2825 0.0728 
         116  1 0.1196 0.0814 0.1295 0.0646 0.1547 0.1567 0.1169 0.1766 
         117  1 0.0646 0.0788 0.0986 0.1384 0.2004 0.1161 0.0952 0.2081 
         118  1 0.0957 0.1738 0.1787 0.0453 0.1627 0.1490 0.1002 0.0945 
         119  1 0.0860 0.1420 0.0751 0.2209 0.1104 0.1199 0.0872 0.1586 
         120  1 0.0937 0.1166 0.1190 0.2145 0.0822 0.1503 0.0515 0.1721 
         121  1 0.0926 0.0566 0.1324 0.2209 0.1357 0.1499 0.0583 0.1537 
         122  1 0.0926 0.1517 0.0782 0.1355 0.1996 0.0844 0.1152 0.1429 
         123  1 0.0868 0.3387 0.1032 0.0552 0.0826 0.1443 0.1317 0.0576 
         124  1 0.1563 0.1030 0.1010 0.1438 0.1222 0.0843 0.1595 0.1299 
         125  1 0.1612 0.2438 0.1262 0.0358 0.0834 0.1097 0.1097 0.1300 
         126  1 0.1198 0.0551 0.0634 0.3812 0.0806 0.0755 0.1350 0.0894 
         127  1 0.0441 0.0555 0.0578 0.5238 0.1294 0.0522 0.0579 0.0792 
         128  1 0.0827 0.3999 0.0735 0.0318 0.0655 0.1340 0.1334 0.0792 
         129  1 0.0385 0.0309 0.1923 0.3744 0.0841 0.1895 0.0296 0.0608 
         130  1 0.2630 0.0987 0.1063 0.0503 0.0486 0.0875 0.2793 0.0664 
         131  1 0.0350 0.0539 0.0749 0.5945 0.0687 0.0701 0.0407 0.0620 
         132  1 0.1606 0.0909 0.0935 0.0453 0.1183 0.1654 0.1108 0.2153 
         133  1 0.1306 0.0693 0.0528 0.1869 0.1512 0.1116 0.1112 0.1863 
         134  1 0.1591 0.2109 0.0898 0.0362 0.1273 0.0877 0.1887 0.1003 
         135  1 0.2036 0.0468 0.0486 0.0788 0.2001 0.0516 0.2764 0.0941 
         136  1 0.2115 0.0485 0.1212 0.0554 0.0907 0.1173 0.2745 0.0808 
         137  1 0.1719 0.2145 0.0985 0.0644 0.0724 0.1145 0.1216 0.1423 
         138  1 0.0796 0.1724 0.0820 0.0898 0.2010 0.1014 0.1073 0.1666 
         139  1 0.1022 0.4386 0.0495 0.0427 0.0405 0.1135 0.1558 0.0571 
         140  1 0.0999 0.4285 0.0585 0.0377 0.0455 0.1168 0.1524 0.0608 
         141  1 0.0931 0.1327 0.0749 0.1513 0.1529 0.0966 0.1174 0.1812 
         142  1 0.2172 0.1278 0.0760 0.0294 0.0776 0.0996 0.2471 0.1253 
         143  1 0.1748 0.1292 0.1165 0.0522 0.0946 0.1556 0.0881 0.1890 
         144  1 0.0457 0.0543 0.2050 0.2017 0.1083 0.2345 0.0381 0.1124 
         145  1 0.1114 0.2382 0.1028 0.1168 0.0628 0.1501 0.1076 0.1103 
         146  1 0.1603 0.1092 0.2757 0.0530 0.0866 0.1407 0.0673 0.1072 
         147  1 0.1153 0.2927 0.1176 0.0410 0.0657 0.1363 0.0909 0.1404 
         148  1 0.1994 0.0951 0.0777 0.0269 0.1416 0.0908 0.2517 0.1168 
         149  1 0.0961 0.1191 0.0980 0.2268 0.1043 0.1223 0.0847 0.1487 
         150  1 0.0411 0.1473 0.1286 0.0733 0.1219 0.1634 0.0538 0.2706 
         151  1 0.1298 0.3008 0.0811 0.0443 0.0665 0.1320 0.1163 0.1293 
         152  1 0.1289 0.2026 0.1229 0.0543 0.0928 0.1385 0.0986 0.1614 
         153  1 0.0477 0.0535 0.3210 0.0252 0.1245 0.3188 0.0362 0.0732 
         154  1 0.1978 0.0612 0.0682 0.0583 0.1326 0.0881 0.2309 0.1627 
         155  1 0.0531 0.0826 0.2343 0.0530 0.1917 0.2365 0.0528 0.0960 
         156  1 0.1848 0.1263 0.2008 0.0294 0.1252 0.0897 0.0879 0.1559 
         157  1 0.0836 0.2053 0.0584 0.1921 0.1522 0.0800 0.1215 0.1068 
         158  1 0.0881 0.1395 0.1595 0.0442 0.1442 0.2091 0.0865 0.1289 
         159  1 0.2828 0.0606 0.0669 0.0969 0.0444 0.0631 0.3312 0.0542 
         160  1 0.1401 0.0878 0.1288 0.0431 0.1520 0.1678 0.1736 0.1068 
         161  1 0.0923 0.0463 0.1379 0.2674 0.1372 0.1436 0.0609 0.1144 
         162  1 0.1130 0.1140 0.1732 0.0594 0.0852 0.1984 0.1047 0.1521 
         163  1 0.1417 0.1535 0.1557 0.0723 0.0580 0.1704 0.1150 0.1333 
         164  1 0.0848 0.0779 0.1031 0.0861 0.2220 0.1019 0.1153 0.2089 
         165  1 0.0930 0.0734 0.0987 0.1068 0.2649 0.1018 0.1082 0.1531 
         166  1 0.1325 0.0621 0.1475 0.0385 0.1833 0.1489 0.1441 0.1431 
         167  1 0.1074 0.0696 0.1893 0.0378 0.1974 0.1763 0.0652 0.1570 
         168  1 0.1662 0.1101 0.1117 0.0226 0.0822 0.1274 0.2250 0.1548 
         169  1 0.3215 0.0393 0.0424 0.0429 0.0387 0.0537 0.4060 0.0555 
         170  1 0.0582 0.1119 0.0875 0.1274 0.1867 0.1068 0.1026 0.2189 
         171  1 0.2499 0.0294 0.0656 0.0314 0.1517 0.0535 0.3475 0.0709 
         172  1 0.0859 0.0282 0.0612 0.4521 0.1167 0.0665 0.0990 0.0904 
         173  1 0.2792 0.0613 0.0687 0.1368 0.0336 0.0530 0.3123 0.0551 
         174  1 0.0968 0.3775 0.1201 0.0326 0.0541 0.1281 0.1081 0.0826 
         175  1 0.0869 0.0785 0.0964 0.1116 0.2271 0.1262 0.0910 0.1822 
         176  1 0.0828 0.4321 0.0593 0.0618 0.0419 0.1319 0.1442 0.0459 
         177  1 0.0678 0.0784 0.1097 0.2463 0.1334 0.1251 0.0611 0.1783 
         178  1 0.1170 0.0886 0.1470 0.0673 0.0952 0.1986 0.1201 0.1662 
         179  1 0.1685 0.1192 0.0751 0.0305 0.1548 0.1060 0.2136 0.1323 
         180  1 0.1208 0.1326 0.2074 0.0755 0.0712 0.2153 0.0734 0.1040 
         181  1 0.1918 0.1335 0.1457 0.0564 0.1031 0.1119 0.1244 0.1332 
         182  1 0.1153 0.0705 0.0942 0.2995 0.1142 0.0885 0.1019 0.1159 
         183  1 0.0480 0.0689 0.0347 0.6029 0.0660 0.0437 0.0655 0.0703 
         184  1 0.1603 0.1086 0.1130 0.1001 0.0689 0.1600 0.1126 0.1765 
         185  1 0.0640 0.1561 0.1649 0.0474 0.0857 0.2014 0.0612 0.2194 
         186  1 0.1473 0.1242 0.1343 0.0527 0.0771 0.1580 0.1345 0.1718 
         187  1 0.1037 0.0347 0.2085 0.1339 0.1331 0.1883 0.0931 0.1049 
         188  1 0.1334 0.0617 0.0630 0.2644 0.1230 0.0752 0.1612 0.1181 
         189  1 0.3365 0.0468 0.0449 0.0241 0.0354 0.0602 0.3882 0.0638 
         190  1 0.1457 0.1104 0.1486 0.2761 0.0888 0.0594 0.0890 0.0819 
         191  1 0.1555 0.1251 0.1282 0.1527 0.0668 0.1274 0.1271 0.1171 
         192  1 0.1264 0.0384 0.0944 0.1315 0.2394 0.0754 0.1708 0.1236 
         193  1 0.1342 0.2513 0.1843 0.0449 0.0611 0.1263 0.0911 0.1066 
         194  1 0.1025 0.2874 0.1207 0.1415 0.0497 0.1206 0.0993 0.0783 
         195  1 0.0723 0.1349 0.1820 0.0632 0.1909 0.1741 0.0947 0.0879 
         196  1 0.0542 0.1149 0.1018 0.2699 0.1019 0.1305 0.0525 0.1744 
         197  1 0.0501 0.0754 0.0902 0.5296 0.0604 0.0893 0.0497 0.0554 
         198  1 0.0711 0.1055 0.0923 0.1801 0.1157 0.1184 0.0842 0.2327 
         199  1 0.0750 0.1266 0.1365 0.0293 0.1559 0.1594 0.0756 0.2418 
         200  1 0.3121 0.0267 0.0365 0.0346 0.0647 0.0398 0.4329 0.0527 
         201  1 0.1326 0.0631 0.2309 0.0421 0.2138 0.1144 0.0812 0.1219 
         202  1 0.1657 0.0499 0.0814 0.1686 0.1290 0.0947 0.1733 0.1374 
         203  1 0.1565 0.1286 0.1587 0.0842 0.0792 0.1404 0.1026 0.1498 
         204  1 0.1880 0.0487 0.0973 0.0517 0.1829 0.0959 0.2224 0.1131 
         205  1 0.1440 0.1665 0.1016 0.0513 0.0873 0.1302 0.1469 0.1721 
         206  1 0.1108 0.3970 0.0894 0.0604 0.0436 0.1055 0.1364 0.0570 
         207  1 0.0748 0.4819 0.0475 0.0373 0.0440 0.1223 0.1391 0.0532 
         208  1 0.1561 0.1759 0.1773 0.0598 0.1006 0.1073 0.1025 0.1205 
         209  1 0.1018 0.1325 0.0916 0.3345 0.0972 0.0651 0.0810 0.0963 
         210  1 0.0842 0.2630 0.0962 0.2062 0.0642 0.1167 0.0970 0.0725 
         211  1 0.1834 0.1032 0.2696 0.0456 0.1072 0.1006 0.0795 0.1110 
         212  1 0.2464 0.1194 0.1584 0.0622 0.0576 0.0668 0.2183 0.0709 
         213  1 0.0361 0.0520 0.0489 0.7032 0.0408 0.0443 0.0382 0.0365 
         214  1 0.1034 0.3575 0.1150 0.0404 0.0624 0.1253 0.1040 0.0919 
         215  1 0.0978 0.2277 0.1043 0.1071 0.1022 0.1238 0.0832 0.1539 
         216  1 0.0447 0.0333 0.0784 0.0465 0.4629 0.0665 0.0927 0.1750 
         217  1 0.2219 0.0451 0.1151 0.0940 0.1006 0.1053 0.2253 0.0927 
         218  1 0.0783 0.1389 0.1976 0.0336 0.0855 0.2248 0.0539 0.1873 
         219  1 0.0945 0.0639 0.1304 0.3097 0.1226 0.0996 0.0511 0.1282 
         220  1 0.1155 0.2964 0.0913 0.0402 0.0910 0.1201 0.1211 0.1244 
         221  1 0.0790 0.0527 0.0900 0.4008 0.0973 0.1119 0.0663 0.1020 
         222  1 0.1651 0.2223 0.2181 0.0406 0.0645 0.1056 0.0801 0.1037 
         223  1 0.0933 0.1233 0.1337 0.1887 0.0984 0.1222 0.0661 0.1743 
         224  1 0.1288 0.0670 0.1857 0.1488 0.1981 0.0813 0.0748 0.1155 
         225  1 0.1232 0.1199 0.2432 0.0570 0.0991 0.1881 0.0813 0.0881 
         226  1 0.0762 0.0871 0.0783 0.2210 0.1678 0.0957 0.1034 0.1705 
         227  1 0.0971 0.0983 0.1084 0.1146 0.1496 0.1216 0.1030 0.2074 
         228  1 0.0769 0.0635 0.0685 0.5041 0.0727 0.0684 0.0699 0.0760 
         229  1 0.1596 0.0495 0.1765 0.0813 0.0828 0.1964 0.1596 0.0943 
         230  1 0.1520 0.0666 0.1326 0.0485 0.1639 0.1393 0.1521 0.1450 
         231  1 0.1416 0.0855 0.0853 0.1222 0.1414 0.1196 0.1247 0.1796 
         232  1 0.1672 0.0888 0.1415 0.0447 0.0895 0.1844 0.0931 0.1906 
         233  1 0.0417 0.0380 0.1693 0.0883 0.3653 0.1114 0.0688 0.1172 
         234  1 0.0709 0.0504 0.0400 0.3128 0.2547 0.0440 0.1099 0.1173 
         235  1 0.0771 0.1105 0.0605 0.3603 0.1080 0.0849 0.0922 0.1066 
         236  1 0.0672 0.0821 0.0713 0.4341 0.0807 0.0985 0.0577 0.1085 
         237  1 0.0654 0.3516 0.0409 0.2104 0.0657 0.0889 0.1224 0.0547 
         238  1 0.0671 0.1510 0.1045 0.0926 0.1178 0.1364 0.0950 0.2357 
         239  1 0.1446 0.1275 0.1178 0.0254 0.0787 0.1365 0.1847 0.1850 
         240  1 0.1139 0.0591 0.1539 0.0439 0.2157 0.1501 0.1089 0.1545 
         241  1 0.0499 0.1053 0.0996 0.0471 0.2505 0.1335 0.0872 0.2268 
         242  1 0.0998 0.0578 0.0958 0.1264 0.2369 0.0977 0.1238 0.1616 
         243  1 0.0702 0.3096 0.0669 0.1962 0.0660 0.1050 0.1077 0.0784 
         244  1 0.0744 0.0463 0.0534 0.0576 0.3941 0.0585 0.1428 0.1730 
         245  1 0.0505 0.0297 0.1820 0.3499 0.1057 0.1779 0.0445 0.0596 
         246  1 0.1270 0.0376 0.2169 0.0755 0.1086 0.2130 0.1516 0.0698 
         247  1 0.2720 0.0570 0.0647 0.0384 0.0623 0.0777 0.3395 0.0883 
         248  1 0.0578 0.0692 0.0523 0.4013 0.1379 0.0538 0.0889 0.1388 
         249  1 0.0976 0.1574 0.1654 0.1057 0.0742 0.2141 0.0949 0.0906 
         250  1 0.1594 0.2256 0.0967 0.0285 0.1235 0.1028 0.1567 0.1069 
         251  1 0.0450 0.1061 0.1198 0.1198 0.1848 0.1435 0.0605 0.2205 
         252  1 0.0952 0.2482 0.1628 0.0502 0.0935 0.1711 0.0801 0.0989 
         253  1 0.1129 0.0912 0.0716 0.0999 0.2431 0.0702 0.1674 0.1437 
         254  1 0.1544 0.2544 0.1734 0.0505 0.0779 0.0826 0.1202 0.0866 
         255  1 0.1093 0.1357 0.2047 0.1055 0.0922 0.1800 0.0877 0.0849 
         256  1 0.0490 0.0499 0.0349 0.6932 0.0381 0.0455 0.0433 0.0462 
         257  1 0.2157 0.1103 0.2459 0.0485 0.1012 0.0663 0.0980 0.1142 
         258  1 0.0938 0.1762 0.0627 0.2949 0.0971 0.0785 0.1042 0.0926 
         259  1 0.0900 0.3164 0.1100 0.0333 0.0577 0.1546 0.0959 0.1421 
         260  1 0.0999 0.4032 0.0899 0.0538 0.0359 0.1212 0.1424 0.0537 
