           1  1 0.0648 0.1441 0.1359 0.1156 0.0830 0.1584 0.1127 0.1201 0.0654 
           2  1 0.0694 0.1171 0.1898 0.1109 0.0375 0.0572 0.2632 0.0497 0.1053 
           3  1 0.0699 0.1140 0.1849 0.1094 0.0386 0.0565 0.2722 0.0502 0.1042 
           4  1 0.1251 0.0772 0.0641 0.1279 0.1341 0.1073 0.0878 0.1657 0.1106 
           5  1 0.1569 0.0530 0.1327 0.0767 0.1207 0.0957 0.1053 0.1809 0.0780 
           6  1 0.1381 0.2121 0.1385 0.0553 0.0292 0.1351 0.1123 0.0786 0.1007 
           7  1 0.0663 0.0594 0.0553 0.2139 0.1035 0.0596 0.1278 0.0639 0.2502 
           8  1 0.1299 0.1758 0.1252 0.0692 0.0599 0.1505 0.1104 0.0861 0.0930 
           9  1 0.1271 0.0561 0.0995 0.0678 0.2961 0.0924 0.0938 0.1081 0.0592 
          10  1 0.0764 0.0902 0.2040 0.0657 0.0804 0.1233 0.1896 0.0933 0.0771 
          11  1 0.1186 0.0468 0.1416 0.0785 0.1414 0.1008 0.1293 0.1529 0.0901 
          12  1 0.1562 0.2622 0.0668 0.0584 0.0453 0.1669 0.0752 0.0694 0.0996 
          13  1 0.1943 0.2862 0.0337 0.0398 0.0731 0.1630 0.0342 0.0534 0.1223 
          14  1 0.1324 0.1408 0.1452 0.0657 0.0538 0.1315 0.1239 0.1188 0.0879 
          15  1 0.1953 0.0525 0.0676 0.0502 0.2897 0.0872 0.0562 0.1466 0.0548 
          16  1 0.1267 0.1285 0.1145 0.0997 0.0875 0.1339 0.1001 0.1246 0.0845 
          17  1 0.0306 0.0594 0.0477 0.2847 0.0519 0.0549 0.1156 0.0424 0.3127 
          18  1 0.1273 0.2054 0.0749 0.0758 0.0526 0.1792 0.0758 0.1169 0.0921 
          19  1 0.1394 0.1447 0.0802 0.0879 0.0867 0.1497 0.0957 0.1211 0.0946 
          20  1 0.1100 0.0602 0.0420 0.2195 0.0848 0.0713 0.0868 0.1022 0.2233 
          21  1 0.1054 0.1277 0.0663 0.1647 0.0858 0.1067 0.0828 0.1058 0.1548 
          22  1 0.1140 0.1197 0.0947 0.1353 0.0600 0.0703 0.1975 0.0858 0.1227 
          23  1 0.1882 0.0864 0.0687 0.0637 0.1837 0.1040 0.0652 0.1791 0.0611 
          24  1 0.0651 0.1657 0.0984 0.1585 0.0573 0.1412 0.1037 0.0972 0.1129 
          25  1 0.0511 0.0494 0.3178 0.0613 0.0482 0.1006 0.2028 0.1223 0.0465 
          26  1 0.0807 0.0501 0.1224 0.1067 0.1704 0.1336 0.0926 0.1686 0.0748 
          27  1 0.0720 0.0892 0.2156 0.0954 0.0547 0.1131 0.1343 0.1329 0.0929 
          28  1 0.2097 0.0956 0.0730 0.0730 0.1066 0.1051 0.0656 0.1831 0.0883 
          29  1 0.0480 0.0801 0.1576 0.1009 0.0391 0.2007 0.1483 0.1541 0.0712 
          30  1 0.0602 0.0929 0.2225 0.0833 0.0669 0.1129 0.1842 0.1035 0.0736 
          31  1 0.1114 0.1442 0.0829 0.1546 0.0615 0.1017 0.1033 0.0971 0.1433 
          32  1 0.0665 0.1808 0.1449 0.1154 0.0417 0.1667 0.1213 0.0968 0.0658 
          33  1 0.0868 0.0634 0.1136 0.1526 0.1510 0.0574 0.1410 0.0577 0.1766 
          34  1 0.1205 0.0788 0.1509 0.0861 0.0859 0.1250 0.1191 0.1477 0.0860 
          35  1 0.0514 0.1983 0.1234 0.1611 0.0357 0.1245 0.1324 0.0758 0.0974 
          36  1 0.1433 0.1003 0.0805 0.0770 0.1544 0.1330 0.0765 0.1545 0.0806 
          37  1 0.0787 0.1124 0.0856 0.1541 0.0330 0.0987 0.1972 0.0981 0.1422 
          38  1 0.0453 0.0670 0.2659 0.0810 0.0416 0.1059 0.1691 0.1523 0.0718 
          39  1 0.2438 0.0941 0.0487 0.0567 0.1482 0.0834 0.0575 0.1817 0.0859 
          40  1 0.0706 0.0926 0.2518 0.0620 0.0656 0.1102 0.1506 0.1237 0.0729 
          41  1 0.1647 0.2634 0.0482 0.0579 0.0425 0.1815 0.0579 0.0766 0.1074 
          42  1 0.0910 0.1794 0.1121 0.1147 0.0441 0.1710 0.0927 0.1202 0.0749 
          43  1 0.1015 0.0816 0.1406 0.1188 0.0842 0.0637 0.2023 0.0997 0.1075 
          44  1 0.0530 0.1669 0.1365 0.1558 0.0657 0.1091 0.1338 0.0709 0.1082 
          45  1 0.0737 0.1144 0.1105 0.1577 0.0498 0.0480 0.2120 0.0463 0.1876 
          46  1 0.1324 0.0937 0.1676 0.0814 0.0743 0.1007 0.0990 0.1562 0.0946 
          47  1 0.1275 0.1677 0.0670 0.1266 0.0502 0.0792 0.1764 0.0373 0.1681 
          48  1 0.0609 0.0936 0.1741 0.0995 0.0409 0.1576 0.1789 0.1089 0.0855 
          49  1 0.0860 0.0651 0.1355 0.1246 0.0680 0.1277 0.1050 0.2073 0.0808 
          50  1 0.1130 0.0502 0.1162 0.1112 0.0623 0.1583 0.0861 0.2251 0.0777 
          51  1 0.1002 0.1361 0.0466 0.1695 0.0619 0.0777 0.1071 0.0418 0.2592 
          52  1 0.1500 0.0594 0.0659 0.0624 0.2937 0.1112 0.0604 0.1394 0.0575 
          53  1 0.1004 0.2064 0.0977 0.1305 0.0536 0.1204 0.1108 0.0553 0.1250 
          54  1 0.0612 0.1271 0.1712 0.0979 0.0830 0.1337 0.1638 0.0947 0.0674 
          55  1 0.1353 0.0587 0.1542 0.0720 0.1181 0.1037 0.1111 0.1704 0.0764 
          56  1 0.1532 0.0684 0.1211 0.0798 0.0739 0.1278 0.1059 0.1877 0.0821 
          57  1 0.0466 0.1033 0.2884 0.0964 0.0285 0.0619 0.2305 0.0633 0.0810 
          58  1 0.0846 0.0870 0.1076 0.1515 0.0633 0.0768 0.1864 0.0832 0.1597 
          59  1 0.1972 0.0979 0.0720 0.0691 0.1335 0.1101 0.0636 0.1871 0.0694 
          60  1 0.0678 0.1208 0.1727 0.1072 0.0492 0.1412 0.1320 0.1274 0.0816 
          61  1 0.1093 0.1558 0.0901 0.1122 0.0575 0.1483 0.1011 0.1107 0.1150 
          62  1 0.0998 0.0421 0.1657 0.0681 0.1446 0.1154 0.1317 0.1655 0.0670 
          63  1 0.0329 0.2498 0.1613 0.1380 0.0299 0.1705 0.1250 0.0591 0.0334 
          64  1 0.2034 0.1100 0.0776 0.0793 0.1081 0.1141 0.0638 0.1741 0.0697 
          65  1 0.1106 0.1496 0.1394 0.0822 0.0802 0.1186 0.1152 0.0857 0.1185 
          66  1 0.1743 0.1050 0.0384 0.0496 0.3943 0.0859 0.0379 0.0503 0.0645 
          67  1 0.1235 0.1030 0.0574 0.1095 0.1576 0.1266 0.0647 0.1636 0.0941 
          68  1 0.1353 0.1010 0.0625 0.1011 0.1839 0.1215 0.0657 0.1051 0.1238 
          69  1 0.1453 0.0976 0.0457 0.1511 0.0950 0.0700 0.0922 0.0894 0.2136 
          70  1 0.2890 0.0812 0.0573 0.0415 0.1615 0.0700 0.0470 0.1927 0.0597 
          71  1 0.0514 0.0700 0.1298 0.1294 0.0430 0.1532 0.1387 0.1882 0.0962 
          72  1 0.1877 0.0711 0.0792 0.0622 0.2215 0.0981 0.0748 0.1385 0.0668 
          73  1 0.0351 0.0378 0.2274 0.1211 0.0474 0.0916 0.1493 0.1896 0.1008 
          74  1 0.0525 0.1239 0.1141 0.1869 0.0570 0.1072 0.1182 0.1036 0.1365 
          75  1 0.1436 0.0721 0.2124 0.0517 0.0998 0.0814 0.1345 0.1444 0.0601 
          76  1 0.0662 0.0371 0.0470 0.2354 0.1388 0.0519 0.1005 0.0636 0.2594 
          77  1 0.0775 0.0515 0.0465 0.2157 0.0749 0.1026 0.0769 0.1597 0.1946 
          78  1 0.1212 0.0659 0.2716 0.0405 0.0655 0.0694 0.1673 0.1369 0.0617 
          79  1 0.0472 0.0385 0.4016 0.0348 0.0403 0.0525 0.2210 0.1300 0.0340 
          80  1 0.2384 0.0695 0.0425 0.0505 0.2192 0.0917 0.0480 0.1785 0.0615 
          81  1 0.1041 0.2078 0.1164 0.0950 0.0473 0.1645 0.0991 0.0942 0.0715 
          82  1 0.1134 0.0563 0.1713 0.0812 0.1204 0.1012 0.1312 0.1496 0.0754 
          83  1 0.1212 0.0393 0.1657 0.0438 0.3126 0.0607 0.1096 0.0992 0.0478 
          84  1 0.0944 0.1254 0.1394 0.0904 0.0508 0.1203 0.1827 0.1141 0.0825 
          85  1 0.1536 0.2185 0.0612 0.0754 0.0580 0.1662 0.0806 0.0793 0.1072 
          86  1 0.0997 0.1723 0.0881 0.1310 0.0347 0.1091 0.1150 0.0723 0.1779 
          87  1 0.2025 0.0622 0.0572 0.0617 0.2289 0.0880 0.0589 0.1640 0.0766 
          88  1 0.0557 0.1035 0.2025 0.0932 0.0613 0.1383 0.1645 0.1164 0.0645 
          89  1 0.1216 0.2233 0.0506 0.1247 0.0350 0.1394 0.0736 0.0728 0.1590 
          90  1 0.0733 0.1120 0.2666 0.0621 0.0425 0.0897 0.2220 0.0700 0.0617 
          91  1 0.1133 0.2726 0.1122 0.0817 0.0384 0.1679 0.0870 0.0533 0.0736 
          92  1 0.0712 0.0751 0.1468 0.1314 0.0565 0.0769 0.2039 0.1017 0.1365 
          93  1 0.0608 0.1273 0.1151 0.1705 0.0538 0.0998 0.1372 0.0783 0.1572 
          94  1 0.0473 0.2133 0.1314 0.1580 0.0304 0.1408 0.1296 0.0631 0.0860 
          95  1 0.1135 0.1015 0.1148 0.0965 0.1093 0.1468 0.0942 0.1572 0.0662 
          96  1 0.1410 0.1669 0.0761 0.0820 0.1505 0.1411 0.0613 0.0971 0.0841 
          97  1 0.1814 0.0456 0.0351 0.0320 0.5376 0.0523 0.0363 0.0445 0.0350 
          98  1 0.0823 0.0924 0.1417 0.0885 0.0966 0.1575 0.1148 0.1638 0.0625 
          99  1 0.0836 0.0944 0.0779 0.1804 0.1229 0.0940 0.0983 0.0731 0.1753 
         100  1 0.1071 0.0592 0.1263 0.1224 0.1615 0.0841 0.1045 0.1075 0.1274 
         101  1 0.1325 0.1113 0.0839 0.0923 0.1420 0.1405 0.0756 0.1551 0.0669 
         102  1 0.1285 0.1412 0.0789 0.0908 0.1609 0.1402 0.0746 0.1045 0.0805 
         103  1 0.1614 0.0998 0.0797 0.0695 0.1894 0.0997 0.0887 0.1376 0.0741 
         104  1 0.1409 0.1187 0.0707 0.1176 0.1567 0.0907 0.0777 0.1105 0.1166 
         105  1 0.2604 0.0964 0.1166 0.0392 0.0872 0.0698 0.0855 0.1781 0.0668 
         106  1 0.1219 0.0377 0.1682 0.0453 0.3071 0.0580 0.1139 0.0989 0.0489 
         107  1 0.1948 0.0455 0.0421 0.0390 0.4699 0.0523 0.0370 0.0740 0.0454 
         108  1 0.1536 0.1935 0.0596 0.0668 0.1254 0.1412 0.0576 0.0918 0.1105 
         109  1 0.1120 0.0710 0.1113 0.1338 0.1083 0.0494 0.1817 0.0880 0.1445 
         110  1 0.1086 0.1524 0.0656 0.1478 0.0822 0.1031 0.0876 0.0707 0.1820 
         111  1 0.1521 0.2630 0.0878 0.0763 0.0252 0.1596 0.0805 0.0572 0.0982 
         112  1 0.1451 0.1995 0.1166 0.0541 0.0561 0.1609 0.0974 0.0779 0.0924 
         113  1 0.1948 0.1407 0.0501 0.1014 0.0775 0.0891 0.0946 0.1202 0.1315 
         114  1 0.0695 0.1247 0.1957 0.0862 0.0489 0.1267 0.1921 0.0875 0.0687 
         115  1 0.1638 0.2266 0.0595 0.0580 0.0835 0.1657 0.0455 0.0838 0.1135 
         116  1 0.0600 0.1047 0.1466 0.1209 0.0372 0.1571 0.1465 0.1283 0.0988 
         117  1 0.0608 0.1618 0.1101 0.1733 0.0374 0.1083 0.1420 0.0659 0.1404 
         118  1 0.1232 0.0589 0.1714 0.0603 0.1832 0.0735 0.1428 0.1205 0.0661 
         119  1 0.0677 0.1171 0.0864 0.1593 0.1132 0.1231 0.0972 0.1023 0.1337 
         120  1 0.0563 0.0894 0.1122 0.1630 0.0715 0.1422 0.1126 0.1323 0.1204 
         121  1 0.0533 0.0817 0.1263 0.1779 0.0408 0.1149 0.1323 0.1375 0.1353 
         122  1 0.1076 0.0824 0.0774 0.1304 0.1234 0.1011 0.1187 0.1223 0.1367 
         123  1 0.1458 0.0525 0.1076 0.0464 0.3669 0.0614 0.0874 0.0733 0.0587 
         124  1 0.1335 0.1608 0.0725 0.1210 0.0770 0.1197 0.0858 0.1090 0.1205 
         125  1 0.1705 0.0682 0.0625 0.0702 0.1681 0.1344 0.0631 0.2078 0.0553 
         126  1 0.0749 0.1093 0.0686 0.1846 0.0612 0.0971 0.1053 0.0815 0.2175 
         127  1 0.0567 0.0498 0.0627 0.2284 0.0944 0.0380 0.1364 0.0519 0.2816 
         128  1 0.1442 0.0533 0.0778 0.0513 0.3929 0.0790 0.0734 0.0819 0.0462 
         129  1 0.0336 0.0362 0.1886 0.1978 0.0464 0.0521 0.1599 0.1085 0.1769 
         130  1 0.1667 0.2213 0.0748 0.0497 0.0937 0.1496 0.0578 0.0769 0.1096 
         131  1 0.0404 0.0490 0.0663 0.2607 0.0832 0.0394 0.1251 0.0490 0.2868 
         132  1 0.0638 0.0904 0.1006 0.1295 0.0483 0.1865 0.1032 0.1894 0.0883 
         133  1 0.0614 0.0780 0.0706 0.1818 0.0623 0.1186 0.1040 0.1526 0.1707 
         134  1 0.1685 0.1128 0.0685 0.0728 0.1713 0.1154 0.0856 0.1205 0.0846 
         135  1 0.1392 0.2087 0.0726 0.0994 0.0489 0.1174 0.1183 0.0477 0.1478 
         136  1 0.1262 0.2024 0.1375 0.0639 0.0427 0.1385 0.0973 0.0892 0.1023 
         137  1 0.1463 0.0734 0.0579 0.0913 0.1321 0.1401 0.0662 0.2207 0.0720 
         138  1 0.1093 0.1297 0.0854 0.1244 0.1624 0.0828 0.1244 0.0778 0.1040 
         139  1 0.1782 0.0684 0.0368 0.0440 0.4518 0.0681 0.0396 0.0614 0.0517 
         140  1 0.1623 0.0644 0.0604 0.0491 0.3829 0.0893 0.0564 0.0825 0.0527 
         141  1 0.0820 0.1294 0.0851 0.1442 0.0924 0.1156 0.1133 0.0994 0.1385 
         142  1 0.1325 0.2383 0.0804 0.0747 0.0940 0.1523 0.0697 0.0795 0.0786 
         143  1 0.1059 0.0477 0.0670 0.1199 0.1044 0.1595 0.0762 0.2389 0.0806 
         144  1 0.0347 0.0701 0.2223 0.1514 0.0530 0.0849 0.1622 0.1132 0.1082 
         145  1 0.1072 0.0674 0.0810 0.1073 0.2205 0.1158 0.0881 0.1251 0.0876 
         146  1 0.2046 0.0645 0.1275 0.0567 0.1066 0.0781 0.0941 0.1990 0.0688 
         147  1 0.1588 0.0769 0.0740 0.0679 0.2636 0.1045 0.0656 0.1383 0.0505 
         148  1 0.1382 0.2076 0.0992 0.0726 0.0677 0.1429 0.1049 0.0698 0.0971 
         149  1 0.0895 0.1233 0.0910 0.1641 0.1016 0.1000 0.0954 0.0970 0.1380 
         150  1 0.0377 0.2404 0.1402 0.1645 0.0439 0.1402 0.1193 0.0498 0.0640 
         151  1 0.1222 0.0558 0.0723 0.0790 0.2275 0.1242 0.0729 0.1833 0.0629 
         152  1 0.1326 0.0983 0.0912 0.0914 0.1442 0.1384 0.0873 0.1439 0.0727 
         153  1 0.0418 0.0340 0.3809 0.0388 0.0543 0.0610 0.2164 0.1353 0.0375 
         154  1 0.1104 0.2108 0.0832 0.1301 0.0348 0.1332 0.0932 0.0905 0.1138 
         155  1 0.0574 0.0533 0.3097 0.0561 0.0907 0.0757 0.2078 0.0920 0.0573 
         156  1 0.2191 0.0950 0.0672 0.0655 0.1091 0.1038 0.0663 0.2113 0.0626 
         157  1 0.1229 0.0716 0.0602 0.1247 0.2268 0.0682 0.0927 0.0764 0.1565 
         158  1 0.0689 0.0753 0.2092 0.0751 0.1135 0.1215 0.1572 0.1172 0.0622 
         159  1 0.1582 0.2340 0.0531 0.0803 0.0590 0.1597 0.0596 0.0756 0.1205 
         160  1 0.0872 0.1242 0.1837 0.0684 0.0874 0.1316 0.1441 0.0920 0.0815 
         161  1 0.0654 0.0622 0.1427 0.1682 0.0521 0.0867 0.1398 0.1260 0.1570 
         162  1 0.0735 0.1409 0.1825 0.1039 0.0571 0.1291 0.1265 0.1155 0.0710 
         163  1 0.1084 0.1023 0.1085 0.0911 0.1068 0.1571 0.0954 0.1401 0.0903 
         164  1 0.0824 0.1871 0.1065 0.1600 0.0399 0.1042 0.1366 0.0639 0.1193 
         165  1 0.0821 0.1130 0.1101 0.1380 0.0610 0.1078 0.1581 0.1074 0.1225 
         166  1 0.0940 0.1125 0.1775 0.0803 0.0516 0.1463 0.1397 0.1154 0.0827 
         167  1 0.0780 0.0887 0.1846 0.0839 0.0446 0.1385 0.1567 0.1586 0.0664 
         168  1 0.1021 0.2524 0.1192 0.0985 0.0266 0.1707 0.1021 0.0580 0.0703 
         169  1 0.1691 0.2997 0.0440 0.0510 0.0326 0.1788 0.0486 0.0633 0.1130 
         170  1 0.0632 0.1813 0.1052 0.1543 0.0798 0.0915 0.1314 0.0584 0.1349 
         171  1 0.1652 0.2434 0.0748 0.0636 0.0275 0.1463 0.0935 0.0604 0.1252 
         172  1 0.0631 0.1002 0.0706 0.2280 0.0466 0.0701 0.1162 0.0620 0.2432 
         173  1 0.1711 0.2384 0.0310 0.0872 0.0576 0.1445 0.0482 0.0798 0.1423 
         174  1 0.1920 0.0444 0.0487 0.0472 0.4368 0.0590 0.0435 0.0885 0.0399 
         175  1 0.0530 0.1043 0.1184 0.1492 0.0585 0.1351 0.1447 0.1191 0.1178 
         176  1 0.1632 0.0485 0.0504 0.0464 0.4834 0.0539 0.0495 0.0527 0.0521 
         177  1 0.0497 0.1246 0.1193 0.1924 0.0526 0.1034 0.1252 0.0847 0.1482 
         178  1 0.0596 0.1259 0.1523 0.1153 0.0421 0.1723 0.1286 0.1213 0.0826 
         179  1 0.1191 0.2015 0.0954 0.0806 0.0814 0.1501 0.1111 0.0762 0.0847 
         180  1 0.1115 0.0603 0.1480 0.0808 0.1154 0.1234 0.1097 0.1685 0.0823 
         181  1 0.1776 0.0891 0.0773 0.0865 0.1178 0.1203 0.0751 0.1742 0.0822 
         182  1 0.0893 0.1096 0.0835 0.1757 0.0721 0.0957 0.1075 0.0990 0.1676 
         183  1 0.0536 0.0534 0.0390 0.2424 0.1034 0.0464 0.1081 0.0490 0.3047 
         184  1 0.0605 0.1131 0.1031 0.1462 0.0491 0.1831 0.0949 0.1540 0.0960 
         185  1 0.0497 0.1661 0.1766 0.1152 0.0773 0.1406 0.1370 0.0807 0.0568 
         186  1 0.0852 0.1679 0.1355 0.0952 0.0382 0.1655 0.1164 0.1167 0.0793 
         187  1 0.0850 0.0714 0.2021 0.1058 0.0440 0.1042 0.1488 0.1269 0.1117 
         188  1 0.0929 0.1564 0.0769 0.1491 0.0463 0.1106 0.1055 0.0550 0.2072 
         189  1 0.1701 0.2939 0.0453 0.0499 0.0355 0.1764 0.0395 0.0740 0.1155 
         190  1 0.1860 0.0715 0.0421 0.1318 0.1410 0.0649 0.0727 0.1184 0.1717 
         191  1 0.1213 0.0889 0.0761 0.1221 0.1103 0.1337 0.0748 0.1485 0.1244 
         192  1 0.1107 0.1383 0.1156 0.1165 0.0412 0.0971 0.1520 0.0772 0.1515 
         193  1 0.1876 0.0707 0.0645 0.0583 0.2534 0.0897 0.0646 0.1467 0.0645 
         194  1 0.1536 0.0383 0.0528 0.0879 0.3377 0.0719 0.0534 0.1175 0.0870 
         195  1 0.0943 0.0566 0.1980 0.0614 0.1510 0.0760 0.1844 0.0993 0.0791 
         196  1 0.0514 0.1379 0.1002 0.2006 0.0731 0.1089 0.1178 0.0693 0.1410 
         197  1 0.0522 0.0377 0.0874 0.2315 0.1003 0.0511 0.1232 0.0683 0.2482 
         198  1 0.0455 0.1999 0.1080 0.1758 0.0364 0.1291 0.1203 0.0690 0.1159 
         199  1 0.0583 0.1934 0.1379 0.1220 0.0495 0.1548 0.1303 0.0941 0.0596 
         200  1 0.1816 0.3139 0.0430 0.0480 0.0241 0.1738 0.0492 0.0435 0.1229 
         201  1 0.1694 0.0918 0.1588 0.0642 0.0674 0.0785 0.1451 0.1468 0.0781 
         202  1 0.0999 0.1589 0.0842 0.1505 0.0360 0.1246 0.1071 0.0951 0.1436 
         203  1 0.1483 0.1117 0.0921 0.1140 0.0897 0.1280 0.0759 0.1526 0.0877 
         204  1 0.1214 0.1599 0.1021 0.0853 0.0416 0.1365 0.1328 0.1025 0.1179 
         205  1 0.1061 0.1640 0.1169 0.0893 0.0788 0.1602 0.0987 0.1059 0.0802 
         206  1 0.2058 0.0384 0.0342 0.0455 0.4664 0.0438 0.0378 0.0753 0.0529 
         207  1 0.1729 0.0489 0.0492 0.0448 0.4857 0.0610 0.0453 0.0549 0.0374 
         208  1 0.1987 0.0644 0.0696 0.0718 0.1810 0.0952 0.0723 0.1679 0.0790 
         209  1 0.1303 0.0571 0.0485 0.1585 0.1407 0.0651 0.0861 0.1149 0.1989 
         210  1 0.1345 0.0453 0.0578 0.1050 0.3239 0.0574 0.0761 0.0860 0.1141 
         211  1 0.2462 0.0717 0.0965 0.0508 0.1233 0.0691 0.0725 0.1939 0.0762 
         212  1 0.2193 0.1716 0.0405 0.0460 0.1322 0.1229 0.0402 0.1144 0.1128 
         213  1 0.0435 0.0272 0.0364 0.2950 0.0960 0.0311 0.1065 0.0404 0.3240 
         214  1 0.1850 0.0652 0.0630 0.0544 0.3567 0.0813 0.0527 0.0974 0.0444 
         215  1 0.1238 0.1142 0.0791 0.1228 0.1776 0.1047 0.0796 0.1162 0.0819 
         216  1 0.0787 0.1131 0.1146 0.1333 0.0372 0.0767 0.2413 0.0737 0.1316 
         217  1 0.1182 0.1931 0.1251 0.0840 0.0368 0.1343 0.1041 0.0878 0.1164 
         218  1 0.0444 0.1478 0.2068 0.1020 0.0356 0.1673 0.1381 0.1070 0.0508 
         219  1 0.0963 0.0814 0.0901 0.1882 0.0730 0.0831 0.1087 0.1155 0.1638 
         220  1 0.1345 0.0746 0.0770 0.0770 0.2155 0.1309 0.0763 0.1509 0.0632 
         221  1 0.0429 0.0740 0.1047 0.2103 0.0495 0.1009 0.1266 0.0935 0.1977 
         222  1 0.2521 0.0568 0.0502 0.0446 0.2305 0.0680 0.0495 0.1910 0.0573 
         223  1 0.0977 0.1473 0.0913 0.1618 0.0708 0.1130 0.1032 0.0987 0.1163 
         224  1 0.1700 0.0849 0.1181 0.1048 0.0729 0.0603 0.1212 0.1427 0.1250 
         225  1 0.1441 0.0584 0.1850 0.0548 0.1274 0.0778 0.1241 0.1565 0.0718 
         226  1 0.0669 0.1061 0.1004 0.1547 0.0802 0.1040 0.1313 0.0760 0.1803 
         227  1 0.0748 0.1502 0.1125 0.1427 0.0484 0.1329 0.1224 0.1004 0.1157 
         228  1 0.0693 0.0600 0.0567 0.2200 0.0808 0.0752 0.1085 0.0779 0.2515 
         229  1 0.0927 0.1338 0.1866 0.0791 0.0393 0.1229 0.1171 0.1283 0.1001 
         230  1 0.1100 0.1070 0.1360 0.0914 0.0607 0.1346 0.1242 0.1384 0.0977 
         231  1 0.0658 0.1295 0.0933 0.1411 0.0527 0.1556 0.1081 0.1419 0.1121 
         232  1 0.0787 0.1040 0.1292 0.1090 0.0454 0.1728 0.1031 0.1781 0.0796 
         233  1 0.0660 0.0761 0.2133 0.1065 0.0458 0.0484 0.2618 0.0696 0.1125 
         234  1 0.0868 0.0952 0.0534 0.1814 0.0715 0.0548 0.1568 0.0535 0.2466 
         235  1 0.0752 0.0690 0.0643 0.1852 0.1250 0.0833 0.1072 0.0759 0.2149 
         236  1 0.0500 0.0591 0.0769 0.2156 0.0879 0.0858 0.1105 0.0992 0.2150 
         237  1 0.1453 0.0404 0.0373 0.0958 0.4221 0.0382 0.0628 0.0443 0.1138 
         238  1 0.0566 0.2143 0.1219 0.1525 0.0788 0.1207 0.1141 0.0559 0.0852 
         239  1 0.0895 0.2506 0.1253 0.1001 0.0439 0.1652 0.1012 0.0606 0.0637 
         240  1 0.0764 0.1070 0.1831 0.0959 0.0430 0.1348 0.1635 0.1115 0.0849 
         241  1 0.0569 0.1851 0.1240 0.1582 0.0453 0.1153 0.1556 0.0605 0.0992 
         242  1 0.0749 0.1267 0.1173 0.1414 0.0438 0.1179 0.1547 0.0987 0.1247 
         243  1 0.1396 0.0507 0.0458 0.1096 0.3637 0.0558 0.0650 0.0614 0.1083 
         244  1 0.0969 0.1313 0.0849 0.1453 0.0478 0.0829 0.2074 0.0492 0.1543 
         245  1 0.0440 0.0486 0.1961 0.1856 0.0426 0.0566 0.1577 0.0939 0.1749 
         246  1 0.0809 0.1127 0.2688 0.0643 0.0402 0.0885 0.1550 0.1014 0.0882 
         247  1 0.1526 0.2770 0.0680 0.0611 0.0327 0.1728 0.0632 0.0601 0.1125 
         248  1 0.0729 0.1220 0.0652 0.1904 0.0778 0.0622 0.1217 0.0473 0.2405 
         249  1 0.0847 0.0454 0.1608 0.0905 0.1869 0.0976 0.1158 0.1307 0.0876 
         250  1 0.1563 0.1029 0.0842 0.0669 0.1678 0.1212 0.0854 0.1379 0.0774 
         251  1 0.0412 0.1811 0.1483 0.1619 0.0598 0.1133 0.1455 0.0600 0.0889 
         252  1 0.1346 0.0517 0.1488 0.0622 0.2242 0.0889 0.1092 0.1271 0.0532 
         253  1 0.1189 0.1455 0.0786 0.1285 0.0903 0.0846 0.1362 0.0700 0.1474 
         254  1 0.2483 0.0649 0.0388 0.0430 0.2984 0.0548 0.0405 0.1464 0.0649 
         255  1 0.1246 0.0588 0.1829 0.0736 0.1606 0.0735 0.1192 0.1216 0.0852 
         256  1 0.0428 0.0380 0.0298 0.2948 0.0799 0.0404 0.1031 0.0463 0.3250 
         257  1 0.2914 0.0770 0.0376 0.0542 0.1288 0.0706 0.0392 0.2272 0.0740 
         258  1 0.1075 0.0646 0.0506 0.1544 0.1832 0.0710 0.0907 0.0885 0.1895 
         259  1 0.1342 0.1464 0.0896 0.0823 0.2326 0.1241 0.0723 0.0792 0.0393 
         260  1 0.1948 0.0530 0.0401 0.0430 0.4614 0.0648 0.0373 0.0581 0.0475 
