           1  1 0.1596 0.1106 0.0840 0.1004 0.0507 0.1009 0.0996 0.0870 0.0875 0.1197 
           2  1 0.0499 0.0795 0.1378 0.0844 0.1355 0.1687 0.1022 0.1480 0.0416 0.0526 
           3  1 0.0491 0.0766 0.1392 0.0841 0.1328 0.1707 0.1050 0.1527 0.0401 0.0498 
           4  1 0.1359 0.1063 0.1168 0.1129 0.0902 0.0835 0.0971 0.0784 0.0601 0.1190 
           5  1 0.1061 0.1548 0.1047 0.1002 0.0805 0.0598 0.1025 0.1540 0.0618 0.0755 
           6  1 0.0663 0.0550 0.0541 0.0700 0.0634 0.0857 0.1023 0.1050 0.2404 0.1578 
           7  1 0.0693 0.0659 0.0977 0.0825 0.2883 0.1601 0.0803 0.0542 0.0481 0.0534 
           8  1 0.0930 0.0574 0.0667 0.0882 0.0690 0.0964 0.0934 0.1024 0.1795 0.1541 
           9  1 0.1160 0.0846 0.0998 0.1717 0.0413 0.0590 0.1008 0.1389 0.1067 0.0811 
          10  1 0.0915 0.0760 0.0791 0.0978 0.0892 0.1295 0.0927 0.1724 0.0759 0.0960 
          11  1 0.1121 0.1157 0.0924 0.1002 0.0794 0.0772 0.1053 0.1466 0.0704 0.1007 
          12  1 0.0712 0.0621 0.0733 0.0913 0.0330 0.0655 0.1015 0.0525 0.2653 0.1843 
          13  1 0.0429 0.0503 0.0520 0.0723 0.0313 0.0407 0.1319 0.0458 0.3377 0.1951 
          14  1 0.1175 0.0705 0.0735 0.0859 0.0688 0.1016 0.0975 0.1259 0.1239 0.1348 
          15  1 0.0710 0.1132 0.1347 0.1841 0.0396 0.0579 0.1002 0.1199 0.0966 0.0829 
          16  1 0.0966 0.1222 0.1000 0.1103 0.0626 0.0931 0.1121 0.1018 0.1052 0.0960 
          17  1 0.0467 0.0469 0.0507 0.0440 0.4162 0.2054 0.0555 0.0355 0.0478 0.0514 
          18  1 0.1093 0.0826 0.0697 0.0783 0.0368 0.0737 0.1199 0.0601 0.1854 0.1842 
          19  1 0.1116 0.0846 0.1019 0.1031 0.0453 0.0778 0.1055 0.0775 0.1544 0.1384 
          20  1 0.0795 0.0817 0.0877 0.0798 0.2808 0.1338 0.0727 0.0718 0.0445 0.0677 
          21  1 0.1237 0.0908 0.0911 0.0938 0.1328 0.1026 0.0950 0.0648 0.1000 0.1054 
          22  1 0.0742 0.1183 0.1892 0.0896 0.0930 0.1199 0.1197 0.0822 0.0474 0.0665 
          23  1 0.0997 0.1211 0.1389 0.1409 0.0359 0.0620 0.1073 0.1157 0.0863 0.0922 
          24  1 0.1119 0.1049 0.0965 0.0916 0.0934 0.1345 0.0913 0.0550 0.1057 0.1152 
          25  1 0.0843 0.0874 0.0441 0.0885 0.1201 0.1459 0.0746 0.2361 0.0494 0.0698 
          26  1 0.2264 0.0785 0.0648 0.0853 0.0626 0.0531 0.0825 0.1138 0.0677 0.1653 
          27  1 0.1203 0.0799 0.0448 0.0607 0.1615 0.1098 0.0838 0.1335 0.0913 0.1145 
          28  1 0.1212 0.1135 0.1231 0.1026 0.0489 0.0655 0.1237 0.1199 0.0701 0.1115 
          29  1 0.1563 0.0966 0.0590 0.0763 0.0697 0.1032 0.0992 0.1245 0.0714 0.1437 
          30  1 0.0830 0.0890 0.0761 0.0839 0.1092 0.1298 0.0977 0.1731 0.0725 0.0856 
          31  1 0.0903 0.1241 0.1152 0.0936 0.1003 0.1194 0.0986 0.0685 0.0955 0.0946 
          32  1 0.1054 0.1405 0.1039 0.1047 0.0333 0.1208 0.1222 0.0760 0.0900 0.1032 
          33  1 0.0400 0.0595 0.0832 0.0867 0.2796 0.1424 0.0741 0.1116 0.0772 0.0457 
          34  1 0.1365 0.0744 0.0799 0.0983 0.0890 0.1078 0.0975 0.1385 0.0684 0.1098 
          35  1 0.1033 0.1304 0.1143 0.1048 0.0568 0.1630 0.0896 0.0565 0.0917 0.0895 
          36  1 0.1066 0.1303 0.1013 0.1125 0.0471 0.0651 0.1111 0.1073 0.1004 0.1183 
          37  1 0.1563 0.0924 0.1742 0.0555 0.0768 0.1047 0.1197 0.0511 0.0618 0.1076 
          38  1 0.0920 0.1265 0.0414 0.0711 0.1314 0.0930 0.0810 0.1940 0.0890 0.0806 
          39  1 0.0667 0.1276 0.1667 0.1329 0.0353 0.0566 0.1249 0.1193 0.0913 0.0789 
          40  1 0.0895 0.0877 0.0534 0.0834 0.1069 0.1016 0.0871 0.1824 0.1130 0.0950 
          41  1 0.1104 0.0472 0.0551 0.0742 0.0308 0.0477 0.1010 0.0469 0.2758 0.2109 
          42  1 0.1446 0.1046 0.0761 0.0895 0.0394 0.0824 0.1179 0.0714 0.1264 0.1477 
          43  1 0.0736 0.0737 0.1104 0.0983 0.1624 0.1366 0.1000 0.1438 0.0430 0.0581 
          44  1 0.0768 0.1146 0.1052 0.1065 0.1104 0.1641 0.0939 0.0793 0.0830 0.0661 
          45  1 0.0482 0.1062 0.1973 0.0609 0.1550 0.1468 0.1139 0.0724 0.0533 0.0461 
          46  1 0.0918 0.1164 0.0746 0.0842 0.1219 0.0764 0.1038 0.1339 0.1017 0.0953 
          47  1 0.0330 0.1163 0.2301 0.0755 0.0675 0.1066 0.1473 0.0331 0.1230 0.0675 
          48  1 0.1353 0.0585 0.0604 0.0837 0.0947 0.1445 0.0873 0.1317 0.0667 0.1371 
          49  1 0.2512 0.0833 0.0546 0.0689 0.0582 0.0627 0.0846 0.1093 0.0678 0.1594 
          50  1 0.2359 0.0892 0.0704 0.0699 0.0543 0.0701 0.1048 0.1105 0.0413 0.1537 
          51  1 0.0380 0.0727 0.1354 0.0599 0.2001 0.1455 0.1106 0.0364 0.1244 0.0770 
          52  1 0.1108 0.1007 0.1206 0.1762 0.0381 0.0517 0.1018 0.1009 0.1008 0.0983 
          53  1 0.0638 0.0918 0.0994 0.0924 0.0834 0.1254 0.0956 0.0562 0.1807 0.1113 
          54  1 0.0982 0.1265 0.1067 0.0949 0.0635 0.1205 0.1139 0.1295 0.0680 0.0783 
          55  1 0.1101 0.0931 0.0905 0.1086 0.0921 0.0998 0.0968 0.1471 0.0641 0.0978 
          56  1 0.1348 0.1071 0.1063 0.0859 0.0659 0.0894 0.1080 0.1374 0.0492 0.1160 
          57  1 0.0388 0.0574 0.0703 0.0869 0.1741 0.1868 0.0763 0.2035 0.0585 0.0475 
          58  1 0.0922 0.0731 0.1287 0.0686 0.1849 0.1323 0.0961 0.0903 0.0548 0.0791 
          59  1 0.1101 0.1313 0.1336 0.1301 0.0391 0.0588 0.1076 0.1125 0.0798 0.0971 
          60  1 0.1427 0.1073 0.0665 0.0868 0.0717 0.1051 0.0967 0.1133 0.0909 0.1191 
          61  1 0.1348 0.1019 0.1108 0.0849 0.0436 0.0861 0.1044 0.0645 0.1296 0.1394 
          62  1 0.0716 0.1871 0.0902 0.0984 0.0792 0.0692 0.1026 0.1571 0.0814 0.0631 
          63  1 0.0781 0.1743 0.1137 0.1383 0.0237 0.1740 0.0978 0.0531 0.0844 0.0627 
          64  1 0.1012 0.1364 0.1447 0.1303 0.0342 0.0656 0.1038 0.1140 0.0761 0.0936 
          65  1 0.0859 0.0673 0.0557 0.0684 0.1283 0.0961 0.0905 0.1039 0.1715 0.1324 
          66  1 0.0658 0.0785 0.1174 0.1805 0.0437 0.0408 0.0918 0.1056 0.1870 0.0889 
          67  1 0.1916 0.0714 0.0812 0.0975 0.0651 0.0586 0.1003 0.0733 0.1098 0.1513 
          68  1 0.0995 0.1003 0.0834 0.1146 0.0999 0.0682 0.1165 0.0823 0.1233 0.1121 
          69  1 0.0557 0.0932 0.1316 0.0953 0.1742 0.1259 0.1010 0.0669 0.0870 0.0692 
          70  1 0.0536 0.1399 0.1851 0.1564 0.0322 0.0533 0.1218 0.1429 0.0646 0.0501 
          71  1 0.2896 0.0595 0.0629 0.0631 0.0558 0.0837 0.0734 0.1006 0.0442 0.1674 
          72  1 0.0891 0.1375 0.1231 0.1446 0.0446 0.0559 0.1071 0.1323 0.0869 0.0789 
          73  1 0.1660 0.0938 0.0331 0.0539 0.1636 0.0911 0.0680 0.1575 0.0569 0.1162 
          74  1 0.1346 0.0845 0.0704 0.0836 0.1546 0.1364 0.0780 0.0672 0.0832 0.1075 
          75  1 0.0612 0.1359 0.0892 0.1098 0.0823 0.1037 0.1006 0.1947 0.0638 0.0587 
          76  1 0.0599 0.0549 0.0547 0.0770 0.3687 0.1625 0.0568 0.0604 0.0516 0.0536 
          77  1 0.2099 0.0691 0.0684 0.0630 0.1945 0.0851 0.0719 0.0567 0.0412 0.1401 
          78  1 0.0408 0.1327 0.0747 0.0956 0.1062 0.0991 0.0983 0.2261 0.0769 0.0496 
          79  1 0.0394 0.1131 0.0380 0.0703 0.1460 0.1266 0.0708 0.2856 0.0729 0.0373 
          80  1 0.0615 0.2102 0.1342 0.1465 0.0348 0.0365 0.1119 0.1233 0.0871 0.0539 
          81  1 0.0911 0.1176 0.0878 0.1059 0.0321 0.0885 0.1177 0.0657 0.1709 0.1227 
          82  1 0.1055 0.1124 0.0832 0.1063 0.0963 0.0923 0.0891 0.1638 0.0704 0.0805 
          83  1 0.0659 0.1136 0.1020 0.1506 0.0774 0.0687 0.0964 0.1679 0.1029 0.0547 
          84  1 0.1029 0.0822 0.1053 0.0891 0.0822 0.1130 0.1160 0.1229 0.0788 0.1076 
          85  1 0.1124 0.0658 0.0844 0.0834 0.0375 0.0681 0.1023 0.0531 0.2208 0.1723 
          86  1 0.0987 0.0525 0.0906 0.0464 0.1546 0.1122 0.0974 0.0608 0.1528 0.1339 
          87  1 0.0668 0.1626 0.1307 0.1468 0.0538 0.0494 0.1082 0.1294 0.0883 0.0640 
          88  1 0.1164 0.0926 0.0723 0.0933 0.0902 0.1322 0.0912 0.1498 0.0664 0.0957 
          89  1 0.1224 0.0416 0.0572 0.0470 0.1174 0.0828 0.1035 0.0385 0.2094 0.1803 
          90  1 0.0510 0.0577 0.0626 0.0829 0.1190 0.1482 0.0980 0.2036 0.0969 0.0801 
          91  1 0.0546 0.1136 0.0882 0.1025 0.0240 0.0935 0.1069 0.0524 0.2258 0.1386 
          92  1 0.0905 0.0851 0.1115 0.0772 0.1715 0.1327 0.0943 0.1202 0.0467 0.0702 
          93  1 0.0741 0.0948 0.1110 0.0912 0.1477 0.1552 0.0955 0.0702 0.0862 0.0742 
          94  1 0.0691 0.1611 0.1191 0.1122 0.0501 0.1758 0.1018 0.0513 0.0997 0.0598 
          95  1 0.1209 0.1549 0.1021 0.1149 0.0461 0.0785 0.1108 0.1019 0.0768 0.0930 
          96  1 0.1068 0.1032 0.0915 0.1208 0.0359 0.0630 0.1067 0.0769 0.1744 0.1208 
          97  1 0.0431 0.0857 0.1433 0.2499 0.0228 0.0326 0.0948 0.1275 0.1564 0.0438 
          98  1 0.1255 0.1310 0.0787 0.1021 0.0567 0.0786 0.1094 0.1167 0.0823 0.1189 
          99  1 0.0798 0.0946 0.0894 0.1003 0.1989 0.1314 0.0790 0.0707 0.0867 0.0691 
         100  1 0.0626 0.1031 0.0745 0.1092 0.2007 0.0953 0.0846 0.1162 0.0956 0.0581 
         101  1 0.1374 0.1182 0.0967 0.1299 0.0409 0.0683 0.0996 0.0930 0.0965 0.1195 
         102  1 0.1281 0.1259 0.0929 0.1124 0.0351 0.0620 0.1018 0.0796 0.1418 0.1205 
         103  1 0.0985 0.1030 0.1343 0.1441 0.0372 0.0715 0.1116 0.0982 0.1041 0.0974 
         104  1 0.0807 0.1180 0.1344 0.1370 0.0772 0.0975 0.1034 0.0837 0.0973 0.0708 
         105  1 0.0535 0.1180 0.1460 0.1016 0.0595 0.0767 0.1345 0.1611 0.0813 0.0679 
         106  1 0.0577 0.1172 0.1081 0.1601 0.0732 0.0711 0.0924 0.1666 0.1029 0.0506 
         107  1 0.0565 0.0822 0.1387 0.2312 0.0324 0.0354 0.0984 0.1256 0.1449 0.0547 
         108  1 0.0783 0.0964 0.0768 0.0975 0.0424 0.0602 0.1261 0.0672 0.2183 0.1369 
         109  1 0.0592 0.0846 0.1542 0.0866 0.1934 0.1137 0.0972 0.1178 0.0443 0.0491 
         110  1 0.0728 0.0887 0.1062 0.0899 0.1247 0.1222 0.0979 0.0553 0.1436 0.0987 
         111  1 0.0564 0.0816 0.0797 0.0814 0.0280 0.0706 0.1070 0.0546 0.2750 0.1657 
         112  1 0.0757 0.0613 0.0582 0.0841 0.0528 0.0769 0.0942 0.0910 0.2340 0.1720 
         113  1 0.0725 0.1117 0.1723 0.0935 0.0670 0.0793 0.1217 0.0827 0.1082 0.0911 
         114  1 0.0959 0.0828 0.0778 0.0931 0.0839 0.1363 0.1016 0.1425 0.0814 0.1048 
         115  1 0.0592 0.0785 0.0647 0.0861 0.0436 0.0518 0.1430 0.0580 0.2578 0.1573 
         116  1 0.1592 0.0956 0.0969 0.0669 0.0751 0.0898 0.1084 0.0995 0.0793 0.1293 
         117  1 0.0702 0.1366 0.1426 0.0853 0.0817 0.1681 0.1124 0.0530 0.0846 0.0654 
         118  1 0.0798 0.0976 0.1053 0.1221 0.0856 0.0926 0.0977 0.1679 0.0834 0.0680 
         119  1 0.1248 0.1181 0.1035 0.0972 0.1061 0.1235 0.0947 0.0588 0.0771 0.0962 
         120  1 0.1441 0.1123 0.0884 0.0898 0.1279 0.1154 0.0926 0.0788 0.0468 0.1039 
         121  1 0.1667 0.0880 0.0763 0.0596 0.1625 0.1101 0.0862 0.0844 0.0467 0.1195 
         122  1 0.1037 0.1018 0.1377 0.1061 0.0950 0.1036 0.1101 0.0771 0.0653 0.0997 
         123  1 0.0530 0.0904 0.1128 0.1720 0.0739 0.0664 0.1004 0.1472 0.1264 0.0575 
         124  1 0.0939 0.1064 0.1142 0.1023 0.0786 0.1028 0.1062 0.0633 0.1254 0.1068 
         125  1 0.1236 0.1219 0.1276 0.1470 0.0298 0.0572 0.1045 0.0945 0.0762 0.1176 
         126  1 0.0947 0.0736 0.0776 0.0638 0.2088 0.1281 0.0878 0.0542 0.0996 0.1116 
         127  1 0.0418 0.0736 0.1120 0.0776 0.3018 0.1885 0.0840 0.0493 0.0349 0.0365 
         128  1 0.0800 0.1056 0.1202 0.1886 0.0357 0.0526 0.1008 0.1289 0.1201 0.0674 
         129  1 0.0554 0.0758 0.0352 0.0482 0.3777 0.1403 0.0541 0.1203 0.0454 0.0476 
         130  1 0.0517 0.0809 0.0548 0.0858 0.0540 0.0518 0.1397 0.0748 0.2517 0.1546 
         131  1 0.0366 0.0700 0.0768 0.0715 0.3671 0.1931 0.0606 0.0558 0.0389 0.0298 
         132  1 0.2492 0.0835 0.0725 0.0630 0.0386 0.0710 0.0976 0.0820 0.0576 0.1852 
         133  1 0.2175 0.0866 0.1064 0.0627 0.0960 0.0881 0.0932 0.0550 0.0483 0.1463 
         134  1 0.0902 0.0887 0.1256 0.1379 0.0399 0.0664 0.1127 0.0946 0.1393 0.1048 
         135  1 0.0576 0.0687 0.1223 0.0625 0.0697 0.0852 0.1137 0.0507 0.2289 0.1407 
         136  1 0.0829 0.0591 0.0476 0.0694 0.0762 0.0823 0.1024 0.1010 0.2167 0.1625 
         137  1 0.1581 0.1209 0.0977 0.1141 0.0437 0.0509 0.1074 0.0867 0.0807 0.1397 
         138  1 0.0781 0.1315 0.1630 0.1172 0.0602 0.1137 0.1069 0.0795 0.0810 0.0688 
         139  1 0.0591 0.0912 0.1390 0.1991 0.0365 0.0400 0.0935 0.1153 0.1609 0.0653 
         140  1 0.0646 0.0995 0.1241 0.2056 0.0390 0.0484 0.0937 0.1137 0.1382 0.0731 
         141  1 0.1153 0.1150 0.1381 0.1071 0.0715 0.1161 0.1065 0.0576 0.0783 0.0945 
         142  1 0.0853 0.0817 0.0909 0.1132 0.0307 0.0732 0.1011 0.0665 0.2038 0.1535 
         143  1 0.2472 0.0819 0.0976 0.0813 0.0442 0.0556 0.0900 0.0883 0.0430 0.1710 
         144  1 0.0811 0.0908 0.0516 0.0778 0.2205 0.1335 0.0663 0.1530 0.0601 0.0653 
         145  1 0.1127 0.1095 0.0968 0.1350 0.0770 0.0759 0.0922 0.1081 0.0978 0.0950 
         146  1 0.0636 0.1970 0.1176 0.1112 0.0648 0.0594 0.1020 0.1615 0.0687 0.0542 
         147  1 0.0873 0.1610 0.1390 0.1543 0.0307 0.0582 0.1113 0.1086 0.0862 0.0635 
         148  1 0.0763 0.0789 0.0913 0.0818 0.0441 0.0816 0.1095 0.0784 0.2122 0.1458 
         149  1 0.1039 0.1161 0.1056 0.1027 0.1212 0.1206 0.0854 0.0738 0.0864 0.0843 
         150  1 0.0614 0.1673 0.1169 0.1326 0.0469 0.1826 0.0950 0.0501 0.0946 0.0526 
         151  1 0.1812 0.0877 0.0911 0.1397 0.0377 0.0556 0.0922 0.0993 0.0792 0.1362 
         152  1 0.1277 0.1253 0.1109 0.1243 0.0398 0.0780 0.1054 0.1028 0.0820 0.1036 
         153  1 0.0699 0.0989 0.0359 0.0750 0.1310 0.1151 0.0707 0.2794 0.0709 0.0532 
         154  1 0.1440 0.0888 0.1029 0.0657 0.0426 0.0853 0.1027 0.0422 0.1648 0.1609 
         155  1 0.0573 0.0607 0.0473 0.0987 0.1533 0.1541 0.0723 0.2491 0.0501 0.0569 
         156  1 0.1292 0.1228 0.1430 0.1090 0.0328 0.0668 0.1230 0.1172 0.0546 0.1016 
         157  1 0.0771 0.0985 0.1471 0.1409 0.1016 0.0932 0.1079 0.0787 0.0885 0.0666 
         158  1 0.1187 0.0727 0.0596 0.0952 0.0996 0.1208 0.0888 0.1730 0.0701 0.1015 
         159  1 0.0884 0.0485 0.0452 0.0607 0.0893 0.0609 0.1159 0.0540 0.2564 0.1807 
         160  1 0.0980 0.0589 0.0558 0.0851 0.0895 0.1090 0.0898 0.1396 0.1450 0.1294 
         161  1 0.1477 0.0762 0.0590 0.0600 0.2051 0.1146 0.0765 0.1069 0.0571 0.0970 
         162  1 0.1139 0.1165 0.0768 0.0968 0.0667 0.1005 0.0968 0.1098 0.1168 0.1053 
         163  1 0.1256 0.1385 0.0758 0.1016 0.0514 0.0605 0.1250 0.1007 0.1061 0.1149 
         164  1 0.0771 0.1317 0.1419 0.0950 0.0665 0.1466 0.1025 0.0547 0.0998 0.0843 
         165  1 0.1136 0.1001 0.1306 0.0785 0.1077 0.1202 0.0977 0.0860 0.0704 0.0951 
         166  1 0.1231 0.0672 0.0641 0.0971 0.0676 0.1265 0.0944 0.1266 0.0963 0.1371 
         167  1 0.1321 0.1069 0.0814 0.0921 0.0764 0.1130 0.1001 0.1466 0.0487 0.1030 
         168  1 0.0557 0.1156 0.0856 0.1092 0.0237 0.1001 0.1094 0.0496 0.2204 0.1307 
         169  1 0.0743 0.0398 0.0358 0.0496 0.0387 0.0428 0.1221 0.0360 0.3439 0.2171 
         170  1 0.0657 0.1510 0.1640 0.1036 0.0527 0.1520 0.1158 0.0484 0.0955 0.0513 
         171  1 0.0598 0.0563 0.0865 0.0605 0.0543 0.0692 0.1112 0.0596 0.2722 0.1704 
         172  1 0.0725 0.0483 0.0680 0.0469 0.3135 0.1573 0.0746 0.0522 0.0806 0.0861 
         173  1 0.0701 0.0589 0.0467 0.0544 0.0998 0.0515 0.1305 0.0505 0.2641 0.1735 
         174  1 0.0656 0.1289 0.1527 0.2017 0.0301 0.0402 0.0947 0.1318 0.1012 0.0530 
         175  1 0.1386 0.1093 0.1028 0.0856 0.0969 0.1238 0.0955 0.0795 0.0516 0.1164 
         176  1 0.0533 0.0896 0.1315 0.2008 0.0573 0.0493 0.0914 0.1294 0.1401 0.0572 
         177  1 0.1144 0.0979 0.0892 0.0835 0.1580 0.1511 0.0850 0.0727 0.0667 0.0815 
         178  1 0.1478 0.0920 0.0581 0.0892 0.0661 0.1110 0.0925 0.0997 0.1024 0.1411 
         179  1 0.0839 0.0788 0.0865 0.1017 0.0423 0.0931 0.1093 0.0754 0.1807 0.1484 
         180  1 0.1190 0.1299 0.0756 0.0955 0.0813 0.0792 0.1010 0.1388 0.0800 0.0997 
         181  1 0.1467 0.1050 0.1186 0.1102 0.0443 0.0616 0.1146 0.1038 0.0776 0.1176 
         182  1 0.1068 0.0824 0.0845 0.0792 0.1897 0.1217 0.0910 0.0711 0.0773 0.0960 
         183  1 0.0582 0.0650 0.0983 0.0788 0.3054 0.1777 0.0792 0.0351 0.0504 0.0519 
         184  1 0.1987 0.0942 0.0703 0.0805 0.0717 0.0772 0.1061 0.0706 0.0816 0.1492 
         185  1 0.0770 0.1423 0.0988 0.1182 0.0565 0.1443 0.1038 0.1034 0.0872 0.0686 
         186  1 0.0913 0.1368 0.0855 0.0945 0.0489 0.0942 0.1224 0.0803 0.1323 0.1140 
         187  1 0.1046 0.0663 0.0488 0.0709 0.1637 0.1283 0.0885 0.1490 0.0714 0.1083 
         188  1 0.0548 0.0869 0.1154 0.0635 0.1583 0.1386 0.1095 0.0446 0.1326 0.0959 
         189  1 0.0932 0.0383 0.0366 0.0467 0.0250 0.0345 0.1330 0.0415 0.3319 0.2192 
         190  1 0.0554 0.0962 0.1194 0.1108 0.1855 0.1035 0.1123 0.0967 0.0657 0.0546 
         191  1 0.1477 0.0902 0.0802 0.0926 0.1089 0.0739 0.0951 0.0897 0.0914 0.1302 
         192  1 0.0778 0.0921 0.1389 0.0772 0.1047 0.1141 0.1130 0.0825 0.1070 0.0928 
         193  1 0.0529 0.2252 0.1349 0.1509 0.0333 0.0425 0.1043 0.1208 0.0895 0.0457 
         194  1 0.0893 0.1041 0.1237 0.1712 0.0874 0.0559 0.0852 0.1234 0.0907 0.0691 
         195  1 0.0644 0.0905 0.0854 0.1018 0.1101 0.1083 0.1016 0.1936 0.0822 0.0621 
         196  1 0.0822 0.1277 0.0922 0.1038 0.1547 0.1564 0.0803 0.0617 0.0783 0.0628 
         197  1 0.0453 0.0573 0.0470 0.0645 0.3923 0.1784 0.0538 0.0712 0.0484 0.0418 
         198  1 0.0903 0.1235 0.1160 0.1092 0.0791 0.1637 0.0858 0.0498 0.0963 0.0863 
         199  1 0.1269 0.1338 0.1002 0.1183 0.0346 0.1437 0.0916 0.0694 0.0776 0.1037 
         200  1 0.0506 0.0375 0.0490 0.0540 0.0335 0.0418 0.1071 0.0310 0.3678 0.2277 
         201  1 0.0866 0.0892 0.1151 0.0966 0.0944 0.1042 0.1129 0.1675 0.0551 0.0785 
         202  1 0.1324 0.0749 0.0914 0.0692 0.1124 0.1047 0.0947 0.0526 0.1246 0.1431 
         203  1 0.1478 0.1267 0.0997 0.1043 0.0579 0.0719 0.1022 0.0971 0.0853 0.1071 
         204  1 0.0986 0.0882 0.1094 0.0647 0.0760 0.0902 0.1141 0.0787 0.1504 0.1296 
         205  1 0.0909 0.1333 0.1083 0.1060 0.0415 0.0885 0.1233 0.0777 0.1195 0.1111 
         206  1 0.0421 0.1070 0.1489 0.2241 0.0438 0.0375 0.0949 0.1283 0.1348 0.0386 
         207  1 0.0445 0.0901 0.1452 0.2421 0.0302 0.0397 0.0895 0.1276 0.1496 0.0415 
         208  1 0.0994 0.1176 0.1334 0.1402 0.0526 0.0697 0.0991 0.1279 0.0729 0.0873 
         209  1 0.0814 0.0980 0.1319 0.1179 0.1597 0.1107 0.0931 0.0768 0.0583 0.0722 
         210  1 0.0651 0.1335 0.1339 0.1450 0.1061 0.0777 0.0977 0.0981 0.0919 0.0509 
         211  1 0.0571 0.1442 0.1479 0.1272 0.0578 0.0719 0.1137 0.1639 0.0604 0.0561 
         212  1 0.0448 0.1097 0.0888 0.1012 0.0512 0.0493 0.1462 0.0953 0.1991 0.1145 
         213  1 0.0328 0.0431 0.0522 0.0675 0.4589 0.1939 0.0502 0.0372 0.0342 0.0300 
         214  1 0.0662 0.1049 0.1462 0.1965 0.0360 0.0523 0.0956 0.1337 0.1109 0.0576 
         215  1 0.1020 0.1360 0.1279 0.1436 0.0601 0.0973 0.0852 0.0827 0.0840 0.0812 
         216  1 0.0769 0.0997 0.1782 0.0782 0.1091 0.1453 0.1209 0.0840 0.0377 0.0700 
         217  1 0.0955 0.0557 0.0522 0.0592 0.1071 0.0863 0.1170 0.0939 0.1823 0.1508 
         218  1 0.1046 0.1339 0.0882 0.1100 0.0506 0.1268 0.1065 0.1081 0.0780 0.0933 
         219  1 0.1019 0.0854 0.0897 0.0858 0.2224 0.1221 0.0773 0.0910 0.0461 0.0783 
         220  1 0.1141 0.1052 0.1205 0.1600 0.0348 0.0683 0.0958 0.0937 0.0873 0.1203 
         221  1 0.1042 0.0718 0.0592 0.0535 0.2950 0.1414 0.0668 0.0698 0.0503 0.0879 
         222  1 0.0522 0.1996 0.1527 0.1625 0.0358 0.0404 0.1013 0.1412 0.0718 0.0423 
         223  1 0.0718 0.1635 0.1165 0.1108 0.1006 0.1255 0.0939 0.0729 0.0852 0.0594 
         224  1 0.0668 0.1083 0.1361 0.0882 0.1350 0.1159 0.1086 0.1308 0.0496 0.0606 
         225  1 0.0737 0.1336 0.0999 0.1077 0.0817 0.0780 0.0948 0.1757 0.0810 0.0739 
         226  1 0.0972 0.1142 0.1427 0.0881 0.1123 0.1316 0.1113 0.0577 0.0733 0.0717 
         227  1 0.0932 0.1378 0.1227 0.0982 0.0641 0.1321 0.1093 0.0601 0.0913 0.0913 
         228  1 0.0900 0.0643 0.0598 0.0591 0.3113 0.1573 0.0711 0.0589 0.0576 0.0706 
         229  1 0.1076 0.0673 0.0400 0.0613 0.1244 0.0941 0.0985 0.1292 0.1340 0.1436 
         230  1 0.1713 0.0727 0.0784 0.0816 0.0641 0.0913 0.0955 0.1066 0.0925 0.1460 
         231  1 0.1494 0.0967 0.0878 0.0762 0.0784 0.1093 0.0999 0.0651 0.0905 0.1467 
         232  1 0.2048 0.0876 0.0646 0.0814 0.0487 0.0826 0.1035 0.0893 0.0703 0.1672 
         233  1 0.0470 0.0672 0.1116 0.0762 0.1837 0.1429 0.0916 0.1790 0.0495 0.0513 
         234  1 0.0623 0.1021 0.2059 0.0581 0.1612 0.1526 0.1118 0.0397 0.0522 0.0542 
         235  1 0.0961 0.0776 0.1067 0.0969 0.1899 0.1265 0.0849 0.0663 0.0684 0.0866 
         236  1 0.1169 0.0732 0.0750 0.0735 0.2522 0.1304 0.0730 0.0674 0.0485 0.0898 
         237  1 0.0435 0.0848 0.1444 0.2049 0.1039 0.0768 0.0898 0.0977 0.1222 0.0321 
         238  1 0.0702 0.1372 0.1197 0.1330 0.0524 0.1615 0.0841 0.0559 0.1162 0.0699 
         239  1 0.0676 0.1192 0.0896 0.1100 0.0267 0.1097 0.0995 0.0548 0.1993 0.1237 
         240  1 0.1300 0.0683 0.0656 0.0865 0.0850 0.1375 0.0848 0.1332 0.0756 0.1334 
         241  1 0.0677 0.1554 0.1478 0.1002 0.0582 0.1555 0.1077 0.0649 0.0849 0.0576 
         242  1 0.1132 0.0915 0.1041 0.0817 0.1131 0.1290 0.0943 0.0848 0.0816 0.1067 
         243  1 0.0599 0.1089 0.1260 0.1797 0.1081 0.0768 0.0826 0.1024 0.1080 0.0476 
         244  1 0.0617 0.1124 0.2075 0.0749 0.0815 0.1353 0.1310 0.0500 0.0767 0.0691 
         245  1 0.0548 0.0650 0.0437 0.0494 0.3526 0.1542 0.0571 0.1226 0.0503 0.0502 
         246  1 0.0614 0.0703 0.0349 0.0623 0.1426 0.1162 0.0881 0.1801 0.1449 0.0992 
         247  1 0.0745 0.0631 0.0597 0.0606 0.0349 0.0559 0.1235 0.0478 0.2934 0.1867 
         248  1 0.0460 0.1296 0.1735 0.0913 0.1322 0.1665 0.1100 0.0337 0.0738 0.0434 
         249  1 0.1300 0.0899 0.0712 0.1018 0.1149 0.0929 0.0855 0.1359 0.0853 0.0927 
         250  1 0.0836 0.1086 0.1168 0.1312 0.0407 0.0660 0.1193 0.1005 0.1241 0.1092 
         251  1 0.0708 0.1258 0.1014 0.1044 0.1051 0.1779 0.0907 0.0863 0.0797 0.0579 
         252  1 0.0897 0.0968 0.1133 0.1568 0.0731 0.0764 0.0804 0.1623 0.0833 0.0679 
         253  1 0.0712 0.1192 0.1763 0.0901 0.0690 0.1078 0.1230 0.0549 0.1089 0.0797 
         254  1 0.0511 0.1108 0.1822 0.1856 0.0355 0.0456 0.1074 0.1358 0.0983 0.0477 
         255  1 0.0633 0.1044 0.0840 0.1161 0.1314 0.1014 0.0917 0.1602 0.0856 0.0619 
         256  1 0.0539 0.0469 0.0461 0.0565 0.4385 0.1910 0.0472 0.0355 0.0360 0.0484 
         257  1 0.0671 0.1305 0.1769 0.1292 0.0420 0.0577 0.1243 0.1512 0.0501 0.0710 
         258  1 0.0804 0.0891 0.1377 0.1168 0.1584 0.1062 0.0882 0.0663 0.0800 0.0769 
         259  1 0.0538 0.1404 0.1338 0.1865 0.0266 0.0962 0.0918 0.0952 0.1205 0.0552 
         260  1 0.0375 0.1362 0.1543 0.2066 0.0347 0.0351 0.0953 0.1190 0.1355 0.0458 
