           1  1 0.2570 0.3363 0.2108 0.1959 
           2  1 0.3542 0.1473 0.4217 0.0769 
           3  1 0.3536 0.1448 0.4257 0.0759 
           4  1 0.3944 0.0870 0.0869 0.4317 
           5  1 0.0732 0.0842 0.5132 0.3294 
           6  1 0.0915 0.4928 0.3508 0.0649 
           7  1 0.5382 0.0871 0.1851 0.1896 
           8  1 0.1181 0.4647 0.3069 0.1103 
           9  1 0.1178 0.2336 0.2433 0.4054 
          10  1 0.1117 0.2545 0.5105 0.1233 
          11  1 0.0878 0.0857 0.4613 0.3652 
          12  1 0.1065 0.7023 0.1138 0.0774 
          13  1 0.0887 0.6209 0.0747 0.2157 
          14  1 0.0978 0.3755 0.4117 0.1151 
          15  1 0.0805 0.1006 0.1227 0.6962 
          16  1 0.2005 0.3049 0.2080 0.2866 
          17  1 0.6740 0.1224 0.1420 0.0617 
          18  1 0.1276 0.6169 0.1082 0.1473 
          19  1 0.1448 0.4726 0.1579 0.2246 
          20  1 0.4736 0.0967 0.1085 0.3212 
          21  1 0.4322 0.2309 0.0932 0.2437 
          22  1 0.4698 0.1960 0.1962 0.1380 
          23  1 0.1120 0.2670 0.1165 0.5044 
          24  1 0.4402 0.3053 0.1165 0.1379 
          25  1 0.0933 0.0743 0.7079 0.1245 
          26  1 0.1195 0.1281 0.4539 0.2986 
          27  1 0.0965 0.2202 0.5454 0.1379 
          28  1 0.1529 0.2656 0.2363 0.3451 
          29  1 0.1794 0.2317 0.4752 0.1138 
          30  1 0.1754 0.2057 0.5081 0.1108 
          31  1 0.4755 0.2445 0.1156 0.1645 
          32  1 0.2118 0.5179 0.1504 0.1198 
          33  1 0.2353 0.1253 0.3667 0.2727 
          34  1 0.0937 0.2021 0.5023 0.2018 
          35  1 0.5948 0.1845 0.1397 0.0811 
          36  1 0.1528 0.2895 0.1530 0.4047 
          37  1 0.4618 0.2937 0.1793 0.0652 
          38  1 0.1179 0.1705 0.6022 0.1095 
          39  1 0.1084 0.2329 0.1099 0.5489 
          40  1 0.1125 0.2749 0.4912 0.1213 
          41  1 0.0957 0.7164 0.1053 0.0826 
          42  1 0.1767 0.4934 0.1577 0.1722 
          43  1 0.2899 0.0723 0.4389 0.1990 
          44  1 0.4831 0.1862 0.2140 0.1168 
          45  1 0.5877 0.1127 0.2321 0.0675 
          46  1 0.0971 0.2189 0.4348 0.2492 
          47  1 0.3372 0.4789 0.0929 0.0910 
          48  1 0.1680 0.2302 0.5177 0.0841 
          49  1 0.1153 0.2009 0.4526 0.2312 
          50  1 0.0870 0.0999 0.5496 0.2636 
          51  1 0.5023 0.2945 0.0683 0.1348 
          52  1 0.1234 0.1571 0.1158 0.6038 
          53  1 0.3657 0.4159 0.1251 0.0933 
          54  1 0.2396 0.2088 0.3826 0.1691 
          55  1 0.1018 0.1155 0.4001 0.3826 
          56  1 0.1154 0.1406 0.4912 0.2528 
          57  1 0.2585 0.1056 0.5885 0.0475 
          58  1 0.3626 0.1388 0.3888 0.1098 
          59  1 0.1431 0.2155 0.1163 0.5252 
          60  1 0.1934 0.2668 0.4160 0.1238 
          61  1 0.2781 0.4228 0.1406 0.1584 
          62  1 0.0895 0.0690 0.4451 0.3963 
          63  1 0.3779 0.3770 0.1257 0.1194 
          64  1 0.1505 0.2622 0.1430 0.4444 
          65  1 0.1234 0.3290 0.4170 0.1306 
          66  1 0.1180 0.3517 0.0953 0.4350 
          67  1 0.1366 0.3289 0.1067 0.4278 
          68  1 0.1418 0.2280 0.1172 0.5129 
          69  1 0.3811 0.2346 0.0906 0.2937 
          70  1 0.0912 0.1963 0.1410 0.5715 
          71  1 0.1978 0.1610 0.5237 0.1175 
          72  1 0.1119 0.1580 0.2059 0.5241 
          73  1 0.1179 0.0807 0.6703 0.1312 
          74  1 0.4726 0.2055 0.2106 0.1113 
          75  1 0.0760 0.0960 0.5332 0.2948 
          76  1 0.3470 0.0907 0.2215 0.3408 
          77  1 0.4802 0.1079 0.0949 0.3170 
          78  1 0.0668 0.1455 0.5899 0.1978 
          79  1 0.0701 0.0892 0.7095 0.1312 
          80  1 0.0807 0.1323 0.0892 0.6977 
          81  1 0.1259 0.6286 0.1191 0.1264 
          82  1 0.1256 0.1101 0.4290 0.3353 
          83  1 0.0751 0.0760 0.3807 0.4681 
          84  1 0.1118 0.3964 0.3806 0.1111 
          85  1 0.1253 0.6405 0.1259 0.1083 
          86  1 0.3065 0.3501 0.2833 0.0601 
          87  1 0.0816 0.1297 0.1343 0.6544 
          88  1 0.1996 0.1764 0.4837 0.1403 
          89  1 0.3148 0.4739 0.1362 0.0751 
          90  1 0.0774 0.2969 0.5309 0.0948 
          91  1 0.0955 0.7320 0.0905 0.0819 
          92  1 0.3858 0.0746 0.4185 0.1211 
          93  1 0.4898 0.1854 0.2296 0.0952 
          94  1 0.5589 0.2480 0.1172 0.0760 
          95  1 0.1749 0.1833 0.1969 0.4449 
          96  1 0.1151 0.4574 0.0834 0.3441 
          97  1 0.1017 0.1773 0.0798 0.6413 
          98  1 0.1935 0.2006 0.2824 0.3235 
          99  1 0.4436 0.1474 0.1122 0.2968 
         100  1 0.1110 0.1312 0.3017 0.4560 
         101  1 0.1450 0.2793 0.1169 0.4588 
         102  1 0.1691 0.4235 0.1155 0.2919 
         103  1 0.1439 0.2682 0.1248 0.4631 
         104  1 0.3480 0.1563 0.0843 0.4114 
         105  1 0.0603 0.2503 0.4214 0.2679 
         106  1 0.0762 0.0785 0.3740 0.4714 
         107  1 0.0602 0.1304 0.1006 0.7089 
         108  1 0.1694 0.4162 0.1032 0.3112 
         109  1 0.2757 0.0720 0.4241 0.2282 
         110  1 0.4042 0.3230 0.0839 0.1888 
         111  1 0.1027 0.7297 0.1110 0.0565 
         112  1 0.0773 0.5522 0.2752 0.0953 
         113  1 0.3467 0.3538 0.1016 0.1979 
         114  1 0.1343 0.3723 0.3960 0.0973 
         115  1 0.0943 0.5550 0.0856 0.2651 
         116  1 0.2086 0.3294 0.3726 0.0895 
         117  1 0.6112 0.1993 0.1230 0.0665 
         118  1 0.0839 0.1260 0.4508 0.3393 
         119  1 0.5263 0.1380 0.0840 0.2517 
         120  1 0.4471 0.1084 0.1968 0.2477 
         121  1 0.4740 0.0925 0.3554 0.0781 
         122  1 0.4106 0.1513 0.1527 0.2854 
         123  1 0.0752 0.1322 0.3169 0.4758 
         124  1 0.3453 0.3320 0.0804 0.2423 
         125  1 0.1171 0.1900 0.0896 0.6033 
         126  1 0.4698 0.2398 0.1575 0.1329 
         127  1 0.5814 0.0567 0.1963 0.1656 
         128  1 0.1249 0.1771 0.2060 0.4920 
         129  1 0.2942 0.0619 0.5734 0.0705 
         130  1 0.0727 0.4998 0.1725 0.2549 
         131  1 0.5803 0.0591 0.2187 0.1419 
         132  1 0.3234 0.2895 0.1942 0.1930 
         133  1 0.5744 0.1553 0.1093 0.1610 
         134  1 0.1129 0.3993 0.1318 0.3561 
         135  1 0.3101 0.4506 0.1439 0.0954 
         136  1 0.0987 0.4690 0.3332 0.0991 
         137  1 0.1655 0.2212 0.0672 0.5460 
         138  1 0.4192 0.1784 0.0898 0.3126 
         139  1 0.0991 0.2077 0.0725 0.6207 
         140  1 0.1073 0.2295 0.1080 0.5552 
         141  1 0.5099 0.1974 0.0762 0.2165 
         142  1 0.1206 0.6178 0.0859 0.1757 
         143  1 0.2196 0.1224 0.1838 0.4743 
         144  1 0.3210 0.0708 0.5047 0.1035 
         145  1 0.2082 0.1596 0.1519 0.4804 
         146  1 0.0833 0.1089 0.3622 0.4456 
         147  1 0.1385 0.1304 0.1127 0.6184 
         148  1 0.1260 0.6176 0.1316 0.1248 
         149  1 0.4864 0.1294 0.1230 0.2612 
         150  1 0.6032 0.1935 0.0875 0.1158 
         151  1 0.1259 0.1571 0.1539 0.5631 
         152  1 0.2143 0.2116 0.1626 0.4115 
         153  1 0.0532 0.0707 0.7334 0.1428 
         154  1 0.2992 0.5602 0.0776 0.0631 
         155  1 0.0736 0.0744 0.6838 0.1682 
         156  1 0.1548 0.2449 0.1828 0.4174 
         157  1 0.4163 0.1221 0.1060 0.3555 
         158  1 0.1246 0.1808 0.4984 0.1962 
         159  1 0.1003 0.5407 0.1898 0.1691 
         160  1 0.1060 0.3551 0.4264 0.1125 
         161  1 0.3349 0.0936 0.4542 0.1174 
         162  1 0.1672 0.3367 0.3504 0.1457 
         163  1 0.1639 0.2417 0.2357 0.3587 
         164  1 0.5096 0.2901 0.1182 0.0821 
         165  1 0.4123 0.1927 0.2545 0.1405 
         166  1 0.1350 0.2966 0.4578 0.1106 
         167  1 0.1812 0.1421 0.5075 0.1693 
         168  1 0.1212 0.7216 0.0869 0.0703 
         169  1 0.0978 0.7204 0.0999 0.0819 
         170  1 0.5917 0.1867 0.0855 0.1361 
         171  1 0.1125 0.5573 0.2590 0.0713 
         172  1 0.5536 0.1844 0.2174 0.0446 
         173  1 0.1104 0.5173 0.0946 0.2776 
         174  1 0.0940 0.0686 0.1143 0.7231 
         175  1 0.5024 0.1178 0.2408 0.1390 
         176  1 0.1056 0.1564 0.1752 0.5627 
         177  1 0.5264 0.1109 0.2582 0.1044 
         178  1 0.1996 0.3100 0.3893 0.1011 
         179  1 0.1520 0.5837 0.1254 0.1389 
         180  1 0.0935 0.1082 0.3922 0.4062 
         181  1 0.1214 0.3425 0.1432 0.3930 
         182  1 0.4523 0.1750 0.1891 0.1836 
         183  1 0.6308 0.0999 0.0607 0.2086 
         184  1 0.2396 0.4166 0.1785 0.1653 
         185  1 0.2164 0.2846 0.3389 0.1602 
         186  1 0.2016 0.5013 0.1849 0.1123 
         187  1 0.0903 0.1217 0.6979 0.0901 
         188  1 0.5025 0.2914 0.1084 0.0976 
         189  1 0.0752 0.7133 0.0886 0.1229 
         190  1 0.2475 0.1325 0.1259 0.4942 
         191  1 0.1623 0.2664 0.1782 0.3931 
         192  1 0.3631 0.2928 0.2642 0.0799 
         193  1 0.1230 0.1073 0.1312 0.6385 
         194  1 0.1077 0.0660 0.1437 0.6826 
         195  1 0.0888 0.1130 0.5429 0.2553 
         196  1 0.5857 0.1129 0.1328 0.1686 
         197  1 0.3197 0.0943 0.3312 0.2548 
         198  1 0.6175 0.2150 0.0817 0.0859 
         199  1 0.3237 0.3436 0.1784 0.1543 
         200  1 0.1340 0.6907 0.1097 0.0655 
         201  1 0.1158 0.1556 0.5472 0.1814 
         202  1 0.4246 0.3707 0.1373 0.0674 
         203  1 0.2339 0.2669 0.1834 0.3158 
         204  1 0.1330 0.4493 0.3178 0.0999 
         205  1 0.1818 0.4977 0.1215 0.1991 
         206  1 0.0701 0.0886 0.0873 0.7539 
         207  1 0.1280 0.1393 0.0829 0.6497 
         208  1 0.1203 0.1298 0.2205 0.5294 
         209  1 0.4198 0.0740 0.0842 0.4221 
         210  1 0.2562 0.0621 0.1258 0.5559 
         211  1 0.0654 0.1155 0.3707 0.4484 
         212  1 0.0729 0.3333 0.1435 0.4503 
         213  1 0.5328 0.0676 0.1797 0.2200 
         214  1 0.1029 0.1151 0.1073 0.6747 
         215  1 0.3685 0.1222 0.0750 0.4343 
         216  1 0.4998 0.1099 0.3151 0.0752 
         217  1 0.1268 0.4312 0.3381 0.1038 
         218  1 0.1401 0.3090 0.4299 0.1210 
         219  1 0.4215 0.0945 0.2746 0.2094 
         220  1 0.1684 0.2102 0.1232 0.4982 
         221  1 0.4477 0.1560 0.3049 0.0914 
         222  1 0.0729 0.0860 0.1437 0.6974 
         223  1 0.4823 0.1532 0.1058 0.2588 
         224  1 0.3100 0.1277 0.3402 0.2220 
         225  1 0.0769 0.1021 0.4097 0.4113 
         226  1 0.5354 0.1677 0.1833 0.1136 
         227  1 0.4742 0.2896 0.0949 0.1412 
         228  1 0.4070 0.1413 0.2088 0.2429 
         229  1 0.0946 0.3139 0.4785 0.1130 
         230  1 0.1640 0.3037 0.3766 0.1557 
         231  1 0.4619 0.2446 0.1205 0.1729 
         232  1 0.1919 0.3048 0.3236 0.1797 
         233  1 0.2215 0.0890 0.6106 0.0789 
         234  1 0.5939 0.1510 0.0864 0.1688 
         235  1 0.5316 0.1265 0.1225 0.2194 
         236  1 0.5399 0.0720 0.1837 0.2044 
         237  1 0.2889 0.0684 0.0875 0.5552 
         238  1 0.4942 0.2842 0.0911 0.1305 
         239  1 0.1290 0.6433 0.1130 0.1148 
         240  1 0.1392 0.2701 0.4984 0.0923 
         241  1 0.5316 0.2371 0.1365 0.0949 
         242  1 0.4212 0.2407 0.2499 0.0882 
         243  1 0.3056 0.0757 0.0948 0.5239 
         244  1 0.4952 0.2822 0.1415 0.0812 
         245  1 0.2874 0.0924 0.5436 0.0766 
         246  1 0.0837 0.2098 0.6021 0.1043 
         247  1 0.1249 0.6778 0.1112 0.0861 
         248  1 0.7101 0.1054 0.0469 0.1377 
         249  1 0.0919 0.1104 0.4600 0.3378 
         250  1 0.1004 0.3250 0.1350 0.4396 
         251  1 0.4999 0.1542 0.2472 0.0987 
         252  1 0.1102 0.0630 0.3011 0.5257 
         253  1 0.3926 0.3206 0.1103 0.1766 
         254  1 0.0863 0.1634 0.0991 0.6513 
         255  1 0.0835 0.1061 0.4384 0.3720 
         256  1 0.5944 0.0866 0.0682 0.2507 
         257  1 0.0779 0.1863 0.2036 0.5322 
         258  1 0.3801 0.1097 0.0882 0.4219 
         259  1 0.1684 0.2131 0.0795 0.5390 
         260  1 0.0876 0.1440 0.0870 0.6814 
