           1  1 0.1227 0.1242 0.0780 0.1241 0.1131 0.1371 0.0881 0.0867 0.1261 
           2  1 0.0765 0.1342 0.0309 0.0432 0.1996 0.2699 0.0531 0.0656 0.1270 
           3  1 0.0730 0.1351 0.0315 0.0453 0.1997 0.2649 0.0530 0.0678 0.1297 
           4  1 0.1266 0.1150 0.0523 0.1329 0.0926 0.1305 0.0990 0.1411 0.1102 
           5  1 0.0586 0.0974 0.0429 0.1803 0.0820 0.1015 0.2069 0.1697 0.0607 
           6  1 0.0559 0.0848 0.2380 0.0685 0.1921 0.0962 0.0771 0.0626 0.1247 
           7  1 0.2699 0.0677 0.1125 0.0515 0.0939 0.0801 0.0998 0.0617 0.1628 
           8  1 0.0747 0.0925 0.1798 0.0803 0.2038 0.0988 0.0803 0.0710 0.1188 
           9  1 0.0604 0.2327 0.0420 0.1329 0.0783 0.0856 0.1098 0.2065 0.0518 
          10  1 0.0804 0.1441 0.0606 0.0622 0.1644 0.1761 0.1246 0.1065 0.0812 
          11  1 0.0660 0.1108 0.0515 0.1548 0.0964 0.1181 0.1948 0.1386 0.0690 
          12  1 0.0678 0.0589 0.2628 0.1040 0.2107 0.0622 0.0492 0.0424 0.1419 
          13  1 0.0368 0.0442 0.4369 0.0841 0.1090 0.0343 0.0492 0.0621 0.1434 
          14  1 0.0784 0.0986 0.1145 0.0898 0.1992 0.1244 0.0921 0.1002 0.1029 
          15  1 0.0419 0.1919 0.0512 0.1687 0.0523 0.0637 0.1253 0.2477 0.0573 
          16  1 0.1053 0.1029 0.1302 0.1291 0.0817 0.0981 0.1210 0.1212 0.1104 
          17  1 0.3494 0.0357 0.1686 0.0405 0.0494 0.0490 0.1063 0.0234 0.1776 
          18  1 0.0780 0.0814 0.2454 0.1076 0.1315 0.0913 0.0651 0.0761 0.1236 
          19  1 0.0751 0.0892 0.1400 0.1188 0.1695 0.1042 0.0827 0.0941 0.1264 
          20  1 0.2444 0.0529 0.1351 0.0988 0.0454 0.0696 0.1166 0.0995 0.1377 
          21  1 0.1788 0.0697 0.1386 0.1110 0.0903 0.0947 0.0833 0.0981 0.1355 
          22  1 0.0720 0.1038 0.0481 0.0832 0.2076 0.2139 0.0580 0.0643 0.1491 
          23  1 0.0543 0.1490 0.0641 0.1679 0.0804 0.0885 0.1128 0.2065 0.0766 
          24  1 0.1483 0.0845 0.1194 0.1104 0.1249 0.1267 0.0713 0.0564 0.1580 
          25  1 0.0670 0.1563 0.0346 0.0588 0.1086 0.1714 0.2345 0.1262 0.0425 
          26  1 0.0906 0.1293 0.0505 0.1373 0.0909 0.1439 0.1593 0.1429 0.0554 
          27  1 0.0970 0.1170 0.1219 0.0720 0.1013 0.1305 0.2056 0.0941 0.0605 
          28  1 0.0662 0.0823 0.0857 0.1805 0.0811 0.0962 0.1360 0.1807 0.0913 
          29  1 0.1034 0.1139 0.0662 0.0750 0.1277 0.1662 0.1747 0.0924 0.0806 
          30  1 0.0814 0.1340 0.0596 0.0737 0.1248 0.2039 0.1383 0.0956 0.0888 
          31  1 0.1317 0.0725 0.1690 0.1121 0.1041 0.0806 0.0985 0.0801 0.1514 
          32  1 0.1337 0.1085 0.0788 0.1504 0.1244 0.1305 0.0494 0.0593 0.1651 
          33  1 0.1574 0.1121 0.1479 0.0632 0.0903 0.1045 0.1160 0.1098 0.0987 
          34  1 0.0940 0.1269 0.0537 0.1006 0.1556 0.1333 0.1175 0.1373 0.0811 
          35  1 0.1450 0.0995 0.0532 0.1330 0.1420 0.1407 0.0499 0.0463 0.1905 
          36  1 0.0805 0.1106 0.0892 0.1534 0.0868 0.0960 0.1274 0.1759 0.0802 
          37  1 0.0901 0.1056 0.0639 0.0547 0.2429 0.1956 0.0398 0.0429 0.1645 
          38  1 0.0737 0.1364 0.0781 0.0579 0.0940 0.1389 0.2653 0.1024 0.0534 
          39  1 0.0415 0.1010 0.0911 0.1944 0.0834 0.0632 0.1247 0.2087 0.0918 
          40  1 0.0626 0.1484 0.1112 0.0718 0.1157 0.1267 0.1951 0.1012 0.0674 
          41  1 0.0519 0.0478 0.3038 0.0881 0.2118 0.0619 0.0511 0.0357 0.1478 
          42  1 0.1302 0.0933 0.1321 0.1344 0.0920 0.1274 0.0697 0.0744 0.1465 
          43  1 0.1028 0.1211 0.0397 0.0785 0.1430 0.2109 0.1010 0.1067 0.0963 
          44  1 0.1500 0.1081 0.0614 0.1223 0.1167 0.1493 0.0743 0.0593 0.1587 
          45  1 0.1131 0.1038 0.0838 0.0514 0.2045 0.1584 0.0671 0.0414 0.1765 
          46  1 0.0762 0.0938 0.1200 0.1205 0.0818 0.0997 0.1963 0.1354 0.0762 
          47  1 0.0490 0.0888 0.1176 0.0712 0.2881 0.1159 0.0309 0.0348 0.2037 
          48  1 0.1055 0.1122 0.0634 0.0616 0.1633 0.2284 0.1001 0.0767 0.0887 
          49  1 0.0939 0.1190 0.0646 0.1084 0.0988 0.1679 0.1512 0.1341 0.0621 
          50  1 0.0938 0.1005 0.0335 0.1570 0.1122 0.1600 0.1575 0.1220 0.0636 
          51  1 0.1556 0.0434 0.3241 0.0538 0.1019 0.0353 0.0707 0.0379 0.1773 
          52  1 0.0625 0.1893 0.0483 0.1585 0.0621 0.0886 0.1112 0.2210 0.0585 
          53  1 0.1125 0.0798 0.2025 0.1053 0.1424 0.0842 0.0540 0.0474 0.1718 
          54  1 0.0964 0.1403 0.0476 0.1163 0.1279 0.1725 0.0966 0.0942 0.1082 
          55  1 0.0761 0.1265 0.0564 0.1311 0.0952 0.1105 0.1706 0.1626 0.0708 
          56  1 0.0752 0.0941 0.0438 0.1436 0.1097 0.1331 0.1707 0.1473 0.0826 
          57  1 0.0920 0.1553 0.0474 0.0533 0.1466 0.2438 0.0972 0.0838 0.0807 
          58  1 0.1346 0.1098 0.0772 0.0529 0.1823 0.1634 0.0788 0.0732 0.1277 
          59  1 0.0703 0.1192 0.0728 0.1823 0.0668 0.0953 0.1256 0.1831 0.0845 
          60  1 0.0999 0.1120 0.0768 0.1066 0.1228 0.1458 0.1452 0.0813 0.1096 
          61  1 0.0924 0.0892 0.1214 0.1143 0.1736 0.1002 0.0831 0.0593 0.1665 
          62  1 0.0522 0.1090 0.0501 0.1591 0.0709 0.1045 0.2326 0.1715 0.0502 
          63  1 0.1612 0.1052 0.0317 0.1977 0.1060 0.1394 0.0322 0.0390 0.1876 
          64  1 0.0719 0.0848 0.0744 0.2025 0.0755 0.0894 0.1374 0.1705 0.0935 
          65  1 0.0800 0.0994 0.2008 0.0720 0.1510 0.0948 0.1110 0.0842 0.1067 
          66  1 0.0456 0.2290 0.1278 0.1425 0.0565 0.0409 0.0830 0.2156 0.0591 
          67  1 0.0923 0.1445 0.1540 0.1063 0.0815 0.1057 0.0925 0.1441 0.0792 
          68  1 0.0892 0.1177 0.2021 0.1052 0.0663 0.0705 0.1125 0.1467 0.0898 
          69  1 0.1719 0.0503 0.2084 0.0906 0.0801 0.0530 0.1073 0.0909 0.1474 
          70  1 0.0401 0.0959 0.0681 0.2181 0.0505 0.0450 0.1617 0.2436 0.0770 
          71  1 0.1158 0.1208 0.0398 0.0723 0.1421 0.2296 0.1099 0.0883 0.0814 
          72  1 0.0544 0.1219 0.0738 0.1882 0.0592 0.0753 0.1509 0.2116 0.0647 
          73  1 0.1105 0.1186 0.0538 0.0595 0.0930 0.1653 0.2601 0.0917 0.0476 
          74  1 0.1777 0.0951 0.1044 0.0966 0.0981 0.1226 0.0911 0.0677 0.1466 
          75  1 0.0576 0.1148 0.0397 0.1723 0.0863 0.1329 0.1691 0.1729 0.0545 
          76  1 0.2810 0.0650 0.1575 0.0572 0.0414 0.0526 0.1195 0.0778 0.1479 
          77  1 0.2421 0.0682 0.0867 0.0846 0.0702 0.1430 0.0976 0.0881 0.1195 
          78  1 0.0384 0.1351 0.0920 0.1185 0.0788 0.1099 0.2234 0.1531 0.0507 
          79  1 0.0361 0.1808 0.0529 0.0610 0.0958 0.1374 0.2803 0.1252 0.0307 
          80  1 0.0426 0.0832 0.0716 0.2216 0.0394 0.0438 0.1749 0.2529 0.0699 
          81  1 0.1108 0.0865 0.1538 0.1374 0.1281 0.1073 0.0576 0.0573 0.1612 
          82  1 0.0690 0.1340 0.0540 0.1104 0.0892 0.1265 0.1933 0.1575 0.0660 
          83  1 0.0447 0.1680 0.0399 0.1672 0.0631 0.0820 0.1807 0.2131 0.0412 
          84  1 0.0812 0.1236 0.0792 0.0794 0.1742 0.1985 0.0815 0.0791 0.1032 
          85  1 0.0574 0.0677 0.2182 0.0917 0.2361 0.0761 0.0521 0.0465 0.1542 
          86  1 0.1038 0.0717 0.2815 0.0527 0.1321 0.0931 0.0757 0.0486 0.1408 
          87  1 0.0487 0.1015 0.0708 0.2090 0.0472 0.0541 0.1574 0.2415 0.0698 
          88  1 0.0979 0.1336 0.0513 0.0908 0.1124 0.1780 0.1488 0.0977 0.0896 
          89  1 0.1033 0.0550 0.3321 0.0591 0.1483 0.0627 0.0490 0.0409 0.1498 
          90  1 0.0747 0.1549 0.0897 0.0574 0.1379 0.2217 0.1009 0.0971 0.0655 
          91  1 0.0995 0.0796 0.2018 0.1463 0.1378 0.0831 0.0376 0.0424 0.1718 
          92  1 0.1281 0.1159 0.0511 0.0548 0.1649 0.1754 0.1060 0.0778 0.1260 
          93  1 0.1944 0.0867 0.0980 0.0873 0.1175 0.1027 0.0901 0.0552 0.1681 
          94  1 0.1541 0.0976 0.0594 0.1494 0.1245 0.1315 0.0448 0.0318 0.2067 
          95  1 0.0974 0.1053 0.0647 0.1643 0.0754 0.1164 0.1390 0.1528 0.0848 
          96  1 0.0872 0.1276 0.1650 0.1354 0.0770 0.0907 0.0729 0.1329 0.1114 
          97  1 0.0312 0.2929 0.0329 0.1566 0.0300 0.0330 0.0998 0.2892 0.0344 
          98  1 0.1003 0.1457 0.0628 0.1156 0.0920 0.1392 0.1383 0.1255 0.0806 
          99  1 0.1902 0.0968 0.1541 0.0858 0.0742 0.0755 0.1019 0.0901 0.1314 
         100  1 0.1131 0.1307 0.1362 0.0907 0.0591 0.0828 0.1745 0.1397 0.0731 
         101  1 0.0934 0.1386 0.0848 0.1442 0.0801 0.1099 0.1111 0.1495 0.0882 
         102  1 0.0853 0.1070 0.1209 0.1589 0.1064 0.0880 0.0871 0.1335 0.1129 
         103  1 0.0644 0.1509 0.0713 0.1409 0.1094 0.1000 0.1009 0.1760 0.0862 
         104  1 0.1276 0.1167 0.1003 0.1346 0.0797 0.0740 0.0987 0.1426 0.1257 
         105  1 0.0363 0.0826 0.0839 0.1793 0.1076 0.0770 0.1539 0.1917 0.0875 
         106  1 0.0463 0.1638 0.0389 0.1718 0.0613 0.0845 0.1759 0.2177 0.0399 
         107  1 0.0324 0.2433 0.0502 0.1603 0.0371 0.0408 0.1083 0.2831 0.0445 
         108  1 0.0708 0.0880 0.2551 0.1176 0.0869 0.0645 0.0874 0.1111 0.1186 
         109  1 0.0969 0.1117 0.0669 0.0845 0.1571 0.1528 0.1201 0.1012 0.1088 
         110  1 0.1550 0.0733 0.2154 0.0917 0.0922 0.0667 0.0798 0.0678 0.1581 
         111  1 0.0734 0.0584 0.2507 0.1165 0.1768 0.0687 0.0421 0.0353 0.1781 
         112  1 0.0589 0.0796 0.2304 0.0790 0.2027 0.0796 0.0734 0.0656 0.1309 
         113  1 0.0816 0.0679 0.1321 0.1358 0.1507 0.0870 0.0829 0.1169 0.1451 
         114  1 0.1021 0.1228 0.0694 0.0826 0.1443 0.2188 0.0890 0.0820 0.0892 
         115  1 0.0570 0.0737 0.3802 0.0960 0.0678 0.0515 0.0740 0.0871 0.1128 
         116  1 0.1121 0.1094 0.0890 0.0783 0.1596 0.1610 0.1011 0.0737 0.1158 
         117  1 0.1493 0.0912 0.0765 0.1080 0.1521 0.1083 0.0611 0.0346 0.2188 
         118  1 0.0532 0.1641 0.0503 0.1290 0.1031 0.1218 0.1419 0.1699 0.0666 
         119  1 0.1619 0.1091 0.0955 0.1147 0.0913 0.1151 0.0769 0.0948 0.1409 
         120  1 0.1807 0.0924 0.0639 0.1104 0.0997 0.1443 0.1023 0.0807 0.1256 
         121  1 0.1683 0.0970 0.0726 0.0768 0.1167 0.1517 0.1245 0.0734 0.1190 
         122  1 0.1177 0.1152 0.0697 0.1072 0.1410 0.1140 0.0857 0.1100 0.1396 
         123  1 0.0504 0.2015 0.0599 0.1577 0.0657 0.0717 0.1203 0.2272 0.0457 
         124  1 0.1101 0.0855 0.1640 0.1333 0.1061 0.0870 0.0749 0.0943 0.1448 
         125  1 0.0692 0.1497 0.0528 0.1640 0.0687 0.1045 0.1238 0.1940 0.0732 
         126  1 0.2273 0.0632 0.1796 0.0642 0.0908 0.0733 0.0972 0.0514 0.1529 
         127  1 0.3039 0.0554 0.1164 0.0481 0.0764 0.0600 0.1140 0.0496 0.1761 
         128  1 0.0475 0.2537 0.0363 0.1476 0.0573 0.0655 0.1081 0.2407 0.0434 
         129  1 0.2161 0.0925 0.0868 0.0379 0.0757 0.1086 0.2270 0.0658 0.0896 
         130  1 0.0457 0.0659 0.3745 0.0887 0.0764 0.0547 0.0804 0.1007 0.1132 
         131  1 0.3244 0.0483 0.1261 0.0528 0.0461 0.0573 0.1367 0.0466 0.1617 
         132  1 0.1263 0.1041 0.0711 0.0924 0.1339 0.1774 0.0920 0.0955 0.1072 
         133  1 0.2182 0.1100 0.0735 0.0720 0.1344 0.1342 0.0726 0.0654 0.1197 
         134  1 0.0595 0.1403 0.1111 0.1184 0.1331 0.0927 0.0937 0.1463 0.1047 
         135  1 0.0634 0.0759 0.2629 0.0657 0.1951 0.0876 0.0455 0.0442 0.1598 
         136  1 0.0600 0.0819 0.2424 0.0741 0.1755 0.0875 0.0878 0.0626 0.1283 
         137  1 0.0930 0.1343 0.0771 0.1426 0.0735 0.1084 0.1195 0.1713 0.0803 
         138  1 0.1023 0.1340 0.0598 0.1312 0.1253 0.1246 0.0704 0.1152 0.1372 
         139  1 0.0379 0.2596 0.0779 0.1524 0.0398 0.0379 0.0954 0.2544 0.0446 
         140  1 0.0470 0.2429 0.0660 0.1507 0.0514 0.0599 0.1094 0.2265 0.0461 
         141  1 0.1590 0.1010 0.0811 0.1148 0.1242 0.1017 0.0755 0.0778 0.1650 
         142  1 0.0746 0.1028 0.2334 0.1229 0.1414 0.0771 0.0533 0.0750 0.1194 
         143  1 0.1115 0.1255 0.0364 0.1175 0.0930 0.1705 0.1159 0.1561 0.0736 
         144  1 0.1310 0.1213 0.0580 0.0718 0.0967 0.1546 0.2078 0.0733 0.0853 
         145  1 0.1121 0.1639 0.0757 0.1142 0.0730 0.0986 0.1243 0.1597 0.0785 
         146  1 0.0458 0.0742 0.0475 0.2165 0.0545 0.0769 0.2326 0.1869 0.0651 
         147  1 0.0710 0.1613 0.0299 0.1819 0.0609 0.0829 0.1070 0.2352 0.0699 
         148  1 0.0699 0.0900 0.2136 0.0906 0.1759 0.1088 0.0551 0.0655 0.1307 
         149  1 0.1650 0.0954 0.0921 0.1225 0.0860 0.0983 0.1028 0.0985 0.1395 
         150  1 0.1629 0.1066 0.0393 0.1836 0.1074 0.1249 0.0372 0.0345 0.2036 
         151  1 0.0714 0.1922 0.0447 0.1349 0.0754 0.1090 0.1142 0.1960 0.0623 
         152  1 0.0950 0.1427 0.0592 0.1542 0.0843 0.1083 0.1060 0.1596 0.0908 
         153  1 0.0374 0.1771 0.0505 0.0744 0.0949 0.1423 0.2734 0.1213 0.0288 
         154  1 0.0920 0.0685 0.1922 0.1005 0.1851 0.0909 0.0374 0.0396 0.1938 
         155  1 0.0752 0.1604 0.0359 0.0654 0.1110 0.2038 0.1712 0.1334 0.0439 
         156  1 0.0645 0.0938 0.0501 0.1932 0.0769 0.1012 0.1216 0.2077 0.0907 
         157  1 0.1443 0.1306 0.0787 0.1036 0.1111 0.0724 0.0896 0.1440 0.1257 
         158  1 0.0781 0.1692 0.0568 0.0779 0.0991 0.1734 0.1504 0.1353 0.0599 
         159  1 0.0675 0.0522 0.3551 0.0761 0.1435 0.0511 0.0592 0.0569 0.1385 
         160  1 0.0752 0.1324 0.1423 0.0582 0.1450 0.1480 0.1166 0.1004 0.0819 
         161  1 0.1610 0.0961 0.0916 0.0692 0.1051 0.1545 0.1413 0.0858 0.0954 
         162  1 0.1132 0.1154 0.0874 0.1229 0.1051 0.1296 0.1177 0.0839 0.1249 
         163  1 0.0909 0.0927 0.1395 0.1234 0.0764 0.1062 0.1578 0.1307 0.0825 
         164  1 0.1248 0.0915 0.0859 0.1168 0.1605 0.1278 0.0525 0.0435 0.1967 
         165  1 0.1088 0.1109 0.0723 0.0875 0.1639 0.1640 0.0767 0.0771 0.1388 
         166  1 0.0919 0.1140 0.0730 0.0829 0.2027 0.1465 0.1092 0.0844 0.0955 
         167  1 0.0891 0.1159 0.0383 0.1075 0.1347 0.1749 0.1391 0.1106 0.0899 
         168  1 0.1111 0.0741 0.1798 0.1564 0.1207 0.0882 0.0373 0.0322 0.2001 
         169  1 0.0478 0.0346 0.4050 0.0733 0.1617 0.0497 0.0398 0.0365 0.1516 
         170  1 0.1548 0.0944 0.0584 0.1253 0.1489 0.0949 0.0578 0.0503 0.2151 
         171  1 0.0459 0.0625 0.2719 0.0721 0.2393 0.0623 0.0497 0.0362 0.1601 
         172  1 0.2265 0.0575 0.1967 0.0485 0.0950 0.0719 0.1051 0.0348 0.1640 
         173  1 0.0784 0.0384 0.3960 0.0802 0.0846 0.0416 0.0736 0.0715 0.1359 
         174  1 0.0429 0.1907 0.0240 0.2032 0.0413 0.0515 0.1419 0.2627 0.0417 
         175  1 0.1530 0.0959 0.0467 0.0907 0.1520 0.1588 0.0915 0.0662 0.1452 
         176  1 0.0478 0.2411 0.0559 0.1548 0.0442 0.0413 0.1108 0.2630 0.0411 
         177  1 0.2083 0.0882 0.0706 0.1016 0.1069 0.1303 0.0909 0.0534 0.1497 
         178  1 0.1134 0.1048 0.0973 0.0988 0.1196 0.1434 0.1342 0.0769 0.1116 
         179  1 0.0873 0.1014 0.1759 0.1094 0.1590 0.1333 0.0544 0.0632 0.1162 
         180  1 0.0688 0.1073 0.0720 0.1410 0.0797 0.1186 0.1990 0.1486 0.0650 
         181  1 0.0744 0.0977 0.0921 0.1552 0.0926 0.1041 0.1201 0.1720 0.0917 
         182  1 0.1781 0.0773 0.1483 0.0878 0.0887 0.0973 0.0956 0.0879 0.1391 
         183  1 0.3345 0.0425 0.1537 0.0515 0.0502 0.0378 0.1061 0.0434 0.1803 
         184  1 0.1515 0.1031 0.0878 0.1023 0.1049 0.1518 0.0877 0.0869 0.1240 
         185  1 0.1309 0.1227 0.0501 0.1609 0.1001 0.1307 0.0895 0.0713 0.1437 
         186  1 0.1207 0.0962 0.1367 0.1107 0.1141 0.1087 0.0910 0.0666 0.1552 
         187  1 0.1176 0.1076 0.0762 0.0686 0.1453 0.1407 0.1772 0.0885 0.0782 
         188  1 0.1395 0.0614 0.2678 0.0722 0.1186 0.0629 0.0698 0.0413 0.1666 
         189  1 0.0405 0.0438 0.4409 0.0724 0.1111 0.0564 0.0405 0.0488 0.1456 
         190  1 0.1377 0.0664 0.1540 0.1330 0.0538 0.0512 0.1282 0.1646 0.1112 
         191  1 0.1106 0.1081 0.1510 0.1000 0.0853 0.1099 0.1237 0.1222 0.0895 
         192  1 0.1002 0.0881 0.1308 0.0785 0.2020 0.0975 0.0814 0.0632 0.1582 
         193  1 0.0504 0.1005 0.0489 0.2255 0.0445 0.0515 0.1711 0.2424 0.0653 
         194  1 0.0989 0.1591 0.0445 0.1529 0.0457 0.0683 0.1405 0.2204 0.0697 
         195  1 0.0648 0.1486 0.0615 0.1128 0.1113 0.1425 0.1506 0.1424 0.0655 
         196  1 0.2044 0.0906 0.0815 0.1170 0.0865 0.1044 0.0812 0.0619 0.1725 
         197  1 0.2820 0.0705 0.1391 0.0526 0.0489 0.0681 0.1412 0.0691 0.1285 
         198  1 0.1850 0.0848 0.0817 0.1409 0.1052 0.1022 0.0573 0.0371 0.2059 
         199  1 0.1313 0.1018 0.0497 0.1611 0.1263 0.1624 0.0593 0.0601 0.1480 
         200  1 0.0375 0.0325 0.3882 0.0731 0.2121 0.0385 0.0336 0.0240 0.1605 
         201  1 0.0636 0.1011 0.0614 0.1380 0.1184 0.1574 0.1364 0.1461 0.0777 
         202  1 0.1423 0.0637 0.1773 0.0887 0.1370 0.1042 0.0691 0.0536 0.1641 
         203  1 0.1167 0.0925 0.0804 0.1538 0.0784 0.1107 0.1205 0.1347 0.1124 
         204  1 0.0712 0.0912 0.1646 0.0793 0.2229 0.0953 0.0823 0.0639 0.1293 
         205  1 0.1073 0.1213 0.1346 0.1286 0.1133 0.0976 0.0726 0.0947 0.1300 
         206  1 0.0468 0.2032 0.0452 0.1716 0.0376 0.0362 0.1267 0.2833 0.0495 
         207  1 0.0394 0.2831 0.0357 0.1491 0.0386 0.0468 0.1057 0.2675 0.0341 
         208  1 0.0655 0.1148 0.0505 0.1893 0.0700 0.0848 0.1419 0.2062 0.0769 
         209  1 0.2165 0.0709 0.0918 0.1041 0.0753 0.0707 0.1077 0.1211 0.1418 
         210  1 0.1092 0.1159 0.0719 0.1647 0.0555 0.0527 0.1375 0.2101 0.0825 
         211  1 0.0467 0.0738 0.0538 0.2344 0.0589 0.0642 0.1834 0.2130 0.0717 
         212  1 0.0355 0.0572 0.3064 0.1362 0.0559 0.0341 0.1198 0.1548 0.1000 
         213  1 0.3791 0.0375 0.1425 0.0352 0.0351 0.0343 0.1241 0.0423 0.1698 
         214  1 0.0525 0.2347 0.0435 0.1638 0.0397 0.0632 0.1202 0.2354 0.0470 
         215  1 0.1204 0.1438 0.0473 0.1578 0.0793 0.0998 0.0975 0.1469 0.1071 
         216  1 0.0739 0.1075 0.0367 0.0513 0.2384 0.2368 0.0460 0.0443 0.1650 
         217  1 0.0792 0.0790 0.2855 0.0713 0.1228 0.0946 0.0912 0.0674 0.1090 
         218  1 0.1255 0.1180 0.0540 0.1406 0.1081 0.1470 0.0934 0.0757 0.1377 
         219  1 0.1919 0.0756 0.0883 0.1114 0.0792 0.1235 0.1094 0.1064 0.1143 
         220  1 0.0763 0.1794 0.0525 0.1404 0.0900 0.1035 0.1072 0.1766 0.0742 
         221  1 0.2467 0.0791 0.1311 0.0578 0.0808 0.1062 0.1158 0.0599 0.1226 
         222  1 0.0394 0.0817 0.0297 0.2553 0.0363 0.0440 0.1864 0.2621 0.0651 
         223  1 0.1568 0.0867 0.0788 0.1459 0.0808 0.0934 0.1031 0.0928 0.1618 
         224  1 0.0974 0.0817 0.0995 0.1301 0.1031 0.1039 0.1393 0.1375 0.1075 
         225  1 0.0539 0.1140 0.0601 0.1629 0.0729 0.0980 0.2078 0.1697 0.0607 
         226  1 0.1824 0.0976 0.0812 0.0863 0.1463 0.0873 0.0880 0.0621 0.1687 
         227  1 0.1506 0.0904 0.0842 0.1222 0.1413 0.1047 0.0690 0.0528 0.1848 
         228  1 0.2547 0.0550 0.1716 0.0613 0.0641 0.0737 0.1092 0.0601 0.1503 
         229  1 0.0847 0.1081 0.1949 0.0618 0.0988 0.1168 0.1662 0.0892 0.0796 
         230  1 0.0870 0.1096 0.0968 0.0944 0.1703 0.1340 0.1084 0.0972 0.1024 
         231  1 0.1300 0.0906 0.1406 0.0937 0.1233 0.1464 0.0702 0.0713 0.1340 
         232  1 0.1125 0.0977 0.0901 0.1133 0.1101 0.1596 0.1136 0.0974 0.1057 
         233  1 0.0835 0.1430 0.0473 0.0498 0.1851 0.2244 0.0905 0.0799 0.0964 
         234  1 0.1443 0.0717 0.1702 0.0578 0.1742 0.0804 0.0679 0.0493 0.1843 
         235  1 0.2348 0.0926 0.1073 0.0738 0.0930 0.0745 0.0971 0.0793 0.1478 
         236  1 0.2821 0.0747 0.0973 0.0689 0.0724 0.0920 0.1078 0.0621 0.1426 
         237  1 0.1370 0.1863 0.0581 0.1229 0.0476 0.0389 0.1021 0.2252 0.0817 
         238  1 0.1572 0.1198 0.0614 0.1573 0.1079 0.1042 0.0566 0.0568 0.1786 
         239  1 0.1172 0.0895 0.1469 0.1615 0.1200 0.0974 0.0450 0.0518 0.1707 
         240  1 0.1129 0.1144 0.0633 0.0783 0.1631 0.1854 0.0969 0.0934 0.0922 
         241  1 0.1286 0.1119 0.0480 0.1275 0.1524 0.1492 0.0446 0.0414 0.1964 
         242  1 0.1248 0.0895 0.0975 0.0833 0.1641 0.1543 0.0771 0.0559 0.1533 
         243  1 0.1332 0.1527 0.0587 0.1365 0.0482 0.0593 0.1160 0.2086 0.0868 
         244  1 0.0691 0.0997 0.0734 0.0648 0.2620 0.1677 0.0396 0.0378 0.1859 
         245  1 0.1975 0.0943 0.1127 0.0411 0.0894 0.1123 0.1947 0.0668 0.0911 
         246  1 0.0684 0.1261 0.1626 0.0569 0.1299 0.1253 0.1679 0.0843 0.0785 
         247  1 0.0646 0.0526 0.3408 0.0896 0.1343 0.0649 0.0457 0.0416 0.1657 
         248  1 0.2375 0.0622 0.1298 0.0906 0.0978 0.0444 0.0804 0.0404 0.2169 
         249  1 0.0820 0.1382 0.0852 0.0982 0.0860 0.1141 0.1872 0.1539 0.0553 
         250  1 0.0508 0.1715 0.1118 0.1242 0.0922 0.0898 0.0974 0.1832 0.0791 
         251  1 0.1504 0.1124 0.0454 0.1404 0.1134 0.1709 0.0695 0.0542 0.1434 
         252  1 0.0676 0.2020 0.0365 0.1254 0.0688 0.1118 0.1475 0.1951 0.0452 
         253  1 0.0891 0.0975 0.1109 0.0975 0.1823 0.1048 0.0639 0.0755 0.1784 
         254  1 0.0398 0.1692 0.0569 0.1853 0.0533 0.0391 0.1411 0.2506 0.0646 
         255  1 0.0758 0.1257 0.0920 0.1317 0.0702 0.0994 0.1807 0.1668 0.0578 
         256  1 0.3566 0.0381 0.1780 0.0416 0.0316 0.0366 0.1141 0.0362 0.1673 
         257  1 0.0488 0.0593 0.0507 0.2337 0.0711 0.0656 0.1587 0.2247 0.0874 
         258  1 0.1840 0.1073 0.1160 0.0960 0.0838 0.0668 0.1015 0.1181 0.1265 
         259  1 0.0857 0.2123 0.0559 0.1796 0.0629 0.0816 0.0901 0.1521 0.0799 
         260  1 0.0383 0.2009 0.0812 0.1726 0.0339 0.0333 0.1301 0.2626 0.0470 
