           1  1 0.1772 0.1141 0.2641 0.2176 0.1159 0.1111 
           2  1 0.2355 0.3045 0.2593 0.0982 0.0640 0.0385 
           3  1 0.2303 0.3094 0.2597 0.0992 0.0619 0.0395 
           4  1 0.1840 0.0476 0.1842 0.2398 0.0443 0.3000 
           5  1 0.0891 0.3687 0.0596 0.2137 0.0504 0.2186 
           6  1 0.0605 0.2585 0.0641 0.0830 0.4991 0.0348 
           7  1 0.3886 0.0783 0.2805 0.0950 0.0556 0.1021 
           8  1 0.0778 0.2142 0.0863 0.1266 0.4291 0.0660 
           9  1 0.0707 0.1453 0.0869 0.2568 0.0981 0.3422 
          10  1 0.0901 0.4037 0.0954 0.1699 0.1521 0.0887 
          11  1 0.0913 0.3778 0.0630 0.1922 0.0536 0.2220 
          12  1 0.0652 0.0702 0.0940 0.0840 0.6395 0.0472 
          13  1 0.0715 0.0442 0.0570 0.0645 0.6455 0.1172 
          14  1 0.0671 0.3015 0.0698 0.1882 0.3051 0.0682 
          15  1 0.0546 0.0734 0.0596 0.0950 0.0620 0.6554 
          16  1 0.1576 0.1586 0.1870 0.1618 0.1521 0.1828 
          17  1 0.4158 0.0539 0.3554 0.0729 0.0726 0.0294 
          18  1 0.0856 0.0611 0.1263 0.1575 0.4726 0.0969 
          19  1 0.0907 0.0954 0.1054 0.1880 0.3670 0.1535 
          20  1 0.3695 0.0548 0.2749 0.1334 0.0464 0.1210 
          21  1 0.2481 0.0518 0.2344 0.1769 0.1544 0.1343 
          22  1 0.2459 0.1153 0.2872 0.1887 0.0899 0.0731 
          23  1 0.0716 0.0780 0.0852 0.1757 0.1464 0.4432 
          24  1 0.2026 0.0621 0.2784 0.1871 0.1942 0.0756 
          25  1 0.0736 0.5950 0.0885 0.1314 0.0359 0.0757 
          26  1 0.0700 0.2073 0.0654 0.4063 0.0624 0.1886 
          27  1 0.1139 0.4076 0.0809 0.1645 0.1558 0.0773 
          28  1 0.1028 0.1738 0.0934 0.2650 0.1484 0.2165 
          29  1 0.1031 0.2684 0.1286 0.3375 0.1028 0.0595 
          30  1 0.1557 0.3592 0.1906 0.1193 0.1036 0.0716 
          31  1 0.2730 0.0782 0.2696 0.1300 0.1673 0.0818 
          32  1 0.1900 0.0770 0.2995 0.1776 0.1888 0.0670 
          33  1 0.3065 0.2464 0.1894 0.0586 0.0726 0.1265 
          34  1 0.0972 0.3418 0.0807 0.2425 0.1145 0.1233 
          35  1 0.2791 0.0641 0.4185 0.1200 0.0775 0.0409 
          36  1 0.0952 0.1050 0.1121 0.1706 0.1770 0.3401 
          37  1 0.1851 0.0718 0.2048 0.3417 0.1661 0.0306 
          38  1 0.0921 0.4944 0.0856 0.1696 0.0997 0.0586 
          39  1 0.0819 0.0701 0.0694 0.1526 0.1784 0.4475 
          40  1 0.0856 0.4183 0.0891 0.1323 0.1945 0.0802 
          41  1 0.0496 0.0533 0.0513 0.1258 0.6743 0.0456 
          42  1 0.1265 0.0775 0.1865 0.2802 0.2474 0.0819 
          43  1 0.2184 0.3242 0.1770 0.1303 0.0340 0.1161 
          44  1 0.2697 0.1129 0.3601 0.1057 0.0820 0.0696 
          45  1 0.3585 0.1485 0.2928 0.0851 0.0755 0.0396 
          46  1 0.1201 0.3408 0.0875 0.1517 0.1630 0.1369 
          47  1 0.1717 0.0468 0.1645 0.0880 0.4749 0.0540 
          48  1 0.1306 0.3165 0.1410 0.2400 0.1260 0.0459 
          49  1 0.0642 0.2475 0.0660 0.4066 0.0982 0.1176 
          50  1 0.0568 0.2444 0.0513 0.5035 0.0446 0.0995 
          51  1 0.3746 0.0388 0.2611 0.0578 0.2194 0.0482 
          52  1 0.0668 0.0640 0.0775 0.1830 0.0791 0.5296 
          53  1 0.1983 0.0792 0.2418 0.0927 0.3337 0.0544 
          54  1 0.1939 0.2121 0.2738 0.1543 0.0685 0.0975 
          55  1 0.0938 0.3203 0.0831 0.1841 0.0591 0.2597 
          56  1 0.0874 0.3025 0.0758 0.3369 0.0740 0.1234 
          57  1 0.1775 0.4972 0.1840 0.0627 0.0540 0.0245 
          58  1 0.2666 0.2110 0.1962 0.1694 0.0970 0.0598 
          59  1 0.0931 0.0756 0.1156 0.2065 0.1191 0.3901 
          60  1 0.1276 0.2821 0.1806 0.1931 0.1456 0.0710 
          61  1 0.1340 0.0718 0.1663 0.2182 0.3171 0.0925 
          62  1 0.0849 0.3734 0.0709 0.1513 0.0364 0.2830 
          63  1 0.2375 0.0421 0.4183 0.1969 0.0626 0.0427 
          64  1 0.1007 0.1062 0.1271 0.2498 0.1347 0.2814 
          65  1 0.1144 0.2770 0.0901 0.1051 0.3307 0.0827 
          66  1 0.0759 0.0502 0.0844 0.1022 0.2721 0.4152 
          67  1 0.0966 0.0561 0.0839 0.3028 0.1771 0.2836 
          68  1 0.1672 0.0787 0.1246 0.1516 0.1668 0.3111 
          69  1 0.3367 0.0597 0.2380 0.0836 0.1565 0.1255 
          70  1 0.0725 0.1190 0.0729 0.1277 0.1007 0.5072 
          71  1 0.0872 0.2368 0.1065 0.4527 0.0611 0.0557 
          72  1 0.0750 0.1701 0.0739 0.1344 0.0911 0.4556 
          73  1 0.0989 0.4475 0.0694 0.2869 0.0410 0.0563 
          74  1 0.2430 0.1183 0.2637 0.2098 0.1111 0.0541 
          75  1 0.0636 0.5021 0.0652 0.0922 0.0519 0.2249 
          76  1 0.3965 0.0827 0.2569 0.0875 0.0441 0.1323 
          77  1 0.2399 0.0392 0.1777 0.3958 0.0504 0.0971 
          78  1 0.0594 0.6331 0.0466 0.0659 0.0835 0.1115 
          79  1 0.0465 0.7290 0.0491 0.0584 0.0417 0.0754 
          80  1 0.0656 0.0608 0.0605 0.1000 0.0796 0.6335 
          81  1 0.1086 0.0735 0.1682 0.1483 0.4167 0.0847 
          82  1 0.1062 0.3531 0.0933 0.1445 0.0596 0.2431 
          83  1 0.0556 0.3424 0.0489 0.0849 0.0394 0.4287 
          84  1 0.1062 0.2413 0.1157 0.2276 0.2421 0.0671 
          85  1 0.0650 0.0614 0.0829 0.1346 0.5917 0.0644 
          86  1 0.2184 0.1392 0.1543 0.1418 0.3191 0.0273 
          87  1 0.0815 0.1185 0.0593 0.0995 0.0880 0.5532 
          88  1 0.1558 0.3112 0.2196 0.1594 0.0711 0.0830 
          89  1 0.1648 0.0596 0.1360 0.1760 0.4280 0.0355 
          90  1 0.0867 0.5009 0.0884 0.0886 0.1799 0.0555 
          91  1 0.0964 0.0593 0.1791 0.0793 0.5276 0.0583 
          92  1 0.2310 0.2736 0.2212 0.1455 0.0498 0.0789 
          93  1 0.2644 0.1385 0.2969 0.1214 0.1234 0.0553 
          94  1 0.2764 0.0549 0.4350 0.0983 0.1022 0.0333 
          95  1 0.1081 0.1301 0.1556 0.2252 0.0731 0.3077 
          96  1 0.0915 0.0486 0.1180 0.1472 0.3070 0.2877 
          97  1 0.0556 0.0408 0.0641 0.0842 0.0890 0.6663 
          98  1 0.1178 0.1965 0.1645 0.2226 0.0861 0.2125 
          99  1 0.3017 0.0707 0.2699 0.1065 0.0822 0.1691 
         100  1 0.2113 0.2113 0.1365 0.1089 0.0855 0.2466 
         101  1 0.0886 0.0746 0.1213 0.2304 0.1416 0.3434 
         102  1 0.0979 0.0653 0.1339 0.1699 0.2888 0.2442 
         103  1 0.0817 0.0831 0.1026 0.1658 0.1744 0.3924 
         104  1 0.1884 0.0553 0.2099 0.1100 0.1025 0.3339 
         105  1 0.0646 0.3681 0.0430 0.1657 0.2104 0.1481 
         106  1 0.0563 0.3435 0.0482 0.0845 0.0419 0.4256 
         107  1 0.0479 0.0655 0.0402 0.0840 0.0798 0.6825 
         108  1 0.0990 0.0643 0.1087 0.1132 0.3899 0.2249 
         109  1 0.2773 0.2887 0.1740 0.1079 0.0429 0.1092 
         110  1 0.2505 0.0511 0.2502 0.0954 0.2472 0.1057 
         111  1 0.0792 0.0674 0.1191 0.0719 0.6318 0.0306 
         112  1 0.0530 0.1881 0.0552 0.0897 0.5538 0.0603 
         113  1 0.1999 0.0610 0.1617 0.1735 0.3103 0.0937 
         114  1 0.1352 0.2900 0.1807 0.1582 0.1736 0.0623 
         115  1 0.0886 0.0582 0.0905 0.1055 0.4843 0.1729 
         116  1 0.1498 0.1837 0.1592 0.2979 0.1609 0.0487 
         117  1 0.3003 0.0616 0.4018 0.1019 0.1036 0.0309 
         118  1 0.0677 0.4054 0.0589 0.1158 0.0776 0.2745 
         119  1 0.2588 0.0433 0.3280 0.1460 0.0664 0.1574 
         120  1 0.2226 0.0876 0.2515 0.2845 0.0324 0.1215 
         121  1 0.2543 0.1724 0.2343 0.2568 0.0420 0.0402 
         122  1 0.2143 0.0781 0.2104 0.2067 0.0934 0.1971 
         123  1 0.0734 0.2449 0.0594 0.0790 0.0910 0.4524 
         124  1 0.1940 0.0460 0.2145 0.1534 0.2474 0.1448 
         125  1 0.0668 0.0495 0.0859 0.2202 0.0914 0.4861 
         126  1 0.2804 0.0786 0.2283 0.1536 0.1986 0.0604 
         127  1 0.4250 0.0973 0.2966 0.0642 0.0316 0.0854 
         128  1 0.0715 0.1234 0.0927 0.1345 0.0762 0.5016 
         129  1 0.2836 0.3876 0.1780 0.0871 0.0304 0.0333 
         130  1 0.0793 0.1419 0.0590 0.0898 0.4630 0.1670 
         131  1 0.4246 0.1271 0.3005 0.0510 0.0304 0.0664 
         132  1 0.1423 0.0756 0.1993 0.3994 0.1031 0.0803 
         133  1 0.2019 0.0463 0.1999 0.4027 0.0796 0.0696 
         134  1 0.0796 0.0809 0.0818 0.1636 0.2954 0.2988 
         135  1 0.1514 0.0846 0.1433 0.0895 0.4799 0.0512 
         136  1 0.0727 0.2437 0.0693 0.1023 0.4574 0.0546 
         137  1 0.0816 0.0373 0.0818 0.2697 0.1283 0.4014 
         138  1 0.2325 0.0497 0.2878 0.1243 0.0749 0.2308 
         139  1 0.0671 0.0411 0.0716 0.0883 0.1431 0.5889 
         140  1 0.0655 0.0701 0.0738 0.1166 0.1338 0.5403 
         141  1 0.2320 0.0409 0.3050 0.1573 0.1069 0.1579 
         142  1 0.0851 0.0520 0.1278 0.1282 0.4732 0.1336 
         143  1 0.0753 0.0656 0.0803 0.5457 0.0387 0.1944 
         144  1 0.1917 0.3919 0.1922 0.1327 0.0329 0.0586 
         145  1 0.1415 0.0856 0.1417 0.1990 0.0752 0.3571 
         146  1 0.0851 0.3370 0.0642 0.1462 0.0701 0.2973 
         147  1 0.0881 0.0529 0.1263 0.1375 0.0414 0.5539 
         148  1 0.1017 0.0975 0.1283 0.0990 0.4889 0.0846 
         149  1 0.2525 0.0840 0.2769 0.1408 0.0739 0.1719 
         150  1 0.2810 0.0388 0.4673 0.1034 0.0529 0.0566 
         151  1 0.0651 0.0761 0.0781 0.2936 0.0675 0.4196 
         152  1 0.1195 0.0926 0.1751 0.1970 0.0910 0.3249 
         153  1 0.0363 0.7119 0.0356 0.1021 0.0357 0.0783 
         154  1 0.1394 0.0409 0.1801 0.2023 0.4016 0.0357 
         155  1 0.0746 0.6375 0.0587 0.0875 0.0378 0.1039 
         156  1 0.0933 0.1038 0.1180 0.3082 0.1035 0.2732 
         157  1 0.2398 0.0609 0.2062 0.1429 0.0804 0.2698 
         158  1 0.0964 0.3603 0.1138 0.1951 0.0895 0.1449 
         159  1 0.1047 0.0897 0.0709 0.1285 0.5231 0.0831 
         160  1 0.0815 0.3160 0.0791 0.1586 0.2919 0.0729 
         161  1 0.2392 0.2823 0.1602 0.2134 0.0519 0.0530 
         162  1 0.1360 0.2426 0.1821 0.1614 0.1834 0.0945 
         163  1 0.1165 0.1759 0.1186 0.2521 0.1251 0.2119 
         164  1 0.2702 0.0619 0.3515 0.1052 0.1695 0.0417 
         165  1 0.2197 0.1471 0.2313 0.2004 0.1199 0.0816 
         166  1 0.0940 0.3178 0.1173 0.2089 0.1945 0.0674 
         167  1 0.1229 0.3111 0.1691 0.2641 0.0553 0.0774 
         168  1 0.1263 0.0527 0.2054 0.0858 0.4890 0.0410 
         169  1 0.0585 0.0536 0.0592 0.1055 0.6806 0.0425 
         170  1 0.2775 0.0430 0.3933 0.1033 0.0952 0.0877 
         171  1 0.0629 0.1376 0.0594 0.0820 0.6227 0.0354 
         172  1 0.3684 0.1036 0.2717 0.1016 0.1331 0.0217 
         173  1 0.1520 0.0522 0.0976 0.1174 0.4768 0.1040 
         174  1 0.0585 0.0653 0.0681 0.0969 0.0298 0.6815 
         175  1 0.2335 0.1170 0.2949 0.2290 0.0536 0.0720 
         176  1 0.0891 0.0997 0.0726 0.0948 0.0986 0.5452 
         177  1 0.2795 0.1262 0.3381 0.1438 0.0568 0.0557 
         178  1 0.1343 0.2261 0.1804 0.2416 0.1640 0.0536 
         179  1 0.1279 0.0723 0.1837 0.1207 0.4085 0.0869 
         180  1 0.0944 0.3099 0.0789 0.2078 0.0580 0.2510 
         181  1 0.0896 0.1047 0.0849 0.2807 0.1775 0.2626 
         182  1 0.2951 0.1018 0.2547 0.1388 0.1153 0.0943 
         183  1 0.4149 0.0314 0.3023 0.0851 0.0648 0.1015 
         184  1 0.1206 0.0669 0.1359 0.4481 0.1621 0.0665 
         185  1 0.1958 0.1904 0.2978 0.1305 0.0895 0.0960 
         186  1 0.1464 0.1142 0.2042 0.1713 0.2987 0.0652 
         187  1 0.1150 0.5260 0.0727 0.1516 0.0907 0.0440 
         188  1 0.3005 0.0579 0.2664 0.0821 0.2462 0.0468 
         189  1 0.0457 0.0547 0.0504 0.1538 0.6351 0.0603 
         190  1 0.2925 0.0871 0.1858 0.0906 0.0790 0.2649 
         191  1 0.1620 0.1041 0.1176 0.2617 0.1595 0.1950 
         192  1 0.2037 0.1823 0.1686 0.1191 0.2830 0.0432 
         193  1 0.0787 0.0988 0.0875 0.0931 0.0549 0.5870 
         194  1 0.1205 0.0781 0.0817 0.1496 0.0330 0.5370 
         195  1 0.0947 0.4931 0.0659 0.0932 0.0711 0.1819 
         196  1 0.3121 0.0642 0.3754 0.1096 0.0468 0.0918 
         197  1 0.3643 0.1783 0.2334 0.0747 0.0461 0.1032 
         198  1 0.2807 0.0367 0.4351 0.1241 0.0839 0.0395 
         199  1 0.2229 0.0743 0.3595 0.1767 0.0943 0.0723 
         200  1 0.0549 0.0510 0.0556 0.0716 0.7368 0.0302 
         201  1 0.1068 0.4283 0.0839 0.2131 0.0798 0.0880 
         202  1 0.2145 0.0702 0.2081 0.2149 0.2600 0.0323 
         203  1 0.1456 0.1070 0.1608 0.2695 0.1311 0.1861 
         204  1 0.0886 0.1869 0.0854 0.1616 0.4211 0.0565 
         205  1 0.1342 0.0751 0.2096 0.1381 0.2867 0.1563 
         206  1 0.0757 0.0569 0.0521 0.0635 0.0562 0.6956 
         207  1 0.0742 0.0533 0.0922 0.0875 0.0624 0.6305 
         208  1 0.1066 0.1458 0.0832 0.1798 0.0763 0.4083 
         209  1 0.2940 0.0463 0.2282 0.1208 0.0448 0.2659 
         210  1 0.1963 0.0920 0.1392 0.0877 0.0332 0.4516 
         211  1 0.0812 0.3447 0.0553 0.1403 0.0756 0.3029 
         212  1 0.1158 0.1127 0.0750 0.0816 0.3403 0.2746 
         213  1 0.4700 0.0616 0.2994 0.0540 0.0332 0.0818 
         214  1 0.0697 0.0683 0.0863 0.1279 0.0536 0.5942 
         215  1 0.1653 0.0407 0.2336 0.1252 0.0534 0.3818 
         216  1 0.2515 0.1612 0.2953 0.1910 0.0623 0.0387 
         217  1 0.1178 0.2307 0.0921 0.1483 0.3621 0.0490 
         218  1 0.1455 0.2347 0.2412 0.2338 0.0861 0.0587 
         219  1 0.2939 0.1431 0.2475 0.1807 0.0434 0.0913 
         220  1 0.0911 0.0638 0.1242 0.1821 0.0930 0.4456 
         221  1 0.3079 0.1368 0.2526 0.1791 0.0808 0.0427 
         222  1 0.0571 0.1131 0.0519 0.0892 0.0420 0.6468 
         223  1 0.2639 0.0656 0.3283 0.1127 0.0751 0.1543 
         224  1 0.2434 0.2884 0.1740 0.1104 0.0752 0.1087 
         225  1 0.0714 0.4312 0.0544 0.1126 0.0638 0.2666 
         226  1 0.2703 0.0856 0.2897 0.1765 0.1023 0.0757 
         227  1 0.2275 0.0559 0.3255 0.1621 0.1463 0.0828 
         228  1 0.3780 0.0825 0.2572 0.1107 0.0818 0.0898 
         229  1 0.0940 0.3544 0.0749 0.1658 0.2519 0.0590 
         230  1 0.0967 0.2465 0.0986 0.2655 0.2003 0.0924 
         231  1 0.2018 0.0591 0.2597 0.2532 0.1428 0.0833 
         232  1 0.0992 0.1566 0.1398 0.4134 0.1109 0.0802 
         233  1 0.1737 0.5213 0.1257 0.0741 0.0546 0.0506 
         234  1 0.3930 0.0443 0.2812 0.1118 0.0975 0.0722 
         235  1 0.3158 0.0731 0.2481 0.1500 0.0869 0.1261 
         236  1 0.3015 0.0820 0.2918 0.1774 0.0378 0.1094 
         237  1 0.1853 0.0504 0.1425 0.0648 0.0355 0.5215 
         238  1 0.2542 0.0523 0.4037 0.0970 0.1096 0.0833 
         239  1 0.1260 0.0677 0.2189 0.0974 0.4202 0.0698 
         240  1 0.1083 0.3303 0.1330 0.2246 0.1505 0.0533 
         241  1 0.2906 0.0614 0.4555 0.0773 0.0723 0.0430 
         242  1 0.2257 0.1509 0.2776 0.1571 0.1404 0.0484 
         243  1 0.1912 0.0579 0.1648 0.0796 0.0350 0.4714 
         244  1 0.2532 0.0734 0.2908 0.1272 0.2106 0.0448 
         245  1 0.2846 0.3643 0.1853 0.0767 0.0544 0.0346 
         246  1 0.0844 0.5286 0.0581 0.0832 0.1940 0.0516 
         247  1 0.0779 0.0579 0.0998 0.0926 0.6220 0.0499 
         248  1 0.3776 0.0258 0.3679 0.0703 0.0796 0.0788 
         249  1 0.1179 0.3437 0.0723 0.1860 0.0665 0.2135 
         250  1 0.0638 0.0950 0.0766 0.1326 0.2337 0.3983 
         251  1 0.2709 0.1203 0.4052 0.0925 0.0560 0.0550 
         252  1 0.0781 0.2401 0.0852 0.1553 0.0278 0.4135 
         253  1 0.2188 0.0661 0.2168 0.1167 0.2675 0.1141 
         254  1 0.0821 0.0646 0.0653 0.0929 0.1004 0.5946 
         255  1 0.1172 0.3997 0.0780 0.0844 0.0720 0.2486 
         256  1 0.4581 0.0334 0.3040 0.0823 0.0480 0.0743 
         257  1 0.1139 0.1286 0.0650 0.2751 0.1234 0.2940 
         258  1 0.2852 0.0499 0.2108 0.1234 0.0785 0.2521 
         259  1 0.1097 0.0442 0.2085 0.0989 0.0913 0.4474 
         260  1 0.0607 0.0615 0.0599 0.0629 0.0964 0.6586 
