           1  1 0.2707 0.2466 0.4827 
           2  1 0.5567 0.1033 0.3400 
           3  1 0.5553 0.1029 0.3417 
           4  1 0.1634 0.5486 0.2880 
           5  1 0.4878 0.4130 0.0992 
           6  1 0.5160 0.1138 0.3702 
           7  1 0.3710 0.3131 0.3159 
           8  1 0.4611 0.1717 0.3671 
           9  1 0.3030 0.4675 0.2295 
          10  1 0.5924 0.1651 0.2425 
          11  1 0.4458 0.4489 0.1054 
          12  1 0.2350 0.1188 0.6462 
          13  1 0.1680 0.3932 0.4388 
          14  1 0.5294 0.1753 0.2953 
          15  1 0.1396 0.7502 0.1101 
          16  1 0.2456 0.3985 0.3560 
          17  1 0.3752 0.1045 0.5203 
          18  1 0.1935 0.2432 0.5633 
          19  1 0.2486 0.3179 0.4335 
          20  1 0.2136 0.4843 0.3021 
          21  1 0.1600 0.3582 0.4818 
          22  1 0.3015 0.2171 0.4814 
          23  1 0.1675 0.5904 0.2420 
          24  1 0.1907 0.1877 0.6216 
          25  1 0.7053 0.1671 0.1276 
          26  1 0.4754 0.3651 0.1595 
          27  1 0.6043 0.2174 0.1783 
          28  1 0.2814 0.4430 0.2757 
          29  1 0.5452 0.1600 0.2948 
          30  1 0.5969 0.1479 0.2552 
          31  1 0.1824 0.2804 0.5371 
          32  1 0.2270 0.1570 0.6160 
          33  1 0.4599 0.3855 0.1546 
          34  1 0.5708 0.2611 0.1681 
          35  1 0.2480 0.1146 0.6374 
          36  1 0.2040 0.4944 0.3016 
          37  1 0.3261 0.0827 0.5912 
          38  1 0.6488 0.1594 0.1918 
          39  1 0.1536 0.6455 0.2009 
          40  1 0.5798 0.1696 0.2506 
          41  1 0.2251 0.1625 0.6124 
          42  1 0.2335 0.2343 0.5322 
          43  1 0.5407 0.2885 0.1708 
          44  1 0.3524 0.1651 0.4826 
          45  1 0.4391 0.1077 0.4532 
          46  1 0.4819 0.3528 0.1653 
          47  1 0.1969 0.1353 0.6678 
          48  1 0.6329 0.1145 0.2526 
          49  1 0.4848 0.3107 0.2045 
          50  1 0.5368 0.3310 0.1322 
          51  1 0.1486 0.2676 0.5838 
          52  1 0.1583 0.6627 0.1789 
          53  1 0.2191 0.1396 0.6413 
          54  1 0.4580 0.2037 0.3382 
          55  1 0.4116 0.4509 0.1375 
          56  1 0.4997 0.3362 0.1641 
          57  1 0.7098 0.0670 0.2232 
          58  1 0.5751 0.1477 0.2772 
          59  1 0.1513 0.6065 0.2423 
          60  1 0.4890 0.1709 0.3401 
          61  1 0.2052 0.2130 0.5818 
          62  1 0.4093 0.4880 0.1027 
          63  1 0.1894 0.1373 0.6734 
          64  1 0.1779 0.5383 0.2838 
          65  1 0.5369 0.2193 0.2438 
          66  1 0.1509 0.5749 0.2743 
          67  1 0.1602 0.5474 0.2925 
          68  1 0.1523 0.6457 0.2021 
          69  1 0.1619 0.4442 0.3939 
          70  1 0.1579 0.6596 0.1825 
          71  1 0.5805 0.1495 0.2700 
          72  1 0.2165 0.6044 0.1791 
          73  1 0.6883 0.1733 0.1385 
          74  1 0.3315 0.1610 0.5074 
          75  1 0.4944 0.3853 0.1203 
          76  1 0.3355 0.4834 0.1811 
          77  1 0.1816 0.4595 0.3588 
          78  1 0.5616 0.3033 0.1351 
          79  1 0.6920 0.1890 0.1190 
          80  1 0.1051 0.7676 0.1273 
          81  1 0.2056 0.1877 0.6067 
          82  1 0.4359 0.4208 0.1433 
          83  1 0.3662 0.5372 0.0966 
          84  1 0.5237 0.1552 0.3212 
          85  1 0.2335 0.1712 0.5953 
          86  1 0.4712 0.0989 0.4299 
          87  1 0.1466 0.7368 0.1166 
          88  1 0.5520 0.1777 0.2702 
          89  1 0.2839 0.1345 0.5816 
          90  1 0.6399 0.1350 0.2251 
          91  1 0.1819 0.1356 0.6825 
          92  1 0.5876 0.1660 0.2464 
          93  1 0.3805 0.1276 0.4919 
          94  1 0.1872 0.1018 0.7110 
          95  1 0.2222 0.5294 0.2484 
          96  1 0.1388 0.4805 0.3807 
          97  1 0.1132 0.6964 0.1904 
          98  1 0.3410 0.3862 0.2728 
          99  1 0.1926 0.4455 0.3619 
         100  1 0.3140 0.5659 0.1201 
         101  1 0.1599 0.5415 0.2986 
         102  1 0.1717 0.3965 0.4318 
         103  1 0.1804 0.5338 0.2858 
         104  1 0.1256 0.5176 0.3568 
         105  1 0.4825 0.3665 0.1510 
         106  1 0.3688 0.5337 0.0974 
         107  1 0.1174 0.7794 0.1033 
         108  1 0.1545 0.4402 0.4053 
         109  1 0.5148 0.3313 0.1538 
         110  1 0.1464 0.3116 0.5420 
         111  1 0.2198 0.0936 0.6867 
         112  1 0.4493 0.1685 0.3822 
         113  1 0.1912 0.3048 0.5040 
         114  1 0.5071 0.1347 0.3581 
         115  1 0.1588 0.4422 0.3991 
         116  1 0.4844 0.1188 0.3968 
         117  1 0.2124 0.0976 0.6900 
         118  1 0.4602 0.4107 0.1290 
         119  1 0.1410 0.3824 0.4766 
         120  1 0.3066 0.3518 0.3415 
         121  1 0.5302 0.1195 0.3503 
         122  1 0.2642 0.3816 0.3541 
         123  1 0.3408 0.5447 0.1146 
         124  1 0.1342 0.3547 0.5112 
         125  1 0.1353 0.6579 0.2067 
         126  1 0.2758 0.2263 0.4979 
         127  1 0.4145 0.2991 0.2864 
         128  1 0.2497 0.5457 0.2046 
         129  1 0.7194 0.1075 0.1731 
         130  1 0.2883 0.4206 0.2911 
         131  1 0.4304 0.2743 0.2953 
         132  1 0.2579 0.2421 0.5000 
         133  1 0.2069 0.2167 0.5764 
         134  1 0.2091 0.4644 0.3265 
         135  1 0.2919 0.1519 0.5562 
         136  1 0.4890 0.1718 0.3392 
         137  1 0.1068 0.6235 0.2697 
         138  1 0.1411 0.4204 0.4385 
         139  1 0.1074 0.7138 0.1788 
         140  1 0.1564 0.6335 0.2101 
         141  1 0.1405 0.2765 0.5830 
         142  1 0.1706 0.2628 0.5666 
         143  1 0.2431 0.5220 0.2349 
         144  1 0.6338 0.1501 0.2162 
         145  1 0.1853 0.5707 0.2439 
         146  1 0.3617 0.5228 0.1154 
         147  1 0.1492 0.6557 0.1950 
         148  1 0.2296 0.1838 0.5866 
         149  1 0.1950 0.3816 0.4234 
         150  1 0.1553 0.1549 0.6897 
         151  1 0.2051 0.6111 0.1839 
         152  1 0.2039 0.4977 0.2984 
         153  1 0.7026 0.2061 0.0912 
         154  1 0.1423 0.0996 0.7581 
         155  1 0.6671 0.2325 0.1004 
         156  1 0.2364 0.4899 0.2737 
         157  1 0.1842 0.4853 0.3305 
         158  1 0.5502 0.2627 0.1871 
         159  1 0.3337 0.3322 0.3340 
         160  1 0.5566 0.1694 0.2740 
         161  1 0.5899 0.1932 0.2169 
         162  1 0.4416 0.2060 0.3524 
         163  1 0.2530 0.4747 0.2723 
         164  1 0.2032 0.1159 0.6810 
         165  1 0.4001 0.1832 0.4167 
         166  1 0.5553 0.1487 0.2960 
         167  1 0.5719 0.1946 0.2335 
         168  1 0.1625 0.1094 0.7281 
         169  1 0.2423 0.1621 0.5955 
         170  1 0.1498 0.1878 0.6624 
         171  1 0.4463 0.1188 0.4349 
         172  1 0.4238 0.0699 0.5062 
         173  1 0.1938 0.4722 0.3340 
         174  1 0.1297 0.7619 0.1085 
         175  1 0.3924 0.1803 0.4273 
         176  1 0.2117 0.6421 0.1462 
         177  1 0.4283 0.1498 0.4219 
         178  1 0.5041 0.1440 0.3519 
         179  1 0.2411 0.1859 0.5730 
         180  1 0.3686 0.5097 0.1217 
         181  1 0.2079 0.4971 0.2950 
         182  1 0.3242 0.2879 0.3879 
         183  1 0.1331 0.3573 0.5096 
         184  1 0.2811 0.2159 0.5030 
         185  1 0.3981 0.2071 0.3948 
         186  1 0.2537 0.1602 0.5861 
         187  1 0.7445 0.1280 0.1275 
         188  1 0.2143 0.1667 0.6190 
         189  1 0.1793 0.2540 0.5668 
         190  1 0.1884 0.6277 0.1839 
         191  1 0.2238 0.5147 0.2615 
         192  1 0.4125 0.1156 0.4719 
         193  1 0.1472 0.7049 0.1479 
         194  1 0.1545 0.7460 0.0995 
         195  1 0.5557 0.3288 0.1156 
         196  1 0.2265 0.2925 0.4811 
         197  1 0.4384 0.3877 0.1739 
         198  1 0.1428 0.1224 0.7348 
         199  1 0.2569 0.1719 0.5711 
         200  1 0.2450 0.1060 0.6489 
         201  1 0.5835 0.2558 0.1607 
         202  1 0.2463 0.1012 0.6526 
         203  1 0.2426 0.4149 0.3424 
         204  1 0.4637 0.1586 0.3777 
         205  1 0.1798 0.2726 0.5476 
         206  1 0.1115 0.7964 0.0921 
         207  1 0.1187 0.6978 0.1835 
         208  1 0.2564 0.6004 0.1432 
         209  1 0.1510 0.5697 0.2792 
         210  1 0.1828 0.6598 0.1574 
         211  1 0.3463 0.5499 0.1038 
         212  1 0.2010 0.6215 0.1775 
         213  1 0.3576 0.3723 0.2701 
         214  1 0.1324 0.7337 0.1340 
         215  1 0.1252 0.5269 0.3479 
         216  1 0.5108 0.1017 0.3875 
         217  1 0.4890 0.1773 0.3337 
         218  1 0.4996 0.1651 0.3353 
         219  1 0.4132 0.3293 0.2576 
         220  1 0.1708 0.5508 0.2784 
         221  1 0.4822 0.1464 0.3715 
         222  1 0.1421 0.7550 0.1030 
         223  1 0.1661 0.3864 0.4475 
         224  1 0.4295 0.3370 0.2335 
         225  1 0.3855 0.5061 0.1084 
         226  1 0.3073 0.1483 0.5444 
         227  1 0.1567 0.1821 0.6612 
         228  1 0.3556 0.3863 0.2581 
         229  1 0.5892 0.1847 0.2261 
         230  1 0.4557 0.2120 0.3324 
         231  1 0.1983 0.2456 0.5561 
         232  1 0.3558 0.2400 0.4041 
         233  1 0.7165 0.1168 0.1667 
         234  1 0.1923 0.3166 0.4911 
         235  1 0.2367 0.3418 0.4215 
         236  1 0.3559 0.3357 0.3085 
         237  1 0.1525 0.6608 0.1866 
         238  1 0.1480 0.1714 0.6806 
         239  1 0.1964 0.1709 0.6327 
         240  1 0.5948 0.1355 0.2698 
         241  1 0.2215 0.1227 0.6558 
         242  1 0.3689 0.1255 0.5056 
         243  1 0.1545 0.6422 0.2033 
         244  1 0.2580 0.1091 0.6329 
         245  1 0.6893 0.1193 0.1913 
         246  1 0.6770 0.1668 0.1562 
         247  1 0.2168 0.1544 0.6288 
         248  1 0.0933 0.2668 0.6399 
         249  1 0.4443 0.4408 0.1149 
         250  1 0.1995 0.5253 0.2752 
         251  1 0.4014 0.1336 0.4650 
         252  1 0.3202 0.5729 0.1069 
         253  1 0.1844 0.2664 0.5492 
         254  1 0.1325 0.7231 0.1444 
         255  1 0.4141 0.4782 0.1077 
         256  1 0.1599 0.4583 0.3818 
         257  1 0.2431 0.6247 0.1322 
         258  1 0.1579 0.5559 0.2862 
         259  1 0.1190 0.6064 0.2745 
         260  1 0.1085 0.7528 0.1387 
