           1  1 0.1212 0.1738 0.0747 0.0973 0.0445 0.1430 0.1511 0.1056 0.0889 
           2  1 0.1080 0.1060 0.3031 0.0587 0.0347 0.0633 0.1257 0.0891 0.1115 
           3  1 0.1076 0.1061 0.3004 0.0625 0.0340 0.0638 0.1233 0.0879 0.1145 
           4  1 0.0940 0.0991 0.0856 0.0954 0.1187 0.1203 0.1053 0.1449 0.1368 
           5  1 0.1354 0.0756 0.0868 0.0720 0.0540 0.1614 0.1147 0.1843 0.1158 
           6  1 0.1001 0.1224 0.1930 0.2567 0.0308 0.0680 0.0866 0.0863 0.0560 
           7  1 0.0633 0.0645 0.1131 0.0518 0.4304 0.0579 0.0624 0.0683 0.0884 
           8  1 0.0959 0.1275 0.1609 0.2030 0.0446 0.0810 0.1015 0.0985 0.0870 
           9  1 0.1460 0.0873 0.0761 0.0834 0.0260 0.1108 0.1135 0.0965 0.2603 
          10  1 0.1470 0.1090 0.1677 0.0867 0.0268 0.0907 0.1411 0.1115 0.1196 
          11  1 0.1383 0.0857 0.0936 0.0795 0.0562 0.1329 0.1334 0.1507 0.1297 
          12  1 0.0606 0.1382 0.1808 0.2914 0.0291 0.0861 0.0761 0.0743 0.0634 
          13  1 0.0404 0.1219 0.1903 0.3634 0.0431 0.0559 0.0445 0.0757 0.0648 
          14  1 0.1008 0.1216 0.1455 0.1501 0.0360 0.1013 0.1172 0.1479 0.0797 
          15  1 0.1267 0.0569 0.0648 0.0948 0.0361 0.1307 0.1007 0.1225 0.2668 
          16  1 0.1139 0.1298 0.0866 0.0991 0.0763 0.1576 0.1249 0.1256 0.0861 
          17  1 0.0510 0.0595 0.0562 0.0481 0.6197 0.0448 0.0508 0.0367 0.0333 
          18  1 0.0741 0.1535 0.1377 0.2191 0.0387 0.1003 0.1131 0.0908 0.0728 
          19  1 0.0811 0.1310 0.1361 0.1778 0.0435 0.1079 0.1048 0.1197 0.0983 
          20  1 0.0574 0.0644 0.0549 0.0564 0.4214 0.0884 0.0664 0.1242 0.0665 
          21  1 0.0793 0.1226 0.0757 0.1027 0.2224 0.1079 0.0925 0.1209 0.0759 
          22  1 0.0878 0.1091 0.2575 0.0888 0.0501 0.0900 0.1017 0.1008 0.1142 
          23  1 0.1007 0.0858 0.0880 0.1021 0.0305 0.1517 0.1107 0.1737 0.1568 
          24  1 0.1023 0.1626 0.0816 0.1125 0.1305 0.1262 0.1358 0.0787 0.0698 
          25  1 0.2324 0.1061 0.1215 0.0519 0.0329 0.0988 0.1630 0.1109 0.0825 
          26  1 0.1379 0.1118 0.0561 0.0935 0.0507 0.1121 0.1427 0.1374 0.1577 
          27  1 0.1815 0.1078 0.0987 0.1061 0.1115 0.0799 0.1240 0.1190 0.0717 
          28  1 0.0764 0.0903 0.0978 0.1029 0.0473 0.1697 0.0993 0.2204 0.0959 
          29  1 0.1507 0.1439 0.0884 0.0981 0.0405 0.1158 0.1584 0.1293 0.0749 
          30  1 0.1716 0.1137 0.1518 0.0722 0.0403 0.0953 0.1541 0.0954 0.1056 
          31  1 0.0882 0.1253 0.1044 0.1116 0.1727 0.1234 0.1040 0.1067 0.0637 
          32  1 0.1176 0.2041 0.0842 0.0967 0.0303 0.1747 0.1545 0.0793 0.0586 
          33  1 0.1012 0.0630 0.1172 0.0694 0.2787 0.0574 0.0843 0.0849 0.1438 
          34  1 0.1185 0.1120 0.1046 0.0779 0.0536 0.1163 0.1267 0.1917 0.0987 
          35  1 0.1305 0.1889 0.1146 0.0818 0.0665 0.1478 0.1457 0.0727 0.0516 
          36  1 0.1099 0.0932 0.0912 0.1228 0.0504 0.1423 0.1259 0.1264 0.1379 
          37  1 0.0826 0.1346 0.2518 0.1247 0.0439 0.0721 0.0923 0.0934 0.1046 
          38  1 0.2477 0.1029 0.1025 0.0647 0.0734 0.0964 0.1441 0.0977 0.0706 
          39  1 0.0770 0.0688 0.1291 0.1130 0.0314 0.1626 0.0777 0.1917 0.1488 
          40  1 0.2153 0.1052 0.1202 0.1009 0.0465 0.0833 0.1441 0.0955 0.0890 
          41  1 0.0511 0.1436 0.1797 0.3271 0.0326 0.0625 0.0644 0.0765 0.0624 
          42  1 0.0934 0.1742 0.0753 0.1278 0.0461 0.1626 0.1473 0.1171 0.0562 
          43  1 0.0962 0.0925 0.2016 0.0485 0.1042 0.0838 0.1137 0.1382 0.1213 
          44  1 0.1235 0.1539 0.1144 0.0624 0.1221 0.1386 0.1362 0.0696 0.0793 
          45  1 0.0979 0.0971 0.2612 0.0765 0.1593 0.0565 0.0909 0.0636 0.0970 
          46  1 0.1487 0.0973 0.0987 0.1083 0.0853 0.1213 0.1056 0.1512 0.0835 
          47  1 0.0790 0.1073 0.3100 0.1800 0.0532 0.0547 0.0650 0.0462 0.1047 
          48  1 0.1082 0.1244 0.1581 0.0985 0.0455 0.0901 0.1496 0.1255 0.1002 
          49  1 0.1274 0.1309 0.0791 0.0985 0.0388 0.1150 0.1368 0.1834 0.0901 
          50  1 0.0945 0.1197 0.0709 0.0846 0.0386 0.1538 0.1404 0.2116 0.0859 
          51  1 0.0523 0.0795 0.1511 0.1395 0.3670 0.0510 0.0511 0.0550 0.0534 
          52  1 0.1177 0.0815 0.0546 0.1121 0.0359 0.1192 0.1150 0.1113 0.2527 
          53  1 0.0941 0.1393 0.1558 0.1844 0.1095 0.0900 0.1030 0.0604 0.0635 
          54  1 0.1391 0.1524 0.1255 0.0659 0.0327 0.1362 0.1459 0.0960 0.1064 
          55  1 0.1481 0.0851 0.0871 0.0735 0.0712 0.1260 0.1275 0.1644 0.1170 
          56  1 0.1119 0.0963 0.1107 0.0830 0.0458 0.1457 0.1274 0.1908 0.0885 
          57  1 0.1679 0.1071 0.2081 0.0457 0.0656 0.0730 0.1450 0.1025 0.0850 
          58  1 0.0893 0.1018 0.2042 0.0865 0.1604 0.0626 0.0906 0.0965 0.1079 
          59  1 0.1023 0.1025 0.0791 0.1062 0.0398 0.1630 0.1024 0.1784 0.1262 
          60  1 0.1510 0.1420 0.0872 0.0999 0.0505 0.1330 0.1525 0.1103 0.0735 
          61  1 0.0912 0.1480 0.1269 0.1611 0.0553 0.1142 0.1263 0.1002 0.0767 
          62  1 0.1806 0.0858 0.0785 0.0678 0.0494 0.1495 0.1336 0.1089 0.1459 
          63  1 0.1293 0.2545 0.0472 0.0528 0.0229 0.2251 0.1705 0.0568 0.0408 
          64  1 0.0931 0.1058 0.0824 0.1004 0.0374 0.1743 0.1074 0.1997 0.0996 
          65  1 0.1233 0.1104 0.1403 0.1968 0.0994 0.0623 0.0891 0.0873 0.0910 
          66  1 0.1232 0.0677 0.0741 0.1560 0.0441 0.0883 0.0941 0.0484 0.3040 
          67  1 0.0834 0.1195 0.0697 0.1485 0.0891 0.1126 0.0931 0.1364 0.1477 
          68  1 0.1071 0.0885 0.0747 0.1270 0.1371 0.1116 0.0892 0.1127 0.1521 
          69  1 0.0571 0.0697 0.1102 0.1021 0.3270 0.0870 0.0583 0.1095 0.0792 
          70  1 0.0803 0.0638 0.0866 0.0698 0.0327 0.2030 0.0787 0.2551 0.1300 
          71  1 0.1061 0.1552 0.1014 0.0896 0.0302 0.1034 0.1488 0.1730 0.0922 
          72  1 0.1093 0.0717 0.0809 0.0993 0.0398 0.1568 0.1101 0.1553 0.1768 
          73  1 0.2155 0.1019 0.0837 0.0527 0.1208 0.0874 0.1411 0.1170 0.0798 
          74  1 0.1213 0.1420 0.0720 0.0839 0.1959 0.1118 0.1183 0.0894 0.0653 
          75  1 0.1475 0.0819 0.1112 0.0720 0.0278 0.1553 0.1379 0.1513 0.1152 
          76  1 0.0619 0.0508 0.0427 0.0469 0.5281 0.0565 0.0542 0.0666 0.0923 
          77  1 0.0597 0.1052 0.0468 0.0849 0.2956 0.0887 0.0985 0.1510 0.0697 
          78  1 0.2185 0.0820 0.1219 0.0762 0.0311 0.1113 0.1299 0.1461 0.0830 
          79  1 0.3140 0.0923 0.1120 0.0426 0.0270 0.0731 0.1674 0.0997 0.0719 
          80  1 0.0839 0.0594 0.0726 0.0931 0.0500 0.2051 0.0963 0.1856 0.1541 
          81  1 0.0942 0.1809 0.1048 0.1431 0.0286 0.1683 0.1401 0.0798 0.0602 
          82  1 0.1788 0.0908 0.0954 0.0690 0.0640 0.1143 0.1344 0.1272 0.1262 
          83  1 0.1895 0.0645 0.0627 0.0661 0.0396 0.1061 0.1384 0.0956 0.2375 
          84  1 0.1018 0.1212 0.1992 0.0992 0.0269 0.0936 0.1308 0.1233 0.1041 
          85  1 0.0642 0.1411 0.1805 0.2692 0.0298 0.0740 0.0797 0.0821 0.0793 
          86  1 0.0787 0.1187 0.1782 0.1913 0.1708 0.0496 0.0686 0.0858 0.0585 
          87  1 0.0925 0.0585 0.0764 0.0930 0.0619 0.1848 0.0913 0.1656 0.1761 
          88  1 0.1720 0.1374 0.1077 0.0680 0.0408 0.1199 0.1644 0.1010 0.0888 
          89  1 0.0470 0.1386 0.1644 0.2760 0.1522 0.0504 0.0601 0.0656 0.0456 
          90  1 0.1502 0.1127 0.1927 0.0955 0.0174 0.0717 0.1537 0.1108 0.0952 
          91  1 0.0848 0.1761 0.1465 0.2160 0.0201 0.1374 0.1176 0.0544 0.0471 
          92  1 0.1234 0.1055 0.1869 0.0671 0.1359 0.0715 0.1091 0.0964 0.1043 
          93  1 0.1056 0.1221 0.1123 0.0838 0.2186 0.1105 0.1108 0.0747 0.0616 
          94  1 0.1275 0.2151 0.0916 0.0759 0.0611 0.1767 0.1585 0.0531 0.0404 
          95  1 0.1212 0.1284 0.0587 0.0901 0.0474 0.1681 0.1342 0.1366 0.1154 
          96  1 0.0898 0.1300 0.0908 0.1601 0.0470 0.1392 0.1051 0.1022 0.1356 
          97  1 0.1570 0.0448 0.0351 0.0835 0.0248 0.0991 0.0951 0.0488 0.4117 
          98  1 0.1486 0.1313 0.0672 0.1013 0.0361 0.1501 0.1507 0.1095 0.1050 
          99  1 0.0955 0.0906 0.0653 0.0743 0.3012 0.0982 0.0967 0.0737 0.1045 
         100  1 0.1539 0.0704 0.0686 0.0779 0.2064 0.0925 0.0918 0.0966 0.1419 
         101  1 0.1030 0.1230 0.0655 0.1058 0.0436 0.1576 0.1337 0.1323 0.1356 
         102  1 0.0985 0.1304 0.0942 0.1506 0.0423 0.1345 0.1133 0.0970 0.1392 
         103  1 0.1020 0.1008 0.1058 0.1116 0.0286 0.1256 0.1103 0.1415 0.1737 
         104  1 0.1077 0.1031 0.0778 0.0878 0.1396 0.1249 0.1043 0.1146 0.1402 
         105  1 0.0949 0.0688 0.1345 0.0964 0.0240 0.1645 0.0901 0.2448 0.0820 
         106  1 0.1872 0.0667 0.0626 0.0680 0.0388 0.1058 0.1322 0.0995 0.2393 
         107  1 0.1363 0.0416 0.0503 0.0846 0.0376 0.1080 0.0902 0.0969 0.3545 
         108  1 0.0804 0.1199 0.1247 0.2187 0.0556 0.1094 0.0931 0.0879 0.1105 
         109  1 0.0977 0.0782 0.2008 0.0622 0.1484 0.0744 0.0892 0.1173 0.1317 
         110  1 0.0732 0.1094 0.1100 0.1360 0.2470 0.0979 0.0785 0.0733 0.0747 
         111  1 0.0647 0.1469 0.1879 0.2706 0.0222 0.1077 0.0927 0.0608 0.0464 
         112  1 0.0974 0.1194 0.1745 0.2596 0.0290 0.0719 0.0910 0.0812 0.0760 
         113  1 0.0643 0.1012 0.1723 0.1321 0.0895 0.1185 0.0822 0.1618 0.0780 
         114  1 0.1175 0.1309 0.1696 0.0883 0.0274 0.1057 0.1539 0.1058 0.1008 
         115  1 0.0636 0.1227 0.1493 0.2713 0.0493 0.0961 0.0655 0.1001 0.0822 
         116  1 0.1186 0.1458 0.1238 0.1081 0.0592 0.1137 0.1385 0.1164 0.0759 
         117  1 0.1126 0.1589 0.1325 0.0863 0.1350 0.1315 0.1296 0.0590 0.0546 
         118  1 0.1591 0.0840 0.1186 0.0757 0.0409 0.1044 0.1212 0.1261 0.1701 
         119  1 0.1016 0.1338 0.0715 0.0872 0.1774 0.1202 0.1171 0.0771 0.1141 
         120  1 0.1041 0.1465 0.0540 0.0670 0.1754 0.1331 0.1300 0.1133 0.0766 
         121  1 0.1147 0.1304 0.0935 0.0642 0.1857 0.1067 0.1195 0.1232 0.0621 
         122  1 0.0958 0.0993 0.1351 0.1045 0.1217 0.1046 0.1085 0.0997 0.1307 
         123  1 0.1462 0.0581 0.0747 0.0890 0.0488 0.0921 0.1218 0.0801 0.2891 
         124  1 0.0794 0.1299 0.1099 0.1310 0.1212 0.1225 0.1051 0.1244 0.0767 
         125  1 0.1059 0.0960 0.0660 0.1158 0.0300 0.1520 0.1240 0.1498 0.1604 
         126  1 0.0664 0.0968 0.0975 0.1247 0.3451 0.0702 0.0731 0.0687 0.0575 
         127  1 0.0629 0.0564 0.1080 0.0374 0.4968 0.0548 0.0573 0.0546 0.0718 
         128  1 0.1562 0.0691 0.0577 0.0815 0.0270 0.1139 0.1229 0.0717 0.3001 
         129  1 0.1794 0.0689 0.0807 0.0322 0.3598 0.0600 0.0979 0.0685 0.0527 
         130  1 0.0791 0.1130 0.1559 0.2693 0.0463 0.0858 0.0735 0.0941 0.0830 
         131  1 0.0765 0.0557 0.0561 0.0333 0.5472 0.0604 0.0664 0.0465 0.0579 
         132  1 0.1049 0.1601 0.0806 0.1260 0.0386 0.1186 0.1492 0.1428 0.0792 
         133  1 0.0853 0.1258 0.0958 0.1093 0.1620 0.0972 0.1187 0.1247 0.0811 
         134  1 0.1053 0.0960 0.1305 0.1485 0.0334 0.1028 0.0966 0.1169 0.1700 
         135  1 0.0672 0.1167 0.2347 0.2703 0.0684 0.0507 0.0608 0.0552 0.0761 
         136  1 0.1050 0.1269 0.1604 0.2362 0.0485 0.0735 0.0942 0.0950 0.0604 
         137  1 0.1005 0.1058 0.0673 0.1299 0.0578 0.1370 0.1143 0.1478 0.1394 
         138  1 0.1071 0.1178 0.1386 0.0785 0.0757 0.1283 0.1087 0.0907 0.1545 
         139  1 0.1388 0.0524 0.0534 0.1146 0.0393 0.0990 0.0952 0.0551 0.3522 
         140  1 0.1407 0.0628 0.0579 0.1119 0.0372 0.1102 0.1059 0.0650 0.3083 
         141  1 0.1068 0.1439 0.1012 0.0978 0.1374 0.1214 0.1133 0.0823 0.0959 
         142  1 0.0754 0.1548 0.1441 0.2241 0.0280 0.0967 0.0985 0.0776 0.1007 
         143  1 0.0963 0.1229 0.0635 0.1037 0.0474 0.1350 0.1461 0.1689 0.1162 
         144  1 0.2021 0.1063 0.0916 0.0443 0.1789 0.0854 0.1332 0.0881 0.0702 
         145  1 0.1363 0.0993 0.0556 0.0867 0.1162 0.1148 0.1160 0.1009 0.1742 
         146  1 0.1305 0.0656 0.0860 0.0810 0.0481 0.1830 0.1006 0.2086 0.0965 
         147  1 0.1135 0.0969 0.0608 0.0757 0.0353 0.1686 0.1130 0.1216 0.2146 
         148  1 0.0769 0.1359 0.1929 0.2318 0.0252 0.0828 0.0941 0.0715 0.0889 
         149  1 0.1063 0.1196 0.0764 0.0774 0.1936 0.1205 0.1161 0.0989 0.0911 
         150  1 0.1364 0.2345 0.0586 0.0580 0.0608 0.1974 0.1614 0.0442 0.0487 
         151  1 0.1222 0.1021 0.0534 0.1048 0.0398 0.1284 0.1303 0.1224 0.1966 
         152  1 0.1136 0.1202 0.0731 0.0943 0.0478 0.1477 0.1333 0.1370 0.1329 
         153  1 0.2992 0.0919 0.1050 0.0458 0.0229 0.0771 0.1658 0.1079 0.0845 
         154  1 0.0774 0.1655 0.1567 0.1995 0.0497 0.1078 0.1008 0.0913 0.0512 
         155  1 0.2047 0.0916 0.1402 0.0454 0.0514 0.0701 0.1555 0.1198 0.1214 
         156  1 0.0837 0.1029 0.0878 0.0887 0.0263 0.1784 0.0990 0.2337 0.0996 
         157  1 0.0977 0.0792 0.1075 0.0857 0.1856 0.0857 0.0913 0.0826 0.1848 
         158  1 0.1589 0.1100 0.1127 0.0767 0.0388 0.0960 0.1551 0.1144 0.1374 
         159  1 0.0547 0.1334 0.1577 0.2966 0.0980 0.0550 0.0577 0.0828 0.0642 
         160  1 0.1265 0.1140 0.1502 0.1589 0.0394 0.0731 0.1229 0.1022 0.1129 
         161  1 0.1165 0.1064 0.0985 0.0699 0.2117 0.0810 0.1150 0.1284 0.0726 
         162  1 0.1514 0.1523 0.0858 0.0918 0.0522 0.1514 0.1453 0.1010 0.0688 
         163  1 0.1197 0.1170 0.0726 0.1163 0.0585 0.1473 0.1333 0.1304 0.1049 
         164  1 0.1112 0.1619 0.1607 0.1076 0.0764 0.1289 0.1217 0.0757 0.0558 
         165  1 0.1059 0.1298 0.1724 0.0968 0.0961 0.0947 0.1122 0.1013 0.0909 
         166  1 0.1241 0.1329 0.1217 0.1134 0.0349 0.1071 0.1424 0.1380 0.0855 
         167  1 0.1398 0.1272 0.1147 0.0754 0.0318 0.1255 0.1519 0.1468 0.0869 
         168  1 0.0834 0.2036 0.1244 0.1732 0.0211 0.1715 0.1383 0.0485 0.0360 
         169  1 0.0412 0.1509 0.1821 0.3711 0.0469 0.0531 0.0518 0.0653 0.0376 
         170  1 0.1178 0.1767 0.1149 0.0763 0.1053 0.1519 0.1258 0.0546 0.0766 
         171  1 0.0657 0.1252 0.2309 0.3112 0.0306 0.0469 0.0621 0.0623 0.0649 
         172  1 0.0674 0.0837 0.1123 0.0916 0.4136 0.0566 0.0652 0.0670 0.0427 
         173  1 0.0397 0.1186 0.1472 0.2943 0.1394 0.0700 0.0475 0.0958 0.0474 
         174  1 0.1453 0.0524 0.0419 0.0768 0.0259 0.1276 0.1064 0.0986 0.3250 
         175  1 0.1158 0.1361 0.1258 0.0921 0.1000 0.1093 0.1417 0.0896 0.0895 
         176  1 0.1501 0.0471 0.0458 0.0948 0.0569 0.0945 0.0993 0.0541 0.3574 
         177  1 0.1074 0.1482 0.0877 0.0611 0.2137 0.1114 0.1218 0.0843 0.0645 
         178  1 0.1312 0.1562 0.0866 0.1136 0.0564 0.1213 0.1581 0.1152 0.0614 
         179  1 0.0827 0.1289 0.1730 0.2003 0.0289 0.0912 0.1120 0.0723 0.1106 
         180  1 0.1607 0.0945 0.0706 0.0821 0.0662 0.1315 0.1329 0.1467 0.1149 
         181  1 0.0847 0.1025 0.1005 0.1100 0.0487 0.1560 0.1015 0.1875 0.1086 
         182  1 0.0786 0.1026 0.0940 0.0932 0.2553 0.0948 0.0932 0.1106 0.0778 
         183  1 0.0482 0.0532 0.0520 0.0509 0.5924 0.0530 0.0455 0.0445 0.0603 
         184  1 0.0892 0.1679 0.0598 0.1052 0.0935 0.1380 0.1470 0.1349 0.0645 
         185  1 0.1469 0.1910 0.0684 0.0545 0.0427 0.1856 0.1701 0.0660 0.0748 
         186  1 0.1189 0.1649 0.0939 0.1370 0.0470 0.1540 0.1407 0.0876 0.0561 
         187  1 0.1578 0.1109 0.1092 0.0813 0.1223 0.0874 0.1312 0.1364 0.0636 
         188  1 0.0859 0.1154 0.1371 0.1543 0.2461 0.0744 0.0736 0.0565 0.0567 
         189  1 0.0396 0.1537 0.1785 0.3625 0.0255 0.0594 0.0527 0.0851 0.0429 
         190  1 0.0655 0.0543 0.0787 0.0702 0.2539 0.1330 0.0636 0.1727 0.1080 
         191  1 0.0904 0.1040 0.0765 0.1198 0.1399 0.1104 0.1012 0.1476 0.1101 
         192  1 0.0926 0.1206 0.1920 0.1305 0.1206 0.0813 0.0923 0.0992 0.0709 
         193  1 0.1111 0.0654 0.0601 0.0897 0.0365 0.1986 0.1082 0.1394 0.1911 
         194  1 0.1188 0.0526 0.0418 0.0749 0.1244 0.1241 0.0964 0.1318 0.2351 
         195  1 0.1603 0.0866 0.1390 0.0682 0.0506 0.0831 0.1311 0.1167 0.1644 
         196  1 0.1091 0.1520 0.0569 0.0553 0.2323 0.1406 0.1251 0.0622 0.0666 
         197  1 0.0916 0.0534 0.0555 0.0389 0.4996 0.0551 0.0642 0.0654 0.0764 
         198  1 0.1113 0.1883 0.0695 0.0725 0.1604 0.1538 0.1384 0.0632 0.0428 
         199  1 0.1224 0.2085 0.0910 0.0780 0.0259 0.1644 0.1558 0.0777 0.0764 
         200  1 0.0373 0.1421 0.2155 0.4091 0.0325 0.0383 0.0408 0.0441 0.0404 
         201  1 0.1142 0.0922 0.1534 0.0693 0.0357 0.1361 0.1113 0.1940 0.0939 
         202  1 0.0729 0.1380 0.1247 0.1570 0.1585 0.0951 0.1008 0.1036 0.0493 
         203  1 0.0915 0.1301 0.0736 0.0950 0.0695 0.1612 0.1245 0.1673 0.0872 
         204  1 0.0964 0.1150 0.1848 0.1981 0.0488 0.0781 0.0997 0.0977 0.0814 
         205  1 0.1094 0.1565 0.0968 0.1393 0.0494 0.1511 0.1253 0.0829 0.0893 
         206  1 0.1314 0.0391 0.0482 0.0778 0.0629 0.1206 0.0825 0.1066 0.3309 
         207  1 0.1569 0.0527 0.0375 0.0784 0.0348 0.1053 0.1023 0.0522 0.3799 
         208  1 0.0962 0.0739 0.0900 0.0857 0.0558 0.1542 0.0993 0.1954 0.1494 
         209  1 0.0802 0.0615 0.0745 0.0664 0.3123 0.0906 0.0791 0.1167 0.1187 
         210  1 0.1059 0.0519 0.0560 0.0727 0.1688 0.1262 0.0948 0.0891 0.2347 
         211  1 0.0941 0.0590 0.0894 0.0784 0.0457 0.2008 0.0895 0.2503 0.0928 
         212  1 0.0603 0.0805 0.1404 0.2151 0.0555 0.1297 0.0592 0.1554 0.1037 
         213  1 0.0451 0.0323 0.0369 0.0303 0.6866 0.0360 0.0385 0.0415 0.0528 
         214  1 0.1393 0.0666 0.0445 0.0841 0.0366 0.1213 0.1092 0.1125 0.2860 
         215  1 0.1204 0.1212 0.0584 0.0841 0.0902 0.1362 0.1174 0.1091 0.1630 
         216  1 0.0948 0.1121 0.2942 0.0817 0.0489 0.0665 0.1061 0.0837 0.1121 
         217  1 0.0935 0.1347 0.1493 0.2157 0.0868 0.0689 0.0894 0.1125 0.0491 
         218  1 0.1517 0.2002 0.0607 0.0640 0.0271 0.1792 0.1676 0.0927 0.0568 
         219  1 0.0850 0.0915 0.0846 0.0556 0.2777 0.1030 0.0945 0.1351 0.0731 
         220  1 0.1199 0.1026 0.0669 0.1100 0.0343 0.1209 0.1261 0.1022 0.2170 
         221  1 0.0882 0.0994 0.0726 0.0667 0.3685 0.0754 0.0931 0.0836 0.0524 
         222  1 0.0934 0.0470 0.0700 0.0799 0.0383 0.2205 0.0860 0.1980 0.1668 
         223  1 0.1066 0.1425 0.0686 0.0696 0.1532 0.1675 0.1242 0.0966 0.0712 
         224  1 0.0972 0.0696 0.1425 0.0682 0.1247 0.1319 0.0917 0.1878 0.0865 
         225  1 0.1652 0.0815 0.0898 0.0756 0.0499 0.1321 0.1292 0.1580 0.1187 
         226  1 0.1020 0.1287 0.1225 0.0825 0.1927 0.1059 0.1043 0.0745 0.0870 
         227  1 0.1081 0.1833 0.0960 0.0907 0.1026 0.1470 0.1361 0.0765 0.0598 
         228  1 0.0616 0.0707 0.0699 0.0676 0.4544 0.0675 0.0654 0.0786 0.0644 
         229  1 0.1605 0.1213 0.1213 0.1566 0.0747 0.0758 0.1141 0.1153 0.0605 
         230  1 0.1048 0.1298 0.1216 0.1261 0.0428 0.1027 0.1259 0.1581 0.0882 
         231  1 0.0977 0.1590 0.0983 0.1347 0.0978 0.1026 0.1308 0.1043 0.0748 
         232  1 0.1044 0.1610 0.0711 0.1080 0.0397 0.1297 0.1477 0.1728 0.0657 
         233  1 0.1353 0.0976 0.2453 0.0567 0.0711 0.0514 0.1216 0.1030 0.1180 
         234  1 0.0679 0.0831 0.1991 0.0935 0.2911 0.0526 0.0625 0.0618 0.0885 
         235  1 0.0882 0.0805 0.0796 0.0776 0.3294 0.0768 0.0852 0.0770 0.1056 
         236  1 0.0853 0.0844 0.0553 0.0573 0.3898 0.0826 0.0908 0.0765 0.0780 
         237  1 0.1254 0.0436 0.0576 0.0650 0.1876 0.0834 0.0837 0.0534 0.3005 
         238  1 0.1305 0.1902 0.0736 0.0752 0.0820 0.1679 0.1533 0.0531 0.0742 
         239  1 0.0958 0.1934 0.1119 0.1670 0.0225 0.1605 0.1376 0.0612 0.0501 
         240  1 0.1140 0.1360 0.1444 0.0885 0.0392 0.1067 0.1442 0.1401 0.0869 
         241  1 0.1299 0.1718 0.1661 0.0719 0.0397 0.1580 0.1478 0.0520 0.0628 
         242  1 0.0996 0.1376 0.1579 0.0993 0.1156 0.0950 0.1246 0.0957 0.0746 
         243  1 0.1195 0.0570 0.0530 0.0736 0.1642 0.1057 0.0940 0.0659 0.2671 
         244  1 0.0883 0.1182 0.2882 0.1245 0.0559 0.0695 0.0895 0.0579 0.1080 
         245  1 0.1638 0.0780 0.0917 0.0455 0.3326 0.0584 0.0955 0.0801 0.0544 
         246  1 0.1912 0.1117 0.1394 0.1483 0.0706 0.0574 0.1224 0.0970 0.0619 
         247  1 0.0585 0.1550 0.1774 0.3088 0.0391 0.0813 0.0714 0.0653 0.0432 
         248  1 0.0783 0.1030 0.1036 0.0650 0.3632 0.1017 0.0774 0.0474 0.0604 
         249  1 0.1654 0.0833 0.0773 0.0757 0.0916 0.0998 0.1281 0.1188 0.1599 
         250  1 0.1079 0.0879 0.1120 0.1534 0.0253 0.1101 0.1030 0.1189 0.1815 
         251  1 0.1323 0.1637 0.1146 0.0594 0.0955 0.1451 0.1449 0.0643 0.0802 
         252  1 0.1813 0.0827 0.0679 0.0644 0.0425 0.1074 0.1275 0.1137 0.2127 
         253  1 0.0863 0.1199 0.1997 0.1350 0.0917 0.0947 0.0930 0.0782 0.1014 
         254  1 0.0994 0.0511 0.0756 0.0728 0.0445 0.1581 0.0828 0.1884 0.2273 
         255  1 0.1691 0.0777 0.0796 0.0774 0.0983 0.1130 0.1212 0.1235 0.1402 
         256  1 0.0377 0.0437 0.0340 0.0415 0.6724 0.0405 0.0410 0.0475 0.0418 
         257  1 0.0606 0.0572 0.0984 0.0883 0.0444 0.1972 0.0765 0.2792 0.0981 
         258  1 0.0904 0.0711 0.0818 0.0881 0.2802 0.0805 0.0777 0.0801 0.1501 
         259  1 0.1396 0.1329 0.0423 0.0916 0.0296 0.1486 0.1325 0.0720 0.2108 
         260  1 0.1366 0.0432 0.0458 0.1040 0.0443 0.1214 0.0975 0.0693 0.3379 
