           1  1 0.1463 0.1207 0.1248 0.0739 0.0869 0.1117 0.2429 0.0927 
           2  1 0.3098 0.0317 0.0600 0.2396 0.0524 0.0806 0.0492 0.1768 
           3  1 0.3105 0.0317 0.0599 0.2417 0.0495 0.0809 0.0524 0.1734 
           4  1 0.1167 0.1962 0.1298 0.0975 0.0504 0.1158 0.1534 0.1401 
           5  1 0.1603 0.1455 0.1583 0.1723 0.0325 0.1382 0.0651 0.1279 
           6  1 0.0982 0.0488 0.0719 0.1065 0.3980 0.0860 0.0388 0.1518 
           7  1 0.0956 0.1465 0.0601 0.1868 0.0915 0.2059 0.0608 0.1529 
           8  1 0.1115 0.0631 0.0776 0.1111 0.3526 0.0797 0.0705 0.1339 
           9  1 0.1006 0.1586 0.2711 0.0803 0.0489 0.0575 0.2139 0.0691 
          10  1 0.2170 0.0939 0.1019 0.1900 0.0768 0.1029 0.0842 0.1334 
          11  1 0.1875 0.1482 0.1392 0.1803 0.0371 0.1190 0.0778 0.1109 
          12  1 0.0774 0.0470 0.0537 0.0506 0.4873 0.0552 0.0718 0.1572 
          13  1 0.0349 0.0669 0.0685 0.0361 0.5228 0.0598 0.0531 0.1580 
          14  1 0.1448 0.0865 0.0831 0.1283 0.2376 0.1079 0.0576 0.1542 
          15  1 0.0610 0.1937 0.2941 0.0538 0.0368 0.0789 0.1939 0.0878 
          16  1 0.0939 0.1335 0.1373 0.0884 0.0975 0.1466 0.1833 0.1195 
          17  1 0.0570 0.1434 0.0370 0.2079 0.1280 0.2420 0.0452 0.1394 
          18  1 0.0956 0.0917 0.0850 0.0527 0.3571 0.0707 0.1047 0.1424 
          19  1 0.1167 0.0986 0.1003 0.0823 0.2754 0.0839 0.1012 0.1416 
          20  1 0.0584 0.1765 0.0815 0.1479 0.0787 0.2320 0.0885 0.1366 
          21  1 0.0891 0.1283 0.0889 0.1057 0.1436 0.1652 0.1435 0.1358 
          22  1 0.2682 0.0719 0.0627 0.1993 0.0647 0.0776 0.0783 0.1773 
          23  1 0.0776 0.1665 0.2043 0.0598 0.0746 0.1026 0.1656 0.1491 
          24  1 0.1138 0.1042 0.0857 0.0922 0.1574 0.1393 0.2029 0.1045 
          25  1 0.1468 0.1048 0.1280 0.2759 0.0271 0.1603 0.0557 0.1014 
          26  1 0.2042 0.1500 0.1671 0.1460 0.0452 0.0836 0.1173 0.0867 
          27  1 0.1141 0.1266 0.1206 0.2185 0.1101 0.1488 0.0549 0.1064 
          28  1 0.1091 0.1621 0.1333 0.0802 0.0930 0.1450 0.0936 0.1836 
          29  1 0.1682 0.1443 0.0996 0.1725 0.0645 0.1164 0.1162 0.1184 
          30  1 0.2090 0.0837 0.1162 0.1994 0.0618 0.1025 0.1002 0.1272 
          31  1 0.1014 0.1094 0.0893 0.1054 0.1372 0.1712 0.1623 0.1239 
          32  1 0.1218 0.0872 0.1172 0.0578 0.1196 0.1248 0.2823 0.0893 
          33  1 0.1126 0.1475 0.1134 0.1816 0.0766 0.1805 0.0733 0.1145 
          34  1 0.1514 0.1363 0.1185 0.1531 0.0775 0.1335 0.0929 0.1368 
          35  1 0.1630 0.0559 0.0886 0.0896 0.0836 0.1495 0.2962 0.0735 
          36  1 0.1284 0.1865 0.1609 0.0775 0.1010 0.0915 0.1281 0.1261 
          37  1 0.3062 0.0643 0.0435 0.1940 0.1026 0.0501 0.0629 0.1764 
          38  1 0.1235 0.1067 0.1320 0.2739 0.0550 0.1475 0.0541 0.1072 
          39  1 0.0908 0.1632 0.1934 0.0638 0.0873 0.1213 0.1120 0.1682 
          40  1 0.1185 0.1126 0.1341 0.2087 0.1124 0.1258 0.0788 0.1090 
          41  1 0.0617 0.0464 0.0371 0.0382 0.5665 0.0430 0.0466 0.1605 
          42  1 0.1160 0.1139 0.1000 0.0576 0.1583 0.1125 0.2215 0.1202 
          43  1 0.2310 0.0957 0.0880 0.2015 0.0356 0.1174 0.0649 0.1659 
          44  1 0.1600 0.0728 0.1010 0.1338 0.0840 0.1440 0.2090 0.0954 
          45  1 0.2411 0.0726 0.0552 0.1969 0.0854 0.1273 0.0725 0.1489 
          46  1 0.1188 0.1280 0.1392 0.1746 0.0949 0.1475 0.0614 0.1355 
          47  1 0.2311 0.0468 0.0387 0.1464 0.2554 0.0496 0.0466 0.1854 
          48  1 0.2461 0.0916 0.0747 0.1874 0.0823 0.1007 0.0774 0.1398 
          49  1 0.1988 0.1447 0.1225 0.1587 0.0650 0.1056 0.0951 0.1096 
          50  1 0.2310 0.1632 0.1165 0.1513 0.0309 0.1195 0.0727 0.1151 
          51  1 0.0696 0.1207 0.0539 0.1467 0.2045 0.2141 0.0596 0.1309 
          52  1 0.0864 0.2071 0.2450 0.0494 0.0441 0.0662 0.2031 0.0986 
          53  1 0.1034 0.0616 0.0718 0.0892 0.2645 0.1107 0.1684 0.1303 
          54  1 0.1866 0.1029 0.1297 0.1422 0.0547 0.1102 0.1757 0.0980 
          55  1 0.1093 0.1621 0.1549 0.1579 0.0391 0.1510 0.1037 0.1220 
          56  1 0.1531 0.1607 0.1177 0.1569 0.0435 0.1456 0.0691 0.1534 
          57  1 0.2294 0.0537 0.0964 0.2361 0.0505 0.1406 0.0594 0.1340 
          58  1 0.2169 0.0965 0.0664 0.2097 0.0777 0.1143 0.0501 0.1684 
          59  1 0.0881 0.1659 0.2063 0.0635 0.0700 0.1239 0.1449 0.1376 
          60  1 0.1509 0.0976 0.1098 0.1578 0.0974 0.1333 0.1436 0.1095 
          61  1 0.1242 0.1091 0.0833 0.0779 0.2185 0.1097 0.1589 0.1183 
          62  1 0.1748 0.1459 0.1677 0.1916 0.0257 0.1108 0.0814 0.1022 
          63  1 0.1221 0.0680 0.1318 0.0383 0.0616 0.1570 0.3710 0.0502 
          64  1 0.0950 0.1692 0.1572 0.0711 0.0763 0.1454 0.1294 0.1564 
          65  1 0.1041 0.0835 0.0991 0.1378 0.2898 0.0993 0.0621 0.1242 
          66  1 0.0406 0.1556 0.3137 0.0358 0.1381 0.0407 0.2078 0.0676 
          67  1 0.0979 0.1423 0.1992 0.0579 0.1681 0.0853 0.1375 0.1117 
          68  1 0.0817 0.1583 0.1994 0.0860 0.1211 0.1209 0.1311 0.1016 
          69  1 0.0597 0.1410 0.0829 0.1323 0.1468 0.2148 0.0702 0.1522 
          70  1 0.0560 0.1673 0.1899 0.0640 0.0480 0.1720 0.1204 0.1823 
          71  1 0.2660 0.1235 0.0836 0.1580 0.0456 0.0969 0.1027 0.1236 
          72  1 0.1287 0.1679 0.1798 0.0854 0.0554 0.1246 0.1201 0.1381 
          73  1 0.1550 0.1059 0.1222 0.2927 0.0336 0.1513 0.0431 0.0964 
          74  1 0.1240 0.1103 0.0869 0.1221 0.0969 0.1478 0.2156 0.0964 
          75  1 0.1711 0.1265 0.1554 0.1653 0.0358 0.1455 0.0715 0.1290 
          76  1 0.0514 0.1719 0.0783 0.1822 0.0880 0.2346 0.0716 0.1219 
          77  1 0.1239 0.1966 0.0626 0.1333 0.0718 0.1707 0.0886 0.1525 
          78  1 0.1350 0.1079 0.1704 0.1985 0.0498 0.1686 0.0492 0.1208 
          79  1 0.1246 0.0839 0.1531 0.3033 0.0257 0.1756 0.0411 0.0928 
          80  1 0.0993 0.2000 0.2011 0.0648 0.0427 0.1308 0.1130 0.1482 
          81  1 0.0956 0.0828 0.0988 0.0479 0.2438 0.1015 0.2146 0.1151 
          82  1 0.1247 0.1572 0.1522 0.1838 0.0415 0.1311 0.0969 0.1126 
          83  1 0.1391 0.1479 0.2004 0.1647 0.0279 0.1069 0.1376 0.0755 
          84  1 0.2436 0.0740 0.0780 0.1814 0.1015 0.0761 0.0742 0.1713 
          85  1 0.1038 0.0542 0.0545 0.0532 0.4806 0.0490 0.0633 0.1414 
          86  1 0.1220 0.0800 0.0602 0.1408 0.2724 0.1260 0.0519 0.1467 
          87  1 0.1028 0.1882 0.2062 0.0859 0.0472 0.1201 0.1220 0.1276 
          88  1 0.1685 0.1173 0.1143 0.1712 0.0551 0.1250 0.1379 0.1105 
          89  1 0.0823 0.0614 0.0407 0.0853 0.4577 0.0852 0.0457 0.1417 
          90  1 0.2382 0.0567 0.1022 0.1933 0.0856 0.1007 0.0675 0.1558 
          91  1 0.0735 0.0424 0.0882 0.0316 0.3587 0.0876 0.2007 0.1173 
          92  1 0.2130 0.0958 0.0741 0.2358 0.0528 0.1080 0.0617 0.1588 
          93  1 0.1193 0.0860 0.0715 0.1553 0.1235 0.1757 0.1537 0.1149 
          94  1 0.1351 0.0481 0.1085 0.0624 0.0852 0.1565 0.3399 0.0645 
          95  1 0.1375 0.1651 0.1524 0.0868 0.0498 0.1228 0.1712 0.1144 
          96  1 0.0712 0.1158 0.2120 0.0449 0.1811 0.0971 0.1773 0.1006 
          97  1 0.0370 0.1928 0.3575 0.0266 0.0383 0.0323 0.2820 0.0335 
          98  1 0.1495 0.1758 0.1320 0.1184 0.0511 0.1001 0.1539 0.1192 
          99  1 0.0772 0.1459 0.1125 0.1264 0.0978 0.1859 0.1546 0.0996 
         100  1 0.0714 0.1594 0.1760 0.1684 0.0698 0.1619 0.0995 0.0937 
         101  1 0.0962 0.1672 0.1857 0.0647 0.0806 0.1117 0.1767 0.1172 
         102  1 0.1138 0.1200 0.1549 0.0581 0.2047 0.0845 0.1652 0.0989 
         103  1 0.1161 0.1520 0.1722 0.0772 0.0933 0.0808 0.1554 0.1530 
         104  1 0.0765 0.1411 0.1480 0.0899 0.0889 0.1536 0.1862 0.1157 
         105  1 0.0961 0.1411 0.1380 0.1153 0.0885 0.1666 0.0566 0.1978 
         106  1 0.1360 0.1528 0.2031 0.1615 0.0284 0.1050 0.1399 0.0733 
         107  1 0.0431 0.1941 0.3220 0.0398 0.0443 0.0586 0.2356 0.0626 
         108  1 0.0770 0.1139 0.1321 0.0620 0.2697 0.0881 0.1205 0.1367 
         109  1 0.1917 0.1109 0.0948 0.2069 0.0399 0.1377 0.0578 0.1604 
         110  1 0.0699 0.0980 0.0814 0.1154 0.2096 0.1671 0.1302 0.1285 
         111  1 0.0812 0.0413 0.0562 0.0458 0.4467 0.0627 0.1155 0.1505 
         112  1 0.0849 0.0517 0.0722 0.0825 0.4304 0.0707 0.0556 0.1520 
         113  1 0.1124 0.1227 0.0824 0.0994 0.1760 0.1326 0.0881 0.1865 
         114  1 0.2303 0.0759 0.0915 0.1732 0.0875 0.0946 0.1025 0.1444 
         115  1 0.0513 0.0860 0.1288 0.0445 0.3491 0.0944 0.1017 0.1443 
         116  1 0.2040 0.1257 0.0886 0.1344 0.1014 0.0911 0.1334 0.1215 
         117  1 0.1450 0.0645 0.0777 0.1047 0.1136 0.1510 0.2488 0.0946 
         118  1 0.1458 0.1269 0.1727 0.1699 0.0481 0.1128 0.1062 0.1175 
         119  1 0.1143 0.1378 0.1224 0.1004 0.0892 0.1456 0.1983 0.0921 
         120  1 0.1192 0.1621 0.1123 0.1142 0.0551 0.1420 0.1913 0.1036 
         121  1 0.1528 0.1471 0.0826 0.1717 0.0558 0.1528 0.1258 0.1115 
         122  1 0.1487 0.1452 0.1206 0.1329 0.0805 0.1078 0.1211 0.1433 
         123  1 0.0962 0.1596 0.2554 0.0979 0.0607 0.0728 0.1822 0.0752 
         124  1 0.1002 0.1210 0.0953 0.0836 0.1766 0.1415 0.1401 0.1418 
         125  1 0.0872 0.2196 0.2002 0.0528 0.0483 0.0867 0.1713 0.1340 
         126  1 0.0831 0.1228 0.0556 0.1561 0.1869 0.1827 0.0726 0.1402 
         127  1 0.0807 0.1382 0.0503 0.2038 0.0937 0.2294 0.0523 0.1517 
         128  1 0.0763 0.1734 0.3054 0.0578 0.0414 0.0570 0.2290 0.0596 
         129  1 0.0912 0.1444 0.0968 0.2721 0.0494 0.1928 0.0380 0.1153 
         130  1 0.0585 0.0965 0.1165 0.0701 0.3431 0.0968 0.0708 0.1477 
         131  1 0.0703 0.1385 0.0584 0.2120 0.0940 0.2282 0.0593 0.1394 
         132  1 0.1993 0.1794 0.0892 0.0902 0.0752 0.0882 0.1607 0.1177 
         133  1 0.1672 0.1719 0.0624 0.1234 0.0914 0.1279 0.1273 0.1286 
         134  1 0.1048 0.1344 0.1644 0.0753 0.1825 0.0683 0.1385 0.1318 
         135  1 0.1383 0.0481 0.0509 0.1102 0.3662 0.0691 0.0524 0.1648 
         136  1 0.0839 0.0573 0.0746 0.1035 0.3947 0.0895 0.0550 0.1415 
         137  1 0.1047 0.2164 0.1646 0.0606 0.0794 0.0847 0.1447 0.1449 
         138  1 0.1528 0.1092 0.1360 0.1021 0.0771 0.1126 0.1949 0.1152 
         139  1 0.0401 0.1750 0.3513 0.0318 0.0687 0.0430 0.2390 0.0512 
         140  1 0.0531 0.1902 0.2988 0.0473 0.0630 0.0487 0.2309 0.0679 
         141  1 0.1190 0.1229 0.0973 0.0973 0.1079 0.1426 0.2052 0.1078 
         142  1 0.0820 0.0692 0.1135 0.0477 0.3847 0.0586 0.1248 0.1194 
         143  1 0.1691 0.2261 0.1334 0.0928 0.0321 0.0909 0.1367 0.1189 
         144  1 0.1353 0.1177 0.1074 0.2381 0.0413 0.1689 0.0875 0.1038 
         145  1 0.0953 0.1897 0.1712 0.1002 0.0633 0.1083 0.1765 0.0956 
         146  1 0.1196 0.1653 0.1665 0.1426 0.0327 0.1538 0.0621 0.1575 
         147  1 0.0988 0.1718 0.2326 0.0507 0.0327 0.0900 0.2127 0.1107 
         148  1 0.1267 0.0653 0.0695 0.0856 0.3470 0.0576 0.0970 0.1513 
         149  1 0.0981 0.1252 0.1045 0.1133 0.0950 0.1644 0.1818 0.1177 
         150  1 0.1127 0.0476 0.1159 0.0514 0.0765 0.1623 0.3822 0.0515 
         151  1 0.1011 0.1993 0.2340 0.0611 0.0423 0.0716 0.1907 0.0999 
         152  1 0.1163 0.1591 0.1728 0.0790 0.0683 0.1110 0.1819 0.1116 
         153  1 0.1357 0.0899 0.1527 0.3025 0.0223 0.1663 0.0409 0.0898 
         154  1 0.1175 0.0447 0.0564 0.0613 0.3851 0.0815 0.1293 0.1242 
         155  1 0.1863 0.0902 0.1266 0.2317 0.0303 0.1456 0.0656 0.1237 
         156  1 0.1094 0.1593 0.1549 0.0741 0.0536 0.1392 0.1167 0.1929 
         157  1 0.1111 0.1537 0.1296 0.1075 0.0877 0.1310 0.1490 0.1305 
         158  1 0.1722 0.1254 0.1605 0.1682 0.0532 0.1065 0.1112 0.1028 
         159  1 0.0549 0.0649 0.0603 0.0687 0.4830 0.0677 0.0510 0.1495 
         160  1 0.1702 0.0931 0.0951 0.1555 0.1792 0.0935 0.0796 0.1338 
         161  1 0.1592 0.1289 0.0911 0.2060 0.0624 0.1651 0.0673 0.1200 
         162  1 0.1228 0.0901 0.1230 0.1345 0.1286 0.1267 0.1734 0.1009 
         163  1 0.1327 0.1535 0.1465 0.1172 0.0842 0.1219 0.1320 0.1119 
         164  1 0.1564 0.0582 0.0826 0.1067 0.1313 0.1221 0.2294 0.1133 
         165  1 0.2014 0.0948 0.0767 0.1801 0.0920 0.1052 0.1100 0.1399 
         166  1 0.1624 0.0993 0.0984 0.1513 0.1573 0.1258 0.0827 0.1229 
         167  1 0.1876 0.1172 0.1146 0.1883 0.0412 0.1261 0.0907 0.1344 
         168  1 0.0841 0.0456 0.0924 0.0379 0.2951 0.1028 0.2348 0.1073 
         169  1 0.0459 0.0400 0.0371 0.0374 0.5919 0.0478 0.0387 0.1611 
         170  1 0.1290 0.0641 0.0874 0.0846 0.1094 0.1553 0.2980 0.0724 
         171  1 0.1035 0.0371 0.0424 0.0855 0.4847 0.0447 0.0286 0.1736 
         172  1 0.0953 0.1198 0.0522 0.1865 0.1404 0.2115 0.0556 0.1387 
         173  1 0.0451 0.0939 0.0719 0.0658 0.4166 0.1055 0.0449 0.1564 
         174  1 0.0813 0.1839 0.2964 0.0552 0.0231 0.0697 0.2178 0.0726 
         175  1 0.1922 0.1163 0.0840 0.1579 0.0642 0.1217 0.1364 0.1273 
         176  1 0.0563 0.1749 0.3261 0.0605 0.0561 0.0501 0.2280 0.0480 
         177  1 0.1366 0.0809 0.0840 0.1422 0.0807 0.1569 0.2038 0.1149 
         178  1 0.1325 0.1160 0.1037 0.1274 0.1181 0.1319 0.1702 0.1002 
         179  1 0.1524 0.0724 0.0941 0.0986 0.2626 0.0559 0.1269 0.1369 
         180  1 0.1525 0.1490 0.1574 0.1831 0.0380 0.1289 0.0902 0.1009 
         181  1 0.1157 0.1638 0.1315 0.0730 0.0986 0.1270 0.1164 0.1740 
         182  1 0.1037 0.1298 0.0776 0.1389 0.1235 0.1783 0.1140 0.1342 
         183  1 0.0524 0.1488 0.0429 0.1840 0.1271 0.2478 0.0602 0.1368 
         184  1 0.1360 0.1701 0.0896 0.0843 0.0973 0.1129 0.1926 0.1173 
         185  1 0.1177 0.0801 0.1400 0.0955 0.0737 0.1437 0.2806 0.0688 
         186  1 0.1041 0.1065 0.1065 0.0822 0.1548 0.1130 0.2256 0.1075 
         187  1 0.1500 0.1027 0.1118 0.2244 0.0939 0.1604 0.0391 0.1176 
         188  1 0.0904 0.1076 0.0693 0.1184 0.2005 0.1723 0.1259 0.1157 
         189  1 0.0546 0.0469 0.0506 0.0272 0.5555 0.0537 0.0502 0.1613 
         190  1 0.0581 0.1665 0.1281 0.1162 0.0824 0.2014 0.0827 0.1646 
         191  1 0.1007 0.1666 0.1435 0.1078 0.1168 0.1348 0.1089 0.1209 
         192  1 0.1435 0.0775 0.0610 0.1491 0.2345 0.1118 0.0669 0.1556 
         193  1 0.1264 0.1804 0.2063 0.0864 0.0352 0.1118 0.1340 0.1194 
         194  1 0.0787 0.1934 0.2199 0.0883 0.0378 0.1072 0.1670 0.1076 
         195  1 0.1886 0.1107 0.1374 0.1966 0.0461 0.1094 0.0904 0.1207 
         196  1 0.0970 0.1031 0.1015 0.1051 0.0793 0.1770 0.2611 0.0758 
         197  1 0.0567 0.1648 0.0849 0.2073 0.0817 0.2219 0.0583 0.1244 
         198  1 0.1044 0.0624 0.0822 0.0840 0.1185 0.1811 0.2908 0.0766 
         199  1 0.1690 0.0843 0.1186 0.0900 0.0772 0.1217 0.2513 0.0879 
         200  1 0.0458 0.0304 0.0291 0.0334 0.6234 0.0359 0.0286 0.1734 
         201  1 0.1734 0.1113 0.1278 0.1541 0.0505 0.1548 0.0573 0.1708 
         202  1 0.1175 0.0892 0.0595 0.0991 0.2486 0.1341 0.1218 0.1303 
         203  1 0.1157 0.1544 0.1198 0.0792 0.0848 0.1275 0.1659 0.1527 
         204  1 0.1630 0.0778 0.0650 0.1229 0.2930 0.0662 0.0503 0.1619 
         205  1 0.0977 0.1137 0.1357 0.0619 0.1629 0.1071 0.2094 0.1115 
         206  1 0.0461 0.1933 0.2505 0.0572 0.0449 0.0838 0.2263 0.0979 
         207  1 0.0408 0.1881 0.3492 0.0345 0.0355 0.0427 0.2736 0.0356 
         208  1 0.1095 0.1732 0.1666 0.0864 0.0463 0.1393 0.1222 0.1566 
         209  1 0.0689 0.1889 0.0992 0.1288 0.0764 0.1883 0.1088 0.1406 
         210  1 0.1112 0.1848 0.1754 0.1106 0.0497 0.1288 0.1439 0.0955 
         211  1 0.1056 0.1662 0.1609 0.1084 0.0409 0.1739 0.0721 0.1719 
         212  1 0.0734 0.1297 0.1608 0.0604 0.2196 0.1322 0.0695 0.1544 
         213  1 0.0345 0.1649 0.0432 0.2186 0.0994 0.2526 0.0386 0.1482 
         214  1 0.0571 0.1703 0.3052 0.0461 0.0365 0.0757 0.2310 0.0782 
         215  1 0.0957 0.1420 0.1960 0.0724 0.0610 0.1150 0.2214 0.0964 
         216  1 0.3254 0.0447 0.0483 0.2349 0.0549 0.0630 0.0481 0.1807 
         217  1 0.0924 0.0762 0.0840 0.1065 0.3279 0.1153 0.0540 0.1437 
         218  1 0.1267 0.0981 0.1385 0.1030 0.0546 0.1408 0.2487 0.0896 
         219  1 0.1213 0.1457 0.0858 0.1561 0.0615 0.1863 0.1013 0.1420 
         220  1 0.1003 0.1904 0.2254 0.0677 0.0555 0.0720 0.1947 0.0940 
         221  1 0.1044 0.1501 0.0717 0.1844 0.0929 0.1933 0.0824 0.1207 
         222  1 0.1114 0.1923 0.1943 0.0704 0.0254 0.1387 0.1093 0.1582 
         223  1 0.0922 0.1117 0.1153 0.0832 0.0804 0.1707 0.2497 0.0968 
         224  1 0.1179 0.1298 0.1191 0.1583 0.0551 0.1859 0.0655 0.1684 
         225  1 0.1468 0.1410 0.1537 0.1915 0.0427 0.1412 0.0734 0.1097 
         226  1 0.1413 0.0990 0.0801 0.1392 0.1082 0.1744 0.1520 0.1059 
         227  1 0.1183 0.0908 0.1015 0.0864 0.1120 0.1541 0.2368 0.1002 
         228  1 0.0780 0.1552 0.0661 0.1737 0.1050 0.2328 0.0589 0.1302 
         229  1 0.1061 0.1188 0.1085 0.1710 0.1893 0.1328 0.0541 0.1194 
         230  1 0.1655 0.1090 0.0940 0.1355 0.1697 0.1067 0.0882 0.1314 
         231  1 0.1637 0.1449 0.0848 0.0905 0.1208 0.1195 0.1576 0.1183 
         232  1 0.1652 0.1404 0.0984 0.1011 0.1011 0.1190 0.1541 0.1209 
         233  1 0.2756 0.0561 0.0798 0.2383 0.0414 0.1034 0.0383 0.1671 
         234  1 0.1582 0.1180 0.0557 0.1663 0.1135 0.1909 0.0613 0.1362 
         235  1 0.0964 0.1495 0.0883 0.1470 0.1048 0.1809 0.1082 0.1249 
         236  1 0.0927 0.1607 0.0723 0.1693 0.0816 0.1980 0.0919 0.1335 
         237  1 0.0576 0.1814 0.2134 0.0836 0.0541 0.1215 0.2023 0.0861 
         238  1 0.1033 0.0645 0.1190 0.0664 0.1085 0.1631 0.3067 0.0684 
         239  1 0.0870 0.0521 0.0992 0.0412 0.2609 0.1116 0.2436 0.1045 
         240  1 0.2223 0.0897 0.0926 0.1614 0.0911 0.1226 0.0909 0.1295 
         241  1 0.2039 0.0556 0.0908 0.0982 0.0802 0.1348 0.2558 0.0808 
         242  1 0.1900 0.0841 0.0671 0.1561 0.1343 0.1155 0.1146 0.1383 
         243  1 0.0717 0.1791 0.2072 0.0855 0.0487 0.1261 0.1889 0.0927 
         244  1 0.2846 0.0542 0.0456 0.1930 0.1247 0.0622 0.0675 0.1682 
         245  1 0.0966 0.1432 0.0979 0.2495 0.0628 0.2029 0.0352 0.1120 
         246  1 0.1197 0.0704 0.1115 0.2093 0.1940 0.1417 0.0374 0.1160 
         247  1 0.0672 0.0506 0.0586 0.0415 0.4847 0.0617 0.0860 0.1495 
         248  1 0.0738 0.0987 0.0559 0.1368 0.1453 0.2280 0.1487 0.1128 
         249  1 0.1331 0.1512 0.1506 0.1893 0.0492 0.1357 0.1027 0.0881 
         250  1 0.0997 0.1497 0.2089 0.0773 0.1223 0.0711 0.1508 0.1203 
         251  1 0.1836 0.0565 0.1003 0.1390 0.0694 0.1343 0.2218 0.0951 
         252  1 0.0908 0.1727 0.2327 0.1205 0.0232 0.1059 0.1757 0.0786 
         253  1 0.1537 0.0882 0.0824 0.1182 0.1776 0.1049 0.1274 0.1476 
         254  1 0.0437 0.1745 0.2254 0.0470 0.0521 0.1263 0.1836 0.1474 
         255  1 0.1259 0.1321 0.1648 0.1616 0.0556 0.1566 0.0880 0.1154 
         256  1 0.0403 0.1622 0.0414 0.2020 0.1083 0.2570 0.0504 0.1384 
         257  1 0.0758 0.1918 0.1473 0.0747 0.0511 0.1700 0.0865 0.2027 
         258  1 0.0823 0.1783 0.1224 0.1216 0.0914 0.1653 0.1198 0.1189 
         259  1 0.0699 0.1391 0.2758 0.0359 0.0599 0.0904 0.2669 0.0622 
         260  1 0.0644 0.1820 0.3036 0.0599 0.0582 0.0599 0.2127 0.0593 
