           1  1 0.0742 0.1292 0.1014 0.1630 0.1563 0.1797 0.1247 0.0715 
           2  1 0.1236 0.1708 0.0274 0.2047 0.1984 0.1785 0.0575 0.0392 
           3  1 0.1236 0.1698 0.0276 0.2046 0.1975 0.1794 0.0576 0.0399 
           4  1 0.1131 0.0918 0.1726 0.1282 0.1371 0.1088 0.0616 0.1868 
           5  1 0.0575 0.1223 0.0992 0.0671 0.1391 0.1179 0.0639 0.3330 
           6  1 0.1377 0.1128 0.0236 0.1085 0.1008 0.1212 0.3262 0.0692 
           7  1 0.3157 0.1564 0.0937 0.1686 0.0895 0.0704 0.0439 0.0617 
           8  1 0.1369 0.1162 0.0629 0.1089 0.1182 0.1095 0.2897 0.0578 
           9  1 0.0443 0.0832 0.4281 0.0903 0.1373 0.1055 0.0534 0.0579 
          10  1 0.0807 0.1941 0.0899 0.1398 0.1680 0.1936 0.0798 0.0541 
          11  1 0.0655 0.1507 0.1334 0.0874 0.1618 0.1386 0.0508 0.2118 
          12  1 0.1609 0.0667 0.0415 0.1087 0.0707 0.0717 0.4146 0.0653 
          13  1 0.1600 0.0385 0.0857 0.0881 0.0395 0.0344 0.4637 0.0901 
          14  1 0.0992 0.1351 0.0409 0.1032 0.1582 0.1281 0.2046 0.1307 
          15  1 0.0394 0.0559 0.4392 0.0604 0.0702 0.0692 0.0571 0.2085 
          16  1 0.0830 0.1178 0.0996 0.1166 0.1039 0.1401 0.1354 0.2036 
          17  1 0.4237 0.1817 0.0211 0.1728 0.0549 0.0648 0.0587 0.0224 
          18  1 0.1203 0.0698 0.0626 0.1179 0.1130 0.1011 0.3295 0.0857 
          19  1 0.1091 0.0860 0.1044 0.1151 0.1305 0.0959 0.2332 0.1259 
          20  1 0.3053 0.1332 0.0661 0.1334 0.0636 0.0606 0.0604 0.1775 
          21  1 0.2061 0.1175 0.0850 0.1340 0.1000 0.0914 0.1345 0.1316 
          22  1 0.1225 0.1101 0.0417 0.1993 0.1904 0.1366 0.0769 0.1224 
          23  1 0.0515 0.0648 0.2257 0.0809 0.0993 0.0777 0.0984 0.3017 
          24  1 0.1424 0.1434 0.0606 0.1558 0.1091 0.1692 0.1654 0.0542 
          25  1 0.0495 0.2603 0.0526 0.0838 0.1663 0.2834 0.0360 0.0680 
          26  1 0.0585 0.1254 0.2039 0.1040 0.2362 0.1335 0.0536 0.0849 
          27  1 0.1103 0.1931 0.0547 0.0868 0.1514 0.2104 0.1242 0.0692 
          28  1 0.0682 0.0756 0.0750 0.0813 0.1077 0.0792 0.1245 0.3884 
          29  1 0.0686 0.1643 0.0440 0.1538 0.2023 0.2123 0.0901 0.0647 
          30  1 0.0830 0.1897 0.0796 0.1414 0.1639 0.2151 0.0798 0.0474 
          31  1 0.1605 0.1203 0.0436 0.1532 0.1003 0.1236 0.1366 0.1620 
          32  1 0.0815 0.1350 0.0437 0.1806 0.1154 0.1850 0.1722 0.0865 
          33  1 0.2282 0.1674 0.1728 0.1266 0.0948 0.0881 0.0621 0.0600 
          34  1 0.0738 0.1538 0.0831 0.1074 0.1858 0.1339 0.0937 0.1684 
          35  1 0.0991 0.1602 0.0278 0.1981 0.1139 0.2138 0.1287 0.0584 
          36  1 0.0787 0.0835 0.1758 0.1126 0.1263 0.1026 0.1128 0.2076 
          37  1 0.1320 0.1160 0.0219 0.2116 0.2655 0.1386 0.0846 0.0298 
          38  1 0.0774 0.2350 0.0356 0.0875 0.1748 0.2671 0.0615 0.0612 
          39  1 0.0579 0.0533 0.1631 0.0734 0.0802 0.0543 0.1097 0.4081 
          40  1 0.0723 0.1996 0.0817 0.0978 0.1604 0.2264 0.1133 0.0483 
          41  1 0.1653 0.0499 0.0436 0.1021 0.0790 0.0502 0.4659 0.0440 
          42  1 0.0888 0.1214 0.0382 0.1524 0.1315 0.1561 0.1929 0.1187 
          43  1 0.1419 0.1588 0.0687 0.1512 0.1626 0.1217 0.0453 0.1496 
          44  1 0.1477 0.1627 0.0685 0.1685 0.1136 0.1858 0.1077 0.0456 
          45  1 0.1829 0.1642 0.0308 0.2150 0.1749 0.1459 0.0555 0.0309 
          46  1 0.1066 0.1432 0.0604 0.0738 0.1190 0.1407 0.1211 0.2352 
          47  1 0.1697 0.0962 0.0442 0.2062 0.1580 0.1168 0.1773 0.0316 
          48  1 0.0974 0.1636 0.0373 0.1732 0.2030 0.1690 0.0971 0.0594 
          49  1 0.0526 0.1262 0.0725 0.1176 0.2769 0.1537 0.0758 0.1248 
          50  1 0.0462 0.1239 0.0436 0.1084 0.2370 0.1307 0.0529 0.2574 
          51  1 0.2899 0.1390 0.0450 0.1747 0.0728 0.0641 0.1615 0.0530 
          52  1 0.0486 0.0596 0.4227 0.0798 0.1044 0.0810 0.0655 0.1385 
          53  1 0.1598 0.1199 0.0482 0.1506 0.0883 0.1291 0.2512 0.0530 
          54  1 0.0741 0.1550 0.0977 0.1643 0.1597 0.1996 0.0847 0.0649 
          55  1 0.0677 0.1488 0.1429 0.0764 0.1381 0.1495 0.0580 0.2186 
          56  1 0.0593 0.1225 0.0424 0.1027 0.1634 0.1329 0.0700 0.3068 
          57  1 0.1198 0.2318 0.0164 0.1395 0.1624 0.2265 0.0612 0.0425 
          58  1 0.1846 0.1575 0.0539 0.1801 0.1800 0.1198 0.0656 0.0585 
          59  1 0.0558 0.0695 0.1535 0.0905 0.0953 0.0897 0.1116 0.3341 
          60  1 0.0876 0.1599 0.0462 0.1284 0.1613 0.2051 0.1186 0.0929 
          61  1 0.1074 0.1046 0.0582 0.1627 0.1483 0.1308 0.1960 0.0921 
          62  1 0.0502 0.1601 0.1609 0.0808 0.1473 0.1672 0.0437 0.1898 
          63  1 0.0628 0.1709 0.0315 0.1835 0.0903 0.2330 0.1486 0.0794 
          64  1 0.0564 0.0736 0.0937 0.0803 0.0957 0.0887 0.1091 0.4024 
          65  1 0.1392 0.1438 0.0817 0.0979 0.1115 0.1248 0.2532 0.0479 
          66  1 0.0729 0.0438 0.5522 0.0598 0.0510 0.0441 0.1392 0.0371 
          67  1 0.0917 0.0621 0.2144 0.1009 0.1608 0.0767 0.1746 0.1188 
          68  1 0.1221 0.0855 0.2667 0.0918 0.0879 0.0769 0.1302 0.1390 
          69  1 0.2535 0.1221 0.0729 0.1364 0.0640 0.0575 0.1141 0.1795 
          70  1 0.0376 0.0522 0.1375 0.0431 0.0547 0.0526 0.0921 0.5301 
          71  1 0.0654 0.1374 0.0437 0.1578 0.3165 0.1630 0.0585 0.0576 
          72  1 0.0495 0.0792 0.2460 0.0646 0.0900 0.0769 0.0857 0.3081 
          73  1 0.1084 0.2246 0.0410 0.0904 0.2295 0.2295 0.0341 0.0424 
          74  1 0.1779 0.1600 0.0507 0.1579 0.1452 0.1573 0.1029 0.0480 
          75  1 0.0481 0.1721 0.0904 0.0704 0.1069 0.1474 0.0605 0.3041 
          76  1 0.3529 0.1645 0.1246 0.1376 0.0643 0.0508 0.0428 0.0624 
          77  1 0.2473 0.1059 0.0572 0.1395 0.1883 0.0796 0.0544 0.1277 
          78  1 0.0469 0.2095 0.0555 0.0550 0.1191 0.1936 0.0737 0.2468 
          79  1 0.0325 0.2956 0.0421 0.0512 0.1579 0.3134 0.0345 0.0729 
          80  1 0.0432 0.0529 0.2073 0.0560 0.0540 0.0460 0.0803 0.4602 
          81  1 0.0948 0.1161 0.0502 0.1472 0.1019 0.1679 0.2284 0.0935 
          82  1 0.0693 0.1602 0.1602 0.0859 0.1452 0.1767 0.0539 0.1485 
          83  1 0.0430 0.1480 0.3409 0.0495 0.1110 0.1457 0.0383 0.1236 
          84  1 0.1036 0.1364 0.0520 0.1668 0.2057 0.1373 0.1093 0.0889 
          85  1 0.1436 0.0695 0.0624 0.1320 0.1062 0.0731 0.3637 0.0494 
          86  1 0.1966 0.1188 0.0224 0.1494 0.1490 0.0846 0.2475 0.0316 
          87  1 0.0582 0.0636 0.2550 0.0561 0.0665 0.0587 0.0766 0.3653 
          88  1 0.0668 0.1929 0.0754 0.1354 0.1716 0.2201 0.0800 0.0577 
          89  1 0.1944 0.0803 0.0265 0.1215 0.1053 0.0594 0.3817 0.0310 
          90  1 0.0912 0.2032 0.0427 0.1306 0.1698 0.1971 0.1065 0.0590 
          91  1 0.1269 0.0961 0.0366 0.1360 0.0623 0.1346 0.3339 0.0736 
          92  1 0.1487 0.1760 0.0540 0.1699 0.1829 0.1698 0.0471 0.0517 
          93  1 0.1945 0.1758 0.0418 0.1626 0.1134 0.1500 0.1124 0.0494 
          94  1 0.0959 0.1616 0.0213 0.1960 0.0923 0.2246 0.1458 0.0624 
          95  1 0.0602 0.1154 0.1288 0.1121 0.1229 0.1351 0.0967 0.2287 
          96  1 0.0926 0.0776 0.2210 0.1028 0.0836 0.0953 0.1998 0.1273 
          97  1 0.0322 0.0342 0.7351 0.0380 0.0405 0.0373 0.0437 0.0390 
          98  1 0.0566 0.1390 0.1276 0.1395 0.1522 0.1825 0.0886 0.1139 
          99  1 0.2275 0.1463 0.1502 0.1439 0.0746 0.1057 0.0800 0.0718 
         100  1 0.1623 0.1444 0.2211 0.0829 0.0924 0.1187 0.0694 0.1089 
         101  1 0.0611 0.0976 0.2069 0.0981 0.1195 0.1262 0.1051 0.1854 
         102  1 0.0957 0.0788 0.1847 0.1098 0.1113 0.1035 0.1897 0.1266 
         103  1 0.0714 0.0776 0.2446 0.1063 0.1134 0.0898 0.1036 0.1933 
         104  1 0.1248 0.1095 0.2060 0.1163 0.0809 0.1013 0.0960 0.1652 
         105  1 0.0499 0.1006 0.0346 0.0543 0.0836 0.0821 0.1214 0.4734 
         106  1 0.0423 0.1482 0.3441 0.0485 0.1117 0.1393 0.0379 0.1280 
         107  1 0.0365 0.0390 0.6174 0.0406 0.0489 0.0397 0.0586 0.1192 
         108  1 0.1253 0.0756 0.1682 0.0985 0.0750 0.0761 0.2598 0.1215 
         109  1 0.1558 0.1548 0.0964 0.1542 0.1653 0.0964 0.0412 0.1359 
         110  1 0.2238 0.1157 0.0824 0.1522 0.0734 0.0862 0.1792 0.0870 
         111  1 0.1620 0.0825 0.0203 0.1388 0.0730 0.0969 0.3619 0.0647 
         112  1 0.1378 0.1071 0.0575 0.1058 0.0964 0.1009 0.3370 0.0576 
         113  1 0.1324 0.0838 0.0453 0.1303 0.1131 0.0821 0.1607 0.2524 
         114  1 0.1010 0.1614 0.0487 0.1612 0.1756 0.1749 0.1126 0.0645 
         115  1 0.1237 0.0605 0.1126 0.0956 0.0634 0.0629 0.3530 0.1282 
         116  1 0.0941 0.1467 0.0340 0.1664 0.2131 0.1795 0.1125 0.0537 
         117  1 0.1469 0.1453 0.0215 0.2200 0.1176 0.1816 0.1200 0.0472 
         118  1 0.0638 0.1517 0.2172 0.0821 0.1405 0.1454 0.0560 0.1435 
         119  1 0.1633 0.1242 0.1466 0.1643 0.1099 0.1368 0.0936 0.0614 
         120  1 0.1668 0.1362 0.0672 0.1593 0.1412 0.1551 0.0728 0.1014 
         121  1 0.1772 0.1688 0.0222 0.1586 0.1689 0.1710 0.0624 0.0710 
         122  1 0.1306 0.1116 0.1598 0.1581 0.1487 0.1234 0.0678 0.1001 
         123  1 0.0594 0.0987 0.4750 0.0570 0.0781 0.0870 0.0689 0.0758 
         124  1 0.1325 0.1144 0.0808 0.1232 0.1069 0.1103 0.1749 0.1570 
         125  1 0.0457 0.0614 0.2477 0.0972 0.1169 0.0846 0.0789 0.2677 
         126  1 0.2788 0.1403 0.0427 0.1514 0.1016 0.0835 0.1429 0.0588 
         127  1 0.3450 0.1713 0.0600 0.1774 0.0732 0.0783 0.0302 0.0646 
         128  1 0.0404 0.0712 0.5386 0.0714 0.0864 0.0823 0.0504 0.0592 
         129  1 0.2829 0.2321 0.0202 0.1126 0.1081 0.1728 0.0274 0.0439 
         130  1 0.1247 0.0687 0.1138 0.0827 0.0659 0.0699 0.3448 0.1295 
         131  1 0.3968 0.1915 0.0484 0.1533 0.0511 0.0715 0.0333 0.0541 
         132  1 0.0663 0.1073 0.0537 0.1770 0.2552 0.1687 0.0957 0.0761 
         133  1 0.1472 0.1042 0.0612 0.1900 0.2497 0.1430 0.0655 0.0392 
         134  1 0.0885 0.0675 0.2460 0.1099 0.1164 0.0751 0.1656 0.1311 
         135  1 0.1744 0.0853 0.0481 0.1523 0.1118 0.0861 0.3127 0.0293 
         136  1 0.1376 0.1129 0.0412 0.0955 0.1050 0.1115 0.3274 0.0688 
         137  1 0.0664 0.0614 0.1976 0.1172 0.1514 0.0880 0.0956 0.2223 
         138  1 0.1074 0.1023 0.1869 0.1638 0.1189 0.1332 0.0796 0.1077 
         139  1 0.0496 0.0397 0.6183 0.0504 0.0511 0.0421 0.0833 0.0653 
         140  1 0.0489 0.0532 0.5605 0.0669 0.0707 0.0643 0.0725 0.0629 
         141  1 0.1256 0.1296 0.1189 0.1733 0.1296 0.1467 0.1100 0.0662 
         142  1 0.1195 0.0670 0.1157 0.1082 0.0844 0.0846 0.3466 0.0740 
         143  1 0.0524 0.0702 0.1263 0.1377 0.2646 0.1184 0.0477 0.1829 
         144  1 0.1623 0.2196 0.0454 0.1053 0.1423 0.2306 0.0476 0.0470 
         145  1 0.0888 0.1049 0.2961 0.1076 0.1210 0.1091 0.0767 0.0959 
         146  1 0.0463 0.1113 0.0610 0.0527 0.0838 0.1044 0.0716 0.4690 
         147  1 0.0476 0.0723 0.3084 0.0970 0.0860 0.0899 0.0724 0.2265 
         148  1 0.1391 0.0873 0.0768 0.1337 0.1027 0.0993 0.3022 0.0589 
         149  1 0.1679 0.1408 0.1055 0.1407 0.0993 0.1362 0.0903 0.1192 
         150  1 0.0936 0.1711 0.0435 0.1829 0.0729 0.2347 0.1413 0.0600 
         151  1 0.0474 0.0645 0.3357 0.0996 0.1613 0.1022 0.0557 0.1337 
         152  1 0.0658 0.0971 0.1878 0.1219 0.1270 0.1163 0.0946 0.1895 
         153  1 0.0280 0.2891 0.0569 0.0523 0.1818 0.3029 0.0305 0.0585 
         154  1 0.1363 0.0789 0.0264 0.1460 0.1407 0.1175 0.3045 0.0498 
         155  1 0.0718 0.2487 0.0933 0.0985 0.1616 0.2202 0.0363 0.0696 
         156  1 0.0505 0.0659 0.0814 0.0905 0.1173 0.0858 0.0976 0.4110 
         157  1 0.1528 0.0977 0.2787 0.1365 0.1083 0.0877 0.0567 0.0817 
         158  1 0.0653 0.1749 0.1549 0.1169 0.1726 0.1921 0.0707 0.0525 
         159  1 0.1647 0.0651 0.0617 0.0952 0.0788 0.0528 0.4208 0.0609 
         160  1 0.1028 0.1562 0.1030 0.1177 0.1436 0.1612 0.1826 0.0328 
         161  1 0.2012 0.1695 0.0357 0.1368 0.1810 0.1347 0.0549 0.0862 
         162  1 0.0905 0.1525 0.0592 0.1318 0.1380 0.1987 0.1349 0.0944 
         163  1 0.0723 0.1215 0.1318 0.1181 0.1384 0.1280 0.1192 0.1706 
         164  1 0.1225 0.1285 0.0283 0.1940 0.1236 0.1819 0.1450 0.0763 
         165  1 0.1295 0.1446 0.0574 0.1716 0.1807 0.1534 0.0883 0.0746 
         166  1 0.0891 0.1777 0.0483 0.1204 0.1728 0.1681 0.1363 0.0872 
         167  1 0.0680 0.1660 0.0363 0.1365 0.1824 0.2031 0.0661 0.1416 
         168  1 0.1150 0.1205 0.0265 0.1502 0.0672 0.1584 0.2973 0.0649 
         169  1 0.1705 0.0427 0.0316 0.0975 0.0549 0.0449 0.5161 0.0417 
         170  1 0.1164 0.1558 0.0750 0.1931 0.1038 0.1904 0.1202 0.0453 
         171  1 0.1674 0.0753 0.0255 0.1211 0.0909 0.0770 0.3982 0.0447 
         172  1 0.3321 0.1565 0.0146 0.1667 0.0894 0.0798 0.1153 0.0456 
         173  1 0.1799 0.0614 0.0510 0.0926 0.0569 0.0337 0.3960 0.1284 
         174  1 0.0319 0.0455 0.5239 0.0447 0.0629 0.0548 0.0418 0.1944 
         175  1 0.1238 0.1455 0.0614 0.1794 0.1760 0.1853 0.0765 0.0522 
         176  1 0.0541 0.0570 0.6282 0.0475 0.0596 0.0488 0.0592 0.0457 
         177  1 0.1996 0.1617 0.0391 0.1749 0.1199 0.1580 0.0886 0.0582 
         178  1 0.0869 0.1559 0.0403 0.1590 0.1592 0.1919 0.1375 0.0694 
         179  1 0.1329 0.0895 0.1075 0.1422 0.1132 0.1111 0.2532 0.0504 
         180  1 0.0719 0.1504 0.1316 0.0748 0.1533 0.1537 0.0650 0.1993 
         181  1 0.0685 0.0755 0.1065 0.0996 0.1484 0.0896 0.1234 0.2887 
         182  1 0.2195 0.1429 0.0594 0.1508 0.1065 0.1030 0.1090 0.1088 
         183  1 0.3802 0.1685 0.0792 0.1755 0.0537 0.0569 0.0449 0.0412 
         184  1 0.1048 0.1215 0.0465 0.1603 0.1970 0.1561 0.1284 0.0854 
         185  1 0.0712 0.1648 0.0804 0.1619 0.1147 0.2135 0.1162 0.0774 
         186  1 0.0910 0.1268 0.0346 0.1666 0.1238 0.1848 0.1839 0.0886 
         187  1 0.1249 0.2061 0.0259 0.0936 0.1615 0.1808 0.0980 0.1091 
         188  1 0.2192 0.1407 0.0397 0.1744 0.0956 0.1067 0.1836 0.0400 
         189  1 0.1440 0.0417 0.0403 0.0918 0.0751 0.0489 0.5035 0.0548 
         190  1 0.1833 0.1023 0.1210 0.1011 0.0564 0.0439 0.0805 0.3116 
         191  1 0.1365 0.1010 0.1452 0.1125 0.1342 0.0872 0.1235 0.1599 
         192  1 0.1615 0.1378 0.0254 0.1568 0.1397 0.1250 0.1656 0.0881 
         193  1 0.0422 0.0683 0.2492 0.0601 0.0683 0.0700 0.0696 0.3723 
         194  1 0.1012 0.0714 0.3945 0.0660 0.0827 0.0597 0.0420 0.1825 
         195  1 0.0737 0.1818 0.1780 0.1054 0.1526 0.1648 0.0543 0.0893 
         196  1 0.1968 0.1663 0.0698 0.1672 0.0796 0.1554 0.0978 0.0671 
         197  1 0.3496 0.1871 0.0877 0.1322 0.0646 0.0813 0.0381 0.0594 
         198  1 0.1406 0.1609 0.0275 0.1870 0.0965 0.1911 0.1461 0.0502 
         199  1 0.0772 0.1416 0.0517 0.1797 0.1289 0.1989 0.1399 0.0821 
         200  1 0.1783 0.0423 0.0205 0.1094 0.0490 0.0395 0.5266 0.0344 
         201  1 0.0679 0.1399 0.0357 0.0981 0.1394 0.1175 0.0849 0.3166 
         202  1 0.1754 0.1094 0.0194 0.1525 0.1263 0.1225 0.2163 0.0782 
         203  1 0.0884 0.0950 0.0806 0.1151 0.1259 0.1164 0.1159 0.2627 
         204  1 0.1288 0.1102 0.0376 0.1422 0.1487 0.1175 0.2355 0.0795 
         205  1 0.0960 0.1062 0.1013 0.1520 0.1100 0.1489 0.1876 0.0980 
         206  1 0.0531 0.0425 0.5657 0.0402 0.0438 0.0331 0.0515 0.1701 
         207  1 0.0368 0.0425 0.6879 0.0475 0.0505 0.0483 0.0423 0.0442 
         208  1 0.0625 0.0765 0.1874 0.0840 0.1049 0.0683 0.0761 0.3402 
         209  1 0.2238 0.1158 0.1568 0.1344 0.0824 0.0703 0.0480 0.1686 
         210  1 0.1381 0.0934 0.3313 0.0906 0.0733 0.0624 0.0432 0.1676 
         211  1 0.0464 0.0932 0.0693 0.0441 0.0684 0.0681 0.0853 0.5252 
         212  1 0.1016 0.0531 0.1329 0.0641 0.0493 0.0381 0.2469 0.3138 
         213  1 0.4462 0.1848 0.0626 0.1551 0.0399 0.0409 0.0268 0.0436 
         214  1 0.0420 0.0551 0.5013 0.0545 0.0681 0.0538 0.0614 0.1638 
         215  1 0.0946 0.1012 0.2455 0.1164 0.0940 0.1246 0.0847 0.1389 
         216  1 0.1319 0.1363 0.0215 0.2264 0.2137 0.1622 0.0590 0.0491 
         217  1 0.1393 0.1165 0.0312 0.1023 0.1121 0.1080 0.3065 0.0841 
         218  1 0.0593 0.1729 0.0364 0.1572 0.1377 0.2378 0.1163 0.0824 
         219  1 0.2310 0.1314 0.0493 0.1411 0.1118 0.0975 0.0642 0.1737 
         220  1 0.0564 0.0721 0.3476 0.1123 0.1171 0.1080 0.0724 0.1142 
         221  1 0.2864 0.1645 0.0291 0.1592 0.1250 0.1149 0.0757 0.0453 
         222  1 0.0369 0.0537 0.1851 0.0418 0.0507 0.0481 0.0669 0.5168 
         223  1 0.1427 0.1453 0.0619 0.1490 0.0707 0.1506 0.1091 0.1707 
         224  1 0.1233 0.1341 0.0375 0.1134 0.1062 0.1003 0.0657 0.3194 
         225  1 0.0558 0.1573 0.1175 0.0581 0.1200 0.1482 0.0639 0.2793 
         226  1 0.1662 0.1533 0.0827 0.1820 0.1428 0.1512 0.0804 0.0413 
         227  1 0.1070 0.1492 0.0433 0.1809 0.1175 0.1857 0.1286 0.0878 
         228  1 0.3376 0.1635 0.0626 0.1529 0.0812 0.0609 0.0644 0.0769 
         229  1 0.1060 0.1649 0.0364 0.0937 0.1443 0.1844 0.1979 0.0724 
         230  1 0.0878 0.1300 0.0609 0.1298 0.2002 0.1364 0.1498 0.1051 
         231  1 0.1142 0.1227 0.0612 0.1730 0.1705 0.1580 0.1419 0.0585 
         232  1 0.0612 0.1219 0.0345 0.1328 0.2068 0.1637 0.1343 0.1448 
         233  1 0.1334 0.2237 0.0334 0.1630 0.1848 0.1751 0.0417 0.0450 
         234  1 0.2298 0.1444 0.0577 0.2096 0.1379 0.0990 0.0683 0.0532 
         235  1 0.2471 0.1471 0.1496 0.1576 0.1006 0.0886 0.0640 0.0454 
         236  1 0.2996 0.1491 0.0882 0.1493 0.1150 0.0953 0.0470 0.0565 
         237  1 0.1293 0.0801 0.5217 0.0824 0.0499 0.0503 0.0302 0.0560 
         238  1 0.0984 0.1595 0.1048 0.1677 0.0816 0.2028 0.1414 0.0437 
         239  1 0.1101 0.1332 0.0471 0.1415 0.0685 0.1512 0.2717 0.0767 
         240  1 0.0953 0.1770 0.0351 0.1534 0.1912 0.1614 0.1006 0.0861 
         241  1 0.0941 0.1397 0.0366 0.2201 0.1253 0.2172 0.1225 0.0444 
         242  1 0.1390 0.1437 0.0313 0.1731 0.1661 0.1569 0.1277 0.0621 
         243  1 0.1290 0.0896 0.4387 0.0867 0.0590 0.0609 0.0386 0.0975 
         244  1 0.1430 0.1164 0.0406 0.2349 0.1829 0.1514 0.1020 0.0288 
         245  1 0.2547 0.2241 0.0234 0.1256 0.1132 0.1604 0.0469 0.0517 
         246  1 0.1073 0.2118 0.0367 0.0802 0.1245 0.1973 0.1829 0.0592 
         247  1 0.1504 0.0658 0.0322 0.1226 0.0734 0.0854 0.4145 0.0556 
         248  1 0.2563 0.1574 0.0580 0.2028 0.0694 0.1177 0.0761 0.0622 
         249  1 0.0820 0.1633 0.2175 0.0790 0.1578 0.1553 0.0569 0.0882 
         250  1 0.0730 0.0741 0.2499 0.1027 0.1128 0.0974 0.1352 0.1547 
         251  1 0.1387 0.1586 0.0575 0.1796 0.1142 0.2003 0.1064 0.0447 
         252  1 0.0471 0.1263 0.3392 0.0701 0.1158 0.1351 0.0429 0.1236 
         253  1 0.1451 0.1079 0.0866 0.1719 0.1325 0.1313 0.1373 0.0874 
         254  1 0.0491 0.0458 0.3538 0.0440 0.0507 0.0370 0.0852 0.3345 
         255  1 0.0909 0.1685 0.1805 0.0644 0.1059 0.1371 0.0713 0.1814 
         256  1 0.4392 0.1811 0.0519 0.1632 0.0410 0.0369 0.0379 0.0488 
         257  1 0.0533 0.0532 0.0615 0.0482 0.0698 0.0412 0.0962 0.5767 
         258  1 0.2049 0.1120 0.2258 0.1379 0.0918 0.0694 0.0620 0.0963 
         259  1 0.0512 0.0962 0.3779 0.0909 0.0566 0.1153 0.0975 0.1144 
         260  1 0.0492 0.0461 0.5852 0.0381 0.0403 0.0400 0.0726 0.1285 
