           1  1 0.1893 0.0974 0.1468 0.1709 0.0909 0.3046 
           2  1 0.3251 0.1904 0.0411 0.1475 0.0480 0.2479 
           3  1 0.3210 0.1948 0.0416 0.1466 0.0460 0.2500 
           4  1 0.1697 0.1359 0.3317 0.2093 0.0373 0.1160 
           5  1 0.0654 0.4292 0.1452 0.0737 0.0404 0.2462 
           6  1 0.0828 0.1227 0.0417 0.0572 0.5717 0.1239 
           7  1 0.3350 0.0839 0.0723 0.3956 0.0466 0.0666 
           8  1 0.1014 0.1236 0.0688 0.0705 0.5104 0.1253 
           9  1 0.0893 0.2120 0.4284 0.0957 0.0696 0.1050 
          10  1 0.2348 0.2322 0.0909 0.1025 0.1224 0.2172 
          11  1 0.0695 0.4320 0.1494 0.0750 0.0431 0.2309 
          12  1 0.0665 0.0528 0.0474 0.0596 0.7036 0.0700 
          13  1 0.0514 0.0605 0.0818 0.0626 0.7019 0.0418 
          14  1 0.1001 0.1637 0.0810 0.0848 0.4040 0.1664 
          15  1 0.0456 0.2205 0.5520 0.0725 0.0441 0.0652 
          16  1 0.1427 0.1561 0.1776 0.1552 0.1206 0.2479 
          17  1 0.3493 0.0421 0.0322 0.4532 0.0580 0.0651 
          18  1 0.0839 0.0779 0.1314 0.0892 0.5161 0.1015 
          19  1 0.1018 0.1155 0.1577 0.0949 0.4268 0.1033 
          20  1 0.3094 0.0656 0.1002 0.4160 0.0348 0.0740 
          21  1 0.2289 0.0727 0.1224 0.3005 0.1492 0.1263 
          22  1 0.3048 0.1577 0.0847 0.1946 0.0682 0.1900 
          23  1 0.0618 0.1624 0.4908 0.0963 0.1020 0.0867 
          24  1 0.1995 0.0705 0.1139 0.1974 0.1788 0.2400 
          25  1 0.1551 0.3676 0.0786 0.0743 0.0301 0.2943 
          26  1 0.0739 0.3667 0.2179 0.0861 0.0618 0.1936 
          27  1 0.1040 0.3086 0.0963 0.0980 0.1703 0.2228 
          28  1 0.0984 0.2120 0.2355 0.1268 0.1513 0.1759 
          29  1 0.1920 0.2233 0.1250 0.1217 0.0991 0.2389 
          30  1 0.2504 0.2306 0.0841 0.1194 0.0769 0.2386 
          31  1 0.2212 0.0878 0.0885 0.2595 0.1572 0.1857 
          32  1 0.1759 0.0722 0.1158 0.1706 0.1461 0.3194 
          33  1 0.2700 0.1606 0.0989 0.2812 0.0776 0.1118 
          34  1 0.1337 0.2500 0.1300 0.1143 0.1600 0.2121 
          35  1 0.2430 0.0773 0.0776 0.2102 0.0612 0.3307 
          36  1 0.1012 0.1975 0.3183 0.1067 0.1394 0.1368 
          37  1 0.3228 0.1366 0.0851 0.1659 0.1477 0.1419 
          38  1 0.0942 0.3776 0.0777 0.0958 0.0775 0.2771 
          39  1 0.0687 0.1823 0.4343 0.0907 0.1386 0.0853 
          40  1 0.1293 0.2648 0.0978 0.0826 0.1981 0.2274 
          41  1 0.0424 0.0416 0.0570 0.0415 0.7729 0.0446 
          42  1 0.1438 0.0684 0.1458 0.1512 0.2031 0.2877 
          43  1 0.2916 0.2082 0.0968 0.1803 0.0280 0.1950 
          44  1 0.2724 0.1035 0.0843 0.2186 0.0607 0.2605 
          45  1 0.3547 0.1239 0.0463 0.2591 0.0599 0.1561 
          46  1 0.0861 0.3555 0.0985 0.0899 0.1358 0.2341 
          47  1 0.2073 0.1085 0.0605 0.1153 0.4190 0.0895 
          48  1 0.2644 0.1959 0.0813 0.1221 0.1208 0.2155 
          49  1 0.0746 0.3508 0.1627 0.0907 0.0949 0.2263 
          50  1 0.0671 0.4049 0.1652 0.0940 0.0376 0.2312 
          51  1 0.3001 0.0389 0.0419 0.3583 0.2110 0.0498 
          52  1 0.0645 0.2001 0.5195 0.0856 0.0596 0.0707 
          53  1 0.1755 0.0698 0.0588 0.1558 0.3605 0.1795 
          54  1 0.2462 0.1584 0.1097 0.1557 0.0491 0.2808 
          55  1 0.0946 0.3083 0.2249 0.1108 0.0513 0.2102 
          56  1 0.1212 0.3142 0.1559 0.1220 0.0601 0.2266 
          57  1 0.2767 0.2298 0.0310 0.1192 0.0516 0.2916 
          58  1 0.3300 0.1510 0.0691 0.2218 0.0859 0.1423 
          59  1 0.0763 0.1655 0.4340 0.1134 0.0886 0.1221 
          60  1 0.1540 0.2200 0.1013 0.1198 0.1286 0.2764 
          61  1 0.1293 0.0954 0.1192 0.1339 0.3096 0.2126 
          62  1 0.0646 0.4365 0.1707 0.0720 0.0252 0.2311 
          63  1 0.2273 0.0410 0.1047 0.2033 0.0415 0.3822 
          64  1 0.0941 0.1859 0.3060 0.1248 0.1189 0.1703 
          65  1 0.1038 0.1696 0.0766 0.0865 0.4249 0.1385 
          66  1 0.0550 0.1550 0.4198 0.0837 0.2386 0.0479 
          67  1 0.0883 0.1247 0.3775 0.1163 0.2322 0.0612 
          68  1 0.1210 0.1824 0.2717 0.1715 0.1482 0.1051 
          69  1 0.2698 0.0723 0.0888 0.3643 0.1419 0.0628 
          70  1 0.0566 0.2050 0.4334 0.0932 0.0950 0.1169 
          71  1 0.2517 0.2151 0.1284 0.1237 0.0591 0.2221 
          72  1 0.0663 0.3073 0.3107 0.0871 0.0748 0.1538 
          73  1 0.0953 0.4253 0.0989 0.0987 0.0357 0.2460 
          74  1 0.2279 0.0936 0.1070 0.2284 0.0932 0.2499 
          75  1 0.0595 0.4420 0.1202 0.0656 0.0385 0.2742 
          76  1 0.3222 0.0813 0.0923 0.4136 0.0363 0.0543 
          77  1 0.2625 0.0645 0.1491 0.4018 0.0463 0.0759 
          78  1 0.0546 0.4412 0.0699 0.0499 0.0714 0.3130 
          79  1 0.0484 0.4782 0.0596 0.0429 0.0335 0.3373 
          80  1 0.0498 0.2845 0.4092 0.0910 0.0553 0.1102 
          81  1 0.1184 0.0598 0.1077 0.1224 0.3379 0.2537 
          82  1 0.1092 0.3261 0.2034 0.0983 0.0502 0.2127 
          83  1 0.0473 0.4349 0.2186 0.0556 0.0342 0.2094 
          84  1 0.2463 0.1775 0.1010 0.1213 0.1783 0.1756 
          85  1 0.0699 0.0606 0.0722 0.0614 0.6700 0.0658 
          86  1 0.2046 0.0851 0.0483 0.1710 0.4004 0.0906 
          87  1 0.0596 0.2964 0.3854 0.0819 0.0632 0.1135 
          88  1 0.2303 0.2019 0.1020 0.1345 0.0550 0.2763 
          89  1 0.1329 0.0427 0.0561 0.1189 0.5952 0.0543 
          90  1 0.2121 0.2497 0.0578 0.0839 0.1474 0.2490 
          91  1 0.0965 0.0497 0.0666 0.1041 0.5045 0.1785 
          92  1 0.3232 0.1910 0.0789 0.1846 0.0380 0.1843 
          93  1 0.2541 0.0960 0.0736 0.2434 0.1081 0.2248 
          94  1 0.2196 0.0593 0.0769 0.2121 0.0631 0.3691 
          95  1 0.1075 0.2340 0.2579 0.1288 0.0530 0.2187 
          96  1 0.0815 0.1147 0.2832 0.1199 0.2809 0.1198 
          97  1 0.0387 0.2121 0.5831 0.0734 0.0531 0.0396 
          98  1 0.1446 0.1866 0.2342 0.1300 0.0672 0.2374 
          99  1 0.2485 0.0908 0.1425 0.3321 0.0647 0.1214 
         100  1 0.1494 0.2506 0.1929 0.1909 0.0737 0.1425 
         101  1 0.0906 0.1686 0.3754 0.1224 0.1132 0.1299 
         102  1 0.0884 0.1416 0.2144 0.1128 0.2847 0.1580 
         103  1 0.0973 0.1697 0.4100 0.0983 0.1320 0.0928 
         104  1 0.1561 0.1308 0.2855 0.2118 0.0803 0.1356 
         105  1 0.0650 0.2893 0.1187 0.0858 0.2163 0.2250 
         106  1 0.0467 0.4296 0.2215 0.0591 0.0327 0.2103 
         107  1 0.0363 0.2241 0.5671 0.0692 0.0593 0.0440 
         108  1 0.0862 0.1352 0.1756 0.1079 0.3894 0.1057 
         109  1 0.2893 0.2156 0.0869 0.2111 0.0383 0.1588 
         110  1 0.2038 0.0704 0.0980 0.2826 0.2341 0.1110 
         111  1 0.0866 0.0480 0.0452 0.0785 0.6118 0.1298 
         112  1 0.0664 0.0988 0.0567 0.0509 0.6299 0.0974 
         113  1 0.1879 0.0893 0.1143 0.2045 0.3028 0.1012 
         114  1 0.2612 0.1723 0.0768 0.1272 0.1387 0.2237 
         115  1 0.0706 0.0917 0.1645 0.0958 0.4955 0.0819 
         116  1 0.2161 0.1481 0.1064 0.1601 0.1479 0.2214 
         117  1 0.2304 0.0701 0.0729 0.2342 0.0781 0.3144 
         118  1 0.0958 0.3488 0.2015 0.0745 0.0731 0.2064 
         119  1 0.2219 0.0924 0.1570 0.2958 0.0525 0.1804 
         120  1 0.2312 0.1098 0.1523 0.2701 0.0253 0.2113 
         121  1 0.2614 0.1287 0.0866 0.2496 0.0345 0.2393 
         122  1 0.2191 0.1427 0.2270 0.2162 0.0730 0.1220 
         123  1 0.0710 0.2965 0.3329 0.0747 0.0845 0.1404 
         124  1 0.1720 0.0841 0.1513 0.2085 0.2505 0.1336 
         125  1 0.0631 0.1800 0.5328 0.0915 0.0606 0.0721 
         126  1 0.2488 0.0692 0.0690 0.3370 0.1852 0.0909 
         127  1 0.3362 0.0947 0.0557 0.4138 0.0244 0.0751 
         128  1 0.0713 0.2192 0.4666 0.0926 0.0547 0.0957 
         129  1 0.2446 0.2338 0.0412 0.2705 0.0249 0.1850 
         130  1 0.0607 0.1515 0.1078 0.0722 0.5122 0.0956 
         131  1 0.3296 0.0966 0.0436 0.4131 0.0252 0.0919 
         132  1 0.1968 0.1118 0.1892 0.1677 0.0911 0.2435 
         133  1 0.2416 0.0767 0.1545 0.2732 0.0680 0.1860 
         134  1 0.0865 0.1498 0.3408 0.0842 0.2615 0.0773 
         135  1 0.1625 0.0830 0.0548 0.1111 0.5075 0.0810 
         136  1 0.0734 0.1286 0.0543 0.0627 0.5534 0.1277 
         137  1 0.0685 0.1579 0.4876 0.1137 0.1040 0.0683 
         138  1 0.2096 0.1245 0.2139 0.2161 0.0561 0.1797 
         139  1 0.0462 0.1886 0.5439 0.0801 0.1008 0.0405 
         140  1 0.0546 0.1970 0.5135 0.0818 0.0886 0.0646 
         141  1 0.1943 0.0918 0.1850 0.2187 0.0890 0.2211 
         142  1 0.0737 0.0745 0.1590 0.0800 0.5244 0.0884 
         143  1 0.1247 0.1559 0.4171 0.1478 0.0342 0.1204 
         144  1 0.2004 0.2755 0.0645 0.1837 0.0285 0.2473 
         145  1 0.1203 0.1638 0.3556 0.1633 0.0631 0.1338 
         146  1 0.0573 0.4171 0.1670 0.0792 0.0473 0.2321 
         147  1 0.0840 0.1896 0.4710 0.1080 0.0298 0.1175 
         148  1 0.1311 0.0901 0.0836 0.0862 0.4798 0.1292 
         149  1 0.1990 0.1198 0.1583 0.2538 0.0667 0.2025 
         150  1 0.2287 0.0482 0.0913 0.2195 0.0359 0.3765 
         151  1 0.0623 0.1818 0.5391 0.0939 0.0498 0.0731 
         152  1 0.1183 0.1694 0.3363 0.1377 0.0722 0.1661 
         153  1 0.0422 0.4982 0.0648 0.0355 0.0273 0.3320 
         154  1 0.1071 0.0455 0.0703 0.1180 0.5175 0.1415 
         155  1 0.1524 0.3795 0.0782 0.0726 0.0321 0.2852 
         156  1 0.1072 0.1485 0.3745 0.1309 0.0852 0.1536 
         157  1 0.2135 0.1345 0.2463 0.2532 0.0731 0.0795 
         158  1 0.1908 0.2424 0.1812 0.1032 0.0745 0.2079 
         159  1 0.0767 0.0644 0.0783 0.0717 0.6530 0.0559 
         160  1 0.1797 0.1846 0.0926 0.0878 0.2970 0.1584 
         161  1 0.2233 0.2227 0.0679 0.2584 0.0481 0.1796 
         162  1 0.1405 0.1752 0.1152 0.1288 0.1530 0.2872 
         163  1 0.1095 0.2599 0.1834 0.1267 0.1110 0.2094 
         164  1 0.2334 0.0795 0.0710 0.2003 0.1393 0.2765 
         165  1 0.2707 0.1462 0.1025 0.1972 0.0983 0.1850 
         166  1 0.1712 0.1803 0.0878 0.1050 0.2507 0.2050 
         167  1 0.2277 0.2236 0.1128 0.1340 0.0441 0.2579 
         168  1 0.1164 0.0430 0.0702 0.1161 0.4070 0.2473 
         169  1 0.0436 0.0355 0.0453 0.0488 0.7814 0.0455 
         170  1 0.2132 0.0752 0.0959 0.2236 0.0717 0.3204 
         171  1 0.0699 0.0837 0.0383 0.0506 0.6842 0.0732 
         172  1 0.3175 0.0626 0.0371 0.3534 0.1327 0.0967 
         173  1 0.1104 0.0693 0.0949 0.1255 0.5525 0.0473 
         174  1 0.0467 0.2569 0.5238 0.0752 0.0223 0.0751 
         175  1 0.2822 0.1284 0.1116 0.2122 0.0430 0.2227 
         176  1 0.0634 0.2303 0.4566 0.0872 0.0863 0.0761 
         177  1 0.2652 0.0969 0.0714 0.2676 0.0439 0.2549 
         178  1 0.1938 0.1504 0.0971 0.1415 0.1599 0.2573 
         179  1 0.1799 0.1031 0.1069 0.1132 0.3695 0.1275 
         180  1 0.0691 0.4157 0.1587 0.0847 0.0436 0.2283 
         181  1 0.0935 0.1567 0.3262 0.1268 0.1783 0.1185 
         182  1 0.2567 0.0902 0.0971 0.3139 0.1127 0.1294 
         183  1 0.3336 0.0521 0.0719 0.4524 0.0479 0.0421 
         184  1 0.1801 0.0729 0.1654 0.1945 0.1468 0.2403 
         185  1 0.1889 0.1312 0.1130 0.1616 0.0615 0.3437 
         186  1 0.1481 0.0801 0.1211 0.1506 0.2017 0.2984 
         187  1 0.1122 0.3496 0.0593 0.1031 0.1230 0.2529 
         188  1 0.2370 0.0596 0.0712 0.2596 0.2345 0.1382 
         189  1 0.0386 0.0418 0.0631 0.0496 0.7590 0.0479 
         190  1 0.2250 0.1301 0.1854 0.3073 0.0765 0.0756 
         191  1 0.1455 0.1714 0.2281 0.1781 0.1584 0.1186 
         192  1 0.1884 0.1126 0.0524 0.1647 0.3399 0.1421 
         193  1 0.0563 0.3398 0.3240 0.0905 0.0394 0.1500 
         194  1 0.0912 0.2456 0.3975 0.1537 0.0277 0.0843 
         195  1 0.1461 0.3461 0.1256 0.0887 0.0634 0.2299 
         196  1 0.2442 0.0716 0.1011 0.2961 0.0355 0.2515 
         197  1 0.2966 0.1229 0.0735 0.3752 0.0356 0.0962 
         198  1 0.2168 0.0489 0.0840 0.2365 0.0725 0.3413 
         199  1 0.2333 0.0894 0.1150 0.1801 0.0790 0.3032 
         200  1 0.0417 0.0330 0.0321 0.0425 0.8130 0.0377 
         201  1 0.1491 0.3013 0.0928 0.1131 0.0777 0.2659 
         202  1 0.2039 0.0508 0.0745 0.1964 0.3002 0.1742 
         203  1 0.1383 0.1630 0.1886 0.1715 0.1147 0.2238 
         204  1 0.1303 0.1292 0.0791 0.0878 0.4579 0.1158 
         205  1 0.1263 0.0936 0.2006 0.1506 0.2247 0.2043 
         206  1 0.0537 0.2247 0.5495 0.0817 0.0457 0.0447 
         207  1 0.0511 0.2075 0.5665 0.0841 0.0389 0.0519 
         208  1 0.1044 0.2172 0.3651 0.1332 0.0603 0.1198 
         209  1 0.2483 0.1049 0.1935 0.3612 0.0318 0.0602 
         210  1 0.1602 0.2569 0.2428 0.2086 0.0258 0.1057 
         211  1 0.0586 0.3876 0.1724 0.0828 0.0612 0.2373 
         212  1 0.0742 0.2233 0.1628 0.0969 0.3269 0.1159 
         213  1 0.3649 0.0546 0.0510 0.4623 0.0260 0.0412 
         214  1 0.0522 0.1970 0.5614 0.0855 0.0406 0.0634 
         215  1 0.1369 0.1460 0.3553 0.1706 0.0432 0.1480 
         216  1 0.3561 0.1688 0.0582 0.1771 0.0423 0.1975 
         217  1 0.1076 0.1202 0.0703 0.1022 0.4778 0.1220 
         218  1 0.1903 0.1354 0.1118 0.1535 0.0625 0.3465 
         219  1 0.2771 0.1146 0.0932 0.3330 0.0379 0.1443 
         220  1 0.0892 0.1780 0.4653 0.1018 0.0682 0.0974 
         221  1 0.2935 0.0850 0.0759 0.3392 0.0696 0.1368 
         222  1 0.0404 0.3418 0.3868 0.0720 0.0300 0.1290 
         223  1 0.2069 0.0990 0.1352 0.2511 0.0525 0.2553 
         224  1 0.2203 0.1993 0.0881 0.2311 0.0723 0.1888 
         225  1 0.0539 0.4320 0.1536 0.0671 0.0493 0.2441 
         226  1 0.2479 0.0991 0.0980 0.2716 0.0875 0.1959 
         227  1 0.1985 0.0712 0.1222 0.2063 0.1200 0.2819 
         228  1 0.3128 0.0681 0.0740 0.4144 0.0654 0.0652 
         229  1 0.0957 0.2446 0.0814 0.0892 0.2894 0.1998 
         230  1 0.1363 0.1742 0.1152 0.1095 0.2925 0.1722 
         231  1 0.2227 0.0843 0.1406 0.2124 0.1362 0.2038 
         232  1 0.1460 0.1552 0.1575 0.1335 0.1384 0.2694 
         233  1 0.2892 0.2623 0.0416 0.1234 0.0508 0.2326 
         234  1 0.3390 0.0751 0.0743 0.3702 0.0825 0.0588 
         235  1 0.2728 0.0889 0.1295 0.3449 0.0759 0.0880 
         236  1 0.2796 0.0874 0.0994 0.4016 0.0301 0.1018 
         237  1 0.1445 0.1801 0.3868 0.2090 0.0279 0.0518 
         238  1 0.1954 0.0693 0.1160 0.2040 0.0850 0.3304 
         239  1 0.1300 0.0558 0.0828 0.1257 0.3601 0.2456 
         240  1 0.2225 0.1918 0.0775 0.1200 0.1601 0.2280 
         241  1 0.2495 0.0887 0.0704 0.2152 0.0433 0.3329 
         242  1 0.2543 0.1215 0.0758 0.1821 0.1540 0.2123 
         243  1 0.1632 0.1795 0.3175 0.2343 0.0282 0.0774 
         244  1 0.3108 0.1351 0.0545 0.1663 0.1727 0.1605 
         245  1 0.2572 0.2080 0.0436 0.2606 0.0482 0.1823 
         246  1 0.0837 0.3146 0.0501 0.0656 0.2498 0.2362 
         247  1 0.0669 0.0464 0.0570 0.0744 0.6482 0.1070 
         248  1 0.2790 0.0569 0.0744 0.4052 0.0568 0.1277 
         249  1 0.0884 0.3740 0.1685 0.0979 0.0629 0.2083 
         250  1 0.0700 0.1817 0.3978 0.0803 0.1878 0.0824 
         251  1 0.2941 0.1131 0.0689 0.2013 0.0428 0.2799 
         252  1 0.0849 0.2505 0.4074 0.0926 0.0219 0.1428 
         253  1 0.2039 0.1040 0.1098 0.1868 0.2474 0.1481 
         254  1 0.0625 0.1858 0.5106 0.0938 0.0837 0.0636 
         255  1 0.0838 0.3861 0.1338 0.0930 0.0660 0.2373 
         256  1 0.3576 0.0387 0.0592 0.4721 0.0378 0.0346 
         257  1 0.0887 0.2181 0.3152 0.1373 0.1050 0.1358 
         258  1 0.2288 0.1142 0.2469 0.2859 0.0633 0.0607 
         259  1 0.0913 0.1538 0.4354 0.1234 0.0640 0.1319 
         260  1 0.0468 0.2634 0.4570 0.0784 0.0744 0.0801 
