           1  1 0.1122 0.1071 0.0695 0.0532 0.6580 
           2  1 0.0381 0.0207 0.0683 0.0426 0.8302 
           3  1 0.0376 0.0196 0.0710 0.0431 0.8286 
           4  1 0.0269 0.5044 0.0390 0.3125 0.1172 
           5  1 0.0341 0.0784 0.8312 0.0350 0.0214 
           6  1 0.7660 0.0194 0.1038 0.0282 0.0825 
           7  1 0.0355 0.0454 0.0462 0.8022 0.0707 
           8  1 0.6924 0.0413 0.0904 0.0385 0.1374 
           9  1 0.0753 0.6711 0.1211 0.0319 0.1006 
          10  1 0.2578 0.0873 0.2316 0.0319 0.3915 
          11  1 0.0244 0.0685 0.8448 0.0384 0.0238 
          12  1 0.8422 0.0290 0.0273 0.0254 0.0762 
          13  1 0.7576 0.0938 0.0501 0.0753 0.0231 
          14  1 0.6378 0.0381 0.1768 0.0323 0.1150 
          15  1 0.0232 0.8531 0.0712 0.0251 0.0274 
          16  1 0.1488 0.2562 0.2516 0.1632 0.1803 
          17  1 0.0451 0.0156 0.0220 0.8271 0.0902 
          18  1 0.6525 0.1550 0.0393 0.0378 0.1153 
          19  1 0.5713 0.1791 0.0833 0.0504 0.1159 
          20  1 0.0219 0.0702 0.0446 0.8268 0.0364 
          21  1 0.1304 0.0938 0.0378 0.6536 0.0844 
          22  1 0.0879 0.0708 0.0677 0.2351 0.5385 
          23  1 0.0665 0.8191 0.0393 0.0293 0.0458 
          24  1 0.2320 0.0800 0.0396 0.2020 0.4465 
          25  1 0.0265 0.0479 0.5683 0.0259 0.3314 
          26  1 0.0538 0.1313 0.7163 0.0409 0.0577 
          27  1 0.1900 0.0655 0.5964 0.0906 0.0576 
          28  1 0.1618 0.3039 0.3684 0.0999 0.0661 
          29  1 0.1524 0.0532 0.2676 0.0519 0.4750 
          30  1 0.0693 0.0444 0.1771 0.0332 0.6760 
          31  1 0.1528 0.0476 0.0768 0.5962 0.1266 
          32  1 0.2147 0.0589 0.0397 0.0303 0.6565 
          33  1 0.0603 0.0663 0.2254 0.6113 0.0368 
          34  1 0.2622 0.0927 0.4604 0.0825 0.1022 
          35  1 0.0434 0.0242 0.0256 0.0697 0.8371 
          36  1 0.1292 0.5343 0.1593 0.0697 0.1075 
          37  1 0.1937 0.0210 0.0281 0.0820 0.6752 
          38  1 0.0885 0.0315 0.6938 0.0645 0.1216 
          39  1 0.0928 0.7194 0.1042 0.0479 0.0358 
          40  1 0.2417 0.0787 0.3873 0.0456 0.2467 
          41  1 0.9049 0.0269 0.0216 0.0192 0.0274 
          42  1 0.3990 0.1206 0.0678 0.0835 0.3291 
          43  1 0.0273 0.0763 0.2979 0.3586 0.2399 
          44  1 0.0460 0.0397 0.0390 0.1166 0.7588 
          45  1 0.0470 0.0204 0.0533 0.5037 0.3756 
          46  1 0.0979 0.0680 0.7265 0.0793 0.0283 
          47  1 0.5811 0.0388 0.0197 0.1079 0.2526 
          48  1 0.2233 0.0370 0.1498 0.0549 0.5350 
          49  1 0.1020 0.1005 0.6980 0.0427 0.0569 
          50  1 0.0259 0.0450 0.8675 0.0276 0.0340 
          51  1 0.1257 0.0270 0.0212 0.7945 0.0316 
          52  1 0.0427 0.8002 0.0712 0.0419 0.0439 
          53  1 0.4139 0.0311 0.0360 0.1792 0.3398 
          54  1 0.0400 0.0607 0.0736 0.0282 0.7975 
          55  1 0.0489 0.2661 0.5372 0.0817 0.0661 
          56  1 0.0756 0.0973 0.6638 0.0686 0.0947 
          57  1 0.0563 0.0132 0.1975 0.0835 0.6495 
          58  1 0.1212 0.0402 0.1371 0.4937 0.2078 
          59  1 0.0545 0.7706 0.0661 0.0425 0.0662 
          60  1 0.1460 0.0399 0.2511 0.0537 0.5093 
          61  1 0.4657 0.0964 0.0823 0.0850 0.2706 
          62  1 0.0169 0.1094 0.7944 0.0417 0.0376 
          63  1 0.0431 0.0399 0.0191 0.0222 0.8757 
          64  1 0.1038 0.5041 0.2158 0.0703 0.1060 
          65  1 0.5686 0.0539 0.2328 0.0944 0.0502 
          66  1 0.1690 0.7210 0.0324 0.0382 0.0394 
          67  1 0.2052 0.6315 0.0439 0.0837 0.0358 
          68  1 0.1045 0.4137 0.1819 0.2609 0.0390 
          69  1 0.0913 0.0662 0.0401 0.7691 0.0332 
          70  1 0.0685 0.7119 0.1327 0.0521 0.0348 
          71  1 0.0802 0.0442 0.2459 0.0440 0.5857 
          72  1 0.0527 0.3913 0.4405 0.0651 0.0504 
          73  1 0.0288 0.0267 0.8411 0.0648 0.0386 
          74  1 0.0981 0.0486 0.0755 0.3423 0.4355 
          75  1 0.0284 0.0774 0.8228 0.0204 0.0509 
          76  1 0.0266 0.0706 0.0669 0.8078 0.0280 
          77  1 0.0377 0.0825 0.0533 0.7788 0.0476 
          78  1 0.0530 0.0355 0.8648 0.0237 0.0229 
          79  1 0.0286 0.0384 0.8526 0.0199 0.0606 
          80  1 0.0372 0.6678 0.2187 0.0529 0.0234 
          81  1 0.6024 0.0730 0.0385 0.0310 0.2550 
          82  1 0.0410 0.2080 0.5858 0.0705 0.0947 
          83  1 0.0260 0.1977 0.7116 0.0330 0.0318 
          84  1 0.3707 0.0798 0.1245 0.0442 0.3808 
          85  1 0.8360 0.0376 0.0262 0.0219 0.0784 
          86  1 0.4993 0.0170 0.0824 0.3328 0.0684 
          87  1 0.0394 0.5574 0.3306 0.0496 0.0230 
          88  1 0.0412 0.0601 0.1265 0.0283 0.7438 
          89  1 0.7058 0.0263 0.0306 0.1799 0.0574 
          90  1 0.2209 0.0437 0.3252 0.0218 0.3884 
          91  1 0.6848 0.0378 0.0302 0.0191 0.2279 
          92  1 0.0378 0.0413 0.1472 0.1961 0.5777 
          93  1 0.1061 0.0337 0.0543 0.2354 0.5705 
          94  1 0.0579 0.0177 0.0231 0.0741 0.8272 
          95  1 0.0528 0.4283 0.3166 0.0762 0.1261 
          96  1 0.3046 0.5224 0.0421 0.0656 0.0653 
          97  1 0.0365 0.8872 0.0214 0.0221 0.0328 
          98  1 0.0746 0.3265 0.1992 0.0542 0.3456 
          99  1 0.0483 0.1294 0.0549 0.6719 0.0955 
         100  1 0.0500 0.2328 0.4155 0.2716 0.0301 
         101  1 0.1086 0.6739 0.0873 0.0524 0.0778 
         102  1 0.3840 0.3094 0.1146 0.0625 0.1294 
         103  1 0.1175 0.6966 0.0430 0.0415 0.1013 
         104  1 0.0687 0.4214 0.0465 0.3618 0.1016 
         105  1 0.2517 0.0849 0.6034 0.0381 0.0219 
         106  1 0.0245 0.1948 0.7109 0.0379 0.0319 
         107  1 0.0379 0.8652 0.0516 0.0290 0.0163 
         108  1 0.4328 0.2449 0.1258 0.1264 0.0701 
         109  1 0.0292 0.0535 0.4318 0.4212 0.0643 
         110  1 0.2022 0.0888 0.0345 0.5742 0.1003 
         111  1 0.7901 0.0165 0.0294 0.0184 0.1455 
         112  1 0.8118 0.0373 0.0734 0.0226 0.0550 
         113  1 0.3594 0.0909 0.0520 0.4089 0.0889 
         114  1 0.2076 0.0406 0.0856 0.0290 0.6372 
         115  1 0.5094 0.2821 0.0790 0.0900 0.0396 
         116  1 0.2450 0.0305 0.1159 0.0894 0.5192 
         117  1 0.0738 0.0186 0.0271 0.1505 0.7300 
         118  1 0.0687 0.2180 0.6139 0.0429 0.0566 
         119  1 0.0436 0.1723 0.0339 0.5035 0.2468 
         120  1 0.0261 0.1389 0.1164 0.4254 0.2932 
         121  1 0.0378 0.0238 0.1506 0.4240 0.3637 
         122  1 0.0725 0.2810 0.0659 0.3113 0.2693 
         123  1 0.0725 0.3937 0.4442 0.0501 0.0394 
         124  1 0.2934 0.1584 0.0381 0.3832 0.1268 
         125  1 0.0391 0.8517 0.0334 0.0268 0.0490 
         126  1 0.1864 0.0386 0.0617 0.6288 0.0845 
         127  1 0.0186 0.0377 0.0707 0.8082 0.0649 
         128  1 0.0422 0.7467 0.0833 0.0289 0.0989 
         129  1 0.0214 0.0146 0.4072 0.4996 0.0572 
         130  1 0.5576 0.1156 0.2352 0.0640 0.0275 
         131  1 0.0183 0.0236 0.1062 0.7910 0.0609 
         132  1 0.1006 0.1154 0.0733 0.0603 0.6504 
         133  1 0.0936 0.0846 0.0332 0.4178 0.3708 
         134  1 0.3048 0.5211 0.0507 0.0442 0.0792 
         135  1 0.6191 0.0435 0.0296 0.1472 0.1605 
         136  1 0.7087 0.0284 0.1606 0.0437 0.0586 
         137  1 0.0696 0.7905 0.0338 0.0641 0.0420 
         138  1 0.0448 0.2768 0.0340 0.3007 0.3437 
         139  1 0.0474 0.8766 0.0216 0.0289 0.0255 
         140  1 0.0580 0.8139 0.0560 0.0315 0.0405 
         141  1 0.0950 0.2064 0.0217 0.2307 0.4462 
         142  1 0.5782 0.2527 0.0247 0.0270 0.1174 
         143  1 0.0314 0.6056 0.1119 0.0984 0.1527 
         144  1 0.0213 0.0278 0.4126 0.2481 0.2902 
         145  1 0.0556 0.5822 0.0979 0.1731 0.0911 
         146  1 0.0368 0.1373 0.7498 0.0510 0.0251 
         147  1 0.0256 0.7683 0.0590 0.0404 0.1067 
         148  1 0.5792 0.0754 0.0348 0.0298 0.2808 
         149  1 0.0575 0.1771 0.0963 0.4426 0.2263 
         150  1 0.0301 0.0333 0.0188 0.0584 0.8595 
         151  1 0.0381 0.8209 0.0565 0.0344 0.0502 
         152  1 0.0643 0.5859 0.0972 0.0819 0.1708 
         153  1 0.0199 0.0333 0.9087 0.0156 0.0225 
         154  1 0.7147 0.0206 0.0207 0.0679 0.1760 
         155  1 0.0338 0.0504 0.7979 0.0463 0.0716 
         156  1 0.0902 0.6432 0.0916 0.0560 0.1190 
         157  1 0.0642 0.3301 0.0413 0.4538 0.1106 
         158  1 0.0899 0.2393 0.2809 0.0396 0.3503 
         159  1 0.7765 0.0624 0.0683 0.0709 0.0218 
         160  1 0.5320 0.0684 0.1495 0.0507 0.1994 
         161  1 0.0443 0.0237 0.3693 0.4755 0.0872 
         162  1 0.2335 0.0697 0.2051 0.0591 0.4325 
         163  1 0.0995 0.1903 0.5153 0.1024 0.0925 
         164  1 0.1256 0.0278 0.0292 0.1246 0.6928 
         165  1 0.0997 0.0641 0.0659 0.1825 0.5878 
         166  1 0.4126 0.0465 0.1614 0.0361 0.3435 
         167  1 0.0446 0.0578 0.1995 0.0322 0.6659 
         168  1 0.6211 0.0282 0.0275 0.0204 0.3029 
         169  1 0.8989 0.0219 0.0233 0.0291 0.0268 
         170  1 0.0724 0.0551 0.0230 0.1772 0.6723 
         171  1 0.8487 0.0185 0.0601 0.0280 0.0447 
         172  1 0.1162 0.0124 0.0618 0.7254 0.0842 
         173  1 0.5736 0.0931 0.0761 0.2372 0.0200 
         174  1 0.0154 0.7987 0.1163 0.0309 0.0387 
         175  1 0.0329 0.0459 0.0531 0.1072 0.7609 
         176  1 0.0626 0.6921 0.1521 0.0567 0.0366 
         177  1 0.0393 0.0297 0.0594 0.2301 0.6416 
         178  1 0.2445 0.0405 0.1603 0.0655 0.4892 
         179  1 0.4146 0.0959 0.0262 0.0247 0.4386 
         180  1 0.0289 0.1061 0.7842 0.0470 0.0338 
         181  1 0.2068 0.4936 0.1393 0.0998 0.0605 
         182  1 0.1004 0.0667 0.0647 0.6473 0.1207 
         183  1 0.0321 0.0517 0.0169 0.8686 0.0306 
         184  1 0.3474 0.1303 0.0801 0.2007 0.2415 
         185  1 0.0714 0.0596 0.1095 0.0472 0.7122 
         186  1 0.3992 0.0647 0.0790 0.0628 0.3942 
         187  1 0.1493 0.0205 0.7311 0.0646 0.0344 
         188  1 0.2205 0.0351 0.0323 0.5718 0.1404 
         189  1 0.8805 0.0396 0.0308 0.0217 0.0274 
         190  1 0.0493 0.1934 0.0864 0.6429 0.0279 
         191  1 0.1366 0.3157 0.2397 0.2627 0.0453 
         192  1 0.4802 0.0267 0.0806 0.2643 0.1482 
         193  1 0.0299 0.4729 0.3930 0.0574 0.0468 
         194  1 0.0205 0.5548 0.2432 0.1571 0.0243 
         195  1 0.0607 0.0948 0.7161 0.0656 0.0629 
         196  1 0.0351 0.0618 0.0441 0.5354 0.3236 
         197  1 0.0292 0.0550 0.1587 0.7167 0.0404 
         198  1 0.0708 0.0292 0.0167 0.1448 0.7384 
         199  1 0.0527 0.0464 0.0304 0.0239 0.8467 
         200  1 0.9109 0.0141 0.0221 0.0233 0.0296 
         201  1 0.0812 0.0466 0.7058 0.0661 0.1003 
         202  1 0.4051 0.0252 0.0362 0.2782 0.2553 
         203  1 0.1658 0.1955 0.2752 0.2511 0.1125 
         204  1 0.6967 0.0423 0.1122 0.0492 0.0996 
         205  1 0.2985 0.3734 0.0423 0.0591 0.2267 
         206  1 0.0298 0.8120 0.0772 0.0641 0.0168 
         207  1 0.0245 0.8816 0.0216 0.0296 0.0429 
         208  1 0.0540 0.5328 0.2387 0.1168 0.0576 
         209  1 0.0244 0.2098 0.0384 0.6815 0.0458 
         210  1 0.0197 0.2429 0.2881 0.4117 0.0376 
         211  1 0.0467 0.1337 0.7461 0.0498 0.0236 
         212  1 0.2367 0.1887 0.4324 0.1228 0.0194 
         213  1 0.0179 0.0329 0.0437 0.8817 0.0238 
         214  1 0.0236 0.8771 0.0357 0.0278 0.0358 
         215  1 0.0354 0.5984 0.0314 0.1719 0.1628 
         216  1 0.0396 0.0198 0.0454 0.0605 0.8347 
         217  1 0.6001 0.0452 0.1818 0.1096 0.0634 
         218  1 0.0950 0.0408 0.1382 0.0280 0.6981 
         219  1 0.0304 0.0576 0.1381 0.6456 0.1284 
         220  1 0.0542 0.7595 0.0394 0.0356 0.1113 
         221  1 0.0712 0.0295 0.0831 0.6623 0.1539 
         222  1 0.0204 0.5819 0.3407 0.0326 0.0243 
         223  1 0.0515 0.1276 0.0823 0.5345 0.2042 
         224  1 0.0718 0.0609 0.2939 0.5021 0.0713 
         225  1 0.0301 0.1007 0.8118 0.0351 0.0222 
         226  1 0.1014 0.0450 0.0422 0.2914 0.5200 
         227  1 0.1956 0.1055 0.0324 0.2006 0.4659 
         228  1 0.0460 0.0495 0.0587 0.8045 0.0414 
         229  1 0.3964 0.0440 0.4170 0.0849 0.0577 
         230  1 0.4076 0.0756 0.2156 0.0692 0.2321 
         231  1 0.1690 0.1099 0.0418 0.2772 0.4021 
         232  1 0.2287 0.1034 0.2637 0.0711 0.3331 
         233  1 0.0552 0.0209 0.4714 0.1925 0.2601 
         234  1 0.0541 0.0439 0.0287 0.8144 0.0589 
         235  1 0.0641 0.1262 0.0464 0.6683 0.0949 
         236  1 0.0230 0.0757 0.0660 0.6909 0.1443 
         237  1 0.0229 0.5376 0.0360 0.3578 0.0456 
         238  1 0.1046 0.0808 0.0224 0.0931 0.6991 
         239  1 0.5087 0.0589 0.0281 0.0255 0.3787 
         240  1 0.3253 0.0356 0.1712 0.0632 0.4046 
         241  1 0.0271 0.0228 0.0196 0.0360 0.8945 
         242  1 0.1853 0.0316 0.0627 0.1732 0.5471 
         243  1 0.0225 0.4183 0.0603 0.4366 0.0623 
         244  1 0.1826 0.0252 0.0248 0.0795 0.6879 
         245  1 0.0413 0.0170 0.3721 0.5034 0.0662 
         246  1 0.2317 0.0257 0.6547 0.0563 0.0317 
         247  1 0.8237 0.0394 0.0300 0.0332 0.0738 
         248  1 0.0408 0.0478 0.0159 0.7899 0.1057 
         249  1 0.0483 0.1025 0.7414 0.0813 0.0264 
         250  1 0.1377 0.7058 0.0607 0.0320 0.0638 
         251  1 0.0278 0.0264 0.0324 0.0544 0.8590 
         252  1 0.0172 0.6042 0.2248 0.0597 0.0942 
         253  1 0.2906 0.1063 0.0484 0.2568 0.2980 
         254  1 0.0552 0.7984 0.0577 0.0627 0.0261 
         255  1 0.0438 0.0990 0.7395 0.0915 0.0263 
         256  1 0.0227 0.0467 0.0169 0.8914 0.0224 
         257  1 0.1039 0.3819 0.3767 0.1144 0.0231 
         258  1 0.0439 0.2983 0.0428 0.5655 0.0495 
         259  1 0.0443 0.8032 0.0251 0.0334 0.0940 
         260  1 0.0470 0.7150 0.1648 0.0495 0.0237 
