           1  1 0.1331 0.0650 0.1229 0.6043 0.0747 
           2  1 0.0461 0.0576 0.0252 0.7657 0.1054 
           3  1 0.0447 0.0568 0.0256 0.7686 0.1043 
           4  1 0.0325 0.3299 0.4617 0.1360 0.0400 
           5  1 0.0344 0.0449 0.1137 0.0254 0.7815 
           6  1 0.7151 0.0323 0.0214 0.0868 0.1444 
           7  1 0.0391 0.7627 0.0593 0.0822 0.0567 
           8  1 0.6207 0.0489 0.0512 0.1572 0.1219 
           9  1 0.0772 0.0354 0.6298 0.1168 0.1408 
          10  1 0.2197 0.0362 0.0825 0.4017 0.2598 
          11  1 0.0289 0.0525 0.1017 0.0319 0.7850 
          12  1 0.8036 0.0328 0.0307 0.0925 0.0404 
          13  1 0.7280 0.0814 0.1103 0.0306 0.0497 
          14  1 0.5810 0.0377 0.0445 0.1281 0.2088 
          15  1 0.0316 0.0312 0.8309 0.0384 0.0681 
          16  1 0.1709 0.1532 0.2560 0.1802 0.2399 
          17  1 0.0458 0.8147 0.0187 0.0912 0.0296 
          18  1 0.6097 0.0436 0.1617 0.1413 0.0438 
          19  1 0.5307 0.0586 0.1843 0.1344 0.0921 
          20  1 0.0277 0.7997 0.0812 0.0417 0.0497 
          21  1 0.1623 0.6082 0.1013 0.0837 0.0445 
          22  1 0.0927 0.2455 0.0758 0.5110 0.0751 
          23  1 0.0864 0.0344 0.7703 0.0589 0.0500 
          24  1 0.2397 0.2062 0.0794 0.4295 0.0451 
          25  1 0.0296 0.0316 0.0559 0.3036 0.5793 
          26  1 0.0624 0.0557 0.1681 0.0668 0.6470 
          27  1 0.1899 0.0990 0.0703 0.0629 0.5779 
          28  1 0.1765 0.1099 0.2978 0.0771 0.3387 
          29  1 0.1327 0.0536 0.0625 0.4854 0.2659 
          30  1 0.0764 0.0379 0.0504 0.6399 0.1955 
          31  1 0.1671 0.5582 0.0583 0.1372 0.0793 
          32  1 0.2500 0.0338 0.0699 0.6000 0.0463 
          33  1 0.0698 0.5481 0.0913 0.0447 0.2461 
          34  1 0.2202 0.0938 0.1041 0.1119 0.4699 
          35  1 0.0584 0.0945 0.0266 0.7848 0.0357 
          36  1 0.1406 0.0740 0.5051 0.1188 0.1615 
          37  1 0.1900 0.0955 0.0231 0.6535 0.0379 
          38  1 0.0972 0.0757 0.0377 0.1250 0.6645 
          39  1 0.1059 0.0544 0.6986 0.0441 0.0970 
          40  1 0.2271 0.0525 0.0784 0.2474 0.3946 
          41  1 0.8773 0.0268 0.0322 0.0354 0.0284 
          42  1 0.3995 0.0910 0.1198 0.3109 0.0788 
          43  1 0.0284 0.3343 0.0861 0.2372 0.3140 
          44  1 0.0554 0.1407 0.0472 0.7029 0.0538 
          45  1 0.0552 0.5086 0.0252 0.3399 0.0711 
          46  1 0.1155 0.0940 0.0792 0.0330 0.6782 
          47  1 0.5332 0.1111 0.0429 0.2861 0.0267 
          48  1 0.1924 0.0613 0.0360 0.5341 0.1761 
          49  1 0.0998 0.0496 0.1148 0.0694 0.6663 
          50  1 0.0326 0.0409 0.0679 0.0446 0.8139 
          51  1 0.1520 0.7511 0.0322 0.0382 0.0265 
          52  1 0.0525 0.0508 0.7633 0.0616 0.0718 
          53  1 0.4190 0.1828 0.0385 0.3154 0.0443 
          54  1 0.0468 0.0390 0.0744 0.7419 0.0979 
          55  1 0.0506 0.0887 0.2778 0.0719 0.5110 
          56  1 0.0769 0.0752 0.1183 0.1101 0.6194 
          57  1 0.0617 0.0999 0.0156 0.5734 0.2494 
          58  1 0.1114 0.4763 0.0460 0.2003 0.1661 
          59  1 0.0690 0.0512 0.7261 0.0829 0.0709 
          60  1 0.1727 0.0639 0.0506 0.4357 0.2772 
          61  1 0.4461 0.0919 0.0974 0.2786 0.0860 
          62  1 0.0222 0.0463 0.1531 0.0490 0.7293 
          63  1 0.0590 0.0273 0.0426 0.8451 0.0260 
          64  1 0.1216 0.0782 0.4865 0.1145 0.1991 
          65  1 0.5235 0.0997 0.0621 0.0610 0.2537 
          66  1 0.1937 0.0429 0.6764 0.0502 0.0368 
          67  1 0.2139 0.0884 0.6014 0.0460 0.0503 
          68  1 0.1209 0.2495 0.4148 0.0462 0.1686 
          69  1 0.1137 0.7110 0.0872 0.0378 0.0502 
          70  1 0.0901 0.0613 0.6747 0.0405 0.1334 
          71  1 0.0846 0.0539 0.0403 0.5564 0.2648 
          72  1 0.0638 0.0682 0.4174 0.0607 0.3899 
          73  1 0.0320 0.0884 0.0356 0.0420 0.8020 
          74  1 0.1156 0.3405 0.0565 0.4015 0.0860 
          75  1 0.0340 0.0273 0.1003 0.0566 0.7818 
          76  1 0.0308 0.7768 0.0860 0.0310 0.0753 
          77  1 0.0453 0.7491 0.1067 0.0526 0.0463 
          78  1 0.0564 0.0307 0.0487 0.0286 0.8356 
          79  1 0.0297 0.0239 0.0457 0.0550 0.8457 
          80  1 0.0462 0.0576 0.6829 0.0282 0.1852 
          81  1 0.6081 0.0384 0.0804 0.2287 0.0445 
          82  1 0.0460 0.0821 0.2281 0.1110 0.5327 
          83  1 0.0292 0.0389 0.2403 0.0368 0.6548 
          84  1 0.3168 0.0472 0.0854 0.3890 0.1616 
          85  1 0.7949 0.0276 0.0475 0.0947 0.0352 
          86  1 0.4378 0.3608 0.0186 0.0756 0.1071 
          87  1 0.0489 0.0635 0.5750 0.0289 0.2836 
          88  1 0.0473 0.0352 0.0618 0.6949 0.1608 
          89  1 0.6791 0.1895 0.0285 0.0638 0.0391 
          90  1 0.2031 0.0245 0.0475 0.3742 0.3506 
          91  1 0.7025 0.0206 0.0385 0.2046 0.0339 
          92  1 0.0396 0.2279 0.0475 0.5053 0.1797 
          93  1 0.1102 0.2887 0.0374 0.4968 0.0669 
          94  1 0.0773 0.1004 0.0237 0.7683 0.0303 
          95  1 0.0677 0.0831 0.4245 0.1449 0.2798 
          96  1 0.3304 0.0656 0.4825 0.0754 0.0461 
          97  1 0.0456 0.0285 0.8570 0.0439 0.0250 
          98  1 0.0835 0.0585 0.3272 0.3362 0.1947 
          99  1 0.0579 0.6235 0.1439 0.1136 0.0612 
         100  1 0.0621 0.2808 0.2389 0.0335 0.3847 
         101  1 0.1236 0.0554 0.6343 0.0952 0.0915 
         102  1 0.3949 0.0743 0.2945 0.1327 0.1036 
         103  1 0.1308 0.0390 0.6532 0.1214 0.0556 
         104  1 0.0843 0.3486 0.4089 0.1090 0.0492 
         105  1 0.2196 0.0443 0.1007 0.0239 0.6115 
         106  1 0.0300 0.0418 0.2351 0.0364 0.6567 
         107  1 0.0487 0.0358 0.8388 0.0200 0.0567 
         108  1 0.4449 0.1259 0.2384 0.0722 0.1187 
         109  1 0.0324 0.4118 0.0688 0.0657 0.4213 
         110  1 0.2304 0.5370 0.0904 0.1008 0.0413 
         111  1 0.7828 0.0247 0.0201 0.1360 0.0365 
         112  1 0.7564 0.0290 0.0390 0.0803 0.0953 
         113  1 0.3597 0.4054 0.0963 0.0856 0.0529 
         114  1 0.2089 0.0326 0.0430 0.6014 0.1141 
         115  1 0.5109 0.0919 0.2764 0.0469 0.0739 
         116  1 0.2250 0.0885 0.0334 0.5203 0.1328 
         117  1 0.0910 0.1880 0.0242 0.6594 0.0374 
         118  1 0.0689 0.0471 0.2334 0.0626 0.5881 
         119  1 0.0513 0.4859 0.1604 0.2644 0.0380 
         120  1 0.0284 0.3720 0.1549 0.3393 0.1054 
         121  1 0.0419 0.4339 0.0274 0.3416 0.1553 
         122  1 0.0752 0.3089 0.2764 0.2737 0.0658 
         123  1 0.0759 0.0574 0.4091 0.0493 0.4084 
         124  1 0.3012 0.3602 0.1695 0.1291 0.0399 
         125  1 0.0522 0.0314 0.8117 0.0680 0.0366 
         126  1 0.1886 0.6128 0.0450 0.0888 0.0647 
         127  1 0.0210 0.7844 0.0454 0.0713 0.0778 
         128  1 0.0483 0.0338 0.7145 0.1145 0.0890 
         129  1 0.0238 0.4981 0.0189 0.0531 0.4060 
         130  1 0.5501 0.0615 0.1236 0.0323 0.2326 
         131  1 0.0212 0.7782 0.0321 0.0606 0.1080 
         132  1 0.1125 0.0731 0.1194 0.6124 0.0826 
         133  1 0.0883 0.4354 0.0906 0.3494 0.0364 
         134  1 0.3075 0.0486 0.4896 0.0929 0.0614 
         135  1 0.5845 0.1523 0.0470 0.1779 0.0384 
         136  1 0.6666 0.0506 0.0346 0.0653 0.1828 
         137  1 0.0891 0.0681 0.7548 0.0549 0.0331 
         138  1 0.0544 0.2898 0.2682 0.3477 0.0399 
         139  1 0.0679 0.0347 0.8336 0.0380 0.0258 
         140  1 0.0724 0.0366 0.7711 0.0551 0.0647 
         141  1 0.1082 0.2308 0.2067 0.4282 0.0260 
         142  1 0.5608 0.0316 0.2419 0.1360 0.0297 
         143  1 0.0364 0.1050 0.5642 0.1780 0.1165 
         144  1 0.0287 0.2644 0.0347 0.2696 0.4026 
         145  1 0.0622 0.1591 0.5742 0.1130 0.0914 
         146  1 0.0452 0.0600 0.1733 0.0292 0.6923 
         147  1 0.0329 0.0455 0.7425 0.1236 0.0556 
         148  1 0.5817 0.0323 0.0757 0.2673 0.0431 
         149  1 0.0705 0.4385 0.1774 0.2207 0.0929 
         150  1 0.0374 0.0756 0.0452 0.8197 0.0222 
         151  1 0.0459 0.0425 0.7703 0.0726 0.0686 
         152  1 0.0795 0.0869 0.5456 0.1880 0.1000 
         153  1 0.0243 0.0201 0.0377 0.0295 0.8884 
         154  1 0.7096 0.0819 0.0236 0.1597 0.0251 
         155  1 0.0346 0.0463 0.0638 0.0875 0.7679 
         156  1 0.1051 0.0683 0.5878 0.1369 0.1019 
         157  1 0.0634 0.4212 0.3342 0.1322 0.0489 
         158  1 0.0908 0.0492 0.2108 0.3507 0.2986 
         159  1 0.7431 0.0820 0.0699 0.0289 0.0760 
         160  1 0.4571 0.0589 0.0659 0.2345 0.1836 
         161  1 0.0448 0.4777 0.0308 0.0763 0.3703 
         162  1 0.2470 0.0700 0.0778 0.3661 0.2390 
         163  1 0.1169 0.1075 0.2156 0.1031 0.4569 
         164  1 0.1498 0.1562 0.0325 0.6248 0.0367 
         165  1 0.1089 0.2103 0.0745 0.5178 0.0884 
         166  1 0.3420 0.0414 0.0544 0.3505 0.2117 
         167  1 0.0445 0.0447 0.0693 0.6174 0.2241 
         168  1 0.6166 0.0240 0.0301 0.2989 0.0305 
         169  1 0.8703 0.0388 0.0274 0.0351 0.0284 
         170  1 0.0840 0.1983 0.0602 0.6281 0.0294 
         171  1 0.7987 0.0363 0.0236 0.0624 0.0789 
         172  1 0.1168 0.7124 0.0153 0.0835 0.0720 
         173  1 0.5599 0.2281 0.1088 0.0211 0.0822 
         174  1 0.0195 0.0340 0.7903 0.0470 0.1092 
         175  1 0.0372 0.1246 0.0597 0.7144 0.0640 
         176  1 0.0729 0.0653 0.6815 0.0446 0.1358 
         177  1 0.0428 0.2780 0.0363 0.5647 0.0782 
         178  1 0.2308 0.0742 0.0400 0.4791 0.1758 
         179  1 0.4070 0.0331 0.0912 0.4353 0.0335 
         180  1 0.0362 0.0599 0.1461 0.0409 0.7169 
         181  1 0.2074 0.1068 0.4715 0.0781 0.1362 
         182  1 0.1088 0.6179 0.0785 0.1225 0.0723 
         183  1 0.0414 0.8381 0.0595 0.0390 0.0220 
         184  1 0.3440 0.2036 0.1296 0.2352 0.0875 
         185  1 0.0893 0.0561 0.0749 0.6490 0.1307 
         186  1 0.3939 0.0671 0.0723 0.3864 0.0803 
         187  1 0.1249 0.0874 0.0262 0.0391 0.7224 
         188  1 0.2420 0.5276 0.0373 0.1525 0.0406 
         189  1 0.8643 0.0256 0.0448 0.0301 0.0353 
         190  1 0.0635 0.5865 0.2246 0.0311 0.0943 
         191  1 0.1512 0.2522 0.3216 0.0541 0.2209 
         192  1 0.4355 0.2723 0.0328 0.1544 0.1051 
         193  1 0.0369 0.0646 0.5154 0.0531 0.3301 
         194  1 0.0259 0.1572 0.5743 0.0305 0.2122 
         195  1 0.0617 0.0669 0.1132 0.0710 0.6872 
         196  1 0.0388 0.5146 0.0719 0.3260 0.0487 
         197  1 0.0344 0.6757 0.0704 0.0462 0.1733 
         198  1 0.0864 0.1804 0.0343 0.6769 0.0220 
         199  1 0.0652 0.0277 0.0568 0.8126 0.0378 
         200  1 0.8793 0.0313 0.0184 0.0411 0.0299 
         201  1 0.0747 0.0821 0.0563 0.1036 0.6834 
         202  1 0.3968 0.2921 0.0265 0.2438 0.0408 
         203  1 0.1803 0.2490 0.2021 0.1204 0.2482 
         204  1 0.6344 0.0591 0.0515 0.1183 0.1367 
         205  1 0.3092 0.0607 0.3342 0.2470 0.0488 
         206  1 0.0376 0.0648 0.7991 0.0190 0.0796 
         207  1 0.0349 0.0336 0.8470 0.0561 0.0284 
         208  1 0.0583 0.1190 0.5328 0.0681 0.2219 
         209  1 0.0300 0.6323 0.2387 0.0572 0.0419 
         210  1 0.0223 0.3883 0.2934 0.0443 0.2516 
         211  1 0.0484 0.0561 0.1662 0.0249 0.7044 
         212  1 0.2494 0.1236 0.2085 0.0213 0.3973 
         213  1 0.0223 0.8575 0.0436 0.0257 0.0508 
         214  1 0.0291 0.0348 0.8501 0.0482 0.0378 
         215  1 0.0420 0.1732 0.5697 0.1811 0.0341 
         216  1 0.0415 0.0803 0.0235 0.7896 0.0652 
         217  1 0.5527 0.1346 0.0474 0.0713 0.1940 
         218  1 0.1066 0.0338 0.0485 0.6512 0.1599 
         219  1 0.0342 0.6221 0.0706 0.1380 0.1351 
         220  1 0.0643 0.0426 0.7061 0.1420 0.0450 
         221  1 0.0763 0.6397 0.0363 0.1587 0.0890 
         222  1 0.0266 0.0349 0.6222 0.0287 0.2876 
         223  1 0.0660 0.4967 0.1373 0.2159 0.0841 
         224  1 0.0700 0.4527 0.0768 0.0877 0.3128 
         225  1 0.0344 0.0437 0.1295 0.0290 0.7634 
         226  1 0.1010 0.3039 0.0458 0.4961 0.0531 
         227  1 0.1951 0.1976 0.1116 0.4594 0.0362 
         228  1 0.0530 0.7788 0.0573 0.0458 0.0651 
         229  1 0.3574 0.0954 0.0462 0.0677 0.4333 
         230  1 0.3672 0.0706 0.0864 0.2334 0.2423 
         231  1 0.1691 0.2572 0.1033 0.4201 0.0504 
         232  1 0.2235 0.0805 0.1052 0.3384 0.2523 
         233  1 0.0630 0.1902 0.0266 0.2460 0.4742 
         234  1 0.0677 0.7712 0.0516 0.0765 0.0329 
         235  1 0.0681 0.6307 0.1324 0.1222 0.0468 
         236  1 0.0288 0.6782 0.0823 0.1461 0.0646 
         237  1 0.0258 0.3336 0.5408 0.0550 0.0448 
         238  1 0.1191 0.1136 0.0887 0.6513 0.0273 
         239  1 0.5336 0.0290 0.0715 0.3288 0.0370 
         240  1 0.2688 0.0671 0.0401 0.4153 0.2088 
         241  1 0.0432 0.0472 0.0294 0.8534 0.0268 
         242  1 0.1759 0.1674 0.0348 0.5485 0.0733 
         243  1 0.0272 0.4002 0.4312 0.0756 0.0657 
         244  1 0.1758 0.0971 0.0283 0.6644 0.0344 
         245  1 0.0424 0.4725 0.0228 0.0694 0.3930 
         246  1 0.1964 0.0620 0.0333 0.0377 0.6707 
         247  1 0.8055 0.0374 0.0389 0.0811 0.0372 
         248  1 0.0555 0.7580 0.0508 0.1175 0.0182 
         249  1 0.0530 0.0913 0.1215 0.0318 0.7025 
         250  1 0.1642 0.0353 0.6526 0.0792 0.0686 
         251  1 0.0346 0.0750 0.0366 0.8056 0.0483 
         252  1 0.0201 0.0622 0.5791 0.1096 0.2291 
         253  1 0.2860 0.2654 0.1121 0.2797 0.0568 
         254  1 0.0675 0.0743 0.7695 0.0295 0.0593 
         255  1 0.0517 0.0976 0.1224 0.0290 0.6993 
         256  1 0.0290 0.8654 0.0538 0.0286 0.0232 
         257  1 0.1013 0.1277 0.3916 0.0253 0.3541 
         258  1 0.0492 0.5281 0.3194 0.0597 0.0436 
         259  1 0.0566 0.0388 0.7549 0.1196 0.0301 
         260  1 0.0584 0.0503 0.7239 0.0277 0.1397 
