           1  1 0.0922 0.1018 0.1235 0.1257 0.0836 0.1189 0.0676 0.1635 0.1232 
           2  1 0.0457 0.1476 0.1718 0.0806 0.0760 0.0637 0.1272 0.1156 0.1717 
           3  1 0.0435 0.1492 0.1706 0.0820 0.0764 0.0607 0.1290 0.1177 0.1709 
           4  1 0.1281 0.1273 0.1009 0.1171 0.1542 0.0852 0.0836 0.1317 0.0718 
           5  1 0.1456 0.0546 0.1065 0.1406 0.1882 0.0749 0.1276 0.0979 0.0642 
           6  1 0.0580 0.0640 0.1030 0.0679 0.0730 0.2319 0.1057 0.0735 0.2229 
           7  1 0.0750 0.2473 0.0768 0.0637 0.1244 0.0526 0.2129 0.0824 0.0650 
           8  1 0.0839 0.0794 0.1047 0.0870 0.0708 0.2019 0.1005 0.1011 0.1706 
           9  1 0.2235 0.0612 0.1173 0.2070 0.0785 0.0661 0.0709 0.1152 0.0602 
          10  1 0.1010 0.0898 0.1422 0.1153 0.0882 0.0804 0.1479 0.1278 0.1074 
          11  1 0.1453 0.0634 0.1194 0.1412 0.1553 0.0659 0.1285 0.1119 0.0690 
          12  1 0.0599 0.0760 0.0822 0.0586 0.0563 0.3080 0.0437 0.0817 0.2336 
          13  1 0.0638 0.0376 0.0921 0.0577 0.0586 0.3300 0.0342 0.0392 0.2867 
          14  1 0.1067 0.0755 0.0980 0.0890 0.1043 0.1635 0.1148 0.1109 0.1371 
          15  1 0.2344 0.0427 0.1162 0.1997 0.1424 0.0805 0.0541 0.0707 0.0592 
          16  1 0.1187 0.0926 0.1285 0.1185 0.1215 0.1102 0.0892 0.1027 0.1181 
          17  1 0.0272 0.3105 0.0493 0.0316 0.1179 0.0506 0.2945 0.0607 0.0578 
          18  1 0.0653 0.0794 0.1014 0.0923 0.0734 0.2409 0.0465 0.1091 0.1918 
          19  1 0.1026 0.0926 0.1000 0.0969 0.0992 0.1791 0.0632 0.1261 0.1401 
          20  1 0.0971 0.2233 0.0593 0.0747 0.1656 0.0574 0.1987 0.0739 0.0501 
          21  1 0.0918 0.1623 0.0930 0.0807 0.1121 0.1222 0.1167 0.1149 0.1063 
          22  1 0.0724 0.1684 0.1519 0.0771 0.1040 0.0807 0.0700 0.1353 0.1403 
          23  1 0.1782 0.0576 0.1060 0.1564 0.1712 0.1121 0.0466 0.0953 0.0766 
          24  1 0.0607 0.1481 0.1127 0.0813 0.0847 0.1430 0.0963 0.1434 0.1297 
          25  1 0.0924 0.0483 0.1311 0.1290 0.1173 0.0452 0.2534 0.1078 0.0754 
          26  1 0.1593 0.0675 0.0991 0.1440 0.1091 0.0734 0.1205 0.1624 0.0648 
          27  1 0.0733 0.0743 0.1086 0.1027 0.1072 0.1032 0.2277 0.0983 0.1048 
          28  1 0.1572 0.0694 0.0938 0.1164 0.1992 0.1162 0.0632 0.1020 0.0827 
          29  1 0.0838 0.0909 0.1054 0.1092 0.1032 0.0948 0.1348 0.1870 0.0909 
          30  1 0.0779 0.0856 0.1472 0.1289 0.0895 0.0698 0.1594 0.1216 0.1202 
          31  1 0.0816 0.1573 0.1142 0.0838 0.1144 0.1140 0.1011 0.1130 0.1207 
          32  1 0.0677 0.1189 0.1298 0.1000 0.0762 0.1462 0.0457 0.1609 0.1545 
          33  1 0.1100 0.1540 0.1008 0.1047 0.1156 0.0610 0.1937 0.0719 0.0883 
          34  1 0.1363 0.0797 0.1032 0.1045 0.1284 0.0935 0.1310 0.1375 0.0858 
          35  1 0.0509 0.1730 0.1470 0.0899 0.0607 0.1002 0.0622 0.1689 0.1473 
          36  1 0.1445 0.0700 0.1119 0.1528 0.1380 0.1172 0.0662 0.1008 0.0987 
          37  1 0.0454 0.1903 0.1386 0.0564 0.0648 0.1105 0.0676 0.2082 0.1181 
          38  1 0.0772 0.0555 0.1183 0.1202 0.1247 0.0636 0.2462 0.1065 0.0878 
          39  1 0.1866 0.0646 0.0994 0.1426 0.1968 0.1172 0.0398 0.0716 0.0813 
          40  1 0.0879 0.0610 0.1271 0.1238 0.0943 0.0994 0.1901 0.1045 0.1119 
          41  1 0.0618 0.0656 0.0753 0.0556 0.0479 0.3147 0.0421 0.0885 0.2485 
          42  1 0.0814 0.0886 0.1195 0.0781 0.0947 0.1671 0.0600 0.1434 0.1672 
          43  1 0.0976 0.1232 0.1364 0.1009 0.1261 0.0584 0.1359 0.1007 0.1209 
          44  1 0.0666 0.1610 0.1286 0.0924 0.0698 0.0874 0.1113 0.1520 0.1310 
          45  1 0.0356 0.2217 0.1390 0.0624 0.0828 0.0661 0.1221 0.1327 0.1376 
          46  1 0.1089 0.0663 0.1022 0.1175 0.1526 0.1092 0.1552 0.0865 0.1015 
          47  1 0.0406 0.2067 0.1308 0.0612 0.0635 0.1621 0.0484 0.1403 0.1464 
          48  1 0.0810 0.0950 0.1326 0.0887 0.0847 0.0914 0.1417 0.1564 0.1285 
          49  1 0.1048 0.0711 0.0884 0.1171 0.1096 0.0925 0.1441 0.1986 0.0738 
          50  1 0.1362 0.0607 0.0859 0.1071 0.1794 0.0833 0.1173 0.1708 0.0592 
          51  1 0.0398 0.2312 0.0950 0.0408 0.0900 0.1327 0.1603 0.0732 0.1371 
          52  1 0.2045 0.0559 0.1085 0.1893 0.1328 0.0851 0.0525 0.1048 0.0666 
          53  1 0.0532 0.1362 0.1189 0.0724 0.0617 0.1857 0.0782 0.1128 0.1809 
          54  1 0.0871 0.1013 0.1461 0.1242 0.0835 0.0802 0.1008 0.1529 0.1239 
          55  1 0.1529 0.0657 0.1071 0.1400 0.1469 0.0723 0.1442 0.1028 0.0680 
          56  1 0.1427 0.0705 0.0942 0.1167 0.1750 0.0903 0.1159 0.1190 0.0757 
          57  1 0.0473 0.0999 0.1524 0.1067 0.0836 0.0531 0.2094 0.0895 0.1581 
          58  1 0.0716 0.1647 0.1124 0.0758 0.1057 0.0745 0.1483 0.1279 0.1191 
          59  1 0.1589 0.0606 0.1025 0.1345 0.1848 0.1152 0.0526 0.0978 0.0930 
          60  1 0.0810 0.0830 0.1186 0.0992 0.1048 0.1078 0.1389 0.1476 0.1191 
          61  1 0.0803 0.1301 0.1048 0.0879 0.0803 0.1613 0.0692 0.1553 0.1308 
          62  1 0.1437 0.0457 0.1286 0.1596 0.1664 0.0518 0.1502 0.0878 0.0661 
          63  1 0.0524 0.1362 0.1586 0.0877 0.0616 0.1270 0.0320 0.1781 0.1666 
          64  1 0.1646 0.0602 0.1010 0.1297 0.1885 0.1202 0.0492 0.0955 0.0911 
          65  1 0.0766 0.0816 0.1033 0.0876 0.0834 0.1813 0.1415 0.0813 0.1634 
          66  1 0.2554 0.0477 0.1093 0.2190 0.0681 0.1224 0.0364 0.0500 0.0915 
          67  1 0.1376 0.0849 0.0862 0.1299 0.1015 0.1460 0.0728 0.1298 0.1114 
          68  1 0.1501 0.0894 0.1066 0.1241 0.1137 0.1232 0.1000 0.0839 0.1092 
          69  1 0.0958 0.2062 0.0751 0.0756 0.1445 0.0947 0.1531 0.0670 0.0881 
          70  1 0.2183 0.0367 0.0944 0.1465 0.2434 0.1046 0.0375 0.0558 0.0628 
          71  1 0.0846 0.0982 0.1077 0.0961 0.0832 0.0909 0.1235 0.2293 0.0866 
          72  1 0.2106 0.0493 0.1235 0.1642 0.1470 0.0923 0.0674 0.0750 0.0708 
          73  1 0.0764 0.0776 0.0983 0.1063 0.1253 0.0450 0.2669 0.1438 0.0603 
          74  1 0.0591 0.1560 0.1045 0.0939 0.0839 0.0989 0.1440 0.1486 0.1110 
          75  1 0.1442 0.0438 0.1392 0.1410 0.1709 0.0705 0.1372 0.0725 0.0807 
          76  1 0.0844 0.2500 0.0549 0.0782 0.1392 0.0394 0.2574 0.0545 0.0422 
          77  1 0.0809 0.1911 0.0548 0.0754 0.1558 0.0754 0.1572 0.1599 0.0494 
          78  1 0.1111 0.0370 0.1394 0.1440 0.1571 0.0727 0.1856 0.0655 0.0877 
          79  1 0.0743 0.0315 0.1393 0.1458 0.1233 0.0367 0.2995 0.0711 0.0785 
          80  1 0.2162 0.0408 0.1217 0.1637 0.2004 0.0888 0.0453 0.0584 0.0647 
          81  1 0.0704 0.0884 0.1195 0.0767 0.0724 0.2026 0.0478 0.1319 0.1903 
          82  1 0.1384 0.0653 0.1177 0.1470 0.1370 0.0601 0.1618 0.1010 0.0716 
          83  1 0.2139 0.0383 0.1275 0.2028 0.1126 0.0444 0.1372 0.0688 0.0543 
          84  1 0.0819 0.0949 0.1427 0.0953 0.0937 0.1145 0.0995 0.1430 0.1346 
          85  1 0.0696 0.0953 0.0826 0.0653 0.0551 0.2588 0.0510 0.1163 0.2061 
          86  1 0.0366 0.1468 0.0960 0.0474 0.0681 0.1941 0.1305 0.1096 0.1709 
          87  1 0.1974 0.0506 0.1171 0.1733 0.1887 0.0858 0.0588 0.0654 0.0628 
          88  1 0.0863 0.0852 0.1339 0.1227 0.0937 0.0767 0.1475 0.1437 0.1103 
          89  1 0.0369 0.1194 0.0805 0.0405 0.0579 0.2540 0.0944 0.0923 0.2241 
          90  1 0.0627 0.0666 0.1635 0.1118 0.0830 0.0987 0.1613 0.0861 0.1665 
          91  1 0.0532 0.0805 0.1215 0.0712 0.0567 0.2440 0.0299 0.1042 0.2388 
          92  1 0.0688 0.1478 0.1268 0.0884 0.1049 0.0643 0.1579 0.1309 0.1101 
          93  1 0.0564 0.1813 0.1142 0.0772 0.0865 0.0925 0.1600 0.1250 0.1068 
          94  1 0.0505 0.1632 0.1590 0.0862 0.0540 0.1216 0.0549 0.1550 0.1556 
          95  1 0.1340 0.0711 0.1228 0.1380 0.1407 0.0963 0.0767 0.1256 0.0948 
          96  1 0.1386 0.0670 0.1065 0.1190 0.0888 0.1778 0.0443 0.1039 0.1542 
          97  1 0.3326 0.0338 0.1249 0.2788 0.0732 0.0475 0.0254 0.0461 0.0376 
          98  1 0.1109 0.0782 0.1202 0.1402 0.1362 0.0968 0.0935 0.1314 0.0925 
          99  1 0.1033 0.1896 0.0924 0.0901 0.1057 0.0736 0.1649 0.0937 0.0868 
         100  1 0.1359 0.1052 0.0984 0.1256 0.1299 0.0668 0.1974 0.0686 0.0721 
         101  1 0.1463 0.0719 0.1118 0.1331 0.1240 0.1181 0.0650 0.1288 0.1009 
         102  1 0.1437 0.0780 0.1146 0.1288 0.0863 0.1503 0.0473 0.1128 0.1382 
         103  1 0.1772 0.0727 0.1128 0.1417 0.1325 0.1133 0.0491 0.1086 0.0920 
         104  1 0.1388 0.1247 0.1173 0.1292 0.1253 0.0965 0.0827 0.1016 0.0839 
         105  1 0.1750 0.0406 0.0940 0.1201 0.2260 0.1199 0.0807 0.0574 0.0861 
         106  1 0.2175 0.0367 0.1193 0.2045 0.1177 0.0444 0.1360 0.0707 0.0532 
         107  1 0.3070 0.0343 0.1176 0.2490 0.1047 0.0547 0.0383 0.0499 0.0446 
         108  1 0.1223 0.0656 0.1126 0.0931 0.0764 0.2092 0.0537 0.0815 0.1857 
         109  1 0.1099 0.1330 0.1226 0.1005 0.1354 0.0549 0.1371 0.1057 0.1010 
         110  1 0.0734 0.1736 0.0952 0.0696 0.0936 0.1477 0.1219 0.0894 0.1356 
         111  1 0.0447 0.0907 0.1061 0.0503 0.0536 0.2890 0.0372 0.0854 0.2430 
         112  1 0.0764 0.0690 0.0957 0.0741 0.0635 0.2545 0.0821 0.0903 0.1945 
         113  1 0.1142 0.1287 0.0975 0.0811 0.1520 0.1484 0.0553 0.1051 0.1176 
         114  1 0.0709 0.0882 0.1573 0.0969 0.0755 0.1025 0.1200 0.1367 0.1521 
         115  1 0.0826 0.0506 0.1123 0.0748 0.0737 0.2624 0.0459 0.0631 0.2347 
         116  1 0.0678 0.1153 0.1133 0.0869 0.0780 0.1215 0.1075 0.1787 0.1309 
         117  1 0.0419 0.2010 0.1376 0.0771 0.0685 0.1033 0.0932 0.1474 0.1299 
         118  1 0.1558 0.0619 0.1299 0.1550 0.1165 0.0707 0.1336 0.0970 0.0797 
         119  1 0.0937 0.1729 0.1153 0.1090 0.0917 0.0907 0.0987 0.1338 0.0942 
         120  1 0.0836 0.1517 0.1015 0.0956 0.1171 0.0860 0.1203 0.1547 0.0895 
         121  1 0.0651 0.1634 0.0933 0.0857 0.1027 0.0752 0.1710 0.1507 0.0930 
         122  1 0.1112 0.1495 0.1089 0.1176 0.1217 0.0853 0.0908 0.1377 0.0773 
         123  1 0.2515 0.0454 0.1237 0.2133 0.0916 0.0629 0.0913 0.0551 0.0652 
         124  1 0.0978 0.1246 0.1090 0.0878 0.1082 0.1449 0.0759 0.1188 0.1329 
         125  1 0.1665 0.0574 0.1023 0.1597 0.1771 0.1047 0.0472 0.1117 0.0734 
         126  1 0.0543 0.2103 0.0769 0.0598 0.1080 0.1153 0.1786 0.0939 0.1029 
         127  1 0.0548 0.2847 0.0701 0.0601 0.1332 0.0349 0.2468 0.0639 0.0515 
         128  1 0.2576 0.0502 0.1246 0.2379 0.0826 0.0555 0.0537 0.0845 0.0535 
         129  1 0.0515 0.1688 0.0748 0.0812 0.1445 0.0299 0.3205 0.0752 0.0536 
         130  1 0.0918 0.0410 0.1137 0.0778 0.0768 0.2578 0.0627 0.0498 0.2285 
         131  1 0.0514 0.2747 0.0658 0.0568 0.1279 0.0311 0.2847 0.0575 0.0501 
         132  1 0.0792 0.1105 0.0963 0.1258 0.1024 0.1185 0.0664 0.2005 0.1002 
         133  1 0.0661 0.1833 0.0979 0.0938 0.0976 0.0998 0.1029 0.1800 0.0785 
         134  1 0.1554 0.0809 0.1053 0.1402 0.1046 0.1459 0.0519 0.1004 0.1154 
         135  1 0.0447 0.1218 0.1083 0.0541 0.0538 0.2391 0.0640 0.0931 0.2212 
         136  1 0.0625 0.0643 0.1024 0.0784 0.0704 0.2311 0.1060 0.0843 0.2006 
         137  1 0.1440 0.0716 0.0926 0.1477 0.1649 0.1124 0.0559 0.1300 0.0809 
         138  1 0.1278 0.1491 0.1309 0.1243 0.0891 0.0820 0.0576 0.1302 0.1089 
         139  1 0.2912 0.0417 0.1109 0.2478 0.0811 0.0785 0.0338 0.0510 0.0641 
         140  1 0.2384 0.0477 0.1160 0.2398 0.0911 0.0846 0.0489 0.0717 0.0618 
         141  1 0.0836 0.1747 0.1177 0.1022 0.0899 0.1085 0.0777 0.1539 0.0919 
         142  1 0.0880 0.0669 0.1132 0.1015 0.0610 0.2362 0.0363 0.0944 0.2025 
         143  1 0.1233 0.0806 0.0772 0.1359 0.1520 0.1006 0.0668 0.2024 0.0612 
         144  1 0.0672 0.1129 0.1081 0.1006 0.1076 0.0491 0.2543 0.1181 0.0821 
         145  1 0.1746 0.0906 0.1084 0.1651 0.1049 0.0772 0.0954 0.1169 0.0669 
         146  1 0.1668 0.0403 0.1127 0.1398 0.2223 0.0802 0.1153 0.0639 0.0589 
         147  1 0.2016 0.0599 0.1274 0.1809 0.1341 0.0804 0.0379 0.0999 0.0777 
         148  1 0.0640 0.0833 0.1166 0.0845 0.0628 0.2256 0.0552 0.0967 0.2113 
         149  1 0.0948 0.1589 0.1113 0.1083 0.1015 0.0838 0.1202 0.1195 0.1017 
         150  1 0.0525 0.1701 0.1544 0.0915 0.0568 0.1093 0.0456 0.1618 0.1580 
         151  1 0.1735 0.0644 0.1000 0.1838 0.1296 0.0870 0.0625 0.1404 0.0588 
         152  1 0.1564 0.0822 0.1165 0.1531 0.1237 0.0930 0.0566 0.1332 0.0852 
         153  1 0.0805 0.0301 0.1298 0.1460 0.1197 0.0357 0.2948 0.0926 0.0708 
         154  1 0.0431 0.1314 0.1064 0.0555 0.0489 0.2183 0.0471 0.1526 0.1967 
         155  1 0.1023 0.0561 0.1480 0.1311 0.1024 0.0373 0.2323 0.0887 0.1019 
         156  1 0.1661 0.0582 0.1038 0.1176 0.2092 0.1156 0.0416 0.1079 0.0799 
         157  1 0.1578 0.1601 0.1109 0.1405 0.1072 0.0671 0.0974 0.0973 0.0616 
         158  1 0.1129 0.0680 0.1358 0.1403 0.0870 0.0740 0.1595 0.1246 0.0979 
         159  1 0.0627 0.0679 0.0827 0.0563 0.0695 0.2762 0.0767 0.0609 0.2471 
         160  1 0.0851 0.0669 0.1225 0.0995 0.0704 0.1393 0.1461 0.1165 0.1538 
         161  1 0.0686 0.1513 0.0914 0.0872 0.1192 0.0636 0.1996 0.1415 0.0777 
         162  1 0.0779 0.0856 0.1292 0.1018 0.0999 0.1164 0.1261 0.1298 0.1332 
         163  1 0.1275 0.0651 0.1281 0.1240 0.1229 0.1083 0.0913 0.1220 0.1109 
         164  1 0.0535 0.1820 0.1418 0.0773 0.0680 0.1166 0.0639 0.1477 0.1493 
         165  1 0.0790 0.1508 0.1317 0.0796 0.0936 0.0919 0.1018 0.1589 0.1126 
         166  1 0.0987 0.0901 0.1060 0.0916 0.0917 0.1222 0.1426 0.1359 0.1211 
         167  1 0.0999 0.0802 0.1196 0.1057 0.1310 0.0790 0.1361 0.1471 0.1015 
         168  1 0.0487 0.0989 0.1195 0.0624 0.0509 0.2403 0.0340 0.1171 0.2283 
         169  1 0.0415 0.0489 0.0820 0.0365 0.0443 0.3500 0.0422 0.0585 0.2961 
         170  1 0.0631 0.1919 0.1538 0.0869 0.0594 0.1003 0.0706 0.1549 0.1192 
         171  1 0.0463 0.0917 0.0904 0.0517 0.0563 0.2908 0.0585 0.0829 0.2316 
         172  1 0.0410 0.2269 0.0693 0.0496 0.1060 0.0991 0.2204 0.0821 0.1056 
         173  1 0.0636 0.0797 0.0871 0.0528 0.0920 0.2650 0.0750 0.0484 0.2365 
         174  1 0.2995 0.0394 0.1165 0.2374 0.1226 0.0474 0.0396 0.0554 0.0421 
         175  1 0.0784 0.1543 0.1178 0.0880 0.1055 0.0837 0.1118 0.1595 0.1010 
         176  1 0.3071 0.0447 0.1146 0.2535 0.0790 0.0537 0.0587 0.0430 0.0457 
         177  1 0.0608 0.1799 0.1119 0.0780 0.0908 0.0773 0.1463 0.1451 0.1099 
         178  1 0.0761 0.0902 0.1117 0.0983 0.0893 0.1280 0.1221 0.1546 0.1297 
         179  1 0.0699 0.0871 0.1300 0.0948 0.0661 0.2045 0.0553 0.1110 0.1812 
         180  1 0.1345 0.0579 0.1166 0.1331 0.1497 0.0680 0.1539 0.1152 0.0711 
         181  1 0.1383 0.0746 0.0996 0.1193 0.1590 0.1252 0.0620 0.1295 0.0923 
         182  1 0.0802 0.1813 0.0925 0.0747 0.1154 0.0946 0.1542 0.1028 0.1044 
         183  1 0.0524 0.3072 0.0566 0.0557 0.1228 0.0468 0.2512 0.0628 0.0445 
         184  1 0.0875 0.1176 0.0886 0.0871 0.0940 0.1286 0.0805 0.1926 0.1236 
         185  1 0.0845 0.1018 0.1453 0.1196 0.0718 0.0984 0.0954 0.1454 0.1378 
         186  1 0.0656 0.0923 0.1215 0.1107 0.0817 0.1654 0.0720 0.1348 0.1559 
         187  1 0.0916 0.0916 0.1028 0.0936 0.1285 0.0810 0.2146 0.1033 0.0930 
         188  1 0.0433 0.1784 0.1074 0.0581 0.0751 0.1554 0.1303 0.0998 0.1523 
         189  1 0.0437 0.0371 0.0957 0.0394 0.0416 0.3427 0.0307 0.0662 0.3028 
         190  1 0.1422 0.1403 0.0800 0.0990 0.2009 0.0851 0.1317 0.0559 0.0648 
         191  1 0.1229 0.1025 0.0902 0.1133 0.1330 0.1151 0.1101 0.1160 0.0969 
         192  1 0.0648 0.1542 0.1128 0.0699 0.0962 0.1364 0.1109 0.1216 0.1333 
         193  1 0.2125 0.0469 0.1261 0.1802 0.1674 0.0768 0.0583 0.0648 0.0670 
         194  1 0.2330 0.0817 0.0993 0.1847 0.1391 0.0538 0.0951 0.0755 0.0377 
         195  1 0.1322 0.0655 0.1371 0.1524 0.1092 0.0607 0.1540 0.0996 0.0891 
         196  1 0.0646 0.1849 0.1128 0.0928 0.0896 0.0809 0.1366 0.1271 0.1108 
         197  1 0.0691 0.2381 0.0619 0.0703 0.1372 0.0390 0.2857 0.0511 0.0476 
         198  1 0.0476 0.1854 0.1249 0.0813 0.0644 0.1134 0.0936 0.1578 0.1316 
         199  1 0.0713 0.1266 0.1419 0.0936 0.0763 0.1226 0.0541 0.1745 0.1392 
         200  1 0.0349 0.0618 0.0710 0.0335 0.0378 0.3672 0.0364 0.0540 0.3034 
         201  1 0.1401 0.0552 0.1155 0.1157 0.1805 0.0919 0.1113 0.0925 0.0973 
         202  1 0.0582 0.1439 0.0991 0.0630 0.0839 0.1654 0.1084 0.1282 0.1499 
         203  1 0.1290 0.0860 0.1085 0.1042 0.1481 0.1148 0.0724 0.1278 0.1092 
         204  1 0.0642 0.1009 0.1155 0.0766 0.0837 0.1873 0.0870 0.1305 0.1542 
         205  1 0.0857 0.1007 0.1279 0.1217 0.0816 0.1565 0.0515 0.1279 0.1464 
         206  1 0.2936 0.0430 0.1159 0.2442 0.1237 0.0570 0.0455 0.0416 0.0356 
         207  1 0.3057 0.0427 0.1224 0.2657 0.0804 0.0473 0.0360 0.0550 0.0449 
         208  1 0.1885 0.0639 0.1061 0.1432 0.1849 0.0888 0.0667 0.0944 0.0635 
         209  1 0.1302 0.1968 0.0737 0.1042 0.1597 0.0548 0.1525 0.0836 0.0447 
         210  1 0.2110 0.1137 0.1131 0.1704 0.1245 0.0492 0.1068 0.0624 0.0490 
         211  1 0.1904 0.0384 0.1019 0.1275 0.2413 0.1006 0.0797 0.0564 0.0639 
         212  1 0.1362 0.0415 0.1079 0.0993 0.1405 0.2064 0.0528 0.0469 0.1685 
         213  1 0.0479 0.3095 0.0367 0.0475 0.1445 0.0257 0.3243 0.0371 0.0268 
         214  1 0.2704 0.0470 0.1206 0.2199 0.1109 0.0656 0.0413 0.0722 0.0522 
         215  1 0.1517 0.1155 0.1195 0.1450 0.1113 0.0841 0.0646 0.1236 0.0847 
         216  1 0.0510 0.1792 0.1592 0.0654 0.0834 0.0690 0.0951 0.1469 0.1510 
         217  1 0.0591 0.0760 0.1034 0.0677 0.0836 0.2117 0.1099 0.0869 0.2016 
         218  1 0.0743 0.0847 0.1373 0.1008 0.0861 0.1072 0.1006 0.1678 0.1414 
         219  1 0.0978 0.1722 0.0859 0.0870 0.1450 0.0679 0.1621 0.1064 0.0755 
         220  1 0.1770 0.0741 0.1099 0.1750 0.1262 0.0966 0.0538 0.1159 0.0715 
         221  1 0.0534 0.2050 0.0782 0.0644 0.1183 0.0708 0.2293 0.1001 0.0806 
         222  1 0.2199 0.0350 0.1080 0.1827 0.2214 0.0843 0.0513 0.0474 0.0499 
         223  1 0.0964 0.1533 0.1319 0.1002 0.1095 0.0905 0.0882 0.1160 0.1140 
         224  1 0.1265 0.1160 0.1082 0.1014 0.1782 0.0781 0.1221 0.0777 0.0919 
         225  1 0.1418 0.0479 0.1249 0.1521 0.1692 0.0674 0.1501 0.0813 0.0653 
         226  1 0.0726 0.1973 0.1169 0.0816 0.0821 0.0828 0.1286 0.1518 0.0864 
         227  1 0.0619 0.1635 0.1294 0.0910 0.0797 0.1221 0.0765 0.1515 0.1244 
         228  1 0.0671 0.2471 0.0636 0.0583 0.1311 0.0595 0.2277 0.0795 0.0661 
         229  1 0.0652 0.0670 0.1140 0.0906 0.0960 0.1485 0.1739 0.0944 0.1505 
         230  1 0.0988 0.0918 0.0976 0.0978 0.0973 0.1280 0.1107 0.1631 0.1149 
         231  1 0.0740 0.1413 0.1065 0.0831 0.0939 0.1306 0.0804 0.1651 0.1251 
         232  1 0.0926 0.0853 0.1007 0.1027 0.1199 0.1311 0.0877 0.1657 0.1142 
         233  1 0.0542 0.1216 0.1520 0.0915 0.1059 0.0528 0.1615 0.1120 0.1486 
         234  1 0.0526 0.2527 0.1100 0.0543 0.1013 0.0783 0.1374 0.1208 0.0926 
         235  1 0.0965 0.2090 0.0832 0.0967 0.1098 0.0630 0.1733 0.1063 0.0621 
         236  1 0.0801 0.2263 0.0724 0.0771 0.1238 0.0532 0.2051 0.1015 0.0604 
         237  1 0.2495 0.1175 0.1159 0.2074 0.0941 0.0354 0.0935 0.0497 0.0371 
         238  1 0.0706 0.1585 0.1449 0.1087 0.0525 0.1085 0.0625 0.1572 0.1366 
         239  1 0.0618 0.0892 0.1410 0.0776 0.0609 0.2032 0.0363 0.1306 0.1995 
         240  1 0.0866 0.0913 0.1243 0.0876 0.0911 0.0998 0.1372 0.1516 0.1305 
         241  1 0.0456 0.1860 0.1613 0.0899 0.0541 0.0933 0.0570 0.1507 0.1620 
         242  1 0.0638 0.1602 0.1194 0.0786 0.0815 0.1062 0.1106 0.1544 0.1253 
         243  1 0.2427 0.1142 0.1088 0.1904 0.0955 0.0439 0.0876 0.0681 0.0488 
         244  1 0.0435 0.2088 0.1530 0.0579 0.0654 0.1122 0.0719 0.1542 0.1332 
         245  1 0.0537 0.1621 0.0775 0.0803 0.1329 0.0454 0.3065 0.0725 0.0690 
         246  1 0.0649 0.0524 0.1194 0.1010 0.1022 0.1271 0.2134 0.0745 0.1451 
         247  1 0.0424 0.0691 0.1005 0.0501 0.0494 0.3044 0.0457 0.0775 0.2609 
         248  1 0.0509 0.2825 0.1048 0.0623 0.0900 0.0700 0.1499 0.1063 0.0832 
         249  1 0.1544 0.0637 0.1137 0.1464 0.1158 0.0615 0.1767 0.1032 0.0646 
         250  1 0.1491 0.0669 0.1100 0.1491 0.1183 0.1424 0.0553 0.0972 0.1119 
         251  1 0.0557 0.1517 0.1471 0.0945 0.0708 0.0794 0.1044 0.1495 0.1469 
         252  1 0.1917 0.0541 0.1226 0.1804 0.1291 0.0542 0.1153 0.0904 0.0623 
         253  1 0.0779 0.1780 0.1301 0.0848 0.0867 0.1267 0.0652 0.1233 0.1273 
         254  1 0.2625 0.0436 0.1040 0.1834 0.1874 0.0829 0.0369 0.0514 0.0479 
         255  1 0.1555 0.0620 0.1181 0.1383 0.1318 0.0800 0.1705 0.0681 0.0757 
         256  1 0.0424 0.3157 0.0390 0.0426 0.1427 0.0367 0.2988 0.0470 0.0350 
         257  1 0.2094 0.0452 0.0823 0.1256 0.2707 0.1074 0.0473 0.0611 0.0510 
         258  1 0.1281 0.1850 0.0910 0.1177 0.1242 0.0690 0.1370 0.0883 0.0596 
         259  1 0.1914 0.0776 0.1304 0.1694 0.0924 0.0991 0.0318 0.1040 0.1039 
         260  1 0.3178 0.0351 0.1130 0.2454 0.0875 0.0651 0.0427 0.0392 0.0541 
