           1  1 0.0762 0.1116 0.5493 0.1237 0.1392 
           2  1 0.1044 0.2281 0.5604 0.0390 0.0681 
           3  1 0.1054 0.2261 0.5558 0.0394 0.0733 
           4  1 0.3086 0.0593 0.1886 0.3967 0.0468 
           5  1 0.0847 0.6082 0.0472 0.2075 0.0524 
           6  1 0.0499 0.2133 0.0761 0.0335 0.6273 
           7  1 0.6846 0.0811 0.0894 0.0912 0.0538 
           8  1 0.0683 0.1870 0.1126 0.0664 0.5656 
           9  1 0.0556 0.1948 0.1425 0.4970 0.1101 
          10  1 0.0524 0.4089 0.2198 0.0953 0.2236 
          11  1 0.0945 0.6035 0.0513 0.2006 0.0501 
          12  1 0.0465 0.0588 0.0980 0.0445 0.7521 
          13  1 0.0897 0.0481 0.0462 0.1336 0.6824 
          14  1 0.0563 0.2948 0.1041 0.0646 0.4802 
          15  1 0.0493 0.0764 0.0647 0.7560 0.0535 
          16  1 0.1532 0.2087 0.2193 0.2424 0.1764 
          17  1 0.7186 0.0513 0.1328 0.0293 0.0680 
          18  1 0.0586 0.0630 0.1730 0.1358 0.5695 
          19  1 0.0769 0.1049 0.1522 0.1956 0.4703 
          20  1 0.6856 0.0624 0.0835 0.1251 0.0434 
          21  1 0.4993 0.0565 0.1408 0.1343 0.1691 
          22  1 0.2297 0.1140 0.4714 0.0833 0.1016 
          23  1 0.0543 0.0687 0.0982 0.6368 0.1419 
          24  1 0.2175 0.0669 0.4047 0.0891 0.2218 
          25  1 0.0426 0.6666 0.1749 0.0764 0.0395 
          26  1 0.0779 0.5147 0.1044 0.2210 0.0820 
          27  1 0.1184 0.5212 0.0747 0.0876 0.1981 
          28  1 0.1280 0.2603 0.1041 0.3081 0.1994 
          29  1 0.0656 0.3676 0.3534 0.0688 0.1446 
          30  1 0.0617 0.3220 0.4478 0.0652 0.1033 
          31  1 0.4610 0.0907 0.1885 0.0870 0.1727 
          32  1 0.0510 0.0689 0.5758 0.0775 0.2268 
          33  1 0.5045 0.2371 0.0467 0.1280 0.0836 
          34  1 0.1102 0.4610 0.1039 0.1299 0.1951 
          35  1 0.1353 0.0615 0.6828 0.0393 0.0811 
          36  1 0.0823 0.1283 0.1571 0.4588 0.1735 
          37  1 0.1518 0.0747 0.5192 0.0339 0.2204 
          38  1 0.0896 0.6327 0.1095 0.0588 0.1094 
          39  1 0.0785 0.0880 0.0700 0.6002 0.1632 
          40  1 0.0645 0.4484 0.1627 0.0906 0.2337 
          41  1 0.0431 0.0455 0.0516 0.0427 0.8171 
          42  1 0.0939 0.1035 0.3243 0.1172 0.3611 
          43  1 0.2982 0.3555 0.1894 0.1184 0.0384 
          44  1 0.1830 0.1000 0.5657 0.0661 0.0853 
          45  1 0.4917 0.1220 0.2736 0.0390 0.0737 
          46  1 0.1330 0.5091 0.0578 0.1404 0.1597 
          47  1 0.1555 0.0439 0.2312 0.0556 0.5138 
          48  1 0.0824 0.3365 0.3363 0.0497 0.1951 
          49  1 0.0727 0.5432 0.1003 0.1517 0.1321 
          50  1 0.0627 0.6755 0.0820 0.1287 0.0512 
          51  1 0.6587 0.0351 0.0649 0.0507 0.1906 
          52  1 0.0663 0.0892 0.0961 0.6673 0.0811 
          53  1 0.2004 0.0714 0.2988 0.0514 0.3780 
          54  1 0.0592 0.1791 0.5944 0.0978 0.0695 
          55  1 0.1069 0.4265 0.0828 0.3164 0.0675 
          56  1 0.0939 0.5429 0.1140 0.1535 0.0956 
          57  1 0.1339 0.4309 0.3443 0.0249 0.0659 
          58  1 0.4245 0.2283 0.1622 0.0633 0.1217 
          59  1 0.0720 0.0794 0.1444 0.5957 0.1085 
          60  1 0.0796 0.3305 0.3384 0.0724 0.1791 
          61  1 0.1144 0.0900 0.2702 0.1085 0.4169 
          62  1 0.0721 0.5604 0.0800 0.2532 0.0342 
          63  1 0.0458 0.0414 0.7868 0.0516 0.0744 
          64  1 0.0915 0.1557 0.1623 0.4433 0.1472 
          65  1 0.1255 0.2835 0.0740 0.0833 0.4337 
          66  1 0.0649 0.0495 0.0888 0.5323 0.2645 
          67  1 0.1237 0.0593 0.0958 0.4776 0.2436 
          68  1 0.2404 0.1163 0.0788 0.4025 0.1619 
          69  1 0.6194 0.0524 0.0645 0.1223 0.1414 
          70  1 0.0687 0.1208 0.0685 0.6311 0.1110 
          71  1 0.0735 0.3721 0.3922 0.0670 0.0952 
          72  1 0.0797 0.2633 0.0834 0.4796 0.0940 
          73  1 0.1266 0.6974 0.0674 0.0616 0.0470 
          74  1 0.3120 0.1225 0.3722 0.0711 0.1223 
          75  1 0.0419 0.6442 0.0764 0.1868 0.0507 
          76  1 0.6719 0.0931 0.0527 0.1373 0.0451 
          77  1 0.6344 0.0581 0.1095 0.1349 0.0631 
          78  1 0.0508 0.7235 0.0422 0.1015 0.0820 
          79  1 0.0366 0.7818 0.0661 0.0713 0.0442 
          80  1 0.0692 0.1040 0.0529 0.7041 0.0698 
          81  1 0.0516 0.0761 0.2558 0.0890 0.5276 
          82  1 0.0985 0.4513 0.1112 0.2737 0.0653 
          83  1 0.0559 0.4917 0.0512 0.3586 0.0426 
          84  1 0.0641 0.2497 0.2684 0.0851 0.3327 
          85  1 0.0475 0.0595 0.1005 0.0637 0.7288 
          86  1 0.3556 0.1365 0.0830 0.0282 0.3967 
          87  1 0.0743 0.1624 0.0497 0.6373 0.0764 
          88  1 0.0568 0.2847 0.4953 0.0870 0.0761 
          89  1 0.2378 0.0586 0.0888 0.0369 0.5780 
          90  1 0.0372 0.4543 0.2181 0.0619 0.2284 
          91  1 0.0334 0.0531 0.2294 0.0526 0.6314 
          92  1 0.2579 0.2734 0.3491 0.0699 0.0498 
          93  1 0.2879 0.1192 0.4014 0.0544 0.1371 
          94  1 0.1115 0.0519 0.7109 0.0336 0.0922 
          95  1 0.0890 0.2314 0.2136 0.3897 0.0762 
          96  1 0.0775 0.0493 0.1304 0.3995 0.3433 
          97  1 0.0441 0.0400 0.0795 0.7554 0.0810 
          98  1 0.0729 0.2369 0.3261 0.2684 0.0957 
          99  1 0.5041 0.0742 0.1632 0.1794 0.0791 
         100  1 0.2651 0.2844 0.0563 0.3076 0.0866 
         101  1 0.0711 0.0909 0.1494 0.5323 0.1564 
         102  1 0.0776 0.0865 0.1919 0.3004 0.3437 
         103  1 0.0599 0.0775 0.1456 0.5411 0.1760 
         104  1 0.3086 0.0585 0.1603 0.3729 0.0997 
         105  1 0.0691 0.4784 0.0349 0.1572 0.2603 
         106  1 0.0570 0.4876 0.0514 0.3604 0.0437 
         107  1 0.0508 0.0641 0.0358 0.7750 0.0743 
         108  1 0.1258 0.0965 0.0954 0.2528 0.4295 
         109  1 0.4147 0.3678 0.0657 0.1082 0.0436 
         110  1 0.4378 0.0515 0.1481 0.1107 0.2520 
         111  1 0.0383 0.0650 0.1456 0.0293 0.7219 
         112  1 0.0432 0.1503 0.0629 0.0559 0.6877 
         113  1 0.3625 0.0655 0.1016 0.1125 0.3579 
         114  1 0.0502 0.2351 0.4328 0.0595 0.2224 
         115  1 0.0976 0.0687 0.0801 0.2468 0.5069 
         116  1 0.1166 0.2028 0.3998 0.0498 0.2310 
         117  1 0.1914 0.0584 0.6178 0.0331 0.0993 
         118  1 0.0654 0.4948 0.0659 0.2838 0.0901 
         119  1 0.3674 0.0458 0.3537 0.1698 0.0633 
         120  1 0.3140 0.1252 0.3636 0.1605 0.0368 
         121  1 0.3711 0.2277 0.3079 0.0433 0.0500 
         122  1 0.3035 0.0872 0.2596 0.2532 0.0965 
         123  1 0.0729 0.3029 0.0535 0.4778 0.0930 
         124  1 0.3132 0.0509 0.1687 0.1694 0.2978 
         125  1 0.0493 0.0524 0.1151 0.6939 0.0893 
         126  1 0.5246 0.0892 0.1227 0.0630 0.2005 
         127  1 0.7001 0.1001 0.0918 0.0784 0.0296 
         128  1 0.0513 0.1195 0.1515 0.6005 0.0772 
         129  1 0.4310 0.4378 0.0649 0.0316 0.0347 
         130  1 0.0793 0.1802 0.0506 0.1682 0.5217 
         131  1 0.6939 0.1320 0.0816 0.0618 0.0307 
         132  1 0.0885 0.0996 0.5667 0.1228 0.1223 
         133  1 0.3534 0.0544 0.3983 0.0899 0.1040 
         134  1 0.0658 0.0803 0.1083 0.4035 0.3421 
         135  1 0.1795 0.0678 0.1624 0.0544 0.5358 
         136  1 0.0712 0.2291 0.0778 0.0530 0.5689 
         137  1 0.0966 0.0405 0.1101 0.6216 0.1313 
         138  1 0.2398 0.0506 0.3745 0.2612 0.0739 
         139  1 0.0570 0.0364 0.0680 0.7209 0.1176 
         140  1 0.0543 0.0682 0.0963 0.6604 0.1208 
         141  1 0.2289 0.0406 0.4405 0.1712 0.1188 
         142  1 0.0476 0.0476 0.1624 0.1922 0.5503 
         143  1 0.1259 0.1217 0.2211 0.4799 0.0514 
         144  1 0.2421 0.4521 0.2151 0.0538 0.0368 
         145  1 0.1646 0.1046 0.1569 0.4905 0.0833 
         146  1 0.0900 0.4990 0.0519 0.2904 0.0688 
         147  1 0.0531 0.0612 0.1869 0.6571 0.0416 
         148  1 0.0455 0.0765 0.2408 0.0907 0.5466 
         149  1 0.3557 0.1052 0.2675 0.1914 0.0802 
         150  1 0.1080 0.0353 0.7505 0.0550 0.0512 
         151  1 0.0642 0.0916 0.1172 0.6529 0.0741 
         152  1 0.0949 0.1077 0.2514 0.4454 0.1006 
         153  1 0.0308 0.8242 0.0411 0.0677 0.0362 
         154  1 0.1151 0.0392 0.2280 0.0358 0.5820 
         155  1 0.0623 0.7260 0.0713 0.0965 0.0439 
         156  1 0.0795 0.1240 0.1987 0.4706 0.1272 
         157  1 0.3999 0.0639 0.1493 0.3026 0.0843 
         158  1 0.0603 0.3819 0.2581 0.1917 0.1080 
         159  1 0.1166 0.0939 0.0479 0.0911 0.6504 
         160  1 0.0623 0.2980 0.1493 0.0723 0.4181 
         161  1 0.4283 0.3719 0.0907 0.0513 0.0578 
         162  1 0.0800 0.2786 0.2940 0.1041 0.2433 
         163  1 0.1177 0.3450 0.1533 0.2511 0.1329 
         164  1 0.1872 0.0596 0.5347 0.0455 0.1731 
         165  1 0.2379 0.1415 0.3928 0.0918 0.1361 
         166  1 0.0571 0.3363 0.2270 0.0686 0.3109 
         167  1 0.0630 0.3627 0.4211 0.0889 0.0642 
         168  1 0.0372 0.0483 0.3031 0.0433 0.5681 
         169  1 0.0535 0.0488 0.0597 0.0419 0.7962 
         170  1 0.2026 0.0435 0.5758 0.0774 0.1006 
         171  1 0.0553 0.1181 0.0656 0.0350 0.7260 
         172  1 0.6331 0.1072 0.1026 0.0225 0.1347 
         173  1 0.2203 0.0662 0.0418 0.1324 0.5393 
         174  1 0.0498 0.0870 0.0740 0.7600 0.0292 
         175  1 0.1670 0.1181 0.5832 0.0755 0.0561 
         176  1 0.0856 0.1153 0.0639 0.6349 0.1003 
         177  1 0.2728 0.1289 0.4855 0.0534 0.0594 
         178  1 0.0947 0.2652 0.3508 0.0592 0.2301 
         179  1 0.0491 0.0616 0.3412 0.1007 0.4474 
         180  1 0.0875 0.5356 0.0772 0.2428 0.0570 
         181  1 0.1154 0.1330 0.1084 0.4137 0.2295 
         182  1 0.5198 0.1058 0.1473 0.0984 0.1287 
         183  1 0.7403 0.0317 0.0720 0.0939 0.0620 
         184  1 0.1790 0.1083 0.2808 0.1156 0.3163 
         185  1 0.0709 0.1898 0.5418 0.0920 0.1055 
         186  1 0.0760 0.1129 0.3831 0.0753 0.3527 
         187  1 0.1174 0.6644 0.0485 0.0447 0.1251 
         188  1 0.4545 0.0575 0.1934 0.0503 0.2444 
         189  1 0.0419 0.0511 0.0584 0.0645 0.7840 
         190  1 0.5091 0.0873 0.0484 0.2752 0.0801 
         191  1 0.2623 0.1739 0.0891 0.2913 0.1833 
         192  1 0.2836 0.1521 0.1521 0.0421 0.3702 
         193  1 0.0715 0.1910 0.0891 0.5945 0.0539 
         194  1 0.1683 0.1453 0.0508 0.6005 0.0350 
         195  1 0.0864 0.5991 0.0701 0.1679 0.0765 
         196  1 0.3944 0.0671 0.3946 0.0948 0.0491 
         197  1 0.5961 0.1851 0.0641 0.1070 0.0477 
         198  1 0.1790 0.0355 0.6492 0.0402 0.0960 
         199  1 0.0479 0.0684 0.7231 0.0709 0.0898 
         200  1 0.0509 0.0488 0.0526 0.0298 0.8180 
         201  1 0.1137 0.5993 0.0963 0.0945 0.0962 
         202  1 0.2893 0.0711 0.2438 0.0363 0.3596 
         203  1 0.2195 0.1945 0.1679 0.2378 0.1804 
         204  1 0.0753 0.1851 0.1167 0.0623 0.5607 
         205  1 0.0772 0.0656 0.3152 0.2345 0.3076 
         206  1 0.0801 0.0701 0.0312 0.7633 0.0554 
         207  1 0.0538 0.0471 0.1044 0.7368 0.0579 
         208  1 0.1257 0.2092 0.0865 0.5008 0.0779 
         209  1 0.5408 0.0504 0.0912 0.2755 0.0421 
         210  1 0.3442 0.1647 0.0644 0.3957 0.0311 
         211  1 0.0856 0.5153 0.0416 0.2847 0.0728 
         212  1 0.1383 0.2061 0.0350 0.3021 0.3184 
         213  1 0.7795 0.0716 0.0395 0.0752 0.0342 
         214  1 0.0545 0.0599 0.0906 0.7460 0.0489 
         215  1 0.1685 0.0436 0.2607 0.4725 0.0547 
         216  1 0.1496 0.1479 0.6016 0.0375 0.0635 
         217  1 0.1458 0.2279 0.0880 0.0605 0.4778 
         218  1 0.0438 0.2510 0.5276 0.0622 0.1154 
         219  1 0.5265 0.1693 0.1563 0.1009 0.0470 
         220  1 0.0621 0.0659 0.1958 0.5787 0.0976 
         221  1 0.5254 0.1498 0.1836 0.0482 0.0929 
         222  1 0.0524 0.1619 0.0497 0.6952 0.0409 
         223  1 0.3738 0.0802 0.2964 0.1712 0.0784 
         224  1 0.4219 0.2981 0.0854 0.1103 0.0843 
         225  1 0.0730 0.5729 0.0458 0.2446 0.0637 
         226  1 0.3101 0.0886 0.4177 0.0706 0.1129 
         227  1 0.1886 0.0510 0.4759 0.1051 0.1795 
         228  1 0.6667 0.0899 0.0722 0.0902 0.0809 
         229  1 0.1024 0.4202 0.0737 0.0614 0.3422 
         230  1 0.0941 0.2911 0.1924 0.1016 0.3208 
         231  1 0.2321 0.0703 0.4332 0.0979 0.1664 
         232  1 0.0841 0.2869 0.3212 0.1141 0.1937 
         233  1 0.1969 0.5353 0.1648 0.0409 0.0621 
         234  1 0.6929 0.0458 0.1011 0.0729 0.0873 
         235  1 0.5493 0.0743 0.1482 0.1380 0.0902 
         236  1 0.5594 0.0922 0.2006 0.1087 0.0390 
         237  1 0.3065 0.0528 0.0729 0.5311 0.0367 
         238  1 0.1328 0.0456 0.6029 0.0856 0.1331 
         239  1 0.0430 0.0600 0.3104 0.0781 0.5086 
         240  1 0.0785 0.3482 0.2625 0.0542 0.2566 
         241  1 0.0834 0.0495 0.7605 0.0410 0.0655 
         242  1 0.2008 0.1333 0.4411 0.0487 0.1761 
         243  1 0.3283 0.0671 0.0980 0.4678 0.0387 
         244  1 0.1563 0.0679 0.5206 0.0435 0.2117 
         245  1 0.4283 0.4101 0.0706 0.0339 0.0570 
         246  1 0.0845 0.6002 0.0443 0.0522 0.2188 
         247  1 0.0581 0.0556 0.1153 0.0517 0.7193 
         248  1 0.6229 0.0259 0.1998 0.0781 0.0733 
         249  1 0.1265 0.5509 0.0508 0.1986 0.0732 
         250  1 0.0466 0.0853 0.1128 0.5369 0.2185 
         251  1 0.1190 0.1026 0.6741 0.0505 0.0538 
         252  1 0.0700 0.2595 0.1242 0.5177 0.0286 
         253  1 0.2626 0.0665 0.2639 0.1257 0.2813 
         254  1 0.0884 0.0649 0.0441 0.7002 0.1023 
         255  1 0.1310 0.5371 0.0424 0.2177 0.0719 
         256  1 0.7842 0.0320 0.0558 0.0832 0.0449 
         257  1 0.1559 0.2266 0.0464 0.4244 0.1466 
         258  1 0.4808 0.0522 0.0900 0.3040 0.0729 
         259  1 0.0561 0.0454 0.2135 0.6032 0.0818 
         260  1 0.0679 0.0903 0.0482 0.7068 0.0869 
