           1  1 0.1243 0.0820 0.0912 0.1347 0.1080 0.0684 0.0931 0.1186 0.0735 0.1061 
           2  1 0.1345 0.0498 0.0486 0.1285 0.0810 0.0484 0.2166 0.1097 0.0640 0.1190 
           3  1 0.1277 0.0453 0.0497 0.1304 0.0811 0.0548 0.2222 0.1045 0.0651 0.1194 
           4  1 0.1140 0.0324 0.1174 0.1096 0.1031 0.1224 0.0894 0.1240 0.0875 0.1001 
           5  1 0.0998 0.0494 0.1078 0.0682 0.0546 0.1162 0.0971 0.1020 0.1796 0.1252 
           6  1 0.0745 0.3038 0.1105 0.0871 0.0444 0.0649 0.0973 0.0677 0.0661 0.0837 
           7  1 0.0716 0.0377 0.0588 0.0903 0.2288 0.1906 0.0828 0.1056 0.0573 0.0764 
           8  1 0.0975 0.2203 0.1065 0.0996 0.0573 0.0695 0.1012 0.0857 0.0739 0.0885 
           9  1 0.1170 0.0503 0.1431 0.1140 0.0401 0.0755 0.1144 0.0846 0.1649 0.0960 
          10  1 0.1229 0.0793 0.0920 0.1247 0.0552 0.0748 0.1536 0.0964 0.0960 0.1052 
          11  1 0.1152 0.0537 0.1167 0.0849 0.0480 0.1027 0.1018 0.0927 0.1510 0.1333 
          12  1 0.0731 0.3418 0.1111 0.1033 0.0619 0.0524 0.0696 0.0759 0.0447 0.0662 
          13  1 0.0453 0.4877 0.1495 0.0434 0.0349 0.0428 0.0401 0.0410 0.0733 0.0418 
          14  1 0.1125 0.1494 0.0930 0.1026 0.0482 0.0921 0.1158 0.1060 0.0802 0.1002 
          15  1 0.1032 0.0441 0.1636 0.0904 0.0393 0.0763 0.1213 0.0805 0.1950 0.0864 
          16  1 0.1008 0.0986 0.1108 0.1069 0.0920 0.0931 0.0927 0.0961 0.1150 0.0939 
          17  1 0.0444 0.0543 0.0330 0.0664 0.3386 0.2439 0.0476 0.0942 0.0261 0.0515 
          18  1 0.1020 0.2746 0.1147 0.0963 0.0630 0.0610 0.0666 0.0994 0.0514 0.0710 
          19  1 0.1011 0.1564 0.1083 0.1201 0.0635 0.0774 0.0837 0.1136 0.0819 0.0940 
          20  1 0.0678 0.0374 0.0665 0.0657 0.2528 0.2104 0.0518 0.0957 0.0888 0.0630 
          21  1 0.0903 0.0949 0.0831 0.0911 0.1743 0.1318 0.0743 0.1044 0.0700 0.0858 
          22  1 0.1157 0.0391 0.0625 0.1329 0.0865 0.0696 0.1639 0.1403 0.0679 0.1215 
          23  1 0.1172 0.0618 0.1254 0.0987 0.0475 0.1027 0.1000 0.1206 0.1398 0.0862 
          24  1 0.0958 0.1046 0.0811 0.1291 0.1622 0.0979 0.0770 0.1139 0.0419 0.0963 
          25  1 0.1013 0.0752 0.0928 0.0923 0.0515 0.1008 0.1648 0.0622 0.1155 0.1436 
          26  1 0.1461 0.0653 0.1113 0.0924 0.0635 0.0909 0.0768 0.1052 0.1236 0.1250 
          27  1 0.0951 0.1470 0.0952 0.0730 0.0966 0.1151 0.0940 0.0800 0.0927 0.1112 
          28  1 0.1079 0.0718 0.1098 0.0758 0.0585 0.1189 0.0915 0.1301 0.1428 0.0929 
          29  1 0.1356 0.0753 0.1100 0.1274 0.0631 0.0901 0.1011 0.1038 0.0700 0.1235 
          30  1 0.1254 0.0804 0.0913 0.1204 0.0763 0.0764 0.1340 0.0823 0.0974 0.1162 
          31  1 0.0904 0.0955 0.0797 0.0933 0.1419 0.1181 0.0809 0.1174 0.0835 0.0993 
          32  1 0.1168 0.0894 0.0883 0.1566 0.1240 0.0528 0.0870 0.1320 0.0509 0.1022 
          33  1 0.0729 0.0697 0.0862 0.0683 0.1603 0.1553 0.1188 0.0700 0.1105 0.0880 
          34  1 0.1355 0.0595 0.0927 0.0941 0.0645 0.1072 0.1176 0.1128 0.1107 0.1055 
          35  1 0.1013 0.0500 0.0604 0.1492 0.1982 0.0654 0.1039 0.1232 0.0388 0.1094 
          36  1 0.1253 0.0902 0.1338 0.0957 0.0619 0.0847 0.0887 0.1018 0.1270 0.0910 
          37  1 0.1304 0.0572 0.0526 0.1613 0.0691 0.0567 0.1467 0.1610 0.0296 0.1354 
          38  1 0.0832 0.0986 0.1044 0.0913 0.0731 0.1182 0.1255 0.0678 0.1072 0.1307 
          39  1 0.1070 0.0833 0.1305 0.0803 0.0359 0.0995 0.1072 0.1079 0.1602 0.0883 
          40  1 0.0788 0.1398 0.1049 0.0977 0.0562 0.0905 0.1232 0.0690 0.1134 0.1265 
          41  1 0.0669 0.3660 0.1309 0.1014 0.0436 0.0498 0.0519 0.0903 0.0385 0.0607 
          42  1 0.1181 0.1343 0.1022 0.1329 0.1058 0.0682 0.0678 0.1206 0.0508 0.0993 
          43  1 0.1325 0.0291 0.0749 0.0911 0.1015 0.1033 0.1565 0.0923 0.1035 0.1152 
          44  1 0.1109 0.0558 0.0645 0.1270 0.1979 0.0803 0.1114 0.1009 0.0535 0.0979 
          45  1 0.0932 0.0409 0.0448 0.1316 0.1020 0.0925 0.1667 0.1383 0.0493 0.1408 
          46  1 0.0885 0.1287 0.1112 0.0672 0.0776 0.1083 0.0890 0.0820 0.1370 0.1105 
          47  1 0.0875 0.1269 0.0581 0.1625 0.0528 0.0420 0.1580 0.1563 0.0346 0.1213 
          48  1 0.1617 0.0806 0.0796 0.1193 0.0803 0.0754 0.1364 0.1021 0.0624 0.1022 
          49  1 0.1408 0.0784 0.1032 0.0898 0.0539 0.1062 0.0797 0.1172 0.1017 0.1291 
          50  1 0.1803 0.0431 0.0968 0.0785 0.0548 0.1031 0.0783 0.1459 0.0969 0.1225 
          51  1 0.0571 0.1843 0.0649 0.0691 0.1453 0.1694 0.0748 0.0984 0.0458 0.0908 
          52  1 0.1206 0.0488 0.1546 0.1153 0.0464 0.0823 0.1030 0.0816 0.1545 0.0930 
          53  1 0.0769 0.2002 0.0876 0.1053 0.1327 0.0701 0.0945 0.0930 0.0480 0.0916 
          54  1 0.1278 0.0596 0.0865 0.1292 0.0927 0.0638 0.1268 0.1145 0.0827 0.1163 
          55  1 0.1108 0.0565 0.1093 0.0812 0.0657 0.1137 0.1193 0.1050 0.1301 0.1083 
          56  1 0.1229 0.0505 0.1052 0.0966 0.0557 0.1139 0.1080 0.1190 0.1086 0.1197 
          57  1 0.1101 0.0682 0.0601 0.0946 0.1050 0.0795 0.2038 0.0673 0.0935 0.1180 
          58  1 0.1041 0.0550 0.0637 0.1140 0.1203 0.1104 0.1341 0.1175 0.0609 0.1200 
          59  1 0.1022 0.0733 0.1274 0.0883 0.0582 0.0980 0.0874 0.1160 0.1518 0.0973 
          60  1 0.1122 0.0934 0.0941 0.1109 0.0971 0.0864 0.1055 0.0942 0.0814 0.1249 
          61  1 0.1052 0.1280 0.0946 0.1507 0.0767 0.0719 0.0804 0.1271 0.0544 0.1110 
          62  1 0.1013 0.0518 0.1422 0.0836 0.0447 0.0938 0.1074 0.0693 0.1834 0.1224 
          63  1 0.1000 0.0457 0.0640 0.1877 0.2224 0.0347 0.1020 0.1147 0.0272 0.1016 
          64  1 0.1064 0.0725 0.1203 0.0850 0.0657 0.1000 0.0887 0.1111 0.1559 0.0945 
          65  1 0.0712 0.2386 0.1191 0.0735 0.0719 0.0915 0.0859 0.0673 0.0872 0.0939 
          66  1 0.0738 0.1494 0.1618 0.0916 0.0439 0.0475 0.1005 0.0487 0.2096 0.0731 
          67  1 0.1206 0.1496 0.1151 0.0876 0.0657 0.0980 0.0692 0.1040 0.1052 0.0850 
          68  1 0.0850 0.1311 0.1219 0.0778 0.0827 0.0999 0.0810 0.0745 0.1618 0.0843 
          69  1 0.0744 0.1028 0.0814 0.0608 0.1520 0.1746 0.0719 0.1023 0.0969 0.0827 
          70  1 0.0919 0.0474 0.1271 0.0586 0.0387 0.1282 0.0975 0.1222 0.2128 0.0756 
          71  1 0.1583 0.0539 0.0781 0.1162 0.0701 0.0901 0.0977 0.1384 0.0625 0.1347 
          72  1 0.0936 0.0686 0.1460 0.0739 0.0440 0.0826 0.1004 0.0845 0.2165 0.0900 
          73  1 0.0995 0.0770 0.0803 0.0733 0.1033 0.1386 0.0947 0.0798 0.0999 0.1537 
          74  1 0.1022 0.0758 0.0729 0.1002 0.1868 0.1188 0.0805 0.1036 0.0521 0.1071 
          75  1 0.1079 0.0551 0.1153 0.0746 0.0435 0.0893 0.1437 0.0777 0.1839 0.1090 
          76  1 0.0567 0.0387 0.0617 0.0587 0.2755 0.2358 0.0521 0.0796 0.0774 0.0639 
          77  1 0.1258 0.0362 0.0780 0.0751 0.1837 0.1818 0.0485 0.1318 0.0546 0.0846 
          78  1 0.0732 0.0915 0.1106 0.0635 0.0327 0.1057 0.1465 0.0655 0.1937 0.1171 
          79  1 0.0588 0.0964 0.0982 0.0728 0.0325 0.1168 0.1731 0.0395 0.1529 0.1590 
          80  1 0.0999 0.0435 0.1596 0.0538 0.0433 0.0926 0.0922 0.0940 0.2422 0.0789 
          81  1 0.0970 0.1634 0.1008 0.1590 0.0932 0.0511 0.0715 0.1193 0.0555 0.0892 
          82  1 0.1069 0.0663 0.1095 0.0941 0.0634 0.1062 0.1173 0.0827 0.1403 0.1132 
          83  1 0.0838 0.0552 0.1580 0.0785 0.0367 0.0798 0.1183 0.0531 0.2153 0.1214 
          84  1 0.1277 0.0843 0.0846 0.1325 0.0669 0.0692 0.1374 0.1210 0.0701 0.1064 
          85  1 0.0819 0.2605 0.1173 0.1248 0.0508 0.0511 0.0759 0.1096 0.0498 0.0784 
          86  1 0.0840 0.2396 0.0776 0.0781 0.1020 0.0997 0.0854 0.0913 0.0452 0.0970 
          87  1 0.0930 0.0554 0.1517 0.0684 0.0483 0.0945 0.1065 0.0893 0.2119 0.0810 
          88  1 0.1302 0.0700 0.0912 0.1169 0.0884 0.0763 0.1272 0.0970 0.0830 0.1198 
          89  1 0.0681 0.3532 0.1101 0.0612 0.0966 0.0856 0.0485 0.0799 0.0298 0.0671 
          90  1 0.1212 0.1264 0.0895 0.0956 0.0469 0.0653 0.1728 0.0660 0.1045 0.1118 
          91  1 0.0786 0.2588 0.1014 0.1240 0.1253 0.0364 0.0730 0.0904 0.0449 0.0673 
          92  1 0.1041 0.0463 0.0680 0.1186 0.1189 0.1108 0.1418 0.1043 0.0739 0.1133 
          93  1 0.0951 0.0698 0.0612 0.1128 0.1869 0.1270 0.0964 0.1062 0.0455 0.0992 
          94  1 0.0880 0.0615 0.0623 0.1591 0.1981 0.0561 0.0975 0.1267 0.0357 0.1151 
          95  1 0.1199 0.0534 0.1275 0.1040 0.0791 0.0866 0.0830 0.1048 0.1311 0.1106 
          96  1 0.0906 0.1641 0.1261 0.0990 0.0768 0.0639 0.0834 0.0993 0.1210 0.0757 
          97  1 0.0869 0.0400 0.1831 0.1066 0.0314 0.0413 0.1324 0.0400 0.2598 0.0786 
          98  1 0.1239 0.0666 0.1313 0.1257 0.0645 0.0887 0.0907 0.1032 0.0926 0.1129 
          99  1 0.0766 0.0661 0.0866 0.0892 0.1937 0.1459 0.0792 0.0891 0.0870 0.0866 
         100  1 0.0643 0.0845 0.1119 0.0680 0.1201 0.1394 0.0962 0.0607 0.1528 0.1020 
         101  1 0.1120 0.0713 0.1196 0.1119 0.0800 0.0802 0.0936 0.1149 0.1188 0.0976 
         102  1 0.1037 0.1359 0.1249 0.0983 0.0780 0.0628 0.0740 0.1005 0.1259 0.0959 
         103  1 0.1135 0.0749 0.1277 0.1108 0.0533 0.0844 0.1109 0.1073 0.1225 0.0947 
         104  1 0.0956 0.0603 0.1023 0.0952 0.1148 0.1070 0.0978 0.1054 0.1186 0.1030 
         105  1 0.0930 0.0830 0.1149 0.0667 0.0298 0.1274 0.1109 0.1116 0.1666 0.0961 
         106  1 0.0887 0.0540 0.1566 0.0807 0.0379 0.0768 0.1157 0.0528 0.2191 0.1177 
         107  1 0.0909 0.0470 0.1810 0.0956 0.0312 0.0638 0.1243 0.0512 0.2348 0.0803 
         108  1 0.0740 0.2511 0.1273 0.0877 0.0649 0.0622 0.0687 0.0740 0.1182 0.0719 
         109  1 0.0958 0.0368 0.0749 0.0949 0.1031 0.1121 0.1501 0.0984 0.1140 0.1200 
         110  1 0.0744 0.1566 0.0843 0.0847 0.1611 0.1335 0.0721 0.0896 0.0643 0.0794 
         111  1 0.0705 0.3058 0.1133 0.1228 0.0773 0.0399 0.0720 0.0907 0.0400 0.0679 
         112  1 0.0769 0.2755 0.1132 0.1045 0.0445 0.0649 0.0931 0.0815 0.0702 0.0756 
         113  1 0.0985 0.1210 0.0868 0.1018 0.0797 0.1079 0.0984 0.1298 0.0805 0.0956 
         114  1 0.1385 0.0977 0.0800 0.1268 0.0790 0.0619 0.1512 0.0966 0.0682 0.1001 
         115  1 0.0642 0.3600 0.1342 0.0624 0.0492 0.0519 0.0588 0.0595 0.1019 0.0578 
         116  1 0.1401 0.0832 0.0840 0.1318 0.0785 0.0777 0.1037 0.1300 0.0526 0.1186 
         117  1 0.0906 0.0570 0.0581 0.1406 0.1780 0.0825 0.1031 0.1429 0.0331 0.1140 
         118  1 0.1005 0.0646 0.1172 0.0915 0.0437 0.0879 0.1411 0.0803 0.1628 0.1104 
         119  1 0.1060 0.0516 0.0871 0.1156 0.1508 0.1128 0.0849 0.1159 0.0681 0.1071 
         120  1 0.1122 0.0289 0.0876 0.1157 0.1632 0.1252 0.0750 0.1232 0.0650 0.1040 
         121  1 0.1146 0.0436 0.0661 0.1001 0.1474 0.1307 0.0950 0.1217 0.0547 0.1260 
         122  1 0.1162 0.0432 0.0940 0.1276 0.0952 0.1002 0.1085 0.1319 0.0782 0.1051 
         123  1 0.0902 0.0738 0.1547 0.0883 0.0447 0.0690 0.1215 0.0463 0.2197 0.0917 
         124  1 0.0930 0.1252 0.0929 0.1019 0.1234 0.1048 0.0844 0.1076 0.0706 0.0962 
         125  1 0.1365 0.0471 0.1417 0.1115 0.0453 0.0956 0.0961 0.1110 0.1180 0.0970 
         126  1 0.0748 0.1281 0.0702 0.0780 0.1916 0.1646 0.0611 0.1057 0.0458 0.0802 
         127  1 0.0626 0.0224 0.0441 0.0704 0.2681 0.2168 0.0773 0.1105 0.0575 0.0703 
         128  1 0.0976 0.0423 0.1540 0.1162 0.0433 0.0600 0.1194 0.0684 0.2042 0.0945 
         129  1 0.0492 0.0516 0.0579 0.0649 0.2355 0.2046 0.0896 0.0683 0.0694 0.1089 
         130  1 0.0562 0.3713 0.1402 0.0518 0.0389 0.0629 0.0681 0.0496 0.1077 0.0533 
         131  1 0.0477 0.0272 0.0442 0.0477 0.3182 0.2400 0.0607 0.0897 0.0646 0.0600 
         132  1 0.1487 0.0653 0.1049 0.1306 0.0732 0.0835 0.0720 0.1450 0.0490 0.1277 
         133  1 0.1524 0.0443 0.0774 0.1133 0.1102 0.1167 0.0713 0.1642 0.0402 0.1099 
         134  1 0.1063 0.1270 0.1240 0.1215 0.0472 0.0713 0.1061 0.0981 0.1069 0.0917 
         135  1 0.0708 0.3073 0.1028 0.0946 0.0616 0.0525 0.0946 0.0897 0.0423 0.0838 
         136  1 0.0784 0.2892 0.1148 0.0738 0.0548 0.0703 0.0863 0.0753 0.0737 0.0835 
         137  1 0.1336 0.0599 0.1369 0.1206 0.0514 0.1029 0.0866 0.1143 0.0982 0.0956 
         138  1 0.1069 0.0415 0.0824 0.1175 0.1139 0.0777 0.1226 0.1291 0.0993 0.1091 
         139  1 0.0796 0.0849 0.1705 0.0942 0.0389 0.0452 0.1192 0.0490 0.2447 0.0738 
         140  1 0.0942 0.0682 0.1682 0.1077 0.0415 0.0624 0.1176 0.0575 0.1991 0.0835 
         141  1 0.1100 0.0567 0.0852 0.1227 0.1228 0.1043 0.0943 0.1341 0.0553 0.1145 
         142  1 0.0867 0.2796 0.1139 0.0986 0.0859 0.0480 0.0815 0.0761 0.0635 0.0663 
         143  1 0.1637 0.0298 0.1155 0.1016 0.0566 0.1146 0.0733 0.1391 0.0854 0.1204 
         144  1 0.0764 0.0633 0.0800 0.0885 0.1700 0.1217 0.1131 0.0654 0.0886 0.1329 
         145  1 0.1121 0.0520 0.1240 0.1063 0.0801 0.1063 0.1019 0.0917 0.1277 0.0978 
         146  1 0.0823 0.0543 0.1280 0.0567 0.0418 0.1183 0.1099 0.0928 0.2112 0.1047 
         147  1 0.1122 0.0310 0.1496 0.0970 0.0629 0.0766 0.1062 0.0942 0.1771 0.0933 
         148  1 0.0980 0.2632 0.1048 0.1064 0.0589 0.0493 0.0904 0.0895 0.0590 0.0805 
         149  1 0.0930 0.0569 0.0818 0.0953 0.1740 0.1213 0.0882 0.0995 0.0943 0.0956 
         150  1 0.0915 0.0445 0.0534 0.1681 0.2400 0.0511 0.1055 0.1097 0.0333 0.1029 
         151  1 0.1419 0.0423 0.1386 0.1113 0.0518 0.0969 0.0950 0.1058 0.1183 0.0983 
         152  1 0.1225 0.0533 0.1198 0.1098 0.0745 0.0838 0.0996 0.1143 0.1200 0.1023 
         153  1 0.0649 0.0918 0.1063 0.0728 0.0271 0.1221 0.1580 0.0424 0.1424 0.1722 
         154  1 0.0965 0.2075 0.0789 0.1180 0.1009 0.0536 0.0823 0.1381 0.0344 0.0899 
         155  1 0.1220 0.0686 0.0901 0.0886 0.0590 0.0801 0.1817 0.0590 0.1308 0.1200 
         156  1 0.1148 0.0491 0.1117 0.0916 0.0503 0.1202 0.0826 0.1396 0.1341 0.1060 
         157  1 0.0930 0.0406 0.1058 0.1094 0.1061 0.1100 0.1097 0.1104 0.1198 0.0951 
         158  1 0.1373 0.0857 0.0999 0.1044 0.0630 0.0756 0.1353 0.0848 0.1051 0.1088 
         159  1 0.0587 0.4031 0.1319 0.0529 0.0633 0.0715 0.0465 0.0623 0.0528 0.0570 
         160  1 0.1115 0.1873 0.1094 0.0982 0.0524 0.0688 0.1202 0.0755 0.0820 0.0948 
         161  1 0.1070 0.0543 0.0688 0.0760 0.1530 0.1358 0.0943 0.1016 0.0868 0.1225 
         162  1 0.1108 0.1111 0.0991 0.1164 0.0971 0.0817 0.0965 0.0958 0.0791 0.1124 
         163  1 0.1010 0.1112 0.1241 0.0909 0.0657 0.0796 0.0868 0.0852 0.1537 0.1017 
         164  1 0.0950 0.0823 0.0610 0.1434 0.1581 0.0656 0.1136 0.1263 0.0425 0.1123 
         165  1 0.1175 0.0645 0.0712 0.1231 0.1100 0.0931 0.1191 0.1271 0.0586 0.1158 
         166  1 0.1274 0.0987 0.0841 0.1200 0.0643 0.0816 0.1235 0.1123 0.0787 0.1094 
         167  1 0.1285 0.0519 0.0881 0.1190 0.0690 0.0961 0.1227 0.1168 0.0898 0.1182 
         168  1 0.0740 0.2246 0.0990 0.1598 0.1229 0.0375 0.0691 0.1008 0.0334 0.0788 
         169  1 0.0515 0.4837 0.1442 0.0615 0.0419 0.0434 0.0375 0.0570 0.0335 0.0457 
         170  1 0.0970 0.0427 0.0616 0.1469 0.1664 0.0801 0.1058 0.1376 0.0449 0.1170 
         171  1 0.0649 0.3471 0.1079 0.1053 0.0376 0.0474 0.0843 0.0809 0.0484 0.0762 
         172  1 0.0615 0.1110 0.0516 0.0758 0.2473 0.1755 0.0721 0.0950 0.0376 0.0727 
         173  1 0.0498 0.3975 0.1319 0.0452 0.0785 0.0892 0.0381 0.0572 0.0687 0.0441 
         174  1 0.0962 0.0257 0.1687 0.0872 0.0429 0.0576 0.1118 0.0651 0.2560 0.0887 
         175  1 0.1230 0.0395 0.0821 0.1364 0.1358 0.0933 0.0993 0.1282 0.0477 0.1148 
         176  1 0.0753 0.0604 0.1738 0.0910 0.0458 0.0603 0.1185 0.0416 0.2519 0.0814 
         177  1 0.1070 0.0413 0.0596 0.1077 0.2139 0.1077 0.0920 0.1160 0.0519 0.1030 
         178  1 0.1303 0.1072 0.0895 0.1249 0.0963 0.0795 0.0968 0.1024 0.0621 0.1111 
         179  1 0.1109 0.2137 0.0987 0.1217 0.0823 0.0521 0.0910 0.0929 0.0607 0.0761 
         180  1 0.1109 0.0632 0.1249 0.0806 0.0630 0.0991 0.0962 0.0893 0.1449 0.1279 
         181  1 0.1228 0.0820 0.1088 0.0947 0.0565 0.1075 0.0895 0.1283 0.1118 0.0982 
         182  1 0.0902 0.0843 0.0727 0.0934 0.1712 0.1501 0.0749 0.1049 0.0656 0.0926 
         183  1 0.0562 0.0367 0.0489 0.0615 0.2875 0.2558 0.0502 0.0956 0.0408 0.0667 
         184  1 0.1324 0.0783 0.0984 0.1372 0.1068 0.0942 0.0676 0.1381 0.0434 0.1035 
         185  1 0.1095 0.0668 0.0819 0.1392 0.1554 0.0592 0.1107 0.0947 0.0735 0.1092 
         186  1 0.0990 0.1279 0.1066 0.1463 0.0859 0.0677 0.0855 0.1114 0.0624 0.1072 
         187  1 0.1130 0.0872 0.0763 0.0757 0.1091 0.1225 0.1178 0.0907 0.0906 0.1171 
         188  1 0.0699 0.1767 0.0701 0.1000 0.1311 0.1232 0.0762 0.1033 0.0470 0.1024 
         189  1 0.0544 0.5055 0.1404 0.0463 0.0332 0.0373 0.0356 0.0546 0.0455 0.0472 
         190  1 0.0799 0.0637 0.1021 0.0545 0.1398 0.1716 0.0752 0.0949 0.1409 0.0776 
         191  1 0.1080 0.1059 0.1044 0.0867 0.0923 0.1186 0.0750 0.1104 0.1063 0.0924 
         192  1 0.0932 0.1236 0.0707 0.1126 0.0894 0.0986 0.1175 0.1200 0.0594 0.1148 
         193  1 0.0913 0.0384 0.1536 0.0698 0.0478 0.0797 0.0931 0.0840 0.2564 0.0859 
         194  1 0.0995 0.0279 0.1371 0.0822 0.0827 0.1109 0.0956 0.0778 0.1902 0.0962 
         195  1 0.1025 0.0622 0.1154 0.0959 0.0494 0.0916 0.1419 0.0674 0.1558 0.1178 
         196  1 0.0808 0.0363 0.0641 0.1137 0.2283 0.1229 0.0824 0.1157 0.0606 0.0952 
         197  1 0.0544 0.0377 0.0531 0.0512 0.2814 0.2334 0.0682 0.0735 0.0731 0.0743 
         198  1 0.0961 0.0657 0.0543 0.1378 0.2140 0.0962 0.0898 0.1153 0.0288 0.1021 
         199  1 0.1216 0.0584 0.0729 0.1654 0.1587 0.0571 0.0946 0.1157 0.0452 0.1103 
         200  1 0.0436 0.5106 0.1424 0.0685 0.0336 0.0355 0.0400 0.0515 0.0303 0.0441 
         201  1 0.1212 0.0569 0.0945 0.0764 0.0544 0.1099 0.1435 0.1028 0.1372 0.1033 
         202  1 0.0956 0.1600 0.0838 0.1047 0.1259 0.1043 0.0716 0.1214 0.0389 0.0938 
         203  1 0.1136 0.0747 0.1075 0.0985 0.0968 0.1014 0.0703 0.1153 0.1180 0.1038 
         204  1 0.0985 0.1852 0.0916 0.1348 0.0545 0.0680 0.1097 0.1008 0.0603 0.0967 
         205  1 0.1016 0.1347 0.1031 0.1345 0.0851 0.0689 0.0906 0.1163 0.0661 0.0991 
         206  1 0.0835 0.0382 0.1798 0.0809 0.0408 0.0786 0.1260 0.0581 0.2425 0.0715 
         207  1 0.0852 0.0356 0.1768 0.1088 0.0406 0.0479 0.1390 0.0476 0.2381 0.0805 
         208  1 0.1128 0.0443 0.1236 0.0794 0.0566 0.1096 0.1002 0.1102 0.1729 0.0903 
         209  1 0.0906 0.0269 0.0898 0.0872 0.1491 0.1736 0.0817 0.1143 0.0998 0.0870 
         210  1 0.0899 0.0298 0.1369 0.0754 0.0988 0.1133 0.0938 0.0694 0.2008 0.0918 
         211  1 0.0888 0.0537 0.1255 0.0466 0.0398 0.1202 0.1046 0.1171 0.2084 0.0952 
         212  1 0.0707 0.2630 0.1478 0.0431 0.0389 0.0821 0.0635 0.0634 0.1690 0.0585 
         213  1 0.0325 0.0226 0.0419 0.0490 0.3584 0.2923 0.0386 0.0825 0.0402 0.0421 
         214  1 0.0935 0.0410 0.1545 0.0916 0.0504 0.0677 0.1204 0.0643 0.2294 0.0871 
         215  1 0.0997 0.0355 0.1078 0.1095 0.1297 0.0883 0.0975 0.1054 0.1269 0.0997 
         216  1 0.1272 0.0326 0.0483 0.1555 0.0855 0.0596 0.1768 0.1391 0.0442 0.1313 
         217  1 0.0779 0.2906 0.1126 0.0651 0.0756 0.0834 0.0806 0.0726 0.0647 0.0769 
         218  1 0.1140 0.0678 0.0937 0.1464 0.1076 0.0653 0.1014 0.1092 0.0648 0.1298 
         219  1 0.0942 0.0343 0.0624 0.0795 0.2124 0.1590 0.0824 0.1099 0.0839 0.0820 
         220  1 0.1233 0.0485 0.1340 0.1251 0.0541 0.0755 0.1102 0.1067 0.1247 0.0979 
         221  1 0.0769 0.0605 0.0601 0.0926 0.2298 0.1810 0.0706 0.1026 0.0446 0.0813 
         222  1 0.0922 0.0281 0.1668 0.0470 0.0371 0.1018 0.0958 0.0969 0.2577 0.0766 
         223  1 0.0827 0.0458 0.0867 0.1030 0.1712 0.1064 0.0860 0.1136 0.1086 0.0961 
         224  1 0.0927 0.0469 0.0887 0.0667 0.0908 0.1392 0.1253 0.1070 0.1423 0.1004 
         225  1 0.0931 0.0688 0.1273 0.0734 0.0447 0.1079 0.1141 0.0826 0.1706 0.1176 
         226  1 0.1010 0.0435 0.0649 0.1296 0.1414 0.1141 0.0994 0.1396 0.0494 0.1171 
         227  1 0.0975 0.0608 0.0814 0.1380 0.1442 0.0848 0.0902 0.1410 0.0421 0.1200 
         228  1 0.0722 0.0604 0.0612 0.0708 0.2401 0.2048 0.0569 0.0942 0.0660 0.0733 
         229  1 0.0887 0.2125 0.1013 0.0745 0.0722 0.0944 0.0947 0.0735 0.0773 0.1110 
         230  1 0.1231 0.1067 0.0897 0.0989 0.0579 0.0962 0.1039 0.1239 0.0801 0.1196 
         231  1 0.1248 0.1057 0.0933 0.1226 0.1061 0.0953 0.0731 0.1287 0.0394 0.1109 
         232  1 0.1439 0.0979 0.0931 0.1047 0.0749 0.0889 0.0785 0.1270 0.0686 0.1225 
         233  1 0.1043 0.0530 0.0683 0.1076 0.0803 0.0880 0.1816 0.0834 0.0995 0.1339 
         234  1 0.0870 0.0604 0.0516 0.1149 0.1164 0.1321 0.1258 0.1455 0.0412 0.1251 
         235  1 0.0851 0.0457 0.0762 0.1001 0.1762 0.1647 0.0791 0.1100 0.0674 0.0956 
         236  1 0.0862 0.0336 0.0669 0.0845 0.2379 0.1775 0.0681 0.1099 0.0548 0.0806 
         237  1 0.0815 0.0216 0.1481 0.0938 0.0979 0.1047 0.1188 0.0630 0.1906 0.0800 
         238  1 0.0863 0.0685 0.0646 0.1522 0.2100 0.0603 0.1080 0.0974 0.0481 0.1046 
         239  1 0.0861 0.1982 0.0853 0.1448 0.1445 0.0420 0.0848 0.0897 0.0422 0.0824 
         240  1 0.1430 0.0803 0.0678 0.1211 0.0814 0.0819 0.1367 0.1125 0.0703 0.1048 
         241  1 0.0998 0.0491 0.0626 0.1627 0.1546 0.0495 0.1286 0.1371 0.0394 0.1167 
         242  1 0.1109 0.0845 0.0705 0.1240 0.1254 0.0951 0.1103 0.1183 0.0499 0.1110 
         243  1 0.0850 0.0260 0.1366 0.0917 0.1149 0.1008 0.1079 0.0643 0.1948 0.0779 
         244  1 0.0995 0.0691 0.0479 0.1656 0.0805 0.0490 0.1629 0.1588 0.0403 0.1264 
         245  1 0.0518 0.0590 0.0623 0.0621 0.2188 0.1829 0.0950 0.0736 0.0750 0.1194 
         246  1 0.0797 0.2046 0.1083 0.0655 0.0599 0.0932 0.1198 0.0527 0.1019 0.1146 
         247  1 0.0616 0.3823 0.1242 0.0946 0.0581 0.0450 0.0525 0.0770 0.0399 0.0648 
         248  1 0.0759 0.0418 0.0476 0.0942 0.2028 0.1671 0.0878 0.1327 0.0463 0.1037 
         249  1 0.1040 0.0785 0.1205 0.0834 0.0733 0.1053 0.1052 0.0782 0.1440 0.1077 
         250  1 0.1073 0.1166 0.1360 0.1046 0.0380 0.0773 0.1072 0.0964 0.1253 0.0912 
         251  1 0.1177 0.0531 0.0561 0.1429 0.2095 0.0600 0.1139 0.1027 0.0489 0.0951 
         252  1 0.1004 0.0423 0.1427 0.0960 0.0510 0.0817 0.1337 0.0746 0.1670 0.1107 
         253  1 0.0974 0.0977 0.0794 0.1278 0.0912 0.0755 0.1199 0.1362 0.0616 0.1133 
         254  1 0.0943 0.0456 0.1387 0.0737 0.0435 0.1092 0.1147 0.0962 0.2079 0.0762 
         255  1 0.0874 0.0765 0.1186 0.0621 0.0726 0.1104 0.1270 0.0689 0.1741 0.1024 
         256  1 0.0399 0.0325 0.0408 0.0513 0.3455 0.2849 0.0330 0.0852 0.0397 0.0471 
         257  1 0.0952 0.0468 0.1210 0.0545 0.0436 0.1475 0.0829 0.1379 0.1771 0.0935 
         258  1 0.0863 0.0505 0.1059 0.0906 0.1318 0.1544 0.0941 0.1045 0.0949 0.0868 
         259  1 0.0850 0.0623 0.1264 0.1156 0.1168 0.0452 0.1181 0.0659 0.1654 0.0994 
         260  1 0.0652 0.0698 0.1897 0.0767 0.0357 0.0500 0.1134 0.0363 0.2843 0.0789 
