           1  1 0.1328 0.2503 0.0682 0.2501 0.1321 0.1665 
           2  1 0.3059 0.2123 0.0762 0.2105 0.0445 0.1507 
           3  1 0.3017 0.2116 0.0780 0.2105 0.0467 0.1516 
           4  1 0.0604 0.1164 0.2087 0.1134 0.2974 0.2036 
           5  1 0.3567 0.0537 0.0994 0.0422 0.1876 0.2604 
           6  1 0.2242 0.2981 0.0444 0.3196 0.0447 0.0691 
           7  1 0.0783 0.0700 0.5515 0.0730 0.0957 0.1316 
           8  1 0.2027 0.2715 0.0630 0.2977 0.0777 0.0875 
           9  1 0.1515 0.1087 0.0537 0.0824 0.4340 0.1696 
          10  1 0.4043 0.1945 0.0533 0.1207 0.1143 0.1129 
          11  1 0.3660 0.0629 0.1051 0.0415 0.2005 0.2240 
          12  1 0.0642 0.3569 0.0425 0.4127 0.0554 0.0684 
          13  1 0.0432 0.3334 0.0652 0.3730 0.0949 0.0903 
          14  1 0.2754 0.2250 0.0576 0.2358 0.0877 0.1185 
          15  1 0.0721 0.0587 0.0535 0.0525 0.5186 0.2445 
          16  1 0.1562 0.1793 0.1209 0.1751 0.1561 0.2125 
          17  1 0.0503 0.0867 0.6288 0.0952 0.0356 0.1034 
          18  1 0.0701 0.3155 0.0623 0.3309 0.1174 0.1038 
          19  1 0.1020 0.2578 0.0712 0.2812 0.1591 0.1286 
          20  1 0.0601 0.0652 0.5263 0.0646 0.1089 0.1749 
          21  1 0.0547 0.1537 0.3451 0.1690 0.1213 0.1562 
          22  1 0.1364 0.2329 0.1275 0.2346 0.0895 0.1790 
          23  1 0.0799 0.1172 0.0655 0.1003 0.4133 0.2237 
          24  1 0.0701 0.2314 0.1706 0.2785 0.1012 0.1483 
          25  1 0.5540 0.1137 0.0459 0.0625 0.0820 0.1419 
          26  1 0.3056 0.0946 0.0827 0.0632 0.2768 0.1771 
          27  1 0.3864 0.1458 0.1241 0.1110 0.0998 0.1331 
          28  1 0.1868 0.1268 0.1110 0.1236 0.2016 0.2501 
          29  1 0.3352 0.2001 0.0717 0.1349 0.1159 0.1423 
          30  1 0.3681 0.1904 0.0618 0.1524 0.0920 0.1353 
          31  1 0.0789 0.1724 0.3066 0.1962 0.0822 0.1636 
          32  1 0.0962 0.2847 0.0522 0.3241 0.0827 0.1601 
          33  1 0.1913 0.0759 0.4130 0.0589 0.1223 0.1386 
          34  1 0.3529 0.1209 0.0980 0.1013 0.1453 0.1816 
          35  1 0.0795 0.2558 0.0904 0.3333 0.0513 0.1897 
          36  1 0.1182 0.1478 0.0895 0.1419 0.3005 0.2021 
          37  1 0.1288 0.2772 0.1217 0.2554 0.0907 0.1263 
          38  1 0.4667 0.1408 0.0979 0.0739 0.0872 0.1335 
          39  1 0.0861 0.1201 0.0755 0.1032 0.3456 0.2695 
          40  1 0.3820 0.1807 0.0660 0.1420 0.1051 0.1242 
          41  1 0.0460 0.3788 0.0428 0.4253 0.0630 0.0440 
          42  1 0.1035 0.2593 0.0844 0.2672 0.1169 0.1687 
          43  1 0.3132 0.1154 0.2026 0.0905 0.1054 0.1728 
          44  1 0.1258 0.2075 0.1571 0.2528 0.0805 0.1763 
          45  1 0.1487 0.1554 0.3700 0.1553 0.0429 0.1277 
          46  1 0.3180 0.1093 0.1252 0.1023 0.1294 0.2157 
          47  1 0.0706 0.3291 0.1301 0.3093 0.0623 0.0986 
          48  1 0.3624 0.2136 0.0725 0.1425 0.0893 0.1198 
          49  1 0.3447 0.1160 0.0798 0.0961 0.1863 0.1772 
          50  1 0.3801 0.0715 0.0819 0.0453 0.1979 0.2232 
          51  1 0.0366 0.1438 0.5316 0.1419 0.0486 0.0975 
          52  1 0.0745 0.0796 0.0674 0.0705 0.4800 0.2279 
          53  1 0.0771 0.2802 0.1457 0.3144 0.0547 0.1280 
          54  1 0.2434 0.2047 0.0580 0.2086 0.1140 0.1713 
          55  1 0.3167 0.0802 0.1035 0.0587 0.2278 0.2131 
          56  1 0.3257 0.1062 0.0945 0.0752 0.1646 0.2338 
          57  1 0.4370 0.1439 0.1014 0.1395 0.0301 0.1481 
          58  1 0.2170 0.1479 0.3188 0.1074 0.0850 0.1240 
          59  1 0.0877 0.1196 0.0797 0.1181 0.3417 0.2532 
          60  1 0.2891 0.1957 0.0779 0.1847 0.0947 0.1580 
          61  1 0.0891 0.2665 0.1026 0.2963 0.1112 0.1344 
          62  1 0.3427 0.0674 0.0978 0.0414 0.2156 0.2350 
          63  1 0.0647 0.2799 0.0430 0.3421 0.0638 0.2065 
          64  1 0.1246 0.1321 0.0878 0.1276 0.2481 0.2798 
          65  1 0.2377 0.2188 0.1247 0.2267 0.0885 0.1036 
          66  1 0.0450 0.1476 0.0615 0.1515 0.4357 0.1587 
          67  1 0.0605 0.1518 0.1148 0.1497 0.3533 0.1698 
          68  1 0.0869 0.1222 0.1934 0.1158 0.2768 0.2050 
          69  1 0.0604 0.1071 0.4690 0.1107 0.0992 0.1536 
          70  1 0.1247 0.0830 0.0780 0.0821 0.3300 0.3022 
          71  1 0.3336 0.1996 0.0665 0.1244 0.1412 0.1347 
          72  1 0.1849 0.0865 0.0811 0.0758 0.2949 0.2768 
          73  1 0.4773 0.0887 0.1371 0.0421 0.1222 0.1326 
          74  1 0.1256 0.1918 0.2377 0.1999 0.0877 0.1574 
          75  1 0.4386 0.0580 0.0531 0.0546 0.1539 0.2418 
          76  1 0.0764 0.0456 0.5867 0.0410 0.1146 0.1357 
          77  1 0.0551 0.0834 0.4695 0.0794 0.1591 0.1535 
          78  1 0.5212 0.0637 0.0523 0.0569 0.0930 0.2128 
          79  1 0.6133 0.0742 0.0400 0.0435 0.0769 0.1521 
          80  1 0.0946 0.0608 0.0898 0.0540 0.3799 0.3210 
          81  1 0.0782 0.3217 0.0491 0.3429 0.0846 0.1236 
          82  1 0.3300 0.0933 0.0995 0.0685 0.2086 0.2001 
          83  1 0.3235 0.0451 0.0574 0.0398 0.2942 0.2399 
          84  1 0.2727 0.2459 0.0583 0.1854 0.1103 0.1275 
          85  1 0.0617 0.3552 0.0439 0.3929 0.0820 0.0643 
          86  1 0.1276 0.2238 0.2862 0.2311 0.0480 0.0834 
          87  1 0.1274 0.0613 0.1005 0.0570 0.3625 0.2913 
          88  1 0.3306 0.1864 0.0611 0.1639 0.1049 0.1531 
          89  1 0.0574 0.2796 0.2010 0.3308 0.0596 0.0716 
          90  1 0.4653 0.1721 0.0329 0.1466 0.0628 0.1204 
          91  1 0.0557 0.3496 0.0323 0.4138 0.0511 0.0975 
          92  1 0.2743 0.1416 0.2108 0.1280 0.0855 0.1599 
          93  1 0.1384 0.1781 0.2544 0.2098 0.0691 0.1503 
          94  1 0.0598 0.2717 0.0807 0.3580 0.0414 0.1885 
          95  1 0.1494 0.1394 0.0940 0.1278 0.2372 0.2522 
          96  1 0.0541 0.2213 0.0742 0.2298 0.2552 0.1654 
          97  1 0.0352 0.0688 0.0402 0.0611 0.5810 0.2137 
          98  1 0.1950 0.1784 0.0731 0.1554 0.2150 0.1831 
          99  1 0.0720 0.1159 0.3959 0.1227 0.1390 0.1545 
         100  1 0.1977 0.0751 0.2454 0.0621 0.2318 0.1880 
         101  1 0.0847 0.1382 0.0793 0.1419 0.3492 0.2067 
         102  1 0.0714 0.2158 0.0725 0.2546 0.2177 0.1679 
         103  1 0.0867 0.1470 0.0591 0.1438 0.3564 0.2071 
         104  1 0.0573 0.1196 0.2228 0.1430 0.2562 0.2011 
         105  1 0.3300 0.1196 0.0671 0.1057 0.1313 0.2463 
         106  1 0.3198 0.0490 0.0579 0.0399 0.3012 0.2321 
         107  1 0.0508 0.0547 0.0520 0.0496 0.5573 0.2356 
         108  1 0.0719 0.2342 0.0988 0.2656 0.1819 0.1476 
         109  1 0.2582 0.0845 0.3135 0.0528 0.1148 0.1764 
         110  1 0.0509 0.1949 0.3193 0.2112 0.0995 0.1242 
         111  1 0.0628 0.3750 0.0339 0.4235 0.0369 0.0679 
         112  1 0.1608 0.3250 0.0439 0.3383 0.0652 0.0669 
         113  1 0.0654 0.2136 0.2258 0.2225 0.1095 0.1633 
         114  1 0.3133 0.2365 0.0485 0.1926 0.0771 0.1319 
         115  1 0.0584 0.2804 0.0819 0.2953 0.1523 0.1318 
         116  1 0.2324 0.2478 0.1163 0.1885 0.0969 0.1182 
         117  1 0.0727 0.2567 0.1537 0.3042 0.0444 0.1683 
         118  1 0.3549 0.0899 0.0702 0.0620 0.2298 0.1932 
         119  1 0.0526 0.1678 0.2595 0.1995 0.1654 0.1553 
         120  1 0.1143 0.1635 0.2474 0.1559 0.1387 0.1801 
         121  1 0.1917 0.1565 0.2817 0.1415 0.0773 0.1513 
         122  1 0.0912 0.1469 0.2219 0.1445 0.2236 0.1718 
         123  1 0.2134 0.0733 0.0710 0.0622 0.3803 0.1998 
         124  1 0.0533 0.2073 0.2099 0.2340 0.1359 0.1597 
         125  1 0.0620 0.0993 0.0660 0.0831 0.4566 0.2331 
         126  1 0.0780 0.1485 0.4316 0.1529 0.0754 0.1136 
         127  1 0.0834 0.0535 0.6102 0.0589 0.0685 0.1255 
         128  1 0.1071 0.0866 0.0502 0.0760 0.4853 0.1948 
         129  1 0.3310 0.0648 0.3937 0.0399 0.0472 0.1233 
         130  1 0.1269 0.2549 0.0724 0.2795 0.1244 0.1419 
         131  1 0.0993 0.0486 0.6185 0.0558 0.0550 0.1228 
         132  1 0.1257 0.2467 0.0873 0.2279 0.1536 0.1588 
         133  1 0.0742 0.1938 0.2896 0.1746 0.1433 0.1245 
         134  1 0.0859 0.2038 0.0640 0.1905 0.2992 0.1566 
         135  1 0.0898 0.3117 0.1338 0.3237 0.0619 0.0792 
         136  1 0.2070 0.2684 0.0685 0.3055 0.0607 0.0900 
         137  1 0.0507 0.1148 0.0985 0.1032 0.4184 0.2144 
         138  1 0.0672 0.1796 0.1599 0.2073 0.1972 0.1889 
         139  1 0.0378 0.0883 0.0544 0.0831 0.5359 0.2005 
         140  1 0.0602 0.0890 0.0539 0.0813 0.5151 0.2005 
         141  1 0.0497 0.1992 0.1900 0.2377 0.1529 0.1705 
         142  1 0.0540 0.3116 0.0409 0.3389 0.1504 0.1042 
         143  1 0.1153 0.1266 0.1124 0.0788 0.3654 0.2015 
         144  1 0.3590 0.1055 0.2126 0.0944 0.0755 0.1531 
         145  1 0.1005 0.1187 0.1493 0.1077 0.3228 0.2011 
         146  1 0.3112 0.0578 0.0995 0.0457 0.1831 0.3027 
         147  1 0.0670 0.0959 0.0663 0.0967 0.4081 0.2660 
         148  1 0.1070 0.3242 0.0415 0.3382 0.0910 0.0981 
         149  1 0.0868 0.1457 0.2574 0.1808 0.1475 0.1816 
         150  1 0.0469 0.2625 0.0766 0.3579 0.0522 0.2039 
         151  1 0.0830 0.0820 0.0691 0.0666 0.5081 0.1911 
         152  1 0.1097 0.1476 0.0917 0.1505 0.2811 0.2193 
         153  1 0.6350 0.0628 0.0334 0.0330 0.0904 0.1455 
         154  1 0.0444 0.3254 0.0877 0.3959 0.0575 0.0892 
         155  1 0.5690 0.0887 0.0618 0.0446 0.0949 0.1410 
         156  1 0.1203 0.1378 0.0779 0.1255 0.2762 0.2624 
         157  1 0.0694 0.1120 0.2991 0.1023 0.2537 0.1635 
         158  1 0.3593 0.1490 0.0605 0.1006 0.1896 0.1409 
         159  1 0.0800 0.2977 0.1174 0.3389 0.0837 0.0823 
         160  1 0.3188 0.2333 0.0647 0.1873 0.1035 0.0925 
         161  1 0.2741 0.0758 0.3373 0.0742 0.0818 0.1567 
         162  1 0.2479 0.2041 0.0764 0.2109 0.1025 0.1580 
         163  1 0.1860 0.1497 0.1157 0.1284 0.1996 0.2207 
         164  1 0.0743 0.2625 0.1156 0.3259 0.0496 0.1722 
         165  1 0.1661 0.2028 0.1739 0.2003 0.0996 0.1572 
         166  1 0.3354 0.2003 0.0561 0.1893 0.0914 0.1276 
         167  1 0.3342 0.1619 0.0601 0.1432 0.1097 0.1910 
         168  1 0.0561 0.3442 0.0331 0.4115 0.0467 0.1085 
         169  1 0.0477 0.3758 0.0569 0.4188 0.0494 0.0514 
         170  1 0.0481 0.2304 0.1675 0.3028 0.0847 0.1665 
         171  1 0.1181 0.3547 0.0530 0.3775 0.0445 0.0522 
         172  1 0.0908 0.1171 0.5176 0.1238 0.0371 0.1136 
         173  1 0.0482 0.2578 0.1841 0.2896 0.1008 0.1196 
         174  1 0.0734 0.0488 0.0522 0.0465 0.5106 0.2686 
         175  1 0.1464 0.2085 0.1381 0.2331 0.1087 0.1652 
         176  1 0.0827 0.0691 0.0844 0.0649 0.4959 0.2030 
         177  1 0.1351 0.1701 0.2479 0.2115 0.0682 0.1672 
         178  1 0.2617 0.2306 0.0847 0.1877 0.0888 0.1465 
         179  1 0.0894 0.3105 0.0453 0.3168 0.1147 0.1232 
         180  1 0.3250 0.0750 0.0990 0.0548 0.2066 0.2396 
         181  1 0.1197 0.1552 0.1080 0.1363 0.2655 0.2152 
         182  1 0.0995 0.1318 0.3826 0.1434 0.0933 0.1493 
         183  1 0.0291 0.0640 0.6409 0.0710 0.0832 0.1117 
         184  1 0.1137 0.2380 0.1481 0.2001 0.1455 0.1545 
         185  1 0.2039 0.2122 0.0690 0.2304 0.1041 0.1804 
         186  1 0.1284 0.2981 0.0739 0.2815 0.0768 0.1413 
         187  1 0.4877 0.0919 0.1306 0.0733 0.0705 0.1459 
         188  1 0.0551 0.1995 0.3507 0.2253 0.0561 0.1134 
         189  1 0.0488 0.3741 0.0387 0.4115 0.0675 0.0594 
         190  1 0.0892 0.0689 0.3951 0.0609 0.1719 0.2139 
         191  1 0.1193 0.1353 0.2104 0.1203 0.2282 0.1866 
         192  1 0.1526 0.2160 0.2174 0.2453 0.0563 0.1124 
         193  1 0.1323 0.0671 0.0845 0.0700 0.3348 0.3113 
         194  1 0.1013 0.0473 0.1665 0.0357 0.4041 0.2450 
         195  1 0.4385 0.0900 0.0851 0.0584 0.1678 0.1602 
         196  1 0.0692 0.1825 0.2851 0.2221 0.0820 0.1591 
         197  1 0.1436 0.0500 0.5327 0.0448 0.0939 0.1350 
         198  1 0.0432 0.2463 0.1556 0.3356 0.0491 0.1702 
         199  1 0.0934 0.2574 0.0463 0.3200 0.0857 0.1972 
         200  1 0.0433 0.3879 0.0466 0.4434 0.0381 0.0407 
         201  1 0.4029 0.0947 0.0814 0.0775 0.1083 0.2353 
         202  1 0.0770 0.2491 0.2140 0.2779 0.0612 0.1209 
         203  1 0.1308 0.1521 0.1483 0.1516 0.1748 0.2424 
         204  1 0.1687 0.2921 0.0881 0.2770 0.0874 0.0868 
         205  1 0.0815 0.2674 0.0713 0.2747 0.1587 0.1465 
         206  1 0.0611 0.0469 0.0857 0.0397 0.5069 0.2599 
         207  1 0.0449 0.0653 0.0493 0.0629 0.5693 0.2083 
         208  1 0.1563 0.0880 0.1159 0.0656 0.3102 0.2639 
         209  1 0.0528 0.0711 0.4353 0.0677 0.1985 0.1747 
         210  1 0.1086 0.0477 0.2756 0.0487 0.2848 0.2346 
         211  1 0.3202 0.0536 0.0927 0.0488 0.1780 0.3068 
         212  1 0.1281 0.1655 0.1149 0.1805 0.1803 0.2307 
         213  1 0.0532 0.0338 0.7020 0.0328 0.0622 0.1160 
         214  1 0.0593 0.0660 0.0533 0.0657 0.5132 0.2426 
         215  1 0.0472 0.1361 0.1269 0.1627 0.3120 0.2151 
         216  1 0.1984 0.2298 0.1116 0.2370 0.0672 0.1560 
         217  1 0.2000 0.2387 0.1274 0.2586 0.0673 0.1079 
         218  1 0.2688 0.2219 0.0499 0.2076 0.0844 0.1674 
         219  1 0.1415 0.0969 0.3684 0.0947 0.1034 0.1951 
         220  1 0.0769 0.1254 0.0626 0.1142 0.4173 0.2036 
         221  1 0.1437 0.1241 0.4299 0.1130 0.0678 0.1216 
         222  1 0.1419 0.0412 0.0768 0.0372 0.3643 0.3386 
         223  1 0.0711 0.1661 0.2479 0.2013 0.1088 0.2048 
         224  1 0.2431 0.0869 0.2765 0.0788 0.1006 0.2140 
         225  1 0.3834 0.0540 0.0765 0.0466 0.1853 0.2541 
         226  1 0.0957 0.1791 0.2891 0.1953 0.0948 0.1460 
         227  1 0.0592 0.2488 0.1469 0.2873 0.0967 0.1612 
         228  1 0.0758 0.0719 0.5690 0.0709 0.0863 0.1262 
         229  1 0.3418 0.1994 0.0946 0.1638 0.0806 0.1198 
         230  1 0.2571 0.2010 0.0849 0.1958 0.1230 0.1382 
         231  1 0.0821 0.2294 0.1651 0.2524 0.1198 0.1511 
         232  1 0.1979 0.2071 0.0843 0.1833 0.1402 0.1872 
         233  1 0.4583 0.1237 0.1602 0.0814 0.0507 0.1258 
         234  1 0.0576 0.1132 0.5302 0.1022 0.0784 0.1185 
         235  1 0.0756 0.1126 0.4341 0.1051 0.1413 0.1314 
         236  1 0.0875 0.1016 0.4606 0.1036 0.1121 0.1346 
         237  1 0.0455 0.0543 0.2558 0.0486 0.3970 0.1988 
         238  1 0.0583 0.2496 0.0971 0.3257 0.0929 0.1763 
         239  1 0.0687 0.3231 0.0384 0.3644 0.0712 0.1342 
         240  1 0.3534 0.1980 0.0690 0.1592 0.0838 0.1366 
         241  1 0.0759 0.2849 0.0576 0.3510 0.0481 0.1824 
         242  1 0.1497 0.2188 0.1635 0.2479 0.0707 0.1494 
         243  1 0.0573 0.0648 0.2614 0.0650 0.3418 0.2096 
         244  1 0.1104 0.2805 0.1287 0.2832 0.0593 0.1378 
         245  1 0.3133 0.0695 0.3807 0.0585 0.0479 0.1302 
         246  1 0.4711 0.1293 0.0847 0.1304 0.0604 0.1241 
         247  1 0.0536 0.3681 0.0512 0.4109 0.0530 0.0633 
         248  1 0.0275 0.1289 0.4780 0.1735 0.0658 0.1263 
         249  1 0.3381 0.0764 0.1408 0.0504 0.2139 0.1804 
         250  1 0.0937 0.1700 0.0475 0.1466 0.3618 0.1804 
         251  1 0.1427 0.2231 0.1075 0.2782 0.0628 0.1857 
         252  1 0.2112 0.0709 0.0681 0.0550 0.3871 0.2078 
         253  1 0.0774 0.2367 0.1848 0.2510 0.1108 0.1393 
         254  1 0.0668 0.0729 0.0842 0.0653 0.4280 0.2828 
         255  1 0.3582 0.0607 0.1231 0.0517 0.1733 0.2330 
         256  1 0.0300 0.0471 0.6849 0.0495 0.0708 0.1178 
         257  1 0.1601 0.0874 0.1253 0.0662 0.2593 0.3017 
         258  1 0.0543 0.0805 0.4025 0.0752 0.2278 0.1597 
         259  1 0.0444 0.1270 0.0488 0.1464 0.4199 0.2135 
         260  1 0.0686 0.0622 0.0677 0.0613 0.4830 0.2572 
