           1  1 0.1928 0.1958 0.1973 0.2119 0.2022 
           2  1 0.1970 0.2127 0.2017 0.1769 0.2117 
           3  1 0.2068 0.2108 0.1971 0.1781 0.2072 
           4  1 0.2040 0.2045 0.1948 0.1939 0.2028 
           5  1 0.2043 0.2169 0.1995 0.1775 0.2019 
           6  1 0.1992 0.2049 0.1967 0.2051 0.1940 
           7  1 0.1940 0.1951 0.2003 0.2102 0.2004 
           8  1 0.1976 0.1961 0.2018 0.2094 0.1951 
           9  1 0.2047 0.2114 0.1980 0.1884 0.1975 
          10  1 0.2029 0.1965 0.2005 0.1988 0.2013 
          11  1 0.2023 0.2096 0.2007 0.1867 0.2006 
          12  1 0.2003 0.2066 0.2015 0.1935 0.1981 
          13  1 0.2032 0.1938 0.1978 0.2026 0.2025 
          14  1 0.1922 0.1876 0.2007 0.2305 0.1890 
          15  1 0.1984 0.1928 0.1972 0.2125 0.1991 
          16  1 0.2062 0.2090 0.2041 0.1808 0.1999 
          17  1 0.2039 0.2090 0.2018 0.1825 0.2029 
          18  1 0.2006 0.1877 0.1980 0.2199 0.1938 
          19  1 0.2031 0.2043 0.2018 0.1932 0.1975 
          20  1 0.2015 0.2020 0.2020 0.1934 0.2010 
          21  1 0.2034 0.2050 0.1986 0.1866 0.2064 
          22  1 0.1980 0.2013 0.1987 0.1934 0.2086 
          23  1 0.2015 0.2044 0.2004 0.1907 0.2030 
          24  1 0.1944 0.2065 0.2012 0.1839 0.2140 
          25  1 0.2056 0.2075 0.2024 0.1815 0.2030 
          26  1 0.1984 0.1927 0.2003 0.2070 0.2016 
          27  1 0.2097 0.2033 0.1973 0.1904 0.1993 
          28  1 0.2039 0.2028 0.1988 0.1905 0.2039 
          29  1 0.1991 0.1995 0.2030 0.1949 0.2034 
          30  1 0.2006 0.2073 0.2019 0.1878 0.2024 
          31  1 0.1884 0.1889 0.1999 0.2283 0.1945 
          32  1 0.1998 0.2026 0.2000 0.1970 0.2005 
          33  1 0.2020 0.2042 0.1990 0.1920 0.2028 
          34  1 0.1980 0.2000 0.1995 0.1975 0.2050 
          35  1 0.1991 0.1963 0.2033 0.1989 0.2024 
          36  1 0.2007 0.2005 0.1978 0.2040 0.1971 
          37  1 0.1988 0.1909 0.2008 0.2078 0.2017 
          38  1 0.1975 0.1928 0.2033 0.2084 0.1980 
          39  1 0.1925 0.1935 0.1995 0.2222 0.1922 
          40  1 0.2057 0.2068 0.1986 0.1824 0.2065 
          41  1 0.2038 0.2093 0.2011 0.1784 0.2074 
          42  1 0.1942 0.1938 0.2026 0.2177 0.1918 
          43  1 0.1982 0.1965 0.1987 0.2066 0.1999 
          44  1 0.2078 0.1928 0.1977 0.2033 0.1985 
          45  1 0.1963 0.1967 0.1970 0.2174 0.1926 
          46  1 0.2081 0.2022 0.1979 0.1874 0.2043 
          47  1 0.2019 0.1921 0.2012 0.2064 0.1984 
          48  1 0.2050 0.2106 0.2039 0.1762 0.2044 
          49  1 0.1951 0.1814 0.1996 0.2354 0.1885 
          50  1 0.1979 0.1922 0.1986 0.2191 0.1922 
          51  1 0.1992 0.1971 0.1984 0.2104 0.1949 
          52  1 0.2024 0.2153 0.2021 0.1690 0.2112 
          53  1 0.2022 0.2094 0.2039 0.1726 0.2118 
          54  1 0.2031 0.2049 0.2013 0.1929 0.1978 
          55  1 0.2012 0.2050 0.2052 0.1839 0.2047 
          56  1 0.2013 0.2024 0.1969 0.1978 0.2016 
          57  1 0.1899 0.1946 0.1989 0.2218 0.1948 
          58  1 0.2027 0.2087 0.1988 0.1881 0.2018 
          59  1 0.1908 0.1957 0.1998 0.2205 0.1932 
          60  1 0.1951 0.1911 0.1995 0.2196 0.1947 
          61  1 0.2008 0.1983 0.2004 0.2082 0.1924 
          62  1 0.2119 0.1972 0.1968 0.1936 0.2005 
          63  1 0.1956 0.1972 0.1994 0.2085 0.1993 
          64  1 0.2061 0.1976 0.1983 0.2049 0.1931 
          65  1 0.2060 0.2120 0.2015 0.1774 0.2031 
          66  1 0.1957 0.1922 0.1999 0.2209 0.1913 
          67  1 0.1930 0.1942 0.1994 0.2197 0.1936 
          68  1 0.2072 0.2031 0.1996 0.1917 0.1984 
          69  1 0.1994 0.2032 0.1984 0.2049 0.1941 
          70  1 0.2030 0.1985 0.2028 0.2026 0.1930 
          71  1 0.1932 0.1912 0.2042 0.2190 0.1924 
          72  1 0.1966 0.1958 0.2017 0.2094 0.1965 
          73  1 0.2020 0.2049 0.2057 0.1819 0.2056 
          74  1 0.1892 0.1853 0.1970 0.2296 0.1990 
          75  1 0.1978 0.1887 0.1994 0.2198 0.1943 
          76  1 0.2048 0.1924 0.1987 0.2074 0.1966 
          77  1 0.2036 0.2011 0.1987 0.1995 0.1970 
          78  1 0.1891 0.1891 0.2033 0.2226 0.1960 
          79  1 0.1993 0.1943 0.2014 0.2065 0.1984 
          80  1 0.1894 0.1879 0.1958 0.2467 0.1803 
          81  1 0.2001 0.1928 0.1959 0.2152 0.1959 
          82  1 0.2006 0.2025 0.2027 0.1977 0.1965 
          83  1 0.2018 0.1954 0.1979 0.2097 0.1952 
          84  1 0.2009 0.1924 0.2024 0.2069 0.1974 
          85  1 0.1980 0.1870 0.2006 0.2228 0.1915 
          86  1 0.2024 0.1980 0.2017 0.1954 0.2026 
          87  1 0.2016 0.1944 0.2003 0.2080 0.1957 
          88  1 0.1978 0.1971 0.2014 0.1970 0.2067 
          89  1 0.1974 0.1978 0.1981 0.2102 0.1965 
          90  1 0.2074 0.2068 0.1997 0.1873 0.1989 
          91  1 0.2040 0.2047 0.2024 0.1873 0.2016 
          92  1 0.2019 0.2091 0.2001 0.1808 0.2081 
          93  1 0.2125 0.2078 0.1994 0.1752 0.2051 
          94  1 0.2047 0.2009 0.1981 0.1963 0.1999 
          95  1 0.2109 0.2025 0.1996 0.1919 0.1952 
          96  1 0.1956 0.1937 0.2001 0.2137 0.1969 
          97  1 0.2026 0.1998 0.2034 0.1915 0.2027 
          98  1 0.2019 0.2024 0.2007 0.1962 0.1987 
          99  1 0.2069 0.2063 0.1999 0.1825 0.2044 
         100  1 0.2039 0.2098 0.2028 0.1783 0.2053 
         101  1 0.2005 0.1990 0.2033 0.1976 0.1997 
         102  1 0.1970 0.1938 0.1985 0.2127 0.1979 
         103  1 0.1993 0.2066 0.1996 0.1829 0.2117 
         104  1 0.2034 0.2103 0.2042 0.1797 0.2024 
         105  1 0.2039 0.2108 0.1999 0.1839 0.2014 
         106  1 0.1934 0.1976 0.2045 0.2057 0.1988 
         107  1 0.2015 0.1944 0.1999 0.2056 0.1986 
         108  1 0.1960 0.2018 0.1988 0.1998 0.2036 
         109  1 0.2054 0.2048 0.1991 0.1887 0.2021 
         110  1 0.2030 0.2042 0.1978 0.1992 0.1958 
         111  1 0.1915 0.1895 0.2005 0.2246 0.1939 
         112  1 0.2000 0.2059 0.2038 0.1879 0.2024 
         113  1 0.1909 0.1967 0.2043 0.2161 0.1920 
         114  1 0.1965 0.2067 0.2025 0.1850 0.2092 
         115  1 0.2035 0.2007 0.1963 0.2032 0.1963 
         116  1 0.2032 0.2126 0.1950 0.1805 0.2087 
         117  1 0.2055 0.2069 0.2023 0.1845 0.2008 
         118  1 0.1964 0.1917 0.1983 0.2121 0.2015 
         119  1 0.1993 0.1953 0.1977 0.2073 0.2004 
         120  1 0.2001 0.1993 0.2000 0.1987 0.2020 
         121  1 0.2056 0.2000 0.1991 0.1939 0.2013 
         122  1 0.1987 0.1937 0.1980 0.2118 0.1977 
         123  1 0.1993 0.1947 0.2000 0.2102 0.1959 
         124  1 0.2067 0.2095 0.1988 0.1829 0.2021 
         125  1 0.1979 0.1958 0.2019 0.2046 0.1999 
         126  1 0.1953 0.1915 0.1996 0.2239 0.1896 
         127  1 0.1958 0.2002 0.2040 0.1953 0.2048 
         128  1 0.1979 0.1993 0.1960 0.2014 0.2054 
         129  1 0.2026 0.2034 0.1999 0.1891 0.2051 
         130  1 0.1969 0.1958 0.2026 0.2031 0.2017 
         131  1 0.2041 0.1963 0.2007 0.1932 0.2057 
         132  1 0.2031 0.2012 0.2008 0.1952 0.1997 
         133  1 0.2013 0.2063 0.2006 0.1889 0.2030 
         134  1 0.1990 0.1909 0.2029 0.2222 0.1849 
         135  1 0.2007 0.1929 0.1994 0.2052 0.2019 
         136  1 0.1987 0.1974 0.1948 0.2062 0.2029 
         137  1 0.2005 0.1979 0.1978 0.2079 0.1958 
         138  1 0.2047 0.2060 0.2019 0.1854 0.2021 
         139  1 0.1983 0.2081 0.1996 0.1882 0.2059 
         140  1 0.2025 0.2048 0.1979 0.1970 0.1978 
         141  1 0.1935 0.1959 0.2014 0.2061 0.2032 
         142  1 0.2066 0.2059 0.1975 0.1904 0.1995 
         143  1 0.1968 0.2134 0.2022 0.1762 0.2114 
         144  1 0.1936 0.1935 0.2039 0.2100 0.1989 
         145  1 0.1971 0.2019 0.2002 0.1959 0.2049 
         146  1 0.1986 0.2019 0.1994 0.2017 0.1985 
         147  1 0.1931 0.1927 0.1980 0.2206 0.1956 
         148  1 0.1932 0.1922 0.1989 0.2265 0.1892 
         149  1 0.1901 0.1901 0.1958 0.2312 0.1929 
         150  1 0.1979 0.1945 0.1983 0.2110 0.1983 
