           1  1 0.2499 0.2615 0.2474 0.2412 
           2  1 0.2485 0.2318 0.2584 0.2614 
           3  1 0.2472 0.2314 0.2458 0.2756 
           4  1 0.2463 0.2430 0.2454 0.2653 
           5  1 0.2530 0.2312 0.2534 0.2624 
           6  1 0.2496 0.2515 0.2482 0.2507 
           7  1 0.2480 0.2605 0.2516 0.2399 
           8  1 0.2491 0.2559 0.2509 0.2441 
           9  1 0.2503 0.2382 0.2541 0.2575 
          10  1 0.2527 0.2487 0.2532 0.2454 
          11  1 0.2484 0.2371 0.2466 0.2679 
          12  1 0.2488 0.2455 0.2511 0.2546 
          13  1 0.2523 0.2575 0.2522 0.2380 
          14  1 0.2507 0.2743 0.2449 0.2300 
          15  1 0.2522 0.2624 0.2469 0.2386 
          16  1 0.2513 0.2322 0.2532 0.2633 
          17  1 0.2509 0.2354 0.2533 0.2603 
          18  1 0.2480 0.2681 0.2471 0.2369 
          19  1 0.2505 0.2419 0.2474 0.2602 
          20  1 0.2513 0.2485 0.2526 0.2476 
          21  1 0.2492 0.2366 0.2492 0.2649 
          22  1 0.2515 0.2471 0.2514 0.2500 
          23  1 0.2528 0.2414 0.2537 0.2522 
          24  1 0.2502 0.2371 0.2534 0.2594 
          25  1 0.2537 0.2347 0.2575 0.2540 
          26  1 0.2513 0.2541 0.2522 0.2423 
          27  1 0.2519 0.2442 0.2497 0.2542 
          28  1 0.2493 0.2426 0.2546 0.2536 
          29  1 0.2499 0.2465 0.2553 0.2483 
          30  1 0.2488 0.2400 0.2553 0.2559 
          31  1 0.2478 0.2729 0.2421 0.2372 
          32  1 0.2466 0.2477 0.2441 0.2616 
          33  1 0.2493 0.2415 0.2511 0.2581 
          34  1 0.2493 0.2479 0.2467 0.2561 
          35  1 0.2481 0.2504 0.2515 0.2501 
          36  1 0.2492 0.2529 0.2548 0.2432 
          37  1 0.2484 0.2548 0.2563 0.2405 
          38  1 0.2533 0.2569 0.2502 0.2396 
          39  1 0.2491 0.2649 0.2432 0.2427 
          40  1 0.2501 0.2318 0.2499 0.2683 
          41  1 0.2500 0.2331 0.2566 0.2603 
          42  1 0.2492 0.2673 0.2432 0.2402 
          43  1 0.2487 0.2560 0.2483 0.2471 
          44  1 0.2549 0.2569 0.2484 0.2398 
          45  1 0.2493 0.2628 0.2444 0.2435 
          46  1 0.2474 0.2389 0.2527 0.2609 
          47  1 0.2511 0.2562 0.2542 0.2385 
          48  1 0.2540 0.2310 0.2567 0.2583 
          49  1 0.2479 0.2822 0.2417 0.2282 
          50  1 0.2492 0.2668 0.2483 0.2357 
          51  1 0.2487 0.2548 0.2464 0.2501 
          52  1 0.2506 0.2256 0.2479 0.2759 
          53  1 0.2505 0.2271 0.2518 0.2706 
          54  1 0.2504 0.2427 0.2536 0.2533 
          55  1 0.2511 0.2391 0.2532 0.2566 
          56  1 0.2499 0.2484 0.2468 0.2549 
          57  1 0.2483 0.2653 0.2469 0.2395 
          58  1 0.2484 0.2418 0.2588 0.2510 
          59  1 0.2488 0.2684 0.2464 0.2364 
          60  1 0.2505 0.2665 0.2462 0.2369 
          61  1 0.2519 0.2536 0.2514 0.2431 
          62  1 0.2504 0.2468 0.2466 0.2562 
          63  1 0.2462 0.2558 0.2452 0.2528 
          64  1 0.2523 0.2541 0.2461 0.2474 
          65  1 0.2503 0.2291 0.2474 0.2732 
          66  1 0.2478 0.2680 0.2466 0.2376 
          67  1 0.2495 0.2629 0.2474 0.2401 
          68  1 0.2520 0.2439 0.2513 0.2527 
          69  1 0.2486 0.2557 0.2502 0.2455 
          70  1 0.2509 0.2480 0.2493 0.2518 
          71  1 0.2503 0.2640 0.2487 0.2370 
          72  1 0.2491 0.2561 0.2497 0.2451 
          73  1 0.2532 0.2375 0.2544 0.2548 
          74  1 0.2496 0.2708 0.2448 0.2348 
          75  1 0.2514 0.2680 0.2455 0.2351 
          76  1 0.2513 0.2606 0.2471 0.2410 
          77  1 0.2510 0.2492 0.2501 0.2497 
          78  1 0.2498 0.2674 0.2488 0.2340 
          79  1 0.2521 0.2586 0.2504 0.2389 
          80  1 0.2450 0.2850 0.2376 0.2324 
          81  1 0.2527 0.2581 0.2492 0.2401 
          82  1 0.2528 0.2486 0.2474 0.2512 
          83  1 0.2505 0.2567 0.2504 0.2423 
          84  1 0.2506 0.2577 0.2497 0.2420 
          85  1 0.2501 0.2685 0.2480 0.2334 
          86  1 0.2522 0.2493 0.2548 0.2437 
          87  1 0.2498 0.2563 0.2448 0.2490 
          88  1 0.2481 0.2474 0.2564 0.2481 
          89  1 0.2484 0.2555 0.2444 0.2517 
          90  1 0.2515 0.2380 0.2518 0.2586 
          91  1 0.2533 0.2397 0.2533 0.2537 
          92  1 0.2547 0.2369 0.2530 0.2554 
          93  1 0.2495 0.2301 0.2470 0.2734 
          94  1 0.2525 0.2491 0.2496 0.2488 
          95  1 0.2504 0.2463 0.2550 0.2483 
          96  1 0.2490 0.2609 0.2488 0.2413 
          97  1 0.2516 0.2416 0.2564 0.2504 
          98  1 0.2493 0.2458 0.2494 0.2555 
          99  1 0.2482 0.2370 0.2476 0.2671 
         100  1 0.2494 0.2328 0.2562 0.2617 
         101  1 0.2517 0.2484 0.2518 0.2481 
         102  1 0.2502 0.2573 0.2489 0.2435 
         103  1 0.2488 0.2384 0.2537 0.2591 
         104  1 0.2499 0.2321 0.2576 0.2604 
         105  1 0.2478 0.2387 0.2572 0.2563 
         106  1 0.2493 0.2566 0.2519 0.2423 
         107  1 0.2476 0.2505 0.2449 0.2570 
         108  1 0.2506 0.2502 0.2446 0.2546 
         109  1 0.2479 0.2415 0.2520 0.2587 
         110  1 0.2482 0.2502 0.2460 0.2557 
         111  1 0.2486 0.2665 0.2453 0.2396 
         112  1 0.2473 0.2390 0.2533 0.2604 
         113  1 0.2503 0.2622 0.2479 0.2397 
         114  1 0.2459 0.2393 0.2510 0.2639 
         115  1 0.2468 0.2511 0.2457 0.2564 
         116  1 0.2460 0.2307 0.2446 0.2788 
         117  1 0.2483 0.2355 0.2481 0.2681 
         118  1 0.2487 0.2572 0.2525 0.2417 
         119  1 0.2455 0.2556 0.2474 0.2515 
         120  1 0.2482 0.2445 0.2494 0.2579 
         121  1 0.2539 0.2460 0.2564 0.2438 
         122  1 0.2460 0.2610 0.2445 0.2486 
         123  1 0.2497 0.2572 0.2510 0.2421 
         124  1 0.2477 0.2351 0.2501 0.2672 
         125  1 0.2525 0.2557 0.2490 0.2428 
         126  1 0.2492 0.2665 0.2466 0.2376 
         127  1 0.2490 0.2490 0.2483 0.2536 
         128  1 0.2493 0.2489 0.2509 0.2510 
         129  1 0.2499 0.2395 0.2546 0.2560 
         130  1 0.2531 0.2524 0.2494 0.2451 
         131  1 0.2530 0.2464 0.2560 0.2445 
         132  1 0.2518 0.2443 0.2541 0.2498 
         133  1 0.2528 0.2433 0.2547 0.2492 
         134  1 0.2477 0.2643 0.2432 0.2448 
         135  1 0.2537 0.2544 0.2488 0.2430 
         136  1 0.2500 0.2552 0.2518 0.2430 
         137  1 0.2508 0.2542 0.2545 0.2405 
         138  1 0.2530 0.2372 0.2493 0.2605 
         139  1 0.2493 0.2438 0.2546 0.2524 
         140  1 0.2501 0.2461 0.2473 0.2566 
         141  1 0.2502 0.2541 0.2475 0.2482 
         142  1 0.2496 0.2401 0.2521 0.2582 
         143  1 0.2487 0.2323 0.2510 0.2680 
         144  1 0.2510 0.2601 0.2508 0.2381 
         145  1 0.2528 0.2494 0.2537 0.2441 
         146  1 0.2511 0.2483 0.2497 0.2509 
         147  1 0.2501 0.2667 0.2459 0.2374 
         148  1 0.2507 0.2679 0.2478 0.2335 
         149  1 0.2491 0.2797 0.2438 0.2273 
         150  1 0.2532 0.2556 0.2490 0.2421 
