           1  1 0.1639 0.1692 0.1556 0.1737 0.1744 0.1632 
           2  1 0.1637 0.1562 0.1747 0.1704 0.1489 0.1861 
           3  1 0.1704 0.1525 0.1952 0.1549 0.1494 0.1776 
           4  1 0.1672 0.1631 0.1760 0.1617 0.1630 0.1690 
           5  1 0.1646 0.1554 0.1704 0.1723 0.1493 0.1879 
           6  1 0.1641 0.1689 0.1674 0.1674 0.1697 0.1624 
           7  1 0.1652 0.1736 0.1593 0.1694 0.1742 0.1583 
           8  1 0.1702 0.1738 0.1580 0.1657 0.1749 0.1574 
           9  1 0.1675 0.1589 0.1700 0.1699 0.1570 0.1768 
          10  1 0.1653 0.1664 0.1602 0.1679 0.1640 0.1762 
          11  1 0.1654 0.1566 0.1779 0.1645 0.1569 0.1787 
          12  1 0.1644 0.1644 0.1719 0.1673 0.1619 0.1702 
          13  1 0.1656 0.1697 0.1571 0.1707 0.1702 0.1667 
          14  1 0.1644 0.1813 0.1485 0.1671 0.1920 0.1466 
          15  1 0.1675 0.1726 0.1596 0.1709 0.1727 0.1568 
          16  1 0.1700 0.1593 0.1686 0.1656 0.1521 0.1844 
          17  1 0.1670 0.1590 0.1875 0.1607 0.1539 0.1719 
          18  1 0.1684 0.1737 0.1557 0.1697 0.1794 0.1532 
          19  1 0.1662 0.1584 0.1806 0.1598 0.1603 0.1747 
          20  1 0.1686 0.1656 0.1652 0.1671 0.1646 0.1689 
          21  1 0.1651 0.1598 0.1727 0.1626 0.1584 0.1815 
          22  1 0.1650 0.1663 0.1650 0.1711 0.1663 0.1663 
          23  1 0.1667 0.1638 0.1720 0.1655 0.1600 0.1721 
          24  1 0.1685 0.1625 0.1735 0.1666 0.1551 0.1737 
          25  1 0.1682 0.1566 0.1732 0.1689 0.1531 0.1800 
          26  1 0.1675 0.1700 0.1616 0.1670 0.1713 0.1626 
          27  1 0.1712 0.1633 0.1754 0.1662 0.1597 0.1642 
          28  1 0.1726 0.1635 0.1766 0.1615 0.1612 0.1646 
          29  1 0.1674 0.1660 0.1664 0.1690 0.1654 0.1658 
          30  1 0.1681 0.1573 0.1747 0.1625 0.1555 0.1820 
          31  1 0.1662 0.1778 0.1499 0.1692 0.1837 0.1532 
          32  1 0.1677 0.1601 0.1891 0.1571 0.1633 0.1629 
          33  1 0.1688 0.1628 0.1717 0.1649 0.1595 0.1724 
          34  1 0.1639 0.1656 0.1744 0.1673 0.1630 0.1657 
          35  1 0.1647 0.1650 0.1733 0.1655 0.1661 0.1655 
          36  1 0.1642 0.1709 0.1549 0.1727 0.1678 0.1695 
          37  1 0.1674 0.1712 0.1570 0.1696 0.1735 0.1613 
          38  1 0.1709 0.1706 0.1581 0.1701 0.1740 0.1564 
          39  1 0.1632 0.1733 0.1555 0.1710 0.1803 0.1567 
          40  1 0.1666 0.1570 0.1827 0.1595 0.1532 0.1811 
          41  1 0.1693 0.1581 0.1768 0.1633 0.1532 0.1792 
          42  1 0.1706 0.1733 0.1608 0.1660 0.1783 0.1511 
          43  1 0.1646 0.1717 0.1600 0.1710 0.1707 0.1620 
          44  1 0.1719 0.1699 0.1627 0.1701 0.1683 0.1571 
          45  1 0.1684 0.1749 0.1581 0.1676 0.1792 0.1517 
          46  1 0.1684 0.1627 0.1741 0.1630 0.1605 0.1713 
          47  1 0.1671 0.1710 0.1556 0.1729 0.1704 0.1630 
          48  1 0.1693 0.1572 0.1704 0.1685 0.1508 0.1838 
          49  1 0.1633 0.1826 0.1460 0.1679 0.1943 0.1459 
          50  1 0.1640 0.1772 0.1550 0.1693 0.1805 0.1540 
          51  1 0.1696 0.1675 0.1653 0.1646 0.1721 0.1610 
          52  1 0.1707 0.1527 0.1974 0.1562 0.1449 0.1781 
          53  1 0.1697 0.1546 0.1838 0.1600 0.1456 0.1863 
          54  1 0.1681 0.1620 0.1746 0.1626 0.1636 0.1691 
          55  1 0.1671 0.1593 0.1754 0.1693 0.1552 0.1737 
          56  1 0.1640 0.1620 0.1673 0.1679 0.1619 0.1770 
          57  1 0.1653 0.1754 0.1553 0.1669 0.1832 0.1539 
          58  1 0.1654 0.1615 0.1655 0.1717 0.1559 0.1798 
          59  1 0.1646 0.1797 0.1542 0.1678 0.1821 0.1516 
          60  1 0.1660 0.1772 0.1517 0.1677 0.1804 0.1569 
          61  1 0.1634 0.1681 0.1596 0.1721 0.1730 0.1638 
          62  1 0.1698 0.1624 0.1793 0.1600 0.1621 0.1664 
          63  1 0.1658 0.1674 0.1700 0.1616 0.1734 0.1618 
          64  1 0.1683 0.1681 0.1717 0.1625 0.1693 0.1602 
          65  1 0.1681 0.1552 0.1808 0.1636 0.1489 0.1835 
          66  1 0.1663 0.1744 0.1512 0.1707 0.1815 0.1559 
          67  1 0.1653 0.1773 0.1524 0.1696 0.1825 0.1529 
          68  1 0.1681 0.1636 0.1782 0.1621 0.1634 0.1645 
          69  1 0.1640 0.1666 0.1577 0.1712 0.1728 0.1677 
          70  1 0.1638 0.1666 0.1643 0.1672 0.1678 0.1703 
          71  1 0.1652 0.1779 0.1582 0.1672 0.1773 0.1543 
          72  1 0.1662 0.1706 0.1613 0.1669 0.1722 0.1628 
          73  1 0.1710 0.1596 0.1780 0.1639 0.1560 0.1715 
          74  1 0.1610 0.1806 0.1534 0.1720 0.1838 0.1492 
          75  1 0.1664 0.1766 0.1587 0.1704 0.1772 0.1508 
          76  1 0.1678 0.1713 0.1608 0.1693 0.1720 0.1587 
          77  1 0.1672 0.1677 0.1691 0.1643 0.1677 0.1640 
          78  1 0.1637 0.1757 0.1544 0.1684 0.1822 0.1556 
          79  1 0.1653 0.1720 0.1575 0.1707 0.1771 0.1574 
          80  1 0.1647 0.1809 0.1473 0.1687 0.1965 0.1420 
          81  1 0.1688 0.1736 0.1576 0.1676 0.1752 0.1571 
          82  1 0.1719 0.1652 0.1644 0.1640 0.1700 0.1645 
          83  1 0.1683 0.1724 0.1591 0.1649 0.1747 0.1606 
          84  1 0.1664 0.1715 0.1575 0.1704 0.1711 0.1632 
          85  1 0.1692 0.1772 0.1539 0.1677 0.1818 0.1502 
          86  1 0.1692 0.1670 0.1658 0.1690 0.1646 0.1644 
          87  1 0.1672 0.1699 0.1673 0.1643 0.1726 0.1588 
          88  1 0.1656 0.1658 0.1653 0.1667 0.1642 0.1724 
          89  1 0.1684 0.1723 0.1618 0.1646 0.1715 0.1614 
          90  1 0.1659 0.1599 0.1740 0.1654 0.1567 0.1781 
          91  1 0.1641 0.1602 0.1696 0.1683 0.1566 0.1811 
          92  1 0.1689 0.1620 0.1746 0.1630 0.1578 0.1737 
          93  1 0.1682 0.1523 0.1980 0.1555 0.1471 0.1789 
          94  1 0.1699 0.1680 0.1712 0.1644 0.1662 0.1602 
          95  1 0.1698 0.1636 0.1750 0.1642 0.1624 0.1651 
          96  1 0.1653 0.1729 0.1582 0.1682 0.1717 0.1637 
          97  1 0.1700 0.1632 0.1713 0.1660 0.1610 0.1685 
          98  1 0.1671 0.1625 0.1768 0.1639 0.1628 0.1669 
          99  1 0.1700 0.1522 0.1967 0.1571 0.1537 0.1703 
         100  1 0.1680 0.1606 0.1737 0.1654 0.1503 0.1820 
         101  1 0.1674 0.1716 0.1670 0.1655 0.1659 0.1626 
         102  1 0.1623 0.1708 0.1591 0.1708 0.1741 0.1630 
         103  1 0.1669 0.1586 0.1806 0.1641 0.1530 0.1767 
         104  1 0.1707 0.1585 0.1675 0.1650 0.1538 0.1846 
         105  1 0.1632 0.1606 0.1646 0.1700 0.1567 0.1849 
         106  1 0.1655 0.1685 0.1698 0.1649 0.1698 0.1614 
         107  1 0.1654 0.1675 0.1621 0.1666 0.1697 0.1688 
         108  1 0.1695 0.1656 0.1700 0.1625 0.1638 0.1684 
         109  1 0.1664 0.1590 0.1643 0.1730 0.1586 0.1787 
         110  1 0.1661 0.1668 0.1763 0.1626 0.1668 0.1615 
         111  1 0.1630 0.1770 0.1555 0.1657 0.1815 0.1572 
         112  1 0.1652 0.1579 0.1724 0.1622 0.1570 0.1853 
         113  1 0.1671 0.1742 0.1555 0.1671 0.1785 0.1575 
         114  1 0.1671 0.1588 0.1716 0.1623 0.1565 0.1836 
         115  1 0.1676 0.1670 0.1646 0.1661 0.1675 0.1672 
         116  1 0.1710 0.1530 0.1920 0.1578 0.1480 0.1782 
         117  1 0.1671 0.1549 0.1970 0.1564 0.1534 0.1712 
         118  1 0.1654 0.1710 0.1599 0.1712 0.1689 0.1635 
         119  1 0.1674 0.1706 0.1698 0.1627 0.1707 0.1588 
         120  1 0.1695 0.1648 0.1635 0.1671 0.1632 0.1719 
         121  1 0.1672 0.1666 0.1626 0.1725 0.1632 0.1678 
         122  1 0.1646 0.1707 0.1683 0.1639 0.1754 0.1571 
         123  1 0.1671 0.1729 0.1606 0.1666 0.1740 0.1589 
         124  1 0.1684 0.1571 0.1884 0.1607 0.1507 0.1747 
         125  1 0.1676 0.1671 0.1620 0.1670 0.1733 0.1631 
         126  1 0.1647 0.1766 0.1536 0.1673 0.1848 0.1531 
         127  1 0.1638 0.1627 0.1817 0.1620 0.1623 0.1675 
         128  1 0.1666 0.1685 0.1680 0.1657 0.1669 0.1643 
         129  1 0.1655 0.1632 0.1728 0.1663 0.1571 0.1750 
         130  1 0.1694 0.1689 0.1666 0.1681 0.1700 0.1570 
         131  1 0.1707 0.1683 0.1620 0.1727 0.1631 0.1633 
         132  1 0.1668 0.1644 0.1643 0.1678 0.1624 0.1743 
         133  1 0.1632 0.1621 0.1614 0.1726 0.1605 0.1803 
         134  1 0.1651 0.1739 0.1626 0.1639 0.1786 0.1559 
         135  1 0.1674 0.1724 0.1605 0.1695 0.1710 0.1592 
         136  1 0.1654 0.1718 0.1590 0.1706 0.1716 0.1616 
         137  1 0.1665 0.1707 0.1605 0.1686 0.1739 0.1598 
         138  1 0.1704 0.1598 0.1785 0.1617 0.1557 0.1739 
         139  1 0.1671 0.1627 0.1641 0.1748 0.1551 0.1762 
         140  1 0.1678 0.1651 0.1692 0.1634 0.1642 0.1704 
         141  1 0.1642 0.1693 0.1695 0.1656 0.1706 0.1608 
         142  1 0.1694 0.1576 0.1810 0.1606 0.1577 0.1737 
         143  1 0.1692 0.1555 0.1758 0.1612 0.1473 0.1910 
         144  1 0.1655 0.1764 0.1565 0.1678 0.1784 0.1554 
         145  1 0.1606 0.1671 0.1607 0.1729 0.1637 0.1749 
         146  1 0.1656 0.1627 0.1604 0.1706 0.1664 0.1743 
         147  1 0.1663 0.1792 0.1529 0.1691 0.1823 0.1502 
         148  1 0.1656 0.1769 0.1490 0.1700 0.1871 0.1514 
         149  1 0.1602 0.1813 0.1475 0.1721 0.1901 0.1487 
         150  1 0.1667 0.1717 0.1568 0.1683 0.1753 0.1613 
