           1  1 0.1005 0.1005 0.0999 0.0993 0.0994 0.1000 0.1006 0.1004 0.1003 0.0992 
           2  1 0.0982 0.0984 0.0983 0.1056 0.1004 0.0996 0.0989 0.0978 0.1021 0.1007 
           3  1 0.0996 0.0992 0.0996 0.0998 0.1013 0.1005 0.1002 0.0991 0.0995 0.1012 
           4  1 0.0999 0.0998 0.1002 0.0997 0.1004 0.0997 0.1003 0.0998 0.0999 0.1003 
           5  1 0.0983 0.0984 0.0995 0.1058 0.1002 0.0990 0.0989 0.0983 0.1014 0.1003 
           6  1 0.1010 0.1005 0.1006 0.0991 0.1000 0.1003 0.0998 0.0998 0.0992 0.0998 
           7  1 0.1006 0.1004 0.1007 0.0990 0.0997 0.0998 0.1003 0.1002 0.0994 0.0999 
           8  1 0.1006 0.1000 0.1007 0.0989 0.0998 0.0999 0.1005 0.1000 0.0997 0.0999 
           9  1 0.0988 0.0992 0.1000 0.1018 0.0997 0.1003 0.0998 0.0994 0.1004 0.1007 
          10  1 0.0997 0.0994 0.0997 0.1023 0.1004 0.0995 0.1002 0.0999 0.0992 0.0996 
          11  1 0.0990 0.0989 0.1010 0.1019 0.1000 0.0999 0.0996 0.0993 0.1006 0.0999 
          12  1 0.0995 0.0993 0.1004 0.1002 0.1000 0.1006 0.0995 0.0994 0.1010 0.1002 
          13  1 0.1003 0.0998 0.0999 0.0989 0.1001 0.1004 0.1004 0.1005 0.0996 0.1001 
          14  1 0.1020 0.1022 0.1012 0.0961 0.0990 0.0999 0.1006 0.1017 0.0987 0.0986 
          15  1 0.1009 0.1013 0.1004 0.0972 0.1001 0.1005 0.1006 0.1007 0.0987 0.0996 
          16  1 0.0982 0.0985 0.0996 0.1046 0.0999 0.0993 0.0996 0.0990 0.1001 0.1012 
          17  1 0.0987 0.0990 0.1000 0.1012 0.1009 0.1005 0.0994 0.0993 0.1001 0.1008 
          18  1 0.1018 0.1014 0.1008 0.0971 0.0987 0.1009 0.1003 0.1013 0.0977 0.1000 
          19  1 0.0998 0.0999 0.1001 0.0990 0.1017 0.1002 0.0992 0.0995 0.1001 0.1005 
          20  1 0.1002 0.0996 0.0995 0.1000 0.0992 0.1003 0.1003 0.0998 0.1007 0.1003 
          21  1 0.0987 0.0991 0.0986 0.1023 0.1012 0.0997 0.0995 0.0993 0.1008 0.1008 
          22  1 0.0991 0.0995 0.0995 0.1014 0.1000 0.0995 0.1005 0.0992 0.1009 0.1003 
          23  1 0.0986 0.0997 0.1003 0.1003 0.1009 0.1005 0.0994 0.0992 0.1009 0.1003 
          24  1 0.0982 0.0985 0.0998 0.1028 0.0991 0.1002 0.0997 0.0989 0.1021 0.1007 
          25  1 0.0985 0.0985 0.0997 0.1051 0.1002 0.0994 0.0984 0.0991 0.1008 0.1003 
          26  1 0.0997 0.1001 0.0994 0.0995 0.1007 0.1000 0.1004 0.1003 0.0994 0.1005 
          27  1 0.0993 0.0995 0.1002 0.0995 0.1007 0.1003 0.1000 0.0991 0.1012 0.1003 
          28  1 0.1001 0.0998 0.0993 0.1004 0.1007 0.0998 0.0997 0.0996 0.1002 0.1003 
          29  1 0.0993 0.0994 0.0995 0.1009 0.1009 0.1000 0.0995 0.0992 0.1002 0.1010 
          30  1 0.0990 0.0989 0.1002 0.1023 0.1006 0.0999 0.0990 0.0995 0.1010 0.0997 
          31  1 0.1016 0.1018 0.1014 0.0973 0.0987 0.0993 0.1002 0.1011 0.1003 0.0982 
          32  1 0.1013 0.1004 0.1001 0.0975 0.0993 0.0998 0.1003 0.1009 0.1002 0.1003 
          33  1 0.0994 0.0992 0.0994 0.1013 0.1011 0.1002 0.0994 0.0998 0.1001 0.0999 
          34  1 0.0995 0.0997 0.1008 0.0998 0.1000 0.0999 0.0995 0.1000 0.1007 0.1001 
          35  1 0.0994 0.0997 0.0994 0.0988 0.1019 0.1001 0.1006 0.0997 0.1003 0.1001 
          36  1 0.1005 0.1005 0.0998 0.1006 0.0997 0.0995 0.1006 0.1000 0.0993 0.0997 
          37  1 0.0998 0.0997 0.0995 0.1019 0.0999 0.1001 0.1000 0.0997 0.1001 0.0993 
          38  1 0.0998 0.0999 0.1001 0.1000 0.0996 0.1007 0.0998 0.1001 0.1004 0.0997 
          39  1 0.1012 0.1012 0.1006 0.0976 0.0994 0.0998 0.1008 0.1009 0.0991 0.0993 
          40  1 0.0990 0.0988 0.0991 0.1021 0.1007 0.0997 0.0997 0.0989 0.1013 0.1007 
          41  1 0.0986 0.0983 0.1000 0.1031 0.1001 0.0999 0.0996 0.0993 0.1003 0.1007 
          42  1 0.1011 0.1012 0.1013 0.0969 0.0996 0.1004 0.1006 0.1005 0.0992 0.0991 
          43  1 0.1003 0.0999 0.0995 0.1004 0.0996 0.0998 0.1005 0.0998 0.1005 0.0996 
          44  1 0.1003 0.1004 0.0999 0.0974 0.0997 0.1013 0.1010 0.1007 0.0988 0.1007 
          45  1 0.1010 0.1012 0.1016 0.0981 0.0979 0.0999 0.1007 0.1008 0.0992 0.0996 
          46  1 0.0992 0.0995 0.0988 0.1012 0.1012 0.1000 0.0997 0.0995 0.1002 0.1008 
          47  1 0.1000 0.1002 0.1001 0.1009 0.0990 0.1011 0.1001 0.1000 0.0993 0.0993 
          48  1 0.0983 0.0981 0.0991 0.1068 0.0997 0.0999 0.0983 0.0987 0.1002 0.1010 
          49  1 0.1025 0.1026 0.1017 0.0949 0.0992 0.0993 0.1008 0.1021 0.0979 0.0990 
          50  1 0.1010 0.1011 0.1002 0.0985 0.0995 0.0998 0.1006 0.1006 0.0996 0.0993 
          51  1 0.1006 0.1003 0.0999 0.0999 0.0998 0.0997 0.1007 0.1003 0.0989 0.0999 
          52  1 0.0982 0.0983 0.0991 0.1020 0.1004 0.1003 0.1000 0.0988 0.1018 0.1011 
          53  1 0.0980 0.0982 0.0995 0.1044 0.1001 0.0997 0.0995 0.0984 0.1014 0.1008 
          54  1 0.0996 0.0997 0.1003 0.1002 0.1003 0.0998 0.1000 0.1001 0.0995 0.1005 
          55  1 0.0988 0.0992 0.0990 0.1049 0.1003 0.0991 0.0994 0.0991 0.1007 0.0996 
          56  1 0.0995 0.1000 0.1003 0.0996 0.1007 0.1000 0.0998 0.0999 0.0995 0.1006 
          57  1 0.1014 0.1014 0.1006 0.0974 0.0999 0.0998 0.1006 0.1013 0.0994 0.0983 
          58  1 0.0989 0.0996 0.0998 0.1039 0.0997 0.0992 0.0992 0.0992 0.1005 0.1001 
          59  1 0.1017 0.1018 0.1004 0.0970 0.0996 0.1000 0.1004 0.1011 0.0994 0.0986 
          60  1 0.1011 0.1012 0.1004 0.0970 0.0994 0.1006 0.1005 0.1013 0.0990 0.0994 
          61  1 0.1005 0.1004 0.1004 0.0987 0.1004 0.1000 0.1001 0.1003 0.0996 0.0996 
          62  1 0.0995 0.1008 0.0992 0.0983 0.1009 0.1004 0.0998 0.1000 0.0995 0.1015 
          63  1 0.1001 0.1005 0.0997 0.0983 0.0997 0.1009 0.1005 0.1010 0.0995 0.0998 
          64  1 0.1005 0.1004 0.0998 0.0995 0.0997 0.1004 0.0999 0.1003 0.0996 0.0999 
          65  1 0.0989 0.0987 0.0998 0.1038 0.1003 0.0993 0.0993 0.0991 0.1001 0.1008 
          66  1 0.1012 0.1010 0.1005 0.0992 0.0981 0.0998 0.1000 0.1012 0.0997 0.0994 
          67  1 0.1011 0.1006 0.1005 0.0996 0.0991 0.0992 0.1001 0.1008 0.1005 0.0985 
          68  1 0.0998 0.0997 0.0997 0.0989 0.0999 0.1002 0.1006 0.0996 0.1006 0.1011 
          69  1 0.1007 0.1009 0.0999 0.1002 0.1000 0.0995 0.1002 0.0997 0.1000 0.0990 
          70  1 0.1002 0.1002 0.1004 0.0989 0.1005 0.0994 0.0998 0.0999 0.1001 0.1006 
          71  1 0.1010 0.1011 0.1004 0.0988 0.0993 0.1003 0.0997 0.1010 0.0998 0.0986 
          72  1 0.1006 0.1007 0.1004 0.0980 0.1005 0.1005 0.1002 0.1008 0.0989 0.0996 
          73  1 0.0987 0.0988 0.0993 0.1023 0.1013 0.0998 0.1000 0.0985 0.1007 0.1007 
          74  1 0.1014 0.1020 0.1007 0.0958 0.0995 0.1005 0.1009 0.1014 0.0989 0.0990 
          75  1 0.1012 0.1006 0.1000 0.0971 0.1002 0.1006 0.1003 0.1012 0.0997 0.0991 
          76  1 0.1007 0.0998 0.1012 0.0974 0.0995 0.1004 0.1007 0.1000 0.0992 0.1010 
          77  1 0.1000 0.1002 0.0998 0.0998 0.1010 0.0995 0.0995 0.0999 0.1000 0.1004 
          78  1 0.1011 0.1005 0.1006 0.0977 0.0993 0.1007 0.1009 0.1004 0.0993 0.0994 
          79  1 0.1003 0.1005 0.1006 0.0992 0.1001 0.0999 0.1001 0.1004 0.0993 0.0995 
          80  1 0.1038 0.1033 0.1014 0.0945 0.0975 0.1002 0.1006 0.1027 0.0984 0.0977 
          81  1 0.1003 0.1009 0.1004 0.0981 0.1003 0.1010 0.0999 0.1002 0.0992 0.0997 
          82  1 0.1000 0.0996 0.1007 0.1000 0.0990 0.0997 0.1004 0.1000 0.1008 0.0998 
          83  1 0.1006 0.1003 0.0999 0.0989 0.0998 0.0997 0.1003 0.1011 0.0994 0.1001 
          84  1 0.1004 0.1001 0.0999 0.1000 0.1000 0.0999 0.1000 0.1000 0.0996 0.0999 
          85  1 0.1010 0.1014 0.1005 0.0972 0.0996 0.1007 0.1003 0.1017 0.0986 0.0989 
          86  1 0.0994 0.0990 0.0994 0.1047 0.0990 0.0999 0.0995 0.0991 0.0998 0.1003 
          87  1 0.1007 0.1011 0.1010 0.0968 0.1001 0.0996 0.1008 0.1001 0.0993 0.1005 
          88  1 0.0991 0.1003 0.0996 0.1000 0.1002 0.1002 0.0999 0.0995 0.1004 0.1008 
          89  1 0.1007 0.1008 0.0999 0.0980 0.0992 0.1001 0.1011 0.1007 0.0998 0.0998 
          90  1 0.0988 0.0988 0.1013 0.1019 0.0998 0.0999 0.0989 0.0992 0.1011 0.1003 
          91  1 0.0990 0.0988 0.0997 0.1034 0.1000 0.0993 0.0995 0.0989 0.1008 0.1006 
          92  1 0.0989 0.0990 0.0996 0.1024 0.1007 0.1001 0.0989 0.0988 0.1015 0.1002 
          93  1 0.0988 0.0991 0.0995 0.1001 0.1006 0.1004 0.0996 0.0995 0.1005 0.1018 
          94  1 0.0997 0.0992 0.0999 0.1012 0.1001 0.0999 0.0994 0.0999 0.1007 0.1001 
          95  1 0.1001 0.0992 0.0998 0.0994 0.1010 0.1008 0.0990 0.1001 0.0995 0.1011 
          96  1 0.1011 0.1007 0.1000 0.0983 0.1003 0.1003 0.0999 0.1006 0.0988 0.0999 
          97  1 0.0995 0.0989 0.0998 0.1019 0.1010 0.0997 0.0996 0.0992 0.1005 0.0998 
          98  1 0.1001 0.0997 0.1001 0.0994 0.1001 0.1003 0.0999 0.1003 0.0998 0.1005 
          99  1 0.1000 0.0995 0.1004 0.0988 0.1005 0.1006 0.0999 0.0999 0.0999 0.1004 
         100  1 0.0992 0.0985 0.0999 0.1030 0.1000 0.1001 0.0994 0.0996 0.1000 0.1003 
         101  1 0.0996 0.0992 0.0995 0.0998 0.1011 0.1003 0.0998 0.1000 0.1007 0.1000 
         102  1 0.1005 0.1003 0.1003 0.0996 0.0998 0.1000 0.1000 0.0999 0.0995 0.1001 
         103  1 0.0986 0.0986 0.0998 0.1024 0.0999 0.0999 0.0991 0.0987 0.1015 0.1014 
         104  1 0.0993 0.0987 0.0996 0.1024 0.1002 0.0998 0.0993 0.0992 0.1006 0.1009 
         105  1 0.0990 0.0993 0.0993 0.1039 0.1001 0.0995 0.0995 0.0991 0.0995 0.1008 
         106  1 0.1005 0.1003 0.1006 0.0984 0.1005 0.0997 0.0997 0.1007 0.0994 0.1001 
         107  1 0.1006 0.1001 0.1010 0.0985 0.0992 0.0999 0.1009 0.1005 0.0989 0.1005 
         108  1 0.1008 0.0997 0.0999 0.0990 0.1002 0.1005 0.0999 0.0999 0.1001 0.1000 
         109  1 0.0988 0.0993 0.0996 0.1047 0.0992 0.0995 0.0994 0.0998 0.0990 0.1006 
         110  1 0.1010 0.1008 0.1009 0.0984 0.0999 0.0997 0.1002 0.1001 0.0990 0.1000 
         111  1 0.1017 0.1016 0.1009 0.0967 0.0984 0.1002 0.1004 0.1014 0.0996 0.0990 
         112  1 0.0996 0.0997 0.0991 0.1003 0.1019 0.0991 0.0994 0.0996 0.1003 0.1010 
         113  1 0.1007 0.1008 0.0997 0.0992 0.1000 0.0994 0.1001 0.1006 0.1010 0.0985 
         114  1 0.0996 0.0990 0.0998 0.1010 0.1001 0.0991 0.1001 0.0995 0.1020 0.0998 
         115  1 0.1006 0.1004 0.1003 0.0987 0.0990 0.1004 0.1010 0.1002 0.0993 0.1001 
         116  1 0.0989 0.0987 0.1001 0.1017 0.1001 0.1002 0.1001 0.0988 0.1002 0.1012 
         117  1 0.0990 0.1002 0.0999 0.0993 0.1020 0.1005 0.0989 0.0999 0.1004 0.1001 
         118  1 0.1000 0.1010 0.0996 0.0998 0.0997 0.1002 0.1003 0.0999 0.0995 0.1001 
         119  1 0.1004 0.1009 0.1001 0.0980 0.0998 0.1002 0.1008 0.1005 0.0998 0.0995 
         120  1 0.0995 0.0994 0.0998 0.1033 0.0989 0.0997 0.0998 0.0994 0.1003 0.1000 
         121  1 0.0992 0.0993 0.1002 0.1008 0.1001 0.1004 0.0995 0.0998 0.1007 0.1000 
         122  1 0.1016 0.1009 0.1008 0.0976 0.0994 0.0999 0.1003 0.1005 0.0990 0.0998 
         123  1 0.1009 0.1009 0.1001 0.0980 0.1004 0.0997 0.1007 0.1003 0.0990 0.1000 
         124  1 0.0993 0.0991 0.1002 0.1004 0.1005 0.0998 0.0990 0.0996 0.1011 0.1011 
         125  1 0.1003 0.1003 0.0995 0.0992 0.1004 0.1000 0.1011 0.0999 0.0994 0.0999 
         126  1 0.1013 0.1017 0.1013 0.0965 0.0994 0.1000 0.1005 0.1013 0.0989 0.0989 
         127  1 0.0997 0.1004 0.1000 0.0984 0.1001 0.1003 0.0997 0.1002 0.1012 0.0999 
         128  1 0.0995 0.1001 0.0992 0.1006 0.1000 0.0997 0.1005 0.0994 0.1010 0.1000 
         129  1 0.0992 0.0992 0.0991 0.1006 0.1003 0.1001 0.1002 0.0997 0.1007 0.1009 
         130  1 0.1000 0.1002 0.1004 0.0984 0.0997 0.1006 0.1005 0.1000 0.1000 0.1001 
         131  1 0.0987 0.0989 0.0992 0.1036 0.1003 0.1001 0.0995 0.0990 0.1003 0.1005 
         132  1 0.0992 0.0987 0.1003 0.1031 0.0996 0.0997 0.0995 0.0988 0.1008 0.1004 
         133  1 0.0992 0.0993 0.0994 0.1022 0.1005 0.0996 0.0999 0.0991 0.1006 0.1001 
         134  1 0.1016 0.1015 0.1006 0.0969 0.0991 0.1005 0.1006 0.1011 0.0985 0.0996 
         135  1 0.0999 0.0997 0.0993 0.1022 0.1001 0.0993 0.1001 0.1003 0.0995 0.0995 
         136  1 0.1004 0.1004 0.1002 0.0993 0.1000 0.1000 0.1002 0.1002 0.1000 0.0994 
         137  1 0.1001 0.1000 0.1001 0.0995 0.0998 0.0999 0.1005 0.1003 0.0999 0.0999 
         138  1 0.0988 0.0992 0.0994 0.1020 0.1016 0.0996 0.0996 0.0989 0.1002 0.1007 
         139  1 0.0991 0.0980 0.1002 0.1030 0.1002 0.0987 0.0996 0.0983 0.1028 0.1000 
         140  1 0.0996 0.0998 0.0996 0.1003 0.1007 0.0999 0.0999 0.0997 0.0997 0.1010 
         141  1 0.1003 0.1002 0.1000 0.0987 0.1002 0.0996 0.0997 0.1005 0.1012 0.0996 
         142  1 0.1000 0.0994 0.1000 0.0992 0.1008 0.1001 0.0996 0.0998 0.1003 0.1009 
         143  1 0.0982 0.0982 0.0992 0.1035 0.1009 0.0990 0.0998 0.0987 0.1019 0.1006 
         144  1 0.1002 0.1008 0.0994 0.1018 0.0997 0.0991 0.0996 0.1002 0.1001 0.0991 
         145  1 0.0993 0.0988 0.0987 0.1048 0.1000 0.0997 0.0995 0.0993 0.1002 0.0996 
         146  1 0.1001 0.1004 0.0999 0.1012 0.0993 0.0991 0.0998 0.1007 0.0989 0.1005 
         147  1 0.1017 0.1013 0.1003 0.0964 0.0988 0.1003 0.1007 0.1014 0.1003 0.0989 
         148  1 0.1017 0.1007 0.1002 0.0990 0.0989 0.0996 0.1003 0.1011 0.0995 0.0988 
         149  1 0.1018 0.1019 0.1005 0.0963 0.0987 0.1004 0.1009 0.1011 0.0997 0.0986 
         150  1 0.1007 0.1010 0.0998 0.0985 0.0995 0.1005 0.1006 0.1004 0.0994 0.0996 
