           1  1 0.1251 0.1212 0.1278 0.1302 0.1215 0.1214 0.1283 0.1244 
           2  1 0.1262 0.1462 0.1244 0.1146 0.1284 0.1255 0.1147 0.1199 
           3  1 0.1239 0.1270 0.1241 0.1183 0.1282 0.1367 0.1189 0.1229 
           4  1 0.1241 0.1236 0.1245 0.1246 0.1266 0.1260 0.1244 0.1262 
           5  1 0.1285 0.1395 0.1221 0.1152 0.1298 0.1279 0.1148 0.1222 
           6  1 0.1239 0.1252 0.1237 0.1272 0.1261 0.1232 0.1264 0.1243 
           7  1 0.1265 0.1258 0.1251 0.1271 0.1228 0.1219 0.1263 0.1244 
           8  1 0.1248 0.1207 0.1251 0.1292 0.1263 0.1201 0.1286 0.1252 
           9  1 0.1277 0.1282 0.1214 0.1210 0.1259 0.1310 0.1206 0.1242 
          10  1 0.1293 0.1249 0.1256 0.1249 0.1205 0.1210 0.1258 0.1279 
          11  1 0.1260 0.1307 0.1227 0.1187 0.1297 0.1348 0.1178 0.1196 
          12  1 0.1250 0.1303 0.1255 0.1220 0.1252 0.1264 0.1198 0.1257 
          13  1 0.1256 0.1232 0.1252 0.1277 0.1218 0.1215 0.1278 0.1272 
          14  1 0.1246 0.1129 0.1252 0.1368 0.1216 0.1145 0.1364 0.1280 
          15  1 0.1250 0.1193 0.1280 0.1296 0.1264 0.1181 0.1304 0.1234 
          16  1 0.1289 0.1309 0.1232 0.1171 0.1260 0.1289 0.1195 0.1254 
          17  1 0.1237 0.1303 0.1236 0.1145 0.1231 0.1451 0.1158 0.1239 
          18  1 0.1262 0.1155 0.1261 0.1324 0.1231 0.1181 0.1317 0.1269 
          19  1 0.1248 0.1252 0.1221 0.1208 0.1258 0.1344 0.1218 0.1251 
          20  1 0.1242 0.1241 0.1263 0.1247 0.1254 0.1228 0.1253 0.1271 
          21  1 0.1264 0.1282 0.1252 0.1218 0.1224 0.1288 0.1207 0.1265 
          22  1 0.1233 0.1286 0.1263 0.1242 0.1260 0.1235 0.1246 0.1236 
          23  1 0.1253 0.1275 0.1248 0.1212 0.1274 0.1274 0.1214 0.1249 
          24  1 0.1237 0.1353 0.1245 0.1173 0.1268 0.1331 0.1170 0.1223 
          25  1 0.1249 0.1400 0.1230 0.1146 0.1303 0.1280 0.1169 0.1224 
          26  1 0.1235 0.1245 0.1259 0.1271 0.1246 0.1210 0.1287 0.1246 
          27  1 0.1276 0.1253 0.1245 0.1210 0.1285 0.1267 0.1229 0.1235 
          28  1 0.1250 0.1277 0.1250 0.1204 0.1252 0.1307 0.1201 0.1260 
          29  1 0.1259 0.1317 0.1224 0.1231 0.1237 0.1253 0.1234 0.1245 
          30  1 0.1274 0.1287 0.1230 0.1196 0.1253 0.1323 0.1212 0.1227 
          31  1 0.1245 0.1159 0.1256 0.1334 0.1232 0.1180 0.1355 0.1238 
          32  1 0.1223 0.1223 0.1246 0.1229 0.1284 0.1375 0.1216 0.1202 
          33  1 0.1258 0.1251 0.1261 0.1236 0.1249 0.1249 0.1227 0.1269 
          34  1 0.1222 0.1304 0.1257 0.1178 0.1244 0.1422 0.1173 0.1201 
          35  1 0.1265 0.1224 0.1248 0.1253 0.1210 0.1291 0.1249 0.1260 
          36  1 0.1260 0.1231 0.1239 0.1265 0.1256 0.1199 0.1282 0.1270 
          37  1 0.1232 0.1247 0.1274 0.1280 0.1262 0.1186 0.1266 0.1253 
          38  1 0.1246 0.1258 0.1224 0.1279 0.1249 0.1229 0.1272 0.1243 
          39  1 0.1265 0.1168 0.1244 0.1346 0.1205 0.1177 0.1334 0.1262 
          40  1 0.1246 0.1306 0.1255 0.1179 0.1331 0.1259 0.1179 0.1245 
          41  1 0.1247 0.1328 0.1236 0.1173 0.1296 0.1299 0.1165 0.1256 
          42  1 0.1245 0.1174 0.1240 0.1320 0.1219 0.1231 0.1318 0.1253 
          43  1 0.1244 0.1215 0.1273 0.1284 0.1241 0.1191 0.1304 0.1248 
          44  1 0.1267 0.1187 0.1277 0.1272 0.1289 0.1178 0.1280 0.1251 
          45  1 0.1225 0.1177 0.1240 0.1314 0.1251 0.1238 0.1295 0.1261 
          46  1 0.1235 0.1303 0.1256 0.1200 0.1302 0.1226 0.1209 0.1270 
          47  1 0.1264 0.1245 0.1246 0.1271 0.1234 0.1194 0.1280 0.1266 
          48  1 0.1264 0.1369 0.1223 0.1173 0.1268 0.1299 0.1171 0.1234 
          49  1 0.1244 0.1103 0.1258 0.1397 0.1223 0.1119 0.1404 0.1252 
          50  1 0.1231 0.1176 0.1261 0.1319 0.1240 0.1175 0.1334 0.1265 
          51  1 0.1261 0.1190 0.1251 0.1295 0.1220 0.1220 0.1293 0.1270 
          52  1 0.1215 0.1307 0.1256 0.1125 0.1292 0.1447 0.1128 0.1230 
          53  1 0.1261 0.1333 0.1249 0.1137 0.1311 0.1335 0.1137 0.1237 
          54  1 0.1248 0.1240 0.1243 0.1229 0.1253 0.1302 0.1224 0.1261 
          55  1 0.1245 0.1411 0.1219 0.1163 0.1262 0.1342 0.1157 0.1203 
          56  1 0.1254 0.1254 0.1262 0.1238 0.1224 0.1248 0.1253 0.1267 
          57  1 0.1214 0.1181 0.1261 0.1309 0.1237 0.1231 0.1320 0.1245 
          58  1 0.1240 0.1314 0.1224 0.1204 0.1288 0.1275 0.1205 0.1249 
          59  1 0.1208 0.1179 0.1246 0.1350 0.1236 0.1168 0.1346 0.1266 
          60  1 0.1256 0.1211 0.1246 0.1347 0.1209 0.1136 0.1337 0.1259 
          61  1 0.1272 0.1212 0.1228 0.1292 0.1242 0.1210 0.1286 0.1258 
          62  1 0.1246 0.1238 0.1259 0.1247 0.1287 0.1240 0.1238 0.1245 
          63  1 0.1229 0.1210 0.1254 0.1295 0.1259 0.1206 0.1285 0.1262 
          64  1 0.1248 0.1211 0.1246 0.1271 0.1240 0.1232 0.1275 0.1275 
          65  1 0.1249 0.1314 0.1246 0.1140 0.1297 0.1349 0.1147 0.1259 
          66  1 0.1247 0.1226 0.1245 0.1312 0.1245 0.1164 0.1309 0.1252 
          67  1 0.1244 0.1190 0.1223 0.1351 0.1225 0.1176 0.1332 0.1258 
          68  1 0.1232 0.1238 0.1255 0.1250 0.1256 0.1278 0.1237 0.1253 
          69  1 0.1262 0.1195 0.1244 0.1299 0.1232 0.1208 0.1281 0.1279 
          70  1 0.1292 0.1209 0.1253 0.1268 0.1224 0.1239 0.1263 0.1252 
          71  1 0.1246 0.1220 0.1244 0.1316 0.1226 0.1191 0.1315 0.1243 
          72  1 0.1253 0.1209 0.1257 0.1282 0.1230 0.1221 0.1284 0.1264 
          73  1 0.1236 0.1334 0.1226 0.1186 0.1258 0.1329 0.1181 0.1250 
          74  1 0.1216 0.1154 0.1287 0.1336 0.1199 0.1214 0.1342 0.1252 
          75  1 0.1245 0.1153 0.1283 0.1329 0.1231 0.1156 0.1344 0.1259 
          76  1 0.1273 0.1186 0.1251 0.1297 0.1236 0.1232 0.1279 0.1246 
          77  1 0.1256 0.1229 0.1233 0.1249 0.1251 0.1268 0.1247 0.1266 
          78  1 0.1265 0.1198 0.1241 0.1330 0.1213 0.1195 0.1314 0.1244 
          79  1 0.1235 0.1248 0.1260 0.1267 0.1228 0.1241 0.1265 0.1255 
          80  1 0.1232 0.1087 0.1232 0.1426 0.1214 0.1125 0.1420 0.1265 
          81  1 0.1247 0.1205 0.1271 0.1303 0.1225 0.1205 0.1289 0.1256 
          82  1 0.1243 0.1241 0.1220 0.1268 0.1256 0.1260 0.1256 0.1256 
          83  1 0.1242 0.1190 0.1253 0.1297 0.1251 0.1201 0.1294 0.1272 
          84  1 0.1267 0.1206 0.1265 0.1297 0.1208 0.1187 0.1302 0.1269 
          85  1 0.1248 0.1156 0.1261 0.1350 0.1239 0.1140 0.1331 0.1275 
          86  1 0.1260 0.1331 0.1235 0.1223 0.1262 0.1206 0.1244 0.1240 
          87  1 0.1238 0.1187 0.1259 0.1298 0.1231 0.1224 0.1297 0.1266 
          88  1 0.1263 0.1278 0.1264 0.1224 0.1241 0.1234 0.1241 0.1255 
          89  1 0.1255 0.1180 0.1240 0.1296 0.1247 0.1227 0.1293 0.1262 
          90  1 0.1260 0.1295 0.1230 0.1210 0.1275 0.1270 0.1209 0.1251 
          91  1 0.1250 0.1295 0.1234 0.1196 0.1290 0.1290 0.1192 0.1253 
          92  1 0.1240 0.1353 0.1253 0.1172 0.1280 0.1278 0.1166 0.1257 
          93  1 0.1264 0.1284 0.1256 0.1153 0.1294 0.1362 0.1160 0.1226 
          94  1 0.1233 0.1273 0.1235 0.1253 0.1243 0.1266 0.1242 0.1255 
          95  1 0.1281 0.1260 0.1221 0.1225 0.1272 0.1254 0.1227 0.1261 
          96  1 0.1260 0.1211 0.1251 0.1282 0.1236 0.1192 0.1292 0.1277 
          97  1 0.1249 0.1329 0.1238 0.1215 0.1238 0.1257 0.1212 0.1262 
          98  1 0.1248 0.1257 0.1252 0.1235 0.1251 0.1291 0.1240 0.1227 
          99  1 0.1220 0.1248 0.1256 0.1174 0.1310 0.1422 0.1170 0.1200 
         100  1 0.1249 0.1316 0.1219 0.1169 0.1296 0.1308 0.1179 0.1264 
         101  1 0.1249 0.1253 0.1255 0.1227 0.1227 0.1294 0.1228 0.1266 
         102  1 0.1233 0.1239 0.1267 0.1289 0.1224 0.1185 0.1292 0.1271 
         103  1 0.1235 0.1324 0.1288 0.1185 0.1257 0.1287 0.1193 0.1231 
         104  1 0.1269 0.1338 0.1213 0.1166 0.1260 0.1301 0.1178 0.1276 
         105  1 0.1271 0.1337 0.1243 0.1176 0.1281 0.1248 0.1183 0.1262 
         106  1 0.1238 0.1279 0.1258 0.1252 0.1233 0.1273 0.1253 0.1214 
         107  1 0.1270 0.1213 0.1245 0.1264 0.1270 0.1215 0.1270 0.1251 
         108  1 0.1260 0.1224 0.1252 0.1260 0.1278 0.1231 0.1248 0.1247 
         109  1 0.1277 0.1314 0.1223 0.1203 0.1270 0.1230 0.1201 0.1282 
         110  1 0.1226 0.1200 0.1255 0.1256 0.1263 0.1296 0.1274 0.1229 
         111  1 0.1244 0.1160 0.1272 0.1336 0.1226 0.1167 0.1327 0.1268 
         112  1 0.1262 0.1244 0.1248 0.1205 0.1235 0.1322 0.1208 0.1278 
         113  1 0.1233 0.1216 0.1242 0.1303 0.1233 0.1227 0.1285 0.1260 
         114  1 0.1250 0.1278 0.1246 0.1193 0.1277 0.1327 0.1193 0.1237 
         115  1 0.1256 0.1190 0.1259 0.1292 0.1237 0.1222 0.1275 0.1269 
         116  1 0.1235 0.1259 0.1256 0.1166 0.1297 0.1392 0.1167 0.1229 
         117  1 0.1250 0.1277 0.1215 0.1178 0.1271 0.1433 0.1176 0.1200 
         118  1 0.1248 0.1263 0.1287 0.1276 0.1218 0.1180 0.1298 0.1229 
         119  1 0.1243 0.1173 0.1266 0.1301 0.1214 0.1275 0.1277 0.1251 
         120  1 0.1250 0.1267 0.1274 0.1241 0.1251 0.1245 0.1221 0.1251 
         121  1 0.1275 0.1284 0.1252 0.1230 0.1246 0.1236 0.1238 0.1239 
         122  1 0.1237 0.1182 0.1268 0.1286 0.1244 0.1256 0.1298 0.1229 
         123  1 0.1241 0.1190 0.1265 0.1284 0.1241 0.1219 0.1288 0.1273 
         124  1 0.1245 0.1298 0.1230 0.1177 0.1274 0.1383 0.1173 0.1220 
         125  1 0.1254 0.1258 0.1265 0.1275 0.1218 0.1198 0.1278 0.1254 
         126  1 0.1236 0.1158 0.1253 0.1344 0.1223 0.1190 0.1327 0.1269 
         127  1 0.1239 0.1255 0.1242 0.1218 0.1204 0.1425 0.1208 0.1209 
         128  1 0.1237 0.1269 0.1280 0.1241 0.1243 0.1251 0.1237 0.1242 
         129  1 0.1225 0.1322 0.1261 0.1186 0.1309 0.1246 0.1204 0.1247 
         130  1 0.1242 0.1228 0.1251 0.1254 0.1247 0.1288 0.1245 0.1245 
         131  1 0.1242 0.1374 0.1253 0.1213 0.1264 0.1196 0.1220 0.1239 
         132  1 0.1297 0.1264 0.1236 0.1242 0.1228 0.1241 0.1245 0.1247 
         133  1 0.1294 0.1276 0.1270 0.1219 0.1239 0.1234 0.1212 0.1256 
         134  1 0.1276 0.1137 0.1239 0.1340 0.1207 0.1210 0.1330 0.1262 
         135  1 0.1247 0.1284 0.1250 0.1276 0.1252 0.1176 0.1266 0.1250 
         136  1 0.1250 0.1252 0.1261 0.1273 0.1227 0.1220 0.1265 0.1252 
         137  1 0.1239 0.1213 0.1259 0.1293 0.1233 0.1222 0.1278 0.1261 
         138  1 0.1247 0.1291 0.1244 0.1193 0.1278 0.1290 0.1200 0.1256 
         139  1 0.1259 0.1330 0.1257 0.1204 0.1257 0.1253 0.1209 0.1232 
         140  1 0.1279 0.1238 0.1233 0.1253 0.1227 0.1239 0.1249 0.1282 
         141  1 0.1239 0.1253 0.1231 0.1247 0.1235 0.1328 0.1245 0.1222 
         142  1 0.1243 0.1260 0.1230 0.1202 0.1302 0.1296 0.1205 0.1262 
         143  1 0.1270 0.1322 0.1252 0.1148 0.1266 0.1341 0.1166 0.1235 
         144  1 0.1242 0.1304 0.1205 0.1288 0.1258 0.1186 0.1284 0.1234 
         145  1 0.1264 0.1349 0.1247 0.1220 0.1265 0.1187 0.1228 0.1239 
         146  1 0.1240 0.1271 0.1238 0.1237 0.1274 0.1230 0.1248 0.1262 
         147  1 0.1242 0.1167 0.1260 0.1342 0.1226 0.1156 0.1349 0.1258 
         148  1 0.1253 0.1160 0.1240 0.1352 0.1225 0.1152 0.1342 0.1276 
         149  1 0.1263 0.1180 0.1276 0.1364 0.1210 0.1123 0.1355 0.1229 
         150  1 0.1271 0.1186 0.1264 0.1310 0.1237 0.1174 0.1284 0.1274 
