           1  1 0.1464 0.1367 0.1456 0.1456 0.1463 0.1360 0.1435 
           2  1 0.1325 0.1503 0.1483 0.1473 0.1350 0.1451 0.1415 
           3  1 0.1291 0.1531 0.1453 0.1377 0.1318 0.1644 0.1386 
           4  1 0.1422 0.1409 0.1460 0.1451 0.1419 0.1447 0.1392 
           5  1 0.1351 0.1534 0.1481 0.1452 0.1342 0.1437 0.1404 
           6  1 0.1452 0.1430 0.1416 0.1455 0.1432 0.1397 0.1418 
           7  1 0.1485 0.1370 0.1460 0.1403 0.1451 0.1384 0.1447 
           8  1 0.1480 0.1375 0.1416 0.1438 0.1490 0.1336 0.1465 
           9  1 0.1332 0.1568 0.1437 0.1421 0.1389 0.1445 0.1408 
          10  1 0.1439 0.1403 0.1449 0.1409 0.1445 0.1414 0.1442 
          11  1 0.1342 0.1502 0.1459 0.1407 0.1337 0.1598 0.1355 
          12  1 0.1399 0.1493 0.1418 0.1410 0.1388 0.1476 0.1415 
          13  1 0.1436 0.1410 0.1427 0.1414 0.1468 0.1386 0.1460 
          14  1 0.1630 0.1293 0.1358 0.1444 0.1561 0.1299 0.1414 
          15  1 0.1469 0.1403 0.1421 0.1443 0.1461 0.1353 0.1449 
          16  1 0.1333 0.1565 0.1490 0.1397 0.1354 0.1440 0.1421 
          17  1 0.1298 0.1462 0.1434 0.1354 0.1321 0.1736 0.1396 
          18  1 0.1500 0.1336 0.1442 0.1428 0.1484 0.1342 0.1468 
          19  1 0.1380 0.1456 0.1430 0.1422 0.1361 0.1534 0.1417 
          20  1 0.1399 0.1471 0.1443 0.1434 0.1416 0.1378 0.1458 
          21  1 0.1365 0.1495 0.1453 0.1407 0.1375 0.1501 0.1403 
          22  1 0.1393 0.1458 0.1444 0.1426 0.1426 0.1398 0.1455 
          23  1 0.1356 0.1456 0.1445 0.1440 0.1397 0.1446 0.1460 
          24  1 0.1337 0.1477 0.1484 0.1371 0.1369 0.1564 0.1398 
          25  1 0.1318 0.1501 0.1479 0.1455 0.1373 0.1451 0.1424 
          26  1 0.1440 0.1413 0.1424 0.1469 0.1452 0.1333 0.1469 
          27  1 0.1370 0.1464 0.1453 0.1390 0.1382 0.1489 0.1452 
          28  1 0.1376 0.1472 0.1424 0.1404 0.1391 0.1492 0.1441 
          29  1 0.1412 0.1441 0.1414 0.1414 0.1441 0.1437 0.1440 
          30  1 0.1339 0.1485 0.1505 0.1395 0.1371 0.1526 0.1379 
          31  1 0.1582 0.1293 0.1395 0.1435 0.1555 0.1311 0.1428 
          32  1 0.1393 0.1430 0.1414 0.1402 0.1360 0.1656 0.1346 
          33  1 0.1406 0.1458 0.1441 0.1455 0.1411 0.1400 0.1429 
          34  1 0.1359 0.1430 0.1427 0.1351 0.1352 0.1723 0.1358 
          35  1 0.1415 0.1380 0.1412 0.1428 0.1424 0.1486 0.1455 
          36  1 0.1471 0.1417 0.1433 0.1462 0.1448 0.1335 0.1435 
          37  1 0.1480 0.1390 0.1429 0.1451 0.1470 0.1332 0.1448 
          38  1 0.1466 0.1389 0.1427 0.1433 0.1455 0.1386 0.1444 
          39  1 0.1548 0.1342 0.1371 0.1484 0.1508 0.1332 0.1415 
          40  1 0.1343 0.1527 0.1442 0.1449 0.1337 0.1457 0.1444 
          41  1 0.1332 0.1524 0.1470 0.1430 0.1365 0.1433 0.1446 
          42  1 0.1506 0.1332 0.1403 0.1450 0.1449 0.1445 0.1415 
          43  1 0.1484 0.1349 0.1467 0.1439 0.1472 0.1345 0.1444 
          44  1 0.1378 0.1469 0.1446 0.1385 0.1374 0.1456 0.1492 
          45  1 0.1551 0.1366 0.1375 0.1423 0.1494 0.1365 0.1426 
          46  1 0.1384 0.1461 0.1441 0.1467 0.1389 0.1417 0.1440 
          47  1 0.1432 0.1379 0.1475 0.1415 0.1435 0.1398 0.1466 
          48  1 0.1293 0.1538 0.1536 0.1396 0.1346 0.1470 0.1421 
          49  1 0.1670 0.1251 0.1371 0.1434 0.1603 0.1250 0.1420 
          50  1 0.1538 0.1338 0.1399 0.1424 0.1533 0.1318 0.1449 
          51  1 0.1457 0.1442 0.1393 0.1434 0.1441 0.1402 0.1431 
          52  1 0.1263 0.1547 0.1444 0.1342 0.1295 0.1709 0.1399 
          53  1 0.1297 0.1567 0.1455 0.1412 0.1346 0.1503 0.1420 
          54  1 0.1385 0.1450 0.1437 0.1429 0.1394 0.1489 0.1416 
          55  1 0.1321 0.1478 0.1447 0.1415 0.1335 0.1609 0.1394 
          56  1 0.1385 0.1462 0.1472 0.1453 0.1390 0.1428 0.1411 
          57  1 0.1558 0.1306 0.1411 0.1421 0.1521 0.1390 0.1392 
          58  1 0.1377 0.1470 0.1505 0.1464 0.1395 0.1372 0.1418 
          59  1 0.1591 0.1294 0.1392 0.1438 0.1541 0.1281 0.1464 
          60  1 0.1548 0.1370 0.1393 0.1440 0.1512 0.1292 0.1444 
          61  1 0.1489 0.1404 0.1389 0.1448 0.1473 0.1354 0.1444 
          62  1 0.1375 0.1438 0.1421 0.1444 0.1408 0.1453 0.1460 
          63  1 0.1484 0.1387 0.1420 0.1459 0.1446 0.1382 0.1422 
          64  1 0.1450 0.1421 0.1394 0.1449 0.1446 0.1397 0.1442 
          65  1 0.1284 0.1593 0.1414 0.1393 0.1320 0.1591 0.1405 
          66  1 0.1561 0.1345 0.1395 0.1457 0.1500 0.1301 0.1440 
          67  1 0.1582 0.1323 0.1391 0.1444 0.1509 0.1312 0.1439 
          68  1 0.1392 0.1455 0.1442 0.1385 0.1423 0.1489 0.1414 
          69  1 0.1485 0.1435 0.1412 0.1451 0.1464 0.1358 0.1395 
          70  1 0.1412 0.1430 0.1415 0.1498 0.1427 0.1376 0.1442 
          71  1 0.1569 0.1327 0.1360 0.1434 0.1517 0.1332 0.1461 
          72  1 0.1484 0.1381 0.1407 0.1448 0.1466 0.1353 0.1462 
          73  1 0.1321 0.1494 0.1428 0.1404 0.1378 0.1513 0.1461 
          74  1 0.1576 0.1272 0.1390 0.1443 0.1515 0.1381 0.1425 
          75  1 0.1551 0.1320 0.1408 0.1453 0.1485 0.1326 0.1457 
          76  1 0.1434 0.1435 0.1431 0.1442 0.1436 0.1375 0.1445 
          77  1 0.1444 0.1460 0.1398 0.1437 0.1435 0.1390 0.1436 
          78  1 0.1542 0.1328 0.1407 0.1443 0.1526 0.1314 0.1441 
          79  1 0.1480 0.1386 0.1418 0.1436 0.1464 0.1364 0.1453 
          80  1 0.1719 0.1290 0.1323 0.1418 0.1569 0.1267 0.1415 
          81  1 0.1497 0.1377 0.1394 0.1432 0.1496 0.1355 0.1449 
          82  1 0.1449 0.1465 0.1430 0.1390 0.1431 0.1412 0.1423 
          83  1 0.1457 0.1403 0.1438 0.1407 0.1458 0.1379 0.1457 
          84  1 0.1486 0.1371 0.1405 0.1449 0.1464 0.1363 0.1462 
          85  1 0.1548 0.1341 0.1397 0.1449 0.1510 0.1313 0.1443 
          86  1 0.1407 0.1442 0.1449 0.1419 0.1417 0.1400 0.1465 
          87  1 0.1489 0.1409 0.1389 0.1413 0.1467 0.1391 0.1442 
          88  1 0.1395 0.1472 0.1439 0.1422 0.1408 0.1416 0.1447 
          89  1 0.1480 0.1421 0.1412 0.1427 0.1466 0.1372 0.1422 
          90  1 0.1363 0.1459 0.1462 0.1478 0.1387 0.1425 0.1426 
          91  1 0.1381 0.1481 0.1436 0.1409 0.1386 0.1455 0.1451 
          92  1 0.1376 0.1493 0.1446 0.1409 0.1407 0.1423 0.1446 
          93  1 0.1290 0.1507 0.1463 0.1403 0.1309 0.1633 0.1395 
          94  1 0.1439 0.1423 0.1436 0.1441 0.1431 0.1413 0.1417 
          95  1 0.1354 0.1479 0.1439 0.1409 0.1374 0.1494 0.1451 
          96  1 0.1520 0.1388 0.1436 0.1430 0.1460 0.1320 0.1446 
          97  1 0.1393 0.1461 0.1435 0.1419 0.1398 0.1448 0.1446 
          98  1 0.1413 0.1404 0.1437 0.1407 0.1406 0.1498 0.1436 
          99  1 0.1293 0.1518 0.1422 0.1384 0.1297 0.1725 0.1362 
         100  1 0.1329 0.1543 0.1494 0.1437 0.1363 0.1424 0.1411 
         101  1 0.1446 0.1413 0.1393 0.1423 0.1428 0.1462 0.1434 
         102  1 0.1530 0.1351 0.1425 0.1430 0.1465 0.1340 0.1459 
         103  1 0.1355 0.1464 0.1498 0.1416 0.1374 0.1471 0.1422 
         104  1 0.1333 0.1567 0.1459 0.1433 0.1344 0.1422 0.1442 
         105  1 0.1353 0.1572 0.1433 0.1454 0.1363 0.1400 0.1426 
         106  1 0.1471 0.1366 0.1392 0.1419 0.1455 0.1482 0.1416 
         107  1 0.1437 0.1451 0.1470 0.1477 0.1409 0.1362 0.1394 
         108  1 0.1455 0.1459 0.1425 0.1423 0.1439 0.1396 0.1402 
         109  1 0.1384 0.1552 0.1419 0.1434 0.1378 0.1408 0.1426 
         110  1 0.1422 0.1435 0.1415 0.1424 0.1413 0.1513 0.1378 
         111  1 0.1592 0.1333 0.1392 0.1454 0.1520 0.1303 0.1405 
         112  1 0.1355 0.1468 0.1471 0.1396 0.1382 0.1491 0.1438 
         113  1 0.1559 0.1334 0.1361 0.1435 0.1484 0.1392 0.1434 
         114  1 0.1365 0.1466 0.1495 0.1398 0.1373 0.1503 0.1400 
         115  1 0.1434 0.1498 0.1425 0.1408 0.1430 0.1390 0.1415 
         116  1 0.1274 0.1533 0.1462 0.1366 0.1308 0.1694 0.1363 
         117  1 0.1290 0.1463 0.1449 0.1404 0.1309 0.1727 0.1358 
         118  1 0.1473 0.1406 0.1433 0.1412 0.1474 0.1361 0.1440 
         119  1 0.1470 0.1377 0.1409 0.1396 0.1444 0.1487 0.1417 
         120  1 0.1392 0.1448 0.1479 0.1421 0.1436 0.1400 0.1425 
         121  1 0.1401 0.1449 0.1458 0.1418 0.1414 0.1402 0.1459 
         122  1 0.1493 0.1368 0.1392 0.1409 0.1470 0.1445 0.1422 
         123  1 0.1487 0.1398 0.1411 0.1422 0.1453 0.1363 0.1465 
         124  1 0.1322 0.1499 0.1440 0.1415 0.1353 0.1569 0.1402 
         125  1 0.1454 0.1410 0.1395 0.1441 0.1459 0.1398 0.1443 
         126  1 0.1589 0.1331 0.1363 0.1439 0.1528 0.1309 0.1440 
         127  1 0.1386 0.1401 0.1395 0.1363 0.1358 0.1711 0.1386 
         128  1 0.1451 0.1414 0.1457 0.1414 0.1437 0.1420 0.1407 
         129  1 0.1357 0.1472 0.1474 0.1485 0.1360 0.1408 0.1444 
         130  1 0.1452 0.1429 0.1431 0.1382 0.1448 0.1403 0.1456 
         131  1 0.1409 0.1417 0.1472 0.1426 0.1416 0.1399 0.1461 
         132  1 0.1411 0.1470 0.1476 0.1392 0.1402 0.1434 0.1415 
         133  1 0.1382 0.1491 0.1435 0.1444 0.1399 0.1409 0.1440 
         134  1 0.1521 0.1360 0.1375 0.1453 0.1476 0.1385 0.1430 
         135  1 0.1467 0.1397 0.1400 0.1453 0.1459 0.1384 0.1440 
         136  1 0.1471 0.1373 0.1431 0.1461 0.1482 0.1377 0.1406 
         137  1 0.1474 0.1426 0.1410 0.1453 0.1466 0.1345 0.1426 
         138  1 0.1331 0.1523 0.1400 0.1454 0.1350 0.1501 0.1442 
         139  1 0.1389 0.1471 0.1469 0.1455 0.1395 0.1394 0.1428 
         140  1 0.1395 0.1497 0.1414 0.1418 0.1411 0.1425 0.1441 
         141  1 0.1445 0.1362 0.1397 0.1419 0.1424 0.1549 0.1403 
         142  1 0.1364 0.1483 0.1438 0.1437 0.1361 0.1495 0.1422 
         143  1 0.1326 0.1500 0.1506 0.1431 0.1349 0.1492 0.1396 
         144  1 0.1494 0.1388 0.1393 0.1440 0.1489 0.1339 0.1458 
         145  1 0.1425 0.1440 0.1428 0.1477 0.1416 0.1375 0.1440 
         146  1 0.1439 0.1416 0.1439 0.1473 0.1444 0.1363 0.1425 
         147  1 0.1546 0.1367 0.1381 0.1412 0.1521 0.1319 0.1454 
         148  1 0.1582 0.1348 0.1327 0.1477 0.1536 0.1270 0.1460 
         149  1 0.1639 0.1265 0.1338 0.1478 0.1584 0.1261 0.1435 
         150  1 0.1487 0.1412 0.1410 0.1455 0.1472 0.1342 0.1422 
