           1  1 0.2458 0.2551 0.2419 0.2572 
           2  1 0.2608 0.2403 0.2592 0.2396 
           3  1 0.2547 0.2449 0.2575 0.2430 
           4  1 0.2494 0.2487 0.2537 0.2482 
           5  1 0.2615 0.2374 0.2657 0.2353 
           6  1 0.2496 0.2504 0.2494 0.2507 
           7  1 0.2478 0.2533 0.2454 0.2535 
           8  1 0.2495 0.2535 0.2451 0.2519 
           9  1 0.2566 0.2440 0.2556 0.2437 
          10  1 0.2537 0.2488 0.2500 0.2475 
          11  1 0.2543 0.2448 0.2577 0.2432 
          12  1 0.2528 0.2465 0.2544 0.2463 
          13  1 0.2475 0.2514 0.2456 0.2555 
          14  1 0.2375 0.2625 0.2379 0.2621 
          15  1 0.2434 0.2568 0.2420 0.2578 
          16  1 0.2577 0.2411 0.2603 0.2409 
          17  1 0.2568 0.2416 0.2627 0.2389 
          18  1 0.2383 0.2614 0.2360 0.2644 
          19  1 0.2509 0.2480 0.2537 0.2474 
          20  1 0.2530 0.2484 0.2500 0.2487 
          21  1 0.2540 0.2468 0.2542 0.2449 
          22  1 0.2532 0.2482 0.2521 0.2466 
          23  1 0.2537 0.2448 0.2564 0.2451 
          24  1 0.2585 0.2440 0.2547 0.2428 
          25  1 0.2622 0.2397 0.2594 0.2387 
          26  1 0.2480 0.2539 0.2429 0.2552 
          27  1 0.2546 0.2457 0.2539 0.2458 
          28  1 0.2543 0.2479 0.2528 0.2451 
          29  1 0.2530 0.2486 0.2513 0.2471 
          30  1 0.2543 0.2432 0.2600 0.2425 
          31  1 0.2395 0.2587 0.2421 0.2597 
          32  1 0.2499 0.2498 0.2514 0.2489 
          33  1 0.2537 0.2476 0.2536 0.2452 
          34  1 0.2473 0.2502 0.2520 0.2505 
          35  1 0.2492 0.2512 0.2500 0.2496 
          36  1 0.2495 0.2498 0.2486 0.2522 
          37  1 0.2487 0.2514 0.2469 0.2530 
          38  1 0.2503 0.2507 0.2480 0.2510 
          39  1 0.2390 0.2582 0.2403 0.2625 
          40  1 0.2559 0.2442 0.2586 0.2413 
          41  1 0.2586 0.2419 0.2618 0.2377 
          42  1 0.2417 0.2567 0.2414 0.2603 
          43  1 0.2487 0.2532 0.2455 0.2526 
          44  1 0.2461 0.2543 0.2423 0.2574 
          45  1 0.2455 0.2551 0.2444 0.2550 
          46  1 0.2560 0.2448 0.2565 0.2427 
          47  1 0.2486 0.2517 0.2467 0.2531 
          48  1 0.2607 0.2384 0.2643 0.2366 
          49  1 0.2319 0.2668 0.2328 0.2685 
          50  1 0.2439 0.2568 0.2421 0.2572 
          51  1 0.2463 0.2555 0.2429 0.2553 
          52  1 0.2615 0.2386 0.2634 0.2364 
          53  1 0.2619 0.2385 0.2640 0.2356 
          54  1 0.2543 0.2453 0.2563 0.2441 
          55  1 0.2571 0.2428 0.2568 0.2433 
          56  1 0.2473 0.2519 0.2461 0.2547 
          57  1 0.2402 0.2588 0.2428 0.2582 
          58  1 0.2546 0.2458 0.2557 0.2439 
          59  1 0.2439 0.2565 0.2416 0.2579 
          60  1 0.2447 0.2567 0.2388 0.2598 
          61  1 0.2459 0.2519 0.2485 0.2537 
          62  1 0.2478 0.2512 0.2495 0.2515 
          63  1 0.2449 0.2538 0.2448 0.2565 
          64  1 0.2505 0.2502 0.2491 0.2501 
          65  1 0.2583 0.2406 0.2625 0.2386 
          66  1 0.2453 0.2556 0.2432 0.2559 
          67  1 0.2457 0.2554 0.2438 0.2550 
          68  1 0.2550 0.2481 0.2533 0.2436 
          69  1 0.2483 0.2511 0.2480 0.2526 
          70  1 0.2454 0.2499 0.2533 0.2514 
          71  1 0.2455 0.2544 0.2446 0.2555 
          72  1 0.2459 0.2550 0.2446 0.2545 
          73  1 0.2580 0.2437 0.2574 0.2408 
          74  1 0.2372 0.2609 0.2377 0.2641 
          75  1 0.2405 0.2595 0.2392 0.2608 
          76  1 0.2461 0.2527 0.2440 0.2572 
          77  1 0.2514 0.2487 0.2510 0.2489 
          78  1 0.2415 0.2578 0.2404 0.2603 
          79  1 0.2475 0.2540 0.2455 0.2530 
          80  1 0.2337 0.2666 0.2325 0.2672 
          81  1 0.2458 0.2542 0.2445 0.2555 
          82  1 0.2519 0.2486 0.2513 0.2482 
          83  1 0.2466 0.2549 0.2456 0.2530 
          84  1 0.2464 0.2531 0.2457 0.2549 
          85  1 0.2435 0.2568 0.2416 0.2581 
          86  1 0.2559 0.2466 0.2504 0.2470 
          87  1 0.2453 0.2538 0.2459 0.2549 
          88  1 0.2523 0.2498 0.2491 0.2488 
          89  1 0.2469 0.2552 0.2439 0.2540 
          90  1 0.2563 0.2439 0.2578 0.2420 
          91  1 0.2559 0.2442 0.2582 0.2416 
          92  1 0.2568 0.2409 0.2612 0.2412 
          93  1 0.2576 0.2414 0.2612 0.2398 
          94  1 0.2536 0.2486 0.2516 0.2462 
          95  1 0.2535 0.2474 0.2532 0.2458 
          96  1 0.2447 0.2558 0.2433 0.2561 
          97  1 0.2550 0.2463 0.2548 0.2439 
          98  1 0.2504 0.2496 0.2511 0.2490 
          99  1 0.2513 0.2455 0.2569 0.2463 
         100  1 0.2600 0.2400 0.2617 0.2382 
         101  1 0.2505 0.2488 0.2510 0.2497 
         102  1 0.2439 0.2555 0.2434 0.2572 
         103  1 0.2594 0.2429 0.2578 0.2399 
         104  1 0.2605 0.2397 0.2618 0.2379 
         105  1 0.2569 0.2439 0.2566 0.2426 
         106  1 0.2465 0.2532 0.2464 0.2539 
         107  1 0.2453 0.2542 0.2449 0.2556 
         108  1 0.2489 0.2497 0.2515 0.2498 
         109  1 0.2532 0.2457 0.2538 0.2473 
         110  1 0.2483 0.2519 0.2504 0.2495 
         111  1 0.2395 0.2582 0.2407 0.2616 
         112  1 0.2533 0.2459 0.2561 0.2447 
         113  1 0.2502 0.2510 0.2497 0.2490 
         114  1 0.2513 0.2470 0.2568 0.2449 
         115  1 0.2474 0.2535 0.2462 0.2529 
         116  1 0.2548 0.2440 0.2580 0.2433 
         117  1 0.2525 0.2446 0.2592 0.2437 
         118  1 0.2470 0.2539 0.2431 0.2560 
         119  1 0.2479 0.2541 0.2457 0.2523 
         120  1 0.2523 0.2485 0.2513 0.2479 
         121  1 0.2553 0.2462 0.2528 0.2456 
         122  1 0.2415 0.2569 0.2434 0.2582 
         123  1 0.2457 0.2553 0.2440 0.2551 
         124  1 0.2535 0.2429 0.2613 0.2422 
         125  1 0.2495 0.2521 0.2451 0.2533 
         126  1 0.2411 0.2570 0.2433 0.2586 
         127  1 0.2484 0.2501 0.2519 0.2497 
         128  1 0.2502 0.2500 0.2492 0.2506 
         129  1 0.2553 0.2441 0.2552 0.2454 
         130  1 0.2507 0.2512 0.2481 0.2501 
         131  1 0.2550 0.2481 0.2493 0.2476 
         132  1 0.2532 0.2467 0.2534 0.2467 
         133  1 0.2543 0.2445 0.2566 0.2446 
         134  1 0.2395 0.2579 0.2423 0.2604 
         135  1 0.2488 0.2504 0.2478 0.2529 
         136  1 0.2474 0.2540 0.2456 0.2529 
         137  1 0.2479 0.2529 0.2473 0.2518 
         138  1 0.2587 0.2435 0.2572 0.2407 
         139  1 0.2558 0.2442 0.2556 0.2444 
         140  1 0.2531 0.2476 0.2506 0.2487 
         141  1 0.2481 0.2515 0.2491 0.2513 
         142  1 0.2524 0.2473 0.2547 0.2457 
         143  1 0.2563 0.2420 0.2614 0.2403 
         144  1 0.2522 0.2510 0.2454 0.2514 
         145  1 0.2534 0.2467 0.2520 0.2479 
         146  1 0.2489 0.2500 0.2487 0.2524 
         147  1 0.2427 0.2578 0.2411 0.2584 
         148  1 0.2434 0.2562 0.2427 0.2578 
         149  1 0.2362 0.2615 0.2347 0.2677 
         150  1 0.2466 0.2550 0.2440 0.2544 
