           1  1 0.1417 0.1465 0.1426 0.1451 0.1389 0.1459 0.1393 
           2  1 0.1521 0.1348 0.1421 0.1400 0.1511 0.1350 0.1450 
           3  1 0.1450 0.1375 0.1407 0.1407 0.1536 0.1363 0.1463 
           4  1 0.1411 0.1430 0.1416 0.1456 0.1430 0.1427 0.1429 
           5  1 0.1541 0.1333 0.1400 0.1378 0.1562 0.1345 0.1442 
           6  1 0.1438 0.1439 0.1409 0.1425 0.1439 0.1449 0.1401 
           7  1 0.1417 0.1454 0.1424 0.1433 0.1394 0.1455 0.1422 
           8  1 0.1396 0.1451 0.1434 0.1448 0.1390 0.1453 0.1428 
           9  1 0.1458 0.1382 0.1437 0.1406 0.1477 0.1395 0.1446 
          10  1 0.1420 0.1417 0.1426 0.1425 0.1426 0.1416 0.1470 
          11  1 0.1464 0.1384 0.1412 0.1390 0.1517 0.1383 0.1449 
          12  1 0.1454 0.1404 0.1423 0.1418 0.1458 0.1411 0.1433 
          13  1 0.1417 0.1450 0.1441 0.1441 0.1393 0.1434 0.1425 
          14  1 0.1364 0.1513 0.1435 0.1453 0.1332 0.1534 0.1369 
          15  1 0.1401 0.1457 0.1453 0.1445 0.1364 0.1467 0.1413 
          16  1 0.1468 0.1354 0.1425 0.1392 0.1527 0.1365 0.1469 
          17  1 0.1469 0.1367 0.1421 0.1393 0.1490 0.1362 0.1499 
          18  1 0.1368 0.1485 0.1435 0.1450 0.1368 0.1493 0.1401 
          19  1 0.1440 0.1409 0.1426 0.1417 0.1430 0.1404 0.1475 
          20  1 0.1416 0.1427 0.1440 0.1442 0.1402 0.1419 0.1453 
          21  1 0.1416 0.1392 0.1437 0.1422 0.1489 0.1389 0.1454 
          22  1 0.1454 0.1410 0.1435 0.1431 0.1438 0.1399 0.1432 
          23  1 0.1465 0.1394 0.1440 0.1412 0.1429 0.1397 0.1464 
          24  1 0.1448 0.1373 0.1427 0.1426 0.1499 0.1369 0.1458 
          25  1 0.1507 0.1369 0.1423 0.1398 0.1491 0.1359 0.1452 
          26  1 0.1384 0.1444 0.1434 0.1443 0.1406 0.1449 0.1439 
          27  1 0.1458 0.1398 0.1435 0.1390 0.1484 0.1390 0.1445 
          28  1 0.1431 0.1411 0.1428 0.1423 0.1443 0.1405 0.1460 
          29  1 0.1443 0.1421 0.1434 0.1413 0.1438 0.1410 0.1441 
          30  1 0.1481 0.1376 0.1429 0.1396 0.1488 0.1377 0.1453 
          31  1 0.1375 0.1500 0.1415 0.1435 0.1348 0.1547 0.1380 
          32  1 0.1431 0.1423 0.1398 0.1412 0.1473 0.1439 0.1424 
          33  1 0.1432 0.1399 0.1425 0.1436 0.1454 0.1397 0.1458 
          34  1 0.1430 0.1422 0.1411 0.1397 0.1475 0.1421 0.1445 
          35  1 0.1446 0.1440 0.1424 0.1409 0.1421 0.1420 0.1440 
          36  1 0.1444 0.1434 0.1407 0.1442 0.1393 0.1454 0.1426 
          37  1 0.1419 0.1450 0.1431 0.1443 0.1397 0.1443 0.1418 
          38  1 0.1429 0.1442 0.1447 0.1428 0.1399 0.1437 0.1418 
          39  1 0.1379 0.1488 0.1430 0.1435 0.1389 0.1496 0.1384 
          40  1 0.1460 0.1381 0.1410 0.1427 0.1479 0.1364 0.1478 
          41  1 0.1474 0.1368 0.1418 0.1424 0.1487 0.1354 0.1475 
          42  1 0.1385 0.1495 0.1430 0.1451 0.1367 0.1486 0.1386 
          43  1 0.1399 0.1459 0.1434 0.1453 0.1398 0.1461 0.1396 
          44  1 0.1412 0.1441 0.1438 0.1437 0.1401 0.1446 0.1424 
          45  1 0.1394 0.1476 0.1426 0.1453 0.1357 0.1489 0.1405 
          46  1 0.1438 0.1392 0.1424 0.1432 0.1469 0.1383 0.1463 
          47  1 0.1428 0.1438 0.1439 0.1451 0.1390 0.1430 0.1424 
          48  1 0.1529 0.1333 0.1424 0.1401 0.1528 0.1333 0.1451 
          49  1 0.1352 0.1551 0.1433 0.1461 0.1300 0.1577 0.1326 
          50  1 0.1409 0.1482 0.1430 0.1448 0.1371 0.1474 0.1386 
          51  1 0.1389 0.1449 0.1448 0.1431 0.1403 0.1459 0.1421 
          52  1 0.1461 0.1348 0.1418 0.1404 0.1526 0.1336 0.1507 
          53  1 0.1461 0.1348 0.1426 0.1405 0.1531 0.1332 0.1498 
          54  1 0.1449 0.1407 0.1439 0.1407 0.1446 0.1404 0.1449 
          55  1 0.1498 0.1369 0.1432 0.1396 0.1487 0.1373 0.1446 
          56  1 0.1436 0.1425 0.1424 0.1420 0.1443 0.1429 0.1423 
          57  1 0.1378 0.1495 0.1435 0.1458 0.1355 0.1498 0.1380 
          58  1 0.1483 0.1392 0.1426 0.1421 0.1471 0.1384 0.1422 
          59  1 0.1386 0.1487 0.1416 0.1467 0.1346 0.1518 0.1380 
          60  1 0.1386 0.1501 0.1411 0.1458 0.1354 0.1523 0.1368 
          61  1 0.1422 0.1451 0.1434 0.1420 0.1414 0.1460 0.1400 
          62  1 0.1441 0.1418 0.1422 0.1412 0.1434 0.1423 0.1451 
          63  1 0.1384 0.1467 0.1423 0.1448 0.1398 0.1481 0.1400 
          64  1 0.1419 0.1442 0.1431 0.1423 0.1423 0.1443 0.1419 
          65  1 0.1462 0.1352 0.1427 0.1401 0.1523 0.1360 0.1475 
          66  1 0.1410 0.1476 0.1420 0.1438 0.1366 0.1485 0.1405 
          67  1 0.1406 0.1481 0.1433 0.1435 0.1379 0.1490 0.1376 
          68  1 0.1436 0.1409 0.1433 0.1422 0.1474 0.1400 0.1425 
          69  1 0.1436 0.1452 0.1413 0.1426 0.1415 0.1451 0.1407 
          70  1 0.1438 0.1432 0.1415 0.1425 0.1439 0.1437 0.1415 
          71  1 0.1410 0.1474 0.1423 0.1425 0.1384 0.1478 0.1405 
          72  1 0.1387 0.1460 0.1431 0.1455 0.1373 0.1465 0.1427 
          73  1 0.1480 0.1359 0.1437 0.1417 0.1480 0.1356 0.1472 
          74  1 0.1356 0.1525 0.1426 0.1461 0.1329 0.1532 0.1373 
          75  1 0.1384 0.1494 0.1434 0.1458 0.1350 0.1498 0.1381 
          76  1 0.1401 0.1453 0.1442 0.1433 0.1400 0.1458 0.1414 
          77  1 0.1408 0.1426 0.1424 0.1425 0.1418 0.1430 0.1469 
          78  1 0.1387 0.1479 0.1443 0.1467 0.1346 0.1492 0.1386 
          79  1 0.1429 0.1447 0.1431 0.1450 0.1380 0.1449 0.1415 
          80  1 0.1333 0.1568 0.1405 0.1479 0.1297 0.1588 0.1331 
          81  1 0.1402 0.1462 0.1434 0.1434 0.1401 0.1452 0.1415 
          82  1 0.1433 0.1416 0.1430 0.1421 0.1437 0.1437 0.1426 
          83  1 0.1407 0.1446 0.1438 0.1440 0.1400 0.1458 0.1410 
          84  1 0.1406 0.1450 0.1432 0.1449 0.1400 0.1451 0.1412 
          85  1 0.1378 0.1486 0.1431 0.1463 0.1339 0.1512 0.1390 
          86  1 0.1461 0.1416 0.1437 0.1421 0.1422 0.1404 0.1439 
          87  1 0.1392 0.1445 0.1443 0.1427 0.1416 0.1460 0.1416 
          88  1 0.1432 0.1419 0.1444 0.1426 0.1451 0.1396 0.1433 
          89  1 0.1386 0.1467 0.1430 0.1447 0.1409 0.1466 0.1395 
          90  1 0.1488 0.1384 0.1434 0.1405 0.1477 0.1372 0.1441 
          91  1 0.1474 0.1388 0.1424 0.1406 0.1474 0.1378 0.1456 
          92  1 0.1450 0.1374 0.1441 0.1407 0.1464 0.1373 0.1491 
          93  1 0.1477 0.1360 0.1408 0.1389 0.1523 0.1358 0.1484 
          94  1 0.1438 0.1418 0.1435 0.1434 0.1408 0.1426 0.1440 
          95  1 0.1449 0.1408 0.1442 0.1398 0.1447 0.1403 0.1453 
          96  1 0.1403 0.1486 0.1415 0.1446 0.1383 0.1470 0.1398 
          97  1 0.1477 0.1381 0.1445 0.1401 0.1469 0.1377 0.1451 
          98  1 0.1440 0.1420 0.1424 0.1405 0.1455 0.1422 0.1432 
          99  1 0.1446 0.1384 0.1407 0.1401 0.1502 0.1397 0.1463 
         100  1 0.1468 0.1360 0.1435 0.1407 0.1507 0.1357 0.1466 
         101  1 0.1425 0.1421 0.1432 0.1403 0.1429 0.1419 0.1471 
         102  1 0.1402 0.1459 0.1436 0.1457 0.1382 0.1452 0.1412 
         103  1 0.1459 0.1376 0.1440 0.1414 0.1489 0.1370 0.1453 
         104  1 0.1445 0.1356 0.1414 0.1435 0.1500 0.1360 0.1490 
         105  1 0.1495 0.1375 0.1423 0.1416 0.1506 0.1356 0.1429 
         106  1 0.1423 0.1440 0.1456 0.1412 0.1415 0.1447 0.1409 
         107  1 0.1397 0.1456 0.1420 0.1448 0.1429 0.1442 0.1408 
         108  1 0.1404 0.1421 0.1416 0.1446 0.1453 0.1425 0.1435 
         109  1 0.1483 0.1388 0.1421 0.1411 0.1479 0.1391 0.1427 
         110  1 0.1405 0.1443 0.1418 0.1433 0.1417 0.1449 0.1434 
         111  1 0.1362 0.1495 0.1419 0.1451 0.1365 0.1523 0.1385 
         112  1 0.1445 0.1391 0.1442 0.1416 0.1454 0.1386 0.1466 
         113  1 0.1410 0.1470 0.1419 0.1422 0.1372 0.1475 0.1432 
         114  1 0.1431 0.1384 0.1427 0.1428 0.1482 0.1392 0.1456 
         115  1 0.1395 0.1446 0.1435 0.1437 0.1435 0.1442 0.1411 
         116  1 0.1443 0.1382 0.1412 0.1397 0.1542 0.1364 0.1461 
         117  1 0.1469 0.1385 0.1418 0.1400 0.1487 0.1383 0.1458 
         118  1 0.1407 0.1461 0.1440 0.1446 0.1385 0.1450 0.1410 
         119  1 0.1386 0.1446 0.1430 0.1445 0.1428 0.1461 0.1405 
         120  1 0.1417 0.1415 0.1430 0.1429 0.1461 0.1423 0.1425 
         121  1 0.1446 0.1407 0.1439 0.1413 0.1434 0.1408 0.1453 
         122  1 0.1392 0.1473 0.1427 0.1442 0.1376 0.1477 0.1412 
         123  1 0.1420 0.1446 0.1436 0.1454 0.1381 0.1444 0.1418 
         124  1 0.1472 0.1372 0.1427 0.1380 0.1507 0.1365 0.1477 
         125  1 0.1429 0.1428 0.1449 0.1432 0.1403 0.1442 0.1416 
         126  1 0.1369 0.1503 0.1450 0.1459 0.1333 0.1517 0.1370 
         127  1 0.1438 0.1413 0.1433 0.1411 0.1447 0.1410 0.1447 
         128  1 0.1419 0.1433 0.1443 0.1428 0.1441 0.1419 0.1416 
         129  1 0.1441 0.1395 0.1431 0.1431 0.1459 0.1391 0.1453 
         130  1 0.1425 0.1432 0.1428 0.1438 0.1417 0.1437 0.1422 
         131  1 0.1449 0.1411 0.1439 0.1427 0.1433 0.1403 0.1438 
         132  1 0.1452 0.1402 0.1431 0.1416 0.1476 0.1394 0.1428 
         133  1 0.1486 0.1391 0.1416 0.1425 0.1448 0.1380 0.1454 
         134  1 0.1370 0.1491 0.1418 0.1433 0.1372 0.1509 0.1408 
         135  1 0.1436 0.1440 0.1434 0.1438 0.1395 0.1422 0.1435 
         136  1 0.1434 0.1448 0.1435 0.1422 0.1419 0.1451 0.1390 
         137  1 0.1410 0.1441 0.1442 0.1430 0.1404 0.1461 0.1413 
         138  1 0.1470 0.1386 0.1431 0.1405 0.1474 0.1376 0.1458 
         139  1 0.1497 0.1390 0.1426 0.1383 0.1480 0.1377 0.1448 
         140  1 0.1438 0.1427 0.1428 0.1417 0.1453 0.1414 0.1424 
         141  1 0.1431 0.1446 0.1412 0.1416 0.1441 0.1437 0.1418 
         142  1 0.1457 0.1394 0.1419 0.1415 0.1446 0.1401 0.1469 
         143  1 0.1454 0.1351 0.1410 0.1398 0.1542 0.1345 0.1500 
         144  1 0.1421 0.1452 0.1442 0.1442 0.1380 0.1461 0.1402 
         145  1 0.1471 0.1411 0.1421 0.1414 0.1433 0.1425 0.1426 
         146  1 0.1416 0.1441 0.1423 0.1451 0.1395 0.1447 0.1428 
         147  1 0.1386 0.1477 0.1427 0.1459 0.1368 0.1496 0.1388 
         148  1 0.1375 0.1501 0.1432 0.1458 0.1340 0.1504 0.1390 
         149  1 0.1355 0.1530 0.1440 0.1462 0.1312 0.1529 0.1371 
         150  1 0.1400 0.1462 0.1441 0.1462 0.1381 0.1462 0.1392 
