           1  1 0.1281 0.1247 0.1212 0.1247 0.1291 0.1241 0.1235 0.1247 
           2  1 0.1210 0.1355 0.1282 0.1296 0.1135 0.1291 0.1225 0.1205 
           3  1 0.1224 0.1269 0.1375 0.1283 0.1194 0.1231 0.1221 0.1203 
           4  1 0.1246 0.1240 0.1250 0.1257 0.1265 0.1243 0.1258 0.1241 
           5  1 0.1202 0.1377 0.1297 0.1288 0.1127 0.1262 0.1251 0.1196 
           6  1 0.1243 0.1260 0.1249 0.1254 0.1239 0.1254 0.1243 0.1258 
           7  1 0.1260 0.1218 0.1219 0.1250 0.1283 0.1239 0.1257 0.1274 
           8  1 0.1270 0.1220 0.1198 0.1237 0.1292 0.1254 0.1256 0.1273 
           9  1 0.1211 0.1258 0.1286 0.1285 0.1200 0.1279 0.1259 0.1221 
          10  1 0.1231 0.1245 0.1211 0.1272 0.1258 0.1261 0.1265 0.1256 
          11  1 0.1213 0.1291 0.1348 0.1308 0.1159 0.1242 0.1244 0.1196 
          12  1 0.1237 0.1251 0.1280 0.1232 0.1237 0.1269 0.1265 0.1231 
          13  1 0.1253 0.1231 0.1196 0.1258 0.1260 0.1260 0.1256 0.1286 
          14  1 0.1300 0.1186 0.1163 0.1237 0.1342 0.1220 0.1249 0.1302 
          15  1 0.1278 0.1250 0.1194 0.1224 0.1292 0.1254 0.1244 0.1264 
          16  1 0.1207 0.1269 0.1297 0.1286 0.1162 0.1275 0.1270 0.1233 
          17  1 0.1244 0.1255 0.1385 0.1242 0.1188 0.1230 0.1237 0.1219 
          18  1 0.1269 0.1211 0.1186 0.1217 0.1319 0.1266 0.1257 0.1275 
          19  1 0.1254 0.1244 0.1311 0.1249 0.1217 0.1232 0.1248 0.1246 
          20  1 0.1230 0.1235 0.1226 0.1282 0.1250 0.1275 0.1247 0.1256 
          21  1 0.1231 0.1263 0.1242 0.1281 0.1242 0.1266 0.1238 0.1237 
          22  1 0.1261 0.1253 0.1244 0.1264 0.1252 0.1269 0.1238 0.1219 
          23  1 0.1236 0.1280 0.1272 0.1257 0.1225 0.1251 0.1227 0.1250 
          24  1 0.1243 0.1255 0.1294 0.1291 0.1217 0.1256 0.1224 0.1220 
          25  1 0.1215 0.1333 0.1300 0.1257 0.1161 0.1276 0.1241 0.1216 
          26  1 0.1248 0.1227 0.1228 0.1261 0.1251 0.1247 0.1263 0.1275 
          27  1 0.1231 0.1257 0.1293 0.1244 0.1237 0.1256 0.1247 0.1235 
          28  1 0.1248 0.1238 0.1254 0.1250 0.1246 0.1254 0.1241 0.1269 
          29  1 0.1249 0.1239 0.1261 0.1241 0.1232 0.1258 0.1266 0.1255 
          30  1 0.1239 0.1259 0.1316 0.1264 0.1197 0.1251 0.1242 0.1231 
          31  1 0.1291 0.1195 0.1184 0.1241 0.1328 0.1209 0.1280 0.1273 
          32  1 0.1268 0.1233 0.1376 0.1232 0.1207 0.1226 0.1220 0.1237 
          33  1 0.1242 0.1255 0.1242 0.1265 0.1237 0.1263 0.1243 0.1254 
          34  1 0.1280 0.1258 0.1385 0.1242 0.1189 0.1208 0.1228 0.1211 
          35  1 0.1258 0.1218 0.1265 0.1264 0.1265 0.1233 0.1240 0.1258 
          36  1 0.1243 0.1255 0.1210 0.1278 0.1251 0.1247 0.1261 0.1257 
          37  1 0.1250 0.1256 0.1203 0.1238 0.1270 0.1259 0.1254 0.1270 
          38  1 0.1268 0.1224 0.1233 0.1231 0.1276 0.1240 0.1254 0.1273 
          39  1 0.1255 0.1211 0.1206 0.1219 0.1309 0.1236 0.1277 0.1287 
          40  1 0.1237 0.1295 0.1293 0.1242 0.1188 0.1276 0.1237 0.1233 
          41  1 0.1201 0.1294 0.1291 0.1283 0.1184 0.1290 0.1225 0.1232 
          42  1 0.1290 0.1204 0.1257 0.1216 0.1301 0.1216 0.1259 0.1256 
          43  1 0.1272 0.1251 0.1184 0.1243 0.1292 0.1244 0.1246 0.1268 
          44  1 0.1239 0.1237 0.1277 0.1201 0.1264 0.1264 0.1246 0.1272 
          45  1 0.1278 0.1215 0.1206 0.1247 0.1310 0.1230 0.1248 0.1266 
          46  1 0.1242 0.1282 0.1253 0.1262 0.1224 0.1277 0.1226 0.1233 
          47  1 0.1249 0.1257 0.1216 0.1238 0.1251 0.1263 0.1262 0.1265 
          48  1 0.1199 0.1318 0.1312 0.1271 0.1166 0.1278 0.1255 0.1200 
          49  1 0.1298 0.1180 0.1135 0.1217 0.1388 0.1218 0.1263 0.1301 
          50  1 0.1284 0.1210 0.1193 0.1237 0.1305 0.1246 0.1251 0.1273 
          51  1 0.1261 0.1230 0.1230 0.1216 0.1284 0.1245 0.1256 0.1279 
          52  1 0.1224 0.1292 0.1390 0.1283 0.1154 0.1257 0.1219 0.1182 
          53  1 0.1195 0.1326 0.1302 0.1303 0.1164 0.1276 0.1227 0.1207 
          54  1 0.1247 0.1239 0.1294 0.1237 0.1244 0.1245 0.1246 0.1248 
          55  1 0.1257 0.1299 0.1362 0.1237 0.1169 0.1257 0.1215 0.1205 
          56  1 0.1233 0.1270 0.1235 0.1260 0.1224 0.1265 0.1258 0.1255 
          57  1 0.1298 0.1183 0.1202 0.1245 0.1327 0.1211 0.1261 0.1274 
          58  1 0.1214 0.1329 0.1241 0.1294 0.1205 0.1256 0.1225 0.1235 
          59  1 0.1290 0.1207 0.1173 0.1232 0.1331 0.1235 0.1255 0.1277 
          60  1 0.1275 0.1214 0.1176 0.1234 0.1340 0.1236 0.1251 0.1274 
          61  1 0.1247 0.1245 0.1217 0.1249 0.1258 0.1239 0.1278 0.1267 
          62  1 0.1253 0.1253 0.1263 0.1229 0.1252 0.1286 0.1218 0.1246 
          63  1 0.1267 0.1222 0.1225 0.1247 0.1291 0.1227 0.1252 0.1269 
          64  1 0.1260 0.1246 0.1257 0.1228 0.1273 0.1243 0.1253 0.1240 
          65  1 0.1205 0.1319 0.1346 0.1280 0.1156 0.1262 0.1225 0.1207 
          66  1 0.1269 0.1225 0.1181 0.1224 0.1288 0.1228 0.1293 0.1292 
          67  1 0.1271 0.1217 0.1184 0.1250 0.1307 0.1248 0.1262 0.1263 
          68  1 0.1239 0.1254 0.1300 0.1245 0.1222 0.1260 0.1234 0.1245 
          69  1 0.1253 0.1233 0.1221 0.1243 0.1262 0.1246 0.1271 0.1272 
          70  1 0.1232 0.1284 0.1229 0.1251 0.1247 0.1247 0.1261 0.1250 
          71  1 0.1287 0.1195 0.1221 0.1233 0.1296 0.1219 0.1270 0.1278 
          72  1 0.1252 0.1227 0.1194 0.1239 0.1291 0.1241 0.1276 0.1280 
          73  1 0.1223 0.1279 0.1281 0.1263 0.1203 0.1277 0.1230 0.1243 
          74  1 0.1309 0.1203 0.1207 0.1222 0.1318 0.1183 0.1267 0.1291 
          75  1 0.1271 0.1202 0.1166 0.1222 0.1343 0.1241 0.1256 0.1298 
          76  1 0.1260 0.1229 0.1240 0.1243 0.1269 0.1245 0.1269 0.1245 
          77  1 0.1246 0.1232 0.1248 0.1237 0.1271 0.1241 0.1250 0.1275 
          78  1 0.1294 0.1196 0.1171 0.1237 0.1318 0.1218 0.1281 0.1285 
          79  1 0.1292 0.1252 0.1207 0.1230 0.1270 0.1240 0.1240 0.1270 
          80  1 0.1297 0.1150 0.1139 0.1232 0.1386 0.1222 0.1278 0.1296 
          81  1 0.1264 0.1222 0.1222 0.1232 0.1280 0.1233 0.1261 0.1286 
          82  1 0.1245 0.1210 0.1236 0.1287 0.1248 0.1241 0.1273 0.1259 
          83  1 0.1251 0.1227 0.1206 0.1257 0.1295 0.1242 0.1253 0.1270 
          84  1 0.1250 0.1227 0.1196 0.1255 0.1288 0.1246 0.1272 0.1266 
          85  1 0.1283 0.1213 0.1183 0.1186 0.1329 0.1248 0.1263 0.1297 
          86  1 0.1251 0.1258 0.1246 0.1225 0.1229 0.1262 0.1255 0.1273 
          87  1 0.1265 0.1222 0.1235 0.1243 0.1284 0.1239 0.1258 0.1255 
          88  1 0.1228 0.1238 0.1233 0.1275 0.1244 0.1275 0.1250 0.1258 
          89  1 0.1255 0.1222 0.1212 0.1258 0.1285 0.1248 0.1265 0.1254 
          90  1 0.1246 0.1325 0.1294 0.1232 0.1199 0.1254 0.1241 0.1209 
          91  1 0.1237 0.1280 0.1304 0.1272 0.1182 0.1271 0.1235 0.1219 
          92  1 0.1214 0.1258 0.1286 0.1288 0.1198 0.1256 0.1257 0.1243 
          93  1 0.1223 0.1319 0.1371 0.1254 0.1173 0.1252 0.1206 0.1203 
          94  1 0.1259 0.1239 0.1250 0.1236 0.1265 0.1250 0.1242 0.1258 
          95  1 0.1246 0.1256 0.1294 0.1240 0.1238 0.1258 0.1234 0.1234 
          96  1 0.1258 0.1247 0.1190 0.1258 0.1273 0.1252 0.1247 0.1274 
          97  1 0.1229 0.1267 0.1289 0.1244 0.1238 0.1253 0.1241 0.1240 
          98  1 0.1252 0.1223 0.1295 0.1235 0.1247 0.1246 0.1254 0.1247 
          99  1 0.1246 0.1277 0.1410 0.1230 0.1193 0.1215 0.1221 0.1207 
         100  1 0.1208 0.1307 0.1283 0.1298 0.1176 0.1277 0.1238 0.1214 
         101  1 0.1246 0.1223 0.1269 0.1258 0.1257 0.1245 0.1246 0.1254 
         102  1 0.1266 0.1253 0.1183 0.1244 0.1281 0.1252 0.1254 0.1267 
         103  1 0.1231 0.1287 0.1301 0.1262 0.1203 0.1266 0.1233 0.1218 
         104  1 0.1202 0.1274 0.1283 0.1305 0.1184 0.1295 0.1239 0.1218 
         105  1 0.1199 0.1341 0.1248 0.1276 0.1199 0.1273 0.1245 0.1219 
         106  1 0.1267 0.1229 0.1286 0.1226 0.1249 0.1240 0.1241 0.1263 
         107  1 0.1248 0.1233 0.1219 0.1250 0.1280 0.1248 0.1259 0.1263 
         108  1 0.1243 0.1245 0.1256 0.1252 0.1235 0.1257 0.1258 0.1254 
         109  1 0.1200 0.1332 0.1252 0.1275 0.1195 0.1273 0.1232 0.1242 
         110  1 0.1262 0.1262 0.1275 0.1234 0.1251 0.1219 0.1266 0.1232 
         111  1 0.1272 0.1195 0.1170 0.1269 0.1326 0.1234 0.1268 0.1265 
         112  1 0.1248 0.1271 0.1244 0.1264 0.1228 0.1251 0.1244 0.1250 
         113  1 0.1272 0.1199 0.1220 0.1241 0.1300 0.1228 0.1266 0.1273 
         114  1 0.1235 0.1250 0.1277 0.1321 0.1204 0.1247 0.1248 0.1218 
         115  1 0.1273 0.1241 0.1212 0.1249 0.1271 0.1252 0.1260 0.1242 
         116  1 0.1239 0.1271 0.1359 0.1285 0.1183 0.1225 0.1237 0.1201 
         117  1 0.1261 0.1254 0.1411 0.1240 0.1177 0.1223 0.1222 0.1213 
         118  1 0.1243 0.1241 0.1222 0.1248 0.1262 0.1256 0.1260 0.1269 
         119  1 0.1267 0.1199 0.1243 0.1237 0.1277 0.1252 0.1259 0.1266 
         120  1 0.1241 0.1235 0.1269 0.1288 0.1215 0.1232 0.1264 0.1256 
         121  1 0.1249 0.1258 0.1253 0.1249 0.1219 0.1271 0.1260 0.1240 
         122  1 0.1277 0.1221 0.1222 0.1242 0.1285 0.1240 0.1265 0.1248 
         123  1 0.1249 0.1230 0.1181 0.1228 0.1296 0.1259 0.1263 0.1293 
         124  1 0.1230 0.1287 0.1347 0.1264 0.1187 0.1235 0.1244 0.1207 
         125  1 0.1257 0.1233 0.1225 0.1240 0.1288 0.1242 0.1265 0.1251 
         126  1 0.1296 0.1200 0.1186 0.1228 0.1334 0.1222 0.1260 0.1273 
         127  1 0.1270 0.1233 0.1379 0.1244 0.1200 0.1224 0.1239 0.1211 
         128  1 0.1258 0.1237 0.1251 0.1259 0.1239 0.1235 0.1266 0.1254 
         129  1 0.1217 0.1262 0.1284 0.1302 0.1207 0.1267 0.1245 0.1216 
         130  1 0.1249 0.1223 0.1260 0.1235 0.1279 0.1266 0.1246 0.1242 
         131  1 0.1225 0.1276 0.1245 0.1246 0.1242 0.1284 0.1231 0.1250 
         132  1 0.1232 0.1257 0.1237 0.1282 0.1228 0.1269 0.1248 0.1247 
         133  1 0.1222 0.1310 0.1240 0.1284 0.1200 0.1260 0.1258 0.1226 
         134  1 0.1275 0.1208 0.1212 0.1237 0.1302 0.1227 0.1266 0.1272 
         135  1 0.1256 0.1233 0.1195 0.1239 0.1268 0.1236 0.1278 0.1294 
         136  1 0.1257 0.1276 0.1250 0.1234 0.1253 0.1256 0.1241 0.1233 
         137  1 0.1271 0.1245 0.1238 0.1234 0.1258 0.1220 0.1275 0.1259 
         138  1 0.1245 0.1283 0.1280 0.1255 0.1211 0.1265 0.1216 0.1245 
         139  1 0.1231 0.1292 0.1268 0.1258 0.1193 0.1265 0.1253 0.1241 
         140  1 0.1238 0.1276 0.1232 0.1258 0.1255 0.1249 0.1239 0.1254 
         141  1 0.1273 0.1219 0.1293 0.1243 0.1272 0.1216 0.1236 0.1248 
         142  1 0.1228 0.1260 0.1301 0.1247 0.1239 0.1247 0.1243 0.1235 
         143  1 0.1189 0.1273 0.1297 0.1351 0.1165 0.1261 0.1254 0.1211 
         144  1 0.1270 0.1241 0.1199 0.1245 0.1288 0.1250 0.1244 0.1263 
         145  1 0.1258 0.1278 0.1235 0.1259 0.1223 0.1253 0.1258 0.1235 
         146  1 0.1247 0.1293 0.1213 0.1259 0.1239 0.1256 0.1245 0.1247 
         147  1 0.1281 0.1205 0.1184 0.1218 0.1332 0.1248 0.1245 0.1288 
         148  1 0.1282 0.1197 0.1154 0.1226 0.1319 0.1241 0.1285 0.1295 
         149  1 0.1284 0.1187 0.1166 0.1229 0.1346 0.1220 0.1277 0.1290 
         150  1 0.1274 0.1227 0.1194 0.1246 0.1293 0.1237 0.1265 0.1264 
