           1  1 0.1215 0.1269 0.1271 0.1236 0.1243 0.1235 0.1248 0.1282 
           2  1 0.1279 0.1205 0.1189 0.1355 0.1237 0.1224 0.1300 0.1212 
           3  1 0.1354 0.1221 0.1211 0.1224 0.1260 0.1256 0.1250 0.1224 
           4  1 0.1281 0.1241 0.1237 0.1217 0.1245 0.1275 0.1244 0.1260 
           5  1 0.1249 0.1204 0.1196 0.1376 0.1241 0.1205 0.1316 0.1213 
           6  1 0.1229 0.1262 0.1248 0.1268 0.1235 0.1254 0.1243 0.1260 
           7  1 0.1212 0.1253 0.1273 0.1245 0.1254 0.1251 0.1241 0.1270 
           8  1 0.1227 0.1266 0.1274 0.1202 0.1255 0.1256 0.1254 0.1266 
           9  1 0.1267 0.1230 0.1242 0.1270 0.1261 0.1220 0.1278 0.1231 
          10  1 0.1254 0.1235 0.1249 0.1256 0.1267 0.1241 0.1254 0.1243 
          11  1 0.1303 0.1208 0.1211 0.1311 0.1236 0.1236 0.1257 0.1238 
          12  1 0.1263 0.1230 0.1237 0.1273 0.1244 0.1242 0.1265 0.1246 
          13  1 0.1252 0.1264 0.1252 0.1231 0.1257 0.1256 0.1244 0.1244 
          14  1 0.1179 0.1315 0.1297 0.1204 0.1245 0.1259 0.1215 0.1288 
          15  1 0.1222 0.1283 0.1270 0.1225 0.1230 0.1272 0.1234 0.1264 
          16  1 0.1291 0.1222 0.1210 0.1294 0.1255 0.1239 0.1268 0.1221 
          17  1 0.1330 0.1204 0.1203 0.1273 0.1252 0.1256 0.1244 0.1239 
          18  1 0.1201 0.1284 0.1292 0.1230 0.1248 0.1257 0.1218 0.1270 
          19  1 0.1286 0.1246 0.1246 0.1240 0.1241 0.1255 0.1230 0.1256 
          20  1 0.1268 0.1237 0.1251 0.1233 0.1240 0.1259 0.1263 0.1248 
          21  1 0.1274 0.1229 0.1230 0.1247 0.1263 0.1244 0.1257 0.1255 
          22  1 0.1257 0.1254 0.1234 0.1261 0.1244 0.1259 0.1253 0.1237 
          23  1 0.1268 0.1238 0.1235 0.1267 0.1253 0.1246 0.1268 0.1224 
          24  1 0.1302 0.1217 0.1228 0.1233 0.1264 0.1231 0.1278 0.1246 
          25  1 0.1262 0.1210 0.1219 0.1332 0.1239 0.1224 0.1288 0.1226 
          26  1 0.1211 0.1272 0.1265 0.1254 0.1258 0.1244 0.1253 0.1243 
          27  1 0.1266 0.1227 0.1237 0.1271 0.1259 0.1249 0.1260 0.1231 
          28  1 0.1298 0.1235 0.1225 0.1213 0.1262 0.1255 0.1269 0.1245 
          29  1 0.1237 0.1235 0.1242 0.1289 0.1242 0.1249 0.1269 0.1238 
          30  1 0.1289 0.1228 0.1228 0.1264 0.1254 0.1238 0.1268 0.1231 
          31  1 0.1193 0.1283 0.1288 0.1214 0.1255 0.1246 0.1249 0.1273 
          32  1 0.1313 0.1253 0.1236 0.1223 0.1248 0.1254 0.1225 0.1248 
          33  1 0.1262 0.1244 0.1238 0.1246 0.1261 0.1259 0.1257 0.1233 
          34  1 0.1271 0.1231 0.1238 0.1279 0.1266 0.1234 0.1236 0.1245 
          35  1 0.1276 0.1240 0.1246 0.1235 0.1253 0.1248 0.1248 0.1254 
          36  1 0.1234 0.1257 0.1253 0.1263 0.1259 0.1245 0.1243 0.1246 
          37  1 0.1229 0.1252 0.1259 0.1237 0.1262 0.1250 0.1254 0.1256 
          38  1 0.1245 0.1258 0.1254 0.1247 0.1248 0.1245 0.1256 0.1248 
          39  1 0.1193 0.1280 0.1279 0.1246 0.1231 0.1250 0.1236 0.1284 
          40  1 0.1317 0.1226 0.1212 0.1245 0.1236 0.1269 0.1263 0.1233 
          41  1 0.1325 0.1213 0.1204 0.1271 0.1247 0.1258 0.1265 0.1217 
          42  1 0.1223 0.1286 0.1287 0.1205 0.1250 0.1260 0.1214 0.1275 
          43  1 0.1234 0.1260 0.1262 0.1230 0.1246 0.1253 0.1254 0.1261 
          44  1 0.1258 0.1246 0.1256 0.1206 0.1255 0.1286 0.1237 0.1257 
          45  1 0.1230 0.1287 0.1269 0.1209 0.1251 0.1252 0.1238 0.1264 
          46  1 0.1276 0.1228 0.1231 0.1237 0.1260 0.1279 0.1255 0.1234 
          47  1 0.1246 0.1241 0.1250 0.1246 0.1246 0.1244 0.1275 0.1251 
          48  1 0.1284 0.1197 0.1202 0.1339 0.1251 0.1231 0.1294 0.1202 
          49  1 0.1151 0.1321 0.1310 0.1208 0.1240 0.1273 0.1201 0.1295 
          50  1 0.1194 0.1284 0.1281 0.1238 0.1250 0.1252 0.1231 0.1269 
          51  1 0.1219 0.1267 0.1277 0.1230 0.1254 0.1246 0.1241 0.1266 
          52  1 0.1366 0.1201 0.1199 0.1268 0.1252 0.1251 0.1252 0.1212 
          53  1 0.1348 0.1205 0.1193 0.1265 0.1255 0.1248 0.1279 0.1207 
          54  1 0.1296 0.1220 0.1232 0.1222 0.1255 0.1264 0.1256 0.1255 
          55  1 0.1284 0.1208 0.1216 0.1316 0.1252 0.1238 0.1273 0.1214 
          56  1 0.1248 0.1244 0.1254 0.1282 0.1246 0.1217 0.1256 0.1253 
          57  1 0.1213 0.1303 0.1267 0.1210 0.1250 0.1260 0.1220 0.1276 
          58  1 0.1254 0.1233 0.1234 0.1328 0.1234 0.1225 0.1276 0.1217 
          59  1 0.1198 0.1301 0.1279 0.1214 0.1244 0.1267 0.1222 0.1274 
          60  1 0.1173 0.1295 0.1281 0.1221 0.1249 0.1261 0.1230 0.1290 
          61  1 0.1199 0.1259 0.1266 0.1262 0.1256 0.1244 0.1257 0.1257 
          62  1 0.1272 0.1248 0.1248 0.1226 0.1248 0.1297 0.1229 0.1232 
          63  1 0.1224 0.1269 0.1275 0.1211 0.1266 0.1251 0.1241 0.1262 
          64  1 0.1258 0.1254 0.1237 0.1240 0.1253 0.1261 0.1252 0.1245 
          65  1 0.1328 0.1205 0.1202 0.1304 0.1239 0.1244 0.1260 0.1217 
          66  1 0.1180 0.1288 0.1273 0.1241 0.1252 0.1240 0.1265 0.1261 
          67  1 0.1195 0.1275 0.1279 0.1234 0.1238 0.1242 0.1266 0.1271 
          68  1 0.1276 0.1240 0.1242 0.1245 0.1253 0.1253 0.1264 0.1227 
          69  1 0.1229 0.1265 0.1250 0.1261 0.1245 0.1242 0.1249 0.1260 
          70  1 0.1228 0.1251 0.1253 0.1255 0.1249 0.1257 0.1249 0.1259 
          71  1 0.1197 0.1275 0.1268 0.1242 0.1264 0.1240 0.1251 0.1263 
          72  1 0.1242 0.1261 0.1275 0.1218 0.1259 0.1256 0.1222 0.1267 
          73  1 0.1315 0.1221 0.1221 0.1260 0.1249 0.1265 0.1258 0.1212 
          74  1 0.1195 0.1294 0.1291 0.1203 0.1257 0.1257 0.1216 0.1288 
          75  1 0.1203 0.1280 0.1295 0.1223 0.1239 0.1258 0.1227 0.1275 
          76  1 0.1198 0.1274 0.1279 0.1250 0.1265 0.1244 0.1230 0.1259 
          77  1 0.1245 0.1266 0.1258 0.1233 0.1263 0.1257 0.1228 0.1249 
          78  1 0.1188 0.1288 0.1293 0.1212 0.1257 0.1243 0.1239 0.1280 
          79  1 0.1222 0.1270 0.1256 0.1238 0.1251 0.1257 0.1235 0.1271 
          80  1 0.1173 0.1309 0.1303 0.1182 0.1246 0.1293 0.1193 0.1301 
          81  1 0.1210 0.1273 0.1273 0.1233 0.1253 0.1250 0.1243 0.1265 
          82  1 0.1268 0.1250 0.1237 0.1236 0.1276 0.1240 0.1248 0.1247 
          83  1 0.1246 0.1276 0.1268 0.1217 0.1245 0.1262 0.1228 0.1259 
          84  1 0.1226 0.1248 0.1272 0.1235 0.1242 0.1264 0.1246 0.1267 
          85  1 0.1200 0.1282 0.1286 0.1203 0.1253 0.1277 0.1225 0.1273 
          86  1 0.1239 0.1239 0.1235 0.1294 0.1238 0.1233 0.1301 0.1222 
          87  1 0.1226 0.1275 0.1275 0.1225 0.1253 0.1253 0.1230 0.1263 
          88  1 0.1257 0.1240 0.1235 0.1239 0.1274 0.1235 0.1272 0.1249 
          89  1 0.1238 0.1268 0.1272 0.1220 0.1258 0.1251 0.1239 0.1255 
          90  1 0.1259 0.1218 0.1217 0.1301 0.1240 0.1243 0.1287 0.1234 
          91  1 0.1261 0.1220 0.1226 0.1320 0.1249 0.1223 0.1276 0.1225 
          92  1 0.1298 0.1223 0.1208 0.1267 0.1257 0.1254 0.1264 0.1228 
          93  1 0.1343 0.1214 0.1214 0.1254 0.1249 0.1271 0.1237 0.1218 
          94  1 0.1250 0.1248 0.1229 0.1251 0.1254 0.1266 0.1250 0.1251 
          95  1 0.1258 0.1224 0.1247 0.1266 0.1250 0.1255 0.1267 0.1231 
          96  1 0.1214 0.1277 0.1273 0.1242 0.1245 0.1249 0.1235 0.1265 
          97  1 0.1266 0.1238 0.1236 0.1286 0.1247 0.1234 0.1266 0.1227 
          98  1 0.1271 0.1238 0.1240 0.1251 0.1241 0.1261 0.1253 0.1245 
          99  1 0.1341 0.1216 0.1237 0.1229 0.1248 0.1272 0.1223 0.1234 
         100  1 0.1305 0.1204 0.1210 0.1271 0.1247 0.1254 0.1280 0.1228 
         101  1 0.1262 0.1247 0.1247 0.1235 0.1270 0.1238 0.1266 0.1235 
         102  1 0.1214 0.1275 0.1285 0.1248 0.1242 0.1250 0.1230 0.1257 
         103  1 0.1292 0.1213 0.1230 0.1269 0.1236 0.1247 0.1281 0.1232 
         104  1 0.1323 0.1215 0.1210 0.1237 0.1252 0.1271 0.1247 0.1244 
         105  1 0.1264 0.1225 0.1223 0.1331 0.1227 0.1219 0.1289 0.1223 
         106  1 0.1238 0.1266 0.1260 0.1264 0.1257 0.1236 0.1233 0.1247 
         107  1 0.1218 0.1270 0.1277 0.1231 0.1261 0.1253 0.1233 0.1256 
         108  1 0.1280 0.1245 0.1246 0.1212 0.1254 0.1276 0.1237 0.1251 
         109  1 0.1257 0.1243 0.1221 0.1330 0.1234 0.1216 0.1270 0.1228 
         110  1 0.1256 0.1258 0.1257 0.1233 0.1247 0.1263 0.1237 0.1251 
         111  1 0.1218 0.1285 0.1290 0.1197 0.1247 0.1264 0.1221 0.1278 
         112  1 0.1300 0.1230 0.1228 0.1226 0.1256 0.1263 0.1246 0.1250 
         113  1 0.1251 0.1268 0.1253 0.1228 0.1252 0.1256 0.1238 0.1254 
         114  1 0.1310 0.1235 0.1227 0.1222 0.1245 0.1259 0.1252 0.1250 
         115  1 0.1238 0.1258 0.1255 0.1233 0.1260 0.1245 0.1243 0.1268 
         116  1 0.1347 0.1215 0.1207 0.1234 0.1262 0.1248 0.1244 0.1244 
         117  1 0.1311 0.1235 0.1228 0.1249 0.1248 0.1262 0.1239 0.1227 
         118  1 0.1207 0.1267 0.1277 0.1257 0.1240 0.1249 0.1253 0.1250 
         119  1 0.1249 0.1257 0.1254 0.1200 0.1269 0.1250 0.1250 0.1271 
         120  1 0.1255 0.1246 0.1234 0.1243 0.1264 0.1246 0.1264 0.1247 
         121  1 0.1228 0.1251 0.1240 0.1289 0.1246 0.1239 0.1276 0.1231 
         122  1 0.1229 0.1265 0.1275 0.1221 0.1252 0.1251 0.1230 0.1278 
         123  1 0.1221 0.1270 0.1260 0.1218 0.1253 0.1271 0.1243 0.1265 
         124  1 0.1298 0.1221 0.1215 0.1297 0.1240 0.1254 0.1257 0.1218 
         125  1 0.1242 0.1270 0.1268 0.1238 0.1235 0.1260 0.1244 0.1244 
         126  1 0.1201 0.1288 0.1294 0.1213 0.1236 0.1263 0.1219 0.1285 
         127  1 0.1305 0.1238 0.1240 0.1267 0.1241 0.1236 0.1232 0.1241 
         128  1 0.1241 0.1253 0.1252 0.1247 0.1252 0.1251 0.1253 0.1253 
         129  1 0.1282 0.1224 0.1232 0.1259 0.1249 0.1257 0.1258 0.1239 
         130  1 0.1250 0.1262 0.1258 0.1228 0.1253 0.1248 0.1243 0.1258 
         131  1 0.1225 0.1242 0.1244 0.1299 0.1243 0.1249 0.1267 0.1230 
         132  1 0.1248 0.1230 0.1232 0.1273 0.1266 0.1232 0.1269 0.1249 
         133  1 0.1270 0.1239 0.1228 0.1288 0.1238 0.1225 0.1281 0.1232 
         134  1 0.1222 0.1289 0.1291 0.1210 0.1244 0.1273 0.1193 0.1278 
         135  1 0.1236 0.1250 0.1249 0.1277 0.1232 0.1255 0.1245 0.1256 
         136  1 0.1214 0.1252 0.1251 0.1278 0.1249 0.1240 0.1261 0.1254 
         137  1 0.1212 0.1259 0.1270 0.1254 0.1261 0.1234 0.1267 0.1243 
         138  1 0.1308 0.1214 0.1225 0.1262 0.1250 0.1246 0.1262 0.1235 
         139  1 0.1241 0.1224 0.1221 0.1326 0.1237 0.1223 0.1297 0.1232 
         140  1 0.1246 0.1245 0.1252 0.1258 0.1257 0.1233 0.1258 0.1251 
         141  1 0.1243 0.1256 0.1256 0.1249 0.1263 0.1240 0.1242 0.1253 
         142  1 0.1293 0.1225 0.1236 0.1245 0.1257 0.1255 0.1245 0.1245 
         143  1 0.1325 0.1209 0.1209 0.1258 0.1260 0.1249 0.1255 0.1235 
         144  1 0.1220 0.1265 0.1258 0.1270 0.1244 0.1238 0.1261 0.1244 
         145  1 0.1226 0.1245 0.1224 0.1308 0.1243 0.1224 0.1284 0.1247 
         146  1 0.1242 0.1248 0.1250 0.1267 0.1224 0.1266 0.1227 0.1275 
         147  1 0.1217 0.1277 0.1292 0.1195 0.1251 0.1274 0.1232 0.1262 
         148  1 0.1192 0.1292 0.1290 0.1205 0.1265 0.1241 0.1240 0.1274 
         149  1 0.1161 0.1292 0.1306 0.1228 0.1245 0.1256 0.1213 0.1299 
         150  1 0.1228 0.1277 0.1271 0.1222 0.1244 0.1264 0.1235 0.1258 
