           1  1 0.1115 0.1104 0.1125 0.1086 0.1147 0.1126 0.1098 0.1057 0.1142 
           2  1 0.1076 0.1236 0.1081 0.1147 0.1136 0.1066 0.1160 0.1055 0.1042 
           3  1 0.1056 0.1091 0.1069 0.1154 0.1104 0.1046 0.1151 0.1281 0.1049 
           4  1 0.1109 0.1074 0.1094 0.1127 0.1112 0.1085 0.1117 0.1173 0.1110 
           5  1 0.1045 0.1308 0.1086 0.1139 0.1096 0.1069 0.1145 0.1077 0.1035 
           6  1 0.1115 0.1142 0.1099 0.1109 0.1115 0.1112 0.1068 0.1109 0.1130 
           7  1 0.1136 0.1090 0.1134 0.1083 0.1115 0.1126 0.1106 0.1089 0.1120 
           8  1 0.1121 0.1073 0.1142 0.1090 0.1119 0.1118 0.1099 0.1091 0.1146 
           9  1 0.1099 0.1163 0.1112 0.1122 0.1088 0.1092 0.1141 0.1119 0.1064 
          10  1 0.1116 0.1117 0.1119 0.1106 0.1122 0.1123 0.1111 0.1084 0.1103 
          11  1 0.1051 0.1188 0.1090 0.1126 0.1082 0.1068 0.1170 0.1173 0.1053 
          12  1 0.1115 0.1153 0.1097 0.1112 0.1096 0.1106 0.1122 0.1091 0.1107 
          13  1 0.1154 0.1098 0.1107 0.1103 0.1138 0.1121 0.1094 0.1066 0.1119 
          14  1 0.1153 0.1055 0.1134 0.1063 0.1104 0.1179 0.1060 0.1052 0.1201 
          15  1 0.1139 0.1067 0.1106 0.1148 0.1150 0.1134 0.1052 0.1063 0.1142 
          16  1 0.1079 0.1165 0.1120 0.1118 0.1071 0.1086 0.1185 0.1125 0.1051 
          17  1 0.1059 0.1112 0.1095 0.1148 0.1069 0.1060 0.1143 0.1267 0.1046 
          18  1 0.1145 0.1066 0.1117 0.1096 0.1123 0.1161 0.1071 0.1048 0.1173 
          19  1 0.1093 0.1094 0.1107 0.1111 0.1103 0.1092 0.1114 0.1190 0.1096 
          20  1 0.1111 0.1087 0.1104 0.1142 0.1112 0.1096 0.1127 0.1109 0.1112 
          21  1 0.1069 0.1081 0.1127 0.1121 0.1118 0.1090 0.1159 0.1158 0.1076 
          22  1 0.1115 0.1122 0.1106 0.1132 0.1131 0.1101 0.1103 0.1078 0.1112 
          23  1 0.1112 0.1152 0.1086 0.1131 0.1124 0.1085 0.1101 0.1107 0.1103 
          24  1 0.1084 0.1106 0.1114 0.1120 0.1111 0.1051 0.1195 0.1160 0.1060 
          25  1 0.1068 0.1241 0.1110 0.1145 0.1124 0.1075 0.1125 0.1059 0.1053 
          26  1 0.1124 0.1093 0.1119 0.1117 0.1124 0.1123 0.1108 0.1061 0.1130 
          27  1 0.1097 0.1134 0.1093 0.1131 0.1113 0.1105 0.1108 0.1127 0.1091 
          28  1 0.1088 0.1108 0.1098 0.1137 0.1112 0.1090 0.1117 0.1141 0.1110 
          29  1 0.1113 0.1130 0.1109 0.1130 0.1111 0.1105 0.1130 0.1085 0.1088 
          30  1 0.1086 0.1119 0.1105 0.1101 0.1102 0.1065 0.1178 0.1176 0.1067 
          31  1 0.1114 0.1080 0.1137 0.1052 0.1112 0.1149 0.1075 0.1097 0.1185 
          32  1 0.1063 0.1096 0.1070 0.1110 0.1070 0.1086 0.1123 0.1296 0.1085 
          33  1 0.1102 0.1107 0.1100 0.1127 0.1118 0.1110 0.1106 0.1126 0.1105 
          34  1 0.1087 0.1134 0.1094 0.1118 0.1072 0.1089 0.1140 0.1199 0.1066 
          35  1 0.1122 0.1089 0.1102 0.1109 0.1106 0.1102 0.1101 0.1148 0.1121 
          36  1 0.1123 0.1137 0.1127 0.1117 0.1106 0.1113 0.1096 0.1052 0.1130 
          37  1 0.1138 0.1105 0.1129 0.1085 0.1133 0.1127 0.1085 0.1070 0.1127 
          38  1 0.1119 0.1101 0.1117 0.1103 0.1122 0.1118 0.1119 0.1082 0.1119 
          39  1 0.1137 0.1109 0.1124 0.1072 0.1105 0.1154 0.1068 0.1058 0.1173 
          40  1 0.1079 0.1111 0.1078 0.1177 0.1130 0.1086 0.1128 0.1147 0.1063 
          41  1 0.1081 0.1133 0.1107 0.1170 0.1121 0.1059 0.1139 0.1128 0.1061 
          42  1 0.1112 0.1071 0.1129 0.1088 0.1103 0.1132 0.1086 0.1138 0.1140 
          43  1 0.1107 0.1085 0.1125 0.1098 0.1141 0.1106 0.1106 0.1093 0.1139 
          44  1 0.1135 0.1053 0.1101 0.1176 0.1109 0.1102 0.1100 0.1112 0.1112 
          45  1 0.1115 0.1082 0.1135 0.1088 0.1094 0.1122 0.1073 0.1116 0.1176 
          46  1 0.1096 0.1115 0.1111 0.1144 0.1130 0.1080 0.1127 0.1112 0.1084 
          47  1 0.1128 0.1085 0.1121 0.1107 0.1130 0.1132 0.1117 0.1070 0.1110 
          48  1 0.1077 0.1190 0.1092 0.1136 0.1094 0.1052 0.1194 0.1124 0.1041 
          49  1 0.1156 0.1057 0.1134 0.1034 0.1133 0.1170 0.1049 0.1052 0.1217 
          50  1 0.1131 0.1099 0.1131 0.1081 0.1125 0.1166 0.1053 0.1056 0.1159 
          51  1 0.1117 0.1111 0.1117 0.1086 0.1116 0.1129 0.1095 0.1092 0.1138 
          52  1 0.1070 0.1096 0.1075 0.1183 0.1082 0.1045 0.1130 0.1280 0.1039 
          53  1 0.1063 0.1127 0.1088 0.1175 0.1089 0.1059 0.1189 0.1166 0.1044 
          54  1 0.1095 0.1083 0.1105 0.1126 0.1109 0.1090 0.1120 0.1177 0.1096 
          55  1 0.1082 0.1193 0.1076 0.1148 0.1109 0.1081 0.1155 0.1115 0.1042 
          56  1 0.1117 0.1139 0.1102 0.1115 0.1110 0.1119 0.1141 0.1057 0.1100 
          57  1 0.1127 0.1062 0.1130 0.1067 0.1106 0.1131 0.1066 0.1136 0.1178 
          58  1 0.1082 0.1196 0.1116 0.1123 0.1114 0.1089 0.1128 0.1074 0.1078 
          59  1 0.1130 0.1070 0.1115 0.1100 0.1119 0.1131 0.1073 0.1075 0.1187 
          60  1 0.1146 0.1100 0.1126 0.1086 0.1112 0.1149 0.1059 0.1048 0.1174 
          61  1 0.1123 0.1147 0.1130 0.1092 0.1111 0.1134 0.1060 0.1062 0.1140 
          62  1 0.1119 0.1085 0.1097 0.1148 0.1115 0.1094 0.1100 0.1134 0.1108 
          63  1 0.1105 0.1069 0.1124 0.1101 0.1122 0.1133 0.1081 0.1119 0.1147 
          64  1 0.1114 0.1108 0.1102 0.1114 0.1100 0.1140 0.1084 0.1120 0.1119 
          65  1 0.1076 0.1163 0.1100 0.1151 0.1070 0.1081 0.1163 0.1151 0.1045 
          66  1 0.1125 0.1121 0.1134 0.1064 0.1107 0.1149 0.1079 0.1047 0.1174 
          67  1 0.1122 0.1124 0.1145 0.1067 0.1104 0.1135 0.1067 0.1070 0.1165 
          68  1 0.1097 0.1114 0.1099 0.1124 0.1104 0.1089 0.1117 0.1163 0.1092 
          69  1 0.1113 0.1130 0.1131 0.1093 0.1116 0.1142 0.1079 0.1057 0.1139 
          70  1 0.1106 0.1151 0.1103 0.1090 0.1087 0.1129 0.1109 0.1109 0.1116 
          71  1 0.1139 0.1107 0.1132 0.1078 0.1093 0.1146 0.1087 0.1057 0.1161 
          72  1 0.1116 0.1072 0.1131 0.1104 0.1120 0.1119 0.1109 0.1089 0.1140 
          73  1 0.1096 0.1094 0.1115 0.1139 0.1111 0.1070 0.1140 0.1163 0.1073 
          74  1 0.1149 0.1069 0.1127 0.1056 0.1133 0.1165 0.1058 0.1076 0.1168 
          75  1 0.1159 0.1061 0.1137 0.1076 0.1130 0.1150 0.1063 0.1047 0.1177 
          76  1 0.1134 0.1100 0.1109 0.1130 0.1106 0.1126 0.1088 0.1070 0.1138 
          77  1 0.1099 0.1089 0.1108 0.1143 0.1109 0.1118 0.1086 0.1120 0.1128 
          78  1 0.1169 0.1075 0.1145 0.1058 0.1123 0.1138 0.1078 0.1058 0.1156 
          79  1 0.1122 0.1078 0.1128 0.1100 0.1132 0.1123 0.1099 0.1089 0.1130 
          80  1 0.1148 0.1042 0.1144 0.1045 0.1104 0.1170 0.1027 0.1067 0.1253 
          81  1 0.1133 0.1089 0.1135 0.1094 0.1106 0.1154 0.1076 0.1079 0.1134 
          82  1 0.1100 0.1082 0.1120 0.1123 0.1093 0.1101 0.1141 0.1127 0.1114 
          83  1 0.1112 0.1067 0.1121 0.1091 0.1127 0.1140 0.1102 0.1103 0.1137 
          84  1 0.1144 0.1088 0.1115 0.1080 0.1112 0.1134 0.1100 0.1080 0.1147 
          85  1 0.1156 0.1081 0.1122 0.1075 0.1129 0.1137 0.1049 0.1065 0.1186 
          86  1 0.1111 0.1129 0.1097 0.1140 0.1132 0.1106 0.1104 0.1075 0.1106 
          87  1 0.1122 0.1083 0.1113 0.1118 0.1107 0.1129 0.1090 0.1112 0.1126 
          88  1 0.1122 0.1108 0.1124 0.1086 0.1135 0.1117 0.1114 0.1079 0.1116 
          89  1 0.1104 0.1079 0.1114 0.1080 0.1122 0.1124 0.1115 0.1125 0.1136 
          90  1 0.1101 0.1172 0.1094 0.1126 0.1116 0.1087 0.1118 0.1109 0.1076 
          91  1 0.1082 0.1173 0.1093 0.1136 0.1103 0.1100 0.1142 0.1100 0.1072 
          92  1 0.1082 0.1119 0.1097 0.1143 0.1112 0.1096 0.1138 0.1148 0.1064 
          93  1 0.1067 0.1114 0.1067 0.1167 0.1110 0.1058 0.1126 0.1250 0.1041 
          94  1 0.1109 0.1100 0.1101 0.1150 0.1112 0.1104 0.1086 0.1133 0.1104 
          95  1 0.1104 0.1123 0.1112 0.1166 0.1095 0.1084 0.1096 0.1133 0.1087 
          96  1 0.1137 0.1118 0.1134 0.1070 0.1119 0.1149 0.1075 0.1043 0.1154 
          97  1 0.1084 0.1143 0.1094 0.1129 0.1121 0.1096 0.1143 0.1098 0.1091 
          98  1 0.1095 0.1096 0.1110 0.1106 0.1091 0.1100 0.1119 0.1166 0.1118 
          99  1 0.1061 0.1091 0.1077 0.1134 0.1100 0.1068 0.1116 0.1284 0.1069 
         100  1 0.1076 0.1144 0.1112 0.1144 0.1111 0.1068 0.1161 0.1127 0.1058 
         101  1 0.1107 0.1088 0.1125 0.1124 0.1093 0.1115 0.1124 0.1123 0.1101 
         102  1 0.1146 0.1094 0.1119 0.1075 0.1134 0.1158 0.1073 0.1031 0.1170 
         103  1 0.1075 0.1136 0.1107 0.1154 0.1117 0.1068 0.1150 0.1126 0.1068 
         104  1 0.1079 0.1098 0.1134 0.1167 0.1087 0.1055 0.1183 0.1141 0.1056 
         105  1 0.1099 0.1238 0.1093 0.1102 0.1120 0.1116 0.1120 0.1035 0.1078 
         106  1 0.1119 0.1121 0.1102 0.1091 0.1127 0.1120 0.1104 0.1116 0.1100 
         107  1 0.1121 0.1103 0.1107 0.1080 0.1128 0.1127 0.1117 0.1086 0.1131 
         108  1 0.1105 0.1089 0.1099 0.1116 0.1104 0.1120 0.1108 0.1159 0.1101 
         109  1 0.1110 0.1190 0.1108 0.1118 0.1112 0.1116 0.1124 0.1041 0.1082 
         110  1 0.1098 0.1093 0.1112 0.1112 0.1095 0.1098 0.1090 0.1179 0.1123 
         111  1 0.1151 0.1070 0.1121 0.1072 0.1113 0.1140 0.1082 0.1067 0.1184 
         112  1 0.1088 0.1066 0.1124 0.1126 0.1113 0.1091 0.1148 0.1173 0.1070 
         113  1 0.1119 0.1098 0.1137 0.1079 0.1097 0.1133 0.1076 0.1087 0.1175 
         114  1 0.1085 0.1077 0.1106 0.1111 0.1111 0.1063 0.1177 0.1205 0.1066 
         115  1 0.1119 0.1094 0.1131 0.1074 0.1125 0.1127 0.1103 0.1099 0.1128 
         116  1 0.1062 0.1085 0.1087 0.1115 0.1087 0.1059 0.1169 0.1301 0.1036 
         117  1 0.1053 0.1103 0.1069 0.1141 0.1078 0.1061 0.1128 0.1320 0.1046 
         118  1 0.1137 0.1118 0.1137 0.1092 0.1123 0.1135 0.1085 0.1034 0.1139 
         119  1 0.1117 0.1085 0.1115 0.1099 0.1098 0.1109 0.1093 0.1147 0.1137 
         120  1 0.1093 0.1109 0.1118 0.1091 0.1115 0.1096 0.1151 0.1132 0.1095 
         121  1 0.1105 0.1139 0.1111 0.1142 0.1112 0.1111 0.1104 0.1073 0.1104 
         122  1 0.1132 0.1059 0.1107 0.1094 0.1125 0.1126 0.1077 0.1136 0.1145 
         123  1 0.1134 0.1056 0.1127 0.1097 0.1128 0.1126 0.1082 0.1095 0.1156 
         124  1 0.1065 0.1163 0.1076 0.1140 0.1079 0.1073 0.1129 0.1210 0.1065 
         125  1 0.1132 0.1097 0.1122 0.1090 0.1111 0.1118 0.1118 0.1091 0.1122 
         126  1 0.1127 0.1071 0.1141 0.1059 0.1121 0.1133 0.1077 0.1094 0.1177 
         127  1 0.1080 0.1128 0.1071 0.1118 0.1085 0.1091 0.1122 0.1243 0.1063 
         128  1 0.1097 0.1117 0.1115 0.1114 0.1130 0.1104 0.1118 0.1112 0.1091 
         129  1 0.1093 0.1129 0.1121 0.1139 0.1125 0.1088 0.1133 0.1094 0.1079 
         130  1 0.1119 0.1098 0.1123 0.1100 0.1129 0.1105 0.1110 0.1105 0.1110 
         131  1 0.1114 0.1118 0.1093 0.1156 0.1124 0.1099 0.1147 0.1063 0.1084 
         132  1 0.1094 0.1147 0.1105 0.1096 0.1120 0.1101 0.1147 0.1100 0.1090 
         133  1 0.1119 0.1154 0.1099 0.1139 0.1124 0.1110 0.1115 0.1047 0.1094 
         134  1 0.1125 0.1080 0.1139 0.1046 0.1087 0.1143 0.1096 0.1126 0.1157 
         135  1 0.1124 0.1112 0.1095 0.1113 0.1144 0.1133 0.1092 0.1061 0.1126 
         136  1 0.1106 0.1154 0.1117 0.1101 0.1120 0.1126 0.1106 0.1055 0.1115 
         137  1 0.1123 0.1104 0.1113 0.1098 0.1107 0.1137 0.1075 0.1093 0.1149 
         138  1 0.1103 0.1142 0.1082 0.1136 0.1107 0.1084 0.1125 0.1145 0.1077 
         139  1 0.1099 0.1194 0.1110 0.1104 0.1121 0.1099 0.1136 0.1071 0.1068 
         140  1 0.1105 0.1128 0.1109 0.1110 0.1105 0.1114 0.1123 0.1097 0.1109 
         141  1 0.1098 0.1105 0.1118 0.1083 0.1090 0.1121 0.1119 0.1151 0.1116 
         142  1 0.1098 0.1112 0.1099 0.1154 0.1108 0.1095 0.1101 0.1140 0.1093 
         143  1 0.1060 0.1082 0.1092 0.1146 0.1082 0.1060 0.1226 0.1230 0.1023 
         144  1 0.1122 0.1113 0.1113 0.1115 0.1120 0.1118 0.1101 0.1063 0.1135 
         145  1 0.1105 0.1179 0.1086 0.1117 0.1139 0.1111 0.1113 0.1045 0.1105 
         146  1 0.1109 0.1118 0.1114 0.1118 0.1127 0.1119 0.1110 0.1077 0.1108 
         147  1 0.1124 0.1065 0.1113 0.1072 0.1144 0.1148 0.1079 0.1079 0.1175 
         148  1 0.1141 0.1082 0.1153 0.1060 0.1112 0.1179 0.1053 0.1036 0.1183 
         149  1 0.1174 0.1080 0.1114 0.1077 0.1132 0.1168 0.1061 0.1018 0.1177 
         150  1 0.1132 0.1088 0.1117 0.1093 0.1122 0.1142 0.1088 0.1075 0.1143 
