           1  1 0.1401 0.1423 0.1399 0.1427 0.1468 0.1410 0.1472 
           2  1 0.1514 0.1413 0.1490 0.1433 0.1376 0.1411 0.1363 
           3  1 0.1510 0.1411 0.1477 0.1438 0.1359 0.1450 0.1355 
           4  1 0.1455 0.1422 0.1421 0.1436 0.1414 0.1434 0.1417 
           5  1 0.1506 0.1392 0.1520 0.1458 0.1387 0.1394 0.1344 
           6  1 0.1451 0.1417 0.1434 0.1430 0.1443 0.1390 0.1435 
           7  1 0.1381 0.1440 0.1409 0.1405 0.1462 0.1445 0.1458 
           8  1 0.1394 0.1435 0.1393 0.1408 0.1449 0.1438 0.1483 
           9  1 0.1451 0.1426 0.1467 0.1436 0.1392 0.1452 0.1377 
          10  1 0.1436 0.1432 0.1448 0.1418 0.1416 0.1426 0.1424 
          11  1 0.1452 0.1424 0.1498 0.1443 0.1385 0.1415 0.1382 
          12  1 0.1438 0.1415 0.1457 0.1435 0.1421 0.1427 0.1406 
          13  1 0.1417 0.1439 0.1381 0.1425 0.1438 0.1461 0.1440 
          14  1 0.1334 0.1453 0.1366 0.1415 0.1495 0.1415 0.1523 
          15  1 0.1428 0.1435 0.1387 0.1419 0.1446 0.1430 0.1455 
          16  1 0.1475 0.1415 0.1480 0.1434 0.1380 0.1451 0.1366 
          17  1 0.1498 0.1419 0.1481 0.1442 0.1387 0.1418 0.1354 
          18  1 0.1363 0.1441 0.1400 0.1410 0.1469 0.1419 0.1499 
          19  1 0.1472 0.1418 0.1435 0.1428 0.1415 0.1427 0.1404 
          20  1 0.1455 0.1429 0.1407 0.1418 0.1419 0.1463 0.1408 
          21  1 0.1446 0.1415 0.1478 0.1441 0.1394 0.1419 0.1406 
          22  1 0.1476 0.1417 0.1432 0.1420 0.1417 0.1441 0.1397 
          23  1 0.1488 0.1422 0.1425 0.1426 0.1400 0.1447 0.1391 
          24  1 0.1473 0.1435 0.1435 0.1425 0.1375 0.1471 0.1385 
          25  1 0.1509 0.1417 0.1472 0.1444 0.1385 0.1415 0.1359 
          26  1 0.1398 0.1427 0.1427 0.1428 0.1435 0.1439 0.1446 
          27  1 0.1457 0.1417 0.1469 0.1427 0.1405 0.1432 0.1393 
          28  1 0.1488 0.1413 0.1434 0.1421 0.1413 0.1436 0.1395 
          29  1 0.1413 0.1430 0.1438 0.1463 0.1419 0.1433 0.1404 
          30  1 0.1454 0.1443 0.1448 0.1429 0.1382 0.1459 0.1385 
          31  1 0.1332 0.1445 0.1404 0.1417 0.1483 0.1412 0.1508 
          32  1 0.1459 0.1399 0.1435 0.1435 0.1414 0.1423 0.1435 
          33  1 0.1482 0.1434 0.1425 0.1412 0.1415 0.1428 0.1403 
          34  1 0.1437 0.1419 0.1463 0.1473 0.1413 0.1397 0.1398 
          35  1 0.1420 0.1437 0.1432 0.1420 0.1443 0.1430 0.1419 
          36  1 0.1438 0.1435 0.1406 0.1402 0.1441 0.1416 0.1462 
          37  1 0.1418 0.1433 0.1414 0.1424 0.1447 0.1418 0.1447 
          38  1 0.1393 0.1439 0.1420 0.1424 0.1440 0.1440 0.1445 
          39  1 0.1348 0.1429 0.1425 0.1434 0.1464 0.1385 0.1514 
          40  1 0.1545 0.1398 0.1430 0.1447 0.1376 0.1447 0.1357 
          41  1 0.1558 0.1411 0.1425 0.1415 0.1361 0.1480 0.1350 
          42  1 0.1352 0.1441 0.1408 0.1420 0.1475 0.1416 0.1489 
          43  1 0.1392 0.1451 0.1399 0.1424 0.1455 0.1427 0.1453 
          44  1 0.1425 0.1427 0.1415 0.1441 0.1416 0.1434 0.1442 
          45  1 0.1414 0.1439 0.1394 0.1411 0.1446 0.1416 0.1480 
          46  1 0.1503 0.1417 0.1431 0.1423 0.1392 0.1437 0.1397 
          47  1 0.1417 0.1454 0.1404 0.1416 0.1442 0.1432 0.1436 
          48  1 0.1478 0.1439 0.1475 0.1423 0.1366 0.1466 0.1354 
          49  1 0.1299 0.1443 0.1351 0.1402 0.1534 0.1411 0.1560 
          50  1 0.1357 0.1438 0.1394 0.1415 0.1492 0.1413 0.1491 
          51  1 0.1411 0.1422 0.1420 0.1418 0.1450 0.1422 0.1457 
          52  1 0.1562 0.1418 0.1470 0.1428 0.1354 0.1450 0.1317 
          53  1 0.1552 0.1414 0.1456 0.1437 0.1342 0.1465 0.1335 
          54  1 0.1476 0.1430 0.1426 0.1418 0.1416 0.1440 0.1394 
          55  1 0.1474 0.1429 0.1476 0.1454 0.1393 0.1410 0.1365 
          56  1 0.1407 0.1406 0.1472 0.1439 0.1444 0.1407 0.1426 
          57  1 0.1368 0.1439 0.1387 0.1415 0.1475 0.1407 0.1509 
          58  1 0.1463 0.1440 0.1446 0.1417 0.1407 0.1429 0.1397 
          59  1 0.1373 0.1431 0.1382 0.1405 0.1492 0.1396 0.1520 
          60  1 0.1376 0.1426 0.1387 0.1420 0.1491 0.1403 0.1497 
          61  1 0.1395 0.1430 0.1421 0.1432 0.1458 0.1420 0.1444 
          62  1 0.1473 0.1411 0.1423 0.1434 0.1405 0.1433 0.1420 
          63  1 0.1385 0.1434 0.1415 0.1437 0.1456 0.1420 0.1453 
          64  1 0.1450 0.1426 0.1420 0.1414 0.1431 0.1431 0.1428 
          65  1 0.1528 0.1402 0.1485 0.1447 0.1360 0.1439 0.1340 
          66  1 0.1366 0.1424 0.1410 0.1431 0.1470 0.1411 0.1487 
          67  1 0.1360 0.1448 0.1397 0.1413 0.1463 0.1423 0.1496 
          68  1 0.1469 0.1430 0.1424 0.1415 0.1411 0.1429 0.1422 
          69  1 0.1406 0.1426 0.1418 0.1429 0.1454 0.1409 0.1458 
          70  1 0.1414 0.1431 0.1447 0.1440 0.1446 0.1396 0.1425 
          71  1 0.1361 0.1431 0.1398 0.1432 0.1476 0.1418 0.1483 
          72  1 0.1398 0.1440 0.1417 0.1410 0.1455 0.1424 0.1456 
          73  1 0.1494 0.1454 0.1438 0.1398 0.1384 0.1453 0.1378 
          74  1 0.1339 0.1437 0.1379 0.1430 0.1510 0.1396 0.1510 
          75  1 0.1367 0.1438 0.1381 0.1406 0.1482 0.1418 0.1508 
          76  1 0.1400 0.1419 0.1425 0.1435 0.1440 0.1431 0.1451 
          77  1 0.1467 0.1435 0.1403 0.1414 0.1409 0.1444 0.1428 
          78  1 0.1350 0.1466 0.1371 0.1401 0.1487 0.1433 0.1492 
          79  1 0.1387 0.1463 0.1407 0.1426 0.1435 0.1427 0.1455 
          80  1 0.1272 0.1430 0.1367 0.1417 0.1534 0.1398 0.1582 
          81  1 0.1410 0.1426 0.1415 0.1423 0.1461 0.1411 0.1453 
          82  1 0.1420 0.1433 0.1434 0.1423 0.1416 0.1443 0.1430 
          83  1 0.1391 0.1437 0.1403 0.1430 0.1458 0.1425 0.1457 
          84  1 0.1388 0.1431 0.1412 0.1422 0.1461 0.1433 0.1453 
          85  1 0.1387 0.1421 0.1366 0.1419 0.1487 0.1424 0.1495 
          86  1 0.1446 0.1412 0.1441 0.1418 0.1415 0.1454 0.1413 
          87  1 0.1429 0.1435 0.1409 0.1429 0.1422 0.1420 0.1455 
          88  1 0.1433 0.1432 0.1437 0.1429 0.1419 0.1433 0.1418 
          89  1 0.1370 0.1438 0.1431 0.1423 0.1455 0.1410 0.1473 
          90  1 0.1489 0.1406 0.1447 0.1450 0.1396 0.1439 0.1373 
          91  1 0.1462 0.1436 0.1453 0.1418 0.1398 0.1449 0.1385 
          92  1 0.1482 0.1429 0.1449 0.1440 0.1374 0.1451 0.1375 
          93  1 0.1563 0.1398 0.1459 0.1441 0.1367 0.1431 0.1341 
          94  1 0.1460 0.1424 0.1424 0.1428 0.1407 0.1432 0.1425 
          95  1 0.1449 0.1420 0.1451 0.1441 0.1404 0.1438 0.1396 
          96  1 0.1406 0.1437 0.1383 0.1416 0.1467 0.1421 0.1470 
          97  1 0.1435 0.1446 0.1455 0.1425 0.1399 0.1446 0.1394 
          98  1 0.1434 0.1420 0.1444 0.1424 0.1413 0.1451 0.1415 
          99  1 0.1511 0.1408 0.1459 0.1457 0.1374 0.1428 0.1362 
         100  1 0.1518 0.1415 0.1430 0.1429 0.1375 0.1478 0.1354 
         101  1 0.1429 0.1428 0.1419 0.1445 0.1420 0.1434 0.1426 
         102  1 0.1392 0.1438 0.1387 0.1426 0.1465 0.1424 0.1468 
         103  1 0.1501 0.1415 0.1445 0.1430 0.1386 0.1448 0.1376 
         104  1 0.1526 0.1434 0.1420 0.1417 0.1381 0.1457 0.1365 
         105  1 0.1471 0.1428 0.1454 0.1426 0.1407 0.1431 0.1384 
         106  1 0.1387 0.1430 0.1441 0.1432 0.1435 0.1425 0.1450 
         107  1 0.1383 0.1422 0.1437 0.1452 0.1444 0.1407 0.1456 
         108  1 0.1479 0.1416 0.1417 0.1425 0.1421 0.1435 0.1407 
         109  1 0.1461 0.1431 0.1449 0.1429 0.1396 0.1442 0.1392 
         110  1 0.1441 0.1420 0.1437 0.1434 0.1438 0.1407 0.1423 
         111  1 0.1374 0.1424 0.1390 0.1412 0.1489 0.1403 0.1508 
         112  1 0.1458 0.1448 0.1438 0.1426 0.1398 0.1446 0.1386 
         113  1 0.1417 0.1445 0.1380 0.1423 0.1461 0.1423 0.1451 
         114  1 0.1443 0.1448 0.1430 0.1429 0.1390 0.1457 0.1403 
         115  1 0.1406 0.1398 0.1458 0.1457 0.1434 0.1405 0.1443 
         116  1 0.1505 0.1404 0.1498 0.1432 0.1374 0.1437 0.1350 
         117  1 0.1481 0.1426 0.1460 0.1439 0.1400 0.1419 0.1375 
         118  1 0.1373 0.1435 0.1427 0.1421 0.1467 0.1421 0.1456 
         119  1 0.1415 0.1412 0.1438 0.1419 0.1447 0.1416 0.1453 
         120  1 0.1434 0.1431 0.1457 0.1421 0.1408 0.1436 0.1412 
         121  1 0.1443 0.1422 0.1430 0.1428 0.1407 0.1464 0.1406 
         122  1 0.1397 0.1435 0.1416 0.1411 0.1458 0.1411 0.1473 
         123  1 0.1408 0.1437 0.1398 0.1405 0.1455 0.1435 0.1463 
         124  1 0.1489 0.1417 0.1493 0.1431 0.1379 0.1432 0.1359 
         125  1 0.1401 0.1441 0.1427 0.1420 0.1446 0.1420 0.1445 
         126  1 0.1351 0.1449 0.1381 0.1415 0.1492 0.1404 0.1508 
         127  1 0.1436 0.1429 0.1461 0.1452 0.1407 0.1409 0.1406 
         128  1 0.1443 0.1419 0.1445 0.1453 0.1419 0.1409 0.1412 
         129  1 0.1491 0.1423 0.1451 0.1426 0.1392 0.1426 0.1391 
         130  1 0.1431 0.1431 0.1407 0.1423 0.1436 0.1433 0.1440 
         131  1 0.1459 0.1427 0.1420 0.1423 0.1414 0.1450 0.1406 
         132  1 0.1418 0.1425 0.1456 0.1438 0.1412 0.1439 0.1411 
         133  1 0.1481 0.1423 0.1452 0.1421 0.1412 0.1423 0.1388 
         134  1 0.1359 0.1434 0.1429 0.1403 0.1487 0.1395 0.1493 
         135  1 0.1427 0.1419 0.1415 0.1425 0.1442 0.1434 0.1437 
         136  1 0.1396 0.1417 0.1438 0.1447 0.1456 0.1407 0.1439 
         137  1 0.1402 0.1429 0.1402 0.1426 0.1461 0.1426 0.1455 
         138  1 0.1489 0.1411 0.1470 0.1435 0.1378 0.1440 0.1376 
         139  1 0.1441 0.1415 0.1476 0.1436 0.1413 0.1442 0.1377 
         140  1 0.1402 0.1436 0.1461 0.1443 0.1424 0.1427 0.1407 
         141  1 0.1406 0.1431 0.1427 0.1438 0.1443 0.1415 0.1441 
         142  1 0.1503 0.1398 0.1426 0.1445 0.1396 0.1445 0.1386 
         143  1 0.1484 0.1434 0.1483 0.1432 0.1352 0.1459 0.1356 
         144  1 0.1387 0.1438 0.1404 0.1426 0.1450 0.1428 0.1467 
         145  1 0.1432 0.1423 0.1437 0.1455 0.1423 0.1411 0.1420 
         146  1 0.1443 0.1430 0.1411 0.1421 0.1435 0.1422 0.1438 
         147  1 0.1358 0.1436 0.1389 0.1431 0.1465 0.1424 0.1497 
         148  1 0.1359 0.1445 0.1379 0.1411 0.1491 0.1416 0.1499 
         149  1 0.1302 0.1439 0.1383 0.1426 0.1508 0.1403 0.1540 
         150  1 0.1402 0.1439 0.1400 0.1415 0.1462 0.1430 0.1452 
