           1  1 0.1666 0.1646 0.1658 0.1646 0.1689 0.1695 
           2  1 0.1677 0.1732 0.1652 0.1687 0.1628 0.1623 
           3  1 0.1681 0.1684 0.1670 0.1692 0.1639 0.1635 
           4  1 0.1676 0.1648 0.1664 0.1673 0.1669 0.1670 
           5  1 0.1677 0.1745 0.1660 0.1693 0.1617 0.1607 
           6  1 0.1656 0.1668 0.1679 0.1641 0.1675 0.1681 
           7  1 0.1663 0.1648 0.1673 0.1657 0.1681 0.1678 
           8  1 0.1671 0.1643 0.1662 0.1666 0.1676 0.1682 
           9  1 0.1676 0.1696 0.1674 0.1682 0.1641 0.1631 
          10  1 0.1674 0.1676 0.1663 0.1675 0.1659 0.1653 
          11  1 0.1677 0.1688 0.1662 0.1673 0.1650 0.1649 
          12  1 0.1674 0.1691 0.1665 0.1675 0.1645 0.1649 
          13  1 0.1657 0.1653 0.1673 0.1664 0.1677 0.1676 
          14  1 0.1647 0.1605 0.1670 0.1632 0.1720 0.1725 
          15  1 0.1663 0.1630 0.1671 0.1635 0.1696 0.1705 
          16  1 0.1674 0.1725 0.1666 0.1687 0.1626 0.1622 
          17  1 0.1680 0.1718 0.1673 0.1683 0.1627 0.1620 
          18  1 0.1663 0.1594 0.1675 0.1639 0.1711 0.1717 
          19  1 0.1671 0.1692 0.1667 0.1661 0.1656 0.1652 
          20  1 0.1679 0.1681 0.1662 0.1684 0.1648 0.1646 
          21  1 0.1666 0.1694 0.1660 0.1692 0.1646 0.1642 
          22  1 0.1668 0.1686 0.1666 0.1675 0.1653 0.1651 
          23  1 0.1668 0.1696 0.1667 0.1687 0.1644 0.1638 
          24  1 0.1679 0.1697 0.1660 0.1711 0.1628 0.1624 
          25  1 0.1675 0.1735 0.1667 0.1673 0.1625 0.1624 
          26  1 0.1656 0.1657 0.1670 0.1657 0.1678 0.1683 
          27  1 0.1662 0.1691 0.1673 0.1684 0.1646 0.1644 
          28  1 0.1676 0.1678 0.1663 0.1689 0.1647 0.1647 
          29  1 0.1657 0.1692 0.1668 0.1678 0.1654 0.1651 
          30  1 0.1685 0.1687 0.1671 0.1690 0.1638 0.1630 
          31  1 0.1656 0.1618 0.1661 0.1651 0.1706 0.1707 
          32  1 0.1668 0.1658 0.1662 0.1673 0.1667 0.1671 
          33  1 0.1676 0.1686 0.1657 0.1672 0.1658 0.1651 
          34  1 0.1646 0.1670 0.1668 0.1679 0.1671 0.1667 
          35  1 0.1659 0.1678 0.1674 0.1667 0.1661 0.1661 
          36  1 0.1681 0.1665 0.1669 0.1641 0.1671 0.1673 
          37  1 0.1664 0.1665 0.1662 0.1665 0.1672 0.1673 
          38  1 0.1659 0.1665 0.1669 0.1660 0.1672 0.1674 
          39  1 0.1644 0.1628 0.1667 0.1632 0.1706 0.1722 
          40  1 0.1683 0.1706 0.1653 0.1677 0.1640 0.1641 
          41  1 0.1681 0.1701 0.1665 0.1704 0.1629 0.1620 
          42  1 0.1652 0.1626 0.1671 0.1641 0.1703 0.1707 
          43  1 0.1679 0.1648 0.1656 0.1668 0.1674 0.1675 
          44  1 0.1660 0.1642 0.1675 0.1652 0.1684 0.1686 
          45  1 0.1661 0.1647 0.1663 0.1660 0.1687 0.1682 
          46  1 0.1684 0.1672 0.1662 0.1680 0.1653 0.1649 
          47  1 0.1657 0.1645 0.1673 0.1665 0.1682 0.1680 
          48  1 0.1670 0.1714 0.1668 0.1711 0.1628 0.1609 
          49  1 0.1652 0.1580 0.1672 0.1608 0.1742 0.1745 
          50  1 0.1655 0.1641 0.1669 0.1637 0.1694 0.1704 
          51  1 0.1659 0.1646 0.1666 0.1653 0.1684 0.1692 
          52  1 0.1679 0.1730 0.1657 0.1712 0.1613 0.1610 
          53  1 0.1687 0.1726 0.1658 0.1717 0.1612 0.1600 
          54  1 0.1682 0.1695 0.1668 0.1676 0.1642 0.1637 
          55  1 0.1675 0.1695 0.1669 0.1672 0.1644 0.1644 
          56  1 0.1651 0.1665 0.1672 0.1656 0.1676 0.1679 
          57  1 0.1662 0.1612 0.1661 0.1643 0.1707 0.1715 
          58  1 0.1684 0.1687 0.1662 0.1675 0.1647 0.1646 
          59  1 0.1658 0.1618 0.1662 0.1630 0.1713 0.1719 
          60  1 0.1658 0.1618 0.1670 0.1621 0.1717 0.1717 
          61  1 0.1665 0.1671 0.1674 0.1647 0.1672 0.1672 
          62  1 0.1668 0.1643 0.1675 0.1665 0.1676 0.1674 
          63  1 0.1655 0.1646 0.1663 0.1659 0.1684 0.1693 
          64  1 0.1663 0.1662 0.1665 0.1669 0.1672 0.1669 
          65  1 0.1670 0.1725 0.1663 0.1689 0.1629 0.1624 
          66  1 0.1661 0.1630 0.1666 0.1648 0.1693 0.1703 
          67  1 0.1672 0.1634 0.1655 0.1665 0.1688 0.1685 
          68  1 0.1670 0.1691 0.1663 0.1684 0.1648 0.1644 
          69  1 0.1661 0.1658 0.1667 0.1649 0.1685 0.1679 
          70  1 0.1663 0.1678 0.1673 0.1657 0.1665 0.1665 
          71  1 0.1660 0.1638 0.1665 0.1654 0.1691 0.1692 
          72  1 0.1668 0.1644 0.1665 0.1652 0.1686 0.1686 
          73  1 0.1677 0.1703 0.1664 0.1709 0.1626 0.1621 
          74  1 0.1642 0.1606 0.1670 0.1626 0.1725 0.1731 
          75  1 0.1651 0.1627 0.1668 0.1634 0.1705 0.1715 
          76  1 0.1655 0.1652 0.1671 0.1646 0.1685 0.1691 
          77  1 0.1673 0.1676 0.1666 0.1665 0.1667 0.1653 
          78  1 0.1654 0.1631 0.1671 0.1659 0.1690 0.1694 
          79  1 0.1664 0.1653 0.1675 0.1653 0.1675 0.1680 
          80  1 0.1648 0.1564 0.1663 0.1610 0.1752 0.1764 
          81  1 0.1646 0.1649 0.1670 0.1655 0.1691 0.1689 
          82  1 0.1675 0.1669 0.1665 0.1680 0.1657 0.1655 
          83  1 0.1674 0.1642 0.1661 0.1653 0.1682 0.1687 
          84  1 0.1656 0.1659 0.1675 0.1653 0.1680 0.1677 
          85  1 0.1664 0.1626 0.1669 0.1636 0.1695 0.1709 
          86  1 0.1685 0.1686 0.1662 0.1680 0.1647 0.1640 
          87  1 0.1657 0.1637 0.1672 0.1650 0.1690 0.1693 
          88  1 0.1658 0.1676 0.1671 0.1687 0.1654 0.1653 
          89  1 0.1657 0.1644 0.1656 0.1671 0.1683 0.1690 
          90  1 0.1676 0.1698 0.1664 0.1679 0.1643 0.1639 
          91  1 0.1658 0.1715 0.1665 0.1690 0.1640 0.1632 
          92  1 0.1680 0.1704 0.1660 0.1696 0.1631 0.1630 
          93  1 0.1674 0.1707 0.1669 0.1687 0.1633 0.1631 
          94  1 0.1680 0.1675 0.1670 0.1664 0.1660 0.1652 
          95  1 0.1677 0.1676 0.1680 0.1677 0.1649 0.1641 
          96  1 0.1664 0.1628 0.1669 0.1640 0.1701 0.1698 
          97  1 0.1664 0.1680 0.1669 0.1691 0.1651 0.1644 
          98  1 0.1676 0.1658 0.1666 0.1677 0.1656 0.1667 
          99  1 0.1676 0.1679 0.1661 0.1678 0.1653 0.1653 
         100  1 0.1691 0.1703 0.1661 0.1708 0.1621 0.1616 
         101  1 0.1663 0.1671 0.1665 0.1677 0.1660 0.1663 
         102  1 0.1650 0.1644 0.1674 0.1644 0.1692 0.1696 
         103  1 0.1680 0.1705 0.1660 0.1695 0.1635 0.1626 
         104  1 0.1693 0.1703 0.1667 0.1701 0.1619 0.1618 
         105  1 0.1660 0.1707 0.1671 0.1681 0.1642 0.1638 
         106  1 0.1658 0.1662 0.1671 0.1649 0.1676 0.1684 
         107  1 0.1658 0.1645 0.1668 0.1648 0.1686 0.1695 
         108  1 0.1664 0.1654 0.1670 0.1675 0.1670 0.1667 
         109  1 0.1663 0.1679 0.1669 0.1683 0.1655 0.1651 
         110  1 0.1670 0.1656 0.1666 0.1658 0.1672 0.1679 
         111  1 0.1657 0.1609 0.1663 0.1637 0.1714 0.1720 
         112  1 0.1686 0.1691 0.1665 0.1673 0.1648 0.1637 
         113  1 0.1664 0.1674 0.1665 0.1674 0.1661 0.1663 
         114  1 0.1682 0.1683 0.1661 0.1690 0.1643 0.1641 
         115  1 0.1652 0.1654 0.1670 0.1654 0.1689 0.1682 
         116  1 0.1674 0.1688 0.1664 0.1704 0.1636 0.1633 
         117  1 0.1672 0.1689 0.1669 0.1666 0.1650 0.1653 
         118  1 0.1658 0.1662 0.1663 0.1643 0.1686 0.1688 
         119  1 0.1668 0.1645 0.1661 0.1659 0.1687 0.1680 
         120  1 0.1673 0.1671 0.1666 0.1686 0.1652 0.1652 
         121  1 0.1661 0.1699 0.1672 0.1683 0.1642 0.1643 
         122  1 0.1656 0.1629 0.1675 0.1635 0.1703 0.1703 
         123  1 0.1669 0.1650 0.1660 0.1652 0.1684 0.1684 
         124  1 0.1674 0.1695 0.1668 0.1695 0.1638 0.1629 
         125  1 0.1667 0.1662 0.1668 0.1662 0.1673 0.1668 
         126  1 0.1658 0.1636 0.1665 0.1632 0.1702 0.1707 
         127  1 0.1658 0.1680 0.1670 0.1657 0.1668 0.1667 
         128  1 0.1666 0.1675 0.1664 0.1670 0.1662 0.1663 
         129  1 0.1680 0.1692 0.1665 0.1675 0.1645 0.1643 
         130  1 0.1666 0.1662 0.1667 0.1671 0.1671 0.1664 
         131  1 0.1672 0.1686 0.1659 0.1674 0.1657 0.1651 
         132  1 0.1667 0.1702 0.1663 0.1691 0.1638 0.1639 
         133  1 0.1667 0.1720 0.1673 0.1668 0.1637 0.1634 
         134  1 0.1660 0.1607 0.1669 0.1628 0.1712 0.1724 
         135  1 0.1658 0.1677 0.1666 0.1664 0.1668 0.1667 
         136  1 0.1657 0.1652 0.1672 0.1661 0.1678 0.1680 
         137  1 0.1662 0.1654 0.1670 0.1664 0.1674 0.1675 
         138  1 0.1679 0.1710 0.1662 0.1683 0.1635 0.1632 
         139  1 0.1672 0.1703 0.1663 0.1690 0.1637 0.1636 
         140  1 0.1654 0.1688 0.1674 0.1674 0.1655 0.1654 
         141  1 0.1648 0.1664 0.1667 0.1674 0.1673 0.1675 
         142  1 0.1674 0.1686 0.1667 0.1660 0.1654 0.1659 
         143  1 0.1672 0.1713 0.1665 0.1718 0.1619 0.1613 
         144  1 0.1669 0.1655 0.1663 0.1673 0.1672 0.1667 
         145  1 0.1664 0.1700 0.1663 0.1671 0.1655 0.1649 
         146  1 0.1676 0.1659 0.1659 0.1644 0.1684 0.1677 
         147  1 0.1658 0.1629 0.1664 0.1645 0.1699 0.1706 
         148  1 0.1662 0.1635 0.1664 0.1641 0.1695 0.1703 
         149  1 0.1643 0.1601 0.1665 0.1623 0.1730 0.1738 
         150  1 0.1658 0.1649 0.1671 0.1659 0.1678 0.1686 
