           1  1 0.1411 0.1404 0.1419 0.1447 0.1461 0.1431 0.1428 
           2  1 0.1403 0.1478 0.1458 0.1386 0.1417 0.1467 0.1392 
           3  1 0.1390 0.1414 0.1555 0.1383 0.1394 0.1454 0.1409 
           4  1 0.1419 0.1418 0.1454 0.1434 0.1411 0.1426 0.1438 
           5  1 0.1449 0.1486 0.1447 0.1409 0.1390 0.1438 0.1380 
           6  1 0.1419 0.1421 0.1445 0.1428 0.1434 0.1438 0.1416 
           7  1 0.1413 0.1446 0.1399 0.1436 0.1428 0.1438 0.1441 
           8  1 0.1436 0.1404 0.1396 0.1433 0.1449 0.1425 0.1457 
           9  1 0.1430 0.1439 0.1452 0.1396 0.1418 0.1464 0.1401 
          10  1 0.1442 0.1442 0.1397 0.1434 0.1438 0.1410 0.1437 
          11  1 0.1431 0.1430 0.1494 0.1402 0.1392 0.1475 0.1375 
          12  1 0.1404 0.1444 0.1486 0.1412 0.1423 0.1435 0.1397 
          13  1 0.1431 0.1430 0.1374 0.1457 0.1446 0.1407 0.1456 
          14  1 0.1444 0.1391 0.1351 0.1481 0.1467 0.1402 0.1464 
          15  1 0.1430 0.1395 0.1395 0.1444 0.1468 0.1418 0.1449 
          16  1 0.1458 0.1455 0.1441 0.1381 0.1405 0.1467 0.1393 
          17  1 0.1429 0.1434 0.1510 0.1413 0.1392 0.1416 0.1405 
          18  1 0.1409 0.1401 0.1391 0.1461 0.1451 0.1442 0.1444 
          19  1 0.1432 0.1449 0.1462 0.1402 0.1408 0.1438 0.1409 
          20  1 0.1426 0.1433 0.1411 0.1420 0.1427 0.1425 0.1457 
          21  1 0.1432 0.1448 0.1436 0.1409 0.1418 0.1437 0.1420 
          22  1 0.1433 0.1429 0.1416 0.1416 0.1452 0.1408 0.1447 
          23  1 0.1436 0.1460 0.1421 0.1428 0.1424 0.1406 0.1424 
          24  1 0.1408 0.1446 0.1482 0.1372 0.1402 0.1476 0.1413 
          25  1 0.1431 0.1473 0.1434 0.1406 0.1424 0.1418 0.1414 
          26  1 0.1444 0.1423 0.1406 0.1415 0.1451 0.1431 0.1429 
          27  1 0.1427 0.1460 0.1454 0.1408 0.1417 0.1429 0.1407 
          28  1 0.1413 0.1426 0.1491 0.1410 0.1423 0.1394 0.1443 
          29  1 0.1410 0.1443 0.1447 0.1426 0.1438 0.1423 0.1412 
          30  1 0.1436 0.1475 0.1417 0.1430 0.1375 0.1461 0.1406 
          31  1 0.1438 0.1414 0.1366 0.1466 0.1427 0.1435 0.1454 
          32  1 0.1417 0.1393 0.1556 0.1409 0.1386 0.1444 0.1395 
          33  1 0.1446 0.1447 0.1430 0.1403 0.1425 0.1424 0.1425 
          34  1 0.1418 0.1436 0.1499 0.1401 0.1410 0.1436 0.1400 
          35  1 0.1435 0.1426 0.1451 0.1420 0.1429 0.1412 0.1425 
          36  1 0.1460 0.1423 0.1388 0.1451 0.1438 0.1419 0.1421 
          37  1 0.1436 0.1423 0.1401 0.1430 0.1461 0.1418 0.1431 
          38  1 0.1445 0.1403 0.1413 0.1439 0.1445 0.1427 0.1428 
          39  1 0.1437 0.1404 0.1398 0.1463 0.1455 0.1431 0.1412 
          40  1 0.1432 0.1432 0.1477 0.1395 0.1410 0.1426 0.1427 
          41  1 0.1435 0.1457 0.1441 0.1409 0.1401 0.1423 0.1433 
          42  1 0.1444 0.1387 0.1417 0.1447 0.1446 0.1434 0.1425 
          43  1 0.1417 0.1443 0.1392 0.1443 0.1430 0.1429 0.1447 
          44  1 0.1401 0.1390 0.1407 0.1472 0.1446 0.1447 0.1438 
          45  1 0.1452 0.1410 0.1395 0.1428 0.1438 0.1417 0.1459 
          46  1 0.1445 0.1427 0.1435 0.1418 0.1425 0.1417 0.1434 
          47  1 0.1423 0.1423 0.1378 0.1452 0.1440 0.1435 0.1451 
          48  1 0.1431 0.1482 0.1412 0.1414 0.1399 0.1460 0.1402 
          49  1 0.1456 0.1384 0.1329 0.1512 0.1452 0.1400 0.1468 
          50  1 0.1441 0.1419 0.1376 0.1459 0.1443 0.1427 0.1435 
          51  1 0.1421 0.1409 0.1439 0.1445 0.1449 0.1417 0.1420 
          52  1 0.1433 0.1433 0.1541 0.1359 0.1378 0.1436 0.1420 
          53  1 0.1447 0.1440 0.1489 0.1368 0.1391 0.1441 0.1424 
          54  1 0.1408 0.1412 0.1475 0.1432 0.1412 0.1426 0.1434 
          55  1 0.1427 0.1454 0.1457 0.1403 0.1413 0.1457 0.1389 
          56  1 0.1415 0.1457 0.1442 0.1418 0.1432 0.1445 0.1390 
          57  1 0.1437 0.1403 0.1392 0.1457 0.1438 0.1434 0.1439 
          58  1 0.1437 0.1461 0.1387 0.1431 0.1417 0.1461 0.1404 
          59  1 0.1430 0.1386 0.1373 0.1484 0.1473 0.1410 0.1443 
          60  1 0.1437 0.1385 0.1392 0.1468 0.1455 0.1407 0.1457 
          61  1 0.1435 0.1427 0.1410 0.1443 0.1437 0.1410 0.1438 
          62  1 0.1413 0.1411 0.1460 0.1436 0.1434 0.1416 0.1429 
          63  1 0.1427 0.1411 0.1422 0.1415 0.1429 0.1441 0.1454 
          64  1 0.1441 0.1416 0.1435 0.1433 0.1412 0.1398 0.1465 
          65  1 0.1455 0.1453 0.1490 0.1383 0.1389 0.1442 0.1388 
          66  1 0.1426 0.1429 0.1407 0.1446 0.1451 0.1412 0.1428 
          67  1 0.1433 0.1419 0.1361 0.1460 0.1444 0.1429 0.1455 
          68  1 0.1413 0.1439 0.1471 0.1402 0.1408 0.1442 0.1425 
          69  1 0.1435 0.1424 0.1409 0.1439 0.1444 0.1441 0.1409 
          70  1 0.1446 0.1434 0.1414 0.1431 0.1426 0.1439 0.1411 
          71  1 0.1435 0.1426 0.1385 0.1460 0.1436 0.1417 0.1441 
          72  1 0.1442 0.1427 0.1393 0.1427 0.1439 0.1423 0.1449 
          73  1 0.1425 0.1430 0.1448 0.1394 0.1435 0.1438 0.1430 
          74  1 0.1430 0.1408 0.1398 0.1463 0.1452 0.1404 0.1445 
          75  1 0.1427 0.1402 0.1385 0.1453 0.1448 0.1422 0.1463 
          76  1 0.1444 0.1419 0.1396 0.1460 0.1439 0.1416 0.1427 
          77  1 0.1453 0.1429 0.1418 0.1423 0.1429 0.1399 0.1450 
          78  1 0.1432 0.1409 0.1371 0.1446 0.1480 0.1409 0.1454 
          79  1 0.1425 0.1415 0.1378 0.1465 0.1467 0.1409 0.1440 
          80  1 0.1443 0.1368 0.1375 0.1483 0.1438 0.1433 0.1460 
          81  1 0.1446 0.1403 0.1399 0.1455 0.1468 0.1394 0.1435 
          82  1 0.1465 0.1429 0.1402 0.1428 0.1406 0.1435 0.1435 
          83  1 0.1428 0.1412 0.1397 0.1454 0.1459 0.1421 0.1428 
          84  1 0.1422 0.1407 0.1403 0.1445 0.1462 0.1424 0.1438 
          85  1 0.1433 0.1393 0.1389 0.1484 0.1446 0.1391 0.1465 
          86  1 0.1412 0.1444 0.1429 0.1430 0.1436 0.1408 0.1442 
          87  1 0.1459 0.1408 0.1407 0.1424 0.1435 0.1408 0.1459 
          88  1 0.1410 0.1445 0.1418 0.1425 0.1435 0.1445 0.1423 
          89  1 0.1434 0.1418 0.1433 0.1397 0.1427 0.1456 0.1436 
          90  1 0.1423 0.1456 0.1427 0.1431 0.1420 0.1413 0.1431 
          91  1 0.1445 0.1467 0.1425 0.1412 0.1408 0.1436 0.1406 
          92  1 0.1429 0.1456 0.1443 0.1410 0.1414 0.1418 0.1431 
          93  1 0.1407 0.1417 0.1544 0.1379 0.1397 0.1430 0.1426 
          94  1 0.1418 0.1417 0.1431 0.1455 0.1438 0.1390 0.1452 
          95  1 0.1423 0.1437 0.1427 0.1442 0.1422 0.1428 0.1421 
          96  1 0.1425 0.1415 0.1393 0.1439 0.1444 0.1440 0.1446 
          97  1 0.1414 0.1449 0.1442 0.1431 0.1426 0.1427 0.1411 
          98  1 0.1400 0.1436 0.1479 0.1425 0.1403 0.1443 0.1414 
          99  1 0.1414 0.1393 0.1573 0.1386 0.1385 0.1449 0.1400 
         100  1 0.1435 0.1470 0.1420 0.1417 0.1378 0.1448 0.1432 
         101  1 0.1427 0.1424 0.1432 0.1423 0.1429 0.1426 0.1439 
         102  1 0.1447 0.1408 0.1386 0.1450 0.1448 0.1428 0.1433 
         103  1 0.1406 0.1455 0.1458 0.1388 0.1415 0.1447 0.1431 
         104  1 0.1446 0.1442 0.1406 0.1413 0.1411 0.1442 0.1441 
         105  1 0.1416 0.1459 0.1436 0.1400 0.1438 0.1467 0.1385 
         106  1 0.1402 0.1429 0.1460 0.1424 0.1442 0.1439 0.1403 
         107  1 0.1431 0.1416 0.1428 0.1428 0.1418 0.1458 0.1421 
         108  1 0.1418 0.1417 0.1460 0.1415 0.1409 0.1438 0.1443 
         109  1 0.1399 0.1461 0.1439 0.1430 0.1431 0.1444 0.1395 
         110  1 0.1447 0.1422 0.1453 0.1416 0.1416 0.1424 0.1423 
         111  1 0.1454 0.1399 0.1373 0.1441 0.1448 0.1416 0.1469 
         112  1 0.1410 0.1439 0.1432 0.1413 0.1433 0.1439 0.1434 
         113  1 0.1453 0.1419 0.1391 0.1451 0.1432 0.1403 0.1451 
         114  1 0.1427 0.1470 0.1420 0.1407 0.1395 0.1458 0.1421 
         115  1 0.1439 0.1418 0.1439 0.1429 0.1426 0.1436 0.1411 
         116  1 0.1432 0.1422 0.1572 0.1349 0.1363 0.1463 0.1398 
         117  1 0.1420 0.1418 0.1546 0.1406 0.1384 0.1434 0.1392 
         118  1 0.1417 0.1452 0.1421 0.1411 0.1447 0.1428 0.1424 
         119  1 0.1423 0.1393 0.1474 0.1433 0.1440 0.1416 0.1420 
         120  1 0.1427 0.1447 0.1428 0.1404 0.1404 0.1457 0.1433 
         121  1 0.1409 0.1448 0.1414 0.1435 0.1442 0.1422 0.1430 
         122  1 0.1418 0.1393 0.1470 0.1444 0.1429 0.1409 0.1437 
         123  1 0.1440 0.1412 0.1403 0.1428 0.1456 0.1410 0.1451 
         124  1 0.1418 0.1465 0.1494 0.1399 0.1401 0.1430 0.1392 
         125  1 0.1435 0.1415 0.1411 0.1447 0.1450 0.1415 0.1428 
         126  1 0.1438 0.1392 0.1373 0.1478 0.1445 0.1408 0.1466 
         127  1 0.1408 0.1419 0.1509 0.1412 0.1414 0.1432 0.1406 
         128  1 0.1430 0.1431 0.1433 0.1436 0.1431 0.1412 0.1426 
         129  1 0.1436 0.1448 0.1433 0.1395 0.1415 0.1453 0.1419 
         130  1 0.1421 0.1433 0.1430 0.1435 0.1424 0.1427 0.1430 
         131  1 0.1416 0.1438 0.1414 0.1418 0.1453 0.1426 0.1435 
         132  1 0.1432 0.1474 0.1392 0.1431 0.1408 0.1443 0.1420 
         133  1 0.1428 0.1449 0.1417 0.1419 0.1431 0.1429 0.1428 
         134  1 0.1443 0.1396 0.1422 0.1449 0.1447 0.1433 0.1412 
         135  1 0.1428 0.1433 0.1414 0.1425 0.1455 0.1398 0.1448 
         136  1 0.1414 0.1441 0.1402 0.1452 0.1439 0.1441 0.1411 
         137  1 0.1442 0.1432 0.1396 0.1440 0.1447 0.1399 0.1445 
         138  1 0.1445 0.1427 0.1465 0.1411 0.1419 0.1424 0.1409 
         139  1 0.1402 0.1474 0.1427 0.1409 0.1433 0.1461 0.1394 
         140  1 0.1446 0.1432 0.1437 0.1405 0.1410 0.1431 0.1440 
         141  1 0.1423 0.1444 0.1444 0.1409 0.1417 0.1450 0.1413 
         142  1 0.1451 0.1434 0.1456 0.1429 0.1408 0.1403 0.1420 
         143  1 0.1435 0.1473 0.1441 0.1385 0.1369 0.1482 0.1414 
         144  1 0.1434 0.1421 0.1395 0.1440 0.1453 0.1401 0.1457 
         145  1 0.1422 0.1450 0.1426 0.1427 0.1433 0.1427 0.1416 
         146  1 0.1445 0.1447 0.1386 0.1423 0.1451 0.1424 0.1424 
         147  1 0.1435 0.1385 0.1386 0.1464 0.1457 0.1430 0.1443 
         148  1 0.1454 0.1403 0.1361 0.1464 0.1446 0.1404 0.1468 
         149  1 0.1417 0.1428 0.1380 0.1480 0.1454 0.1411 0.1430 
         150  1 0.1437 0.1413 0.1402 0.1448 0.1428 0.1411 0.1461 
