           1  1 0.1980 0.1782 0.2080 0.2079 0.2079 
           2  1 0.2014 0.2130 0.1946 0.1951 0.1959 
           3  1 0.1961 0.2457 0.1861 0.1862 0.1860 
           4  1 0.1962 0.2192 0.1975 0.1934 0.1936 
           5  1 0.2020 0.2182 0.1931 0.1940 0.1926 
           6  1 0.1981 0.1975 0.2014 0.2026 0.2004 
           7  1 0.2015 0.1829 0.2092 0.2040 0.2024 
           8  1 0.1996 0.1897 0.2020 0.2052 0.2035 
           9  1 0.2005 0.2132 0.1953 0.1962 0.1947 
          10  1 0.2035 0.1934 0.2007 0.2005 0.2020 
          11  1 0.1958 0.2273 0.1917 0.1935 0.1917 
          12  1 0.1978 0.2053 0.1976 0.1990 0.2002 
          13  1 0.2019 0.1828 0.2050 0.2045 0.2059 
          14  1 0.1935 0.1733 0.2087 0.2128 0.2117 
          15  1 0.2015 0.1839 0.2040 0.2049 0.2057 
          16  1 0.2030 0.2204 0.1927 0.1917 0.1922 
          17  1 0.2043 0.2203 0.1913 0.1902 0.1938 
          18  1 0.1978 0.1791 0.2091 0.2082 0.2058 
          19  1 0.2000 0.2239 0.1911 0.1921 0.1929 
          20  1 0.2061 0.1943 0.1997 0.1994 0.2005 
          21  1 0.1974 0.2210 0.1927 0.1948 0.1940 
          22  1 0.2029 0.1935 0.2004 0.2022 0.2011 
          23  1 0.2039 0.2024 0.1975 0.1977 0.1985 
          24  1 0.2014 0.2154 0.1954 0.1939 0.1938 
          25  1 0.2039 0.2070 0.1967 0.1962 0.1962 
          26  1 0.2000 0.1914 0.2029 0.2026 0.2031 
          27  1 0.1992 0.2118 0.1993 0.1954 0.1944 
          28  1 0.2036 0.2118 0.1933 0.1963 0.1951 
          29  1 0.2002 0.2006 0.2003 0.1986 0.2003 
          30  1 0.2036 0.2158 0.1914 0.1938 0.1954 
          31  1 0.1964 0.1817 0.2037 0.2102 0.2080 
          32  1 0.1922 0.2272 0.1941 0.1946 0.1919 
          33  1 0.2036 0.2083 0.1969 0.1965 0.1946 
          34  1 0.1943 0.2130 0.1984 0.1982 0.1960 
          35  1 0.1996 0.2049 0.1961 0.1989 0.2005 
          36  1 0.2032 0.1881 0.2003 0.2060 0.2025 
          37  1 0.1983 0.1854 0.2053 0.2038 0.2072 
          38  1 0.1989 0.1880 0.2037 0.2050 0.2045 
          39  1 0.1955 0.1821 0.2081 0.2079 0.2064 
          40  1 0.1971 0.2323 0.1891 0.1902 0.1914 
          41  1 0.2046 0.2182 0.1916 0.1937 0.1920 
          42  1 0.1959 0.1869 0.2039 0.2083 0.2050 
          43  1 0.2010 0.1861 0.2027 0.2060 0.2042 
          44  1 0.2017 0.1895 0.2038 0.2028 0.2022 
          45  1 0.2014 0.1845 0.2044 0.2056 0.2042 
          46  1 0.2009 0.2155 0.1958 0.1943 0.1935 
          47  1 0.2043 0.1850 0.2035 0.2035 0.2037 
          48  1 0.2090 0.2118 0.1951 0.1902 0.1939 
          49  1 0.1952 0.1658 0.2123 0.2113 0.2154 
          50  1 0.2012 0.1784 0.2067 0.2074 0.2062 
          51  1 0.1959 0.1985 0.2033 0.2027 0.1996 
          52  1 0.1993 0.2480 0.1843 0.1838 0.1846 
          53  1 0.2020 0.2340 0.1873 0.1884 0.1883 
          54  1 0.2074 0.2090 0.1940 0.1943 0.1954 
          55  1 0.1996 0.2112 0.1981 0.1965 0.1946 
          56  1 0.1957 0.2002 0.2028 0.2004 0.2009 
          57  1 0.1983 0.1810 0.2055 0.2083 0.2069 
          58  1 0.2050 0.1981 0.2007 0.1988 0.1974 
          59  1 0.1985 0.1781 0.2071 0.2099 0.2063 
          60  1 0.1968 0.1791 0.2071 0.2084 0.2086 
          61  1 0.2014 0.1895 0.2032 0.2019 0.2040 
          62  1 0.1979 0.2132 0.1965 0.1946 0.1979 
          63  1 0.1964 0.2017 0.1998 0.2023 0.1999 
          64  1 0.2005 0.2005 0.1994 0.2005 0.1991 
          65  1 0.1989 0.2394 0.1870 0.1884 0.1863 
          66  1 0.1956 0.1834 0.2052 0.2106 0.2051 
          67  1 0.1985 0.1814 0.2050 0.2105 0.2046 
          68  1 0.1999 0.2097 0.1987 0.1961 0.1956 
          69  1 0.1984 0.1916 0.2013 0.2051 0.2037 
          70  1 0.2050 0.1997 0.1996 0.1988 0.1969 
          71  1 0.1973 0.1837 0.2068 0.2074 0.2048 
          72  1 0.2012 0.1904 0.2011 0.2040 0.2033 
          73  1 0.2043 0.2080 0.1962 0.1946 0.1968 
          74  1 0.1969 0.1747 0.2093 0.2096 0.2096 
          75  1 0.1992 0.1764 0.2082 0.2078 0.2085 
          76  1 0.1996 0.1859 0.2062 0.2039 0.2044 
          77  1 0.2039 0.2020 0.1961 0.1996 0.1984 
          78  1 0.1996 0.1749 0.2093 0.2083 0.2079 
          79  1 0.2029 0.1822 0.2056 0.2031 0.2062 
          80  1 0.1899 0.1740 0.2073 0.2181 0.2107 
          81  1 0.1990 0.1867 0.2066 0.2037 0.2039 
          82  1 0.1976 0.2055 0.1985 0.2006 0.1978 
          83  1 0.1996 0.1876 0.2049 0.2028 0.2051 
          84  1 0.2016 0.1884 0.2013 0.2025 0.2062 
          85  1 0.1995 0.1816 0.2057 0.2082 0.2050 
          86  1 0.2037 0.1933 0.2023 0.2008 0.1999 
          87  1 0.2029 0.1936 0.2002 0.2017 0.2016 
          88  1 0.2025 0.1988 0.1999 0.1987 0.2000 
          89  1 0.1970 0.1985 0.2017 0.2018 0.2010 
          90  1 0.2024 0.2103 0.1990 0.1935 0.1948 
          91  1 0.2046 0.2104 0.1948 0.1934 0.1969 
          92  1 0.2048 0.2092 0.1955 0.1956 0.1949 
          93  1 0.1976 0.2427 0.1872 0.1872 0.1853 
          94  1 0.2034 0.2010 0.2002 0.1971 0.1983 
          95  1 0.2052 0.2030 0.1957 0.1968 0.1993 
          96  1 0.1963 0.1879 0.2056 0.2035 0.2068 
          97  1 0.2031 0.2036 0.1993 0.1964 0.1976 
          98  1 0.1987 0.2109 0.1968 0.1970 0.1966 
          99  1 0.1960 0.2386 0.1907 0.1869 0.1878 
         100  1 0.2037 0.2232 0.1922 0.1898 0.1910 
         101  1 0.2037 0.2021 0.1964 0.1987 0.1990 
         102  1 0.1965 0.1867 0.2054 0.2057 0.2057 
         103  1 0.2019 0.2105 0.1964 0.1950 0.1962 
         104  1 0.2066 0.2139 0.1942 0.1910 0.1942 
         105  1 0.2021 0.2067 0.1985 0.1973 0.1954 
         106  1 0.1994 0.1938 0.2030 0.2004 0.2034 
         107  1 0.1963 0.2032 0.1994 0.2007 0.2004 
         108  1 0.1984 0.2104 0.1973 0.1969 0.1969 
         109  1 0.1977 0.2099 0.1964 0.1984 0.1977 
         110  1 0.1993 0.2068 0.1978 0.1967 0.1993 
         111  1 0.1948 0.1815 0.2068 0.2103 0.2065 
         112  1 0.2051 0.2135 0.1955 0.1941 0.1918 
         113  1 0.1998 0.1892 0.2033 0.2050 0.2028 
         114  1 0.2032 0.2197 0.1929 0.1908 0.1935 
         115  1 0.1955 0.2030 0.2001 0.2021 0.1994 
         116  1 0.1942 0.2466 0.1866 0.1870 0.1856 
         117  1 0.1970 0.2399 0.1880 0.1875 0.1876 
         118  1 0.1984 0.1851 0.2061 0.2050 0.2054 
         119  1 0.1964 0.1998 0.2017 0.2012 0.2009 
         120  1 0.1965 0.2081 0.1985 0.1983 0.1987 
         121  1 0.2039 0.1950 0.2012 0.1973 0.2025 
         122  1 0.1967 0.1983 0.2019 0.2021 0.2010 
         123  1 0.2016 0.1898 0.1996 0.2030 0.2060 
         124  1 0.2000 0.2306 0.1906 0.1894 0.1894 
         125  1 0.2008 0.1879 0.2052 0.2030 0.2030 
         126  1 0.2005 0.1813 0.2045 0.2062 0.2075 
         127  1 0.1957 0.2125 0.1972 0.1966 0.1979 
         128  1 0.2003 0.1970 0.2001 0.2028 0.1999 
         129  1 0.2018 0.2086 0.1974 0.1968 0.1954 
         130  1 0.2018 0.1887 0.2047 0.2022 0.2026 
         131  1 0.2023 0.1944 0.2001 0.2000 0.2031 
         132  1 0.2040 0.2001 0.2000 0.1980 0.1978 
         133  1 0.2084 0.1968 0.1977 0.1987 0.1984 
         134  1 0.1972 0.1879 0.2068 0.2052 0.2028 
         135  1 0.1983 0.1906 0.2058 0.2029 0.2023 
         136  1 0.2004 0.1863 0.2037 0.2041 0.2056 
         137  1 0.2003 0.1867 0.2055 0.2022 0.2053 
         138  1 0.2008 0.2216 0.1913 0.1914 0.1949 
         139  1 0.2015 0.1998 0.1998 0.1995 0.1993 
         140  1 0.1956 0.2141 0.1963 0.1966 0.1973 
         141  1 0.1994 0.2000 0.1990 0.2014 0.2002 
         142  1 0.1986 0.2235 0.1931 0.1923 0.1925 
         143  1 0.2000 0.2318 0.1906 0.1874 0.1902 
         144  1 0.1975 0.1861 0.2047 0.2062 0.2055 
         145  1 0.2029 0.1924 0.1986 0.2031 0.2031 
         146  1 0.2005 0.1934 0.2008 0.2023 0.2030 
         147  1 0.1977 0.1778 0.2072 0.2106 0.2067 
         148  1 0.1969 0.1775 0.2058 0.2120 0.2078 
         149  1 0.1958 0.1701 0.2095 0.2142 0.2103 
         150  1 0.1997 0.1875 0.2035 0.2039 0.2053 
