           1  1 0.1673 0.1695 0.1647 0.1670 0.1639 0.1675 
           2  1 0.1645 0.1617 0.1685 0.1680 0.1722 0.1651 
           3  1 0.1662 0.1644 0.1683 0.1677 0.1684 0.1649 
           4  1 0.1670 0.1666 0.1666 0.1663 0.1668 0.1667 
           5  1 0.1632 0.1605 0.1696 0.1658 0.1790 0.1619 
           6  1 0.1676 0.1684 0.1667 0.1661 0.1653 0.1660 
           7  1 0.1670 0.1668 0.1651 0.1666 0.1672 0.1673 
           8  1 0.1671 0.1674 0.1657 0.1670 0.1657 0.1671 
           9  1 0.1653 0.1640 0.1676 0.1670 0.1702 0.1660 
          10  1 0.1664 0.1657 0.1669 0.1664 0.1670 0.1676 
          11  1 0.1648 0.1650 0.1688 0.1651 0.1716 0.1646 
          12  1 0.1650 0.1641 0.1687 0.1666 0.1706 0.1650 
          13  1 0.1678 0.1683 0.1658 0.1673 0.1622 0.1686 
          14  1 0.1688 0.1727 0.1642 0.1659 0.1591 0.1694 
          15  1 0.1688 0.1705 0.1644 0.1668 0.1597 0.1698 
          16  1 0.1642 0.1613 0.1686 0.1677 0.1732 0.1650 
          17  1 0.1641 0.1625 0.1695 0.1669 0.1726 0.1645 
          18  1 0.1698 0.1721 0.1636 0.1663 0.1583 0.1699 
          19  1 0.1655 0.1659 0.1690 0.1660 0.1669 0.1667 
          20  1 0.1674 0.1664 0.1664 0.1673 0.1666 0.1659 
          21  1 0.1659 0.1644 0.1672 0.1669 0.1696 0.1662 
          22  1 0.1664 0.1657 0.1668 0.1677 0.1665 0.1670 
          23  1 0.1661 0.1644 0.1676 0.1668 0.1707 0.1644 
          24  1 0.1646 0.1622 0.1683 0.1684 0.1714 0.1652 
          25  1 0.1646 0.1612 0.1690 0.1668 0.1733 0.1652 
          26  1 0.1672 0.1688 0.1651 0.1674 0.1628 0.1687 
          27  1 0.1655 0.1643 0.1684 0.1680 0.1686 0.1652 
          28  1 0.1650 0.1640 0.1668 0.1676 0.1700 0.1666 
          29  1 0.1660 0.1658 0.1666 0.1679 0.1677 0.1660 
          30  1 0.1648 0.1626 0.1686 0.1668 0.1726 0.1645 
          31  1 0.1697 0.1714 0.1660 0.1641 0.1627 0.1661 
          32  1 0.1671 0.1667 0.1679 0.1671 0.1658 0.1655 
          33  1 0.1655 0.1647 0.1659 0.1673 0.1702 0.1664 
          34  1 0.1674 0.1677 0.1672 0.1666 0.1649 0.1662 
          35  1 0.1658 0.1659 0.1665 0.1681 0.1669 0.1668 
          36  1 0.1673 0.1674 0.1662 0.1656 0.1661 0.1674 
          37  1 0.1668 0.1676 0.1665 0.1672 0.1649 0.1671 
          38  1 0.1661 0.1673 0.1669 0.1664 0.1667 0.1667 
          39  1 0.1684 0.1720 0.1652 0.1644 0.1616 0.1684 
          40  1 0.1647 0.1636 0.1687 0.1660 0.1712 0.1659 
          41  1 0.1648 0.1616 0.1678 0.1670 0.1731 0.1657 
          42  1 0.1685 0.1709 0.1657 0.1650 0.1627 0.1673 
          43  1 0.1683 0.1680 0.1658 0.1667 0.1650 0.1663 
          44  1 0.1684 0.1687 0.1662 0.1669 0.1627 0.1672 
          45  1 0.1682 0.1689 0.1656 0.1667 0.1647 0.1658 
          46  1 0.1659 0.1644 0.1664 0.1686 0.1686 0.1662 
          47  1 0.1677 0.1676 0.1657 0.1657 0.1660 0.1673 
          48  1 0.1642 0.1603 0.1682 0.1671 0.1758 0.1645 
          49  1 0.1710 0.1747 0.1638 0.1637 0.1579 0.1688 
          50  1 0.1686 0.1702 0.1666 0.1666 0.1614 0.1666 
          51  1 0.1678 0.1689 0.1660 0.1664 0.1640 0.1669 
          52  1 0.1637 0.1604 0.1683 0.1685 0.1731 0.1659 
          53  1 0.1634 0.1602 0.1693 0.1677 0.1742 0.1651 
          54  1 0.1652 0.1636 0.1685 0.1665 0.1699 0.1663 
          55  1 0.1649 0.1645 0.1679 0.1676 0.1698 0.1654 
          56  1 0.1666 0.1677 0.1656 0.1664 0.1658 0.1679 
          57  1 0.1689 0.1701 0.1653 0.1652 0.1636 0.1670 
          58  1 0.1661 0.1644 0.1672 0.1671 0.1688 0.1662 
          59  1 0.1690 0.1721 0.1643 0.1659 0.1610 0.1677 
          60  1 0.1686 0.1711 0.1629 0.1664 0.1624 0.1686 
          61  1 0.1667 0.1681 0.1669 0.1664 0.1656 0.1663 
          62  1 0.1659 0.1680 0.1650 0.1683 0.1642 0.1687 
          63  1 0.1676 0.1685 0.1660 0.1660 0.1648 0.1671 
          64  1 0.1672 0.1667 0.1670 0.1675 0.1652 0.1664 
          65  1 0.1645 0.1624 0.1682 0.1670 0.1719 0.1660 
          66  1 0.1680 0.1690 0.1652 0.1653 0.1662 0.1663 
          67  1 0.1685 0.1694 0.1660 0.1655 0.1656 0.1652 
          68  1 0.1667 0.1650 0.1667 0.1691 0.1676 0.1648 
          69  1 0.1672 0.1677 0.1671 0.1657 0.1654 0.1670 
          70  1 0.1658 0.1657 0.1668 0.1660 0.1688 0.1670 
          71  1 0.1681 0.1697 0.1652 0.1661 0.1649 0.1660 
          72  1 0.1677 0.1681 0.1659 0.1659 0.1648 0.1676 
          73  1 0.1634 0.1624 0.1678 0.1686 0.1704 0.1674 
          74  1 0.1696 0.1738 0.1647 0.1648 0.1587 0.1684 
          75  1 0.1688 0.1721 0.1653 0.1653 0.1598 0.1687 
          76  1 0.1667 0.1689 0.1650 0.1669 0.1641 0.1683 
          77  1 0.1669 0.1672 0.1671 0.1666 0.1661 0.1661 
          78  1 0.1681 0.1699 0.1658 0.1660 0.1623 0.1678 
          79  1 0.1666 0.1684 0.1655 0.1663 0.1656 0.1676 
          80  1 0.1718 0.1764 0.1635 0.1647 0.1552 0.1683 
          81  1 0.1675 0.1689 0.1660 0.1661 0.1641 0.1674 
          82  1 0.1665 0.1657 0.1674 0.1667 0.1689 0.1647 
          83  1 0.1674 0.1694 0.1655 0.1672 0.1625 0.1680 
          84  1 0.1670 0.1670 0.1661 0.1657 0.1658 0.1683 
          85  1 0.1685 0.1701 0.1651 0.1654 0.1632 0.1676 
          86  1 0.1659 0.1649 0.1672 0.1679 0.1686 0.1655 
          87  1 0.1669 0.1685 0.1651 0.1669 0.1649 0.1677 
          88  1 0.1668 0.1648 0.1669 0.1672 0.1679 0.1664 
          89  1 0.1671 0.1683 0.1656 0.1669 0.1658 0.1663 
          90  1 0.1654 0.1635 0.1676 0.1666 0.1720 0.1648 
          91  1 0.1653 0.1646 0.1684 0.1667 0.1698 0.1651 
          92  1 0.1652 0.1629 0.1689 0.1675 0.1700 0.1656 
          93  1 0.1647 0.1640 0.1672 0.1681 0.1687 0.1674 
          94  1 0.1661 0.1665 0.1675 0.1671 0.1676 0.1652 
          95  1 0.1657 0.1647 0.1672 0.1669 0.1692 0.1663 
          96  1 0.1678 0.1695 0.1645 0.1661 0.1629 0.1692 
          97  1 0.1654 0.1636 0.1672 0.1676 0.1702 0.1659 
          98  1 0.1664 0.1661 0.1667 0.1676 0.1655 0.1677 
          99  1 0.1666 0.1648 0.1686 0.1670 0.1677 0.1654 
         100  1 0.1648 0.1608 0.1680 0.1680 0.1741 0.1642 
         101  1 0.1659 0.1653 0.1674 0.1669 0.1680 0.1665 
         102  1 0.1671 0.1697 0.1647 0.1669 0.1620 0.1697 
         103  1 0.1652 0.1627 0.1677 0.1684 0.1713 0.1649 
         104  1 0.1640 0.1609 0.1685 0.1674 0.1736 0.1655 
         105  1 0.1638 0.1628 0.1672 0.1674 0.1720 0.1667 
         106  1 0.1671 0.1685 0.1665 0.1665 0.1643 0.1672 
         107  1 0.1675 0.1689 0.1650 0.1660 0.1647 0.1679 
         108  1 0.1673 0.1665 0.1672 0.1660 0.1669 0.1661 
         109  1 0.1655 0.1655 0.1655 0.1671 0.1682 0.1683 
         110  1 0.1667 0.1672 0.1662 0.1663 0.1681 0.1656 
         111  1 0.1687 0.1716 0.1646 0.1659 0.1599 0.1693 
         112  1 0.1645 0.1641 0.1680 0.1667 0.1696 0.1671 
         113  1 0.1671 0.1671 0.1678 0.1657 0.1668 0.1655 
         114  1 0.1664 0.1637 0.1674 0.1669 0.1701 0.1654 
         115  1 0.1668 0.1683 0.1659 0.1660 0.1667 0.1664 
         116  1 0.1663 0.1631 0.1688 0.1674 0.1704 0.1641 
         117  1 0.1654 0.1647 0.1673 0.1668 0.1698 0.1661 
         118  1 0.1678 0.1686 0.1660 0.1671 0.1628 0.1677 
         119  1 0.1672 0.1680 0.1644 0.1677 0.1652 0.1675 
         120  1 0.1668 0.1645 0.1670 0.1660 0.1703 0.1654 
         121  1 0.1651 0.1645 0.1674 0.1669 0.1700 0.1662 
         122  1 0.1682 0.1705 0.1650 0.1660 0.1619 0.1684 
         123  1 0.1670 0.1684 0.1652 0.1676 0.1642 0.1676 
         124  1 0.1658 0.1641 0.1673 0.1670 0.1707 0.1650 
         125  1 0.1664 0.1678 0.1655 0.1669 0.1660 0.1673 
         126  1 0.1685 0.1706 0.1664 0.1642 0.1627 0.1676 
         127  1 0.1666 0.1680 0.1673 0.1662 0.1657 0.1663 
         128  1 0.1681 0.1675 0.1661 0.1672 0.1662 0.1648 
         129  1 0.1657 0.1643 0.1680 0.1672 0.1675 0.1672 
         130  1 0.1671 0.1663 0.1652 0.1680 0.1671 0.1663 
         131  1 0.1658 0.1649 0.1662 0.1679 0.1688 0.1664 
         132  1 0.1660 0.1639 0.1680 0.1665 0.1716 0.1640 
         133  1 0.1634 0.1623 0.1682 0.1668 0.1735 0.1658 
         134  1 0.1692 0.1721 0.1645 0.1646 0.1611 0.1685 
         135  1 0.1672 0.1670 0.1666 0.1660 0.1665 0.1668 
         136  1 0.1674 0.1685 0.1651 0.1665 0.1659 0.1667 
         137  1 0.1672 0.1674 0.1663 0.1662 0.1653 0.1676 
         138  1 0.1647 0.1627 0.1686 0.1669 0.1717 0.1655 
         139  1 0.1659 0.1646 0.1682 0.1659 0.1713 0.1641 
         140  1 0.1664 0.1659 0.1673 0.1676 0.1657 0.1671 
         141  1 0.1675 0.1679 0.1670 0.1666 0.1653 0.1657 
         142  1 0.1671 0.1648 0.1678 0.1660 0.1687 0.1656 
         143  1 0.1650 0.1613 0.1684 0.1680 0.1719 0.1654 
         144  1 0.1666 0.1675 0.1664 0.1671 0.1659 0.1665 
         145  1 0.1659 0.1656 0.1675 0.1667 0.1685 0.1658 
         146  1 0.1668 0.1683 0.1650 0.1673 0.1647 0.1680 
         147  1 0.1690 0.1713 0.1659 0.1662 0.1610 0.1667 
         148  1 0.1687 0.1707 0.1656 0.1655 0.1616 0.1678 
         149  1 0.1701 0.1739 0.1642 0.1647 0.1592 0.1681 
         150  1 0.1666 0.1677 0.1651 0.1663 0.1662 0.1681 
