           1  1 0.1079 0.1093 0.1114 0.1134 0.1138 0.1077 0.1096 0.1136 0.1134 
           2  1 0.1137 0.1117 0.1082 0.1113 0.1064 0.1153 0.1151 0.1101 0.1081 
           3  1 0.1230 0.1129 0.1079 0.1068 0.1059 0.1189 0.1103 0.1075 0.1068 
           4  1 0.1144 0.1111 0.1110 0.1091 0.1098 0.1130 0.1102 0.1108 0.1106 
           5  1 0.1133 0.1114 0.1082 0.1112 0.1067 0.1156 0.1158 0.1086 0.1092 
           6  1 0.1083 0.1106 0.1117 0.1120 0.1115 0.1122 0.1118 0.1101 0.1118 
           7  1 0.1079 0.1118 0.1120 0.1114 0.1122 0.1080 0.1112 0.1135 0.1120 
           8  1 0.1086 0.1099 0.1127 0.1122 0.1140 0.1072 0.1099 0.1125 0.1129 
           9  1 0.1123 0.1105 0.1096 0.1108 0.1088 0.1159 0.1136 0.1093 0.1091 
          10  1 0.1128 0.1121 0.1090 0.1116 0.1098 0.1122 0.1109 0.1112 0.1105 
          11  1 0.1187 0.1105 0.1087 0.1094 0.1080 0.1177 0.1124 0.1070 0.1076 
          12  1 0.1114 0.1107 0.1099 0.1108 0.1109 0.1134 0.1125 0.1105 0.1101 
          13  1 0.1079 0.1093 0.1103 0.1125 0.1121 0.1123 0.1116 0.1122 0.1119 
          14  1 0.1019 0.1073 0.1146 0.1140 0.1186 0.1042 0.1095 0.1144 0.1155 
          15  1 0.1064 0.1106 0.1124 0.1122 0.1139 0.1097 0.1115 0.1114 0.1119 
          16  1 0.1149 0.1124 0.1092 0.1096 0.1072 0.1161 0.1130 0.1093 0.1082 
          17  1 0.1221 0.1149 0.1072 0.1081 0.1055 0.1159 0.1107 0.1073 0.1083 
          18  1 0.1040 0.1071 0.1137 0.1142 0.1148 0.1087 0.1109 0.1135 0.1131 
          19  1 0.1143 0.1141 0.1098 0.1087 0.1095 0.1139 0.1117 0.1074 0.1106 
          20  1 0.1107 0.1122 0.1119 0.1115 0.1105 0.1119 0.1099 0.1104 0.1110 
          21  1 0.1169 0.1154 0.1095 0.1092 0.1080 0.1137 0.1104 0.1075 0.1094 
          22  1 0.1110 0.1114 0.1106 0.1108 0.1103 0.1120 0.1119 0.1119 0.1101 
          23  1 0.1112 0.1121 0.1089 0.1123 0.1093 0.1127 0.1114 0.1107 0.1112 
          24  1 0.1179 0.1154 0.1090 0.1090 0.1073 0.1152 0.1094 0.1079 0.1088 
          25  1 0.1116 0.1136 0.1112 0.1117 0.1075 0.1101 0.1119 0.1119 0.1106 
          26  1 0.1089 0.1102 0.1119 0.1114 0.1116 0.1098 0.1116 0.1124 0.1123 
          27  1 0.1129 0.1111 0.1113 0.1102 0.1101 0.1132 0.1116 0.1090 0.1106 
          28  1 0.1150 0.1130 0.1095 0.1098 0.1085 0.1135 0.1105 0.1088 0.1114 
          29  1 0.1115 0.1125 0.1107 0.1113 0.1102 0.1110 0.1112 0.1107 0.1109 
          30  1 0.1140 0.1145 0.1102 0.1101 0.1076 0.1154 0.1109 0.1087 0.1086 
          31  1 0.1053 0.1072 0.1148 0.1126 0.1167 0.1077 0.1096 0.1129 0.1132 
          32  1 0.1196 0.1088 0.1078 0.1065 0.1095 0.1195 0.1114 0.1078 0.1090 
          33  1 0.1130 0.1140 0.1098 0.1098 0.1084 0.1134 0.1117 0.1086 0.1112 
          34  1 0.1174 0.1125 0.1085 0.1093 0.1086 0.1151 0.1106 0.1088 0.1092 
          35  1 0.1151 0.1143 0.1105 0.1096 0.1105 0.1092 0.1095 0.1095 0.1119 
          36  1 0.1085 0.1092 0.1118 0.1118 0.1122 0.1096 0.1118 0.1132 0.1119 
          37  1 0.1066 0.1111 0.1117 0.1123 0.1128 0.1085 0.1107 0.1130 0.1134 
          38  1 0.1094 0.1103 0.1122 0.1134 0.1121 0.1085 0.1094 0.1121 0.1127 
          39  1 0.1062 0.1091 0.1127 0.1136 0.1148 0.1072 0.1109 0.1121 0.1135 
          40  1 0.1151 0.1140 0.1090 0.1087 0.1073 0.1165 0.1095 0.1099 0.1100 
          41  1 0.1156 0.1129 0.1089 0.1096 0.1067 0.1160 0.1118 0.1099 0.1087 
          42  1 0.1097 0.1098 0.1126 0.1128 0.1146 0.1069 0.1100 0.1113 0.1123 
          43  1 0.1099 0.1111 0.1124 0.1123 0.1135 0.1071 0.1093 0.1139 0.1105 
          44  1 0.1075 0.1120 0.1115 0.1116 0.1122 0.1111 0.1096 0.1121 0.1123 
          45  1 0.1079 0.1081 0.1130 0.1118 0.1152 0.1093 0.1110 0.1120 0.1116 
          46  1 0.1144 0.1119 0.1109 0.1093 0.1085 0.1118 0.1116 0.1108 0.1107 
          47  1 0.1080 0.1120 0.1116 0.1132 0.1113 0.1084 0.1114 0.1131 0.1110 
          48  1 0.1125 0.1133 0.1089 0.1124 0.1072 0.1144 0.1130 0.1106 0.1077 
          49  1 0.1015 0.1064 0.1163 0.1152 0.1193 0.1018 0.1098 0.1147 0.1150 
          50  1 0.1058 0.1091 0.1133 0.1127 0.1159 0.1059 0.1104 0.1124 0.1145 
          51  1 0.1098 0.1100 0.1114 0.1126 0.1132 0.1091 0.1108 0.1101 0.1131 
          52  1 0.1229 0.1148 0.1069 0.1059 0.1040 0.1234 0.1108 0.1055 0.1059 
          53  1 0.1205 0.1148 0.1074 0.1090 0.1044 0.1195 0.1102 0.1070 0.1071 
          54  1 0.1162 0.1121 0.1104 0.1092 0.1092 0.1137 0.1099 0.1098 0.1094 
          55  1 0.1159 0.1125 0.1095 0.1104 0.1070 0.1130 0.1120 0.1107 0.1090 
          56  1 0.1104 0.1118 0.1092 0.1121 0.1099 0.1114 0.1134 0.1101 0.1116 
          57  1 0.1092 0.1090 0.1134 0.1102 0.1156 0.1079 0.1095 0.1126 0.1126 
          58  1 0.1107 0.1101 0.1088 0.1123 0.1091 0.1138 0.1151 0.1103 0.1098 
          59  1 0.1075 0.1088 0.1145 0.1123 0.1173 0.1055 0.1082 0.1134 0.1126 
          60  1 0.1037 0.1091 0.1134 0.1137 0.1153 0.1040 0.1116 0.1153 0.1141 
          61  1 0.1070 0.1105 0.1123 0.1113 0.1129 0.1088 0.1126 0.1117 0.1130 
          62  1 0.1156 0.1132 0.1103 0.1091 0.1092 0.1117 0.1101 0.1096 0.1112 
          63  1 0.1091 0.1118 0.1118 0.1114 0.1129 0.1091 0.1099 0.1124 0.1115 
          64  1 0.1110 0.1102 0.1121 0.1086 0.1124 0.1119 0.1099 0.1112 0.1126 
          65  1 0.1190 0.1102 0.1074 0.1096 0.1061 0.1179 0.1135 0.1077 0.1086 
          66  1 0.1067 0.1071 0.1120 0.1139 0.1153 0.1070 0.1106 0.1141 0.1133 
          67  1 0.1077 0.1077 0.1134 0.1129 0.1150 0.1058 0.1107 0.1132 0.1137 
          68  1 0.1145 0.1118 0.1104 0.1094 0.1101 0.1125 0.1107 0.1094 0.1113 
          69  1 0.1075 0.1093 0.1124 0.1121 0.1130 0.1096 0.1120 0.1122 0.1120 
          70  1 0.1105 0.1106 0.1110 0.1115 0.1107 0.1115 0.1128 0.1106 0.1107 
          71  1 0.1076 0.1096 0.1126 0.1119 0.1151 0.1061 0.1095 0.1126 0.1151 
          72  1 0.1084 0.1115 0.1124 0.1123 0.1134 0.1083 0.1107 0.1122 0.1109 
          73  1 0.1152 0.1143 0.1093 0.1089 0.1066 0.1160 0.1115 0.1096 0.1085 
          74  1 0.1080 0.1095 0.1133 0.1137 0.1158 0.1041 0.1098 0.1134 0.1125 
          75  1 0.1065 0.1090 0.1148 0.1126 0.1159 0.1051 0.1094 0.1126 0.1141 
          76  1 0.1068 0.1092 0.1130 0.1134 0.1122 0.1097 0.1110 0.1121 0.1125 
          77  1 0.1099 0.1108 0.1120 0.1105 0.1118 0.1127 0.1103 0.1112 0.1109 
          78  1 0.1044 0.1098 0.1149 0.1140 0.1152 0.1054 0.1097 0.1129 0.1137 
          79  1 0.1080 0.1123 0.1115 0.1116 0.1132 0.1096 0.1099 0.1126 0.1113 
          80  1 0.1030 0.1059 0.1147 0.1139 0.1209 0.1036 0.1097 0.1135 0.1148 
          81  1 0.1077 0.1096 0.1126 0.1130 0.1125 0.1100 0.1101 0.1124 0.1122 
          82  1 0.1109 0.1107 0.1120 0.1117 0.1103 0.1120 0.1100 0.1110 0.1115 
          83  1 0.1082 0.1117 0.1126 0.1109 0.1135 0.1093 0.1114 0.1109 0.1115 
          84  1 0.1097 0.1108 0.1119 0.1131 0.1123 0.1087 0.1095 0.1120 0.1121 
          85  1 0.1050 0.1089 0.1151 0.1131 0.1158 0.1052 0.1095 0.1140 0.1134 
          86  1 0.1099 0.1110 0.1107 0.1116 0.1108 0.1106 0.1121 0.1127 0.1106 
          87  1 0.1090 0.1102 0.1129 0.1103 0.1131 0.1103 0.1104 0.1115 0.1123 
          88  1 0.1117 0.1121 0.1093 0.1120 0.1109 0.1112 0.1100 0.1117 0.1110 
          89  1 0.1107 0.1104 0.1114 0.1105 0.1122 0.1108 0.1104 0.1118 0.1117 
          90  1 0.1118 0.1131 0.1098 0.1110 0.1080 0.1127 0.1119 0.1112 0.1106 
          91  1 0.1121 0.1114 0.1102 0.1109 0.1091 0.1133 0.1139 0.1093 0.1099 
          92  1 0.1143 0.1137 0.1089 0.1099 0.1074 0.1157 0.1102 0.1093 0.1106 
          93  1 0.1231 0.1132 0.1081 0.1056 0.1051 0.1204 0.1115 0.1063 0.1067 
          94  1 0.1116 0.1116 0.1118 0.1106 0.1116 0.1107 0.1104 0.1111 0.1106 
          95  1 0.1106 0.1120 0.1124 0.1105 0.1110 0.1123 0.1099 0.1101 0.1112 
          96  1 0.1074 0.1096 0.1114 0.1125 0.1136 0.1078 0.1119 0.1145 0.1113 
          97  1 0.1129 0.1142 0.1115 0.1086 0.1086 0.1125 0.1104 0.1105 0.1108 
          98  1 0.1150 0.1105 0.1117 0.1098 0.1102 0.1121 0.1107 0.1101 0.1099 
          99  1 0.1215 0.1103 0.1080 0.1065 0.1063 0.1199 0.1118 0.1082 0.1075 
         100  1 0.1151 0.1128 0.1094 0.1101 0.1069 0.1143 0.1119 0.1105 0.1090 
         101  1 0.1132 0.1116 0.1114 0.1106 0.1097 0.1136 0.1098 0.1098 0.1103 
         102  1 0.1059 0.1105 0.1123 0.1136 0.1138 0.1084 0.1106 0.1131 0.1118 
         103  1 0.1158 0.1139 0.1092 0.1106 0.1076 0.1137 0.1101 0.1110 0.1082 
         104  1 0.1135 0.1138 0.1102 0.1084 0.1080 0.1145 0.1127 0.1106 0.1084 
         105  1 0.1103 0.1096 0.1088 0.1119 0.1094 0.1156 0.1139 0.1104 0.1101 
         106  1 0.1140 0.1111 0.1100 0.1113 0.1120 0.1081 0.1111 0.1111 0.1113 
         107  1 0.1092 0.1098 0.1106 0.1116 0.1112 0.1115 0.1127 0.1117 0.1117 
         108  1 0.1119 0.1121 0.1102 0.1107 0.1112 0.1133 0.1103 0.1106 0.1096 
         109  1 0.1099 0.1098 0.1092 0.1120 0.1082 0.1148 0.1152 0.1102 0.1107 
         110  1 0.1128 0.1104 0.1103 0.1109 0.1109 0.1119 0.1115 0.1113 0.1100 
         111  1 0.1076 0.1077 0.1136 0.1128 0.1160 0.1066 0.1102 0.1127 0.1128 
         112  1 0.1138 0.1166 0.1094 0.1100 0.1070 0.1151 0.1108 0.1086 0.1089 
         113  1 0.1099 0.1107 0.1141 0.1110 0.1141 0.1072 0.1084 0.1110 0.1137 
         114  1 0.1161 0.1147 0.1090 0.1099 0.1073 0.1177 0.1095 0.1079 0.1078 
         115  1 0.1096 0.1106 0.1106 0.1125 0.1115 0.1106 0.1114 0.1118 0.1114 
         116  1 0.1223 0.1134 0.1066 0.1072 0.1046 0.1222 0.1111 0.1061 0.1063 
         117  1 0.1213 0.1130 0.1079 0.1068 0.1069 0.1181 0.1122 0.1059 0.1078 
         118  1 0.1074 0.1116 0.1121 0.1123 0.1129 0.1068 0.1106 0.1126 0.1137 
         119  1 0.1147 0.1113 0.1114 0.1107 0.1120 0.1080 0.1085 0.1109 0.1125 
         120  1 0.1123 0.1105 0.1126 0.1119 0.1100 0.1116 0.1104 0.1106 0.1102 
         121  1 0.1103 0.1113 0.1109 0.1122 0.1105 0.1110 0.1113 0.1114 0.1111 
         122  1 0.1102 0.1091 0.1124 0.1106 0.1143 0.1102 0.1101 0.1109 0.1123 
         123  1 0.1080 0.1110 0.1116 0.1121 0.1135 0.1080 0.1110 0.1126 0.1122 
         124  1 0.1177 0.1121 0.1095 0.1080 0.1066 0.1182 0.1119 0.1068 0.1092 
         125  1 0.1095 0.1114 0.1123 0.1124 0.1124 0.1083 0.1108 0.1112 0.1117 
         126  1 0.1061 0.1092 0.1125 0.1140 0.1149 0.1057 0.1102 0.1134 0.1139 
         127  1 0.1199 0.1116 0.1093 0.1081 0.1085 0.1150 0.1124 0.1074 0.1077 
         128  1 0.1097 0.1121 0.1108 0.1122 0.1118 0.1106 0.1102 0.1119 0.1106 
         129  1 0.1114 0.1123 0.1111 0.1105 0.1098 0.1111 0.1122 0.1114 0.1102 
         130  1 0.1087 0.1120 0.1111 0.1124 0.1116 0.1103 0.1103 0.1119 0.1117 
         131  1 0.1105 0.1116 0.1115 0.1116 0.1103 0.1088 0.1125 0.1122 0.1110 
         132  1 0.1109 0.1134 0.1115 0.1111 0.1091 0.1115 0.1123 0.1095 0.1107 
         133  1 0.1130 0.1132 0.1090 0.1130 0.1081 0.1133 0.1112 0.1097 0.1094 
         134  1 0.1097 0.1084 0.1123 0.1137 0.1136 0.1073 0.1106 0.1118 0.1126 
         135  1 0.1087 0.1114 0.1126 0.1114 0.1109 0.1083 0.1104 0.1136 0.1127 
         136  1 0.1066 0.1111 0.1118 0.1123 0.1122 0.1075 0.1124 0.1135 0.1125 
         137  1 0.1082 0.1112 0.1112 0.1118 0.1125 0.1090 0.1100 0.1128 0.1133 
         138  1 0.1156 0.1130 0.1093 0.1091 0.1081 0.1146 0.1114 0.1090 0.1099 
         139  1 0.1099 0.1113 0.1100 0.1130 0.1084 0.1123 0.1132 0.1120 0.1099 
         140  1 0.1133 0.1118 0.1115 0.1098 0.1092 0.1114 0.1125 0.1094 0.1110 
         141  1 0.1151 0.1106 0.1113 0.1098 0.1123 0.1096 0.1096 0.1105 0.1112 
         142  1 0.1128 0.1117 0.1092 0.1096 0.1086 0.1157 0.1122 0.1093 0.1110 
         143  1 0.1187 0.1146 0.1084 0.1084 0.1050 0.1197 0.1102 0.1083 0.1068 
         144  1 0.1077 0.1088 0.1131 0.1123 0.1141 0.1077 0.1103 0.1133 0.1126 
         145  1 0.1094 0.1109 0.1109 0.1129 0.1115 0.1097 0.1115 0.1128 0.1104 
         146  1 0.1080 0.1131 0.1099 0.1107 0.1112 0.1108 0.1132 0.1121 0.1111 
         147  1 0.1051 0.1088 0.1146 0.1121 0.1163 0.1059 0.1098 0.1136 0.1140 
         148  1 0.1050 0.1083 0.1144 0.1138 0.1165 0.1047 0.1103 0.1137 0.1133 
         149  1 0.1019 0.1073 0.1141 0.1149 0.1188 0.1042 0.1096 0.1145 0.1147 
         150  1 0.1070 0.1087 0.1131 0.1122 0.1135 0.1088 0.1109 0.1125 0.1132 
