           1  1 0.3177 0.3427 0.3396 
           2  1 0.3615 0.3137 0.3248 
           3  1 0.3498 0.3203 0.3299 
           4  1 0.3365 0.3303 0.3331 
           5  1 0.3646 0.3215 0.3140 
           6  1 0.3320 0.3370 0.3311 
           7  1 0.3193 0.3402 0.3404 
           8  1 0.3243 0.3389 0.3368 
           9  1 0.3495 0.3216 0.3288 
          10  1 0.3392 0.3291 0.3316 
          11  1 0.3507 0.3234 0.3259 
          12  1 0.3476 0.3264 0.3261 
          13  1 0.3268 0.3332 0.3400 
          14  1 0.3034 0.3547 0.3419 
          15  1 0.3125 0.3438 0.3437 
          16  1 0.3619 0.3177 0.3204 
          17  1 0.3539 0.3200 0.3261 
          18  1 0.3041 0.3514 0.3446 
          19  1 0.3383 0.3294 0.3323 
          20  1 0.3332 0.3297 0.3371 
          21  1 0.3483 0.3219 0.3298 
          22  1 0.3412 0.3285 0.3303 
          23  1 0.3427 0.3259 0.3313 
          24  1 0.3496 0.3199 0.3305 
          25  1 0.3551 0.3220 0.3229 
          26  1 0.3222 0.3387 0.3392 
          27  1 0.3439 0.3276 0.3285 
          28  1 0.3427 0.3278 0.3295 
          29  1 0.3453 0.3267 0.3281 
          30  1 0.3492 0.3248 0.3260 
          31  1 0.3112 0.3486 0.3402 
          32  1 0.3362 0.3351 0.3287 
          33  1 0.3423 0.3263 0.3314 
          34  1 0.3348 0.3303 0.3349 
          35  1 0.3341 0.3316 0.3343 
          36  1 0.3316 0.3383 0.3301 
          37  1 0.3289 0.3354 0.3357 
          38  1 0.3293 0.3342 0.3365 
          39  1 0.3122 0.3485 0.3393 
          40  1 0.3522 0.3206 0.3272 
          41  1 0.3570 0.3183 0.3247 
          42  1 0.3117 0.3488 0.3394 
          43  1 0.3235 0.3377 0.3388 
          44  1 0.3188 0.3400 0.3412 
          45  1 0.3193 0.3442 0.3365 
          46  1 0.3446 0.3252 0.3302 
          47  1 0.3276 0.3363 0.3361 
          48  1 0.3640 0.3151 0.3209 
          49  1 0.2898 0.3638 0.3464 
          50  1 0.3144 0.3477 0.3379 
          51  1 0.3261 0.3388 0.3351 
          52  1 0.3647 0.3136 0.3217 
          53  1 0.3652 0.3133 0.3215 
          54  1 0.3460 0.3259 0.3281 
          55  1 0.3506 0.3229 0.3265 
          56  1 0.3301 0.3315 0.3384 
          57  1 0.3120 0.3476 0.3404 
          58  1 0.3436 0.3299 0.3265 
          59  1 0.3104 0.3519 0.3378 
          60  1 0.3096 0.3524 0.3380 
          61  1 0.3250 0.3399 0.3351 
          62  1 0.3288 0.3329 0.3383 
          63  1 0.3234 0.3383 0.3383 
          64  1 0.3342 0.3384 0.3274 
          65  1 0.3606 0.3196 0.3198 
          66  1 0.3207 0.3454 0.3338 
          67  1 0.3185 0.3474 0.3341 
          68  1 0.3410 0.3300 0.3289 
          69  1 0.3306 0.3382 0.3312 
          70  1 0.3366 0.3337 0.3298 
          71  1 0.3185 0.3463 0.3352 
          72  1 0.3240 0.3374 0.3386 
          73  1 0.3556 0.3191 0.3252 
          74  1 0.3001 0.3535 0.3465 
          75  1 0.3089 0.3483 0.3428 
          76  1 0.3182 0.3441 0.3376 
          77  1 0.3320 0.3358 0.3322 
          78  1 0.3114 0.3472 0.3414 
          79  1 0.3231 0.3376 0.3394 
          80  1 0.2897 0.3676 0.3427 
          81  1 0.3217 0.3403 0.3380 
          82  1 0.3384 0.3310 0.3306 
          83  1 0.3219 0.3394 0.3387 
          84  1 0.3314 0.3336 0.3350 
          85  1 0.3096 0.3509 0.3395 
          86  1 0.3389 0.3322 0.3289 
          87  1 0.3209 0.3421 0.3369 
          88  1 0.3382 0.3275 0.3342 
          89  1 0.3220 0.3403 0.3377 
          90  1 0.3467 0.3266 0.3267 
          91  1 0.3505 0.3240 0.3254 
          92  1 0.3539 0.3192 0.3269 
          93  1 0.3562 0.3197 0.3241 
          94  1 0.3358 0.3324 0.3318 
          95  1 0.3384 0.3323 0.3292 
          96  1 0.3200 0.3428 0.3372 
          97  1 0.3492 0.3244 0.3263 
          98  1 0.3377 0.3295 0.3329 
          99  1 0.3433 0.3251 0.3316 
         100  1 0.3541 0.3198 0.3261 
         101  1 0.3346 0.3321 0.3332 
         102  1 0.3228 0.3402 0.3370 
         103  1 0.3498 0.3213 0.3288 
         104  1 0.3584 0.3184 0.3232 
         105  1 0.3535 0.3232 0.3233 
         106  1 0.3265 0.3374 0.3361 
         107  1 0.3250 0.3357 0.3392 
         108  1 0.3336 0.3332 0.3333 
         109  1 0.3483 0.3248 0.3269 
         110  1 0.3308 0.3363 0.3329 
         111  1 0.3106 0.3498 0.3396 
         112  1 0.3449 0.3257 0.3294 
         113  1 0.3310 0.3396 0.3295 
         114  1 0.3432 0.3224 0.3344 
         115  1 0.3284 0.3352 0.3364 
         116  1 0.3531 0.3176 0.3293 
         117  1 0.3476 0.3247 0.3276 
         118  1 0.3228 0.3385 0.3387 
         119  1 0.3239 0.3390 0.3370 
         120  1 0.3392 0.3279 0.3329 
         121  1 0.3394 0.3292 0.3313 
         122  1 0.3173 0.3419 0.3407 
         123  1 0.3212 0.3389 0.3400 
         124  1 0.3496 0.3224 0.3280 
         125  1 0.3284 0.3358 0.3358 
         126  1 0.3123 0.3478 0.3399 
         127  1 0.3327 0.3323 0.3349 
         128  1 0.3307 0.3327 0.3367 
         129  1 0.3466 0.3234 0.3300 
         130  1 0.3257 0.3381 0.3363 
         131  1 0.3379 0.3290 0.3331 
         132  1 0.3440 0.3276 0.3285 
         133  1 0.3476 0.3256 0.3268 
         134  1 0.3109 0.3500 0.3391 
         135  1 0.3323 0.3341 0.3336 
         136  1 0.3245 0.3377 0.3378 
         137  1 0.3270 0.3407 0.3323 
         138  1 0.3533 0.3226 0.3241 
         139  1 0.3467 0.3272 0.3261 
         140  1 0.3403 0.3311 0.3287 
         141  1 0.3287 0.3365 0.3349 
         142  1 0.3419 0.3292 0.3289 
         143  1 0.3567 0.3152 0.3281 
         144  1 0.3287 0.3389 0.3323 
         145  1 0.3402 0.3289 0.3308 
         146  1 0.3288 0.3354 0.3358 
         147  1 0.3101 0.3489 0.3410 
         148  1 0.3134 0.3494 0.3373 
         149  1 0.2986 0.3566 0.3448 
         150  1 0.3256 0.3399 0.3345 
