           1  1 0.2539 0.2518 0.2372 0.2571 
           2  1 0.2439 0.2467 0.2691 0.2403 
           3  1 0.2464 0.2521 0.2591 0.2424 
           4  1 0.2507 0.2516 0.2488 0.2490 
           5  1 0.2398 0.2475 0.2752 0.2376 
           6  1 0.2494 0.2520 0.2451 0.2535 
           7  1 0.2540 0.2500 0.2423 0.2537 
           8  1 0.2528 0.2489 0.2460 0.2523 
           9  1 0.2464 0.2488 0.2632 0.2416 
          10  1 0.2482 0.2501 0.2543 0.2475 
          11  1 0.2466 0.2479 0.2604 0.2450 
          12  1 0.2447 0.2485 0.2624 0.2443 
          13  1 0.2534 0.2512 0.2427 0.2527 
          14  1 0.2574 0.2520 0.2266 0.2640 
          15  1 0.2566 0.2519 0.2321 0.2595 
          16  1 0.2432 0.2478 0.2704 0.2386 
          17  1 0.2431 0.2479 0.2689 0.2400 
          18  1 0.2596 0.2512 0.2265 0.2627 
          19  1 0.2477 0.2505 0.2561 0.2457 
          20  1 0.2494 0.2506 0.2539 0.2462 
          21  1 0.2462 0.2510 0.2585 0.2443 
          22  1 0.2479 0.2509 0.2531 0.2482 
          23  1 0.2474 0.2494 0.2586 0.2446 
          24  1 0.2456 0.2479 0.2644 0.2421 
          25  1 0.2449 0.2469 0.2689 0.2393 
          26  1 0.2551 0.2505 0.2405 0.2539 
          27  1 0.2460 0.2506 0.2583 0.2451 
          28  1 0.2462 0.2505 0.2586 0.2447 
          29  1 0.2483 0.2509 0.2532 0.2476 
          30  1 0.2460 0.2463 0.2660 0.2417 
          31  1 0.2538 0.2494 0.2363 0.2605 
          32  1 0.2463 0.2511 0.2533 0.2493 
          33  1 0.2471 0.2502 0.2584 0.2443 
          34  1 0.2506 0.2509 0.2470 0.2514 
          35  1 0.2505 0.2507 0.2486 0.2502 
          36  1 0.2497 0.2491 0.2486 0.2526 
          37  1 0.2501 0.2488 0.2495 0.2516 
          38  1 0.2510 0.2487 0.2490 0.2514 
          39  1 0.2551 0.2511 0.2318 0.2620 
          40  1 0.2446 0.2510 0.2634 0.2410 
          41  1 0.2444 0.2471 0.2696 0.2389 
          42  1 0.2570 0.2493 0.2334 0.2603 
          43  1 0.2518 0.2493 0.2457 0.2533 
          44  1 0.2545 0.2517 0.2397 0.2541 
          45  1 0.2509 0.2497 0.2444 0.2549 
          46  1 0.2490 0.2502 0.2553 0.2455 
          47  1 0.2525 0.2473 0.2480 0.2522 
          48  1 0.2433 0.2477 0.2723 0.2366 
          49  1 0.2607 0.2516 0.2185 0.2692 
          50  1 0.2540 0.2502 0.2377 0.2580 
          51  1 0.2523 0.2512 0.2424 0.2540 
          52  1 0.2405 0.2502 0.2756 0.2337 
          53  1 0.2406 0.2483 0.2776 0.2336 
          54  1 0.2445 0.2476 0.2651 0.2428 
          55  1 0.2461 0.2464 0.2620 0.2455 
          56  1 0.2539 0.2519 0.2414 0.2529 
          57  1 0.2542 0.2500 0.2358 0.2600 
          58  1 0.2474 0.2477 0.2582 0.2466 
          59  1 0.2550 0.2522 0.2302 0.2626 
          60  1 0.2575 0.2514 0.2288 0.2623 
          61  1 0.2522 0.2497 0.2443 0.2537 
          62  1 0.2518 0.2542 0.2427 0.2513 
          63  1 0.2537 0.2505 0.2420 0.2538 
          64  1 0.2464 0.2513 0.2521 0.2502 
          65  1 0.2448 0.2492 0.2667 0.2394 
          66  1 0.2522 0.2492 0.2425 0.2561 
          67  1 0.2506 0.2493 0.2446 0.2555 
          68  1 0.2471 0.2502 0.2573 0.2453 
          69  1 0.2499 0.2505 0.2471 0.2525 
          70  1 0.2487 0.2490 0.2531 0.2492 
          71  1 0.2500 0.2506 0.2441 0.2553 
          72  1 0.2535 0.2490 0.2440 0.2534 
          73  1 0.2457 0.2467 0.2673 0.2404 
          74  1 0.2586 0.2522 0.2237 0.2655 
          75  1 0.2554 0.2521 0.2325 0.2600 
          76  1 0.2542 0.2522 0.2370 0.2566 
          77  1 0.2490 0.2523 0.2500 0.2487 
          78  1 0.2554 0.2488 0.2378 0.2580 
          79  1 0.2523 0.2491 0.2457 0.2529 
          80  1 0.2592 0.2517 0.2183 0.2708 
          81  1 0.2526 0.2522 0.2402 0.2550 
          82  1 0.2482 0.2485 0.2575 0.2458 
          83  1 0.2528 0.2506 0.2403 0.2563 
          84  1 0.2500 0.2509 0.2464 0.2526 
          85  1 0.2531 0.2511 0.2365 0.2594 
          86  1 0.2466 0.2497 0.2577 0.2460 
          87  1 0.2530 0.2518 0.2424 0.2528 
          88  1 0.2494 0.2486 0.2549 0.2471 
          89  1 0.2540 0.2505 0.2398 0.2557 
          90  1 0.2463 0.2484 0.2607 0.2446 
          91  1 0.2453 0.2492 0.2626 0.2429 
          92  1 0.2441 0.2504 0.2654 0.2400 
          93  1 0.2441 0.2525 0.2625 0.2409 
          94  1 0.2469 0.2521 0.2531 0.2479 
          95  1 0.2467 0.2487 0.2592 0.2455 
          96  1 0.2554 0.2490 0.2372 0.2584 
          97  1 0.2453 0.2493 0.2622 0.2432 
          98  1 0.2482 0.2507 0.2535 0.2476 
          99  1 0.2470 0.2508 0.2568 0.2454 
         100  1 0.2453 0.2469 0.2682 0.2396 
         101  1 0.2492 0.2499 0.2534 0.2475 
         102  1 0.2554 0.2510 0.2373 0.2563 
         103  1 0.2459 0.2486 0.2644 0.2412 
         104  1 0.2451 0.2465 0.2722 0.2362 
         105  1 0.2459 0.2475 0.2632 0.2434 
         106  1 0.2521 0.2498 0.2433 0.2548 
         107  1 0.2561 0.2497 0.2391 0.2551 
         108  1 0.2486 0.2508 0.2515 0.2492 
         109  1 0.2497 0.2508 0.2532 0.2462 
         110  1 0.2485 0.2508 0.2478 0.2529 
         111  1 0.2570 0.2519 0.2279 0.2632 
         112  1 0.2479 0.2497 0.2577 0.2447 
         113  1 0.2452 0.2480 0.2568 0.2501 
         114  1 0.2491 0.2490 0.2587 0.2432 
         115  1 0.2515 0.2527 0.2427 0.2530 
         116  1 0.2459 0.2509 0.2622 0.2410 
         117  1 0.2454 0.2516 0.2608 0.2421 
         118  1 0.2541 0.2498 0.2404 0.2557 
         119  1 0.2518 0.2537 0.2398 0.2547 
         120  1 0.2497 0.2481 0.2561 0.2460 
         121  1 0.2475 0.2487 0.2595 0.2442 
         122  1 0.2565 0.2530 0.2326 0.2579 
         123  1 0.2543 0.2504 0.2395 0.2558 
         124  1 0.2466 0.2509 0.2603 0.2423 
         125  1 0.2518 0.2496 0.2455 0.2530 
         126  1 0.2559 0.2491 0.2354 0.2596 
         127  1 0.2516 0.2521 0.2447 0.2515 
         128  1 0.2514 0.2521 0.2453 0.2512 
         129  1 0.2488 0.2475 0.2598 0.2438 
         130  1 0.2509 0.2508 0.2472 0.2510 
         131  1 0.2515 0.2497 0.2516 0.2472 
         132  1 0.2469 0.2484 0.2617 0.2430 
         133  1 0.2461 0.2473 0.2634 0.2431 
         134  1 0.2557 0.2498 0.2328 0.2617 
         135  1 0.2500 0.2498 0.2501 0.2500 
         136  1 0.2527 0.2502 0.2423 0.2547 
         137  1 0.2500 0.2500 0.2475 0.2525 
         138  1 0.2426 0.2484 0.2691 0.2399 
         139  1 0.2464 0.2496 0.2601 0.2439 
         140  1 0.2492 0.2512 0.2500 0.2496 
         141  1 0.2492 0.2500 0.2484 0.2523 
         142  1 0.2457 0.2512 0.2567 0.2464 
         143  1 0.2450 0.2491 0.2684 0.2375 
         144  1 0.2493 0.2482 0.2508 0.2518 
         145  1 0.2471 0.2473 0.2582 0.2474 
         146  1 0.2547 0.2501 0.2409 0.2544 
         147  1 0.2551 0.2511 0.2350 0.2588 
         148  1 0.2522 0.2498 0.2407 0.2573 
         149  1 0.2593 0.2506 0.2247 0.2654 
         150  1 0.2528 0.2489 0.2456 0.2527 
