           1  1 0.2003 0.2069 0.1954 0.2042 0.1932 
           2  1 0.1900 0.2154 0.2005 0.2104 0.1838 
           3  1 0.1989 0.1965 0.2020 0.1856 0.2170 
           4  1 0.2037 0.1963 0.1994 0.1940 0.2065 
           5  1 0.1885 0.2120 0.2091 0.2111 0.1793 
           6  1 0.2018 0.1933 0.2018 0.2046 0.1985 
           7  1 0.2001 0.1996 0.1992 0.2055 0.1957 
           8  1 0.2050 0.1999 0.1962 0.1994 0.1995 
           9  1 0.1980 0.2025 0.1956 0.2106 0.1933 
          10  1 0.1962 0.2027 0.2015 0.2038 0.1959 
          11  1 0.1973 0.2003 0.2021 0.2053 0.1950 
          12  1 0.1979 0.2049 0.1994 0.2056 0.1922 
          13  1 0.2015 0.2014 0.2011 0.1989 0.1970 
          14  1 0.2099 0.1860 0.1973 0.2030 0.2038 
          15  1 0.2058 0.1944 0.1958 0.1996 0.2044 
          16  1 0.1973 0.2090 0.1985 0.1987 0.1965 
          17  1 0.1903 0.2071 0.2037 0.1927 0.2062 
          18  1 0.2075 0.1902 0.1943 0.2032 0.2048 
          19  1 0.1967 0.1993 0.1968 0.1946 0.2126 
          20  1 0.2027 0.2063 0.1978 0.1946 0.1987 
          21  1 0.1968 0.2053 0.2015 0.1980 0.1984 
          22  1 0.1967 0.2077 0.2026 0.1966 0.1963 
          23  1 0.1950 0.2053 0.2047 0.1989 0.1961 
          24  1 0.1966 0.2121 0.2029 0.1939 0.1946 
          25  1 0.1912 0.2106 0.2015 0.2083 0.1885 
          26  1 0.2009 0.1958 0.1963 0.2043 0.2026 
          27  1 0.1964 0.2020 0.2008 0.1960 0.2047 
          28  1 0.1980 0.2030 0.2030 0.1914 0.2045 
          29  1 0.1955 0.2030 0.1989 0.2076 0.1950 
          30  1 0.1992 0.2032 0.2034 0.1967 0.1974 
          31  1 0.2079 0.1913 0.2008 0.2000 0.2000 
          32  1 0.2011 0.1941 0.2003 0.1889 0.2157 
          33  1 0.1996 0.2000 0.1990 0.1996 0.2018 
          34  1 0.1923 0.2052 0.2045 0.1989 0.1991 
          35  1 0.1991 0.2001 0.1996 0.1987 0.2025 
          36  1 0.2016 0.2008 0.1997 0.2072 0.1908 
          37  1 0.2031 0.1988 0.1969 0.2052 0.1960 
          38  1 0.2017 0.2032 0.2002 0.1999 0.1951 
          39  1 0.2061 0.1898 0.1946 0.2113 0.1982 
          40  1 0.1969 0.2030 0.1981 0.1896 0.2125 
          41  1 0.1972 0.2096 0.2033 0.1908 0.1990 
          42  1 0.2060 0.1926 0.1964 0.1991 0.2060 
          43  1 0.2026 0.2009 0.1996 0.1993 0.1976 
          44  1 0.2016 0.1986 0.1964 0.1960 0.2074 
          45  1 0.2060 0.1932 0.2038 0.1972 0.1998 
          46  1 0.2052 0.2022 0.1957 0.1921 0.2048 
          47  1 0.2000 0.2008 0.1996 0.2036 0.1960 
          48  1 0.1935 0.2101 0.2080 0.1982 0.1901 
          49  1 0.2105 0.1871 0.2003 0.2023 0.1997 
          50  1 0.2039 0.1984 0.1995 0.2026 0.1956 
          51  1 0.2013 0.1923 0.1949 0.2046 0.2069 
          52  1 0.1948 0.2057 0.2030 0.1817 0.2148 
          53  1 0.1962 0.2088 0.2056 0.1899 0.1996 
          54  1 0.2016 0.1999 0.2048 0.1907 0.2030 
          55  1 0.1912 0.2085 0.2040 0.1975 0.1988 
          56  1 0.1923 0.2000 0.1981 0.2160 0.1936 
          57  1 0.2105 0.1910 0.2019 0.1990 0.1975 
          58  1 0.1921 0.2086 0.2018 0.2093 0.1881 
          59  1 0.2067 0.1917 0.1979 0.2032 0.2005 
          60  1 0.2047 0.1943 0.1978 0.2024 0.2008 
          61  1 0.1980 0.1986 0.2003 0.2062 0.1969 
          62  1 0.2010 0.1918 0.1974 0.1914 0.2183 
          63  1 0.2048 0.1948 0.1950 0.1957 0.2098 
          64  1 0.2008 0.1950 0.1999 0.1981 0.2063 
          65  1 0.1909 0.2077 0.2016 0.1988 0.2010 
          66  1 0.2020 0.1964 0.2015 0.2068 0.1933 
          67  1 0.2052 0.1933 0.1997 0.2075 0.1943 
          68  1 0.1992 0.2015 0.2000 0.1902 0.2092 
          69  1 0.1997 0.2014 0.1994 0.2111 0.1884 
          70  1 0.1994 0.1955 0.2007 0.2071 0.1973 
          71  1 0.2004 0.2006 0.1991 0.2023 0.1975 
          72  1 0.2033 0.1971 0.1982 0.2038 0.1975 
          73  1 0.1955 0.2077 0.2018 0.1912 0.2039 
          74  1 0.2060 0.1920 0.2023 0.2023 0.1975 
          75  1 0.2052 0.1933 0.1959 0.2026 0.2030 
          76  1 0.2017 0.1913 0.1968 0.2073 0.2029 
          77  1 0.1969 0.1998 0.1964 0.1991 0.2077 
          78  1 0.2057 0.1949 0.1980 0.2031 0.1982 
          79  1 0.1976 0.2042 0.1961 0.2015 0.2005 
          80  1 0.2138 0.1825 0.1959 0.2029 0.2048 
          81  1 0.2070 0.1942 0.1994 0.1989 0.2006 
          82  1 0.2020 0.1995 0.1995 0.2015 0.1975 
          83  1 0.2059 0.1945 0.1954 0.1988 0.2053 
          84  1 0.1982 0.1971 0.2013 0.2034 0.1999 
          85  1 0.2065 0.1943 0.1957 0.1982 0.2053 
          86  1 0.1983 0.2051 0.2045 0.1975 0.1947 
          87  1 0.2033 0.1925 0.1946 0.2013 0.2083 
          88  1 0.1952 0.2028 0.2002 0.2064 0.1955 
          89  1 0.2022 0.1957 0.1951 0.2027 0.2043 
          90  1 0.1919 0.2051 0.2024 0.2001 0.2006 
          91  1 0.1937 0.2075 0.2021 0.2029 0.1937 
          92  1 0.2000 0.2070 0.2039 0.1908 0.1984 
          93  1 0.1968 0.1972 0.2023 0.1859 0.2178 
          94  1 0.2016 0.1975 0.2019 0.1931 0.2059 
          95  1 0.1930 0.2001 0.2008 0.1993 0.2069 
          96  1 0.2009 0.1960 0.1990 0.2066 0.1975 
          97  1 0.1939 0.2030 0.2032 0.2012 0.1988 
          98  1 0.2021 0.1966 0.1994 0.1916 0.2103 
          99  1 0.1996 0.1979 0.2003 0.1823 0.2198 
         100  1 0.1959 0.2087 0.2027 0.1971 0.1956 
         101  1 0.1992 0.2035 0.1974 0.1979 0.2021 
         102  1 0.2000 0.1960 0.2000 0.2072 0.1968 
         103  1 0.1983 0.2103 0.2022 0.1928 0.1964 
         104  1 0.1997 0.2126 0.2008 0.1939 0.1930 
         105  1 0.1899 0.2065 0.2020 0.2161 0.1855 
         106  1 0.1984 0.2007 0.1986 0.2046 0.1977 
         107  1 0.2010 0.1954 0.1968 0.2086 0.1981 
         108  1 0.2041 0.1988 0.1992 0.1896 0.2083 
         109  1 0.1965 0.2009 0.1986 0.2163 0.1877 
         110  1 0.2025 0.1969 0.1992 0.1931 0.2084 
         111  1 0.2097 0.1927 0.1951 0.2009 0.2016 
         112  1 0.1979 0.2027 0.2015 0.1956 0.2023 
         113  1 0.1993 0.1983 0.2051 0.1976 0.1996 
         114  1 0.1969 0.2057 0.2003 0.1961 0.2010 
         115  1 0.1992 0.1930 0.1952 0.2101 0.2026 
         116  1 0.1986 0.1977 0.2023 0.1901 0.2114 
         117  1 0.1961 0.1955 0.2026 0.1906 0.2152 
         118  1 0.2011 0.2010 0.1958 0.2037 0.1983 
         119  1 0.2020 0.1976 0.1999 0.1937 0.2068 
         120  1 0.2035 0.2055 0.1987 0.1986 0.1937 
         121  1 0.1924 0.2077 0.1999 0.2038 0.1962 
         122  1 0.2053 0.1918 0.1960 0.1972 0.2098 
         123  1 0.2044 0.1953 0.1983 0.1985 0.2036 
         124  1 0.1974 0.1996 0.2034 0.1960 0.2035 
         125  1 0.2041 0.1991 0.1981 0.1996 0.1991 
         126  1 0.2084 0.1945 0.1970 0.2006 0.1995 
         127  1 0.1972 0.1992 0.2007 0.1961 0.2069 
         128  1 0.1995 0.2040 0.2023 0.1968 0.1974 
         129  1 0.2003 0.2086 0.1951 0.2018 0.1940 
         130  1 0.2013 0.2062 0.1962 0.1987 0.1975 
         131  1 0.2009 0.2089 0.1983 0.1967 0.1953 
         132  1 0.1963 0.2035 0.2041 0.2033 0.1928 
         133  1 0.1914 0.2096 0.2043 0.2054 0.1893 
         134  1 0.2086 0.1892 0.1954 0.2035 0.2034 
         135  1 0.2030 0.2034 0.2005 0.1968 0.1964 
         136  1 0.1961 0.2000 0.2011 0.2091 0.1937 
         137  1 0.1995 0.1999 0.1988 0.2036 0.1983 
         138  1 0.1950 0.2035 0.2028 0.1972 0.2014 
         139  1 0.1922 0.2112 0.2030 0.2095 0.1840 
         140  1 0.1980 0.1967 0.1986 0.2050 0.2017 
         141  1 0.2010 0.2013 0.2016 0.1964 0.1996 
         142  1 0.1947 0.2002 0.2023 0.1926 0.2102 
         143  1 0.1936 0.2069 0.2029 0.1911 0.2054 
         144  1 0.2037 0.1996 0.2014 0.1990 0.1962 
         145  1 0.1955 0.2091 0.2009 0.2048 0.1897 
         146  1 0.2002 0.1987 0.1972 0.2092 0.1946 
         147  1 0.2083 0.1968 0.1941 0.1974 0.2035 
         148  1 0.2081 0.1894 0.2001 0.2052 0.1972 
         149  1 0.2087 0.1947 0.1927 0.2067 0.1972 
         150  1 0.2037 0.1969 0.1970 0.1975 0.2049 
