           1  1 0.2040 0.1985 0.2039 0.1964 0.1971 
           2  1 0.1938 0.2008 0.1941 0.2065 0.2048 
           3  1 0.1963 0.2019 0.1961 0.2046 0.2011 
           4  1 0.2000 0.2003 0.1992 0.2009 0.1995 
           5  1 0.1927 0.2018 0.1920 0.2058 0.2077 
           6  1 0.2017 0.1999 0.2013 0.1977 0.1994 
           7  1 0.2018 0.1998 0.2017 0.1987 0.1981 
           8  1 0.2015 0.1984 0.2007 0.1992 0.2002 
           9  1 0.1963 0.2008 0.1967 0.2030 0.2032 
          10  1 0.1985 0.1996 0.1984 0.2007 0.2028 
          11  1 0.1970 0.2003 0.1968 0.2030 0.2029 
          12  1 0.1974 0.2002 0.1971 0.2024 0.2029 
          13  1 0.2018 0.1994 0.2018 0.1986 0.1983 
          14  1 0.2093 0.1975 0.2068 0.1922 0.1943 
          15  1 0.2045 0.1995 0.2051 0.1955 0.1955 
          16  1 0.1941 0.2017 0.1953 0.2048 0.2041 
          17  1 0.1937 0.2011 0.1945 0.2036 0.2071 
          18  1 0.2089 0.1966 0.2073 0.1928 0.1945 
          19  1 0.1977 0.2006 0.1980 0.2011 0.2025 
          20  1 0.1984 0.1997 0.1992 0.2034 0.1992 
          21  1 0.1968 0.2018 0.1974 0.2027 0.2013 
          22  1 0.1970 0.2027 0.1983 0.2029 0.1991 
          23  1 0.1962 0.2008 0.1967 0.2034 0.2030 
          24  1 0.1930 0.2023 0.1946 0.2082 0.2019 
          25  1 0.1940 0.2011 0.1950 0.2037 0.2063 
          26  1 0.2027 0.1994 0.2026 0.1981 0.1972 
          27  1 0.1967 0.2005 0.1968 0.2019 0.2041 
          28  1 0.1966 0.2018 0.1969 0.2029 0.2018 
          29  1 0.1978 0.2014 0.1979 0.2012 0.2017 
          30  1 0.1949 0.2013 0.1946 0.2044 0.2048 
          31  1 0.2068 0.1978 0.2044 0.1947 0.1963 
          32  1 0.2011 0.1994 0.1994 0.2004 0.1997 
          33  1 0.1968 0.2021 0.1975 0.2029 0.2006 
          34  1 0.1998 0.2009 0.2000 0.1996 0.1997 
          35  1 0.1988 0.2002 0.1993 0.2004 0.2013 
          36  1 0.2021 0.1980 0.2005 0.1988 0.2006 
          37  1 0.2010 0.2009 0.2009 0.1983 0.1989 
          38  1 0.2002 0.1999 0.1998 0.2002 0.1999 
          39  1 0.2075 0.1974 0.2064 0.1923 0.1964 
          40  1 0.1947 0.2027 0.1959 0.2053 0.2014 
          41  1 0.1928 0.2019 0.1939 0.2081 0.2034 
          42  1 0.2064 0.1971 0.2058 0.1943 0.1964 
          43  1 0.2016 0.1985 0.2014 0.1995 0.1989 
          44  1 0.2040 0.2002 0.2037 0.1965 0.1956 
          45  1 0.2039 0.1988 0.2026 0.1979 0.1969 
          46  1 0.1972 0.2005 0.1979 0.2034 0.2010 
          47  1 0.2016 0.1984 0.2021 0.1997 0.1982 
          48  1 0.1917 0.2027 0.1925 0.2084 0.2047 
          49  1 0.2124 0.1952 0.2108 0.1878 0.1937 
          50  1 0.2044 0.1985 0.2033 0.1957 0.1981 
          51  1 0.2035 0.1992 0.2033 0.1967 0.1973 
          52  1 0.1911 0.2042 0.1921 0.2098 0.2028 
          53  1 0.1909 0.2022 0.1920 0.2107 0.2041 
          54  1 0.1960 0.2011 0.1964 0.2038 0.2027 
          55  1 0.1958 0.2024 0.1972 0.2023 0.2023 
          56  1 0.2019 0.2000 0.2013 0.1979 0.1989 
          57  1 0.2059 0.1988 0.2042 0.1959 0.1952 
          58  1 0.1969 0.2011 0.1978 0.2023 0.2019 
          59  1 0.2066 0.1979 0.2048 0.1947 0.1959 
          60  1 0.2076 0.1981 0.2066 0.1926 0.1951 
          61  1 0.2019 0.1981 0.2018 0.1970 0.2012 
          62  1 0.2002 0.1986 0.2007 0.2003 0.2003 
          63  1 0.2042 0.1992 0.2028 0.1970 0.1969 
          64  1 0.2009 0.1992 0.2006 0.1995 0.1997 
          65  1 0.1944 0.2011 0.1950 0.2051 0.2045 
          66  1 0.2052 0.1983 0.2035 0.1949 0.1982 
          67  1 0.2034 0.1984 0.2015 0.1980 0.1988 
          68  1 0.1983 0.2000 0.1977 0.2032 0.2007 
          69  1 0.2023 0.1996 0.2009 0.1974 0.1998 
          70  1 0.2004 0.1988 0.2002 0.1985 0.2020 
          71  1 0.2030 0.1995 0.2019 0.1969 0.1987 
          72  1 0.2028 0.1994 0.2021 0.1975 0.1982 
          73  1 0.1928 0.2024 0.1944 0.2064 0.2040 
          74  1 0.2084 0.1972 0.2076 0.1914 0.1954 
          75  1 0.2062 0.1979 0.2052 0.1947 0.1960 
          76  1 0.2045 0.2007 0.2038 0.1951 0.1958 
          77  1 0.1988 0.2005 0.1986 0.2009 0.2013 
          78  1 0.2046 0.1983 0.2035 0.1968 0.1968 
          79  1 0.2020 0.1995 0.2011 0.1980 0.1994 
          80  1 0.2137 0.1944 0.2111 0.1879 0.1929 
          81  1 0.2027 0.1986 0.2022 0.1974 0.1992 
          82  1 0.1995 0.2007 0.1983 0.2022 0.1992 
          83  1 0.2028 0.1995 0.2031 0.1968 0.1978 
          84  1 0.2019 0.1986 0.2025 0.1980 0.1991 
          85  1 0.2058 0.1980 0.2049 0.1945 0.1968 
          86  1 0.1975 0.2007 0.1977 0.2020 0.2021 
          87  1 0.2031 0.2009 0.2025 0.1964 0.1971 
          88  1 0.1975 0.2005 0.1987 0.2028 0.2004 
          89  1 0.2027 0.1996 0.2017 0.1987 0.1973 
          90  1 0.1960 0.2001 0.1970 0.2038 0.2031 
          91  1 0.1954 0.2016 0.1953 0.2040 0.2037 
          92  1 0.1941 0.2027 0.1940 0.2062 0.2029 
          93  1 0.1945 0.2022 0.1966 0.2041 0.2026 
          94  1 0.1989 0.2006 0.1986 0.2012 0.2007 
          95  1 0.1981 0.2004 0.1979 0.2007 0.2029 
          96  1 0.2052 0.1970 0.2052 0.1959 0.1968 
          97  1 0.1957 0.2009 0.1969 0.2038 0.2027 
          98  1 0.1984 0.2001 0.1986 0.2023 0.2005 
          99  1 0.1982 0.2007 0.1987 0.2016 0.2008 
         100  1 0.1933 0.2005 0.1934 0.2080 0.2048 
         101  1 0.1984 0.2020 0.1976 0.2014 0.2007 
         102  1 0.2042 0.1975 0.2041 0.1966 0.1975 
         103  1 0.1935 0.2017 0.1946 0.2068 0.2033 
         104  1 0.1926 0.2026 0.1935 0.2074 0.2038 
         105  1 0.1956 0.2021 0.1956 0.2031 0.2036 
         106  1 0.2018 0.1991 0.2012 0.1974 0.2005 
         107  1 0.2041 0.1987 0.2044 0.1964 0.1964 
         108  1 0.1996 0.2005 0.2004 0.2020 0.1974 
         109  1 0.1985 0.2004 0.1990 0.2016 0.2005 
         110  1 0.2013 0.2004 0.2009 0.1978 0.1996 
         111  1 0.2074 0.1974 0.2068 0.1942 0.1942 
         112  1 0.1961 0.2022 0.1969 0.2022 0.2026 
         113  1 0.1995 0.1998 0.1980 0.2005 0.2022 
         114  1 0.1958 0.2017 0.1960 0.2061 0.2004 
         115  1 0.2031 0.2005 0.2029 0.1965 0.1970 
         116  1 0.1949 0.2022 0.1961 0.2054 0.2014 
         117  1 0.1964 0.2015 0.1966 0.2022 0.2032 
         118  1 0.2031 0.1988 0.2029 0.1973 0.1979 
         119  1 0.2030 0.1997 0.2015 0.1973 0.1986 
         120  1 0.1983 0.1997 0.1991 0.2028 0.2001 
         121  1 0.1968 0.2000 0.1979 0.2024 0.2029 
         122  1 0.2050 0.1987 0.2044 0.1955 0.1965 
         123  1 0.2018 0.1991 0.2017 0.1979 0.1995 
         124  1 0.1944 0.2015 0.1956 0.2047 0.2037 
         125  1 0.2009 0.2002 0.2012 0.1981 0.1997 
         126  1 0.2063 0.1974 0.2048 0.1929 0.1986 
         127  1 0.1996 0.2005 0.1995 0.1988 0.2016 
         128  1 0.2003 0.2002 0.2006 0.1994 0.1995 
         129  1 0.1968 0.2001 0.1974 0.2041 0.2017 
         130  1 0.2007 0.2003 0.2003 0.2002 0.1985 
         131  1 0.1975 0.2016 0.1983 0.2027 0.2000 
         132  1 0.1963 0.2004 0.1963 0.2028 0.2041 
         133  1 0.1958 0.2004 0.1967 0.2032 0.2039 
         134  1 0.2083 0.1968 0.2069 0.1912 0.1969 
         135  1 0.2006 0.2012 0.2002 0.1994 0.1987 
         136  1 0.2020 0.1996 0.2025 0.1976 0.1982 
         137  1 0.2012 0.1999 0.2005 0.1978 0.2007 
         138  1 0.1944 0.2018 0.1944 0.2047 0.2048 
         139  1 0.1948 0.2014 0.1955 0.2045 0.2038 
         140  1 0.1991 0.2002 0.1994 0.2001 0.2012 
         141  1 0.2002 0.2000 0.1989 0.2004 0.2005 
         142  1 0.1980 0.2016 0.1985 0.2013 0.2006 
         143  1 0.1926 0.2019 0.1933 0.2102 0.2021 
         144  1 0.2011 0.1991 0.1996 0.2004 0.1999 
         145  1 0.1973 0.2018 0.1987 0.2007 0.2015 
         146  1 0.2025 0.1989 0.2023 0.1979 0.1984 
         147  1 0.2056 0.1984 0.2042 0.1947 0.1971 
         148  1 0.2054 0.1971 0.2036 0.1947 0.1993 
         149  1 0.2096 0.1971 0.2088 0.1902 0.1944 
         150  1 0.2033 0.2000 0.2019 0.1981 0.1967 
