           1  1 0.3525 0.3322 0.3153 
           2  1 0.3082 0.3461 0.3456 
           3  1 0.2988 0.3351 0.3661 
           4  1 0.3156 0.3320 0.3524 
           5  1 0.3121 0.3421 0.3458 
           6  1 0.3410 0.3315 0.3275 
           7  1 0.3460 0.3290 0.3250 
           8  1 0.3457 0.3327 0.3216 
           9  1 0.3195 0.3372 0.3433 
          10  1 0.3301 0.3376 0.3323 
          11  1 0.3161 0.3346 0.3493 
          12  1 0.3243 0.3378 0.3379 
          13  1 0.3419 0.3392 0.3189 
          14  1 0.3810 0.3190 0.3000 
          15  1 0.3529 0.3298 0.3173 
          16  1 0.3068 0.3408 0.3524 
          17  1 0.3017 0.3382 0.3601 
          18  1 0.3654 0.3236 0.3110 
          19  1 0.3189 0.3319 0.3492 
          20  1 0.3275 0.3403 0.3321 
          21  1 0.3077 0.3394 0.3529 
          22  1 0.3242 0.3415 0.3343 
          23  1 0.3209 0.3389 0.3402 
          24  1 0.3023 0.3445 0.3532 
          25  1 0.3139 0.3412 0.3449 
          26  1 0.3442 0.3343 0.3215 
          27  1 0.3192 0.3319 0.3490 
          28  1 0.3147 0.3367 0.3486 
          29  1 0.3280 0.3381 0.3339 
          30  1 0.3166 0.3387 0.3447 
          31  1 0.3717 0.3239 0.3044 
          32  1 0.3312 0.3260 0.3428 
          33  1 0.3199 0.3383 0.3417 
          34  1 0.3228 0.3300 0.3472 
          35  1 0.3235 0.3319 0.3446 
          36  1 0.3471 0.3323 0.3207 
          37  1 0.3466 0.3337 0.3197 
          38  1 0.3403 0.3377 0.3220 
          39  1 0.3693 0.3217 0.3090 
          40  1 0.2999 0.3382 0.3619 
          41  1 0.3002 0.3437 0.3560 
          42  1 0.3609 0.3226 0.3164 
          43  1 0.3409 0.3346 0.3245 
          44  1 0.3457 0.3315 0.3228 
          45  1 0.3534 0.3300 0.3167 
          46  1 0.3132 0.3413 0.3456 
          47  1 0.3404 0.3369 0.3228 
          48  1 0.3017 0.3479 0.3504 
          49  1 0.3922 0.3173 0.2905 
          50  1 0.3607 0.3282 0.3111 
          51  1 0.3429 0.3260 0.3310 
          52  1 0.2856 0.3425 0.3719 
          53  1 0.2873 0.3458 0.3670 
          54  1 0.3199 0.3380 0.3421 
          55  1 0.3149 0.3356 0.3495 
          56  1 0.3362 0.3346 0.3291 
          57  1 0.3631 0.3241 0.3128 
          58  1 0.3271 0.3375 0.3354 
          59  1 0.3635 0.3265 0.3099 
          60  1 0.3706 0.3223 0.3071 
          61  1 0.3507 0.3262 0.3231 
          62  1 0.3221 0.3293 0.3486 
          63  1 0.3427 0.3256 0.3318 
          64  1 0.3373 0.3328 0.3299 
          65  1 0.2932 0.3369 0.3698 
          66  1 0.3665 0.3230 0.3105 
          67  1 0.3608 0.3298 0.3094 
          68  1 0.3210 0.3356 0.3434 
          69  1 0.3429 0.3345 0.3226 
          70  1 0.3386 0.3303 0.3312 
          71  1 0.3585 0.3290 0.3125 
          72  1 0.3469 0.3318 0.3213 
          73  1 0.3063 0.3443 0.3494 
          74  1 0.3730 0.3204 0.3067 
          75  1 0.3615 0.3274 0.3110 
          76  1 0.3509 0.3292 0.3200 
          77  1 0.3369 0.3345 0.3286 
          78  1 0.3673 0.3268 0.3059 
          79  1 0.3524 0.3294 0.3182 
          80  1 0.3937 0.3150 0.2913 
          81  1 0.3496 0.3316 0.3188 
          82  1 0.3303 0.3360 0.3337 
          83  1 0.3454 0.3292 0.3255 
          84  1 0.3433 0.3331 0.3236 
          85  1 0.3664 0.3247 0.3089 
          86  1 0.3298 0.3387 0.3315 
          87  1 0.3462 0.3308 0.3230 
          88  1 0.3254 0.3394 0.3352 
          89  1 0.3421 0.3291 0.3289 
          90  1 0.3153 0.3377 0.3470 
          91  1 0.3157 0.3394 0.3449 
          92  1 0.3086 0.3436 0.3477 
          93  1 0.2951 0.3321 0.3729 
          94  1 0.3275 0.3342 0.3383 
          95  1 0.3286 0.3309 0.3405 
          96  1 0.3569 0.3280 0.3151 
          97  1 0.3222 0.3409 0.3369 
          98  1 0.3194 0.3279 0.3527 
          99  1 0.3053 0.3319 0.3628 
         100  1 0.3010 0.3413 0.3577 
         101  1 0.3295 0.3345 0.3360 
         102  1 0.3507 0.3301 0.3192 
         103  1 0.3036 0.3389 0.3575 
         104  1 0.3053 0.3498 0.3449 
         105  1 0.3177 0.3420 0.3403 
         106  1 0.3465 0.3281 0.3254 
         107  1 0.3407 0.3286 0.3307 
         108  1 0.3308 0.3323 0.3369 
         109  1 0.3214 0.3373 0.3413 
         110  1 0.3304 0.3237 0.3459 
         111  1 0.3649 0.3230 0.3120 
         112  1 0.3143 0.3368 0.3489 
         113  1 0.3487 0.3332 0.3181 
         114  1 0.3133 0.3398 0.3469 
         115  1 0.3354 0.3304 0.3342 
         116  1 0.2954 0.3364 0.3682 
         117  1 0.3116 0.3293 0.3592 
         118  1 0.3504 0.3327 0.3170 
         119  1 0.3353 0.3272 0.3375 
         120  1 0.3285 0.3366 0.3349 
         121  1 0.3339 0.3375 0.3286 
         122  1 0.3474 0.3225 0.3300 
         123  1 0.3422 0.3319 0.3259 
         124  1 0.3044 0.3331 0.3625 
         125  1 0.3433 0.3352 0.3215 
         126  1 0.3679 0.3243 0.3078 
         127  1 0.3283 0.3286 0.3432 
         128  1 0.3326 0.3293 0.3381 
         129  1 0.3129 0.3414 0.3456 
         130  1 0.3374 0.3350 0.3276 
         131  1 0.3258 0.3386 0.3356 
         132  1 0.3197 0.3407 0.3396 
         133  1 0.3213 0.3447 0.3340 
         134  1 0.3662 0.3155 0.3184 
         135  1 0.3378 0.3379 0.3243 
         136  1 0.3447 0.3336 0.3217 
         137  1 0.3495 0.3316 0.3188 
         138  1 0.3059 0.3355 0.3585 
         139  1 0.3270 0.3387 0.3343 
         140  1 0.3234 0.3298 0.3467 
         141  1 0.3387 0.3318 0.3295 
         142  1 0.3171 0.3330 0.3499 
         143  1 0.2968 0.3452 0.3580 
         144  1 0.3458 0.3355 0.3188 
         145  1 0.3358 0.3377 0.3265 
         146  1 0.3411 0.3346 0.3243 
         147  1 0.3632 0.3302 0.3066 
         148  1 0.3682 0.3281 0.3036 
         149  1 0.3852 0.3189 0.2959 
         150  1 0.3504 0.3304 0.3191 
