           1  1 0.1191 0.1200 0.1271 0.1271 0.1289 0.1275 0.1278 0.1225 
           2  1 0.1391 0.1228 0.1211 0.1223 0.1188 0.1214 0.1182 0.1363 
           3  1 0.1344 0.1327 0.1196 0.1211 0.1186 0.1202 0.1169 0.1365 
           4  1 0.1279 0.1257 0.1241 0.1240 0.1231 0.1236 0.1241 0.1277 
           5  1 0.1432 0.1263 0.1179 0.1216 0.1154 0.1178 0.1161 0.1417 
           6  1 0.1260 0.1248 0.1251 0.1234 0.1241 0.1237 0.1252 0.1277 
           7  1 0.1207 0.1235 0.1283 0.1262 0.1297 0.1272 0.1271 0.1173 
           8  1 0.1180 0.1235 0.1264 0.1267 0.1273 0.1260 0.1292 0.1230 
           9  1 0.1273 0.1272 0.1228 0.1236 0.1220 0.1231 0.1217 0.1323 
          10  1 0.1239 0.1230 0.1256 0.1264 0.1267 0.1240 0.1248 0.1255 
          11  1 0.1363 0.1310 0.1195 0.1208 0.1181 0.1196 0.1188 0.1360 
          12  1 0.1288 0.1266 0.1236 0.1233 0.1238 0.1219 0.1233 0.1289 
          13  1 0.1191 0.1220 0.1264 0.1280 0.1298 0.1259 0.1276 0.1211 
          14  1 0.1122 0.1192 0.1305 0.1286 0.1333 0.1274 0.1345 0.1142 
          15  1 0.1174 0.1233 0.1284 0.1266 0.1294 0.1273 0.1292 0.1181 
          16  1 0.1312 0.1279 0.1208 0.1236 0.1206 0.1241 0.1182 0.1336 
          17  1 0.1382 0.1321 0.1205 0.1224 0.1189 0.1204 0.1185 0.1289 
          18  1 0.1148 0.1222 0.1283 0.1263 0.1324 0.1285 0.1309 0.1166 
          19  1 0.1315 0.1279 0.1233 0.1232 0.1215 0.1227 0.1211 0.1288 
          20  1 0.1214 0.1247 0.1273 0.1277 0.1243 0.1249 0.1253 0.1244 
          21  1 0.1304 0.1234 0.1220 0.1269 0.1234 0.1249 0.1219 0.1272 
          22  1 0.1234 0.1248 0.1251 0.1273 0.1252 0.1246 0.1254 0.1241 
          23  1 0.1295 0.1260 0.1251 0.1238 0.1227 0.1243 0.1223 0.1263 
          24  1 0.1295 0.1287 0.1227 0.1251 0.1215 0.1254 0.1201 0.1269 
          25  1 0.1362 0.1284 0.1206 0.1221 0.1184 0.1221 0.1187 0.1336 
          26  1 0.1217 0.1266 0.1275 0.1273 0.1263 0.1260 0.1248 0.1198 
          27  1 0.1290 0.1272 0.1243 0.1248 0.1223 0.1232 0.1227 0.1265 
          28  1 0.1255 0.1268 0.1244 0.1256 0.1237 0.1252 0.1224 0.1262 
          29  1 0.1279 0.1238 0.1246 0.1268 0.1242 0.1252 0.1231 0.1243 
          30  1 0.1334 0.1302 0.1216 0.1220 0.1211 0.1213 0.1206 0.1298 
          31  1 0.1183 0.1206 0.1289 0.1276 0.1283 0.1286 0.1309 0.1167 
          32  1 0.1318 0.1319 0.1225 0.1226 0.1203 0.1198 0.1213 0.1296 
          33  1 0.1244 0.1275 0.1251 0.1250 0.1243 0.1246 0.1228 0.1263 
          34  1 0.1333 0.1281 0.1223 0.1245 0.1243 0.1254 0.1206 0.1217 
          35  1 0.1265 0.1249 0.1254 0.1261 0.1240 0.1260 0.1248 0.1222 
          36  1 0.1243 0.1218 0.1248 0.1257 0.1243 0.1239 0.1258 0.1294 
          37  1 0.1208 0.1222 0.1289 0.1273 0.1272 0.1258 0.1270 0.1208 
          38  1 0.1223 0.1267 0.1274 0.1253 0.1267 0.1271 0.1261 0.1184 
          39  1 0.1201 0.1198 0.1275 0.1255 0.1280 0.1267 0.1298 0.1226 
          40  1 0.1309 0.1291 0.1231 0.1230 0.1207 0.1224 0.1194 0.1314 
          41  1 0.1306 0.1313 0.1198 0.1224 0.1195 0.1220 0.1194 0.1350 
          42  1 0.1211 0.1237 0.1260 0.1241 0.1281 0.1280 0.1294 0.1196 
          43  1 0.1223 0.1216 0.1274 0.1257 0.1263 0.1275 0.1271 0.1222 
          44  1 0.1185 0.1255 0.1267 0.1261 0.1280 0.1263 0.1280 0.1208 
          45  1 0.1180 0.1240 0.1292 0.1264 0.1274 0.1273 0.1274 0.1204 
          46  1 0.1271 0.1262 0.1242 0.1232 0.1229 0.1240 0.1222 0.1301 
          47  1 0.1224 0.1248 0.1251 0.1252 0.1268 0.1270 0.1271 0.1217 
          48  1 0.1371 0.1288 0.1200 0.1221 0.1192 0.1213 0.1179 0.1336 
          49  1 0.1112 0.1187 0.1297 0.1292 0.1323 0.1308 0.1350 0.1132 
          50  1 0.1188 0.1203 0.1279 0.1276 0.1274 0.1269 0.1312 0.1199 
          51  1 0.1205 0.1224 0.1261 0.1265 0.1274 0.1272 0.1285 0.1214 
          52  1 0.1377 0.1349 0.1206 0.1219 0.1165 0.1192 0.1149 0.1343 
          53  1 0.1335 0.1296 0.1217 0.1226 0.1184 0.1209 0.1156 0.1378 
          54  1 0.1265 0.1296 0.1231 0.1231 0.1226 0.1239 0.1220 0.1293 
          55  1 0.1374 0.1260 0.1217 0.1222 0.1204 0.1226 0.1200 0.1296 
          56  1 0.1278 0.1220 0.1231 0.1256 0.1240 0.1256 0.1244 0.1274 
          57  1 0.1185 0.1223 0.1269 0.1272 0.1290 0.1279 0.1300 0.1183 
          58  1 0.1328 0.1245 0.1212 0.1233 0.1204 0.1230 0.1209 0.1339 
          59  1 0.1169 0.1201 0.1293 0.1272 0.1297 0.1275 0.1306 0.1187 
          60  1 0.1170 0.1202 0.1276 0.1268 0.1306 0.1277 0.1318 0.1184 
          61  1 0.1238 0.1208 0.1248 0.1259 0.1254 0.1264 0.1276 0.1254 
          62  1 0.1238 0.1310 0.1241 0.1234 0.1250 0.1235 0.1238 0.1253 
          63  1 0.1228 0.1225 0.1262 0.1250 0.1261 0.1281 0.1288 0.1204 
          64  1 0.1230 0.1262 0.1254 0.1249 0.1244 0.1251 0.1268 0.1242 
          65  1 0.1378 0.1302 0.1183 0.1227 0.1169 0.1191 0.1157 0.1393 
          66  1 0.1196 0.1214 0.1282 0.1257 0.1272 0.1278 0.1289 0.1212 
          67  1 0.1205 0.1209 0.1291 0.1262 0.1273 0.1252 0.1299 0.1210 
          68  1 0.1259 0.1297 0.1225 0.1247 0.1233 0.1231 0.1239 0.1269 
          69  1 0.1244 0.1201 0.1251 0.1254 0.1253 0.1247 0.1274 0.1277 
          70  1 0.1273 0.1236 0.1227 0.1231 0.1249 0.1243 0.1257 0.1285 
          71  1 0.1207 0.1237 0.1278 0.1257 0.1282 0.1269 0.1305 0.1165 
          72  1 0.1215 0.1212 0.1248 0.1277 0.1272 0.1276 0.1280 0.1220 
          73  1 0.1291 0.1298 0.1237 0.1243 0.1219 0.1238 0.1195 0.1279 
          74  1 0.1164 0.1192 0.1297 0.1277 0.1307 0.1289 0.1316 0.1157 
          75  1 0.1153 0.1216 0.1291 0.1277 0.1293 0.1293 0.1319 0.1158 
          76  1 0.1198 0.1260 0.1272 0.1270 0.1272 0.1252 0.1280 0.1197 
          77  1 0.1235 0.1270 0.1272 0.1252 0.1230 0.1258 0.1237 0.1247 
          78  1 0.1165 0.1201 0.1273 0.1286 0.1294 0.1306 0.1310 0.1165 
          79  1 0.1202 0.1241 0.1256 0.1263 0.1277 0.1284 0.1274 0.1202 
          80  1 0.1100 0.1167 0.1315 0.1276 0.1314 0.1276 0.1376 0.1175 
          81  1 0.1195 0.1236 0.1268 0.1256 0.1278 0.1274 0.1302 0.1191 
          82  1 0.1251 0.1248 0.1247 0.1248 0.1247 0.1247 0.1254 0.1259 
          83  1 0.1182 0.1215 0.1269 0.1266 0.1275 0.1263 0.1296 0.1234 
          84  1 0.1192 0.1222 0.1264 0.1264 0.1295 0.1263 0.1280 0.1219 
          85  1 0.1149 0.1208 0.1270 0.1282 0.1298 0.1285 0.1329 0.1178 
          86  1 0.1238 0.1268 0.1272 0.1264 0.1248 0.1245 0.1241 0.1225 
          87  1 0.1202 0.1286 0.1260 0.1250 0.1269 0.1264 0.1262 0.1206 
          88  1 0.1255 0.1244 0.1253 0.1255 0.1263 0.1261 0.1237 0.1231 
          89  1 0.1222 0.1214 0.1267 0.1260 0.1279 0.1258 0.1287 0.1214 
          90  1 0.1321 0.1294 0.1217 0.1226 0.1204 0.1235 0.1204 0.1300 
          91  1 0.1320 0.1264 0.1229 0.1229 0.1212 0.1214 0.1199 0.1333 
          92  1 0.1315 0.1272 0.1237 0.1235 0.1209 0.1247 0.1213 0.1273 
          93  1 0.1356 0.1357 0.1205 0.1209 0.1184 0.1181 0.1169 0.1338 
          94  1 0.1239 0.1258 0.1265 0.1252 0.1249 0.1247 0.1260 0.1231 
          95  1 0.1289 0.1290 0.1234 0.1234 0.1237 0.1241 0.1244 0.1231 
          96  1 0.1207 0.1205 0.1279 0.1255 0.1270 0.1257 0.1305 0.1223 
          97  1 0.1288 0.1296 0.1227 0.1246 0.1231 0.1244 0.1226 0.1242 
          98  1 0.1249 0.1299 0.1245 0.1246 0.1231 0.1243 0.1247 0.1240 
          99  1 0.1349 0.1340 0.1204 0.1210 0.1199 0.1202 0.1180 0.1315 
         100  1 0.1351 0.1305 0.1209 0.1200 0.1179 0.1216 0.1178 0.1362 
         101  1 0.1244 0.1293 0.1254 0.1251 0.1246 0.1254 0.1257 0.1201 
         102  1 0.1206 0.1214 0.1275 0.1266 0.1281 0.1267 0.1284 0.1207 
         103  1 0.1312 0.1280 0.1221 0.1248 0.1206 0.1230 0.1206 0.1296 
         104  1 0.1309 0.1288 0.1204 0.1227 0.1201 0.1223 0.1183 0.1366 
         105  1 0.1330 0.1229 0.1230 0.1232 0.1205 0.1211 0.1197 0.1366 
         106  1 0.1261 0.1255 0.1236 0.1252 0.1257 0.1261 0.1255 0.1224 
         107  1 0.1224 0.1238 0.1258 0.1254 0.1279 0.1243 0.1248 0.1256 
         108  1 0.1238 0.1255 0.1250 0.1249 0.1249 0.1253 0.1246 0.1260 
         109  1 0.1305 0.1235 0.1220 0.1242 0.1217 0.1225 0.1213 0.1343 
         110  1 0.1265 0.1272 0.1246 0.1244 0.1240 0.1238 0.1248 0.1248 
         111  1 0.1157 0.1211 0.1283 0.1276 0.1291 0.1276 0.1310 0.1197 
         112  1 0.1315 0.1253 0.1227 0.1255 0.1224 0.1232 0.1198 0.1296 
         113  1 0.1240 0.1226 0.1278 0.1259 0.1260 0.1243 0.1294 0.1200 
         114  1 0.1307 0.1253 0.1228 0.1234 0.1227 0.1252 0.1206 0.1293 
         115  1 0.1214 0.1216 0.1261 0.1279 0.1269 0.1254 0.1268 0.1239 
         116  1 0.1372 0.1300 0.1205 0.1216 0.1186 0.1209 0.1176 0.1336 
         117  1 0.1371 0.1354 0.1212 0.1200 0.1183 0.1192 0.1180 0.1308 
         118  1 0.1206 0.1203 0.1273 0.1288 0.1280 0.1269 0.1284 0.1197 
         119  1 0.1225 0.1240 0.1250 0.1267 0.1270 0.1259 0.1266 0.1222 
         120  1 0.1265 0.1240 0.1242 0.1241 0.1252 0.1255 0.1225 0.1280 
         121  1 0.1247 0.1288 0.1260 0.1251 0.1234 0.1253 0.1225 0.1241 
         122  1 0.1195 0.1225 0.1277 0.1263 0.1279 0.1285 0.1275 0.1201 
         123  1 0.1183 0.1214 0.1267 0.1278 0.1285 0.1285 0.1286 0.1203 
         124  1 0.1339 0.1333 0.1216 0.1218 0.1182 0.1209 0.1181 0.1321 
         125  1 0.1194 0.1236 0.1261 0.1263 0.1276 0.1272 0.1280 0.1217 
         126  1 0.1170 0.1207 0.1269 0.1271 0.1287 0.1266 0.1317 0.1212 
         127  1 0.1330 0.1296 0.1220 0.1227 0.1221 0.1235 0.1216 0.1253 
         128  1 0.1260 0.1225 0.1257 0.1241 0.1268 0.1273 0.1261 0.1214 
         129  1 0.1304 0.1286 0.1231 0.1225 0.1219 0.1228 0.1207 0.1301 
         130  1 0.1215 0.1252 0.1277 0.1257 0.1256 0.1263 0.1261 0.1218 
         131  1 0.1249 0.1254 0.1258 0.1274 0.1254 0.1255 0.1240 0.1215 
         132  1 0.1276 0.1250 0.1230 0.1243 0.1255 0.1250 0.1237 0.1258 
         133  1 0.1295 0.1233 0.1240 0.1250 0.1215 0.1231 0.1219 0.1318 
         134  1 0.1180 0.1230 0.1264 0.1264 0.1289 0.1268 0.1298 0.1207 
         135  1 0.1218 0.1217 0.1280 0.1269 0.1267 0.1257 0.1275 0.1218 
         136  1 0.1247 0.1224 0.1262 0.1241 0.1264 0.1259 0.1277 0.1226 
         137  1 0.1222 0.1235 0.1273 0.1265 0.1261 0.1255 0.1278 0.1210 
         138  1 0.1307 0.1276 0.1222 0.1234 0.1218 0.1221 0.1209 0.1312 
         139  1 0.1317 0.1238 0.1231 0.1229 0.1218 0.1233 0.1219 0.1315 
         140  1 0.1276 0.1246 0.1260 0.1237 0.1249 0.1242 0.1237 0.1252 
         141  1 0.1285 0.1256 0.1251 0.1248 0.1251 0.1256 0.1248 0.1205 
         142  1 0.1281 0.1287 0.1227 0.1235 0.1221 0.1235 0.1225 0.1290 
         143  1 0.1345 0.1278 0.1199 0.1235 0.1202 0.1246 0.1177 0.1320 
         144  1 0.1219 0.1224 0.1279 0.1264 0.1267 0.1269 0.1286 0.1192 
         145  1 0.1297 0.1209 0.1248 0.1259 0.1246 0.1237 0.1237 0.1268 
         146  1 0.1249 0.1224 0.1228 0.1258 0.1264 0.1241 0.1268 0.1267 
         147  1 0.1158 0.1198 0.1293 0.1293 0.1290 0.1287 0.1312 0.1170 
         148  1 0.1170 0.1185 0.1286 0.1282 0.1305 0.1272 0.1319 0.1180 
         149  1 0.1128 0.1168 0.1306 0.1289 0.1328 0.1297 0.1343 0.1141 
         150  1 0.1181 0.1210 0.1277 0.1278 0.1279 0.1267 0.1302 0.1206 
