           1  1 0.1498 0.1442 0.1350 0.1371 0.1389 0.1494 0.1456 
           2  1 0.1344 0.1447 0.1471 0.1527 0.1491 0.1333 0.1386 
           3  1 0.1340 0.1398 0.1472 0.1513 0.1583 0.1342 0.1353 
           4  1 0.1414 0.1432 0.1422 0.1470 0.1459 0.1411 0.1392 
           5  1 0.1315 0.1442 0.1533 0.1525 0.1515 0.1319 0.1351 
           6  1 0.1447 0.1435 0.1404 0.1429 0.1397 0.1441 0.1448 
           7  1 0.1461 0.1431 0.1387 0.1399 0.1385 0.1471 0.1465 
           8  1 0.1478 0.1405 0.1384 0.1435 0.1389 0.1464 0.1446 
           9  1 0.1377 0.1416 0.1466 0.1473 0.1513 0.1369 0.1387 
          10  1 0.1412 0.1437 0.1484 0.1415 0.1414 0.1419 0.1418 
          11  1 0.1343 0.1418 0.1479 0.1500 0.1548 0.1349 0.1362 
          12  1 0.1402 0.1443 0.1460 0.1413 0.1475 0.1398 0.1411 
          13  1 0.1465 0.1446 0.1410 0.1401 0.1370 0.1448 0.1460 
          14  1 0.1557 0.1419 0.1317 0.1328 0.1309 0.1551 0.1518 
          15  1 0.1482 0.1445 0.1405 0.1376 0.1359 0.1475 0.1458 
          16  1 0.1327 0.1413 0.1538 0.1490 0.1545 0.1326 0.1361 
          17  1 0.1319 0.1433 0.1508 0.1460 0.1568 0.1337 0.1375 
          18  1 0.1509 0.1414 0.1356 0.1387 0.1347 0.1506 0.1480 
          19  1 0.1400 0.1422 0.1439 0.1436 0.1488 0.1394 0.1421 
          20  1 0.1425 0.1406 0.1440 0.1434 0.1453 0.1417 0.1425 
          21  1 0.1383 0.1447 0.1459 0.1434 0.1463 0.1386 0.1428 
          22  1 0.1387 0.1458 0.1466 0.1429 0.1446 0.1411 0.1403 
          23  1 0.1390 0.1435 0.1476 0.1459 0.1445 0.1393 0.1401 
          24  1 0.1355 0.1407 0.1451 0.1478 0.1559 0.1352 0.1398 
          25  1 0.1334 0.1417 0.1483 0.1526 0.1515 0.1357 0.1369 
          26  1 0.1478 0.1443 0.1381 0.1406 0.1377 0.1461 0.1453 
          27  1 0.1382 0.1412 0.1462 0.1467 0.1486 0.1383 0.1408 
          28  1 0.1390 0.1434 0.1466 0.1439 0.1487 0.1389 0.1395 
          29  1 0.1422 0.1438 0.1446 0.1388 0.1462 0.1414 0.1430 
          30  1 0.1371 0.1399 0.1474 0.1516 0.1475 0.1369 0.1397 
          31  1 0.1531 0.1413 0.1343 0.1396 0.1320 0.1514 0.1483 
          32  1 0.1397 0.1372 0.1413 0.1474 0.1554 0.1396 0.1395 
          33  1 0.1405 0.1430 0.1455 0.1465 0.1414 0.1411 0.1421 
          34  1 0.1387 0.1444 0.1425 0.1405 0.1544 0.1375 0.1420 
          35  1 0.1439 0.1449 0.1421 0.1381 0.1432 0.1445 0.1432 
          36  1 0.1469 0.1425 0.1401 0.1428 0.1372 0.1468 0.1435 
          37  1 0.1460 0.1450 0.1392 0.1427 0.1376 0.1457 0.1439 
          38  1 0.1453 0.1417 0.1423 0.1413 0.1392 0.1447 0.1456 
          39  1 0.1501 0.1436 0.1374 0.1355 0.1359 0.1505 0.1470 
          40  1 0.1359 0.1412 0.1499 0.1486 0.1524 0.1346 0.1375 
          41  1 0.1324 0.1410 0.1549 0.1504 0.1551 0.1323 0.1338 
          42  1 0.1494 0.1417 0.1350 0.1383 0.1370 0.1505 0.1481 
          43  1 0.1449 0.1437 0.1393 0.1446 0.1399 0.1444 0.1432 
          44  1 0.1470 0.1412 0.1419 0.1426 0.1369 0.1457 0.1448 
          45  1 0.1495 0.1381 0.1390 0.1408 0.1394 0.1477 0.1455 
          46  1 0.1386 0.1415 0.1438 0.1510 0.1460 0.1401 0.1389 
          47  1 0.1472 0.1437 0.1429 0.1405 0.1328 0.1458 0.1471 
          48  1 0.1319 0.1417 0.1542 0.1545 0.1505 0.1326 0.1346 
          49  1 0.1584 0.1425 0.1298 0.1326 0.1262 0.1594 0.1511 
          50  1 0.1509 0.1444 0.1347 0.1394 0.1321 0.1502 0.1483 
          51  1 0.1467 0.1440 0.1424 0.1361 0.1388 0.1465 0.1455 
          52  1 0.1293 0.1377 0.1531 0.1507 0.1679 0.1291 0.1322 
          53  1 0.1280 0.1404 0.1567 0.1544 0.1588 0.1285 0.1333 
          54  1 0.1402 0.1428 0.1465 0.1429 0.1480 0.1404 0.1392 
          55  1 0.1363 0.1443 0.1459 0.1483 0.1488 0.1377 0.1386 
          56  1 0.1447 0.1482 0.1400 0.1383 0.1402 0.1433 0.1452 
          57  1 0.1510 0.1423 0.1351 0.1385 0.1330 0.1510 0.1491 
          58  1 0.1376 0.1447 0.1446 0.1507 0.1413 0.1381 0.1429 
          59  1 0.1545 0.1417 0.1337 0.1377 0.1331 0.1520 0.1473 
          60  1 0.1530 0.1427 0.1336 0.1366 0.1335 0.1523 0.1483 
          61  1 0.1459 0.1444 0.1410 0.1382 0.1366 0.1466 0.1473 
          62  1 0.1415 0.1412 0.1421 0.1442 0.1452 0.1442 0.1416 
          63  1 0.1466 0.1410 0.1376 0.1437 0.1398 0.1470 0.1442 
          64  1 0.1442 0.1405 0.1429 0.1420 0.1413 0.1475 0.1417 
          65  1 0.1310 0.1417 0.1541 0.1504 0.1576 0.1309 0.1342 
          66  1 0.1499 0.1425 0.1373 0.1382 0.1357 0.1484 0.1482 
          67  1 0.1489 0.1431 0.1372 0.1388 0.1339 0.1505 0.1476 
          68  1 0.1404 0.1395 0.1440 0.1471 0.1476 0.1404 0.1409 
          69  1 0.1465 0.1473 0.1406 0.1382 0.1370 0.1450 0.1452 
          70  1 0.1424 0.1446 0.1452 0.1400 0.1402 0.1427 0.1448 
          71  1 0.1488 0.1414 0.1384 0.1384 0.1369 0.1492 0.1470 
          72  1 0.1457 0.1437 0.1399 0.1409 0.1375 0.1466 0.1457 
          73  1 0.1356 0.1428 0.1494 0.1463 0.1517 0.1364 0.1378 
          74  1 0.1547 0.1439 0.1318 0.1342 0.1312 0.1530 0.1513 
          75  1 0.1529 0.1431 0.1336 0.1360 0.1325 0.1525 0.1494 
          76  1 0.1474 0.1419 0.1396 0.1388 0.1394 0.1473 0.1456 
          77  1 0.1425 0.1411 0.1447 0.1439 0.1445 0.1421 0.1411 
          78  1 0.1511 0.1428 0.1366 0.1356 0.1338 0.1513 0.1488 
          79  1 0.1460 0.1447 0.1408 0.1398 0.1378 0.1463 0.1447 
          80  1 0.1594 0.1382 0.1294 0.1350 0.1282 0.1591 0.1506 
          81  1 0.1480 0.1423 0.1397 0.1390 0.1367 0.1479 0.1464 
          82  1 0.1426 0.1418 0.1437 0.1446 0.1454 0.1420 0.1399 
          83  1 0.1464 0.1430 0.1381 0.1433 0.1360 0.1478 0.1454 
          84  1 0.1464 0.1435 0.1429 0.1376 0.1395 0.1432 0.1469 
          85  1 0.1524 0.1420 0.1370 0.1360 0.1321 0.1516 0.1489 
          86  1 0.1399 0.1411 0.1437 0.1462 0.1474 0.1408 0.1410 
          87  1 0.1459 0.1404 0.1401 0.1420 0.1391 0.1467 0.1458 
          88  1 0.1420 0.1449 0.1446 0.1414 0.1402 0.1413 0.1456 
          89  1 0.1453 0.1421 0.1391 0.1428 0.1403 0.1466 0.1438 
          90  1 0.1381 0.1419 0.1462 0.1496 0.1473 0.1390 0.1380 
          91  1 0.1357 0.1424 0.1521 0.1461 0.1484 0.1362 0.1391 
          92  1 0.1361 0.1440 0.1458 0.1516 0.1491 0.1354 0.1380 
          93  1 0.1333 0.1385 0.1494 0.1512 0.1600 0.1321 0.1355 
          94  1 0.1425 0.1422 0.1437 0.1426 0.1454 0.1430 0.1404 
          95  1 0.1397 0.1409 0.1492 0.1449 0.1452 0.1395 0.1405 
          96  1 0.1490 0.1447 0.1372 0.1367 0.1346 0.1498 0.1480 
          97  1 0.1397 0.1443 0.1480 0.1448 0.1431 0.1395 0.1406 
          98  1 0.1403 0.1414 0.1432 0.1448 0.1499 0.1401 0.1403 
          99  1 0.1337 0.1395 0.1468 0.1511 0.1572 0.1343 0.1374 
         100  1 0.1339 0.1409 0.1514 0.1568 0.1496 0.1326 0.1347 
         101  1 0.1440 0.1447 0.1427 0.1411 0.1429 0.1422 0.1425 
         102  1 0.1481 0.1445 0.1385 0.1381 0.1357 0.1463 0.1488 
         103  1 0.1344 0.1414 0.1474 0.1508 0.1553 0.1354 0.1354 
         104  1 0.1338 0.1420 0.1518 0.1506 0.1533 0.1332 0.1352 
         105  1 0.1373 0.1464 0.1502 0.1437 0.1448 0.1363 0.1413 
         106  1 0.1463 0.1450 0.1380 0.1385 0.1426 0.1446 0.1451 
         107  1 0.1460 0.1440 0.1371 0.1423 0.1411 0.1452 0.1443 
         108  1 0.1410 0.1410 0.1458 0.1436 0.1450 0.1415 0.1421 
         109  1 0.1358 0.1437 0.1516 0.1431 0.1494 0.1364 0.1400 
         110  1 0.1419 0.1406 0.1427 0.1451 0.1467 0.1418 0.1412 
         111  1 0.1522 0.1417 0.1352 0.1369 0.1344 0.1516 0.1480 
         112  1 0.1391 0.1449 0.1468 0.1444 0.1455 0.1383 0.1410 
         113  1 0.1479 0.1420 0.1410 0.1387 0.1383 0.1473 0.1449 
         114  1 0.1383 0.1411 0.1465 0.1506 0.1485 0.1371 0.1379 
         115  1 0.1453 0.1433 0.1415 0.1386 0.1419 0.1445 0.1448 
         116  1 0.1344 0.1388 0.1485 0.1502 0.1593 0.1338 0.1351 
         117  1 0.1366 0.1381 0.1482 0.1466 0.1581 0.1357 0.1367 
         118  1 0.1470 0.1435 0.1388 0.1395 0.1400 0.1450 0.1462 
         119  1 0.1456 0.1447 0.1401 0.1375 0.1432 0.1462 0.1428 
         120  1 0.1404 0.1408 0.1450 0.1477 0.1459 0.1404 0.1399 
         121  1 0.1411 0.1414 0.1474 0.1443 0.1456 0.1398 0.1404 
         122  1 0.1478 0.1419 0.1361 0.1377 0.1429 0.1482 0.1455 
         123  1 0.1477 0.1439 0.1367 0.1398 0.1371 0.1473 0.1476 
         124  1 0.1332 0.1406 0.1492 0.1503 0.1546 0.1350 0.1372 
         125  1 0.1453 0.1436 0.1409 0.1393 0.1393 0.1464 0.1451 
         126  1 0.1514 0.1416 0.1364 0.1378 0.1345 0.1516 0.1466 
         127  1 0.1390 0.1429 0.1424 0.1409 0.1521 0.1406 0.1422 
         128  1 0.1436 0.1419 0.1410 0.1457 0.1418 0.1434 0.1426 
         129  1 0.1374 0.1428 0.1436 0.1514 0.1473 0.1384 0.1393 
         130  1 0.1419 0.1400 0.1425 0.1431 0.1461 0.1437 0.1427 
         131  1 0.1398 0.1441 0.1429 0.1451 0.1454 0.1403 0.1424 
         132  1 0.1404 0.1420 0.1482 0.1461 0.1419 0.1393 0.1420 
         133  1 0.1394 0.1446 0.1496 0.1425 0.1431 0.1394 0.1414 
         134  1 0.1490 0.1424 0.1394 0.1364 0.1356 0.1491 0.1480 
         135  1 0.1442 0.1438 0.1443 0.1405 0.1403 0.1437 0.1432 
         136  1 0.1456 0.1464 0.1393 0.1387 0.1392 0.1453 0.1455 
         137  1 0.1439 0.1422 0.1403 0.1435 0.1395 0.1458 0.1447 
         138  1 0.1364 0.1434 0.1504 0.1450 0.1497 0.1369 0.1383 
         139  1 0.1374 0.1459 0.1452 0.1460 0.1459 0.1385 0.1411 
         140  1 0.1420 0.1442 0.1434 0.1406 0.1434 0.1418 0.1445 
         141  1 0.1456 0.1429 0.1378 0.1399 0.1438 0.1441 0.1458 
         142  1 0.1392 0.1423 0.1496 0.1444 0.1461 0.1386 0.1398 
         143  1 0.1330 0.1410 0.1510 0.1526 0.1534 0.1330 0.1359 
         144  1 0.1446 0.1421 0.1422 0.1404 0.1421 0.1444 0.1443 
         145  1 0.1417 0.1451 0.1419 0.1443 0.1424 0.1434 0.1413 
         146  1 0.1448 0.1445 0.1394 0.1448 0.1391 0.1436 0.1438 
         147  1 0.1525 0.1420 0.1347 0.1383 0.1318 0.1519 0.1488 
         148  1 0.1517 0.1427 0.1359 0.1380 0.1314 0.1513 0.1491 
         149  1 0.1573 0.1454 0.1281 0.1332 0.1270 0.1571 0.1519 
         150  1 0.1482 0.1418 0.1417 0.1384 0.1379 0.1467 0.1454 
