           1  1 0.3164 0.3369 0.3467 
           2  1 0.3542 0.3345 0.3113 
           3  1 0.3562 0.3294 0.3144 
           4  1 0.3373 0.3325 0.3302 
           5  1 0.3636 0.3299 0.3065 
           6  1 0.3292 0.3322 0.3386 
           7  1 0.3212 0.3367 0.3421 
           8  1 0.3304 0.3314 0.3382 
           9  1 0.3465 0.3337 0.3198 
          10  1 0.3368 0.3315 0.3318 
          11  1 0.3437 0.3340 0.3223 
          12  1 0.3450 0.3318 0.3231 
          13  1 0.3259 0.3333 0.3407 
          14  1 0.3026 0.3331 0.3642 
          15  1 0.3135 0.3342 0.3523 
          16  1 0.3596 0.3303 0.3101 
          17  1 0.3591 0.3297 0.3112 
          18  1 0.3010 0.3351 0.3639 
          19  1 0.3415 0.3321 0.3264 
          20  1 0.3406 0.3334 0.3259 
          21  1 0.3491 0.3329 0.3180 
          22  1 0.3374 0.3362 0.3265 
          23  1 0.3444 0.3328 0.3228 
          24  1 0.3522 0.3349 0.3130 
          25  1 0.3555 0.3327 0.3118 
          26  1 0.3238 0.3342 0.3420 
          27  1 0.3476 0.3304 0.3221 
          28  1 0.3473 0.3311 0.3217 
          29  1 0.3354 0.3356 0.3290 
          30  1 0.3516 0.3326 0.3158 
          31  1 0.3083 0.3342 0.3574 
          32  1 0.3384 0.3288 0.3328 
          33  1 0.3435 0.3308 0.3257 
          34  1 0.3279 0.3381 0.3340 
          35  1 0.3382 0.3309 0.3309 
          36  1 0.3311 0.3321 0.3368 
          37  1 0.3258 0.3336 0.3406 
          38  1 0.3294 0.3349 0.3357 
          39  1 0.3041 0.3369 0.3590 
          40  1 0.3524 0.3314 0.3162 
          41  1 0.3598 0.3319 0.3083 
          42  1 0.3141 0.3339 0.3520 
          43  1 0.3247 0.3344 0.3409 
          44  1 0.3249 0.3319 0.3432 
          45  1 0.3230 0.3324 0.3446 
          46  1 0.3462 0.3309 0.3229 
          47  1 0.3285 0.3325 0.3390 
          48  1 0.3644 0.3309 0.3047 
          49  1 0.2921 0.3341 0.3737 
          50  1 0.3154 0.3340 0.3506 
          51  1 0.3232 0.3343 0.3426 
          52  1 0.3695 0.3295 0.3009 
          53  1 0.3695 0.3298 0.3007 
          54  1 0.3530 0.3283 0.3187 
          55  1 0.3402 0.3375 0.3223 
          56  1 0.3248 0.3376 0.3376 
          57  1 0.3109 0.3363 0.3527 
          58  1 0.3434 0.3318 0.3248 
          59  1 0.3108 0.3318 0.3574 
          60  1 0.3044 0.3361 0.3595 
          61  1 0.3274 0.3324 0.3402 
          62  1 0.3314 0.3338 0.3348 
          63  1 0.3215 0.3345 0.3440 
          64  1 0.3371 0.3280 0.3349 
          65  1 0.3596 0.3312 0.3093 
          66  1 0.3174 0.3331 0.3496 
          67  1 0.3212 0.3324 0.3464 
          68  1 0.3480 0.3295 0.3225 
          69  1 0.3270 0.3318 0.3413 
          70  1 0.3391 0.3283 0.3326 
          71  1 0.3184 0.3340 0.3476 
          72  1 0.3272 0.3330 0.3398 
          73  1 0.3547 0.3323 0.3129 
          74  1 0.2976 0.3363 0.3660 
          75  1 0.3088 0.3331 0.3581 
          76  1 0.3207 0.3354 0.3439 
          77  1 0.3389 0.3285 0.3327 
          78  1 0.3101 0.3365 0.3534 
          79  1 0.3240 0.3339 0.3420 
          80  1 0.2908 0.3311 0.3781 
          81  1 0.3196 0.3330 0.3474 
          82  1 0.3403 0.3326 0.3271 
          83  1 0.3241 0.3319 0.3440 
          84  1 0.3280 0.3322 0.3398 
          85  1 0.3120 0.3320 0.3561 
          86  1 0.3397 0.3334 0.3269 
          87  1 0.3255 0.3326 0.3418 
          88  1 0.3397 0.3327 0.3276 
          89  1 0.3229 0.3352 0.3420 
          90  1 0.3490 0.3326 0.3184 
          91  1 0.3493 0.3319 0.3187 
          92  1 0.3540 0.3336 0.3124 
          93  1 0.3595 0.3280 0.3125 
          94  1 0.3389 0.3307 0.3304 
          95  1 0.3459 0.3288 0.3253 
          96  1 0.3192 0.3326 0.3482 
          97  1 0.3462 0.3332 0.3206 
          98  1 0.3374 0.3321 0.3305 
          99  1 0.3471 0.3312 0.3216 
         100  1 0.3630 0.3302 0.3069 
         101  1 0.3403 0.3311 0.3286 
         102  1 0.3136 0.3389 0.3475 
         103  1 0.3530 0.3322 0.3147 
         104  1 0.3629 0.3306 0.3065 
         105  1 0.3474 0.3333 0.3193 
         106  1 0.3219 0.3360 0.3421 
         107  1 0.3192 0.3366 0.3442 
         108  1 0.3362 0.3308 0.3330 
         109  1 0.3369 0.3336 0.3295 
         110  1 0.3319 0.3330 0.3351 
         111  1 0.3081 0.3318 0.3601 
         112  1 0.3511 0.3296 0.3193 
         113  1 0.3346 0.3295 0.3359 
         114  1 0.3460 0.3342 0.3198 
         115  1 0.3243 0.3359 0.3398 
         116  1 0.3535 0.3322 0.3142 
         117  1 0.3472 0.3304 0.3224 
         118  1 0.3174 0.3372 0.3454 
         119  1 0.3316 0.3293 0.3391 
         120  1 0.3391 0.3341 0.3268 
         121  1 0.3418 0.3329 0.3252 
         122  1 0.3135 0.3360 0.3505 
         123  1 0.3266 0.3319 0.3415 
         124  1 0.3502 0.3329 0.3170 
         125  1 0.3264 0.3355 0.3382 
         126  1 0.3165 0.3306 0.3529 
         127  1 0.3311 0.3348 0.3341 
         128  1 0.3324 0.3337 0.3340 
         129  1 0.3471 0.3318 0.3211 
         130  1 0.3328 0.3324 0.3348 
         131  1 0.3370 0.3356 0.3274 
         132  1 0.3462 0.3313 0.3225 
         133  1 0.3490 0.3316 0.3194 
         134  1 0.3113 0.3320 0.3567 
         135  1 0.3272 0.3347 0.3380 
         136  1 0.3230 0.3353 0.3417 
         137  1 0.3251 0.3342 0.3406 
         138  1 0.3538 0.3318 0.3144 
         139  1 0.3423 0.3352 0.3225 
         140  1 0.3397 0.3305 0.3298 
         141  1 0.3291 0.3339 0.3370 
         142  1 0.3467 0.3290 0.3243 
         143  1 0.3622 0.3307 0.3072 
         144  1 0.3250 0.3348 0.3401 
         145  1 0.3341 0.3368 0.3291 
         146  1 0.3230 0.3364 0.3406 
         147  1 0.3148 0.3323 0.3529 
         148  1 0.3146 0.3308 0.3546 
         149  1 0.2949 0.3360 0.3691 
         150  1 0.3240 0.3325 0.3436 
