           1  1 0.1001 0.1016 0.0995 0.1001 0.1009 0.0991 0.0976 0.0985 0.1005 0.1020 
           2  1 0.0979 0.1013 0.0996 0.1051 0.0972 0.0987 0.0999 0.0999 0.0993 0.1011 
           3  1 0.0971 0.0976 0.1074 0.1004 0.0982 0.0987 0.1031 0.1001 0.0977 0.0997 
           4  1 0.0986 0.1003 0.1016 0.0984 0.1010 0.1004 0.0994 0.1006 0.1006 0.0991 
           5  1 0.0978 0.0990 0.0990 0.1082 0.0965 0.1002 0.1003 0.0997 0.0991 0.1001 
           6  1 0.1004 0.1002 0.1001 0.1022 0.0994 0.0981 0.1008 0.0995 0.1001 0.0991 
           7  1 0.1000 0.1008 0.0989 0.1003 0.0999 0.1012 0.0987 0.1000 0.0999 0.1003 
           8  1 0.1006 0.1008 0.0991 0.0973 0.0997 0.1011 0.0988 0.1010 0.1011 0.1005 
           9  1 0.0985 0.0997 0.0993 0.1025 0.0998 0.0995 0.1002 0.1018 0.1000 0.0987 
          10  1 0.0996 0.1008 0.0987 0.0978 0.0993 0.1009 0.1016 0.0996 0.1012 0.1006 
          11  1 0.0976 0.0987 0.1059 0.1070 0.0970 0.0973 0.1005 0.0997 0.0989 0.0974 
          12  1 0.0996 0.0987 0.1010 0.1036 0.1002 0.0992 0.1000 0.0994 0.0991 0.0992 
          13  1 0.1012 0.1010 0.0990 0.0978 0.1000 0.1016 0.1010 0.0996 0.1002 0.0985 
          14  1 0.1036 0.1006 0.0979 0.0970 0.1030 0.0995 0.0970 0.1002 0.1030 0.0982 
          15  1 0.1016 0.1009 0.0976 0.0971 0.1008 0.0992 0.1002 0.0996 0.1016 0.1014 
          16  1 0.0974 0.0983 0.0994 0.1001 0.1010 0.0997 0.1009 0.1005 0.1000 0.1025 
          17  1 0.0967 0.0977 0.1104 0.1066 0.0975 0.0981 0.1015 0.0968 0.0970 0.0976 
          18  1 0.1012 0.1007 0.0982 0.0965 0.1015 0.1007 0.0977 0.0999 0.1020 0.1017 
          19  1 0.0989 0.0999 0.1018 0.1022 0.0995 0.0990 0.1015 0.1004 0.0982 0.0987 
          20  1 0.0997 0.1010 0.0982 0.0976 0.1014 0.1008 0.0998 0.1017 0.0992 0.1005 
          21  1 0.0993 0.0987 0.1008 0.1012 0.0987 0.1005 0.1002 0.1015 0.0990 0.1000 
          22  1 0.0997 0.1002 0.0988 0.0987 0.0996 0.1004 0.1025 0.0997 0.1000 0.1005 
          23  1 0.0998 0.1006 0.0976 0.0994 0.0997 0.1005 0.1009 0.1001 0.1003 0.1010 
          24  1 0.0977 0.0991 0.1031 0.1005 0.0980 0.1013 0.0991 0.1019 0.0987 0.1005 
          25  1 0.0981 0.0995 0.0987 0.1017 0.1000 0.1002 0.1016 0.0985 0.0996 0.1022 
          26  1 0.1012 0.1011 0.0985 0.0983 0.1010 0.1013 0.0997 0.0986 0.1002 0.1000 
          27  1 0.0995 0.0983 0.1016 0.0987 0.0997 0.1003 0.1028 0.0976 0.0999 0.1015 
          28  1 0.0997 0.0992 0.1015 0.0984 0.0990 0.1005 0.1004 0.0999 0.1000 0.1013 
          29  1 0.0999 0.0999 0.0997 0.1015 0.0988 0.0998 0.1008 0.0994 0.0996 0.1004 
          30  1 0.0981 0.0987 0.0990 0.1005 0.0990 0.1009 0.1027 0.1015 0.0992 0.1003 
          31  1 0.1028 0.1001 0.0978 0.1006 0.1010 0.0996 0.0957 0.1019 0.1020 0.0985 
          32  1 0.0988 0.0982 0.1095 0.1022 0.0979 0.0975 0.1016 0.0975 0.0989 0.0979 
          33  1 0.0999 0.0997 0.0983 0.0993 0.0999 0.1017 0.1015 0.1001 0.0998 0.0997 
          34  1 0.0975 0.0974 0.1103 0.1099 0.0975 0.0983 0.0986 0.0975 0.0961 0.0969 
          35  1 0.0990 0.0994 0.1035 0.1011 0.1001 0.1005 0.1003 0.0977 0.0988 0.0995 
          36  1 0.1010 0.1022 0.0980 0.0995 0.1000 0.0993 0.0985 0.1001 0.1014 0.0999 
          37  1 0.1003 0.1013 0.0980 0.0986 0.1008 0.0995 0.1005 0.0998 0.1003 0.1009 
          38  1 0.1012 0.0997 0.1000 0.0997 0.1007 0.0992 0.0992 0.0997 0.1001 0.1006 
          39  1 0.1012 0.1010 0.1000 0.1020 0.1006 0.0985 0.0973 0.1000 0.1010 0.0983 
          40  1 0.0986 0.1003 0.0987 0.0983 0.1000 0.1003 0.1011 0.1006 0.1000 0.1022 
          41  1 0.0974 0.0992 0.0996 0.0966 0.0997 0.1030 0.1020 0.1000 0.1000 0.1026 
          42  1 0.1012 0.1007 0.1027 0.0986 0.0994 0.0987 0.1003 0.0986 0.1009 0.0989 
          43  1 0.1001 0.1014 0.0976 0.0970 0.1002 0.1008 0.0994 0.1011 0.1016 0.1007 
          44  1 0.1002 0.1004 0.0985 0.0958 0.1005 0.1016 0.1014 0.0993 0.0985 0.1038 
          45  1 0.1031 0.1006 0.0987 0.0976 0.1005 0.1001 0.0984 0.1003 0.1020 0.0988 
          46  1 0.0997 0.1000 0.0989 0.0974 0.1003 0.1003 0.1000 0.1003 0.1009 0.1022 
          47  1 0.0999 0.1009 0.0980 0.0987 0.0999 0.1011 0.0992 0.1019 0.0993 0.1012 
          48  1 0.0982 0.0975 0.0977 0.1012 0.0986 0.1020 0.1006 0.1031 0.0987 0.1024 
          49  1 0.1038 0.1024 0.0969 0.0961 0.1008 0.1003 0.0965 0.1006 0.1035 0.0990 
          50  1 0.1026 0.1009 0.0978 0.0984 0.1007 0.1006 0.0972 0.0997 0.1023 0.0999 
          51  1 0.1010 0.1002 0.0997 0.1004 0.1013 0.0979 0.1000 0.1002 0.1016 0.0977 
          52  1 0.0969 0.0960 0.1096 0.1018 0.0983 0.0993 0.1027 0.0987 0.0983 0.0983 
          53  1 0.0973 0.0981 0.1014 0.0998 0.0990 0.1007 0.1011 0.1015 0.0993 0.1017 
          54  1 0.0989 0.0990 0.1025 0.0992 0.1002 0.1000 0.1013 0.0990 0.0996 0.1003 
          55  1 0.0984 0.0990 0.1036 0.1060 0.0978 0.0988 0.1009 0.0975 0.0984 0.0995 
          56  1 0.1000 0.1014 0.0996 0.1034 0.0994 0.0999 0.0993 0.0991 0.0992 0.0987 
          57  1 0.1015 0.1012 0.1013 0.0998 0.1001 0.0996 0.0971 0.1004 0.1009 0.0980 
          58  1 0.0995 0.1012 0.0968 0.1027 0.0986 0.1004 0.0994 0.1004 0.1000 0.1011 
          59  1 0.1018 0.1005 0.0988 0.0984 0.1008 0.0994 0.0988 0.1004 0.1016 0.0995 
          60  1 0.1027 0.1017 0.0982 0.0971 0.1022 0.0992 0.0981 0.0986 0.1024 0.0998 
          61  1 0.1014 0.1012 0.0979 0.1016 0.1006 0.0989 0.0990 0.1003 0.1002 0.0990 
          62  1 0.0984 0.0991 0.1012 0.0971 0.1004 0.1016 0.1033 0.0986 0.1001 0.1001 
          63  1 0.1015 0.1001 0.0994 0.0995 0.1002 0.0994 0.0980 0.1012 0.1015 0.0991 
          64  1 0.1007 0.0998 0.0993 0.0984 0.1009 0.1002 0.1007 0.0987 0.1011 0.1002 
          65  1 0.0972 0.0978 0.1041 0.1045 0.0981 0.0986 0.1017 0.0996 0.0988 0.0996 
          66  1 0.1020 0.1005 0.0983 0.0998 0.1004 0.0985 0.0990 0.1006 0.1006 0.1003 
          67  1 0.1021 0.1009 0.0971 0.0998 0.1014 0.1002 0.0973 0.1006 0.1012 0.0993 
          68  1 0.0988 0.0982 0.1020 0.0982 0.1014 0.0989 0.1026 0.0997 0.1009 0.0992 
          69  1 0.1011 0.1005 0.0985 0.1020 0.1015 0.0998 0.0975 0.0999 0.1010 0.0982 
          70  1 0.1003 0.0994 0.0979 0.1025 0.1018 0.0999 0.0996 0.0993 0.0993 0.0999 
          71  1 0.1017 0.0997 0.0984 0.1007 0.1020 0.0999 0.0987 0.0993 0.1007 0.0988 
          72  1 0.1009 0.1017 0.0984 0.0973 0.1011 0.0996 0.0989 0.1011 0.1000 0.1010 
          73  1 0.0990 0.0983 0.1021 0.0984 0.0994 0.1016 0.1031 0.0986 0.0994 0.1000 
          74  1 0.1011 0.1008 0.1038 0.1008 0.1003 0.0989 0.0965 0.0987 0.1003 0.0986 
          75  1 0.1023 0.1018 0.0980 0.0972 0.1009 0.1018 0.0978 0.0985 0.1026 0.0992 
          76  1 0.1017 0.1004 0.0983 0.0987 0.1019 0.1010 0.0997 0.0985 0.1000 0.0999 
          77  1 0.1002 0.0998 0.0982 0.0985 0.1021 0.1008 0.1009 0.0987 0.1007 0.1001 
          78  1 0.1026 0.1011 0.0977 0.0981 0.1017 0.1004 0.0973 0.1010 0.1014 0.0987 
          79  1 0.1011 0.1003 0.0990 0.0980 0.1014 0.1001 0.0992 0.0996 0.0999 0.1014 
          80  1 0.1038 0.1026 0.0984 0.0977 0.1014 0.0984 0.0957 0.1020 0.1026 0.0974 
          81  1 0.1008 0.1010 0.0977 0.0985 0.1007 0.0996 0.1000 0.1000 0.1010 0.1006 
          82  1 0.1003 0.0995 0.0988 0.1002 0.1003 0.0989 0.0987 0.1013 0.1022 0.0997 
          83  1 0.1005 0.1008 0.0974 0.0974 0.1003 0.0997 0.1007 0.1008 0.1013 0.1011 
          84  1 0.1014 0.1015 0.0981 0.0978 0.1020 0.1007 0.0991 0.0990 0.1013 0.0991 
          85  1 0.1024 0.1005 0.0983 0.0974 0.1011 0.1000 0.0980 0.1001 0.1020 0.1003 
          86  1 0.0995 0.1005 0.0994 0.0983 0.1002 0.1001 0.1012 0.0979 0.1012 0.1017 
          87  1 0.1012 0.1002 0.0992 0.0979 0.1009 0.1009 0.1009 0.0983 0.1007 0.0999 
          88  1 0.0994 0.0994 0.0983 0.0994 0.1006 0.1021 0.1015 0.1002 0.0992 0.0999 
          89  1 0.1008 0.0984 0.1014 0.1002 0.1002 0.0996 0.0989 0.1018 0.1002 0.0985 
          90  1 0.0991 0.0997 0.0983 0.1008 0.0987 0.1000 0.1032 0.1001 0.0993 0.1007 
          91  1 0.0980 0.0992 0.0977 0.1025 0.0989 0.1013 0.1015 0.1010 0.0995 0.1003 
          92  1 0.0998 0.0989 0.1002 0.0994 0.1002 0.1011 0.1002 0.1000 0.0992 0.1009 
          93  1 0.0969 0.0963 0.1063 0.1003 0.0986 0.0991 0.1069 0.0973 0.0985 0.0999 
          94  1 0.1006 0.0998 0.1001 0.0991 0.1006 0.0997 0.1005 0.0995 0.1002 0.0999 
          95  1 0.0990 0.1003 0.0996 0.0987 0.0987 0.1015 0.1047 0.0989 0.0981 0.1004 
          96  1 0.1016 0.1008 0.0980 0.0983 0.1014 0.0999 0.0980 0.1001 0.1012 0.1008 
          97  1 0.0993 0.0992 0.0982 0.1004 0.0997 0.1017 0.1024 0.0985 0.0997 0.1008 
          98  1 0.0988 0.0985 0.1030 0.0998 0.1009 0.0993 0.1011 0.0995 0.1000 0.0990 
          99  1 0.0975 0.0967 0.1120 0.1025 0.0970 0.0978 0.1026 0.0979 0.0972 0.0988 
         100  1 0.0977 0.1005 0.0981 0.0988 0.0994 0.1010 0.1016 0.1018 0.0988 0.1021 
         101  1 0.0997 0.0993 0.1010 0.1006 0.1018 0.1002 0.0996 0.0992 0.0993 0.0994 
         102  1 0.1023 0.1016 0.0982 0.0977 0.1000 0.1001 0.0997 0.0992 0.1009 0.1004 
         103  1 0.0981 0.0995 0.0995 0.0996 0.0988 0.1007 0.1027 0.1008 0.0997 0.1006 
         104  1 0.0972 0.0989 0.0995 0.0966 0.1011 0.1011 0.1014 0.1011 0.0998 0.1035 
         105  1 0.0990 0.1002 0.0963 0.1065 0.0994 0.0980 0.1011 0.1004 0.0994 0.0998 
         106  1 0.0994 0.0996 0.1044 0.1048 0.0984 0.0989 0.0997 0.0976 0.0986 0.0986 
         107  1 0.1005 0.1008 0.1002 0.1002 0.1015 0.0987 0.0988 0.1001 0.0997 0.0994 
         108  1 0.1002 0.0997 0.0991 0.0983 0.1020 0.1009 0.0984 0.1010 0.1000 0.1004 
         109  1 0.0985 0.1004 0.0973 0.1042 0.0992 0.0990 0.1007 0.1002 0.1003 0.1002 
         110  1 0.1001 0.0989 0.1035 0.1003 0.0998 0.0983 0.1015 0.0997 0.1000 0.0980 
         111  1 0.1011 0.1004 0.0982 0.0975 0.1011 0.0994 0.0979 0.1018 0.1022 0.1005 
         112  1 0.0984 0.1005 0.0993 0.0986 0.1003 0.1010 0.1026 0.1005 0.0992 0.0996 
         113  1 0.1012 0.0998 0.1001 0.1010 0.1000 0.0999 0.0977 0.1005 0.1017 0.0981 
         114  1 0.0976 0.0995 0.1003 0.0987 0.0986 0.1021 0.1011 0.1042 0.0983 0.0997 
         115  1 0.1021 0.0994 0.0997 0.1000 0.1005 0.0989 0.0998 0.1008 0.0998 0.0989 
         116  1 0.0966 0.0975 0.1078 0.1012 0.0979 0.0995 0.1013 0.1009 0.0980 0.0993 
         117  1 0.0966 0.0963 0.1101 0.1057 0.0974 0.0987 0.1031 0.0972 0.0971 0.0978 
         118  1 0.1015 0.1014 0.0983 0.0993 0.0997 0.0998 0.0991 0.0996 0.1013 0.1000 
         119  1 0.1003 0.0993 0.1039 0.0999 0.0996 0.0991 0.0999 0.0992 0.1003 0.0985 
         120  1 0.0988 0.0994 0.0997 0.0997 0.0992 0.1010 0.0984 0.1029 0.1005 0.1003 
         121  1 0.0988 0.1001 0.0972 0.0983 0.1009 0.1020 0.1015 0.0991 0.1002 0.1019 
         122  1 0.1013 0.1001 0.1027 0.1002 0.0996 0.0976 0.0992 0.1001 0.1004 0.0988 
         123  1 0.1011 0.1010 0.0989 0.0976 0.1004 0.1000 0.0999 0.1000 0.1007 0.1005 
         124  1 0.0970 0.0980 0.1033 0.1029 0.0991 0.1005 0.1024 0.0990 0.0997 0.0982 
         125  1 0.1011 0.1015 0.0989 0.0982 0.1008 0.1005 0.1004 0.0995 0.0996 0.0995 
         126  1 0.1031 0.1014 0.0998 0.0983 0.1010 0.0992 0.0969 0.1002 0.1013 0.0987 
         127  1 0.0968 0.0968 0.1123 0.1075 0.0973 0.0978 0.1005 0.0973 0.0972 0.0965 
         128  1 0.0997 0.1008 0.0995 0.0999 0.1002 0.0987 0.1004 0.1008 0.0988 0.1010 
         129  1 0.0979 0.1004 0.0996 0.1002 0.1001 0.0997 0.1010 0.1014 0.0984 0.1013 
         130  1 0.0989 0.0997 0.1012 0.0998 0.1007 0.0996 0.0991 0.1003 0.1001 0.1005 
         131  1 0.0998 0.0999 0.0986 0.0978 0.1000 0.1004 0.1015 0.0985 0.1005 0.1030 
         132  1 0.0987 0.1000 0.0970 0.1009 0.0984 0.1023 0.1012 0.1013 0.0998 0.1004 
         133  1 0.0991 0.1014 0.0986 0.1015 0.0996 0.1005 0.0992 0.0995 0.0994 0.1012 
         134  1 0.1012 0.0996 0.1006 0.0982 0.1026 0.0974 0.0999 0.1000 0.1020 0.0983 
         135  1 0.1008 0.1014 0.0987 0.0980 0.1014 0.1004 0.0987 0.0997 0.1005 0.1004 
         136  1 0.1008 0.1012 0.0980 0.1030 0.0991 0.1004 0.0993 0.0996 0.0994 0.0992 
         137  1 0.1020 0.1009 0.0981 0.0993 0.1013 0.1003 0.0999 0.0986 0.1001 0.0994 
         138  1 0.0981 0.0983 0.1013 0.1024 0.0994 0.1002 0.1016 0.0986 0.0990 0.1011 
         139  1 0.0979 0.1002 0.0973 0.1043 0.0987 0.1003 0.1006 0.1003 0.0993 0.1011 
         140  1 0.0997 0.0990 0.0997 0.1026 0.0998 0.0997 0.1007 0.1004 0.1002 0.0983 
         141  1 0.1000 0.0986 0.1031 0.1041 0.1003 0.0991 0.0985 0.0993 0.0992 0.0977 
         142  1 0.0993 0.1004 0.0992 0.0996 0.0991 0.0999 0.1022 0.1008 0.0991 0.1002 
         143  1 0.0972 0.0975 0.1008 0.0990 0.0995 0.1021 0.1000 0.1057 0.0981 0.1002 
         144  1 0.1012 0.1012 0.0989 0.0995 0.1001 0.1004 0.0992 0.0988 0.1008 0.0998 
         145  1 0.0996 0.1014 0.0976 0.1020 0.0999 0.1000 0.0992 0.0989 0.0988 0.1026 
         146  1 0.1005 0.1018 0.0980 0.0991 0.1004 0.0995 0.1003 0.1003 0.0998 0.1003 
         147  1 0.1025 0.1007 0.0980 0.0974 0.1026 0.0992 0.0979 0.1013 0.1007 0.0997 
         148  1 0.1043 0.1020 0.0970 0.0977 0.1015 0.1006 0.0965 0.1006 0.1008 0.0990 
         149  1 0.1027 0.1021 0.0984 0.0983 0.1013 0.0977 0.0968 0.1010 0.1015 0.1002 
         150  1 0.1023 0.1000 0.0976 0.0974 0.1018 0.1011 0.0981 0.1006 0.1014 0.0997 
