           1  1 0.1679 0.1675 0.1687 0.1672 0.1615 0.1672 
           2  1 0.1649 0.1639 0.1646 0.1651 0.1711 0.1703 
           3  1 0.1650 0.1644 0.1633 0.1666 0.1725 0.1681 
           4  1 0.1660 0.1667 0.1671 0.1663 0.1686 0.1653 
           5  1 0.1628 0.1639 0.1641 0.1656 0.1733 0.1704 
           6  1 0.1661 0.1661 0.1673 0.1652 0.1684 0.1670 
           7  1 0.1668 0.1671 0.1673 0.1670 0.1655 0.1663 
           8  1 0.1667 0.1667 0.1686 0.1668 0.1635 0.1677 
           9  1 0.1648 0.1649 0.1652 0.1658 0.1721 0.1671 
          10  1 0.1665 0.1656 0.1655 0.1679 0.1665 0.1680 
          11  1 0.1646 0.1675 0.1667 0.1670 0.1673 0.1668 
          12  1 0.1664 0.1668 0.1650 0.1662 0.1684 0.1672 
          13  1 0.1684 0.1670 0.1666 0.1672 0.1659 0.1650 
          14  1 0.1690 0.1712 0.1699 0.1672 0.1591 0.1636 
          15  1 0.1685 0.1660 0.1697 0.1670 0.1628 0.1659 
          16  1 0.1644 0.1650 0.1632 0.1669 0.1722 0.1683 
          17  1 0.1643 0.1645 0.1629 0.1651 0.1737 0.1695 
          18  1 0.1696 0.1699 0.1709 0.1685 0.1577 0.1633 
          19  1 0.1658 0.1665 0.1648 0.1671 0.1704 0.1655 
          20  1 0.1665 0.1645 0.1652 0.1670 0.1686 0.1682 
          21  1 0.1670 0.1648 0.1634 0.1663 0.1711 0.1675 
          22  1 0.1660 0.1642 0.1647 0.1653 0.1710 0.1689 
          23  1 0.1653 0.1646 0.1660 0.1663 0.1708 0.1670 
          24  1 0.1642 0.1646 0.1641 0.1665 0.1702 0.1705 
          25  1 0.1649 0.1641 0.1657 0.1647 0.1700 0.1706 
          26  1 0.1672 0.1667 0.1682 0.1667 0.1659 0.1653 
          27  1 0.1660 0.1655 0.1645 0.1658 0.1701 0.1681 
          28  1 0.1664 0.1650 0.1641 0.1647 0.1709 0.1689 
          29  1 0.1659 0.1656 0.1662 0.1659 0.1696 0.1668 
          30  1 0.1649 0.1657 0.1645 0.1662 0.1718 0.1669 
          31  1 0.1675 0.1712 0.1708 0.1673 0.1598 0.1634 
          32  1 0.1648 0.1675 0.1654 0.1677 0.1692 0.1654 
          33  1 0.1654 0.1645 0.1646 0.1656 0.1712 0.1687 
          34  1 0.1672 0.1685 0.1668 0.1658 0.1654 0.1663 
          35  1 0.1666 0.1663 0.1662 0.1678 0.1669 0.1662 
          36  1 0.1654 0.1668 0.1690 0.1659 0.1652 0.1677 
          37  1 0.1675 0.1662 0.1672 0.1663 0.1658 0.1670 
          38  1 0.1664 0.1677 0.1681 0.1656 0.1648 0.1674 
          39  1 0.1684 0.1704 0.1714 0.1685 0.1582 0.1631 
          40  1 0.1652 0.1635 0.1641 0.1661 0.1714 0.1697 
          41  1 0.1648 0.1621 0.1634 0.1661 0.1736 0.1700 
          42  1 0.1675 0.1702 0.1706 0.1681 0.1602 0.1634 
          43  1 0.1666 0.1674 0.1681 0.1679 0.1630 0.1670 
          44  1 0.1680 0.1672 0.1678 0.1670 0.1639 0.1661 
          45  1 0.1672 0.1671 0.1680 0.1677 0.1641 0.1660 
          46  1 0.1660 0.1655 0.1649 0.1641 0.1701 0.1692 
          47  1 0.1678 0.1661 0.1680 0.1674 0.1636 0.1670 
          48  1 0.1643 0.1636 0.1620 0.1661 0.1738 0.1702 
          49  1 0.1694 0.1717 0.1729 0.1700 0.1546 0.1613 
          50  1 0.1673 0.1683 0.1696 0.1670 0.1616 0.1663 
          51  1 0.1676 0.1690 0.1671 0.1676 0.1635 0.1652 
          52  1 0.1643 0.1616 0.1595 0.1663 0.1780 0.1703 
          53  1 0.1640 0.1614 0.1611 0.1670 0.1756 0.1708 
          54  1 0.1646 0.1656 0.1647 0.1643 0.1716 0.1692 
          55  1 0.1651 0.1663 0.1666 0.1642 0.1690 0.1687 
          56  1 0.1675 0.1682 0.1680 0.1674 0.1642 0.1648 
          57  1 0.1676 0.1698 0.1692 0.1668 0.1622 0.1643 
          58  1 0.1661 0.1647 0.1660 0.1649 0.1706 0.1677 
          59  1 0.1676 0.1672 0.1688 0.1676 0.1632 0.1656 
          60  1 0.1690 0.1693 0.1697 0.1668 0.1605 0.1648 
          61  1 0.1674 0.1683 0.1688 0.1659 0.1641 0.1655 
          62  1 0.1671 0.1664 0.1665 0.1660 0.1674 0.1665 
          63  1 0.1670 0.1688 0.1692 0.1674 0.1621 0.1656 
          64  1 0.1666 0.1664 0.1653 0.1654 0.1694 0.1669 
          65  1 0.1649 0.1657 0.1640 0.1672 0.1706 0.1677 
          66  1 0.1670 0.1686 0.1694 0.1680 0.1609 0.1661 
          67  1 0.1662 0.1682 0.1692 0.1667 0.1632 0.1666 
          68  1 0.1657 0.1648 0.1649 0.1663 0.1696 0.1688 
          69  1 0.1676 0.1686 0.1667 0.1666 0.1648 0.1657 
          70  1 0.1660 0.1674 0.1669 0.1666 0.1671 0.1659 
          71  1 0.1664 0.1691 0.1677 0.1668 0.1647 0.1652 
          72  1 0.1678 0.1680 0.1681 0.1680 0.1634 0.1647 
          73  1 0.1647 0.1631 0.1630 0.1653 0.1742 0.1696 
          74  1 0.1695 0.1698 0.1720 0.1684 0.1565 0.1639 
          75  1 0.1687 0.1683 0.1694 0.1675 0.1613 0.1648 
          76  1 0.1680 0.1674 0.1685 0.1659 0.1648 0.1652 
          77  1 0.1659 0.1663 0.1658 0.1656 0.1692 0.1672 
          78  1 0.1691 0.1690 0.1694 0.1670 0.1619 0.1636 
          79  1 0.1672 0.1683 0.1675 0.1667 0.1642 0.1661 
          80  1 0.1694 0.1724 0.1731 0.1705 0.1530 0.1616 
          81  1 0.1681 0.1666 0.1679 0.1668 0.1650 0.1656 
          82  1 0.1653 0.1679 0.1657 0.1664 0.1678 0.1669 
          83  1 0.1678 0.1677 0.1679 0.1668 0.1635 0.1663 
          84  1 0.1682 0.1671 0.1663 0.1674 0.1653 0.1657 
          85  1 0.1677 0.1683 0.1692 0.1666 0.1623 0.1660 
          86  1 0.1658 0.1645 0.1659 0.1653 0.1684 0.1701 
          87  1 0.1669 0.1675 0.1677 0.1676 0.1656 0.1647 
          88  1 0.1674 0.1650 0.1665 0.1670 0.1676 0.1666 
          89  1 0.1671 0.1687 0.1678 0.1674 0.1638 0.1653 
          90  1 0.1654 0.1644 0.1658 0.1644 0.1704 0.1697 
          91  1 0.1654 0.1643 0.1642 0.1666 0.1707 0.1688 
          92  1 0.1645 0.1655 0.1629 0.1661 0.1742 0.1668 
          93  1 0.1660 0.1632 0.1626 0.1659 0.1735 0.1688 
          94  1 0.1670 0.1638 0.1650 0.1638 0.1712 0.1692 
          95  1 0.1661 0.1660 0.1652 0.1662 0.1700 0.1664 
          96  1 0.1684 0.1685 0.1683 0.1672 0.1622 0.1654 
          97  1 0.1653 0.1655 0.1650 0.1653 0.1706 0.1684 
          98  1 0.1670 0.1665 0.1655 0.1659 0.1683 0.1667 
          99  1 0.1665 0.1655 0.1650 0.1666 0.1701 0.1662 
         100  1 0.1645 0.1628 0.1651 0.1653 0.1720 0.1702 
         101  1 0.1656 0.1667 0.1657 0.1657 0.1695 0.1668 
         102  1 0.1690 0.1676 0.1683 0.1670 0.1632 0.1649 
         103  1 0.1654 0.1630 0.1637 0.1669 0.1711 0.1699 
         104  1 0.1647 0.1644 0.1634 0.1661 0.1733 0.1681 
         105  1 0.1655 0.1636 0.1650 0.1666 0.1702 0.1690 
         106  1 0.1656 0.1686 0.1685 0.1675 0.1651 0.1648 
         107  1 0.1672 0.1687 0.1695 0.1680 0.1613 0.1653 
         108  1 0.1663 0.1664 0.1662 0.1672 0.1679 0.1660 
         109  1 0.1681 0.1658 0.1656 0.1660 0.1669 0.1677 
         110  1 0.1665 0.1669 0.1672 0.1661 0.1668 0.1665 
         111  1 0.1694 0.1698 0.1697 0.1693 0.1586 0.1633 
         112  1 0.1668 0.1643 0.1641 0.1667 0.1709 0.1672 
         113  1 0.1652 0.1677 0.1671 0.1668 0.1663 0.1668 
         114  1 0.1651 0.1661 0.1643 0.1683 0.1704 0.1658 
         115  1 0.1680 0.1677 0.1674 0.1670 0.1644 0.1654 
         116  1 0.1646 0.1646 0.1640 0.1670 0.1724 0.1673 
         117  1 0.1650 0.1658 0.1627 0.1654 0.1745 0.1665 
         118  1 0.1685 0.1682 0.1688 0.1670 0.1629 0.1647 
         119  1 0.1668 0.1655 0.1671 0.1669 0.1656 0.1682 
         120  1 0.1667 0.1669 0.1657 0.1676 0.1658 0.1672 
         121  1 0.1657 0.1651 0.1654 0.1664 0.1693 0.1681 
         122  1 0.1686 0.1678 0.1681 0.1685 0.1619 0.1651 
         123  1 0.1672 0.1677 0.1678 0.1667 0.1647 0.1659 
         124  1 0.1651 0.1647 0.1647 0.1657 0.1725 0.1673 
         125  1 0.1666 0.1680 0.1665 0.1671 0.1661 0.1657 
         126  1 0.1678 0.1694 0.1703 0.1674 0.1598 0.1654 
         127  1 0.1668 0.1670 0.1666 0.1675 0.1667 0.1653 
         128  1 0.1676 0.1671 0.1664 0.1656 0.1667 0.1666 
         129  1 0.1668 0.1661 0.1660 0.1663 0.1682 0.1666 
         130  1 0.1680 0.1658 0.1662 0.1667 0.1655 0.1679 
         131  1 0.1664 0.1643 0.1655 0.1649 0.1687 0.1702 
         132  1 0.1658 0.1656 0.1649 0.1663 0.1691 0.1683 
         133  1 0.1653 0.1655 0.1658 0.1674 0.1679 0.1680 
         134  1 0.1673 0.1699 0.1710 0.1687 0.1599 0.1631 
         135  1 0.1669 0.1666 0.1676 0.1650 0.1667 0.1671 
         136  1 0.1671 0.1680 0.1679 0.1666 0.1637 0.1666 
         137  1 0.1667 0.1677 0.1679 0.1663 0.1662 0.1652 
         138  1 0.1639 0.1646 0.1643 0.1645 0.1742 0.1684 
         139  1 0.1649 0.1666 0.1657 0.1662 0.1702 0.1664 
         140  1 0.1676 0.1662 0.1659 0.1665 0.1661 0.1677 
         141  1 0.1666 0.1680 0.1667 0.1668 0.1662 0.1657 
         142  1 0.1650 0.1655 0.1649 0.1660 0.1714 0.1672 
         143  1 0.1638 0.1653 0.1632 0.1690 0.1726 0.1661 
         144  1 0.1656 0.1670 0.1674 0.1667 0.1645 0.1688 
         145  1 0.1664 0.1657 0.1666 0.1657 0.1670 0.1685 
         146  1 0.1673 0.1665 0.1676 0.1663 0.1663 0.1660 
         147  1 0.1680 0.1700 0.1691 0.1671 0.1606 0.1652 
         148  1 0.1667 0.1692 0.1703 0.1678 0.1602 0.1658 
         149  1 0.1693 0.1708 0.1718 0.1684 0.1566 0.1631 
         150  1 0.1678 0.1673 0.1668 0.1667 0.1648 0.1665 
