           1  1 0.1677 0.1699 0.1637 0.1693 0.1604 0.1691 
           2  1 0.1665 0.1624 0.1709 0.1616 0.1780 0.1606 
           3  1 0.1670 0.1636 0.1675 0.1622 0.1773 0.1624 
           4  1 0.1666 0.1658 0.1668 0.1658 0.1699 0.1652 
           5  1 0.1656 0.1605 0.1692 0.1615 0.1840 0.1592 
           6  1 0.1659 0.1676 0.1657 0.1673 0.1661 0.1675 
           7  1 0.1668 0.1697 0.1644 0.1688 0.1613 0.1690 
           8  1 0.1661 0.1684 0.1657 0.1686 0.1635 0.1677 
           9  1 0.1674 0.1655 0.1677 0.1646 0.1708 0.1640 
          10  1 0.1660 0.1663 0.1680 0.1658 0.1675 0.1665 
          11  1 0.1641 0.1649 0.1668 0.1631 0.1785 0.1627 
          12  1 0.1659 0.1651 0.1672 0.1644 0.1725 0.1649 
          13  1 0.1668 0.1684 0.1687 0.1689 0.1584 0.1688 
          14  1 0.1660 0.1717 0.1630 0.1736 0.1529 0.1729 
          15  1 0.1657 0.1709 0.1672 0.1702 0.1562 0.1698 
          16  1 0.1664 0.1627 0.1700 0.1615 0.1777 0.1617 
          17  1 0.1653 0.1630 0.1667 0.1617 0.1814 0.1618 
          18  1 0.1660 0.1723 0.1647 0.1723 0.1520 0.1727 
          19  1 0.1656 0.1657 0.1657 0.1647 0.1715 0.1669 
          20  1 0.1677 0.1661 0.1685 0.1651 0.1664 0.1662 
          21  1 0.1673 0.1636 0.1696 0.1633 0.1720 0.1642 
          22  1 0.1664 0.1652 0.1692 0.1662 0.1677 0.1654 
          23  1 0.1648 0.1651 0.1683 0.1636 0.1738 0.1645 
          24  1 0.1677 0.1639 0.1688 0.1636 0.1722 0.1639 
          25  1 0.1659 0.1621 0.1687 0.1613 0.1803 0.1617 
          26  1 0.1682 0.1686 0.1649 0.1686 0.1606 0.1690 
          27  1 0.1670 0.1643 0.1667 0.1647 0.1731 0.1642 
          28  1 0.1659 0.1649 0.1678 0.1647 0.1730 0.1637 
          29  1 0.1666 0.1669 0.1665 0.1659 0.1676 0.1665 
          30  1 0.1657 0.1649 0.1681 0.1637 0.1734 0.1641 
          31  1 0.1670 0.1700 0.1629 0.1717 0.1575 0.1708 
          32  1 0.1665 0.1647 0.1649 0.1658 0.1722 0.1658 
          33  1 0.1665 0.1645 0.1677 0.1650 0.1718 0.1645 
          34  1 0.1652 0.1677 0.1653 0.1664 0.1686 0.1669 
          35  1 0.1687 0.1662 0.1670 0.1667 0.1649 0.1665 
          36  1 0.1671 0.1663 0.1675 0.1676 0.1642 0.1673 
          37  1 0.1677 0.1677 0.1667 0.1676 0.1620 0.1681 
          38  1 0.1676 0.1670 0.1655 0.1671 0.1649 0.1679 
          39  1 0.1676 0.1719 0.1614 0.1716 0.1575 0.1700 
          40  1 0.1660 0.1631 0.1694 0.1619 0.1770 0.1626 
          41  1 0.1665 0.1618 0.1702 0.1619 0.1782 0.1614 
          42  1 0.1666 0.1692 0.1615 0.1724 0.1601 0.1703 
          43  1 0.1675 0.1676 0.1651 0.1680 0.1639 0.1678 
          44  1 0.1669 0.1682 0.1661 0.1683 0.1610 0.1695 
          45  1 0.1658 0.1684 0.1651 0.1701 0.1618 0.1689 
          46  1 0.1670 0.1638 0.1690 0.1641 0.1725 0.1636 
          47  1 0.1676 0.1683 0.1664 0.1684 0.1605 0.1688 
          48  1 0.1671 0.1619 0.1698 0.1612 0.1785 0.1615 
          49  1 0.1663 0.1731 0.1616 0.1753 0.1494 0.1742 
          50  1 0.1661 0.1699 0.1668 0.1695 0.1573 0.1705 
          51  1 0.1653 0.1687 0.1644 0.1690 0.1629 0.1697 
          52  1 0.1680 0.1603 0.1698 0.1590 0.1823 0.1606 
          53  1 0.1664 0.1611 0.1709 0.1597 0.1812 0.1606 
          54  1 0.1664 0.1636 0.1687 0.1639 0.1738 0.1636 
          55  1 0.1656 0.1659 0.1682 0.1629 0.1731 0.1643 
          56  1 0.1684 0.1683 0.1651 0.1666 0.1639 0.1677 
          57  1 0.1669 0.1690 0.1647 0.1710 0.1577 0.1707 
          58  1 0.1659 0.1647 0.1713 0.1645 0.1697 0.1639 
          59  1 0.1664 0.1711 0.1632 0.1721 0.1564 0.1709 
          60  1 0.1666 0.1700 0.1632 0.1721 0.1569 0.1713 
          61  1 0.1666 0.1684 0.1642 0.1695 0.1621 0.1691 
          62  1 0.1662 0.1670 0.1658 0.1673 0.1658 0.1679 
          63  1 0.1669 0.1688 0.1646 0.1681 0.1623 0.1693 
          64  1 0.1652 0.1662 0.1686 0.1664 0.1675 0.1660 
          65  1 0.1642 0.1623 0.1706 0.1613 0.1802 0.1613 
          66  1 0.1663 0.1702 0.1635 0.1696 0.1618 0.1687 
          67  1 0.1661 0.1694 0.1635 0.1700 0.1616 0.1694 
          68  1 0.1673 0.1655 0.1675 0.1658 0.1693 0.1645 
          69  1 0.1668 0.1678 0.1667 0.1679 0.1635 0.1673 
          70  1 0.1663 0.1671 0.1659 0.1668 0.1662 0.1678 
          71  1 0.1673 0.1691 0.1628 0.1702 0.1612 0.1694 
          72  1 0.1675 0.1672 0.1665 0.1680 0.1630 0.1678 
          73  1 0.1654 0.1628 0.1704 0.1629 0.1754 0.1631 
          74  1 0.1667 0.1725 0.1623 0.1736 0.1525 0.1725 
          75  1 0.1671 0.1710 0.1653 0.1706 0.1544 0.1715 
          76  1 0.1680 0.1691 0.1640 0.1699 0.1594 0.1696 
          77  1 0.1673 0.1666 0.1662 0.1658 0.1680 0.1661 
          78  1 0.1687 0.1700 0.1630 0.1700 0.1575 0.1707 
          79  1 0.1680 0.1666 0.1654 0.1675 0.1635 0.1690 
          80  1 0.1654 0.1736 0.1611 0.1770 0.1490 0.1738 
          81  1 0.1664 0.1686 0.1646 0.1688 0.1618 0.1699 
          82  1 0.1672 0.1660 0.1664 0.1662 0.1694 0.1648 
          83  1 0.1665 0.1683 0.1665 0.1689 0.1609 0.1690 
          84  1 0.1672 0.1677 0.1675 0.1684 0.1622 0.1670 
          85  1 0.1658 0.1704 0.1637 0.1709 0.1579 0.1714 
          86  1 0.1666 0.1645 0.1687 0.1649 0.1695 0.1658 
          87  1 0.1671 0.1676 0.1651 0.1693 0.1636 0.1674 
          88  1 0.1690 0.1667 0.1684 0.1654 0.1651 0.1655 
          89  1 0.1674 0.1680 0.1653 0.1681 0.1627 0.1685 
          90  1 0.1671 0.1634 0.1678 0.1634 0.1746 0.1636 
          91  1 0.1658 0.1641 0.1687 0.1642 0.1730 0.1642 
          92  1 0.1666 0.1630 0.1707 0.1618 0.1757 0.1622 
          93  1 0.1646 0.1628 0.1697 0.1619 0.1774 0.1635 
          94  1 0.1649 0.1662 0.1669 0.1670 0.1694 0.1656 
          95  1 0.1663 0.1652 0.1674 0.1646 0.1706 0.1659 
          96  1 0.1677 0.1693 0.1647 0.1708 0.1582 0.1693 
          97  1 0.1680 0.1646 0.1680 0.1636 0.1710 0.1647 
          98  1 0.1675 0.1659 0.1666 0.1660 0.1672 0.1669 
          99  1 0.1651 0.1629 0.1674 0.1634 0.1769 0.1643 
         100  1 0.1661 0.1620 0.1700 0.1617 0.1777 0.1625 
         101  1 0.1680 0.1660 0.1668 0.1662 0.1679 0.1652 
         102  1 0.1662 0.1698 0.1654 0.1694 0.1597 0.1695 
         103  1 0.1676 0.1636 0.1684 0.1632 0.1752 0.1621 
         104  1 0.1668 0.1612 0.1722 0.1614 0.1776 0.1609 
         105  1 0.1660 0.1643 0.1716 0.1633 0.1714 0.1635 
         106  1 0.1677 0.1684 0.1636 0.1678 0.1644 0.1681 
         107  1 0.1670 0.1691 0.1651 0.1685 0.1607 0.1696 
         108  1 0.1667 0.1664 0.1675 0.1654 0.1678 0.1662 
         109  1 0.1662 0.1660 0.1698 0.1650 0.1670 0.1660 
         110  1 0.1664 0.1671 0.1666 0.1660 0.1678 0.1662 
         111  1 0.1672 0.1702 0.1637 0.1725 0.1556 0.1708 
         112  1 0.1658 0.1643 0.1693 0.1651 0.1712 0.1642 
         113  1 0.1672 0.1668 0.1647 0.1679 0.1669 0.1666 
         114  1 0.1669 0.1649 0.1679 0.1638 0.1723 0.1642 
         115  1 0.1671 0.1684 0.1661 0.1676 0.1630 0.1678 
         116  1 0.1661 0.1622 0.1691 0.1615 0.1781 0.1629 
         117  1 0.1653 0.1639 0.1659 0.1635 0.1774 0.1639 
         118  1 0.1671 0.1681 0.1664 0.1677 0.1619 0.1688 
         119  1 0.1676 0.1691 0.1641 0.1686 0.1628 0.1677 
         120  1 0.1676 0.1647 0.1664 0.1656 0.1706 0.1650 
         121  1 0.1687 0.1643 0.1663 0.1652 0.1703 0.1652 
         122  1 0.1662 0.1697 0.1647 0.1699 0.1599 0.1696 
         123  1 0.1662 0.1685 0.1661 0.1682 0.1620 0.1690 
         124  1 0.1658 0.1642 0.1678 0.1630 0.1752 0.1641 
         125  1 0.1663 0.1676 0.1659 0.1681 0.1648 0.1672 
         126  1 0.1663 0.1699 0.1629 0.1716 0.1586 0.1706 
         127  1 0.1662 0.1669 0.1650 0.1667 0.1689 0.1662 
         128  1 0.1650 0.1671 0.1675 0.1669 0.1667 0.1668 
         129  1 0.1664 0.1643 0.1697 0.1637 0.1720 0.1639 
         130  1 0.1682 0.1675 0.1652 0.1671 0.1643 0.1677 
         131  1 0.1667 0.1650 0.1680 0.1650 0.1687 0.1666 
         132  1 0.1668 0.1646 0.1679 0.1647 0.1713 0.1647 
         133  1 0.1671 0.1635 0.1684 0.1645 0.1728 0.1637 
         134  1 0.1671 0.1711 0.1628 0.1705 0.1569 0.1716 
         135  1 0.1668 0.1674 0.1666 0.1665 0.1657 0.1670 
         136  1 0.1669 0.1685 0.1662 0.1682 0.1620 0.1682 
         137  1 0.1682 0.1671 0.1652 0.1686 0.1630 0.1679 
         138  1 0.1668 0.1630 0.1684 0.1617 0.1783 0.1620 
         139  1 0.1670 0.1642 0.1668 0.1638 0.1737 0.1645 
         140  1 0.1661 0.1667 0.1680 0.1657 0.1675 0.1661 
         141  1 0.1667 0.1675 0.1658 0.1676 0.1648 0.1676 
         142  1 0.1651 0.1654 0.1683 0.1649 0.1721 0.1642 
         143  1 0.1673 0.1626 0.1714 0.1610 0.1762 0.1615 
         144  1 0.1670 0.1677 0.1644 0.1683 0.1651 0.1675 
         145  1 0.1663 0.1658 0.1678 0.1656 0.1696 0.1649 
         146  1 0.1641 0.1679 0.1680 0.1676 0.1642 0.1681 
         147  1 0.1670 0.1708 0.1630 0.1709 0.1579 0.1703 
         148  1 0.1681 0.1698 0.1638 0.1721 0.1574 0.1689 
         149  1 0.1669 0.1725 0.1620 0.1734 0.1522 0.1730 
         150  1 0.1671 0.1683 0.1654 0.1681 0.1628 0.1683 
