  1:   0.1630  0.1800  0.0950  0.2160  0.1770  0.1690  1
  2:   0.1568  0.1918  0.0829  0.1868  0.1798  0.2018  1
  3:   0.1550  0.1810  0.0930  0.1780  0.1980  0.1950  1
  4:   0.1762  0.1451  0.2152  0.1341  0.1512  0.1782  1
  5:   0.1470  0.1860  0.1100  0.1440  0.1830  0.2300  1
  6:   0.1760  0.1820  0.0870  0.2710  0.1610  0.1230  1
  7:   0.1710  0.1580  0.1700  0.1730  0.1730  0.1550  1
  8:   0.1391  0.2002  0.0921  0.1431  0.1922  0.2332  1
  9:   0.1628  0.1678  0.1359  0.1778  0.1838  0.1718  1
 10:   0.1470  0.1870  0.0900  0.1710  0.1910  0.2140  1
 11:   0.1532  0.1892  0.1001  0.1892  0.1962  0.1722  1
 12:   0.1688  0.1698  0.0919  0.2238  0.1738  0.1718  1
 13:   0.1470  0.1830  0.1010  0.1580  0.1900  0.2210  1
 14:   0.1660  0.1660  0.1810  0.1600  0.1610  0.1660  1
 15:   0.1479  0.1788  0.1019  0.1638  0.1928  0.2148  1
 16:   0.1590  0.1720  0.1400  0.1710  0.1840  0.1740  1
 17:   0.1620  0.1770  0.1480  0.1520  0.1750  0.1860  1
 18:   0.1600  0.1670  0.1370  0.1570  0.1940  0.1850  1
 19:   0.1580  0.1690  0.1120  0.2020  0.1840  0.1750  1
 20:   0.1620  0.1760  0.1160  0.1810  0.1950  0.1700  1
 21:   0.1900  0.1220  0.3230  0.1130  0.1260  0.1260  1
 22:   0.1620  0.1790  0.1050  0.2000  0.1930  0.1610  1
 23:   0.1570  0.1840  0.1170  0.1970  0.1780  0.1670  1
 24:   0.2170  0.0620  0.5220  0.0740  0.0610  0.0640  1
 25:   0.1700  0.1510  0.2120  0.1690  0.1480  0.1500  1
 26:   0.1960  0.1600  0.1460  0.2130  0.1460  0.1390  1
 27:   0.1792  0.1632  0.1111  0.2322  0.1652  0.1491  1
 28:   0.1700  0.1760  0.1230  0.1950  0.1970  0.1390  1
 29:   0.1790  0.1810  0.1130  0.2010  0.1680  0.1580  1
 30:   0.1790  0.1580  0.1460  0.1780  0.1910  0.1480  1
 31:   0.1500  0.1750  0.1340  0.1490  0.1880  0.2040  1
 32:   0.1700  0.1760  0.1040  0.1860  0.2030  0.1610  1
 33:   0.1618  0.1668  0.1558  0.1518  0.1778  0.1858  1
 34:   0.1570  0.1710  0.1270  0.1740  0.1920  0.1790  1
 35:   0.1560  0.1830  0.1080  0.1880  0.1840  0.1810  1
 36:   0.1932  0.1572  0.1151  0.2623  0.1542  0.1181  1
 37:   0.1370  0.1960  0.0760  0.1630  0.1940  0.2340  1
 38:   0.1610  0.1840  0.0860  0.1950  0.1820  0.1920  1
 39:   0.2070  0.0860  0.4630  0.0800  0.0840  0.0800  1
 40:   0.1602  0.1822  0.0891  0.2142  0.1832  0.1712  1
 41:   0.1650  0.1830  0.1240  0.1980  0.1880  0.1420  1
 42:   0.1638  0.1738  0.1489  0.1469  0.1808  0.1858  1
 43:   0.1718  0.1558  0.1878  0.1528  0.1568  0.1748  1
 44:   0.1642  0.1692  0.1251  0.1802  0.1772  0.1842  1
 45:   0.1810  0.1530  0.1830  0.1730  0.1770  0.1330  1
 46:   0.1508  0.1828  0.1309  0.1738  0.1808  0.1808  1
 47:   0.1632  0.1622  0.1932  0.1612  0.1572  0.1632  1
 48:   0.1650  0.1840  0.1150  0.2240  0.1650  0.1470  1
 49:   0.1610  0.1850  0.1190  0.1810  0.1790  0.1750  1
 50:   0.1470  0.1840  0.1310  0.1720  0.1760  0.1900  1
 51:   0.2150  0.0770  0.4690  0.0790  0.0820  0.0780  1
 52:   0.1712  0.1331  0.2683  0.1311  0.1431  0.1532  1
 53:   0.1542  0.1782  0.1512  0.1722  0.1642  0.1802  1
 54:   0.1600  0.1650  0.1460  0.1530  0.1860  0.1900  1
 55:   0.1592  0.1982  0.1071  0.1922  0.1652  0.1782  1
 56:   0.1738  0.1499  0.2168  0.1289  0.1508  0.1798  1
 57:   0.1860  0.1370  0.2430  0.1360  0.1570  0.1410  1
 58:   0.2160  0.0540  0.5670  0.0550  0.0560  0.0520  1
 59:   0.1532  0.1882  0.0971  0.1992  0.1912  0.1712  1
 60:   0.1530  0.1820  0.1040  0.1840  0.1920  0.1850  1
 61:   0.1540  0.1800  0.1280  0.1590  0.1770  0.2020  1
 62:   0.1850  0.1230  0.3040  0.1290  0.1300  0.1290  1
 63:   0.2218  0.0799  0.4685  0.0819  0.0739  0.0739  1
 64:   0.1620  0.1850  0.1320  0.1700  0.1720  0.1790  1
 65:   0.1530  0.1750  0.1400  0.1560  0.1870  0.1890  1
 66:   0.1762  0.1421  0.2192  0.1582  0.1522  0.1522  1
 67:   0.1500  0.1740  0.1410  0.1490  0.1890  0.1970  1
 68:   0.1600  0.1900  0.0940  0.1950  0.1850  0.1760  1
 69:   0.1658  0.2018  0.0859  0.2038  0.1808  0.1618  1
 70:   0.1560  0.1850  0.1240  0.1720  0.1840  0.1790  1
 71:   0.1610  0.1910  0.1150  0.1800  0.1790  0.1740  1
 72:   0.1480  0.1870  0.0930  0.1710  0.2060  0.1950  1
 73:   0.1650  0.1890  0.1350  0.1820  0.1660  0.1630  1
 74:   0.1920  0.1130  0.3510  0.1060  0.1200  0.1180  1
 75:   0.1592  0.1792  0.0931  0.1932  0.1792  0.1962  1
 76:   0.1469  0.1888  0.1139  0.1648  0.1958  0.1898  1
 77:   0.1720  0.1880  0.0830  0.2420  0.1700  0.1450  1
 78:   0.1360  0.1850  0.1120  0.1570  0.1890  0.2210  1
 79:   0.1520  0.1880  0.1260  0.1680  0.1720  0.1940  1
 80:   0.1680  0.1810  0.1040  0.1730  0.1990  0.1750  1
 81:   0.1682  0.1632  0.2002  0.1481  0.1552  0.1652  1
 82:   0.1710  0.1730  0.1040  0.2130  0.1760  0.1630  1
 83:   0.1680  0.1550  0.1990  0.1430  0.1630  0.1720  1
 84:   0.1648  0.1648  0.1598  0.1788  0.1578  0.1738  1
 85:   0.1678  0.1648  0.1958  0.1638  0.1598  0.1479  1
 86:   0.1860  0.1490  0.1780  0.1830  0.1550  0.1490  1
 87:   0.1430  0.1770  0.1270  0.1660  0.1870  0.2000  1
 88:   0.1542  0.1732  0.1471  0.1602  0.1822  0.1832  1
 89:   0.1632  0.1772  0.1111  0.1842  0.1872  0.1772  1
 90:   0.1598  0.1868  0.0919  0.1898  0.1798  0.1918  1
 91:   0.1952  0.1562  0.1712  0.1992  0.1411  0.1371  1
 92:   0.1682  0.1642  0.1622  0.1792  0.1762  0.1502  1
 93:   0.1470  0.1880  0.1080  0.1830  0.1840  0.1900  1
 94:   0.1620  0.1860  0.1090  0.2080  0.1830  0.1520  1
 95:   0.1558  0.1828  0.1129  0.1818  0.1748  0.1918  1
 96:   0.1732  0.1642  0.1441  0.1902  0.1722  0.1562  1
 97:   0.1662  0.1702  0.1091  0.2122  0.1892  0.1532  1
 98:   0.1600  0.1940  0.0850  0.1850  0.1810  0.1950  1
 99:   0.1461  0.1922  0.0891  0.1742  0.1892  0.2092  1
100:   0.1380  0.1860  0.1060  0.1580  0.1950  0.2170  1
101:   0.1732  0.1271  0.3133  0.1111  0.1361  0.1391  1
102:   0.1720  0.1730  0.1160  0.2180  0.1570  0.1640  1
103:   0.1858  0.1279  0.3097  0.1109  0.1269  0.1389  1
104:   0.1640  0.1520  0.2230  0.1510  0.1500  0.1600  1
105:   0.1670  0.1590  0.1970  0.1510  0.1570  0.1690  1
106:   0.1698  0.1309  0.3127  0.1019  0.1239  0.1608  1
107:   0.1730  0.1880  0.1030  0.2050  0.1630  0.1680  1
108:   0.1510  0.1770  0.1210  0.1640  0.1960  0.1910  1
109:   0.1612  0.1792  0.1201  0.1742  0.1792  0.1862  1
110:   0.1610  0.1530  0.2050  0.1480  0.1550  0.1780  1
111:   0.1612  0.1712  0.1652  0.1602  0.1682  0.1742  1
112:   0.1450  0.1930  0.1110  0.1470  0.1790  0.2250  1
113:   0.1640  0.1740  0.1280  0.2010  0.1890  0.1440  1
114:   0.1750  0.1780  0.1010  0.2010  0.1770  0.1680  1
115:   0.1692  0.1622  0.1491  0.1862  0.1822  0.1512  1
116:   0.1630  0.1800  0.1030  0.1850  0.1960  0.1730  1
117:   0.1678  0.1898  0.1119  0.1878  0.1778  0.1648  1
118:   0.1570  0.1850  0.1130  0.1900  0.1780  0.1770  1
119:   0.1640  0.1700  0.1220  0.1850  0.1780  0.1810  1
120:   0.1822  0.1191  0.3514  0.1171  0.1161  0.1141  1
121:   0.1560  0.1800  0.1330  0.1620  0.1700  0.1990  1
122:   0.1620  0.1820  0.1010  0.1840  0.1890  0.1820  1
123:   0.1610  0.1710  0.1390  0.1660  0.1800  0.1830  1
124:   0.1538  0.1908  0.1039  0.1908  0.1838  0.1768  1
125:   0.1542  0.1502  0.2603  0.1231  0.1542  0.1582  1
126:   0.1510  0.1880  0.0960  0.1750  0.1910  0.1990  1
127:   0.1608  0.1868  0.1379  0.1878  0.1738  0.1528  1
128:   0.1502  0.1802  0.0741  0.1832  0.1982  0.2142  1
129:   0.1537  0.1687  0.1587  0.1297  0.1876  0.2016  1
130:   0.1600  0.1720  0.1300  0.1930  0.1730  0.1720  1
131:   0.1640  0.1820  0.1130  0.1700  0.1770  0.1940  1
132:   0.1570  0.2030  0.0840  0.1790  0.1840  0.1930  1
133:   0.1680  0.1640  0.1830  0.1530  0.1600  0.1720  1
134:   0.1590  0.1760  0.1460  0.1610  0.1680  0.1900  1
135:   0.1578  0.1508  0.2388  0.1219  0.1528  0.1778  1
136:   0.1572  0.1852  0.1361  0.1502  0.1652  0.2062  1
137:   0.1628  0.1728  0.1469  0.1658  0.1908  0.1608  1
138:   0.1480  0.1860  0.1560  0.1410  0.1790  0.1900  1
139:   0.1688  0.1828  0.1578  0.1658  0.1558  0.1688  1
140:   0.1630  0.1830  0.0940  0.2100  0.1830  0.1670  1
141:   0.1400  0.1840  0.1020  0.1300  0.2040  0.2400  1
142:   0.1590  0.1830  0.0910  0.1890  0.1770  0.2010  1
143:   0.1800  0.1740  0.1020  0.2130  0.1660  0.1650  1
144:   0.1600  0.1780  0.1210  0.1790  0.1770  0.1850  1
145:   0.1520  0.1670  0.1650  0.1430  0.1790  0.1940  1
146:   0.1610  0.2090  0.0940  0.1990  0.1760  0.1610  1
147:   0.1570  0.1680  0.1590  0.1600  0.1670  0.1890  1
148:   0.1580  0.1680  0.1680  0.1460  0.1770  0.1830  1
149:   0.1430  0.1930  0.1040  0.1550  0.1950  0.2100  1
150:   0.1810  0.1640  0.1440  0.2030  0.1530  0.1550  1
151:   0.1680  0.1740  0.1120  0.2090  0.1770  0.1600  1
152:   0.1610  0.1800  0.1040  0.1660  0.1820  0.2070  1
153:   0.1588  0.1758  0.1089  0.1918  0.1908  0.1738  1
154:   0.1470  0.1820  0.1310  0.1620  0.1860  0.1920  1
155:   0.1608  0.1688  0.1299  0.1898  0.1788  0.1718  1
156:   0.1640  0.1450  0.2670  0.1380  0.1460  0.1400  1
157:   0.1750  0.1470  0.1780  0.1940  0.1640  0.1420  1
158:   0.1459  0.1968  0.0889  0.1708  0.1898  0.2078  1
159:   0.1440  0.1990  0.0880  0.1620  0.1940  0.2130  1
160:   0.1600  0.1650  0.1550  0.1520  0.1750  0.1930  1
161:   0.1480  0.1820  0.1170  0.1640  0.1800  0.2090  1
162:   0.1638  0.1898  0.1159  0.1738  0.1728  0.1838  1
163:   0.1648  0.1538  0.2727  0.1239  0.1399  0.1449  1
164:   0.1459  0.1848  0.1049  0.1768  0.1868  0.2008  1
165:   0.1600  0.1720  0.1550  0.1510  0.1720  0.1900  1
166:   0.1449  0.1918  0.0939  0.1588  0.1908  0.2198  1
167:   0.1710  0.1440  0.2590  0.1400  0.1490  0.1370  1
168:   0.1499  0.1908  0.0839  0.1758  0.2048  0.1948  1
169:   0.1499  0.1658  0.1409  0.1568  0.1898  0.1968  1
170:   0.1608  0.1808  0.1239  0.1618  0.1728  0.1998  1
171:   0.1740  0.2320  0.0670  0.2530  0.1530  0.1210  1
172:   0.1740  0.1690  0.1180  0.1890  0.1830  0.1670  1
173:   0.1380  0.1990  0.1220  0.1480  0.1830  0.2100  1
174:   0.1573  0.1834  0.0942  0.2154  0.1844  0.1653  1
175:   0.1570  0.1870  0.1050  0.1730  0.1850  0.1930  1
176:   0.1590  0.1840  0.1280  0.1630  0.1650  0.2010  1
177:   0.1662  0.1752  0.1532  0.1672  0.1642  0.1742  1
178:   0.1608  0.1588  0.1868  0.1419  0.1698  0.1818  1
179:   0.1750  0.2340  0.0650  0.2550  0.1500  0.1210  1
180:   0.1730  0.1750  0.1390  0.1790  0.1550  0.1790  1
181:   0.1560  0.1770  0.1190  0.1670  0.1960  0.1850  1
182:   0.1710  0.1940  0.1120  0.2060  0.1640  0.1530  1
183:   0.1638  0.1668  0.1548  0.1878  0.1588  0.1678  1
184:   0.1710  0.1790  0.1580  0.1720  0.1520  0.1680  1
185:   0.1510  0.1770  0.1060  0.1680  0.1930  0.2050  1
186:   0.1658  0.1608  0.2188  0.1508  0.1508  0.1528  1
187:   0.1518  0.1469  0.2597  0.1189  0.1588  0.1638  1
188:   0.1650  0.2040  0.1080  0.1830  0.1760  0.1640  1
189:   0.1690  0.1620  0.1610  0.1960  0.1910  0.1210  1
190:   0.1628  0.1718  0.1568  0.1638  0.1798  0.1648  1
191:   0.1710  0.1850  0.1230  0.1910  0.1750  0.1550  1
192:   0.1722  0.1702  0.1401  0.1752  0.1712  0.1712  1
193:   0.1510  0.1840  0.0990  0.1950  0.1870  0.1840  1
194:   0.1590  0.1780  0.1170  0.1770  0.1850  0.1840  1
195:   0.1340  0.1850  0.0910  0.1560  0.1970  0.2370  1
196:   0.1528  0.1878  0.1089  0.1748  0.1888  0.1868  1
197:   0.1668  0.1738  0.1359  0.1808  0.1668  0.1758  1
198:   0.1850  0.1680  0.0900  0.2480  0.1650  0.1440  1
199:   0.1640  0.1760  0.1440  0.1740  0.1740  0.1680  1
200:   0.1702  0.1742  0.1091  0.2042  0.1832  0.1592  1
201:   0.1683  0.1703  0.1373  0.1874  0.1723  0.1643  1
202:   0.1788  0.1489  0.1968  0.1558  0.1548  0.1648  1
203:   0.1810  0.1860  0.0810  0.2510  0.1600  0.1410  1
204:   0.1439  0.1818  0.1099  0.1479  0.1908  0.2258  1
205:   0.2130  0.0300  0.6520  0.0350  0.0380  0.0320  1
206:   0.1630  0.1930  0.0860  0.1870  0.1710  0.2000  1
207:   0.1449  0.1878  0.0959  0.1508  0.2008  0.2198  1
208:   0.2142  0.0310  0.6496  0.0370  0.0370  0.0310  1
209:   0.1530  0.1900  0.1320  0.1620  0.1890  0.1740  1
210:   0.1640  0.1680  0.2100  0.1590  0.1500  0.1490  1
211:   0.1580  0.1850  0.1190  0.1590  0.1690  0.2100  1
212:   0.1522  0.1772  0.1201  0.1642  0.1912  0.1952  1
213:   0.1480  0.1850  0.1200  0.1780  0.1970  0.1720  1
214:   0.1750  0.1520  0.2220  0.1430  0.1540  0.1540  1
215:   0.1568  0.1808  0.1089  0.1768  0.1838  0.1928  1
216:   0.1702  0.1431  0.2513  0.1341  0.1461  0.1552  1
217:   0.1950  0.0870  0.4490  0.0830  0.0920  0.0940  1
218:   0.1730  0.1730  0.1250  0.2030  0.1970  0.1290  1
219:   0.1500  0.1760  0.1090  0.1740  0.1920  0.1990  1
220:   0.1600  0.1670  0.2100  0.1360  0.1510  0.1760  1
221:   0.1590  0.1600  0.2070  0.1380  0.1670  0.1690  1
222:   0.1560  0.1810  0.1080  0.1750  0.1810  0.1990  1
223:   0.1758  0.1568  0.1938  0.1548  0.1578  0.1608  1
224:   0.1572  0.1782  0.1121  0.1812  0.1992  0.1722  1
225:   0.1752  0.1692  0.1391  0.1952  0.1962  0.1251  1
226:   0.1592  0.1702  0.1732  0.1441  0.1772  0.1762  1
227:   0.1690  0.1970  0.1060  0.1880  0.1830  0.1570  1
228:   0.1638  0.1508  0.1968  0.1608  0.1598  0.1678  1
229:   0.1742  0.1672  0.1331  0.2022  0.1922  0.1311  1
230:   0.1720  0.1470  0.2080  0.1500  0.1630  0.1600  1
231:   0.1650  0.1740  0.1380  0.1720  0.1920  0.1590  1
232:   0.1740  0.1290  0.3090  0.1370  0.1240  0.1270  1
233:   0.1522  0.1722  0.1331  0.1542  0.1962  0.1922  1
234:   0.1490  0.1800  0.1220  0.1610  0.1910  0.1970  1
235:   0.1730  0.1730  0.1370  0.1960  0.1620  0.1590  1
236:   0.1510  0.1780  0.1320  0.1840  0.1680  0.1870  1
237:   0.1630  0.2030  0.0860  0.2000  0.1640  0.1840  1
238:   0.1568  0.1848  0.1479  0.1648  0.1708  0.1748  1
239:   0.1590  0.2000  0.1030  0.2120  0.1820  0.1440  1
240:   0.1690  0.1640  0.1800  0.1610  0.1590  0.1670  1
241:   0.1700  0.1440  0.2120  0.1510  0.1700  0.1530  1
242:   0.2000  0.1010  0.3910  0.1090  0.1020  0.0970  1
243:   0.1918  0.1039  0.3836  0.1029  0.1129  0.1049  1
244:   0.1630  0.2050  0.0970  0.2040  0.1640  0.1670  1
245:   0.1548  0.1768  0.1439  0.1758  0.1708  0.1778  1
246:   0.1638  0.1638  0.1828  0.1648  0.1638  0.1608  1

  1:   0.1560  0.1830  0.1110  0.2140  0.1750  0.1610  1
  2:   0.1271  0.2132  0.1141  0.1832  0.1872  0.1752  1
  3:   0.1440  0.1820  0.1240  0.1560  0.2060  0.1880  1
  4:   0.1780  0.1600  0.1960  0.1360  0.1450  0.1850  1
  5:   0.1360  0.1880  0.1300  0.1500  0.1720  0.2240  1
  6:   0.1890  0.1920  0.0930  0.2680  0.1430  0.1150  1
  7:   0.1788  0.1578  0.1878  0.1578  0.1718  0.1459  1
  8:   0.1180  0.1940  0.1210  0.1470  0.1800  0.2400  1
  9:   0.1600  0.1850  0.1540  0.1720  0.1730  0.1560  1
 10:   0.1280  0.1930  0.1130  0.1720  0.1800  0.2140  1
 11:   0.1542  0.1742  0.1231  0.1912  0.1932  0.1642  1
 12:   0.1630  0.1790  0.1060  0.2310  0.1660  0.1550  1
 13:   0.1310  0.1850  0.1260  0.1660  0.1810  0.2110  1
 14:   0.1740  0.1670  0.1840  0.1450  0.1630  0.1670  1
 15:   0.1420  0.1770  0.1420  0.1360  0.2020  0.2010  1
 16:   0.1520  0.1570  0.1700  0.1430  0.1860  0.1920  1
 17:   0.1491  0.1752  0.1401  0.1682  0.1662  0.2012  1
 18:   0.1391  0.1922  0.1491  0.1522  0.1752  0.1922  1
 19:   0.1650  0.1720  0.1360  0.1850  0.1840  0.1580  1
 20:   0.1710  0.1670  0.1320  0.1920  0.1670  0.1710  1
 21:   0.2110  0.1350  0.2630  0.1310  0.1250  0.1350  1
 22:   0.1700  0.1600  0.1450  0.1580  0.1990  0.1680  1
 23:   0.1528  0.1768  0.1159  0.1988  0.1768  0.1788  1
 24:   0.2690  0.0810  0.3970  0.0880  0.0840  0.0810  1
 25:   0.1700  0.1580  0.1990  0.1810  0.1510  0.1410  1
 26:   0.1820  0.1720  0.1480  0.2020  0.1570  0.1390  1
 27:   0.1628  0.1808  0.1099  0.2348  0.1678  0.1439  1
 28:   0.2062  0.1502  0.1752  0.1441  0.1862  0.1381  1
 29:   0.1590  0.1970  0.1260  0.1990  0.1630  0.1560  1
 30:   0.1798  0.1588  0.1788  0.1359  0.1908  0.1558  1
 31:   0.1399  0.1898  0.1419  0.1459  0.1708  0.2118  1
 32:   0.1670  0.1720  0.1440  0.1580  0.1910  0.1680  1
 33:   0.1481  0.1752  0.1632  0.1481  0.1802  0.1852  1
 34:   0.1600  0.1690  0.1460  0.1540  0.1840  0.1870  1
 35:   0.1489  0.1768  0.1379  0.1608  0.1978  0.1778  1
 36:   0.2046  0.1717  0.1228  0.2525  0.1387  0.1098  1
 37:   0.1240  0.1830  0.1090  0.1680  0.1800  0.2360  1
 38:   0.1340  0.1920  0.1010  0.2120  0.1810  0.1800  1
 39:   0.2500  0.0990  0.3500  0.1010  0.0980  0.1020  1
 40:   0.1450  0.1850  0.1070  0.2130  0.1830  0.1670  1
 41:   0.1708  0.1598  0.1449  0.1608  0.2008  0.1628  1
 42:   0.1560  0.1700  0.1610  0.1320  0.1860  0.1950  1
 43:   0.1640  0.1650  0.1830  0.1570  0.1600  0.1710  1
 44:   0.1449  0.1758  0.1379  0.1648  0.1898  0.1868  1
 45:   0.1914  0.1443  0.2084  0.1242  0.1824  0.1493  1
 46:   0.1672  0.1682  0.1421  0.1672  0.1702  0.1852  1
 47:   0.1622  0.1642  0.1842  0.1632  0.1702  0.1562  1
 48:   0.1730  0.1830  0.1150  0.2340  0.1580  0.1370  1
 49:   0.1580  0.1760  0.1300  0.1880  0.1840  0.1640  1
 50:   0.1370  0.1850  0.1330  0.1800  0.1800  0.1850  1
 51:   0.2517  0.0999  0.3606  0.0959  0.0929  0.0989  1
 52:   0.1882  0.1491  0.2452  0.1281  0.1451  0.1441  1
 53:   0.1612  0.1832  0.1471  0.1752  0.1662  0.1672  1
 54:   0.1550  0.1700  0.1560  0.1410  0.1800  0.1980  1
 55:   0.1409  0.1878  0.1009  0.2368  0.1698  0.1638  1
 56:   0.1712  0.1662  0.1832  0.1461  0.1532  0.1802  1
 57:   0.1912  0.1361  0.2242  0.1211  0.1722  0.1552  1
 58:   0.2856  0.0691  0.4299  0.0701  0.0741  0.0711  1
 59:   0.1502  0.1842  0.1151  0.1922  0.1792  0.1792  1
 60:   0.1361  0.1822  0.1121  0.2172  0.1922  0.1602  1
 61:   0.1399  0.1718  0.1399  0.1768  0.1778  0.1938  1
 62:   0.2022  0.1291  0.2653  0.1271  0.1401  0.1361  1
 63:   0.2603  0.0971  0.3614  0.1041  0.0921  0.0851  1
 64:   0.1490  0.1810  0.1360  0.1930  0.1670  0.1740  1
 65:   0.1490  0.1800  0.1500  0.1600  0.1760  0.1850  1
 66:   0.1790  0.1560  0.2010  0.1540  0.1510  0.1590  1
 67:   0.1520  0.1660  0.1630  0.1440  0.1840  0.1910  1
 68:   0.1548  0.1778  0.1319  0.1648  0.1978  0.1728  1
 69:   0.1520  0.1860  0.1060  0.2270  0.1710  0.1580  1
 70:   0.1508  0.1778  0.1339  0.1698  0.1878  0.1798  1
 71:   0.1512  0.1902  0.1301  0.1762  0.1652  0.1872  1
 72:   0.1401  0.1802  0.1171  0.1682  0.1812  0.2132  1
 73:   0.1538  0.1798  0.1359  0.2168  0.1568  0.1568  1
 74:   0.2078  0.1179  0.2957  0.1099  0.1349  0.1339  1
 75:   0.1500  0.1850  0.1250  0.1650  0.1760  0.1990  1
 76:   0.1391  0.1782  0.1321  0.1542  0.1972  0.1992  1
 77:   0.1708  0.1758  0.1079  0.2318  0.1728  0.1409  1
 78:   0.1361  0.1722  0.1371  0.1552  0.1782  0.2212  1
 79:   0.1280  0.1870  0.1280  0.2190  0.1720  0.1660  1
 80:   0.1439  0.1768  0.1409  0.1528  0.1988  0.1868  1
 81:   0.1698  0.1618  0.1868  0.1608  0.1508  0.1698  1
 82:   0.1570  0.1880  0.1170  0.2100  0.1710  0.1570  1
 83:   0.1710  0.1620  0.1830  0.1460  0.1660  0.1720  1
 84:   0.1540  0.1830  0.1560  0.1700  0.1680  0.1690  1
 85:   0.1868  0.1499  0.1948  0.1668  0.1568  0.1449  1
 86:   0.1800  0.1490  0.2000  0.1320  0.1880  0.1510  1
 87:   0.1550  0.1670  0.1450  0.1520  0.1870  0.1940  1
 88:   0.1528  0.1688  0.1538  0.1578  0.1778  0.1888  1
 89:   0.1660  0.1710  0.1500  0.1620  0.1800  0.1710  1
 90:   0.1380  0.2030  0.1100  0.2100  0.1650  0.1740  1
 91:   0.1832  0.1752  0.1642  0.1912  0.1421  0.1441  1
 92:   0.1800  0.1420  0.1900  0.1390  0.1990  0.1500  1
 93:   0.1441  0.1802  0.1251  0.1752  0.1872  0.1882  1
 94:   0.1790  0.1650  0.1480  0.1620  0.1950  0.1510  1
 95:   0.1440  0.1720  0.1400  0.1840  0.1850  0.1750  1
 96:   0.1718  0.1678  0.1658  0.1548  0.1728  0.1668  1
 97:   0.1702  0.1642  0.1451  0.1692  0.1902  0.1612  1
 98:   0.1331  0.1892  0.1041  0.2062  0.1902  0.1772  1
 99:   0.1251  0.1962  0.1081  0.1892  0.1832  0.1982  1
100:   0.1269  0.1828  0.1229  0.1788  0.1798  0.2088  1
101:   0.1920  0.1400  0.2500  0.1260  0.1450  0.1470  1
102:   0.1620  0.1810  0.1380  0.1770  0.1740  0.1680  1
103:   0.2078  0.1309  0.2607  0.1119  0.1399  0.1489  1
104:   0.1800  0.1570  0.1930  0.1430  0.1570  0.1700  1
105:   0.1610  0.1680  0.1790  0.1740  0.1540  0.1640  1
106:   0.1916  0.1267  0.2665  0.1028  0.1357  0.1766  1
107:   0.1550  0.1920  0.1200  0.2130  0.1760  0.1440  1
108:   0.1429  0.1828  0.1309  0.1578  0.1888  0.1968  1
109:   0.1490  0.1790  0.1370  0.1590  0.1950  0.1810  1
110:   0.1752  0.1592  0.2002  0.1391  0.1542  0.1722  1
111:   0.1602  0.1672  0.1722  0.1552  0.1742  0.1712  1
112:   0.1229  0.1878  0.1349  0.1568  0.1748  0.2228  1
113:   0.1790  0.1580  0.1650  0.1480  0.1960  0.1540  1
114:   0.1508  0.1838  0.1249  0.1838  0.1858  0.1708  1
115:   0.1770  0.1600  0.1720  0.1440  0.1800  0.1670  1
116:   0.1500  0.1780  0.1280  0.1680  0.2010  0.1750  1
117:   0.1598  0.1808  0.1269  0.2018  0.1668  0.1638  1
118:   0.1410  0.1720  0.1240  0.2300  0.1660  0.1670  1
119:   0.1481  0.1802  0.1291  0.1972  0.1752  0.1702  1
120:   0.2080  0.1270  0.2760  0.1240  0.1340  0.1310  1
121:   0.1449  0.1878  0.1339  0.1628  0.1788  0.1918  1
122:   0.1490  0.1790  0.1340  0.1600  0.1930  0.1850  1
123:   0.1518  0.1768  0.1489  0.1768  0.1698  0.1758  1
124:   0.1540  0.1790  0.1230  0.1870  0.1770  0.1800  1
125:   0.1782  0.1481  0.2232  0.1291  0.1532  0.1682  1
126:   0.1379  0.1778  0.1199  0.1548  0.1988  0.2108  1
127:   0.1580  0.1750  0.1260  0.1960  0.1800  0.1650  1
128:   0.1380  0.1940  0.1070  0.1860  0.1780  0.1970  1
129:   0.1480  0.1620  0.1630  0.1260  0.1760  0.2250  1
130:   0.1610  0.1850  0.1470  0.1770  0.1670  0.1630  1
131:   0.1420  0.1810  0.1450  0.1490  0.1960  0.1870  1
132:   0.1271  0.1912  0.1061  0.1932  0.1912  0.1912  1
133:   0.1670  0.1590  0.1830  0.1460  0.1790  0.1660  1
134:   0.1371  0.1862  0.1391  0.1862  0.1672  0.1842  1
135:   0.1792  0.1562  0.2132  0.1281  0.1491  0.1742  1
136:   0.1361  0.1832  0.1441  0.1552  0.1752  0.2062  1
137:   0.1740  0.1520  0.1810  0.1290  0.1930  0.1710  1
138:   0.1490  0.1650  0.1570  0.1440  0.1830  0.2020  1
139:   0.1547  0.1766  0.1377  0.1956  0.1637  0.1717  1
140:   0.1610  0.1840  0.1100  0.2050  0.1720  0.1680  1
141:   0.1221  0.1662  0.1301  0.1331  0.1872  0.2613  1
142:   0.1401  0.1912  0.1181  0.1842  0.1752  0.1912  1
143:   0.1660  0.1780  0.1110  0.2160  0.1750  0.1540  1
144:   0.1550  0.1810  0.1300  0.1790  0.1830  0.1720  1
145:   0.1542  0.1602  0.1702  0.1291  0.1752  0.2112  1
146:   0.1460  0.1930  0.1020  0.2450  0.1590  0.1550  1
147:   0.1540  0.1730  0.1680  0.1570  0.1710  0.1770  1
148:   0.1480  0.1670  0.1590  0.1540  0.1690  0.2030  1
149:   0.1331  0.1932  0.1151  0.1732  0.1772  0.2082  1
150:   0.1680  0.1720  0.1360  0.2010  0.1660  0.1570  1
151:   0.1820  0.1720  0.1170  0.2120  0.1690  0.1480  1
152:   0.1300  0.2000  0.1250  0.1750  0.1800  0.1900  1
153:   0.1600  0.1680  0.1430  0.1650  0.1860  0.1780  1
154:   0.1582  0.1732  0.1572  0.1451  0.1882  0.1782  1
155:   0.1620  0.1680  0.1400  0.1690  0.1890  0.1720  1
156:   0.1950  0.1400  0.2420  0.1240  0.1510  0.1480  1
157:   0.1810  0.1670  0.2060  0.1550  0.1520  0.1390  1
158:   0.1330  0.1880  0.1120  0.1830  0.1810  0.2030  1
159:   0.1230  0.1930  0.1100  0.1810  0.1900  0.2030  1
160:   0.1470  0.1700  0.1570  0.1500  0.1630  0.2130  1
161:   0.1361  0.1932  0.1271  0.1772  0.1822  0.1842  1
162:   0.1530  0.1820  0.1310  0.1820  0.1750  0.1770  1
163:   0.1838  0.1528  0.2218  0.1489  0.1389  0.1538  1
164:   0.1400  0.1760  0.1310  0.1700  0.1960  0.1870  1
165:   0.1588  0.1598  0.1638  0.1339  0.1858  0.1978  1
166:   0.1360  0.1870  0.1170  0.1690  0.1810  0.2100  1
167:   0.2082  0.1371  0.2332  0.1241  0.1512  0.1461  1
168:   0.1381  0.1742  0.1101  0.1802  0.1892  0.2082  1
169:   0.1471  0.1822  0.1522  0.1481  0.1652  0.2052  1
170:   0.1351  0.2012  0.1281  0.1692  0.1712  0.1952  1
171:   0.1770  0.2070  0.0690  0.3190  0.1180  0.1100  1
172:   0.1630  0.1790  0.1440  0.1850  0.1660  0.1630  1
173:   0.1420  0.1800  0.1340  0.1630  0.1620  0.2190  1
174:   0.1530  0.1910  0.1180  0.1890  0.1760  0.1730  1
175:   0.1381  0.1832  0.1281  0.1722  0.1862  0.1922  1
176:   0.1391  0.1742  0.1371  0.1752  0.1862  0.1882  1
177:   0.1628  0.1678  0.1638  0.1798  0.1608  0.1648  1
178:   0.1612  0.1592  0.1942  0.1371  0.1682  0.1802  1
179:   0.1760  0.2060  0.0690  0.3200  0.1190  0.1100  1
180:   0.1560  0.1770  0.1370  0.1960  0.1670  0.1670  1
181:   0.1470  0.1750  0.1420  0.1410  0.1850  0.2100  1
182:   0.1660  0.1850  0.1150  0.2320  0.1590  0.1430  1
183:   0.1680  0.1800  0.1630  0.1780  0.1560  0.1550  1
184:   0.1650  0.1710  0.1480  0.2080  0.1480  0.1600  1
185:   0.1420  0.1920  0.1370  0.1410  0.1860  0.2020  1
186:   0.1698  0.1618  0.1898  0.1658  0.1508  0.1618  1
187:   0.1728  0.1469  0.2108  0.1269  0.1558  0.1868  1
188:   0.1490  0.1950  0.1160  0.2200  0.1520  0.1680  1
189:   0.2128  0.1349  0.2108  0.1289  0.1868  0.1259  1
190:   0.1582  0.1802  0.1612  0.1732  0.1622  0.1652  1
191:   0.1662  0.1902  0.1261  0.2002  0.1592  0.1582  1
192:   0.1610  0.1810  0.1420  0.1840  0.1630  0.1690  1
193:   0.1470  0.1730  0.1220  0.1940  0.1900  0.1740  1
194:   0.1409  0.1798  0.1339  0.1588  0.1928  0.1938  1
195:   0.1280  0.1830  0.1190  0.1410  0.1870  0.2420  1
196:   0.1460  0.1820  0.1210  0.1980  0.1790  0.1740  1
197:   0.1560  0.1730  0.1450  0.1670  0.1800  0.1790  1
198:   0.1740  0.1810  0.1040  0.2290  0.1720  0.1400  1
199:   0.1520  0.1840  0.1420  0.1940  0.1630  0.1650  1
200:   0.1640  0.1800  0.1190  0.2030  0.1860  0.1480  1
201:   0.1610  0.1790  0.1420  0.1830  0.1690  0.1660  1
202:   0.1790  0.1700  0.1720  0.1640  0.1500  0.1650  1
203:   0.1640  0.1840  0.0850  0.2850  0.1490  0.1330  1
204:   0.1299  0.1788  0.1329  0.1469  0.1768  0.2348  1
205:   0.3097  0.0490  0.4945  0.0450  0.0519  0.0500  1
206:   0.1341  0.1942  0.0991  0.2132  0.1652  0.1942  1
207:   0.1280  0.1790  0.1160  0.1710  0.1890  0.2170  1
208:   0.3093  0.0480  0.4965  0.0460  0.0521  0.0480  1
209:   0.1578  0.1768  0.1399  0.1688  0.1728  0.1838  1
210:   0.1870  0.1600  0.1780  0.1740  0.1530  0.1480  1
211:   0.1240  0.1940  0.1400  0.1460  0.1720  0.2240  1
212:   0.1600  0.1780  0.1330  0.1720  0.1740  0.1830  1
213:   0.1610  0.1660  0.1360  0.1760  0.1850  0.1760  1
214:   0.1748  0.1618  0.1958  0.1598  0.1518  0.1558  1
215:   0.1500  0.1820  0.1180  0.2010  0.1800  0.1690  1
216:   0.1840  0.1470  0.2130  0.1390  0.1540  0.1630  1
217:   0.2440  0.0980  0.3470  0.1000  0.1060  0.1050  1
218:   0.1990  0.1510  0.1690  0.1440  0.1960  0.1410  1
219:   0.1390  0.1780  0.1390  0.1620  0.1920  0.1900  1
220:   0.1690  0.1600  0.1920  0.1540  0.1610  0.1640  1
221:   0.1678  0.1588  0.1818  0.1369  0.1668  0.1878  1
222:   0.1310  0.1970  0.1210  0.1750  0.1840  0.1920  1
223:   0.1720  0.1600  0.1840  0.1600  0.1610  0.1630  1
224:   0.1558  0.1638  0.1528  0.1499  0.2038  0.1738  1
225:   0.2022  0.1411  0.1942  0.1341  0.1922  0.1361  1
226:   0.1690  0.1640  0.1720  0.1450  0.1760  0.1740  1
227:   0.1652  0.1852  0.1251  0.2002  0.1642  0.1602  1
228:   0.1680  0.1730  0.1940  0.1430  0.1550  0.1670  1
229:   0.1990  0.1490  0.1730  0.1450  0.1950  0.1390  1
230:   0.1710  0.1550  0.1920  0.1470  0.1700  0.1650  1
231:   0.1742  0.1652  0.1612  0.1542  0.1792  0.1662  1
232:   0.1980  0.1370  0.2680  0.1260  0.1410  0.1300  1
233:   0.1419  0.1788  0.1359  0.1658  0.1748  0.2028  1
234:   0.1489  0.1638  0.1459  0.1429  0.1878  0.2108  1
235:   0.1682  0.1782  0.1421  0.1922  0.1562  0.1632  1
236:   0.1560  0.1780  0.1360  0.1970  0.1630  0.1700  1
237:   0.1289  0.1928  0.1009  0.2338  0.1768  0.1668  1
238:   0.1570  0.1820  0.1520  0.1600  0.1690  0.1800  1
239:   0.1682  0.1802  0.1201  0.2282  0.1622  0.1411  1
240:   0.1538  0.1708  0.1718  0.1798  0.1708  0.1528  1
241:   0.1798  0.1508  0.2158  0.1319  0.1638  0.1578  1
242:   0.2292  0.1101  0.3413  0.1051  0.1101  0.1041  1
243:   0.2218  0.1179  0.3107  0.1129  0.1209  0.1159  1
244:   0.1568  0.2028  0.1059  0.2148  0.1568  0.1628  1
245:   0.1520  0.1790  0.1410  0.1840  0.1730  0.1710  1
246:   0.1690  0.1580  0.1980  0.1460  0.1690  0.1600  1

  1:   0.1900  0.1730  0.0990  0.1910  0.1720  0.1750  1
  2:   0.1862  0.1852  0.0721  0.1762  0.1912  0.1892  1
  3:   0.1780  0.1860  0.0810  0.1730  0.1980  0.1840  1
  4:   0.1459  0.1618  0.2098  0.1359  0.1718  0.1748  1
  5:   0.1632  0.1922  0.1121  0.1451  0.1872  0.2002  1
  6:   0.1900  0.1630  0.1120  0.2460  0.1470  0.1420  1
  7:   0.1650  0.1580  0.1870  0.1730  0.1610  0.1560  1
  8:   0.1692  0.1952  0.0871  0.1401  0.1992  0.2092  1
  9:   0.1700  0.1730  0.1480  0.1730  0.1690  0.1670  1
 10:   0.1752  0.1932  0.0851  0.1552  0.1942  0.1972  1
 11:   0.1820  0.1780  0.1050  0.1760  0.1830  0.1760  1
 12:   0.1778  0.1758  0.0989  0.2058  0.1718  0.1698  1
 13:   0.1760  0.1980  0.0900  0.1540  0.1870  0.1950  1
 14:   0.1602  0.1662  0.1862  0.1552  0.1642  0.1682  1
 15:   0.1658  0.1888  0.1029  0.1548  0.1998  0.1878  1
 16:   0.1608  0.1778  0.1349  0.1538  0.1838  0.1888  1
 17:   0.1670  0.1810  0.1340  0.1560  0.1790  0.1830  1
 18:   0.1710  0.1770  0.1290  0.1520  0.1910  0.1800  1
 19:   0.1818  0.1638  0.1239  0.1878  0.1728  0.1698  1
 20:   0.1790  0.1730  0.1260  0.1810  0.1700  0.1710  1
 21:   0.1361  0.1421  0.3093  0.1311  0.1431  0.1381  1
 22:   0.1772  0.1722  0.1151  0.1832  0.1762  0.1762  1
 23:   0.1780  0.1740  0.1130  0.1920  0.1710  0.1720  1
 24:   0.0950  0.0940  0.5270  0.1030  0.0910  0.0900  1
 25:   0.1560  0.1540  0.2150  0.1590  0.1590  0.1570  1
 26:   0.1840  0.1610  0.1530  0.1990  0.1520  0.1510  1
 27:   0.1900  0.1680  0.1160  0.2030  0.1590  0.1640  1
 28:   0.1720  0.1580  0.1510  0.2050  0.1590  0.1550  1
 29:   0.1778  0.1688  0.1189  0.2098  0.1628  0.1618  1
 30:   0.1648  0.1668  0.1518  0.1738  0.1718  0.1708  1
 31:   0.1708  0.1838  0.1189  0.1449  0.1868  0.1948  1
 32:   0.1848  0.1718  0.1019  0.1858  0.1768  0.1788  1
 33:   0.1590  0.1740  0.1530  0.1600  0.1750  0.1790  1
 34:   0.1652  0.1772  0.1271  0.1682  0.1832  0.1792  1
 35:   0.1710  0.1800  0.0950  0.1790  0.1850  0.1900  1
 36:   0.1748  0.1538  0.1469  0.2488  0.1389  0.1369  1
 37:   0.1730  0.1990  0.0670  0.1570  0.1960  0.2080  1
 38:   0.1910  0.1850  0.0820  0.1820  0.1780  0.1820  1
 39:   0.1130  0.1090  0.4370  0.1150  0.1130  0.1130  1
 40:   0.1920  0.1760  0.0840  0.1960  0.1780  0.1740  1
 41:   0.1802  0.1732  0.1151  0.1902  0.1682  0.1732  1
 42:   0.1690  0.1710  0.1380  0.1500  0.1850  0.1870  1
 43:   0.1552  0.1642  0.1882  0.1542  0.1682  0.1702  1
 44:   0.1758  0.1738  0.1229  0.1688  0.1798  0.1788  1
 45:   0.1520  0.1610  0.2040  0.1620  0.1630  0.1580  1
 46:   0.1750  0.1700  0.1290  0.1780  0.1770  0.1710  1
 47:   0.1650  0.1580  0.2030  0.1560  0.1600  0.1580  1
 48:   0.1890  0.1720  0.1200  0.2060  0.1590  0.1540  1
 49:   0.1782  0.1702  0.1221  0.1942  0.1702  0.1652  1
 50:   0.1750  0.1780  0.1270  0.1630  0.1780  0.1790  1
 51:   0.1089  0.1099  0.4515  0.1079  0.1099  0.1119  1
 52:   0.1460  0.1530  0.2610  0.1380  0.1510  0.1510  1
 53:   0.1632  0.1762  0.1441  0.1772  0.1722  0.1672  1
 54:   0.1672  0.1752  0.1351  0.1502  0.1872  0.1852  1
 55:   0.2010  0.1710  0.1050  0.1910  0.1670  0.1650  1
 56:   0.1638  0.1598  0.1998  0.1389  0.1668  0.1708  1
 57:   0.1380  0.1560  0.2500  0.1510  0.1520  0.1530  1
 58:   0.0860  0.0840  0.5720  0.0880  0.0860  0.0840  1
 59:   0.1882  0.1792  0.0891  0.1952  0.1702  0.1782  1
 60:   0.1888  0.1808  0.0959  0.1848  0.1778  0.1718  1
 61:   0.1728  0.1848  0.1299  0.1538  0.1788  0.1798  1
 62:   0.1400  0.1370  0.3120  0.1370  0.1390  0.1350  1
 63:   0.1080  0.1050  0.4590  0.1170  0.1070  0.1040  1
 64:   0.1788  0.1648  0.1389  0.1848  0.1668  0.1658  1
 65:   0.1700  0.1770  0.1370  0.1690  0.1730  0.1740  1
 66:   0.1491  0.1612  0.2212  0.1582  0.1562  0.1542  1
 67:   0.1610  0.1830  0.1440  0.1490  0.1800  0.1830  1
 68:   0.1822  0.1762  0.0911  0.1972  0.1812  0.1722  1
 69:   0.1980  0.1740  0.0890  0.2050  0.1650  0.1690  1
 70:   0.1732  0.1792  0.1161  0.1782  0.1742  0.1792  1
 71:   0.1800  0.1750  0.1150  0.1750  0.1730  0.1820  1
 72:   0.1690  0.1880  0.0920  0.1750  0.1830  0.1930  1
 73:   0.1800  0.1680  0.1460  0.1890  0.1590  0.1580  1
 74:   0.1250  0.1320  0.3500  0.1170  0.1390  0.1370  1
 75:   0.1760  0.1850  0.0880  0.1690  0.1960  0.1860  1
 76:   0.1740  0.1880  0.0970  0.1710  0.1860  0.1840  1
 77:   0.2010  0.1650  0.0960  0.2220  0.1580  0.1580  1
 78:   0.1610  0.1910  0.1140  0.1430  0.1910  0.2000  1
 79:   0.1810  0.1790  0.1220  0.1670  0.1730  0.1780  1
 80:   0.1740  0.1810  0.1000  0.1800  0.1810  0.1840  1
 81:   0.1588  0.1618  0.1908  0.1578  0.1628  0.1678  1
 82:   0.1818  0.1718  0.1109  0.2078  0.1618  0.1658  1
 83:   0.1502  0.1672  0.1962  0.1481  0.1672  0.1712  1
 84:   0.1760  0.1720  0.1540  0.1590  0.1700  0.1690  1
 85:   0.1622  0.1542  0.2032  0.1722  0.1522  0.1562  1
 86:   0.1588  0.1678  0.1848  0.1698  0.1598  0.1588  1
 87:   0.1700  0.1760  0.1280  0.1680  0.1830  0.1750  1
 88:   0.1702  0.1762  0.1371  0.1602  0.1762  0.1802  1
 89:   0.1750  0.1800  0.1160  0.1830  0.1730  0.1730  1
 90:   0.1930  0.1850  0.0920  0.1770  0.1790  0.1740  1
 91:   0.1702  0.1562  0.1752  0.1832  0.1602  0.1552  1
 92:   0.1662  0.1602  0.1772  0.1712  0.1602  0.1652  1
 93:   0.1780  0.1840  0.1050  0.1680  0.1810  0.1840  1
 94:   0.1810  0.1690  0.1120  0.1990  0.1710  0.1680  1
 95:   0.1750  0.1830  0.1210  0.1740  0.1760  0.1710  1
 96:   0.1680  0.1720  0.1480  0.1750  0.1680  0.1690  1
 97:   0.1820  0.1640  0.1250  0.1930  0.1700  0.1660  1
 98:   0.1862  0.1852  0.0781  0.1902  0.1812  0.1792  1
 99:   0.1902  0.1872  0.0821  0.1702  0.1832  0.1872  1
100:   0.1692  0.1862  0.1011  0.1542  0.1942  0.1952  1
101:   0.1401  0.1441  0.2823  0.1341  0.1491  0.1502  1
102:   0.1890  0.1750  0.1180  0.1910  0.1620  0.1650  1
103:   0.1320  0.1420  0.3090  0.1260  0.1430  0.1480  1
104:   0.1568  0.1648  0.1988  0.1518  0.1628  0.1648  1
105:   0.1648  0.1668  0.1798  0.1538  0.1678  0.1668  1
106:   0.1291  0.1471  0.3043  0.1081  0.1542  0.1572  1
107:   0.1870  0.1730  0.1100  0.2070  0.1590  0.1640  1
108:   0.1680  0.1870  0.1130  0.1630  0.1850  0.1840  1
109:   0.1728  0.1818  0.1189  0.1718  0.1758  0.1788  1
110:   0.1522  0.1682  0.2152  0.1431  0.1592  0.1622  1
111:   0.1670  0.1700  0.1590  0.1600  0.1700  0.1740  1
112:   0.1720  0.1940  0.1090  0.1470  0.1850  0.1930  1
113:   0.1658  0.1648  0.1419  0.1938  0.1698  0.1638  1
114:   0.1882  0.1722  0.0981  0.1952  0.1752  0.1712  1
115:   0.1688  0.1628  0.1528  0.1748  0.1688  0.1718  1
116:   0.1866  0.1796  0.0878  0.1836  0.1826  0.1796  1
117:   0.1802  0.1752  0.1091  0.2022  0.1682  0.1652  1
118:   0.1760  0.1690  0.1160  0.1930  0.1770  0.1690  1
119:   0.1822  0.1712  0.1251  0.1782  0.1702  0.1732  1
120:   0.1279  0.1399  0.3177  0.1319  0.1409  0.1419  1
121:   0.1698  0.1838  0.1269  0.1578  0.1758  0.1858  1
122:   0.1778  0.1708  0.1039  0.1848  0.1808  0.1818  1
123:   0.1660  0.1680  0.1420  0.1720  0.1790  0.1730  1
124:   0.1850  0.1810  0.0960  0.1850  0.1720  0.1810  1
125:   0.1480  0.1560  0.2420  0.1360  0.1620  0.1560  1
126:   0.1750  0.1900  0.0790  0.1630  0.1940  0.1990  1
127:   0.1760  0.1730  0.1300  0.1890  0.1690  0.1630  1
128:   0.1792  0.1882  0.0771  0.1772  0.1912  0.1872  1
129:   0.1520  0.1810  0.1520  0.1310  0.1870  0.1970  1
130:   0.1808  0.1708  0.1299  0.1788  0.1718  0.1678  1
131:   0.1738  0.1838  0.1119  0.1608  0.1858  0.1838  1
132:   0.1830  0.1900  0.0750  0.1800  0.1860  0.1860  1
133:   0.1580  0.1670  0.1850  0.1610  0.1660  0.1630  1
134:   0.1678  0.1808  0.1339  0.1648  0.1748  0.1778  1
135:   0.1420  0.1600  0.2310  0.1350  0.1670  0.1650  1
136:   0.1680  0.1820  0.1300  0.1430  0.1860  0.1910  1
137:   0.1630  0.1690  0.1610  0.1640  0.1700  0.1730  1
138:   0.1602  0.1782  0.1411  0.1461  0.1872  0.1872  1
139:   0.1750  0.1670  0.1490  0.1740  0.1660  0.1690  1
140:   0.1892  0.1762  0.0961  0.1992  0.1702  0.1692  1
141:   0.1620  0.1930  0.1020  0.1300  0.2030  0.2100  1
142:   0.1840  0.1850  0.0860  0.1760  0.1880  0.1810  1
143:   0.1760  0.1720  0.1110  0.2030  0.1710  0.1670  1
144:   0.1800  0.1750  0.1160  0.1760  0.1780  0.1750  1
145:   0.1518  0.1798  0.1648  0.1379  0.1798  0.1858  1
146:   0.1920  0.1740  0.1000  0.1930  0.1730  0.1680  1
147:   0.1638  0.1788  0.1588  0.1578  0.1708  0.1698  1
148:   0.1680  0.1720  0.1510  0.1480  0.1820  0.1790  1
149:   0.1738  0.1848  0.0939  0.1568  0.1908  0.1998  1
150:   0.1756  0.1717  0.1397  0.1786  0.1667  0.1677  1
151:   0.1832  0.1662  0.1221  0.2102  0.1572  0.1612  1
152:   0.1790  0.1850  0.1020  0.1590  0.1900  0.1850  1
153:   0.1790  0.1700  0.1110  0.1890  0.1770  0.1740  1
154:   0.1740  0.1760  0.1280  0.1580  0.1810  0.1830  1
155:   0.1742  0.1722  0.1331  0.1832  0.1692  0.1682  1
156:   0.1380  0.1490  0.2670  0.1420  0.1500  0.1540  1
157:   0.1690  0.1620  0.2030  0.1690  0.1540  0.1430  1
158:   0.1790  0.1910  0.0870  0.1690  0.1860  0.1880  1
159:   0.1762  0.1882  0.0811  0.1512  0.1992  0.2042  1
160:   0.1680  0.1720  0.1550  0.1520  0.1760  0.1770  1
161:   0.1742  0.1872  0.1141  0.1552  0.1852  0.1842  1
162:   0.1800  0.1750  0.1130  0.1750  0.1800  0.1770  1
163:   0.1510  0.1520  0.2520  0.1470  0.1520  0.1460  1
164:   0.1798  0.1838  0.1079  0.1618  0.1878  0.1788  1
165:   0.1568  0.1788  0.1558  0.1518  0.1748  0.1818  1
166:   0.1750  0.1890  0.0880  0.1650  0.1890  0.1940  1
167:   0.1440  0.1430  0.2670  0.1530  0.1490  0.1440  1
168:   0.1770  0.1870  0.0810  0.1730  0.1930  0.1890  1
169:   0.1670  0.1780  0.1360  0.1520  0.1830  0.1840  1
170:   0.1662  0.1892  0.1111  0.1632  0.1872  0.1832  1
171:   0.2140  0.1580  0.0950  0.2710  0.1320  0.1300  1
172:   0.1738  0.1708  0.1309  0.1848  0.1708  0.1688  1
173:   0.1660  0.1890  0.1260  0.1440  0.1830  0.1920  1
174:   0.1862  0.1762  0.0891  0.1992  0.1762  0.1732  1
175:   0.1792  0.1832  0.1001  0.1652  0.1842  0.1882  1
176:   0.1740  0.1780  0.1300  0.1660  0.1760  0.1760  1
177:   0.1810  0.1610  0.1680  0.1650  0.1640  0.1610  1
178:   0.1512  0.1632  0.2002  0.1431  0.1712  0.1712  1
179:   0.2110  0.1550  0.0940  0.2700  0.1360  0.1340  1
180:   0.1760  0.1710  0.1400  0.1770  0.1670  0.1690  1
181:   0.1718  0.1808  0.1169  0.1558  0.1888  0.1858  1
182:   0.1830  0.1680  0.1170  0.2190  0.1580  0.1550  1
183:   0.1720  0.1670  0.1590  0.1720  0.1710  0.1590  1
184:   0.1750  0.1670  0.1570  0.1770  0.1630  0.1610  1
185:   0.1780  0.1800  0.1000  0.1570  0.1930  0.1920  1
186:   0.1600  0.1600  0.2030  0.1640  0.1570  0.1560  1
187:   0.1409  0.1568  0.2378  0.1359  0.1648  0.1638  1
188:   0.1888  0.1708  0.1099  0.1978  0.1678  0.1648  1
189:   0.1622  0.1491  0.2052  0.1802  0.1512  0.1522  1
190:   0.1722  0.1692  0.1592  0.1642  0.1682  0.1672  1
191:   0.1700  0.1680  0.1250  0.1990  0.1680  0.1700  1
192:   0.1740  0.1680  0.1410  0.1770  0.1740  0.1660  1
193:   0.1782  0.1782  0.1121  0.1792  0.1772  0.1752  1
194:   0.1770  0.1790  0.1050  0.1720  0.1840  0.1830  1
195:   0.1630  0.1950  0.0840  0.1400  0.2050  0.2130  1
196:   0.1790  0.1800  0.1130  0.1720  0.1770  0.1790  1
197:   0.1717  0.1766  0.1397  0.1617  0.1737  0.1766  1
198:   0.1930  0.1650  0.0990  0.2270  0.1610  0.1550  1
199:   0.1772  0.1722  0.1381  0.1862  0.1622  0.1642  1
200:   0.1860  0.1760  0.1050  0.2030  0.1670  0.1630  1
201:   0.1740  0.1720  0.1430  0.1740  0.1710  0.1660  1
202:   0.1538  0.1648  0.1938  0.1688  0.1578  0.1608  1
203:   0.1982  0.1722  0.0891  0.2302  0.1582  0.1522  1
204:   0.1598  0.1918  0.1029  0.1479  0.1998  0.1978  1
205:   0.0630  0.0650  0.6750  0.0700  0.0640  0.0630  1
206:   0.1820  0.1850  0.0890  0.1900  0.1780  0.1760  1
207:   0.1762  0.1902  0.0851  0.1532  0.1972  0.1982  1
208:   0.0619  0.0649  0.6723  0.0699  0.0659  0.0649  1
209:   0.1680  0.1770  0.1310  0.1710  0.1770  0.1760  1
