  1:   0.2050  0.2040  0.2050  0.1690  0.2170  1
  2:   0.2080  0.2040  0.2070  0.1700  0.2110  1
  3:   0.2120  0.2010  0.2070  0.1810  0.1990  1
  4:   0.1990  0.2120  0.2070  0.1840  0.1980  1
  5:   0.2072  0.2152  0.2032  0.1772  0.1972  1
  6:   0.1970  0.2040  0.2000  0.1700  0.2290  1
  7:   0.1960  0.1920  0.1920  0.2340  0.1860  1
  8:   0.2082  0.2102  0.2112  0.1632  0.2072  1
  9:   0.2038  0.1988  0.2008  0.1968  0.1998  1
 10:   0.2102  0.2082  0.2112  0.1672  0.2032  1
 11:   0.2110  0.1950  0.2010  0.1860  0.2070  1
 12:   0.2042  0.2022  0.2062  0.1722  0.2152  1
 13:   0.2052  0.2062  0.2132  0.1702  0.2052  1
 14:   0.1902  0.1882  0.1932  0.2422  0.1862  1
 15:   0.2068  0.1998  0.2018  0.1998  0.1918  1
 16:   0.2010  0.1890  0.1950  0.2300  0.1850  1
 17:   0.2068  0.2038  0.2068  0.1788  0.2038  1
 18:   0.2050  0.1990  0.2070  0.1950  0.1940  1
 19:   0.2068  0.1968  0.2038  0.1818  0.2108  1
 20:   0.2040  0.2050  0.1990  0.1880  0.2040  1
 21:   0.1910  0.2070  0.1910  0.2170  0.1940  1
 22:   0.2030  0.1930  0.1950  0.2210  0.1880  1
 23:   0.2030  0.2050  0.2050  0.1790  0.2080  1
 24:   0.1720  0.1940  0.1700  0.2860  0.1780  1
 25:   0.1970  0.1980  0.1920  0.2120  0.2010  1
 26:   0.1980  0.2070  0.2010  0.1740  0.2200  1
 27:   0.2018  0.2018  0.1998  0.1728  0.2238  1
 28:   0.2030  0.1890  0.1930  0.2230  0.1920  1
 29:   0.2010  0.1990  0.2020  0.1950  0.2030  1
 30:   0.1978  0.1918  0.1868  0.2368  0.1868  1
 31:   0.2050  0.2060  0.2100  0.1770  0.2020  1
 32:   0.2080  0.1980  0.2020  0.1900  0.2020  1
 33:   0.2050  0.2000  0.2020  0.2010  0.1920  1
 34:   0.2078  0.2028  0.2098  0.1788  0.2008  1
 35:   0.2060  0.1990  0.2090  0.1840  0.2020  1
 36:   0.1970  0.2010  0.1960  0.1900  0.2160  1
 37:   0.2090  0.2040  0.2150  0.1690  0.2030  1
 38:   0.2050  0.2040  0.2130  0.1680  0.2100  1
 39:   0.1810  0.2020  0.1820  0.2490  0.1860  1
 40:   0.2020  0.2080  0.2080  0.1690  0.2130  1
 41:   0.2030  0.1990  0.2010  0.1990  0.1980  1
 42:   0.2108  0.1988  0.2038  0.1928  0.1938  1
 43:   0.1950  0.2020  0.2010  0.2060  0.1960  1
 44:   0.1998  0.1998  0.2028  0.2008  0.1968  1
 45:   0.1900  0.1850  0.1830  0.2600  0.1820  1
 46:   0.2120  0.1990  0.2010  0.1800  0.2080  1
 47:   0.1990  0.1990  0.2000  0.2050  0.1970  1
 48:   0.1990  0.2040  0.1960  0.1770  0.2240  1
 49:   0.2030  0.2020  0.2020  0.1790  0.2140  1
 50:   0.2022  0.2032  0.2082  0.1802  0.2062  1
 51:   0.1820  0.2100  0.1850  0.2420  0.1810  1
 52:   0.1860  0.1930  0.1840  0.2540  0.1830  1
 53:   0.2052  0.2022  0.1992  0.1942  0.1992  1
 54:   0.2058  0.2018  0.2028  0.1958  0.1938  1
 55:   0.2042  0.2022  0.2042  0.1672  0.2222  1
 56:   0.2020  0.2050  0.2000  0.1950  0.1980  1
 57:   0.1888  0.1888  0.1798  0.2657  0.1768  1
 58:   0.1720  0.1930  0.1700  0.2930  0.1720  1
 59:   0.2032  0.2042  0.2092  0.1732  0.2102  1
 60:   0.2102  0.1992  0.2042  0.1722  0.2142  1
 61:   0.2038  0.1978  0.2128  0.1818  0.2038  1
 62:   0.1848  0.1908  0.1858  0.2597  0.1788  1
 63:   0.1772  0.2022  0.1792  0.2563  0.1852  1
 64:   0.1970  0.2020  0.2070  0.1850  0.2090  1
 65:   0.2042  0.1992  0.2042  0.2012  0.1912  1
 66:   0.1852  0.1942  0.1852  0.2533  0.1822  1
 67:   0.2092  0.1972  0.2032  0.1962  0.1942  1
 68:   0.2072  0.1992  0.2072  0.1852  0.2012  1
 69:   0.2068  0.2048  0.2128  0.1648  0.2108  1
 70:   0.2102  0.1982  0.2012  0.1922  0.1982  1
 71:   0.2020  0.2040  0.2090  0.1780  0.2070  1
 72:   0.2090  0.2130  0.2040  0.1710  0.2030  1
 73:   0.1990  0.2010  0.2020  0.1850  0.2130  1
 74:   0.1838  0.1898  0.1818  0.2697  0.1748  1
 75:   0.2058  0.2018  0.2118  0.1778  0.2028  1
 76:   0.2108  0.2018  0.2108  0.1778  0.1988  1
 77:   0.2080  0.2020  0.2040  0.1750  0.2110  1
 78:   0.2070  0.2040  0.2030  0.1880  0.1980  1
 79:   0.2060  0.2010  0.2030  0.1760  0.2140  1
 80:   0.2032  0.1952  0.1982  0.2052  0.1982  1
 81:   0.1938  0.2038  0.1968  0.2088  0.1968  1
 82:   0.2028  0.1998  0.2038  0.1848  0.2088  1
 83:   0.2020  0.2010  0.2030  0.1920  0.2020  1
 84:   0.1992  0.2012  0.1982  0.2032  0.1982  1
 85:   0.1980  0.1970  0.1940  0.2140  0.1970  1
 86:   0.1930  0.1910  0.1870  0.2430  0.1860  1
 87:   0.2070  0.2010  0.2080  0.1860  0.1980  1
 88:   0.1980  0.1950  0.1990  0.2130  0.1950  1
 89:   0.2070  0.1960  0.2010  0.2020  0.1940  1
 90:   0.2050  0.2040  0.2040  0.1750  0.2120  1
 91:   0.1992  0.2112  0.2012  0.1742  0.2142  1
 92:   0.1988  0.1888  0.1968  0.2258  0.1898  1
 93:   0.2042  0.2002  0.2102  0.1802  0.2052  1
 94:   0.2050  0.1940  0.2000  0.2010  0.2000  1
 95:   0.2052  0.2032  0.2022  0.1832  0.2062  1
 96:   0.1968  0.1988  0.1988  0.2098  0.1958  1
 97:   0.2020  0.1940  0.2000  0.2080  0.1960  1
 98:   0.2080  0.2060  0.2080  0.1640  0.2140  1
 99:   0.2102  0.2082  0.2052  0.1662  0.2102  1
100:   0.2030  0.2050  0.2040  0.1820  0.2060  1
101:   0.1930  0.1980  0.1910  0.2320  0.1860  1
102:   0.1980  0.2050  0.1960  0.1930  0.2080  1
103:   0.1910  0.2010  0.1900  0.2320  0.1860  1
104:   0.1898  0.2038  0.1938  0.2178  0.1948  1
105:   0.2030  0.2010  0.1990  0.2010  0.1960  1
106:   0.1900  0.2030  0.1920  0.2310  0.1840  1
107:   0.2010  0.2020  0.2030  0.1850  0.2090  1
108:   0.2058  0.2048  0.2048  0.1908  0.1938  1
109:   0.2050  0.1990  0.2060  0.1900  0.2000  1
110:   0.1948  0.2028  0.1988  0.2048  0.1988  1
111:   0.1960  0.1980  0.1950  0.2120  0.1990  1
112:   0.2060  0.2100  0.2080  0.1690  0.2070  1
113:   0.2002  0.1882  0.1912  0.2282  0.1922  1
114:   0.2100  0.2000  0.2060  0.1830  0.2010  1
115:   0.2058  0.1968  0.2008  0.2068  0.1898  1
116:   0.2070  0.2000  0.2050  0.1900  0.1980  1
117:   0.2050  0.2010  0.2050  0.1800  0.2090  1
118:   0.2010  0.2030  0.2090  0.1810  0.2060  1
119:   0.2042  0.1992  0.2062  0.1772  0.2132  1
120:   0.1870  0.2020  0.1880  0.2380  0.1850  1
121:   0.2030  0.2070  0.2070  0.1790  0.2040  1
122:   0.2080  0.1950  0.2080  0.1870  0.2020  1
123:   0.2100  0.1990  0.2060  0.1880  0.1970  1
124:   0.2050  0.2000  0.2060  0.1790  0.2100  1
125:   0.1872  0.2022  0.1972  0.2242  0.1892  1
126:   0.2070  0.2040  0.2130  0.1760  0.2000  1
127:   0.2000  0.2090  0.2070  0.1740  0.2100  1
128:   0.2108  0.2008  0.2098  0.1658  0.2128  1
129:   0.2020  0.2050  0.2030  0.1940  0.1960  1
130:   0.2030  0.2040  0.2030  0.1850  0.2050  1
131:   0.2040  0.1970  0.2090  0.1910  0.1990  1
132:   0.2020  0.2030  0.2130  0.1670  0.2150  1
133:   0.1990  0.1980  0.1970  0.2130  0.1930  1
134:   0.2070  0.2040  0.2060  0.1830  0.2000  1
135:   0.1938  0.1988  0.1928  0.2258  0.1888  1
136:   0.2042  0.2082  0.2092  0.1812  0.1972  1
137:   0.2022  0.1902  0.1902  0.2282  0.1892  1
138:   0.2020  0.2030  0.2050  0.1920  0.1980  1
139:   0.2020  0.2030  0.2010  0.1850  0.2090  1
140:   0.2042  0.2032  0.2062  0.1712  0.2152  1
141:   0.2148  0.2068  0.2068  0.1788  0.1928  1
142:   0.2102  0.2022  0.2092  0.1702  0.2082  1
143:   0.2002  0.2042  0.2052  0.1762  0.2142  1
144:   0.2040  0.2000  0.2050  0.1880  0.2030  1
145:   0.2000  0.1990  0.2020  0.2060  0.1930  1
146:   0.1980  0.2060  0.2040  0.1690  0.2230  1
147:   0.1980  0.2000  0.2060  0.1980  0.1980  1
148:   0.2030  0.2040  0.2060  0.1820  0.2050  1
149:   0.2062  0.2072  0.2102  0.1672  0.2092  1
150:   0.2000  0.2050  0.2020  0.1850  0.2080  1
151:   0.2030  0.2010  0.2020  0.1780  0.2160  1
152:   0.2002  0.2062  0.2122  0.1712  0.2102  1
153:   0.2032  0.2022  0.2042  0.1872  0.2032  1
154:   0.2042  0.1972  0.1992  0.2012  0.1982  1
155:   0.2042  0.1942  0.2022  0.1942  0.2052  1
156:   0.1910  0.1910  0.1850  0.2510  0.1820  1
157:   0.1942  0.1892  0.1872  0.2422  0.1872  1
158:   0.2122  0.2032  0.2092  0.1682  0.2072  1
159:   0.2098  0.2088  0.2058  0.1638  0.2118  1
160:   0.2010  0.2140  0.2060  0.1790  0.2000  1
161:   0.2040  0.2060  0.2060  0.1770  0.2070  1
162:   0.2042  0.1962  0.2102  0.1842  0.2052  1
163:   0.1950  0.2010  0.1970  0.2050  0.2020  1
164:   0.2060  0.2010  0.2080  0.1830  0.2020  1
165:   0.1990  0.1930  0.1940  0.2250  0.1890  1
166:   0.2128  0.2028  0.2068  0.1778  0.1998  1
167:   0.1920  0.1940  0.1870  0.2420  0.1850  1
168:   0.2078  0.2028  0.2108  0.1668  0.2118  1
169:   0.2040  0.2040  0.2060  0.1860  0.2000  1
170:   0.2060  0.2060  0.2040  0.1800  0.2040  1
171:   0.1958  0.2088  0.2078  0.1618  0.2258  1
172:   0.2030  0.2000  0.2010  0.1890  0.2070  1
173:   0.2080  0.2080  0.2070  0.1730  0.2040  1
174:   0.2040  0.2030  0.2100  0.1750  0.2080  1
175:   0.2092  0.2012  0.2062  0.1752  0.2082  1
176:   0.2060  0.2000  0.2020  0.1860  0.2060  1
177:   0.2000  0.1990  0.2040  0.1880  0.2090  1
178:   0.2010  0.1960  0.1960  0.2190  0.1880  1
179:   0.1940  0.2070  0.2070  0.1610  0.2310  1
180:   0.1998  0.2038  0.2038  0.1848  0.2078  1
181:   0.1998  0.1978  0.2008  0.2028  0.1988  1
182:   0.2010  0.2040  0.1990  0.1830  0.2130  1
183:   0.2010  0.1980  0.1990  0.1980  0.2040  1
184:   0.2000  0.2050  0.2080  0.1740  0.2130  1
185:   0.2072  0.1982  0.2072  0.1902  0.1972  1
186:   0.1980  0.2020  0.2020  0.1960  0.2020  1
187:   0.1980  0.2070  0.1950  0.2130  0.1870  1
188:   0.2022  0.2032  0.2062  0.1762  0.2122  1
189:   0.1960  0.1790  0.1830  0.2670  0.1750  1
190:   0.2020  0.2000  0.2020  0.1950  0.2010  1
191:   0.1974  0.2024  0.2034  0.1884  0.2084  1
192:   0.2030  0.2030  0.2030  0.1880  0.2030  1
193:   0.2030  0.1990  0.2050  0.1830  0.2100  1
194:   0.2070  0.2030  0.2080  0.1800  0.2020  1
195:   0.2068  0.2098  0.2088  0.1718  0.2028  1
196:   0.2090  0.1990  0.2050  0.1720  0.2150  1
197:   0.1980  0.2000  0.2020  0.1990  0.2010  1
198:   0.2050  0.2040  0.2070  0.1710  0.2130  1
199:   0.1988  0.2078  0.2038  0.1868  0.2028  1
200:   0.2070  0.1980  0.2010  0.1810  0.2130  1
201:   0.2010  0.1990  0.2010  0.1930  0.2060  1
202:   0.1962  0.2032  0.1962  0.2062  0.1982  1
203:   0.2018  0.2028  0.2038  0.1638  0.2278  1
204:   0.2052  0.2082  0.2142  0.1692  0.2032  1
205:   0.1560  0.1800  0.1530  0.3570  0.1540  1
206:   0.2020  0.2080  0.2110  0.1620  0.2170  1
207:   0.2110  0.2090  0.2070  0.1750  0.1980  1
208:   0.1568  0.1818  0.1528  0.3556  0.1528  1
209:   0.2070  0.2080  0.2050  0.1800  0.2000  1
210:   0.1968  0.2078  0.2008  0.1878  0.2068  1
211:   0.2020  0.2120  0.2080  0.1680  0.2100  1
212:   0.2068  0.2088  0.2048  0.1708  0.2088  1
213:   0.2050  0.2020  0.2090  0.1840  0.2000  1
214:   0.1972  0.2032  0.1972  0.1982  0.2042  1
215:   0.2060  0.1970  0.2070  0.1790  0.2110  1
216:   0.1990  0.1950  0.1960  0.2180  0.1920  1
217:   0.1850  0.1930  0.1840  0.2590  0.1790  1
218:   0.2002  0.1872  0.1922  0.2342  0.1862  1
219:   0.2050  0.1990  0.2050  0.1940  0.1970  1
220:   0.1992  0.2012  0.1982  0.1962  0.2052  1
221:   0.1980  0.2010  0.1980  0.2110  0.1920  1
222:   0.2090  0.2030  0.2090  0.1780  0.2010  1
223:   0.1978  0.1988  0.2008  0.2028  0.1998  1
224:   0.2080  0.1930  0.2040  0.2020  0.1930  1
225:   0.1980  0.1820  0.1850  0.2550  0.1800  1
226:   0.2022  0.1972  0.1972  0.2102  0.1932  1
227:   0.2070  0.2030  0.2030  0.1770  0.2100  1
228:   0.1970  0.2000  0.1960  0.2150  0.1920  1
229:   0.2012  0.1872  0.1922  0.2322  0.1872  1
230:   0.1952  0.1952  0.1962  0.2232  0.1902  1
231:   0.2050  0.1990  0.1970  0.1990  0.2000  1
232:   0.1830  0.1870  0.1830  0.2670  0.1800  1
233:   0.2090  0.2020  0.2080  0.1770  0.2040  1
234:   0.2070  0.2020  0.2050  0.1840  0.2020  1
235:   0.1972  0.2072  0.1992  0.1892  0.2072  1
236:   0.2010  0.2070  0.2020  0.1790  0.2110  1
237:   0.2020  0.2040  0.2100  0.1620  0.2220  1
238:   0.1992  0.1992  0.2032  0.1992  0.1992  1
239:   0.1982  0.1982  0.2062  0.1912  0.2062  1
240:   0.1980  0.1960  0.2010  0.2010  0.2040  1
241:   0.1860  0.1830  0.1850  0.2690  0.1770  1
242:   0.1720  0.1820  0.1730  0.3000  0.1730  1
243:   0.1858  0.1968  0.1868  0.2498  0.1808  1
244:   0.2032  0.2072  0.2092  0.1682  0.2122  1
245:   0.2040  0.1970  0.2060  0.1910  0.2020  1
246:   0.1940  0.1910  0.1900  0.2370  0.1880  1

  1:   0.1828  0.2058  0.2008  0.1688  0.2418  1
  2:   0.2000  0.2040  0.2070  0.1690  0.2200  1
  3:   0.2080  0.1960  0.2160  0.1810  0.1990  1
  4:   0.1950  0.1960  0.2240  0.2080  0.1770  1
  5:   0.1820  0.1820  0.2600  0.1910  0.1850  1
  6:   0.1720  0.1990  0.1700  0.1580  0.3010  1
  7:   0.1998  0.2148  0.1748  0.2118  0.1988  1
  8:   0.1878  0.1818  0.2667  0.1848  0.1788  1
  9:   0.1972  0.2022  0.1932  0.2082  0.1992  1
 10:   0.1940  0.1970  0.2330  0.1790  0.1970  1
 11:   0.1990  0.2060  0.2080  0.1780  0.2090  1
 12:   0.1778  0.1988  0.1958  0.1588  0.2687  1
 13:   0.1922  0.1912  0.2412  0.1862  0.1892  1
 14:   0.2220  0.1920  0.1870  0.2190  0.1800  1
 15:   0.2130  0.1900  0.2260  0.1960  0.1750  1
 16:   0.2050  0.1890  0.2240  0.2030  0.1790  1
 17:   0.1850  0.1910  0.2280  0.1880  0.2080  1
 18:   0.1970  0.2150  0.2060  0.2050  0.1770  1
 19:   0.1950  0.2180  0.1950  0.1850  0.2070  1
 20:   0.2030  0.1980  0.2040  0.1780  0.2170  1
 21:   0.1938  0.2038  0.1798  0.2448  0.1778  1
 22:   0.2070  0.2060  0.2020  0.1820  0.2030  1
 23:   0.1918  0.1968  0.2048  0.1728  0.2338  1
 24:   0.1980  0.2200  0.1240  0.3080  0.1500  1
 25:   0.1930  0.2090  0.1800  0.2130  0.2050  1
 26:   0.1798  0.2048  0.1828  0.1848  0.2478  1
 27:   0.1802  0.2162  0.1842  0.1672  0.2523  1
 28:   0.2162  0.2012  0.1782  0.1932  0.2112  1
 29:   0.1890  0.2030  0.1880  0.1860  0.2340  1
 30:   0.2310  0.1970  0.1800  0.1980  0.1940  1
 31:   0.1928  0.2108  0.2278  0.1948  0.1738  1
 32:   0.2172  0.1992  0.1922  0.1792  0.2122  1
 33:   0.2050  0.2010  0.2130  0.1950  0.1860  1
 34:   0.1990  0.1950  0.2260  0.1880  0.1920  1
 35:   0.2188  0.1968  0.2078  0.1778  0.1988  1
 36:   0.1740  0.2130  0.1590  0.1700  0.2840  1
 37:   0.1912  0.1802  0.2603  0.1702  0.1982  1
 38:   0.1890  0.1970  0.2120  0.1690  0.2330  1
 39:   0.2150  0.2060  0.1480  0.2780  0.1530  1
 40:   0.1972  0.1992  0.2032  0.1662  0.2342  1
 41:   0.2090  0.1930  0.2020  0.1830  0.2130  1
 42:   0.2110  0.2040  0.2180  0.1970  0.1700  1
 43:   0.2000  0.1870  0.2120  0.2130  0.1880  1
 44:   0.1978  0.1948  0.2068  0.1848  0.2158  1
 45:   0.2282  0.1962  0.1722  0.2222  0.1812  1
 46:   0.2038  0.1948  0.2128  0.1838  0.2048  1
 47:   0.2070  0.2060  0.1900  0.2080  0.1890  1
 48:   0.1740  0.2130  0.1800  0.1760  0.2570  1
 49:   0.2000  0.2030  0.1980  0.1740  0.2250  1
 50:   0.1952  0.2062  0.2162  0.1822  0.2002  1
 51:   0.2088  0.2188  0.1469  0.2767  0.1489  1
 52:   0.2092  0.2052  0.1752  0.2452  0.1652  1
 53:   0.1982  0.1982  0.1942  0.2012  0.2082  1
 54:   0.2060  0.1880  0.2280  0.2010  0.1770  1
 55:   0.1940  0.2100  0.1830  0.1710  0.2420  1
 56:   0.2000  0.2010  0.2050  0.2150  0.1790  1
 57:   0.2280  0.1990  0.1760  0.2280  0.1690  1
 58:   0.2098  0.2268  0.1169  0.3217  0.1249  1
 59:   0.1880  0.1870  0.2120  0.1690  0.2440  1
 60:   0.1990  0.2200  0.1950  0.1650  0.2210  1
 61:   0.2010  0.1910  0.2220  0.1880  0.1980  1
 62:   0.2028  0.2128  0.1698  0.2527  0.1618  1
 63:   0.2142  0.2112  0.1371  0.2713  0.1662  1
 64:   0.1958  0.1948  0.2028  0.1838  0.2228  1
 65:   0.1900  0.2010  0.2110  0.2040  0.1940  1
 66:   0.2000  0.2030  0.1780  0.2230  0.1960  1
 67:   0.2010  0.1970  0.2220  0.2080  0.1720  1
 68:   0.2170  0.2040  0.2030  0.1690  0.2070  1
 69:   0.1970  0.1910  0.2010  0.1570  0.2540  1
 70:   0.2072  0.2042  0.2062  0.1872  0.1952  1
 71:   0.1958  0.1898  0.2088  0.1868  0.2188  1
 72:   0.1940  0.1820  0.2540  0.1710  0.1990  1
 73:   0.1932  0.2022  0.1932  0.1902  0.2212  1
 74:   0.2230  0.2090  0.1680  0.2560  0.1440  1
 75:   0.1918  0.1918  0.2328  0.1778  0.2058  1
 76:   0.2028  0.1988  0.2248  0.1808  0.1928  1
 77:   0.1908  0.2048  0.1808  0.1598  0.2637  1
 78:   0.1950  0.1910  0.2600  0.1880  0.1660  1
 79:   0.2020  0.2010  0.1980  0.1820  0.2170  1
 80:   0.2110  0.2030  0.2060  0.1850  0.1950  1
 81:   0.2010  0.1910  0.2010  0.2120  0.1950  1
 82:   0.1910  0.1990  0.1880  0.1760  0.2460  1
 83:   0.1960  0.1920  0.2240  0.2120  0.1760  1
 84:   0.2038  0.2078  0.1928  0.2058  0.1898  1
 85:   0.2110  0.2020  0.1840  0.2060  0.1970  1
 86:   0.2120  0.2030  0.1780  0.2140  0.1930  1
 87:   0.2030  0.1950  0.2260  0.1920  0.1840  1
 88:   0.2040  0.1970  0.2060  0.2030  0.1900  1
 89:   0.2120  0.1940  0.1990  0.1870  0.2080  1
 90:   0.1928  0.2088  0.1988  0.1768  0.2228  1
 91:   0.1800  0.2140  0.1810  0.1850  0.2400  1
 92:   0.2150  0.2090  0.1870  0.2030  0.1860  1
 93:   0.1972  0.1912  0.2262  0.1842  0.2012  1
 94:   0.2180  0.2010  0.1920  0.1750  0.2140  1
 95:   0.1980  0.2000  0.2100  0.1870  0.2050  1
 96:   0.1942  0.2082  0.1972  0.2022  0.1982  1
 97:   0.1980  0.2020  0.1920  0.1920  0.2160  1
 98:   0.2002  0.1922  0.2242  0.1632  0.2202  1
 99:   0.1982  0.2072  0.2232  0.1692  0.2022  1
100:   0.1888  0.1928  0.2328  0.1888  0.1968  1
101:   0.1970  0.2230  0.1780  0.2430  0.1590  1
102:   0.1912  0.2032  0.1902  0.1952  0.2202  1
103:   0.1958  0.2018  0.1908  0.2517  0.1598  1
104:   0.1902  0.2152  0.1962  0.2152  0.1832  1
105:   0.1970  0.2240  0.1870  0.2050  0.1870  1
106:   0.1880  0.2090  0.2200  0.2440  0.1390  1
107:   0.1960  0.1960  0.1910  0.1840  0.2330  1
108:   0.1918  0.2008  0.2148  0.1958  0.1968  1
109:   0.2008  0.1938  0.2088  0.1918  0.2048  1
110:   0.1876  0.2006  0.2106  0.2255  0.1756  1
111:   0.2062  0.1942  0.2012  0.2042  0.1942  1
112:   0.1950  0.2000  0.2340  0.1920  0.1790  1
113:   0.2118  0.2118  0.1858  0.1948  0.1958  1
114:   0.1980  0.2030  0.1990  0.1730  0.2270  1
115:   0.2020  0.2030  0.1990  0.2020  0.1940  1
116:   0.2072  0.1992  0.2092  0.1762  0.2082  1
117:   0.1970  0.1910  0.2010  0.1760  0.2350  1
118:   0.2002  0.1962  0.2042  0.1822  0.2172  1
119:   0.1950  0.2090  0.1990  0.1880  0.2090  1
120:   0.2090  0.2100  0.1610  0.2510  0.1690  1
121:   0.1910  0.1900  0.2310  0.1940  0.1940  1
122:   0.2042  0.1972  0.2232  0.1792  0.1962  1
123:   0.1910  0.2040  0.2110  0.2000  0.1940  1
124:   0.2040  0.1970  0.2080  0.1730  0.2180  1
125:   0.2000  0.2090  0.1910  0.2310  0.1690  1
126:   0.2010  0.1820  0.2510  0.1710  0.1950  1
127:   0.1890  0.1930  0.1950  0.1800  0.2430  1
128:   0.1900  0.1970  0.2330  0.1760  0.2040  1
129:   0.2090  0.1890  0.2480  0.2010  0.1530  1
130:   0.1902  0.2012  0.1952  0.1952  0.2182  1
131:   0.2070  0.2000  0.2130  0.1950  0.1850  1
132:   0.2000  0.1940  0.2190  0.1730  0.2140  1
133:   0.2078  0.2078  0.1968  0.2138  0.1738  1
134:   0.1918  0.1958  0.2218  0.1878  0.2028  1
135:   0.2018  0.1988  0.1938  0.2418  0.1638  1
136:   0.1990  0.2000  0.2250  0.1990  0.1770  1
137:   0.2152  0.2022  0.2042  0.1972  0.1812  1
138:   0.2012  0.1912  0.2342  0.1932  0.1802  1
139:   0.1970  0.1980  0.2010  0.1810  0.2230  1
140:   0.1880  0.1950  0.2000  0.1760  0.2410  1
141:   0.1870  0.1810  0.2890  0.1890  0.1540  1
142:   0.1928  0.2018  0.2148  0.1728  0.2178  1
143:   0.1760  0.2040  0.1850  0.1710  0.2640  1
144:   0.2000  0.1940  0.2030  0.1850  0.2180  1
145:   0.1990  0.1960  0.2360  0.2010  0.1680  1
146:   0.1910  0.1890  0.1960  0.1720  0.2520  1
147:   0.1992  0.1932  0.2082  0.2112  0.1882  1
148:   0.2010  0.1970  0.2240  0.1950  0.1830  1
149:   0.1980  0.1800  0.2420  0.1800  0.2000  1
150:   0.1792  0.2002  0.1862  0.1842  0.2503  1
151:   0.1850  0.2110  0.1860  0.1740  0.2440  1
152:   0.1890  0.2000  0.2230  0.1940  0.1940  1
153:   0.2102  0.1942  0.2102  0.1812  0.2042  1
154:   0.2160  0.1910  0.2170  0.1890  0.1870  1
155:   0.1988  0.2028  0.2018  0.1908  0.2058  1
156:   0.2090  0.2040  0.1730  0.2380  0.1760  1
157:   0.1900  0.2090  0.1680  0.2270  0.2060  1
158:   0.1942  0.2012  0.2222  0.1762  0.2062  1
159:   0.1908  0.1998  0.2318  0.1838  0.1938  1
160:   0.1890  0.1920  0.2360  0.2070  0.1760  1
161:   0.1918  0.1898  0.2228  0.1928  0.2028  1
162:   0.1952  0.1992  0.2132  0.1852  0.2072  1
163:   0.2040  0.1970  0.1920  0.2230  0.1840  1
164:   0.2050  0.1870  0.2240  0.1860  0.1980  1
165:   0.2060  0.1890  0.2240  0.2130  0.1680  1
166:   0.1958  0.1848  0.2338  0.1868  0.1988  1
167:   0.2210  0.1980  0.1780  0.2340  0.1690  1
168:   0.1980  0.1940  0.2320  0.1700  0.2060  1
169:   0.2020  0.1910  0.2280  0.1970  0.1820  1
170:   0.1900  0.1970  0.2230  0.1990  0.1910  1
171:   0.1718  0.1878  0.1628  0.1469  0.3307  1
172:   0.1948  0.2028  0.1918  0.1918  0.2188  1
173:   0.1798  0.1858  0.2557  0.1908  0.1878  1
174:   0.2050  0.1950  0.2040  0.1770  0.2190  1
175:   0.2042  0.1952  0.2212  0.1782  0.2012  1
176:   0.2098  0.2058  0.2048  0.1898  0.1898  1
177:   0.2068  0.1948  0.1938  0.2058  0.1988  1
178:   0.2062  0.1982  0.2132  0.2152  0.1672  1
179:   0.1760  0.1830  0.1600  0.1490  0.3320  1
180:   0.1910  0.1990  0.1940  0.1840  0.2320  1
181:   0.2052  0.1912  0.2312  0.1862  0.1862  1
182:   0.1872  0.1922  0.1852  0.1732  0.2623  1
183:   0.1860  0.2130  0.1810  0.2020  0.2180  1
184:   0.1860  0.2030  0.2000  0.1800  0.2310  1
185:   0.2038  0.1898  0.2278  0.1888  0.1898  1
186:   0.1948  0.1938  0.1998  0.2128  0.1988  1
187:   0.1960  0.2050  0.2050  0.2270  0.1670  1
188:   0.1950  0.1970  0.1940  0.1870  0.2270  1
189:   0.2280  0.2090  0.1680  0.2080  0.1870  1
190:   0.2048  0.1948  0.2058  0.2018  0.1928  1
191:   0.1830  0.2040  0.1960  0.1810  0.2360  1
192:   0.1960  0.1980  0.1870  0.1920  0.2270  1
193:   0.2030  0.2040  0.2070  0.1740  0.2120  1
194:   0.1982  0.1992  0.2302  0.1892  0.1832  1
195:   0.1958  0.1808  0.2787  0.1818  0.1628  1
196:   0.2018  0.1988  0.2098  0.1768  0.2128  1
197:   0.1948  0.1928  0.2038  0.2008  0.2078  1
198:   0.1858  0.2088  0.1818  0.1638  0.2597  1
199:   0.1910  0.1970  0.2010  0.1980  0.2130  1
200:   0.1972  0.2112  0.1802  0.1702  0.2412  1
201:   0.1882  0.2002  0.1952  0.1942  0.2222  1
202:   0.1870  0.2040  0.1960  0.2020  0.2110  1
203:   0.1770  0.2070  0.1810  0.1530  0.2820  1
204:   0.1950  0.1820  0.2590  0.1840  0.1800  1
205:   0.2090  0.2330  0.0960  0.3650  0.0970  1
206:   0.1832  0.1982  0.2202  0.1612  0.2372  1
207:   0.1970  0.1830  0.2540  0.1840  0.1820  1
208:   0.2070  0.2340  0.0990  0.3630  0.0970  1
209:   0.1950  0.1890  0.2290  0.1830  0.2040  1
210:   0.1880  0.1940  0.2000  0.2030  0.2150  1
211:   0.1860  0.1860  0.2350  0.2000  0.1930  1
212:   0.2110  0.1910  0.2160  0.1920  0.1900  1
213:   0.2032  0.1932  0.2212  0.1732  0.2092  1
214:   0.2090  0.1950  0.1810  0.2180  0.1970  1
215:   0.1910  0.2030  0.2000  0.1750  0.2310  1
216:   0.2152  0.2022  0.1882  0.2282  0.1662  1
217:   0.2158  0.2178  0.1538  0.2817  0.1309  1
218:   0.2280  0.2040  0.1770  0.1900  0.2010  1
219:   0.2000  0.1970  0.2260  0.1880  0.1890  1
220:   0.2050  0.1960  0.2000  0.2130  0.1860  1
221:   0.2130  0.1990  0.1990  0.2250  0.1640  1
222:   0.1950  0.1930  0.2180  0.1830  0.2110  1
223:   0.2022  0.2002  0.1952  0.2062  0.1962  1
224:   0.2150  0.2040  0.2020  0.1810  0.1980  1
225:   0.2342  0.2042  0.1672  0.2022  0.1922  1
226:   0.2182  0.1912  0.2102  0.2042  0.1762  1
227:   0.2010  0.1920  0.1950  0.1790  0.2330  1
228:   0.1870  0.2090  0.1950  0.2300  0.1790  1
229:   0.2210  0.2060  0.1750  0.1940  0.2040  1
230:   0.2162  0.2002  0.1812  0.2192  0.1832  1
231:   0.2060  0.1960  0.2090  0.1910  0.1980  1
232:   0.2132  0.2052  0.1542  0.2603  0.1672  1
233:   0.1910  0.1930  0.2310  0.1860  0.1990  1
234:   0.2010  0.1890  0.2400  0.1860  0.1840  1
235:   0.1930  0.2040  0.1870  0.1900  0.2260  1
236:   0.1930  0.2090  0.2020  0.1850  0.2110  1
237:   0.2020  0.2090  0.1870  0.1600  0.2420  1
238:   0.1980  0.1920  0.2060  0.2010  0.2030  1
239:   0.1902  0.1892  0.1892  0.1802  0.2513  1
240:   0.2020  0.2200  0.1840  0.2040  0.1900  1
241:   0.2150  0.1970  0.1830  0.2340  0.1710  1
242:   0.2012  0.2132  0.1502  0.2863  0.1491  1
243:   0.2030  0.2210  0.1580  0.2670  0.1510  1
244:   0.1882  0.1922  0.1982  0.1722  0.2492  1
245:   0.2050  0.2030  0.1920  0.1910  0.2090  1
246:   0.2050  0.2050  0.1980  0.2080  0.1840  1

  1:   0.1970  0.1960  0.1920  0.1940  0.2210  1
  2:   0.2110  0.1950  0.2210  0.1740  0.1990  1
  3:   0.2110  0.1870  0.2160  0.1890  0.1970  1
  4:   0.2170  0.1780  0.2310  0.1800  0.1940  1
  5:   0.2398  0.1688  0.2448  0.1648  0.1818  1
  6:   0.1760  0.2000  0.1740  0.2100  0.2400  1
  7:   0.1778  0.2188  0.1728  0.2198  0.2108  1
  8:   0.2490  0.1680  0.2480  0.1570  0.1780  1
  9:   0.1980  0.2020  0.2000  0.1980  0.2020  1
 10:   0.2270  0.1800  0.2300  0.1680  0.1950  1
 11:   0.1990  0.2110  0.1970  0.1930  0.2000  1
 12:   0.1930  0.2070  0.1890  0.1870  0.2240  1
 13:   0.2280  0.1790  0.2300  0.1700  0.1930  1
 14:   0.2000  0.2070  0.1930  0.2120  0.1880  1
 15:   0.2202  0.1852  0.2252  0.1882  0.1812  1
 16:   0.2150  0.1940  0.2110  0.1950  0.1850  1
 17:   0.2138  0.1848  0.2208  0.1888  0.1918  1
 18:   0.2160  0.1870  0.2220  0.1850  0.1900  1
 19:   0.1888  0.2148  0.1868  0.2028  0.2068  1
 20:   0.1950  0.1970  0.2020  0.1970  0.2090  1
 21:   0.1900  0.2020  0.1890  0.2260  0.1930  1
 22:   0.1898  0.2048  0.1958  0.2048  0.2048  1
 23:   0.2078  0.1938  0.1988  0.1868  0.2128  1
 24:   0.1489  0.2318  0.1469  0.2717  0.2008  1
 25:   0.1882  0.2072  0.1822  0.2092  0.2132  1
 26:   0.1758  0.2068  0.1798  0.2088  0.2288  1
 27:   0.1830  0.2010  0.1830  0.2050  0.2280  1
 28:   0.1738  0.2188  0.1738  0.2218  0.2118  1
 29:   0.2012  0.2002  0.2002  0.1902  0.2082  1
 30:   0.1848  0.2128  0.1838  0.2218  0.1968  1
 31:   0.2250  0.1760  0.2340  0.1800  0.1850  1
 32:   0.1908  0.2028  0.1958  0.1998  0.2108  1
 33:   0.1988  0.1968  0.2148  0.1988  0.1908  1
 34:   0.2010  0.1990  0.2080  0.1950  0.1970  1
 35:   0.2070  0.1960  0.2070  0.1900  0.2000  1
 36:   0.1638  0.2138  0.1678  0.2158  0.2388  1
 37:   0.2430  0.1680  0.2520  0.1540  0.1830  1
 38:   0.2130  0.1900  0.2040  0.1760  0.2170  1
 39:   0.1698  0.2168  0.1648  0.2478  0.2008  1
 40:   0.1970  0.2060  0.1980  0.1810  0.2180  1
 41:   0.1928  0.1968  0.1978  0.2158  0.1968  1
 42:   0.2140  0.1880  0.2190  0.1970  0.1820  1
 43:   0.2042  0.1952  0.2052  0.1962  0.1992  1
 44:   0.2090  0.1990  0.2050  0.1820  0.2050  1
 45:   0.1778  0.2178  0.1788  0.2308  0.1948  1
 46:   0.2050  0.2000  0.1980  0.1960  0.2010  1
 47:   0.1860  0.2150  0.1890  0.2110  0.1990  1
 48:   0.1798  0.2088  0.1778  0.2018  0.2318  1
 49:   0.1948  0.2048  0.1988  0.1968  0.2048  1
 50:   0.2118  0.1908  0.2128  0.1868  0.1978  1
 51:   0.1678  0.2158  0.1778  0.2468  0.1918  1
 52:   0.1868  0.2128  0.1868  0.2188  0.1948  1
 53:   0.2048  0.1948  0.1998  0.2018  0.1988  1
 54:   0.2180  0.1910  0.2180  0.1900  0.1830  1
 55:   0.2052  0.2042  0.1872  0.1852  0.2182  1
 56:   0.2032  0.1992  0.2062  0.1982  0.1932  1
 57:   0.1830  0.2090  0.1880  0.2360  0.1840  1
 58:   0.1480  0.2390  0.1480  0.2780  0.1870  1
 59:   0.2070  0.1940  0.2040  0.1910  0.2040  1
 60:   0.2022  0.2072  0.1972  0.1942  0.1992  1
 61:   0.2250  0.1920  0.2190  0.1750  0.1890  1
 62:   0.1758  0.2198  0.1728  0.2368  0.1948  1
 63:   0.1572  0.2222  0.1572  0.2573  0.2062  1
 64:   0.2030  0.1930  0.2000  0.1980  0.2060  1
 65:   0.2062  0.1942  0.2092  0.1942  0.1962  1
 66:   0.1872  0.2062  0.1872  0.2192  0.2002  1
 67:   0.2090  0.1970  0.2190  0.1890  0.1860  1
 68:   0.1988  0.1948  0.2078  0.1928  0.2058  1
 69:   0.2030  0.1990  0.2010  0.1820  0.2150  1
 70:   0.2070  0.1960  0.2040  0.1940  0.1990  1
 71:   0.2150  0.1950  0.2120  0.1830  0.1950  1
 72:   0.2330  0.1720  0.2380  0.1660  0.1910  1
 73:   0.2012  0.1982  0.2012  0.1932  0.2062  1
 74:   0.1778  0.2178  0.1828  0.2288  0.1928  1
 75:   0.2200  0.1760  0.2270  0.1760  0.2010  1
 76:   0.2080  0.1930  0.2200  0.1920  0.1870  1
 77:   0.1860  0.2030  0.1810  0.2010  0.2290  1
 78:   0.2342  0.1802  0.2352  0.1702  0.1802  1
 79:   0.2090  0.2010  0.2040  0.1800  0.2060  1
 80:   0.1912  0.2052  0.2052  0.1982  0.2002  1
 81:   0.1970  0.1970  0.2090  0.1940  0.2030  1
 82:   0.1880  0.2030  0.1910  0.2040  0.2140  1
 83:   0.2048  0.1938  0.2148  0.1988  0.1878  1
 84:   0.1990  0.2030  0.1960  0.2040  0.1980  1
 85:   0.1870  0.2110  0.1850  0.2170  0.2000  1
 86:   0.1778  0.2198  0.1778  0.2228  0.2018  1
 87:   0.2102  0.1902  0.2202  0.1922  0.1872  1
 88:   0.2140  0.1930  0.2030  0.1980  0.1920  1
 89:   0.1972  0.1972  0.1982  0.2032  0.2042  1
 90:   0.2072  0.1982  0.2002  0.1902  0.2042  1
 91:   0.1918  0.1998  0.1878  0.1918  0.2288  1
 92:   0.1880  0.2100  0.1930  0.2120  0.1970  1
 93:   0.2080  0.2050  0.2080  0.1820  0.1970  1
 94:   0.1850  0.2110  0.1830  0.2060  0.2150  1
 95:   0.2020  0.2110  0.1970  0.1890  0.2010  1
 96:   0.1948  0.2008  0.1988  0.1988  0.2068  1
 97:   0.1780  0.2140  0.1840  0.2050  0.2190  1
 98:   0.2080  0.1890  0.2160  0.1800  0.2070  1
 99:   0.2210  0.1920  0.2170  0.1760  0.1940  1
100:   0.2390  0.1730  0.2330  0.1680  0.1870  1
101:   0.1858  0.2098  0.1858  0.2268  0.1918  1
102:   0.1980  0.2040  0.1920  0.1920  0.2140  1
103:   0.1848  0.2038  0.1948  0.2228  0.1938  1
104:   0.1952  0.1972  0.2012  0.2102  0.1962  1
105:   0.1962  0.2052  0.1932  0.2012  0.2042  1
106:   0.2068  0.1968  0.2098  0.2128  0.1738  1
107:   0.1922  0.2062  0.1912  0.1952  0.2152  1
108:   0.2060  0.1900  0.2140  0.1970  0.1930  1
109:   0.2090  0.1850  0.2110  0.2020  0.1930  1
110:   0.2060  0.1940  0.2090  0.2010  0.1900  1
111:   0.1988  0.1988  0.2068  0.1968  0.1988  1
112:   0.2270  0.1740  0.2390  0.1710  0.1890  1
113:   0.1810  0.2120  0.1850  0.2130  0.2090  1
114:   0.1940  0.2010  0.2000  0.1970  0.2080  1
115:   0.1910  0.2070  0.1920  0.2070  0.2030  1
116:   0.2070  0.1900  0.2050  0.2010  0.1970  1
117:   0.1980  0.2020  0.1950  0.1970  0.2080  1
118:   0.2070  0.1900  0.2050  0.1890  0.2090  1
119:   0.1970  0.2080  0.1960  0.1950  0.2040  1
120:   0.1810  0.2100  0.1830  0.2290  0.1970  1
121:   0.2260  0.1800  0.2150  0.1840  0.1950  1
122:   0.2088  0.1928  0.2148  0.1868  0.1968  1
123:   0.2060  0.1990  0.2120  0.1890  0.1940  1
124:   0.2100  0.1900  0.2060  0.1900  0.2040  1
125:   0.1980  0.2010  0.1980  0.2170  0.1860  1
126:   0.2340  0.1710  0.2350  0.1770  0.1830  1
127:   0.2040  0.1890  0.2000  0.2010  0.2060  1
128:   0.2180  0.1890  0.2240  0.1730  0.1960  1
129:   0.2342  0.1732  0.2422  0.1792  0.1712  1
130:   0.1950  0.2090  0.1950  0.1950  0.2060  1
131:   0.2060  0.1960  0.2130  0.1940  0.1910  1
132:   0.2198  0.1978  0.2118  0.1718  0.1988  1
133:   0.1958  0.2018  0.1898  0.2118  0.2008  1
134:   0.2240  0.1800  0.2210  0.1830  0.1920  1
135:   0.2040  0.1980  0.2030  0.2060  0.1890  1
136:   0.2260  0.1810  0.2260  0.1760  0.1910  1
137:   0.1940  0.2060  0.1940  0.2130  0.1930  1
138:   0.2222  0.1822  0.2242  0.1912  0.1802  1
139:   0.2142  0.1942  0.1962  0.1882  0.2072  1
140:   0.1980  0.1940  0.1990  0.1890  0.2200  1
141:   0.2450  0.1630  0.2580  0.1580  0.1760  1
142:   0.2080  0.1900  0.2160  0.1790  0.2070  1
143:   0.1930  0.2030  0.1930  0.1930  0.2180  1
144:   0.2080  0.1940  0.1980  0.2000  0.2000  1
145:   0.2220  0.1840  0.2280  0.1880  0.1780  1
146:   0.2090  0.1940  0.1990  0.1860  0.2120  1
147:   0.2040  0.1960  0.2050  0.1990  0.1960  1
148:   0.2118  0.2008  0.2168  0.1928  0.1778  1
149:   0.2290  0.1800  0.2330  0.1730  0.1850  1
150:   0.1928  0.2018  0.1828  0.1968  0.2258  1
151:   0.1858  0.2028  0.1858  0.1968  0.2288  1
152:   0.2170  0.1950  0.2200  0.1750  0.1930  1
153:   0.2020  0.2010  0.2020  0.1930  0.2020  1
154:   0.2110  0.1960  0.2130  0.1880  0.1920  1
155:   0.1920  0.1980  0.1990  0.2030  0.2080  1
156:   0.1858  0.2148  0.1848  0.2238  0.1908  1
157:   0.1772  0.2172  0.1762  0.2182  0.2112  1
158:   0.2110  0.1930  0.2220  0.1770  0.1970  1
159:   0.2430  0.1780  0.2290  0.1650  0.1850  1
160:   0.2280  0.1770  0.2290  0.1820  0.1840  1
161:   0.2162  0.1932  0.2202  0.1802  0.1902  1
162:   0.2100  0.1930  0.2040  0.1880  0.2050  1
163:   0.1980  0.1950  0.2020  0.2110  0.1940  1
164:   0.2180  0.1880  0.2170  0.1860  0.1910  1
165:   0.2052  0.1962  0.2102  0.1982  0.1902  1
166:   0.2340  0.1760  0.2270  0.1740  0.1890  1
167:   0.1790  0.2210  0.1780  0.2310  0.1910  1
168:   0.2170  0.1900  0.2220  0.1710  0.2000  1
169:   0.2212  0.1832  0.2222  0.1852  0.1882  1
170:   0.2200  0.1870  0.2160  0.1850  0.1920  1
171:   0.1940  0.1860  0.1750  0.1980  0.2470  1
172:   0.1938  0.2118  0.1948  0.1918  0.2078  1
173:   0.2290  0.1770  0.2390  0.1720  0.1830  1
174:   0.2052  0.1932  0.2042  0.1892  0.2082  1
175:   0.2130  0.1930  0.2140  0.1860  0.1940  1
176:   0.2110  0.1960  0.2080  0.1880  0.1970  1
177:   0.1920  0.2120  0.1930  0.2040  0.1990  1
178:   0.2052  0.2012  0.2022  0.2042  0.1872  1
179:   0.2000  0.1840  0.1760  0.1950  0.2450  1
180:   0.2050  0.1990  0.1930  0.1900  0.2130  1
181:   0.2222  0.1832  0.2202  0.1852  0.1892  1
182:   0.1960  0.1940  0.1840  0.2070  0.2190  1
183:   0.1890  0.1980  0.1880  0.2070  0.2180  1
184:   0.2050  0.1930  0.1950  0.1910  0.2160  1
185:   0.2250  0.1890  0.2230  0.1760  0.1870  1
186:   0.2060  0.1970  0.1970  0.2040  0.1960  1
187:   0.2038  0.1958  0.2018  0.2168  0.1818  1
188:   0.2170  0.1840  0.2150  0.1810  0.2030  1
189:   0.1612  0.2342  0.1622  0.2372  0.2052  1
190:   0.2078  0.1908  0.1998  0.2048  0.1968  1
191:   0.1978  0.1918  0.2058  0.1978  0.2068  1
192:   0.1890  0.2060  0.1890  0.2050  0.2110  1
193:   0.2010  0.2100  0.1970  0.1850  0.2070  1
194:   0.2082  0.1952  0.2102  0.1942  0.1922  1
195:   0.2478  0.1658  0.2547  0.1598  0.1718  1
196:   0.2048  0.2058  0.2068  0.1898  0.1928  1
197:   0.2020  0.1960  0.2030  0.1990  0.2000  1
198:   0.1814  0.2134  0.1824  0.1934  0.2295  1
199:   0.2042  0.1942  0.2042  0.2002  0.1972  1
200:   0.1822  0.2102  0.1852  0.2082  0.2142  1
201:   0.1968  0.2048  0.1958  0.1918  0.2108  1
202:   0.1970  0.1990  0.1980  0.2020  0.2040  1
203:   0.1960  0.1920  0.1880  0.1960  0.2280  1
204:   0.2392  0.1652  0.2422  0.1652  0.1882  1
205:   0.1260  0.2570  0.1240  0.3060  0.1870  1
206:   0.2132  0.1842  0.2122  0.1812  0.2092  1
207:   0.2390  0.1740  0.2370  0.1710  0.1790  1
208:   0.1253  0.2555  0.1242  0.3066  0.1884  1
209:   0.2192  0.1822  0.2182  0.1862  0.1942  1
210:   0.1952  0.1972  0.1952  0.2052  0.2072  1
211:   0.2350  0.1770  0.2380  0.1690  0.1810  1
212:   0.2130  0.1950  0.2130  0.1840  0.1950  1
213:   0.2052  0.1972  0.2062  0.1932  0.1982  1
214:   0.1940  0.2160  0.1860  0.2100  0.1940  1
215:   0.2012  0.2032  0.1952  0.1922  0.2082  1
216:   0.1880  0.2110  0.1870  0.2250  0.1890  1
217:   0.1638  0.2318  0.1638  0.2527  0.1878  1
218:   0.1750  0.2210  0.1750  0.2230  0.2060  1
219:   0.2218  0.1818  0.2238  0.1798  0.1928  1
220:   0.2052  0.1992  0.1982  0.2012  0.1962  1
221:   0.2040  0.2010  0.2060  0.2070  0.1820  1
222:   0.2202  0.1862  0.2142  0.1802  0.1992  1
223:   0.1980  0.2010  0.1980  0.2050  0.1980  1
224:   0.2010  0.2070  0.1980  0.2020  0.1920  1
225:   0.1670  0.2300  0.1640  0.2330  0.2060  1
226:   0.2038  0.1978  0.2058  0.2058  0.1868  1
227:   0.1958  0.2078  0.1908  0.1948  0.2108  1
228:   0.2070  0.1980  0.2040  0.1920  0.1990  1
229:   0.1722  0.2212  0.1732  0.2302  0.2032  1
230:   0.1830  0.2180  0.1880  0.2200  0.1910  1
231:   0.1952  0.2092  0.1912  0.2112  0.1932  1
232:   0.1682  0.2262  0.1702  0.2392  0.1962  1
233:   0.2152  0.1842  0.2182  0.1952  0.1872  1
234:   0.2150  0.1820  0.2300  0.1890  0.1840  1
235:   0.1872  0.2032  0.1902  0.2052  0.2142  1
236:   0.2040  0.2030  0.1930  0.1890  0.2110  1
237:   0.2010  0.2140  0.1940  0.1790  0.2120  1
238:   0.2118  0.1908  0.2088  0.1928  0.1958  1
239:   0.1930  0.1980  0.1850  0.1970  0.2270  1
240:   0.1918  0.2148  0.1848  0.2078  0.2008  1
241:   0.1810  0.2150  0.1890  0.2220  0.1930  1
242:   0.1618  0.2308  0.1638  0.2468  0.1968  1
243:   0.1702  0.2222  0.1642  0.2503  0.1932  1
244:   0.2080  0.1860  0.2050  0.1800  0.2210  1
245:   0.1942  0.2042  0.1962  0.2022  0.2032  1
246:   0.1958  0.2058  0.2008  0.2008  0.1968  1

  1:   0.1930  0.1950  0.1980  0.1980  0.2160  1
  2:   0.1880  0.1890  0.2220  0.1750  0.2260  1
  3:   0.1992  0.1892  0.2292  0.1602  0.2222  1
  4:   0.2030  0.2050  0.2120  0.1750  0.2050  1
  5:   0.1960  0.1930  0.2290  0.1600  0.2220  1
  6:   0.1920  0.1820  0.1760  0.2220  0.2280  1
  7:   0.2088  0.2128  0.1828  0.2138  0.1818  1
  8:   0.1910  0.1970  0.2320  0.1630  0.2170  1
  9:   0.1968  0.1928  0.2058  0.2038  0.2008  1
 10:   0.1962  0.1872  0.2242  0.1582  0.2342  1
 11:   0.1990  0.1960  0.2100  0.1840  0.2110  1
 12:   0.1940  0.1840  0.1980  0.1920  0.2320  1
 13:   0.1990  0.1860  0.2270  0.1640  0.2240  1
 14:   0.2060  0.2100  0.1970  0.2140  0.1730  1
 15:   0.2102  0.1932  0.2242  0.1732  0.1992  1
 16:   0.2018  0.2108  0.2008  0.1918  0.1948  1
 17:   0.1948  0.1948  0.2188  0.1878  0.2038  1
 18:   0.1988  0.1928  0.2158  0.1958  0.1968  1
 19:   0.2040  0.1940  0.2040  0.1910  0.2070  1
 20:   0.2030  0.1910  0.2050  0.1880  0.2130  1
 21:   0.2060  0.2160  0.1730  0.2250  0.1800  1
 22:   0.2080  0.2040  0.1990  0.1960  0.1930  1
 23:   0.1928  0.1848  0.2038  0.1958  0.2228  1
 24:   0.2102  0.2543  0.1291  0.2763  0.1301  1
 25:   0.1980  0.2070  0.1840  0.2140  0.1970  1
 26:   0.1910  0.2030  0.1820  0.2110  0.2130  1
 27:   0.1890  0.1960  0.1870  0.2080  0.2200  1
 28:   0.2170  0.2010  0.1940  0.2030  0.1850  1
 29:   0.1888  0.1808  0.2118  0.2128  0.2058  1
 30:   0.2250  0.2140  0.1910  0.2060  0.1640  1
 31:   0.1990  0.1970  0.2220  0.1800  0.2020  1
 32:   0.2082  0.1992  0.2092  0.1802  0.2032  1
 33:   0.1980  0.1980  0.2050  0.2040  0.1950  1
 34:   0.1998  0.1978  0.2218  0.1688  0.2118  1
 35:   0.2010  0.1930  0.2160  0.1740  0.2160  1
 36:   0.1980  0.1800  0.1670  0.2310  0.2240  1
 37:   0.1952  0.1862  0.2302  0.1572  0.2312  1
 38:   0.1852  0.1842  0.2162  0.1782  0.2362  1
 39:   0.2092  0.2332  0.1451  0.2593  0.1532  1
 40:   0.1840  0.1790  0.2120  0.1980  0.2270  1
 41:   0.2100  0.1990  0.2020  0.1800  0.2090  1
 42:   0.2102  0.1992  0.2152  0.1772  0.1982  1
 43:   0.1950  0.2100  0.2020  0.1970  0.1960  1
 44:   0.1988  0.2028  0.2078  0.1778  0.2128  1
 45:   0.2212  0.2242  0.1742  0.2232  0.1572  1
 46:   0.1960  0.1940  0.2080  0.1960  0.2060  1
 47:   0.2010  0.2060  0.1940  0.2020  0.1970  1
 48:   0.1882  0.2002  0.1792  0.2142  0.2182  1
 49:   0.1900  0.1900  0.2070  0.1900  0.2230  1
 50:   0.1910  0.1940  0.2060  0.1950  0.2140  1
 51:   0.2120  0.2320  0.1520  0.2540  0.1500  1
 52:   0.2030  0.2220  0.1760  0.2340  0.1650  1
 53:   0.2020  0.1940  0.1950  0.2090  0.2000  1
 54:   0.2080  0.2020  0.2120  0.1780  0.2000  1
 55:   0.1780  0.1910  0.1970  0.2040  0.2300  1
 56:   0.1980  0.2070  0.2050  0.2000  0.1900  1
 57:   0.2172  0.2232  0.1692  0.2412  0.1491  1
 58:   0.2080  0.2550  0.1230  0.3010  0.1130  1
 59:   0.1940  0.1890  0.2030  0.1850  0.2290  1
 60:   0.1872  0.1922  0.2062  0.1882  0.2262  1
 61:   0.1980  0.1880  0.2190  0.1740  0.2210  1
 62:   0.2130  0.2210  0.1600  0.2470  0.1590  1
 63:   0.2080  0.2330  0.1410  0.2700  0.1480  1
 64:   0.1942  0.1912  0.2142  0.1862  0.2142  1
 65:   0.2002  0.1982  0.2082  0.1972  0.1962  1
 66:   0.2068  0.2158  0.1788  0.2188  0.1798  1
 67:   0.1960  0.1970  0.2180  0.1860  0.2030  1
 68:   0.2048  0.1798  0.2218  0.1748  0.2188  1
 69:   0.1882  0.1782  0.2092  0.1932  0.2312  1
 70:   0.2012  0.1972  0.2022  0.1972  0.2022  1
 71:   0.1952  0.1842  0.2152  0.1862  0.2192  1
 72:   0.1918  0.1868  0.2288  0.1718  0.2208  1
 73:   0.1940  0.1850  0.2010  0.2040  0.2160  1
 74:   0.2128  0.2288  0.1598  0.2488  0.1499  1
 75:   0.2008  0.1878  0.2268  0.1618  0.2228  1
 76:   0.1980  0.1930  0.2230  0.1610  0.2250  1
 77:   0.1930  0.1860  0.1900  0.2050  0.2260  1
 78:   0.2020  0.1930  0.2260  0.1750  0.2040  1
