 1:   0.2533  0.2462  0.2503  0.2503  1
 2:   0.2507  0.2498  0.2488  0.2507  1
 3:   0.2537  0.2448  0.2517  0.2498  1
 4:   0.2540  0.2450  0.2510  0.2500  1
 5:   0.2480  0.2540  0.2490  0.2490  1
 6:   0.2500  0.2500  0.2510  0.2490  1
 7:   0.2513  0.2492  0.2503  0.2492  1
 8:   0.2530  0.2450  0.2530  0.2490  1
 9:   0.2498  0.2488  0.2498  0.2517  1
10:   0.2540  0.2480  0.2500  0.2480  1
11:   0.2510  0.2470  0.2510  0.2510  1
12:   0.2520  0.2470  0.2520  0.2490  1
13:   0.2520  0.2460  0.2510  0.2510  1
14:   0.2490  0.2510  0.2510  0.2490  1
15:   0.2510  0.2470  0.2510  0.2510  1
16:   0.2500  0.2520  0.2500  0.2480  1
17:   0.2503  0.2503  0.2503  0.2492  1
18:   0.2510  0.2470  0.2530  0.2490  1
19:   0.2490  0.2520  0.2490  0.2500  1
20:   0.2500  0.2530  0.2490  0.2480  1
21:   0.2513  0.2462  0.2492  0.2533  1

 1:   0.2680  0.2330  0.2510  0.2480  1
 2:   0.2490  0.2500  0.2580  0.2430  1
 3:   0.2870  0.2240  0.2530  0.2360  1
 4:   0.2947  0.2268  0.2507  0.2278  1
 5:   0.2300  0.2690  0.2400  0.2610  1
 6:   0.2543  0.2533  0.2382  0.2543  1
 7:   0.2533  0.2513  0.2392  0.2563  1
 8:   0.2893  0.2362  0.2402  0.2342  1
 9:   0.2507  0.2547  0.2498  0.2448  1
10:   0.2760  0.2370  0.2460  0.2410  1
11:   0.2560  0.2430  0.2520  0.2490  1
12:   0.2553  0.2492  0.2553  0.2402  1
13:   0.2770  0.2410  0.2490  0.2330  1
14:   0.2280  0.2650  0.2510  0.2560  1
15:   0.2670  0.2360  0.2480  0.2490  1
16:   0.2490  0.2530  0.2400  0.2580  1
17:   0.2520  0.2520  0.2450  0.2510  1
18:   0.2550  0.2500  0.2490  0.2460  1
19:   0.2577  0.2448  0.2547  0.2428  1
20:   0.2358  0.2647  0.2348  0.2647  1
21:   0.2740  0.2320  0.2540  0.2400  1

 1:   0.2530  0.2490  0.2490  0.2490  1
 2:   0.2490  0.2490  0.2520  0.2500  1
 3:   0.2523  0.2482  0.2492  0.2503  1
 4:   0.2520  0.2480  0.2510  0.2490  1
 5:   0.2490  0.2510  0.2500  0.2500  1
 6:   0.2500  0.2510  0.2500  0.2490  1
 7:   0.2507  0.2507  0.2498  0.2488  1
 8:   0.2530  0.2490  0.2490  0.2490  1
 9:   0.2490  0.2500  0.2500  0.2510  1
10:   0.2520  0.2490  0.2500  0.2490  1
11:   0.2517  0.2498  0.2507  0.2478  1
12:   0.2503  0.2482  0.2513  0.2503  1
13:   0.2520  0.2490  0.2500  0.2490  1
14:   0.2500  0.2510  0.2490  0.2500  1
15:   0.2520  0.2490  0.2500  0.2490  1
16:   0.2500  0.2500  0.2500  0.2500  1
17:   0.2503  0.2492  0.2503  0.2503  1
18:   0.2490  0.2500  0.2510  0.2500  1
19:   0.2482  0.2523  0.2503  0.2492  1
20:   0.2490  0.2510  0.2510  0.2490  1
21:   0.2500  0.2480  0.2500  0.2520  1

 1:   0.2560  0.2430  0.2540  0.2470  1
 2:   0.2492  0.2462  0.2482  0.2563  1
 3:   0.2617  0.2428  0.2468  0.2488  1
 4:   0.2560  0.2420  0.2500  0.2520  1
 5:   0.2448  0.2587  0.2478  0.2488  1
 6:   0.2510  0.2520  0.2470  0.2500  1
 7:   0.2540  0.2460  0.2530  0.2470  1
 8:   0.2540  0.2470  0.2490  0.2500  1
 9:   0.2470  0.2530  0.2500  0.2500  1
10:   0.2570  0.2480  0.2480  0.2470  1
11:   0.2520  0.2500  0.2540  0.2440  1
12:   0.2470  0.2480  0.2540  0.2510  1
13:   0.2617  0.2438  0.2468  0.2478  1
14:   0.2470  0.2500  0.2550  0.2480  1
15:   0.2550  0.2430  0.2510  0.2510  1
16:   0.2492  0.2513  0.2462  0.2533  1
17:   0.2470  0.2530  0.2470  0.2530  1
18:   0.2510  0.2480  0.2560  0.2450  1
19:   0.2478  0.2498  0.2488  0.2537  1
20:   0.2510  0.2590  0.2430  0.2470  1
21:   0.2577  0.2468  0.2468  0.2488  1

 1:   0.2590  0.2410  0.2510  0.2490  1
 2:   0.2490  0.2490  0.2540  0.2480  1
 3:   0.2617  0.2408  0.2517  0.2458  1
 4:   0.2647  0.2378  0.2547  0.2428  1
 5:   0.2422  0.2573  0.2452  0.2553  1
 6:   0.2520  0.2480  0.2500  0.2500  1
 7:   0.2490  0.2520  0.2510  0.2480  1
 8:   0.2597  0.2418  0.2537  0.2448  1
 9:   0.2510  0.2520  0.2480  0.2490  1
10:   0.2597  0.2418  0.2537  0.2448  1
11:   0.2630  0.2410  0.2510  0.2450  1
12:   0.2530  0.2430  0.2540  0.2500  1
13:   0.2583  0.2442  0.2492  0.2482  1
14:   0.2422  0.2513  0.2482  0.2583  1
15:   0.2587  0.2507  0.2468  0.2438  1
16:   0.2520  0.2480  0.2510  0.2490  1
17:   0.2540  0.2480  0.2450  0.2530  1
18:   0.2490  0.2530  0.2500  0.2480  1
19:   0.2500  0.2470  0.2520  0.2510  1
20:   0.2452  0.2533  0.2432  0.2583  1
21:   0.2510  0.2380  0.2600  0.2510  1

