 1:   0.2579  0.2424  0.2511  0.2487  1
 2:   0.2494  0.2488  0.2522  0.2496  1
 3:   0.2633  0.2401  0.2505  0.2461  1
 4:   0.2643  0.2399  0.2515  0.2443  1
 5:   0.2428  0.2580  0.2464  0.2528  1
 6:   0.2515  0.2509  0.2472  0.2505  1
 7:   0.2517  0.2498  0.2486  0.2499  1
 8:   0.2618  0.2438  0.2490  0.2454  1
 9:   0.2495  0.2517  0.2495  0.2493  1
10:   0.2597  0.2448  0.2495  0.2460  1
11:   0.2547  0.2462  0.2517  0.2474  1
12:   0.2515  0.2471  0.2533  0.2481  1
13:   0.2602  0.2448  0.2492  0.2458  1
14:   0.2432  0.2537  0.2508  0.2523  1
15:   0.2567  0.2451  0.2494  0.2488  1
16:   0.2500  0.2509  0.2474  0.2517  1
17:   0.2507  0.2505  0.2475  0.2513  1
18:   0.2510  0.2496  0.2518  0.2476  1
19:   0.2505  0.2492  0.2509  0.2494  1
20:   0.2462  0.2562  0.2442  0.2534  1
21:   0.2568  0.2422  0.2520  0.2490  1
