1:    0.253 0.250 0.246 0.250 1    
2:    0.251 0.249 0.250 0.251 1    
3:    0.254 0.252 0.245 0.250 1    
4:    0.254 0.251 0.245 0.250 1    
5:    0.248 0.249 0.254 0.249 1    
6:    0.250 0.251 0.250 0.249 1    
7:    0.251 0.250 0.249 0.249 1    
8:    0.253 0.253 0.245 0.249 1    
9:    0.250 0.250 0.249 0.252 1    
10:   0.254 0.250 0.248 0.248 1    
11:   0.251 0.251 0.247 0.251 1    
12:   0.252 0.252 0.247 0.249 1    
13:   0.252 0.251 0.246 0.251 1    
14:   0.249 0.251 0.251 0.249 1    
15:   0.251 0.251 0.247 0.251 1    
16:   0.250 0.250 0.252 0.248 1    
17:   0.250 0.250 0.250 0.249 1    
18:   0.251 0.253 0.247 0.249 1    
19:   0.249 0.249 0.252 0.250 1    
20:   0.250 0.249 0.253 0.248 1    
21:   0.251 0.249 0.246 0.253 1    
                 
                 
1:    0.233 0.251 0.268 0.248 1    
2:    0.250 0.258 0.249 0.243 1    
3:    0.224 0.253 0.287 0.236 1    
4:    0.227 0.251 0.295 0.228 1    
5:    0.269 0.240 0.230 0.261 1    
6:    0.253 0.238 0.254 0.254 1    
7:    0.251 0.239 0.253 0.256 1    
8:    0.236 0.240 0.289 0.234 1    
9:    0.255 0.250 0.251 0.245 1    
10:   0.237 0.246 0.276 0.241 1    
11:   0.243 0.252 0.256 0.249 1    
12:   0.249 0.255 0.255 0.240 1    
13:   0.241 0.249 0.277 0.233 1    
14:   0.265 0.251 0.228 0.256 1    
15:   0.236 0.248 0.267 0.249 1    
16:   0.253 0.240 0.249 0.258 1    
17:   0.252 0.245 0.252 0.251 1    
18:   0.250 0.249 0.255 0.246 1    
19:   0.245 0.255 0.258 0.243 1    
20:   0.265 0.235 0.236 0.265 1    
21:   0.232 0.254 0.274 0.240 1    
                 
                 
1:    0.249 0.249 0.249 0.253 1    
2:    0.249 0.252 0.250 0.249 1    
3:    0.248 0.249 0.250 0.252 1    
4:    0.248 0.251 0.249 0.252 1    
5:    0.251 0.250 0.250 0.249 1    
6:    0.251 0.250 0.249 0.250 1    
7:    0.251 0.250 0.249 0.251 1    
8:    0.249 0.249 0.249 0.253 1    
9:    0.250 0.250 0.251 0.249 1    
10:   0.249 0.250 0.249 0.252 1    
11:   0.250 0.251 0.248 0.252 1    
12:   0.248 0.251 0.250 0.250 1    
13:   0.249 0.250 0.249 0.252 1    
14:   0.251 0.249 0.250 0.250 1    
15:   0.249 0.250 0.249 0.252 1    
16:   0.250 0.250 0.250 0.250 1    
17:   0.249 0.250 0.250 0.250 1    
18:   0.250 0.251 0.250 0.249 1    
19:   0.252 0.250 0.249 0.248 1    
20:   0.251 0.251 0.249 0.249 1    
21:   0.248 0.250 0.252 0.250 1    
                 
                 
1:    0.256 0.247 0.243 0.254 1    
2:    0.249 0.256 0.246 0.248 1    
3:    0.262 0.249 0.243 0.247 1    
4:    0.256 0.252 0.242 0.250 1    
5:    0.245 0.249 0.259 0.248 1    
6:    0.251 0.250 0.252 0.247 1    
7:    0.254 0.247 0.246 0.253 1    
8:    0.254 0.250 0.247 0.249 1    
9:    0.247 0.250 0.253 0.250 1    
10:   0.257 0.247 0.248 0.248 1    
11:   0.252 0.244 0.250 0.254 1    
12:   0.247 0.251 0.248 0.254 1    
13:   0.262 0.248 0.244 0.247 1    
14:   0.247 0.248 0.250 0.255 1    
15:   0.255 0.251 0.243 0.251 1    
16:   0.249 0.253 0.251 0.246 1    
17:   0.247 0.253 0.253 0.247 1    
18:   0.251 0.245 0.248 0.256 1    
19:   0.248 0.254 0.250 0.249 1    
20:   0.251 0.247 0.259 0.243 1    
21:   0.258 0.249 0.247 0.247 1    
                 
                 
1:    0.259 0.241 0.251 0.249 1    
2:    0.249 0.249 0.254 0.248 1    
3:    0.262 0.241 0.252 0.246 1    
4:    0.265 0.238 0.255 0.243 1    
5:    0.242 0.257 0.245 0.255 1    
6:    0.252 0.248 0.250 0.250 1    
7:    0.249 0.252 0.251 0.248 1    
8:    0.260 0.242 0.254 0.245 1    
9:    0.251 0.252 0.248 0.249 1    
10:   0.260 0.242 0.254 0.245 1    
11:   0.263 0.241 0.251 0.245 1    
12:   0.253 0.243 0.254 0.250 1    
13:   0.258 0.244 0.249 0.248 1    
14:   0.242 0.251 0.248 0.258 1    
15:   0.259 0.251 0.247 0.244 1    
16:   0.252 0.248 0.251 0.249 1    
17:   0.254 0.248 0.245 0.253 1    
18:   0.249 0.253 0.250 0.248 1    
19:   0.250 0.247 0.252 0.251 1    
20:   0.245 0.253 0.243 0.258 1    
21:   0.251 0.238 0.260 0.251 1    
