 1:   0.1990  0.1970  0.2060  0.2010  0.1970  1
 2:   0.2020  0.1990  0.1980  0.1990  0.2020  1
 3:   0.2008  0.2018  0.1978  0.1998  0.1998  1
 4:   0.2040  0.2000  0.2000  0.1970  0.1990  1
 5:   0.2010  0.1980  0.2030  0.1990  0.1990  1
 6:   0.2118  0.1998  0.1978  0.1978  0.1928  1
 7:   0.2040  0.2000  0.2010  0.1990  0.1960  1
 8:   0.2020  0.2000  0.2050  0.1960  0.1970  1
 9:   0.2112  0.1992  0.1972  0.1972  0.1952  1
10:   0.2080  0.2030  0.2040  0.1930  0.1920  1
11:   0.2022  0.2022  0.2012  0.1942  0.2002  1
12:   0.2028  0.1988  0.1978  0.1998  0.2008  1
13:   0.1980  0.2000  0.2030  0.1960  0.2030  1
14:   0.2010  0.2000  0.2000  0.1990  0.2000  1
15:   0.2020  0.1950  0.2040  0.2000  0.1990  1
16:   0.2052  0.2042  0.2022  0.1932  0.1952  1

 1:   0.2022  0.1992  0.2032  0.1992  0.1962  1
 2:   0.2018  0.1988  0.2018  0.1958  0.2018  1
 3:   0.2010  0.1980  0.1990  0.2000  0.2020  1
 4:   0.2020  0.2020  0.2000  0.2000  0.1960  1
 5:   0.2000  0.1990  0.1990  0.2000  0.2020  1
 6:   0.2008  0.2028  0.2018  0.1968  0.1978  1
 7:   0.2008  0.2018  0.1988  0.1998  0.1988  1
 8:   0.2000  0.1970  0.2010  0.2010  0.2010  1
 9:   0.2020  0.2000  0.2010  0.2000  0.1970  1
10:   0.2020  0.2040  0.2030  0.1960  0.1950  1
11:   0.2030  0.1990  0.2010  0.1960  0.2010  1
12:   0.2008  0.1998  0.2008  0.1998  0.1988  1
13:   0.2030  0.1990  0.2000  0.1970  0.2010  1
14:   0.1998  0.1998  0.2018  0.1988  0.1998  1
15:   0.2000  0.2010  0.2030  0.1990  0.1970  1
16:   0.2010  0.1990  0.2010  0.1970  0.2020  1

 1:   0.2000  0.2000  0.2000  0.2000  0.2000  1
 2:   0.2012  0.1992  0.2012  0.2032  0.1952  1
 3:   0.2010  0.2000  0.1960  0.1990  0.2040  1
 4:   0.1980  0.2020  0.1990  0.1970  0.2040  1
 5:   0.2000  0.2000  0.2010  0.1990  0.2000  1
 6:   0.2050  0.2020  0.1980  0.2010  0.1940  1
 7:   0.2030  0.2010  0.2000  0.1990  0.1970  1
 8:   0.1990  0.2000  0.2020  0.2000  0.1990  1
 9:   0.2010  0.2040  0.2000  0.2000  0.1950  1
10:   0.2058  0.2028  0.1988  0.2018  0.1908  1
11:   0.2030  0.2010  0.1990  0.1990  0.1980  1
12:   0.2010  0.1990  0.2030  0.2000  0.1970  1
13:   0.2000  0.1950  0.2000  0.1990  0.2060  1
14:   0.2000  0.2030  0.2020  0.2000  0.1950  1
15:   0.2018  0.2018  0.1998  0.1988  0.1978  1
16:   0.2032  0.2022  0.2042  0.1972  0.1932  1

 1:   0.1990  0.1980  0.2000  0.2020  0.2010  1
 2:   0.2038  0.1998  0.1998  0.2008  0.1958  1
 3:   0.1982  0.2012  0.2012  0.1972  0.2022  1
 4:   0.1998  0.1998  0.2008  0.2028  0.1968  1
 5:   0.1980  0.2020  0.2010  0.1980  0.2010  1
 6:   0.2082  0.2032  0.2022  0.1972  0.1892  1
 7:   0.1970  0.2000  0.2040  0.2000  0.1990  1
 8:   0.2018  0.1988  0.2038  0.1988  0.1968  1
 9:   0.2100  0.2020  0.1990  0.1990  0.1900  1
10:   0.2090  0.2010  0.2000  0.1980  0.1920  1
11:   0.2060  0.2000  0.1960  0.2020  0.1960  1
12:   0.2032  0.1972  0.2012  0.2022  0.1962  1
13:   0.1968  0.1988  0.2038  0.1988  0.2018  1
14:   0.2028  0.1998  0.2048  0.1988  0.1938  1
15:   0.2042  0.2002  0.1982  0.2002  0.1972  1
16:   0.2050  0.2010  0.2040  0.1990  0.1910  1

 1:   0.1992  0.1972  0.2012  0.2022  0.2002  1
 2:   0.2028  0.2028  0.1978  0.1968  0.1998  1
 3:   0.2022  0.1992  0.1962  0.2002  0.2022  1
 4:   0.2000  0.1990  0.1970  0.2030  0.2010  1
 5:   0.2010  0.2000  0.1990  0.1990  0.2010  1
 6:   0.2008  0.2018  0.1998  0.1998  0.1978  1
 7:   0.2020  0.2010  0.1980  0.1990  0.2000  1
 8:   0.2020  0.1990  0.1980  0.2000  0.2010  1
 9:   0.2032  0.2002  0.2022  0.1982  0.1962  1
10:   0.2012  0.2002  0.2022  0.2002  0.1962  1
11:   0.2020  0.1990  0.2000  0.1990  0.2000  1
12:   0.1990  0.2010  0.2000  0.1990  0.2010  1
13:   0.1980  0.2010  0.2000  0.2000  0.2010  1
14:   0.2010  0.1980  0.2000  0.2010  0.2000  1
15:   0.1980  0.2000  0.2010  0.2000  0.2010  1
16:   0.2018  0.2018  0.2038  0.1958  0.1968  1

