 1:   0.3313  0.3383  0.3303  1
 2:   0.3343  0.3323  0.3333  1
 3:   0.3310  0.3380  0.3310  1
 4:   0.3340  0.3300  0.3360  1
 5:   0.3330  0.3310  0.3360  1
 6:   0.3380  0.3290  0.3330  1
 7:   0.3340  0.3310  0.3350  1
 8:   0.3357  0.3337  0.3307  1
 9:   0.3370  0.3320  0.3310  1
10:   0.3347  0.3337  0.3317  1
11:   0.3350  0.3310  0.3340  1
12:   0.3360  0.3330  0.3310  1
13:   0.3360  0.3280  0.3360  1
14:   0.3360  0.3330  0.3310  1
15:   0.3320  0.3310  0.3370  1
16:   0.3380  0.3320  0.3300  1

 1:   0.3353  0.3313  0.3333  1
 2:   0.3363  0.3313  0.3323  1
 3:   0.3327  0.3357  0.3317  1
 4:   0.3340  0.3300  0.3360  1
 5:   0.3310  0.3340  0.3350  1
 6:   0.3387  0.3257  0.3357  1
 7:   0.3343  0.3353  0.3303  1
 8:   0.3370  0.3280  0.3350  1
 9:   0.3340  0.3290  0.3370  1
10:   0.3380  0.3270  0.3350  1
11:   0.3350  0.3300  0.3350  1
12:   0.3360  0.3310  0.3330  1
13:   0.3300  0.3370  0.3330  1
14:   0.3360  0.3310  0.3330  1
15:   0.3350  0.3320  0.3330  1
16:   0.3360  0.3320  0.3320  1

 1:   0.3340  0.3320  0.3340  1
 2:   0.3340  0.3330  0.3330  1
 3:   0.3320  0.3340  0.3340  1
 4:   0.3340  0.3340  0.3320  1
 5:   0.3330  0.3340  0.3330  1
 6:   0.3360  0.3310  0.3330  1
 7:   0.3333  0.3333  0.3333  1
 8:   0.3340  0.3330  0.3330  1
 9:   0.3350  0.3330  0.3320  1
10:   0.3360  0.3310  0.3330  1
11:   0.3323  0.3353  0.3323  1
12:   0.3350  0.3330  0.3320  1
13:   0.3330  0.3330  0.3340  1
14:   0.3340  0.3330  0.3330  1
15:   0.3337  0.3327  0.3337  1
16:   0.3350  0.3330  0.3320  1

 1:   0.3350  0.3350  0.3300  1
 2:   0.3320  0.3280  0.3400  1
 3:   0.3337  0.3317  0.3347  1
 4:   0.3380  0.3330  0.3290  1
 5:   0.3320  0.3330  0.3350  1
 6:   0.3420  0.3280  0.3300  1
 7:   0.3330  0.3340  0.3330  1
 8:   0.3340  0.3320  0.3340  1
 9:   0.3350  0.3330  0.3320  1
10:   0.3390  0.3270  0.3340  1
11:   0.3343  0.3353  0.3303  1
12:   0.3370  0.3300  0.3330  1
13:   0.3300  0.3310  0.3390  1
14:   0.3340  0.3300  0.3360  1
15:   0.3370  0.3330  0.3300  1
16:   0.3370  0.3320  0.3310  1

 1:   0.3240  0.3440  0.3320  1
 2:   0.3440  0.3210  0.3350  1
 3:   0.3297  0.3337  0.3367  1
 4:   0.3313  0.3403  0.3283  1
 5:   0.3373  0.3293  0.3333  1
 6:   0.3473  0.3213  0.3313  1
 7:   0.3337  0.3297  0.3367  1
 8:   0.3320  0.3390  0.3290  1
 9:   0.3490  0.3250  0.3260  1
10:   0.3520  0.3190  0.3290  1
11:   0.3360  0.3330  0.3310  1
12:   0.3363  0.3323  0.3313  1
13:   0.3287  0.3317  0.3397  1
14:   0.3410  0.3270  0.3320  1
15:   0.3340  0.3330  0.3330  1
16:   0.3480  0.3230  0.3290  1

