 1:   0.2500  0.2490  0.2500  0.2510  1
 2:   0.2520  0.2470  0.2510  0.2500  1
 3:   0.2498  0.2517  0.2488  0.2498  1
 4:   0.2500  0.2490  0.2500  0.2510  1
 5:   0.2510  0.2500  0.2500  0.2490  1
 6:   0.2533  0.2442  0.2523  0.2503  1
 7:   0.2498  0.2507  0.2498  0.2498  1
 8:   0.2517  0.2468  0.2517  0.2498  1
 9:   0.2540  0.2430  0.2520  0.2510  1
10:   0.2510  0.2440  0.2530  0.2520  1
11:   0.2513  0.2482  0.2503  0.2503  1
12:   0.2517  0.2478  0.2498  0.2507  1
13:   0.2510  0.2510  0.2490  0.2490  1
14:   0.2510  0.2470  0.2510  0.2510  1
15:   0.2510  0.2480  0.2510  0.2500  1
16:   0.2520  0.2450  0.2510  0.2520  1

 1:   0.2510  0.2440  0.2510  0.2540  1
 2:   0.2492  0.2492  0.2492  0.2523  1
 3:   0.2500  0.2500  0.2480  0.2520  1
 4:   0.2482  0.2492  0.2503  0.2523  1
 5:   0.2500  0.2500  0.2490  0.2510  1
 6:   0.2530  0.2480  0.2520  0.2470  1
 7:   0.2490  0.2520  0.2500  0.2490  1
 8:   0.2520  0.2470  0.2510  0.2500  1
 9:   0.2570  0.2460  0.2520  0.2450  1
10:   0.2550  0.2480  0.2500  0.2470  1
11:   0.2490  0.2480  0.2530  0.2500  1
12:   0.2540  0.2490  0.2490  0.2480  1
13:   0.2480  0.2530  0.2490  0.2500  1
14:   0.2540  0.2470  0.2510  0.2480  1
15:   0.2540  0.2480  0.2500  0.2480  1
16:   0.2510  0.2490  0.2510  0.2490  1

 1:   0.2490  0.2490  0.2500  0.2520  1
 2:   0.2507  0.2498  0.2517  0.2478  1
 3:   0.2500  0.2520  0.2500  0.2480  1
 4:   0.2490  0.2510  0.2480  0.2520  1
 5:   0.2507  0.2498  0.2517  0.2478  1
 6:   0.2540  0.2490  0.2480  0.2490  1
 7:   0.2533  0.2492  0.2503  0.2472  1
 8:   0.2498  0.2478  0.2517  0.2507  1
 9:   0.2523  0.2492  0.2492  0.2492  1
10:   0.2583  0.2452  0.2492  0.2472  1
11:   0.2507  0.2478  0.2537  0.2478  1
12:   0.2533  0.2472  0.2503  0.2492  1
13:   0.2490  0.2540  0.2480  0.2490  1
14:   0.2520  0.2490  0.2510  0.2480  1
15:   0.2530  0.2480  0.2510  0.2480  1
16:   0.2553  0.2482  0.2492  0.2472  1

 1:   0.2510  0.2440  0.2510  0.2540  1
 2:   0.2492  0.2492  0.2492  0.2523  1
 3:   0.2500  0.2500  0.2480  0.2520  1
 4:   0.2482  0.2492  0.2503  0.2523  1
 5:   0.2500  0.2500  0.2490  0.2510  1
 6:   0.2530  0.2480  0.2520  0.2470  1
 7:   0.2490  0.2520  0.2500  0.2490  1
 8:   0.2520  0.2470  0.2510  0.2500  1
 9:   0.2570  0.2460  0.2520  0.2450  1
10:   0.2550  0.2480  0.2500  0.2470  1
11:   0.2490  0.2480  0.2530  0.2500  1
12:   0.2540  0.2490  0.2490  0.2480  1
13:   0.2480  0.2530  0.2490  0.2500  1
14:   0.2540  0.2470  0.2510  0.2480  1
15:   0.2540  0.2480  0.2500  0.2480  1
16:   0.2510  0.2490  0.2510  0.2490  1

 1:   0.2513  0.2492  0.2492  0.2503  1
 2:   0.2580  0.2470  0.2440  0.2510  1
 3:   0.2492  0.2533  0.2482  0.2492  1
 4:   0.2573  0.2462  0.2492  0.2472  1
 5:   0.2498  0.2498  0.2517  0.2488  1
 6:   0.2637  0.2458  0.2507  0.2398  1
 7:   0.2560  0.2490  0.2480  0.2470  1
 8:   0.2567  0.2438  0.2517  0.2478  1
 9:   0.2617  0.2468  0.2527  0.2388  1
10:   0.2610  0.2480  0.2490  0.2420  1
11:   0.2500  0.2480  0.2530  0.2490  1
12:   0.2513  0.2472  0.2513  0.2503  1
13:   0.2480  0.2540  0.2500  0.2480  1
14:   0.2570  0.2490  0.2480  0.2460  1
15:   0.2530  0.2530  0.2510  0.2430  1
16:   0.2593  0.2462  0.2513  0.2432  1

