  1:   0.0530  0.1070  0.0700  0.6580  0.1120  1
  2:   0.0430  0.0210  0.0680  0.8300  0.0380  1
  3:   0.0430  0.0200  0.0709  0.8282  0.0380  1
  4:   0.3130  0.5040  0.0390  0.1170  0.0270  1
  5:   0.0350  0.0781  0.8318  0.0210  0.0340  1
  6:   0.0280  0.0190  0.1040  0.0830  0.7660  1
  7:   0.8028  0.0450  0.0460  0.0711  0.0350  1
  8:   0.0390  0.0410  0.0901  0.1371  0.6927  1
  9:   0.0320  0.6710  0.1210  0.1010  0.0750  1
 10:   0.0320  0.0870  0.2320  0.3910  0.2580  1
 11:   0.0380  0.0690  0.8450  0.0240  0.0240  1
 12:   0.0250  0.0290  0.0270  0.0761  0.8428  1
 13:   0.0750  0.0940  0.0500  0.0230  0.7580  1
 14:   0.0320  0.0380  0.1770  0.1150  0.6380  1
 15:   0.0250  0.8539  0.0711  0.0270  0.0230  1
 16:   0.1630  0.2560  0.2520  0.1800  0.1490  1
 17:   0.8270  0.0160  0.0220  0.0900  0.0450  1
 18:   0.0380  0.1550  0.0390  0.1150  0.6530  1
 19:   0.0501  0.1792  0.0831  0.1161  0.5716  1
 20:   0.8270  0.0700  0.0450  0.0360  0.0220  1
 21:   0.6540  0.0940  0.0380  0.0840  0.1300  1
 22:   0.2348  0.0709  0.0679  0.5385  0.0879  1
 23:   0.0290  0.8198  0.0390  0.0460  0.0661  1
 24:   0.2020  0.0800  0.0400  0.4460  0.2320  1
 25:   0.0260  0.0480  0.5680  0.3310  0.0270  1
 26:   0.0410  0.1310  0.7160  0.0580  0.0540  1
 27:   0.0910  0.0650  0.5960  0.0580  0.1900  1
 28:   0.1000  0.3040  0.3680  0.0660  0.1620  1
 29:   0.0520  0.0530  0.2680  0.4750  0.1520  1
 30:   0.0330  0.0440  0.1772  0.6767  0.0691  1
 31:   0.5954  0.0480  0.0769  0.1269  0.1528  1
 32:   0.0300  0.0590  0.0400  0.6560  0.2150  1
 33:   0.6116  0.0661  0.2252  0.0370  0.0601  1
 34:   0.0830  0.0930  0.4600  0.1020  0.2620  1
 35:   0.0700  0.0240  0.0260  0.8370  0.0430  1
 36:   0.0700  0.5340  0.1590  0.1080  0.1290  1
 37:   0.0820  0.0210  0.0280  0.6750  0.1940  1
 38:   0.0649  0.0319  0.6926  0.1218  0.0888  1
 39:   0.0480  0.7190  0.1040  0.0360  0.0930  1
 40:   0.0460  0.0789  0.3866  0.2468  0.2418  1
 41:   0.0190  0.0270  0.0220  0.0270  0.9050  1
 42:   0.0830  0.1210  0.0680  0.3290  0.3990  1
 43:   0.3590  0.0760  0.2980  0.2400  0.0270  1
 44:   0.1169  0.0400  0.0390  0.7582  0.0460  1
 45:   0.5040  0.0200  0.0530  0.3760  0.0470  1
 46:   0.0790  0.0680  0.7270  0.0280  0.0980  1
 47:   0.1079  0.0390  0.0200  0.2527  0.5804  1
 48:   0.0550  0.0370  0.1500  0.5350  0.2230  1
 49:   0.0430  0.1000  0.6980  0.0570  0.1020  1
 50:   0.0280  0.0450  0.8671  0.0340  0.0260  1
 51:   0.7940  0.0270  0.0210  0.0320  0.1260  1
 52:   0.0420  0.8000  0.0710  0.0440  0.0430  1
 53:   0.1790  0.0310  0.0360  0.3400  0.4140  1
 54:   0.0280  0.0609  0.0739  0.7972  0.0400  1
 55:   0.0820  0.2660  0.5370  0.0660  0.0490  1
 56:   0.0689  0.0969  0.6633  0.0949  0.0759  1
 57:   0.0831  0.0130  0.1982  0.6496  0.0561  1
 58:   0.4940  0.0400  0.1370  0.2080  0.1210  1
 59:   0.0430  0.7702  0.0659  0.0659  0.0549  1
 60:   0.0540  0.0400  0.2510  0.5090  0.1460  1
 61:   0.0850  0.0960  0.0820  0.2710  0.4660  1
 62:   0.0420  0.1090  0.7940  0.0380  0.0170  1
 63:   0.0220  0.0400  0.0190  0.8760  0.0430  1
 64:   0.0700  0.5040  0.2160  0.1060  0.1040  1
 65:   0.0940  0.0540  0.2330  0.0500  0.5690  1
 66:   0.0380  0.7217  0.0320  0.0390  0.1692  1
 67:   0.0840  0.6310  0.0440  0.0360  0.2050  1
 68:   0.2610  0.4140  0.1820  0.0390  0.1040  1
 69:   0.7698  0.0661  0.0400  0.0330  0.0911  1
 70:   0.0519  0.7113  0.1329  0.0350  0.0689  1
 71:   0.0440  0.0440  0.2460  0.5860  0.0800  1
 72:   0.0650  0.3910  0.4410  0.0500  0.0530  1
 73:   0.0649  0.0270  0.8402  0.0390  0.0290  1
 74:   0.3417  0.0490  0.0759  0.4356  0.0979  1
 75:   0.0200  0.0771  0.8238  0.0511  0.0280  1
 76:   0.8072  0.0709  0.0669  0.0280  0.0270  1
 77:   0.7782  0.0829  0.0529  0.0480  0.0380  1
 78:   0.0240  0.0360  0.8641  0.0230  0.0529  1
 79:   0.0200  0.0380  0.8521  0.0609  0.0290  1
 80:   0.0530  0.6680  0.2190  0.0230  0.0370  1
 81:   0.0310  0.0730  0.0390  0.2550  0.6020  1
 82:   0.0700  0.2080  0.5860  0.0950  0.0410  1
 83:   0.0330  0.1978  0.7113  0.0320  0.0260  1
 84:   0.0440  0.0800  0.1240  0.3810  0.3710  1
 85:   0.0220  0.0380  0.0260  0.0780  0.8360  1
 86:   0.3333  0.0170  0.0821  0.0681  0.4995  1
 87:   0.0500  0.5570  0.3310  0.0230  0.0390  1
 88:   0.0280  0.0600  0.1270  0.7440  0.0410  1
 89:   0.1800  0.0260  0.0310  0.0570  0.7060  1
 90:   0.0220  0.0440  0.3250  0.3880  0.2210  1
 91:   0.0190  0.0380  0.0300  0.2280  0.6850  1
 92:   0.1960  0.0410  0.1470  0.5780  0.0380  1
 93:   0.2352  0.0340  0.0541  0.5706  0.1061  1
 94:   0.0740  0.0180  0.0230  0.8270  0.0580  1
 95:   0.0760  0.4280  0.3170  0.1260  0.0530  1
 96:   0.0660  0.5220  0.0420  0.0650  0.3050  1
 97:   0.0220  0.8870  0.0210  0.0330  0.0370  1
 98:   0.0539  0.3267  0.1988  0.3457  0.0749  1
 99:   0.6727  0.1291  0.0551  0.0951  0.0480  1
100:   0.2720  0.2330  0.4150  0.0300  0.0500  1
101:   0.0520  0.6740  0.0870  0.0780  0.1090  1
102:   0.0621  0.3093  0.1151  0.1291  0.3844  1
103:   0.0410  0.6977  0.0430  0.1011  0.1171  1
104:   0.3616  0.4206  0.0470  0.1019  0.0689  1
105:   0.0380  0.0850  0.6030  0.0220  0.2520  1
106:   0.0380  0.1950  0.7110  0.0320  0.0240  1
107:   0.0290  0.8650  0.0520  0.0160  0.0380  1
108:   0.1260  0.2450  0.1260  0.0700  0.4330  1
109:   0.4210  0.0540  0.4320  0.0640  0.0290  1
110:   0.5740  0.0890  0.0350  0.1000  0.2020  1
111:   0.0180  0.0170  0.0290  0.1460  0.7900  1
112:   0.0230  0.0370  0.0730  0.0550  0.8120  1
113:   0.4090  0.0910  0.0520  0.0890  0.3590  1
114:   0.0290  0.0410  0.0859  0.6364  0.2078  1
115:   0.0900  0.2820  0.0790  0.0400  0.5090  1
116:   0.0891  0.0300  0.1161  0.5195  0.2452  1
117:   0.1508  0.0190  0.0270  0.7293  0.0739  1
118:   0.0430  0.2178  0.6134  0.0569  0.0689  1
119:   0.5030  0.1720  0.0340  0.2470  0.0440  1
120:   0.4254  0.1391  0.1161  0.2933  0.0260  1
121:   0.4236  0.0240  0.1508  0.3636  0.0380  1
122:   0.3113  0.2813  0.0661  0.2693  0.0721  1
123:   0.0500  0.3940  0.4440  0.0390  0.0730  1
124:   0.3834  0.1582  0.0380  0.1271  0.2933  1
125:   0.0270  0.8520  0.0330  0.0490  0.0390  1
126:   0.6290  0.0390  0.0620  0.0840  0.1860  1
127:   0.8072  0.0380  0.0709  0.0649  0.0190  1
128:   0.0290  0.7470  0.0830  0.0990  0.0420  1
129:   0.5000  0.0150  0.4070  0.0570  0.0210  1
130:   0.0639  0.1159  0.2348  0.0280  0.5574  1
131:   0.7910  0.0240  0.1060  0.0610  0.0180  1
132:   0.0601  0.1151  0.0731  0.6507  0.1011  1
133:   0.4176  0.0849  0.0330  0.3706  0.0939  1
134:   0.0440  0.5210  0.0510  0.0790  0.3050  1
135:   0.1469  0.0440  0.0300  0.1608  0.6184  1
136:   0.0440  0.0280  0.1608  0.0589  0.7083  1
137:   0.0640  0.7900  0.0340  0.0420  0.0700  1
138:   0.3007  0.2767  0.0340  0.3437  0.0450  1
139:   0.0290  0.8770  0.0220  0.0250  0.0470  1
140:   0.0320  0.8132  0.0559  0.0410  0.0579  1
141:   0.2310  0.2060  0.0220  0.4460  0.0950  1
142:   0.0270  0.2530  0.0250  0.1170  0.5780  1
143:   0.0980  0.6060  0.1120  0.1530  0.0310  1
144:   0.2480  0.0280  0.4130  0.2900  0.0210  1
145:   0.1730  0.5820  0.0980  0.0910  0.0560  1
146:   0.0510  0.1370  0.7500  0.0250  0.0370  1
147:   0.0400  0.7680  0.0590  0.1070  0.0260  1
148:   0.0300  0.0750  0.0350  0.2810  0.5790  1
149:   0.4430  0.1770  0.0960  0.2260  0.0580  1
150:   0.0581  0.0330  0.0190  0.8599  0.0300  1
151:   0.0340  0.8218  0.0561  0.0501  0.0380  1
152:   0.0820  0.5860  0.0970  0.1710  0.0640  1
153:   0.0160  0.0330  0.9081  0.0230  0.0200  1
154:   0.0679  0.0210  0.0210  0.1758  0.7143  1
155:   0.0460  0.0500  0.7980  0.0720  0.0340  1
156:   0.0560  0.6430  0.0920  0.1190  0.0900  1
157:   0.4540  0.3300  0.0410  0.1110  0.0640  1
158:   0.0400  0.2390  0.2810  0.3500  0.0900  1
159:   0.0710  0.0620  0.0680  0.0220  0.7770  1
160:   0.0510  0.0680  0.1500  0.1990  0.5320  1
161:   0.4760  0.0240  0.3690  0.0870  0.0440  1
162:   0.0589  0.0699  0.2048  0.4326  0.2338  1
163:   0.1022  0.1904  0.5160  0.0922  0.0992  1
164:   0.1249  0.0280  0.0290  0.6923  0.1259  1
165:   0.1828  0.0639  0.0659  0.5874  0.0999  1
166:   0.0360  0.0470  0.1608  0.3437  0.4126  1
167:   0.0320  0.0579  0.1998  0.6653  0.0450  1
168:   0.0200  0.0280  0.0270  0.3033  0.6216  1
169:   0.0290  0.0220  0.0230  0.0270  0.8990  1
170:   0.1772  0.0551  0.0230  0.6727  0.0721  1
171:   0.0280  0.0190  0.0599  0.0450  0.8482  1
172:   0.7257  0.0120  0.0621  0.0841  0.1161  1
173:   0.2370  0.0930  0.0760  0.0200  0.5740  1
174:   0.0310  0.7990  0.1160  0.0390  0.0150  1
175:   0.1070  0.0460  0.0530  0.7610  0.0330  1
176:   0.0569  0.6913  0.1518  0.0370  0.0629  1
177:   0.2300  0.0300  0.0590  0.6420  0.0390  1
178:   0.0659  0.0410  0.1598  0.4885  0.2448  1
179:   0.0250  0.0959  0.0260  0.4386  0.4146  1
180:   0.0470  0.1060  0.7840  0.0340  0.0290  1
181:   0.0999  0.4935  0.1389  0.0609  0.2068  1
182:   0.6470  0.0670  0.0650  0.1210  0.1000  1
183:   0.8681  0.0519  0.0170  0.0310  0.0320  1
184:   0.2010  0.1300  0.0800  0.2420  0.3470  1
185:   0.0470  0.0600  0.1100  0.7120  0.0710  1
186:   0.0630  0.0650  0.0790  0.3940  0.3990  1
187:   0.0650  0.0210  0.7310  0.0340  0.1490  1
188:   0.5726  0.0350  0.0320  0.1401  0.2202  1
189:   0.0220  0.0400  0.0310  0.0270  0.8801  1
190:   0.6436  0.1932  0.0861  0.0280  0.0490  1
191:   0.2627  0.3157  0.2398  0.0450  0.1369  1
192:   0.2640  0.0270  0.0810  0.1480  0.4800  1
193:   0.0570  0.4730  0.3930  0.0470  0.0300  1
194:   0.1570  0.5550  0.2430  0.0240  0.0210  1
195:   0.0659  0.0949  0.7153  0.0629  0.0609  1
196:   0.5350  0.0620  0.0440  0.3240  0.0350  1
197:   0.7170  0.0550  0.1590  0.0400  0.0290  1
198:   0.1450  0.0290  0.0170  0.7380  0.0710  1
199:   0.0240  0.0460  0.0300  0.8470  0.0530  1
200:   0.0230  0.0140  0.0220  0.0300  0.9110  1
201:   0.0660  0.0470  0.7060  0.1000  0.0810  1
202:   0.2783  0.0250  0.0360  0.2553  0.4054  1
203:   0.2510  0.1950  0.2750  0.1130  0.1660  1
204:   0.0490  0.0420  0.1120  0.1000  0.6970  1
205:   0.0591  0.3734  0.0420  0.2272  0.2983  1
206:   0.0640  0.8120  0.0770  0.0170  0.0300  1
207:   0.0300  0.8811  0.0220  0.0430  0.0240  1
208:   0.1169  0.5325  0.2388  0.0579  0.0539  1
209:   0.6820  0.2100  0.0380  0.0460  0.0240  1
210:   0.4116  0.2428  0.2877  0.0380  0.0200  1
211:   0.0500  0.1339  0.7453  0.0240  0.0470  1
212:   0.1230  0.1890  0.4320  0.0190  0.2370  1
213:   0.8811  0.0330  0.0440  0.0240  0.0180  1
214:   0.0280  0.8761  0.0360  0.0360  0.0240  1
215:   0.1722  0.5986  0.0310  0.1632  0.0350  1
216:   0.0600  0.0200  0.0450  0.8350  0.0400  1
217:   0.1100  0.0450  0.1820  0.0630  0.6000  1
218:   0.0280  0.0410  0.1380  0.6980  0.0950  1
219:   0.6460  0.0580  0.1380  0.1280  0.0300  1
220:   0.0360  0.7598  0.0390  0.1111  0.0541  1
221:   0.6620  0.0300  0.0830  0.1540  0.0710  1
222:   0.0330  0.5820  0.3410  0.0240  0.0200  1
223:   0.5345  0.1281  0.0821  0.2042  0.0511  1
224:   0.5020  0.0610  0.2940  0.0710  0.0720  1
225:   0.0350  0.1010  0.8120  0.0220  0.0300  1
226:   0.2913  0.0450  0.0420  0.5205  0.1011  1
227:   0.2008  0.1059  0.0320  0.4655  0.1958  1
228:   0.8048  0.0490  0.0591  0.0410  0.0460  1
229:   0.0850  0.0440  0.4170  0.0580  0.3960  1
230:   0.0689  0.0759  0.2158  0.2318  0.4076  1
231:   0.2770  0.1100  0.0420  0.4020  0.1690  1
232:   0.0710  0.1030  0.2640  0.3330  0.2290  1
233:   0.1930  0.0210  0.4710  0.2600  0.0550  1
234:   0.8140  0.0440  0.0290  0.0590  0.0540  1
235:   0.6687  0.1261  0.0460  0.0951  0.0641  1
236:   0.6910  0.0760  0.0660  0.1440  0.0230  1
237:   0.3576  0.5375  0.0360  0.0460  0.0230  1
238:   0.0930  0.0810  0.0220  0.6990  0.1050  1
239:   0.0250  0.0590  0.0280  0.3790  0.5090  1
240:   0.0630  0.0360  0.1710  0.4050  0.3250  1
241:   0.0360  0.0230  0.0200  0.8941  0.0270  1
242:   0.1730  0.0320  0.0630  0.5470  0.1850  1
243:   0.4370  0.4180  0.0600  0.0620  0.0230  1
244:   0.0799  0.0250  0.0250  0.6873  0.1828  1
245:   0.5035  0.0170  0.3724  0.0661  0.0410  1
246:   0.0559  0.0260  0.6543  0.0320  0.2318  1
247:   0.0330  0.0390  0.0300  0.0740  0.8240  1
248:   0.7892  0.0480  0.0160  0.1059  0.0410  1
249:   0.0811  0.1031  0.7417  0.0260  0.0480  1
250:   0.0320  0.7053  0.0609  0.0639  0.1379  1
251:   0.0541  0.0260  0.0320  0.8599  0.0280  1
252:   0.0600  0.6040  0.2250  0.0940  0.0170  1
253:   0.2570  0.1060  0.0480  0.2980  0.2910  1
254:   0.0630  0.7980  0.0580  0.0260  0.0550  1
255:   0.0910  0.0990  0.7400  0.0260  0.0440  1
256:   0.8910  0.0470  0.0170  0.0220  0.0230  1
257:   0.1140  0.3820  0.3770  0.0230  0.1040  1
258:   0.5650  0.2980  0.0430  0.0500  0.0440  1
259:   0.0330  0.8038  0.0250  0.0941  0.0440  1
260:   0.0500  0.7143  0.1648  0.0240  0.0470  1

  1:   0.0599  0.1179  0.0769  0.6174  0.1279  1
  2:   0.0460  0.0240  0.0959  0.7882  0.0460  1
  3:   0.0490  0.0240  0.1030  0.7810  0.0430  1
  4:   0.3423  0.4384  0.0440  0.1431  0.0320  1
  5:   0.0500  0.1109  0.7832  0.0220  0.0340  1
  6:   0.0340  0.0220  0.1220  0.0780  0.7440  1
  7:   0.7750  0.0570  0.0510  0.0780  0.0390  1
  8:   0.0450  0.0500  0.1080  0.1540  0.6430  1
  9:   0.0350  0.6404  0.1469  0.1039  0.0739  1
 10:   0.0380  0.0801  0.2733  0.3594  0.2492  1
 11:   0.0521  0.0991  0.7938  0.0260  0.0290  1
 12:   0.0290  0.0310  0.0360  0.0959  0.8082  1
 13:   0.0810  0.1140  0.0480  0.0310  0.7260  1
 14:   0.0380  0.0440  0.1898  0.1169  0.6114  1
 15:   0.0300  0.8400  0.0680  0.0330  0.0290  1
 16:   0.1618  0.2597  0.2438  0.1708  0.1638  1
 17:   0.8102  0.0170  0.0290  0.0979  0.0460  1
 18:   0.0420  0.1740  0.0470  0.1350  0.6020  1
 19:   0.0550  0.1940  0.0900  0.1400  0.5210  1
 20:   0.8110  0.0740  0.0480  0.0420  0.0250  1
 21:   0.6190  0.0980  0.0450  0.0950  0.1430  1
 22:   0.2322  0.0751  0.0781  0.5305  0.0841  1
 23:   0.0350  0.7840  0.0490  0.0540  0.0780  1
 24:   0.1920  0.0760  0.0430  0.4840  0.2050  1
 25:   0.0290  0.0520  0.5880  0.3020  0.0290  1
 26:   0.0510  0.1590  0.6760  0.0580  0.0560  1
 27:   0.1040  0.0690  0.5690  0.0570  0.2010  1
 28:   0.1060  0.2970  0.3410  0.0680  0.1880  1
 29:   0.0501  0.0631  0.2743  0.4555  0.1572  1
 30:   0.0360  0.0510  0.2120  0.6260  0.0750  1
 31:   0.5654  0.0539  0.0799  0.1449  0.1558  1
 32:   0.0320  0.0689  0.0460  0.6254  0.2278  1
 33:   0.5890  0.0810  0.2280  0.0350  0.0670  1
 34:   0.0930  0.1040  0.4450  0.1160  0.2420  1
 35:   0.0720  0.0260  0.0330  0.8190  0.0500  1
 36:   0.0730  0.5170  0.1580  0.1110  0.1410  1
 37:   0.0870  0.0240  0.0390  0.6480  0.2020  1
 38:   0.0730  0.0390  0.6740  0.1060  0.1080  1
 39:   0.0539  0.7023  0.1029  0.0400  0.1009  1
 40:   0.0480  0.0821  0.3944  0.2342  0.2412  1
 41:   0.0250  0.0300  0.0270  0.0280  0.8900  1
 42:   0.0920  0.1150  0.0850  0.2860  0.4220  1
 43:   0.3584  0.0861  0.3003  0.2252  0.0300  1
 44:   0.1199  0.0480  0.0519  0.7233  0.0569  1
 45:   0.4870  0.0220  0.0640  0.3730  0.0540  1
 46:   0.1030  0.0800  0.6680  0.0300  0.1190  1
 47:   0.1060  0.0430  0.0250  0.2770  0.5490  1
 48:   0.0590  0.0380  0.1880  0.4930  0.2220  1
 49:   0.0500  0.1130  0.6740  0.0540  0.1090  1
 50:   0.0370  0.0660  0.8240  0.0410  0.0320  1
 51:   0.7688  0.0320  0.0240  0.0380  0.1371  1
 52:   0.0460  0.7730  0.0740  0.0560  0.0510  1
 53:   0.1832  0.0360  0.0420  0.3634  0.3754  1
 54:   0.0300  0.0701  0.1021  0.7558  0.0420  1
 55:   0.0940  0.2710  0.5160  0.0670  0.0520  1
 56:   0.0759  0.1149  0.6384  0.0939  0.0769  1
 57:   0.0859  0.0140  0.2278  0.6124  0.0599  1
 58:   0.4820  0.0430  0.1560  0.1970  0.1220  1
 59:   0.0440  0.7400  0.0730  0.0740  0.0690  1
 60:   0.0540  0.0480  0.2780  0.4580  0.1620  1
 61:   0.0830  0.1030  0.0830  0.2810  0.4500  1
 62:   0.0460  0.1449  0.7512  0.0380  0.0200  1
 63:   0.0220  0.0410  0.0230  0.8680  0.0460  1
 64:   0.0750  0.5130  0.1950  0.1110  0.1060  1
 65:   0.1049  0.0569  0.2468  0.0609  0.5305  1
 66:   0.0420  0.6813  0.0370  0.0500  0.1898  1
 67:   0.0940  0.6140  0.0470  0.0440  0.2010  1
 68:   0.2573  0.4204  0.1662  0.0400  0.1161  1
 69:   0.7467  0.0801  0.0390  0.0380  0.0961  1
 70:   0.0611  0.6847  0.1341  0.0380  0.0821  1
 71:   0.0440  0.0460  0.2777  0.5524  0.0799  1
 72:   0.0679  0.4156  0.3996  0.0569  0.0599  1
 73:   0.0820  0.0300  0.8220  0.0350  0.0310  1
 74:   0.3440  0.0530  0.0830  0.4190  0.1010  1
 75:   0.0290  0.1039  0.7842  0.0500  0.0330  1
 76:   0.7920  0.0780  0.0710  0.0300  0.0290  1
 77:   0.7570  0.0980  0.0480  0.0520  0.0450  1
 78:   0.0350  0.0510  0.8270  0.0270  0.0600  1
 79:   0.0240  0.0480  0.8440  0.0550  0.0290  1
 80:   0.0591  0.6687  0.2012  0.0260  0.0450  1
 81:   0.0360  0.0819  0.0460  0.2338  0.6024  1
 82:   0.0819  0.2378  0.5355  0.1019  0.0430  1
 83:   0.0410  0.2160  0.6800  0.0340  0.0290  1
 84:   0.0470  0.0870  0.1530  0.3520  0.3610  1
 85:   0.0260  0.0460  0.0320  0.0801  0.8158  1
 86:   0.3550  0.0190  0.0870  0.0740  0.4650  1
 87:   0.0610  0.5700  0.2970  0.0260  0.0460  1
 88:   0.0321  0.0681  0.1703  0.6794  0.0501  1
 89:   0.1822  0.0280  0.0320  0.0641  0.6937  1
 90:   0.0240  0.0470  0.3510  0.3510  0.2270  1
 91:   0.0200  0.0420  0.0330  0.2150  0.6900  1
 92:   0.2018  0.0460  0.1708  0.5445  0.0370  1
 93:   0.2428  0.0380  0.0639  0.5524  0.1029  1
 94:   0.0731  0.0220  0.0270  0.8128  0.0651  1
 95:   0.0790  0.4190  0.3030  0.1390  0.0600  1
 96:   0.0629  0.5005  0.0470  0.0719  0.3177  1
 97:   0.0260  0.8639  0.0250  0.0420  0.0430  1
 98:   0.0539  0.3187  0.2158  0.3287  0.0829  1
 99:   0.6364  0.1409  0.0579  0.1129  0.0519  1
100:   0.2700  0.2620  0.3750  0.0320  0.0610  1
101:   0.0550  0.6440  0.0960  0.0880  0.1170  1
102:   0.0681  0.2923  0.1141  0.1361  0.3894  1
103:   0.0440  0.6653  0.0539  0.1139  0.1229  1
104:   0.3670  0.3890  0.0470  0.1190  0.0780  1
105:   0.0530  0.0950  0.5760  0.0210  0.2550  1
106:   0.0390  0.2250  0.6710  0.0360  0.0290  1
107:   0.0350  0.8420  0.0590  0.0190  0.0450  1
108:   0.1270  0.2420  0.1140  0.0720  0.4450  1
109:   0.4430  0.0680  0.3960  0.0610  0.0320  1
110:   0.5305  0.0889  0.0400  0.1179  0.2228  1
111:   0.0230  0.0210  0.0360  0.1350  0.7850  1
112:   0.0270  0.0380  0.0880  0.0650  0.7820  1
113:   0.4160  0.0890  0.0510  0.0920  0.3520  1
114:   0.0320  0.0440  0.1190  0.5930  0.2120  1
115:   0.0989  0.2777  0.0699  0.0440  0.5095  1
116:   0.0900  0.0340  0.1330  0.4870  0.2560  1
117:   0.1490  0.0220  0.0350  0.7160  0.0780  1
118:   0.0480  0.2400  0.5850  0.0560  0.0710  1
119:   0.4665  0.1668  0.0370  0.2827  0.0470  1
120:   0.3820  0.1400  0.1150  0.3340  0.0290  1
121:   0.4204  0.0290  0.1552  0.3564  0.0390  1
122:   0.3033  0.2753  0.0721  0.2743  0.0751  1
123:   0.0610  0.4110  0.4130  0.0410  0.0740  1
124:   0.3640  0.1530  0.0400  0.1390  0.3040  1
125:   0.0310  0.8250  0.0380  0.0560  0.0500  1
126:   0.6216  0.0450  0.0651  0.0991  0.1692  1
127:   0.7820  0.0450  0.0770  0.0760  0.0200  1
128:   0.0330  0.7093  0.0999  0.1079  0.0500  1
129:   0.4970  0.0180  0.4030  0.0550  0.0270  1
130:   0.0670  0.1250  0.2200  0.0310  0.5570  1
131:   0.7668  0.0320  0.1181  0.0641  0.0190  1
132:   0.0621  0.1241  0.0831  0.6246  0.1061  1
133:   0.4190  0.0870  0.0400  0.3560  0.0980  1
134:   0.0500  0.5140  0.0580  0.0780  0.3000  1
135:   0.1560  0.0470  0.0370  0.1770  0.5830  1
136:   0.0510  0.0350  0.1870  0.0680  0.6590  1
137:   0.0660  0.7630  0.0350  0.0460  0.0900  1
138:   0.2850  0.2600  0.0410  0.3630  0.0510  1
139:   0.0320  0.8520  0.0240  0.0330  0.0590  1
140:   0.0380  0.7828  0.0591  0.0501  0.0701  1
141:   0.2340  0.1880  0.0250  0.4590  0.0940  1
142:   0.0300  0.2543  0.0290  0.1251  0.5616  1
143:   0.0940  0.6140  0.1020  0.1560  0.0340  1
144:   0.2520  0.0330  0.4190  0.2690  0.0270  1
145:   0.1750  0.5590  0.1030  0.1070  0.0560  1
146:   0.0600  0.1670  0.7030  0.0270  0.0430  1
147:   0.0380  0.7548  0.0561  0.1221  0.0290  1
148:   0.0290  0.0789  0.0450  0.2697  0.5774  1
149:   0.4300  0.1740  0.0980  0.2380  0.0600  1
150:   0.0531  0.0410  0.0200  0.8559  0.0300  1
151:   0.0380  0.7948  0.0651  0.0601  0.0420  1
152:   0.0810  0.5500  0.0990  0.1970  0.0730  1
153:   0.0200  0.0420  0.8909  0.0250  0.0220  1
154:   0.0731  0.0210  0.0230  0.1902  0.6927  1
155:   0.0470  0.0590  0.7880  0.0710  0.0350  1
156:   0.0679  0.6074  0.0959  0.1269  0.1019  1
157:   0.4480  0.3040  0.0490  0.1330  0.0660  1
158:   0.0450  0.2310  0.3010  0.3270  0.0960  1
159:   0.0850  0.0680  0.0710  0.0260  0.7500  1
160:   0.0540  0.0630  0.1910  0.1940  0.4980  1
161:   0.4725  0.0300  0.3624  0.0891  0.0460  1
162:   0.0620  0.0750  0.2360  0.3730  0.2540  1
163:   0.1030  0.2160  0.4760  0.0960  0.1090  1
164:   0.1380  0.0320  0.0330  0.6730  0.1240  1
165:   0.2118  0.0759  0.0819  0.5195  0.1109  1
166:   0.0360  0.0500  0.2020  0.3500  0.3620  1
167:   0.0380  0.0670  0.2330  0.6140  0.0480  1
168:   0.0210  0.0320  0.0300  0.2950  0.6220  1
169:   0.0350  0.0270  0.0260  0.0330  0.8790  1
170:   0.1708  0.0529  0.0280  0.6643  0.0839  1
171:   0.0320  0.0210  0.0691  0.0460  0.8318  1
172:   0.7233  0.0150  0.0589  0.0869  0.1159  1
173:   0.2400  0.1000  0.0750  0.0200  0.5650  1
174:   0.0350  0.7872  0.1159  0.0430  0.0190  1
175:   0.1190  0.0550  0.0650  0.7250  0.0360  1
176:   0.0640  0.6930  0.1350  0.0420  0.0660  1
177:   0.2152  0.0340  0.0751  0.6336  0.0420  1
178:   0.0730  0.0440  0.1820  0.4600  0.2410  1
179:   0.0300  0.0989  0.0340  0.4276  0.4096  1
180:   0.0610  0.1460  0.7200  0.0380  0.0350  1
181:   0.1000  0.4700  0.1410  0.0650  0.2240  1
182:   0.6280  0.0760  0.0660  0.1230  0.1070  1
183:   0.8422  0.0539  0.0220  0.0450  0.0370  1
184:   0.2042  0.1301  0.0911  0.2172  0.3574  1
185:   0.0480  0.0680  0.1260  0.6790  0.0790  1
186:   0.0569  0.0679  0.0849  0.3806  0.4096  1
187:   0.0839  0.0230  0.7013  0.0390  0.1528  1
188:   0.5385  0.0420  0.0380  0.1648  0.2168  1
189:   0.0280  0.0460  0.0350  0.0320  0.8591  1
190:   0.6320  0.1940  0.0890  0.0290  0.0560  1
191:   0.2700  0.3160  0.2200  0.0500  0.1440  1
192:   0.2607  0.0310  0.0909  0.1708  0.4466  1
193:   0.0591  0.4965  0.3594  0.0521  0.0330  1
194:   0.1740  0.5610  0.2150  0.0270  0.0230  1
195:   0.0769  0.1149  0.6813  0.0649  0.0619  1
196:   0.5045  0.0701  0.0470  0.3403  0.0380  1
197:   0.7020  0.0690  0.1530  0.0440  0.0320  1
198:   0.1400  0.0310  0.0210  0.7360  0.0720  1
199:   0.0230  0.0510  0.0360  0.8320  0.0580  1
200:   0.0330  0.0170  0.0260  0.0380  0.8860  1
201:   0.1020  0.0640  0.6440  0.1030  0.0870  1
202:   0.2873  0.0250  0.0450  0.2523  0.3904  1
203:   0.2513  0.2062  0.2533  0.1111  0.1782  1
204:   0.0529  0.0450  0.1409  0.0959  0.6653  1
205:   0.0631  0.3453  0.0480  0.2342  0.3093  1
206:   0.0650  0.8040  0.0780  0.0180  0.0350  1
207:   0.0320  0.8550  0.0290  0.0530  0.0310  1
208:   0.1250  0.5350  0.2190  0.0620  0.0590  1
209:   0.6703  0.2068  0.0390  0.0559  0.0280  1
210:   0.4040  0.2720  0.2600  0.0430  0.0210  1
211:   0.0570  0.1680  0.7030  0.0240  0.0480  1
212:   0.1261  0.2062  0.4054  0.0190  0.2432  1
213:   0.8720  0.0400  0.0420  0.0250  0.0210  1
214:   0.0360  0.8559  0.0350  0.0450  0.0280  1
215:   0.1752  0.5566  0.0340  0.1942  0.0400  1
216:   0.0670  0.0230  0.0670  0.8020  0.0410  1
217:   0.1280  0.0500  0.1840  0.0630  0.5750  1
218:   0.0310  0.0450  0.1648  0.6513  0.1079  1
219:   0.6194  0.0689  0.1389  0.1379  0.0350  1
220:   0.0430  0.7160  0.0470  0.1310  0.0630  1
221:   0.6434  0.0350  0.0859  0.1568  0.0789  1
222:   0.0360  0.5990  0.3140  0.0260  0.0250  1
223:   0.4880  0.1340  0.0880  0.2310  0.0590  1
224:   0.4810  0.0700  0.3010  0.0780  0.0700  1
225:   0.0470  0.1430  0.7500  0.0250  0.0350  1
226:   0.2860  0.0480  0.0540  0.5140  0.0980  1
227:   0.1828  0.1039  0.0350  0.4965  0.1818  1
228:   0.7800  0.0540  0.0680  0.0460  0.0520  1
229:   0.0910  0.0490  0.4140  0.0530  0.3930  1
230:   0.0710  0.0830  0.2330  0.2440  0.3690  1
231:   0.2683  0.1111  0.0490  0.4174  0.1542  1
232:   0.0750  0.1140  0.2780  0.3230  0.2100  1
233:   0.1890  0.0260  0.4730  0.2520  0.0600  1
234:   0.7880  0.0530  0.0320  0.0660  0.0610  1
235:   0.6540  0.1190  0.0490  0.1140  0.0640  1
236:   0.6650  0.0740  0.0670  0.1670  0.0270  1
237:   0.3644  0.5135  0.0430  0.0551  0.0240  1
238:   0.0930  0.0830  0.0270  0.7000  0.0970  1
239:   0.0260  0.0631  0.0390  0.3463  0.5255  1
240:   0.0620  0.0370  0.2080  0.3950  0.2980  1
241:   0.0370  0.0290  0.0270  0.8690  0.0380  1
242:   0.1580  0.0340  0.0740  0.5620  0.1720  1
243:   0.4324  0.4074  0.0681  0.0671  0.0250  1
244:   0.0861  0.0270  0.0350  0.6837  0.1682  1
245:   0.5065  0.0210  0.3656  0.0649  0.0420  1
246:   0.0650  0.0330  0.6430  0.0350  0.2240  1
247:   0.0380  0.0400  0.0360  0.0819  0.8042  1
248:   0.7403  0.0490  0.0190  0.1419  0.0500  1
249:   0.0980  0.1220  0.6980  0.0300  0.0520  1
250:   0.0340  0.6740  0.0680  0.0660  0.1580  1
251:   0.0569  0.0320  0.0500  0.8312  0.0300  1
252:   0.0591  0.5936  0.2332  0.0951  0.0190  1
253:   0.2637  0.1059  0.0559  0.2887  0.2857  1
254:   0.0700  0.7890  0.0500  0.0270  0.0640  1
255:   0.1050  0.1200  0.6990  0.0260  0.0500  1
256:   0.8701  0.0529  0.0220  0.0300  0.0250  1
257:   0.1300  0.4020  0.3350  0.0240  0.1090  1
258:   0.5630  0.2860  0.0450  0.0560  0.0500  1
259:   0.0390  0.7600  0.0290  0.1210  0.0510  1
260:   0.0490  0.7093  0.1608  0.0280  0.0529  1

  1:   0.0760  0.1240  0.1120  0.5490  0.1390  1
  2:   0.1041  0.0390  0.2282  0.5606  0.0681  1
  3:   0.1051  0.0390  0.2262  0.5566  0.0731  1
  4:   0.3087  0.3966  0.0589  0.1888  0.0470  1
  5:   0.0851  0.2072  0.6086  0.0470  0.0521  1
  6:   0.0501  0.0330  0.2132  0.0761  0.6276  1
  7:   0.6850  0.0910  0.0810  0.0890  0.0540  1
  8:   0.0680  0.0660  0.1870  0.1130  0.5660  1
  9:   0.0560  0.4970  0.1950  0.1420  0.1100  1
 10:   0.0520  0.0950  0.4090  0.2200  0.2240  1
 11:   0.0950  0.2010  0.6030  0.0510  0.0500  1
 12:   0.0470  0.0450  0.0589  0.0979  0.7512  1
 13:   0.0900  0.1340  0.0480  0.0460  0.6820  1
 14:   0.0560  0.0650  0.2950  0.1040  0.4800  1
 15:   0.0490  0.7560  0.0760  0.0650  0.0540  1
 16:   0.1532  0.2422  0.2092  0.2192  0.1762  1
 17:   0.7190  0.0290  0.0510  0.1330  0.0680  1
 18:   0.0590  0.1360  0.0630  0.1730  0.5690  1
 19:   0.0770  0.1960  0.1050  0.1520  0.4700  1
 20:   0.6867  0.1251  0.0621  0.0831  0.0430  1
 21:   0.4990  0.1340  0.0570  0.1410  0.1690  1
 22:   0.2300  0.0830  0.1140  0.4710  0.1020  1
 23:   0.0540  0.6370  0.0690  0.0980  0.1420  1
 24:   0.2178  0.0889  0.0669  0.4046  0.2218  1
 25:   0.0430  0.0760  0.6670  0.1750  0.0390  1
 26:   0.0780  0.2210  0.5150  0.1040  0.0820  1
 27:   0.1180  0.0880  0.5210  0.0750  0.1980  1
 28:   0.1281  0.3083  0.2603  0.1041  0.1992  1
 29:   0.0659  0.0689  0.3676  0.3526  0.1449  1
 30:   0.0620  0.0650  0.3220  0.4480  0.1030  1
 31:   0.4605  0.0869  0.0909  0.1888  0.1728  1
 32:   0.0510  0.0770  0.0690  0.5760  0.2270  1
 33:   0.5045  0.1279  0.2368  0.0470  0.0839  1
 34:   0.1100  0.1300  0.4610  0.1040  0.1950  1
 35:   0.1350  0.0390  0.0620  0.6830  0.0810  1
 36:   0.0821  0.4595  0.1281  0.1572  0.1732  1
 37:   0.1520  0.0340  0.0750  0.5190  0.2200  1
 38:   0.0900  0.0590  0.6330  0.1090  0.1090  1
 39:   0.0790  0.6000  0.0880  0.0700  0.1630  1
 40:   0.0649  0.0909  0.4476  0.1628  0.2338  1
 41:   0.0430  0.0430  0.0450  0.0520  0.8170  1
 42:   0.0941  0.1171  0.1031  0.3243  0.3614  1
 43:   0.2983  0.1181  0.3564  0.1892  0.0380  1
 44:   0.1830  0.0660  0.1000  0.5660  0.0850  1
 45:   0.4915  0.0390  0.1219  0.2737  0.0739  1
 46:   0.1330  0.1400  0.5090  0.0580  0.1600  1
 47:   0.1550  0.0560  0.0440  0.2310  0.5140  1
 48:   0.0820  0.0500  0.3370  0.3360  0.1950  1
 49:   0.0730  0.1520  0.5430  0.1000  0.1320  1
 50:   0.0630  0.1290  0.6750  0.0820  0.0510  1
 51:   0.6583  0.0509  0.0350  0.0649  0.1908  1
 52:   0.0661  0.6677  0.0891  0.0961  0.0811  1
 53:   0.2002  0.0511  0.0711  0.2993  0.3784  1
 54:   0.0590  0.0980  0.1790  0.5940  0.0700  1
 55:   0.1071  0.3163  0.4264  0.0831  0.0671  1
 56:   0.0939  0.1538  0.5425  0.1139  0.0959  1
 57:   0.1340  0.0250  0.4310  0.3440  0.0660  1
 58:   0.4250  0.0630  0.2280  0.1620  0.1220  1
 59:   0.0720  0.5960  0.0790  0.1440  0.1090  1
 60:   0.0801  0.0721  0.3303  0.3383  0.1792  1
 61:   0.1141  0.1081  0.0901  0.2703  0.4174  1
 62:   0.0721  0.2533  0.5606  0.0801  0.0340  1
 63:   0.0460  0.0520  0.0410  0.7870  0.0740  1
 64:   0.0911  0.4434  0.1562  0.1622  0.1471  1
 65:   0.1250  0.0830  0.2840  0.0740  0.4340  1
 66:   0.0649  0.5315  0.0500  0.0889  0.2647  1
 67:   0.1239  0.4775  0.0589  0.0959  0.2438  1
 68:   0.2400  0.4030  0.1160  0.0790  0.1620  1
 69:   0.6202  0.1222  0.0521  0.0641  0.1413  1
 70:   0.0690  0.6310  0.1210  0.0680  0.1110  1
 71:   0.0731  0.0671  0.3724  0.3924  0.0951  1
 72:   0.0800  0.4800  0.2630  0.0830  0.0940  1
 73:   0.1270  0.0620  0.6970  0.0670  0.0470  1
 74:   0.3123  0.0711  0.1221  0.3724  0.1221  1
 75:   0.0420  0.1870  0.6440  0.0760  0.0510  1
 76:   0.6720  0.1370  0.0930  0.0530  0.0450  1
 77:   0.6340  0.1350  0.0580  0.1100  0.0630  1
 78:   0.0510  0.1010  0.7240  0.0420  0.0820  1
 79:   0.0370  0.0710  0.7820  0.0660  0.0440  1
 80:   0.0690  0.7040  0.1040  0.0530  0.0700  1
 81:   0.0519  0.0889  0.0759  0.2557  0.5275  1
 82:   0.0990  0.2740  0.4510  0.1110  0.0650  1
 83:   0.0559  0.3586  0.4915  0.0509  0.0430  1
 84:   0.0640  0.0850  0.2500  0.2680  0.3330  1
 85:   0.0470  0.0639  0.0599  0.1009  0.7283  1
 86:   0.3556  0.0280  0.1369  0.0829  0.3966  1
 87:   0.0741  0.6376  0.1622  0.0501  0.0761  1
 88:   0.0570  0.0870  0.2850  0.4950  0.0760  1
 89:   0.2378  0.0370  0.0589  0.0889  0.5774  1
 90:   0.0370  0.0621  0.4545  0.2182  0.2282  1
 91:   0.0330  0.0531  0.0531  0.2292  0.6316  1
 92:   0.2580  0.0700  0.2730  0.3490  0.0500  1
 93:   0.2883  0.0541  0.1191  0.4014  0.1371  1
 94:   0.1110  0.0340  0.0520  0.7110  0.0920  1
 95:   0.0890  0.3900  0.2310  0.2140  0.0760  1
 96:   0.0771  0.4004  0.0490  0.1301  0.3433  1
 97:   0.0440  0.7558  0.0400  0.0791  0.0811  1
 98:   0.0730  0.2680  0.2370  0.3260  0.0960  1
 99:   0.5045  0.1792  0.0741  0.1632  0.0791  1
100:   0.2650  0.3080  0.2840  0.0560  0.0870  1
101:   0.0711  0.5325  0.0911  0.1491  0.1562  1
102:   0.0780  0.3000  0.0860  0.1920  0.3440  1
103:   0.0600  0.5410  0.0770  0.1460  0.1760  1
104:   0.3087  0.3726  0.0589  0.1598  0.0999  1
105:   0.0691  0.1572  0.4785  0.0350  0.2603  1
106:   0.0570  0.3600  0.4880  0.0510  0.0440  1
107:   0.0510  0.7750  0.0640  0.0360  0.0740  1
108:   0.1260  0.2530  0.0960  0.0950  0.4300  1
109:   0.4146  0.1079  0.3676  0.0659  0.0440  1
110:   0.4376  0.1109  0.0519  0.1479  0.2517  1
111:   0.0380  0.0290  0.0650  0.1460  0.7220  1
112:   0.0430  0.0560  0.1500  0.0630  0.6880  1
113:   0.3626  0.1119  0.0659  0.1019  0.3576  1
114:   0.0501  0.0591  0.2352  0.4334  0.2222  1
115:   0.0979  0.2468  0.0689  0.0799  0.5065  1
116:   0.1169  0.0500  0.2028  0.3996  0.2308  1
117:   0.1912  0.0330  0.0581  0.6186  0.0991  1
118:   0.0650  0.2840  0.4950  0.0660  0.0900  1
119:   0.3670  0.1700  0.0460  0.3540  0.0630  1
120:   0.3140  0.1600  0.1250  0.3640  0.0370  1
121:   0.3710  0.0430  0.2280  0.3080  0.0500  1
122:   0.3030  0.2530  0.0870  0.2600  0.0970  1
123:   0.0730  0.4780  0.3030  0.0530  0.0930  1
124:   0.3130  0.1690  0.0510  0.1690  0.2980  1
125:   0.0490  0.6947  0.0521  0.1151  0.0891  1
126:   0.5250  0.0630  0.0890  0.1230  0.2000  1
127:   0.7000  0.0780  0.1000  0.0920  0.0300  1
128:   0.0510  0.6010  0.1190  0.1520  0.0770  1
129:   0.4306  0.0320  0.4376  0.0649  0.0350  1
130:   0.0790  0.1680  0.1800  0.0510  0.5220  1
131:   0.6933  0.0619  0.1319  0.0819  0.0310  1
132:   0.0889  0.1229  0.0999  0.5664  0.1219  1
133:   0.3534  0.0901  0.0541  0.3984  0.1041  1
134:   0.0661  0.4034  0.0801  0.1081  0.3423  1
135:   0.1800  0.0540  0.0680  0.1620  0.5360  1
136:   0.0710  0.0530  0.2290  0.0780  0.5690  1
137:   0.0970  0.6220  0.0400  0.1100  0.1310  1
138:   0.2400  0.2610  0.0510  0.3740  0.0740  1
139:   0.0570  0.7210  0.0360  0.0680  0.1180  1
140:   0.0541  0.6607  0.0681  0.0961  0.1211  1
141:   0.2288  0.1708  0.0410  0.4406  0.1189  1
142:   0.0480  0.1920  0.0480  0.1620  0.5500  1
143:   0.1260  0.4800  0.1220  0.2210  0.0510  1
144:   0.2420  0.0540  0.4520  0.2150  0.0370  1
145:   0.1650  0.4900  0.1050  0.1570  0.0830  1
146:   0.0900  0.2900  0.4990  0.0520  0.0690  1
147:   0.0530  0.6570  0.0610  0.1870  0.0420  1
148:   0.0450  0.0910  0.0760  0.2410  0.5470  1
149:   0.3560  0.1910  0.1050  0.2680  0.0800  1
150:   0.1081  0.0551  0.0350  0.7508  0.0511  1
151:   0.0640  0.6530  0.0920  0.1170  0.0740  1
152:   0.0950  0.4450  0.1080  0.2510  0.1010  1
153:   0.0310  0.0680  0.8240  0.0410  0.0360  1
154:   0.1150  0.0360  0.0390  0.2280  0.5820  1
155:   0.0621  0.0961  0.7267  0.0711  0.0440  1
156:   0.0799  0.4705  0.1239  0.1988  0.1269  1
157:   0.4000  0.3030  0.0640  0.1490  0.0840  1
158:   0.0600  0.1920  0.3820  0.2580  0.1080  1
159:   0.1170  0.0910  0.0940  0.0480  0.6500  1
160:   0.0621  0.0721  0.2983  0.1491  0.4184  1
161:   0.4280  0.0510  0.3720  0.0910  0.0580  1
162:   0.0800  0.1040  0.2790  0.2940  0.2430  1
163:   0.1180  0.2510  0.3450  0.1530  0.1330  1
164:   0.1870  0.0450  0.0600  0.5350  0.1730  1
165:   0.2380  0.0920  0.1410  0.3930  0.1360  1
166:   0.0570  0.0690  0.3360  0.2270  0.3110  1
167:   0.0630  0.0890  0.3630  0.4210  0.0640  1
168:   0.0370  0.0430  0.0480  0.3033  0.5686  1
169:   0.0530  0.0420  0.0490  0.0600  0.7960  1
170:   0.2028  0.0769  0.0440  0.5754  0.1009  1
171:   0.0550  0.0350  0.1180  0.0660  0.7260  1
172:   0.6330  0.0220  0.1070  0.1030  0.1350  1
173:   0.2202  0.1321  0.0661  0.0420  0.5395  1
174:   0.0500  0.7600  0.0870  0.0740  0.0290  1
175:   0.1670  0.0760  0.1180  0.5830  0.0560  1
176:   0.0860  0.6350  0.1150  0.0640  0.1000  1
177:   0.2733  0.0531  0.1291  0.4855  0.0591  1
178:   0.0950  0.0590  0.2650  0.3510  0.2300  1
179:   0.0490  0.1010  0.0620  0.3410  0.4470  1
180:   0.0879  0.2428  0.5355  0.0769  0.0569  1
181:   0.1151  0.4144  0.1331  0.1081  0.2292  1
182:   0.5200  0.0980  0.1060  0.1470  0.1290  1
183:   0.7400  0.0940  0.0320  0.0720  0.0620  1
184:   0.1790  0.1160  0.1080  0.2810  0.3160  1
185:   0.0709  0.0919  0.1898  0.5415  0.1059  1
186:   0.0760  0.0750  0.1130  0.3830  0.3530  1
187:   0.1171  0.0450  0.6647  0.0480  0.1251  1
188:   0.4549  0.0501  0.0571  0.1934  0.2445  1
189:   0.0420  0.0650  0.0510  0.0580  0.7840  1
190:   0.5095  0.2753  0.0871  0.0480  0.0801  1
191:   0.2623  0.2913  0.1742  0.0891  0.1832  1
192:   0.2840  0.0420  0.1520  0.1520  0.3700  1
193:   0.0719  0.5944  0.1908  0.0889  0.0539  1
194:   0.1680  0.6010  0.1450  0.0510  0.0350  1
195:   0.0860  0.1680  0.5990  0.0700  0.0770  1
196:   0.3940  0.0950  0.0670  0.3950  0.0490  1
197:   0.5960  0.1070  0.1850  0.0640  0.0480  1
198:   0.1790  0.0400  0.0360  0.6490  0.0960  1
199:   0.0480  0.0710  0.0680  0.7230  0.0900  1
200:   0.0509  0.0300  0.0490  0.0529  0.8172  1
201:   0.1141  0.0941  0.5996  0.0961  0.0961  1
202:   0.2890  0.0360  0.0710  0.2440  0.3600  1
203:   0.2192  0.2382  0.1942  0.1682  0.1802  1
204:   0.0750  0.0620  0.1850  0.1170  0.5610  1
205:   0.0770  0.2340  0.0660  0.3150  0.3080  1
206:   0.0801  0.7638  0.0701  0.0310  0.0551  1
207:   0.0540  0.7370  0.0470  0.1040  0.0580  1
208:   0.1260  0.5010  0.2090  0.0860  0.0780  1
209:   0.5415  0.2753  0.0501  0.0911  0.0420  1
210:   0.3440  0.3960  0.1650  0.0640  0.0310  1
211:   0.0859  0.2847  0.5145  0.0420  0.0729  1
212:   0.1381  0.3023  0.2062  0.0350  0.3183  1
213:   0.7798  0.0751  0.0721  0.0390  0.0340  1
214:   0.0549  0.7453  0.0599  0.0909  0.0490  1
215:   0.1680  0.4720  0.0440  0.2610  0.0550  1
216:   0.1500  0.0370  0.1480  0.6020  0.0630  1
217:   0.1460  0.0600  0.2280  0.0880  0.4780  1
218:   0.0440  0.0620  0.2510  0.5280  0.1150  1
219:   0.5270  0.1010  0.1690  0.1560  0.0470  1
220:   0.0619  0.5784  0.0659  0.1958  0.0979  1
221:   0.5250  0.0480  0.1500  0.1840  0.0930  1
222:   0.0520  0.6950  0.1620  0.0500  0.0410  1
223:   0.3744  0.1712  0.0801  0.2963  0.0781  1
224:   0.4224  0.1101  0.2983  0.0851  0.0841  1
225:   0.0729  0.2448  0.5724  0.0460  0.0639  1
226:   0.3097  0.0709  0.0889  0.4176  0.1129  1
227:   0.1890  0.1050  0.0510  0.4760  0.1790  1
228:   0.6670  0.0900  0.0900  0.0720  0.0810  1
229:   0.1021  0.0611  0.4204  0.0741  0.3423  1
230:   0.0940  0.1020  0.2910  0.1920  0.3210  1
231:   0.2322  0.0981  0.0701  0.4334  0.1662  1
232:   0.0840  0.1140  0.2870  0.3210  0.1940  1
233:   0.1970  0.0410  0.5350  0.1650  0.0620  1
234:   0.6930  0.0730  0.0460  0.1010  0.0870  1
235:   0.5495  0.1381  0.0741  0.1481  0.0901  1
236:   0.5590  0.1090  0.0920  0.2010  0.0390  1
237:   0.3060  0.5310  0.0530  0.0730  0.0370  1
238:   0.1329  0.0859  0.0460  0.6024  0.1329  1
239:   0.0430  0.0780  0.0600  0.3100  0.5090  1
240:   0.0781  0.0541  0.3483  0.2623  0.2573  1
241:   0.0830  0.0410  0.0500  0.7600  0.0660  1
242:   0.2010  0.0490  0.1330  0.4410  0.1760  1
243:   0.3280  0.4680  0.0670  0.0980  0.0390  1
244:   0.1560  0.0430  0.0680  0.5210  0.2120  1
245:   0.4280  0.0340  0.4100  0.0710  0.0570  1
246:   0.0850  0.0520  0.6000  0.0440  0.2190  1
247:   0.0580  0.0520  0.0560  0.1150  0.7190  1
248:   0.6230  0.0780  0.0260  0.2000  0.0730  1
249:   0.1260  0.1990  0.5510  0.0510  0.0730  1
250:   0.0470  0.5370  0.0850  0.1130  0.2180  1
251:   0.1190  0.0500  0.1030  0.6740  0.0540  1
252:   0.0699  0.5175  0.2597  0.1239  0.0290  1
253:   0.2627  0.1259  0.0669  0.2637  0.2807  1
254:   0.0881  0.7007  0.0651  0.0440  0.1021  1
255:   0.1310  0.2180  0.5370  0.0420  0.0720  1
256:   0.7840  0.0830  0.0320  0.0560  0.0450  1
257:   0.1560  0.4240  0.2270  0.0460  0.1470  1
258:   0.4810  0.3040  0.0520  0.0900  0.0730  1
259:   0.0560  0.6030  0.0450  0.2140  0.0820  1
260:   0.0680  0.7070  0.0900  0.0480  0.0870  1

  1:   0.1410  0.1440  0.1440  0.2600  0.3110  1
  2:   0.2392  0.0561  0.3574  0.1051  0.2422  1
  3:   0.2392  0.0531  0.3624  0.1011  0.2442  1
  4:   0.2917  0.3347  0.0649  0.2088  0.0999  1
  5:   0.0670  0.2410  0.4670  0.1650  0.0600  1
  6:   0.0660  0.0470  0.2880  0.2420  0.3570  1
  7:   0.5630  0.1340  0.1250  0.0980  0.0800  1
  8:   0.0921  0.0881  0.2492  0.2543  0.3163  1
  9:   0.0770  0.4000  0.1600  0.2130  0.1500  1
 10:   0.0781  0.1111  0.4114  0.1882  0.2112  1
 11:   0.0780  0.2660  0.4340  0.1550  0.0670  1
 12:   0.0750  0.0610  0.0970  0.2800  0.4870  1
 13:   0.0750  0.1510  0.0610  0.2700  0.4430  1
 14:   0.0681  0.0841  0.3504  0.2563  0.2412  1
 15:   0.0620  0.6280  0.0950  0.1320  0.0830  1
 16:   0.1672  0.2242  0.1882  0.1962  0.2242  1
 17:   0.6640  0.0440  0.0920  0.0960  0.1040  1
 18:   0.0879  0.1169  0.0759  0.3207  0.3986  1
 19:   0.1060  0.1760  0.1240  0.2820  0.3120  1
 20:   0.4765  0.1902  0.0821  0.1772  0.0741  1
 21:   0.3936  0.1698  0.0679  0.1918  0.1768  1
 22:   0.3230  0.0920  0.1650  0.1810  0.2390  1
 23:   0.0780  0.4600  0.0950  0.1880  0.1790  1
 24:   0.3107  0.0999  0.0789  0.2248  0.2857  1
 25:   0.0710  0.1030  0.6170  0.1160  0.0930  1
 26:   0.0810  0.2150  0.3250  0.2930  0.0860  1
 27:   0.0929  0.1049  0.4535  0.1928  0.1558  1
 28:   0.1190  0.2520  0.2280  0.2380  0.1630  1
 29:   0.1011  0.0781  0.3093  0.3073  0.2042  1
 30:   0.1180  0.0880  0.3940  0.1570  0.2430  1
 31:   0.4216  0.1079  0.0989  0.1568  0.2148  1
 32:   0.1170  0.0870  0.1060  0.2700  0.4200  1
 33:   0.2983  0.2102  0.3043  0.0931  0.0941  1
 34:   0.0799  0.1578  0.4346  0.2018  0.1259  1
 35:   0.3824  0.0571  0.1001  0.1622  0.2983  1
 36:   0.1051  0.3564  0.1301  0.2032  0.2052  1
