           1  1 0.1997 0.2050 0.1979 0.1980 0.1993 
           2  1 0.1983 0.2014 0.1991 0.2002 0.2010 
           3  1 0.2013 0.2007 0.1997 0.1990 0.1994 
           4  1 0.1979 0.2054 0.1991 0.1989 0.1987 
           5  1 0.1981 0.2069 0.1971 0.1977 0.2001 
           6  1 0.2004 0.1949 0.2024 0.2005 0.2018 
           7  1 0.2074 0.1957 0.1985 0.2006 0.1978 
           8  1 0.2032 0.1973 0.1977 0.2012 0.2006 
           9  1 0.1978 0.1988 0.2011 0.2003 0.2021 
          10  1 0.1988 0.1988 0.1999 0.2017 0.2009 
          11  1 0.1990 0.2023 0.1981 0.1994 0.2012 
          12  1 0.2055 0.1930 0.2054 0.1968 0.1993 
          13  1 0.2055 0.1952 0.2001 0.1990 0.2002 
          14  1 0.2027 0.1974 0.2005 0.2000 0.1994 
          15  1 0.2035 0.1948 0.1996 0.2007 0.2014 
          16  1 0.1954 0.2114 0.1971 0.1982 0.1979 
          17  1 0.2032 0.1962 0.1996 0.2013 0.1997 
          18  1 0.1997 0.1995 0.2005 0.2002 0.2001 
          19  1 0.1950 0.2084 0.1987 0.1984 0.1995 
          20  1 0.1996 0.1973 0.2010 0.2020 0.2000 
          21  1 0.1972 0.2165 0.1960 0.1944 0.1958 
          22  1 0.2008 0.1953 0.2002 0.2021 0.2016 
          23  1 0.2038 0.1990 0.1979 0.2001 0.1992 
          24  1 0.2037 0.1968 0.1988 0.2009 0.1998 
          25  1 0.2066 0.1950 0.2004 0.1993 0.1987 
          26  1 0.1993 0.1992 0.2034 0.1984 0.1997 
          27  1 0.1999 0.2018 0.1994 0.1999 0.1989 
          28  1 0.2032 0.1969 0.2004 0.1998 0.1997 
          29  1 0.1980 0.2072 0.1952 0.2010 0.1985 
          30  1 0.2024 0.1939 0.2036 0.2000 0.2001 
          31  1 0.1985 0.2032 0.1975 0.2008 0.1999 
          32  1 0.1986 0.1976 0.2006 0.2000 0.2032 
          33  1 0.1975 0.2019 0.2005 0.1998 0.2003 
          34  1 0.1993 0.2038 0.1994 0.1980 0.1995 
          35  1 0.2030 0.1954 0.2016 0.2010 0.1991 
          36  1 0.2012 0.2004 0.1997 0.1990 0.1998 
          37  1 0.2044 0.1925 0.2021 0.1996 0.2014 
          38  1 0.2017 0.1938 0.2012 0.2009 0.2025 
          39  1 0.1978 0.2114 0.1962 0.1969 0.1977 
          40  1 0.1969 0.2085 0.1983 0.1974 0.1989 
          41  1 0.1994 0.2024 0.1989 0.1997 0.1996 
          42  1 0.1986 0.2015 0.1986 0.2005 0.2007 
          43  1 0.2035 0.1961 0.2013 0.1996 0.1995 
          44  1 0.1953 0.2098 0.1981 0.1975 0.1992 
          45  1 0.2001 0.1986 0.1990 0.2024 0.1999 
          46  1 0.1959 0.2036 0.1997 0.2007 0.2002 
          47  1 0.1995 0.1956 0.2033 0.2005 0.2012 
          48  1 0.1997 0.2072 0.1995 0.1954 0.1982 
          49  1 0.2140 0.1889 0.2018 0.1982 0.1971 
          50  1 0.1961 0.1989 0.2012 0.2025 0.2014 
          51  1 0.1977 0.2046 0.1990 0.1992 0.1995 
          52  1 0.2015 0.1982 0.1993 0.1985 0.2025 
          53  1 0.1968 0.2005 0.2009 0.2005 0.2013 
          54  1 0.1965 0.1984 0.2038 0.1999 0.2014 
          55  1 0.1955 0.2156 0.1952 0.1962 0.1976 
          56  1 0.1955 0.2067 0.1983 0.1994 0.2002 
          57  1 0.1991 0.1971 0.2011 0.2017 0.2011 
          58  1 0.1977 0.2018 0.2020 0.1988 0.1996 
          59  1 0.2025 0.1992 0.1987 0.2019 0.1977 
          60  1 0.2022 0.1931 0.2013 0.2028 0.2005 
          61  1 0.1973 0.1986 0.2005 0.2035 0.2001 
          62  1 0.2002 0.2000 0.2005 0.1999 0.1994 
          63  1 0.1943 0.2083 0.1996 0.1991 0.1988 
          64  1 0.1969 0.2095 0.1975 0.1990 0.1971 
          65  1 0.1998 0.1987 0.2001 0.2019 0.1995 
          66  1 0.2021 0.2003 0.1999 0.1991 0.1986 
          67  1 0.2000 0.2002 0.1992 0.2010 0.1996 
          68  1 0.2014 0.1986 0.2013 0.2001 0.1986 
          69  1 0.2064 0.2028 0.1967 0.1959 0.1981 
          70  1 0.1992 0.1984 0.2001 0.2019 0.2004 
          71  1 0.2022 0.1947 0.2008 0.2025 0.1997 
          72  1 0.1967 0.2042 0.1999 0.2004 0.1989 
          73  1 0.1951 0.2016 0.1987 0.2044 0.2001 
          74  1 0.2035 0.1949 0.2004 0.2008 0.2004 
          75  1 0.1990 0.1983 0.2010 0.2006 0.2011 
          76  1 0.2021 0.1949 0.2014 0.2013 0.2003 
          77  1 0.2065 0.1958 0.1993 0.1980 0.2004 
          78  1 0.1955 0.2032 0.2007 0.2012 0.1994 
          79  1 0.1995 0.1976 0.2003 0.2019 0.2007 
          80  1 0.1942 0.2083 0.1988 0.1987 0.2000 
          81  1 0.2002 0.1968 0.2005 0.2019 0.2006 
          82  1 0.1964 0.1957 0.2027 0.2030 0.2022 
          83  1 0.2003 0.2019 0.1986 0.2007 0.1985 
          84  1 0.1989 0.1992 0.2018 0.2004 0.1998 
          85  1 0.1996 0.1974 0.2035 0.1991 0.2004 
          86  1 0.1970 0.2003 0.2013 0.2011 0.2003 
          87  1 0.1956 0.2138 0.1969 0.1956 0.1981 
          88  1 0.2001 0.1955 0.2023 0.2012 0.2008 
          89  1 0.2010 0.2061 0.1969 0.1964 0.1995 
          90  1 0.2007 0.2032 0.1990 0.1973 0.1997 
          91  1 0.1988 0.2004 0.1987 0.2016 0.2005 
          92  1 0.1966 0.1988 0.2011 0.2029 0.2007 
          93  1 0.2023 0.2010 0.1975 0.1985 0.2007 
          94  1 0.2055 0.1939 0.1997 0.1998 0.2010 
          95  1 0.2038 0.1932 0.2007 0.2020 0.2003 
          96  1 0.1995 0.2000 0.1987 0.2004 0.2014 
          97  1 0.1938 0.2136 0.1959 0.1975 0.1991 
          98  1 0.2010 0.1960 0.2006 0.2007 0.2018 
          99  1 0.2065 0.1898 0.2017 0.2034 0.1986 
         100  1 0.2048 0.1987 0.1987 0.1979 0.1999 
         101  1 0.2032 0.1973 0.1988 0.2001 0.2005 
         102  1 0.1982 0.1958 0.2015 0.2033 0.2012 
         103  1 0.2003 0.2026 0.1986 0.1986 0.1999 
         104  1 0.1978 0.1972 0.2019 0.2019 0.2012 
         105  1 0.1960 0.2036 0.1994 0.1999 0.2010 
         106  1 0.1949 0.2055 0.1980 0.2014 0.2001 
         107  1 0.1990 0.2079 0.1976 0.1976 0.1979 
         108  1 0.2031 0.2014 0.1993 0.1976 0.1985 
         109  1 0.2009 0.1969 0.1992 0.2020 0.2010 
         110  1 0.1952 0.2104 0.1968 0.1980 0.1996 
         111  1 0.2009 0.1954 0.2023 0.1993 0.2020 
         112  1 0.2001 0.2005 0.1983 0.2027 0.1984 
         113  1 0.1965 0.2023 0.2004 0.2002 0.2005 
         114  1 0.2061 0.1941 0.2012 0.1989 0.1998 
         115  1 0.1964 0.1953 0.2033 0.2041 0.2009 
         116  1 0.1990 0.2020 0.1993 0.2008 0.1989 
         117  1 0.1991 0.2011 0.1974 0.2007 0.2017 
         118  1 0.2028 0.1989 0.1994 0.1991 0.1997 
         119  1 0.1964 0.2019 0.1991 0.2016 0.2010 
         120  1 0.2010 0.1973 0.2011 0.1995 0.2011 
         121  1 0.2002 0.1973 0.2022 0.1997 0.2005 
         122  1 0.1957 0.2069 0.1986 0.1984 0.2004 
         123  1 0.1989 0.2006 0.1998 0.2010 0.1996 
         124  1 0.1974 0.2074 0.1975 0.1996 0.1980 
         125  1 0.1985 0.2010 0.2002 0.2005 0.1999 
         126  1 0.1951 0.2019 0.2001 0.2012 0.2018 
         127  1 0.1963 0.2096 0.1973 0.1974 0.1995 
         128  1 0.1965 0.2039 0.2002 0.1998 0.1996 
         129  1 0.1959 0.2082 0.1994 0.1986 0.1978 
         130  1 0.1982 0.1968 0.2021 0.2008 0.2021 
         131  1 0.1958 0.2101 0.1980 0.1967 0.1995 
         132  1 0.1998 0.1984 0.1998 0.2004 0.2016 
         133  1 0.2028 0.1972 0.1999 0.2000 0.2000 
         134  1 0.1970 0.2025 0.2008 0.1999 0.1999 
         135  1 0.2010 0.1971 0.2009 0.2001 0.2009 
         136  1 0.1959 0.2046 0.1984 0.2008 0.2003 
         137  1 0.2047 0.1949 0.2003 0.2007 0.1994 
         138  1 0.2024 0.1988 0.1994 0.1993 0.2001 
         139  1 0.1975 0.1984 0.2019 0.2015 0.2007 
         140  1 0.1987 0.2022 0.1993 0.1996 0.2002 
         141  1 0.2012 0.1967 0.2004 0.2004 0.2013 
         142  1 0.1981 0.2100 0.1964 0.1973 0.1982 
         143  1 0.1996 0.2006 0.2013 0.1988 0.1997 
         144  1 0.2021 0.1935 0.2003 0.2014 0.2028 
         145  1 0.2042 0.2032 0.1979 0.1965 0.1982 
         146  1 0.1983 0.2028 0.1975 0.1999 0.2016 
         147  1 0.2037 0.1961 0.2025 0.1994 0.1982 
         148  1 0.1991 0.2047 0.1986 0.1979 0.1997 
         149  1 0.1977 0.1990 0.2007 0.2015 0.2011 
         150  1 0.1973 0.2021 0.1988 0.2016 0.2003 
         151  1 0.2017 0.1963 0.2020 0.1993 0.2007 
         152  1 0.2079 0.1926 0.1992 0.2009 0.1994 
         153  1 0.2066 0.1933 0.2016 0.1996 0.1990 
         154  1 0.2055 0.1906 0.2012 0.2035 0.1993 
         155  1 0.2016 0.1975 0.2014 0.1992 0.2003 
         156  1 0.1987 0.1981 0.2021 0.2009 0.2001 
         157  1 0.1940 0.2063 0.2015 0.1994 0.1989 
         158  1 0.1981 0.2009 0.2015 0.1999 0.1997 
         159  1 0.2036 0.1961 0.2017 0.1993 0.1992 
         160  1 0.2013 0.1997 0.1991 0.2005 0.1994 
         161  1 0.2044 0.2038 0.1976 0.1967 0.1974 
         162  1 0.1982 0.2020 0.1985 0.2016 0.1997 
         163  1 0.2045 0.1951 0.2003 0.2001 0.2000 
         164  1 0.2006 0.2079 0.1987 0.1945 0.1983 
         165  1 0.1990 0.1951 0.2020 0.2012 0.2027 
         166  1 0.2056 0.1954 0.2000 0.2001 0.1990 
         167  1 0.1982 0.1979 0.2007 0.2022 0.2009 
         168  1 0.1972 0.1996 0.2025 0.1991 0.2017 
         169  1 0.2035 0.1997 0.1989 0.1987 0.1992 
         170  1 0.1968 0.1996 0.2022 0.2005 0.2009 
         171  1 0.2004 0.1983 0.2009 0.2001 0.2002 
         172  1 0.1957 0.2030 0.1988 0.2019 0.2006 
         173  1 0.1967 0.1983 0.2032 0.1999 0.2018 
         174  1 0.2007 0.1983 0.1994 0.2001 0.2015 
         175  1 0.1969 0.2088 0.1962 0.1988 0.1993 
         176  1 0.2021 0.1949 0.2017 0.2025 0.1987 
         177  1 0.1979 0.2035 0.1994 0.1989 0.2002 
         178  1 0.2003 0.2011 0.1997 0.1988 0.2002 
         179  1 0.1967 0.2015 0.2014 0.1997 0.2008 
         180  1 0.2018 0.2021 0.1975 0.1998 0.1988 
         181  1 0.2024 0.1960 0.2001 0.2022 0.1992 
         182  1 0.1987 0.2024 0.1995 0.2016 0.1979 
         183  1 0.1986 0.1982 0.2007 0.2025 0.2000 
         184  1 0.1954 0.2095 0.1981 0.1993 0.1978 
         185  1 0.1980 0.1944 0.2023 0.2026 0.2026 
         186  1 0.2026 0.1994 0.1988 0.1998 0.1995 
         187  1 0.1954 0.2073 0.1976 0.1992 0.2005 
         188  1 0.2031 0.1972 0.2005 0.2005 0.1988 
         189  1 0.2005 0.1960 0.2014 0.2002 0.2019 
         190  1 0.2015 0.1965 0.2011 0.2008 0.2001 
         191  1 0.2020 0.1968 0.2011 0.2007 0.1994 
         192  1 0.2009 0.1993 0.1986 0.2011 0.2000 
         193  1 0.1966 0.2049 0.1983 0.2006 0.1995 
         194  1 0.2058 0.1957 0.2006 0.1977 0.2002 
         195  1 0.2002 0.1971 0.2034 0.1994 0.1999 
         196  1 0.1970 0.2020 0.1994 0.2007 0.2009 
         197  1 0.2004 0.1972 0.2006 0.2018 0.2000 
         198  1 0.1975 0.2005 0.2009 0.2005 0.2007 
         199  1 0.1982 0.1980 0.2012 0.2019 0.2008 
         200  1 0.1975 0.2092 0.1977 0.1970 0.1986 
         201  1 0.1970 0.1988 0.2005 0.2029 0.2008 
         202  1 0.1982 0.2005 0.2001 0.2003 0.2009 
         203  1 0.1987 0.2037 0.1994 0.1986 0.1996 
         204  1 0.2052 0.1977 0.2007 0.1975 0.1989 
         205  1 0.1971 0.2061 0.1991 0.1992 0.1985 
         206  1 0.2031 0.1973 0.2006 0.2008 0.1981 
         207  1 0.1949 0.2092 0.1980 0.1982 0.1997 
         208  1 0.1997 0.2058 0.1975 0.1989 0.1982 
         209  1 0.1976 0.1984 0.2014 0.2002 0.2024 
         210  1 0.1995 0.1958 0.1997 0.2029 0.2021 
         211  1 0.2068 0.1928 0.2005 0.1995 0.2004 
         212  1 0.2012 0.1953 0.2013 0.2009 0.2012 
         213  1 0.2022 0.1974 0.2002 0.1992 0.2011 
         214  1 0.2009 0.1951 0.2016 0.2005 0.2019 
         215  1 0.1971 0.1961 0.2023 0.2024 0.2021 
         216  1 0.1976 0.1969 0.2024 0.2009 0.2021 
         217  1 0.2048 0.1987 0.1984 0.2000 0.1981 
         218  1 0.2077 0.1980 0.1979 0.1977 0.1986 
         219  1 0.2031 0.1984 0.2001 0.1991 0.1993 
         220  1 0.2012 0.2013 0.1993 0.1993 0.1989 
         221  1 0.2031 0.1946 0.2010 0.2007 0.2005 
         222  1 0.1983 0.2002 0.1985 0.2035 0.1996 
         223  1 0.1988 0.2007 0.2004 0.2008 0.1993 
         224  1 0.2013 0.1979 0.2029 0.1986 0.1992 
         225  1 0.2002 0.2008 0.1998 0.2003 0.1989 
         226  1 0.1971 0.1970 0.2014 0.2018 0.2027 
         227  1 0.1979 0.2022 0.1982 0.2003 0.2014 
         228  1 0.2027 0.1984 0.2004 0.1985 0.2000 
         229  1 0.1958 0.2098 0.1977 0.1979 0.1988 
         230  1 0.1986 0.1997 0.2018 0.1990 0.2008 
         231  1 0.2040 0.1962 0.2020 0.1987 0.1990 
         232  1 0.2043 0.1929 0.2003 0.2014 0.2012 
         233  1 0.2024 0.1945 0.2008 0.2012 0.2011 
         234  1 0.1993 0.2031 0.1992 0.1983 0.2001 
         235  1 0.1982 0.2014 0.1993 0.1997 0.2014 
         236  1 0.1978 0.2011 0.1998 0.2007 0.2006 
         237  1 0.2006 0.1974 0.1994 0.2020 0.2006 
         238  1 0.2008 0.1997 0.1995 0.1991 0.2008 
         239  1 0.2047 0.1940 0.2002 0.2010 0.2000 
         240  1 0.2077 0.1938 0.2018 0.1989 0.1978 
         241  1 0.1989 0.2049 0.1978 0.1980 0.2005 
         242  1 0.1975 0.1997 0.2029 0.1998 0.2001 
         243  1 0.2007 0.1949 0.2014 0.2018 0.2011 
         244  1 0.2035 0.1963 0.2002 0.1986 0.2014 
         245  1 0.1990 0.1984 0.2018 0.2005 0.2003 
         246  1 0.2017 0.1981 0.1995 0.1999 0.2008 
         247  1 0.2016 0.1981 0.2008 0.1999 0.1996 
         248  1 0.1955 0.2020 0.1982 0.2027 0.2017 
         249  1 0.2065 0.1950 0.1996 0.2003 0.1986 
         250  1 0.1957 0.2045 0.1989 0.2002 0.2007 
         251  1 0.2032 0.1955 0.1993 0.2022 0.1997 
         252  1 0.1963 0.2025 0.1998 0.2012 0.2001 
         253  1 0.1970 0.2026 0.1989 0.2019 0.1996 
         254  1 0.2039 0.1980 0.2001 0.1968 0.2012 
         255  1 0.2036 0.1951 0.1993 0.2011 0.2009 
         256  1 0.2005 0.1971 0.2008 0.2025 0.1991 
         257  1 0.1970 0.2009 0.2036 0.1984 0.2000 
         258  1 0.1976 0.2036 0.1987 0.1992 0.2008 
         259  1 0.2025 0.2053 0.1963 0.1983 0.1976 
         260  1 0.1975 0.2021 0.1990 0.2011 0.2004 
         261  1 0.1992 0.2043 0.1990 0.1992 0.1983 
         262  1 0.2093 0.1896 0.2039 0.1983 0.1988 
         263  1 0.2003 0.2035 0.2018 0.1965 0.1979 
         264  1 0.2049 0.1949 0.2022 0.1987 0.1995 
         265  1 0.1977 0.1986 0.2015 0.2010 0.2012 
         266  1 0.2021 0.2011 0.1998 0.1987 0.1983 
         267  1 0.1977 0.2011 0.2001 0.2013 0.1998 
         268  1 0.1972 0.2064 0.2008 0.1970 0.1987 
         269  1 0.1964 0.2090 0.1975 0.1974 0.1997 
         270  1 0.2033 0.1976 0.1990 0.2010 0.1990 
         271  1 0.1986 0.2074 0.1969 0.1976 0.1996 
         272  1 0.1995 0.1958 0.2026 0.2014 0.2007 
         273  1 0.1982 0.1988 0.2000 0.2023 0.2007 
         274  1 0.1983 0.2009 0.2008 0.2013 0.1987 
         275  1 0.1982 0.1973 0.2024 0.2001 0.2019 
         276  1 0.1956 0.2066 0.1999 0.1983 0.1995 
         277  1 0.1957 0.2015 0.1992 0.2020 0.2017 
         278  1 0.1956 0.2010 0.2013 0.2011 0.2009 
         279  1 0.2005 0.2040 0.1987 0.1975 0.1992 
         280  1 0.2036 0.1981 0.2011 0.1983 0.1989 
         281  1 0.1978 0.2024 0.2014 0.1987 0.1996 
         282  1 0.2021 0.1978 0.2019 0.1990 0.1992 
         283  1 0.2064 0.1916 0.2019 0.2001 0.2000 
         284  1 0.1997 0.1958 0.2026 0.2017 0.2001 
         285  1 0.1983 0.2045 0.2003 0.1970 0.1998 
         286  1 0.1987 0.1985 0.2018 0.2004 0.2006 
         287  1 0.2037 0.2008 0.1994 0.1983 0.1978 
         288  1 0.1981 0.1985 0.2022 0.2012 0.2000 
         289  1 0.2001 0.1934 0.2032 0.2041 0.1992 
         290  1 0.2065 0.1933 0.2021 0.1985 0.1997 
         291  1 0.2022 0.1974 0.2017 0.1986 0.2001 
         292  1 0.1999 0.2019 0.1986 0.2008 0.1989 
         293  1 0.1966 0.1993 0.1994 0.2056 0.1991 
         294  1 0.1955 0.2110 0.1976 0.1983 0.1975 
         295  1 0.1948 0.2104 0.1983 0.1971 0.1994 
         296  1 0.2044 0.1943 0.2020 0.1997 0.1996 
         297  1 0.2009 0.2029 0.1988 0.1984 0.1989 
         298  1 0.1990 0.2000 0.1983 0.2004 0.2023 
         299  1 0.2018 0.1954 0.2037 0.1994 0.1997 
         300  1 0.1975 0.2020 0.1985 0.2013 0.2008 
         301  1 0.1966 0.2056 0.2011 0.1975 0.1993 
         302  1 0.1986 0.1968 0.2023 0.2006 0.2016 
         303  1 0.2024 0.1975 0.2009 0.2003 0.1989 
