           1  1 0.1273 0.1251 0.1250 0.1244 0.1229 0.1252 0.1246 0.1254 
           2  1 0.1241 0.1268 0.1253 0.1226 0.1237 0.1265 0.1259 0.1250 
           3  1 0.1273 0.1252 0.1251 0.1239 0.1226 0.1253 0.1254 0.1251 
           4  1 0.1249 0.1263 0.1245 0.1220 0.1232 0.1268 0.1270 0.1252 
           5  1 0.1252 0.1265 0.1241 0.1220 0.1247 0.1257 0.1264 0.1254 
           6  1 0.1240 0.1239 0.1261 0.1268 0.1259 0.1244 0.1242 0.1248 
           7  1 0.1264 0.1237 0.1255 0.1274 0.1270 0.1237 0.1236 0.1226 
           8  1 0.1268 0.1244 0.1249 0.1246 0.1242 0.1247 0.1248 0.1257 
           9  1 0.1242 0.1256 0.1246 0.1254 0.1247 0.1245 0.1247 0.1264 
          10  1 0.1252 0.1247 0.1255 0.1245 0.1258 0.1249 0.1251 0.1244 
          11  1 0.1256 0.1262 0.1248 0.1220 0.1223 0.1260 0.1266 0.1264 
          12  1 0.1253 0.1229 0.1257 0.1302 0.1264 0.1229 0.1220 0.1246 
          13  1 0.1268 0.1246 0.1255 0.1260 0.1231 0.1243 0.1249 0.1249 
          14  1 0.1262 0.1248 0.1266 0.1250 0.1236 0.1255 0.1250 0.1233 
          15  1 0.1267 0.1242 0.1256 0.1261 0.1246 0.1241 0.1239 0.1249 
          16  1 0.1233 0.1280 0.1236 0.1212 0.1231 0.1270 0.1283 0.1256 
          17  1 0.1260 0.1251 0.1262 0.1242 0.1253 0.1247 0.1246 0.1238 
          18  1 0.1249 0.1251 0.1246 0.1252 0.1239 0.1248 0.1251 0.1263 
          19  1 0.1248 0.1267 0.1248 0.1232 0.1230 0.1263 0.1261 0.1251 
          20  1 0.1235 0.1241 0.1251 0.1285 0.1272 0.1244 0.1244 0.1228 
          21  1 0.1255 0.1301 0.1220 0.1192 0.1215 0.1275 0.1296 0.1246 
          22  1 0.1260 0.1232 0.1254 0.1278 0.1240 0.1238 0.1235 0.1262 
          23  1 0.1274 0.1246 0.1256 0.1248 0.1233 0.1252 0.1245 0.1246 
          24  1 0.1246 0.1240 0.1260 0.1267 0.1265 0.1247 0.1240 0.1236 
          25  1 0.1278 0.1238 0.1258 0.1258 0.1251 0.1232 0.1237 0.1248 
          26  1 0.1233 0.1258 0.1260 0.1257 0.1238 0.1256 0.1251 0.1247 
          27  1 0.1249 0.1257 0.1247 0.1251 0.1229 0.1255 0.1252 0.1260 
          28  1 0.1251 0.1246 0.1260 0.1250 0.1249 0.1248 0.1241 0.1255 
          29  1 0.1238 0.1270 0.1246 0.1226 0.1254 0.1264 0.1266 0.1237 
          30  1 0.1250 0.1233 0.1255 0.1282 0.1252 0.1240 0.1227 0.1262 
          31  1 0.1244 0.1260 0.1248 0.1226 0.1251 0.1266 0.1256 0.1249 
          32  1 0.1246 0.1239 0.1258 0.1267 0.1258 0.1239 0.1243 0.1249 
          33  1 0.1245 0.1252 0.1251 0.1229 0.1250 0.1256 0.1256 0.1261 
          34  1 0.1254 0.1275 0.1254 0.1223 0.1227 0.1260 0.1259 0.1249 
          35  1 0.1260 0.1237 0.1255 0.1263 0.1261 0.1237 0.1243 0.1245 
          36  1 0.1247 0.1255 0.1248 0.1247 0.1238 0.1254 0.1255 0.1255 
          37  1 0.1270 0.1231 0.1258 0.1270 0.1255 0.1231 0.1231 0.1254 
          38  1 0.1268 0.1231 0.1253 0.1266 0.1257 0.1237 0.1232 0.1256 
          39  1 0.1259 0.1276 0.1245 0.1204 0.1225 0.1263 0.1276 0.1253 
          40  1 0.1236 0.1259 0.1246 0.1250 0.1248 0.1256 0.1265 0.1240 
          41  1 0.1250 0.1256 0.1245 0.1239 0.1244 0.1255 0.1257 0.1254 
          42  1 0.1243 0.1253 0.1251 0.1239 0.1241 0.1258 0.1260 0.1256 
          43  1 0.1270 0.1246 0.1260 0.1252 0.1242 0.1241 0.1243 0.1246 
          44  1 0.1242 0.1280 0.1241 0.1223 0.1222 0.1261 0.1268 0.1263 
          45  1 0.1258 0.1254 0.1257 0.1249 0.1254 0.1247 0.1243 0.1236 
          46  1 0.1249 0.1254 0.1241 0.1241 0.1230 0.1263 0.1263 0.1259 
          47  1 0.1248 0.1227 0.1266 0.1273 0.1260 0.1237 0.1230 0.1260 
          48  1 0.1237 0.1270 0.1228 0.1237 0.1216 0.1268 0.1281 0.1263 
          49  1 0.1288 0.1219 0.1281 0.1290 0.1246 0.1223 0.1227 0.1228 
          50  1 0.1231 0.1246 0.1249 0.1268 0.1274 0.1246 0.1244 0.1242 
          51  1 0.1248 0.1265 0.1240 0.1223 0.1244 0.1260 0.1259 0.1260 
          52  1 0.1251 0.1240 0.1239 0.1279 0.1242 0.1240 0.1246 0.1262 
          53  1 0.1241 0.1259 0.1248 0.1239 0.1241 0.1253 0.1261 0.1258 
          54  1 0.1236 0.1231 0.1246 0.1288 0.1278 0.1232 0.1234 0.1256 
          55  1 0.1245 0.1291 0.1229 0.1202 0.1210 0.1274 0.1284 0.1265 
          56  1 0.1234 0.1263 0.1250 0.1221 0.1246 0.1266 0.1265 0.1255 
          57  1 0.1266 0.1244 0.1261 0.1240 0.1251 0.1247 0.1243 0.1247 
          58  1 0.1248 0.1255 0.1247 0.1236 0.1238 0.1261 0.1261 0.1253 
          59  1 0.1254 0.1246 0.1249 0.1247 0.1271 0.1251 0.1252 0.1230 
          60  1 0.1256 0.1211 0.1260 0.1305 0.1292 0.1227 0.1217 0.1231 
          61  1 0.1236 0.1244 0.1247 0.1246 0.1273 0.1258 0.1248 0.1247 
          62  1 0.1259 0.1251 0.1247 0.1247 0.1250 0.1252 0.1247 0.1247 
          63  1 0.1243 0.1285 0.1242 0.1204 0.1213 0.1279 0.1273 0.1261 
          64  1 0.1229 0.1271 0.1242 0.1234 0.1259 0.1263 0.1267 0.1235 
          65  1 0.1246 0.1240 0.1251 0.1266 0.1266 0.1247 0.1244 0.1241 
          66  1 0.1258 0.1247 0.1259 0.1264 0.1247 0.1244 0.1245 0.1236 
          67  1 0.1244 0.1248 0.1239 0.1256 0.1267 0.1244 0.1249 0.1254 
          68  1 0.1239 0.1248 0.1248 0.1242 0.1278 0.1253 0.1249 0.1244 
          69  1 0.1264 0.1258 0.1236 0.1237 0.1217 0.1264 0.1260 0.1263 
          70  1 0.1244 0.1248 0.1252 0.1264 0.1244 0.1255 0.1244 0.1248 
          71  1 0.1240 0.1234 0.1256 0.1294 0.1260 0.1241 0.1229 0.1245 
          72  1 0.1246 0.1254 0.1242 0.1239 0.1237 0.1262 0.1256 0.1264 
          73  1 0.1247 0.1252 0.1247 0.1244 0.1266 0.1252 0.1245 0.1246 
          74  1 0.1239 0.1230 0.1250 0.1284 0.1264 0.1233 0.1228 0.1271 
          75  1 0.1246 0.1248 0.1237 0.1248 0.1256 0.1249 0.1251 0.1264 
          76  1 0.1245 0.1244 0.1250 0.1263 0.1263 0.1249 0.1240 0.1245 
          77  1 0.1256 0.1247 0.1264 0.1247 0.1251 0.1242 0.1248 0.1244 
          78  1 0.1253 0.1261 0.1261 0.1223 0.1235 0.1261 0.1261 0.1245 
          79  1 0.1244 0.1236 0.1250 0.1268 0.1275 0.1235 0.1241 0.1250 
          80  1 0.1236 0.1266 0.1245 0.1231 0.1226 0.1258 0.1260 0.1279 
          81  1 0.1256 0.1242 0.1252 0.1248 0.1281 0.1247 0.1236 0.1238 
          82  1 0.1240 0.1228 0.1258 0.1280 0.1272 0.1237 0.1232 0.1252 
          83  1 0.1237 0.1253 0.1236 0.1259 0.1269 0.1251 0.1247 0.1248 
          84  1 0.1250 0.1237 0.1253 0.1265 0.1271 0.1245 0.1241 0.1238 
          85  1 0.1243 0.1240 0.1240 0.1283 0.1285 0.1233 0.1239 0.1237 
          86  1 0.1238 0.1253 0.1246 0.1248 0.1273 0.1253 0.1242 0.1248 
          87  1 0.1249 0.1294 0.1236 0.1174 0.1206 0.1281 0.1292 0.1268 
          88  1 0.1273 0.1237 0.1272 0.1252 0.1244 0.1239 0.1235 0.1247 
          89  1 0.1256 0.1272 0.1245 0.1214 0.1221 0.1270 0.1272 0.1250 
          90  1 0.1251 0.1268 0.1245 0.1229 0.1212 0.1265 0.1267 0.1263 
          91  1 0.1243 0.1250 0.1255 0.1253 0.1254 0.1244 0.1244 0.1256 
          92  1 0.1250 0.1246 0.1254 0.1254 0.1253 0.1239 0.1243 0.1261 
          93  1 0.1251 0.1254 0.1234 0.1250 0.1253 0.1262 0.1252 0.1244 
          94  1 0.1251 0.1234 0.1256 0.1262 0.1253 0.1236 0.1246 0.1261 
          95  1 0.1256 0.1235 0.1257 0.1267 0.1254 0.1246 0.1235 0.1249 
          96  1 0.1242 0.1248 0.1253 0.1252 0.1264 0.1246 0.1248 0.1247 
          97  1 0.1241 0.1286 0.1230 0.1198 0.1215 0.1279 0.1285 0.1265 
          98  1 0.1248 0.1243 0.1276 0.1252 0.1245 0.1241 0.1243 0.1252 
          99  1 0.1273 0.1225 0.1267 0.1286 0.1261 0.1234 0.1229 0.1226 
         100  1 0.1263 0.1249 0.1238 0.1252 0.1238 0.1258 0.1248 0.1254 
         101  1 0.1269 0.1246 0.1242 0.1250 0.1247 0.1241 0.1248 0.1259 
         102  1 0.1246 0.1234 0.1253 0.1275 0.1256 0.1244 0.1237 0.1254 
         103  1 0.1255 0.1281 0.1235 0.1213 0.1216 0.1270 0.1273 0.1255 
         104  1 0.1246 0.1251 0.1270 0.1250 0.1238 0.1251 0.1249 0.1245 
         105  1 0.1240 0.1257 0.1263 0.1243 0.1259 0.1244 0.1257 0.1238 
         106  1 0.1238 0.1274 0.1245 0.1213 0.1232 0.1268 0.1276 0.1254 
         107  1 0.1257 0.1269 0.1245 0.1235 0.1234 0.1252 0.1266 0.1243 
         108  1 0.1250 0.1256 0.1245 0.1241 0.1253 0.1256 0.1253 0.1247 
         109  1 0.1266 0.1246 0.1249 0.1241 0.1243 0.1248 0.1253 0.1255 
         110  1 0.1244 0.1270 0.1243 0.1203 0.1231 0.1272 0.1273 0.1263 
         111  1 0.1253 0.1231 0.1254 0.1262 0.1238 0.1250 0.1241 0.1270 
         112  1 0.1259 0.1235 0.1243 0.1256 0.1278 0.1250 0.1248 0.1230 
         113  1 0.1236 0.1257 0.1243 0.1241 0.1262 0.1260 0.1252 0.1249 
         114  1 0.1258 0.1235 0.1248 0.1288 0.1254 0.1230 0.1230 0.1257 
         115  1 0.1237 0.1227 0.1254 0.1291 0.1304 0.1230 0.1223 0.1234 
         116  1 0.1239 0.1256 0.1243 0.1241 0.1263 0.1259 0.1260 0.1239 
         117  1 0.1246 0.1262 0.1241 0.1234 0.1249 0.1262 0.1259 0.1248 
         118  1 0.1266 0.1254 0.1252 0.1240 0.1238 0.1251 0.1245 0.1255 
         119  1 0.1236 0.1256 0.1254 0.1237 0.1236 0.1255 0.1260 0.1265 
         120  1 0.1265 0.1246 0.1256 0.1241 0.1239 0.1239 0.1247 0.1266 
         121  1 0.1284 0.1235 0.1262 0.1264 0.1242 0.1237 0.1233 0.1243 
         122  1 0.1233 0.1273 0.1240 0.1236 0.1237 0.1252 0.1265 0.1265 
         123  1 0.1232 0.1253 0.1252 0.1243 0.1245 0.1265 0.1263 0.1247 
         124  1 0.1245 0.1268 0.1236 0.1226 0.1237 0.1259 0.1267 0.1262 
         125  1 0.1241 0.1250 0.1255 0.1241 0.1264 0.1258 0.1250 0.1242 
         126  1 0.1234 0.1255 0.1248 0.1254 0.1249 0.1251 0.1252 0.1257 
         127  1 0.1239 0.1284 0.1242 0.1204 0.1216 0.1271 0.1276 0.1268 
         128  1 0.1236 0.1256 0.1253 0.1245 0.1230 0.1262 0.1259 0.1260 
         129  1 0.1242 0.1272 0.1237 0.1231 0.1219 0.1269 0.1276 0.1254 
         130  1 0.1245 0.1251 0.1253 0.1247 0.1241 0.1256 0.1247 0.1260 
         131  1 0.1241 0.1277 0.1244 0.1217 0.1216 0.1267 0.1279 0.1259 
         132  1 0.1262 0.1247 0.1254 0.1249 0.1250 0.1251 0.1240 0.1247 
         133  1 0.1252 0.1242 0.1242 0.1257 0.1257 0.1249 0.1249 0.1253 
         134  1 0.1246 0.1260 0.1248 0.1225 0.1251 0.1257 0.1263 0.1251 
         135  1 0.1255 0.1247 0.1238 0.1255 0.1255 0.1254 0.1243 0.1252 
         136  1 0.1247 0.1269 0.1237 0.1216 0.1241 0.1263 0.1266 0.1261 
         137  1 0.1267 0.1219 0.1245 0.1285 0.1285 0.1232 0.1233 0.1234 
         138  1 0.1250 0.1243 0.1256 0.1262 0.1266 0.1238 0.1239 0.1246 
         139  1 0.1231 0.1240 0.1247 0.1271 0.1286 0.1239 0.1238 0.1248 
         140  1 0.1256 0.1261 0.1231 0.1233 0.1250 0.1258 0.1248 0.1264 
         141  1 0.1262 0.1236 0.1259 0.1261 0.1244 0.1246 0.1238 0.1255 
         142  1 0.1235 0.1275 0.1243 0.1230 0.1263 0.1251 0.1267 0.1236 
         143  1 0.1234 0.1256 0.1253 0.1263 0.1255 0.1249 0.1251 0.1240 
         144  1 0.1242 0.1233 0.1267 0.1282 0.1264 0.1233 0.1229 0.1251 
         145  1 0.1252 0.1255 0.1248 0.1254 0.1239 0.1252 0.1252 0.1247 
         146  1 0.1236 0.1256 0.1250 0.1239 0.1253 0.1253 0.1258 0.1254 
         147  1 0.1270 0.1229 0.1259 0.1286 0.1243 0.1239 0.1233 0.1241 
         148  1 0.1261 0.1274 0.1242 0.1204 0.1228 0.1269 0.1265 0.1257 
         149  1 0.1237 0.1257 0.1241 0.1240 0.1251 0.1257 0.1255 0.1261 
         150  1 0.1245 0.1254 0.1256 0.1237 0.1255 0.1258 0.1255 0.1241 
         151  1 0.1255 0.1233 0.1266 0.1277 0.1262 0.1231 0.1233 0.1244 
         152  1 0.1295 0.1219 0.1265 0.1297 0.1264 0.1222 0.1216 0.1222 
         153  1 0.1275 0.1227 0.1254 0.1273 0.1281 0.1226 0.1223 0.1241 
         154  1 0.1266 0.1210 0.1259 0.1295 0.1297 0.1224 0.1217 0.1231 
         155  1 0.1234 0.1233 0.1251 0.1295 0.1289 0.1238 0.1232 0.1228 
         156  1 0.1259 0.1243 0.1256 0.1263 0.1241 0.1243 0.1243 0.1252 
         157  1 0.1222 0.1254 0.1242 0.1271 0.1257 0.1240 0.1250 0.1264 
         158  1 0.1236 0.1249 0.1241 0.1258 0.1275 0.1250 0.1246 0.1244 
         159  1 0.1245 0.1249 0.1260 0.1271 0.1238 0.1242 0.1241 0.1255 
         160  1 0.1243 0.1246 0.1258 0.1262 0.1253 0.1246 0.1246 0.1246 
         161  1 0.1269 0.1261 0.1244 0.1235 0.1227 0.1255 0.1260 0.1250 
         162  1 0.1242 0.1246 0.1251 0.1249 0.1257 0.1253 0.1252 0.1251 
         163  1 0.1263 0.1228 0.1254 0.1296 0.1276 0.1230 0.1226 0.1228 
         164  1 0.1245 0.1279 0.1243 0.1230 0.1219 0.1257 0.1273 0.1254 
         165  1 0.1248 0.1243 0.1252 0.1260 0.1250 0.1247 0.1242 0.1258 
         166  1 0.1241 0.1244 0.1256 0.1267 0.1270 0.1239 0.1243 0.1240 
         167  1 0.1234 0.1237 0.1237 0.1274 0.1286 0.1242 0.1246 0.1244 
         168  1 0.1242 0.1238 0.1248 0.1275 0.1255 0.1241 0.1243 0.1258 
         169  1 0.1267 0.1253 0.1248 0.1243 0.1249 0.1246 0.1259 0.1234 
         170  1 0.1246 0.1239 0.1251 0.1257 0.1268 0.1246 0.1243 0.1249 
         171  1 0.1236 0.1239 0.1259 0.1280 0.1255 0.1242 0.1243 0.1245 
         172  1 0.1244 0.1256 0.1250 0.1234 0.1255 0.1254 0.1253 0.1252 
         173  1 0.1245 0.1244 0.1264 0.1254 0.1233 0.1249 0.1247 0.1263 
         174  1 0.1257 0.1250 0.1259 0.1230 0.1239 0.1251 0.1250 0.1263 
         175  1 0.1251 0.1284 0.1240 0.1203 0.1206 0.1273 0.1285 0.1258 
         176  1 0.1231 0.1209 0.1259 0.1324 0.1329 0.1224 0.1209 0.1216 
         177  1 0.1253 0.1259 0.1232 0.1244 0.1241 0.1254 0.1258 0.1260 
         178  1 0.1259 0.1256 0.1252 0.1237 0.1239 0.1249 0.1259 0.1249 
         179  1 0.1245 0.1271 0.1248 0.1230 0.1241 0.1254 0.1262 0.1248 
         180  1 0.1281 0.1263 0.1256 0.1216 0.1224 0.1262 0.1262 0.1235 
         181  1 0.1252 0.1242 0.1268 0.1248 0.1251 0.1251 0.1245 0.1243 
         182  1 0.1227 0.1247 0.1259 0.1267 0.1272 0.1256 0.1243 0.1229 
         183  1 0.1229 0.1226 0.1259 0.1309 0.1276 0.1235 0.1232 0.1235 
         184  1 0.1250 0.1274 0.1233 0.1202 0.1240 0.1269 0.1277 0.1255 
         185  1 0.1241 0.1234 0.1247 0.1269 0.1263 0.1248 0.1239 0.1259 
         186  1 0.1246 0.1256 0.1251 0.1253 0.1240 0.1255 0.1252 0.1246 
         187  1 0.1255 0.1273 0.1242 0.1209 0.1225 0.1262 0.1272 0.1262 
         188  1 0.1259 0.1248 0.1253 0.1239 0.1241 0.1251 0.1260 0.1249 
         189  1 0.1266 0.1242 0.1258 0.1263 0.1249 0.1240 0.1238 0.1243 
         190  1 0.1236 0.1235 0.1256 0.1280 0.1272 0.1231 0.1232 0.1257 
         191  1 0.1255 0.1242 0.1255 0.1267 0.1246 0.1250 0.1242 0.1242 
         192  1 0.1247 0.1258 0.1269 0.1239 0.1248 0.1251 0.1252 0.1236 
         193  1 0.1247 0.1259 0.1248 0.1230 0.1252 0.1259 0.1264 0.1242 
         194  1 0.1245 0.1242 0.1247 0.1275 0.1243 0.1247 0.1240 0.1260 
         195  1 0.1234 0.1232 0.1238 0.1292 0.1292 0.1241 0.1240 0.1230 
         196  1 0.1244 0.1247 0.1242 0.1256 0.1260 0.1247 0.1248 0.1255 
         197  1 0.1238 0.1237 0.1245 0.1257 0.1282 0.1250 0.1239 0.1252 
         198  1 0.1250 0.1245 0.1252 0.1248 0.1254 0.1242 0.1243 0.1265 
         199  1 0.1246 0.1239 0.1251 0.1258 0.1270 0.1247 0.1238 0.1250 
         200  1 0.1260 0.1279 0.1231 0.1210 0.1218 0.1272 0.1274 0.1257 
         201  1 0.1244 0.1247 0.1253 0.1249 0.1248 0.1252 0.1244 0.1262 
         202  1 0.1237 0.1251 0.1245 0.1254 0.1255 0.1246 0.1246 0.1265 
         203  1 0.1250 0.1255 0.1251 0.1225 0.1235 0.1273 0.1258 0.1253 
         204  1 0.1248 0.1246 0.1246 0.1263 0.1241 0.1255 0.1247 0.1254 
         205  1 0.1255 0.1260 0.1241 0.1232 0.1243 0.1259 0.1258 0.1252 
         206  1 0.1262 0.1230 0.1253 0.1283 0.1260 0.1235 0.1236 0.1241 
         207  1 0.1243 0.1283 0.1246 0.1205 0.1214 0.1279 0.1271 0.1259 
         208  1 0.1258 0.1262 0.1245 0.1214 0.1224 0.1270 0.1269 0.1258 
         209  1 0.1245 0.1240 0.1250 0.1273 0.1260 0.1243 0.1247 0.1242 
         210  1 0.1241 0.1230 0.1254 0.1262 0.1283 0.1242 0.1242 0.1249 
         211  1 0.1259 0.1237 0.1268 0.1266 0.1244 0.1238 0.1239 0.1250 
         212  1 0.1253 0.1236 0.1243 0.1278 0.1271 0.1234 0.1234 0.1251 
         213  1 0.1241 0.1241 0.1244 0.1272 0.1280 0.1240 0.1245 0.1238 
         214  1 0.1252 0.1234 0.1255 0.1278 0.1238 0.1252 0.1237 0.1254 
         215  1 0.1238 0.1226 0.1262 0.1279 0.1286 0.1231 0.1233 0.1247 
         216  1 0.1238 0.1230 0.1245 0.1283 0.1279 0.1239 0.1232 0.1252 
         217  1 0.1255 0.1242 0.1247 0.1253 0.1247 0.1260 0.1248 0.1247 
         218  1 0.1279 0.1253 0.1258 0.1238 0.1224 0.1248 0.1258 0.1241 
         219  1 0.1247 0.1248 0.1249 0.1248 0.1257 0.1249 0.1251 0.1251 
         220  1 0.1243 0.1238 0.1242 0.1280 0.1297 0.1235 0.1238 0.1227 
         221  1 0.1260 0.1243 0.1246 0.1264 0.1256 0.1235 0.1236 0.1258 
         222  1 0.1243 0.1257 0.1247 0.1227 0.1252 0.1265 0.1264 0.1246 
         223  1 0.1248 0.1248 0.1245 0.1261 0.1252 0.1248 0.1246 0.1253 
         224  1 0.1254 0.1262 0.1270 0.1236 0.1224 0.1255 0.1249 0.1251 
         225  1 0.1253 0.1241 0.1248 0.1269 0.1249 0.1247 0.1240 0.1253 
         226  1 0.1256 0.1234 0.1256 0.1268 0.1248 0.1234 0.1236 0.1268 
         227  1 0.1237 0.1245 0.1247 0.1262 0.1266 0.1245 0.1243 0.1255 
         228  1 0.1245 0.1255 0.1250 0.1245 0.1246 0.1256 0.1249 0.1255 
         229  1 0.1246 0.1286 0.1233 0.1207 0.1224 0.1276 0.1280 0.1248 
         230  1 0.1245 0.1248 0.1259 0.1269 0.1247 0.1245 0.1242 0.1244 
         231  1 0.1259 0.1241 0.1259 0.1277 0.1248 0.1241 0.1234 0.1241 
         232  1 0.1258 0.1220 0.1255 0.1301 0.1273 0.1223 0.1224 0.1247 
         233  1 0.1248 0.1239 0.1259 0.1279 0.1256 0.1233 0.1240 0.1245 
         234  1 0.1253 0.1264 0.1234 0.1226 0.1236 0.1265 0.1265 0.1258 
         235  1 0.1254 0.1261 0.1248 0.1224 0.1229 0.1262 0.1266 0.1258 
         236  1 0.1263 0.1241 0.1262 0.1237 0.1258 0.1247 0.1249 0.1242 
         237  1 0.1276 0.1238 0.1258 0.1253 0.1241 0.1250 0.1242 0.1242 
         238  1 0.1245 0.1245 0.1264 0.1260 0.1257 0.1241 0.1241 0.1248 
         239  1 0.1258 0.1231 0.1250 0.1270 0.1264 0.1244 0.1232 0.1251 
         240  1 0.1255 0.1233 0.1264 0.1292 0.1263 0.1230 0.1232 0.1230 
         241  1 0.1255 0.1258 0.1255 0.1229 0.1235 0.1254 0.1264 0.1251 
         242  1 0.1265 0.1246 0.1258 0.1252 0.1227 0.1250 0.1247 0.1255 
         243  1 0.1232 0.1232 0.1246 0.1278 0.1300 0.1235 0.1237 0.1240 
         244  1 0.1252 0.1243 0.1241 0.1277 0.1265 0.1241 0.1239 0.1242 
         245  1 0.1239 0.1245 0.1245 0.1258 0.1242 0.1255 0.1253 0.1263 
         246  1 0.1251 0.1250 0.1255 0.1257 0.1265 0.1241 0.1248 0.1234 
         247  1 0.1261 0.1255 0.1243 0.1235 0.1242 0.1256 0.1259 0.1250 
         248  1 0.1239 0.1254 0.1243 0.1246 0.1262 0.1257 0.1253 0.1247 
         249  1 0.1256 0.1239 0.1246 0.1268 0.1259 0.1247 0.1239 0.1245 
         250  1 0.1256 0.1262 0.1247 0.1226 0.1235 0.1259 0.1262 0.1253 
         251  1 0.1260 0.1247 0.1261 0.1249 0.1249 0.1244 0.1244 0.1246 
         252  1 0.1237 0.1252 0.1248 0.1245 0.1263 0.1246 0.1253 0.1255 
         253  1 0.1238 0.1252 0.1244 0.1250 0.1283 0.1251 0.1252 0.1230 
         254  1 0.1256 0.1251 0.1253 0.1246 0.1229 0.1253 0.1258 0.1253 
         255  1 0.1269 0.1235 0.1253 0.1273 0.1257 0.1231 0.1237 0.1245 
         256  1 0.1232 0.1224 0.1238 0.1299 0.1305 0.1238 0.1230 0.1234 
         257  1 0.1232 0.1240 0.1245 0.1279 0.1277 0.1242 0.1238 0.1248 
         258  1 0.1252 0.1260 0.1257 0.1227 0.1244 0.1252 0.1255 0.1253 
         259  1 0.1276 0.1263 0.1251 0.1226 0.1234 0.1258 0.1257 0.1236 
         260  1 0.1247 0.1254 0.1236 0.1241 0.1263 0.1254 0.1261 0.1245 
         261  1 0.1243 0.1274 0.1248 0.1222 0.1231 0.1261 0.1271 0.1251 
         262  1 0.1258 0.1229 0.1270 0.1298 0.1250 0.1225 0.1222 0.1248 
         263  1 0.1258 0.1256 0.1247 0.1242 0.1234 0.1249 0.1263 0.1251 
         264  1 0.1262 0.1226 0.1267 0.1271 0.1259 0.1238 0.1229 0.1248 
         265  1 0.1238 0.1248 0.1251 0.1253 0.1270 0.1250 0.1250 0.1241 
         266  1 0.1245 0.1265 0.1251 0.1239 0.1237 0.1258 0.1264 0.1240 
         267  1 0.1248 0.1259 0.1251 0.1224 0.1253 0.1256 0.1258 0.1252 
         268  1 0.1246 0.1270 0.1241 0.1220 0.1224 0.1263 0.1268 0.1268 
         269  1 0.1259 0.1280 0.1232 0.1211 0.1212 0.1264 0.1275 0.1268 
         270  1 0.1263 0.1241 0.1258 0.1261 0.1239 0.1240 0.1246 0.1252 
         271  1 0.1260 0.1275 0.1242 0.1210 0.1218 0.1267 0.1269 0.1258 
         272  1 0.1256 0.1234 0.1250 0.1277 0.1250 0.1242 0.1234 0.1256 
         273  1 0.1253 0.1241 0.1258 0.1264 0.1244 0.1245 0.1244 0.1251 
         274  1 0.1242 0.1252 0.1264 0.1246 0.1245 0.1252 0.1253 0.1247 
         275  1 0.1234 0.1237 0.1248 0.1269 0.1260 0.1242 0.1243 0.1267 
         276  1 0.1242 0.1280 0.1233 0.1213 0.1209 0.1278 0.1274 0.1270 
         277  1 0.1238 0.1248 0.1246 0.1229 0.1275 0.1261 0.1262 0.1240 
         278  1 0.1251 0.1258 0.1245 0.1245 0.1249 0.1255 0.1253 0.1244 
         279  1 0.1257 0.1267 0.1251 0.1202 0.1225 0.1261 0.1265 0.1271 
         280  1 0.1254 0.1241 0.1247 0.1286 0.1269 0.1236 0.1234 0.1233 
         281  1 0.1247 0.1260 0.1261 0.1228 0.1225 0.1264 0.1265 0.1250 
         282  1 0.1264 0.1248 0.1253 0.1239 0.1235 0.1251 0.1258 0.1252 
         283  1 0.1270 0.1228 0.1260 0.1280 0.1267 0.1232 0.1224 0.1240 
         284  1 0.1235 0.1233 0.1245 0.1276 0.1296 0.1242 0.1237 0.1236 
         285  1 0.1256 0.1266 0.1243 0.1228 0.1222 0.1268 0.1258 0.1260 
         286  1 0.1246 0.1256 0.1245 0.1258 0.1237 0.1250 0.1253 0.1255 
         287  1 0.1278 0.1251 0.1263 0.1245 0.1227 0.1244 0.1246 0.1246 
         288  1 0.1236 0.1246 0.1254 0.1259 0.1253 0.1255 0.1251 0.1247 
         289  1 0.1240 0.1223 0.1259 0.1283 0.1301 0.1232 0.1222 0.1240 
         290  1 0.1265 0.1217 0.1264 0.1303 0.1260 0.1219 0.1223 0.1250 
         291  1 0.1257 0.1245 0.1256 0.1264 0.1236 0.1247 0.1243 0.1253 
         292  1 0.1246 0.1257 0.1248 0.1225 0.1237 0.1263 0.1263 0.1262 
         293  1 0.1233 0.1238 0.1239 0.1248 0.1306 0.1254 0.1247 0.1234 
         294  1 0.1241 0.1275 0.1230 0.1210 0.1230 0.1269 0.1284 0.1262 
         295  1 0.1248 0.1262 0.1229 0.1235 0.1232 0.1258 0.1269 0.1267 
         296  1 0.1255 0.1243 0.1263 0.1266 0.1245 0.1244 0.1239 0.1245 
         297  1 0.1266 0.1257 0.1249 0.1227 0.1224 0.1258 0.1257 0.1261 
         298  1 0.1257 0.1249 0.1245 0.1235 0.1266 0.1250 0.1248 0.1250 
         299  1 0.1265 0.1238 0.1242 0.1269 0.1243 0.1248 0.1237 0.1257 
         300  1 0.1246 0.1258 0.1244 0.1232 0.1258 0.1259 0.1260 0.1241 
         301  1 0.1248 0.1272 0.1251 0.1214 0.1225 0.1271 0.1275 0.1244 
         302  1 0.1232 0.1237 0.1239 0.1290 0.1293 0.1232 0.1235 0.1241 
         303  1 0.1259 0.1241 0.1249 0.1265 0.1268 0.1243 0.1236 0.1241 
