           1  1 0.3189 0.3225 0.3586 
           2  1 0.3283 0.3312 0.3405 
           3  1 0.3312 0.3288 0.3400 
           4  1 0.3218 0.3211 0.3570 
           5  1 0.3201 0.3143 0.3656 
           6  1 0.3453 0.3453 0.3094 
           7  1 0.3443 0.3438 0.3119 
           8  1 0.3369 0.3458 0.3173 
           9  1 0.3346 0.3319 0.3336 
          10  1 0.3358 0.3351 0.3292 
          11  1 0.3289 0.3233 0.3478 
          12  1 0.3450 0.3561 0.2989 
          13  1 0.3382 0.3500 0.3118 
          14  1 0.3379 0.3408 0.3212 
          15  1 0.3402 0.3455 0.3143 
          16  1 0.3084 0.3009 0.3907 
          17  1 0.3390 0.3436 0.3174 
          18  1 0.3307 0.3336 0.3357 
          19  1 0.3199 0.3092 0.3708 
          20  1 0.3390 0.3391 0.3219 
          21  1 0.2970 0.2946 0.4084 
          22  1 0.3412 0.3440 0.3148 
          23  1 0.3347 0.3303 0.3350 
          24  1 0.3444 0.3419 0.3137 
          25  1 0.3397 0.3492 0.3111 
          26  1 0.3297 0.3369 0.3334 
          27  1 0.3315 0.3246 0.3438 
          28  1 0.3407 0.3438 0.3156 
          29  1 0.3199 0.3126 0.3675 
          30  1 0.3491 0.3457 0.3052 
          31  1 0.3284 0.3271 0.3444 
          32  1 0.3448 0.3387 0.3166 
          33  1 0.3283 0.3307 0.3410 
          34  1 0.3244 0.3240 0.3516 
          35  1 0.3399 0.3485 0.3116 
          36  1 0.3310 0.3300 0.3390 
          37  1 0.3464 0.3563 0.2973 
          38  1 0.3441 0.3520 0.3039 
          39  1 0.3088 0.3036 0.3875 
          40  1 0.3171 0.3128 0.3702 
          41  1 0.3295 0.3240 0.3465 
          42  1 0.3276 0.3293 0.3431 
          43  1 0.3383 0.3477 0.3139 
          44  1 0.3169 0.3102 0.3729 
          45  1 0.3329 0.3339 0.3332 
          46  1 0.3265 0.3223 0.3512 
          47  1 0.3433 0.3446 0.3121 
          48  1 0.3187 0.3168 0.3645 
          49  1 0.3448 0.3646 0.2907 
          50  1 0.3361 0.3316 0.3322 
          51  1 0.3246 0.3240 0.3514 
          52  1 0.3358 0.3380 0.3262 
          53  1 0.3334 0.3319 0.3347 
          54  1 0.3422 0.3393 0.3184 
          55  1 0.3014 0.2914 0.4072 
          56  1 0.3209 0.3112 0.3678 
          57  1 0.3386 0.3448 0.3166 
          58  1 0.3312 0.3302 0.3387 
          59  1 0.3300 0.3355 0.3345 
          60  1 0.3463 0.3497 0.3040 
          61  1 0.3365 0.3318 0.3317 
          62  1 0.3372 0.3328 0.3299 
          63  1 0.3156 0.3049 0.3795 
          64  1 0.3141 0.3086 0.3773 
          65  1 0.3356 0.3405 0.3239 
          66  1 0.3328 0.3362 0.3310 
          67  1 0.3317 0.3374 0.3309 
          68  1 0.3352 0.3386 0.3262 
          69  1 0.3293 0.3232 0.3475 
          70  1 0.3377 0.3356 0.3267 
          71  1 0.3443 0.3440 0.3117 
          72  1 0.3255 0.3197 0.3548 
          73  1 0.3302 0.3293 0.3406 
          74  1 0.3453 0.3522 0.3026 
          75  1 0.3363 0.3364 0.3274 
          76  1 0.3409 0.3524 0.3067 
          77  1 0.3390 0.3464 0.3146 
          78  1 0.3304 0.3201 0.3496 
          79  1 0.3391 0.3361 0.3248 
          80  1 0.3199 0.3088 0.3713 
          81  1 0.3402 0.3455 0.3144 
          82  1 0.3421 0.3412 0.3167 
          83  1 0.3328 0.3274 0.3397 
          84  1 0.3359 0.3366 0.3275 
          85  1 0.3353 0.3488 0.3159 
          86  1 0.3366 0.3321 0.3314 
          87  1 0.3028 0.2932 0.4040 
          88  1 0.3356 0.3463 0.3181 
          89  1 0.3197 0.3116 0.3687 
          90  1 0.3247 0.3200 0.3553 
          91  1 0.3424 0.3293 0.3284 
          92  1 0.3387 0.3359 0.3254 
          93  1 0.3303 0.3319 0.3378 
          94  1 0.3428 0.3504 0.3068 
          95  1 0.3439 0.3503 0.3058 
          96  1 0.3372 0.3334 0.3294 
          97  1 0.3089 0.2960 0.3951 
          98  1 0.3397 0.3421 0.3182 
          99  1 0.3417 0.3619 0.2964 
         100  1 0.3350 0.3418 0.3232 
         101  1 0.3382 0.3437 0.3181 
         102  1 0.3428 0.3431 0.3142 
         103  1 0.3273 0.3224 0.3503 
         104  1 0.3364 0.3359 0.3277 
         105  1 0.3288 0.3224 0.3488 
         106  1 0.3210 0.3107 0.3683 
         107  1 0.3163 0.3205 0.3631 
         108  1 0.3259 0.3344 0.3397 
         109  1 0.3373 0.3399 0.3228 
         110  1 0.3130 0.3098 0.3772 
         111  1 0.3471 0.3452 0.3077 
         112  1 0.3283 0.3292 0.3425 
         113  1 0.3330 0.3315 0.3355 
         114  1 0.3464 0.3511 0.3025 
         115  1 0.3440 0.3466 0.3094 
         116  1 0.3258 0.3250 0.3492 
         117  1 0.3306 0.3334 0.3359 
         118  1 0.3356 0.3300 0.3343 
         119  1 0.3360 0.3208 0.3432 
         120  1 0.3350 0.3446 0.3203 
         121  1 0.3401 0.3376 0.3223 
         122  1 0.3232 0.3163 0.3606 
         123  1 0.3337 0.3276 0.3387 
         124  1 0.3219 0.3189 0.3592 
         125  1 0.3360 0.3286 0.3354 
         126  1 0.3317 0.3250 0.3433 
         127  1 0.3146 0.3070 0.3783 
         128  1 0.3287 0.3167 0.3546 
         129  1 0.3138 0.3099 0.3763 
         130  1 0.3387 0.3461 0.3151 
         131  1 0.3172 0.3097 0.3731 
         132  1 0.3444 0.3381 0.3175 
         133  1 0.3411 0.3430 0.3160 
         134  1 0.3259 0.3221 0.3520 
         135  1 0.3389 0.3483 0.3128 
         136  1 0.3236 0.3249 0.3515 
         137  1 0.3401 0.3511 0.3088 
         138  1 0.3373 0.3393 0.3234 
         139  1 0.3357 0.3409 0.3234 
         140  1 0.3285 0.3298 0.3417 
         141  1 0.3415 0.3373 0.3211 
         142  1 0.3170 0.3092 0.3738 
         143  1 0.3343 0.3317 0.3340 
         144  1 0.3485 0.3486 0.3029 
         145  1 0.3274 0.3244 0.3482 
         146  1 0.3287 0.3272 0.3441 
         147  1 0.3354 0.3489 0.3156 
         148  1 0.3191 0.3157 0.3653 
         149  1 0.3365 0.3314 0.3321 
         150  1 0.3318 0.3279 0.3403 
         151  1 0.3419 0.3485 0.3096 
         152  1 0.3448 0.3528 0.3024 
         153  1 0.3400 0.3554 0.3046 
         154  1 0.3475 0.3590 0.2935 
         155  1 0.3411 0.3423 0.3166 
         156  1 0.3390 0.3353 0.3257 
         157  1 0.3251 0.3199 0.3549 
         158  1 0.3316 0.3343 0.3341 
         159  1 0.3446 0.3444 0.3109 
         160  1 0.3411 0.3334 0.3255 
         161  1 0.3272 0.3255 0.3473 
         162  1 0.3333 0.3291 0.3376 
         163  1 0.3371 0.3488 0.3140 
         164  1 0.3185 0.3194 0.3622 
         165  1 0.3462 0.3464 0.3074 
         166  1 0.3455 0.3432 0.3113 
         167  1 0.3369 0.3381 0.3250 
         168  1 0.3349 0.3371 0.3280 
         169  1 0.3327 0.3352 0.3321 
         170  1 0.3366 0.3370 0.3263 
         171  1 0.3402 0.3337 0.3261 
         172  1 0.3295 0.3207 0.3498 
         173  1 0.3363 0.3338 0.3299 
         174  1 0.3365 0.3329 0.3306 
         175  1 0.3148 0.3135 0.3716 
         176  1 0.3409 0.3487 0.3104 
         177  1 0.3273 0.3213 0.3514 
         178  1 0.3299 0.3340 0.3362 
         179  1 0.3317 0.3276 0.3407 
         180  1 0.3255 0.3219 0.3526 
         181  1 0.3357 0.3429 0.3214 
         182  1 0.3314 0.3281 0.3405 
         183  1 0.3384 0.3410 0.3206 
         184  1 0.3142 0.3064 0.3794 
         185  1 0.3476 0.3476 0.3047 
         186  1 0.3389 0.3318 0.3293 
         187  1 0.3222 0.3189 0.3589 
         188  1 0.3375 0.3409 0.3216 
         189  1 0.3403 0.3486 0.3111 
         190  1 0.3387 0.3400 0.3214 
         191  1 0.3435 0.3379 0.3185 
         192  1 0.3352 0.3348 0.3300 
         193  1 0.3221 0.3172 0.3606 
         194  1 0.3420 0.3416 0.3164 
         195  1 0.3391 0.3430 0.3178 
         196  1 0.3305 0.3326 0.3368 
         197  1 0.3327 0.3442 0.3231 
         198  1 0.3394 0.3334 0.3273 
         199  1 0.3420 0.3367 0.3213 
         200  1 0.3129 0.3063 0.3808 
         201  1 0.3377 0.3376 0.3247 
         202  1 0.3357 0.3269 0.3374 
         203  1 0.3304 0.3197 0.3499 
         204  1 0.3360 0.3373 0.3266 
         205  1 0.3218 0.3208 0.3574 
         206  1 0.3389 0.3460 0.3152 
         207  1 0.3178 0.3028 0.3793 
         208  1 0.3223 0.3150 0.3627 
         209  1 0.3373 0.3351 0.3276 
         210  1 0.3422 0.3415 0.3163 
         211  1 0.3448 0.3514 0.3039 
         212  1 0.3411 0.3505 0.3084 
         213  1 0.3424 0.3447 0.3129 
         214  1 0.3419 0.3483 0.3098 
         215  1 0.3416 0.3472 0.3112 
         216  1 0.3414 0.3404 0.3182 
         217  1 0.3357 0.3350 0.3294 
         218  1 0.3303 0.3387 0.3310 
         219  1 0.3337 0.3437 0.3227 
         220  1 0.3313 0.3326 0.3361 
         221  1 0.3433 0.3459 0.3108 
         222  1 0.3356 0.3246 0.3397 
         223  1 0.3296 0.3378 0.3326 
         224  1 0.3356 0.3426 0.3218 
         225  1 0.3330 0.3305 0.3365 
         226  1 0.3429 0.3421 0.3150 
         227  1 0.3342 0.3294 0.3365 
         228  1 0.3336 0.3412 0.3253 
         229  1 0.3164 0.3042 0.3794 
         230  1 0.3368 0.3327 0.3305 
         231  1 0.3404 0.3488 0.3108 
         232  1 0.3481 0.3547 0.2972 
         233  1 0.3389 0.3506 0.3105 
         234  1 0.3323 0.3213 0.3464 
         235  1 0.3288 0.3289 0.3424 
         236  1 0.3328 0.3334 0.3338 
         237  1 0.3364 0.3377 0.3259 
         238  1 0.3393 0.3325 0.3282 
         239  1 0.3390 0.3476 0.3133 
         240  1 0.3387 0.3551 0.3062 
         241  1 0.3282 0.3153 0.3565 
         242  1 0.3351 0.3380 0.3270 
         243  1 0.3460 0.3492 0.3047 
         244  1 0.3394 0.3519 0.3087 
         245  1 0.3350 0.3405 0.3245 
         246  1 0.3387 0.3359 0.3254 
         247  1 0.3334 0.3378 0.3289 
         248  1 0.3320 0.3252 0.3428 
         249  1 0.3413 0.3448 0.3139 
         250  1 0.3259 0.3152 0.3589 
         251  1 0.3443 0.3399 0.3158 
         252  1 0.3295 0.3338 0.3366 
         253  1 0.3348 0.3287 0.3366 
         254  1 0.3378 0.3463 0.3159 
         255  1 0.3402 0.3447 0.3151 
         256  1 0.3393 0.3418 0.3189 
         257  1 0.3312 0.3334 0.3354 
         258  1 0.3282 0.3189 0.3529 
         259  1 0.3230 0.3214 0.3556 
         260  1 0.3297 0.3253 0.3450 
         261  1 0.3234 0.3234 0.3532 
         262  1 0.3455 0.3643 0.2902 
         263  1 0.3272 0.3281 0.3448 
         264  1 0.3422 0.3485 0.3094 
         265  1 0.3349 0.3370 0.3280 
         266  1 0.3321 0.3317 0.3362 
         267  1 0.3276 0.3276 0.3448 
         268  1 0.3245 0.3138 0.3617 
         269  1 0.3170 0.3120 0.3710 
         270  1 0.3341 0.3415 0.3244 
         271  1 0.3197 0.3116 0.3687 
         272  1 0.3436 0.3471 0.3093 
         273  1 0.3352 0.3402 0.3245 
         274  1 0.3324 0.3297 0.3379 
         275  1 0.3343 0.3436 0.3221 
         276  1 0.3205 0.3074 0.3721 
         277  1 0.3270 0.3272 0.3458 
         278  1 0.3315 0.3299 0.3387 
         279  1 0.3214 0.3220 0.3566 
         280  1 0.3376 0.3401 0.3223 
         281  1 0.3276 0.3225 0.3499 
         282  1 0.3358 0.3421 0.3221 
         283  1 0.3414 0.3667 0.2919 
         284  1 0.3424 0.3469 0.3107 
         285  1 0.3227 0.3200 0.3573 
         286  1 0.3338 0.3404 0.3258 
         287  1 0.3298 0.3328 0.3375 
         288  1 0.3391 0.3390 0.3219 
         289  1 0.3444 0.3517 0.3039 
         290  1 0.3435 0.3538 0.3027 
         291  1 0.3373 0.3357 0.3270 
         292  1 0.3267 0.3238 0.3495 
         293  1 0.3372 0.3353 0.3275 
         294  1 0.3148 0.3059 0.3793 
         295  1 0.3135 0.3076 0.3789 
         296  1 0.3394 0.3516 0.3090 
         297  1 0.3274 0.3247 0.3479 
         298  1 0.3347 0.3312 0.3341 
         299  1 0.3405 0.3490 0.3105 
         300  1 0.3334 0.3260 0.3406 
         301  1 0.3242 0.3206 0.3552 
         302  1 0.3404 0.3454 0.3141 
         303  1 0.3387 0.3392 0.3221 
