           1  1 0.0990 0.1008 0.0986 0.1008 0.0992 0.1020 0.0991 0.0997 0.0999 0.1008 
           2  1 0.1005 0.0995 0.0999 0.1009 0.1003 0.1000 0.0998 0.0994 0.1002 0.0996 
           3  1 0.0997 0.1014 0.1001 0.1001 0.0995 0.1002 0.0996 0.0996 0.1002 0.0995 
           4  1 0.0996 0.0999 0.0998 0.1004 0.0991 0.1019 0.0993 0.1003 0.0991 0.1006 
           5  1 0.0997 0.1001 0.0997 0.1008 0.0987 0.1015 0.0996 0.0988 0.0992 0.1019 
           6  1 0.1001 0.0996 0.0994 0.0988 0.1006 0.0989 0.1012 0.1025 0.1000 0.0987 
           7  1 0.1002 0.0998 0.1009 0.1015 0.1003 0.0988 0.1009 0.0993 0.0997 0.0987 
           8  1 0.1000 0.0999 0.0997 0.1001 0.1007 0.0994 0.1006 0.1000 0.1006 0.0989 
           9  1 0.0994 0.1004 0.0998 0.0995 0.1006 0.1002 0.1002 0.1003 0.0997 0.0998 
          10  1 0.0991 0.1012 0.1003 0.0999 0.1009 0.0996 0.1001 0.0993 0.1002 0.0994 
          11  1 0.0992 0.1005 0.0999 0.1000 0.0992 0.1007 0.0996 0.0997 0.1005 0.1007 
          12  1 0.0998 0.0990 0.0995 0.1001 0.1010 0.0990 0.1013 0.1009 0.1006 0.0989 
          13  1 0.0997 0.0991 0.0994 0.1021 0.1017 0.0985 0.1018 0.0991 0.1001 0.0984 
          14  1 0.1001 0.0999 0.1005 0.1009 0.1012 0.0988 0.1002 0.0999 0.1000 0.0987 
          15  1 0.0989 0.0996 0.1003 0.1003 0.1004 0.0993 0.1010 0.1006 0.1003 0.0993 
          16  1 0.0994 0.1003 0.0996 0.1001 0.0979 0.1025 0.0985 0.0996 0.0997 0.1024 
          17  1 0.0992 0.0998 0.0998 0.1018 0.1004 0.0995 0.1005 0.0995 0.1001 0.0994 
          18  1 0.0992 0.1002 0.0997 0.1002 0.1003 0.0999 0.1000 0.1006 0.1001 0.0999 
          19  1 0.0997 0.1019 0.1000 0.0996 0.0984 0.1026 0.0982 0.0990 0.0996 0.1010 
          20  1 0.1015 0.0998 0.1011 0.0988 0.1004 0.0991 0.0991 0.1008 0.1002 0.0993 
          21  1 0.0991 0.1014 0.0981 0.1026 0.0965 0.1041 0.0976 0.0984 0.0994 0.1028 
          22  1 0.0999 0.1003 0.1012 0.0995 0.1007 0.0988 0.1002 0.0996 0.1005 0.0992 
          23  1 0.0999 0.1018 0.0997 0.1006 0.1008 0.0993 0.0993 0.0988 0.1000 0.0998 
          24  1 0.0999 0.0992 0.1004 0.1003 0.1012 0.0985 0.1013 0.1003 0.0993 0.0995 
          25  1 0.1001 0.0996 0.0997 0.1008 0.1006 0.0988 0.1012 0.1002 0.1004 0.0987 
          26  1 0.0998 0.0994 0.0990 0.0999 0.1013 0.0996 0.0996 0.1015 0.1005 0.0995 
          27  1 0.1008 0.1002 0.0999 0.0992 0.0982 0.1007 0.0997 0.1003 0.1002 0.1008 
          28  1 0.0998 0.0994 0.1001 0.1007 0.1011 0.0994 0.1004 0.0999 0.0997 0.0994 
          29  1 0.1000 0.1010 0.0996 0.1006 0.0987 0.1014 0.0989 0.0994 0.0990 0.1014 
          30  1 0.0999 0.0999 0.0997 0.0995 0.1001 0.0992 0.1007 0.1016 0.1005 0.0989 
          31  1 0.1001 0.1004 0.1003 0.0997 0.1004 0.1005 0.0994 0.0994 0.0994 0.1004 
          32  1 0.1000 0.1003 0.1004 0.0986 0.1014 0.0996 0.1004 0.1000 0.1001 0.0992 
          33  1 0.1006 0.1003 0.0995 0.0988 0.0997 0.0996 0.1005 0.1014 0.0995 0.1002 
          34  1 0.0992 0.1000 0.0993 0.1008 0.1002 0.1017 0.0994 0.0994 0.0990 0.1010 
          35  1 0.0996 0.0991 0.0992 0.1010 0.1017 0.0992 0.1008 0.0999 0.1003 0.0992 
          36  1 0.1006 0.0993 0.0995 0.1002 0.0995 0.0998 0.0997 0.1011 0.1004 0.0999 
          37  1 0.1012 0.0996 0.1003 0.0993 0.1007 0.0982 0.1012 0.1010 0.1002 0.0983 
          38  1 0.1005 0.0999 0.1008 0.0993 0.1010 0.0981 0.1011 0.1002 0.1001 0.0992 
          39  1 0.0993 0.1006 0.0990 0.1003 0.0988 0.1024 0.0986 0.0995 0.0998 0.1018 
          40  1 0.1003 0.1002 0.0995 0.1007 0.0984 0.1024 0.0991 0.0994 0.0988 0.1011 
          41  1 0.1005 0.0993 0.1007 0.0996 0.0999 0.1005 0.0989 0.1000 0.0999 0.1006 
          42  1 0.0995 0.1003 0.0998 0.1007 0.1002 0.1009 0.0999 0.0999 0.0991 0.0999 
          43  1 0.1000 0.0995 0.1008 0.0999 0.1002 0.0989 0.1005 0.1007 0.1003 0.0992 
          44  1 0.1002 0.0992 0.0984 0.1015 0.0995 0.1029 0.0989 0.0989 0.0992 0.1014 
          45  1 0.1006 0.0999 0.1005 0.1000 0.1000 0.0993 0.1003 0.1002 0.1001 0.0991 
          46  1 0.0999 0.1002 0.1000 0.0993 0.0991 0.1009 0.1010 0.1001 0.0989 0.1007 
          47  1 0.0990 0.0999 0.1001 0.0989 0.1011 0.0992 0.1009 0.1019 0.1001 0.0989 
          48  1 0.0993 0.1007 0.0985 0.1009 0.0986 0.1023 0.0987 0.0993 0.0999 0.1019 
          49  1 0.0999 0.0977 0.0987 0.1051 0.1024 0.0968 0.1014 0.1000 0.1008 0.0972 
          50  1 0.0996 0.1005 0.1019 0.0985 0.1003 0.0996 0.0998 0.0988 0.1009 0.1000 
          51  1 0.0996 0.1005 0.1001 0.1004 0.0997 0.1005 0.1003 0.0998 0.0989 0.1002 
          52  1 0.0993 0.0994 0.1002 0.1002 0.1010 0.0994 0.1003 0.0998 0.1002 0.1002 
          53  1 0.0997 0.1001 0.1002 0.0990 0.0994 0.1001 0.1015 0.1003 0.0997 0.0998 
          54  1 0.1010 0.0998 0.1014 0.0977 0.1001 0.0992 0.1006 0.1010 0.0999 0.0992 
          55  1 0.0990 0.1016 0.0979 0.1007 0.0966 0.1045 0.0981 0.0995 0.0996 0.1025 
          56  1 0.1004 0.1002 0.0992 0.1000 0.0986 0.1021 0.0985 0.1002 0.0991 0.1018 
          57  1 0.0995 0.1006 0.1004 0.0989 0.1001 0.0991 0.1018 0.0997 0.1003 0.0997 
          58  1 0.0993 0.1009 0.1000 0.0986 0.0996 0.1005 0.1013 0.1000 0.1002 0.0996 
          59  1 0.0992 0.0994 0.0998 0.1011 0.1002 0.0998 0.0996 0.1000 0.1001 0.1007 
          60  1 0.0993 0.1002 0.1009 0.1009 0.1021 0.0984 0.1014 0.0982 0.1006 0.0980 
          61  1 0.0997 0.0996 0.1002 0.0999 0.0999 0.0999 0.1000 0.1001 0.1003 0.1005 
          62  1 0.0995 0.1001 0.1000 0.0996 0.1001 0.0995 0.1001 0.1008 0.1003 0.1000 
          63  1 0.0993 0.1003 0.0994 0.0994 0.0985 0.1023 0.0996 0.0996 0.0998 0.1018 
          64  1 0.1001 0.1007 0.0999 0.1012 0.0984 0.1015 0.0993 0.0986 0.0995 0.1009 
          65  1 0.1011 0.1002 0.1001 0.0994 0.1004 0.0994 0.0998 0.1002 0.1001 0.0994 
          66  1 0.1005 0.0997 0.0995 0.0999 0.1006 0.1001 0.0995 0.0997 0.1004 0.1001 
          67  1 0.0995 0.1007 0.1006 0.0993 0.1002 0.1006 0.0989 0.1000 0.1000 0.1002 
          68  1 0.0998 0.0998 0.1002 0.1016 0.1007 0.0995 0.0998 0.0988 0.0999 0.0998 
          69  1 0.1003 0.1002 0.0987 0.1021 0.0998 0.1009 0.0992 0.0993 0.0995 0.1000 
          70  1 0.1006 0.1004 0.1009 0.0985 0.0999 0.0998 0.1006 0.0997 0.0999 0.0997 
          71  1 0.1003 0.0997 0.1009 0.0989 0.1007 0.0990 0.1001 0.1005 0.1002 0.0995 
          72  1 0.1008 0.0997 0.0996 0.1001 0.0992 0.1008 0.0996 0.1002 0.0994 0.1007 
          73  1 0.1007 0.1012 0.1007 0.0996 0.0992 0.0999 0.0992 0.0994 0.1001 0.1000 
          74  1 0.0995 0.1000 0.1009 0.0986 0.1015 0.0983 0.1008 0.1013 0.1008 0.0984 
          75  1 0.0994 0.1001 0.0999 0.0994 0.1002 0.1003 0.1010 0.1003 0.0996 0.0997 
          76  1 0.1002 0.0998 0.1000 0.1005 0.1013 0.0984 0.1006 0.0999 0.1001 0.0993 
          77  1 0.1005 0.0988 0.1000 0.1023 0.1008 0.0989 0.1002 0.0994 0.0998 0.0992 
          78  1 0.0987 0.1014 0.1006 0.0992 0.0993 0.1010 0.0997 0.0998 0.0998 0.1005 
          79  1 0.1000 0.0996 0.1011 0.0997 0.1006 0.0997 0.0999 0.0997 0.1003 0.0995 
          80  1 0.0999 0.1004 0.0998 0.0996 0.0985 0.1021 0.0990 0.0997 0.1000 0.1011 
          81  1 0.1005 0.1007 0.1002 0.1005 0.1008 0.0986 0.1011 0.0997 0.0996 0.0984 
          82  1 0.0996 0.0996 0.1026 0.0992 0.1009 0.0984 0.1008 0.1008 0.0993 0.0989 
          83  1 0.0993 0.0999 0.1006 0.1008 0.1002 0.1003 0.1001 0.0987 0.0998 0.1003 
          84  1 0.1001 0.1001 0.1006 0.0993 0.1003 0.0989 0.1003 0.1002 0.1006 0.0996 
          85  1 0.1008 0.0996 0.0999 0.0999 0.1006 0.0987 0.1009 0.1000 0.1003 0.0992 
          86  1 0.1004 0.0999 0.1011 0.0990 0.0994 0.0990 0.1008 0.0998 0.0999 0.1007 
          87  1 0.0986 0.1011 0.0994 0.1003 0.0974 0.1039 0.0987 0.0990 0.0991 0.1027 
          88  1 0.0992 0.1006 0.1007 0.0991 0.1007 0.0987 0.1017 0.0996 0.1002 0.0996 
          89  1 0.0997 0.0997 0.0985 0.1013 0.0997 0.1015 0.0992 0.0991 0.0994 0.1020 
          90  1 0.1000 0.1001 0.0984 0.1007 0.0990 0.1018 0.0993 0.1002 0.0999 0.1006 
          91  1 0.0997 0.1006 0.1005 0.0986 0.1004 0.0997 0.0995 0.1012 0.0999 0.0999 
          92  1 0.1005 0.0995 0.1009 0.0993 0.1004 0.0995 0.1004 0.1002 0.1001 0.0992 
          93  1 0.1003 0.0989 0.0997 0.0999 0.1006 0.1007 0.0984 0.1004 0.1003 0.1008 
          94  1 0.1005 0.0993 0.0995 0.1009 0.1016 0.0984 0.1005 0.1005 0.1002 0.0986 
          95  1 0.0996 0.0996 0.1002 0.1001 0.1014 0.0991 0.1014 0.1001 0.1000 0.0985 
          96  1 0.1001 0.0993 0.0998 0.1003 0.1008 0.1001 0.1008 0.0996 0.0994 0.0998 
          97  1 0.0993 0.1014 0.0995 0.0988 0.0976 0.1038 0.0984 0.0978 0.1002 0.1032 
          98  1 0.0999 0.0993 0.0993 0.1010 0.1005 0.0995 0.1005 0.1003 0.0998 0.1000 
          99  1 0.1002 0.0992 0.1001 0.1017 0.1016 0.0973 0.1013 0.0997 0.1010 0.0978 
         100  1 0.1001 0.0992 0.0995 0.1006 0.1003 0.1000 0.1006 0.0993 0.1005 0.0998 
         101  1 0.1003 0.0997 0.1001 0.1002 0.1004 0.0995 0.1002 0.1000 0.0994 0.1003 
         102  1 0.1002 0.0998 0.1015 0.0989 0.1004 0.0992 0.1002 0.1006 0.1006 0.0986 
         103  1 0.0995 0.1001 0.0984 0.1008 0.0993 0.1021 0.0993 0.0995 0.0998 0.1013 
         104  1 0.0996 0.1002 0.1000 0.0989 0.1000 0.0996 0.1010 0.1013 0.1002 0.0994 
         105  1 0.1001 0.1003 0.1011 0.0994 0.0994 0.0997 0.0997 0.0996 0.0999 0.1006 
         106  1 0.1001 0.1004 0.0999 0.1001 0.0986 0.1013 0.0987 0.0999 0.0995 0.1014 
         107  1 0.0993 0.1006 0.0995 0.1015 0.0982 0.1018 0.0996 0.0991 0.0995 0.1009 
         108  1 0.0991 0.1002 0.1005 0.1017 0.1012 0.0996 0.0996 0.0986 0.0995 0.1001 
         109  1 0.0994 0.1002 0.0994 0.0999 0.0999 0.1005 0.1011 0.1001 0.1001 0.0994 
         110  1 0.0990 0.1013 0.0980 0.1009 0.0984 0.1029 0.0992 0.0993 0.0991 0.1019 
         111  1 0.1008 0.0992 0.1001 0.0993 0.1007 0.0990 0.1012 0.1010 0.0994 0.0993 
         112  1 0.0990 0.1001 0.0999 0.1016 0.0995 0.1000 0.1011 0.0985 0.1007 0.0997 
         113  1 0.1002 0.0997 0.1001 0.0993 0.0999 0.1006 0.1001 0.0994 0.0999 0.1007 
         114  1 0.1002 0.0997 0.0994 0.0991 0.1013 0.0991 0.1004 0.1008 0.1007 0.0991 
         115  1 0.0998 0.1001 0.1023 0.0989 0.1002 0.0982 0.1024 0.1000 0.0999 0.0983 
         116  1 0.0998 0.0998 0.1006 0.1006 0.1000 0.1007 0.0994 0.0991 0.0998 0.1001 
         117  1 0.1006 0.1002 0.0999 0.0999 0.1001 0.1001 0.0995 0.1005 0.0991 0.1001 
         118  1 0.0996 0.0998 0.1005 0.1008 0.0993 0.1003 0.1002 0.0993 0.1003 0.0999 
         119  1 0.1002 0.1001 0.0995 0.0992 0.0999 0.1009 0.1003 0.1001 0.0993 0.1002 
         120  1 0.1000 0.1003 0.1015 0.0997 0.1002 0.0984 0.1009 0.0993 0.1004 0.0994 
         121  1 0.0992 0.1001 0.1003 0.0996 0.1003 0.0998 0.1005 0.0996 0.1004 0.1001 
         122  1 0.1005 0.1000 0.0990 0.0998 0.0981 0.1016 0.0993 0.1010 0.0998 0.1010 
         123  1 0.0997 0.1003 0.1002 0.0994 0.0996 0.1002 0.1000 0.1004 0.0999 0.1002 
         124  1 0.1001 0.0999 0.0985 0.1007 0.0988 0.1021 0.0991 0.0999 0.0990 0.1019 
         125  1 0.1005 0.0994 0.1001 0.0996 0.0999 0.0999 0.0991 0.1004 0.1001 0.1011 
         126  1 0.1002 0.1000 0.1004 0.0993 0.0996 0.1002 0.0991 0.1008 0.1002 0.1002 
         127  1 0.0995 0.1009 0.1000 0.0996 0.0982 0.1025 0.0982 0.0997 0.0994 0.1019 
         128  1 0.0999 0.1002 0.0990 0.0997 0.0996 0.1009 0.0998 0.1002 0.0998 0.1009 
         129  1 0.0987 0.1002 0.0992 0.0997 0.0983 0.1029 0.0994 0.0997 0.1004 0.1015 
         130  1 0.0995 0.1006 0.0999 0.0987 0.0996 0.0993 0.1003 0.1025 0.1007 0.0990 
         131  1 0.0996 0.1000 0.0988 0.1008 0.0990 0.1038 0.0981 0.0989 0.0992 0.1019 
         132  1 0.1004 0.0999 0.1007 0.0991 0.1012 0.1001 0.1004 0.1002 0.0991 0.0989 
         133  1 0.0990 0.1001 0.1001 0.1002 0.1005 0.0992 0.1003 0.1003 0.1009 0.0995 
         134  1 0.1004 0.1002 0.0994 0.0992 0.0989 0.1010 0.0989 0.1011 0.1005 0.1004 
         135  1 0.1005 0.0993 0.0997 0.0996 0.1009 0.0998 0.1007 0.1003 0.0995 0.0996 
         136  1 0.0999 0.1013 0.1000 0.0994 0.0995 0.1007 0.0996 0.1003 0.0994 0.1000 
         137  1 0.1001 0.0998 0.1006 0.1010 0.1003 0.0983 0.1005 0.1002 0.1004 0.0989 
         138  1 0.1001 0.0995 0.1002 0.1001 0.1006 0.0999 0.0998 0.1003 0.0996 0.0999 
         139  1 0.1004 0.0998 0.1018 0.0994 0.1002 0.0993 0.1002 0.0993 0.1004 0.0992 
         140  1 0.1004 0.1001 0.1005 0.0992 0.0997 0.1001 0.0992 0.0997 0.1001 0.1009 
         141  1 0.1002 0.1001 0.1006 0.0998 0.1007 0.0992 0.1001 0.1004 0.0999 0.0991 
         142  1 0.0998 0.1000 0.1002 0.1012 0.0978 0.1023 0.0992 0.0990 0.0994 0.1011 
         143  1 0.1005 0.0991 0.0988 0.1007 0.1012 0.1006 0.0993 0.0993 0.1003 0.1003 
         144  1 0.1007 0.0996 0.1012 0.0982 0.1013 0.0985 0.1003 0.1010 0.1005 0.0986 
         145  1 0.0995 0.1001 0.0988 0.1016 0.1003 0.1007 0.0985 0.0994 0.1004 0.1007 
         146  1 0.1000 0.0998 0.0999 0.1003 0.1003 0.1002 0.1003 0.0991 0.1000 0.1000 
         147  1 0.0998 0.1004 0.1008 0.1001 0.1006 0.0984 0.0994 0.1002 0.1013 0.0991 
         148  1 0.0991 0.1003 0.1003 0.1017 0.0990 0.1011 0.0995 0.0985 0.0993 0.1011 
         149  1 0.0996 0.1002 0.1001 0.0993 0.0993 0.1002 0.0995 0.1017 0.0995 0.1004 
         150  1 0.1003 0.0993 0.1005 0.1005 0.1010 0.1006 0.0994 0.0995 0.0987 0.1002 
         151  1 0.1008 0.0993 0.1007 0.0994 0.1008 0.0988 0.1009 0.1007 0.1000 0.0985 
         152  1 0.0998 0.1006 0.1007 0.1023 0.1008 0.0976 0.1013 0.0996 0.1001 0.0973 
         153  1 0.1000 0.0986 0.1004 0.1016 0.1019 0.0983 0.1008 0.0994 0.1002 0.0988 
         154  1 0.1013 0.1000 0.1006 0.1000 0.1024 0.0974 0.1011 0.0991 0.1004 0.0978 
         155  1 0.1011 0.0993 0.1003 0.0993 0.1009 0.0999 0.0997 0.1007 0.0999 0.0990 
         156  1 0.0993 0.1000 0.0994 0.1003 0.0998 0.0998 0.1010 0.1011 0.0998 0.0995 
         157  1 0.1007 0.0993 0.0993 0.0998 0.0986 0.1018 0.0988 0.1007 0.1001 0.1010 
         158  1 0.1005 0.1010 0.1001 0.0989 0.0998 0.1004 0.0992 0.1004 0.0999 0.0997 
         159  1 0.0998 0.0993 0.1005 0.1002 0.1003 0.0989 0.1012 0.1002 0.1003 0.0993 
         160  1 0.1001 0.0999 0.1005 0.0989 0.1012 0.0997 0.1009 0.1010 0.0994 0.0984 
         161  1 0.0988 0.1002 0.0994 0.1015 0.0988 0.1013 0.0992 0.0998 0.1002 0.1008 
         162  1 0.1009 0.0998 0.0988 0.0998 0.1009 0.1009 0.0990 0.1001 0.0993 0.1006 
         163  1 0.0996 0.0994 0.1000 0.1009 0.1015 0.0982 0.1002 0.0999 0.1010 0.0993 
         164  1 0.0999 0.0999 0.0984 0.1018 0.0985 0.1018 0.0987 0.0999 0.0994 0.1016 
         165  1 0.1010 0.1002 0.0997 0.0986 0.1003 0.0987 0.1008 0.1008 0.1008 0.0991 
         166  1 0.0999 0.0987 0.1004 0.1005 0.1010 0.0997 0.1001 0.1000 0.1004 0.0992 
         167  1 0.1001 0.1010 0.1011 0.0988 0.1003 0.0992 0.1000 0.1005 0.0997 0.0993 
         168  1 0.0996 0.0999 0.1002 0.0990 0.0998 0.0990 0.1003 0.1013 0.1009 0.1000 
         169  1 0.0999 0.1002 0.0994 0.1007 0.1004 0.1000 0.0986 0.0999 0.1009 0.0999 
         170  1 0.0991 0.1004 0.1014 0.0992 0.1010 0.0995 0.1002 0.0992 0.1009 0.0992 
         171  1 0.1002 0.0992 0.1004 0.0995 0.1002 0.0997 0.0994 0.1011 0.1005 0.1000 
         172  1 0.1007 0.1001 0.1010 0.0994 0.0986 0.1005 0.0998 0.0998 0.0990 0.1011 
         173  1 0.0996 0.0997 0.0999 0.0992 0.0997 0.1002 0.1005 0.1008 0.1006 0.0999 
         174  1 0.0998 0.1005 0.0989 0.1006 0.1001 0.0996 0.1008 0.0993 0.0997 0.1005 
         175  1 0.1005 0.1002 0.0988 0.1009 0.0976 0.1027 0.0990 0.0991 0.0990 0.1021 
         176  1 0.1003 0.0991 0.1005 0.1013 0.1022 0.0982 0.1003 0.0989 0.1004 0.0988 
         177  1 0.1001 0.1003 0.0987 0.0995 0.0998 0.1009 0.0995 0.0990 0.1006 0.1015 
         178  1 0.1007 0.0996 0.0994 0.1014 0.1007 0.0999 0.0999 0.0992 0.0990 0.1001 
         179  1 0.0996 0.0994 0.0999 0.0999 0.1000 0.1000 0.1006 0.1007 0.0995 0.1004 
         180  1 0.0994 0.1010 0.0998 0.1017 0.0995 0.0995 0.1008 0.0987 0.0999 0.0997 
         181  1 0.1003 0.0993 0.0998 0.0996 0.1008 0.0989 0.1011 0.1001 0.1003 0.0997 
         182  1 0.1005 0.1007 0.1006 0.0997 0.0997 0.1000 0.0989 0.0995 0.0997 0.1007 
         183  1 0.1010 0.1002 0.1005 0.0989 0.1003 0.0995 0.0997 0.1008 0.0997 0.0994 
         184  1 0.1002 0.0999 0.0994 0.1000 0.0983 0.1030 0.0982 0.0993 0.0992 0.1028 
         185  1 0.1003 0.1003 0.1009 0.0988 0.1010 0.0988 0.1024 0.1005 0.0989 0.0982 
         186  1 0.1002 0.0995 0.1003 0.1009 0.1002 0.0995 0.0995 0.1003 0.0996 0.0999 
         187  1 0.1001 0.1011 0.0993 0.0995 0.0983 0.1023 0.0987 0.1004 0.0996 0.1008 
         188  1 0.1001 0.0996 0.0995 0.1010 0.1006 0.0999 0.1007 0.0998 0.0998 0.0991 
         189  1 0.0996 0.1003 0.1009 0.0988 0.1004 0.0988 0.0999 0.1007 0.1008 0.0997 
         190  1 0.1004 0.0995 0.1005 0.0996 0.1006 0.0998 0.0998 0.1005 0.1003 0.0991 
         191  1 0.1009 0.0995 0.0997 0.0997 0.1000 0.1000 0.1003 0.1000 0.0997 0.1002 
         192  1 0.0997 0.1000 0.0994 0.1011 0.1005 0.0996 0.1015 0.0997 0.0995 0.0991 
         193  1 0.1005 0.0999 0.0989 0.0998 0.0992 0.1017 0.0994 0.0998 0.0997 0.1011 
         194  1 0.1002 0.0989 0.0992 0.1004 0.1003 0.0995 0.0998 0.1006 0.1009 0.1002 
         195  1 0.1004 0.0991 0.1000 0.0989 0.1007 0.0996 0.1001 0.1001 0.1016 0.0994 
         196  1 0.0998 0.1002 0.1004 0.0994 0.1006 0.1002 0.0999 0.1001 0.0994 0.1000 
         197  1 0.0996 0.1014 0.0997 0.0996 0.1006 0.0990 0.1006 0.1001 0.1005 0.0987 
         198  1 0.1001 0.1002 0.1012 0.0992 0.1000 0.0998 0.0995 0.1008 0.0995 0.0998 
         199  1 0.1006 0.1004 0.1021 0.0983 0.0996 0.0990 0.1008 0.1002 0.1003 0.0986 
         200  1 0.1000 0.1011 0.0990 0.1006 0.0976 0.1020 0.0991 0.0997 0.1000 0.1010 
         201  1 0.0994 0.1006 0.1010 0.0986 0.1000 0.0997 0.1001 0.1003 0.1004 0.0998 
         202  1 0.1014 0.0991 0.0998 0.1005 0.1008 0.1001 0.0985 0.1008 0.0996 0.0993 
         203  1 0.0991 0.0998 0.0991 0.1003 0.0998 0.1012 0.0999 0.0992 0.1002 0.1014 
         204  1 0.1005 0.0993 0.0991 0.1012 0.1007 0.0997 0.1002 0.0998 0.1001 0.0995 
         205  1 0.1007 0.0998 0.0997 0.0996 0.0988 0.1011 0.0993 0.1001 0.0996 0.1013 
         206  1 0.1008 0.0993 0.1001 0.0999 0.1010 0.0986 0.1004 0.1000 0.1012 0.0988 
         207  1 0.0992 0.1012 0.0998 0.0999 0.0989 0.1026 0.0989 0.0993 0.0987 0.1016 
         208  1 0.0989 0.1005 0.0994 0.1010 0.0988 0.1026 0.0990 0.0993 0.0993 0.1012 
         209  1 0.1001 0.0993 0.1005 0.0993 0.1012 0.0991 0.1004 0.0999 0.1001 0.1001 
         210  1 0.1003 0.0996 0.1010 0.0993 0.1008 0.0987 0.1007 0.0998 0.1006 0.0992 
         211  1 0.0997 0.0989 0.0997 0.1019 0.1018 0.0990 0.1002 0.1001 0.1003 0.0984 
         212  1 0.1008 0.0994 0.1007 0.1003 0.1017 0.0986 0.1003 0.0997 0.1004 0.0982 
         213  1 0.1005 0.0991 0.1002 0.1011 0.1018 0.0984 0.1007 0.0993 0.0998 0.0992 
         214  1 0.1013 0.1005 0.1011 0.0987 0.0999 0.0989 0.1012 0.0999 0.0996 0.0989 
         215  1 0.1010 0.0998 0.1000 0.0990 0.1016 0.0983 0.1004 0.1004 0.1006 0.0990 
         216  1 0.1006 0.0999 0.1007 0.0989 0.1004 0.0990 0.1002 0.1010 0.1007 0.0986 
         217  1 0.1000 0.0996 0.0991 0.0998 0.1004 0.1001 0.1012 0.1009 0.0995 0.0995 
         218  1 0.0993 0.0986 0.0987 0.1033 0.1011 0.0997 0.0996 0.0996 0.1006 0.0995 
         219  1 0.1004 0.0997 0.0995 0.0995 0.1002 0.0996 0.1000 0.1007 0.1007 0.0997 
         220  1 0.0999 0.0994 0.0998 0.1004 0.1001 0.1002 0.1001 0.0994 0.1004 0.1002 
         221  1 0.0997 0.0995 0.1005 0.1003 0.1012 0.0992 0.1004 0.1004 0.1001 0.0988 
         222  1 0.0995 0.1001 0.1003 0.0992 0.0994 0.1004 0.1000 0.1006 0.0997 0.1006 
         223  1 0.1006 0.0996 0.0996 0.0995 0.0997 0.0997 0.0994 0.1009 0.1008 0.1002 
         224  1 0.0997 0.0989 0.1002 0.0996 0.1007 0.0996 0.1010 0.1008 0.1003 0.0992 
         225  1 0.1001 0.1016 0.1000 0.0993 0.0997 0.0996 0.0988 0.1003 0.1006 0.0999 
         226  1 0.1000 0.1003 0.1016 0.0992 0.1006 0.0989 0.1004 0.1004 0.0999 0.0986 
         227  1 0.1007 0.0998 0.1003 0.0992 0.0999 0.1005 0.0992 0.1000 0.1003 0.1001 
         228  1 0.0997 0.0991 0.0985 0.1024 0.1008 0.0991 0.1004 0.0994 0.1002 0.1003 
         229  1 0.0998 0.1003 0.0984 0.1006 0.0994 0.1024 0.0987 0.0982 0.0998 0.1024 
         230  1 0.1000 0.0998 0.1006 0.0999 0.0996 0.1002 0.1000 0.1004 0.0998 0.0999 
         231  1 0.1005 0.0996 0.0993 0.1002 0.1020 0.0990 0.0998 0.1005 0.1003 0.0987 
         232  1 0.0989 0.1006 0.1012 0.1002 0.1009 0.0986 0.1015 0.1000 0.0999 0.0981 
         233  1 0.1010 0.0991 0.1003 0.1002 0.1000 0.0991 0.0998 0.1014 0.1003 0.0988 
         234  1 0.0998 0.1001 0.0986 0.1005 0.0991 0.1014 0.0995 0.0999 0.0998 0.1012 
         235  1 0.0992 0.1009 0.0997 0.0999 0.0999 0.1003 0.0997 0.0994 0.1003 0.1007 
         236  1 0.1006 0.1003 0.1003 0.0996 0.1003 0.0999 0.1003 0.0997 0.0993 0.0996 
         237  1 0.0987 0.1003 0.1003 0.1005 0.1012 0.0995 0.1013 0.0986 0.1001 0.0994 
         238  1 0.1006 0.0997 0.0997 0.0994 0.1003 0.0990 0.1002 0.1001 0.1005 0.1005 
         239  1 0.0996 0.1001 0.1004 0.1004 0.1010 0.0989 0.1005 0.0993 0.1005 0.0994 
         240  1 0.1006 0.0981 0.1002 0.1024 0.1024 0.0984 0.1004 0.0992 0.1005 0.0978 
         241  1 0.1001 0.1002 0.0999 0.0999 0.0991 0.1016 0.0989 0.0988 0.1000 0.1014 
         242  1 0.1003 0.0997 0.1003 0.0994 0.0996 0.0998 0.1010 0.0997 0.1003 0.0999 
         243  1 0.0992 0.0991 0.1007 0.0993 0.1015 0.0981 0.1012 0.1016 0.1003 0.0990 
         244  1 0.1001 0.0990 0.1010 0.0997 0.1008 0.0994 0.1011 0.1009 0.0992 0.0988 
         245  1 0.0998 0.0993 0.0997 0.1003 0.1003 0.0993 0.0998 0.1011 0.1003 0.1001 
         246  1 0.0998 0.1003 0.0998 0.1010 0.0998 0.1001 0.0989 0.0999 0.1003 0.0999 
         247  1 0.0997 0.0997 0.0998 0.1011 0.1002 0.1001 0.1004 0.0993 0.0999 0.0997 
         248  1 0.1000 0.1002 0.1007 0.0988 0.0999 0.1007 0.0993 0.1002 0.1002 0.1000 
         249  1 0.1004 0.1000 0.0999 0.0996 0.1010 0.0991 0.0999 0.1006 0.1003 0.0991 
         250  1 0.1010 0.1006 0.0989 0.1000 0.0979 0.1012 0.0992 0.1002 0.0998 0.1013 
         251  1 0.1000 0.1003 0.1003 0.1007 0.1013 0.0991 0.1002 0.1003 0.0996 0.0983 
         252  1 0.0994 0.1003 0.1003 0.0987 0.0998 0.1002 0.1002 0.1006 0.1001 0.1003 
         253  1 0.1006 0.1006 0.1000 0.0991 0.1002 0.1006 0.0989 0.0996 0.1000 0.1005 
         254  1 0.1001 0.0994 0.0992 0.1008 0.1003 0.0999 0.1002 0.1003 0.1002 0.0996 
         255  1 0.0997 0.0996 0.0995 0.1009 0.1009 0.0987 0.1017 0.1000 0.1002 0.0989 
         256  1 0.1009 0.1000 0.1012 0.0988 0.1015 0.0987 0.0998 0.0998 0.1004 0.0990 
         257  1 0.0996 0.0998 0.1005 0.1002 0.0999 0.1003 0.1002 0.1002 0.0993 0.1002 
         258  1 0.1007 0.0997 0.1000 0.1001 0.0997 0.1002 0.0990 0.1006 0.0994 0.1007 
         259  1 0.0989 0.1006 0.0988 0.1016 0.0996 0.1011 0.0989 0.0990 0.1000 0.1015 
         260  1 0.0997 0.1001 0.1001 0.0994 0.1003 0.1005 0.1003 0.0991 0.0991 0.1013 
         261  1 0.1003 0.0997 0.1001 0.1010 0.0993 0.1014 0.0989 0.0999 0.0992 0.1003 
         262  1 0.1001 0.0976 0.0991 0.1033 0.1028 0.0971 0.1006 0.1010 0.1011 0.0972 
         263  1 0.1005 0.0998 0.0998 0.1002 0.0988 0.1009 0.1000 0.1000 0.0998 0.1002 
         264  1 0.0999 0.0988 0.1002 0.1009 0.1010 0.0985 0.1016 0.1000 0.1005 0.0985 
         265  1 0.1004 0.1004 0.1000 0.0990 0.1010 0.0996 0.0993 0.1002 0.1007 0.0994 
         266  1 0.1002 0.1002 0.0993 0.1011 0.0998 0.1001 0.1009 0.0992 0.0992 0.1001 
         267  1 0.0993 0.0999 0.1002 0.1013 0.1003 0.1001 0.0996 0.0988 0.1006 0.0999 
         268  1 0.0991 0.1001 0.0992 0.0996 0.0991 0.1022 0.0997 0.0998 0.0994 0.1019 
         269  1 0.0993 0.1013 0.0996 0.1008 0.0982 0.1018 0.0997 0.0984 0.0995 0.1014 
         270  1 0.0995 0.1002 0.0992 0.1011 0.1014 0.0991 0.1002 0.1001 0.1002 0.0990 
         271  1 0.0988 0.0999 0.0995 0.1010 0.0985 0.1027 0.0989 0.0995 0.0994 0.1018 
         272  1 0.0998 0.0988 0.1008 0.0996 0.1005 0.0991 0.1004 0.1011 0.1005 0.0992 
         273  1 0.1002 0.1004 0.1012 0.0994 0.1005 0.0989 0.1008 0.0997 0.0991 0.0999 
         274  1 0.0997 0.1003 0.0994 0.1007 0.1008 0.0997 0.0997 0.0992 0.0999 0.1004 
         275  1 0.0996 0.0995 0.1013 0.0986 0.1008 0.0993 0.0993 0.1010 0.1010 0.0996 
         276  1 0.0998 0.0997 0.0982 0.1000 0.0983 0.1014 0.0989 0.1007 0.1009 0.1021 
         277  1 0.0994 0.1017 0.0991 0.0994 0.0993 0.1011 0.0996 0.0996 0.0998 0.1008 
         278  1 0.0997 0.1001 0.1007 0.0997 0.0994 0.0994 0.1011 0.1001 0.0993 0.1005 
         279  1 0.0987 0.1009 0.1016 0.1005 0.1004 0.1004 0.0996 0.0985 0.0992 0.1003 
         280  1 0.1001 0.0995 0.0995 0.1018 0.0999 0.1001 0.1006 0.0989 0.1001 0.0995 
         281  1 0.0998 0.0997 0.1007 0.1000 0.0995 0.0997 0.1004 0.0993 0.1000 0.1008 
         282  1 0.1002 0.0996 0.0996 0.0994 0.1001 0.1005 0.1005 0.0999 0.1007 0.0995 
         283  1 0.1006 0.0994 0.1010 0.0999 0.1021 0.0974 0.1019 0.1004 0.0997 0.0976 
         284  1 0.1002 0.1008 0.0999 0.0990 0.1020 0.0981 0.1013 0.0998 0.0999 0.0990 
         285  1 0.0998 0.1004 0.0989 0.1004 0.0987 0.1018 0.0985 0.1004 0.0999 0.1011 
         286  1 0.1015 0.0989 0.0995 0.0996 0.0996 0.1005 0.0997 0.1002 0.1002 0.1003 
         287  1 0.0997 0.0989 0.0997 0.1022 0.0998 0.1005 0.1002 0.0991 0.1000 0.0999 
         288  1 0.1000 0.1008 0.1015 0.0982 0.1002 0.0994 0.0996 0.1008 0.1006 0.0990 
         289  1 0.1004 0.1000 0.1016 0.0990 0.1006 0.0982 0.1010 0.1005 0.1007 0.0980 
         290  1 0.0995 0.0996 0.0998 0.1007 0.1011 0.0979 0.1006 0.1007 0.1013 0.0988 
         291  1 0.0999 0.0993 0.0995 0.1006 0.1000 0.1002 0.1000 0.0999 0.1005 0.1001 
         292  1 0.1001 0.1003 0.0998 0.1002 0.0995 0.1006 0.0995 0.0994 0.1007 0.1000 
         293  1 0.1007 0.1010 0.0999 0.0992 0.1007 0.0991 0.1001 0.1004 0.0990 0.0999 
         294  1 0.0994 0.1009 0.0984 0.1004 0.0981 0.1029 0.0984 0.0997 0.0993 0.1025 
         295  1 0.1000 0.1004 0.1001 0.0999 0.0989 0.1013 0.0987 0.1003 0.0988 0.1016 
         296  1 0.1000 0.0997 0.1000 0.0994 0.1002 0.0989 0.1010 0.1006 0.1013 0.0987 
         297  1 0.0992 0.0996 0.0984 0.1002 0.0999 0.1011 0.0996 0.1006 0.1006 0.1007 
         298  1 0.1000 0.1005 0.1009 0.0996 0.1005 0.0999 0.1002 0.0993 0.0998 0.0993 
         299  1 0.0995 0.0997 0.1005 0.0991 0.1006 0.0996 0.1010 0.1010 0.1000 0.0992 
         300  1 0.1000 0.0999 0.0999 0.0997 0.1003 0.1005 0.0999 0.1002 0.0990 0.1006 
         301  1 0.0997 0.0997 0.1005 0.0996 0.0990 0.1017 0.0998 0.0995 0.0996 0.1009 
         302  1 0.1004 0.0991 0.0995 0.0979 0.1010 0.0991 0.1005 0.1015 0.1008 0.1001 
         303  1 0.0995 0.0998 0.0999 0.1000 0.1007 0.0993 0.1002 0.1002 0.1001 0.1003 
