           1  1 0.1256 0.1235 0.1243 0.1245 0.1256 0.1266 0.1224 0.1274 
           2  1 0.1256 0.1257 0.1258 0.1233 0.1251 0.1250 0.1239 0.1256 
           3  1 0.1264 0.1252 0.1242 0.1251 0.1259 0.1247 0.1234 0.1250 
           4  1 0.1259 0.1229 0.1251 0.1248 0.1254 0.1270 0.1207 0.1281 
           5  1 0.1244 0.1235 0.1250 0.1246 0.1248 0.1278 0.1219 0.1280 
           6  1 0.1248 0.1282 0.1245 0.1246 0.1249 0.1238 0.1264 0.1229 
           7  1 0.1242 0.1263 0.1251 0.1257 0.1255 0.1242 0.1262 0.1228 
           8  1 0.1258 0.1256 0.1241 0.1253 0.1261 0.1240 0.1251 0.1239 
           9  1 0.1263 0.1252 0.1236 0.1247 0.1242 0.1255 0.1249 0.1256 
          10  1 0.1245 0.1250 0.1246 0.1260 0.1245 0.1255 0.1252 0.1246 
          11  1 0.1249 0.1237 0.1257 0.1253 0.1257 0.1261 0.1221 0.1266 
          12  1 0.1240 0.1259 0.1247 0.1250 0.1260 0.1225 0.1291 0.1227 
          13  1 0.1251 0.1267 0.1252 0.1246 0.1257 0.1233 0.1275 0.1219 
          14  1 0.1263 0.1265 0.1248 0.1248 0.1250 0.1231 0.1253 0.1242 
          15  1 0.1256 0.1270 0.1246 0.1240 0.1255 0.1236 0.1268 0.1228 
          16  1 0.1257 0.1223 0.1254 0.1247 0.1237 0.1277 0.1203 0.1302 
          17  1 0.1239 0.1262 0.1253 0.1251 0.1246 0.1231 0.1291 0.1229 
          18  1 0.1245 0.1251 0.1251 0.1262 0.1250 0.1256 0.1236 0.1249 
          19  1 0.1259 0.1234 0.1246 0.1249 0.1242 0.1277 0.1203 0.1290 
          20  1 0.1250 0.1244 0.1255 0.1270 0.1256 0.1251 0.1229 0.1245 
          21  1 0.1267 0.1225 0.1237 0.1218 0.1248 0.1288 0.1212 0.1304 
          22  1 0.1253 0.1272 0.1238 0.1251 0.1260 0.1246 0.1244 0.1237 
          23  1 0.1252 0.1263 0.1236 0.1263 0.1251 0.1246 0.1237 0.1252 
          24  1 0.1244 0.1262 0.1254 0.1251 0.1254 0.1240 0.1268 0.1227 
          25  1 0.1252 0.1251 0.1256 0.1258 0.1259 0.1239 0.1263 0.1223 
          26  1 0.1245 0.1258 0.1259 0.1255 0.1239 0.1255 0.1231 0.1259 
          27  1 0.1251 0.1243 0.1241 0.1246 0.1253 0.1260 0.1241 0.1266 
          28  1 0.1251 0.1264 0.1248 0.1242 0.1260 0.1232 0.1269 0.1233 
          29  1 0.1252 0.1230 0.1255 0.1245 0.1244 0.1264 0.1234 0.1276 
          30  1 0.1237 0.1269 0.1254 0.1243 0.1252 0.1230 0.1285 0.1229 
          31  1 0.1249 0.1252 0.1253 0.1252 0.1237 0.1259 0.1230 0.1267 
          32  1 0.1252 0.1259 0.1241 0.1253 0.1253 0.1242 0.1266 0.1233 
          33  1 0.1253 0.1245 0.1251 0.1252 0.1252 0.1269 0.1220 0.1259 
          34  1 0.1252 0.1246 0.1250 0.1244 0.1245 0.1264 0.1235 0.1263 
          35  1 0.1239 0.1264 0.1242 0.1258 0.1261 0.1234 0.1286 0.1217 
          36  1 0.1251 0.1263 0.1239 0.1255 0.1264 0.1247 0.1232 0.1249 
          37  1 0.1244 0.1266 0.1252 0.1254 0.1256 0.1229 0.1273 0.1226 
          38  1 0.1246 0.1273 0.1245 0.1253 0.1260 0.1228 0.1272 0.1222 
          39  1 0.1255 0.1222 0.1250 0.1246 0.1247 0.1285 0.1204 0.1291 
          40  1 0.1260 0.1234 0.1244 0.1241 0.1239 0.1272 0.1223 0.1287 
          41  1 0.1250 0.1244 0.1253 0.1248 0.1266 0.1245 0.1247 0.1247 
          42  1 0.1243 0.1243 0.1255 0.1248 0.1245 0.1274 0.1235 0.1256 
          43  1 0.1252 0.1262 0.1244 0.1243 0.1274 0.1231 0.1267 0.1229 
          44  1 0.1258 0.1242 0.1240 0.1226 0.1250 0.1268 0.1225 0.1292 
          45  1 0.1243 0.1247 0.1261 0.1255 0.1255 0.1249 0.1254 0.1235 
          46  1 0.1259 0.1240 0.1260 0.1244 0.1241 0.1264 0.1229 0.1263 
          47  1 0.1232 0.1258 0.1261 0.1261 0.1242 0.1237 0.1273 0.1236 
          48  1 0.1262 0.1241 0.1243 0.1223 0.1246 0.1265 0.1232 0.1288 
          49  1 0.1260 0.1287 0.1236 0.1244 0.1263 0.1199 0.1323 0.1187 
          50  1 0.1250 0.1244 0.1258 0.1258 0.1249 0.1245 0.1237 0.1259 
          51  1 0.1249 0.1242 0.1252 0.1243 0.1247 0.1273 0.1227 0.1267 
          52  1 0.1260 0.1252 0.1246 0.1253 0.1242 0.1246 0.1256 0.1243 
          53  1 0.1243 0.1252 0.1254 0.1244 0.1238 0.1249 0.1272 0.1246 
          54  1 0.1243 0.1257 0.1252 0.1251 0.1236 0.1250 0.1261 0.1251 
          55  1 0.1261 0.1222 0.1244 0.1226 0.1249 0.1292 0.1188 0.1318 
          56  1 0.1253 0.1226 0.1265 0.1247 0.1246 0.1275 0.1203 0.1284 
          57  1 0.1240 0.1256 0.1250 0.1273 0.1257 0.1239 0.1250 0.1234 
          58  1 0.1252 0.1238 0.1260 0.1250 0.1240 0.1248 0.1256 0.1256 
          59  1 0.1246 0.1249 0.1250 0.1263 0.1251 0.1236 0.1272 0.1234 
          60  1 0.1249 0.1266 0.1246 0.1265 0.1243 0.1227 0.1278 0.1227 
          61  1 0.1238 0.1234 0.1263 0.1261 0.1259 0.1246 0.1261 0.1238 
          62  1 0.1252 0.1252 0.1248 0.1255 0.1258 0.1244 0.1251 0.1241 
          63  1 0.1261 0.1233 0.1261 0.1238 0.1239 0.1269 0.1212 0.1285 
          64  1 0.1255 0.1236 0.1254 0.1240 0.1238 0.1275 0.1212 0.1290 
          65  1 0.1247 0.1258 0.1251 0.1249 0.1249 0.1246 0.1254 0.1246 
          66  1 0.1257 0.1251 0.1243 0.1255 0.1248 0.1247 0.1253 0.1246 
          67  1 0.1248 0.1247 0.1254 0.1251 0.1256 0.1247 0.1250 0.1248 
          68  1 0.1246 0.1255 0.1250 0.1255 0.1245 0.1241 0.1278 0.1230 
          69  1 0.1262 0.1254 0.1249 0.1235 0.1260 0.1247 0.1239 0.1253 
          70  1 0.1250 0.1261 0.1248 0.1260 0.1244 0.1245 0.1246 0.1246 
          71  1 0.1243 0.1259 0.1261 0.1244 0.1245 0.1239 0.1263 0.1246 
          72  1 0.1261 0.1246 0.1245 0.1242 0.1249 0.1262 0.1216 0.1279 
          73  1 0.1250 0.1243 0.1245 0.1255 0.1245 0.1264 0.1229 0.1269 
          74  1 0.1253 0.1262 0.1255 0.1254 0.1251 0.1239 0.1262 0.1226 
          75  1 0.1238 0.1256 0.1248 0.1253 0.1261 0.1245 0.1259 0.1240 
          76  1 0.1237 0.1265 0.1248 0.1253 0.1239 0.1232 0.1302 0.1224 
          77  1 0.1253 0.1266 0.1247 0.1256 0.1248 0.1228 0.1280 0.1223 
          78  1 0.1242 0.1243 0.1252 0.1245 0.1246 0.1265 0.1238 0.1269 
          79  1 0.1250 0.1246 0.1254 0.1262 0.1257 0.1250 0.1243 0.1240 
          80  1 0.1261 0.1238 0.1245 0.1245 0.1246 0.1277 0.1194 0.1293 
          81  1 0.1238 0.1246 0.1259 0.1257 0.1237 0.1237 0.1295 0.1231 
          82  1 0.1241 0.1260 0.1261 0.1252 0.1248 0.1243 0.1259 0.1236 
          83  1 0.1249 0.1249 0.1254 0.1251 0.1246 0.1261 0.1238 0.1252 
          84  1 0.1250 0.1243 0.1251 0.1252 0.1246 0.1252 0.1259 0.1247 
          85  1 0.1244 0.1253 0.1247 0.1253 0.1244 0.1243 0.1277 0.1237 
          86  1 0.1254 0.1237 0.1250 0.1249 0.1246 0.1253 0.1249 0.1262 
          87  1 0.1265 0.1229 0.1241 0.1227 0.1243 0.1292 0.1187 0.1316 
          88  1 0.1241 0.1256 0.1247 0.1269 0.1252 0.1242 0.1267 0.1228 
          89  1 0.1255 0.1238 0.1249 0.1239 0.1251 0.1272 0.1218 0.1276 
          90  1 0.1249 0.1246 0.1244 0.1232 0.1249 0.1267 0.1232 0.1280 
          91  1 0.1248 0.1256 0.1247 0.1258 0.1245 0.1241 0.1261 0.1245 
          92  1 0.1252 0.1262 0.1250 0.1242 0.1247 0.1244 0.1267 0.1236 
          93  1 0.1249 0.1245 0.1249 0.1250 0.1254 0.1260 0.1248 0.1244 
          94  1 0.1243 0.1269 0.1237 0.1253 0.1269 0.1232 0.1283 0.1213 
          95  1 0.1246 0.1261 0.1251 0.1253 0.1250 0.1230 0.1281 0.1228 
          96  1 0.1252 0.1248 0.1246 0.1248 0.1260 0.1249 0.1248 0.1248 
          97  1 0.1267 0.1223 0.1248 0.1232 0.1246 0.1301 0.1179 0.1305 
          98  1 0.1244 0.1259 0.1256 0.1250 0.1245 0.1231 0.1287 0.1229 
          99  1 0.1244 0.1279 0.1244 0.1246 0.1253 0.1212 0.1327 0.1195 
         100  1 0.1245 0.1249 0.1239 0.1249 0.1275 0.1247 0.1255 0.1241 
         101  1 0.1247 0.1267 0.1245 0.1245 0.1279 0.1233 0.1250 0.1233 
         102  1 0.1245 0.1255 0.1255 0.1262 0.1245 0.1241 0.1258 0.1238 
         103  1 0.1259 0.1220 0.1250 0.1252 0.1255 0.1274 0.1225 0.1266 
         104  1 0.1248 0.1255 0.1253 0.1254 0.1256 0.1250 0.1236 0.1249 
         105  1 0.1246 0.1240 0.1257 0.1272 0.1239 0.1260 0.1220 0.1266 
         106  1 0.1244 0.1240 0.1257 0.1244 0.1245 0.1272 0.1215 0.1284 
         107  1 0.1261 0.1237 0.1241 0.1247 0.1241 0.1270 0.1229 0.1275 
         108  1 0.1241 0.1253 0.1245 0.1255 0.1246 0.1248 0.1268 0.1244 
         109  1 0.1243 0.1256 0.1252 0.1245 0.1255 0.1247 0.1262 0.1240 
         110  1 0.1250 0.1231 0.1236 0.1242 0.1247 0.1279 0.1229 0.1286 
         111  1 0.1247 0.1266 0.1248 0.1248 0.1241 0.1239 0.1281 0.1229 
         112  1 0.1249 0.1244 0.1249 0.1265 0.1253 0.1247 0.1248 0.1246 
         113  1 0.1245 0.1241 0.1255 0.1258 0.1248 0.1254 0.1243 0.1256 
         114  1 0.1247 0.1278 0.1244 0.1253 0.1263 0.1225 0.1267 0.1224 
         115  1 0.1241 0.1263 0.1261 0.1248 0.1249 0.1240 0.1268 0.1230 
         116  1 0.1245 0.1236 0.1265 0.1252 0.1241 0.1259 0.1241 0.1260 
         117  1 0.1251 0.1236 0.1246 0.1255 0.1254 0.1259 0.1237 0.1262 
         118  1 0.1254 0.1249 0.1256 0.1252 0.1254 0.1245 0.1246 0.1245 
         119  1 0.1240 0.1254 0.1256 0.1247 0.1252 0.1250 0.1244 0.1257 
         120  1 0.1253 0.1266 0.1253 0.1242 0.1256 0.1243 0.1252 0.1235 
         121  1 0.1245 0.1253 0.1250 0.1252 0.1254 0.1243 0.1256 0.1246 
         122  1 0.1252 0.1239 0.1255 0.1235 0.1241 0.1264 0.1222 0.1293 
         123  1 0.1253 0.1247 0.1253 0.1252 0.1260 0.1255 0.1218 0.1261 
         124  1 0.1256 0.1241 0.1247 0.1236 0.1254 0.1270 0.1223 0.1273 
         125  1 0.1251 0.1241 0.1256 0.1251 0.1237 0.1251 0.1261 0.1251 
         126  1 0.1256 0.1235 0.1264 0.1247 0.1247 0.1263 0.1225 0.1263 
         127  1 0.1262 0.1238 0.1241 0.1237 0.1240 0.1274 0.1216 0.1292 
         128  1 0.1260 0.1240 0.1254 0.1247 0.1247 0.1262 0.1221 0.1269 
         129  1 0.1253 0.1239 0.1240 0.1251 0.1260 0.1272 0.1200 0.1285 
         130  1 0.1238 0.1252 0.1250 0.1248 0.1261 0.1249 0.1257 0.1244 
         131  1 0.1252 0.1245 0.1240 0.1235 0.1244 0.1275 0.1210 0.1298 
         132  1 0.1249 0.1258 0.1237 0.1262 0.1251 0.1237 0.1272 0.1233 
         133  1 0.1249 0.1253 0.1258 0.1253 0.1238 0.1244 0.1270 0.1235 
         134  1 0.1246 0.1231 0.1268 0.1251 0.1253 0.1263 0.1225 0.1263 
         135  1 0.1250 0.1267 0.1240 0.1243 0.1254 0.1247 0.1264 0.1235 
         136  1 0.1244 0.1232 0.1254 0.1258 0.1255 0.1277 0.1212 0.1266 
         137  1 0.1240 0.1260 0.1244 0.1262 0.1254 0.1236 0.1282 0.1221 
         138  1 0.1245 0.1237 0.1252 0.1267 0.1259 0.1254 0.1243 0.1243 
         139  1 0.1257 0.1246 0.1262 0.1263 0.1239 0.1242 0.1252 0.1239 
         140  1 0.1250 0.1248 0.1242 0.1254 0.1257 0.1256 0.1227 0.1266 
         141  1 0.1246 0.1264 0.1259 0.1246 0.1247 0.1249 0.1245 0.1242 
         142  1 0.1255 0.1220 0.1250 0.1244 0.1252 0.1277 0.1219 0.1285 
         143  1 0.1262 0.1252 0.1250 0.1237 0.1251 0.1252 0.1249 0.1246 
         144  1 0.1241 0.1258 0.1256 0.1260 0.1258 0.1231 0.1265 0.1232 
         145  1 0.1254 0.1251 0.1250 0.1242 0.1248 0.1251 0.1245 0.1259 
         146  1 0.1257 0.1254 0.1245 0.1254 0.1248 0.1266 0.1219 0.1258 
         147  1 0.1246 0.1262 0.1249 0.1255 0.1253 0.1237 0.1267 0.1231 
         148  1 0.1250 0.1246 0.1253 0.1239 0.1246 0.1260 0.1235 0.1271 
         149  1 0.1247 0.1236 0.1270 0.1247 0.1249 0.1249 0.1252 0.1251 
         150  1 0.1246 0.1236 0.1257 0.1250 0.1251 0.1262 0.1248 0.1250 
         151  1 0.1241 0.1253 0.1248 0.1256 0.1252 0.1232 0.1282 0.1237 
         152  1 0.1254 0.1277 0.1245 0.1258 0.1257 0.1215 0.1284 0.1209 
         153  1 0.1250 0.1266 0.1238 0.1253 0.1258 0.1220 0.1307 0.1208 
         154  1 0.1242 0.1278 0.1257 0.1240 0.1267 0.1213 0.1298 0.1205 
         155  1 0.1249 0.1252 0.1253 0.1261 0.1245 0.1241 0.1261 0.1238 
         156  1 0.1256 0.1259 0.1257 0.1241 0.1248 0.1251 0.1246 0.1243 
         157  1 0.1252 0.1244 0.1258 0.1233 0.1244 0.1265 0.1223 0.1280 
         158  1 0.1242 0.1239 0.1251 0.1245 0.1250 0.1263 0.1247 0.1265 
         159  1 0.1251 0.1258 0.1255 0.1257 0.1241 0.1233 0.1272 0.1232 
         160  1 0.1243 0.1247 0.1248 0.1268 0.1245 0.1248 0.1244 0.1257 
         161  1 0.1263 0.1237 0.1240 0.1246 0.1259 0.1251 0.1233 0.1270 
         162  1 0.1248 0.1248 0.1250 0.1252 0.1251 0.1249 0.1247 0.1255 
         163  1 0.1248 0.1265 0.1249 0.1268 0.1253 0.1223 0.1272 0.1221 
         164  1 0.1255 0.1254 0.1235 0.1226 0.1252 0.1253 0.1258 0.1268 
         165  1 0.1246 0.1253 0.1255 0.1247 0.1245 0.1232 0.1289 0.1233 
         166  1 0.1252 0.1251 0.1250 0.1249 0.1244 0.1230 0.1295 0.1230 
         167  1 0.1245 0.1247 0.1252 0.1251 0.1253 0.1242 0.1264 0.1246 
         168  1 0.1259 0.1247 0.1247 0.1245 0.1252 0.1252 0.1238 0.1262 
         169  1 0.1259 0.1246 0.1240 0.1259 0.1261 0.1252 0.1240 0.1243 
         170  1 0.1254 0.1238 0.1248 0.1261 0.1232 0.1251 0.1259 0.1256 
         171  1 0.1260 0.1253 0.1254 0.1258 0.1244 0.1246 0.1246 0.1240 
         172  1 0.1241 0.1244 0.1258 0.1241 0.1246 0.1265 0.1243 0.1262 
         173  1 0.1239 0.1254 0.1255 0.1254 0.1243 0.1249 0.1258 0.1248 
         174  1 0.1233 0.1276 0.1254 0.1254 0.1248 0.1236 0.1259 0.1241 
         175  1 0.1254 0.1234 0.1253 0.1233 0.1252 0.1267 0.1222 0.1285 
         176  1 0.1245 0.1249 0.1262 0.1259 0.1249 0.1233 0.1285 0.1218 
         177  1 0.1251 0.1248 0.1242 0.1246 0.1249 0.1267 0.1232 0.1265 
         178  1 0.1263 0.1242 0.1250 0.1255 0.1247 0.1257 0.1228 0.1259 
         179  1 0.1249 0.1247 0.1252 0.1253 0.1244 0.1256 0.1242 0.1257 
         180  1 0.1256 0.1246 0.1244 0.1261 0.1243 0.1253 0.1232 0.1265 
         181  1 0.1249 0.1252 0.1256 0.1257 0.1257 0.1237 0.1257 0.1236 
         182  1 0.1249 0.1257 0.1255 0.1254 0.1236 0.1248 0.1235 0.1267 
         183  1 0.1250 0.1256 0.1251 0.1249 0.1252 0.1246 0.1254 0.1242 
         184  1 0.1259 0.1230 0.1251 0.1241 0.1235 0.1280 0.1221 0.1284 
         185  1 0.1233 0.1270 0.1244 0.1246 0.1244 0.1241 0.1291 0.1230 
         186  1 0.1252 0.1257 0.1254 0.1252 0.1256 0.1243 0.1246 0.1239 
         187  1 0.1253 0.1235 0.1247 0.1244 0.1265 0.1280 0.1207 0.1270 
         188  1 0.1249 0.1259 0.1251 0.1246 0.1261 0.1228 0.1268 0.1238 
         189  1 0.1252 0.1248 0.1238 0.1254 0.1273 0.1245 0.1249 0.1241 
         190  1 0.1251 0.1263 0.1245 0.1260 0.1252 0.1242 0.1249 0.1238 
         191  1 0.1254 0.1252 0.1251 0.1244 0.1251 0.1234 0.1276 0.1238 
         192  1 0.1246 0.1252 0.1258 0.1254 0.1244 0.1249 0.1255 0.1242 
         193  1 0.1254 0.1236 0.1254 0.1250 0.1245 0.1264 0.1218 0.1279 
         194  1 0.1248 0.1243 0.1262 0.1242 0.1267 0.1240 0.1258 0.1241 
         195  1 0.1243 0.1236 0.1253 0.1257 0.1255 0.1245 0.1269 0.1242 
         196  1 0.1245 0.1247 0.1249 0.1260 0.1243 0.1263 0.1231 0.1262 
         197  1 0.1237 0.1255 0.1245 0.1266 0.1238 0.1243 0.1279 0.1237 
         198  1 0.1254 0.1241 0.1250 0.1253 0.1246 0.1254 0.1250 0.1251 
         199  1 0.1245 0.1254 0.1251 0.1263 0.1252 0.1246 0.1244 0.1244 
         200  1 0.1251 0.1230 0.1236 0.1242 0.1266 0.1280 0.1207 0.1288 
         201  1 0.1243 0.1248 0.1255 0.1259 0.1259 0.1253 0.1237 0.1246 
         202  1 0.1256 0.1248 0.1250 0.1252 0.1248 0.1254 0.1240 0.1252 
         203  1 0.1243 0.1246 0.1252 0.1250 0.1245 0.1257 0.1235 0.1271 
         204  1 0.1257 0.1265 0.1244 0.1237 0.1259 0.1236 0.1258 0.1245 
         205  1 0.1246 0.1231 0.1259 0.1250 0.1257 0.1270 0.1217 0.1271 
         206  1 0.1246 0.1255 0.1249 0.1251 0.1257 0.1231 0.1272 0.1239 
         207  1 0.1250 0.1254 0.1237 0.1243 0.1233 0.1274 0.1218 0.1291 
         208  1 0.1258 0.1239 0.1239 0.1244 0.1252 0.1267 0.1229 0.1272 
         209  1 0.1248 0.1247 0.1247 0.1257 0.1247 0.1251 0.1254 0.1251 
         210  1 0.1239 0.1259 0.1245 0.1264 0.1241 0.1245 0.1274 0.1233 
         211  1 0.1248 0.1270 0.1246 0.1245 0.1256 0.1223 0.1285 0.1225 
         212  1 0.1242 0.1259 0.1247 0.1245 0.1248 0.1242 0.1288 0.1230 
         213  1 0.1249 0.1256 0.1249 0.1246 0.1224 0.1239 0.1309 0.1229 
         214  1 0.1255 0.1268 0.1237 0.1251 0.1251 0.1239 0.1261 0.1238 
         215  1 0.1236 0.1261 0.1251 0.1264 0.1249 0.1238 0.1275 0.1227 
         216  1 0.1251 0.1250 0.1255 0.1261 0.1241 0.1260 0.1244 0.1238 
         217  1 0.1254 0.1255 0.1247 0.1248 0.1257 0.1244 0.1249 0.1246 
         218  1 0.1253 0.1270 0.1238 0.1244 0.1257 0.1232 0.1287 0.1219 
         219  1 0.1247 0.1243 0.1247 0.1260 0.1263 0.1250 0.1250 0.1239 
         220  1 0.1248 0.1237 0.1246 0.1273 0.1241 0.1243 0.1254 0.1259 
         221  1 0.1247 0.1259 0.1254 0.1243 0.1255 0.1232 0.1287 0.1224 
         222  1 0.1251 0.1228 0.1269 0.1264 0.1242 0.1252 0.1249 0.1245 
         223  1 0.1246 0.1236 0.1249 0.1247 0.1277 0.1258 0.1231 0.1255 
         224  1 0.1257 0.1256 0.1259 0.1245 0.1259 0.1246 0.1242 0.1236 
         225  1 0.1247 0.1240 0.1247 0.1257 0.1253 0.1261 0.1237 0.1257 
         226  1 0.1253 0.1259 0.1254 0.1249 0.1252 0.1238 0.1264 0.1230 
         227  1 0.1252 0.1243 0.1255 0.1262 0.1234 0.1257 0.1238 0.1260 
         228  1 0.1235 0.1262 0.1243 0.1244 0.1254 0.1226 0.1305 0.1230 
         229  1 0.1267 0.1219 0.1267 0.1235 0.1241 0.1278 0.1201 0.1291 
         230  1 0.1252 0.1254 0.1250 0.1244 0.1249 0.1252 0.1243 0.1256 
         231  1 0.1247 0.1269 0.1247 0.1250 0.1256 0.1230 0.1277 0.1224 
         232  1 0.1242 0.1263 0.1244 0.1268 0.1255 0.1227 0.1278 0.1224 
         233  1 0.1241 0.1257 0.1252 0.1245 0.1253 0.1236 0.1283 0.1233 
         234  1 0.1252 0.1236 0.1253 0.1247 0.1247 0.1259 0.1246 0.1259 
         235  1 0.1250 0.1250 0.1248 0.1259 0.1250 0.1269 0.1219 0.1257 
         236  1 0.1243 0.1249 0.1257 0.1247 0.1247 0.1249 0.1265 0.1244 
         237  1 0.1252 0.1248 0.1252 0.1262 0.1249 0.1248 0.1245 0.1244 
         238  1 0.1253 0.1262 0.1250 0.1255 0.1249 0.1242 0.1247 0.1243 
         239  1 0.1250 0.1255 0.1249 0.1261 0.1258 0.1232 0.1276 0.1218 
         240  1 0.1244 0.1272 0.1247 0.1246 0.1247 0.1227 0.1304 0.1215 
         241  1 0.1254 0.1240 0.1247 0.1253 0.1233 0.1275 0.1226 0.1272 
         242  1 0.1260 0.1250 0.1246 0.1245 0.1244 0.1246 0.1265 0.1244 
         243  1 0.1234 0.1259 0.1254 0.1254 0.1232 0.1228 0.1316 0.1223 
         244  1 0.1244 0.1262 0.1251 0.1247 0.1244 0.1243 0.1275 0.1234 
         245  1 0.1250 0.1257 0.1230 0.1234 0.1261 0.1252 0.1274 0.1241 
         246  1 0.1248 0.1241 0.1255 0.1255 0.1254 0.1248 0.1258 0.1240 
         247  1 0.1259 0.1245 0.1255 0.1245 0.1241 0.1240 0.1274 0.1240 
         248  1 0.1256 0.1230 0.1245 0.1257 0.1252 0.1267 0.1230 0.1263 
         249  1 0.1246 0.1271 0.1242 0.1247 0.1274 0.1238 0.1252 0.1229 
         250  1 0.1246 0.1234 0.1262 0.1236 0.1251 0.1266 0.1228 0.1276 
         251  1 0.1248 0.1268 0.1247 0.1244 0.1258 0.1230 0.1274 0.1232 
         252  1 0.1253 0.1248 0.1252 0.1257 0.1251 0.1259 0.1223 0.1257 
         253  1 0.1249 0.1240 0.1250 0.1250 0.1243 0.1249 0.1261 0.1258 
         254  1 0.1257 0.1268 0.1238 0.1239 0.1253 0.1234 0.1286 0.1225 
         255  1 0.1254 0.1252 0.1243 0.1254 0.1256 0.1239 0.1267 0.1235 
         256  1 0.1241 0.1255 0.1258 0.1261 0.1246 0.1241 0.1251 0.1246 
         257  1 0.1243 0.1247 0.1254 0.1241 0.1239 0.1256 0.1255 0.1265 
         258  1 0.1253 0.1235 0.1254 0.1260 0.1241 0.1262 0.1227 0.1268 
         259  1 0.1261 0.1253 0.1239 0.1262 0.1252 0.1260 0.1217 0.1257 
         260  1 0.1246 0.1246 0.1251 0.1242 0.1242 0.1251 0.1264 0.1257 
         261  1 0.1250 0.1236 0.1246 0.1245 0.1256 0.1264 0.1234 0.1269 
         262  1 0.1266 0.1294 0.1236 0.1232 0.1261 0.1195 0.1326 0.1191 
         263  1 0.1256 0.1250 0.1242 0.1240 0.1256 0.1250 0.1245 0.1261 
         264  1 0.1245 0.1257 0.1257 0.1257 0.1257 0.1229 0.1269 0.1229 
         265  1 0.1245 0.1242 0.1253 0.1258 0.1245 0.1248 0.1251 0.1258 
         266  1 0.1256 0.1243 0.1251 0.1244 0.1244 0.1253 0.1256 0.1254 
         267  1 0.1246 0.1239 0.1251 0.1257 0.1238 0.1256 0.1253 0.1260 
         268  1 0.1243 0.1244 0.1254 0.1240 0.1250 0.1267 0.1232 0.1269 
         269  1 0.1262 0.1231 0.1238 0.1237 0.1247 0.1271 0.1222 0.1292 
         270  1 0.1251 0.1262 0.1240 0.1249 0.1260 0.1243 0.1256 0.1238 
         271  1 0.1263 0.1229 0.1260 0.1252 0.1240 0.1268 0.1212 0.1277 
         272  1 0.1249 0.1251 0.1254 0.1257 0.1250 0.1231 0.1283 0.1225 
         273  1 0.1255 0.1259 0.1258 0.1250 0.1240 0.1250 0.1241 0.1247 
         274  1 0.1240 0.1258 0.1236 0.1251 0.1257 0.1252 0.1252 0.1255 
         275  1 0.1248 0.1252 0.1251 0.1255 0.1246 0.1254 0.1244 0.1251 
         276  1 0.1260 0.1234 0.1263 0.1236 0.1247 0.1269 0.1209 0.1283 
         277  1 0.1232 0.1244 0.1243 0.1257 0.1236 0.1256 0.1281 0.1251 
         278  1 0.1246 0.1234 0.1252 0.1249 0.1241 0.1258 0.1253 0.1267 
         279  1 0.1254 0.1240 0.1247 0.1256 0.1242 0.1264 0.1225 0.1273 
         280  1 0.1254 0.1258 0.1256 0.1243 0.1248 0.1249 0.1257 0.1236 
         281  1 0.1242 0.1253 0.1253 0.1253 0.1243 0.1263 0.1237 0.1255 
         282  1 0.1252 0.1252 0.1255 0.1246 0.1258 0.1234 0.1267 0.1236 
         283  1 0.1235 0.1272 0.1244 0.1244 0.1255 0.1223 0.1316 0.1210 
         284  1 0.1246 0.1259 0.1250 0.1250 0.1235 0.1230 0.1305 0.1225 
         285  1 0.1256 0.1246 0.1239 0.1252 0.1268 0.1264 0.1210 0.1267 
         286  1 0.1252 0.1254 0.1248 0.1241 0.1265 0.1243 0.1246 0.1251 
         287  1 0.1259 0.1250 0.1247 0.1247 0.1250 0.1238 0.1260 0.1249 
         288  1 0.1243 0.1257 0.1244 0.1259 0.1254 0.1259 0.1236 0.1247 
         289  1 0.1244 0.1254 0.1259 0.1254 0.1263 0.1224 0.1276 0.1226 
         290  1 0.1245 0.1259 0.1247 0.1255 0.1269 0.1228 0.1278 0.1219 
         291  1 0.1250 0.1267 0.1245 0.1235 0.1248 0.1248 0.1265 0.1242 
         292  1 0.1251 0.1241 0.1254 0.1246 0.1254 0.1258 0.1237 0.1260 
         293  1 0.1241 0.1243 0.1255 0.1254 0.1244 0.1247 0.1276 0.1241 
         294  1 0.1253 0.1224 0.1260 0.1226 0.1238 0.1272 0.1241 0.1285 
         295  1 0.1258 0.1239 0.1255 0.1236 0.1244 0.1280 0.1205 0.1283 
         296  1 0.1242 0.1253 0.1243 0.1255 0.1274 0.1241 0.1259 0.1233 
         297  1 0.1250 0.1249 0.1252 0.1250 0.1254 0.1259 0.1228 0.1259 
         298  1 0.1239 0.1261 0.1256 0.1244 0.1247 0.1243 0.1263 0.1246 
         299  1 0.1247 0.1255 0.1245 0.1247 0.1265 0.1245 0.1264 0.1232 
         300  1 0.1248 0.1249 0.1253 0.1250 0.1235 0.1250 0.1256 0.1261 
         301  1 0.1250 0.1239 0.1262 0.1254 0.1242 0.1271 0.1213 0.1268 
         302  1 0.1240 0.1247 0.1248 0.1256 0.1234 0.1240 0.1303 0.1232 
         303  1 0.1247 0.1256 0.1252 0.1261 0.1254 0.1245 0.1251 0.1235 
