           1  1 0.1660 0.1658 0.1662 0.1717 0.1651 0.1652 
           2  1 0.1678 0.1676 0.1655 0.1665 0.1659 0.1667 
           3  1 0.1677 0.1674 0.1661 0.1681 0.1653 0.1654 
           4  1 0.1665 0.1650 0.1671 0.1707 0.1648 0.1657 
           5  1 0.1662 0.1652 0.1652 0.1724 0.1643 0.1668 
           6  1 0.1684 0.1655 0.1675 0.1614 0.1687 0.1685 
           7  1 0.1657 0.1691 0.1700 0.1625 0.1655 0.1673 
           8  1 0.1650 0.1678 0.1685 0.1633 0.1691 0.1663 
           9  1 0.1665 0.1657 0.1670 0.1659 0.1680 0.1669 
          10  1 0.1672 0.1660 0.1664 0.1662 0.1662 0.1680 
          11  1 0.1659 0.1661 0.1667 0.1692 0.1664 0.1657 
          12  1 0.1652 0.1706 0.1682 0.1603 0.1691 0.1666 
          13  1 0.1664 0.1713 0.1665 0.1622 0.1679 0.1658 
          14  1 0.1679 0.1701 0.1651 0.1644 0.1652 0.1675 
          15  1 0.1661 0.1698 0.1684 0.1625 0.1678 0.1654 
          16  1 0.1681 0.1634 0.1651 0.1756 0.1638 0.1641 
          17  1 0.1667 0.1703 0.1671 0.1628 0.1671 0.1660 
          18  1 0.1652 0.1675 0.1672 0.1670 0.1658 0.1674 
          19  1 0.1674 0.1639 0.1647 0.1735 0.1640 0.1665 
          20  1 0.1671 0.1666 0.1682 0.1645 0.1652 0.1684 
          21  1 0.1685 0.1638 0.1634 0.1801 0.1624 0.1619 
          22  1 0.1660 0.1663 0.1675 0.1632 0.1679 0.1690 
          23  1 0.1676 0.1682 0.1655 0.1665 0.1643 0.1680 
          24  1 0.1664 0.1680 0.1690 0.1631 0.1669 0.1666 
          25  1 0.1646 0.1701 0.1711 0.1620 0.1662 0.1660 
          26  1 0.1658 0.1690 0.1654 0.1661 0.1663 0.1674 
          27  1 0.1675 0.1651 0.1650 0.1695 0.1665 0.1664 
          28  1 0.1665 0.1691 0.1673 0.1632 0.1668 0.1670 
          29  1 0.1677 0.1640 0.1652 0.1718 0.1640 0.1674 
          30  1 0.1679 0.1670 0.1670 0.1628 0.1674 0.1679 
          31  1 0.1668 0.1663 0.1653 0.1690 0.1662 0.1663 
          32  1 0.1654 0.1662 0.1687 0.1640 0.1685 0.1673 
          33  1 0.1660 0.1663 0.1686 0.1661 0.1662 0.1668 
          34  1 0.1656 0.1662 0.1651 0.1702 0.1661 0.1668 
          35  1 0.1659 0.1689 0.1690 0.1622 0.1663 0.1677 
          36  1 0.1670 0.1674 0.1665 0.1672 0.1662 0.1657 
          37  1 0.1648 0.1675 0.1708 0.1605 0.1693 0.1671 
          38  1 0.1651 0.1671 0.1695 0.1616 0.1699 0.1667 
          39  1 0.1667 0.1628 0.1660 0.1756 0.1639 0.1651 
          40  1 0.1670 0.1641 0.1646 0.1726 0.1657 0.1659 
          41  1 0.1670 0.1667 0.1655 0.1691 0.1643 0.1674 
          42  1 0.1665 0.1655 0.1655 0.1684 0.1663 0.1678 
          43  1 0.1658 0.1695 0.1680 0.1625 0.1678 0.1663 
          44  1 0.1670 0.1631 0.1647 0.1738 0.1666 0.1647 
          45  1 0.1662 0.1659 0.1689 0.1651 0.1665 0.1673 
          46  1 0.1672 0.1641 0.1646 0.1698 0.1672 0.1671 
          47  1 0.1661 0.1673 0.1687 0.1623 0.1682 0.1673 
          48  1 0.1674 0.1657 0.1651 0.1722 0.1648 0.1648 
          49  1 0.1662 0.1757 0.1704 0.1565 0.1667 0.1644 
          50  1 0.1671 0.1648 0.1667 0.1666 0.1670 0.1678 
          51  1 0.1678 0.1651 0.1654 0.1695 0.1655 0.1668 
          52  1 0.1655 0.1659 0.1680 0.1657 0.1676 0.1672 
          53  1 0.1671 0.1644 0.1661 0.1670 0.1679 0.1675 
          54  1 0.1674 0.1647 0.1661 0.1652 0.1691 0.1676 
          55  1 0.1696 0.1611 0.1627 0.1794 0.1635 0.1637 
          56  1 0.1666 0.1642 0.1657 0.1725 0.1636 0.1674 
          57  1 0.1657 0.1668 0.1682 0.1631 0.1686 0.1676 
          58  1 0.1675 0.1659 0.1646 0.1679 0.1662 0.1679 
          59  1 0.1667 0.1687 0.1670 0.1654 0.1655 0.1667 
          60  1 0.1663 0.1677 0.1687 0.1609 0.1686 0.1678 
          61  1 0.1676 0.1662 0.1650 0.1672 0.1663 0.1677 
          62  1 0.1660 0.1669 0.1678 0.1659 0.1659 0.1675 
          63  1 0.1688 0.1633 0.1630 0.1745 0.1649 0.1656 
          64  1 0.1680 0.1643 0.1663 0.1731 0.1635 0.1649 
          65  1 0.1680 0.1671 0.1662 0.1653 0.1659 0.1675 
          66  1 0.1665 0.1678 0.1663 0.1665 0.1666 0.1664 
          67  1 0.1666 0.1656 0.1663 0.1669 0.1661 0.1685 
          68  1 0.1670 0.1689 0.1678 0.1648 0.1654 0.1661 
          69  1 0.1661 0.1685 0.1668 0.1692 0.1647 0.1647 
          70  1 0.1676 0.1669 0.1656 0.1657 0.1661 0.1680 
          71  1 0.1670 0.1677 0.1667 0.1630 0.1679 0.1677 
          72  1 0.1686 0.1648 0.1647 0.1699 0.1653 0.1667 
          73  1 0.1685 0.1662 0.1657 0.1683 0.1647 0.1665 
          74  1 0.1640 0.1683 0.1689 0.1610 0.1703 0.1675 
          75  1 0.1671 0.1646 0.1687 0.1655 0.1672 0.1670 
          76  1 0.1677 0.1690 0.1671 0.1620 0.1671 0.1672 
          77  1 0.1661 0.1697 0.1697 0.1628 0.1659 0.1658 
          78  1 0.1683 0.1646 0.1647 0.1687 0.1666 0.1671 
          79  1 0.1658 0.1664 0.1686 0.1647 0.1677 0.1667 
          80  1 0.1670 0.1621 0.1654 0.1741 0.1652 0.1662 
          81  1 0.1671 0.1670 0.1665 0.1633 0.1675 0.1687 
          82  1 0.1662 0.1657 0.1667 0.1637 0.1696 0.1681 
          83  1 0.1665 0.1667 0.1663 0.1679 0.1667 0.1659 
          84  1 0.1658 0.1662 0.1662 0.1664 0.1680 0.1674 
          85  1 0.1663 0.1670 0.1670 0.1649 0.1676 0.1672 
          86  1 0.1672 0.1655 0.1679 0.1662 0.1659 0.1673 
          87  1 0.1689 0.1611 0.1646 0.1787 0.1630 0.1637 
          88  1 0.1658 0.1675 0.1676 0.1639 0.1678 0.1672 
          89  1 0.1669 0.1665 0.1638 0.1736 0.1640 0.1652 
          90  1 0.1670 0.1661 0.1655 0.1702 0.1659 0.1653 
          91  1 0.1666 0.1658 0.1655 0.1673 0.1670 0.1678 
          92  1 0.1685 0.1649 0.1661 0.1661 0.1673 0.1672 
          93  1 0.1669 0.1660 0.1657 0.1677 0.1662 0.1674 
          94  1 0.1657 0.1681 0.1716 0.1606 0.1679 0.1660 
          95  1 0.1664 0.1707 0.1676 0.1612 0.1686 0.1656 
          96  1 0.1663 0.1658 0.1677 0.1663 0.1680 0.1659 
          97  1 0.1677 0.1624 0.1632 0.1776 0.1633 0.1657 
          98  1 0.1666 0.1674 0.1671 0.1643 0.1674 0.1673 
          99  1 0.1673 0.1734 0.1673 0.1583 0.1669 0.1667 
         100  1 0.1661 0.1664 0.1683 0.1651 0.1684 0.1657 
         101  1 0.1655 0.1672 0.1676 0.1650 0.1688 0.1658 
         102  1 0.1665 0.1673 0.1677 0.1625 0.1679 0.1681 
         103  1 0.1668 0.1665 0.1648 0.1702 0.1652 0.1665 
         104  1 0.1663 0.1672 0.1666 0.1653 0.1663 0.1683 
         105  1 0.1656 0.1652 0.1682 0.1687 0.1654 0.1669 
         106  1 0.1676 0.1634 0.1657 0.1722 0.1643 0.1668 
         107  1 0.1678 0.1660 0.1652 0.1719 0.1661 0.1630 
         108  1 0.1659 0.1679 0.1666 0.1670 0.1665 0.1661 
         109  1 0.1661 0.1669 0.1678 0.1651 0.1675 0.1666 
         110  1 0.1677 0.1627 0.1636 0.1748 0.1655 0.1656 
         111  1 0.1667 0.1656 0.1675 0.1632 0.1696 0.1674 
         112  1 0.1680 0.1676 0.1663 0.1678 0.1637 0.1667 
         113  1 0.1670 0.1655 0.1660 0.1678 0.1665 0.1672 
         114  1 0.1653 0.1687 0.1694 0.1625 0.1677 0.1664 
         115  1 0.1675 0.1666 0.1677 0.1619 0.1686 0.1678 
         116  1 0.1673 0.1673 0.1656 0.1686 0.1647 0.1666 
         117  1 0.1666 0.1668 0.1675 0.1663 0.1670 0.1657 
         118  1 0.1655 0.1671 0.1687 0.1665 0.1655 0.1667 
         119  1 0.1675 0.1653 0.1651 0.1683 0.1666 0.1673 
         120  1 0.1664 0.1676 0.1674 0.1652 0.1668 0.1667 
         121  1 0.1661 0.1667 0.1662 0.1658 0.1678 0.1673 
         122  1 0.1674 0.1639 0.1662 0.1717 0.1654 0.1654 
         123  1 0.1666 0.1667 0.1649 0.1684 0.1662 0.1672 
         124  1 0.1679 0.1646 0.1678 0.1706 0.1642 0.1650 
         125  1 0.1675 0.1656 0.1675 0.1668 0.1662 0.1664 
         126  1 0.1660 0.1670 0.1651 0.1690 0.1659 0.1670 
         127  1 0.1684 0.1632 0.1625 0.1754 0.1652 0.1653 
         128  1 0.1673 0.1648 0.1643 0.1711 0.1659 0.1666 
         129  1 0.1672 0.1648 0.1635 0.1738 0.1650 0.1657 
         130  1 0.1655 0.1677 0.1674 0.1636 0.1695 0.1663 
         131  1 0.1679 0.1628 0.1648 0.1745 0.1655 0.1644 
         132  1 0.1662 0.1658 0.1670 0.1648 0.1680 0.1682 
         133  1 0.1657 0.1688 0.1672 0.1630 0.1682 0.1671 
         134  1 0.1675 0.1653 0.1661 0.1698 0.1648 0.1664 
         135  1 0.1674 0.1660 0.1674 0.1631 0.1688 0.1673 
         136  1 0.1671 0.1641 0.1668 0.1710 0.1648 0.1663 
         137  1 0.1652 0.1694 0.1678 0.1619 0.1689 0.1667 
         138  1 0.1647 0.1675 0.1688 0.1655 0.1664 0.1671 
         139  1 0.1656 0.1679 0.1689 0.1641 0.1671 0.1664 
         140  1 0.1668 0.1641 0.1663 0.1690 0.1672 0.1665 
         141  1 0.1686 0.1670 0.1660 0.1643 0.1659 0.1682 
         142  1 0.1668 0.1630 0.1687 0.1734 0.1642 0.1639 
         143  1 0.1668 0.1681 0.1664 0.1666 0.1651 0.1670 
         144  1 0.1640 0.1672 0.1706 0.1613 0.1691 0.1677 
         145  1 0.1673 0.1662 0.1662 0.1696 0.1648 0.1659 
         146  1 0.1666 0.1651 0.1670 0.1677 0.1661 0.1674 
         147  1 0.1660 0.1710 0.1666 0.1631 0.1666 0.1668 
         148  1 0.1663 0.1664 0.1654 0.1719 0.1655 0.1645 
         149  1 0.1674 0.1665 0.1680 0.1661 0.1658 0.1663 
         150  1 0.1672 0.1669 0.1649 0.1683 0.1651 0.1675 
         151  1 0.1659 0.1669 0.1677 0.1625 0.1700 0.1669 
         152  1 0.1659 0.1707 0.1689 0.1603 0.1677 0.1666 
         153  1 0.1661 0.1704 0.1690 0.1622 0.1668 0.1655 
         154  1 0.1663 0.1701 0.1690 0.1589 0.1684 0.1672 
         155  1 0.1664 0.1671 0.1692 0.1635 0.1671 0.1667 
         156  1 0.1663 0.1680 0.1672 0.1648 0.1665 0.1672 
         157  1 0.1662 0.1645 0.1657 0.1717 0.1670 0.1650 
         158  1 0.1665 0.1668 0.1652 0.1673 0.1666 0.1677 
         159  1 0.1655 0.1690 0.1667 0.1630 0.1705 0.1654 
         160  1 0.1660 0.1655 0.1678 0.1652 0.1673 0.1681 
         161  1 0.1655 0.1667 0.1659 0.1708 0.1663 0.1648 
         162  1 0.1663 0.1651 0.1662 0.1679 0.1671 0.1672 
         163  1 0.1641 0.1690 0.1685 0.1622 0.1705 0.1656 
         164  1 0.1667 0.1660 0.1672 0.1710 0.1655 0.1635 
         165  1 0.1671 0.1660 0.1656 0.1637 0.1698 0.1678 
         166  1 0.1659 0.1681 0.1673 0.1627 0.1698 0.1662 
         167  1 0.1672 0.1664 0.1668 0.1652 0.1657 0.1687 
         168  1 0.1654 0.1656 0.1668 0.1656 0.1691 0.1675 
         169  1 0.1657 0.1679 0.1671 0.1664 0.1668 0.1661 
         170  1 0.1667 0.1649 0.1666 0.1668 0.1679 0.1670 
         171  1 0.1662 0.1663 0.1664 0.1651 0.1676 0.1683 
         172  1 0.1676 0.1637 0.1658 0.1703 0.1666 0.1659 
         173  1 0.1660 0.1650 0.1661 0.1667 0.1688 0.1674 
         174  1 0.1663 0.1660 0.1675 0.1660 0.1669 0.1673 
         175  1 0.1672 0.1647 0.1643 0.1742 0.1643 0.1653 
         176  1 0.1650 0.1693 0.1699 0.1617 0.1671 0.1670 
         177  1 0.1682 0.1646 0.1647 0.1700 0.1662 0.1663 
         178  1 0.1660 0.1673 0.1682 0.1662 0.1651 0.1673 
         179  1 0.1674 0.1653 0.1653 0.1682 0.1668 0.1670 
         180  1 0.1676 0.1674 0.1670 0.1690 0.1632 0.1658 
         181  1 0.1665 0.1699 0.1670 0.1640 0.1649 0.1678 
         182  1 0.1679 0.1664 0.1649 0.1677 0.1646 0.1685 
         183  1 0.1667 0.1664 0.1669 0.1641 0.1673 0.1685 
         184  1 0.1685 0.1637 0.1633 0.1748 0.1649 0.1648 
         185  1 0.1669 0.1653 0.1684 0.1605 0.1713 0.1676 
         186  1 0.1666 0.1685 0.1651 0.1663 0.1661 0.1674 
         187  1 0.1680 0.1639 0.1645 0.1718 0.1656 0.1662 
         188  1 0.1681 0.1685 0.1660 0.1648 0.1665 0.1661 
         189  1 0.1652 0.1670 0.1678 0.1644 0.1682 0.1674 
         190  1 0.1649 0.1686 0.1683 0.1640 0.1671 0.1672 
         191  1 0.1655 0.1678 0.1667 0.1649 0.1671 0.1679 
         192  1 0.1660 0.1680 0.1679 0.1651 0.1659 0.1671 
         193  1 0.1669 0.1655 0.1645 0.1703 0.1659 0.1670 
         194  1 0.1650 0.1694 0.1670 0.1646 0.1688 0.1651 
         195  1 0.1664 0.1676 0.1665 0.1650 0.1682 0.1664 
         196  1 0.1667 0.1644 0.1669 0.1667 0.1692 0.1662 
         197  1 0.1667 0.1680 0.1681 0.1634 0.1665 0.1673 
         198  1 0.1677 0.1648 0.1657 0.1671 0.1664 0.1683 
         199  1 0.1656 0.1657 0.1694 0.1645 0.1671 0.1676 
         200  1 0.1677 0.1636 0.1649 0.1756 0.1634 0.1648 
         201  1 0.1666 0.1660 0.1665 0.1657 0.1673 0.1678 
         202  1 0.1678 0.1659 0.1662 0.1676 0.1654 0.1671 
         203  1 0.1671 0.1658 0.1651 0.1703 0.1647 0.1669 
         204  1 0.1668 0.1702 0.1667 0.1648 0.1660 0.1656 
         205  1 0.1673 0.1638 0.1665 0.1709 0.1649 0.1665 
         206  1 0.1657 0.1687 0.1676 0.1636 0.1676 0.1667 
         207  1 0.1693 0.1630 0.1625 0.1751 0.1643 0.1657 
         208  1 0.1679 0.1648 0.1651 0.1718 0.1646 0.1658 
         209  1 0.1655 0.1656 0.1672 0.1663 0.1684 0.1671 
         210  1 0.1661 0.1661 0.1695 0.1637 0.1664 0.1682 
         211  1 0.1654 0.1711 0.1684 0.1607 0.1686 0.1658 
         212  1 0.1662 0.1676 0.1683 0.1629 0.1678 0.1671 
         213  1 0.1664 0.1675 0.1667 0.1636 0.1690 0.1667 
         214  1 0.1661 0.1667 0.1682 0.1626 0.1680 0.1684 
         215  1 0.1656 0.1657 0.1693 0.1631 0.1687 0.1676 
         216  1 0.1664 0.1665 0.1694 0.1641 0.1664 0.1672 
         217  1 0.1676 0.1676 0.1680 0.1658 0.1654 0.1656 
         218  1 0.1660 0.1721 0.1663 0.1648 0.1665 0.1643 
         219  1 0.1649 0.1686 0.1672 0.1654 0.1673 0.1665 
         220  1 0.1657 0.1652 0.1692 0.1669 0.1669 0.1661 
         221  1 0.1656 0.1686 0.1683 0.1630 0.1672 0.1674 
         222  1 0.1664 0.1666 0.1655 0.1678 0.1646 0.1690 
         223  1 0.1661 0.1672 0.1657 0.1669 0.1681 0.1660 
         224  1 0.1661 0.1691 0.1677 0.1647 0.1662 0.1662 
         225  1 0.1663 0.1672 0.1653 0.1674 0.1657 0.1680 
         226  1 0.1658 0.1659 0.1668 0.1649 0.1687 0.1679 
         227  1 0.1655 0.1677 0.1674 0.1665 0.1669 0.1660 
         228  1 0.1659 0.1706 0.1664 0.1646 0.1668 0.1657 
         229  1 0.1682 0.1645 0.1647 0.1740 0.1623 0.1663 
         230  1 0.1656 0.1661 0.1660 0.1667 0.1683 0.1674 
         231  1 0.1664 0.1702 0.1671 0.1628 0.1662 0.1673 
         232  1 0.1639 0.1671 0.1706 0.1610 0.1713 0.1661 
         233  1 0.1650 0.1683 0.1682 0.1634 0.1690 0.1661 
         234  1 0.1673 0.1651 0.1654 0.1699 0.1659 0.1665 
         235  1 0.1664 0.1666 0.1650 0.1685 0.1656 0.1679 
         236  1 0.1685 0.1639 0.1683 0.1661 0.1667 0.1664 
         237  1 0.1666 0.1679 0.1674 0.1648 0.1666 0.1666 
         238  1 0.1657 0.1656 0.1674 0.1657 0.1682 0.1673 
         239  1 0.1652 0.1696 0.1698 0.1621 0.1667 0.1665 
         240  1 0.1673 0.1714 0.1662 0.1607 0.1687 0.1657 
         241  1 0.1670 0.1635 0.1680 0.1717 0.1645 0.1653 
         242  1 0.1689 0.1668 0.1647 0.1654 0.1673 0.1668 
         243  1 0.1661 0.1662 0.1672 0.1622 0.1706 0.1677 
         244  1 0.1658 0.1664 0.1678 0.1627 0.1691 0.1682 
         245  1 0.1673 0.1674 0.1657 0.1657 0.1673 0.1666 
         246  1 0.1653 0.1677 0.1684 0.1657 0.1661 0.1669 
         247  1 0.1666 0.1692 0.1653 0.1656 0.1678 0.1654 
         248  1 0.1670 0.1649 0.1653 0.1687 0.1651 0.1690 
         249  1 0.1663 0.1687 0.1687 0.1630 0.1670 0.1663 
         250  1 0.1676 0.1656 0.1653 0.1710 0.1649 0.1655 
         251  1 0.1682 0.1682 0.1676 0.1632 0.1652 0.1676 
         252  1 0.1680 0.1652 0.1654 0.1680 0.1672 0.1662 
         253  1 0.1667 0.1649 0.1662 0.1677 0.1677 0.1667 
         254  1 0.1653 0.1693 0.1680 0.1637 0.1684 0.1654 
         255  1 0.1646 0.1673 0.1692 0.1634 0.1681 0.1674 
         256  1 0.1670 0.1666 0.1669 0.1646 0.1660 0.1690 
         257  1 0.1672 0.1649 0.1646 0.1675 0.1674 0.1684 
         258  1 0.1656 0.1645 0.1692 0.1692 0.1656 0.1660 
         259  1 0.1670 0.1667 0.1651 0.1719 0.1636 0.1657 
         260  1 0.1688 0.1646 0.1655 0.1681 0.1655 0.1675 
         261  1 0.1672 0.1673 0.1643 0.1704 0.1664 0.1645 
         262  1 0.1656 0.1749 0.1693 0.1567 0.1690 0.1645 
         263  1 0.1666 0.1673 0.1648 0.1693 0.1665 0.1655 
         264  1 0.1671 0.1684 0.1695 0.1627 0.1659 0.1665 
         265  1 0.1678 0.1664 0.1662 0.1661 0.1659 0.1676 
         266  1 0.1664 0.1678 0.1668 0.1673 0.1646 0.1671 
         267  1 0.1673 0.1663 0.1666 0.1679 0.1644 0.1674 
         268  1 0.1677 0.1647 0.1645 0.1725 0.1652 0.1653 
         269  1 0.1672 0.1629 0.1664 0.1727 0.1665 0.1643 
         270  1 0.1665 0.1709 0.1668 0.1635 0.1660 0.1663 
         271  1 0.1663 0.1648 0.1632 0.1741 0.1655 0.1662 
         272  1 0.1666 0.1671 0.1664 0.1639 0.1686 0.1674 
         273  1 0.1687 0.1672 0.1654 0.1647 0.1667 0.1673 
         274  1 0.1679 0.1673 0.1653 0.1674 0.1655 0.1667 
         275  1 0.1649 0.1665 0.1681 0.1648 0.1690 0.1668 
         276  1 0.1679 0.1651 0.1624 0.1737 0.1649 0.1660 
         277  1 0.1677 0.1645 0.1653 0.1689 0.1657 0.1679 
         278  1 0.1665 0.1651 0.1687 0.1667 0.1667 0.1663 
         279  1 0.1671 0.1656 0.1652 0.1711 0.1654 0.1657 
         280  1 0.1652 0.1687 0.1670 0.1650 0.1673 0.1667 
         281  1 0.1674 0.1647 0.1652 0.1699 0.1666 0.1662 
         282  1 0.1666 0.1690 0.1667 0.1646 0.1659 0.1673 
         283  1 0.1657 0.1691 0.1690 0.1588 0.1701 0.1673 
         284  1 0.1676 0.1675 0.1666 0.1626 0.1686 0.1671 
         285  1 0.1671 0.1645 0.1654 0.1717 0.1649 0.1662 
         286  1 0.1675 0.1671 0.1667 0.1660 0.1664 0.1663 
         287  1 0.1667 0.1672 0.1666 0.1674 0.1667 0.1654 
         288  1 0.1674 0.1669 0.1662 0.1656 0.1673 0.1666 
         289  1 0.1677 0.1687 0.1680 0.1615 0.1663 0.1678 
         290  1 0.1630 0.1697 0.1688 0.1619 0.1692 0.1674 
         291  1 0.1651 0.1682 0.1670 0.1657 0.1674 0.1666 
         292  1 0.1673 0.1664 0.1650 0.1696 0.1645 0.1672 
         293  1 0.1689 0.1659 0.1655 0.1662 0.1649 0.1686 
         294  1 0.1684 0.1628 0.1625 0.1759 0.1651 0.1653 
         295  1 0.1674 0.1622 0.1630 0.1751 0.1659 0.1663 
         296  1 0.1659 0.1710 0.1667 0.1631 0.1674 0.1658 
         297  1 0.1663 0.1677 0.1651 0.1692 0.1653 0.1664 
         298  1 0.1661 0.1651 0.1671 0.1675 0.1669 0.1673 
         299  1 0.1663 0.1668 0.1677 0.1630 0.1698 0.1665 
         300  1 0.1664 0.1636 0.1660 0.1685 0.1677 0.1678 
         301  1 0.1667 0.1658 0.1642 0.1709 0.1653 0.1671 
         302  1 0.1650 0.1664 0.1667 0.1641 0.1701 0.1677 
         303  1 0.1651 0.1667 0.1684 0.1648 0.1680 0.1670 
