           1  1 0.3247 0.3437 0.3316 
           2  1 0.3339 0.3401 0.3259 
           3  1 0.3306 0.3370 0.3325 
           4  1 0.3281 0.3483 0.3236 
           5  1 0.3301 0.3545 0.3154 
           6  1 0.3426 0.3181 0.3393 
           7  1 0.3355 0.3222 0.3423 
           8  1 0.3302 0.3250 0.3449 
           9  1 0.3373 0.3324 0.3303 
          10  1 0.3341 0.3294 0.3365 
          11  1 0.3314 0.3450 0.3236 
          12  1 0.3379 0.3122 0.3500 
          13  1 0.3332 0.3199 0.3469 
          14  1 0.3375 0.3280 0.3345 
          15  1 0.3361 0.3207 0.3431 
          16  1 0.3244 0.3644 0.3111 
          17  1 0.3392 0.3260 0.3348 
          18  1 0.3323 0.3316 0.3361 
          19  1 0.3251 0.3500 0.3249 
          20  1 0.3392 0.3326 0.3282 
          21  1 0.3189 0.3652 0.3159 
          22  1 0.3366 0.3190 0.3445 
          23  1 0.3353 0.3306 0.3341 
          24  1 0.3380 0.3244 0.3376 
          25  1 0.3332 0.3189 0.3478 
          26  1 0.3379 0.3326 0.3295 
          27  1 0.3301 0.3355 0.3344 
          28  1 0.3395 0.3253 0.3352 
          29  1 0.3273 0.3521 0.3206 
          30  1 0.3381 0.3170 0.3449 
          31  1 0.3303 0.3423 0.3273 
          32  1 0.3374 0.3240 0.3386 
          33  1 0.3367 0.3352 0.3280 
          34  1 0.3315 0.3440 0.3244 
          35  1 0.3359 0.3208 0.3433 
          36  1 0.3346 0.3354 0.3300 
          37  1 0.3370 0.3099 0.3531 
          38  1 0.3383 0.3101 0.3516 
          39  1 0.3261 0.3588 0.3151 
          40  1 0.3274 0.3519 0.3208 
          41  1 0.3311 0.3409 0.3280 
          42  1 0.3335 0.3408 0.3257 
          43  1 0.3344 0.3218 0.3438 
          44  1 0.3226 0.3538 0.3236 
          45  1 0.3332 0.3309 0.3360 
          46  1 0.3299 0.3472 0.3229 
          47  1 0.3413 0.3201 0.3386 
          48  1 0.3276 0.3437 0.3287 
          49  1 0.3371 0.3088 0.3541 
          50  1 0.3352 0.3337 0.3310 
          51  1 0.3331 0.3397 0.3272 
          52  1 0.3297 0.3298 0.3405 
          53  1 0.3328 0.3324 0.3349 
          54  1 0.3365 0.3280 0.3355 
          55  1 0.3154 0.3698 0.3149 
          56  1 0.3293 0.3556 0.3151 
          57  1 0.3366 0.3229 0.3405 
          58  1 0.3296 0.3317 0.3386 
          59  1 0.3350 0.3370 0.3280 
          60  1 0.3361 0.3182 0.3457 
          61  1 0.3312 0.3385 0.3303 
          62  1 0.3339 0.3279 0.3382 
          63  1 0.3278 0.3559 0.3163 
          64  1 0.3282 0.3568 0.3150 
          65  1 0.3329 0.3300 0.3372 
          66  1 0.3344 0.3296 0.3360 
          67  1 0.3289 0.3367 0.3344 
          68  1 0.3370 0.3315 0.3316 
          69  1 0.3335 0.3360 0.3305 
          70  1 0.3353 0.3315 0.3332 
          71  1 0.3395 0.3199 0.3405 
          72  1 0.3288 0.3480 0.3232 
          73  1 0.3306 0.3414 0.3280 
          74  1 0.3378 0.3144 0.3478 
          75  1 0.3350 0.3302 0.3348 
          76  1 0.3372 0.3192 0.3435 
          77  1 0.3373 0.3230 0.3397 
          78  1 0.3350 0.3415 0.3235 
          79  1 0.3342 0.3289 0.3369 
          80  1 0.3281 0.3536 0.3183 
          81  1 0.3349 0.3217 0.3434 
          82  1 0.3362 0.3245 0.3394 
          83  1 0.3311 0.3373 0.3316 
          84  1 0.3323 0.3316 0.3361 
          85  1 0.3341 0.3228 0.3431 
          86  1 0.3365 0.3364 0.3270 
          87  1 0.3244 0.3649 0.3106 
          88  1 0.3350 0.3230 0.3420 
          89  1 0.3352 0.3508 0.3140 
          90  1 0.3262 0.3458 0.3280 
          91  1 0.3355 0.3357 0.3289 
          92  1 0.3343 0.3319 0.3338 
          93  1 0.3373 0.3354 0.3273 
          94  1 0.3388 0.3171 0.3441 
          95  1 0.3369 0.3133 0.3498 
          96  1 0.3334 0.3340 0.3326 
          97  1 0.3270 0.3622 0.3109 
          98  1 0.3399 0.3244 0.3357 
          99  1 0.3344 0.3119 0.3537 
         100  1 0.3304 0.3253 0.3444 
         101  1 0.3315 0.3220 0.3466 
         102  1 0.3355 0.3242 0.3403 
         103  1 0.3319 0.3438 0.3243 
         104  1 0.3370 0.3307 0.3323 
         105  1 0.3319 0.3422 0.3259 
         106  1 0.3306 0.3513 0.3181 
         107  1 0.3246 0.3478 0.3276 
         108  1 0.3321 0.3359 0.3319 
         109  1 0.3334 0.3298 0.3368 
         110  1 0.3238 0.3547 0.3215 
         111  1 0.3363 0.3197 0.3440 
         112  1 0.3309 0.3386 0.3305 
         113  1 0.3338 0.3396 0.3266 
         114  1 0.3387 0.3075 0.3538 
         115  1 0.3342 0.3276 0.3382 
         116  1 0.3322 0.3428 0.3250 
         117  1 0.3340 0.3387 0.3273 
         118  1 0.3345 0.3297 0.3357 
         119  1 0.3363 0.3371 0.3266 
         120  1 0.3363 0.3241 0.3396 
         121  1 0.3382 0.3256 0.3362 
         122  1 0.3313 0.3452 0.3235 
         123  1 0.3344 0.3363 0.3293 
         124  1 0.3304 0.3449 0.3246 
         125  1 0.3369 0.3322 0.3309 
         126  1 0.3313 0.3410 0.3277 
         127  1 0.3247 0.3553 0.3200 
         128  1 0.3297 0.3485 0.3218 
         129  1 0.3236 0.3539 0.3225 
         130  1 0.3404 0.3207 0.3389 
         131  1 0.3218 0.3529 0.3254 
         132  1 0.3373 0.3248 0.3379 
         133  1 0.3358 0.3218 0.3424 
         134  1 0.3325 0.3440 0.3235 
         135  1 0.3395 0.3202 0.3404 
         136  1 0.3286 0.3431 0.3283 
         137  1 0.3365 0.3198 0.3437 
         138  1 0.3344 0.3302 0.3354 
         139  1 0.3363 0.3283 0.3354 
         140  1 0.3327 0.3391 0.3282 
         141  1 0.3364 0.3239 0.3397 
         142  1 0.3240 0.3524 0.3236 
         143  1 0.3342 0.3347 0.3312 
         144  1 0.3388 0.3177 0.3435 
         145  1 0.3311 0.3385 0.3304 
         146  1 0.3298 0.3406 0.3296 
         147  1 0.3343 0.3185 0.3472 
         148  1 0.3278 0.3462 0.3259 
         149  1 0.3334 0.3355 0.3311 
         150  1 0.3311 0.3423 0.3266 
         151  1 0.3355 0.3180 0.3465 
         152  1 0.3347 0.3105 0.3549 
         153  1 0.3357 0.3147 0.3496 
         154  1 0.3369 0.3066 0.3566 
         155  1 0.3395 0.3250 0.3355 
         156  1 0.3366 0.3272 0.3362 
         157  1 0.3254 0.3455 0.3292 
         158  1 0.3314 0.3362 0.3324 
         159  1 0.3360 0.3200 0.3440 
         160  1 0.3333 0.3340 0.3327 
         161  1 0.3291 0.3356 0.3354 
         162  1 0.3322 0.3364 0.3314 
         163  1 0.3321 0.3258 0.3422 
         164  1 0.3269 0.3443 0.3288 
         165  1 0.3348 0.3214 0.3438 
         166  1 0.3337 0.3208 0.3455 
         167  1 0.3391 0.3356 0.3253 
         168  1 0.3326 0.3305 0.3369 
         169  1 0.3330 0.3341 0.3329 
         170  1 0.3363 0.3285 0.3352 
         171  1 0.3369 0.3280 0.3351 
         172  1 0.3312 0.3462 0.3225 
         173  1 0.3374 0.3336 0.3290 
         174  1 0.3355 0.3294 0.3350 
         175  1 0.3271 0.3525 0.3205 
         176  1 0.3365 0.3255 0.3379 
         177  1 0.3360 0.3359 0.3281 
         178  1 0.3331 0.3348 0.3320 
         179  1 0.3311 0.3368 0.3321 
         180  1 0.3306 0.3433 0.3261 
         181  1 0.3399 0.3277 0.3324 
         182  1 0.3351 0.3408 0.3241 
         183  1 0.3361 0.3315 0.3324 
         184  1 0.3251 0.3589 0.3160 
         185  1 0.3358 0.3186 0.3456 
         186  1 0.3356 0.3330 0.3314 
         187  1 0.3342 0.3448 0.3209 
         188  1 0.3303 0.3270 0.3427 
         189  1 0.3376 0.3227 0.3397 
         190  1 0.3384 0.3279 0.3337 
         191  1 0.3364 0.3262 0.3374 
         192  1 0.3354 0.3326 0.3320 
         193  1 0.3290 0.3518 0.3192 
         194  1 0.3340 0.3229 0.3431 
         195  1 0.3374 0.3291 0.3335 
         196  1 0.3303 0.3363 0.3333 
         197  1 0.3384 0.3259 0.3357 
         198  1 0.3395 0.3331 0.3274 
         199  1 0.3378 0.3261 0.3361 
         200  1 0.3224 0.3500 0.3276 
         201  1 0.3353 0.3289 0.3358 
         202  1 0.3353 0.3382 0.3265 
         203  1 0.3364 0.3426 0.3210 
         204  1 0.3376 0.3277 0.3347 
         205  1 0.3298 0.3457 0.3245 
         206  1 0.3360 0.3208 0.3432 
         207  1 0.3296 0.3534 0.3171 
         208  1 0.3272 0.3481 0.3247 
         209  1 0.3348 0.3319 0.3333 
         210  1 0.3383 0.3213 0.3404 
         211  1 0.3375 0.3153 0.3472 
         212  1 0.3362 0.3176 0.3462 
         213  1 0.3350 0.3232 0.3418 
         214  1 0.3386 0.3156 0.3457 
         215  1 0.3387 0.3200 0.3413 
         216  1 0.3350 0.3272 0.3378 
         217  1 0.3351 0.3292 0.3356 
         218  1 0.3293 0.3312 0.3395 
         219  1 0.3373 0.3263 0.3364 
         220  1 0.3319 0.3369 0.3312 
         221  1 0.3357 0.3159 0.3484 
         222  1 0.3327 0.3424 0.3249 
         223  1 0.3297 0.3333 0.3370 
         224  1 0.3376 0.3269 0.3356 
         225  1 0.3319 0.3349 0.3332 
         226  1 0.3338 0.3213 0.3449 
         227  1 0.3335 0.3332 0.3333 
         228  1 0.3344 0.3272 0.3383 
         229  1 0.3268 0.3616 0.3117 
         230  1 0.3298 0.3378 0.3325 
         231  1 0.3373 0.3210 0.3417 
         232  1 0.3327 0.3118 0.3555 
         233  1 0.3339 0.3220 0.3441 
         234  1 0.3322 0.3406 0.3272 
         235  1 0.3339 0.3419 0.3242 
         236  1 0.3363 0.3358 0.3279 
         237  1 0.3336 0.3293 0.3371 
         238  1 0.3356 0.3283 0.3361 
         239  1 0.3366 0.3187 0.3448 
         240  1 0.3345 0.3198 0.3457 
         241  1 0.3276 0.3461 0.3263 
         242  1 0.3341 0.3270 0.3389 
         243  1 0.3367 0.3187 0.3445 
         244  1 0.3369 0.3223 0.3407 
         245  1 0.3337 0.3248 0.3414 
         246  1 0.3365 0.3289 0.3346 
         247  1 0.3360 0.3276 0.3365 
         248  1 0.3331 0.3441 0.3228 
         249  1 0.3379 0.3193 0.3427 
         250  1 0.3337 0.3462 0.3201 
         251  1 0.3407 0.3221 0.3372 
         252  1 0.3382 0.3372 0.3246 
         253  1 0.3346 0.3347 0.3307 
         254  1 0.3368 0.3214 0.3418 
         255  1 0.3328 0.3291 0.3381 
         256  1 0.3401 0.3222 0.3377 
         257  1 0.3304 0.3417 0.3280 
         258  1 0.3320 0.3465 0.3214 
         259  1 0.3300 0.3454 0.3246 
         260  1 0.3288 0.3419 0.3293 
         261  1 0.3309 0.3440 0.3251 
         262  1 0.3377 0.3028 0.3595 
         263  1 0.3303 0.3349 0.3348 
         264  1 0.3425 0.3175 0.3400 
         265  1 0.3348 0.3328 0.3323 
         266  1 0.3323 0.3329 0.3348 
         267  1 0.3325 0.3412 0.3264 
         268  1 0.3306 0.3452 0.3242 
         269  1 0.3269 0.3480 0.3251 
         270  1 0.3338 0.3300 0.3362 
         271  1 0.3257 0.3540 0.3203 
         272  1 0.3366 0.3223 0.3411 
         273  1 0.3323 0.3317 0.3359 
         274  1 0.3324 0.3365 0.3311 
         275  1 0.3361 0.3316 0.3324 
         276  1 0.3255 0.3536 0.3209 
         277  1 0.3319 0.3416 0.3264 
         278  1 0.3308 0.3404 0.3288 
         279  1 0.3301 0.3431 0.3268 
         280  1 0.3334 0.3299 0.3367 
         281  1 0.3306 0.3431 0.3263 
         282  1 0.3330 0.3285 0.3384 
         283  1 0.3376 0.3080 0.3544 
         284  1 0.3401 0.3237 0.3362 
         285  1 0.3267 0.3499 0.3235 
         286  1 0.3335 0.3308 0.3357 
         287  1 0.3297 0.3328 0.3375 
         288  1 0.3418 0.3231 0.3351 
         289  1 0.3413 0.3165 0.3422 
         290  1 0.3359 0.3154 0.3487 
         291  1 0.3295 0.3331 0.3374 
         292  1 0.3265 0.3446 0.3288 
         293  1 0.3382 0.3385 0.3233 
         294  1 0.3223 0.3548 0.3229 
         295  1 0.3236 0.3580 0.3183 
         296  1 0.3373 0.3206 0.3421 
         297  1 0.3302 0.3381 0.3317 
         298  1 0.3321 0.3329 0.3350 
         299  1 0.3343 0.3183 0.3474 
         300  1 0.3325 0.3371 0.3304 
         301  1 0.3312 0.3449 0.3238 
         302  1 0.3347 0.3236 0.3417 
         303  1 0.3321 0.3248 0.3430 
