           1  1 0.1116 0.1107 0.1124 0.1111 0.1113 0.1114 0.1111 0.1104 0.1100 
           2  1 0.1110 0.1108 0.1119 0.1116 0.1116 0.1114 0.1111 0.1105 0.1103 
           3  1 0.1115 0.1103 0.1116 0.1108 0.1115 0.1111 0.1106 0.1117 0.1109 
           4  1 0.1120 0.1107 0.1125 0.1110 0.1115 0.1116 0.1118 0.1092 0.1096 
           5  1 0.1120 0.1108 0.1120 0.1118 0.1117 0.1117 0.1112 0.1094 0.1095 
           6  1 0.1108 0.1123 0.1101 0.1109 0.1107 0.1112 0.1110 0.1116 0.1114 
           7  1 0.1098 0.1118 0.1100 0.1098 0.1107 0.1100 0.1107 0.1134 0.1139 
           8  1 0.1097 0.1113 0.1118 0.1098 0.1112 0.1102 0.1113 0.1124 0.1123 
           9  1 0.1105 0.1118 0.1111 0.1116 0.1108 0.1112 0.1114 0.1100 0.1116 
          10  1 0.1102 0.1114 0.1116 0.1108 0.1106 0.1106 0.1113 0.1119 0.1117 
          11  1 0.1117 0.1105 0.1113 0.1121 0.1106 0.1115 0.1119 0.1109 0.1094 
          12  1 0.1092 0.1127 0.1099 0.1096 0.1107 0.1096 0.1112 0.1127 0.1144 
          13  1 0.1100 0.1111 0.1113 0.1101 0.1117 0.1103 0.1097 0.1131 0.1128 
          14  1 0.1105 0.1105 0.1119 0.1098 0.1111 0.1104 0.1104 0.1133 0.1121 
          15  1 0.1094 0.1119 0.1106 0.1101 0.1105 0.1104 0.1113 0.1130 0.1128 
          16  1 0.1134 0.1098 0.1133 0.1132 0.1114 0.1117 0.1109 0.1083 0.1080 
          17  1 0.1100 0.1108 0.1102 0.1107 0.1114 0.1104 0.1105 0.1124 0.1135 
          18  1 0.1110 0.1118 0.1114 0.1109 0.1113 0.1115 0.1111 0.1099 0.1111 
          19  1 0.1128 0.1107 0.1130 0.1117 0.1108 0.1128 0.1104 0.1092 0.1087 
          20  1 0.1107 0.1117 0.1106 0.1107 0.1109 0.1116 0.1117 0.1113 0.1109 
          21  1 0.1145 0.1093 0.1136 0.1130 0.1111 0.1120 0.1110 0.1084 0.1071 
          22  1 0.1097 0.1125 0.1107 0.1102 0.1107 0.1104 0.1105 0.1126 0.1127 
          23  1 0.1099 0.1105 0.1111 0.1103 0.1114 0.1112 0.1113 0.1127 0.1116 
          24  1 0.1099 0.1108 0.1098 0.1103 0.1121 0.1110 0.1107 0.1128 0.1125 
          25  1 0.1100 0.1110 0.1103 0.1099 0.1121 0.1099 0.1111 0.1128 0.1129 
          26  1 0.1110 0.1109 0.1111 0.1112 0.1105 0.1114 0.1114 0.1111 0.1114 
          27  1 0.1118 0.1114 0.1113 0.1120 0.1108 0.1115 0.1104 0.1100 0.1106 
          28  1 0.1109 0.1112 0.1112 0.1100 0.1104 0.1109 0.1104 0.1123 0.1127 
          29  1 0.1125 0.1106 0.1118 0.1125 0.1105 0.1114 0.1110 0.1095 0.1101 
          30  1 0.1098 0.1119 0.1106 0.1100 0.1108 0.1109 0.1117 0.1120 0.1123 
          31  1 0.1121 0.1108 0.1109 0.1109 0.1110 0.1117 0.1118 0.1099 0.1110 
          32  1 0.1106 0.1111 0.1109 0.1105 0.1103 0.1115 0.1129 0.1110 0.1112 
          33  1 0.1119 0.1114 0.1113 0.1116 0.1105 0.1118 0.1119 0.1101 0.1095 
          34  1 0.1114 0.1109 0.1110 0.1117 0.1108 0.1112 0.1120 0.1115 0.1094 
          35  1 0.1101 0.1115 0.1104 0.1093 0.1114 0.1095 0.1116 0.1126 0.1135 
          36  1 0.1115 0.1114 0.1108 0.1116 0.1107 0.1113 0.1115 0.1108 0.1105 
          37  1 0.1091 0.1125 0.1109 0.1097 0.1100 0.1097 0.1122 0.1129 0.1129 
          38  1 0.1092 0.1117 0.1108 0.1098 0.1112 0.1104 0.1120 0.1116 0.1133 
          39  1 0.1134 0.1101 0.1123 0.1129 0.1110 0.1124 0.1109 0.1094 0.1074 
          40  1 0.1133 0.1108 0.1124 0.1131 0.1112 0.1117 0.1114 0.1081 0.1080 
          41  1 0.1111 0.1113 0.1111 0.1117 0.1119 0.1111 0.1113 0.1105 0.1099 
          42  1 0.1112 0.1109 0.1111 0.1130 0.1106 0.1107 0.1112 0.1107 0.1105 
          43  1 0.1107 0.1110 0.1106 0.1099 0.1100 0.1103 0.1114 0.1135 0.1127 
          44  1 0.1119 0.1118 0.1135 0.1125 0.1104 0.1111 0.1110 0.1088 0.1089 
          45  1 0.1108 0.1114 0.1111 0.1106 0.1104 0.1111 0.1111 0.1113 0.1120 
          46  1 0.1121 0.1117 0.1119 0.1121 0.1113 0.1119 0.1102 0.1091 0.1097 
          47  1 0.1106 0.1122 0.1105 0.1106 0.1110 0.1110 0.1106 0.1118 0.1118 
          48  1 0.1124 0.1099 0.1123 0.1133 0.1109 0.1125 0.1104 0.1086 0.1096 
          49  1 0.1075 0.1102 0.1103 0.1083 0.1119 0.1086 0.1111 0.1160 0.1161 
          50  1 0.1117 0.1121 0.1108 0.1106 0.1106 0.1107 0.1114 0.1107 0.1115 
          51  1 0.1113 0.1116 0.1116 0.1116 0.1116 0.1114 0.1104 0.1105 0.1099 
          52  1 0.1100 0.1126 0.1104 0.1104 0.1116 0.1103 0.1114 0.1113 0.1120 
          53  1 0.1115 0.1114 0.1106 0.1110 0.1107 0.1110 0.1117 0.1108 0.1114 
          54  1 0.1110 0.1119 0.1104 0.1114 0.1111 0.1105 0.1118 0.1113 0.1106 
          55  1 0.1146 0.1098 0.1135 0.1134 0.1115 0.1127 0.1105 0.1072 0.1067 
          56  1 0.1129 0.1102 0.1118 0.1129 0.1111 0.1131 0.1108 0.1092 0.1080 
          57  1 0.1105 0.1128 0.1112 0.1098 0.1100 0.1102 0.1114 0.1120 0.1123 
          58  1 0.1105 0.1104 0.1116 0.1115 0.1114 0.1118 0.1104 0.1118 0.1107 
          59  1 0.1109 0.1113 0.1096 0.1108 0.1109 0.1101 0.1113 0.1129 0.1121 
          60  1 0.1095 0.1128 0.1096 0.1097 0.1108 0.1087 0.1107 0.1129 0.1153 
          61  1 0.1116 0.1114 0.1108 0.1115 0.1108 0.1112 0.1103 0.1097 0.1125 
          62  1 0.1102 0.1113 0.1112 0.1106 0.1112 0.1116 0.1112 0.1115 0.1114 
          63  1 0.1135 0.1116 0.1127 0.1121 0.1108 0.1125 0.1108 0.1081 0.1079 
          64  1 0.1125 0.1103 0.1130 0.1130 0.1111 0.1108 0.1107 0.1087 0.1100 
          65  1 0.1112 0.1117 0.1106 0.1101 0.1102 0.1104 0.1113 0.1123 0.1124 
          66  1 0.1102 0.1106 0.1103 0.1114 0.1119 0.1111 0.1109 0.1123 0.1114 
          67  1 0.1105 0.1120 0.1105 0.1110 0.1112 0.1107 0.1107 0.1113 0.1121 
          68  1 0.1104 0.1094 0.1113 0.1113 0.1126 0.1110 0.1107 0.1118 0.1117 
          69  1 0.1109 0.1100 0.1119 0.1109 0.1120 0.1115 0.1107 0.1107 0.1113 
          70  1 0.1110 0.1114 0.1104 0.1112 0.1101 0.1104 0.1111 0.1113 0.1130 
          71  1 0.1101 0.1119 0.1100 0.1103 0.1111 0.1103 0.1105 0.1126 0.1132 
          72  1 0.1125 0.1123 0.1109 0.1119 0.1114 0.1119 0.1106 0.1094 0.1091 
          73  1 0.1119 0.1110 0.1117 0.1113 0.1100 0.1114 0.1109 0.1108 0.1111 
          74  1 0.1101 0.1112 0.1104 0.1098 0.1112 0.1108 0.1112 0.1116 0.1137 
          75  1 0.1106 0.1118 0.1106 0.1109 0.1111 0.1106 0.1115 0.1110 0.1119 
          76  1 0.1095 0.1114 0.1104 0.1107 0.1114 0.1104 0.1112 0.1122 0.1128 
          77  1 0.1101 0.1103 0.1115 0.1100 0.1123 0.1102 0.1113 0.1121 0.1122 
          78  1 0.1120 0.1101 0.1105 0.1116 0.1105 0.1130 0.1109 0.1107 0.1105 
          79  1 0.1109 0.1109 0.1103 0.1105 0.1108 0.1110 0.1112 0.1122 0.1123 
          80  1 0.1137 0.1106 0.1122 0.1127 0.1110 0.1118 0.1107 0.1085 0.1086 
          81  1 0.1105 0.1112 0.1103 0.1103 0.1118 0.1103 0.1100 0.1130 0.1126 
          82  1 0.1101 0.1117 0.1106 0.1100 0.1104 0.1108 0.1129 0.1116 0.1120 
          83  1 0.1112 0.1110 0.1108 0.1109 0.1118 0.1112 0.1106 0.1112 0.1114 
          84  1 0.1111 0.1116 0.1111 0.1100 0.1111 0.1108 0.1114 0.1121 0.1108 
          85  1 0.1110 0.1111 0.1103 0.1106 0.1120 0.1108 0.1122 0.1111 0.1109 
          86  1 0.1120 0.1111 0.1104 0.1114 0.1108 0.1122 0.1116 0.1099 0.1107 
          87  1 0.1141 0.1101 0.1127 0.1136 0.1110 0.1129 0.1120 0.1073 0.1062 
          88  1 0.1103 0.1105 0.1113 0.1109 0.1102 0.1107 0.1108 0.1125 0.1129 
          89  1 0.1124 0.1095 0.1126 0.1127 0.1108 0.1124 0.1119 0.1095 0.1081 
          90  1 0.1127 0.1098 0.1121 0.1119 0.1108 0.1124 0.1115 0.1089 0.1098 
          91  1 0.1101 0.1109 0.1113 0.1118 0.1107 0.1114 0.1115 0.1105 0.1117 
          92  1 0.1115 0.1108 0.1099 0.1114 0.1118 0.1106 0.1116 0.1113 0.1111 
          93  1 0.1118 0.1107 0.1114 0.1120 0.1111 0.1109 0.1119 0.1111 0.1092 
          94  1 0.1100 0.1103 0.1092 0.1096 0.1115 0.1111 0.1119 0.1136 0.1128 
          95  1 0.1100 0.1108 0.1105 0.1099 0.1106 0.1099 0.1108 0.1132 0.1143 
          96  1 0.1098 0.1111 0.1115 0.1108 0.1113 0.1116 0.1115 0.1115 0.1110 
          97  1 0.1143 0.1105 0.1126 0.1136 0.1115 0.1132 0.1103 0.1064 0.1075 
          98  1 0.1100 0.1099 0.1112 0.1110 0.1109 0.1120 0.1113 0.1119 0.1118 
          99  1 0.1090 0.1114 0.1096 0.1089 0.1105 0.1087 0.1099 0.1159 0.1161 
         100  1 0.1103 0.1110 0.1112 0.1105 0.1115 0.1108 0.1119 0.1117 0.1112 
         101  1 0.1101 0.1116 0.1114 0.1097 0.1103 0.1106 0.1117 0.1122 0.1122 
         102  1 0.1104 0.1120 0.1104 0.1111 0.1100 0.1112 0.1106 0.1118 0.1126 
         103  1 0.1120 0.1101 0.1127 0.1119 0.1107 0.1123 0.1107 0.1098 0.1098 
         104  1 0.1109 0.1112 0.1113 0.1114 0.1101 0.1110 0.1119 0.1106 0.1116 
         105  1 0.1117 0.1108 0.1111 0.1127 0.1121 0.1118 0.1109 0.1094 0.1095 
         106  1 0.1120 0.1105 0.1114 0.1132 0.1111 0.1131 0.1112 0.1084 0.1092 
         107  1 0.1132 0.1111 0.1126 0.1115 0.1104 0.1106 0.1112 0.1097 0.1096 
         108  1 0.1103 0.1111 0.1109 0.1107 0.1130 0.1099 0.1114 0.1117 0.1109 
         109  1 0.1108 0.1110 0.1108 0.1109 0.1104 0.1113 0.1113 0.1119 0.1116 
         110  1 0.1138 0.1097 0.1136 0.1129 0.1103 0.1121 0.1108 0.1080 0.1088 
         111  1 0.1104 0.1116 0.1109 0.1108 0.1108 0.1112 0.1128 0.1112 0.1104 
         112  1 0.1110 0.1118 0.1116 0.1110 0.1105 0.1109 0.1097 0.1115 0.1119 
         113  1 0.1116 0.1110 0.1106 0.1118 0.1111 0.1114 0.1114 0.1109 0.1102 
         114  1 0.1101 0.1114 0.1105 0.1095 0.1102 0.1110 0.1116 0.1130 0.1128 
         115  1 0.1102 0.1129 0.1096 0.1097 0.1101 0.1103 0.1116 0.1126 0.1130 
         116  1 0.1105 0.1100 0.1114 0.1119 0.1124 0.1101 0.1109 0.1115 0.1112 
         117  1 0.1123 0.1099 0.1116 0.1112 0.1105 0.1115 0.1111 0.1109 0.1111 
         118  1 0.1109 0.1109 0.1111 0.1114 0.1113 0.1111 0.1101 0.1119 0.1113 
         119  1 0.1111 0.1101 0.1112 0.1114 0.1116 0.1129 0.1108 0.1098 0.1111 
         120  1 0.1114 0.1120 0.1103 0.1110 0.1112 0.1103 0.1124 0.1110 0.1105 
         121  1 0.1100 0.1118 0.1113 0.1102 0.1109 0.1109 0.1115 0.1127 0.1108 
         122  1 0.1127 0.1109 0.1128 0.1119 0.1108 0.1115 0.1114 0.1084 0.1097 
         123  1 0.1113 0.1110 0.1116 0.1116 0.1109 0.1117 0.1109 0.1097 0.1113 
         124  1 0.1127 0.1111 0.1119 0.1116 0.1110 0.1116 0.1111 0.1096 0.1094 
         125  1 0.1120 0.1103 0.1109 0.1111 0.1120 0.1115 0.1110 0.1108 0.1104 
         126  1 0.1117 0.1113 0.1117 0.1117 0.1112 0.1120 0.1105 0.1093 0.1106 
         127  1 0.1128 0.1101 0.1131 0.1133 0.1110 0.1118 0.1115 0.1087 0.1077 
         128  1 0.1125 0.1116 0.1111 0.1117 0.1110 0.1124 0.1105 0.1093 0.1100 
         129  1 0.1133 0.1111 0.1125 0.1128 0.1106 0.1114 0.1106 0.1089 0.1088 
         130  1 0.1110 0.1106 0.1116 0.1110 0.1107 0.1112 0.1117 0.1105 0.1117 
         131  1 0.1128 0.1111 0.1129 0.1122 0.1111 0.1121 0.1112 0.1081 0.1085 
         132  1 0.1098 0.1112 0.1114 0.1106 0.1110 0.1105 0.1127 0.1121 0.1107 
         133  1 0.1110 0.1107 0.1102 0.1111 0.1107 0.1117 0.1103 0.1123 0.1121 
         134  1 0.1127 0.1099 0.1111 0.1121 0.1115 0.1131 0.1105 0.1097 0.1095 
         135  1 0.1109 0.1115 0.1112 0.1099 0.1110 0.1105 0.1118 0.1121 0.1111 
         136  1 0.1119 0.1111 0.1114 0.1124 0.1113 0.1108 0.1111 0.1102 0.1098 
         137  1 0.1091 0.1123 0.1104 0.1093 0.1111 0.1090 0.1107 0.1141 0.1139 
         138  1 0.1108 0.1101 0.1106 0.1115 0.1116 0.1121 0.1105 0.1115 0.1113 
         139  1 0.1105 0.1111 0.1108 0.1107 0.1121 0.1103 0.1119 0.1110 0.1117 
         140  1 0.1120 0.1112 0.1123 0.1110 0.1116 0.1116 0.1113 0.1097 0.1092 
         141  1 0.1106 0.1112 0.1103 0.1111 0.1113 0.1113 0.1107 0.1123 0.1112 
         142  1 0.1137 0.1107 0.1125 0.1133 0.1111 0.1114 0.1101 0.1089 0.1084 
         143  1 0.1120 0.1090 0.1110 0.1119 0.1113 0.1126 0.1111 0.1112 0.1100 
         144  1 0.1100 0.1103 0.1104 0.1112 0.1110 0.1110 0.1106 0.1115 0.1140 
         145  1 0.1118 0.1103 0.1120 0.1115 0.1120 0.1105 0.1107 0.1110 0.1102 
         146  1 0.1120 0.1102 0.1112 0.1131 0.1109 0.1121 0.1107 0.1104 0.1094 
         147  1 0.1097 0.1114 0.1108 0.1094 0.1103 0.1109 0.1109 0.1132 0.1132 
         148  1 0.1124 0.1100 0.1120 0.1112 0.1117 0.1109 0.1114 0.1107 0.1098 
         149  1 0.1114 0.1106 0.1115 0.1114 0.1112 0.1124 0.1108 0.1095 0.1113 
         150  1 0.1111 0.1113 0.1110 0.1115 0.1119 0.1110 0.1102 0.1114 0.1106 
         151  1 0.1096 0.1116 0.1112 0.1106 0.1114 0.1101 0.1118 0.1121 0.1116 
         152  1 0.1080 0.1114 0.1104 0.1088 0.1108 0.1093 0.1110 0.1157 0.1146 
         153  1 0.1089 0.1116 0.1100 0.1087 0.1127 0.1087 0.1110 0.1147 0.1136 
         154  1 0.1090 0.1126 0.1100 0.1092 0.1102 0.1089 0.1103 0.1142 0.1155 
         155  1 0.1106 0.1110 0.1114 0.1106 0.1120 0.1104 0.1119 0.1110 0.1111 
         156  1 0.1101 0.1121 0.1108 0.1104 0.1106 0.1111 0.1107 0.1117 0.1127 
         157  1 0.1129 0.1121 0.1117 0.1119 0.1107 0.1116 0.1102 0.1082 0.1107 
         158  1 0.1120 0.1122 0.1113 0.1117 0.1109 0.1106 0.1104 0.1097 0.1112 
         159  1 0.1105 0.1102 0.1105 0.1110 0.1110 0.1109 0.1120 0.1121 0.1120 
         160  1 0.1108 0.1110 0.1109 0.1107 0.1113 0.1111 0.1118 0.1109 0.1115 
         161  1 0.1116 0.1108 0.1125 0.1124 0.1098 0.1103 0.1104 0.1118 0.1105 
         162  1 0.1111 0.1100 0.1117 0.1116 0.1121 0.1116 0.1118 0.1102 0.1100 
         163  1 0.1097 0.1125 0.1104 0.1090 0.1106 0.1087 0.1115 0.1144 0.1130 
         164  1 0.1124 0.1110 0.1129 0.1124 0.1106 0.1109 0.1111 0.1098 0.1089 
         165  1 0.1098 0.1113 0.1109 0.1110 0.1103 0.1122 0.1114 0.1119 0.1111 
         166  1 0.1097 0.1108 0.1102 0.1102 0.1107 0.1107 0.1121 0.1130 0.1125 
         167  1 0.1103 0.1119 0.1100 0.1118 0.1114 0.1101 0.1106 0.1115 0.1124 
         168  1 0.1111 0.1133 0.1108 0.1115 0.1105 0.1111 0.1110 0.1102 0.1105 
         169  1 0.1115 0.1105 0.1116 0.1102 0.1103 0.1108 0.1109 0.1135 0.1107 
         170  1 0.1117 0.1121 0.1106 0.1107 0.1112 0.1109 0.1121 0.1110 0.1097 
         171  1 0.1114 0.1115 0.1101 0.1112 0.1110 0.1118 0.1112 0.1108 0.1110 
         172  1 0.1122 0.1107 0.1107 0.1121 0.1108 0.1112 0.1109 0.1096 0.1117 
         173  1 0.1110 0.1110 0.1104 0.1116 0.1109 0.1115 0.1116 0.1111 0.1109 
         174  1 0.1114 0.1110 0.1109 0.1108 0.1111 0.1109 0.1123 0.1102 0.1114 
         175  1 0.1135 0.1105 0.1133 0.1123 0.1103 0.1117 0.1103 0.1095 0.1086 
         176  1 0.1089 0.1129 0.1094 0.1101 0.1116 0.1089 0.1108 0.1134 0.1140 
         177  1 0.1126 0.1092 0.1112 0.1119 0.1122 0.1115 0.1117 0.1104 0.1093 
         178  1 0.1110 0.1108 0.1112 0.1114 0.1115 0.1113 0.1110 0.1109 0.1107 
         179  1 0.1117 0.1114 0.1119 0.1117 0.1109 0.1114 0.1112 0.1101 0.1098 
         180  1 0.1112 0.1103 0.1120 0.1117 0.1106 0.1110 0.1102 0.1118 0.1112 
         181  1 0.1106 0.1108 0.1110 0.1112 0.1113 0.1110 0.1101 0.1118 0.1124 
         182  1 0.1115 0.1113 0.1097 0.1111 0.1104 0.1112 0.1113 0.1113 0.1121 
         183  1 0.1102 0.1130 0.1102 0.1115 0.1108 0.1106 0.1109 0.1109 0.1118 
         184  1 0.1144 0.1095 0.1112 0.1133 0.1124 0.1124 0.1103 0.1083 0.1082 
         185  1 0.1097 0.1120 0.1100 0.1094 0.1109 0.1110 0.1128 0.1118 0.1125 
         186  1 0.1105 0.1103 0.1112 0.1117 0.1109 0.1110 0.1111 0.1121 0.1112 
         187  1 0.1120 0.1106 0.1119 0.1124 0.1116 0.1122 0.1111 0.1096 0.1087 
         188  1 0.1105 0.1107 0.1113 0.1106 0.1112 0.1113 0.1106 0.1122 0.1115 
         189  1 0.1102 0.1111 0.1115 0.1103 0.1106 0.1113 0.1108 0.1118 0.1124 
         190  1 0.1106 0.1116 0.1102 0.1109 0.1115 0.1104 0.1111 0.1107 0.1131 
         191  1 0.1104 0.1118 0.1110 0.1109 0.1114 0.1115 0.1111 0.1107 0.1112 
         192  1 0.1104 0.1116 0.1103 0.1103 0.1128 0.1107 0.1098 0.1118 0.1122 
         193  1 0.1119 0.1109 0.1114 0.1119 0.1102 0.1118 0.1115 0.1110 0.1094 
         194  1 0.1106 0.1100 0.1110 0.1108 0.1114 0.1112 0.1112 0.1111 0.1126 
         195  1 0.1115 0.1110 0.1100 0.1106 0.1110 0.1113 0.1118 0.1111 0.1118 
         196  1 0.1114 0.1110 0.1116 0.1121 0.1105 0.1110 0.1114 0.1105 0.1105 
         197  1 0.1101 0.1120 0.1107 0.1111 0.1105 0.1104 0.1107 0.1123 0.1123 
         198  1 0.1114 0.1114 0.1109 0.1116 0.1114 0.1110 0.1110 0.1109 0.1103 
         199  1 0.1108 0.1124 0.1099 0.1109 0.1104 0.1109 0.1108 0.1116 0.1122 
         200  1 0.1123 0.1108 0.1124 0.1124 0.1110 0.1121 0.1112 0.1086 0.1092 
         201  1 0.1106 0.1114 0.1110 0.1110 0.1106 0.1116 0.1103 0.1110 0.1125 
         202  1 0.1117 0.1108 0.1112 0.1113 0.1120 0.1116 0.1115 0.1094 0.1104 
         203  1 0.1122 0.1109 0.1107 0.1123 0.1116 0.1124 0.1113 0.1105 0.1080 
         204  1 0.1106 0.1110 0.1115 0.1102 0.1110 0.1105 0.1112 0.1121 0.1119 
         205  1 0.1120 0.1108 0.1122 0.1127 0.1122 0.1116 0.1105 0.1095 0.1085 
         206  1 0.1097 0.1127 0.1102 0.1096 0.1113 0.1097 0.1116 0.1133 0.1120 
         207  1 0.1134 0.1103 0.1116 0.1122 0.1113 0.1121 0.1115 0.1094 0.1080 
         208  1 0.1125 0.1106 0.1111 0.1118 0.1117 0.1116 0.1103 0.1107 0.1096 
         209  1 0.1110 0.1114 0.1109 0.1113 0.1106 0.1112 0.1115 0.1109 0.1112 
         210  1 0.1105 0.1116 0.1109 0.1106 0.1110 0.1108 0.1105 0.1115 0.1127 
         211  1 0.1093 0.1103 0.1105 0.1104 0.1119 0.1099 0.1111 0.1135 0.1133 
         212  1 0.1101 0.1119 0.1107 0.1091 0.1126 0.1099 0.1110 0.1127 0.1120 
         213  1 0.1100 0.1107 0.1103 0.1099 0.1116 0.1111 0.1114 0.1128 0.1120 
         214  1 0.1096 0.1121 0.1112 0.1099 0.1102 0.1107 0.1121 0.1116 0.1126 
         215  1 0.1091 0.1116 0.1108 0.1102 0.1118 0.1105 0.1114 0.1114 0.1133 
         216  1 0.1108 0.1114 0.1107 0.1103 0.1109 0.1106 0.1112 0.1120 0.1121 
         217  1 0.1103 0.1107 0.1106 0.1109 0.1117 0.1106 0.1103 0.1125 0.1124 
         218  1 0.1097 0.1096 0.1100 0.1100 0.1115 0.1097 0.1119 0.1153 0.1123 
         219  1 0.1116 0.1109 0.1112 0.1107 0.1107 0.1107 0.1115 0.1112 0.1116 
         220  1 0.1110 0.1115 0.1116 0.1112 0.1114 0.1111 0.1114 0.1108 0.1099 
         221  1 0.1099 0.1105 0.1110 0.1095 0.1128 0.1111 0.1101 0.1119 0.1133 
         222  1 0.1107 0.1111 0.1104 0.1123 0.1107 0.1123 0.1100 0.1113 0.1112 
         223  1 0.1110 0.1119 0.1112 0.1106 0.1109 0.1108 0.1114 0.1106 0.1116 
         224  1 0.1112 0.1110 0.1123 0.1111 0.1105 0.1115 0.1109 0.1101 0.1116 
         225  1 0.1115 0.1110 0.1115 0.1114 0.1105 0.1106 0.1108 0.1105 0.1122 
         226  1 0.1100 0.1119 0.1110 0.1102 0.1119 0.1105 0.1111 0.1121 0.1114 
         227  1 0.1111 0.1104 0.1116 0.1113 0.1127 0.1108 0.1110 0.1101 0.1110 
         228  1 0.1105 0.1096 0.1110 0.1107 0.1124 0.1106 0.1111 0.1122 0.1120 
         229  1 0.1134 0.1102 0.1116 0.1128 0.1121 0.1127 0.1110 0.1088 0.1075 
         230  1 0.1104 0.1118 0.1109 0.1112 0.1111 0.1113 0.1114 0.1107 0.1112 
         231  1 0.1095 0.1116 0.1109 0.1096 0.1117 0.1104 0.1118 0.1126 0.1118 
         232  1 0.1087 0.1126 0.1102 0.1107 0.1105 0.1102 0.1114 0.1126 0.1132 
         233  1 0.1093 0.1124 0.1104 0.1099 0.1110 0.1095 0.1113 0.1131 0.1131 
         234  1 0.1119 0.1102 0.1124 0.1126 0.1109 0.1131 0.1107 0.1096 0.1087 
         235  1 0.1124 0.1108 0.1118 0.1116 0.1107 0.1126 0.1104 0.1103 0.1094 
         236  1 0.1113 0.1107 0.1112 0.1121 0.1115 0.1106 0.1100 0.1117 0.1108 
         237  1 0.1110 0.1112 0.1104 0.1104 0.1110 0.1107 0.1106 0.1126 0.1120 
         238  1 0.1114 0.1111 0.1112 0.1106 0.1107 0.1124 0.1114 0.1104 0.1107 
         239  1 0.1100 0.1122 0.1102 0.1096 0.1114 0.1099 0.1111 0.1127 0.1130 
         240  1 0.1092 0.1109 0.1097 0.1094 0.1113 0.1094 0.1119 0.1141 0.1141 
         241  1 0.1120 0.1109 0.1113 0.1128 0.1114 0.1116 0.1105 0.1099 0.1096 
         242  1 0.1118 0.1111 0.1117 0.1107 0.1098 0.1117 0.1113 0.1116 0.1104 
         243  1 0.1098 0.1117 0.1093 0.1109 0.1114 0.1111 0.1113 0.1121 0.1123 
         244  1 0.1095 0.1114 0.1099 0.1116 0.1114 0.1112 0.1114 0.1125 0.1111 
         245  1 0.1107 0.1116 0.1124 0.1112 0.1109 0.1108 0.1109 0.1101 0.1114 
         246  1 0.1109 0.1106 0.1104 0.1110 0.1115 0.1110 0.1103 0.1127 0.1115 
         247  1 0.1105 0.1111 0.1113 0.1104 0.1123 0.1106 0.1116 0.1114 0.1108 
         248  1 0.1124 0.1105 0.1116 0.1119 0.1111 0.1117 0.1106 0.1098 0.1103 
         249  1 0.1104 0.1109 0.1108 0.1100 0.1104 0.1101 0.1116 0.1135 0.1123 
         250  1 0.1129 0.1102 0.1117 0.1118 0.1105 0.1133 0.1105 0.1095 0.1095 
         251  1 0.1098 0.1116 0.1105 0.1096 0.1118 0.1100 0.1111 0.1129 0.1127 
         252  1 0.1120 0.1118 0.1111 0.1116 0.1114 0.1110 0.1113 0.1100 0.1098 
         253  1 0.1115 0.1112 0.1113 0.1124 0.1113 0.1102 0.1112 0.1106 0.1103 
         254  1 0.1110 0.1104 0.1106 0.1108 0.1108 0.1117 0.1122 0.1115 0.1109 
         255  1 0.1094 0.1126 0.1105 0.1110 0.1106 0.1090 0.1107 0.1132 0.1130 
         256  1 0.1107 0.1119 0.1102 0.1097 0.1111 0.1102 0.1120 0.1121 0.1120 
         257  1 0.1109 0.1131 0.1106 0.1112 0.1107 0.1105 0.1123 0.1102 0.1104 
         258  1 0.1118 0.1104 0.1114 0.1118 0.1113 0.1124 0.1111 0.1101 0.1096 
         259  1 0.1115 0.1090 0.1115 0.1115 0.1109 0.1116 0.1116 0.1124 0.1100 
         260  1 0.1110 0.1111 0.1106 0.1122 0.1106 0.1114 0.1112 0.1108 0.1111 
         261  1 0.1123 0.1103 0.1118 0.1114 0.1114 0.1110 0.1115 0.1107 0.1097 
         262  1 0.1075 0.1115 0.1104 0.1083 0.1109 0.1089 0.1116 0.1153 0.1156 
         263  1 0.1118 0.1103 0.1121 0.1115 0.1114 0.1109 0.1110 0.1110 0.1100 
         264  1 0.1103 0.1107 0.1113 0.1108 0.1108 0.1105 0.1122 0.1117 0.1116 
         265  1 0.1115 0.1113 0.1112 0.1117 0.1108 0.1113 0.1106 0.1113 0.1102 
         266  1 0.1104 0.1104 0.1119 0.1111 0.1117 0.1108 0.1119 0.1114 0.1104 
         267  1 0.1110 0.1106 0.1109 0.1118 0.1118 0.1115 0.1107 0.1113 0.1105 
         268  1 0.1134 0.1113 0.1121 0.1120 0.1102 0.1124 0.1113 0.1083 0.1089 
         269  1 0.1128 0.1112 0.1129 0.1132 0.1103 0.1117 0.1116 0.1084 0.1079 
         270  1 0.1097 0.1109 0.1115 0.1093 0.1112 0.1104 0.1113 0.1132 0.1125 
         271  1 0.1129 0.1097 0.1115 0.1129 0.1109 0.1123 0.1109 0.1110 0.1080 
         272  1 0.1102 0.1127 0.1101 0.1107 0.1109 0.1099 0.1112 0.1123 0.1120 
         273  1 0.1110 0.1118 0.1106 0.1109 0.1107 0.1113 0.1106 0.1116 0.1116 
         274  1 0.1112 0.1108 0.1119 0.1114 0.1106 0.1109 0.1114 0.1109 0.1108 
         275  1 0.1112 0.1120 0.1104 0.1110 0.1107 0.1107 0.1121 0.1101 0.1119 
         276  1 0.1127 0.1115 0.1114 0.1122 0.1110 0.1135 0.1102 0.1090 0.1086 
         277  1 0.1117 0.1101 0.1099 0.1131 0.1113 0.1112 0.1116 0.1096 0.1114 
         278  1 0.1112 0.1108 0.1098 0.1111 0.1120 0.1117 0.1116 0.1104 0.1115 
         279  1 0.1118 0.1103 0.1118 0.1120 0.1117 0.1111 0.1115 0.1092 0.1107 
         280  1 0.1101 0.1122 0.1105 0.1100 0.1119 0.1093 0.1107 0.1128 0.1126 
         281  1 0.1124 0.1117 0.1119 0.1120 0.1099 0.1110 0.1108 0.1094 0.1109 
         282  1 0.1113 0.1100 0.1106 0.1107 0.1104 0.1114 0.1120 0.1121 0.1114 
         283  1 0.1090 0.1118 0.1102 0.1090 0.1121 0.1090 0.1115 0.1136 0.1138 
         284  1 0.1097 0.1118 0.1103 0.1106 0.1119 0.1099 0.1100 0.1128 0.1130 
         285  1 0.1127 0.1116 0.1117 0.1125 0.1107 0.1124 0.1105 0.1088 0.1091 
         286  1 0.1110 0.1113 0.1108 0.1108 0.1107 0.1124 0.1111 0.1105 0.1113 
         287  1 0.1111 0.1104 0.1118 0.1109 0.1115 0.1108 0.1115 0.1118 0.1103 
         288  1 0.1103 0.1113 0.1113 0.1102 0.1107 0.1109 0.1116 0.1112 0.1125 
         289  1 0.1096 0.1119 0.1098 0.1102 0.1104 0.1099 0.1111 0.1136 0.1134 
         290  1 0.1088 0.1133 0.1107 0.1100 0.1109 0.1094 0.1110 0.1126 0.1133 
         291  1 0.1102 0.1114 0.1107 0.1106 0.1107 0.1106 0.1112 0.1122 0.1124 
         292  1 0.1119 0.1113 0.1116 0.1122 0.1105 0.1110 0.1108 0.1112 0.1094 
         293  1 0.1109 0.1104 0.1103 0.1114 0.1107 0.1107 0.1109 0.1119 0.1128 
         294  1 0.1138 0.1119 0.1126 0.1123 0.1108 0.1119 0.1104 0.1083 0.1080 
         295  1 0.1127 0.1118 0.1119 0.1130 0.1114 0.1109 0.1107 0.1088 0.1089 
         296  1 0.1112 0.1099 0.1111 0.1109 0.1104 0.1121 0.1105 0.1111 0.1128 
         297  1 0.1126 0.1110 0.1114 0.1114 0.1106 0.1115 0.1104 0.1115 0.1097 
         298  1 0.1105 0.1117 0.1119 0.1112 0.1115 0.1105 0.1113 0.1097 0.1116 
         299  1 0.1100 0.1121 0.1109 0.1098 0.1109 0.1100 0.1124 0.1117 0.1122 
         300  1 0.1123 0.1106 0.1119 0.1110 0.1110 0.1116 0.1119 0.1106 0.1092 
         301  1 0.1123 0.1109 0.1119 0.1124 0.1113 0.1117 0.1112 0.1092 0.1092 
         302  1 0.1101 0.1115 0.1105 0.1106 0.1113 0.1105 0.1126 0.1120 0.1109 
         303  1 0.1103 0.1122 0.1110 0.1104 0.1110 0.1102 0.1112 0.1129 0.1107 
