           1  1 0.1962 0.2084 0.1985 0.1997 0.1972 
           2  1 0.2014 0.2015 0.1982 0.2002 0.1987 
           3  1 0.1970 0.2027 0.1985 0.1997 0.2022 
           4  1 0.1961 0.2093 0.1948 0.2010 0.1988 
           5  1 0.1971 0.2106 0.1989 0.1965 0.1969 
           6  1 0.2019 0.1945 0.2037 0.2018 0.1982 
           7  1 0.1992 0.1942 0.2034 0.2003 0.2029 
           8  1 0.2033 0.1964 0.1995 0.2008 0.2000 
           9  1 0.2021 0.1975 0.2010 0.2007 0.1987 
          10  1 0.2025 0.1984 0.2063 0.1960 0.1968 
          11  1 0.1955 0.2076 0.1966 0.2006 0.1997 
          12  1 0.2051 0.1905 0.2002 0.2028 0.2014 
          13  1 0.2024 0.1910 0.2018 0.1995 0.2053 
          14  1 0.2024 0.1964 0.1980 0.1998 0.2034 
          15  1 0.2047 0.1940 0.2005 0.2011 0.1997 
          16  1 0.1925 0.2190 0.1939 0.1987 0.1959 
          17  1 0.2058 0.1921 0.2034 0.1988 0.1999 
          18  1 0.2024 0.2017 0.1973 0.2006 0.1980 
          19  1 0.1935 0.2132 0.1971 0.1985 0.1977 
          20  1 0.2027 0.1962 0.2009 0.2007 0.1995 
          21  1 0.1867 0.2264 0.1927 0.2021 0.1921 
          22  1 0.2042 0.1932 0.2017 0.1994 0.2014 
          23  1 0.2029 0.1972 0.2002 0.1974 0.2023 
          24  1 0.2012 0.1909 0.2026 0.2003 0.2050 
          25  1 0.2066 0.1932 0.1993 0.2000 0.2010 
          26  1 0.2010 0.2032 0.1940 0.2023 0.1995 
          27  1 0.1943 0.2027 0.1993 0.2020 0.2017 
          28  1 0.2027 0.1960 0.2009 0.2001 0.2003 
          29  1 0.1923 0.2125 0.1990 0.1999 0.1963 
          30  1 0.2022 0.1909 0.2028 0.2014 0.2027 
          31  1 0.1961 0.2036 0.1985 0.1998 0.2019 
          32  1 0.2016 0.1952 0.2020 0.2006 0.2005 
          33  1 0.2023 0.2024 0.1976 0.2007 0.1969 
          34  1 0.1978 0.2047 0.1965 0.1996 0.2014 
          35  1 0.2074 0.1931 0.1978 0.2001 0.2015 
          36  1 0.1980 0.2048 0.1966 0.2013 0.1993 
          37  1 0.2067 0.1878 0.2018 0.2035 0.2002 
          38  1 0.2056 0.1898 0.2030 0.1981 0.2035 
          39  1 0.1912 0.2172 0.1949 0.1983 0.1984 
          40  1 0.1917 0.2119 0.1949 0.2019 0.1996 
          41  1 0.1987 0.2032 0.1998 0.1972 0.2011 
          42  1 0.2024 0.2014 0.1994 0.1995 0.1972 
          43  1 0.2044 0.1928 0.2003 0.2019 0.2006 
          44  1 0.1904 0.2163 0.1961 0.1981 0.1991 
          45  1 0.2018 0.1990 0.2006 0.2011 0.1975 
          46  1 0.1949 0.2074 0.1980 0.2000 0.1997 
          47  1 0.2044 0.1935 0.2025 0.2020 0.1976 
          48  1 0.1932 0.2119 0.1948 0.2007 0.1994 
          49  1 0.2133 0.1824 0.2030 0.1961 0.2051 
          50  1 0.1973 0.1995 0.2031 0.2004 0.1998 
          51  1 0.1969 0.2041 0.2004 0.1980 0.2005 
          52  1 0.2002 0.1969 0.2008 0.1981 0.2041 
          53  1 0.2016 0.1979 0.2055 0.1995 0.1955 
          54  1 0.1997 0.1961 0.2012 0.1997 0.2033 
          55  1 0.1844 0.2243 0.1930 0.2005 0.1977 
          56  1 0.1966 0.2134 0.1976 0.1978 0.1945 
          57  1 0.2024 0.1951 0.2010 0.2002 0.2014 
          58  1 0.2027 0.2001 0.1996 0.1997 0.1979 
          59  1 0.2060 0.1968 0.2009 0.1970 0.1993 
          60  1 0.2054 0.1868 0.2074 0.1981 0.2023 
          61  1 0.1977 0.2015 0.2009 0.1985 0.2013 
          62  1 0.2020 0.1997 0.1996 0.1995 0.1991 
          63  1 0.1920 0.2160 0.1933 0.2028 0.1959 
          64  1 0.1909 0.2137 0.1968 0.2009 0.1978 
          65  1 0.2024 0.1957 0.2023 0.2011 0.1984 
          66  1 0.1998 0.1979 0.1977 0.2005 0.2041 
          67  1 0.2020 0.1996 0.2024 0.1979 0.1981 
          68  1 0.2050 0.1977 0.1993 0.1996 0.1982 
          69  1 0.1969 0.2019 0.1971 0.1998 0.2043 
          70  1 0.1998 0.1977 0.2013 0.2032 0.1980 
          71  1 0.2029 0.1928 0.2000 0.2029 0.2013 
          72  1 0.1949 0.2085 0.1969 0.1999 0.1997 
          73  1 0.1989 0.2028 0.1991 0.1995 0.1997 
          74  1 0.2027 0.1920 0.1997 0.2021 0.2034 
          75  1 0.2019 0.1990 0.1986 0.2001 0.2004 
          76  1 0.2067 0.1876 0.2068 0.1987 0.2003 
          77  1 0.2034 0.1936 0.2012 0.2008 0.2011 
          78  1 0.1961 0.2059 0.1959 0.2020 0.2001 
          79  1 0.2013 0.1978 0.1995 0.1990 0.2022 
          80  1 0.1919 0.2146 0.1958 0.1997 0.1981 
          81  1 0.2077 0.1907 0.2064 0.1985 0.1967 
          82  1 0.2030 0.1943 0.2037 0.2000 0.1990 
          83  1 0.1965 0.2029 0.2010 0.1983 0.2013 
          84  1 0.2004 0.1989 0.2029 0.1974 0.2003 
          85  1 0.2030 0.1944 0.2036 0.1994 0.1996 
          86  1 0.1980 0.2022 0.1993 0.2018 0.1988 
          87  1 0.1869 0.2220 0.1937 0.2029 0.1946 
          88  1 0.2032 0.1946 0.2039 0.1996 0.1987 
          89  1 0.1940 0.2085 0.1994 0.1992 0.1990 
          90  1 0.1924 0.2081 0.1957 0.2037 0.2001 
          91  1 0.2017 0.1967 0.2030 0.2007 0.1979 
          92  1 0.2006 0.1991 0.2023 0.1976 0.2003 
          93  1 0.1988 0.2015 0.2014 0.1978 0.2005 
          94  1 0.2062 0.1898 0.2008 0.1993 0.2040 
          95  1 0.2050 0.1897 0.2038 0.2007 0.2009 
          96  1 0.1981 0.1994 0.2024 0.2016 0.1985 
          97  1 0.1912 0.2213 0.1936 0.1988 0.1951 
          98  1 0.2046 0.1936 0.2029 0.1985 0.2004 
          99  1 0.2103 0.1860 0.2043 0.1980 0.2014 
         100  1 0.2010 0.1978 0.1980 0.1990 0.2042 
         101  1 0.1998 0.1955 0.2017 0.2007 0.2023 
         102  1 0.2038 0.1936 0.2010 0.1994 0.2021 
         103  1 0.1982 0.2075 0.1971 0.1978 0.1994 
         104  1 0.2025 0.1985 0.1977 0.2037 0.1976 
         105  1 0.1983 0.2041 0.1990 0.1988 0.1999 
         106  1 0.1946 0.2116 0.1979 0.1991 0.1968 
         107  1 0.1943 0.2109 0.1952 0.2008 0.1987 
         108  1 0.2013 0.2007 0.1971 0.1973 0.2036 
         109  1 0.2007 0.1990 0.1971 0.1994 0.2038 
         110  1 0.1943 0.2126 0.1997 0.2019 0.1915 
         111  1 0.2022 0.1901 0.2027 0.2026 0.2024 
         112  1 0.1981 0.2011 0.2072 0.1950 0.1985 
         113  1 0.1977 0.2025 0.1979 0.2018 0.2001 
         114  1 0.2012 0.1903 0.2038 0.2033 0.2014 
         115  1 0.1988 0.1905 0.2074 0.2021 0.2011 
         116  1 0.2022 0.2037 0.2000 0.1966 0.1974 
         117  1 0.1978 0.2040 0.1962 0.2008 0.2013 
         118  1 0.2004 0.2001 0.2000 0.1985 0.2010 
         119  1 0.1977 0.2025 0.1982 0.2012 0.2003 
         120  1 0.2000 0.1958 0.1996 0.2009 0.2037 
         121  1 0.1991 0.1966 0.2012 0.1995 0.2036 
         122  1 0.1930 0.2112 0.1969 0.2007 0.1983 
         123  1 0.1988 0.2032 0.1985 0.2017 0.1979 
         124  1 0.1952 0.2094 0.1988 0.1998 0.1969 
         125  1 0.1987 0.1999 0.2032 0.2000 0.1981 
         126  1 0.1987 0.2058 0.1983 0.1984 0.1988 
         127  1 0.1930 0.2142 0.1974 0.1986 0.1967 
         128  1 0.1975 0.2087 0.1963 0.1993 0.1982 
         129  1 0.1926 0.2132 0.1967 0.2007 0.1968 
         130  1 0.2015 0.1940 0.2023 0.2024 0.1998 
         131  1 0.1896 0.2153 0.1973 0.1992 0.1986 
         132  1 0.2027 0.1923 0.2046 0.1994 0.2011 
         133  1 0.2068 0.1925 0.2033 0.1995 0.1978 
         134  1 0.1984 0.2069 0.1949 0.2015 0.1983 
         135  1 0.2055 0.1916 0.2007 0.1992 0.2031 
         136  1 0.1983 0.2057 0.1988 0.2000 0.1971 
         137  1 0.2086 0.1906 0.2046 0.1962 0.1999 
         138  1 0.2026 0.1964 0.2006 0.1999 0.2005 
         139  1 0.2026 0.1968 0.2008 0.2000 0.1999 
         140  1 0.1974 0.2022 0.1987 0.1996 0.2021 
         141  1 0.1990 0.1970 0.2009 0.1999 0.2031 
         142  1 0.1920 0.2129 0.1978 0.2021 0.1952 
         143  1 0.1996 0.2009 0.1979 0.1971 0.2045 
         144  1 0.2057 0.1907 0.2039 0.2016 0.1980 
         145  1 0.1957 0.2014 0.2008 0.1975 0.2047 
         146  1 0.1970 0.2042 0.1981 0.2012 0.1996 
         147  1 0.2043 0.1947 0.1988 0.1999 0.2023 
         148  1 0.1952 0.2098 0.1962 0.1986 0.2002 
         149  1 0.2025 0.1988 0.1994 0.2001 0.1993 
         150  1 0.1989 0.2019 0.2009 0.1988 0.1995 
         151  1 0.2009 0.1915 0.2024 0.2018 0.2034 
         152  1 0.2058 0.1855 0.2075 0.1999 0.2014 
         153  1 0.2065 0.1879 0.2064 0.1977 0.2015 
         154  1 0.2057 0.1849 0.2065 0.2003 0.2025 
         155  1 0.2003 0.1963 0.2017 0.1996 0.2021 
         156  1 0.2021 0.1972 0.2008 0.2001 0.1999 
         157  1 0.1947 0.2088 0.1983 0.2014 0.1967 
         158  1 0.2024 0.1996 0.2030 0.1990 0.1960 
         159  1 0.2023 0.1947 0.1992 0.2002 0.2036 
         160  1 0.2002 0.1962 0.2015 0.1996 0.2025 
         161  1 0.1965 0.2053 0.1999 0.1983 0.1999 
         162  1 0.1992 0.1997 0.1989 0.1993 0.2029 
         163  1 0.2043 0.1931 0.2010 0.1973 0.2043 
         164  1 0.1957 0.2103 0.1969 0.1996 0.1975 
         165  1 0.2013 0.1927 0.2055 0.1993 0.2012 
         166  1 0.2037 0.1932 0.2019 0.1999 0.2013 
         167  1 0.2022 0.1966 0.2055 0.1984 0.1972 
         168  1 0.2031 0.1983 0.2018 0.1986 0.1981 
         169  1 0.2008 0.2001 0.1992 0.1991 0.2008 
         170  1 0.2005 0.1982 0.2024 0.1985 0.2004 
         171  1 0.2007 0.1992 0.1999 0.2013 0.1989 
         172  1 0.1925 0.2064 0.2008 0.2008 0.1995 
         173  1 0.1988 0.1990 0.1986 0.2002 0.2034 
         174  1 0.2021 0.1960 0.2018 0.2032 0.1969 
         175  1 0.1928 0.2183 0.1921 0.1990 0.1978 
         176  1 0.2077 0.1903 0.2063 0.1964 0.1994 
         177  1 0.1941 0.2051 0.1992 0.1999 0.2016 
         178  1 0.2018 0.2017 0.1963 0.1984 0.2018 
         179  1 0.1957 0.2057 0.1985 0.2002 0.1999 
         180  1 0.1980 0.2032 0.2018 0.1969 0.2001 
         181  1 0.2054 0.1963 0.2014 0.1983 0.1986 
         182  1 0.1973 0.2013 0.1985 0.2014 0.2016 
         183  1 0.2004 0.1956 0.2033 0.2015 0.1992 
         184  1 0.1934 0.2128 0.1950 0.1997 0.1992 
         185  1 0.2062 0.1882 0.2053 0.2002 0.2001 
         186  1 0.2004 0.1991 0.1991 0.1995 0.2019 
         187  1 0.1939 0.2081 0.1961 0.2026 0.1993 
         188  1 0.2045 0.1959 0.2017 0.1978 0.2001 
         189  1 0.2024 0.1946 0.2005 0.2026 0.1999 
         190  1 0.2035 0.1956 0.2006 0.1997 0.2006 
         191  1 0.2008 0.1949 0.2031 0.1995 0.2017 
         192  1 0.2051 0.1959 0.2024 0.1975 0.1990 
         193  1 0.1965 0.2072 0.1953 0.2018 0.1992 
         194  1 0.2015 0.1950 0.1990 0.2014 0.2032 
         195  1 0.2000 0.1967 0.2011 0.2014 0.2009 
         196  1 0.1977 0.2025 0.1989 0.1988 0.2021 
         197  1 0.2055 0.1953 0.2027 0.1996 0.1970 
         198  1 0.1996 0.1976 0.2010 0.1991 0.2027 
         199  1 0.2020 0.1960 0.2029 0.1982 0.2010 
         200  1 0.1913 0.2130 0.1936 0.2034 0.1988 
         201  1 0.2006 0.1978 0.1999 0.2008 0.2010 
         202  1 0.1995 0.2029 0.1985 0.1965 0.2026 
         203  1 0.1963 0.2033 0.1974 0.1983 0.2046 
         204  1 0.2017 0.1977 0.2010 0.1995 0.2001 
         205  1 0.1933 0.2092 0.2014 0.2004 0.1956 
         206  1 0.2058 0.1948 0.2002 0.1998 0.1994 
         207  1 0.1907 0.2152 0.1948 0.2002 0.1991 
         208  1 0.1930 0.2112 0.1971 0.1987 0.2000 
         209  1 0.1963 0.2014 0.2010 0.1997 0.2016 
         210  1 0.2029 0.1928 0.2070 0.1961 0.2013 
         211  1 0.2049 0.1900 0.1994 0.2023 0.2035 
         212  1 0.2035 0.1907 0.2054 0.1998 0.2005 
         213  1 0.2041 0.1912 0.2076 0.1967 0.2004 
         214  1 0.2059 0.1902 0.2018 0.2034 0.1987 
         215  1 0.2029 0.1947 0.2036 0.1991 0.1997 
         216  1 0.2017 0.1961 0.2001 0.2012 0.2009 
         217  1 0.1994 0.1985 0.2015 0.2012 0.1994 
         218  1 0.2033 0.1973 0.1977 0.1979 0.2038 
         219  1 0.2059 0.1963 0.2013 0.1985 0.1980 
         220  1 0.1982 0.2015 0.2046 0.1959 0.1998 
         221  1 0.2038 0.1925 0.2023 0.1994 0.2020 
         222  1 0.2009 0.2023 0.2015 0.1992 0.1962 
         223  1 0.1991 0.1999 0.2015 0.2003 0.1992 
         224  1 0.2043 0.1967 0.1961 0.2054 0.1974 
         225  1 0.2014 0.2020 0.1999 0.1981 0.1986 
         226  1 0.2032 0.1938 0.2008 0.1997 0.2024 
         227  1 0.1989 0.2006 0.2000 0.1976 0.2029 
         228  1 0.2033 0.1959 0.2001 0.1986 0.2020 
         229  1 0.1920 0.2153 0.1964 0.1993 0.1970 
         230  1 0.1986 0.2013 0.1995 0.2021 0.1985 
         231  1 0.2083 0.1920 0.2011 0.1985 0.2001 
         232  1 0.2047 0.1895 0.2046 0.1986 0.2026 
         233  1 0.2045 0.1940 0.1993 0.2010 0.2011 
         234  1 0.1948 0.2066 0.1965 0.2009 0.2013 
         235  1 0.1996 0.2034 0.1984 0.1987 0.1999 
         236  1 0.1992 0.1988 0.2051 0.1971 0.1998 
         237  1 0.2009 0.1967 0.2020 0.1985 0.2020 
         238  1 0.1985 0.1986 0.2002 0.2027 0.2001 
         239  1 0.2056 0.1926 0.2023 0.1987 0.2009 
         240  1 0.2056 0.1895 0.2016 0.1993 0.2040 
         241  1 0.1918 0.2085 0.2007 0.2005 0.1985 
         242  1 0.2000 0.1984 0.1986 0.2013 0.2018 
         243  1 0.2071 0.1907 0.2055 0.1984 0.1983 
         244  1 0.2031 0.1914 0.2021 0.2000 0.2033 
         245  1 0.2016 0.1981 0.1998 0.2008 0.1998 
         246  1 0.1998 0.1993 0.2007 0.1986 0.2015 
         247  1 0.2028 0.1989 0.1971 0.2000 0.2013 
         248  1 0.1966 0.2031 0.2005 0.2002 0.1996 
         249  1 0.2027 0.1928 0.2018 0.2009 0.2018 
         250  1 0.1938 0.2086 0.1981 0.2026 0.1971 
         251  1 0.2023 0.1923 0.2034 0.2018 0.2001 
         252  1 0.1995 0.2036 0.2006 0.1987 0.1976 
         253  1 0.1989 0.2011 0.2043 0.1982 0.1975 
         254  1 0.2051 0.1908 0.2027 0.1996 0.2018 
         255  1 0.2020 0.1948 0.2025 0.1991 0.2015 
         256  1 0.2030 0.1939 0.2074 0.1975 0.1983 
         257  1 0.2005 0.2036 0.1990 0.2022 0.1947 
         258  1 0.1967 0.2071 0.1995 0.1991 0.1975 
         259  1 0.1971 0.2061 0.1982 0.1986 0.2001 
         260  1 0.1966 0.2030 0.2025 0.2018 0.1962 
         261  1 0.1984 0.2094 0.1951 0.2016 0.1954 
         262  1 0.2116 0.1844 0.1991 0.2011 0.2037 
         263  1 0.1977 0.2029 0.1965 0.2003 0.2026 
         264  1 0.2048 0.1910 0.2025 0.2014 0.2003 
         265  1 0.1999 0.1980 0.2032 0.2011 0.1979 
         266  1 0.2043 0.1978 0.2010 0.1979 0.1990 
         267  1 0.2023 0.2005 0.2009 0.1973 0.1990 
         268  1 0.1942 0.2099 0.1968 0.2000 0.1991 
         269  1 0.1915 0.2159 0.1978 0.1969 0.1979 
         270  1 0.2057 0.1963 0.2000 0.1969 0.2012 
         271  1 0.1932 0.2125 0.1947 0.1992 0.2004 
         272  1 0.2033 0.1928 0.2005 0.2018 0.2016 
         273  1 0.1997 0.1973 0.2014 0.1995 0.2021 
         274  1 0.1985 0.2013 0.1992 0.1996 0.2014 
         275  1 0.2014 0.1998 0.1977 0.2003 0.2008 
         276  1 0.1932 0.2125 0.1945 0.2024 0.1973 
         277  1 0.1997 0.2005 0.2037 0.1994 0.1966 
         278  1 0.2017 0.2016 0.1968 0.2015 0.1984 
         279  1 0.1977 0.2053 0.1991 0.1994 0.1985 
         280  1 0.2016 0.1964 0.1995 0.1989 0.2037 
         281  1 0.1949 0.2050 0.2000 0.2009 0.1993 
         282  1 0.1977 0.1989 0.1988 0.2008 0.2038 
         283  1 0.2088 0.1838 0.2056 0.2005 0.2012 
         284  1 0.2079 0.1884 0.2075 0.1962 0.2000 
         285  1 0.1944 0.2113 0.1955 0.2016 0.1972 
         286  1 0.2008 0.1988 0.1974 0.2011 0.2018 
         287  1 0.1978 0.2027 0.1968 0.1998 0.2028 
         288  1 0.2056 0.1940 0.2030 0.2009 0.1964 
         289  1 0.2028 0.1911 0.2049 0.2018 0.1994 
         290  1 0.2042 0.1902 0.2038 0.1993 0.2024 
         291  1 0.1998 0.1985 0.1949 0.2030 0.2038 
         292  1 0.1991 0.2041 0.1981 0.1991 0.1996 
         293  1 0.2029 0.1959 0.2053 0.1997 0.1962 
         294  1 0.1902 0.2159 0.1978 0.2014 0.1946 
         295  1 0.1946 0.2130 0.1988 0.1975 0.1962 
         296  1 0.2071 0.1933 0.1993 0.2007 0.1996 
         297  1 0.1975 0.2062 0.1969 0.2002 0.1992 
         298  1 0.1991 0.2001 0.2027 0.2001 0.1980 
         299  1 0.2034 0.1923 0.1996 0.2008 0.2039 
         300  1 0.1981 0.2016 0.2024 0.2013 0.1966 
         301  1 0.1978 0.2080 0.1951 0.2003 0.1988 
         302  1 0.2013 0.1939 0.2045 0.1983 0.2019 
         303  1 0.2011 0.1977 0.1991 0.2019 0.2002 
