           1  1 0.1249 0.1244 0.1249 0.1248 0.1241 0.1253 0.1259 0.1258 
           2  1 0.1243 0.1257 0.1239 0.1250 0.1252 0.1251 0.1252 0.1256 
           3  1 0.1244 0.1248 0.1250 0.1248 0.1248 0.1253 0.1256 0.1254 
           4  1 0.1234 0.1249 0.1246 0.1259 0.1248 0.1243 0.1257 0.1264 
           5  1 0.1227 0.1254 0.1243 0.1261 0.1246 0.1240 0.1261 0.1268 
           6  1 0.1264 0.1255 0.1246 0.1245 0.1254 0.1249 0.1244 0.1242 
           7  1 0.1265 0.1247 0.1266 0.1243 0.1249 0.1253 0.1238 0.1239 
           8  1 0.1253 0.1247 0.1263 0.1247 0.1251 0.1254 0.1244 0.1240 
           9  1 0.1248 0.1254 0.1249 0.1251 0.1250 0.1251 0.1244 0.1253 
          10  1 0.1248 0.1248 0.1256 0.1245 0.1252 0.1254 0.1253 0.1243 
          11  1 0.1236 0.1254 0.1248 0.1252 0.1250 0.1241 0.1261 0.1258 
          12  1 0.1276 0.1247 0.1254 0.1245 0.1248 0.1254 0.1244 0.1232 
          13  1 0.1268 0.1249 0.1259 0.1243 0.1246 0.1258 0.1241 0.1236 
          14  1 0.1258 0.1256 0.1246 0.1249 0.1255 0.1248 0.1244 0.1246 
          15  1 0.1258 0.1250 0.1259 0.1246 0.1248 0.1255 0.1245 0.1239 
          16  1 0.1221 0.1249 0.1239 0.1263 0.1246 0.1241 0.1265 0.1277 
          17  1 0.1263 0.1252 0.1250 0.1245 0.1251 0.1253 0.1244 0.1242 
          18  1 0.1256 0.1248 0.1250 0.1245 0.1248 0.1253 0.1252 0.1247 
          19  1 0.1224 0.1250 0.1240 0.1262 0.1250 0.1243 0.1260 0.1271 
          20  1 0.1254 0.1255 0.1247 0.1248 0.1253 0.1255 0.1246 0.1243 
          21  1 0.1220 0.1244 0.1233 0.1262 0.1239 0.1246 0.1271 0.1284 
          22  1 0.1256 0.1247 0.1266 0.1245 0.1253 0.1254 0.1240 0.1238 
          23  1 0.1252 0.1245 0.1259 0.1249 0.1252 0.1251 0.1246 0.1246 
          24  1 0.1264 0.1248 0.1255 0.1248 0.1249 0.1259 0.1241 0.1236 
          25  1 0.1267 0.1244 0.1266 0.1241 0.1250 0.1258 0.1240 0.1234 
          26  1 0.1253 0.1250 0.1240 0.1255 0.1253 0.1249 0.1248 0.1252 
          27  1 0.1249 0.1245 0.1252 0.1250 0.1244 0.1258 0.1253 0.1250 
          28  1 0.1261 0.1250 0.1241 0.1253 0.1255 0.1250 0.1249 0.1240 
          29  1 0.1233 0.1248 0.1244 0.1258 0.1243 0.1252 0.1257 0.1265 
          30  1 0.1265 0.1250 0.1248 0.1249 0.1251 0.1256 0.1244 0.1238 
          31  1 0.1233 0.1255 0.1241 0.1258 0.1255 0.1241 0.1254 0.1263 
          32  1 0.1247 0.1251 0.1254 0.1250 0.1258 0.1246 0.1247 0.1246 
          33  1 0.1251 0.1254 0.1243 0.1252 0.1246 0.1246 0.1255 0.1254 
          34  1 0.1234 0.1257 0.1247 0.1257 0.1252 0.1239 0.1252 0.1260 
          35  1 0.1255 0.1249 0.1249 0.1252 0.1256 0.1256 0.1243 0.1240 
          36  1 0.1242 0.1251 0.1251 0.1253 0.1250 0.1252 0.1248 0.1252 
          37  1 0.1274 0.1245 0.1264 0.1238 0.1250 0.1266 0.1236 0.1228 
          38  1 0.1260 0.1247 0.1260 0.1247 0.1250 0.1258 0.1244 0.1235 
          39  1 0.1222 0.1248 0.1245 0.1260 0.1247 0.1237 0.1264 0.1276 
          40  1 0.1237 0.1252 0.1244 0.1259 0.1244 0.1244 0.1256 0.1265 
          41  1 0.1238 0.1251 0.1245 0.1256 0.1251 0.1250 0.1252 0.1256 
          42  1 0.1250 0.1246 0.1256 0.1250 0.1252 0.1245 0.1248 0.1253 
          43  1 0.1258 0.1248 0.1255 0.1246 0.1254 0.1254 0.1245 0.1241 
          44  1 0.1227 0.1247 0.1245 0.1255 0.1248 0.1240 0.1268 0.1270 
          45  1 0.1253 0.1249 0.1254 0.1246 0.1254 0.1257 0.1245 0.1241 
          46  1 0.1237 0.1256 0.1248 0.1255 0.1250 0.1246 0.1251 0.1258 
          47  1 0.1271 0.1247 0.1251 0.1241 0.1249 0.1254 0.1246 0.1240 
          48  1 0.1245 0.1247 0.1240 0.1257 0.1241 0.1248 0.1259 0.1263 
          49  1 0.1292 0.1243 0.1266 0.1231 0.1249 0.1263 0.1232 0.1225 
          50  1 0.1249 0.1250 0.1255 0.1245 0.1257 0.1250 0.1248 0.1246 
          51  1 0.1245 0.1251 0.1247 0.1257 0.1246 0.1241 0.1253 0.1261 
          52  1 0.1248 0.1248 0.1271 0.1247 0.1252 0.1244 0.1242 0.1248 
          53  1 0.1247 0.1249 0.1253 0.1247 0.1248 0.1255 0.1251 0.1250 
          54  1 0.1249 0.1252 0.1252 0.1247 0.1253 0.1250 0.1250 0.1247 
          55  1 0.1219 0.1244 0.1237 0.1262 0.1239 0.1246 0.1271 0.1282 
          56  1 0.1234 0.1254 0.1242 0.1258 0.1250 0.1238 0.1258 0.1266 
          57  1 0.1249 0.1250 0.1251 0.1250 0.1255 0.1253 0.1247 0.1245 
          58  1 0.1252 0.1249 0.1246 0.1250 0.1247 0.1255 0.1253 0.1248 
          59  1 0.1249 0.1249 0.1253 0.1245 0.1251 0.1260 0.1245 0.1247 
          60  1 0.1273 0.1245 0.1274 0.1236 0.1248 0.1258 0.1237 0.1229 
          61  1 0.1252 0.1252 0.1249 0.1247 0.1248 0.1251 0.1252 0.1247 
          62  1 0.1245 0.1251 0.1247 0.1252 0.1247 0.1255 0.1250 0.1252 
          63  1 0.1227 0.1254 0.1235 0.1260 0.1251 0.1236 0.1265 0.1273 
          64  1 0.1236 0.1250 0.1240 0.1260 0.1245 0.1245 0.1258 0.1266 
          65  1 0.1252 0.1254 0.1245 0.1246 0.1253 0.1257 0.1249 0.1244 
          66  1 0.1254 0.1247 0.1251 0.1250 0.1248 0.1248 0.1252 0.1250 
          67  1 0.1246 0.1253 0.1251 0.1253 0.1248 0.1250 0.1249 0.1250 
          68  1 0.1257 0.1251 0.1244 0.1249 0.1255 0.1245 0.1251 0.1248 
          69  1 0.1250 0.1248 0.1251 0.1254 0.1245 0.1250 0.1248 0.1253 
          70  1 0.1249 0.1249 0.1245 0.1250 0.1257 0.1257 0.1251 0.1242 
          71  1 0.1258 0.1246 0.1256 0.1245 0.1252 0.1257 0.1245 0.1240 
          72  1 0.1239 0.1251 0.1238 0.1258 0.1253 0.1240 0.1257 0.1262 
          73  1 0.1246 0.1252 0.1242 0.1254 0.1249 0.1244 0.1256 0.1257 
          74  1 0.1262 0.1248 0.1263 0.1240 0.1252 0.1254 0.1244 0.1238 
          75  1 0.1246 0.1253 0.1253 0.1250 0.1254 0.1249 0.1249 0.1246 
          76  1 0.1270 0.1254 0.1252 0.1241 0.1251 0.1255 0.1241 0.1237 
          77  1 0.1262 0.1250 0.1252 0.1247 0.1247 0.1251 0.1245 0.1247 
          78  1 0.1236 0.1251 0.1247 0.1254 0.1252 0.1248 0.1256 0.1256 
          79  1 0.1254 0.1249 0.1256 0.1243 0.1252 0.1253 0.1248 0.1245 
          80  1 0.1227 0.1257 0.1242 0.1258 0.1249 0.1240 0.1259 0.1267 
          81  1 0.1266 0.1248 0.1263 0.1243 0.1247 0.1251 0.1244 0.1237 
          82  1 0.1254 0.1246 0.1257 0.1245 0.1261 0.1253 0.1244 0.1240 
          83  1 0.1242 0.1253 0.1249 0.1252 0.1246 0.1247 0.1258 0.1251 
          84  1 0.1250 0.1250 0.1249 0.1250 0.1255 0.1251 0.1251 0.1245 
          85  1 0.1257 0.1248 0.1257 0.1249 0.1251 0.1248 0.1246 0.1244 
          86  1 0.1249 0.1253 0.1246 0.1252 0.1252 0.1246 0.1252 0.1250 
          87  1 0.1216 0.1251 0.1236 0.1265 0.1248 0.1237 0.1267 0.1281 
          88  1 0.1269 0.1244 0.1252 0.1238 0.1247 0.1261 0.1253 0.1236 
          89  1 0.1237 0.1256 0.1241 0.1260 0.1247 0.1235 0.1257 0.1268 
          90  1 0.1241 0.1250 0.1252 0.1255 0.1243 0.1245 0.1254 0.1261 
          91  1 0.1241 0.1251 0.1245 0.1252 0.1256 0.1254 0.1251 0.1251 
          92  1 0.1247 0.1251 0.1248 0.1252 0.1255 0.1252 0.1248 0.1247 
          93  1 0.1244 0.1249 0.1250 0.1256 0.1248 0.1250 0.1250 0.1253 
          94  1 0.1265 0.1248 0.1263 0.1246 0.1251 0.1253 0.1239 0.1236 
          95  1 0.1266 0.1248 0.1253 0.1242 0.1249 0.1261 0.1247 0.1234 
          96  1 0.1255 0.1251 0.1253 0.1250 0.1248 0.1247 0.1250 0.1246 
          97  1 0.1216 0.1255 0.1236 0.1263 0.1247 0.1235 0.1264 0.1284 
          98  1 0.1264 0.1250 0.1251 0.1243 0.1254 0.1255 0.1242 0.1241 
          99  1 0.1275 0.1245 0.1255 0.1238 0.1252 0.1264 0.1241 0.1230 
         100  1 0.1262 0.1246 0.1264 0.1253 0.1242 0.1249 0.1244 0.1241 
         101  1 0.1249 0.1247 0.1254 0.1249 0.1250 0.1259 0.1245 0.1247 
         102  1 0.1250 0.1249 0.1254 0.1245 0.1256 0.1256 0.1242 0.1246 
         103  1 0.1246 0.1251 0.1241 0.1254 0.1248 0.1245 0.1260 0.1255 
         104  1 0.1256 0.1253 0.1242 0.1248 0.1255 0.1248 0.1249 0.1248 
         105  1 0.1236 0.1258 0.1244 0.1253 0.1251 0.1248 0.1255 0.1257 
         106  1 0.1229 0.1253 0.1244 0.1255 0.1253 0.1246 0.1254 0.1265 
         107  1 0.1234 0.1250 0.1242 0.1252 0.1243 0.1248 0.1264 0.1268 
         108  1 0.1243 0.1257 0.1246 0.1254 0.1249 0.1240 0.1251 0.1259 
         109  1 0.1248 0.1251 0.1255 0.1248 0.1254 0.1254 0.1245 0.1245 
         110  1 0.1237 0.1251 0.1238 0.1257 0.1237 0.1247 0.1266 0.1267 
         111  1 0.1256 0.1250 0.1257 0.1249 0.1248 0.1252 0.1244 0.1244 
         112  1 0.1259 0.1251 0.1257 0.1245 0.1245 0.1248 0.1248 0.1247 
         113  1 0.1243 0.1256 0.1242 0.1253 0.1250 0.1243 0.1255 0.1257 
         114  1 0.1265 0.1250 0.1259 0.1244 0.1244 0.1260 0.1244 0.1235 
         115  1 0.1265 0.1251 0.1253 0.1240 0.1259 0.1248 0.1247 0.1237 
         116  1 0.1248 0.1251 0.1248 0.1252 0.1250 0.1247 0.1251 0.1252 
         117  1 0.1249 0.1252 0.1246 0.1255 0.1256 0.1242 0.1250 0.1250 
         118  1 0.1248 0.1250 0.1254 0.1248 0.1250 0.1255 0.1249 0.1247 
         119  1 0.1243 0.1254 0.1239 0.1255 0.1254 0.1248 0.1252 0.1254 
         120  1 0.1254 0.1248 0.1258 0.1245 0.1253 0.1252 0.1246 0.1244 
         121  1 0.1250 0.1245 0.1254 0.1248 0.1253 0.1252 0.1252 0.1246 
         122  1 0.1243 0.1246 0.1243 0.1252 0.1247 0.1249 0.1256 0.1265 
         123  1 0.1248 0.1255 0.1240 0.1250 0.1250 0.1249 0.1258 0.1251 
         124  1 0.1244 0.1245 0.1244 0.1253 0.1245 0.1252 0.1254 0.1264 
         125  1 0.1250 0.1245 0.1254 0.1245 0.1256 0.1251 0.1249 0.1250 
         126  1 0.1249 0.1253 0.1244 0.1250 0.1251 0.1247 0.1256 0.1251 
         127  1 0.1221 0.1254 0.1241 0.1264 0.1247 0.1242 0.1258 0.1275 
         128  1 0.1240 0.1251 0.1243 0.1252 0.1252 0.1246 0.1253 0.1263 
         129  1 0.1231 0.1248 0.1245 0.1258 0.1247 0.1249 0.1260 0.1263 
         130  1 0.1264 0.1251 0.1251 0.1248 0.1248 0.1257 0.1249 0.1233 
         131  1 0.1227 0.1245 0.1248 0.1257 0.1248 0.1244 0.1262 0.1270 
         132  1 0.1254 0.1250 0.1245 0.1254 0.1253 0.1249 0.1246 0.1248 
         133  1 0.1265 0.1247 0.1256 0.1247 0.1244 0.1256 0.1246 0.1239 
         134  1 0.1248 0.1253 0.1245 0.1250 0.1247 0.1253 0.1251 0.1252 
         135  1 0.1260 0.1253 0.1247 0.1253 0.1245 0.1246 0.1250 0.1246 
         136  1 0.1238 0.1253 0.1243 0.1256 0.1245 0.1249 0.1255 0.1261 
         137  1 0.1268 0.1247 0.1262 0.1245 0.1246 0.1258 0.1240 0.1235 
         138  1 0.1252 0.1253 0.1252 0.1250 0.1247 0.1252 0.1247 0.1247 
         139  1 0.1248 0.1251 0.1249 0.1247 0.1257 0.1250 0.1252 0.1246 
         140  1 0.1234 0.1253 0.1250 0.1257 0.1253 0.1239 0.1255 0.1259 
         141  1 0.1259 0.1249 0.1262 0.1247 0.1247 0.1250 0.1243 0.1243 
         142  1 0.1238 0.1242 0.1251 0.1255 0.1241 0.1246 0.1258 0.1268 
         143  1 0.1247 0.1251 0.1240 0.1251 0.1256 0.1247 0.1252 0.1256 
         144  1 0.1267 0.1243 0.1262 0.1237 0.1251 0.1267 0.1241 0.1232 
         145  1 0.1248 0.1251 0.1256 0.1250 0.1249 0.1246 0.1248 0.1251 
         146  1 0.1237 0.1252 0.1248 0.1255 0.1252 0.1244 0.1254 0.1258 
         147  1 0.1265 0.1246 0.1256 0.1242 0.1249 0.1259 0.1245 0.1239 
         148  1 0.1229 0.1253 0.1240 0.1262 0.1252 0.1238 0.1259 0.1268 
         149  1 0.1252 0.1249 0.1254 0.1246 0.1247 0.1258 0.1249 0.1246 
         150  1 0.1247 0.1252 0.1246 0.1255 0.1250 0.1244 0.1250 0.1254 
         151  1 0.1263 0.1244 0.1260 0.1246 0.1249 0.1253 0.1247 0.1237 
         152  1 0.1275 0.1246 0.1270 0.1236 0.1246 0.1261 0.1240 0.1225 
         153  1 0.1273 0.1247 0.1261 0.1238 0.1247 0.1255 0.1244 0.1236 
         154  1 0.1277 0.1244 0.1267 0.1233 0.1255 0.1268 0.1235 0.1222 
         155  1 0.1258 0.1253 0.1244 0.1252 0.1252 0.1250 0.1249 0.1242 
         156  1 0.1250 0.1252 0.1248 0.1249 0.1250 0.1254 0.1248 0.1249 
         157  1 0.1248 0.1246 0.1246 0.1250 0.1245 0.1249 0.1257 0.1258 
         158  1 0.1259 0.1249 0.1243 0.1252 0.1246 0.1253 0.1251 0.1248 
         159  1 0.1258 0.1248 0.1250 0.1248 0.1252 0.1255 0.1246 0.1243 
         160  1 0.1246 0.1249 0.1257 0.1251 0.1251 0.1253 0.1245 0.1248 
         161  1 0.1247 0.1246 0.1252 0.1253 0.1241 0.1249 0.1256 0.1255 
         162  1 0.1242 0.1255 0.1246 0.1258 0.1248 0.1249 0.1252 0.1251 
         163  1 0.1255 0.1247 0.1260 0.1245 0.1253 0.1257 0.1242 0.1242 
         164  1 0.1238 0.1248 0.1239 0.1253 0.1244 0.1246 0.1264 0.1268 
         165  1 0.1264 0.1251 0.1254 0.1246 0.1249 0.1255 0.1245 0.1236 
         166  1 0.1255 0.1247 0.1256 0.1251 0.1255 0.1253 0.1240 0.1243 
         167  1 0.1258 0.1249 0.1249 0.1245 0.1250 0.1254 0.1248 0.1247 
         168  1 0.1249 0.1251 0.1253 0.1253 0.1248 0.1247 0.1248 0.1251 
         169  1 0.1243 0.1252 0.1250 0.1258 0.1249 0.1244 0.1251 0.1254 
         170  1 0.1249 0.1250 0.1251 0.1250 0.1252 0.1244 0.1252 0.1251 
         171  1 0.1246 0.1256 0.1244 0.1253 0.1251 0.1251 0.1251 0.1249 
         172  1 0.1240 0.1252 0.1242 0.1252 0.1252 0.1246 0.1259 0.1257 
         173  1 0.1251 0.1250 0.1254 0.1248 0.1255 0.1248 0.1247 0.1247 
         174  1 0.1247 0.1255 0.1249 0.1249 0.1255 0.1249 0.1250 0.1246 
         175  1 0.1234 0.1248 0.1241 0.1259 0.1243 0.1243 0.1261 0.1270 
         176  1 0.1276 0.1247 0.1263 0.1235 0.1248 0.1258 0.1241 0.1232 
         177  1 0.1232 0.1251 0.1245 0.1258 0.1248 0.1245 0.1258 0.1262 
         178  1 0.1246 0.1255 0.1251 0.1252 0.1252 0.1245 0.1247 0.1253 
         179  1 0.1239 0.1251 0.1245 0.1260 0.1256 0.1241 0.1253 0.1255 
         180  1 0.1253 0.1248 0.1260 0.1246 0.1247 0.1244 0.1249 0.1252 
         181  1 0.1266 0.1243 0.1251 0.1244 0.1254 0.1257 0.1245 0.1240 
         182  1 0.1238 0.1254 0.1237 0.1257 0.1256 0.1247 0.1254 0.1257 
         183  1 0.1246 0.1255 0.1249 0.1253 0.1248 0.1260 0.1245 0.1245 
         184  1 0.1223 0.1253 0.1233 0.1267 0.1245 0.1238 0.1263 0.1278 
         185  1 0.1259 0.1249 0.1256 0.1243 0.1256 0.1256 0.1245 0.1236 
         186  1 0.1249 0.1256 0.1246 0.1249 0.1248 0.1253 0.1249 0.1249 
         187  1 0.1232 0.1253 0.1237 0.1259 0.1244 0.1247 0.1262 0.1265 
         188  1 0.1263 0.1247 0.1253 0.1241 0.1247 0.1260 0.1246 0.1243 
         189  1 0.1263 0.1252 0.1251 0.1246 0.1247 0.1255 0.1246 0.1241 
         190  1 0.1255 0.1252 0.1251 0.1244 0.1259 0.1252 0.1247 0.1241 
         191  1 0.1257 0.1249 0.1245 0.1253 0.1251 0.1250 0.1249 0.1245 
         192  1 0.1261 0.1247 0.1255 0.1242 0.1251 0.1252 0.1245 0.1246 
         193  1 0.1238 0.1253 0.1245 0.1257 0.1249 0.1242 0.1254 0.1261 
         194  1 0.1260 0.1248 0.1255 0.1247 0.1248 0.1254 0.1248 0.1241 
         195  1 0.1261 0.1248 0.1256 0.1246 0.1250 0.1251 0.1249 0.1240 
         196  1 0.1237 0.1253 0.1249 0.1251 0.1253 0.1248 0.1255 0.1254 
         197  1 0.1258 0.1248 0.1253 0.1243 0.1253 0.1253 0.1248 0.1244 
         198  1 0.1249 0.1253 0.1243 0.1251 0.1252 0.1249 0.1251 0.1252 
         199  1 0.1252 0.1248 0.1257 0.1246 0.1253 0.1251 0.1247 0.1246 
         200  1 0.1229 0.1250 0.1244 0.1262 0.1243 0.1245 0.1260 0.1267 
         201  1 0.1247 0.1249 0.1250 0.1249 0.1252 0.1259 0.1248 0.1246 
         202  1 0.1244 0.1257 0.1245 0.1252 0.1255 0.1245 0.1251 0.1252 
         203  1 0.1235 0.1252 0.1245 0.1258 0.1254 0.1242 0.1254 0.1261 
         204  1 0.1256 0.1252 0.1249 0.1248 0.1250 0.1252 0.1247 0.1246 
         205  1 0.1242 0.1250 0.1246 0.1253 0.1243 0.1246 0.1258 0.1262 
         206  1 0.1257 0.1244 0.1259 0.1247 0.1252 0.1257 0.1243 0.1241 
         207  1 0.1223 0.1251 0.1236 0.1258 0.1252 0.1245 0.1261 0.1273 
         208  1 0.1238 0.1251 0.1248 0.1257 0.1242 0.1244 0.1254 0.1265 
         209  1 0.1250 0.1249 0.1257 0.1247 0.1252 0.1254 0.1246 0.1244 
         210  1 0.1256 0.1248 0.1263 0.1245 0.1251 0.1252 0.1243 0.1243 
         211  1 0.1271 0.1246 0.1256 0.1244 0.1250 0.1259 0.1241 0.1233 
         212  1 0.1265 0.1248 0.1257 0.1245 0.1248 0.1251 0.1246 0.1241 
         213  1 0.1259 0.1251 0.1258 0.1244 0.1248 0.1252 0.1246 0.1242 
         214  1 0.1257 0.1248 0.1255 0.1244 0.1257 0.1259 0.1241 0.1238 
         215  1 0.1257 0.1251 0.1252 0.1239 0.1257 0.1255 0.1247 0.1241 
         216  1 0.1255 0.1251 0.1260 0.1246 0.1253 0.1247 0.1245 0.1242 
         217  1 0.1262 0.1248 0.1251 0.1244 0.1249 0.1256 0.1245 0.1246 
         218  1 0.1253 0.1250 0.1251 0.1250 0.1246 0.1249 0.1252 0.1249 
         219  1 0.1261 0.1249 0.1247 0.1249 0.1246 0.1255 0.1248 0.1244 
         220  1 0.1253 0.1245 0.1262 0.1247 0.1247 0.1252 0.1247 0.1246 
         221  1 0.1264 0.1242 0.1260 0.1241 0.1252 0.1258 0.1246 0.1237 
         222  1 0.1246 0.1253 0.1248 0.1247 0.1251 0.1257 0.1247 0.1252 
         223  1 0.1249 0.1248 0.1251 0.1253 0.1246 0.1254 0.1252 0.1248 
         224  1 0.1266 0.1249 0.1248 0.1244 0.1251 0.1256 0.1248 0.1237 
         225  1 0.1258 0.1245 0.1255 0.1245 0.1249 0.1256 0.1247 0.1245 
         226  1 0.1250 0.1250 0.1250 0.1249 0.1253 0.1252 0.1249 0.1247 
         227  1 0.1243 0.1252 0.1246 0.1251 0.1249 0.1251 0.1256 0.1252 
         228  1 0.1249 0.1254 0.1241 0.1249 0.1254 0.1249 0.1254 0.1250 
         229  1 0.1216 0.1253 0.1240 0.1263 0.1248 0.1238 0.1265 0.1276 
         230  1 0.1244 0.1250 0.1251 0.1253 0.1253 0.1246 0.1251 0.1252 
         231  1 0.1260 0.1252 0.1245 0.1248 0.1251 0.1249 0.1250 0.1244 
         232  1 0.1263 0.1243 0.1272 0.1239 0.1251 0.1262 0.1239 0.1229 
         233  1 0.1259 0.1254 0.1253 0.1245 0.1248 0.1259 0.1243 0.1239 
         234  1 0.1239 0.1250 0.1246 0.1257 0.1246 0.1249 0.1253 0.1260 
         235  1 0.1245 0.1251 0.1248 0.1255 0.1248 0.1245 0.1253 0.1254 
         236  1 0.1260 0.1246 0.1252 0.1243 0.1250 0.1257 0.1249 0.1242 
         237  1 0.1256 0.1242 0.1263 0.1245 0.1253 0.1256 0.1245 0.1240 
         238  1 0.1245 0.1253 0.1250 0.1255 0.1252 0.1248 0.1246 0.1250 
         239  1 0.1259 0.1244 0.1268 0.1239 0.1254 0.1262 0.1237 0.1237 
         240  1 0.1270 0.1246 0.1256 0.1246 0.1250 0.1252 0.1246 0.1235 
         241  1 0.1240 0.1250 0.1246 0.1253 0.1249 0.1248 0.1252 0.1261 
         242  1 0.1245 0.1253 0.1247 0.1249 0.1254 0.1249 0.1255 0.1249 
         243  1 0.1268 0.1246 0.1262 0.1240 0.1247 0.1255 0.1246 0.1236 
         244  1 0.1262 0.1250 0.1260 0.1251 0.1248 0.1249 0.1239 0.1241 
         245  1 0.1254 0.1250 0.1250 0.1251 0.1243 0.1258 0.1247 0.1247 
         246  1 0.1251 0.1252 0.1253 0.1248 0.1249 0.1250 0.1248 0.1248 
         247  1 0.1246 0.1252 0.1246 0.1253 0.1255 0.1245 0.1250 0.1253 
         248  1 0.1234 0.1258 0.1243 0.1253 0.1255 0.1252 0.1249 0.1255 
         249  1 0.1260 0.1248 0.1260 0.1243 0.1251 0.1254 0.1246 0.1238 
         250  1 0.1240 0.1250 0.1245 0.1250 0.1249 0.1246 0.1258 0.1261 
         251  1 0.1262 0.1251 0.1252 0.1241 0.1257 0.1252 0.1241 0.1242 
         252  1 0.1243 0.1258 0.1240 0.1255 0.1252 0.1243 0.1252 0.1256 
         253  1 0.1242 0.1253 0.1244 0.1257 0.1249 0.1248 0.1255 0.1252 
         254  1 0.1254 0.1253 0.1246 0.1254 0.1250 0.1244 0.1249 0.1250 
         255  1 0.1266 0.1247 0.1266 0.1242 0.1250 0.1257 0.1236 0.1235 
         256  1 0.1257 0.1245 0.1259 0.1247 0.1252 0.1255 0.1243 0.1242 
         257  1 0.1252 0.1252 0.1250 0.1254 0.1251 0.1238 0.1252 0.1253 
         258  1 0.1233 0.1252 0.1253 0.1252 0.1252 0.1245 0.1250 0.1262 
         259  1 0.1238 0.1254 0.1245 0.1258 0.1243 0.1241 0.1258 0.1263 
         260  1 0.1248 0.1247 0.1248 0.1256 0.1252 0.1241 0.1251 0.1258 
         261  1 0.1245 0.1249 0.1240 0.1257 0.1248 0.1245 0.1259 0.1258 
         262  1 0.1272 0.1246 0.1257 0.1244 0.1251 0.1259 0.1238 0.1233 
         263  1 0.1242 0.1247 0.1247 0.1252 0.1250 0.1250 0.1253 0.1258 
         264  1 0.1277 0.1251 0.1258 0.1238 0.1246 0.1253 0.1241 0.1235 
         265  1 0.1254 0.1250 0.1250 0.1251 0.1246 0.1244 0.1254 0.1249 
         266  1 0.1262 0.1252 0.1247 0.1245 0.1246 0.1251 0.1246 0.1250 
         267  1 0.1251 0.1253 0.1251 0.1247 0.1247 0.1248 0.1249 0.1254 
         268  1 0.1234 0.1250 0.1239 0.1260 0.1248 0.1242 0.1259 0.1268 
         269  1 0.1231 0.1245 0.1251 0.1257 0.1249 0.1245 0.1257 0.1265 
         270  1 0.1256 0.1250 0.1252 0.1245 0.1253 0.1250 0.1249 0.1246 
         271  1 0.1225 0.1255 0.1244 0.1262 0.1244 0.1240 0.1261 0.1269 
         272  1 0.1253 0.1252 0.1254 0.1249 0.1250 0.1256 0.1240 0.1246 
         273  1 0.1254 0.1253 0.1246 0.1246 0.1248 0.1256 0.1253 0.1245 
         274  1 0.1249 0.1246 0.1240 0.1250 0.1252 0.1255 0.1257 0.1251 
         275  1 0.1255 0.1247 0.1258 0.1246 0.1252 0.1248 0.1247 0.1247 
         276  1 0.1231 0.1253 0.1239 0.1257 0.1247 0.1240 0.1262 0.1270 
         277  1 0.1246 0.1253 0.1243 0.1251 0.1254 0.1248 0.1249 0.1256 
         278  1 0.1242 0.1254 0.1246 0.1256 0.1257 0.1244 0.1246 0.1256 
         279  1 0.1243 0.1250 0.1249 0.1253 0.1249 0.1246 0.1255 0.1255 
         280  1 0.1260 0.1252 0.1253 0.1252 0.1248 0.1246 0.1244 0.1245 
         281  1 0.1247 0.1243 0.1246 0.1249 0.1256 0.1252 0.1252 0.1255 
         282  1 0.1249 0.1246 0.1255 0.1252 0.1253 0.1248 0.1245 0.1251 
         283  1 0.1286 0.1246 0.1264 0.1240 0.1243 0.1263 0.1236 0.1221 
         284  1 0.1264 0.1248 0.1254 0.1243 0.1256 0.1254 0.1243 0.1239 
         285  1 0.1235 0.1254 0.1247 0.1256 0.1248 0.1243 0.1255 0.1263 
         286  1 0.1250 0.1248 0.1247 0.1253 0.1254 0.1253 0.1246 0.1250 
         287  1 0.1251 0.1248 0.1258 0.1252 0.1244 0.1251 0.1247 0.1250 
         288  1 0.1254 0.1250 0.1246 0.1249 0.1251 0.1254 0.1251 0.1245 
         289  1 0.1275 0.1247 0.1259 0.1236 0.1248 0.1259 0.1247 0.1227 
         290  1 0.1277 0.1244 0.1266 0.1240 0.1246 0.1255 0.1239 0.1231 
         291  1 0.1250 0.1249 0.1257 0.1251 0.1252 0.1247 0.1246 0.1247 
         292  1 0.1246 0.1248 0.1247 0.1253 0.1251 0.1248 0.1255 0.1252 
         293  1 0.1258 0.1253 0.1245 0.1248 0.1252 0.1252 0.1247 0.1245 
         294  1 0.1229 0.1247 0.1245 0.1256 0.1243 0.1253 0.1258 0.1269 
         295  1 0.1228 0.1247 0.1245 0.1264 0.1244 0.1245 0.1259 0.1268 
         296  1 0.1272 0.1249 0.1247 0.1244 0.1246 0.1260 0.1247 0.1234 
         297  1 0.1237 0.1252 0.1250 0.1256 0.1250 0.1241 0.1255 0.1259 
         298  1 0.1251 0.1254 0.1249 0.1252 0.1250 0.1245 0.1249 0.1250 
         299  1 0.1262 0.1245 0.1259 0.1249 0.1249 0.1249 0.1246 0.1241 
         300  1 0.1247 0.1250 0.1250 0.1252 0.1249 0.1247 0.1254 0.1251 
         301  1 0.1238 0.1252 0.1243 0.1257 0.1252 0.1245 0.1255 0.1258 
         302  1 0.1254 0.1254 0.1256 0.1248 0.1252 0.1252 0.1240 0.1244 
         303  1 0.1252 0.1248 0.1261 0.1249 0.1249 0.1245 0.1248 0.1249 
