           1  1 0.1104 0.1111 0.1109 0.1146 0.1097 0.1110 0.1100 0.1101 0.1121 
           2  1 0.1114 0.1112 0.1108 0.1121 0.1129 0.1108 0.1107 0.1094 0.1108 
           3  1 0.1108 0.1134 0.1119 0.1119 0.1108 0.1098 0.1098 0.1115 0.1101 
           4  1 0.1098 0.1106 0.1109 0.1136 0.1098 0.1126 0.1109 0.1099 0.1119 
           5  1 0.1097 0.1111 0.1126 0.1143 0.1107 0.1099 0.1111 0.1086 0.1120 
           6  1 0.1118 0.1099 0.1103 0.1090 0.1126 0.1115 0.1105 0.1125 0.1119 
           7  1 0.1112 0.1133 0.1102 0.1092 0.1126 0.1116 0.1104 0.1119 0.1096 
           8  1 0.1130 0.1124 0.1103 0.1088 0.1115 0.1113 0.1108 0.1109 0.1109 
           9  1 0.1108 0.1090 0.1114 0.1111 0.1120 0.1114 0.1114 0.1113 0.1114 
          10  1 0.1116 0.1100 0.1109 0.1114 0.1109 0.1120 0.1106 0.1128 0.1099 
          11  1 0.1113 0.1097 0.1111 0.1122 0.1110 0.1104 0.1113 0.1104 0.1125 
          12  1 0.1112 0.1125 0.1098 0.1076 0.1119 0.1115 0.1111 0.1129 0.1114 
          13  1 0.1107 0.1130 0.1106 0.1082 0.1124 0.1109 0.1108 0.1126 0.1106 
          14  1 0.1097 0.1124 0.1097 0.1092 0.1120 0.1106 0.1108 0.1137 0.1118 
          15  1 0.1118 0.1121 0.1105 0.1086 0.1128 0.1106 0.1100 0.1131 0.1106 
          16  1 0.1098 0.1099 0.1117 0.1168 0.1089 0.1107 0.1108 0.1075 0.1139 
          17  1 0.1111 0.1114 0.1105 0.1096 0.1129 0.1104 0.1104 0.1135 0.1102 
          18  1 0.1119 0.1098 0.1106 0.1102 0.1105 0.1140 0.1092 0.1123 0.1116 
          19  1 0.1088 0.1098 0.1123 0.1154 0.1088 0.1109 0.1102 0.1104 0.1134 
          20  1 0.1105 0.1104 0.1107 0.1093 0.1117 0.1129 0.1103 0.1132 0.1109 
          21  1 0.1091 0.1118 0.1126 0.1191 0.1086 0.1095 0.1081 0.1065 0.1146 
          22  1 0.1123 0.1112 0.1107 0.1085 0.1117 0.1120 0.1106 0.1128 0.1101 
          23  1 0.1100 0.1117 0.1108 0.1097 0.1117 0.1113 0.1092 0.1144 0.1113 
          24  1 0.1111 0.1110 0.1106 0.1094 0.1123 0.1114 0.1114 0.1126 0.1102 
          25  1 0.1117 0.1140 0.1103 0.1088 0.1110 0.1116 0.1103 0.1114 0.1109 
          26  1 0.1113 0.1083 0.1103 0.1112 0.1116 0.1131 0.1108 0.1111 0.1123 
          27  1 0.1106 0.1105 0.1117 0.1125 0.1092 0.1110 0.1117 0.1100 0.1128 
          28  1 0.1120 0.1122 0.1101 0.1092 0.1133 0.1100 0.1113 0.1108 0.1112 
          29  1 0.1108 0.1100 0.1126 0.1143 0.1108 0.1113 0.1110 0.1080 0.1110 
          30  1 0.1115 0.1107 0.1108 0.1087 0.1119 0.1110 0.1118 0.1124 0.1112 
          31  1 0.1112 0.1114 0.1119 0.1118 0.1123 0.1110 0.1115 0.1082 0.1107 
          32  1 0.1131 0.1101 0.1109 0.1095 0.1120 0.1109 0.1109 0.1120 0.1106 
          33  1 0.1100 0.1100 0.1109 0.1114 0.1115 0.1126 0.1108 0.1102 0.1126 
          34  1 0.1114 0.1113 0.1112 0.1126 0.1112 0.1117 0.1108 0.1093 0.1106 
          35  1 0.1122 0.1110 0.1100 0.1091 0.1128 0.1125 0.1104 0.1122 0.1098 
          36  1 0.1108 0.1111 0.1113 0.1104 0.1113 0.1111 0.1106 0.1110 0.1124 
          37  1 0.1114 0.1110 0.1113 0.1074 0.1118 0.1130 0.1112 0.1132 0.1097 
          38  1 0.1126 0.1114 0.1111 0.1084 0.1108 0.1118 0.1111 0.1130 0.1099 
          39  1 0.1101 0.1099 0.1124 0.1170 0.1095 0.1104 0.1106 0.1073 0.1129 
          40  1 0.1088 0.1106 0.1121 0.1155 0.1108 0.1104 0.1127 0.1070 0.1122 
          41  1 0.1105 0.1116 0.1115 0.1126 0.1105 0.1110 0.1109 0.1099 0.1114 
          42  1 0.1116 0.1099 0.1121 0.1118 0.1112 0.1118 0.1109 0.1095 0.1112 
          43  1 0.1113 0.1122 0.1100 0.1085 0.1118 0.1124 0.1108 0.1122 0.1107 
          44  1 0.1108 0.1099 0.1117 0.1149 0.1096 0.1104 0.1104 0.1081 0.1143 
          45  1 0.1121 0.1099 0.1112 0.1109 0.1119 0.1124 0.1107 0.1112 0.1099 
          46  1 0.1102 0.1101 0.1130 0.1134 0.1102 0.1096 0.1129 0.1092 0.1114 
          47  1 0.1116 0.1095 0.1098 0.1090 0.1119 0.1118 0.1112 0.1121 0.1131 
          48  1 0.1091 0.1101 0.1118 0.1156 0.1100 0.1100 0.1103 0.1091 0.1140 
          49  1 0.1105 0.1167 0.1084 0.1045 0.1155 0.1105 0.1094 0.1140 0.1103 
          50  1 0.1116 0.1100 0.1112 0.1102 0.1117 0.1119 0.1118 0.1115 0.1102 
          51  1 0.1109 0.1104 0.1117 0.1132 0.1112 0.1116 0.1117 0.1078 0.1115 
          52  1 0.1117 0.1114 0.1116 0.1109 0.1112 0.1112 0.1110 0.1102 0.1108 
          53  1 0.1119 0.1106 0.1109 0.1111 0.1113 0.1119 0.1088 0.1109 0.1125 
          54  1 0.1122 0.1112 0.1109 0.1105 0.1107 0.1097 0.1132 0.1109 0.1108 
          55  1 0.1085 0.1098 0.1131 0.1201 0.1078 0.1099 0.1106 0.1053 0.1150 
          56  1 0.1102 0.1094 0.1123 0.1143 0.1086 0.1111 0.1117 0.1099 0.1126 
          57  1 0.1113 0.1108 0.1104 0.1099 0.1111 0.1122 0.1111 0.1133 0.1099 
          58  1 0.1115 0.1098 0.1114 0.1127 0.1095 0.1103 0.1109 0.1124 0.1115 
          59  1 0.1109 0.1126 0.1100 0.1099 0.1121 0.1112 0.1110 0.1131 0.1092 
          60  1 0.1124 0.1116 0.1099 0.1073 0.1117 0.1130 0.1107 0.1150 0.1084 
          61  1 0.1113 0.1091 0.1118 0.1114 0.1105 0.1116 0.1124 0.1117 0.1101 
          62  1 0.1098 0.1113 0.1102 0.1112 0.1107 0.1104 0.1112 0.1129 0.1124 
          63  1 0.1096 0.1096 0.1118 0.1155 0.1095 0.1100 0.1111 0.1095 0.1133 
          64  1 0.1105 0.1094 0.1117 0.1155 0.1101 0.1108 0.1101 0.1088 0.1132 
          65  1 0.1130 0.1112 0.1102 0.1105 0.1123 0.1115 0.1111 0.1100 0.1102 
          66  1 0.1110 0.1108 0.1103 0.1114 0.1116 0.1105 0.1119 0.1113 0.1111 
          67  1 0.1118 0.1104 0.1106 0.1109 0.1112 0.1117 0.1121 0.1103 0.1110 
          68  1 0.1118 0.1112 0.1107 0.1104 0.1123 0.1103 0.1100 0.1116 0.1116 
          69  1 0.1095 0.1128 0.1114 0.1122 0.1115 0.1107 0.1101 0.1094 0.1125 
          70  1 0.1124 0.1093 0.1113 0.1105 0.1110 0.1116 0.1104 0.1121 0.1113 
          71  1 0.1114 0.1109 0.1104 0.1095 0.1108 0.1116 0.1118 0.1141 0.1097 
          72  1 0.1110 0.1099 0.1124 0.1126 0.1108 0.1103 0.1109 0.1103 0.1118 
          73  1 0.1123 0.1101 0.1106 0.1122 0.1098 0.1117 0.1110 0.1111 0.1112 
          74  1 0.1127 0.1097 0.1097 0.1074 0.1117 0.1122 0.1119 0.1131 0.1117 
          75  1 0.1117 0.1107 0.1115 0.1105 0.1108 0.1107 0.1113 0.1120 0.1110 
          76  1 0.1114 0.1118 0.1106 0.1080 0.1136 0.1116 0.1098 0.1120 0.1111 
          77  1 0.1106 0.1140 0.1104 0.1094 0.1126 0.1113 0.1086 0.1119 0.1111 
          78  1 0.1107 0.1086 0.1118 0.1130 0.1102 0.1113 0.1111 0.1128 0.1104 
          79  1 0.1127 0.1107 0.1105 0.1099 0.1117 0.1111 0.1109 0.1125 0.1101 
          80  1 0.1098 0.1099 0.1132 0.1147 0.1094 0.1098 0.1124 0.1085 0.1124 
          81  1 0.1106 0.1108 0.1106 0.1094 0.1119 0.1116 0.1115 0.1132 0.1104 
          82  1 0.1124 0.1090 0.1108 0.1095 0.1107 0.1120 0.1111 0.1148 0.1097 
          83  1 0.1109 0.1115 0.1114 0.1114 0.1110 0.1109 0.1106 0.1113 0.1109 
          84  1 0.1113 0.1110 0.1110 0.1104 0.1105 0.1120 0.1115 0.1126 0.1098 
          85  1 0.1105 0.1125 0.1113 0.1094 0.1123 0.1105 0.1130 0.1106 0.1098 
          86  1 0.1118 0.1100 0.1117 0.1104 0.1113 0.1110 0.1114 0.1117 0.1108 
          87  1 0.1092 0.1092 0.1136 0.1181 0.1082 0.1110 0.1101 0.1055 0.1152 
          88  1 0.1120 0.1103 0.1116 0.1099 0.1101 0.1113 0.1117 0.1130 0.1103 
          89  1 0.1103 0.1124 0.1121 0.1133 0.1105 0.1116 0.1106 0.1077 0.1116 
          90  1 0.1104 0.1099 0.1113 0.1141 0.1102 0.1110 0.1105 0.1092 0.1134 
          91  1 0.1106 0.1090 0.1124 0.1106 0.1115 0.1117 0.1111 0.1117 0.1113 
          92  1 0.1133 0.1108 0.1109 0.1100 0.1117 0.1106 0.1107 0.1109 0.1111 
          93  1 0.1098 0.1112 0.1121 0.1123 0.1108 0.1120 0.1123 0.1098 0.1098 
          94  1 0.1113 0.1114 0.1105 0.1077 0.1126 0.1118 0.1102 0.1138 0.1106 
          95  1 0.1121 0.1110 0.1098 0.1079 0.1129 0.1106 0.1110 0.1148 0.1099 
          96  1 0.1118 0.1115 0.1107 0.1107 0.1114 0.1112 0.1107 0.1121 0.1099 
          97  1 0.1090 0.1101 0.1135 0.1174 0.1092 0.1103 0.1114 0.1056 0.1134 
          98  1 0.1116 0.1114 0.1110 0.1095 0.1124 0.1111 0.1106 0.1111 0.1113 
          99  1 0.1128 0.1132 0.1093 0.1065 0.1141 0.1109 0.1094 0.1146 0.1092 
         100  1 0.1122 0.1114 0.1095 0.1117 0.1108 0.1119 0.1113 0.1104 0.1109 
         101  1 0.1105 0.1122 0.1110 0.1102 0.1116 0.1118 0.1110 0.1121 0.1097 
         102  1 0.1124 0.1090 0.1121 0.1082 0.1113 0.1120 0.1109 0.1143 0.1098 
         103  1 0.1112 0.1093 0.1113 0.1133 0.1113 0.1115 0.1108 0.1097 0.1118 
         104  1 0.1123 0.1090 0.1101 0.1110 0.1114 0.1124 0.1102 0.1115 0.1121 
         105  1 0.1113 0.1110 0.1126 0.1138 0.1091 0.1113 0.1109 0.1094 0.1107 
         106  1 0.1107 0.1087 0.1128 0.1144 0.1098 0.1112 0.1103 0.1096 0.1125 
         107  1 0.1106 0.1111 0.1112 0.1153 0.1102 0.1095 0.1109 0.1084 0.1127 
         108  1 0.1113 0.1119 0.1108 0.1118 0.1137 0.1111 0.1104 0.1088 0.1102 
         109  1 0.1118 0.1107 0.1112 0.1104 0.1116 0.1110 0.1118 0.1112 0.1103 
         110  1 0.1095 0.1092 0.1119 0.1167 0.1096 0.1117 0.1105 0.1078 0.1130 
         111  1 0.1120 0.1111 0.1116 0.1094 0.1108 0.1115 0.1120 0.1118 0.1098 
         112  1 0.1111 0.1109 0.1113 0.1119 0.1110 0.1116 0.1094 0.1124 0.1103 
         113  1 0.1120 0.1103 0.1113 0.1112 0.1109 0.1114 0.1120 0.1107 0.1103 
         114  1 0.1110 0.1129 0.1104 0.1074 0.1114 0.1111 0.1110 0.1140 0.1107 
         115  1 0.1139 0.1102 0.1099 0.1079 0.1118 0.1116 0.1120 0.1142 0.1085 
         116  1 0.1113 0.1099 0.1110 0.1130 0.1101 0.1120 0.1098 0.1115 0.1115 
         117  1 0.1115 0.1110 0.1107 0.1112 0.1110 0.1109 0.1115 0.1104 0.1117 
         118  1 0.1102 0.1110 0.1116 0.1109 0.1105 0.1114 0.1109 0.1123 0.1113 
         119  1 0.1108 0.1093 0.1120 0.1124 0.1100 0.1115 0.1116 0.1115 0.1109 
         120  1 0.1120 0.1121 0.1113 0.1089 0.1117 0.1125 0.1113 0.1102 0.1101 
         121  1 0.1121 0.1116 0.1114 0.1094 0.1106 0.1114 0.1130 0.1108 0.1097 
         122  1 0.1101 0.1091 0.1124 0.1145 0.1094 0.1102 0.1110 0.1085 0.1148 
         123  1 0.1115 0.1092 0.1109 0.1113 0.1110 0.1105 0.1124 0.1108 0.1125 
         124  1 0.1110 0.1101 0.1118 0.1144 0.1095 0.1106 0.1103 0.1093 0.1131 
         125  1 0.1112 0.1118 0.1111 0.1107 0.1107 0.1107 0.1110 0.1120 0.1108 
         126  1 0.1106 0.1096 0.1118 0.1109 0.1109 0.1110 0.1110 0.1120 0.1122 
         127  1 0.1097 0.1102 0.1119 0.1158 0.1086 0.1111 0.1109 0.1077 0.1141 
         128  1 0.1104 0.1101 0.1116 0.1129 0.1113 0.1097 0.1097 0.1111 0.1134 
         129  1 0.1101 0.1110 0.1124 0.1146 0.1089 0.1104 0.1113 0.1084 0.1128 
         130  1 0.1111 0.1098 0.1109 0.1095 0.1106 0.1121 0.1120 0.1125 0.1115 
         131  1 0.1106 0.1108 0.1123 0.1146 0.1092 0.1112 0.1092 0.1089 0.1133 
         132  1 0.1117 0.1115 0.1099 0.1093 0.1116 0.1118 0.1118 0.1121 0.1103 
         133  1 0.1108 0.1110 0.1108 0.1090 0.1110 0.1123 0.1097 0.1152 0.1103 
         134  1 0.1104 0.1100 0.1118 0.1129 0.1096 0.1111 0.1108 0.1114 0.1121 
         135  1 0.1122 0.1108 0.1109 0.1097 0.1120 0.1110 0.1123 0.1109 0.1103 
         136  1 0.1096 0.1096 0.1117 0.1141 0.1106 0.1111 0.1120 0.1094 0.1120 
         137  1 0.1111 0.1128 0.1094 0.1093 0.1115 0.1112 0.1116 0.1133 0.1098 
         138  1 0.1112 0.1119 0.1108 0.1104 0.1113 0.1114 0.1112 0.1109 0.1109 
         139  1 0.1112 0.1114 0.1116 0.1106 0.1113 0.1121 0.1094 0.1115 0.1108 
         140  1 0.1106 0.1105 0.1122 0.1124 0.1110 0.1115 0.1120 0.1088 0.1110 
         141  1 0.1111 0.1108 0.1100 0.1100 0.1117 0.1108 0.1113 0.1127 0.1116 
         142  1 0.1110 0.1099 0.1114 0.1161 0.1083 0.1103 0.1095 0.1096 0.1138 
         143  1 0.1116 0.1121 0.1124 0.1112 0.1115 0.1102 0.1102 0.1095 0.1114 
         144  1 0.1129 0.1100 0.1098 0.1078 0.1112 0.1111 0.1113 0.1145 0.1113 
         145  1 0.1093 0.1121 0.1119 0.1120 0.1107 0.1125 0.1107 0.1090 0.1117 
         146  1 0.1118 0.1112 0.1111 0.1118 0.1125 0.1115 0.1104 0.1091 0.1106 
         147  1 0.1107 0.1117 0.1102 0.1094 0.1113 0.1112 0.1108 0.1138 0.1109 
         148  1 0.1107 0.1114 0.1117 0.1138 0.1117 0.1112 0.1106 0.1080 0.1110 
         149  1 0.1116 0.1093 0.1113 0.1107 0.1108 0.1109 0.1117 0.1120 0.1117 
         150  1 0.1115 0.1106 0.1105 0.1119 0.1119 0.1112 0.1126 0.1096 0.1101 
         151  1 0.1121 0.1107 0.1097 0.1092 0.1122 0.1105 0.1138 0.1110 0.1107 
         152  1 0.1111 0.1167 0.1091 0.1065 0.1125 0.1112 0.1097 0.1146 0.1085 
         153  1 0.1116 0.1139 0.1106 0.1086 0.1129 0.1115 0.1099 0.1121 0.1089 
         154  1 0.1132 0.1138 0.1092 0.1056 0.1125 0.1129 0.1103 0.1145 0.1079 
         155  1 0.1112 0.1114 0.1110 0.1104 0.1117 0.1098 0.1111 0.1120 0.1114 
         156  1 0.1107 0.1101 0.1106 0.1109 0.1109 0.1105 0.1118 0.1138 0.1107 
         157  1 0.1107 0.1095 0.1122 0.1143 0.1085 0.1095 0.1107 0.1107 0.1137 
         158  1 0.1114 0.1105 0.1111 0.1124 0.1099 0.1114 0.1122 0.1108 0.1102 
         159  1 0.1116 0.1099 0.1101 0.1087 0.1121 0.1104 0.1122 0.1134 0.1116 
         160  1 0.1106 0.1101 0.1114 0.1102 0.1110 0.1109 0.1114 0.1130 0.1115 
         161  1 0.1095 0.1101 0.1109 0.1135 0.1097 0.1112 0.1110 0.1105 0.1137 
         162  1 0.1107 0.1111 0.1113 0.1124 0.1105 0.1101 0.1122 0.1103 0.1114 
         163  1 0.1113 0.1141 0.1099 0.1084 0.1118 0.1110 0.1115 0.1130 0.1092 
         164  1 0.1109 0.1115 0.1108 0.1149 0.1111 0.1087 0.1095 0.1070 0.1156 
         165  1 0.1122 0.1104 0.1107 0.1082 0.1107 0.1114 0.1132 0.1121 0.1111 
         166  1 0.1113 0.1128 0.1103 0.1079 0.1119 0.1121 0.1106 0.1137 0.1093 
         167  1 0.1111 0.1111 0.1108 0.1107 0.1124 0.1109 0.1110 0.1133 0.1087 
         168  1 0.1112 0.1111 0.1112 0.1104 0.1113 0.1104 0.1129 0.1101 0.1115 
         169  1 0.1102 0.1130 0.1105 0.1105 0.1106 0.1112 0.1116 0.1119 0.1104 
         170  1 0.1122 0.1108 0.1112 0.1107 0.1108 0.1116 0.1130 0.1100 0.1097 
         171  1 0.1100 0.1104 0.1113 0.1106 0.1101 0.1109 0.1115 0.1135 0.1118 
         172  1 0.1121 0.1103 0.1124 0.1125 0.1098 0.1107 0.1115 0.1094 0.1113 
         173  1 0.1118 0.1091 0.1120 0.1104 0.1105 0.1118 0.1120 0.1116 0.1107 
         174  1 0.1111 0.1117 0.1121 0.1111 0.1118 0.1118 0.1101 0.1095 0.1108 
         175  1 0.1106 0.1102 0.1119 0.1162 0.1093 0.1093 0.1108 0.1085 0.1134 
         176  1 0.1126 0.1127 0.1096 0.1072 0.1121 0.1118 0.1112 0.1138 0.1091 
         177  1 0.1091 0.1110 0.1126 0.1134 0.1103 0.1104 0.1121 0.1101 0.1111 
         178  1 0.1108 0.1115 0.1112 0.1114 0.1118 0.1118 0.1101 0.1101 0.1113 
         179  1 0.1116 0.1097 0.1117 0.1123 0.1107 0.1112 0.1111 0.1098 0.1119 
         180  1 0.1098 0.1126 0.1109 0.1118 0.1109 0.1120 0.1104 0.1110 0.1107 
         181  1 0.1126 0.1114 0.1114 0.1092 0.1120 0.1124 0.1095 0.1112 0.1104 
         182  1 0.1114 0.1097 0.1111 0.1109 0.1119 0.1121 0.1113 0.1103 0.1114 
         183  1 0.1121 0.1111 0.1106 0.1095 0.1124 0.1113 0.1119 0.1117 0.1094 
         184  1 0.1100 0.1099 0.1131 0.1166 0.1092 0.1105 0.1118 0.1077 0.1113 
         185  1 0.1128 0.1095 0.1103 0.1078 0.1119 0.1119 0.1120 0.1140 0.1098 
         186  1 0.1096 0.1111 0.1118 0.1110 0.1126 0.1104 0.1106 0.1121 0.1108 
         187  1 0.1099 0.1102 0.1121 0.1147 0.1095 0.1110 0.1116 0.1087 0.1122 
         188  1 0.1111 0.1123 0.1098 0.1102 0.1119 0.1111 0.1105 0.1122 0.1109 
         189  1 0.1111 0.1104 0.1099 0.1094 0.1117 0.1114 0.1120 0.1130 0.1111 
         190  1 0.1122 0.1114 0.1105 0.1096 0.1131 0.1110 0.1109 0.1114 0.1099 
         191  1 0.1114 0.1120 0.1116 0.1093 0.1115 0.1114 0.1118 0.1110 0.1099 
         192  1 0.1111 0.1125 0.1102 0.1110 0.1122 0.1102 0.1102 0.1128 0.1100 
         193  1 0.1103 0.1112 0.1119 0.1134 0.1100 0.1106 0.1122 0.1097 0.1107 
         194  1 0.1108 0.1111 0.1105 0.1091 0.1110 0.1119 0.1106 0.1133 0.1118 
         195  1 0.1115 0.1108 0.1110 0.1099 0.1100 0.1124 0.1117 0.1128 0.1099 
         196  1 0.1114 0.1095 0.1111 0.1119 0.1108 0.1118 0.1115 0.1098 0.1121 
         197  1 0.1121 0.1107 0.1105 0.1093 0.1134 0.1121 0.1089 0.1123 0.1108 
         198  1 0.1113 0.1099 0.1117 0.1107 0.1116 0.1103 0.1129 0.1108 0.1108 
         199  1 0.1134 0.1109 0.1095 0.1098 0.1111 0.1117 0.1100 0.1130 0.1106 
         200  1 0.1089 0.1126 0.1115 0.1149 0.1095 0.1104 0.1118 0.1086 0.1118 
         201  1 0.1112 0.1100 0.1106 0.1110 0.1110 0.1115 0.1112 0.1131 0.1104 
         202  1 0.1115 0.1108 0.1121 0.1112 0.1109 0.1106 0.1106 0.1108 0.1115 
         203  1 0.1104 0.1100 0.1131 0.1137 0.1108 0.1116 0.1112 0.1082 0.1110 
         204  1 0.1110 0.1124 0.1114 0.1102 0.1122 0.1105 0.1103 0.1102 0.1117 
         205  1 0.1100 0.1111 0.1120 0.1149 0.1096 0.1105 0.1114 0.1084 0.1121 
         206  1 0.1108 0.1132 0.1099 0.1091 0.1122 0.1113 0.1123 0.1117 0.1096 
         207  1 0.1105 0.1088 0.1133 0.1152 0.1093 0.1111 0.1105 0.1092 0.1122 
         208  1 0.1101 0.1103 0.1110 0.1138 0.1102 0.1103 0.1118 0.1095 0.1131 
         209  1 0.1099 0.1118 0.1117 0.1100 0.1117 0.1105 0.1129 0.1108 0.1106 
         210  1 0.1117 0.1098 0.1104 0.1100 0.1112 0.1128 0.1116 0.1123 0.1103 
         211  1 0.1110 0.1142 0.1093 0.1076 0.1124 0.1116 0.1118 0.1126 0.1096 
         212  1 0.1115 0.1109 0.1110 0.1095 0.1112 0.1109 0.1125 0.1118 0.1108 
         213  1 0.1108 0.1126 0.1114 0.1088 0.1122 0.1109 0.1109 0.1119 0.1106 
         214  1 0.1121 0.1113 0.1109 0.1083 0.1122 0.1119 0.1098 0.1135 0.1099 
         215  1 0.1111 0.1110 0.1110 0.1088 0.1109 0.1110 0.1118 0.1128 0.1117 
         216  1 0.1127 0.1101 0.1099 0.1098 0.1112 0.1111 0.1106 0.1139 0.1107 
         217  1 0.1111 0.1119 0.1098 0.1114 0.1111 0.1106 0.1113 0.1113 0.1114 
         218  1 0.1116 0.1156 0.1098 0.1095 0.1127 0.1097 0.1094 0.1116 0.1101 
         219  1 0.1109 0.1104 0.1099 0.1110 0.1119 0.1119 0.1117 0.1110 0.1114 
         220  1 0.1103 0.1123 0.1117 0.1101 0.1110 0.1111 0.1111 0.1111 0.1112 
         221  1 0.1116 0.1121 0.1111 0.1091 0.1118 0.1109 0.1109 0.1122 0.1104 
         222  1 0.1112 0.1098 0.1123 0.1125 0.1103 0.1105 0.1111 0.1108 0.1114 
         223  1 0.1113 0.1114 0.1102 0.1110 0.1096 0.1108 0.1132 0.1110 0.1115 
         224  1 0.1119 0.1102 0.1101 0.1090 0.1120 0.1127 0.1102 0.1113 0.1126 
         225  1 0.1112 0.1111 0.1118 0.1105 0.1099 0.1113 0.1104 0.1135 0.1103 
         226  1 0.1119 0.1091 0.1118 0.1105 0.1104 0.1104 0.1125 0.1124 0.1110 
         227  1 0.1110 0.1123 0.1126 0.1114 0.1116 0.1093 0.1110 0.1108 0.1101 
         228  1 0.1104 0.1127 0.1124 0.1100 0.1130 0.1110 0.1100 0.1098 0.1106 
         229  1 0.1098 0.1121 0.1124 0.1158 0.1108 0.1096 0.1113 0.1066 0.1115 
         230  1 0.1116 0.1102 0.1105 0.1092 0.1111 0.1112 0.1126 0.1117 0.1120 
         231  1 0.1108 0.1132 0.1100 0.1092 0.1127 0.1097 0.1101 0.1135 0.1108 
         232  1 0.1115 0.1117 0.1105 0.1078 0.1115 0.1125 0.1117 0.1142 0.1086 
         233  1 0.1114 0.1127 0.1108 0.1083 0.1112 0.1099 0.1132 0.1124 0.1102 
         234  1 0.1101 0.1101 0.1137 0.1131 0.1105 0.1108 0.1108 0.1099 0.1109 
         235  1 0.1106 0.1098 0.1112 0.1118 0.1102 0.1122 0.1110 0.1120 0.1111 
         236  1 0.1101 0.1102 0.1118 0.1119 0.1116 0.1107 0.1112 0.1116 0.1109 
         237  1 0.1114 0.1112 0.1101 0.1102 0.1112 0.1114 0.1115 0.1130 0.1102 
         238  1 0.1103 0.1127 0.1117 0.1105 0.1109 0.1114 0.1105 0.1105 0.1117 
         239  1 0.1113 0.1128 0.1109 0.1085 0.1125 0.1109 0.1100 0.1128 0.1104 
         240  1 0.1115 0.1135 0.1088 0.1078 0.1135 0.1114 0.1115 0.1126 0.1093 
         241  1 0.1103 0.1105 0.1115 0.1141 0.1094 0.1105 0.1108 0.1094 0.1135 
         242  1 0.1113 0.1111 0.1117 0.1108 0.1112 0.1103 0.1114 0.1106 0.1114 
         243  1 0.1127 0.1116 0.1098 0.1077 0.1104 0.1125 0.1108 0.1143 0.1103 
         244  1 0.1116 0.1105 0.1098 0.1096 0.1123 0.1108 0.1124 0.1117 0.1112 
         245  1 0.1113 0.1117 0.1104 0.1104 0.1114 0.1105 0.1120 0.1115 0.1107 
         246  1 0.1107 0.1125 0.1108 0.1102 0.1115 0.1107 0.1113 0.1115 0.1106 
         247  1 0.1112 0.1110 0.1099 0.1115 0.1115 0.1116 0.1111 0.1109 0.1113 
         248  1 0.1113 0.1112 0.1114 0.1116 0.1112 0.1114 0.1113 0.1104 0.1102 
         249  1 0.1122 0.1115 0.1103 0.1085 0.1126 0.1116 0.1111 0.1113 0.1108 
         250  1 0.1106 0.1105 0.1124 0.1138 0.1097 0.1105 0.1115 0.1095 0.1116 
         251  1 0.1111 0.1123 0.1104 0.1095 0.1123 0.1116 0.1105 0.1121 0.1102 
         252  1 0.1105 0.1099 0.1108 0.1123 0.1113 0.1118 0.1120 0.1097 0.1117 
         253  1 0.1117 0.1109 0.1110 0.1116 0.1102 0.1106 0.1110 0.1117 0.1113 
         254  1 0.1124 0.1124 0.1104 0.1091 0.1115 0.1108 0.1108 0.1111 0.1114 
         255  1 0.1115 0.1137 0.1103 0.1092 0.1117 0.1113 0.1112 0.1117 0.1095 
         256  1 0.1109 0.1116 0.1114 0.1089 0.1116 0.1126 0.1116 0.1118 0.1097 
         257  1 0.1109 0.1106 0.1113 0.1114 0.1109 0.1110 0.1128 0.1107 0.1104 
         258  1 0.1118 0.1101 0.1121 0.1124 0.1093 0.1109 0.1112 0.1106 0.1117 
         259  1 0.1108 0.1139 0.1107 0.1134 0.1107 0.1103 0.1106 0.1095 0.1101 
         260  1 0.1112 0.1108 0.1112 0.1126 0.1102 0.1121 0.1120 0.1096 0.1104 
         261  1 0.1110 0.1106 0.1109 0.1130 0.1101 0.1100 0.1114 0.1104 0.1127 
         262  1 0.1127 0.1171 0.1084 0.1044 0.1145 0.1105 0.1087 0.1129 0.1108 
         263  1 0.1111 0.1109 0.1113 0.1132 0.1103 0.1104 0.1111 0.1099 0.1118 
         264  1 0.1107 0.1130 0.1107 0.1082 0.1118 0.1114 0.1101 0.1127 0.1116 
         265  1 0.1112 0.1097 0.1111 0.1106 0.1114 0.1113 0.1120 0.1118 0.1107 
         266  1 0.1110 0.1120 0.1113 0.1112 0.1109 0.1109 0.1100 0.1106 0.1120 
         267  1 0.1114 0.1099 0.1119 0.1123 0.1111 0.1109 0.1102 0.1109 0.1115 
         268  1 0.1092 0.1100 0.1122 0.1148 0.1105 0.1110 0.1107 0.1091 0.1125 
         269  1 0.1120 0.1097 0.1114 0.1155 0.1085 0.1117 0.1110 0.1074 0.1128 
         270  1 0.1116 0.1124 0.1098 0.1090 0.1129 0.1118 0.1103 0.1115 0.1107 
         271  1 0.1104 0.1109 0.1124 0.1145 0.1097 0.1109 0.1117 0.1076 0.1118 
         272  1 0.1126 0.1114 0.1101 0.1094 0.1118 0.1096 0.1131 0.1122 0.1098 
         273  1 0.1119 0.1117 0.1101 0.1101 0.1112 0.1112 0.1127 0.1116 0.1096 
         274  1 0.1113 0.1115 0.1108 0.1116 0.1113 0.1112 0.1107 0.1112 0.1103 
         275  1 0.1116 0.1093 0.1107 0.1105 0.1113 0.1122 0.1123 0.1108 0.1113 
         276  1 0.1094 0.1094 0.1119 0.1148 0.1096 0.1105 0.1108 0.1109 0.1126 
         277  1 0.1115 0.1102 0.1118 0.1115 0.1119 0.1112 0.1107 0.1100 0.1111 
         278  1 0.1113 0.1102 0.1115 0.1116 0.1112 0.1108 0.1117 0.1106 0.1111 
         279  1 0.1103 0.1104 0.1113 0.1128 0.1095 0.1127 0.1115 0.1093 0.1121 
         280  1 0.1106 0.1119 0.1103 0.1093 0.1133 0.1106 0.1123 0.1113 0.1105 
         281  1 0.1107 0.1088 0.1116 0.1126 0.1101 0.1126 0.1096 0.1118 0.1122 
         282  1 0.1112 0.1112 0.1126 0.1100 0.1112 0.1101 0.1118 0.1110 0.1109 
         283  1 0.1110 0.1123 0.1092 0.1075 0.1130 0.1112 0.1129 0.1127 0.1102 
         284  1 0.1117 0.1105 0.1109 0.1086 0.1138 0.1105 0.1117 0.1129 0.1095 
         285  1 0.1097 0.1107 0.1114 0.1131 0.1105 0.1113 0.1117 0.1090 0.1125 
         286  1 0.1113 0.1114 0.1110 0.1100 0.1113 0.1112 0.1109 0.1116 0.1112 
         287  1 0.1097 0.1133 0.1107 0.1128 0.1119 0.1101 0.1111 0.1092 0.1112 
         288  1 0.1108 0.1092 0.1101 0.1101 0.1110 0.1119 0.1115 0.1138 0.1115 
         289  1 0.1133 0.1105 0.1100 0.1075 0.1118 0.1119 0.1120 0.1135 0.1096 
         290  1 0.1106 0.1131 0.1096 0.1074 0.1125 0.1108 0.1129 0.1129 0.1102 
         291  1 0.1115 0.1124 0.1107 0.1100 0.1117 0.1100 0.1117 0.1116 0.1104 
         292  1 0.1110 0.1115 0.1111 0.1124 0.1102 0.1114 0.1101 0.1104 0.1119 
         293  1 0.1130 0.1101 0.1107 0.1099 0.1104 0.1120 0.1115 0.1130 0.1094 
         294  1 0.1094 0.1100 0.1122 0.1173 0.1089 0.1092 0.1104 0.1086 0.1140 
         295  1 0.1098 0.1109 0.1126 0.1149 0.1094 0.1107 0.1121 0.1080 0.1115 
         296  1 0.1118 0.1111 0.1089 0.1084 0.1111 0.1120 0.1103 0.1146 0.1118 
         297  1 0.1113 0.1124 0.1108 0.1125 0.1117 0.1103 0.1110 0.1089 0.1111 
         298  1 0.1118 0.1109 0.1108 0.1118 0.1095 0.1131 0.1112 0.1108 0.1101 
         299  1 0.1119 0.1114 0.1105 0.1099 0.1110 0.1113 0.1132 0.1108 0.1102 
         300  1 0.1099 0.1110 0.1119 0.1127 0.1096 0.1114 0.1112 0.1110 0.1113 
         301  1 0.1110 0.1100 0.1116 0.1128 0.1101 0.1109 0.1110 0.1109 0.1118 
         302  1 0.1109 0.1120 0.1120 0.1099 0.1116 0.1102 0.1132 0.1105 0.1098 
         303  1 0.1122 0.1122 0.1103 0.1088 0.1110 0.1109 0.1111 0.1128 0.1106 
