           1  1 0.2578 0.2463 0.2456 0.2503 
           2  1 0.2530 0.2478 0.2500 0.2493 
           3  1 0.2518 0.2510 0.2475 0.2497 
           4  1 0.2604 0.2460 0.2446 0.2490 
           5  1 0.2626 0.2452 0.2457 0.2465 
           6  1 0.2409 0.2532 0.2553 0.2506 
           7  1 0.2417 0.2521 0.2561 0.2501 
           8  1 0.2418 0.2551 0.2517 0.2514 
           9  1 0.2488 0.2482 0.2511 0.2519 
          10  1 0.2483 0.2459 0.2541 0.2517 
          11  1 0.2554 0.2470 0.2481 0.2494 
          12  1 0.2364 0.2590 0.2536 0.2510 
          13  1 0.2413 0.2537 0.2529 0.2521 
          14  1 0.2441 0.2546 0.2519 0.2494 
          15  1 0.2401 0.2537 0.2552 0.2510 
          16  1 0.2727 0.2402 0.2402 0.2469 
          17  1 0.2444 0.2534 0.2514 0.2508 
          18  1 0.2506 0.2483 0.2509 0.2502 
          19  1 0.2667 0.2400 0.2429 0.2504 
          20  1 0.2452 0.2538 0.2525 0.2486 
          21  1 0.2829 0.2368 0.2324 0.2479 
          22  1 0.2396 0.2526 0.2556 0.2522 
          23  1 0.2489 0.2497 0.2515 0.2499 
          24  1 0.2429 0.2571 0.2515 0.2485 
          25  1 0.2395 0.2576 0.2543 0.2485 
          26  1 0.2505 0.2504 0.2500 0.2491 
          27  1 0.2537 0.2468 0.2505 0.2491 
          28  1 0.2449 0.2525 0.2516 0.2510 
          29  1 0.2656 0.2428 0.2435 0.2482 
          30  1 0.2386 0.2561 0.2545 0.2508 
          31  1 0.2557 0.2439 0.2496 0.2508 
          32  1 0.2418 0.2502 0.2567 0.2513 
          33  1 0.2511 0.2501 0.2528 0.2460 
          34  1 0.2565 0.2464 0.2463 0.2509 
          35  1 0.2413 0.2559 0.2505 0.2523 
          36  1 0.2505 0.2480 0.2518 0.2496 
          37  1 0.2346 0.2588 0.2571 0.2495 
          38  1 0.2364 0.2577 0.2539 0.2520 
          39  1 0.2691 0.2421 0.2411 0.2477 
          40  1 0.2636 0.2454 0.2431 0.2480 
          41  1 0.2565 0.2487 0.2460 0.2488 
          42  1 0.2511 0.2485 0.2523 0.2481 
          43  1 0.2414 0.2558 0.2530 0.2498 
          44  1 0.2688 0.2413 0.2391 0.2508 
          45  1 0.2486 0.2485 0.2521 0.2507 
          46  1 0.2566 0.2448 0.2485 0.2501 
          47  1 0.2406 0.2533 0.2563 0.2498 
          48  1 0.2639 0.2448 0.2418 0.2496 
          49  1 0.2298 0.2640 0.2553 0.2509 
          50  1 0.2504 0.2467 0.2527 0.2501 
          51  1 0.2577 0.2459 0.2455 0.2509 
          52  1 0.2470 0.2506 0.2530 0.2495 
          53  1 0.2506 0.2472 0.2502 0.2520 
          54  1 0.2440 0.2514 0.2522 0.2523 
          55  1 0.2804 0.2355 0.2374 0.2467 
          56  1 0.2611 0.2426 0.2478 0.2485 
          57  1 0.2425 0.2512 0.2528 0.2535 
          58  1 0.2499 0.2484 0.2487 0.2530 
          59  1 0.2496 0.2511 0.2490 0.2503 
          60  1 0.2359 0.2542 0.2566 0.2532 
          61  1 0.2514 0.2484 0.2501 0.2501 
          62  1 0.2488 0.2522 0.2501 0.2489 
          63  1 0.2689 0.2409 0.2419 0.2483 
          64  1 0.2673 0.2410 0.2423 0.2493 
          65  1 0.2467 0.2512 0.2514 0.2506 
          66  1 0.2487 0.2526 0.2479 0.2509 
          67  1 0.2488 0.2511 0.2503 0.2498 
          68  1 0.2460 0.2525 0.2529 0.2486 
          69  1 0.2557 0.2505 0.2452 0.2486 
          70  1 0.2485 0.2474 0.2517 0.2524 
          71  1 0.2416 0.2542 0.2551 0.2491 
          72  1 0.2587 0.2450 0.2472 0.2491 
          73  1 0.2545 0.2464 0.2494 0.2497 
          74  1 0.2378 0.2550 0.2565 0.2508 
          75  1 0.2469 0.2515 0.2519 0.2497 
          76  1 0.2403 0.2555 0.2518 0.2524 
          77  1 0.2425 0.2543 0.2517 0.2515 
          78  1 0.2561 0.2467 0.2484 0.2488 
          79  1 0.2459 0.2513 0.2514 0.2515 
          80  1 0.2651 0.2408 0.2433 0.2508 
          81  1 0.2425 0.2517 0.2535 0.2523 
          82  1 0.2412 0.2516 0.2554 0.2517 
          83  1 0.2527 0.2486 0.2480 0.2508 
          84  1 0.2471 0.2500 0.2522 0.2507 
          85  1 0.2426 0.2576 0.2516 0.2481 
          86  1 0.2504 0.2483 0.2529 0.2484 
          87  1 0.2772 0.2368 0.2377 0.2483 
          88  1 0.2431 0.2524 0.2540 0.2505 
          89  1 0.2642 0.2436 0.2436 0.2486 
          90  1 0.2584 0.2444 0.2474 0.2499 
          91  1 0.2500 0.2451 0.2529 0.2520 
          92  1 0.2477 0.2490 0.2519 0.2514 
          93  1 0.2512 0.2500 0.2504 0.2484 
          94  1 0.2366 0.2591 0.2546 0.2498 
          95  1 0.2384 0.2563 0.2552 0.2502 
          96  1 0.2491 0.2496 0.2494 0.2519 
          97  1 0.2720 0.2392 0.2414 0.2474 
          98  1 0.2429 0.2528 0.2536 0.2507 
          99  1 0.2342 0.2578 0.2549 0.2531 
         100  1 0.2441 0.2556 0.2500 0.2504 
         101  1 0.2453 0.2552 0.2485 0.2510 
         102  1 0.2432 0.2518 0.2551 0.2498 
         103  1 0.2560 0.2489 0.2475 0.2476 
         104  1 0.2460 0.2511 0.2538 0.2491 
         105  1 0.2560 0.2459 0.2485 0.2495 
         106  1 0.2617 0.2428 0.2463 0.2491 
         107  1 0.2630 0.2437 0.2425 0.2508 
         108  1 0.2547 0.2524 0.2438 0.2491 
         109  1 0.2443 0.2525 0.2528 0.2504 
         110  1 0.2687 0.2402 0.2424 0.2487 
         111  1 0.2402 0.2541 0.2546 0.2512 
         112  1 0.2536 0.2454 0.2504 0.2506 
         113  1 0.2515 0.2496 0.2490 0.2499 
         114  1 0.2363 0.2567 0.2574 0.2496 
         115  1 0.2405 0.2512 0.2557 0.2526 
         116  1 0.2563 0.2457 0.2474 0.2505 
         117  1 0.2507 0.2512 0.2486 0.2496 
         118  1 0.2494 0.2509 0.2493 0.2504 
         119  1 0.2542 0.2467 0.2498 0.2493 
         120  1 0.2463 0.2505 0.2519 0.2512 
         121  1 0.2456 0.2510 0.2510 0.2524 
         122  1 0.2630 0.2451 0.2434 0.2485 
         123  1 0.2538 0.2480 0.2515 0.2467 
         124  1 0.2612 0.2460 0.2461 0.2467 
         125  1 0.2513 0.2483 0.2525 0.2479 
         126  1 0.2553 0.2461 0.2506 0.2479 
         127  1 0.2673 0.2406 0.2435 0.2486 
         128  1 0.2595 0.2457 0.2468 0.2480 
         129  1 0.2667 0.2413 0.2423 0.2497 
         130  1 0.2421 0.2525 0.2572 0.2482 
         131  1 0.2671 0.2393 0.2446 0.2490 
         132  1 0.2433 0.2531 0.2524 0.2511 
         133  1 0.2414 0.2526 0.2564 0.2496 
         134  1 0.2576 0.2471 0.2480 0.2473 
         135  1 0.2410 0.2575 0.2504 0.2511 
         136  1 0.2585 0.2457 0.2444 0.2514 
         137  1 0.2393 0.2583 0.2523 0.2502 
         138  1 0.2454 0.2558 0.2502 0.2487 
         139  1 0.2458 0.2517 0.2535 0.2490 
         140  1 0.2558 0.2508 0.2454 0.2480 
         141  1 0.2444 0.2538 0.2516 0.2502 
         142  1 0.2680 0.2420 0.2427 0.2472 
         143  1 0.2492 0.2515 0.2508 0.2484 
         144  1 0.2377 0.2529 0.2577 0.2518 
         145  1 0.2551 0.2499 0.2447 0.2503 
         146  1 0.2547 0.2460 0.2503 0.2489 
         147  1 0.2413 0.2547 0.2528 0.2512 
         148  1 0.2639 0.2433 0.2424 0.2505 
         149  1 0.2483 0.2493 0.2537 0.2486 
         150  1 0.2538 0.2486 0.2478 0.2498 
         151  1 0.2413 0.2572 0.2502 0.2513 
         152  1 0.2350 0.2573 0.2563 0.2515 
         153  1 0.2378 0.2598 0.2507 0.2517 
         154  1 0.2334 0.2584 0.2561 0.2521 
         155  1 0.2435 0.2538 0.2521 0.2506 
         156  1 0.2463 0.2508 0.2533 0.2496 
         157  1 0.2605 0.2456 0.2459 0.2480 
         158  1 0.2505 0.2494 0.2503 0.2498 
         159  1 0.2421 0.2542 0.2538 0.2498 
         160  1 0.2477 0.2499 0.2540 0.2483 
         161  1 0.2581 0.2473 0.2458 0.2489 
         162  1 0.2523 0.2510 0.2484 0.2484 
         163  1 0.2409 0.2552 0.2508 0.2530 
         164  1 0.2635 0.2447 0.2407 0.2512 
         165  1 0.2402 0.2538 0.2549 0.2511 
         166  1 0.2406 0.2535 0.2550 0.2509 
         167  1 0.2487 0.2498 0.2527 0.2488 
         168  1 0.2460 0.2531 0.2513 0.2496 
         169  1 0.2483 0.2531 0.2484 0.2502 
         170  1 0.2480 0.2464 0.2516 0.2540 
         171  1 0.2478 0.2495 0.2519 0.2508 
         172  1 0.2582 0.2443 0.2462 0.2514 
         173  1 0.2469 0.2504 0.2515 0.2511 
         174  1 0.2479 0.2504 0.2513 0.2504 
         175  1 0.2676 0.2424 0.2421 0.2479 
         176  1 0.2398 0.2565 0.2542 0.2495 
         177  1 0.2561 0.2473 0.2476 0.2490 
         178  1 0.2507 0.2503 0.2494 0.2496 
         179  1 0.2531 0.2475 0.2488 0.2506 
         180  1 0.2572 0.2456 0.2481 0.2492 
         181  1 0.2447 0.2510 0.2576 0.2467 
         182  1 0.2543 0.2473 0.2494 0.2490 
         183  1 0.2464 0.2506 0.2529 0.2501 
         184  1 0.2695 0.2414 0.2404 0.2486 
         185  1 0.2376 0.2546 0.2532 0.2546 
         186  1 0.2498 0.2494 0.2519 0.2489 
         187  1 0.2612 0.2470 0.2454 0.2464 
         188  1 0.2447 0.2536 0.2496 0.2521 
         189  1 0.2424 0.2557 0.2524 0.2495 
         190  1 0.2442 0.2528 0.2530 0.2500 
         191  1 0.2444 0.2538 0.2520 0.2498 
         192  1 0.2479 0.2507 0.2502 0.2512 
         193  1 0.2600 0.2450 0.2466 0.2484 
         194  1 0.2436 0.2549 0.2525 0.2491 
         195  1 0.2441 0.2522 0.2541 0.2496 
         196  1 0.2527 0.2511 0.2460 0.2502 
         197  1 0.2453 0.2502 0.2536 0.2508 
         198  1 0.2513 0.2475 0.2489 0.2523 
         199  1 0.2460 0.2491 0.2548 0.2500 
         200  1 0.2657 0.2474 0.2389 0.2480 
         201  1 0.2479 0.2494 0.2530 0.2496 
         202  1 0.2518 0.2517 0.2483 0.2482 
         203  1 0.2566 0.2467 0.2495 0.2472 
         204  1 0.2479 0.2512 0.2529 0.2480 
         205  1 0.2616 0.2440 0.2450 0.2493 
         206  1 0.2435 0.2543 0.2502 0.2520 
         207  1 0.2676 0.2408 0.2433 0.2482 
         208  1 0.2617 0.2441 0.2440 0.2502 
         209  1 0.2467 0.2493 0.2537 0.2503 
         210  1 0.2445 0.2489 0.2562 0.2505 
         211  1 0.2373 0.2568 0.2543 0.2515 
         212  1 0.2406 0.2552 0.2505 0.2538 
         213  1 0.2420 0.2520 0.2548 0.2512 
         214  1 0.2384 0.2526 0.2552 0.2539 
         215  1 0.2401 0.2542 0.2542 0.2515 
         216  1 0.2423 0.2520 0.2560 0.2497 
         217  1 0.2478 0.2548 0.2495 0.2479 
         218  1 0.2491 0.2540 0.2458 0.2512 
         219  1 0.2453 0.2546 0.2516 0.2484 
         220  1 0.2500 0.2507 0.2497 0.2495 
         221  1 0.2404 0.2566 0.2524 0.2506 
         222  1 0.2526 0.2479 0.2517 0.2478 
         223  1 0.2509 0.2549 0.2471 0.2471 
         224  1 0.2437 0.2538 0.2545 0.2481 
         225  1 0.2513 0.2494 0.2508 0.2484 
         226  1 0.2448 0.2514 0.2509 0.2529 
         227  1 0.2502 0.2504 0.2502 0.2492 
         228  1 0.2472 0.2541 0.2479 0.2509 
         229  1 0.2711 0.2405 0.2421 0.2463 
         230  1 0.2501 0.2481 0.2506 0.2512 
         231  1 0.2407 0.2570 0.2518 0.2505 
         232  1 0.2347 0.2576 0.2563 0.2514 
         233  1 0.2408 0.2562 0.2506 0.2523 
         234  1 0.2563 0.2484 0.2462 0.2492 
         235  1 0.2540 0.2466 0.2510 0.2485 
         236  1 0.2530 0.2463 0.2476 0.2531 
         237  1 0.2460 0.2501 0.2514 0.2524 
         238  1 0.2458 0.2515 0.2535 0.2493 
         239  1 0.2399 0.2555 0.2554 0.2492 
         240  1 0.2386 0.2597 0.2519 0.2498 
         241  1 0.2607 0.2419 0.2470 0.2505 
         242  1 0.2487 0.2497 0.2486 0.2530 
         243  1 0.2381 0.2545 0.2574 0.2501 
         244  1 0.2388 0.2573 0.2524 0.2515 
         245  1 0.2454 0.2526 0.2525 0.2496 
         246  1 0.2485 0.2510 0.2527 0.2478 
         247  1 0.2489 0.2515 0.2489 0.2507 
         248  1 0.2540 0.2460 0.2507 0.2492 
         249  1 0.2412 0.2552 0.2551 0.2485 
         250  1 0.2605 0.2440 0.2480 0.2475 
         251  1 0.2435 0.2520 0.2537 0.2508 
         252  1 0.2522 0.2473 0.2521 0.2484 
         253  1 0.2527 0.2474 0.2490 0.2510 
         254  1 0.2425 0.2556 0.2512 0.2507 
         255  1 0.2414 0.2539 0.2536 0.2512 
         256  1 0.2464 0.2495 0.2551 0.2490 
         257  1 0.2502 0.2490 0.2503 0.2505 
         258  1 0.2567 0.2453 0.2483 0.2497 
         259  1 0.2575 0.2495 0.2448 0.2482 
         260  1 0.2559 0.2442 0.2480 0.2519 
         261  1 0.2562 0.2499 0.2469 0.2470 
         262  1 0.2292 0.2655 0.2538 0.2515 
         263  1 0.2543 0.2502 0.2456 0.2499 
         264  1 0.2415 0.2534 0.2545 0.2505 
         265  1 0.2474 0.2453 0.2554 0.2519 
         266  1 0.2504 0.2504 0.2495 0.2497 
         267  1 0.2554 0.2459 0.2485 0.2502 
         268  1 0.2630 0.2451 0.2432 0.2487 
         269  1 0.2646 0.2420 0.2434 0.2500 
         270  1 0.2446 0.2546 0.2510 0.2497 
         271  1 0.2635 0.2449 0.2434 0.2482 
         272  1 0.2398 0.2549 0.2529 0.2524 
         273  1 0.2471 0.2495 0.2505 0.2528 
         274  1 0.2524 0.2472 0.2501 0.2502 
         275  1 0.2457 0.2512 0.2518 0.2513 
         276  1 0.2630 0.2444 0.2440 0.2485 
         277  1 0.2539 0.2453 0.2505 0.2503 
         278  1 0.2507 0.2525 0.2475 0.2492 
         279  1 0.2600 0.2452 0.2452 0.2497 
         280  1 0.2471 0.2526 0.2488 0.2516 
         281  1 0.2558 0.2440 0.2484 0.2518 
         282  1 0.2462 0.2541 0.2513 0.2484 
         283  1 0.2320 0.2612 0.2533 0.2536 
         284  1 0.2416 0.2533 0.2544 0.2507 
         285  1 0.2606 0.2473 0.2423 0.2498 
         286  1 0.2476 0.2552 0.2486 0.2485 
         287  1 0.2524 0.2507 0.2471 0.2498 
         288  1 0.2456 0.2523 0.2539 0.2483 
         289  1 0.2388 0.2532 0.2562 0.2519 
         290  1 0.2361 0.2574 0.2558 0.2507 
         291  1 0.2480 0.2504 0.2499 0.2517 
         292  1 0.2558 0.2476 0.2497 0.2469 
         293  1 0.2500 0.2491 0.2514 0.2495 
         294  1 0.2714 0.2407 0.2395 0.2484 
         295  1 0.2675 0.2411 0.2406 0.2508 
         296  1 0.2392 0.2586 0.2538 0.2483 
         297  1 0.2556 0.2478 0.2482 0.2485 
         298  1 0.2520 0.2474 0.2492 0.2515 
         299  1 0.2401 0.2570 0.2527 0.2502 
         300  1 0.2529 0.2468 0.2499 0.2504 
         301  1 0.2595 0.2462 0.2453 0.2490 
         302  1 0.2428 0.2540 0.2523 0.2509 
         303  1 0.2436 0.2532 0.2523 0.2509 
