           1  1 0.1445 0.1407 0.1439 0.1436 0.1409 0.1434 0.1430 
           2  1 0.1422 0.1420 0.1432 0.1431 0.1432 0.1421 0.1442 
           3  1 0.1456 0.1395 0.1432 0.1431 0.1416 0.1427 0.1443 
           4  1 0.1424 0.1388 0.1457 0.1449 0.1430 0.1430 0.1423 
           5  1 0.1436 0.1374 0.1450 0.1450 0.1430 0.1428 0.1431 
           6  1 0.1423 0.1460 0.1416 0.1433 0.1440 0.1429 0.1400 
           7  1 0.1447 0.1453 0.1408 0.1405 0.1412 0.1425 0.1450 
           8  1 0.1430 0.1459 0.1413 0.1411 0.1408 0.1412 0.1469 
           9  1 0.1429 0.1417 0.1429 0.1436 0.1432 0.1439 0.1419 
          10  1 0.1433 0.1427 0.1422 0.1427 0.1435 0.1437 0.1419 
          11  1 0.1429 0.1406 0.1442 0.1441 0.1429 0.1420 0.1433 
          12  1 0.1449 0.1469 0.1400 0.1399 0.1411 0.1422 0.1451 
          13  1 0.1450 0.1454 0.1404 0.1405 0.1415 0.1421 0.1452 
          14  1 0.1455 0.1435 0.1413 0.1416 0.1425 0.1412 0.1445 
          15  1 0.1449 0.1452 0.1405 0.1407 0.1419 0.1420 0.1449 
          16  1 0.1401 0.1385 0.1470 0.1453 0.1433 0.1427 0.1432 
          17  1 0.1430 0.1464 0.1405 0.1399 0.1423 0.1435 0.1445 
          18  1 0.1442 0.1426 0.1434 0.1443 0.1415 0.1428 0.1412 
          19  1 0.1428 0.1385 0.1455 0.1451 0.1446 0.1419 0.1418 
          20  1 0.1410 0.1445 0.1429 0.1425 0.1458 0.1414 0.1419 
          21  1 0.1424 0.1353 0.1481 0.1443 0.1415 0.1419 0.1465 
          22  1 0.1459 0.1423 0.1415 0.1426 0.1434 0.1431 0.1413 
          23  1 0.1464 0.1399 0.1419 0.1422 0.1428 0.1431 0.1436 
          24  1 0.1427 0.1455 0.1407 0.1415 0.1427 0.1433 0.1437 
          25  1 0.1440 0.1465 0.1397 0.1408 0.1414 0.1419 0.1458 
          26  1 0.1432 0.1413 0.1442 0.1434 0.1427 0.1428 0.1423 
          27  1 0.1420 0.1401 0.1435 0.1441 0.1434 0.1447 0.1422 
          28  1 0.1428 0.1457 0.1419 0.1418 0.1429 0.1421 0.1427 
          29  1 0.1409 0.1389 0.1446 0.1449 0.1426 0.1444 0.1437 
          30  1 0.1437 0.1439 0.1400 0.1419 0.1432 0.1441 0.1431 
          31  1 0.1428 0.1394 0.1450 0.1437 0.1434 0.1431 0.1427 
          32  1 0.1422 0.1443 0.1423 0.1431 0.1444 0.1423 0.1415 
          33  1 0.1428 0.1410 0.1441 0.1445 0.1439 0.1430 0.1408 
          34  1 0.1429 0.1405 0.1449 0.1440 0.1412 0.1414 0.1452 
          35  1 0.1429 0.1470 0.1410 0.1410 0.1420 0.1412 0.1450 
          36  1 0.1438 0.1415 0.1429 0.1425 0.1432 0.1436 0.1425 
          37  1 0.1436 0.1476 0.1396 0.1407 0.1433 0.1422 0.1430 
          38  1 0.1431 0.1466 0.1398 0.1412 0.1440 0.1421 0.1431 
          39  1 0.1423 0.1374 0.1464 0.1453 0.1424 0.1425 0.1438 
          40  1 0.1421 0.1385 0.1462 0.1441 0.1434 0.1427 0.1430 
          41  1 0.1420 0.1416 0.1432 0.1444 0.1423 0.1429 0.1436 
          42  1 0.1433 0.1420 0.1445 0.1431 0.1427 0.1429 0.1415 
          43  1 0.1434 0.1462 0.1406 0.1409 0.1418 0.1423 0.1447 
          44  1 0.1418 0.1386 0.1462 0.1447 0.1434 0.1421 0.1431 
          45  1 0.1429 0.1437 0.1418 0.1425 0.1439 0.1429 0.1424 
          46  1 0.1428 0.1394 0.1444 0.1446 0.1431 0.1430 0.1428 
          47  1 0.1411 0.1468 0.1421 0.1426 0.1440 0.1434 0.1398 
          48  1 0.1425 0.1402 0.1453 0.1421 0.1427 0.1435 0.1437 
          49  1 0.1479 0.1509 0.1361 0.1360 0.1396 0.1414 0.1480 
          50  1 0.1413 0.1425 0.1438 0.1429 0.1441 0.1440 0.1413 
          51  1 0.1430 0.1400 0.1439 0.1438 0.1430 0.1434 0.1429 
          52  1 0.1442 0.1433 0.1415 0.1419 0.1427 0.1427 0.1436 
          53  1 0.1417 0.1439 0.1434 0.1438 0.1429 0.1436 0.1406 
          54  1 0.1426 0.1434 0.1427 0.1439 0.1441 0.1425 0.1407 
          55  1 0.1420 0.1338 0.1486 0.1459 0.1432 0.1435 0.1429 
          56  1 0.1420 0.1387 0.1460 0.1457 0.1436 0.1426 0.1414 
          57  1 0.1446 0.1439 0.1416 0.1417 0.1424 0.1431 0.1425 
          58  1 0.1427 0.1426 0.1442 0.1444 0.1414 0.1436 0.1411 
          59  1 0.1429 0.1449 0.1417 0.1416 0.1416 0.1419 0.1454 
          60  1 0.1449 0.1472 0.1399 0.1403 0.1429 0.1438 0.1410 
          61  1 0.1414 0.1426 0.1436 0.1431 0.1435 0.1447 0.1411 
          62  1 0.1438 0.1425 0.1429 0.1425 0.1424 0.1425 0.1434 
          63  1 0.1414 0.1363 0.1471 0.1464 0.1430 0.1438 0.1419 
          64  1 0.1409 0.1385 0.1456 0.1443 0.1442 0.1423 0.1443 
          65  1 0.1427 0.1435 0.1422 0.1438 0.1421 0.1426 0.1432 
          66  1 0.1441 0.1432 0.1418 0.1418 0.1416 0.1428 0.1447 
          67  1 0.1422 0.1444 0.1422 0.1422 0.1423 0.1426 0.1441 
          68  1 0.1418 0.1448 0.1412 0.1429 0.1430 0.1414 0.1450 
          69  1 0.1448 0.1404 0.1425 0.1416 0.1414 0.1419 0.1473 
          70  1 0.1429 0.1416 0.1434 0.1436 0.1443 0.1434 0.1408 
          71  1 0.1437 0.1445 0.1403 0.1421 0.1437 0.1425 0.1431 
          72  1 0.1437 0.1378 0.1453 0.1454 0.1429 0.1432 0.1418 
          73  1 0.1423 0.1410 0.1441 0.1445 0.1433 0.1434 0.1414 
          74  1 0.1435 0.1475 0.1406 0.1422 0.1425 0.1426 0.1410 
          75  1 0.1417 0.1435 0.1426 0.1424 0.1433 0.1428 0.1436 
          76  1 0.1441 0.1470 0.1407 0.1418 0.1423 0.1434 0.1408 
          77  1 0.1437 0.1449 0.1403 0.1413 0.1434 0.1414 0.1449 
          78  1 0.1437 0.1385 0.1452 0.1444 0.1434 0.1438 0.1410 
          79  1 0.1429 0.1442 0.1421 0.1418 0.1429 0.1431 0.1430 
          80  1 0.1429 0.1371 0.1463 0.1458 0.1438 0.1431 0.1410 
          81  1 0.1419 0.1484 0.1411 0.1422 0.1424 0.1430 0.1409 
          82  1 0.1416 0.1448 0.1422 0.1423 0.1451 0.1431 0.1409 
          83  1 0.1426 0.1423 0.1425 0.1425 0.1426 0.1435 0.1440 
          84  1 0.1431 0.1436 0.1427 0.1422 0.1423 0.1428 0.1432 
          85  1 0.1422 0.1462 0.1432 0.1426 0.1425 0.1421 0.1412 
          86  1 0.1413 0.1429 0.1437 0.1437 0.1446 0.1434 0.1405 
          87  1 0.1407 0.1344 0.1477 0.1470 0.1435 0.1434 0.1433 
          88  1 0.1429 0.1462 0.1416 0.1408 0.1423 0.1434 0.1428 
          89  1 0.1433 0.1376 0.1455 0.1443 0.1417 0.1439 0.1436 
          90  1 0.1423 0.1397 0.1446 0.1436 0.1430 0.1435 0.1433 
          91  1 0.1428 0.1426 0.1430 0.1429 0.1443 0.1431 0.1412 
          92  1 0.1417 0.1430 0.1430 0.1430 0.1432 0.1446 0.1415 
          93  1 0.1422 0.1432 0.1435 0.1434 0.1420 0.1417 0.1440 
          94  1 0.1422 0.1485 0.1407 0.1397 0.1432 0.1422 0.1434 
          95  1 0.1449 0.1460 0.1402 0.1410 0.1416 0.1437 0.1427 
          96  1 0.1419 0.1431 0.1428 0.1427 0.1433 0.1435 0.1427 
          97  1 0.1410 0.1343 0.1477 0.1475 0.1437 0.1436 0.1422 
          98  1 0.1436 0.1457 0.1417 0.1415 0.1426 0.1440 0.1409 
          99  1 0.1456 0.1498 0.1380 0.1386 0.1411 0.1413 0.1455 
         100  1 0.1427 0.1457 0.1419 0.1402 0.1418 0.1432 0.1446 
         101  1 0.1439 0.1440 0.1414 0.1414 0.1426 0.1416 0.1452 
         102  1 0.1446 0.1437 0.1413 0.1431 0.1434 0.1432 0.1406 
         103  1 0.1427 0.1405 0.1449 0.1439 0.1420 0.1431 0.1429 
         104  1 0.1433 0.1421 0.1425 0.1434 0.1434 0.1445 0.1409 
         105  1 0.1411 0.1410 0.1449 0.1438 0.1445 0.1423 0.1425 
         106  1 0.1414 0.1386 0.1458 0.1444 0.1450 0.1440 0.1409 
         107  1 0.1424 0.1402 0.1441 0.1423 0.1424 0.1417 0.1469 
         108  1 0.1441 0.1439 0.1429 0.1412 0.1411 0.1410 0.1458 
         109  1 0.1425 0.1438 0.1413 0.1410 0.1439 0.1431 0.1444 
         110  1 0.1406 0.1391 0.1469 0.1450 0.1429 0.1435 0.1420 
         111  1 0.1425 0.1448 0.1411 0.1434 0.1434 0.1438 0.1409 
         112  1 0.1432 0.1433 0.1422 0.1417 0.1423 0.1435 0.1438 
         113  1 0.1405 0.1432 0.1429 0.1430 0.1438 0.1429 0.1436 
         114  1 0.1446 0.1444 0.1403 0.1416 0.1434 0.1429 0.1428 
         115  1 0.1411 0.1455 0.1423 0.1422 0.1446 0.1443 0.1401 
         116  1 0.1424 0.1428 0.1438 0.1427 0.1437 0.1407 0.1439 
         117  1 0.1413 0.1429 0.1426 0.1433 0.1433 0.1427 0.1439 
         118  1 0.1431 0.1440 0.1414 0.1419 0.1427 0.1427 0.1441 
         119  1 0.1437 0.1396 0.1441 0.1446 0.1421 0.1443 0.1417 
         120  1 0.1439 0.1441 0.1427 0.1416 0.1432 0.1430 0.1414 
         121  1 0.1441 0.1432 0.1423 0.1422 0.1423 0.1434 0.1425 
         122  1 0.1413 0.1404 0.1438 0.1439 0.1442 0.1440 0.1423 
         123  1 0.1432 0.1396 0.1443 0.1444 0.1432 0.1437 0.1415 
         124  1 0.1417 0.1405 0.1438 0.1442 0.1440 0.1428 0.1431 
         125  1 0.1414 0.1436 0.1427 0.1434 0.1436 0.1446 0.1408 
         126  1 0.1424 0.1405 0.1434 0.1447 0.1435 0.1445 0.1411 
         127  1 0.1425 0.1372 0.1460 0.1458 0.1424 0.1430 0.1432 
         128  1 0.1424 0.1382 0.1463 0.1451 0.1434 0.1433 0.1413 
         129  1 0.1422 0.1373 0.1459 0.1446 0.1433 0.1437 0.1431 
         130  1 0.1417 0.1444 0.1421 0.1434 0.1432 0.1449 0.1404 
         131  1 0.1425 0.1359 0.1462 0.1447 0.1439 0.1435 0.1432 
         132  1 0.1432 0.1437 0.1420 0.1434 0.1439 0.1417 0.1422 
         133  1 0.1426 0.1463 0.1412 0.1430 0.1421 0.1432 0.1415 
         134  1 0.1416 0.1402 0.1447 0.1443 0.1440 0.1440 0.1411 
         135  1 0.1421 0.1457 0.1416 0.1420 0.1427 0.1414 0.1446 
         136  1 0.1412 0.1409 0.1454 0.1450 0.1439 0.1420 0.1417 
         137  1 0.1438 0.1487 0.1390 0.1397 0.1415 0.1418 0.1456 
         138  1 0.1421 0.1459 0.1414 0.1416 0.1430 0.1426 0.1435 
         139  1 0.1418 0.1441 0.1424 0.1426 0.1437 0.1431 0.1422 
         140  1 0.1425 0.1400 0.1449 0.1442 0.1434 0.1422 0.1428 
         141  1 0.1442 0.1421 0.1424 0.1426 0.1436 0.1431 0.1420 
         142  1 0.1409 0.1407 0.1450 0.1432 0.1446 0.1430 0.1426 
         143  1 0.1431 0.1438 0.1432 0.1422 0.1414 0.1431 0.1432 
         144  1 0.1419 0.1473 0.1404 0.1433 0.1445 0.1429 0.1397 
         145  1 0.1433 0.1423 0.1429 0.1417 0.1413 0.1438 0.1447 
         146  1 0.1426 0.1399 0.1440 0.1448 0.1444 0.1431 0.1413 
         147  1 0.1460 0.1442 0.1400 0.1414 0.1422 0.1425 0.1436 
         148  1 0.1428 0.1384 0.1455 0.1435 0.1425 0.1413 0.1459 
         149  1 0.1418 0.1432 0.1427 0.1442 0.1432 0.1445 0.1404 
         150  1 0.1430 0.1416 0.1431 0.1423 0.1441 0.1431 0.1429 
         151  1 0.1417 0.1475 0.1412 0.1413 0.1418 0.1442 0.1423 
         152  1 0.1470 0.1463 0.1377 0.1377 0.1414 0.1428 0.1470 
         153  1 0.1435 0.1497 0.1396 0.1385 0.1413 0.1408 0.1466 
         154  1 0.1444 0.1492 0.1381 0.1385 0.1414 0.1435 0.1448 
         155  1 0.1413 0.1454 0.1425 0.1429 0.1436 0.1415 0.1429 
         156  1 0.1435 0.1425 0.1423 0.1423 0.1424 0.1436 0.1434 
         157  1 0.1417 0.1399 0.1446 0.1439 0.1446 0.1445 0.1407 
         158  1 0.1420 0.1430 0.1433 0.1439 0.1431 0.1426 0.1419 
         159  1 0.1426 0.1460 0.1412 0.1421 0.1426 0.1423 0.1432 
         160  1 0.1431 0.1446 0.1411 0.1421 0.1444 0.1425 0.1421 
         161  1 0.1439 0.1423 0.1428 0.1410 0.1426 0.1419 0.1455 
         162  1 0.1428 0.1405 0.1432 0.1448 0.1429 0.1429 0.1428 
         163  1 0.1426 0.1495 0.1397 0.1393 0.1414 0.1401 0.1474 
         164  1 0.1423 0.1416 0.1440 0.1432 0.1416 0.1413 0.1460 
         165  1 0.1424 0.1461 0.1417 0.1428 0.1422 0.1446 0.1402 
         166  1 0.1424 0.1475 0.1393 0.1406 0.1425 0.1424 0.1453 
         167  1 0.1417 0.1443 0.1427 0.1437 0.1451 0.1423 0.1401 
         168  1 0.1431 0.1441 0.1421 0.1431 0.1439 0.1419 0.1419 
         169  1 0.1429 0.1441 0.1414 0.1415 0.1413 0.1409 0.1479 
         170  1 0.1423 0.1454 0.1436 0.1432 0.1429 0.1427 0.1399 
         171  1 0.1427 0.1434 0.1429 0.1432 0.1438 0.1426 0.1414 
         172  1 0.1407 0.1405 0.1446 0.1439 0.1439 0.1451 0.1413 
         173  1 0.1429 0.1433 0.1435 0.1429 0.1441 0.1438 0.1395 
         174  1 0.1442 0.1410 0.1425 0.1433 0.1438 0.1419 0.1434 
         175  1 0.1426 0.1379 0.1461 0.1443 0.1428 0.1427 0.1436 
         176  1 0.1433 0.1493 0.1398 0.1404 0.1419 0.1417 0.1435 
         177  1 0.1431 0.1383 0.1461 0.1435 0.1424 0.1435 0.1430 
         178  1 0.1429 0.1433 0.1429 0.1433 0.1434 0.1422 0.1420 
         179  1 0.1418 0.1412 0.1438 0.1447 0.1431 0.1440 0.1415 
         180  1 0.1446 0.1406 0.1430 0.1426 0.1420 0.1441 0.1431 
         181  1 0.1433 0.1449 0.1414 0.1426 0.1424 0.1436 0.1417 
         182  1 0.1418 0.1398 0.1458 0.1451 0.1431 0.1425 0.1418 
         183  1 0.1413 0.1451 0.1423 0.1436 0.1450 0.1424 0.1403 
         184  1 0.1420 0.1363 0.1476 0.1444 0.1427 0.1434 0.1436 
         185  1 0.1417 0.1465 0.1411 0.1414 0.1437 0.1440 0.1417 
         186  1 0.1436 0.1430 0.1432 0.1417 0.1423 0.1421 0.1441 
         187  1 0.1411 0.1372 0.1470 0.1457 0.1444 0.1442 0.1404 
         188  1 0.1441 0.1436 0.1413 0.1417 0.1410 0.1437 0.1446 
         189  1 0.1427 0.1449 0.1417 0.1423 0.1448 0.1426 0.1409 
         190  1 0.1440 0.1443 0.1415 0.1422 0.1434 0.1421 0.1426 
         191  1 0.1424 0.1442 0.1424 0.1422 0.1420 0.1436 0.1431 
         192  1 0.1429 0.1448 0.1416 0.1426 0.1428 0.1435 0.1418 
         193  1 0.1423 0.1391 0.1454 0.1439 0.1430 0.1429 0.1433 
         194  1 0.1441 0.1447 0.1411 0.1415 0.1418 0.1426 0.1442 
         195  1 0.1405 0.1471 0.1415 0.1410 0.1436 0.1432 0.1431 
         196  1 0.1418 0.1422 0.1439 0.1443 0.1429 0.1433 0.1415 
         197  1 0.1423 0.1457 0.1427 0.1439 0.1420 0.1427 0.1407 
         198  1 0.1425 0.1433 0.1436 0.1429 0.1440 0.1430 0.1408 
         199  1 0.1424 0.1428 0.1426 0.1425 0.1453 0.1428 0.1417 
         200  1 0.1426 0.1361 0.1472 0.1448 0.1427 0.1436 0.1430 
         201  1 0.1419 0.1427 0.1429 0.1433 0.1444 0.1439 0.1409 
         202  1 0.1425 0.1413 0.1440 0.1439 0.1432 0.1436 0.1415 
         203  1 0.1438 0.1377 0.1451 0.1443 0.1432 0.1423 0.1436 
         204  1 0.1444 0.1424 0.1421 0.1427 0.1415 0.1414 0.1453 
         205  1 0.1406 0.1406 0.1442 0.1450 0.1444 0.1426 0.1426 
         206  1 0.1431 0.1482 0.1396 0.1408 0.1422 0.1415 0.1445 
         207  1 0.1423 0.1344 0.1475 0.1456 0.1428 0.1439 0.1435 
         208  1 0.1432 0.1388 0.1441 0.1434 0.1425 0.1433 0.1448 
         209  1 0.1427 0.1434 0.1436 0.1422 0.1429 0.1434 0.1418 
         210  1 0.1408 0.1469 0.1421 0.1427 0.1438 0.1430 0.1406 
         211  1 0.1444 0.1473 0.1402 0.1396 0.1418 0.1419 0.1448 
         212  1 0.1418 0.1477 0.1411 0.1419 0.1427 0.1415 0.1434 
         213  1 0.1418 0.1479 0.1412 0.1415 0.1420 0.1431 0.1426 
         214  1 0.1446 0.1440 0.1405 0.1421 0.1445 0.1426 0.1417 
         215  1 0.1407 0.1479 0.1414 0.1422 0.1435 0.1431 0.1412 
         216  1 0.1427 0.1441 0.1421 0.1426 0.1451 0.1428 0.1407 
         217  1 0.1432 0.1442 0.1407 0.1413 0.1427 0.1428 0.1451 
         218  1 0.1454 0.1449 0.1402 0.1380 0.1400 0.1416 0.1499 
         219  1 0.1423 0.1459 0.1418 0.1424 0.1420 0.1421 0.1435 
         220  1 0.1421 0.1441 0.1419 0.1427 0.1430 0.1430 0.1432 
         221  1 0.1427 0.1476 0.1403 0.1417 0.1417 0.1429 0.1430 
         222  1 0.1425 0.1417 0.1434 0.1440 0.1438 0.1426 0.1420 
         223  1 0.1414 0.1433 0.1433 0.1431 0.1422 0.1427 0.1439 
         224  1 0.1430 0.1425 0.1430 0.1437 0.1426 0.1439 0.1413 
         225  1 0.1455 0.1417 0.1420 0.1436 0.1427 0.1425 0.1420 
         226  1 0.1423 0.1451 0.1411 0.1426 0.1440 0.1430 0.1419 
         227  1 0.1430 0.1413 0.1431 0.1437 0.1423 0.1426 0.1440 
         228  1 0.1425 0.1460 0.1427 0.1413 0.1413 0.1416 0.1446 
         229  1 0.1418 0.1359 0.1472 0.1457 0.1430 0.1431 0.1432 
         230  1 0.1442 0.1425 0.1432 0.1437 0.1431 0.1426 0.1408 
         231  1 0.1442 0.1470 0.1407 0.1407 0.1415 0.1405 0.1453 
         232  1 0.1443 0.1487 0.1397 0.1392 0.1416 0.1421 0.1443 
         233  1 0.1430 0.1477 0.1398 0.1406 0.1422 0.1419 0.1448 
         234  1 0.1425 0.1395 0.1445 0.1432 0.1432 0.1439 0.1432 
         235  1 0.1431 0.1407 0.1447 0.1444 0.1433 0.1427 0.1411 
         236  1 0.1409 0.1448 0.1429 0.1429 0.1447 0.1429 0.1409 
         237  1 0.1445 0.1433 0.1414 0.1416 0.1428 0.1434 0.1430 
         238  1 0.1418 0.1420 0.1434 0.1428 0.1438 0.1435 0.1426 
         239  1 0.1454 0.1468 0.1404 0.1415 0.1420 0.1414 0.1423 
         240  1 0.1436 0.1498 0.1395 0.1391 0.1401 0.1417 0.1463 
         241  1 0.1432 0.1393 0.1446 0.1442 0.1441 0.1431 0.1415 
         242  1 0.1438 0.1408 0.1426 0.1445 0.1428 0.1431 0.1424 
         243  1 0.1409 0.1502 0.1404 0.1424 0.1425 0.1434 0.1401 
         244  1 0.1423 0.1484 0.1413 0.1410 0.1426 0.1420 0.1424 
         245  1 0.1426 0.1432 0.1426 0.1433 0.1424 0.1435 0.1423 
         246  1 0.1431 0.1430 0.1424 0.1417 0.1422 0.1419 0.1457 
         247  1 0.1429 0.1447 0.1420 0.1429 0.1416 0.1410 0.1448 
         248  1 0.1421 0.1403 0.1450 0.1439 0.1443 0.1438 0.1407 
         249  1 0.1427 0.1456 0.1404 0.1409 0.1427 0.1419 0.1458 
         250  1 0.1428 0.1395 0.1448 0.1444 0.1432 0.1441 0.1413 
         251  1 0.1443 0.1440 0.1407 0.1405 0.1433 0.1436 0.1436 
         252  1 0.1418 0.1421 0.1430 0.1448 0.1437 0.1418 0.1429 
         253  1 0.1408 0.1434 0.1433 0.1441 0.1431 0.1428 0.1424 
         254  1 0.1426 0.1465 0.1416 0.1408 0.1428 0.1411 0.1445 
         255  1 0.1450 0.1459 0.1403 0.1400 0.1418 0.1429 0.1440 
         256  1 0.1423 0.1439 0.1423 0.1429 0.1436 0.1425 0.1426 
         257  1 0.1410 0.1424 0.1441 0.1447 0.1441 0.1424 0.1413 
         258  1 0.1405 0.1420 0.1440 0.1447 0.1449 0.1425 0.1414 
         259  1 0.1449 0.1393 0.1432 0.1419 0.1411 0.1413 0.1483 
         260  1 0.1421 0.1418 0.1435 0.1432 0.1425 0.1450 0.1418 
         261  1 0.1421 0.1411 0.1441 0.1450 0.1419 0.1418 0.1440 
         262  1 0.1459 0.1507 0.1371 0.1382 0.1400 0.1396 0.1484 
         263  1 0.1430 0.1414 0.1436 0.1418 0.1429 0.1424 0.1449 
         264  1 0.1431 0.1472 0.1405 0.1407 0.1429 0.1440 0.1416 
         265  1 0.1409 0.1431 0.1433 0.1441 0.1440 0.1435 0.1411 
         266  1 0.1428 0.1433 0.1432 0.1432 0.1416 0.1430 0.1431 
         267  1 0.1422 0.1437 0.1437 0.1427 0.1437 0.1426 0.1414 
         268  1 0.1420 0.1391 0.1453 0.1451 0.1421 0.1435 0.1429 
         269  1 0.1428 0.1387 0.1460 0.1441 0.1434 0.1427 0.1423 
         270  1 0.1449 0.1440 0.1409 0.1420 0.1411 0.1424 0.1447 
         271  1 0.1421 0.1374 0.1451 0.1447 0.1415 0.1436 0.1457 
         272  1 0.1438 0.1447 0.1404 0.1429 0.1433 0.1422 0.1427 
         273  1 0.1433 0.1439 0.1414 0.1432 0.1437 0.1429 0.1415 
         274  1 0.1436 0.1409 0.1437 0.1440 0.1427 0.1430 0.1422 
         275  1 0.1428 0.1447 0.1427 0.1431 0.1437 0.1421 0.1408 
         276  1 0.1419 0.1360 0.1471 0.1459 0.1431 0.1442 0.1418 
         277  1 0.1424 0.1424 0.1439 0.1435 0.1436 0.1435 0.1407 
         278  1 0.1419 0.1421 0.1433 0.1443 0.1440 0.1425 0.1419 
         279  1 0.1437 0.1389 0.1454 0.1440 0.1429 0.1427 0.1424 
         280  1 0.1442 0.1455 0.1414 0.1401 0.1417 0.1421 0.1451 
         281  1 0.1426 0.1394 0.1443 0.1440 0.1438 0.1450 0.1409 
         282  1 0.1422 0.1442 0.1427 0.1417 0.1418 0.1428 0.1445 
         283  1 0.1423 0.1528 0.1388 0.1392 0.1419 0.1415 0.1436 
         284  1 0.1429 0.1467 0.1417 0.1419 0.1423 0.1433 0.1412 
         285  1 0.1431 0.1390 0.1446 0.1444 0.1437 0.1420 0.1432 
         286  1 0.1425 0.1433 0.1424 0.1427 0.1440 0.1439 0.1413 
         287  1 0.1444 0.1430 0.1428 0.1406 0.1409 0.1428 0.1456 
         288  1 0.1423 0.1426 0.1425 0.1433 0.1447 0.1425 0.1422 
         289  1 0.1412 0.1470 0.1415 0.1417 0.1430 0.1436 0.1420 
         290  1 0.1457 0.1466 0.1398 0.1402 0.1409 0.1428 0.1441 
         291  1 0.1446 0.1423 0.1425 0.1406 0.1416 0.1425 0.1459 
         292  1 0.1431 0.1411 0.1441 0.1440 0.1420 0.1435 0.1422 
         293  1 0.1407 0.1442 0.1435 0.1429 0.1440 0.1439 0.1408 
         294  1 0.1409 0.1384 0.1467 0.1450 0.1424 0.1445 0.1421 
         295  1 0.1425 0.1379 0.1458 0.1458 0.1434 0.1419 0.1427 
         296  1 0.1434 0.1460 0.1415 0.1410 0.1426 0.1433 0.1421 
         297  1 0.1437 0.1399 0.1446 0.1437 0.1413 0.1419 0.1449 
         298  1 0.1422 0.1417 0.1436 0.1435 0.1435 0.1421 0.1435 
         299  1 0.1438 0.1449 0.1411 0.1419 0.1420 0.1431 0.1432 
         300  1 0.1414 0.1421 0.1441 0.1434 0.1432 0.1444 0.1415 
         301  1 0.1419 0.1387 0.1461 0.1446 0.1429 0.1442 0.1415 
         302  1 0.1410 0.1479 0.1415 0.1420 0.1421 0.1437 0.1417 
         303  1 0.1430 0.1451 0.1411 0.1418 0.1424 0.1426 0.1441 
