           1  1 0.1990 0.2007 0.1925 0.2003 0.2075 
           2  1 0.2012 0.1987 0.1982 0.2019 0.2000 
           3  1 0.1974 0.2006 0.1984 0.1999 0.2036 
           4  1 0.1978 0.2031 0.1906 0.2006 0.2079 
           5  1 0.1957 0.2036 0.1916 0.2021 0.2071 
           6  1 0.2021 0.1989 0.2088 0.1975 0.1927 
           7  1 0.2055 0.1956 0.2102 0.1976 0.1910 
           8  1 0.2049 0.1985 0.2042 0.1965 0.1959 
           9  1 0.1998 0.2015 0.1965 0.2011 0.2011 
          10  1 0.2023 0.1985 0.1982 0.2019 0.1989 
          11  1 0.1970 0.2000 0.1949 0.2025 0.2056 
          12  1 0.2070 0.1975 0.2109 0.1956 0.1890 
          13  1 0.2021 0.2000 0.2057 0.1976 0.1946 
          14  1 0.2001 0.2005 0.2042 0.1994 0.1957 
          15  1 0.2069 0.1961 0.2068 0.1974 0.1928 
          16  1 0.1888 0.2040 0.1847 0.2064 0.2161 
          17  1 0.2036 0.1990 0.2040 0.2006 0.1928 
          18  1 0.2037 0.1983 0.1973 0.1999 0.2007 
          19  1 0.1925 0.2021 0.1882 0.2026 0.2146 
          20  1 0.2001 0.1986 0.2058 0.1991 0.1964 
          21  1 0.1841 0.2030 0.1846 0.2031 0.2252 
          22  1 0.2043 0.1983 0.2049 0.1985 0.1940 
          23  1 0.2002 0.1974 0.2028 0.1991 0.2005 
          24  1 0.2024 0.2002 0.2046 0.1971 0.1957 
          25  1 0.2040 0.1994 0.2102 0.1946 0.1918 
          26  1 0.2011 0.2012 0.2003 0.1995 0.1979 
          27  1 0.1951 0.2028 0.1975 0.1998 0.2047 
          28  1 0.2023 0.1983 0.2066 0.1972 0.1956 
          29  1 0.1940 0.1999 0.1945 0.2024 0.2091 
          30  1 0.2031 0.1983 0.2095 0.1966 0.1924 
          31  1 0.1973 0.2003 0.1961 0.2027 0.2036 
          32  1 0.2039 0.1947 0.2071 0.1980 0.1962 
          33  1 0.2011 0.1992 0.1979 0.2013 0.2005 
          34  1 0.1969 0.2003 0.1941 0.2040 0.2046 
          35  1 0.2038 0.1973 0.2092 0.1974 0.1922 
          36  1 0.1971 0.1995 0.2014 0.2001 0.2019 
          37  1 0.2085 0.1968 0.2099 0.1948 0.1900 
          38  1 0.2056 0.1972 0.2071 0.1983 0.1918 
          39  1 0.1901 0.2042 0.1865 0.2045 0.2147 
          40  1 0.1955 0.2009 0.1915 0.2017 0.2105 
          41  1 0.1951 0.2014 0.1969 0.2014 0.2052 
          42  1 0.1974 0.2002 0.1966 0.2034 0.2023 
          43  1 0.2013 0.1985 0.2083 0.1972 0.1947 
          44  1 0.1920 0.2003 0.1905 0.2002 0.2171 
          45  1 0.1990 0.1996 0.2029 0.2017 0.1968 
          46  1 0.1956 0.2009 0.1957 0.2021 0.2057 
          47  1 0.2051 0.1995 0.2051 0.1973 0.1930 
          48  1 0.1915 0.2034 0.1922 0.1993 0.2136 
          49  1 0.2074 0.1968 0.2193 0.1932 0.1833 
          50  1 0.1988 0.2009 0.2005 0.2022 0.1976 
          51  1 0.1996 0.2027 0.1932 0.2001 0.2044 
          52  1 0.2007 0.1992 0.1999 0.2014 0.1988 
          53  1 0.1993 0.2013 0.1983 0.2006 0.2005 
          54  1 0.2043 0.1993 0.2006 0.1985 0.1973 
          55  1 0.1850 0.2027 0.1847 0.2031 0.2245 
          56  1 0.1975 0.1998 0.1898 0.2018 0.2111 
          57  1 0.2046 0.1989 0.2002 0.2008 0.1955 
          58  1 0.1980 0.2035 0.1919 0.2020 0.2047 
          59  1 0.1982 0.1990 0.2007 0.2035 0.1986 
          60  1 0.2075 0.1964 0.2046 0.2013 0.1902 
          61  1 0.1986 0.2012 0.1968 0.2035 0.1999 
          62  1 0.1976 0.2005 0.2018 0.1999 0.2002 
          63  1 0.1907 0.2031 0.1878 0.2041 0.2144 
          64  1 0.1928 0.2005 0.1904 0.2054 0.2108 
          65  1 0.2041 0.1995 0.2046 0.1975 0.1942 
          66  1 0.2014 0.2003 0.2025 0.1965 0.1993 
          67  1 0.2040 0.1988 0.2002 0.1992 0.1978 
          68  1 0.2005 0.2006 0.2042 0.1992 0.1956 
          69  1 0.1975 0.1990 0.2006 0.1979 0.2050 
          70  1 0.2023 0.1993 0.2009 0.2011 0.1964 
          71  1 0.2033 0.1995 0.2053 0.1985 0.1935 
          72  1 0.1950 0.2006 0.1964 0.2010 0.2070 
          73  1 0.2008 0.2005 0.1956 0.2020 0.2011 
          74  1 0.2101 0.1979 0.2054 0.1947 0.1919 
          75  1 0.2008 0.1981 0.2017 0.2008 0.1986 
          76  1 0.2037 0.2021 0.2053 0.1977 0.1912 
          77  1 0.2018 0.1985 0.2106 0.1956 0.1934 
          78  1 0.1962 0.2013 0.1918 0.2048 0.2058 
          79  1 0.2045 0.1985 0.1985 0.2008 0.1978 
          80  1 0.1920 0.2014 0.1906 0.2020 0.2141 
          81  1 0.2035 0.1995 0.2018 0.2011 0.1941 
          82  1 0.2030 0.1992 0.2016 0.2004 0.1958 
          83  1 0.2001 0.2002 0.2000 0.2000 0.1997 
          84  1 0.2038 0.1980 0.2007 0.2006 0.1968 
          85  1 0.2023 0.2023 0.2018 0.1991 0.1944 
          86  1 0.1968 0.2014 0.1980 0.2027 0.2011 
          87  1 0.1854 0.2051 0.1821 0.2044 0.2230 
          88  1 0.2046 0.1998 0.2006 0.1994 0.1955 
          89  1 0.1939 0.2020 0.1904 0.2041 0.2097 
          90  1 0.1962 0.2004 0.1951 0.1998 0.2085 
          91  1 0.2003 0.1973 0.2016 0.2012 0.1996 
          92  1 0.2013 0.1996 0.2017 0.1996 0.1978 
          93  1 0.1990 0.1993 0.1997 0.2001 0.2019 
          94  1 0.2045 0.1986 0.2086 0.1971 0.1911 
          95  1 0.2075 0.1987 0.2072 0.1964 0.1902 
          96  1 0.2009 0.1992 0.2016 0.1990 0.1993 
          97  1 0.1883 0.2036 0.1836 0.2059 0.2186 
          98  1 0.2023 0.1997 0.2053 0.1982 0.1944 
          99  1 0.2060 0.1980 0.2116 0.1986 0.1857 
         100  1 0.2019 0.1993 0.2029 0.1963 0.1996 
         101  1 0.2008 0.1996 0.2047 0.1979 0.1970 
         102  1 0.2033 0.1991 0.2020 0.2004 0.1952 
         103  1 0.1957 0.2014 0.1960 0.2006 0.2062 
         104  1 0.2030 0.1985 0.2016 0.2000 0.1970 
         105  1 0.1974 0.2019 0.1951 0.2021 0.2035 
         106  1 0.1942 0.2018 0.1903 0.2040 0.2097 
         107  1 0.1959 0.2002 0.1922 0.2006 0.2110 
         108  1 0.1983 0.2038 0.1967 0.1999 0.2013 
         109  1 0.2023 0.1999 0.2021 0.1987 0.1970 
         110  1 0.1917 0.2050 0.1865 0.2015 0.2153 
         111  1 0.2054 0.1985 0.2041 0.1970 0.1950 
         112  1 0.1978 0.1967 0.1983 0.2057 0.2016 
         113  1 0.2005 0.1983 0.2013 0.1988 0.2012 
         114  1 0.2066 0.1960 0.2143 0.1934 0.1897 
         115  1 0.2041 0.1984 0.2052 0.2016 0.1907 
         116  1 0.1958 0.2013 0.1954 0.2038 0.2037 
         117  1 0.1991 0.2007 0.1972 0.2000 0.2031 
         118  1 0.1980 0.2001 0.2011 0.2000 0.2008 
         119  1 0.1984 0.2002 0.1959 0.2021 0.2034 
         120  1 0.2029 0.2015 0.2003 0.1992 0.1960 
         121  1 0.2040 0.1991 0.2003 0.2005 0.1961 
         122  1 0.1955 0.2016 0.1910 0.2012 0.2106 
         123  1 0.1993 0.2007 0.2007 0.1988 0.2005 
         124  1 0.1971 0.1986 0.1962 0.1996 0.2085 
         125  1 0.2007 0.2010 0.1979 0.2015 0.1990 
         126  1 0.2023 0.2012 0.1968 0.1982 0.2015 
         127  1 0.1919 0.2032 0.1890 0.2018 0.2141 
         128  1 0.1940 0.2029 0.1941 0.2022 0.2068 
         129  1 0.1918 0.2025 0.1897 0.2031 0.2129 
         130  1 0.2042 0.2011 0.2020 0.1969 0.1958 
         131  1 0.1919 0.2024 0.1909 0.1990 0.2157 
         132  1 0.2023 0.1996 0.2033 0.1984 0.1964 
         133  1 0.2055 0.1995 0.2031 0.1984 0.1936 
         134  1 0.1950 0.2042 0.1928 0.2018 0.2062 
         135  1 0.2035 0.1998 0.2055 0.1967 0.1946 
         136  1 0.1960 0.2045 0.1908 0.2026 0.2061 
         137  1 0.2083 0.1987 0.2045 0.1971 0.1913 
         138  1 0.2029 0.1996 0.2032 0.1974 0.1968 
         139  1 0.2007 0.2011 0.2012 0.1998 0.1972 
         140  1 0.1967 0.2048 0.1941 0.1990 0.2054 
         141  1 0.2017 0.1996 0.2035 0.1983 0.1969 
         142  1 0.1930 0.2025 0.1907 0.2015 0.2123 
         143  1 0.1992 0.2013 0.2026 0.1972 0.1997 
         144  1 0.2074 0.1964 0.2091 0.1963 0.1909 
         145  1 0.1964 0.1996 0.1986 0.2000 0.2053 
         146  1 0.1965 0.2021 0.1977 0.2013 0.2023 
         147  1 0.2049 0.1973 0.2056 0.1977 0.1945 
         148  1 0.1954 0.2013 0.1901 0.2041 0.2090 
         149  1 0.2017 0.2008 0.1960 0.2013 0.2002 
         150  1 0.2007 0.2011 0.1971 0.2010 0.2000 
         151  1 0.2053 0.2003 0.2069 0.1947 0.1929 
         152  1 0.2081 0.1915 0.2172 0.1959 0.1874 
         153  1 0.2035 0.1987 0.2106 0.1979 0.1892 
         154  1 0.2073 0.1950 0.2153 0.1974 0.1850 
         155  1 0.2017 0.1976 0.2065 0.1977 0.1966 
         156  1 0.2014 0.1986 0.2025 0.1997 0.1977 
         157  1 0.1974 0.2002 0.1960 0.1988 0.2077 
         158  1 0.2031 0.1991 0.1970 0.2001 0.2008 
         159  1 0.2028 0.1988 0.2053 0.1974 0.1958 
         160  1 0.1977 0.2005 0.2008 0.2009 0.2001 
         161  1 0.1961 0.1987 0.1981 0.1996 0.2074 
         162  1 0.1997 0.1999 0.2014 0.1984 0.2005 
         163  1 0.2044 0.1984 0.2039 0.1992 0.1940 
         164  1 0.1928 0.2001 0.1970 0.1985 0.2116 
         165  1 0.2041 0.2001 0.2048 0.1981 0.1929 
         166  1 0.2040 0.1967 0.2111 0.1962 0.1920 
         167  1 0.2021 0.1983 0.1985 0.2036 0.1974 
         168  1 0.2024 0.2003 0.1982 0.2000 0.1991 
         169  1 0.2007 0.1981 0.2036 0.1984 0.1992 
         170  1 0.2016 0.2020 0.1976 0.2010 0.1979 
         171  1 0.1997 0.1986 0.2025 0.1999 0.1993 
         172  1 0.1969 0.2018 0.1931 0.2016 0.2066 
         173  1 0.1991 0.2024 0.1971 0.2013 0.2002 
         174  1 0.1996 0.1970 0.2061 0.1993 0.1980 
         175  1 0.1927 0.2002 0.1897 0.2038 0.2137 
         176  1 0.2063 0.1967 0.2096 0.1979 0.1894 
         177  1 0.1952 0.2029 0.1961 0.2001 0.2057 
         178  1 0.2021 0.2020 0.1997 0.1978 0.1985 
         179  1 0.1973 0.2007 0.1971 0.2012 0.2036 
         180  1 0.1968 0.2012 0.1951 0.2034 0.2035 
         181  1 0.2013 0.1987 0.2031 0.2030 0.1939 
         182  1 0.2022 0.1983 0.2008 0.2000 0.1988 
         183  1 0.2046 0.1960 0.2076 0.1978 0.1940 
         184  1 0.1927 0.2017 0.1861 0.2044 0.2151 
         185  1 0.2034 0.2016 0.2033 0.1995 0.1923 
         186  1 0.1972 0.1987 0.2043 0.2013 0.1985 
         187  1 0.1915 0.2037 0.1924 0.2024 0.2101 
         188  1 0.2008 0.2006 0.2031 0.1985 0.1971 
         189  1 0.2025 0.1987 0.2054 0.1970 0.1963 
         190  1 0.2043 0.1974 0.2033 0.1988 0.1961 
         191  1 0.1998 0.2000 0.2067 0.1983 0.1952 
         192  1 0.2012 0.1988 0.2020 0.2005 0.1975 
         193  1 0.1968 0.2009 0.1943 0.2024 0.2055 
         194  1 0.2028 0.1983 0.2059 0.1961 0.1968 
         195  1 0.2025 0.1992 0.2031 0.1994 0.1957 
         196  1 0.2020 0.2022 0.1956 0.1995 0.2007 
         197  1 0.2029 0.2008 0.1986 0.2024 0.1953 
         198  1 0.1989 0.2018 0.1977 0.2012 0.2003 
         199  1 0.1996 0.1995 0.2022 0.2020 0.1968 
         200  1 0.1895 0.2039 0.1882 0.2042 0.2142 
         201  1 0.2009 0.1987 0.2005 0.2010 0.1988 
         202  1 0.1978 0.2012 0.1994 0.1998 0.2017 
         203  1 0.1956 0.2028 0.1949 0.2016 0.2051 
         204  1 0.1987 0.1984 0.2078 0.1981 0.1970 
         205  1 0.1963 0.2018 0.1933 0.2009 0.2076 
         206  1 0.2031 0.1995 0.2053 0.1985 0.1936 
         207  1 0.1910 0.2017 0.1906 0.2033 0.2134 
         208  1 0.1935 0.2019 0.1939 0.2018 0.2089 
         209  1 0.2019 0.1999 0.1998 0.1997 0.1987 
         210  1 0.2017 0.2001 0.2018 0.2027 0.1937 
         211  1 0.2052 0.1964 0.2124 0.1954 0.1906 
         212  1 0.2056 0.1984 0.2063 0.1972 0.1925 
         213  1 0.2036 0.1982 0.2055 0.1986 0.1941 
         214  1 0.2056 0.1963 0.2074 0.1975 0.1933 
         215  1 0.2052 0.1979 0.2055 0.1989 0.1925 
         216  1 0.2043 0.1986 0.2032 0.1981 0.1958 
         217  1 0.1997 0.1990 0.2054 0.1974 0.1984 
         218  1 0.2000 0.1990 0.2046 0.1992 0.1972 
         219  1 0.2042 0.2000 0.2018 0.1965 0.1975 
         220  1 0.1995 0.2004 0.1993 0.1999 0.2009 
         221  1 0.2019 0.2001 0.2051 0.1995 0.1934 
         222  1 0.1971 0.2002 0.1964 0.2038 0.2026 
         223  1 0.2012 0.2006 0.1998 0.1989 0.1995 
         224  1 0.2013 0.2007 0.2043 0.1976 0.1962 
         225  1 0.2019 0.1987 0.1962 0.2021 0.2010 
         226  1 0.2034 0.1984 0.2043 0.1976 0.1962 
         227  1 0.2019 0.1988 0.1974 0.1988 0.2031 
         228  1 0.1984 0.2035 0.2044 0.1981 0.1956 
         229  1 0.1920 0.2041 0.1898 0.2012 0.2129 
         230  1 0.2017 0.2011 0.1984 0.1994 0.1994 
         231  1 0.2019 0.1990 0.2082 0.1970 0.1939 
         232  1 0.2054 0.1984 0.2082 0.1972 0.1908 
         233  1 0.2051 0.1987 0.2084 0.1957 0.1921 
         234  1 0.1963 0.2014 0.1946 0.2012 0.2064 
         235  1 0.2020 0.1991 0.1942 0.2014 0.2032 
         236  1 0.2008 0.2016 0.1962 0.2017 0.1997 
         237  1 0.2015 0.1993 0.1983 0.2018 0.1990 
         238  1 0.2009 0.1983 0.2077 0.1956 0.1975 
         239  1 0.2015 0.1995 0.2056 0.1996 0.1937 
         240  1 0.2060 0.1987 0.2119 0.1951 0.1882 
         241  1 0.1966 0.2008 0.1947 0.1993 0.2087 
         242  1 0.1994 0.2004 0.2010 0.2000 0.1992 
         243  1 0.2056 0.2006 0.2054 0.1987 0.1897 
         244  1 0.2042 0.1990 0.2049 0.1969 0.1949 
         245  1 0.2013 0.2007 0.2012 0.1983 0.1985 
         246  1 0.2020 0.1985 0.2059 0.1975 0.1962 
         247  1 0.1992 0.2021 0.1998 0.2004 0.1985 
         248  1 0.1946 0.2013 0.1947 0.2046 0.2049 
         249  1 0.2040 0.1952 0.2104 0.1970 0.1934 
         250  1 0.1977 0.2007 0.1928 0.2015 0.2074 
         251  1 0.2020 0.1972 0.2084 0.1977 0.1947 
         252  1 0.2016 0.1988 0.1990 0.1997 0.2009 
         253  1 0.1978 0.1993 0.1978 0.2033 0.2019 
         254  1 0.2044 0.1982 0.2060 0.1965 0.1949 
         255  1 0.2033 0.1966 0.2043 0.2009 0.1949 
         256  1 0.2046 0.1982 0.2051 0.1993 0.1929 
         257  1 0.2024 0.1999 0.1992 0.2003 0.1982 
         258  1 0.1974 0.2026 0.1955 0.2016 0.2029 
         259  1 0.1952 0.1995 0.1980 0.2007 0.2066 
         260  1 0.1980 0.2019 0.1958 0.2025 0.2018 
         261  1 0.1945 0.2021 0.1947 0.2019 0.2068 
         262  1 0.2075 0.1957 0.2216 0.1916 0.1836 
         263  1 0.1955 0.2024 0.1955 0.1996 0.2070 
         264  1 0.2016 0.1988 0.2100 0.1967 0.1929 
         265  1 0.2040 0.1982 0.2028 0.1982 0.1968 
         266  1 0.1957 0.2018 0.2000 0.2014 0.2011 
         267  1 0.1977 0.2017 0.1946 0.2043 0.2016 
         268  1 0.1931 0.2020 0.1938 0.2019 0.2092 
         269  1 0.1921 0.2011 0.1865 0.2039 0.2164 
         270  1 0.2056 0.1974 0.2043 0.1964 0.1964 
         271  1 0.1914 0.2021 0.1915 0.2038 0.2112 
         272  1 0.2048 0.1983 0.2049 0.1981 0.1939 
         273  1 0.2054 0.1977 0.2034 0.1968 0.1967 
         274  1 0.1993 0.2022 0.1986 0.1991 0.2007 
         275  1 0.2037 0.2008 0.1983 0.1989 0.1983 
         276  1 0.1931 0.2027 0.1896 0.2040 0.2107 
         277  1 0.1960 0.2018 0.1944 0.2055 0.2023 
         278  1 0.1991 0.2024 0.1952 0.2019 0.2013 
         279  1 0.1955 0.2027 0.1908 0.2034 0.2075 
         280  1 0.2018 0.1998 0.2042 0.1980 0.1961 
         281  1 0.1968 0.2021 0.1914 0.2036 0.2061 
         282  1 0.1999 0.1996 0.2057 0.1973 0.1975 
         283  1 0.2087 0.1984 0.2103 0.1958 0.1868 
         284  1 0.2081 0.1998 0.2000 0.2004 0.1917 
         285  1 0.1926 0.2019 0.1936 0.2015 0.2104 
         286  1 0.1995 0.2032 0.2010 0.1975 0.1989 
         287  1 0.1974 0.1992 0.2025 0.1986 0.2022 
         288  1 0.2008 0.1998 0.2021 0.1984 0.1988 
         289  1 0.2053 0.1960 0.2089 0.1992 0.1906 
         290  1 0.2076 0.1949 0.2095 0.1969 0.1911 
         291  1 0.2023 0.1991 0.2033 0.1977 0.1976 
         292  1 0.1966 0.2003 0.1959 0.2024 0.2048 
         293  1 0.1993 0.2004 0.1985 0.2049 0.1970 
         294  1 0.1909 0.2024 0.1878 0.2032 0.2157 
         295  1 0.1930 0.2014 0.1865 0.2044 0.2148 
         296  1 0.2032 0.1999 0.2051 0.1969 0.1949 
         297  1 0.1992 0.2007 0.2002 0.1971 0.2028 
         298  1 0.1978 0.2005 0.1989 0.2028 0.2000 
         299  1 0.2035 0.2010 0.2043 0.1963 0.1948 
         300  1 0.1972 0.2013 0.1972 0.2017 0.2025 
         301  1 0.1963 0.2034 0.1896 0.2017 0.2090 
         302  1 0.2048 0.2002 0.2035 0.1979 0.1936 
         303  1 0.2026 0.1981 0.2058 0.1978 0.1957 
