           1  1 0.2019 0.2010 0.1993 0.2000 0.1978 
           2  1 0.2005 0.2018 0.1992 0.2016 0.1969 
           3  1 0.1989 0.2005 0.2009 0.1990 0.2007 
           4  1 0.2031 0.2036 0.1976 0.2020 0.1936 
           5  1 0.2045 0.2051 0.1933 0.2031 0.1940 
           6  1 0.1968 0.1964 0.2059 0.1990 0.2020 
           7  1 0.1971 0.1960 0.2011 0.1984 0.2074 
           8  1 0.1968 0.1976 0.2027 0.1989 0.2040 
           9  1 0.2010 0.2012 0.2002 0.2016 0.1959 
          10  1 0.2000 0.2005 0.2009 0.2004 0.1982 
          11  1 0.2019 0.2035 0.1983 0.2023 0.1940 
          12  1 0.1942 0.1944 0.2051 0.1964 0.2099 
          13  1 0.1970 0.1970 0.2013 0.1972 0.2076 
          14  1 0.1978 0.1984 0.2022 0.1982 0.2034 
          15  1 0.1957 0.1969 0.2042 0.1972 0.2060 
          16  1 0.2061 0.2072 0.1945 0.2040 0.1882 
          17  1 0.1984 0.1967 0.2016 0.1974 0.2059 
          18  1 0.1994 0.1994 0.2027 0.1993 0.1992 
          19  1 0.2045 0.2054 0.1974 0.2024 0.1902 
          20  1 0.1997 0.1975 0.2014 0.1990 0.2024 
          21  1 0.2076 0.2083 0.1910 0.2011 0.1919 
          22  1 0.1967 0.1966 0.2049 0.1976 0.2042 
          23  1 0.1980 0.1981 0.2025 0.1995 0.2019 
          24  1 0.1983 0.1968 0.2017 0.1980 0.2052 
          25  1 0.1959 0.1956 0.2018 0.1966 0.2101 
          26  1 0.1995 0.1998 0.2026 0.2002 0.1978 
          27  1 0.2011 0.2022 0.2008 0.2001 0.1958 
          28  1 0.1985 0.1989 0.2014 0.1993 0.2019 
          29  1 0.2048 0.2044 0.1954 0.2021 0.1934 
          30  1 0.1952 0.1953 0.2063 0.1985 0.2047 
          31  1 0.2023 0.2023 0.1970 0.2028 0.1957 
          32  1 0.1988 0.1996 0.2016 0.1995 0.2004 
          33  1 0.2014 0.2012 0.1991 0.2020 0.1963 
          34  1 0.2024 0.2032 0.1951 0.2023 0.1970 
          35  1 0.1969 0.1969 0.2011 0.1973 0.2078 
          36  1 0.2007 0.2003 0.2006 0.1996 0.1989 
          37  1 0.1951 0.1935 0.2061 0.1967 0.2087 
          38  1 0.1955 0.1958 0.2050 0.1971 0.2066 
          39  1 0.2066 0.2064 0.1932 0.2022 0.1916 
          40  1 0.2043 0.2055 0.1936 0.2030 0.1936 
          41  1 0.2015 0.2023 0.1970 0.2022 0.1970 
          42  1 0.2013 0.2006 0.1973 0.2030 0.1977 
          43  1 0.1964 0.1961 0.2031 0.1974 0.2071 
          44  1 0.2053 0.2058 0.1954 0.2008 0.1927 
          45  1 0.1993 0.1989 0.2002 0.2000 0.2016 
          46  1 0.2038 0.2033 0.1978 0.2018 0.1933 
          47  1 0.1978 0.1975 0.2034 0.1981 0.2031 
          48  1 0.2039 0.2038 0.1968 0.2013 0.1942 
          49  1 0.1919 0.1916 0.2038 0.1926 0.2201 
          50  1 0.2008 0.2005 0.1999 0.2005 0.1982 
          51  1 0.2039 0.2031 0.1959 0.2019 0.1952 
          52  1 0.1992 0.1990 0.1993 0.2001 0.2024 
          53  1 0.1998 0.2009 0.2006 0.1997 0.1990 
          54  1 0.1979 0.1998 0.2025 0.1995 0.2003 
          55  1 0.2079 0.2085 0.1929 0.2044 0.1862 
          56  1 0.2055 0.2054 0.1938 0.2051 0.1902 
          57  1 0.1976 0.1973 0.2034 0.1982 0.2036 
          58  1 0.2005 0.2016 0.2004 0.1995 0.1981 
          59  1 0.1998 0.1982 0.1977 0.1993 0.2051 
          60  1 0.1960 0.1944 0.2033 0.1965 0.2097 
          61  1 0.2008 0.1996 0.1999 0.2012 0.1985 
          62  1 0.2000 0.1989 0.2013 0.1990 0.2009 
          63  1 0.2060 0.2054 0.1955 0.2043 0.1887 
          64  1 0.2056 0.2037 0.1949 0.2025 0.1933 
          65  1 0.1979 0.1981 0.2014 0.1993 0.2034 
          66  1 0.1982 0.1994 0.2001 0.1987 0.2036 
          67  1 0.2009 0.1996 0.1988 0.2016 0.1990 
          68  1 0.1980 0.1982 0.1997 0.1994 0.2047 
          69  1 0.2011 0.2008 0.1980 0.2000 0.2001 
          70  1 0.2000 0.1987 0.2038 0.2007 0.1968 
          71  1 0.1965 0.1964 0.2050 0.1988 0.2033 
          72  1 0.2022 0.2030 0.2008 0.2008 0.1932 
          73  1 0.2019 0.2020 0.1990 0.2007 0.1964 
          74  1 0.1967 0.1965 0.2061 0.1983 0.2024 
          75  1 0.1997 0.1999 0.2015 0.2000 0.1989 
          76  1 0.1972 0.1961 0.2029 0.1972 0.2066 
          77  1 0.1976 0.1974 0.1992 0.1994 0.2064 
          78  1 0.2018 0.2029 0.1995 0.2019 0.1938 
          79  1 0.1993 0.1986 0.2012 0.1982 0.2027 
          80  1 0.2052 0.2056 0.1956 0.2042 0.1894 
          81  1 0.1985 0.1965 0.2015 0.1988 0.2047 
          82  1 0.1983 0.1976 0.2042 0.1997 0.2002 
          83  1 0.2009 0.2008 0.1998 0.1991 0.1994 
          84  1 0.1987 0.1999 0.2009 0.1993 0.2012 
          85  1 0.1999 0.1985 0.1987 0.1989 0.2040 
          86  1 0.2012 0.1997 0.1996 0.2004 0.1991 
          87  1 0.2095 0.2104 0.1911 0.2055 0.1835 
          88  1 0.1978 0.1977 0.2044 0.1974 0.2028 
          89  1 0.2050 0.2057 0.1926 0.2047 0.1920 
          90  1 0.2035 0.2032 0.1979 0.2014 0.1940 
          91  1 0.2009 0.2021 0.2019 0.2013 0.1938 
          92  1 0.2003 0.1999 0.2007 0.2003 0.1988 
          93  1 0.2022 0.1993 0.1981 0.2022 0.1982 
          94  1 0.1962 0.1945 0.2024 0.1986 0.2083 
          95  1 0.1958 0.1949 0.2069 0.1968 0.2056 
          96  1 0.2007 0.2002 0.1993 0.2006 0.1991 
          97  1 0.2075 0.2086 0.1927 0.2056 0.1856 
          98  1 0.1986 0.1980 0.2002 0.1997 0.2034 
          99  1 0.1933 0.1935 0.2051 0.1939 0.2142 
         100  1 0.1993 0.1975 0.2006 0.1992 0.2034 
         101  1 0.1974 0.1981 0.2022 0.1988 0.2035 
         102  1 0.1970 0.1977 0.2056 0.1981 0.2016 
         103  1 0.2030 0.2033 0.1961 0.2026 0.1950 
         104  1 0.1993 0.1990 0.2036 0.1999 0.1982 
         105  1 0.2021 0.2019 0.1983 0.2027 0.1951 
         106  1 0.2055 0.2065 0.1948 0.2018 0.1915 
         107  1 0.2026 0.2033 0.1978 0.1994 0.1970 
         108  1 0.2004 0.2010 0.1969 0.1999 0.2019 
         109  1 0.1981 0.1999 0.2004 0.1997 0.2019 
         110  1 0.2062 0.2057 0.1947 0.2032 0.1901 
         111  1 0.1976 0.1974 0.2032 0.1998 0.2019 
         112  1 0.2013 0.1992 0.1993 0.1980 0.2022 
         113  1 0.2023 0.2009 0.1980 0.2012 0.1977 
         114  1 0.1962 0.1944 0.2059 0.1978 0.2058 
         115  1 0.1975 0.1977 0.2057 0.1967 0.2024 
         116  1 0.2023 0.2011 0.1969 0.2014 0.1983 
         117  1 0.2011 0.2000 0.1998 0.2004 0.1987 
         118  1 0.1993 0.2004 0.1992 0.1999 0.2012 
         119  1 0.2017 0.2016 0.2009 0.2026 0.1933 
         120  1 0.1991 0.1983 0.2005 0.1998 0.2023 
         121  1 0.1979 0.1992 0.2023 0.1985 0.2022 
         122  1 0.2040 0.2042 0.1972 0.2016 0.1930 
         123  1 0.2015 0.2010 0.2001 0.2025 0.1950 
         124  1 0.2035 0.2030 0.1970 0.2012 0.1953 
         125  1 0.2008 0.1992 0.2004 0.1998 0.1998 
         126  1 0.2016 0.2013 0.2002 0.2019 0.1950 
         127  1 0.2050 0.2074 0.1951 0.2035 0.1890 
         128  1 0.2018 0.2023 0.1996 0.2011 0.1952 
         129  1 0.2042 0.2041 0.1972 0.2013 0.1931 
         130  1 0.1974 0.1980 0.2042 0.1990 0.2014 
         131  1 0.2048 0.2059 0.1967 0.2012 0.1914 
         132  1 0.1979 0.1984 0.2043 0.1986 0.2007 
         133  1 0.1981 0.1974 0.2038 0.1991 0.2017 
         134  1 0.2023 0.2030 0.1974 0.2020 0.1953 
         135  1 0.1975 0.1969 0.2030 0.1983 0.2043 
         136  1 0.2030 0.2034 0.1975 0.2021 0.1940 
         137  1 0.1953 0.1950 0.2034 0.1962 0.2101 
         138  1 0.1994 0.1989 0.1986 0.1990 0.2041 
         139  1 0.1989 0.1983 0.2015 0.1985 0.2028 
         140  1 0.2033 0.2018 0.1973 0.2019 0.1957 
         141  1 0.1973 0.1968 0.2031 0.2000 0.2028 
         142  1 0.2066 0.2042 0.1937 0.2009 0.1946 
         143  1 0.1992 0.1999 0.1992 0.2001 0.2015 
         144  1 0.1964 0.1968 0.2055 0.1993 0.2019 
         145  1 0.2013 0.2008 0.1967 0.2002 0.2011 
         146  1 0.2037 0.2019 0.1955 0.2024 0.1965 
         147  1 0.1967 0.1956 0.2040 0.1967 0.2070 
         148  1 0.2040 0.2041 0.1950 0.2032 0.1936 
         149  1 0.2014 0.1996 0.2010 0.2011 0.1968 
         150  1 0.2029 0.2014 0.1965 0.2018 0.1974 
         151  1 0.1965 0.1967 0.2028 0.1970 0.2070 
         152  1 0.1930 0.1927 0.2054 0.1943 0.2146 
         153  1 0.1955 0.1942 0.2008 0.1965 0.2130 
         154  1 0.1940 0.1929 0.2050 0.1937 0.2144 
         155  1 0.1974 0.1974 0.2016 0.1994 0.2042 
         156  1 0.1990 0.1990 0.2034 0.1979 0.2006 
         157  1 0.2021 0.2013 0.1999 0.2002 0.1965 
         158  1 0.2014 0.1988 0.2006 0.1998 0.1993 
         159  1 0.1970 0.1981 0.2040 0.1993 0.2016 
         160  1 0.2000 0.1995 0.1998 0.2005 0.2003 
         161  1 0.2013 0.2013 0.1989 0.1992 0.1993 
         162  1 0.2004 0.2013 0.1987 0.2018 0.1978 
         163  1 0.1955 0.1954 0.2027 0.1968 0.2096 
         164  1 0.2022 0.2039 0.1966 0.1987 0.1986 
         165  1 0.1969 0.1977 0.2039 0.1996 0.2018 
         166  1 0.1964 0.1962 0.2040 0.1987 0.2047 
         167  1 0.1998 0.1985 0.2008 0.2007 0.2003 
         168  1 0.1996 0.1998 0.2010 0.1993 0.2003 
         169  1 0.1995 0.1990 0.1997 0.1993 0.2024 
         170  1 0.2012 0.2002 0.1994 0.2014 0.1978 
         171  1 0.2001 0.1998 0.2020 0.2005 0.1976 
         172  1 0.2033 0.2026 0.1973 0.2015 0.1952 
         173  1 0.1989 0.1997 0.2020 0.2010 0.1984 
         174  1 0.1994 0.2006 0.2001 0.2009 0.1991 
         175  1 0.2048 0.2047 0.1954 0.2040 0.1911 
         176  1 0.1959 0.1957 0.1999 0.1962 0.2123 
         177  1 0.2023 0.2021 0.1975 0.2028 0.1954 
         178  1 0.2015 0.2010 0.1970 0.2009 0.1996 
         179  1 0.2012 0.2013 0.1992 0.2005 0.1978 
         180  1 0.2021 0.2005 0.1977 0.2004 0.1993 
         181  1 0.1988 0.1980 0.2008 0.1996 0.2027 
         182  1 0.2012 0.2016 0.1989 0.2029 0.1953 
         183  1 0.1991 0.1989 0.2019 0.2000 0.2001 
         184  1 0.2059 0.2067 0.1934 0.2033 0.1907 
         185  1 0.1972 0.1982 0.2037 0.1978 0.2031 
         186  1 0.2000 0.1998 0.2006 0.1999 0.1998 
         187  1 0.2045 0.2045 0.1956 0.2034 0.1920 
         188  1 0.1978 0.1982 0.2014 0.1979 0.2047 
         189  1 0.1974 0.1966 0.2045 0.1994 0.2021 
         190  1 0.1979 0.1996 0.2012 0.1988 0.2026 
         191  1 0.1984 0.1997 0.2001 0.1988 0.2031 
         192  1 0.2006 0.1996 0.1984 0.1992 0.2022 
         193  1 0.2027 0.2041 0.1957 0.2028 0.1947 
         194  1 0.1976 0.1973 0.2047 0.1992 0.2012 
         195  1 0.1990 0.1969 0.2007 0.1993 0.2040 
         196  1 0.2005 0.2013 0.1994 0.2017 0.1972 
         197  1 0.1998 0.1980 0.2015 0.1987 0.2020 
         198  1 0.2011 0.2025 0.1990 0.2014 0.1960 
         199  1 0.1998 0.1989 0.2018 0.1992 0.2003 
         200  1 0.2043 0.2054 0.1942 0.2026 0.1935 
         201  1 0.1996 0.1996 0.2029 0.2002 0.1977 
         202  1 0.2007 0.2019 0.1981 0.2010 0.1983 
         203  1 0.2028 0.2029 0.1976 0.2022 0.1945 
         204  1 0.1978 0.1988 0.1997 0.1993 0.2044 
         205  1 0.2045 0.2030 0.1959 0.2022 0.1944 
         206  1 0.1967 0.1968 0.2014 0.1981 0.2070 
         207  1 0.2047 0.2059 0.1979 0.2021 0.1894 
         208  1 0.2030 0.2031 0.1963 0.2018 0.1958 
         209  1 0.1990 0.1989 0.2009 0.2004 0.2008 
         210  1 0.1999 0.1972 0.1998 0.2004 0.2027 
         211  1 0.1952 0.1963 0.2038 0.1963 0.2084 
         212  1 0.1967 0.1975 0.2023 0.1984 0.2051 
         213  1 0.1985 0.1984 0.1993 0.1998 0.2040 
         214  1 0.1962 0.1973 0.2062 0.1981 0.2023 
         215  1 0.1983 0.1971 0.2036 0.1980 0.2030 
         216  1 0.1990 0.1983 0.2027 0.1987 0.2013 
         217  1 0.1993 0.1984 0.2006 0.1976 0.2042 
         218  1 0.1971 0.1983 0.1980 0.1976 0.2090 
         219  1 0.1991 0.1986 0.2004 0.2005 0.2014 
         220  1 0.1990 0.2003 0.1974 0.1996 0.2036 
         221  1 0.1976 0.1966 0.2019 0.1979 0.2061 
         222  1 0.2019 0.2013 0.1982 0.2025 0.1961 
         223  1 0.2002 0.1996 0.2002 0.1995 0.2005 
         224  1 0.1984 0.1984 0.2023 0.1993 0.2017 
         225  1 0.1997 0.1991 0.2010 0.2008 0.1995 
         226  1 0.1984 0.1987 0.2042 0.1994 0.1992 
         227  1 0.2004 0.2009 0.1995 0.2011 0.1982 
         228  1 0.1988 0.1992 0.1979 0.1999 0.2042 
         229  1 0.2063 0.2064 0.1928 0.2049 0.1895 
         230  1 0.2002 0.2000 0.2010 0.2015 0.1973 
         231  1 0.1953 0.1956 0.2025 0.1970 0.2096 
         232  1 0.1950 0.1950 0.2042 0.1966 0.2091 
         233  1 0.1960 0.1964 0.2032 0.1969 0.2075 
         234  1 0.2020 0.2022 0.1993 0.2017 0.1947 
         235  1 0.2015 0.2014 0.1988 0.2028 0.1955 
         236  1 0.2006 0.1999 0.2003 0.1996 0.1996 
         237  1 0.1975 0.1978 0.2030 0.1990 0.2027 
         238  1 0.1989 0.1991 0.1997 0.2005 0.2018 
         239  1 0.1971 0.1965 0.2008 0.1973 0.2084 
         240  1 0.1952 0.1951 0.2012 0.1969 0.2116 
         241  1 0.2036 0.2038 0.1962 0.2026 0.1938 
         242  1 0.1990 0.1996 0.2014 0.1996 0.2004 
         243  1 0.1986 0.1954 0.2028 0.1996 0.2036 
         244  1 0.1984 0.1976 0.2015 0.1978 0.2047 
         245  1 0.1988 0.1995 0.2013 0.1991 0.2014 
         246  1 0.1979 0.1998 0.1990 0.1990 0.2043 
         247  1 0.1989 0.1998 0.2015 0.1988 0.2010 
         248  1 0.2025 0.2010 0.1991 0.2026 0.1946 
         249  1 0.1970 0.1955 0.2028 0.1979 0.2069 
         250  1 0.2032 0.2030 0.1981 0.2018 0.1940 
         251  1 0.1974 0.1972 0.2031 0.1987 0.2036 
         252  1 0.2008 0.2016 0.2006 0.2019 0.1951 
         253  1 0.2023 0.2019 0.1985 0.2007 0.1966 
         254  1 0.1980 0.1979 0.2015 0.1986 0.2041 
         255  1 0.1960 0.1964 0.2003 0.1970 0.2104 
         256  1 0.1995 0.1973 0.2008 0.1995 0.2029 
         257  1 0.2005 0.2015 0.1980 0.2016 0.1984 
         258  1 0.2029 0.2026 0.1975 0.2026 0.1944 
         259  1 0.2014 0.2008 0.1961 0.1998 0.2019 
         260  1 0.2027 0.2016 0.1972 0.2016 0.1969 
         261  1 0.2008 0.2020 0.1990 0.2009 0.1973 
         262  1 0.1907 0.1914 0.2068 0.1926 0.2185 
         263  1 0.2004 0.2016 0.2002 0.1988 0.1990 
         264  1 0.1971 0.1956 0.2015 0.1971 0.2087 
         265  1 0.2005 0.1995 0.2013 0.1997 0.1991 
         266  1 0.2011 0.2005 0.1976 0.1999 0.2009 
         267  1 0.2022 0.2005 0.1974 0.2014 0.1984 
         268  1 0.2046 0.2041 0.1960 0.2027 0.1926 
         269  1 0.2057 0.2041 0.1961 0.2016 0.1925 
         270  1 0.1974 0.1971 0.2014 0.1977 0.2065 
         271  1 0.2044 0.2054 0.1940 0.2029 0.1933 
         272  1 0.1963 0.1983 0.2039 0.1976 0.2039 
         273  1 0.1987 0.1997 0.2021 0.1999 0.1996 
         274  1 0.2007 0.2003 0.2011 0.1990 0.1989 
         275  1 0.1988 0.1996 0.2017 0.1999 0.2000 
         276  1 0.2041 0.2050 0.1975 0.2049 0.1885 
         277  1 0.2033 0.2017 0.1968 0.2018 0.1964 
         278  1 0.2025 0.2006 0.1981 0.2007 0.1983 
         279  1 0.2030 0.2039 0.1974 0.2028 0.1928 
         280  1 0.1983 0.1998 0.1984 0.1987 0.2048 
         281  1 0.2022 0.2025 0.1999 0.2017 0.1937 
         282  1 0.1980 0.1987 0.2004 0.1988 0.2041 
         283  1 0.1946 0.1929 0.2050 0.1964 0.2111 
         284  1 0.1987 0.1966 0.2024 0.1973 0.2051 
         285  1 0.2026 0.2031 0.1964 0.2021 0.1958 
         286  1 0.1985 0.1991 0.2009 0.2001 0.2014 
         287  1 0.1998 0.1997 0.1972 0.1990 0.2042 
         288  1 0.1998 0.1986 0.2035 0.1992 0.1989 
         289  1 0.1962 0.1955 0.2057 0.1957 0.2068 
         290  1 0.1950 0.1953 0.2036 0.1959 0.2101 
         291  1 0.1983 0.1992 0.2001 0.2001 0.2023 
         292  1 0.2024 0.2014 0.1987 0.2017 0.1958 
         293  1 0.2009 0.1990 0.1999 0.2008 0.1995 
         294  1 0.2062 0.2056 0.1944 0.2033 0.1905 
         295  1 0.2056 0.2071 0.1951 0.2023 0.1899 
         296  1 0.1965 0.1955 0.2048 0.1979 0.2053 
         297  1 0.2014 0.2023 0.1964 0.2022 0.1977 
         298  1 0.2007 0.2013 0.1999 0.2004 0.1977 
         299  1 0.1965 0.1968 0.2027 0.1981 0.2059 
         300  1 0.2031 0.2015 0.1979 0.2017 0.1958 
         301  1 0.2046 0.2034 0.1967 0.2021 0.1932 
         302  1 0.1983 0.1981 0.1999 0.1980 0.2057 
         303  1 0.1992 0.1976 0.2008 0.1991 0.2032 
