           1  1 0.1651 0.1663 0.1658 0.1668 0.1680 0.1679 
           2  1 0.1658 0.1665 0.1670 0.1648 0.1678 0.1680 
           3  1 0.1657 0.1643 0.1679 0.1673 0.1677 0.1670 
           4  1 0.1660 0.1656 0.1642 0.1647 0.1702 0.1692 
           5  1 0.1640 0.1687 0.1645 0.1638 0.1700 0.1690 
           6  1 0.1688 0.1663 0.1660 0.1685 0.1647 0.1657 
           7  1 0.1659 0.1669 0.1694 0.1696 0.1636 0.1647 
           8  1 0.1668 0.1666 0.1676 0.1684 0.1652 0.1654 
           9  1 0.1661 0.1690 0.1660 0.1651 0.1670 0.1668 
          10  1 0.1665 0.1682 0.1665 0.1677 0.1654 0.1657 
          11  1 0.1653 0.1662 0.1660 0.1656 0.1679 0.1690 
          12  1 0.1693 0.1661 0.1709 0.1692 0.1621 0.1625 
          13  1 0.1682 0.1653 0.1705 0.1679 0.1640 0.1641 
          14  1 0.1670 0.1670 0.1700 0.1669 0.1634 0.1656 
          15  1 0.1670 0.1684 0.1697 0.1690 0.1621 0.1638 
          16  1 0.1640 0.1678 0.1619 0.1617 0.1719 0.1727 
          17  1 0.1664 0.1671 0.1700 0.1687 0.1634 0.1644 
          18  1 0.1679 0.1648 0.1662 0.1690 0.1655 0.1666 
          19  1 0.1651 0.1667 0.1627 0.1648 0.1701 0.1707 
          20  1 0.1670 0.1666 0.1668 0.1678 0.1661 0.1656 
          21  1 0.1614 0.1659 0.1635 0.1601 0.1756 0.1734 
          22  1 0.1686 0.1646 0.1691 0.1690 0.1640 0.1647 
          23  1 0.1672 0.1651 0.1689 0.1670 0.1642 0.1676 
          24  1 0.1683 0.1647 0.1698 0.1688 0.1642 0.1643 
          25  1 0.1692 0.1653 0.1697 0.1686 0.1638 0.1633 
          26  1 0.1681 0.1667 0.1656 0.1668 0.1669 0.1659 
          27  1 0.1672 0.1645 0.1654 0.1669 0.1674 0.1686 
          28  1 0.1674 0.1667 0.1672 0.1678 0.1657 0.1652 
          29  1 0.1663 0.1667 0.1638 0.1634 0.1695 0.1703 
          30  1 0.1708 0.1655 0.1681 0.1691 0.1628 0.1637 
          31  1 0.1635 0.1674 0.1642 0.1671 0.1685 0.1692 
          32  1 0.1681 0.1668 0.1663 0.1678 0.1657 0.1652 
          33  1 0.1677 0.1668 0.1643 0.1673 0.1676 0.1663 
          34  1 0.1652 0.1673 0.1651 0.1651 0.1687 0.1686 
          35  1 0.1679 0.1680 0.1682 0.1684 0.1638 0.1637 
          36  1 0.1660 0.1665 0.1674 0.1657 0.1672 0.1672 
          37  1 0.1718 0.1655 0.1681 0.1698 0.1623 0.1625 
          38  1 0.1686 0.1652 0.1677 0.1705 0.1640 0.1640 
          39  1 0.1638 0.1676 0.1642 0.1621 0.1716 0.1707 
          40  1 0.1640 0.1666 0.1638 0.1624 0.1725 0.1706 
          41  1 0.1664 0.1665 0.1660 0.1651 0.1683 0.1677 
          42  1 0.1654 0.1682 0.1659 0.1663 0.1675 0.1668 
          43  1 0.1667 0.1672 0.1689 0.1681 0.1647 0.1643 
          44  1 0.1653 0.1661 0.1633 0.1624 0.1717 0.1712 
          45  1 0.1672 0.1664 0.1666 0.1683 0.1661 0.1654 
          46  1 0.1641 0.1673 0.1646 0.1650 0.1701 0.1689 
          47  1 0.1698 0.1670 0.1669 0.1695 0.1634 0.1634 
          48  1 0.1657 0.1655 0.1649 0.1622 0.1717 0.1700 
          49  1 0.1689 0.1660 0.1748 0.1698 0.1597 0.1608 
          50  1 0.1659 0.1671 0.1668 0.1667 0.1665 0.1670 
          51  1 0.1639 0.1664 0.1666 0.1656 0.1694 0.1683 
          52  1 0.1671 0.1674 0.1695 0.1657 0.1652 0.1652 
          53  1 0.1672 0.1667 0.1660 0.1675 0.1663 0.1664 
          54  1 0.1667 0.1673 0.1663 0.1668 0.1665 0.1666 
          55  1 0.1623 0.1656 0.1608 0.1596 0.1765 0.1752 
          56  1 0.1644 0.1679 0.1642 0.1632 0.1703 0.1701 
          57  1 0.1676 0.1657 0.1669 0.1698 0.1649 0.1652 
          58  1 0.1688 0.1665 0.1662 0.1660 0.1663 0.1662 
          59  1 0.1662 0.1695 0.1677 0.1670 0.1650 0.1645 
          60  1 0.1663 0.1661 0.1729 0.1702 0.1612 0.1633 
          61  1 0.1681 0.1665 0.1670 0.1658 0.1667 0.1660 
          62  1 0.1689 0.1670 0.1672 0.1677 0.1637 0.1655 
          63  1 0.1643 0.1672 0.1628 0.1623 0.1715 0.1719 
          64  1 0.1637 0.1658 0.1651 0.1631 0.1713 0.1710 
          65  1 0.1656 0.1678 0.1664 0.1690 0.1657 0.1655 
          66  1 0.1678 0.1675 0.1680 0.1663 0.1650 0.1654 
          67  1 0.1660 0.1684 0.1658 0.1674 0.1667 0.1657 
          68  1 0.1671 0.1676 0.1673 0.1666 0.1649 0.1665 
          69  1 0.1659 0.1657 0.1669 0.1649 0.1677 0.1689 
          70  1 0.1659 0.1655 0.1667 0.1680 0.1672 0.1666 
          71  1 0.1691 0.1651 0.1684 0.1696 0.1636 0.1642 
          72  1 0.1652 0.1667 0.1648 0.1665 0.1682 0.1686 
          73  1 0.1640 0.1663 0.1662 0.1676 0.1684 0.1674 
          74  1 0.1718 0.1645 0.1675 0.1715 0.1629 0.1619 
          75  1 0.1678 0.1669 0.1657 0.1669 0.1660 0.1666 
          76  1 0.1674 0.1668 0.1684 0.1689 0.1640 0.1644 
          77  1 0.1691 0.1653 0.1681 0.1670 0.1647 0.1658 
          78  1 0.1656 0.1672 0.1650 0.1656 0.1687 0.1678 
          79  1 0.1651 0.1679 0.1681 0.1691 0.1650 0.1648 
          80  1 0.1644 0.1671 0.1611 0.1640 0.1718 0.1716 
          81  1 0.1662 0.1675 0.1681 0.1701 0.1637 0.1644 
          82  1 0.1673 0.1670 0.1679 0.1681 0.1647 0.1650 
          83  1 0.1669 0.1646 0.1678 0.1666 0.1669 0.1672 
          84  1 0.1652 0.1666 0.1682 0.1682 0.1659 0.1659 
          85  1 0.1662 0.1679 0.1681 0.1675 0.1662 0.1642 
          86  1 0.1651 0.1665 0.1664 0.1676 0.1683 0.1661 
          87  1 0.1625 0.1662 0.1614 0.1606 0.1745 0.1748 
          88  1 0.1668 0.1659 0.1686 0.1705 0.1635 0.1648 
          89  1 0.1622 0.1673 0.1643 0.1630 0.1720 0.1712 
          90  1 0.1662 0.1667 0.1653 0.1631 0.1696 0.1690 
          91  1 0.1690 0.1670 0.1657 0.1665 0.1666 0.1652 
          92  1 0.1676 0.1663 0.1666 0.1673 0.1657 0.1665 
          93  1 0.1644 0.1688 0.1644 0.1649 0.1697 0.1677 
          94  1 0.1700 0.1663 0.1689 0.1675 0.1636 0.1637 
          95  1 0.1691 0.1645 0.1703 0.1709 0.1625 0.1628 
          96  1 0.1685 0.1663 0.1661 0.1660 0.1668 0.1665 
          97  1 0.1620 0.1670 0.1604 0.1614 0.1748 0.1745 
          98  1 0.1686 0.1677 0.1688 0.1669 0.1639 0.1640 
          99  1 0.1668 0.1664 0.1746 0.1710 0.1608 0.1604 
         100  1 0.1679 0.1668 0.1668 0.1671 0.1653 0.1661 
         101  1 0.1674 0.1668 0.1670 0.1673 0.1660 0.1656 
         102  1 0.1675 0.1666 0.1672 0.1696 0.1645 0.1646 
         103  1 0.1652 0.1680 0.1642 0.1651 0.1684 0.1691 
         104  1 0.1683 0.1659 0.1663 0.1687 0.1652 0.1657 
         105  1 0.1662 0.1667 0.1636 0.1665 0.1686 0.1683 
         106  1 0.1663 0.1678 0.1634 0.1635 0.1701 0.1689 
         107  1 0.1625 0.1676 0.1646 0.1647 0.1703 0.1703 
         108  1 0.1645 0.1678 0.1673 0.1666 0.1665 0.1674 
         109  1 0.1685 0.1665 0.1689 0.1671 0.1644 0.1646 
         110  1 0.1657 0.1666 0.1617 0.1642 0.1708 0.1709 
         111  1 0.1694 0.1656 0.1672 0.1668 0.1659 0.1651 
         112  1 0.1638 0.1653 0.1694 0.1684 0.1667 0.1665 
         113  1 0.1667 0.1668 0.1649 0.1649 0.1686 0.1681 
         114  1 0.1701 0.1650 0.1689 0.1695 0.1628 0.1637 
         115  1 0.1652 0.1659 0.1711 0.1692 0.1647 0.1638 
         116  1 0.1639 0.1685 0.1660 0.1656 0.1674 0.1685 
         117  1 0.1649 0.1664 0.1652 0.1670 0.1683 0.1682 
         118  1 0.1684 0.1664 0.1669 0.1660 0.1662 0.1661 
         119  1 0.1659 0.1669 0.1646 0.1657 0.1689 0.1680 
         120  1 0.1657 0.1657 0.1699 0.1679 0.1654 0.1655 
         121  1 0.1660 0.1661 0.1689 0.1684 0.1657 0.1649 
         122  1 0.1654 0.1670 0.1644 0.1625 0.1704 0.1703 
         123  1 0.1670 0.1665 0.1644 0.1674 0.1674 0.1672 
         124  1 0.1665 0.1657 0.1639 0.1641 0.1699 0.1699 
         125  1 0.1655 0.1664 0.1664 0.1671 0.1670 0.1675 
         126  1 0.1678 0.1671 0.1645 0.1667 0.1672 0.1668 
         127  1 0.1646 0.1656 0.1636 0.1613 0.1721 0.1727 
         128  1 0.1669 0.1672 0.1640 0.1648 0.1679 0.1692 
         129  1 0.1652 0.1665 0.1638 0.1628 0.1712 0.1705 
         130  1 0.1688 0.1664 0.1647 0.1688 0.1656 0.1657 
         131  1 0.1655 0.1661 0.1630 0.1623 0.1720 0.1710 
         132  1 0.1699 0.1652 0.1669 0.1671 0.1650 0.1659 
         133  1 0.1680 0.1668 0.1671 0.1693 0.1646 0.1642 
         134  1 0.1674 0.1659 0.1644 0.1645 0.1690 0.1687 
         135  1 0.1673 0.1679 0.1653 0.1683 0.1655 0.1656 
         136  1 0.1666 0.1658 0.1639 0.1653 0.1703 0.1682 
         137  1 0.1671 0.1681 0.1695 0.1694 0.1621 0.1637 
         138  1 0.1674 0.1684 0.1661 0.1680 0.1654 0.1647 
         139  1 0.1668 0.1666 0.1671 0.1679 0.1662 0.1654 
         140  1 0.1647 0.1668 0.1655 0.1650 0.1690 0.1691 
         141  1 0.1682 0.1659 0.1684 0.1671 0.1642 0.1662 
         142  1 0.1650 0.1651 0.1642 0.1636 0.1711 0.1710 
         143  1 0.1659 0.1682 0.1665 0.1645 0.1680 0.1669 
         144  1 0.1724 0.1652 0.1676 0.1696 0.1626 0.1625 
         145  1 0.1647 0.1658 0.1679 0.1645 0.1681 0.1689 
         146  1 0.1661 0.1674 0.1657 0.1654 0.1683 0.1671 
         147  1 0.1675 0.1661 0.1700 0.1699 0.1636 0.1629 
         148  1 0.1630 0.1665 0.1653 0.1644 0.1699 0.1709 
         149  1 0.1688 0.1675 0.1658 0.1675 0.1658 0.1645 
         150  1 0.1671 0.1671 0.1672 0.1658 0.1665 0.1663 
         151  1 0.1696 0.1662 0.1683 0.1683 0.1633 0.1643 
         152  1 0.1678 0.1637 0.1743 0.1718 0.1606 0.1619 
         153  1 0.1649 0.1672 0.1721 0.1695 0.1621 0.1642 
         154  1 0.1681 0.1648 0.1734 0.1704 0.1617 0.1616 
         155  1 0.1676 0.1669 0.1656 0.1664 0.1667 0.1668 
         156  1 0.1671 0.1669 0.1670 0.1686 0.1651 0.1654 
         157  1 0.1659 0.1662 0.1649 0.1645 0.1693 0.1693 
         158  1 0.1670 0.1673 0.1647 0.1672 0.1672 0.1666 
         159  1 0.1675 0.1663 0.1679 0.1678 0.1650 0.1655 
         160  1 0.1684 0.1659 0.1691 0.1664 0.1650 0.1651 
         161  1 0.1645 0.1656 0.1673 0.1663 0.1675 0.1689 
         162  1 0.1677 0.1675 0.1648 0.1637 0.1674 0.1689 
         163  1 0.1657 0.1684 0.1685 0.1690 0.1636 0.1649 
         164  1 0.1660 0.1658 0.1649 0.1630 0.1701 0.1701 
         165  1 0.1696 0.1669 0.1672 0.1685 0.1644 0.1633 
         166  1 0.1682 0.1660 0.1673 0.1689 0.1645 0.1652 
         167  1 0.1653 0.1664 0.1667 0.1685 0.1666 0.1665 
         168  1 0.1678 0.1677 0.1657 0.1660 0.1668 0.1658 
         169  1 0.1647 0.1683 0.1658 0.1685 0.1667 0.1660 
         170  1 0.1650 0.1684 0.1668 0.1678 0.1661 0.1660 
         171  1 0.1683 0.1664 0.1668 0.1662 0.1661 0.1662 
         172  1 0.1655 0.1659 0.1646 0.1654 0.1698 0.1688 
         173  1 0.1668 0.1679 0.1658 0.1655 0.1664 0.1676 
         174  1 0.1676 0.1664 0.1656 0.1664 0.1667 0.1673 
         175  1 0.1656 0.1657 0.1632 0.1629 0.1712 0.1713 
         176  1 0.1667 0.1683 0.1704 0.1697 0.1620 0.1629 
         177  1 0.1648 0.1667 0.1650 0.1649 0.1689 0.1697 
         178  1 0.1674 0.1663 0.1679 0.1651 0.1674 0.1659 
         179  1 0.1663 0.1666 0.1651 0.1657 0.1680 0.1683 
         180  1 0.1628 0.1659 0.1689 0.1661 0.1680 0.1684 
         181  1 0.1663 0.1663 0.1682 0.1690 0.1652 0.1650 
         182  1 0.1659 0.1667 0.1649 0.1666 0.1685 0.1675 
         183  1 0.1694 0.1670 0.1649 0.1672 0.1661 0.1654 
         184  1 0.1641 0.1677 0.1628 0.1618 0.1723 0.1713 
         185  1 0.1689 0.1669 0.1692 0.1689 0.1629 0.1632 
         186  1 0.1671 0.1664 0.1665 0.1669 0.1664 0.1667 
         187  1 0.1662 0.1659 0.1622 0.1647 0.1704 0.1706 
         188  1 0.1679 0.1657 0.1696 0.1679 0.1648 0.1641 
         189  1 0.1693 0.1663 0.1656 0.1692 0.1645 0.1651 
         190  1 0.1662 0.1667 0.1682 0.1682 0.1663 0.1645 
         191  1 0.1663 0.1659 0.1680 0.1677 0.1664 0.1657 
         192  1 0.1677 0.1669 0.1673 0.1684 0.1646 0.1651 
         193  1 0.1643 0.1686 0.1642 0.1647 0.1698 0.1685 
         194  1 0.1685 0.1653 0.1671 0.1683 0.1655 0.1653 
         195  1 0.1652 0.1680 0.1675 0.1674 0.1663 0.1657 
         196  1 0.1661 0.1677 0.1659 0.1657 0.1679 0.1667 
         197  1 0.1668 0.1674 0.1679 0.1693 0.1647 0.1638 
         198  1 0.1672 0.1671 0.1663 0.1665 0.1659 0.1669 
         199  1 0.1671 0.1647 0.1685 0.1677 0.1661 0.1659 
         200  1 0.1638 0.1648 0.1632 0.1636 0.1732 0.1712 
         201  1 0.1691 0.1664 0.1658 0.1678 0.1655 0.1654 
         202  1 0.1664 0.1672 0.1669 0.1655 0.1670 0.1670 
         203  1 0.1649 0.1662 0.1642 0.1663 0.1695 0.1688 
         204  1 0.1672 0.1668 0.1671 0.1656 0.1666 0.1667 
         205  1 0.1658 0.1654 0.1647 0.1646 0.1697 0.1698 
         206  1 0.1673 0.1683 0.1694 0.1680 0.1631 0.1639 
         207  1 0.1654 0.1663 0.1631 0.1611 0.1724 0.1717 
         208  1 0.1654 0.1664 0.1655 0.1647 0.1685 0.1695 
         209  1 0.1663 0.1677 0.1661 0.1655 0.1674 0.1671 
         210  1 0.1674 0.1672 0.1683 0.1690 0.1641 0.1639 
         211  1 0.1704 0.1644 0.1707 0.1677 0.1628 0.1640 
         212  1 0.1671 0.1682 0.1672 0.1679 0.1640 0.1658 
         213  1 0.1665 0.1678 0.1691 0.1678 0.1639 0.1649 
         214  1 0.1707 0.1646 0.1673 0.1679 0.1645 0.1650 
         215  1 0.1695 0.1683 0.1661 0.1677 0.1647 0.1637 
         216  1 0.1685 0.1665 0.1676 0.1684 0.1648 0.1641 
         217  1 0.1668 0.1654 0.1693 0.1672 0.1649 0.1663 
         218  1 0.1654 0.1673 0.1702 0.1663 0.1653 0.1655 
         219  1 0.1664 0.1672 0.1658 0.1693 0.1659 0.1654 
         220  1 0.1655 0.1671 0.1680 0.1659 0.1672 0.1663 
         221  1 0.1667 0.1658 0.1695 0.1690 0.1646 0.1644 
         222  1 0.1672 0.1675 0.1658 0.1670 0.1664 0.1661 
         223  1 0.1664 0.1678 0.1656 0.1667 0.1666 0.1668 
         224  1 0.1694 0.1646 0.1665 0.1677 0.1662 0.1657 
         225  1 0.1666 0.1669 0.1667 0.1671 0.1659 0.1667 
         226  1 0.1692 0.1655 0.1669 0.1688 0.1645 0.1651 
         227  1 0.1663 0.1669 0.1639 0.1681 0.1672 0.1676 
         228  1 0.1671 0.1673 0.1672 0.1658 0.1665 0.1660 
         229  1 0.1640 0.1678 0.1619 0.1623 0.1722 0.1718 
         230  1 0.1669 0.1669 0.1665 0.1679 0.1661 0.1657 
         231  1 0.1679 0.1672 0.1685 0.1689 0.1629 0.1645 
         232  1 0.1684 0.1661 0.1711 0.1691 0.1630 0.1622 
         233  1 0.1691 0.1672 0.1678 0.1677 0.1636 0.1646 
         234  1 0.1672 0.1663 0.1641 0.1640 0.1694 0.1689 
         235  1 0.1655 0.1672 0.1641 0.1667 0.1689 0.1676 
         236  1 0.1662 0.1660 0.1666 0.1674 0.1669 0.1670 
         237  1 0.1664 0.1661 0.1686 0.1683 0.1652 0.1654 
         238  1 0.1668 0.1662 0.1657 0.1671 0.1676 0.1665 
         239  1 0.1669 0.1671 0.1703 0.1688 0.1630 0.1638 
         240  1 0.1665 0.1668 0.1716 0.1686 0.1629 0.1636 
         241  1 0.1667 0.1650 0.1648 0.1648 0.1690 0.1697 
         242  1 0.1666 0.1658 0.1679 0.1670 0.1668 0.1659 
         243  1 0.1673 0.1691 0.1680 0.1705 0.1631 0.1620 
         244  1 0.1671 0.1682 0.1685 0.1671 0.1644 0.1649 
         245  1 0.1702 0.1665 0.1659 0.1665 0.1656 0.1654 
         246  1 0.1671 0.1665 0.1679 0.1663 0.1658 0.1663 
         247  1 0.1669 0.1665 0.1673 0.1674 0.1661 0.1658 
         248  1 0.1659 0.1668 0.1645 0.1668 0.1680 0.1680 
         249  1 0.1659 0.1668 0.1697 0.1682 0.1645 0.1649 
         250  1 0.1653 0.1661 0.1655 0.1654 0.1689 0.1688 
         251  1 0.1687 0.1648 0.1704 0.1677 0.1635 0.1648 
         252  1 0.1657 0.1679 0.1648 0.1659 0.1674 0.1683 
         253  1 0.1682 0.1656 0.1645 0.1665 0.1679 0.1674 
         254  1 0.1685 0.1661 0.1665 0.1673 0.1659 0.1657 
         255  1 0.1667 0.1664 0.1696 0.1679 0.1642 0.1653 
         256  1 0.1655 0.1678 0.1684 0.1683 0.1651 0.1648 
         257  1 0.1648 0.1671 0.1662 0.1675 0.1680 0.1664 
         258  1 0.1665 0.1670 0.1633 0.1662 0.1688 0.1681 
         259  1 0.1636 0.1677 0.1665 0.1658 0.1687 0.1678 
         260  1 0.1636 0.1670 0.1654 0.1653 0.1695 0.1691 
         261  1 0.1656 0.1669 0.1644 0.1660 0.1685 0.1686 
         262  1 0.1704 0.1659 0.1732 0.1688 0.1607 0.1610 
         263  1 0.1644 0.1671 0.1664 0.1650 0.1695 0.1676 
         264  1 0.1684 0.1649 0.1700 0.1679 0.1642 0.1647 
         265  1 0.1681 0.1676 0.1663 0.1665 0.1657 0.1658 
         266  1 0.1680 0.1662 0.1663 0.1657 0.1668 0.1669 
         267  1 0.1661 0.1679 0.1659 0.1659 0.1671 0.1670 
         268  1 0.1662 0.1666 0.1623 0.1633 0.1707 0.1709 
         269  1 0.1632 0.1665 0.1654 0.1624 0.1722 0.1702 
         270  1 0.1667 0.1667 0.1697 0.1688 0.1635 0.1646 
         271  1 0.1635 0.1676 0.1644 0.1633 0.1712 0.1699 
         272  1 0.1695 0.1673 0.1675 0.1680 0.1641 0.1636 
         273  1 0.1673 0.1663 0.1670 0.1674 0.1661 0.1659 
         274  1 0.1674 0.1651 0.1670 0.1662 0.1674 0.1668 
         275  1 0.1667 0.1684 0.1662 0.1675 0.1657 0.1655 
         276  1 0.1676 0.1655 0.1611 0.1635 0.1713 0.1710 
         277  1 0.1653 0.1691 0.1656 0.1653 0.1676 0.1671 
         278  1 0.1664 0.1683 0.1647 0.1657 0.1677 0.1673 
         279  1 0.1645 0.1660 0.1655 0.1652 0.1701 0.1686 
         280  1 0.1657 0.1676 0.1699 0.1668 0.1653 0.1647 
         281  1 0.1663 0.1654 0.1653 0.1651 0.1699 0.1680 
         282  1 0.1650 0.1677 0.1689 0.1667 0.1663 0.1655 
         283  1 0.1686 0.1673 0.1694 0.1702 0.1617 0.1628 
         284  1 0.1661 0.1680 0.1688 0.1695 0.1644 0.1632 
         285  1 0.1645 0.1673 0.1650 0.1636 0.1704 0.1692 
         286  1 0.1670 0.1667 0.1665 0.1668 0.1668 0.1662 
         287  1 0.1645 0.1652 0.1700 0.1669 0.1665 0.1669 
         288  1 0.1689 0.1678 0.1644 0.1671 0.1650 0.1667 
         289  1 0.1674 0.1660 0.1715 0.1705 0.1619 0.1627 
         290  1 0.1695 0.1662 0.1697 0.1701 0.1618 0.1628 
         291  1 0.1663 0.1670 0.1678 0.1672 0.1664 0.1653 
         292  1 0.1659 0.1664 0.1658 0.1657 0.1689 0.1672 
         293  1 0.1668 0.1669 0.1668 0.1684 0.1659 0.1653 
         294  1 0.1649 0.1663 0.1628 0.1636 0.1710 0.1715 
         295  1 0.1649 0.1652 0.1627 0.1628 0.1720 0.1724 
         296  1 0.1691 0.1661 0.1675 0.1685 0.1646 0.1642 
         297  1 0.1667 0.1665 0.1656 0.1650 0.1683 0.1679 
         298  1 0.1666 0.1662 0.1661 0.1661 0.1675 0.1675 
         299  1 0.1672 0.1675 0.1676 0.1685 0.1642 0.1650 
         300  1 0.1653 0.1672 0.1641 0.1667 0.1688 0.1679 
         301  1 0.1652 0.1664 0.1633 0.1656 0.1700 0.1695 
         302  1 0.1676 0.1690 0.1674 0.1662 0.1645 0.1652 
         303  1 0.1674 0.1675 0.1686 0.1686 0.1641 0.1639 
