           1  1 0.3026 0.3469 0.3505 
           2  1 0.3229 0.3352 0.3419 
           3  1 0.3213 0.3388 0.3398 
           4  1 0.3156 0.3412 0.3432 
           5  1 0.2979 0.3438 0.3582 
           6  1 0.3585 0.3246 0.3169 
           7  1 0.3608 0.3236 0.3156 
           8  1 0.3668 0.3206 0.3126 
           9  1 0.3161 0.3426 0.3412 
          10  1 0.3283 0.3392 0.3325 
          11  1 0.3071 0.3436 0.3493 
          12  1 0.3760 0.3205 0.3035 
          13  1 0.3627 0.3248 0.3125 
          14  1 0.3450 0.3298 0.3252 
          15  1 0.3470 0.3305 0.3225 
          16  1 0.2696 0.3522 0.3782 
          17  1 0.3414 0.3294 0.3291 
          18  1 0.3294 0.3345 0.3360 
          19  1 0.2889 0.3450 0.3662 
          20  1 0.3460 0.3274 0.3266 
          21  1 0.2620 0.3571 0.3809 
          22  1 0.3525 0.3266 0.3209 
          23  1 0.3284 0.3319 0.3397 
          24  1 0.3572 0.3245 0.3183 
          25  1 0.3703 0.3209 0.3088 
          26  1 0.3404 0.3275 0.3321 
          27  1 0.3152 0.3436 0.3412 
          28  1 0.3524 0.3270 0.3206 
          29  1 0.3003 0.3439 0.3558 
          30  1 0.3591 0.3262 0.3147 
          31  1 0.3410 0.3267 0.3323 
          32  1 0.3530 0.3249 0.3221 
          33  1 0.3250 0.3349 0.3402 
          34  1 0.3146 0.3396 0.3459 
          35  1 0.3674 0.3214 0.3111 
          36  1 0.3251 0.3372 0.3377 
          37  1 0.3824 0.3141 0.3035 
          38  1 0.3776 0.3156 0.3068 
          39  1 0.2798 0.3483 0.3719 
          40  1 0.2938 0.3451 0.3611 
          41  1 0.3242 0.3343 0.3415 
          42  1 0.3132 0.3385 0.3483 
          43  1 0.3607 0.3246 0.3147 
          44  1 0.2919 0.3484 0.3597 
          45  1 0.3219 0.3379 0.3402 
          46  1 0.3037 0.3424 0.3539 
          47  1 0.3526 0.3292 0.3183 
          48  1 0.2885 0.3537 0.3578 
          49  1 0.3943 0.3124 0.2932 
          50  1 0.3302 0.3323 0.3375 
          51  1 0.3131 0.3422 0.3447 
          52  1 0.3365 0.3328 0.3306 
          53  1 0.3369 0.3303 0.3328 
          54  1 0.3538 0.3260 0.3202 
          55  1 0.2617 0.3576 0.3807 
          56  1 0.2815 0.3530 0.3654 
          57  1 0.3632 0.3200 0.3168 
          58  1 0.3202 0.3387 0.3410 
          59  1 0.3234 0.3385 0.3380 
          60  1 0.3659 0.3247 0.3094 
          61  1 0.3105 0.3432 0.3463 
          62  1 0.3351 0.3329 0.3320 
          63  1 0.2722 0.3521 0.3757 
          64  1 0.2838 0.3498 0.3664 
          65  1 0.3488 0.3265 0.3247 
          66  1 0.3375 0.3313 0.3311 
          67  1 0.3350 0.3313 0.3337 
          68  1 0.3571 0.3232 0.3197 
          69  1 0.3266 0.3357 0.3377 
          70  1 0.3369 0.3303 0.3328 
          71  1 0.3521 0.3271 0.3208 
          72  1 0.3021 0.3430 0.3549 
          73  1 0.3206 0.3352 0.3442 
          74  1 0.3720 0.3167 0.3113 
          75  1 0.3437 0.3283 0.3280 
          76  1 0.3833 0.3099 0.3068 
          77  1 0.3647 0.3225 0.3128 
          78  1 0.3073 0.3441 0.3486 
          79  1 0.3321 0.3368 0.3311 
          80  1 0.2822 0.3475 0.3703 
          81  1 0.3646 0.3196 0.3158 
          82  1 0.3428 0.3342 0.3230 
          83  1 0.3284 0.3326 0.3390 
          84  1 0.3452 0.3294 0.3254 
          85  1 0.3770 0.3148 0.3082 
          86  1 0.3273 0.3361 0.3366 
          87  1 0.2577 0.3562 0.3861 
          88  1 0.3477 0.3299 0.3224 
          89  1 0.2890 0.3502 0.3608 
          90  1 0.3059 0.3485 0.3456 
          91  1 0.3266 0.3367 0.3368 
          92  1 0.3424 0.3285 0.3291 
          93  1 0.3307 0.3350 0.3343 
          94  1 0.3716 0.3203 0.3081 
          95  1 0.3753 0.3169 0.3078 
          96  1 0.3264 0.3357 0.3380 
          97  1 0.2729 0.3562 0.3709 
          98  1 0.3449 0.3302 0.3249 
          99  1 0.3898 0.3147 0.2955 
         100  1 0.3468 0.3311 0.3221 
         101  1 0.3703 0.3211 0.3085 
         102  1 0.3475 0.3285 0.3240 
         103  1 0.2989 0.3496 0.3515 
         104  1 0.3266 0.3336 0.3397 
         105  1 0.3213 0.3359 0.3428 
         106  1 0.2818 0.3532 0.3650 
         107  1 0.3120 0.3401 0.3479 
         108  1 0.3585 0.3250 0.3165 
         109  1 0.3353 0.3356 0.3292 
         110  1 0.2798 0.3523 0.3679 
         111  1 0.3635 0.3244 0.3122 
         112  1 0.3066 0.3465 0.3468 
         113  1 0.3253 0.3348 0.3399 
         114  1 0.3843 0.3147 0.3009 
         115  1 0.3573 0.3263 0.3164 
         116  1 0.3096 0.3415 0.3489 
         117  1 0.3348 0.3314 0.3338 
         118  1 0.3197 0.3403 0.3401 
         119  1 0.3093 0.3449 0.3458 
         120  1 0.3584 0.3251 0.3165 
         121  1 0.3417 0.3301 0.3281 
         122  1 0.2922 0.3456 0.3622 
         123  1 0.3167 0.3377 0.3455 
         124  1 0.3015 0.3453 0.3532 
         125  1 0.3346 0.3316 0.3339 
         126  1 0.3118 0.3389 0.3493 
         127  1 0.2851 0.3495 0.3654 
         128  1 0.2991 0.3479 0.3530 
         129  1 0.2859 0.3484 0.3657 
         130  1 0.3543 0.3259 0.3197 
         131  1 0.2871 0.3499 0.3631 
         132  1 0.3550 0.3283 0.3167 
         133  1 0.3511 0.3267 0.3222 
         134  1 0.3003 0.3420 0.3577 
         135  1 0.3696 0.3188 0.3116 
         136  1 0.3212 0.3339 0.3450 
         137  1 0.3689 0.3221 0.3089 
         138  1 0.3388 0.3298 0.3315 
         139  1 0.3536 0.3251 0.3213 
         140  1 0.3478 0.3230 0.3292 
         141  1 0.3311 0.3377 0.3312 
         142  1 0.2877 0.3500 0.3623 
         143  1 0.3432 0.3273 0.3295 
         144  1 0.3604 0.3235 0.3161 
         145  1 0.3336 0.3345 0.3318 
         146  1 0.3183 0.3385 0.3432 
         147  1 0.3519 0.3276 0.3205 
         148  1 0.3141 0.3389 0.3470 
         149  1 0.3118 0.3428 0.3454 
         150  1 0.3130 0.3395 0.3475 
         151  1 0.3743 0.3168 0.3089 
         152  1 0.3780 0.3179 0.3041 
         153  1 0.3933 0.3123 0.2943 
         154  1 0.3908 0.3138 0.2954 
         155  1 0.3672 0.3207 0.3121 
         156  1 0.3314 0.3356 0.3330 
         157  1 0.2936 0.3476 0.3589 
         158  1 0.3300 0.3337 0.3363 
         159  1 0.3712 0.3183 0.3105 
         160  1 0.3369 0.3324 0.3307 
         161  1 0.3056 0.3451 0.3492 
         162  1 0.3427 0.3296 0.3277 
         163  1 0.3739 0.3172 0.3089 
         164  1 0.3001 0.3474 0.3525 
         165  1 0.3543 0.3278 0.3179 
         166  1 0.3731 0.3193 0.3076 
         167  1 0.3308 0.3355 0.3338 
         168  1 0.3345 0.3338 0.3316 
         169  1 0.3488 0.3314 0.3198 
         170  1 0.3481 0.3278 0.3241 
         171  1 0.3363 0.3302 0.3335 
         172  1 0.3118 0.3412 0.3470 
         173  1 0.3205 0.3418 0.3377 
         174  1 0.3485 0.3224 0.3291 
         175  1 0.2820 0.3480 0.3700 
         176  1 0.3582 0.3251 0.3167 
         177  1 0.3340 0.3310 0.3350 
         178  1 0.3313 0.3292 0.3396 
         179  1 0.3276 0.3376 0.3348 
         180  1 0.3065 0.3454 0.3480 
         181  1 0.3405 0.3320 0.3275 
         182  1 0.3321 0.3330 0.3349 
         183  1 0.3497 0.3230 0.3273 
         184  1 0.2818 0.3496 0.3686 
         185  1 0.3672 0.3213 0.3114 
         186  1 0.3330 0.3322 0.3348 
         187  1 0.2970 0.3460 0.3570 
         188  1 0.3403 0.3315 0.3282 
         189  1 0.3509 0.3275 0.3216 
         190  1 0.3480 0.3274 0.3246 
         191  1 0.3520 0.3293 0.3187 
         192  1 0.3346 0.3328 0.3326 
         193  1 0.2932 0.3512 0.3556 
         194  1 0.3563 0.3238 0.3199 
         195  1 0.3517 0.3285 0.3198 
         196  1 0.3441 0.3264 0.3295 
         197  1 0.3536 0.3232 0.3232 
         198  1 0.3323 0.3306 0.3371 
         199  1 0.3383 0.3346 0.3270 
         200  1 0.2902 0.3497 0.3600 
         201  1 0.3381 0.3308 0.3311 
         202  1 0.3271 0.3381 0.3349 
         203  1 0.3209 0.3339 0.3452 
         204  1 0.3483 0.3290 0.3227 
         205  1 0.3027 0.3437 0.3536 
         206  1 0.3602 0.3271 0.3127 
         207  1 0.2868 0.3480 0.3652 
         208  1 0.2867 0.3473 0.3660 
         209  1 0.3443 0.3289 0.3269 
         210  1 0.3436 0.3317 0.3247 
         211  1 0.3731 0.3214 0.3055 
         212  1 0.3781 0.3163 0.3056 
         213  1 0.3676 0.3221 0.3103 
         214  1 0.3533 0.3267 0.3200 
         215  1 0.3708 0.3169 0.3123 
         216  1 0.3424 0.3321 0.3255 
         217  1 0.3298 0.3381 0.3321 
         218  1 0.3437 0.3293 0.3271 
         219  1 0.3575 0.3218 0.3207 
         220  1 0.3380 0.3302 0.3319 
         221  1 0.3753 0.3149 0.3098 
         222  1 0.3032 0.3443 0.3525 
         223  1 0.3421 0.3293 0.3286 
         224  1 0.3381 0.3319 0.3300 
         225  1 0.3203 0.3401 0.3397 
         226  1 0.3567 0.3261 0.3172 
         227  1 0.3449 0.3252 0.3299 
         228  1 0.3712 0.3213 0.3076 
         229  1 0.2914 0.3454 0.3632 
         230  1 0.3263 0.3357 0.3379 
         231  1 0.3732 0.3192 0.3076 
         232  1 0.3807 0.3170 0.3023 
         233  1 0.3677 0.3180 0.3144 
         234  1 0.3051 0.3466 0.3482 
         235  1 0.3086 0.3404 0.3510 
         236  1 0.3290 0.3358 0.3353 
         237  1 0.3331 0.3367 0.3302 
         238  1 0.3434 0.3295 0.3271 
         239  1 0.3671 0.3230 0.3098 
         240  1 0.3839 0.3165 0.2996 
         241  1 0.2954 0.3491 0.3554 
         242  1 0.3438 0.3281 0.3281 
         243  1 0.3729 0.3192 0.3079 
         244  1 0.3700 0.3216 0.3084 
         245  1 0.3338 0.3345 0.3317 
         246  1 0.3405 0.3342 0.3253 
         247  1 0.3508 0.3268 0.3224 
         248  1 0.3137 0.3404 0.3459 
         249  1 0.3485 0.3316 0.3198 
         250  1 0.2963 0.3465 0.3572 
         251  1 0.3445 0.3312 0.3243 
         252  1 0.3337 0.3317 0.3347 
         253  1 0.3286 0.3357 0.3357 
         254  1 0.3635 0.3232 0.3134 
         255  1 0.3568 0.3248 0.3184 
         256  1 0.3625 0.3216 0.3159 
         257  1 0.3262 0.3359 0.3379 
         258  1 0.3032 0.3474 0.3493 
         259  1 0.3076 0.3412 0.3512 
         260  1 0.3215 0.3361 0.3425 
         261  1 0.3102 0.3402 0.3495 
         262  1 0.4039 0.3111 0.2849 
         263  1 0.3209 0.3369 0.3422 
         264  1 0.3615 0.3235 0.3150 
         265  1 0.3377 0.3329 0.3293 
         266  1 0.3278 0.3368 0.3354 
         267  1 0.3145 0.3358 0.3497 
         268  1 0.2924 0.3491 0.3584 
         269  1 0.2831 0.3540 0.3629 
         270  1 0.3484 0.3303 0.3213 
         271  1 0.2946 0.3468 0.3585 
         272  1 0.3495 0.3276 0.3229 
         273  1 0.3473 0.3285 0.3242 
         274  1 0.3257 0.3372 0.3371 
         275  1 0.3465 0.3286 0.3249 
         276  1 0.2747 0.3526 0.3727 
         277  1 0.3178 0.3372 0.3450 
         278  1 0.3258 0.3346 0.3395 
         279  1 0.3058 0.3408 0.3534 
         280  1 0.3486 0.3264 0.3251 
         281  1 0.3092 0.3443 0.3465 
         282  1 0.3662 0.3225 0.3114 
         283  1 0.4071 0.3051 0.2878 
         284  1 0.3666 0.3198 0.3136 
         285  1 0.3047 0.3452 0.3501 
         286  1 0.3412 0.3309 0.3279 
         287  1 0.3333 0.3332 0.3335 
         288  1 0.3415 0.3307 0.3278 
         289  1 0.3637 0.3251 0.3112 
         290  1 0.3667 0.3228 0.3105 
         291  1 0.3331 0.3322 0.3347 
         292  1 0.3037 0.3443 0.3520 
         293  1 0.3203 0.3398 0.3398 
         294  1 0.2727 0.3540 0.3733 
         295  1 0.2880 0.3492 0.3628 
         296  1 0.3538 0.3267 0.3195 
         297  1 0.3167 0.3404 0.3428 
         298  1 0.3289 0.3339 0.3372 
         299  1 0.3546 0.3276 0.3178 
         300  1 0.3236 0.3382 0.3382 
         301  1 0.3130 0.3336 0.3534 
         302  1 0.3736 0.3165 0.3099 
         303  1 0.3418 0.3316 0.3265 
