           1  1 0.2439 0.2540 0.2459 0.2562 
           2  1 0.2519 0.2493 0.2461 0.2527 
           3  1 0.2491 0.2503 0.2449 0.2557 
           4  1 0.2458 0.2539 0.2433 0.2571 
           5  1 0.2448 0.2543 0.2427 0.2583 
           6  1 0.2543 0.2453 0.2561 0.2443 
           7  1 0.2562 0.2480 0.2527 0.2431 
           8  1 0.2549 0.2477 0.2508 0.2466 
           9  1 0.2468 0.2501 0.2502 0.2530 
          10  1 0.2500 0.2474 0.2519 0.2507 
          11  1 0.2468 0.2505 0.2451 0.2577 
          12  1 0.2546 0.2477 0.2598 0.2380 
          13  1 0.2561 0.2502 0.2532 0.2405 
          14  1 0.2539 0.2485 0.2502 0.2474 
          15  1 0.2536 0.2495 0.2532 0.2437 
          16  1 0.2398 0.2576 0.2369 0.2656 
          17  1 0.2545 0.2493 0.2518 0.2444 
          18  1 0.2513 0.2515 0.2474 0.2497 
          19  1 0.2397 0.2554 0.2432 0.2618 
          20  1 0.2534 0.2478 0.2542 0.2446 
          21  1 0.2342 0.2610 0.2280 0.2767 
          22  1 0.2560 0.2474 0.2542 0.2424 
          23  1 0.2505 0.2497 0.2518 0.2479 
          24  1 0.2567 0.2469 0.2516 0.2448 
          25  1 0.2551 0.2486 0.2518 0.2444 
          26  1 0.2510 0.2475 0.2526 0.2489 
          27  1 0.2472 0.2499 0.2484 0.2545 
          28  1 0.2547 0.2482 0.2528 0.2443 
          29  1 0.2444 0.2538 0.2392 0.2625 
          30  1 0.2531 0.2458 0.2576 0.2436 
          31  1 0.2486 0.2507 0.2480 0.2528 
          32  1 0.2535 0.2458 0.2545 0.2461 
          33  1 0.2501 0.2484 0.2496 0.2519 
          34  1 0.2476 0.2523 0.2466 0.2535 
          35  1 0.2542 0.2496 0.2561 0.2401 
          36  1 0.2482 0.2489 0.2489 0.2540 
          37  1 0.2548 0.2462 0.2603 0.2387 
          38  1 0.2542 0.2455 0.2584 0.2419 
          39  1 0.2412 0.2562 0.2362 0.2663 
          40  1 0.2451 0.2533 0.2415 0.2601 
          41  1 0.2475 0.2518 0.2495 0.2512 
          42  1 0.2485 0.2528 0.2477 0.2510 
          43  1 0.2544 0.2492 0.2527 0.2437 
          44  1 0.2429 0.2539 0.2397 0.2635 
          45  1 0.2508 0.2512 0.2477 0.2502 
          46  1 0.2464 0.2522 0.2456 0.2557 
          47  1 0.2545 0.2457 0.2566 0.2432 
          48  1 0.2426 0.2563 0.2424 0.2587 
          49  1 0.2614 0.2468 0.2567 0.2351 
          50  1 0.2474 0.2499 0.2509 0.2519 
          51  1 0.2490 0.2525 0.2439 0.2547 
          52  1 0.2524 0.2498 0.2510 0.2468 
          53  1 0.2505 0.2487 0.2488 0.2520 
          54  1 0.2537 0.2474 0.2533 0.2456 
          55  1 0.2339 0.2589 0.2331 0.2741 
          56  1 0.2444 0.2529 0.2412 0.2615 
          57  1 0.2516 0.2483 0.2538 0.2463 
          58  1 0.2476 0.2523 0.2495 0.2506 
          59  1 0.2522 0.2493 0.2483 0.2501 
          60  1 0.2551 0.2472 0.2555 0.2422 
          61  1 0.2508 0.2492 0.2483 0.2517 
          62  1 0.2504 0.2487 0.2519 0.2490 
          63  1 0.2409 0.2546 0.2409 0.2636 
          64  1 0.2433 0.2572 0.2367 0.2629 
          65  1 0.2524 0.2502 0.2510 0.2464 
          66  1 0.2500 0.2517 0.2497 0.2486 
          67  1 0.2513 0.2492 0.2488 0.2507 
          68  1 0.2523 0.2492 0.2513 0.2472 
          69  1 0.2475 0.2544 0.2438 0.2543 
          70  1 0.2493 0.2492 0.2513 0.2501 
          71  1 0.2519 0.2486 0.2550 0.2445 
          72  1 0.2455 0.2532 0.2452 0.2561 
          73  1 0.2482 0.2507 0.2467 0.2545 
          74  1 0.2551 0.2456 0.2601 0.2392 
          75  1 0.2492 0.2484 0.2520 0.2505 
          76  1 0.2540 0.2470 0.2571 0.2419 
          77  1 0.2549 0.2503 0.2529 0.2419 
          78  1 0.2457 0.2520 0.2460 0.2563 
          79  1 0.2532 0.2490 0.2505 0.2473 
          80  1 0.2419 0.2529 0.2432 0.2621 
          81  1 0.2534 0.2483 0.2553 0.2430 
          82  1 0.2518 0.2464 0.2556 0.2462 
          83  1 0.2515 0.2513 0.2452 0.2519 
          84  1 0.2502 0.2484 0.2532 0.2482 
          85  1 0.2498 0.2496 0.2577 0.2429 
          86  1 0.2473 0.2501 0.2504 0.2521 
          87  1 0.2334 0.2584 0.2338 0.2744 
          88  1 0.2526 0.2483 0.2528 0.2463 
          89  1 0.2453 0.2566 0.2409 0.2572 
          90  1 0.2462 0.2535 0.2443 0.2559 
          91  1 0.2511 0.2482 0.2524 0.2482 
          92  1 0.2521 0.2482 0.2507 0.2490 
          93  1 0.2515 0.2497 0.2486 0.2503 
          94  1 0.2568 0.2450 0.2562 0.2421 
          95  1 0.2554 0.2481 0.2563 0.2402 
          96  1 0.2518 0.2479 0.2518 0.2486 
          97  1 0.2372 0.2605 0.2337 0.2686 
          98  1 0.2533 0.2464 0.2548 0.2455 
          99  1 0.2591 0.2478 0.2564 0.2367 
         100  1 0.2518 0.2494 0.2508 0.2479 
         101  1 0.2521 0.2482 0.2570 0.2427 
         102  1 0.2518 0.2471 0.2549 0.2462 
         103  1 0.2442 0.2544 0.2441 0.2572 
         104  1 0.2493 0.2517 0.2501 0.2489 
         105  1 0.2480 0.2498 0.2455 0.2567 
         106  1 0.2433 0.2507 0.2435 0.2625 
         107  1 0.2444 0.2552 0.2405 0.2599 
         108  1 0.2473 0.2522 0.2531 0.2474 
         109  1 0.2522 0.2481 0.2505 0.2491 
         110  1 0.2396 0.2536 0.2398 0.2670 
         111  1 0.2538 0.2456 0.2580 0.2426 
         112  1 0.2501 0.2526 0.2452 0.2521 
         113  1 0.2467 0.2515 0.2486 0.2532 
         114  1 0.2556 0.2461 0.2596 0.2386 
         115  1 0.2529 0.2451 0.2564 0.2455 
         116  1 0.2460 0.2523 0.2462 0.2555 
         117  1 0.2504 0.2504 0.2466 0.2526 
         118  1 0.2495 0.2519 0.2484 0.2502 
         119  1 0.2467 0.2504 0.2485 0.2544 
         120  1 0.2518 0.2488 0.2545 0.2449 
         121  1 0.2506 0.2487 0.2541 0.2466 
         122  1 0.2436 0.2539 0.2411 0.2615 
         123  1 0.2495 0.2498 0.2468 0.2539 
         124  1 0.2447 0.2540 0.2409 0.2604 
         125  1 0.2476 0.2513 0.2502 0.2510 
         126  1 0.2473 0.2494 0.2480 0.2553 
         127  1 0.2423 0.2543 0.2393 0.2641 
         128  1 0.2445 0.2521 0.2449 0.2585 
         129  1 0.2413 0.2560 0.2400 0.2627 
         130  1 0.2526 0.2473 0.2546 0.2455 
         131  1 0.2415 0.2558 0.2392 0.2635 
         132  1 0.2508 0.2476 0.2540 0.2476 
         133  1 0.2533 0.2494 0.2539 0.2434 
         134  1 0.2449 0.2529 0.2459 0.2562 
         135  1 0.2541 0.2481 0.2546 0.2432 
         136  1 0.2478 0.2501 0.2480 0.2541 
         137  1 0.2556 0.2476 0.2548 0.2420 
         138  1 0.2533 0.2471 0.2515 0.2481 
         139  1 0.2512 0.2491 0.2508 0.2490 
         140  1 0.2457 0.2503 0.2521 0.2518 
         141  1 0.2540 0.2465 0.2522 0.2473 
         142  1 0.2432 0.2546 0.2379 0.2643 
         143  1 0.2475 0.2507 0.2508 0.2510 
         144  1 0.2568 0.2440 0.2571 0.2422 
         145  1 0.2494 0.2520 0.2475 0.2511 
         146  1 0.2502 0.2526 0.2460 0.2512 
         147  1 0.2519 0.2498 0.2544 0.2439 
         148  1 0.2443 0.2547 0.2432 0.2578 
         149  1 0.2515 0.2485 0.2494 0.2507 
         150  1 0.2513 0.2482 0.2483 0.2522 
         151  1 0.2542 0.2468 0.2549 0.2440 
         152  1 0.2584 0.2471 0.2568 0.2377 
         153  1 0.2541 0.2494 0.2562 0.2403 
         154  1 0.2586 0.2449 0.2598 0.2367 
         155  1 0.2538 0.2483 0.2535 0.2444 
         156  1 0.2490 0.2509 0.2528 0.2474 
         157  1 0.2456 0.2504 0.2452 0.2588 
         158  1 0.2483 0.2508 0.2493 0.2517 
         159  1 0.2529 0.2472 0.2561 0.2438 
         160  1 0.2520 0.2484 0.2525 0.2471 
         161  1 0.2462 0.2540 0.2424 0.2573 
         162  1 0.2489 0.2503 0.2509 0.2498 
         163  1 0.2547 0.2462 0.2568 0.2423 
         164  1 0.2464 0.2553 0.2398 0.2585 
         165  1 0.2531 0.2464 0.2563 0.2441 
         166  1 0.2556 0.2441 0.2579 0.2424 
         167  1 0.2504 0.2501 0.2518 0.2477 
         168  1 0.2505 0.2487 0.2536 0.2473 
         169  1 0.2510 0.2500 0.2499 0.2492 
         170  1 0.2491 0.2485 0.2532 0.2492 
         171  1 0.2514 0.2475 0.2539 0.2472 
         172  1 0.2467 0.2525 0.2440 0.2567 
         173  1 0.2502 0.2466 0.2533 0.2499 
         174  1 0.2498 0.2491 0.2517 0.2494 
         175  1 0.2438 0.2571 0.2377 0.2613 
         176  1 0.2560 0.2479 0.2550 0.2411 
         177  1 0.2441 0.2526 0.2492 0.2540 
         178  1 0.2516 0.2500 0.2476 0.2507 
         179  1 0.2477 0.2515 0.2477 0.2530 
         180  1 0.2488 0.2530 0.2440 0.2542 
         181  1 0.2533 0.2494 0.2504 0.2469 
         182  1 0.2527 0.2481 0.2478 0.2514 
         183  1 0.2522 0.2461 0.2569 0.2447 
         184  1 0.2426 0.2564 0.2378 0.2632 
         185  1 0.2556 0.2428 0.2597 0.2420 
         186  1 0.2516 0.2484 0.2511 0.2490 
         187  1 0.2441 0.2537 0.2432 0.2591 
         188  1 0.2532 0.2487 0.2496 0.2485 
         189  1 0.2544 0.2486 0.2554 0.2415 
         190  1 0.2535 0.2475 0.2533 0.2457 
         191  1 0.2545 0.2485 0.2525 0.2445 
         192  1 0.2529 0.2512 0.2478 0.2482 
         193  1 0.2476 0.2508 0.2447 0.2569 
         194  1 0.2523 0.2464 0.2560 0.2453 
         195  1 0.2509 0.2499 0.2536 0.2457 
         196  1 0.2489 0.2485 0.2528 0.2498 
         197  1 0.2538 0.2485 0.2522 0.2456 
         198  1 0.2492 0.2475 0.2552 0.2481 
         199  1 0.2499 0.2481 0.2533 0.2487 
         200  1 0.2407 0.2543 0.2427 0.2623 
         201  1 0.2511 0.2461 0.2523 0.2505 
         202  1 0.2499 0.2493 0.2489 0.2519 
         203  1 0.2454 0.2525 0.2471 0.2550 
         204  1 0.2539 0.2506 0.2511 0.2443 
         205  1 0.2479 0.2532 0.2410 0.2579 
         206  1 0.2518 0.2506 0.2554 0.2422 
         207  1 0.2395 0.2542 0.2400 0.2664 
         208  1 0.2446 0.2544 0.2408 0.2602 
         209  1 0.2506 0.2482 0.2527 0.2485 
         210  1 0.2562 0.2472 0.2519 0.2447 
         211  1 0.2564 0.2461 0.2574 0.2400 
         212  1 0.2533 0.2473 0.2560 0.2434 
         213  1 0.2553 0.2465 0.2564 0.2418 
         214  1 0.2542 0.2473 0.2559 0.2426 
         215  1 0.2518 0.2478 0.2566 0.2439 
         216  1 0.2526 0.2471 0.2537 0.2466 
         217  1 0.2530 0.2513 0.2462 0.2494 
         218  1 0.2554 0.2500 0.2485 0.2461 
         219  1 0.2500 0.2498 0.2530 0.2472 
         220  1 0.2507 0.2492 0.2485 0.2516 
         221  1 0.2535 0.2478 0.2529 0.2457 
         222  1 0.2490 0.2503 0.2467 0.2540 
         223  1 0.2501 0.2503 0.2522 0.2474 
         224  1 0.2521 0.2512 0.2498 0.2469 
         225  1 0.2494 0.2502 0.2498 0.2507 
         226  1 0.2514 0.2470 0.2577 0.2438 
         227  1 0.2489 0.2521 0.2485 0.2506 
         228  1 0.2507 0.2487 0.2558 0.2448 
         229  1 0.2424 0.2548 0.2375 0.2653 
         230  1 0.2498 0.2511 0.2522 0.2469 
         231  1 0.2546 0.2485 0.2553 0.2416 
         232  1 0.2576 0.2431 0.2583 0.2409 
         233  1 0.2547 0.2460 0.2572 0.2421 
         234  1 0.2464 0.2511 0.2457 0.2567 
         235  1 0.2482 0.2528 0.2462 0.2528 
         236  1 0.2503 0.2504 0.2477 0.2517 
         237  1 0.2517 0.2512 0.2496 0.2476 
         238  1 0.2533 0.2474 0.2517 0.2475 
         239  1 0.2521 0.2475 0.2574 0.2430 
         240  1 0.2581 0.2488 0.2548 0.2383 
         241  1 0.2445 0.2529 0.2422 0.2603 
         242  1 0.2495 0.2478 0.2544 0.2482 
         243  1 0.2543 0.2464 0.2582 0.2411 
         244  1 0.2540 0.2468 0.2575 0.2417 
         245  1 0.2514 0.2490 0.2524 0.2473 
         246  1 0.2527 0.2506 0.2501 0.2466 
         247  1 0.2497 0.2516 0.2512 0.2475 
         248  1 0.2475 0.2513 0.2465 0.2548 
         249  1 0.2542 0.2472 0.2545 0.2441 
         250  1 0.2465 0.2543 0.2425 0.2567 
         251  1 0.2545 0.2481 0.2516 0.2457 
         252  1 0.2496 0.2481 0.2498 0.2525 
         253  1 0.2491 0.2481 0.2496 0.2533 
         254  1 0.2541 0.2465 0.2551 0.2442 
         255  1 0.2544 0.2488 0.2541 0.2427 
         256  1 0.2524 0.2485 0.2550 0.2441 
         257  1 0.2497 0.2508 0.2521 0.2473 
         258  1 0.2478 0.2508 0.2468 0.2546 
         259  1 0.2483 0.2516 0.2440 0.2561 
         260  1 0.2449 0.2526 0.2489 0.2536 
         261  1 0.2436 0.2546 0.2443 0.2575 
         262  1 0.2616 0.2445 0.2611 0.2329 
         263  1 0.2472 0.2512 0.2451 0.2564 
         264  1 0.2544 0.2493 0.2545 0.2418 
         265  1 0.2491 0.2510 0.2511 0.2488 
         266  1 0.2501 0.2523 0.2470 0.2506 
         267  1 0.2474 0.2502 0.2478 0.2547 
         268  1 0.2430 0.2542 0.2427 0.2601 
         269  1 0.2405 0.2547 0.2403 0.2645 
         270  1 0.2536 0.2490 0.2522 0.2452 
         271  1 0.2442 0.2553 0.2394 0.2611 
         272  1 0.2533 0.2479 0.2559 0.2428 
         273  1 0.2535 0.2480 0.2509 0.2476 
         274  1 0.2507 0.2487 0.2486 0.2519 
         275  1 0.2498 0.2470 0.2574 0.2457 
         276  1 0.2434 0.2552 0.2412 0.2602 
         277  1 0.2476 0.2503 0.2474 0.2547 
         278  1 0.2472 0.2520 0.2498 0.2510 
         279  1 0.2430 0.2530 0.2489 0.2551 
         280  1 0.2527 0.2501 0.2527 0.2444 
         281  1 0.2458 0.2525 0.2448 0.2569 
         282  1 0.2498 0.2500 0.2541 0.2460 
         283  1 0.2583 0.2450 0.2607 0.2360 
         284  1 0.2539 0.2489 0.2552 0.2420 
         285  1 0.2455 0.2521 0.2443 0.2581 
         286  1 0.2512 0.2491 0.2517 0.2479 
         287  1 0.2480 0.2519 0.2485 0.2516 
         288  1 0.2493 0.2483 0.2557 0.2467 
         289  1 0.2558 0.2467 0.2549 0.2426 
         290  1 0.2551 0.2477 0.2572 0.2400 
         291  1 0.2513 0.2490 0.2521 0.2477 
         292  1 0.2474 0.2528 0.2451 0.2546 
         293  1 0.2521 0.2482 0.2502 0.2495 
         294  1 0.2395 0.2580 0.2371 0.2655 
         295  1 0.2431 0.2536 0.2412 0.2622 
         296  1 0.2538 0.2483 0.2551 0.2428 
         297  1 0.2475 0.2520 0.2458 0.2546 
         298  1 0.2496 0.2502 0.2485 0.2517 
         299  1 0.2481 0.2482 0.2602 0.2434 
         300  1 0.2484 0.2510 0.2492 0.2514 
         301  1 0.2442 0.2554 0.2432 0.2572 
         302  1 0.2537 0.2452 0.2589 0.2422 
         303  1 0.2525 0.2477 0.2537 0.2461 
