           1  1 0.1100 0.1117 0.1115 0.1116 0.1110 0.1097 0.1118 0.1108 0.1118 
           2  1 0.1108 0.1097 0.1119 0.1120 0.1101 0.1120 0.1120 0.1108 0.1108 
           3  1 0.1110 0.1117 0.1113 0.1108 0.1107 0.1100 0.1118 0.1121 0.1106 
           4  1 0.1092 0.1112 0.1124 0.1113 0.1110 0.1088 0.1137 0.1123 0.1102 
           5  1 0.1075 0.1114 0.1121 0.1111 0.1121 0.1106 0.1137 0.1116 0.1100 
           6  1 0.1125 0.1106 0.1102 0.1116 0.1114 0.1116 0.1092 0.1108 0.1122 
           7  1 0.1124 0.1134 0.1100 0.1098 0.1102 0.1156 0.1104 0.1086 0.1096 
           8  1 0.1114 0.1106 0.1113 0.1118 0.1103 0.1134 0.1122 0.1097 0.1094 
           9  1 0.1108 0.1090 0.1124 0.1110 0.1121 0.1096 0.1118 0.1117 0.1116 
          10  1 0.1114 0.1110 0.1113 0.1108 0.1108 0.1107 0.1099 0.1111 0.1130 
          11  1 0.1101 0.1113 0.1119 0.1115 0.1116 0.1093 0.1124 0.1114 0.1105 
          12  1 0.1142 0.1123 0.1104 0.1090 0.1099 0.1147 0.1101 0.1096 0.1098 
          13  1 0.1148 0.1118 0.1095 0.1100 0.1103 0.1147 0.1090 0.1097 0.1101 
          14  1 0.1124 0.1114 0.1097 0.1097 0.1113 0.1134 0.1113 0.1107 0.1100 
          15  1 0.1130 0.1125 0.1112 0.1100 0.1098 0.1143 0.1098 0.1089 0.1104 
          16  1 0.1063 0.1110 0.1124 0.1128 0.1124 0.1077 0.1137 0.1131 0.1106 
          17  1 0.1118 0.1121 0.1102 0.1100 0.1094 0.1166 0.1096 0.1096 0.1108 
          18  1 0.1108 0.1121 0.1123 0.1111 0.1107 0.1103 0.1096 0.1112 0.1120 
          19  1 0.1092 0.1113 0.1117 0.1116 0.1130 0.1073 0.1119 0.1117 0.1122 
          20  1 0.1125 0.1115 0.1111 0.1119 0.1101 0.1098 0.1102 0.1116 0.1112 
          21  1 0.1055 0.1127 0.1108 0.1120 0.1105 0.1105 0.1129 0.1133 0.1119 
          22  1 0.1146 0.1108 0.1115 0.1118 0.1102 0.1097 0.1103 0.1099 0.1113 
          23  1 0.1141 0.1129 0.1109 0.1112 0.1108 0.1096 0.1103 0.1097 0.1104 
          24  1 0.1136 0.1107 0.1091 0.1111 0.1114 0.1122 0.1100 0.1104 0.1116 
          25  1 0.1131 0.1126 0.1094 0.1106 0.1102 0.1144 0.1108 0.1093 0.1097 
          26  1 0.1114 0.1118 0.1115 0.1097 0.1113 0.1111 0.1118 0.1112 0.1101 
          27  1 0.1118 0.1107 0.1113 0.1109 0.1124 0.1082 0.1109 0.1120 0.1118 
          28  1 0.1134 0.1112 0.1101 0.1110 0.1109 0.1135 0.1100 0.1096 0.1103 
          29  1 0.1067 0.1106 0.1115 0.1127 0.1105 0.1116 0.1130 0.1116 0.1118 
          30  1 0.1142 0.1104 0.1094 0.1104 0.1120 0.1115 0.1105 0.1107 0.1109 
          31  1 0.1096 0.1120 0.1114 0.1101 0.1109 0.1110 0.1119 0.1112 0.1119 
          32  1 0.1128 0.1101 0.1120 0.1111 0.1116 0.1105 0.1100 0.1112 0.1108 
          33  1 0.1103 0.1123 0.1121 0.1101 0.1113 0.1100 0.1120 0.1115 0.1105 
          34  1 0.1101 0.1103 0.1131 0.1097 0.1108 0.1119 0.1126 0.1123 0.1092 
          35  1 0.1118 0.1103 0.1103 0.1107 0.1104 0.1147 0.1106 0.1110 0.1102 
          36  1 0.1099 0.1114 0.1107 0.1109 0.1122 0.1113 0.1109 0.1121 0.1106 
          37  1 0.1155 0.1109 0.1107 0.1111 0.1105 0.1110 0.1103 0.1099 0.1101 
          38  1 0.1137 0.1107 0.1103 0.1111 0.1106 0.1121 0.1094 0.1093 0.1128 
          39  1 0.1064 0.1125 0.1124 0.1115 0.1116 0.1098 0.1128 0.1123 0.1108 
          40  1 0.1093 0.1104 0.1122 0.1109 0.1111 0.1100 0.1123 0.1127 0.1112 
          41  1 0.1098 0.1107 0.1107 0.1116 0.1108 0.1103 0.1122 0.1123 0.1114 
          42  1 0.1106 0.1108 0.1123 0.1119 0.1104 0.1103 0.1116 0.1110 0.1111 
          43  1 0.1114 0.1108 0.1108 0.1112 0.1112 0.1123 0.1112 0.1112 0.1099 
          44  1 0.1084 0.1107 0.1113 0.1118 0.1128 0.1096 0.1113 0.1127 0.1113 
          45  1 0.1101 0.1131 0.1107 0.1103 0.1100 0.1110 0.1109 0.1106 0.1133 
          46  1 0.1110 0.1083 0.1121 0.1122 0.1117 0.1091 0.1120 0.1119 0.1117 
          47  1 0.1129 0.1119 0.1108 0.1107 0.1116 0.1103 0.1099 0.1109 0.1109 
          48  1 0.1091 0.1102 0.1106 0.1108 0.1132 0.1097 0.1117 0.1123 0.1123 
          49  1 0.1164 0.1146 0.1074 0.1077 0.1085 0.1214 0.1076 0.1075 0.1088 
          50  1 0.1105 0.1115 0.1108 0.1111 0.1119 0.1090 0.1117 0.1115 0.1121 
          51  1 0.1096 0.1107 0.1110 0.1110 0.1115 0.1107 0.1114 0.1115 0.1125 
          52  1 0.1125 0.1099 0.1113 0.1110 0.1118 0.1130 0.1105 0.1103 0.1097 
          53  1 0.1100 0.1120 0.1109 0.1108 0.1113 0.1113 0.1094 0.1116 0.1127 
          54  1 0.1138 0.1086 0.1113 0.1112 0.1121 0.1103 0.1113 0.1112 0.1102 
          55  1 0.1069 0.1106 0.1123 0.1121 0.1126 0.1064 0.1128 0.1138 0.1125 
          56  1 0.1081 0.1113 0.1131 0.1118 0.1118 0.1090 0.1124 0.1118 0.1106 
          57  1 0.1122 0.1115 0.1109 0.1101 0.1106 0.1115 0.1107 0.1099 0.1125 
          58  1 0.1114 0.1098 0.1107 0.1108 0.1116 0.1103 0.1109 0.1111 0.1135 
          59  1 0.1106 0.1123 0.1109 0.1105 0.1098 0.1139 0.1115 0.1106 0.1099 
          60  1 0.1140 0.1136 0.1091 0.1115 0.1099 0.1141 0.1082 0.1071 0.1125 
          61  1 0.1099 0.1107 0.1110 0.1123 0.1106 0.1109 0.1105 0.1110 0.1130 
          62  1 0.1116 0.1112 0.1108 0.1105 0.1115 0.1098 0.1111 0.1116 0.1118 
          63  1 0.1059 0.1108 0.1124 0.1126 0.1118 0.1089 0.1130 0.1132 0.1113 
          64  1 0.1075 0.1134 0.1107 0.1119 0.1103 0.1105 0.1118 0.1120 0.1119 
          65  1 0.1130 0.1110 0.1109 0.1122 0.1104 0.1108 0.1103 0.1109 0.1105 
          66  1 0.1122 0.1103 0.1098 0.1116 0.1112 0.1134 0.1113 0.1106 0.1096 
          67  1 0.1095 0.1105 0.1115 0.1127 0.1107 0.1115 0.1115 0.1112 0.1108 
          68  1 0.1101 0.1131 0.1105 0.1115 0.1097 0.1138 0.1099 0.1105 0.1109 
          69  1 0.1123 0.1106 0.1101 0.1109 0.1111 0.1122 0.1111 0.1112 0.1106 
          70  1 0.1115 0.1115 0.1113 0.1108 0.1115 0.1097 0.1108 0.1108 0.1122 
          71  1 0.1144 0.1115 0.1104 0.1109 0.1116 0.1102 0.1106 0.1096 0.1109 
          72  1 0.1110 0.1106 0.1121 0.1120 0.1108 0.1088 0.1120 0.1119 0.1107 
          73  1 0.1087 0.1135 0.1114 0.1108 0.1106 0.1092 0.1115 0.1120 0.1122 
          74  1 0.1134 0.1114 0.1118 0.1097 0.1119 0.1106 0.1098 0.1104 0.1110 
          75  1 0.1114 0.1089 0.1112 0.1114 0.1124 0.1110 0.1109 0.1111 0.1117 
          76  1 0.1126 0.1120 0.1091 0.1104 0.1104 0.1145 0.1092 0.1099 0.1119 
          77  1 0.1133 0.1123 0.1100 0.1099 0.1103 0.1148 0.1102 0.1100 0.1091 
          78  1 0.1096 0.1120 0.1120 0.1102 0.1116 0.1091 0.1120 0.1109 0.1127 
          79  1 0.1113 0.1122 0.1107 0.1112 0.1110 0.1111 0.1102 0.1107 0.1116 
          80  1 0.1092 0.1091 0.1131 0.1126 0.1118 0.1066 0.1131 0.1136 0.1108 
          81  1 0.1113 0.1120 0.1099 0.1107 0.1109 0.1125 0.1099 0.1098 0.1129 
          82  1 0.1118 0.1115 0.1116 0.1102 0.1119 0.1098 0.1101 0.1116 0.1114 
          83  1 0.1108 0.1123 0.1099 0.1115 0.1108 0.1114 0.1107 0.1111 0.1117 
          84  1 0.1107 0.1117 0.1114 0.1115 0.1113 0.1096 0.1111 0.1115 0.1113 
          85  1 0.1112 0.1092 0.1104 0.1117 0.1107 0.1130 0.1115 0.1110 0.1113 
          86  1 0.1098 0.1122 0.1116 0.1115 0.1107 0.1100 0.1116 0.1114 0.1112 
          87  1 0.1055 0.1104 0.1124 0.1117 0.1126 0.1073 0.1146 0.1140 0.1115 
          88  1 0.1126 0.1109 0.1111 0.1112 0.1104 0.1106 0.1103 0.1100 0.1129 
          89  1 0.1097 0.1102 0.1127 0.1105 0.1118 0.1097 0.1126 0.1121 0.1109 
          90  1 0.1094 0.1113 0.1117 0.1107 0.1117 0.1104 0.1116 0.1119 0.1113 
          91  1 0.1123 0.1101 0.1121 0.1106 0.1119 0.1092 0.1115 0.1116 0.1107 
          92  1 0.1110 0.1102 0.1112 0.1115 0.1106 0.1111 0.1106 0.1116 0.1121 
          93  1 0.1118 0.1085 0.1112 0.1127 0.1115 0.1096 0.1120 0.1113 0.1115 
          94  1 0.1136 0.1103 0.1108 0.1111 0.1110 0.1135 0.1094 0.1098 0.1106 
          95  1 0.1144 0.1127 0.1101 0.1106 0.1097 0.1124 0.1090 0.1093 0.1121 
          96  1 0.1103 0.1110 0.1116 0.1119 0.1114 0.1111 0.1116 0.1111 0.1100 
          97  1 0.1069 0.1095 0.1130 0.1123 0.1114 0.1070 0.1147 0.1138 0.1114 
          98  1 0.1109 0.1114 0.1106 0.1102 0.1109 0.1130 0.1103 0.1106 0.1120 
          99  1 0.1138 0.1139 0.1083 0.1096 0.1092 0.1181 0.1079 0.1076 0.1117 
         100  1 0.1124 0.1092 0.1107 0.1116 0.1108 0.1120 0.1112 0.1107 0.1114 
         101  1 0.1137 0.1088 0.1115 0.1117 0.1110 0.1104 0.1114 0.1110 0.1105 
         102  1 0.1128 0.1118 0.1109 0.1111 0.1117 0.1098 0.1102 0.1096 0.1122 
         103  1 0.1096 0.1107 0.1111 0.1107 0.1118 0.1093 0.1125 0.1124 0.1120 
         104  1 0.1110 0.1112 0.1126 0.1109 0.1106 0.1093 0.1112 0.1117 0.1114 
         105  1 0.1096 0.1116 0.1122 0.1111 0.1110 0.1095 0.1118 0.1125 0.1108 
         106  1 0.1082 0.1102 0.1122 0.1112 0.1121 0.1089 0.1118 0.1129 0.1127 
         107  1 0.1094 0.1107 0.1110 0.1115 0.1114 0.1125 0.1115 0.1102 0.1118 
         108  1 0.1108 0.1104 0.1099 0.1105 0.1100 0.1158 0.1111 0.1108 0.1106 
         109  1 0.1114 0.1101 0.1110 0.1106 0.1115 0.1117 0.1113 0.1113 0.1112 
         110  1 0.1076 0.1095 0.1131 0.1121 0.1117 0.1080 0.1127 0.1127 0.1128 
         111  1 0.1141 0.1089 0.1117 0.1101 0.1124 0.1104 0.1111 0.1111 0.1103 
         112  1 0.1097 0.1151 0.1095 0.1120 0.1101 0.1125 0.1093 0.1093 0.1124 
         113  1 0.1097 0.1094 0.1108 0.1126 0.1113 0.1109 0.1126 0.1120 0.1107 
         114  1 0.1152 0.1116 0.1109 0.1103 0.1108 0.1116 0.1090 0.1102 0.1102 
         115  1 0.1119 0.1125 0.1099 0.1112 0.1116 0.1103 0.1092 0.1104 0.1128 
         116  1 0.1093 0.1136 0.1106 0.1108 0.1098 0.1114 0.1120 0.1115 0.1109 
         117  1 0.1098 0.1107 0.1106 0.1116 0.1110 0.1116 0.1113 0.1111 0.1123 
         118  1 0.1119 0.1116 0.1104 0.1103 0.1114 0.1111 0.1110 0.1113 0.1110 
         119  1 0.1104 0.1101 0.1111 0.1114 0.1124 0.1089 0.1116 0.1123 0.1118 
         120  1 0.1127 0.1110 0.1110 0.1108 0.1109 0.1106 0.1104 0.1116 0.1111 
         121  1 0.1132 0.1113 0.1108 0.1097 0.1118 0.1099 0.1111 0.1119 0.1103 
         122  1 0.1095 0.1106 0.1108 0.1117 0.1122 0.1086 0.1117 0.1124 0.1125 
         123  1 0.1106 0.1108 0.1117 0.1102 0.1126 0.1087 0.1124 0.1121 0.1108 
         124  1 0.1107 0.1119 0.1107 0.1123 0.1111 0.1093 0.1104 0.1114 0.1122 
         125  1 0.1103 0.1127 0.1112 0.1117 0.1111 0.1093 0.1113 0.1113 0.1111 
         126  1 0.1097 0.1107 0.1119 0.1115 0.1113 0.1090 0.1125 0.1126 0.1107 
         127  1 0.1070 0.1105 0.1129 0.1119 0.1121 0.1085 0.1127 0.1132 0.1111 
         128  1 0.1090 0.1104 0.1126 0.1122 0.1122 0.1085 0.1130 0.1119 0.1103 
         129  1 0.1077 0.1108 0.1115 0.1109 0.1125 0.1080 0.1135 0.1132 0.1119 
         130  1 0.1119 0.1102 0.1113 0.1107 0.1113 0.1093 0.1104 0.1118 0.1131 
         131  1 0.1083 0.1115 0.1122 0.1118 0.1124 0.1077 0.1121 0.1121 0.1118 
         132  1 0.1131 0.1108 0.1112 0.1108 0.1118 0.1096 0.1113 0.1108 0.1106 
         133  1 0.1119 0.1140 0.1103 0.1107 0.1107 0.1111 0.1094 0.1104 0.1114 
         134  1 0.1075 0.1120 0.1119 0.1113 0.1116 0.1089 0.1122 0.1128 0.1118 
         135  1 0.1141 0.1083 0.1101 0.1123 0.1103 0.1116 0.1111 0.1104 0.1118 
         136  1 0.1098 0.1098 0.1118 0.1119 0.1114 0.1083 0.1119 0.1130 0.1120 
         137  1 0.1129 0.1118 0.1112 0.1114 0.1095 0.1141 0.1103 0.1092 0.1096 
         138  1 0.1114 0.1111 0.1107 0.1111 0.1116 0.1115 0.1105 0.1109 0.1112 
         139  1 0.1107 0.1127 0.1111 0.1117 0.1105 0.1106 0.1104 0.1116 0.1108 
         140  1 0.1102 0.1099 0.1112 0.1117 0.1124 0.1094 0.1125 0.1121 0.1106 
         141  1 0.1133 0.1111 0.1103 0.1107 0.1118 0.1106 0.1107 0.1118 0.1096 
         142  1 0.1075 0.1154 0.1107 0.1115 0.1116 0.1097 0.1115 0.1108 0.1114 
         143  1 0.1099 0.1105 0.1114 0.1107 0.1118 0.1121 0.1112 0.1118 0.1107 
         144  1 0.1134 0.1112 0.1112 0.1113 0.1115 0.1108 0.1099 0.1101 0.1104 
         145  1 0.1121 0.1095 0.1104 0.1112 0.1109 0.1122 0.1114 0.1114 0.1108 
         146  1 0.1109 0.1106 0.1116 0.1113 0.1110 0.1118 0.1114 0.1106 0.1107 
         147  1 0.1136 0.1134 0.1101 0.1098 0.1107 0.1124 0.1098 0.1099 0.1103 
         148  1 0.1090 0.1113 0.1117 0.1106 0.1105 0.1114 0.1135 0.1117 0.1102 
         149  1 0.1099 0.1106 0.1120 0.1115 0.1107 0.1107 0.1110 0.1120 0.1117 
         150  1 0.1100 0.1101 0.1108 0.1116 0.1119 0.1118 0.1117 0.1116 0.1105 
         151  1 0.1133 0.1092 0.1098 0.1113 0.1116 0.1124 0.1108 0.1107 0.1108 
         152  1 0.1150 0.1162 0.1097 0.1097 0.1088 0.1152 0.1082 0.1080 0.1093 
         153  1 0.1131 0.1131 0.1091 0.1097 0.1092 0.1154 0.1098 0.1101 0.1105 
         154  1 0.1143 0.1142 0.1090 0.1099 0.1096 0.1146 0.1089 0.1089 0.1106 
         155  1 0.1127 0.1117 0.1103 0.1118 0.1103 0.1124 0.1104 0.1102 0.1102 
         156  1 0.1115 0.1113 0.1114 0.1108 0.1112 0.1114 0.1105 0.1105 0.1115 
         157  1 0.1087 0.1117 0.1109 0.1120 0.1118 0.1084 0.1120 0.1125 0.1119 
         158  1 0.1102 0.1110 0.1116 0.1120 0.1104 0.1102 0.1112 0.1101 0.1133 
         159  1 0.1123 0.1111 0.1107 0.1108 0.1115 0.1121 0.1105 0.1106 0.1104 
         160  1 0.1121 0.1110 0.1110 0.1110 0.1124 0.1114 0.1109 0.1112 0.1090 
         161  1 0.1112 0.1117 0.1102 0.1106 0.1120 0.1105 0.1110 0.1109 0.1119 
         162  1 0.1109 0.1100 0.1119 0.1124 0.1109 0.1101 0.1117 0.1112 0.1109 
         163  1 0.1117 0.1109 0.1100 0.1115 0.1105 0.1145 0.1105 0.1098 0.1104 
         164  1 0.1094 0.1118 0.1098 0.1113 0.1112 0.1136 0.1107 0.1112 0.1111 
         165  1 0.1123 0.1107 0.1108 0.1106 0.1121 0.1105 0.1102 0.1113 0.1115 
         166  1 0.1118 0.1123 0.1113 0.1104 0.1116 0.1125 0.1096 0.1106 0.1100 
         167  1 0.1116 0.1116 0.1114 0.1116 0.1099 0.1113 0.1110 0.1100 0.1116 
         168  1 0.1109 0.1101 0.1125 0.1117 0.1119 0.1110 0.1108 0.1106 0.1104 
         169  1 0.1104 0.1114 0.1111 0.1116 0.1110 0.1121 0.1122 0.1107 0.1096 
         170  1 0.1116 0.1113 0.1115 0.1111 0.1113 0.1097 0.1101 0.1116 0.1118 
         171  1 0.1115 0.1110 0.1110 0.1114 0.1121 0.1099 0.1110 0.1113 0.1109 
         172  1 0.1093 0.1112 0.1111 0.1106 0.1122 0.1090 0.1118 0.1117 0.1131 
         173  1 0.1112 0.1109 0.1130 0.1098 0.1123 0.1085 0.1119 0.1108 0.1116 
         174  1 0.1123 0.1113 0.1113 0.1105 0.1105 0.1105 0.1117 0.1110 0.1110 
         175  1 0.1081 0.1100 0.1118 0.1123 0.1118 0.1096 0.1123 0.1125 0.1116 
         176  1 0.1115 0.1143 0.1097 0.1117 0.1094 0.1153 0.1088 0.1091 0.1103 
         177  1 0.1105 0.1100 0.1115 0.1114 0.1122 0.1081 0.1122 0.1127 0.1114 
         178  1 0.1106 0.1114 0.1114 0.1104 0.1110 0.1127 0.1113 0.1106 0.1105 
         179  1 0.1093 0.1111 0.1111 0.1111 0.1123 0.1108 0.1117 0.1117 0.1109 
         180  1 0.1102 0.1141 0.1106 0.1109 0.1102 0.1123 0.1114 0.1102 0.1101 
         181  1 0.1120 0.1144 0.1099 0.1101 0.1098 0.1124 0.1101 0.1101 0.1111 
         182  1 0.1101 0.1112 0.1126 0.1118 0.1121 0.1090 0.1121 0.1108 0.1102 
         183  1 0.1121 0.1100 0.1118 0.1119 0.1113 0.1111 0.1108 0.1107 0.1105 
         184  1 0.1067 0.1098 0.1125 0.1120 0.1114 0.1105 0.1138 0.1127 0.1106 
         185  1 0.1143 0.1093 0.1106 0.1110 0.1113 0.1105 0.1095 0.1108 0.1127 
         186  1 0.1123 0.1113 0.1099 0.1096 0.1117 0.1128 0.1115 0.1104 0.1106 
         187  1 0.1096 0.1100 0.1118 0.1112 0.1117 0.1077 0.1129 0.1139 0.1113 
         188  1 0.1115 0.1107 0.1110 0.1108 0.1107 0.1125 0.1101 0.1113 0.1114 
         189  1 0.1129 0.1099 0.1119 0.1109 0.1116 0.1093 0.1103 0.1114 0.1119 
         190  1 0.1120 0.1116 0.1119 0.1104 0.1112 0.1120 0.1108 0.1100 0.1102 
         191  1 0.1119 0.1111 0.1103 0.1110 0.1115 0.1121 0.1103 0.1105 0.1114 
         192  1 0.1110 0.1116 0.1113 0.1112 0.1104 0.1129 0.1107 0.1104 0.1105 
         193  1 0.1079 0.1115 0.1118 0.1114 0.1112 0.1105 0.1128 0.1125 0.1104 
         194  1 0.1132 0.1117 0.1100 0.1102 0.1123 0.1106 0.1108 0.1107 0.1105 
         195  1 0.1109 0.1116 0.1113 0.1108 0.1116 0.1102 0.1104 0.1111 0.1121 
         196  1 0.1099 0.1100 0.1114 0.1117 0.1121 0.1108 0.1113 0.1112 0.1115 
         197  1 0.1111 0.1131 0.1099 0.1096 0.1099 0.1132 0.1095 0.1098 0.1140 
         198  1 0.1129 0.1081 0.1115 0.1118 0.1122 0.1091 0.1116 0.1117 0.1111 
         199  1 0.1124 0.1129 0.1107 0.1110 0.1118 0.1098 0.1109 0.1104 0.1102 
         200  1 0.1093 0.1100 0.1121 0.1112 0.1112 0.1075 0.1139 0.1133 0.1115 
         201  1 0.1109 0.1106 0.1115 0.1119 0.1116 0.1088 0.1107 0.1116 0.1124 
         202  1 0.1105 0.1098 0.1111 0.1121 0.1119 0.1113 0.1114 0.1114 0.1106 
         203  1 0.1105 0.1116 0.1121 0.1110 0.1119 0.1088 0.1129 0.1121 0.1092 
         204  1 0.1119 0.1113 0.1107 0.1107 0.1111 0.1141 0.1107 0.1100 0.1095 
         205  1 0.1093 0.1113 0.1119 0.1124 0.1110 0.1083 0.1121 0.1124 0.1113 
         206  1 0.1126 0.1111 0.1101 0.1108 0.1110 0.1131 0.1106 0.1107 0.1102 
         207  1 0.1083 0.1109 0.1128 0.1114 0.1134 0.1065 0.1129 0.1130 0.1108 
         208  1 0.1100 0.1096 0.1119 0.1113 0.1118 0.1105 0.1116 0.1128 0.1104 
         209  1 0.1118 0.1102 0.1123 0.1112 0.1122 0.1093 0.1112 0.1111 0.1108 
         210  1 0.1117 0.1117 0.1101 0.1104 0.1122 0.1112 0.1094 0.1108 0.1126 
         211  1 0.1142 0.1113 0.1103 0.1095 0.1106 0.1143 0.1097 0.1103 0.1098 
         212  1 0.1123 0.1109 0.1099 0.1118 0.1098 0.1128 0.1108 0.1098 0.1119 
         213  1 0.1116 0.1114 0.1103 0.1109 0.1108 0.1146 0.1096 0.1100 0.1108 
         214  1 0.1143 0.1107 0.1112 0.1110 0.1107 0.1115 0.1094 0.1102 0.1109 
         215  1 0.1111 0.1094 0.1106 0.1125 0.1113 0.1105 0.1108 0.1116 0.1122 
         216  1 0.1107 0.1129 0.1115 0.1110 0.1119 0.1103 0.1100 0.1107 0.1110 
         217  1 0.1131 0.1122 0.1099 0.1109 0.1112 0.1121 0.1100 0.1098 0.1108 
         218  1 0.1127 0.1128 0.1095 0.1091 0.1094 0.1182 0.1104 0.1095 0.1083 
         219  1 0.1107 0.1106 0.1110 0.1110 0.1106 0.1110 0.1107 0.1116 0.1129 
         220  1 0.1102 0.1130 0.1113 0.1121 0.1103 0.1114 0.1111 0.1102 0.1104 
         221  1 0.1129 0.1109 0.1093 0.1107 0.1107 0.1115 0.1096 0.1110 0.1133 
         222  1 0.1087 0.1124 0.1115 0.1112 0.1110 0.1103 0.1112 0.1114 0.1123 
         223  1 0.1107 0.1097 0.1114 0.1117 0.1107 0.1100 0.1125 0.1121 0.1112 
         224  1 0.1112 0.1122 0.1110 0.1108 0.1113 0.1109 0.1111 0.1111 0.1105 
         225  1 0.1125 0.1118 0.1115 0.1114 0.1101 0.1087 0.1115 0.1117 0.1108 
         226  1 0.1146 0.1092 0.1118 0.1108 0.1108 0.1093 0.1104 0.1111 0.1120 
         227  1 0.1115 0.1096 0.1112 0.1128 0.1105 0.1099 0.1122 0.1117 0.1107 
         228  1 0.1112 0.1111 0.1103 0.1103 0.1110 0.1139 0.1110 0.1104 0.1108 
         229  1 0.1068 0.1110 0.1129 0.1113 0.1119 0.1086 0.1145 0.1130 0.1100 
         230  1 0.1112 0.1109 0.1114 0.1103 0.1122 0.1099 0.1120 0.1118 0.1102 
         231  1 0.1131 0.1115 0.1105 0.1105 0.1102 0.1132 0.1105 0.1101 0.1104 
         232  1 0.1140 0.1109 0.1109 0.1110 0.1115 0.1121 0.1099 0.1092 0.1105 
         233  1 0.1138 0.1100 0.1097 0.1113 0.1113 0.1124 0.1108 0.1105 0.1103 
         234  1 0.1100 0.1098 0.1126 0.1110 0.1117 0.1096 0.1116 0.1125 0.1111 
         235  1 0.1109 0.1113 0.1123 0.1109 0.1113 0.1090 0.1115 0.1112 0.1115 
         236  1 0.1123 0.1110 0.1106 0.1117 0.1107 0.1104 0.1105 0.1104 0.1124 
         237  1 0.1116 0.1124 0.1100 0.1112 0.1109 0.1119 0.1104 0.1095 0.1122 
         238  1 0.1097 0.1115 0.1112 0.1110 0.1113 0.1108 0.1111 0.1127 0.1107 
         239  1 0.1119 0.1128 0.1106 0.1105 0.1098 0.1129 0.1102 0.1103 0.1110 
         240  1 0.1133 0.1124 0.1090 0.1101 0.1097 0.1180 0.1094 0.1086 0.1096 
         241  1 0.1108 0.1121 0.1110 0.1108 0.1120 0.1095 0.1111 0.1116 0.1111 
         242  1 0.1123 0.1106 0.1110 0.1105 0.1111 0.1114 0.1105 0.1110 0.1116 
         243  1 0.1123 0.1119 0.1115 0.1109 0.1117 0.1118 0.1085 0.1095 0.1120 
         244  1 0.1131 0.1079 0.1102 0.1120 0.1117 0.1140 0.1096 0.1099 0.1117 
         245  1 0.1133 0.1087 0.1110 0.1107 0.1113 0.1114 0.1111 0.1110 0.1115 
         246  1 0.1124 0.1119 0.1106 0.1113 0.1108 0.1119 0.1117 0.1105 0.1089 
         247  1 0.1116 0.1113 0.1107 0.1105 0.1103 0.1135 0.1111 0.1110 0.1100 
         248  1 0.1099 0.1098 0.1116 0.1116 0.1112 0.1093 0.1123 0.1122 0.1122 
         249  1 0.1134 0.1119 0.1109 0.1111 0.1112 0.1114 0.1101 0.1103 0.1097 
         250  1 0.1092 0.1111 0.1121 0.1115 0.1113 0.1089 0.1114 0.1127 0.1117 
         251  1 0.1121 0.1112 0.1098 0.1113 0.1108 0.1129 0.1108 0.1108 0.1103 
         252  1 0.1102 0.1110 0.1135 0.1114 0.1112 0.1093 0.1116 0.1114 0.1105 
         253  1 0.1093 0.1114 0.1108 0.1117 0.1118 0.1102 0.1116 0.1110 0.1122 
         254  1 0.1121 0.1110 0.1105 0.1101 0.1110 0.1141 0.1100 0.1106 0.1106 
         255  1 0.1121 0.1113 0.1113 0.1113 0.1111 0.1131 0.1105 0.1092 0.1101 
         256  1 0.1125 0.1128 0.1105 0.1102 0.1110 0.1102 0.1102 0.1113 0.1113 
         257  1 0.1100 0.1103 0.1129 0.1118 0.1109 0.1107 0.1123 0.1113 0.1097 
         258  1 0.1078 0.1117 0.1133 0.1120 0.1124 0.1088 0.1126 0.1115 0.1098 
         259  1 0.1094 0.1116 0.1110 0.1115 0.1115 0.1122 0.1121 0.1112 0.1094 
         260  1 0.1092 0.1114 0.1109 0.1111 0.1115 0.1107 0.1112 0.1111 0.1128 
         261  1 0.1098 0.1115 0.1119 0.1118 0.1108 0.1095 0.1120 0.1118 0.1109 
         262  1 0.1158 0.1136 0.1086 0.1086 0.1092 0.1201 0.1084 0.1072 0.1085 
         263  1 0.1113 0.1101 0.1104 0.1106 0.1124 0.1112 0.1110 0.1118 0.1112 
         264  1 0.1135 0.1136 0.1100 0.1098 0.1102 0.1126 0.1091 0.1103 0.1110 
         265  1 0.1119 0.1101 0.1118 0.1115 0.1112 0.1097 0.1107 0.1108 0.1123 
         266  1 0.1118 0.1118 0.1102 0.1103 0.1108 0.1122 0.1105 0.1111 0.1114 
         267  1 0.1097 0.1113 0.1107 0.1113 0.1109 0.1125 0.1108 0.1116 0.1112 
         268  1 0.1085 0.1094 0.1112 0.1126 0.1109 0.1090 0.1129 0.1130 0.1124 
         269  1 0.1090 0.1108 0.1117 0.1119 0.1123 0.1093 0.1118 0.1107 0.1123 
         270  1 0.1125 0.1119 0.1111 0.1105 0.1098 0.1142 0.1106 0.1097 0.1098 
         271  1 0.1083 0.1098 0.1118 0.1110 0.1133 0.1107 0.1138 0.1117 0.1096 
         272  1 0.1131 0.1093 0.1106 0.1116 0.1112 0.1127 0.1108 0.1104 0.1101 
         273  1 0.1133 0.1101 0.1117 0.1113 0.1112 0.1107 0.1103 0.1104 0.1110 
         274  1 0.1120 0.1114 0.1104 0.1110 0.1104 0.1098 0.1119 0.1113 0.1118 
         275  1 0.1120 0.1088 0.1119 0.1119 0.1121 0.1100 0.1110 0.1112 0.1112 
         276  1 0.1069 0.1104 0.1119 0.1117 0.1120 0.1080 0.1131 0.1144 0.1116 
         277  1 0.1092 0.1094 0.1106 0.1124 0.1098 0.1117 0.1110 0.1113 0.1146 
         278  1 0.1100 0.1104 0.1108 0.1113 0.1107 0.1113 0.1122 0.1114 0.1120 
         279  1 0.1104 0.1107 0.1115 0.1108 0.1116 0.1094 0.1124 0.1118 0.1114 
         280  1 0.1116 0.1108 0.1100 0.1107 0.1104 0.1156 0.1114 0.1099 0.1094 
         281  1 0.1095 0.1116 0.1117 0.1103 0.1118 0.1088 0.1110 0.1119 0.1134 
         282  1 0.1104 0.1105 0.1102 0.1104 0.1112 0.1133 0.1111 0.1114 0.1115 
         283  1 0.1154 0.1096 0.1088 0.1110 0.1096 0.1159 0.1099 0.1094 0.1103 
         284  1 0.1130 0.1112 0.1101 0.1116 0.1106 0.1133 0.1091 0.1091 0.1120 
         285  1 0.1097 0.1097 0.1121 0.1110 0.1121 0.1086 0.1124 0.1134 0.1110 
         286  1 0.1111 0.1105 0.1105 0.1110 0.1124 0.1106 0.1104 0.1114 0.1121 
         287  1 0.1117 0.1110 0.1099 0.1110 0.1107 0.1140 0.1110 0.1107 0.1101 
         288  1 0.1116 0.1099 0.1117 0.1117 0.1121 0.1087 0.1119 0.1113 0.1111 
         289  1 0.1130 0.1133 0.1104 0.1111 0.1104 0.1109 0.1105 0.1095 0.1110 
         290  1 0.1151 0.1106 0.1104 0.1105 0.1109 0.1134 0.1101 0.1098 0.1092 
         291  1 0.1108 0.1101 0.1121 0.1110 0.1106 0.1128 0.1120 0.1113 0.1093 
         292  1 0.1096 0.1117 0.1120 0.1111 0.1112 0.1095 0.1128 0.1121 0.1100 
         293  1 0.1092 0.1129 0.1098 0.1112 0.1104 0.1105 0.1109 0.1112 0.1138 
         294  1 0.1070 0.1108 0.1113 0.1125 0.1118 0.1085 0.1119 0.1130 0.1131 
         295  1 0.1091 0.1092 0.1137 0.1124 0.1113 0.1079 0.1134 0.1124 0.1107 
         296  1 0.1128 0.1113 0.1110 0.1105 0.1108 0.1106 0.1104 0.1106 0.1121 
         297  1 0.1098 0.1119 0.1110 0.1102 0.1123 0.1114 0.1126 0.1116 0.1091 
         298  1 0.1097 0.1115 0.1112 0.1116 0.1100 0.1106 0.1125 0.1110 0.1118 
         299  1 0.1136 0.1091 0.1109 0.1102 0.1109 0.1129 0.1111 0.1109 0.1104 
         300  1 0.1085 0.1108 0.1115 0.1118 0.1123 0.1095 0.1117 0.1121 0.1119 
         301  1 0.1091 0.1111 0.1122 0.1109 0.1119 0.1091 0.1126 0.1124 0.1106 
         302  1 0.1114 0.1078 0.1110 0.1121 0.1114 0.1121 0.1106 0.1117 0.1117 
         303  1 0.1102 0.1135 0.1122 0.1109 0.1114 0.1117 0.1110 0.1102 0.1090 
