  1:   0.0430  0.8290  0.0380  0.0470  0.0430  1
  2:   0.0320  0.8640  0.0580  0.0210  0.0250  1
  3:   0.0200  0.9180  0.0190  0.0230  0.0200  1
  4:   0.0380  0.8790  0.0390  0.0230  0.0210  1
  5:   0.0160  0.9350  0.0160  0.0170  0.0160  1
  6:   0.0170  0.9350  0.0150  0.0160  0.0170  1
  7:   0.0480  0.8420  0.0550  0.0240  0.0310  1
  8:   0.0180  0.9280  0.0180  0.0180  0.0180  1
  9:   0.0200  0.9210  0.0190  0.0210  0.0190  1
 10:   0.0140  0.9440  0.0150  0.0130  0.0140  1
 11:   0.0230  0.9100  0.0220  0.0230  0.0220  1
 12:   0.2350  0.2690  0.1510  0.1760  0.1690  1
 13:   0.0621  0.7938  0.0480  0.0501  0.0460  1
 14:   0.1862  0.4194  0.1441  0.1311  0.1191  1
 15:   0.0779  0.6074  0.0879  0.1329  0.0939  1
 16:   0.2060  0.0100  0.1660  0.2950  0.3230  1
 17:   0.1768  0.0090  0.3077  0.1968  0.3097  1
 18:   0.2010  0.0110  0.3290  0.1650  0.2940  1
 19:   0.2072  0.0300  0.3944  0.1411  0.2272  1
 20:   0.4444  0.0100  0.1381  0.2513  0.1562  1
 21:   0.2272  0.0130  0.4895  0.0761  0.1942  1
 22:   0.2010  0.1660  0.2830  0.1540  0.1960  1
 23:   0.2210  0.0450  0.2580  0.2400  0.2360  1
 24:   0.2450  0.0250  0.3450  0.1740  0.2110  1
 25:   0.1800  0.0220  0.1980  0.2880  0.3120  1
 26:   0.3660  0.0550  0.2010  0.2100  0.1680  1
 27:   0.2733  0.0150  0.2563  0.2322  0.2232  1
 28:   0.1770  0.0090  0.3130  0.2310  0.2700  1
 29:   0.1460  0.0110  0.1830  0.3380  0.3220  1
 30:   0.1972  0.0180  0.4084  0.1351  0.2412  1
 31:   0.1311  0.4775  0.1031  0.1481  0.1401  1
 32:   0.2078  0.0110  0.4505  0.1229  0.2078  1
 33:   0.2270  0.0130  0.3730  0.1510  0.2360  1
 34:   0.1440  0.5030  0.1400  0.1000  0.1130  1
 35:   0.2130  0.0450  0.1630  0.3010  0.2780  1
 36:   0.1479  0.0350  0.1948  0.3237  0.2987  1
 37:   0.3050  0.0720  0.2030  0.2030  0.2170  1
 38:   0.1752  0.0160  0.2733  0.2442  0.2913  1
 39:   0.1870  0.0120  0.2440  0.2660  0.2910  1
 40:   0.2730  0.0110  0.2870  0.1830  0.2460  1
 41:   0.3067  0.0180  0.1928  0.2418  0.2408  1
 42:   0.3070  0.0220  0.2200  0.2300  0.2210  1
 43:   0.3050  0.0280  0.1740  0.2460  0.2470  1
 44:   0.1610  0.0090  0.2270  0.2720  0.3310  1
 45:   0.3237  0.0170  0.1918  0.2288  0.2388  1
 46:   0.2540  0.0260  0.2360  0.2200  0.2640  1
 47:   0.2500  0.0250  0.1890  0.3100  0.2260  1
 48:   0.2410  0.0380  0.2780  0.2050  0.2380  1
 49:   0.2038  0.0430  0.3497  0.1788  0.2248  1
 50:   0.3147  0.0659  0.1578  0.2388  0.2228  1
 51:   0.3854  0.0410  0.1732  0.2032  0.1972  1
 52:   0.1922  0.0470  0.3043  0.2182  0.2382  1
 53:   0.1862  0.0230  0.5025  0.0891  0.1992  1
 54:   0.3287  0.0100  0.1768  0.2577  0.2268  1
 55:   0.2022  0.0080  0.4244  0.1101  0.2553  1
 56:   0.1940  0.0210  0.1750  0.3580  0.2520  1
 57:   0.3696  0.0719  0.1139  0.2398  0.2048  1
 58:   0.2360  0.0230  0.3350  0.1550  0.2510  1
 59:   0.2020  0.0120  0.2660  0.2580  0.2620  1
 60:   0.2162  0.0310  0.3213  0.1972  0.2342  1
 61:   0.3580  0.0070  0.1920  0.2250  0.2180  1
 62:   0.1760  0.0180  0.2670  0.2660  0.2730  1
 63:   0.3183  0.0310  0.1912  0.2072  0.2523  1
 64:   0.2810  0.0220  0.2140  0.2470  0.2360  1
 65:   0.1101  0.0090  0.1602  0.4314  0.2893  1
 66:   0.1692  0.0110  0.1672  0.3804  0.2723  1
 67:   0.1900  0.0150  0.3120  0.1870  0.2960  1
 68:   0.3670  0.0390  0.1400  0.2590  0.1950  1
 69:   0.2813  0.0090  0.1852  0.2643  0.2603  1
 70:   0.1800  0.0170  0.3800  0.1790  0.2440  1
 71:   0.2890  0.0140  0.1610  0.3020  0.2340  1
 72:   0.1910  0.0060  0.2430  0.2550  0.3050  1
 73:   0.2230  0.0400  0.2180  0.2820  0.2370  1
 74:   0.2260  0.0080  0.2710  0.2090  0.2860  1
 75:   0.2520  0.0190  0.1750  0.2790  0.2750  1
 76:   0.3167  0.0919  0.1359  0.2637  0.1918  1
 77:   0.1430  0.1020  0.2030  0.2690  0.2830  1
 78:   0.2052  0.0160  0.2162  0.3253  0.2372  1
 79:   0.2198  0.0090  0.3407  0.1878  0.2428  1
 80:   0.4110  0.0190  0.1340  0.2470  0.1890  1
 81:   0.2567  0.0180  0.3217  0.1708  0.2328  1
 82:   0.5510  0.0080  0.0770  0.2350  0.1290  1
 83:   0.3724  0.0160  0.1882  0.1982  0.2252  1
 84:   0.3884  0.0190  0.2052  0.2052  0.1822  1
 85:   0.2350  0.0150  0.1970  0.2910  0.2620  1
 86:   0.2270  0.0230  0.3240  0.1600  0.2660  1
 87:   0.1510  0.0090  0.1570  0.4040  0.2790  1
 88:   0.2727  0.0250  0.1848  0.2448  0.2727  1
 89:   0.5369  0.0110  0.0798  0.2365  0.1357  1
 90:   0.3460  0.0100  0.2030  0.2420  0.1990  1
 91:   0.1900  0.0100  0.2490  0.2770  0.2740  1
 92:   0.1950  0.0090  0.2310  0.2790  0.2860  1
 93:   0.1920  0.0250  0.3170  0.1790  0.2870  1
 94:   0.1768  0.0060  0.4146  0.1688  0.2338  1
 95:   0.2068  0.0160  0.3397  0.2038  0.2338  1
 96:   0.2070  0.1900  0.2390  0.1650  0.1990  1
 97:   0.1540  0.0120  0.2750  0.2900  0.2690  1
 98:   0.1880  0.0200  0.2950  0.2370  0.2600  1
 99:   0.2372  0.0210  0.1962  0.3083  0.2372  1
100:   0.2893  0.0250  0.2723  0.1952  0.2182  1
101:   0.2232  0.0240  0.1922  0.2913  0.2693  1
102:   0.2687  0.0120  0.2677  0.2078  0.2438  1
103:   0.1790  0.0500  0.2880  0.2380  0.2450  1
104:   0.1970  0.0110  0.1420  0.3740  0.2760  1
105:   0.1710  0.0210  0.1670  0.3830  0.2580  1
106:   0.1672  0.0200  0.1662  0.3944  0.2523  1
107:   0.2850  0.1030  0.2220  0.1890  0.2010  1
108:   0.1812  0.0060  0.4374  0.1572  0.2182  1
109:   0.2208  0.0330  0.3656  0.1389  0.2418  1
110:   0.2450  0.0100  0.1540  0.3440  0.2470  1
111:   0.1818  0.0200  0.2298  0.2488  0.3197  1
112:   0.1994  0.0130  0.3607  0.1603  0.2665  1
113:   0.1960  0.0060  0.2330  0.3110  0.2540  1
114:   0.3263  0.0761  0.2032  0.1972  0.1972  1
115:   0.1960  0.0100  0.2170  0.3100  0.2670  1
116:   0.3960  0.0290  0.1400  0.2230  0.2120  1
117:   0.2060  0.0130  0.2620  0.2660  0.2530  1
118:   0.2040  0.0180  0.4080  0.1570  0.2130  1
119:   0.2112  0.0180  0.3714  0.1411  0.2583  1
120:   0.1900  0.2200  0.2200  0.1850  0.1850  1
121:   0.2480  0.0790  0.2960  0.1710  0.2060  1
122:   0.1710  0.0060  0.2100  0.3200  0.2930  1
123:   0.3240  0.0120  0.2250  0.2070  0.2320  1
124:   0.3020  0.0200  0.2730  0.1860  0.2190  1
125:   0.1540  0.0070  0.1760  0.3680  0.2950  1
126:   0.1510  0.0070  0.2950  0.2560  0.2910  1
127:   0.2058  0.0290  0.1888  0.2787  0.2977  1
128:   0.2398  0.0240  0.1429  0.3317  0.2617  1
129:   0.2020  0.0190  0.2170  0.3040  0.2580  1
130:   0.2240  0.0160  0.3980  0.1280  0.2340  1
131:   0.1908  0.0120  0.2527  0.2478  0.2967  1
132:   0.2683  0.0961  0.2643  0.1912  0.1802  1
133:   0.1682  0.0070  0.2943  0.2573  0.2733  1
134:   0.1930  0.0090  0.2420  0.2560  0.3000  1
135:   0.1940  0.0060  0.4960  0.1030  0.2010  1
136:   0.1690  0.0060  0.1790  0.3720  0.2740  1
137:   0.2510  0.0300  0.3320  0.1370  0.2500  1
138:   0.3400  0.0360  0.2030  0.1990  0.2220  1
139:   0.1480  0.0170  0.2130  0.3530  0.2690  1
140:   0.2278  0.0789  0.3856  0.1309  0.1768  1
141:   0.1910  0.0070  0.1800  0.3070  0.3150  1
142:   0.1920  0.0160  0.2690  0.2350  0.2880  1
143:   0.1291  0.5766  0.1091  0.0911  0.0941  1
144:   0.2050  0.0110  0.1810  0.3220  0.2810  1
145:   0.2600  0.0530  0.2730  0.1930  0.2210  1
146:   0.1800  0.0060  0.5350  0.0810  0.1980  1
147:   0.2820  0.2770  0.1400  0.1580  0.1430  1
148:   0.1970  0.0210  0.3120  0.2040  0.2660  1
149:   0.1820  0.0290  0.1670  0.3000  0.3220  1
150:   0.2553  0.0260  0.2382  0.2613  0.2192  1
151:   0.2208  0.0200  0.4056  0.1379  0.2158  1
152:   0.1870  0.0120  0.3830  0.1860  0.2320  1
153:   0.3150  0.0190  0.1160  0.3110  0.2390  1
154:   0.1832  0.0060  0.4965  0.0861  0.2282  1
155:   0.1988  0.0270  0.1848  0.2757  0.3137  1
156:   0.2128  0.0130  0.2378  0.2627  0.2737  1
157:   0.2090  0.0360  0.2250  0.2420  0.2880  1
158:   0.1862  0.0100  0.2072  0.3343  0.2623  1
159:   0.5415  0.0140  0.0959  0.2188  0.1299  1
160:   0.1690  0.0080  0.2120  0.3400  0.2710  1
161:   0.1980  0.0460  0.2100  0.2800  0.2660  1
162:   0.1758  0.0220  0.2338  0.2717  0.2967  1
163:   0.2060  0.0130  0.3400  0.1750  0.2660  1
164:   0.2270  0.0070  0.1860  0.3240  0.2560  1
165:   0.2210  0.0490  0.2100  0.2690  0.2510  1
166:   0.2567  0.0230  0.3976  0.1369  0.1858  1
167:   0.2270  0.0100  0.1990  0.2800  0.2840  1
168:   0.2070  0.0200  0.3500  0.2000  0.2230  1
169:   0.2462  0.0571  0.1401  0.3083  0.2482  1
170:   0.1860  0.0240  0.2810  0.2230  0.2860  1
171:   0.2058  0.0100  0.2827  0.2038  0.2977  1
172:   0.1740  0.0170  0.2330  0.2840  0.2920  1
173:   0.2172  0.0731  0.1762  0.2883  0.2452  1
174:   0.3536  0.0310  0.1908  0.2088  0.2158  1
175:   0.2860  0.0210  0.2190  0.2490  0.2250  1
176:   0.1640  0.0260  0.2220  0.3320  0.2560  1
177:   0.2140  0.0230  0.3060  0.1830  0.2740  1
178:   0.2120  0.0520  0.2270  0.2490  0.2600  1
179:   0.1912  0.0090  0.4484  0.1171  0.2342  1
180:   0.2242  0.0180  0.1882  0.2853  0.2843  1
181:   0.1490  0.1790  0.1630  0.2760  0.2330  1
182:   0.2028  0.0320  0.2777  0.2168  0.2707  1
183:   0.2710  0.0190  0.1840  0.2990  0.2270  1
184:   0.2018  0.0430  0.3596  0.1469  0.2488  1
185:   0.1742  0.0300  0.1992  0.3203  0.2763  1
186:   0.2088  0.0180  0.1858  0.3257  0.2617  1
187:   0.3180  0.0190  0.1950  0.2550  0.2130  1
188:   0.3107  0.0270  0.2338  0.2078  0.2208  1
189:   0.1790  0.0230  0.4000  0.1570  0.2410  1
190:   0.2310  0.0180  0.3150  0.1960  0.2400  1
191:   0.1710  0.0330  0.2080  0.2840  0.3040  1
192:   0.2320  0.0150  0.2870  0.2060  0.2600  1
193:   0.3470  0.0830  0.1470  0.2290  0.1940  1
194:   0.2172  0.0270  0.3413  0.1852  0.2292  1
195:   0.2220  0.0410  0.3130  0.1920  0.2320  1
196:   0.2610  0.1410  0.1540  0.2410  0.2030  1
197:   0.1938  0.0070  0.4136  0.1369  0.2488  1
198:   0.1978  0.0120  0.3626  0.1638  0.2637  1
199:   0.1870  0.0120  0.3260  0.1860  0.2890  1
200:   0.3010  0.0150  0.2860  0.1920  0.2060  1
201:   0.2272  0.0150  0.2062  0.2673  0.2843  1
202:   0.3500  0.0890  0.1460  0.2220  0.1930  1
203:   0.1920  0.0200  0.1770  0.2950  0.3160  1
204:   0.2138  0.0270  0.2438  0.2358  0.2797  1
205:   0.1570  0.0080  0.2630  0.3140  0.2580  1
206:   0.2750  0.0130  0.2350  0.2320  0.2450  1
207:   0.2520  0.0200  0.2980  0.1980  0.2320  1
208:   0.2460  0.0530  0.1750  0.2570  0.2690  1
209:   0.4090  0.0110  0.1480  0.2060  0.2260  1
210:   0.1700  0.0090  0.1990  0.2930  0.3290  1
211:   0.1982  0.0080  0.4414  0.1431  0.2092  1
212:   0.1788  0.0200  0.1958  0.3277  0.2777  1
213:   0.3023  0.0641  0.1792  0.2402  0.2142  1
214:   0.2540  0.0110  0.2660  0.2310  0.2380  1
215:   0.2893  0.0190  0.1632  0.2763  0.2523  1
216:   0.2148  0.0340  0.3686  0.1608  0.2218  1
217:   0.3163  0.0330  0.1642  0.2372  0.2492  1
218:   0.1818  0.0250  0.1988  0.3137  0.2807  1
219:   0.1792  0.0090  0.2132  0.2783  0.3203  1
220:   0.3824  0.0300  0.1512  0.2472  0.1892  1
221:   0.2138  0.0080  0.2697  0.2527  0.2557  1
222:   0.1290  0.0060  0.2120  0.3720  0.2810  1
223:   0.2022  0.0260  0.3233  0.2012  0.2472  1
224:   0.1952  0.0090  0.4404  0.1451  0.2102  1
225:   0.1932  0.0060  0.2953  0.2202  0.2853  1
226:   0.2070  0.0130  0.1610  0.3540  0.2650  1
227:   0.2690  0.0110  0.1750  0.3030  0.2420  1
228:   0.1870  0.0440  0.1450  0.3700  0.2540  1
229:   0.2182  0.0090  0.4625  0.1021  0.2082  1
230:   0.3884  0.0180  0.1491  0.2513  0.1932  1
231:   0.3784  0.0250  0.1712  0.2122  0.2132  1
232:   0.1321  0.0080  0.2042  0.3884  0.2673  1
233:   0.3000  0.0220  0.2310  0.2310  0.2160  1
234:   0.3060  0.0110  0.2830  0.1470  0.2530  1
235:   0.1720  0.0210  0.1580  0.3720  0.2770  1
236:   0.2160  0.0640  0.1590  0.2830  0.2780  1
237:   0.2288  0.0080  0.2268  0.3107  0.2258  1
238:   0.3003  0.0240  0.3053  0.1742  0.1962  1
239:   0.2720  0.1180  0.1470  0.2250  0.2380  1
240:   0.1760  0.0070  0.3150  0.2280  0.2740  1
241:   0.1850  0.0080  0.2990  0.2310  0.2770  1
242:   0.3380  0.0260  0.2530  0.1830  0.2000  1
243:   0.1812  0.0150  0.3393  0.2102  0.2543  1
244:   0.2130  0.0420  0.2630  0.2220  0.2600  1
245:   0.2140  0.0080  0.2010  0.2610  0.3160  1
246:   0.2530  0.1530  0.1480  0.2140  0.2320  1
247:   0.2660  0.0170  0.1670  0.2920  0.2580  1
248:   0.2160  0.0410  0.2920  0.2030  0.2480  1
249:   0.4630  0.0280  0.1180  0.2000  0.1910  1
250:   0.2760  0.0140  0.2110  0.2410  0.2580  1
251:   0.1942  0.0100  0.3734  0.1722  0.2503  1
252:   0.1201  0.5255  0.1171  0.1251  0.1121  1
253:   0.2258  0.0669  0.4036  0.1129  0.1908  1
254:   0.2510  0.0090  0.2400  0.2240  0.2760  1
255:   0.2130  0.0180  0.2980  0.1990  0.2720  1
256:   0.2120  0.0110  0.2610  0.2450  0.2710  1
257:   0.1300  0.0080  0.1840  0.3880  0.2900  1
258:   0.2298  0.0170  0.3017  0.2078  0.2438  1
259:   0.2180  0.0390  0.3450  0.1750  0.2230  1
260:   0.1758  0.0100  0.2517  0.2887  0.2737  1
261:   0.1928  0.0250  0.1648  0.3536  0.2637  1
262:   0.2130  0.0450  0.1890  0.3190  0.2340  1
263:   0.2410  0.0360  0.2100  0.2790  0.2340  1
264:   0.2290  0.0190  0.2560  0.2140  0.2820  1
265:   0.2010  0.0160  0.3090  0.2230  0.2510  1
266:   0.1580  0.0140  0.3080  0.2070  0.3130  1
267:   0.2130  0.0740  0.1870  0.2460  0.2800  1
268:   0.2520  0.0130  0.2110  0.2700  0.2540  1
269:   0.2610  0.0100  0.3630  0.1570  0.2090  1
270:   0.1578  0.0070  0.2478  0.2917  0.2957  1
271:   0.1602  0.0130  0.3043  0.2042  0.3183  1
272:   0.1982  0.0250  0.4725  0.1061  0.1982  1
273:   0.2510  0.0220  0.3110  0.1960  0.2200  1
274:   0.3000  0.0370  0.1800  0.2750  0.2080  1
275:   0.2880  0.0110  0.1670  0.2840  0.2500  1
276:   0.1692  0.0140  0.1742  0.3804  0.2623  1
277:   0.1910  0.0070  0.4730  0.0820  0.2470  1
278:   0.1792  0.0090  0.5395  0.0781  0.1942  1
279:   0.1990  0.0230  0.3150  0.1870  0.2760  1
280:   0.1910  0.0110  0.2330  0.2900  0.2750  1
281:   0.1800  0.0220  0.3250  0.1890  0.2840  1
282:   0.1830  0.0190  0.3780  0.1830  0.2370  1
283:   0.2020  0.0150  0.4080  0.1330  0.2420  1
284:   0.2012  0.0090  0.3584  0.1832  0.2482  1
285:   0.3070  0.0170  0.1610  0.2750  0.2400  1
286:   0.4254  0.0200  0.1662  0.2172  0.1712  1
287:   0.1992  0.0110  0.2913  0.2392  0.2593  1
288:   0.2330  0.0200  0.3310  0.1840  0.2320  1
289:   0.2052  0.0180  0.3003  0.2252  0.2513  1
290:   0.2040  0.0230  0.4700  0.1000  0.2030  1
291:   0.1710  0.0300  0.2290  0.2600  0.3100  1
292:   0.2270  0.0090  0.2870  0.2200  0.2570  1
293:   0.3167  0.0100  0.1888  0.2348  0.2498  1
294:   0.2000  0.0250  0.4490  0.1010  0.2250  1
295:   0.1830  0.0190  0.2730  0.2560  0.2690  1
296:   0.2262  0.0280  0.1822  0.3103  0.2533  1
297:   0.1820  0.1030  0.1420  0.3090  0.2640  1
298:   0.2000  0.0180  0.1620  0.3480  0.2720  1
299:   0.1341  0.0060  0.1612  0.4184  0.2803  1
300:   0.2783  0.0320  0.2372  0.2412  0.2112  1
301:   0.3120  0.0250  0.2680  0.1940  0.2010  1
302:   0.1230  0.0150  0.1990  0.3940  0.2690  1
303:   0.2660  0.0570  0.1890  0.2330  0.2550  1
304:   0.2630  0.0150  0.3700  0.1430  0.2090  1
305:   0.2382  0.0110  0.4354  0.1181  0.1972  1
306:   0.1700  0.0130  0.2250  0.3330  0.2590  1
307:   0.3170  0.0230  0.1940  0.2440  0.2220  1
308:   0.4250  0.0180  0.1940  0.1910  0.1720  1
309:   0.2080  0.0130  0.4700  0.1060  0.2030  1
310:   0.1980  0.0150  0.2660  0.2660  0.2550  1
311:   0.3450  0.0260  0.1370  0.2590  0.2330  1
312:   0.5025  0.0210  0.1179  0.2108  0.1479  1
313:   0.2110  0.0170  0.3410  0.1660  0.2650  1
314:   0.1970  0.0090  0.1720  0.3580  0.2640  1
315:   0.2690  0.0670  0.2120  0.2380  0.2140  1
316:   0.3950  0.0550  0.1330  0.2230  0.1940  1
317:   0.2308  0.0649  0.1998  0.2418  0.2627  1
318:   0.1439  0.0130  0.1938  0.3417  0.3077  1
319:   0.2038  0.0100  0.4076  0.1249  0.2537  1
320:   0.1930  0.0070  0.2670  0.2730  0.2600  1
321:   0.1990  0.0140  0.2250  0.2920  0.2700  1
322:   0.1890  0.0290  0.3470  0.1630  0.2720  1
323:   0.2092  0.0150  0.4184  0.1341  0.2232  1
324:   0.3267  0.0150  0.1499  0.2617  0.2468  1
325:   0.1320  0.0060  0.2610  0.3380  0.2630  1
326:   0.2650  0.0080  0.3020  0.1900  0.2350  1
327:   0.3160  0.0290  0.1880  0.2280  0.2390  1
328:   0.2492  0.0841  0.2022  0.2092  0.2553  1
329:   0.2710  0.0090  0.3500  0.1670  0.2030  1
330:   0.2280  0.0360  0.2590  0.1990  0.2780  1
331:   0.1778  0.0170  0.2837  0.2577  0.2637  1
332:   0.1752  0.0250  0.2783  0.2342  0.2873  1
333:   0.2272  0.0220  0.2082  0.2492  0.2933  1
334:   0.1370  0.1300  0.1890  0.2540  0.2900  1
335:   0.1520  0.0080  0.2630  0.2460  0.3310  1
336:   0.1918  0.0130  0.3656  0.1938  0.2358  1
337:   0.1990  0.0340  0.2880  0.2230  0.2560  1
338:   0.1950  0.0360  0.3390  0.2030  0.2270  1
339:   0.2020  0.1130  0.2390  0.2340  0.2120  1
340:   0.1710  0.0170  0.1460  0.3810  0.2850  1
341:   0.1780  0.0150  0.2250  0.2790  0.3030  1
342:   0.2152  0.4264  0.0831  0.1562  0.1191  1
343:   0.1720  0.0300  0.2150  0.2980  0.2850  1
344:   0.2022  0.0220  0.2212  0.2683  0.2863  1
345:   0.1610  0.0370  0.2800  0.2730  0.2490  1
346:   0.1650  0.0200  0.2210  0.2660  0.3280  1
347:   0.3856  0.0549  0.1908  0.2048  0.1638  1
348:   0.2198  0.0060  0.1888  0.3277  0.2577  1
349:   0.2450  0.1680  0.1760  0.2460  0.1650  1
350:   0.2070  0.0190  0.1910  0.3360  0.2470  1
351:   0.1628  0.0120  0.1948  0.3227  0.3077  1
352:   0.1968  0.0070  0.3197  0.2388  0.2378  1
353:   0.2380  0.0080  0.2860  0.1830  0.2850  1
354:   0.2570  0.0140  0.2300  0.2640  0.2350  1
355:   0.4114  0.0180  0.1411  0.2462  0.1832  1
356:   0.3073  0.0490  0.1451  0.2432  0.2553  1
357:   0.2740  0.0130  0.2150  0.2440  0.2540  1
358:   0.1620  0.0080  0.1540  0.3940  0.2820  1
359:   0.2162  0.2122  0.1892  0.1842  0.1982  1
360:   0.2080  0.0190  0.1800  0.2960  0.2970  1
361:   0.3077  0.1399  0.1469  0.2198  0.1858  1
362:   0.4250  0.0280  0.1840  0.2090  0.1540  1
363:   0.1900  0.0080  0.1550  0.3560  0.2910  1
364:   0.1980  0.0540  0.3010  0.2150  0.2320  1
365:   0.1730  0.1440  0.1880  0.2550  0.2400  1
366:   0.2398  0.0230  0.1858  0.3047  0.2468  1
367:   0.2080  0.0200  0.3620  0.1870  0.2230  1
368:   0.1810  0.0130  0.3900  0.1300  0.2860  1
369:   0.3724  0.0090  0.2112  0.2202  0.1872  1
370:   0.1962  0.0100  0.3193  0.2162  0.2583  1
371:   0.2520  0.0110  0.1930  0.2610  0.2830  1
372:   0.4705  0.0861  0.1261  0.1862  0.1311  1
373:   0.4404  0.0801  0.1431  0.1792  0.1572  1
374:   0.1850  0.0720  0.3260  0.1690  0.2480  1
375:   0.2580  0.0180  0.2810  0.2210  0.2220  1
376:   0.1479  0.0100  0.2577  0.3217  0.2627  1
377:   0.1429  0.0230  0.2098  0.3656  0.2587  1
378:   0.2130  0.0190  0.2680  0.2500  0.2500  1
379:   0.3340  0.0250  0.1780  0.2730  0.1900  1
380:   0.1842  0.0110  0.3423  0.1712  0.2913  1
381:   0.1850  0.0170  0.2400  0.2600  0.2980  1
382:   0.1842  0.0120  0.2503  0.2523  0.3013  1
383:   0.3030  0.0120  0.1950  0.2340  0.2560  1
384:   0.2082  0.0140  0.2322  0.2973  0.2482  1
385:   0.2980  0.0170  0.2850  0.1930  0.2070  1
386:   0.2290  0.0190  0.1660  0.3210  0.2650  1
387:   0.1702  0.0220  0.2893  0.2623  0.2563  1
388:   0.1840  0.0630  0.1360  0.3190  0.2980  1
389:   0.3200  0.0080  0.2200  0.2270  0.2250  1
390:   0.1700  0.0110  0.2390  0.2980  0.2820  1
391:   0.1920  0.0170  0.3010  0.2020  0.2880  1
392:   0.2440  0.0240  0.2250  0.2900  0.2170  1
393:   0.1770  0.0130  0.2340  0.3130  0.2630  1
394:   0.2360  0.0260  0.1860  0.2970  0.2550  1
395:   0.2150  0.1740  0.2360  0.1830  0.1920  1
396:   0.2780  0.0070  0.2410  0.2250  0.2490  1
397:   0.2150  0.0230  0.2120  0.2500  0.3000  1
398:   0.1930  0.0200  0.3590  0.1910  0.2370  1
399:   0.1389  0.0140  0.2118  0.3746  0.2607  1
400:   0.1872  0.0300  0.1772  0.3433  0.2623  1
401:   0.2360  0.0140  0.2550  0.2550  0.2400  1
402:   0.1658  0.1618  0.1938  0.2108  0.2677  1
403:   0.1740  0.0270  0.2050  0.2580  0.3360  1
404:   0.0640  0.7490  0.0570  0.0670  0.0630  1
405:   0.1470  0.0510  0.1750  0.3650  0.2620  1
406:   0.3253  0.0841  0.1431  0.2252  0.2222  1
407:   0.1100  0.6310  0.0620  0.1150  0.0820  1
408:   0.1920  0.0160  0.3350  0.2100  0.2470  1
409:   0.2190  0.1550  0.3670  0.1080  0.1510  1
410:   0.1360  0.0130  0.2100  0.3820  0.2590  1
411:   0.3073  0.0140  0.1962  0.2422  0.2402  1
412:   0.2240  0.0310  0.3620  0.1620  0.2210  1
413:   0.3043  0.1191  0.1832  0.2022  0.1912  1
414:   0.2222  0.0290  0.2442  0.2312  0.2733  1
415:   0.2028  0.0100  0.3686  0.1788  0.2398  1
416:   0.1130  0.0080  0.1680  0.4240  0.2870  1
417:   0.3740  0.0150  0.1140  0.3080  0.1890  1
418:   0.3564  0.0130  0.1151  0.2913  0.2242  1
419:   0.2860  0.0520  0.3530  0.1400  0.1690  1
420:   0.1678  0.0659  0.1798  0.3107  0.2757  1
421:   0.4560  0.0100  0.1250  0.2310  0.1780  1
422:   0.1261  0.0100  0.1632  0.4294  0.2713  1
423:   0.1948  0.0230  0.2218  0.2607  0.2997  1
424:   0.1600  0.0080  0.2220  0.3480  0.2620  1
425:   0.1199  0.0130  0.1499  0.4396  0.2777  1
426:   0.2190  0.0430  0.2020  0.2640  0.2720  1
427:   0.2070  0.0240  0.1470  0.3780  0.2440  1
428:   0.2080  0.0340  0.2390  0.2380  0.2810  1
429:   0.1380  0.0160  0.1530  0.4280  0.2650  1
430:   0.2540  0.0110  0.2880  0.2170  0.2300  1
431:   0.5836  0.0120  0.0621  0.2192  0.1231  1
432:   0.1141  0.5786  0.0751  0.1311  0.1011  1
433:   0.1892  0.0531  0.2072  0.2833  0.2673  1
434:   0.2697  0.0220  0.2567  0.2468  0.2048  1
435:   0.2128  0.0190  0.1528  0.3347  0.2807  1
436:   0.1680  0.0220  0.1780  0.3790  0.2530  1
437:   0.2920  0.0100  0.1810  0.3030  0.2140  1
438:   0.2020  0.0120  0.1400  0.3750  0.2710  1
439:   0.1310  0.5140  0.0900  0.1440  0.1210  1
440:   0.2877  0.0649  0.1159  0.3167  0.2148  1
441:   0.2960  0.0270  0.2450  0.2220  0.2100  1
442:   0.1828  0.0150  0.4755  0.1129  0.2138  1
443:   0.3260  0.0460  0.2900  0.1650  0.1730  1
444:   0.2156  0.0349  0.1996  0.2615  0.2884  1
445:   0.3390  0.1280  0.1370  0.2170  0.1790  1
446:   0.3000  0.1250  0.2040  0.1930  0.1780  1
447:   0.2970  0.0270  0.1910  0.2620  0.2230  1
448:   0.2270  0.1250  0.1660  0.2690  0.2130  1
449:   0.2970  0.1280  0.2320  0.1790  0.1640  1
450:   0.3790  0.0730  0.1820  0.2000  0.1660  1
451:   0.2178  0.0200  0.4665  0.0969  0.1988  1
452:   0.1930  0.0580  0.1440  0.3680  0.2370  1
453:   0.1952  0.1101  0.1391  0.3333  0.2222  1
454:   0.3127  0.1628  0.2168  0.1598  0.1479  1
455:   0.2993  0.1161  0.2252  0.1832  0.1762  1
456:   0.2710  0.1720  0.2210  0.1650  0.1710  1
457:   0.3007  0.0989  0.1379  0.2777  0.1848  1
458:   0.3213  0.0801  0.1922  0.1992  0.2072  1
459:   0.2432  0.0130  0.3433  0.1962  0.2042  1
460:   0.2150  0.0140  0.4680  0.1030  0.2000  1
461:   0.3936  0.1279  0.1069  0.2128  0.1588  1
462:   0.0100  0.9600  0.0100  0.0100  0.0100  1
463:   0.0120  0.9540  0.0100  0.0130  0.0110  1
464:   0.0190  0.9249  0.0170  0.0200  0.0190  1
465:   0.4416  0.2238  0.0669  0.1668  0.1009  1
466:   0.0310  0.8790  0.0230  0.0370  0.0300  1
467:   0.1640  0.3990  0.1490  0.1510  0.1370  1
468:   0.1668  0.3417  0.1379  0.1628  0.1908  1
469:   0.3010  0.2300  0.0980  0.2060  0.1650  1
470:   0.0970  0.7380  0.0460  0.0610  0.0580  1
471:   0.2248  0.3716  0.1349  0.1399  0.1289  1
472:   0.1618  0.3017  0.1189  0.2308  0.1868  1
473:   0.2112  0.2653  0.1502  0.2002  0.1732  1
474:   0.0170  0.9280  0.0180  0.0200  0.0170  1
475:   0.1830  0.6160  0.0420  0.0900  0.0690  1
476:   0.0300  0.8969  0.0240  0.0250  0.0240  1
477:   0.0240  0.9070  0.0260  0.0210  0.0220  1
478:   0.1568  0.3287  0.1449  0.1958  0.1738  1
479:   0.0190  0.9270  0.0170  0.0180  0.0190  1
480:   0.0170  0.9379  0.0150  0.0150  0.0150  1
481:   0.0250  0.9091  0.0220  0.0220  0.0220  1
482:   0.0090  0.9630  0.0100  0.0090  0.0090  1
483:   0.0230  0.9149  0.0200  0.0210  0.0210  1
484:   0.2560  0.0940  0.1460  0.2650  0.2390  1
485:   0.0689  0.7612  0.0450  0.0669  0.0579  1
486:   0.0420  0.8690  0.0320  0.0300  0.0270  1
487:   0.0100  0.9580  0.0110  0.0100  0.0110  1
488:   0.0310  0.8990  0.0230  0.0240  0.0230  1
489:   0.2010  0.5420  0.0690  0.1060  0.0820  1
490:   0.1548  0.2947  0.1249  0.2348  0.1908  1
491:   0.0190  0.9240  0.0180  0.0200  0.0190  1
492:   0.0739  0.7852  0.0370  0.0579  0.0460  1
493:   0.0140  0.9470  0.0120  0.0140  0.0130  1
494:   0.0100  0.9640  0.0090  0.0080  0.0090  1
495:   0.0070  0.9690  0.0080  0.0080  0.0080  1
496:   0.0250  0.8989  0.0240  0.0250  0.0270  1
497:   0.3363  0.0581  0.2733  0.1662  0.1662  1
498:   0.1690  0.4470  0.1350  0.1270  0.1220  1
499:   0.0190  0.9370  0.0160  0.0140  0.0140  1
500:   0.1780  0.5400  0.1080  0.1000  0.0740  1
501:   0.0110  0.9570  0.0100  0.0110  0.0110  1
502:   0.0140  0.9459  0.0130  0.0130  0.0140  1
503:   0.0110  0.9570  0.0110  0.0110  0.0100  1
504:   0.0150  0.9390  0.0140  0.0160  0.0160  1
505:   0.0609  0.7433  0.0599  0.0699  0.0659  1
506:   0.0539  0.8042  0.0549  0.0450  0.0420  1
507:   0.0280  0.9161  0.0180  0.0210  0.0170  1
508:   0.1110  0.6210  0.0770  0.1000  0.0910  1
509:   0.0080  0.9700  0.0070  0.0070  0.0080  1
510:   0.0150  0.9380  0.0160  0.0150  0.0160  1
511:   0.0110  0.9560  0.0110  0.0110  0.0110  1
512:   0.0250  0.9119  0.0210  0.0200  0.0220  1
513:   0.2238  0.0609  0.2268  0.2238  0.2647  1
514:   0.0100  0.9550  0.0120  0.0110  0.0120  1
515:   0.0790  0.7770  0.0320  0.0650  0.0470  1
516:   0.1391  0.4605  0.1131  0.1351  0.1522  1
517:   0.0160  0.9390  0.0160  0.0140  0.0150  1
518:   0.0100  0.9620  0.0100  0.0090  0.0090  1
519:   0.0170  0.9330  0.0190  0.0150  0.0160  1
520:   0.0280  0.8829  0.0250  0.0340  0.0300  1
521:   0.0110  0.9570  0.0110  0.0100  0.0110  1
522:   0.0090  0.9670  0.0080  0.0080  0.0080  1
523:   0.0741  0.6106  0.0811  0.1421  0.0921  1
524:   0.0330  0.8921  0.0230  0.0280  0.0240  1
525:   0.0220  0.9109  0.0220  0.0230  0.0220  1
526:   0.0220  0.9130  0.0210  0.0230  0.0210  1
527:   0.0280  0.8860  0.0250  0.0340  0.0270  1
528:   0.0270  0.9000  0.0220  0.0270  0.0240  1
529:   0.0910  0.6760  0.0510  0.0980  0.0840  1
530:   0.0090  0.9630  0.0090  0.0090  0.0100  1
531:   0.0280  0.8980  0.0240  0.0250  0.0250  1
532:   0.0170  0.9359  0.0160  0.0160  0.0150  1
533:   0.0130  0.9489  0.0120  0.0130  0.0130  1
534:   0.0260  0.9120  0.0200  0.0210  0.0210  1
535:   0.0150  0.9421  0.0150  0.0130  0.0150  1
536:   0.0070  0.9720  0.0070  0.0070  0.0070  1
537:   0.0100  0.9610  0.0100  0.0090  0.0100  1
538:   0.0080  0.9680  0.0080  0.0080  0.0080  1
539:   0.0070  0.9720  0.0070  0.0070  0.0070  1
540:   0.0250  0.9010  0.0290  0.0230  0.0220  1
541:   0.2613  0.1692  0.1171  0.2372  0.2152  1
542:   0.0130  0.9530  0.0110  0.0110  0.0120  1
543:   0.0350  0.8690  0.0310  0.0310  0.0340  1
544:   0.0170  0.9310  0.0180  0.0170  0.0170  1
545:   0.0080  0.9710  0.0070  0.0070  0.0070  1
546:   0.1070  0.5990  0.1080  0.0910  0.0950  1
547:   0.0440  0.8290  0.0430  0.0410  0.0430  1
548:   0.0160  0.9379  0.0150  0.0150  0.0160  1
549:   0.0140  0.9370  0.0170  0.0150  0.0170  1
550:   0.0080  0.9660  0.0080  0.0090  0.0090  1
551:   0.1782  0.1171  0.1652  0.2643  0.2753  1
552:   0.0180  0.9360  0.0140  0.0150  0.0170  1
553:   0.1730  0.4730  0.1410  0.0980  0.1150  1
554:   0.0720  0.7880  0.0410  0.0530  0.0460  1
555:   0.0100  0.9620  0.0090  0.0090  0.0100  1
556:   0.0340  0.8910  0.0200  0.0290  0.0260  1
557:   0.0080  0.9690  0.0070  0.0080  0.0080  1
558:   0.0530  0.8210  0.0380  0.0480  0.0400  1
559:   0.1161  0.5445  0.1051  0.1141  0.1201  1
560:   0.0340  0.8741  0.0280  0.0350  0.0290  1
561:   0.0500  0.8260  0.0390  0.0460  0.0390  1
562:   0.0070  0.9720  0.0070  0.0070  0.0070  1
563:   0.0140  0.9491  0.0110  0.0140  0.0120  1
564:   0.0140  0.9470  0.0140  0.0120  0.0130  1
565:   0.0430  0.8560  0.0300  0.0380  0.0330  1
566:   0.2270  0.3390  0.1320  0.1590  0.1430  1
567:   0.0150  0.9419  0.0150  0.0140  0.0140  1
568:   0.0480  0.8312  0.0370  0.0430  0.0410  1
569:   0.0160  0.9401  0.0150  0.0140  0.0150  1
570:   0.1508  0.3337  0.3217  0.0669  0.1269  1
571:   0.2088  0.3546  0.0979  0.1848  0.1538  1
572:   0.0300  0.8891  0.0220  0.0320  0.0270  1
573:   0.2687  0.0120  0.2018  0.2617  0.2557  1
574:   0.2783  0.1131  0.1311  0.2603  0.2172  1
575:   0.2278  0.0669  0.1678  0.2517  0.2857  1
576:   0.1862  0.0280  0.1572  0.3654  0.2633  1
577:   0.1490  0.0190  0.1690  0.4080  0.2550  1
578:   0.3260  0.2110  0.1250  0.1930  0.1450  1
579:   0.0270  0.8820  0.0270  0.0350  0.0290  1
580:   0.1309  0.5864  0.0829  0.0989  0.1009  1
581:   0.0110  0.9550  0.0110  0.0120  0.0110  1
582:   0.2450  0.0300  0.4360  0.1170  0.1720  1
583:   0.0160  0.9401  0.0140  0.0150  0.0150  1
584:   0.1360  0.6030  0.0830  0.0890  0.0890  1
585:   0.1520  0.4930  0.1130  0.1170  0.1250  1
586:   0.0160  0.9451  0.0120  0.0140  0.0130  1
587:   0.0180  0.9261  0.0230  0.0160  0.0170  1
588:   0.0130  0.9510  0.0140  0.0100  0.0120  1
589:   0.0740  0.7670  0.0600  0.0520  0.0470  1
590:   0.0130  0.9460  0.0160  0.0120  0.0130  1
591:   0.0140  0.9469  0.0120  0.0140  0.0130  1
592:   0.0539  0.8182  0.0440  0.0450  0.0390  1
593:   0.0130  0.9520  0.0120  0.0120  0.0110  1
594:   0.1700  0.3560  0.1170  0.2070  0.1500  1
595:   0.0519  0.8112  0.0470  0.0460  0.0440  1
596:   0.0080  0.9710  0.0070  0.0070  0.0070  1
597:   0.0160  0.9451  0.0120  0.0140  0.0130  1
598:   0.1081  0.5886  0.1241  0.0891  0.0901  1
599:   0.0090  0.9660  0.0080  0.0090  0.0080  1
600:   0.0140  0.9440  0.0130  0.0150  0.0140  1
601:   0.0090  0.9650  0.0090  0.0080  0.0090  1
602:   0.0679  0.7762  0.0410  0.0659  0.0490  1
603:   0.0370  0.8761  0.0290  0.0300  0.0280  1
604:   0.0859  0.5425  0.1598  0.1069  0.1049  1
605:   0.0330  0.8950  0.0240  0.0240  0.0240  1
606:   0.0430  0.8721  0.0360  0.0240  0.0250  1
607:   0.0080  0.9710  0.0070  0.0070  0.0070  1
608:   0.1209  0.5734  0.0839  0.1099  0.1119  1
609:   0.0280  0.9051  0.0240  0.0220  0.0210  1
610:   0.0220  0.9240  0.0180  0.0190  0.0170  1
611:   0.0810  0.7290  0.0530  0.0750  0.0620  1
612:   0.4420  0.0780  0.1100  0.2100  0.1600  1
613:   0.0110  0.9590  0.0100  0.0100  0.0100  1
614:   0.0090  0.9630  0.0090  0.0100  0.0090  1
615:   0.0100  0.9590  0.0090  0.0110  0.0110  1
616:   0.0551  0.8358  0.0340  0.0420  0.0330  1
617:   0.0160  0.9341  0.0190  0.0140  0.0170  1
618:   0.0680  0.8030  0.0390  0.0500  0.0400  1
619:   0.0140  0.9461  0.0150  0.0130  0.0120  1
620:   0.0210  0.9229  0.0170  0.0200  0.0190  1
621:   0.2000  0.0640  0.3440  0.1700  0.2220  1
622:   0.0160  0.9449  0.0120  0.0140  0.0130  1
623:   0.0230  0.9040  0.0270  0.0230  0.0230  1

  1:   0.0460  0.8300  0.0360  0.0460  0.0420  1
  2:   0.0230  0.8770  0.0490  0.0200  0.0310  1
  3:   0.0210  0.9200  0.0190  0.0210  0.0190  1
  4:   0.0280  0.8780  0.0390  0.0200  0.0350  1
  5:   0.0160  0.9360  0.0150  0.0170  0.0160  1
  6:   0.0170  0.9360  0.0160  0.0160  0.0150  1
  7:   0.0360  0.8510  0.0510  0.0240  0.0380  1
  8:   0.0160  0.9291  0.0190  0.0180  0.0180  1
  9:   0.0200  0.9219  0.0180  0.0200  0.0200  1
 10:   0.0130  0.9449  0.0140  0.0150  0.0130  1
 11:   0.0220  0.9110  0.0210  0.0230  0.0230  1
 12:   0.1918  0.2627  0.1508  0.1858  0.2088  1
 13:   0.0561  0.7938  0.0470  0.0460  0.0571  1
 14:   0.1640  0.4280  0.1550  0.1110  0.1420  1
 15:   0.0990  0.6100  0.1030  0.0980  0.0900  1
 16:   0.2010  0.0100  0.1600  0.3710  0.2580  1
 17:   0.1890  0.0080  0.2790  0.2990  0.2250  1
 18:   0.2010  0.0110  0.2860  0.2780  0.2240  1
 19:   0.1530  0.0300  0.3880  0.1600  0.2690  1
 20:   0.4320  0.0110  0.1860  0.1950  0.1760  1
 21:   0.1110  0.0130  0.5070  0.1260  0.2430  1
 22:   0.1610  0.1720  0.2800  0.1670  0.2200  1
 23:   0.2600  0.0480  0.2580  0.2060  0.2280  1
 24:   0.2190  0.0240  0.3400  0.1580  0.2590  1
 25:   0.1730  0.0220  0.1660  0.3580  0.2810  1
 26:   0.3230  0.0560  0.2140  0.1850  0.2220  1
 27:   0.2940  0.0160  0.2650  0.1990  0.2260  1
 28:   0.1730  0.0090  0.2570  0.2730  0.2880  1
 29:   0.1650  0.0110  0.1670  0.4090  0.2480  1
 30:   0.1450  0.0200  0.3990  0.2010  0.2350  1
 31:   0.1270  0.4810  0.1120  0.1480  0.1320  1
 32:   0.1430  0.0100  0.4510  0.1190  0.2770  1
 33:   0.2070  0.0120  0.3690  0.1600  0.2520  1
 34:   0.1410  0.5100  0.1290  0.1060  0.1140  1
 35:   0.2100  0.0460  0.1670  0.3030  0.2740  1
 36:   0.1742  0.0330  0.1762  0.3413  0.2753  1
 37:   0.3070  0.0660  0.2020  0.1890  0.2360  1
 38:   0.2000  0.0160  0.2430  0.2860  0.2550  1
 39:   0.1710  0.0120  0.1970  0.3220  0.2980  1
 40:   0.2220  0.0110  0.2920  0.2000  0.2750  1
 41:   0.3087  0.0180  0.1928  0.2517  0.2288  1
 42:   0.2448  0.0220  0.2268  0.2438  0.2627  1
 43:   0.3050  0.0290  0.1760  0.2400  0.2500  1
 44:   0.1638  0.0090  0.1838  0.3576  0.2857  1
 45:   0.2820  0.0170  0.1980  0.2410  0.2620  1
 46:   0.2553  0.0250  0.1792  0.2853  0.2553  1
 47:   0.3047  0.0260  0.2028  0.2348  0.2318  1
 48:   0.1740  0.0370  0.2800  0.2330  0.2760  1
 49:   0.1870  0.0440  0.3520  0.1840  0.2330  1
 50:   0.3313  0.0691  0.1622  0.2242  0.2132  1
 51:   0.3110  0.0450  0.1920  0.2440  0.2080  1
 52:   0.1840  0.0490  0.2900  0.2240  0.2530  1
 53:   0.0980  0.0230  0.5060  0.1030  0.2700  1
 54:   0.3337  0.0110  0.1788  0.2537  0.2228  1
 55:   0.1622  0.0080  0.4194  0.1912  0.2192  1
 56:   0.2720  0.0210  0.2020  0.2660  0.2390  1
 57:   0.2580  0.0700  0.1500  0.2590  0.2630  1
 58:   0.2238  0.0220  0.3197  0.2038  0.2308  1
 59:   0.2310  0.0120  0.2620  0.2710  0.2240  1
 60:   0.1730  0.0330  0.2940  0.2050  0.2950  1
 61:   0.3636  0.0070  0.1978  0.2168  0.2148  1
 62:   0.1940  0.0180  0.2510  0.2630  0.2740  1
 63:   0.3340  0.0330  0.1770  0.2400  0.2160  1
 64:   0.2390  0.0220  0.2120  0.2930  0.2340  1
 65:   0.2557  0.0100  0.1918  0.3087  0.2338  1
 66:   0.2520  0.0110  0.1870  0.3190  0.2310  1
 67:   0.1860  0.0150  0.2430  0.3230  0.2330  1
 68:   0.3930  0.0390  0.1630  0.1850  0.2200  1
 69:   0.2977  0.0090  0.1878  0.2777  0.2278  1
 70:   0.1530  0.0170  0.3700  0.2170  0.2430  1
 71:   0.3310  0.0140  0.1860  0.2280  0.2410  1
 72:   0.2420  0.0050  0.1640  0.3440  0.2450  1
 73:   0.2420  0.0420  0.2050  0.2650  0.2460  1
 74:   0.2583  0.0080  0.2593  0.2533  0.2212  1
 75:   0.1942  0.0170  0.1622  0.3283  0.2983  1
 76:   0.3590  0.0830  0.1580  0.2080  0.1920  1
 77:   0.1390  0.0940  0.1760  0.3300  0.2610  1
 78:   0.2767  0.0160  0.2268  0.2398  0.2408  1
 79:   0.2110  0.0090  0.3810  0.1630  0.2360  1
 80:   0.4370  0.0180  0.1500  0.2090  0.1860  1
 81:   0.2380  0.0170  0.3220  0.1810  0.2420  1
 82:   0.5355  0.0080  0.1419  0.1718  0.1429  1
 83:   0.3493  0.0160  0.2112  0.1932  0.2302  1
 84:   0.3130  0.0180  0.2320  0.2180  0.2190  1
 85:   0.2448  0.0150  0.1948  0.2887  0.2567  1
 86:   0.2170  0.0230  0.2920  0.2410  0.2270  1
 87:   0.2420  0.0090  0.1920  0.3360  0.2210  1
 88:   0.2963  0.0230  0.1652  0.2883  0.2272  1
 89:   0.5140  0.0100  0.1470  0.1770  0.1520  1
 90:   0.3490  0.0110  0.1860  0.2080  0.2460  1
 91:   0.2530  0.0110  0.2190  0.2770  0.2400  1
 92:   0.2400  0.0090  0.2320  0.2760  0.2430  1
 93:   0.1900  0.0240  0.2800  0.2630  0.2430  1
 94:   0.1410  0.0060  0.4170  0.1780  0.2580  1
 95:   0.2048  0.0150  0.3437  0.1978  0.2388  1
 96:   0.1870  0.1880  0.2490  0.1650  0.2110  1
 97:   0.2140  0.0120  0.2900  0.2520  0.2320  1
 98:   0.1770  0.0190  0.2940  0.2570  0.2530  1
 99:   0.2600  0.0220  0.2210  0.2760  0.2210  1
100:   0.2510  0.0250  0.2900  0.2050  0.2290  1
101:   0.2330  0.0250  0.1700  0.2960  0.2760  1
102:   0.2368  0.0120  0.2438  0.2348  0.2727  1
103:   0.2102  0.0490  0.2813  0.2332  0.2262  1
104:   0.2827  0.0110  0.1958  0.2937  0.2168  1
105:   0.3397  0.0210  0.1728  0.2527  0.2138  1
106:   0.3370  0.0210  0.1810  0.2470  0.2140  1
107:   0.2780  0.1000  0.2090  0.1620  0.2510  1
108:   0.1340  0.0070  0.4500  0.1730  0.2360  1
109:   0.1982  0.0320  0.3844  0.1642  0.2212  1
110:   0.2943  0.0090  0.1902  0.2653  0.2412  1
111:   0.1778  0.0190  0.1618  0.3606  0.2807  1
112:   0.1800  0.0130  0.3450  0.2170  0.2450  1
113:   0.2620  0.0060  0.2160  0.2590  0.2570  1
114:   0.2750  0.0800  0.2160  0.1860  0.2430  1
115:   0.2710  0.0100  0.2290  0.2590  0.2310  1
116:   0.3830  0.0260  0.1580  0.2010  0.2320  1
117:   0.2452  0.0130  0.2392  0.2402  0.2623  1
118:   0.1798  0.0170  0.3896  0.1838  0.2298  1
119:   0.1850  0.0160  0.3760  0.2020  0.2210  1
120:   0.1858  0.2208  0.2288  0.1748  0.1898  1
121:   0.2150  0.0770  0.3160  0.1760  0.2160  1
122:   0.2180  0.0060  0.1900  0.3180  0.2680  1
123:   0.2900  0.0120  0.2460  0.2330  0.2190  1
124:   0.2517  0.0200  0.2837  0.2158  0.2288  1
125:   0.2570  0.0070  0.1760  0.3070  0.2530  1
126:   0.1740  0.0070  0.2890  0.2940  0.2360  1
127:   0.1870  0.0270  0.1500  0.3540  0.2820  1
128:   0.2600  0.0210  0.1880  0.3020  0.2290  1
129:   0.2740  0.0180  0.1920  0.2600  0.2560  1
130:   0.1900  0.0160  0.4070  0.1630  0.2240  1
131:   0.2300  0.0110  0.1910  0.3300  0.2380  1
132:   0.2673  0.0851  0.2643  0.1672  0.2162  1
133:   0.2078  0.0070  0.2857  0.2537  0.2458  1
134:   0.2120  0.0090  0.2000  0.3150  0.2640  1
135:   0.1080  0.0060  0.4850  0.1370  0.2640  1
136:   0.2590  0.0060  0.2010  0.3130  0.2210  1
137:   0.2088  0.0300  0.3277  0.2098  0.2238  1
138:   0.2760  0.0340  0.2170  0.2150  0.2580  1
139:   0.2242  0.0150  0.2182  0.3103  0.2322  1
140:   0.1520  0.0850  0.3970  0.1300  0.2360  1
141:   0.1708  0.0070  0.1568  0.3676  0.2977  1
142:   0.1778  0.0160  0.2338  0.3237  0.2488  1
143:   0.1171  0.5786  0.1061  0.0841  0.1141  1
144:   0.2880  0.0120  0.1780  0.2870  0.2350  1
145:   0.2620  0.0570  0.2770  0.1750  0.2290  1
146:   0.0940  0.0060  0.5250  0.1080  0.2670  1
147:   0.2663  0.2623  0.1481  0.1491  0.1742  1
148:   0.1872  0.0210  0.2933  0.2613  0.2372  1
149:   0.1740  0.0250  0.1710  0.3500  0.2800  1
150:   0.2520  0.0270  0.2440  0.2460  0.2310  1
151:   0.1339  0.0200  0.3996  0.1818  0.2647  1
152:   0.1712  0.0120  0.3594  0.1962  0.2613  1
153:   0.2490  0.0170  0.1640  0.3430  0.2270  1
154:   0.1100  0.0060  0.4880  0.1320  0.2640  1
155:   0.1940  0.0260  0.1630  0.3260  0.2910  1
156:   0.2058  0.0130  0.2208  0.2847  0.2757  1
157:   0.2240  0.0360  0.1810  0.2950  0.2640  1
158:   0.2637  0.0110  0.2068  0.2757  0.2428  1
159:   0.4630  0.0120  0.1390  0.1980  0.1880  1
160:   0.2633  0.0080  0.2182  0.2713  0.2392  1
161:   0.1840  0.0470  0.1930  0.3070  0.2690  1
162:   0.1800  0.0200  0.1800  0.3410  0.2790  1
163:   0.2048  0.0140  0.3566  0.2158  0.2088  1
164:   0.2800  0.0070  0.2240  0.2560  0.2330  1
165:   0.2833  0.0460  0.1882  0.2492  0.2332  1
166:   0.1530  0.0230  0.4250  0.1340  0.2650  1
167:   0.2470  0.0090  0.1970  0.2770  0.2700  1
168:   0.1818  0.0200  0.3526  0.1988  0.2468  1
169:   0.2863  0.0561  0.1672  0.2613  0.2292  1
170:   0.2128  0.0230  0.2448  0.2797  0.2398  1
171:   0.2130  0.0090  0.2100  0.3330  0.2350  1
172:   0.1838  0.0160  0.2188  0.3287  0.2527  1
173:   0.2230  0.0740  0.1900  0.2810  0.2320  1
174:   0.3740  0.0300  0.1940  0.1830  0.2190  1
175:   0.3510  0.0210  0.2080  0.1910  0.2290  1
176:   0.2162  0.0260  0.2282  0.2963  0.2332  1
177:   0.2360  0.0220  0.2720  0.2270  0.2430  1
178:   0.2410  0.0540  0.1810  0.2870  0.2370  1
179:   0.1230  0.0090  0.4370  0.1590  0.2720  1
180:   0.2040  0.0200  0.1840  0.3170  0.2750  1
181:   0.2010  0.1700  0.1610  0.2620  0.2060  1
182:   0.2020  0.0300  0.2450  0.2550  0.2680  1
183:   0.3063  0.0190  0.1982  0.2412  0.2352  1
184:   0.1642  0.0410  0.3473  0.1822  0.2653  1
185:   0.2527  0.0310  0.1838  0.3097  0.2228  1
186:   0.2527  0.0160  0.1968  0.2877  0.2468  1
187:   0.3280  0.0200  0.2000  0.2240  0.2280  1
188:   0.2897  0.0260  0.2288  0.1898  0.2657  1
189:   0.1380  0.0220  0.3770  0.2000  0.2630  1
190:   0.1832  0.0170  0.2873  0.2182  0.2943  1
191:   0.1970  0.0330  0.1750  0.3330  0.2620  1
192:   0.2110  0.0160  0.2730  0.2410  0.2590  1
193:   0.3050  0.0900  0.1790  0.2100  0.2160  1
