  1:   0.8306  0.0438  0.0372  0.0426  0.0458  1
  2:   0.8692  0.0280  0.0474  0.0344  0.0210  1
  3:   0.9192  0.0206  0.0194  0.0192  0.0216  1
  4:   0.8810  0.0334  0.0338  0.0300  0.0218  1
  5:   0.9352  0.0170  0.0152  0.0160  0.0166  1
  6:   0.9350  0.0170  0.0154  0.0164  0.0162  1
  7:   0.8466  0.0404  0.0480  0.0396  0.0254  1
  8:   0.9288  0.0178  0.0182  0.0178  0.0174  1
  9:   0.9224  0.0198  0.0178  0.0192  0.0208  1
 10:   0.9444  0.0134  0.0146  0.0140  0.0136  1
 11:   0.9114  0.0230  0.0212  0.0224  0.0220  1
 12:   0.2675  0.2286  0.1478  0.1820  0.1742  1
 13:   0.7959  0.0590  0.0476  0.0500  0.0474  1
 14:   0.4249  0.1740  0.1400  0.1384  0.1226  1
 15:   0.6072  0.0904  0.0916  0.0892  0.1217  1
 16:   0.0100  0.2322  0.1754  0.2741  0.3083  1
 17:   0.0084  0.1643  0.3377  0.2641  0.2255  1
 18:   0.0110  0.1720  0.3490  0.2644  0.2036  1
 19:   0.0280  0.1746  0.3759  0.2636  0.1578  1
 20:   0.0110  0.3913  0.1714  0.1808  0.2455  1
 21:   0.0128  0.1483  0.4671  0.2630  0.1089  1
 22:   0.1698  0.1776  0.2701  0.2201  0.1624  1
 23:   0.0464  0.2282  0.2532  0.2344  0.2378  1
 24:   0.0242  0.2313  0.3075  0.2503  0.1867  1
 25:   0.0212  0.2058  0.1998  0.2804  0.2928  1
 26:   0.0562  0.3320  0.2056  0.2138  0.1924  1
 27:   0.0154  0.2721  0.2445  0.2381  0.2299  1
 28:   0.0084  0.1906  0.2804  0.2764  0.2442  1
 29:   0.0110  0.1982  0.1786  0.2731  0.3391  1
 30:   0.0186  0.1443  0.4200  0.2545  0.1627  1
 31:   0.4779  0.1364  0.1092  0.1284  0.1480  1
 32:   0.0108  0.1632  0.4076  0.2748  0.1436  1
 33:   0.0128  0.2049  0.3379  0.2673  0.1771  1
 34:   0.5083  0.1366  0.1354  0.1158  0.1038  1
 35:   0.0448  0.2424  0.1640  0.2497  0.2991  1
 36:   0.0338  0.1880  0.1948  0.2725  0.3109  1
 37:   0.0672  0.2992  0.1978  0.2382  0.1976  1
 38:   0.0156  0.1914  0.2686  0.2646  0.2598  1
 39:   0.0118  0.2096  0.2298  0.2783  0.2704  1
 40:   0.0104  0.2450  0.2819  0.2755  0.1872  1
 41:   0.0178  0.2912  0.2165  0.2377  0.2369  1
 42:   0.0214  0.2842  0.2358  0.2473  0.2114  1
 43:   0.0284  0.3199  0.1752  0.2371  0.2394  1
 44:   0.0088  0.1913  0.2153  0.2925  0.2921  1
 45:   0.0170  0.3221  0.1922  0.2470  0.2218  1
 46:   0.0256  0.2320  0.2513  0.2556  0.2356  1
 47:   0.0252  0.2939  0.1804  0.2142  0.2864  1
 48:   0.0380  0.2184  0.2865  0.2639  0.1932  1
 49:   0.0446  0.1850  0.3323  0.2481  0.1900  1
 50:   0.0654  0.3143  0.1688  0.2120  0.2396  1
 51:   0.0414  0.3328  0.2146  0.1996  0.2116  1
 52:   0.0484  0.1946  0.2839  0.2576  0.2154  1
 53:   0.0230  0.1392  0.4466  0.2772  0.1140  1
 54:   0.0104  0.3209  0.1899  0.2277  0.2511  1
 55:   0.0082  0.1402  0.4413  0.2550  0.1552  1
 56:   0.0212  0.2482  0.1748  0.2292  0.3266  1
 57:   0.0684  0.3430  0.1443  0.2187  0.2255  1
 58:   0.0222  0.2105  0.3343  0.2519  0.1811  1
 59:   0.0122  0.2028  0.2723  0.2435  0.2692  1
 60:   0.0330  0.2020  0.2998  0.2758  0.1894  1
 61:   0.0070  0.3435  0.1978  0.2232  0.2284  1
 62:   0.0178  0.2000  0.2566  0.2679  0.2577  1
 63:   0.0314  0.2854  0.2270  0.2280  0.2282  1
 64:   0.0228  0.2567  0.2356  0.2438  0.2410  1
 65:   0.0094  0.2052  0.1480  0.2328  0.4045  1
 66:   0.0114  0.2322  0.1554  0.2381  0.3629  1
 67:   0.0152  0.1660  0.3260  0.2638  0.2290  1
 68:   0.0386  0.3765  0.1522  0.1956  0.2372  1
 69:   0.0090  0.2779  0.1994  0.2412  0.2725  1
 70:   0.0160  0.1454  0.3836  0.2552  0.1998  1
 71:   0.0136  0.3263  0.1632  0.2188  0.2781  1
 72:   0.0052  0.1966  0.2546  0.2674  0.2762  1
 73:   0.0424  0.2380  0.2132  0.2380  0.2684  1
 74:   0.0080  0.2122  0.3012  0.2434  0.2352  1
 75:   0.0178  0.2584  0.1784  0.2775  0.2679  1
 76:   0.0888  0.3335  0.1416  0.1848  0.2513  1
 77:   0.0960  0.1722  0.2010  0.2660  0.2648  1
 78:   0.0164  0.2466  0.1952  0.2314  0.3104  1
 79:   0.0090  0.1905  0.3482  0.2480  0.2043  1
 80:   0.0178  0.3723  0.1658  0.1987  0.2454  1
 81:   0.0176  0.2265  0.3125  0.2533  0.1901  1
 82:   0.0080  0.4857  0.1270  0.1548  0.2245  1
 83:   0.0164  0.3576  0.1922  0.2320  0.2018  1
 84:   0.0184  0.3391  0.2302  0.2162  0.1960  1
 85:   0.0150  0.2630  0.1952  0.2452  0.2816  1
 86:   0.0232  0.1836  0.3579  0.2475  0.1878  1
 87:   0.0090  0.2168  0.1628  0.2358  0.3757  1
 88:   0.0240  0.2776  0.2011  0.2401  0.2572  1
 89:   0.0104  0.4660  0.1318  0.1639  0.2279  1
 90:   0.0106  0.3269  0.1996  0.2344  0.2284  1
 91:   0.0104  0.2078  0.2578  0.2454  0.2786  1
 92:   0.0090  0.2196  0.2322  0.2538  0.2854  1
 93:   0.0232  0.1682  0.3327  0.2680  0.2079  1
 94:   0.0060  0.1548  0.3779  0.2656  0.1958  1
 95:   0.0150  0.1936  0.3297  0.2490  0.2128  1
 96:   0.1898  0.1986  0.2292  0.2124  0.1702  1
 97:   0.0118  0.1700  0.2823  0.2446  0.2913  1
 98:   0.0194  0.1864  0.2924  0.2600  0.2418  1
 99:   0.0214  0.2570  0.2074  0.2304  0.2837  1
100:   0.0250  0.2524  0.2906  0.2367  0.1953  1
101:   0.0236  0.2499  0.1833  0.2633  0.2799  1
102:   0.0118  0.2532  0.2522  0.2654  0.2174  1
103:   0.0498  0.1824  0.2786  0.2406  0.2486  1
104:   0.0106  0.2596  0.1408  0.2150  0.3740  1
105:   0.0202  0.2627  0.1382  0.2162  0.3627  1
106:   0.0202  0.2576  0.1436  0.2168  0.3618  1
107:   0.1004  0.2807  0.2086  0.2282  0.1820  1
108:   0.0066  0.1480  0.3999  0.2527  0.1929  1
109:   0.0324  0.1844  0.3776  0.2440  0.1616  1
110:   0.0096  0.2817  0.1609  0.2303  0.3175  1
111:   0.0190  0.1875  0.2381  0.2911  0.2643  1
112:   0.0132  0.1657  0.3734  0.2526  0.1951  1
113:   0.0060  0.2356  0.2110  0.2384  0.3090  1
114:   0.0784  0.3023  0.2102  0.2270  0.1820  1
115:   0.0100  0.2369  0.2150  0.2366  0.3015  1
116:   0.0272  0.3792  0.1652  0.2154  0.2130  1
117:   0.0128  0.2353  0.2299  0.2541  0.2679  1
118:   0.0174  0.1652  0.3981  0.2409  0.1784  1
119:   0.0168  0.1651  0.3872  0.2517  0.1792  1
120:   0.2175  0.1775  0.2283  0.1963  0.1803  1
121:   0.0758  0.2170  0.3021  0.2236  0.1814  1
122:   0.0060  0.2168  0.1952  0.2712  0.3108  1
123:   0.0118  0.2769  0.2549  0.2266  0.2298  1
124:   0.0204  0.2538  0.2942  0.2336  0.1980  1
125:   0.0072  0.2128  0.1662  0.2501  0.3637  1
126:   0.0070  0.1578  0.2976  0.2608  0.2768  1
127:   0.0288  0.2232  0.1932  0.2758  0.2790  1
128:   0.0220  0.2686  0.1636  0.2369  0.3089  1
129:   0.0180  0.2479  0.1903  0.2433  0.3005  1
130:   0.0164  0.1670  0.4037  0.2482  0.1648  1
131:   0.0116  0.1977  0.2749  0.2615  0.2543  1
132:   0.0902  0.2537  0.2561  0.2103  0.1897  1
133:   0.0070  0.1750  0.2998  0.2526  0.2656  1
134:   0.0086  0.2084  0.2419  0.2735  0.2677  1
135:   0.0060  0.1384  0.4537  0.2656  0.1364  1
136:   0.0060  0.2246  0.1742  0.2327  0.3625  1
137:   0.0294  0.1919  0.3597  0.2475  0.1715  1
138:   0.0362  0.3165  0.2115  0.2390  0.1968  1
139:   0.0160  0.1960  0.2066  0.2350  0.3464  1
140:   0.0798  0.1825  0.3620  0.2367  0.1389  1
141:   0.0072  0.2236  0.1770  0.2888  0.3034  1
142:   0.0154  0.1812  0.2937  0.2665  0.2432  1
143:   0.5798  0.1256  0.1024  0.1078  0.0842  1
144:   0.0114  0.2457  0.1850  0.2423  0.3156  1
145:   0.0532  0.2516  0.2569  0.2363  0.2020  1
146:   0.0060  0.1289  0.4730  0.2765  0.1157  1
147:   0.2674  0.2701  0.1542  0.1622  0.1460  1
148:   0.0204  0.1790  0.3269  0.2558  0.2178  1
149:   0.0264  0.2176  0.1714  0.2761  0.3085  1
150:   0.0268  0.2463  0.2550  0.2232  0.2486  1
151:   0.0200  0.1697  0.3884  0.2649  0.1569  1
152:   0.0120  0.1731  0.3561  0.2569  0.2019  1
153:   0.0172  0.3160  0.1452  0.2297  0.2919  1
154:   0.0062  0.1242  0.4641  0.2770  0.1284  1
155:   0.0264  0.2256  0.1942  0.2792  0.2746  1
156:   0.0132  0.2264  0.2252  0.2725  0.2627  1
157:   0.0360  0.2312  0.2170  0.2592  0.2566  1
158:   0.0104  0.2366  0.1926  0.2412  0.3191  1
159:   0.0126  0.4852  0.1452  0.1688  0.1882  1
160:   0.0082  0.2179  0.1957  0.2409  0.3372  1
161:   0.0458  0.2088  0.2120  0.2588  0.2746  1
162:   0.0210  0.2011  0.2175  0.2851  0.2753  1
163:   0.0132  0.1686  0.3793  0.2392  0.1998  1
164:   0.0070  0.2626  0.1908  0.2328  0.3068  1
165:   0.0474  0.2471  0.2020  0.2284  0.2750  1
166:   0.0226  0.1968  0.3780  0.2572  0.1454  1
167:   0.0094  0.2587  0.1854  0.2683  0.2781  1
168:   0.0198  0.1912  0.3340  0.2446  0.2104  1
169:   0.0574  0.2745  0.1527  0.2251  0.2903  1
170:   0.0230  0.1852  0.2922  0.2564  0.2433  1
171:   0.0096  0.1808  0.3113  0.2627  0.2356  1
172:   0.0160  0.1885  0.2459  0.2655  0.2841  1
173:   0.0718  0.2338  0.1856  0.2306  0.2782  1
174:   0.0302  0.3448  0.1914  0.2232  0.2103  1
175:   0.0202  0.2977  0.2028  0.2294  0.2499  1
176:   0.0246  0.2060  0.2121  0.2392  0.3181  1
177:   0.0220  0.2028  0.3009  0.2563  0.2180  1
178:   0.0528  0.2294  0.2123  0.2428  0.2628  1
179:   0.0090  0.1376  0.4301  0.2786  0.1446  1
180:   0.0192  0.2439  0.1875  0.2705  0.2789  1
181:   0.1746  0.1830  0.1654  0.2090  0.2680  1
182:   0.0302  0.2010  0.2718  0.2652  0.2318  1
183:   0.0188  0.2931  0.1830  0.2144  0.2907  1
184:   0.0418  0.1834  0.3522  0.2618  0.1608  1
185:   0.0310  0.2122  0.1974  0.2426  0.3168  1
186:   0.0168  0.2498  0.1860  0.2354  0.3119  1
187:   0.0194  0.3202  0.1936  0.2244  0.2424  1
188:   0.0274  0.2988  0.2211  0.2459  0.2069  1
189:   0.0222  0.1408  0.3970  0.2618  0.1782  1
190:   0.0174  0.2075  0.2957  0.2745  0.2049  1
191:   0.0350  0.1954  0.2172  0.2756  0.2768  1
192:   0.0154  0.2174  0.2979  0.2536  0.2156  1
193:   0.0864  0.3288  0.1746  0.2000  0.2102  1
194:   0.0284  0.1916  0.3255  0.2618  0.1926  1
195:   0.0390  0.1889  0.3320  0.2325  0.2075  1
196:   0.1440  0.2612  0.1724  0.1930  0.2294  1
197:   0.0070  0.1427  0.4274  0.2521  0.1709  1
198:   0.0114  0.1655  0.3637  0.2827  0.1766  1
199:   0.0116  0.1754  0.3273  0.2699  0.2158  1
200:   0.0144  0.2823  0.2540  0.2526  0.1966  1
201:   0.0146  0.2341  0.2090  0.2528  0.2895  1
202:   0.0915  0.3262  0.1779  0.2087  0.1957  1
203:   0.0200  0.2282  0.1750  0.2788  0.2980  1
204:   0.0260  0.2250  0.2408  0.2492  0.2590  1
205:   0.0082  0.1996  0.2457  0.2308  0.3157  1
206:   0.0132  0.2650  0.2518  0.2250  0.2450  1
207:   0.0196  0.2317  0.3089  0.2345  0.2053  1
208:   0.0518  0.2569  0.1769  0.2645  0.2499  1
209:   0.0114  0.3796  0.1738  0.2216  0.2136  1
210:   0.0086  0.2062  0.2039  0.2740  0.3073  1
211:   0.0086  0.1652  0.3921  0.2638  0.1702  1
212:   0.0188  0.2225  0.1962  0.2500  0.3125  1
213:   0.0638  0.2980  0.1968  0.2168  0.2246  1
214:   0.0110  0.2562  0.2574  0.2466  0.2288  1
215:   0.0196  0.3060  0.1866  0.2220  0.2658  1
216:   0.0320  0.2020  0.3343  0.2589  0.1728  1
217:   0.0330  0.3024  0.1779  0.2551  0.2315  1
218:   0.0242  0.2178  0.1926  0.2602  0.3053  1
219:   0.0088  0.2133  0.1953  0.2971  0.2855  1
220:   0.0280  0.3755  0.1708  0.1975  0.2283  1
221:   0.0074  0.2120  0.2736  0.2478  0.2592  1
222:   0.0062  0.2116  0.1814  0.2398  0.3610  1
223:   0.0262  0.1975  0.2958  0.2654  0.2151  1
224:   0.0090  0.1701  0.3867  0.2697  0.1645  1
225:   0.0068  0.1741  0.3154  0.2660  0.2377  1
226:   0.0126  0.2501  0.1694  0.2371  0.3309  1
227:   0.0106  0.3090  0.1730  0.2044  0.3030  1
228:   0.0402  0.2370  0.1524  0.2274  0.3431  1
229:   0.0090  0.1534  0.4330  0.2728  0.1318  1
230:   0.0186  0.3618  0.1708  0.2070  0.2418  1
231:   0.0240  0.3645  0.1874  0.2238  0.2002  1
232:   0.0082  0.2036  0.1858  0.2291  0.3733  1
233:   0.0222  0.2770  0.2480  0.2400  0.2128  1
234:   0.0108  0.2536  0.3012  0.2466  0.1878  1
235:   0.0196  0.2280  0.1506  0.2428  0.3590  1
236:   0.0608  0.2384  0.1746  0.2544  0.2718  1
237:   0.0078  0.2494  0.2176  0.2226  0.3027  1
238:   0.0252  0.2674  0.2947  0.2459  0.1668  1
239:   0.1144  0.2843  0.1582  0.2212  0.2218  1
240:   0.0070  0.1621  0.3362  0.2475  0.2472  1
241:   0.0076  0.1591  0.3313  0.2495  0.2525  1
242:   0.0252  0.3087  0.2381  0.2465  0.1815  1
243:   0.0148  0.1699  0.3363  0.2507  0.2283  1
244:   0.0408  0.2164  0.2408  0.2743  0.2276  1
245:   0.0082  0.2266  0.2160  0.2770  0.2722  1
246:   0.1490  0.2487  0.1672  0.2166  0.2186  1
247:   0.0168  0.2742  0.1776  0.2513  0.2801  1
248:   0.0416  0.2069  0.2657  0.2693  0.2165  1
249:   0.0286  0.4184  0.1578  0.1964  0.1988  1
250:   0.0144  0.2835  0.2090  0.2454  0.2478  1
251:   0.0102  0.1582  0.3866  0.2438  0.2012  1
252:   0.5208  0.1248  0.1144  0.1212  0.1188  1
253:   0.0642  0.1695  0.3874  0.2415  0.1373  1
254:   0.0080  0.2479  0.2453  0.2519  0.2468  1
255:   0.0182  0.1846  0.3278  0.2458  0.2235  1
256:   0.0106  0.2002  0.2889  0.2414  0.2588  1
257:   0.0082  0.1914  0.1814  0.2426  0.3764  1
258:   0.0162  0.2334  0.2685  0.2708  0.2112  1
259:   0.0380  0.1852  0.3308  0.2634  0.1826  1
260:   0.0102  0.1946  0.2472  0.2582  0.2898  1
261:   0.0248  0.2505  0.1647  0.2263  0.3338  1
262:   0.0442  0.2520  0.1965  0.2183  0.2890  1
263:   0.0354  0.2493  0.2139  0.2273  0.2741  1
264:   0.0198  0.2020  0.2908  0.2470  0.2404  1
265:   0.0152  0.1979  0.2926  0.2716  0.2227  1
266:   0.0132  0.1599  0.3085  0.2775  0.2409  1
267:   0.0724  0.2268  0.1884  0.2618  0.2506  1
268:   0.0126  0.2640  0.2122  0.2530  0.2582  1
269:   0.0108  0.2317  0.3221  0.2719  0.1636  1
270:   0.0062  0.1836  0.2414  0.2722  0.2966  1
271:   0.0132  0.1612  0.3074  0.2790  0.2393  1
272:   0.0266  0.1560  0.4292  0.2650  0.1232  1
273:   0.0218  0.2510  0.2724  0.2438  0.2110  1
274:   0.0366  0.3195  0.1754  0.2094  0.2591  1
275:   0.0110  0.3039  0.1750  0.2409  0.2692  1
276:   0.0148  0.2256  0.1708  0.2373  0.3515  1
277:   0.0074  0.1282  0.4670  0.2676  0.1298  1
278:   0.0090  0.1220  0.4777  0.2790  0.1122  1
279:   0.0224  0.1800  0.3091  0.2727  0.2157  1
280:   0.0112  0.2144  0.2298  0.2518  0.2928  1
281:   0.0228  0.1762  0.3137  0.2745  0.2128  1
282:   0.0192  0.1626  0.3694  0.2412  0.2076  1
283:   0.0148  0.1578  0.3993  0.2567  0.1714  1
284:   0.0090  0.1976  0.3490  0.2464  0.1980  1
285:   0.0176  0.3187  0.1677  0.2463  0.2497  1
286:   0.0194  0.3782  0.1853  0.2123  0.2047  1
287:   0.0108  0.1823  0.3128  0.2461  0.2480  1
288:   0.0190  0.2144  0.3273  0.2379  0.2014  1
289:   0.0180  0.1966  0.3032  0.2470  0.2352  1
290:   0.0232  0.1452  0.4481  0.2669  0.1166  1
291:   0.0300  0.1936  0.2234  0.2794  0.2737  1
292:   0.0090  0.2192  0.2907  0.2541  0.2270  1
293:   0.0094  0.3143  0.2008  0.2402  0.2352  1
294:   0.0242  0.1437  0.4301  0.2563  0.1457  1
295:   0.0188  0.1888  0.2755  0.2649  0.2520  1
296:   0.0278  0.2500  0.1899  0.2306  0.3017  1
297:   0.1062  0.2176  0.1446  0.2320  0.2995  1
298:   0.0174  0.2480  0.1636  0.2366  0.3344  1
299:   0.0060  0.2266  0.1494  0.2266  0.3914  1
300:   0.0304  0.2702  0.2314  0.2374  0.2306  1
301:   0.0244  0.3018  0.2397  0.2458  0.1884  1
302:   0.0146  0.1974  0.1848  0.2302  0.3731  1
303:   0.0536  0.2791  0.1914  0.2454  0.2305  1
304:   0.0148  0.1980  0.3749  0.2549  0.1574  1
305:   0.0104  0.1753  0.4208  0.2595  0.1341  1
306:   0.0122  0.2212  0.2124  0.2424  0.3118  1
307:   0.0222  0.3193  0.1868  0.2308  0.2410  1
308:   0.0178  0.3440  0.2562  0.2154  0.1666  1
309:   0.0122  0.1602  0.4188  0.2872  0.1216  1
310:   0.0154  0.2107  0.2354  0.2805  0.2580  1
311:   0.0254  0.3315  0.1703  0.2183  0.2545  1
312:   0.0204  0.4372  0.1671  0.1823  0.1929  1
313:   0.0180  0.1948  0.3374  0.2568  0.1930  1
314:   0.0090  0.2439  0.1686  0.2385  0.3401  1
315:   0.0650  0.2701  0.2148  0.2220  0.2282  1
316:   0.0588  0.3573  0.1612  0.2074  0.2154  1
317:   0.0652  0.2427  0.1915  0.2453  0.2553  1
318:   0.0122  0.1964  0.1920  0.2579  0.3415  1
319:   0.0096  0.1432  0.4261  0.2529  0.1682  1
320:   0.0072  0.2108  0.2444  0.2488  0.2888  1
321:   0.0142  0.2221  0.2235  0.2461  0.2941  1
322:   0.0284  0.1472  0.3824  0.2464  0.1956  1
323:   0.0146  0.1632  0.3965  0.2684  0.1572  1
324:   0.0146  0.3105  0.1686  0.2554  0.2509  1
325:   0.0062  0.1841  0.2363  0.2351  0.3383  1
326:   0.0080  0.2454  0.2868  0.2604  0.1995  1
327:   0.0304  0.3032  0.2004  0.2424  0.2236  1
328:   0.0840  0.2510  0.2078  0.2410  0.2162  1
329:   0.0094  0.2252  0.3313  0.2659  0.1682  1
330:   0.0344  0.2007  0.2875  0.2505  0.2269  1
331:   0.0166  0.1880  0.2825  0.2473  0.2656  1
332:   0.0242  0.1744  0.2980  0.2611  0.2423  1
333:   0.0218  0.2586  0.1990  0.2717  0.2488  1
334:   0.1222  0.1698  0.1846  0.2634  0.2600  1
335:   0.0072  0.1757  0.2531  0.2882  0.2758  1
336:   0.0128  0.1751  0.3418  0.2592  0.2111  1
337:   0.0366  0.1905  0.2947  0.2353  0.2429  1
338:   0.0356  0.1808  0.3295  0.2405  0.2136  1
339:   0.1056  0.2018  0.2525  0.2132  0.2269  1
340:   0.0166  0.2253  0.1545  0.2551  0.3486  1
341:   0.0152  0.1996  0.2374  0.2684  0.2794  1
342:   0.4356  0.2148  0.0961  0.1227  0.1307  1
343:   0.0288  0.2094  0.2070  0.2506  0.3043  1
344:   0.0228  0.2184  0.2198  0.2579  0.2811  1
345:   0.0360  0.1755  0.2771  0.2359  0.2755  1
346:   0.0184  0.1942  0.2142  0.2884  0.2848  1
347:   0.0524  0.3566  0.2065  0.1857  0.1987  1
348:   0.0060  0.2658  0.1788  0.2324  0.3171  1
349:   0.1676  0.2494  0.1742  0.1780  0.2308  1
350:   0.0184  0.2472  0.1986  0.2216  0.3142  1
351:   0.0110  0.1905  0.2129  0.2679  0.3177  1
352:   0.0070  0.1978  0.3116  0.2406  0.2430  1
353:   0.0084  0.1952  0.3210  0.2658  0.2096  1
354:   0.0128  0.2782  0.2029  0.2446  0.2614  1
355:   0.0176  0.3824  0.1617  0.1975  0.2409  1
356:   0.0492  0.3109  0.1655  0.2395  0.2349  1
357:   0.0120  0.2773  0.2046  0.2633  0.2428  1
358:   0.0078  0.2315  0.1499  0.2347  0.3761  1
359:   0.2172  0.2074  0.1822  0.2134  0.1796  1
360:   0.0182  0.2401  0.1790  0.2621  0.3007  1
361:   0.1432  0.2945  0.1646  0.1928  0.2050  1
362:   0.0276  0.3973  0.1912  0.1882  0.1958  1
363:   0.0076  0.2471  0.1549  0.2343  0.3562  1
364:   0.0516  0.1862  0.3067  0.2338  0.2218  1
365:   0.1396  0.1946  0.1812  0.2300  0.2547  1
366:   0.0232  0.2591  0.1938  0.2386  0.2853  1
367:   0.0192  0.1796  0.3485  0.2506  0.2022  1
368:   0.0128  0.1368  0.4260  0.2534  0.1710  1
369:   0.0086  0.3401  0.2313  0.2149  0.2051  1
370:   0.0100  0.2030  0.2774  0.2838  0.2258  1
371:   0.0112  0.2467  0.2226  0.2576  0.2619  1
372:   0.0862  0.4154  0.1612  0.1726  0.1646  1
373:   0.0808  0.3931  0.1624  0.1960  0.1676  1
374:   0.0688  0.1730  0.3203  0.2483  0.1896  1
375:   0.0188  0.2583  0.2623  0.2455  0.2150  1
376:   0.0092  0.1814  0.2520  0.2486  0.3088  1
377:   0.0226  0.2123  0.1829  0.2287  0.3536  1
378:   0.0190  0.2293  0.2466  0.2528  0.2522  1
379:   0.0242  0.3519  0.1664  0.1934  0.2641  1
380:   0.0106  0.1606  0.3542  0.2660  0.2086  1
381:   0.0166  0.2036  0.2300  0.2709  0.2789  1
382:   0.0122  0.2086  0.2437  0.2703  0.2652  1
383:   0.0124  0.2899  0.1997  0.2485  0.2495  1
384:   0.0138  0.2333  0.2254  0.2318  0.2957  1
385:   0.0176  0.2700  0.2656  0.2490  0.1978  1
386:   0.0192  0.2646  0.1786  0.2336  0.3039  1
387:   0.0214  0.1848  0.2830  0.2468  0.2640  1
388:   0.0618  0.2173  0.1515  0.2597  0.3097  1
389:   0.0084  0.3147  0.2174  0.2338  0.2258  1
390:   0.0106  0.1848  0.2653  0.2462  0.2930  1
391:   0.0168  0.1740  0.3100  0.2792  0.2200  1
392:   0.0236  0.2587  0.2194  0.2288  0.2694  1
393:   0.0130  0.2126  0.2326  0.2396  0.3023  1
394:   0.0258  0.2530  0.1982  0.2290  0.2941  1
395:   0.1716  0.2038  0.2362  0.1998  0.1886  1
396:   0.0070  0.2756  0.2266  0.2606  0.2302  1
397:   0.0224  0.2335  0.1979  0.2795  0.2667  1
398:   0.0204  0.1768  0.3419  0.2576  0.2032  1
399:   0.0136  0.2020  0.1914  0.2321  0.3609  1
400:   0.0308  0.2340  0.1792  0.2320  0.3240  1
401:   0.0142  0.2458  0.2491  0.2347  0.2562  1
402:   0.1620  0.1808  0.1800  0.2522  0.2251  1
403:   0.0244  0.2058  0.1910  0.2949  0.2839  1
404:   0.7526  0.0660  0.0546  0.0624  0.0644  1
405:   0.0516  0.2037  0.1691  0.2315  0.3442  1
406:   0.0822  0.3184  0.1612  0.2248  0.2134  1
407:   0.6236  0.1202  0.0632  0.0830  0.1100  1
408:   0.0158  0.1857  0.3229  0.2551  0.2205  1
409:   0.1594  0.1676  0.3362  0.2310  0.1058  1
410:   0.0130  0.1970  0.1956  0.2341  0.3603  1
411:   0.0136  0.3101  0.2068  0.2250  0.2444  1
412:   0.0308  0.1830  0.3613  0.2513  0.1736  1
413:   0.1196  0.2963  0.1912  0.2110  0.1820  1
414:   0.0296  0.2240  0.2528  0.2525  0.2411  1
415:   0.0096  0.1704  0.3467  0.2886  0.1848  1
416:   0.0086  0.1877  0.1583  0.2501  0.3953  1
417:   0.0150  0.3729  0.1462  0.1920  0.2738  1
418:   0.0124  0.3569  0.1465  0.2057  0.2785  1
419:   0.0516  0.2179  0.3424  0.2487  0.1395  1
420:   0.0590  0.2012  0.1754  0.2512  0.3132  1
421:   0.0098  0.4333  0.1627  0.1937  0.2005  1
422:   0.0108  0.2212  0.1516  0.2275  0.3889  1
423:   0.0228  0.2074  0.2324  0.2773  0.2602  1
424:   0.0080  0.2194  0.1984  0.2372  0.3370  1
425:   0.0126  0.2030  0.1458  0.2314  0.4072  1
426:   0.0424  0.2256  0.2078  0.2590  0.2652  1
427:   0.0246  0.2504  0.1576  0.2196  0.3477  1
428:   0.0320  0.2262  0.2178  0.2734  0.2506  1
429:   0.0154  0.2123  0.1445  0.2337  0.3940  1
430:   0.0114  0.2410  0.2599  0.2679  0.2198  1
431:   0.0130  0.4990  0.1350  0.1597  0.1933  1
432:   0.5794  0.1196  0.0784  0.0976  0.1250  1
433:   0.0536  0.2064  0.2116  0.2488  0.2795  1
434:   0.0214  0.2633  0.2485  0.2297  0.2371  1
435:   0.0176  0.2426  0.1580  0.2536  0.3282  1
436:   0.0216  0.2286  0.1702  0.2224  0.3572  1
437:   0.0096  0.3042  0.1896  0.2210  0.2756  1
438:   0.0122  0.2609  0.1537  0.2263  0.3469  1
439:   0.5251  0.1254  0.1010  0.1226  0.1260  1
440:   0.0632  0.3137  0.1412  0.1936  0.2883  1
441:   0.0258  0.2879  0.2366  0.2455  0.2042  1
442:   0.0148  0.1411  0.4265  0.2856  0.1319  1
443:   0.0484  0.2807  0.2689  0.2458  0.1562  1
444:   0.0354  0.2403  0.1855  0.2713  0.2675  1
445:   0.1310  0.3158  0.1550  0.1772  0.2210  1
446:   0.1190  0.2683  0.2073  0.2075  0.1979  1
447:   0.0264  0.2957  0.1895  0.2413  0.2471  1
448:   0.1239  0.2509  0.1649  0.2027  0.2577  1
449:   0.1271  0.2629  0.2247  0.2225  0.1629  1
450:   0.0748  0.3463  0.1794  0.2193  0.1802  1
451:   0.0202  0.1628  0.4186  0.2850  0.1134  1
452:   0.0582  0.2525  0.1459  0.2141  0.3293  1
453:   0.1082  0.2516  0.1372  0.1958  0.3071  1
454:   0.1645  0.2639  0.2169  0.2039  0.1507  1
455:   0.1160  0.2863  0.2137  0.2159  0.1681  1
456:   0.1644  0.2678  0.2004  0.2124  0.1550  1
457:   0.1022  0.3033  0.1509  0.1847  0.2589  1
458:   0.0848  0.2857  0.1915  0.2463  0.1917  1
459:   0.0142  0.2148  0.3165  0.2521  0.2024  1
460:   0.0138  0.1554  0.4297  0.2858  0.1154  1
461:   0.1292  0.3713  0.1342  0.1658  0.1996  1
462:   0.9612  0.0098  0.0096  0.0096  0.0098  1
463:   0.9552  0.0124  0.0096  0.0108  0.0120  1
464:   0.9190  0.0216  0.0182  0.0206  0.0206  1
465:   0.2124  0.4039  0.1150  0.1306  0.1382  1
466:   0.8791  0.0350  0.0228  0.0282  0.0348  1
467:   0.3940  0.1721  0.1395  0.1555  0.1391  1
468:   0.3474  0.1664  0.1514  0.1702  0.1646  1
469:   0.2394  0.2913  0.1288  0.1638  0.1766  1
470:   0.7383  0.0910  0.0510  0.0572  0.0624  1
471:   0.3645  0.2123  0.1348  0.1592  0.1292  1
472:   0.2907  0.1887  0.1226  0.1803  0.2177  1
473:   0.2598  0.2392  0.1380  0.1728  0.1902  1
474:   0.9314  0.0166  0.0168  0.0170  0.0182  1
475:   0.6240  0.1635  0.0564  0.0720  0.0842  1
476:   0.8970  0.0282  0.0258  0.0238  0.0252  1
477:   0.9104  0.0228  0.0246  0.0222  0.0200  1
478:   0.3270  0.1699  0.1445  0.1661  0.1925  1
479:   0.9274  0.0182  0.0174  0.0186  0.0184  1
480:   0.9372  0.0172  0.0152  0.0156  0.0148  1
481:   0.9102  0.0242  0.0210  0.0230  0.0216  1
482:   0.9646  0.0088  0.0092  0.0088  0.0086  1
483:   0.9130  0.0228  0.0210  0.0222  0.0210  1
484:   0.0956  0.2681  0.1589  0.2329  0.2445  1
485:   0.7549  0.0752  0.0464  0.0642  0.0594  1
486:   0.8606  0.0410  0.0362  0.0318  0.0304  1
487:   0.9602  0.0104  0.0100  0.0100  0.0094  1
488:   0.8978  0.0314  0.0230  0.0234  0.0244  1
489:   0.5272  0.1955  0.0864  0.0936  0.0972  1
490:   0.2792  0.1734  0.1316  0.1844  0.2314  1
491:   0.9242  0.0200  0.0176  0.0190  0.0192  1
492:   0.7918  0.0716  0.0392  0.0460  0.0514  1
493:   0.9474  0.0134  0.0124  0.0132  0.0136  1
494:   0.9656  0.0086  0.0086  0.0086  0.0086  1
495:   0.9682  0.0076  0.0080  0.0082  0.0080  1
496:   0.9006  0.0248  0.0250  0.0260  0.0236  1
497:   0.0628  0.2714  0.2848  0.2324  0.1486  1
498:   0.4490  0.1633  0.1292  0.1385  0.1200  1
499:   0.9364  0.0182  0.0162  0.0154  0.0138  1
500:   0.5467  0.1526  0.1080  0.1094  0.0832  1
501:   0.9570  0.0110  0.0098  0.0114  0.0108  1
502:   0.9460  0.0138  0.0134  0.0138  0.0130  1
503:   0.9600  0.0110  0.0094  0.0096  0.0100  1
504:   0.9366  0.0158  0.0150  0.0162  0.0164  1
505:   0.7476  0.0634  0.0592  0.0640  0.0658  1
506:   0.8071  0.0506  0.0506  0.0486  0.0432  1
507:   0.9208  0.0244  0.0190  0.0178  0.0180  1
508:   0.6134  0.1202  0.0790  0.0870  0.1004  1
509:   0.9706  0.0074  0.0072  0.0078  0.0070  1
510:   0.9380  0.0154  0.0152  0.0160  0.0154  1
511:   0.9562  0.0106  0.0112  0.0114  0.0106  1
512:   0.9142  0.0232  0.0202  0.0226  0.0198  1
513:   0.0610  0.2263  0.2331  0.2598  0.2199  1
514:   0.9540  0.0104  0.0126  0.0120  0.0110  1
515:   0.7783  0.0762  0.0366  0.0478  0.0612  1
516:   0.4587  0.1440  0.1166  0.1418  0.1388  1
517:   0.9398  0.0152  0.0160  0.0150  0.0140  1
518:   0.9634  0.0094  0.0092  0.0092  0.0088  1
519:   0.9338  0.0162  0.0178  0.0168  0.0154  1
520:   0.8840  0.0298  0.0258  0.0292  0.0312  1
521:   0.9568  0.0116  0.0110  0.0108  0.0098  1
522:   0.9662  0.0090  0.0080  0.0084  0.0084  1
523:   0.5811  0.0912  0.0848  0.1026  0.1404  1
524:   0.8924  0.0340  0.0222  0.0256  0.0258  1
525:   0.9122  0.0218  0.0222  0.0218  0.0220  1
526:   0.9110  0.0224  0.0226  0.0214  0.0226  1
527:   0.8866  0.0302  0.0238  0.0274  0.0320  1
528:   0.8990  0.0290  0.0222  0.0242  0.0256  1
529:   0.6797  0.0956  0.0546  0.0776  0.0924  1
530:   0.9626  0.0096  0.0090  0.0096  0.0092  1
531:   0.9008  0.0254  0.0262  0.0246  0.0230  1
532:   0.9354  0.0162  0.0162  0.0164  0.0158  1
533:   0.9481  0.0136  0.0124  0.0130  0.0128  1
534:   0.9126  0.0254  0.0202  0.0212  0.0206  1
535:   0.9434  0.0144  0.0142  0.0146  0.0134  1
536:   0.9716  0.0074  0.0068  0.0070  0.0072  1
537:   0.9618  0.0092  0.0098  0.0098  0.0094  1
538:   0.9688  0.0080  0.0078  0.0076  0.0078  1
539:   0.9730  0.0068  0.0064  0.0068  0.0070  1
540:   0.9040  0.0226  0.0276  0.0244  0.0214  1
541:   0.1677  0.2631  0.1368  0.2153  0.2171  1
542:   0.9544  0.0120  0.0112  0.0116  0.0108  1
543:   0.8698  0.0340  0.0318  0.0340  0.0304  1
544:   0.9316  0.0170  0.0170  0.0172  0.0172  1
545:   0.9706  0.0078  0.0074  0.0072  0.0070  1
546:   0.5939  0.1044  0.1018  0.1100  0.0898  1
547:   0.8368  0.0436  0.0412  0.0418  0.0366  1
548:   0.9396  0.0152  0.0150  0.0152  0.0150  1
549:   0.9380  0.0148  0.0162  0.0164  0.0146  1
550:   0.9658  0.0084  0.0082  0.0088  0.0088  1
551:   0.1100  0.2038  0.1688  0.2575  0.2599  1
552:   0.9344  0.0184  0.0144  0.0164  0.0164  1
553:   0.4821  0.1470  0.1432  0.1270  0.1008  1
554:   0.7888  0.0696  0.0428  0.0492  0.0496  1
555:   0.9626  0.0096  0.0090  0.0094  0.0094  1
556:   0.8880  0.0348  0.0218  0.0258  0.0296  1
557:   0.9692  0.0082  0.0070  0.0078  0.0078  1
558:   0.8244  0.0508  0.0386  0.0428  0.0434  1
559:   0.5472  0.1196  0.0994  0.1162  0.1174  1
560:   0.8708  0.0358  0.0296  0.0296  0.0342  1
561:   0.8266  0.0488  0.0400  0.0398  0.0448  1
562:   0.9726  0.0072  0.0068  0.0068  0.0066  1
563:   0.9508  0.0134  0.0110  0.0122  0.0126  1
564:   0.9500  0.0124  0.0134  0.0126  0.0116  1
565:   0.8578  0.0418  0.0296  0.0372  0.0336  1
566:   0.3419  0.2294  0.1298  0.1520  0.1470  1
567:   0.9406  0.0150  0.0152  0.0146  0.0146  1
568:   0.8325  0.0472  0.0384  0.0392  0.0428  1
569:   0.9408  0.0150  0.0150  0.0150  0.0142  1
570:   0.3318  0.1100  0.2974  0.1804  0.0804  1
571:   0.3523  0.2373  0.1054  0.1385  0.1665  1
572:   0.8916  0.0314  0.0236  0.0252  0.0282  1
573:   0.0112  0.2805  0.2110  0.2486  0.2488  1
574:   0.1086  0.2899  0.1524  0.2072  0.2420  1
575:   0.0634  0.2425  0.1677  0.2609  0.2655  1
576:   0.0282  0.2252  0.1604  0.2401  0.3461  1
577:   0.0180  0.2252  0.1604  0.2234  0.3729  1
578:   0.2096  0.3058  0.1396  0.1798  0.1652  1
579:   0.8814  0.0292  0.0262  0.0288  0.0344  1
580:   0.5851  0.1374  0.0844  0.1014  0.0916  1
581:   0.9546  0.0108  0.0114  0.0116  0.0116  1
582:   0.0294  0.1977  0.3967  0.2588  0.1174  1
583:   0.9418  0.0154  0.0138  0.0144  0.0146  1
584:   0.6066  0.1329  0.0882  0.0864  0.0860  1
585:   0.4911  0.1484  0.1162  0.1248  0.1196  1
586:   0.9468  0.0152  0.0120  0.0128  0.0132  1
587:   0.9270  0.0170  0.0218  0.0180  0.0162  1
588:   0.9530  0.0116  0.0132  0.0118  0.0104  1
589:   0.7720  0.0674  0.0574  0.0534  0.0498  1
590:   0.9466  0.0128  0.0154  0.0132  0.0120  1
591:   0.9460  0.0148  0.0122  0.0132  0.0138  1
592:   0.8202  0.0546  0.0416  0.0430  0.0406  1
593:   0.9522  0.0126  0.0120  0.0118  0.0114  1
594:   0.3503  0.1974  0.1088  0.1452  0.1982  1
595:   0.8104  0.0514  0.0452  0.0466  0.0464  1
596:   0.9718  0.0074  0.0070  0.0070  0.0068  1
597:   0.9456  0.0154  0.0126  0.0130  0.0134  1
598:   0.5976  0.0960  0.1194  0.0952  0.0916  1
599:   0.9658  0.0088  0.0086  0.0082  0.0086  1
600:   0.9456  0.0138  0.0124  0.0138  0.0144  1
601:   0.9648  0.0086  0.0090  0.0092  0.0084  1
602:   0.7880  0.0656  0.0410  0.0484  0.0570  1
603:   0.8752  0.0366  0.0264  0.0308  0.0310  1
604:   0.5471  0.0870  0.1486  0.1136  0.1036  1
605:   0.8978  0.0284  0.0250  0.0250  0.0238  1
606:   0.8713  0.0330  0.0404  0.0306  0.0248  1
607:   0.9718  0.0072  0.0070  0.0070  0.0070  1
608:   0.5771  0.1292  0.0810  0.1046  0.1080  1
609:   0.9042  0.0274  0.0236  0.0228  0.0220  1
610:   0.9226  0.0230  0.0178  0.0184  0.0182  1
611:   0.7253  0.0802  0.0584  0.0626  0.0736  1
612:   0.0740  0.3960  0.1474  0.1900  0.1926  1
613:   0.9592  0.0108  0.0100  0.0100  0.0100  1
614:   0.9632  0.0092  0.0086  0.0092  0.0098  1
615:   0.9590  0.0110  0.0096  0.0100  0.0104  1
616:   0.8350  0.0546  0.0356  0.0396  0.0352  1
617:   0.9334  0.0146  0.0198  0.0170  0.0152  1
618:   0.8066  0.0662  0.0404  0.0432  0.0436  1
619:   0.9452  0.0138  0.0150  0.0132  0.0128  1
620:   0.9230  0.0208  0.0174  0.0192  0.0196  1
621:   0.0650  0.1774  0.3222  0.2430  0.1926  1
622:   0.9432  0.0152  0.0140  0.0142  0.0134  1
623:   0.9056  0.0244  0.0246  0.0232  0.0222  1
