1:    0.009 0.698 0.293 1    
2:    0.008 0.501 0.491 1    
3:    0.011 0.492 0.498 1    
4:    0.007 0.799 0.194 1    
5:    0.075 0.821 0.104 1    
6:    0.022 0.940 0.037 1    
7:    0.008 0.837 0.155 1    
8:    0.005 0.081 0.914 1    
9:    0.010 0.654 0.336 1    
10:   0.074 0.462 0.464 1    
11:   0.009 0.921 0.070 1    
12:   0.005 0.184 0.811 1    
13:   0.008 0.397 0.594 1    
14:   0.011 0.764 0.225 1    
15:   0.014 0.664 0.323 1    
16:   0.008 0.887 0.105 1    
17:   0.029 0.783 0.188 1    
18:   0.015 0.447 0.539 1    
19:   0.012 0.630 0.358 1    
20:   0.314 0.193 0.493 1    
21:   0.053 0.468 0.479 1    
22:   0.007 0.914 0.079 1    
23:   0.015 0.811 0.174 1    
24:   0.075 0.654 0.272 1    
25:   0.037 0.270 0.694 1    
26:   0.006 0.662 0.332 1    
27:   0.009 0.797 0.194 1    
28:   0.179 0.540 0.281 1    
29:   0.053 0.255 0.692 1    
30:   0.004 0.708 0.287 1    
31:   0.009 0.921 0.070 1    
32:   0.006 0.940 0.054 1    
33:   0.006 0.946 0.048 1    
34:   0.022 0.282 0.695 1    
35:   0.010 0.768 0.222 1    
36:   0.007 0.916 0.077 1    
37:   0.092 0.281 0.627 1    
38:   0.009 0.626 0.365 1    
39:   0.011 0.940 0.049 1    
40:   0.018 0.874 0.108 1    
41:   0.015 0.842 0.142 1    
42:   0.017 0.306 0.677 1    
43:   0.013 0.432 0.556 1    
44:   0.040 0.888 0.072 1    
45:   0.005 0.145 0.850 1    
46:   0.015 0.654 0.331 1    
47:   0.049 0.746 0.204 1    
48:   0.059 0.471 0.470 1    
49:   0.021 0.218 0.761 1    
50:   0.009 0.313 0.678 1    
51:   0.006 0.235 0.759 1    
52:   0.006 0.923 0.071 1    
53:   0.006 0.017 0.977 1    
54:   0.118 0.714 0.168 1    
55:   0.014 0.083 0.903 1    
56:   0.020 0.917 0.063 1    
57:   0.008 0.643 0.349 1    
58:   0.033 0.701 0.266 1    
59:   0.007 0.824 0.169 1    
60:   0.018 0.766 0.215 1    
61:   0.197 0.577 0.226 1    
62:   0.008 0.293 0.699 1    
63:   0.017 0.674 0.309 1    
64:   0.007 0.765 0.229 1    
65:   0.012 0.747 0.241 1    
66:   0.012 0.357 0.631 1    
67:   0.073 0.530 0.396 1    
68:   0.023 0.849 0.127 1    
69:   0.118 0.819 0.063 1    
70:   0.024 0.559 0.417 1    
71:   0.034 0.895 0.071 1    
72:   0.016 0.386 0.598 1    
73:   0.011 0.583 0.406 1    
74:   0.010 0.915 0.075 1    
75:   0.008 0.488 0.504 1    
76:   0.009 0.877 0.114 1    
77:   0.025 0.013 0.963 1    
78:   0.046 0.032 0.921 1    
79:   0.016 0.009 0.976 1    
80:   0.006 0.012 0.982 1    
81:   0.007 0.010 0.983 1    
82:   0.015 0.012 0.974 1    
83:   0.041 0.016 0.943 1    
84:   0.013 0.033 0.953 1    
85:   0.013 0.016 0.971 1    
86:   0.014 0.160 0.826 1    
87:   0.010 0.015 0.976 1    
88:   0.022 0.020 0.958 1    
89:   0.062 0.017 0.922 1    
90:   0.014 0.073 0.913 1    
91:   0.024 0.021 0.955 1    
92:   0.099 0.015 0.886 1    
93:   0.011 0.012 0.978 1    
94:   0.027 0.011 0.961 1    
95:   0.033 0.037 0.930 1    
96:   0.007 0.015 0.978 1    
97:   0.255 0.058 0.687 1    
98:   0.017 0.112 0.871 1    
99:   0.007 0.015 0.978 1    
100:  0.011 0.010 0.979 1    
101:  0.007 0.018 0.976 1    
102:  0.047 0.040 0.913 1    
103:  0.009 0.801 0.191 1    
104:  0.006 0.623 0.371 1    
105:  0.026 0.394 0.580 1    
106:  0.016 0.429 0.554 1    
107:  0.009 0.805 0.186 1    
108:  0.021 0.209 0.770 1    
109:  0.043 0.537 0.420 1    
110:  0.020 0.887 0.093 1    
111:  0.009 0.574 0.417 1    
112:  0.006 0.488 0.506 1    
113:  0.010 0.384 0.606 1    
114:  0.010 0.250 0.741 1    
115:  0.046 0.878 0.076 1    
116:  0.005 0.510 0.484 1    
117:  0.010 0.445 0.545 1    
118:  0.009 0.886 0.105 1    
119:  0.006 0.730 0.264 1    
120:  0.006 0.219 0.775 1    
121:  0.014 0.453 0.533 1    
122:  0.023 0.669 0.308 1    
123:  0.015 0.641 0.345 1    
124:  0.012 0.499 0.489 1    
125:  0.011 0.493 0.496 1    
126:  0.018 0.285 0.697 1    
127:  0.016 0.374 0.611 1    
128:  0.007 0.027 0.966 1    
129:  0.016 0.278 0.706 1    
130:  0.014 0.744 0.242 1    
131:  0.007 0.383 0.610 1    
132:  0.004 0.230 0.765 1    
133:  0.006 0.184 0.810 1    
134:  0.008 0.230 0.762 1    
135:  0.052 0.154 0.795 1    
136:  0.012 0.119 0.869 1    
137:  0.014 0.868 0.118 1    
138:  0.009 0.137 0.853 1    
139:  0.007 0.698 0.295 1    
140:  0.072 0.568 0.360 1    
141:  0.009 0.770 0.221 1    
142:  0.011 0.828 0.161 1    
143:  0.007 0.340 0.653 1    
144:  0.007 0.529 0.464 1    
145:  0.058 0.832 0.110 1    
146:  0.025 0.282 0.693 1    
147:  0.022 0.893 0.085 1    
148:  0.009 0.110 0.880 1    
149:  0.042 0.792 0.166 1    
150:  0.079 0.072 0.849 1    
151:  0.011 0.292 0.696 1    
152:  0.313 0.495 0.192 1    
153:  0.052 0.894 0.054 1    
154:  0.081 0.734 0.185 1    
155:  0.012 0.475 0.513 1    
156:  0.031 0.151 0.818 1    
157:  0.010 0.234 0.755 1    
158:  0.006 0.546 0.447 1    
159:  0.314 0.286 0.400 1    
160:  0.011 0.733 0.256 1    
161:  0.034 0.636 0.330 1    
162:  0.016 0.708 0.276 1    
163:  0.007 0.740 0.253 1    
164:  0.009 0.793 0.197 1    
165:  0.142 0.468 0.389 1    
166:  0.005 0.041 0.954 1    
167:  0.009 0.801 0.190 1    
168:  0.017 0.381 0.602 1    
169:  0.006 0.699 0.296 1    
170:  0.016 0.667 0.317 1    
171:  0.033 0.446 0.520 1    
172:  0.013 0.844 0.143 1    
173:  0.022 0.834 0.144 1    
174:  0.130 0.736 0.134 1    
175:  0.016 0.911 0.073 1    
176:  0.016 0.659 0.325 1    
177:  0.007 0.839 0.154 1    
178:  0.017 0.809 0.174 1    
179:  0.025 0.717 0.258 1    
180:  0.006 0.727 0.267 1    
181:  0.016 0.311 0.673 1    
182:  0.012 0.189 0.799 1    
183:  0.023 0.417 0.560 1    
184:  0.009 0.628 0.362 1    
185:  0.010 0.432 0.559 1    
186:  0.004 0.453 0.542 1    
187:  0.034 0.799 0.166 1    
188:  0.023 0.647 0.330 1    
189:  0.013 0.852 0.135 1    
190:  0.029 0.846 0.125 1    
191:  0.065 0.343 0.593 1    
192:  0.079 0.824 0.097 1    
193:  0.011 0.553 0.436 1    
194:  0.024 0.797 0.179 1    
195:  0.034 0.634 0.332 1    
196:  0.008 0.066 0.926 1    
197:  0.006 0.430 0.564 1    
198:  0.012 0.461 0.527 1    
199:  0.011 0.618 0.371 1    
200:  0.007 0.465 0.528 1    
201:  0.086 0.646 0.268 1    
202:  0.007 0.184 0.810 1    
203:  0.009 0.295 0.696 1    
204:  0.015 0.087 0.898 1    
205:  0.030 0.118 0.852 1    
206:  0.027 0.777 0.196 1    
207:  0.007 0.564 0.430 1    
208:  0.006 0.034 0.960 1    
209:  0.050 0.611 0.339 1    
210:  0.012 0.544 0.444 1    
211:  0.006 0.215 0.779 1    
212:  0.027 0.375 0.598 1    
213:  0.016 0.449 0.535 1    
214:  0.040 0.544 0.416 1    
215:  0.011 0.535 0.454 1    
216:  0.013 0.808 0.179 1    
217:  0.043 0.660 0.296 1    
218:  0.018 0.391 0.591 1    
219:  0.004 0.917 0.079 1    
220:  0.015 0.036 0.949 1    
221:  0.019 0.195 0.785 1    
222:  0.126 0.729 0.146 1    
223:  0.027 0.883 0.090 1    
224:  0.017 0.826 0.157 1    
225:  0.308 0.584 0.109 1    
226:  0.035 0.186 0.779 1    
227:  0.007 0.818 0.175 1    
228:  0.008 0.821 0.172 1    
229:  0.019 0.560 0.421 1    
230:  0.029 0.757 0.214 1    
231:  0.009 0.755 0.236 1    
232:  0.005 0.819 0.176 1    
233:  0.014 0.747 0.239 1    
234:  0.032 0.714 0.254 1    
235:  0.012 0.664 0.325 1    
236:  0.016 0.421 0.563 1    
237:  0.028 0.242 0.729 1    
238:  0.040 0.385 0.574 1    
239:  0.013 0.184 0.803 1    
240:  0.018 0.520 0.462 1    
241:  0.008 0.515 0.477 1    
242:  0.012 0.260 0.728 1    
243:  0.015 0.371 0.614 1    
244:  0.005 0.686 0.309 1    
245:  0.019 0.478 0.504 1    
246:  0.007 0.179 0.814 1    
247:  0.030 0.937 0.033 1    
248:  0.012 0.245 0.742 1    
249:  0.011 0.479 0.511 1    
250:  0.037 0.362 0.601 1    
251:  0.007 0.722 0.271 1    
252:  0.037 0.379 0.584 1    
253:  0.008 0.025 0.967 1    
254:  0.009 0.302 0.689 1    
255:  0.006 0.061 0.933 1    
256:  0.013 0.836 0.152 1    
257:  0.022 0.492 0.486 1    
258:  0.006 0.915 0.079 1    
259:  0.007 0.726 0.267 1    
260:  0.022 0.798 0.179 1    
261:  0.008 0.884 0.108 1    
262:  0.009 0.650 0.341 1    
263:  0.165 0.397 0.437 1    
264:  0.036 0.361 0.603 1    
265:  0.027 0.922 0.051 1    
266:  0.011 0.818 0.171 1    
267:  0.014 0.553 0.433 1    
268:  0.099 0.454 0.447 1    
269:  0.017 0.827 0.156 1    
270:  0.008 0.401 0.591 1    
271:  0.046 0.311 0.642 1    
272:  0.036 0.925 0.039 1    
273:  0.030 0.751 0.219 1    
274:  0.028 0.613 0.359 1    
275:  0.012 0.356 0.632 1    
276:  0.124 0.727 0.149 1    
277:  0.014 0.936 0.050 1    
278:  0.090 0.144 0.766 1    
279:  0.034 0.515 0.451 1    
280:  0.006 0.370 0.624 1    
281:  0.005 0.142 0.853 1    
282:  0.067 0.160 0.773 1    
283:  0.313 0.357 0.331 1    
284:  0.046 0.815 0.138 1    
285:  0.025 0.437 0.538 1    
286:  0.011 0.245 0.744 1    
287:  0.013 0.335 0.652 1    
288:  0.017 0.493 0.490 1    
289:  0.012 0.798 0.190 1    
290:  0.009 0.244 0.746 1    
291:  0.021 0.439 0.540 1    
292:  0.044 0.761 0.196 1    
293:  0.010 0.507 0.482 1    
294:  0.098 0.178 0.724 1    
295:  0.011 0.573 0.416 1    
296:  0.070 0.600 0.330 1    
297:  0.096 0.469 0.435 1    
298:  0.009 0.218 0.773 1    
299:  0.038 0.257 0.706 1    
300:  0.024 0.478 0.498 1    
301:  0.006 0.121 0.873 1    
302:  0.012 0.431 0.557 1    
303:  0.082 0.258 0.660 1    
304:  0.011 0.899 0.090 1    
305:  0.009 0.278 0.714 1    
306:  0.011 0.596 0.393 1    
307:  0.041 0.424 0.535 1    
308:  0.008 0.098 0.894 1    
309:  0.062 0.772 0.167 1    
310:  0.239 0.392 0.369 1    
311:  0.029 0.594 0.377 1    
312:  0.036 0.424 0.540 1    
313:  0.007 0.873 0.120 1    
314:  0.060 0.163 0.778 1    
315:  0.010 0.840 0.150 1    
316:  0.111 0.624 0.266 1    
317:  0.033 0.387 0.580 1    
318:  0.020 0.947 0.034 1    
319:  0.217 0.590 0.193 1    
320:  0.057 0.208 0.735 1    
321:  0.006 0.311 0.683 1    
322:  0.018 0.471 0.511 1    
323:  0.014 0.411 0.574 1    
324:  0.008 0.562 0.429 1    
325:  0.033 0.750 0.217 1    
326:  0.009 0.364 0.627 1    
327:  0.007 0.514 0.479 1    
328:  0.019 0.215 0.766 1    
329:  0.020 0.118 0.862 1    
330:  0.005 0.564 0.431 1    
331:  0.006 0.883 0.111 1    
332:  0.011 0.645 0.344 1    
333:  0.013 0.345 0.642 1    
334:  0.007 0.619 0.374 1    
335:  0.010 0.403 0.587 1    
336:  0.009 0.952 0.039 1    
337:  0.041 0.853 0.106 1    
338:  0.011 0.702 0.288 1    
339:  0.012 0.974 0.014 1    
340:  0.062 0.910 0.027 1    
341:  0.009 0.878 0.113 1    
342:  0.009 0.971 0.020 1    
343:  0.010 0.859 0.131 1    
344:  0.022 0.885 0.093 1    
345:  0.017 0.959 0.024 1    
346:  0.022 0.958 0.021 1    
347:  0.012 0.963 0.024 1    
348:  0.037 0.772 0.192 1    
349:  0.010 0.969 0.021 1    
350:  0.012 0.480 0.508 1    
351:  0.132 0.834 0.034 1    
352:  0.007 0.367 0.626 1    
353:  0.040 0.906 0.054 1    
354:  0.032 0.943 0.025 1    
355:  0.042 0.849 0.110 1    
356:  0.013 0.328 0.659 1    
357:  0.172 0.657 0.171 1    
358:  0.015 0.438 0.547 1    
359:  0.028 0.874 0.098 1    
360:  0.067 0.255 0.679 1    
361:  0.127 0.464 0.409 1    
362:  0.006 0.210 0.783 1    
363:  0.007 0.926 0.067 1    
364:  0.008 0.596 0.396 1    
365:  0.009 0.881 0.110 1    
366:  0.006 0.935 0.059 1    
367:  0.018 0.218 0.764 1    
368:  0.015 0.475 0.510 1    
369:  0.006 0.716 0.278 1    
370:  0.059 0.826 0.116 1    
371:  0.067 0.598 0.335 1    
372:  0.047 0.882 0.071 1    
373:  0.021 0.606 0.373 1    
374:  0.045 0.291 0.664 1    
375:  0.029 0.870 0.101 1    
376:  0.016 0.744 0.240 1    
377:  0.013 0.430 0.558 1    
378:  0.011 0.645 0.345 1    
379:  0.015 0.706 0.279 1    
380:  0.021 0.744 0.234 1    
381:  0.013 0.807 0.179 1    
382:  0.033 0.790 0.176 1    
383:  0.018 0.271 0.711 1    
384:  0.015 0.412 0.573 1    
385:  0.005 0.948 0.047 1    
386:  0.011 0.242 0.747 1    
387:  0.009 0.871 0.119 1    
388:  0.016 0.523 0.462 1    
389:  0.009 0.591 0.401 1    
390:  0.005 0.332 0.663 1    
391:  0.009 0.653 0.338 1    
392:  0.025 0.740 0.235 1    
393:  0.009 0.362 0.629 1    
394:  0.009 0.258 0.733 1    
395:  0.008 0.554 0.438 1    
396:  0.008 0.612 0.380 1    
397:  0.009 0.630 0.361 1    
398:  0.030 0.082 0.888 1    
399:  0.014 0.684 0.302 1    
400:  0.049 0.326 0.625 1    
401:  0.009 0.464 0.527 1    
402:  0.023 0.443 0.534 1    
403:  0.008 0.536 0.456 1    
404:  0.022 0.797 0.180 1    
405:  0.013 0.415 0.572 1    
406:  0.065 0.537 0.397 1    
407:  0.017 0.564 0.419 1    
408:  0.011 0.471 0.518 1    
409:  0.022 0.756 0.221 1    
410:  0.012 0.344 0.643 1    
411:  0.037 0.761 0.202 1    
412:  0.019 0.626 0.355 1    
413:  0.007 0.367 0.625 1    
414:  0.021 0.620 0.359 1    
415:  0.009 0.145 0.846 1    
416:  0.012 0.540 0.449 1    
417:  0.015 0.239 0.746 1    
418:  0.007 0.598 0.396 1    
419:  0.013 0.275 0.712 1    
420:  0.009 0.064 0.927 1    
421:  0.010 0.086 0.905 1    
422:  0.142 0.238 0.619 1    
423:  0.021 0.816 0.164 1    
424:  0.021 0.614 0.365 1    
425:  0.009 0.762 0.229 1    
426:  0.051 0.808 0.141 1    
427:  0.006 0.433 0.561 1    
428:  0.007 0.577 0.416 1    
429:  0.021 0.671 0.308 1    
430:  0.419 0.443 0.139 1    
431:  0.008 0.364 0.628 1    
432:  0.011 0.869 0.121 1    
433:  0.031 0.767 0.202 1    
434:  0.010 0.364 0.626 1    
435:  0.012 0.056 0.932 1    
436:  0.010 0.020 0.971 1    
437:  0.215 0.236 0.549 1    
438:  0.074 0.593 0.333 1    
439:  0.018 0.849 0.133 1    
440:  0.006 0.513 0.481 1    
441:  0.112 0.149 0.739 1    
442:  0.219 0.169 0.612 1    
443:  0.024 0.831 0.145 1    
444:  0.018 0.679 0.302 1    
445:  0.012 0.765 0.223 1    
446:  0.016 0.725 0.259 1    
447:  0.009 0.440 0.550 1    
448:  0.074 0.402 0.525 1    
449:  0.010 0.313 0.677 1    
450:  0.130 0.707 0.162 1    
451:  0.006 0.218 0.775 1    
452:  0.023 0.430 0.548 1    
453:  0.011 0.087 0.902 1    
454:  0.057 0.456 0.486 1    
455:  0.013 0.760 0.227 1    
456:  0.015 0.865 0.120 1    
457:  0.006 0.196 0.798 1    
458:  0.019 0.844 0.137 1    
459:  0.049 0.612 0.339 1    
460:  0.079 0.082 0.839 1    
461:  0.039 0.143 0.818 1    
462:  0.010 0.257 0.733 1    
463:  0.039 0.570 0.391 1    
464:  0.013 0.088 0.898 1    
465:  0.085 0.483 0.432 1    
466:  0.181 0.420 0.398 1    
467:  0.020 0.465 0.515 1    
468:  0.009 0.433 0.557 1    
469:  0.009 0.445 0.546 1    
470:  0.055 0.559 0.386 1    
471:  0.007 0.183 0.811 1    
472:  0.040 0.280 0.680 1    
473:  0.021 0.628 0.352 1    
474:  0.009 0.632 0.359 1    
475:  0.006 0.719 0.275 1    
476:  0.007 0.336 0.657 1    
477:  0.072 0.637 0.291 1    
478:  0.099 0.767 0.134 1    
479:  0.007 0.050 0.943 1    
480:  0.010 0.602 0.388 1    
481:  0.012 0.311 0.676 1    
482:  0.007 0.706 0.288 1    
483:  0.023 0.647 0.330 1    
484:  0.007 0.360 0.632 1    
485:  0.562 0.167 0.271 1    
486:  0.010 0.502 0.488 1    
487:  0.010 0.739 0.251 1    
488:  0.022 0.297 0.680 1    
489:  0.010 0.133 0.857 1    
490:  0.015 0.811 0.173 1    
491:  0.008 0.605 0.387 1    
492:  0.018 0.785 0.197 1    
493:  0.005 0.738 0.258 1    
494:  0.009 0.682 0.309 1    
495:  0.028 0.356 0.616 1    
496:  0.097 0.264 0.639 1    
497:  0.012 0.516 0.472 1    
498:  0.014 0.496 0.490 1    
499:  0.007 0.575 0.418 1    
500:  0.011 0.826 0.163 1    
501:  0.015 0.436 0.549 1    
502:  0.053 0.187 0.760 1    
503:  0.009 0.505 0.486 1    
504:  0.009 0.548 0.443 1    
505:  0.116 0.671 0.213 1    
506:  0.030 0.410 0.560 1    
507:  0.110 0.275 0.615 1    
508:  0.012 0.790 0.198 1    
509:  0.005 0.786 0.209 1    
510:  0.008 0.495 0.497 1    
511:  0.012 0.585 0.403 1    
512:  0.013 0.638 0.349 1    
513:  0.016 0.742 0.243 1    
514:  0.024 0.625 0.351 1    
515:  0.007 0.632 0.361 1    
516:  0.027 0.834 0.138 1    
517:  0.028 0.915 0.057 1    
518:  0.192 0.499 0.310 1    
519:  0.040 0.319 0.640 1    
520:  0.017 0.557 0.425 1    
521:  0.009 0.377 0.615 1    
522:  0.015 0.091 0.895 1    
523:  0.026 0.613 0.362 1    
524:  0.006 0.620 0.375 1    
525:  0.013 0.809 0.178 1    
526:  0.024 0.570 0.405 1    
527:  0.009 0.140 0.851 1    
528:  0.013 0.537 0.451 1    
529:  0.016 0.036 0.948 1    
530:  0.067 0.565 0.368 1    
531:  0.009 0.455 0.535 1    
532:  0.018 0.239 0.743 1    
533:  0.015 0.388 0.597 1    
534:  0.054 0.810 0.136 1    
535:  0.019 0.703 0.278 1    
536:  0.012 0.067 0.921 1    
537:  0.047 0.607 0.346 1    
538:  0.005 0.903 0.092 1    
539:  0.015 0.896 0.089 1    
540:  0.011 0.491 0.499 1    
541:  0.012 0.206 0.783 1    
542:  0.010 0.619 0.371 1    
543:  0.005 0.505 0.491 1    
544:  0.047 0.462 0.491 1    
545:  0.040 0.726 0.234 1    
546:  0.021 0.565 0.414 1    
547:  0.009 0.349 0.642 1    
548:  0.007 0.593 0.399 1    
549:  0.027 0.641 0.332 1    
550:  0.006 0.804 0.190 1    
551:  0.006 0.371 0.623 1    
552:  0.004 0.697 0.298 1    
553:  0.027 0.414 0.559 1    
554:  0.052 0.299 0.649 1    
555:  0.030 0.713 0.257 1    
556:  0.025 0.684 0.291 1    
557:  0.011 0.485 0.504 1    
558:  0.009 0.644 0.346 1    
559:  0.059 0.645 0.296 1    
560:  0.024 0.632 0.344 1    
561:  0.015 0.704 0.281 1    
562:  0.013 0.155 0.832 1    
563:  0.009 0.511 0.479 1    
564:  0.291 0.336 0.373 1    
565:  0.010 0.298 0.692 1    
566:  0.025 0.204 0.771 1    
567:  0.011 0.080 0.909 1    
568:  0.044 0.117 0.838 1    
569:  0.005 0.786 0.209 1    
570:  0.007 0.248 0.745 1    
571:  0.009 0.206 0.785 1    
572:  0.011 0.452 0.537 1    
573:  0.195 0.718 0.087 1    
574:  0.034 0.432 0.534 1    
575:  0.020 0.726 0.254 1    
576:  0.061 0.487 0.452 1    
577:  0.057 0.593 0.350 1    
578:  0.219 0.115 0.666 1    
579:  0.033 0.677 0.290 1    
580:  0.009 0.143 0.848 1    
581:  0.008 0.770 0.222 1    
582:  0.126 0.350 0.525 1    
583:  0.104 0.371 0.525 1    
584:  0.021 0.725 0.253 1    
585:  0.027 0.414 0.558 1    
586:  0.012 0.778 0.209 1    
587:  0.013 0.897 0.090 1    
588:  0.031 0.437 0.532 1    
589:  0.064 0.336 0.601 1    
590:  0.021 0.828 0.152 1    
591:  0.007 0.053 0.940 1    
592:  0.019 0.919 0.062 1    
593:  0.024 0.646 0.331 1    
594:  0.027 0.883 0.090 1    
595:  0.013 0.045 0.942 1    
596:  0.016 0.288 0.697 1    
597:  0.018 0.304 0.678 1    
598:  0.006 0.896 0.097 1    
599:  0.050 0.464 0.486 1    
600:  0.046 0.299 0.655 1    
601:  0.137 0.772 0.091 1    
602:  0.070 0.317 0.613 1    
603:  0.013 0.215 0.772 1    
604:  0.013 0.070 0.917 1    
605:  0.009 0.654 0.337 1    
606:  0.022 0.318 0.659 1    
607:  0.030 0.591 0.379 1    
608:  0.010 0.886 0.104 1    
609:  0.012 0.709 0.279 1    
610:  0.041 0.465 0.493 1    
611:  0.007 0.410 0.582 1    
612:  0.032 0.856 0.112 1    
613:  0.026 0.264 0.710 1    
614:  0.007 0.643 0.349 1    
615:  0.024 0.651 0.325 1    
616:  0.017 0.587 0.395 1    
617:  0.014 0.345 0.641 1    
618:  0.015 0.308 0.676 1    
619:  0.035 0.133 0.832 1    
620:  0.009 0.781 0.210 1    
621:  0.082 0.849 0.068 1    
622:  0.020 0.796 0.184 1    
623:  0.003 0.781 0.216 1    
624:  0.023 0.663 0.314 1    
625:  0.009 0.369 0.622 1    
626:  0.006 0.033 0.961 1    
627:  0.049 0.637 0.315 1    
628:  0.009 0.577 0.414 1    
629:  0.023 0.056 0.921 1    
630:  0.007 0.785 0.208 1    
631:  0.008 0.921 0.071 1    
632:  0.017 0.719 0.264 1    
633:  0.125 0.343 0.532 1    
634:  0.022 0.861 0.117 1    
635:  0.012 0.611 0.378 1    
636:  0.022 0.255 0.722 1    
637:  0.011 0.216 0.773 1    
638:  0.045 0.612 0.343 1    
639:  0.012 0.088 0.900 1    
640:  0.012 0.813 0.175 1    
641:  0.015 0.221 0.763 1    
642:  0.010 0.780 0.210 1    
643:  0.034 0.637 0.329 1    
644:  0.078 0.611 0.311 1    
645:  0.050 0.875 0.074 1    
646:  0.025 0.767 0.208 1    
647:  0.007 0.163 0.830 1    
648:  0.157 0.591 0.251 1    
649:  0.048 0.562 0.390 1    
650:  0.007 0.348 0.645 1    
651:  0.017 0.565 0.417 1    
652:  0.033 0.915 0.053 1    
653:  0.011 0.228 0.761 1    
654:  0.008 0.499 0.493 1    
655:  0.050 0.628 0.322 1    
656:  0.019 0.813 0.168 1    
657:  0.020 0.926 0.054 1    
658:  0.035 0.062 0.903 1    
659:  0.016 0.336 0.648 1    
660:  0.020 0.703 0.277 1    
661:  0.012 0.111 0.877 1    
662:  0.038 0.043 0.919 1    
663:  0.009 0.908 0.083 1    
664:  0.018 0.781 0.201 1    
665:  0.104 0.565 0.331 1    
666:  0.005 0.651 0.344 1    
667:  0.013 0.486 0.501 1    
668:  0.122 0.261 0.617 1    
669:  0.011 0.749 0.240 1    
670:  0.009 0.185 0.806 1    
671:  0.062 0.903 0.034 1    
672:  0.018 0.705 0.277 1    
673:  0.005 0.600 0.395 1    
674:  0.041 0.543 0.416 1    
675:  0.021 0.843 0.136 1    
676:  0.044 0.672 0.284 1    
677:  0.007 0.809 0.184 1    
678:  0.006 0.856 0.138 1    
679:  0.008 0.882 0.110 1    
680:  0.038 0.437 0.525 1    
681:  0.012 0.607 0.381 1    
682:  0.016 0.245 0.738 1    
683:  0.072 0.232 0.696 1    
684:  0.008 0.118 0.874 1    
685:  0.124 0.722 0.154 1    
686:  0.174 0.592 0.234 1    
687:  0.010 0.923 0.066 1    
688:  0.009 0.861 0.129 1    
689:  0.039 0.348 0.613 1    
690:  0.015 0.707 0.278 1    
691:  0.168 0.332 0.501 1    
692:  0.043 0.360 0.597 1    
693:  0.006 0.565 0.429 1    
694:  0.012 0.811 0.178 1    
695:  0.008 0.474 0.519 1    
696:  0.033 0.568 0.399 1    
697:  0.019 0.330 0.651 1    
698:  0.025 0.494 0.480 1    
699:  0.016 0.506 0.477 1    
700:  0.027 0.578 0.395 1    
701:  0.012 0.763 0.225 1    
702:  0.053 0.677 0.270 1    
703:  0.010 0.131 0.859 1    
704:  0.027 0.263 0.710 1    
705:  0.012 0.488 0.500 1    
706:  0.006 0.892 0.102 1    
707:  0.021 0.347 0.632 1    
708:  0.014 0.542 0.444 1    
709:  0.044 0.467 0.489 1    
710:  0.080 0.630 0.290 1    
711:  0.013 0.564 0.423 1    
712:  0.012 0.315 0.673 1    
713:  0.009 0.516 0.475 1    
714:  0.064 0.417 0.518 1    
715:  0.243 0.194 0.563 1    
716:  0.016 0.556 0.428 1    
717:  0.127 0.796 0.076 1    
718:  0.020 0.824 0.157 1    
719:  0.017 0.764 0.219 1    
720:  0.164 0.520 0.316 1    
721:  0.026 0.271 0.702 1    
722:  0.018 0.175 0.807 1    
723:  0.017 0.386 0.597 1    
724:  0.024 0.667 0.310 1    
725:  0.007 0.340 0.654 1    
726:  0.092 0.404 0.504 1    
727:  0.008 0.508 0.483 1    
728:  0.017 0.753 0.231 1    
729:  0.016 0.202 0.782 1    
730:  0.010 0.754 0.236 1    
731:  0.011 0.509 0.480 1    
732:  0.033 0.536 0.431 1    
733:  0.007 0.431 0.561 1    
734:  0.015 0.634 0.352 1    
735:  0.011 0.940 0.049 1    
736:  0.008 0.638 0.354 1    
737:  0.034 0.130 0.836 1    
738:  0.015 0.491 0.494 1    
739:  0.026 0.338 0.636 1    
740:  0.047 0.318 0.635 1    
741:  0.009 0.398 0.593 1    
742:  0.145 0.037 0.818 1    
743:  0.018 0.016 0.967 1    
744:  0.055 0.016 0.929 1    
745:  0.009 0.009 0.981 1    
746:  0.037 0.010 0.953 1    
747:  0.007 0.030 0.963 1    
748:  0.101 0.042 0.857 1    
749:  0.012 0.010 0.979 1    
750:  0.013 0.010 0.978 1    
751:  0.041 0.015 0.944 1    
752:  0.182 0.023 0.796 1    
753:  0.075 0.010 0.915 1    
754:  0.120 0.014 0.866 1    
755:  0.118 0.659 0.224 1    
756:  0.053 0.569 0.378 1    
757:  0.022 0.142 0.836 1    
758:  0.022 0.120 0.857 1    
759:  0.093 0.771 0.137 1    
760:  0.328 0.468 0.204 1    
761:  0.076 0.315 0.609 1    
762:  0.831 0.076 0.093 1    
763:  0.018 0.296 0.686 1    
764:  0.017 0.736 0.247 1    
765:  0.986 0.007 0.007 1    
766:  0.012 0.297 0.691 1    
767:  0.023 0.539 0.439 1    
768:  0.023 0.291 0.686 1    
769:  0.061 0.456 0.483 1    
770:  0.026 0.489 0.485 1    
771:  0.014 0.824 0.161 1    
772:  0.021 0.519 0.460 1    
773:  0.021 0.414 0.565 1    
774:  0.014 0.491 0.494 1    
775:  0.984 0.008 0.008 1    
776:  0.958 0.026 0.017 1    
777:  0.989 0.006 0.005 1    
778:  0.100 0.448 0.452 1    
779:  0.979 0.012 0.009 1    
780:  0.952 0.023 0.025 1    
781:  0.985 0.008 0.007 1    
782:  0.989 0.006 0.006 1    
783:  0.950 0.026 0.024 1    
784:  0.984 0.007 0.010 1    
785:  0.977 0.011 0.012 1    
786:  0.948 0.026 0.026 1    
787:  0.983 0.009 0.008 1    
788:  0.984 0.008 0.008 1    
789:  0.986 0.006 0.008 1    
790:  0.978 0.010 0.012 1    
791:  0.883 0.031 0.086 1    
792:  0.987 0.005 0.007 1    
793:  0.948 0.032 0.019 1    
794:  0.946 0.026 0.028 1    
795:  0.986 0.007 0.008 1    
796:  0.949 0.033 0.019 1    
797:  0.981 0.009 0.010 1    
798:  0.974 0.009 0.017 1    
799:  0.989 0.005 0.006 1    
800:  0.978 0.010 0.012 1    
801:  0.979 0.010 0.011 1    
802:  0.991 0.005 0.005 1    
803:  0.980 0.010 0.010 1    
804:  0.926 0.045 0.030 1    
805:  0.924 0.052 0.024 1    
806:  0.970 0.012 0.018 1    
807:  0.978 0.012 0.009 1    
808:  0.977 0.012 0.011 1    
809:  0.945 0.025 0.031 1    
810:  0.975 0.013 0.013 1    
811:  0.989 0.005 0.006 1    
812:  0.989 0.005 0.005 1    
813:  0.876 0.075 0.049 1    
814:  0.984 0.008 0.009 1    
815:  0.880 0.050 0.069 1    
816:  0.988 0.005 0.007 1    
817:  0.963 0.013 0.024 1    
818:  0.874 0.033 0.092 1    
819:  0.984 0.007 0.009 1    
820:  0.988 0.006 0.007 1    
821:  0.986 0.008 0.006 1    
822:  0.984 0.008 0.008 1    
823:  0.978 0.012 0.009 1    
824:  0.976 0.011 0.013 1    
825:  0.850 0.064 0.086 1    
826:  0.971 0.009 0.020 1    
827:  0.987 0.007 0.006 1    
828:  0.990 0.005 0.005 1    
829:  0.991 0.004 0.005 1    
830:  0.989 0.006 0.005 1    
831:  0.976 0.012 0.011 1    
832:  0.959 0.017 0.024 1    
833:  0.981 0.010 0.009 1    
834:  0.924 0.035 0.041 1    
835:  0.987 0.006 0.007 1    
836:  0.970 0.014 0.017 1    
837:  0.979 0.011 0.010 1    
838:  0.870 0.089 0.041 1    
839:  0.970 0.017 0.013 1    
840:  0.988 0.006 0.006 1    
841:  0.037 0.716 0.246 1    
842:  0.963 0.015 0.023 1    
843:  0.989 0.006 0.005 1    
844:  0.987 0.006 0.006 1    
845:  0.981 0.011 0.008 1    
846:  0.976 0.012 0.013 1    
847:  0.985 0.008 0.007 1    
848:  0.980 0.007 0.013 1    
849:  0.017 0.571 0.413 1    
850:  0.178 0.135 0.688 1    
851:  0.030 0.630 0.340 1    
852:  0.238 0.464 0.298 1    
853:  0.019 0.847 0.134 1    
854:  0.618 0.272 0.110 1    
855:  0.029 0.319 0.652 1    
856:  0.020 0.627 0.353 1    
857:  0.965 0.018 0.017 1    
858:  0.087 0.317 0.596 1    
859:  0.971 0.016 0.013 1    
860:  0.016 0.538 0.446 1    
861:  0.676 0.189 0.135 1    
862:  0.025 0.741 0.234 1    
863:  0.019 0.090 0.892 1    
864:  0.987 0.007 0.006 1    
865:  0.247 0.482 0.271 1    
866:  0.100 0.173 0.727 1    
867:  0.017 0.433 0.550 1    
868:  0.009 0.835 0.156 1    
869:  0.010 0.475 0.515 1    
870:  0.980 0.011 0.009 1    
871:  0.040 0.659 0.301 1    
872:  0.345 0.475 0.180 1    
873:  0.033 0.440 0.527 1    
874:  0.087 0.329 0.583 1    
875:  0.073 0.492 0.434 1    
876:  0.122 0.659 0.219 1    
877:  0.076 0.722 0.202 1    
878:  0.026 0.675 0.299 1    
879:  0.259 0.478 0.263 1    
880:  0.021 0.152 0.827 1    
881:  0.988 0.006 0.006 1    
882:  0.179 0.603 0.218 1    
883:  0.330 0.123 0.546 1    
884:  0.037 0.785 0.179 1    
885:  0.029 0.324 0.647 1    
886:  0.009 0.698 0.293 1    
887:  0.194 0.584 0.222 1    
888:  0.030 0.713 0.257 1    
889:  0.080 0.625 0.295 1    
890:  0.014 0.554 0.432 1    
891:  0.005 0.768 0.227 1    
892:  0.990 0.005 0.005 1    
893:  0.937 0.037 0.026 1    
              
              
1:    0.741 0.008 0.250 1    
2:    0.410 0.007 0.583 1    
3:    0.487 0.011 0.502 1    
4:    0.819 0.007 0.174 1    
5:    0.713 0.078 0.209 1    
6:    0.906 0.022 0.071 1    
7:    0.733 0.009 0.259 1    
8:    0.069 0.005 0.927 1    
9:    0.723 0.010 0.267 1    
10:   0.488 0.075 0.437 1    
11:   0.914 0.010 0.076 1    
12:   0.152 0.005 0.843 1    
13:   0.401 0.008 0.591 1    
14:   0.762 0.011 0.226 1    
15:   0.720 0.014 0.266 1    
16:   0.882 0.008 0.111 1    
17:   0.751 0.029 0.221 1    
18:   0.422 0.014 0.564 1    
19:   0.666 0.012 0.322 1    
20:   0.153 0.281 0.566 1    
21:   0.440 0.055 0.505 1    
22:   0.938 0.006 0.056 1    
23:   0.704 0.014 0.282 1    
24:   0.619 0.072 0.309 1    
25:   0.370 0.036 0.593 1    
26:   0.723 0.006 0.271 1    
27:   0.736 0.009 0.255 1    
28:   0.556 0.172 0.272 1    
29:   0.244 0.053 0.703 1    
30:   0.766 0.004 0.230 1    
31:   0.889 0.009 0.102 1    
32:   0.879 0.006 0.115 1    
33:   0.837 0.006 0.157 1    
34:   0.315 0.022 0.663 1    
35:   0.636 0.011 0.353 1    
36:   0.833 0.007 0.161 1    
37:   0.317 0.107 0.576 1    
38:   0.485 0.009 0.505 1    
39:   0.945 0.011 0.044 1    
40:   0.799 0.018 0.184 1    
41:   0.806 0.014 0.179 1    
42:   0.204 0.018 0.778 1    
43:   0.411 0.012 0.577 1    
44:   0.853 0.039 0.108 1    
45:   0.190 0.005 0.805 1    
46:   0.662 0.014 0.324 1    
47:   0.739 0.047 0.214 1    
48:   0.437 0.055 0.508 1    
49:   0.240 0.019 0.740 1    
50:   0.332 0.008 0.660 1    
51:   0.194 0.006 0.800 1    
52:   0.858 0.006 0.136 1    
53:   0.019 0.006 0.974 1    
54:   0.661 0.121 0.219 1    
55:   0.064 0.013 0.923 1    
56:   0.916 0.019 0.065 1    
57:   0.603 0.009 0.388 1    
58:   0.758 0.033 0.209 1    
59:   0.761 0.007 0.232 1    
60:   0.758 0.017 0.225 1    
61:   0.575 0.195 0.229 1    
62:   0.294 0.008 0.698 1    
63:   0.522 0.016 0.461 1    
64:   0.812 0.007 0.181 1    
65:   0.707 0.011 0.282 1    
66:   0.294 0.011 0.694 1    
67:   0.430 0.071 0.499 1    
68:   0.846 0.022 0.132 1    
69:   0.762 0.130 0.108 1    
70:   0.610 0.023 0.367 1    
71:   0.820 0.032 0.149 1    
72:   0.354 0.014 0.631 1    
73:   0.583 0.010 0.407 1    
74:   0.920 0.009 0.070 1    
75:   0.346 0.008 0.646 1    
76:   0.771 0.009 0.220 1    
77:   0.016 0.026 0.959 1    
78:   0.038 0.047 0.914 1    
79:   0.010 0.016 0.974 1    
80:   0.013 0.006 0.982 1    
81:   0.010 0.007 0.982 1    
82:   0.011 0.014 0.975 1    
83:   0.018 0.044 0.938 1    
84:   0.037 0.014 0.949 1    
85:   0.019 0.013 0.968 1    
86:   0.153 0.013 0.834 1    
87:   0.015 0.009 0.976 1    
88:   0.018 0.023 0.959 1    
89:   0.018 0.059 0.923 1    
90:   0.076 0.013 0.911 1    
91:   0.025 0.024 0.951 1    
92:   0.016 0.114 0.871 1    
93:   0.011 0.010 0.979 1    
94:   0.012 0.024 0.964 1    
95:   0.035 0.032 0.933 1    
96:   0.018 0.007 0.976 1    
97:   0.065 0.261 0.674 1    
98:   0.134 0.018 0.847 1    
99:   0.018 0.007 0.975 1    
100:  0.013 0.011 0.977 1    
101:  0.020 0.007 0.974 1    
102:  0.033 0.046 0.921 1    
103:  0.802 0.009 0.189 1    
104:  0.640 0.006 0.355 1    
105:  0.425 0.027 0.548 1    
106:  0.417 0.014 0.568 1    
107:  0.855 0.009 0.136 1    
108:  0.311 0.021 0.668 1    
109:  0.546 0.043 0.410 1    
110:  0.817 0.020 0.163 1    
111:  0.511 0.008 0.482 1    
112:  0.461 0.006 0.533 1    
113:  0.288 0.009 0.702 1    
114:  0.206 0.009 0.785 1    
115:  0.883 0.043 0.074 1    
116:  0.571 0.005 0.424 1    
117:  0.499 0.009 0.492 1    
118:  0.852 0.008 0.139 1    
119:  0.623 0.006 0.371 1    
120:  0.281 0.006 0.713 1    
121:  0.486 0.014 0.500 1    
122:  0.707 0.019 0.274 1    
123:  0.649 0.015 0.336 1    
124:  0.509 0.011 0.481 1    
125:  0.470 0.010 0.520 1    
126:  0.292 0.018 0.690 1    
127:  0.370 0.014 0.617 1    
128:  0.033 0.007 0.960 1    
129:  0.330 0.015 0.655 1    
130:  0.657 0.014 0.329 1    
131:  0.433 0.007 0.560 1    
132:  0.173 0.004 0.823 1    
133:  0.195 0.006 0.799 1    
134:  0.135 0.007 0.857 1    
135:  0.153 0.050 0.797 1    
136:  0.130 0.011 0.859 1    
137:  0.886 0.014 0.100 1    
138:  0.130 0.009 0.861 1    
139:  0.653 0.007 0.341 1    
140:  0.588 0.069 0.343 1    
141:  0.732 0.008 0.260 1    
142:  0.834 0.011 0.155 1    
143:  0.373 0.007 0.620 1    
144:  0.583 0.007 0.410 1    
145:  0.838 0.057 0.105 1    
146:  0.274 0.024 0.702 1    
147:  0.874 0.022 0.104 1    
148:  0.085 0.009 0.906 1    
149:  0.820 0.038 0.142 1    
150:  0.086 0.079 0.835 1    
151:  0.306 0.011 0.682 1    
152:  0.509 0.296 0.195 1    
153:  0.833 0.046 0.120 1    
154:  0.731 0.080 0.189 1    
155:  0.404 0.011 0.585 1    
156:  0.180 0.029 0.791 1    
157:  0.202 0.010 0.789 1    
158:  0.453 0.006 0.541 1    
159:  0.292 0.311 0.397 1    
160:  0.764 0.011 0.225 1    
161:  0.612 0.035 0.352 1    
162:  0.702 0.016 0.282 1    
163:  0.776 0.006 0.217 1    
164:  0.801 0.009 0.190 1    
165:  0.330 0.137 0.532 1    
166:  0.052 0.005 0.943 1    
167:  0.836 0.009 0.155 1    
168:  0.378 0.017 0.605 1    
169:  0.602 0.005 0.392 1    
170:  0.720 0.015 0.265 1    
171:  0.471 0.033 0.496 1    
172:  0.841 0.013 0.146 1    
173:  0.827 0.023 0.150 1    
174:  0.720 0.134 0.146 1    
175:  0.918 0.015 0.067 1    
176:  0.704 0.015 0.281 1    
177:  0.844 0.006 0.150 1    
178:  0.713 0.016 0.271 1    
179:  0.741 0.025 0.233 1    
180:  0.786 0.006 0.208 1    
181:  0.359 0.016 0.625 1    
182:  0.240 0.013 0.747 1    
183:  0.407 0.022 0.571 1    
184:  0.522 0.009 0.469 1    
185:  0.439 0.009 0.551 1    
186:  0.595 0.004 0.401 1    
187:  0.792 0.033 0.176 1    
188:  0.636 0.023 0.341 1    
189:  0.863 0.013 0.124 1    
190:  0.833 0.027 0.140 1    
191:  0.421 0.062 0.517 1    
192:  0.844 0.074 0.082 1    
193:  0.420 0.010 0.570 1    
194:  0.755 0.023 0.222 1    
195:  0.610 0.034 0.355 1    
196:  0.046 0.008 0.946 1    
197:  0.437 0.006 0.557 1    
198:  0.404 0.012 0.584 1    
199:  0.650 0.010 0.339 1    
200:  0.362 0.007 0.631 1    
201:  0.642 0.087 0.272 1    
202:  0.116 0.006 0.878 1    
203:  0.401 0.009 0.590 1    
204:  0.065 0.014 0.922 1    
205:  0.129 0.031 0.840 1    
206:  0.807 0.024 0.168 1    
207:  0.621 0.007 0.372 1    
208:  0.047 0.006 0.948 1    
209:  0.479 0.047 0.474 1    
210:  0.544 0.011 0.445 1    
211:  0.230 0.006 0.764 1    
212:  0.434 0.026 0.539 1    
213:  0.398 0.016 0.586 1    
214:  0.485 0.041 0.474 1    
215:  0.577 0.011 0.412 1    
216:  0.750 0.015 0.235 1    
217:  0.669 0.040 0.292 1    
218:  0.371 0.018 0.611 1    
219:  0.894 0.004 0.101 1    
220:  0.036 0.014 0.950 1    
221:  0.244 0.020 0.736 1    
222:  0.735 0.114 0.151 1    
223:  0.873 0.026 0.101 1    
224:  0.842 0.017 0.141 1    
225:  0.587 0.306 0.107 1    
226:  0.247 0.036 0.717 1    
227:  0.762 0.007 0.231 1    
228:  0.792 0.008 0.200 1    
229:  0.537 0.017 0.446 1    
230:  0.784 0.027 0.190 1    
231:  0.813 0.009 0.178 1    
232:  0.841 0.004 0.154 1    
233:  0.809 0.013 0.177 1    
234:  0.727 0.029 0.243 1    
235:  0.555 0.012 0.432 1    
236:  0.494 0.015 0.491 1    
237:  0.276 0.027 0.697 1    
238:  0.397 0.041 0.562 1    
239:  0.188 0.013 0.799 1    
240:  0.478 0.017 0.506 1    
241:  0.601 0.008 0.391 1    
242:  0.194 0.012 0.794 1    
243:  0.365 0.016 0.619 1    
244:  0.792 0.005 0.203 1    
245:  0.304 0.019 0.677 1    
246:  0.234 0.006 0.759 1    
247:  0.893 0.029 0.078 1    
248:  0.207 0.011 0.782 1    
249:  0.433 0.011 0.556 1    
250:  0.470 0.037 0.493 1    
251:  0.742 0.007 0.251 1    
252:  0.386 0.038 0.577 1    
253:  0.028 0.009 0.963 1    
254:  0.258 0.009 0.733 1    
255:  0.063 0.006 0.931 1    
256:  0.852 0.012 0.136 1    
257:  0.512 0.021 0.466 1    
258:  0.908 0.006 0.086 1    
259:  0.708 0.007 0.285 1    
260:  0.769 0.023 0.208 1    
261:  0.821 0.008 0.170 1    
262:  0.589 0.009 0.402 1    
263:  0.333 0.158 0.509 1    
264:  0.253 0.037 0.710 1    
265:  0.825 0.026 0.149 1    
266:  0.705 0.011 0.285 1    
267:  0.484 0.013 0.503 1    
268:  0.424 0.101 0.475 1    
269:  0.815 0.016 0.169 1    
270:  0.424 0.008 0.569 1    
271:  0.266 0.041 0.693 1    
272:  0.937 0.031 0.031 1    
273:  0.714 0.029 0.257 1    
274:  0.619 0.030 0.352 1    
275:  0.377 0.011 0.612 1    
276:  0.752 0.116 0.131 1    
277:  0.938 0.014 0.048 1    
278:  0.140 0.088 0.773 1    
279:  0.508 0.034 0.457 1    
280:  0.448 0.006 0.546 1    
281:  0.123 0.005 0.872 1    
282:  0.202 0.062 0.737 1    
283:  0.336 0.301 0.363 1    
284:  0.819 0.046 0.135 1    
285:  0.341 0.022 0.637 1    
286:  0.273 0.011 0.717 1    
287:  0.353 0.012 0.635 1    
288:  0.544 0.018 0.438 1    
289:  0.703 0.011 0.286 1    
290:  0.241 0.008 0.751 1    
291:  0.494 0.021 0.484 1    
292:  0.742 0.042 0.216 1    
293:  0.589 0.010 0.401 1    
294:  0.199 0.099 0.701 1    
295:  0.638 0.011 0.351 1    
296:  0.618 0.063 0.318 1    
297:  0.488 0.089 0.423 1    
298:  0.242 0.008 0.750 1    
299:  0.207 0.033 0.760 1    
300:  0.373 0.023 0.603 1    
301:  0.212 0.006 0.783 1    
302:  0.456 0.012 0.533 1    
303:  0.287 0.072 0.641 1    
304:  0.911 0.010 0.079 1    
305:  0.341 0.008 0.651 1    
306:  0.610 0.010 0.380 1    
307:  0.437 0.040 0.523 1    
308:  0.124 0.008 0.868 1    
309:  0.750 0.058 0.192 1    
310:  0.411 0.226 0.363 1    
311:  0.633 0.028 0.339 1    
312:  0.444 0.035 0.521 1    
313:  0.870 0.007 0.123 1    
314:  0.157 0.057 0.786 1    
315:  0.823 0.011 0.166 1    
316:  0.557 0.111 0.332 1    
317:  0.408 0.030 0.562 1    
318:  0.940 0.020 0.040 1    
319:  0.597 0.218 0.185 1    
320:  0.246 0.057 0.698 1    
321:  0.278 0.007 0.715 1    
322:  0.553 0.017 0.430 1    
323:  0.392 0.014 0.594 1    
324:  0.552 0.009 0.439 1    
325:  0.752 0.032 0.215 1    
326:  0.380 0.009 0.611 1    
327:  0.573 0.006 0.421 1    
328:  0.217 0.019 0.763 1    
329:  0.165 0.021 0.815 1    
330:  0.610 0.005 0.385 1    
331:  0.892 0.006 0.101 1    
332:  0.657 0.012 0.331 1    
333:  0.360 0.013 0.628 1    
334:  0.462 0.007 0.531 1    
335:  0.422 0.009 0.568 1    
336:  0.948 0.009 0.043 1    
337:  0.825 0.042 0.133 1    
338:  0.696 0.011 0.293 1    
339:  0.973 0.012 0.014 1    
340:  0.921 0.054 0.025 1    
341:  0.830 0.009 0.162 1    
342:  0.972 0.009 0.019 1    
343:  0.875 0.010 0.115 1    
344:  0.912 0.022 0.067 1    
345:  0.964 0.016 0.019 1    
346:  0.962 0.022 0.016 1    
347:  0.958 0.013 0.029 1    
348:  0.778 0.036 0.186 1    
349:  0.969 0.009 0.021 1    
350:  0.521 0.012 0.467 1    
351:  0.844 0.126 0.030 1    
352:  0.442 0.007 0.551 1    
353:  0.912 0.039 0.049 1    
354:  0.946 0.031 0.023 1    
355:  0.860 0.043 0.097 1    
356:  0.270 0.012 0.717 1    
357:  0.696 0.167 0.137 1    
358:  0.471 0.015 0.514 1    
359:  0.790 0.029 0.181 1    
360:  0.302 0.064 0.634 1    
361:  0.459 0.129 0.412 1    
362:  0.204 0.006 0.790 1    
363:  0.922 0.007 0.071 1    
364:  0.514 0.008 0.478 1    
365:  0.882 0.008 0.110 1    
366:  0.947 0.006 0.047 1    
367:  0.235 0.017 0.748 1    
368:  0.451 0.014 0.535 1    
369:  0.757 0.006 0.237 1    
370:  0.825 0.054 0.121 1    
371:  0.622 0.066 0.312 1    
372:  0.860 0.048 0.091 1    
373:  0.624 0.020 0.357 1    
374:  0.304 0.046 0.650 1    
375:  0.843 0.028 0.129 1    
376:  0.781 0.015 0.204 1    
377:  0.433 0.012 0.555 1    
378:  0.715 0.010 0.275 1    
379:  0.705 0.015 0.281 1    
380:  0.651 0.021 0.328 1    
381:  0.810 0.014 0.176 1    
382:  0.693 0.031 0.276 1    
383:  0.283 0.019 0.698 1    
384:  0.439 0.017 0.544 1    
385:  0.908 0.005 0.087 1    
386:  0.335 0.011 0.654 1    
387:  0.882 0.009 0.109 1    
388:  0.554 0.015 0.431 1    
389:  0.537 0.008 0.454 1    
390:  0.396 0.005 0.599 1    
391:  0.673 0.008 0.319 1    
392:  0.774 0.022 0.204 1    
393:  0.332 0.008 0.659 1    
394:  0.271 0.009 0.720 1    
395:  0.564 0.008 0.428 1    
396:  0.560 0.008 0.432 1    
397:  0.660 0.009 0.331 1    
398:  0.103 0.032 0.865 1    
399:  0.637 0.014 0.349 1    
400:  0.316 0.046 0.638 1    
401:  0.545 0.010 0.445 1    
402:  0.469 0.024 0.507 1    
403:  0.531 0.008 0.462 1    
404:  0.827 0.022 0.151 1    
405:  0.555 0.012 0.433 1    
406:  0.533 0.069 0.398 1    
407:  0.453 0.015 0.532 1    
408:  0.508 0.010 0.482 1    
409:  0.732 0.021 0.247 1    
410:  0.313 0.012 0.675 1    
411:  0.743 0.039 0.219 1    
412:  0.554 0.018 0.428 1    
413:  0.414 0.007 0.579 1    
414:  0.685 0.019 0.296 1    
415:  0.146 0.009 0.845 1    
416:  0.540 0.011 0.449 1    
417:  0.269 0.013 0.718 1    
418:  0.559 0.007 0.434 1    
419:  0.312 0.013 0.675 1    
420:  0.084 0.009 0.907 1    
421:  0.079 0.011 0.911 1    
422:  0.275 0.134 0.590 1    
423:  0.797 0.019 0.183 1    
424:  0.672 0.021 0.307 1    
425:  0.834 0.009 0.157 1    
426:  0.806 0.049 0.145 1    
427:  0.479 0.006 0.515 1    
428:  0.584 0.007 0.409 1    
429:  0.536 0.021 0.444 1    
430:  0.425 0.408 0.167 1    
431:  0.313 0.008 0.679 1    
432:  0.878 0.010 0.112 1    
433:  0.755 0.032 0.213 1    
434:  0.310 0.011 0.680 1    
435:  0.066 0.013 0.921 1    
436:  0.019 0.009 0.971 1    
437:  0.226 0.203 0.571 1    
438:  0.462 0.075 0.463 1    
439:  0.834 0.018 0.147 1    
