  1:   0.6737  0.0088  0.3175  1
  2:   0.5098  0.0074  0.4828  1
  3:   0.4841  0.0108  0.5051  1
  4:   0.8040  0.0070  0.1890  1
  5:   0.7948  0.0736  0.1316  1
  6:   0.9270  0.0222  0.0508  1
  7:   0.8281  0.0086  0.1633  1
  8:   0.1092  0.0050  0.8858  1
  9:   0.6590  0.0102  0.3308  1
 10:   0.4561  0.0748  0.4691  1
 11:   0.9168  0.0096  0.0736  1
 12:   0.1980  0.0050  0.7970  1
 13:   0.4295  0.0080  0.5625  1
 14:   0.7664  0.0110  0.2226  1
 15:   0.6505  0.0140  0.3355  1
 16:   0.8858  0.0080  0.1062  1
 17:   0.7718  0.0284  0.1998  1
 18:   0.4452  0.0146  0.5402  1
 19:   0.6107  0.0122  0.3771  1
 20:   0.2002  0.3098  0.4900  1
 21:   0.4705  0.0550  0.4745  1
 22:   0.9002  0.0064  0.0934  1
 23:   0.7898  0.0146  0.1956  1
 24:   0.6498  0.0742  0.2760  1
 25:   0.3016  0.0366  0.6618  1
 26:   0.6945  0.0056  0.2999  1
 27:   0.7848  0.0092  0.2060  1
 28:   0.5392  0.1760  0.2848  1
 29:   0.2598  0.0536  0.6866  1
 30:   0.7283  0.0042  0.2675  1
 31:   0.9138  0.0090  0.0772  1
 32:   0.9288  0.0060  0.0652  1
 33:   0.9142  0.0060  0.0798  1
 34:   0.2904  0.0220  0.6876  1
 35:   0.7480  0.0106  0.2414  1
 36:   0.9016  0.0070  0.0914  1
 37:   0.3055  0.0972  0.5972  1
 38:   0.6036  0.0092  0.3872  1
 39:   0.9098  0.0116  0.0786  1
 40:   0.8496  0.0178  0.1326  1
 41:   0.8216  0.0154  0.1630  1
 42:   0.3033  0.0176  0.6791  1
 43:   0.4285  0.0124  0.5591  1
 44:   0.8808  0.0392  0.0800  1
 45:   0.1772  0.0050  0.8178  1
 46:   0.6636  0.0146  0.3218  1
 47:   0.7409  0.0506  0.2084  1
 48:   0.4986  0.0576  0.4438  1
 49:   0.2295  0.0202  0.7502  1
 50:   0.3216  0.0086  0.6698  1
 51:   0.2556  0.0060  0.7384  1
 52:   0.9120  0.0060  0.0820  1
 53:   0.0430  0.0064  0.9506  1
 54:   0.7044  0.1182  0.1774  1
 55:   0.0854  0.0136  0.9010  1
 56:   0.9074  0.0196  0.0730  1
 57:   0.6475  0.0084  0.3441  1
 58:   0.7179  0.0336  0.2485  1
 59:   0.8136  0.0070  0.1794  1
 60:   0.7640  0.0172  0.2188  1
 61:   0.5644  0.2015  0.2341  1
 62:   0.3199  0.0080  0.6721  1
 63:   0.6424  0.0174  0.3402  1
 64:   0.7736  0.0070  0.2194  1
 65:   0.7356  0.0112  0.2532  1
 66:   0.3715  0.0120  0.6165  1
 67:   0.5381  0.0720  0.3899  1
 68:   0.8274  0.0228  0.1498  1
 69:   0.7904  0.1262  0.0834  1
 70:   0.5821  0.0242  0.3937  1
 71:   0.8802  0.0328  0.0870  1
 72:   0.4027  0.0152  0.5821  1
 73:   0.5691  0.0114  0.4195  1
 74:   0.9126  0.0096  0.0778  1
 75:   0.4729  0.0086  0.5185  1
 76:   0.8546  0.0090  0.1364  1
 77:   0.0136  0.0250  0.9614  1
 78:   0.0298  0.0456  0.9246  1
 79:   0.0094  0.0162  0.9744  1
 80:   0.0120  0.0060  0.9820  1
 81:   0.0102  0.0072  0.9826  1
 82:   0.0116  0.0144  0.9740  1
 83:   0.0150  0.0422  0.9428  1
 84:   0.0322  0.0128  0.9550  1
 85:   0.0170  0.0130  0.9700  1
 86:   0.1564  0.0132  0.8304  1
 87:   0.0146  0.0092  0.9762  1
 88:   0.0194  0.0228  0.9578  1
 89:   0.0172  0.0622  0.9206  1
 90:   0.0782  0.0140  0.9078  1
 91:   0.0222  0.0234  0.9544  1
 92:   0.0160  0.1068  0.8772  1
 93:   0.0120  0.0102  0.9778  1
 94:   0.0114  0.0256  0.9630  1
 95:   0.0384  0.0324  0.9292  1
 96:   0.0144  0.0070  0.9786  1
 97:   0.0600  0.2524  0.6877  1
 98:   0.1148  0.0174  0.8677  1
 99:   0.0156  0.0070  0.9774  1
100:   0.0112  0.0110  0.9778  1
101:   0.0176  0.0070  0.9754  1
102:   0.0404  0.0464  0.9132  1
103:   0.7898  0.0090  0.2012  1
104:   0.6429  0.0060  0.3511  1
105:   0.4182  0.0270  0.5548  1
106:   0.4516  0.0156  0.5328  1
107:   0.8244  0.0094  0.1662  1
108:   0.2307  0.0210  0.7483  1
109:   0.5333  0.0422  0.4245  1
110:   0.8620  0.0202  0.1178  1
111:   0.5787  0.0084  0.4129  1
112:   0.4841  0.0060  0.5099  1
113:   0.3677  0.0100  0.6223  1
114:   0.2798  0.0094  0.7109  1
115:   0.8722  0.0454  0.0824  1
116:   0.5300  0.0050  0.4650  1
117:   0.4685  0.0094  0.5221  1
118:   0.8645  0.0088  0.1267  1
119:   0.7146  0.0060  0.2794  1
120:   0.2290  0.0060  0.7650  1
121:   0.4554  0.0146  0.5300  1
122:   0.6854  0.0210  0.2936  1
123:   0.6143  0.0152  0.3705  1
124:   0.4837  0.0112  0.5051  1
125:   0.5324  0.0104  0.4572  1
126:   0.2731  0.0182  0.7087  1
127:   0.3789  0.0152  0.6059  1
128:   0.0322  0.0070  0.9608  1
129:   0.2860  0.0148  0.6993  1
130:   0.7182  0.0138  0.2680  1
131:   0.3788  0.0070  0.6142  1
132:   0.2470  0.0042  0.7488  1
133:   0.2044  0.0060  0.7896  1
134:   0.2292  0.0078  0.7630  1
135:   0.1503  0.0522  0.7975  1
136:   0.1198  0.0120  0.8682  1
137:   0.8620  0.0138  0.1242  1
138:   0.1552  0.0090  0.8358  1
139:   0.6726  0.0068  0.3206  1
140:   0.5629  0.0706  0.3665  1
141:   0.7778  0.0084  0.2138  1
142:   0.8312  0.0110  0.1578  1
143:   0.3373  0.0074  0.6553  1
144:   0.5405  0.0070  0.4525  1
145:   0.8216  0.0582  0.1202  1
146:   0.2818  0.0246  0.6936  1
147:   0.8720  0.0224  0.1056  1
148:   0.1146  0.0090  0.8764  1
149:   0.7939  0.0390  0.1670  1
150:   0.0926  0.0800  0.8274  1
151:   0.3097  0.0112  0.6791  1
152:   0.4788  0.3112  0.2100  1
153:   0.8739  0.0500  0.0760  1
154:   0.7103  0.0814  0.2083  1
155:   0.4735  0.0114  0.5151  1
156:   0.1468  0.0300  0.8232  1
157:   0.2385  0.0096  0.7519  1
158:   0.5327  0.0066  0.4607  1
159:   0.2981  0.3145  0.3874  1
160:   0.7272  0.0114  0.2614  1
161:   0.6091  0.0346  0.3563  1
162:   0.7000  0.0154  0.2846  1
163:   0.7580  0.0066  0.2354  1
164:   0.8028  0.0092  0.1880  1
165:   0.4596  0.1403  0.4002  1
166:   0.0458  0.0050  0.9492  1
167:   0.7984  0.0092  0.1924  1
168:   0.3834  0.0170  0.5996  1
169:   0.7031  0.0054  0.2915  1
170:   0.6600  0.0154  0.3246  1
171:   0.4326  0.0338  0.5336  1
172:   0.8324  0.0134  0.1542  1
173:   0.8244  0.0232  0.1524  1
174:   0.7385  0.1320  0.1294  1
175:   0.8946  0.0150  0.0904  1
176:   0.6517  0.0156  0.3327  1
177:   0.8530  0.0066  0.1404  1
178:   0.7870  0.0166  0.1964  1
179:   0.6957  0.0254  0.2788  1
180:   0.7257  0.0060  0.2683  1
181:   0.3072  0.0160  0.6768  1
182:   0.2116  0.0126  0.7758  1
183:   0.4010  0.0222  0.5768  1
184:   0.5957  0.0096  0.3947  1
185:   0.4198  0.0094  0.5708  1
186:   0.4927  0.0046  0.5027  1
187:   0.7901  0.0334  0.1765  1
188:   0.6268  0.0236  0.3496  1
189:   0.8448  0.0126  0.1426  1
190:   0.8486  0.0274  0.1240  1
191:   0.3602  0.0630  0.5768  1
192:   0.8232  0.0762  0.1006  1
193:   0.5531  0.0108  0.4361  1
194:   0.7850  0.0240  0.1910  1
195:   0.6369  0.0346  0.3285  1
196:   0.0602  0.0080  0.9318  1
197:   0.4337  0.0062  0.5601  1
198:   0.4610  0.0122  0.5268  1
199:   0.5870  0.0108  0.4022  1
200:   0.4395  0.0070  0.5535  1
201:   0.6319  0.0884  0.2797  1
202:   0.1745  0.0068  0.8187  1
203:   0.3073  0.0090  0.6837  1
204:   0.1118  0.0142  0.8740  1
205:   0.1396  0.0310  0.8294  1
206:   0.7676  0.0260  0.2064  1
207:   0.5584  0.0068  0.4348  1
208:   0.0540  0.0060  0.9400  1
209:   0.5958  0.0486  0.3556  1
210:   0.5524  0.0118  0.4358  1
211:   0.2530  0.0060  0.7410  1
212:   0.3809  0.0262  0.5929  1
213:   0.4653  0.0160  0.5187  1
214:   0.5516  0.0412  0.4072  1
215:   0.5454  0.0112  0.4434  1
216:   0.7996  0.0138  0.1866  1
217:   0.6566  0.0424  0.3010  1
218:   0.3950  0.0180  0.5870  1
219:   0.9076  0.0044  0.0880  1
220:   0.0456  0.0146  0.9398  1
221:   0.1991  0.0200  0.7809  1
222:   0.7363  0.1218  0.1420  1
223:   0.8660  0.0266  0.1074  1
224:   0.8214  0.0168  0.1618  1
225:   0.5653  0.3101  0.1246  1
226:   0.2142  0.0358  0.7500  1
227:   0.8086  0.0070  0.1844  1
228:   0.8127  0.0080  0.1793  1
229:   0.5655  0.0182  0.4163  1
230:   0.7712  0.0280  0.2008  1
231:   0.7708  0.0094  0.2198  1
232:   0.8213  0.0042  0.1745  1
233:   0.7410  0.0134  0.2456  1
234:   0.7142  0.0304  0.2554  1
235:   0.6514  0.0124  0.3362  1
236:   0.4286  0.0148  0.5566  1
237:   0.2524  0.0272  0.7204  1
238:   0.4019  0.0404  0.5577  1
239:   0.2108  0.0130  0.7762  1
240:   0.4999  0.0178  0.4823  1
241:   0.5388  0.0080  0.4532  1
242:   0.2444  0.0122  0.7434  1
243:   0.4055  0.0160  0.5785  1
244:   0.7143  0.0050  0.2807  1
245:   0.4682  0.0186  0.5132  1
246:   0.1866  0.0068  0.8066  1
247:   0.9248  0.0290  0.0462  1
248:   0.2490  0.0118  0.7391  1
249:   0.4686  0.0110  0.5204  1
250:   0.3957  0.0372  0.5671  1
251:   0.7033  0.0070  0.2897  1
252:   0.3922  0.0372  0.5707  1
253:   0.0384  0.0088  0.9528  1
254:   0.3182  0.0090  0.6728  1
255:   0.0724  0.0062  0.9214  1
256:   0.8237  0.0124  0.1639  1
257:   0.4926  0.0214  0.4860  1
258:   0.9154  0.0060  0.0786  1
259:   0.7316  0.0070  0.2614  1
260:   0.7950  0.0228  0.1822  1
261:   0.8692  0.0080  0.1228  1
262:   0.6706  0.0084  0.3210  1
263:   0.4054  0.1654  0.4292  1
264:   0.3678  0.0370  0.5952  1
265:   0.9024  0.0258  0.0718  1
266:   0.7829  0.0110  0.2061  1
267:   0.5380  0.0144  0.4476  1
268:   0.4414  0.1000  0.4586  1
269:   0.7984  0.0164  0.1852  1
270:   0.3946  0.0080  0.5974  1
271:   0.3025  0.0440  0.6535  1
272:   0.9074  0.0344  0.0582  1
273:   0.7510  0.0294  0.2196  1
274:   0.6077  0.0288  0.3635  1
275:   0.3905  0.0116  0.5979  1
276:   0.7233  0.1236  0.1531  1
277:   0.9382  0.0142  0.0476  1
278:   0.1488  0.0922  0.7590  1
279:   0.5135  0.0346  0.4519  1
280:   0.3851  0.0062  0.6087  1
281:   0.1666  0.0050  0.8284  1
282:   0.1706  0.0636  0.7658  1
283:   0.3437  0.3109  0.3453  1
284:   0.8142  0.0476  0.1382  1
285:   0.4429  0.0242  0.5329  1
286:   0.2567  0.0108  0.7325  1
287:   0.3372  0.0128  0.6500  1
288:   0.4956  0.0172  0.4872  1
289:   0.7742  0.0114  0.2144  1
290:   0.2520  0.0090  0.7390  1
291:   0.4706  0.0208  0.5086  1
292:   0.7406  0.0440  0.2154  1
293:   0.4965  0.0098  0.4937  1
294:   0.1858  0.0960  0.7181  1
295:   0.5649  0.0112  0.4239  1
296:   0.5996  0.0666  0.3338  1
297:   0.4770  0.0910  0.4320  1
298:   0.2420  0.0088  0.7492  1
299:   0.2491  0.0362  0.7147  1
300:   0.4495  0.0234  0.5271  1
301:   0.1416  0.0060  0.8524  1
302:   0.4415  0.0118  0.5467  1
303:   0.2851  0.0796  0.6354  1
304:   0.8984  0.0106  0.0910  1
305:   0.3034  0.0086  0.6880  1
306:   0.5769  0.0102  0.4129  1
307:   0.4363  0.0398  0.5239  1
308:   0.1126  0.0082  0.8792  1
309:   0.7408  0.0596  0.1997  1
310:   0.4141  0.2310  0.3549  1
311:   0.6062  0.0280  0.3658  1
312:   0.4322  0.0364  0.5314  1
313:   0.8746  0.0066  0.1188  1
314:   0.1570  0.0576  0.7854  1
315:   0.8240  0.0108  0.1652  1
316:   0.6031  0.1108  0.2861  1
317:   0.3823  0.0308  0.5869  1
318:   0.9362  0.0200  0.0438  1
319:   0.5998  0.2190  0.1812  1
320:   0.2180  0.0570  0.7251  1
321:   0.3145  0.0066  0.6789  1
322:   0.4733  0.0176  0.5091  1
323:   0.4011  0.0138  0.5851  1
324:   0.5679  0.0086  0.4235  1
325:   0.7374  0.0328  0.2298  1
326:   0.3785  0.0086  0.6129  1
327:   0.5216  0.0064  0.4720  1
328:   0.2178  0.0192  0.7630  1
329:   0.1310  0.0202  0.8488  1
330:   0.5534  0.0050  0.4416  1
331:   0.8690  0.0060  0.1250  1
332:   0.6526  0.0122  0.3352  1
333:   0.3696  0.0132  0.6172  1
334:   0.5789  0.0072  0.4139  1
335:   0.4196  0.0092  0.5712  1
336:   0.9184  0.0086  0.0730  1
337:   0.8182  0.0412  0.1406  1
338:   0.6693  0.0110  0.3197  1
339:   0.9394  0.0126  0.0480  1
340:   0.8846  0.0614  0.0540  1
341:   0.8504  0.0086  0.1410  1
342:   0.9374  0.0096  0.0530  1
343:   0.8326  0.0102  0.1572  1
344:   0.8585  0.0226  0.1189  1
345:   0.9262  0.0172  0.0566  1
346:   0.9282  0.0224  0.0494  1
347:   0.9304  0.0130  0.0566  1
348:   0.7432  0.0356  0.2212  1
349:   0.9340  0.0094  0.0566  1
350:   0.4628  0.0120  0.5252  1
351:   0.8056  0.1358  0.0586  1
352:   0.3938  0.0074  0.5988  1
353:   0.8736  0.0408  0.0856  1
354:   0.9098  0.0336  0.0566  1
355:   0.8168  0.0442  0.1390  1
356:   0.3353  0.0126  0.6521  1
357:   0.6427  0.1704  0.1868  1
358:   0.4355  0.0144  0.5501  1
359:   0.8476  0.0284  0.1240  1
360:   0.2535  0.0658  0.6807  1
361:   0.4561  0.1270  0.4169  1
362:   0.2136  0.0062  0.7802  1
363:   0.9096  0.0070  0.0834  1
364:   0.5806  0.0080  0.4114  1
365:   0.8568  0.0090  0.1342  1
366:   0.9314  0.0060  0.0626  1
367:   0.2368  0.0178  0.7453  1
368:   0.4554  0.0144  0.5302  1
369:   0.6999  0.0060  0.2941  1
370:   0.8094  0.0576  0.1330  1
371:   0.5717  0.0668  0.3615  1
372:   0.8655  0.0484  0.0860  1
373:   0.6122  0.0204  0.3674  1
374:   0.2778  0.0452  0.6770  1
375:   0.8690  0.0290  0.1020  1
376:   0.7608  0.0152  0.2240  1
377:   0.4277  0.0124  0.5599  1
378:   0.6283  0.0108  0.3609  1
379:   0.7116  0.0150  0.2734  1
380:   0.7213  0.0210  0.2576  1
381:   0.8046  0.0136  0.1818  1
382:   0.7837  0.0312  0.1851  1
383:   0.2824  0.0188  0.6988  1
384:   0.4166  0.0158  0.5676  1
385:   0.9412  0.0050  0.0538  1
386:   0.2616  0.0110  0.7274  1
387:   0.8696  0.0092  0.1212  1
388:   0.5237  0.0154  0.4609  1
389:   0.5818  0.0082  0.4100  1
390:   0.3280  0.0050  0.6670  1
391:   0.6596  0.0082  0.3322  1
392:   0.7412  0.0234  0.2354  1
393:   0.3727  0.0088  0.6185  1
394:   0.2692  0.0090  0.7218  1
395:   0.5613  0.0078  0.4309  1
396:   0.6012  0.0078  0.3910  1
397:   0.6476  0.0090  0.3434  1
398:   0.0928  0.0304  0.8768  1
399:   0.6887  0.0142  0.2971  1
400:   0.3386  0.0480  0.6134  1
401:   0.4944  0.0094  0.4962  1
402:   0.4788  0.0230  0.4982  1
403:   0.5341  0.0080  0.4579  1
404:   0.8098  0.0224  0.1678  1
405:   0.4461  0.0124  0.5415  1
406:   0.5397  0.0674  0.3929  1
407:   0.5528  0.0162  0.4310  1
408:   0.4908  0.0110  0.4982  1
409:   0.7494  0.0218  0.2288  1
410:   0.3760  0.0118  0.6122  1
411:   0.7547  0.0374  0.2079  1
412:   0.6078  0.0190  0.3732  1
413:   0.3863  0.0072  0.6065  1
414:   0.6255  0.0194  0.3551  1
415:   0.1442  0.0090  0.8468  1
416:   0.5462  0.0118  0.4420  1
417:   0.2476  0.0144  0.7379  1
418:   0.5640  0.0070  0.4290  1
419:   0.2825  0.0136  0.7039  1
420:   0.0840  0.0090  0.9070  1
421:   0.0854  0.0102  0.9044  1
422:   0.2397  0.1345  0.6258  1
423:   0.8138  0.0200  0.1662  1
424:   0.6493  0.0218  0.3289  1
425:   0.7816  0.0088  0.2096  1
426:   0.7948  0.0520  0.1532  1
427:   0.4736  0.0060  0.5204  1
428:   0.5482  0.0074  0.4444  1
429:   0.6645  0.0214  0.3141  1
430:   0.4271  0.4197  0.1532  1
431:   0.3850  0.0080  0.6070  1
432:   0.8628  0.0104  0.1268  1
433:   0.7588  0.0314  0.2098  1
434:   0.3667  0.0106  0.6227  1
435:   0.0748  0.0130  0.9122  1
436:   0.0282  0.0098  0.9620  1
437:   0.2312  0.2156  0.5532  1
438:   0.5615  0.0722  0.3663  1
439:   0.8186  0.0186  0.1628  1
440:   0.4849  0.0060  0.5091  1
441:   0.1686  0.1086  0.7229  1
442:   0.1788  0.2200  0.6012  1
443:   0.7892  0.0246  0.1862  1
444:   0.6586  0.0188  0.3226  1
445:   0.7532  0.0116  0.2352  1
446:   0.7182  0.0158  0.2660  1
447:   0.4501  0.0098  0.5401  1
448:   0.4147  0.0678  0.5175  1
449:   0.3353  0.0098  0.6549  1
450:   0.6968  0.1288  0.1744  1
451:   0.2383  0.0060  0.7557  1
452:   0.4196  0.0222  0.5582  1
453:   0.1022  0.0120  0.8858  1
454:   0.4455  0.0552  0.4993  1
455:   0.7610  0.0118  0.2272  1
456:   0.8642  0.0148  0.1210  1
457:   0.2125  0.0060  0.7815  1
458:   0.8140  0.0186  0.1674  1
459:   0.5832  0.0478  0.3690  1
460:   0.0970  0.0774  0.8256  1
461:   0.1354  0.0370  0.8276  1
462:   0.2944  0.0100  0.6956  1
463:   0.5621  0.0372  0.4007  1
464:   0.1006  0.0134  0.8860  1
465:   0.4582  0.0868  0.4550  1
466:   0.4156  0.1781  0.4064  1
467:   0.4664  0.0196  0.5140  1
468:   0.4434  0.0094  0.5472  1
469:   0.4460  0.0092  0.5448  1
470:   0.5646  0.0570  0.3784  1
471:   0.2111  0.0070  0.7819  1
472:   0.3144  0.0386  0.6470  1
473:   0.6451  0.0196  0.3353  1
474:   0.6280  0.0090  0.3630  1
475:   0.7082  0.0060  0.2858  1
476:   0.3318  0.0070  0.6612  1
477:   0.6291  0.0716  0.2993  1
478:   0.7637  0.0976  0.1387  1
479:   0.0486  0.0070  0.9444  1
480:   0.6168  0.0104  0.3728  1
481:   0.2889  0.0120  0.6991  1
482:   0.7221  0.0068  0.2711  1
483:   0.6460  0.0236  0.3304  1
484:   0.3585  0.0070  0.6344  1
485:   0.1626  0.5587  0.2787  1
486:   0.4834  0.0104  0.5062  1
487:   0.7201  0.0100  0.2699  1
488:   0.2881  0.0220  0.6899  1
489:   0.1484  0.0094  0.8422  1
490:   0.7802  0.0146  0.2052  1
491:   0.6026  0.0078  0.3896  1
492:   0.7860  0.0178  0.1962  1
493:   0.7428  0.0048  0.2524  1
494:   0.6823  0.0090  0.3087  1
495:   0.3548  0.0270  0.6182  1
496:   0.2933  0.0992  0.6075  1
497:   0.5213  0.0116  0.4671  1
498:   0.5110  0.0140  0.4750  1
499:   0.5819  0.0070  0.4111  1
500:   0.8280  0.0104  0.1616  1
501:   0.4379  0.0144  0.5477  1
502:   0.2046  0.0532  0.7423  1
503:   0.5170  0.0086  0.4744  1
504:   0.5498  0.0090  0.4412  1
505:   0.6545  0.1164  0.2290  1
506:   0.4264  0.0290  0.5446  1
507:   0.2602  0.1102  0.6296  1
508:   0.7812  0.0114  0.2074  1
509:   0.7396  0.0050  0.2554  1
510:   0.4844  0.0074  0.5082  1
511:   0.5934  0.0114  0.3952  1
512:   0.6253  0.0120  0.3627  1
513:   0.7448  0.0154  0.2398  1
514:   0.6387  0.0240  0.3373  1
515:   0.6427  0.0072  0.3501  1
516:   0.8219  0.0278  0.1503  1
517:   0.9076  0.0278  0.0646  1
518:   0.4850  0.1974  0.3176  1
519:   0.3179  0.0410  0.6411  1
520:   0.5599  0.0170  0.4231  1
521:   0.3779  0.0084  0.6137  1
522:   0.0886  0.0144  0.8970  1
523:   0.6311  0.0254  0.3435  1
524:   0.6192  0.0056  0.3752  1
525:   0.8074  0.0134  0.1792  1
526:   0.5711  0.0230  0.4059  1
527:   0.1646  0.0090  0.8264  1
528:   0.5757  0.0122  0.4121  1
529:   0.0426  0.0156  0.9418  1
530:   0.5480  0.0642  0.3878  1
531:   0.4363  0.0088  0.5549  1
532:   0.2448  0.0172  0.7381  1
533:   0.3835  0.0148  0.6017  1
534:   0.7975  0.0558  0.1466  1
535:   0.7127  0.0188  0.2684  1
536:   0.0864  0.0126  0.9010  1
537:   0.5994  0.0466  0.3540  1
538:   0.8838  0.0050  0.1112  1
539:   0.8842  0.0148  0.1010  1
540:   0.4903  0.0108  0.4989  1
541:   0.2360  0.0120  0.7520  1
542:   0.5924  0.0108  0.3968  1
543:   0.5001  0.0050  0.4949  1
544:   0.4516  0.0456  0.5028  1
545:   0.7095  0.0396  0.2509  1
546:   0.5705  0.0218  0.4077  1
547:   0.3611  0.0088  0.6301  1
548:   0.6046  0.0070  0.3884  1
549:   0.6425  0.0270  0.3306  1
550:   0.8144  0.0060  0.1796  1
551:   0.3804  0.0068  0.6128  1
552:   0.7064  0.0040  0.2896  1
553:   0.4355  0.0266  0.5379  1
554:   0.3195  0.0494  0.6311  1
555:   0.7158  0.0296  0.2546  1
556:   0.6654  0.0264  0.3082  1
557:   0.5166  0.0112  0.4722  1
558:   0.6720  0.0088  0.3192  1
559:   0.6368  0.0578  0.3054  1
560:   0.6450  0.0224  0.3326  1
561:   0.6812  0.0152  0.3036  1
562:   0.1816  0.0130  0.8054  1
563:   0.5240  0.0090  0.4670  1
564:   0.3519  0.2951  0.3531  1
565:   0.3074  0.0098  0.6828  1
566:   0.2152  0.0254  0.7594  1
567:   0.0892  0.0102  0.9006  1
568:   0.1402  0.0448  0.8150  1
569:   0.7900  0.0052  0.2048  1
570:   0.2692  0.0072  0.7236  1
571:   0.2199  0.0090  0.7711  1
572:   0.4679  0.0108  0.5213  1
573:   0.6989  0.1952  0.1060  1
574:   0.4164  0.0334  0.5502  1
575:   0.7208  0.0200  0.2592  1
576:   0.5016  0.0592  0.4392  1
577:   0.5799  0.0582  0.3619  1
578:   0.1248  0.2228  0.6525  1
579:   0.6983  0.0330  0.2687  1
580:   0.1605  0.0090  0.8305  1
581:   0.7890  0.0076  0.2034  1
582:   0.3385  0.1168  0.5447  1
583:   0.3798  0.0958  0.5244  1
584:   0.7206  0.0204  0.2590  1
585:   0.3975  0.0252  0.5773  1
586:   0.7676  0.0124  0.2200  1
587:   0.8944  0.0128  0.0928  1
588:   0.4397  0.0314  0.5289  1
589:   0.3569  0.0620  0.5812  1
590:   0.7950  0.0204  0.1846  1
591:   0.0728  0.0068  0.9204  1
592:   0.9014  0.0184  0.0802  1
593:   0.6828  0.0230  0.2942  1
594:   0.8768  0.0274  0.0958  1
595:   0.0456  0.0130  0.9414  1
596:   0.2974  0.0148  0.6878  1
597:   0.3120  0.0188  0.6692  1
598:   0.8755  0.0068  0.1177  1
599:   0.4479  0.0528  0.4993  1
600:   0.3124  0.0450  0.6426  1
601:   0.7574  0.1378  0.1048  1
602:   0.3024  0.0684  0.6292  1
603:   0.2354  0.0124  0.7522  1
604:   0.0936  0.0128  0.8936  1
605:   0.6457  0.0092  0.3451  1
606:   0.3377  0.0218  0.6405  1
607:   0.5974  0.0294  0.3732  1
608:   0.8784  0.0100  0.1116  1
609:   0.7123  0.0116  0.2761  1
610:   0.4645  0.0400  0.4955  1
611:   0.4422  0.0070  0.5508  1
612:   0.8453  0.0330  0.1217  1
613:   0.2534  0.0274  0.7192  1
614:   0.6749  0.0070  0.3181  1
615:   0.6703  0.0244  0.3053  1
616:   0.5978  0.0170  0.3852  1
617:   0.3814  0.0134  0.6052  1
618:   0.3361  0.0154  0.6485  1
619:   0.1480  0.0338  0.8182  1
620:   0.7598  0.0088  0.2314  1
621:   0.8384  0.0834  0.0782  1
622:   0.7807  0.0198  0.1995  1
623:   0.7672  0.0030  0.2298  1
624:   0.6485  0.0236  0.3279  1
625:   0.3858  0.0086  0.6056  1
626:   0.0348  0.0054  0.9598  1
627:   0.6490  0.0482  0.3028  1
628:   0.5987  0.0084  0.3929  1
629:   0.0568  0.0224  0.9208  1
630:   0.7846  0.0068  0.2086  1
631:   0.9224  0.0082  0.0694  1
632:   0.6803  0.0168  0.3029  1
633:   0.3719  0.1188  0.5093  1
634:   0.8472  0.0224  0.1304  1
635:   0.6041  0.0118  0.3841  1
636:   0.2842  0.0222  0.6936  1
637:   0.2274  0.0108  0.7618  1
638:   0.6081  0.0460  0.3459  1
639:   0.1100  0.0116  0.8784  1
640:   0.8198  0.0122  0.1680  1
641:   0.2451  0.0146  0.7403  1
642:   0.7755  0.0102  0.2143  1
643:   0.6232  0.0326  0.3442  1
644:   0.6032  0.0746  0.3222  1
645:   0.8691  0.0524  0.0784  1
646:   0.7520  0.0246  0.2234  1
647:   0.2020  0.0072  0.7908  1
648:   0.5771  0.1592  0.2637  1
649:   0.5674  0.0476  0.3850  1
650:   0.3707  0.0070  0.6223  1
651:   0.5586  0.0170  0.4244  1
652:   0.8990  0.0344  0.0666  1
653:   0.2422  0.0114  0.7464  1
654:   0.4964  0.0080  0.4956  1
655:   0.6063  0.0494  0.3443  1
656:   0.7951  0.0188  0.1861  1
657:   0.9170  0.0206  0.0624  1
658:   0.0674  0.0344  0.8982  1
659:   0.3523  0.0152  0.6325  1
660:   0.6938  0.0200  0.2862  1
661:   0.1202  0.0116  0.8682  1
662:   0.0460  0.0382  0.9158  1
663:   0.8856  0.0088  0.1056  1
664:   0.7848  0.0172  0.1980  1
665:   0.5511  0.1016  0.3473  1
666:   0.6523  0.0050  0.3427  1
667:   0.4924  0.0132  0.4944  1
668:   0.2725  0.1196  0.6079  1
669:   0.7482  0.0110  0.2408  1
670:   0.1899  0.0100  0.8001  1
671:   0.8976  0.0634  0.0390  1
672:   0.7005  0.0174  0.2821  1
673:   0.6134  0.0050  0.3816  1
674:   0.5191  0.0394  0.4415  1
675:   0.8180  0.0210  0.1610  1
676:   0.6609  0.0454  0.2937  1
677:   0.8128  0.0068  0.1804  1
678:   0.8617  0.0064  0.1319  1
679:   0.8706  0.0076  0.1218  1
680:   0.4172  0.0370  0.5457  1
681:   0.6044  0.0120  0.3836  1
682:   0.2374  0.0156  0.7469  1
683:   0.2428  0.0724  0.6848  1
684:   0.1462  0.0080  0.8458  1
685:   0.7095  0.1216  0.1688  1
686:   0.6087  0.1754  0.2160  1
687:   0.9052  0.0098  0.0850  1
688:   0.8502  0.0086  0.1412  1
689:   0.3733  0.0388  0.5879  1
690:   0.7052  0.0150  0.2798  1
691:   0.3297  0.1664  0.5039  1
692:   0.3514  0.0436  0.6050  1
693:   0.5730  0.0062  0.4208  1
694:   0.7858  0.0118  0.2024  1
695:   0.4508  0.0076  0.5416  1
696:   0.5827  0.0328  0.3845  1
697:   0.3131  0.0194  0.6675  1
698:   0.5270  0.0262  0.4468  1
699:   0.5095  0.0168  0.4737  1
700:   0.5828  0.0254  0.3918  1
701:   0.7621  0.0122  0.2256  1
702:   0.6864  0.0540  0.2596  1
703:   0.1635  0.0110  0.8255  1
704:   0.2707  0.0264  0.7029  1
705:   0.4580  0.0122  0.5298  1
706:   0.8828  0.0064  0.1108  1
707:   0.3303  0.0216  0.6481  1
708:   0.5221  0.0136  0.4643  1
709:   0.4714  0.0436  0.4850  1
710:   0.6217  0.0798  0.2985  1
711:   0.5506  0.0132  0.4362  1
712:   0.3486  0.0116  0.6398  1
713:   0.5275  0.0092  0.4633  1
714:   0.3627  0.0606  0.5767  1
715:   0.2088  0.2464  0.5449  1
716:   0.5534  0.0160  0.4306  1
717:   0.7899  0.1287  0.0814  1
718:   0.8062  0.0194  0.1744  1
719:   0.7430  0.0166  0.2404  1
720:   0.5037  0.1638  0.3325  1
721:   0.2878  0.0252  0.6870  1
722:   0.1840  0.0184  0.7975  1
723:   0.3775  0.0172  0.6053  1
724:   0.6681  0.0238  0.3081  1
725:   0.3701  0.0068  0.6231  1
726:   0.4285  0.0900  0.4815  1
727:   0.4809  0.0080  0.5111  1
728:   0.7600  0.0170  0.2230  1
729:   0.2170  0.0156  0.7674  1
730:   0.7682  0.0098  0.2220  1
731:   0.5280  0.0112  0.4608  1
732:   0.5635  0.0324  0.4041  1
733:   0.4319  0.0070  0.5611  1
734:   0.6138  0.0144  0.3718  1
735:   0.9326  0.0108  0.0566  1
736:   0.6101  0.0080  0.3819  1
737:   0.1534  0.0332  0.8134  1
738:   0.5022  0.0140  0.4838  1
739:   0.3421  0.0250  0.6329  1
740:   0.3227  0.0464  0.6309  1
741:   0.4286  0.0092  0.5622  1
742:   0.0372  0.1421  0.8207  1
743:   0.0158  0.0174  0.9668  1
744:   0.0158  0.0528  0.9314  1
745:   0.0100  0.0096  0.9804  1
746:   0.0100  0.0370  0.9530  1
747:   0.0316  0.0066  0.9618  1
748:   0.0428  0.0992  0.8580  1
749:   0.0090  0.0114  0.9796  1
750:   0.0096  0.0134  0.9770  1
751:   0.0142  0.0410  0.9448  1
752:   0.0220  0.1787  0.7993  1
753:   0.0100  0.0756  0.9144  1
754:   0.0146  0.1148  0.8706  1
755:   0.6503  0.1160  0.2338  1
756:   0.5482  0.0546  0.3972  1
757:   0.1492  0.0212  0.8296  1
758:   0.1296  0.0232  0.8472  1
759:   0.7454  0.0962  0.1584  1
760:   0.4639  0.3291  0.2070  1
761:   0.3301  0.0758  0.5941  1
762:   0.0778  0.8354  0.0868  1
763:   0.2856  0.0180  0.6964  1
764:   0.7237  0.0164  0.2599  1
765:   0.0072  0.9858  0.0070  1
766:   0.3227  0.0116  0.6657  1
767:   0.5369  0.0214  0.4417  1
768:   0.3127  0.0222  0.6651  1
769:   0.4657  0.0602  0.4741  1
770:   0.5028  0.0266  0.4706  1
771:   0.8390  0.0146  0.1464  1
772:   0.5443  0.0212  0.4345  1
773:   0.4418  0.0190  0.5392  1
774:   0.5071  0.0140  0.4789  1
775:   0.0078  0.9840  0.0082  1
776:   0.0246  0.9584  0.0170  1
777:   0.0058  0.9892  0.0050  1
778:   0.4384  0.1028  0.4588  1
779:   0.0114  0.9796  0.0090  1
780:   0.0226  0.9520  0.0254  1
781:   0.0082  0.9846  0.0072  1
782:   0.0058  0.9884  0.0058  1
783:   0.0272  0.9486  0.0242  1
784:   0.0068  0.9842  0.0090  1
785:   0.0106  0.9778  0.0116  1
786:   0.0264  0.9492  0.0244  1
787:   0.0086  0.9840  0.0074  1
788:   0.0074  0.9844  0.0082  1
789:   0.0060  0.9860  0.0080  1
790:   0.0096  0.9792  0.0112  1
791:   0.0314  0.8849  0.0837  1
792:   0.0052  0.9876  0.0072  1
793:   0.0330  0.9482  0.0188  1
794:   0.0240  0.9500  0.0260  1
795:   0.0068  0.9850  0.0082  1
796:   0.0304  0.9516  0.0180  1
797:   0.0092  0.9802  0.0106  1
798:   0.0084  0.9748  0.0168  1
799:   0.0056  0.9884  0.0060  1
800:   0.0100  0.9782  0.0118  1
801:   0.0098  0.9806  0.0096  1
802:   0.0044  0.9912  0.0044  1
803:   0.0100  0.9806  0.0094  1
804:   0.0458  0.9248  0.0294  1
805:   0.0490  0.9264  0.0246  1
806:   0.0120  0.9706  0.0174  1
807:   0.0120  0.9786  0.0094  1
808:   0.0124  0.9770  0.0106  1
809:   0.0240  0.9464  0.0296  1
810:   0.0130  0.9750  0.0120  1
811:   0.0050  0.9890  0.0060  1
812:   0.0050  0.9900  0.0050  1
813:   0.0732  0.8766  0.0502  1
814:   0.0072  0.9836  0.0092  1
815:   0.0512  0.8828  0.0660  1
816:   0.0058  0.9878  0.0064  1
817:   0.0130  0.9640  0.0230  1
818:   0.0332  0.8788  0.0880  1
819:   0.0070  0.9842  0.0088  1
820:   0.0058  0.9878  0.0064  1
821:   0.0072  0.9868  0.0060  1
822:   0.0080  0.9844  0.0076  1
823:   0.0126  0.9784  0.0090  1
824:   0.0106  0.9766  0.0128  1
825:   0.0654  0.8508  0.0838  1
826:   0.0088  0.9720  0.0192  1
827:   0.0072  0.9870  0.0058  1
828:   0.0050  0.9900  0.0050  1
829:   0.0040  0.9918  0.0042  1
830:   0.0058  0.9890  0.0052  1
831:   0.0120  0.9768  0.0112  1
832:   0.0180  0.9590  0.0230  1
833:   0.0094  0.9814  0.0092  1
834:   0.0342  0.9274  0.0384  1
835:   0.0060  0.9876  0.0064  1
836:   0.0136  0.9688  0.0176  1
837:   0.0110  0.9798  0.0092  1
838:   0.0874  0.8733  0.0392  1
839:   0.0168  0.9696  0.0136  1
840:   0.0056  0.9884  0.0060  1
841:   0.7031  0.0350  0.2619  1
842:   0.0152  0.9628  0.0220  1
843:   0.0060  0.9888  0.0052  1
844:   0.0060  0.9880  0.0060  1
845:   0.0104  0.9814  0.0082  1
846:   0.0120  0.9752  0.0128  1
847:   0.0074  0.9860  0.0066  1
848:   0.0070  0.9806  0.0124  1
849:   0.5563  0.0162  0.4275  1
850:   0.1404  0.1836  0.6761  1
851:   0.6284  0.0304  0.3412  1
852:   0.4686  0.2254  0.3060  1
853:   0.8330  0.0190  0.1480  1
854:   0.2627  0.6273  0.1100  1
855:   0.3239  0.0296  0.6465  1
856:   0.6481  0.0208  0.3311  1
857:   0.0182  0.9646  0.0172  1
858:   0.3313  0.0866  0.5821  1
859:   0.0156  0.9718  0.0126  1
860:   0.5367  0.0168  0.4465  1
861:   0.1810  0.6832  0.1358  1
862:   0.7148  0.0236  0.2616  1
863:   0.1026  0.0194  0.8780  1
864:   0.0068  0.9872  0.0060  1
865:   0.4844  0.2462  0.2694  1
866:   0.1982  0.0988  0.7030  1
867:   0.3997  0.0170  0.5833  1
868:   0.8304  0.0098  0.1598  1
869:   0.4934  0.0106  0.4960  1
870:   0.0112  0.9800  0.0088  1
871:   0.6569  0.0392  0.3039  1
872:   0.4734  0.3465  0.1801  1
873:   0.4144  0.0318  0.5538  1
874:   0.3243  0.0852  0.5904  1
875:   0.4813  0.0714  0.4473  1
876:   0.6476  0.1226  0.2298  1
877:   0.7232  0.0728  0.2040  1
878:   0.6514  0.0268  0.3218  1
879:   0.4699  0.2577  0.2724  1
880:   0.1716  0.0216  0.8068  1
881:   0.0062  0.9878  0.0060  1
882:   0.5933  0.1724  0.2343  1
883:   0.1328  0.3314  0.5358  1
884:   0.7847  0.0364  0.1789  1
885:   0.3331  0.0284  0.6385  1
886:   0.7152  0.0084  0.2764  1
887:   0.5629  0.1902  0.2468  1
888:   0.7184  0.0312  0.2504  1
889:   0.6254  0.0794  0.2952  1
890:   0.5580  0.0136  0.4284  1
891:   0.7500  0.0046  0.2454  1
892:   0.0050  0.9902  0.0048  1
893:   0.0368  0.9382  0.0250  1
