           1  1 0.0623 0.7405 0.1972 
           2  1 0.2453 0.7399 0.0147 
           3  1 0.9480 0.0305 0.0215 
           4  1 0.0059 0.8682 0.1259 
           5  1 0.2018 0.7902 0.0080 
           6  1 0.5702 0.4078 0.0219 
           7  1 0.0148 0.9791 0.0061 
           8  1 0.0062 0.6591 0.3348 
           9  1 0.0099 0.9252 0.0648 
          10  1 0.0660 0.9102 0.0238 
          11  1 0.0135 0.4253 0.5613 
          12  1 0.0102 0.0133 0.9765 
          13  1 0.0099 0.9702 0.0199 
          14  1 0.0139 0.9214 0.0647 
          15  1 0.0148 0.9765 0.0087 
          16  1 0.1322 0.8625 0.0053 
          17  1 0.0294 0.9658 0.0049 
          18  1 0.0763 0.9122 0.0115 
          19  1 0.0397 0.9530 0.0073 
          20  1 0.0102 0.9826 0.0072 
          21  1 0.0500 0.1954 0.7547 
          22  1 0.0026 0.0032 0.9941 
          23  1 0.0302 0.1523 0.8175 
          24  1 0.0070 0.1463 0.8466 
          25  1 0.0143 0.0285 0.9573 
          26  1 0.0298 0.9643 0.0059 
          27  1 0.0056 0.2858 0.7085 
          28  1 0.0171 0.1208 0.8621 
          29  1 0.0063 0.0256 0.9681 
          30  1 0.0124 0.1626 0.8250 
          31  1 0.0187 0.3458 0.6355 
          32  1 0.0166 0.9757 0.0077 
          33  1 0.0476 0.0765 0.8759 
          34  1 0.0331 0.9560 0.0109 
          35  1 0.0127 0.0112 0.9761 
          36  1 0.9819 0.0122 0.0059 
          37  1 0.0208 0.9655 0.0137 
          38  1 0.0138 0.9812 0.0050 
          39  1 0.0061 0.0080 0.9859 
          40  1 0.0269 0.3060 0.6671 
          41  1 0.0111 0.9749 0.0140 
          42  1 0.0065 0.1282 0.8653 
          43  1 0.0078 0.3137 0.6785 
          44  1 0.0170 0.1094 0.8735 
          45  1 0.0121 0.2617 0.7262 
          46  1 0.0094 0.9836 0.0070 
          47  1 0.0475 0.9250 0.0276 
          48  1 0.0055 0.0051 0.9894 
          49  1 0.8592 0.1320 0.0088 
          50  1 0.7092 0.2805 0.0103 
          51  1 0.9749 0.0188 0.0063 
          52  1 0.0170 0.9522 0.0307 
          53  1 0.8346 0.1584 0.0070 
          54  1 0.9833 0.0073 0.0094 
          55  1 0.9745 0.0129 0.0125 
          56  1 0.9239 0.0561 0.0200 
          57  1 0.0136 0.9387 0.0476 
          58  1 0.9061 0.0855 0.0084 
          59  1 0.0181 0.0203 0.9616 
          60  1 0.0246 0.1141 0.8613 
          61  1 0.0276 0.2813 0.6911 
          62  1 0.0384 0.8934 0.0681 
          63  1 0.0259 0.9595 0.0145 
          64  1 0.9674 0.0281 0.0045 
          65  1 0.6992 0.2462 0.0546 
          66  1 0.8971 0.0294 0.0735 
          67  1 0.0295 0.9334 0.0371 
          68  1 0.9764 0.0109 0.0126 
          69  1 0.0204 0.9702 0.0094 
          70  1 0.0190 0.9659 0.0151 
          71  1 0.5406 0.1422 0.3172 
          72  1 0.0049 0.8966 0.0985 
          73  1 0.0759 0.7852 0.1389 
          74  1 0.0074 0.9622 0.0304 
          75  1 0.0159 0.3667 0.6174 
          76  1 0.0464 0.9467 0.0069 
          77  1 0.0088 0.9589 0.0323 
          78  1 0.0080 0.9191 0.0729 
          79  1 0.3702 0.5810 0.0488 
          80  1 0.2119 0.7827 0.0054 
          81  1 0.0728 0.8982 0.0290 
          82  1 0.0129 0.9753 0.0119 
          83  1 0.0107 0.9514 0.0379 
          84  1 0.0123 0.9248 0.0629 
          85  1 0.0162 0.7628 0.2210 
          86  1 0.0170 0.7634 0.2195 
          87  1 0.0161 0.9758 0.0081 
          88  1 0.0650 0.8903 0.0447 
