           1  1 0.2203 0.0745 0.7053 
           2  1 0.0157 0.2522 0.7321 
           3  1 0.0239 0.9472 0.0288 
           4  1 0.1499 0.0062 0.8439 
           5  1 0.0086 0.2022 0.7892 
           6  1 0.0230 0.5689 0.4082 
           7  1 0.0063 0.0164 0.9772 
           8  1 0.3377 0.0066 0.6558 
           9  1 0.0679 0.0108 0.9213 
          10  1 0.0231 0.0705 0.9064 
          11  1 0.5743 0.0149 0.4108 
          12  1 0.9750 0.0106 0.0144 
          13  1 0.0219 0.0113 0.9668 
          14  1 0.0716 0.0140 0.9144 
          15  1 0.0090 0.0143 0.9767 
          16  1 0.0055 0.1338 0.8607 
          17  1 0.0050 0.0287 0.9663 
          18  1 0.0116 0.0768 0.9115 
          19  1 0.0078 0.0445 0.9478 
          20  1 0.0075 0.0112 0.9813 
          21  1 0.7451 0.0485 0.2064 
          22  1 0.9940 0.0027 0.0033 
          23  1 0.8067 0.0292 0.1641 
          24  1 0.8291 0.0075 0.1634 
          25  1 0.9546 0.0154 0.0300 
          26  1 0.0059 0.0286 0.9655 
          27  1 0.7155 0.0063 0.2782 
          28  1 0.8547 0.0187 0.1266 
          29  1 0.9661 0.0068 0.0271 
          30  1 0.8007 0.0129 0.1864 
          31  1 0.6382 0.0201 0.3417 
          32  1 0.0085 0.0167 0.9748 
          33  1 0.8632 0.0531 0.0838 
          34  1 0.0118 0.0352 0.9530 
          35  1 0.9736 0.0139 0.0124 
          36  1 0.0056 0.9811 0.0132 
          37  1 0.0139 0.0248 0.9613 
          38  1 0.0052 0.0134 0.9814 
          39  1 0.9858 0.0062 0.0079 
          40  1 0.6551 0.0242 0.3207 
          41  1 0.0149 0.0120 0.9731 
          42  1 0.8483 0.0067 0.1450 
          43  1 0.6705 0.0086 0.3209 
          44  1 0.8650 0.0169 0.1180 
          45  1 0.7251 0.0125 0.2623 
          46  1 0.0073 0.0100 0.9827 
          47  1 0.0293 0.0510 0.9197 
          48  1 0.9889 0.0058 0.0052 
          49  1 0.0090 0.8526 0.1383 
          50  1 0.0111 0.7028 0.2861 
          51  1 0.0068 0.9720 0.0212 
          52  1 0.0322 0.0188 0.9490 
          53  1 0.0073 0.8320 0.1606 
          54  1 0.0103 0.9818 0.0078 
          55  1 0.0146 0.9722 0.0131 
          56  1 0.0192 0.9248 0.0560 
          57  1 0.0523 0.0143 0.9335 
          58  1 0.0090 0.9089 0.0821 
          59  1 0.9575 0.0214 0.0211 
          60  1 0.8494 0.0303 0.1203 
          61  1 0.6838 0.0288 0.2874 
          62  1 0.0729 0.0412 0.8859 
          63  1 0.0158 0.0260 0.9582 
          64  1 0.0050 0.9655 0.0295 
          65  1 0.0591 0.7025 0.2384 
          66  1 0.0760 0.8920 0.0320 
          67  1 0.0389 0.0307 0.9305 
          68  1 0.0132 0.9755 0.0113 
          69  1 0.0098 0.0217 0.9685 
          70  1 0.0147 0.0193 0.9659 
          71  1 0.3197 0.5436 0.1367 
          72  1 0.1065 0.0052 0.8883 
          73  1 0.1528 0.0835 0.7637 
          74  1 0.0346 0.0078 0.9576 
          75  1 0.6158 0.0170 0.3672 
          76  1 0.0071 0.0479 0.9450 
          77  1 0.0354 0.0089 0.9556 
          78  1 0.0837 0.0087 0.9077 
          79  1 0.0483 0.3692 0.5825 
          80  1 0.0058 0.2175 0.7767 
          81  1 0.0316 0.0834 0.8850 
          82  1 0.0131 0.0133 0.9736 
          83  1 0.0396 0.0117 0.9487 
          84  1 0.0721 0.0137 0.9142 
          85  1 0.2355 0.0178 0.7467 
          86  1 0.2329 0.0180 0.7491 
          87  1 0.0088 0.0163 0.9749 
          88  1 0.0497 0.0702 0.8800 
