           1  1 0.1372 0.3034 0.0066 0.0098 0.0556 0.0147 0.1249 0.2819 0.0659 
           2  1 0.0105 0.5656 0.0173 0.0168 0.0049 0.0993 0.2264 0.0302 0.0290 
           3  1 0.0050 0.5798 0.0084 0.0634 0.0068 0.3145 0.0080 0.0055 0.0086 
           4  1 0.0042 0.0051 0.0029 0.0054 0.0391 0.0034 0.6961 0.2370 0.0067 
           5  1 0.0059 0.7556 0.1042 0.0088 0.0038 0.0777 0.0307 0.0068 0.0064 
           6  1 0.0126 0.5298 0.0853 0.0213 0.0132 0.2033 0.1185 0.0099 0.0061 
           7  1 0.4627 0.0039 0.5031 0.0042 0.0021 0.0059 0.0067 0.0048 0.0066 
           8  1 0.0062 0.3209 0.0064 0.0044 0.1053 0.0032 0.0994 0.3345 0.1197 
           9  1 0.0166 0.2912 0.0148 0.0138 0.0218 0.0078 0.1501 0.2884 0.1954 
          10  1 0.0064 0.3074 0.1803 0.0306 0.0085 0.0731 0.1500 0.2166 0.0271 
          11  1 0.0242 0.0079 0.0028 0.0239 0.2994 0.0100 0.2139 0.3620 0.0559 
          12  1 0.0226 0.0461 0.0036 0.0238 0.8262 0.0082 0.0157 0.0449 0.0089 
          13  1 0.0045 0.3411 0.0210 0.5886 0.0057 0.0033 0.0211 0.0079 0.0068 
          14  1 0.7267 0.0088 0.0061 0.0082 0.1432 0.0060 0.0705 0.0233 0.0072 
          15  1 0.6790 0.0054 0.2762 0.0053 0.0035 0.0044 0.0075 0.0096 0.0092 
          16  1 0.9114 0.0083 0.0077 0.0059 0.0024 0.0341 0.0097 0.0092 0.0114 
          17  1 0.7066 0.0323 0.0149 0.0201 0.0024 0.0137 0.1810 0.0070 0.0219 
          18  1 0.0139 0.2226 0.0423 0.0058 0.0048 0.0195 0.0131 0.0138 0.6642 
          19  1 0.0337 0.0531 0.0045 0.0098 0.0037 0.0215 0.8181 0.0393 0.0162 
          20  1 0.2982 0.0897 0.0065 0.0065 0.0038 0.0052 0.5179 0.0546 0.0176 
          21  1 0.0359 0.0198 0.0695 0.0554 0.5191 0.0205 0.1148 0.0390 0.1261 
          22  1 0.0022 0.0022 0.0028 0.0033 0.9781 0.0018 0.0025 0.0048 0.0024 
          23  1 0.0057 0.1380 0.0090 0.0045 0.5673 0.0059 0.0502 0.1419 0.0775 
          24  1 0.0036 0.0037 0.4155 0.0040 0.5583 0.0026 0.0043 0.0046 0.0033 
          25  1 0.0125 0.0048 0.0046 0.0162 0.6911 0.0133 0.0322 0.2189 0.0064 
          26  1 0.3362 0.0105 0.0137 0.6108 0.0023 0.0078 0.0080 0.0064 0.0042 
          27  1 0.0564 0.0051 0.0048 0.0031 0.6537 0.0037 0.2574 0.0085 0.0074 
          28  1 0.0040 0.0126 0.0049 0.0522 0.6308 0.0055 0.0159 0.0188 0.2554 
          29  1 0.0076 0.0069 0.0141 0.0255 0.5664 0.0028 0.0123 0.2761 0.0883 
          30  1 0.0178 0.1742 0.0056 0.0085 0.4449 0.0047 0.0845 0.2234 0.0363 
          31  1 0.0156 0.0103 0.0215 0.0123 0.5038 0.0084 0.3757 0.0275 0.0248 
          32  1 0.0068 0.0094 0.0079 0.5648 0.0031 0.0040 0.0145 0.0095 0.3800 
          33  1 0.0164 0.0079 0.2090 0.0306 0.5779 0.0321 0.0265 0.0508 0.0488 
          34  1 0.1694 0.0067 0.0076 0.5739 0.0047 0.0140 0.1204 0.0489 0.0543 
          35  1 0.0079 0.0050 0.0091 0.0100 0.6926 0.0131 0.0162 0.2378 0.0083 
          36  1 0.0044 0.1796 0.1427 0.0071 0.0029 0.6502 0.0051 0.0039 0.0041 
          37  1 0.0134 0.2872 0.0154 0.0478 0.0071 0.0092 0.5153 0.0562 0.0484 
          38  1 0.3237 0.0178 0.0077 0.0667 0.0032 0.0085 0.5514 0.0079 0.0131 
          39  1 0.0065 0.0084 0.0033 0.0058 0.7423 0.0038 0.0083 0.1990 0.0226 
          40  1 0.3546 0.0246 0.0153 0.0084 0.4954 0.0062 0.0209 0.0679 0.0066 
          41  1 0.0282 0.0541 0.0713 0.0161 0.0064 0.0056 0.7703 0.0335 0.0147 
          42  1 0.0047 0.0065 0.4255 0.0029 0.5421 0.0020 0.0059 0.0044 0.0060 
          43  1 0.0213 0.0190 0.0327 0.0241 0.5290 0.0055 0.0500 0.0111 0.3073 
          44  1 0.0223 0.1547 0.0080 0.0136 0.5151 0.0050 0.0299 0.1859 0.0654 
          45  1 0.0104 0.0066 0.0106 0.0114 0.5988 0.0076 0.3262 0.0136 0.0149 
          46  1 0.8723 0.0046 0.0294 0.0147 0.0037 0.0035 0.0337 0.0086 0.0295 
          47  1 0.0137 0.0183 0.0215 0.8480 0.0293 0.0278 0.0212 0.0104 0.0098 
          48  1 0.0040 0.0376 0.0062 0.0036 0.9148 0.0066 0.0071 0.0124 0.0076 
          49  1 0.3009 0.0434 0.0054 0.0108 0.0038 0.5649 0.0211 0.0306 0.0193 
          50  1 0.4163 0.0071 0.0291 0.0154 0.0041 0.5095 0.0074 0.0052 0.0059 
          51  1 0.0087 0.0317 0.1532 0.0695 0.0027 0.7027 0.0103 0.0054 0.0158 
          52  1 0.0261 0.0139 0.0173 0.0520 0.0174 0.0168 0.2167 0.0275 0.6124 
          53  1 0.0201 0.0426 0.0289 0.1317 0.0032 0.6741 0.0843 0.0097 0.0054 
          54  1 0.0043 0.2521 0.0027 0.0104 0.0055 0.7086 0.0049 0.0082 0.0033 
          55  1 0.0087 0.0130 0.0035 0.0178 0.0122 0.8923 0.0265 0.0154 0.0106 
          56  1 0.0077 0.0604 0.0034 0.0052 0.0062 0.7389 0.0473 0.0699 0.0610 
          57  1 0.0072 0.6133 0.0080 0.0051 0.0119 0.0054 0.0657 0.2082 0.0752 
          58  1 0.0225 0.0417 0.0088 0.0118 0.0035 0.7566 0.1115 0.0334 0.0101 
          59  1 0.0381 0.0178 0.0138 0.0131 0.5543 0.0104 0.0300 0.3096 0.0129 
          60  1 0.0212 0.0086 0.3431 0.0139 0.4554 0.0076 0.0130 0.1243 0.0128 
          61  1 0.0098 0.0928 0.0117 0.0189 0.4595 0.0089 0.2227 0.1286 0.0472 
          62  1 0.3447 0.0186 0.0161 0.0081 0.0572 0.0225 0.4941 0.0278 0.0109 
          63  1 0.0124 0.2182 0.0086 0.0049 0.0058 0.0086 0.0113 0.0146 0.7156 
          64  1 0.2079 0.0175 0.0031 0.0088 0.0027 0.6945 0.0219 0.0249 0.0187 
          65  1 0.0092 0.0294 0.0182 0.0254 0.0262 0.5993 0.0567 0.0401 0.1954 
          66  1 0.0087 0.0206 0.0053 0.0103 0.0177 0.6965 0.0132 0.0381 0.1896 
          67  1 0.0070 0.3600 0.4435 0.0040 0.0085 0.0078 0.0130 0.1350 0.0212 
          68  1 0.0156 0.0254 0.0043 0.0268 0.0135 0.8509 0.0168 0.0068 0.0399 
          69  1 0.0133 0.0089 0.0138 0.7982 0.0039 0.0069 0.1263 0.0094 0.0193 
          70  1 0.0311 0.0332 0.7847 0.0202 0.0052 0.0116 0.0252 0.0833 0.0056 
          71  1 0.0111 0.0367 0.0158 0.0186 0.1036 0.3150 0.1277 0.3640 0.0073 
          72  1 0.0049 0.0488 0.0040 0.0077 0.0732 0.0028 0.0162 0.0714 0.7711 
          73  1 0.0096 0.0820 0.0379 0.0473 0.0288 0.0514 0.3792 0.3295 0.0343 
          74  1 0.1394 0.0499 0.0258 0.0036 0.0123 0.0044 0.6694 0.0793 0.0159 
          75  1 0.0032 0.0047 0.0056 0.5087 0.4636 0.0030 0.0042 0.0038 0.0032 
          76  1 0.0122 0.0176 0.0283 0.8422 0.0030 0.0110 0.0501 0.0118 0.0238 
          77  1 0.0401 0.0167 0.0130 0.6641 0.0156 0.0061 0.1989 0.0289 0.0167 
          78  1 0.0125 0.0067 0.0063 0.0098 0.0350 0.0044 0.0109 0.1606 0.7540 
          79  1 0.0156 0.0344 0.1898 0.2894 0.0274 0.3051 0.0465 0.0823 0.0095 
          80  1 0.0344 0.0242 0.0046 0.0350 0.0028 0.0956 0.7660 0.0125 0.0250 
          81  1 0.0225 0.1272 0.0067 0.0209 0.0120 0.0640 0.0303 0.0127 0.7037 
          82  1 0.0084 0.4203 0.5131 0.0098 0.0068 0.0043 0.0214 0.0085 0.0073 
          83  1 0.0295 0.0112 0.0543 0.0552 0.0184 0.0082 0.0419 0.0088 0.7726 
          84  1 0.0165 0.0104 0.0080 0.0083 0.0352 0.0098 0.0949 0.0186 0.7983 
          85  1 0.0067 0.0180 0.0554 0.0838 0.1483 0.0077 0.6322 0.0347 0.0133 
          86  1 0.0053 0.2437 0.0047 0.0036 0.1118 0.0073 0.0245 0.1638 0.4352 
          87  1 0.5467 0.0142 0.2638 0.0077 0.0044 0.0053 0.1299 0.0206 0.0073 
          88  1 0.0118 0.1467 0.0358 0.0091 0.0279 0.0405 0.2339 0.0177 0.4766 
