           1  1 0.0166 0.0499 0.0219 0.1108 0.8009 
           2  1 0.0795 0.2596 0.0140 0.0118 0.6351 
           3  1 0.0992 0.8552 0.0093 0.0177 0.0186 
           4  1 0.0809 0.0065 0.0100 0.2159 0.6868 
           5  1 0.0498 0.2125 0.0746 0.0066 0.6565 
           6  1 0.1091 0.5772 0.1328 0.0312 0.1497 
           7  1 0.0090 0.0068 0.9734 0.0039 0.0068 
           8  1 0.0090 0.0049 0.0096 0.1727 0.8038 
           9  1 0.0197 0.0095 0.0184 0.0286 0.9238 
          10  1 0.0722 0.0796 0.0650 0.0148 0.7685 
          11  1 0.0769 0.0167 0.0304 0.5151 0.3609 
          12  1 0.0323 0.0123 0.0131 0.9203 0.0221 
          13  1 0.8285 0.0071 0.0138 0.0094 0.1412 
          14  1 0.0155 0.0095 0.7566 0.1729 0.0455 
          15  1 0.0092 0.0068 0.9672 0.0063 0.0105 
          16  1 0.0129 0.1657 0.7928 0.0036 0.0250 
          17  1 0.1738 0.0303 0.7095 0.0038 0.0827 
          18  1 0.0135 0.0531 0.0413 0.0069 0.8852 
          19  1 0.0697 0.0603 0.0360 0.0057 0.8283 
          20  1 0.0804 0.0088 0.1293 0.0054 0.7761 
          21  1 0.1190 0.0374 0.0839 0.6146 0.1451 
          22  1 0.0032 0.0024 0.0028 0.9887 0.0029 
          23  1 0.0099 0.0141 0.0085 0.6578 0.3097 
          24  1 0.0117 0.0044 0.3294 0.6473 0.0072 
          25  1 0.0396 0.0191 0.0151 0.8961 0.0302 
          26  1 0.6897 0.0124 0.2844 0.0036 0.0098 
          27  1 0.0088 0.0054 0.1500 0.7484 0.0874 
          28  1 0.1518 0.0091 0.0054 0.7455 0.0881 
          29  1 0.0694 0.0053 0.0227 0.8480 0.0545 
          30  1 0.0224 0.0074 0.0257 0.6032 0.3413 
          31  1 0.0577 0.0185 0.0543 0.5932 0.2763 
          32  1 0.8303 0.0078 0.0171 0.0058 0.1391 
          33  1 0.0471 0.0247 0.1871 0.6978 0.0432 
          34  1 0.8241 0.0223 0.0932 0.0085 0.0519 
          35  1 0.0188 0.0182 0.0171 0.9321 0.0137 
          36  1 0.0152 0.9189 0.0512 0.0048 0.0099 
          37  1 0.1674 0.0191 0.0169 0.0108 0.7858 
          38  1 0.3415 0.0123 0.1923 0.0046 0.4493 
          39  1 0.0111 0.0078 0.0066 0.9591 0.0154 
          40  1 0.0148 0.0139 0.3515 0.5905 0.0293 
          41  1 0.1099 0.0099 0.0604 0.0112 0.8085 
          42  1 0.0068 0.0035 0.3294 0.6456 0.0147 
          43  1 0.1087 0.0068 0.0202 0.5965 0.2679 
          44  1 0.0620 0.0128 0.0389 0.6985 0.1878 
          45  1 0.0429 0.0116 0.0260 0.6920 0.2275 
          46  1 0.0202 0.0066 0.9399 0.0056 0.0278 
          47  1 0.9254 0.0286 0.0119 0.0226 0.0115 
          48  1 0.0047 0.0062 0.0048 0.9775 0.0068 
          49  1 0.0283 0.7519 0.1090 0.0061 0.1046 
          50  1 0.0132 0.5566 0.4182 0.0057 0.0064 
          51  1 0.0643 0.8706 0.0449 0.0045 0.0156 
          52  1 0.2658 0.0185 0.0286 0.0244 0.6626 
          53  1 0.1671 0.7509 0.0359 0.0052 0.0409 
          54  1 0.0168 0.9618 0.0052 0.0101 0.0061 
          55  1 0.0140 0.9532 0.0056 0.0137 0.0135 
          56  1 0.0120 0.8622 0.0071 0.0119 0.1067 
          57  1 0.0101 0.0096 0.0063 0.0191 0.9548 
          58  1 0.0400 0.8636 0.0257 0.0066 0.0642 
          59  1 0.0422 0.0241 0.0478 0.8413 0.0446 
          60  1 0.0203 0.0113 0.3429 0.6081 0.0174 
          61  1 0.0283 0.0114 0.0153 0.5526 0.3924 
          62  1 0.0228 0.0958 0.5511 0.1142 0.2160 
          63  1 0.0105 0.0174 0.0204 0.0094 0.9423 
          64  1 0.0131 0.9215 0.0228 0.0040 0.0387 
          65  1 0.0544 0.6387 0.0247 0.0377 0.2444 
          66  1 0.0340 0.8304 0.0124 0.0563 0.0668 
          67  1 0.0138 0.0232 0.4471 0.0311 0.4848 
          68  1 0.0181 0.9502 0.0075 0.0122 0.0119 
          69  1 0.9272 0.0123 0.0164 0.0055 0.0387 
          70  1 0.0688 0.0185 0.8833 0.0097 0.0197 
          71  1 0.0728 0.5185 0.0542 0.2952 0.0593 
          72  1 0.0113 0.0040 0.0061 0.0531 0.9255 
          73  1 0.2078 0.0713 0.0287 0.1114 0.5809 
          74  1 0.0137 0.0066 0.2865 0.0319 0.6613 
          75  1 0.4928 0.0049 0.0061 0.4908 0.0055 
          76  1 0.9334 0.0241 0.0174 0.0046 0.0205 
          77  1 0.8503 0.0093 0.0461 0.0265 0.0677 
          78  1 0.0224 0.0066 0.0267 0.0664 0.8779 
          79  1 0.3942 0.3422 0.1852 0.0365 0.0419 
          80  1 0.1535 0.2144 0.0285 0.0047 0.5989 
          81  1 0.0253 0.0811 0.0152 0.0179 0.8605 
          82  1 0.0716 0.0114 0.5887 0.0125 0.3157 
          83  1 0.0709 0.0104 0.0412 0.0231 0.8543 
          84  1 0.0222 0.0108 0.0121 0.0346 0.9204 
          85  1 0.2792 0.0148 0.0363 0.1797 0.4901 
          86  1 0.0093 0.0103 0.0071 0.1256 0.8476 
          87  1 0.0166 0.0085 0.9255 0.0086 0.0408 
          88  1 0.0148 0.0511 0.0179 0.0309 0.8853 
