           1  1 0.0128 0.2908 0.1138 0.0762 0.2066 0.0162 0.2836 
           2  1 0.0191 0.0431 0.0064 0.0873 0.0829 0.0098 0.7513 
           3  1 0.0480 0.0082 0.0083 0.2816 0.0092 0.0061 0.6385 
           4  1 0.0074 0.0075 0.0892 0.0048 0.8802 0.0048 0.0062 
           5  1 0.0098 0.0072 0.0041 0.0627 0.0105 0.0120 0.8937 
           6  1 0.0221 0.0070 0.0135 0.1779 0.0961 0.0274 0.6559 
           7  1 0.0059 0.0068 0.0031 0.0065 0.0083 0.9640 0.0053 
           8  1 0.0070 0.4355 0.1654 0.0041 0.1688 0.0078 0.2114 
           9  1 0.0149 0.4868 0.0279 0.0094 0.2553 0.0202 0.1855 
          10  1 0.0469 0.1126 0.0129 0.0593 0.3244 0.0476 0.3963 
          11  1 0.0260 0.0683 0.3722 0.0084 0.5080 0.0118 0.0052 
          12  1 0.0289 0.0223 0.8825 0.0106 0.0197 0.0108 0.0251 
          13  1 0.5811 0.0081 0.0068 0.0039 0.0098 0.0051 0.3851 
          14  1 0.0111 0.0235 0.1383 0.0081 0.1479 0.6625 0.0086 
          15  1 0.0061 0.0098 0.0053 0.0057 0.0101 0.9563 0.0067 
          16  1 0.0087 0.0309 0.0030 0.1962 0.0240 0.7200 0.0172 
          17  1 0.0396 0.0323 0.0031 0.0211 0.2743 0.5841 0.0455 
          18  1 0.0066 0.7194 0.0054 0.0258 0.0135 0.0222 0.2071 
          19  1 0.0132 0.0329 0.0045 0.0257 0.8667 0.0185 0.0386 
          20  1 0.0070 0.0305 0.0044 0.0066 0.7911 0.0467 0.1137 
          21  1 0.0722 0.1011 0.5769 0.0220 0.1247 0.0819 0.0213 
          22  1 0.0029 0.0026 0.9849 0.0021 0.0028 0.0025 0.0022 
          23  1 0.0053 0.2263 0.6104 0.0071 0.0638 0.0071 0.0800 
          24  1 0.0091 0.0050 0.6285 0.0032 0.0078 0.3396 0.0068 
          25  1 0.0379 0.0119 0.8448 0.0267 0.0579 0.0139 0.0069 
          26  1 0.6166 0.0055 0.0029 0.0096 0.0101 0.3399 0.0155 
          27  1 0.0034 0.0089 0.6733 0.0044 0.2708 0.0343 0.0049 
          28  1 0.0366 0.2503 0.6727 0.0061 0.0209 0.0044 0.0090 
          29  1 0.0460 0.1443 0.7434 0.0039 0.0291 0.0227 0.0105 
          30  1 0.0137 0.1894 0.5437 0.0061 0.1011 0.0188 0.1271 
          31  1 0.0157 0.0281 0.5486 0.0112 0.3555 0.0302 0.0106 
          32  1 0.5747 0.3777 0.0038 0.0053 0.0201 0.0107 0.0076 
          33  1 0.0371 0.0435 0.6605 0.0235 0.0253 0.2019 0.0082 
          34  1 0.5988 0.0511 0.0075 0.0235 0.2206 0.0896 0.0089 
          35  1 0.0228 0.0123 0.8854 0.0233 0.0267 0.0209 0.0086 
          36  1 0.0125 0.0056 0.0044 0.6888 0.0086 0.0322 0.2479 
          37  1 0.0488 0.0666 0.0102 0.0120 0.4122 0.0146 0.4356 
          38  1 0.0682 0.0133 0.0035 0.0086 0.8055 0.0596 0.0414 
          39  1 0.0094 0.0250 0.9184 0.0069 0.0155 0.0074 0.0174 
          40  1 0.0085 0.0110 0.5651 0.0105 0.0265 0.3475 0.0310 
          41  1 0.0229 0.0187 0.0091 0.0074 0.7377 0.0378 0.1664 
          42  1 0.0044 0.0102 0.6349 0.0028 0.0106 0.3188 0.0184 
          43  1 0.0264 0.2979 0.5623 0.0062 0.0624 0.0189 0.0258 
          44  1 0.0237 0.1756 0.6317 0.0077 0.0422 0.0239 0.0951 
          45  1 0.0120 0.0155 0.6445 0.0077 0.2981 0.0130 0.0092 
          46  1 0.0183 0.0216 0.0045 0.0055 0.0497 0.8926 0.0077 
          47  1 0.8525 0.0094 0.0384 0.0328 0.0247 0.0160 0.0263 
          48  1 0.0035 0.0066 0.9536 0.0047 0.0055 0.0041 0.0220 
          49  1 0.0190 0.0728 0.0054 0.7077 0.0345 0.0584 0.1022 
          50  1 0.0148 0.0056 0.0046 0.5309 0.0074 0.4265 0.0102 
          51  1 0.1142 0.0136 0.0036 0.7307 0.0142 0.0489 0.0748 
          52  1 0.0596 0.5542 0.0225 0.0205 0.2988 0.0286 0.0159 
          53  1 0.1291 0.0070 0.0044 0.6848 0.0832 0.0284 0.0630 
          54  1 0.0114 0.0039 0.0075 0.6902 0.0055 0.0044 0.2771 
          55  1 0.0210 0.0098 0.0138 0.9117 0.0241 0.0051 0.0145 
          56  1 0.0058 0.1030 0.0088 0.7941 0.0482 0.0052 0.0348 
          57  1 0.0055 0.2866 0.0206 0.0071 0.0762 0.0049 0.5991 
          58  1 0.0153 0.0169 0.0044 0.7924 0.1134 0.0194 0.0382 
          59  1 0.0222 0.0237 0.7596 0.0169 0.0639 0.0608 0.0529 
          60  1 0.0160 0.0138 0.5627 0.0089 0.0151 0.3715 0.0120 
          61  1 0.0209 0.0953 0.5380 0.0102 0.1991 0.0157 0.1208 
          62  1 0.0088 0.0140 0.0678 0.0289 0.5122 0.3481 0.0203 
          63  1 0.0059 0.7711 0.0068 0.0113 0.0107 0.0098 0.1845 
          64  1 0.0107 0.0556 0.0038 0.8588 0.0269 0.0166 0.0276 
          65  1 0.0232 0.2506 0.0250 0.6099 0.0626 0.0134 0.0153 
          66  1 0.0104 0.2038 0.0278 0.7234 0.0160 0.0069 0.0118 
          67  1 0.0062 0.0705 0.0183 0.0081 0.0285 0.3340 0.5343 
          68  1 0.0236 0.0272 0.0133 0.8790 0.0163 0.0108 0.0298 
          69  1 0.7828 0.0172 0.0051 0.0080 0.1594 0.0145 0.0132 
          70  1 0.0480 0.0085 0.0085 0.0101 0.0297 0.8300 0.0652 
          71  1 0.0381 0.0110 0.2403 0.3845 0.2257 0.0418 0.0587 
          72  1 0.0086 0.8715 0.0703 0.0034 0.0181 0.0055 0.0226 
          73  1 0.0698 0.0508 0.0534 0.0384 0.6997 0.0198 0.0682 
          74  1 0.0043 0.0290 0.0190 0.0050 0.7416 0.1680 0.0331 
          75  1 0.4920 0.0039 0.4846 0.0037 0.0053 0.0048 0.0058 
          76  1 0.8540 0.0234 0.0040 0.0146 0.0570 0.0205 0.0264 
          77  1 0.6844 0.0218 0.0212 0.0074 0.2118 0.0308 0.0226 
          78  1 0.0162 0.8538 0.0748 0.0064 0.0204 0.0199 0.0086 
          79  1 0.3078 0.0114 0.0373 0.2738 0.1167 0.1933 0.0596 
          80  1 0.0411 0.0396 0.0035 0.1304 0.7459 0.0130 0.0265 
          81  1 0.0231 0.7264 0.0124 0.0633 0.0302 0.0162 0.1284 
          82  1 0.0139 0.0092 0.0100 0.0052 0.0153 0.3824 0.5641 
          83  1 0.0907 0.7322 0.0208 0.0088 0.0569 0.0726 0.0180 
          84  1 0.0109 0.8187 0.0349 0.0106 0.1025 0.0107 0.0117 
          85  1 0.1056 0.0134 0.1782 0.0095 0.6532 0.0150 0.0251 
          86  1 0.0042 0.6216 0.1465 0.0080 0.0252 0.0058 0.1886 
          87  1 0.0114 0.0108 0.0062 0.0064 0.1360 0.8116 0.0175 
          88  1 0.0128 0.4942 0.0322 0.0445 0.1790 0.0177 0.2196 
