           1  1 0.0099 0.0094 0.0287 0.0096 0.8371 0.0243 0.0336 0.0139 0.0260 0.0075 
           2  1 0.1220 0.0064 0.0105 0.7078 0.0273 0.0286 0.0689 0.0155 0.0034 0.0095 
           3  1 0.0033 0.0040 0.0103 0.9540 0.0032 0.0028 0.0039 0.0045 0.0028 0.0112 
           4  1 0.0072 0.0028 0.0029 0.0031 0.0047 0.3445 0.6108 0.0055 0.0140 0.0043 
           5  1 0.0052 0.0073 0.0090 0.9410 0.0123 0.0026 0.0083 0.0048 0.0035 0.0060 
           6  1 0.0214 0.0192 0.0193 0.8597 0.0049 0.0114 0.0365 0.0046 0.0093 0.0136 
           7  1 0.0213 0.9414 0.0054 0.0036 0.0051 0.0053 0.0063 0.0056 0.0018 0.0042 
           8  1 0.0233 0.0052 0.0026 0.0034 0.8390 0.0062 0.0170 0.0222 0.0773 0.0038 
           9  1 0.0222 0.0142 0.0068 0.0078 0.8083 0.0047 0.0365 0.0660 0.0230 0.0106 
          10  1 0.0060 0.0928 0.0511 0.1425 0.5971 0.0088 0.0516 0.0053 0.0057 0.0391 
          11  1 0.0064 0.0078 0.0093 0.0029 0.0166 0.5986 0.0886 0.0124 0.2389 0.0187 
          12  1 0.0047 0.0065 0.0058 0.0080 0.1481 0.0046 0.0110 0.0041 0.7910 0.0163 
          13  1 0.0087 0.0038 0.0024 0.3871 0.0064 0.0080 0.0076 0.0059 0.0049 0.5651 
          14  1 0.0084 0.6333 0.0066 0.0040 0.0309 0.0355 0.1653 0.0101 0.0975 0.0085 
          15  1 0.0216 0.9303 0.0044 0.0046 0.0048 0.0086 0.0080 0.0096 0.0033 0.0049 
          16  1 0.0236 0.6986 0.1328 0.0068 0.0828 0.0063 0.0236 0.0165 0.0020 0.0069 
          17  1 0.5452 0.3677 0.0112 0.0269 0.0043 0.0070 0.0189 0.0064 0.0020 0.0102 
          18  1 0.0253 0.0171 0.0078 0.3544 0.0216 0.0089 0.0120 0.5429 0.0048 0.0053 
          19  1 0.0623 0.0115 0.0176 0.0190 0.0811 0.0073 0.7775 0.0118 0.0030 0.0088 
          20  1 0.8857 0.0185 0.0047 0.0175 0.0342 0.0072 0.0181 0.0073 0.0030 0.0038 
          21  1 0.0193 0.0832 0.0165 0.0135 0.0390 0.0092 0.1632 0.0875 0.5145 0.0540 
          22  1 0.0019 0.0019 0.0015 0.0016 0.0022 0.0030 0.0022 0.0019 0.9810 0.0027 
          23  1 0.0078 0.0058 0.0033 0.0230 0.3446 0.0366 0.0174 0.0158 0.5417 0.0040 
          24  1 0.0046 0.3732 0.0024 0.0044 0.0041 0.0051 0.0059 0.0031 0.5911 0.0060 
          25  1 0.0104 0.0041 0.0079 0.0029 0.0064 0.3370 0.0154 0.0047 0.6031 0.0080 
          26  1 0.0139 0.3354 0.0072 0.0098 0.0097 0.0039 0.0085 0.0035 0.0022 0.6060 
          27  1 0.0051 0.0204 0.0031 0.0030 0.0060 0.0089 0.3186 0.0068 0.6255 0.0026 
          28  1 0.1050 0.0036 0.0051 0.0060 0.0336 0.0216 0.0290 0.1192 0.6197 0.0572 
          29  1 0.0060 0.0076 0.0021 0.0043 0.0083 0.4342 0.0057 0.0214 0.4971 0.0133 
          30  1 0.0865 0.0100 0.0041 0.0050 0.3868 0.0363 0.0242 0.0104 0.4304 0.0063 
          31  1 0.0240 0.0259 0.0075 0.0057 0.0149 0.0128 0.3925 0.0267 0.4799 0.0102 
          32  1 0.1341 0.0087 0.0036 0.0050 0.0224 0.0142 0.0237 0.2261 0.0027 0.5596 
          33  1 0.0215 0.2282 0.0226 0.0063 0.0103 0.0402 0.0297 0.0469 0.5678 0.0266 
          34  1 0.3081 0.0291 0.0132 0.0047 0.0063 0.0280 0.0639 0.0201 0.0034 0.5232 
          35  1 0.0038 0.0057 0.0071 0.0033 0.0047 0.3637 0.0096 0.0057 0.5911 0.0052 
          36  1 0.0037 0.0232 0.5811 0.3628 0.0033 0.0037 0.0051 0.0039 0.0030 0.0101 
          37  1 0.3768 0.0090 0.0053 0.2426 0.0660 0.0246 0.2224 0.0190 0.0046 0.0298 
          38  1 0.9359 0.0108 0.0050 0.0073 0.0040 0.0037 0.0097 0.0042 0.0030 0.0165 
          39  1 0.0055 0.0031 0.0027 0.0048 0.0047 0.3139 0.0052 0.0079 0.6485 0.0036 
          40  1 0.0115 0.3623 0.0072 0.0157 0.0507 0.0353 0.0272 0.0060 0.4773 0.0069 
          41  1 0.4779 0.0278 0.0052 0.0427 0.0289 0.0140 0.3640 0.0140 0.0068 0.0186 
          42  1 0.0071 0.3528 0.0019 0.0114 0.0057 0.0046 0.0092 0.0073 0.5969 0.0030 
          43  1 0.2291 0.0107 0.0045 0.0109 0.0128 0.0086 0.0223 0.1596 0.5260 0.0155 
          44  1 0.0093 0.0073 0.0039 0.0054 0.4662 0.0042 0.0089 0.0102 0.4780 0.0067 
          45  1 0.0067 0.0100 0.0057 0.0048 0.0061 0.0104 0.3478 0.0137 0.5859 0.0090 
          46  1 0.0085 0.8716 0.0042 0.0039 0.0077 0.0106 0.0430 0.0303 0.0029 0.0174 
          47  1 0.0391 0.0133 0.0190 0.0260 0.0111 0.0106 0.0258 0.0081 0.0276 0.8193 
          48  1 0.0054 0.0036 0.0042 0.0667 0.0179 0.0106 0.0067 0.0068 0.8752 0.0030 
          49  1 0.0129 0.0398 0.6422 0.0208 0.2228 0.0050 0.0197 0.0201 0.0038 0.0129 
          50  1 0.0055 0.4307 0.5191 0.0098 0.0042 0.0036 0.0065 0.0049 0.0033 0.0124 
          51  1 0.0065 0.0590 0.6732 0.0905 0.0056 0.0041 0.0133 0.0206 0.0026 0.1245 
          52  1 0.5101 0.0190 0.0117 0.0066 0.0144 0.0329 0.0931 0.2747 0.0105 0.0270 
          53  1 0.0541 0.0229 0.6531 0.0470 0.0129 0.0058 0.0767 0.0040 0.0028 0.1208 
          54  1 0.0034 0.0032 0.5505 0.4165 0.0040 0.0067 0.0040 0.0026 0.0035 0.0055 
          55  1 0.0595 0.0036 0.8412 0.0160 0.0068 0.0205 0.0188 0.0071 0.0086 0.0178 
          56  1 0.0133 0.0036 0.7366 0.0063 0.1874 0.0063 0.0205 0.0175 0.0047 0.0039 
          57  1 0.0362 0.0033 0.0043 0.4034 0.4820 0.0207 0.0193 0.0196 0.0078 0.0036 
          58  1 0.0540 0.0091 0.7444 0.0115 0.0708 0.0060 0.0872 0.0052 0.0029 0.0088 
          59  1 0.0595 0.0238 0.0076 0.0083 0.0287 0.3602 0.0172 0.0066 0.4799 0.0082 
          60  1 0.0170 0.3962 0.0070 0.0064 0.0144 0.0582 0.0149 0.0138 0.4585 0.0136 
          61  1 0.2531 0.0105 0.0067 0.0107 0.0778 0.0246 0.0886 0.0395 0.4752 0.0132 
          62  1 0.0062 0.3122 0.0148 0.0137 0.0296 0.0252 0.5446 0.0081 0.0383 0.0072 
          63  1 0.0180 0.0089 0.0052 0.2752 0.0441 0.0114 0.0102 0.6178 0.0051 0.0040 
          64  1 0.0132 0.0085 0.7452 0.0093 0.1629 0.0081 0.0213 0.0204 0.0022 0.0088 
          65  1 0.0215 0.0108 0.6195 0.0077 0.0804 0.0066 0.0586 0.1481 0.0245 0.0223 
          66  1 0.0797 0.0050 0.7070 0.0060 0.0460 0.0182 0.0118 0.0978 0.0206 0.0078 
          67  1 0.0082 0.3795 0.0055 0.1938 0.3794 0.0075 0.0101 0.0052 0.0063 0.0043 
          68  1 0.0370 0.0085 0.8097 0.0392 0.0070 0.0083 0.0188 0.0325 0.0120 0.0271 
          69  1 0.0275 0.0109 0.0058 0.0102 0.0052 0.0095 0.1534 0.0118 0.0035 0.7621 
          70  1 0.0117 0.8120 0.0061 0.0594 0.0052 0.0518 0.0199 0.0051 0.0047 0.0241 
          71  1 0.0104 0.0107 0.2267 0.0749 0.0066 0.5650 0.0534 0.0051 0.0354 0.0116 
          72  1 0.0098 0.0040 0.0024 0.0052 0.1343 0.0050 0.0191 0.7429 0.0698 0.0074 
          73  1 0.1382 0.0136 0.0603 0.0170 0.1098 0.3957 0.1913 0.0179 0.0188 0.0374 
          74  1 0.0297 0.1749 0.0041 0.0065 0.0906 0.0676 0.6051 0.0091 0.0093 0.0029 
          75  1 0.0030 0.0038 0.0026 0.0047 0.0030 0.0036 0.0038 0.0027 0.4686 0.5043 
          76  1 0.0103 0.0179 0.0072 0.0284 0.0065 0.0138 0.0540 0.0173 0.0024 0.8420 
          77  1 0.0513 0.0284 0.0061 0.0069 0.0282 0.0236 0.1815 0.0137 0.0130 0.6474 
          78  1 0.0045 0.0084 0.0039 0.0044 0.0069 0.2828 0.0068 0.6643 0.0104 0.0076 
          79  1 0.0128 0.1774 0.2510 0.0584 0.0188 0.1035 0.0818 0.0091 0.0150 0.2722 
          80  1 0.0216 0.0093 0.0656 0.0229 0.0167 0.0101 0.8060 0.0151 0.0023 0.0303 
          81  1 0.0180 0.0159 0.0126 0.2138 0.0251 0.0064 0.0349 0.6444 0.0094 0.0195 
          82  1 0.0083 0.4230 0.0033 0.5202 0.0075 0.0060 0.0100 0.0049 0.0068 0.0100 
          83  1 0.0234 0.0872 0.0080 0.0164 0.0059 0.0093 0.0455 0.7212 0.0163 0.0668 
          84  1 0.1373 0.0061 0.0099 0.0075 0.0105 0.0097 0.0691 0.7146 0.0294 0.0058 
          85  1 0.0085 0.0122 0.0055 0.0141 0.0132 0.0342 0.6901 0.0097 0.1442 0.0682 
          86  1 0.0173 0.0045 0.0056 0.0709 0.4616 0.0093 0.0297 0.3028 0.0951 0.0033 
          87  1 0.0343 0.7516 0.0045 0.0061 0.0295 0.0188 0.1381 0.0057 0.0031 0.0084 
          88  1 0.0192 0.0130 0.0281 0.2103 0.0226 0.0112 0.1612 0.5040 0.0219 0.0086 
