           1  1 0.6930 0.0150 0.1360 0.0825 0.0194 0.0542 
           2  1 0.3575 0.0369 0.3457 0.0097 0.0141 0.2362 
           3  1 0.0247 0.1323 0.0177 0.0173 0.0093 0.7988 
           4  1 0.0103 0.0089 0.8746 0.0957 0.0053 0.0052 
           5  1 0.4943 0.0274 0.2147 0.0059 0.0602 0.1975 
           6  1 0.0717 0.0495 0.2612 0.0213 0.0846 0.5117 
           7  1 0.0069 0.0070 0.0088 0.0034 0.9671 0.0068 
           8  1 0.7251 0.0075 0.0868 0.1676 0.0085 0.0045 
           9  1 0.7291 0.0170 0.1910 0.0316 0.0206 0.0106 
          10  1 0.5064 0.0559 0.2311 0.0126 0.0995 0.0944 
          11  1 0.0377 0.0303 0.5178 0.3919 0.0129 0.0094 
          12  1 0.0389 0.0302 0.0191 0.8886 0.0110 0.0122 
          13  1 0.2508 0.6624 0.0624 0.0085 0.0099 0.0060 
          14  1 0.0209 0.0119 0.1544 0.1431 0.6613 0.0085 
          15  1 0.0098 0.0077 0.0113 0.0055 0.9593 0.0065 
          16  1 0.0444 0.0109 0.0282 0.0034 0.7446 0.1685 
          17  1 0.0585 0.0785 0.2006 0.0035 0.6289 0.0299 
          18  1 0.8854 0.0095 0.0240 0.0057 0.0328 0.0427 
          19  1 0.0919 0.0175 0.8277 0.0050 0.0219 0.0360 
          20  1 0.2624 0.0154 0.6234 0.0052 0.0858 0.0077 
          21  1 0.0624 0.0694 0.1698 0.5840 0.0839 0.0306 
          22  1 0.0028 0.0032 0.0030 0.9860 0.0028 0.0022 
          23  1 0.2932 0.0065 0.0548 0.6264 0.0076 0.0115 
          24  1 0.0054 0.0099 0.0075 0.6277 0.3456 0.0039 
          25  1 0.0141 0.0392 0.0564 0.8549 0.0145 0.0209 
          26  1 0.0090 0.6321 0.0107 0.0034 0.3337 0.0112 
          27  1 0.0088 0.0040 0.2513 0.6816 0.0495 0.0049 
          28  1 0.1350 0.0987 0.0482 0.7051 0.0056 0.0073 
          29  1 0.0630 0.0678 0.0556 0.7782 0.0300 0.0053 
          30  1 0.2896 0.0160 0.0962 0.5693 0.0213 0.0076 
          31  1 0.0280 0.0185 0.3473 0.5561 0.0372 0.0129 
          32  1 0.2359 0.6602 0.0779 0.0049 0.0146 0.0065 
          33  1 0.0268 0.0381 0.0306 0.6681 0.2135 0.0228 
          34  1 0.0220 0.6701 0.1829 0.0086 0.0919 0.0245 
          35  1 0.0111 0.0247 0.0241 0.8973 0.0213 0.0215 
          36  1 0.0136 0.0148 0.0116 0.0046 0.0708 0.8846 
          37  1 0.4250 0.0866 0.4421 0.0107 0.0174 0.0181 
          38  1 0.1086 0.1300 0.6343 0.0038 0.1124 0.0109 
          39  1 0.0203 0.0122 0.0172 0.9335 0.0079 0.0090 
          40  1 0.0202 0.0111 0.0270 0.5715 0.3571 0.0132 
          41  1 0.1625 0.0314 0.7291 0.0105 0.0582 0.0083 
          42  1 0.0154 0.0048 0.0112 0.6342 0.3311 0.0033 
          43  1 0.2652 0.0467 0.0914 0.5735 0.0169 0.0064 
          44  1 0.2639 0.0271 0.0369 0.6366 0.0258 0.0095 
          45  1 0.0147 0.0138 0.2992 0.6487 0.0147 0.0089 
          46  1 0.0143 0.0180 0.0652 0.0050 0.8915 0.0060 
          47  1 0.0104 0.8765 0.0199 0.0317 0.0176 0.0439 
          48  1 0.0120 0.0042 0.0064 0.9659 0.0048 0.0067 
          49  1 0.1774 0.0188 0.0323 0.0057 0.0678 0.6979 
          50  1 0.0058 0.0161 0.0077 0.0053 0.4155 0.5497 
          51  1 0.0112 0.0790 0.0154 0.0041 0.0625 0.8278 
          52  1 0.2935 0.1100 0.5312 0.0213 0.0268 0.0173 
          53  1 0.0288 0.1259 0.0784 0.0047 0.0344 0.7278 
          54  1 0.0070 0.0204 0.0067 0.0108 0.0049 0.9502 
          55  1 0.0107 0.0126 0.0168 0.0134 0.0052 0.9413 
          56  1 0.1417 0.0066 0.0425 0.0091 0.0059 0.7942 
          57  1 0.8529 0.0084 0.1042 0.0189 0.0059 0.0097 
          58  1 0.0415 0.0212 0.0954 0.0054 0.0200 0.8166 
          59  1 0.0394 0.0346 0.0547 0.7881 0.0609 0.0223 
          60  1 0.0130 0.0189 0.0153 0.5720 0.3714 0.0093 
          61  1 0.2047 0.0265 0.1924 0.5466 0.0181 0.0117 
          62  1 0.0182 0.0106 0.5090 0.0717 0.3423 0.0483 
          63  1 0.9398 0.0073 0.0167 0.0075 0.0139 0.0148 
          64  1 0.0649 0.0110 0.0268 0.0038 0.0182 0.8754 
          65  1 0.2413 0.0292 0.0785 0.0283 0.0176 0.6050 
          66  1 0.1409 0.0196 0.0268 0.0384 0.0098 0.7645 
          67  1 0.4728 0.0079 0.0591 0.0224 0.4208 0.0169 
          68  1 0.0116 0.0186 0.0128 0.0121 0.0077 0.9371 
          69  1 0.0156 0.8228 0.1282 0.0053 0.0168 0.0112 
          70  1 0.0153 0.0520 0.0263 0.0087 0.8803 0.0173 
          71  1 0.0120 0.0465 0.1519 0.2618 0.0470 0.4807 
          72  1 0.5054 0.0099 0.4149 0.0598 0.0060 0.0040 
          73  1 0.1548 0.1011 0.5804 0.0753 0.0293 0.0591 
          74  1 0.0706 0.0054 0.7224 0.0209 0.1750 0.0057 
          75  1 0.0049 0.4982 0.0055 0.4819 0.0053 0.0042 
          76  1 0.0164 0.8756 0.0592 0.0044 0.0212 0.0233 
          77  1 0.0301 0.6956 0.2068 0.0226 0.0366 0.0083 
          78  1 0.4530 0.0186 0.4396 0.0598 0.0228 0.0062 
          79  1 0.0167 0.3322 0.0704 0.0363 0.2108 0.3337 
          80  1 0.0514 0.0523 0.7178 0.0041 0.0153 0.1591 
          81  1 0.4204 0.0290 0.4332 0.0168 0.0167 0.0840 
          82  1 0.3711 0.0274 0.0813 0.0115 0.4997 0.0089 
          83  1 0.3632 0.0732 0.4842 0.0213 0.0477 0.0103 
          84  1 0.3872 0.0139 0.5432 0.0346 0.0110 0.0102 
          85  1 0.0226 0.1215 0.6523 0.1706 0.0204 0.0126 
          86  1 0.7980 0.0064 0.0335 0.1434 0.0073 0.0115 
          87  1 0.0218 0.0133 0.1142 0.0072 0.8356 0.0079 
          88  1 0.3464 0.0118 0.5390 0.0298 0.0201 0.0530 
