           1  1 0.6202 0.0152 0.0223 0.1899 0.0929 0.0595 
           2  1 0.0942 0.0265 0.0140 0.6478 0.0093 0.2081 
           3  1 0.0203 0.1404 0.0087 0.0172 0.0167 0.7967 
           4  1 0.0085 0.0082 0.0056 0.8564 0.1164 0.0049 
           5  1 0.2770 0.0393 0.0651 0.4364 0.0060 0.1762 
           6  1 0.0206 0.0531 0.0662 0.3506 0.0175 0.4919 
           7  1 0.0064 0.0068 0.9690 0.0081 0.0034 0.0064 
           8  1 0.7102 0.0084 0.0088 0.1195 0.1484 0.0046 
           9  1 0.7626 0.0154 0.0219 0.1641 0.0267 0.0092 
          10  1 0.3786 0.0586 0.0940 0.3748 0.0127 0.0812 
          11  1 0.0721 0.0341 0.0176 0.4386 0.4264 0.0112 
          12  1 0.0350 0.0289 0.0118 0.0201 0.8929 0.0114 
          13  1 0.1258 0.7226 0.0125 0.1242 0.0085 0.0064 
          14  1 0.0261 0.0131 0.6847 0.1226 0.1451 0.0086 
          15  1 0.0098 0.0075 0.9601 0.0108 0.0057 0.0060 
          16  1 0.0363 0.0104 0.7618 0.0276 0.0034 0.1604 
          17  1 0.0258 0.0571 0.6025 0.2843 0.0036 0.0267 
          18  1 0.8957 0.0086 0.0309 0.0176 0.0055 0.0418 
          19  1 0.0645 0.0178 0.0206 0.8580 0.0050 0.0341 
          20  1 0.0474 0.0087 0.0454 0.8865 0.0049 0.0071 
          21  1 0.0912 0.0862 0.0845 0.1214 0.5901 0.0266 
          22  1 0.0027 0.0031 0.0027 0.0028 0.9865 0.0022 
          23  1 0.3104 0.0058 0.0074 0.0465 0.6193 0.0107 
          24  1 0.0051 0.0098 0.3392 0.0080 0.6343 0.0036 
          25  1 0.0122 0.0369 0.0155 0.0514 0.8650 0.0191 
          26  1 0.0068 0.6507 0.3175 0.0113 0.0034 0.0103 
          27  1 0.0097 0.0037 0.0559 0.2348 0.6911 0.0048 
          28  1 0.1807 0.0719 0.0049 0.0382 0.6972 0.0071 
          29  1 0.0853 0.0600 0.0264 0.0324 0.7911 0.0048 
          30  1 0.2367 0.0164 0.0241 0.1409 0.5752 0.0067 
          31  1 0.0283 0.0186 0.0346 0.3408 0.5655 0.0122 
          32  1 0.2619 0.6529 0.0148 0.0599 0.0047 0.0059 
          33  1 0.0323 0.0396 0.2070 0.0301 0.6709 0.0201 
          34  1 0.0325 0.6733 0.0940 0.1702 0.0080 0.0219 
          35  1 0.0121 0.0227 0.0212 0.0219 0.9032 0.0189 
          36  1 0.0107 0.0160 0.0696 0.0121 0.0048 0.8868 
          37  1 0.1048 0.0509 0.0144 0.8065 0.0091 0.0143 
          38  1 0.0106 0.0894 0.0554 0.8318 0.0037 0.0091 
          39  1 0.0181 0.0103 0.0070 0.0152 0.9425 0.0070 
          40  1 0.0166 0.0103 0.3558 0.0278 0.5768 0.0127 
          41  1 0.0259 0.0245 0.0418 0.8909 0.0094 0.0075 
          42  1 0.0130 0.0049 0.3321 0.0109 0.6358 0.0032 
          43  1 0.2688 0.0415 0.0166 0.0935 0.5731 0.0065 
          44  1 0.2554 0.0264 0.0255 0.0403 0.6437 0.0087 
          45  1 0.0171 0.0144 0.0171 0.2840 0.6589 0.0085 
          46  1 0.0190 0.0182 0.9052 0.0471 0.0047 0.0058 
          47  1 0.0090 0.8925 0.0154 0.0195 0.0281 0.0355 
          48  1 0.0102 0.0042 0.0048 0.0065 0.9681 0.0062 
          49  1 0.1343 0.0227 0.0839 0.0458 0.0054 0.7079 
          50  1 0.0058 0.0127 0.4186 0.0072 0.0050 0.5506 
          51  1 0.0142 0.0841 0.0568 0.0128 0.0040 0.8280 
          52  1 0.2988 0.0797 0.0278 0.5553 0.0216 0.0169 
          53  1 0.0142 0.1414 0.0321 0.0805 0.0049 0.7269 
          54  1 0.0059 0.0208 0.0050 0.0070 0.0100 0.9514 
          55  1 0.0083 0.0134 0.0047 0.0173 0.0133 0.9430 
          56  1 0.1307 0.0068 0.0063 0.0464 0.0090 0.8010 
          57  1 0.7467 0.0093 0.0061 0.2087 0.0194 0.0099 
          58  1 0.0263 0.0186 0.0206 0.1085 0.0051 0.8209 
          59  1 0.0288 0.0299 0.0583 0.0548 0.8070 0.0212 
          60  1 0.0151 0.0195 0.3623 0.0167 0.5769 0.0095 
          61  1 0.1532 0.0241 0.0172 0.2421 0.5513 0.0121 
          62  1 0.0231 0.0111 0.3881 0.4409 0.0821 0.0547 
          63  1 0.9487 0.0073 0.0112 0.0122 0.0069 0.0137 
          64  1 0.0646 0.0109 0.0196 0.0266 0.0037 0.8746 
          65  1 0.2783 0.0275 0.0144 0.0486 0.0283 0.6029 
          66  1 0.1486 0.0177 0.0095 0.0234 0.0386 0.7622 
          67  1 0.3604 0.0090 0.4594 0.1265 0.0249 0.0198 
          68  1 0.0129 0.0192 0.0075 0.0128 0.0122 0.9354 
          69  1 0.0136 0.8388 0.0183 0.1136 0.0056 0.0102 
          70  1 0.0100 0.0534 0.8826 0.0305 0.0087 0.0148 
          71  1 0.0099 0.0458 0.0438 0.1721 0.2586 0.4698 
          72  1 0.8967 0.0100 0.0059 0.0163 0.0674 0.0037 
          73  1 0.0819 0.0841 0.0248 0.7020 0.0635 0.0436 
          74  1 0.0845 0.0052 0.1865 0.6948 0.0232 0.0057 
          75  1 0.0042 0.4989 0.0054 0.0054 0.4822 0.0039 
          76  1 0.0189 0.8975 0.0197 0.0389 0.0042 0.0209 
          77  1 0.0301 0.7306 0.0347 0.1745 0.0221 0.0080 
          78  1 0.8382 0.0219 0.0234 0.0267 0.0835 0.0062 
          79  1 0.0152 0.3347 0.1982 0.0939 0.0332 0.3248 
          80  1 0.0379 0.0520 0.0164 0.7335 0.0041 0.1561 
          81  1 0.7684 0.0400 0.0164 0.0499 0.0149 0.1105 
          82  1 0.1889 0.0423 0.5626 0.1861 0.0112 0.0090 
          83  1 0.6891 0.1048 0.0637 0.1108 0.0213 0.0103 
          84  1 0.7525 0.0159 0.0107 0.1665 0.0445 0.0099 
          85  1 0.0199 0.1273 0.0220 0.6446 0.1740 0.0121 
          86  1 0.8101 0.0057 0.0065 0.0269 0.1395 0.0114 
          87  1 0.0143 0.0114 0.8540 0.1059 0.0070 0.0075 
          88  1 0.6049 0.0166 0.0247 0.2591 0.0316 0.0631 
