           1  1 0.0097 0.0636 0.0155 0.0406 0.0114 0.0191 0.0512 0.7890 
           2  1 0.0149 0.1247 0.7376 0.0141 0.0083 0.0417 0.0056 0.0531 
           3  1 0.0134 0.0048 0.9485 0.0157 0.0048 0.0053 0.0035 0.0040 
           4  1 0.0066 0.8458 0.0036 0.0042 0.0044 0.0076 0.0921 0.0357 
           5  1 0.0079 0.0081 0.9430 0.0097 0.0079 0.0051 0.0040 0.0144 
           6  1 0.0164 0.0390 0.8701 0.0231 0.0241 0.0062 0.0133 0.0078 
           7  1 0.0058 0.0075 0.0045 0.0058 0.9617 0.0064 0.0028 0.0054 
           8  1 0.0048 0.0434 0.0059 0.0032 0.0058 0.0348 0.0884 0.8137 
           9  1 0.0140 0.0665 0.0115 0.0087 0.0177 0.0970 0.0243 0.7603 
          10  1 0.0400 0.0811 0.1845 0.0600 0.0674 0.0063 0.0083 0.5524 
          11  1 0.0259 0.4147 0.0035 0.0087 0.0103 0.1301 0.3624 0.0445 
          12  1 0.0213 0.0122 0.0092 0.0069 0.0080 0.0059 0.8282 0.1084 
          13  1 0.5814 0.0089 0.3812 0.0032 0.0047 0.0068 0.0061 0.0078 
          14  1 0.0109 0.1315 0.0044 0.0078 0.6632 0.0142 0.1339 0.0341 
          15  1 0.0056 0.0106 0.0057 0.0054 0.9493 0.0123 0.0047 0.0065 
          16  1 0.0081 0.0238 0.0077 0.1500 0.7201 0.0239 0.0027 0.0635 
          17  1 0.0374 0.2833 0.0545 0.0172 0.5516 0.0297 0.0029 0.0234 
          18  1 0.0061 0.0119 0.3262 0.0096 0.0210 0.5970 0.0060 0.0222 
          19  1 0.0117 0.7705 0.0215 0.0196 0.0155 0.0139 0.0041 0.1431 
          20  1 0.0071 0.8147 0.0224 0.0058 0.0372 0.0135 0.0038 0.0956 
          21  1 0.0603 0.1152 0.0164 0.0171 0.0727 0.0983 0.5491 0.0708 
          22  1 0.0027 0.0025 0.0020 0.0018 0.0023 0.0023 0.9835 0.0028 
          23  1 0.0050 0.0259 0.0255 0.0042 0.0061 0.0407 0.5923 0.3004 
          24  1 0.0074 0.0060 0.0061 0.0029 0.3441 0.0044 0.6238 0.0052 
          25  1 0.0336 0.0621 0.0044 0.0281 0.0119 0.0088 0.8345 0.0167 
          26  1 0.6206 0.0097 0.0123 0.0087 0.3304 0.0046 0.0028 0.0110 
          27  1 0.0031 0.2550 0.0037 0.0038 0.0372 0.0072 0.6683 0.0217 
          28  1 0.0358 0.0212 0.0063 0.0053 0.0040 0.2351 0.6657 0.0265 
          29  1 0.0364 0.0221 0.0070 0.0032 0.0177 0.1876 0.7111 0.0149 
          30  1 0.0076 0.0315 0.0064 0.0046 0.0097 0.0206 0.4749 0.4447 
          31  1 0.0150 0.3470 0.0070 0.0086 0.0280 0.0224 0.5333 0.0387 
          32  1 0.5596 0.0190 0.0059 0.0042 0.0085 0.3755 0.0033 0.0240 
          33  1 0.0329 0.0255 0.0059 0.0234 0.1931 0.0606 0.6445 0.0142 
          34  1 0.5961 0.2075 0.0064 0.0231 0.0709 0.0631 0.0062 0.0268 
          35  1 0.0208 0.0307 0.0071 0.0252 0.0192 0.0130 0.8712 0.0128 
          36  1 0.0098 0.0062 0.3723 0.5777 0.0216 0.0043 0.0039 0.0043 
          37  1 0.0376 0.5055 0.2410 0.0076 0.0132 0.0485 0.0088 0.1378 
          38  1 0.0589 0.8074 0.0103 0.0082 0.0429 0.0101 0.0032 0.0590 
          39  1 0.0081 0.0175 0.0116 0.0054 0.0067 0.0494 0.8870 0.0143 
          40  1 0.0074 0.0256 0.0172 0.0087 0.3382 0.0070 0.5329 0.0630 
          41  1 0.0186 0.7981 0.0336 0.0059 0.0378 0.0180 0.0076 0.0804 
          42  1 0.0040 0.0092 0.0184 0.0024 0.3215 0.0091 0.6281 0.0074 
          43  1 0.0249 0.0599 0.0177 0.0060 0.0188 0.2908 0.5549 0.0270 
          44  1 0.0097 0.0191 0.0077 0.0051 0.0105 0.0215 0.5049 0.4216 
          45  1 0.0111 0.2898 0.0060 0.0076 0.0128 0.0174 0.6355 0.0198 
          46  1 0.0185 0.0403 0.0045 0.0048 0.8843 0.0292 0.0038 0.0146 
          47  1 0.8522 0.0235 0.0304 0.0222 0.0153 0.0095 0.0337 0.0130 
          48  1 0.0031 0.0048 0.0337 0.0034 0.0040 0.0057 0.9345 0.0107 
          49  1 0.0179 0.0255 0.0253 0.6575 0.0483 0.0257 0.0050 0.1947 
          50  1 0.0141 0.0066 0.0124 0.5141 0.4373 0.0060 0.0040 0.0054 
          51  1 0.1240 0.0144 0.1056 0.6700 0.0565 0.0179 0.0033 0.0083 
          52  1 0.0400 0.2812 0.0102 0.0169 0.0232 0.5675 0.0189 0.0422 
          53  1 0.1506 0.0725 0.0602 0.6605 0.0266 0.0053 0.0037 0.0205 
          54  1 0.0068 0.0050 0.4145 0.5569 0.0039 0.0035 0.0051 0.0044 
          55  1 0.0262 0.0374 0.0200 0.8731 0.0049 0.0118 0.0139 0.0128 
          56  1 0.0054 0.0292 0.0080 0.7498 0.0043 0.0300 0.0063 0.1671 
          57  1 0.0047 0.0409 0.4148 0.0052 0.0043 0.0398 0.0129 0.4776 
          58  1 0.0139 0.1092 0.0137 0.7539 0.0136 0.0071 0.0035 0.0851 
          59  1 0.0189 0.0636 0.0182 0.0143 0.0490 0.0301 0.7012 0.1046 
          60  1 0.0152 0.0153 0.0081 0.0082 0.3671 0.0155 0.5387 0.0318 
          61  1 0.0193 0.1896 0.0188 0.0100 0.0126 0.0589 0.5075 0.1833 
          62  1 0.0093 0.4492 0.0193 0.0215 0.3715 0.0104 0.0645 0.0543 
          63  1 0.0050 0.0095 0.2781 0.0065 0.0091 0.6580 0.0067 0.0271 
          64  1 0.0103 0.0234 0.0121 0.7752 0.0129 0.0277 0.0032 0.1352 
          65  1 0.0256 0.0684 0.0085 0.6161 0.0136 0.1462 0.0222 0.0995 
          66  1 0.0094 0.0161 0.0070 0.7096 0.0062 0.1766 0.0221 0.0531 
          67  1 0.0056 0.0160 0.2689 0.0070 0.3569 0.0076 0.0114 0.3267 
          68  1 0.0290 0.0190 0.0442 0.8172 0.0108 0.0558 0.0145 0.0095 
          69  1 0.7909 0.1367 0.0113 0.0068 0.0144 0.0182 0.0046 0.0172 
          70  1 0.0388 0.0272 0.0774 0.0074 0.8266 0.0074 0.0075 0.0078 
          71  1 0.0323 0.2532 0.0643 0.3442 0.0399 0.0115 0.2357 0.0188 
          72  1 0.0079 0.0194 0.0068 0.0028 0.0048 0.7403 0.0671 0.1510 
          73  1 0.0595 0.6539 0.0205 0.0433 0.0166 0.0301 0.0548 0.1213 
          74  1 0.0040 0.6335 0.0086 0.0049 0.1891 0.0164 0.0152 0.1284 
          75  1 0.4924 0.0046 0.0054 0.0033 0.0042 0.0034 0.4828 0.0038 
          76  1 0.8510 0.0493 0.0357 0.0085 0.0190 0.0215 0.0036 0.0113 
          77  1 0.6956 0.1686 0.0096 0.0070 0.0379 0.0149 0.0228 0.0436 
          78  1 0.0125 0.0144 0.0073 0.0052 0.0175 0.8752 0.0572 0.0107 
          79  1 0.3055 0.1146 0.0709 0.2473 0.1861 0.0093 0.0356 0.0307 
          80  1 0.0409 0.7433 0.0291 0.0922 0.0123 0.0237 0.0032 0.0553 
          81  1 0.0160 0.0253 0.2023 0.0132 0.0156 0.6887 0.0104 0.0287 
          82  1 0.0116 0.0132 0.5359 0.0041 0.4098 0.0065 0.0088 0.0101 
          83  1 0.0642 0.0367 0.0220 0.0081 0.0726 0.7622 0.0203 0.0139 
          84  1 0.0093 0.1280 0.0105 0.0120 0.0107 0.7740 0.0291 0.0264 
          85  1 0.1026 0.6385 0.0168 0.0076 0.0156 0.0109 0.1625 0.0456 
          86  1 0.0040 0.0305 0.0938 0.0068 0.0055 0.3708 0.1056 0.3830 
          87  1 0.0110 0.1262 0.0080 0.0054 0.7951 0.0063 0.0051 0.0429 
          88  1 0.0107 0.1065 0.2343 0.0345 0.0159 0.5257 0.0294 0.0429 
