           1  1 0.7910 0.0511 0.1193 0.0235 0.0150 
           2  1 0.6672 0.2531 0.0116 0.0147 0.0535 
           3  1 0.0197 0.8432 0.0171 0.0088 0.1112 
           4  1 0.7566 0.0067 0.2086 0.0088 0.0193 
           5  1 0.6735 0.1945 0.0068 0.0674 0.0578 
           6  1 0.1731 0.5666 0.0294 0.1246 0.1062 
           7  1 0.0070 0.0070 0.0039 0.9739 0.0082 
           8  1 0.7935 0.0049 0.1832 0.0101 0.0083 
           9  1 0.9231 0.0093 0.0310 0.0185 0.0182 
          10  1 0.7786 0.0743 0.0150 0.0693 0.0628 
          11  1 0.3855 0.0158 0.5122 0.0293 0.0571 
          12  1 0.0236 0.0134 0.9198 0.0122 0.0310 
          13  1 0.1458 0.0074 0.0097 0.0139 0.8233 
          14  1 0.0605 0.0093 0.1734 0.7424 0.0144 
          15  1 0.0114 0.0070 0.0064 0.9657 0.0095 
          16  1 0.0251 0.1721 0.0037 0.7875 0.0116 
          17  1 0.0910 0.0332 0.0040 0.7075 0.1644 
          18  1 0.8714 0.0616 0.0069 0.0459 0.0142 
          19  1 0.8797 0.0546 0.0057 0.0329 0.0271 
          20  1 0.8287 0.0088 0.0052 0.1234 0.0339 
          21  1 0.1524 0.0334 0.6192 0.0821 0.1130 
          22  1 0.0030 0.0024 0.9886 0.0028 0.0031 
          23  1 0.3045 0.0143 0.6630 0.0082 0.0101 
          24  1 0.0069 0.0043 0.6471 0.3299 0.0118 
          25  1 0.0311 0.0184 0.8966 0.0147 0.0392 
          26  1 0.0094 0.0120 0.0036 0.2782 0.6968 
          27  1 0.1063 0.0055 0.7435 0.1396 0.0050 
          28  1 0.0859 0.0087 0.7483 0.0054 0.1517 
          29  1 0.0518 0.0059 0.8531 0.0226 0.0666 
          30  1 0.3257 0.0082 0.6136 0.0287 0.0238 
          31  1 0.2948 0.0182 0.5965 0.0517 0.0389 
          32  1 0.1550 0.0081 0.0059 0.0185 0.8126 
          33  1 0.0398 0.0232 0.6995 0.1899 0.0476 
          34  1 0.0508 0.0251 0.0099 0.0960 0.8182 
          35  1 0.0131 0.0176 0.9338 0.0162 0.0193 
          36  1 0.0103 0.9128 0.0049 0.0553 0.0167 
          37  1 0.8388 0.0192 0.0113 0.0187 0.1120 
          38  1 0.5060 0.0126 0.0044 0.1820 0.2951 
          39  1 0.0150 0.0076 0.9597 0.0066 0.0112 
          40  1 0.0300 0.0148 0.5957 0.3454 0.0141 
          41  1 0.8532 0.0098 0.0119 0.0674 0.0576 
          42  1 0.0155 0.0036 0.6460 0.3287 0.0062 
          43  1 0.2831 0.0072 0.5966 0.0209 0.0922 
          44  1 0.1687 0.0136 0.7089 0.0428 0.0660 
          45  1 0.2432 0.0116 0.6901 0.0299 0.0252 
          46  1 0.0303 0.0063 0.0053 0.9395 0.0185 
          47  1 0.0116 0.0283 0.0253 0.0122 0.9227 
          48  1 0.0071 0.0060 0.9774 0.0048 0.0047 
          49  1 0.0923 0.7519 0.0065 0.1187 0.0306 
          50  1 0.0071 0.5535 0.0055 0.4205 0.0133 
          51  1 0.0152 0.8594 0.0046 0.0503 0.0705 
          52  1 0.7246 0.0191 0.0262 0.0279 0.2021 
          53  1 0.0435 0.7493 0.0053 0.0362 0.1658 
          54  1 0.0064 0.9607 0.0104 0.0049 0.0176 
          55  1 0.0134 0.9528 0.0145 0.0053 0.0140 
          56  1 0.1132 0.8571 0.0118 0.0075 0.0104 
          57  1 0.9555 0.0097 0.0190 0.0064 0.0094 
          58  1 0.0696 0.8607 0.0065 0.0274 0.0358 
          59  1 0.0431 0.0243 0.8447 0.0465 0.0414 
          60  1 0.0182 0.0110 0.6075 0.3421 0.0212 
          61  1 0.3809 0.0127 0.5600 0.0167 0.0296 
          62  1 0.2416 0.0930 0.1156 0.5340 0.0157 
          63  1 0.9400 0.0190 0.0096 0.0214 0.0100 
          64  1 0.0371 0.9215 0.0041 0.0242 0.0132 
          65  1 0.2286 0.6452 0.0410 0.0265 0.0587 
          66  1 0.0566 0.8336 0.0609 0.0124 0.0365 
          67  1 0.4639 0.0223 0.0356 0.4657 0.0126 
          68  1 0.0117 0.9487 0.0116 0.0081 0.0199 
          69  1 0.0452 0.0114 0.0058 0.0176 0.9200 
          70  1 0.0207 0.0179 0.0108 0.8838 0.0668 
          71  1 0.0620 0.5209 0.2978 0.0521 0.0672 
          72  1 0.9248 0.0042 0.0531 0.0060 0.0118 
          73  1 0.6223 0.0745 0.1089 0.0268 0.1674 
          74  1 0.6909 0.0062 0.0281 0.2674 0.0074 
          75  1 0.0056 0.0047 0.4872 0.0057 0.4969 
          76  1 0.0191 0.0248 0.0046 0.0178 0.9337 
          77  1 0.0807 0.0094 0.0277 0.0435 0.8387 
          78  1 0.8837 0.0071 0.0607 0.0273 0.0212 
          79  1 0.0457 0.3477 0.0379 0.1795 0.3891 
          80  1 0.6542 0.2088 0.0047 0.0277 0.1046 
          81  1 0.8671 0.0763 0.0176 0.0152 0.0238 
          82  1 0.3058 0.0122 0.0124 0.5933 0.0763 
          83  1 0.8593 0.0099 0.0245 0.0364 0.0700 
          84  1 0.9203 0.0106 0.0398 0.0124 0.0169 
          85  1 0.5313 0.0159 0.1888 0.0405 0.2236 
          86  1 0.8499 0.0110 0.1227 0.0078 0.0086 
          87  1 0.0468 0.0081 0.0089 0.9217 0.0145 
          88  1 0.8880 0.0486 0.0324 0.0181 0.0129 
