           1  1 0.7829 0.0086 0.0401 0.0443 0.0156 0.0105 0.0332 0.0106 0.0076 0.0465 
           2  1 0.0336 0.0916 0.0109 0.0452 0.0247 0.6917 0.0037 0.0070 0.0089 0.0826 
           3  1 0.0032 0.0032 0.0110 0.0035 0.0046 0.9515 0.0028 0.0043 0.0117 0.0043 
           4  1 0.0265 0.0071 0.0031 0.4207 0.0063 0.0030 0.0266 0.0029 0.0042 0.4996 
           5  1 0.0112 0.0047 0.0089 0.0046 0.0047 0.9415 0.0034 0.0074 0.0057 0.0079 
           6  1 0.0067 0.0209 0.0169 0.0245 0.0044 0.8498 0.0091 0.0192 0.0130 0.0356 
           7  1 0.0049 0.0283 0.0052 0.0057 0.0056 0.0036 0.0021 0.9327 0.0045 0.0073 
           8  1 0.7950 0.0223 0.0025 0.0295 0.0244 0.0039 0.0797 0.0047 0.0038 0.0343 
           9  1 0.7458 0.0195 0.0068 0.0370 0.0667 0.0076 0.0206 0.0145 0.0101 0.0715 
          10  1 0.5641 0.0056 0.0525 0.0426 0.0052 0.1238 0.0057 0.0924 0.0319 0.0762 
          11  1 0.0233 0.0052 0.0072 0.4010 0.0579 0.0026 0.2673 0.0071 0.0188 0.2096 
          12  1 0.1284 0.0049 0.0059 0.0076 0.0042 0.0071 0.8077 0.0066 0.0162 0.0114 
          13  1 0.0061 0.0083 0.0026 0.0087 0.0061 0.3940 0.0051 0.0039 0.5577 0.0073 
          14  1 0.0322 0.0088 0.0067 0.0750 0.0100 0.0040 0.0885 0.6087 0.0084 0.1577 
          15  1 0.0052 0.0267 0.0047 0.0067 0.0102 0.0046 0.0037 0.9252 0.0048 0.0082 
          16  1 0.0688 0.0251 0.1493 0.0110 0.0171 0.0064 0.0020 0.6845 0.0069 0.0289 
          17  1 0.0053 0.5643 0.0106 0.0086 0.0061 0.0284 0.0020 0.3515 0.0093 0.0139 
          18  1 0.0225 0.0226 0.0073 0.0079 0.5542 0.3487 0.0048 0.0154 0.0053 0.0114 
          19  1 0.1129 0.0602 0.0176 0.1227 0.0108 0.0211 0.0031 0.0117 0.0085 0.6314 
          20  1 0.0404 0.8718 0.0048 0.0118 0.0078 0.0204 0.0032 0.0182 0.0041 0.0174 
          21  1 0.0385 0.0158 0.0152 0.0449 0.0884 0.0150 0.5224 0.0797 0.0521 0.1282 
          22  1 0.0022 0.0018 0.0015 0.0026 0.0019 0.0016 0.9818 0.0020 0.0025 0.0021 
          23  1 0.3139 0.0080 0.0034 0.0311 0.0215 0.0203 0.5622 0.0056 0.0037 0.0301 
          24  1 0.0042 0.0040 0.0024 0.0049 0.0031 0.0048 0.6002 0.3650 0.0055 0.0059 
          25  1 0.0097 0.0159 0.0118 0.2499 0.0052 0.0029 0.6647 0.0046 0.0126 0.0227 
          26  1 0.0111 0.0157 0.0072 0.0061 0.0038 0.0108 0.0021 0.3292 0.6049 0.0091 
          27  1 0.0138 0.0046 0.0032 0.0705 0.0063 0.0030 0.6310 0.0189 0.0025 0.2463 
          28  1 0.0314 0.0789 0.0046 0.0172 0.1490 0.0054 0.6416 0.0037 0.0430 0.0252 
          29  1 0.0139 0.0099 0.0026 0.2007 0.1158 0.0056 0.5907 0.0148 0.0266 0.0193 
          30  1 0.4031 0.0673 0.0042 0.0233 0.0098 0.0047 0.4444 0.0086 0.0059 0.0287 
          31  1 0.0237 0.0257 0.0070 0.0827 0.0201 0.0053 0.4948 0.0218 0.0084 0.3104 
          32  1 0.0167 0.1058 0.0037 0.0103 0.2844 0.0051 0.0027 0.0082 0.5434 0.0198 
          33  1 0.0112 0.0149 0.0211 0.0267 0.0519 0.0056 0.5957 0.2213 0.0253 0.0262 
          34  1 0.0097 0.3362 0.0119 0.0347 0.0179 0.0045 0.0037 0.0247 0.5101 0.0466 
          35  1 0.0080 0.0050 0.0111 0.2548 0.0069 0.0041 0.6770 0.0105 0.0083 0.0143 
          36  1 0.0037 0.0035 0.5802 0.0042 0.0037 0.3623 0.0032 0.0245 0.0094 0.0054 
          37  1 0.0862 0.2401 0.0056 0.0939 0.0263 0.1968 0.0055 0.0096 0.0248 0.3111 
          38  1 0.0041 0.9365 0.0047 0.0058 0.0044 0.0072 0.0031 0.0111 0.0146 0.0084 
          39  1 0.0117 0.0135 0.0042 0.1477 0.0364 0.0094 0.7540 0.0056 0.0053 0.0123 
          40  1 0.0526 0.0120 0.0073 0.0287 0.0058 0.0139 0.4961 0.3451 0.0063 0.0322 
          41  1 0.0480 0.3677 0.0048 0.1075 0.0136 0.0358 0.0068 0.0260 0.0153 0.3745 
          42  1 0.0059 0.0066 0.0019 0.0065 0.0070 0.0121 0.6045 0.3452 0.0029 0.0074 
          43  1 0.0130 0.1939 0.0046 0.0118 0.1836 0.0109 0.5395 0.0114 0.0126 0.0187 
          44  1 0.4330 0.0119 0.0040 0.0097 0.0156 0.0065 0.4908 0.0085 0.0069 0.0130 
          45  1 0.0158 0.0076 0.0061 0.0692 0.0126 0.0045 0.6036 0.0092 0.0087 0.2628 
          46  1 0.0106 0.0074 0.0044 0.0207 0.0298 0.0038 0.0030 0.8603 0.0163 0.0437 
          47  1 0.0123 0.0440 0.0207 0.0239 0.0085 0.0280 0.0296 0.0141 0.7935 0.0254 
          48  1 0.0139 0.0045 0.0036 0.0072 0.0064 0.0520 0.9009 0.0035 0.0028 0.0054 
          49  1 0.1846 0.0127 0.6588 0.0140 0.0211 0.0224 0.0040 0.0418 0.0144 0.0262 
          50  1 0.0042 0.0053 0.5227 0.0044 0.0047 0.0085 0.0033 0.4288 0.0122 0.0060 
          51  1 0.0063 0.0068 0.6715 0.0075 0.0208 0.0819 0.0025 0.0630 0.1271 0.0125 
          52  1 0.0190 0.4341 0.0118 0.0377 0.3458 0.0071 0.0130 0.0173 0.0216 0.0926 
          53  1 0.0152 0.0575 0.6552 0.0257 0.0043 0.0414 0.0027 0.0222 0.1130 0.0628 
          54  1 0.0035 0.0033 0.5509 0.0054 0.0027 0.4186 0.0036 0.0030 0.0052 0.0039 
          55  1 0.0081 0.0582 0.8446 0.0208 0.0071 0.0125 0.0093 0.0036 0.0172 0.0185 
          56  1 0.1617 0.0127 0.7487 0.0131 0.0188 0.0068 0.0047 0.0035 0.0040 0.0260 
          57  1 0.4536 0.0377 0.0043 0.0229 0.0244 0.4137 0.0103 0.0033 0.0033 0.0266 
          58  1 0.0614 0.0472 0.7414 0.0305 0.0050 0.0115 0.0029 0.0080 0.0090 0.0830 
          59  1 0.0593 0.0790 0.0090 0.1825 0.0186 0.0117 0.5615 0.0330 0.0105 0.0348 
          60  1 0.0225 0.0152 0.0064 0.0300 0.0124 0.0060 0.4844 0.3965 0.0129 0.0138 
          61  1 0.1056 0.1965 0.0060 0.0495 0.0361 0.0096 0.4839 0.0090 0.0110 0.0927 
          62  1 0.0531 0.0058 0.0153 0.1208 0.0083 0.0141 0.0430 0.3047 0.0074 0.4275 
          63  1 0.0300 0.0155 0.0052 0.0078 0.6309 0.2855 0.0052 0.0074 0.0039 0.0086 
          64  1 0.1270 0.0130 0.7682 0.0129 0.0238 0.0101 0.0024 0.0105 0.0080 0.0243 
          65  1 0.0746 0.0201 0.6149 0.0316 0.1274 0.0071 0.0234 0.0117 0.0209 0.0684 
          66  1 0.0416 0.0728 0.7090 0.0110 0.1114 0.0062 0.0221 0.0053 0.0075 0.0131 
          67  1 0.3499 0.0079 0.0059 0.0160 0.0058 0.2050 0.0080 0.3847 0.0041 0.0130 
          68  1 0.0073 0.0321 0.8178 0.0109 0.0361 0.0315 0.0118 0.0087 0.0244 0.0194 
          69  1 0.0110 0.0214 0.0051 0.0436 0.0120 0.0082 0.0037 0.0104 0.7343 0.1503 
          70  1 0.0071 0.0111 0.0060 0.0448 0.0056 0.0621 0.0048 0.8133 0.0231 0.0221 
          71  1 0.0266 0.0145 0.2402 0.4366 0.0057 0.0628 0.0829 0.0161 0.0133 0.1013 
          72  1 0.1407 0.0094 0.0024 0.0123 0.7326 0.0058 0.0668 0.0041 0.0067 0.0190 
          73  1 0.1129 0.1107 0.0448 0.3309 0.0169 0.0179 0.0253 0.0126 0.0322 0.2959 
          74  1 0.0986 0.0285 0.0042 0.1707 0.0100 0.0067 0.0112 0.1698 0.0029 0.4973 
          75  1 0.0033 0.0028 0.0027 0.0039 0.0028 0.0044 0.4751 0.0038 0.4973 0.0039 
          76  1 0.0097 0.0088 0.0076 0.0291 0.0197 0.0294 0.0026 0.0166 0.8208 0.0558 
          77  1 0.0331 0.0451 0.0054 0.0808 0.0134 0.0069 0.0126 0.0210 0.6186 0.1631 
          78  1 0.0089 0.0052 0.0040 0.1299 0.7811 0.0052 0.0319 0.0121 0.0098 0.0121 
          79  1 0.0259 0.0167 0.2361 0.1461 0.0084 0.0546 0.0164 0.1542 0.2485 0.0931 
          80  1 0.0314 0.0257 0.0754 0.1464 0.0169 0.0222 0.0024 0.0093 0.0318 0.6386 
          81  1 0.0242 0.0150 0.0114 0.0130 0.6565 0.2087 0.0087 0.0143 0.0152 0.0331 
          82  1 0.0078 0.0065 0.0033 0.0079 0.0049 0.5150 0.0065 0.4273 0.0096 0.0112 
          83  1 0.0078 0.0161 0.0079 0.0212 0.7313 0.0174 0.0168 0.0785 0.0574 0.0455 
          84  1 0.0145 0.1427 0.0091 0.0251 0.6865 0.0077 0.0311 0.0068 0.0060 0.0704 
          85  1 0.0430 0.0089 0.0060 0.1836 0.0092 0.0128 0.1454 0.0115 0.0641 0.5156 
          86  1 0.4126 0.0191 0.0054 0.0246 0.3255 0.0752 0.0991 0.0045 0.0028 0.0313 
          87  1 0.0352 0.0288 0.0044 0.0570 0.0052 0.0059 0.0033 0.7334 0.0077 0.1191 
          88  1 0.0245 0.0157 0.0260 0.0452 0.5043 0.1986 0.0238 0.0142 0.0080 0.1396 
