           1  1 0.0731 0.7149 0.2120 
           2  1 0.2482 0.7366 0.0152 
           3  1 0.9506 0.0272 0.0222 
           4  1 0.0060 0.8569 0.1371 
           5  1 0.2042 0.7875 0.0083 
           6  1 0.5738 0.4023 0.0239 
           7  1 0.0152 0.9786 0.0062 
           8  1 0.0061 0.6549 0.3390 
           9  1 0.0100 0.9246 0.0654 
          10  1 0.0711 0.9039 0.0250 
          11  1 0.0145 0.4102 0.5753 
          12  1 0.0105 0.0146 0.9749 
          13  1 0.0110 0.9671 0.0219 
          14  1 0.0144 0.9178 0.0678 
          15  1 0.0141 0.9771 0.0087 
          16  1 0.1346 0.8598 0.0056 
          17  1 0.0300 0.9651 0.0049 
          18  1 0.0795 0.9091 0.0114 
          19  1 0.0436 0.9491 0.0073 
          20  1 0.0101 0.9828 0.0071 
          21  1 0.0512 0.1971 0.7517 
          22  1 0.0027 0.0033 0.9940 
          23  1 0.0326 0.1487 0.8188 
          24  1 0.0074 0.1535 0.8391 
          25  1 0.0145 0.0278 0.9576 
          26  1 0.0320 0.9619 0.0061 
          27  1 0.0061 0.2824 0.7115 
          28  1 0.0177 0.1203 0.8621 
          29  1 0.0067 0.0281 0.9652 
          30  1 0.0130 0.1722 0.8148 
          31  1 0.0206 0.3443 0.6351 
          32  1 0.0166 0.9752 0.0082 
          33  1 0.0504 0.0797 0.8699 
          34  1 0.0327 0.9559 0.0114 
          35  1 0.0128 0.0115 0.9757 
          36  1 0.9814 0.0127 0.0059 
          37  1 0.0219 0.9647 0.0134 
          38  1 0.0141 0.9808 0.0051 
          39  1 0.0065 0.0078 0.9857 
          40  1 0.0275 0.3111 0.6614 
          41  1 0.0110 0.9744 0.0146 
          42  1 0.0066 0.1361 0.8573 
          43  1 0.0088 0.3171 0.6741 
          44  1 0.0166 0.1142 0.8692 
          45  1 0.0122 0.2598 0.7280 
          46  1 0.0096 0.9831 0.0073 
          47  1 0.0537 0.9185 0.0279 
          48  1 0.0057 0.0051 0.9892 
          49  1 0.8590 0.1324 0.0087 
          50  1 0.7170 0.2726 0.0105 
          51  1 0.9743 0.0193 0.0063 
          52  1 0.0181 0.9528 0.0291 
          53  1 0.8388 0.1541 0.0071 
          54  1 0.9832 0.0072 0.0096 
          55  1 0.9742 0.0124 0.0135 
          56  1 0.9253 0.0551 0.0197 
          57  1 0.0145 0.9340 0.0515 
          58  1 0.9110 0.0800 0.0090 
          59  1 0.0198 0.0213 0.9589 
          60  1 0.0289 0.1188 0.8523 
          61  1 0.0283 0.2835 0.6883 
          62  1 0.0378 0.8922 0.0699 
          63  1 0.0263 0.9581 0.0156 
          64  1 0.9677 0.0277 0.0046 
          65  1 0.7074 0.2344 0.0581 
          66  1 0.8980 0.0294 0.0726 
          67  1 0.0297 0.9317 0.0386 
          68  1 0.9756 0.0114 0.0130 
          69  1 0.0209 0.9694 0.0097 
          70  1 0.0198 0.9653 0.0149 
          71  1 0.5430 0.1398 0.3172 
          72  1 0.0051 0.8924 0.1025 
          73  1 0.0833 0.7598 0.1569 
          74  1 0.0078 0.9608 0.0314 
          75  1 0.0168 0.3641 0.6191 
          76  1 0.0486 0.9442 0.0072 
          77  1 0.0089 0.9568 0.0343 
          78  1 0.0081 0.9098 0.0820 
          79  1 0.3777 0.5714 0.0509 
          80  1 0.2143 0.7801 0.0055 
          81  1 0.0784 0.8890 0.0327 
          82  1 0.0125 0.9748 0.0127 
          83  1 0.0113 0.9478 0.0409 
          84  1 0.0130 0.9216 0.0654 
          85  1 0.0151 0.7590 0.2259 
          86  1 0.0167 0.7601 0.2233 
          87  1 0.0156 0.9759 0.0084 
          88  1 0.0694 0.8814 0.0492 
