           1  1 0.1133 0.0141 0.0217 0.0482 0.8026 
           2  1 0.0123 0.0564 0.0157 0.2595 0.6561 
           3  1 0.0174 0.1117 0.0086 0.8425 0.0198 
           4  1 0.2197 0.0226 0.0101 0.0066 0.7410 
           5  1 0.0070 0.0565 0.0714 0.2013 0.6638 
           6  1 0.0290 0.1077 0.1330 0.5657 0.1646 
           7  1 0.0038 0.0089 0.9733 0.0070 0.0071 
           8  1 0.1797 0.0088 0.0106 0.0050 0.7960 
           9  1 0.0289 0.0167 0.0176 0.0092 0.9276 
          10  1 0.0156 0.0607 0.0660 0.0767 0.7809 
          11  1 0.5175 0.0610 0.0279 0.0169 0.3767 
          12  1 0.9196 0.0301 0.0127 0.0132 0.0244 
          13  1 0.0097 0.8307 0.0126 0.0069 0.1401 
          14  1 0.1752 0.0147 0.7545 0.0092 0.0464 
          15  1 0.0066 0.0087 0.9662 0.0071 0.0114 
          16  1 0.0036 0.0119 0.7830 0.1780 0.0234 
          17  1 0.0039 0.1703 0.7227 0.0307 0.0723 
          18  1 0.0066 0.0136 0.0420 0.0593 0.8785 
          19  1 0.0061 0.0313 0.0339 0.0587 0.8700 
          20  1 0.0055 0.0493 0.1498 0.0093 0.7861 
          21  1 0.6180 0.1219 0.0847 0.0333 0.1421 
          22  1 0.9885 0.0032 0.0028 0.0024 0.0030 
          23  1 0.6595 0.0095 0.0086 0.0139 0.3085 
          24  1 0.6473 0.0125 0.3289 0.0043 0.0069 
          25  1 0.8966 0.0396 0.0161 0.0184 0.0293 
          26  1 0.0037 0.6993 0.2762 0.0112 0.0096 
          27  1 0.7525 0.0052 0.1580 0.0058 0.0785 
          28  1 0.7486 0.1495 0.0057 0.0092 0.0870 
          29  1 0.8547 0.0630 0.0239 0.0059 0.0526 
          30  1 0.6111 0.0246 0.0291 0.0083 0.3270 
          31  1 0.5954 0.0480 0.0603 0.0185 0.2777 
          32  1 0.0058 0.8153 0.0169 0.0076 0.1545 
          33  1 0.6974 0.0487 0.1825 0.0245 0.0469 
          34  1 0.0094 0.8193 0.1007 0.0245 0.0462 
          35  1 0.9336 0.0187 0.0166 0.0178 0.0132 
          36  1 0.0050 0.0159 0.0517 0.9173 0.0102 
          37  1 0.0102 0.1168 0.0166 0.0182 0.8381 
          38  1 0.0046 0.3405 0.2251 0.0134 0.4164 
          39  1 0.9601 0.0105 0.0067 0.0078 0.0148 
          40  1 0.5925 0.0143 0.3502 0.0144 0.0286 
          41  1 0.0114 0.0656 0.0679 0.0102 0.8449 
          42  1 0.6464 0.0058 0.3284 0.0037 0.0156 
          43  1 0.5957 0.1077 0.0197 0.0069 0.2700 
          44  1 0.7027 0.0627 0.0420 0.0126 0.1800 
          45  1 0.6942 0.0273 0.0279 0.0111 0.2395 
          46  1 0.0053 0.0188 0.9397 0.0067 0.0294 
          47  1 0.0227 0.9246 0.0121 0.0293 0.0113 
          48  1 0.9768 0.0048 0.0049 0.0064 0.0072 
          49  1 0.0066 0.0307 0.1023 0.7548 0.1055 
          50  1 0.0055 0.0137 0.4185 0.5550 0.0073 
          51  1 0.0046 0.0660 0.0485 0.8656 0.0153 
          52  1 0.0267 0.2304 0.0293 0.0193 0.6944 
          53  1 0.0054 0.1761 0.0333 0.7470 0.0382 
          54  1 0.0108 0.0173 0.0052 0.9596 0.0071 
          55  1 0.0139 0.0155 0.0059 0.9505 0.0142 
          56  1 0.0124 0.0102 0.0075 0.8585 0.1115 
          57  1 0.0209 0.0106 0.0067 0.0096 0.9522 
          58  1 0.0066 0.0394 0.0275 0.8605 0.0660 
          59  1 0.8416 0.0403 0.0477 0.0250 0.0454 
          60  1 0.6093 0.0212 0.3405 0.0109 0.0181 
          61  1 0.5549 0.0271 0.0141 0.0120 0.3918 
          62  1 0.1132 0.0181 0.5447 0.0911 0.2328 
          63  1 0.0094 0.0105 0.0196 0.0189 0.9417 
          64  1 0.0039 0.0124 0.0244 0.9193 0.0400 
          65  1 0.0406 0.0603 0.0265 0.6445 0.2281 
          66  1 0.0621 0.0372 0.0128 0.8317 0.0563 
          67  1 0.0332 0.0123 0.4490 0.0232 0.4823 
          68  1 0.0120 0.0202 0.0080 0.9478 0.0120 
          69  1 0.0056 0.9271 0.0175 0.0120 0.0378 
          70  1 0.0100 0.0718 0.8794 0.0178 0.0212 
          71  1 0.2988 0.0730 0.0534 0.5191 0.0558 
          72  1 0.0515 0.0119 0.0065 0.0042 0.9259 
          73  1 0.1150 0.1825 0.0301 0.0808 0.5915 
          74  1 0.0345 0.0077 0.2825 0.0067 0.6686 
          75  1 0.4857 0.4981 0.0059 0.0048 0.0056 
          76  1 0.0046 0.9359 0.0159 0.0239 0.0196 
          77  1 0.0283 0.8517 0.0468 0.0093 0.0640 
          78  1 0.0619 0.0206 0.0258 0.0071 0.8846 
          79  1 0.0408 0.3891 0.1804 0.3420 0.0477 
          80  1 0.0046 0.1106 0.0280 0.2098 0.6470 
          81  1 0.0179 0.0241 0.0159 0.0797 0.8624 
          82  1 0.0119 0.0737 0.5768 0.0111 0.3265 
          83  1 0.0248 0.0738 0.0379 0.0104 0.8531 
          84  1 0.0357 0.0186 0.0124 0.0116 0.9216 
          85  1 0.1901 0.2506 0.0415 0.0157 0.5021 
          86  1 0.1288 0.0089 0.0075 0.0114 0.8433 
          87  1 0.0092 0.0163 0.9326 0.0080 0.0338 
          88  1 0.0315 0.0134 0.0178 0.0505 0.8868 
