           1  1 0.0519 0.4876 0.0167 0.1162 0.0889 0.0147 0.2239 
           2  1 0.8104 0.0493 0.0100 0.0068 0.0173 0.0163 0.0900 
           3  1 0.9439 0.0057 0.0053 0.0039 0.0200 0.0155 0.0056 
           4  1 0.0045 0.0072 0.0048 0.0970 0.0045 0.0076 0.8744 
           5  1 0.9566 0.0069 0.0073 0.0039 0.0096 0.0069 0.0088 
           6  1 0.8805 0.0055 0.0198 0.0116 0.0247 0.0178 0.0401 
           7  1 0.0061 0.0064 0.9635 0.0031 0.0066 0.0060 0.0082 
           8  1 0.0090 0.6927 0.0080 0.1485 0.0043 0.0073 0.1302 
           9  1 0.0178 0.6899 0.0252 0.0313 0.0085 0.0142 0.2131 
          10  1 0.2471 0.2034 0.0580 0.0138 0.0535 0.0431 0.3812 
          11  1 0.0038 0.1031 0.0129 0.3879 0.0100 0.0303 0.4520 
          12  1 0.0126 0.0309 0.0107 0.8877 0.0109 0.0276 0.0196 
          13  1 0.3841 0.0084 0.0051 0.0071 0.0038 0.5823 0.0093 
          14  1 0.0053 0.0283 0.6600 0.1373 0.0087 0.0114 0.1490 
          15  1 0.0062 0.0090 0.9564 0.0056 0.0059 0.0060 0.0108 
          16  1 0.0088 0.0346 0.7127 0.0030 0.2079 0.0090 0.0240 
          17  1 0.0477 0.0225 0.5669 0.0032 0.0187 0.0400 0.3011 
          18  1 0.2589 0.6848 0.0195 0.0052 0.0130 0.0068 0.0118 
          19  1 0.0206 0.0446 0.0162 0.0045 0.0229 0.0137 0.8776 
          20  1 0.0231 0.0310 0.0398 0.0045 0.0071 0.0071 0.8873 
          21  1 0.0192 0.0953 0.0868 0.5810 0.0191 0.0747 0.1238 
          22  1 0.0022 0.0027 0.0024 0.9851 0.0021 0.0029 0.0027 
          23  1 0.0295 0.3090 0.0068 0.6029 0.0052 0.0055 0.0411 
          24  1 0.0080 0.0046 0.3353 0.6327 0.0032 0.0087 0.0074 
          25  1 0.0046 0.0126 0.0138 0.8513 0.0301 0.0376 0.0500 
          26  1 0.0143 0.0061 0.3403 0.0030 0.0096 0.6165 0.0102 
          27  1 0.0044 0.0083 0.0353 0.6728 0.0041 0.0034 0.2717 
          28  1 0.0077 0.2376 0.0043 0.6758 0.0065 0.0484 0.0196 
          29  1 0.0079 0.1370 0.0236 0.7497 0.0038 0.0482 0.0299 
          30  1 0.0083 0.3052 0.0186 0.5496 0.0064 0.0131 0.0989 
          31  1 0.0084 0.0352 0.0316 0.5528 0.0112 0.0158 0.3449 
          32  1 0.0067 0.3483 0.0131 0.0039 0.0054 0.6000 0.0226 
          33  1 0.0067 0.0388 0.2057 0.6610 0.0242 0.0370 0.0265 
          34  1 0.0071 0.0404 0.0809 0.0078 0.0248 0.6064 0.2326 
          35  1 0.0077 0.0126 0.0200 0.8914 0.0231 0.0222 0.0230 
          36  1 0.3639 0.0043 0.0228 0.0043 0.5873 0.0100 0.0074 
          37  1 0.3339 0.0753 0.0177 0.0111 0.0087 0.0427 0.5105 
          38  1 0.0102 0.0099 0.0426 0.0034 0.0088 0.0605 0.8647 
          39  1 0.0134 0.0244 0.0074 0.9242 0.0067 0.0093 0.0146 
          40  1 0.0195 0.0130 0.3509 0.5735 0.0100 0.0084 0.0246 
          41  1 0.0473 0.0201 0.0447 0.0097 0.0073 0.0187 0.8521 
          42  1 0.0200 0.0095 0.3176 0.6370 0.0026 0.0041 0.0092 
          43  1 0.0196 0.2853 0.0189 0.5656 0.0064 0.0305 0.0738 
          44  1 0.0151 0.2583 0.0237 0.6364 0.0079 0.0228 0.0358 
          45  1 0.0070 0.0138 0.0129 0.6477 0.0084 0.0112 0.2991 
          46  1 0.0056 0.0214 0.8985 0.0045 0.0056 0.0180 0.0463 
          47  1 0.0326 0.0091 0.0178 0.0404 0.0249 0.8510 0.0240 
          48  1 0.0262 0.0070 0.0040 0.9505 0.0038 0.0034 0.0052 
          49  1 0.0443 0.0988 0.0668 0.0062 0.7167 0.0211 0.0461 
          50  1 0.0124 0.0061 0.4352 0.0046 0.5186 0.0151 0.0080 
          51  1 0.1119 0.0126 0.0558 0.0037 0.6765 0.1233 0.0162 
          52  1 0.0112 0.4707 0.0325 0.0214 0.0188 0.0688 0.3766 
          53  1 0.0697 0.0074 0.0264 0.0043 0.6664 0.1322 0.0936 
          54  1 0.4136 0.0039 0.0042 0.0052 0.5606 0.0073 0.0051 
          55  1 0.0188 0.0112 0.0052 0.0134 0.8938 0.0259 0.0316 
          56  1 0.0106 0.1422 0.0049 0.0085 0.7893 0.0056 0.0388 
          57  1 0.4440 0.4512 0.0049 0.0204 0.0064 0.0051 0.0680 
          58  1 0.0249 0.0209 0.0171 0.0046 0.7844 0.0138 0.1343 
          59  1 0.0237 0.0315 0.0593 0.7803 0.0178 0.0239 0.0634 
          60  1 0.0088 0.0131 0.3674 0.5676 0.0087 0.0176 0.0168 
          61  1 0.0273 0.1325 0.0167 0.5539 0.0118 0.0218 0.2360 
          62  1 0.0217 0.0163 0.3788 0.0749 0.0242 0.0096 0.4745 
          63  1 0.1861 0.7710 0.0101 0.0067 0.0091 0.0058 0.0113 
          64  1 0.0156 0.0813 0.0143 0.0041 0.8437 0.0111 0.0299 
          65  1 0.0072 0.2534 0.0133 0.0216 0.6246 0.0230 0.0570 
          66  1 0.0071 0.2047 0.0070 0.0283 0.7280 0.0110 0.0138 
          67  1 0.4677 0.1064 0.3568 0.0208 0.0071 0.0061 0.0350 
          68  1 0.0438 0.0271 0.0121 0.0167 0.8495 0.0317 0.0191 
          69  1 0.0127 0.0113 0.0159 0.0054 0.0072 0.7768 0.1707 
          70  1 0.0910 0.0075 0.8133 0.0088 0.0085 0.0424 0.0284 
          71  1 0.0832 0.0088 0.0446 0.2431 0.3501 0.0401 0.2301 
          72  1 0.0067 0.9036 0.0051 0.0598 0.0032 0.0084 0.0133 
          73  1 0.0230 0.0693 0.0192 0.0613 0.0421 0.0671 0.7181 
          74  1 0.0100 0.0541 0.1728 0.0192 0.0057 0.0044 0.7338 
          75  1 0.0053 0.0037 0.0049 0.4878 0.0036 0.4896 0.0051 
          76  1 0.0353 0.0149 0.0203 0.0041 0.0100 0.8625 0.0528 
          77  1 0.0130 0.0209 0.0358 0.0242 0.0078 0.6949 0.2034 
          78  1 0.0072 0.8440 0.0224 0.0807 0.0064 0.0201 0.0191 
          79  1 0.0802 0.0123 0.1972 0.0445 0.2530 0.3045 0.1082 
          80  1 0.0255 0.0309 0.0136 0.0035 0.1085 0.0408 0.7771 
          81  1 0.1866 0.7228 0.0159 0.0114 0.0141 0.0229 0.0263 
          82  1 0.5526 0.0093 0.3917 0.0111 0.0048 0.0141 0.0164 
          83  1 0.0259 0.6920 0.0806 0.0208 0.0081 0.1009 0.0717 
          84  1 0.0081 0.8014 0.0109 0.0350 0.0100 0.0112 0.1235 
          85  1 0.0220 0.0153 0.0169 0.1879 0.0091 0.1007 0.6480 
          86  1 0.1028 0.7169 0.0059 0.1426 0.0072 0.0042 0.0204 
          87  1 0.0118 0.0118 0.8102 0.0062 0.0061 0.0102 0.1437 
          88  1 0.2405 0.5106 0.0180 0.0317 0.0320 0.0132 0.1541 
