           1  1 0.0650 0.0155 0.0238 0.1076 0.5276 0.2604 
           2  1 0.2125 0.0246 0.0127 0.0094 0.0871 0.6537 
           3  1 0.7996 0.1369 0.0086 0.0158 0.0199 0.0193 
           4  1 0.0052 0.0092 0.0059 0.1240 0.0084 0.8474 
           5  1 0.1684 0.0326 0.0702 0.0059 0.2402 0.4828 
           6  1 0.4879 0.0475 0.0814 0.0192 0.0176 0.3465 
           7  1 0.0065 0.0068 0.9680 0.0035 0.0069 0.0084 
           8  1 0.0048 0.0084 0.0090 0.1718 0.6352 0.1709 
           9  1 0.0095 0.0155 0.0231 0.0281 0.6987 0.2250 
          10  1 0.0728 0.0555 0.0876 0.0127 0.2763 0.4952 
          11  1 0.0112 0.0335 0.0155 0.4230 0.1024 0.4145 
          12  1 0.0123 0.0303 0.0119 0.8948 0.0296 0.0211 
          13  1 0.0061 0.7201 0.0134 0.0088 0.1109 0.1407 
          14  1 0.0092 0.0128 0.6860 0.1513 0.0245 0.1162 
          15  1 0.0063 0.0073 0.9598 0.0058 0.0101 0.0106 
          16  1 0.1641 0.0110 0.7598 0.0032 0.0342 0.0277 
          17  1 0.0260 0.0645 0.6216 0.0035 0.0325 0.2519 
          18  1 0.0430 0.0083 0.0345 0.0057 0.8882 0.0202 
          19  1 0.0345 0.0163 0.0196 0.0054 0.0552 0.8690 
          20  1 0.0075 0.0084 0.0486 0.0051 0.0528 0.8775 
          21  1 0.0266 0.0793 0.0886 0.5879 0.1149 0.1026 
          22  1 0.0021 0.0031 0.0027 0.9864 0.0028 0.0029 
          23  1 0.0110 0.0065 0.0071 0.6186 0.2993 0.0575 
          24  1 0.0038 0.0100 0.3384 0.6347 0.0049 0.0082 
          25  1 0.0194 0.0385 0.0145 0.8629 0.0131 0.0515 
          26  1 0.0106 0.6537 0.3137 0.0034 0.0070 0.0116 
          27  1 0.0050 0.0037 0.0644 0.6941 0.0102 0.2227 
          28  1 0.0070 0.0648 0.0049 0.6908 0.2038 0.0288 
          29  1 0.0049 0.0541 0.0241 0.7793 0.1107 0.0268 
          30  1 0.0075 0.0172 0.0237 0.5763 0.2162 0.1592 
          31  1 0.0141 0.0205 0.0456 0.5685 0.0382 0.3131 
          32  1 0.0059 0.6266 0.0142 0.0045 0.3068 0.0420 
          33  1 0.0210 0.0388 0.2051 0.6700 0.0399 0.0252 
          34  1 0.0248 0.6725 0.0920 0.0082 0.0407 0.1619 
          35  1 0.0187 0.0233 0.0211 0.9031 0.0117 0.0222 
          36  1 0.8794 0.0156 0.0786 0.0044 0.0099 0.0120 
          37  1 0.0140 0.0492 0.0141 0.0095 0.0974 0.8157 
          38  1 0.0091 0.0963 0.0665 0.0037 0.0132 0.8112 
          39  1 0.0074 0.0101 0.0069 0.9394 0.0215 0.0147 
          40  1 0.0134 0.0104 0.3580 0.5751 0.0156 0.0275 
          41  1 0.0079 0.0246 0.0411 0.0098 0.0237 0.8929 
          42  1 0.0032 0.0049 0.3334 0.6349 0.0134 0.0101 
          43  1 0.0066 0.0380 0.0174 0.5718 0.2721 0.0942 
          44  1 0.0096 0.0313 0.0301 0.6506 0.2323 0.0460 
          45  1 0.0089 0.0144 0.0177 0.6591 0.0185 0.2815 
          46  1 0.0057 0.0178 0.9074 0.0052 0.0194 0.0445 
          47  1 0.0379 0.8880 0.0156 0.0300 0.0093 0.0193 
          48  1 0.0063 0.0043 0.0048 0.9684 0.0098 0.0064 
          49  1 0.7107 0.0259 0.0918 0.0057 0.1163 0.0496 
          50  1 0.5481 0.0144 0.4191 0.0050 0.0060 0.0074 
          51  1 0.8202 0.0815 0.0659 0.0039 0.0154 0.0131 
          52  1 0.0169 0.0715 0.0295 0.0233 0.3973 0.4615 
          53  1 0.7260 0.1407 0.0290 0.0047 0.0125 0.0870 
          54  1 0.9514 0.0204 0.0047 0.0104 0.0056 0.0075 
          55  1 0.9430 0.0132 0.0048 0.0131 0.0082 0.0177 
          56  1 0.8056 0.0065 0.0057 0.0092 0.1263 0.0469 
          57  1 0.0096 0.0086 0.0063 0.0203 0.6125 0.3426 
          58  1 0.8238 0.0204 0.0211 0.0057 0.0243 0.1047 
          59  1 0.0237 0.0315 0.0566 0.7977 0.0297 0.0607 
          60  1 0.0096 0.0204 0.3650 0.5748 0.0147 0.0155 
          61  1 0.0118 0.0236 0.0160 0.5500 0.1385 0.2601 
          62  1 0.0578 0.0116 0.4329 0.0838 0.0226 0.3914 
          63  1 0.0148 0.0074 0.0122 0.0072 0.9465 0.0120 
          64  1 0.8759 0.0112 0.0232 0.0037 0.0567 0.0293 
          65  1 0.5988 0.0311 0.0164 0.0289 0.2694 0.0553 
          66  1 0.7555 0.0171 0.0089 0.0356 0.1579 0.0249 
          67  1 0.0198 0.0092 0.4454 0.0275 0.3001 0.1980 
          68  1 0.9330 0.0191 0.0080 0.0117 0.0152 0.0130 
          69  1 0.0099 0.8295 0.0173 0.0055 0.0138 0.1239 
          70  1 0.0157 0.0494 0.8883 0.0087 0.0099 0.0281 
          71  1 0.4711 0.0472 0.0464 0.2621 0.0109 0.1623 
          72  1 0.0038 0.0098 0.0058 0.0736 0.8890 0.0180 
          73  1 0.0470 0.0974 0.0260 0.0657 0.0924 0.6715 
          74  1 0.0058 0.0053 0.1914 0.0243 0.0589 0.7144 
          75  1 0.0042 0.4967 0.0052 0.4839 0.0043 0.0056 
          76  1 0.0240 0.8912 0.0208 0.0043 0.0208 0.0390 
          77  1 0.0082 0.7396 0.0372 0.0246 0.0273 0.1631 
          78  1 0.0062 0.0212 0.0216 0.0864 0.8406 0.0241 
          79  1 0.3335 0.3394 0.2051 0.0334 0.0142 0.0744 
          80  1 0.1595 0.0495 0.0184 0.0040 0.0569 0.7117 
          81  1 0.1100 0.0391 0.0182 0.0149 0.7691 0.0487 
          82  1 0.0095 0.0331 0.5466 0.0107 0.1501 0.2500 
          83  1 0.0103 0.1024 0.0692 0.0230 0.7301 0.0649 
          84  1 0.0114 0.0151 0.0116 0.0448 0.7993 0.1179 
          85  1 0.0121 0.1289 0.0222 0.1736 0.0243 0.6390 
          86  1 0.0113 0.0057 0.0067 0.1488 0.7912 0.0363 
          87  1 0.0069 0.0121 0.8584 0.0071 0.0145 0.1010 
          88  1 0.0674 0.0154 0.0265 0.0343 0.5960 0.2604 
