           1  1 0.1346 0.3405 0.3126 0.0806 0.0982 0.0200 0.0135 
           2  1 0.0069 0.1020 0.0434 0.0306 0.7911 0.0103 0.0158 
           3  1 0.0047 0.0063 0.0061 0.0642 0.8921 0.0054 0.0213 
           4  1 0.0990 0.8712 0.0078 0.0048 0.0047 0.0047 0.0078 
           5  1 0.0040 0.0091 0.0060 0.0199 0.9440 0.0093 0.0077 
           6  1 0.0130 0.0548 0.0056 0.0520 0.8335 0.0235 0.0177 
           7  1 0.0031 0.0080 0.0069 0.0064 0.0053 0.9644 0.0059 
           8  1 0.1751 0.2702 0.4872 0.0043 0.0472 0.0085 0.0075 
           9  1 0.0334 0.3830 0.4815 0.0089 0.0556 0.0238 0.0138 
          10  1 0.0143 0.4785 0.1039 0.0467 0.2653 0.0493 0.0421 
          11  1 0.3872 0.4152 0.1383 0.0101 0.0039 0.0119 0.0333 
          12  1 0.8910 0.0201 0.0215 0.0108 0.0150 0.0109 0.0306 
          13  1 0.0072 0.0110 0.0081 0.0037 0.3830 0.0053 0.5817 
          14  1 0.1465 0.1338 0.0245 0.0091 0.0063 0.6673 0.0125 
          15  1 0.0055 0.0113 0.0100 0.0055 0.0061 0.9551 0.0064 
          16  1 0.0030 0.0214 0.0386 0.2020 0.0091 0.7169 0.0091 
          17  1 0.0033 0.2892 0.0301 0.0197 0.0486 0.5663 0.0428 
          18  1 0.0061 0.0119 0.6737 0.0152 0.2674 0.0190 0.0067 
          19  1 0.0046 0.8798 0.0329 0.0234 0.0275 0.0180 0.0138 
          20  1 0.0046 0.8832 0.0255 0.0073 0.0333 0.0394 0.0068 
          21  1 0.5817 0.1167 0.1120 0.0199 0.0187 0.0870 0.0641 
          22  1 0.9849 0.0027 0.0027 0.0021 0.0022 0.0025 0.0029 
          23  1 0.6117 0.0740 0.2480 0.0051 0.0486 0.0068 0.0058 
          24  1 0.6301 0.0072 0.0051 0.0034 0.0069 0.3383 0.0090 
          25  1 0.8478 0.0577 0.0114 0.0296 0.0050 0.0134 0.0351 
          26  1 0.0031 0.0103 0.0060 0.0101 0.0145 0.3356 0.6205 
          27  1 0.6773 0.2613 0.0087 0.0043 0.0045 0.0405 0.0034 
          28  1 0.6718 0.0171 0.2511 0.0062 0.0079 0.0043 0.0415 
          29  1 0.7427 0.0235 0.1546 0.0038 0.0088 0.0221 0.0445 
          30  1 0.5607 0.1604 0.2057 0.0067 0.0302 0.0212 0.0152 
          31  1 0.5532 0.3521 0.0311 0.0115 0.0078 0.0290 0.0153 
          32  1 0.0038 0.0151 0.3800 0.0050 0.0067 0.0109 0.5786 
          33  1 0.6568 0.0230 0.0436 0.0269 0.0070 0.2049 0.0376 
          34  1 0.0078 0.2155 0.0577 0.0246 0.0071 0.0794 0.6079 
          35  1 0.8885 0.0252 0.0118 0.0251 0.0077 0.0204 0.0213 
          36  1 0.0043 0.0074 0.0044 0.6039 0.3457 0.0229 0.0114 
          37  1 0.0110 0.5193 0.0711 0.0092 0.3283 0.0172 0.0438 
          38  1 0.0035 0.8604 0.0104 0.0083 0.0107 0.0448 0.0619 
          39  1 0.9183 0.0161 0.0280 0.0066 0.0146 0.0070 0.0094 
          40  1 0.5717 0.0265 0.0115 0.0111 0.0224 0.3481 0.0087 
          41  1 0.0087 0.8487 0.0163 0.0077 0.0606 0.0381 0.0199 
          42  1 0.6357 0.0093 0.0095 0.0027 0.0174 0.3210 0.0045 
          43  1 0.5666 0.0722 0.2847 0.0065 0.0212 0.0191 0.0298 
          44  1 0.6521 0.0493 0.2030 0.0083 0.0311 0.0277 0.0285 
          45  1 0.6445 0.2970 0.0165 0.0085 0.0075 0.0143 0.0116 
          46  1 0.0046 0.0501 0.0210 0.0054 0.0062 0.8948 0.0179 
          47  1 0.0424 0.0216 0.0093 0.0299 0.0320 0.0171 0.8476 
          48  1 0.9505 0.0051 0.0063 0.0041 0.0266 0.0040 0.0034 
          49  1 0.0058 0.0421 0.0782 0.7128 0.0579 0.0801 0.0231 
          50  1 0.0048 0.0077 0.0062 0.5195 0.0124 0.4337 0.0157 
          51  1 0.0039 0.0154 0.0162 0.6870 0.1031 0.0549 0.1196 
          52  1 0.0239 0.2897 0.5573 0.0206 0.0128 0.0308 0.0649 
          53  1 0.0042 0.0839 0.0067 0.6709 0.0675 0.0290 0.1378 
          54  1 0.0059 0.0052 0.0038 0.5821 0.3906 0.0044 0.0080 
          55  1 0.0140 0.0326 0.0109 0.8912 0.0193 0.0053 0.0268 
          56  1 0.0093 0.0470 0.1215 0.7934 0.0178 0.0050 0.0060 
          57  1 0.0240 0.1336 0.3382 0.0071 0.4869 0.0053 0.0049 
          58  1 0.0045 0.1425 0.0170 0.7786 0.0276 0.0153 0.0146 
          59  1 0.7738 0.0690 0.0271 0.0174 0.0287 0.0591 0.0249 
          60  1 0.5633 0.0168 0.0143 0.0092 0.0092 0.3699 0.0173 
          61  1 0.5509 0.2597 0.1053 0.0112 0.0373 0.0155 0.0199 
          62  1 0.0721 0.4740 0.0135 0.0263 0.0208 0.3829 0.0104 
          63  1 0.0068 0.0098 0.7500 0.0090 0.2091 0.0098 0.0055 
          64  1 0.0040 0.0341 0.0692 0.8478 0.0170 0.0165 0.0115 
          65  1 0.0247 0.0698 0.2379 0.6215 0.0093 0.0133 0.0235 
          66  1 0.0283 0.0159 0.2073 0.7224 0.0082 0.0070 0.0110 
          67  1 0.0230 0.0409 0.0696 0.0069 0.4810 0.3722 0.0063 
          68  1 0.0149 0.0184 0.0351 0.8492 0.0416 0.0112 0.0296 
          69  1 0.0052 0.1551 0.0138 0.0080 0.0128 0.0164 0.7887 
          70  1 0.0081 0.0255 0.0084 0.0090 0.0876 0.8172 0.0442 
          71  1 0.2411 0.2342 0.0102 0.3531 0.0771 0.0443 0.0399 
          72  1 0.0721 0.0177 0.8820 0.0031 0.0110 0.0054 0.0087 
          73  1 0.0600 0.7282 0.0580 0.0434 0.0283 0.0194 0.0627 
          74  1 0.0236 0.7298 0.0468 0.0052 0.0133 0.1771 0.0042 
          75  1 0.4876 0.0051 0.0036 0.0038 0.0058 0.0047 0.4894 
          76  1 0.0040 0.0499 0.0197 0.0117 0.0347 0.0211 0.8588 
          77  1 0.0251 0.2010 0.0200 0.0076 0.0139 0.0354 0.6970 
          78  1 0.0721 0.0180 0.8571 0.0060 0.0078 0.0204 0.0188 
          79  1 0.0443 0.1108 0.0112 0.2610 0.0756 0.1902 0.3068 
          80  1 0.0037 0.7697 0.0326 0.1088 0.0300 0.0140 0.0412 
          81  1 0.0114 0.0294 0.7194 0.0230 0.1809 0.0155 0.0205 
          82  1 0.0101 0.0175 0.0096 0.0047 0.5423 0.4027 0.0130 
          83  1 0.0222 0.0566 0.7240 0.0089 0.0219 0.0799 0.0865 
          84  1 0.0319 0.1089 0.8171 0.0118 0.0090 0.0113 0.0099 
          85  1 0.1886 0.6436 0.0141 0.0096 0.0242 0.0161 0.1039 
          86  1 0.1542 0.0249 0.6610 0.0075 0.1419 0.0060 0.0044 
          87  1 0.0059 0.1395 0.0106 0.0064 0.0134 0.8131 0.0110 
          88  1 0.0341 0.1560 0.5080 0.0368 0.2350 0.0186 0.0116 
