           1  1 0.0699 0.1685 0.0276 0.7340 
           2  1 0.2564 0.0132 0.0226 0.7077 
           3  1 0.9249 0.0235 0.0209 0.0307 
           4  1 0.0065 0.1586 0.0095 0.8254 
           5  1 0.2041 0.0080 0.1108 0.6770 
           6  1 0.5677 0.0295 0.1749 0.2280 
           7  1 0.0077 0.0044 0.9791 0.0088 
           8  1 0.0062 0.2419 0.0142 0.7377 
           9  1 0.0108 0.0454 0.0224 0.9214 
          10  1 0.0678 0.0195 0.0967 0.8160 
          11  1 0.0150 0.4943 0.0274 0.4633 
          12  1 0.0145 0.9408 0.0192 0.0255 
          13  1 0.0101 0.0204 0.1538 0.8157 
          14  1 0.0103 0.1716 0.7273 0.0908 
          15  1 0.0078 0.0074 0.9708 0.0140 
          16  1 0.1714 0.0042 0.7920 0.0324 
          17  1 0.0352 0.0046 0.8253 0.1348 
          18  1 0.0712 0.0089 0.0579 0.8620 
          19  1 0.0547 0.0068 0.0363 0.9021 
          20  1 0.0113 0.0068 0.1442 0.8377 
          21  1 0.0403 0.6228 0.1343 0.2026 
          22  1 0.0027 0.9903 0.0034 0.0036 
          23  1 0.0208 0.6995 0.0124 0.2673 
          24  1 0.0052 0.6437 0.3411 0.0100 
          25  1 0.0199 0.9084 0.0294 0.0423 
          26  1 0.0356 0.0057 0.8316 0.1271 
          27  1 0.0067 0.7261 0.0817 0.1855 
          28  1 0.0152 0.7706 0.0138 0.2004 
          29  1 0.0074 0.8877 0.0432 0.0617 
          30  1 0.0114 0.6529 0.0568 0.2789 
          31  1 0.0195 0.5860 0.0591 0.3354 
          32  1 0.0147 0.0071 0.1667 0.8115 
          33  1 0.0272 0.7064 0.2194 0.0470 
          34  1 0.0299 0.0122 0.4392 0.5187 
          35  1 0.0204 0.9390 0.0232 0.0174 
          36  1 0.9206 0.0053 0.0625 0.0116 
          37  1 0.0215 0.0128 0.0294 0.9363 
          38  1 0.0149 0.0050 0.2940 0.6861 
          39  1 0.0084 0.9683 0.0081 0.0153 
          40  1 0.0159 0.5878 0.3691 0.0272 
          41  1 0.0111 0.0125 0.0932 0.8831 
          42  1 0.0046 0.6588 0.3152 0.0214 
          43  1 0.0086 0.6071 0.0403 0.3441 
          44  1 0.0159 0.7363 0.0913 0.1564 
          45  1 0.0120 0.6772 0.0248 0.2860 
          46  1 0.0081 0.0062 0.9449 0.0407 
          47  1 0.0509 0.0298 0.2671 0.6522 
          48  1 0.0069 0.9809 0.0052 0.0070 
          49  1 0.7827 0.0081 0.1202 0.0890 
          50  1 0.5463 0.0065 0.4383 0.0089 
          51  1 0.9008 0.0057 0.0714 0.0221 
          52  1 0.0205 0.0251 0.0652 0.8892 
          53  1 0.7713 0.0062 0.1077 0.1148 
          54  1 0.9743 0.0107 0.0070 0.0080 
          55  1 0.9605 0.0164 0.0070 0.0162 
          56  1 0.8847 0.0157 0.0100 0.0896 
          57  1 0.0122 0.0329 0.0100 0.9450 
          58  1 0.8700 0.0078 0.0386 0.0836 
          59  1 0.0279 0.8546 0.0772 0.0403 
          60  1 0.0116 0.6123 0.3559 0.0202 
          61  1 0.0173 0.5732 0.0276 0.3820 
          62  1 0.0826 0.1190 0.4483 0.3501 
          63  1 0.0239 0.0137 0.0255 0.9369 
          64  1 0.9385 0.0048 0.0251 0.0316 
          65  1 0.6617 0.0461 0.0407 0.2515 
          66  1 0.8681 0.0713 0.0176 0.0429 
          67  1 0.0353 0.0501 0.4731 0.4415 
          68  1 0.9617 0.0141 0.0108 0.0135 
          69  1 0.0203 0.0088 0.2750 0.6959 
          70  1 0.0199 0.0101 0.9432 0.0268 
          71  1 0.5295 0.2983 0.0680 0.1041 
          72  1 0.0050 0.0617 0.0084 0.9250 
          73  1 0.0711 0.0983 0.0645 0.7662 
          74  1 0.0075 0.0376 0.2094 0.7455 
          75  1 0.0140 0.5628 0.1689 0.2543 
          76  1 0.0526 0.0064 0.2615 0.6794 
          77  1 0.0097 0.0371 0.2212 0.7320 
          78  1 0.0082 0.0621 0.0308 0.8989 
          79  1 0.3792 0.0493 0.3537 0.2178 
          80  1 0.2059 0.0053 0.0339 0.7550 
          81  1 0.0877 0.0241 0.0185 0.8697 
          82  1 0.0141 0.0141 0.6459 0.3259 
          83  1 0.0116 0.0279 0.0516 0.9088 
          84  1 0.0124 0.0429 0.0166 0.9281 
          85  1 0.0153 0.1780 0.0526 0.7541 
          86  1 0.0144 0.1560 0.0095 0.8201 
          87  1 0.0116 0.0110 0.9135 0.0639 
          88  1 0.0598 0.0406 0.0186 0.8810 
