           1  1 0.3035 0.0087 0.0952 0.0654 0.0343 0.3836 0.0685 0.0097 0.0311 
           2  1 0.0542 0.0100 0.0051 0.7339 0.0854 0.0571 0.0260 0.0072 0.0212 
           3  1 0.0047 0.0188 0.0040 0.8966 0.0042 0.0051 0.0052 0.0043 0.0571 
           4  1 0.5232 0.0053 0.0593 0.0035 0.0098 0.3856 0.0062 0.0037 0.0035 
           5  1 0.0078 0.0061 0.0031 0.9403 0.0054 0.0079 0.0052 0.0072 0.0168 
           6  1 0.0402 0.0118 0.0101 0.8119 0.0205 0.0411 0.0049 0.0182 0.0413 
           7  1 0.0077 0.0053 0.0025 0.0041 0.0299 0.0076 0.0068 0.9299 0.0061 
           8  1 0.2542 0.0049 0.1553 0.0342 0.0689 0.3048 0.1679 0.0065 0.0032 
           9  1 0.2940 0.0094 0.0227 0.0360 0.0242 0.4201 0.1772 0.0104 0.0060 
          10  1 0.3052 0.0259 0.0089 0.1874 0.0077 0.3938 0.0122 0.0347 0.0241 
          11  1 0.2897 0.0201 0.3255 0.0031 0.0115 0.2543 0.0801 0.0086 0.0071 
          12  1 0.0215 0.0240 0.8848 0.0108 0.0098 0.0226 0.0081 0.0088 0.0094 
          13  1 0.0079 0.5583 0.0059 0.3969 0.0091 0.0078 0.0068 0.0043 0.0030 
          14  1 0.1265 0.0095 0.0991 0.0045 0.0105 0.1311 0.0137 0.5977 0.0073 
          15  1 0.0095 0.0056 0.0042 0.0056 0.0301 0.0100 0.0099 0.9200 0.0051 
          16  1 0.0257 0.0076 0.0025 0.0080 0.0419 0.0243 0.0224 0.6787 0.1890 
          17  1 0.0210 0.0121 0.0024 0.0236 0.5411 0.0236 0.0085 0.3551 0.0126 
          18  1 0.0130 0.0054 0.0054 0.3157 0.0250 0.0118 0.5958 0.0174 0.0106 
          19  1 0.4248 0.0098 0.0036 0.0191 0.0680 0.4327 0.0138 0.0110 0.0170 
          20  1 0.0258 0.0046 0.0040 0.0322 0.8676 0.0238 0.0097 0.0266 0.0055 
          21  1 0.1184 0.0360 0.5503 0.0130 0.0168 0.1042 0.0708 0.0745 0.0159 
          22  1 0.0023 0.0026 0.9831 0.0017 0.0021 0.0023 0.0021 0.0021 0.0018 
          23  1 0.1000 0.0047 0.6108 0.0315 0.0209 0.1142 0.1079 0.0058 0.0042 
          24  1 0.0061 0.0064 0.6113 0.0045 0.0045 0.0061 0.0038 0.3548 0.0025 
          25  1 0.0494 0.0231 0.8114 0.0039 0.0235 0.0479 0.0081 0.0093 0.0232 
          26  1 0.0100 0.5985 0.0025 0.0136 0.0184 0.0099 0.0044 0.3345 0.0081 
          27  1 0.1457 0.0025 0.6532 0.0034 0.0082 0.1598 0.0066 0.0171 0.0034 
          28  1 0.0222 0.0297 0.6715 0.0070 0.0316 0.0204 0.2085 0.0038 0.0053 
          29  1 0.0252 0.0374 0.7092 0.0062 0.0152 0.0255 0.1594 0.0190 0.0030 
          30  1 0.0752 0.0103 0.5218 0.0118 0.2425 0.0850 0.0362 0.0126 0.0045 
          31  1 0.1971 0.0093 0.5251 0.0062 0.0258 0.1859 0.0219 0.0210 0.0077 
          32  1 0.0202 0.5366 0.0029 0.0059 0.0411 0.0212 0.3591 0.0090 0.0039 
          33  1 0.0209 0.0274 0.6391 0.0054 0.0152 0.0246 0.0398 0.2056 0.0221 
          34  1 0.0575 0.4992 0.0045 0.0049 0.3243 0.0450 0.0228 0.0293 0.0125 
          35  1 0.0281 0.0182 0.8570 0.0062 0.0070 0.0340 0.0104 0.0187 0.0204 
          36  1 0.0063 0.0089 0.0034 0.3375 0.0044 0.0061 0.0039 0.0263 0.6034 
          37  1 0.1822 0.0289 0.0070 0.3155 0.2224 0.1936 0.0333 0.0107 0.0063 
          38  1 0.0196 0.0233 0.0033 0.0085 0.9086 0.0112 0.0048 0.0156 0.0051 
          39  1 0.0157 0.0076 0.8829 0.0128 0.0189 0.0155 0.0344 0.0066 0.0056 
          40  1 0.0283 0.0063 0.5424 0.0133 0.0208 0.0279 0.0069 0.3455 0.0086 
          41  1 0.2350 0.0196 0.0074 0.0528 0.4214 0.2216 0.0106 0.0262 0.0053 
          42  1 0.0073 0.0032 0.6208 0.0128 0.0060 0.0076 0.0073 0.3328 0.0022 
          43  1 0.0264 0.0139 0.5609 0.0135 0.1401 0.0313 0.1967 0.0122 0.0050 
          44  1 0.0637 0.0180 0.6364 0.0234 0.0705 0.0767 0.0850 0.0190 0.0072 
          45  1 0.1720 0.0085 0.6251 0.0063 0.0082 0.1516 0.0116 0.0102 0.0065 
          46  1 0.0454 0.0150 0.0035 0.0044 0.0095 0.0439 0.0229 0.8507 0.0048 
          47  1 0.0311 0.7780 0.0399 0.0258 0.0414 0.0363 0.0086 0.0165 0.0224 
          48  1 0.0046 0.0028 0.9501 0.0216 0.0041 0.0048 0.0052 0.0034 0.0033 
          49  1 0.0437 0.0177 0.0048 0.0532 0.0310 0.0487 0.0395 0.0631 0.6983 
          50  1 0.0063 0.0133 0.0038 0.0099 0.0056 0.0062 0.0051 0.4253 0.5243 
          51  1 0.0127 0.1136 0.0030 0.0924 0.0066 0.0137 0.0140 0.0609 0.6830 
          52  1 0.0904 0.0298 0.0159 0.0081 0.2998 0.0911 0.4296 0.0205 0.0148 
          53  1 0.0588 0.1005 0.0032 0.0457 0.0579 0.0503 0.0048 0.0228 0.6559 
          54  1 0.0044 0.0062 0.0045 0.3965 0.0040 0.0042 0.0029 0.0033 0.5739 
          55  1 0.0202 0.0157 0.0104 0.0129 0.0470 0.0222 0.0084 0.0040 0.8593 
          56  1 0.0548 0.0045 0.0078 0.0136 0.0163 0.0527 0.0580 0.0040 0.7883 
          57  1 0.1258 0.0036 0.0217 0.4743 0.1151 0.1324 0.1175 0.0040 0.0056 
          58  1 0.0753 0.0086 0.0034 0.0181 0.0477 0.0743 0.0077 0.0099 0.7551 
          59  1 0.0333 0.0116 0.6755 0.0151 0.1699 0.0320 0.0122 0.0396 0.0108 
          60  1 0.0131 0.0143 0.5244 0.0062 0.0382 0.0139 0.0112 0.3714 0.0073 
          61  1 0.0602 0.0121 0.5094 0.0133 0.2806 0.0808 0.0282 0.0095 0.0058 
          62  1 0.2986 0.0070 0.0461 0.0131 0.0105 0.3037 0.0085 0.2966 0.0158 
          63  1 0.0077 0.0045 0.0060 0.2662 0.0121 0.0080 0.6808 0.0080 0.0066 
          64  1 0.0335 0.0099 0.0031 0.0141 0.0307 0.0310 0.0397 0.0112 0.8268 
          65  1 0.0830 0.0198 0.0224 0.0083 0.0217 0.0809 0.1417 0.0122 0.6100 
          66  1 0.0131 0.0084 0.0261 0.0068 0.0841 0.0156 0.1246 0.0052 0.7160 
          67  1 0.0439 0.0047 0.0178 0.4435 0.0182 0.0527 0.0275 0.3860 0.0057 
          68  1 0.0155 0.0224 0.0128 0.0311 0.0255 0.0167 0.0331 0.0096 0.8334 
          69  1 0.1113 0.7122 0.0042 0.0090 0.0166 0.1187 0.0112 0.0109 0.0060 
          70  1 0.0272 0.0280 0.0064 0.0656 0.0136 0.0292 0.0061 0.8158 0.0080 
          71  1 0.1960 0.0223 0.1940 0.0521 0.0169 0.1825 0.0082 0.0274 0.3006 
          72  1 0.0259 0.0077 0.0754 0.0091 0.0167 0.0281 0.8294 0.0048 0.0027 
          73  1 0.3353 0.0362 0.0366 0.0177 0.1901 0.3229 0.0204 0.0134 0.0274 
          74  1 0.4058 0.0032 0.0140 0.0094 0.0382 0.3762 0.0137 0.1350 0.0044 
          75  1 0.0042 0.4891 0.4849 0.0048 0.0031 0.0042 0.0030 0.0040 0.0029 
          76  1 0.0549 0.7967 0.0032 0.0315 0.0086 0.0566 0.0199 0.0194 0.0092 
          77  1 0.1516 0.5920 0.0176 0.0085 0.0391 0.1518 0.0130 0.0209 0.0056 
          78  1 0.0159 0.0136 0.0516 0.0060 0.0070 0.0156 0.8676 0.0174 0.0052 
          79  1 0.1376 0.2384 0.0277 0.0473 0.0200 0.1273 0.0086 0.1556 0.2374 
          80  1 0.4085 0.0354 0.0029 0.0226 0.0237 0.3852 0.0208 0.0102 0.0906 
          81  1 0.0255 0.0159 0.0093 0.2023 0.0132 0.0260 0.6757 0.0146 0.0175 
          82  1 0.0114 0.0104 0.0075 0.5345 0.0078 0.0111 0.0058 0.4076 0.0039 
          83  1 0.0358 0.0574 0.0163 0.0176 0.0154 0.0381 0.7256 0.0860 0.0077 
          84  1 0.0455 0.0054 0.0264 0.0073 0.1211 0.0522 0.7258 0.0067 0.0095 
          85  1 0.3616 0.0682 0.1546 0.0174 0.0111 0.3594 0.0089 0.0120 0.0068 
          86  1 0.0517 0.0033 0.1623 0.1624 0.0171 0.0630 0.5284 0.0050 0.0066 
          87  1 0.1109 0.0077 0.0041 0.0087 0.0310 0.1022 0.0064 0.7239 0.0051 
          88  1 0.1173 0.0089 0.0233 0.1946 0.0194 0.1170 0.4776 0.0147 0.0272 
