           1  1 0.1138 0.0618 0.2577 0.0121 0.0392 0.2347 0.2806 
           2  1 0.0072 0.1374 0.0413 0.0188 0.0114 0.1371 0.6467 
           3  1 0.0119 0.4779 0.0098 0.0776 0.0064 0.0133 0.4030 
           4  1 0.0866 0.0048 0.0077 0.0078 0.0048 0.8822 0.0059 
           5  1 0.0045 0.0964 0.0118 0.0105 0.0143 0.0150 0.8476 
           6  1 0.0144 0.2844 0.0067 0.0224 0.0289 0.1019 0.5413 
           7  1 0.0032 0.0065 0.0070 0.0061 0.8752 0.0085 0.0935 
           8  1 0.1642 0.0041 0.4168 0.0074 0.0082 0.1934 0.2059 
           9  1 0.0286 0.0087 0.4629 0.0147 0.0189 0.2859 0.1803 
          10  1 0.0125 0.0684 0.1131 0.0415 0.0392 0.2878 0.4375 
          11  1 0.3778 0.0094 0.0849 0.0294 0.0145 0.4787 0.0052 
          12  1 0.8847 0.0104 0.0200 0.0284 0.0132 0.0200 0.0232 
          13  1 0.0073 0.0044 0.0091 0.5782 0.0058 0.0117 0.3835 
          14  1 0.1456 0.0081 0.0197 0.0115 0.6701 0.1365 0.0086 
          15  1 0.0051 0.0054 0.0095 0.0072 0.9238 0.0100 0.0390 
          16  1 0.0030 0.1526 0.0288 0.0090 0.7678 0.0231 0.0157 
          17  1 0.0034 0.0190 0.0316 0.0389 0.6208 0.2346 0.0518 
          18  1 0.0057 0.0307 0.7261 0.0070 0.0235 0.0144 0.1927 
          19  1 0.0046 0.0288 0.0314 0.0129 0.0222 0.8591 0.0411 
          20  1 0.0048 0.0069 0.0397 0.0075 0.1033 0.7029 0.1349 
          21  1 0.5745 0.0223 0.1089 0.0628 0.0738 0.1271 0.0306 
          22  1 0.9845 0.0021 0.0027 0.0030 0.0025 0.0028 0.0025 
          23  1 0.6103 0.0089 0.2195 0.0058 0.0066 0.0708 0.0782 
          24  1 0.6195 0.0035 0.0047 0.0089 0.2723 0.0081 0.0831 
          25  1 0.8478 0.0223 0.0109 0.0389 0.0165 0.0550 0.0087 
          26  1 0.0032 0.0095 0.0057 0.6044 0.3488 0.0099 0.0185 
          27  1 0.6726 0.0046 0.0083 0.0033 0.0369 0.2693 0.0049 
          28  1 0.6703 0.0059 0.2497 0.0409 0.0044 0.0194 0.0093 
          29  1 0.7403 0.0041 0.1423 0.0506 0.0239 0.0273 0.0116 
          30  1 0.5474 0.0066 0.1687 0.0143 0.0257 0.1103 0.1271 
          31  1 0.5519 0.0124 0.0298 0.0136 0.0305 0.3483 0.0136 
          32  1 0.0038 0.0051 0.3765 0.5735 0.0108 0.0201 0.0103 
          33  1 0.6582 0.0236 0.0458 0.0395 0.1784 0.0254 0.0291 
          34  1 0.0078 0.0204 0.0552 0.5829 0.1012 0.2228 0.0097 
          35  1 0.8886 0.0224 0.0121 0.0210 0.0189 0.0266 0.0103 
          36  1 0.0040 0.7348 0.0060 0.0128 0.0337 0.0093 0.1994 
          37  1 0.0101 0.0124 0.0615 0.0505 0.0155 0.4252 0.4248 
          38  1 0.0037 0.0087 0.0129 0.0630 0.1167 0.7492 0.0458 
          39  1 0.9148 0.0072 0.0273 0.0099 0.0085 0.0160 0.0163 
          40  1 0.5636 0.0104 0.0102 0.0088 0.3510 0.0228 0.0332 
          41  1 0.0100 0.0078 0.0198 0.0227 0.0427 0.6817 0.2152 
          42  1 0.6245 0.0029 0.0094 0.0042 0.2564 0.0107 0.0919 
          43  1 0.5605 0.0065 0.2849 0.0245 0.0193 0.0681 0.0361 
          44  1 0.6394 0.0083 0.1669 0.0256 0.0292 0.0456 0.0850 
          45  1 0.6402 0.0080 0.0135 0.0111 0.0133 0.3039 0.0100 
          46  1 0.0047 0.0053 0.0243 0.0172 0.8918 0.0471 0.0095 
          47  1 0.0382 0.0354 0.0100 0.8472 0.0173 0.0258 0.0261 
          48  1 0.9540 0.0054 0.0071 0.0038 0.0041 0.0058 0.0199 
          49  1 0.0051 0.6749 0.0550 0.0180 0.1166 0.0348 0.0956 
          50  1 0.0049 0.5319 0.0062 0.0148 0.4229 0.0081 0.0112 
          51  1 0.0037 0.7545 0.0162 0.1033 0.0425 0.0146 0.0651 
          52  1 0.0240 0.0201 0.5411 0.0638 0.0334 0.2966 0.0210 
          53  1 0.0043 0.6916 0.0073 0.1153 0.0265 0.0804 0.0746 
          54  1 0.0088 0.7948 0.0042 0.0140 0.0047 0.0061 0.1674 
          55  1 0.0138 0.9188 0.0100 0.0186 0.0058 0.0214 0.0117 
          56  1 0.0079 0.7840 0.1198 0.0059 0.0060 0.0425 0.0339 
          57  1 0.0213 0.0082 0.3106 0.0062 0.0058 0.0697 0.5782 
          58  1 0.0044 0.7893 0.0172 0.0147 0.0194 0.1167 0.0382 
          59  1 0.7567 0.0190 0.0238 0.0243 0.0684 0.0517 0.0561 
          60  1 0.5650 0.0086 0.0132 0.0186 0.3154 0.0199 0.0593 
          61  1 0.5370 0.0117 0.0994 0.0207 0.0179 0.1723 0.1410 
          62  1 0.0617 0.0324 0.0130 0.0088 0.3193 0.5471 0.0178 
          63  1 0.0072 0.0129 0.7827 0.0059 0.0119 0.0125 0.1668 
          64  1 0.0037 0.8358 0.0484 0.0105 0.0519 0.0263 0.0234 
          65  1 0.0264 0.6034 0.2428 0.0262 0.0143 0.0653 0.0216 
          66  1 0.0282 0.7218 0.1984 0.0120 0.0085 0.0178 0.0133 
          67  1 0.0191 0.0113 0.0693 0.0063 0.2588 0.0285 0.6067 
          68  1 0.0127 0.8903 0.0270 0.0229 0.0107 0.0148 0.0216 
          69  1 0.0055 0.0090 0.0152 0.7585 0.0157 0.1835 0.0126 
          70  1 0.0083 0.0111 0.0083 0.0406 0.6783 0.0246 0.2288 
          71  1 0.2502 0.4228 0.0114 0.0362 0.0381 0.1941 0.0471 
          72  1 0.0718 0.0036 0.8613 0.0093 0.0056 0.0218 0.0266 
          73  1 0.0578 0.0432 0.0581 0.0679 0.0209 0.6641 0.0880 
          74  1 0.0192 0.0053 0.0301 0.0041 0.1461 0.7621 0.0330 
          75  1 0.4827 0.0036 0.0039 0.4939 0.0047 0.0052 0.0060 
          76  1 0.0041 0.0182 0.0231 0.8460 0.0202 0.0642 0.0242 
          77  1 0.0229 0.0076 0.0208 0.6511 0.0347 0.2368 0.0261 
          78  1 0.0751 0.0062 0.8520 0.0181 0.0205 0.0186 0.0095 
          79  1 0.0409 0.2945 0.0112 0.3032 0.1690 0.0801 0.1010 
          80  1 0.0037 0.1316 0.0322 0.0410 0.0167 0.7539 0.0208 
          81  1 0.0135 0.0945 0.7224 0.0258 0.0170 0.0347 0.0921 
          82  1 0.0100 0.0057 0.0091 0.0124 0.2950 0.0171 0.6508 
          83  1 0.0219 0.0090 0.7266 0.0847 0.0692 0.0650 0.0235 
          84  1 0.0341 0.0102 0.8097 0.0104 0.0141 0.1094 0.0120 
          85  1 0.1750 0.0100 0.0140 0.0974 0.0138 0.6513 0.0385 
          86  1 0.1448 0.0099 0.6274 0.0044 0.0062 0.0275 0.1799 
          87  1 0.0061 0.0073 0.0093 0.0104 0.7670 0.1494 0.0506 
          88  1 0.0319 0.0475 0.4862 0.0132 0.0169 0.1859 0.2184 
