           1  1 0.7312 0.0335 0.1716 0.0637 
           2  1 0.7117 0.0187 0.0130 0.2566 
           3  1 0.0329 0.0151 0.0221 0.9299 
           4  1 0.8307 0.0074 0.1559 0.0060 
           5  1 0.7051 0.0925 0.0074 0.1950 
           6  1 0.2519 0.1537 0.0305 0.5638 
           7  1 0.0082 0.9802 0.0041 0.0075 
           8  1 0.7291 0.0145 0.2500 0.0063 
           9  1 0.9256 0.0204 0.0441 0.0099 
          10  1 0.8309 0.0895 0.0184 0.0612 
          11  1 0.4589 0.0248 0.5025 0.0138 
          12  1 0.0239 0.0155 0.9461 0.0145 
          13  1 0.9529 0.0195 0.0176 0.0100 
          14  1 0.0702 0.7387 0.1811 0.0100 
          15  1 0.0109 0.9748 0.0071 0.0072 
          16  1 0.0231 0.8101 0.0041 0.1626 
          17  1 0.1684 0.7911 0.0047 0.0358 
          18  1 0.8519 0.0671 0.0089 0.0720 
          19  1 0.9105 0.0332 0.0066 0.0497 
          20  1 0.8657 0.1175 0.0064 0.0103 
          21  1 0.2243 0.1150 0.6200 0.0406 
          22  1 0.0033 0.0032 0.9908 0.0027 
          23  1 0.2619 0.0121 0.7042 0.0219 
          24  1 0.0092 0.3404 0.6455 0.0049 
          25  1 0.0447 0.0212 0.9130 0.0211 
          26  1 0.1430 0.8094 0.0056 0.0420 
          27  1 0.1919 0.0773 0.7244 0.0065 
          28  1 0.2037 0.0080 0.7731 0.0152 
          29  1 0.0584 0.0386 0.8955 0.0075 
          30  1 0.2601 0.0678 0.6611 0.0110 
          31  1 0.3508 0.0445 0.5871 0.0175 
          32  1 0.9469 0.0329 0.0064 0.0138 
          33  1 0.0390 0.2284 0.7063 0.0263 
          34  1 0.6594 0.2976 0.0111 0.0319 
          35  1 0.0171 0.0194 0.9442 0.0193 
          36  1 0.0114 0.0634 0.0053 0.9199 
          37  1 0.9458 0.0221 0.0120 0.0200 
          38  1 0.7905 0.1907 0.0049 0.0139 
          39  1 0.0138 0.0074 0.9710 0.0078 
          40  1 0.0216 0.3729 0.5909 0.0146 
          41  1 0.8942 0.0836 0.0116 0.0105 
          42  1 0.0135 0.3321 0.6501 0.0042 
          43  1 0.3603 0.0252 0.6064 0.0082 
          44  1 0.1561 0.0868 0.7404 0.0166 
          45  1 0.2952 0.0210 0.6730 0.0107 
          46  1 0.0395 0.9469 0.0062 0.0074 
          47  1 0.8721 0.0582 0.0229 0.0469 
          48  1 0.0066 0.0048 0.9821 0.0065 
          49  1 0.0693 0.1450 0.0076 0.7781 
          50  1 0.0083 0.4399 0.0066 0.5451 
          51  1 0.0227 0.0685 0.0051 0.9037 
          52  1 0.9196 0.0357 0.0260 0.0186 
          53  1 0.1281 0.0860 0.0061 0.7797 
          54  1 0.0075 0.0058 0.0103 0.9765 
          55  1 0.0149 0.0062 0.0156 0.9632 
          56  1 0.0834 0.0090 0.0150 0.8926 
          57  1 0.9425 0.0094 0.0352 0.0129 
          58  1 0.0886 0.0319 0.0076 0.8720 
          59  1 0.0379 0.0815 0.8554 0.0252 
          60  1 0.0172 0.3695 0.6027 0.0107 
          61  1 0.3806 0.0261 0.5754 0.0180 
          62  1 0.3337 0.4719 0.1164 0.0780 
          63  1 0.9330 0.0301 0.0133 0.0236 
          64  1 0.0284 0.0298 0.0044 0.9373 
          65  1 0.2586 0.0337 0.0439 0.6639 
          66  1 0.0462 0.0144 0.0673 0.8721 
          67  1 0.3929 0.5129 0.0568 0.0374 
          68  1 0.0130 0.0092 0.0141 0.9637 
          69  1 0.8558 0.1162 0.0090 0.0189 
          70  1 0.0271 0.9415 0.0105 0.0209 
          71  1 0.0939 0.0646 0.3040 0.5375 
          72  1 0.9300 0.0072 0.0582 0.0046 
          73  1 0.8018 0.0438 0.0897 0.0647 
          74  1 0.7111 0.2400 0.0410 0.0078 
          75  1 0.3440 0.0683 0.5721 0.0156 
          76  1 0.8851 0.0626 0.0060 0.0463 
          77  1 0.8962 0.0610 0.0334 0.0094 
          78  1 0.8948 0.0372 0.0605 0.0075 
          79  1 0.2958 0.2625 0.0506 0.3911 
          80  1 0.7720 0.0252 0.0051 0.1977 
          81  1 0.8776 0.0174 0.0232 0.0818 
          82  1 0.3320 0.6405 0.0130 0.0145 
          83  1 0.9206 0.0423 0.0265 0.0106 
          84  1 0.9308 0.0162 0.0408 0.0122 
          85  1 0.7737 0.0334 0.1781 0.0149 
          86  1 0.8159 0.0088 0.1610 0.0143 
          87  1 0.0658 0.9130 0.0110 0.0102 
          88  1 0.8800 0.0203 0.0402 0.0595 
