           1  1 0.0387 0.0272 0.0171 0.0082 0.0423 0.0111 0.0099 0.8156 0.0298 
           2  1 0.0051 0.1070 0.0267 0.0106 0.0121 0.7204 0.0078 0.0338 0.0767 
           3  1 0.0030 0.0034 0.0046 0.0120 0.0116 0.9532 0.0042 0.0035 0.0046 
           4  1 0.0598 0.0069 0.0071 0.0052 0.0035 0.0032 0.0033 0.0061 0.9049 
           5  1 0.0036 0.0052 0.0045 0.0066 0.0093 0.9433 0.0071 0.0125 0.0080 
           6  1 0.0105 0.0250 0.0053 0.0137 0.0198 0.8610 0.0214 0.0045 0.0388 
           7  1 0.0024 0.0327 0.0065 0.0048 0.0060 0.0042 0.9303 0.0052 0.0080 
           8  1 0.0675 0.0195 0.0183 0.0040 0.0028 0.0036 0.0054 0.8589 0.0201 
           9  1 0.0219 0.0270 0.0735 0.0122 0.0080 0.0089 0.0169 0.7981 0.0336 
          10  1 0.0065 0.0058 0.0056 0.0393 0.0600 0.1448 0.1015 0.5835 0.0531 
          11  1 0.3337 0.0064 0.1014 0.0184 0.0075 0.0030 0.0079 0.0157 0.5060 
          12  1 0.8195 0.0053 0.0043 0.0181 0.0061 0.0072 0.0063 0.1217 0.0114 
          13  1 0.0053 0.0081 0.0058 0.5713 0.0028 0.3903 0.0040 0.0058 0.0066 
          14  1 0.1083 0.0106 0.0137 0.0091 0.0079 0.0045 0.6182 0.0347 0.1931 
          15  1 0.0040 0.0288 0.0097 0.0053 0.0051 0.0050 0.9276 0.0051 0.0094 
          16  1 0.0023 0.0496 0.0234 0.0076 0.1460 0.0068 0.6724 0.0705 0.0215 
          17  1 0.0024 0.5776 0.0070 0.0103 0.0115 0.0276 0.3450 0.0042 0.0144 
          18  1 0.0051 0.0233 0.5506 0.0057 0.0082 0.3577 0.0160 0.0218 0.0115 
          19  1 0.0035 0.0744 0.0112 0.0098 0.0188 0.0224 0.0128 0.0989 0.7480 
          20  1 0.0037 0.8738 0.0084 0.0045 0.0049 0.0220 0.0204 0.0424 0.0199 
          21  1 0.5494 0.0181 0.0934 0.0515 0.0160 0.0142 0.0932 0.0508 0.1133 
          22  1 0.9835 0.0019 0.0021 0.0025 0.0017 0.0017 0.0020 0.0024 0.0022 
          23  1 0.5827 0.0070 0.0240 0.0043 0.0036 0.0213 0.0054 0.3365 0.0152 
          24  1 0.6131 0.0043 0.0033 0.0059 0.0025 0.0047 0.3563 0.0043 0.0056 
          25  1 0.8216 0.0261 0.0079 0.0262 0.0232 0.0037 0.0099 0.0151 0.0663 
          26  1 0.0024 0.0169 0.0038 0.6123 0.0078 0.0105 0.3281 0.0098 0.0083 
          27  1 0.6563 0.0066 0.0070 0.0025 0.0034 0.0032 0.0305 0.0093 0.2812 
          28  1 0.6660 0.0704 0.1571 0.0335 0.0050 0.0057 0.0035 0.0394 0.0194 
          29  1 0.7026 0.0150 0.1797 0.0405 0.0030 0.0068 0.0153 0.0136 0.0234 
          30  1 0.4729 0.0549 0.0132 0.0067 0.0044 0.0047 0.0094 0.4164 0.0173 
          31  1 0.5294 0.0356 0.0282 0.0119 0.0075 0.0057 0.0248 0.0240 0.3329 
          32  1 0.0030 0.1043 0.2792 0.5510 0.0039 0.0053 0.0084 0.0287 0.0162 
          33  1 0.6394 0.0152 0.0505 0.0255 0.0211 0.0050 0.2096 0.0111 0.0225 
          34  1 0.0041 0.3413 0.0214 0.5276 0.0124 0.0046 0.0250 0.0065 0.0570 
          35  1 0.8647 0.0081 0.0121 0.0190 0.0225 0.0064 0.0188 0.0101 0.0383 
          36  1 0.0038 0.0037 0.0037 0.0090 0.5805 0.3634 0.0266 0.0036 0.0057 
          37  1 0.0066 0.2952 0.0258 0.0305 0.0058 0.2406 0.0111 0.0786 0.3058 
          38  1 0.0033 0.9368 0.0045 0.0168 0.0052 0.0079 0.0118 0.0044 0.0092 
          39  1 0.8794 0.0218 0.0387 0.0073 0.0051 0.0115 0.0069 0.0127 0.0164 
          40  1 0.5322 0.0127 0.0061 0.0059 0.0079 0.0140 0.3399 0.0581 0.0231 
          41  1 0.0077 0.4010 0.0173 0.0187 0.0054 0.0497 0.0332 0.0279 0.4391 
          42  1 0.6180 0.0069 0.0084 0.0032 0.0021 0.0132 0.3339 0.0062 0.0081 
          43  1 0.5551 0.1968 0.1746 0.0135 0.0050 0.0127 0.0110 0.0134 0.0180 
          44  1 0.4895 0.0106 0.0118 0.0067 0.0039 0.0056 0.0073 0.4566 0.0081 
          45  1 0.6272 0.0082 0.0162 0.0089 0.0062 0.0050 0.0112 0.0069 0.3102 
          46  1 0.0033 0.0103 0.0365 0.0163 0.0047 0.0044 0.8701 0.0096 0.0448 
          47  1 0.0302 0.0354 0.0087 0.8238 0.0199 0.0297 0.0174 0.0130 0.0219 
          48  1 0.9331 0.0041 0.0052 0.0027 0.0032 0.0317 0.0036 0.0117 0.0048 
          49  1 0.0042 0.0309 0.0218 0.0139 0.6497 0.0229 0.0392 0.1953 0.0221 
          50  1 0.0037 0.0054 0.0052 0.0126 0.5220 0.0104 0.4300 0.0044 0.0063 
          51  1 0.0029 0.0065 0.0215 0.1148 0.6717 0.0924 0.0692 0.0064 0.0145 
          52  1 0.0157 0.4625 0.3513 0.0236 0.0131 0.0070 0.0177 0.0177 0.0913 
          53  1 0.0034 0.0503 0.0049 0.1361 0.6599 0.0513 0.0252 0.0123 0.0567 
          54  1 0.0044 0.0036 0.0029 0.0062 0.5530 0.4185 0.0032 0.0040 0.0042 
          55  1 0.0110 0.0618 0.0082 0.0188 0.8519 0.0150 0.0039 0.0068 0.0225 
          56  1 0.0054 0.0107 0.0186 0.0043 0.7441 0.0075 0.0036 0.1832 0.0226 
          57  1 0.0101 0.0341 0.0252 0.0034 0.0045 0.4186 0.0035 0.4829 0.0177 
          58  1 0.0032 0.0510 0.0052 0.0094 0.7476 0.0129 0.0097 0.0802 0.0807 
          59  1 0.6904 0.1081 0.0179 0.0143 0.0114 0.0151 0.0365 0.0623 0.0441 
          60  1 0.5322 0.0140 0.0118 0.0129 0.0071 0.0065 0.3822 0.0208 0.0124 
          61  1 0.5148 0.1953 0.0487 0.0136 0.0078 0.0137 0.0102 0.1005 0.0953 
          62  1 0.0425 0.0067 0.0082 0.0073 0.0149 0.0143 0.2805 0.0283 0.5973 
          63  1 0.0063 0.0139 0.6193 0.0042 0.0056 0.2977 0.0075 0.0365 0.0090 
          64  1 0.0026 0.0303 0.0261 0.0078 0.7589 0.0110 0.0096 0.1367 0.0169 
          65  1 0.0224 0.0235 0.1202 0.0230 0.6200 0.0082 0.0108 0.0937 0.0784 
          66  1 0.0245 0.0741 0.1067 0.0083 0.7127 0.0069 0.0052 0.0491 0.0125 
          67  1 0.0090 0.0079 0.0049 0.0044 0.0061 0.2062 0.3842 0.3663 0.0111 
          68  1 0.0139 0.0385 0.0391 0.0260 0.8131 0.0351 0.0096 0.0073 0.0174 
          69  1 0.0044 0.0271 0.0149 0.7727 0.0060 0.0095 0.0118 0.0058 0.1478 
          70  1 0.0064 0.0135 0.0066 0.0338 0.0075 0.0669 0.8326 0.0062 0.0265 
          71  1 0.2005 0.0176 0.0091 0.0227 0.3105 0.0479 0.0295 0.0068 0.3555 
          72  1 0.0504 0.0094 0.7345 0.0070 0.0026 0.0058 0.0041 0.1681 0.0181 
          73  1 0.0467 0.1139 0.0183 0.0479 0.0414 0.0165 0.0170 0.0758 0.6225 
          74  1 0.0124 0.0278 0.0123 0.0036 0.0044 0.0073 0.1394 0.0806 0.7121 
          75  1 0.4819 0.0032 0.0029 0.4930 0.0027 0.0047 0.0041 0.0032 0.0042 
          76  1 0.0032 0.0091 0.0230 0.8443 0.0079 0.0333 0.0197 0.0076 0.0519 
          77  1 0.0179 0.0581 0.0152 0.6664 0.0063 0.0085 0.0240 0.0315 0.1723 
          78  1 0.0454 0.0068 0.8799 0.0137 0.0048 0.0064 0.0178 0.0095 0.0156 
          79  1 0.0303 0.0145 0.0082 0.2814 0.2516 0.0635 0.2008 0.0225 0.1272 
          80  1 0.0027 0.0246 0.0179 0.0328 0.0656 0.0265 0.0100 0.0177 0.8023 
          81  1 0.0088 0.0134 0.6702 0.0142 0.0110 0.2136 0.0154 0.0276 0.0258 
          82  1 0.0079 0.0073 0.0054 0.0092 0.0038 0.5210 0.4261 0.0076 0.0117 
          83  1 0.0162 0.0180 0.7558 0.0541 0.0082 0.0171 0.0916 0.0069 0.0321 
          84  1 0.0303 0.1481 0.7046 0.0066 0.0091 0.0080 0.0066 0.0131 0.0737 
          85  1 0.1450 0.0093 0.0104 0.0716 0.0066 0.0140 0.0138 0.0176 0.7117 
          86  1 0.0960 0.0152 0.2971 0.0032 0.0065 0.0807 0.0049 0.4651 0.0313 
          87  1 0.0046 0.0367 0.0065 0.0088 0.0046 0.0074 0.7652 0.0373 0.1290 
          88  1 0.0234 0.0177 0.5450 0.0090 0.0280 0.2161 0.0150 0.0241 0.1216 
