           1  1 0.7366 0.0328 0.0643 0.1664 
           2  1 0.7164 0.0266 0.2440 0.0131 
           3  1 0.0326 0.0219 0.9216 0.0239 
           4  1 0.8308 0.0097 0.0067 0.1529 
           5  1 0.6958 0.1056 0.1909 0.0078 
           6  1 0.2528 0.1668 0.5532 0.0271 
           7  1 0.0099 0.9775 0.0080 0.0047 
           8  1 0.7454 0.0143 0.0062 0.2341 
           9  1 0.9246 0.0211 0.0105 0.0439 
          10  1 0.8110 0.1027 0.0675 0.0187 
          11  1 0.4636 0.0309 0.0136 0.4918 
          12  1 0.0230 0.0208 0.0149 0.9413 
          13  1 0.7652 0.2052 0.0099 0.0197 
          14  1 0.0988 0.7218 0.0109 0.1684 
          15  1 0.0148 0.9696 0.0078 0.0078 
          16  1 0.0324 0.7942 0.1691 0.0043 
          17  1 0.1270 0.8351 0.0334 0.0045 
          18  1 0.8637 0.0556 0.0717 0.0090 
          19  1 0.9009 0.0416 0.0506 0.0068 
          20  1 0.8270 0.1558 0.0103 0.0069 
          21  1 0.2056 0.1352 0.0383 0.6209 
          22  1 0.0034 0.0034 0.0028 0.9904 
          23  1 0.2719 0.0124 0.0195 0.6962 
          24  1 0.0094 0.3424 0.0049 0.6433 
          25  1 0.0436 0.0290 0.0205 0.9069 
          26  1 0.0918 0.8678 0.0351 0.0052 
          27  1 0.2002 0.0726 0.0063 0.7209 
          28  1 0.1985 0.0155 0.0150 0.7710 
          29  1 0.0590 0.0497 0.0075 0.8838 
          30  1 0.2662 0.0693 0.0109 0.6536 
          31  1 0.3245 0.0670 0.0190 0.5895 
          32  1 0.7770 0.2016 0.0144 0.0070 
          33  1 0.0425 0.2229 0.0289 0.7056 
          34  1 0.4541 0.5036 0.0300 0.0124 
          35  1 0.0187 0.0221 0.0204 0.9388 
          36  1 0.0130 0.0632 0.9185 0.0054 
          37  1 0.9313 0.0359 0.0206 0.0122 
          38  1 0.6539 0.3272 0.0138 0.0051 
          39  1 0.0157 0.0082 0.0085 0.9677 
          40  1 0.0296 0.3680 0.0159 0.5866 
          41  1 0.8642 0.1120 0.0117 0.0122 
          42  1 0.0304 0.3033 0.0046 0.6618 
          43  1 0.3462 0.0405 0.0081 0.6051 
          44  1 0.1525 0.0986 0.0158 0.7331 
          45  1 0.2884 0.0244 0.0116 0.6756 
          46  1 0.0427 0.9429 0.0080 0.0064 
          47  1 0.5962 0.3287 0.0449 0.0301 
          48  1 0.0067 0.0052 0.0068 0.9813 
          49  1 0.0850 0.1285 0.7782 0.0083 
          50  1 0.0099 0.4364 0.5472 0.0066 
          51  1 0.0208 0.0769 0.8968 0.0055 
          52  1 0.8904 0.0649 0.0192 0.0255 
          53  1 0.1061 0.1208 0.7671 0.0061 
          54  1 0.0079 0.0073 0.9741 0.0107 
          55  1 0.0162 0.0074 0.9596 0.0168 
          56  1 0.0908 0.0091 0.8852 0.0149 
          57  1 0.9461 0.0102 0.0133 0.0304 
          58  1 0.0847 0.0406 0.8670 0.0077 
          59  1 0.0401 0.0855 0.0273 0.8470 
          60  1 0.0226 0.3532 0.0119 0.6123 
          61  1 0.3746 0.0353 0.0169 0.5731 
          62  1 0.4069 0.4098 0.0730 0.1102 
          63  1 0.9361 0.0250 0.0254 0.0134 
          64  1 0.0315 0.0281 0.9357 0.0047 
          65  1 0.2547 0.0432 0.6568 0.0453 
          66  1 0.0451 0.0194 0.8652 0.0703 
          67  1 0.4608 0.4558 0.0340 0.0494 
          68  1 0.0136 0.0107 0.9610 0.0146 
          69  1 0.6366 0.3341 0.0200 0.0093 
          70  1 0.0225 0.9476 0.0199 0.0101 
          71  1 0.1072 0.0774 0.5210 0.2945 
          72  1 0.9251 0.0086 0.0050 0.0614 
          73  1 0.7374 0.0869 0.0727 0.1029 
          74  1 0.7842 0.1741 0.0077 0.0341 
          75  1 0.2376 0.1925 0.0128 0.5571 
          76  1 0.6168 0.3288 0.0478 0.0066 
          77  1 0.6797 0.2755 0.0093 0.0355 
          78  1 0.9050 0.0282 0.0082 0.0585 
          79  1 0.1867 0.3858 0.3766 0.0509 
          80  1 0.7564 0.0322 0.2063 0.0051 
          81  1 0.8746 0.0185 0.0847 0.0222 
          82  1 0.3179 0.6540 0.0145 0.0136 
          83  1 0.9034 0.0568 0.0118 0.0279 
          84  1 0.9261 0.0172 0.0130 0.0437 
          85  1 0.7307 0.0678 0.0164 0.1850 
          86  1 0.8262 0.0093 0.0143 0.1502 
          87  1 0.0723 0.9050 0.0116 0.0111 
          88  1 0.8828 0.0206 0.0580 0.0385 
