           1  1 0.0451 0.0139 0.0101 0.0431 0.8264 0.0326 0.0164 0.0124 
           2  1 0.0055 0.7404 0.0127 0.0145 0.0523 0.1252 0.0406 0.0089 
           3  1 0.0034 0.9511 0.0125 0.0138 0.0038 0.0050 0.0055 0.0049 
           4  1 0.0908 0.0039 0.0071 0.0042 0.0065 0.8761 0.0071 0.0043 
           5  1 0.0039 0.9423 0.0073 0.0101 0.0133 0.0084 0.0054 0.0092 
           6  1 0.0127 0.8726 0.0159 0.0213 0.0051 0.0438 0.0056 0.0230 
           7  1 0.0027 0.0043 0.0054 0.0063 0.0053 0.0073 0.0067 0.9620 
           8  1 0.0844 0.0041 0.0044 0.0030 0.8539 0.0230 0.0211 0.0061 
           9  1 0.0245 0.0105 0.0138 0.0091 0.7841 0.0520 0.0877 0.0183 
          10  1 0.0076 0.1806 0.0423 0.0666 0.5734 0.0475 0.0063 0.0758 
          11  1 0.3584 0.0032 0.0252 0.0089 0.0235 0.4514 0.1183 0.0111 
          12  1 0.8190 0.0085 0.0198 0.0066 0.1209 0.0129 0.0047 0.0075 
          13  1 0.0066 0.3846 0.5775 0.0031 0.0077 0.0085 0.0071 0.0049 
          14  1 0.1367 0.0045 0.0113 0.0082 0.0328 0.1229 0.0145 0.6689 
          15  1 0.0044 0.0055 0.0056 0.0051 0.0061 0.0106 0.0127 0.9499 
          16  1 0.0027 0.0074 0.0084 0.1456 0.0736 0.0235 0.0239 0.7148 
          17  1 0.0028 0.0520 0.0312 0.0186 0.0073 0.3050 0.0350 0.5481 
          18  1 0.0056 0.3267 0.0061 0.0085 0.0232 0.0115 0.6001 0.0183 
          19  1 0.0040 0.0221 0.0114 0.0226 0.1022 0.8072 0.0144 0.0161 
          20  1 0.0037 0.0194 0.0057 0.0059 0.0404 0.8792 0.0151 0.0306 
          21  1 0.5415 0.0189 0.0588 0.0189 0.0716 0.1142 0.0985 0.0776 
          22  1 0.9835 0.0020 0.0026 0.0019 0.0029 0.0025 0.0023 0.0024 
          23  1 0.5867 0.0254 0.0049 0.0041 0.3230 0.0167 0.0331 0.0061 
          24  1 0.6222 0.0057 0.0075 0.0029 0.0051 0.0070 0.0044 0.3452 
          25  1 0.8283 0.0042 0.0363 0.0265 0.0145 0.0682 0.0094 0.0127 
          26  1 0.0027 0.0116 0.6157 0.0081 0.0123 0.0096 0.0046 0.3353 
          27  1 0.6671 0.0039 0.0031 0.0039 0.0088 0.2683 0.0073 0.0377 
          28  1 0.6633 0.0064 0.0356 0.0058 0.0284 0.0201 0.2365 0.0039 
          29  1 0.7002 0.0068 0.0379 0.0032 0.0164 0.0200 0.1960 0.0194 
          30  1 0.4584 0.0053 0.0073 0.0046 0.4824 0.0189 0.0142 0.0088 
          31  1 0.5298 0.0070 0.0132 0.0097 0.0268 0.3638 0.0219 0.0278 
          32  1 0.0033 0.0058 0.5505 0.0041 0.0198 0.0151 0.3922 0.0092 
          33  1 0.6399 0.0062 0.0304 0.0242 0.0132 0.0257 0.0648 0.1956 
          34  1 0.0065 0.0062 0.5840 0.0232 0.0144 0.2273 0.0666 0.0718 
          35  1 0.8635 0.0076 0.0227 0.0245 0.0115 0.0367 0.0126 0.0210 
          36  1 0.0040 0.3706 0.0097 0.5808 0.0040 0.0063 0.0043 0.0203 
          37  1 0.0081 0.2294 0.0386 0.0078 0.1126 0.5389 0.0526 0.0121 
          38  1 0.0032 0.0097 0.0502 0.0079 0.0066 0.8747 0.0115 0.0362 
          39  1 0.8783 0.0134 0.0088 0.0057 0.0176 0.0180 0.0513 0.0068 
          40  1 0.5229 0.0174 0.0080 0.0081 0.0767 0.0235 0.0069 0.3364 
          41  1 0.0074 0.0366 0.0165 0.0063 0.0333 0.8495 0.0160 0.0344 
          42  1 0.6279 0.0174 0.0041 0.0024 0.0076 0.0097 0.0088 0.3223 
          43  1 0.5522 0.0168 0.0243 0.0061 0.0220 0.0505 0.3098 0.0183 
          44  1 0.4811 0.0061 0.0075 0.0042 0.4709 0.0087 0.0135 0.0079 
          45  1 0.6332 0.0056 0.0112 0.0079 0.0090 0.3043 0.0169 0.0118 
          46  1 0.0038 0.0047 0.0180 0.0050 0.0112 0.0423 0.0293 0.8857 
          47  1 0.0349 0.0342 0.8445 0.0241 0.0110 0.0258 0.0096 0.0157 
          48  1 0.9296 0.0369 0.0032 0.0035 0.0122 0.0053 0.0053 0.0041 
          49  1 0.0048 0.0247 0.0159 0.6530 0.2152 0.0219 0.0227 0.0419 
          50  1 0.0041 0.0124 0.0131 0.5167 0.0053 0.0070 0.0056 0.4358 
          51  1 0.0033 0.1068 0.1191 0.6732 0.0074 0.0147 0.0204 0.0551 
          52  1 0.0218 0.0101 0.0395 0.0191 0.0217 0.2414 0.6221 0.0244 
          53  1 0.0038 0.0584 0.1365 0.6587 0.0148 0.0950 0.0050 0.0279 
          54  1 0.0047 0.4188 0.0067 0.5535 0.0044 0.0048 0.0033 0.0038 
          55  1 0.0149 0.0188 0.0249 0.8779 0.0092 0.0370 0.0125 0.0047 
          56  1 0.0058 0.0074 0.0049 0.7437 0.1800 0.0262 0.0280 0.0041 
          57  1 0.0124 0.4133 0.0047 0.0050 0.5110 0.0222 0.0272 0.0042 
          58  1 0.0037 0.0142 0.0122 0.7546 0.0867 0.1080 0.0069 0.0138 
          59  1 0.6824 0.0184 0.0178 0.0141 0.1272 0.0591 0.0293 0.0517 
          60  1 0.5299 0.0078 0.0168 0.0084 0.0389 0.0180 0.0174 0.3627 
          61  1 0.5016 0.0178 0.0189 0.0103 0.1974 0.1923 0.0498 0.0119 
          62  1 0.0654 0.0162 0.0087 0.0221 0.0337 0.4890 0.0089 0.3561 
          63  1 0.0069 0.2693 0.0049 0.0063 0.0285 0.0097 0.6654 0.0090 
          64  1 0.0031 0.0129 0.0097 0.7638 0.1483 0.0220 0.0291 0.0111 
          65  1 0.0258 0.0082 0.0255 0.6193 0.0865 0.0679 0.1532 0.0136 
          66  1 0.0216 0.0067 0.0096 0.7086 0.0569 0.0162 0.1740 0.0065 
          67  1 0.0101 0.2464 0.0056 0.0068 0.3577 0.0125 0.0063 0.3545 
          68  1 0.0149 0.0434 0.0273 0.8205 0.0084 0.0185 0.0567 0.0101 
          69  1 0.0048 0.0113 0.7789 0.0073 0.0065 0.1564 0.0209 0.0139 
          70  1 0.0072 0.0860 0.0395 0.0081 0.0065 0.0234 0.0070 0.8224 
          71  1 0.2329 0.0680 0.0365 0.3461 0.0089 0.2542 0.0126 0.0408 
          72  1 0.0662 0.0064 0.0080 0.0027 0.1626 0.0201 0.7291 0.0049 
          73  1 0.0457 0.0181 0.0630 0.0386 0.0967 0.6972 0.0227 0.0180 
          74  1 0.0164 0.0085 0.0040 0.0048 0.1070 0.6454 0.0172 0.1967 
          75  1 0.4822 0.0053 0.4929 0.0032 0.0038 0.0048 0.0035 0.0044 
          76  1 0.0034 0.0343 0.8489 0.0084 0.0083 0.0533 0.0228 0.0206 
          77  1 0.0232 0.0100 0.6893 0.0072 0.0373 0.1794 0.0174 0.0362 
          78  1 0.0547 0.0069 0.0124 0.0050 0.0109 0.0144 0.8763 0.0195 
          79  1 0.0369 0.0758 0.3041 0.2514 0.0219 0.1001 0.0089 0.2010 
          80  1 0.0031 0.0287 0.0397 0.0777 0.0220 0.7893 0.0271 0.0125 
          81  1 0.0096 0.2025 0.0147 0.0120 0.0293 0.0273 0.6905 0.0140 
          82  1 0.0095 0.5374 0.0126 0.0043 0.0095 0.0127 0.0069 0.4071 
          83  1 0.0212 0.0218 0.0581 0.0088 0.0082 0.0423 0.7670 0.0726 
          84  1 0.0287 0.0098 0.0090 0.0120 0.0185 0.1398 0.7720 0.0101 
          85  1 0.1637 0.0190 0.0947 0.0075 0.0226 0.6654 0.0107 0.0164 
          86  1 0.1008 0.0874 0.0040 0.0068 0.4064 0.0249 0.3641 0.0055 
          87  1 0.0053 0.0079 0.0102 0.0051 0.0389 0.1230 0.0065 0.8031 
          88  1 0.0290 0.2431 0.0102 0.0306 0.0309 0.1142 0.5252 0.0170 
