           1  1 0.0286 0.7336 0.0663 0.1714 
           2  1 0.0227 0.7069 0.2575 0.0130 
           3  1 0.0211 0.0291 0.9265 0.0233 
           4  1 0.0101 0.8359 0.0063 0.1478 
           5  1 0.1244 0.6675 0.2004 0.0077 
           6  1 0.1695 0.2401 0.5623 0.0281 
           7  1 0.9795 0.0086 0.0074 0.0045 
           8  1 0.0146 0.7397 0.0062 0.2396 
           9  1 0.0199 0.9233 0.0103 0.0466 
          10  1 0.0933 0.8273 0.0612 0.0181 
          11  1 0.0272 0.4709 0.0133 0.4887 
          12  1 0.0178 0.0236 0.0140 0.9446 
          13  1 0.1614 0.8091 0.0100 0.0196 
          14  1 0.7253 0.0969 0.0107 0.1670 
          15  1 0.9721 0.0126 0.0077 0.0076 
          16  1 0.8007 0.0283 0.1668 0.0042 
          17  1 0.8190 0.1430 0.0332 0.0047 
          18  1 0.0624 0.8526 0.0760 0.0089 
          19  1 0.0391 0.9015 0.0528 0.0065 
          20  1 0.1371 0.8459 0.0103 0.0068 
          21  1 0.1252 0.2150 0.0393 0.6205 
          22  1 0.0034 0.0034 0.0027 0.9905 
          23  1 0.0126 0.2689 0.0198 0.6987 
          24  1 0.3409 0.0098 0.0049 0.6444 
          25  1 0.0270 0.0450 0.0202 0.9078 
          26  1 0.8517 0.1060 0.0369 0.0053 
          27  1 0.0535 0.2285 0.0062 0.7118 
          28  1 0.0122 0.1960 0.0159 0.7759 
          29  1 0.0421 0.0567 0.0075 0.8937 
          30  1 0.0633 0.2733 0.0102 0.6532 
          31  1 0.0629 0.3351 0.0169 0.5852 
          32  1 0.1629 0.8159 0.0145 0.0067 
          33  1 0.2249 0.0386 0.0271 0.7094 
          34  1 0.4374 0.5181 0.0328 0.0117 
          35  1 0.0216 0.0180 0.0186 0.9418 
          36  1 0.0617 0.0128 0.9203 0.0052 
          37  1 0.0276 0.9386 0.0220 0.0118 
          38  1 0.2896 0.6905 0.0149 0.0050 
          39  1 0.0075 0.0135 0.0083 0.9707 
          40  1 0.3692 0.0273 0.0152 0.5883 
          41  1 0.1108 0.8656 0.0113 0.0122 
          42  1 0.3113 0.0252 0.0044 0.6591 
          43  1 0.0338 0.3509 0.0083 0.6070 
          44  1 0.0909 0.1487 0.0170 0.7434 
          45  1 0.0250 0.2895 0.0112 0.6744 
          46  1 0.9384 0.0470 0.0082 0.0063 
          47  1 0.2533 0.6737 0.0464 0.0266 
          48  1 0.0051 0.0062 0.0067 0.9820 
          49  1 0.1305 0.0809 0.7808 0.0079 
          50  1 0.4368 0.0091 0.5478 0.0064 
          51  1 0.0712 0.0215 0.9018 0.0055 
          52  1 0.0613 0.8938 0.0194 0.0255 
          53  1 0.1180 0.1068 0.7692 0.0060 
          54  1 0.0066 0.0082 0.9748 0.0104 
          55  1 0.0072 0.0153 0.9615 0.0160 
          56  1 0.0096 0.0859 0.8895 0.0150 
          57  1 0.0098 0.9470 0.0131 0.0301 
          58  1 0.0366 0.0866 0.8694 0.0075 
          59  1 0.0775 0.0378 0.0271 0.8576 
          60  1 0.3576 0.0182 0.0108 0.6134 
          61  1 0.0319 0.3732 0.0181 0.5768 
          62  1 0.4080 0.4188 0.0665 0.1067 
          63  1 0.0297 0.9329 0.0244 0.0129 
          64  1 0.0260 0.0310 0.9383 0.0046 
          65  1 0.0380 0.2583 0.6601 0.0436 
          66  1 0.0182 0.0440 0.8698 0.0679 
          67  1 0.4686 0.4439 0.0358 0.0517 
          68  1 0.0102 0.0128 0.9630 0.0141 
          69  1 0.2740 0.6967 0.0208 0.0085 
          70  1 0.9475 0.0223 0.0200 0.0102 
          71  1 0.0724 0.1089 0.5231 0.2956 
          72  1 0.0085 0.9259 0.0049 0.0606 
          73  1 0.0730 0.7612 0.0702 0.0956 
          74  1 0.1766 0.7831 0.0077 0.0326 
          75  1 0.1567 0.2623 0.0145 0.5666 
          76  1 0.2484 0.6966 0.0482 0.0067 
          77  1 0.2241 0.7314 0.0092 0.0353 
          78  1 0.0324 0.8988 0.0080 0.0609 
          79  1 0.3634 0.1993 0.3847 0.0526 
          80  1 0.0330 0.7652 0.1965 0.0052 
          81  1 0.0165 0.8784 0.0812 0.0239 
          82  1 0.6611 0.3114 0.0140 0.0135 
          83  1 0.0521 0.9085 0.0116 0.0278 
          84  1 0.0163 0.9312 0.0126 0.0399 
          85  1 0.0651 0.7355 0.0166 0.1828 
          86  1 0.0098 0.8257 0.0142 0.1504 
          87  1 0.9011 0.0765 0.0114 0.0111 
          88  1 0.0200 0.8858 0.0552 0.0389 
