  1:   0.3260  0.3368  0.3372  1
  2:   0.3429  0.3319  0.3253  1
  3:   0.3274  0.3370  0.3356  1
  4:   0.3479  0.3301  0.3219  1
  5:   0.3205  0.3365  0.3431  1
  6:   0.3172  0.3374  0.3454  1
  7:   0.3239  0.3339  0.3421  1
  8:   0.3242  0.3330  0.3428  1
  9:   0.3388  0.3324  0.3288  1
 10:   0.3406  0.3332  0.3262  1
 11:   0.3450  0.3320  0.3230  1
 12:   0.3491  0.3297  0.3213  1
 13:   0.3278  0.3348  0.3374  1
 14:   0.3213  0.3375  0.3413  1
 15:   0.3222  0.3342  0.3436  1
 16:   0.3459  0.3309  0.3233  1
 17:   0.3385  0.3319  0.3297  1
 18:   0.3336  0.3346  0.3318  1
 19:   0.3388  0.3322  0.3290  1
 20:   0.3249  0.3329  0.3421  1
 21:   0.3176  0.3370  0.3454  1
 22:   0.3445  0.3321  0.3235  1
 23:   0.3386  0.3340  0.3274  1
 24:   0.3400  0.3332  0.3268  1
 25:   0.3243  0.3357  0.3401  1
 26:   0.3172  0.3362  0.3466  1
 27:   0.3377  0.3315  0.3309  1
 28:   0.3270  0.3348  0.3382  1
 29:   0.3448  0.3314  0.3238  1
 30:   0.3328  0.3336  0.3336  1
 31:   0.3338  0.3328  0.3334  1
 32:   0.3357  0.3339  0.3305  1
 33:   0.3377  0.3325  0.3299  1
 34:   0.3365  0.3315  0.3319  1
 35:   0.3358  0.3314  0.3328  1
 36:   0.3209  0.3337  0.3453  1
 37:   0.3262  0.3344  0.3394  1
 38:   0.3209  0.3341  0.3449  1
 39:   0.3303  0.3349  0.3349  1
 40:   0.3288  0.3346  0.3366  1
 41:   0.3411  0.3301  0.3287  1
 42:   0.3267  0.3339  0.3395  1
 43:   0.3207  0.3347  0.3445  1
 44:   0.3461  0.3301  0.3237  1
 45:   0.3401  0.3327  0.3273  1
 46:   0.3328  0.3324  0.3348  1
 47:   0.3358  0.3326  0.3316  1
 48:   0.3419  0.3325  0.3255  1
 49:   0.3337  0.3331  0.3331  1
 50:   0.3401  0.3325  0.3273  1
 51:   0.3408  0.3326  0.3266  1
 52:   0.3375  0.3313  0.3311  1
 53:   0.3225  0.3365  0.3409  1
 54:   0.3251  0.3357  0.3393  1
 55:   0.3367  0.3323  0.3309  1
 56:   0.3384  0.3338  0.3278  1
 57:   0.3305  0.3349  0.3347  1
 58:   0.3271  0.3331  0.3397  1
 59:   0.3442  0.3308  0.3250  1
 60:   0.3386  0.3312  0.3302  1
 61:   0.3277  0.3351  0.3371  1
 62:   0.3393  0.3325  0.3281  1
 63:   0.3405  0.3325  0.3271  1
 64:   0.3359  0.3327  0.3315  1
 65:   0.3357  0.3327  0.3315  1
 66:   0.3219  0.3347  0.3433  1
 67:   0.3370  0.3344  0.3286  1
 68:   0.3361  0.3327  0.3313  1
 69:   0.3253  0.3357  0.3391  1
 70:   0.3205  0.3351  0.3443  1
 71:   0.3274  0.3358  0.3368  1
 72:   0.3284  0.3330  0.3386  1
 73:   0.3247  0.3361  0.3391  1
 74:   0.3393  0.3327  0.3279  1
 75:   0.3425  0.3317  0.3257  1
 76:   0.3451  0.3315  0.3235  1
 77:   0.3180  0.3354  0.3466  1
 78:   0.3404  0.3326  0.3270  1
 79:   0.3179  0.3349  0.3473  1
 80:   0.3274  0.3326  0.3400  1
 81:   0.3406  0.3332  0.3262  1
 82:   0.3207  0.3357  0.3435  1
 83:   0.3363  0.3349  0.3289  1
 84:   0.3293  0.3333  0.3373  1
 85:   0.3305  0.3341  0.3353  1
 86:   0.3254  0.3344  0.3402  1
 87:   0.3421  0.3327  0.3253  1
 88:   0.3319  0.3339  0.3343  1
 89:   0.3373  0.3295  0.3331  1
 90:   0.3287  0.3359  0.3355  1
 91:   0.3423  0.3315  0.3263  1
 92:   0.3253  0.3363  0.3383  1
 93:   0.3339  0.3331  0.3331  1
 94:   0.3206  0.3352  0.3442  1
 95:   0.3228  0.3354  0.3418  1
 96:   0.3214  0.3356  0.3430  1
 97:   0.3279  0.3341  0.3381  1
 98:   0.3408  0.3312  0.3280  1
 99:   0.3165  0.3369  0.3465  1
100:   0.3446  0.3318  0.3236  1
101:   0.3361  0.3331  0.3307  1
102:   0.3281  0.3355  0.3363  1
103:   0.3393  0.3339  0.3269  1
104:   0.3351  0.3329  0.3321  1
105:   0.3296  0.3350  0.3354  1
106:   0.3328  0.3352  0.3320  1
107:   0.3250  0.3366  0.3384  1
108:   0.3307  0.3341  0.3353  1
109:   0.3295  0.3351  0.3355  1
110:   0.3211  0.3371  0.3417  1
111:   0.3287  0.3335  0.3377  1
112:   0.3291  0.3355  0.3355  1
113:   0.3397  0.3315  0.3287  1
114:   0.3441  0.3313  0.3245  1
115:   0.3295  0.3333  0.3373  1
116:   0.3265  0.3345  0.3389  1
117:   0.3275  0.3337  0.3389  1
118:   0.3383  0.3309  0.3307  1
119:   0.3465  0.3305  0.3231  1
120:   0.3381  0.3335  0.3285  1
121:   0.3333  0.3335  0.3331  1
122:   0.3365  0.3335  0.3299  1
123:   0.3395  0.3323  0.3281  1
124:   0.3395  0.3321  0.3283  1
125:   0.3439  0.3313  0.3249  1
126:   0.3431  0.3315  0.3255  1
127:   0.3367  0.3331  0.3301  1
128:   0.3468  0.3304  0.3228  1
129:   0.3361  0.3335  0.3303  1
130:   0.3223  0.3337  0.3439  1
131:   0.3397  0.3305  0.3299  1
132:   0.3267  0.3347  0.3385  1
133:   0.3341  0.3335  0.3325  1
134:   0.3327  0.3311  0.3363  1
135:   0.3350  0.3332  0.3318  1
136:   0.3358  0.3318  0.3324  1
137:   0.3393  0.3327  0.3279  1
138:   0.3311  0.3331  0.3357  1
139:   0.3275  0.3329  0.3395  1
140:   0.3177  0.3351  0.3471  1
141:   0.3259  0.3359  0.3383  1
142:   0.3246  0.3352  0.3402  1
143:   0.3214  0.3338  0.3448  1
144:   0.3321  0.3323  0.3355  1
145:   0.3436  0.3324  0.3240  1
146:   0.3256  0.3368  0.3376  1
147:   0.3403  0.3315  0.3281  1
148:   0.3455  0.3309  0.3235  1
149:   0.3174  0.3366  0.3460  1
150:   0.3432  0.3328  0.3240  1
151:   0.3309  0.3335  0.3357  1
152:   0.3401  0.3319  0.3281  1
153:   0.3207  0.3351  0.3441  1
154:   0.3534  0.3286  0.3180  1
155:   0.3331  0.3329  0.3341  1
156:   0.3212  0.3352  0.3436  1
157:   0.3397  0.3319  0.3285  1
158:   0.3371  0.3337  0.3291  1
159:   0.3343  0.3349  0.3307  1
160:   0.3264  0.3340  0.3396  1
161:   0.3261  0.3341  0.3397  1
162:   0.3491  0.3299  0.3209  1
163:   0.3264  0.3342  0.3394  1
164:   0.3213  0.3343  0.3443  1
165:   0.3411  0.3311  0.3279  1
166:   0.3378  0.3334  0.3288  1
167:   0.3427  0.3309  0.3265  1
168:   0.3408  0.3312  0.3280  1
169:   0.3466  0.3302  0.3232  1
170:   0.3319  0.3349  0.3331  1
171:   0.3232  0.3330  0.3438  1
172:   0.3461  0.3325  0.3213  1
173:   0.3397  0.3321  0.3281  1
174:   0.3319  0.3317  0.3365  1
175:   0.3402  0.3312  0.3286  1
176:   0.3435  0.3305  0.3259  1
177:   0.3223  0.3345  0.3433  1
178:   0.3446  0.3312  0.3242  1
179:   0.3468  0.3304  0.3228  1
180:   0.3351  0.3341  0.3309  1
181:   0.3429  0.3307  0.3263  1
182:   0.3193  0.3377  0.3431  1
183:   0.3245  0.3347  0.3407  1
