  1:   0.0436  0.2422  0.3731  0.3411  1
  2:   0.0448  0.2244  0.3812  0.3496  1
  3:   0.0230  0.2032  0.4143  0.3595  1
  4:   0.0978  0.3969  0.2552  0.2501  1
  5:   0.3060  0.1460  0.2862  0.2618  1
  6:   0.8534  0.0496  0.0516  0.0454  1
  7:   0.0682  0.2793  0.3003  0.3521  1
  8:   0.1250  0.4121  0.2248  0.2381  1
  9:   0.0332  0.5617  0.1872  0.2179  1
 10:   0.1603  0.1945  0.4147  0.2305  1
 11:   0.2078  0.1565  0.4011  0.2346  1
 12:   0.0616  0.2622  0.2605  0.4157  1
 13:   0.0296  0.2834  0.2950  0.3920  1
 14:   0.0500  0.3667  0.2973  0.2861  1
 15:   0.0250  0.1972  0.3741  0.4037  1
 16:   0.6364  0.0982  0.1648  0.1006  1
 17:   0.0568  0.4710  0.2409  0.2313  1
 18:   0.0392  0.4808  0.2337  0.2462  1
 19:   0.2485  0.1741  0.3189  0.2585  1
 20:   0.0362  0.4003  0.2528  0.3107  1
 21:   0.1014  0.1954  0.2779  0.4253  1
 22:   0.9028  0.0268  0.0410  0.0294  1
 23:   0.8542  0.0314  0.0610  0.0534  1
 24:   0.4364  0.1710  0.1918  0.2008  1
 25:   0.1663  0.1633  0.4193  0.2511  1
 26:   0.2571  0.2200  0.2520  0.2709  1
 27:   0.8736  0.0332  0.0510  0.0422  1
 28:   0.1922  0.1762  0.3275  0.3041  1
 29:   0.8871  0.0368  0.0444  0.0316  1
 30:   0.7453  0.0846  0.0972  0.0728  1
 31:   0.9374  0.0212  0.0232  0.0182  1
 32:   0.8012  0.0836  0.0536  0.0616  1
 33:   0.1972  0.1944  0.3159  0.2925  1
 34:   0.8938  0.0318  0.0404  0.0340  1
 35:   0.5015  0.1074  0.2581  0.1330  1
 36:   0.7824  0.0610  0.0740  0.0826  1
 37:   0.8850  0.0262  0.0536  0.0352  1
 38:   0.7059  0.0712  0.1334  0.0894  1
 39:   0.7527  0.0520  0.1304  0.0648  1
 40:   0.1365  0.1915  0.3934  0.2787  1
 41:   0.8018  0.0612  0.0712  0.0658  1
 42:   0.6373  0.0840  0.1472  0.1314  1
 43:   0.8599  0.0454  0.0468  0.0480  1
 44:   0.6261  0.0812  0.1512  0.1414  1
 45:   0.8509  0.0416  0.0608  0.0468  1
 46:   0.8844  0.0362  0.0444  0.0350  1
 47:   0.6498  0.0860  0.1488  0.1154  1
 48:   0.8678  0.0464  0.0470  0.0388  1
 49:   0.8491  0.0444  0.0592  0.0472  1
 50:   0.4423  0.1332  0.2744  0.1500  1
 51:   0.8246  0.0432  0.0782  0.0540  1
 52:   0.7193  0.0566  0.1426  0.0814  1
 53:   0.6877  0.0914  0.1327  0.0882  1
 54:   0.8891  0.0312  0.0430  0.0368  1
 55:   0.0786  0.4338  0.2202  0.2674  1
 56:   0.1680  0.2048  0.3317  0.2955  1
 57:   0.0740  0.3444  0.3128  0.2688  1
 58:   0.0670  0.3245  0.3247  0.2839  1
 59:   0.1722  0.1640  0.4436  0.2202  1
 60:   0.0356  0.5341  0.1999  0.2304  1
 61:   0.0320  0.5164  0.2085  0.2431  1
 62:   0.0470  0.1966  0.3784  0.3780  1
 63:   0.0564  0.1963  0.4471  0.3003  1
 64:   0.0768  0.3569  0.2644  0.3019  1
 65:   0.0886  0.2106  0.4035  0.2973  1
 66:   0.1152  0.3332  0.2598  0.2918  1
 67:   0.0350  0.2886  0.3594  0.3170  1
 68:   0.0410  0.1936  0.3680  0.3974  1
 69:   0.0272  0.4084  0.2401  0.3243  1
 70:   0.0338  0.4877  0.2157  0.2628  1
 71:   0.0864  0.2482  0.2941  0.3713  1
 72:   0.0282  0.5733  0.1859  0.2126  1
 73:   0.8160  0.0608  0.0638  0.0594  1
 74:   0.0348  0.2024  0.3121  0.4507  1
 75:   0.0214  0.5850  0.1794  0.2142  1
 76:   0.5320  0.0956  0.2156  0.1568  1
 77:   0.0308  0.2179  0.3025  0.4488  1
 78:   0.0530  0.4385  0.2450  0.2635  1
 79:   0.1030  0.4772  0.2059  0.2139  1
 80:   0.7446  0.1152  0.0714  0.0688  1
 81:   0.1416  0.3559  0.2464  0.2560  1
 82:   0.2230  0.2750  0.2616  0.2404  1
 83:   0.0322  0.4385  0.2216  0.3077  1
 84:   0.0730  0.5306  0.1857  0.2107  1
 85:   0.1024  0.2029  0.3713  0.3233  1
 86:   0.4358  0.1086  0.3072  0.1484  1
 87:   0.0346  0.3489  0.3247  0.2919  1
 88:   0.0286  0.3347  0.3109  0.3257  1
 89:   0.0552  0.3155  0.2999  0.3295  1
 90:   0.0450  0.2518  0.3394  0.3638  1
 91:   0.1752  0.2142  0.3663  0.2442  1
 92:   0.0330  0.2546  0.2512  0.4612  1
 93:   0.7313  0.1078  0.0814  0.0794  1
 94:   0.0740  0.3197  0.3377  0.2687  1
 95:   0.2125  0.1875  0.3227  0.2773  1
 96:   0.0426  0.2932  0.2378  0.4264  1
 97:   0.7073  0.1118  0.0952  0.0856  1
 98:   0.0934  0.2761  0.3147  0.3157  1
 99:   0.0180  0.2192  0.2546  0.5083  1
100:   0.0830  0.2828  0.3617  0.2725  1
101:   0.0574  0.5129  0.2066  0.2232  1
102:   0.0504  0.3810  0.3048  0.2638  1
103:   0.1204  0.2505  0.3473  0.2817  1
104:   0.0248  0.4466  0.2153  0.3133  1
105:   0.5062  0.1332  0.2096  0.1510  1
106:   0.1687  0.1619  0.3828  0.2865  1
107:   0.4548  0.1933  0.2085  0.1433  1
108:   0.0370  0.2260  0.3435  0.3935  1
109:   0.1426  0.2112  0.2518  0.3943  1
110:   0.8489  0.0454  0.0606  0.0452  1
111:   0.0572  0.4356  0.2433  0.2639  1
112:   0.0524  0.4269  0.2405  0.2802  1
113:   0.0428  0.3304  0.2554  0.3714  1
114:   0.0346  0.4881  0.2343  0.2430  1
115:   0.8426  0.0400  0.0708  0.0466  1
116:   0.0568  0.4483  0.2338  0.2610  1
117:   0.0172  0.2291  0.2625  0.4912  1
118:   0.0366  0.4213  0.2826  0.2595  1
119:   0.7662  0.0866  0.0802  0.0670  1
120:   0.0820  0.3941  0.2270  0.2969  1
121:   0.0356  0.4378  0.2585  0.2681  1
122:   0.8132  0.0614  0.0650  0.0604  1
123:   0.0890  0.2105  0.3996  0.3009  1
124:   0.2402  0.1850  0.3258  0.2490  1
125:   0.0714  0.1880  0.4812  0.2594  1
126:   0.0460  0.3906  0.2490  0.3144  1
127:   0.0698  0.3729  0.2913  0.2661  1
128:   0.0394  0.5016  0.2184  0.2406  1
129:   0.0256  0.2705  0.2705  0.4335  1
130:   0.0892  0.3028  0.3606  0.2474  1
131:   0.7593  0.0732  0.0880  0.0796  1
132:   0.0276  0.2374  0.2639  0.4711  1
133:   0.5887  0.0928  0.1945  0.1240  1
134:   0.0398  0.4086  0.2355  0.3161  1
135:   0.0388  0.2544  0.3779  0.3289  1
136:   0.0434  0.5083  0.2083  0.2400  1
137:   0.0624  0.3261  0.2473  0.3643  1
138:   0.4207  0.1090  0.2800  0.1904  1
139:   0.6659  0.1186  0.1345  0.0810  1
140:   0.0370  0.4621  0.2294  0.2714  1
141:   0.4093  0.1484  0.2416  0.2006  1
142:   0.6446  0.1346  0.1302  0.0906  1
143:   0.0404  0.5061  0.2205  0.2331  1
144:   0.5253  0.2598  0.1098  0.1052  1
145:   0.0454  0.2438  0.3206  0.3902  1
146:   0.0258  0.2490  0.2714  0.4538  1
147:   0.1194  0.2372  0.3366  0.3068  1
148:   0.0590  0.2835  0.2747  0.3829  1
149:   0.0484  0.3215  0.3119  0.3181  1
150:   0.0364  0.2273  0.4541  0.2822  1
151:   0.0310  0.5302  0.2014  0.2374  1
152:   0.0326  0.3131  0.3037  0.3507  1
153:   0.0528  0.2701  0.3283  0.3487  1
154:   0.0478  0.4860  0.2059  0.2603  1
155:   0.0390  0.5084  0.2170  0.2356  1
156:   0.0534  0.3635  0.2625  0.3205  1
157:   0.0456  0.3341  0.2518  0.3685  1
158:   0.0650  0.3545  0.3015  0.2789  1
159:   0.2210  0.2212  0.3018  0.2560  1
160:   0.0672  0.4229  0.2472  0.2627  1
161:   0.1616  0.1958  0.3875  0.2552  1
162:   0.0326  0.5300  0.2068  0.2306  1
163:   0.0434  0.2931  0.3927  0.2708  1
164:   0.1018  0.4622  0.2282  0.2078  1
165:   0.4561  0.1810  0.1894  0.1734  1
166:   0.0662  0.2030  0.3736  0.3572  1
167:   0.0768  0.2767  0.3015  0.3449  1
168:   0.0326  0.3669  0.3375  0.2630  1
169:   0.1618  0.2004  0.3684  0.2694  1
170:   0.7310  0.1068  0.0896  0.0726  1
171:   0.1632  0.3228  0.2360  0.2780  1
172:   0.0498  0.4677  0.2525  0.2299  1
173:   0.0776  0.2759  0.2941  0.3523  1
174:   0.0946  0.3140  0.2880  0.3034  1
175:   0.0406  0.3022  0.3252  0.3320  1
176:   0.0252  0.2560  0.3032  0.4156  1
177:   0.1133  0.2782  0.3478  0.2608  1
178:   0.0450  0.4580  0.2450  0.2520  1
179:   0.0342  0.1984  0.4253  0.3421  1
180:   0.1771  0.1991  0.3433  0.2805  1
181:   0.0410  0.1974  0.3816  0.3800  1
182:   0.0364  0.2663  0.3509  0.3465  1
183:   0.0410  0.2132  0.2784  0.4674  1
184:   0.0314  0.3113  0.2517  0.4057  1
185:   0.0260  0.2748  0.2880  0.4112  1
186:   0.0346  0.5422  0.1932  0.2299  1
187:   0.0970  0.3282  0.3006  0.2742  1
188:   0.0790  0.1984  0.3618  0.3608  1
189:   0.0470  0.2943  0.3677  0.2909  1
190:   0.0518  0.5616  0.1785  0.2081  1
191:   0.0710  0.2170  0.3161  0.3959  1
192:   0.0520  0.3577  0.3053  0.2851  1
193:   0.0344  0.5436  0.1954  0.2266  1
194:   0.0432  0.5197  0.1852  0.2518  1
195:   0.6149  0.0838  0.1780  0.1232  1
196:   0.0664  0.3512  0.3498  0.2326  1
197:   0.1250  0.3782  0.2741  0.2227  1
198:   0.0566  0.2038  0.2758  0.4638  1
199:   0.0296  0.3683  0.2678  0.3343  1
200:   0.0650  0.2188  0.3722  0.3440  1
201:   0.0230  0.4240  0.2163  0.3367  1
202:   0.0480  0.4494  0.2202  0.2824  1
203:   0.0396  0.2182  0.3058  0.4364  1
204:   0.0266  0.2303  0.2739  0.4691  1
205:   0.9258  0.0236  0.0282  0.0224  1
