           1  1 0.5812 0.3603 0.0585 
           2  1 0.1539 0.1191 0.7270 
           3  1 0.0570 0.1299 0.8131 
           4  1 0.5740 0.3739 0.0521 
           5  1 0.1367 0.7882 0.0751 
           6  1 0.0914 0.1360 0.7726 
           7  1 0.1770 0.2147 0.6083 
           8  1 0.7785 0.1767 0.0448 
           9  1 0.0354 0.3534 0.6112 
          10  1 0.1223 0.8262 0.0515 
          11  1 0.8239 0.1044 0.0717 
          12  1 0.3640 0.1393 0.4967 
          13  1 0.7238 0.1828 0.0934 
          14  1 0.1563 0.4166 0.4271 
          15  1 0.1589 0.5809 0.2602 
          16  1 0.8142 0.1181 0.0677 
          17  1 0.6273 0.1413 0.2314 
          18  1 0.6690 0.1605 0.1706 
          19  1 0.1783 0.4479 0.3739 
          20  1 0.2864 0.4875 0.2262 
          21  1 0.2408 0.6329 0.1264 
          22  1 0.0842 0.8385 0.0773 
          23  1 0.0709 0.0474 0.8817 
          24  1 0.0390 0.3307 0.6303 
          25  1 0.8012 0.1280 0.0708 
          26  1 0.0718 0.1301 0.7981 
          27  1 0.4129 0.5468 0.0403 
          28  1 0.2244 0.6453 0.1303 
          29  1 0.0661 0.2667 0.6672 
          30  1 0.1693 0.7306 0.1001 
          31  1 0.5234 0.2501 0.2265 
          32  1 0.1459 0.7161 0.1379 
          33  1 0.4600 0.2606 0.2793 
          34  1 0.3239 0.4171 0.2589 
          35  1 0.1148 0.6294 0.2559 
          36  1 0.0594 0.3243 0.6162 
          37  1 0.7120 0.1032 0.1848 
          38  1 0.0400 0.7422 0.2178 
          39  1 0.4736 0.4265 0.0999 
          40  1 0.7737 0.1535 0.0727 
          41  1 0.0822 0.5940 0.3238 
          42  1 0.6587 0.1016 0.2397 
          43  1 0.0256 0.0360 0.9383 
          44  1 0.0614 0.0430 0.8956 
          45  1 0.7854 0.1602 0.0544 
          46  1 0.1014 0.0545 0.8441 
          47  1 0.6877 0.2282 0.0841 
          48  1 0.0819 0.3702 0.5479 
          49  1 0.1143 0.6661 0.2197 
          50  1 0.1555 0.7659 0.0786 
          51  1 0.2518 0.5323 0.2159 
          52  1 0.7466 0.1744 0.0790 
          53  1 0.0683 0.8350 0.0968 
          54  1 0.5462 0.2421 0.2117 
          55  1 0.6573 0.1413 0.2014 
          56  1 0.1184 0.3430 0.5385 
          57  1 0.0371 0.1244 0.8385 
          58  1 0.0324 0.1511 0.8165 
          59  1 0.0576 0.4755 0.4668 
          60  1 0.0777 0.3857 0.5366 
          61  1 0.8796 0.0671 0.0533 
          62  1 0.0389 0.1033 0.8578 
          63  1 0.4604 0.4799 0.0597 
          64  1 0.1200 0.7128 0.1672 
          65  1 0.2034 0.5755 0.2211 
          66  1 0.1358 0.7882 0.0760 
          67  1 0.1036 0.0818 0.8147 
          68  1 0.0482 0.1424 0.8095 
          69  1 0.6423 0.3389 0.0188 
          70  1 0.0218 0.0418 0.9364 
          71  1 0.0624 0.6507 0.2869 
          72  1 0.0638 0.3570 0.5792 
          73  1 0.8313 0.1074 0.0612 
          74  1 0.1106 0.8430 0.0464 
          75  1 0.8287 0.1122 0.0591 
          76  1 0.0920 0.1217 0.7863 
          77  1 0.0949 0.2966 0.6085 
          78  1 0.7801 0.1200 0.0999 
          79  1 0.8882 0.0571 0.0547 
          80  1 0.0407 0.1643 0.7950 
          81  1 0.0828 0.8650 0.0522 
          82  1 0.4039 0.4604 0.1357 
          83  1 0.0642 0.2622 0.6736 
          84  1 0.1882 0.3637 0.4481 
          85  1 0.5990 0.2859 0.1151 
          86  1 0.1555 0.1974 0.6471 
          87  1 0.1182 0.3302 0.5516 
          88  1 0.1063 0.3668 0.5269 
          89  1 0.8448 0.0676 0.0876 
          90  1 0.0688 0.0667 0.8645 
          91  1 0.6294 0.3434 0.0272 
          92  1 0.0656 0.0807 0.8538 
          93  1 0.1003 0.7723 0.1275 
          94  1 0.1271 0.7678 0.1052 
          95  1 0.0750 0.6545 0.2704 
          96  1 0.5765 0.3420 0.0815 
          97  1 0.0370 0.0368 0.9263 
          98  1 0.6520 0.1954 0.1526 
          99  1 0.3337 0.3992 0.2671 
         100  1 0.8989 0.0603 0.0408 
         101  1 0.0642 0.2744 0.6614 
         102  1 0.0884 0.8685 0.0430 
         103  1 0.0816 0.2731 0.6452 
         104  1 0.8741 0.0508 0.0751 
         105  1 0.9204 0.0424 0.0372 
         106  1 0.0354 0.9015 0.0630 
         107  1 0.1514 0.7392 0.1094 
         108  1 0.9255 0.0518 0.0227 
         109  1 0.8186 0.0806 0.1008 
         110  1 0.2139 0.1424 0.6437 
         111  1 0.6663 0.2672 0.0665 
         112  1 0.4524 0.4156 0.1320 
         113  1 0.1703 0.0922 0.7375 
         114  1 0.6405 0.0806 0.2790 
         115  1 0.1429 0.8233 0.0338 
         116  1 0.3761 0.5829 0.0410 
         117  1 0.0449 0.1518 0.8033 
         118  1 0.7520 0.1860 0.0620 
         119  1 0.7012 0.2161 0.0827 
         120  1 0.0898 0.5831 0.3271 
         121  1 0.0520 0.3188 0.6293 
         122  1 0.1019 0.3052 0.5929 
         123  1 0.0361 0.0527 0.9112 
         124  1 0.0587 0.1961 0.7452 
         125  1 0.1814 0.1250 0.6935 
         126  1 0.1104 0.3036 0.5860 
         127  1 0.1548 0.5083 0.3369 
         128  1 0.6998 0.2424 0.0577 
         129  1 0.1333 0.2733 0.5934 
         130  1 0.0626 0.7402 0.1972 
         131  1 0.1450 0.1128 0.7422 
         132  1 0.2442 0.6459 0.1099 
         133  1 0.8872 0.0483 0.0645 
         134  1 0.0377 0.5624 0.3999 
         135  1 0.0673 0.6923 0.2404 
         136  1 0.4373 0.3683 0.1944 
         137  1 0.1108 0.7619 0.1273 
         138  1 0.6616 0.2171 0.1214 
         139  1 0.7547 0.1554 0.0899 
         140  1 0.0424 0.3282 0.6294 
         141  1 0.1208 0.6840 0.1953 
         142  1 0.7195 0.2136 0.0669 
         143  1 0.1772 0.4426 0.3802 
         144  1 0.0856 0.7391 0.1754 
         145  1 0.0782 0.1389 0.7829 
         146  1 0.0824 0.5988 0.3188 
         147  1 0.1419 0.1262 0.7319 
         148  1 0.0674 0.1511 0.7814 
         149  1 0.7084 0.1190 0.1726 
         150  1 0.3441 0.5418 0.1141 
         151  1 0.8814 0.0459 0.0727 
         152  1 0.0391 0.3905 0.5704 
         153  1 0.8668 0.1017 0.0314 
         154  1 0.1152 0.6700 0.2148 
         155  1 0.0503 0.5951 0.3546 
         156  1 0.2451 0.5453 0.2096 
         157  1 0.1241 0.0769 0.7990 
         158  1 0.2536 0.3917 0.3548 
         159  1 0.1643 0.6065 0.2293 
         160  1 0.7323 0.2128 0.0549 
         161  1 0.7946 0.1407 0.0647 
         162  1 0.0697 0.4451 0.4852 
         163  1 0.1443 0.2854 0.5703 
         164  1 0.7630 0.1773 0.0597 
         165  1 0.3549 0.2680 0.3771 
         166  1 0.4495 0.4442 0.1063 
         167  1 0.3987 0.4183 0.1831 
         168  1 0.3591 0.4872 0.1538 
         169  1 0.6346 0.3172 0.0483 
         170  1 0.1207 0.7117 0.1677 
         171  1 0.0930 0.1283 0.7787 
         172  1 0.8857 0.0773 0.0369 
         173  1 0.7589 0.2113 0.0298 
         174  1 0.3508 0.3018 0.3475 
         175  1 0.1155 0.2053 0.6792 
         176  1 0.0970 0.8001 0.1030 
         177  1 0.1993 0.2931 0.5077 
         178  1 0.7222 0.1756 0.1022 
         179  1 0.5993 0.1868 0.2139 
         180  1 0.0804 0.8713 0.0483 
         181  1 0.1008 0.7595 0.1397 
         182  1 0.8491 0.0403 0.1106 
         183  1 0.8492 0.1165 0.0343 
         184  1 0.3892 0.3946 0.2162 
         185  1 0.4512 0.3654 0.1834 
         186  1 0.1787 0.7184 0.1029 
         187  1 0.0524 0.2566 0.6910 
         188  1 0.8011 0.1692 0.0297 
         189  1 0.2294 0.2992 0.4714 
         190  1 0.1614 0.6816 0.1570 
         191  1 0.8020 0.1337 0.0644 
         192  1 0.3770 0.1434 0.4796 
         193  1 0.4007 0.3723 0.2270 
         194  1 0.0523 0.6797 0.2680 
         195  1 0.7455 0.1525 0.1020 
         196  1 0.0637 0.8643 0.0720 
         197  1 0.1542 0.4294 0.4164 
         198  1 0.8486 0.0895 0.0619 
         199  1 0.0831 0.0711 0.8458 
         200  1 0.8201 0.0722 0.1076 
         201  1 0.0957 0.8726 0.0317 
         202  1 0.0780 0.0890 0.8330 
         203  1 0.0521 0.4626 0.4853 
         204  1 0.2602 0.2706 0.4692 
         205  1 0.0320 0.0345 0.9335 
         206  1 0.0672 0.2333 0.6996 
         207  1 0.3346 0.5674 0.0979 
         208  1 0.8561 0.0617 0.0822 
         209  1 0.8221 0.0927 0.0852 
         210  1 0.1846 0.3803 0.4351 
         211  1 0.8282 0.1225 0.0494 
         212  1 0.8936 0.0637 0.0427 
         213  1 0.1419 0.4966 0.3616 
         214  1 0.0343 0.5817 0.3840 
         215  1 0.6706 0.2510 0.0784 
         216  1 0.7692 0.1667 0.0641 
         217  1 0.0621 0.1320 0.8060 
         218  1 0.0589 0.0699 0.8712 
         219  1 0.5313 0.4447 0.0241 
         220  1 0.1708 0.2931 0.5361 
         221  1 0.0401 0.6694 0.2905 
         222  1 0.0984 0.7074 0.1943 
         223  1 0.0738 0.4992 0.4270 
         224  1 0.3560 0.3168 0.3272 
         225  1 0.1550 0.7478 0.0972 
         226  1 0.3885 0.4200 0.1915 
         227  1 0.0265 0.0463 0.9273 
         228  1 0.1046 0.1316 0.7639 
         229  1 0.7847 0.1370 0.0783 
         230  1 0.4093 0.2032 0.3875 
         231  1 0.8516 0.0992 0.0492 
         232  1 0.5432 0.0892 0.3676 
         233  1 0.6237 0.3275 0.0488 
         234  1 0.8213 0.0876 0.0911 
         235  1 0.0643 0.8810 0.0546 
         236  1 0.0668 0.3232 0.6100 
         237  1 0.7592 0.1242 0.1165 
         238  1 0.0464 0.6055 0.3481 
         239  1 0.4597 0.1036 0.4367 
         240  1 0.1059 0.6097 0.2844 
         241  1 0.1498 0.7587 0.0916 
         242  1 0.7721 0.1282 0.0997 
         243  1 0.3691 0.1886 0.4423 
         244  1 0.0444 0.1474 0.8082 
         245  1 0.8223 0.1345 0.0431 
         246  1 0.5938 0.1308 0.2753 
         247  1 0.3714 0.5503 0.0783 
         248  1 0.1647 0.7245 0.1108 
         249  1 0.7577 0.1622 0.0802 
         250  1 0.1977 0.6827 0.1196 
         251  1 0.8979 0.0281 0.0740 
         252  1 0.1775 0.4872 0.3353 
         253  1 0.0325 0.0922 0.8754 
         254  1 0.0878 0.6367 0.2755 
         255  1 0.5228 0.1764 0.3008 
         256  1 0.0517 0.3914 0.5569 
         257  1 0.8235 0.1239 0.0526 
         258  1 0.4528 0.5094 0.0378 
         259  1 0.6688 0.2993 0.0319 
         260  1 0.0896 0.6171 0.2932 
         261  1 0.0541 0.0957 0.8502 
         262  1 0.0799 0.1006 0.8194 
         263  1 0.0801 0.7559 0.1641 
         264  1 0.0317 0.0629 0.9054 
         265  1 0.2359 0.2141 0.5500 
         266  1 0.1035 0.7774 0.1191 
         267  1 0.8180 0.1373 0.0447 
         268  1 0.8103 0.0886 0.1011 
         269  1 0.3648 0.5125 0.1227 
         270  1 0.1204 0.8360 0.0436 
         271  1 0.0486 0.1236 0.8279 
         272  1 0.0950 0.1137 0.7913 
         273  1 0.8395 0.0735 0.0870 
         274  1 0.1390 0.8070 0.0539 
         275  1 0.5176 0.3037 0.1788 
         276  1 0.1722 0.7176 0.1102 
         277  1 0.0577 0.4478 0.4945 
         278  1 0.5188 0.2248 0.2563 
         279  1 0.0878 0.5208 0.3914 
         280  1 0.1004 0.5139 0.3857 
         281  1 0.8752 0.0619 0.0629 
         282  1 0.0386 0.2293 0.7321 
         283  1 0.2429 0.1400 0.6171 
         284  1 0.5139 0.2420 0.2441 
         285  1 0.4683 0.1709 0.3607 
         286  1 0.3199 0.2561 0.4240 
         287  1 0.0594 0.1000 0.8406 
         288  1 0.0890 0.4445 0.4666 
         289  1 0.2059 0.7270 0.0671 
         290  1 0.0483 0.1347 0.8170 
         291  1 0.0324 0.1809 0.7867 
         292  1 0.5106 0.0612 0.4282 
         293  1 0.7121 0.2582 0.0297 
         294  1 0.0707 0.5429 0.3864 
         295  1 0.0709 0.0635 0.8655 
         296  1 0.0599 0.1826 0.7575 
         297  1 0.1182 0.1504 0.7314 
         298  1 0.6013 0.3773 0.0215 
         299  1 0.2067 0.6629 0.1304 
         300  1 0.3244 0.6474 0.0282 
         301  1 0.2403 0.2517 0.5080 
         302  1 0.2525 0.7170 0.0305 
         303  1 0.0339 0.5771 0.3890 
         304  1 0.1340 0.7913 0.0747 
         305  1 0.1653 0.6242 0.2106 
         306  1 0.1954 0.7380 0.0665 
         307  1 0.1109 0.7322 0.1569 
         308  1 0.2947 0.5812 0.1241 
         309  1 0.1810 0.7350 0.0840 
         310  1 0.8557 0.1033 0.0409 
         311  1 0.7823 0.1638 0.0538 
         312  1 0.1673 0.8083 0.0244 
         313  1 0.0560 0.0429 0.9011 
         314  1 0.7354 0.1873 0.0773 
         315  1 0.4519 0.4988 0.0493 
         316  1 0.8906 0.0473 0.0621 
         317  1 0.8148 0.1361 0.0492 
         318  1 0.2438 0.6646 0.0916 
         319  1 0.9143 0.0443 0.0414 
         320  1 0.5461 0.3826 0.0713 
         321  1 0.1701 0.1006 0.7292 
         322  1 0.1022 0.8482 0.0496 
         323  1 0.0846 0.4079 0.5075 
         324  1 0.7784 0.1706 0.0510 
         325  1 0.8674 0.0710 0.0616 
         326  1 0.1249 0.2731 0.6020 
         327  1 0.7614 0.1094 0.1291 
         328  1 0.0813 0.6505 0.2683 
         329  1 0.0492 0.7028 0.2480 
         330  1 0.0671 0.2851 0.6478 
         331  1 0.2516 0.6504 0.0980 
         332  1 0.0626 0.3204 0.6170 
         333  1 0.6069 0.2099 0.1832 
         334  1 0.8687 0.0839 0.0474 
         335  1 0.7695 0.1662 0.0644 
         336  1 0.0752 0.4817 0.4431 
         337  1 0.6857 0.1522 0.1622 
         338  1 0.0634 0.7874 0.1493 
         339  1 0.8520 0.0713 0.0767 
         340  1 0.0768 0.1700 0.7532 
         341  1 0.0651 0.3612 0.5737 
         342  1 0.0563 0.0522 0.8916 
         343  1 0.8629 0.0934 0.0437 
         344  1 0.1193 0.8070 0.0736 
         345  1 0.8449 0.0717 0.0834 
         346  1 0.6588 0.2659 0.0754 
         347  1 0.3149 0.6032 0.0819 
         348  1 0.5887 0.2313 0.1800 
         349  1 0.6755 0.1796 0.1448 
         350  1 0.7538 0.1643 0.0819 
         351  1 0.1866 0.4883 0.3251 
         352  1 0.0665 0.2509 0.6825 
         353  1 0.8435 0.0882 0.0683 
         354  1 0.4805 0.1915 0.3280 
         355  1 0.4354 0.4168 0.1477 
         356  1 0.6430 0.2997 0.0574 
         357  1 0.0392 0.0477 0.9131 
         358  1 0.1332 0.7820 0.0849 
         359  1 0.3185 0.2857 0.3957 
         360  1 0.0685 0.0676 0.8639 
         361  1 0.0899 0.7251 0.1850 
         362  1 0.1023 0.4314 0.4663 
         363  1 0.0347 0.7370 0.2283 
         364  1 0.1819 0.5236 0.2945 
         365  1 0.3392 0.6084 0.0525 
         366  1 0.2752 0.4757 0.2491 
         367  1 0.1272 0.7884 0.0844 
         368  1 0.1915 0.6648 0.1438 
         369  1 0.0466 0.1022 0.8512 
         370  1 0.5195 0.3445 0.1360 
         371  1 0.0703 0.0942 0.8355 
         372  1 0.0528 0.1128 0.8344 
         373  1 0.4344 0.1582 0.4074 
         374  1 0.4097 0.5105 0.0798 
         375  1 0.0336 0.0615 0.9048 
         376  1 0.8216 0.0803 0.0981 
         377  1 0.7654 0.1557 0.0789 
         378  1 0.7372 0.1854 0.0773 
         379  1 0.7527 0.1531 0.0942 
         380  1 0.3587 0.2131 0.4281 
         381  1 0.1232 0.5404 0.3364 
         382  1 0.0688 0.0575 0.8737 
         383  1 0.0613 0.5606 0.3781 
         384  1 0.3734 0.4706 0.1560 
         385  1 0.8050 0.1290 0.0660 
         386  1 0.0900 0.5479 0.3621 
         387  1 0.0341 0.3589 0.6070 
         388  1 0.1124 0.1553 0.7322 
         389  1 0.5398 0.1170 0.3432 
         390  1 0.0603 0.0768 0.8628 
         391  1 0.2256 0.5132 0.2612 
         392  1 0.0886 0.5764 0.3350 
         393  1 0.3355 0.3096 0.3550 
         394  1 0.5598 0.3678 0.0724 
         395  1 0.0491 0.6762 0.2747 
         396  1 0.2430 0.1038 0.6532 
         397  1 0.0533 0.1244 0.8224 
         398  1 0.1308 0.7170 0.1522 
         399  1 0.0499 0.2203 0.7298 
         400  1 0.1457 0.2682 0.5860 
         401  1 0.0445 0.5928 0.3627 
         402  1 0.8070 0.0858 0.1072 
         403  1 0.1978 0.5956 0.2066 
         404  1 0.1943 0.7341 0.0717 
         405  1 0.7097 0.1709 0.1194 
         406  1 0.0667 0.0551 0.8782 
         407  1 0.0656 0.0673 0.8671 
         408  1 0.1803 0.7743 0.0453 
         409  1 0.2276 0.4722 0.3001 
         410  1 0.0367 0.1626 0.8007 
         411  1 0.1395 0.3158 0.5447 
         412  1 0.1991 0.7147 0.0861 
         413  1 0.6409 0.2013 0.1578 
         414  1 0.3725 0.3499 0.2776 
         415  1 0.7267 0.2117 0.0617 
         416  1 0.8346 0.0787 0.0866 
         417  1 0.1146 0.2005 0.6849 
         418  1 0.1993 0.4637 0.3370 
         419  1 0.1955 0.1158 0.6887 
         420  1 0.0631 0.4538 0.4832 
         421  1 0.5584 0.2931 0.1484 
         422  1 0.4225 0.4592 0.1183 
         423  1 0.0280 0.7358 0.2362 
         424  1 0.6799 0.2663 0.0538 
         425  1 0.0684 0.1723 0.7593 
         426  1 0.4918 0.3056 0.2026 
         427  1 0.1469 0.2930 0.5602 
         428  1 0.0822 0.2053 0.7125 
         429  1 0.0543 0.4059 0.5398 
         430  1 0.1571 0.7917 0.0512 
         431  1 0.0913 0.7597 0.1490 
         432  1 0.8261 0.1010 0.0729 
         433  1 0.0876 0.0444 0.8679 
         434  1 0.8371 0.0931 0.0698 
         435  1 0.1217 0.7648 0.1135 
         436  1 0.1588 0.0993 0.7418 
         437  1 0.6333 0.2541 0.1125 
         438  1 0.6298 0.2933 0.0769 
         439  1 0.0608 0.5557 0.3836 
         440  1 0.7100 0.2505 0.0395 
         441  1 0.7174 0.1210 0.1616 
         442  1 0.0914 0.3357 0.5729 
         443  1 0.0627 0.0780 0.8593 
         444  1 0.0584 0.5115 0.4301 
         445  1 0.0482 0.6347 0.3170 
         446  1 0.8087 0.1251 0.0662 
         447  1 0.0652 0.4383 0.4966 
         448  1 0.1571 0.7811 0.0617 
         449  1 0.7224 0.2264 0.0512 
         450  1 0.8720 0.0386 0.0894 
         451  1 0.8566 0.0674 0.0760 
         452  1 0.0396 0.0492 0.9112 
         453  1 0.8816 0.0638 0.0546 
         454  1 0.4084 0.4804 0.1112 
         455  1 0.0943 0.2761 0.6296 
         456  1 0.8322 0.0754 0.0925 
         457  1 0.8040 0.1032 0.0928 
         458  1 0.0681 0.2822 0.6497 
         459  1 0.7953 0.0717 0.1330 
         460  1 0.0428 0.1182 0.8390 
         461  1 0.7879 0.1534 0.0587 
         462  1 0.8911 0.0439 0.0650 
         463  1 0.6983 0.2289 0.0728 
         464  1 0.0656 0.1841 0.7502 
         465  1 0.8685 0.0814 0.0501 
         466  1 0.0679 0.1573 0.7748 
         467  1 0.0592 0.0441 0.8967 
         468  1 0.0770 0.6142 0.3088 
         469  1 0.0234 0.0274 0.9492 
         470  1 0.3439 0.5882 0.0678 
         471  1 0.0703 0.5662 0.3635 
         472  1 0.1310 0.5274 0.3417 
         473  1 0.0982 0.5652 0.3366 
         474  1 0.0431 0.3014 0.6554 
         475  1 0.0419 0.8680 0.0901 
         476  1 0.8256 0.1343 0.0401 
         477  1 0.0446 0.8359 0.1195 
         478  1 0.7496 0.1897 0.0606 
         479  1 0.0534 0.1493 0.7973 
         480  1 0.0722 0.0697 0.8581 
         481  1 0.2446 0.4785 0.2769 
         482  1 0.7516 0.1901 0.0583 
         483  1 0.1311 0.3019 0.5670 
         484  1 0.0461 0.0848 0.8691 
         485  1 0.0427 0.0646 0.8927 
         486  1 0.8508 0.0427 0.1065 
         487  1 0.0655 0.1090 0.8255 
         488  1 0.0965 0.4637 0.4398 
         489  1 0.1359 0.8277 0.0364 
         490  1 0.1403 0.7117 0.1480 
         491  1 0.0800 0.0931 0.8269 
         492  1 0.0386 0.0723 0.8890 
