           1  1 0.5138 0.0797 0.1394 0.0484 0.1097 0.1089 
           2  1 0.1032 0.0538 0.0726 0.0552 0.1113 0.6040 
           3  1 0.0673 0.0517 0.1155 0.5498 0.0912 0.1245 
           4  1 0.6285 0.1091 0.0756 0.0682 0.0770 0.0416 
           5  1 0.6719 0.0440 0.0968 0.0651 0.0685 0.0536 
           6  1 0.0784 0.1123 0.1694 0.4226 0.0741 0.1433 
           7  1 0.0787 0.2707 0.1441 0.1960 0.0286 0.2819 
           8  1 0.6688 0.0733 0.0655 0.0536 0.1008 0.0380 
           9  1 0.0573 0.0398 0.2084 0.5523 0.0595 0.0827 
          10  1 0.5809 0.0606 0.1427 0.0799 0.0885 0.0475 
          11  1 0.0423 0.6842 0.0836 0.0627 0.0672 0.0600 
          12  1 0.2660 0.0420 0.0792 0.0765 0.1147 0.4216 
          13  1 0.2432 0.3368 0.1238 0.0560 0.1221 0.1182 
          14  1 0.1784 0.0469 0.1310 0.3114 0.2759 0.0564 
          15  1 0.0641 0.0496 0.2988 0.2602 0.1964 0.1309 
          16  1 0.3171 0.3726 0.1015 0.0702 0.0721 0.0665 
          17  1 0.0669 0.5091 0.0784 0.0517 0.0777 0.2162 
          18  1 0.5281 0.0567 0.0899 0.0699 0.1242 0.1313 
          19  1 0.1091 0.1648 0.2408 0.2601 0.0780 0.1471 
          20  1 0.3549 0.1195 0.1665 0.2492 0.0495 0.0604 
          21  1 0.3527 0.1109 0.1537 0.1105 0.2051 0.0671 
          22  1 0.1000 0.0575 0.4109 0.1564 0.2318 0.0434 
          23  1 0.0390 0.1066 0.0698 0.0674 0.0557 0.6614 
          24  1 0.0408 0.0944 0.3583 0.2552 0.0831 0.1682 
          25  1 0.1089 0.6105 0.1122 0.0660 0.0603 0.0421 
          26  1 0.0719 0.0707 0.1259 0.1427 0.0468 0.5419 
          27  1 0.3591 0.0803 0.1964 0.0760 0.2406 0.0477 
          28  1 0.0443 0.3634 0.2670 0.1085 0.1435 0.0732 
          29  1 0.0966 0.0434 0.1433 0.5137 0.0747 0.1283 
          30  1 0.0919 0.0545 0.4398 0.1380 0.1742 0.1017 
          31  1 0.0730 0.3974 0.1356 0.0843 0.0709 0.2388 
          32  1 0.0549 0.0685 0.5166 0.1677 0.1187 0.0735 
          33  1 0.0537 0.1098 0.1866 0.1626 0.3251 0.1623 
          34  1 0.0956 0.1916 0.2570 0.1093 0.1277 0.2188 
          35  1 0.4294 0.0422 0.1593 0.1212 0.1068 0.1411 
          36  1 0.0566 0.0665 0.3211 0.3053 0.1292 0.1213 
          37  1 0.0884 0.5958 0.0644 0.0901 0.0432 0.1181 
          38  1 0.0409 0.0784 0.6038 0.1129 0.0476 0.1165 
          39  1 0.3109 0.1272 0.1860 0.2452 0.0843 0.0464 
          40  1 0.0526 0.0773 0.0686 0.0585 0.6626 0.0804 
          41  1 0.1166 0.0446 0.3441 0.2848 0.0994 0.1105 
          42  1 0.0505 0.4415 0.0908 0.2150 0.0676 0.1345 
          43  1 0.0265 0.0320 0.0408 0.0493 0.0388 0.8125 
          44  1 0.0382 0.1169 0.0962 0.1282 0.0555 0.5650 
          45  1 0.6909 0.0653 0.0548 0.0834 0.0537 0.0519 
          46  1 0.0389 0.0619 0.0578 0.0585 0.0983 0.6845 
          47  1 0.6024 0.0766 0.0886 0.1077 0.0577 0.0671 
          48  1 0.0429 0.0922 0.2457 0.4212 0.0825 0.1155 
          49  1 0.0874 0.0435 0.2070 0.0669 0.4358 0.1595 
          50  1 0.2917 0.0996 0.1600 0.0739 0.3206 0.0542 
          51  1 0.0692 0.0512 0.1049 0.0793 0.6428 0.0527 
          52  1 0.0864 0.0888 0.1211 0.1099 0.4865 0.1073 
          53  1 0.0684 0.0802 0.3596 0.1441 0.2974 0.0504 
          54  1 0.3066 0.0527 0.1130 0.0837 0.3441 0.0999 
          55  1 0.0953 0.4850 0.0934 0.0848 0.1023 0.1392 
          56  1 0.0580 0.2086 0.2975 0.1678 0.0611 0.2069 
          57  1 0.0589 0.0510 0.1741 0.1884 0.1089 0.4186 
          58  1 0.0452 0.0402 0.1823 0.4802 0.0864 0.1657 
          59  1 0.0534 0.0568 0.2519 0.4476 0.1283 0.0619 
          60  1 0.1179 0.0876 0.2362 0.2539 0.1225 0.1818 
          61  1 0.0602 0.7746 0.0450 0.0403 0.0499 0.0301 
          62  1 0.0419 0.0698 0.1268 0.5807 0.0491 0.1317 
          63  1 0.4326 0.1428 0.1580 0.1099 0.1155 0.0414 
          64  1 0.0641 0.0419 0.1181 0.0765 0.6507 0.0487 
          65  1 0.0359 0.1101 0.1829 0.0936 0.4982 0.0793 
          66  1 0.3026 0.0658 0.2740 0.0953 0.1887 0.0737 
          67  1 0.0553 0.1528 0.0795 0.0883 0.0591 0.5651 
          68  1 0.0573 0.0682 0.1704 0.4679 0.0818 0.1543 
          69  1 0.7117 0.0727 0.0664 0.0439 0.0805 0.0248 
          70  1 0.0312 0.0338 0.0939 0.3574 0.0327 0.4509 
          71  1 0.1297 0.0677 0.2693 0.3880 0.0888 0.0565 
          72  1 0.0909 0.0476 0.2499 0.3969 0.0767 0.1379 
          73  1 0.6289 0.0931 0.0559 0.0413 0.0724 0.1085 
          74  1 0.1703 0.2053 0.3826 0.1316 0.0628 0.0474 
          75  1 0.0736 0.6722 0.0697 0.0634 0.0836 0.0375 
          76  1 0.1265 0.1245 0.1706 0.1556 0.0668 0.3560 
          77  1 0.1091 0.0649 0.1271 0.5127 0.1192 0.0669 
          78  1 0.0558 0.6338 0.0912 0.0571 0.0511 0.1110 
          79  1 0.1634 0.3695 0.1279 0.0838 0.1912 0.0642 
          80  1 0.0424 0.0646 0.1803 0.4893 0.0919 0.1313 
          81  1 0.1855 0.0837 0.2365 0.0842 0.3743 0.0358 
          82  1 0.2483 0.2037 0.1644 0.0637 0.1473 0.1727 
          83  1 0.1097 0.0802 0.1969 0.3902 0.0653 0.1577 
          84  1 0.1506 0.0915 0.1988 0.2929 0.1399 0.1263 
          85  1 0.5615 0.0519 0.0994 0.1338 0.0774 0.0759 
          86  1 0.0901 0.0813 0.1515 0.2050 0.2086 0.2636 
          87  1 0.0705 0.0514 0.1667 0.1211 0.4323 0.1579 
          88  1 0.0712 0.1566 0.2095 0.2346 0.1974 0.1307 
          89  1 0.0545 0.6843 0.0560 0.0684 0.0788 0.0580 
          90  1 0.0485 0.0610 0.0670 0.0568 0.1620 0.6047 
          91  1 0.1167 0.0725 0.2321 0.1140 0.4302 0.0344 
          92  1 0.1180 0.0591 0.0856 0.0840 0.0512 0.6022 
          93  1 0.0544 0.0806 0.3881 0.0770 0.3051 0.0947 
          94  1 0.3746 0.0986 0.2440 0.1305 0.0734 0.0788 
          95  1 0.0681 0.0852 0.3859 0.2129 0.0906 0.1574 
          96  1 0.0471 0.5145 0.1323 0.1130 0.1536 0.0395 
          97  1 0.0404 0.0524 0.0481 0.0729 0.0408 0.7455 
          98  1 0.0745 0.1154 0.1384 0.1413 0.4464 0.0841 
          99  1 0.0569 0.3350 0.2083 0.1951 0.0795 0.1253 
         100  1 0.0672 0.2535 0.0508 0.0550 0.5382 0.0354 
         101  1 0.0803 0.0642 0.2050 0.5349 0.0491 0.0666 
         102  1 0.0711 0.1231 0.4294 0.1130 0.2346 0.0289 
         103  1 0.0733 0.1258 0.2231 0.2480 0.0652 0.2647 
         104  1 0.0723 0.6961 0.0655 0.0387 0.0515 0.0760 
         105  1 0.0372 0.1067 0.0602 0.0374 0.7071 0.0514 
         106  1 0.0803 0.0489 0.5869 0.1193 0.0738 0.0908 
         107  1 0.5930 0.0407 0.1514 0.0526 0.0622 0.1001 
         108  1 0.0754 0.1157 0.0552 0.0360 0.6845 0.0332 
         109  1 0.0609 0.6887 0.0691 0.0631 0.0404 0.0779 
         110  1 0.1510 0.1834 0.0827 0.0726 0.0932 0.4171 
         111  1 0.0738 0.4080 0.1251 0.0496 0.2735 0.0700 
         112  1 0.4854 0.1045 0.1256 0.1156 0.0909 0.0781 
         113  1 0.0511 0.1781 0.0974 0.0848 0.0845 0.5041 
         114  1 0.0689 0.3982 0.0763 0.0437 0.0863 0.3265 
         115  1 0.4744 0.0612 0.3017 0.0772 0.0500 0.0355 
         116  1 0.5073 0.0495 0.2299 0.0834 0.0920 0.0380 
         117  1 0.0496 0.1848 0.2300 0.3252 0.0530 0.1574 
         118  1 0.5254 0.1065 0.1176 0.0885 0.0980 0.0639 
         119  1 0.0660 0.5487 0.1183 0.1435 0.0766 0.0469 
         120  1 0.0529 0.0433 0.1763 0.0877 0.5390 0.1007 
         121  1 0.0518 0.0822 0.2216 0.4074 0.1463 0.0907 
         122  1 0.0614 0.0816 0.1919 0.0958 0.2217 0.3476 
         123  1 0.0496 0.0391 0.0659 0.0660 0.0458 0.7337 
         124  1 0.0496 0.0865 0.1967 0.2866 0.0952 0.2853 
         125  1 0.2234 0.0649 0.0646 0.0469 0.0557 0.5444 
         126  1 0.1414 0.0668 0.1649 0.4801 0.0782 0.0686 
         127  1 0.0866 0.1940 0.2249 0.1827 0.2309 0.0809 
         128  1 0.1139 0.0664 0.1163 0.0636 0.5572 0.0827 
         129  1 0.0504 0.0728 0.1192 0.0743 0.3343 0.3490 
         130  1 0.1426 0.0856 0.3483 0.3021 0.0581 0.0633 
         131  1 0.0369 0.0797 0.0766 0.0499 0.0885 0.6684 
         132  1 0.1127 0.1787 0.2654 0.1818 0.2198 0.0416 
         133  1 0.0680 0.6613 0.0461 0.0543 0.1254 0.0449 
         134  1 0.0555 0.0581 0.3541 0.2089 0.1794 0.1439 
         135  1 0.0544 0.0488 0.3359 0.4678 0.0508 0.0424 
         136  1 0.4306 0.0691 0.1632 0.0740 0.1371 0.1260 
         137  1 0.0940 0.1188 0.2733 0.0836 0.3333 0.0970 
         138  1 0.0653 0.0933 0.1173 0.0812 0.4782 0.1646 
         139  1 0.6065 0.0580 0.0798 0.0620 0.0891 0.1045 
         140  1 0.0575 0.0723 0.2791 0.4358 0.0489 0.1063 
         141  1 0.1164 0.1489 0.2553 0.1998 0.2079 0.0717 
         142  1 0.0798 0.5503 0.1674 0.0878 0.0603 0.0544 
         143  1 0.1236 0.0661 0.1629 0.2121 0.3844 0.0510 
         144  1 0.0899 0.0933 0.2437 0.3704 0.1695 0.0332 
         145  1 0.0902 0.0769 0.1497 0.0928 0.0992 0.4912 
         146  1 0.1009 0.1350 0.2468 0.3952 0.0588 0.0634 
         147  1 0.1016 0.0896 0.1067 0.0844 0.1455 0.4722 
         148  1 0.0478 0.0592 0.1134 0.5248 0.1594 0.0953 
         149  1 0.0657 0.4599 0.0870 0.0841 0.1173 0.1861 
         150  1 0.0638 0.4913 0.1834 0.1541 0.0635 0.0440 
         151  1 0.1032 0.7021 0.0482 0.0496 0.0526 0.0443 
         152  1 0.0585 0.0462 0.2993 0.3981 0.0772 0.1208 
         153  1 0.1507 0.0560 0.0480 0.0471 0.6631 0.0351 
         154  1 0.0539 0.1527 0.3618 0.1667 0.1938 0.0712 
         155  1 0.0576 0.0836 0.3032 0.2356 0.2477 0.0723 
         156  1 0.1642 0.1740 0.2029 0.2631 0.1561 0.0398 
         157  1 0.1076 0.1438 0.0715 0.0895 0.0784 0.5092 
         158  1 0.1117 0.2045 0.1774 0.1488 0.2427 0.1149 
         159  1 0.4028 0.0888 0.1579 0.1141 0.0905 0.1459 
         160  1 0.6564 0.0722 0.0884 0.0683 0.0630 0.0517 
         161  1 0.5773 0.0917 0.0783 0.0913 0.0707 0.0908 
         162  1 0.0584 0.0510 0.3035 0.3979 0.1084 0.0809 
         163  1 0.0531 0.1958 0.1610 0.0747 0.0562 0.4592 
         164  1 0.7113 0.0615 0.0583 0.0581 0.0547 0.0561 
         165  1 0.0960 0.3274 0.1306 0.2566 0.0616 0.1278 
         166  1 0.0663 0.0565 0.0864 0.0592 0.6702 0.0615 
         167  1 0.0667 0.1099 0.2168 0.2684 0.2577 0.0805 
         168  1 0.1878 0.1003 0.2874 0.2607 0.1073 0.0565 
         169  1 0.7083 0.0447 0.0825 0.0868 0.0463 0.0313 
         170  1 0.4111 0.0670 0.1561 0.1503 0.1441 0.0714 
         171  1 0.0462 0.1062 0.1397 0.1090 0.1356 0.4634 
         172  1 0.0671 0.0803 0.0606 0.0517 0.6968 0.0435 
         173  1 0.0375 0.0587 0.0701 0.0425 0.7628 0.0284 
         174  1 0.1535 0.1874 0.1506 0.1541 0.1642 0.1903 
         175  1 0.0724 0.0860 0.1092 0.0737 0.2504 0.4084 
         176  1 0.4591 0.0588 0.2204 0.1157 0.0716 0.0743 
         177  1 0.1210 0.0986 0.1353 0.1733 0.2239 0.2478 
         178  1 0.0712 0.0809 0.0996 0.1120 0.5275 0.1088 
         179  1 0.0795 0.3978 0.1041 0.0712 0.1463 0.2010 
         180  1 0.2914 0.0868 0.3823 0.0927 0.1000 0.0468 
         181  1 0.0889 0.1221 0.3767 0.0824 0.1855 0.1444 
         182  1 0.1059 0.6376 0.0554 0.0540 0.0498 0.0973 
         183  1 0.6599 0.0788 0.0681 0.0587 0.0840 0.0505 
         184  1 0.1126 0.2569 0.2049 0.1373 0.1282 0.1601 
         185  1 0.3296 0.0822 0.2127 0.0797 0.0706 0.2253 
         186  1 0.1909 0.0769 0.2131 0.1229 0.3278 0.0684 
         187  1 0.0439 0.0556 0.2203 0.2663 0.0892 0.3247 
         188  1 0.7257 0.0623 0.0520 0.0446 0.0808 0.0346 
         189  1 0.2404 0.1259 0.1409 0.2602 0.0798 0.1528 
         190  1 0.0930 0.1245 0.1937 0.2122 0.3408 0.0359 
         191  1 0.0495 0.0677 0.0698 0.0647 0.6800 0.0683 
         192  1 0.2791 0.0644 0.0807 0.0648 0.1176 0.3935 
         193  1 0.2787 0.1790 0.1400 0.1741 0.1341 0.0940 
         194  1 0.0715 0.0620 0.3392 0.3896 0.0632 0.0745 
         195  1 0.0486 0.6055 0.0980 0.0535 0.1036 0.0909 
         196  1 0.2138 0.0526 0.4724 0.0975 0.0773 0.0864 
         197  1 0.0589 0.1388 0.2373 0.3532 0.1422 0.0696 
         198  1 0.0658 0.1507 0.0794 0.1270 0.5074 0.0697 
         199  1 0.0513 0.0734 0.0660 0.0558 0.0522 0.7014 
         200  1 0.0339 0.6607 0.0664 0.0662 0.0962 0.0765 
         201  1 0.5100 0.0371 0.2036 0.0629 0.1496 0.0368 
         202  1 0.0961 0.0976 0.1001 0.3852 0.0574 0.2637 
         203  1 0.0673 0.0643 0.3081 0.3596 0.0908 0.1099 
         204  1 0.0532 0.2157 0.1622 0.1466 0.2278 0.1945 
         205  1 0.0467 0.0389 0.0482 0.0902 0.0370 0.7390 
         206  1 0.0630 0.0603 0.1771 0.4971 0.0850 0.1175 
         207  1 0.0498 0.4646 0.2174 0.0742 0.0781 0.1157 
         208  1 0.0416 0.6996 0.0676 0.0502 0.0674 0.0737 
         209  1 0.1752 0.0788 0.0874 0.1901 0.3952 0.0732 
         210  1 0.1006 0.0712 0.2826 0.3108 0.1225 0.1124 
         211  1 0.0653 0.0618 0.0770 0.1249 0.6212 0.0498 
         212  1 0.0534 0.0985 0.0617 0.0464 0.6742 0.0657 
         213  1 0.2574 0.0983 0.1478 0.3955 0.0508 0.0502 
         214  1 0.0536 0.0414 0.3314 0.4307 0.0610 0.0817 
         215  1 0.0605 0.6601 0.1087 0.0601 0.0561 0.0545 
         216  1 0.0728 0.6225 0.0960 0.0817 0.0828 0.0442 
         217  1 0.0975 0.0495 0.1464 0.1229 0.0872 0.4964 
         218  1 0.0737 0.1328 0.0744 0.0783 0.0393 0.6015 
         219  1 0.0609 0.0521 0.1309 0.0456 0.6769 0.0336 
         220  1 0.0439 0.0743 0.0849 0.0551 0.5804 0.1613 
         221  1 0.0638 0.0570 0.3405 0.3527 0.1166 0.0693 
         222  1 0.0755 0.0597 0.2780 0.0640 0.3881 0.1348 
         223  1 0.0667 0.0652 0.1513 0.5776 0.1000 0.0392 
         224  1 0.1106 0.1206 0.1796 0.1865 0.2877 0.1150 
         225  1 0.4665 0.0666 0.1162 0.0977 0.2012 0.0518 
         226  1 0.1827 0.1660 0.1609 0.1194 0.2656 0.1054 
         227  1 0.0323 0.0369 0.0721 0.1257 0.0417 0.6914 
         228  1 0.0541 0.1873 0.1244 0.1321 0.0777 0.4244 
         229  1 0.3760 0.1571 0.1320 0.0989 0.1113 0.1247 
         230  1 0.0634 0.3159 0.1233 0.0893 0.0930 0.3151 
         231  1 0.0395 0.7197 0.0620 0.0432 0.1053 0.0303 
         232  1 0.0680 0.3955 0.0593 0.0472 0.0727 0.3573 
         233  1 0.0602 0.0717 0.1189 0.0703 0.6066 0.0724 
         234  1 0.0949 0.5384 0.1109 0.0942 0.0831 0.0785 
         235  1 0.2712 0.0902 0.4050 0.1382 0.0490 0.0463 
         236  1 0.0671 0.0551 0.2707 0.2943 0.2066 0.1061 
         237  1 0.1093 0.4467 0.1183 0.0900 0.0699 0.1659 
         238  1 0.0728 0.0446 0.3471 0.3403 0.0962 0.0989 
         239  1 0.4056 0.0663 0.0570 0.0658 0.0586 0.3467 
         240  1 0.1354 0.0728 0.4137 0.1748 0.0440 0.1593 
         241  1 0.0933 0.0880 0.3581 0.1473 0.2448 0.0684 
         242  1 0.5174 0.0625 0.0903 0.0988 0.1453 0.0856 
         243  1 0.0644 0.4131 0.1279 0.2106 0.0602 0.1239 
         244  1 0.0321 0.0621 0.2015 0.1832 0.0390 0.4821 
         245  1 0.2513 0.4142 0.1413 0.0596 0.0879 0.0458 
         246  1 0.0564 0.3693 0.0894 0.0542 0.0905 0.3402 
         247  1 0.4174 0.0873 0.2616 0.1161 0.0608 0.0568 
         248  1 0.2781 0.0884 0.2818 0.1220 0.1466 0.0831 
         249  1 0.0486 0.7480 0.0631 0.0593 0.0382 0.0428 
         250  1 0.1013 0.0583 0.1360 0.0799 0.5792 0.0452 
         251  1 0.1103 0.6344 0.0443 0.0389 0.0960 0.0760 
         252  1 0.0941 0.1187 0.2769 0.3521 0.0887 0.0695 
         253  1 0.0460 0.0366 0.1154 0.2013 0.0564 0.5444 
         254  1 0.1154 0.0401 0.2368 0.1521 0.3681 0.0874 
         255  1 0.0487 0.3885 0.0956 0.0690 0.0878 0.3105 
         256  1 0.0442 0.0471 0.1993 0.5742 0.0715 0.0637 
         257  1 0.2678 0.0765 0.1396 0.0829 0.3672 0.0660 
         258  1 0.6358 0.0553 0.1507 0.0732 0.0432 0.0418 
         259  1 0.6888 0.0561 0.0924 0.0452 0.0724 0.0450 
         260  1 0.0862 0.0579 0.3229 0.2210 0.2397 0.0723 
         261  1 0.0551 0.0453 0.1182 0.0848 0.1621 0.5345 
         262  1 0.0957 0.0626 0.1548 0.1850 0.0726 0.4293 
         263  1 0.0841 0.0779 0.3151 0.2617 0.2089 0.0523 
         264  1 0.0447 0.0676 0.0916 0.2504 0.0340 0.5116 
         265  1 0.3279 0.0944 0.0950 0.0658 0.0853 0.3316 
         266  1 0.2048 0.1198 0.3345 0.1417 0.1370 0.0622 
         267  1 0.0667 0.0861 0.0782 0.0743 0.6490 0.0457 
         268  1 0.0644 0.6102 0.0729 0.1223 0.0673 0.0629 
         269  1 0.2601 0.1060 0.2059 0.0960 0.2643 0.0677 
         270  1 0.4250 0.0917 0.2765 0.1004 0.0709 0.0354 
         271  1 0.0405 0.1732 0.1365 0.3860 0.0693 0.1944 
         272  1 0.0914 0.1033 0.1277 0.1986 0.0658 0.4132 
         273  1 0.0809 0.6711 0.0606 0.0620 0.0592 0.0661 
         274  1 0.6038 0.0715 0.1151 0.0843 0.0852 0.0402 
         275  1 0.0937 0.1094 0.1560 0.1803 0.3750 0.0856 
         276  1 0.1495 0.1155 0.3219 0.1459 0.1842 0.0829 
         277  1 0.0873 0.0630 0.1307 0.6206 0.0521 0.0463 
         278  1 0.0872 0.2292 0.1292 0.1109 0.3397 0.1038 
         279  1 0.2548 0.0366 0.2448 0.2609 0.0457 0.1572 
         280  1 0.1183 0.0664 0.2106 0.1907 0.2810 0.1329 
         281  1 0.0945 0.7105 0.0530 0.0514 0.0503 0.0404 
         282  1 0.0597 0.0429 0.1166 0.6590 0.0427 0.0790 
         283  1 0.0846 0.1414 0.1073 0.0617 0.0825 0.5226 
         284  1 0.1333 0.3020 0.1499 0.0960 0.1411 0.1778 
         285  1 0.1461 0.1812 0.1218 0.2133 0.2152 0.1224 
         286  1 0.3182 0.0577 0.1260 0.3508 0.0633 0.0840 
         287  1 0.0412 0.0941 0.1417 0.2878 0.1275 0.3078 
         288  1 0.0912 0.0731 0.2168 0.3484 0.1785 0.0920 
         289  1 0.0636 0.4116 0.2516 0.0907 0.1008 0.0817 
         290  1 0.0501 0.0578 0.1712 0.3058 0.0763 0.3387 
         291  1 0.0494 0.0499 0.1561 0.6196 0.0362 0.0888 
         292  1 0.0513 0.2675 0.0643 0.0410 0.1275 0.4483 
         293  1 0.1166 0.0439 0.1168 0.0520 0.6315 0.0392 
         294  1 0.1131 0.0638 0.1981 0.5220 0.0496 0.0535 
         295  1 0.0750 0.0521 0.0530 0.0649 0.0698 0.6852 
         296  1 0.0593 0.1221 0.1447 0.4496 0.0588 0.1656 
         297  1 0.0570 0.0595 0.1096 0.0503 0.0589 0.6647 
         298  1 0.3698 0.0638 0.1157 0.0429 0.3834 0.0243 
         299  1 0.2361 0.0731 0.4180 0.1319 0.0667 0.0743 
         300  1 0.6053 0.0546 0.1684 0.0489 0.0916 0.0312 
         301  1 0.2432 0.0575 0.1655 0.1484 0.1489 0.2365 
         302  1 0.6256 0.0541 0.1410 0.0963 0.0521 0.0309 
         303  1 0.0750 0.0767 0.4218 0.2431 0.0628 0.1205 
         304  1 0.2360 0.0446 0.1366 0.0438 0.4943 0.0447 
         305  1 0.2286 0.1750 0.1803 0.1309 0.1751 0.1101 
         306  1 0.0519 0.0602 0.2677 0.1128 0.4565 0.0509 
         307  1 0.0591 0.1410 0.3518 0.3465 0.0613 0.0402 
         308  1 0.4018 0.1537 0.1543 0.1495 0.0774 0.0632 
         309  1 0.1585 0.1336 0.3066 0.0982 0.2349 0.0682 
         310  1 0.1165 0.0640 0.0731 0.0496 0.6295 0.0674 
         311  1 0.0915 0.0362 0.0748 0.0577 0.6756 0.0642 
         312  1 0.7775 0.0293 0.0728 0.0373 0.0598 0.0233 
         313  1 0.1211 0.0689 0.0508 0.0764 0.0443 0.6386 
         314  1 0.4943 0.0765 0.0988 0.0658 0.1448 0.1197 
         315  1 0.7396 0.0345 0.0548 0.0534 0.0878 0.0299 
         316  1 0.0621 0.1341 0.0679 0.0562 0.5613 0.1184 
         317  1 0.0812 0.2827 0.0904 0.0882 0.4212 0.0363 
         318  1 0.5142 0.0644 0.1697 0.1179 0.0471 0.0867 
         319  1 0.0637 0.3998 0.0722 0.0554 0.3677 0.0412 
         320  1 0.7282 0.0438 0.0597 0.0963 0.0351 0.0369 
         321  1 0.1058 0.1145 0.1063 0.0926 0.0799 0.5010 
         322  1 0.0894 0.0631 0.4186 0.1736 0.2013 0.0540 
         323  1 0.1037 0.0518 0.2109 0.3933 0.1796 0.0606 
         324  1 0.5346 0.0638 0.0958 0.0623 0.1843 0.0592 
         325  1 0.0723 0.4650 0.0621 0.0807 0.2816 0.0383 
         326  1 0.0996 0.0677 0.1491 0.3483 0.2517 0.0836 
         327  1 0.0474 0.0544 0.0705 0.1149 0.5134 0.1995 
         328  1 0.1228 0.0489 0.2389 0.4855 0.0735 0.0303 
         329  1 0.1005 0.0549 0.3045 0.4348 0.0629 0.0425 
         330  1 0.1028 0.0445 0.2234 0.4534 0.0842 0.0918 
         331  1 0.0694 0.2661 0.3092 0.0907 0.1182 0.1463 
         332  1 0.0509 0.0684 0.2057 0.4935 0.0677 0.1137 
         333  1 0.3484 0.1300 0.1372 0.0514 0.0818 0.2513 
         334  1 0.0485 0.0449 0.0435 0.0456 0.7641 0.0534 
         335  1 0.1390 0.5855 0.1137 0.0673 0.0447 0.0498 
         336  1 0.0592 0.0713 0.2173 0.1654 0.3658 0.1210 
         337  1 0.4842 0.0771 0.1005 0.1578 0.0562 0.1241 
         338  1 0.0631 0.0708 0.2902 0.3968 0.1431 0.0360 
         339  1 0.0555 0.7111 0.0574 0.0681 0.0596 0.0482 
         340  1 0.0829 0.0676 0.1383 0.3371 0.1668 0.2073 
         341  1 0.1158 0.0467 0.1344 0.5863 0.0652 0.0515 
         342  1 0.0408 0.0538 0.0675 0.0720 0.0428 0.7232 
         343  1 0.5864 0.1396 0.0563 0.0599 0.0874 0.0704 
         344  1 0.1103 0.2294 0.3866 0.1919 0.0455 0.0363 
         345  1 0.0571 0.7221 0.0569 0.0612 0.0508 0.0518 
         346  1 0.6553 0.0618 0.0731 0.0540 0.0589 0.0969 
         347  1 0.0459 0.3776 0.2648 0.0990 0.1705 0.0422 
         348  1 0.0949 0.1777 0.1523 0.0790 0.3031 0.1929 
         349  1 0.0777 0.4566 0.1289 0.0517 0.1234 0.1616 
         350  1 0.1418 0.0457 0.0858 0.1245 0.5242 0.0780 
         351  1 0.0746 0.1014 0.2212 0.2854 0.2573 0.0602 
         352  1 0.0366 0.0974 0.2602 0.2758 0.1481 0.1820 
         353  1 0.0511 0.0527 0.0506 0.0453 0.7234 0.0769 
         354  1 0.1024 0.1190 0.1564 0.0764 0.1855 0.3603 
         355  1 0.0332 0.0516 0.1325 0.1095 0.5831 0.0900 
         356  1 0.7590 0.0355 0.0511 0.0525 0.0447 0.0571 
         357  1 0.0492 0.0543 0.0654 0.0970 0.0679 0.6663 
         358  1 0.3334 0.0703 0.2233 0.0871 0.1928 0.0930 
         359  1 0.4905 0.0683 0.1198 0.1158 0.0561 0.1495 
         360  1 0.0542 0.0536 0.1022 0.1525 0.1420 0.4956 
         361  1 0.4817 0.0466 0.1824 0.1069 0.0830 0.0995 
         362  1 0.0689 0.1156 0.3534 0.2535 0.0603 0.1483 
         363  1 0.0419 0.0512 0.3615 0.4051 0.0894 0.0510 
         364  1 0.0697 0.0651 0.3242 0.0657 0.2266 0.2487 
         365  1 0.1462 0.4866 0.1773 0.1161 0.0463 0.0276 
         366  1 0.3544 0.0606 0.1522 0.1563 0.1710 0.1055 
         367  1 0.0758 0.0639 0.2413 0.1013 0.4573 0.0604 
         368  1 0.0378 0.3027 0.3362 0.1545 0.1103 0.0584 
         369  1 0.0655 0.0664 0.1634 0.2383 0.0397 0.4267 
         370  1 0.1189 0.1189 0.1364 0.1630 0.3927 0.0701 
         371  1 0.0619 0.1101 0.1229 0.1480 0.0651 0.4920 
         372  1 0.0434 0.0929 0.1271 0.0865 0.0902 0.5598 
         373  1 0.3065 0.0770 0.0969 0.3106 0.1162 0.0928 
         374  1 0.4411 0.1487 0.1666 0.0899 0.0744 0.0792 
         375  1 0.0350 0.0492 0.0673 0.0538 0.0359 0.7587 
         376  1 0.0572 0.5703 0.0809 0.1562 0.0712 0.0643 
         377  1 0.6428 0.0671 0.0726 0.1148 0.0425 0.0602 
         378  1 0.6254 0.0860 0.0620 0.0736 0.0409 0.1122 
         379  1 0.0383 0.0845 0.0922 0.0642 0.6144 0.1063 
         380  1 0.1076 0.1159 0.1451 0.0751 0.2717 0.2846 
         381  1 0.1978 0.0846 0.2843 0.2039 0.0667 0.1628 
         382  1 0.0530 0.0651 0.0561 0.0461 0.0565 0.7233 
         383  1 0.0403 0.1343 0.2518 0.4822 0.0484 0.0430 
         384  1 0.4512 0.1065 0.1526 0.1222 0.0442 0.1234 
         385  1 0.2120 0.5222 0.1037 0.0655 0.0388 0.0579 
         386  1 0.0635 0.2405 0.2252 0.3515 0.0567 0.0626 
         387  1 0.0440 0.0399 0.2312 0.5351 0.0840 0.0658 
         388  1 0.1544 0.0752 0.0954 0.0825 0.0703 0.5222 
         389  1 0.0513 0.4097 0.0877 0.0574 0.0823 0.3115 
         390  1 0.0534 0.0878 0.1391 0.1311 0.0524 0.5363 
         391  1 0.0737 0.3273 0.1603 0.1958 0.0941 0.1488 
         392  1 0.2460 0.0682 0.2034 0.1680 0.1741 0.1404 
         393  1 0.1749 0.1699 0.1493 0.1609 0.1611 0.1839 
         394  1 0.0615 0.5898 0.0992 0.0743 0.1332 0.0420 
         395  1 0.0393 0.0559 0.5155 0.1979 0.0738 0.1176 
         396  1 0.2098 0.0636 0.0666 0.0561 0.0657 0.5383 
         397  1 0.1212 0.0575 0.1626 0.4725 0.0523 0.1338 
         398  1 0.3094 0.0574 0.2817 0.1958 0.0575 0.0981 
         399  1 0.0530 0.0540 0.2151 0.1024 0.0929 0.4826 
         400  1 0.0861 0.1200 0.2064 0.3934 0.0929 0.1012 
         401  1 0.0753 0.0532 0.2539 0.5102 0.0522 0.0551 
         402  1 0.0746 0.6402 0.0602 0.1036 0.0492 0.0721 
         403  1 0.4016 0.0696 0.1384 0.2003 0.1445 0.0457 
         404  1 0.0716 0.3923 0.2793 0.1045 0.0910 0.0613 
         405  1 0.1596 0.4541 0.1249 0.0601 0.0480 0.1533 
         406  1 0.0634 0.0850 0.0726 0.0652 0.0480 0.6658 
         407  1 0.0436 0.0929 0.1312 0.1660 0.1635 0.4028 
         408  1 0.2711 0.1072 0.1948 0.0739 0.3116 0.0414 
         409  1 0.0622 0.3126 0.1691 0.1098 0.2291 0.1172 
         410  1 0.0587 0.0450 0.1998 0.4104 0.0648 0.2213 
         411  1 0.1766 0.0904 0.1435 0.4698 0.0666 0.0531 
         412  1 0.1109 0.0716 0.3493 0.0691 0.2740 0.1251 
         413  1 0.0974 0.4681 0.1069 0.0782 0.1483 0.1011 
         414  1 0.1260 0.2571 0.1688 0.1395 0.1880 0.1206 
         415  1 0.6508 0.0904 0.0653 0.0963 0.0484 0.0488 
         416  1 0.0394 0.7520 0.0493 0.0419 0.0605 0.0569 
         417  1 0.0879 0.0843 0.1917 0.3794 0.1134 0.1433 
         418  1 0.0480 0.2089 0.1943 0.1493 0.3117 0.0877 
         419  1 0.1072 0.0913 0.1125 0.0761 0.1111 0.5018 
         420  1 0.1199 0.0691 0.2584 0.3403 0.0706 0.1417 
         421  1 0.0966 0.3597 0.2462 0.1236 0.0555 0.1183 
         422  1 0.1497 0.1700 0.2952 0.1390 0.1918 0.0543 
         423  1 0.0342 0.0491 0.5225 0.2744 0.0383 0.0815 
         424  1 0.7041 0.0695 0.0721 0.0665 0.0387 0.0491 
         425  1 0.1514 0.0716 0.2089 0.2706 0.0667 0.2309 
         426  1 0.0877 0.4982 0.1120 0.1485 0.0886 0.0648 
         427  1 0.0394 0.1062 0.1274 0.1125 0.4829 0.1316 
         428  1 0.0687 0.0629 0.1369 0.4557 0.1618 0.1141 
         429  1 0.0453 0.0836 0.3219 0.3991 0.0651 0.0849 
         430  1 0.6875 0.0360 0.0756 0.0552 0.0973 0.0484 
         431  1 0.0682 0.0783 0.5410 0.1849 0.0755 0.0521 
         432  1 0.0609 0.2501 0.0867 0.0751 0.4744 0.0527 
         433  1 0.0705 0.0711 0.0532 0.0598 0.0774 0.6680 
         434  1 0.3291 0.3857 0.0768 0.0650 0.0655 0.0779 
         435  1 0.0470 0.1008 0.3515 0.0849 0.2155 0.2002 
         436  1 0.0744 0.1225 0.0918 0.0801 0.1696 0.4617 
         437  1 0.6271 0.0543 0.0697 0.1036 0.0695 0.0758 
         438  1 0.1288 0.0692 0.0987 0.0654 0.5891 0.0488 
         439  1 0.0718 0.0792 0.3609 0.2560 0.0497 0.1824 
         440  1 0.6736 0.0517 0.0800 0.0697 0.0887 0.0363 
         441  1 0.0493 0.6255 0.0739 0.0450 0.0528 0.1534 
         442  1 0.1170 0.0462 0.1323 0.0631 0.1988 0.4427 
         443  1 0.0424 0.0552 0.0859 0.0671 0.0444 0.7050 
         444  1 0.0743 0.0811 0.1790 0.5354 0.0556 0.0745 
         445  1 0.0522 0.0655 0.4097 0.1338 0.1194 0.2193 
         446  1 0.0397 0.6732 0.0752 0.0611 0.1039 0.0469 
         447  1 0.0688 0.0516 0.2720 0.3071 0.1016 0.1990 
         448  1 0.3307 0.0957 0.2237 0.1069 0.1924 0.0507 
         449  1 0.6926 0.0764 0.0648 0.0475 0.0460 0.0727 
         450  1 0.0692 0.6464 0.0471 0.0554 0.0880 0.0939 
         451  1 0.0611 0.6739 0.0607 0.0560 0.0831 0.0652 
         452  1 0.0389 0.0441 0.0547 0.0538 0.0609 0.7476 
         453  1 0.0612 0.0647 0.0489 0.0507 0.7094 0.0651 
         454  1 0.0742 0.2073 0.1620 0.1047 0.3348 0.1170 
         455  1 0.0440 0.0605 0.1554 0.3800 0.2827 0.0775 
         456  1 0.0604 0.6403 0.0620 0.0652 0.1050 0.0670 
         457  1 0.5678 0.0909 0.0755 0.1053 0.0884 0.0720 
         458  1 0.0834 0.0451 0.1255 0.6552 0.0403 0.0506 
         459  1 0.0543 0.4686 0.0671 0.0455 0.2291 0.1355 
         460  1 0.0511 0.0521 0.1158 0.5605 0.0774 0.1430 
         461  1 0.6375 0.0740 0.0642 0.0616 0.0775 0.0852 
         462  1 0.0535 0.0750 0.0488 0.0632 0.6660 0.0934 
         463  1 0.1538 0.4809 0.1550 0.0682 0.0807 0.0614 
         464  1 0.1025 0.0959 0.1372 0.4211 0.0807 0.1626 
         465  1 0.1568 0.5762 0.0949 0.0804 0.0523 0.0394 
         466  1 0.0642 0.1144 0.1789 0.3360 0.1171 0.1894 
         467  1 0.0374 0.0627 0.0654 0.0673 0.0611 0.7060 
         468  1 0.0613 0.2079 0.3835 0.2260 0.0525 0.0688 
         469  1 0.0286 0.0403 0.0518 0.1185 0.0329 0.7280 
         470  1 0.1279 0.1833 0.3012 0.1348 0.1837 0.0691 
         471  1 0.1281 0.0898 0.3283 0.2076 0.0761 0.1702 
         472  1 0.1304 0.1356 0.1968 0.3618 0.1160 0.0594 
         473  1 0.0975 0.1287 0.2404 0.4168 0.0747 0.0420 
         474  1 0.0543 0.1082 0.2711 0.3510 0.0484 0.1670 
         475  1 0.1388 0.0396 0.5843 0.1218 0.0373 0.0782 
         476  1 0.0772 0.4919 0.1587 0.1202 0.1195 0.0324 
         477  1 0.1030 0.0647 0.4274 0.3157 0.0497 0.0395 
         478  1 0.7059 0.0537 0.0655 0.0618 0.0616 0.0516 
         479  1 0.0675 0.0917 0.1846 0.3671 0.0760 0.2131 
         480  1 0.0649 0.0505 0.0587 0.0665 0.0507 0.7088 
         481  1 0.3455 0.1114 0.1618 0.1062 0.1398 0.1352 
         482  1 0.5655 0.0942 0.1012 0.0655 0.0888 0.0848 
         483  1 0.0909 0.0930 0.1919 0.2434 0.2541 0.1267 
         484  1 0.0813 0.0458 0.1241 0.3758 0.0468 0.3261 
         485  1 0.0442 0.0514 0.0726 0.0918 0.0328 0.7073 
         486  1 0.0437 0.7297 0.0401 0.0389 0.0544 0.0933 
         487  1 0.0655 0.0985 0.1275 0.1357 0.0805 0.4922 
         488  1 0.0333 0.0697 0.3167 0.4668 0.0432 0.0703 
         489  1 0.1200 0.1896 0.3773 0.1044 0.1537 0.0550 
         490  1 0.0731 0.2718 0.3082 0.1547 0.0775 0.1147 
         491  1 0.0514 0.0722 0.0744 0.0611 0.0601 0.6808 
         492  1 0.0531 0.0401 0.0783 0.0867 0.0376 0.7042 
