           1  1 0.0819 0.0842 0.0955 0.7383 
           2  1 0.6434 0.1291 0.0978 0.1298 
           3  1 0.5126 0.0696 0.3042 0.1136 
           4  1 0.0396 0.0838 0.0583 0.8183 
           5  1 0.0441 0.0340 0.0571 0.8648 
           6  1 0.4412 0.0993 0.3404 0.1191 
           7  1 0.4986 0.1651 0.2650 0.0714 
           8  1 0.0394 0.0668 0.0514 0.8424 
           9  1 0.2819 0.0423 0.5914 0.0844 
          10  1 0.0421 0.0442 0.0719 0.8418 
          11  1 0.0568 0.8199 0.0781 0.0452 
          12  1 0.4429 0.0861 0.0978 0.3732 
          13  1 0.0983 0.4062 0.1696 0.3258 
          14  1 0.1784 0.0872 0.2199 0.5145 
          15  1 0.1920 0.2029 0.5268 0.0782 
          16  1 0.0749 0.4047 0.1270 0.3934 
          17  1 0.1849 0.6702 0.0807 0.0643 
          18  1 0.1603 0.0641 0.0786 0.6970 
          19  1 0.3092 0.1746 0.3699 0.1463 
          20  1 0.1141 0.0848 0.2451 0.5560 
          21  1 0.0680 0.1418 0.1163 0.6739 
          22  1 0.0595 0.1228 0.6715 0.1463 
          23  1 0.8138 0.0758 0.0698 0.0406 
          24  1 0.4650 0.0631 0.4152 0.0568 
          25  1 0.0506 0.7375 0.1290 0.0829 
          26  1 0.6917 0.0612 0.1529 0.0943 
          27  1 0.0432 0.2400 0.2312 0.4855 
          28  1 0.1106 0.3645 0.4691 0.0558 
          29  1 0.4192 0.0538 0.2704 0.2566 
          30  1 0.0944 0.2033 0.6067 0.0956 
          31  1 0.2143 0.4944 0.2073 0.0840 
          32  1 0.1026 0.1396 0.6801 0.0778 
          33  1 0.2027 0.4668 0.2711 0.0594 
          34  1 0.2607 0.3375 0.2890 0.1128 
          35  1 0.1137 0.0426 0.0947 0.7490 
          36  1 0.3008 0.0709 0.5589 0.0694 
          37  1 0.1877 0.6051 0.1006 0.1066 
          38  1 0.2209 0.0553 0.6750 0.0487 
          39  1 0.0725 0.1487 0.2904 0.4884 
          40  1 0.0779 0.7946 0.0695 0.0580 
          41  1 0.1838 0.0596 0.5526 0.2040 
          42  1 0.2237 0.5968 0.1254 0.0541 
          43  1 0.8990 0.0329 0.0445 0.0236 
          44  1 0.8184 0.0824 0.0673 0.0319 
          45  1 0.0539 0.0667 0.0635 0.8160 
          46  1 0.7708 0.1089 0.0780 0.0423 
          47  1 0.0720 0.0578 0.0872 0.7830 
          48  1 0.3389 0.1120 0.4743 0.0747 
          49  1 0.2419 0.0837 0.4683 0.2061 
          50  1 0.0659 0.1202 0.1787 0.6353 
          51  1 0.1457 0.2287 0.3058 0.3198 
          52  1 0.0767 0.7643 0.0940 0.0650 
          53  1 0.0769 0.0853 0.6918 0.1461 
          54  1 0.1813 0.1129 0.1468 0.5591 
          55  1 0.1571 0.5812 0.0932 0.1686 
          56  1 0.4377 0.1449 0.3583 0.0591 
          57  1 0.6954 0.0431 0.1855 0.0760 
          58  1 0.5874 0.0464 0.3067 0.0594 
          59  1 0.2198 0.0668 0.6204 0.0929 
          60  1 0.3049 0.0912 0.4552 0.1486 
          61  1 0.0312 0.8520 0.0556 0.0612 
          62  1 0.6234 0.0533 0.2689 0.0544 
          63  1 0.0509 0.1351 0.1249 0.6891 
          64  1 0.1295 0.1173 0.4712 0.2820 
          65  1 0.1919 0.3244 0.4202 0.0635 
          66  1 0.0858 0.1070 0.2330 0.5742 
          67  1 0.7124 0.1351 0.0926 0.0600 
          68  1 0.5541 0.0693 0.3021 0.0745 
          69  1 0.0222 0.0543 0.0513 0.8722 
          70  1 0.8592 0.0277 0.0843 0.0288 
          71  1 0.1368 0.0638 0.6052 0.1942 
          72  1 0.3989 0.0544 0.3759 0.1709 
          73  1 0.0857 0.0952 0.0465 0.7727 
          74  1 0.0525 0.1171 0.5883 0.2420 
          75  1 0.0407 0.8088 0.0802 0.0703 
          76  1 0.5916 0.0956 0.1741 0.1387 
          77  1 0.2856 0.1073 0.4044 0.2027 
          78  1 0.0901 0.7545 0.0981 0.0573 
          79  1 0.0567 0.7117 0.0757 0.1560 
          80  1 0.4594 0.0560 0.4247 0.0599 
          81  1 0.0613 0.0834 0.3980 0.4573 
          82  1 0.1489 0.2938 0.1953 0.3620 
          83  1 0.4894 0.0672 0.2792 0.1643 
          84  1 0.2555 0.1324 0.2908 0.3212 
          85  1 0.0887 0.0480 0.1138 0.7495 
          86  1 0.5136 0.1287 0.2080 0.1497 
          87  1 0.3574 0.1086 0.3723 0.1617 
          88  1 0.3516 0.1497 0.3866 0.1121 
          89  1 0.0532 0.8484 0.0483 0.0501 
          90  1 0.7820 0.0739 0.0910 0.0532 
          91  1 0.0316 0.5593 0.2760 0.1332 
          92  1 0.7615 0.0490 0.0841 0.1054 
          93  1 0.1567 0.0994 0.6447 0.0991 
          94  1 0.0696 0.0696 0.1663 0.6944 
          95  1 0.2013 0.0705 0.6367 0.0916 
          96  1 0.0489 0.7109 0.1847 0.0555 
          97  1 0.8808 0.0400 0.0444 0.0347 
          98  1 0.1002 0.6538 0.1643 0.0817 
          99  1 0.1730 0.3822 0.3692 0.0756 
         100  1 0.0366 0.8553 0.0453 0.0627 
         101  1 0.3376 0.0571 0.4818 0.1235 
         102  1 0.0421 0.1214 0.7054 0.1310 
         103  1 0.4653 0.0987 0.3161 0.1200 
         104  1 0.0536 0.8333 0.0481 0.0651 
         105  1 0.0485 0.8730 0.0398 0.0387 
         106  1 0.0921 0.0457 0.6943 0.1679 
         107  1 0.0641 0.0411 0.0905 0.8043 
         108  1 0.0279 0.8767 0.0369 0.0586 
         109  1 0.0927 0.7555 0.0800 0.0718 
         110  1 0.4985 0.2538 0.1004 0.1472 
         111  1 0.0687 0.7239 0.1087 0.0987 
         112  1 0.0852 0.0939 0.1079 0.7129 
         113  1 0.5881 0.2479 0.1082 0.0558 
         114  1 0.2943 0.5691 0.0750 0.0615 
         115  1 0.0345 0.0470 0.1609 0.7575 
         116  1 0.0430 0.0483 0.1928 0.7159 
         117  1 0.5987 0.0746 0.2651 0.0616 
         118  1 0.0783 0.0996 0.1143 0.7078 
         119  1 0.0650 0.6623 0.1829 0.0899 
         120  1 0.2501 0.0901 0.5144 0.1454 
         121  1 0.3243 0.0727 0.5317 0.0713 
         122  1 0.5121 0.1136 0.2924 0.0818 
         123  1 0.8508 0.0395 0.0646 0.0451 
         124  1 0.4924 0.0751 0.3766 0.0560 
         125  1 0.6413 0.0900 0.0798 0.1890 
         126  1 0.3016 0.0874 0.4003 0.2107 
         127  1 0.2033 0.1780 0.4567 0.1619 
         128  1 0.0693 0.6855 0.1168 0.1284 
         129  1 0.5195 0.1310 0.2683 0.0812 
         130  1 0.1131 0.0632 0.5715 0.2522 
         131  1 0.6908 0.1609 0.1046 0.0437 
         132  1 0.0645 0.2545 0.4997 0.1812 
         133  1 0.0398 0.8660 0.0412 0.0530 
         134  1 0.3171 0.0476 0.5566 0.0787 
         135  1 0.0973 0.0475 0.7827 0.0726 
         136  1 0.1414 0.0724 0.1332 0.6530 
         137  1 0.1551 0.1575 0.4887 0.1987 
         138  1 0.1233 0.7109 0.1140 0.0519 
         139  1 0.0888 0.0655 0.0620 0.7837 
         140  1 0.3241 0.0541 0.5529 0.0689 
         141  1 0.1390 0.1423 0.5193 0.1995 
         142  1 0.0619 0.6039 0.2196 0.1146 
         143  1 0.1383 0.1530 0.4392 0.2695 
         144  1 0.0672 0.1175 0.6525 0.1628 
         145  1 0.6468 0.0762 0.1897 0.0874 
         146  1 0.1299 0.0937 0.6285 0.1480 
         147  1 0.5963 0.1741 0.1227 0.1070 
         148  1 0.4521 0.1054 0.3497 0.0928 
         149  1 0.1415 0.6988 0.0953 0.0644 
         150  1 0.0811 0.4272 0.3998 0.0919 
         151  1 0.0460 0.8340 0.0480 0.0720 
         152  1 0.3374 0.0481 0.5476 0.0669 
         153  1 0.0362 0.7299 0.0677 0.1663 
         154  1 0.1771 0.1527 0.5696 0.1006 
         155  1 0.1802 0.0683 0.6315 0.1200 
         156  1 0.0757 0.2100 0.4128 0.3014 
         157  1 0.6782 0.1264 0.0872 0.1082 
         158  1 0.2392 0.2994 0.2806 0.1809 
         159  1 0.1222 0.0744 0.1076 0.6958 
         160  1 0.0520 0.0536 0.0737 0.8207 
         161  1 0.0856 0.0902 0.0662 0.7580 
         162  1 0.2553 0.0798 0.5875 0.0773 
         163  1 0.5443 0.1553 0.2474 0.0530 
         164  1 0.0536 0.0584 0.0534 0.8346 
         165  1 0.2876 0.3268 0.2470 0.1386 
         166  1 0.1087 0.5062 0.2415 0.1437 
         167  1 0.1157 0.4552 0.3497 0.0794 
         168  1 0.1024 0.1384 0.4360 0.3231 
         169  1 0.0386 0.0402 0.0637 0.8574 
         170  1 0.0815 0.0624 0.1522 0.7039 
         171  1 0.6635 0.1263 0.1577 0.0525 
         172  1 0.0418 0.8385 0.0597 0.0601 
         173  1 0.0321 0.7974 0.1139 0.0566 
         174  1 0.2837 0.2755 0.2214 0.2194 
         175  1 0.6107 0.1114 0.1665 0.1113 
         176  1 0.0711 0.0440 0.1436 0.7413 
         177  1 0.4022 0.1508 0.2326 0.2144 
         178  1 0.0934 0.7336 0.1088 0.0642 
         179  1 0.1934 0.5427 0.1592 0.1047 
         180  1 0.0512 0.0627 0.2976 0.5884 
         181  1 0.1828 0.1058 0.5516 0.1598 
         182  1 0.1570 0.6781 0.0713 0.0936 
         183  1 0.0442 0.0829 0.0563 0.8167 
         184  1 0.2120 0.3234 0.3066 0.1580 
         185  1 0.2092 0.1382 0.2593 0.3932 
         186  1 0.0926 0.1481 0.2453 0.5140 
         187  1 0.5020 0.0559 0.3887 0.0534 
         188  1 0.0320 0.0656 0.0433 0.8591 
         189  1 0.2908 0.1327 0.2162 0.3603 
         190  1 0.0715 0.1791 0.5190 0.2304 
         191  1 0.0649 0.8053 0.0775 0.0523 
         192  1 0.4231 0.0768 0.0874 0.4127 
         193  1 0.1489 0.2487 0.2263 0.3760 
         194  1 0.1418 0.0565 0.7120 0.0898 
         195  1 0.0894 0.7521 0.1056 0.0529 
         196  1 0.0954 0.0490 0.3181 0.5375 
         197  1 0.1876 0.1676 0.5521 0.0926 
         198  1 0.0551 0.8447 0.0538 0.0464 
         199  1 0.7743 0.0882 0.0842 0.0533 
         200  1 0.0576 0.8608 0.0512 0.0305 
         201  1 0.0334 0.0443 0.1321 0.7902 
         202  1 0.6385 0.0946 0.1546 0.1123 
         203  1 0.2367 0.0643 0.6182 0.0808 
         204  1 0.3097 0.3380 0.2723 0.0800 
         205  1 0.8749 0.0345 0.0504 0.0403 
         206  1 0.4007 0.0741 0.4205 0.1047 
         207  1 0.1077 0.4646 0.3483 0.0794 
         208  1 0.0512 0.8624 0.0504 0.0361 
         209  1 0.1074 0.6538 0.0964 0.1425 
         210  1 0.2814 0.0930 0.4687 0.1569 
         211  1 0.0538 0.7651 0.0972 0.0838 
         212  1 0.0434 0.8697 0.0462 0.0406 
         213  1 0.1395 0.0909 0.3903 0.3793 
         214  1 0.1800 0.0352 0.7142 0.0706 
         215  1 0.0602 0.6711 0.1826 0.0860 
         216  1 0.0529 0.7483 0.1229 0.0759 
         217  1 0.6789 0.0534 0.1094 0.1583 
         218  1 0.7749 0.0788 0.0807 0.0655 
         219  1 0.0313 0.7104 0.1818 0.0765 
         220  1 0.4394 0.1731 0.2822 0.1053 
         221  1 0.1490 0.0468 0.7167 0.0875 
         222  1 0.2358 0.0947 0.5436 0.1259 
         223  1 0.1348 0.0885 0.6578 0.1190 
         224  1 0.2400 0.2687 0.2996 0.1916 
         225  1 0.0545 0.0694 0.0821 0.7941 
         226  1 0.1397 0.3166 0.2386 0.3051 
         227  1 0.8644 0.0318 0.0704 0.0334 
         228  1 0.6059 0.1666 0.1661 0.0615 
         229  1 0.1303 0.1696 0.1399 0.5602 
         230  1 0.3258 0.4374 0.1639 0.0729 
         231  1 0.0291 0.8685 0.0608 0.0416 
         232  1 0.3488 0.5175 0.0636 0.0701 
         233  1 0.0519 0.7689 0.1223 0.0569 
         234  1 0.0938 0.7340 0.0909 0.0812 
         235  1 0.0517 0.0508 0.2970 0.6005 
         236  1 0.3655 0.0717 0.4634 0.0993 
         237  1 0.1296 0.6149 0.1441 0.1114 
         238  1 0.2199 0.0443 0.6351 0.1007 
         239  1 0.3971 0.0680 0.0579 0.4770 
         240  1 0.2192 0.0619 0.5418 0.1770 
         241  1 0.0844 0.1456 0.5468 0.2232 
         242  1 0.1192 0.1017 0.0851 0.6940 
         243  1 0.3039 0.4279 0.2004 0.0678 
         244  1 0.6488 0.0560 0.2637 0.0315 
         245  1 0.0399 0.5976 0.1383 0.2242 
         246  1 0.3141 0.4961 0.1259 0.0639 
         247  1 0.0644 0.0682 0.2543 0.6132 
         248  1 0.0787 0.0840 0.2065 0.6308 
         249  1 0.0528 0.7767 0.1203 0.0502 
         250  1 0.0837 0.1445 0.3338 0.4381 
         251  1 0.0571 0.8401 0.0363 0.0666 
         252  1 0.1503 0.1062 0.6061 0.1374 
         253  1 0.7603 0.0361 0.1570 0.0466 
         254  1 0.2141 0.0520 0.4425 0.2914 
         255  1 0.2525 0.5675 0.1250 0.0549 
         256  1 0.2407 0.0655 0.6068 0.0870 
         257  1 0.0683 0.3751 0.1805 0.3761 
         258  1 0.0380 0.0419 0.0998 0.8203 
         259  1 0.0334 0.0560 0.0637 0.8470 
         260  1 0.1676 0.1082 0.5021 0.2221 
         261  1 0.7759 0.0612 0.0969 0.0660 
         262  1 0.7074 0.0689 0.1399 0.0839 
         263  1 0.0835 0.0830 0.6995 0.1340 
         264  1 0.7976 0.0369 0.1182 0.0473 
         265  1 0.3476 0.1007 0.0858 0.4660 
         266  1 0.1139 0.1005 0.3322 0.4533 
         267  1 0.0434 0.8300 0.0750 0.0516 
         268  1 0.0811 0.7523 0.0939 0.0727 
         269  1 0.0833 0.1731 0.1428 0.6008 
         270  1 0.0441 0.0578 0.1456 0.7525 
         271  1 0.6271 0.1000 0.2273 0.0456 
         272  1 0.6649 0.0918 0.1561 0.0872 
         273  1 0.0637 0.7749 0.0794 0.0820 
         274  1 0.0397 0.0525 0.0666 0.8412 
         275  1 0.1173 0.5724 0.1981 0.1122 
         276  1 0.1070 0.1703 0.4486 0.2741 
         277  1 0.1862 0.0619 0.5489 0.2030 
         278  1 0.1550 0.5153 0.1987 0.1309 
         279  1 0.2870 0.0311 0.2887 0.3932 
         280  1 0.2590 0.1023 0.4209 0.2179 
         281  1 0.0462 0.7949 0.0698 0.0891 
         282  1 0.4126 0.0472 0.4316 0.1086 
         283  1 0.5822 0.1804 0.1370 0.1004 
         284  1 0.2222 0.3828 0.1914 0.2037 
         285  1 0.2993 0.3137 0.1711 0.2160 
         286  1 0.2182 0.0631 0.2127 0.5060 
         287  1 0.6863 0.0949 0.1721 0.0467 
         288  1 0.2172 0.0904 0.5199 0.1725 
         289  1 0.0957 0.3398 0.4627 0.1019 
         290  1 0.7096 0.0583 0.1741 0.0580 
         291  1 0.4778 0.0410 0.4108 0.0703 
         292  1 0.4024 0.4899 0.0562 0.0515 
         293  1 0.0404 0.6710 0.1601 0.1284 
         294  1 0.1496 0.0619 0.5814 0.2071 
         295  1 0.7840 0.0672 0.0674 0.0814 
         296  1 0.5233 0.0802 0.3239 0.0725 
         297  1 0.6671 0.1081 0.1696 0.0553 
         298  1 0.0254 0.1174 0.1079 0.7493 
         299  1 0.1126 0.0656 0.4355 0.3864 
         300  1 0.0314 0.0524 0.1577 0.7585 
         301  1 0.3543 0.0720 0.2128 0.3609 
         302  1 0.0287 0.0470 0.0982 0.8261 
         303  1 0.2771 0.0433 0.5690 0.1106 
         304  1 0.0881 0.0767 0.3343 0.5009 
         305  1 0.1922 0.2051 0.2959 0.3068 
         306  1 0.0644 0.2596 0.6005 0.0756 
         307  1 0.0844 0.1123 0.7357 0.0675 
         308  1 0.0749 0.1728 0.2733 0.4789 
         309  1 0.0832 0.2115 0.4244 0.2810 
         310  1 0.0577 0.7509 0.0783 0.1130 
         311  1 0.0687 0.6354 0.1304 0.1655 
         312  1 0.0198 0.0250 0.0421 0.9131 
         313  1 0.8141 0.0484 0.0489 0.0886 
         314  1 0.1099 0.0910 0.0960 0.7031 
         315  1 0.0288 0.0400 0.0414 0.8898 
         316  1 0.0691 0.8373 0.0483 0.0453 
         317  1 0.0508 0.7369 0.1015 0.1108 
         318  1 0.0799 0.0532 0.1565 0.7103 
         319  1 0.0344 0.8833 0.0378 0.0445 
         320  1 0.0361 0.0380 0.0599 0.8659 
         321  1 0.6273 0.1512 0.1223 0.0992 
         322  1 0.0593 0.1746 0.6258 0.1403 
         323  1 0.2356 0.0958 0.4789 0.1897 
         324  1 0.0534 0.0765 0.0705 0.7997 
         325  1 0.0411 0.8355 0.0554 0.0680 
         326  1 0.3126 0.1290 0.3575 0.2010 
         327  1 0.1466 0.7028 0.0926 0.0581 
         328  1 0.0772 0.0550 0.6910 0.1768 
         329  1 0.1097 0.0515 0.6579 0.1809 
         330  1 0.3179 0.0632 0.4923 0.1266 
         331  1 0.1424 0.2989 0.4337 0.1250 
         332  1 0.3699 0.0838 0.4589 0.0873 
         333  1 0.2239 0.1315 0.1446 0.5001 
         334  1 0.0508 0.8472 0.0504 0.0516 
         335  1 0.0528 0.6420 0.1481 0.1571 
         336  1 0.2976 0.0934 0.4804 0.1285 
         337  1 0.1669 0.0730 0.1171 0.6430 
         338  1 0.0586 0.0833 0.7676 0.0905 
         339  1 0.0576 0.8200 0.0709 0.0515 
         340  1 0.4919 0.0928 0.2811 0.1342 
         341  1 0.2225 0.0564 0.4867 0.2344 
         342  1 0.8325 0.0583 0.0738 0.0354 
         343  1 0.0793 0.1298 0.0531 0.7379 
         344  1 0.0500 0.1133 0.7126 0.1241 
         345  1 0.0521 0.8380 0.0604 0.0495 
         346  1 0.0851 0.0444 0.0637 0.8067 
         347  1 0.0821 0.3678 0.4752 0.0748 
         348  1 0.1594 0.6244 0.1188 0.0973 
         349  1 0.1529 0.6052 0.1456 0.0962 
         350  1 0.1002 0.5818 0.1403 0.1777 
         351  1 0.1512 0.1956 0.5187 0.1345 
         352  1 0.4798 0.1225 0.3470 0.0507 
         353  1 0.0793 0.7944 0.0607 0.0655 
         354  1 0.3699 0.3656 0.1643 0.1002 
         355  1 0.1187 0.5828 0.2572 0.0413 
         356  1 0.0427 0.0323 0.0495 0.8755 
         357  1 0.8361 0.0481 0.0682 0.0476 
         358  1 0.0913 0.0998 0.1701 0.6389 
         359  1 0.2378 0.0628 0.1135 0.5859 
         360  1 0.7166 0.1005 0.1192 0.0637 
         361  1 0.0924 0.0426 0.1064 0.7586 
         362  1 0.2409 0.0792 0.5948 0.0852 
         363  1 0.0783 0.0479 0.8264 0.0475 
         364  1 0.2766 0.1294 0.4951 0.0988 
         365  1 0.0393 0.2899 0.4801 0.1907 
         366  1 0.1884 0.0851 0.1589 0.5676 
         367  1 0.1062 0.1785 0.4786 0.2367 
         368  1 0.0933 0.2666 0.5882 0.0518 
         369  1 0.7231 0.0539 0.1582 0.0648 
         370  1 0.0887 0.5532 0.2318 0.1263 
         371  1 0.7296 0.0874 0.1203 0.0627 
         372  1 0.7305 0.0940 0.1271 0.0484 
         373  1 0.2486 0.1008 0.1504 0.5003 
         374  1 0.0693 0.1176 0.1206 0.6925 
         375  1 0.8545 0.0326 0.0798 0.0331 
         376  1 0.0950 0.7140 0.1148 0.0761 
         377  1 0.0773 0.0548 0.0747 0.7932 
         378  1 0.1101 0.0614 0.0632 0.7653 
         379  1 0.0859 0.7985 0.0761 0.0395 
         380  1 0.3493 0.3064 0.1921 0.1523 
         381  1 0.2462 0.0823 0.2805 0.3910 
         382  1 0.8063 0.0855 0.0574 0.0507 
         383  1 0.1217 0.0915 0.7289 0.0579 
         384  1 0.1467 0.0748 0.1704 0.6081 
         385  1 0.0585 0.5528 0.1468 0.2419 
         386  1 0.1513 0.1212 0.6295 0.0980 
         387  1 0.2577 0.0424 0.6340 0.0658 
         388  1 0.5651 0.0688 0.0898 0.2763 
         389  1 0.3035 0.5384 0.1038 0.0543 
         390  1 0.7659 0.0690 0.1118 0.0533 
         391  1 0.2554 0.3126 0.3337 0.0983 
         392  1 0.2219 0.0612 0.2373 0.4796 
         393  1 0.2751 0.2529 0.2159 0.2561 
         394  1 0.0481 0.7558 0.1283 0.0678 
         395  1 0.1721 0.0458 0.7340 0.0481 
         396  1 0.6099 0.0731 0.0776 0.2393 
         397  1 0.5833 0.0483 0.2187 0.1497 
         398  1 0.1269 0.0498 0.3021 0.5211 
         399  1 0.5908 0.0596 0.2907 0.0588 
         400  1 0.2931 0.1504 0.4185 0.1380 
         401  1 0.1408 0.0520 0.6816 0.1257 
         402  1 0.0869 0.7506 0.0787 0.0837 
         403  1 0.0773 0.0711 0.1624 0.6891 
         404  1 0.0874 0.2841 0.5213 0.1072 
         405  1 0.1196 0.5482 0.1624 0.1698 
         406  1 0.7965 0.0633 0.0750 0.0652 
         407  1 0.7267 0.1101 0.1202 0.0431 
         408  1 0.0506 0.1230 0.3975 0.4290 
         409  1 0.2669 0.2792 0.3464 0.1076 
         410  1 0.6490 0.0467 0.2395 0.0648 
         411  1 0.2264 0.0873 0.4073 0.2791 
         412  1 0.1161 0.2899 0.4370 0.1570 
         413  1 0.1427 0.5670 0.1559 0.1343 
         414  1 0.1978 0.3182 0.2754 0.2085 
         415  1 0.0508 0.0601 0.0766 0.8125 
         416  1 0.0562 0.8508 0.0528 0.0402 
         417  1 0.3904 0.1132 0.3761 0.1202 
         418  1 0.1918 0.3032 0.4330 0.0719 
         419  1 0.6016 0.1495 0.1402 0.1087 
         420  1 0.3068 0.0639 0.4420 0.1873 
         421  1 0.1420 0.4113 0.3241 0.1226 
         422  1 0.0829 0.2891 0.4268 0.2012 
         423  1 0.1169 0.0403 0.8079 0.0349 
         424  1 0.0431 0.0444 0.0539 0.8586 
         425  1 0.5229 0.0547 0.2447 0.1777 
         426  1 0.1209 0.5577 0.2026 0.1188 
         427  1 0.4172 0.2155 0.2773 0.0900 
         428  1 0.4428 0.1020 0.3388 0.1165 
         429  1 0.2333 0.0643 0.6452 0.0573 
         430  1 0.0361 0.0340 0.0474 0.8825 
         431  1 0.0940 0.0726 0.7392 0.0942 
         432  1 0.0644 0.7945 0.0729 0.0681 
         433  1 0.7935 0.0809 0.0573 0.0683 
         434  1 0.0719 0.4629 0.0875 0.3778 
         435  1 0.1912 0.1717 0.5496 0.0875 
         436  1 0.5929 0.2034 0.1132 0.0905 
         437  1 0.0762 0.0491 0.0651 0.8096 
         438  1 0.0608 0.4549 0.1317 0.3526 
         439  1 0.2802 0.0758 0.5412 0.1028 
         440  1 0.0398 0.0651 0.0772 0.8179 
         441  1 0.1647 0.6781 0.1112 0.0459 
         442  1 0.5024 0.0817 0.1496 0.2663 
         443  1 0.8101 0.0568 0.0958 0.0373 
         444  1 0.1983 0.0729 0.5771 0.1517 
         445  1 0.3182 0.0708 0.5367 0.0744 
         446  1 0.0434 0.8484 0.0667 0.0415 
         447  1 0.3392 0.0575 0.4881 0.1151 
         448  1 0.0542 0.1085 0.1670 0.6703 
         449  1 0.0541 0.0625 0.0619 0.8215 
         450  1 0.0566 0.8597 0.0359 0.0477 
         451  1 0.0602 0.8174 0.0700 0.0524 
         452  1 0.8580 0.0442 0.0548 0.0430 
         453  1 0.0571 0.8360 0.0492 0.0577 
         454  1 0.1126 0.5924 0.2047 0.0902 
         455  1 0.2896 0.1323 0.4948 0.0833 
         456  1 0.0637 0.8078 0.0719 0.0565 
         457  1 0.1197 0.0869 0.0652 0.7281 
         458  1 0.2806 0.0501 0.5018 0.1675 
         459  1 0.1087 0.7742 0.0660 0.0511 
         460  1 0.6073 0.0512 0.2602 0.0813 
         461  1 0.0742 0.0820 0.0581 0.7857 
         462  1 0.0749 0.8313 0.0453 0.0486 
         463  1 0.0677 0.5265 0.2155 0.1903 
         464  1 0.5113 0.0870 0.2442 0.1575 
         465  1 0.0417 0.6917 0.1207 0.1459 
         466  1 0.5372 0.1281 0.2512 0.0834 
         467  1 0.8320 0.0669 0.0627 0.0384 
         468  1 0.1759 0.0871 0.6319 0.1052 
         469  1 0.9083 0.0296 0.0385 0.0237 
         470  1 0.0706 0.3758 0.3178 0.2358 
         471  1 0.2339 0.0731 0.4260 0.2669 
         472  1 0.1375 0.1432 0.4875 0.2318 
         473  1 0.1102 0.0961 0.6262 0.1676 
         474  1 0.3695 0.0615 0.4948 0.0742 
         475  1 0.1066 0.0309 0.5272 0.3353 
         476  1 0.0363 0.7469 0.1407 0.0760 
         477  1 0.0741 0.0481 0.6519 0.2259 
         478  1 0.0476 0.0456 0.0561 0.8507 
         479  1 0.6089 0.0721 0.2443 0.0747 
         480  1 0.8048 0.0605 0.0662 0.0684 
         481  1 0.1504 0.0958 0.1228 0.6310 
         482  1 0.0827 0.0847 0.0981 0.7344 
         483  1 0.3298 0.1669 0.3563 0.1469 
         484  1 0.7448 0.0392 0.1438 0.0722 
         485  1 0.8175 0.0429 0.0947 0.0449 
         486  1 0.0756 0.8511 0.0362 0.0370 
         487  1 0.7115 0.0854 0.1336 0.0695 
         488  1 0.2664 0.0821 0.5954 0.0561 
         489  1 0.0526 0.2085 0.5876 0.1513 
         490  1 0.1583 0.1849 0.5395 0.1174 
         491  1 0.7621 0.0890 0.0919 0.0570 
         492  1 0.8146 0.0359 0.1005 0.0490 
