           1  1 0.6532 0.1036 0.0757 0.1067 0.0608 
           2  1 0.1031 0.0632 0.0664 0.7110 0.0562 
           3  1 0.0671 0.2342 0.0547 0.1424 0.5015 
           4  1 0.7405 0.0710 0.0847 0.0383 0.0654 
           5  1 0.7857 0.0748 0.0345 0.0455 0.0595 
           6  1 0.0790 0.2475 0.0856 0.1594 0.4285 
           7  1 0.0642 0.2121 0.0969 0.4337 0.1931 
           8  1 0.7968 0.0527 0.0636 0.0394 0.0474 
           9  1 0.0488 0.3116 0.0369 0.0822 0.5205 
          10  1 0.7236 0.1084 0.0435 0.0424 0.0821 
          11  1 0.0408 0.1003 0.7124 0.0638 0.0828 
          12  1 0.3115 0.0782 0.0596 0.4779 0.0728 
          13  1 0.2989 0.1512 0.3071 0.1449 0.0978 
          14  1 0.2856 0.2110 0.0743 0.0691 0.3600 
          15  1 0.0568 0.3438 0.1481 0.1508 0.3006 
          16  1 0.3856 0.1233 0.3227 0.0792 0.0893 
          17  1 0.0655 0.0816 0.5096 0.2782 0.0651 
          18  1 0.6460 0.0813 0.0681 0.1275 0.0771 
          19  1 0.1032 0.2890 0.1236 0.1800 0.3042 
          20  1 0.4269 0.1920 0.0687 0.0706 0.2418 
          21  1 0.4986 0.1370 0.1705 0.0653 0.1286 
          22  1 0.1051 0.4613 0.1100 0.0431 0.2805 
          23  1 0.0389 0.0689 0.0793 0.7507 0.0623 
          24  1 0.0402 0.3553 0.0551 0.2102 0.3392 
          25  1 0.0845 0.1210 0.6692 0.0467 0.0786 
          26  1 0.0771 0.1404 0.0472 0.6031 0.1323 
          27  1 0.4347 0.1906 0.2079 0.0547 0.1122 
          28  1 0.0466 0.3593 0.2718 0.1020 0.2204 
          29  1 0.1166 0.2372 0.0468 0.1427 0.4567 
          30  1 0.0861 0.4362 0.1550 0.1035 0.2193 
          31  1 0.0748 0.1916 0.2750 0.3341 0.1245 
          32  1 0.0574 0.4924 0.1055 0.0718 0.2729 
          33  1 0.0505 0.2084 0.3500 0.1697 0.2213 
          34  1 0.0983 0.2593 0.2501 0.2327 0.1597 
          35  1 0.5822 0.1363 0.0422 0.1219 0.1174 
          36  1 0.0572 0.3576 0.0642 0.1363 0.3848 
          37  1 0.1010 0.1139 0.4586 0.1989 0.1276 
          38  1 0.0375 0.5209 0.0474 0.1572 0.2371 
          39  1 0.3711 0.2253 0.1154 0.0468 0.2414 
          40  1 0.0543 0.0737 0.7273 0.0780 0.0666 
          41  1 0.1347 0.3606 0.0520 0.1066 0.3461 
          42  1 0.0481 0.1303 0.4548 0.1881 0.1786 
          43  1 0.0219 0.0387 0.0264 0.8705 0.0425 
          44  1 0.0340 0.0901 0.0758 0.6919 0.1082 
          45  1 0.7574 0.0555 0.0697 0.0474 0.0700 
          46  1 0.0365 0.0529 0.0691 0.7825 0.0590 
          47  1 0.7192 0.0867 0.0524 0.0601 0.0816 
          48  1 0.0472 0.3399 0.0877 0.1093 0.4159 
          49  1 0.1359 0.3431 0.0578 0.2685 0.1946 
          50  1 0.4701 0.2063 0.1125 0.0629 0.1482 
          51  1 0.1729 0.2801 0.2080 0.0872 0.2519 
          52  1 0.0700 0.0991 0.6668 0.0793 0.0848 
          53  1 0.0865 0.4695 0.0663 0.0522 0.3255 
          54  1 0.5022 0.1299 0.1030 0.1561 0.1088 
          55  1 0.1218 0.1046 0.5175 0.1595 0.0966 
          56  1 0.0550 0.3036 0.1260 0.2737 0.2419 
          57  1 0.0607 0.2077 0.0408 0.4515 0.2394 
          58  1 0.0419 0.2545 0.0443 0.2056 0.4537 
          59  1 0.0559 0.3468 0.0551 0.0711 0.4711 
          60  1 0.1063 0.2908 0.0676 0.2136 0.3218 
          61  1 0.0668 0.0649 0.7820 0.0331 0.0531 
          62  1 0.0374 0.2262 0.0538 0.1802 0.5024 
          63  1 0.5751 0.1306 0.1424 0.0416 0.1102 
          64  1 0.1504 0.3856 0.0883 0.0811 0.2945 
          65  1 0.0397 0.3409 0.2637 0.1042 0.2514 
          66  1 0.4174 0.2568 0.1006 0.0736 0.1516 
          67  1 0.0518 0.0828 0.0891 0.6949 0.0814 
          68  1 0.0545 0.2445 0.0695 0.1771 0.4544 
          69  1 0.8325 0.0520 0.0527 0.0234 0.0394 
          70  1 0.0271 0.1283 0.0273 0.5736 0.2437 
          71  1 0.1154 0.3037 0.0505 0.0601 0.4703 
          72  1 0.1248 0.3099 0.0453 0.1726 0.3474 
          73  1 0.7202 0.0449 0.0985 0.0965 0.0399 
          74  1 0.1907 0.4618 0.0682 0.0521 0.2271 
          75  1 0.0676 0.0883 0.7243 0.0395 0.0803 
          76  1 0.1215 0.1550 0.0964 0.4652 0.1618 
          77  1 0.1018 0.2330 0.0763 0.0794 0.5095 
          78  1 0.0551 0.1231 0.6185 0.1235 0.0798 
          79  1 0.1537 0.0709 0.6663 0.0496 0.0595 
          80  1 0.0414 0.2882 0.0519 0.1272 0.4913 
          81  1 0.2718 0.3539 0.0730 0.0405 0.2609 
          82  1 0.3134 0.1657 0.2108 0.1915 0.1186 
          83  1 0.1172 0.2635 0.0621 0.2021 0.3551 
          84  1 0.1931 0.2404 0.1057 0.1439 0.3169 
          85  1 0.6715 0.0986 0.0433 0.0738 0.1128 
          86  1 0.1305 0.1867 0.1245 0.3279 0.2304 
          87  1 0.1043 0.3139 0.0913 0.2158 0.2748 
          88  1 0.0754 0.2848 0.1276 0.1829 0.3293 
          89  1 0.0473 0.0567 0.7809 0.0545 0.0605 
          90  1 0.0495 0.0786 0.0579 0.7308 0.0832 
          91  1 0.1259 0.2546 0.4402 0.0321 0.1472 
          92  1 0.1007 0.0822 0.0473 0.6884 0.0814 
          93  1 0.0658 0.5078 0.0674 0.1071 0.2519 
          94  1 0.5163 0.2010 0.0622 0.0710 0.1496 
          95  1 0.0718 0.4527 0.0583 0.1367 0.2805 
          96  1 0.0475 0.1599 0.6087 0.0382 0.1458 
          97  1 0.0331 0.0451 0.0402 0.8251 0.0565 
          98  1 0.0694 0.1520 0.5336 0.0840 0.1610 
          99  1 0.0576 0.2749 0.2537 0.1538 0.2599 
         100  1 0.0608 0.0472 0.8131 0.0302 0.0487 
         101  1 0.0755 0.3083 0.0480 0.0823 0.4859 
         102  1 0.0824 0.5243 0.1006 0.0314 0.2612 
         103  1 0.0791 0.2442 0.0854 0.2985 0.2928 
         104  1 0.0611 0.0522 0.7728 0.0752 0.0387 
         105  1 0.0388 0.0419 0.8284 0.0529 0.0380 
         106  1 0.0974 0.5436 0.0377 0.0797 0.2416 
         107  1 0.7105 0.1009 0.0375 0.0902 0.0609 
         108  1 0.0554 0.0406 0.8436 0.0271 0.0333 
         109  1 0.0678 0.0940 0.6562 0.1034 0.0787 
         110  1 0.1415 0.0845 0.1749 0.5190 0.0802 
         111  1 0.0959 0.1532 0.5737 0.0850 0.0922 
         112  1 0.6008 0.1133 0.0912 0.0822 0.1125 
         113  1 0.0502 0.0933 0.1752 0.5929 0.0883 
         114  1 0.0603 0.0712 0.3801 0.4353 0.0532 
         115  1 0.6407 0.1913 0.0428 0.0325 0.0927 
         116  1 0.6184 0.1988 0.0430 0.0374 0.1023 
         117  1 0.0500 0.2703 0.0685 0.2219 0.3894 
         118  1 0.6292 0.1166 0.0863 0.0682 0.0997 
         119  1 0.0728 0.2121 0.4569 0.0519 0.2063 
         120  1 0.0823 0.3984 0.0769 0.1626 0.2799 
         121  1 0.0484 0.3166 0.0630 0.1038 0.4682 
         122  1 0.0665 0.2209 0.0793 0.4790 0.1543 
         123  1 0.0431 0.0597 0.0362 0.8013 0.0598 
         124  1 0.0476 0.2493 0.0614 0.2972 0.3446 
         125  1 0.1775 0.0603 0.0526 0.6563 0.0533 
         126  1 0.1236 0.2584 0.0638 0.0887 0.4654 
         127  1 0.1034 0.3321 0.1305 0.1177 0.3162 
         128  1 0.1297 0.1319 0.5743 0.0823 0.0818 
         129  1 0.0609 0.1882 0.0769 0.5165 0.1576 
         130  1 0.1491 0.3509 0.0530 0.0588 0.3883 
         131  1 0.0355 0.0673 0.0737 0.7677 0.0558 
         132  1 0.1229 0.3302 0.2068 0.0413 0.2988 
         133  1 0.0491 0.0430 0.8192 0.0385 0.0501 
         134  1 0.0539 0.4231 0.0393 0.1769 0.3069 
         135  1 0.0562 0.4491 0.0371 0.0418 0.4159 
         136  1 0.5461 0.1510 0.0745 0.1231 0.1053 
         137  1 0.1241 0.3844 0.1043 0.1252 0.2620 
         138  1 0.0511 0.1158 0.6037 0.1498 0.0797 
         139  1 0.7264 0.0634 0.0629 0.0925 0.0548 
         140  1 0.0509 0.3473 0.0502 0.1167 0.4348 
         141  1 0.1240 0.3580 0.0888 0.0939 0.3354 
         142  1 0.0970 0.2578 0.4245 0.0701 0.1507 
         143  1 0.1609 0.2611 0.1302 0.0610 0.3868 
         144  1 0.0889 0.2957 0.0849 0.0329 0.4976 
         145  1 0.0847 0.1422 0.0624 0.5894 0.1212 
         146  1 0.0945 0.3056 0.0681 0.0653 0.4666 
         147  1 0.1038 0.1065 0.1129 0.5815 0.0954 
         148  1 0.0532 0.2494 0.0752 0.1257 0.4965 
         149  1 0.0588 0.0969 0.5565 0.2023 0.0855 
         150  1 0.0671 0.2900 0.3195 0.0525 0.2710 
         151  1 0.0802 0.0499 0.7715 0.0511 0.0472 
         152  1 0.0528 0.3207 0.0420 0.1394 0.4451 
         153  1 0.1622 0.0654 0.6772 0.0355 0.0597 
         154  1 0.0624 0.4479 0.1041 0.0852 0.3005 
         155  1 0.0664 0.3836 0.0517 0.0714 0.4269 
         156  1 0.1736 0.2605 0.1642 0.0423 0.3593 
         157  1 0.1012 0.0815 0.1134 0.6145 0.0894 
         158  1 0.1189 0.2167 0.2709 0.1427 0.2509 
         159  1 0.5538 0.1194 0.0748 0.1336 0.1184 
         160  1 0.7585 0.0752 0.0462 0.0510 0.0692 
         161  1 0.6763 0.0687 0.0968 0.0793 0.0788 
         162  1 0.0570 0.3608 0.0689 0.0855 0.4278 
         163  1 0.0456 0.1635 0.1037 0.5821 0.1051 
         164  1 0.7870 0.0497 0.0578 0.0515 0.0540 
         165  1 0.1028 0.2066 0.2254 0.1782 0.2870 
         166  1 0.1163 0.2206 0.4071 0.0959 0.1600 
         167  1 0.0622 0.2466 0.3428 0.0789 0.2694 
         168  1 0.2321 0.3155 0.1135 0.0582 0.2807 
         169  1 0.7987 0.0684 0.0379 0.0313 0.0637 
         170  1 0.5218 0.1569 0.0665 0.0697 0.1851 
         171  1 0.0455 0.1485 0.0967 0.5951 0.1143 
         172  1 0.0631 0.0615 0.7844 0.0393 0.0517 
         173  1 0.0533 0.1258 0.7045 0.0314 0.0849 
         174  1 0.1752 0.1821 0.2318 0.2217 0.1892 
         175  1 0.0851 0.1344 0.0889 0.5636 0.1280 
         176  1 0.6006 0.1700 0.0405 0.0717 0.1172 
         177  1 0.1626 0.1897 0.1167 0.3159 0.2151 
         178  1 0.0581 0.1066 0.6481 0.0950 0.0923 
         179  1 0.0942 0.1413 0.4158 0.2455 0.1031 
         180  1 0.4172 0.3089 0.0628 0.0464 0.1647 
         181  1 0.1006 0.4464 0.0540 0.1850 0.2140 
         182  1 0.1062 0.0785 0.5857 0.1609 0.0686 
         183  1 0.7646 0.0540 0.0853 0.0459 0.0502 
         184  1 0.1289 0.2412 0.2274 0.2125 0.1899 
         185  1 0.3690 0.1807 0.0883 0.2596 0.1024 
         186  1 0.3207 0.2521 0.1461 0.0722 0.2088 
         187  1 0.0413 0.2518 0.0476 0.3246 0.3347 
         188  1 0.8193 0.0429 0.0639 0.0312 0.0428 
         189  1 0.2746 0.1864 0.1125 0.1745 0.2521 
         190  1 0.1357 0.2966 0.1345 0.0380 0.3952 
         191  1 0.0484 0.0831 0.7375 0.0626 0.0685 
         192  1 0.3593 0.0819 0.0665 0.4191 0.0732 
         193  1 0.3130 0.1766 0.2044 0.1092 0.1967 
         194  1 0.0636 0.3935 0.0463 0.0732 0.4233 
         195  1 0.0529 0.1330 0.5727 0.1404 0.1010 
         196  1 0.3299 0.3539 0.0407 0.0876 0.1879 
         197  1 0.0644 0.3071 0.1192 0.0858 0.4236 
         198  1 0.0458 0.0573 0.7854 0.0474 0.0642 
         199  1 0.0443 0.0572 0.0598 0.7881 0.0506 
         200  1 0.0283 0.0527 0.8058 0.0620 0.0512 
         201  1 0.6785 0.1614 0.0437 0.0344 0.0821 
         202  1 0.0857 0.1662 0.0908 0.3397 0.3176 
         203  1 0.0588 0.3330 0.0532 0.1211 0.4338 
         204  1 0.0575 0.2243 0.2608 0.2479 0.2095 
         205  1 0.0400 0.0518 0.0318 0.8080 0.0684 
         206  1 0.0687 0.2704 0.0635 0.1267 0.4707 
         207  1 0.0622 0.3320 0.2239 0.2096 0.1723 
         208  1 0.0345 0.0595 0.8005 0.0610 0.0445 
         209  1 0.1420 0.0985 0.5643 0.0743 0.1210 
         210  1 0.1137 0.3709 0.0843 0.1260 0.3050 
         211  1 0.0802 0.1056 0.6513 0.0463 0.1166 
         212  1 0.0398 0.0481 0.8240 0.0482 0.0400 
         213  1 0.2276 0.2339 0.0674 0.0587 0.4124 
         214  1 0.0500 0.3736 0.0324 0.0809 0.4631 
         215  1 0.0763 0.2026 0.5051 0.0744 0.1416 
         216  1 0.0792 0.1510 0.6117 0.0537 0.1044 
         217  1 0.1251 0.1512 0.0514 0.5366 0.1358 
         218  1 0.0639 0.0676 0.0675 0.7308 0.0703 
         219  1 0.0730 0.2108 0.5938 0.0339 0.0885 
         220  1 0.0699 0.2314 0.1390 0.3538 0.2059 
         221  1 0.0581 0.3746 0.0408 0.0682 0.4584 
         222  1 0.0964 0.4017 0.0749 0.2084 0.2186 
         223  1 0.0633 0.2745 0.0611 0.0410 0.5602 
         224  1 0.1366 0.2516 0.2318 0.1385 0.2415 
         225  1 0.6568 0.1118 0.0676 0.0507 0.1130 
         226  1 0.2436 0.2071 0.2571 0.1276 0.1646 
         227  1 0.0286 0.0697 0.0311 0.7696 0.1011 
         228  1 0.0515 0.1353 0.1147 0.5404 0.1581 
         229  1 0.4929 0.1352 0.1417 0.1252 0.1051 
         230  1 0.0664 0.1592 0.2346 0.4297 0.1100 
         231  1 0.0387 0.0720 0.8051 0.0273 0.0569 
         232  1 0.0634 0.0611 0.3596 0.4664 0.0494 
         233  1 0.0556 0.1458 0.6619 0.0544 0.0823 
         234  1 0.0780 0.0951 0.6507 0.0841 0.0920 
         235  1 0.4114 0.3123 0.0404 0.0459 0.1901 
         236  1 0.0789 0.3727 0.0715 0.1466 0.3303 
         237  1 0.1152 0.1533 0.4094 0.2087 0.1134 
         238  1 0.0697 0.4168 0.0383 0.1015 0.3737 
         239  1 0.4259 0.0542 0.0667 0.3919 0.0614 
         240  1 0.1549 0.3953 0.0533 0.1679 0.2286 
         241  1 0.1202 0.4153 0.1203 0.0656 0.2785 
         242  1 0.6231 0.0922 0.0988 0.0867 0.0991 
         243  1 0.0624 0.1898 0.3389 0.1780 0.2308 
         244  1 0.0290 0.2078 0.0510 0.5400 0.1721 
         245  1 0.2431 0.1398 0.4981 0.0428 0.0762 
         246  1 0.0599 0.1099 0.3514 0.4085 0.0703 
         247  1 0.5169 0.2191 0.0604 0.0528 0.1508 
         248  1 0.4422 0.2347 0.0791 0.0813 0.1627 
         249  1 0.0530 0.1325 0.6186 0.0686 0.1273 
         250  1 0.2625 0.3044 0.1252 0.0633 0.2446 
         251  1 0.0724 0.0379 0.7892 0.0667 0.0338 
         252  1 0.0907 0.3365 0.0774 0.0716 0.4239 
         253  1 0.0401 0.1255 0.0309 0.6256 0.1779 
         254  1 0.1934 0.3587 0.0454 0.1085 0.2939 
         255  1 0.0495 0.1220 0.3505 0.3816 0.0965 
         256  1 0.0454 0.3156 0.0514 0.0627 0.5248 
         257  1 0.3376 0.1761 0.3097 0.0658 0.1107 
         258  1 0.7377 0.1063 0.0428 0.0399 0.0733 
         259  1 0.7996 0.0654 0.0517 0.0361 0.0472 
         260  1 0.1157 0.3986 0.0916 0.0792 0.3149 
         261  1 0.0631 0.1014 0.0625 0.6800 0.0930 
         262  1 0.0965 0.1588 0.0607 0.5334 0.1507 
         263  1 0.0896 0.3645 0.0616 0.0494 0.4350 
         264  1 0.0424 0.1264 0.0326 0.5933 0.2053 
         265  1 0.3825 0.0832 0.0899 0.3709 0.0736 
         266  1 0.2555 0.3327 0.0920 0.0623 0.2575 
         267  1 0.0553 0.0811 0.7418 0.0454 0.0764 
         268  1 0.0626 0.1008 0.6400 0.0685 0.1280 
         269  1 0.4237 0.1878 0.2052 0.0624 0.1210 
         270  1 0.5740 0.2108 0.0556 0.0343 0.1253 
         271  1 0.0389 0.2194 0.0844 0.2341 0.4231 
         272  1 0.0999 0.1372 0.0721 0.5393 0.1514 
         273  1 0.0816 0.0821 0.6892 0.0669 0.0802 
         274  1 0.7246 0.0918 0.0589 0.0393 0.0854 
         275  1 0.0876 0.1708 0.4627 0.0799 0.1990 
         276  1 0.2045 0.3594 0.1226 0.0881 0.2255 
         277  1 0.0858 0.2564 0.0413 0.0489 0.5675 
         278  1 0.1046 0.1684 0.4345 0.1280 0.1644 
         279  1 0.3169 0.2471 0.0265 0.1859 0.2236 
         280  1 0.1433 0.3089 0.0812 0.1768 0.2898 
         281  1 0.1081 0.0718 0.7081 0.0494 0.0625 
         282  1 0.0566 0.2590 0.0344 0.1048 0.5451 
         283  1 0.0888 0.0980 0.1012 0.6390 0.0730 
         284  1 0.1731 0.1843 0.2632 0.2463 0.1331 
         285  1 0.1803 0.1721 0.2630 0.1825 0.2021 
         286  1 0.3733 0.1861 0.0581 0.0969 0.2855 
         287  1 0.0408 0.1738 0.1007 0.3979 0.2869 
         288  1 0.0960 0.2831 0.0686 0.0965 0.4557 
         289  1 0.0804 0.3713 0.1362 0.1805 0.2316 
         290  1 0.0482 0.1979 0.0553 0.4495 0.2491 
         291  1 0.0427 0.2810 0.0328 0.1194 0.5242 
         292  1 0.0454 0.0521 0.3310 0.5286 0.0430 
         293  1 0.1391 0.1539 0.5881 0.0417 0.0772 
         294  1 0.1090 0.2775 0.0469 0.0577 0.5089 
         295  1 0.0684 0.0567 0.0513 0.7553 0.0683 
         296  1 0.0535 0.2300 0.0685 0.2055 0.4424 
         297  1 0.0471 0.0857 0.0482 0.7622 0.0568 
         298  1 0.6707 0.1159 0.1161 0.0249 0.0724 
         299  1 0.3108 0.3569 0.0510 0.0783 0.2030 
         300  1 0.7128 0.1333 0.0554 0.0296 0.0688 
         301  1 0.2951 0.1781 0.0628 0.2711 0.1929 
         302  1 0.7284 0.1106 0.0485 0.0264 0.0861 
         303  1 0.0661 0.3648 0.0360 0.1354 0.3977 
         304  1 0.3870 0.2991 0.0682 0.0760 0.1698 
         305  1 0.2513 0.2297 0.1158 0.1838 0.2194 
         306  1 0.0566 0.4679 0.1960 0.0561 0.2234 
         307  1 0.0532 0.4092 0.0740 0.0419 0.4217 
         308  1 0.3990 0.1862 0.1328 0.0700 0.2119 
         309  1 0.2177 0.3614 0.1485 0.0787 0.1937 
         310  1 0.1323 0.0898 0.6470 0.0680 0.0629 
         311  1 0.1782 0.1368 0.5235 0.0641 0.0974 
         312  1 0.8656 0.0503 0.0245 0.0201 0.0395 
         313  1 0.0956 0.0490 0.0478 0.7453 0.0623 
         314  1 0.6204 0.0921 0.0834 0.1242 0.0798 
         315  1 0.8426 0.0451 0.0408 0.0273 0.0442 
         316  1 0.0455 0.0484 0.7828 0.0791 0.0441 
         317  1 0.0976 0.1029 0.6540 0.0385 0.1071 
         318  1 0.6059 0.1455 0.0424 0.0950 0.1113 
         319  1 0.0423 0.0395 0.8481 0.0313 0.0388 
         320  1 0.7993 0.0576 0.0368 0.0326 0.0736 
         321  1 0.1061 0.1016 0.0981 0.6111 0.0831 
         322  1 0.0929 0.4598 0.1009 0.0744 0.2720 
         323  1 0.1109 0.2924 0.0804 0.0728 0.4435 
         324  1 0.7442 0.0756 0.0677 0.0528 0.0598 
         325  1 0.0680 0.0628 0.7641 0.0378 0.0672 
         326  1 0.1326 0.2569 0.1101 0.1123 0.3881 
         327  1 0.0493 0.0879 0.5903 0.1705 0.1019 
         328  1 0.1183 0.3230 0.0480 0.0311 0.4795 
         329  1 0.1004 0.3555 0.0485 0.0412 0.4543 
         330  1 0.0890 0.2991 0.0554 0.1098 0.4468 
         331  1 0.0928 0.3585 0.1146 0.2249 0.2093 
         332  1 0.0511 0.2971 0.0700 0.1182 0.4635 
         333  1 0.4278 0.1302 0.0979 0.2712 0.0728 
         334  1 0.0541 0.0505 0.7913 0.0534 0.0506 
         335  1 0.1704 0.1819 0.4717 0.0671 0.1090 
         336  1 0.0776 0.3521 0.0741 0.1644 0.3317 
         337  1 0.5812 0.1016 0.0637 0.1292 0.1243 
         338  1 0.0575 0.3471 0.0695 0.0326 0.4933 
         339  1 0.0543 0.0921 0.7078 0.0612 0.0847 
         340  1 0.0940 0.2197 0.0670 0.2888 0.3305 
         341  1 0.1072 0.2573 0.0403 0.0601 0.5351 
         342  1 0.0341 0.0553 0.0447 0.8084 0.0575 
         343  1 0.6751 0.0533 0.1332 0.0785 0.0599 
         344  1 0.1074 0.4547 0.0880 0.0387 0.3110 
         345  1 0.0515 0.0651 0.7587 0.0599 0.0649 
         346  1 0.7438 0.0639 0.0451 0.0921 0.0550 
         347  1 0.0507 0.3951 0.2680 0.0562 0.2300 
         348  1 0.0837 0.1162 0.5182 0.1959 0.0860 
         349  1 0.0946 0.1560 0.4694 0.1952 0.0848 
         350  1 0.1718 0.1567 0.4445 0.0891 0.1379 
         351  1 0.0871 0.3003 0.1272 0.0727 0.4126 
         352  1 0.0350 0.2642 0.0995 0.2404 0.3609 
         353  1 0.0627 0.0755 0.7128 0.0866 0.0624 
         354  1 0.1019 0.1420 0.2698 0.3935 0.0929 
         355  1 0.0316 0.2021 0.5213 0.0828 0.1623 
         356  1 0.8331 0.0462 0.0294 0.0461 0.0451 
         357  1 0.0442 0.0613 0.0465 0.7658 0.0822 
         358  1 0.4681 0.2067 0.0891 0.1019 0.1342 
         359  1 0.5304 0.1075 0.0668 0.1838 0.1115 
         360  1 0.0554 0.1018 0.0876 0.6237 0.1315 
         361  1 0.6248 0.1372 0.0426 0.0867 0.1087 
         362  1 0.0685 0.3983 0.0696 0.1498 0.3138 
         363  1 0.0368 0.3820 0.0442 0.0456 0.4914 
         364  1 0.0816 0.3710 0.0760 0.2982 0.1734 
         365  1 0.1668 0.3364 0.2100 0.0339 0.2530 
         366  1 0.4490 0.1734 0.0901 0.1205 0.1671 
         367  1 0.1162 0.4321 0.1253 0.0667 0.2598 
         368  1 0.0354 0.3946 0.1920 0.0569 0.3211 
         369  1 0.0569 0.1461 0.0523 0.5514 0.1933 
         370  1 0.1087 0.1836 0.4508 0.0692 0.1877 
         371  1 0.0564 0.1141 0.0753 0.6132 0.1410 
         372  1 0.0417 0.1173 0.0756 0.6649 0.1006 
         373  1 0.3701 0.1513 0.0946 0.1092 0.2748 
         374  1 0.5671 0.1368 0.1160 0.0741 0.1060 
         375  1 0.0298 0.0621 0.0292 0.8272 0.0517 
         376  1 0.0676 0.1317 0.5860 0.0743 0.1403 
         377  1 0.7289 0.0729 0.0468 0.0623 0.0891 
         378  1 0.7096 0.0591 0.0593 0.1086 0.0635 
         379  1 0.0365 0.0829 0.7266 0.0882 0.0658 
         380  1 0.1648 0.1754 0.1846 0.3644 0.1108 
         381  1 0.2576 0.2528 0.0721 0.1838 0.2337 
         382  1 0.0453 0.0467 0.0608 0.8034 0.0439 
         383  1 0.0369 0.3263 0.0776 0.0443 0.5149 
         384  1 0.5221 0.1474 0.0643 0.1300 0.1361 
         385  1 0.2519 0.1601 0.4108 0.0757 0.1016 
         386  1 0.0623 0.3038 0.0839 0.0767 0.4732 
         387  1 0.0426 0.3305 0.0363 0.0693 0.5212 
         388  1 0.1968 0.0951 0.0606 0.5666 0.0809 
         389  1 0.0553 0.0987 0.3567 0.4141 0.0752 
         390  1 0.0540 0.1228 0.0680 0.6414 0.1138 
         391  1 0.0750 0.2537 0.1396 0.2650 0.2667 
         392  1 0.3152 0.2259 0.0544 0.1597 0.2448 
         393  1 0.2077 0.1825 0.2072 0.2166 0.1861 
         394  1 0.0643 0.1489 0.5939 0.0601 0.1328 
         395  1 0.0409 0.5227 0.0408 0.1003 0.2952 
         396  1 0.2057 0.0591 0.0632 0.6121 0.0599 
         397  1 0.1137 0.2237 0.0484 0.2114 0.4028 
         398  1 0.3750 0.2751 0.0395 0.1004 0.2099 
         399  1 0.0537 0.1980 0.0485 0.5789 0.1210 
         400  1 0.0853 0.2684 0.1146 0.1174 0.4143 
         401  1 0.0691 0.3231 0.0413 0.0562 0.5103 
         402  1 0.0823 0.0973 0.6366 0.0798 0.1040 
         403  1 0.4961 0.1691 0.0665 0.0465 0.2218 
         404  1 0.0889 0.4314 0.1222 0.1148 0.2427 
         405  1 0.1765 0.1727 0.3531 0.1981 0.0996 
         406  1 0.0611 0.0697 0.0523 0.7571 0.0598 
         407  1 0.0425 0.1332 0.1134 0.5548 0.1560 
         408  1 0.3308 0.3222 0.0903 0.0485 0.2082 
         409  1 0.0762 0.2890 0.1897 0.2049 0.2402 
         410  1 0.0556 0.2393 0.0445 0.3067 0.3539 
         411  1 0.1668 0.2549 0.0690 0.0667 0.4426 
         412  1 0.1367 0.3702 0.2111 0.1310 0.1509 
         413  1 0.1241 0.1527 0.4382 0.1551 0.1298 
         414  1 0.1622 0.2251 0.2481 0.1515 0.2131 
         415  1 0.7455 0.0720 0.0551 0.0438 0.0836 
         416  1 0.0397 0.0678 0.7627 0.0708 0.0591 
         417  1 0.0881 0.2617 0.0905 0.1678 0.3919 
         418  1 0.0547 0.3213 0.2062 0.1261 0.2917 
         419  1 0.1014 0.1175 0.1219 0.5743 0.0848 
         420  1 0.1154 0.2919 0.0510 0.1620 0.3796 
         421  1 0.1054 0.3006 0.2878 0.1427 0.1635 
         422  1 0.1618 0.3318 0.2331 0.0609 0.2123 
         423  1 0.0284 0.4722 0.0378 0.0767 0.3849 
         424  1 0.7966 0.0591 0.0426 0.0451 0.0566 
         425  1 0.1563 0.2374 0.0569 0.2708 0.2786 
         426  1 0.1017 0.1866 0.4015 0.0894 0.2208 
         427  1 0.0573 0.2604 0.1925 0.2336 0.2562 
         428  1 0.0730 0.2521 0.0881 0.1321 0.4546 
         429  1 0.0419 0.3522 0.0508 0.0885 0.4666 
         430  1 0.8113 0.0672 0.0364 0.0398 0.0453 
         431  1 0.0738 0.5434 0.0666 0.0448 0.2714 
         432  1 0.0590 0.0676 0.7551 0.0482 0.0701 
         433  1 0.0675 0.0519 0.0696 0.7546 0.0564 
         434  1 0.3652 0.0819 0.3882 0.0874 0.0772 
         435  1 0.0603 0.3745 0.0585 0.2908 0.2160 
         436  1 0.0808 0.0890 0.1456 0.5918 0.0928 
         437  1 0.7309 0.0712 0.0464 0.0694 0.0822 
         438  1 0.2571 0.1487 0.4234 0.0575 0.1133 
         439  1 0.0688 0.3517 0.0444 0.2446 0.2906 
         440  1 0.7547 0.0712 0.0673 0.0354 0.0714 
         441  1 0.0504 0.1222 0.5086 0.2396 0.0793 
         442  1 0.1740 0.1240 0.0592 0.5525 0.0902 
         443  1 0.0354 0.0687 0.0455 0.7862 0.0643 
         444  1 0.0703 0.2889 0.0504 0.0728 0.5176 
         445  1 0.0570 0.4188 0.0474 0.2670 0.2098 
         446  1 0.0346 0.0755 0.7779 0.0418 0.0703 
         447  1 0.0742 0.2972 0.0420 0.2300 0.3566 
         448  1 0.4983 0.1957 0.1118 0.0519 0.1423 
         449  1 0.7790 0.0561 0.0480 0.0709 0.0460 
         450  1 0.0499 0.0386 0.8030 0.0684 0.0401 
         451  1 0.0538 0.0809 0.7245 0.0720 0.0688 
         452  1 0.0376 0.0493 0.0359 0.8294 0.0478 
         453  1 0.0579 0.0515 0.7802 0.0583 0.0521 
         454  1 0.0808 0.2246 0.3751 0.1607 0.1588 
         455  1 0.0521 0.2696 0.1035 0.0900 0.4847 
         456  1 0.0585 0.0839 0.6960 0.0760 0.0855 
         457  1 0.6705 0.0725 0.0869 0.0888 0.0813 
         458  1 0.0790 0.2668 0.0372 0.0576 0.5595 
         459  1 0.0491 0.0690 0.6936 0.1362 0.0521 
         460  1 0.0498 0.2347 0.0427 0.1594 0.5135 
         461  1 0.7347 0.0561 0.0749 0.0764 0.0579 
         462  1 0.0460 0.0462 0.7935 0.0674 0.0470 
         463  1 0.1847 0.2223 0.3976 0.0755 0.1200 
         464  1 0.0995 0.2206 0.0678 0.1854 0.4267 
         465  1 0.1516 0.1288 0.5757 0.0430 0.1009 
         466  1 0.0573 0.2045 0.1142 0.2874 0.3365 
         467  1 0.0360 0.0557 0.0712 0.7814 0.0557 
         468  1 0.0672 0.4062 0.0707 0.0890 0.3669 
         469  1 0.0241 0.0567 0.0328 0.7988 0.0876 
         470  1 0.1749 0.2795 0.2894 0.0690 0.1872 
         471  1 0.1514 0.3343 0.0610 0.1757 0.2776 
         472  1 0.1282 0.2668 0.1069 0.0635 0.4347 
         473  1 0.0854 0.2999 0.0696 0.0437 0.5013 
         474  1 0.0536 0.3114 0.0462 0.1979 0.3909 
         475  1 0.2104 0.4764 0.0295 0.0712 0.2125 
         476  1 0.0676 0.1313 0.6535 0.0308 0.1168 
         477  1 0.1148 0.4116 0.0415 0.0399 0.3922 
         478  1 0.8016 0.0543 0.0454 0.0444 0.0544 
         479  1 0.0653 0.2270 0.0736 0.2760 0.3581 
         480  1 0.0547 0.0497 0.0389 0.8048 0.0519 
         481  1 0.4908 0.1566 0.0896 0.1390 0.1241 
         482  1 0.6888 0.0876 0.0643 0.0915 0.0678 
         483  1 0.1018 0.2554 0.1486 0.1651 0.3291 
         484  1 0.0713 0.1654 0.0386 0.4393 0.2854 
         485  1 0.0423 0.0719 0.0350 0.7797 0.0711 
         486  1 0.0368 0.0393 0.7852 0.1013 0.0374 
         487  1 0.0621 0.1246 0.0811 0.5747 0.1575 
         488  1 0.0368 0.4073 0.0559 0.0936 0.4064 
         489  1 0.1285 0.4420 0.0868 0.0977 0.2450 
         490  1 0.0837 0.3775 0.0750 0.2018 0.2620 
         491  1 0.0473 0.0654 0.0539 0.7734 0.0599 
         492  1 0.0441 0.0717 0.0273 0.7871 0.0697 
