           1  1 0.1754 0.0979 0.6573 0.0694 
           2  1 0.1099 0.0870 0.1215 0.6816 
           3  1 0.0613 0.3007 0.1031 0.5349 
           4  1 0.1615 0.0763 0.7270 0.0353 
           5  1 0.0461 0.0946 0.8136 0.0457 
           6  1 0.1000 0.3590 0.0975 0.4435 
           7  1 0.1734 0.2240 0.0530 0.5495 
           8  1 0.1764 0.0516 0.7339 0.0381 
           9  1 0.0354 0.6007 0.0785 0.2854 
          10  1 0.0468 0.1181 0.7972 0.0379 
          11  1 0.8156 0.0799 0.0524 0.0521 
          12  1 0.1129 0.0892 0.3391 0.4588 
          13  1 0.4602 0.1547 0.2894 0.0958 
          14  1 0.0763 0.2409 0.5107 0.1721 
          15  1 0.1756 0.4969 0.1062 0.2212 
          16  1 0.4770 0.1133 0.3408 0.0689 
          17  1 0.6565 0.0822 0.0752 0.1862 
          18  1 0.1772 0.0743 0.6110 0.1375 
          19  1 0.1777 0.3639 0.1386 0.3198 
          20  1 0.1317 0.2750 0.4856 0.1078 
          21  1 0.1173 0.1389 0.6773 0.0666 
          22  1 0.1184 0.6169 0.2003 0.0645 
          23  1 0.0697 0.0633 0.0397 0.8272 
          24  1 0.0528 0.4560 0.0515 0.4397 
          25  1 0.7869 0.0966 0.0692 0.0473 
          26  1 0.0630 0.1557 0.0890 0.6923 
          27  1 0.2280 0.2420 0.4890 0.0410 
          28  1 0.3353 0.4478 0.0998 0.1171 
          29  1 0.0514 0.3138 0.2165 0.4183 
          30  1 0.1901 0.5882 0.1291 0.0926 
          31  1 0.4978 0.2018 0.0786 0.2218 
          32  1 0.1403 0.6575 0.0897 0.1125 
          33  1 0.4099 0.2777 0.1114 0.2010 
          34  1 0.3382 0.2811 0.1269 0.2537 
          35  1 0.0393 0.1306 0.7062 0.1240 
          36  1 0.0614 0.5739 0.0813 0.2834 
          37  1 0.6507 0.0926 0.0837 0.1731 
          38  1 0.0458 0.7004 0.0515 0.2024 
          39  1 0.2044 0.2946 0.4332 0.0678 
          40  1 0.6728 0.0699 0.1901 0.0672 
          41  1 0.0575 0.5099 0.2158 0.2167 
          42  1 0.5986 0.1196 0.0581 0.2237 
          43  1 0.0292 0.0416 0.0232 0.9061 
          44  1 0.0689 0.0645 0.0289 0.8376 
          45  1 0.2000 0.0590 0.6947 0.0463 
          46  1 0.0921 0.0699 0.0492 0.7888 
          47  1 0.1821 0.0847 0.6681 0.0651 
          48  1 0.1048 0.4941 0.0845 0.3167 
          49  1 0.0720 0.4027 0.2931 0.2321 
          50  1 0.1058 0.1524 0.6818 0.0600 
          51  1 0.1925 0.2678 0.4188 0.1209 
          52  1 0.6585 0.0943 0.1711 0.0760 
          53  1 0.0743 0.6774 0.1837 0.0646 
          54  1 0.1394 0.1299 0.5583 0.1723 
          55  1 0.5707 0.0983 0.1692 0.1618 
          56  1 0.1346 0.3809 0.0596 0.4249 
          57  1 0.0392 0.1913 0.0768 0.6927 
          58  1 0.0394 0.3240 0.0593 0.5774 
          59  1 0.0526 0.6369 0.0988 0.2116 
          60  1 0.0860 0.4252 0.1464 0.3424 
          61  1 0.8767 0.0475 0.0507 0.0250 
          62  1 0.0471 0.2902 0.0453 0.6174 
          63  1 0.1620 0.1544 0.6390 0.0446 
          64  1 0.0945 0.4368 0.3588 0.1099 
          65  1 0.2676 0.4034 0.1656 0.1633 
          66  1 0.1033 0.2501 0.5731 0.0734 
          67  1 0.1125 0.0842 0.0576 0.7458 
          68  1 0.0597 0.3332 0.0706 0.5364 
          69  1 0.1704 0.0556 0.7546 0.0194 
          70  1 0.0238 0.0952 0.0228 0.8582 
          71  1 0.0562 0.6337 0.1912 0.1190 
          72  1 0.0519 0.2940 0.1462 0.5080 
          73  1 0.2125 0.0414 0.6754 0.0707 
          74  1 0.1340 0.5859 0.2344 0.0458 
          75  1 0.8206 0.0705 0.0724 0.0365 
          76  1 0.0975 0.1928 0.1098 0.5999 
          77  1 0.0951 0.4239 0.2046 0.2764 
          78  1 0.7827 0.0850 0.0534 0.0788 
          79  1 0.7182 0.0753 0.1528 0.0537 
          80  1 0.0494 0.4402 0.0630 0.4474 
          81  1 0.0752 0.3710 0.5060 0.0477 
          82  1 0.2977 0.1911 0.3756 0.1356 
          83  1 0.0638 0.2319 0.1325 0.5717 
          84  1 0.1298 0.3107 0.2982 0.2612 
          85  1 0.1552 0.1228 0.6328 0.0892 
          86  1 0.1314 0.2117 0.1626 0.4943 
          87  1 0.0947 0.3717 0.2159 0.3176 
          88  1 0.1324 0.3624 0.1402 0.3649 
          89  1 0.8413 0.0504 0.0559 0.0524 
          90  1 0.0620 0.0901 0.0733 0.7746 
          91  1 0.5223 0.2507 0.1995 0.0275 
          92  1 0.0540 0.0855 0.0863 0.7743 
          93  1 0.0966 0.6037 0.1636 0.1360 
          94  1 0.0735 0.2356 0.6247 0.0662 
          95  1 0.0672 0.6585 0.0951 0.1792 
          96  1 0.6492 0.2014 0.1004 0.0490 
          97  1 0.0370 0.0383 0.0314 0.8934 
          98  1 0.5598 0.1703 0.1668 0.1031 
          99  1 0.3570 0.3822 0.0822 0.1786 
         100  1 0.7493 0.0419 0.1765 0.0323 
         101  1 0.0605 0.4734 0.0934 0.3727 
         102  1 0.1151 0.6640 0.1835 0.0374 
         103  1 0.0941 0.3490 0.1088 0.4481 
         104  1 0.8447 0.0463 0.0582 0.0507 
         105  1 0.7541 0.0346 0.1700 0.0413 
         106  1 0.0400 0.7011 0.1744 0.0846 
         107  1 0.0571 0.1205 0.7526 0.0697 
         108  1 0.7492 0.0350 0.1916 0.0241 
         109  1 0.7974 0.0650 0.0582 0.0794 
         110  1 0.2312 0.0963 0.1361 0.5364 
         111  1 0.6725 0.1147 0.1549 0.0579 
         112  1 0.1421 0.1303 0.6405 0.0872 
         113  1 0.2160 0.1059 0.0581 0.6201 
         114  1 0.5707 0.0637 0.0586 0.3071 
         115  1 0.0741 0.2119 0.6840 0.0300 
         116  1 0.1306 0.1819 0.6497 0.0379 
         117  1 0.0650 0.2845 0.0518 0.5987 
         118  1 0.2200 0.1081 0.6083 0.0636 
         119  1 0.6869 0.1717 0.0872 0.0542 
         120  1 0.0761 0.4530 0.2357 0.2352 
         121  1 0.0620 0.5462 0.0806 0.3112 
         122  1 0.1072 0.2664 0.1157 0.5106 
         123  1 0.0350 0.0616 0.0405 0.8629 
         124  1 0.0664 0.3942 0.0598 0.4796 
         125  1 0.0970 0.0690 0.1583 0.6756 
         126  1 0.0883 0.4232 0.1866 0.3019 
         127  1 0.1599 0.4426 0.1994 0.1982 
         128  1 0.6042 0.1035 0.2332 0.0590 
         129  1 0.1161 0.2438 0.1425 0.4976 
         130  1 0.0582 0.6372 0.2072 0.0975 
         131  1 0.1284 0.0931 0.0552 0.7234 
         132  1 0.2236 0.5118 0.2124 0.0522 
         133  1 0.8575 0.0437 0.0626 0.0362 
         134  1 0.0413 0.5267 0.1120 0.3200 
         135  1 0.0476 0.7765 0.0720 0.1040 
         136  1 0.1431 0.1452 0.5862 0.1255 
         137  1 0.1375 0.4645 0.2650 0.1330 
         138  1 0.6033 0.1105 0.1604 0.1259 
         139  1 0.1753 0.0618 0.6783 0.0846 
         140  1 0.0491 0.5181 0.0574 0.3753 
         141  1 0.1362 0.5011 0.2276 0.1350 
         142  1 0.6373 0.2133 0.0956 0.0538 
         143  1 0.1259 0.4426 0.3056 0.1259 
         144  1 0.0952 0.6487 0.1986 0.0574 
         145  1 0.0733 0.1733 0.0855 0.6679 
         146  1 0.0893 0.6484 0.1316 0.1307 
         147  1 0.1462 0.1138 0.1146 0.6254 
         148  1 0.0782 0.3481 0.1091 0.4645 
         149  1 0.6833 0.0915 0.0796 0.1456 
         150  1 0.4038 0.4221 0.1048 0.0692 
         151  1 0.8501 0.0426 0.0639 0.0434 
         152  1 0.0381 0.6062 0.0658 0.2900 
         153  1 0.6319 0.0560 0.2798 0.0322 
         154  1 0.1257 0.5764 0.1393 0.1586 
         155  1 0.0579 0.6368 0.1584 0.1470 
         156  1 0.1986 0.4171 0.3074 0.0769 
         157  1 0.1252 0.0858 0.0930 0.6960 
         158  1 0.2683 0.2902 0.2221 0.2194 
         159  1 0.0753 0.1490 0.6453 0.1304 
         160  1 0.1884 0.0633 0.7025 0.0458 
         161  1 0.2191 0.0606 0.6473 0.0729 
         162  1 0.0677 0.5865 0.0892 0.2566 
         163  1 0.1428 0.2044 0.0522 0.6006 
         164  1 0.1866 0.0549 0.7094 0.0490 
         165  1 0.3209 0.2583 0.1218 0.2990 
         166  1 0.4326 0.2107 0.2585 0.0982 
         167  1 0.3830 0.3833 0.1258 0.1080 
         168  1 0.1605 0.4501 0.2949 0.0945 
         169  1 0.1602 0.0707 0.7341 0.0350 
         170  1 0.0525 0.1771 0.6983 0.0721 
         171  1 0.1079 0.1697 0.0589 0.6635 
         172  1 0.7125 0.0549 0.1942 0.0384 
         173  1 0.6754 0.0957 0.2015 0.0274 
         174  1 0.2729 0.2197 0.2197 0.2877 
         175  1 0.0999 0.1592 0.1412 0.5997 
         176  1 0.0466 0.1977 0.6881 0.0676 
         177  1 0.1447 0.2313 0.2354 0.3887 
         178  1 0.6448 0.1040 0.1684 0.0827 
         179  1 0.5506 0.1378 0.1175 0.1941 
         180  1 0.0571 0.3311 0.5673 0.0446 
         181  1 0.0990 0.5126 0.2100 0.1784 
         182  1 0.7217 0.0596 0.0781 0.1406 
         183  1 0.2213 0.0497 0.6889 0.0402 
         184  1 0.3175 0.3023 0.1694 0.2108 
         185  1 0.1803 0.2431 0.3624 0.2141 
         186  1 0.1280 0.2275 0.5615 0.0831 
         187  1 0.0529 0.3550 0.0607 0.5314 
         188  1 0.1955 0.0415 0.7355 0.0275 
         189  1 0.1447 0.2377 0.3188 0.2989 
         190  1 0.1475 0.5160 0.2768 0.0596 
         191  1 0.6926 0.0640 0.1881 0.0552 
         192  1 0.1237 0.0900 0.3661 0.4202 
         193  1 0.2630 0.2318 0.3547 0.1505 
         194  1 0.0533 0.7188 0.0819 0.1460 
         195  1 0.7461 0.1019 0.0680 0.0840 
         196  1 0.0487 0.3602 0.5053 0.0858 
         197  1 0.1515 0.5633 0.0944 0.1908 
         198  1 0.7288 0.0565 0.1599 0.0549 
         199  1 0.0759 0.0673 0.0466 0.8102 
         200  1 0.8255 0.0594 0.0476 0.0675 
         201  1 0.0390 0.1371 0.7948 0.0291 
         202  1 0.0899 0.1631 0.0949 0.6520 
         203  1 0.0582 0.6288 0.0814 0.2316 
         204  1 0.2879 0.2963 0.1117 0.3040 
         205  1 0.0315 0.0447 0.0352 0.8886 
         206  1 0.0595 0.4000 0.0974 0.4431 
         207  1 0.4618 0.3465 0.0807 0.1110 
         208  1 0.8599 0.0483 0.0414 0.0505 
         209  1 0.5780 0.0933 0.2204 0.1083 
         210  1 0.0993 0.4837 0.1399 0.2772 
         211  1 0.6531 0.0956 0.2008 0.0506 
         212  1 0.7390 0.0500 0.1664 0.0445 
         213  1 0.1126 0.4143 0.3208 0.1523 
         214  1 0.0306 0.7338 0.0609 0.1748 
         215  1 0.6997 0.1708 0.0782 0.0514 
         216  1 0.7461 0.1206 0.0826 0.0507 
         217  1 0.0503 0.1261 0.1388 0.6847 
         218  1 0.0679 0.0755 0.0535 0.8030 
         219  1 0.6250 0.1423 0.2067 0.0260 
         220  1 0.1406 0.2496 0.1992 0.4106 
         221  1 0.0428 0.7265 0.0959 0.1348 
         222  1 0.0952 0.4546 0.2124 0.2378 
         223  1 0.0778 0.6827 0.1190 0.1204 
         224  1 0.2580 0.2962 0.2239 0.2219 
         225  1 0.0588 0.0991 0.7942 0.0479 
         226  1 0.3115 0.2318 0.3181 0.1386 
         227  1 0.0266 0.0601 0.0283 0.8851 
         228  1 0.1401 0.1541 0.0653 0.6405 
         229  1 0.2724 0.1292 0.4928 0.1055 
         230  1 0.4232 0.1531 0.0786 0.3450 
         231  1 0.8484 0.0605 0.0642 0.0269 
         232  1 0.5082 0.0578 0.0625 0.3715 
         233  1 0.6719 0.0962 0.1893 0.0426 
         234  1 0.7675 0.0788 0.0723 0.0814 
         235  1 0.0485 0.3723 0.5308 0.0484 
         236  1 0.0651 0.4211 0.1222 0.3917 
         237  1 0.6612 0.1220 0.0964 0.1204 
         238  1 0.0419 0.6110 0.1057 0.2414 
         239  1 0.1567 0.0533 0.3995 0.3905 
         240  1 0.0727 0.5763 0.1557 0.1954 
         241  1 0.1339 0.5516 0.2440 0.0705 
         242  1 0.2000 0.0852 0.6069 0.1079 
         243  1 0.3967 0.2192 0.0695 0.3147 
         244  1 0.0505 0.2165 0.0271 0.7059 
         245  1 0.6621 0.1044 0.1957 0.0379 
         246  1 0.5057 0.1133 0.0727 0.3083 
         247  1 0.1424 0.2619 0.5402 0.0555 
         248  1 0.0801 0.2280 0.6071 0.0847 
         249  1 0.7995 0.1086 0.0451 0.0468 
         250  1 0.1155 0.2997 0.5150 0.0698 
         251  1 0.8613 0.0301 0.0576 0.0510 
         252  1 0.1230 0.5921 0.1319 0.1529 
         253  1 0.0318 0.1327 0.0411 0.7944 
         254  1 0.0479 0.4107 0.3410 0.2004 
         255  1 0.5391 0.1299 0.0683 0.2628 
         256  1 0.0541 0.6432 0.0735 0.2292 
         257  1 0.4024 0.1625 0.3775 0.0576 
         258  1 0.1394 0.1115 0.7122 0.0368 
         259  1 0.1764 0.0658 0.7262 0.0316 
         260  1 0.0836 0.5233 0.2470 0.1462 
         261  1 0.0487 0.0832 0.0748 0.7933 
         262  1 0.0682 0.1332 0.0791 0.7195 
         263  1 0.0749 0.6865 0.1755 0.0631 
         264  1 0.0339 0.1066 0.0375 0.8220 
         265  1 0.1262 0.0991 0.4046 0.3701 
         266  1 0.0936 0.3825 0.4314 0.0925 
         267  1 0.7110 0.0703 0.1811 0.0375 
         268  1 0.7760 0.0903 0.0626 0.0711 
         269  1 0.1642 0.1531 0.6093 0.0734 
         270  1 0.0661 0.2120 0.6867 0.0352 
         271  1 0.0849 0.2435 0.0499 0.6217 
         272  1 0.0891 0.1381 0.0785 0.6942 
         273  1 0.8006 0.0684 0.0739 0.0571 
         274  1 0.0491 0.1197 0.7959 0.0353 
         275  1 0.4898 0.2121 0.1805 0.1175 
         276  1 0.1617 0.4471 0.2976 0.0936 
         277  1 0.0581 0.5616 0.1751 0.2052 
         278  1 0.4663 0.1972 0.1822 0.1543 
         279  1 0.0435 0.3306 0.3577 0.2682 
         280  1 0.0930 0.3826 0.2551 0.2693 
         281  1 0.8346 0.0564 0.0694 0.0397 
         282  1 0.0414 0.4386 0.0884 0.4316 
         283  1 0.1730 0.1149 0.0983 0.6139 
         284  1 0.3849 0.1933 0.2045 0.2174 
         285  1 0.3143 0.1713 0.2149 0.2995 
         286  1 0.1174 0.2447 0.4298 0.2081 
         287  1 0.0791 0.1898 0.0533 0.6778 
         288  1 0.0852 0.5091 0.1743 0.2314 
         289  1 0.3417 0.4602 0.1162 0.0820 
         290  1 0.0529 0.2066 0.0496 0.6908 
         291  1 0.0359 0.4294 0.0590 0.4757 
         292  1 0.4474 0.0492 0.0627 0.4407 
         293  1 0.5805 0.1363 0.2504 0.0328 
         294  1 0.0610 0.6355 0.1685 0.1350 
         295  1 0.0615 0.0622 0.0767 0.7996 
         296  1 0.0767 0.3127 0.0701 0.5405 
         297  1 0.0903 0.1455 0.0514 0.7128 
         298  1 0.1388 0.0941 0.7456 0.0214 
         299  1 0.0929 0.4620 0.3437 0.1014 
         300  1 0.1161 0.1485 0.7085 0.0269 
         301  1 0.0958 0.2137 0.3458 0.3447 
         302  1 0.1010 0.1384 0.7368 0.0239 
         303  1 0.0398 0.6126 0.1023 0.2453 
         304  1 0.0649 0.2788 0.5819 0.0744 
         305  1 0.2040 0.2894 0.3188 0.1877 
         306  1 0.2219 0.5488 0.1732 0.0561 
         307  1 0.1184 0.7350 0.0667 0.0798 
         308  1 0.2009 0.2792 0.4479 0.0720 
         309  1 0.1935 0.4060 0.3197 0.0809 
         310  1 0.6574 0.0666 0.2294 0.0466 
         311  1 0.5421 0.1117 0.2902 0.0560 
         312  1 0.0554 0.0657 0.8605 0.0185 
         313  1 0.0531 0.0446 0.0697 0.8326 
         314  1 0.1956 0.0883 0.6252 0.0908 
         315  1 0.0741 0.0541 0.8427 0.0291 
         316  1 0.7308 0.0471 0.1536 0.0686 
         317  1 0.6590 0.0951 0.2006 0.0453 
         318  1 0.1018 0.1844 0.6381 0.0757 
         319  1 0.8147 0.0386 0.1146 0.0321 
         320  1 0.1570 0.0745 0.7324 0.0360 
         321  1 0.1438 0.1128 0.0982 0.6451 
         322  1 0.1662 0.5864 0.1822 0.0652 
         323  1 0.0828 0.4705 0.1973 0.2495 
         324  1 0.1816 0.0642 0.7070 0.0472 
         325  1 0.7954 0.0510 0.1181 0.0355 
         326  1 0.1148 0.3585 0.2274 0.2993 
         327  1 0.6030 0.0894 0.1566 0.1509 
         328  1 0.0570 0.7093 0.1611 0.0725 
         329  1 0.0458 0.6953 0.1545 0.1044 
         330  1 0.0597 0.5017 0.1077 0.3308 
         331  1 0.3202 0.4172 0.1370 0.1256 
         332  1 0.0714 0.4871 0.0786 0.3628 
         333  1 0.2252 0.1268 0.4458 0.2022 
         334  1 0.7195 0.0432 0.1942 0.0431 
         335  1 0.6978 0.1235 0.1269 0.0518 
         336  1 0.0810 0.4423 0.1947 0.2820 
         337  1 0.1920 0.1098 0.5569 0.1412 
         338  1 0.0720 0.7607 0.1145 0.0528 
         339  1 0.8366 0.0640 0.0470 0.0524 
         340  1 0.0809 0.2687 0.1363 0.5141 
         341  1 0.0513 0.5250 0.1957 0.2279 
         342  1 0.0471 0.0617 0.0323 0.8589 
         343  1 0.2582 0.0431 0.6368 0.0619 
         344  1 0.1200 0.7095 0.1158 0.0547 
         345  1 0.8534 0.0547 0.0443 0.0476 
         346  1 0.1787 0.0600 0.6860 0.0753 
         347  1 0.3488 0.4527 0.1189 0.0796 
         348  1 0.5667 0.1062 0.1714 0.1557 
         349  1 0.6278 0.1269 0.1085 0.1368 
         350  1 0.5082 0.1265 0.2781 0.0872 
         351  1 0.1720 0.5339 0.1695 0.1246 
         352  1 0.0988 0.3807 0.0701 0.4503 
         353  1 0.6788 0.0566 0.1997 0.0649 
         354  1 0.3607 0.1503 0.1181 0.3709 
         355  1 0.4952 0.2430 0.1632 0.0986 
         356  1 0.1657 0.0550 0.7408 0.0385 
         357  1 0.0402 0.0568 0.0430 0.8600 
         358  1 0.0912 0.1812 0.6450 0.0827 
         359  1 0.1036 0.1347 0.5146 0.2471 
         360  1 0.0893 0.1100 0.0695 0.7312 
         361  1 0.0390 0.1430 0.7202 0.0978 
         362  1 0.0826 0.5913 0.0817 0.2443 
         363  1 0.0385 0.8418 0.0510 0.0688 
         364  1 0.1283 0.4431 0.1458 0.2827 
         365  1 0.3410 0.4480 0.1760 0.0350 
         366  1 0.0990 0.2022 0.5310 0.1678 
         367  1 0.1500 0.4233 0.3424 0.0843 
         368  1 0.2398 0.6069 0.0778 0.0755 
         369  1 0.0499 0.1429 0.0490 0.7582 
         370  1 0.5014 0.2048 0.2108 0.0830 
         371  1 0.0771 0.1307 0.0549 0.7374 
         372  1 0.0752 0.1368 0.0521 0.7358 
         373  1 0.1609 0.1516 0.4403 0.2472 
         374  1 0.1581 0.1562 0.6258 0.0598 
         375  1 0.0316 0.0672 0.0280 0.8732 
         376  1 0.7487 0.0976 0.0630 0.0906 
         377  1 0.1913 0.0718 0.6714 0.0655 
         378  1 0.1971 0.0538 0.6522 0.0968 
         379  1 0.6857 0.0735 0.1643 0.0765 
         380  1 0.2747 0.1786 0.1909 0.3558 
         381  1 0.0792 0.3419 0.3473 0.2316 
         382  1 0.0638 0.0466 0.0474 0.8422 
         383  1 0.0766 0.7669 0.0540 0.1025 
         384  1 0.1549 0.1686 0.5379 0.1386 
         385  1 0.6395 0.1168 0.1901 0.0537 
         386  1 0.1188 0.6489 0.0825 0.1497 
         387  1 0.0348 0.5986 0.0633 0.3033 
         388  1 0.0716 0.0947 0.2447 0.5890 
         389  1 0.5175 0.0959 0.0592 0.3274 
         390  1 0.0651 0.1123 0.0491 0.7736 
         391  1 0.3161 0.3274 0.1176 0.2390 
         392  1 0.0554 0.2789 0.4591 0.2066 
         393  1 0.2535 0.2224 0.2491 0.2749 
         394  1 0.7027 0.1484 0.1040 0.0449 
         395  1 0.0431 0.7468 0.0481 0.1620 
         396  1 0.1051 0.0685 0.2004 0.6260 
         397  1 0.0468 0.2416 0.1164 0.5952 
         398  1 0.0701 0.3476 0.4619 0.1204 
         399  1 0.0486 0.2323 0.0587 0.6604 
         400  1 0.1330 0.4260 0.1274 0.3137 
         401  1 0.0487 0.6915 0.1111 0.1486 
         402  1 0.7809 0.0746 0.0686 0.0758 
         403  1 0.0761 0.2002 0.6520 0.0717 
         404  1 0.2995 0.5064 0.1127 0.0814 
         405  1 0.6021 0.1361 0.1433 0.1185 
         406  1 0.0633 0.0694 0.0548 0.8125 
         407  1 0.0883 0.1365 0.0522 0.7229 
         408  1 0.1440 0.3397 0.4698 0.0466 
         409  1 0.2556 0.3388 0.1477 0.2579 
         410  1 0.0399 0.2680 0.0583 0.6338 
         411  1 0.1149 0.4022 0.2439 0.2390 
         412  1 0.2699 0.3589 0.2519 0.1193 
         413  1 0.5355 0.1629 0.1596 0.1420 
         414  1 0.3121 0.2824 0.2168 0.1888 
         415  1 0.2019 0.0663 0.6903 0.0415 
         416  1 0.8516 0.0512 0.0440 0.0532 
         417  1 0.1065 0.3913 0.1156 0.3865 
         418  1 0.2560 0.4148 0.1453 0.1840 
         419  1 0.1511 0.1304 0.1127 0.6058 
         420  1 0.0622 0.4646 0.1646 0.3087 
         421  1 0.4748 0.2870 0.1014 0.1368 
         422  1 0.3237 0.3915 0.2097 0.0751 
         423  1 0.0312 0.8258 0.0361 0.1069 
         424  1 0.1770 0.0557 0.7259 0.0414 
         425  1 0.0582 0.2470 0.1477 0.5471 
         426  1 0.5495 0.2060 0.1216 0.1229 
         427  1 0.1880 0.2482 0.1758 0.3880 
         428  1 0.0870 0.3507 0.1311 0.4312 
         429  1 0.0583 0.6671 0.0567 0.2179 
         430  1 0.0382 0.0641 0.8632 0.0345 
         431  1 0.0670 0.7544 0.0910 0.0877 
         432  1 0.7141 0.0678 0.1642 0.0539 
         433  1 0.0733 0.0493 0.0605 0.8169 
         434  1 0.5333 0.0772 0.3217 0.0677 
         435  1 0.1792 0.5101 0.1338 0.1770 
         436  1 0.1742 0.1079 0.0966 0.6212 
         437  1 0.1480 0.0775 0.7041 0.0703 
         438  1 0.3876 0.1240 0.4345 0.0540 
         439  1 0.0702 0.5303 0.0939 0.3057 
         440  1 0.1717 0.0742 0.7176 0.0364 
         441  1 0.7096 0.0961 0.0438 0.1506 
         442  1 0.0690 0.1353 0.2715 0.5241 
         443  1 0.0510 0.0852 0.0319 0.8320 
         444  1 0.0647 0.6056 0.1324 0.1972 
         445  1 0.0582 0.5389 0.0941 0.3089 
         446  1 0.8212 0.0723 0.0652 0.0414 
         447  1 0.0542 0.4920 0.1090 0.3448 
         448  1 0.0906 0.2042 0.6608 0.0444 
         449  1 0.1989 0.0561 0.6980 0.0470 
         450  1 0.8553 0.0350 0.0500 0.0597 
         451  1 0.8385 0.0592 0.0505 0.0518 
         452  1 0.0392 0.0534 0.0387 0.8687 
         453  1 0.7072 0.0486 0.1929 0.0513 
         454  1 0.5169 0.2105 0.1629 0.1096 
         455  1 0.1078 0.4970 0.1303 0.2649 
         456  1 0.8151 0.0628 0.0593 0.0628 
         457  1 0.2202 0.0517 0.6316 0.0965 
         458  1 0.0584 0.5267 0.1346 0.2803 
         459  1 0.7607 0.0620 0.0771 0.1002 
         460  1 0.0450 0.2688 0.0852 0.6011 
         461  1 0.2083 0.0531 0.6759 0.0627 
         462  1 0.7141 0.0392 0.1771 0.0696 
         463  1 0.5527 0.2104 0.1778 0.0590 
         464  1 0.0753 0.2571 0.1392 0.5284 
         465  1 0.7443 0.1037 0.1162 0.0357 
         466  1 0.0980 0.2905 0.0787 0.5328 
         467  1 0.0544 0.0526 0.0343 0.8586 
         468  1 0.0862 0.6476 0.0937 0.1725 
         469  1 0.0262 0.0393 0.0216 0.9130 
         470  1 0.3534 0.3257 0.2576 0.0633 
         471  1 0.0680 0.4726 0.2359 0.2235 
         472  1 0.1316 0.5194 0.2197 0.1293 
         473  1 0.0881 0.6650 0.1473 0.0997 
         474  1 0.0518 0.5086 0.0596 0.3801 
         475  1 0.0316 0.5562 0.3124 0.0998 
         476  1 0.7601 0.1319 0.0776 0.0305 
         477  1 0.0422 0.7034 0.1882 0.0662 
         478  1 0.1816 0.0545 0.7204 0.0435 
         479  1 0.0660 0.2416 0.0734 0.6189 
         480  1 0.0527 0.0559 0.0543 0.8371 
         481  1 0.1005 0.1577 0.5887 0.1532 
         482  1 0.2034 0.0856 0.6433 0.0677 
         483  1 0.1458 0.3445 0.1688 0.3409 
         484  1 0.0395 0.1607 0.0613 0.7385 
         485  1 0.0368 0.0963 0.0378 0.8291 
         486  1 0.8529 0.0349 0.0381 0.0742 
         487  1 0.0780 0.1364 0.0676 0.7180 
         488  1 0.0779 0.6164 0.0498 0.2560 
         489  1 0.2139 0.5502 0.1846 0.0513 
         490  1 0.1983 0.5304 0.1186 0.1526 
         491  1 0.0790 0.0818 0.0537 0.7855 
         492  1 0.0336 0.0899 0.0395 0.8370 
