           1  1 0.0814 0.0505 0.0613 0.0658 0.0566 0.4092 0.0683 0.0747 0.0650 0.0672 
           2  1 0.0561 0.1109 0.0531 0.0730 0.1195 0.0819 0.1898 0.1008 0.1465 0.0685 
           3  1 0.0842 0.1521 0.1084 0.0606 0.1630 0.0440 0.1215 0.0470 0.1246 0.0945 
           4  1 0.0573 0.0450 0.0648 0.3339 0.0459 0.2277 0.0399 0.0544 0.0811 0.0500 
           5  1 0.0461 0.0400 0.0358 0.5360 0.0390 0.0850 0.0384 0.0317 0.1059 0.0420 
           6  1 0.1078 0.1283 0.1231 0.0433 0.1363 0.0800 0.1077 0.0494 0.1207 0.1033 
           7  1 0.1429 0.1025 0.1372 0.0475 0.1176 0.0646 0.1341 0.0207 0.1167 0.1160 
           8  1 0.0575 0.0432 0.0511 0.0971 0.0517 0.4830 0.0397 0.0740 0.0482 0.0546 
           9  1 0.1535 0.1069 0.1086 0.0456 0.1674 0.0399 0.0984 0.0387 0.1252 0.1158 
          10  1 0.0460 0.0386 0.0423 0.5637 0.0403 0.0389 0.0375 0.0351 0.1144 0.0432 
          11  1 0.0878 0.1202 0.3141 0.0372 0.0645 0.0344 0.0832 0.0545 0.0555 0.1486 
          12  1 0.0601 0.0937 0.0431 0.0553 0.0881 0.2472 0.1391 0.0964 0.1180 0.0589 
          13  1 0.0953 0.0890 0.1522 0.0530 0.0778 0.2194 0.0800 0.0719 0.0646 0.0970 
          14  1 0.0623 0.0760 0.0698 0.2886 0.1080 0.0512 0.0663 0.0980 0.1125 0.0675 
          15  1 0.1472 0.0821 0.0815 0.0771 0.0997 0.0298 0.0889 0.1826 0.1071 0.1040 
          16  1 0.0847 0.0791 0.1668 0.0643 0.0623 0.2603 0.0720 0.0552 0.0593 0.0961 
          17  1 0.0762 0.1104 0.2299 0.0734 0.0794 0.0430 0.1201 0.0716 0.0833 0.1126 
          18  1 0.0465 0.0489 0.0396 0.0333 0.0523 0.5792 0.0553 0.0484 0.0499 0.0465 
          19  1 0.1401 0.0930 0.1046 0.1116 0.1111 0.0475 0.1050 0.0489 0.1182 0.1201 
          20  1 0.1258 0.0896 0.0843 0.1878 0.0985 0.1047 0.0820 0.0359 0.0952 0.0962 
          21  1 0.0627 0.0569 0.0806 0.3947 0.0550 0.0387 0.0587 0.0995 0.0986 0.0546 
          22  1 0.1935 0.0570 0.0684 0.0731 0.1008 0.0743 0.0642 0.1453 0.0839 0.1395 
          23  1 0.0599 0.1713 0.0853 0.0316 0.0638 0.0347 0.2306 0.0357 0.2168 0.0703 
          24  1 0.1397 0.1483 0.0771 0.0471 0.1345 0.0238 0.1173 0.0349 0.1210 0.1563 
          25  1 0.0865 0.0930 0.2973 0.0470 0.0518 0.0979 0.0826 0.0621 0.0447 0.1372 
          26  1 0.0728 0.1906 0.0506 0.0658 0.0726 0.0310 0.1893 0.0324 0.2096 0.0853 
          27  1 0.1223 0.0599 0.0739 0.1288 0.0601 0.1468 0.0534 0.2001 0.0764 0.0784 
          28  1 0.1618 0.1017 0.1755 0.0578 0.1054 0.0278 0.0946 0.0507 0.0835 0.1414 
          29  1 0.0868 0.1433 0.0864 0.1315 0.1480 0.0333 0.1090 0.0417 0.1247 0.0952 
          30  1 0.1936 0.0657 0.0664 0.0635 0.1073 0.0515 0.0821 0.1445 0.0895 0.1358 
          31  1 0.1191 0.1162 0.1644 0.0686 0.1053 0.0442 0.1065 0.0611 0.0913 0.1234 
          32  1 0.2323 0.0786 0.0777 0.0476 0.0987 0.0321 0.0784 0.1056 0.0909 0.1580 
          33  1 0.1136 0.0822 0.0912 0.0412 0.1134 0.0406 0.0951 0.2381 0.0898 0.0947 
          34  1 0.1353 0.1067 0.1089 0.0641 0.0807 0.0522 0.1268 0.0829 0.1196 0.1228 
          35  1 0.0490 0.0588 0.0376 0.4826 0.0548 0.0415 0.0628 0.0438 0.1234 0.0457 
          36  1 0.1260 0.1239 0.0593 0.0571 0.1791 0.0316 0.1017 0.0544 0.1074 0.1595 
          37  1 0.0635 0.1288 0.2772 0.0664 0.0603 0.0556 0.1193 0.0301 0.0838 0.1150 
          38  1 0.2165 0.1040 0.0820 0.0490 0.1250 0.0272 0.0839 0.0371 0.0922 0.1830 
          39  1 0.1224 0.0761 0.0803 0.1045 0.0983 0.1893 0.0704 0.0600 0.0868 0.1118 
          40  1 0.0510 0.0469 0.0505 0.0463 0.0482 0.0313 0.0494 0.5820 0.0488 0.0457 
          41  1 0.1789 0.0923 0.0828 0.0689 0.1129 0.0705 0.0983 0.0563 0.1113 0.1277 
          42  1 0.0765 0.1337 0.1873 0.0630 0.1311 0.0294 0.0921 0.0528 0.0930 0.1410 
          43  1 0.0342 0.1369 0.0382 0.0477 0.1887 0.0229 0.2421 0.0249 0.1841 0.0802 
          44  1 0.0739 0.1416 0.0741 0.0486 0.1822 0.0298 0.1564 0.0421 0.1269 0.1243 
          45  1 0.0440 0.0450 0.0486 0.0607 0.0484 0.5698 0.0445 0.0502 0.0431 0.0456 
          46  1 0.0495 0.1446 0.0544 0.0509 0.1459 0.0290 0.2201 0.0702 0.1546 0.0808 
          47  1 0.0731 0.0753 0.0481 0.0678 0.0682 0.4338 0.0618 0.0364 0.0629 0.0728 
          48  1 0.1186 0.1504 0.0923 0.0692 0.1251 0.0198 0.1267 0.0385 0.1259 0.1335 
          49  1 0.1251 0.1211 0.0593 0.0499 0.1191 0.0788 0.1486 0.0758 0.1230 0.0994 
          50  1 0.0732 0.0635 0.0574 0.4179 0.0671 0.0349 0.0635 0.0584 0.1006 0.0636 
          51  1 0.0822 0.0964 0.0534 0.1258 0.1048 0.0340 0.0896 0.2504 0.0824 0.0811 
          52  1 0.0664 0.0586 0.0589 0.0672 0.0601 0.0378 0.0591 0.4704 0.0641 0.0574 
          53  1 0.1534 0.1073 0.0671 0.1098 0.1396 0.0383 0.0929 0.0637 0.1044 0.1235 
          54  1 0.0636 0.0685 0.0416 0.0497 0.0728 0.3269 0.0596 0.1854 0.0638 0.0682 
          55  1 0.0605 0.1099 0.2556 0.1197 0.0612 0.0402 0.1221 0.0438 0.0754 0.1116 
          56  1 0.1466 0.1222 0.1098 0.0397 0.1080 0.0528 0.1114 0.0441 0.1065 0.1590 
          57  1 0.1086 0.1514 0.0555 0.0483 0.1120 0.0405 0.1732 0.0423 0.1717 0.0965 
          58  1 0.1211 0.1302 0.0700 0.0537 0.1679 0.0347 0.1132 0.0497 0.1350 0.1246 
          59  1 0.1514 0.1010 0.0982 0.0641 0.1644 0.0406 0.0820 0.0609 0.1067 0.1306 
          60  1 0.1487 0.1071 0.0842 0.0739 0.1374 0.0596 0.1265 0.0431 0.1120 0.1076 
          61  1 0.0560 0.1075 0.3800 0.0527 0.0440 0.0551 0.0659 0.0561 0.0406 0.1420 
          62  1 0.1082 0.1232 0.0920 0.0495 0.1786 0.0393 0.1235 0.0359 0.1327 0.1171 
          63  1 0.0990 0.0657 0.0722 0.3011 0.0699 0.0870 0.0626 0.0776 0.0859 0.0790 
          64  1 0.0982 0.1239 0.0483 0.1192 0.1448 0.0421 0.1138 0.1063 0.1079 0.0954 
          65  1 0.1030 0.1126 0.0854 0.0311 0.1363 0.0248 0.1059 0.2037 0.0956 0.1018 
          66  1 0.0929 0.0579 0.0439 0.3930 0.0688 0.0416 0.0570 0.0695 0.1024 0.0729 
          67  1 0.0700 0.1515 0.0852 0.0686 0.1313 0.0331 0.1806 0.0385 0.1397 0.1015 
          68  1 0.1244 0.1228 0.0915 0.0518 0.1419 0.0429 0.1215 0.0574 0.1308 0.1151 
          69  1 0.0640 0.0339 0.0462 0.1419 0.0390 0.4783 0.0330 0.0662 0.0467 0.0508 
          70  1 0.0546 0.1861 0.0320 0.0507 0.1936 0.0226 0.1183 0.0216 0.1566 0.1638 
          71  1 0.1363 0.0979 0.0848 0.1253 0.1347 0.0435 0.1024 0.0445 0.1088 0.1219 
          72  1 0.1299 0.0990 0.0948 0.0963 0.1550 0.0477 0.0990 0.0588 0.1180 0.1017 
          73  1 0.0422 0.0458 0.0764 0.0598 0.0422 0.5381 0.0545 0.0499 0.0477 0.0435 
          74  1 0.1641 0.0975 0.0907 0.1888 0.0909 0.0358 0.0716 0.0337 0.0956 0.1313 
          75  1 0.0706 0.1160 0.3129 0.0581 0.0583 0.0561 0.0872 0.0604 0.0487 0.1318 
          76  1 0.1035 0.1395 0.0928 0.0848 0.0900 0.0518 0.1221 0.0571 0.1396 0.1189 
          77  1 0.0965 0.1041 0.1029 0.1310 0.1529 0.0495 0.0929 0.0735 0.1040 0.0926 
          78  1 0.0789 0.1193 0.3107 0.0385 0.0521 0.0356 0.1183 0.0376 0.0707 0.1382 
          79  1 0.0841 0.0691 0.1622 0.0407 0.0625 0.1081 0.0687 0.2471 0.0581 0.0994 
          80  1 0.1053 0.1424 0.0843 0.0421 0.1645 0.0330 0.1362 0.0403 0.1276 0.1243 
          81  1 0.1111 0.1182 0.0749 0.1458 0.1354 0.0590 0.1065 0.0496 0.0989 0.1005 
          82  1 0.0841 0.0751 0.1006 0.1934 0.0815 0.0944 0.0986 0.0973 0.0936 0.0812 
          83  1 0.1195 0.1168 0.1035 0.1037 0.1511 0.0518 0.0998 0.0350 0.1205 0.0984 
          84  1 0.1102 0.0872 0.0783 0.1577 0.1238 0.0625 0.0906 0.0857 0.1083 0.0957 
          85  1 0.0648 0.0547 0.0437 0.0572 0.0696 0.4930 0.0524 0.0465 0.0542 0.0639 
          86  1 0.0899 0.1461 0.0598 0.0635 0.1047 0.0599 0.1187 0.1225 0.1261 0.1088 
          87  1 0.0923 0.1331 0.0485 0.0586 0.1675 0.0632 0.1209 0.0998 0.1059 0.1102 
          88  1 0.1360 0.0985 0.1205 0.0684 0.1235 0.0390 0.1102 0.0772 0.1168 0.1099 
          89  1 0.0549 0.1162 0.3521 0.0551 0.0485 0.0353 0.1021 0.0554 0.0528 0.1275 
          90  1 0.0455 0.1558 0.0452 0.0429 0.1967 0.0509 0.1942 0.0429 0.1234 0.1025 
          91  1 0.1179 0.0569 0.0624 0.0604 0.0807 0.0767 0.0622 0.3205 0.0650 0.0972 
          92  1 0.0530 0.1795 0.0541 0.0335 0.0507 0.0987 0.2202 0.0360 0.2176 0.0567 
          93  1 0.1486 0.1301 0.0671 0.0370 0.1496 0.0519 0.1197 0.0458 0.1078 0.1425 
          94  1 0.0590 0.0503 0.0465 0.5099 0.0477 0.0354 0.0512 0.0291 0.1163 0.0547 
          95  1 0.0986 0.1662 0.0508 0.0597 0.1674 0.0337 0.0984 0.0438 0.1093 0.1720 
          96  1 0.1129 0.1013 0.1992 0.0596 0.0911 0.0251 0.0835 0.1258 0.0681 0.1334 
          97  1 0.0551 0.1586 0.0553 0.0429 0.1202 0.0367 0.2352 0.0310 0.1898 0.0753 
          98  1 0.0818 0.0566 0.0842 0.0385 0.0752 0.0719 0.0601 0.4003 0.0571 0.0743 
          99  1 0.1433 0.1139 0.1658 0.0632 0.1110 0.0311 0.1096 0.0469 0.0892 0.1260 
         100  1 0.0463 0.0525 0.1137 0.0719 0.0461 0.0401 0.0438 0.4899 0.0385 0.0571 
         101  1 0.1495 0.0923 0.0905 0.0552 0.1564 0.0680 0.1072 0.0385 0.1184 0.1239 
         102  1 0.1919 0.1041 0.0822 0.0501 0.1329 0.0487 0.0889 0.0583 0.0879 0.1550 
         103  1 0.1373 0.1220 0.0962 0.0769 0.1025 0.0369 0.1370 0.0386 0.1346 0.1181 
         104  1 0.0468 0.1037 0.3971 0.0361 0.0377 0.0588 0.1000 0.0479 0.0401 0.1317 
         105  1 0.0349 0.0366 0.0641 0.0258 0.0309 0.0334 0.0395 0.6641 0.0337 0.0370 
         106  1 0.1797 0.0711 0.0540 0.1965 0.1048 0.0228 0.0846 0.0336 0.1206 0.1322 
         107  1 0.0852 0.0492 0.0494 0.3605 0.0592 0.1296 0.0650 0.0382 0.1020 0.0618 
         108  1 0.0365 0.0399 0.0799 0.0429 0.0362 0.0837 0.0384 0.5623 0.0325 0.0477 
         109  1 0.0695 0.1203 0.3481 0.0467 0.0501 0.0355 0.1036 0.0330 0.0604 0.1328 
         110  1 0.0647 0.1009 0.1052 0.1696 0.1135 0.0595 0.1236 0.0700 0.1035 0.0894 
         111  1 0.1087 0.0916 0.1639 0.1007 0.0766 0.0324 0.0789 0.1793 0.0700 0.0979 
         112  1 0.0932 0.0652 0.0776 0.2373 0.0775 0.1711 0.0614 0.0536 0.0861 0.0770 
         113  1 0.0771 0.1190 0.1141 0.0583 0.1285 0.0368 0.1562 0.0819 0.1201 0.1079 
         114  1 0.0761 0.0976 0.2030 0.0393 0.0837 0.0785 0.1496 0.0756 0.0927 0.1038 
         115  1 0.1160 0.0484 0.0565 0.3820 0.0566 0.0680 0.0510 0.0362 0.0966 0.0887 
         116  1 0.1462 0.0585 0.0445 0.0927 0.0743 0.3168 0.0595 0.0345 0.0728 0.1002 
         117  1 0.1279 0.1349 0.1252 0.0476 0.1193 0.0327 0.1170 0.0323 0.1313 0.1318 
         118  1 0.0764 0.0619 0.0508 0.0527 0.0700 0.4597 0.0531 0.0462 0.0590 0.0701 
         119  1 0.1176 0.1154 0.2281 0.0826 0.0838 0.0336 0.0844 0.0382 0.0761 0.1403 
         120  1 0.1022 0.1380 0.0485 0.0588 0.1620 0.0417 0.1379 0.0891 0.1114 0.1103 
         121  1 0.1350 0.1218 0.0882 0.0468 0.1624 0.0386 0.1016 0.0623 0.1111 0.1320 
         122  1 0.1234 0.1315 0.0635 0.0581 0.1499 0.0394 0.1456 0.0573 0.1137 0.1176 
         123  1 0.0649 0.1505 0.0416 0.0499 0.1187 0.0348 0.2335 0.0317 0.1933 0.0811 
         124  1 0.1269 0.1415 0.0802 0.0387 0.1406 0.0424 0.1405 0.0440 0.1237 0.1216 
         125  1 0.0555 0.0918 0.0624 0.0501 0.0942 0.2390 0.1749 0.0379 0.1376 0.0566 
         126  1 0.1175 0.1011 0.1040 0.0746 0.1527 0.0984 0.0838 0.0509 0.1016 0.1152 
         127  1 0.1336 0.1096 0.1196 0.0542 0.1273 0.0623 0.1063 0.0741 0.0979 0.1151 
         128  1 0.0641 0.0516 0.0467 0.1323 0.0541 0.0340 0.0562 0.4364 0.0648 0.0597 
         129  1 0.0856 0.1461 0.0505 0.0499 0.1767 0.0521 0.1575 0.0645 0.1192 0.0978 
         130  1 0.1605 0.0777 0.0943 0.1698 0.1143 0.0424 0.0838 0.0344 0.1007 0.1221 
         131  1 0.0671 0.1479 0.0759 0.0534 0.1512 0.0292 0.1829 0.0655 0.1332 0.0936 
         132  1 0.1475 0.0839 0.0997 0.0746 0.1244 0.0778 0.0864 0.0887 0.0916 0.1255 
         133  1 0.0463 0.1050 0.3455 0.0470 0.0506 0.0506 0.0848 0.1067 0.0403 0.1232 
         134  1 0.1610 0.1203 0.0566 0.0689 0.1461 0.0291 0.1355 0.0323 0.1159 0.1340 
         135  1 0.2038 0.0869 0.0911 0.0433 0.1546 0.0428 0.0799 0.0327 0.0979 0.1670 
         136  1 0.0906 0.0673 0.0584 0.1016 0.0791 0.3258 0.0801 0.0499 0.0702 0.0769 
         137  1 0.1334 0.1169 0.0827 0.0648 0.1453 0.0582 0.1206 0.0589 0.1055 0.1139 
         138  1 0.0658 0.0731 0.0750 0.0569 0.0682 0.0417 0.0727 0.4097 0.0694 0.0676 
         139  1 0.0528 0.0588 0.0382 0.0559 0.0507 0.5024 0.0600 0.0668 0.0605 0.0540 
         140  1 0.1794 0.0943 0.0923 0.0633 0.1473 0.0365 0.1123 0.0335 0.1148 0.1262 
         141  1 0.1453 0.1113 0.1067 0.0792 0.1186 0.0748 0.1018 0.0568 0.0946 0.1109 
         142  1 0.1276 0.1093 0.2057 0.0738 0.0913 0.0450 0.0753 0.0410 0.0777 0.1534 
         143  1 0.0996 0.1033 0.0725 0.0607 0.1371 0.1113 0.1009 0.1255 0.0942 0.0950 
         144  1 0.1413 0.0800 0.1033 0.1043 0.1332 0.0330 0.0863 0.1163 0.0950 0.1072 
         145  1 0.1061 0.1308 0.0626 0.0538 0.1472 0.0606 0.1624 0.0383 0.1266 0.1116 
         146  1 0.1455 0.0998 0.1068 0.1015 0.1330 0.0448 0.1140 0.0336 0.1063 0.1147 
         147  1 0.0878 0.1075 0.0667 0.1019 0.1444 0.0586 0.1426 0.0748 0.1167 0.0990 
         148  1 0.0927 0.1277 0.1090 0.0667 0.1598 0.0334 0.0998 0.1053 0.1145 0.0911 
         149  1 0.0853 0.1156 0.2198 0.0584 0.0840 0.0466 0.1149 0.0775 0.0826 0.1153 
         150  1 0.1228 0.0962 0.2450 0.0751 0.0933 0.0318 0.0839 0.0395 0.0760 0.1364 
         151  1 0.0446 0.1003 0.3641 0.0607 0.0438 0.0695 0.0830 0.0564 0.0410 0.1366 
         152  1 0.1275 0.1479 0.0541 0.0499 0.1454 0.0430 0.1133 0.0477 0.1153 0.1558 
         153  1 0.0396 0.0355 0.0430 0.0910 0.0393 0.1232 0.0321 0.5165 0.0413 0.0385 
         154  1 0.1636 0.1244 0.0808 0.0488 0.1375 0.0280 0.1148 0.0523 0.1012 0.1487 
         155  1 0.1313 0.1273 0.0808 0.0536 0.1721 0.0327 0.1211 0.0445 0.1189 0.1176 
         156  1 0.1210 0.0845 0.1267 0.0943 0.1220 0.0944 0.1014 0.0544 0.0853 0.1158 
         157  1 0.0581 0.1522 0.1043 0.0519 0.0586 0.0921 0.1873 0.0622 0.1726 0.0607 
         158  1 0.1053 0.1004 0.1223 0.0824 0.1181 0.0672 0.1010 0.0978 0.1053 0.1001 
         159  1 0.0582 0.0682 0.0500 0.4471 0.0491 0.0366 0.0740 0.0417 0.1260 0.0489 
         160  1 0.0593 0.0508 0.0480 0.0595 0.0507 0.5486 0.0484 0.0318 0.0500 0.0529 
         161  1 0.0511 0.0632 0.0666 0.0587 0.0501 0.4733 0.0643 0.0568 0.0616 0.0545 
         162  1 0.1844 0.0873 0.0699 0.0564 0.1374 0.0357 0.0856 0.0822 0.1077 0.1535 
         163  1 0.1300 0.1155 0.1230 0.0440 0.0755 0.0374 0.1716 0.0354 0.1655 0.1020 
         164  1 0.0447 0.0441 0.0518 0.0759 0.0427 0.5611 0.0442 0.0442 0.0462 0.0450 
         165  1 0.1095 0.1238 0.1573 0.0755 0.1152 0.0597 0.1081 0.0423 0.1056 0.1029 
         166  1 0.0753 0.0754 0.0505 0.0656 0.0848 0.0512 0.0742 0.3831 0.0698 0.0701 
         167  1 0.1159 0.0871 0.0884 0.0754 0.0944 0.0344 0.0856 0.2360 0.0908 0.0920 
         168  1 0.1537 0.0885 0.0865 0.0502 0.1099 0.1320 0.0833 0.0738 0.0901 0.1320 
         169  1 0.0641 0.0409 0.0419 0.1078 0.0538 0.5029 0.0394 0.0390 0.0524 0.0578 
         170  1 0.0529 0.0507 0.0612 0.4761 0.0578 0.0380 0.0601 0.0463 0.1100 0.0468 
         171  1 0.0783 0.1541 0.0647 0.0498 0.1642 0.0337 0.1191 0.0856 0.1108 0.1397 
         172  1 0.0475 0.0428 0.0583 0.0391 0.0466 0.0655 0.0402 0.5743 0.0397 0.0460 
         173  1 0.0662 0.0463 0.0526 0.0454 0.0553 0.0286 0.0452 0.5551 0.0456 0.0597 
         174  1 0.0958 0.1044 0.1085 0.0918 0.1015 0.0979 0.1042 0.0978 0.0972 0.1010 
         175  1 0.0852 0.1416 0.0641 0.0612 0.0993 0.0544 0.1782 0.0811 0.1542 0.0808 
         176  1 0.0703 0.0499 0.0465 0.4790 0.0529 0.0486 0.0542 0.0310 0.1116 0.0559 
         177  1 0.0846 0.1149 0.0771 0.1122 0.1097 0.0766 0.1246 0.0864 0.1218 0.0922 
         178  1 0.0598 0.0685 0.0665 0.0435 0.0592 0.0477 0.0697 0.4663 0.0614 0.0575 
         179  1 0.1054 0.1113 0.1694 0.0671 0.0737 0.0491 0.1053 0.1186 0.0903 0.1097 
         180  1 0.1087 0.0505 0.0613 0.4014 0.0633 0.0375 0.0519 0.0402 0.0994 0.0857 
         181  1 0.1609 0.1165 0.0682 0.0915 0.1396 0.0340 0.1175 0.0393 0.1052 0.1272 
         182  1 0.0402 0.0923 0.3010 0.0259 0.0473 0.2010 0.1028 0.0321 0.0401 0.1171 
         183  1 0.0402 0.0328 0.0498 0.0309 0.0370 0.6263 0.0342 0.0759 0.0340 0.0391 
         184  1 0.1241 0.1042 0.1169 0.0797 0.1021 0.0701 0.1054 0.0809 0.1038 0.1127 
         185  1 0.1271 0.0770 0.0669 0.0670 0.0882 0.2356 0.0937 0.0588 0.0890 0.0967 
         186  1 0.0800 0.0668 0.0585 0.3458 0.0766 0.0318 0.0664 0.1003 0.1070 0.0668 
         187  1 0.1230 0.1306 0.0642 0.0450 0.1215 0.0322 0.1796 0.0317 0.1777 0.0944 
         188  1 0.0413 0.0348 0.0450 0.0725 0.0371 0.5869 0.0347 0.0703 0.0384 0.0391 
         189  1 0.0892 0.0997 0.1036 0.1680 0.1043 0.0921 0.0939 0.0481 0.1142 0.0870 
         190  1 0.1181 0.1021 0.0921 0.0837 0.1458 0.0643 0.0931 0.1060 0.0903 0.1045 
         191  1 0.0535 0.0501 0.0529 0.0513 0.0597 0.0293 0.0521 0.5507 0.0495 0.0509 
         192  1 0.0571 0.1333 0.0459 0.0478 0.0652 0.2527 0.1484 0.0568 0.1339 0.0588 
         193  1 0.0891 0.0833 0.1070 0.1518 0.0920 0.1346 0.0806 0.0863 0.0837 0.0916 
         194  1 0.1842 0.0938 0.0913 0.0689 0.1277 0.0459 0.1012 0.0376 0.1174 0.1320 
         195  1 0.0995 0.1200 0.2722 0.0525 0.0689 0.0362 0.0872 0.0691 0.0788 0.1154 
         196  1 0.1556 0.0703 0.0614 0.2603 0.0849 0.0395 0.0801 0.0317 0.1061 0.1100 
         197  1 0.1516 0.1010 0.1247 0.0557 0.1121 0.0458 0.0931 0.0902 0.1041 0.1217 
         198  1 0.0563 0.0732 0.0909 0.0506 0.0623 0.0381 0.0630 0.4449 0.0609 0.0598 
         199  1 0.0560 0.1490 0.0623 0.0375 0.0712 0.0374 0.2656 0.0454 0.2246 0.0510 
         200  1 0.0576 0.1119 0.3571 0.0325 0.0569 0.0235 0.0926 0.0831 0.0509 0.1338 
         201  1 0.0657 0.0306 0.0324 0.5404 0.0425 0.0351 0.0327 0.0566 0.1121 0.0520 
         202  1 0.0729 0.1614 0.1046 0.0576 0.1370 0.0641 0.1359 0.0410 0.1374 0.0880 
         203  1 0.1709 0.0965 0.0856 0.0598 0.1369 0.0437 0.1142 0.0499 0.1170 0.1256 
         204  1 0.1035 0.1258 0.1078 0.0563 0.1327 0.0374 0.1007 0.1239 0.0975 0.1145 
         205  1 0.0455 0.1884 0.0377 0.0410 0.0613 0.0378 0.2542 0.0331 0.2475 0.0535 
         206  1 0.1188 0.1161 0.1048 0.0580 0.1643 0.0406 0.1149 0.0471 0.1242 0.1113 
         207  1 0.1605 0.1129 0.1892 0.0800 0.0819 0.0240 0.0859 0.0498 0.0949 0.1208 
         208  1 0.0679 0.1085 0.3326 0.0367 0.0553 0.0308 0.0893 0.0833 0.0530 0.1426 
         209  1 0.0548 0.0651 0.0568 0.0818 0.0804 0.0991 0.0525 0.3732 0.0661 0.0701 
         210  1 0.0784 0.1626 0.0412 0.0465 0.1746 0.0737 0.0913 0.0537 0.1100 0.1679 
         211  1 0.0497 0.0465 0.0515 0.0424 0.0483 0.0441 0.0423 0.5871 0.0457 0.0424 
         212  1 0.0419 0.0404 0.0583 0.0279 0.0389 0.0425 0.0393 0.6254 0.0394 0.0459 
         213  1 0.1023 0.0920 0.1290 0.0990 0.1251 0.1594 0.0789 0.0335 0.0870 0.0937 
         214  1 0.1794 0.1010 0.0737 0.0538 0.1466 0.0365 0.1173 0.0341 0.1254 0.1322 
         215  1 0.0970 0.1139 0.2889 0.0594 0.0697 0.0304 0.1016 0.0335 0.0634 0.1422 
         216  1 0.1091 0.1060 0.2637 0.0796 0.0740 0.0326 0.0750 0.0573 0.0670 0.1358 
         217  1 0.0896 0.1395 0.0457 0.1185 0.1117 0.0405 0.1532 0.0559 0.1505 0.0949 
         218  1 0.0699 0.1374 0.0950 0.0815 0.0739 0.0351 0.2091 0.0304 0.1967 0.0708 
         219  1 0.0847 0.0359 0.0450 0.0530 0.0435 0.0309 0.0408 0.5490 0.0457 0.0715 
         220  1 0.0816 0.1364 0.0603 0.0387 0.1617 0.0629 0.1538 0.1028 0.1097 0.0922 
         221  1 0.1601 0.1183 0.0676 0.0635 0.1547 0.0360 0.1206 0.0353 0.1085 0.1355 
         222  1 0.1460 0.1269 0.0535 0.0483 0.1415 0.0745 0.1325 0.0588 0.0979 0.1201 
         223  1 0.1298 0.0989 0.0993 0.0775 0.1706 0.0457 0.0949 0.0673 0.0993 0.1166 
         224  1 0.1064 0.1113 0.0929 0.0546 0.1065 0.0731 0.0923 0.1579 0.0971 0.1078 
         225  1 0.0458 0.0415 0.0405 0.5497 0.0482 0.0396 0.0415 0.0463 0.1079 0.0389 
         226  1 0.1061 0.0908 0.0997 0.0918 0.0933 0.1016 0.0919 0.1423 0.0855 0.0971 
         227  1 0.0465 0.2014 0.0424 0.0295 0.0547 0.0223 0.2661 0.0267 0.2611 0.0493 
         228  1 0.1007 0.1179 0.1143 0.0646 0.1169 0.0344 0.1602 0.0559 0.1361 0.0989 
         229  1 0.0837 0.0897 0.0719 0.0427 0.0932 0.3290 0.0720 0.0530 0.0703 0.0946 
         230  1 0.1075 0.1168 0.1333 0.0865 0.1170 0.0313 0.1217 0.0582 0.1023 0.1254 
         231  1 0.0664 0.1189 0.3491 0.0349 0.0614 0.0374 0.0800 0.0683 0.0445 0.1390 
         232  1 0.0631 0.1196 0.1901 0.0578 0.0514 0.0460 0.1713 0.0793 0.1449 0.0764 
         233  1 0.0750 0.0491 0.0584 0.0616 0.0582 0.0304 0.0515 0.4910 0.0557 0.0692 
         234  1 0.0917 0.0941 0.2535 0.0435 0.0669 0.0786 0.0849 0.1011 0.0639 0.1219 
         235  1 0.1096 0.0691 0.0603 0.3704 0.0701 0.0327 0.0656 0.0253 0.1115 0.0854 
         236  1 0.1799 0.0970 0.0676 0.0550 0.1477 0.0438 0.0977 0.0620 0.1060 0.1434 
         237  1 0.1079 0.0978 0.2032 0.0578 0.0918 0.0745 0.1112 0.0536 0.0861 0.1161 
         238  1 0.2085 0.0917 0.0750 0.0654 0.1346 0.0416 0.0873 0.0423 0.1094 0.1443 
         239  1 0.0377 0.0899 0.0458 0.0384 0.0467 0.4558 0.1117 0.0308 0.1014 0.0419 
         240  1 0.1662 0.1108 0.0608 0.0642 0.1338 0.0707 0.0962 0.0301 0.0988 0.1683 
         241  1 0.1514 0.0840 0.0677 0.1545 0.1206 0.0371 0.0860 0.0721 0.1036 0.1229 
         242  1 0.0600 0.0665 0.0534 0.0463 0.0598 0.4388 0.0557 0.0922 0.0618 0.0654 
         243  1 0.1115 0.1170 0.2129 0.0616 0.1040 0.0347 0.0920 0.0455 0.0883 0.1324 
         244  1 0.1419 0.1290 0.0658 0.0326 0.1088 0.0244 0.1854 0.0326 0.1723 0.1073 
         245  1 0.1134 0.0649 0.1894 0.0389 0.0575 0.2080 0.0629 0.0969 0.0514 0.1166 
         246  1 0.0902 0.1391 0.1497 0.0449 0.0762 0.0478 0.1402 0.0816 0.1176 0.1126 
         247  1 0.1090 0.0712 0.0552 0.0567 0.0845 0.3513 0.0631 0.0409 0.0667 0.1013 
         248  1 0.0951 0.0646 0.0585 0.3423 0.0703 0.0532 0.0689 0.0649 0.1034 0.0789 
         249  1 0.0901 0.1302 0.3272 0.0421 0.0647 0.0339 0.0788 0.0348 0.0590 0.1392 
         250  1 0.0949 0.1196 0.0534 0.1379 0.1302 0.0498 0.1045 0.1205 0.0933 0.0959 
         251  1 0.0347 0.0930 0.3211 0.0339 0.0346 0.1501 0.0906 0.0911 0.0371 0.1139 
         252  1 0.1460 0.1033 0.1084 0.0369 0.1450 0.1042 0.1024 0.0382 0.1032 0.1122 
         253  1 0.0973 0.1286 0.0639 0.0446 0.1374 0.0332 0.1980 0.0326 0.1816 0.0829 
         254  1 0.1298 0.1057 0.0525 0.0614 0.1319 0.1102 0.1187 0.0744 0.1078 0.1076 
         255  1 0.0877 0.1274 0.1576 0.0676 0.1099 0.0348 0.1352 0.0614 0.1172 0.1012 
         256  1 0.1346 0.1062 0.1168 0.0552 0.1768 0.0253 0.0878 0.0482 0.1244 0.1247 
         257  1 0.0802 0.0596 0.0576 0.0407 0.0632 0.2446 0.0577 0.2646 0.0601 0.0718 
         258  1 0.0990 0.0499 0.0562 0.1325 0.0551 0.3898 0.0484 0.0338 0.0634 0.0718 
         259  1 0.0707 0.0431 0.0503 0.0889 0.0456 0.5081 0.0464 0.0431 0.0482 0.0555 
         260  1 0.1225 0.0867 0.0582 0.2017 0.1121 0.0251 0.0722 0.1004 0.1118 0.1093 
         261  1 0.0825 0.1237 0.0435 0.0935 0.0833 0.0293 0.1760 0.1023 0.1864 0.0794 
         262  1 0.0917 0.1388 0.0423 0.0609 0.1837 0.0653 0.1256 0.0398 0.1183 0.1336 
         263  1 0.1735 0.0931 0.0971 0.0654 0.1375 0.0478 0.0933 0.0682 0.1050 0.1191 
         264  1 0.0643 0.1966 0.0734 0.0391 0.0916 0.0283 0.2045 0.0251 0.2071 0.0700 
         265  1 0.0634 0.0880 0.0721 0.2253 0.0830 0.1173 0.1162 0.0495 0.1160 0.0692 
         266  1 0.1120 0.0759 0.1012 0.2340 0.1086 0.0445 0.0844 0.0402 0.1020 0.0971 
         267  1 0.0550 0.0498 0.0598 0.0425 0.0594 0.0499 0.0464 0.5376 0.0465 0.0531 
         268  1 0.0720 0.1136 0.2970 0.0496 0.0667 0.0533 0.1089 0.0483 0.0615 0.1292 
         269  1 0.0745 0.0766 0.0922 0.2775 0.0704 0.0598 0.0801 0.0929 0.0912 0.0847 
         270  1 0.0957 0.0510 0.0527 0.4351 0.0575 0.0457 0.0532 0.0355 0.1033 0.0704 
         271  1 0.0930 0.1604 0.1230 0.0439 0.1209 0.0227 0.1493 0.0336 0.1547 0.0984 
         272  1 0.1041 0.1265 0.0732 0.0788 0.1578 0.0428 0.1257 0.0415 0.1307 0.1190 
         273  1 0.0587 0.1108 0.3388 0.0354 0.0475 0.0776 0.1083 0.0411 0.0480 0.1338 
         274  1 0.0351 0.0313 0.0478 0.6144 0.0344 0.0295 0.0308 0.0335 0.1104 0.0327 
         275  1 0.0841 0.0654 0.0855 0.0624 0.0704 0.0481 0.0659 0.3754 0.0704 0.0724 
         276  1 0.1334 0.0808 0.0756 0.1420 0.1071 0.0570 0.0844 0.0909 0.1120 0.1168 
         277  1 0.1179 0.1130 0.1328 0.0783 0.1710 0.0483 0.0879 0.0350 0.1164 0.0994 
         278  1 0.0899 0.1016 0.1121 0.0611 0.1069 0.0708 0.0848 0.1893 0.0819 0.1017 
         279  1 0.1391 0.0929 0.0552 0.1391 0.1331 0.0904 0.0836 0.0237 0.1117 0.1311 
         280  1 0.1252 0.1153 0.0647 0.1059 0.1316 0.0599 0.1148 0.0681 0.1080 0.1065 
         281  1 0.0532 0.1037 0.3481 0.0428 0.0427 0.1082 0.0798 0.0388 0.0396 0.1430 
         282  1 0.1099 0.1304 0.0940 0.0875 0.1773 0.0309 0.1177 0.0316 0.1192 0.1015 
         283  1 0.0717 0.1364 0.0676 0.0675 0.1829 0.0573 0.1404 0.0496 0.1080 0.1185 
         284  1 0.0963 0.1115 0.1132 0.0763 0.1236 0.0895 0.0986 0.0845 0.0841 0.1224 
         285  1 0.0754 0.1230 0.0878 0.0652 0.1273 0.1210 0.0821 0.1014 0.0896 0.1271 
         286  1 0.0894 0.1019 0.0578 0.0666 0.1230 0.2392 0.0802 0.0440 0.0946 0.1034 
         287  1 0.0752 0.1878 0.0545 0.0442 0.1427 0.0269 0.1126 0.0591 0.1362 0.1607 
         288  1 0.1341 0.1099 0.0882 0.0609 0.1271 0.0729 0.1097 0.0758 0.1184 0.1029 
         289  1 0.1515 0.1271 0.1474 0.0970 0.0893 0.0380 0.0930 0.0438 0.1075 0.1055 
         290  1 0.0730 0.1767 0.0415 0.0646 0.1660 0.0286 0.0975 0.0485 0.1376 0.1659 
         291  1 0.1234 0.1157 0.0809 0.0678 0.1756 0.0326 0.1133 0.0261 0.1350 0.1298 
         292  1 0.0588 0.1082 0.1473 0.0483 0.0924 0.0469 0.1697 0.1278 0.1169 0.0839 
         293  1 0.0735 0.0370 0.0437 0.0465 0.0473 0.0761 0.0415 0.5303 0.0459 0.0583 
         294  1 0.1243 0.1050 0.1012 0.1192 0.1507 0.0396 0.1094 0.0324 0.1085 0.1097 
         295  1 0.0496 0.1605 0.0445 0.0686 0.0692 0.0501 0.2396 0.0488 0.2163 0.0528 
         296  1 0.1236 0.1183 0.1197 0.0517 0.1410 0.0460 0.1262 0.0404 0.1320 0.1011 
         297  1 0.0876 0.1208 0.0702 0.0518 0.1745 0.0521 0.1674 0.0501 0.1220 0.1035 
         298  1 0.0820 0.0574 0.0573 0.1211 0.0597 0.2877 0.0472 0.1653 0.0561 0.0662 
         299  1 0.1749 0.0852 0.0825 0.0721 0.0900 0.1447 0.0734 0.0481 0.0943 0.1348 
         300  1 0.1140 0.0423 0.0466 0.1007 0.0543 0.3967 0.0452 0.0577 0.0566 0.0860 
         301  1 0.1016 0.1046 0.0590 0.0735 0.1270 0.1677 0.1099 0.0589 0.0998 0.0981 
         302  1 0.0907 0.0434 0.0544 0.2981 0.0578 0.2163 0.0441 0.0386 0.0822 0.0743 
         303  1 0.1542 0.1144 0.0939 0.0734 0.1365 0.0314 0.1156 0.0282 0.1257 0.1267 
         304  1 0.0973 0.0977 0.0478 0.1388 0.1244 0.0994 0.1014 0.1065 0.0961 0.0907 
         305  1 0.1082 0.0973 0.0969 0.1696 0.0911 0.0871 0.0820 0.0642 0.1112 0.0925 
         306  1 0.1508 0.0759 0.0588 0.0673 0.1006 0.0289 0.0695 0.2470 0.0788 0.1224 
         307  1 0.2248 0.0944 0.0871 0.0483 0.1276 0.0379 0.0830 0.0392 0.0996 0.1582 
         308  1 0.0990 0.0698 0.1300 0.1365 0.0808 0.1905 0.0714 0.0603 0.0811 0.0806 
         309  1 0.1473 0.0726 0.0923 0.1487 0.1016 0.0494 0.0766 0.0949 0.1015 0.1151 
         310  1 0.0461 0.0448 0.0422 0.0566 0.0474 0.0918 0.0434 0.5338 0.0458 0.0481 
         311  1 0.0574 0.0417 0.0404 0.0661 0.0569 0.0643 0.0444 0.5330 0.0474 0.0484 
         312  1 0.0411 0.0231 0.0281 0.4946 0.0302 0.2027 0.0274 0.0324 0.0878 0.0325 
         313  1 0.0424 0.1727 0.0510 0.0505 0.0540 0.1253 0.2114 0.0320 0.2059 0.0549 
         314  1 0.0606 0.0597 0.0512 0.0529 0.0696 0.4295 0.0725 0.0763 0.0689 0.0588 
         315  1 0.0411 0.0290 0.0285 0.4780 0.0348 0.1811 0.0283 0.0517 0.0928 0.0348 
         316  1 0.0479 0.0598 0.1084 0.0264 0.0479 0.0874 0.0719 0.4375 0.0516 0.0614 
         317  1 0.0821 0.0760 0.1522 0.0653 0.0623 0.0510 0.0622 0.3065 0.0575 0.0848 
         318  1 0.1227 0.0668 0.0692 0.2032 0.0722 0.1905 0.0723 0.0349 0.0897 0.0785 
         319  1 0.0495 0.0558 0.2085 0.0414 0.0362 0.0435 0.0545 0.4010 0.0350 0.0747 
         320  1 0.0541 0.0492 0.0554 0.0978 0.0569 0.5170 0.0409 0.0300 0.0494 0.0492 
         321  1 0.0631 0.1545 0.0509 0.0813 0.1818 0.0444 0.1191 0.0487 0.1158 0.1405 
         322  1 0.1679 0.0824 0.0918 0.1240 0.0866 0.0325 0.0698 0.1342 0.0977 0.1131 
         323  1 0.1483 0.0805 0.0728 0.0834 0.1421 0.0573 0.0926 0.1072 0.0999 0.1158 
         324  1 0.0597 0.0562 0.0493 0.0491 0.0465 0.4949 0.0532 0.0784 0.0565 0.0563 
         325  1 0.0655 0.0845 0.2120 0.0798 0.0648 0.0592 0.0672 0.2190 0.0537 0.0943 
         326  1 0.1159 0.0925 0.0810 0.1007 0.1341 0.0559 0.0875 0.1245 0.0974 0.1105 
         327  1 0.0440 0.0882 0.0458 0.0337 0.0512 0.0338 0.1019 0.4685 0.0905 0.0424 
         328  1 0.1622 0.0818 0.0916 0.0794 0.1638 0.0591 0.0956 0.0468 0.0982 0.1216 
         329  1 0.1608 0.0928 0.1282 0.0580 0.1612 0.0543 0.0739 0.0382 0.1050 0.1277 
         330  1 0.1479 0.0940 0.0775 0.0481 0.1577 0.0949 0.0996 0.0650 0.1034 0.1118 
         331  1 0.1444 0.1329 0.1195 0.0765 0.0759 0.0456 0.1285 0.0443 0.1314 0.1010 
         332  1 0.1309 0.1220 0.1045 0.0614 0.1506 0.0262 0.1111 0.0446 0.1339 0.1147 
         333  1 0.0920 0.0885 0.0804 0.0494 0.0645 0.3085 0.0939 0.0488 0.0918 0.0822 
         334  1 0.0328 0.0322 0.0337 0.0332 0.0334 0.0362 0.0333 0.6994 0.0335 0.0322 
         335  1 0.1069 0.1074 0.2756 0.0850 0.0557 0.0613 0.0738 0.0404 0.0611 0.1329 
         336  1 0.1208 0.1268 0.0702 0.0540 0.1643 0.0467 0.1215 0.0649 0.1177 0.1131 
         337  1 0.0703 0.0762 0.0541 0.0502 0.0944 0.3937 0.0655 0.0449 0.0687 0.0819 
         338  1 0.1684 0.0875 0.0891 0.0785 0.1388 0.0301 0.1160 0.0566 0.1056 0.1295 
         339  1 0.0701 0.1306 0.3250 0.0315 0.0571 0.0566 0.0889 0.0493 0.0525 0.1384 
         340  1 0.1136 0.1049 0.0910 0.0798 0.1510 0.0574 0.1125 0.0849 0.1126 0.0924 
         341  1 0.1066 0.1063 0.0952 0.1193 0.1640 0.0568 0.0960 0.0394 0.1094 0.1069 
         342  1 0.0705 0.1218 0.0615 0.0455 0.1656 0.0369 0.2025 0.0412 0.1621 0.0924 
         343  1 0.0342 0.0444 0.0756 0.0291 0.0358 0.6144 0.0447 0.0435 0.0377 0.0405 
         344  1 0.2004 0.0773 0.1225 0.1076 0.1031 0.0346 0.0829 0.0277 0.0979 0.1461 
         345  1 0.0590 0.1159 0.3757 0.0345 0.0457 0.0459 0.0938 0.0484 0.0474 0.1336 
         346  1 0.0506 0.0470 0.0430 0.0346 0.0468 0.5980 0.0565 0.0259 0.0511 0.0466 
         347  1 0.1792 0.1169 0.1588 0.0420 0.1103 0.0262 0.1060 0.0453 0.0786 0.1365 
         348  1 0.0943 0.0834 0.1077 0.0953 0.0832 0.0381 0.1027 0.2154 0.0876 0.0924 
         349  1 0.1105 0.1214 0.1861 0.0394 0.0881 0.0755 0.1136 0.0553 0.0803 0.1298 
         350  1 0.0525 0.0638 0.0475 0.0934 0.0642 0.0874 0.0546 0.4099 0.0654 0.0612 
         351  1 0.1470 0.0974 0.0895 0.0555 0.1353 0.0662 0.1005 0.0962 0.1057 0.1067 
         352  1 0.1371 0.1200 0.0837 0.0575 0.1477 0.0262 0.1109 0.0677 0.1269 0.1223 
         353  1 0.0396 0.0450 0.0390 0.0488 0.0442 0.0350 0.0514 0.6114 0.0459 0.0398 
         354  1 0.1137 0.1105 0.0781 0.0540 0.0781 0.0619 0.1235 0.1645 0.1253 0.0904 
         355  1 0.0814 0.0575 0.0582 0.0426 0.0763 0.0233 0.0649 0.4537 0.0702 0.0720 
         356  1 0.0440 0.0431 0.0329 0.0820 0.0474 0.5915 0.0468 0.0276 0.0455 0.0393 
         357  1 0.0601 0.1731 0.0524 0.0384 0.0799 0.0377 0.2384 0.0401 0.2207 0.0593 
         358  1 0.0761 0.0508 0.0522 0.4327 0.0566 0.0385 0.0560 0.0814 0.0998 0.0560 
         359  1 0.0887 0.0878 0.0648 0.1348 0.0787 0.2272 0.0755 0.0503 0.0986 0.0936 
         360  1 0.0815 0.1274 0.0538 0.0658 0.1427 0.0291 0.1360 0.1370 0.1217 0.1050 
         361  1 0.0646 0.0538 0.0425 0.4682 0.0552 0.0395 0.0581 0.0445 0.1184 0.0553 
         362  1 0.1413 0.1365 0.0812 0.0427 0.1365 0.0653 0.1023 0.0363 0.1033 0.1546 
         363  1 0.1776 0.1077 0.0831 0.0564 0.1413 0.0216 0.1190 0.0420 0.1178 0.1334 
         364  1 0.1593 0.1159 0.0556 0.0486 0.1628 0.0465 0.1272 0.0500 0.1044 0.1297 
         365  1 0.1498 0.1007 0.1967 0.0717 0.0864 0.0641 0.0859 0.0274 0.0729 0.1443 
         366  1 0.0836 0.0890 0.0522 0.1624 0.1071 0.1719 0.0706 0.0897 0.0847 0.0889 
         367  1 0.1313 0.0952 0.0516 0.1714 0.1145 0.0259 0.0900 0.1150 0.1010 0.1040 
         368  1 0.1835 0.0981 0.1576 0.0409 0.1232 0.0217 0.0964 0.0472 0.0907 0.1407 
         369  1 0.1087 0.1378 0.0780 0.0448 0.1077 0.0498 0.1475 0.0364 0.1806 0.1087 
         370  1 0.1041 0.0711 0.0916 0.0746 0.0906 0.0613 0.0764 0.2653 0.0770 0.0879 
         371  1 0.1008 0.1437 0.0798 0.0610 0.1289 0.0461 0.1268 0.0480 0.1330 0.1317 
         372  1 0.0906 0.1475 0.0703 0.0560 0.1129 0.0258 0.1699 0.0526 0.1672 0.1072 
         373  1 0.0674 0.1019 0.0886 0.0530 0.1136 0.2710 0.0869 0.0593 0.0830 0.0753 
         374  1 0.0999 0.0609 0.0807 0.3057 0.0664 0.1080 0.0667 0.0479 0.0888 0.0750 
         375  1 0.0805 0.1460 0.0498 0.0297 0.0939 0.0350 0.2529 0.0261 0.2117 0.0743 
         376  1 0.0812 0.1280 0.2453 0.0423 0.0932 0.0511 0.0774 0.0574 0.0710 0.1530 
         377  1 0.0416 0.0468 0.0386 0.0407 0.0660 0.5964 0.0442 0.0286 0.0474 0.0497 
         378  1 0.0504 0.0558 0.0588 0.0492 0.0539 0.5235 0.0615 0.0341 0.0622 0.0506 
         379  1 0.0680 0.0617 0.0768 0.0411 0.0621 0.0292 0.0724 0.4607 0.0585 0.0693 
         380  1 0.0906 0.1239 0.0666 0.0850 0.1505 0.0556 0.0979 0.1152 0.0899 0.1248 
         381  1 0.1188 0.0997 0.0717 0.1999 0.0978 0.0455 0.0913 0.0455 0.1312 0.0986 
         382  1 0.0578 0.1376 0.0711 0.0590 0.0929 0.0273 0.2350 0.0514 0.2034 0.0643 
         383  1 0.1590 0.0997 0.1118 0.0460 0.1582 0.0311 0.1258 0.0284 0.0998 0.1401 
         384  1 0.1145 0.0765 0.0753 0.1453 0.0761 0.2122 0.0806 0.0337 0.1013 0.0845 
         385  1 0.0913 0.0935 0.2304 0.0569 0.0624 0.1727 0.0823 0.0315 0.0530 0.1259 
         386  1 0.1400 0.1180 0.1525 0.0492 0.1329 0.0399 0.1149 0.0313 0.1008 0.1205 
         387  1 0.1635 0.0998 0.1102 0.0514 0.1600 0.0297 0.0989 0.0500 0.1270 0.1096 
         388  1 0.0638 0.1547 0.0524 0.1824 0.0634 0.0420 0.1563 0.0440 0.1694 0.0716 
         389  1 0.0805 0.1189 0.1950 0.0445 0.1101 0.0512 0.1243 0.0604 0.0873 0.1278 
         390  1 0.0803 0.1522 0.0722 0.0551 0.1727 0.0351 0.1292 0.0350 0.1214 0.1469 
         391  1 0.1195 0.1404 0.1316 0.0844 0.1018 0.0460 0.1119 0.0397 0.1312 0.0934 
         392  1 0.0813 0.0800 0.0621 0.2892 0.0987 0.0587 0.0792 0.0529 0.1160 0.0821 
         393  1 0.0931 0.1018 0.0985 0.1016 0.0964 0.1007 0.1036 0.1046 0.1020 0.0974 
         394  1 0.1031 0.1017 0.2226 0.1439 0.0652 0.0257 0.0589 0.1056 0.0774 0.0959 
         395  1 0.1387 0.1524 0.0498 0.0324 0.1684 0.0319 0.1060 0.0278 0.1049 0.1877 
         396  1 0.0528 0.1100 0.0564 0.0406 0.0735 0.2211 0.1881 0.0414 0.1610 0.0552 
         397  1 0.1004 0.1209 0.0779 0.0707 0.1503 0.0954 0.0921 0.0406 0.1223 0.1293 
         398  1 0.1557 0.0807 0.0614 0.1675 0.1031 0.1101 0.0804 0.0301 0.1020 0.1090 
         399  1 0.1438 0.1090 0.0580 0.0596 0.1415 0.0291 0.1614 0.0504 0.1225 0.1248 
         400  1 0.1269 0.0973 0.1327 0.0489 0.1342 0.0714 0.0880 0.0830 0.1042 0.1134 
         401  1 0.1544 0.1023 0.0855 0.0812 0.1545 0.0397 0.1192 0.0331 0.1125 0.1176 
         402  1 0.0709 0.1157 0.2705 0.0982 0.0682 0.0334 0.0947 0.0478 0.0746 0.1262 
         403  1 0.0787 0.0621 0.0720 0.3371 0.0789 0.0873 0.0558 0.0586 0.1017 0.0677 
         404  1 0.1720 0.1135 0.1370 0.0967 0.0902 0.0476 0.0777 0.0447 0.0947 0.1258 
         405  1 0.1135 0.0964 0.2263 0.0802 0.0730 0.0706 0.1006 0.0372 0.0742 0.1281 
         406  1 0.0586 0.1719 0.0617 0.0380 0.0572 0.0626 0.2289 0.0355 0.2195 0.0662 
         407  1 0.0765 0.1389 0.0649 0.0540 0.1654 0.0333 0.1226 0.1062 0.1064 0.1318 
         408  1 0.1084 0.1094 0.0591 0.0800 0.1132 0.2252 0.0956 0.0415 0.0772 0.0904 
         409  1 0.1136 0.1375 0.1355 0.0696 0.1358 0.0340 0.1076 0.0422 0.1047 0.1195 
         410  1 0.0808 0.1585 0.0407 0.0661 0.1751 0.0339 0.1038 0.0395 0.1348 0.1668 
         411  1 0.1152 0.0849 0.1031 0.0637 0.1364 0.1632 0.0902 0.0452 0.0938 0.1044 
         412  1 0.1760 0.0560 0.0610 0.1053 0.0847 0.0476 0.0646 0.2076 0.0778 0.1194 
         413  1 0.0890 0.1065 0.1877 0.0602 0.0929 0.1061 0.0872 0.0932 0.0709 0.1063 
         414  1 0.1041 0.1032 0.1297 0.0791 0.1080 0.0837 0.0969 0.0958 0.0917 0.1079 
         415  1 0.0483 0.0564 0.0618 0.0442 0.0599 0.5551 0.0519 0.0284 0.0454 0.0486 
         416  1 0.0593 0.1277 0.3724 0.0353 0.0519 0.0320 0.0879 0.0522 0.0493 0.1320 
         417  1 0.1178 0.1210 0.0752 0.0594 0.1627 0.0577 0.0978 0.0635 0.1052 0.1396 
         418  1 0.1305 0.1164 0.1068 0.0538 0.1441 0.0414 0.1034 0.0937 0.0903 0.1196 
         419  1 0.0852 0.1394 0.0609 0.0556 0.1468 0.0862 0.1400 0.0558 0.1082 0.1220 
         420  1 0.1414 0.1046 0.0842 0.0774 0.1278 0.0590 0.1229 0.0424 0.1326 0.1077 
         421  1 0.1544 0.1066 0.1593 0.0440 0.0788 0.0670 0.1124 0.0471 0.0955 0.1350 
         422  1 0.1424 0.0668 0.1010 0.0429 0.0915 0.1700 0.0843 0.1137 0.0708 0.1166 
         423  1 0.2194 0.0823 0.0770 0.0515 0.1346 0.0195 0.1139 0.0277 0.1237 0.1503 
         424  1 0.0630 0.0509 0.0531 0.1719 0.0465 0.4201 0.0477 0.0320 0.0612 0.0535 
         425  1 0.1227 0.1118 0.0767 0.0618 0.0968 0.1125 0.1365 0.0449 0.1349 0.1013 
         426  1 0.1152 0.1097 0.2007 0.0915 0.0951 0.0465 0.0879 0.0518 0.0840 0.1176 
         427  1 0.0913 0.1387 0.0940 0.0525 0.1396 0.0288 0.1484 0.0938 0.1065 0.1065 
         428  1 0.1033 0.1339 0.0871 0.0569 0.1469 0.0444 0.1153 0.0890 0.1209 0.1024 
         429  1 0.1710 0.1049 0.1011 0.0455 0.1467 0.0391 0.1030 0.0349 0.1155 0.1384 
         430  1 0.0332 0.0298 0.0280 0.6079 0.0334 0.0532 0.0328 0.0396 0.1109 0.0311 
         431  1 0.1416 0.1339 0.0613 0.0490 0.1449 0.0464 0.0884 0.0448 0.0984 0.1912 
         432  1 0.0589 0.0535 0.1187 0.0527 0.0509 0.0337 0.0547 0.4663 0.0447 0.0660 
         433  1 0.0477 0.1506 0.0526 0.0445 0.0763 0.0771 0.2397 0.0657 0.1906 0.0551 
         434  1 0.0760 0.0807 0.1721 0.1006 0.0574 0.2078 0.0773 0.0726 0.0645 0.0910 
         435  1 0.1534 0.1093 0.1061 0.0816 0.0990 0.0283 0.1063 0.0867 0.1272 0.1022 
         436  1 0.0721 0.1258 0.0976 0.0648 0.1255 0.0538 0.1815 0.0698 0.1206 0.0886 
         437  1 0.0653 0.0700 0.0426 0.1932 0.0682 0.3143 0.0637 0.0471 0.0766 0.0588 
         438  1 0.0635 0.0502 0.0533 0.1666 0.0633 0.0606 0.0540 0.3598 0.0685 0.0601 
         439  1 0.1636 0.1081 0.0915 0.1035 0.1254 0.0281 0.1092 0.0318 0.1207 0.1180 
         440  1 0.0542 0.0412 0.0426 0.1030 0.0504 0.5167 0.0443 0.0466 0.0491 0.0517 
         441  1 0.0767 0.1193 0.2724 0.0315 0.0753 0.0576 0.1194 0.0412 0.0627 0.1441 
         442  1 0.0799 0.0996 0.0452 0.2095 0.0849 0.0320 0.1447 0.0901 0.1454 0.0687 
         443  1 0.0791 0.1204 0.0626 0.0395 0.1242 0.0422 0.2224 0.0417 0.1867 0.0813 
         444  1 0.1205 0.1127 0.1278 0.1004 0.1476 0.0299 0.0974 0.0399 0.1232 0.1006 
         445  1 0.1302 0.1427 0.0424 0.0834 0.1656 0.0202 0.1081 0.0343 0.1098 0.1633 
         446  1 0.0796 0.1174 0.3345 0.0494 0.0526 0.0269 0.0895 0.0673 0.0547 0.1281 
         447  1 0.1429 0.1146 0.0939 0.0548 0.0985 0.0390 0.1459 0.0520 0.1636 0.0949 
         448  1 0.0690 0.0466 0.0528 0.4470 0.0530 0.0348 0.0461 0.0932 0.1012 0.0561 
         449  1 0.0541 0.0416 0.0582 0.0773 0.0518 0.5384 0.0493 0.0319 0.0470 0.0504 
         450  1 0.0435 0.0999 0.3275 0.0575 0.0438 0.0440 0.0889 0.1224 0.0544 0.1181 
         451  1 0.0672 0.1154 0.3042 0.0344 0.0576 0.0679 0.0995 0.0656 0.0532 0.1349 
         452  1 0.0452 0.1999 0.0340 0.0486 0.0530 0.0268 0.2532 0.0391 0.2432 0.0570 
         453  1 0.0363 0.0421 0.0457 0.0414 0.0439 0.0540 0.0436 0.6115 0.0411 0.0404 
         454  1 0.1160 0.0904 0.0988 0.1048 0.0815 0.0412 0.0711 0.2202 0.0870 0.0889 
         455  1 0.1108 0.1027 0.0869 0.0529 0.1605 0.0311 0.0970 0.1457 0.1041 0.1084 
         456  1 0.0792 0.1183 0.2938 0.0483 0.0661 0.0514 0.0728 0.0757 0.0588 0.1356 
         457  1 0.0362 0.0440 0.0404 0.0288 0.0674 0.6033 0.0480 0.0395 0.0451 0.0472 
         458  1 0.1075 0.1231 0.1149 0.0502 0.1760 0.0757 0.0891 0.0271 0.1120 0.1244 
         459  1 0.0604 0.0990 0.2365 0.0421 0.0827 0.0621 0.0986 0.1446 0.0608 0.1132 
