           1  1 0.1058 0.0655 0.6701 0.0752 0.0834 
           2  1 0.6956 0.0743 0.0982 0.0679 0.0639 
           3  1 0.1637 0.4535 0.0628 0.0519 0.2682 
           4  1 0.0390 0.0634 0.7468 0.0837 0.0670 
           5  1 0.0455 0.0591 0.8000 0.0316 0.0637 
           6  1 0.1683 0.3874 0.0752 0.0862 0.2828 
           7  1 0.4512 0.2142 0.0658 0.1011 0.1677 
           8  1 0.0376 0.0484 0.8043 0.0597 0.0500 
           9  1 0.1053 0.5063 0.0501 0.0359 0.3024 
          10  1 0.0434 0.0817 0.7329 0.0437 0.0984 
          11  1 0.0678 0.0783 0.0430 0.7162 0.0947 
          12  1 0.4840 0.0786 0.3022 0.0575 0.0778 
          13  1 0.1600 0.1042 0.2812 0.3076 0.1470 
          14  1 0.0822 0.3154 0.2887 0.0718 0.2419 
          15  1 0.1615 0.3387 0.0575 0.1493 0.2930 
          16  1 0.0846 0.0968 0.3772 0.3307 0.1106 
          17  1 0.2816 0.0716 0.0648 0.5036 0.0785 
          18  1 0.1291 0.0778 0.6354 0.0705 0.0871 
          19  1 0.1831 0.3239 0.1076 0.1274 0.2580 
          20  1 0.0736 0.2315 0.4174 0.0696 0.2078 
          21  1 0.0659 0.1221 0.5112 0.1611 0.1397 
          22  1 0.0529 0.3344 0.1095 0.1207 0.3825 
          23  1 0.7448 0.0734 0.0395 0.0743 0.0680 
          24  1 0.1803 0.3363 0.0393 0.0507 0.3934 
          25  1 0.0462 0.0815 0.0853 0.6878 0.0993 
          26  1 0.5883 0.1498 0.0758 0.0476 0.1387 
          27  1 0.0508 0.1366 0.4331 0.2075 0.1719 
          28  1 0.1024 0.2443 0.0483 0.2918 0.3133 
          29  1 0.1594 0.4036 0.1166 0.0439 0.2765 
          30  1 0.1101 0.2788 0.0829 0.1634 0.3648 
          31  1 0.3338 0.1483 0.0774 0.2678 0.1727 
          32  1 0.0835 0.3304 0.0614 0.1170 0.4077 
          33  1 0.1749 0.2123 0.0507 0.3514 0.2108 
          34  1 0.2367 0.1739 0.1036 0.2801 0.2056 
          35  1 0.1180 0.1172 0.6034 0.0387 0.1226 
          36  1 0.1426 0.3725 0.0547 0.0605 0.3697 
          37  1 0.2046 0.1134 0.1045 0.4685 0.1089 
          38  1 0.1468 0.3152 0.0377 0.0461 0.4542 
          39  1 0.0499 0.2412 0.3534 0.1262 0.2292 
          40  1 0.0792 0.0664 0.0512 0.7240 0.0791 
          41  1 0.1345 0.3578 0.1487 0.0486 0.3104 
          42  1 0.1946 0.1547 0.0474 0.4659 0.1374 
          43  1 0.8417 0.0644 0.0218 0.0273 0.0447 
          44  1 0.6834 0.1193 0.0320 0.0774 0.0880 
          45  1 0.0478 0.0664 0.7557 0.0707 0.0594 
          46  1 0.7583 0.0752 0.0356 0.0654 0.0654 
          47  1 0.0624 0.0878 0.7066 0.0540 0.0891 
          48  1 0.1224 0.4144 0.0448 0.0851 0.3333 
          49  1 0.2696 0.2107 0.1454 0.0552 0.3191 
          50  1 0.0662 0.1378 0.4699 0.1047 0.2214 
          51  1 0.0897 0.2255 0.1671 0.1949 0.3229 
          52  1 0.0782 0.0881 0.0713 0.6681 0.0943 
          53  1 0.0529 0.3216 0.0841 0.0615 0.4799 
          54  1 0.1470 0.1100 0.4992 0.0961 0.1478 
          55  1 0.1628 0.0967 0.1247 0.5115 0.1043 
          56  1 0.2508 0.2616 0.0535 0.1348 0.2993 
          57  1 0.4366 0.2313 0.0607 0.0434 0.2281 
          58  1 0.1996 0.4250 0.0417 0.0427 0.2911 
          59  1 0.0884 0.4271 0.0596 0.0519 0.3731 
          60  1 0.2232 0.3092 0.1061 0.0670 0.2944 
          61  1 0.0338 0.0523 0.0661 0.7841 0.0636 
          62  1 0.1725 0.4603 0.0367 0.0543 0.2761 
          63  1 0.0415 0.1052 0.5651 0.1464 0.1419 
          64  1 0.0769 0.2683 0.1568 0.0772 0.4208 
          65  1 0.0955 0.2418 0.0414 0.2499 0.3714 
          66  1 0.0753 0.1686 0.4327 0.0961 0.2273 
          67  1 0.6686 0.0976 0.0558 0.0920 0.0859 
          68  1 0.1824 0.4063 0.0568 0.0670 0.2874 
          69  1 0.0228 0.0414 0.8361 0.0531 0.0466 
          70  1 0.5459 0.2435 0.0262 0.0273 0.1571 
          71  1 0.0577 0.3963 0.1126 0.0512 0.3822 
          72  1 0.1950 0.3796 0.1162 0.0458 0.2635 
          73  1 0.0972 0.0419 0.7119 0.1014 0.0476 
          74  1 0.0589 0.2989 0.1945 0.0659 0.3818 
          75  1 0.0408 0.0741 0.0691 0.7373 0.0787 
          76  1 0.4352 0.1617 0.1271 0.1013 0.1746 
          77  1 0.0924 0.4430 0.0981 0.0721 0.2944 
          78  1 0.1262 0.0885 0.0517 0.6295 0.1042 
          79  1 0.0487 0.0607 0.1436 0.6887 0.0583 
          80  1 0.1447 0.4271 0.0417 0.0488 0.3377 
          81  1 0.0398 0.2342 0.2742 0.0675 0.3843 
          82  1 0.1957 0.1262 0.3155 0.2029 0.1596 
          83  1 0.2148 0.3724 0.1070 0.0612 0.2446 
          84  1 0.1404 0.3044 0.1952 0.1099 0.2501 
          85  1 0.0784 0.1092 0.6565 0.0448 0.1111 
          86  1 0.3250 0.2155 0.1267 0.1254 0.2074 
          87  1 0.2216 0.2556 0.1090 0.0792 0.3347 
          88  1 0.1847 0.3159 0.0776 0.1229 0.2989 
          89  1 0.0512 0.0563 0.0477 0.7912 0.0536 
          90  1 0.6997 0.0920 0.0509 0.0516 0.1057 
          91  1 0.0328 0.1639 0.1219 0.4611 0.2203 
          92  1 0.6770 0.0905 0.1080 0.0464 0.0782 
          93  1 0.1173 0.2665 0.0689 0.0710 0.4763 
          94  1 0.0688 0.1565 0.5174 0.0584 0.1989 
          95  1 0.1505 0.3126 0.0681 0.0568 0.4121 
          96  1 0.0397 0.1454 0.0461 0.5879 0.1809 
          97  1 0.7998 0.0714 0.0342 0.0396 0.0549 
          98  1 0.0878 0.1550 0.0695 0.5335 0.1543 
          99  1 0.1749 0.2555 0.0554 0.2551 0.2591 
         100  1 0.0321 0.0468 0.0617 0.8096 0.0499 
         101  1 0.0844 0.4957 0.0744 0.0525 0.2930 
         102  1 0.0340 0.2901 0.0858 0.1104 0.4798 
         103  1 0.2972 0.2907 0.0814 0.0821 0.2486 
         104  1 0.0719 0.0404 0.0618 0.7839 0.0420 
         105  1 0.0515 0.0388 0.0386 0.8276 0.0434 
         106  1 0.0819 0.3066 0.1020 0.0380 0.4716 
         107  1 0.0852 0.0669 0.7344 0.0366 0.0769 
         108  1 0.0265 0.0327 0.0559 0.8453 0.0397 
         109  1 0.1061 0.0819 0.0649 0.6669 0.0802 
         110  1 0.5103 0.0890 0.1392 0.1741 0.0874 
         111  1 0.0829 0.0980 0.0987 0.5728 0.1477 
         112  1 0.0765 0.1165 0.5963 0.0919 0.1188 
         113  1 0.5816 0.0995 0.0506 0.1738 0.0945 
         114  1 0.4363 0.0604 0.0573 0.3833 0.0627 
         115  1 0.0326 0.0953 0.6920 0.0439 0.1363 
         116  1 0.0413 0.1204 0.6315 0.0439 0.1629 
         117  1 0.2103 0.3640 0.0487 0.0717 0.3053 
         118  1 0.0675 0.0990 0.6211 0.0879 0.1244 
         119  1 0.0558 0.2000 0.0731 0.4707 0.2003 
         120  1 0.1614 0.2670 0.0876 0.0671 0.4168 
         121  1 0.1042 0.4010 0.0490 0.0598 0.3860 
         122  1 0.4782 0.1613 0.0622 0.0800 0.2182 
         123  1 0.7826 0.0770 0.0418 0.0351 0.0635 
         124  1 0.2948 0.3095 0.0480 0.0622 0.2856 
         125  1 0.6518 0.0614 0.1742 0.0531 0.0595 
         126  1 0.0979 0.4327 0.1226 0.0638 0.2830 
         127  1 0.1159 0.3017 0.1033 0.1325 0.3466 
         128  1 0.0846 0.0916 0.1280 0.5741 0.1217 
         129  1 0.4977 0.1584 0.0590 0.0740 0.2110 
         130  1 0.0688 0.3628 0.1670 0.0527 0.3486 
         131  1 0.7563 0.0751 0.0341 0.0708 0.0636 
         132  1 0.0431 0.2717 0.1223 0.2075 0.3554 
         133  1 0.0379 0.0421 0.0487 0.8250 0.0462 
         134  1 0.1731 0.3244 0.0587 0.0387 0.4052 
         135  1 0.0545 0.4713 0.0529 0.0420 0.3793 
         136  1 0.1275 0.0971 0.5631 0.0738 0.1386 
         137  1 0.1139 0.2514 0.1132 0.1077 0.4138 
         138  1 0.1558 0.0883 0.0468 0.6073 0.1018 
         139  1 0.0906 0.0615 0.7237 0.0641 0.0600 
         140  1 0.1249 0.4474 0.0537 0.0486 0.3254 
         141  1 0.0927 0.3357 0.1299 0.0878 0.3539 
         142  1 0.0703 0.1857 0.1021 0.4202 0.2217 
         143  1 0.0661 0.3238 0.1602 0.1209 0.3290 
         144  1 0.0351 0.4127 0.0870 0.0851 0.3801 
         145  1 0.5737 0.1374 0.0890 0.0588 0.1412 
         146  1 0.0719 0.4137 0.0942 0.0697 0.3505 
         147  1 0.5716 0.1089 0.1027 0.1127 0.1041 
         148  1 0.1401 0.4424 0.0490 0.0723 0.2962 
         149  1 0.2066 0.0930 0.0561 0.5458 0.0986 
         150  1 0.0545 0.2456 0.0661 0.3309 0.3029 
         151  1 0.0495 0.0467 0.0802 0.7791 0.0445 
         152  1 0.1247 0.3838 0.0546 0.0439 0.3930 
         153  1 0.0348 0.0602 0.1661 0.6716 0.0673 
         154  1 0.0852 0.3056 0.0627 0.0958 0.4507 
         155  1 0.0710 0.3608 0.0631 0.0510 0.4542 
         156  1 0.0426 0.3204 0.1815 0.1650 0.2905 
         157  1 0.5967 0.0888 0.1041 0.1213 0.0891 
         158  1 0.1416 0.2338 0.1194 0.2568 0.2484 
         159  1 0.1301 0.1220 0.5454 0.0718 0.1307 
         160  1 0.0531 0.0704 0.7513 0.0484 0.0769 
         161  1 0.0835 0.0777 0.6759 0.0910 0.0719 
         162  1 0.0990 0.4309 0.0596 0.0737 0.3369 
         163  1 0.5950 0.1184 0.0464 0.1077 0.1326 
         164  1 0.0512 0.0532 0.7826 0.0585 0.0546 
         165  1 0.1831 0.2782 0.0981 0.2239 0.2167 
         166  1 0.0977 0.1607 0.1127 0.3952 0.2338 
         167  1 0.0845 0.2789 0.0613 0.3360 0.2393 
         168  1 0.0632 0.2957 0.2182 0.1109 0.3120 
         169  1 0.0298 0.0667 0.7979 0.0378 0.0678 
         170  1 0.0706 0.1605 0.5394 0.0610 0.1685 
         171  1 0.5761 0.1329 0.0443 0.0957 0.1509 
         172  1 0.0401 0.0544 0.0643 0.7830 0.0582 
         173  1 0.0325 0.0878 0.0520 0.7029 0.1247 
         174  1 0.2262 0.1857 0.1741 0.2263 0.1878 
         175  1 0.5452 0.1259 0.0857 0.0884 0.1548 
         176  1 0.0733 0.1237 0.6175 0.0423 0.1432 
         177  1 0.3142 0.2075 0.1564 0.1111 0.2107 
         178  1 0.1035 0.1013 0.0561 0.6422 0.0968 
         179  1 0.2507 0.1093 0.0965 0.4034 0.1400 
         180  1 0.0478 0.1745 0.4594 0.0625 0.2558 
         181  1 0.1892 0.2471 0.1014 0.0551 0.4072 
         182  1 0.1607 0.0679 0.1012 0.6016 0.0686 
         183  1 0.0459 0.0519 0.7602 0.0876 0.0545 
         184  1 0.2196 0.2069 0.1270 0.2194 0.2271 
         185  1 0.2688 0.1204 0.3735 0.0921 0.1452 
         186  1 0.0756 0.1992 0.3344 0.1355 0.2553 
         187  1 0.3337 0.3048 0.0413 0.0477 0.2724 
         188  1 0.0306 0.0400 0.8234 0.0642 0.0418 
         189  1 0.1859 0.2384 0.2654 0.1108 0.1994 
         190  1 0.0411 0.3314 0.1298 0.1388 0.3588 
         191  1 0.0598 0.0711 0.0472 0.7358 0.0860 
         192  1 0.4143 0.0765 0.3525 0.0673 0.0894 
         193  1 0.1168 0.1897 0.3111 0.2000 0.1824 
         194  1 0.0818 0.4218 0.0669 0.0496 0.3798 
         195  1 0.1416 0.1044 0.0493 0.5779 0.1268 
         196  1 0.0944 0.2130 0.3643 0.0432 0.2851 
         197  1 0.0899 0.4071 0.0623 0.1225 0.3182 
         198  1 0.0470 0.0625 0.0428 0.7870 0.0607 
         199  1 0.7795 0.0602 0.0460 0.0595 0.0549 
         200  1 0.0610 0.0510 0.0282 0.8079 0.0520 
         201  1 0.0342 0.0952 0.7000 0.0437 0.1270 
         202  1 0.3271 0.3116 0.0860 0.0846 0.1907 
         203  1 0.1229 0.4070 0.0612 0.0532 0.3557 
         204  1 0.2477 0.2012 0.0539 0.2546 0.2426 
         205  1 0.8001 0.0717 0.0411 0.0332 0.0538 
         206  1 0.1472 0.4455 0.0643 0.0576 0.2855 
         207  1 0.2221 0.2126 0.0573 0.2364 0.2715 
         208  1 0.0600 0.0508 0.0337 0.8031 0.0524 
         209  1 0.0679 0.1166 0.1380 0.5773 0.1001 
         210  1 0.1347 0.3283 0.1106 0.0828 0.3436 
         211  1 0.0523 0.1061 0.0780 0.6613 0.1024 
         212  1 0.0490 0.0431 0.0398 0.8180 0.0500 
         213  1 0.0718 0.3778 0.2202 0.0634 0.2668 
         214  1 0.0850 0.4623 0.0489 0.0317 0.3720 
         215  1 0.0759 0.1429 0.0731 0.5145 0.1934 
         216  1 0.0551 0.1119 0.0746 0.6183 0.1400 
         217  1 0.5221 0.1464 0.1256 0.0515 0.1544 
         218  1 0.7184 0.0812 0.0628 0.0659 0.0718 
         219  1 0.0374 0.0996 0.0749 0.6359 0.1522 
         220  1 0.3483 0.1852 0.0749 0.1194 0.2723 
         221  1 0.0685 0.4124 0.0573 0.0388 0.4230 
         222  1 0.2111 0.2115 0.1001 0.0741 0.4031 
         223  1 0.0498 0.4687 0.0649 0.0654 0.3512 
         224  1 0.1458 0.2399 0.1388 0.2282 0.2474 
         225  1 0.0521 0.0994 0.6670 0.0662 0.1153 
         226  1 0.1338 0.1727 0.2376 0.2506 0.2053 
         227  1 0.7526 0.1102 0.0296 0.0314 0.0762 
         228  1 0.5370 0.1516 0.0519 0.1134 0.1461 
         229  1 0.1346 0.1136 0.4690 0.1390 0.1438 
         230  1 0.4327 0.1281 0.0660 0.2408 0.1324 
         231  1 0.0272 0.0535 0.0391 0.8123 0.0679 
         232  1 0.4555 0.0542 0.0621 0.3749 0.0534 
         233  1 0.0564 0.0916 0.0511 0.6785 0.1225 
         234  1 0.0804 0.0936 0.0801 0.6629 0.0830 
         235  1 0.0450 0.2182 0.4135 0.0390 0.2843 
         236  1 0.1475 0.3608 0.0815 0.0715 0.3388 
         237  1 0.2196 0.1179 0.1169 0.4199 0.1257 
         238  1 0.1160 0.4151 0.0722 0.0387 0.3579 
         239  1 0.3839 0.0641 0.4256 0.0633 0.0631 
         240  1 0.1680 0.2654 0.1517 0.0517 0.3631 
         241  1 0.0697 0.2782 0.1286 0.1190 0.4045 
         242  1 0.0884 0.0924 0.6170 0.1041 0.0980 
         243  1 0.1642 0.2188 0.0620 0.3595 0.1955 
         244  1 0.5552 0.1889 0.0291 0.0510 0.1758 
         245  1 0.0419 0.0785 0.2424 0.5340 0.1032 
         246  1 0.4103 0.0884 0.0571 0.3376 0.1065 
         247  1 0.0560 0.1640 0.5174 0.0599 0.2027 
         248  1 0.0809 0.1593 0.4747 0.0757 0.2093 
         249  1 0.0613 0.1156 0.0515 0.6422 0.1294 
         250  1 0.0592 0.2233 0.2550 0.1116 0.3510 
         251  1 0.0654 0.0335 0.0685 0.7982 0.0344 
         252  1 0.0903 0.3885 0.0965 0.0782 0.3465 
         253  1 0.6111 0.1828 0.0404 0.0304 0.1353 
         254  1 0.1208 0.2687 0.2084 0.0451 0.3569 
         255  1 0.3759 0.1114 0.0487 0.3429 0.1211 
         256  1 0.0834 0.4998 0.0434 0.0499 0.3235 
         257  1 0.0700 0.1186 0.3306 0.3271 0.1537 
         258  1 0.0375 0.0779 0.7536 0.0425 0.0885 
         259  1 0.0382 0.0468 0.8085 0.0498 0.0567 
         260  1 0.0798 0.3164 0.1252 0.0880 0.3906 
         261  1 0.6649 0.1044 0.0632 0.0625 0.1050 
         262  1 0.5243 0.1704 0.0899 0.0600 0.1554 
         263  1 0.0515 0.3684 0.0901 0.0649 0.4251 
         264  1 0.5798 0.1972 0.0420 0.0320 0.1490 
         265  1 0.3673 0.0763 0.3862 0.0844 0.0858 
         266  1 0.0666 0.2465 0.2737 0.0899 0.3234 
         267  1 0.0454 0.0751 0.0507 0.7434 0.0854 
         268  1 0.0647 0.1163 0.0634 0.6528 0.1027 
         269  1 0.0665 0.1282 0.4413 0.2008 0.1633 
         270  1 0.0337 0.1373 0.5823 0.0557 0.1909 
         271  1 0.2373 0.3840 0.0363 0.0855 0.2569 
         272  1 0.5111 0.1726 0.0961 0.0731 0.1471 
         273  1 0.0693 0.0753 0.0778 0.6987 0.0788 
         274  1 0.0372 0.0821 0.7300 0.0555 0.0952 
         275  1 0.0922 0.1923 0.0862 0.4544 0.1749 
         276  1 0.0888 0.2368 0.2035 0.1342 0.3367 
         277  1 0.0703 0.5189 0.0827 0.0414 0.2867 
         278  1 0.1276 0.1545 0.1066 0.4308 0.1804 
         279  1 0.1791 0.2571 0.3140 0.0268 0.2229 
         280  1 0.1740 0.2670 0.1419 0.0785 0.3386 
         281  1 0.0496 0.0617 0.0986 0.7215 0.0686 
         282  1 0.1166 0.4959 0.0559 0.0355 0.2961 
         283  1 0.6283 0.0954 0.0933 0.0976 0.0853 
         284  1 0.2474 0.1524 0.1782 0.2577 0.1644 
         285  1 0.1713 0.1966 0.1742 0.2745 0.1834 
         286  1 0.0945 0.2751 0.3587 0.0594 0.2123 
         287  1 0.3516 0.2611 0.0416 0.1032 0.2425 
         288  1 0.1088 0.4089 0.1001 0.0718 0.3104 
         289  1 0.1720 0.2742 0.0665 0.1278 0.3595 
         290  1 0.4264 0.2558 0.0487 0.0545 0.2145 
         291  1 0.1126 0.5007 0.0447 0.0340 0.3081 
         292  1 0.5322 0.0488 0.0458 0.3237 0.0496 
         293  1 0.0428 0.0924 0.1466 0.6049 0.1132 
         294  1 0.0752 0.4631 0.1027 0.0462 0.3128 
         295  1 0.7473 0.0657 0.0714 0.0526 0.0630 
         296  1 0.2024 0.4133 0.0520 0.0673 0.2649 
         297  1 0.7531 0.0829 0.0465 0.0480 0.0696 
         298  1 0.0254 0.0784 0.6662 0.1141 0.1158 
         299  1 0.0807 0.2323 0.3236 0.0536 0.3099 
         300  1 0.0296 0.0763 0.7407 0.0538 0.0996 
         301  1 0.2722 0.1734 0.2907 0.0600 0.2036 
         302  1 0.0269 0.0917 0.7427 0.0464 0.0923 
         303  1 0.1200 0.3465 0.0647 0.0353 0.4336 
         304  1 0.0793 0.1662 0.3967 0.0637 0.2941 
         305  1 0.1716 0.2235 0.2544 0.1137 0.2368 
         306  1 0.0609 0.2823 0.0583 0.1961 0.4024 
         307  1 0.0466 0.4366 0.0530 0.0812 0.3827 
         308  1 0.0716 0.2091 0.3953 0.1257 0.1983 
         309  1 0.0769 0.2132 0.2101 0.1673 0.3325 
         310  1 0.0720 0.0685 0.1268 0.6375 0.0952 
         311  1 0.0672 0.0969 0.1769 0.5328 0.1261 
         312  1 0.0193 0.0400 0.8697 0.0254 0.0455 
         313  1 0.7340 0.0691 0.0990 0.0467 0.0512 
         314  1 0.1246 0.0811 0.6143 0.0900 0.0900 
         315  1 0.0266 0.0421 0.8475 0.0391 0.0447 
         316  1 0.0786 0.0454 0.0439 0.7863 0.0459 
         317  1 0.0387 0.0972 0.1015 0.6659 0.0967 
         318  1 0.1011 0.1281 0.5987 0.0415 0.1306 
         319  1 0.0316 0.0393 0.0427 0.8502 0.0362 
         320  1 0.0334 0.0735 0.7917 0.0365 0.0650 
         321  1 0.5978 0.1048 0.1002 0.0981 0.0992 
         322  1 0.0786 0.3516 0.0933 0.1042 0.3722 
         323  1 0.0766 0.4256 0.1121 0.0847 0.3010 
         324  1 0.0550 0.0644 0.7315 0.0696 0.0795 
         325  1 0.0382 0.0638 0.0629 0.7657 0.0694 
         326  1 0.1173 0.3650 0.1213 0.1106 0.2858 
         327  1 0.1752 0.0975 0.0483 0.5873 0.0917 
         328  1 0.0383 0.4524 0.1180 0.0496 0.3417 
         329  1 0.0611 0.4756 0.0983 0.0472 0.3179 
         330  1 0.1191 0.4421 0.0851 0.0551 0.2986 
         331  1 0.2276 0.2667 0.0824 0.1011 0.3222 
         332  1 0.1331 0.4468 0.0496 0.0654 0.3051 
         333  1 0.2763 0.0875 0.4229 0.0978 0.1155 
         334  1 0.0512 0.0482 0.0519 0.7958 0.0529 
         335  1 0.0732 0.1172 0.1764 0.5000 0.1333 
         336  1 0.1681 0.2966 0.0747 0.0739 0.3867 
         337  1 0.1290 0.1179 0.5699 0.0664 0.1169 
         338  1 0.0347 0.4362 0.0574 0.0715 0.4001 
         339  1 0.0594 0.0801 0.0516 0.7240 0.0849 
         340  1 0.2926 0.3114 0.0924 0.0668 0.2369 
         341  1 0.0741 0.4696 0.1049 0.0412 0.3102 
         342  1 0.7829 0.0793 0.0356 0.0445 0.0577 
         343  1 0.0744 0.0584 0.6744 0.1340 0.0587 
         344  1 0.0402 0.3693 0.1044 0.0904 0.3956 
         345  1 0.0570 0.0645 0.0492 0.7650 0.0644 
         346  1 0.0893 0.0556 0.7507 0.0446 0.0599 
         347  1 0.0589 0.2624 0.0575 0.2723 0.3490 
         348  1 0.1954 0.0901 0.0915 0.5180 0.1050 
         349  1 0.1953 0.1006 0.0954 0.4694 0.1393 
         350  1 0.0925 0.1452 0.1740 0.4308 0.1576 
         351  1 0.0740 0.3625 0.0881 0.1378 0.3376 
         352  1 0.2163 0.3310 0.0362 0.0950 0.3214 
         353  1 0.0891 0.0640 0.0637 0.7080 0.0752 
         354  1 0.3815 0.1028 0.1087 0.2859 0.1211 
         355  1 0.0845 0.1748 0.0333 0.5266 0.1808 
         356  1 0.0454 0.0436 0.8341 0.0289 0.0480 
         357  1 0.7585 0.0873 0.0420 0.0451 0.0671 
         358  1 0.1068 0.1489 0.4951 0.0874 0.1617 
         359  1 0.1668 0.1133 0.5411 0.0661 0.1127 
         360  1 0.5991 0.1385 0.0582 0.0888 0.1153 
         361  1 0.0859 0.1217 0.6354 0.0414 0.1156 
         362  1 0.1628 0.3248 0.0674 0.0700 0.3751 
         363  1 0.0487 0.4391 0.0381 0.0439 0.4302 
         364  1 0.3197 0.1966 0.0823 0.0819 0.3196 
         365  1 0.0338 0.2547 0.1665 0.2244 0.3205 
         366  1 0.1201 0.1680 0.4461 0.0868 0.1790 
         367  1 0.0649 0.2783 0.1250 0.1231 0.4088 
         368  1 0.0592 0.3132 0.0343 0.1895 0.4038 
         369  1 0.5153 0.2090 0.0576 0.0559 0.1623 
         370  1 0.0699 0.1741 0.1106 0.4787 0.1667 
         371  1 0.5901 0.1444 0.0592 0.0764 0.1300 
         372  1 0.6372 0.1130 0.0433 0.0756 0.1309 
         373  1 0.1316 0.2528 0.3564 0.0923 0.1669 
         374  1 0.0741 0.1120 0.5694 0.1073 0.1371 
         375  1 0.8120 0.0668 0.0317 0.0292 0.0603 
         376  1 0.0812 0.1309 0.0661 0.5928 0.1290 
         377  1 0.0614 0.0829 0.7307 0.0475 0.0775 
         378  1 0.1098 0.0644 0.7090 0.0582 0.0585 
         379  1 0.0874 0.0670 0.0350 0.7357 0.0748 
         380  1 0.3731 0.1301 0.1586 0.1831 0.1552 
         381  1 0.1819 0.2281 0.2729 0.0716 0.2454 
         382  1 0.7856 0.0578 0.0438 0.0655 0.0472 
         383  1 0.0473 0.4759 0.0382 0.0726 0.3660 
         384  1 0.1293 0.1468 0.5192 0.0645 0.1402 
         385  1 0.0715 0.0990 0.2786 0.4351 0.1157 
         386  1 0.0735 0.4202 0.0565 0.0829 0.3668 
         387  1 0.0909 0.4924 0.0426 0.0348 0.3393 
         388  1 0.5450 0.0904 0.2073 0.0602 0.0971 
         389  1 0.4216 0.0809 0.0528 0.3572 0.0876 
         390  1 0.6225 0.1365 0.0499 0.0651 0.1261 
         391  1 0.2496 0.2882 0.0693 0.1305 0.2624 
         392  1 0.1463 0.2212 0.3171 0.0552 0.2602 
         393  1 0.2227 0.1854 0.2042 0.2068 0.1809 
         394  1 0.0623 0.1324 0.0617 0.5986 0.1449 
         395  1 0.1220 0.3412 0.0411 0.0405 0.4551 
         396  1 0.6038 0.0686 0.1960 0.0642 0.0674 
         397  1 0.1971 0.3985 0.1088 0.0466 0.2490 
         398  1 0.1010 0.2361 0.3712 0.0393 0.2524 
         399  1 0.6073 0.1409 0.0517 0.0488 0.1514 
         400  1 0.1346 0.3866 0.0820 0.1116 0.2851 
         401  1 0.0645 0.4641 0.0680 0.0424 0.3609 
         402  1 0.0854 0.0968 0.0817 0.6430 0.0931 
         403  1 0.0496 0.2051 0.5060 0.0641 0.1751 
         404  1 0.1141 0.3103 0.0778 0.1223 0.3755 
         405  1 0.2101 0.1089 0.1759 0.3738 0.1313 
         406  1 0.7536 0.0677 0.0624 0.0544 0.0619 
         407  1 0.5318 0.1646 0.0406 0.1103 0.1526 
         408  1 0.0490 0.2055 0.3412 0.0797 0.3246 
         409  1 0.1874 0.2347 0.0769 0.1814 0.3196 
         410  1 0.2892 0.3436 0.0538 0.0446 0.2689 
         411  1 0.0752 0.4172 0.1692 0.0735 0.2650 
         412  1 0.1507 0.1947 0.1517 0.2374 0.2655 
         413  1 0.1626 0.1324 0.1202 0.4166 0.1683 
         414  1 0.1502 0.2056 0.1615 0.2512 0.2315 
         415  1 0.0443 0.0772 0.7393 0.0586 0.0806 
         416  1 0.0688 0.0605 0.0391 0.7613 0.0702 
         417  1 0.1589 0.3669 0.0860 0.0924 0.2959 
         418  1 0.1253 0.2722 0.0540 0.2108 0.3377 
         419  1 0.5719 0.1023 0.1071 0.1111 0.1076 
         420  1 0.1820 0.3728 0.1179 0.0518 0.2755 
         421  1 0.1561 0.2021 0.1090 0.3168 0.2159 
         422  1 0.0634 0.2406 0.1679 0.2650 0.2632 
         423  1 0.0707 0.4331 0.0288 0.0376 0.4298 
         424  1 0.0451 0.0575 0.7989 0.0410 0.0575 
         425  1 0.2752 0.2896 0.1588 0.0602 0.2161 
         426  1 0.0894 0.2095 0.0966 0.4039 0.2006 
         427  1 0.2385 0.2380 0.0585 0.1781 0.2869 
         428  1 0.1440 0.4147 0.0697 0.0807 0.2909 
         429  1 0.0954 0.4439 0.0432 0.0514 0.3662 
         430  1 0.0394 0.0486 0.8250 0.0348 0.0523 
         431  1 0.0591 0.3385 0.0761 0.0697 0.4566 
         432  1 0.0477 0.0693 0.0585 0.7556 0.0690 
         433  1 0.7398 0.0624 0.0691 0.0716 0.0571 
         434  1 0.0850 0.0733 0.3594 0.4052 0.0770 
         435  1 0.3014 0.2755 0.0529 0.0516 0.3186 
         436  1 0.5827 0.0973 0.0735 0.1527 0.0938 
         437  1 0.0690 0.0778 0.7286 0.0475 0.0771 
         438  1 0.0563 0.1134 0.2715 0.4130 0.1458 
         439  1 0.2557 0.3252 0.0703 0.0463 0.3025 
         440  1 0.0354 0.0683 0.7579 0.0649 0.0735 
         441  1 0.2450 0.0915 0.0477 0.5104 0.1054 
         442  1 0.5392 0.0981 0.1839 0.0605 0.1182 
         443  1 0.7720 0.0802 0.0342 0.0451 0.0685 
         444  1 0.0944 0.4829 0.0678 0.0505 0.3045 
         445  1 0.2602 0.2591 0.0553 0.0443 0.3811 
         446  1 0.0438 0.0715 0.0359 0.7781 0.0706 
         447  1 0.2450 0.3575 0.0745 0.0407 0.2823 
         448  1 0.0501 0.1439 0.5083 0.1074 0.1902 
         449  1 0.0712 0.0495 0.7762 0.0497 0.0534 
         450  1 0.0721 0.0361 0.0479 0.8066 0.0373 
         451  1 0.0740 0.0688 0.0542 0.7249 0.0780 
         452  1 0.8081 0.0584 0.0372 0.0361 0.0602 
         453  1 0.0595 0.0497 0.0550 0.7795 0.0563 
         454  1 0.1471 0.1880 0.0772 0.3650 0.2227 
         455  1 0.0999 0.4148 0.0478 0.1010 0.3366 
         456  1 0.0769 0.0783 0.0567 0.7044 0.0837 
         457  1 0.0856 0.0780 0.6724 0.0892 0.0748 
         458  1 0.0778 0.5155 0.0727 0.0378 0.2963 
         459  1 0.1452 0.0535 0.0485 0.6853 0.0675 
         460  1 0.1827 0.4450 0.0474 0.0411 0.2839 
         461  1 0.0747 0.0582 0.7316 0.0768 0.0586 
         462  1 0.0724 0.0483 0.0463 0.7864 0.0466 
         463  1 0.0821 0.1453 0.1766 0.4090 0.1870 
         464  1 0.1914 0.3886 0.0989 0.0667 0.2545 
         465  1 0.0453 0.1014 0.1539 0.5928 0.1066 
         466  1 0.2554 0.3115 0.0566 0.1189 0.2577 
         467  1 0.7769 0.0661 0.0344 0.0657 0.0568 
         468  1 0.0916 0.3754 0.0682 0.0717 0.3931 
         469  1 0.7821 0.0950 0.0249 0.0332 0.0648 
         470  1 0.0661 0.2059 0.1739 0.2806 0.2735 
         471  1 0.1714 0.2911 0.1580 0.0589 0.3205 
         472  1 0.0684 0.3816 0.1322 0.1081 0.3097 
         473  1 0.0513 0.4406 0.0851 0.0710 0.3520 
         474  1 0.2017 0.3611 0.0528 0.0454 0.3389 
         475  1 0.0785 0.2748 0.2203 0.0295 0.3969 
         476  1 0.0322 0.1135 0.0682 0.6629 0.1232 
         477  1 0.0437 0.4272 0.1206 0.0407 0.3677 
         478  1 0.0446 0.0549 0.8026 0.0421 0.0557 
         479  1 0.2570 0.3578 0.0639 0.0718 0.2496 
         480  1 0.7943 0.0596 0.0545 0.0407 0.0509 
         481  1 0.1377 0.1270 0.4971 0.0941 0.1441 
         482  1 0.0983 0.0799 0.6738 0.0602 0.0877 
         483  1 0.1740 0.3160 0.1016 0.1483 0.2601 
         484  1 0.3978 0.2797 0.0716 0.0401 0.2107 
         485  1 0.7527 0.0891 0.0419 0.0347 0.0816 
         486  1 0.1019 0.0401 0.0375 0.7814 0.0391 
         487  1 0.5537 0.1588 0.0635 0.0854 0.1386 
         488  1 0.0795 0.4401 0.0324 0.0603 0.3877 
         489  1 0.1000 0.3063 0.1154 0.0946 0.3838 
         490  1 0.1958 0.3308 0.0747 0.0691 0.3296 
         491  1 0.7528 0.0812 0.0449 0.0538 0.0673 
         492  1 0.7623 0.0961 0.0440 0.0284 0.0692 
