           1  1 0.0452 0.5510 0.4039 
           2  1 0.7403 0.1421 0.1176 
           3  1 0.8572 0.0439 0.0989 
           4  1 0.0443 0.5424 0.4133 
           5  1 0.0701 0.0956 0.8343 
           6  1 0.8177 0.0733 0.1090 
           7  1 0.6102 0.1775 0.2123 
           8  1 0.0379 0.7420 0.2202 
           9  1 0.6406 0.0271 0.3323 
          10  1 0.0428 0.0905 0.8667 
          11  1 0.0396 0.8724 0.0881 
          12  1 0.5195 0.3360 0.1445 
          13  1 0.0713 0.7298 0.1989 
          14  1 0.4397 0.1208 0.4395 
          15  1 0.2579 0.1531 0.5889 
          16  1 0.0489 0.8314 0.1197 
          17  1 0.1734 0.6902 0.1365 
          18  1 0.1804 0.6365 0.1831 
          19  1 0.3509 0.1875 0.4616 
          20  1 0.2101 0.2576 0.5324 
          21  1 0.1101 0.2050 0.6849 
          22  1 0.0703 0.0765 0.8532 
          23  1 0.8950 0.0642 0.0408 
          24  1 0.6619 0.0329 0.3053 
          25  1 0.0405 0.8406 0.1189 
          26  1 0.8168 0.0692 0.1140 
          27  1 0.0318 0.3687 0.5995 
          28  1 0.1317 0.2536 0.6146 
          29  1 0.7020 0.0495 0.2485 
          30  1 0.0844 0.1587 0.7569 
          31  1 0.1879 0.5763 0.2358 
          32  1 0.1255 0.1510 0.7235 
          33  1 0.2724 0.4880 0.2396 
          34  1 0.2356 0.3751 0.3893 
          35  1 0.2570 0.0872 0.6558 
          36  1 0.6814 0.0487 0.2699 
          37  1 0.1388 0.7653 0.0958 
          38  1 0.2306 0.0325 0.7369 
          39  1 0.1056 0.4705 0.4239 
          40  1 0.0569 0.7939 0.1492 
          41  1 0.3266 0.0597 0.6137 
          42  1 0.1947 0.7100 0.0953 
          43  1 0.9472 0.0229 0.0299 
          44  1 0.9010 0.0623 0.0367 
          45  1 0.0493 0.7481 0.2026 
          46  1 0.8507 0.1003 0.0490 
          47  1 0.0781 0.6547 0.2672 
          48  1 0.5799 0.0769 0.3432 
          49  1 0.2462 0.0952 0.6586 
          50  1 0.0737 0.1207 0.8056 
          51  1 0.2369 0.2205 0.5426 
          52  1 0.0618 0.7635 0.1748 
          53  1 0.0999 0.0613 0.8388 
          54  1 0.2324 0.4935 0.2741 
          55  1 0.1656 0.7099 0.1245 
          56  1 0.5658 0.1349 0.2993 
          57  1 0.8716 0.0282 0.1002 
          58  1 0.8601 0.0239 0.1160 
          59  1 0.5027 0.0474 0.4499 
          60  1 0.5233 0.0684 0.4083 
          61  1 0.0210 0.9240 0.0550 
          62  1 0.8972 0.0307 0.0721 
          63  1 0.0533 0.4053 0.5413 
          64  1 0.1847 0.0998 0.7155 
          65  1 0.2106 0.1946 0.5947 
          66  1 0.0660 0.1183 0.8156 
          67  1 0.8143 0.1018 0.0839 
          68  1 0.8469 0.0388 0.1142 
          69  1 0.0149 0.5991 0.3861 
          70  1 0.9561 0.0168 0.0271 
          71  1 0.2885 0.0495 0.6620 
          72  1 0.6002 0.0548 0.3449 
          73  1 0.0593 0.8059 0.1348 
          74  1 0.0383 0.1297 0.8320 
          75  1 0.0301 0.8729 0.0970 
          76  1 0.8041 0.0783 0.1176 
          77  1 0.6212 0.0773 0.3015 
          78  1 0.0609 0.8349 0.1043 
          79  1 0.0368 0.9201 0.0432 
          80  1 0.8449 0.0302 0.1248 
          81  1 0.0465 0.0581 0.8953 
          82  1 0.1119 0.3822 0.5058 
          83  1 0.6743 0.0550 0.2707 
          84  1 0.4753 0.1712 0.3535 
          85  1 0.1176 0.5388 0.3436 
          86  1 0.6934 0.1425 0.1641 
          87  1 0.5959 0.0981 0.3060 
          88  1 0.5380 0.1023 0.3597 
          89  1 0.0497 0.8926 0.0577 
          90  1 0.8735 0.0660 0.0605 
          91  1 0.0204 0.6371 0.3426 
          92  1 0.8759 0.0550 0.0690 
          93  1 0.1337 0.0957 0.7706 
          94  1 0.0996 0.1116 0.7888 
          95  1 0.3099 0.0707 0.6193 
          96  1 0.0700 0.6281 0.3020 
          97  1 0.9391 0.0320 0.0289 
          98  1 0.1479 0.6643 0.1878 
          99  1 0.2617 0.3445 0.3938 
         100  1 0.0288 0.9174 0.0538 
         101  1 0.7068 0.0524 0.2409 
         102  1 0.0398 0.0863 0.8739 
         103  1 0.6818 0.0779 0.2402 
         104  1 0.0345 0.9233 0.0422 
         105  1 0.0267 0.9372 0.0361 
         106  1 0.0525 0.0266 0.9210 
         107  1 0.1065 0.1171 0.7764 
         108  1 0.0174 0.9312 0.0514 
         109  1 0.0575 0.8752 0.0673 
         110  1 0.6478 0.2120 0.1402 
         111  1 0.0427 0.7187 0.2386 
         112  1 0.1217 0.4115 0.4669 
         113  1 0.7494 0.1713 0.0793 
         114  1 0.2302 0.6894 0.0804 
         115  1 0.0249 0.1109 0.8642 
         116  1 0.0341 0.3501 0.6158 
         117  1 0.8390 0.0375 0.1235 
         118  1 0.0565 0.7421 0.2015 
         119  1 0.0523 0.7581 0.1896 
         120  1 0.3555 0.0794 0.5652 
         121  1 0.6696 0.0462 0.2842 
         122  1 0.6019 0.0962 0.3020 
         123  1 0.9307 0.0270 0.0422 
         124  1 0.8007 0.0509 0.1483 
         125  1 0.6960 0.1646 0.1394 
         126  1 0.6114 0.0855 0.3030 
         127  1 0.3346 0.1487 0.5168 
         128  1 0.0429 0.7166 0.2405 
         129  1 0.6196 0.1313 0.2492 
         130  1 0.1984 0.0497 0.7519 
         131  1 0.7529 0.1469 0.1001 
         132  1 0.1067 0.2307 0.6627 
         133  1 0.0325 0.9285 0.0390 
         134  1 0.4407 0.0358 0.5235 
         135  1 0.2649 0.0620 0.6732 
         136  1 0.2093 0.3980 0.3927 
         137  1 0.1166 0.0970 0.7864 
         138  1 0.1118 0.6669 0.2213 
         139  1 0.0917 0.7219 0.1865 
         140  1 0.6890 0.0334 0.2776 
         141  1 0.2004 0.1128 0.6868 
         142  1 0.0377 0.7672 0.1951 
         143  1 0.4064 0.1464 0.4472 
         144  1 0.1806 0.0749 0.7445 
         145  1 0.8138 0.0675 0.1187 
         146  1 0.3431 0.0749 0.5820 
         147  1 0.7464 0.1314 0.1222 
         148  1 0.8227 0.0500 0.1272 
         149  1 0.1211 0.7669 0.1119 
         150  1 0.0981 0.3449 0.5570 
         151  1 0.0341 0.9258 0.0401 
         152  1 0.6252 0.0343 0.3405 
         153  1 0.0243 0.8581 0.1176 
         154  1 0.2234 0.1251 0.6515 
         155  1 0.3827 0.0386 0.5787 
         156  1 0.2304 0.2355 0.5341 
         157  1 0.8116 0.1206 0.0678 
         158  1 0.3525 0.2371 0.4104 
         159  1 0.2197 0.1382 0.6421 
         160  1 0.0469 0.6912 0.2619 
         161  1 0.0669 0.7671 0.1660 
         162  1 0.5180 0.0575 0.4245 
         163  1 0.5790 0.1478 0.2732 
         164  1 0.0563 0.7103 0.2335 
         165  1 0.3524 0.3631 0.2845 
         166  1 0.0995 0.4480 0.4525 
         167  1 0.1789 0.4207 0.4004 
         168  1 0.1570 0.3440 0.4990 
         169  1 0.0432 0.5666 0.3902 
         170  1 0.1451 0.0935 0.7614 
         171  1 0.8078 0.0844 0.1077 
         172  1 0.0296 0.9022 0.0682 
         173  1 0.0243 0.7680 0.2076 
         174  1 0.3433 0.3575 0.2992 
         175  1 0.6893 0.1177 0.1929 
         176  1 0.0894 0.0687 0.8419 
         177  1 0.5121 0.1897 0.2982 
         178  1 0.0775 0.7521 0.1704 
         179  1 0.1746 0.6482 0.1771 
         180  1 0.0415 0.0572 0.9013 
         181  1 0.1338 0.1110 0.7552 
         182  1 0.0693 0.8940 0.0367 
         183  1 0.0327 0.8061 0.1612 
         184  1 0.1977 0.4034 0.3989 
         185  1 0.1588 0.4125 0.4287 
         186  1 0.0997 0.1596 0.7407 
         187  1 0.7181 0.0414 0.2404 
         188  1 0.0248 0.7678 0.2074 
         189  1 0.4719 0.2143 0.3138 
         190  1 0.1626 0.1408 0.6966 
         191  1 0.0539 0.8297 0.1163 
         192  1 0.4884 0.3712 0.1404 
         193  1 0.2166 0.3816 0.4018 
         194  1 0.2905 0.0428 0.6667 
         195  1 0.0686 0.8033 0.1282 
         196  1 0.0633 0.0484 0.8883 
         197  1 0.4617 0.1411 0.3973 
         198  1 0.0483 0.8709 0.0808 
         199  1 0.8626 0.0787 0.0588 
         200  1 0.0626 0.8705 0.0669 
         201  1 0.0245 0.0574 0.9181 
         202  1 0.8608 0.0662 0.0730 
         203  1 0.5351 0.0440 0.4209 
         204  1 0.4878 0.2783 0.2339 
         205  1 0.9449 0.0268 0.0283 
         206  1 0.7150 0.0543 0.2307 
         207  1 0.0710 0.4179 0.5111 
         208  1 0.0378 0.9161 0.0461 
         209  1 0.0820 0.8233 0.0947 
         210  1 0.4805 0.1629 0.3566 
         211  1 0.0432 0.8388 0.1179 
         212  1 0.0324 0.9157 0.0518 
         213  1 0.3560 0.1157 0.5283 
         214  1 0.4180 0.0281 0.5539 
         215  1 0.0459 0.7375 0.2167 
         216  1 0.0327 0.8218 0.1455 
         217  1 0.8421 0.0490 0.1089 
         218  1 0.8780 0.0539 0.0681 
         219  1 0.0181 0.5854 0.3965 
         220  1 0.5787 0.1531 0.2681 
         221  1 0.3404 0.0325 0.6270 
         222  1 0.2004 0.0827 0.7169 
         223  1 0.4795 0.0584 0.4621 
         224  1 0.3437 0.3401 0.3162 
         225  1 0.0842 0.1271 0.7887 
         226  1 0.1781 0.4015 0.4204 
         227  1 0.9466 0.0212 0.0322 
         228  1 0.7712 0.0988 0.1300 
         229  1 0.0721 0.7846 0.1433 
         230  1 0.3517 0.4565 0.1918 
         231  1 0.0228 0.8945 0.0828 
         232  1 0.3059 0.6173 0.0769 
         233  1 0.0404 0.6779 0.2817 
         234  1 0.0570 0.8770 0.0660 
         235  1 0.0479 0.0448 0.9073 
         236  1 0.6529 0.0544 0.2928 
         237  1 0.0732 0.8214 0.1054 
         238  1 0.3537 0.0400 0.6063 
         239  1 0.4267 0.4652 0.1081 
         240  1 0.2840 0.0951 0.6209 
         241  1 0.0892 0.1318 0.7790 
         242  1 0.1122 0.7352 0.1527 
         243  1 0.4219 0.3927 0.1854 
         244  1 0.8392 0.0381 0.1227 
         245  1 0.0259 0.8541 0.1200 
         246  1 0.2235 0.6613 0.1152 
         247  1 0.0775 0.3136 0.6089 
         248  1 0.1061 0.1307 0.7632 
         249  1 0.0434 0.8163 0.1404 
         250  1 0.1300 0.1634 0.7066 
         251  1 0.0323 0.9424 0.0253 
         252  1 0.3465 0.1660 0.4875 
         253  1 0.9006 0.0259 0.0734 
         254  1 0.3007 0.0600 0.6393 
         255  1 0.2740 0.5633 0.1627 
         256  1 0.5744 0.0452 0.3805 
         257  1 0.0422 0.8250 0.1328 
         258  1 0.0311 0.3979 0.5710 
         259  1 0.0235 0.6280 0.3486 
         260  1 0.3125 0.0740 0.6136 
         261  1 0.8751 0.0433 0.0816 
         262  1 0.8448 0.0684 0.0868 
         263  1 0.1749 0.0740 0.7511 
         264  1 0.9180 0.0280 0.0540 
         265  1 0.5595 0.2151 0.2254 
         266  1 0.0996 0.0771 0.8232 
         267  1 0.0366 0.8338 0.1296 
         268  1 0.0649 0.8666 0.0685 
         269  1 0.1111 0.3610 0.5280 
         270  1 0.0369 0.0890 0.8740 
         271  1 0.8391 0.0461 0.1148 
         272  1 0.8023 0.0859 0.1117 
         273  1 0.0442 0.8891 0.0668 
         274  1 0.0443 0.0922 0.8635 
         275  1 0.1694 0.5127 0.3178 
         276  1 0.0899 0.1533 0.7568 
         277  1 0.4922 0.0429 0.4649 
         278  1 0.2633 0.5272 0.2095 
         279  1 0.3942 0.0626 0.5432 
         280  1 0.4030 0.0828 0.5142 
         281  1 0.0278 0.9175 0.0547 
         282  1 0.7634 0.0317 0.2049 
         283  1 0.6131 0.2524 0.1345 
         284  1 0.2292 0.5441 0.2267 
         285  1 0.3716 0.4678 0.1606 
         286  1 0.4417 0.2900 0.2684 
         287  1 0.8610 0.0541 0.0849 
         288  1 0.5261 0.0712 0.4026 
         289  1 0.0450 0.2795 0.6754 
         290  1 0.8531 0.0384 0.1085 
         291  1 0.8266 0.0245 0.1490 
         292  1 0.3853 0.5624 0.0523 
         293  1 0.0249 0.6887 0.2864 
         294  1 0.4055 0.0656 0.5289 
         295  1 0.8785 0.0635 0.0580 
         296  1 0.7664 0.0521 0.1815 
         297  1 0.7490 0.1161 0.1349 
         298  1 0.0196 0.5556 0.4248 
         299  1 0.1223 0.1938 0.6839 
         300  1 0.0234 0.2634 0.7132 
         301  1 0.5348 0.1954 0.2698 
         302  1 0.0238 0.2052 0.7710 
         303  1 0.3998 0.0287 0.5715 
         304  1 0.0805 0.0951 0.8243 
         305  1 0.1841 0.1803 0.6357 
         306  1 0.0645 0.1978 0.7377 
         307  1 0.1647 0.1149 0.7204 
         308  1 0.1187 0.2631 0.6183 
         309  1 0.0683 0.1544 0.7773 
         310  1 0.0330 0.8701 0.0969 
         311  1 0.0445 0.7876 0.1680 
         312  1 0.0197 0.1107 0.8696 
         313  1 0.9145 0.0499 0.0356 
         314  1 0.0722 0.7019 0.2259 
         315  1 0.0416 0.3777 0.5807 
         316  1 0.0444 0.9175 0.0381 
         317  1 0.0405 0.8304 0.1292 
         318  1 0.0819 0.2120 0.7061 
         319  1 0.0252 0.9420 0.0328 
         320  1 0.0605 0.4724 0.4671 
         321  1 0.7412 0.1608 0.0980 
         322  1 0.0480 0.1181 0.8339 
         323  1 0.5690 0.0649 0.3660 
         324  1 0.0484 0.7510 0.2006 
         325  1 0.0372 0.9050 0.0579 
         326  1 0.6323 0.1067 0.2610 
         327  1 0.1137 0.7853 0.1010 
         328  1 0.2947 0.0603 0.6450 
         329  1 0.2249 0.0405 0.7347 
         330  1 0.6821 0.0541 0.2638 
         331  1 0.0668 0.3112 0.6220 
         332  1 0.6092 0.0576 0.3332 
         333  1 0.1615 0.6191 0.2194 
         334  1 0.0383 0.8791 0.0826 
         335  1 0.0325 0.8267 0.1408 
         336  1 0.4561 0.0684 0.4756 
         337  1 0.1543 0.6692 0.1765 
         338  1 0.1602 0.0564 0.7835 
         339  1 0.0401 0.8974 0.0625 
         340  1 0.7903 0.0600 0.1497 
         341  1 0.5852 0.0505 0.3643 
         342  1 0.9067 0.0479 0.0454 
         343  1 0.0429 0.8460 0.1111 
         344  1 0.0726 0.1081 0.8193 
         345  1 0.0433 0.8984 0.0583 
         346  1 0.0661 0.6277 0.3062 
         347  1 0.0671 0.3512 0.5818 
         348  1 0.1434 0.6235 0.2331 
         349  1 0.1021 0.7157 0.1822 
         350  1 0.0671 0.7488 0.1841 
         351  1 0.3697 0.1925 0.4377 
         352  1 0.7348 0.0588 0.2063 
         353  1 0.0543 0.8591 0.0865 
         354  1 0.2797 0.5505 0.1698 
         355  1 0.1227 0.4677 0.4096 
         356  1 0.0458 0.5722 0.3820 
         357  1 0.9308 0.0308 0.0384 
         358  1 0.0815 0.0992 0.8193 
         359  1 0.3850 0.2900 0.3250 
         360  1 0.8744 0.0639 0.0617 
         361  1 0.1669 0.0582 0.7750 
         362  1 0.5188 0.0972 0.3841 
         363  1 0.2564 0.0316 0.7120 
         364  1 0.3107 0.1801 0.5092 
         365  1 0.0368 0.3486 0.6146 
         366  1 0.2466 0.2354 0.5180 
         367  1 0.0810 0.1294 0.7896 
         368  1 0.1433 0.2112 0.6455 
         369  1 0.8704 0.0385 0.0912 
         370  1 0.1296 0.5332 0.3372 
         371  1 0.8469 0.0639 0.0892 
         372  1 0.8513 0.0465 0.1023 
         373  1 0.4243 0.4096 0.1661 
         374  1 0.0689 0.3791 0.5520 
         375  1 0.9242 0.0251 0.0507 
         376  1 0.0621 0.8725 0.0654 
         377  1 0.0766 0.7239 0.1996 
         378  1 0.0738 0.7064 0.2198 
         379  1 0.0790 0.7869 0.1342 
         380  1 0.4166 0.3772 0.2061 
         381  1 0.3435 0.1110 0.5455 
         382  1 0.8887 0.0639 0.0474 
         383  1 0.4516 0.0579 0.4905 
         384  1 0.1401 0.3426 0.5173 
         385  1 0.0362 0.8354 0.1285 
         386  1 0.3676 0.0769 0.5556 
         387  1 0.6430 0.0259 0.3311 
         388  1 0.7467 0.1119 0.1414 
         389  1 0.3022 0.5941 0.1037 
         390  1 0.8708 0.0556 0.0736 
         391  1 0.2270 0.2937 0.4793 
         392  1 0.3315 0.0660 0.6025 
         393  1 0.3531 0.3476 0.2993 
         394  1 0.0448 0.6285 0.3267 
         395  1 0.3270 0.0428 0.6302 
         396  1 0.6661 0.2375 0.0964 
         397  1 0.8664 0.0368 0.0968 
         398  1 0.1346 0.0978 0.7677 
         399  1 0.7677 0.0417 0.1906 
         400  1 0.6040 0.1357 0.2604 
         401  1 0.3868 0.0374 0.5758 
         402  1 0.0637 0.8622 0.0742 
         403  1 0.1943 0.1579 0.6478 
         404  1 0.0501 0.2653 0.6846 
         405  1 0.0811 0.7440 0.1749 
         406  1 0.8902 0.0641 0.0457 
         407  1 0.8913 0.0552 0.0535 
         408  1 0.0388 0.1507 0.8105 
         409  1 0.2808 0.2274 0.4918 
         410  1 0.8297 0.0281 0.1422 
         411  1 0.5992 0.1140 0.2869 
         412  1 0.0716 0.1935 0.7349 
         413  1 0.1249 0.6765 0.1986 
         414  1 0.2829 0.3710 0.3462 
         415  1 0.0571 0.6860 0.2569 
         416  1 0.0421 0.8819 0.0760 
         417  1 0.7286 0.0914 0.1801 
         418  1 0.3651 0.2087 0.4262 
         419  1 0.6980 0.1907 0.1112 
         420  1 0.4885 0.0521 0.4594 
         421  1 0.1303 0.6212 0.2486 
         422  1 0.1206 0.4310 0.4484 
         423  1 0.2516 0.0225 0.7258 
         424  1 0.0456 0.6462 0.3082 
         425  1 0.8030 0.0529 0.1441 
         426  1 0.1809 0.5275 0.2915 
         427  1 0.5769 0.1550 0.2681 
         428  1 0.7408 0.0686 0.1905 
         429  1 0.5853 0.0511 0.3637 
         430  1 0.0450 0.1105 0.8445 
         431  1 0.1682 0.0853 0.7465 
         432  1 0.0553 0.8598 0.0849 
         433  1 0.8786 0.0792 0.0422 
         434  1 0.0448 0.8557 0.0996 
         435  1 0.1077 0.1527 0.7396 
         436  1 0.7395 0.1599 0.1006 
         437  1 0.0962 0.5800 0.3238 
         438  1 0.0684 0.6404 0.2912 
         439  1 0.4152 0.0565 0.5284 
         440  1 0.0360 0.6395 0.3244 
         441  1 0.1166 0.7708 0.1127 
         442  1 0.5853 0.0768 0.3379 
         443  1 0.8775 0.0579 0.0646 
         444  1 0.4607 0.0489 0.4904 
         445  1 0.3020 0.0480 0.6499 
         446  1 0.0363 0.8583 0.1054 
         447  1 0.5404 0.0547 0.4049 
         448  1 0.0541 0.1354 0.8105 
         449  1 0.0413 0.6969 0.2619 
         450  1 0.0463 0.9202 0.0335 
         451  1 0.0369 0.8998 0.0634 
         452  1 0.9293 0.0328 0.0379 
         453  1 0.0444 0.8879 0.0677 
         454  1 0.0823 0.4854 0.4323 
         455  1 0.6848 0.0878 0.2274 
         456  1 0.0491 0.8851 0.0659 
         457  1 0.0988 0.7830 0.1183 
         458  1 0.6899 0.0553 0.2548 
         459  1 0.0904 0.8484 0.0612 
         460  1 0.8774 0.0313 0.0914 
         461  1 0.0489 0.7614 0.1897 
         462  1 0.0537 0.9044 0.0419 
         463  1 0.0453 0.7508 0.2039 
         464  1 0.7729 0.0546 0.1724 
         465  1 0.0258 0.9044 0.0699 
         466  1 0.7906 0.0558 0.1536 
         467  1 0.9136 0.0509 0.0355 
         468  1 0.2870 0.0736 0.6394 
         469  1 0.9614 0.0191 0.0195 
         470  1 0.0539 0.3558 0.5903 
         471  1 0.3925 0.0592 0.5483 
         472  1 0.3595 0.1151 0.5254 
         473  1 0.3552 0.0828 0.5620 
         474  1 0.6843 0.0414 0.2744 
         475  1 0.0959 0.0293 0.8747 
         476  1 0.0248 0.8726 0.1026 
         477  1 0.1018 0.0351 0.8631 
         478  1 0.0550 0.6953 0.2497 
         479  1 0.8191 0.0475 0.1334 
         480  1 0.8817 0.0609 0.0574 
         481  1 0.2825 0.2220 0.4955 
         482  1 0.0479 0.7164 0.2357 
         483  1 0.6023 0.1144 0.2834 
         484  1 0.8910 0.0363 0.0727 
         485  1 0.9074 0.0350 0.0576 
         486  1 0.0574 0.8995 0.0432 
         487  1 0.8444 0.0571 0.0985 
         488  1 0.4662 0.0895 0.4444 
         489  1 0.0295 0.1606 0.8099 
         490  1 0.1220 0.1905 0.6875 
         491  1 0.8302 0.0834 0.0864 
         492  1 0.8965 0.0342 0.0693 
