           1  1 0.0561 0.0906 0.0678 0.4741 0.1210 0.1072 0.0833 
           2  1 0.0646 0.2553 0.0501 0.0979 0.0689 0.1155 0.3477 
           3  1 0.3025 0.2286 0.0460 0.0591 0.1238 0.0785 0.1615 
           4  1 0.1012 0.0738 0.1028 0.5020 0.0847 0.0866 0.0489 
           5  1 0.1435 0.1063 0.0412 0.4458 0.1308 0.0729 0.0595 
           6  1 0.2386 0.1824 0.0928 0.0816 0.1627 0.0638 0.1782 
           7  1 0.1372 0.2079 0.2363 0.0733 0.1376 0.0270 0.1808 
           8  1 0.0642 0.0480 0.0606 0.5969 0.0632 0.1166 0.0505 
           9  1 0.3157 0.2176 0.0350 0.0522 0.1870 0.0514 0.1412 
          10  1 0.1645 0.1216 0.0582 0.3368 0.1626 0.0934 0.0628 
          11  1 0.0607 0.0639 0.6405 0.0391 0.0746 0.0595 0.0618 
          12  1 0.0684 0.1937 0.0387 0.2599 0.0707 0.1186 0.2499 
          13  1 0.0704 0.0870 0.2857 0.2467 0.1041 0.1049 0.1013 
          14  1 0.2579 0.1404 0.0414 0.1268 0.1219 0.2159 0.0957 
          15  1 0.1815 0.1679 0.0390 0.0513 0.2352 0.2015 0.1237 
          16  1 0.0699 0.0652 0.3312 0.3004 0.0897 0.0740 0.0696 
          17  1 0.0591 0.1168 0.4755 0.0597 0.0725 0.0715 0.1449 
          18  1 0.0688 0.0726 0.0500 0.5394 0.0738 0.1047 0.0906 
          19  1 0.2005 0.1819 0.1152 0.0859 0.2076 0.0694 0.1394 
          20  1 0.2114 0.1335 0.0966 0.2562 0.1568 0.0503 0.0952 
          21  1 0.1687 0.1139 0.1042 0.1970 0.1470 0.1937 0.0755 
          22  1 0.1391 0.1060 0.0482 0.0945 0.3483 0.1744 0.0895 
          23  1 0.0616 0.3018 0.1014 0.0360 0.0681 0.0479 0.3833 
          24  1 0.2330 0.1729 0.0780 0.0359 0.2344 0.0562 0.1895 
          25  1 0.0563 0.0567 0.5776 0.1042 0.1020 0.0566 0.0466 
          26  1 0.1316 0.2731 0.0545 0.0527 0.1183 0.0435 0.3264 
          27  1 0.1054 0.0860 0.0669 0.2880 0.1470 0.2444 0.0624 
          28  1 0.1099 0.1077 0.3222 0.0392 0.2310 0.1012 0.0887 
          29  1 0.3210 0.1994 0.0381 0.0639 0.1474 0.0650 0.1652 
          30  1 0.1368 0.1306 0.0480 0.0773 0.3051 0.1713 0.1309 
          31  1 0.0903 0.1422 0.3261 0.0688 0.1247 0.0698 0.1782 
          32  1 0.1333 0.1311 0.0572 0.0461 0.3907 0.1135 0.1280 
          33  1 0.1326 0.1386 0.0950 0.0525 0.1510 0.2813 0.1490 
          34  1 0.1077 0.1618 0.1608 0.0798 0.2204 0.1021 0.1674 
          35  1 0.1783 0.1660 0.0370 0.2361 0.1524 0.1007 0.1295 
          36  1 0.1972 0.1744 0.0523 0.0480 0.2187 0.0968 0.2126 
          37  1 0.0817 0.0939 0.5514 0.0734 0.0657 0.0392 0.0947 
          38  1 0.1293 0.1627 0.0617 0.0359 0.4056 0.0420 0.1626 
          39  1 0.1636 0.1135 0.1073 0.2789 0.1613 0.0833 0.0922 
          40  1 0.0756 0.0616 0.0718 0.0436 0.0602 0.6230 0.0642 
          41  1 0.1913 0.1792 0.0369 0.0948 0.2710 0.0902 0.1365 
          42  1 0.1383 0.1177 0.3781 0.0424 0.0908 0.0673 0.1655 
          43  1 0.0440 0.3259 0.0304 0.0246 0.0398 0.0343 0.5010 
          44  1 0.1039 0.2444 0.1025 0.0341 0.0878 0.0512 0.3762 
          45  1 0.0648 0.0505 0.0601 0.6575 0.0541 0.0647 0.0484 
          46  1 0.0581 0.2702 0.0593 0.0354 0.0541 0.0878 0.4351 
          47  1 0.0956 0.0738 0.0653 0.5260 0.0820 0.0659 0.0914 
          48  1 0.2593 0.1996 0.0749 0.0350 0.1979 0.0614 0.1719 
          49  1 0.1144 0.1420 0.0408 0.0948 0.1725 0.3020 0.1335 
          50  1 0.1585 0.1069 0.0903 0.1900 0.1640 0.2258 0.0646 
          51  1 0.1405 0.0792 0.0491 0.0565 0.1002 0.5112 0.0634 
          52  1 0.1064 0.0929 0.0699 0.0681 0.0955 0.4796 0.0876 
          53  1 0.2002 0.1364 0.0595 0.0601 0.2723 0.1899 0.0816 
          54  1 0.0893 0.0771 0.0446 0.3243 0.0859 0.2822 0.0967 
          55  1 0.0927 0.0984 0.4745 0.0683 0.0836 0.0808 0.1018 
          56  1 0.1586 0.1545 0.1690 0.0581 0.2181 0.0552 0.1864 
          57  1 0.1623 0.2479 0.0447 0.0537 0.1587 0.0714 0.2613 
          58  1 0.2812 0.2056 0.0360 0.0420 0.1707 0.0659 0.1987 
          59  1 0.2622 0.1776 0.0459 0.0519 0.2321 0.0999 0.1305 
          60  1 0.2078 0.1854 0.0686 0.1030 0.1949 0.0889 0.1515 
          61  1 0.0428 0.0384 0.7383 0.0558 0.0430 0.0477 0.0340 
          62  1 0.3139 0.2000 0.0645 0.0409 0.1382 0.0451 0.1973 
          63  1 0.1489 0.1083 0.1250 0.2854 0.1453 0.1147 0.0724 
          64  1 0.1654 0.0892 0.0387 0.0628 0.1264 0.4537 0.0639 
          65  1 0.1558 0.1046 0.0953 0.0361 0.1683 0.3541 0.0858 
          66  1 0.1456 0.1277 0.0577 0.1826 0.2484 0.1473 0.0907 
          67  1 0.0744 0.2468 0.1458 0.0454 0.0750 0.0535 0.3591 
          68  1 0.2643 0.2148 0.0607 0.0523 0.1654 0.0716 0.1708 
          69  1 0.0553 0.0431 0.0617 0.6440 0.0674 0.0960 0.0324 
          70  1 0.2230 0.2148 0.0303 0.0283 0.1075 0.0302 0.3659 
          71  1 0.3022 0.1598 0.0508 0.0970 0.2015 0.0688 0.1199 
          72  1 0.2286 0.2459 0.0380 0.0658 0.1889 0.0760 0.1569 
          73  1 0.0465 0.0621 0.0853 0.6022 0.0479 0.0810 0.0749 
          74  1 0.1622 0.1508 0.1318 0.1137 0.2719 0.0626 0.1069 
          75  1 0.0645 0.0527 0.6354 0.0679 0.0616 0.0735 0.0443 
          76  1 0.1490 0.1915 0.1051 0.0951 0.1599 0.0628 0.2365 
          77  1 0.3179 0.1746 0.0542 0.0864 0.1411 0.1018 0.1240 
          78  1 0.0589 0.0813 0.5974 0.0479 0.0809 0.0458 0.0878 
          79  1 0.0756 0.0697 0.3301 0.1444 0.1061 0.1953 0.0788 
          80  1 0.2782 0.1988 0.0546 0.0431 0.1720 0.0733 0.1799 
          81  1 0.1844 0.1226 0.0743 0.1308 0.2094 0.2160 0.0626 
          82  1 0.1044 0.1250 0.1763 0.1865 0.1476 0.1359 0.1243 
          83  1 0.2503 0.2440 0.0623 0.0810 0.1556 0.0539 0.1528 
          84  1 0.2130 0.1594 0.0724 0.1062 0.1761 0.1266 0.1461 
          85  1 0.0961 0.0771 0.0419 0.5284 0.0869 0.0808 0.0887 
          86  1 0.1605 0.1626 0.0666 0.0823 0.1338 0.1728 0.2214 
          87  1 0.1710 0.1320 0.0434 0.0724 0.1396 0.2722 0.1694 
          88  1 0.1838 0.1840 0.1317 0.0572 0.1834 0.1385 0.1215 
          89  1 0.0623 0.0538 0.6617 0.0476 0.0505 0.0707 0.0533 
          90  1 0.0748 0.2521 0.0537 0.0544 0.0626 0.1041 0.3982 
          91  1 0.1092 0.0835 0.0634 0.1098 0.1704 0.3962 0.0674 
          92  1 0.0723 0.3010 0.0477 0.1194 0.0764 0.0479 0.3352 
          93  1 0.1264 0.1327 0.0717 0.0580 0.3132 0.1844 0.1135 
          94  1 0.1988 0.1541 0.0773 0.2069 0.2064 0.0635 0.0930 
          95  1 0.1684 0.1921 0.0598 0.0533 0.2045 0.0774 0.2445 
          96  1 0.1138 0.0819 0.4523 0.0404 0.1143 0.1308 0.0665 
          97  1 0.0699 0.3201 0.0553 0.0384 0.0538 0.0390 0.4237 
          98  1 0.1150 0.0975 0.0957 0.0737 0.1184 0.4102 0.0895 
          99  1 0.1603 0.1287 0.2892 0.0498 0.1768 0.0700 0.1252 
         100  1 0.0696 0.0398 0.2248 0.0554 0.0495 0.5236 0.0374 
         101  1 0.3036 0.1854 0.0504 0.0734 0.1869 0.0512 0.1491 
         102  1 0.1402 0.1177 0.1038 0.0632 0.3443 0.1502 0.0805 
         103  1 0.2011 0.1937 0.1051 0.0575 0.2015 0.0506 0.1906 
         104  1 0.0375 0.0549 0.6861 0.0651 0.0548 0.0428 0.0588 
         105  1 0.0540 0.0433 0.0965 0.0354 0.0470 0.6769 0.0469 
         106  1 0.1526 0.1571 0.0403 0.0549 0.4072 0.0534 0.1345 
         107  1 0.1011 0.1139 0.0417 0.4148 0.1623 0.0688 0.0973 
         108  1 0.0588 0.0375 0.1158 0.0801 0.0492 0.6240 0.0346 
         109  1 0.0571 0.0627 0.6641 0.0496 0.0656 0.0381 0.0628 
         110  1 0.0881 0.1971 0.1756 0.1170 0.0816 0.0867 0.2539 
         111  1 0.0929 0.0839 0.3380 0.0590 0.1066 0.2476 0.0721 
         112  1 0.1312 0.1041 0.0985 0.3671 0.1276 0.0879 0.0836 
         113  1 0.0798 0.2175 0.1611 0.0452 0.0933 0.0818 0.3212 
         114  1 0.0482 0.1593 0.3727 0.0723 0.0737 0.0744 0.1993 
         115  1 0.1310 0.1264 0.0554 0.2844 0.2814 0.0511 0.0703 
         116  1 0.0875 0.0786 0.0420 0.4426 0.2041 0.0725 0.0728 
         117  1 0.2228 0.1862 0.1513 0.0431 0.1893 0.0417 0.1656 
         118  1 0.0880 0.0707 0.0801 0.4800 0.1026 0.0907 0.0880 
         119  1 0.1192 0.0838 0.4915 0.0552 0.1186 0.0592 0.0724 
         120  1 0.1378 0.1179 0.0403 0.0531 0.1692 0.3693 0.1124 
         121  1 0.2684 0.1607 0.0692 0.0478 0.2026 0.0940 0.1572 
         122  1 0.1163 0.1909 0.0744 0.0570 0.1626 0.1522 0.2466 
         123  1 0.0603 0.3111 0.0409 0.0442 0.0720 0.0384 0.4331 
         124  1 0.1895 0.2033 0.0789 0.0517 0.1798 0.0703 0.2266 
         125  1 0.0512 0.2333 0.0643 0.2391 0.0622 0.0569 0.2929 
         126  1 0.2864 0.1643 0.0586 0.1247 0.1653 0.0705 0.1303 
         127  1 0.1736 0.1287 0.1619 0.0837 0.1945 0.1570 0.1007 
         128  1 0.0987 0.0799 0.0545 0.0739 0.0952 0.5231 0.0747 
         129  1 0.1070 0.1836 0.0642 0.0609 0.1137 0.2208 0.2498 
         130  1 0.2374 0.1712 0.0711 0.0958 0.2681 0.0469 0.1096 
         131  1 0.0581 0.2629 0.0726 0.0327 0.0711 0.0890 0.4136 
         132  1 0.1735 0.1169 0.1518 0.1060 0.2276 0.1361 0.0881 
         133  1 0.0553 0.0429 0.6489 0.0579 0.0454 0.1076 0.0421 
         134  1 0.1811 0.1962 0.0483 0.0476 0.2713 0.1083 0.1472 
         135  1 0.2424 0.1704 0.0441 0.0534 0.3048 0.0452 0.1398 
         136  1 0.0905 0.0921 0.0626 0.4046 0.1404 0.1045 0.1053 
         137  1 0.1619 0.1386 0.0995 0.0865 0.2345 0.1796 0.0994 
         138  1 0.0916 0.1023 0.0811 0.0584 0.0948 0.4514 0.1204 
         139  1 0.0636 0.0782 0.0481 0.5562 0.0672 0.0997 0.0870 
         140  1 0.2773 0.2129 0.0580 0.0479 0.2246 0.0421 0.1372 
         141  1 0.1955 0.1455 0.1142 0.1058 0.2077 0.1401 0.0913 
         142  1 0.0874 0.0862 0.4857 0.0641 0.1428 0.0539 0.0799 
         143  1 0.2115 0.1103 0.0575 0.1328 0.1396 0.2483 0.1000 
         144  1 0.2987 0.1425 0.0717 0.0689 0.1973 0.1347 0.0861 
         145  1 0.0908 0.2384 0.0684 0.0825 0.1378 0.0701 0.3120 
         146  1 0.2899 0.1704 0.1063 0.0837 0.1959 0.0493 0.1045 
         147  1 0.0927 0.2162 0.0779 0.0877 0.1071 0.1219 0.2967 
         148  1 0.2864 0.2006 0.0493 0.0454 0.1304 0.1357 0.1522 
         149  1 0.0805 0.1177 0.4290 0.0618 0.0815 0.1041 0.1255 
         150  1 0.1510 0.1013 0.4254 0.0497 0.1497 0.0508 0.0721 
         151  1 0.0486 0.0430 0.6792 0.0848 0.0465 0.0560 0.0418 
         152  1 0.2580 0.1831 0.0397 0.0571 0.2015 0.0624 0.1983 
         153  1 0.0730 0.0401 0.0529 0.1452 0.0472 0.6062 0.0355 
         154  1 0.1783 0.1404 0.1128 0.0459 0.2839 0.1185 0.1203 
         155  1 0.2594 0.1552 0.0653 0.0527 0.2315 0.1275 0.1084 
         156  1 0.2089 0.1150 0.1566 0.1509 0.1821 0.1079 0.0786 
         157  1 0.0762 0.2597 0.1254 0.1085 0.0704 0.0711 0.2886 
         158  1 0.1687 0.1269 0.1777 0.0974 0.1617 0.1575 0.1100 
         159  1 0.1730 0.1709 0.0778 0.2169 0.1511 0.0840 0.1263 
         160  1 0.0665 0.0561 0.0616 0.6218 0.0728 0.0622 0.0591 
         161  1 0.0768 0.0752 0.0811 0.5460 0.0656 0.0779 0.0774 
         162  1 0.2342 0.1634 0.0460 0.0513 0.2689 0.0885 0.1476 
         163  1 0.0705 0.2489 0.1743 0.0482 0.1440 0.0478 0.2662 
         164  1 0.0583 0.0506 0.0560 0.6599 0.0532 0.0695 0.0524 
         165  1 0.1902 0.1695 0.2631 0.0798 0.1221 0.0539 0.1213 
         166  1 0.0946 0.0656 0.0517 0.0626 0.0797 0.5835 0.0621 
         167  1 0.1883 0.1379 0.0870 0.0552 0.1768 0.2463 0.1084 
         168  1 0.1702 0.1351 0.0843 0.1698 0.2122 0.1001 0.1283 
         169  1 0.0799 0.0580 0.0408 0.6351 0.0785 0.0597 0.0480 
         170  1 0.2217 0.1292 0.0587 0.2396 0.1427 0.1238 0.0842 
         171  1 0.1151 0.1978 0.0869 0.0430 0.1251 0.1149 0.3172 
         172  1 0.0681 0.0450 0.0741 0.0661 0.0537 0.6498 0.0432 
         173  1 0.0716 0.0421 0.0588 0.0339 0.0641 0.6918 0.0378 
         174  1 0.1399 0.1424 0.1659 0.1333 0.1331 0.1370 0.1484 
         175  1 0.0951 0.2174 0.0762 0.0702 0.1079 0.1796 0.2536 
         176  1 0.1744 0.1473 0.0531 0.2705 0.2016 0.0645 0.0886 
         177  1 0.1600 0.1737 0.0816 0.1055 0.1205 0.1711 0.1875 
         178  1 0.0971 0.0870 0.0683 0.0628 0.0850 0.5123 0.0874 
         179  1 0.0827 0.1180 0.3464 0.0700 0.1027 0.1367 0.1435 
         180  1 0.1556 0.1227 0.0736 0.1605 0.3248 0.0755 0.0873 
         181  1 0.1359 0.1654 0.0868 0.0634 0.2947 0.1142 0.1396 
         182  1 0.0463 0.0583 0.6103 0.1235 0.0491 0.0419 0.0707 
         183  1 0.0541 0.0467 0.0690 0.6227 0.0530 0.1005 0.0539 
         184  1 0.1294 0.1433 0.2122 0.0957 0.1728 0.1049 0.1418 
         185  1 0.0809 0.1321 0.0703 0.2969 0.1799 0.0711 0.1689 
         186  1 0.1859 0.1212 0.0656 0.1134 0.1785 0.2503 0.0851 
         187  1 0.1848 0.2488 0.0454 0.0445 0.1669 0.0640 0.2456 
         188  1 0.0484 0.0410 0.0575 0.6767 0.0477 0.0925 0.0362 
         189  1 0.1899 0.1669 0.1090 0.1885 0.1336 0.0712 0.1408 
         190  1 0.2127 0.1182 0.1002 0.0886 0.1782 0.2275 0.0745 
         191  1 0.0787 0.0622 0.0624 0.0391 0.0600 0.6388 0.0588 
         192  1 0.0699 0.1816 0.0540 0.2753 0.0695 0.1015 0.2482 
         193  1 0.1511 0.1169 0.1560 0.2334 0.1264 0.1197 0.0965 
         194  1 0.2377 0.1955 0.0525 0.0635 0.2707 0.0558 0.1243 
         195  1 0.0652 0.0814 0.5468 0.0434 0.0873 0.0942 0.0818 
         196  1 0.1317 0.1537 0.0435 0.1286 0.3729 0.0565 0.1131 
         197  1 0.2295 0.1595 0.1088 0.0538 0.1952 0.1268 0.1264 
         198  1 0.1092 0.0777 0.1314 0.0557 0.0738 0.4792 0.0730 
         199  1 0.0501 0.3183 0.0706 0.0465 0.0625 0.0516 0.4005 
         200  1 0.0568 0.0607 0.6437 0.0285 0.0573 0.0860 0.0670 
         201  1 0.1379 0.1035 0.0336 0.2956 0.2108 0.1588 0.0598 
         202  1 0.2383 0.2324 0.0822 0.0823 0.1099 0.0554 0.1995 
         203  1 0.2474 0.1841 0.0534 0.0634 0.2360 0.0729 0.1428 
         204  1 0.1321 0.1427 0.1734 0.0495 0.1352 0.1794 0.1876 
         205  1 0.0721 0.3401 0.0348 0.0422 0.0541 0.0382 0.4185 
         206  1 0.2737 0.2272 0.0545 0.0565 0.1636 0.0711 0.1534 
         207  1 0.1135 0.1288 0.3521 0.0426 0.1835 0.0727 0.1068 
         208  1 0.0508 0.0582 0.6594 0.0378 0.0644 0.0618 0.0677 
         209  1 0.1405 0.0819 0.0680 0.1435 0.0835 0.3883 0.0943 
         210  1 0.1957 0.1617 0.0545 0.0867 0.1645 0.0958 0.2411 
         211  1 0.0983 0.0647 0.0531 0.0537 0.0629 0.6099 0.0574 
         212  1 0.0651 0.0530 0.0942 0.0504 0.0545 0.6271 0.0557 
         213  1 0.2568 0.1450 0.0837 0.2359 0.1454 0.0496 0.0836 
         214  1 0.2718 0.1909 0.0352 0.0495 0.2626 0.0490 0.1409 
         215  1 0.0848 0.0776 0.5986 0.0464 0.0878 0.0453 0.0596 
         216  1 0.0823 0.0692 0.5702 0.0582 0.0939 0.0693 0.0568 
         217  1 0.1326 0.2438 0.0433 0.0656 0.1383 0.0755 0.3010 
         218  1 0.0747 0.2849 0.1268 0.0565 0.0755 0.0387 0.3430 
         219  1 0.0702 0.0571 0.0443 0.0512 0.1191 0.6092 0.0490 
         220  1 0.1167 0.1199 0.0676 0.0575 0.0888 0.4092 0.1403 
         221  1 0.2604 0.1751 0.0471 0.0564 0.2620 0.0739 0.1250 
         222  1 0.1112 0.1261 0.0529 0.0829 0.2593 0.2446 0.1231 
         223  1 0.3349 0.1600 0.0564 0.0665 0.1697 0.0888 0.1236 
         224  1 0.1554 0.1363 0.1029 0.1004 0.1527 0.2275 0.1248 
         225  1 0.1891 0.1095 0.0635 0.2692 0.1256 0.1779 0.0652 
         226  1 0.1224 0.1156 0.1416 0.1563 0.1415 0.2203 0.1023 
         227  1 0.0880 0.3533 0.0321 0.0281 0.0619 0.0358 0.4008 
         228  1 0.1254 0.2236 0.1586 0.0484 0.1114 0.0703 0.2623 
         229  1 0.0908 0.0907 0.1296 0.3570 0.1000 0.0950 0.1369 
         230  1 0.0836 0.1605 0.2810 0.0552 0.1163 0.0893 0.2140 
         231  1 0.0479 0.0409 0.6950 0.0385 0.0541 0.0884 0.0353 
         232  1 0.0509 0.1900 0.3557 0.0583 0.0565 0.0695 0.2192 
         233  1 0.0867 0.0722 0.0606 0.0503 0.1045 0.5552 0.0705 
         234  1 0.0833 0.0724 0.4945 0.0931 0.0950 0.0880 0.0739 
         235  1 0.2013 0.1684 0.0694 0.1480 0.2823 0.0423 0.0883 
         236  1 0.2033 0.1643 0.0463 0.0623 0.2396 0.1462 0.1380 
         237  1 0.0769 0.1186 0.4015 0.1000 0.1066 0.0652 0.1312 
         238  1 0.2068 0.1702 0.0372 0.0621 0.3152 0.0713 0.1372 
         239  1 0.0552 0.1564 0.0609 0.4263 0.0494 0.0606 0.1912 
         240  1 0.1431 0.1622 0.0597 0.1132 0.2940 0.0386 0.1892 
         241  1 0.1794 0.1320 0.0732 0.0683 0.2724 0.1649 0.1098 
         242  1 0.0918 0.0716 0.0567 0.4760 0.0773 0.1329 0.0936 
         243  1 0.1489 0.1194 0.3722 0.0573 0.1284 0.0534 0.1205 
         244  1 0.1121 0.2741 0.0580 0.0301 0.1884 0.0374 0.2999 
         245  1 0.0572 0.0596 0.3791 0.2356 0.1291 0.0818 0.0576 
         246  1 0.0588 0.1559 0.3366 0.0540 0.0909 0.0860 0.2178 
         247  1 0.1016 0.0995 0.0733 0.3741 0.1726 0.0658 0.1131 
         248  1 0.1685 0.1401 0.0741 0.1628 0.2266 0.1237 0.1043 
         249  1 0.0609 0.0539 0.6966 0.0450 0.0608 0.0358 0.0471 
         250  1 0.1585 0.0924 0.0548 0.0851 0.1357 0.4084 0.0652 
         251  1 0.0379 0.0485 0.6109 0.1243 0.0389 0.0842 0.0552 
         252  1 0.2325 0.1604 0.0928 0.1074 0.2220 0.0652 0.1196 
         253  1 0.1377 0.3017 0.0315 0.0411 0.1071 0.0478 0.3331 
         254  1 0.1500 0.1256 0.0345 0.1202 0.2113 0.2469 0.1115 
         255  1 0.0772 0.1613 0.3365 0.0452 0.0904 0.0815 0.2081 
         256  1 0.3163 0.2102 0.0419 0.0378 0.1844 0.0619 0.1475 
         257  1 0.0842 0.0708 0.0669 0.2610 0.1130 0.3255 0.0787 
         258  1 0.0811 0.0733 0.0505 0.5544 0.1299 0.0497 0.0611 
         259  1 0.0516 0.0540 0.0531 0.6350 0.0857 0.0746 0.0459 
         260  1 0.2073 0.1399 0.0488 0.0547 0.2590 0.1576 0.1327 
         261  1 0.1003 0.2611 0.0400 0.0468 0.1033 0.1466 0.3018 
         262  1 0.1343 0.2100 0.0499 0.0788 0.1325 0.0645 0.3300 
         263  1 0.2504 0.1499 0.0590 0.0749 0.2301 0.1377 0.0980 
         264  1 0.1616 0.3064 0.0528 0.0377 0.0943 0.0312 0.3160 
         265  1 0.0958 0.1725 0.0947 0.2498 0.0969 0.0818 0.2085 
         266  1 0.2007 0.1318 0.1078 0.1195 0.2669 0.0857 0.0876 
         267  1 0.0834 0.0595 0.0731 0.0589 0.0641 0.6102 0.0508 
         268  1 0.0960 0.0730 0.5813 0.0608 0.0697 0.0585 0.0608 
         269  1 0.1419 0.1105 0.1022 0.1629 0.1760 0.2167 0.0898 
         270  1 0.1762 0.1362 0.0700 0.2217 0.2513 0.0645 0.0800 
         271  1 0.2413 0.2419 0.1344 0.0341 0.1181 0.0521 0.1780 
         272  1 0.1429 0.2182 0.0957 0.0700 0.1244 0.0607 0.2880 
         273  1 0.0598 0.0549 0.6354 0.0841 0.0553 0.0541 0.0564 
         274  1 0.1769 0.1062 0.0699 0.3581 0.1421 0.0932 0.0536 
         275  1 0.1432 0.1056 0.0856 0.0738 0.1286 0.3746 0.0886 
         276  1 0.1657 0.1365 0.0916 0.1212 0.2524 0.1279 0.1048 
         277  1 0.3599 0.2095 0.0520 0.0755 0.1367 0.0479 0.1185 
         278  1 0.1161 0.0986 0.2029 0.0827 0.1205 0.2603 0.1190 
         279  1 0.1944 0.1559 0.0313 0.1791 0.2254 0.0407 0.1732 
         280  1 0.1829 0.1579 0.0570 0.1054 0.1830 0.1878 0.1259 
         281  1 0.0462 0.0427 0.6787 0.0948 0.0489 0.0482 0.0404 
         282  1 0.3706 0.2134 0.0389 0.0531 0.1364 0.0420 0.1456 
         283  1 0.0684 0.2137 0.1198 0.0816 0.0881 0.0771 0.3513 
         284  1 0.0970 0.1222 0.2550 0.1163 0.1252 0.1241 0.1602 
         285  1 0.1609 0.1165 0.1520 0.1268 0.1060 0.1693 0.1685 
         286  1 0.2070 0.1168 0.0468 0.2892 0.1259 0.0642 0.1502 
         287  1 0.2298 0.1764 0.0790 0.0380 0.1237 0.0919 0.2613 
         288  1 0.2410 0.1742 0.0607 0.0910 0.1769 0.1345 0.1217 
         289  1 0.1520 0.1493 0.2562 0.0597 0.1856 0.1010 0.0962 
         290  1 0.2105 0.1960 0.0461 0.0429 0.1398 0.0675 0.2972 
         291  1 0.3151 0.1920 0.0432 0.0411 0.1844 0.0337 0.1906 
         292  1 0.0477 0.2004 0.2573 0.0478 0.0606 0.1170 0.2692 
         293  1 0.0687 0.0512 0.0392 0.1007 0.0976 0.5945 0.0481 
         294  1 0.3428 0.1807 0.0552 0.0828 0.1754 0.0482 0.1149 
         295  1 0.0635 0.3085 0.0484 0.0618 0.0523 0.0643 0.4012 
         296  1 0.2757 0.2150 0.0953 0.0609 0.1420 0.0514 0.1597 
         297  1 0.0545 0.2655 0.0507 0.0558 0.0971 0.0572 0.4192 
         298  1 0.0761 0.0498 0.0551 0.3597 0.1082 0.3132 0.0378 
         299  1 0.1293 0.1319 0.0573 0.2005 0.2967 0.0664 0.1179 
         300  1 0.0638 0.0592 0.0447 0.5490 0.1445 0.0897 0.0491 
         301  1 0.1503 0.1460 0.0516 0.2135 0.1477 0.1082 0.1826 
         302  1 0.1168 0.0891 0.0509 0.4809 0.1449 0.0570 0.0604 
         303  1 0.2701 0.1898 0.0570 0.0605 0.2412 0.0458 0.1357 
         304  1 0.1124 0.0831 0.0403 0.2127 0.1375 0.3522 0.0617 
         305  1 0.1611 0.1354 0.1174 0.1908 0.1431 0.1547 0.0974 
         306  1 0.1186 0.0985 0.0507 0.0428 0.2283 0.3745 0.0866 
         307  1 0.2255 0.1508 0.1059 0.0564 0.2936 0.0515 0.1163 
         308  1 0.1579 0.1044 0.1231 0.3416 0.1259 0.0792 0.0678 
         309  1 0.1433 0.1177 0.1062 0.1261 0.2684 0.1576 0.0806 
         310  1 0.0713 0.0580 0.0540 0.1070 0.0603 0.5870 0.0624 
         311  1 0.0736 0.0544 0.0320 0.0841 0.0588 0.6389 0.0583 
         312  1 0.1012 0.0641 0.0281 0.5997 0.0941 0.0785 0.0343 
         313  1 0.0678 0.2990 0.0600 0.1242 0.0532 0.0436 0.3521 
         314  1 0.0744 0.0839 0.0689 0.4642 0.0799 0.1247 0.1038 
         315  1 0.1014 0.0550 0.0349 0.5859 0.0702 0.1132 0.0394 
         316  1 0.0634 0.0741 0.1387 0.0693 0.0585 0.5112 0.0848 
         317  1 0.0926 0.0631 0.2670 0.0699 0.0827 0.3743 0.0504 
         318  1 0.1345 0.1131 0.0509 0.4066 0.1612 0.0505 0.0831 
         319  1 0.0573 0.0447 0.3737 0.0563 0.0604 0.3660 0.0416 
         320  1 0.0827 0.0579 0.0418 0.6624 0.0624 0.0483 0.0445 
         321  1 0.0960 0.2030 0.0984 0.0818 0.0962 0.0773 0.3473 
         322  1 0.1857 0.1523 0.0429 0.0700 0.2617 0.1957 0.0916 
         323  1 0.2551 0.1455 0.0465 0.0875 0.1980 0.1486 0.1189 
         324  1 0.0634 0.0586 0.0564 0.5201 0.0773 0.1596 0.0645 
         325  1 0.0777 0.0497 0.4345 0.0737 0.0593 0.2580 0.0472 
         326  1 0.2323 0.1376 0.0575 0.0859 0.1493 0.2138 0.1236 
         327  1 0.0905 0.1296 0.0452 0.0419 0.0605 0.4835 0.1487 
         328  1 0.2927 0.1530 0.0419 0.1032 0.2447 0.0665 0.0979 
         329  1 0.2686 0.1900 0.0505 0.0882 0.2497 0.0503 0.1027 
         330  1 0.2639 0.1852 0.0398 0.0989 0.2052 0.0811 0.1259 
         331  1 0.1294 0.1673 0.1654 0.0625 0.2186 0.1091 0.1477 
         332  1 0.2812 0.2313 0.0555 0.0413 0.1765 0.0574 0.1568 
         333  1 0.0679 0.1198 0.1162 0.3271 0.1228 0.0794 0.1669 
         334  1 0.0631 0.0432 0.0411 0.0432 0.0402 0.7238 0.0453 
         335  1 0.0686 0.0678 0.5444 0.1090 0.1081 0.0453 0.0569 
         336  1 0.1975 0.1435 0.0609 0.0598 0.1995 0.2214 0.1174 
         337  1 0.1093 0.0956 0.0680 0.4265 0.0873 0.0694 0.1440 
         338  1 0.2933 0.1642 0.0568 0.0534 0.2311 0.1099 0.0913 
         339  1 0.0584 0.0497 0.6773 0.0559 0.0554 0.0536 0.0496 
         340  1 0.2173 0.1899 0.0555 0.0796 0.1390 0.1422 0.1766 
         341  1 0.3498 0.1704 0.0414 0.1006 0.1537 0.0584 0.1256 
         342  1 0.0657 0.2980 0.0535 0.0407 0.0669 0.0449 0.4303 
         343  1 0.0521 0.0516 0.1162 0.5941 0.0477 0.0835 0.0549 
         344  1 0.1724 0.1350 0.1822 0.0776 0.3038 0.0415 0.0876 
         345  1 0.0532 0.0525 0.6933 0.0512 0.0536 0.0478 0.0485 
         346  1 0.0509 0.0675 0.0532 0.6336 0.0614 0.0617 0.0716 
         347  1 0.1134 0.0998 0.3268 0.0395 0.2405 0.1084 0.0716 
         348  1 0.0956 0.1206 0.1679 0.0693 0.1292 0.2763 0.1411 
         349  1 0.0636 0.1025 0.4123 0.0799 0.1207 0.1017 0.1193 
         350  1 0.1086 0.0818 0.0383 0.1277 0.0729 0.4905 0.0802 
         351  1 0.2118 0.1405 0.0800 0.0766 0.1900 0.1900 0.1110 
         352  1 0.2193 0.1733 0.0791 0.0346 0.2071 0.1022 0.1845 
         353  1 0.0714 0.0561 0.0466 0.0454 0.0470 0.6700 0.0635 
         354  1 0.0832 0.1776 0.1060 0.0897 0.1382 0.1789 0.2265 
         355  1 0.1072 0.0856 0.0479 0.0298 0.1101 0.5314 0.0880 
         356  1 0.0498 0.0485 0.0310 0.7134 0.0484 0.0559 0.0529 
         357  1 0.0804 0.3253 0.0518 0.0466 0.0636 0.0571 0.3750 
         358  1 0.1598 0.1273 0.0569 0.1897 0.1941 0.1853 0.0868 
         359  1 0.1107 0.1167 0.0602 0.4034 0.1190 0.0649 0.1251 
         360  1 0.1172 0.2258 0.0466 0.0421 0.0955 0.1489 0.3238 
         361  1 0.1623 0.1522 0.0410 0.2789 0.1807 0.0864 0.0984 
         362  1 0.1680 0.1807 0.0866 0.0749 0.2280 0.0538 0.2080 
         363  1 0.2826 0.1973 0.0437 0.0387 0.2582 0.0690 0.1105 
         364  1 0.0992 0.1700 0.0574 0.0671 0.2617 0.1417 0.2029 
         365  1 0.1172 0.0870 0.4065 0.1189 0.1709 0.0435 0.0559 
         366  1 0.1439 0.1113 0.0532 0.2723 0.1361 0.1451 0.1381 
         367  1 0.1554 0.1151 0.0528 0.0552 0.2199 0.3090 0.0926 
         368  1 0.1676 0.1227 0.2470 0.0317 0.2593 0.0746 0.0971 
         369  1 0.1798 0.2401 0.0596 0.0656 0.1513 0.0410 0.2627 
         370  1 0.1343 0.0987 0.1024 0.1023 0.1239 0.3564 0.0820 
         371  1 0.1382 0.2175 0.1032 0.0574 0.1150 0.0605 0.3082 
         372  1 0.1063 0.2376 0.0851 0.0378 0.1222 0.0707 0.3403 
         373  1 0.1930 0.1412 0.0627 0.3005 0.0939 0.0973 0.1114 
         374  1 0.1430 0.1062 0.1229 0.3011 0.1654 0.0766 0.0848 
         375  1 0.0503 0.3174 0.0487 0.0373 0.0726 0.0352 0.4386 
         376  1 0.1099 0.0756 0.5102 0.0540 0.0815 0.0622 0.1067 
         377  1 0.0854 0.0597 0.0543 0.5920 0.0620 0.0596 0.0869 
         378  1 0.0631 0.0746 0.0763 0.5864 0.0568 0.0537 0.0890 
         379  1 0.0801 0.0790 0.0895 0.0345 0.0765 0.5544 0.0860 
         380  1 0.0947 0.1438 0.0987 0.0863 0.1338 0.2254 0.2172 
         381  1 0.2039 0.1720 0.0702 0.1171 0.2159 0.0636 0.1573 
         382  1 0.0505 0.3097 0.0729 0.0445 0.0598 0.0553 0.4073 
         383  1 0.3017 0.1610 0.1228 0.0420 0.2244 0.0416 0.1065 
         384  1 0.1239 0.1244 0.0895 0.3696 0.1363 0.0498 0.1065 
         385  1 0.0605 0.0640 0.4785 0.2041 0.0974 0.0385 0.0570 
         386  1 0.2698 0.1676 0.1824 0.0602 0.1803 0.0439 0.0958 
         387  1 0.3136 0.2211 0.0353 0.0415 0.1966 0.0720 0.1199 
         388  1 0.1119 0.2381 0.0701 0.1007 0.1048 0.0701 0.3043 
         389  1 0.0583 0.1456 0.3919 0.0514 0.0797 0.0745 0.1987 
         390  1 0.1118 0.2166 0.0836 0.0452 0.1294 0.0492 0.3642 
         391  1 0.1911 0.1854 0.2036 0.0659 0.1260 0.0956 0.1324 
         392  1 0.2196 0.1429 0.0560 0.1609 0.1657 0.1279 0.1271 
         393  1 0.1383 0.1465 0.1448 0.1474 0.1326 0.1426 0.1478 
         394  1 0.1021 0.0797 0.4836 0.0486 0.0951 0.1358 0.0552 
         395  1 0.1507 0.1841 0.0480 0.0396 0.2855 0.0551 0.2371 
         396  1 0.0555 0.2392 0.0602 0.2111 0.0610 0.0621 0.3108 
         397  1 0.2775 0.1724 0.0517 0.0981 0.1509 0.0511 0.1982 
         398  1 0.1815 0.1471 0.0456 0.2261 0.2341 0.0504 0.1151 
         399  1 0.0849 0.2509 0.0509 0.0452 0.1867 0.0753 0.3061 
         400  1 0.2376 0.1700 0.1018 0.0836 0.1804 0.0936 0.1330 
         401  1 0.3257 0.1937 0.0458 0.0668 0.2012 0.0488 0.1179 
         402  1 0.0910 0.0748 0.5823 0.0602 0.0671 0.0506 0.0740 
         403  1 0.1945 0.1114 0.0642 0.2870 0.1444 0.1222 0.0763 
         404  1 0.1463 0.1358 0.2377 0.0630 0.2253 0.0913 0.1006 
         405  1 0.0641 0.1053 0.4255 0.1252 0.1142 0.0457 0.1200 
         406  1 0.0630 0.3005 0.0802 0.0633 0.0659 0.0430 0.3840 
         407  1 0.1371 0.1906 0.0806 0.0402 0.1147 0.1320 0.3049 
         408  1 0.1154 0.0853 0.0812 0.2875 0.1732 0.2000 0.0573 
         409  1 0.1513 0.1223 0.2601 0.0522 0.1569 0.1390 0.1181 
         410  1 0.2504 0.1882 0.0388 0.0470 0.1586 0.0526 0.2644 
         411  1 0.2574 0.1505 0.0802 0.1860 0.1525 0.0609 0.1125 
         412  1 0.0884 0.1034 0.0613 0.0777 0.2863 0.2607 0.1222 
         413  1 0.0867 0.0891 0.4127 0.0986 0.0977 0.1257 0.0896 
         414  1 0.1319 0.1223 0.2129 0.1115 0.1491 0.1520 0.1203 
         415  1 0.0732 0.0553 0.0719 0.6309 0.0596 0.0580 0.0511 
         416  1 0.0437 0.0487 0.7139 0.0370 0.0480 0.0576 0.0511 
         417  1 0.2261 0.1656 0.0671 0.0791 0.1687 0.0866 0.2067 
         418  1 0.1568 0.1294 0.1681 0.0516 0.1781 0.2063 0.1098 
         419  1 0.0789 0.2080 0.0873 0.0962 0.1111 0.0887 0.3299 
         420  1 0.2349 0.1974 0.0552 0.0903 0.2073 0.0647 0.1501 
         421  1 0.0974 0.1170 0.2981 0.0866 0.2249 0.0564 0.1197 
         422  1 0.1179 0.0977 0.1365 0.1668 0.2383 0.1612 0.0816 
         423  1 0.2071 0.1843 0.0414 0.0310 0.3612 0.0348 0.1403 
         424  1 0.0789 0.0617 0.0660 0.6195 0.0707 0.0504 0.0527 
         425  1 0.1814 0.1994 0.0606 0.1314 0.1812 0.0662 0.1798 
         426  1 0.1349 0.1008 0.4197 0.0751 0.1173 0.0744 0.0778 
         427  1 0.1494 0.1256 0.1055 0.0380 0.1239 0.3336 0.1240 
         428  1 0.2711 0.1918 0.0499 0.0598 0.1385 0.1332 0.1556 
         429  1 0.2459 0.1705 0.0710 0.0454 0.2662 0.0511 0.1500 
         430  1 0.1318 0.0869 0.0337 0.4756 0.1021 0.1189 0.0510 
         431  1 0.1536 0.1543 0.0666 0.0580 0.3008 0.0698 0.1969 
         432  1 0.0761 0.0551 0.2201 0.0503 0.0753 0.4693 0.0538 
         433  1 0.0536 0.2978 0.0685 0.0700 0.0527 0.0714 0.3860 
         434  1 0.0714 0.0701 0.3580 0.2846 0.0728 0.0700 0.0730 
         435  1 0.1435 0.1691 0.0558 0.0424 0.2311 0.1972 0.1608 
         436  1 0.0857 0.2135 0.1234 0.0689 0.0843 0.1345 0.2897 
         437  1 0.1105 0.0804 0.0466 0.5183 0.0730 0.0796 0.0916 
         438  1 0.1061 0.0662 0.0643 0.0988 0.0910 0.5185 0.0549 
         439  1 0.2166 0.1951 0.0550 0.0605 0.2624 0.0488 0.1616 
         440  1 0.0729 0.0519 0.0487 0.6192 0.0716 0.0925 0.0432 
         441  1 0.0459 0.0824 0.5943 0.0538 0.0725 0.0469 0.1041 
         442  1 0.0985 0.2324 0.0406 0.0777 0.1298 0.1607 0.2603 
         443  1 0.0642 0.3140 0.0553 0.0399 0.0839 0.0436 0.3990 
         444  1 0.3268 0.2157 0.0604 0.0609 0.1556 0.0496 0.1309 
         445  1 0.1401 0.1820 0.0491 0.0411 0.2853 0.0726 0.2297 
         446  1 0.0644 0.0576 0.6408 0.0351 0.0679 0.0827 0.0515 
         447  1 0.2020 0.2493 0.0401 0.0591 0.1892 0.0846 0.1757 
         448  1 0.1768 0.1192 0.0785 0.1814 0.1969 0.1788 0.0685 
         449  1 0.0475 0.0569 0.0715 0.6498 0.0590 0.0551 0.0603 
         450  1 0.0516 0.0642 0.6247 0.0546 0.0442 0.0866 0.0741 
         451  1 0.0545 0.0561 0.6359 0.0666 0.0566 0.0722 0.0581 
         452  1 0.0630 0.3361 0.0397 0.0335 0.0532 0.0508 0.4238 
         453  1 0.0685 0.0522 0.0583 0.0571 0.0433 0.6655 0.0550 
         454  1 0.1355 0.1144 0.1443 0.0624 0.1359 0.3100 0.0975 
         455  1 0.2515 0.1453 0.0483 0.0416 0.1493 0.2306 0.1334 
         456  1 0.0642 0.0566 0.6099 0.0578 0.0623 0.0891 0.0601 
         457  1 0.0818 0.0603 0.0687 0.5422 0.0569 0.0870 0.1031 
         458  1 0.3411 0.1934 0.0424 0.0859 0.1495 0.0373 0.1504 
         459  1 0.0542 0.0818 0.4639 0.0550 0.0620 0.1832 0.1000 
         460  1 0.3383 0.2151 0.0390 0.0414 0.1159 0.0570 0.1934 
         461  1 0.0636 0.0641 0.0627 0.5983 0.0537 0.0853 0.0723 
         462  1 0.0741 0.0656 0.0703 0.0535 0.0467 0.6146 0.0752 
         463  1 0.0868 0.0772 0.3960 0.1248 0.1412 0.0808 0.0931 
         464  1 0.2719 0.2334 0.0685 0.0728 0.1266 0.0664 0.1602 
         465  1 0.0649 0.0549 0.5468 0.1496 0.0856 0.0498 0.0485 
         466  1 0.2414 0.1695 0.0972 0.0499 0.1487 0.1070 0.1864 
         467  1 0.0555 0.3348 0.0595 0.0343 0.0628 0.0555 0.3976 
         468  1 0.2089 0.1597 0.1445 0.0470 0.2798 0.0414 0.1186 
         469  1 0.1012 0.2921 0.0397 0.0262 0.0629 0.0305 0.4473 
         470  1 0.1623 0.1335 0.1436 0.0833 0.2263 0.1613 0.0898 
         471  1 0.2024 0.1805 0.0758 0.0845 0.2498 0.0535 0.1535 
         472  1 0.2606 0.1571 0.1085 0.1018 0.1766 0.0991 0.0962 
         473  1 0.2813 0.1473 0.1094 0.0856 0.2175 0.0642 0.0947 
         474  1 0.2391 0.2073 0.0834 0.0497 0.2016 0.0403 0.1787 
         475  1 0.1420 0.1460 0.0350 0.0779 0.4387 0.0321 0.1283 
         476  1 0.1049 0.0717 0.4520 0.0630 0.1355 0.1149 0.0580 
         477  1 0.2393 0.1714 0.0569 0.0726 0.3129 0.0406 0.1064 
         478  1 0.0588 0.0508 0.0453 0.6617 0.0550 0.0737 0.0547 
         479  1 0.2444 0.2057 0.0717 0.0581 0.1650 0.0668 0.1883 
         480  1 0.0636 0.3293 0.0435 0.0520 0.0575 0.0489 0.4052 
         481  1 0.1460 0.1524 0.0915 0.2030 0.1564 0.1335 0.1172 
         482  1 0.0607 0.0710 0.0721 0.5593 0.0765 0.0905 0.0700 
         483  1 0.1817 0.1592 0.0712 0.0795 0.1669 0.2069 0.1347 
         484  1 0.2432 0.1861 0.0366 0.0814 0.1153 0.0459 0.2914 
         485  1 0.0852 0.2821 0.0491 0.0392 0.0767 0.0327 0.4350 
         486  1 0.0388 0.0584 0.7050 0.0417 0.0378 0.0495 0.0687 
         487  1 0.1258 0.2545 0.0884 0.0622 0.1185 0.0703 0.2804 
         488  1 0.2624 0.1743 0.0549 0.0294 0.2132 0.0362 0.2297 
         489  1 0.1543 0.1339 0.1063 0.1281 0.2426 0.1501 0.0848 
         490  1 0.1824 0.1898 0.1642 0.0543 0.2149 0.0705 0.1239 
         491  1 0.0617 0.2861 0.0675 0.0441 0.0688 0.0570 0.4149 
         492  1 0.0721 0.2870 0.0351 0.0497 0.0726 0.0345 0.4491 
