           1  1 0.0703 0.0655 0.0771 0.7872 
           2  1 0.1179 0.0831 0.6796 0.1195 
           3  1 0.0580 0.3215 0.5263 0.0942 
           4  1 0.0714 0.0545 0.0340 0.8402 
           5  1 0.0324 0.0512 0.0396 0.8768 
           6  1 0.0834 0.3947 0.4306 0.0913 
           7  1 0.1564 0.2117 0.5712 0.0607 
           8  1 0.0555 0.0434 0.0334 0.8677 
           9  1 0.0336 0.5916 0.3050 0.0698 
          10  1 0.0367 0.0698 0.0371 0.8565 
          11  1 0.8470 0.0653 0.0502 0.0375 
          12  1 0.0822 0.0831 0.4606 0.3740 
          13  1 0.4010 0.1612 0.1028 0.3350 
          14  1 0.0772 0.2433 0.1666 0.5128 
          15  1 0.2136 0.4632 0.2520 0.0712 
          16  1 0.4180 0.1120 0.0724 0.3976 
          17  1 0.7004 0.0753 0.1637 0.0605 
          18  1 0.0559 0.0712 0.1283 0.7445 
          19  1 0.1833 0.3477 0.3331 0.1359 
          20  1 0.0839 0.2720 0.1129 0.5313 
          21  1 0.1302 0.1256 0.0612 0.6830 
          22  1 0.1553 0.6140 0.0737 0.1570 
          23  1 0.0725 0.0620 0.8289 0.0366 
          24  1 0.0497 0.5383 0.3675 0.0446 
          25  1 0.7952 0.0806 0.0490 0.0751 
          26  1 0.0584 0.1551 0.6898 0.0967 
          27  1 0.2317 0.2097 0.0460 0.5126 
          28  1 0.3746 0.4299 0.1345 0.0610 
          29  1 0.0488 0.3415 0.3891 0.2206 
          30  1 0.2082 0.5846 0.1043 0.1029 
          31  1 0.5293 0.1746 0.2213 0.0747 
          32  1 0.1518 0.6488 0.1194 0.0801 
          33  1 0.4587 0.2827 0.2048 0.0537 
          34  1 0.3866 0.2321 0.2658 0.1156 
          35  1 0.0355 0.0893 0.1119 0.7633 
          36  1 0.0585 0.6290 0.2552 0.0573 
          37  1 0.6424 0.0968 0.1708 0.0899 
          38  1 0.0453 0.7010 0.2061 0.0476 
          39  1 0.1377 0.3030 0.0661 0.4932 
          40  1 0.8160 0.0661 0.0679 0.0501 
          41  1 0.0659 0.4864 0.2357 0.2119 
          42  1 0.6277 0.1270 0.1985 0.0468 
          43  1 0.0299 0.0509 0.8984 0.0208 
          44  1 0.0790 0.0700 0.8227 0.0283 
          45  1 0.0641 0.0578 0.0449 0.8333 
          46  1 0.1004 0.0817 0.7812 0.0368 
          47  1 0.0500 0.0846 0.0589 0.8065 
          48  1 0.1099 0.5038 0.3209 0.0654 
          49  1 0.0705 0.3636 0.3139 0.2519 
          50  1 0.1088 0.1627 0.0653 0.6633 
          51  1 0.2145 0.2981 0.1457 0.3417 
          52  1 0.7852 0.0863 0.0692 0.0593 
          53  1 0.0742 0.7001 0.0823 0.1434 
          54  1 0.1005 0.1272 0.1669 0.6054 
          55  1 0.6110 0.0876 0.1429 0.1585 
          56  1 0.1520 0.4137 0.3739 0.0605 
          57  1 0.0375 0.2102 0.6709 0.0814 
          58  1 0.0392 0.3398 0.5704 0.0506 
          59  1 0.0510 0.6635 0.2030 0.0825 
          60  1 0.0902 0.4149 0.3600 0.1349 
          61  1 0.8777 0.0473 0.0261 0.0489 
          62  1 0.0472 0.3317 0.5776 0.0435 
          63  1 0.1270 0.1177 0.0391 0.7162 
          64  1 0.0936 0.4806 0.1351 0.2908 
          65  1 0.2849 0.4784 0.1727 0.0640 
          66  1 0.1146 0.2179 0.0755 0.5920 
          67  1 0.1240 0.0973 0.7235 0.0551 
          68  1 0.0577 0.3720 0.5040 0.0662 
          69  1 0.0427 0.0398 0.0190 0.8985 
          70  1 0.0239 0.1443 0.8080 0.0238 
          71  1 0.0501 0.7069 0.0956 0.1473 
          72  1 0.0495 0.2989 0.4991 0.1525 
          73  1 0.0804 0.0376 0.0692 0.8128 
          74  1 0.1311 0.5536 0.0571 0.2582 
          75  1 0.8385 0.0678 0.0338 0.0599 
          76  1 0.0996 0.2067 0.5586 0.1351 
          77  1 0.0928 0.4721 0.2747 0.1605 
          78  1 0.7991 0.0754 0.0785 0.0471 
          79  1 0.7446 0.0644 0.0442 0.1468 
          80  1 0.0460 0.4958 0.4064 0.0518 
          81  1 0.0704 0.4028 0.0552 0.4716 
          82  1 0.3048 0.1687 0.1353 0.3913 
          83  1 0.0563 0.2455 0.5562 0.1419 
          84  1 0.1322 0.2968 0.2681 0.3029 
          85  1 0.0431 0.1069 0.0798 0.7702 
          86  1 0.1386 0.2313 0.4708 0.1593 
          87  1 0.0929 0.4498 0.3074 0.1499 
          88  1 0.1351 0.3674 0.3912 0.1063 
          89  1 0.8672 0.0445 0.0456 0.0428 
          90  1 0.0694 0.1103 0.7673 0.0530 
          91  1 0.6052 0.2339 0.0302 0.1307 
          92  1 0.0451 0.0743 0.7843 0.0963 
          93  1 0.1026 0.5940 0.1880 0.1154 
          94  1 0.0633 0.1661 0.0628 0.7078 
          95  1 0.0627 0.6696 0.1815 0.0862 
          96  1 0.7136 0.1906 0.0443 0.0515 
          97  1 0.0376 0.0429 0.8871 0.0324 
          98  1 0.6500 0.1708 0.0988 0.0804 
          99  1 0.3897 0.3562 0.1880 0.0660 
         100  1 0.8714 0.0440 0.0297 0.0550 
         101  1 0.0481 0.4844 0.3664 0.1011 
         102  1 0.1156 0.6839 0.0421 0.1584 
         103  1 0.1024 0.3549 0.4394 0.1033 
         104  1 0.8584 0.0394 0.0473 0.0550 
         105  1 0.8903 0.0341 0.0418 0.0338 
         106  1 0.0436 0.6538 0.0985 0.2041 
         107  1 0.0344 0.0660 0.0649 0.8347 
         108  1 0.8907 0.0327 0.0233 0.0533 
         109  1 0.7989 0.0617 0.0811 0.0583 
         110  1 0.2530 0.1001 0.5079 0.1389 
         111  1 0.7514 0.0997 0.0581 0.0908 
         112  1 0.0824 0.1005 0.0813 0.7358 
         113  1 0.2489 0.1027 0.5980 0.0504 
         114  1 0.5920 0.0571 0.2969 0.0539 
         115  1 0.0420 0.1185 0.0292 0.8104 
         116  1 0.0437 0.1344 0.0394 0.7825 
         117  1 0.0715 0.3288 0.5411 0.0587 
         118  1 0.0920 0.0972 0.0693 0.7415 
         119  1 0.6888 0.1783 0.0544 0.0784 
         120  1 0.0786 0.5006 0.2601 0.1608 
         121  1 0.0562 0.6331 0.2563 0.0544 
         122  1 0.1174 0.2672 0.5341 0.0812 
         123  1 0.0348 0.0582 0.8695 0.0375 
         124  1 0.0655 0.4279 0.4570 0.0496 
         125  1 0.0824 0.0653 0.6807 0.1716 
         126  1 0.0740 0.4606 0.2807 0.1848 
         127  1 0.1599 0.4671 0.2260 0.1469 
         128  1 0.7068 0.1050 0.0648 0.1234 
         129  1 0.1189 0.2500 0.5483 0.0828 
         130  1 0.0540 0.6103 0.1097 0.2260 
         131  1 0.1532 0.0889 0.7208 0.0371 
         132  1 0.2343 0.5283 0.0587 0.1787 
         133  1 0.8776 0.0414 0.0341 0.0469 
         134  1 0.0422 0.5242 0.3481 0.0855 
         135  1 0.0466 0.7762 0.1109 0.0663 
         136  1 0.0648 0.1193 0.1239 0.6919 
         137  1 0.1455 0.4749 0.1575 0.2221 
         138  1 0.7230 0.1041 0.1232 0.0497 
         139  1 0.0552 0.0501 0.0790 0.8157 
         140  1 0.0484 0.5105 0.3845 0.0566 
         141  1 0.1320 0.5267 0.1577 0.1836 
         142  1 0.6387 0.1920 0.0567 0.1126 
         143  1 0.1197 0.5396 0.1153 0.2253 
         144  1 0.0984 0.7247 0.0500 0.1269 
         145  1 0.0744 0.1948 0.6513 0.0795 
         146  1 0.0831 0.6736 0.1243 0.1190 
         147  1 0.1691 0.1253 0.6047 0.1008 
         148  1 0.0837 0.4011 0.4365 0.0787 
         149  1 0.7181 0.0862 0.1387 0.0570 
         150  1 0.4110 0.4366 0.0696 0.0827 
         151  1 0.8570 0.0380 0.0425 0.0625 
         152  1 0.0376 0.6790 0.2296 0.0539 
         153  1 0.7539 0.0616 0.0323 0.1523 
         154  1 0.1337 0.5928 0.1656 0.1079 
         155  1 0.0530 0.7093 0.1455 0.0923 
         156  1 0.2012 0.4407 0.0768 0.2812 
         157  1 0.1143 0.0833 0.7026 0.0998 
         158  1 0.2709 0.3122 0.2345 0.1824 
         159  1 0.0694 0.1033 0.1194 0.7079 
         160  1 0.0452 0.0591 0.0460 0.8496 
         161  1 0.0870 0.0614 0.0758 0.7759 
         162  1 0.0717 0.5718 0.2857 0.0708 
         163  1 0.1443 0.1789 0.6277 0.0491 
         164  1 0.0497 0.0475 0.0443 0.8586 
         165  1 0.3187 0.2603 0.2999 0.1211 
         166  1 0.5008 0.2317 0.1163 0.1512 
         167  1 0.4556 0.3600 0.1139 0.0706 
         168  1 0.1296 0.4555 0.0903 0.3246 
         169  1 0.0331 0.0520 0.0336 0.8814 
         170  1 0.0579 0.1680 0.0688 0.7052 
         171  1 0.1126 0.1917 0.6474 0.0483 
         172  1 0.8528 0.0553 0.0375 0.0543 
         173  1 0.8141 0.1057 0.0302 0.0499 
         174  1 0.2799 0.2353 0.2747 0.2102 
         175  1 0.1084 0.1573 0.6211 0.1131 
         176  1 0.0405 0.1242 0.0666 0.7687 
         177  1 0.1485 0.2444 0.3908 0.2164 
         178  1 0.7596 0.0985 0.0862 0.0558 
         179  1 0.5787 0.1390 0.1827 0.0996 
         180  1 0.0602 0.2395 0.0463 0.6540 
         181  1 0.0938 0.4637 0.2522 0.1903 
         182  1 0.7012 0.0607 0.1478 0.0903 
         183  1 0.0711 0.0466 0.0378 0.8444 
         184  1 0.3062 0.2855 0.2418 0.1665 
         185  1 0.1541 0.1986 0.2193 0.4281 
         186  1 0.1458 0.2331 0.0876 0.5335 
         187  1 0.0557 0.3473 0.5482 0.0489 
         188  1 0.0565 0.0399 0.0267 0.8769 
         189  1 0.1364 0.2379 0.2855 0.3402 
         190  1 0.1553 0.5855 0.0658 0.1934 
         191  1 0.8261 0.0720 0.0567 0.0452 
         192  1 0.0748 0.0867 0.3975 0.4410 
         193  1 0.2514 0.2311 0.1458 0.3718 
         194  1 0.0516 0.7132 0.1578 0.0774 
         195  1 0.7729 0.0863 0.0921 0.0487 
         196  1 0.0458 0.2591 0.0952 0.5999 
         197  1 0.1478 0.5940 0.1847 0.0735 
         198  1 0.8651 0.0487 0.0466 0.0396 
         199  1 0.0760 0.0663 0.8107 0.0471 
         200  1 0.8812 0.0437 0.0494 0.0257 
         201  1 0.0407 0.1055 0.0312 0.8226 
         202  1 0.0903 0.1848 0.6302 0.0947 
         203  1 0.0591 0.6421 0.2322 0.0666 
         204  1 0.3005 0.3119 0.3147 0.0729 
         205  1 0.0302 0.0489 0.8839 0.0370 
         206  1 0.0632 0.4320 0.4189 0.0858 
         207  1 0.4944 0.2846 0.1414 0.0796 
         208  1 0.8830 0.0428 0.0432 0.0310 
         209  1 0.6757 0.0959 0.0984 0.1299 
         210  1 0.0809 0.5177 0.2510 0.1503 
         211  1 0.7792 0.0942 0.0502 0.0764 
         212  1 0.8840 0.0423 0.0383 0.0354 
         213  1 0.0806 0.4465 0.1551 0.3178 
         214  1 0.0297 0.7388 0.1742 0.0573 
         215  1 0.7023 0.1728 0.0503 0.0745 
         216  1 0.7640 0.1091 0.0512 0.0757 
         217  1 0.0467 0.1248 0.6639 0.1645 
         218  1 0.0707 0.0757 0.7981 0.0554 
         219  1 0.7553 0.1473 0.0286 0.0688 
         220  1 0.1475 0.2745 0.4685 0.1095 
         221  1 0.0379 0.7636 0.1197 0.0788 
         222  1 0.0950 0.4306 0.3120 0.1623 
         223  1 0.0759 0.7222 0.1189 0.0830 
         224  1 0.2592 0.3009 0.2390 0.2009 
         225  1 0.0591 0.0857 0.0485 0.8067 
         226  1 0.3167 0.2230 0.1442 0.3161 
         227  1 0.0280 0.0615 0.8840 0.0265 
         228  1 0.1560 0.1609 0.6302 0.0529 
         229  1 0.1574 0.1454 0.1150 0.5822 
         230  1 0.4561 0.1499 0.3283 0.0657 
         231  1 0.8817 0.0574 0.0249 0.0361 
         232  1 0.5200 0.0585 0.3545 0.0670 
         233  1 0.8101 0.0985 0.0442 0.0472 
         234  1 0.7830 0.0701 0.0786 0.0683 
         235  1 0.0448 0.2848 0.0461 0.6242 
         236  1 0.0677 0.4133 0.4209 0.0981 
         237  1 0.6517 0.1187 0.1319 0.0976 
         238  1 0.0409 0.5934 0.2613 0.1043 
         239  1 0.0684 0.0515 0.3893 0.4908 
         240  1 0.0564 0.5740 0.1948 0.1747 
         241  1 0.1481 0.5436 0.0830 0.2252 
         242  1 0.0897 0.0866 0.0937 0.7300 
         243  1 0.4239 0.2354 0.2772 0.0634 
         244  1 0.0533 0.1908 0.7293 0.0266 
         245  1 0.6412 0.0983 0.0352 0.2253 
         246  1 0.5156 0.0995 0.3177 0.0671 
         247  1 0.0583 0.2407 0.0519 0.6490 
         248  1 0.0785 0.1746 0.0745 0.6724 
         249  1 0.8031 0.1073 0.0474 0.0422 
         250  1 0.1275 0.3355 0.0754 0.4615 
         251  1 0.8613 0.0290 0.0506 0.0591 
         252  1 0.1040 0.6048 0.1707 0.1205 
         253  1 0.0311 0.1395 0.7883 0.0411 
         254  1 0.0439 0.3847 0.2149 0.3566 
         255  1 0.5826 0.1048 0.2599 0.0527 
         256  1 0.0507 0.6259 0.2565 0.0669 
         257  1 0.3692 0.1817 0.0642 0.3850 
         258  1 0.0372 0.0744 0.0348 0.8536 
         259  1 0.0474 0.0468 0.0287 0.8771 
         260  1 0.0943 0.5390 0.1475 0.2191 
         261  1 0.0539 0.0893 0.7909 0.0659 
         262  1 0.0634 0.1530 0.6994 0.0842 
         263  1 0.0744 0.7363 0.0685 0.1209 
         264  1 0.0356 0.1232 0.7993 0.0419 
         265  1 0.1023 0.0848 0.3383 0.4746 
         266  1 0.0910 0.3569 0.0927 0.4594 
         267  1 0.8514 0.0689 0.0375 0.0421 
         268  1 0.7779 0.0915 0.0685 0.0621 
         269  1 0.1735 0.1184 0.0694 0.6388 
         270  1 0.0532 0.1369 0.0335 0.7764 
         271  1 0.0887 0.2731 0.5991 0.0391 
         272  1 0.0833 0.1438 0.6899 0.0830 
         273  1 0.8081 0.0694 0.0523 0.0702 
         274  1 0.0463 0.0757 0.0326 0.8453 
         275  1 0.5676 0.2176 0.1126 0.1021 
         276  1 0.1783 0.4208 0.1074 0.2936 
         277  1 0.0499 0.5797 0.2157 0.1547 
         278  1 0.5082 0.2027 0.1552 0.1339 
         279  1 0.0275 0.2801 0.2809 0.4115 
         280  1 0.0973 0.4003 0.2954 0.2070 
         281  1 0.8279 0.0561 0.0403 0.0758 
         282  1 0.0371 0.4740 0.4053 0.0836 
         283  1 0.1919 0.1152 0.5945 0.0983 
         284  1 0.3959 0.1709 0.2244 0.2088 
         285  1 0.3118 0.1922 0.2698 0.2262 
         286  1 0.0617 0.2646 0.2040 0.4697 
         287  1 0.0952 0.2623 0.5997 0.0427 
         288  1 0.0803 0.5195 0.2536 0.1466 
         289  1 0.3389 0.4015 0.1426 0.1170 
         290  1 0.0526 0.2490 0.6452 0.0532 
         291  1 0.0321 0.4567 0.4562 0.0550 
         292  1 0.4924 0.0465 0.4150 0.0461 
         293  1 0.7128 0.1230 0.0375 0.1267 
         294  1 0.0563 0.6302 0.1518 0.1617 
         295  1 0.0649 0.0617 0.8023 0.0710 
         296  1 0.0748 0.3573 0.5089 0.0590 
         297  1 0.0888 0.1274 0.7334 0.0503 
         298  1 0.0991 0.0758 0.0231 0.8020 
         299  1 0.0610 0.4242 0.0981 0.4167 
         300  1 0.0466 0.1071 0.0269 0.8194 
         301  1 0.0674 0.2341 0.3267 0.3718 
         302  1 0.0413 0.0794 0.0241 0.8552 
         303  1 0.0356 0.6677 0.2062 0.0905 
         304  1 0.0680 0.2749 0.0961 0.5610 
         305  1 0.2058 0.2891 0.1925 0.3126 
         306  1 0.2610 0.5966 0.0684 0.0739 
         307  1 0.1247 0.7344 0.0808 0.0600 
         308  1 0.1646 0.2856 0.0770 0.4729 
         309  1 0.2173 0.3744 0.0962 0.3120 
         310  1 0.7799 0.0715 0.0488 0.0998 
         311  1 0.6471 0.1233 0.0680 0.1615 
         312  1 0.0225 0.0356 0.0171 0.9248 
         313  1 0.0418 0.0440 0.8311 0.0831 
         314  1 0.0806 0.0830 0.1015 0.7350 
         315  1 0.0353 0.0358 0.0256 0.9034 
         316  1 0.8534 0.0442 0.0612 0.0412 
         317  1 0.7504 0.0909 0.0489 0.1098 
         318  1 0.0498 0.1238 0.0829 0.7435 
         319  1 0.8989 0.0344 0.0295 0.0372 
         320  1 0.0324 0.0545 0.0312 0.8819 
         321  1 0.1572 0.1253 0.6103 0.1073 
         322  1 0.1920 0.5688 0.0851 0.1540 
         323  1 0.0859 0.4782 0.2678 0.1681 
         324  1 0.0588 0.0553 0.0468 0.8391 
         325  1 0.8513 0.0510 0.0355 0.0622 
         326  1 0.1157 0.3944 0.3095 0.1805 
         327  1 0.7184 0.0900 0.1413 0.0503 
         328  1 0.0516 0.7200 0.0836 0.1448 
         329  1 0.0437 0.6601 0.1256 0.1706 
         330  1 0.0561 0.4952 0.3383 0.1103 
         331  1 0.3340 0.3344 0.1861 0.1456 
         332  1 0.0776 0.4841 0.3692 0.0691 
         333  1 0.1283 0.1265 0.2084 0.5367 
         334  1 0.8628 0.0466 0.0430 0.0476 
         335  1 0.6868 0.1089 0.0540 0.1503 
         336  1 0.0803 0.4924 0.3005 0.1269 
         337  1 0.0654 0.1130 0.1534 0.6683 
         338  1 0.0741 0.7958 0.0550 0.0750 
         339  1 0.8437 0.0626 0.0491 0.0446 
         340  1 0.0825 0.2870 0.5178 0.1127 
         341  1 0.0448 0.5636 0.2228 0.1688 
         342  1 0.0466 0.0576 0.8658 0.0300 
         343  1 0.1115 0.0474 0.0656 0.7755 
         344  1 0.1216 0.6906 0.0600 0.1278 
         345  1 0.8601 0.0523 0.0442 0.0434 
         346  1 0.0371 0.0481 0.0737 0.8411 
         347  1 0.4049 0.4138 0.0937 0.0876 
         348  1 0.6668 0.0931 0.1461 0.0940 
         349  1 0.6574 0.1128 0.1312 0.0985 
         350  1 0.6052 0.1419 0.0882 0.1647 
         351  1 0.1787 0.5638 0.1386 0.1189 
         352  1 0.1069 0.4108 0.4324 0.0498 
         353  1 0.8029 0.0613 0.0734 0.0625 
         354  1 0.3874 0.1391 0.3682 0.1053 
         355  1 0.5868 0.2796 0.0986 0.0350 
         356  1 0.0284 0.0404 0.0379 0.8933 
         357  1 0.0410 0.0581 0.8612 0.0397 
         358  1 0.1006 0.1474 0.0933 0.6588 
         359  1 0.0580 0.1153 0.2036 0.6231 
         360  1 0.1030 0.1239 0.7162 0.0570 
         361  1 0.0385 0.0829 0.0906 0.7879 
         362  1 0.0639 0.6208 0.2368 0.0785 
         363  1 0.0401 0.8461 0.0715 0.0423 
         364  1 0.1447 0.4025 0.3459 0.1069 
         365  1 0.3107 0.4602 0.0366 0.1925 
         366  1 0.0765 0.1857 0.1589 0.5789 
         367  1 0.1881 0.4564 0.0955 0.2600 
         368  1 0.2485 0.6308 0.0769 0.0439 
         369  1 0.0473 0.1784 0.7174 0.0569 
         370  1 0.5847 0.2141 0.0831 0.1180 
         371  1 0.0821 0.1566 0.7045 0.0568 
         372  1 0.0847 0.1587 0.7109 0.0457 
         373  1 0.0977 0.1571 0.2435 0.5017 
         374  1 0.1125 0.1124 0.0581 0.7170 
         375  1 0.0313 0.0666 0.8739 0.0282 
         376  1 0.7430 0.1043 0.0868 0.0659 
         377  1 0.0491 0.0741 0.0671 0.8098 
         378  1 0.0541 0.0503 0.0994 0.7962 
         379  1 0.8258 0.0685 0.0708 0.0349 
         380  1 0.3034 0.1799 0.3561 0.1606 
         381  1 0.0746 0.3018 0.2145 0.4091 
         382  1 0.0759 0.0453 0.8329 0.0460 
         383  1 0.0794 0.7644 0.1119 0.0444 
         384  1 0.0728 0.1442 0.1423 0.6407 
         385  1 0.5990 0.1025 0.0591 0.2394 
         386  1 0.1089 0.6773 0.1471 0.0667 
         387  1 0.0349 0.6032 0.3080 0.0540 
         388  1 0.0680 0.0902 0.5654 0.2764 
         389  1 0.5616 0.0952 0.2935 0.0497 
         390  1 0.0638 0.1173 0.7681 0.0508 
         391  1 0.3102 0.3035 0.2780 0.1083 
         392  1 0.0498 0.2929 0.1888 0.4685 
         393  1 0.2532 0.2233 0.2712 0.2523 
         394  1 0.7616 0.1213 0.0493 0.0678 
         395  1 0.0383 0.7543 0.1602 0.0472 
         396  1 0.0678 0.0746 0.6351 0.2225 
         397  1 0.0409 0.2795 0.5480 0.1316 
         398  1 0.0454 0.3038 0.1239 0.5269 
         399  1 0.0555 0.2054 0.6857 0.0533 
         400  1 0.1285 0.4674 0.2942 0.1098 
         401  1 0.0435 0.7174 0.1398 0.0993 
         402  1 0.7882 0.0685 0.0740 0.0693 
         403  1 0.0652 0.1779 0.0745 0.6824 
         404  1 0.3058 0.4615 0.1099 0.1229 
         405  1 0.5823 0.1288 0.1348 0.1541 
         406  1 0.0566 0.0693 0.8133 0.0608 
         407  1 0.1021 0.1649 0.6927 0.0403 
         408  1 0.1240 0.3470 0.0553 0.4738 
         409  1 0.2598 0.3697 0.2616 0.1089 
         410  1 0.0396 0.3440 0.5551 0.0612 
         411  1 0.0772 0.4240 0.2604 0.2384 
         412  1 0.3505 0.3307 0.1373 0.1816 
         413  1 0.5382 0.1639 0.1502 0.1477 
         414  1 0.3155 0.2895 0.1873 0.2077 
         415  1 0.0544 0.0732 0.0451 0.8273 
         416  1 0.8674 0.0489 0.0486 0.0351 
         417  1 0.0976 0.4276 0.3731 0.1017 
         418  1 0.2654 0.4498 0.2073 0.0775 
         419  1 0.1599 0.1457 0.5850 0.1094 
         420  1 0.0567 0.4375 0.3407 0.1651 
         421  1 0.4836 0.2430 0.1500 0.1234 
         422  1 0.3379 0.3684 0.0819 0.2119 
         423  1 0.0334 0.8174 0.1196 0.0297 
         424  1 0.0380 0.0442 0.0395 0.8782 
         425  1 0.0533 0.2209 0.5690 0.1568 
         426  1 0.5644 0.2010 0.1304 0.1041 
         427  1 0.2165 0.2639 0.4264 0.0932 
         428  1 0.0907 0.3771 0.4359 0.0963 
         429  1 0.0554 0.6699 0.2227 0.0520 
         430  1 0.0305 0.0403 0.0328 0.8964 
         431  1 0.0648 0.7451 0.0917 0.0984 
         432  1 0.8232 0.0643 0.0540 0.0585 
         433  1 0.0694 0.0505 0.8186 0.0616 
         434  1 0.4861 0.0785 0.0650 0.3704 
         435  1 0.1936 0.4338 0.2689 0.1037 
         436  1 0.1960 0.1140 0.6096 0.0804 
         437  1 0.0439 0.0660 0.0614 0.8287 
         438  1 0.4471 0.1305 0.0558 0.3666 
         439  1 0.0748 0.4724 0.3612 0.0916 
         440  1 0.0523 0.0654 0.0339 0.8484 
         441  1 0.7232 0.0875 0.1470 0.0423 
         442  1 0.0766 0.1183 0.5369 0.2682 
         443  1 0.0513 0.0737 0.8408 0.0341 
         444  1 0.0635 0.6023 0.2129 0.1213 
         445  1 0.0594 0.5179 0.3430 0.0796 
         446  1 0.8722 0.0533 0.0405 0.0340 
         447  1 0.0520 0.4460 0.4030 0.0990 
         448  1 0.0995 0.1662 0.0500 0.6844 
         449  1 0.0552 0.0473 0.0520 0.8454 
         450  1 0.8769 0.0301 0.0517 0.0412 
         451  1 0.8442 0.0547 0.0523 0.0488 
         452  1 0.0350 0.0515 0.8744 0.0391 
         453  1 0.8505 0.0484 0.0509 0.0502 
         454  1 0.5912 0.2067 0.1167 0.0855 
         455  1 0.1145 0.5722 0.2487 0.0646 
         456  1 0.8228 0.0693 0.0582 0.0496 
         457  1 0.0776 0.0571 0.0986 0.7668 
         458  1 0.0434 0.5402 0.2852 0.1312 
         459  1 0.7938 0.0565 0.1033 0.0464 
         460  1 0.0433 0.3095 0.5801 0.0671 
         461  1 0.0699 0.0473 0.0593 0.8234 
         462  1 0.8513 0.0401 0.0667 0.0419 
         463  1 0.5535 0.2019 0.0583 0.1863 
         464  1 0.0753 0.2846 0.5072 0.1328 
         465  1 0.7327 0.1027 0.0375 0.1270 
         466  1 0.1087 0.3707 0.4525 0.0680 
         467  1 0.0588 0.0533 0.8551 0.0327 
         468  1 0.0847 0.6534 0.1653 0.0966 
         469  1 0.0263 0.0493 0.9030 0.0214 
         470  1 0.4040 0.2840 0.0639 0.2481 
         471  1 0.0656 0.4680 0.2264 0.2400 
         472  1 0.1281 0.5590 0.1272 0.1857 
         473  1 0.0822 0.6928 0.0952 0.1298 
         474  1 0.0496 0.5390 0.3500 0.0614 
         475  1 0.0289 0.4629 0.1050 0.4033 
         476  1 0.7955 0.1104 0.0306 0.0635 
         477  1 0.0402 0.6975 0.0638 0.1985 
         478  1 0.0393 0.0464 0.0397 0.8746 
         479  1 0.0663 0.2839 0.5763 0.0736 
         480  1 0.0534 0.0570 0.8296 0.0600 
         481  1 0.0841 0.1259 0.1398 0.6502 
         482  1 0.0671 0.0742 0.0835 0.7752 
         483  1 0.1572 0.3598 0.3541 0.1289 
         484  1 0.0380 0.2151 0.6775 0.0693 
         485  1 0.0391 0.1033 0.8157 0.0419 
         486  1 0.8665 0.0309 0.0690 0.0336 
         487  1 0.0823 0.1410 0.7091 0.0677 
         488  1 0.0771 0.6513 0.2219 0.0497 
         489  1 0.2170 0.5189 0.0913 0.1728 
         490  1 0.1989 0.4691 0.2025 0.1296 
         491  1 0.0848 0.0863 0.7771 0.0518 
         492  1 0.0316 0.0918 0.8362 0.0405 
