           1  1 0.1106 0.1229 0.1076 0.0795 0.0498 0.5296 
           2  1 0.6033 0.0703 0.1165 0.0522 0.0569 0.1008 
           3  1 0.1252 0.1083 0.0863 0.0523 0.5583 0.0696 
           4  1 0.0400 0.0812 0.0793 0.1100 0.0691 0.6203 
           5  1 0.0546 0.1036 0.0813 0.0453 0.0655 0.6496 
           6  1 0.1331 0.1669 0.0732 0.1128 0.4340 0.0800 
           7  1 0.2662 0.1538 0.0295 0.2622 0.2100 0.0782 
           8  1 0.0403 0.0627 0.0991 0.0705 0.0557 0.6717 
           9  1 0.0852 0.1878 0.0609 0.0403 0.5689 0.0569 
          10  1 0.0484 0.1462 0.1034 0.0627 0.0816 0.5578 
          11  1 0.0618 0.0800 0.0697 0.6795 0.0658 0.0433 
          12  1 0.4149 0.0708 0.1137 0.0425 0.0798 0.2783 
          13  1 0.1168 0.1264 0.1204 0.3283 0.0541 0.2539 
          14  1 0.0577 0.1186 0.2807 0.0453 0.3246 0.1731 
          15  1 0.1289 0.2897 0.2044 0.0486 0.2675 0.0610 
          16  1 0.0676 0.1004 0.0722 0.3656 0.0711 0.3231 
          17  1 0.2188 0.0753 0.0790 0.5094 0.0513 0.0662 
          18  1 0.1300 0.0770 0.1129 0.0586 0.0715 0.5500 
          19  1 0.1442 0.2335 0.0851 0.1556 0.2774 0.1043 
          20  1 0.0617 0.1810 0.0504 0.1194 0.2485 0.3389 
          21  1 0.0686 0.1676 0.2221 0.1168 0.1030 0.3219 
          22  1 0.0448 0.3719 0.2592 0.0570 0.1643 0.1027 
          23  1 0.6612 0.0702 0.0557 0.1081 0.0651 0.0398 
          24  1 0.1574 0.3777 0.0772 0.0950 0.2522 0.0406 
          25  1 0.0442 0.1079 0.0580 0.6151 0.0664 0.1084 
          26  1 0.5346 0.1383 0.0479 0.0716 0.1360 0.0716 
          27  1 0.0497 0.2025 0.2436 0.0807 0.0801 0.3434 
          28  1 0.0742 0.2691 0.1377 0.3636 0.1115 0.0440 
          29  1 0.1260 0.1353 0.0797 0.0420 0.5266 0.0903 
          30  1 0.1063 0.4315 0.1907 0.0544 0.1276 0.0896 
          31  1 0.2388 0.1432 0.0688 0.3956 0.0793 0.0743 
          32  1 0.0754 0.4936 0.1215 0.0729 0.1815 0.0551 
          33  1 0.1702 0.1748 0.3288 0.1114 0.1606 0.0541 
          34  1 0.2291 0.2498 0.1233 0.1910 0.1094 0.0974 
          35  1 0.1421 0.1594 0.1183 0.0435 0.1227 0.4140 
          36  1 0.1190 0.3241 0.1356 0.0695 0.2964 0.0553 
          37  1 0.1215 0.0676 0.0423 0.5961 0.0893 0.0831 
          38  1 0.1126 0.6271 0.0478 0.0736 0.0990 0.0399 
          39  1 0.0492 0.1807 0.0922 0.1253 0.2331 0.3195 
          40  1 0.0787 0.0745 0.6553 0.0778 0.0593 0.0544 
          41  1 0.1106 0.3129 0.1204 0.0451 0.2892 0.1217 
          42  1 0.1429 0.0926 0.0640 0.4318 0.2167 0.0520 
          43  1 0.8081 0.0422 0.0395 0.0337 0.0493 0.0273 
          44  1 0.5689 0.0837 0.0549 0.1197 0.1339 0.0388 
          45  1 0.0503 0.0576 0.0548 0.0669 0.0781 0.6922 
          46  1 0.6768 0.0597 0.0991 0.0666 0.0590 0.0388 
          47  1 0.0700 0.0893 0.0552 0.0771 0.1021 0.6063 
          48  1 0.1195 0.2407 0.0839 0.0988 0.4165 0.0405 
          49  1 0.1703 0.2022 0.4270 0.0441 0.0688 0.0877 
          50  1 0.0564 0.1547 0.3324 0.1032 0.0752 0.2781 
          51  1 0.0532 0.1003 0.6479 0.0533 0.0764 0.0689 
          52  1 0.1058 0.1278 0.4825 0.0887 0.1088 0.0864 
          53  1 0.0502 0.3493 0.3126 0.0814 0.1395 0.0670 
          54  1 0.1031 0.1095 0.3296 0.0538 0.0811 0.3228 
          55  1 0.1433 0.0873 0.1031 0.4920 0.0843 0.0900 
          56  1 0.2104 0.2927 0.0635 0.2107 0.1651 0.0576 
          57  1 0.4082 0.1718 0.1063 0.0538 0.1996 0.0602 
          58  1 0.1700 0.1597 0.0867 0.0403 0.4954 0.0478 
          59  1 0.0612 0.2290 0.1270 0.0558 0.4747 0.0524 
          60  1 0.1831 0.2373 0.1246 0.0889 0.2556 0.1105 
          61  1 0.0314 0.0473 0.0511 0.7711 0.0405 0.0584 
          62  1 0.1389 0.1122 0.0534 0.0683 0.5863 0.0409 
          63  1 0.0430 0.1675 0.1174 0.1449 0.1060 0.4211 
          64  1 0.0509 0.1165 0.6438 0.0438 0.0778 0.0672 
          65  1 0.0836 0.1790 0.4937 0.1148 0.0917 0.0371 
          66  1 0.0759 0.2579 0.2052 0.0683 0.0925 0.3002 
          67  1 0.5561 0.0828 0.0588 0.1592 0.0881 0.0550 
          68  1 0.1602 0.1568 0.0860 0.0689 0.4695 0.0587 
          69  1 0.0247 0.0677 0.0869 0.0697 0.0443 0.7067 
          70  1 0.4526 0.0875 0.0344 0.0353 0.3591 0.0311 
          71  1 0.0570 0.3081 0.0953 0.0636 0.3552 0.1209 
          72  1 0.1229 0.2158 0.0851 0.0454 0.4428 0.0880 
          73  1 0.1072 0.0536 0.0721 0.0955 0.0407 0.6309 
          74  1 0.0486 0.4077 0.0568 0.1956 0.1291 0.1622 
          75  1 0.0391 0.0731 0.0811 0.6709 0.0654 0.0704 
          76  1 0.3486 0.1854 0.0642 0.1305 0.1467 0.1246 
          77  1 0.0701 0.1197 0.1186 0.0632 0.5261 0.1024 
          78  1 0.1087 0.0976 0.0521 0.6275 0.0574 0.0568 
          79  1 0.0639 0.1241 0.1827 0.3860 0.0805 0.1628 
          80  1 0.1348 0.1689 0.0942 0.0639 0.4943 0.0438 
          81  1 0.0355 0.2402 0.3833 0.0883 0.0786 0.1742 
          82  1 0.1690 0.1489 0.1687 0.2106 0.0600 0.2427 
          83  1 0.1458 0.1709 0.0681 0.0773 0.4330 0.1049 
          84  1 0.1273 0.1809 0.1549 0.0918 0.2976 0.1475 
          85  1 0.0755 0.0970 0.0788 0.0513 0.1266 0.5710 
          86  1 0.2597 0.1554 0.2048 0.0829 0.2026 0.0947 
          87  1 0.1587 0.1593 0.4406 0.0510 0.1182 0.0721 
          88  1 0.1351 0.2088 0.2023 0.1516 0.2311 0.0710 
          89  1 0.0612 0.0565 0.0788 0.6808 0.0661 0.0566 
          90  1 0.6039 0.0683 0.1551 0.0672 0.0554 0.0501 
          91  1 0.0347 0.2265 0.4483 0.0699 0.1037 0.1170 
          92  1 0.5941 0.0904 0.0522 0.0574 0.0843 0.1216 
          93  1 0.1026 0.3632 0.3191 0.0849 0.0703 0.0599 
          94  1 0.0816 0.2500 0.0849 0.1044 0.1357 0.3434 
          95  1 0.1512 0.4063 0.0950 0.0875 0.1860 0.0740 
          96  1 0.0383 0.1367 0.1543 0.5189 0.1072 0.0446 
          97  1 0.7405 0.0501 0.0423 0.0543 0.0729 0.0398 
          98  1 0.0857 0.1443 0.4411 0.1101 0.1412 0.0775 
          99  1 0.1193 0.2222 0.0776 0.3283 0.1979 0.0548 
         100  1 0.0353 0.0523 0.5346 0.2560 0.0568 0.0650 
         101  1 0.0709 0.1785 0.0529 0.0619 0.5587 0.0771 
         102  1 0.0304 0.4485 0.2277 0.1199 0.1035 0.0701 
         103  1 0.2588 0.2255 0.0702 0.1243 0.2487 0.0725 
         104  1 0.0778 0.0614 0.0452 0.7084 0.0358 0.0715 
         105  1 0.0524 0.0557 0.7010 0.1150 0.0369 0.0389 
         106  1 0.0943 0.6171 0.0679 0.0476 0.1011 0.0720 
         107  1 0.1018 0.1457 0.0749 0.0434 0.0590 0.5751 
         108  1 0.0344 0.0529 0.6823 0.1140 0.0378 0.0786 
         109  1 0.0781 0.0700 0.0411 0.6807 0.0670 0.0632 
         110  1 0.4117 0.0833 0.0946 0.1875 0.0776 0.1453 
         111  1 0.0723 0.1396 0.2757 0.3890 0.0504 0.0729 
         112  1 0.0797 0.1184 0.0907 0.1099 0.1133 0.4880 
         113  1 0.4934 0.0983 0.0857 0.1840 0.0860 0.0527 
         114  1 0.3243 0.0714 0.0888 0.3973 0.0467 0.0715 
         115  1 0.0363 0.3046 0.0518 0.0605 0.0763 0.4705 
         116  1 0.0411 0.2089 0.0949 0.0511 0.0880 0.5160 
         117  1 0.1701 0.2138 0.0529 0.1760 0.3385 0.0487 
         118  1 0.0629 0.1106 0.0975 0.1029 0.0874 0.5388 
         119  1 0.0495 0.1204 0.0758 0.5421 0.1450 0.0671 
         120  1 0.1085 0.1772 0.5326 0.0435 0.0852 0.0530 
         121  1 0.0938 0.2378 0.1445 0.0801 0.3900 0.0540 
         122  1 0.3457 0.1852 0.2258 0.0865 0.0948 0.0621 
         123  1 0.7297 0.0667 0.0484 0.0418 0.0650 0.0483 
         124  1 0.2761 0.2078 0.0962 0.0873 0.2800 0.0526 
         125  1 0.5348 0.0686 0.0579 0.0684 0.0487 0.2215 
         126  1 0.0695 0.1531 0.0803 0.0650 0.4918 0.1402 
         127  1 0.0804 0.2325 0.2303 0.1885 0.1793 0.0891 
         128  1 0.0847 0.1187 0.5578 0.0643 0.0642 0.1103 
         129  1 0.3446 0.1132 0.3394 0.0762 0.0731 0.0535 
         130  1 0.0636 0.3439 0.0673 0.0818 0.3096 0.1338 
         131  1 0.6610 0.0728 0.0947 0.0833 0.0513 0.0369 
         132  1 0.0407 0.2864 0.2048 0.1828 0.1676 0.1177 
         133  1 0.0446 0.0462 0.1177 0.6718 0.0533 0.0664 
         134  1 0.1520 0.3611 0.1741 0.0598 0.1995 0.0535 
         135  1 0.0428 0.3088 0.0511 0.0523 0.4867 0.0583 
         136  1 0.1189 0.1507 0.1381 0.0723 0.0705 0.4495 
         137  1 0.0958 0.3023 0.3145 0.1123 0.0810 0.0942 
         138  1 0.1638 0.1257 0.4694 0.0935 0.0821 0.0654 
         139  1 0.1102 0.0737 0.0857 0.0565 0.0591 0.6148 
         140  1 0.1001 0.2619 0.0509 0.0711 0.4633 0.0526 
         141  1 0.0699 0.2535 0.2202 0.1353 0.2010 0.1201 
         142  1 0.0563 0.1634 0.0630 0.5524 0.0884 0.0765 
         143  1 0.0533 0.1572 0.3748 0.0691 0.2062 0.1393 
         144  1 0.0343 0.2612 0.1837 0.0877 0.3479 0.0852 
         145  1 0.4959 0.1464 0.0980 0.0795 0.0919 0.0883 
         146  1 0.0624 0.2796 0.0584 0.1365 0.3717 0.0913 
         147  1 0.4632 0.1045 0.1535 0.0957 0.0828 0.1002 
         148  1 0.0956 0.1199 0.1483 0.0596 0.5280 0.0486 
         149  1 0.1882 0.0892 0.1160 0.4566 0.0843 0.0656 
         150  1 0.0470 0.1978 0.0671 0.4778 0.1487 0.0617 
         151  1 0.0457 0.0506 0.0532 0.7031 0.0488 0.0986 
         152  1 0.1247 0.3360 0.0805 0.0479 0.3499 0.0610 
         153  1 0.0354 0.0507 0.6577 0.0590 0.0488 0.1483 
         154  1 0.0734 0.3750 0.1955 0.1443 0.1586 0.0533 
         155  1 0.0721 0.3174 0.2417 0.0872 0.2232 0.0584 
         156  1 0.0404 0.1867 0.1654 0.1857 0.2630 0.1588 
         157  1 0.5020 0.0777 0.0736 0.1478 0.0871 0.1117 
         158  1 0.1138 0.1726 0.2479 0.2073 0.1497 0.1087 
         159  1 0.1481 0.1638 0.1057 0.0912 0.1168 0.3744 
         160  1 0.0529 0.0796 0.0624 0.0693 0.0694 0.6665 
         161  1 0.0925 0.0709 0.0684 0.0942 0.0913 0.5827 
         162  1 0.0816 0.2798 0.1028 0.0510 0.4253 0.0595 
         163  1 0.4536 0.1629 0.0530 0.1963 0.0790 0.0551 
         164  1 0.0581 0.0566 0.0541 0.0614 0.0585 0.7113 
         165  1 0.1202 0.1356 0.0638 0.3131 0.2727 0.0944 
         166  1 0.0635 0.0856 0.6655 0.0578 0.0616 0.0660 
         167  1 0.0792 0.2214 0.2591 0.1126 0.2629 0.0648 
         168  1 0.0582 0.2926 0.1104 0.1018 0.2452 0.1918 
         169  1 0.0328 0.0760 0.0480 0.0466 0.0930 0.7036 
         170  1 0.0745 0.1786 0.1656 0.0657 0.1366 0.3790 
         171  1 0.4564 0.1433 0.1364 0.1096 0.1064 0.0479 
         172  1 0.0436 0.0616 0.6884 0.0835 0.0523 0.0706 
         173  1 0.0291 0.0732 0.7528 0.0618 0.0446 0.0384 
         174  1 0.1850 0.1523 0.1644 0.1868 0.1565 0.1550 
         175  1 0.4078 0.1125 0.2485 0.0841 0.0737 0.0734 
         176  1 0.0757 0.2163 0.0825 0.0592 0.1172 0.4492 
         177  1 0.2534 0.1392 0.2203 0.0980 0.1676 0.1215 
         178  1 0.1078 0.1079 0.5273 0.0813 0.1058 0.0699 
         179  1 0.2034 0.1137 0.1453 0.3864 0.0721 0.0792 
         180  1 0.0489 0.3892 0.1107 0.0882 0.0899 0.2730 
         181  1 0.1431 0.3798 0.1884 0.1218 0.0812 0.0857 
         182  1 0.0983 0.0513 0.0461 0.6422 0.0583 0.1039 
         183  1 0.0494 0.0636 0.0808 0.0798 0.0579 0.6685 
         184  1 0.1609 0.2158 0.1257 0.2519 0.1356 0.1101 
         185  1 0.2320 0.2101 0.0727 0.0828 0.0791 0.3233 
         186  1 0.0705 0.2049 0.3465 0.0786 0.1210 0.1785 
         187  1 0.3247 0.2035 0.0941 0.0592 0.2747 0.0438 
         188  1 0.0359 0.0515 0.0781 0.0609 0.0438 0.7299 
         189  1 0.1557 0.1387 0.0788 0.1216 0.2694 0.2357 
         190  1 0.0361 0.1904 0.3386 0.1254 0.2130 0.0965 
         191  1 0.0701 0.0746 0.6713 0.0709 0.0629 0.0503 
         192  1 0.3821 0.0786 0.1196 0.0637 0.0651 0.2908 
         193  1 0.0978 0.1443 0.1337 0.1775 0.1714 0.2752 
         194  1 0.0739 0.3260 0.0683 0.0671 0.3928 0.0719 
         195  1 0.0943 0.1026 0.1038 0.5947 0.0547 0.0499 
         196  1 0.0874 0.4583 0.0827 0.0559 0.1060 0.2098 
         197  1 0.0701 0.2435 0.1378 0.1340 0.3572 0.0574 
         198  1 0.0731 0.0854 0.4949 0.1571 0.1268 0.0628 
         199  1 0.6965 0.0661 0.0547 0.0724 0.0573 0.0530 
         200  1 0.0810 0.0636 0.0863 0.6662 0.0689 0.0341 
         201  1 0.0371 0.1862 0.1809 0.0387 0.0649 0.4922 
         202  1 0.2471 0.0927 0.0618 0.0963 0.4092 0.0929 
         203  1 0.1120 0.3157 0.0954 0.0643 0.3488 0.0638 
         204  1 0.1898 0.1696 0.2231 0.2164 0.1460 0.0551 
         205  1 0.7275 0.0543 0.0399 0.0404 0.0900 0.0479 
         206  1 0.1210 0.1616 0.0897 0.0600 0.5038 0.0639 
         207  1 0.1152 0.2523 0.0661 0.4340 0.0818 0.0506 
         208  1 0.0747 0.0738 0.0654 0.6941 0.0484 0.0436 
         209  1 0.0741 0.0855 0.3894 0.0825 0.1898 0.1787 
         210  1 0.1210 0.2819 0.1203 0.0752 0.2931 0.1084 
         211  1 0.0507 0.0787 0.6222 0.0610 0.1200 0.0674 
         212  1 0.0666 0.0683 0.6630 0.1011 0.0473 0.0538 
         213  1 0.0506 0.1576 0.0537 0.0991 0.3973 0.2417 
         214  1 0.0844 0.3530 0.0601 0.0400 0.4079 0.0546 
         215  1 0.0562 0.1095 0.0579 0.6587 0.0585 0.0593 
         216  1 0.0465 0.1077 0.0823 0.6112 0.0798 0.0724 
         217  1 0.4839 0.1431 0.0926 0.0519 0.1312 0.0972 
         218  1 0.5941 0.0804 0.0413 0.1374 0.0771 0.0696 
         219  1 0.0350 0.1356 0.6695 0.0511 0.0440 0.0648 
         220  1 0.1815 0.0834 0.5648 0.0700 0.0548 0.0454 
         221  1 0.0714 0.3558 0.1168 0.0554 0.3394 0.0613 
         222  1 0.1452 0.2648 0.3889 0.0617 0.0649 0.0745 
         223  1 0.0421 0.1671 0.1019 0.0663 0.5521 0.0706 
         224  1 0.1157 0.1760 0.2849 0.1214 0.1892 0.1128 
         225  1 0.0526 0.1242 0.2150 0.0706 0.0985 0.4391 
         226  1 0.1078 0.1695 0.2570 0.1711 0.1142 0.1803 
         227  1 0.6930 0.0706 0.0427 0.0361 0.1253 0.0324 
         228  1 0.4241 0.1321 0.0797 0.1819 0.1281 0.0540 
         229  1 0.1240 0.1224 0.1085 0.1678 0.0914 0.3858 
         230  1 0.3128 0.1194 0.1017 0.3176 0.0843 0.0642 
         231  1 0.0306 0.0604 0.1060 0.7187 0.0439 0.0403 
         232  1 0.3501 0.0589 0.0704 0.3996 0.0504 0.0706 
         233  1 0.0712 0.1163 0.6106 0.0724 0.0701 0.0595 
         234  1 0.0760 0.1008 0.0857 0.5434 0.0979 0.0961 
         235  1 0.0455 0.4281 0.0564 0.0888 0.1381 0.2432 
         236  1 0.1047 0.2733 0.1968 0.0563 0.2994 0.0694 
         237  1 0.1629 0.1172 0.0717 0.4385 0.0908 0.1189 
         238  1 0.1026 0.3194 0.0956 0.0466 0.3651 0.0707 
         239  1 0.3355 0.0547 0.0592 0.0699 0.0672 0.4135 
         240  1 0.1537 0.4368 0.0454 0.0741 0.1529 0.1371 
         241  1 0.0691 0.3475 0.2545 0.0905 0.1470 0.0914 
         242  1 0.0840 0.0856 0.1286 0.0655 0.1020 0.5343 
         243  1 0.1225 0.1232 0.0581 0.4174 0.2150 0.0638 
         244  1 0.4837 0.1948 0.0432 0.0624 0.1837 0.0321 
         245  1 0.0474 0.1380 0.0830 0.4133 0.0609 0.2574 
         246  1 0.3387 0.1005 0.0906 0.3621 0.0525 0.0556 
         247  1 0.0574 0.2462 0.0628 0.0892 0.1098 0.4347 
         248  1 0.0831 0.2762 0.1612 0.0909 0.1309 0.2578 
         249  1 0.0433 0.0670 0.0373 0.7401 0.0630 0.0493 
         250  1 0.0464 0.1242 0.5930 0.0590 0.0760 0.1014 
         251  1 0.0797 0.0421 0.0897 0.6348 0.0407 0.1129 
         252  1 0.0737 0.2649 0.0964 0.1146 0.3495 0.1009 
         253  1 0.5275 0.1117 0.0615 0.0380 0.2164 0.0448 
         254  1 0.0951 0.2212 0.3603 0.0409 0.1552 0.1272 
         255  1 0.3039 0.1012 0.0857 0.3881 0.0698 0.0514 
         256  1 0.0638 0.1864 0.0730 0.0493 0.5853 0.0422 
         257  1 0.0683 0.1263 0.3747 0.0794 0.0847 0.2666 
         258  1 0.0439 0.1442 0.0453 0.0546 0.0783 0.6337 
         259  1 0.0457 0.0885 0.0704 0.0554 0.0455 0.6945 
         260  1 0.0697 0.3364 0.2298 0.0615 0.2186 0.0839 
         261  1 0.5263 0.1125 0.1768 0.0451 0.0851 0.0542 
         262  1 0.4372 0.1433 0.0775 0.0643 0.1867 0.0910 
         263  1 0.0526 0.3332 0.2178 0.0743 0.2391 0.0830 
         264  1 0.4969 0.0957 0.0358 0.0665 0.2591 0.0460 
         265  1 0.3358 0.0973 0.0942 0.0975 0.0640 0.3112 
         266  1 0.0634 0.3298 0.1553 0.1242 0.1358 0.1915 
         267  1 0.0489 0.0826 0.6381 0.0872 0.0785 0.0647 
         268  1 0.0632 0.0758 0.0674 0.6018 0.1232 0.0686 
         269  1 0.0732 0.1859 0.2701 0.1114 0.0963 0.2631 
         270  1 0.0354 0.2854 0.0847 0.0896 0.1087 0.3962 
         271  1 0.1932 0.1283 0.0657 0.1687 0.4050 0.0391 
         272  1 0.4144 0.1215 0.0655 0.1031 0.2024 0.0931 
         273  1 0.0621 0.0600 0.0597 0.6706 0.0653 0.0823 
         274  1 0.0405 0.1347 0.1044 0.0751 0.0843 0.5612 
         275  1 0.0873 0.1680 0.3740 0.1028 0.1756 0.0924 
         276  1 0.0827 0.3464 0.1654 0.1043 0.1486 0.1527 
         277  1 0.0447 0.1209 0.0524 0.0597 0.6418 0.0805 
         278  1 0.1060 0.1341 0.3214 0.2338 0.1128 0.0919 
         279  1 0.1602 0.2249 0.0468 0.0393 0.2698 0.2591 
         280  1 0.1307 0.2066 0.2860 0.0648 0.1953 0.1167 
         281  1 0.0406 0.0537 0.0490 0.7084 0.0515 0.0968 
         282  1 0.0815 0.1226 0.0427 0.0438 0.6509 0.0585 
         283  1 0.5117 0.1022 0.0799 0.1550 0.0638 0.0874 
         284  1 0.1740 0.1473 0.1387 0.3060 0.0965 0.1375 
         285  1 0.1215 0.1146 0.2042 0.1844 0.2293 0.1460 
         286  1 0.0837 0.1218 0.0656 0.0582 0.3433 0.3275 
         287  1 0.3053 0.1497 0.1275 0.0992 0.2736 0.0447 
         288  1 0.0957 0.1980 0.1837 0.0699 0.3589 0.0938 
         289  1 0.0911 0.3035 0.0822 0.3622 0.0974 0.0636 
         290  1 0.3336 0.1771 0.0807 0.0589 0.2980 0.0517 
         291  1 0.0962 0.1519 0.0385 0.0483 0.6182 0.0469 
         292  1 0.4503 0.0616 0.1220 0.2686 0.0427 0.0548 
         293  1 0.0419 0.1116 0.6406 0.0458 0.0502 0.1100 
         294  1 0.0552 0.2087 0.0491 0.0651 0.5139 0.1080 
         295  1 0.6763 0.0546 0.0752 0.0536 0.0629 0.0774 
         296  1 0.1712 0.1524 0.0601 0.1186 0.4369 0.0608 
         297  1 0.6540 0.1168 0.0589 0.0624 0.0503 0.0576 
         298  1 0.0246 0.1064 0.3708 0.0645 0.0421 0.3916 
         299  1 0.0730 0.4261 0.0639 0.0693 0.1211 0.2467 
         300  1 0.0313 0.1566 0.1000 0.0523 0.0514 0.6085 
         301  1 0.2361 0.1570 0.1530 0.0630 0.1430 0.2478 
         302  1 0.0325 0.1450 0.0579 0.0584 0.0988 0.6073 
         303  1 0.1146 0.4548 0.0637 0.0691 0.2273 0.0706 
         304  1 0.0463 0.1403 0.4947 0.0451 0.0425 0.2312 
         305  1 0.1147 0.1961 0.1669 0.1614 0.1332 0.2278 
         306  1 0.0522 0.2507 0.4631 0.0634 0.1163 0.0543 
         307  1 0.0414 0.3285 0.0655 0.1507 0.3519 0.0620 
         308  1 0.0614 0.1799 0.0857 0.1422 0.1564 0.3744 
         309  1 0.0658 0.3393 0.2107 0.1236 0.0979 0.1627 
         310  1 0.0623 0.0749 0.6266 0.0639 0.0495 0.1228 
         311  1 0.0621 0.0675 0.6749 0.0373 0.0604 0.0979 
         312  1 0.0238 0.0734 0.0814 0.0298 0.0375 0.7540 
         313  1 0.6272 0.0536 0.0439 0.0700 0.0833 0.1220 
         314  1 0.1267 0.0866 0.1440 0.0756 0.0670 0.5001 
         315  1 0.0320 0.0526 0.0972 0.0365 0.0543 0.7275 
         316  1 0.1178 0.0666 0.5488 0.1449 0.0572 0.0646 
         317  1 0.0371 0.0869 0.4086 0.2892 0.0933 0.0849 
         318  1 0.0844 0.1732 0.0494 0.0620 0.1273 0.5038 
         319  1 0.0431 0.0686 0.3558 0.4152 0.0561 0.0613 
         320  1 0.0359 0.0656 0.0377 0.0444 0.0998 0.7165 
         321  1 0.4945 0.1064 0.0837 0.1260 0.0872 0.1022 
         322  1 0.0548 0.4043 0.1995 0.0596 0.1989 0.0829 
         323  1 0.0618 0.1838 0.1839 0.0529 0.4156 0.1020 
         324  1 0.0604 0.0871 0.1641 0.0667 0.0618 0.5599 
         325  1 0.0385 0.0582 0.2787 0.4687 0.0774 0.0784 
         326  1 0.0828 0.1497 0.2451 0.0691 0.3550 0.0983 
         327  1 0.2114 0.0785 0.4920 0.0572 0.1137 0.0472 
         328  1 0.0318 0.2329 0.0873 0.0492 0.4753 0.1235 
         329  1 0.0435 0.2786 0.0648 0.0576 0.4544 0.1012 
         330  1 0.0909 0.2153 0.0896 0.0463 0.4576 0.1002 
         331  1 0.1495 0.3273 0.1004 0.2506 0.0965 0.0757 
         332  1 0.1163 0.1941 0.0678 0.0665 0.5065 0.0489 
         333  1 0.2390 0.1353 0.0810 0.1354 0.0498 0.3595 
         334  1 0.0545 0.0462 0.7572 0.0462 0.0451 0.0507 
         335  1 0.0513 0.1134 0.0455 0.5720 0.0727 0.1451 
         336  1 0.1163 0.2168 0.3661 0.0725 0.1660 0.0623 
         337  1 0.1254 0.0948 0.0610 0.0778 0.1461 0.4948 
         338  1 0.0369 0.3046 0.1479 0.0734 0.3763 0.0610 
         339  1 0.0490 0.0559 0.0577 0.7094 0.0709 0.0573 
         340  1 0.2044 0.1415 0.1757 0.0660 0.3328 0.0796 
         341  1 0.0542 0.1274 0.0685 0.0470 0.5864 0.1165 
         342  1 0.7160 0.0654 0.0476 0.0550 0.0742 0.0420 
         343  1 0.0714 0.0529 0.0825 0.1382 0.0604 0.5946 
         344  1 0.0376 0.4027 0.0500 0.2185 0.1904 0.1008 
         345  1 0.0533 0.0610 0.0510 0.7166 0.0630 0.0551 
         346  1 0.0989 0.0694 0.0598 0.0640 0.0539 0.6540 
         347  1 0.0465 0.2506 0.1703 0.3793 0.1062 0.0470 
         348  1 0.1979 0.1414 0.3067 0.1881 0.0762 0.0897 
         349  1 0.1657 0.1251 0.1246 0.4505 0.0514 0.0827 
         350  1 0.0790 0.0830 0.5162 0.0465 0.1249 0.1504 
         351  1 0.0626 0.2215 0.2526 0.1015 0.2835 0.0782 
         352  1 0.1754 0.2517 0.1473 0.0989 0.2876 0.0391 
         353  1 0.0820 0.0523 0.7214 0.0496 0.0438 0.0509 
         354  1 0.3652 0.1511 0.1871 0.1151 0.0762 0.1053 
         355  1 0.0901 0.1374 0.5798 0.0528 0.1069 0.0330 
         356  1 0.0567 0.0545 0.0485 0.0346 0.0514 0.7542 
         357  1 0.6595 0.0618 0.0694 0.0557 0.1043 0.0493 
         358  1 0.0963 0.2007 0.2255 0.0708 0.0874 0.3192 
         359  1 0.1519 0.1289 0.0559 0.0684 0.1134 0.4815 
         360  1 0.4866 0.1011 0.1509 0.0543 0.1528 0.0543 
         361  1 0.1069 0.1687 0.0986 0.0456 0.1154 0.4648 
         362  1 0.1463 0.3593 0.0675 0.1172 0.2366 0.0731 
         363  1 0.0488 0.3878 0.0921 0.0518 0.3799 0.0397 
         364  1 0.2560 0.2764 0.2561 0.0702 0.0665 0.0748 
         365  1 0.0290 0.1867 0.0485 0.4759 0.1225 0.1373 
         366  1 0.1078 0.1458 0.1771 0.0598 0.1535 0.3560 
         367  1 0.0621 0.2417 0.4630 0.0607 0.0984 0.0741 
         368  1 0.0591 0.3402 0.1094 0.2941 0.1604 0.0368 
         369  1 0.4273 0.1685 0.0419 0.0663 0.2304 0.0657 
         370  1 0.0697 0.1364 0.4076 0.1185 0.1546 0.1131 
         371  1 0.4841 0.1272 0.0691 0.1105 0.1440 0.0651 
         372  1 0.5516 0.1305 0.0932 0.0978 0.0812 0.0457 
         373  1 0.0951 0.0934 0.1140 0.0756 0.3130 0.3089 
         374  1 0.0775 0.1805 0.0856 0.1529 0.0899 0.4136 
         375  1 0.7422 0.0770 0.0379 0.0485 0.0566 0.0378 
         376  1 0.0676 0.0772 0.0698 0.5676 0.1561 0.0618 
         377  1 0.0621 0.0697 0.0443 0.0672 0.1077 0.6490 
         378  1 0.1150 0.0603 0.0414 0.0856 0.0733 0.6244 
         379  1 0.1130 0.0919 0.6051 0.0891 0.0629 0.0381 
         380  1 0.2794 0.1400 0.2687 0.1259 0.0743 0.1118 
         381  1 0.1627 0.2917 0.0688 0.0827 0.1938 0.2003 
         382  1 0.7213 0.0556 0.0555 0.0663 0.0479 0.0533 
         383  1 0.0442 0.2573 0.0532 0.1392 0.4637 0.0424 
         384  1 0.1240 0.1650 0.0469 0.1054 0.1346 0.4240 
         385  1 0.0566 0.0977 0.0385 0.5242 0.0683 0.2148 
         386  1 0.0619 0.2435 0.0538 0.2294 0.3504 0.0611 
         387  1 0.0603 0.2171 0.0838 0.0398 0.5546 0.0444 
         388  1 0.5115 0.0988 0.0769 0.0766 0.0853 0.1510 
         389  1 0.3095 0.0769 0.0828 0.4179 0.0571 0.0558 
         390  1 0.5450 0.1289 0.0521 0.0941 0.1275 0.0525 
         391  1 0.1592 0.1830 0.0745 0.3049 0.2049 0.0734 
         392  1 0.1381 0.2169 0.1878 0.0681 0.1619 0.2272 
         393  1 0.1798 0.1520 0.1601 0.1693 0.1631 0.1757 
         394  1 0.0424 0.1193 0.1165 0.5771 0.0820 0.0627 
         395  1 0.1260 0.5214 0.0738 0.0630 0.1724 0.0435 
         396  1 0.5384 0.0643 0.0627 0.0673 0.0550 0.2123 
         397  1 0.1371 0.1403 0.0523 0.0597 0.4947 0.1159 
         398  1 0.0937 0.3028 0.0612 0.0562 0.1938 0.2925 
         399  1 0.4796 0.2114 0.0976 0.0567 0.0989 0.0557 
         400  1 0.0958 0.1975 0.0905 0.1178 0.4075 0.0909 
         401  1 0.0563 0.2471 0.0580 0.0550 0.5137 0.0699 
         402  1 0.0762 0.0667 0.0517 0.6281 0.1009 0.0764 
         403  1 0.0459 0.1392 0.1382 0.0689 0.2123 0.3956 
         404  1 0.0642 0.3328 0.0715 0.3534 0.1090 0.0691 
         405  1 0.1520 0.1224 0.0507 0.4527 0.0600 0.1621 
         406  1 0.6606 0.0754 0.0471 0.0857 0.0653 0.0659 
         407  1 0.4061 0.1293 0.1657 0.0960 0.1573 0.0456 
         408  1 0.0412 0.1986 0.3154 0.1007 0.0682 0.2759 
         409  1 0.1227 0.1743 0.2218 0.3060 0.1141 0.0611 
         410  1 0.2211 0.1952 0.0611 0.0471 0.4161 0.0594 
         411  1 0.0575 0.1277 0.0683 0.0892 0.4848 0.1726 
         412  1 0.1278 0.3067 0.3049 0.0743 0.0730 0.1133 
         413  1 0.1031 0.1102 0.1449 0.4664 0.0796 0.0958 
         414  1 0.1181 0.1736 0.1866 0.2538 0.1393 0.1285 
         415  1 0.0478 0.0675 0.0507 0.0868 0.0966 0.6507 
         416  1 0.0582 0.0512 0.0631 0.7420 0.0447 0.0408 
         417  1 0.1426 0.1786 0.1174 0.0855 0.3854 0.0904 
         418  1 0.0852 0.1881 0.3061 0.2194 0.1497 0.0515 
         419  1 0.4965 0.1187 0.1076 0.1027 0.0731 0.1015 
         420  1 0.1442 0.2585 0.0770 0.0670 0.3349 0.1184 
         421  1 0.1219 0.2433 0.0590 0.3480 0.1248 0.1030 
         422  1 0.0549 0.2771 0.2066 0.1730 0.1403 0.1481 
         423  1 0.0820 0.5453 0.0377 0.0497 0.2523 0.0329 
         424  1 0.0475 0.0693 0.0383 0.0694 0.0695 0.7059 
         425  1 0.2290 0.1976 0.0725 0.0716 0.2789 0.1503 
         426  1 0.0639 0.1205 0.0886 0.4842 0.1570 0.0857 
         427  1 0.1454 0.1193 0.4681 0.1108 0.1144 0.0420 
         428  1 0.1128 0.1445 0.1619 0.0617 0.4510 0.0681 
         429  1 0.0830 0.3073 0.0675 0.0881 0.4058 0.0483 
         430  1 0.0477 0.0749 0.1145 0.0364 0.0530 0.6735 
         431  1 0.0595 0.5372 0.0758 0.0916 0.1620 0.0738 
         432  1 0.0519 0.0817 0.4776 0.2467 0.0806 0.0615 
         433  1 0.6640 0.0522 0.0756 0.0714 0.0608 0.0761 
         434  1 0.0845 0.0746 0.0682 0.3836 0.0631 0.3259 
         435  1 0.2012 0.3587 0.2043 0.0849 0.1015 0.0493 
         436  1 0.4617 0.0855 0.1693 0.1290 0.0795 0.0751 
         437  1 0.0809 0.0702 0.0750 0.0537 0.0992 0.6211 
         438  1 0.0495 0.0959 0.5855 0.0734 0.0671 0.1286 
         439  1 0.1696 0.3703 0.0543 0.0746 0.2650 0.0662 
         440  1 0.0371 0.0820 0.0892 0.0579 0.0704 0.6634 
         441  1 0.1516 0.0723 0.0514 0.6318 0.0457 0.0472 
         442  1 0.4334 0.1246 0.2138 0.0473 0.0668 0.1140 
         443  1 0.6963 0.0881 0.0437 0.0561 0.0732 0.0426 
         444  1 0.0734 0.1818 0.0541 0.0779 0.5413 0.0715 
         445  1 0.2168 0.4306 0.1186 0.0674 0.1159 0.0505 
         446  1 0.0494 0.0733 0.0979 0.6760 0.0646 0.0388 
         447  1 0.1954 0.2659 0.1065 0.0511 0.3117 0.0694 
         448  1 0.0486 0.2211 0.2231 0.0933 0.1000 0.3138 
         449  1 0.0701 0.0622 0.0451 0.0767 0.0462 0.6996 
         450  1 0.0972 0.0488 0.0813 0.6457 0.0561 0.0709 
         451  1 0.0672 0.0586 0.0784 0.6744 0.0572 0.0643 
         452  1 0.7378 0.0593 0.0625 0.0457 0.0544 0.0404 
         453  1 0.0658 0.0509 0.7004 0.0676 0.0513 0.0639 
         454  1 0.1068 0.1885 0.3363 0.1856 0.1085 0.0744 
         455  1 0.0754 0.1508 0.2775 0.0586 0.3953 0.0424 
         456  1 0.0641 0.0657 0.1047 0.6389 0.0669 0.0598 
         457  1 0.0739 0.0649 0.0801 0.0926 0.1096 0.5789 
         458  1 0.0532 0.1223 0.0410 0.0444 0.6555 0.0837 
         459  1 0.1408 0.0666 0.2059 0.4846 0.0456 0.0564 
         460  1 0.1433 0.0983 0.0717 0.0511 0.5855 0.0501 
         461  1 0.0834 0.0589 0.0822 0.0719 0.0626 0.6409 
         462  1 0.0943 0.0500 0.6577 0.0784 0.0646 0.0550 
         463  1 0.0585 0.1689 0.0825 0.4712 0.0664 0.1525 
         464  1 0.1547 0.1339 0.0821 0.0904 0.4398 0.0991 
         465  1 0.0392 0.0795 0.0546 0.5848 0.0763 0.1656 
         466  1 0.1910 0.1834 0.1230 0.1195 0.3224 0.0608 
         467  1 0.7000 0.0678 0.0619 0.0676 0.0661 0.0366 
         468  1 0.0709 0.3850 0.0549 0.1984 0.2358 0.0550 
         469  1 0.7221 0.0539 0.0349 0.0423 0.1189 0.0280 
         470  1 0.0709 0.3133 0.1887 0.1806 0.1248 0.1218 
         471  1 0.1681 0.3462 0.0800 0.0913 0.1982 0.1161 
         472  1 0.0605 0.2106 0.1222 0.1413 0.3429 0.1225 
         473  1 0.0409 0.2439 0.0793 0.1308 0.4110 0.0940 
         474  1 0.1653 0.2787 0.0484 0.1079 0.3465 0.0533 
         475  1 0.0798 0.5665 0.0426 0.0405 0.1245 0.1460 
         476  1 0.0330 0.1518 0.1223 0.4975 0.1192 0.0762 
         477  1 0.0413 0.4041 0.0521 0.0638 0.3393 0.0995 
         478  1 0.0521 0.0642 0.0585 0.0520 0.0616 0.7117 
         479  1 0.2120 0.1799 0.0762 0.0884 0.3766 0.0669 
         480  1 0.7001 0.0610 0.0567 0.0505 0.0670 0.0646 
         481  1 0.1420 0.1648 0.1458 0.1067 0.1013 0.3394 
         482  1 0.0859 0.0990 0.0855 0.0918 0.0633 0.5745 
         483  1 0.1260 0.1888 0.2575 0.0882 0.2464 0.0931 
         484  1 0.3237 0.1222 0.0500 0.0470 0.3711 0.0861 
         485  1 0.6974 0.0833 0.0348 0.0535 0.0849 0.0461 
         486  1 0.0988 0.0406 0.0511 0.7279 0.0399 0.0418 
         487  1 0.4863 0.1305 0.0850 0.0981 0.1345 0.0656 
         488  1 0.0788 0.3171 0.0430 0.0699 0.4560 0.0352 
         489  1 0.0582 0.3991 0.1407 0.1633 0.1120 0.1268 
         490  1 0.1213 0.3563 0.0595 0.2383 0.1563 0.0683 
         491  1 0.6764 0.0726 0.0623 0.0780 0.0604 0.0504 
         492  1 0.6964 0.0821 0.0369 0.0424 0.0855 0.0566 
