           1  1 0.5633 0.0721 0.0776 0.1096 0.0706 0.1068 
           2  1 0.1012 0.0554 0.0621 0.1174 0.0570 0.6069 
           3  1 0.0597 0.0479 0.3236 0.0760 0.3808 0.1120 
           4  1 0.6413 0.0993 0.0728 0.0722 0.0753 0.0391 
           5  1 0.6554 0.0396 0.0882 0.0804 0.0850 0.0513 
           6  1 0.0754 0.1098 0.2886 0.0573 0.3275 0.1414 
           7  1 0.0748 0.2668 0.1757 0.0267 0.1684 0.2875 
           8  1 0.7069 0.0615 0.0504 0.0899 0.0540 0.0372 
           9  1 0.0550 0.0359 0.3718 0.0559 0.3966 0.0849 
          10  1 0.5662 0.0569 0.1157 0.0992 0.1189 0.0431 
          11  1 0.0406 0.7081 0.0666 0.0632 0.0655 0.0559 
          12  1 0.2776 0.0418 0.0707 0.1156 0.0740 0.4203 
          13  1 0.2467 0.3302 0.0953 0.1225 0.0884 0.1169 
          14  1 0.1721 0.0423 0.2250 0.2441 0.2618 0.0546 
          15  1 0.0568 0.0447 0.3019 0.1932 0.2763 0.1271 
          16  1 0.3185 0.3871 0.0812 0.0690 0.0795 0.0646 
          17  1 0.0622 0.5314 0.0614 0.0754 0.0598 0.2098 
          18  1 0.5720 0.0548 0.0708 0.1162 0.0698 0.1164 
          19  1 0.1009 0.1611 0.2572 0.0811 0.2569 0.1428 
          20  1 0.3342 0.1105 0.2193 0.0481 0.2285 0.0593 
          21  1 0.3468 0.1113 0.1384 0.2002 0.1349 0.0684 
          22  1 0.1025 0.0551 0.2569 0.2971 0.2439 0.0444 
          23  1 0.0352 0.0920 0.0648 0.0503 0.0670 0.6908 
          24  1 0.0370 0.0904 0.3209 0.0792 0.3090 0.1635 
          25  1 0.1008 0.6559 0.0750 0.0530 0.0735 0.0417 
          26  1 0.0693 0.0684 0.1323 0.0446 0.1456 0.5398 
          27  1 0.3692 0.0750 0.1542 0.2351 0.1216 0.0449 
          28  1 0.0403 0.3737 0.1869 0.1726 0.1533 0.0733 
          29  1 0.0858 0.0380 0.3250 0.0687 0.3688 0.1137 
          30  1 0.0884 0.0523 0.3041 0.1887 0.2703 0.0963 
          31  1 0.0699 0.4142 0.1098 0.0654 0.1011 0.2396 
          32  1 0.0585 0.0754 0.3577 0.1194 0.3062 0.0827 
          33  1 0.0502 0.1052 0.1719 0.3476 0.1612 0.1639 
          34  1 0.0979 0.2110 0.1694 0.1264 0.1605 0.2347 
          35  1 0.4211 0.0395 0.1462 0.1102 0.1479 0.1351 
          36  1 0.0551 0.0643 0.3169 0.1177 0.3285 0.1176 
          37  1 0.0734 0.6213 0.0715 0.0395 0.0763 0.1180 
          38  1 0.0381 0.0667 0.3883 0.0429 0.3490 0.1150 
          39  1 0.3217 0.1244 0.2068 0.0846 0.2188 0.0438 
          40  1 0.0502 0.0713 0.0594 0.6815 0.0608 0.0767 
          41  1 0.1373 0.0402 0.3063 0.1174 0.2884 0.1103 
          42  1 0.0491 0.4613 0.1349 0.0650 0.1407 0.1491 
          43  1 0.0244 0.0316 0.0473 0.0380 0.0414 0.8173 
          44  1 0.0352 0.1114 0.1003 0.0513 0.1036 0.5982 
          45  1 0.7074 0.0620 0.0658 0.0505 0.0673 0.0470 
          46  1 0.0362 0.0626 0.0572 0.0938 0.0555 0.6947 
          47  1 0.6245 0.0710 0.0929 0.0519 0.0936 0.0660 
          48  1 0.0408 0.0922 0.3153 0.0833 0.3553 0.1131 
          49  1 0.0947 0.0394 0.1087 0.5020 0.1049 0.1503 
          50  1 0.2654 0.0960 0.1094 0.3662 0.1091 0.0539 
          51  1 0.0633 0.0461 0.0749 0.6856 0.0811 0.0489 
          52  1 0.0831 0.0858 0.1222 0.4893 0.1098 0.1098 
          53  1 0.0640 0.0737 0.2600 0.3197 0.2353 0.0472 
          54  1 0.3431 0.0519 0.0935 0.3106 0.0968 0.1041 
          55  1 0.0880 0.5131 0.0817 0.0996 0.0853 0.1323 
          56  1 0.0550 0.2208 0.2302 0.0604 0.2234 0.2101 
          57  1 0.0596 0.0489 0.1720 0.1132 0.1953 0.4111 
          58  1 0.0452 0.0353 0.3070 0.0836 0.3609 0.1679 
          59  1 0.0516 0.0502 0.3408 0.1053 0.3915 0.0606 
          60  1 0.1080 0.0821 0.2482 0.1445 0.2444 0.1729 
          61  1 0.0531 0.7874 0.0410 0.0468 0.0426 0.0291 
          62  1 0.0393 0.0622 0.3336 0.0475 0.3710 0.1463 
          63  1 0.4260 0.1373 0.1403 0.1138 0.1424 0.0401 
          64  1 0.0618 0.0367 0.0893 0.6804 0.0841 0.0477 
          65  1 0.0354 0.1003 0.1266 0.5342 0.1275 0.0760 
          66  1 0.2948 0.0669 0.1817 0.2125 0.1714 0.0727 
          67  1 0.0524 0.1492 0.0820 0.0536 0.0806 0.5821 
          68  1 0.0530 0.0629 0.3082 0.0776 0.3493 0.1491 
          69  1 0.7394 0.0640 0.0532 0.0716 0.0493 0.0225 
          70  1 0.0283 0.0318 0.1995 0.0300 0.2216 0.4886 
          71  1 0.1142 0.0597 0.3567 0.0840 0.3312 0.0543 
          72  1 0.0900 0.0392 0.3056 0.0657 0.3677 0.1319 
          73  1 0.6545 0.0897 0.0433 0.0665 0.0428 0.1032 
          74  1 0.1496 0.1882 0.3045 0.0532 0.2626 0.0419 
          75  1 0.0682 0.6879 0.0643 0.0782 0.0660 0.0354 
          76  1 0.1143 0.1250 0.1659 0.0606 0.1681 0.3661 
          77  1 0.0875 0.0581 0.3154 0.1050 0.3691 0.0649 
          78  1 0.0507 0.6512 0.0746 0.0491 0.0686 0.1057 
          79  1 0.1605 0.4241 0.0883 0.1762 0.0882 0.0626 
          80  1 0.0432 0.0594 0.3166 0.0860 0.3766 0.1181 
          81  1 0.1764 0.0750 0.1535 0.4190 0.1443 0.0319 
          82  1 0.2436 0.2331 0.1011 0.1619 0.0995 0.1607 
          83  1 0.0993 0.0639 0.2807 0.0610 0.3495 0.1456 
          84  1 0.1498 0.0805 0.2436 0.1597 0.2366 0.1297 
          85  1 0.5777 0.0462 0.1160 0.0686 0.1184 0.0731 
          86  1 0.0979 0.0843 0.1810 0.1856 0.1791 0.2721 
          87  1 0.0692 0.0485 0.1398 0.4565 0.1399 0.1462 
          88  1 0.0703 0.1407 0.2158 0.2100 0.2323 0.1309 
          89  1 0.0502 0.7084 0.0550 0.0765 0.0570 0.0529 
          90  1 0.0500 0.0655 0.0638 0.1589 0.0610 0.6008 
          91  1 0.1155 0.0681 0.1756 0.4677 0.1430 0.0301 
          92  1 0.1137 0.0540 0.0803 0.0506 0.0810 0.6204 
          93  1 0.0638 0.0728 0.2131 0.3698 0.1866 0.0939 
          94  1 0.3453 0.0912 0.2107 0.0740 0.2076 0.0711 
          95  1 0.0566 0.0750 0.3498 0.0856 0.3023 0.1306 
          96  1 0.0428 0.5311 0.1245 0.1472 0.1183 0.0361 
          97  1 0.0369 0.0500 0.0560 0.0374 0.0582 0.7614 
          98  1 0.0783 0.1195 0.1528 0.4141 0.1471 0.0881 
          99  1 0.0492 0.3497 0.1995 0.0833 0.1896 0.1287 
         100  1 0.0628 0.2608 0.0545 0.5366 0.0519 0.0334 
         101  1 0.0797 0.0592 0.3864 0.0470 0.3587 0.0690 
         102  1 0.0667 0.1126 0.2674 0.2810 0.2444 0.0279 
         103  1 0.0657 0.1259 0.2348 0.0636 0.2547 0.2553 
         104  1 0.0693 0.7353 0.0425 0.0386 0.0433 0.0711 
         105  1 0.0361 0.1284 0.0450 0.6968 0.0443 0.0494 
         106  1 0.0746 0.0431 0.3744 0.0660 0.3573 0.0846 
         107  1 0.6093 0.0394 0.0914 0.0722 0.0867 0.1009 
         108  1 0.0753 0.1056 0.0408 0.7064 0.0409 0.0309 
         109  1 0.0555 0.7145 0.0597 0.0371 0.0606 0.0725 
         110  1 0.1396 0.1829 0.0827 0.0882 0.0811 0.4255 
         111  1 0.0698 0.3999 0.0942 0.2846 0.0842 0.0674 
         112  1 0.5013 0.0945 0.1142 0.0876 0.1218 0.0805 
         113  1 0.0486 0.1767 0.0944 0.0762 0.0900 0.5140 
         114  1 0.0671 0.4122 0.0538 0.0860 0.0550 0.3259 
         115  1 0.5067 0.0569 0.1819 0.0498 0.1701 0.0347 
         116  1 0.5584 0.0483 0.1427 0.0945 0.1193 0.0368 
         117  1 0.0467 0.1638 0.2654 0.0481 0.2986 0.1775 
         118  1 0.5569 0.0978 0.0947 0.0919 0.0978 0.0608 
         119  1 0.0608 0.5790 0.1227 0.0671 0.1275 0.0429 
         120  1 0.0540 0.0387 0.1044 0.5978 0.1079 0.0972 
         121  1 0.0483 0.0711 0.3045 0.1315 0.3590 0.0856 
         122  1 0.0587 0.0796 0.1346 0.2541 0.1295 0.3434 
         123  1 0.0448 0.0369 0.0615 0.0461 0.0628 0.7479 
         124  1 0.0473 0.0841 0.2390 0.0955 0.2661 0.2681 
         125  1 0.2087 0.0628 0.0516 0.0602 0.0564 0.5604 
         126  1 0.1287 0.0590 0.3060 0.0656 0.3709 0.0697 
         127  1 0.0868 0.1874 0.2014 0.2352 0.2068 0.0825 
         128  1 0.1038 0.0621 0.0928 0.5814 0.0845 0.0754 
         129  1 0.0538 0.0680 0.0843 0.3903 0.0853 0.3183 
         130  1 0.1272 0.0761 0.3308 0.0597 0.3448 0.0614 
         131  1 0.0328 0.0754 0.0586 0.0909 0.0536 0.6886 
         132  1 0.1127 0.1811 0.2373 0.2011 0.2286 0.0392 
         133  1 0.0618 0.6999 0.0460 0.1006 0.0496 0.0422 
         134  1 0.0515 0.0527 0.2718 0.2150 0.2562 0.1528 
         135  1 0.0567 0.0489 0.4014 0.0500 0.4002 0.0427 
         136  1 0.4643 0.0664 0.1086 0.1378 0.1049 0.1179 
         137  1 0.0892 0.1039 0.1837 0.3685 0.1668 0.0880 
         138  1 0.0580 0.0918 0.1049 0.4756 0.0994 0.1703 
         139  1 0.6440 0.0527 0.0647 0.0750 0.0601 0.1035 
         140  1 0.0526 0.0678 0.3919 0.0452 0.3383 0.1042 
         141  1 0.1135 0.1273 0.2222 0.2576 0.2094 0.0700 
         142  1 0.0757 0.5785 0.1280 0.0529 0.1129 0.0519 
         143  1 0.1265 0.0645 0.1866 0.3881 0.1879 0.0463 
         144  1 0.0813 0.0850 0.3223 0.1523 0.3282 0.0309 
         145  1 0.0905 0.0734 0.1153 0.1010 0.1132 0.5066 
         146  1 0.0931 0.1257 0.3282 0.0527 0.3419 0.0584 
         147  1 0.0997 0.0876 0.0927 0.1513 0.0906 0.4781 
         148  1 0.0441 0.0536 0.3276 0.1036 0.3734 0.0977 
         149  1 0.0629 0.4766 0.0814 0.1201 0.0760 0.1830 
         150  1 0.0577 0.4835 0.1793 0.0570 0.1785 0.0441 
         151  1 0.0856 0.7373 0.0454 0.0430 0.0448 0.0439 
         152  1 0.0555 0.0441 0.3675 0.0680 0.3472 0.1177 
         153  1 0.1457 0.0539 0.0472 0.6712 0.0481 0.0339 
         154  1 0.0545 0.1506 0.2571 0.2112 0.2550 0.0715 
         155  1 0.0554 0.0731 0.2825 0.2403 0.2831 0.0656 
         156  1 0.1622 0.1861 0.2193 0.1641 0.2296 0.0387 
         157  1 0.1082 0.1365 0.0801 0.0672 0.0832 0.5248 
         158  1 0.1015 0.1930 0.1605 0.2591 0.1791 0.1069 
         159  1 0.3853 0.0820 0.1509 0.0928 0.1448 0.1444 
         160  1 0.6858 0.0685 0.0677 0.0569 0.0705 0.0506 
         161  1 0.6005 0.0913 0.0767 0.0665 0.0838 0.0812 
         162  1 0.0619 0.0493 0.3371 0.1044 0.3617 0.0856 
         163  1 0.0500 0.1909 0.1197 0.0527 0.1054 0.4813 
         164  1 0.7314 0.0572 0.0514 0.0495 0.0555 0.0550 
         165  1 0.0861 0.3099 0.2052 0.0550 0.2215 0.1223 
         166  1 0.0616 0.0505 0.0663 0.7033 0.0627 0.0556 
         167  1 0.0586 0.1069 0.2599 0.2362 0.2627 0.0757 
         168  1 0.1907 0.1011 0.2813 0.1018 0.2688 0.0563 
         169  1 0.7358 0.0407 0.0756 0.0431 0.0742 0.0306 
         170  1 0.3836 0.0623 0.1641 0.1463 0.1762 0.0676 
         171  1 0.0448 0.1012 0.1273 0.1196 0.1256 0.4815 
         172  1 0.0698 0.0802 0.0516 0.7085 0.0505 0.0394 
         173  1 0.0355 0.0538 0.0535 0.7817 0.0497 0.0258 
         174  1 0.1486 0.1902 0.1513 0.1691 0.1532 0.1876 
         175  1 0.0734 0.0812 0.0875 0.2691 0.0882 0.4007 
         176  1 0.4519 0.0541 0.1732 0.0770 0.1695 0.0742 
         177  1 0.1183 0.0919 0.1577 0.2243 0.1659 0.2420 
         178  1 0.0645 0.0822 0.1076 0.5453 0.1013 0.0991 
         179  1 0.0820 0.4166 0.0888 0.1311 0.0803 0.2011 
         180  1 0.3092 0.0847 0.2356 0.1036 0.2222 0.0448 
         181  1 0.0905 0.1205 0.2260 0.2196 0.2066 0.1368 
         182  1 0.0955 0.6757 0.0486 0.0415 0.0478 0.0908 
         183  1 0.7010 0.0766 0.0549 0.0656 0.0556 0.0462 
         184  1 0.1084 0.2600 0.1752 0.1260 0.1696 0.1608 
         185  1 0.3402 0.0846 0.1372 0.0815 0.1260 0.2304 
         186  1 0.1843 0.0742 0.1716 0.3430 0.1624 0.0644 
         187  1 0.0421 0.0540 0.2458 0.1010 0.2342 0.3229 
         188  1 0.7515 0.0604 0.0443 0.0692 0.0430 0.0317 
         189  1 0.2179 0.1277 0.2020 0.0763 0.2180 0.1581 
         190  1 0.0990 0.1111 0.2072 0.3288 0.2204 0.0335 
         191  1 0.0452 0.0676 0.0641 0.6967 0.0614 0.0649 
         192  1 0.3047 0.0600 0.0704 0.1148 0.0700 0.3801 
         193  1 0.2659 0.1762 0.1623 0.1354 0.1661 0.0941 
         194  1 0.0678 0.0617 0.3842 0.0698 0.3447 0.0719 
         195  1 0.0480 0.6194 0.0785 0.0975 0.0708 0.0858 
         196  1 0.2515 0.0555 0.2801 0.0782 0.2480 0.0867 
         197  1 0.0554 0.1276 0.3102 0.1297 0.3083 0.0688 
         198  1 0.0557 0.1558 0.0953 0.5200 0.1076 0.0656 
         199  1 0.0496 0.0702 0.0602 0.0513 0.0571 0.7117 
         200  1 0.0306 0.6935 0.0599 0.0809 0.0627 0.0724 
         201  1 0.5029 0.0371 0.1230 0.1806 0.1230 0.0334 
         202  1 0.0874 0.0896 0.2362 0.0545 0.2860 0.2463 
         203  1 0.0634 0.0606 0.3545 0.0906 0.3244 0.1065 
         204  1 0.0528 0.2064 0.1716 0.2097 0.1697 0.1898 
         205  1 0.0424 0.0357 0.0634 0.0363 0.0677 0.7546 
         206  1 0.0566 0.0570 0.3213 0.0799 0.3685 0.1167 
         207  1 0.0472 0.4577 0.1796 0.0657 0.1373 0.1126 
         208  1 0.0392 0.7269 0.0561 0.0589 0.0507 0.0682 
         209  1 0.1873 0.0809 0.1353 0.3855 0.1331 0.0779 
         210  1 0.1061 0.0664 0.3067 0.1184 0.2883 0.1139 
         211  1 0.0646 0.0605 0.1098 0.6085 0.1080 0.0485 
         212  1 0.0493 0.0982 0.0571 0.6783 0.0531 0.0640 
         213  1 0.2240 0.0892 0.2759 0.0480 0.3148 0.0481 
         214  1 0.0522 0.0376 0.4084 0.0587 0.3642 0.0790 
         215  1 0.0524 0.6812 0.0861 0.0515 0.0765 0.0523 
         216  1 0.0672 0.6373 0.0903 0.0781 0.0841 0.0430 
         217  1 0.0968 0.0492 0.1295 0.0877 0.1424 0.4943 
         218  1 0.0623 0.1194 0.0747 0.0364 0.0739 0.6334 
         219  1 0.0568 0.0479 0.0662 0.7368 0.0618 0.0306 
         220  1 0.0486 0.0638 0.0575 0.6220 0.0616 0.1465 
         221  1 0.0576 0.0470 0.3600 0.1235 0.3420 0.0699 
         222  1 0.0785 0.0520 0.1248 0.4958 0.1146 0.1344 
         223  1 0.0625 0.0614 0.3650 0.0714 0.4000 0.0396 
         224  1 0.1120 0.1112 0.1727 0.3029 0.1902 0.1110 
         225  1 0.4387 0.0624 0.1156 0.2171 0.1167 0.0494 
         226  1 0.1794 0.1542 0.1376 0.2992 0.1252 0.1044 
         227  1 0.0300 0.0351 0.0903 0.0377 0.0968 0.7101 
         228  1 0.0491 0.1851 0.1282 0.0819 0.1312 0.4245 
         229  1 0.3974 0.1597 0.1065 0.1129 0.1018 0.1217 
         230  1 0.0602 0.3290 0.0968 0.0989 0.0936 0.3216 
         231  1 0.0369 0.7330 0.0507 0.1033 0.0489 0.0271 
         232  1 0.0643 0.4088 0.0524 0.0665 0.0524 0.3555 
         233  1 0.0511 0.0607 0.0736 0.6828 0.0695 0.0623 
         234  1 0.0904 0.5777 0.0902 0.0764 0.0928 0.0725 
         235  1 0.2472 0.0748 0.3135 0.0476 0.2738 0.0430 
         236  1 0.0753 0.0552 0.2709 0.2215 0.2596 0.1175 
         237  1 0.1120 0.4796 0.0954 0.0660 0.0890 0.1580 
         238  1 0.0739 0.0437 0.3231 0.1023 0.3559 0.1010 
         239  1 0.4181 0.0647 0.0552 0.0605 0.0590 0.3426 
         240  1 0.1303 0.0712 0.3194 0.0388 0.2941 0.1462 
         241  1 0.0862 0.0883 0.2595 0.2658 0.2367 0.0636 
         242  1 0.5578 0.0617 0.0851 0.1206 0.0895 0.0854 
         243  1 0.0590 0.4250 0.1659 0.0537 0.1762 0.1202 
         244  1 0.0315 0.0692 0.1830 0.0382 0.1734 0.5046 
         245  1 0.2649 0.4457 0.0835 0.0827 0.0799 0.0433 
         246  1 0.0543 0.3911 0.0742 0.0834 0.0695 0.3275 
         247  1 0.4551 0.0845 0.1908 0.0520 0.1650 0.0526 
         248  1 0.2746 0.0859 0.2216 0.1374 0.2006 0.0799 
         249  1 0.0460 0.7579 0.0642 0.0354 0.0573 0.0393 
         250  1 0.0968 0.0518 0.0968 0.6158 0.0986 0.0401 
         251  1 0.0997 0.6712 0.0361 0.0809 0.0371 0.0751 
         252  1 0.0967 0.1074 0.3169 0.0880 0.3216 0.0695 
         253  1 0.0407 0.0343 0.1679 0.0558 0.1693 0.5320 
         254  1 0.1395 0.0369 0.1680 0.3975 0.1744 0.0838 
         255  1 0.0471 0.4042 0.0880 0.0828 0.0807 0.2971 
         256  1 0.0393 0.0429 0.3652 0.0595 0.4315 0.0616 
         257  1 0.2778 0.0753 0.1064 0.3692 0.1025 0.0688 
         258  1 0.6741 0.0516 0.1002 0.0394 0.0945 0.0402 
         259  1 0.7181 0.0524 0.0601 0.0711 0.0588 0.0395 
         260  1 0.0775 0.0584 0.2975 0.2046 0.2935 0.0685 
         261  1 0.0531 0.0395 0.0956 0.1649 0.0950 0.5519 
         262  1 0.0962 0.0624 0.1451 0.0779 0.1534 0.4650 
         263  1 0.0815 0.0710 0.2957 0.2208 0.2835 0.0474 
         264  1 0.0420 0.0619 0.1676 0.0298 0.1898 0.5089 
         265  1 0.3210 0.0964 0.0743 0.0836 0.0768 0.3479 
         266  1 0.1932 0.1199 0.2314 0.1579 0.2388 0.0588 
         267  1 0.0573 0.0767 0.0756 0.6774 0.0686 0.0443 
         268  1 0.0580 0.6363 0.0924 0.0591 0.0972 0.0570 
         269  1 0.2748 0.1058 0.1341 0.2734 0.1467 0.0651 
         270  1 0.4192 0.0900 0.1895 0.0760 0.1912 0.0340 
         271  1 0.0351 0.1533 0.2593 0.0640 0.2972 0.1912 
         272  1 0.0911 0.0988 0.1594 0.0604 0.1582 0.4321 
         273  1 0.0745 0.6996 0.0588 0.0547 0.0550 0.0575 
         274  1 0.5688 0.0694 0.1104 0.0882 0.1248 0.0384 
         275  1 0.0932 0.1070 0.1912 0.3444 0.1747 0.0894 
         276  1 0.1565 0.1012 0.2456 0.1771 0.2365 0.0832 
         277  1 0.0706 0.0510 0.3770 0.0419 0.4178 0.0415 
         278  1 0.0936 0.2313 0.1191 0.3314 0.1224 0.1022 
         279  1 0.2637 0.0346 0.2409 0.0424 0.2581 0.1602 
         280  1 0.1094 0.0598 0.1920 0.3243 0.1896 0.1250 
         281  1 0.0857 0.7362 0.0466 0.0457 0.0489 0.0370 
         282  1 0.0512 0.0401 0.3842 0.0379 0.4039 0.0826 
         283  1 0.0833 0.1524 0.0853 0.0752 0.0753 0.5285 
         284  1 0.1315 0.3090 0.1245 0.1368 0.1202 0.1780 
         285  1 0.1565 0.1833 0.1556 0.2090 0.1638 0.1318 
         286  1 0.3318 0.0541 0.2216 0.0597 0.2487 0.0842 
         287  1 0.0395 0.0912 0.2074 0.1254 0.2266 0.3099 
         288  1 0.0949 0.0651 0.2911 0.1767 0.2806 0.0915 
         289  1 0.0570 0.3573 0.2289 0.0982 0.1845 0.0741 
         290  1 0.0478 0.0553 0.2284 0.0693 0.2252 0.3741 
         291  1 0.0435 0.0441 0.3684 0.0342 0.4151 0.0946 
         292  1 0.0539 0.2721 0.0481 0.1173 0.0462 0.4625 
         293  1 0.1086 0.0423 0.0705 0.6801 0.0607 0.0378 
         294  1 0.0930 0.0604 0.3497 0.0451 0.4006 0.0513 
         295  1 0.0684 0.0500 0.0593 0.0697 0.0598 0.6929 
         296  1 0.0534 0.1038 0.2974 0.0561 0.3325 0.1567 
         297  1 0.0523 0.0545 0.0730 0.0567 0.0757 0.6878 
         298  1 0.4280 0.0571 0.0684 0.3552 0.0683 0.0230 
         299  1 0.2558 0.0643 0.2814 0.0618 0.2629 0.0739 
         300  1 0.6548 0.0500 0.0878 0.0982 0.0800 0.0291 
         301  1 0.2413 0.0590 0.1580 0.1444 0.1648 0.2325 
         302  1 0.6473 0.0515 0.1143 0.0503 0.1088 0.0278 
         303  1 0.0652 0.0658 0.3678 0.0590 0.3308 0.1113 
         304  1 0.2228 0.0400 0.0744 0.5492 0.0731 0.0404 
         305  1 0.2218 0.1611 0.1705 0.1889 0.1512 0.1065 
         306  1 0.0493 0.0549 0.1906 0.4867 0.1701 0.0485 
         307  1 0.0595 0.1656 0.3390 0.0644 0.3311 0.0404 
         308  1 0.3920 0.1307 0.1692 0.0855 0.1595 0.0631 
         309  1 0.1690 0.1169 0.2097 0.2415 0.1963 0.0666 
         310  1 0.1102 0.0638 0.0594 0.6503 0.0567 0.0595 
         311  1 0.0954 0.0350 0.0598 0.6936 0.0596 0.0566 
         312  1 0.7676 0.0282 0.0523 0.0732 0.0571 0.0217 
         313  1 0.1091 0.0656 0.0581 0.0408 0.0634 0.6631 
         314  1 0.5273 0.0729 0.0774 0.1308 0.0741 0.1175 
         315  1 0.7445 0.0337 0.0508 0.0920 0.0507 0.0283 
         316  1 0.0617 0.1523 0.0581 0.5536 0.0592 0.1151 
         317  1 0.0791 0.2888 0.0871 0.4261 0.0853 0.0337 
         318  1 0.5319 0.0559 0.1488 0.0464 0.1325 0.0845 
         319  1 0.0597 0.4554 0.0589 0.3308 0.0568 0.0383 
         320  1 0.7392 0.0415 0.0750 0.0330 0.0771 0.0341 
         321  1 0.1000 0.1181 0.0946 0.0750 0.0966 0.5158 
         322  1 0.0866 0.0578 0.3088 0.2342 0.2624 0.0502 
         323  1 0.1039 0.0500 0.2991 0.1723 0.3108 0.0638 
         324  1 0.5991 0.0588 0.0665 0.1504 0.0696 0.0556 
         325  1 0.0790 0.4973 0.0707 0.2494 0.0677 0.0359 
         326  1 0.0995 0.0673 0.2417 0.2244 0.2821 0.0851 
         327  1 0.0466 0.0535 0.1066 0.4924 0.1035 0.1973 
         328  1 0.1176 0.0447 0.3509 0.0727 0.3831 0.0310 
         329  1 0.0933 0.0514 0.3609 0.0542 0.3974 0.0428 
         330  1 0.1015 0.0430 0.3305 0.0820 0.3510 0.0921 
         331  1 0.0696 0.2803 0.2228 0.1174 0.1860 0.1238 
         332  1 0.0464 0.0607 0.3376 0.0600 0.3842 0.1111 
         333  1 0.3653 0.1356 0.0876 0.0780 0.0816 0.2519 
         334  1 0.0465 0.0419 0.0459 0.7721 0.0431 0.0506 
         335  1 0.1357 0.6161 0.0836 0.0403 0.0780 0.0463 
         336  1 0.0579 0.0644 0.1814 0.4065 0.1808 0.1090 
         337  1 0.5118 0.0746 0.1175 0.0508 0.1187 0.1266 
         338  1 0.0571 0.0738 0.3503 0.1461 0.3376 0.0351 
         339  1 0.0535 0.7298 0.0599 0.0535 0.0577 0.0456 
         340  1 0.0748 0.0628 0.2451 0.1376 0.2713 0.2084 
         341  1 0.1050 0.0435 0.3472 0.0635 0.3887 0.0521 
         342  1 0.0382 0.0511 0.0655 0.0418 0.0638 0.7396 
         343  1 0.6151 0.1339 0.0507 0.0763 0.0561 0.0681 
         344  1 0.1003 0.2260 0.3089 0.0448 0.2835 0.0366 
         345  1 0.0499 0.7440 0.0571 0.0455 0.0551 0.0485 
         346  1 0.6912 0.0557 0.0532 0.0563 0.0553 0.0883 
         347  1 0.0486 0.4071 0.1559 0.2009 0.1423 0.0452 
         348  1 0.0905 0.2058 0.1035 0.3165 0.1005 0.1832 
         349  1 0.0812 0.4761 0.0811 0.1303 0.0785 0.1529 
         350  1 0.1313 0.0420 0.1021 0.5484 0.0994 0.0767 
         351  1 0.0776 0.0977 0.2590 0.2541 0.2553 0.0564 
         352  1 0.0362 0.0902 0.2756 0.1349 0.2829 0.1802 
         353  1 0.0446 0.0472 0.0444 0.7437 0.0454 0.0748 
         354  1 0.1030 0.1254 0.1195 0.1863 0.1021 0.3637 
         355  1 0.0302 0.0489 0.1147 0.5965 0.1287 0.0809 
         356  1 0.7683 0.0325 0.0498 0.0467 0.0494 0.0533 
         357  1 0.0469 0.0501 0.0785 0.0687 0.0882 0.6676 
         358  1 0.3256 0.0641 0.1483 0.2231 0.1455 0.0934 
         359  1 0.4932 0.0613 0.1148 0.0518 0.1177 0.1611 
         360  1 0.0505 0.0547 0.1245 0.1291 0.1316 0.5097 
         361  1 0.4958 0.0424 0.1381 0.0893 0.1355 0.0988 
         362  1 0.0663 0.1038 0.3458 0.0537 0.2984 0.1320 
         363  1 0.0393 0.0459 0.4154 0.0889 0.3635 0.0471 
         364  1 0.0745 0.0684 0.1584 0.3073 0.1468 0.2445 
         365  1 0.1371 0.5079 0.1470 0.0455 0.1359 0.0265 
         366  1 0.3643 0.0558 0.1523 0.1593 0.1658 0.1026 
         367  1 0.0663 0.0534 0.1382 0.5519 0.1333 0.0569 
         368  1 0.0351 0.2959 0.2567 0.0963 0.2621 0.0538 
         369  1 0.0611 0.0619 0.1946 0.0363 0.1996 0.4465 
         370  1 0.1109 0.1158 0.1520 0.4195 0.1383 0.0634 
         371  1 0.0596 0.1098 0.1361 0.0607 0.1352 0.4986 
         372  1 0.0401 0.0911 0.1157 0.0842 0.1056 0.5633 
         373  1 0.3037 0.0756 0.1966 0.0983 0.2383 0.0876 
         374  1 0.4290 0.1496 0.1326 0.0812 0.1346 0.0730 
         375  1 0.0336 0.0460 0.0632 0.0343 0.0559 0.7671 
         376  1 0.0607 0.5906 0.1089 0.0640 0.1100 0.0657 
         377  1 0.6776 0.0601 0.0795 0.0391 0.0845 0.0594 
         378  1 0.6468 0.0797 0.0619 0.0379 0.0689 0.1047 
         379  1 0.0348 0.0828 0.0743 0.6438 0.0696 0.0946 
         380  1 0.1042 0.1304 0.1017 0.2826 0.1040 0.2771 
         381  1 0.1930 0.0827 0.2565 0.0608 0.2453 0.1617 
         382  1 0.0472 0.0587 0.0457 0.0580 0.0480 0.7423 
         383  1 0.0380 0.1384 0.3643 0.0486 0.3690 0.0418 
         384  1 0.4556 0.1018 0.1411 0.0439 0.1413 0.1163 
         385  1 0.2078 0.5626 0.0755 0.0340 0.0677 0.0524 
         386  1 0.0586 0.1975 0.3178 0.0519 0.3164 0.0577 
         387  1 0.0404 0.0364 0.4076 0.0669 0.3864 0.0622 
         388  1 0.1429 0.0746 0.0872 0.0687 0.0908 0.5358 
         389  1 0.0513 0.4185 0.0692 0.0791 0.0686 0.3132 
         390  1 0.0494 0.0835 0.1123 0.0478 0.1221 0.5849 
         391  1 0.0655 0.2970 0.2075 0.0876 0.1978 0.1445 
         392  1 0.2310 0.0633 0.2024 0.1621 0.2110 0.1301 
         393  1 0.1726 0.1669 0.1545 0.1657 0.1551 0.1851 
         394  1 0.0574 0.6006 0.1005 0.1124 0.0893 0.0398 
         395  1 0.0386 0.0560 0.3872 0.0756 0.3290 0.1136 
         396  1 0.2092 0.0620 0.0574 0.0657 0.0586 0.5470 
         397  1 0.1136 0.0549 0.3089 0.0441 0.3277 0.1509 
         398  1 0.3068 0.0525 0.2527 0.0571 0.2320 0.0989 
         399  1 0.0512 0.0514 0.1467 0.1016 0.1312 0.5179 
         400  1 0.0850 0.1116 0.2937 0.0761 0.3307 0.1029 
         401  1 0.0675 0.0494 0.3985 0.0531 0.3797 0.0519 
         402  1 0.0667 0.6617 0.0769 0.0446 0.0814 0.0687 
         403  1 0.4066 0.0622 0.1745 0.1349 0.1758 0.0460 
         404  1 0.0641 0.3743 0.2372 0.0767 0.1945 0.0532 
         405  1 0.1518 0.4737 0.0867 0.0468 0.0880 0.1530 
         406  1 0.0588 0.0737 0.0664 0.0401 0.0658 0.6953 
         407  1 0.0418 0.0885 0.1447 0.1336 0.1633 0.4281 
         408  1 0.2597 0.0991 0.1112 0.3922 0.1002 0.0375 
         409  1 0.0564 0.2954 0.1501 0.2391 0.1401 0.1189 
         410  1 0.0547 0.0432 0.3051 0.0563 0.3059 0.2349 
         411  1 0.1747 0.0872 0.2951 0.0602 0.3241 0.0587 
         412  1 0.1238 0.0749 0.1711 0.3511 0.1524 0.1267 
         413  1 0.0958 0.4723 0.0925 0.1415 0.0934 0.1045 
         414  1 0.1288 0.2576 0.1564 0.1857 0.1550 0.1165 
         415  1 0.6696 0.0835 0.0748 0.0450 0.0841 0.0428 
         416  1 0.0370 0.7599 0.0463 0.0602 0.0432 0.0534 
         417  1 0.0879 0.0822 0.2729 0.1077 0.2983 0.1511 
         418  1 0.0512 0.1954 0.1783 0.3210 0.1740 0.0802 
         419  1 0.1015 0.0999 0.0930 0.1059 0.0881 0.5116 
         420  1 0.1134 0.0626 0.2940 0.0721 0.3137 0.1442 
         421  1 0.1033 0.3944 0.1800 0.0494 0.1603 0.1127 
         422  1 0.1644 0.1968 0.2141 0.1943 0.1794 0.0510 
         423  1 0.0299 0.0443 0.4218 0.0331 0.3974 0.0736 
         424  1 0.7227 0.0646 0.0643 0.0357 0.0665 0.0462 
         425  1 0.1499 0.0703 0.2217 0.0618 0.2434 0.2528 
         426  1 0.0832 0.5024 0.1347 0.0840 0.1313 0.0644 
         427  1 0.0390 0.1012 0.0980 0.5272 0.1093 0.1253 
         428  1 0.0676 0.0602 0.2848 0.1475 0.3308 0.1091 
         429  1 0.0453 0.0821 0.3532 0.0607 0.3769 0.0818 
         430  1 0.6633 0.0344 0.0688 0.1182 0.0728 0.0425 
         431  1 0.0647 0.0734 0.3965 0.0688 0.3485 0.0482 
         432  1 0.0589 0.2719 0.0814 0.4587 0.0799 0.0492 
         433  1 0.0693 0.0692 0.0523 0.0689 0.0558 0.6845 
         434  1 0.3184 0.4048 0.0709 0.0614 0.0668 0.0776 
         435  1 0.0486 0.0892 0.2372 0.2475 0.1898 0.1877 
         436  1 0.0694 0.1258 0.0800 0.1760 0.0797 0.4690 
         437  1 0.6299 0.0525 0.0829 0.0713 0.0857 0.0777 
         438  1 0.1282 0.0678 0.0828 0.5915 0.0824 0.0474 
         439  1 0.0698 0.0728 0.3346 0.0528 0.2840 0.1861 
         440  1 0.6805 0.0555 0.0716 0.0885 0.0697 0.0342 
         441  1 0.0439 0.6669 0.0508 0.0478 0.0495 0.1410 
         442  1 0.1083 0.0433 0.0899 0.2212 0.0906 0.4466 
         443  1 0.0372 0.0508 0.0732 0.0406 0.0739 0.7243 
         444  1 0.0616 0.0688 0.3537 0.0488 0.4010 0.0661 
         445  1 0.0479 0.0631 0.2719 0.1310 0.2666 0.2196 
         446  1 0.0347 0.6942 0.0618 0.1010 0.0649 0.0433 
         447  1 0.0701 0.0492 0.3039 0.0984 0.2897 0.1887 
         448  1 0.3143 0.0885 0.1777 0.2025 0.1693 0.0477 
         449  1 0.7230 0.0732 0.0507 0.0425 0.0475 0.0631 
         450  1 0.0631 0.6834 0.0464 0.0688 0.0482 0.0900 
         451  1 0.0547 0.7199 0.0487 0.0698 0.0503 0.0566 
         452  1 0.0357 0.0411 0.0559 0.0534 0.0528 0.7610 
         453  1 0.0567 0.0662 0.0499 0.7156 0.0506 0.0610 
         454  1 0.0681 0.1853 0.1572 0.3555 0.1307 0.1031 
         455  1 0.0413 0.0581 0.2755 0.2514 0.2986 0.0751 
         456  1 0.0575 0.6616 0.0595 0.0962 0.0641 0.0610 
         457  1 0.6171 0.0832 0.0750 0.0701 0.0779 0.0767 
         458  1 0.0775 0.0397 0.3710 0.0367 0.4224 0.0526 
         459  1 0.0514 0.5047 0.0512 0.2052 0.0529 0.1345 
         460  1 0.0460 0.0470 0.3247 0.0712 0.3833 0.1277 
         461  1 0.6623 0.0704 0.0546 0.0778 0.0570 0.0779 
         462  1 0.0519 0.0742 0.0551 0.6753 0.0569 0.0865 
         463  1 0.1459 0.5121 0.1096 0.0699 0.1034 0.0591 
         464  1 0.0900 0.0829 0.2799 0.0726 0.3222 0.1525 
         465  1 0.1483 0.6031 0.0822 0.0482 0.0803 0.0378 
         466  1 0.0550 0.1118 0.2575 0.0912 0.2822 0.2022 
         467  1 0.0350 0.0622 0.0601 0.0571 0.0638 0.7218 
         468  1 0.0533 0.2022 0.3196 0.0467 0.3068 0.0714 
         469  1 0.0253 0.0387 0.0743 0.0302 0.0776 0.7539 
         470  1 0.1170 0.1839 0.2333 0.1877 0.2112 0.0670 
         471  1 0.1069 0.0895 0.2847 0.0724 0.2838 0.1627 
         472  1 0.1222 0.1317 0.2811 0.1115 0.2981 0.0553 
         473  1 0.0844 0.1171 0.3252 0.0692 0.3647 0.0394 
         474  1 0.0498 0.0907 0.3196 0.0450 0.3269 0.1679 
         475  1 0.1489 0.0376 0.3535 0.0425 0.3386 0.0788 
         476  1 0.0669 0.5508 0.1282 0.1063 0.1177 0.0301 
         477  1 0.1006 0.0596 0.3764 0.0450 0.3797 0.0388 
         478  1 0.7410 0.0467 0.0580 0.0501 0.0585 0.0458 
         479  1 0.0634 0.0832 0.2731 0.0735 0.2847 0.2221 
         480  1 0.0583 0.0491 0.0626 0.0489 0.0617 0.7194 
         481  1 0.3559 0.0956 0.1457 0.1223 0.1422 0.1384 
         482  1 0.6053 0.0876 0.0736 0.0800 0.0736 0.0800 
         483  1 0.0925 0.0878 0.2222 0.2329 0.2264 0.1382 
         484  1 0.0780 0.0425 0.2335 0.0428 0.2494 0.3537 
         485  1 0.0401 0.0449 0.0850 0.0280 0.0843 0.7178 
         486  1 0.0408 0.7534 0.0355 0.0449 0.0385 0.0869 
         487  1 0.0627 0.0937 0.1257 0.0772 0.1343 0.5063 
         488  1 0.0357 0.0664 0.3890 0.0398 0.3930 0.0761 
         489  1 0.1191 0.1608 0.2713 0.1744 0.2246 0.0499 
         490  1 0.0657 0.2445 0.2859 0.0596 0.2352 0.1092 
         491  1 0.0477 0.0703 0.0691 0.0606 0.0678 0.6845 
         492  1 0.0519 0.0368 0.0747 0.0342 0.0810 0.7215 
