           1  1 0.0657 0.0723 0.0864 0.0653 0.0627 0.4295 0.0802 0.0715 0.0664 
           2  1 0.0444 0.0682 0.0640 0.1959 0.1217 0.0979 0.1071 0.0867 0.2141 
           3  1 0.0418 0.0601 0.1479 0.1911 0.2141 0.0504 0.0597 0.1111 0.1238 
           4  1 0.0757 0.3480 0.0593 0.0444 0.0488 0.2496 0.0596 0.0756 0.0389 
           5  1 0.0341 0.5726 0.0521 0.0422 0.0444 0.0962 0.0350 0.0792 0.0442 
           6  1 0.0855 0.0430 0.1490 0.1570 0.1738 0.0784 0.0590 0.1179 0.1364 
           7  1 0.1683 0.0473 0.1437 0.1527 0.1516 0.0764 0.0250 0.1143 0.1207 
           8  1 0.0575 0.0989 0.0577 0.0457 0.0537 0.4882 0.0888 0.0625 0.0470 
           9  1 0.0345 0.0416 0.1875 0.1589 0.2211 0.0457 0.0458 0.1679 0.0970 
          10  1 0.0435 0.6066 0.0532 0.0429 0.0458 0.0429 0.0424 0.0836 0.0391 
          11  1 0.5212 0.0493 0.0776 0.0600 0.0629 0.0402 0.0607 0.0728 0.0552 
          12  1 0.0339 0.0484 0.0653 0.1537 0.0988 0.2661 0.1055 0.0647 0.1636 
          13  1 0.2188 0.0575 0.0933 0.0658 0.0751 0.2292 0.0874 0.0923 0.0806 
          14  1 0.0387 0.3155 0.0969 0.0966 0.1262 0.0589 0.1097 0.0898 0.0678 
          15  1 0.0380 0.0799 0.1772 0.1188 0.1365 0.0367 0.2077 0.1230 0.0822 
          16  1 0.2508 0.0668 0.0786 0.0611 0.0640 0.2855 0.0631 0.0703 0.0599 
          17  1 0.3576 0.0814 0.0700 0.0977 0.0802 0.0490 0.0818 0.0754 0.1068 
          18  1 0.0418 0.0360 0.0550 0.0592 0.0550 0.5813 0.0538 0.0550 0.0631 
          19  1 0.0888 0.1273 0.1633 0.1269 0.1425 0.0582 0.0584 0.1278 0.1068 
          20  1 0.0747 0.1844 0.1323 0.0934 0.1271 0.1386 0.0438 0.1251 0.0808 
          21  1 0.0865 0.4365 0.0635 0.0544 0.0585 0.0471 0.1088 0.0868 0.0579 
          22  1 0.0476 0.0924 0.2488 0.0765 0.1156 0.0906 0.1551 0.1215 0.0519 
          23  1 0.0958 0.0360 0.0647 0.2610 0.1135 0.0383 0.0434 0.0639 0.2834 
          24  1 0.0651 0.0624 0.1420 0.1568 0.1470 0.0276 0.0414 0.1726 0.1851 
          25  1 0.4700 0.0566 0.0936 0.0447 0.0558 0.1171 0.0660 0.0581 0.0380 
          26  1 0.0471 0.0790 0.0794 0.2591 0.1227 0.0373 0.0375 0.0758 0.2623 
          27  1 0.0599 0.1314 0.1129 0.0593 0.0747 0.1751 0.2253 0.1133 0.0481 
          28  1 0.2394 0.0765 0.1652 0.0880 0.1081 0.0330 0.0652 0.1511 0.0735 
          29  1 0.0360 0.1405 0.1378 0.1717 0.1854 0.0405 0.0483 0.1150 0.1249 
          30  1 0.0469 0.0841 0.2253 0.0892 0.1163 0.0639 0.1671 0.1284 0.0789 
          31  1 0.2302 0.0719 0.1156 0.1136 0.0981 0.0531 0.0727 0.1230 0.1217 
          32  1 0.0594 0.0572 0.2837 0.0989 0.1331 0.0401 0.1260 0.1240 0.0776 
          33  1 0.0819 0.0456 0.1333 0.1061 0.1154 0.0480 0.2505 0.1134 0.1059 
          34  1 0.1297 0.0779 0.1492 0.1385 0.1103 0.0594 0.0877 0.1049 0.1424 
          35  1 0.0324 0.5236 0.0569 0.0753 0.0633 0.0449 0.0513 0.0802 0.0720 
          36  1 0.0442 0.0499 0.1649 0.1293 0.1605 0.0371 0.0677 0.1591 0.1875 
          37  1 0.4202 0.0808 0.0648 0.1025 0.0698 0.0641 0.0359 0.0628 0.0991 
          38  1 0.0605 0.0583 0.2693 0.1214 0.1281 0.0335 0.0456 0.1549 0.1283 
          39  1 0.0867 0.1084 0.1344 0.0836 0.1130 0.2161 0.0725 0.1118 0.0735 
          40  1 0.0632 0.0538 0.0527 0.0537 0.0543 0.0386 0.5668 0.0577 0.0592 
          41  1 0.0383 0.0873 0.2034 0.1301 0.1570 0.0779 0.0759 0.1316 0.0985 
          42  1 0.2871 0.0492 0.0743 0.1130 0.1152 0.0338 0.0595 0.1155 0.1525 
          43  1 0.0317 0.0311 0.0425 0.2599 0.1593 0.0256 0.0338 0.1058 0.3101 
          44  1 0.0864 0.0345 0.0850 0.1867 0.1513 0.0331 0.0489 0.1300 0.2441 
          45  1 0.0541 0.0561 0.0532 0.0497 0.0522 0.5872 0.0554 0.0481 0.0441 
          46  1 0.0567 0.0388 0.0603 0.2221 0.1340 0.0338 0.0800 0.0962 0.2782 
          47  1 0.0537 0.0695 0.0686 0.0791 0.0731 0.4573 0.0413 0.0750 0.0824 
          48  1 0.0649 0.0798 0.1509 0.1681 0.1748 0.0242 0.0473 0.1320 0.1579 
          49  1 0.0393 0.0574 0.1199 0.1261 0.1476 0.0914 0.1114 0.1746 0.1325 
          50  1 0.0630 0.4780 0.0688 0.0525 0.0661 0.0393 0.0676 0.1131 0.0518 
          51  1 0.0479 0.1625 0.0877 0.0812 0.1049 0.0376 0.2754 0.1255 0.0772 
          52  1 0.0574 0.0736 0.0723 0.0733 0.0694 0.0454 0.4628 0.0728 0.0728 
          53  1 0.0553 0.1375 0.1863 0.0890 0.1457 0.0426 0.0834 0.1858 0.0745 
          54  1 0.0393 0.0549 0.0697 0.0666 0.0689 0.3477 0.1871 0.0787 0.0871 
          55  1 0.3693 0.1484 0.0636 0.0925 0.0694 0.0459 0.0570 0.0628 0.0910 
          56  1 0.1391 0.0504 0.1504 0.1350 0.1167 0.0640 0.0517 0.1372 0.1554 
          57  1 0.0422 0.0583 0.1212 0.2055 0.1508 0.0458 0.0474 0.1191 0.2099 
          58  1 0.0350 0.0467 0.1525 0.1745 0.1965 0.0381 0.0588 0.1538 0.1441 
          59  1 0.0460 0.0700 0.2038 0.1294 0.2034 0.0484 0.0719 0.1407 0.0864 
          60  1 0.0611 0.0771 0.1722 0.1278 0.1605 0.0700 0.0570 0.1618 0.1124 
          61  1 0.6195 0.0597 0.0464 0.0359 0.0390 0.0593 0.0571 0.0498 0.0334 
          62  1 0.0604 0.0357 0.1471 0.1646 0.2026 0.0424 0.0432 0.1533 0.1507 
          63  1 0.0830 0.3279 0.0895 0.0605 0.0688 0.1119 0.0854 0.1099 0.0631 
          64  1 0.0377 0.1583 0.1018 0.0955 0.1479 0.0495 0.1540 0.1694 0.0859 
          65  1 0.0785 0.0592 0.1053 0.0968 0.1320 0.0299 0.2340 0.1656 0.0986 
          66  1 0.0462 0.4350 0.0938 0.0669 0.0673 0.0507 0.0764 0.0998 0.0638 
          67  1 0.1057 0.0687 0.0778 0.1821 0.1262 0.0378 0.0456 0.1097 0.2465 
          68  1 0.0577 0.0502 0.1604 0.1674 0.1790 0.0487 0.0634 0.1364 0.1368 
          69  1 0.0563 0.1525 0.0579 0.0324 0.0395 0.5052 0.0717 0.0557 0.0287 
          70  1 0.0283 0.0273 0.0682 0.2043 0.1786 0.0253 0.0259 0.1506 0.2916 
          71  1 0.0461 0.1533 0.1563 0.1115 0.1398 0.0520 0.0530 0.1713 0.1168 
          72  1 0.0358 0.1168 0.1798 0.1565 0.1869 0.0526 0.0695 0.1045 0.0975 
          73  1 0.0903 0.0680 0.0466 0.0549 0.0466 0.5323 0.0563 0.0456 0.0593 
          74  1 0.0998 0.2300 0.1540 0.0789 0.0981 0.0445 0.0449 0.1576 0.0923 
          75  1 0.5026 0.0771 0.0636 0.0477 0.0555 0.0646 0.0720 0.0712 0.0458 
          76  1 0.0868 0.0949 0.1195 0.1603 0.1154 0.0644 0.0634 0.1072 0.1881 
          77  1 0.0477 0.1244 0.1469 0.1379 0.1893 0.0583 0.0865 0.1208 0.0881 
          78  1 0.4779 0.0482 0.0752 0.0833 0.0641 0.0430 0.0472 0.0709 0.0903 
          79  1 0.2471 0.0454 0.0835 0.0653 0.0647 0.1302 0.2255 0.0720 0.0662 
          80  1 0.0487 0.0405 0.1612 0.1741 0.1929 0.0377 0.0496 0.1507 0.1446 
          81  1 0.0632 0.2108 0.1096 0.0820 0.1257 0.0676 0.0768 0.1899 0.0744 
          82  1 0.1355 0.2316 0.0855 0.0845 0.0776 0.1102 0.1013 0.0926 0.0814 
          83  1 0.0583 0.1153 0.1603 0.1652 0.1880 0.0603 0.0430 0.1084 0.1011 
          84  1 0.0599 0.1720 0.1193 0.1052 0.1228 0.0649 0.1022 0.1384 0.1153 
          85  1 0.0375 0.0565 0.0753 0.0628 0.0751 0.5093 0.0520 0.0719 0.0595 
          86  1 0.0581 0.0729 0.1064 0.1562 0.1221 0.0653 0.1258 0.1195 0.1737 
          87  1 0.0405 0.0803 0.1221 0.1135 0.1466 0.0704 0.1214 0.1619 0.1433 
          88  1 0.1077 0.0918 0.1444 0.1255 0.1398 0.0444 0.0934 0.1518 0.1012 
          89  1 0.5438 0.0701 0.0525 0.0547 0.0515 0.0433 0.0726 0.0568 0.0546 
          90  1 0.0483 0.0413 0.0606 0.1861 0.1554 0.0564 0.0577 0.1405 0.2538 
          91  1 0.0593 0.0734 0.1331 0.0603 0.0847 0.0933 0.3404 0.1050 0.0506 
          92  1 0.0444 0.0389 0.0654 0.2673 0.1155 0.1091 0.0405 0.0584 0.2606 
          93  1 0.0661 0.0609 0.1785 0.1107 0.1530 0.0610 0.0751 0.1842 0.1106 
          94  1 0.0530 0.5585 0.0628 0.0546 0.0538 0.0408 0.0333 0.0899 0.0535 
          95  1 0.0460 0.0608 0.1142 0.1389 0.1306 0.0372 0.0524 0.1807 0.2391 
          96  1 0.3159 0.0804 0.0983 0.0678 0.0883 0.0310 0.1310 0.1187 0.0687 
          97  1 0.0555 0.0384 0.0634 0.2590 0.1457 0.0431 0.0359 0.0849 0.2741 
          98  1 0.0801 0.0463 0.0885 0.0726 0.0805 0.0792 0.4147 0.0757 0.0626 
          99  1 0.2132 0.0669 0.1606 0.1045 0.1292 0.0365 0.0538 0.1336 0.1018 
         100  1 0.1687 0.0738 0.0465 0.0397 0.0465 0.0463 0.4867 0.0515 0.0404 
         101  1 0.0453 0.0512 0.1743 0.1448 0.1872 0.0715 0.0464 0.1664 0.1129 
         102  1 0.0904 0.0744 0.2264 0.0862 0.1341 0.0580 0.0741 0.1818 0.0745 
         103  1 0.0906 0.0921 0.1617 0.1607 0.1323 0.0426 0.0448 0.1251 0.1501 
         104  1 0.5906 0.0414 0.0508 0.0540 0.0442 0.0686 0.0585 0.0415 0.0505 
         105  1 0.0930 0.0306 0.0399 0.0417 0.0376 0.0371 0.6448 0.0352 0.0401 
         106  1 0.0394 0.2615 0.2118 0.0912 0.1050 0.0266 0.0479 0.1308 0.0859 
         107  1 0.0433 0.3946 0.0867 0.0677 0.0678 0.1367 0.0431 0.0913 0.0689 
         108  1 0.1048 0.0489 0.0416 0.0346 0.0401 0.0912 0.5643 0.0423 0.0323 
         109  1 0.5493 0.0567 0.0670 0.0666 0.0565 0.0433 0.0372 0.0568 0.0665 
         110  1 0.1247 0.1736 0.0702 0.1337 0.1047 0.0654 0.0826 0.0949 0.1503 
         111  1 0.2347 0.1223 0.0883 0.0614 0.0713 0.0366 0.2085 0.1089 0.0681 
         112  1 0.0823 0.2582 0.0925 0.0697 0.0837 0.1849 0.0622 0.0976 0.0689 
         113  1 0.1319 0.0542 0.0857 0.1652 0.1247 0.0393 0.0971 0.1059 0.1959 
         114  1 0.3024 0.0409 0.0720 0.1209 0.0938 0.0891 0.0883 0.0704 0.1222 
         115  1 0.0581 0.4067 0.1298 0.0508 0.0643 0.0884 0.0445 0.1097 0.0478 
         116  1 0.0421 0.0880 0.1529 0.0688 0.0903 0.3549 0.0455 0.1006 0.0570 
         117  1 0.1366 0.0566 0.1493 0.1519 0.1512 0.0376 0.0383 0.1312 0.1473 
         118  1 0.0653 0.0565 0.0783 0.0641 0.0705 0.4688 0.0529 0.0796 0.0640 
         119  1 0.3741 0.1099 0.1083 0.0742 0.0865 0.0409 0.0491 0.0963 0.0607 
         120  1 0.0381 0.0813 0.1277 0.1176 0.1573 0.0475 0.1272 0.1775 0.1257 
         121  1 0.0594 0.0545 0.1636 0.1380 0.1731 0.0428 0.0707 0.1691 0.1289 
         122  1 0.0597 0.0659 0.1287 0.1390 0.1520 0.0461 0.0808 0.1664 0.1614 
         123  1 0.0396 0.0519 0.0777 0.2464 0.1419 0.0387 0.0385 0.0927 0.2726 
         124  1 0.0692 0.0404 0.1625 0.1658 0.1615 0.0477 0.0517 0.1426 0.1585 
         125  1 0.0515 0.0483 0.0598 0.1817 0.1117 0.2569 0.0443 0.0641 0.1817 
         126  1 0.0509 0.0722 0.1606 0.1371 0.1845 0.1076 0.0627 0.1282 0.0962 
         127  1 0.1283 0.0759 0.1398 0.1043 0.1384 0.0707 0.0892 0.1601 0.0933 
         128  1 0.0476 0.1364 0.0715 0.0577 0.0598 0.0400 0.4467 0.0756 0.0647 
         129  1 0.0470 0.0561 0.0932 0.1515 0.1540 0.0617 0.0950 0.1583 0.1832 
         130  1 0.0602 0.2102 0.1850 0.0984 0.1365 0.0505 0.0398 0.1390 0.0804 
         131  1 0.0669 0.0463 0.0788 0.1861 0.1200 0.0313 0.0787 0.1171 0.2749 
         132  1 0.1130 0.1084 0.1656 0.0779 0.1164 0.0831 0.1165 0.1436 0.0756 
         133  1 0.5220 0.0562 0.0465 0.0431 0.0501 0.0583 0.1243 0.0514 0.0481 
         134  1 0.0452 0.0961 0.1776 0.1338 0.1684 0.0315 0.0453 0.1870 0.1150 
         135  1 0.0433 0.0466 0.2628 0.1258 0.2064 0.0475 0.0398 0.1408 0.0870 
         136  1 0.0591 0.1309 0.0963 0.0702 0.0817 0.3306 0.0583 0.0890 0.0839 
         137  1 0.0748 0.1116 0.1429 0.0995 0.1340 0.0707 0.0911 0.1752 0.1003 
         138  1 0.0794 0.0602 0.0730 0.0802 0.0752 0.0456 0.4138 0.0744 0.0982 
         139  1 0.0429 0.0662 0.0599 0.0732 0.0597 0.4945 0.0751 0.0555 0.0731 
         140  1 0.0542 0.0688 0.2013 0.1338 0.1882 0.0405 0.0416 0.1781 0.0936 
         141  1 0.0853 0.0928 0.1444 0.1002 0.1294 0.0880 0.0723 0.2003 0.0873 
         142  1 0.3610 0.0847 0.1114 0.0709 0.0861 0.0533 0.0459 0.1123 0.0743 
         143  1 0.0520 0.0766 0.1209 0.0942 0.1352 0.1183 0.1489 0.1579 0.0961 
         144  1 0.0615 0.1384 0.1699 0.0925 0.1347 0.0400 0.1256 0.1671 0.0702 
         145  1 0.0560 0.0583 0.1156 0.1639 0.1482 0.0644 0.0479 0.1451 0.2006 
         146  1 0.0802 0.1174 0.1799 0.1110 0.1583 0.0534 0.0396 0.1731 0.0872 
         147  1 0.0650 0.1107 0.0964 0.1487 0.1328 0.0622 0.0888 0.1207 0.1747 
         148  1 0.0459 0.0653 0.1518 0.1581 0.1947 0.0383 0.1239 0.1173 0.1048 
         149  1 0.3343 0.0638 0.0799 0.1009 0.0868 0.0537 0.0958 0.0808 0.1040 
         150  1 0.3446 0.0979 0.1341 0.0691 0.0997 0.0365 0.0469 0.1104 0.0610 
         151  1 0.5657 0.0653 0.0452 0.0428 0.0453 0.0840 0.0637 0.0435 0.0445 
         152  1 0.0380 0.0523 0.1573 0.1442 0.1490 0.0501 0.0563 0.1747 0.1781 
         153  1 0.0503 0.1001 0.0434 0.0351 0.0430 0.1408 0.5067 0.0477 0.0329 
         154  1 0.0813 0.0778 0.1844 0.1120 0.1393 0.0348 0.0717 0.1833 0.1155 
         155  1 0.0553 0.0839 0.1505 0.1162 0.1705 0.0365 0.0606 0.2096 0.1168 
         156  1 0.1301 0.1229 0.1537 0.0865 0.1225 0.1079 0.0685 0.1461 0.0618 
         157  1 0.1115 0.0641 0.0653 0.2122 0.1096 0.0971 0.0724 0.0593 0.2085 
         158  1 0.1410 0.1048 0.1140 0.1065 0.1200 0.0748 0.1196 0.1286 0.0909 
         159  1 0.0547 0.4849 0.0565 0.0856 0.0631 0.0421 0.0481 0.0811 0.0839 
         160  1 0.0557 0.0577 0.0614 0.0538 0.0592 0.5681 0.0372 0.0589 0.0481 
         161  1 0.0756 0.0596 0.0597 0.0716 0.0630 0.4875 0.0610 0.0523 0.0698 
         162  1 0.0422 0.0594 0.2243 0.1323 0.1804 0.0432 0.0885 0.1295 0.1002 
         163  1 0.1358 0.0496 0.1339 0.1790 0.1290 0.0447 0.0444 0.1098 0.1739 
         164  1 0.0556 0.0729 0.0499 0.0493 0.0491 0.5740 0.0516 0.0494 0.0482 
         165  1 0.1865 0.0817 0.1224 0.1350 0.1463 0.0697 0.0492 0.1070 0.1020 
         166  1 0.0487 0.0792 0.0769 0.0693 0.0851 0.0588 0.4126 0.0987 0.0706 
         167  1 0.0737 0.0881 0.1374 0.1027 0.1180 0.0406 0.2502 0.1094 0.0797 
         168  1 0.0690 0.0566 0.1660 0.1017 0.1313 0.1558 0.0880 0.1369 0.0948 
         169  1 0.0413 0.1037 0.0733 0.0511 0.0605 0.5154 0.0458 0.0637 0.0451 
         170  1 0.0497 0.5078 0.0677 0.0605 0.0610 0.0461 0.0555 0.0862 0.0655 
         171  1 0.0675 0.0432 0.0938 0.1556 0.1286 0.0380 0.0942 0.1388 0.2402 
         172  1 0.0695 0.0459 0.0499 0.0425 0.0496 0.0703 0.5770 0.0530 0.0423 
         173  1 0.0570 0.0541 0.0670 0.0425 0.0567 0.0323 0.5732 0.0757 0.0414 
         174  1 0.1247 0.1028 0.1050 0.1114 0.1110 0.1118 0.1087 0.1103 0.1145 
         175  1 0.0662 0.0760 0.0851 0.1860 0.1292 0.0619 0.1019 0.1082 0.1855 
         176  1 0.0441 0.5114 0.0732 0.0607 0.0668 0.0555 0.0376 0.0942 0.0564 
         177  1 0.0671 0.1303 0.0995 0.1397 0.1275 0.0832 0.0991 0.1136 0.1400 
         178  1 0.0649 0.0466 0.0709 0.0793 0.0695 0.0604 0.4697 0.0666 0.0721 
         179  1 0.2509 0.0772 0.0990 0.0991 0.0832 0.0587 0.1374 0.0885 0.1060 
         180  1 0.0644 0.4504 0.1235 0.0514 0.0658 0.0422 0.0479 0.1049 0.0495 
         181  1 0.0662 0.1232 0.1656 0.1139 0.1339 0.0425 0.0526 0.1757 0.1265 
         182  1 0.4785 0.0284 0.0422 0.0547 0.0494 0.2141 0.0348 0.0449 0.0530 
         183  1 0.0611 0.0348 0.0442 0.0404 0.0395 0.6174 0.0856 0.0408 0.0363 
         184  1 0.1415 0.0918 0.1299 0.1152 0.1135 0.0798 0.0923 0.1194 0.1165 
         185  1 0.0609 0.0661 0.1414 0.1072 0.0967 0.2720 0.0640 0.0889 0.1029 
         186  1 0.0602 0.3970 0.0834 0.0717 0.0763 0.0372 0.1103 0.1031 0.0608 
         187  1 0.0413 0.0406 0.1367 0.2010 0.1750 0.0371 0.0381 0.1364 0.1939 
         188  1 0.0553 0.0798 0.0434 0.0358 0.0393 0.5858 0.0774 0.0475 0.0356 
         189  1 0.0898 0.1832 0.1120 0.1206 0.1347 0.1040 0.0570 0.0969 0.1018 
         190  1 0.0835 0.1124 0.1361 0.0901 0.1348 0.0697 0.1300 0.1715 0.0719 
         191  1 0.0597 0.0554 0.0579 0.0551 0.0592 0.0331 0.5560 0.0676 0.0560 
         192  1 0.0470 0.0547 0.0603 0.1719 0.0891 0.2674 0.0652 0.0616 0.1829 
         193  1 0.1207 0.1586 0.1037 0.0874 0.0989 0.1540 0.0939 0.1023 0.0805 
         194  1 0.0478 0.0711 0.2076 0.1228 0.1647 0.0510 0.0449 0.1973 0.0927 
         195  1 0.3972 0.0528 0.0820 0.0812 0.0725 0.0428 0.0892 0.1014 0.0808 
         196  1 0.0475 0.2732 0.1734 0.0927 0.1016 0.0456 0.0436 0.1448 0.0776 
         197  1 0.0950 0.0490 0.1626 0.1116 0.1498 0.0501 0.1112 0.1701 0.1006 
         198  1 0.1135 0.0607 0.0670 0.0751 0.0737 0.0471 0.4347 0.0653 0.0628 
         199  1 0.0540 0.0414 0.0560 0.2798 0.1289 0.0433 0.0506 0.0552 0.2909 
         200  1 0.5346 0.0419 0.0559 0.0597 0.0577 0.0259 0.1046 0.0604 0.0592 
         201  1 0.0310 0.5809 0.0730 0.0384 0.0445 0.0432 0.0694 0.0848 0.0349 
         202  1 0.0724 0.0566 0.1235 0.2025 0.1823 0.0780 0.0480 0.0904 0.1462 
         203  1 0.0477 0.0599 0.1907 0.1313 0.1666 0.0529 0.0587 0.1822 0.1099 
         204  1 0.1214 0.0570 0.1156 0.1114 0.1175 0.0433 0.1472 0.1323 0.1542 
         205  1 0.0358 0.0425 0.0558 0.3054 0.1271 0.0425 0.0382 0.0555 0.2973 
         206  1 0.0512 0.0621 0.1613 0.1710 0.2050 0.0495 0.0545 0.1370 0.1084 
         207  1 0.2471 0.0829 0.1463 0.0863 0.0974 0.0301 0.0670 0.1590 0.0839 
         208  1 0.5262 0.0480 0.0608 0.0627 0.0532 0.0384 0.0848 0.0586 0.0674 
         209  1 0.0603 0.0789 0.0657 0.0748 0.0846 0.1096 0.3707 0.0715 0.0839 
         210  1 0.0402 0.0360 0.0901 0.1459 0.1404 0.0708 0.0652 0.1692 0.2423 
         211  1 0.0450 0.0460 0.0591 0.0546 0.0594 0.0525 0.5818 0.0573 0.0443 
         212  1 0.0776 0.0349 0.0468 0.0459 0.0431 0.0518 0.6035 0.0470 0.0494 
         213  1 0.0739 0.1140 0.1391 0.1145 0.1575 0.1764 0.0397 0.1135 0.0714 
         214  1 0.0332 0.0680 0.2128 0.1374 0.1776 0.0411 0.0382 0.1798 0.1119 
         215  1 0.4545 0.0813 0.0894 0.0613 0.0681 0.0350 0.0421 0.1041 0.0641 
         216  1 0.4223 0.0904 0.0938 0.0596 0.0744 0.0374 0.0683 0.0938 0.0601 
         217  1 0.0409 0.1348 0.0939 0.1808 0.1240 0.0434 0.0618 0.1086 0.2117 
         218  1 0.1084 0.0921 0.0760 0.2333 0.1146 0.0385 0.0385 0.0708 0.2278 
         219  1 0.0426 0.0705 0.0951 0.0421 0.0514 0.0375 0.5475 0.0755 0.0378 
         220  1 0.0615 0.0523 0.0819 0.1266 0.1551 0.0691 0.1465 0.1583 0.1488 
         221  1 0.0434 0.0658 0.1948 0.1278 0.1746 0.0414 0.0448 0.1977 0.1097 
         222  1 0.0472 0.0633 0.1644 0.1153 0.1588 0.0830 0.0862 0.1693 0.1126 
         223  1 0.0539 0.0831 0.1785 0.1263 0.1834 0.0525 0.0812 0.1592 0.0820 
         224  1 0.0897 0.0632 0.1173 0.1066 0.1271 0.0843 0.1843 0.1248 0.1026 
         225  1 0.0425 0.5847 0.0511 0.0446 0.0523 0.0450 0.0569 0.0808 0.0422 
         226  1 0.1083 0.1085 0.1045 0.0890 0.0973 0.1156 0.1563 0.1313 0.0894 
         227  1 0.0311 0.0335 0.0584 0.3246 0.1326 0.0236 0.0321 0.0520 0.3120 
         228  1 0.1301 0.0702 0.1101 0.1717 0.1306 0.0417 0.0609 0.1169 0.1678 
         229  1 0.0944 0.0414 0.0813 0.0828 0.0848 0.3419 0.0646 0.0989 0.1099 
         230  1 0.2083 0.1001 0.1070 0.1207 0.1058 0.0361 0.0670 0.1097 0.1453 
         231  1 0.5715 0.0517 0.0563 0.0415 0.0515 0.0390 0.0828 0.0663 0.0394 
         232  1 0.2667 0.0627 0.0547 0.1710 0.0874 0.0511 0.0834 0.0562 0.1669 
         233  1 0.0600 0.0780 0.0869 0.0566 0.0629 0.0368 0.4911 0.0735 0.0542 
         234  1 0.3987 0.0483 0.0931 0.0678 0.0715 0.0885 0.0916 0.0747 0.0658 
         235  1 0.0575 0.4216 0.1122 0.0666 0.0831 0.0398 0.0296 0.1282 0.0615 
         236  1 0.0463 0.0632 0.1972 0.1261 0.1713 0.0496 0.0775 0.1574 0.1113 
         237  1 0.3070 0.0592 0.1005 0.0948 0.0883 0.0907 0.0666 0.0935 0.0994 
         238  1 0.0371 0.0679 0.2399 0.1221 0.1889 0.0494 0.0504 0.1518 0.0927 
         239  1 0.0500 0.0425 0.0440 0.1375 0.0711 0.4509 0.0365 0.0416 0.1261 
         240  1 0.0570 0.0655 0.2108 0.1208 0.1318 0.0904 0.0357 0.1529 0.1351 
         241  1 0.0679 0.1838 0.1832 0.0899 0.1120 0.0430 0.0989 0.1418 0.0796 
         242  1 0.0532 0.0495 0.0683 0.0726 0.0720 0.4316 0.1116 0.0670 0.0741 
         243  1 0.2906 0.0674 0.1131 0.1031 0.1171 0.0396 0.0532 0.1024 0.1135 
         244  1 0.0513 0.0359 0.1659 0.2136 0.1513 0.0290 0.0361 0.1091 0.2079 
         245  1 0.3023 0.0460 0.1071 0.0485 0.0572 0.2312 0.0984 0.0648 0.0442 
         246  1 0.2244 0.0514 0.0847 0.1526 0.0862 0.0573 0.0910 0.0841 0.1681 
         247  1 0.0677 0.0641 0.1124 0.0725 0.0803 0.3686 0.0456 0.1026 0.0863 
         248  1 0.0653 0.3938 0.0971 0.0694 0.0770 0.0600 0.0706 0.0995 0.0675 
         249  1 0.5400 0.0462 0.0691 0.0564 0.0609 0.0411 0.0394 0.0921 0.0548 
         250  1 0.0526 0.1857 0.0984 0.0827 0.1280 0.0556 0.1538 0.1579 0.0853 
         251  1 0.4928 0.0384 0.0379 0.0470 0.0376 0.1715 0.0923 0.0356 0.0470 
         252  1 0.0776 0.0384 0.1806 0.1300 0.1735 0.1188 0.0471 0.1455 0.0885 
         253  1 0.0301 0.0460 0.1122 0.2270 0.1890 0.0393 0.0389 0.1042 0.2131 
         254  1 0.0338 0.0838 0.1437 0.1085 0.1496 0.1196 0.0985 0.1581 0.1043 
         255  1 0.2220 0.0724 0.0908 0.1437 0.1004 0.0397 0.0784 0.1007 0.1518 
         256  1 0.0403 0.0577 0.1976 0.1579 0.2258 0.0294 0.0575 0.1411 0.0926 
         257  1 0.0611 0.0514 0.0860 0.0620 0.0679 0.2636 0.2753 0.0729 0.0599 
         258  1 0.0537 0.1085 0.1109 0.0559 0.0715 0.4284 0.0391 0.0876 0.0445 
         259  1 0.0558 0.0856 0.0687 0.0455 0.0499 0.5358 0.0501 0.0653 0.0433 
         260  1 0.0428 0.2408 0.1442 0.0888 0.1132 0.0282 0.1090 0.1308 0.1021 
         261  1 0.0390 0.1078 0.0874 0.2013 0.1250 0.0326 0.1135 0.0848 0.2086 
         262  1 0.0390 0.0499 0.0980 0.1702 0.1498 0.0668 0.0465 0.1477 0.2320 
         263  1 0.0516 0.0859 0.1905 0.0975 0.1477 0.0616 0.0858 0.1894 0.0900 
         264  1 0.0499 0.0419 0.0946 0.2736 0.1571 0.0333 0.0294 0.0781 0.2421 
         265  1 0.0822 0.2458 0.0676 0.1187 0.0840 0.1268 0.0566 0.0865 0.1317 
         266  1 0.1065 0.2793 0.1225 0.0838 0.1077 0.0525 0.0501 0.1273 0.0703 
         267  1 0.0625 0.0487 0.0581 0.0512 0.0594 0.0583 0.5391 0.0710 0.0518 
         268  1 0.4640 0.0629 0.0791 0.0688 0.0758 0.0619 0.0582 0.0736 0.0557 
         269  1 0.1016 0.3107 0.0837 0.0775 0.0749 0.0713 0.1114 0.0916 0.0773 
         270  1 0.0555 0.4875 0.0946 0.0514 0.0590 0.0525 0.0412 0.1102 0.0481 
         271  1 0.1108 0.0497 0.1116 0.2042 0.1741 0.0274 0.0404 0.1212 0.1608 
         272  1 0.0667 0.0689 0.1108 0.1646 0.1647 0.0509 0.0485 0.1292 0.1958 
         273  1 0.5219 0.0467 0.0618 0.0539 0.0529 0.1000 0.0496 0.0578 0.0555 
         274  1 0.0491 0.6525 0.0425 0.0342 0.0379 0.0353 0.0391 0.0757 0.0337 
         275  1 0.0728 0.0721 0.0970 0.0783 0.0878 0.0574 0.3797 0.0867 0.0683 
         276  1 0.0675 0.1889 0.1484 0.0843 0.1055 0.0691 0.1135 0.1378 0.0852 
         277  1 0.0508 0.0790 0.1707 0.1553 0.2234 0.0569 0.0436 0.1441 0.0762 
         278  1 0.1441 0.0707 0.0967 0.0839 0.0951 0.0775 0.2170 0.1104 0.1047 
         279  1 0.0311 0.1221 0.1775 0.1319 0.1546 0.1117 0.0292 0.1258 0.1162 
         280  1 0.0481 0.1227 0.1354 0.1209 0.1497 0.0720 0.0865 0.1573 0.1074 
         281  1 0.5657 0.0482 0.0479 0.0415 0.0445 0.1200 0.0449 0.0468 0.0405 
         282  1 0.0353 0.0746 0.1631 0.1787 0.2253 0.0359 0.0362 0.1425 0.1085 
         283  1 0.0905 0.0526 0.0803 0.1607 0.1272 0.0747 0.0610 0.1253 0.2276 
         284  1 0.1802 0.0768 0.0946 0.0996 0.1007 0.1084 0.1055 0.1102 0.1242 
         285  1 0.1144 0.0647 0.0800 0.1132 0.1217 0.1151 0.1163 0.1217 0.1528 
         286  1 0.0434 0.0583 0.1021 0.1182 0.1362 0.2566 0.0485 0.1142 0.1225 
         287  1 0.0597 0.0453 0.0866 0.1690 0.1406 0.0318 0.0635 0.1453 0.2583 
         288  1 0.0536 0.0630 0.1546 0.1254 0.1589 0.0791 0.0923 0.1760 0.0972 
         289  1 0.1435 0.0927 0.1332 0.0949 0.1150 0.0477 0.0684 0.2043 0.1004 
         290  1 0.0397 0.0554 0.0811 0.1756 0.1434 0.0329 0.0561 0.1509 0.2648 
         291  1 0.0426 0.0629 0.1615 0.1617 0.2076 0.0378 0.0304 0.1486 0.1468 
         292  1 0.2079 0.0482 0.0593 0.1595 0.0975 0.0514 0.1403 0.0726 0.1632 
         293  1 0.0406 0.0600 0.0837 0.0426 0.0510 0.0897 0.5274 0.0640 0.0409 
         294  1 0.0495 0.1292 0.1735 0.1368 0.1908 0.0499 0.0391 0.1449 0.0863 
         295  1 0.0424 0.0811 0.0504 0.2766 0.1137 0.0575 0.0553 0.0604 0.2626 
         296  1 0.0777 0.0483 0.1505 0.1744 0.1869 0.0536 0.0455 0.1367 0.1264 
         297  1 0.0499 0.0360 0.1039 0.1757 0.1370 0.0596 0.0585 0.1250 0.2543 
         298  1 0.0565 0.1502 0.0794 0.0391 0.0590 0.2995 0.1871 0.0891 0.0401 
         299  1 0.0572 0.0870 0.1980 0.0945 0.1162 0.1663 0.0550 0.1259 0.0999 
         300  1 0.0449 0.1201 0.1202 0.0445 0.0599 0.4262 0.0624 0.0848 0.0370 
         301  1 0.0465 0.0822 0.1192 0.1204 0.1279 0.1888 0.0718 0.1161 0.1270 
         302  1 0.0465 0.2939 0.1032 0.0537 0.0739 0.2443 0.0455 0.0981 0.0409 
         303  1 0.0505 0.1043 0.1733 0.1310 0.1466 0.0366 0.0344 0.1864 0.1369 
         304  1 0.0400 0.1902 0.1037 0.0711 0.1108 0.1149 0.1367 0.1542 0.0784 
         305  1 0.0809 0.2114 0.1054 0.0906 0.0981 0.0970 0.0865 0.1355 0.0946 
         306  1 0.0490 0.0865 0.1631 0.0766 0.1094 0.0337 0.2812 0.1266 0.0739 
         307  1 0.0878 0.0557 0.2445 0.1102 0.1603 0.0484 0.0473 0.1686 0.0773 
         308  1 0.1051 0.1560 0.1060 0.0776 0.0925 0.2134 0.0699 0.1107 0.0688 
         309  1 0.0853 0.2005 0.1593 0.0693 0.1003 0.0566 0.1304 0.1363 0.0619 
         310  1 0.0468 0.0677 0.0496 0.0503 0.0481 0.1027 0.5194 0.0580 0.0574 
         311  1 0.0336 0.0653 0.0651 0.0498 0.0565 0.0775 0.5379 0.0568 0.0575 
         312  1 0.0271 0.5191 0.0444 0.0263 0.0311 0.2262 0.0341 0.0665 0.0252 
         313  1 0.0548 0.0523 0.0540 0.2538 0.1138 0.1384 0.0365 0.0501 0.2464 
         314  1 0.0608 0.0571 0.0632 0.0717 0.0707 0.4453 0.0886 0.0638 0.0787 
         315  1 0.0295 0.4741 0.0440 0.0353 0.0408 0.2132 0.0620 0.0687 0.0324 
         316  1 0.1381 0.0309 0.0535 0.0659 0.0547 0.0918 0.4447 0.0480 0.0723 
         317  1 0.2074 0.0742 0.0834 0.0554 0.0745 0.0560 0.3222 0.0798 0.0471 
         318  1 0.0489 0.2072 0.1168 0.0848 0.0919 0.2311 0.0413 0.1119 0.0661 
         319  1 0.2926 0.0486 0.0529 0.0367 0.0419 0.0485 0.3994 0.0442 0.0351 
         320  1 0.0423 0.0830 0.0702 0.0581 0.0714 0.5377 0.0360 0.0591 0.0421 
         321  1 0.0599 0.0665 0.0727 0.1601 0.1276 0.0532 0.0572 0.1393 0.2635 
         322  1 0.0446 0.1178 0.1837 0.0905 0.1209 0.0377 0.1594 0.1768 0.0687 
         323  1 0.0434 0.0891 0.1751 0.1199 0.1526 0.0598 0.1254 0.1520 0.0828 
         324  1 0.0533 0.0624 0.0603 0.0589 0.0595 0.4930 0.0917 0.0619 0.0590 
         325  1 0.3270 0.0882 0.0603 0.0505 0.0593 0.0687 0.2351 0.0668 0.0441 
         326  1 0.0536 0.1030 0.1366 0.1155 0.1606 0.0677 0.1406 0.1163 0.1061 
         327  1 0.0404 0.0400 0.0532 0.1235 0.0749 0.0388 0.4621 0.0499 0.1173 
         328  1 0.0403 0.0905 0.2184 0.1190 0.1832 0.0733 0.0557 0.1525 0.0671 
         329  1 0.0521 0.0679 0.2158 0.1248 0.2053 0.0712 0.0459 0.1531 0.0637 
         330  1 0.0378 0.0464 0.1776 0.1369 0.1866 0.1041 0.0754 0.1462 0.0889 
         331  1 0.1177 0.0793 0.1592 0.1346 0.1140 0.0590 0.0601 0.1393 0.1369 
         332  1 0.0539 0.0661 0.1615 0.1739 0.2004 0.0321 0.0509 0.1365 0.1247 
         333  1 0.1005 0.0586 0.0902 0.0995 0.0721 0.3203 0.0544 0.0830 0.1213 
         334  1 0.0375 0.0385 0.0371 0.0389 0.0370 0.0413 0.6917 0.0388 0.0391 
         335  1 0.4437 0.0886 0.0918 0.0555 0.0635 0.0775 0.0464 0.0800 0.0530 
         336  1 0.0543 0.0759 0.1350 0.1208 0.1641 0.0524 0.0913 0.1933 0.1129 
         337  1 0.0598 0.0477 0.0734 0.0874 0.0893 0.3936 0.0536 0.0844 0.1108 
         338  1 0.0528 0.0832 0.2108 0.1108 0.1729 0.0351 0.0685 0.1928 0.0731 
         339  1 0.5496 0.0412 0.0559 0.0553 0.0577 0.0649 0.0567 0.0635 0.0551 
         340  1 0.0476 0.0921 0.1419 0.1437 0.1765 0.0672 0.0974 0.1228 0.1106 
         341  1 0.0388 0.1107 0.1644 0.1384 0.2033 0.0631 0.0481 0.1386 0.0944 
         342  1 0.0541 0.0370 0.0838 0.2177 0.1581 0.0413 0.0452 0.1038 0.2592 
         343  1 0.0984 0.0328 0.0402 0.0467 0.0414 0.6060 0.0505 0.0402 0.0439 
         344  1 0.1379 0.1563 0.2284 0.0817 0.1195 0.0375 0.0329 0.1527 0.0530 
         345  1 0.5732 0.0410 0.0596 0.0511 0.0534 0.0523 0.0592 0.0575 0.0528 
         346  1 0.0475 0.0392 0.0527 0.0586 0.0605 0.5949 0.0324 0.0555 0.0587 
         347  1 0.2299 0.0685 0.1737 0.0810 0.1235 0.0310 0.0584 0.1656 0.0684 
         348  1 0.1338 0.0980 0.1048 0.1027 0.0879 0.0439 0.2331 0.0897 0.1060 
         349  1 0.2957 0.0603 0.1021 0.0911 0.0892 0.0920 0.0700 0.1001 0.0994 
         350  1 0.0338 0.0948 0.0712 0.0729 0.0793 0.0990 0.4109 0.0654 0.0727 
         351  1 0.0649 0.0636 0.1575 0.1034 0.1349 0.0743 0.1225 0.1799 0.0990 
         352  1 0.0642 0.0694 0.1518 0.1391 0.1492 0.0302 0.0875 0.1582 0.1504 
         353  1 0.0423 0.0573 0.0438 0.0604 0.0501 0.0423 0.5975 0.0459 0.0604 
         354  1 0.0877 0.0523 0.1073 0.1519 0.1003 0.0760 0.1821 0.0920 0.1504 
         355  1 0.0467 0.0494 0.0964 0.0771 0.0849 0.0265 0.4621 0.0820 0.0749 
         356  1 0.0321 0.0750 0.0489 0.0490 0.0515 0.6098 0.0332 0.0502 0.0502 
         357  1 0.0501 0.0422 0.0699 0.2752 0.1390 0.0429 0.0462 0.0702 0.2643 
         358  1 0.0561 0.4537 0.0752 0.0563 0.0645 0.0457 0.0946 0.0957 0.0582 
         359  1 0.0577 0.1510 0.0929 0.1018 0.0846 0.2547 0.0568 0.0865 0.1140 
         360  1 0.0406 0.0577 0.1044 0.1645 0.1306 0.0342 0.1533 0.1193 0.1955 
         361  1 0.0377 0.4998 0.0741 0.0721 0.0720 0.0457 0.0474 0.0882 0.0630 
         362  1 0.0787 0.0400 0.1554 0.1283 0.1434 0.0717 0.0422 0.1682 0.1722 
         363  1 0.0406 0.0572 0.2021 0.1217 0.1748 0.0250 0.0536 0.2351 0.0898 
         364  1 0.0502 0.0616 0.1891 0.1129 0.1502 0.0573 0.0678 0.1688 0.1422 
         365  1 0.3118 0.1034 0.1465 0.0657 0.0922 0.0772 0.0328 0.1252 0.0452 
         366  1 0.0473 0.1650 0.0926 0.0966 0.0957 0.1846 0.1006 0.1120 0.1056 
         367  1 0.0482 0.2230 0.1383 0.0847 0.1105 0.0303 0.1361 0.1488 0.0801 
         368  1 0.1839 0.0544 0.2089 0.0891 0.1293 0.0259 0.0627 0.1641 0.0818 
         369  1 0.0527 0.0489 0.1090 0.1993 0.1605 0.0555 0.0426 0.1075 0.2240 
         370  1 0.0900 0.0886 0.1142 0.0777 0.0975 0.0696 0.2851 0.1067 0.0706 
         371  1 0.0840 0.0570 0.1079 0.1697 0.1331 0.0542 0.0540 0.1264 0.2137 
         372  1 0.0719 0.0648 0.0926 0.1991 0.1197 0.0300 0.0603 0.1105 0.2511 
         373  1 0.0558 0.0543 0.1011 0.1202 0.1341 0.3048 0.0657 0.0800 0.0838 
         374  1 0.0954 0.3337 0.1007 0.0648 0.0633 0.1311 0.0540 0.0916 0.0654 
         375  1 0.0455 0.0322 0.0806 0.2635 0.1427 0.0406 0.0307 0.0807 0.2835 
         376  1 0.4019 0.0440 0.0703 0.0805 0.0906 0.0552 0.0636 0.0907 0.1030 
         377  1 0.0442 0.0409 0.0465 0.0592 0.0628 0.5843 0.0326 0.0635 0.0661 
         378  1 0.0709 0.0510 0.0547 0.0729 0.0615 0.5272 0.0377 0.0506 0.0734 
         379  1 0.0850 0.0474 0.0717 0.0710 0.0682 0.0315 0.4794 0.0756 0.0703 
         380  1 0.0713 0.0768 0.1081 0.1150 0.1145 0.0636 0.1428 0.1328 0.1751 
         381  1 0.0609 0.2439 0.1173 0.1206 0.1045 0.0522 0.0532 0.1108 0.1364 
         382  1 0.0662 0.0672 0.0643 0.2553 0.1287 0.0321 0.0598 0.0676 0.2587 
         383  1 0.1013 0.0469 0.2140 0.1300 0.1743 0.0358 0.0347 0.1817 0.0814 
         384  1 0.0768 0.1429 0.1098 0.0948 0.0949 0.2500 0.0391 0.0995 0.0922 
         385  1 0.3783 0.0616 0.0868 0.0530 0.0619 0.2051 0.0362 0.0682 0.0489 
         386  1 0.1362 0.0541 0.1623 0.1185 0.1670 0.0491 0.0392 0.1855 0.0881 
         387  1 0.0350 0.0548 0.2040 0.1454 0.2129 0.0347 0.0603 0.1742 0.0786 
         388  1 0.0551 0.2042 0.0695 0.1916 0.0980 0.0473 0.0516 0.0704 0.2122 
         389  1 0.2963 0.0452 0.0815 0.1209 0.0962 0.0559 0.0736 0.0931 0.1374 
         390  1 0.0797 0.0451 0.0985 0.1762 0.1395 0.0392 0.0429 0.1329 0.2460 
         391  1 0.1253 0.0845 0.1193 0.1458 0.1394 0.0574 0.0605 0.1444 0.1233 
         392  1 0.0488 0.3324 0.0875 0.0902 0.0945 0.0688 0.0647 0.1118 0.1014 
         393  1 0.1132 0.1130 0.1054 0.1128 0.1096 0.1111 0.1128 0.1076 0.1145 
         394  1 0.3160 0.1470 0.0861 0.0550 0.0670 0.0302 0.1279 0.1125 0.0583 
         395  1 0.0445 0.0342 0.1643 0.1398 0.1463 0.0353 0.0356 0.1825 0.2174 
         396  1 0.0570 0.0400 0.0552 0.2065 0.1063 0.2328 0.0483 0.0560 0.1980 
         397  1 0.0507 0.0659 0.1209 0.1516 0.1646 0.0996 0.0462 0.1355 0.1650 
         398  1 0.0449 0.1662 0.1643 0.0977 0.1195 0.1326 0.0387 0.1500 0.0861 
         399  1 0.0435 0.0702 0.1773 0.1526 0.1423 0.0356 0.0621 0.1388 0.1776 
         400  1 0.0902 0.0481 0.1631 0.1347 0.1712 0.0798 0.0995 0.1224 0.0910 
         401  1 0.0437 0.0810 0.1856 0.1362 0.1894 0.0490 0.0415 0.1800 0.0937 
         402  1 0.4356 0.0997 0.0665 0.0796 0.0700 0.0406 0.0560 0.0730 0.0792 
         403  1 0.0537 0.3435 0.1026 0.0683 0.1071 0.0987 0.0738 0.0990 0.0535 
         404  1 0.1488 0.1008 0.1708 0.0857 0.1095 0.0560 0.0653 0.1748 0.0884 
         405  1 0.3479 0.1009 0.1057 0.0811 0.0705 0.0838 0.0429 0.0800 0.0873 
         406  1 0.0697 0.0445 0.0595 0.2606 0.1095 0.0683 0.0438 0.0606 0.2835 
         407  1 0.0686 0.0432 0.0944 0.1533 0.1298 0.0391 0.1191 0.1359 0.2165 
         408  1 0.0607 0.1027 0.1092 0.0772 0.1141 0.2601 0.0554 0.1521 0.0685 
         409  1 0.1808 0.1014 0.1112 0.1048 0.1335 0.0403 0.0590 0.1564 0.1125 
         410  1 0.0350 0.0539 0.0914 0.1706 0.1650 0.0393 0.0467 0.1557 0.2423 
         411  1 0.0709 0.0596 0.1461 0.1195 0.1649 0.1810 0.0519 0.1260 0.0803 
         412  1 0.0579 0.1286 0.1942 0.0749 0.0902 0.0553 0.2320 0.0993 0.0676 
         413  1 0.2870 0.0738 0.0836 0.0777 0.0864 0.1059 0.1120 0.0962 0.0774 
         414  1 0.1612 0.0899 0.1176 0.0974 0.1081 0.0923 0.1124 0.1205 0.1005 
         415  1 0.0655 0.0467 0.0589 0.0571 0.0668 0.5653 0.0341 0.0576 0.0479 
         416  1 0.5838 0.0446 0.0502 0.0515 0.0522 0.0374 0.0619 0.0616 0.0567 
         417  1 0.0610 0.0539 0.1385 0.1406 0.1613 0.0639 0.0735 0.1449 0.1623 
         418  1 0.1228 0.0644 0.1313 0.1010 0.1367 0.0461 0.1244 0.1654 0.1078 
         419  1 0.0673 0.0535 0.0966 0.1505 0.1260 0.0916 0.0679 0.1254 0.2212 
         420  1 0.0533 0.0771 0.1693 0.1568 0.1619 0.0730 0.0516 0.1400 0.1171 
         421  1 0.2196 0.0520 0.1545 0.1187 0.0963 0.0900 0.0538 0.1040 0.1112 
         422  1 0.1109 0.0550 0.1697 0.0723 0.0951 0.2087 0.1180 0.1105 0.0598 
         423  1 0.0422 0.0695 0.2801 0.1263 0.1540 0.0232 0.0336 0.1704 0.1007 
         424  1 0.0618 0.1485 0.0641 0.0556 0.0573 0.4600 0.0362 0.0630 0.0534 
         425  1 0.0593 0.0648 0.1503 0.1562 0.1338 0.1217 0.0514 0.1148 0.1476 
         426  1 0.2945 0.0988 0.1133 0.0818 0.1035 0.0561 0.0624 0.1126 0.0769 
         427  1 0.0939 0.0766 0.1062 0.1305 0.1497 0.0326 0.1345 0.1567 0.1194 
         428  1 0.0461 0.0578 0.1366 0.1582 0.1893 0.0550 0.1040 0.1314 0.1217 
         429  1 0.0624 0.0498 0.2224 0.1351 0.1726 0.0426 0.0433 0.1620 0.1099 
         430  1 0.0299 0.6306 0.0415 0.0366 0.0401 0.0645 0.0472 0.0728 0.0369 
         431  1 0.0634 0.0546 0.1563 0.1276 0.1286 0.0529 0.0545 0.1783 0.1839 
         432  1 0.1657 0.0586 0.0645 0.0481 0.0538 0.0412 0.4596 0.0627 0.0458 
         433  1 0.0586 0.0462 0.0535 0.2520 0.1151 0.0808 0.0718 0.0582 0.2640 
         434  1 0.2660 0.1013 0.0651 0.0655 0.0590 0.2312 0.0755 0.0703 0.0661 
         435  1 0.0512 0.0754 0.1586 0.1259 0.1256 0.0342 0.1162 0.1839 0.1289 
         436  1 0.0993 0.0720 0.0870 0.1655 0.1340 0.0638 0.0874 0.1055 0.1855 
         437  1 0.0429 0.1696 0.0705 0.0783 0.0770 0.3539 0.0554 0.0755 0.0769 
         438  1 0.0567 0.1922 0.0695 0.0500 0.0605 0.0647 0.3805 0.0766 0.0492 
         439  1 0.0521 0.0944 0.1973 0.1240 0.1568 0.0346 0.0399 0.1813 0.1197 
         440  1 0.0483 0.0920 0.0610 0.0470 0.0556 0.5385 0.0569 0.0610 0.0397 
         441  1 0.4635 0.0365 0.0715 0.0812 0.0754 0.0699 0.0468 0.0717 0.0835 
         442  1 0.0358 0.2258 0.0844 0.1518 0.1106 0.0371 0.1036 0.0932 0.1576 
         443  1 0.0504 0.0381 0.0917 0.2394 0.1474 0.0438 0.0507 0.0892 0.2493 
         444  1 0.0558 0.1055 0.1666 0.1548 0.2061 0.0351 0.0480 0.1432 0.0850 
         445  1 0.0420 0.0923 0.1593 0.1403 0.1410 0.0243 0.0437 0.1688 0.1884 
         446  1 0.5258 0.0659 0.0676 0.0543 0.0597 0.0307 0.0814 0.0671 0.0475 
         447  1 0.0376 0.0512 0.1480 0.1881 0.1582 0.0459 0.0626 0.1588 0.1495 
         448  1 0.0593 0.4809 0.0708 0.0460 0.0541 0.0412 0.1027 0.0970 0.0479 
         449  1 0.0670 0.0745 0.0553 0.0495 0.0519 0.5563 0.0390 0.0540 0.0524 
         450  1 0.4895 0.0629 0.0433 0.0623 0.0494 0.0500 0.1323 0.0456 0.0648 
         451  1 0.5099 0.0462 0.0630 0.0577 0.0595 0.0790 0.0665 0.0594 0.0588 
         452  1 0.0364 0.0560 0.0485 0.2997 0.1156 0.0294 0.0440 0.0571 0.3134 
         453  1 0.0558 0.0453 0.0415 0.0482 0.0470 0.0640 0.6050 0.0447 0.0487 
         454  1 0.1066 0.1139 0.1044 0.0800 0.0863 0.0479 0.2503 0.1221 0.0885 
         455  1 0.0460 0.0550 0.1497 0.1247 0.1630 0.0333 0.1729 0.1467 0.1086 
         456  1 0.4827 0.0621 0.0633 0.0594 0.0623 0.0569 0.0867 0.0698 0.0568 
         457  1 0.0546 0.0268 0.0419 0.0586 0.0609 0.5800 0.0466 0.0577 0.0729 
         458  1 0.0402 0.0380 0.1766 0.1628 0.2366 0.0826 0.0331 0.1266 0.1034 
         459  1 0.3695 0.0476 0.0571 0.0746 0.0670 0.0619 0.1658 0.0728 0.0837 
         460  1 0.0372 0.0655 0.1312 0.2014 0.2225 0.0319 0.0374 0.1138 0.1590 
         461  1 0.0567 0.0616 0.0511 0.0550 0.0514 0.5512 0.0626 0.0534 0.0570 
         462  1 0.0672 0.0373 0.0457 0.0650 0.0555 0.0608 0.5586 0.0442 0.0656 
         463  1 0.2734 0.0716 0.1268 0.0733 0.0727 0.1049 0.0853 0.1076 0.0845 
         464  1 0.0575 0.1414 0.1147 0.1733 0.1623 0.0505 0.0513 0.1111 0.1378 
         465  1 0.4363 0.0730 0.0714 0.0498 0.0610 0.1567 0.0453 0.0629 0.0437 
         466  1 0.0854 0.1044 0.1123 0.1434 0.1332 0.0327 0.0958 0.1243 0.1686 
         467  1 0.0607 0.0328 0.0620 0.2856 0.1260 0.0339 0.0582 0.0521 0.2886 
         468  1 0.1259 0.0686 0.2199 0.1037 0.1459 0.0341 0.0372 0.1809 0.0838 
         469  1 0.0383 0.0303 0.0557 0.2684 0.1421 0.0236 0.0270 0.0896 0.3250 
         470  1 0.1055 0.2477 0.1205 0.0766 0.0847 0.0387 0.1414 0.1184 0.0665 
         471  1 0.0671 0.2910 0.1280 0.1090 0.1060 0.0412 0.0371 0.1166 0.1040 
         472  1 0.0885 0.1388 0.1534 0.1015 0.1335 0.0728 0.0805 0.1489 0.0822 
         473  1 0.0927 0.0826 0.1890 0.1163 0.1653 0.0650 0.0514 0.1581 0.0796 
         474  1 0.0690 0.0710 0.1602 0.1450 0.1531 0.0350 0.0330 0.1730 0.1606 
         475  1 0.0390 0.2481 0.2241 0.0943 0.1026 0.0456 0.0259 0.1285 0.0920 
         476  1 0.3584 0.0794 0.1166 0.0637 0.0822 0.0505 0.1116 0.0880 0.0496 
         477  1 0.0564 0.1511 0.2218 0.0996 0.1555 0.0406 0.0362 0.1688 0.0701 
         478  1 0.0430 0.0583 0.0495 0.0473 0.0498 0.6069 0.0460 0.0518 0.0475 
         479  1 0.0668 0.0645 0.1285 0.1621 0.1604 0.0475 0.0581 0.1535 0.1586 
         480  1 0.0390 0.0722 0.0550 0.2869 0.1273 0.0424 0.0471 0.0563 0.2738 
         481  1 0.0834 0.3242 0.0735 0.0916 0.0729 0.0821 0.1000 0.0870 0.0852 
         482  1 0.0548 0.0379 0.0553 0.0616 0.0557 0.5709 0.0480 0.0580 0.0578 
         483  1 0.0632 0.0748 0.1408 0.1176 0.1299 0.0711 0.1775 0.1265 0.0987 
         484  1 0.0321 0.0373 0.0759 0.1769 0.1600 0.0737 0.0346 0.1472 0.2623 
         485  1 0.0389 0.0528 0.0788 0.2317 0.1291 0.0321 0.0288 0.1040 0.3038 
         486  1 0.6013 0.0470 0.0386 0.0592 0.0462 0.0437 0.0624 0.0427 0.0590 
         487  1 0.0798 0.0583 0.0984 0.2104 0.1299 0.0578 0.0614 0.0983 0.2056 
         488  1 0.0473 0.0375 0.1280 0.1651 0.1744 0.0241 0.0365 0.1614 0.2256 
         489  1 0.0738 0.0975 0.1678 0.0806 0.1122 0.1069 0.1007 0.1808 0.0797 
         490  1 0.1067 0.1220 0.1476 0.1246 0.1216 0.0387 0.0487 0.1801 0.1100 
         491  1 0.0578 0.0626 0.0742 0.2148 0.1376 0.0391 0.0551 0.1110 0.2477 
         492  1 0.0329 0.0377 0.0755 0.2016 0.1601 0.0453 0.0293 0.1363 0.2812 
