           1  1 0.4096 0.0720 0.0686 0.0748 0.0650 0.0570 0.0672 0.0592 0.0526 0.0738 
           2  1 0.0826 0.2735 0.0641 0.0828 0.0827 0.0603 0.1012 0.0647 0.0885 0.0996 
           3  1 0.0425 0.1581 0.1060 0.0944 0.1087 0.1402 0.0867 0.1542 0.0627 0.0465 
           4  1 0.2525 0.0374 0.0830 0.0581 0.2087 0.1577 0.0488 0.0509 0.0520 0.0510 
           5  1 0.1205 0.0372 0.0859 0.0324 0.3328 0.2426 0.0421 0.0437 0.0308 0.0322 
           6  1 0.0658 0.1314 0.1175 0.1157 0.0867 0.1047 0.1082 0.1357 0.0874 0.0469 
           7  1 0.0609 0.1517 0.1177 0.1197 0.0818 0.0910 0.1123 0.1302 0.1158 0.0189 
           8  1 0.4777 0.0359 0.0521 0.0785 0.0699 0.0641 0.0508 0.0519 0.0464 0.0727 
           9  1 0.0386 0.1163 0.1428 0.0919 0.0980 0.1367 0.1111 0.1711 0.0567 0.0368 
          10  1 0.0630 0.0369 0.0954 0.0387 0.3543 0.2552 0.0424 0.0448 0.0368 0.0324 
          11  1 0.0348 0.0489 0.0781 0.2534 0.0475 0.0531 0.0992 0.0708 0.2629 0.0513 
          12  1 0.2418 0.2068 0.0564 0.0793 0.0709 0.0588 0.0743 0.0634 0.0629 0.0854 
          13  1 0.2015 0.0576 0.0994 0.1298 0.0653 0.0682 0.0852 0.0825 0.1384 0.0721 
          14  1 0.0565 0.0801 0.0934 0.0556 0.2136 0.1884 0.0673 0.0924 0.0466 0.1061 
          15  1 0.0317 0.0995 0.1361 0.0664 0.0874 0.1090 0.1032 0.1372 0.0455 0.1839 
          16  1 0.2569 0.0527 0.0758 0.1456 0.0639 0.0622 0.0729 0.0698 0.1457 0.0544 
          17  1 0.0433 0.1083 0.0773 0.1894 0.0716 0.0652 0.0951 0.0596 0.2230 0.0671 
          18  1 0.5440 0.0571 0.0426 0.0853 0.0386 0.0419 0.0456 0.0533 0.0444 0.0471 
          19  1 0.0516 0.1077 0.1335 0.0930 0.1128 0.1220 0.1173 0.1278 0.0849 0.0494 
          20  1 0.1213 0.0640 0.1259 0.0842 0.1540 0.1462 0.0937 0.1080 0.0669 0.0359 
          21  1 0.0555 0.0479 0.0887 0.0629 0.2648 0.2046 0.0510 0.0585 0.0711 0.0948 
          22  1 0.0759 0.0533 0.1312 0.0606 0.0863 0.1165 0.1209 0.1443 0.0470 0.1639 
          23  1 0.0296 0.3146 0.0791 0.1006 0.1170 0.0677 0.0915 0.0570 0.1056 0.0372 
          24  1 0.0228 0.0934 0.1283 0.0877 0.0780 0.1192 0.1661 0.1428 0.1277 0.0338 
          25  1 0.1001 0.0359 0.0739 0.2421 0.0479 0.0535 0.0630 0.0610 0.2617 0.0608 
          26  1 0.0320 0.2905 0.0829 0.0866 0.1178 0.0931 0.1027 0.0779 0.0872 0.0292 
          27  1 0.1753 0.0540 0.1145 0.0556 0.1058 0.0881 0.0798 0.0900 0.0476 0.1891 
          28  1 0.0276 0.0627 0.1449 0.1278 0.0740 0.0889 0.1299 0.1410 0.1528 0.0504 
          29  1 0.0363 0.1469 0.1030 0.0829 0.1366 0.1506 0.0990 0.1369 0.0660 0.0419 
          30  1 0.0616 0.0682 0.1441 0.0619 0.0914 0.1105 0.1276 0.1347 0.0596 0.1403 
          31  1 0.0438 0.1135 0.1174 0.1232 0.0782 0.0706 0.1700 0.0960 0.1333 0.0540 
          32  1 0.0323 0.0745 0.1524 0.0789 0.0865 0.1112 0.1429 0.1694 0.0528 0.0989 
          33  1 0.0399 0.0940 0.1059 0.0854 0.0665 0.0812 0.1033 0.1042 0.0771 0.2425 
          34  1 0.0499 0.1430 0.1039 0.1063 0.0936 0.0972 0.1058 0.1022 0.1197 0.0783 
          35  1 0.0597 0.0748 0.0926 0.0433 0.3121 0.2336 0.0487 0.0512 0.0407 0.0434 
          36  1 0.0300 0.0907 0.1295 0.1019 0.0713 0.0979 0.1779 0.1398 0.1051 0.0560 
          37  1 0.0523 0.0976 0.0797 0.2152 0.0812 0.0734 0.0603 0.0578 0.2552 0.0273 
          38  1 0.0262 0.0755 0.1660 0.0784 0.0872 0.1162 0.1798 0.1499 0.0851 0.0358 
          39  1 0.1917 0.0591 0.1115 0.0886 0.0882 0.1015 0.0984 0.1242 0.0774 0.0594 
          40  1 0.0315 0.0487 0.0454 0.0464 0.0482 0.0448 0.0497 0.0435 0.0546 0.5872 
          41  1 0.0678 0.1021 0.1358 0.0718 0.1005 0.1280 0.1129 0.1581 0.0573 0.0656 
          42  1 0.0271 0.0885 0.0812 0.1667 0.0553 0.0598 0.1679 0.1006 0.2046 0.0482 
          43  1 0.0203 0.3486 0.0513 0.0934 0.0627 0.0510 0.1452 0.0763 0.1272 0.0240 
          44  1 0.0272 0.1824 0.0712 0.1172 0.0540 0.0628 0.1992 0.1008 0.1451 0.0402 
          45  1 0.5734 0.0402 0.0452 0.0671 0.0513 0.0470 0.0374 0.0448 0.0442 0.0494 
          46  1 0.0283 0.3100 0.0584 0.0988 0.0709 0.0572 0.1263 0.0704 0.1152 0.0645 
          47  1 0.4149 0.0601 0.0639 0.1043 0.0593 0.0631 0.0708 0.0689 0.0587 0.0360 
          48  1 0.0205 0.1401 0.1164 0.0903 0.1018 0.1206 0.1316 0.1452 0.0961 0.0372 
          49  1 0.0823 0.1391 0.1314 0.0699 0.0925 0.0974 0.0981 0.1463 0.0677 0.0752 
          50  1 0.0570 0.0351 0.1027 0.0508 0.2825 0.2283 0.0565 0.0697 0.0560 0.0613 
          51  1 0.0363 0.0513 0.0932 0.0632 0.1114 0.1235 0.0850 0.1043 0.0663 0.2656 
          52  1 0.0381 0.0566 0.0633 0.0545 0.0609 0.0606 0.0661 0.0641 0.0519 0.4837 
          53  1 0.0392 0.0503 0.1528 0.0717 0.1217 0.1487 0.1182 0.1513 0.0730 0.0731 
          54  1 0.3252 0.0620 0.0592 0.0634 0.0520 0.0554 0.0794 0.0658 0.0537 0.1840 
          55  1 0.0390 0.0893 0.0682 0.2098 0.1007 0.0861 0.0531 0.0525 0.2623 0.0390 
          56  1 0.0492 0.0931 0.1123 0.1195 0.0649 0.0877 0.1567 0.1225 0.1510 0.0431 
          57  1 0.0404 0.2176 0.0995 0.0886 0.1094 0.1073 0.1015 0.1128 0.0832 0.0398 
          58  1 0.0326 0.1212 0.1159 0.0935 0.0830 0.1211 0.1385 0.1618 0.0828 0.0497 
          59  1 0.0414 0.0958 0.1395 0.0858 0.0928 0.1276 0.1265 0.1663 0.0636 0.0607 
          60  1 0.0604 0.1120 0.1371 0.0865 0.1084 0.1163 0.1136 0.1411 0.0806 0.0440 
          61  1 0.0509 0.0287 0.0573 0.2961 0.0434 0.0441 0.0897 0.0393 0.3014 0.0490 
          62  1 0.0363 0.1225 0.1175 0.1038 0.0762 0.1014 0.1341 0.1763 0.0961 0.0359 
          63  1 0.1067 0.0408 0.1028 0.0771 0.2077 0.1675 0.0746 0.0787 0.0685 0.0756 
          64  1 0.0456 0.0581 0.1134 0.0624 0.1361 0.1510 0.0890 0.1377 0.0736 0.1331 
          65  1 0.0241 0.0560 0.1185 0.0802 0.0628 0.1110 0.1030 0.1290 0.1061 0.2095 
          66  1 0.0635 0.0505 0.1006 0.0521 0.2565 0.2104 0.0739 0.0758 0.0521 0.0646 
          67  1 0.0315 0.2281 0.0801 0.1091 0.0859 0.0699 0.1435 0.0849 0.1286 0.0384 
          68  1 0.0400 0.1428 0.1131 0.0937 0.0940 0.1110 0.1160 0.1579 0.0754 0.0561 
          69  1 0.5064 0.0239 0.0567 0.0584 0.0862 0.0758 0.0515 0.0459 0.0374 0.0578 
          70  1 0.0208 0.1777 0.0672 0.1007 0.0373 0.0508 0.2458 0.1422 0.1367 0.0208 
          71  1 0.0479 0.0596 0.1360 0.0766 0.1316 0.1611 0.1213 0.1348 0.0886 0.0425 
          72  1 0.0467 0.1329 0.1282 0.0726 0.1037 0.1389 0.0947 0.1701 0.0592 0.0530 
          73  1 0.5075 0.0556 0.0395 0.0939 0.0527 0.0470 0.0409 0.0394 0.0751 0.0483 
          74  1 0.0472 0.0584 0.1517 0.0861 0.1409 0.1331 0.1455 0.1152 0.0900 0.0320 
          75  1 0.0531 0.0347 0.0823 0.2466 0.0568 0.0632 0.0706 0.0603 0.2747 0.0577 
          76  1 0.0570 0.1464 0.1015 0.0988 0.1110 0.1069 0.1227 0.0950 0.1081 0.0526 
          77  1 0.0486 0.0933 0.1234 0.0923 0.1183 0.1461 0.0950 0.1463 0.0681 0.0688 
          78  1 0.0352 0.0738 0.0845 0.2371 0.0586 0.0610 0.0615 0.0673 0.2874 0.0336 
          79  1 0.1038 0.0496 0.0669 0.1453 0.0427 0.0498 0.0819 0.0726 0.1635 0.2239 
          80  1 0.0300 0.1409 0.1287 0.0974 0.0817 0.1140 0.1188 0.1664 0.0823 0.0397 
          81  1 0.0642 0.0401 0.1249 0.0738 0.1480 0.1695 0.0940 0.1320 0.0995 0.0540 
          82  1 0.0951 0.0927 0.0818 0.1030 0.1509 0.1277 0.0725 0.0695 0.1154 0.0916 
          83  1 0.0505 0.1337 0.1117 0.0847 0.1166 0.1472 0.0886 0.1575 0.0740 0.0355 
          84  1 0.0580 0.0836 0.1212 0.0941 0.1245 0.1237 0.1114 0.1163 0.0767 0.0905 
          85  1 0.4912 0.0484 0.0589 0.0830 0.0519 0.0554 0.0596 0.0660 0.0410 0.0446 
          86  1 0.0585 0.1472 0.0926 0.0867 0.0864 0.0940 0.1254 0.0993 0.0877 0.1222 
          87  1 0.0601 0.0865 0.1004 0.0804 0.0753 0.1199 0.1200 0.1442 0.0999 0.1134 
          88  1 0.0379 0.1036 0.1347 0.1017 0.0984 0.1140 0.1070 0.1290 0.0964 0.0773 
          89  1 0.0361 0.0453 0.0631 0.2728 0.0558 0.0525 0.0461 0.0467 0.3320 0.0497 
          90  1 0.0468 0.2420 0.0668 0.0964 0.0609 0.0777 0.1386 0.0978 0.1290 0.0440 
          91  1 0.0894 0.0404 0.1008 0.0572 0.0716 0.0793 0.0889 0.1004 0.0540 0.3180 
          92  1 0.0925 0.3306 0.0702 0.0895 0.1218 0.0793 0.0577 0.0514 0.0743 0.0327 
          93  1 0.0504 0.0649 0.1473 0.0847 0.0795 0.1211 0.1381 0.1708 0.0943 0.0491 
          94  1 0.0572 0.0447 0.1085 0.0472 0.3109 0.2436 0.0526 0.0570 0.0503 0.0279 
          95  1 0.0311 0.0923 0.1169 0.1198 0.0634 0.0747 0.1868 0.1333 0.1393 0.0424 
          96  1 0.0254 0.0423 0.1005 0.1711 0.0641 0.0788 0.1174 0.0933 0.1903 0.1168 
          97  1 0.0355 0.3387 0.0595 0.1019 0.0840 0.0605 0.1071 0.0688 0.1143 0.0298 
          98  1 0.0671 0.0582 0.0709 0.0711 0.0516 0.0597 0.0721 0.0706 0.0664 0.4122 
          99  1 0.0305 0.0853 0.1350 0.1267 0.0887 0.0997 0.1172 0.1296 0.1432 0.0441 
         100  1 0.0398 0.0296 0.0479 0.0902 0.0528 0.0571 0.0489 0.0448 0.0971 0.4917 
         101  1 0.0592 0.0902 0.1431 0.0980 0.0774 0.1107 0.1274 0.1850 0.0706 0.0385 
         102  1 0.0498 0.0431 0.1611 0.0849 0.0854 0.1267 0.1367 0.1598 0.0879 0.0645 
         103  1 0.0369 0.1444 0.1194 0.1016 0.1132 0.1248 0.1010 0.1208 0.1005 0.0373 
         104  1 0.0483 0.0525 0.0543 0.3012 0.0328 0.0334 0.0415 0.0368 0.3589 0.0402 
         105  1 0.0309 0.0380 0.0322 0.0597 0.0296 0.0282 0.0311 0.0302 0.0613 0.6588 
         106  1 0.0269 0.0741 0.1668 0.0621 0.1634 0.1634 0.1182 0.1426 0.0496 0.0330 
         107  1 0.1490 0.0684 0.1016 0.0502 0.2402 0.1799 0.0621 0.0666 0.0426 0.0394 
         108  1 0.0772 0.0248 0.0358 0.0680 0.0389 0.0419 0.0326 0.0358 0.0674 0.5775 
         109  1 0.0347 0.0596 0.0714 0.2751 0.0505 0.0561 0.0564 0.0531 0.3132 0.0300 
         110  1 0.0594 0.1503 0.0836 0.1049 0.1215 0.1081 0.1076 0.0695 0.1285 0.0666 
         111  1 0.0342 0.0516 0.0984 0.1296 0.0985 0.0958 0.0842 0.0847 0.1486 0.1743 
         112  1 0.1771 0.0544 0.1020 0.0828 0.1612 0.1420 0.0740 0.0888 0.0672 0.0505 
         113  1 0.0344 0.1876 0.0870 0.1186 0.0716 0.0607 0.1380 0.0822 0.1411 0.0788 
         114  1 0.0677 0.1507 0.0749 0.1734 0.0539 0.0510 0.0815 0.0615 0.2194 0.0660 
         115  1 0.1112 0.0358 0.1231 0.0523 0.2389 0.1897 0.0810 0.0875 0.0438 0.0366 
         116  1 0.3342 0.0458 0.0974 0.0553 0.0784 0.0903 0.1006 0.1185 0.0444 0.0351 
         117  1 0.0308 0.1248 0.1121 0.1130 0.0883 0.1017 0.1399 0.1394 0.1183 0.0316 
         118  1 0.4395 0.0464 0.0669 0.1044 0.0470 0.0558 0.0681 0.0703 0.0548 0.0469 
         119  1 0.0347 0.0622 0.1096 0.1799 0.0879 0.0955 0.1077 0.0976 0.1846 0.0403 
         120  1 0.0423 0.0925 0.1237 0.0694 0.0931 0.1237 0.1138 0.1516 0.0904 0.0995 
         121  1 0.0358 0.0908 0.1346 0.0953 0.0826 0.1113 0.1358 0.1520 0.0990 0.0628 
         122  1 0.0399 0.1344 0.1120 0.0855 0.0852 0.1055 0.1371 0.1374 0.1021 0.0609 
         123  1 0.0319 0.3322 0.0675 0.0936 0.0926 0.0663 0.1123 0.0724 0.0998 0.0313 
         124  1 0.0406 0.1488 0.1246 0.0985 0.0878 0.1054 0.1167 0.1442 0.0896 0.0439 
         125  1 0.2272 0.2483 0.0616 0.0837 0.0772 0.0526 0.0776 0.0533 0.0823 0.0361 
         126  1 0.0928 0.0908 0.1218 0.0866 0.0932 0.1226 0.1184 0.1503 0.0697 0.0539 
         127  1 0.0611 0.0784 0.1336 0.1034 0.0819 0.1141 0.1114 0.1328 0.1095 0.0737 
         128  1 0.0374 0.0475 0.0721 0.0465 0.0998 0.0902 0.0568 0.0600 0.0493 0.4404 
         129  1 0.0539 0.1765 0.1029 0.0787 0.0761 0.0914 0.1328 0.1189 0.0990 0.0698 
         130  1 0.0459 0.0644 0.1431 0.0818 0.1545 0.1671 0.1042 0.1327 0.0731 0.0334 
         131  1 0.0264 0.2353 0.0753 0.0921 0.0774 0.0618 0.1607 0.0831 0.1230 0.0648 
         132  1 0.0762 0.0521 0.1308 0.1081 0.0849 0.1155 0.1096 0.1322 0.0919 0.0988 
         133  1 0.0459 0.0365 0.0565 0.2692 0.0415 0.0463 0.0510 0.0466 0.3105 0.0960 
         134  1 0.0278 0.0932 0.1627 0.0783 0.0982 0.1240 0.1309 0.1749 0.0781 0.0319 
         135  1 0.0395 0.0893 0.1585 0.0794 0.0754 0.1180 0.1470 0.2030 0.0572 0.0327 
         136  1 0.3154 0.0578 0.0863 0.0872 0.0891 0.0977 0.0680 0.0836 0.0665 0.0484 
         137  1 0.0630 0.0678 0.1334 0.0872 0.0912 0.1348 0.1046 0.1441 0.1011 0.0728 
         138  1 0.0396 0.0796 0.0710 0.0682 0.0608 0.0571 0.0714 0.0685 0.0728 0.4111 
         139  1 0.4751 0.0656 0.0512 0.0884 0.0580 0.0512 0.0478 0.0523 0.0447 0.0657 
         140  1 0.0341 0.0996 0.1628 0.0882 0.0956 0.1209 0.1136 0.1921 0.0623 0.0310 
         141  1 0.0728 0.0679 0.1625 0.0873 0.1067 0.1140 0.1183 0.1363 0.0814 0.0528 
         142  1 0.0460 0.0576 0.1204 0.1685 0.0654 0.0808 0.1618 0.0937 0.1678 0.0381 
         143  1 0.0990 0.0538 0.1072 0.0851 0.0754 0.1136 0.0959 0.1323 0.0963 0.1415 
         144  1 0.0339 0.0533 0.1436 0.0781 0.1268 0.1480 0.1027 0.1311 0.0746 0.1078 
         145  1 0.0580 0.1831 0.0974 0.0984 0.0791 0.0898 0.1340 0.1192 0.1017 0.0393 
         146  1 0.0476 0.0708 0.1549 0.0991 0.1159 0.1390 0.1014 0.1586 0.0799 0.0328 
         147  1 0.0560 0.1738 0.0797 0.0967 0.0933 0.0946 0.1296 0.0980 0.1047 0.0736 
         148  1 0.0320 0.1287 0.1166 0.0902 0.0940 0.1179 0.1072 0.1485 0.0655 0.0993 
         149  1 0.0451 0.0985 0.0867 0.1779 0.0671 0.0702 0.0842 0.0780 0.2180 0.0743 
         150  1 0.0310 0.0482 0.1114 0.1795 0.0870 0.1061 0.1074 0.0967 0.1971 0.0356 
         151  1 0.0647 0.0352 0.0537 0.2844 0.0490 0.0472 0.0532 0.0390 0.3235 0.0502 
         152  1 0.0406 0.0970 0.1301 0.0862 0.0729 0.0981 0.1544 0.1668 0.1081 0.0459 
         153  1 0.1243 0.0287 0.0401 0.0390 0.0644 0.0610 0.0316 0.0372 0.0375 0.5363 
         154  1 0.0292 0.0638 0.1427 0.0913 0.0842 0.1268 0.1495 0.1534 0.1062 0.0529 
         155  1 0.0326 0.0630 0.1517 0.0887 0.0861 0.1391 0.1260 0.1538 0.1146 0.0443 
         156  1 0.0896 0.0504 0.1100 0.1228 0.0951 0.1252 0.0857 0.1339 0.1275 0.0597 
         157  1 0.0877 0.2582 0.0789 0.1094 0.1096 0.0760 0.0688 0.0579 0.0977 0.0558 
         158  1 0.0682 0.0895 0.1032 0.1107 0.0972 0.1058 0.0964 0.1047 0.1180 0.1062 
         159  1 0.0547 0.0893 0.0941 0.0560 0.2834 0.2193 0.0537 0.0549 0.0535 0.0409 
         160  1 0.5410 0.0438 0.0573 0.0671 0.0536 0.0569 0.0479 0.0566 0.0443 0.0314 
         161  1 0.4755 0.0674 0.0539 0.0860 0.0599 0.0533 0.0467 0.0505 0.0556 0.0512 
         162  1 0.0330 0.0925 0.1294 0.0768 0.0742 0.1174 0.1559 0.1741 0.0655 0.0812 
         163  1 0.0372 0.2117 0.1156 0.1080 0.0970 0.0796 0.1120 0.1048 0.0996 0.0345 
         164  1 0.5435 0.0413 0.0452 0.0833 0.0596 0.0516 0.0410 0.0439 0.0468 0.0438 
         165  1 0.0603 0.1047 0.1128 0.1313 0.0982 0.1152 0.0947 0.1119 0.1304 0.0405 
         166  1 0.0532 0.0549 0.0742 0.0546 0.0712 0.0815 0.0673 0.0807 0.0571 0.4052 
         167  1 0.0346 0.0786 0.1166 0.0774 0.0862 0.1008 0.0970 0.1135 0.0693 0.2259 
         168  1 0.1282 0.0709 0.1273 0.0948 0.0763 0.0920 0.1243 0.1323 0.0813 0.0727 
         169  1 0.5103 0.0367 0.0622 0.0605 0.0784 0.0620 0.0565 0.0560 0.0392 0.0383 
         170  1 0.0626 0.0510 0.0967 0.0473 0.3023 0.2388 0.0486 0.0543 0.0519 0.0464 
         171  1 0.0329 0.1416 0.0846 0.0954 0.0577 0.0686 0.2038 0.1067 0.1259 0.0828 
         172  1 0.0620 0.0342 0.0445 0.0532 0.0386 0.0430 0.0442 0.0444 0.0526 0.5834 
         173  1 0.0286 0.0291 0.0564 0.0450 0.0508 0.0492 0.0560 0.0591 0.0433 0.5825 
         174  1 0.1003 0.0965 0.0960 0.1073 0.0961 0.0951 0.0999 0.0970 0.1128 0.0990 
         175  1 0.0529 0.2278 0.0916 0.0856 0.1078 0.0890 0.0808 0.0862 0.0921 0.0863 
         176  1 0.0794 0.0515 0.1046 0.0458 0.3025 0.2306 0.0531 0.0614 0.0407 0.0305 
         177  1 0.0749 0.1399 0.0971 0.0836 0.1164 0.1145 0.0980 0.1016 0.0870 0.0870 
         178  1 0.0487 0.0737 0.0617 0.0589 0.0582 0.0552 0.0561 0.0625 0.0615 0.4636 
         179  1 0.0516 0.1012 0.0976 0.1405 0.0851 0.0824 0.1082 0.0798 0.1427 0.1110 
         180  1 0.0529 0.0367 0.1207 0.0549 0.2707 0.2098 0.0800 0.0811 0.0539 0.0395 
         181  1 0.0351 0.0848 0.1572 0.0781 0.1060 0.1265 0.1445 0.1443 0.0850 0.0387 
         182  1 0.1583 0.0571 0.0449 0.2698 0.0287 0.0304 0.0431 0.0380 0.3018 0.0277 
         183  1 0.5867 0.0333 0.0364 0.0939 0.0320 0.0311 0.0339 0.0355 0.0431 0.0743 
         184  1 0.0694 0.0990 0.1155 0.1032 0.0939 0.0978 0.1240 0.1073 0.1094 0.0804 
         185  1 0.2518 0.1101 0.0934 0.0730 0.0771 0.0810 0.1010 0.0919 0.0639 0.0568 
         186  1 0.0449 0.0537 0.0955 0.0525 0.2534 0.1946 0.0656 0.0794 0.0590 0.1013 
         187  1 0.0296 0.2052 0.1234 0.0906 0.1120 0.1017 0.0950 0.1327 0.0791 0.0307 
         188  1 0.5707 0.0284 0.0398 0.0745 0.0576 0.0478 0.0337 0.0382 0.0396 0.0696 
         189  1 0.0942 0.1065 0.1051 0.0996 0.1370 0.1394 0.0904 0.0991 0.0820 0.0467 
         190  1 0.0670 0.0501 0.1272 0.0900 0.1014 0.1307 0.1005 0.1332 0.0940 0.1058 
         191  1 0.0282 0.0426 0.0493 0.0485 0.0512 0.0493 0.0534 0.0543 0.0511 0.5720 
         192  1 0.2428 0.2048 0.0630 0.0848 0.0897 0.0694 0.0671 0.0564 0.0666 0.0554 
         193  1 0.1432 0.0710 0.0979 0.0972 0.1205 0.1155 0.0846 0.0909 0.0916 0.0876 
         194  1 0.0407 0.0831 0.1747 0.0830 0.0973 0.1181 0.1262 0.1753 0.0662 0.0354 
         195  1 0.0356 0.0763 0.1181 0.1837 0.0719 0.0634 0.1128 0.0735 0.1948 0.0699 
         196  1 0.0597 0.0728 0.1516 0.0581 0.1937 0.1604 0.0970 0.1259 0.0483 0.0325 
         197  1 0.0429 0.0871 0.1489 0.0978 0.0903 0.0988 0.1292 0.1371 0.0868 0.0812 
         198  1 0.0358 0.0574 0.0565 0.0800 0.0566 0.0582 0.0545 0.0577 0.0830 0.4602 
         199  1 0.0352 0.3916 0.0673 0.0923 0.1061 0.0532 0.0722 0.0504 0.0908 0.0408 
         200  1 0.0228 0.0505 0.0692 0.2600 0.0402 0.0404 0.0671 0.0540 0.3164 0.0795 
         201  1 0.0625 0.0261 0.0905 0.0309 0.3406 0.2589 0.0474 0.0507 0.0317 0.0606 
         202  1 0.0646 0.1880 0.0934 0.0984 0.1082 0.1279 0.0826 0.1154 0.0837 0.0378 
         203  1 0.0454 0.0913 0.1531 0.0842 0.0949 0.1214 0.1251 0.1621 0.0741 0.0484 
         204  1 0.0354 0.0989 0.1077 0.1109 0.0751 0.0826 0.1364 0.1032 0.1215 0.1282 
         205  1 0.0330 0.3719 0.0624 0.0918 0.1173 0.0716 0.0830 0.0518 0.0847 0.0325 
         206  1 0.0415 0.1328 0.1229 0.0883 0.1088 0.1317 0.1046 0.1563 0.0675 0.0456 
         207  1 0.0257 0.0809 0.1674 0.1153 0.1007 0.0827 0.1394 0.1140 0.1283 0.0456 
         208  1 0.0292 0.0544 0.0648 0.2589 0.0472 0.0462 0.0744 0.0530 0.2956 0.0762 
         209  1 0.0920 0.0569 0.0623 0.0703 0.0585 0.0649 0.0804 0.0762 0.0675 0.3710 
         210  1 0.0633 0.0959 0.0858 0.1344 0.0395 0.0521 0.2076 0.1310 0.1392 0.0511 
         211  1 0.0477 0.0431 0.0520 0.0411 0.0456 0.0428 0.0445 0.0517 0.0371 0.5945 
         212  1 0.0408 0.0381 0.0378 0.0513 0.0303 0.0323 0.0424 0.0375 0.0530 0.6367 
         213  1 0.1646 0.0740 0.1288 0.0959 0.1108 0.1254 0.0813 0.1195 0.0674 0.0323 
         214  1 0.0346 0.0873 0.1652 0.0803 0.0953 0.1275 0.1343 0.1836 0.0598 0.0323 
         215  1 0.0297 0.0422 0.0911 0.2250 0.0735 0.0824 0.0764 0.0767 0.2688 0.0342 
         216  1 0.0312 0.0464 0.0955 0.1948 0.0772 0.0799 0.1240 0.0834 0.2118 0.0558 
         217  1 0.0387 0.1933 0.0814 0.0922 0.1167 0.1026 0.1277 0.1050 0.0902 0.0521 
         218  1 0.0327 0.2898 0.0857 0.1098 0.1189 0.0793 0.0819 0.0647 0.1078 0.0294 
         219  1 0.0308 0.0296 0.0628 0.0369 0.0549 0.0591 0.0602 0.0645 0.0368 0.5642 
         220  1 0.0595 0.1507 0.1013 0.0810 0.0717 0.1022 0.0969 0.1178 0.1029 0.1160 
         221  1 0.0369 0.0746 0.1574 0.0868 0.0912 0.1288 0.1293 0.1763 0.0831 0.0356 
         222  1 0.0697 0.0909 0.1357 0.0699 0.0799 0.1166 0.1279 0.1626 0.0809 0.0658 
         223  1 0.0439 0.0785 0.1438 0.0906 0.0959 0.1238 0.1070 0.1744 0.0717 0.0703 
         224  1 0.0794 0.0824 0.1021 0.0926 0.0765 0.0909 0.1121 0.1152 0.0885 0.1603 
         225  1 0.0663 0.0350 0.0929 0.0368 0.3485 0.2549 0.0416 0.0429 0.0359 0.0452 
         226  1 0.1042 0.0707 0.1105 0.0857 0.0994 0.0967 0.0945 0.1035 0.0938 0.1410 
         227  1 0.0207 0.4056 0.0656 0.0911 0.1305 0.0756 0.0565 0.0534 0.0748 0.0261 
         228  1 0.0346 0.1871 0.0985 0.1119 0.0928 0.0854 0.1120 0.0933 0.1311 0.0534 
         229  1 0.3159 0.0642 0.0753 0.1216 0.0470 0.0548 0.0966 0.0832 0.0851 0.0563 
         230  1 0.0309 0.1274 0.0979 0.1285 0.0840 0.0878 0.1465 0.0910 0.1516 0.0543 
         231  1 0.0340 0.0273 0.0665 0.2809 0.0368 0.0511 0.0791 0.0511 0.3134 0.0596 
         232  1 0.0435 0.2164 0.0749 0.1516 0.0926 0.0582 0.0679 0.0509 0.1744 0.0696 
         233  1 0.0310 0.0443 0.0622 0.0497 0.0614 0.0614 0.0627 0.0602 0.0512 0.5158 
         234  1 0.0750 0.0518 0.0771 0.2050 0.0543 0.0610 0.0849 0.0775 0.2284 0.0850 
         235  1 0.0529 0.0478 0.1418 0.0599 0.2422 0.2060 0.0810 0.0917 0.0534 0.0232 
         236  1 0.0449 0.0872 0.1339 0.0759 0.0786 0.1172 0.1486 0.1725 0.0740 0.0672 
         237  1 0.0765 0.0980 0.1026 0.1592 0.0684 0.0713 0.1065 0.0887 0.1771 0.0515 
         238  1 0.0407 0.0983 0.1425 0.0717 0.0888 0.1371 0.1367 0.1834 0.0587 0.0421 
         239  1 0.4401 0.1522 0.0442 0.0729 0.0687 0.0469 0.0447 0.0392 0.0586 0.0325 
         240  1 0.0756 0.0806 0.1358 0.0942 0.0824 0.1074 0.1597 0.1466 0.0887 0.0291 
         241  1 0.0389 0.0649 0.1296 0.0748 0.1387 0.1523 0.1155 0.1272 0.0736 0.0845 
         242  1 0.3996 0.0587 0.0531 0.0969 0.0511 0.0540 0.0700 0.0652 0.0587 0.0926 
         243  1 0.0339 0.0811 0.1010 0.1632 0.0693 0.0822 0.1269 0.1106 0.1909 0.0408 
         244  1 0.0241 0.2488 0.1133 0.0935 0.0893 0.0841 0.1166 0.1226 0.0771 0.0305 
         245  1 0.2046 0.0376 0.0737 0.1601 0.0448 0.0556 0.0863 0.0782 0.1760 0.0831 
         246  1 0.0476 0.1612 0.0873 0.1350 0.0821 0.0675 0.1241 0.0723 0.1462 0.0767 
         247  1 0.3343 0.0506 0.0939 0.1011 0.0547 0.0631 0.0949 0.0920 0.0740 0.0416 
         248  1 0.0686 0.0640 0.1149 0.0624 0.2322 0.1871 0.0742 0.0748 0.0590 0.0627 
         249  1 0.0336 0.0438 0.1008 0.2484 0.0612 0.0561 0.1044 0.0687 0.2508 0.0322 
         250  1 0.0547 0.0484 0.1153 0.0653 0.1326 0.1523 0.0908 0.1261 0.0833 0.1313 
         251  1 0.1247 0.0465 0.0462 0.2687 0.0324 0.0321 0.0326 0.0324 0.3091 0.0754 
         252  1 0.1005 0.0891 0.1396 0.0939 0.0881 0.1160 0.1076 0.1479 0.0780 0.0392 
         253  1 0.0329 0.2738 0.0991 0.0867 0.1016 0.0903 0.0989 0.1096 0.0776 0.0296 
         254  1 0.1145 0.0825 0.1260 0.0675 0.0863 0.1153 0.1071 0.1563 0.0633 0.0811 
         255  1 0.0331 0.1549 0.1025 0.1280 0.0816 0.0709 0.1411 0.0807 0.1427 0.0644 
         256  1 0.0250 0.1203 0.1338 0.0906 0.0908 0.1347 0.1249 0.1730 0.0596 0.0473 
         257  1 0.2401 0.0524 0.0699 0.0712 0.0505 0.0596 0.0625 0.0776 0.0537 0.2624 
         258  1 0.4212 0.0485 0.0920 0.0566 0.0950 0.0718 0.0636 0.0748 0.0457 0.0309 
         259  1 0.5345 0.0379 0.0602 0.0538 0.0737 0.0563 0.0489 0.0517 0.0415 0.0414 
         260  1 0.0295 0.0688 0.1182 0.0661 0.1512 0.1575 0.1260 0.1211 0.0639 0.0977 
         261  1 0.0298 0.2524 0.0810 0.0722 0.1252 0.0931 0.0886 0.0737 0.0792 0.1051 
         262  1 0.0589 0.1320 0.0757 0.1245 0.0586 0.0688 0.1965 0.1259 0.1171 0.0421 
         263  1 0.0548 0.0557 0.1452 0.0817 0.1047 0.1379 0.1246 0.1439 0.0774 0.0741 
         264  1 0.0282 0.2946 0.0843 0.0944 0.1232 0.1028 0.0872 0.0863 0.0753 0.0236 
         265  1 0.1079 0.1314 0.0795 0.0953 0.1644 0.1332 0.0775 0.0652 0.0970 0.0485 
         266  1 0.0517 0.0550 0.1088 0.0872 0.1768 0.1821 0.0934 0.1059 0.0996 0.0396 
         267  1 0.0476 0.0387 0.0562 0.0502 0.0450 0.0473 0.0607 0.0533 0.0498 0.5513 
         268  1 0.0483 0.0518 0.0773 0.2460 0.0559 0.0673 0.0589 0.0703 0.2791 0.0451 
         269  1 0.0794 0.0617 0.0815 0.0814 0.1956 0.1608 0.0691 0.0703 0.1074 0.0930 
         270  1 0.0631 0.0344 0.1092 0.0586 0.2888 0.2157 0.0675 0.0729 0.0549 0.0349 
         271  1 0.0229 0.1821 0.0974 0.1117 0.1104 0.1115 0.1044 0.1226 0.1030 0.0341 
         272  1 0.0414 0.1558 0.0996 0.1027 0.0774 0.0892 0.1687 0.1222 0.1045 0.0384 
         273  1 0.0686 0.0436 0.0606 0.2807 0.0411 0.0501 0.0453 0.0498 0.3211 0.0391 
         274  1 0.0635 0.0277 0.0935 0.0366 0.3662 0.2733 0.0341 0.0358 0.0371 0.0323 
         275  1 0.0481 0.0718 0.0833 0.0673 0.0723 0.0722 0.0696 0.0826 0.0622 0.3706 
         276  1 0.0626 0.0691 0.1410 0.0841 0.1226 0.1289 0.1112 0.1196 0.0662 0.0947 
         277  1 0.0478 0.1048 0.1324 0.0997 0.1011 0.1427 0.0997 0.1751 0.0618 0.0348 
         278  1 0.0674 0.0699 0.0888 0.1065 0.0686 0.0797 0.1132 0.0929 0.1100 0.2029 
         279  1 0.0997 0.0932 0.1171 0.0756 0.1109 0.1229 0.1433 0.1472 0.0663 0.0239 
         280  1 0.0661 0.0924 0.1297 0.0772 0.1102 0.1325 0.1073 0.1377 0.0750 0.0719 
         281  1 0.0985 0.0328 0.0557 0.2850 0.0412 0.0418 0.0556 0.0418 0.3087 0.0390 
         282  1 0.0303 0.1118 0.1430 0.0912 0.1032 0.1493 0.0970 0.1817 0.0640 0.0285 
         283  1 0.0588 0.1678 0.0807 0.1093 0.0584 0.0597 0.1983 0.0905 0.1256 0.0508 
         284  1 0.0904 0.0933 0.0956 0.1245 0.0691 0.0711 0.1578 0.0879 0.1188 0.0916 
         285  1 0.1098 0.0890 0.0763 0.1226 0.0564 0.0657 0.1530 0.1042 0.1202 0.1028 
         286  1 0.2239 0.0864 0.0873 0.1039 0.0672 0.0785 0.1164 0.1138 0.0817 0.0410 
         287  1 0.0258 0.1419 0.0865 0.0928 0.0603 0.0759 0.1891 0.1295 0.1421 0.0560 
         288  1 0.0693 0.0939 0.1401 0.0881 0.0958 0.1187 0.1001 0.1544 0.0677 0.0718 
         289  1 0.0369 0.0841 0.1838 0.0938 0.1175 0.0949 0.1379 0.1214 0.0893 0.0405 
         290  1 0.0272 0.1350 0.0755 0.0927 0.0540 0.0605 0.2423 0.1364 0.1297 0.0465 
         291  1 0.0292 0.1099 0.1384 0.0984 0.0788 0.1139 0.1421 0.1792 0.0864 0.0238 
         292  1 0.0417 0.1975 0.0624 0.1407 0.0637 0.0532 0.0884 0.0599 0.1664 0.1261 
         293  1 0.0724 0.0316 0.0496 0.0385 0.0466 0.0497 0.0543 0.0551 0.0375 0.5648 
         294  1 0.0440 0.0879 0.1549 0.0988 0.1250 0.1488 0.0988 0.1484 0.0623 0.0311 
         295  1 0.0493 0.3493 0.0604 0.0824 0.1216 0.0779 0.0779 0.0511 0.0830 0.0472 
         296  1 0.0424 0.1312 0.1382 0.0995 0.1012 0.1148 0.0954 0.1408 0.0959 0.0405 
         297  1 0.0515 0.2098 0.0931 0.0920 0.0657 0.0655 0.1694 0.0936 0.1107 0.0488 
         298  1 0.3059 0.0267 0.0678 0.0665 0.1019 0.0930 0.0595 0.0678 0.0417 0.1692 
         299  1 0.1485 0.0737 0.1459 0.0816 0.0882 0.1014 0.1299 0.1246 0.0609 0.0452 
         300  1 0.4162 0.0336 0.0785 0.0526 0.0881 0.0795 0.0706 0.0844 0.0398 0.0567 
         301  1 0.1680 0.1128 0.0984 0.0823 0.0880 0.1013 0.1030 0.1108 0.0758 0.0596 
         302  1 0.2484 0.0423 0.0987 0.0554 0.1934 0.1363 0.0664 0.0781 0.0436 0.0375 
         303  1 0.0332 0.0800 0.1440 0.0802 0.1140 0.1495 0.1314 0.1372 0.1027 0.0278 
         304  1 0.1075 0.0450 0.1045 0.0607 0.1319 0.1520 0.0894 0.1157 0.0775 0.1159 
         305  1 0.0939 0.0813 0.1239 0.0744 0.1539 0.1213 0.1023 0.0999 0.0805 0.0686 
         306  1 0.0278 0.0542 0.1208 0.0584 0.0782 0.1007 0.1229 0.1318 0.0555 0.2497 
         307  1 0.0389 0.0676 0.1533 0.0947 0.0830 0.1231 0.1416 0.1789 0.0789 0.0401 
         308  1 0.2005 0.0605 0.1157 0.0854 0.1301 0.1103 0.0767 0.0861 0.0796 0.0550 
         309  1 0.0544 0.0546 0.1480 0.0816 0.1304 0.1354 0.0957 0.1239 0.0699 0.1060 
         310  1 0.0854 0.0447 0.0514 0.0433 0.0528 0.0474 0.0536 0.0469 0.0468 0.5278 
         311  1 0.0669 0.0426 0.0502 0.0398 0.0544 0.0532 0.0518 0.0518 0.0371 0.5522 
         312  1 0.2365 0.0197 0.0689 0.0302 0.3006 0.2296 0.0291 0.0318 0.0242 0.0295 
         313  1 0.1159 0.3165 0.0644 0.0934 0.1148 0.0761 0.0637 0.0470 0.0780 0.0303 
         314  1 0.4176 0.0790 0.0619 0.0787 0.0573 0.0561 0.0601 0.0577 0.0552 0.0764 
         315  1 0.2098 0.0251 0.0709 0.0355 0.2927 0.2149 0.0333 0.0380 0.0283 0.0515 
         316  1 0.0783 0.0647 0.0501 0.0924 0.0381 0.0369 0.0467 0.0465 0.1093 0.4369 
         317  1 0.0518 0.0426 0.0751 0.1154 0.0665 0.0732 0.0674 0.0799 0.1212 0.3069 
         318  1 0.2195 0.0833 0.1228 0.0564 0.1547 0.1197 0.0701 0.0964 0.0444 0.0327 
         319  1 0.0403 0.0318 0.0470 0.1597 0.0376 0.0402 0.0395 0.0411 0.1809 0.3819 
         320  1 0.5303 0.0491 0.0644 0.0561 0.0851 0.0595 0.0398 0.0535 0.0349 0.0272 
         321  1 0.0416 0.1419 0.0690 0.1157 0.0602 0.0657 0.2091 0.1095 0.1399 0.0474 
         322  1 0.0429 0.0726 0.1687 0.0649 0.1265 0.1124 0.1070 0.1415 0.0471 0.1165 
         323  1 0.0535 0.0709 0.1268 0.0816 0.0949 0.1224 0.1202 0.1506 0.0663 0.1128 
         324  1 0.4849 0.0514 0.0525 0.0795 0.0583 0.0525 0.0494 0.0528 0.0441 0.0746 
         325  1 0.0608 0.0368 0.0636 0.1710 0.0724 0.0661 0.0657 0.0630 0.1798 0.2210 
         326  1 0.0533 0.0925 0.1091 0.0798 0.1004 0.1257 0.1146 0.1285 0.0686 0.1275 
         327  1 0.0308 0.1246 0.0529 0.0536 0.0634 0.0475 0.0440 0.0507 0.0524 0.4801 
         328  1 0.0653 0.0640 0.1503 0.0848 0.1030 0.1470 0.1119 0.1695 0.0572 0.0470 
         329  1 0.0597 0.0972 0.1440 0.0888 0.0940 0.1473 0.1160 0.1594 0.0570 0.0365 
         330  1 0.0844 0.0945 0.1375 0.0825 0.0849 0.1226 0.1071 0.1604 0.0606 0.0655 
         331  1 0.0500 0.1512 0.1418 0.0963 0.1073 0.0945 0.1182 0.1136 0.0868 0.0403 
         332  1 0.0269 0.1389 0.1215 0.0911 0.1100 0.1309 0.1183 0.1483 0.0725 0.0415 
         333  1 0.2925 0.0988 0.0783 0.0934 0.0736 0.0668 0.0868 0.0767 0.0858 0.0472 
         334  1 0.0345 0.0336 0.0301 0.0315 0.0322 0.0306 0.0297 0.0309 0.0319 0.7150 
         335  1 0.0680 0.0502 0.0996 0.2045 0.0747 0.0710 0.1024 0.0743 0.2182 0.0371 
         336  1 0.0435 0.0838 0.1415 0.0810 0.0879 0.1225 0.1148 0.1574 0.0948 0.0729 
         337  1 0.3631 0.0677 0.0667 0.1117 0.0501 0.0538 0.0900 0.0764 0.0777 0.0428 
         338  1 0.0313 0.0571 0.1576 0.0854 0.1086 0.1419 0.1079 0.1773 0.0743 0.0586 
         339  1 0.0540 0.0436 0.0727 0.2683 0.0439 0.0484 0.0828 0.0565 0.2809 0.0489 
         340  1 0.0576 0.1295 0.1185 0.0820 0.0996 0.1225 0.0998 0.1389 0.0686 0.0831 
         341  1 0.0571 0.0870 0.1429 0.0926 0.1052 0.1437 0.1048 0.1676 0.0621 0.0369 
         342  1 0.0338 0.2860 0.0780 0.0968 0.0695 0.0668 0.1367 0.0839 0.1099 0.0386 
         343  1 0.5890 0.0401 0.0348 0.0896 0.0334 0.0343 0.0329 0.0343 0.0674 0.0442 
         344  1 0.0335 0.0550 0.1513 0.0944 0.1165 0.1381 0.1486 0.1542 0.0820 0.0262 
         345  1 0.0452 0.0452 0.0666 0.2841 0.0450 0.0472 0.0564 0.0488 0.3173 0.0442 
         346  1 0.5812 0.0603 0.0472 0.0691 0.0405 0.0414 0.0409 0.0502 0.0442 0.0251 
         347  1 0.0264 0.0494 0.1407 0.1294 0.0737 0.1058 0.1304 0.1517 0.1476 0.0449 
         348  1 0.0420 0.0997 0.0839 0.1040 0.0850 0.0779 0.0839 0.0815 0.1286 0.2136 
         349  1 0.0740 0.0744 0.0970 0.1701 0.0590 0.0737 0.1026 0.0952 0.1992 0.0547 
         350  1 0.0874 0.0656 0.0633 0.0489 0.0740 0.0735 0.0694 0.0666 0.0461 0.4051 
         351  1 0.0646 0.0643 0.1387 0.0912 0.0903 0.1041 0.1162 0.1488 0.0721 0.1096 
         352  1 0.0259 0.1168 0.1232 0.0901 0.0896 0.1045 0.1426 0.1354 0.0972 0.0747 
         353  1 0.0344 0.0577 0.0360 0.0394 0.0453 0.0436 0.0376 0.0376 0.0390 0.6294 
         354  1 0.0678 0.1524 0.1002 0.0846 0.0881 0.0827 0.0932 0.0924 0.0787 0.1599 
         355  1 0.0226 0.0657 0.0708 0.0503 0.0527 0.0625 0.0764 0.0767 0.0575 0.4650 
         356  1 0.6036 0.0429 0.0473 0.0507 0.0658 0.0526 0.0366 0.0430 0.0309 0.0266 
         357  1 0.0358 0.3661 0.0701 0.0918 0.1104 0.0695 0.0732 0.0643 0.0820 0.0367 
         358  1 0.0611 0.0529 0.0962 0.0505 0.2791 0.2058 0.0617 0.0623 0.0476 0.0828 
         359  1 0.2249 0.0882 0.0803 0.0808 0.1162 0.1048 0.0937 0.0817 0.0804 0.0490 
         360  1 0.0309 0.1801 0.0815 0.0856 0.0743 0.0803 0.1409 0.0994 0.0943 0.1327 
         361  1 0.0651 0.0688 0.1017 0.0487 0.3016 0.2213 0.0516 0.0576 0.0419 0.0418 
         362  1 0.0584 0.0877 0.1362 0.1196 0.0642 0.0896 0.1488 0.1383 0.1228 0.0343 
         363  1 0.0215 0.0721 0.1670 0.0826 0.1045 0.1245 0.1196 0.1960 0.0708 0.0415 
         364  1 0.0474 0.1024 0.1342 0.0786 0.0808 0.1113 0.1582 0.1503 0.0858 0.0511 
         365  1 0.0702 0.0408 0.1212 0.1750 0.0848 0.1001 0.1077 0.1077 0.1664 0.0263 
         366  1 0.1705 0.0639 0.0811 0.0876 0.1137 0.1071 0.1138 0.0939 0.0797 0.0887 
         367  1 0.0279 0.0550 0.1173 0.0629 0.1520 0.1607 0.1003 0.1307 0.0641 0.1292 
         368  1 0.0213 0.0597 0.1483 0.1172 0.0843 0.1117 0.1425 0.1363 0.1302 0.0484 
         369  1 0.0427 0.1905 0.1072 0.0893 0.0948 0.0887 0.1265 0.1163 0.1094 0.0347 
         370  1 0.0628 0.0594 0.0977 0.0807 0.0851 0.0904 0.0778 0.0984 0.0753 0.2725 
         371  1 0.0477 0.1560 0.0944 0.1003 0.0776 0.0827 0.1665 0.1115 0.1177 0.0458 
         372  1 0.0248 0.2151 0.0921 0.0945 0.0962 0.0850 0.1349 0.0878 0.1178 0.0519 
         373  1 0.2751 0.1038 0.0724 0.0855 0.0838 0.0922 0.0677 0.1002 0.0611 0.0583 
         374  1 0.1213 0.0553 0.0998 0.0797 0.2096 0.1740 0.0648 0.0705 0.0778 0.0471 
         375  1 0.0327 0.3516 0.0811 0.0909 0.1012 0.0655 0.0948 0.0681 0.0893 0.0250 
         376  1 0.0465 0.0705 0.0831 0.2011 0.0435 0.0478 0.1565 0.0840 0.2137 0.0533 
         377  1 0.5493 0.0399 0.0429 0.1037 0.0334 0.0371 0.0604 0.0507 0.0551 0.0275 
         378  1 0.5145 0.0683 0.0477 0.0832 0.0502 0.0460 0.0491 0.0511 0.0572 0.0328 
         379  1 0.0266 0.0588 0.0614 0.0712 0.0488 0.0543 0.0650 0.0661 0.0830 0.4646 
         380  1 0.0539 0.0970 0.0813 0.0977 0.0737 0.0820 0.1805 0.1096 0.1040 0.1204 
         381  1 0.0502 0.1062 0.1265 0.0737 0.1626 0.1364 0.1098 0.1118 0.0798 0.0430 
         382  1 0.0264 0.3549 0.0629 0.0997 0.1030 0.0621 0.0858 0.0531 0.1039 0.0483 
         383  1 0.0291 0.0692 0.1475 0.1073 0.0821 0.1232 0.1186 0.1875 0.1067 0.0288 
         384  1 0.2267 0.0850 0.1086 0.0810 0.1143 0.1078 0.0874 0.0927 0.0635 0.0329 
         385  1 0.1921 0.0451 0.0913 0.1893 0.0529 0.0617 0.0779 0.0696 0.1909 0.0291 
         386  1 0.0409 0.0749 0.1507 0.1214 0.1047 0.1172 0.1099 0.1370 0.1128 0.0304 
         387  1 0.0292 0.1046 0.1607 0.0855 0.0949 0.1329 0.1086 0.1859 0.0469 0.0509 
         388  1 0.0454 0.2193 0.0799 0.0824 0.1681 0.1313 0.0835 0.0629 0.0856 0.0416 
         389  1 0.0500 0.1201 0.0784 0.1738 0.0591 0.0569 0.1353 0.0768 0.1898 0.0598 
         390  1 0.0322 0.1547 0.0774 0.1179 0.0552 0.0695 0.2021 0.1146 0.1421 0.0341 
         391  1 0.0467 0.1375 0.1480 0.1058 0.1094 0.0977 0.1062 0.1157 0.0937 0.0393 
         392  1 0.0700 0.0743 0.1012 0.0570 0.2062 0.1835 0.0839 0.0842 0.0809 0.0587 
         393  1 0.1014 0.1040 0.0981 0.0979 0.1004 0.1014 0.0963 0.0955 0.1028 0.1021 
         394  1 0.0284 0.0539 0.1240 0.1351 0.1144 0.0876 0.1158 0.0744 0.1580 0.1083 
         395  1 0.0294 0.0893 0.1335 0.1055 0.0616 0.0848 0.1862 0.1549 0.1257 0.0291 
         396  1 0.2074 0.2699 0.0605 0.0821 0.0812 0.0524 0.0666 0.0503 0.0890 0.0405 
         397  1 0.0829 0.1084 0.0991 0.0972 0.0677 0.0902 0.1662 0.1424 0.1068 0.0391 
         398  1 0.1215 0.0756 0.1368 0.0664 0.1448 0.1299 0.1117 0.1222 0.0590 0.0320 
         399  1 0.0300 0.1800 0.1175 0.0861 0.0825 0.0901 0.1543 0.1275 0.0802 0.0519 
         400  1 0.0676 0.1098 0.1187 0.1059 0.0816 0.1072 0.1114 0.1387 0.0778 0.0814 
         401  1 0.0412 0.0809 0.1683 0.0894 0.1066 0.1339 0.1026 0.1806 0.0639 0.0327 
         402  1 0.0347 0.0699 0.0796 0.2123 0.0879 0.0780 0.0849 0.0637 0.2433 0.0457 
         403  1 0.1033 0.0523 0.1058 0.0672 0.2153 0.1931 0.0663 0.0846 0.0525 0.0595 
         404  1 0.0479 0.0723 0.1720 0.1030 0.0975 0.0930 0.1561 0.1227 0.0949 0.0405 
         405  1 0.0749 0.0814 0.1007 0.1715 0.0881 0.0801 0.0990 0.0782 0.1896 0.0365 
         406  1 0.0581 0.3158 0.0790 0.0978 0.1179 0.0661 0.0823 0.0554 0.0911 0.0365 
         407  1 0.0314 0.1412 0.0791 0.0995 0.0566 0.0724 0.1835 0.1049 0.1275 0.1040 
         408  1 0.2418 0.0446 0.1089 0.0656 0.0926 0.1109 0.0881 0.1316 0.0731 0.0427 
         409  1 0.0347 0.0737 0.1336 0.1166 0.0927 0.1192 0.1189 0.1237 0.1411 0.0457 
         410  1 0.0335 0.1233 0.0771 0.0922 0.0516 0.0700 0.2367 0.1453 0.1299 0.0404 
         411  1 0.1515 0.0770 0.1328 0.0999 0.0764 0.1016 0.0944 0.1491 0.0709 0.0465 
         412  1 0.0528 0.0648 0.1110 0.0583 0.1068 0.1068 0.1183 0.1119 0.0572 0.2123 
         413  1 0.0961 0.0662 0.0912 0.1555 0.0712 0.0711 0.1075 0.0787 0.1653 0.0971 
         414  1 0.0841 0.0785 0.1069 0.1181 0.0885 0.0953 0.1097 0.1025 0.1201 0.0964 
         415  1 0.5524 0.0453 0.0518 0.0748 0.0515 0.0493 0.0416 0.0526 0.0534 0.0274 
         416  1 0.0310 0.0468 0.0730 0.2786 0.0495 0.0449 0.0748 0.0461 0.3054 0.0497 
         417  1 0.0554 0.1027 0.1142 0.1043 0.0724 0.0895 0.1551 0.1422 0.0999 0.0643 
         418  1 0.0401 0.0700 0.1359 0.0992 0.0766 0.1058 0.1278 0.1273 0.1143 0.1031 
         419  1 0.0767 0.1491 0.0825 0.1103 0.0660 0.0740 0.1562 0.1063 0.1227 0.0563 
         420  1 0.0614 0.1351 0.1391 0.0914 0.1107 0.1246 0.0975 0.1285 0.0702 0.0415 
         421  1 0.0669 0.1090 0.1213 0.1276 0.0686 0.0847 0.1126 0.1067 0.1603 0.0423 
         422  1 0.1717 0.0549 0.1125 0.0962 0.0587 0.0799 0.0950 0.1154 0.1018 0.1139 
         423  1 0.0193 0.0867 0.1784 0.0766 0.1005 0.1269 0.1492 0.1749 0.0603 0.0271 
         424  1 0.4363 0.0473 0.0648 0.0726 0.1073 0.0891 0.0506 0.0564 0.0457 0.0300 
         425  1 0.0960 0.1552 0.1050 0.0983 0.0975 0.0998 0.1042 0.1140 0.0830 0.0469 
         426  1 0.0483 0.0627 0.1162 0.1589 0.0903 0.0947 0.1093 0.1047 0.1640 0.0509 
         427  1 0.0284 0.1115 0.1077 0.0921 0.0869 0.1030 0.1108 0.1362 0.1197 0.1037 
         428  1 0.0435 0.1354 0.1079 0.0906 0.0955 0.1226 0.1036 0.1397 0.0726 0.0885 
         429  1 0.0368 0.0934 0.1575 0.0939 0.0881 0.1139 0.1445 0.1652 0.0727 0.0339 
         430  1 0.0895 0.0322 0.0819 0.0301 0.3689 0.2700 0.0303 0.0341 0.0274 0.0357 
         431  1 0.0476 0.0695 0.1279 0.1194 0.0575 0.0755 0.1875 0.1407 0.1271 0.0474 
         432  1 0.0342 0.0365 0.0545 0.0946 0.0474 0.0524 0.0580 0.0554 0.1065 0.4605 
         433  1 0.0661 0.3542 0.0566 0.0978 0.0993 0.0559 0.0701 0.0487 0.0912 0.0601 
         434  1 0.1988 0.0597 0.0742 0.1545 0.0812 0.0710 0.0655 0.0618 0.1683 0.0653 
         435  1 0.0304 0.1296 0.1674 0.0734 0.1105 0.0879 0.1317 0.1313 0.0614 0.0764 
         436  1 0.0522 0.2147 0.0821 0.1011 0.0804 0.0770 0.1024 0.0842 0.1325 0.0734 
         437  1 0.3185 0.0705 0.0670 0.0825 0.1265 0.1051 0.0666 0.0668 0.0513 0.0453 
         438  1 0.0638 0.0382 0.0692 0.0519 0.1183 0.1120 0.0568 0.0629 0.0521 0.3749 
         439  1 0.0314 0.1041 0.1620 0.0801 0.1230 0.1212 0.1297 0.1472 0.0703 0.0310 
         440  1 0.5268 0.0329 0.0542 0.0591 0.0769 0.0633 0.0440 0.0535 0.0412 0.0481 
         441  1 0.0509 0.0787 0.0680 0.2546 0.0403 0.0467 0.0828 0.0596 0.2794 0.0389 
         442  1 0.0389 0.1940 0.0909 0.0692 0.1752 0.1316 0.0797 0.0701 0.0657 0.0846 
         443  1 0.0368 0.3072 0.0791 0.1003 0.0848 0.0619 0.1092 0.0801 0.1009 0.0398 
         444  1 0.0303 0.1133 0.1386 0.0952 0.1101 0.1368 0.1188 0.1609 0.0582 0.0378 
         445  1 0.0224 0.1038 0.1143 0.0834 0.0875 0.1095 0.2067 0.1396 0.0994 0.0333 
         446  1 0.0261 0.0442 0.0763 0.2540 0.0569 0.0559 0.0653 0.0592 0.2941 0.0679 
         447  1 0.0375 0.1875 0.1381 0.0806 0.1114 0.1044 0.0911 0.1429 0.0560 0.0505 
         448  1 0.0596 0.0373 0.1037 0.0508 0.2825 0.2139 0.0570 0.0581 0.0481 0.0889 
         449  1 0.5465 0.0474 0.0549 0.0605 0.0627 0.0504 0.0467 0.0470 0.0521 0.0318 
         450  1 0.0406 0.0688 0.0628 0.2432 0.0512 0.0442 0.0589 0.0398 0.2788 0.1118 
         451  1 0.0640 0.0511 0.0619 0.2693 0.0425 0.0463 0.0592 0.0564 0.2906 0.0588 
         452  1 0.0251 0.3824 0.0644 0.0853 0.1246 0.0722 0.0830 0.0452 0.0816 0.0363 
         453  1 0.0505 0.0413 0.0380 0.0439 0.0391 0.0378 0.0369 0.0371 0.0451 0.6301 
         454  1 0.0451 0.0716 0.1160 0.0821 0.0958 0.0885 0.1086 0.0963 0.0810 0.2150 
         455  1 0.0289 0.0859 0.1217 0.0835 0.0771 0.1093 0.1214 0.1457 0.0684 0.1582 
         456  1 0.0479 0.0514 0.0836 0.2290 0.0531 0.0559 0.0945 0.0636 0.2427 0.0784 
         457  1 0.5479 0.0430 0.0358 0.1077 0.0242 0.0284 0.0634 0.0483 0.0625 0.0389 
         458  1 0.0722 0.1141 0.1184 0.1014 0.0850 0.1257 0.1128 0.1762 0.0666 0.0275 
         459  1 0.0535 0.0692 0.0666 0.1857 0.0436 0.0524 0.0828 0.0609 0.2389 0.1464 
