           1  1 0.0854 0.0775 0.0902 0.4845 0.1071 0.0666 0.0887 
           2  1 0.0600 0.0791 0.0812 0.1040 0.5469 0.0588 0.0699 
           3  1 0.2395 0.0641 0.0599 0.0620 0.1023 0.2887 0.1836 
           4  1 0.1183 0.0916 0.0843 0.4289 0.0376 0.0870 0.1522 
           5  1 0.1790 0.0587 0.0520 0.3097 0.0472 0.1149 0.2385 
           6  1 0.2067 0.0774 0.0773 0.0934 0.1065 0.2625 0.1761 
           7  1 0.1428 0.1398 0.1183 0.0797 0.2551 0.1438 0.1205 
           8  1 0.0657 0.0887 0.0864 0.5813 0.0377 0.0597 0.0805 
           9  1 0.2861 0.0456 0.0437 0.0539 0.0780 0.2852 0.2075 
          10  1 0.2072 0.0772 0.0622 0.2179 0.0406 0.1259 0.2691 
          11  1 0.0659 0.3744 0.3291 0.0435 0.0537 0.0665 0.0668 
          12  1 0.0674 0.0696 0.0768 0.2844 0.3626 0.0656 0.0736 
          13  1 0.0801 0.2018 0.1857 0.2548 0.1043 0.0763 0.0970 
          14  1 0.1852 0.1307 0.1286 0.1034 0.0464 0.1960 0.2097 
          15  1 0.2028 0.1165 0.1284 0.0514 0.1225 0.1823 0.1962 
          16  1 0.0779 0.2121 0.1811 0.3099 0.0611 0.0727 0.0851 
          17  1 0.0657 0.2910 0.2481 0.0585 0.2009 0.0634 0.0724 
          18  1 0.0565 0.0620 0.0682 0.5824 0.0894 0.0616 0.0798 
          19  1 0.2152 0.0928 0.0929 0.0842 0.1265 0.1977 0.1909 
          20  1 0.2104 0.0727 0.0697 0.2231 0.0495 0.1889 0.1857 
          21  1 0.1756 0.1496 0.1353 0.1338 0.0604 0.1285 0.2167 
          22  1 0.2011 0.1110 0.1522 0.0974 0.0407 0.1837 0.2139 
          23  1 0.0653 0.0754 0.0731 0.0406 0.6088 0.0683 0.0684 
          24  1 0.2332 0.0696 0.0713 0.0349 0.1013 0.2864 0.2032 
          25  1 0.0720 0.3419 0.2879 0.1162 0.0369 0.0675 0.0776 
          26  1 0.1225 0.0489 0.0500 0.0540 0.4464 0.1508 0.1273 
          27  1 0.1535 0.1425 0.1497 0.2543 0.0463 0.0978 0.1558 
          28  1 0.1581 0.2265 0.2170 0.0396 0.0737 0.1339 0.1512 
          29  1 0.2466 0.0515 0.0502 0.0597 0.0953 0.2891 0.2076 
          30  1 0.1888 0.1089 0.1144 0.0825 0.0908 0.2128 0.2017 
          31  1 0.1008 0.2168 0.1894 0.0663 0.2183 0.0911 0.1173 
          32  1 0.2182 0.0924 0.0981 0.0546 0.0684 0.2292 0.2392 
          33  1 0.1373 0.1775 0.2106 0.0558 0.1611 0.1360 0.1217 
          34  1 0.1436 0.1469 0.1340 0.0826 0.1999 0.1425 0.1505 
          35  1 0.1879 0.0712 0.0647 0.1618 0.1227 0.1398 0.2520 
          36  1 0.2264 0.0820 0.0834 0.0533 0.0913 0.2604 0.2031 
          37  1 0.0755 0.3205 0.2580 0.0718 0.1210 0.0769 0.0763 
          38  1 0.2358 0.0598 0.0565 0.0369 0.0873 0.2864 0.2373 
          39  1 0.1625 0.0929 0.0912 0.2826 0.0415 0.1817 0.1477 
          40  1 0.0656 0.3122 0.3752 0.0455 0.0720 0.0602 0.0693 
          41  1 0.2153 0.0700 0.0710 0.1091 0.0978 0.2264 0.2104 
          42  1 0.1345 0.2405 0.2118 0.0464 0.1135 0.1526 0.1008 
          43  1 0.0441 0.0327 0.0321 0.0241 0.7810 0.0450 0.0411 
          44  1 0.1037 0.0811 0.0767 0.0399 0.4940 0.1119 0.0926 
          45  1 0.0660 0.0565 0.0559 0.6506 0.0449 0.0661 0.0600 
          46  1 0.0552 0.0730 0.0699 0.0358 0.6567 0.0546 0.0548 
          47  1 0.0893 0.0587 0.0584 0.5371 0.0618 0.0916 0.1031 
          48  1 0.2451 0.0732 0.0705 0.0337 0.0883 0.2888 0.2005 
          49  1 0.1285 0.1568 0.1946 0.1104 0.1749 0.0969 0.1380 
          50  1 0.1662 0.1479 0.1686 0.1335 0.0491 0.1138 0.2210 
          51  1 0.1006 0.2673 0.3143 0.0551 0.0499 0.0966 0.1162 
          52  1 0.1090 0.2510 0.2852 0.0638 0.0919 0.0979 0.1013 
          53  1 0.2005 0.1323 0.1450 0.0605 0.0418 0.1983 0.2217 
          54  1 0.0844 0.1379 0.1654 0.3537 0.0726 0.0915 0.0945 
          55  1 0.0857 0.2893 0.2505 0.0649 0.1254 0.0846 0.0997 
          56  1 0.1776 0.1201 0.1092 0.0634 0.1381 0.2224 0.1692 
          57  1 0.1525 0.0582 0.0649 0.0595 0.3276 0.1915 0.1457 
          58  1 0.2446 0.0514 0.0530 0.0445 0.1209 0.2986 0.1868 
          59  1 0.2321 0.0766 0.0779 0.0529 0.0520 0.2870 0.2215 
          60  1 0.1971 0.0796 0.0824 0.1008 0.1602 0.2015 0.1785 
          61  1 0.0459 0.4190 0.3563 0.0570 0.0289 0.0438 0.0492 
          62  1 0.2686 0.0549 0.0587 0.0460 0.1117 0.2917 0.1685 
          63  1 0.1836 0.1238 0.1054 0.2212 0.0354 0.1330 0.1976 
          64  1 0.1140 0.2502 0.2846 0.0666 0.0501 0.1106 0.1239 
          65  1 0.1276 0.2148 0.2623 0.0387 0.0678 0.1538 0.1349 
          66  1 0.2136 0.0999 0.0995 0.1326 0.0612 0.1444 0.2487 
          67  1 0.0791 0.1061 0.0892 0.0468 0.5119 0.0856 0.0815 
          68  1 0.2309 0.0672 0.0706 0.0573 0.1199 0.2746 0.1795 
          69  1 0.0726 0.0723 0.0728 0.6191 0.0220 0.0565 0.0847 
          70  1 0.2103 0.0312 0.0311 0.0315 0.2893 0.2670 0.1395 
          71  1 0.2597 0.0595 0.0597 0.0708 0.0412 0.2989 0.2102 
          72  1 0.2174 0.0587 0.0607 0.0767 0.1113 0.2601 0.2152 
          73  1 0.0469 0.0765 0.0740 0.6014 0.0948 0.0440 0.0623 
          74  1 0.2263 0.0915 0.0954 0.0940 0.0403 0.1818 0.2707 
          75  1 0.0669 0.3787 0.3174 0.0681 0.0370 0.0627 0.0692 
          76  1 0.1633 0.0893 0.0828 0.0881 0.2440 0.1866 0.1459 
          77  1 0.2442 0.0790 0.0777 0.0762 0.0631 0.2728 0.1870 
          78  1 0.0673 0.3398 0.2844 0.0543 0.1032 0.0734 0.0776 
          79  1 0.0848 0.2671 0.2694 0.1516 0.0549 0.0832 0.0889 
          80  1 0.2368 0.0659 0.0656 0.0476 0.1082 0.2882 0.1878 
          81  1 0.1714 0.1421 0.1643 0.1215 0.0314 0.1489 0.2203 
          82  1 0.1156 0.1611 0.1555 0.1654 0.1517 0.0978 0.1529 
          83  1 0.2174 0.0598 0.0623 0.0782 0.1139 0.2646 0.2037 
          84  1 0.2075 0.0972 0.1055 0.1059 0.1011 0.1980 0.1847 
          85  1 0.0892 0.0535 0.0553 0.5507 0.0597 0.0917 0.0998 
          86  1 0.1596 0.1142 0.1242 0.0925 0.1906 0.1723 0.1466 
          87  1 0.1369 0.1683 0.1850 0.0851 0.1283 0.1572 0.1393 
          88  1 0.1838 0.1398 0.1457 0.0588 0.1176 0.1790 0.1754 
          89  1 0.0562 0.3883 0.3338 0.0503 0.0548 0.0595 0.0571 
          90  1 0.0587 0.0848 0.0919 0.0625 0.5634 0.0682 0.0705 
          91  1 0.1350 0.2149 0.2459 0.1201 0.0321 0.1210 0.1311 
          92  1 0.0833 0.0479 0.0478 0.1244 0.5360 0.0848 0.0759 
          93  1 0.1717 0.1292 0.1584 0.0810 0.0917 0.1777 0.1902 
          94  1 0.2232 0.0710 0.0614 0.1281 0.0613 0.1570 0.2979 
          95  1 0.2079 0.0651 0.0711 0.0631 0.1086 0.2634 0.2209 
          96  1 0.1096 0.3057 0.2853 0.0375 0.0346 0.1149 0.1124 
          97  1 0.0630 0.0458 0.0431 0.0419 0.6747 0.0693 0.0621 
          98  1 0.1058 0.2381 0.2720 0.0857 0.0741 0.1119 0.1125 
          99  1 0.1704 0.1948 0.1662 0.0486 0.1099 0.1580 0.1521 
         100  1 0.0510 0.3634 0.3903 0.0554 0.0319 0.0521 0.0559 
         101  1 0.2794 0.0507 0.0499 0.0763 0.0515 0.2938 0.1985 
         102  1 0.1881 0.1420 0.1558 0.0720 0.0262 0.2003 0.2155 
         103  1 0.1935 0.0842 0.0789 0.0558 0.2026 0.2119 0.1731 
         104  1 0.0443 0.3947 0.3298 0.0685 0.0742 0.0414 0.0472 
         105  1 0.0400 0.3590 0.4278 0.0391 0.0503 0.0387 0.0450 
         106  1 0.2418 0.0507 0.0509 0.0482 0.0832 0.2256 0.2997 
         107  1 0.1597 0.0558 0.0527 0.3303 0.1066 0.0990 0.1959 
         108  1 0.0428 0.3447 0.4045 0.0883 0.0315 0.0417 0.0466 
         109  1 0.0662 0.3751 0.3134 0.0512 0.0688 0.0627 0.0626 
         110  1 0.0889 0.1380 0.1221 0.1028 0.3547 0.0877 0.1059 
         111  1 0.0946 0.3062 0.2773 0.0532 0.0660 0.0831 0.1196 
         112  1 0.1438 0.0855 0.0906 0.3184 0.0719 0.1211 0.1688 
         113  1 0.0818 0.1262 0.1237 0.0462 0.4491 0.0884 0.0846 
         114  1 0.0546 0.2362 0.2042 0.0861 0.3124 0.0521 0.0543 
         115  1 0.2277 0.0569 0.0533 0.2316 0.0321 0.1371 0.2613 
         116  1 0.1208 0.0590 0.0605 0.4750 0.0359 0.1156 0.1332 
         117  1 0.2125 0.0967 0.0950 0.0452 0.1109 0.2607 0.1789 
         118  1 0.0836 0.0780 0.0804 0.5189 0.0547 0.0847 0.0997 
         119  1 0.1196 0.2991 0.2480 0.0519 0.0438 0.1130 0.1245 
         120  1 0.1263 0.2032 0.2454 0.0584 0.1111 0.1240 0.1315 
         121  1 0.2371 0.0842 0.0858 0.0538 0.0656 0.2871 0.1863 
         122  1 0.1219 0.1210 0.1314 0.0606 0.3004 0.1320 0.1327 
         123  1 0.0636 0.0394 0.0391 0.0427 0.6846 0.0680 0.0626 
         124  1 0.1968 0.0789 0.0793 0.0546 0.2266 0.2187 0.1450 
         125  1 0.0565 0.0539 0.0529 0.2278 0.5012 0.0507 0.0570 
         126  1 0.2322 0.0639 0.0657 0.1261 0.0565 0.2632 0.1925 
         127  1 0.1663 0.1599 0.1718 0.0929 0.0725 0.1684 0.1682 
         128  1 0.0913 0.2759 0.3076 0.0669 0.0704 0.0749 0.1129 
         129  1 0.0883 0.1365 0.1695 0.0698 0.3489 0.0907 0.0963 
         130  1 0.2540 0.0619 0.0614 0.0763 0.0544 0.2392 0.2529 
         131  1 0.0587 0.0872 0.0803 0.0358 0.6060 0.0620 0.0699 
         132  1 0.1747 0.1427 0.1565 0.1141 0.0356 0.1959 0.1804 
         133  1 0.0483 0.4087 0.3430 0.0609 0.0411 0.0479 0.0501 
         134  1 0.2137 0.0783 0.0940 0.0439 0.1318 0.2066 0.2316 
         135  1 0.2564 0.0475 0.0486 0.0565 0.0388 0.3138 0.2385 
         136  1 0.0978 0.0809 0.0849 0.4185 0.0988 0.0922 0.1268 
         137  1 0.1520 0.1384 0.1651 0.0974 0.0869 0.1717 0.1886 
         138  1 0.0863 0.2457 0.2857 0.0567 0.1500 0.0796 0.0960 
         139  1 0.0656 0.0641 0.0642 0.5663 0.0959 0.0619 0.0820 
         140  1 0.2665 0.0548 0.0533 0.0484 0.0941 0.2596 0.2233 
         141  1 0.1988 0.1287 0.1427 0.1096 0.0691 0.1590 0.1921 
         142  1 0.1144 0.2908 0.2402 0.0698 0.0499 0.1036 0.1312 
         143  1 0.1565 0.1568 0.1703 0.1434 0.0432 0.1904 0.1393 
         144  1 0.2404 0.1090 0.1004 0.0543 0.0292 0.2549 0.2116 
         145  1 0.0999 0.0751 0.0732 0.0876 0.4446 0.1100 0.1096 
         146  1 0.2544 0.0816 0.0749 0.0741 0.0523 0.2608 0.2019 
         147  1 0.0925 0.1086 0.1063 0.0836 0.4073 0.0953 0.1063 
         148  1 0.2255 0.0947 0.0899 0.0457 0.0787 0.2784 0.1872 
         149  1 0.0778 0.2795 0.2497 0.0656 0.1687 0.0797 0.0790 
         150  1 0.1389 0.2570 0.2210 0.0453 0.0407 0.1493 0.1479 
         151  1 0.0491 0.3920 0.3255 0.0915 0.0405 0.0505 0.0509 
         152  1 0.2582 0.0502 0.0525 0.0553 0.0774 0.3238 0.1827 
         153  1 0.0551 0.3018 0.3544 0.1418 0.0324 0.0507 0.0638 
         154  1 0.1878 0.1316 0.1301 0.0465 0.0586 0.2331 0.2123 
         155  1 0.2117 0.0929 0.1114 0.0536 0.0562 0.2612 0.2130 
         156  1 0.1836 0.1406 0.1367 0.1458 0.0367 0.1857 0.1709 
         157  1 0.0697 0.1037 0.0939 0.1203 0.4586 0.0801 0.0738 
         158  1 0.1468 0.1591 0.1783 0.0951 0.1005 0.1613 0.1589 
         159  1 0.1972 0.0813 0.0710 0.1397 0.1281 0.1390 0.2438 
         160  1 0.0675 0.0560 0.0545 0.6314 0.0508 0.0669 0.0729 
         161  1 0.0747 0.0741 0.0710 0.5410 0.0825 0.0767 0.0799 
         162  1 0.2475 0.0663 0.0713 0.0530 0.0654 0.2843 0.2122 
         163  1 0.1051 0.1119 0.1051 0.0519 0.4363 0.0894 0.1002 
         164  1 0.0602 0.0575 0.0548 0.6509 0.0525 0.0570 0.0670 
         165  1 0.1591 0.1741 0.1462 0.0824 0.1099 0.1805 0.1478 
         166  1 0.0723 0.2978 0.3564 0.0658 0.0614 0.0695 0.0768 
         167  1 0.1847 0.1615 0.1739 0.0543 0.0690 0.1841 0.1725 
         168  1 0.2029 0.0883 0.0851 0.1898 0.0504 0.2051 0.1784 
         169  1 0.0956 0.0468 0.0454 0.6152 0.0313 0.0757 0.0900 
         170  1 0.2022 0.0918 0.0851 0.1460 0.0651 0.1685 0.2414 
         171  1 0.1200 0.1080 0.1090 0.0481 0.3446 0.1485 0.1219 
         172  1 0.0518 0.3367 0.3961 0.0704 0.0393 0.0522 0.0535 
         173  1 0.0582 0.3487 0.4158 0.0360 0.0266 0.0523 0.0625 
         174  1 0.1332 0.1510 0.1491 0.1392 0.1607 0.1350 0.1319 
         175  1 0.0913 0.1271 0.1442 0.0767 0.3768 0.0895 0.0944 
         176  1 0.2105 0.0607 0.0556 0.1917 0.0681 0.1398 0.2737 
         177  1 0.1390 0.1210 0.1335 0.1021 0.2134 0.1477 0.1432 
         178  1 0.0926 0.2659 0.3118 0.0710 0.0873 0.0857 0.0858 
         179  1 0.0879 0.2530 0.2337 0.0762 0.1731 0.0828 0.0933 
         180  1 0.2459 0.0806 0.0765 0.1184 0.0404 0.1466 0.2916 
         181  1 0.1724 0.1084 0.1177 0.0673 0.1426 0.1725 0.2192 
         182  1 0.0475 0.3412 0.2782 0.1581 0.0826 0.0469 0.0456 
         183  1 0.0483 0.0706 0.0726 0.6506 0.0434 0.0474 0.0671 
         184  1 0.1459 0.1587 0.1525 0.0980 0.1537 0.1413 0.1499 
         185  1 0.1139 0.0747 0.0755 0.3040 0.2110 0.1032 0.1178 
         186  1 0.1822 0.1495 0.1599 0.0861 0.0612 0.1383 0.2228 
         187  1 0.1930 0.0598 0.0585 0.0444 0.3076 0.1952 0.1416 
         188  1 0.0517 0.0666 0.0688 0.6729 0.0334 0.0465 0.0602 
         189  1 0.1699 0.0914 0.0911 0.1623 0.1326 0.1853 0.1673 
         190  1 0.1798 0.1565 0.1801 0.0916 0.0316 0.1874 0.1731 
         191  1 0.0631 0.3270 0.3845 0.0402 0.0612 0.0609 0.0631 
         192  1 0.0662 0.0733 0.0801 0.2907 0.3420 0.0703 0.0773 
         193  1 0.1477 0.1371 0.1347 0.2144 0.0829 0.1385 0.1446 
         194  1 0.2761 0.0590 0.0569 0.0630 0.0662 0.2529 0.2257 
         195  1 0.0760 0.3310 0.2902 0.0506 0.0987 0.0699 0.0837 
         196  1 0.2368 0.0527 0.0541 0.1094 0.0820 0.1573 0.3077 
         197  1 0.2317 0.1215 0.1169 0.0569 0.0600 0.2288 0.1842 
         198  1 0.0902 0.2859 0.3269 0.0540 0.0637 0.0986 0.0807 
         199  1 0.0546 0.0593 0.0559 0.0485 0.6770 0.0519 0.0529 
         200  1 0.0577 0.3915 0.3360 0.0302 0.0701 0.0577 0.0568 
         201  1 0.1936 0.0990 0.0885 0.2055 0.0312 0.1189 0.2634 
         202  1 0.1889 0.0690 0.0690 0.0926 0.1934 0.2369 0.1504 
         203  1 0.2465 0.0653 0.0663 0.0617 0.0989 0.2526 0.2087 
         204  1 0.1399 0.1745 0.1795 0.0561 0.1616 0.1492 0.1392 
         205  1 0.0647 0.0356 0.0359 0.0431 0.6833 0.0781 0.0592 
         206  1 0.2399 0.0705 0.0674 0.0594 0.1023 0.2676 0.1928 
         207  1 0.1511 0.2209 0.1908 0.0425 0.1146 0.1043 0.1758 
         208  1 0.0577 0.3819 0.3300 0.0408 0.0718 0.0575 0.0603 
         209  1 0.1130 0.2146 0.2344 0.1508 0.0519 0.1317 0.1036 
         210  1 0.2060 0.0733 0.0770 0.1248 0.0690 0.2555 0.1944 
         211  1 0.0796 0.3102 0.3480 0.0591 0.0441 0.0837 0.0752 
         212  1 0.0525 0.3296 0.3975 0.0565 0.0575 0.0526 0.0537 
         213  1 0.2064 0.0665 0.0656 0.2139 0.0474 0.2168 0.1834 
         214  1 0.2740 0.0452 0.0427 0.0482 0.0741 0.2837 0.2322 
         215  1 0.0871 0.3419 0.2869 0.0433 0.0507 0.0923 0.0978 
         216  1 0.0894 0.3363 0.2903 0.0553 0.0412 0.0895 0.0981 
         217  1 0.1237 0.0617 0.0598 0.0680 0.3949 0.1406 0.1513 
         218  1 0.0793 0.0847 0.0758 0.0526 0.5503 0.0755 0.0818 
         219  1 0.0791 0.3071 0.3690 0.0506 0.0347 0.0671 0.0924 
         220  1 0.0811 0.2273 0.2733 0.0719 0.1824 0.0815 0.0826 
         221  1 0.2629 0.0655 0.0706 0.0575 0.0568 0.2677 0.2190 
         222  1 0.1332 0.1499 0.1993 0.0991 0.1435 0.1323 0.1427 
         223  1 0.2618 0.0741 0.0723 0.0648 0.0356 0.3011 0.1903 
         224  1 0.1537 0.1656 0.1788 0.1167 0.0931 0.1517 0.1405 
         225  1 0.1833 0.1125 0.1095 0.1739 0.0448 0.1291 0.2469 
         226  1 0.1311 0.1792 0.1877 0.1556 0.0924 0.1188 0.1352 
         227  1 0.0819 0.0361 0.0344 0.0292 0.6495 0.0949 0.0741 
         228  1 0.1188 0.1243 0.1121 0.0460 0.3690 0.1233 0.1064 
         229  1 0.0839 0.1131 0.1151 0.3928 0.0981 0.0874 0.1096 
         230  1 0.0979 0.1981 0.1729 0.0496 0.2791 0.1007 0.1017 
         231  1 0.0517 0.4119 0.3634 0.0405 0.0267 0.0502 0.0554 
         232  1 0.0548 0.2255 0.1976 0.0613 0.3533 0.0526 0.0549 
         233  1 0.0823 0.2839 0.3514 0.0468 0.0650 0.0780 0.0925 
         234  1 0.0873 0.3145 0.2733 0.0944 0.0643 0.0822 0.0839 
         235  1 0.2572 0.0556 0.0529 0.0944 0.0394 0.1698 0.3307 
         236  1 0.2164 0.0969 0.1141 0.0706 0.0838 0.2317 0.1866 
         237  1 0.0901 0.2484 0.2139 0.1133 0.1650 0.0848 0.0844 
         238  1 0.2384 0.0558 0.0582 0.0647 0.0907 0.2586 0.2337 
         239  1 0.0538 0.0522 0.0564 0.4460 0.2803 0.0550 0.0564 
         240  1 0.2076 0.0529 0.0502 0.1167 0.1182 0.2408 0.2136 
         241  1 0.2016 0.1231 0.1378 0.0652 0.0614 0.1818 0.2293 
         242  1 0.0779 0.0814 0.0870 0.5044 0.0663 0.0907 0.0923 
         243  1 0.1434 0.2248 0.2014 0.0521 0.0886 0.1738 0.1158 
         244  1 0.1382 0.0512 0.0491 0.0329 0.4488 0.1513 0.1285 
         245  1 0.0806 0.2531 0.2165 0.2505 0.0412 0.0734 0.0847 
         246  1 0.0677 0.2232 0.1956 0.0614 0.2991 0.0722 0.0808 
         247  1 0.1294 0.0636 0.0627 0.4052 0.0459 0.1376 0.1557 
         248  1 0.1991 0.0895 0.0962 0.1203 0.0787 0.1490 0.2672 
         249  1 0.0676 0.3920 0.3308 0.0447 0.0409 0.0629 0.0611 
         250  1 0.1250 0.2248 0.2658 0.0904 0.0441 0.1112 0.1387 
         251  1 0.0383 0.3652 0.3008 0.1491 0.0676 0.0381 0.0409 
         252  1 0.2270 0.0844 0.0842 0.1303 0.0614 0.2329 0.1798 
         253  1 0.1325 0.0415 0.0416 0.0423 0.4949 0.1398 0.1074 
         254  1 0.1515 0.1353 0.1667 0.1540 0.0733 0.1581 0.1611 
         255  1 0.0869 0.2122 0.1913 0.0457 0.2985 0.0770 0.0885 
         256  1 0.2680 0.0554 0.0514 0.0367 0.0556 0.3118 0.2210 
         257  1 0.0860 0.1744 0.2116 0.2852 0.0646 0.0842 0.0939 
         258  1 0.1270 0.0484 0.0457 0.5223 0.0384 0.0884 0.1298 
         259  1 0.0779 0.0594 0.0605 0.6205 0.0435 0.0577 0.0806 
         260  1 0.2286 0.1059 0.1121 0.0475 0.0533 0.2138 0.2387 
         261  1 0.0989 0.0910 0.0982 0.0435 0.4555 0.1045 0.1083 
         262  1 0.1430 0.0645 0.0623 0.0999 0.3371 0.1598 0.1334 
         263  1 0.2246 0.0990 0.1063 0.0727 0.0479 0.2509 0.1986 
         264  1 0.1409 0.0480 0.0461 0.0409 0.4326 0.1724 0.1191 
         265  1 0.1005 0.0883 0.0849 0.2163 0.2932 0.0886 0.1282 
         266  1 0.2057 0.0970 0.1048 0.0952 0.0521 0.1943 0.2508 
         267  1 0.0695 0.3143 0.3774 0.0644 0.0440 0.0640 0.0664 
         268  1 0.0854 0.3432 0.2841 0.0641 0.0565 0.0876 0.0791 
         269  1 0.1538 0.1598 0.1636 0.1494 0.0621 0.1263 0.1849 
         270  1 0.2311 0.0772 0.0672 0.1531 0.0313 0.1567 0.2833 
         271  1 0.2165 0.1040 0.0983 0.0347 0.1663 0.2256 0.1546 
         272  1 0.1389 0.0811 0.0705 0.0734 0.3395 0.1628 0.1338 
         273  1 0.0566 0.3704 0.3091 0.0907 0.0554 0.0640 0.0537 
         274  1 0.2049 0.0834 0.0680 0.2137 0.0346 0.1254 0.2700 
         275  1 0.1393 0.2160 0.2364 0.0782 0.0722 0.1276 0.1302 
         276  1 0.1870 0.1114 0.1262 0.1143 0.0705 0.1779 0.2128 
         277  1 0.2885 0.0501 0.0510 0.0678 0.0393 0.2921 0.2111 
         278  1 0.1075 0.2363 0.2402 0.0971 0.0908 0.1163 0.1118 
         279  1 0.2068 0.0374 0.0372 0.1703 0.1150 0.2212 0.2121 
         280  1 0.1758 0.1183 0.1410 0.0987 0.1144 0.1728 0.1791 
         281  1 0.0477 0.3938 0.3236 0.0999 0.0375 0.0469 0.0504 
         282  1 0.2945 0.0405 0.0404 0.0479 0.0642 0.3200 0.1926 
         283  1 0.0727 0.1123 0.0998 0.0915 0.4455 0.0842 0.0940 
         284  1 0.1041 0.2066 0.1821 0.1306 0.1462 0.1062 0.1242 
         285  1 0.1413 0.1617 0.1624 0.1514 0.0804 0.1696 0.1330 
         286  1 0.1713 0.0523 0.0505 0.3097 0.0606 0.2104 0.1452 
         287  1 0.1952 0.0877 0.0917 0.0387 0.1701 0.2682 0.1483 
         288  1 0.2214 0.1012 0.1019 0.0944 0.0905 0.2122 0.1784 
         289  1 0.1839 0.1599 0.1615 0.0580 0.1002 0.1237 0.2128 
         290  1 0.2111 0.0592 0.0618 0.0441 0.1944 0.2625 0.1669 
         291  1 0.2857 0.0401 0.0380 0.0445 0.0704 0.3259 0.1954 
         292  1 0.0493 0.1910 0.1784 0.0529 0.4250 0.0471 0.0562 
         293  1 0.0703 0.2952 0.3515 0.1078 0.0388 0.0631 0.0734 
         294  1 0.2762 0.0522 0.0495 0.0721 0.0477 0.2796 0.2227 
         295  1 0.0575 0.0541 0.0564 0.0649 0.6419 0.0632 0.0619 
         296  1 0.2394 0.0769 0.0773 0.0591 0.1422 0.2434 0.1618 
         297  1 0.0697 0.0543 0.0556 0.0612 0.6127 0.0724 0.0741 
         298  1 0.0777 0.1689 0.1957 0.3619 0.0228 0.0604 0.1126 
         299  1 0.2037 0.0559 0.0613 0.2014 0.0625 0.1957 0.2195 
         300  1 0.1065 0.0682 0.0721 0.5316 0.0275 0.0798 0.1144 
         301  1 0.1305 0.0803 0.0865 0.2277 0.1828 0.1482 0.1441 
         302  1 0.1656 0.0547 0.0515 0.3995 0.0298 0.1048 0.1942 
         303  1 0.2463 0.0513 0.0486 0.0467 0.0757 0.2922 0.2391 
         304  1 0.1051 0.1874 0.2306 0.2034 0.0443 0.0950 0.1342 
         305  1 0.1691 0.1214 0.1366 0.1598 0.0924 0.1364 0.1843 
         306  1 0.1492 0.2036 0.2498 0.0436 0.0475 0.1458 0.1605 
         307  1 0.2602 0.0867 0.0835 0.0589 0.0361 0.2668 0.2077 
         308  1 0.1634 0.1016 0.0995 0.2839 0.0604 0.1286 0.1627 
         309  1 0.1697 0.1362 0.1587 0.1111 0.0618 0.1554 0.2071 
         310  1 0.0631 0.2912 0.3485 0.1121 0.0577 0.0585 0.0689 
         311  1 0.0589 0.3116 0.3626 0.0845 0.0607 0.0582 0.0634 
         312  1 0.1373 0.0566 0.0475 0.4655 0.0230 0.0881 0.1819 
         313  1 0.0644 0.0531 0.0521 0.1327 0.5547 0.0774 0.0655 
         314  1 0.0718 0.0861 0.0901 0.4852 0.1149 0.0668 0.0851 
         315  1 0.1086 0.0795 0.0681 0.4822 0.0302 0.0844 0.1469 
         316  1 0.0528 0.2995 0.3474 0.0838 0.1110 0.0503 0.0552 
         317  1 0.0858 0.3119 0.3249 0.0762 0.0345 0.0814 0.0853 
         318  1 0.1721 0.0488 0.0480 0.3649 0.0736 0.1090 0.1836 
         319  1 0.0548 0.3726 0.3700 0.0557 0.0397 0.0497 0.0574 
         320  1 0.0916 0.0401 0.0396 0.6324 0.0349 0.0755 0.0859 
         321  1 0.0981 0.0956 0.0894 0.0936 0.3865 0.1196 0.1173 
         322  1 0.2528 0.1075 0.1265 0.0672 0.0551 0.1422 0.2487 
         323  1 0.2289 0.1020 0.1049 0.0885 0.0517 0.2320 0.1920 
         324  1 0.0629 0.0977 0.1000 0.5379 0.0538 0.0629 0.0848 
         325  1 0.0673 0.3546 0.3276 0.0784 0.0343 0.0676 0.0701 
         326  1 0.1989 0.1272 0.1266 0.0857 0.0687 0.2223 0.1707 
         327  1 0.0734 0.2474 0.2895 0.0453 0.1942 0.0825 0.0675 
         328  1 0.2646 0.0566 0.0571 0.1042 0.0282 0.2831 0.2063 
         329  1 0.2680 0.0540 0.0522 0.0860 0.0390 0.2547 0.2462 
         330  1 0.2422 0.0597 0.0633 0.1119 0.0785 0.2504 0.1941 
         331  1 0.1813 0.1302 0.1398 0.0698 0.1588 0.1185 0.2017 
         332  1 0.2543 0.0601 0.0585 0.0377 0.1015 0.2844 0.2034 
         333  1 0.0820 0.1029 0.0882 0.3525 0.1917 0.0769 0.1057 
         334  1 0.0412 0.3580 0.4216 0.0445 0.0490 0.0413 0.0444 
         335  1 0.0891 0.3185 0.2620 0.1097 0.0479 0.0782 0.0946 
         336  1 0.1631 0.1407 0.1733 0.0687 0.0933 0.1875 0.1734 
         337  1 0.0985 0.0606 0.0606 0.4636 0.0985 0.1188 0.0994 
         338  1 0.2637 0.0898 0.0872 0.0471 0.0329 0.2696 0.2097 
         339  1 0.0583 0.3908 0.3326 0.0595 0.0445 0.0602 0.0541 
         340  1 0.1826 0.1011 0.1001 0.0802 0.1673 0.1963 0.1724 
         341  1 0.2683 0.0510 0.0513 0.0932 0.0475 0.2878 0.2010 
         342  1 0.0648 0.0474 0.0457 0.0415 0.6703 0.0733 0.0570 
         343  1 0.0473 0.0894 0.0882 0.6213 0.0566 0.0475 0.0499 
         344  1 0.2364 0.1214 0.1085 0.0672 0.0346 0.1941 0.2379 
         345  1 0.0552 0.3943 0.3338 0.0579 0.0485 0.0555 0.0549 
         346  1 0.0560 0.0526 0.0494 0.6422 0.0897 0.0493 0.0610 
         347  1 0.1587 0.2525 0.2281 0.0451 0.0410 0.1207 0.1539 
         348  1 0.1025 0.2235 0.2285 0.0656 0.1688 0.0968 0.1144 
         349  1 0.0810 0.2806 0.2324 0.0953 0.1441 0.0743 0.0923 
         350  1 0.0930 0.2349 0.2842 0.1244 0.0712 0.0959 0.0964 
         351  1 0.2003 0.1313 0.1416 0.0922 0.0527 0.2144 0.1674 
         352  1 0.2172 0.0886 0.0970 0.0364 0.1368 0.2407 0.1834 
         353  1 0.0480 0.3293 0.3979 0.0474 0.0783 0.0473 0.0519 
         354  1 0.0983 0.1452 0.1439 0.0989 0.3141 0.0948 0.1048 
         355  1 0.1073 0.2681 0.3173 0.0308 0.0821 0.0983 0.0962 
         356  1 0.0591 0.0378 0.0381 0.6984 0.0566 0.0522 0.0578 
         357  1 0.0784 0.0547 0.0600 0.0502 0.6028 0.0842 0.0697 
         358  1 0.1950 0.1082 0.1128 0.1386 0.0803 0.1195 0.2458 
         359  1 0.1276 0.0597 0.0593 0.3605 0.1264 0.1371 0.1294 
         360  1 0.1136 0.1063 0.0956 0.0447 0.4021 0.1244 0.1134 
         361  1 0.2032 0.0635 0.0608 0.1856 0.0906 0.1381 0.2583 
         362  1 0.2070 0.0729 0.0728 0.0950 0.1085 0.2426 0.2012 
         363  1 0.2971 0.0620 0.0617 0.0339 0.0481 0.2744 0.2228 
         364  1 0.1403 0.0990 0.1270 0.0833 0.2303 0.1611 0.1590 
         365  1 0.1377 0.2565 0.2146 0.1113 0.0258 0.1229 0.1311 
         366  1 0.1415 0.0972 0.0994 0.2730 0.0719 0.1473 0.1697 
         367  1 0.1647 0.1731 0.2283 0.0485 0.0584 0.1385 0.1885 
         368  1 0.1854 0.1730 0.1598 0.0328 0.0472 0.2135 0.1883 
         369  1 0.1757 0.0509 0.0513 0.0643 0.3098 0.2115 0.1366 
         370  1 0.1317 0.2204 0.2456 0.0976 0.0615 0.1290 0.1141 
         371  1 0.1327 0.0866 0.0862 0.0589 0.3644 0.1542 0.1169 
         372  1 0.1087 0.0780 0.0803 0.0375 0.4566 0.1293 0.1097 
         373  1 0.1538 0.0752 0.0745 0.3219 0.0717 0.1744 0.1286 
         374  1 0.1720 0.1038 0.0957 0.2355 0.0663 0.1319 0.1947 
         375  1 0.0545 0.0386 0.0386 0.0390 0.7205 0.0579 0.0509 
         376  1 0.1011 0.3116 0.2687 0.0640 0.0492 0.1153 0.0901 
         377  1 0.0715 0.0459 0.0465 0.6264 0.0458 0.0805 0.0832 
         378  1 0.0654 0.0612 0.0570 0.5753 0.1100 0.0657 0.0654 
         379  1 0.0727 0.3024 0.3563 0.0372 0.0957 0.0663 0.0694 
         380  1 0.0955 0.1779 0.1775 0.0987 0.2211 0.1092 0.1200 
         381  1 0.2174 0.0674 0.0660 0.0976 0.1187 0.2056 0.2274 
         382  1 0.0523 0.0586 0.0597 0.0395 0.6848 0.0509 0.0542 
         383  1 0.2733 0.0834 0.0828 0.0404 0.0383 0.2944 0.1874 
         384  1 0.1509 0.0725 0.0687 0.3375 0.1060 0.1259 0.1385 
         385  1 0.0728 0.2784 0.2229 0.2277 0.0508 0.0677 0.0797 
         386  1 0.2412 0.1245 0.1159 0.0602 0.0493 0.2288 0.1801 
         387  1 0.2788 0.0597 0.0559 0.0423 0.0570 0.2790 0.2273 
         388  1 0.1051 0.0705 0.0670 0.0923 0.4104 0.1116 0.1431 
         389  1 0.0653 0.2443 0.2185 0.0600 0.2748 0.0686 0.0684 
         390  1 0.1167 0.0676 0.0685 0.0540 0.4212 0.1453 0.1268 
         391  1 0.1951 0.1285 0.1376 0.0662 0.1480 0.1494 0.1752 
         392  1 0.1922 0.0861 0.0894 0.1131 0.0923 0.2034 0.2235 
         393  1 0.1359 0.1438 0.1428 0.1473 0.1580 0.1349 0.1374 
         394  1 0.1174 0.3008 0.2734 0.0445 0.0426 0.0854 0.1359 
         395  1 0.2217 0.0550 0.0596 0.0510 0.1060 0.2822 0.2245 
         396  1 0.0545 0.0547 0.0544 0.2183 0.5139 0.0507 0.0535 
         397  1 0.2412 0.0485 0.0509 0.1114 0.0789 0.2942 0.1747 
         398  1 0.2118 0.0506 0.0481 0.2124 0.0749 0.1751 0.2272 
         399  1 0.1259 0.0637 0.0663 0.0455 0.4500 0.1254 0.1232 
         400  1 0.2059 0.0948 0.0941 0.0930 0.0846 0.2432 0.1843 
         401  1 0.2834 0.0486 0.0492 0.0644 0.0478 0.2812 0.2255 
         402  1 0.0815 0.3392 0.2793 0.0579 0.0669 0.0888 0.0864 
         403  1 0.1763 0.0953 0.0889 0.2268 0.0408 0.1681 0.2038 
         404  1 0.1972 0.1608 0.1564 0.0627 0.0579 0.1365 0.2284 
         405  1 0.0868 0.2495 0.2107 0.1209 0.1506 0.0821 0.0993 
         406  1 0.0647 0.0617 0.0580 0.0682 0.6049 0.0699 0.0726 
         407  1 0.1337 0.1174 0.1116 0.0444 0.3011 0.1685 0.1234 
         408  1 0.1276 0.1324 0.1578 0.3011 0.0403 0.1048 0.1360 
         409  1 0.1392 0.2058 0.2052 0.0552 0.1030 0.1414 0.1503 
         410  1 0.2420 0.0486 0.0489 0.0507 0.1165 0.2999 0.1935 
         411  1 0.2264 0.0666 0.0685 0.1942 0.0448 0.2368 0.1627 
         412  1 0.1543 0.1583 0.1825 0.0869 0.1117 0.1315 0.1749 
         413  1 0.0846 0.2761 0.2512 0.1055 0.0930 0.0902 0.0994 
         414  1 0.1326 0.1943 0.1822 0.1143 0.1043 0.1338 0.1385 
         415  1 0.0742 0.0569 0.0565 0.6323 0.0425 0.0703 0.0674 
         416  1 0.0471 0.4102 0.3521 0.0372 0.0567 0.0475 0.0492 
         417  1 0.2231 0.0821 0.0804 0.0871 0.1041 0.2490 0.1741 
         418  1 0.1496 0.1881 0.2053 0.0544 0.0752 0.1752 0.1521 
         419  1 0.0850 0.0964 0.0906 0.1171 0.4031 0.0987 0.1090 
         420  1 0.2294 0.0584 0.0596 0.0956 0.1315 0.2215 0.2039 
         421  1 0.1442 0.1827 0.1568 0.1188 0.1043 0.1457 0.1474 
         422  1 0.1549 0.1384 0.1425 0.2221 0.0463 0.1470 0.1488 
         423  1 0.2888 0.0401 0.0391 0.0270 0.0755 0.2843 0.2452 
         424  1 0.0871 0.0550 0.0518 0.5893 0.0478 0.0744 0.0946 
         425  1 0.1869 0.0626 0.0623 0.1473 0.1759 0.1956 0.1693 
         426  1 0.1329 0.2709 0.2289 0.0687 0.0628 0.1247 0.1111 
         427  1 0.1188 0.2218 0.2483 0.0425 0.1352 0.1180 0.1154 
         428  1 0.2268 0.0916 0.0914 0.0634 0.0901 0.2682 0.1685 
         429  1 0.2666 0.0643 0.0665 0.0487 0.0723 0.2662 0.2153 
         430  1 0.1581 0.0804 0.0686 0.3163 0.0456 0.1026 0.2283 
         431  1 0.2286 0.0699 0.0695 0.0743 0.0412 0.2750 0.2416 
         432  1 0.0755 0.3289 0.3557 0.0522 0.0445 0.0700 0.0732 
         433  1 0.0499 0.0701 0.0665 0.0789 0.6189 0.0571 0.0586 
         434  1 0.0799 0.2246 0.1888 0.2737 0.0796 0.0704 0.0830 
         435  1 0.1893 0.1046 0.1368 0.0425 0.2122 0.1067 0.2079 
         436  1 0.0768 0.1290 0.1234 0.0694 0.4426 0.0759 0.0830 
         437  1 0.1045 0.0607 0.0613 0.4899 0.0781 0.0998 0.1057 
         438  1 0.0822 0.2687 0.3202 0.0910 0.0425 0.0806 0.1148 
         439  1 0.2522 0.0571 0.0548 0.0548 0.1489 0.1967 0.2356 
         440  1 0.0825 0.0692 0.0674 0.5994 0.0346 0.0668 0.0800 
         441  1 0.0544 0.3552 0.2848 0.0585 0.1355 0.0574 0.0542 
         442  1 0.1102 0.0941 0.1004 0.0713 0.3907 0.0856 0.1476 
         443  1 0.0667 0.0469 0.0452 0.0415 0.6725 0.0639 0.0633 
         444  1 0.2716 0.0583 0.0574 0.0494 0.0698 0.2702 0.2233 
         445  1 0.2077 0.0663 0.0714 0.0376 0.1756 0.2169 0.2244 
         446  1 0.0666 0.3880 0.3337 0.0350 0.0466 0.0611 0.0689 
         447  1 0.2185 0.0641 0.0663 0.0613 0.1962 0.2044 0.1891 
         448  1 0.1984 0.1194 0.1177 0.1294 0.0415 0.1332 0.2603 
         449  1 0.0603 0.0591 0.0597 0.6417 0.0698 0.0498 0.0596 
         450  1 0.0492 0.3761 0.3238 0.0595 0.0902 0.0513 0.0498 
         451  1 0.0554 0.3831 0.3227 0.0726 0.0569 0.0549 0.0544 
         452  1 0.0549 0.0474 0.0483 0.0343 0.6887 0.0628 0.0637 
         453  1 0.0484 0.3338 0.3925 0.0618 0.0635 0.0497 0.0503 
         454  1 0.1438 0.2016 0.2400 0.0619 0.0875 0.1009 0.1643 
         455  1 0.2078 0.1459 0.1464 0.0427 0.0652 0.2250 0.1670 
         456  1 0.0631 0.3741 0.3173 0.0617 0.0594 0.0625 0.0618 
         457  1 0.0641 0.0627 0.0689 0.6019 0.0477 0.0765 0.0782 
         458  1 0.2839 0.0389 0.0398 0.0890 0.0415 0.3131 0.1938 
         459  1 0.0518 0.3387 0.3067 0.0667 0.1288 0.0520 0.0553 
         460  1 0.2525 0.0499 0.0468 0.0410 0.1052 0.3167 0.1880 
         461  1 0.0562 0.0689 0.0724 0.6030 0.0758 0.0573 0.0663 
         462  1 0.0533 0.3146 0.3773 0.0650 0.0809 0.0579 0.0510 
         463  1 0.1045 0.2567 0.2269 0.1299 0.0506 0.1045 0.1269 
         464  1 0.2195 0.0741 0.0663 0.0682 0.1322 0.2514 0.1883 
         465  1 0.0741 0.3095 0.2621 0.1716 0.0367 0.0689 0.0771 
         466  1 0.2098 0.1017 0.1006 0.0413 0.1314 0.2512 0.1640 
         467  1 0.0587 0.0603 0.0604 0.0386 0.6655 0.0616 0.0548 
         468  1 0.2263 0.1163 0.0974 0.0450 0.0555 0.2396 0.2199 
         469  1 0.0920 0.0363 0.0354 0.0279 0.6186 0.1128 0.0770 
         470  1 0.2036 0.1500 0.1475 0.0688 0.0560 0.1448 0.2293 
         471  1 0.2230 0.0674 0.0667 0.0649 0.1422 0.1850 0.2509 
         472  1 0.2229 0.1061 0.1022 0.0933 0.0513 0.2307 0.1934 
         473  1 0.2464 0.0887 0.0882 0.0824 0.0365 0.2516 0.2063 
         474  1 0.2299 0.0675 0.0601 0.0446 0.1151 0.2695 0.2133 
         475  1 0.2385 0.0370 0.0358 0.0828 0.0665 0.2279 0.3115 
         476  1 0.1164 0.3052 0.2634 0.0674 0.0303 0.1113 0.1058 
         477  1 0.2893 0.0529 0.0505 0.0649 0.0367 0.2256 0.2800 
         478  1 0.0568 0.0487 0.0510 0.6699 0.0488 0.0565 0.0684 
         479  1 0.2343 0.0714 0.0732 0.0598 0.1398 0.2500 0.1715 
         480  1 0.0582 0.0477 0.0454 0.0505 0.6777 0.0598 0.0608 
         481  1 0.1530 0.1125 0.1074 0.1681 0.1138 0.1323 0.2128 
         482  1 0.0656 0.0703 0.0701 0.5783 0.0799 0.0599 0.0758 
         483  1 0.1802 0.1365 0.1439 0.0901 0.1126 0.1793 0.1574 
         484  1 0.2173 0.0404 0.0413 0.0886 0.1748 0.2813 0.1563 
         485  1 0.0825 0.0407 0.0385 0.0410 0.6015 0.0990 0.0967 
         486  1 0.0392 0.4035 0.3441 0.0428 0.0922 0.0374 0.0408 
         487  1 0.1212 0.0828 0.0801 0.0640 0.4101 0.1386 0.1033 
         488  1 0.2783 0.0489 0.0433 0.0324 0.0446 0.3441 0.2085 
         489  1 0.2096 0.1021 0.1353 0.1234 0.0678 0.1331 0.2288 
         490  1 0.2234 0.1044 0.1128 0.0546 0.1146 0.1497 0.2405 
         491  1 0.0653 0.0626 0.0618 0.0438 0.6326 0.0668 0.0672 
         492  1 0.0776 0.0360 0.0356 0.0541 0.6351 0.0914 0.0704 
