           1  1 0.0677 0.0900 0.0498 0.0870 0.0901 0.4511 0.0993 0.0649 
           2  1 0.0488 0.0732 0.0681 0.1825 0.1147 0.1074 0.3052 0.1002 
           3  1 0.0474 0.0750 0.2898 0.1627 0.0657 0.0565 0.1227 0.1801 
           4  1 0.0832 0.2358 0.0594 0.0599 0.0703 0.3099 0.0458 0.1358 
           5  1 0.0376 0.3816 0.0626 0.0643 0.0488 0.1404 0.0538 0.2109 
           6  1 0.0931 0.0803 0.2325 0.1475 0.0620 0.0896 0.1285 0.1664 
           7  1 0.1956 0.0845 0.1643 0.1647 0.0272 0.0778 0.1718 0.1140 
           8  1 0.0627 0.0844 0.0558 0.0560 0.0954 0.5306 0.0470 0.0682 
           9  1 0.0464 0.0932 0.3052 0.1815 0.0533 0.0503 0.1106 0.1596 
          10  1 0.0486 0.4176 0.0604 0.0700 0.0524 0.0807 0.0496 0.2207 
          11  1 0.5507 0.0626 0.0647 0.0731 0.0737 0.0441 0.0659 0.0650 
          12  1 0.0365 0.0599 0.0720 0.1429 0.1077 0.2893 0.2159 0.0759 
          13  1 0.2447 0.0813 0.0654 0.0935 0.0966 0.2557 0.0881 0.0746 
          14  1 0.0397 0.2375 0.1529 0.0992 0.1415 0.0710 0.0692 0.1889 
          15  1 0.0492 0.1228 0.1664 0.1531 0.2092 0.0424 0.1308 0.1261 
          16  1 0.2763 0.0786 0.0667 0.0720 0.0659 0.3065 0.0656 0.0684 
          17  1 0.3904 0.0809 0.0605 0.1061 0.0862 0.0547 0.1389 0.0825 
          18  1 0.0456 0.0509 0.0562 0.0627 0.0676 0.5930 0.0718 0.0523 
          19  1 0.0991 0.1501 0.1662 0.1629 0.0662 0.0683 0.1416 0.1457 
          20  1 0.0888 0.1736 0.1784 0.1172 0.0461 0.1662 0.0828 0.1469 
          21  1 0.0924 0.3197 0.0730 0.0773 0.1249 0.0610 0.0632 0.1886 
          22  1 0.0548 0.1805 0.1211 0.1456 0.1841 0.1000 0.0978 0.1162 
          23  1 0.1041 0.0539 0.0807 0.2010 0.0477 0.0408 0.3642 0.1076 
          24  1 0.0779 0.1430 0.2315 0.1543 0.0473 0.0313 0.1412 0.1735 
          25  1 0.4953 0.0733 0.0574 0.0666 0.0732 0.1232 0.0530 0.0581 
          26  1 0.0506 0.0932 0.1283 0.1884 0.0426 0.0472 0.3145 0.1352 
          27  1 0.0653 0.1472 0.0792 0.1029 0.2242 0.2053 0.0790 0.0969 
          28  1 0.2854 0.1384 0.0978 0.1494 0.0853 0.0346 0.1095 0.0997 
          29  1 0.0395 0.1333 0.2716 0.1529 0.0537 0.0480 0.1171 0.1839 
          30  1 0.0519 0.1610 0.1317 0.1660 0.1763 0.0684 0.1238 0.1209 
          31  1 0.2569 0.0958 0.0938 0.1408 0.0749 0.0609 0.1632 0.1137 
          32  1 0.0664 0.1741 0.1552 0.1747 0.1280 0.0437 0.1258 0.1322 
          33  1 0.0924 0.0828 0.1201 0.1393 0.2758 0.0506 0.1326 0.1063 
          34  1 0.1517 0.1298 0.1041 0.1531 0.1012 0.0697 0.1831 0.1073 
          35  1 0.0353 0.3630 0.0753 0.0912 0.0603 0.0661 0.0982 0.2105 
          36  1 0.0540 0.1145 0.2134 0.1577 0.0812 0.0425 0.1520 0.1846 
          37  1 0.4655 0.0707 0.0767 0.0938 0.0431 0.0638 0.1032 0.0832 
          38  1 0.0615 0.1832 0.1584 0.1869 0.0461 0.0363 0.1816 0.1460 
          39  1 0.0925 0.1270 0.1516 0.1141 0.0750 0.2529 0.0683 0.1186 
          40  1 0.0654 0.0605 0.0575 0.0588 0.5900 0.0448 0.0620 0.0610 
          41  1 0.0435 0.1541 0.1680 0.1672 0.0831 0.0862 0.1392 0.1586 
          42  1 0.3247 0.0655 0.1758 0.0955 0.0644 0.0384 0.1080 0.1278 
          43  1 0.0332 0.0397 0.0871 0.2310 0.0337 0.0270 0.4227 0.1257 
          44  1 0.0977 0.0621 0.1550 0.1800 0.0544 0.0382 0.2691 0.1435 
          45  1 0.0563 0.0536 0.0602 0.0520 0.0526 0.6224 0.0462 0.0567 
          46  1 0.0565 0.0543 0.0774 0.2074 0.0875 0.0370 0.3672 0.1126 
          47  1 0.0603 0.0745 0.1013 0.0747 0.0469 0.4917 0.0674 0.0832 
          48  1 0.0743 0.1177 0.2595 0.1661 0.0576 0.0280 0.1327 0.1640 
          49  1 0.0458 0.1250 0.0904 0.1740 0.1850 0.0985 0.1744 0.1070 
          50  1 0.0691 0.3593 0.0600 0.0846 0.1111 0.0591 0.0550 0.2018 
          51  1 0.0522 0.1621 0.0913 0.0967 0.3634 0.0445 0.0642 0.1256 
          52  1 0.0644 0.0831 0.0856 0.0819 0.4708 0.0526 0.0838 0.0777 
          53  1 0.0605 0.2255 0.1202 0.1732 0.1210 0.0487 0.0880 0.1629 
          54  1 0.0411 0.0678 0.0746 0.0652 0.2198 0.3755 0.0742 0.0816 
          55  1 0.4070 0.1206 0.0689 0.0853 0.0718 0.0516 0.1005 0.0943 
          56  1 0.1524 0.1152 0.1741 0.1501 0.0591 0.0660 0.1493 0.1338 
          57  1 0.0468 0.1072 0.1507 0.1857 0.0594 0.0530 0.2629 0.1342 
          58  1 0.0376 0.0921 0.2988 0.1751 0.0691 0.0426 0.1266 0.1580 
          59  1 0.0534 0.1385 0.2486 0.1596 0.0868 0.0529 0.0917 0.1685 
          60  1 0.0706 0.1229 0.1759 0.1709 0.0736 0.0777 0.1546 0.1540 
          61  1 0.6382 0.0561 0.0441 0.0441 0.0626 0.0668 0.0392 0.0489 
          62  1 0.0679 0.0668 0.3275 0.1740 0.0474 0.0443 0.1112 0.1608 
          63  1 0.1000 0.2600 0.0985 0.0856 0.0931 0.1378 0.0590 0.1659 
          64  1 0.0402 0.1832 0.0940 0.1255 0.2842 0.0551 0.0712 0.1466 
          65  1 0.0965 0.1246 0.1123 0.1355 0.2900 0.0338 0.0888 0.1185 
          66  1 0.0539 0.3350 0.0823 0.1006 0.0928 0.0692 0.0744 0.1918 
          67  1 0.1214 0.0802 0.1076 0.1844 0.0540 0.0415 0.2879 0.1230 
          68  1 0.0648 0.0883 0.2470 0.1720 0.0676 0.0531 0.1448 0.1623 
          69  1 0.0554 0.1133 0.0416 0.0465 0.0748 0.5591 0.0327 0.0766 
          70  1 0.0305 0.0521 0.3126 0.1486 0.0298 0.0297 0.2037 0.1930 
          71  1 0.0533 0.1727 0.2275 0.1353 0.0614 0.0601 0.0901 0.1997 
          72  1 0.0464 0.1400 0.2172 0.1608 0.0746 0.0630 0.1242 0.1739 
          73  1 0.0884 0.0614 0.0418 0.0578 0.0643 0.5632 0.0705 0.0526 
          74  1 0.1075 0.2182 0.1373 0.1527 0.0488 0.0602 0.1143 0.1611 
          75  1 0.5464 0.0741 0.0591 0.0589 0.0833 0.0675 0.0480 0.0627 
          76  1 0.0956 0.1180 0.1610 0.1401 0.0655 0.0734 0.1954 0.1510 
          77  1 0.0562 0.1103 0.2697 0.1463 0.0953 0.0626 0.0846 0.1751 
          78  1 0.5192 0.0677 0.0645 0.0846 0.0560 0.0481 0.0948 0.0651 
          79  1 0.2870 0.0657 0.0790 0.0709 0.2210 0.1479 0.0625 0.0660 
          80  1 0.0554 0.0782 0.2825 0.1719 0.0616 0.0426 0.1375 0.1703 
          81  1 0.0781 0.2458 0.0986 0.1433 0.1109 0.0833 0.0672 0.1729 
          82  1 0.1442 0.2023 0.0629 0.1113 0.1130 0.1246 0.1113 0.1304 
          83  1 0.0688 0.1349 0.2271 0.1507 0.0493 0.0697 0.1334 0.1662 
          84  1 0.0725 0.1582 0.1833 0.1261 0.1099 0.0821 0.1046 0.1632 
          85  1 0.0403 0.0647 0.0861 0.0736 0.0574 0.5373 0.0610 0.0796 
          86  1 0.0632 0.0977 0.1671 0.1383 0.1474 0.0827 0.1628 0.1408 
          87  1 0.0428 0.1322 0.1349 0.1407 0.1894 0.0826 0.1183 0.1591 
          88  1 0.1305 0.1345 0.1442 0.1556 0.1158 0.0487 0.1291 0.1417 
          89  1 0.5826 0.0589 0.0575 0.0567 0.0858 0.0452 0.0559 0.0573 
          90  1 0.0553 0.0619 0.0971 0.1975 0.0776 0.0664 0.3112 0.1329 
          91  1 0.0647 0.1148 0.0929 0.1051 0.3636 0.1023 0.0678 0.0889 
          92  1 0.0506 0.0569 0.0843 0.1874 0.0434 0.1125 0.3515 0.1133 
          93  1 0.0743 0.1684 0.1204 0.1790 0.1233 0.0671 0.1396 0.1280 
          94  1 0.0585 0.3954 0.0763 0.0900 0.0428 0.0580 0.0635 0.2154 
          95  1 0.0496 0.1067 0.2192 0.1416 0.0581 0.0452 0.1680 0.2116 
          96  1 0.3674 0.1043 0.1032 0.0974 0.1407 0.0333 0.0587 0.0949 
          97  1 0.0570 0.0508 0.1006 0.2163 0.0392 0.0458 0.3808 0.1095 
          98  1 0.0937 0.0728 0.0909 0.0853 0.4215 0.0824 0.0736 0.0799 
          99  1 0.2585 0.1136 0.1489 0.1449 0.0615 0.0417 0.1102 0.1206 
         100  1 0.1957 0.0643 0.0520 0.0437 0.4989 0.0526 0.0357 0.0571 
         101  1 0.0631 0.0910 0.3135 0.1639 0.0491 0.0765 0.0956 0.1473 
         102  1 0.1085 0.1996 0.1185 0.1830 0.1062 0.0632 0.0942 0.1269 
         103  1 0.1009 0.1388 0.1589 0.1721 0.0480 0.0491 0.1840 0.1482 
         104  1 0.6156 0.0490 0.0368 0.0552 0.0701 0.0695 0.0611 0.0427 
         105  1 0.0975 0.0379 0.0332 0.0428 0.6626 0.0404 0.0503 0.0353 
         106  1 0.0410 0.3011 0.1080 0.1802 0.0473 0.0312 0.1341 0.1571 
         107  1 0.0472 0.2978 0.0581 0.1001 0.0495 0.1738 0.1024 0.1711 
         108  1 0.1125 0.0510 0.0341 0.0379 0.5945 0.0913 0.0345 0.0441 
         109  1 0.5818 0.0639 0.0620 0.0645 0.0487 0.0501 0.0710 0.0580 
         110  1 0.1421 0.1370 0.0809 0.1378 0.0901 0.0802 0.2009 0.1310 
         111  1 0.2779 0.1293 0.0655 0.0936 0.2282 0.0405 0.0753 0.0896 
         112  1 0.0902 0.2057 0.0944 0.0895 0.0678 0.2361 0.0740 0.1423 
         113  1 0.1440 0.0730 0.0931 0.1714 0.1017 0.0440 0.2616 0.1112 
         114  1 0.3292 0.0594 0.0548 0.1211 0.0966 0.0906 0.1772 0.0711 
         115  1 0.0576 0.3355 0.0823 0.1074 0.0475 0.1152 0.0742 0.1804 
         116  1 0.0461 0.1365 0.0969 0.1060 0.0575 0.3979 0.0686 0.0904 
         117  1 0.1523 0.1019 0.2153 0.1475 0.0412 0.0408 0.1515 0.1494 
         118  1 0.0696 0.0771 0.0744 0.0755 0.0637 0.4988 0.0644 0.0765 
         119  1 0.4013 0.1184 0.1018 0.1015 0.0578 0.0450 0.0660 0.1082 
         120  1 0.0453 0.1490 0.1056 0.1624 0.2273 0.0554 0.1242 0.1308 
         121  1 0.0668 0.1143 0.2388 0.1633 0.0912 0.0507 0.1043 0.1707 
         122  1 0.0694 0.1249 0.1248 0.1831 0.1199 0.0533 0.1871 0.1375 
         123  1 0.0433 0.0660 0.0878 0.2228 0.0416 0.0422 0.3850 0.1113 
         124  1 0.0730 0.0893 0.1896 0.1844 0.0624 0.0551 0.1992 0.1470 
         125  1 0.0583 0.0633 0.0575 0.1601 0.0458 0.2505 0.2758 0.0887 
         126  1 0.0649 0.1016 0.2613 0.1442 0.0683 0.1148 0.0863 0.1587 
         127  1 0.1471 0.1344 0.1331 0.1465 0.1269 0.0794 0.0988 0.1340 
         128  1 0.0519 0.1233 0.0635 0.0707 0.4809 0.0503 0.0686 0.0908 
         129  1 0.0552 0.0919 0.0992 0.1837 0.1483 0.0694 0.2263 0.1260 
         130  1 0.0739 0.2372 0.1675 0.1458 0.0459 0.0579 0.0910 0.1809 
         131  1 0.0737 0.0677 0.0866 0.2033 0.0837 0.0347 0.3324 0.1178 
         132  1 0.1241 0.1597 0.1283 0.1429 0.1296 0.1023 0.0793 0.1337 
         133  1 0.5650 0.0501 0.0495 0.0468 0.1346 0.0596 0.0436 0.0507 
         134  1 0.0536 0.1993 0.1514 0.2035 0.0688 0.0369 0.1367 0.1498 
         135  1 0.0498 0.1357 0.2946 0.1861 0.0470 0.0533 0.0844 0.1491 
         136  1 0.0609 0.1336 0.0733 0.0914 0.0729 0.3830 0.0828 0.1020 
         137  1 0.0895 0.1926 0.1044 0.1708 0.1198 0.0799 0.1061 0.1369 
         138  1 0.0821 0.0753 0.0736 0.0968 0.4334 0.0529 0.1089 0.0770 
         139  1 0.0457 0.0701 0.0588 0.0712 0.0782 0.5299 0.0822 0.0640 
         140  1 0.0677 0.1194 0.2587 0.1938 0.0441 0.0415 0.1253 0.1497 
         141  1 0.1074 0.1483 0.1440 0.1626 0.1019 0.0912 0.1066 0.1380 
         142  1 0.3751 0.1126 0.0960 0.1107 0.0524 0.0627 0.0844 0.1061 
         143  1 0.0576 0.1190 0.1517 0.1164 0.1934 0.1416 0.0717 0.1487 
         144  1 0.0749 0.1611 0.1877 0.1428 0.1349 0.0441 0.0713 0.1832 
         145  1 0.0654 0.1012 0.1051 0.1982 0.0591 0.0777 0.2589 0.1343 
         146  1 0.1010 0.1457 0.2174 0.1567 0.0464 0.0604 0.1042 0.1682 
         147  1 0.0749 0.1161 0.0916 0.1686 0.1052 0.0721 0.2288 0.1426 
         148  1 0.0505 0.0782 0.2632 0.1539 0.1269 0.0418 0.0993 0.1860 
         149  1 0.3670 0.0738 0.0816 0.1078 0.1037 0.0631 0.1221 0.0809 
         150  1 0.3764 0.1198 0.1196 0.1064 0.0521 0.0401 0.0718 0.1138 
         151  1 0.5946 0.0535 0.0493 0.0444 0.0738 0.0870 0.0462 0.0511 
         152  1 0.0429 0.1166 0.2413 0.1490 0.0573 0.0540 0.1383 0.2004 
         153  1 0.0528 0.0752 0.0434 0.0438 0.5404 0.1489 0.0355 0.0601 
         154  1 0.1012 0.1718 0.1630 0.1698 0.0985 0.0394 0.1075 0.1489 
         155  1 0.0658 0.1706 0.1792 0.1729 0.0850 0.0461 0.0965 0.1838 
         156  1 0.1594 0.1411 0.1559 0.1314 0.0884 0.1173 0.0643 0.1423 
         157  1 0.1172 0.0667 0.0783 0.1613 0.0712 0.1124 0.2773 0.1156 
         158  1 0.1599 0.1333 0.1094 0.1305 0.1353 0.0852 0.1130 0.1334 
         159  1 0.0636 0.3350 0.0785 0.0976 0.0573 0.0585 0.1085 0.2010 
         160  1 0.0607 0.0671 0.0603 0.0612 0.0423 0.5923 0.0550 0.0610 
         161  1 0.0800 0.0649 0.0690 0.0687 0.0619 0.5141 0.0755 0.0659 
         162  1 0.0470 0.1425 0.2608 0.1614 0.1018 0.0470 0.1036 0.1359 
         163  1 0.1553 0.0932 0.0832 0.1883 0.0485 0.0467 0.2845 0.1004 
         164  1 0.0612 0.0683 0.0528 0.0522 0.0527 0.6021 0.0521 0.0586 
         165  1 0.2137 0.0978 0.1781 0.1342 0.0525 0.0726 0.1161 0.1351 
         166  1 0.0536 0.0908 0.0695 0.0845 0.4884 0.0636 0.0712 0.0784 
         167  1 0.0840 0.1112 0.1582 0.1295 0.2506 0.0475 0.0961 0.1229 
         168  1 0.0803 0.1182 0.1794 0.1359 0.0932 0.1724 0.0913 0.1293 
         169  1 0.0427 0.0924 0.0772 0.0620 0.0497 0.5581 0.0444 0.0735 
         170  1 0.0562 0.3527 0.0907 0.0824 0.0768 0.0623 0.0687 0.2101 
         171  1 0.0781 0.0800 0.1530 0.1503 0.1127 0.0451 0.2144 0.1664 
         172  1 0.0737 0.0521 0.0484 0.0485 0.6082 0.0757 0.0430 0.0504 
         173  1 0.0624 0.0650 0.0485 0.0597 0.6288 0.0351 0.0416 0.0589 
         174  1 0.1449 0.1171 0.1221 0.1214 0.1208 0.1264 0.1252 0.1221 
         175  1 0.0706 0.0990 0.0804 0.1692 0.1414 0.0685 0.2580 0.1131 
         176  1 0.0494 0.3703 0.0776 0.0982 0.0466 0.0797 0.0753 0.2029 
         177  1 0.0739 0.1368 0.1260 0.1415 0.1272 0.0929 0.1621 0.1396 
         178  1 0.0723 0.0624 0.0865 0.0815 0.4820 0.0663 0.0827 0.0662 
         179  1 0.2844 0.0967 0.0764 0.1107 0.1386 0.0657 0.1392 0.0882 
         180  1 0.0747 0.3690 0.0712 0.1109 0.0567 0.0566 0.0699 0.1910 
         181  1 0.0763 0.2079 0.1121 0.1807 0.0773 0.0489 0.1513 0.1455 
         182  1 0.5142 0.0360 0.0493 0.0539 0.0405 0.1996 0.0631 0.0434 
         183  1 0.0645 0.0417 0.0428 0.0438 0.0832 0.6389 0.0408 0.0442 
         184  1 0.1577 0.1313 0.1156 0.1410 0.1011 0.0912 0.1433 0.1186 
         185  1 0.0715 0.1089 0.0812 0.1364 0.0714 0.2886 0.1489 0.0932 
         186  1 0.0627 0.3143 0.0803 0.1006 0.1365 0.0470 0.0723 0.1863 
         187  1 0.0495 0.0966 0.1729 0.1875 0.0505 0.0402 0.2539 0.1489 
         188  1 0.0592 0.0652 0.0406 0.0408 0.0768 0.6273 0.0377 0.0525 
         189  1 0.0961 0.1527 0.1626 0.1245 0.0613 0.1291 0.1188 0.1548 
         190  1 0.0934 0.1538 0.1460 0.1348 0.1662 0.0858 0.0688 0.1513 
         191  1 0.0639 0.0601 0.0579 0.0643 0.5903 0.0378 0.0588 0.0668 
         192  1 0.0502 0.0632 0.0663 0.1365 0.0810 0.2861 0.2364 0.0802 
         193  1 0.1353 0.1405 0.1202 0.1038 0.1040 0.1759 0.0890 0.1314 
         194  1 0.0615 0.1483 0.2161 0.1722 0.0497 0.0592 0.1283 0.1648 
         195  1 0.4485 0.0674 0.0625 0.0972 0.0999 0.0483 0.1046 0.0716 
         196  1 0.0455 0.3014 0.0921 0.1583 0.0491 0.0584 0.1195 0.1758 
         197  1 0.1112 0.1028 0.2057 0.1531 0.1178 0.0544 0.1137 0.1413 
         198  1 0.1280 0.0640 0.0937 0.0734 0.4533 0.0492 0.0649 0.0735 
         199  1 0.0600 0.0548 0.0618 0.2117 0.0542 0.0453 0.4111 0.1011 
         200  1 0.5772 0.0485 0.0614 0.0598 0.1105 0.0291 0.0579 0.0557 
         201  1 0.0336 0.4104 0.0496 0.0782 0.0914 0.0725 0.0430 0.2214 
         202  1 0.0796 0.0678 0.2316 0.1560 0.0510 0.0851 0.1698 0.1590 
         203  1 0.0584 0.1294 0.2128 0.1791 0.0685 0.0586 0.1338 0.1595 
         204  1 0.1402 0.0926 0.1324 0.1366 0.1648 0.0507 0.1428 0.1399 
         205  1 0.0381 0.0483 0.0990 0.2156 0.0400 0.0460 0.4038 0.1091 
         206  1 0.0596 0.0966 0.2610 0.1659 0.0622 0.0514 0.1251 0.1783 
         207  1 0.2832 0.1326 0.0931 0.1540 0.0650 0.0344 0.1343 0.1034 
         208  1 0.5594 0.0566 0.0563 0.0627 0.0977 0.0395 0.0705 0.0572 
         209  1 0.0654 0.0704 0.1410 0.0716 0.3799 0.1240 0.0586 0.0891 
         210  1 0.0461 0.0782 0.2728 0.1109 0.0805 0.0925 0.1283 0.1907 
         211  1 0.0516 0.0498 0.0756 0.0601 0.5924 0.0584 0.0492 0.0630 
         212  1 0.0851 0.0452 0.0471 0.0505 0.6191 0.0556 0.0526 0.0449 
         213  1 0.0839 0.1149 0.1970 0.1316 0.0433 0.1897 0.0780 0.1617 
         214  1 0.0460 0.1509 0.2419 0.1897 0.0437 0.0469 0.1238 0.1571 
         215  1 0.5088 0.0930 0.0724 0.0864 0.0518 0.0393 0.0605 0.0877 
         216  1 0.4616 0.1031 0.0846 0.0808 0.0773 0.0461 0.0651 0.0813 
         217  1 0.0429 0.1304 0.1381 0.1713 0.0697 0.0505 0.2510 0.1460 
         218  1 0.1138 0.0893 0.0756 0.1887 0.0386 0.0452 0.3278 0.1210 
         219  1 0.0458 0.0913 0.0503 0.0676 0.5928 0.0416 0.0516 0.0590 
         220  1 0.0730 0.0886 0.0878 0.1473 0.2617 0.0797 0.1570 0.1050 
         221  1 0.0483 0.1526 0.2154 0.1890 0.0587 0.0502 0.1125 0.1733 
         222  1 0.0528 0.1584 0.0967 0.1772 0.1621 0.0968 0.1465 0.1095 
         223  1 0.0569 0.1039 0.2693 0.1562 0.0877 0.0613 0.0805 0.1843 
         224  1 0.1013 0.1078 0.1452 0.1301 0.1960 0.0987 0.1029 0.1180 
         225  1 0.0485 0.3933 0.0705 0.0677 0.0843 0.0664 0.0501 0.2193 
         226  1 0.1282 0.1263 0.1053 0.1197 0.1829 0.1254 0.1036 0.1086 
         227  1 0.0332 0.0456 0.0934 0.2235 0.0349 0.0269 0.4207 0.1218 
         228  1 0.1474 0.0947 0.1143 0.1783 0.0640 0.0438 0.2358 0.1217 
         229  1 0.1175 0.0709 0.1001 0.0907 0.0728 0.3720 0.0852 0.0909 
         230  1 0.2353 0.1092 0.0945 0.1437 0.0767 0.0417 0.1765 0.1224 
         231  1 0.6182 0.0576 0.0480 0.0490 0.0989 0.0411 0.0390 0.0482 
         232  1 0.3051 0.0620 0.0492 0.1260 0.0828 0.0587 0.2317 0.0844 
         233  1 0.0638 0.0906 0.0680 0.0772 0.5230 0.0402 0.0682 0.0691 
         234  1 0.4341 0.0685 0.0872 0.0787 0.1003 0.0933 0.0676 0.0702 
         235  1 0.0620 0.3498 0.1012 0.1246 0.0340 0.0477 0.0747 0.2060 
         236  1 0.0517 0.1379 0.2248 0.1683 0.1114 0.0578 0.1173 0.1307 
         237  1 0.3395 0.0765 0.0825 0.1107 0.0711 0.1050 0.1275 0.0872 
         238  1 0.0448 0.1687 0.2109 0.1818 0.0647 0.0581 0.1270 0.1441 
         239  1 0.0537 0.0445 0.0541 0.1055 0.0424 0.4590 0.1799 0.0609 
         240  1 0.0625 0.1475 0.1699 0.1582 0.0386 0.1071 0.1544 0.1620 
         241  1 0.0757 0.2272 0.1132 0.1439 0.1181 0.0495 0.1003 0.1721 
         242  1 0.0566 0.0627 0.0843 0.0682 0.1212 0.4692 0.0667 0.0710 
         243  1 0.3263 0.0899 0.1635 0.1052 0.0596 0.0458 0.0916 0.1181 
         244  1 0.0580 0.1017 0.1388 0.2127 0.0382 0.0312 0.2995 0.1199 
         245  1 0.3315 0.0762 0.0662 0.0715 0.0999 0.2465 0.0546 0.0536 
         246  1 0.2567 0.0738 0.0689 0.1371 0.0954 0.0639 0.2166 0.0876 
         247  1 0.0673 0.1088 0.1052 0.0917 0.0517 0.3940 0.0768 0.1044 
         248  1 0.0644 0.3255 0.0820 0.1068 0.0864 0.0691 0.0839 0.1819 
         249  1 0.5858 0.0545 0.0784 0.0711 0.0436 0.0451 0.0611 0.0605 
         250  1 0.0605 0.1969 0.0974 0.1194 0.2445 0.0660 0.0671 0.1482 
         251  1 0.5210 0.0395 0.0373 0.0440 0.0986 0.1668 0.0535 0.0394 
         252  1 0.0866 0.1054 0.2017 0.1629 0.0555 0.1286 0.1096 0.1496 
         253  1 0.0332 0.0802 0.1551 0.2032 0.0444 0.0413 0.2962 0.1464 
         254  1 0.0377 0.1478 0.1207 0.1529 0.1545 0.1416 0.1113 0.1336 
         255  1 0.2472 0.0875 0.0768 0.1482 0.0856 0.0438 0.2076 0.1033 
         256  1 0.0476 0.0986 0.3170 0.1756 0.0646 0.0333 0.0872 0.1760 
         257  1 0.0635 0.0741 0.0681 0.0805 0.2938 0.2867 0.0655 0.0677 
         258  1 0.0554 0.1335 0.0728 0.0803 0.0430 0.4684 0.0660 0.0806 
         259  1 0.0586 0.0897 0.0458 0.0617 0.0578 0.5744 0.0528 0.0591 
         260  1 0.0463 0.2420 0.1436 0.1263 0.1268 0.0336 0.0918 0.1896 
         261  1 0.0399 0.1202 0.0898 0.1673 0.1256 0.0376 0.2822 0.1375 
         262  1 0.0494 0.0859 0.1968 0.1601 0.0573 0.0771 0.2066 0.1667 
         263  1 0.0645 0.1602 0.1783 0.1570 0.1130 0.0697 0.0975 0.1598 
         264  1 0.0523 0.0561 0.1615 0.1990 0.0314 0.0371 0.3091 0.1534 
         265  1 0.0886 0.1902 0.0711 0.1269 0.0655 0.1457 0.1705 0.1414 
         266  1 0.1189 0.2639 0.1046 0.1264 0.0615 0.0627 0.0795 0.1825 
         267  1 0.0711 0.0592 0.0687 0.0636 0.5603 0.0606 0.0529 0.0636 
         268  1 0.4938 0.0702 0.0888 0.0776 0.0664 0.0637 0.0619 0.0776 
         269  1 0.1084 0.2567 0.0864 0.0906 0.1437 0.0853 0.0761 0.1528 
         270  1 0.0631 0.3855 0.0763 0.0935 0.0529 0.0706 0.0508 0.2073 
         271  1 0.1180 0.0786 0.2097 0.1606 0.0475 0.0303 0.1845 0.1709 
         272  1 0.0755 0.0991 0.1940 0.1665 0.0567 0.0576 0.2028 0.1477 
         273  1 0.5590 0.0525 0.0583 0.0607 0.0598 0.0995 0.0558 0.0545 
         274  1 0.0566 0.4219 0.0617 0.0591 0.0525 0.0769 0.0413 0.2299 
         275  1 0.0821 0.0896 0.1046 0.0987 0.3731 0.0672 0.0850 0.0997 
         276  1 0.0765 0.2283 0.1132 0.1471 0.1124 0.0815 0.1018 0.1392 
         277  1 0.0647 0.0843 0.3296 0.1652 0.0440 0.0568 0.0781 0.1773 
         278  1 0.1605 0.0919 0.1044 0.1024 0.2534 0.0872 0.0934 0.1068 
         279  1 0.0330 0.1753 0.2022 0.1446 0.0355 0.1364 0.1188 0.1543 
         280  1 0.0547 0.1595 0.1480 0.1581 0.1257 0.0840 0.1215 0.1485 
         281  1 0.5866 0.0498 0.0468 0.0479 0.0554 0.1218 0.0429 0.0488 
         282  1 0.0495 0.0848 0.3501 0.1766 0.0390 0.0406 0.0938 0.1658 
         283  1 0.0940 0.0742 0.0971 0.1723 0.0737 0.0834 0.2675 0.1377 
         284  1 0.1839 0.0981 0.1030 0.1153 0.1186 0.1251 0.1341 0.1218 
         285  1 0.1290 0.0804 0.1844 0.0992 0.1411 0.1369 0.0940 0.1351 
         286  1 0.0481 0.0764 0.2230 0.1062 0.0534 0.2904 0.0791 0.1234 
         287  1 0.0742 0.0758 0.2549 0.1236 0.0811 0.0372 0.1700 0.1833 
         288  1 0.0633 0.1094 0.1907 0.1588 0.1090 0.0898 0.1232 0.1557 
         289  1 0.1563 0.1565 0.1185 0.1805 0.0653 0.0535 0.1524 0.1171 
         290  1 0.0432 0.0850 0.2763 0.1261 0.0634 0.0384 0.1708 0.1969 
         291  1 0.0513 0.0934 0.3433 0.1646 0.0320 0.0400 0.1047 0.1707 
         292  1 0.2296 0.0577 0.0554 0.1451 0.1454 0.0558 0.2314 0.0795 
         293  1 0.0434 0.0755 0.0541 0.0636 0.5615 0.0963 0.0470 0.0586 
         294  1 0.0612 0.1365 0.2692 0.1534 0.0426 0.0567 0.0899 0.1906 
         295  1 0.0451 0.0699 0.0686 0.1994 0.0600 0.0622 0.3859 0.1089 
         296  1 0.0944 0.0801 0.2359 0.1684 0.0496 0.0547 0.1515 0.1655 
         297  1 0.0508 0.0720 0.0827 0.2137 0.0652 0.0630 0.3342 0.1183 
         298  1 0.0597 0.1335 0.0455 0.0637 0.2311 0.3361 0.0427 0.0876 
         299  1 0.0625 0.1663 0.1322 0.1443 0.0589 0.1930 0.1232 0.1196 
         300  1 0.0518 0.1404 0.0559 0.0781 0.0763 0.4628 0.0561 0.0786 
         301  1 0.0505 0.1177 0.1199 0.1373 0.0850 0.2121 0.1426 0.1348 
         302  1 0.0474 0.2436 0.0826 0.0883 0.0513 0.2926 0.0555 0.1387 
         303  1 0.0601 0.1621 0.1989 0.1699 0.0396 0.0410 0.1336 0.1949 
         304  1 0.0417 0.2033 0.0714 0.1136 0.2173 0.1422 0.0681 0.1425 
         305  1 0.0952 0.1928 0.1145 0.1232 0.1013 0.1160 0.1168 0.1402 
         306  1 0.0530 0.1460 0.1129 0.1334 0.3189 0.0396 0.0860 0.1101 
         307  1 0.0969 0.1495 0.2222 0.1862 0.0543 0.0532 0.1000 0.1376 
         308  1 0.1189 0.1485 0.1197 0.1024 0.0764 0.2230 0.0874 0.1238 
         309  1 0.0994 0.2446 0.0870 0.1428 0.1386 0.0709 0.0900 0.1266 
         310  1 0.0515 0.0673 0.0539 0.0571 0.5379 0.1114 0.0603 0.0605 
         311  1 0.0375 0.0632 0.0562 0.0580 0.5822 0.0845 0.0574 0.0611 
         312  1 0.0280 0.3416 0.0414 0.0450 0.0465 0.2841 0.0308 0.1826 
         313  1 0.0601 0.0534 0.0860 0.1788 0.0390 0.1381 0.3355 0.1090 
         314  1 0.0620 0.0697 0.0612 0.0765 0.0996 0.4690 0.0928 0.0692 
         315  1 0.0331 0.2942 0.0526 0.0483 0.0804 0.2874 0.0359 0.1681 
         316  1 0.1400 0.0442 0.0495 0.0662 0.4791 0.0906 0.0817 0.0486 
         317  1 0.2346 0.0808 0.0803 0.0722 0.3490 0.0623 0.0503 0.0705 
         318  1 0.0516 0.1956 0.1054 0.1141 0.0429 0.2668 0.0974 0.1262 
         319  1 0.3268 0.0539 0.0433 0.0485 0.3932 0.0503 0.0412 0.0428 
         320  1 0.0462 0.0756 0.0851 0.0661 0.0372 0.5655 0.0510 0.0733 
         321  1 0.0773 0.0858 0.1527 0.1515 0.0702 0.0693 0.2227 0.1707 
         322  1 0.0570 0.1811 0.1362 0.1805 0.1660 0.0408 0.1207 0.1176 
         323  1 0.0491 0.1312 0.2242 0.1520 0.1458 0.0700 0.0832 0.1445 
         324  1 0.0555 0.0722 0.0518 0.0631 0.1107 0.5214 0.0634 0.0619 
         325  1 0.3631 0.0731 0.0619 0.0558 0.2533 0.0760 0.0412 0.0756 
         326  1 0.0595 0.1169 0.2052 0.1338 0.1767 0.0761 0.0886 0.1432 
         327  1 0.0453 0.0500 0.0732 0.1042 0.4712 0.0420 0.1428 0.0714 
         328  1 0.0493 0.1297 0.2513 0.1660 0.0626 0.0853 0.0821 0.1737 
         329  1 0.0607 0.1339 0.2421 0.1786 0.0485 0.0743 0.0967 0.1653 
         330  1 0.0503 0.1007 0.2497 0.1704 0.0796 0.1065 0.0984 0.1443 
         331  1 0.1230 0.1548 0.1042 0.1734 0.0686 0.0679 0.2009 0.1072 
         332  1 0.0588 0.1009 0.2676 0.1788 0.0538 0.0354 0.1320 0.1727 
         333  1 0.1217 0.0853 0.0690 0.1071 0.0627 0.3394 0.1408 0.0740 
         334  1 0.0399 0.0415 0.0391 0.0417 0.7059 0.0449 0.0454 0.0416 
         335  1 0.4766 0.0982 0.0665 0.0745 0.0487 0.0900 0.0697 0.0758 
         336  1 0.0629 0.1522 0.1468 0.1728 0.1429 0.0583 0.1149 0.1492 
         337  1 0.0658 0.0592 0.1224 0.0817 0.0538 0.4374 0.0828 0.0970 
         338  1 0.0660 0.1555 0.2203 0.1750 0.0868 0.0395 0.0902 0.1666 
         339  1 0.5812 0.0486 0.0677 0.0589 0.0664 0.0683 0.0527 0.0562 
         340  1 0.0553 0.1154 0.1871 0.1513 0.1149 0.0766 0.1313 0.1680 
         341  1 0.0479 0.1054 0.3143 0.1600 0.0559 0.0753 0.0744 0.1668 
         342  1 0.0563 0.0559 0.1082 0.2031 0.0479 0.0450 0.3541 0.1295 
         343  1 0.1081 0.0380 0.0447 0.0467 0.0567 0.6155 0.0485 0.0417 
         344  1 0.1696 0.2147 0.1359 0.1559 0.0366 0.0497 0.0951 0.1426 
         345  1 0.6081 0.0488 0.0593 0.0564 0.0658 0.0556 0.0543 0.0516 
         346  1 0.0524 0.0500 0.0469 0.0657 0.0389 0.6226 0.0734 0.0500 
         347  1 0.2807 0.1541 0.1074 0.1518 0.0815 0.0350 0.0901 0.0994 
         348  1 0.1529 0.1226 0.0715 0.1139 0.2617 0.0521 0.1329 0.0925 
         349  1 0.3471 0.0965 0.0753 0.1141 0.0801 0.0942 0.1134 0.0792 
         350  1 0.0389 0.0840 0.0941 0.0771 0.4381 0.1097 0.0738 0.0843 
         351  1 0.0759 0.1103 0.1804 0.1497 0.1507 0.0844 0.1011 0.1474 
         352  1 0.0733 0.1181 0.1865 0.1655 0.0983 0.0342 0.1464 0.1778 
         353  1 0.0434 0.0563 0.0443 0.0570 0.6339 0.0463 0.0678 0.0510 
         354  1 0.1002 0.0850 0.0900 0.1495 0.1869 0.0837 0.2154 0.0892 
         355  1 0.0493 0.0838 0.0912 0.0934 0.4909 0.0287 0.0849 0.0779 
         356  1 0.0317 0.0680 0.0496 0.0545 0.0376 0.6464 0.0543 0.0578 
         357  1 0.0526 0.0569 0.0970 0.2089 0.0549 0.0450 0.3679 0.1168 
         358  1 0.0574 0.3398 0.0663 0.0910 0.1119 0.0640 0.0751 0.1945 
         359  1 0.0620 0.1421 0.1180 0.0948 0.0604 0.2920 0.1060 0.1247 
         360  1 0.0452 0.0775 0.1304 0.1679 0.1572 0.0390 0.2303 0.1525 
         361  1 0.0409 0.3640 0.0788 0.1001 0.0568 0.0698 0.0842 0.2054 
         362  1 0.0861 0.1026 0.2000 0.1520 0.0467 0.0839 0.1550 0.1736 
         363  1 0.0512 0.1458 0.2198 0.2022 0.0626 0.0271 0.1204 0.1710 
         364  1 0.0571 0.1508 0.1099 0.1939 0.1003 0.0648 0.1897 0.1335 
         365  1 0.3603 0.1343 0.0988 0.1125 0.0388 0.0887 0.0628 0.1039 
         366  1 0.0523 0.1549 0.1315 0.0951 0.1221 0.2238 0.0818 0.1384 
         367  1 0.0505 0.2461 0.1007 0.1270 0.2002 0.0352 0.0855 0.1547 
         368  1 0.2279 0.1330 0.1465 0.1607 0.0742 0.0293 0.0955 0.1329 
         369  1 0.0548 0.0872 0.2081 0.1615 0.0447 0.0619 0.2251 0.1568 
         370  1 0.0998 0.1023 0.1150 0.0987 0.3220 0.0802 0.0792 0.1028 
         371  1 0.0953 0.0901 0.1596 0.1616 0.0590 0.0609 0.2157 0.1578 
         372  1 0.0784 0.0955 0.1228 0.1717 0.0680 0.0329 0.2920 0.1385 
         373  1 0.0592 0.0666 0.1696 0.1069 0.0757 0.3210 0.0844 0.1166 
         374  1 0.1110 0.2734 0.0706 0.0954 0.0623 0.1588 0.0742 0.1542 
         375  1 0.0484 0.0581 0.0739 0.2248 0.0330 0.0442 0.4127 0.1050 
         376  1 0.4216 0.0583 0.1390 0.0823 0.0689 0.0663 0.0692 0.0944 
         377  1 0.0498 0.0480 0.0839 0.0519 0.0375 0.6156 0.0477 0.0656 
         378  1 0.0738 0.0521 0.0673 0.0703 0.0384 0.5569 0.0830 0.0581 
         379  1 0.0908 0.0681 0.0630 0.0791 0.5188 0.0343 0.0832 0.0628 
         380  1 0.0884 0.1058 0.1105 0.1375 0.1779 0.0791 0.1623 0.1384 
         381  1 0.0652 0.2285 0.1484 0.1317 0.0553 0.0638 0.1287 0.1784 
         382  1 0.0695 0.0648 0.0606 0.2151 0.0619 0.0369 0.3929 0.0982 
         383  1 0.1239 0.1129 0.2543 0.1788 0.0405 0.0381 0.0924 0.1591 
         384  1 0.0845 0.1439 0.1121 0.1106 0.0425 0.2753 0.1157 0.1154 
         385  1 0.3960 0.0744 0.0668 0.0690 0.0403 0.2266 0.0611 0.0659 
         386  1 0.1742 0.1029 0.2120 0.1539 0.0427 0.0527 0.1006 0.1610 
         387  1 0.0408 0.1117 0.2719 0.1813 0.0668 0.0362 0.1083 0.1831 
         388  1 0.0637 0.1660 0.0957 0.1530 0.0554 0.0604 0.2618 0.1441 
         389  1 0.3288 0.0660 0.0737 0.1298 0.0795 0.0609 0.1755 0.0858 
         390  1 0.0874 0.0839 0.1787 0.1694 0.0470 0.0460 0.2345 0.1531 
         391  1 0.1436 0.1192 0.1565 0.1589 0.0582 0.0618 0.1695 0.1323 
         392  1 0.0527 0.2717 0.1176 0.1018 0.0856 0.0831 0.0927 0.1949 
         393  1 0.1280 0.1214 0.1228 0.1226 0.1269 0.1281 0.1289 0.1212 
         394  1 0.3553 0.1237 0.0783 0.0951 0.1335 0.0354 0.0774 0.1015 
         395  1 0.0488 0.1207 0.2145 0.1542 0.0444 0.0412 0.1786 0.1976 
         396  1 0.0585 0.0526 0.0562 0.1641 0.0527 0.2428 0.2935 0.0795 
         397  1 0.0532 0.0898 0.2980 0.1349 0.0517 0.1077 0.1030 0.1616 
         398  1 0.0488 0.2084 0.1457 0.1559 0.0440 0.1581 0.0981 0.1409 
         399  1 0.0465 0.1294 0.1155 0.2136 0.0732 0.0391 0.2580 0.1248 
         400  1 0.0974 0.0940 0.2110 0.1527 0.0950 0.0892 0.1049 0.1558 
         401  1 0.0563 0.1321 0.2739 0.1758 0.0457 0.0521 0.0981 0.1659 
         402  1 0.4751 0.0817 0.0957 0.0768 0.0640 0.0478 0.0740 0.0848 
         403  1 0.0595 0.2553 0.1284 0.0970 0.0907 0.1349 0.0596 0.1745 
         404  1 0.1591 0.1630 0.1216 0.1719 0.0652 0.0632 0.1357 0.1201 
         405  1 0.3699 0.1061 0.0660 0.1047 0.0480 0.0988 0.1178 0.0888 
         406  1 0.0730 0.0579 0.0818 0.1983 0.0467 0.0694 0.3686 0.1044 
         407  1 0.0777 0.0746 0.1637 0.1418 0.1459 0.0416 0.1915 0.1632 
         408  1 0.0728 0.1554 0.0847 0.1258 0.1039 0.2806 0.0677 0.1091 
         409  1 0.2142 0.1450 0.1209 0.1381 0.0923 0.0460 0.1081 0.1354 
         410  1 0.0373 0.0877 0.3014 0.1323 0.0531 0.0442 0.1414 0.2026 
         411  1 0.0839 0.0831 0.2555 0.1321 0.0549 0.1895 0.0725 0.1285 
         412  1 0.0621 0.1878 0.0740 0.1365 0.2477 0.0641 0.1197 0.1080 
         413  1 0.3171 0.0884 0.0817 0.0920 0.1215 0.1216 0.0911 0.0866 
         414  1 0.1873 0.1177 0.1131 0.1199 0.1314 0.1030 0.1072 0.1204 
         415  1 0.0702 0.0479 0.0699 0.0583 0.0381 0.6064 0.0462 0.0629 
         416  1 0.6281 0.0469 0.0475 0.0543 0.0749 0.0397 0.0583 0.0503 
         417  1 0.0708 0.0910 0.2448 0.1463 0.0827 0.0784 0.1210 0.1650 
         418  1 0.1489 0.1154 0.1392 0.1472 0.1605 0.0504 0.1060 0.1325 
         419  1 0.0813 0.0852 0.1164 0.1679 0.0837 0.1068 0.2267 0.1320 
         420  1 0.0637 0.1215 0.1951 0.1710 0.0565 0.0823 0.1553 0.1547 
         421  1 0.2487 0.1116 0.1189 0.1368 0.0579 0.0989 0.1318 0.0954 
         422  1 0.1199 0.1139 0.1063 0.1292 0.1365 0.2210 0.0797 0.0936 
         423  1 0.0544 0.1818 0.2014 0.2014 0.0345 0.0255 0.1540 0.1469 
         424  1 0.0666 0.1205 0.0691 0.0611 0.0378 0.5038 0.0575 0.0837 
         425  1 0.0668 0.1027 0.1826 0.1508 0.0615 0.1338 0.1707 0.1312 
         426  1 0.3442 0.1069 0.1196 0.1070 0.0712 0.0630 0.0849 0.1033 
         427  1 0.1091 0.1226 0.1146 0.1507 0.2245 0.0376 0.1231 0.1178 
         428  1 0.0558 0.0824 0.2619 0.1522 0.1156 0.0605 0.1127 0.1590 
         429  1 0.0742 0.1272 0.2265 0.1883 0.0484 0.0479 0.1227 0.1648 
         430  1 0.0325 0.3959 0.0521 0.0586 0.0705 0.1272 0.0458 0.2174 
         431  1 0.0695 0.1367 0.2083 0.1389 0.0616 0.0610 0.1458 0.1782 
         432  1 0.1926 0.0682 0.0599 0.0604 0.4616 0.0468 0.0485 0.0622 
         433  1 0.0628 0.0517 0.0698 0.1984 0.0753 0.0856 0.3583 0.0981 
         434  1 0.3027 0.0940 0.0638 0.0707 0.0737 0.2516 0.0707 0.0728 
         435  1 0.0606 0.1450 0.1009 0.2081 0.1292 0.0402 0.2106 0.1052 
         436  1 0.1117 0.0928 0.0867 0.1696 0.1115 0.0659 0.2498 0.1119 
         437  1 0.0454 0.1319 0.0981 0.0810 0.0638 0.3915 0.0762 0.1121 
         438  1 0.0655 0.1524 0.0574 0.0671 0.4305 0.0724 0.0493 0.1055 
         439  1 0.0629 0.1560 0.1914 0.1900 0.0447 0.0415 0.1614 0.1521 
         440  1 0.0537 0.0884 0.0602 0.0562 0.0646 0.5598 0.0458 0.0713 
         441  1 0.5071 0.0561 0.0627 0.0900 0.0542 0.0639 0.1033 0.0627 
         442  1 0.0394 0.1906 0.0671 0.1621 0.1225 0.0450 0.2298 0.1436 
         443  1 0.0605 0.0658 0.0828 0.2186 0.0480 0.0457 0.3653 0.1132 
         444  1 0.0681 0.1150 0.2681 0.1714 0.0510 0.0394 0.1092 0.1779 
         445  1 0.0419 0.1786 0.1637 0.1689 0.0574 0.0284 0.1838 0.1774 
         446  1 0.5697 0.0668 0.0583 0.0618 0.0913 0.0324 0.0570 0.0626 
         447  1 0.0476 0.1011 0.1670 0.1840 0.0745 0.0528 0.2199 0.1530 
         448  1 0.0670 0.3552 0.0689 0.0838 0.1169 0.0582 0.0522 0.1978 
         449  1 0.0739 0.0692 0.0465 0.0558 0.0435 0.5904 0.0627 0.0580 
         450  1 0.5271 0.0513 0.0486 0.0608 0.1291 0.0548 0.0751 0.0533 
         451  1 0.5415 0.0539 0.0601 0.0651 0.0834 0.0808 0.0632 0.0520 
         452  1 0.0367 0.0606 0.0777 0.2149 0.0508 0.0328 0.4106 0.1159 
         453  1 0.0569 0.0461 0.0464 0.0462 0.6369 0.0650 0.0524 0.0500 
         454  1 0.1166 0.1358 0.1034 0.1180 0.2593 0.0562 0.1063 0.1043 
         455  1 0.0548 0.0907 0.2222 0.1463 0.2002 0.0385 0.0893 0.1581 
         456  1 0.5129 0.0631 0.0649 0.0665 0.1060 0.0630 0.0611 0.0626 
         457  1 0.0567 0.0367 0.0850 0.0476 0.0575 0.6042 0.0451 0.0671 
         458  1 0.0478 0.0691 0.3573 0.1657 0.0366 0.0878 0.0789 0.1569 
         459  1 0.4057 0.0555 0.0563 0.0771 0.1824 0.0692 0.0917 0.0622 
         460  1 0.0430 0.0765 0.3297 0.1662 0.0451 0.0363 0.1391 0.1642 
         461  1 0.0603 0.0637 0.0520 0.0604 0.0670 0.5729 0.0643 0.0594 
         462  1 0.0696 0.0426 0.0548 0.0591 0.5885 0.0627 0.0728 0.0498 
         463  1 0.3185 0.1074 0.0871 0.1027 0.0858 0.1227 0.0828 0.0931 
         464  1 0.0652 0.1307 0.2183 0.1484 0.0582 0.0571 0.1483 0.1738 
         465  1 0.4594 0.0702 0.0690 0.0649 0.0538 0.1678 0.0498 0.0652 
         466  1 0.0932 0.1244 0.2095 0.1204 0.1035 0.0373 0.1352 0.1764 
         467  1 0.0623 0.0487 0.0698 0.2083 0.0601 0.0360 0.4012 0.1136 
         468  1 0.1410 0.1631 0.1725 0.1767 0.0412 0.0407 0.1077 0.1570 
         469  1 0.0403 0.0450 0.1587 0.2004 0.0312 0.0273 0.3677 0.1293 
         470  1 0.1296 0.2263 0.0985 0.1217 0.1482 0.0441 0.0859 0.1457 
         471  1 0.0745 0.2601 0.1203 0.1469 0.0438 0.0458 0.1297 0.1790 
         472  1 0.1091 0.1482 0.1867 0.1307 0.0902 0.0806 0.0862 0.1684 
         473  1 0.1130 0.1352 0.2141 0.1556 0.0587 0.0701 0.0827 0.1705 
         474  1 0.0824 0.1149 0.2286 0.1704 0.0363 0.0415 0.1515 0.1744 
         475  1 0.0407 0.3027 0.1243 0.1627 0.0299 0.0536 0.1216 0.1644 
         476  1 0.3893 0.0977 0.0997 0.0836 0.1220 0.0568 0.0587 0.0923 
         477  1 0.0608 0.2021 0.1914 0.1878 0.0420 0.0479 0.1010 0.1671 
         478  1 0.0445 0.0568 0.0506 0.0517 0.0500 0.6426 0.0499 0.0540 
         479  1 0.0780 0.0954 0.2293 0.1562 0.0627 0.0523 0.1636 0.1625 
         480  1 0.0414 0.0668 0.0641 0.2130 0.0497 0.0454 0.4044 0.1151 
         481  1 0.0897 0.2518 0.0795 0.1001 0.1063 0.1003 0.1037 0.1687 
         482  1 0.0587 0.0553 0.0519 0.0656 0.0568 0.5878 0.0726 0.0513 
         483  1 0.0695 0.1116 0.1570 0.1389 0.1980 0.0808 0.1201 0.1241 
         484  1 0.0373 0.0636 0.3085 0.1253 0.0405 0.0823 0.1560 0.1865 
         485  1 0.0473 0.0693 0.1384 0.2020 0.0312 0.0363 0.3376 0.1379 
         486  1 0.6207 0.0419 0.0403 0.0572 0.0759 0.0439 0.0758 0.0443 
         487  1 0.0868 0.0849 0.1195 0.1732 0.0691 0.0605 0.2799 0.1261 
         488  1 0.0514 0.0961 0.3505 0.1385 0.0376 0.0264 0.1073 0.1921 
         489  1 0.0833 0.1666 0.1106 0.1783 0.0956 0.1172 0.1353 0.1132 
         490  1 0.1165 0.1689 0.1374 0.1751 0.0492 0.0421 0.1752 0.1354 
         491  1 0.0619 0.0722 0.0834 0.2066 0.0582 0.0415 0.3507 0.1254 
         492  1 0.0367 0.0580 0.1265 0.2104 0.0334 0.0496 0.3368 0.1486 
