           1  1 0.0863 0.4457 0.0679 0.0740 0.0807 0.0900 0.0712 0.0842 
           2  1 0.2091 0.1089 0.0462 0.0769 0.1603 0.1140 0.0920 0.1925 
           3  1 0.1407 0.0603 0.0481 0.1529 0.2137 0.0691 0.1733 0.1419 
           4  1 0.0512 0.2880 0.0853 0.0885 0.0981 0.0653 0.1027 0.2209 
           5  1 0.0546 0.1205 0.0392 0.1099 0.1320 0.0469 0.1438 0.3531 
           6  1 0.1501 0.0882 0.0951 0.1636 0.1754 0.0694 0.1557 0.1025 
           7  1 0.1443 0.0780 0.2019 0.1329 0.1571 0.0284 0.1207 0.1366 
           8  1 0.0556 0.5037 0.0684 0.0638 0.0563 0.1026 0.0689 0.0807 
           9  1 0.1444 0.0516 0.0382 0.1963 0.2145 0.0530 0.1954 0.1068 
          10  1 0.0525 0.0572 0.0512 0.1150 0.1323 0.0504 0.1552 0.3861 
          11  1 0.0665 0.0445 0.5720 0.0665 0.0619 0.0664 0.0676 0.0546 
          12  1 0.1544 0.2792 0.0381 0.0719 0.1383 0.1020 0.0764 0.1397 
          13  1 0.0820 0.2467 0.2493 0.0869 0.0762 0.0991 0.0910 0.0688 
          14  1 0.0809 0.0719 0.0395 0.1180 0.1440 0.1468 0.1534 0.2454 
          15  1 0.1473 0.0412 0.0420 0.1487 0.1582 0.1980 0.1326 0.1319 
          16  1 0.0698 0.3012 0.2838 0.0749 0.0681 0.0670 0.0689 0.0662 
          17  1 0.1127 0.0563 0.3973 0.0735 0.0907 0.0841 0.0760 0.1095 
          18  1 0.0641 0.5918 0.0430 0.0594 0.0620 0.0676 0.0592 0.0528 
          19  1 0.1522 0.0701 0.0986 0.1571 0.1570 0.0656 0.1508 0.1487 
          20  1 0.1188 0.1594 0.0898 0.1439 0.1362 0.0479 0.1425 0.1615 
          21  1 0.0652 0.0555 0.0991 0.1052 0.1156 0.1230 0.1448 0.2916 
          22  1 0.1428 0.1044 0.0531 0.1609 0.1110 0.1945 0.1271 0.1062 
          23  1 0.2490 0.0408 0.1004 0.0764 0.2437 0.0480 0.0662 0.1755 
          24  1 0.1842 0.0316 0.0790 0.2237 0.1646 0.0549 0.1856 0.0766 
          25  1 0.0594 0.1345 0.4968 0.0682 0.0543 0.0717 0.0610 0.0540 
          26  1 0.2351 0.0461 0.0498 0.1119 0.2431 0.0410 0.0935 0.1795 
          27  1 0.0858 0.1990 0.0633 0.1036 0.1088 0.2184 0.1063 0.1148 
          28  1 0.1223 0.0378 0.2955 0.1351 0.0999 0.0904 0.1330 0.0860 
          29  1 0.1354 0.0492 0.0385 0.1651 0.2005 0.0554 0.1728 0.1832 
          30  1 0.1561 0.0789 0.0479 0.1862 0.1134 0.1763 0.1404 0.1008 
          31  1 0.1523 0.0611 0.2759 0.1038 0.1116 0.0729 0.1047 0.1176 
          32  1 0.1712 0.0498 0.0721 0.1942 0.1369 0.1381 0.1355 0.1022 
          33  1 0.1399 0.0521 0.0928 0.1236 0.1162 0.2627 0.1273 0.0852 
          34  1 0.1673 0.0699 0.1523 0.1264 0.1478 0.1087 0.1026 0.1249 
          35  1 0.0813 0.0545 0.0356 0.1184 0.1464 0.0611 0.1449 0.3579 
          36  1 0.2013 0.0412 0.0532 0.2078 0.1250 0.0904 0.1985 0.0826 
          37  1 0.0951 0.0682 0.4540 0.0690 0.1050 0.0406 0.0707 0.0974 
          38  1 0.2236 0.0382 0.0678 0.2345 0.1149 0.0535 0.1791 0.0884 
          39  1 0.1036 0.2409 0.0915 0.1450 0.1114 0.0785 0.1284 0.1009 
          40  1 0.0657 0.0447 0.0738 0.0603 0.0598 0.5705 0.0617 0.0634 
          41  1 0.1521 0.0897 0.0458 0.1791 0.1646 0.0932 0.1462 0.1293 
          42  1 0.1364 0.0379 0.3244 0.1339 0.0989 0.0688 0.1159 0.0838 
          43  1 0.3070 0.0273 0.0334 0.0726 0.2067 0.0346 0.1153 0.2030 
          44  1 0.2371 0.0387 0.1002 0.1305 0.1554 0.0546 0.1342 0.1493 
          45  1 0.0530 0.6175 0.0571 0.0576 0.0567 0.0521 0.0541 0.0519 
          46  1 0.2663 0.0373 0.0586 0.0813 0.1791 0.0875 0.1061 0.1838 
          47  1 0.0835 0.4671 0.0648 0.0938 0.0849 0.0469 0.0808 0.0782 
          48  1 0.1693 0.0293 0.0670 0.1914 0.2011 0.0578 0.1587 0.1254 
          49  1 0.1342 0.1042 0.0419 0.1389 0.1387 0.1826 0.1529 0.1065 
          50  1 0.0594 0.0520 0.0759 0.1238 0.1160 0.1068 0.1710 0.2952 
          51  1 0.0721 0.0443 0.0555 0.1054 0.0859 0.3618 0.1459 0.1291 
          52  1 0.0891 0.0516 0.0657 0.0841 0.0880 0.4532 0.0839 0.0844 
          53  1 0.1111 0.0501 0.0632 0.1935 0.1153 0.1396 0.1935 0.1337 
          54  1 0.0781 0.3697 0.0426 0.0841 0.0678 0.2167 0.0801 0.0608 
          55  1 0.0880 0.0557 0.3938 0.0790 0.0975 0.0669 0.0833 0.1357 
          56  1 0.1790 0.0755 0.1536 0.1839 0.1326 0.0584 0.1384 0.0785 
          57  1 0.1975 0.0573 0.0498 0.1362 0.2210 0.0623 0.1293 0.1466 
          58  1 0.1592 0.0437 0.0386 0.1991 0.1906 0.0703 0.1867 0.1118 
          59  1 0.1397 0.0550 0.0526 0.1882 0.1580 0.0952 0.1973 0.1140 
          60  1 0.1583 0.0861 0.0682 0.1668 0.1481 0.0746 0.1789 0.1191 
          61  1 0.0413 0.0618 0.6496 0.0473 0.0409 0.0603 0.0489 0.0499 
          62  1 0.1600 0.0477 0.0677 0.2001 0.1898 0.0508 0.1822 0.1017 
          63  1 0.0757 0.1275 0.1005 0.1285 0.1154 0.0929 0.1334 0.2261 
          64  1 0.0742 0.0556 0.0426 0.1338 0.1037 0.2844 0.1875 0.1184 
          65  1 0.1071 0.0369 0.0979 0.1492 0.0962 0.2912 0.1577 0.0638 
          66  1 0.0869 0.0618 0.0565 0.1431 0.1198 0.0946 0.1452 0.2921 
          67  1 0.2210 0.0417 0.1274 0.1033 0.1690 0.0542 0.1151 0.1682 
          68  1 0.1559 0.0552 0.0637 0.1814 0.1986 0.0725 0.1635 0.1092 
          69  1 0.0410 0.5408 0.0618 0.0593 0.0551 0.0753 0.0664 0.1002 
          70  1 0.2569 0.0309 0.0314 0.2091 0.1817 0.0307 0.1571 0.1021 
          71  1 0.1425 0.0570 0.0552 0.2094 0.1398 0.0623 0.2030 0.1308 
          72  1 0.1446 0.0665 0.0406 0.1549 0.1838 0.0751 0.1752 0.1593 
          73  1 0.0643 0.5626 0.0838 0.0480 0.0599 0.0617 0.0511 0.0685 
          74  1 0.1297 0.0562 0.1026 0.1647 0.1353 0.0491 0.1702 0.1922 
          75  1 0.0518 0.0707 0.5410 0.0632 0.0578 0.0822 0.0682 0.0652 
          76  1 0.1821 0.0712 0.1038 0.1486 0.1652 0.0687 0.1329 0.1277 
          77  1 0.1276 0.0644 0.0566 0.1621 0.1655 0.0964 0.1816 0.1457 
          78  1 0.0891 0.0519 0.5077 0.0734 0.0862 0.0517 0.0737 0.0664 
          79  1 0.0790 0.1445 0.2796 0.0859 0.0700 0.2175 0.0717 0.0518 
          80  1 0.1636 0.0438 0.0569 0.1850 0.1948 0.0661 0.1838 0.1061 
          81  1 0.0836 0.0843 0.0805 0.1503 0.1053 0.1236 0.2115 0.1610 
          82  1 0.1046 0.1248 0.1556 0.0982 0.0977 0.1198 0.1083 0.1909 
          83  1 0.1345 0.0711 0.0636 0.1589 0.1912 0.0495 0.1650 0.1662 
          84  1 0.1329 0.0759 0.0724 0.1472 0.1392 0.1082 0.1571 0.1671 
          85  1 0.0689 0.5275 0.0407 0.0844 0.0720 0.0603 0.0792 0.0671 
          86  1 0.1667 0.0786 0.0642 0.1425 0.1565 0.1457 0.1323 0.1135 
          87  1 0.1311 0.0832 0.0458 0.1525 0.1059 0.2035 0.1817 0.0963 
          88  1 0.1361 0.0501 0.1259 0.1471 0.1470 0.1169 0.1531 0.1239 
          89  1 0.0562 0.0476 0.5747 0.0581 0.0620 0.0756 0.0609 0.0650 
          90  1 0.2300 0.0658 0.0532 0.0957 0.1542 0.0841 0.1558 0.1612 
          91  1 0.0916 0.1056 0.0582 0.1237 0.0822 0.3570 0.1083 0.0734 
          92  1 0.2173 0.1283 0.0499 0.0669 0.2502 0.0466 0.0650 0.1758 
          93  1 0.1512 0.0699 0.0807 0.1975 0.1013 0.1346 0.1889 0.0759 
          94  1 0.0657 0.0495 0.0598 0.1266 0.1401 0.0402 0.1542 0.3640 
          95  1 0.1995 0.0461 0.0508 0.2070 0.1322 0.0612 0.2198 0.0832 
          96  1 0.0810 0.0349 0.3852 0.1088 0.0770 0.1321 0.1106 0.0704 
          97  1 0.2604 0.0469 0.0561 0.0820 0.2173 0.0394 0.0980 0.1999 
          98  1 0.0867 0.0867 0.0946 0.0890 0.0797 0.4116 0.0834 0.0683 
          99  1 0.1335 0.0439 0.2612 0.1474 0.1219 0.0671 0.1309 0.0940 
         100  1 0.0440 0.0533 0.2036 0.0548 0.0470 0.4753 0.0590 0.0631 
         101  1 0.1404 0.0775 0.0550 0.1950 0.1910 0.0517 0.1824 0.1071 
         102  1 0.1417 0.0660 0.1092 0.2118 0.0977 0.1172 0.1786 0.0778 
         103  1 0.1786 0.0531 0.0966 0.1579 0.1803 0.0500 0.1474 0.1361 
         104  1 0.0618 0.0708 0.6077 0.0468 0.0501 0.0666 0.0440 0.0522 
         105  1 0.0465 0.0430 0.0909 0.0375 0.0433 0.6590 0.0395 0.0403 
         106  1 0.1517 0.0311 0.0428 0.2189 0.1202 0.0486 0.1687 0.2180 
         107  1 0.0864 0.1778 0.0445 0.1092 0.1237 0.0555 0.1269 0.2760 
         108  1 0.0372 0.0958 0.1175 0.0449 0.0368 0.5744 0.0476 0.0459 
         109  1 0.0691 0.0535 0.5724 0.0627 0.0704 0.0467 0.0592 0.0659 
         110  1 0.1586 0.0818 0.1483 0.0937 0.1271 0.0883 0.1131 0.1892 
         111  1 0.0752 0.0402 0.2858 0.0864 0.0835 0.2168 0.1077 0.1044 
         112  1 0.0802 0.2174 0.0957 0.1163 0.1113 0.0705 0.1232 0.1855 
         113  1 0.2013 0.0432 0.1516 0.1009 0.1422 0.1018 0.1068 0.1523 
         114  1 0.1281 0.0942 0.3264 0.0673 0.1041 0.0908 0.0711 0.1180 
         115  1 0.0849 0.1120 0.0584 0.1500 0.1225 0.0485 0.1376 0.2861 
         116  1 0.0975 0.4014 0.0435 0.1277 0.0827 0.0590 0.1054 0.0827 
         117  1 0.1630 0.0432 0.1557 0.1789 0.1759 0.0432 0.1418 0.0983 
         118  1 0.0743 0.4861 0.0740 0.0874 0.0680 0.0631 0.0812 0.0659 
         119  1 0.0781 0.0477 0.4184 0.1109 0.0890 0.0559 0.1003 0.0997 
         120  1 0.1323 0.0549 0.0419 0.1509 0.1029 0.2402 0.1780 0.0988 
         121  1 0.1462 0.0504 0.0737 0.2060 0.1490 0.0934 0.1958 0.0855 
         122  1 0.1705 0.0545 0.0704 0.1544 0.1329 0.1223 0.1727 0.1223 
         123  1 0.2709 0.0441 0.0407 0.0880 0.2105 0.0420 0.1005 0.2032 
         124  1 0.1827 0.0583 0.0794 0.1688 0.1690 0.0643 0.1742 0.1032 
         125  1 0.1784 0.2670 0.0541 0.0629 0.1536 0.0492 0.0706 0.1641 
         126  1 0.1403 0.1246 0.0567 0.1810 0.1604 0.0700 0.1605 0.1065 
         127  1 0.1211 0.0828 0.1532 0.1512 0.1173 0.1285 0.1595 0.0865 
         128  1 0.0755 0.0478 0.0512 0.0846 0.0755 0.4628 0.0859 0.1167 
         129  1 0.1679 0.0731 0.0576 0.1239 0.1386 0.1464 0.1642 0.1282 
         130  1 0.1242 0.0609 0.0737 0.1839 0.1373 0.0467 0.1862 0.1871 
         131  1 0.2400 0.0347 0.0815 0.0988 0.1642 0.0929 0.1161 0.1718 
         132  1 0.1149 0.1004 0.1307 0.1758 0.0931 0.1325 0.1623 0.0904 
         133  1 0.0471 0.0594 0.5647 0.0480 0.0475 0.1279 0.0562 0.0492 
         134  1 0.1699 0.0375 0.0534 0.2004 0.1480 0.0751 0.1973 0.1187 
         135  1 0.1681 0.0570 0.0473 0.2342 0.1723 0.0490 0.1822 0.0899 
         136  1 0.0836 0.3801 0.0605 0.1017 0.0802 0.0811 0.1047 0.1081 
         137  1 0.1278 0.0856 0.0882 0.1756 0.1010 0.1260 0.1894 0.1064 
         138  1 0.1037 0.0541 0.0836 0.0825 0.0919 0.4205 0.0807 0.0830 
         139  1 0.0748 0.5203 0.0468 0.0655 0.0754 0.0790 0.0628 0.0754 
         140  1 0.1580 0.0464 0.0609 0.1927 0.1832 0.0464 0.1876 0.1248 
         141  1 0.1262 0.0928 0.1063 0.1644 0.1281 0.1050 0.1791 0.0982 
         142  1 0.0916 0.0610 0.4026 0.1149 0.0807 0.0552 0.1001 0.0940 
         143  1 0.1063 0.1389 0.0596 0.1423 0.0951 0.2078 0.1732 0.0768 
         144  1 0.1248 0.0455 0.0748 0.1839 0.1197 0.1416 0.1833 0.1265 
         145  1 0.2153 0.0755 0.0664 0.1305 0.1470 0.0624 0.1536 0.1494 
         146  1 0.1465 0.0645 0.0940 0.1953 0.1405 0.0473 0.1938 0.1182 
         147  1 0.1888 0.0740 0.0796 0.1120 0.1329 0.1098 0.1333 0.1697 
         148  1 0.1284 0.0453 0.0538 0.1499 0.1819 0.1431 0.1771 0.1206 
         149  1 0.0992 0.0627 0.3725 0.0814 0.1058 0.0955 0.0897 0.0931 
         150  1 0.0924 0.0398 0.3948 0.1175 0.0911 0.0524 0.1202 0.0918 
         151  1 0.0486 0.0884 0.5851 0.0506 0.0463 0.0749 0.0502 0.0560 
         152  1 0.1785 0.0544 0.0428 0.2290 0.1616 0.0585 0.2022 0.0731 
         153  1 0.0382 0.1546 0.0537 0.0514 0.0476 0.5295 0.0553 0.0697 
         154  1 0.1605 0.0403 0.0985 0.2092 0.1163 0.1003 0.1905 0.0846 
         155  1 0.1375 0.0473 0.0715 0.1897 0.1239 0.0981 0.2356 0.0963 
         156  1 0.1093 0.1278 0.1421 0.1463 0.1076 0.0887 0.1675 0.1107 
         157  1 0.1770 0.1163 0.1218 0.0725 0.1993 0.0750 0.0722 0.1660 
         158  1 0.1141 0.0928 0.1573 0.1366 0.1189 0.1263 0.1412 0.1129 
         159  1 0.0850 0.0480 0.0630 0.1153 0.1524 0.0544 0.1387 0.3432 
         160  1 0.0565 0.5862 0.0620 0.0655 0.0646 0.0457 0.0605 0.0591 
         161  1 0.0731 0.5115 0.0783 0.0635 0.0790 0.0600 0.0598 0.0748 
         162  1 0.1674 0.0496 0.0491 0.2063 0.1622 0.0984 0.1674 0.0997 
         163  1 0.1862 0.0503 0.1563 0.1034 0.1807 0.0493 0.1020 0.1717 
         164  1 0.0540 0.5923 0.0626 0.0569 0.0592 0.0536 0.0562 0.0652 
         165  1 0.1140 0.0737 0.2166 0.1326 0.1616 0.0545 0.1286 0.1183 
         166  1 0.0710 0.0660 0.0548 0.0830 0.0777 0.4720 0.0996 0.0760 
         167  1 0.1269 0.0459 0.0824 0.1373 0.1308 0.2433 0.1280 0.1055 
         168  1 0.1283 0.1730 0.0766 0.1744 0.1305 0.0990 0.1413 0.0769 
         169  1 0.0568 0.5418 0.0452 0.0775 0.0722 0.0517 0.0719 0.0830 
         170  1 0.0753 0.0573 0.0532 0.1214 0.1270 0.0707 0.1606 0.3344 
         171  1 0.2101 0.0439 0.0820 0.1597 0.1360 0.1132 0.1530 0.1021 
         172  1 0.0461 0.0726 0.0777 0.0517 0.0464 0.6019 0.0559 0.0477 
         173  1 0.0490 0.0346 0.0655 0.0641 0.0492 0.6232 0.0656 0.0487 
         174  1 0.1279 0.1244 0.1427 0.1230 0.1216 0.1196 0.1243 0.1165 
         175  1 0.1680 0.0701 0.0729 0.0951 0.1803 0.1405 0.1163 0.1569 
         176  1 0.0702 0.0684 0.0498 0.1273 0.1407 0.0454 0.1552 0.3430 
         177  1 0.1415 0.0934 0.0750 0.1223 0.1527 0.1258 0.1342 0.1550 
         178  1 0.0838 0.0677 0.0674 0.0723 0.0887 0.4702 0.0733 0.0766 
         179  1 0.1073 0.0678 0.3074 0.0873 0.1049 0.1368 0.0857 0.1029 
         180  1 0.0751 0.0516 0.0788 0.1426 0.1218 0.0599 0.1557 0.3144 
         181  1 0.1659 0.0518 0.0733 0.1809 0.1161 0.0807 0.1980 0.1333 
         182  1 0.0572 0.2083 0.4986 0.0464 0.0500 0.0436 0.0471 0.0488 
         183  1 0.0424 0.6312 0.0706 0.0447 0.0450 0.0826 0.0429 0.0406 
         184  1 0.1435 0.0888 0.1572 0.1378 0.1221 0.1004 0.1332 0.1169 
         185  1 0.1474 0.2970 0.0707 0.1072 0.1040 0.0766 0.0919 0.1052 
         186  1 0.0698 0.0453 0.0677 0.1234 0.1196 0.1467 0.1524 0.2752 
         187  1 0.1864 0.0431 0.0485 0.1427 0.2301 0.0544 0.1542 0.1406 
         188  1 0.0397 0.6169 0.0621 0.0463 0.0454 0.0801 0.0518 0.0576 
         189  1 0.1242 0.1273 0.0959 0.1281 0.1511 0.0611 0.1360 0.1763 
         190  1 0.1011 0.0816 0.1029 0.1485 0.1029 0.1763 0.1848 0.1019 
         191  1 0.0635 0.0384 0.0634 0.0616 0.0605 0.5829 0.0667 0.0630 
         192  1 0.1592 0.2813 0.0538 0.0648 0.1596 0.0827 0.0711 0.1275 
         193  1 0.0992 0.1737 0.1366 0.1178 0.1115 0.1019 0.1235 0.1358 
         194  1 0.1581 0.0584 0.0558 0.2016 0.1713 0.0504 0.2004 0.1041 
         195  1 0.0937 0.0489 0.4422 0.0774 0.0899 0.0946 0.0808 0.0725 
         196  1 0.1172 0.0561 0.0487 0.1699 0.1491 0.0508 0.1562 0.2520 
         197  1 0.1439 0.0550 0.1110 0.1816 0.1516 0.1173 0.1588 0.0807 
         198  1 0.0774 0.0537 0.1258 0.0768 0.0823 0.4332 0.0780 0.0729 
         199  1 0.2482 0.0504 0.0619 0.0577 0.2429 0.0534 0.0643 0.2211 
         200  1 0.0626 0.0292 0.5718 0.0590 0.0606 0.1081 0.0591 0.0496 
         201  1 0.0498 0.0629 0.0358 0.1264 0.1132 0.0936 0.1493 0.3691 
         202  1 0.1522 0.0914 0.0801 0.1315 0.2160 0.0543 0.1338 0.1408 
         203  1 0.1758 0.0606 0.0558 0.1887 0.1588 0.0724 0.1870 0.1010 
         204  1 0.1518 0.0486 0.1394 0.1440 0.1137 0.1625 0.1485 0.0914 
         205  1 0.2636 0.0465 0.0375 0.0723 0.2702 0.0413 0.0633 0.2052 
         206  1 0.1500 0.0536 0.0562 0.1767 0.2005 0.0655 0.1672 0.1303 
         207  1 0.1167 0.0356 0.2859 0.1217 0.1145 0.0702 0.1265 0.1288 
         208  1 0.0741 0.0408 0.5512 0.0694 0.0605 0.0870 0.0612 0.0557 
         209  1 0.0818 0.1304 0.0658 0.1007 0.0842 0.3668 0.0890 0.0813 
         210  1 0.1882 0.0891 0.0450 0.2126 0.1332 0.0790 0.1815 0.0713 
         211  1 0.0592 0.0570 0.0503 0.0622 0.0684 0.5766 0.0656 0.0607 
         212  1 0.0567 0.0584 0.0914 0.0537 0.0477 0.6009 0.0488 0.0423 
         213  1 0.1158 0.2057 0.0819 0.1426 0.1369 0.0455 0.1533 0.1183 
         214  1 0.1642 0.0448 0.0363 0.2214 0.1868 0.0470 0.1924 0.1070 
         215  1 0.0709 0.0372 0.5146 0.0849 0.0679 0.0483 0.1016 0.0746 
         216  1 0.0808 0.0433 0.4680 0.0931 0.0713 0.0749 0.0920 0.0767 
         217  1 0.1950 0.0494 0.0445 0.1360 0.1807 0.0720 0.1252 0.1972 
         218  1 0.2126 0.0450 0.1203 0.0755 0.2091 0.0401 0.0832 0.2142 
         219  1 0.0653 0.0433 0.0513 0.0715 0.0520 0.5844 0.0674 0.0649 
         220  1 0.1217 0.0804 0.0669 0.1086 0.1142 0.2513 0.1608 0.0962 
         221  1 0.1505 0.0488 0.0538 0.2342 0.1492 0.0618 0.2143 0.0874 
         222  1 0.1419 0.1055 0.0556 0.1622 0.1139 0.1551 0.1772 0.0887 
         223  1 0.1334 0.0612 0.0623 0.1925 0.1498 0.0901 0.2055 0.1053 
         224  1 0.1183 0.0974 0.1019 0.1389 0.1180 0.2008 0.1336 0.0911 
         225  1 0.0529 0.0563 0.0515 0.1137 0.1304 0.0752 0.1593 0.3608 
         226  1 0.1060 0.1273 0.1283 0.1199 0.1049 0.1757 0.1295 0.1083 
         227  1 0.2614 0.0284 0.0349 0.0689 0.2892 0.0370 0.0688 0.2115 
         228  1 0.1843 0.0460 0.1483 0.1126 0.1595 0.0724 0.1256 0.1513 
         229  1 0.1004 0.3570 0.1244 0.1031 0.0829 0.0735 0.0960 0.0626 
         230  1 0.1564 0.0434 0.2498 0.1151 0.1128 0.0790 0.1113 0.1321 
         231  1 0.0429 0.0407 0.6260 0.0505 0.0420 0.0934 0.0638 0.0407 
         232  1 0.1424 0.0597 0.3041 0.0522 0.1550 0.0847 0.0558 0.1461 
         233  1 0.0817 0.0432 0.0659 0.0826 0.0683 0.5039 0.0785 0.0758 
         234  1 0.0803 0.0984 0.4324 0.0842 0.0756 0.0937 0.0768 0.0585 
         235  1 0.0843 0.0447 0.0635 0.1472 0.1461 0.0345 0.1672 0.3126 
         236  1 0.1576 0.0614 0.0537 0.1919 0.1516 0.1185 0.1677 0.0976 
         237  1 0.1129 0.1034 0.3426 0.0898 0.0969 0.0694 0.0922 0.0927 
         238  1 0.1649 0.0577 0.0421 0.2092 0.1655 0.0681 0.1793 0.1134 
         239  1 0.1168 0.4725 0.0538 0.0463 0.1237 0.0415 0.0499 0.0955 
         240  1 0.1880 0.1047 0.0664 0.2113 0.1257 0.0392 0.1735 0.0912 
         241  1 0.1171 0.0491 0.0780 0.1814 0.1135 0.1288 0.1606 0.1714 
         242  1 0.0783 0.4549 0.0583 0.0829 0.0758 0.1162 0.0746 0.0589 
         243  1 0.1229 0.0471 0.3294 0.1406 0.1136 0.0587 0.1108 0.0768 
         244  1 0.2286 0.0339 0.0564 0.1401 0.2061 0.0430 0.1212 0.1705 
         245  1 0.0685 0.2512 0.3473 0.0736 0.0556 0.1012 0.0565 0.0462 
         246  1 0.1616 0.0610 0.2653 0.0841 0.1380 0.0949 0.0821 0.1131 
         247  1 0.0993 0.3950 0.0724 0.1209 0.0810 0.0528 0.1058 0.0728 
         248  1 0.0843 0.0717 0.0735 0.1302 0.1247 0.0853 0.1401 0.2903 
         249  1 0.0609 0.0453 0.5910 0.0728 0.0628 0.0429 0.0761 0.0483 
         250  1 0.0743 0.0672 0.0618 0.1270 0.0905 0.2552 0.1767 0.1473 
         251  1 0.0481 0.1855 0.5033 0.0380 0.0448 0.0942 0.0394 0.0467 
         252  1 0.1410 0.1361 0.0906 0.1748 0.1484 0.0583 0.1709 0.0798 
         253  1 0.1982 0.0450 0.0331 0.1242 0.2390 0.0457 0.1291 0.1857 
         254  1 0.1141 0.1446 0.0377 0.1585 0.1179 0.1666 0.1666 0.0940 
         255  1 0.1578 0.0434 0.2594 0.0928 0.1281 0.0817 0.1015 0.1353 
         256  1 0.1431 0.0339 0.0444 0.2127 0.2007 0.0672 0.1829 0.1150 
         257  1 0.0774 0.2812 0.0681 0.0866 0.0663 0.2851 0.0744 0.0610 
         258  1 0.0751 0.4526 0.0539 0.0965 0.0950 0.0431 0.0850 0.0989 
         259  1 0.0587 0.5631 0.0571 0.0658 0.0622 0.0618 0.0626 0.0688 
         260  1 0.1176 0.0347 0.0487 0.1756 0.1274 0.1320 0.1655 0.1984 
         261  1 0.1918 0.0389 0.0408 0.1027 0.2081 0.1338 0.0961 0.1877 
         262  1 0.2159 0.0783 0.0466 0.1725 0.1446 0.0593 0.1562 0.1266 
         263  1 0.1409 0.0698 0.0591 0.1914 0.1262 0.1194 0.1977 0.0956 
         264  1 0.2149 0.0392 0.0554 0.1120 0.2681 0.0332 0.0965 0.1809 
         265  1 0.1350 0.1473 0.0896 0.0982 0.1291 0.0651 0.1099 0.2258 
         266  1 0.0923 0.0619 0.1261 0.1645 0.1139 0.0644 0.1632 0.2138 
         267  1 0.0623 0.0632 0.0742 0.0668 0.0580 0.5477 0.0739 0.0539 
         268  1 0.0686 0.0655 0.4915 0.0756 0.0832 0.0632 0.0823 0.0700 
         269  1 0.0810 0.0901 0.1003 0.1214 0.1095 0.1448 0.1247 0.2283 
         270  1 0.0663 0.0684 0.0633 0.1429 0.1214 0.0501 0.1614 0.3263 
         271  1 0.1597 0.0317 0.1269 0.1400 0.2274 0.0490 0.1347 0.1306 
         272  1 0.2018 0.0578 0.0778 0.1581 0.1624 0.0578 0.1436 0.1408 
         273  1 0.0578 0.1123 0.5369 0.0556 0.0594 0.0641 0.0619 0.0519 
         274  1 0.0427 0.0520 0.0555 0.1115 0.1314 0.0466 0.1561 0.4042 
         275  1 0.0918 0.0685 0.0847 0.0976 0.1010 0.3728 0.0956 0.0879 
         276  1 0.1262 0.0804 0.0737 0.1786 0.1104 0.1207 0.1521 0.1580 
         277  1 0.1198 0.0601 0.0585 0.1934 0.2116 0.0474 0.1844 0.1248 
         278  1 0.1035 0.0869 0.1711 0.1155 0.0879 0.2360 0.1191 0.0800 
         279  1 0.1569 0.1363 0.0345 0.1887 0.1565 0.0352 0.1544 0.1374 
         280  1 0.1286 0.0851 0.0570 0.1553 0.1407 0.1310 0.1758 0.1265 
         281  1 0.0434 0.1222 0.5910 0.0482 0.0459 0.0527 0.0492 0.0474 
         282  1 0.1467 0.0423 0.0414 0.1937 0.2047 0.0410 0.1926 0.1376 
         283  1 0.2235 0.0868 0.1045 0.1178 0.1262 0.0747 0.1242 0.1423 
         284  1 0.1303 0.1222 0.1967 0.1132 0.0957 0.1225 0.1133 0.1061 
         285  1 0.1232 0.1367 0.1376 0.1436 0.1059 0.1399 0.1268 0.0864 
         286  1 0.1167 0.2921 0.0494 0.1461 0.1261 0.0555 0.1272 0.0869 
         287  1 0.1996 0.0364 0.0701 0.2014 0.1729 0.0749 0.1652 0.0796 
         288  1 0.1334 0.0882 0.0622 0.1536 0.1610 0.1110 0.1833 0.1073 
         289  1 0.1393 0.0516 0.1399 0.1432 0.1391 0.0762 0.1723 0.1383 
         290  1 0.2208 0.0385 0.0464 0.2161 0.1641 0.0617 0.1611 0.0912 
         291  1 0.1765 0.0419 0.0476 0.2169 0.1892 0.0339 0.1802 0.1140 
         292  1 0.1640 0.0531 0.2258 0.0665 0.1315 0.1424 0.0753 0.1415 
         293  1 0.0641 0.1065 0.0429 0.0670 0.0507 0.5524 0.0621 0.0542 
         294  1 0.1432 0.0596 0.0547 0.1778 0.1626 0.0441 0.2005 0.1575 
         295  1 0.2476 0.0617 0.0473 0.0606 0.2411 0.0611 0.0675 0.2130 
         296  1 0.1579 0.0567 0.0917 0.1714 0.1978 0.0513 0.1581 0.1151 
         297  1 0.2542 0.0639 0.0543 0.1157 0.1484 0.0646 0.1293 0.1697 
         298  1 0.0504 0.3134 0.0619 0.0775 0.0591 0.2402 0.0915 0.1058 
         299  1 0.1532 0.1936 0.0582 0.1775 0.1223 0.0657 0.1307 0.0988 
         300  1 0.0743 0.4559 0.0523 0.0904 0.0701 0.0796 0.0846 0.0928 
         301  1 0.1360 0.2148 0.0517 0.1306 0.1244 0.0947 0.1351 0.1127 
         302  1 0.0711 0.2724 0.0480 0.1119 0.1189 0.0504 0.1160 0.2113 
         303  1 0.1655 0.0443 0.0577 0.2161 0.1532 0.0432 0.2058 0.1143 
         304  1 0.0796 0.1497 0.0458 0.1237 0.0812 0.2298 0.1628 0.1273 
         305  1 0.1076 0.1198 0.0816 0.1263 0.1320 0.1017 0.1559 0.1752 
         306  1 0.1166 0.0401 0.0546 0.1529 0.0938 0.3217 0.1366 0.0838 
         307  1 0.1641 0.0534 0.1035 0.2203 0.1455 0.0569 0.1682 0.0881 
         308  1 0.1013 0.2359 0.1152 0.1136 0.1150 0.0725 0.1221 0.1245 
         309  1 0.1152 0.0710 0.0982 0.1682 0.0979 0.1476 0.1488 0.1531 
         310  1 0.0644 0.1094 0.0541 0.0609 0.0603 0.5211 0.0624 0.0674 
         311  1 0.0622 0.0821 0.0356 0.0632 0.0571 0.5701 0.0659 0.0639 
         312  1 0.0332 0.2836 0.0297 0.0912 0.0920 0.0487 0.1222 0.2994 
         313  1 0.2060 0.1511 0.0604 0.0612 0.2388 0.0411 0.0616 0.1798 
         314  1 0.0798 0.4640 0.0637 0.0690 0.0816 0.0987 0.0684 0.0747 
         315  1 0.0443 0.2757 0.0342 0.0899 0.0949 0.0823 0.1139 0.2648 
         316  1 0.0722 0.0955 0.1355 0.0521 0.0683 0.4680 0.0519 0.0565 
         317  1 0.0606 0.0630 0.2386 0.0807 0.0736 0.3287 0.0823 0.0724 
         318  1 0.0970 0.2566 0.0523 0.1149 0.1404 0.0457 0.1161 0.1771 
         319  1 0.0470 0.0558 0.3212 0.0488 0.0467 0.3823 0.0484 0.0498 
         320  1 0.0618 0.5649 0.0464 0.0672 0.0832 0.0375 0.0709 0.0680 
         321  1 0.2207 0.0660 0.0820 0.1552 0.1373 0.0705 0.1443 0.1240 
         322  1 0.1364 0.0412 0.0398 0.1574 0.1596 0.1636 0.1559 0.1460 
         323  1 0.1273 0.0734 0.0500 0.1747 0.1426 0.1457 0.1742 0.1122 
         324  1 0.0601 0.5083 0.0573 0.0607 0.0683 0.1194 0.0619 0.0640 
         325  1 0.0467 0.0772 0.3667 0.0624 0.0535 0.2529 0.0723 0.0684 
         326  1 0.1304 0.0772 0.0587 0.1537 0.1351 0.1767 0.1488 0.1194 
         327  1 0.1133 0.0440 0.0451 0.0615 0.1232 0.4553 0.0638 0.0938 
         328  1 0.1439 0.0898 0.0469 0.2033 0.1402 0.0675 0.2040 0.1045 
         329  1 0.1464 0.0821 0.0552 0.1848 0.1879 0.0529 0.1790 0.1117 
         330  1 0.1366 0.1076 0.0419 0.1883 0.1687 0.0802 0.1759 0.1008 
         331  1 0.1672 0.0653 0.1126 0.1360 0.1660 0.0741 0.1273 0.1515 
         332  1 0.1533 0.0353 0.0575 0.1919 0.2166 0.0547 0.1662 0.1245 
         333  1 0.1220 0.3384 0.1160 0.0893 0.1068 0.0667 0.0766 0.0842 
         334  1 0.0443 0.0465 0.0441 0.0410 0.0454 0.6871 0.0458 0.0457 
         335  1 0.0743 0.0909 0.4714 0.0845 0.0739 0.0496 0.0711 0.0845 
         336  1 0.1181 0.0608 0.0646 0.1712 0.1317 0.1514 0.2055 0.0968 
         337  1 0.1015 0.4173 0.0719 0.1000 0.0902 0.0548 0.0958 0.0685 
         338  1 0.1523 0.0416 0.0602 0.2076 0.1500 0.0897 0.2059 0.0927 
         339  1 0.0573 0.0676 0.5856 0.0623 0.0567 0.0655 0.0606 0.0443 
         340  1 0.1328 0.0840 0.0551 0.1408 0.1555 0.1231 0.1668 0.1419 
         341  1 0.1371 0.0754 0.0463 0.1844 0.1752 0.0560 0.1897 0.1359 
         342  1 0.2570 0.0461 0.0562 0.1006 0.1838 0.0528 0.1240 0.1795 
         343  1 0.0466 0.6130 0.1074 0.0427 0.0478 0.0581 0.0420 0.0423 
         344  1 0.1301 0.0459 0.1695 0.1921 0.1324 0.0394 0.1501 0.1404 
         345  1 0.0545 0.0592 0.6016 0.0564 0.0576 0.0637 0.0581 0.0489 
         346  1 0.0624 0.6150 0.0521 0.0523 0.0633 0.0405 0.0579 0.0565 
         347  1 0.1150 0.0382 0.3025 0.1497 0.0928 0.0933 0.1440 0.0645 
         348  1 0.1295 0.0506 0.1416 0.0995 0.1078 0.2503 0.0944 0.1262 
         349  1 0.1136 0.0995 0.3432 0.0970 0.0875 0.0900 0.0926 0.0765 
         350  1 0.0881 0.1099 0.0392 0.0848 0.0937 0.4146 0.0811 0.0886 
         351  1 0.1274 0.0835 0.0747 0.1703 0.1337 0.1534 0.1783 0.0786 
         352  1 0.1720 0.0355 0.0738 0.1970 0.1532 0.0986 0.1725 0.0973 
         353  1 0.0654 0.0464 0.0471 0.0494 0.0612 0.6132 0.0521 0.0652 
         354  1 0.1604 0.0917 0.1013 0.1000 0.1493 0.1877 0.0896 0.1200 
         355  1 0.0997 0.0297 0.0502 0.0968 0.0831 0.4895 0.0865 0.0645 
         356  1 0.0526 0.6381 0.0337 0.0532 0.0632 0.0390 0.0566 0.0637 
         357  1 0.2240 0.0470 0.0533 0.0756 0.2474 0.0545 0.0908 0.2074 
         358  1 0.0723 0.0575 0.0589 0.1188 0.1310 0.1053 0.1380 0.3183 
         359  1 0.1233 0.2912 0.0592 0.1208 0.1180 0.0591 0.1018 0.1266 
         360  1 0.1982 0.0390 0.0461 0.1299 0.1424 0.1641 0.1353 0.1449 
         361  1 0.0794 0.0622 0.0423 0.1221 0.1551 0.0593 0.1394 0.3402 
         362  1 0.1825 0.0830 0.0820 0.1998 0.1275 0.0480 0.1990 0.0782 
         363  1 0.1578 0.0268 0.0476 0.2208 0.1641 0.0681 0.2302 0.0846 
         364  1 0.1862 0.0711 0.0593 0.1860 0.1092 0.1020 0.1864 0.0998 
         365  1 0.0825 0.0896 0.3756 0.1263 0.0819 0.0392 0.1159 0.0890 
         366  1 0.1038 0.2076 0.0561 0.1348 0.1017 0.1237 0.1323 0.1400 
         367  1 0.0993 0.0350 0.0566 0.1497 0.1082 0.2066 0.1651 0.1794 
         368  1 0.1341 0.0297 0.2375 0.1825 0.1089 0.0803 0.1564 0.0705 
         369  1 0.1980 0.0638 0.0618 0.1749 0.2050 0.0471 0.1313 0.1181 
         370  1 0.0914 0.0847 0.1000 0.1082 0.0923 0.3140 0.1214 0.0881 
         371  1 0.2029 0.0608 0.0974 0.1567 0.1607 0.0617 0.1419 0.1178 
         372  1 0.2306 0.0341 0.0781 0.1273 0.1946 0.0690 0.1236 0.1427 
         373  1 0.0973 0.3362 0.0603 0.0989 0.1274 0.0762 0.1061 0.0977 
         374  1 0.0837 0.1524 0.1071 0.1178 0.1108 0.0604 0.1290 0.2387 
         375  1 0.2699 0.0449 0.0500 0.0779 0.2333 0.0361 0.0861 0.2018 
         376  1 0.0922 0.0629 0.4421 0.1021 0.0818 0.0705 0.0867 0.0617 
         377  1 0.0617 0.5977 0.0529 0.0715 0.0582 0.0388 0.0668 0.0523 
         378  1 0.0752 0.5518 0.0782 0.0594 0.0749 0.0391 0.0560 0.0654 
         379  1 0.0813 0.0352 0.0875 0.0751 0.0732 0.5079 0.0757 0.0640 
         380  1 0.1563 0.0759 0.0914 0.1468 0.1010 0.1854 0.1344 0.1088 
         381  1 0.1481 0.0620 0.0673 0.1694 0.1507 0.0584 0.1436 0.2005 
         382  1 0.2497 0.0397 0.0699 0.0676 0.2103 0.0607 0.0782 0.2237 
         383  1 0.1536 0.0417 0.1142 0.2097 0.1512 0.0424 0.2041 0.0831 
         384  1 0.1154 0.2727 0.0854 0.1200 0.1249 0.0431 0.1106 0.1280 
         385  1 0.0614 0.2486 0.3886 0.0692 0.0623 0.0399 0.0630 0.0670 
         386  1 0.1394 0.0596 0.1704 0.1859 0.1407 0.0452 0.1835 0.0753 
         387  1 0.1382 0.0370 0.0389 0.1896 0.2089 0.0700 0.2008 0.1166 
         388  1 0.1853 0.0581 0.0676 0.1029 0.1989 0.0583 0.0953 0.2334 
         389  1 0.1368 0.0611 0.3447 0.0846 0.1019 0.0792 0.0911 0.1006 
         390  1 0.2328 0.0468 0.0873 0.1634 0.1469 0.0528 0.1435 0.1265 
         391  1 0.1429 0.0635 0.1156 0.1367 0.1799 0.0619 0.1491 0.1503 
         392  1 0.1046 0.0818 0.0531 0.1491 0.1261 0.0837 0.1636 0.2381 
         393  1 0.1247 0.1275 0.1287 0.1187 0.1265 0.1241 0.1215 0.1284 
         394  1 0.0762 0.0351 0.3441 0.0899 0.0904 0.1274 0.1084 0.1285 
         395  1 0.2089 0.0412 0.0475 0.2255 0.1335 0.0486 0.2280 0.0669 
         396  1 0.1970 0.2431 0.0575 0.0567 0.1744 0.0532 0.0614 0.1566 
         397  1 0.1544 0.1109 0.0572 0.1986 0.1614 0.0529 0.1600 0.1047 
         398  1 0.1191 0.1497 0.0476 0.1688 0.1502 0.0463 0.1493 0.1689 
         399  1 0.2123 0.0419 0.0486 0.1563 0.1493 0.0818 0.1452 0.1645 
         400  1 0.1334 0.0913 0.1052 0.1591 0.1581 0.0997 0.1518 0.1015 
         401  1 0.1334 0.0571 0.0510 0.2027 0.1800 0.0472 0.2093 0.1194 
         402  1 0.0796 0.0461 0.4815 0.0765 0.0844 0.0581 0.0783 0.0956 
         403  1 0.0778 0.1246 0.0598 0.1267 0.1280 0.0869 0.1485 0.2476 
         404  1 0.1345 0.0606 0.1481 0.1599 0.1281 0.0713 0.1533 0.1443 
         405  1 0.1026 0.0987 0.3761 0.0865 0.0910 0.0489 0.0864 0.1097 
         406  1 0.2445 0.0699 0.0768 0.0759 0.2381 0.0454 0.0660 0.1835 
         407  1 0.2026 0.0427 0.0789 0.1624 0.1233 0.1394 0.1487 0.1021 
         408  1 0.0946 0.2812 0.0762 0.1288 0.0836 0.1037 0.1515 0.0804 
         409  1 0.1153 0.0476 0.2183 0.1428 0.1099 0.1021 0.1607 0.1034 
         410  1 0.2142 0.0444 0.0407 0.2288 0.1621 0.0555 0.1676 0.0868 
         411  1 0.1093 0.2116 0.0766 0.1553 0.1505 0.0578 0.1448 0.0941 
         412  1 0.1349 0.0694 0.0697 0.1359 0.0907 0.2619 0.1023 0.1352 
         413  1 0.0934 0.1129 0.3205 0.0947 0.0777 0.1193 0.1048 0.0767 
         414  1 0.1137 0.1001 0.1885 0.1209 0.1046 0.1369 0.1319 0.1035 
         415  1 0.0533 0.6085 0.0682 0.0583 0.0602 0.0400 0.0619 0.0496 
         416  1 0.0546 0.0410 0.6258 0.0481 0.0541 0.0720 0.0560 0.0484 
         417  1 0.1676 0.0759 0.0707 0.1883 0.1463 0.0867 0.1722 0.0923 
         418  1 0.1332 0.0519 0.1503 0.1574 0.1043 0.1602 0.1649 0.0779 
         419  1 0.2033 0.1114 0.0760 0.1314 0.1363 0.0819 0.1301 0.1298 
         420  1 0.1698 0.0892 0.0566 0.1649 0.1748 0.0565 0.1573 0.1308 
         421  1 0.1367 0.1102 0.2387 0.1376 0.1260 0.0603 0.1033 0.0871 
         422  1 0.1026 0.2488 0.1080 0.1322 0.0825 0.1453 0.1130 0.0676 
         423  1 0.2164 0.0257 0.0455 0.2350 0.1618 0.0377 0.1788 0.0991 
         424  1 0.0639 0.4905 0.0660 0.0770 0.0810 0.0384 0.0709 0.1122 
         425  1 0.1590 0.1401 0.0595 0.1405 0.1806 0.0616 0.1247 0.1339 
         426  1 0.0943 0.0612 0.3391 0.1118 0.1027 0.0723 0.1149 0.1036 
         427  1 0.1218 0.0373 0.1034 0.1323 0.1266 0.2163 0.1610 0.1013 
         428  1 0.1430 0.0616 0.0521 0.1669 0.1832 0.1209 0.1592 0.1131 
         429  1 0.1733 0.0498 0.0762 0.2191 0.1625 0.0521 0.1781 0.0889 
         430  1 0.0468 0.0958 0.0347 0.1044 0.1263 0.0605 0.1523 0.3792 
         431  1 0.1898 0.0588 0.0703 0.2279 0.1150 0.0658 0.1962 0.0764 
         432  1 0.0591 0.0486 0.1942 0.0649 0.0556 0.4489 0.0646 0.0639 
         433  1 0.2242 0.0903 0.0675 0.0619 0.2147 0.0759 0.0699 0.1955 
         434  1 0.0710 0.2468 0.3004 0.0717 0.0767 0.0740 0.0730 0.0864 
         435  1 0.1617 0.0404 0.0427 0.1410 0.1651 0.1388 0.1524 0.1579 
         436  1 0.1886 0.0689 0.1084 0.0961 0.1502 0.1124 0.1128 0.1628 
         437  1 0.0905 0.3812 0.0465 0.0912 0.0975 0.0645 0.0923 0.1363 
         438  1 0.0536 0.0734 0.0680 0.0788 0.0650 0.4245 0.0951 0.1416 
         439  1 0.1757 0.0418 0.0586 0.1759 0.1786 0.0485 0.1728 0.1480 
         440  1 0.0511 0.5595 0.0530 0.0655 0.0625 0.0685 0.0665 0.0733 
         441  1 0.0930 0.0696 0.5131 0.0701 0.0675 0.0555 0.0652 0.0660 
         442  1 0.1522 0.0434 0.0395 0.0973 0.1649 0.1231 0.1200 0.2597 
         443  1 0.2557 0.0471 0.0526 0.0942 0.1977 0.0494 0.1001 0.2033 
         444  1 0.1447 0.0406 0.0608 0.1749 0.2013 0.0508 0.1774 0.1495 
         445  1 0.2249 0.0289 0.0442 0.2085 0.1238 0.0611 0.1905 0.1180 
         446  1 0.0574 0.0336 0.5617 0.0665 0.0608 0.0908 0.0681 0.0612 
         447  1 0.1747 0.0521 0.0405 0.1476 0.2187 0.0778 0.1449 0.1436 
         448  1 0.0598 0.0511 0.0697 0.1210 0.1265 0.1045 0.1505 0.3169 
         449  1 0.0601 0.5758 0.0777 0.0544 0.0630 0.0417 0.0617 0.0656 
         450  1 0.0642 0.0565 0.5233 0.0489 0.0638 0.1270 0.0500 0.0664 
         451  1 0.0599 0.0857 0.5486 0.0603 0.0588 0.0787 0.0567 0.0514 
         452  1 0.2627 0.0347 0.0392 0.0662 0.2724 0.0529 0.0620 0.2098 
         453  1 0.0529 0.0683 0.0597 0.0462 0.0523 0.6176 0.0512 0.0518 
         454  1 0.1058 0.0528 0.1112 0.1150 0.1156 0.2452 0.1257 0.1288 
         455  1 0.1256 0.0388 0.0564 0.1618 0.1412 0.2114 0.1756 0.0893 
         456  1 0.0600 0.0586 0.5291 0.0650 0.0620 0.0956 0.0706 0.0591 
         457  1 0.0567 0.6014 0.0621 0.0660 0.0522 0.0556 0.0616 0.0444 
         458  1 0.1432 0.0977 0.0452 0.1939 0.1961 0.0382 0.1788 0.1069 
         459  1 0.0874 0.0653 0.3985 0.0633 0.0657 0.1848 0.0717 0.0634 
         460  1 0.1604 0.0383 0.0409 0.1739 0.2320 0.0457 0.1679 0.1411 
         461  1 0.0623 0.5663 0.0625 0.0576 0.0601 0.0667 0.0601 0.0644 
         462  1 0.0645 0.0681 0.0729 0.0511 0.0669 0.5677 0.0499 0.0589 
         463  1 0.0945 0.1209 0.3351 0.1180 0.0735 0.0874 0.0971 0.0735 
         464  1 0.1425 0.0574 0.0634 0.1363 0.2100 0.0577 0.1485 0.1842 
         465  1 0.0600 0.1666 0.4578 0.0720 0.0583 0.0524 0.0683 0.0647 
         466  1 0.1549 0.0372 0.0933 0.1765 0.1506 0.1144 0.1611 0.1121 
         467  1 0.2473 0.0390 0.0651 0.0633 0.2649 0.0620 0.0552 0.2032 
         468  1 0.1527 0.0407 0.1567 0.1951 0.1352 0.0464 0.1675 0.1057 
         469  1 0.2994 0.0284 0.0410 0.1053 0.2374 0.0312 0.0937 0.1636 
         470  1 0.1019 0.0435 0.1232 0.1379 0.1222 0.1436 0.1320 0.1956 
         471  1 0.1393 0.0490 0.0711 0.1546 0.1419 0.0458 0.1556 0.2427 
         472  1 0.1269 0.0791 0.1047 0.1621 0.1312 0.0916 0.1739 0.1305 
         473  1 0.1324 0.0748 0.1153 0.1842 0.1438 0.0640 0.1867 0.0989 
         474  1 0.1817 0.0388 0.0813 0.2029 0.1606 0.0384 0.1932 0.1031 
         475  1 0.1485 0.0586 0.0404 0.2288 0.1220 0.0313 0.1571 0.2135 
         476  1 0.0809 0.0623 0.3809 0.1082 0.0737 0.1209 0.0970 0.0763 
         477  1 0.1304 0.0478 0.0604 0.2066 0.1767 0.0429 0.1786 0.1566 
         478  1 0.0516 0.6241 0.0483 0.0553 0.0544 0.0535 0.0546 0.0582 
         479  1 0.1676 0.0555 0.0716 0.1756 0.1859 0.0648 0.1659 0.1130 
         480  1 0.2475 0.0470 0.0414 0.0613 0.2476 0.0511 0.0679 0.2362 
         481  1 0.0893 0.0877 0.0938 0.1106 0.1317 0.1044 0.1295 0.2531 
         482  1 0.0647 0.5764 0.0574 0.0616 0.0643 0.0582 0.0607 0.0569 
         483  1 0.1227 0.0818 0.0739 0.1393 0.1411 0.1945 0.1376 0.1090 
         484  1 0.2131 0.0857 0.0366 0.2133 0.1734 0.0402 0.1542 0.0834 
         485  1 0.2640 0.0368 0.0471 0.1269 0.2150 0.0338 0.1122 0.1641 
         486  1 0.0640 0.0462 0.6149 0.0423 0.0602 0.0689 0.0440 0.0596 
         487  1 0.2020 0.0668 0.0859 0.1066 0.2075 0.0717 0.1030 0.1565 
         488  1 0.1925 0.0291 0.0503 0.2692 0.1754 0.0396 0.1711 0.0727 
         489  1 0.1340 0.1184 0.0651 0.1509 0.1333 0.1038 0.1642 0.1304 
         490  1 0.1425 0.0430 0.0966 0.1516 0.1728 0.0539 0.1654 0.1742 
         491  1 0.2456 0.0424 0.0631 0.0980 0.1695 0.0597 0.1242 0.1975 
         492  1 0.2677 0.0517 0.0384 0.1285 0.1587 0.0359 0.1545 0.1648 
