           1  1 0.4436 0.0596 0.0710 0.0566 0.0824 0.0618 0.0770 0.0762 0.0718 
           2  1 0.0903 0.1226 0.0829 0.0415 0.1585 0.1412 0.1052 0.1056 0.1522 
           3  1 0.0492 0.0898 0.1282 0.0398 0.0791 0.2233 0.0542 0.1639 0.1726 
           4  1 0.2574 0.1668 0.0576 0.0717 0.1866 0.0686 0.0565 0.0824 0.0525 
           5  1 0.0975 0.2619 0.0572 0.0319 0.2855 0.0869 0.0361 0.0933 0.0498 
           6  1 0.0818 0.0911 0.1380 0.0838 0.0758 0.1847 0.0515 0.1431 0.1502 
           7  1 0.0658 0.0807 0.1268 0.1663 0.1285 0.1553 0.0228 0.1250 0.1289 
           8  1 0.5166 0.0748 0.0551 0.0547 0.0730 0.0468 0.0803 0.0537 0.0449 
           9  1 0.0431 0.0826 0.1744 0.0295 0.0882 0.2154 0.0432 0.1599 0.1636 
          10  1 0.0436 0.2728 0.0532 0.0422 0.3059 0.0940 0.0364 0.1054 0.0466 
          11  1 0.0395 0.0481 0.0732 0.5519 0.0509 0.0546 0.0549 0.0656 0.0614 
          12  1 0.2615 0.0836 0.0707 0.0313 0.1137 0.1196 0.1006 0.0873 0.1318 
          13  1 0.2298 0.0846 0.0916 0.2184 0.0743 0.0625 0.0808 0.0810 0.0771 
          14  1 0.0641 0.1714 0.0797 0.0345 0.1816 0.1427 0.1055 0.1247 0.0956 
          15  1 0.0351 0.0793 0.1311 0.0308 0.1200 0.1283 0.2116 0.1277 0.1362 
          16  1 0.2870 0.0639 0.0742 0.2571 0.0671 0.0592 0.0596 0.0692 0.0625 
          17  1 0.0439 0.0854 0.0785 0.3667 0.0967 0.0790 0.0806 0.0827 0.0864 
          18  1 0.6023 0.0486 0.0491 0.0358 0.0491 0.0507 0.0511 0.0577 0.0555 
          19  1 0.0556 0.1108 0.1456 0.0872 0.1378 0.1392 0.0572 0.1438 0.1229 
          20  1 0.1300 0.1314 0.1361 0.0728 0.1371 0.1198 0.0426 0.1246 0.1054 
          21  1 0.0436 0.2172 0.0713 0.0835 0.2336 0.0881 0.1064 0.0911 0.0652 
          22  1 0.0796 0.0871 0.1427 0.0410 0.1372 0.0891 0.1667 0.1529 0.1037 
          23  1 0.0349 0.0767 0.0731 0.0938 0.1331 0.2147 0.0403 0.1086 0.2248 
          24  1 0.0247 0.1246 0.1783 0.0661 0.0845 0.1536 0.0419 0.1651 0.1612 
          25  1 0.1081 0.0452 0.0638 0.5024 0.0566 0.0465 0.0627 0.0625 0.0521 
          26  1 0.0359 0.0962 0.0973 0.0418 0.1222 0.2124 0.0339 0.1427 0.2176 
          27  1 0.1608 0.0839 0.1051 0.0542 0.1081 0.0733 0.2233 0.1057 0.0857 
          28  1 0.0297 0.0818 0.1432 0.2491 0.1104 0.0822 0.0602 0.1244 0.1190 
          29  1 0.0372 0.1201 0.1328 0.0331 0.1066 0.2042 0.0430 0.1640 0.1590 
          30  1 0.0587 0.0907 0.1563 0.0410 0.1220 0.0918 0.1689 0.1544 0.1161 
          31  1 0.0494 0.1099 0.1250 0.2284 0.1057 0.0984 0.0638 0.1118 0.1077 
          32  1 0.0385 0.0780 0.1593 0.0500 0.1284 0.1121 0.1220 0.1769 0.1348 
          33  1 0.0459 0.0814 0.1111 0.0744 0.0898 0.0982 0.2789 0.1064 0.1139 
          34  1 0.0609 0.0862 0.1168 0.1372 0.1202 0.1246 0.0889 0.1293 0.1360 
          35  1 0.0465 0.2443 0.0660 0.0285 0.2728 0.1122 0.0474 0.1069 0.0755 
          36  1 0.0350 0.1994 0.1917 0.0406 0.0985 0.1180 0.0570 0.1484 0.1114 
          37  1 0.0550 0.0626 0.0635 0.4543 0.0747 0.0907 0.0322 0.0734 0.0936 
          38  1 0.0287 0.1108 0.1994 0.0535 0.1279 0.1104 0.0397 0.1981 0.1314 
          39  1 0.2139 0.0995 0.1246 0.0804 0.1020 0.0933 0.0692 0.1192 0.0980 
          40  1 0.0345 0.0520 0.0524 0.0544 0.0498 0.0505 0.6056 0.0503 0.0505 
          41  1 0.0792 0.0925 0.1514 0.0347 0.1267 0.1459 0.0710 0.1651 0.1335 
          42  1 0.0307 0.1450 0.1321 0.2894 0.0686 0.1047 0.0576 0.1101 0.0618 
          43  1 0.0230 0.1883 0.0996 0.0287 0.1766 0.1509 0.0276 0.1331 0.1722 
          44  1 0.0321 0.1979 0.1375 0.0818 0.1166 0.1353 0.0481 0.1469 0.1039 
          45  1 0.6089 0.0502 0.0475 0.0525 0.0449 0.0474 0.0528 0.0491 0.0467 
          46  1 0.0314 0.1616 0.0934 0.0504 0.1604 0.1411 0.0733 0.1223 0.1660 
          47  1 0.4780 0.0795 0.0745 0.0551 0.0605 0.0728 0.0402 0.0734 0.0661 
          48  1 0.0238 0.1153 0.1525 0.0673 0.0928 0.1734 0.0481 0.1721 0.1546 
          49  1 0.0872 0.1027 0.1306 0.0335 0.1275 0.1108 0.1009 0.1264 0.1805 
          50  1 0.0407 0.2302 0.0777 0.0607 0.2517 0.0812 0.0753 0.1039 0.0786 
          51  1 0.0365 0.1297 0.0963 0.0459 0.1216 0.0762 0.2821 0.0970 0.1146 
          52  1 0.0431 0.0664 0.0711 0.0520 0.0664 0.0670 0.5083 0.0622 0.0635 
          53  1 0.0431 0.1398 0.1624 0.0456 0.1501 0.0977 0.0757 0.1422 0.1435 
          54  1 0.3637 0.0748 0.0746 0.0351 0.0609 0.0691 0.1858 0.0717 0.0642 
          55  1 0.0437 0.0952 0.0603 0.4039 0.1025 0.0807 0.0530 0.0770 0.0838 
          56  1 0.0567 0.1105 0.1601 0.1349 0.0913 0.1364 0.0497 0.1568 0.1035 
          57  1 0.0450 0.0912 0.1107 0.0387 0.1194 0.1883 0.0440 0.1484 0.2143 
          58  1 0.0350 0.1356 0.1664 0.0319 0.0871 0.1809 0.0536 0.1598 0.1496 
          59  1 0.0451 0.0958 0.1553 0.0403 0.1042 0.1649 0.0685 0.1792 0.1467 
          60  1 0.0645 0.1084 0.1588 0.0597 0.1243 0.1313 0.0574 0.1418 0.1540 
          61  1 0.0557 0.0415 0.0517 0.6462 0.0436 0.0367 0.0513 0.0373 0.0359 
          62  1 0.0408 0.1305 0.1718 0.0563 0.0723 0.1931 0.0425 0.1565 0.1363 
          63  1 0.1086 0.1820 0.1056 0.0844 0.1772 0.0857 0.0872 0.0980 0.0713 
          64  1 0.0483 0.1489 0.1194 0.0331 0.1420 0.0980 0.1462 0.1186 0.1456 
          65  1 0.0270 0.0860 0.1215 0.0715 0.0845 0.0892 0.2442 0.1063 0.1695 
          66  1 0.0497 0.2331 0.0888 0.0470 0.2498 0.0801 0.0786 0.1047 0.0682 
          67  1 0.0358 0.1600 0.1113 0.1048 0.1397 0.1365 0.0452 0.1219 0.1448 
          68  1 0.0474 0.0887 0.1511 0.0510 0.0905 0.1847 0.0619 0.1581 0.1665 
          69  1 0.5260 0.0789 0.0489 0.0509 0.0952 0.0419 0.0625 0.0552 0.0407 
          70  1 0.0236 0.2382 0.1984 0.0247 0.0648 0.1746 0.0243 0.1688 0.0826 
          71  1 0.0488 0.1469 0.1813 0.0411 0.1218 0.1504 0.0497 0.1400 0.1201 
          72  1 0.0510 0.0980 0.1302 0.0337 0.1301 0.1979 0.0629 0.1627 0.1334 
          73  1 0.5617 0.0554 0.0432 0.0807 0.0588 0.0479 0.0556 0.0466 0.0502 
          74  1 0.0429 0.1533 0.1545 0.0868 0.1603 0.0968 0.0407 0.1471 0.1177 
          75  1 0.0595 0.0516 0.0621 0.5369 0.0593 0.0481 0.0705 0.0578 0.0543 
          76  1 0.0622 0.1263 0.1331 0.0921 0.1063 0.1586 0.0575 0.1191 0.1449 
          77  1 0.0551 0.1109 0.1353 0.0468 0.1075 0.1734 0.0821 0.1473 0.1416 
          78  1 0.0400 0.0526 0.0708 0.5170 0.0613 0.0706 0.0449 0.0674 0.0753 
          79  1 0.1229 0.0646 0.0788 0.2394 0.0549 0.0585 0.2521 0.0753 0.0535 
          80  1 0.0358 0.1017 0.1530 0.0455 0.0832 0.1764 0.0470 0.1711 0.1863 
          81  1 0.0660 0.1510 0.1270 0.0625 0.1537 0.0841 0.0696 0.1278 0.1584 
          82  1 0.1047 0.1399 0.0833 0.1428 0.1580 0.0837 0.0995 0.0973 0.0909 
          83  1 0.0549 0.1000 0.1230 0.0528 0.1204 0.2057 0.0413 0.1650 0.1369 
          84  1 0.0706 0.1489 0.1390 0.0570 0.1230 0.1364 0.0984 0.1253 0.1015 
          85  1 0.5335 0.0653 0.0684 0.0329 0.0560 0.0654 0.0495 0.0679 0.0610 
          86  1 0.0649 0.1368 0.1273 0.0544 0.0908 0.1338 0.1244 0.1399 0.1276 
          87  1 0.0694 0.1573 0.1284 0.0351 0.1107 0.0948 0.1302 0.1318 0.1424 
          88  1 0.0399 0.0967 0.1368 0.1059 0.1147 0.1340 0.0919 0.1303 0.1498 
          89  1 0.0396 0.0512 0.0513 0.5907 0.0481 0.0521 0.0635 0.0511 0.0525 
          90  1 0.0531 0.1896 0.1059 0.0444 0.1521 0.1179 0.0517 0.1314 0.1540 
          91  1 0.0867 0.0686 0.1086 0.0502 0.0786 0.0656 0.3600 0.0962 0.0856 
          92  1 0.1001 0.0584 0.0647 0.0416 0.1181 0.2259 0.0369 0.1111 0.2433 
          93  1 0.0578 0.1153 0.1662 0.0601 0.1160 0.0862 0.0676 0.1514 0.1793 
          94  1 0.0406 0.2552 0.0756 0.0496 0.2838 0.0957 0.0314 0.1062 0.0618 
          95  1 0.0371 0.2364 0.1834 0.0419 0.0737 0.1113 0.0482 0.1521 0.1160 
          96  1 0.0286 0.0815 0.1113 0.3287 0.0712 0.0688 0.1308 0.0911 0.0881 
          97  1 0.0375 0.1258 0.0897 0.0515 0.1485 0.1799 0.0330 0.1320 0.2021 
          98  1 0.0745 0.0555 0.0767 0.0787 0.0645 0.0738 0.4270 0.0772 0.0721 
          99  1 0.0342 0.0968 0.1463 0.2068 0.0980 0.1100 0.0551 0.1324 0.1203 
         100  1 0.0424 0.0565 0.0463 0.1611 0.0538 0.0405 0.5157 0.0451 0.0385 
         101  1 0.0716 0.1027 0.1860 0.0427 0.0856 0.1819 0.0430 0.1582 0.1282 
         102  1 0.0522 0.1123 0.1778 0.0898 0.1182 0.0765 0.0761 0.1538 0.1433 
         103  1 0.0404 0.1011 0.1413 0.0862 0.1235 0.1539 0.0429 0.1466 0.1641 
         104  1 0.0583 0.0392 0.0466 0.6242 0.0511 0.0424 0.0507 0.0440 0.0433 
         105  1 0.0343 0.0319 0.0348 0.0776 0.0356 0.0342 0.6771 0.0346 0.0399 
         106  1 0.0250 0.1699 0.1567 0.0327 0.1794 0.0974 0.0378 0.1772 0.1239 
         107  1 0.1451 0.1970 0.0792 0.0397 0.2299 0.0872 0.0424 0.0995 0.0800 
         108  1 0.0854 0.0398 0.0377 0.1031 0.0410 0.0321 0.5892 0.0358 0.0359 
         109  1 0.0413 0.0486 0.0579 0.5867 0.0535 0.0627 0.0335 0.0554 0.0604 
         110  1 0.0654 0.1641 0.0913 0.1327 0.1605 0.1042 0.0781 0.1064 0.0974 
         111  1 0.0350 0.0849 0.0878 0.2528 0.0921 0.0619 0.2118 0.0808 0.0931 
         112  1 0.2038 0.1570 0.0881 0.0752 0.1504 0.0889 0.0582 0.0991 0.0793 
         113  1 0.0381 0.1297 0.1111 0.1376 0.1253 0.1255 0.0870 0.1147 0.1310 
         114  1 0.0786 0.0757 0.0695 0.3168 0.1149 0.0879 0.0790 0.0817 0.0960 
         115  1 0.0897 0.1971 0.1091 0.0512 0.2270 0.0877 0.0387 0.1241 0.0754 
         116  1 0.3686 0.0838 0.1122 0.0369 0.0962 0.0672 0.0414 0.1099 0.0838 
         117  1 0.0351 0.1011 0.1411 0.1267 0.0931 0.1647 0.0343 0.1586 0.1452 
         118  1 0.4934 0.0694 0.0761 0.0601 0.0593 0.0601 0.0510 0.0719 0.0587 
         119  1 0.0394 0.0842 0.0990 0.3765 0.0897 0.0827 0.0461 0.1001 0.0822 
         120  1 0.0462 0.1457 0.1420 0.0346 0.1321 0.0956 0.1125 0.1316 0.1596 
         121  1 0.0415 0.1315 0.1727 0.0545 0.0973 0.1458 0.0653 0.1488 0.1426 
         122  1 0.0429 0.1522 0.1433 0.0570 0.1418 0.1107 0.0749 0.1352 0.1419 
         123  1 0.0360 0.1353 0.0976 0.0371 0.1703 0.1761 0.0341 0.1221 0.1914 
         124  1 0.0457 0.1057 0.1535 0.0657 0.0946 0.1525 0.0495 0.1546 0.1783 
         125  1 0.2363 0.0908 0.0669 0.0512 0.1523 0.1264 0.0407 0.0902 0.1452 
         126  1 0.1055 0.1002 0.1563 0.0481 0.0838 0.1705 0.0592 0.1552 0.1211 
         127  1 0.0701 0.0909 0.1414 0.1274 0.1034 0.1081 0.0868 0.1269 0.1450 
         128  1 0.0396 0.0969 0.0693 0.0460 0.0925 0.0605 0.4632 0.0704 0.0615 
         129  1 0.0594 0.1558 0.1221 0.0424 0.1377 0.1183 0.0869 0.1261 0.1513 
         130  1 0.0479 0.1387 0.1456 0.0582 0.1615 0.1227 0.0376 0.1515 0.1363 
         131  1 0.0293 0.1761 0.1117 0.0640 0.1420 0.1273 0.0762 0.1234 0.1500 
         132  1 0.0851 0.1148 0.1387 0.1073 0.1043 0.0898 0.1044 0.1395 0.1161 
         133  1 0.0536 0.0488 0.0501 0.5684 0.0443 0.0402 0.1030 0.0465 0.0451 
         134  1 0.0295 0.1194 0.1718 0.0393 0.1463 0.1194 0.0411 0.1617 0.1715 
         135  1 0.0484 0.0971 0.1931 0.0378 0.1015 0.1613 0.0385 0.1861 0.1363 
         136  1 0.3607 0.0968 0.0805 0.0539 0.1030 0.0698 0.0567 0.0868 0.0917 
         137  1 0.0654 0.1204 0.1452 0.0732 0.1204 0.0924 0.0791 0.1325 0.1714 
         138  1 0.0433 0.0716 0.0704 0.0720 0.0760 0.0727 0.4423 0.0760 0.0759 
         139  1 0.5260 0.0634 0.0553 0.0390 0.0610 0.0586 0.0698 0.0610 0.0659 
         140  1 0.0372 0.0997 0.1944 0.0498 0.1105 0.1711 0.0371 0.1526 0.1477 
         141  1 0.0816 0.1017 0.1568 0.0809 0.1108 0.1090 0.0703 0.1354 0.1537 
         142  1 0.0548 0.0956 0.1255 0.3516 0.0853 0.0741 0.0439 0.0957 0.0735 
         143  1 0.1143 0.1135 0.1321 0.0505 0.0905 0.0954 0.1563 0.1145 0.1330 
         144  1 0.0377 0.1135 0.1588 0.0561 0.1151 0.1345 0.1260 0.1280 0.1302 
         145  1 0.0634 0.1558 0.1330 0.0542 0.1388 0.1224 0.0454 0.1383 0.1487 
         146  1 0.0478 0.1115 0.1741 0.0780 0.1175 0.1424 0.0394 0.1420 0.1473 
         147  1 0.0595 0.1739 0.1119 0.0630 0.1523 0.1120 0.0900 0.1255 0.1119 
         148  1 0.0397 0.0948 0.1295 0.0451 0.0800 0.1990 0.1120 0.1528 0.1472 
         149  1 0.0502 0.0763 0.0855 0.3473 0.0908 0.0842 0.0942 0.0798 0.0916 
         150  1 0.0339 0.0784 0.1147 0.3531 0.0906 0.0907 0.0421 0.1033 0.0931 
         151  1 0.0753 0.0501 0.0481 0.6027 0.0480 0.0406 0.0566 0.0424 0.0362 
         152  1 0.0446 0.1534 0.2012 0.0338 0.0708 0.1513 0.0531 0.1600 0.1318 
         153  1 0.1268 0.0594 0.0375 0.0448 0.0589 0.0409 0.5505 0.0433 0.0379 
         154  1 0.0325 0.1128 0.1738 0.0799 0.1092 0.1076 0.0666 0.1574 0.1601 
         155  1 0.0355 0.1245 0.1668 0.0511 0.1085 0.1123 0.0537 0.1483 0.1994 
         156  1 0.1027 0.1077 0.1398 0.1424 0.1061 0.1023 0.0702 0.1173 0.1115 
         157  1 0.0992 0.0682 0.0678 0.1085 0.1250 0.1818 0.0663 0.0933 0.1899 
         158  1 0.0758 0.0936 0.1131 0.1317 0.1115 0.1082 0.1157 0.1101 0.1402 
         159  1 0.0425 0.2330 0.0661 0.0510 0.2565 0.1170 0.0475 0.1015 0.0849 
         160  1 0.5919 0.0510 0.0540 0.0498 0.0566 0.0546 0.0350 0.0533 0.0537 
         161  1 0.5121 0.0539 0.0532 0.0726 0.0563 0.0660 0.0577 0.0602 0.0680 
         162  1 0.0388 0.1100 0.1756 0.0376 0.1131 0.1469 0.0878 0.1695 0.1207 
         163  1 0.0412 0.0847 0.1060 0.1288 0.1457 0.1509 0.0401 0.1134 0.1894 
         164  1 0.5936 0.0593 0.0470 0.0550 0.0538 0.0475 0.0473 0.0488 0.0478 
         165  1 0.0630 0.0765 0.1147 0.1913 0.0926 0.1607 0.0472 0.1230 0.1312 
         166  1 0.0568 0.0794 0.0776 0.0456 0.0824 0.0659 0.4302 0.0791 0.0830 
         167  1 0.0387 0.0810 0.1173 0.0651 0.0928 0.1112 0.2600 0.1192 0.1147 
         168  1 0.1482 0.0956 0.1539 0.0688 0.0828 0.1108 0.0845 0.1420 0.1133 
         169  1 0.5388 0.0752 0.0646 0.0370 0.0748 0.0567 0.0417 0.0635 0.0477 
         170  1 0.0445 0.2422 0.0751 0.0453 0.2714 0.1061 0.0523 0.0999 0.0633 
         171  1 0.0373 0.1963 0.1494 0.0643 0.0974 0.1207 0.0903 0.1385 0.1057 
         172  1 0.0680 0.0446 0.0476 0.0669 0.0445 0.0413 0.5987 0.0445 0.0439 
         173  1 0.0298 0.0556 0.0598 0.0506 0.0517 0.0431 0.6071 0.0532 0.0490 
         174  1 0.1078 0.1099 0.1095 0.1294 0.1068 0.1076 0.1125 0.1100 0.1065 
         175  1 0.0594 0.0940 0.0930 0.0627 0.1395 0.1534 0.0978 0.1078 0.1924 
         176  1 0.0560 0.2396 0.0747 0.0397 0.2756 0.0979 0.0350 0.1098 0.0715 
         177  1 0.0801 0.1272 0.1050 0.0643 0.1331 0.1424 0.0982 0.1173 0.1325 
         178  1 0.0542 0.0507 0.0632 0.0579 0.0590 0.0731 0.4975 0.0673 0.0772 
         179  1 0.0543 0.0762 0.0866 0.2614 0.0880 0.0929 0.1316 0.0917 0.1173 
         180  1 0.0423 0.2243 0.0938 0.0607 0.2563 0.0858 0.0421 0.1233 0.0714 
         181  1 0.0426 0.1330 0.1612 0.0661 0.1420 0.0963 0.0475 0.1526 0.1587 
         182  1 0.1874 0.0431 0.0465 0.5134 0.0442 0.0446 0.0345 0.0442 0.0420 
         183  1 0.6486 0.0338 0.0373 0.0554 0.0360 0.0389 0.0759 0.0357 0.0383 
         184  1 0.0795 0.0992 0.1251 0.1403 0.1145 0.1088 0.0871 0.1204 0.1252 
         185  1 0.2649 0.0863 0.1064 0.0593 0.1165 0.0875 0.0649 0.1116 0.1026 
         186  1 0.0388 0.2041 0.0823 0.0568 0.2255 0.0970 0.1065 0.1091 0.0799 
         187  1 0.0344 0.0949 0.1401 0.0394 0.1300 0.1887 0.0366 0.1332 0.2028 
         188  1 0.6173 0.0570 0.0399 0.0526 0.0515 0.0364 0.0690 0.0394 0.0368 
         189  1 0.1167 0.1220 0.1031 0.0892 0.1367 0.1380 0.0549 0.1222 0.1173 
         190  1 0.0703 0.1095 0.1389 0.0828 0.1111 0.1003 0.1201 0.1218 0.1452 
         191  1 0.0304 0.0608 0.0607 0.0502 0.0554 0.0484 0.5868 0.0561 0.0512 
         192  1 0.2671 0.0749 0.0663 0.0451 0.1003 0.1365 0.0613 0.0914 0.1572 
         193  1 0.1586 0.1172 0.0994 0.1231 0.1139 0.0987 0.0967 0.0979 0.0946 
         194  1 0.0490 0.1005 0.1857 0.0419 0.1154 0.1487 0.0428 0.1596 0.1564 
         195  1 0.0411 0.0607 0.0881 0.4162 0.0677 0.0749 0.0809 0.0785 0.0921 
         196  1 0.0433 0.1689 0.1276 0.0372 0.2022 0.1031 0.0358 0.1567 0.1252 
         197  1 0.0517 0.0987 0.1619 0.0858 0.0788 0.1412 0.1033 0.1356 0.1430 
         198  1 0.0408 0.0505 0.0625 0.1054 0.0504 0.0684 0.4897 0.0668 0.0655 
         199  1 0.0372 0.0758 0.0720 0.0524 0.1775 0.2103 0.0460 0.0954 0.2335 
         200  1 0.0238 0.0526 0.0612 0.5782 0.0469 0.0494 0.0886 0.0525 0.0469 
         201  1 0.0521 0.2672 0.0624 0.0277 0.2981 0.0800 0.0648 0.1037 0.0441 
         202  1 0.0719 0.0755 0.1070 0.0720 0.0821 0.2286 0.0452 0.1442 0.1734 
         203  1 0.0478 0.1058 0.1877 0.0433 0.1074 0.1413 0.0583 0.1524 0.1559 
         204  1 0.0417 0.1439 0.1314 0.1216 0.0852 0.1064 0.1384 0.1198 0.1116 
         205  1 0.0371 0.0834 0.0704 0.0326 0.1384 0.2327 0.0362 0.1232 0.2461 
         206  1 0.0470 0.0829 0.1478 0.0493 0.0946 0.2010 0.0564 0.1607 0.1604 
         207  1 0.0284 0.0729 0.1426 0.2419 0.1145 0.0976 0.0531 0.1306 0.1184 
         208  1 0.0330 0.0537 0.0632 0.5516 0.0499 0.0533 0.0851 0.0575 0.0528 
         209  1 0.1116 0.0917 0.0845 0.0524 0.0589 0.0802 0.3957 0.0706 0.0545 
         210  1 0.0755 0.2354 0.1786 0.0376 0.0543 0.1235 0.0617 0.1479 0.0855 
         211  1 0.0501 0.0409 0.0499 0.0401 0.0444 0.0571 0.6127 0.0522 0.0526 
         212  1 0.0465 0.0372 0.0425 0.0683 0.0383 0.0389 0.6464 0.0406 0.0412 
         213  1 0.1823 0.0900 0.1238 0.0734 0.0983 0.1456 0.0389 0.1220 0.1257 
         214  1 0.0375 0.1132 0.1919 0.0278 0.1117 0.1663 0.0356 0.1592 0.1568 
         215  1 0.0314 0.0681 0.0898 0.4996 0.0694 0.0590 0.0381 0.0654 0.0793 
         216  1 0.0374 0.0766 0.0898 0.4510 0.0760 0.0618 0.0626 0.0770 0.0678 
         217  1 0.0446 0.1629 0.1079 0.0374 0.1397 0.1523 0.0584 0.1368 0.1599 
         218  1 0.0369 0.0948 0.0748 0.1024 0.1602 0.1866 0.0339 0.1006 0.2098 
         219  1 0.0362 0.0506 0.0621 0.0392 0.0608 0.0396 0.5987 0.0602 0.0526 
         220  1 0.0653 0.1287 0.1148 0.0584 0.1218 0.1019 0.1355 0.1211 0.1525 
         221  1 0.0405 0.1322 0.1930 0.0383 0.0963 0.1301 0.0426 0.1555 0.1715 
         222  1 0.0803 0.1137 0.1461 0.0429 0.1433 0.0829 0.0874 0.1471 0.1563 
         223  1 0.0505 0.1069 0.1667 0.0488 0.0841 0.1657 0.0784 0.1543 0.1447 
         224  1 0.0814 0.0932 0.1181 0.0852 0.0839 0.1079 0.1857 0.1230 0.1215 
         225  1 0.0427 0.2679 0.0613 0.0387 0.2931 0.0924 0.0546 0.0987 0.0506 
         226  1 0.1111 0.1026 0.1118 0.1099 0.1038 0.0843 0.1634 0.1037 0.1094 
         227  1 0.0223 0.0689 0.0673 0.0280 0.1398 0.2505 0.0289 0.1179 0.2764 
         228  1 0.0372 0.1081 0.1193 0.1295 0.1370 0.1393 0.0612 0.1161 0.1522 
         229  1 0.3621 0.0977 0.0969 0.0914 0.0610 0.0697 0.0653 0.0855 0.0706 
         230  1 0.0348 0.1395 0.1156 0.2063 0.1175 0.0996 0.0685 0.1107 0.1074 
         231  1 0.0349 0.0441 0.0573 0.6107 0.0458 0.0374 0.0690 0.0485 0.0524 
         232  1 0.0449 0.0622 0.0593 0.2805 0.1209 0.1322 0.0789 0.0707 0.1503 
         233  1 0.0328 0.0593 0.0663 0.0518 0.0625 0.0501 0.5550 0.0638 0.0585 
         234  1 0.0820 0.0586 0.0922 0.4060 0.0601 0.0620 0.1016 0.0760 0.0615 
         235  1 0.0372 0.2095 0.1150 0.0559 0.2350 0.1060 0.0274 0.1224 0.0915 
         236  1 0.0502 0.1201 0.1757 0.0444 0.1133 0.1361 0.0710 0.1617 0.1276 
         237  1 0.0867 0.0789 0.0971 0.3096 0.0918 0.0806 0.0661 0.0922 0.0970 
         238  1 0.0448 0.0989 0.1674 0.0317 0.1277 0.1555 0.0491 0.1739 0.1509 
         239  1 0.4556 0.0511 0.0466 0.0488 0.0734 0.1076 0.0360 0.0643 0.1165 
         240  1 0.0867 0.1560 0.1888 0.0494 0.1072 0.1017 0.0317 0.1576 0.1209 
         241  1 0.0427 0.1485 0.1419 0.0592 0.1533 0.0938 0.0851 0.1454 0.1301 
         242  1 0.4641 0.0669 0.0664 0.0512 0.0529 0.0683 0.0999 0.0692 0.0611 
         243  1 0.0386 0.0969 0.1243 0.2986 0.0744 0.1214 0.0508 0.1117 0.0833 
         244  1 0.0272 0.0883 0.1306 0.0488 0.1488 0.1882 0.0351 0.1466 0.1865 
         245  1 0.2280 0.0500 0.0770 0.3102 0.0618 0.0479 0.0974 0.0773 0.0505 
         246  1 0.0553 0.0848 0.0883 0.2332 0.1005 0.1146 0.0836 0.0983 0.1414 
         247  1 0.3730 0.1027 0.1096 0.0599 0.0700 0.0667 0.0407 0.0968 0.0806 
         248  1 0.0595 0.2049 0.0901 0.0599 0.2237 0.1014 0.0629 0.1143 0.0833 
         249  1 0.0381 0.0489 0.0774 0.5819 0.0461 0.0575 0.0374 0.0551 0.0574 
         250  1 0.0579 0.1503 0.1090 0.0531 0.1391 0.0831 0.1488 0.1179 0.1409 
         251  1 0.1572 0.0360 0.0373 0.5327 0.0403 0.0383 0.0795 0.0376 0.0411 
         252  1 0.1211 0.0717 0.1511 0.0751 0.0864 0.1495 0.0456 0.1420 0.1575 
         253  1 0.0368 0.0954 0.1217 0.0267 0.1566 0.2093 0.0360 0.1282 0.1892 
         254  1 0.1269 0.1020 0.1344 0.0295 0.1097 0.1026 0.0878 0.1414 0.1658 
         255  1 0.0361 0.1098 0.1051 0.2210 0.1200 0.1109 0.0738 0.0985 0.1248 
         256  1 0.0282 0.0934 0.1689 0.0364 0.0879 0.2098 0.0552 0.1728 0.1475 
         257  1 0.2758 0.0545 0.0716 0.0515 0.0612 0.0577 0.2887 0.0696 0.0695 
         258  1 0.4196 0.0857 0.0803 0.0460 0.1038 0.0661 0.0346 0.0913 0.0727 
         259  1 0.5529 0.0624 0.0551 0.0506 0.0696 0.0494 0.0484 0.0575 0.0541 
         260  1 0.0291 0.1834 0.1333 0.0362 0.1652 0.1145 0.1055 0.1333 0.0996 
         261  1 0.0329 0.1050 0.0932 0.0336 0.1600 0.1732 0.1089 0.1163 0.1768 
         262  1 0.0660 0.2157 0.1651 0.0371 0.0958 0.1260 0.0470 0.1567 0.0906 
         263  1 0.0562 0.1111 0.1813 0.0454 0.1134 0.1274 0.0798 0.1457 0.1396 
         264  1 0.0310 0.0726 0.0866 0.0448 0.1133 0.2476 0.0272 0.1347 0.2421 
         265  1 0.1258 0.1755 0.0795 0.0835 0.1741 0.1034 0.0550 0.0980 0.1051 
         266  1 0.0492 0.1649 0.1126 0.0988 0.1780 0.1008 0.0460 0.1260 0.1237 
         267  1 0.0518 0.0540 0.0562 0.0582 0.0464 0.0458 0.5880 0.0520 0.0476 
         268  1 0.0569 0.0524 0.0702 0.5042 0.0567 0.0692 0.0524 0.0660 0.0720 
         269  1 0.0785 0.1755 0.0758 0.1096 0.1815 0.0916 0.1085 0.1002 0.0789 
         270  1 0.0540 0.2339 0.0929 0.0575 0.2559 0.0873 0.0393 0.1116 0.0676 
         271  1 0.0254 0.0731 0.1196 0.1030 0.0867 0.2235 0.0392 0.1387 0.1908 
         272  1 0.0494 0.1634 0.1554 0.0637 0.1178 0.1488 0.0482 0.1298 0.1235 
         273  1 0.0859 0.0444 0.0549 0.5671 0.0469 0.0486 0.0454 0.0508 0.0561 
         274  1 0.0367 0.2909 0.0485 0.0452 0.3168 0.0903 0.0350 0.1001 0.0365 
         275  1 0.0539 0.0663 0.0849 0.0674 0.0712 0.0914 0.3936 0.0832 0.0882 
         276  1 0.0722 0.1516 0.1359 0.0624 0.1351 0.0990 0.0999 0.1406 0.1035 
         277  1 0.0529 0.0791 0.1557 0.0471 0.0913 0.2313 0.0405 0.1538 0.1484 
         278  1 0.0766 0.1066 0.1053 0.1459 0.0812 0.0842 0.2129 0.0919 0.0953 
         279  1 0.1119 0.1539 0.1562 0.0281 0.1311 0.1331 0.0255 0.1493 0.1110 
         280  1 0.0699 0.1201 0.1395 0.0447 0.1327 0.1190 0.0839 0.1375 0.1526 
         281  1 0.1056 0.0415 0.0473 0.6016 0.0421 0.0391 0.0417 0.0412 0.0398 
         282  1 0.0350 0.1001 0.1732 0.0330 0.0887 0.2217 0.0343 0.1533 0.1607 
         283  1 0.0667 0.2044 0.1241 0.0840 0.1247 0.1110 0.0598 0.1205 0.1048 
         284  1 0.1082 0.1377 0.1102 0.1666 0.1007 0.0888 0.1024 0.0992 0.0861 
         285  1 0.1249 0.1465 0.1351 0.1104 0.0725 0.1034 0.1187 0.1142 0.0742 
         286  1 0.2707 0.1171 0.1310 0.0394 0.0651 0.1188 0.0468 0.1202 0.0909 
         287  1 0.0294 0.1743 0.1722 0.0569 0.0613 0.1663 0.0711 0.1597 0.1087 
         288  1 0.0786 0.0902 0.1568 0.0492 0.0969 0.1462 0.0821 0.1304 0.1696 
         289  1 0.0454 0.0848 0.1675 0.1404 0.1138 0.1061 0.0588 0.1400 0.1432 
         290  1 0.0311 0.2083 0.1902 0.0369 0.0642 0.1665 0.0546 0.1673 0.0809 
         291  1 0.0351 0.1309 0.1900 0.0385 0.0850 0.1853 0.0288 0.1722 0.1342 
         292  1 0.0480 0.0988 0.0735 0.2056 0.1229 0.1115 0.1274 0.0876 0.1246 
         293  1 0.0813 0.0475 0.0538 0.0361 0.0566 0.0384 0.5853 0.0557 0.0453 
         294  1 0.0452 0.1080 0.1635 0.0479 0.1157 0.1702 0.0393 0.1531 0.1572 
         295  1 0.0527 0.0918 0.0675 0.0379 0.1564 0.2034 0.0561 0.1033 0.2310 
         296  1 0.0487 0.0772 0.1495 0.0812 0.0951 0.1981 0.0471 0.1361 0.1671 
         297  1 0.0551 0.1905 0.1229 0.0438 0.1511 0.1263 0.0546 0.1227 0.1330 
         298  1 0.3325 0.0884 0.0657 0.0540 0.0971 0.0517 0.1706 0.0729 0.0671 
         299  1 0.1729 0.0905 0.1516 0.0486 0.1096 0.1070 0.0524 0.1434 0.1240 
         300  1 0.4153 0.0851 0.0795 0.0440 0.1075 0.0503 0.0636 0.0916 0.0630 
         301  1 0.1936 0.1155 0.1166 0.0397 0.1129 0.1124 0.0654 0.1150 0.1289 
         302  1 0.2468 0.1626 0.0800 0.0409 0.1814 0.0773 0.0422 0.1033 0.0653 
         303  1 0.0338 0.1201 0.1890 0.0480 0.1094 0.1480 0.0313 0.1507 0.1697 
         304  1 0.1174 0.1405 0.1126 0.0354 0.1454 0.0731 0.1349 0.1144 0.1263 
         305  1 0.0995 0.1260 0.1208 0.0780 0.1609 0.1097 0.0842 0.1207 0.1002 
         306  1 0.0323 0.0967 0.1321 0.0406 0.1057 0.0740 0.2905 0.1208 0.1074 
         307  1 0.0438 0.0934 0.1965 0.0790 0.1073 0.1400 0.0447 0.1701 0.1251 
         308  1 0.2030 0.0999 0.1074 0.1057 0.1147 0.1053 0.0682 0.1005 0.0953 
         309  1 0.0576 0.1443 0.1266 0.0779 0.1461 0.0871 0.1128 0.1419 0.1059 
         310  1 0.0954 0.0555 0.0512 0.0426 0.0535 0.0458 0.5607 0.0493 0.0460 
         311  1 0.0757 0.0620 0.0542 0.0296 0.0619 0.0497 0.5611 0.0556 0.0501 
         312  1 0.2468 0.2263 0.0475 0.0243 0.2513 0.0649 0.0343 0.0704 0.0343 
         313  1 0.1255 0.0711 0.0597 0.0553 0.1186 0.2159 0.0340 0.1000 0.2198 
         314  1 0.4657 0.0613 0.0620 0.0542 0.0695 0.0684 0.0790 0.0656 0.0742 
         315  1 0.2324 0.2211 0.0459 0.0274 0.2372 0.0688 0.0576 0.0739 0.0357 
         316  1 0.0851 0.0433 0.0478 0.1421 0.0502 0.0561 0.4627 0.0510 0.0616 
         317  1 0.0516 0.0630 0.0709 0.2068 0.0652 0.0614 0.3445 0.0706 0.0661 
         318  1 0.2200 0.1228 0.1080 0.0420 0.1454 0.1015 0.0393 0.1170 0.1041 
         319  1 0.0457 0.0378 0.0462 0.2905 0.0435 0.0373 0.4181 0.0440 0.0370 
         320  1 0.5492 0.0638 0.0584 0.0407 0.0609 0.0702 0.0320 0.0641 0.0607 
         321  1 0.0539 0.2439 0.1574 0.0572 0.1033 0.1109 0.0570 0.1293 0.0871 
         322  1 0.0324 0.0845 0.1567 0.0311 0.1429 0.1125 0.1566 0.1539 0.1294 
         323  1 0.0611 0.1137 0.1616 0.0405 0.1037 0.1350 0.1214 0.1355 0.1275 
         324  1 0.5321 0.0518 0.0513 0.0505 0.0604 0.0551 0.0829 0.0553 0.0606 
         325  1 0.0643 0.0657 0.0609 0.3472 0.0643 0.0554 0.2293 0.0570 0.0558 
         326  1 0.0651 0.1213 0.1362 0.0478 0.1042 0.1437 0.1363 0.1300 0.1154 
         327  1 0.0371 0.0470 0.0558 0.0372 0.0654 0.0986 0.4918 0.0652 0.1019 
         328  1 0.0767 0.0962 0.1802 0.0370 0.1007 0.1591 0.0517 0.1543 0.1442 
         329  1 0.0641 0.0754 0.1659 0.0466 0.1009 0.1888 0.0403 0.1711 0.1469 
         330  1 0.0899 0.0880 0.1757 0.0358 0.0941 0.1631 0.0723 0.1471 0.1339 
         331  1 0.0557 0.0730 0.1327 0.1059 0.1320 0.1372 0.0529 0.1511 0.1596 
         332  1 0.0307 0.0908 0.1545 0.0491 0.0916 0.2090 0.0510 0.1647 0.1586 
         333  1 0.3301 0.0740 0.0801 0.0991 0.0777 0.0889 0.0555 0.0825 0.1122 
         334  1 0.0373 0.0353 0.0334 0.0331 0.0348 0.0354 0.7212 0.0342 0.0353 
         335  1 0.0762 0.0624 0.0783 0.4516 0.0798 0.0650 0.0414 0.0798 0.0655 
         336  1 0.0483 0.1182 0.1503 0.0489 0.1141 0.1112 0.0865 0.1388 0.1837 
         337  1 0.4270 0.0953 0.0896 0.0558 0.0593 0.0769 0.0486 0.0828 0.0647 
         338  1 0.0309 0.1072 0.1936 0.0502 0.1154 0.1351 0.0653 0.1534 0.1489 
         339  1 0.0591 0.0440 0.0561 0.5854 0.0427 0.0534 0.0537 0.0516 0.0539 
         340  1 0.0629 0.1075 0.1260 0.0439 0.1205 0.1726 0.0884 0.1397 0.1386 
         341  1 0.0651 0.1234 0.1680 0.0366 0.0973 0.1783 0.0460 0.1462 0.1392 
         342  1 0.0372 0.1637 0.1177 0.0512 0.1577 0.1538 0.0432 0.1268 0.1487 
         343  1 0.6256 0.0380 0.0371 0.0933 0.0359 0.0411 0.0470 0.0384 0.0436 
         344  1 0.0359 0.1099 0.1700 0.1222 0.1434 0.1090 0.0301 0.1597 0.1198 
         345  1 0.0475 0.0398 0.0543 0.6164 0.0408 0.0506 0.0522 0.0479 0.0504 
         346  1 0.6152 0.0443 0.0476 0.0440 0.0557 0.0513 0.0286 0.0513 0.0619 
         347  1 0.0299 0.0950 0.1542 0.2446 0.1022 0.0765 0.0556 0.1275 0.1145 
         348  1 0.0410 0.0972 0.0870 0.1341 0.1134 0.0851 0.2535 0.0966 0.0920 
         349  1 0.0833 0.0825 0.0908 0.3399 0.0829 0.0706 0.0676 0.0897 0.0927 
         350  1 0.0939 0.0750 0.0721 0.0311 0.0721 0.0723 0.4426 0.0740 0.0669 
         351  1 0.0728 0.1105 0.1604 0.0579 0.0800 0.1237 0.1237 0.1339 0.1371 
         352  1 0.0293 0.1253 0.1657 0.0554 0.0980 0.1514 0.0806 0.1501 0.1442 
         353  1 0.0369 0.0460 0.0419 0.0362 0.0515 0.0488 0.6427 0.0451 0.0510 
         354  1 0.0750 0.0723 0.1024 0.0855 0.1072 0.1229 0.1846 0.1072 0.1429 
         355  1 0.0242 0.0635 0.0819 0.0403 0.0695 0.0728 0.4904 0.0812 0.0763 
         356  1 0.6367 0.0598 0.0455 0.0281 0.0552 0.0492 0.0306 0.0474 0.0475 
         357  1 0.0383 0.0828 0.0745 0.0440 0.1504 0.2179 0.0420 0.1150 0.2351 
         358  1 0.0442 0.2243 0.0763 0.0488 0.2513 0.0945 0.0932 0.0970 0.0703 
         359  1 0.2701 0.1217 0.0979 0.0545 0.1121 0.1052 0.0558 0.0993 0.0833 
         360  1 0.0328 0.1690 0.1268 0.0387 0.1135 0.1302 0.1437 0.1157 0.1297 
         361  1 0.0479 0.2371 0.0675 0.0350 0.2703 0.1134 0.0455 0.1086 0.0748 
         362  1 0.0713 0.1654 0.1768 0.0730 0.0829 0.1100 0.0394 0.1465 0.1346 
         363  1 0.0230 0.1052 0.2122 0.0342 0.0935 0.1457 0.0472 0.1565 0.1825 
         364  1 0.0586 0.1476 0.1639 0.0429 0.1327 0.0912 0.0708 0.1467 0.1457 
         365  1 0.0731 0.0757 0.1264 0.3218 0.0966 0.0781 0.0303 0.1089 0.0892 
         366  1 0.1842 0.1734 0.1082 0.0453 0.1188 0.0919 0.0975 0.1057 0.0751 
         367  1 0.0280 0.1530 0.1205 0.0429 0.1589 0.0882 0.1610 0.1314 0.1161 
         368  1 0.0244 0.0916 0.1606 0.1743 0.1024 0.1011 0.0551 0.1464 0.1441 
         369  1 0.0547 0.1034 0.1537 0.0538 0.0999 0.2130 0.0410 0.1278 0.1527 
         370  1 0.0676 0.0794 0.1001 0.0842 0.0843 0.0844 0.3183 0.0900 0.0918 
         371  1 0.0510 0.1544 0.1478 0.0786 0.1078 0.1450 0.0513 0.1389 0.1253 
         372  1 0.0272 0.1301 0.1187 0.0679 0.1234 0.1673 0.0591 0.1320 0.1744 
         373  1 0.3170 0.0631 0.0849 0.0545 0.0643 0.1328 0.0664 0.1104 0.1065 
         374  1 0.1303 0.1749 0.0890 0.0887 0.1980 0.0899 0.0551 0.0982 0.0758 
         375  1 0.0371 0.0974 0.0882 0.0399 0.1738 0.1924 0.0291 0.1117 0.2303 
         376  1 0.0596 0.0949 0.1067 0.4106 0.0498 0.0807 0.0569 0.0816 0.0592 
         377  1 0.6193 0.0623 0.0599 0.0421 0.0419 0.0534 0.0313 0.0507 0.0391 
         378  1 0.5478 0.0513 0.0539 0.0664 0.0611 0.0668 0.0343 0.0568 0.0616 
         379  1 0.0295 0.0614 0.0680 0.0873 0.0651 0.0598 0.4974 0.0672 0.0643 
         380  1 0.0690 0.1955 0.1415 0.0673 0.1032 0.0851 0.1393 0.1108 0.0884 
         381  1 0.0528 0.1586 0.1310 0.0598 0.1586 0.1429 0.0504 0.1302 0.1157 
         382  1 0.0304 0.1024 0.0735 0.0630 0.1734 0.1816 0.0563 0.1075 0.2119 
         383  1 0.0324 0.0904 0.1956 0.1038 0.0841 0.1513 0.0339 0.1595 0.1491 
         384  1 0.2461 0.1034 0.1124 0.0785 0.1270 0.1027 0.0377 0.0983 0.0939 
         385  1 0.1995 0.0540 0.0745 0.3814 0.0672 0.0551 0.0331 0.0722 0.0629 
         386  1 0.0442 0.0886 0.1793 0.1454 0.0834 0.1419 0.0373 0.1248 0.1551 
         387  1 0.0326 0.0755 0.1774 0.0304 0.0988 0.2078 0.0562 0.1628 0.1584 
         388  1 0.0486 0.1509 0.0823 0.0543 0.1518 0.1748 0.0462 0.1166 0.1745 
         389  1 0.0560 0.1002 0.0919 0.3109 0.0976 0.0905 0.0693 0.0867 0.0968 
         390  1 0.0398 0.2009 0.1671 0.0791 0.1027 0.1325 0.0389 0.1364 0.1025 
         391  1 0.0499 0.0742 0.1413 0.1216 0.1116 0.1534 0.0538 0.1355 0.1588 
         392  1 0.0668 0.1950 0.1082 0.0417 0.1958 0.1280 0.0595 0.1118 0.0932 
         393  1 0.1121 0.1102 0.1048 0.1169 0.1120 0.1113 0.1142 0.1081 0.1104 
         394  1 0.0289 0.0920 0.1036 0.3105 0.1010 0.0775 0.1224 0.0916 0.0724 
         395  1 0.0348 0.2190 0.1913 0.0383 0.0781 0.1093 0.0332 0.1644 0.1315 
         396  1 0.2259 0.0710 0.0640 0.0555 0.1342 0.1468 0.0472 0.0822 0.1733 
         397  1 0.0942 0.1536 0.1790 0.0466 0.0724 0.1685 0.0423 0.1516 0.0917 
         398  1 0.1257 0.1379 0.1531 0.0362 0.1484 0.1119 0.0378 0.1343 0.1147 
         399  1 0.0318 0.1538 0.1513 0.0400 0.1567 0.1287 0.0595 0.1457 0.1324 
         400  1 0.0801 0.0776 0.1365 0.0872 0.0801 0.1677 0.0875 0.1435 0.1397 
         401  1 0.0451 0.1074 0.1912 0.0379 0.1029 0.1649 0.0387 0.1471 0.1647 
         402  1 0.0393 0.0776 0.0788 0.4585 0.0697 0.0799 0.0531 0.0754 0.0678 
         403  1 0.1014 0.1874 0.0883 0.0535 0.1970 0.1124 0.0693 0.1085 0.0821 
         404  1 0.0517 0.0911 0.1602 0.1373 0.1266 0.1088 0.0562 0.1471 0.1209 
         405  1 0.0865 0.0801 0.0790 0.3682 0.0983 0.0738 0.0422 0.0798 0.0921 
         406  1 0.0681 0.0790 0.0715 0.0649 0.1322 0.2088 0.0390 0.1058 0.2308 
         407  1 0.0360 0.1968 0.1518 0.0630 0.0921 0.1282 0.1121 0.1264 0.0937 
         408  1 0.2479 0.1077 0.1167 0.0658 0.1072 0.0656 0.0544 0.1104 0.1242 
         409  1 0.0384 0.1159 0.1281 0.1820 0.1134 0.1039 0.0536 0.1229 0.1417 
         410  1 0.0372 0.2160 0.2029 0.0318 0.0619 0.1672 0.0445 0.1621 0.0764 
         411  1 0.1803 0.0872 0.1459 0.0661 0.0784 0.1545 0.0499 0.1219 0.1157 
         412  1 0.0529 0.1102 0.1145 0.0516 0.1454 0.0723 0.2395 0.1247 0.0888 
         413  1 0.1062 0.0813 0.0865 0.2993 0.0799 0.0719 0.1044 0.0845 0.0860 
         414  1 0.0922 0.1047 0.1175 0.1639 0.0997 0.0982 0.1060 0.1088 0.1087 
         415  1 0.6003 0.0450 0.0540 0.0659 0.0421 0.0524 0.0303 0.0522 0.0577 
         416  1 0.0336 0.0386 0.0512 0.6371 0.0433 0.0478 0.0534 0.0432 0.0519 
         417  1 0.0670 0.1555 0.1692 0.0557 0.0822 0.1356 0.0734 0.1467 0.1146 
         418  1 0.0456 0.1179 0.1429 0.1185 0.0985 0.1007 0.1166 0.1221 0.1371 
         419  1 0.0903 0.1765 0.1315 0.0695 0.1198 0.1071 0.0656 0.1232 0.1165 
         420  1 0.0685 0.0967 0.1471 0.0468 0.1201 0.1534 0.0491 0.1430 0.1753 
         421  1 0.0806 0.0742 0.1264 0.2226 0.0974 0.1031 0.0496 0.1315 0.1147 
         422  1 0.1967 0.0716 0.1224 0.1083 0.0941 0.0754 0.1165 0.1233 0.0917 
         423  1 0.0202 0.1110 0.1995 0.0364 0.1266 0.1341 0.0305 0.1847 0.1570 
         424  1 0.4912 0.0887 0.0575 0.0578 0.0906 0.0613 0.0329 0.0623 0.0576 
         425  1 0.1128 0.1017 0.1280 0.0528 0.1131 0.1569 0.0482 0.1418 0.1446 
         426  1 0.0541 0.0857 0.1159 0.3123 0.0906 0.0952 0.0593 0.0921 0.0948 
         427  1 0.0322 0.1173 0.1247 0.0957 0.1138 0.1106 0.1273 0.1267 0.1517 
         428  1 0.0496 0.0937 0.1396 0.0430 0.0802 0.1779 0.1054 0.1543 0.1562 
         429  1 0.0433 0.0980 0.1829 0.0552 0.1063 0.1558 0.0396 0.1593 0.1596 
         430  1 0.0690 0.2817 0.0466 0.0275 0.3091 0.0853 0.0449 0.0954 0.0406 
         431  1 0.0526 0.1957 0.1868 0.0632 0.0794 0.1002 0.0517 0.1536 0.1169 
         432  1 0.0371 0.0567 0.0593 0.1610 0.0516 0.0461 0.4864 0.0554 0.0464 
         433  1 0.0767 0.0867 0.0664 0.0546 0.1529 0.1882 0.0659 0.1005 0.2082 
         434  1 0.2307 0.0777 0.0683 0.2766 0.0761 0.0668 0.0745 0.0631 0.0662 
         435  1 0.0332 0.0876 0.1520 0.0356 0.1419 0.1265 0.1072 0.1511 0.1649 
         436  1 0.0556 0.1316 0.0954 0.1060 0.1563 0.1233 0.0802 0.1113 0.1404 
         437  1 0.3697 0.1165 0.0761 0.0406 0.1118 0.0788 0.0554 0.0820 0.0692 
         438  1 0.0650 0.1162 0.0643 0.0566 0.1154 0.0591 0.3862 0.0735 0.0637 
         439  1 0.0330 0.1131 0.1818 0.0441 0.1364 0.1433 0.0389 0.1665 0.1428 
         440  1 0.5455 0.0692 0.0579 0.0456 0.0739 0.0494 0.0523 0.0553 0.0509 
         441  1 0.0590 0.0638 0.0715 0.4986 0.0683 0.0607 0.0450 0.0689 0.0642 
         442  1 0.0347 0.1597 0.0796 0.0334 0.2075 0.1376 0.0920 0.1088 0.1468 
         443  1 0.0415 0.1183 0.0995 0.0493 0.1676 0.1636 0.0446 0.1130 0.2027 
         444  1 0.0339 0.0942 0.1575 0.0483 0.1121 0.1935 0.0422 0.1634 0.1549 
         445  1 0.0228 0.2006 0.1918 0.0359 0.1300 0.1054 0.0385 0.1576 0.1176 
         446  1 0.0269 0.0531 0.0595 0.5612 0.0571 0.0519 0.0741 0.0569 0.0593 
         447  1 0.0434 0.0738 0.1391 0.0311 0.1108 0.1864 0.0587 0.1437 0.2130 
         448  1 0.0427 0.2273 0.0762 0.0580 0.2518 0.0846 0.1002 0.1004 0.0587 
         449  1 0.5663 0.0656 0.0511 0.0650 0.0634 0.0460 0.0376 0.0519 0.0531 
         450  1 0.0465 0.0502 0.0514 0.5113 0.0553 0.0538 0.1252 0.0505 0.0560 
         451  1 0.0711 0.0474 0.0571 0.5488 0.0489 0.0488 0.0658 0.0578 0.0544 
         452  1 0.0282 0.0830 0.0677 0.0333 0.1411 0.2383 0.0405 0.1179 0.2502 
         453  1 0.0558 0.0453 0.0391 0.0507 0.0423 0.0436 0.6372 0.0405 0.0455 
         454  1 0.0435 0.0914 0.1100 0.0945 0.1121 0.0882 0.2618 0.1031 0.0954 
         455  1 0.0347 0.1092 0.1525 0.0425 0.0806 0.1444 0.1564 0.1342 0.1453 
         456  1 0.0580 0.0572 0.0686 0.4992 0.0612 0.0561 0.0838 0.0559 0.0599 
         457  1 0.6169 0.0670 0.0585 0.0484 0.0369 0.0505 0.0424 0.0470 0.0325 
         458  1 0.0865 0.0913 0.1701 0.0393 0.0669 0.2111 0.0305 0.1678 0.1365 
         459  1 0.0614 0.0801 0.0710 0.3908 0.0671 0.0524 0.1528 0.0634 0.0609 
         460  1 0.0305 0.1057 0.1394 0.0355 0.0789 0.2303 0.0366 0.1673 0.1757 
         461  1 0.5711 0.0569 0.0491 0.0519 0.0553 0.0511 0.0615 0.0503 0.0528 
         462  1 0.0528 0.0406 0.0417 0.0618 0.0435 0.0540 0.6030 0.0467 0.0559 
         463  1 0.1007 0.0999 0.1201 0.2668 0.0852 0.0721 0.0787 0.1021 0.0743 
         464  1 0.0465 0.1175 0.1127 0.0554 0.1239 0.1954 0.0486 0.1469 0.1531 
         465  1 0.1559 0.0532 0.0667 0.4536 0.0581 0.0513 0.0443 0.0638 0.0531 
         466  1 0.0292 0.1453 0.1553 0.0801 0.0967 0.1642 0.0928 0.1316 0.1049 
         467  1 0.0323 0.0626 0.0674 0.0557 0.1526 0.2348 0.0520 0.1006 0.2421 
         468  1 0.0324 0.1065 0.1759 0.1102 0.1150 0.1217 0.0332 0.1567 0.1485 
         469  1 0.0221 0.1533 0.1125 0.0352 0.1128 0.1946 0.0260 0.1487 0.1949 
         470  1 0.0340 0.1387 0.1124 0.1122 0.1589 0.0830 0.1420 0.1149 0.1039 
         471  1 0.0389 0.1753 0.1231 0.0594 0.1988 0.1158 0.0346 0.1334 0.1207 
         472  1 0.0662 0.1175 0.1435 0.0864 0.1265 0.1348 0.0757 0.1251 0.1243 
         473  1 0.0642 0.1016 0.1663 0.0918 0.1003 0.1505 0.0472 0.1394 0.1387 
         474  1 0.0332 0.1402 0.1842 0.0698 0.0910 0.1449 0.0315 0.1544 0.1509 
         475  1 0.0445 0.1654 0.1474 0.0338 0.1893 0.1062 0.0238 0.1761 0.1135 
         476  1 0.0463 0.0715 0.1022 0.3587 0.0796 0.0652 0.1130 0.0928 0.0707 
         477  1 0.0376 0.1226 0.1797 0.0466 0.1369 0.1440 0.0328 0.1599 0.1399 
         478  1 0.6436 0.0504 0.0435 0.0403 0.0460 0.0452 0.0407 0.0468 0.0436 
         479  1 0.0449 0.1208 0.1668 0.0614 0.0870 0.1772 0.0587 0.1483 0.1349 
         480  1 0.0380 0.0861 0.0663 0.0340 0.1821 0.2104 0.0449 0.1014 0.2368 
         481  1 0.0809 0.1850 0.0764 0.0775 0.1915 0.1076 0.0883 0.1001 0.0926 
         482  1 0.5911 0.0435 0.0550 0.0513 0.0509 0.0511 0.0434 0.0527 0.0610 
         483  1 0.0667 0.0903 0.1211 0.0613 0.1003 0.1282 0.1725 0.1294 0.1303 
         484  1 0.0688 0.2077 0.1875 0.0304 0.0519 0.1740 0.0337 0.1672 0.0788 
         485  1 0.0298 0.1772 0.1247 0.0385 0.1143 0.1706 0.0267 0.1423 0.1759 
         486  1 0.0375 0.0403 0.0424 0.6285 0.0513 0.0500 0.0558 0.0431 0.0511 
         487  1 0.0521 0.0871 0.1025 0.0753 0.1245 0.1829 0.0642 0.1203 0.1912 
         488  1 0.0219 0.1915 0.2165 0.0442 0.0517 0.1698 0.0360 0.1783 0.0902 
         489  1 0.0981 0.0830 0.1756 0.0553 0.1288 0.0983 0.0843 0.1480 0.1286 
         490  1 0.0349 0.0925 0.1599 0.0902 0.1328 0.1369 0.0416 0.1504 0.1610 
         491  1 0.0361 0.1655 0.1048 0.0554 0.1677 0.1436 0.0485 0.1239 0.1545 
         492  1 0.0397 0.2272 0.1421 0.0294 0.1378 0.1319 0.0255 0.1434 0.1231 
