           1  1 0.6037 0.3487 0.0476 
           2  1 0.1470 0.2527 0.6003 
           3  1 0.1116 0.0477 0.8407 
           4  1 0.6196 0.3369 0.0435 
           5  1 0.8777 0.0641 0.0582 
           6  1 0.1182 0.0717 0.8101 
           7  1 0.1561 0.2430 0.6009 
           8  1 0.5049 0.4516 0.0435 
           9  1 0.2536 0.0296 0.7167 
          10  1 0.9020 0.0590 0.0390 
          11  1 0.0716 0.8873 0.0411 
          12  1 0.2597 0.2906 0.4497 
          13  1 0.2421 0.6809 0.0770 
          14  1 0.5036 0.0959 0.4005 
          15  1 0.3949 0.2768 0.3283 
          16  1 0.2110 0.7272 0.0618 
          17  1 0.1032 0.7609 0.1359 
          18  1 0.4388 0.3889 0.1722 
          19  1 0.3635 0.2122 0.4243 
          20  1 0.5439 0.1966 0.2595 
          21  1 0.7401 0.1559 0.1039 
          22  1 0.7469 0.1350 0.1180 
          23  1 0.0493 0.0980 0.8527 
          24  1 0.2179 0.0380 0.7441 
          25  1 0.1047 0.8478 0.0475 
          26  1 0.1112 0.0731 0.8157 
          27  1 0.6186 0.3421 0.0393 
          28  1 0.4203 0.4300 0.1498 
          29  1 0.2535 0.0450 0.7015 
          30  1 0.5941 0.2352 0.1707 
          31  1 0.1640 0.6924 0.1435 
          32  1 0.5374 0.2484 0.2142 
          33  1 0.1735 0.5608 0.2658 
          34  1 0.2892 0.4450 0.2658 
          35  1 0.7338 0.0614 0.2048 
          36  1 0.2184 0.0577 0.7239 
          37  1 0.0927 0.7712 0.1360 
          38  1 0.5281 0.0526 0.4194 
          39  1 0.5391 0.3265 0.1344 
          40  1 0.1315 0.8127 0.0559 
          41  1 0.5341 0.0623 0.4036 
          42  1 0.0732 0.7384 0.1885 
          43  1 0.0283 0.0534 0.9184 
          44  1 0.0366 0.1348 0.8286 
          45  1 0.4749 0.4628 0.0623 
          46  1 0.0529 0.2071 0.7400 
          47  1 0.5089 0.3984 0.0927 
          48  1 0.2393 0.0875 0.6733 
          49  1 0.6604 0.1256 0.2140 
          50  1 0.8149 0.1276 0.0575 
          51  1 0.5310 0.2517 0.2173 
          52  1 0.1320 0.7966 0.0714 
          53  1 0.7477 0.1019 0.1504 
          54  1 0.4332 0.3510 0.2158 
          55  1 0.1524 0.7037 0.1440 
          56  1 0.2249 0.1615 0.6136 
          57  1 0.1283 0.0351 0.8365 
          58  1 0.0951 0.0270 0.8779 
          59  1 0.3580 0.0503 0.5916 
          60  1 0.3501 0.0887 0.5612 
          61  1 0.0518 0.9250 0.0232 
          62  1 0.0579 0.0328 0.9093 
          63  1 0.6265 0.3074 0.0661 
          64  1 0.6943 0.1223 0.1834 
          65  1 0.4427 0.3075 0.2498 
          66  1 0.8045 0.1242 0.0713 
          67  1 0.0764 0.2010 0.7225 
          68  1 0.0929 0.0419 0.8652 
          69  1 0.6354 0.3486 0.0160 
          70  1 0.0244 0.0192 0.9564 
          71  1 0.5281 0.0519 0.4200 
          72  1 0.3031 0.0672 0.6297 
          73  1 0.3995 0.5330 0.0676 
          74  1 0.6832 0.2585 0.0583 
          75  1 0.0847 0.8789 0.0364 
          76  1 0.1191 0.0816 0.7993 
          77  1 0.2738 0.0810 0.6451 
          78  1 0.0858 0.8528 0.0614 
          79  1 0.0666 0.8871 0.0462 
          80  1 0.0928 0.0354 0.8718 
          81  1 0.8765 0.0700 0.0535 
          82  1 0.5061 0.3925 0.1014 
          83  1 0.2467 0.0570 0.6963 
          84  1 0.3729 0.1725 0.4546 
          85  1 0.5426 0.3352 0.1222 
          86  1 0.1835 0.1386 0.6779 
          87  1 0.3067 0.1166 0.5767 
          88  1 0.3188 0.1514 0.5298 
          89  1 0.0498 0.9042 0.0461 
          90  1 0.0805 0.1110 0.8084 
          91  1 0.3055 0.6650 0.0295 
          92  1 0.0912 0.0768 0.8319 
          93  1 0.6702 0.1489 0.1809 
          94  1 0.8170 0.0896 0.0933 
          95  1 0.4809 0.1226 0.3965 
          96  1 0.2075 0.7206 0.0719 
          97  1 0.0413 0.0666 0.8921 
          98  1 0.1623 0.6939 0.1438 
          99  1 0.2687 0.5015 0.2298 
         100  1 0.0669 0.9022 0.0310 
         101  1 0.2032 0.0527 0.7441 
         102  1 0.8053 0.1246 0.0701 
         103  1 0.2135 0.0815 0.7050 
         104  1 0.0518 0.9162 0.0321 
         105  1 0.0421 0.9281 0.0298 
         106  1 0.8481 0.0415 0.1105 
         107  1 0.8429 0.0778 0.0794 
         108  1 0.0732 0.9077 0.0191 
         109  1 0.0650 0.8773 0.0578 
         110  1 0.1466 0.3328 0.5207 
         111  1 0.1884 0.7686 0.0430 
         112  1 0.5986 0.2822 0.1192 
         113  1 0.0683 0.3212 0.6105 
         114  1 0.0749 0.7457 0.1794 
         115  1 0.8807 0.0887 0.0306 
         116  1 0.7437 0.2183 0.0380 
         117  1 0.1025 0.0478 0.8497 
         118  1 0.4650 0.4640 0.0710 
         119  1 0.1440 0.7943 0.0617 
         120  1 0.5454 0.1058 0.3488 
         121  1 0.2208 0.0496 0.7296 
         122  1 0.2562 0.1743 0.5695 
         123  1 0.0466 0.0489 0.9044 
         124  1 0.1228 0.0598 0.8174 
         125  1 0.1949 0.2410 0.5640 
         126  1 0.2689 0.0874 0.6437 
         127  1 0.4812 0.1828 0.3360 
         128  1 0.2013 0.7520 0.0467 
         129  1 0.2622 0.2270 0.5107 
         130  1 0.6611 0.0583 0.2806 
         131  1 0.0812 0.3268 0.5920 
         132  1 0.6411 0.2263 0.1325 
         133  1 0.0474 0.9169 0.0358 
         134  1 0.4762 0.0590 0.4647 
         135  1 0.4938 0.0686 0.4376 
         136  1 0.5685 0.2552 0.1763 
         137  1 0.7471 0.1291 0.1238 
         138  1 0.1425 0.7679 0.0896 
         139  1 0.4616 0.4380 0.1004 
         140  1 0.1974 0.0446 0.7580 
         141  1 0.6068 0.1835 0.2097 
         142  1 0.1545 0.8027 0.0428 
         143  1 0.4489 0.1334 0.4177 
         144  1 0.6151 0.0966 0.2882 
         145  1 0.1254 0.1109 0.7637 
         146  1 0.4737 0.0850 0.4413 
         147  1 0.1273 0.2403 0.6324 
         148  1 0.1106 0.0553 0.8341 
         149  1 0.0887 0.8129 0.0985 
         150  1 0.4324 0.4327 0.1349 
         151  1 0.0557 0.9113 0.0330 
         152  1 0.2388 0.0336 0.7277 
         153  1 0.1553 0.8150 0.0298 
         154  1 0.5258 0.1789 0.2953 
         155  1 0.4952 0.0580 0.4468 
         156  1 0.5352 0.2108 0.2540 
         157  1 0.0964 0.1536 0.7500 
         158  1 0.3868 0.2632 0.3500 
         159  1 0.6971 0.1176 0.1854 
         160  1 0.5328 0.4159 0.0513 
         161  1 0.4239 0.4954 0.0807 
         162  1 0.2844 0.0641 0.6516 
         163  1 0.1948 0.2469 0.5583 
         164  1 0.5034 0.4349 0.0616 
         165  1 0.2370 0.3880 0.3751 
         166  1 0.3726 0.5297 0.0977 
         167  1 0.2925 0.4982 0.2093 
         168  1 0.5029 0.2669 0.2301 
         169  1 0.6139 0.3426 0.0435 
         170  1 0.7881 0.0720 0.1400 
         171  1 0.0966 0.1449 0.7584 
         172  1 0.0806 0.8860 0.0334 
         173  1 0.1574 0.8148 0.0279 
         174  1 0.3029 0.3584 0.3387 
         175  1 0.2202 0.1676 0.6122 
         176  1 0.8605 0.0522 0.0873 
         177  1 0.3031 0.1953 0.5017 
         178  1 0.1268 0.7981 0.0752 
         179  1 0.1488 0.7159 0.1353 
         180  1 0.8937 0.0559 0.0505 
         181  1 0.6614 0.1756 0.1629 
         182  1 0.0558 0.8740 0.0702 
         183  1 0.4483 0.5116 0.0402 
         184  1 0.3325 0.4456 0.2219 
         185  1 0.4504 0.3783 0.1713 
         186  1 0.7622 0.1368 0.1011 
         187  1 0.1775 0.0499 0.7726 
         188  1 0.5127 0.4576 0.0297 
         189  1 0.3357 0.1990 0.4653 
         190  1 0.6326 0.1587 0.2087 
         191  1 0.1006 0.8451 0.0542 
         192  1 0.2688 0.2714 0.4598 
         193  1 0.4194 0.3556 0.2250 
         194  1 0.4883 0.0704 0.4414 
         195  1 0.0878 0.8515 0.0608 
         196  1 0.8778 0.0496 0.0725 
         197  1 0.2994 0.1763 0.5244 
         198  1 0.0696 0.8788 0.0516 
         199  1 0.0664 0.1492 0.7843 
         200  1 0.0449 0.8975 0.0577 
         201  1 0.9260 0.0469 0.0272 
         202  1 0.0825 0.0731 0.8444 
         203  1 0.3311 0.0518 0.6171 
         204  1 0.1990 0.3563 0.4447 
         205  1 0.0348 0.0382 0.9271 
         206  1 0.1836 0.0539 0.7625 
         207  1 0.3595 0.5790 0.0615 
         208  1 0.0437 0.9145 0.0417 
         209  1 0.1242 0.7769 0.0990 
         210  1 0.3059 0.1790 0.5151 
         211  1 0.1004 0.8484 0.0511 
         212  1 0.0601 0.9061 0.0339 
         213  1 0.5035 0.1037 0.3928 
         214  1 0.3737 0.0287 0.5976 
         215  1 0.1740 0.7735 0.0525 
         216  1 0.1153 0.8435 0.0412 
         217  1 0.1640 0.0564 0.7796 
         218  1 0.0693 0.1049 0.8257 
         219  1 0.2838 0.6947 0.0214 
         220  1 0.2957 0.2207 0.4835 
         221  1 0.4949 0.0449 0.4602 
         222  1 0.6429 0.1415 0.2156 
         223  1 0.3673 0.0640 0.5687 
         224  1 0.3007 0.3485 0.3507 
         225  1 0.8271 0.0970 0.0760 
         226  1 0.4013 0.4264 0.1723 
         227  1 0.0343 0.0278 0.9379 
         228  1 0.1177 0.1764 0.7059 
         229  1 0.3331 0.5660 0.1009 
         230  1 0.1390 0.5954 0.2656 
         231  1 0.0652 0.9086 0.0262 
         232  1 0.0763 0.6794 0.2443 
         233  1 0.1910 0.7690 0.0399 
         234  1 0.0648 0.8738 0.0614 
         235  1 0.8924 0.0466 0.0611 
         236  1 0.2265 0.0639 0.7097 
         237  1 0.0988 0.8301 0.0711 
         238  1 0.4483 0.0475 0.5041 
         239  1 0.2631 0.3270 0.4099 
         240  1 0.4967 0.0949 0.4084 
         241  1 0.7089 0.1701 0.1210 
         242  1 0.3891 0.4664 0.1445 
         243  1 0.1282 0.4355 0.4363 
         244  1 0.0751 0.0609 0.8640 
         245  1 0.1481 0.8215 0.0303 
         246  1 0.1004 0.7101 0.1896 
         247  1 0.6751 0.2370 0.0879 
         248  1 0.7905 0.1144 0.0951 
         249  1 0.0979 0.8548 0.0473 
         250  1 0.7041 0.1833 0.1126 
         251  1 0.0412 0.9254 0.0334 
         252  1 0.4054 0.1596 0.4350 
         253  1 0.0702 0.0356 0.8942 
         254  1 0.6626 0.0628 0.2746 
         255  1 0.1172 0.6786 0.2042 
         256  1 0.2579 0.0442 0.6979 
         257  1 0.2385 0.6978 0.0638 
         258  1 0.7311 0.2375 0.0314 
         259  1 0.6003 0.3739 0.0258 
         260  1 0.5571 0.0871 0.3558 
         261  1 0.1050 0.0609 0.8341 
         262  1 0.0924 0.1009 0.8067 
         263  1 0.6341 0.0892 0.2767 
         264  1 0.0483 0.0332 0.9185 
         265  1 0.3722 0.1961 0.4317 
         266  1 0.8004 0.0839 0.1157 
         267  1 0.1019 0.8597 0.0384 
         268  1 0.0715 0.8579 0.0705 
         269  1 0.6207 0.2609 0.1184 
         270  1 0.8863 0.0695 0.0442 
         271  1 0.0798 0.0552 0.8650 
         272  1 0.0999 0.1216 0.7785 
         273  1 0.0731 0.8772 0.0497 
         274  1 0.8936 0.0626 0.0438 
         275  1 0.2653 0.5528 0.1818 
         276  1 0.7294 0.1588 0.1118 
         277  1 0.3796 0.0445 0.5759 
         278  1 0.2137 0.5599 0.2264 
         279  1 0.5035 0.0510 0.4455 
         280  1 0.5095 0.1081 0.3824 
         281  1 0.0635 0.9063 0.0302 
         282  1 0.1653 0.0342 0.8005 
         283  1 0.1323 0.3808 0.4869 
         284  1 0.2351 0.5676 0.1972 
         285  1 0.1948 0.4403 0.3649 
         286  1 0.3286 0.1916 0.4798 
         287  1 0.0743 0.0604 0.8653 
         288  1 0.3652 0.0832 0.5516 
         289  1 0.4945 0.4594 0.0461 
         290  1 0.0874 0.0472 0.8654 
         291  1 0.0981 0.0277 0.8743 
         292  1 0.0560 0.6672 0.2769 
         293  1 0.2296 0.7409 0.0295 
         294  1 0.4352 0.0625 0.5023 
         295  1 0.0778 0.1011 0.8211 
         296  1 0.1404 0.0592 0.8004 
         297  1 0.1145 0.2542 0.6313 
         298  1 0.6239 0.3555 0.0206 
         299  1 0.6465 0.1690 0.1845 
         300  1 0.7903 0.1824 0.0274 
         301  1 0.3380 0.1538 0.5082 
         302  1 0.8505 0.1243 0.0252 
         303  1 0.4377 0.0343 0.5280 
         304  1 0.8327 0.0992 0.0680 
         305  1 0.5403 0.2852 0.1745 
         306  1 0.5484 0.3460 0.1056 
         307  1 0.5077 0.1959 0.2964 
         308  1 0.6133 0.2597 0.1269 
         309  1 0.7458 0.1727 0.0815 
         310  1 0.1123 0.8536 0.0341 
         311  1 0.1777 0.7693 0.0530 
         312  1 0.9230 0.0579 0.0191 
         313  1 0.0651 0.0587 0.8762 
         314  1 0.4726 0.4434 0.0840 
         315  1 0.7325 0.2244 0.0431 
         316  1 0.0460 0.9065 0.0475 
         317  1 0.1297 0.8223 0.0480 
         318  1 0.7703 0.1552 0.0745 
         319  1 0.0428 0.9296 0.0276 
         320  1 0.6573 0.2799 0.0628 
         321  1 0.1044 0.2449 0.6506 
         322  1 0.6524 0.2746 0.0730 
         323  1 0.3484 0.0761 0.5755 
         324  1 0.4922 0.4578 0.0500 
         325  1 0.0661 0.8951 0.0388 
         326  1 0.2470 0.1091 0.6438 
         327  1 0.0814 0.7999 0.1187 
         328  1 0.5260 0.0625 0.4115 
         329  1 0.6221 0.0441 0.3338 
         330  1 0.2329 0.0573 0.7098 
         331  1 0.4645 0.4676 0.0679 
         332  1 0.2093 0.0579 0.7328 
         333  1 0.3538 0.4833 0.1629 
         334  1 0.0839 0.8745 0.0416 
         335  1 0.1350 0.8310 0.0341 
         336  1 0.4670 0.1088 0.4241 
         337  1 0.3605 0.4344 0.2052 
         338  1 0.6085 0.0822 0.3093 
         339  1 0.0566 0.9002 0.0433 
         340  1 0.1693 0.0839 0.7467 
         341  1 0.3197 0.0502 0.6301 
         342  1 0.0434 0.1032 0.8534 
         343  1 0.3763 0.5680 0.0557 
         344  1 0.6685 0.1703 0.1612 
         345  1 0.0574 0.8997 0.0429 
         346  1 0.5649 0.3615 0.0737 
         347  1 0.4234 0.4927 0.0839 
         348  1 0.1813 0.7017 0.1170 
         349  1 0.1405 0.7730 0.0866 
         350  1 0.1683 0.7555 0.0763 
         351  1 0.4080 0.1978 0.3942 
         352  1 0.1735 0.0804 0.7461 
         353  1 0.0917 0.8540 0.0543 
         354  1 0.1522 0.5834 0.2644 
         355  1 0.2544 0.5967 0.1489 
         356  1 0.6198 0.3324 0.0478 
         357  1 0.0521 0.0659 0.8820 
         358  1 0.8176 0.1137 0.0687 
         359  1 0.4167 0.1927 0.3906 
         360  1 0.0611 0.1049 0.8340 
         361  1 0.8166 0.0424 0.1410 
         362  1 0.3126 0.1152 0.5722 
         363  1 0.5017 0.0374 0.4609 
         364  1 0.4451 0.2734 0.2815 
         365  1 0.5337 0.4078 0.0585 
         366  1 0.5846 0.1746 0.2408 
         367  1 0.7018 0.1927 0.1055 
         368  1 0.4645 0.3269 0.2085 
         369  1 0.0745 0.0463 0.8792 
         370  1 0.2779 0.5922 0.1299 
         371  1 0.0830 0.0879 0.8291 
         372  1 0.0926 0.0777 0.8297 
         373  1 0.2840 0.2761 0.4400 
         374  1 0.6578 0.2716 0.0706 
         375  1 0.0498 0.0442 0.9061 
         376  1 0.0662 0.8577 0.0761 
         377  1 0.4689 0.4374 0.0937 
         378  1 0.4884 0.4190 0.0926 
         379  1 0.1034 0.8253 0.0712 
         380  1 0.1977 0.4603 0.3419 
         381  1 0.5036 0.1026 0.3938 
         382  1 0.0532 0.1566 0.7902 
         383  1 0.3583 0.0657 0.5760 
         384  1 0.6038 0.2357 0.1604 
         385  1 0.1472 0.8138 0.0390 
         386  1 0.4235 0.1067 0.4698 
         387  1 0.2250 0.0302 0.7448 
         388  1 0.2351 0.1190 0.6459 
         389  1 0.0810 0.6874 0.2316 
         390  1 0.0745 0.0908 0.8347 
         391  1 0.3647 0.4415 0.1937 
         392  1 0.6199 0.0586 0.3215 
         393  1 0.3210 0.3341 0.3450 
         394  1 0.2348 0.7254 0.0398 
         395  1 0.4735 0.0702 0.4564 
         396  1 0.1651 0.1969 0.6380 
         397  1 0.1097 0.0396 0.8507 
         398  1 0.7486 0.0878 0.1637 
         399  1 0.1536 0.0955 0.7510 
         400  1 0.2268 0.1376 0.6356 
         401  1 0.4654 0.0417 0.4929 
         402  1 0.0715 0.8702 0.0583 
         403  1 0.7036 0.1145 0.1819 
         404  1 0.4958 0.4497 0.0545 
         405  1 0.1573 0.7656 0.0771 
         406  1 0.0616 0.0835 0.8549 
         407  1 0.0502 0.0869 0.8630 
         408  1 0.7873 0.1739 0.0389 
         409  1 0.3969 0.3091 0.2939 
         410  1 0.1045 0.0306 0.8649 
         411  1 0.3026 0.0995 0.5979 
         412  1 0.5882 0.3289 0.0828 
         413  1 0.1934 0.6843 0.1223 
         414  1 0.3232 0.3913 0.2855 
         415  1 0.5169 0.4139 0.0692 
         416  1 0.0568 0.9009 0.0423 
         417  1 0.1440 0.0988 0.7572 
         418  1 0.3459 0.3059 0.3482 
         419  1 0.1326 0.2500 0.6174 
         420  1 0.3968 0.0619 0.5413 
         421  1 0.2291 0.6156 0.1553 
         422  1 0.4521 0.4070 0.1409 
         423  1 0.4891 0.0304 0.4806 
         424  1 0.5691 0.3795 0.0514 
         425  1 0.1783 0.0602 0.7615 
         426  1 0.2302 0.5938 0.1759 
         427  1 0.2605 0.2308 0.5088 
         428  1 0.1632 0.0744 0.7624 
         429  1 0.2825 0.0574 0.6601 
         430  1 0.9036 0.0591 0.0373 
         431  1 0.5989 0.1234 0.2777 
         432  1 0.0878 0.8550 0.0571 
         433  1 0.0638 0.1246 0.8116 
         434  1 0.1802 0.7627 0.0571 
         435  1 0.5397 0.3707 0.0896 
         436  1 0.1041 0.2627 0.6332 
         437  1 0.5412 0.3542 0.1046 
         438  1 0.3658 0.5656 0.0686 
         439  1 0.4290 0.1370 0.4340 
         440  1 0.5822 0.3773 0.0404 
         441  1 0.0836 0.8220 0.0944 
         442  1 0.4099 0.1218 0.4682 
         443  1 0.0622 0.1248 0.8131 
         444  1 0.3901 0.0623 0.5475 
         445  1 0.4998 0.0901 0.4101 
         446  1 0.0757 0.8908 0.0335 
         447  1 0.3369 0.0728 0.5902 
         448  1 0.8363 0.1133 0.0504 
         449  1 0.5067 0.4473 0.0461 
         450  1 0.0375 0.9170 0.0455 
         451  1 0.0555 0.9066 0.0379 
         452  1 0.0510 0.0460 0.9030 
         453  1 0.0742 0.8812 0.0447 
         454  1 0.3257 0.6037 0.0706 
         455  1 0.1883 0.0997 0.7120 
         456  1 0.0566 0.8902 0.0532 
         457  1 0.3767 0.5130 0.1103 
         458  1 0.2089 0.0526 0.7385 
         459  1 0.0588 0.8626 0.0786 
         460  1 0.0722 0.0348 0.8930 
         461  1 0.4664 0.4749 0.0587 
         462  1 0.0485 0.8976 0.0539 
         463  1 0.1878 0.7636 0.0486 
         464  1 0.1638 0.0626 0.7737 
         465  1 0.0888 0.8781 0.0331 
         466  1 0.1126 0.0697 0.8177 
         467  1 0.0474 0.0808 0.8718 
         468  1 0.4988 0.1146 0.3866 
         469  1 0.0228 0.0262 0.9511 
         470  1 0.4822 0.4468 0.0710 
         471  1 0.5265 0.0674 0.4060 
         472  1 0.4679 0.1292 0.4028 
         473  1 0.4674 0.0943 0.4383 
         474  1 0.2052 0.0477 0.7472 
         475  1 0.8470 0.0314 0.1216 
         476  1 0.0947 0.8716 0.0336 
         477  1 0.7532 0.0470 0.1997 
         478  1 0.5241 0.4179 0.0580 
         479  1 0.1060 0.0552 0.8388 
         480  1 0.0752 0.1148 0.8100 
         481  1 0.6075 0.1636 0.2289 
         482  1 0.4997 0.4440 0.0563 
         483  1 0.2716 0.1384 0.5900 
         484  1 0.0614 0.0379 0.9007 
         485  1 0.0583 0.0542 0.8875 
         486  1 0.0370 0.9143 0.0486 
         487  1 0.1083 0.0762 0.8156 
         488  1 0.2714 0.0887 0.6399 
         489  1 0.6013 0.3614 0.0372 
         490  1 0.5162 0.3501 0.1337 
         491  1 0.0833 0.1656 0.7511 
         492  1 0.0646 0.0615 0.8739 
