           1  1 0.0630 0.0709 0.1025 0.0665 0.0876 0.0572 0.0635 0.0775 0.4113 
           2  1 0.1280 0.1169 0.0668 0.1511 0.1132 0.0721 0.0537 0.1946 0.1034 
           3  1 0.2092 0.1257 0.0924 0.1281 0.0651 0.0706 0.0726 0.1830 0.0534 
           4  1 0.0517 0.0501 0.0603 0.0553 0.0591 0.3455 0.0740 0.0450 0.2589 
           5  1 0.0498 0.0501 0.0564 0.0466 0.0390 0.5728 0.0386 0.0486 0.0982 
           6  1 0.1776 0.1230 0.1164 0.1245 0.0666 0.0447 0.1049 0.1569 0.0854 
           7  1 0.1425 0.1302 0.1438 0.1360 0.0267 0.0462 0.1504 0.1406 0.0836 
           8  1 0.0506 0.0557 0.0652 0.0558 0.0895 0.1052 0.0595 0.0484 0.4702 
           9  1 0.2203 0.1682 0.1442 0.1273 0.0485 0.0402 0.0723 0.1311 0.0480 
          10  1 0.0491 0.0451 0.0575 0.0487 0.0425 0.6162 0.0502 0.0464 0.0443 
          11  1 0.0649 0.0662 0.0830 0.1571 0.0601 0.0451 0.4202 0.0621 0.0414 
          12  1 0.1081 0.0922 0.0662 0.1031 0.1050 0.0504 0.0431 0.1610 0.2708 
          13  1 0.0714 0.0817 0.0903 0.1182 0.0886 0.0528 0.1955 0.0686 0.2328 
          14  1 0.1057 0.0763 0.0723 0.0754 0.1191 0.3583 0.0514 0.0808 0.0608 
          15  1 0.1403 0.1254 0.1753 0.0872 0.1943 0.0777 0.0542 0.1084 0.0373 
          16  1 0.0638 0.0660 0.0807 0.1041 0.0606 0.0627 0.2155 0.0634 0.2832 
          17  1 0.0811 0.0828 0.0816 0.1584 0.0746 0.0819 0.2897 0.0985 0.0514 
          18  1 0.0572 0.0580 0.0569 0.0556 0.0588 0.0381 0.0462 0.0617 0.5675 
          19  1 0.1367 0.1323 0.1655 0.1135 0.0539 0.1249 0.0894 0.1241 0.0596 
          20  1 0.1285 0.1123 0.1144 0.0999 0.0456 0.1768 0.0888 0.0882 0.1456 
          21  1 0.0599 0.0600 0.0667 0.0666 0.1067 0.4479 0.0853 0.0599 0.0471 
          22  1 0.1022 0.1034 0.2714 0.0736 0.1256 0.0846 0.0614 0.0862 0.0916 
          23  1 0.1725 0.1141 0.0679 0.1377 0.0464 0.0375 0.0993 0.2865 0.0382 
          24  1 0.1536 0.1896 0.1626 0.1331 0.0469 0.0568 0.0837 0.1448 0.0288 
          25  1 0.0548 0.0532 0.1075 0.1288 0.0609 0.0533 0.3701 0.0526 0.1188 
          26  1 0.1788 0.1310 0.0806 0.1170 0.0383 0.0781 0.0572 0.2790 0.0401 
          27  1 0.0869 0.0813 0.1242 0.0704 0.2220 0.1067 0.0655 0.0645 0.1785 
          28  1 0.1005 0.1087 0.1890 0.1349 0.0643 0.0578 0.2163 0.0959 0.0327 
          29  1 0.1987 0.1262 0.0850 0.1201 0.0497 0.1533 0.0681 0.1575 0.0414 
          30  1 0.1168 0.1198 0.2289 0.0806 0.1551 0.0743 0.0618 0.1002 0.0626 
          31  1 0.1086 0.1218 0.1141 0.1474 0.0705 0.0642 0.2033 0.1156 0.0546 
          32  1 0.1193 0.1137 0.2904 0.0810 0.1204 0.0500 0.0742 0.1121 0.0390 
          33  1 0.1174 0.1188 0.1253 0.1179 0.2358 0.0407 0.0926 0.1040 0.0475 
          34  1 0.1206 0.1178 0.1674 0.1052 0.0794 0.0746 0.1219 0.1547 0.0583 
          35  1 0.0659 0.0610 0.0576 0.0580 0.0539 0.5386 0.0381 0.0796 0.0473 
          36  1 0.1388 0.2013 0.1515 0.1335 0.0741 0.0543 0.0833 0.1257 0.0375 
          37  1 0.0911 0.0702 0.0600 0.1513 0.0367 0.0815 0.3326 0.1129 0.0636 
          38  1 0.1137 0.1582 0.2922 0.1064 0.0465 0.0502 0.0796 0.1193 0.0340 
          39  1 0.1085 0.1094 0.1258 0.0861 0.0690 0.1109 0.0915 0.0792 0.2196 
          40  1 0.0572 0.0596 0.0537 0.0598 0.5520 0.0573 0.0629 0.0563 0.0413 
          41  1 0.1447 0.1292 0.2128 0.0989 0.0683 0.0802 0.0580 0.1276 0.0804 
          42  1 0.1031 0.1560 0.0728 0.1610 0.0617 0.0536 0.2523 0.1048 0.0348 
          43  1 0.1591 0.1716 0.0470 0.2192 0.0338 0.0324 0.0519 0.2568 0.0281 
          44  1 0.1467 0.1921 0.0845 0.1857 0.0505 0.0355 0.1092 0.1608 0.0350 
          45  1 0.0567 0.0483 0.0487 0.0535 0.0542 0.0508 0.0543 0.0486 0.5850 
          46  1 0.1501 0.1496 0.0596 0.1877 0.0814 0.0424 0.0650 0.2278 0.0362 
          47  1 0.0822 0.0843 0.0684 0.0735 0.0446 0.0753 0.0623 0.0835 0.4260 
          48  1 0.1835 0.1554 0.1267 0.1133 0.0491 0.0827 0.0947 0.1704 0.0242 
          49  1 0.1251 0.1331 0.1490 0.1376 0.1290 0.0426 0.0577 0.1372 0.0887 
          50  1 0.0595 0.0629 0.0808 0.0714 0.0695 0.4937 0.0669 0.0534 0.0420 
          51  1 0.0765 0.0885 0.0942 0.0957 0.2934 0.1792 0.0616 0.0729 0.0380 
          52  1 0.0770 0.0823 0.0721 0.0705 0.4426 0.0764 0.0602 0.0699 0.0489 
          53  1 0.1190 0.1293 0.1965 0.1104 0.0886 0.1491 0.0710 0.0909 0.0452 
          54  1 0.0645 0.0804 0.0726 0.0682 0.2049 0.0564 0.0461 0.0697 0.3371 
          55  1 0.0772 0.0656 0.0643 0.1378 0.0548 0.1604 0.2955 0.0951 0.0493 
          56  1 0.1185 0.1691 0.1745 0.1254 0.0526 0.0445 0.1230 0.1259 0.0664 
          57  1 0.1760 0.1324 0.1198 0.1229 0.0522 0.0587 0.0621 0.2277 0.0482 
          58  1 0.1912 0.1762 0.1262 0.1325 0.0610 0.0475 0.0730 0.1517 0.0407 
          59  1 0.1644 0.1395 0.1869 0.1174 0.0786 0.0796 0.0683 0.1166 0.0489 
          60  1 0.1500 0.1449 0.1521 0.1333 0.0559 0.0801 0.0814 0.1262 0.0762 
          61  1 0.0406 0.0415 0.0491 0.1627 0.0534 0.0625 0.4944 0.0365 0.0593 
          62  1 0.1951 0.1772 0.1133 0.1485 0.0446 0.0375 0.0938 0.1440 0.0461 
          63  1 0.0734 0.0813 0.0879 0.0757 0.0880 0.3279 0.0908 0.0580 0.1170 
          64  1 0.0990 0.1047 0.1254 0.1207 0.1780 0.1819 0.0543 0.0860 0.0501 
          65  1 0.1062 0.1137 0.1434 0.1322 0.2441 0.0469 0.0876 0.0945 0.0315 
          66  1 0.0644 0.0844 0.1018 0.0623 0.0748 0.4351 0.0581 0.0659 0.0531 
          67  1 0.1384 0.1473 0.0804 0.1724 0.0499 0.0699 0.1144 0.1887 0.0385 
          68  1 0.1814 0.1422 0.1355 0.1261 0.0669 0.0529 0.0827 0.1619 0.0505 
          69  1 0.0410 0.0461 0.0650 0.0441 0.0731 0.1472 0.0569 0.0368 0.4897 
          70  1 0.1750 0.2544 0.0631 0.1688 0.0278 0.0283 0.0682 0.1861 0.0284 
          71  1 0.1467 0.1535 0.1440 0.1174 0.0560 0.1605 0.0617 0.1060 0.0542 
          72  1 0.1447 0.1292 0.1666 0.1026 0.0694 0.1287 0.0550 0.1482 0.0556 
          73  1 0.0494 0.0485 0.0497 0.0608 0.0543 0.0710 0.0823 0.0588 0.5253 
          74  1 0.1071 0.1351 0.1769 0.0977 0.0443 0.2036 0.0970 0.0964 0.0419 
          75  1 0.0567 0.0567 0.0646 0.1547 0.0694 0.0724 0.4127 0.0474 0.0655 
          76  1 0.1341 0.1441 0.1147 0.1161 0.0677 0.0939 0.0950 0.1710 0.0633 
          77  1 0.1823 0.1227 0.0987 0.1243 0.0852 0.1408 0.0694 0.1164 0.0602 
          78  1 0.0757 0.0704 0.0816 0.1551 0.0412 0.0481 0.3924 0.0925 0.0429 
          79  1 0.0635 0.0800 0.0931 0.0992 0.2142 0.0441 0.2101 0.0628 0.1329 
          80  1 0.2084 0.1447 0.1188 0.1424 0.0552 0.0438 0.0789 0.1697 0.0380 
          81  1 0.0993 0.1059 0.1442 0.1255 0.0782 0.2248 0.0768 0.0755 0.0698 
          82  1 0.0740 0.0788 0.1059 0.0965 0.1013 0.2429 0.1070 0.0883 0.1053 
          83  1 0.1569 0.1285 0.1285 0.1102 0.0430 0.1295 0.0768 0.1619 0.0646 
          84  1 0.1233 0.1332 0.1102 0.1104 0.0971 0.1791 0.0775 0.1017 0.0675 
          85  1 0.0706 0.0748 0.0695 0.0648 0.0545 0.0625 0.0459 0.0597 0.4977 
          86  1 0.1389 0.1378 0.0978 0.1144 0.1382 0.0766 0.0766 0.1546 0.0651 
          87  1 0.1106 0.1444 0.1330 0.1435 0.1396 0.0849 0.0596 0.1124 0.0720 
          88  1 0.1344 0.1238 0.1505 0.1302 0.0999 0.0856 0.1097 0.1197 0.0462 
          89  1 0.0581 0.0536 0.0538 0.1598 0.0642 0.0714 0.4389 0.0573 0.0430 
          90  1 0.1377 0.1697 0.0666 0.2176 0.0600 0.0389 0.0682 0.1791 0.0623 
          91  1 0.0866 0.0932 0.1332 0.0693 0.3249 0.0712 0.0649 0.0667 0.0898 
          92  1 0.1843 0.1058 0.0612 0.1062 0.0427 0.0362 0.0539 0.3001 0.1096 
          93  1 0.1153 0.1434 0.2245 0.1367 0.0806 0.0415 0.0819 0.1190 0.0572 
          94  1 0.0604 0.0609 0.0637 0.0590 0.0364 0.5661 0.0554 0.0547 0.0436 
          95  1 0.1268 0.2394 0.1172 0.1342 0.0543 0.0654 0.0869 0.1370 0.0388 
          96  1 0.0822 0.0899 0.1089 0.1406 0.1236 0.0756 0.2812 0.0673 0.0305 
          97  1 0.1662 0.1358 0.0624 0.1728 0.0372 0.0396 0.0661 0.2756 0.0444 
          98  1 0.0815 0.0760 0.0958 0.0746 0.3930 0.0485 0.0837 0.0663 0.0806 
          99  1 0.1305 0.1199 0.1477 0.1391 0.0554 0.0615 0.2031 0.1045 0.0384 
         100  1 0.0442 0.0486 0.0485 0.0774 0.4459 0.0915 0.1539 0.0397 0.0504 
         101  1 0.1754 0.1816 0.1547 0.1200 0.0487 0.0512 0.0751 0.1199 0.0735 
         102  1 0.1074 0.1267 0.2496 0.1137 0.0813 0.0627 0.1109 0.0934 0.0544 
         103  1 0.1562 0.1313 0.1487 0.1160 0.0428 0.0885 0.0987 0.1727 0.0451 
         104  1 0.0491 0.0501 0.0589 0.1587 0.0538 0.0372 0.4673 0.0553 0.0697 
         105  1 0.0384 0.0391 0.0472 0.0467 0.6245 0.0340 0.0803 0.0483 0.0414 
         106  1 0.0994 0.1132 0.2317 0.0793 0.0446 0.2326 0.0592 0.1122 0.0278 
         107  1 0.0715 0.0700 0.0913 0.0703 0.0465 0.3805 0.0478 0.0721 0.1501 
         108  1 0.0364 0.0373 0.0473 0.0561 0.5349 0.0565 0.0985 0.0345 0.0984 
         109  1 0.0669 0.0607 0.0665 0.1566 0.0378 0.0570 0.4356 0.0720 0.0470 
         110  1 0.1025 0.1155 0.0736 0.1415 0.0806 0.1799 0.1183 0.1199 0.0683 
         111  1 0.0690 0.0710 0.0952 0.1188 0.1971 0.1249 0.2144 0.0722 0.0374 
         112  1 0.0776 0.0817 0.0923 0.0781 0.0599 0.2559 0.0881 0.0694 0.1970 
         113  1 0.1271 0.1342 0.0942 0.1657 0.0924 0.0554 0.1349 0.1540 0.0422 
         114  1 0.0888 0.0890 0.0887 0.1547 0.0850 0.0401 0.2472 0.1142 0.0924 
         115  1 0.0663 0.0830 0.1552 0.0559 0.0482 0.3788 0.0655 0.0654 0.0817 
         116  1 0.0784 0.0947 0.1656 0.0608 0.0446 0.0872 0.0552 0.0728 0.3406 
         117  1 0.1595 0.1440 0.1436 0.1291 0.0391 0.0566 0.1396 0.1516 0.0367 
         118  1 0.0688 0.0780 0.0886 0.0692 0.0581 0.0547 0.0667 0.0645 0.4515 
         119  1 0.0878 0.0836 0.1154 0.1415 0.0475 0.1102 0.3007 0.0716 0.0417 
         120  1 0.1130 0.1397 0.1602 0.1407 0.1393 0.0763 0.0600 0.1204 0.0503 
         121  1 0.1569 0.1633 0.1596 0.1357 0.0742 0.0558 0.0886 0.1198 0.0460 
         122  1 0.1255 0.1626 0.1447 0.1574 0.0836 0.0623 0.0834 0.1328 0.0478 
         123  1 0.1676 0.1376 0.0790 0.1751 0.0384 0.0526 0.0534 0.2554 0.0410 
         124  1 0.1704 0.1398 0.1386 0.1357 0.0539 0.0409 0.0925 0.1793 0.0489 
         125  1 0.1071 0.0941 0.0658 0.1317 0.0468 0.0481 0.0592 0.1818 0.2655 
         126  1 0.1709 0.1376 0.1298 0.1149 0.0638 0.0790 0.0792 0.1109 0.1139 
         127  1 0.1233 0.1180 0.1530 0.1328 0.0983 0.0666 0.1301 0.1039 0.0739 
         128  1 0.0602 0.0680 0.0750 0.0639 0.4339 0.1443 0.0538 0.0595 0.0414 
         129  1 0.1280 0.1517 0.1084 0.1869 0.0958 0.0443 0.0665 0.1525 0.0659 
         130  1 0.1309 0.1172 0.1747 0.0969 0.0404 0.2194 0.0730 0.0947 0.0529 
         131  1 0.1410 0.1527 0.0832 0.1819 0.0795 0.0458 0.0879 0.1935 0.0344 
         132  1 0.1072 0.1132 0.1879 0.1116 0.1020 0.0923 0.1147 0.0808 0.0903 
         133  1 0.0479 0.0473 0.0471 0.1537 0.1138 0.0579 0.4276 0.0454 0.0593 
         134  1 0.1420 0.1605 0.2041 0.1329 0.0455 0.0833 0.0705 0.1287 0.0326 
         135  1 0.1646 0.1658 0.2390 0.1045 0.0399 0.0487 0.0692 0.1188 0.0496 
         136  1 0.0744 0.0759 0.1052 0.0791 0.0608 0.1282 0.0632 0.0774 0.3360 
         137  1 0.1109 0.1264 0.1769 0.1377 0.0868 0.0965 0.0870 0.1024 0.0753 
         138  1 0.0811 0.0769 0.0810 0.0873 0.3980 0.0613 0.0788 0.0860 0.0497 
         139  1 0.0625 0.0638 0.0646 0.0596 0.0796 0.0650 0.0503 0.0797 0.4749 
         140  1 0.1766 0.1648 0.1919 0.1213 0.0411 0.0669 0.0757 0.1195 0.0422 
         141  1 0.1306 0.1287 0.1602 0.1397 0.0764 0.0772 0.1005 0.0988 0.0878 
         142  1 0.0828 0.1114 0.1324 0.1367 0.0476 0.0801 0.2814 0.0745 0.0530 
         143  1 0.1102 0.1205 0.1221 0.1204 0.1612 0.0845 0.0702 0.0868 0.1241 
         144  1 0.1419 0.1198 0.1507 0.1103 0.1259 0.1455 0.0780 0.0874 0.0404 
         145  1 0.1379 0.1633 0.1240 0.1707 0.0488 0.0558 0.0766 0.1584 0.0645 
         146  1 0.1718 0.1398 0.1477 0.1252 0.0427 0.1127 0.0987 0.1060 0.0554 
         147  1 0.1154 0.1421 0.0996 0.1569 0.0850 0.1179 0.0778 0.1400 0.0654 
         148  1 0.1895 0.1191 0.0963 0.1273 0.1391 0.0791 0.0727 0.1357 0.0412 
         149  1 0.0884 0.0916 0.0837 0.1501 0.0887 0.0638 0.2762 0.1031 0.0543 
         150  1 0.0945 0.0864 0.1353 0.1381 0.0472 0.0993 0.2891 0.0730 0.0371 
         151  1 0.0457 0.0500 0.0511 0.1506 0.0629 0.0674 0.4402 0.0443 0.0879 
         152  1 0.1579 0.1984 0.1416 0.1278 0.0597 0.0574 0.0653 0.1401 0.0521 
         153  1 0.0421 0.0382 0.0445 0.0429 0.4853 0.1113 0.0462 0.0358 0.1537 
         154  1 0.1240 0.1510 0.2068 0.1277 0.0756 0.0688 0.0981 0.1141 0.0340 
         155  1 0.1459 0.1388 0.1717 0.1546 0.0644 0.0892 0.0809 0.1142 0.0403 
         156  1 0.1207 0.1038 0.1465 0.1186 0.0647 0.1230 0.1333 0.0774 0.1121 
         157  1 0.1504 0.0837 0.0641 0.1252 0.0745 0.0596 0.1027 0.2348 0.1049 
         158  1 0.1144 0.1041 0.1238 0.1296 0.1127 0.1027 0.1298 0.1022 0.0808 
         159  1 0.0736 0.0664 0.0561 0.0670 0.0490 0.4952 0.0553 0.0955 0.0419 
         160  1 0.0563 0.0564 0.0646 0.0565 0.0407 0.0562 0.0569 0.0565 0.5559 
         161  1 0.0761 0.0579 0.0567 0.0665 0.0611 0.0595 0.0722 0.0796 0.4703 
         162  1 0.1469 0.1620 0.2205 0.0974 0.0888 0.0579 0.0683 0.1163 0.0418 
         163  1 0.1377 0.1163 0.1488 0.1377 0.0469 0.0437 0.1271 0.1965 0.0455 
         164  1 0.0500 0.0484 0.0512 0.0521 0.0522 0.0738 0.0589 0.0509 0.5625 
         165  1 0.1407 0.1139 0.0980 0.1347 0.0505 0.0814 0.1759 0.1324 0.0725 
         166  1 0.0708 0.0777 0.0909 0.0801 0.4135 0.0799 0.0547 0.0707 0.0617 
         167  1 0.1301 0.1073 0.1216 0.0944 0.2382 0.0849 0.0836 0.0969 0.0431 
         168  1 0.1271 0.1324 0.1581 0.0960 0.0913 0.0550 0.0904 0.0955 0.1540 
         169  1 0.0605 0.0655 0.0765 0.0509 0.0470 0.0939 0.0500 0.0498 0.5060 
         170  1 0.0697 0.0598 0.0620 0.0624 0.0600 0.5234 0.0512 0.0637 0.0478 
         171  1 0.1250 0.1959 0.0966 0.1572 0.1040 0.0443 0.0891 0.1466 0.0412 
         172  1 0.0462 0.0510 0.0547 0.0559 0.5561 0.0488 0.0695 0.0443 0.0734 
         173  1 0.0548 0.0585 0.0750 0.0599 0.5552 0.0575 0.0600 0.0473 0.0319 
         174  1 0.1108 0.1098 0.1054 0.1187 0.1090 0.1041 0.1234 0.1094 0.1096 
         175  1 0.1318 0.1121 0.1003 0.1300 0.1111 0.0767 0.0709 0.2042 0.0629 
         176  1 0.0686 0.0635 0.0795 0.0612 0.0390 0.5112 0.0496 0.0677 0.0597 
         177  1 0.1226 0.1146 0.0945 0.1200 0.1050 0.1406 0.0774 0.1409 0.0844 
         178  1 0.0841 0.0695 0.0661 0.0705 0.4469 0.0471 0.0656 0.0868 0.0634 
         179  1 0.0940 0.0843 0.0945 0.1263 0.1224 0.0767 0.2259 0.1175 0.0583 
         180  1 0.0595 0.0737 0.1376 0.0614 0.0492 0.4473 0.0719 0.0570 0.0425 
         181  1 0.1161 0.1459 0.2049 0.1370 0.0545 0.1083 0.0731 0.1192 0.0411 
         182  1 0.0484 0.0555 0.0489 0.1382 0.0373 0.0280 0.3729 0.0557 0.2150 
         183  1 0.0417 0.0405 0.0444 0.0449 0.0912 0.0370 0.0585 0.0400 0.6017 
         184  1 0.1172 0.1190 0.1408 0.1250 0.0907 0.0861 0.1268 0.1180 0.0764 
         185  1 0.0931 0.0990 0.1476 0.0932 0.0590 0.0607 0.0688 0.1107 0.2679 
         186  1 0.0710 0.0703 0.0847 0.0733 0.1074 0.4210 0.0627 0.0707 0.0387 
         187  1 0.1815 0.1514 0.1271 0.1410 0.0430 0.0449 0.0602 0.2126 0.0383 
         188  1 0.0406 0.0403 0.0463 0.0457 0.0788 0.0801 0.0578 0.0377 0.5727 
         189  1 0.1306 0.0988 0.0968 0.1068 0.0564 0.1873 0.0959 0.1186 0.1088 
         190  1 0.1174 0.1077 0.1432 0.1242 0.1329 0.1229 0.0999 0.0783 0.0737 
         191  1 0.0584 0.0633 0.0617 0.0628 0.5360 0.0643 0.0614 0.0572 0.0350 
         192  1 0.1189 0.0902 0.0617 0.0957 0.0687 0.0591 0.0541 0.1962 0.2554 
         193  1 0.1009 0.0964 0.0963 0.1035 0.0893 0.1592 0.1130 0.0851 0.1563 
         194  1 0.1665 0.1592 0.2096 0.1113 0.0450 0.0654 0.0754 0.1144 0.0532 
         195  1 0.0837 0.0747 0.0901 0.1594 0.0887 0.0468 0.3228 0.0904 0.0434 
         196  1 0.1039 0.1111 0.1905 0.0799 0.0433 0.2650 0.0597 0.1026 0.0440 
         197  1 0.1551 0.1473 0.1491 0.1227 0.1163 0.0441 0.1086 0.1090 0.0479 
         198  1 0.0867 0.0690 0.0630 0.0847 0.4076 0.0589 0.1082 0.0738 0.0481 
         199  1 0.1652 0.1116 0.0678 0.1475 0.0570 0.0432 0.0584 0.3041 0.0454 
         200  1 0.0581 0.0620 0.0630 0.1605 0.0939 0.0392 0.4381 0.0576 0.0276 
         201  1 0.0440 0.0494 0.0887 0.0411 0.0654 0.5882 0.0385 0.0409 0.0437 
         202  1 0.2005 0.1171 0.0740 0.1211 0.0500 0.0609 0.0887 0.2020 0.0857 
         203  1 0.1646 0.1617 0.1804 0.1227 0.0634 0.0581 0.0736 0.1205 0.0551 
         204  1 0.1143 0.1438 0.1126 0.1391 0.1498 0.0550 0.1276 0.1135 0.0444 
         205  1 0.1961 0.1258 0.0506 0.1290 0.0404 0.0445 0.0440 0.3253 0.0442 
         206  1 0.1883 0.1366 0.1333 0.1292 0.0579 0.0687 0.0795 0.1572 0.0494 
         207  1 0.1095 0.1127 0.1593 0.1415 0.0649 0.0687 0.2140 0.0985 0.0309 
         208  1 0.0565 0.0639 0.0683 0.1593 0.0810 0.0466 0.4216 0.0662 0.0366 
         209  1 0.0772 0.0972 0.0592 0.0700 0.3554 0.0823 0.0694 0.0689 0.1203 
         210  1 0.1244 0.2442 0.0890 0.1291 0.0733 0.0416 0.0861 0.1361 0.0761 
         211  1 0.0657 0.0531 0.0514 0.0519 0.5719 0.0507 0.0485 0.0528 0.0539 
         212  1 0.0464 0.0506 0.0509 0.0555 0.5836 0.0354 0.0739 0.0489 0.0548 
         213  1 0.1602 0.1023 0.1082 0.1173 0.0419 0.1030 0.0865 0.0892 0.1915 
         214  1 0.1759 0.1685 0.1982 0.1114 0.0416 0.0644 0.0669 0.1311 0.0420 
         215  1 0.0682 0.0725 0.0870 0.1605 0.0435 0.0873 0.3833 0.0604 0.0373 
         216  1 0.0709 0.0840 0.0962 0.1497 0.0615 0.0891 0.3496 0.0614 0.0377 
         217  1 0.1398 0.1421 0.0969 0.1212 0.0667 0.1454 0.0569 0.1888 0.0421 
         218  1 0.1498 0.1064 0.0800 0.1440 0.0385 0.0942 0.0986 0.2464 0.0420 
         219  1 0.0545 0.0580 0.1198 0.0477 0.5114 0.0692 0.0499 0.0528 0.0365 
         220  1 0.1114 0.1329 0.1027 0.1697 0.1603 0.0460 0.0744 0.1296 0.0731 
         221  1 0.1707 0.1592 0.1781 0.1374 0.0475 0.0664 0.0807 0.1159 0.0442 
         222  1 0.1054 0.1318 0.2190 0.1333 0.0908 0.0524 0.0626 0.1138 0.0909 
         223  1 0.1873 0.1380 0.1334 0.1229 0.0830 0.0883 0.0856 0.1044 0.0570 
         224  1 0.1199 0.1163 0.1187 0.1093 0.1832 0.0606 0.1034 0.1046 0.0840 
         225  1 0.0509 0.0507 0.0474 0.0523 0.0596 0.6032 0.0453 0.0434 0.0472 
         226  1 0.1019 0.1018 0.1176 0.1083 0.1562 0.0969 0.1159 0.0915 0.1098 
         227  1 0.1995 0.1218 0.0545 0.1249 0.0340 0.0352 0.0396 0.3650 0.0255 
         228  1 0.1410 0.1320 0.1048 0.1532 0.0659 0.0706 0.1274 0.1618 0.0434 
         229  1 0.0844 0.1059 0.0829 0.1006 0.0662 0.0432 0.1081 0.0779 0.3309 
         230  1 0.1097 0.1222 0.1130 0.1545 0.0635 0.0982 0.1846 0.1173 0.0370 
         231  1 0.0453 0.0498 0.0617 0.1671 0.0749 0.0462 0.4744 0.0405 0.0401 
         232  1 0.1053 0.0751 0.0615 0.1412 0.0867 0.0665 0.2172 0.1912 0.0554 
         233  1 0.0662 0.0725 0.1047 0.0666 0.4455 0.0783 0.0633 0.0641 0.0389 
         234  1 0.0749 0.0807 0.0988 0.1337 0.0833 0.0438 0.3239 0.0695 0.0913 
         235  1 0.0857 0.0893 0.1162 0.0751 0.0321 0.4180 0.0711 0.0728 0.0397 
         236  1 0.1347 0.1570 0.2097 0.1116 0.0843 0.0603 0.0687 0.1200 0.0536 
         237  1 0.0962 0.0990 0.1011 0.1438 0.0653 0.0571 0.2534 0.0959 0.0882 
         238  1 0.1442 0.1417 0.2528 0.1074 0.0532 0.0715 0.0579 0.1209 0.0503 
         239  1 0.0916 0.0604 0.0426 0.0761 0.0371 0.0388 0.0504 0.1498 0.4531 
         240  1 0.1250 0.1712 0.2007 0.1086 0.0352 0.0625 0.0799 0.1189 0.0980 
         241  1 0.1059 0.1124 0.1810 0.0964 0.0894 0.1931 0.0837 0.0950 0.0431 
         242  1 0.0711 0.0769 0.0690 0.0642 0.1095 0.0505 0.0613 0.0719 0.4256 
         243  1 0.1140 0.1287 0.1106 0.1500 0.0516 0.0670 0.2385 0.0970 0.0425 
         244  1 0.1706 0.1402 0.1741 0.1311 0.0380 0.0319 0.0611 0.2223 0.0308 
         245  1 0.0555 0.0699 0.1197 0.1018 0.0850 0.0390 0.2521 0.0545 0.2224 
         246  1 0.1114 0.1013 0.0979 0.1374 0.0903 0.0494 0.1892 0.1676 0.0554 
         247  1 0.0805 0.1091 0.1195 0.0731 0.0482 0.0595 0.0758 0.0747 0.3598 
         248  1 0.0757 0.0753 0.0953 0.0698 0.0723 0.4074 0.0687 0.0754 0.0602 
         249  1 0.0700 0.0776 0.0677 0.1684 0.0429 0.0416 0.4387 0.0510 0.0421 
         250  1 0.0858 0.0961 0.1119 0.1195 0.1719 0.2124 0.0710 0.0766 0.0549 
         251  1 0.0424 0.0397 0.0390 0.1295 0.0892 0.0383 0.3818 0.0479 0.1922 
         252  1 0.1671 0.1253 0.1557 0.1286 0.0518 0.0356 0.1019 0.1163 0.1177 
         253  1 0.1816 0.1551 0.1023 0.1574 0.0447 0.0496 0.0461 0.2214 0.0417 
         254  1 0.1238 0.1273 0.1665 0.1173 0.1128 0.0756 0.0540 0.1096 0.1130 
         255  1 0.1117 0.1128 0.0961 0.1588 0.0743 0.0708 0.1865 0.1471 0.0419 
         256  1 0.2058 0.1632 0.1509 0.1203 0.0617 0.0613 0.0743 0.1311 0.0315 
         257  1 0.0697 0.0677 0.0907 0.0670 0.2717 0.0494 0.0631 0.0669 0.2538 
         258  1 0.0784 0.0716 0.1137 0.0580 0.0417 0.0885 0.0654 0.0611 0.4217 
         259  1 0.0524 0.0525 0.0785 0.0523 0.0540 0.0731 0.0605 0.0515 0.5251 
         260  1 0.1023 0.1249 0.1501 0.0862 0.1101 0.2461 0.0602 0.0906 0.0295 
         261  1 0.1280 0.1188 0.0920 0.1181 0.1237 0.1193 0.0463 0.2180 0.0356 
         262  1 0.1330 0.2117 0.1059 0.1548 0.0505 0.0537 0.0718 0.1510 0.0675 
         263  1 0.1455 0.1375 0.1897 0.1181 0.0896 0.0899 0.0694 0.1015 0.0588 
         264  1 0.2021 0.1282 0.0698 0.1269 0.0318 0.0444 0.0646 0.2969 0.0353 
         265  1 0.0923 0.0916 0.0712 0.0999 0.0593 0.2588 0.0789 0.1214 0.1266 
         266  1 0.0957 0.0898 0.1292 0.1000 0.0479 0.2944 0.1085 0.0800 0.0545 
         267  1 0.0616 0.0677 0.0624 0.0663 0.5117 0.0482 0.0690 0.0514 0.0616 
         268  1 0.0794 0.0700 0.0721 0.1513 0.0576 0.0661 0.3726 0.0672 0.0637 
         269  1 0.0699 0.0751 0.0885 0.0744 0.1081 0.3336 0.1056 0.0757 0.0690 
         270  1 0.0610 0.0707 0.1018 0.0598 0.0423 0.4904 0.0636 0.0539 0.0566 
         271  1 0.1845 0.1331 0.0943 0.1372 0.0443 0.0500 0.1186 0.2092 0.0287 
         272  1 0.1509 0.1846 0.0986 0.1470 0.0516 0.0681 0.0885 0.1588 0.0520 
         273  1 0.0574 0.0548 0.0626 0.1517 0.0500 0.0474 0.4054 0.0600 0.1107 
         274  1 0.0440 0.0396 0.0443 0.0450 0.0408 0.6623 0.0492 0.0360 0.0389 
         275  1 0.0942 0.0791 0.0927 0.0760 0.3709 0.0715 0.0779 0.0772 0.0603 
         276  1 0.1005 0.1207 0.1699 0.0940 0.1025 0.1661 0.0835 0.0946 0.0680 
         277  1 0.2276 0.1468 0.1129 0.1290 0.0468 0.0806 0.0823 0.1136 0.0604 
         278  1 0.0867 0.1046 0.1021 0.1141 0.2136 0.0667 0.1458 0.0870 0.0793 
         279  1 0.1442 0.1561 0.1598 0.1062 0.0316 0.1151 0.0573 0.1111 0.1186 
         280  1 0.1327 0.1337 0.1382 0.1245 0.0893 0.1214 0.0679 0.1176 0.0748 
         281  1 0.0459 0.0476 0.0549 0.1522 0.0452 0.0511 0.4399 0.0426 0.1205 
         282  1 0.2224 0.1594 0.1064 0.1327 0.0385 0.0842 0.0680 0.1474 0.0412 
         283  1 0.1236 0.1799 0.0848 0.1700 0.0672 0.0531 0.0953 0.1520 0.0742 
         284  1 0.0943 0.1300 0.1029 0.1306 0.1078 0.0753 0.1499 0.1006 0.1086 
         285  1 0.1002 0.1546 0.0777 0.1241 0.1266 0.0685 0.1251 0.1023 0.1208 
         286  1 0.1228 0.1384 0.0892 0.0994 0.0516 0.0589 0.0672 0.1072 0.2653 
         287  1 0.1479 0.2158 0.0808 0.1544 0.0754 0.0487 0.0806 0.1619 0.0345 
         288  1 0.1636 0.1371 0.1324 0.1279 0.0949 0.0662 0.0769 0.1200 0.0810 
         289  1 0.1403 0.1473 0.1459 0.1537 0.0678 0.0690 0.1181 0.1129 0.0450 
         290  1 0.1466 0.2447 0.0805 0.1465 0.0631 0.0597 0.0713 0.1520 0.0357 
         291  1 0.1959 0.1789 0.1312 0.1351 0.0325 0.0642 0.0804 0.1433 0.0385 
         292  1 0.0986 0.0962 0.0716 0.1476 0.1366 0.0479 0.1821 0.1661 0.0532 
         293  1 0.0495 0.0592 0.0936 0.0490 0.5022 0.0604 0.0467 0.0497 0.0897 
         294  1 0.1961 0.1302 0.1287 0.1304 0.0408 0.1363 0.0736 0.1145 0.0493 
         295  1 0.1686 0.1086 0.0534 0.1334 0.0551 0.0873 0.0475 0.2900 0.0561 
         296  1 0.1883 0.1448 0.1151 0.1424 0.0485 0.0508 0.0960 0.1590 0.0550 
         297  1 0.1351 0.1713 0.1106 0.1844 0.0643 0.0351 0.0734 0.1626 0.0632 
         298  1 0.0496 0.0538 0.0860 0.0601 0.2011 0.1588 0.0637 0.0449 0.2821 
         299  1 0.1150 0.1271 0.2035 0.0886 0.0580 0.0676 0.0680 0.1133 0.1591 
         300  1 0.0579 0.0658 0.1531 0.0480 0.0701 0.1036 0.0528 0.0540 0.3948 
         301  1 0.1144 0.1141 0.1197 0.1127 0.0742 0.0824 0.0585 0.1247 0.1992 
         302  1 0.0746 0.0730 0.1129 0.0570 0.0470 0.2795 0.0565 0.0581 0.2413 
         303  1 0.1555 0.1617 0.1710 0.1357 0.0360 0.1028 0.0653 0.1331 0.0389 
         304  1 0.0745 0.1012 0.1371 0.1079 0.1540 0.1825 0.0560 0.0725 0.1143 
         305  1 0.1054 0.1162 0.1156 0.1088 0.0823 0.1974 0.0755 0.0941 0.1048 
         306  1 0.0911 0.1123 0.1893 0.0849 0.2616 0.0852 0.0581 0.0828 0.0346 
         307  1 0.1539 0.1640 0.2387 0.1031 0.0464 0.0542 0.0857 0.1066 0.0474 
         308  1 0.1094 0.0898 0.1120 0.0988 0.0691 0.1264 0.1037 0.0748 0.2161 
         309  1 0.0887 0.1051 0.1889 0.0953 0.1130 0.1759 0.0930 0.0816 0.0584 
         310  1 0.0502 0.0629 0.0541 0.0546 0.5001 0.0667 0.0505 0.0550 0.1060 
         311  1 0.0550 0.0618 0.0593 0.0542 0.5302 0.0714 0.0387 0.0542 0.0752 
         312  1 0.0323 0.0338 0.0510 0.0305 0.0351 0.5235 0.0283 0.0291 0.2363 
         313  1 0.1669 0.1004 0.0455 0.1091 0.0379 0.0538 0.0572 0.2836 0.1456 
         314  1 0.0684 0.0694 0.0690 0.0710 0.0951 0.0592 0.0586 0.0785 0.4308 
         315  1 0.0389 0.0427 0.0464 0.0366 0.0599 0.4820 0.0330 0.0357 0.2246 
         316  1 0.0603 0.0557 0.0565 0.0787 0.4307 0.0312 0.1225 0.0684 0.0960 
         317  1 0.0707 0.0659 0.0836 0.1019 0.3024 0.0747 0.1893 0.0549 0.0565 
         318  1 0.1009 0.0912 0.1145 0.0753 0.0427 0.1950 0.0556 0.0881 0.2367 
         319  1 0.0466 0.0418 0.0605 0.0934 0.3725 0.0518 0.2404 0.0415 0.0515 
         320  1 0.0799 0.0555 0.0591 0.0564 0.0382 0.0647 0.0511 0.0556 0.5394 
         321  1 0.1263 0.2124 0.0723 0.1601 0.0622 0.0734 0.0915 0.1450 0.0569 
         322  1 0.1408 0.1307 0.1931 0.1013 0.1495 0.0868 0.0592 0.1010 0.0374 
         323  1 0.1496 0.1439 0.1579 0.1055 0.1172 0.0896 0.0713 0.1011 0.0640 
         324  1 0.0608 0.0547 0.0679 0.0548 0.1064 0.0623 0.0558 0.0664 0.4708 
         325  1 0.0558 0.0544 0.0621 0.1169 0.2255 0.0977 0.2689 0.0454 0.0732 
         326  1 0.1324 0.1296 0.1207 0.1082 0.1479 0.1151 0.0713 0.1086 0.0661 
         327  1 0.0927 0.0679 0.0512 0.0773 0.4517 0.0410 0.0438 0.1347 0.0396 
         328  1 0.1753 0.1329 0.1791 0.1119 0.0578 0.0984 0.0701 0.0997 0.0748 
         329  1 0.1916 0.1378 0.1834 0.1109 0.0490 0.0617 0.0801 0.1119 0.0735 
         330  1 0.1650 0.1544 0.1566 0.1101 0.0762 0.0476 0.0676 0.1183 0.1042 
         331  1 0.1388 0.1260 0.1817 0.1173 0.0599 0.0620 0.0888 0.1699 0.0556 
         332  1 0.1972 0.1600 0.1349 0.1196 0.0554 0.0672 0.0801 0.1524 0.0331 
         333  1 0.0837 0.0831 0.0891 0.0930 0.0610 0.0539 0.1077 0.1144 0.3142 
         334  1 0.0393 0.0389 0.0386 0.0409 0.6742 0.0430 0.0396 0.0409 0.0445 
         335  1 0.0711 0.0681 0.1022 0.1344 0.0476 0.0755 0.3608 0.0603 0.0800 
         336  1 0.1289 0.1385 0.1622 0.1494 0.0975 0.0728 0.0791 0.1163 0.0554 
         337  1 0.0849 0.1093 0.0712 0.0904 0.0546 0.0482 0.0732 0.0862 0.3820 
         338  1 0.1649 0.1465 0.1970 0.1259 0.0713 0.0856 0.0749 0.0980 0.0359 
         339  1 0.0595 0.0611 0.0610 0.1626 0.0558 0.0349 0.4441 0.0545 0.0665 
         340  1 0.1510 0.1276 0.1160 0.1289 0.1064 0.1050 0.0670 0.1227 0.0754 
         341  1 0.1927 0.1375 0.1140 0.1343 0.0502 0.1168 0.0662 0.1192 0.0691 
         342  1 0.1610 0.1668 0.0806 0.1946 0.0488 0.0374 0.0691 0.1970 0.0448 
         343  1 0.0453 0.0407 0.0427 0.0540 0.0522 0.0335 0.0893 0.0497 0.5926 
         344  1 0.1171 0.1141 0.2466 0.0992 0.0337 0.1370 0.1332 0.0820 0.0372 
         345  1 0.0606 0.0539 0.0568 0.1621 0.0559 0.0397 0.4629 0.0526 0.0555 
         346  1 0.0557 0.0559 0.0570 0.0623 0.0339 0.0381 0.0510 0.0642 0.5819 
         347  1 0.0976 0.1161 0.2167 0.1343 0.0620 0.0470 0.2151 0.0810 0.0303 
         348  1 0.0943 0.0932 0.1144 0.1037 0.2163 0.1014 0.1199 0.1111 0.0456 
         349  1 0.0867 0.0978 0.1203 0.1318 0.0706 0.0475 0.2582 0.0966 0.0904 
         350  1 0.0816 0.0779 0.0659 0.0674 0.3850 0.1000 0.0438 0.0774 0.1009 
         351  1 0.1414 0.1417 0.1560 0.1185 0.1228 0.0595 0.0840 0.1010 0.0751 
         352  1 0.1505 0.1587 0.1561 0.1409 0.0848 0.0623 0.0803 0.1350 0.0313 
         353  1 0.0532 0.0498 0.0463 0.0527 0.5856 0.0614 0.0449 0.0628 0.0433 
         354  1 0.1172 0.1034 0.1165 0.1070 0.1809 0.0458 0.0883 0.1627 0.0782 
         355  1 0.0840 0.0858 0.1028 0.0719 0.4439 0.0475 0.0554 0.0800 0.0288 
         356  1 0.0543 0.0495 0.0486 0.0505 0.0346 0.0745 0.0367 0.0531 0.5983 
         357  1 0.1799 0.1214 0.0652 0.1385 0.0507 0.0442 0.0573 0.2983 0.0444 
         358  1 0.0627 0.0630 0.0842 0.0678 0.0950 0.4607 0.0568 0.0613 0.0484 
         359  1 0.0890 0.1036 0.0922 0.0848 0.0577 0.1442 0.0615 0.1049 0.2620 
         360  1 0.1315 0.1496 0.0874 0.1461 0.1637 0.0599 0.0670 0.1584 0.0363 
         361  1 0.0764 0.0670 0.0759 0.0584 0.0496 0.5007 0.0456 0.0796 0.0468 
         362  1 0.1388 0.1854 0.1518 0.1315 0.0440 0.0396 0.1063 0.1282 0.0742 
         363  1 0.1909 0.1727 0.1752 0.1307 0.0574 0.0543 0.0785 0.1149 0.0254 
         364  1 0.1155 0.1654 0.2056 0.1423 0.0673 0.0492 0.0743 0.1266 0.0539 
         365  1 0.0961 0.0889 0.1609 0.1322 0.0349 0.0950 0.2524 0.0677 0.0720 
         366  1 0.0838 0.1186 0.0906 0.0879 0.1083 0.1729 0.0643 0.0791 0.1946 
         367  1 0.0929 0.1057 0.1697 0.0945 0.1249 0.2352 0.0611 0.0859 0.0301 
         368  1 0.1241 0.1160 0.2022 0.1306 0.0621 0.0502 0.1878 0.1011 0.0259 
         369  1 0.1645 0.1770 0.1138 0.1356 0.0481 0.0404 0.0664 0.1940 0.0602 
         370  1 0.1022 0.0981 0.1124 0.0919 0.2660 0.0885 0.0899 0.0759 0.0752 
         371  1 0.1405 0.1698 0.1028 0.1525 0.0574 0.0610 0.0980 0.1593 0.0587 
         372  1 0.1431 0.1571 0.1079 0.1503 0.0617 0.0671 0.0784 0.2028 0.0316 
         373  1 0.1312 0.0827 0.0664 0.0935 0.0705 0.0641 0.0694 0.1091 0.3130 
         374  1 0.0707 0.0701 0.0994 0.0710 0.0543 0.3307 0.0936 0.0713 0.1389 
         375  1 0.1688 0.1323 0.0957 0.1634 0.0329 0.0303 0.0525 0.2817 0.0423 
         376  1 0.0837 0.1151 0.0724 0.1509 0.0645 0.0414 0.3354 0.0788 0.0578 
         377  1 0.0555 0.0730 0.0510 0.0622 0.0362 0.0435 0.0557 0.0545 0.5684 
         378  1 0.0670 0.0642 0.0558 0.0691 0.0398 0.0493 0.0655 0.0766 0.5127 
         379  1 0.0660 0.0737 0.0797 0.0805 0.4588 0.0507 0.0892 0.0693 0.0321 
         380  1 0.1028 0.1632 0.1064 0.1374 0.1447 0.0803 0.0894 0.1114 0.0645 
         381  1 0.1222 0.1221 0.1214 0.0975 0.0558 0.2345 0.0729 0.1205 0.0530 
         382  1 0.1530 0.1129 0.0732 0.1614 0.0598 0.0686 0.0684 0.2666 0.0360 
         383  1 0.1877 0.1476 0.1819 0.1291 0.0349 0.0481 0.1218 0.1096 0.0394 
         384  1 0.1030 0.1046 0.1059 0.0908 0.0405 0.1231 0.0783 0.1029 0.2508 
         385  1 0.0666 0.0627 0.0972 0.1168 0.0375 0.0546 0.2921 0.0586 0.2140 
         386  1 0.1787 0.1410 0.1332 0.1476 0.0408 0.0524 0.1563 0.0971 0.0529 
         387  1 0.2058 0.1556 0.1797 0.1181 0.0656 0.0609 0.0659 0.1133 0.0351 
         388  1 0.1354 0.1066 0.0621 0.0951 0.0535 0.2124 0.0641 0.2201 0.0505 
         389  1 0.0982 0.1099 0.0847 0.1668 0.0712 0.0415 0.2526 0.1166 0.0585 
         390  1 0.1432 0.1990 0.1019 0.1626 0.0453 0.0458 0.1079 0.1541 0.0403 
         391  1 0.1594 0.1373 0.1112 0.1480 0.0578 0.0694 0.1035 0.1542 0.0593 
         392  1 0.0902 0.0970 0.0849 0.0856 0.0696 0.3546 0.0536 0.0906 0.0738 
         393  1 0.1100 0.1094 0.1028 0.1122 0.1130 0.1147 0.1135 0.1118 0.1127 
         394  1 0.0811 0.0822 0.0885 0.1355 0.1254 0.1418 0.2503 0.0635 0.0317 
         395  1 0.1344 0.2320 0.1629 0.1328 0.0376 0.0341 0.0875 0.1430 0.0356 
         396  1 0.1255 0.0894 0.0589 0.1185 0.0507 0.0382 0.0569 0.2138 0.2480 
         397  1 0.1566 0.1823 0.1087 0.1245 0.0504 0.0630 0.0776 0.1338 0.1031 
         398  1 0.1182 0.1280 0.1583 0.0897 0.0405 0.1604 0.0646 0.1016 0.1387 
         399  1 0.1366 0.1602 0.1856 0.1465 0.0634 0.0598 0.0661 0.1465 0.0352 
         400  1 0.1644 0.1258 0.1396 0.1136 0.0995 0.0501 0.1093 0.1157 0.0821 
         401  1 0.1954 0.1620 0.1581 0.1278 0.0405 0.0821 0.0750 0.1090 0.0501 
         402  1 0.0816 0.0746 0.0618 0.1465 0.0556 0.1090 0.3501 0.0781 0.0428 
         403  1 0.0935 0.0768 0.0855 0.0755 0.0730 0.3615 0.0628 0.0658 0.1056 
         404  1 0.1245 0.1465 0.1828 0.1209 0.0631 0.0826 0.1137 0.1102 0.0559 
         405  1 0.0803 0.0757 0.1065 0.1357 0.0442 0.0951 0.2826 0.0908 0.0890 
         406  1 0.1721 0.1151 0.0602 0.1276 0.0456 0.0446 0.0716 0.2934 0.0698 
         407  1 0.1252 0.1874 0.0887 0.1580 0.1279 0.0427 0.0907 0.1401 0.0394 
         408  1 0.0887 0.1019 0.1464 0.1094 0.0590 0.0917 0.0729 0.0713 0.2588 
         409  1 0.1130 0.1247 0.1288 0.1560 0.0617 0.0975 0.1722 0.1050 0.0412 
         410  1 0.1597 0.2445 0.0900 0.1362 0.0479 0.0513 0.0742 0.1550 0.0413 
         411  1 0.1559 0.1240 0.1185 0.1120 0.0550 0.0591 0.0863 0.1010 0.1882 
         412  1 0.0714 0.0965 0.2363 0.0716 0.2052 0.1118 0.0652 0.0852 0.0567 
         413  1 0.0815 0.0850 0.0933 0.1427 0.1090 0.0687 0.2342 0.0804 0.1053 
         414  1 0.1012 0.1085 0.1165 0.1251 0.1132 0.0924 0.1576 0.0950 0.0905 
         415  1 0.0707 0.0496 0.0483 0.0647 0.0365 0.0438 0.0688 0.0531 0.5646 
         416  1 0.0514 0.0505 0.0514 0.1748 0.0617 0.0429 0.4757 0.0534 0.0381 
         417  1 0.1436 0.1754 0.1272 0.1305 0.0774 0.0559 0.0883 0.1339 0.0679 
         418  1 0.1185 0.1395 0.1485 0.1394 0.1240 0.0582 0.1250 0.0999 0.0470 
         419  1 0.1248 0.1610 0.1004 0.1551 0.0686 0.0556 0.0909 0.1495 0.0941 
         420  1 0.1779 0.1228 0.1496 0.1231 0.0530 0.0726 0.0767 0.1514 0.0730 
         421  1 0.1086 0.1149 0.1681 0.1017 0.0522 0.0494 0.1877 0.1358 0.0817 
         422  1 0.0874 0.0957 0.1844 0.0794 0.1183 0.0490 0.1050 0.0773 0.2035 
         423  1 0.1623 0.1645 0.2663 0.0969 0.0352 0.0595 0.0673 0.1239 0.0240 
         424  1 0.0621 0.0572 0.0668 0.0565 0.0377 0.1430 0.0619 0.0602 0.4546 
         425  1 0.1482 0.1358 0.1335 0.1055 0.0551 0.0673 0.0797 0.1637 0.1113 
         426  1 0.1013 0.0997 0.1084 0.1445 0.0612 0.1032 0.2474 0.0795 0.0547 
         427  1 0.1198 0.1207 0.1213 0.1484 0.1443 0.0726 0.1092 0.1293 0.0345 
         428  1 0.1916 0.1319 0.1033 0.1207 0.1136 0.0580 0.0746 0.1502 0.0560 
         429  1 0.1726 0.1484 0.2164 0.1260 0.0441 0.0438 0.0827 0.1216 0.0446 
         430  1 0.0421 0.0386 0.0424 0.0407 0.0495 0.6493 0.0338 0.0411 0.0625 
         431  1 0.1220 0.2102 0.1741 0.1106 0.0528 0.0529 0.0983 0.1262 0.0530 
         432  1 0.0576 0.0570 0.0688 0.0773 0.4336 0.0597 0.1538 0.0494 0.0427 
         433  1 0.1544 0.1045 0.0557 0.1381 0.0755 0.0502 0.0633 0.2764 0.0818 
         434  1 0.0643 0.0647 0.0704 0.1093 0.0723 0.0983 0.2237 0.0645 0.2325 
         435  1 0.1412 0.1504 0.1772 0.1333 0.1186 0.0498 0.0567 0.1374 0.0354 
         436  1 0.1229 0.1232 0.0902 0.1686 0.0900 0.0784 0.1024 0.1632 0.0611 
         437  1 0.0793 0.0809 0.0613 0.0732 0.0547 0.1817 0.0498 0.0789 0.3402 
         438  1 0.0528 0.0570 0.0682 0.0606 0.3701 0.2081 0.0676 0.0483 0.0672 
         439  1 0.1558 0.1704 0.1853 0.1192 0.0407 0.0903 0.0754 0.1257 0.0372 
         440  1 0.0551 0.0536 0.0642 0.0508 0.0554 0.0926 0.0491 0.0435 0.5357 
         441  1 0.0720 0.0843 0.0917 0.1600 0.0514 0.0318 0.3547 0.0847 0.0693 
         442  1 0.1065 0.0993 0.0851 0.1118 0.1032 0.2434 0.0436 0.1698 0.0372 
         443  1 0.1516 0.1411 0.1057 0.1645 0.0502 0.0366 0.0615 0.2426 0.0461 
         444  1 0.2121 0.1425 0.1240 0.1255 0.0484 0.1048 0.0815 0.1252 0.0362 
         445  1 0.1226 0.2025 0.1862 0.1367 0.0470 0.0834 0.0658 0.1307 0.0251 
         446  1 0.0609 0.0580 0.0753 0.1563 0.0750 0.0584 0.4280 0.0569 0.0314 
         447  1 0.1863 0.1446 0.1403 0.1266 0.0680 0.0457 0.0573 0.1869 0.0443 
         448  1 0.0590 0.0601 0.0715 0.0581 0.1062 0.4884 0.0636 0.0499 0.0432 
         449  1 0.0537 0.0540 0.0578 0.0614 0.0394 0.0669 0.0668 0.0529 0.5471 
         450  1 0.0565 0.0508 0.0462 0.1457 0.1217 0.0614 0.3923 0.0706 0.0548 
         451  1 0.0589 0.0598 0.0727 0.1508 0.0701 0.0431 0.3934 0.0658 0.0854 
         452  1 0.1882 0.1187 0.0525 0.1258 0.0469 0.0607 0.0430 0.3319 0.0323 
         453  1 0.0468 0.0475 0.0426 0.0522 0.5908 0.0501 0.0530 0.0481 0.0688 
         454  1 0.0987 0.1082 0.1133 0.1057 0.2305 0.1077 0.0930 0.0920 0.0510 
         455  1 0.1477 0.1339 0.1230 0.1262 0.1871 0.0653 0.0763 0.1054 0.0350 
         456  1 0.0621 0.0604 0.0699 0.1560 0.0884 0.0579 0.3891 0.0580 0.0581 
         457  1 0.0508 0.0767 0.0433 0.0630 0.0515 0.0297 0.0657 0.0522 0.5671 
         458  1 0.2263 0.1505 0.1208 0.1285 0.0349 0.0371 0.0812 0.1349 0.0858 
         459  1 0.0595 0.0744 0.0655 0.1379 0.1695 0.0431 0.3141 0.0706 0.0653 
         460  1 0.2214 0.1436 0.0788 0.1334 0.0398 0.0752 0.0737 0.2006 0.0335 
         461  1 0.0564 0.0554 0.0533 0.0604 0.0632 0.0650 0.0575 0.0577 0.5310 
         462  1 0.0617 0.0513 0.0456 0.0591 0.5450 0.0396 0.0633 0.0712 0.0632 
         463  1 0.0733 0.1044 0.1348 0.1165 0.0837 0.0688 0.2331 0.0748 0.1107 
         464  1 0.1653 0.1209 0.0860 0.1140 0.0540 0.1626 0.0733 0.1722 0.0518 
         465  1 0.0632 0.0570 0.0812 0.1314 0.0433 0.0714 0.3489 0.0511 0.1525 
         466  1 0.1386 0.1624 0.1013 0.1339 0.1077 0.1059 0.0918 0.1244 0.0340 
         467  1 0.1785 0.1076 0.0691 0.1340 0.0646 0.0345 0.0655 0.3105 0.0358 
         468  1 0.1407 0.1490 0.2112 0.1211 0.0398 0.0675 0.1317 0.1021 0.0367 
         469  1 0.1824 0.1707 0.0540 0.1554 0.0293 0.0335 0.0579 0.2910 0.0259 
         470  1 0.0950 0.0904 0.1277 0.0808 0.1385 0.2344 0.1108 0.0819 0.0405 
         471  1 0.1095 0.1072 0.1413 0.0941 0.0384 0.2861 0.0728 0.1078 0.0427 
         472  1 0.1414 0.1195 0.1291 0.1148 0.0800 0.1450 0.1008 0.0959 0.0735 
         473  1 0.1609 0.1271 0.1667 0.1292 0.0528 0.0876 0.1102 0.0988 0.0666 
         474  1 0.1678 0.1813 0.1381 0.1362 0.0358 0.0736 0.0970 0.1333 0.0369 
         475  1 0.1012 0.1130 0.2462 0.0712 0.0266 0.2425 0.0529 0.1010 0.0452 
         476  1 0.0829 0.0777 0.1306 0.1235 0.0980 0.0817 0.2877 0.0654 0.0525 
         477  1 0.1630 0.1369 0.2023 0.0973 0.0371 0.1427 0.0793 0.0988 0.0426 
         478  1 0.0518 0.0492 0.0522 0.0504 0.0484 0.0613 0.0477 0.0491 0.5899 
         479  1 0.1715 0.1664 0.1173 0.1326 0.0629 0.0641 0.0886 0.1491 0.0475 
         480  1 0.1621 0.1072 0.0617 0.1436 0.0534 0.0787 0.0437 0.3039 0.0457 
         481  1 0.0755 0.0739 0.0754 0.0756 0.1004 0.3426 0.0809 0.1006 0.0752 
         482  1 0.0579 0.0588 0.0633 0.0600 0.0552 0.0382 0.0542 0.0641 0.5484 
         483  1 0.1306 0.1149 0.1328 0.0969 0.1840 0.0724 0.0818 0.1149 0.0716 
         484  1 0.1602 0.2406 0.0688 0.1450 0.0389 0.0387 0.0664 0.1600 0.0814 
         485  1 0.1736 0.1761 0.0694 0.1538 0.0312 0.0551 0.0628 0.2439 0.0342 
         486  1 0.0502 0.0485 0.0416 0.1698 0.0610 0.0442 0.4713 0.0660 0.0475 
         487  1 0.1621 0.1235 0.0972 0.1196 0.0681 0.0576 0.0830 0.2282 0.0607 
         488  1 0.1661 0.2551 0.1220 0.1290 0.0392 0.0392 0.0841 0.1401 0.0251 
         489  1 0.1309 0.1347 0.1793 0.1179 0.0940 0.0614 0.0741 0.0954 0.1122 
         490  1 0.1587 0.1435 0.1568 0.1307 0.0507 0.0920 0.0942 0.1362 0.0372 
         491  1 0.1471 0.1496 0.0766 0.1904 0.0577 0.0636 0.0727 0.2014 0.0409 
         492  1 0.1551 0.2126 0.0684 0.2026 0.0319 0.0378 0.0647 0.1788 0.0480 
