           1  1 0.5299 0.0790 0.0780 0.1170 0.0876 0.1085 
           2  1 0.1033 0.0518 0.0590 0.1082 0.0628 0.6149 
           3  1 0.0632 0.0471 0.3607 0.0881 0.3367 0.1041 
           4  1 0.6272 0.1059 0.0762 0.0733 0.0760 0.0414 
           5  1 0.6614 0.0445 0.0833 0.0761 0.0839 0.0508 
           6  1 0.0777 0.1035 0.3173 0.0718 0.2976 0.1321 
           7  1 0.0771 0.2542 0.1635 0.0298 0.1906 0.2846 
           8  1 0.6842 0.0676 0.0563 0.0966 0.0571 0.0383 
           9  1 0.0545 0.0412 0.3941 0.0585 0.3679 0.0839 
          10  1 0.5459 0.0654 0.1208 0.0967 0.1261 0.0452 
          11  1 0.0411 0.6843 0.0702 0.0743 0.0705 0.0596 
          12  1 0.2745 0.0412 0.0727 0.1084 0.0750 0.4282 
          13  1 0.2533 0.3214 0.0846 0.1261 0.0983 0.1163 
          14  1 0.1747 0.0435 0.2307 0.2610 0.2340 0.0561 
          15  1 0.0604 0.0504 0.2492 0.1933 0.3161 0.1306 
          16  1 0.3189 0.3699 0.0821 0.0735 0.0889 0.0668 
          17  1 0.0655 0.5057 0.0616 0.0801 0.0649 0.2220 
          18  1 0.5443 0.0564 0.0762 0.1231 0.0748 0.1253 
          19  1 0.1097 0.1560 0.2493 0.0822 0.2606 0.1422 
          20  1 0.3474 0.1197 0.2177 0.0508 0.2056 0.0588 
          21  1 0.3428 0.1117 0.1369 0.2051 0.1372 0.0664 
          22  1 0.1013 0.0584 0.2319 0.2736 0.2914 0.0433 
          23  1 0.0402 0.0979 0.0701 0.0554 0.0668 0.6696 
          24  1 0.0380 0.0985 0.3444 0.0849 0.2792 0.1550 
          25  1 0.1024 0.6182 0.0812 0.0636 0.0933 0.0414 
          26  1 0.0676 0.0696 0.1401 0.0473 0.1294 0.5459 
          27  1 0.3402 0.0876 0.1336 0.2332 0.1535 0.0518 
          28  1 0.0422 0.3643 0.1623 0.1564 0.2060 0.0689 
          29  1 0.0877 0.0423 0.3505 0.0746 0.3368 0.1081 
          30  1 0.0854 0.0579 0.2746 0.1794 0.3016 0.1011 
          31  1 0.0705 0.4032 0.1059 0.0677 0.1103 0.2425 
          32  1 0.0535 0.0732 0.2920 0.1204 0.3859 0.0749 
          33  1 0.0539 0.1141 0.1663 0.3347 0.1679 0.1630 
          34  1 0.0981 0.1925 0.1712 0.1279 0.1922 0.2181 
          35  1 0.4155 0.0426 0.1454 0.1129 0.1513 0.1322 
          36  1 0.0565 0.0696 0.3120 0.1347 0.3094 0.1179 
          37  1 0.0877 0.5948 0.0749 0.0442 0.0796 0.1187 
          38  1 0.0404 0.0755 0.3555 0.0495 0.3668 0.1123 
          39  1 0.3215 0.1310 0.2200 0.0890 0.1924 0.0461 
          40  1 0.0488 0.0794 0.0666 0.6569 0.0652 0.0830 
          41  1 0.1323 0.0453 0.2855 0.1187 0.3123 0.1059 
          42  1 0.0493 0.4337 0.1608 0.0723 0.1423 0.1415 
          43  1 0.0256 0.0313 0.0439 0.0371 0.0451 0.8169 
          44  1 0.0360 0.1110 0.1088 0.0512 0.1036 0.5894 
          45  1 0.7009 0.0634 0.0666 0.0514 0.0675 0.0502 
          46  1 0.0376 0.0626 0.0568 0.0878 0.0575 0.6978 
          47  1 0.6021 0.0763 0.1011 0.0580 0.0991 0.0634 
          48  1 0.0395 0.0953 0.3561 0.0847 0.3176 0.1067 
          49  1 0.0860 0.0507 0.1120 0.4368 0.1451 0.1693 
          50  1 0.2855 0.1052 0.1078 0.3299 0.1151 0.0565 
          51  1 0.0652 0.0522 0.0921 0.6508 0.0911 0.0486 
          52  1 0.0888 0.0899 0.1226 0.4718 0.1223 0.1045 
          53  1 0.0650 0.0870 0.2245 0.3213 0.2542 0.0480 
          54  1 0.3303 0.0543 0.0963 0.3175 0.0941 0.1075 
          55  1 0.0927 0.4827 0.0892 0.1066 0.0893 0.1395 
          56  1 0.0533 0.2037 0.2570 0.0647 0.2134 0.2079 
          57  1 0.0547 0.0515 0.1865 0.1143 0.1808 0.4122 
          58  1 0.0461 0.0412 0.3451 0.0873 0.3194 0.1609 
          59  1 0.0522 0.0548 0.3490 0.1252 0.3601 0.0587 
          60  1 0.1193 0.0903 0.2348 0.1293 0.2439 0.1825 
          61  1 0.0577 0.7709 0.0416 0.0566 0.0444 0.0289 
          62  1 0.0394 0.0647 0.3776 0.0525 0.3390 0.1268 
          63  1 0.4154 0.1463 0.1437 0.1128 0.1406 0.0412 
          64  1 0.0611 0.0449 0.0887 0.6632 0.0925 0.0496 
          65  1 0.0354 0.1142 0.1389 0.5119 0.1261 0.0734 
          66  1 0.3073 0.0686 0.1692 0.1932 0.1910 0.0707 
          67  1 0.0514 0.1547 0.0821 0.0569 0.0782 0.5767 
          68  1 0.0527 0.0671 0.3347 0.0837 0.3142 0.1476 
          69  1 0.7167 0.0705 0.0552 0.0783 0.0554 0.0240 
          70  1 0.0293 0.0335 0.2531 0.0327 0.1889 0.4625 
          71  1 0.1268 0.0660 0.3541 0.0906 0.3088 0.0538 
          72  1 0.0891 0.0408 0.3169 0.0783 0.3531 0.1218 
          73  1 0.6408 0.0911 0.0441 0.0734 0.0463 0.1042 
          74  1 0.1415 0.2041 0.2692 0.0577 0.2832 0.0442 
          75  1 0.0677 0.6766 0.0649 0.0872 0.0658 0.0378 
          76  1 0.1243 0.1284 0.1630 0.0653 0.1639 0.3551 
          77  1 0.0950 0.0597 0.3511 0.1139 0.3168 0.0635 
          78  1 0.0523 0.6311 0.0734 0.0562 0.0760 0.1109 
          79  1 0.1560 0.3853 0.0954 0.1944 0.1036 0.0653 
          80  1 0.0400 0.0613 0.3547 0.0940 0.3242 0.1258 
          81  1 0.1712 0.0923 0.1582 0.3977 0.1475 0.0333 
          82  1 0.2460 0.2114 0.1074 0.1563 0.1054 0.1736 
          83  1 0.1079 0.0709 0.2922 0.0680 0.3137 0.1473 
          84  1 0.1494 0.0908 0.2560 0.1455 0.2339 0.1245 
          85  1 0.5709 0.0503 0.1167 0.0703 0.1213 0.0706 
          86  1 0.0946 0.0847 0.1895 0.1900 0.1752 0.2661 
          87  1 0.0703 0.0526 0.1460 0.4366 0.1447 0.1498 
          88  1 0.0681 0.1472 0.2125 0.2139 0.2287 0.1296 
          89  1 0.0528 0.6865 0.0608 0.0819 0.0598 0.0581 
          90  1 0.0499 0.0627 0.0608 0.1623 0.0597 0.6046 
          91  1 0.1193 0.0734 0.1717 0.4333 0.1702 0.0320 
          92  1 0.1189 0.0576 0.0813 0.0487 0.0878 0.6057 
          93  1 0.0554 0.0875 0.2044 0.3266 0.2306 0.0955 
          94  1 0.3548 0.1058 0.1904 0.0795 0.1911 0.0785 
          95  1 0.0619 0.0857 0.3233 0.0908 0.2948 0.1435 
          96  1 0.0437 0.5207 0.1242 0.1598 0.1134 0.0382 
          97  1 0.0375 0.0503 0.0573 0.0393 0.0595 0.7561 
          98  1 0.0790 0.1141 0.1423 0.4415 0.1384 0.0846 
          99  1 0.0548 0.3303 0.1932 0.0833 0.2135 0.1249 
         100  1 0.0610 0.2591 0.0547 0.5347 0.0565 0.0340 
         101  1 0.0750 0.0620 0.3909 0.0543 0.3548 0.0629 
         102  1 0.0698 0.1231 0.2499 0.2440 0.2840 0.0292 
         103  1 0.0711 0.1334 0.2285 0.0665 0.2400 0.2604 
         104  1 0.0699 0.7017 0.0472 0.0559 0.0515 0.0738 
         105  1 0.0369 0.1221 0.0452 0.6915 0.0519 0.0524 
         106  1 0.0712 0.0479 0.3423 0.0715 0.3803 0.0869 
         107  1 0.5924 0.0423 0.0927 0.0691 0.1028 0.1008 
         108  1 0.0755 0.1167 0.0443 0.6877 0.0437 0.0321 
         109  1 0.0583 0.6801 0.0673 0.0472 0.0668 0.0802 
         110  1 0.1464 0.1830 0.0769 0.0928 0.0783 0.4226 
         111  1 0.0707 0.4076 0.0850 0.2782 0.0900 0.0685 
         112  1 0.4922 0.1024 0.1168 0.0888 0.1219 0.0778 
         113  1 0.0484 0.1825 0.0922 0.0828 0.0912 0.5029 
         114  1 0.0695 0.3827 0.0535 0.0918 0.0609 0.3417 
         115  1 0.4591 0.0668 0.1777 0.0530 0.2085 0.0349 
         116  1 0.5186 0.0493 0.1392 0.0938 0.1606 0.0384 
         117  1 0.0463 0.1766 0.3026 0.0556 0.2589 0.1599 
         118  1 0.5375 0.0990 0.1012 0.1006 0.1013 0.0605 
         119  1 0.0651 0.5514 0.1317 0.0769 0.1284 0.0465 
         120  1 0.0525 0.0441 0.1126 0.5621 0.1286 0.1002 
         121  1 0.0511 0.0820 0.3336 0.1431 0.2997 0.0905 
         122  1 0.0599 0.0851 0.1320 0.2248 0.1423 0.3559 
         123  1 0.0476 0.0389 0.0623 0.0458 0.0657 0.7397 
         124  1 0.0502 0.0831 0.2498 0.0934 0.2450 0.2785 
         125  1 0.2237 0.0651 0.0518 0.0553 0.0562 0.5479 
         126  1 0.1401 0.0623 0.3455 0.0774 0.3073 0.0674 
         127  1 0.0821 0.1924 0.2001 0.2416 0.2052 0.0787 
         128  1 0.1072 0.0618 0.0882 0.5596 0.0993 0.0840 
         129  1 0.0523 0.0734 0.0934 0.3421 0.0969 0.3420 
         130  1 0.1386 0.0897 0.3086 0.0666 0.3356 0.0610 
         131  1 0.0354 0.0821 0.0551 0.0876 0.0596 0.6801 
         132  1 0.1135 0.1778 0.2234 0.2179 0.2256 0.0418 
         133  1 0.0631 0.6650 0.0483 0.1291 0.0515 0.0431 
         134  1 0.0523 0.0648 0.2546 0.1966 0.2929 0.1387 
         135  1 0.0572 0.0494 0.4023 0.0529 0.3985 0.0398 
         136  1 0.4424 0.0640 0.1096 0.1407 0.1223 0.1210 
         137  1 0.0933 0.1173 0.1742 0.3482 0.1684 0.0986 
         138  1 0.0637 0.0965 0.0977 0.4749 0.1005 0.1667 
         139  1 0.6252 0.0537 0.0673 0.0856 0.0674 0.1008 
         140  1 0.0515 0.0714 0.3635 0.0532 0.3595 0.1009 
         141  1 0.1180 0.1442 0.2131 0.2294 0.2266 0.0688 
         142  1 0.0714 0.5624 0.1265 0.0597 0.1239 0.0562 
         143  1 0.1289 0.0670 0.1933 0.3919 0.1709 0.0480 
         144  1 0.0898 0.0979 0.3185 0.1799 0.2819 0.0320 
         145  1 0.0907 0.0795 0.1090 0.0980 0.1249 0.4979 
         146  1 0.0945 0.1497 0.3225 0.0601 0.3143 0.0588 
         147  1 0.1014 0.0908 0.0894 0.1422 0.0942 0.4819 
         148  1 0.0460 0.0545 0.3522 0.1320 0.3277 0.0877 
         149  1 0.0634 0.4512 0.0812 0.1207 0.0901 0.1934 
         150  1 0.0609 0.4855 0.1683 0.0704 0.1722 0.0426 
         151  1 0.0969 0.7027 0.0479 0.0593 0.0473 0.0459 
         152  1 0.0596 0.0479 0.3892 0.0771 0.3140 0.1123 
         153  1 0.1475 0.0592 0.0509 0.6581 0.0504 0.0339 
         154  1 0.0522 0.1641 0.2554 0.1894 0.2639 0.0750 
         155  1 0.0567 0.0865 0.2717 0.2579 0.2613 0.0658 
         156  1 0.1630 0.1771 0.2242 0.1650 0.2319 0.0387 
         157  1 0.1080 0.1394 0.0825 0.0751 0.0834 0.5117 
         158  1 0.1043 0.1978 0.1587 0.2699 0.1618 0.1077 
         159  1 0.3909 0.0922 0.1382 0.0964 0.1402 0.1421 
         160  1 0.6645 0.0719 0.0741 0.0612 0.0776 0.0507 
         161  1 0.5870 0.0904 0.0816 0.0714 0.0863 0.0832 
         162  1 0.0607 0.0514 0.3503 0.1041 0.3536 0.0799 
         163  1 0.0522 0.1884 0.1091 0.0531 0.1223 0.4749 
         164  1 0.7231 0.0588 0.0553 0.0519 0.0566 0.0543 
         165  1 0.0906 0.3132 0.2073 0.0628 0.2031 0.1230 
         166  1 0.0645 0.0591 0.0724 0.6691 0.0752 0.0597 
         167  1 0.0631 0.1156 0.2444 0.2483 0.2503 0.0784 
         168  1 0.1857 0.1040 0.2826 0.1021 0.2719 0.0538 
         169  1 0.7171 0.0443 0.0798 0.0456 0.0814 0.0317 
         170  1 0.3997 0.0694 0.1594 0.1471 0.1541 0.0702 
         171  1 0.0457 0.1032 0.1297 0.1286 0.1201 0.4728 
         172  1 0.0692 0.0825 0.0571 0.6916 0.0576 0.0419 
         173  1 0.0378 0.0602 0.0552 0.7596 0.0596 0.0276 
         174  1 0.1543 0.1871 0.1530 0.1658 0.1482 0.1916 
         175  1 0.0712 0.0849 0.0859 0.2467 0.0918 0.4195 
         176  1 0.4495 0.0617 0.1620 0.0795 0.1745 0.0728 
         177  1 0.1180 0.0974 0.1592 0.2198 0.1581 0.2475 
         178  1 0.0668 0.0833 0.1060 0.5275 0.1080 0.1084 
         179  1 0.0816 0.3945 0.0863 0.1456 0.0888 0.2033 
         180  1 0.2861 0.0911 0.2231 0.1018 0.2515 0.0463 
         181  1 0.0834 0.1315 0.2142 0.1886 0.2375 0.1448 
         182  1 0.1002 0.6350 0.0543 0.0533 0.0559 0.1013 
         183  1 0.6713 0.0765 0.0595 0.0854 0.0580 0.0494 
         184  1 0.1109 0.2628 0.1683 0.1238 0.1710 0.1633 
         185  1 0.3321 0.0868 0.1229 0.0741 0.1504 0.2336 
         186  1 0.1844 0.0827 0.1647 0.3233 0.1758 0.0691 
         187  1 0.0448 0.0585 0.2446 0.0966 0.2401 0.3154 
         188  1 0.7372 0.0591 0.0481 0.0763 0.0453 0.0341 
         189  1 0.2277 0.1244 0.2057 0.0795 0.2105 0.1522 
         190  1 0.0945 0.1309 0.2008 0.3414 0.1980 0.0344 
         191  1 0.0459 0.0730 0.0651 0.6783 0.0725 0.0652 
         192  1 0.2934 0.0628 0.0675 0.1165 0.0718 0.3880 
         193  1 0.2752 0.1823 0.1585 0.1299 0.1613 0.0929 
         194  1 0.0696 0.0683 0.3349 0.0738 0.3815 0.0719 
         195  1 0.0488 0.6003 0.0715 0.1076 0.0843 0.0875 
         196  1 0.2002 0.0582 0.2534 0.0843 0.3175 0.0865 
         197  1 0.0583 0.1330 0.3049 0.1386 0.3001 0.0651 
         198  1 0.0613 0.1497 0.1126 0.5029 0.1034 0.0702 
         199  1 0.0503 0.0699 0.0585 0.0526 0.0605 0.7082 
         200  1 0.0329 0.6556 0.0701 0.1006 0.0656 0.0753 
         201  1 0.4936 0.0394 0.1214 0.1705 0.1404 0.0347 
         202  1 0.0839 0.0912 0.2663 0.0578 0.2538 0.2469 
         203  1 0.0641 0.0692 0.3370 0.0950 0.3237 0.1109 
         204  1 0.0540 0.2099 0.1614 0.2224 0.1620 0.1902 
         205  1 0.0444 0.0382 0.0694 0.0375 0.0689 0.7417 
         206  1 0.0632 0.0616 0.3432 0.0880 0.3398 0.1042 
         207  1 0.0479 0.4471 0.1490 0.0704 0.1658 0.1197 
         208  1 0.0422 0.6959 0.0586 0.0738 0.0575 0.0721 
         209  1 0.1746 0.0815 0.1513 0.3897 0.1293 0.0736 
         210  1 0.0979 0.0689 0.3245 0.1224 0.2693 0.1171 
         211  1 0.0658 0.0645 0.1064 0.6012 0.1125 0.0496 
         212  1 0.0532 0.1018 0.0617 0.6622 0.0548 0.0663 
         213  1 0.2380 0.0961 0.2878 0.0532 0.2777 0.0472 
         214  1 0.0543 0.0451 0.3670 0.0649 0.3895 0.0792 
         215  1 0.0571 0.6607 0.0844 0.0588 0.0832 0.0557 
         216  1 0.0681 0.6258 0.0928 0.0846 0.0873 0.0413 
         217  1 0.0922 0.0503 0.1350 0.0937 0.1383 0.4905 
         218  1 0.0688 0.1316 0.0733 0.0396 0.0760 0.6107 
         219  1 0.0611 0.0510 0.0823 0.6877 0.0853 0.0326 
         220  1 0.0438 0.0728 0.0678 0.5727 0.0738 0.1692 
         221  1 0.0612 0.0575 0.3304 0.1247 0.3580 0.0682 
         222  1 0.0790 0.0603 0.1386 0.4083 0.1691 0.1448 
         223  1 0.0643 0.0621 0.3934 0.0860 0.3556 0.0387 
         224  1 0.1074 0.1205 0.1882 0.2906 0.1835 0.1099 
         225  1 0.4539 0.0686 0.1074 0.2082 0.1119 0.0500 
         226  1 0.1778 0.1702 0.1353 0.2706 0.1413 0.1048 
         227  1 0.0300 0.0365 0.0968 0.0397 0.0995 0.6975 
         228  1 0.0499 0.1815 0.1315 0.0793 0.1250 0.4328 
         229  1 0.3870 0.1561 0.1081 0.1167 0.1088 0.1234 
         230  1 0.0647 0.3167 0.1009 0.0961 0.1028 0.3187 
         231  1 0.0393 0.7176 0.0499 0.1149 0.0500 0.0283 
         232  1 0.0691 0.3791 0.0511 0.0739 0.0518 0.3750 
         233  1 0.0578 0.0672 0.0887 0.6296 0.0918 0.0649 
         234  1 0.0913 0.5443 0.0980 0.0896 0.0997 0.0770 
         235  1 0.2477 0.0970 0.2692 0.0549 0.2879 0.0432 
         236  1 0.0712 0.0550 0.2767 0.2136 0.2779 0.1055 
         237  1 0.1167 0.4425 0.1000 0.0731 0.1011 0.1666 
         238  1 0.0693 0.0453 0.3161 0.1012 0.3692 0.0989 
         239  1 0.4209 0.0686 0.0580 0.0573 0.0565 0.3388 
         240  1 0.1336 0.0740 0.2769 0.0466 0.3158 0.1531 
         241  1 0.0881 0.0882 0.2221 0.2740 0.2644 0.0632 
         242  1 0.5335 0.0628 0.0958 0.1339 0.0936 0.0804 
         243  1 0.0631 0.4084 0.1816 0.0610 0.1669 0.1190 
         244  1 0.0320 0.0619 0.1782 0.0437 0.2023 0.4819 
         245  1 0.2504 0.4123 0.0890 0.0937 0.1100 0.0446 
         246  1 0.0545 0.3725 0.0718 0.0907 0.0725 0.3380 
         247  1 0.4268 0.0885 0.1859 0.0605 0.1816 0.0567 
         248  1 0.2644 0.0900 0.1966 0.1464 0.2165 0.0861 
         249  1 0.0474 0.7450 0.0643 0.0400 0.0618 0.0415 
         250  1 0.1017 0.0592 0.0971 0.5949 0.1039 0.0432 
         251  1 0.1123 0.6281 0.0408 0.0983 0.0405 0.0801 
         252  1 0.0971 0.1175 0.3205 0.0911 0.3063 0.0676 
         253  1 0.0427 0.0371 0.1587 0.0605 0.1622 0.5387 
         254  1 0.1223 0.0433 0.1736 0.3755 0.1964 0.0889 
         255  1 0.0478 0.3940 0.0832 0.0872 0.0861 0.3017 
         256  1 0.0395 0.0458 0.4022 0.0691 0.3836 0.0598 
         257  1 0.2687 0.0766 0.1066 0.3691 0.1115 0.0675 
         258  1 0.6408 0.0596 0.0968 0.0431 0.1175 0.0422 
         259  1 0.7057 0.0570 0.0582 0.0698 0.0667 0.0426 
         260  1 0.0787 0.0625 0.2733 0.2163 0.3038 0.0654 
         261  1 0.0540 0.0432 0.0932 0.1615 0.0922 0.5558 
         262  1 0.0921 0.0654 0.1650 0.0783 0.1578 0.4415 
         263  1 0.0845 0.0847 0.2818 0.2249 0.2737 0.0505 
         264  1 0.0437 0.0646 0.1825 0.0350 0.1789 0.4953 
         265  1 0.3166 0.0952 0.0741 0.0888 0.0809 0.3444 
         266  1 0.1960 0.1289 0.2184 0.1600 0.2368 0.0600 
         267  1 0.0648 0.0883 0.0792 0.6428 0.0780 0.0469 
         268  1 0.0631 0.6063 0.1008 0.0689 0.1004 0.0605 
         269  1 0.2569 0.1057 0.1453 0.2710 0.1530 0.0681 
         270  1 0.3953 0.0946 0.1910 0.0779 0.2057 0.0355 
         271  1 0.0363 0.1627 0.2918 0.0676 0.2639 0.1777 
         272  1 0.0934 0.1052 0.1667 0.0638 0.1584 0.4125 
         273  1 0.0816 0.6676 0.0595 0.0662 0.0620 0.0630 
         274  1 0.5740 0.0750 0.1078 0.0961 0.1087 0.0384 
         275  1 0.0939 0.1068 0.1769 0.3566 0.1816 0.0843 
         276  1 0.1561 0.1086 0.2391 0.1806 0.2336 0.0820 
         277  1 0.0759 0.0567 0.4041 0.0500 0.3726 0.0407 
         278  1 0.0872 0.2286 0.1161 0.3453 0.1217 0.1011 
         279  1 0.2511 0.0378 0.2393 0.0476 0.2632 0.1610 
         280  1 0.1118 0.0664 0.1922 0.2998 0.2010 0.1288 
         281  1 0.0919 0.7122 0.0505 0.0557 0.0505 0.0393 
         282  1 0.0538 0.0396 0.4005 0.0456 0.3851 0.0754 
         283  1 0.0828 0.1498 0.0795 0.0770 0.0836 0.5272 
         284  1 0.1346 0.3114 0.1193 0.1333 0.1198 0.1815 
         285  1 0.1459 0.1846 0.1844 0.2067 0.1553 0.1232 
         286  1 0.3229 0.0576 0.2552 0.0634 0.2213 0.0796 
         287  1 0.0413 0.0963 0.2510 0.1272 0.1791 0.3051 
         288  1 0.0905 0.0710 0.2753 0.1852 0.2874 0.0907 
         289  1 0.0598 0.3921 0.1835 0.0878 0.1910 0.0858 
         290  1 0.0495 0.0589 0.2701 0.0782 0.1970 0.3463 
         291  1 0.0444 0.0457 0.4199 0.0401 0.3633 0.0866 
         292  1 0.0523 0.2521 0.0494 0.1265 0.0503 0.4694 
         293  1 0.1135 0.0457 0.0795 0.6392 0.0815 0.0406 
         294  1 0.1023 0.0635 0.3737 0.0514 0.3562 0.0528 
         295  1 0.0736 0.0508 0.0567 0.0686 0.0583 0.6920 
         296  1 0.0590 0.1181 0.3136 0.0613 0.2921 0.1559 
         297  1 0.0541 0.0607 0.0769 0.0542 0.0849 0.6692 
         298  1 0.4047 0.0611 0.0692 0.3663 0.0748 0.0238 
         299  1 0.2402 0.0741 0.2651 0.0678 0.2791 0.0737 
         300  1 0.6015 0.0565 0.0932 0.1000 0.1174 0.0314 
         301  1 0.2406 0.0625 0.1482 0.1507 0.1601 0.2379 
         302  1 0.6230 0.0549 0.1135 0.0536 0.1254 0.0296 
         303  1 0.0718 0.0819 0.3421 0.0656 0.3258 0.1128 
         304  1 0.2259 0.0473 0.0879 0.4986 0.0952 0.0451 
         305  1 0.2350 0.1667 0.1613 0.1667 0.1534 0.1170 
         306  1 0.0511 0.0635 0.1826 0.4571 0.1945 0.0513 
         307  1 0.0609 0.1455 0.3544 0.0677 0.3318 0.0398 
         308  1 0.4104 0.1434 0.1527 0.0815 0.1493 0.0627 
         309  1 0.1712 0.1232 0.1955 0.2368 0.2090 0.0644 
         310  1 0.1172 0.0657 0.0632 0.6268 0.0628 0.0643 
         311  1 0.0993 0.0383 0.0622 0.6733 0.0653 0.0615 
         312  1 0.7657 0.0302 0.0600 0.0677 0.0537 0.0228 
         313  1 0.1199 0.0652 0.0645 0.0421 0.0655 0.6429 
         314  1 0.5005 0.0735 0.0793 0.1460 0.0815 0.1192 
         315  1 0.7368 0.0341 0.0526 0.0949 0.0525 0.0291 
         316  1 0.0661 0.1374 0.0628 0.5514 0.0636 0.1187 
         317  1 0.0783 0.2782 0.0898 0.4260 0.0923 0.0354 
         318  1 0.5229 0.0586 0.1343 0.0466 0.1512 0.0863 
         319  1 0.0593 0.4136 0.0567 0.3646 0.0657 0.0402 
         320  1 0.7238 0.0448 0.0791 0.0353 0.0820 0.0350 
         321  1 0.1029 0.1223 0.0942 0.0808 0.0954 0.5043 
         322  1 0.0898 0.0678 0.2615 0.1992 0.3248 0.0569 
         323  1 0.1005 0.0523 0.3059 0.1743 0.3081 0.0588 
         324  1 0.5609 0.0649 0.0706 0.1751 0.0718 0.0567 
         325  1 0.0773 0.4649 0.0703 0.2784 0.0715 0.0376 
         326  1 0.1040 0.0680 0.2683 0.2412 0.2397 0.0789 
         327  1 0.0484 0.0562 0.1040 0.4984 0.0998 0.1932 
         328  1 0.1197 0.0468 0.3601 0.0783 0.3655 0.0297 
         329  1 0.0955 0.0559 0.3656 0.0613 0.3821 0.0396 
         330  1 0.0980 0.0462 0.3368 0.0926 0.3389 0.0875 
         331  1 0.0692 0.2578 0.1976 0.1125 0.2066 0.1563 
         332  1 0.0456 0.0657 0.3684 0.0672 0.3463 0.1068 
         333  1 0.3578 0.1356 0.0826 0.0813 0.0905 0.2523 
         334  1 0.0497 0.0473 0.0500 0.7526 0.0478 0.0526 
         335  1 0.1317 0.5908 0.0906 0.0471 0.0926 0.0471 
         336  1 0.0591 0.0729 0.1721 0.3962 0.1846 0.1150 
         337  1 0.5000 0.0739 0.1261 0.0584 0.1160 0.1256 
         338  1 0.0599 0.0771 0.3398 0.1499 0.3396 0.0337 
         339  1 0.0527 0.7125 0.0652 0.0608 0.0616 0.0472 
         340  1 0.0806 0.0670 0.2450 0.1514 0.2421 0.2140 
         341  1 0.1107 0.0468 0.3829 0.0712 0.3376 0.0509 
         342  1 0.0412 0.0516 0.0647 0.0410 0.0649 0.7365 
         343  1 0.6018 0.1339 0.0572 0.0817 0.0562 0.0690 
         344  1 0.1014 0.2284 0.2671 0.0496 0.3172 0.0362 
         345  1 0.0511 0.7246 0.0603 0.0543 0.0592 0.0505 
         346  1 0.6627 0.0611 0.0587 0.0576 0.0623 0.0976 
         347  1 0.0485 0.3861 0.1560 0.1713 0.1932 0.0449 
         348  1 0.0939 0.1933 0.1009 0.3028 0.1119 0.1973 
         349  1 0.0825 0.4570 0.0835 0.1224 0.0927 0.1620 
         350  1 0.1510 0.0446 0.1059 0.5193 0.1029 0.0762 
         351  1 0.0765 0.0975 0.2509 0.2638 0.2525 0.0588 
         352  1 0.0377 0.0961 0.2758 0.1489 0.2643 0.1771 
         353  1 0.0508 0.0506 0.0491 0.7231 0.0482 0.0782 
         354  1 0.1037 0.1251 0.1094 0.1851 0.1174 0.3593 
         355  1 0.0334 0.0546 0.1173 0.5838 0.1263 0.0845 
         356  1 0.7635 0.0341 0.0505 0.0450 0.0514 0.0556 
         357  1 0.0481 0.0533 0.0792 0.0661 0.0840 0.6692 
         358  1 0.3211 0.0701 0.1416 0.2099 0.1632 0.0941 
         359  1 0.4887 0.0635 0.1172 0.0560 0.1155 0.1591 
         360  1 0.0508 0.0542 0.1295 0.1341 0.1295 0.5019 
         361  1 0.4747 0.0441 0.1388 0.0921 0.1485 0.1018 
         362  1 0.0713 0.1141 0.3114 0.0617 0.3000 0.1414 
         363  1 0.0390 0.0571 0.3770 0.0940 0.3858 0.0472 
         364  1 0.0693 0.0725 0.1647 0.2516 0.1858 0.2560 
         365  1 0.1358 0.4894 0.1434 0.0526 0.1520 0.0268 
         366  1 0.3548 0.0592 0.1565 0.1665 0.1554 0.1076 
         367  1 0.0742 0.0614 0.1485 0.4976 0.1599 0.0584 
         368  1 0.0350 0.2914 0.2363 0.1096 0.2736 0.0541 
         369  1 0.0660 0.0653 0.2171 0.0398 0.1799 0.4320 
         370  1 0.1171 0.1173 0.1495 0.3967 0.1503 0.0691 
         371  1 0.0644 0.1145 0.1350 0.0655 0.1240 0.4966 
         372  1 0.0430 0.0923 0.1063 0.0950 0.1037 0.5597 
         373  1 0.3033 0.0734 0.2163 0.1059 0.2110 0.0902 
         374  1 0.4345 0.1516 0.1209 0.0824 0.1314 0.0792 
         375  1 0.0348 0.0465 0.0587 0.0360 0.0611 0.7630 
         376  1 0.0603 0.5676 0.1271 0.0731 0.1101 0.0617 
         377  1 0.6567 0.0647 0.0950 0.0421 0.0827 0.0588 
         378  1 0.6346 0.0805 0.0677 0.0402 0.0673 0.1096 
         379  1 0.0377 0.0863 0.0798 0.6131 0.0795 0.1037 
         380  1 0.1145 0.1234 0.0969 0.2738 0.1101 0.2813 
         381  1 0.1955 0.0820 0.2669 0.0674 0.2265 0.1616 
         382  1 0.0499 0.0579 0.0468 0.0574 0.0530 0.7350 
         383  1 0.0396 0.1367 0.3731 0.0516 0.3560 0.0429 
         384  1 0.4479 0.1057 0.1389 0.0452 0.1402 0.1221 
         385  1 0.2003 0.5325 0.0829 0.0403 0.0865 0.0576 
         386  1 0.0616 0.2478 0.2969 0.0584 0.2770 0.0583 
         387  1 0.0412 0.0415 0.3799 0.0799 0.3947 0.0628 
         388  1 0.1499 0.0763 0.0883 0.0737 0.0909 0.5209 
         389  1 0.0533 0.4125 0.0662 0.0852 0.0677 0.3151 
         390  1 0.0495 0.0895 0.1274 0.0546 0.1246 0.5542 
         391  1 0.0668 0.3013 0.1942 0.0730 0.1955 0.1693 
         392  1 0.2400 0.0708 0.1958 0.1757 0.1809 0.1368 
         393  1 0.1739 0.1675 0.1563 0.1619 0.1560 0.1845 
         394  1 0.0597 0.5803 0.0925 0.1253 0.0978 0.0443 
         395  1 0.0412 0.0576 0.3519 0.0746 0.3584 0.1163 
         396  1 0.2101 0.0634 0.0608 0.0643 0.0600 0.5414 
         397  1 0.1080 0.0576 0.3565 0.0508 0.2950 0.1321 
         398  1 0.3043 0.0604 0.2234 0.0608 0.2566 0.0945 
         399  1 0.0533 0.0560 0.1445 0.0944 0.1548 0.4971 
         400  1 0.0879 0.1100 0.3159 0.0920 0.3020 0.0922 
         401  1 0.0665 0.0532 0.3903 0.0600 0.3760 0.0541 
         402  1 0.0726 0.6328 0.0838 0.0548 0.0852 0.0708 
         403  1 0.3874 0.0656 0.1801 0.1410 0.1819 0.0440 
         404  1 0.0670 0.3746 0.1993 0.0760 0.2200 0.0631 
         405  1 0.1605 0.4564 0.0851 0.0512 0.0938 0.1531 
         406  1 0.0645 0.0789 0.0700 0.0447 0.0678 0.6741 
         407  1 0.0435 0.0888 0.1546 0.1475 0.1475 0.4181 
         408  1 0.2834 0.1109 0.1103 0.3257 0.1307 0.0389 
         409  1 0.0619 0.2981 0.1414 0.2311 0.1504 0.1171 
         410  1 0.0571 0.0459 0.3337 0.0643 0.2799 0.2192 
         411  1 0.1692 0.0884 0.3260 0.0699 0.2934 0.0532 
         412  1 0.1201 0.0728 0.1624 0.3074 0.2133 0.1239 
         413  1 0.0991 0.4683 0.0908 0.1506 0.0912 0.0999 
         414  1 0.1246 0.2532 0.1518 0.1924 0.1599 0.1181 
         415  1 0.6507 0.0870 0.0833 0.0498 0.0838 0.0455 
         416  1 0.0384 0.7431 0.0452 0.0695 0.0467 0.0571 
         417  1 0.0895 0.0860 0.3067 0.1129 0.2610 0.1439 
         418  1 0.0483 0.2001 0.1710 0.3194 0.1785 0.0827 
         419  1 0.1017 0.1036 0.0892 0.1073 0.0927 0.5054 
         420  1 0.1099 0.0706 0.2943 0.0757 0.2986 0.1509 
         421  1 0.0988 0.3444 0.1869 0.0556 0.1974 0.1170 
         422  1 0.1563 0.1758 0.2103 0.1847 0.2173 0.0556 
         423  1 0.0307 0.0525 0.3808 0.0416 0.4156 0.0789 
         424  1 0.7120 0.0695 0.0688 0.0375 0.0660 0.0463 
         425  1 0.1468 0.0717 0.2417 0.0725 0.2403 0.2270 
         426  1 0.0830 0.4879 0.1386 0.0876 0.1374 0.0655 
         427  1 0.0406 0.1059 0.1129 0.4921 0.1151 0.1334 
         428  1 0.0616 0.0598 0.3194 0.1517 0.3010 0.1066 
         429  1 0.0439 0.0882 0.3634 0.0733 0.3495 0.0818 
         430  1 0.6686 0.0352 0.0676 0.1146 0.0689 0.0451 
         431  1 0.0683 0.0790 0.3648 0.0711 0.3666 0.0502 
         432  1 0.0573 0.2568 0.0807 0.4656 0.0881 0.0515 
         433  1 0.0702 0.0687 0.0535 0.0739 0.0545 0.6793 
         434  1 0.3289 0.3791 0.0677 0.0693 0.0733 0.0817 
         435  1 0.0472 0.0957 0.1963 0.2090 0.2409 0.2108 
         436  1 0.0759 0.1228 0.0787 0.1629 0.0797 0.4800 
         437  1 0.6262 0.0514 0.0869 0.0715 0.0857 0.0782 
         438  1 0.1268 0.0709 0.0829 0.5857 0.0858 0.0479 
         439  1 0.0717 0.0790 0.2840 0.0589 0.3285 0.1780 
         440  1 0.6715 0.0549 0.0730 0.0882 0.0761 0.0363 
         441  1 0.0454 0.6352 0.0565 0.0533 0.0544 0.1552 
         442  1 0.1142 0.0455 0.0892 0.1935 0.0995 0.4582 
         443  1 0.0401 0.0550 0.0724 0.0419 0.0800 0.7106 
         444  1 0.0689 0.0807 0.3805 0.0554 0.3472 0.0674 
         445  1 0.0472 0.0720 0.2557 0.1147 0.2925 0.2180 
         446  1 0.0392 0.6661 0.0673 0.1091 0.0713 0.0469 
         447  1 0.0688 0.0573 0.2656 0.1097 0.3018 0.1967 
         448  1 0.3144 0.0969 0.1735 0.2007 0.1672 0.0473 
         449  1 0.7096 0.0782 0.0485 0.0448 0.0520 0.0670 
         450  1 0.0674 0.6391 0.0528 0.0930 0.0513 0.0963 
         451  1 0.0593 0.6751 0.0577 0.0875 0.0557 0.0646 
         452  1 0.0392 0.0428 0.0534 0.0570 0.0532 0.7544 
         453  1 0.0610 0.0684 0.0526 0.7021 0.0522 0.0638 
         454  1 0.0735 0.1998 0.1351 0.3334 0.1403 0.1179 
         455  1 0.0427 0.0593 0.2787 0.2716 0.2712 0.0766 
         456  1 0.0588 0.6354 0.0648 0.1105 0.0635 0.0670 
         457  1 0.5841 0.0873 0.0936 0.0829 0.0786 0.0735 
         458  1 0.0814 0.0427 0.4205 0.0446 0.3637 0.0471 
         459  1 0.0548 0.4717 0.0528 0.2272 0.0552 0.1382 
         460  1 0.0466 0.0477 0.3744 0.0750 0.3331 0.1232 
         461  1 0.6505 0.0711 0.0602 0.0785 0.0586 0.0811 
         462  1 0.0527 0.0781 0.0590 0.6618 0.0575 0.0909 
         463  1 0.1462 0.4743 0.1090 0.0873 0.1216 0.0616 
         464  1 0.0966 0.0878 0.3059 0.0803 0.2807 0.1487 
         465  1 0.1539 0.5776 0.0824 0.0611 0.0856 0.0394 
         466  1 0.0602 0.1105 0.2843 0.1176 0.2383 0.1890 
         467  1 0.0372 0.0626 0.0641 0.0563 0.0659 0.7139 
         468  1 0.0556 0.2051 0.2849 0.0540 0.3303 0.0702 
         469  1 0.0281 0.0392 0.0875 0.0320 0.0747 0.7385 
         470  1 0.1238 0.1930 0.2080 0.1821 0.2242 0.0688 
         471  1 0.1169 0.0989 0.2579 0.0809 0.2781 0.1672 
         472  1 0.1288 0.1428 0.2790 0.1236 0.2690 0.0567 
         473  1 0.0916 0.1288 0.3393 0.0787 0.3218 0.0398 
         474  1 0.0540 0.1127 0.3274 0.0484 0.2940 0.1636 
         475  1 0.1341 0.0404 0.3472 0.0422 0.3631 0.0730 
         476  1 0.0714 0.5017 0.1359 0.1237 0.1368 0.0306 
         477  1 0.0957 0.0742 0.3411 0.0523 0.3973 0.0394 
         478  1 0.7190 0.0478 0.0636 0.0605 0.0597 0.0494 
         479  1 0.0638 0.0880 0.3023 0.0770 0.2623 0.2066 
         480  1 0.0618 0.0494 0.0572 0.0510 0.0610 0.7196 
         481  1 0.3322 0.1100 0.1352 0.1452 0.1483 0.1291 
         482  1 0.5848 0.0929 0.0750 0.0874 0.0772 0.0827 
         483  1 0.0892 0.0890 0.2317 0.2353 0.2261 0.1288 
         484  1 0.0804 0.0447 0.2900 0.0458 0.2172 0.3219 
         485  1 0.0422 0.0514 0.0842 0.0333 0.0779 0.7110 
         486  1 0.0421 0.7202 0.0381 0.0635 0.0394 0.0968 
         487  1 0.0650 0.0920 0.1306 0.0814 0.1265 0.5045 
         488  1 0.0330 0.0653 0.4568 0.0449 0.3282 0.0717 
         489  1 0.1262 0.1766 0.2237 0.1411 0.2708 0.0615 
         490  1 0.0634 0.2667 0.2230 0.0620 0.2627 0.1221 
         491  1 0.0488 0.0734 0.0629 0.0591 0.0664 0.6894 
         492  1 0.0522 0.0409 0.0819 0.0353 0.0814 0.7082 
