           1  1 0.0957 0.0758 0.0775 0.7510 
           2  1 0.0863 0.6897 0.1091 0.1148 
           3  1 0.2840 0.5430 0.0594 0.1136 
           4  1 0.0586 0.0371 0.0776 0.8266 
           5  1 0.0672 0.0438 0.0322 0.8568 
           6  1 0.3381 0.4486 0.0986 0.1147 
           7  1 0.2328 0.5513 0.1494 0.0665 
           8  1 0.0483 0.0370 0.0599 0.8548 
           9  1 0.5978 0.2802 0.0356 0.0864 
          10  1 0.0825 0.0388 0.0429 0.8359 
          11  1 0.0746 0.0511 0.8337 0.0405 
          12  1 0.0891 0.4611 0.0777 0.3721 
          13  1 0.1668 0.0982 0.4158 0.3192 
          14  1 0.2338 0.1685 0.0792 0.5185 
          15  1 0.5093 0.2075 0.2076 0.0755 
          16  1 0.1247 0.0725 0.4100 0.3928 
          17  1 0.0778 0.1762 0.6861 0.0599 
          18  1 0.0743 0.1486 0.0595 0.7177 
          19  1 0.3591 0.3122 0.1842 0.1445 
          20  1 0.2438 0.1095 0.0841 0.5627 
          21  1 0.1278 0.0697 0.1314 0.6711 
          22  1 0.6881 0.0628 0.1197 0.1294 
          23  1 0.0701 0.8159 0.0752 0.0388 
          24  1 0.4825 0.4133 0.0556 0.0487 
          25  1 0.1113 0.0480 0.7611 0.0796 
          26  1 0.1582 0.6821 0.0585 0.1012 
          27  1 0.2212 0.0427 0.2477 0.4884 
          28  1 0.4670 0.1173 0.3637 0.0520 
          29  1 0.3015 0.4093 0.0502 0.2390 
          30  1 0.6031 0.0935 0.2011 0.1023 
          31  1 0.1999 0.2163 0.5061 0.0777 
          32  1 0.6879 0.1014 0.1411 0.0696 
          33  1 0.2769 0.1958 0.4716 0.0557 
          34  1 0.2943 0.2578 0.3373 0.1105 
          35  1 0.1094 0.1193 0.0386 0.7327 
          36  1 0.5609 0.3060 0.0650 0.0680 
          37  1 0.1026 0.1788 0.6188 0.0998 
          38  1 0.7036 0.1979 0.0511 0.0474 
          39  1 0.2818 0.0666 0.1434 0.5082 
          40  1 0.0663 0.0690 0.8082 0.0565 
          41  1 0.5307 0.2071 0.0586 0.2036 
          42  1 0.1204 0.2107 0.6174 0.0515 
          43  1 0.0403 0.9093 0.0290 0.0215 
          44  1 0.0668 0.8310 0.0718 0.0304 
          45  1 0.0595 0.0460 0.0653 0.8292 
          46  1 0.0710 0.7886 0.1027 0.0377 
          47  1 0.0944 0.0679 0.0534 0.7844 
          48  1 0.5018 0.3232 0.1041 0.0710 
          49  1 0.4485 0.2596 0.0742 0.2177 
          50  1 0.1841 0.0625 0.1158 0.6377 
          51  1 0.3297 0.1394 0.2243 0.3066 
          52  1 0.0920 0.0731 0.7749 0.0599 
          53  1 0.7096 0.0691 0.0804 0.1409 
          54  1 0.1270 0.1695 0.1015 0.6020 
          55  1 0.0944 0.1613 0.5855 0.1588 
          56  1 0.4087 0.3891 0.1419 0.0602 
          57  1 0.1992 0.6931 0.0393 0.0684 
          58  1 0.3063 0.5979 0.0422 0.0536 
          59  1 0.6309 0.2155 0.0585 0.0951 
          60  1 0.4152 0.3469 0.0856 0.1523 
          61  1 0.0518 0.0274 0.8651 0.0557 
          62  1 0.2725 0.6286 0.0514 0.0476 
          63  1 0.1326 0.0458 0.1311 0.6905 
          64  1 0.4966 0.1183 0.1114 0.2737 
          65  1 0.4608 0.1539 0.3229 0.0624 
          66  1 0.2594 0.0767 0.1138 0.5501 
          67  1 0.0846 0.7352 0.1244 0.0559 
          68  1 0.3088 0.5615 0.0600 0.0697 
          69  1 0.0444 0.0199 0.0475 0.8881 
          70  1 0.0952 0.8545 0.0249 0.0254 
          71  1 0.6219 0.1226 0.0572 0.1983 
          72  1 0.3298 0.4622 0.0465 0.1615 
          73  1 0.0434 0.0770 0.0851 0.7945 
          74  1 0.6046 0.0472 0.1149 0.2332 
          75  1 0.0681 0.0370 0.8314 0.0635 
          76  1 0.1830 0.5985 0.0961 0.1223 
          77  1 0.4117 0.2826 0.1000 0.2057 
          78  1 0.0922 0.0827 0.7716 0.0536 
          79  1 0.0721 0.0489 0.7294 0.1496 
          80  1 0.4171 0.4726 0.0530 0.0572 
          81  1 0.4262 0.0483 0.0792 0.4464 
          82  1 0.2108 0.1402 0.2728 0.3763 
          83  1 0.2448 0.5455 0.0595 0.1502 
          84  1 0.2964 0.2567 0.1259 0.3211 
          85  1 0.1059 0.0805 0.0430 0.7706 
          86  1 0.2098 0.4979 0.1314 0.1609 
          87  1 0.4215 0.3265 0.1028 0.1492 
          88  1 0.3661 0.3684 0.1533 0.1122 
          89  1 0.0462 0.0548 0.8543 0.0447 
          90  1 0.0880 0.7922 0.0685 0.0513 
          91  1 0.2487 0.0304 0.5951 0.1258 
          92  1 0.0810 0.7710 0.0470 0.1010 
          93  1 0.6657 0.1386 0.0995 0.0962 
          94  1 0.1823 0.0657 0.0654 0.6866 
          95  1 0.6651 0.1813 0.0653 0.0883 
          96  1 0.1780 0.0457 0.7260 0.0503 
          97  1 0.0399 0.8924 0.0357 0.0319 
          98  1 0.1625 0.0902 0.6675 0.0798 
          99  1 0.3678 0.1850 0.3755 0.0718 
         100  1 0.0426 0.0338 0.8664 0.0572 
         101  1 0.4439 0.3848 0.0535 0.1177 
         102  1 0.7241 0.0361 0.1078 0.1320 
         103  1 0.3322 0.4531 0.0964 0.1184 
         104  1 0.0446 0.0502 0.8492 0.0560 
         105  1 0.0364 0.0466 0.8821 0.0349 
         106  1 0.7060 0.0866 0.0418 0.1656 
         107  1 0.0862 0.0680 0.0372 0.8086 
         108  1 0.0320 0.0253 0.8901 0.0526 
         109  1 0.0758 0.0844 0.7765 0.0633 
         110  1 0.0971 0.5269 0.2401 0.1358 
         111  1 0.1113 0.0627 0.7345 0.0915 
         112  1 0.1081 0.0828 0.0866 0.7224 
         113  1 0.1028 0.6082 0.2383 0.0507 
         114  1 0.0690 0.3016 0.5739 0.0554 
         115  1 0.1714 0.0325 0.0413 0.7548 
         116  1 0.1711 0.0392 0.0443 0.7454 
         117  1 0.2745 0.6035 0.0673 0.0546 
         118  1 0.1159 0.0678 0.0998 0.7165 
         119  1 0.1800 0.0556 0.6832 0.0812 
         120  1 0.5198 0.2479 0.0869 0.1454 
         121  1 0.5554 0.3045 0.0688 0.0713 
         122  1 0.2821 0.5264 0.1135 0.0780 
         123  1 0.0616 0.8611 0.0360 0.0413 
         124  1 0.3870 0.4881 0.0685 0.0565 
         125  1 0.0710 0.6653 0.0763 0.1874 
         126  1 0.3955 0.3002 0.0829 0.2214 
         127  1 0.4469 0.2122 0.1759 0.1650 
         128  1 0.1153 0.0660 0.7013 0.1173 
         129  1 0.2578 0.5178 0.1401 0.0843 
         130  1 0.6115 0.1002 0.0544 0.2339 
         131  1 0.0974 0.7238 0.1399 0.0389 
         132  1 0.4957 0.0565 0.2613 0.1865 
         133  1 0.0396 0.0375 0.8716 0.0514 
         134  1 0.5704 0.3093 0.0441 0.0761 
         135  1 0.7940 0.0870 0.0454 0.0735 
         136  1 0.1322 0.1229 0.0697 0.6751 
         137  1 0.5107 0.1371 0.1523 0.1999 
         138  1 0.1089 0.1263 0.7112 0.0537 
         139  1 0.0582 0.0815 0.0583 0.8020 
         140  1 0.5207 0.3622 0.0526 0.0645 
         141  1 0.5176 0.1482 0.1273 0.2069 
         142  1 0.2105 0.0560 0.6311 0.1025 
         143  1 0.4458 0.1383 0.1334 0.2825 
         144  1 0.6634 0.0554 0.1050 0.1762 
         145  1 0.1693 0.6776 0.0733 0.0798 
         146  1 0.6043 0.1474 0.0923 0.1560 
         147  1 0.1094 0.6318 0.1520 0.1068 
         148  1 0.3348 0.4744 0.0971 0.0937 
         149  1 0.0885 0.1505 0.7025 0.0585 
         150  1 0.4271 0.0694 0.4105 0.0931 
         151  1 0.0415 0.0437 0.8479 0.0669 
         152  1 0.6105 0.2855 0.0402 0.0638 
         153  1 0.0608 0.0329 0.7522 0.1541 
         154  1 0.6191 0.1432 0.1414 0.0963 
         155  1 0.6713 0.1594 0.0603 0.1091 
         156  1 0.4161 0.0771 0.1971 0.3097 
         157  1 0.0839 0.6914 0.1234 0.1014 
         158  1 0.3107 0.2162 0.2960 0.1771 
         159  1 0.1209 0.1236 0.0703 0.6852 
         160  1 0.0634 0.0480 0.0490 0.8396 
         161  1 0.0615 0.0805 0.0855 0.7726 
         162  1 0.5982 0.2483 0.0780 0.0755 
         163  1 0.2249 0.5806 0.1455 0.0490 
         164  1 0.0496 0.0483 0.0541 0.8479 
         165  1 0.2479 0.2810 0.3330 0.1381 
         166  1 0.2356 0.0995 0.5222 0.1427 
         167  1 0.3449 0.1092 0.4686 0.0773 
         168  1 0.4607 0.0892 0.1232 0.3268 
         169  1 0.0586 0.0352 0.0370 0.8692 
         170  1 0.1559 0.0723 0.0583 0.7135 
         171  1 0.1682 0.6582 0.1242 0.0494 
         172  1 0.0520 0.0383 0.8535 0.0561 
         173  1 0.1057 0.0298 0.8116 0.0529 
         174  1 0.2247 0.2785 0.2765 0.2204 
         175  1 0.1681 0.6132 0.1104 0.1083 
         176  1 0.1501 0.0676 0.0402 0.7421 
         177  1 0.2282 0.4013 0.1493 0.2212 
         178  1 0.0992 0.0912 0.7498 0.0598 
         179  1 0.1556 0.1894 0.5584 0.0966 
         180  1 0.3267 0.0456 0.0620 0.5658 
         181  1 0.5735 0.1812 0.0936 0.1517 
         182  1 0.0656 0.1516 0.6898 0.0931 
         183  1 0.0507 0.0431 0.0734 0.8328 
         184  1 0.3139 0.2097 0.3191 0.1574 
         185  1 0.2554 0.2040 0.1405 0.4001 
         186  1 0.2433 0.0945 0.1455 0.5168 
         187  1 0.3445 0.5494 0.0527 0.0534 
         188  1 0.0443 0.0290 0.0597 0.8669 
         189  1 0.2205 0.2865 0.1301 0.3629 
         190  1 0.5183 0.0683 0.1665 0.2468 
         191  1 0.0720 0.0582 0.8225 0.0473 
         192  1 0.0958 0.4180 0.0719 0.4143 
         193  1 0.2272 0.1459 0.2499 0.3770 
         194  1 0.7150 0.1484 0.0524 0.0842 
         195  1 0.1008 0.0809 0.7692 0.0491 
         196  1 0.3618 0.0876 0.0454 0.5052 
         197  1 0.5466 0.2017 0.1592 0.0925 
         198  1 0.0520 0.0527 0.8539 0.0414 
         199  1 0.0679 0.8093 0.0737 0.0491 
         200  1 0.0462 0.0560 0.8706 0.0272 
         201  1 0.1411 0.0322 0.0403 0.7865 
         202  1 0.1537 0.6439 0.0933 0.1091 
         203  1 0.5988 0.2619 0.0609 0.0783 
         204  1 0.2830 0.2959 0.3438 0.0773 
         205  1 0.0507 0.8809 0.0300 0.0384 
         206  1 0.4055 0.4249 0.0670 0.1027 
         207  1 0.3437 0.1245 0.4561 0.0758 
         208  1 0.0450 0.0460 0.8766 0.0323 
         209  1 0.0864 0.1020 0.6711 0.1406 
         210  1 0.4933 0.2691 0.0863 0.1513 
         211  1 0.0963 0.0495 0.7785 0.0757 
         212  1 0.0448 0.0410 0.8772 0.0370 
         213  1 0.3595 0.1479 0.0808 0.4118 
         214  1 0.7015 0.1988 0.0329 0.0668 
         215  1 0.1920 0.0553 0.6715 0.0812 
         216  1 0.1164 0.0461 0.7679 0.0695 
         217  1 0.1261 0.6819 0.0495 0.1425 
         218  1 0.0729 0.7985 0.0674 0.0612 
         219  1 0.1875 0.0291 0.7126 0.0708 
         220  1 0.2717 0.4395 0.1757 0.1130 
         221  1 0.7454 0.1302 0.0439 0.0805 
         222  1 0.5252 0.2419 0.0950 0.1379 
         223  1 0.6619 0.1318 0.0822 0.1241 
         224  1 0.3124 0.2267 0.2731 0.1878 
         225  1 0.0921 0.0491 0.0620 0.7968 
         226  1 0.2456 0.1471 0.3108 0.2964 
         227  1 0.0634 0.8786 0.0294 0.0287 
         228  1 0.1530 0.6409 0.1461 0.0600 
         229  1 0.1550 0.1210 0.1557 0.5683 
         230  1 0.1543 0.3432 0.4336 0.0689 
         231  1 0.0579 0.0268 0.8779 0.0374 
         232  1 0.0609 0.3759 0.4972 0.0660 
         233  1 0.1219 0.0471 0.7837 0.0473 
         234  1 0.0752 0.0841 0.7617 0.0790 
         235  1 0.3355 0.0467 0.0450 0.5728 
         236  1 0.4334 0.3978 0.0689 0.1000 
         237  1 0.1437 0.1270 0.6249 0.1044 
         238  1 0.6388 0.2241 0.0402 0.0969 
         239  1 0.0556 0.4000 0.0636 0.4808 
         240  1 0.5555 0.2033 0.0619 0.1793 
         241  1 0.5850 0.0738 0.1429 0.1983 
         242  1 0.0791 0.1067 0.0976 0.7166 
         243  1 0.2002 0.2921 0.4390 0.0687 
         244  1 0.2253 0.6947 0.0517 0.0283 
         245  1 0.1318 0.0386 0.6077 0.2218 
         246  1 0.1190 0.3082 0.5133 0.0595 
         247  1 0.2710 0.0598 0.0626 0.6067 
         248  1 0.2212 0.0825 0.0776 0.6187 
         249  1 0.1011 0.0533 0.8011 0.0445 
         250  1 0.3575 0.0748 0.1348 0.4328 
         251  1 0.0315 0.0512 0.8586 0.0587 
         252  1 0.5843 0.1576 0.1090 0.1491 
         253  1 0.1367 0.7871 0.0330 0.0432 
         254  1 0.4294 0.2103 0.0511 0.3092 
         255  1 0.1137 0.2468 0.5866 0.0530 
         256  1 0.6422 0.2085 0.0598 0.0896 
         257  1 0.1741 0.0612 0.3904 0.3744 
         258  1 0.1019 0.0340 0.0397 0.8244 
         259  1 0.0598 0.0303 0.0481 0.8619 
         260  1 0.5520 0.1456 0.1052 0.1972 
         261  1 0.0927 0.7877 0.0572 0.0624 
         262  1 0.1364 0.7223 0.0612 0.0800 
         263  1 0.7004 0.0741 0.0767 0.1487 
         264  1 0.1123 0.8083 0.0357 0.0437 
         265  1 0.0899 0.3650 0.1022 0.4429 
         266  1 0.3732 0.0946 0.0978 0.4344 
         267  1 0.0721 0.0406 0.8412 0.0461 
         268  1 0.0901 0.0765 0.7677 0.0657 
         269  1 0.1512 0.0818 0.1631 0.6038 
         270  1 0.1739 0.0364 0.0556 0.7342 
         271  1 0.2293 0.6357 0.0900 0.0450 
         272  1 0.1269 0.6933 0.0888 0.0909 
         273  1 0.0753 0.0585 0.7888 0.0774 
         274  1 0.0805 0.0362 0.0487 0.8346 
         275  1 0.2015 0.1090 0.5811 0.1083 
         276  1 0.4518 0.1029 0.1680 0.2773 
         277  1 0.5332 0.1885 0.0568 0.2215 
         278  1 0.1932 0.1518 0.5263 0.1288 
         279  1 0.2967 0.2564 0.0281 0.4187 
         280  1 0.4126 0.2748 0.0966 0.2161 
         281  1 0.0623 0.0427 0.8081 0.0869 
         282  1 0.4048 0.4433 0.0432 0.1087 
         283  1 0.1209 0.6023 0.1823 0.0946 
         284  1 0.1802 0.2325 0.3912 0.1961 
         285  1 0.1755 0.2952 0.3184 0.2108 
         286  1 0.2186 0.2053 0.0587 0.5174 
         287  1 0.1859 0.6801 0.0891 0.0449 
         288  1 0.5025 0.2557 0.0827 0.1591 
         289  1 0.4810 0.1063 0.3105 0.1021 
         290  1 0.1978 0.6931 0.0544 0.0548 
         291  1 0.3966 0.4985 0.0359 0.0690 
         292  1 0.0504 0.4193 0.4818 0.0485 
         293  1 0.1585 0.0358 0.6887 0.1170 
         294  1 0.5734 0.1466 0.0642 0.2158 
         295  1 0.0659 0.7909 0.0663 0.0769 
         296  1 0.3104 0.5409 0.0778 0.0708 
         297  1 0.1475 0.7077 0.0927 0.0521 
         298  1 0.0940 0.0229 0.1051 0.7779 
         299  1 0.4493 0.0993 0.0605 0.3908 
         300  1 0.1503 0.0285 0.0482 0.7730 
         301  1 0.2086 0.3447 0.0720 0.3747 
         302  1 0.1028 0.0253 0.0456 0.8264 
         303  1 0.6184 0.2386 0.0390 0.1041 
         304  1 0.3244 0.0770 0.0768 0.5218 
         305  1 0.3033 0.1929 0.1983 0.3055 
         306  1 0.6039 0.0575 0.2692 0.0694 
         307  1 0.7595 0.0770 0.0955 0.0680 
         308  1 0.2531 0.0750 0.1554 0.5165 
         309  1 0.4142 0.0838 0.2158 0.2863 
         310  1 0.0773 0.0534 0.7584 0.1110 
         311  1 0.1203 0.0645 0.6494 0.1657 
         312  1 0.0391 0.0180 0.0235 0.9194 
         313  1 0.0448 0.8285 0.0457 0.0810 
         314  1 0.0877 0.0982 0.0898 0.7243 
         315  1 0.0402 0.0273 0.0354 0.8972 
         316  1 0.0422 0.0627 0.8533 0.0418 
         317  1 0.0950 0.0513 0.7486 0.1050 
         318  1 0.1426 0.0845 0.0494 0.7234 
         319  1 0.0348 0.0311 0.8940 0.0401 
         320  1 0.0572 0.0330 0.0348 0.8749 
         321  1 0.1173 0.6392 0.1454 0.0982 
         322  1 0.6290 0.0636 0.1648 0.1426 
         323  1 0.4724 0.2543 0.0860 0.1873 
         324  1 0.0631 0.0507 0.0649 0.8214 
         325  1 0.0498 0.0358 0.8543 0.0601 
         326  1 0.3399 0.3177 0.1320 0.2104 
         327  1 0.0841 0.1409 0.7247 0.0503 
         328  1 0.6923 0.0698 0.0508 0.1871 
         329  1 0.6754 0.1001 0.0458 0.1786 
         330  1 0.4749 0.3431 0.0580 0.1240 
         331  1 0.4415 0.1534 0.2692 0.1359 
         332  1 0.4702 0.3609 0.0824 0.0864 
         333  1 0.1488 0.2131 0.1201 0.5180 
         334  1 0.0481 0.0456 0.8590 0.0473 
         335  1 0.1325 0.0493 0.6666 0.1516 
         336  1 0.4879 0.3029 0.0861 0.1231 
         337  1 0.1090 0.1578 0.0688 0.6643 
         338  1 0.7625 0.0559 0.0842 0.0974 
         339  1 0.0643 0.0532 0.8347 0.0478 
         340  1 0.2636 0.5220 0.0859 0.1285 
         341  1 0.4890 0.2274 0.0501 0.2335 
         342  1 0.0609 0.8552 0.0514 0.0325 
         343  1 0.0492 0.0710 0.1153 0.7644 
         344  1 0.7005 0.0547 0.1186 0.1262 
         345  1 0.0565 0.0471 0.8510 0.0453 
         346  1 0.0580 0.0780 0.0424 0.8216 
         347  1 0.4806 0.0743 0.3680 0.0771 
         348  1 0.1042 0.1604 0.6438 0.0916 
         349  1 0.1361 0.1402 0.6332 0.0905 
         350  1 0.1434 0.0905 0.5896 0.1764 
         351  1 0.5281 0.1444 0.1879 0.1396 
         352  1 0.3873 0.4350 0.1241 0.0536 
         353  1 0.0634 0.0707 0.8078 0.0581 
         354  1 0.1557 0.3610 0.3801 0.1032 
         355  1 0.2490 0.1013 0.6095 0.0402 
         356  1 0.0469 0.0390 0.0297 0.8844 
         357  1 0.0595 0.8564 0.0416 0.0425 
         358  1 0.1812 0.0919 0.0921 0.6348 
         359  1 0.1138 0.2295 0.0594 0.5974 
         360  1 0.1081 0.7416 0.0931 0.0572 
         361  1 0.1175 0.0864 0.0374 0.7588 
         362  1 0.5756 0.2626 0.0754 0.0864 
         363  1 0.8359 0.0756 0.0443 0.0442 
         364  1 0.4953 0.2704 0.1385 0.0958 
         365  1 0.4775 0.0350 0.2930 0.1945 
         366  1 0.1734 0.1722 0.0780 0.5764 
         367  1 0.5299 0.0896 0.1658 0.2147 
         368  1 0.6127 0.0757 0.2584 0.0532 
         369  1 0.1565 0.7391 0.0499 0.0545 
         370  1 0.2029 0.0859 0.5819 0.1293 
         371  1 0.1276 0.7334 0.0794 0.0596 
         372  1 0.1373 0.7409 0.0765 0.0453 
         373  1 0.1446 0.2398 0.0952 0.5205 
         374  1 0.1302 0.0647 0.1078 0.6973 
         375  1 0.0765 0.8613 0.0310 0.0313 
         376  1 0.1023 0.0907 0.7374 0.0696 
         377  1 0.0707 0.0703 0.0493 0.8097 
         378  1 0.0557 0.1003 0.0565 0.7875 
         379  1 0.0759 0.0815 0.8081 0.0345 
         380  1 0.1854 0.3630 0.2974 0.1542 
         381  1 0.3121 0.2229 0.0792 0.3857 
         382  1 0.0504 0.8332 0.0702 0.0462 
         383  1 0.7392 0.1213 0.0844 0.0551 
         384  1 0.1505 0.1415 0.0730 0.6350 
         385  1 0.1318 0.0549 0.5760 0.2374 
         386  1 0.6227 0.1669 0.1229 0.0874 
         387  1 0.6078 0.2930 0.0378 0.0613 
         388  1 0.0932 0.5733 0.0706 0.2630 
         389  1 0.0982 0.3093 0.5432 0.0494 
         390  1 0.1192 0.7648 0.0658 0.0501 
         391  1 0.3322 0.2683 0.2964 0.1031 
         392  1 0.2537 0.2033 0.0552 0.4878 
         393  1 0.2182 0.2751 0.2532 0.2536 
         394  1 0.1223 0.0442 0.7715 0.0619 
         395  1 0.7681 0.1464 0.0405 0.0450 
         396  1 0.0737 0.6122 0.0709 0.2432 
         397  1 0.2333 0.5738 0.0442 0.1487 
         398  1 0.3168 0.1263 0.0456 0.5112 
         399  1 0.2389 0.6503 0.0558 0.0549 
         400  1 0.4442 0.2913 0.1332 0.1313 
         401  1 0.6837 0.1486 0.0482 0.1195 
         402  1 0.0710 0.0784 0.7736 0.0770 
         403  1 0.1647 0.0703 0.0677 0.6973 
         404  1 0.5344 0.0913 0.2655 0.1088 
         405  1 0.1505 0.1232 0.5624 0.1639 
         406  1 0.0752 0.8071 0.0571 0.0606 
         407  1 0.1305 0.7248 0.1038 0.0410 
         408  1 0.3790 0.0474 0.1238 0.4499 
         409  1 0.3667 0.2494 0.2738 0.1100 
         410  1 0.2779 0.6159 0.0439 0.0623 
         411  1 0.3756 0.2540 0.0827 0.2877 
         412  1 0.4242 0.1208 0.3064 0.1486 
         413  1 0.1593 0.1334 0.5690 0.1383 
         414  1 0.2744 0.1953 0.3241 0.2062 
         415  1 0.0693 0.0462 0.0556 0.8289 
         416  1 0.0493 0.0523 0.8626 0.0358 
         417  1 0.3850 0.3889 0.1084 0.1176 
         418  1 0.4324 0.1837 0.3091 0.0747 
         419  1 0.1270 0.6208 0.1457 0.1065 
         420  1 0.4451 0.3004 0.0571 0.1974 
         421  1 0.3059 0.1478 0.4258 0.1205 
         422  1 0.3992 0.0776 0.3079 0.2153 
         423  1 0.8110 0.1220 0.0351 0.0319 
         424  1 0.0480 0.0418 0.0427 0.8676 
         425  1 0.2261 0.5469 0.0490 0.1780 
         426  1 0.1971 0.1289 0.5580 0.1159 
         427  1 0.2767 0.4227 0.2162 0.0844 
         428  1 0.3614 0.4358 0.0943 0.1085 
         429  1 0.6570 0.2262 0.0606 0.0562 
         430  1 0.0514 0.0344 0.0330 0.8813 
         431  1 0.7683 0.0811 0.0668 0.0838 
         432  1 0.0637 0.0568 0.8121 0.0674 
         433  1 0.0523 0.8131 0.0726 0.0620 
         434  1 0.0856 0.0692 0.4675 0.3776 
         435  1 0.5539 0.2121 0.1461 0.0879 
         436  1 0.1077 0.6304 0.1782 0.0836 
         437  1 0.0670 0.0678 0.0462 0.8190 
         438  1 0.1448 0.0567 0.4611 0.3374 
         439  1 0.5018 0.3371 0.0653 0.0958 
         440  1 0.0679 0.0341 0.0578 0.8401 
         441  1 0.1018 0.1579 0.6954 0.0449 
         442  1 0.1351 0.5525 0.0750 0.2374 
         443  1 0.0836 0.8330 0.0497 0.0337 
         444  1 0.5852 0.1881 0.0657 0.1610 
         445  1 0.5612 0.3057 0.0634 0.0697 
         446  1 0.0594 0.0379 0.8652 0.0376 
         447  1 0.4806 0.3558 0.0515 0.1121 
         448  1 0.1882 0.0480 0.1032 0.6606 
         449  1 0.0586 0.0505 0.0552 0.8356 
         450  1 0.0333 0.0530 0.8694 0.0443 
         451  1 0.0610 0.0542 0.8351 0.0497 
         452  1 0.0547 0.8671 0.0381 0.0401 
         453  1 0.0463 0.0539 0.8440 0.0558 
         454  1 0.2140 0.1161 0.5803 0.0896 
         455  1 0.5105 0.2872 0.1238 0.0785 
         456  1 0.0663 0.0612 0.8199 0.0526 
         457  1 0.0594 0.1067 0.0791 0.7548 
         458  1 0.5186 0.2647 0.0451 0.1715 
         459  1 0.0626 0.1026 0.7889 0.0458 
         460  1 0.2657 0.6049 0.0478 0.0816 
         461  1 0.0532 0.0694 0.0743 0.8031 
         462  1 0.0415 0.0690 0.8440 0.0456 
         463  1 0.2273 0.0590 0.5259 0.1878 
         464  1 0.2371 0.5399 0.0741 0.1489 
         465  1 0.1004 0.0378 0.7247 0.1371 
         466  1 0.2809 0.5215 0.1210 0.0765 
         467  1 0.0584 0.8451 0.0612 0.0353 
         468  1 0.6346 0.1818 0.0887 0.0948 
         469  1 0.0363 0.9142 0.0270 0.0224 
         470  1 0.3049 0.0647 0.4017 0.2287 
         471  1 0.4467 0.2296 0.0696 0.2541 
         472  1 0.4978 0.1358 0.1327 0.2336 
         473  1 0.6310 0.1023 0.0878 0.1789 
         474  1 0.5051 0.3738 0.0552 0.0660 
         475  1 0.5528 0.0926 0.0277 0.3268 
         476  1 0.1206 0.0335 0.7766 0.0693 
         477  1 0.6867 0.0652 0.0455 0.2026 
         478  1 0.0548 0.0443 0.0409 0.8600 
         479  1 0.2392 0.6171 0.0704 0.0733 
         480  1 0.0564 0.8266 0.0516 0.0654 
         481  1 0.1318 0.1548 0.0928 0.6207 
         482  1 0.0980 0.0760 0.0724 0.7536 
         483  1 0.3444 0.3471 0.1611 0.1473 
         484  1 0.1590 0.7266 0.0391 0.0752 
         485  1 0.0884 0.8323 0.0368 0.0425 
         486  1 0.0327 0.0693 0.8640 0.0341 
         487  1 0.1393 0.7107 0.0810 0.0689 
         488  1 0.6583 0.2101 0.0779 0.0538 
         489  1 0.5901 0.0588 0.1879 0.1631 
         490  1 0.5307 0.1695 0.1744 0.1255 
         491  1 0.0825 0.7908 0.0762 0.0506 
         492  1 0.0891 0.8354 0.0326 0.0429 
