           1  1 0.6605 0.0462 0.2933 
           2  1 0.1570 0.5511 0.2919 
           3  1 0.1002 0.8513 0.0485 
           4  1 0.6768 0.0468 0.2764 
           5  1 0.8949 0.0502 0.0549 
           6  1 0.1084 0.8210 0.0707 
           7  1 0.1384 0.5884 0.2732 
           8  1 0.5700 0.0440 0.3860 
           9  1 0.2087 0.7613 0.0300 
          10  1 0.9033 0.0428 0.0539 
          11  1 0.0576 0.0406 0.9018 
          12  1 0.2866 0.4258 0.2876 
          13  1 0.2723 0.0711 0.6566 
          14  1 0.5142 0.3917 0.0941 
          15  1 0.3524 0.3542 0.2935 
          16  1 0.2482 0.0625 0.6893 
          17  1 0.0969 0.1133 0.7898 
          18  1 0.5170 0.1574 0.3256 
          19  1 0.3272 0.4298 0.2430 
          20  1 0.5573 0.2723 0.1704 
          21  1 0.7426 0.0998 0.1576 
          22  1 0.7071 0.1549 0.1380 
          23  1 0.0487 0.8388 0.1125 
          24  1 0.1940 0.7555 0.0505 
          25  1 0.1023 0.0497 0.8479 
          26  1 0.1043 0.8120 0.0837 
          27  1 0.6135 0.0423 0.3443 
          28  1 0.3742 0.1620 0.4638 
          29  1 0.2584 0.6942 0.0473 
          30  1 0.5568 0.1708 0.2724 
          31  1 0.1346 0.1370 0.7284 
          32  1 0.5059 0.2371 0.2571 
          33  1 0.1600 0.2598 0.5803 
          34  1 0.2841 0.2609 0.4549 
          35  1 0.7597 0.1798 0.0605 
          36  1 0.2057 0.7332 0.0612 
          37  1 0.0868 0.1354 0.7778 
          38  1 0.4752 0.4600 0.0648 
          39  1 0.5525 0.1612 0.2862 
          40  1 0.1179 0.0532 0.8289 
          41  1 0.5188 0.4147 0.0665 
          42  1 0.0622 0.1816 0.7562 
          43  1 0.0302 0.8800 0.0897 
          44  1 0.0342 0.7895 0.1763 
          45  1 0.5425 0.0674 0.3901 
          46  1 0.0521 0.6923 0.2556 
          47  1 0.5733 0.0902 0.3365 
          48  1 0.2195 0.6912 0.0893 
          49  1 0.6482 0.2158 0.1361 
          50  1 0.8238 0.0578 0.1184 
          51  1 0.5761 0.1969 0.2270 
          52  1 0.1258 0.0671 0.8071 
          53  1 0.7152 0.1855 0.0993 
          54  1 0.4976 0.2035 0.2989 
          55  1 0.1465 0.1384 0.7152 
          56  1 0.2041 0.6074 0.1884 
          57  1 0.1262 0.8319 0.0419 
          58  1 0.0931 0.8792 0.0277 
          59  1 0.3271 0.6259 0.0470 
          60  1 0.2990 0.6044 0.0965 
          61  1 0.0434 0.0232 0.9334 
          62  1 0.0547 0.9118 0.0335 
          63  1 0.6775 0.0660 0.2565 
          64  1 0.7149 0.1704 0.1147 
          65  1 0.4450 0.2341 0.3209 
          66  1 0.8113 0.0756 0.1130 
          67  1 0.0755 0.6792 0.2453 
          68  1 0.0986 0.8588 0.0425 
          69  1 0.7006 0.0173 0.2820 
          70  1 0.0233 0.9473 0.0293 
          71  1 0.5024 0.4414 0.0562 
          72  1 0.2928 0.6455 0.0617 
          73  1 0.4826 0.0646 0.4528 
          74  1 0.6463 0.0860 0.2677 
          75  1 0.0744 0.0380 0.8875 
          76  1 0.1168 0.7911 0.0921 
          77  1 0.2512 0.6740 0.0748 
          78  1 0.0728 0.0578 0.8694 
          79  1 0.0785 0.0479 0.8736 
          80  1 0.0986 0.8638 0.0376 
          81  1 0.8881 0.0519 0.0601 
          82  1 0.4898 0.0830 0.4272 
          83  1 0.2313 0.7101 0.0587 
          84  1 0.3682 0.4612 0.1707 
          85  1 0.5982 0.1231 0.2787 
          86  1 0.1918 0.6753 0.1330 
          87  1 0.3178 0.5630 0.1192 
          88  1 0.2961 0.5391 0.1648 
          89  1 0.0425 0.0472 0.9102 
          90  1 0.0885 0.7600 0.1515 
          91  1 0.2887 0.0338 0.6775 
          92  1 0.0951 0.8200 0.0849 
          93  1 0.6572 0.1845 0.1583 
          94  1 0.8073 0.1065 0.0862 
          95  1 0.4494 0.4488 0.1018 
          96  1 0.2042 0.0790 0.7167 
          97  1 0.0444 0.8544 0.1012 
          98  1 0.1544 0.1485 0.6971 
          99  1 0.2418 0.2262 0.5320 
         100  1 0.0750 0.0314 0.8936 
         101  1 0.1603 0.7904 0.0492 
         102  1 0.7958 0.0775 0.1267 
         103  1 0.1838 0.7302 0.0860 
         104  1 0.0446 0.0320 0.9235 
         105  1 0.0529 0.0272 0.9199 
         106  1 0.8309 0.1272 0.0419 
         107  1 0.8475 0.0798 0.0728 
         108  1 0.0846 0.0204 0.8950 
         109  1 0.0543 0.0575 0.8882 
         110  1 0.1481 0.4695 0.3824 
         111  1 0.1665 0.0414 0.7921 
         112  1 0.6486 0.1143 0.2371 
         113  1 0.0677 0.5832 0.3491 
         114  1 0.0664 0.1391 0.7945 
         115  1 0.8924 0.0322 0.0754 
         116  1 0.7905 0.0370 0.1725 
         117  1 0.0996 0.8480 0.0524 
         118  1 0.5288 0.0662 0.4050 
         119  1 0.1284 0.0669 0.8047 
         120  1 0.5413 0.3474 0.1114 
         121  1 0.1978 0.7523 0.0499 
         122  1 0.2465 0.5411 0.2124 
         123  1 0.0508 0.8797 0.0695 
         124  1 0.1120 0.8256 0.0624 
         125  1 0.2210 0.5065 0.2725 
         126  1 0.2682 0.6494 0.0824 
         127  1 0.4668 0.3378 0.1954 
         128  1 0.1925 0.0469 0.7606 
         129  1 0.2482 0.4732 0.2787 
         130  1 0.6093 0.3350 0.0557 
         131  1 0.0767 0.5359 0.3874 
         132  1 0.6324 0.1456 0.2220 
         133  1 0.0415 0.0347 0.9238 
         134  1 0.4466 0.4842 0.0692 
         135  1 0.4461 0.4840 0.0700 
         136  1 0.6275 0.1623 0.2102 
         137  1 0.7422 0.1259 0.1320 
         138  1 0.1398 0.0816 0.7786 
         139  1 0.5333 0.0945 0.3723 
         140  1 0.1694 0.7872 0.0434 
         141  1 0.5539 0.2425 0.2036 
         142  1 0.1384 0.0478 0.8139 
         143  1 0.4457 0.4339 0.1203 
         144  1 0.5723 0.3210 0.1067 
         145  1 0.1252 0.7385 0.1362 
         146  1 0.3915 0.5166 0.0919 
         147  1 0.1284 0.5983 0.2733 
         148  1 0.1143 0.8270 0.0587 
         149  1 0.0749 0.0943 0.8308 
         150  1 0.3824 0.1500 0.4677 
         151  1 0.0448 0.0322 0.9230 
         152  1 0.2202 0.7464 0.0334 
         153  1 0.1615 0.0297 0.8088 
         154  1 0.5194 0.2993 0.1813 
         155  1 0.4716 0.4733 0.0551 
         156  1 0.5207 0.2769 0.2024 
         157  1 0.0985 0.7335 0.1680 
         158  1 0.3939 0.3276 0.2784 
         159  1 0.7152 0.1749 0.1099 
         160  1 0.5999 0.0504 0.3497 
         161  1 0.4973 0.0849 0.4178 
         162  1 0.2573 0.6792 0.0634 
         163  1 0.1696 0.5535 0.2769 
         164  1 0.5751 0.0585 0.3664 
         165  1 0.2310 0.3778 0.3912 
         166  1 0.3677 0.0883 0.5440 
         167  1 0.2583 0.2323 0.5093 
         168  1 0.5136 0.2523 0.2341 
         169  1 0.6642 0.0449 0.2908 
         170  1 0.7939 0.1340 0.0721 
         171  1 0.1027 0.7192 0.1781 
         172  1 0.0847 0.0328 0.8824 
         173  1 0.1465 0.0275 0.8260 
         174  1 0.3067 0.3364 0.3569 
         175  1 0.2403 0.5732 0.1864 
         176  1 0.8545 0.0918 0.0537 
         177  1 0.3024 0.4903 0.2073 
         178  1 0.1291 0.0724 0.7984 
         179  1 0.1366 0.1328 0.7306 
         180  1 0.8907 0.0513 0.0580 
         181  1 0.6436 0.1564 0.2000 
         182  1 0.0540 0.0711 0.8749 
         183  1 0.5409 0.0390 0.4201 
         184  1 0.3311 0.2153 0.4536 
         185  1 0.4474 0.1714 0.3811 
         186  1 0.7472 0.1142 0.1386 
         187  1 0.1455 0.8040 0.0505 
         188  1 0.5816 0.0288 0.3896 
         189  1 0.3511 0.4494 0.1996 
         190  1 0.6091 0.2308 0.1600 
         191  1 0.1009 0.0507 0.8483 
         192  1 0.3138 0.4444 0.2418 
         193  1 0.4109 0.2356 0.3534 
         194  1 0.4198 0.5107 0.0695 
         195  1 0.0792 0.0553 0.8655 
         196  1 0.8716 0.0785 0.0499 
         197  1 0.2795 0.5464 0.1741 
         198  1 0.0835 0.0523 0.8642 
         199  1 0.0647 0.7580 0.1773 
         200  1 0.0381 0.0521 0.9098 
         201  1 0.9335 0.0263 0.0403 
         202  1 0.0803 0.8430 0.0767 
         203  1 0.2890 0.6588 0.0522 
         204  1 0.1894 0.4337 0.3769 
         205  1 0.0326 0.9099 0.0574 
         206  1 0.1595 0.7838 0.0567 
         207  1 0.2983 0.0647 0.6371 
         208  1 0.0379 0.0358 0.9263 
         209  1 0.1361 0.1014 0.7625 
         210  1 0.3051 0.5596 0.1353 
         211  1 0.1181 0.0522 0.8297 
         212  1 0.0665 0.0340 0.8994 
         213  1 0.4886 0.4095 0.1019 
         214  1 0.3152 0.6563 0.0285 
         215  1 0.1564 0.0566 0.7871 
         216  1 0.1068 0.0428 0.8504 
         217  1 0.2030 0.7288 0.0682 
         218  1 0.0713 0.7828 0.1459 
         219  1 0.2618 0.0218 0.7164 
         220  1 0.2996 0.4518 0.2485 
         221  1 0.4492 0.5059 0.0449 
         222  1 0.6409 0.2003 0.1588 
         223  1 0.3070 0.6314 0.0616 
         224  1 0.3175 0.3423 0.3401 
         225  1 0.8475 0.0650 0.0875 
         226  1 0.4042 0.1713 0.4245 
         227  1 0.0336 0.9220 0.0444 
         228  1 0.1030 0.6826 0.2144 
         229  1 0.4166 0.0986 0.4848 
         230  1 0.1298 0.2477 0.6225 
         231  1 0.0597 0.0271 0.9132 
         232  1 0.0700 0.2288 0.7012 
         233  1 0.1817 0.0400 0.7783 
         234  1 0.0567 0.0630 0.8803 
         235  1 0.8784 0.0761 0.0455 
         236  1 0.2159 0.7235 0.0607 
         237  1 0.0847 0.0715 0.8438 
         238  1 0.4198 0.5338 0.0463 
         239  1 0.3210 0.3788 0.3003 
         240  1 0.4769 0.4322 0.0909 
         241  1 0.6823 0.1466 0.1711 
         242  1 0.4788 0.1268 0.3944 
         243  1 0.1293 0.4206 0.4501 
         244  1 0.0652 0.8636 0.0712 
         245  1 0.1621 0.0310 0.8069 
         246  1 0.1015 0.1834 0.7151 
         247  1 0.7147 0.0950 0.1903 
         248  1 0.7989 0.0902 0.1109 
         249  1 0.0736 0.0478 0.8787 
         250  1 0.7304 0.1109 0.1587 
         251  1 0.0415 0.0311 0.9273 
         252  1 0.3906 0.4546 0.1548 
         253  1 0.0610 0.8900 0.0489 
         254  1 0.6920 0.2552 0.0528 
         255  1 0.0984 0.1838 0.7178 
         256  1 0.2373 0.7185 0.0443 
         257  1 0.2844 0.0595 0.6561 
         258  1 0.7635 0.0320 0.2045 
         259  1 0.6553 0.0252 0.3195 
         260  1 0.5492 0.3642 0.0866 
         261  1 0.1079 0.8190 0.0731 
         262  1 0.1011 0.7827 0.1162 
         263  1 0.5956 0.2996 0.1048 
         264  1 0.0476 0.9077 0.0447 
         265  1 0.4071 0.3903 0.2026 
         266  1 0.8141 0.1120 0.0740 
         267  1 0.0987 0.0377 0.8636 
         268  1 0.0603 0.0792 0.8605 
         269  1 0.6582 0.1061 0.2357 
         270  1 0.8841 0.0507 0.0652 
         271  1 0.0739 0.8603 0.0658 
         272  1 0.1078 0.7404 0.1518 
         273  1 0.0662 0.0501 0.8837 
         274  1 0.9001 0.0445 0.0554 
         275  1 0.2429 0.1802 0.5769 
         276  1 0.7240 0.1196 0.1564 
         277  1 0.3306 0.6239 0.0455 
         278  1 0.2220 0.2319 0.5461 
         279  1 0.5045 0.4463 0.0493 
         280  1 0.4942 0.3976 0.1082 
         281  1 0.0607 0.0341 0.9052 
         282  1 0.1369 0.8296 0.0335 
         283  1 0.1325 0.4381 0.4295 
         284  1 0.2335 0.1869 0.5796 
         285  1 0.2207 0.3647 0.4146 
         286  1 0.3520 0.4874 0.1606 
         287  1 0.0657 0.8645 0.0698 
         288  1 0.3321 0.5840 0.0839 
         289  1 0.4073 0.0502 0.5426 
         290  1 0.0865 0.8598 0.0537 
         291  1 0.0972 0.8758 0.0270 
         292  1 0.0581 0.2405 0.7014 
         293  1 0.2196 0.0280 0.7524 
         294  1 0.3964 0.5375 0.0661 
         295  1 0.0782 0.8056 0.1162 
         296  1 0.1247 0.8132 0.0621 
         297  1 0.1050 0.5809 0.3140 
         298  1 0.6929 0.0203 0.2868 
         299  1 0.6893 0.1809 0.1299 
         300  1 0.8434 0.0268 0.1298 
         301  1 0.3749 0.4859 0.1392 
         302  1 0.8605 0.0308 0.1087 
         303  1 0.4257 0.5340 0.0403 
         304  1 0.8416 0.0689 0.0895 
         305  1 0.4867 0.1841 0.3292 
         306  1 0.5175 0.1103 0.3722 
         307  1 0.4412 0.3314 0.2274 
         308  1 0.5796 0.1312 0.2892 
         309  1 0.7501 0.0812 0.1687 
         310  1 0.1131 0.0327 0.8543 
         311  1 0.1844 0.0524 0.7631 
         312  1 0.9234 0.0198 0.0568 
         313  1 0.0735 0.8498 0.0768 
         314  1 0.5357 0.0804 0.3839 
         315  1 0.7741 0.0370 0.1890 
         316  1 0.0552 0.0450 0.8998 
         317  1 0.1350 0.0501 0.8149 
         318  1 0.7902 0.0746 0.1352 
         319  1 0.0442 0.0277 0.9281 
         320  1 0.7046 0.0609 0.2345 
         321  1 0.1245 0.6144 0.2611 
         322  1 0.5661 0.0968 0.3371 
         323  1 0.3214 0.6057 0.0728 
         324  1 0.5663 0.0509 0.3828 
         325  1 0.0631 0.0387 0.8982 
         326  1 0.2408 0.6606 0.0985 
         327  1 0.0897 0.1133 0.7970 
         328  1 0.4739 0.4589 0.0672 
         329  1 0.5810 0.3708 0.0482 
         330  1 0.2061 0.7365 0.0574 
         331  1 0.3898 0.0670 0.5433 
         332  1 0.2053 0.7372 0.0575 
         333  1 0.4291 0.1561 0.4148 
         334  1 0.0916 0.0407 0.8677 
         335  1 0.1170 0.0387 0.8442 
         336  1 0.4681 0.4305 0.1013 
         337  1 0.4239 0.2125 0.3636 
         338  1 0.5360 0.3805 0.0835 
         339  1 0.0483 0.0438 0.9080 
         340  1 0.1441 0.7692 0.0868 
         341  1 0.2883 0.6592 0.0525 
         342  1 0.0411 0.8136 0.1453 
         343  1 0.4554 0.0566 0.4880 
         344  1 0.6025 0.2150 0.1825 
         345  1 0.0425 0.0439 0.9136 
         346  1 0.6352 0.0678 0.2970 
         347  1 0.3899 0.0889 0.5212 
         348  1 0.1604 0.1085 0.7311 
         349  1 0.1396 0.0783 0.7821 
         350  1 0.1746 0.0767 0.7487 
         351  1 0.3717 0.4192 0.2091 
         352  1 0.1655 0.7509 0.0836 
         353  1 0.0935 0.0525 0.8540 
         354  1 0.1445 0.2526 0.6028 
         355  1 0.2450 0.1515 0.6035 
         356  1 0.6689 0.0417 0.2894 
         357  1 0.0527 0.8628 0.0845 
         358  1 0.8089 0.0696 0.1215 
         359  1 0.4734 0.3581 0.1686 
         360  1 0.0646 0.8071 0.1283 
         361  1 0.8279 0.1309 0.0411 
         362  1 0.2849 0.6098 0.1054 
         363  1 0.4297 0.5271 0.0432 
         364  1 0.4081 0.2761 0.3158 
         365  1 0.4990 0.0713 0.4297 
         366  1 0.6366 0.2241 0.1392 
         367  1 0.7024 0.1043 0.1933 
         368  1 0.4244 0.2155 0.3601 
         369  1 0.0729 0.8738 0.0533 
         370  1 0.2405 0.1492 0.6103 
         371  1 0.0758 0.8140 0.1102 
         372  1 0.0799 0.8199 0.1002 
         373  1 0.3170 0.4435 0.2395 
         374  1 0.6833 0.0770 0.2397 
         375  1 0.0501 0.8835 0.0665 
         376  1 0.0591 0.0781 0.8629 
         377  1 0.5340 0.0914 0.3745 
         378  1 0.5525 0.0864 0.3611 
         379  1 0.0906 0.0680 0.8414 
         380  1 0.2080 0.3188 0.4733 
         381  1 0.5335 0.3684 0.0982 
         382  1 0.0591 0.7253 0.2155 
         383  1 0.3020 0.6326 0.0654 
         384  1 0.6176 0.1778 0.2046 
         385  1 0.1371 0.0418 0.8210 
         386  1 0.3660 0.5172 0.1169 
         387  1 0.1896 0.7819 0.0286 
         388  1 0.2682 0.6048 0.1271 
         389  1 0.0770 0.2022 0.7208 
         390  1 0.0913 0.7922 0.1164 
         391  1 0.2989 0.1883 0.5128 
         392  1 0.6343 0.3047 0.0610 
         393  1 0.3186 0.3414 0.3400 
         394  1 0.1934 0.0443 0.7623 
         395  1 0.4286 0.5026 0.0687 
         396  1 0.1915 0.6182 0.1903 
         397  1 0.1092 0.8517 0.0391 
         398  1 0.7494 0.1714 0.0792 
         399  1 0.1324 0.7381 0.1296 
         400  1 0.2299 0.6315 0.1386 
         401  1 0.3846 0.5687 0.0467 
         402  1 0.0584 0.0642 0.8774 
         403  1 0.7264 0.1749 0.0987 
         404  1 0.4108 0.0644 0.5248 
         405  1 0.1360 0.0763 0.7877 
         406  1 0.0649 0.8376 0.0975 
         407  1 0.0591 0.8268 0.1141 
         408  1 0.7678 0.0376 0.1946 
         409  1 0.3846 0.2857 0.3297 
         410  1 0.1086 0.8590 0.0324 
         411  1 0.2765 0.6333 0.0902 
         412  1 0.5343 0.0828 0.3829 
         413  1 0.1952 0.1159 0.6889 
         414  1 0.3277 0.2819 0.3904 
         415  1 0.5876 0.0717 0.3407 
         416  1 0.0479 0.0413 0.9108 
         417  1 0.1408 0.7604 0.0988 
         418  1 0.3143 0.3476 0.3381 
         419  1 0.1535 0.5729 0.2735 
         420  1 0.3686 0.5693 0.0621 
         421  1 0.2111 0.1687 0.6202 
         422  1 0.4254 0.1672 0.4074 
         423  1 0.4101 0.5597 0.0302 
         424  1 0.6297 0.0508 0.3196 
         425  1 0.1629 0.7767 0.0604 
         426  1 0.2201 0.1804 0.5995 
         427  1 0.2524 0.4932 0.2544 
         428  1 0.1646 0.7630 0.0724 
         429  1 0.2486 0.6945 0.0569 
         430  1 0.9091 0.0352 0.0557 
         431  1 0.5711 0.3286 0.1003 
         432  1 0.0882 0.0559 0.8559 
         433  1 0.0691 0.7856 0.1453 
         434  1 0.2064 0.0621 0.7315 
         435  1 0.4470 0.0971 0.4559 
         436  1 0.1046 0.5889 0.3066 
         437  1 0.5985 0.0996 0.3019 
         438  1 0.3791 0.0645 0.5564 
         439  1 0.3598 0.4741 0.1661 
         440  1 0.6318 0.0427 0.3256 
         441  1 0.0696 0.0756 0.8548 
         442  1 0.4187 0.4374 0.1439 
         443  1 0.0541 0.7894 0.1565 
         444  1 0.3431 0.5959 0.0610 
         445  1 0.4815 0.4044 0.1141 
         446  1 0.0654 0.0364 0.8981 
         447  1 0.3230 0.6010 0.0760 
         448  1 0.8351 0.0552 0.1097 
         449  1 0.5822 0.0434 0.3744 
         450  1 0.0344 0.0408 0.9248 
         451  1 0.0463 0.0349 0.9188 
         452  1 0.0545 0.8797 0.0659 
         453  1 0.0766 0.0437 0.8796 
         454  1 0.2711 0.0698 0.6591 
         455  1 0.1779 0.7274 0.0948 
         456  1 0.0502 0.0474 0.9025 
         457  1 0.4658 0.1125 0.4217 
         458  1 0.1976 0.7565 0.0459 
         459  1 0.0587 0.0735 0.8678 
         460  1 0.0730 0.8933 0.0337 
         461  1 0.5316 0.0584 0.4100 
         462  1 0.0639 0.0476 0.8884 
         463  1 0.1797 0.0529 0.7674 
         464  1 0.1536 0.7792 0.0672 
         465  1 0.0874 0.0414 0.8712 
         466  1 0.1081 0.8144 0.0776 
         467  1 0.0436 0.8582 0.0982 
         468  1 0.4707 0.4089 0.1204 
         469  1 0.0229 0.9307 0.0464 
         470  1 0.4712 0.0789 0.4499 
         471  1 0.5035 0.4245 0.0719 
         472  1 0.4228 0.4458 0.1314 
         473  1 0.4582 0.4552 0.0866 
         474  1 0.1675 0.7792 0.0533 
         475  1 0.8513 0.1213 0.0274 
         476  1 0.0927 0.0436 0.8636 
         477  1 0.7096 0.2379 0.0525 
         478  1 0.5905 0.0587 0.3508 
         479  1 0.0926 0.8493 0.0580 
         480  1 0.0792 0.7705 0.1503 
         481  1 0.6399 0.2034 0.1567 
         482  1 0.5639 0.0557 0.3804 
         483  1 0.2661 0.5943 0.1396 
         484  1 0.0623 0.8927 0.0451 
         485  1 0.0609 0.8633 0.0758 
         486  1 0.0307 0.0442 0.9251 
         487  1 0.1093 0.8034 0.0874 
         488  1 0.2664 0.6425 0.0911 
         489  1 0.5251 0.0405 0.4345 
         490  1 0.4367 0.1554 0.4079 
         491  1 0.0805 0.7070 0.2125 
         492  1 0.0679 0.8462 0.0858 
