           1  1 0.0722 0.1042 0.0825 0.1106 0.0543 0.1025 0.4737 
           2  1 0.0481 0.1076 0.2831 0.0690 0.0604 0.3283 0.1035 
           3  1 0.0445 0.0769 0.1979 0.1176 0.3956 0.1087 0.0589 
           4  1 0.1028 0.0876 0.0749 0.0966 0.0980 0.0631 0.4770 
           5  1 0.0425 0.0882 0.1135 0.1419 0.1269 0.1020 0.3849 
           6  1 0.0969 0.0636 0.1881 0.1512 0.2905 0.1237 0.0860 
           7  1 0.2258 0.0260 0.1879 0.1314 0.1606 0.1923 0.0760 
           8  1 0.0637 0.0991 0.0520 0.0635 0.0590 0.0498 0.6129 
           9  1 0.0372 0.0541 0.1866 0.1779 0.3709 0.1217 0.0515 
          10  1 0.0556 0.1155 0.1265 0.1773 0.1503 0.1173 0.2575 
          11  1 0.6354 0.0617 0.0617 0.0753 0.0611 0.0643 0.0406 
          12  1 0.0360 0.0987 0.2083 0.0700 0.0755 0.2344 0.2771 
          13  1 0.2810 0.1044 0.0901 0.0986 0.0622 0.1036 0.2601 
          14  1 0.0412 0.2383 0.1284 0.1241 0.2658 0.0903 0.1118 
          15  1 0.0394 0.1954 0.1496 0.1989 0.2029 0.1643 0.0495 
          16  1 0.3271 0.0659 0.0665 0.0854 0.0681 0.0723 0.3147 
          17  1 0.4572 0.0753 0.1302 0.0735 0.0592 0.1454 0.0594 
          18  1 0.0499 0.0836 0.0750 0.0739 0.0606 0.0833 0.5736 
          19  1 0.1154 0.0748 0.1604 0.1984 0.2095 0.1568 0.0846 
          20  1 0.0973 0.0493 0.1359 0.1541 0.2099 0.1015 0.2519 
          21  1 0.1091 0.2095 0.1191 0.1580 0.1358 0.1152 0.1534 
          22  1 0.0497 0.1895 0.0943 0.2829 0.1426 0.1406 0.1005 
          23  1 0.1044 0.0507 0.3173 0.0730 0.0706 0.3438 0.0402 
          24  1 0.0761 0.0571 0.1883 0.2754 0.2078 0.1616 0.0336 
          25  1 0.5698 0.0603 0.0499 0.0903 0.0603 0.0604 0.1090 
          26  1 0.0530 0.0453 0.2884 0.1229 0.1508 0.2843 0.0553 
          27  1 0.0672 0.2495 0.0861 0.1472 0.0977 0.0889 0.2634 
          28  1 0.3216 0.1036 0.0960 0.2064 0.1074 0.1271 0.0379 
          29  1 0.0385 0.0620 0.1995 0.1422 0.3848 0.1174 0.0557 
          30  1 0.0472 0.1745 0.1210 0.2849 0.1290 0.1663 0.0772 
          31  1 0.3205 0.0693 0.1521 0.1305 0.0866 0.1726 0.0685 
          32  1 0.0613 0.1186 0.1210 0.3197 0.1545 0.1750 0.0500 
          33  1 0.0973 0.2802 0.1385 0.1505 0.1253 0.1543 0.0539 
          34  1 0.1629 0.1054 0.1567 0.1967 0.1096 0.1878 0.0809 
          35  1 0.0386 0.1177 0.1676 0.1642 0.1653 0.1624 0.1841 
          36  1 0.0570 0.1011 0.1753 0.2498 0.2038 0.1629 0.0502 
          37  1 0.5405 0.0377 0.1034 0.0647 0.0884 0.0908 0.0745 
          38  1 0.0616 0.0456 0.1436 0.3883 0.1315 0.1918 0.0376 
          39  1 0.1076 0.0784 0.1168 0.1498 0.1604 0.0933 0.2936 
          40  1 0.0718 0.6220 0.0668 0.0678 0.0572 0.0689 0.0454 
          41  1 0.0395 0.0940 0.1562 0.2343 0.2200 0.1569 0.0991 
          42  1 0.3897 0.0700 0.1275 0.1012 0.1658 0.1010 0.0448 
          43  1 0.0314 0.0344 0.3533 0.0566 0.0511 0.4474 0.0259 
          44  1 0.1114 0.0545 0.2668 0.1114 0.1197 0.2990 0.0373 
          45  1 0.0613 0.0527 0.0531 0.0552 0.0686 0.0476 0.6615 
          46  1 0.0590 0.0885 0.3115 0.0675 0.0599 0.3766 0.0371 
          47  1 0.0637 0.0495 0.0798 0.0867 0.0893 0.0715 0.5594 
          48  1 0.0768 0.0648 0.1920 0.1880 0.3065 0.1390 0.0328 
          49  1 0.0402 0.2852 0.1395 0.1794 0.0920 0.1769 0.0868 
          50  1 0.0932 0.2346 0.1117 0.1610 0.1251 0.1215 0.1529 
          51  1 0.0521 0.5153 0.0815 0.1112 0.1040 0.0836 0.0524 
          52  1 0.0737 0.4783 0.0927 0.1014 0.0904 0.0977 0.0658 
          53  1 0.0641 0.1962 0.1358 0.2448 0.1541 0.1474 0.0577 
          54  1 0.0454 0.2613 0.0801 0.0939 0.0853 0.0827 0.3513 
          55  1 0.4631 0.0825 0.1038 0.0843 0.0927 0.1108 0.0629 
          56  1 0.1651 0.0577 0.1613 0.2390 0.1510 0.1677 0.0582 
          57  1 0.0463 0.0737 0.2538 0.1556 0.1669 0.2479 0.0558 
          58  1 0.0377 0.0705 0.2034 0.1725 0.3356 0.1369 0.0435 
          59  1 0.0507 0.1025 0.1638 0.2154 0.2985 0.1179 0.0511 
          60  1 0.0676 0.0913 0.1702 0.1918 0.2018 0.1822 0.0951 
          61  1 0.7322 0.0497 0.0385 0.0447 0.0408 0.0363 0.0579 
          62  1 0.0648 0.0459 0.2046 0.1461 0.3749 0.1206 0.0431 
          63  1 0.1207 0.1244 0.1075 0.1646 0.1275 0.0980 0.2574 
          64  1 0.0393 0.4591 0.0971 0.1266 0.1165 0.0994 0.0620 
          65  1 0.0995 0.3525 0.1118 0.1689 0.1135 0.1190 0.0348 
          66  1 0.0633 0.1559 0.1156 0.2333 0.1228 0.1518 0.1573 
          67  1 0.1433 0.0531 0.2739 0.0894 0.0797 0.3135 0.0471 
          68  1 0.0638 0.0741 0.2026 0.1631 0.3046 0.1375 0.0543 
          69  1 0.0616 0.0853 0.0456 0.0699 0.0531 0.0435 0.6410 
          70  1 0.0319 0.0313 0.2793 0.1391 0.2756 0.2119 0.0309 
          71  1 0.0515 0.0736 0.1709 0.2352 0.2473 0.1362 0.0853 
          72  1 0.0432 0.0772 0.1886 0.1869 0.2925 0.1336 0.0781 
          73  1 0.0889 0.0629 0.0661 0.0524 0.0428 0.0790 0.6078 
          74  1 0.1313 0.0616 0.1445 0.2706 0.1530 0.1404 0.0987 
          75  1 0.6270 0.0764 0.0539 0.0634 0.0603 0.0506 0.0685 
          76  1 0.1050 0.0648 0.2114 0.1720 0.1424 0.2069 0.0974 
          77  1 0.0573 0.1025 0.1709 0.1355 0.3592 0.0905 0.0842 
          78  1 0.5796 0.0471 0.0856 0.0828 0.0589 0.0958 0.0503 
          79  1 0.3345 0.1926 0.0687 0.1022 0.0693 0.0724 0.1603 
          80  1 0.0560 0.0710 0.2024 0.1642 0.3301 0.1314 0.0449 
          81  1 0.0781 0.2042 0.1209 0.2053 0.1354 0.1390 0.1171 
          82  1 0.1724 0.1469 0.1246 0.1401 0.0871 0.1570 0.1718 
          83  1 0.0668 0.0555 0.1938 0.1634 0.3053 0.1309 0.0843 
          84  1 0.0786 0.1334 0.1587 0.1622 0.2167 0.1409 0.1094 
          85  1 0.0447 0.0615 0.0787 0.0881 0.0936 0.0706 0.5629 
          86  1 0.0709 0.1672 0.1887 0.1451 0.1747 0.1701 0.0832 
          87  1 0.0473 0.2803 0.1428 0.1676 0.1295 0.1562 0.0762 
          88  1 0.1328 0.1413 0.1556 0.1784 0.1859 0.1477 0.0582 
          89  1 0.6514 0.0704 0.0569 0.0529 0.0635 0.0554 0.0497 
          90  1 0.0597 0.1022 0.2779 0.0823 0.0715 0.3485 0.0579 
          91  1 0.0607 0.3974 0.0751 0.1623 0.1046 0.0952 0.1046 
          92  1 0.0530 0.0463 0.3009 0.0778 0.0890 0.3124 0.1206 
          93  1 0.0751 0.1909 0.1183 0.2778 0.1105 0.1641 0.0632 
          94  1 0.0783 0.0694 0.1644 0.2081 0.1829 0.1492 0.1477 
          95  1 0.0607 0.0756 0.1993 0.2513 0.1677 0.1834 0.0620 
          96  1 0.4390 0.1395 0.0805 0.1185 0.1036 0.0798 0.0392 
          97  1 0.0540 0.0376 0.3388 0.0590 0.0826 0.3871 0.0410 
          98  1 0.1014 0.4130 0.0884 0.1172 0.1082 0.0913 0.0804 
          99  1 0.2775 0.0689 0.1336 0.1667 0.1696 0.1362 0.0474 
         100  1 0.2325 0.5237 0.0431 0.0498 0.0537 0.0401 0.0571 
         101  1 0.0559 0.0518 0.1743 0.1808 0.3428 0.1104 0.0839 
         102  1 0.1040 0.1577 0.1004 0.2987 0.1222 0.1481 0.0689 
         103  1 0.1084 0.0559 0.1980 0.1993 0.1874 0.1941 0.0569 
         104  1 0.6804 0.0414 0.0561 0.0565 0.0371 0.0624 0.0661 
         105  1 0.1058 0.6750 0.0461 0.0484 0.0362 0.0516 0.0369 
         106  1 0.0416 0.0595 0.1417 0.3626 0.1426 0.2093 0.0427 
         107  1 0.0432 0.0780 0.1206 0.1677 0.0918 0.1457 0.3530 
         108  1 0.1193 0.6282 0.0378 0.0511 0.0372 0.0390 0.0874 
         109  1 0.6426 0.0402 0.0678 0.0629 0.0661 0.0684 0.0520 
         110  1 0.1695 0.0986 0.2089 0.0873 0.0844 0.2374 0.1138 
         111  1 0.3397 0.2463 0.0853 0.1085 0.0731 0.0954 0.0516 
         112  1 0.0994 0.0850 0.1038 0.1283 0.1236 0.1029 0.3570 
         113  1 0.1580 0.0853 0.2490 0.0989 0.0802 0.2828 0.0458 
         114  1 0.3632 0.0808 0.1610 0.0705 0.0502 0.1995 0.0747 
         115  1 0.0618 0.0585 0.1134 0.2887 0.1186 0.1342 0.2248 
         116  1 0.0436 0.0683 0.0697 0.1792 0.0952 0.0878 0.4562 
         117  1 0.1537 0.0437 0.1832 0.2000 0.2464 0.1310 0.0421 
         118  1 0.0814 0.0733 0.0725 0.1054 0.0777 0.0679 0.5217 
         119  1 0.4802 0.0645 0.0872 0.1086 0.1276 0.0800 0.0520 
         120  1 0.0422 0.3495 0.1207 0.1698 0.1188 0.1451 0.0538 
         121  1 0.0722 0.1036 0.1729 0.2159 0.2638 0.1202 0.0513 
         122  1 0.0725 0.1597 0.1993 0.1715 0.1064 0.2357 0.0549 
         123  1 0.0392 0.0413 0.3357 0.0760 0.0670 0.3959 0.0450 
         124  1 0.0777 0.0749 0.2089 0.1830 0.2088 0.1938 0.0530 
         125  1 0.0578 0.0485 0.2573 0.0612 0.0515 0.2952 0.2284 
         126  1 0.0596 0.0708 0.1602 0.1487 0.3363 0.0928 0.1316 
         127  1 0.1621 0.1536 0.1270 0.1896 0.1612 0.1248 0.0816 
         128  1 0.0521 0.5395 0.0792 0.0965 0.0711 0.0891 0.0726 
         129  1 0.0597 0.2237 0.2025 0.1141 0.0929 0.2436 0.0633 
         130  1 0.0719 0.0529 0.1610 0.2546 0.2195 0.1584 0.0818 
         131  1 0.0756 0.0848 0.3085 0.0831 0.0558 0.3575 0.0347 
         132  1 0.1462 0.1515 0.1049 0.2186 0.1514 0.1172 0.1102 
         133  1 0.6391 0.1082 0.0470 0.0449 0.0527 0.0463 0.0618 
         134  1 0.0486 0.1039 0.1616 0.2733 0.1796 0.1905 0.0424 
         135  1 0.0459 0.0476 0.1582 0.2501 0.3118 0.1281 0.0583 
         136  1 0.0655 0.1029 0.0949 0.1323 0.0809 0.1176 0.4059 
         137  1 0.0942 0.1847 0.1299 0.2224 0.1227 0.1612 0.0849 
         138  1 0.0864 0.4462 0.1088 0.0948 0.0789 0.1279 0.0569 
         139  1 0.0494 0.0778 0.0801 0.0670 0.0578 0.0866 0.5813 
         140  1 0.0604 0.0455 0.1672 0.2250 0.2978 0.1573 0.0468 
         141  1 0.1149 0.1448 0.1310 0.1999 0.1773 0.1273 0.1048 
         142  1 0.4696 0.0560 0.0849 0.1417 0.0866 0.0947 0.0666 
         143  1 0.0616 0.2587 0.1097 0.1564 0.1691 0.1045 0.1400 
         144  1 0.0733 0.1515 0.1413 0.2128 0.2404 0.1190 0.0616 
         145  1 0.0717 0.0707 0.2419 0.1380 0.0871 0.3055 0.0852 
         146  1 0.1061 0.0503 0.1598 0.2120 0.2618 0.1353 0.0748 
         147  1 0.0812 0.1221 0.2324 0.1168 0.0861 0.2749 0.0865 
         148  1 0.0538 0.1362 0.1800 0.1342 0.3596 0.0889 0.0473 
         149  1 0.4184 0.1032 0.1218 0.0795 0.0795 0.1355 0.0622 
         150  1 0.4227 0.0534 0.0976 0.1554 0.1315 0.0910 0.0483 
         151  1 0.6690 0.0542 0.0462 0.0482 0.0480 0.0435 0.0910 
         152  1 0.0431 0.0631 0.1841 0.2625 0.2517 0.1390 0.0564 
         153  1 0.0563 0.6130 0.0440 0.0470 0.0526 0.0439 0.1432 
         154  1 0.1147 0.1225 0.1253 0.2667 0.1772 0.1494 0.0442 
         155  1 0.0666 0.1286 0.1559 0.2383 0.2059 0.1547 0.0500 
         156  1 0.1629 0.1180 0.1010 0.1743 0.1969 0.1043 0.1426 
         157  1 0.1288 0.0720 0.2630 0.0701 0.0862 0.2698 0.1101 
         158  1 0.1771 0.1656 0.1277 0.1540 0.1433 0.1360 0.0963 
         159  1 0.0799 0.0946 0.1661 0.1661 0.1633 0.1607 0.1694 
         160  1 0.0634 0.0493 0.0614 0.0727 0.0627 0.0580 0.6325 
         161  1 0.0875 0.0649 0.0764 0.0647 0.0790 0.0711 0.5563 
         162  1 0.0482 0.0980 0.1536 0.2353 0.2738 0.1376 0.0535 
         163  1 0.1742 0.0466 0.2390 0.1406 0.0779 0.2727 0.0489 
         164  1 0.0583 0.0536 0.0527 0.0550 0.0545 0.0547 0.6713 
         165  1 0.2624 0.0536 0.1494 0.1238 0.2205 0.1090 0.0813 
         166  1 0.0541 0.5799 0.0686 0.0848 0.0725 0.0742 0.0659 
         167  1 0.0918 0.2486 0.1282 0.1616 0.1998 0.1158 0.0542 
         168  1 0.0825 0.0953 0.1337 0.2074 0.1860 0.1135 0.1815 
         169  1 0.0428 0.0496 0.0604 0.0747 0.0904 0.0511 0.6310 
         170  1 0.0621 0.1364 0.1380 0.1778 0.1757 0.1314 0.1786 
         171  1 0.0927 0.1201 0.2233 0.1593 0.1160 0.2415 0.0471 
         172  1 0.0785 0.6503 0.0444 0.0564 0.0507 0.0465 0.0731 
         173  1 0.0598 0.6932 0.0457 0.0734 0.0466 0.0456 0.0358 
         174  1 0.1677 0.1405 0.1449 0.1328 0.1336 0.1471 0.1334 
         175  1 0.0783 0.1803 0.2273 0.1036 0.0887 0.2499 0.0720 
         176  1 0.0541 0.0755 0.1416 0.2078 0.1649 0.1400 0.2161 
         177  1 0.0842 0.1704 0.1813 0.1279 0.1563 0.1766 0.1034 
         178  1 0.0729 0.4994 0.0928 0.0834 0.0975 0.0897 0.0643 
         179  1 0.3431 0.1392 0.1294 0.0941 0.0773 0.1411 0.0758 
         180  1 0.0766 0.0923 0.1159 0.2995 0.1385 0.1587 0.1185 
         181  1 0.0849 0.1124 0.1520 0.2656 0.1317 0.1906 0.0628 
         182  1 0.5982 0.0388 0.0619 0.0510 0.0499 0.0669 0.1334 
         183  1 0.0707 0.0798 0.0475 0.0573 0.0482 0.0468 0.6498 
         184  1 0.2010 0.1059 0.1434 0.1700 0.1296 0.1523 0.0978 
         185  1 0.0696 0.0632 0.1392 0.1600 0.0820 0.1832 0.3028 
         186  1 0.0676 0.2556 0.1246 0.1819 0.1477 0.1300 0.0927 
         187  1 0.0457 0.0688 0.2355 0.1658 0.2057 0.2383 0.0403 
         188  1 0.0603 0.0774 0.0404 0.0467 0.0456 0.0413 0.6883 
         189  1 0.1112 0.0706 0.1563 0.1322 0.2187 0.1293 0.1816 
         190  1 0.0997 0.2309 0.1166 0.1728 0.1845 0.1057 0.0898 
         191  1 0.0648 0.6378 0.0648 0.0688 0.0593 0.0629 0.0416 
         192  1 0.0553 0.0918 0.1981 0.0712 0.0715 0.2165 0.2957 
         193  1 0.1616 0.1219 0.1158 0.1232 0.1464 0.1084 0.2227 
         194  1 0.0573 0.0567 0.1550 0.2528 0.2640 0.1520 0.0623 
         195  1 0.5263 0.0963 0.0850 0.0897 0.0625 0.0917 0.0486 
         196  1 0.0448 0.0628 0.1355 0.3398 0.1386 0.1927 0.0858 
         197  1 0.1121 0.1252 0.1519 0.1991 0.2373 0.1156 0.0588 
         198  1 0.1376 0.4633 0.0820 0.0753 0.1136 0.0713 0.0568 
         199  1 0.0610 0.0519 0.3374 0.0601 0.0586 0.3842 0.0467 
         200  1 0.6346 0.0874 0.0611 0.0611 0.0600 0.0651 0.0307 
         201  1 0.0366 0.1806 0.0939 0.2121 0.1146 0.1195 0.2427 
         202  1 0.0844 0.0533 0.2188 0.1081 0.3040 0.1453 0.0861 
         203  1 0.0537 0.0751 0.1748 0.2350 0.2309 0.1686 0.0619 
         204  1 0.1698 0.1847 0.1561 0.1507 0.1310 0.1563 0.0514 
         205  1 0.0369 0.0389 0.3546 0.0547 0.0951 0.3742 0.0457 
         206  1 0.0567 0.0748 0.1941 0.1509 0.3345 0.1320 0.0569 
         207  1 0.3381 0.0698 0.1262 0.1903 0.0983 0.1370 0.0404 
         208  1 0.6505 0.0673 0.0608 0.0665 0.0475 0.0673 0.0401 
         209  1 0.0690 0.3924 0.0902 0.0852 0.1369 0.0682 0.1580 
         210  1 0.0540 0.0965 0.1743 0.2160 0.2094 0.1341 0.1157 
         211  1 0.0521 0.6100 0.0647 0.0635 0.0972 0.0534 0.0591 
         212  1 0.0972 0.6278 0.0548 0.0585 0.0452 0.0601 0.0564 
         213  1 0.0867 0.0483 0.1389 0.1357 0.2805 0.0889 0.2211 
         214  1 0.0351 0.0526 0.1801 0.2660 0.2654 0.1520 0.0488 
         215  1 0.5926 0.0502 0.0709 0.0960 0.0675 0.0785 0.0442 
         216  1 0.5521 0.0727 0.0686 0.0979 0.0843 0.0673 0.0571 
         217  1 0.0449 0.0783 0.2632 0.1433 0.1269 0.2790 0.0644 
         218  1 0.1239 0.0396 0.2932 0.0776 0.0830 0.3266 0.0561 
         219  1 0.0455 0.6292 0.0500 0.1076 0.0465 0.0697 0.0515 
         220  1 0.0724 0.3923 0.1291 0.1036 0.0855 0.1572 0.0599 
         221  1 0.0466 0.0793 0.1703 0.2476 0.2511 0.1500 0.0550 
         222  1 0.0518 0.2504 0.1129 0.2293 0.0929 0.1786 0.0842 
         223  1 0.0594 0.0895 0.1592 0.1794 0.3532 0.0958 0.0636 
         224  1 0.1072 0.2255 0.1285 0.1541 0.1537 0.1232 0.1079 
         225  1 0.0638 0.1999 0.1198 0.1336 0.1609 0.1105 0.2115 
         226  1 0.1449 0.2193 0.1093 0.1418 0.1123 0.1203 0.1521 
         227  1 0.0345 0.0370 0.3578 0.0627 0.1192 0.3606 0.0282 
         228  1 0.1651 0.0727 0.2282 0.1186 0.1176 0.2517 0.0461 
         229  1 0.1365 0.0827 0.0948 0.1066 0.0807 0.1061 0.3927 
         230  1 0.2775 0.0866 0.1668 0.1210 0.0880 0.2049 0.0551 
         231  1 0.6840 0.0912 0.0408 0.0581 0.0456 0.0415 0.0388 
         232  1 0.3519 0.0739 0.1916 0.0562 0.0541 0.2111 0.0612 
         233  1 0.0674 0.5628 0.0697 0.1003 0.0664 0.0840 0.0494 
         234  1 0.4910 0.0841 0.0767 0.0910 0.0862 0.0773 0.0938 
         235  1 0.0651 0.0459 0.1553 0.2782 0.1893 0.1686 0.0976 
         236  1 0.0502 0.1450 0.1435 0.2432 0.2016 0.1511 0.0653 
         237  1 0.3921 0.0684 0.1196 0.0981 0.0797 0.1345 0.1075 
         238  1 0.0394 0.0793 0.1483 0.2596 0.2488 0.1603 0.0643 
         239  1 0.0605 0.0491 0.1669 0.0492 0.0626 0.1727 0.4391 
         240  1 0.0639 0.0383 0.1675 0.2816 0.1429 0.1829 0.1228 
         241  1 0.0744 0.1755 0.1277 0.2616 0.1453 0.1522 0.0633 
         242  1 0.0583 0.1187 0.0763 0.0816 0.0849 0.0718 0.5084 
         243  1 0.3767 0.0565 0.1202 0.1285 0.1621 0.1002 0.0558 
         244  1 0.0543 0.0379 0.2728 0.1567 0.1323 0.3141 0.0319 
         245  1 0.3774 0.0845 0.0494 0.1071 0.0594 0.0672 0.2550 
         246  1 0.3237 0.0832 0.1762 0.0916 0.0623 0.2019 0.0610 
         247  1 0.0743 0.0548 0.0945 0.1750 0.1003 0.1029 0.3984 
         248  1 0.0740 0.1305 0.1392 0.2266 0.1559 0.1514 0.1225 
         249  1 0.6811 0.0371 0.0573 0.0657 0.0582 0.0530 0.0476 
         250  1 0.0594 0.4064 0.0924 0.1403 0.1146 0.1045 0.0824 
         251  1 0.5995 0.0806 0.0524 0.0398 0.0384 0.0562 0.1331 
         252  1 0.0943 0.0672 0.1485 0.1995 0.2506 0.1216 0.1184 
         253  1 0.0329 0.0502 0.3005 0.1057 0.1688 0.3008 0.0411 
         254  1 0.0372 0.2364 0.1206 0.1921 0.1545 0.1312 0.1280 
         255  1 0.3211 0.0792 0.1774 0.0945 0.0755 0.2058 0.0465 
         256  1 0.0420 0.0666 0.1857 0.1712 0.3910 0.1079 0.0355 
         257  1 0.0691 0.3202 0.0722 0.0991 0.0754 0.0764 0.2876 
         258  1 0.0555 0.0445 0.0739 0.1344 0.0837 0.0806 0.5274 
         259  1 0.0563 0.0656 0.0530 0.0844 0.0501 0.0604 0.6302 
         260  1 0.0488 0.1687 0.1444 0.2490 0.1926 0.1470 0.0497 
         261  1 0.0408 0.1516 0.2678 0.1114 0.1065 0.2772 0.0446 
         262  1 0.0531 0.0624 0.2360 0.1590 0.1443 0.2527 0.0925 
         263  1 0.0592 0.1422 0.1445 0.2372 0.2019 0.1412 0.0738 
         264  1 0.0558 0.0323 0.2994 0.0905 0.2128 0.2695 0.0398 
         265  1 0.0939 0.0853 0.1924 0.1025 0.0836 0.2149 0.2274 
         266  1 0.1119 0.0923 0.1365 0.2458 0.1613 0.1522 0.1000 
         267  1 0.0782 0.6037 0.0570 0.0706 0.0678 0.0555 0.0672 
         268  1 0.5583 0.0625 0.0741 0.0762 0.1001 0.0679 0.0609 
         269  1 0.1017 0.2307 0.1068 0.1672 0.1231 0.1197 0.1508 
         270  1 0.0787 0.0763 0.1233 0.2510 0.1485 0.1453 0.1770 
         271  1 0.1374 0.0552 0.2074 0.1346 0.2878 0.1447 0.0329 
         272  1 0.0868 0.0606 0.2373 0.1304 0.1622 0.2448 0.0778 
         273  1 0.6309 0.0537 0.0561 0.0564 0.0568 0.0605 0.0855 
         274  1 0.0706 0.1133 0.1204 0.1584 0.1541 0.1064 0.2769 
         275  1 0.0870 0.3735 0.1084 0.1211 0.1397 0.0970 0.0733 
         276  1 0.0863 0.1489 0.1277 0.2360 0.1460 0.1428 0.1123 
         277  1 0.0543 0.0461 0.1846 0.1368 0.4254 0.0823 0.0705 
         278  1 0.1946 0.2790 0.1012 0.1233 0.1045 0.1076 0.0899 
         279  1 0.0322 0.0391 0.1636 0.2034 0.2244 0.1530 0.1844 
         280  1 0.0581 0.1899 0.1443 0.1821 0.1745 0.1527 0.0984 
         281  1 0.6656 0.0467 0.0444 0.0500 0.0474 0.0438 0.1020 
         282  1 0.0403 0.0400 0.1956 0.1358 0.4399 0.0998 0.0487 
         283  1 0.1234 0.0743 0.2432 0.1073 0.0657 0.2985 0.0877 
         284  1 0.2471 0.1262 0.1272 0.1364 0.0952 0.1428 0.1252 
         285  1 0.1533 0.1673 0.1276 0.1360 0.1648 0.0996 0.1513 
         286  1 0.0495 0.0565 0.1352 0.1285 0.2287 0.0880 0.3136 
         287  1 0.0834 0.1001 0.2107 0.1718 0.2300 0.1647 0.0394 
         288  1 0.0601 0.1368 0.1537 0.1719 0.2502 0.1347 0.0925 
         289  1 0.2322 0.0869 0.1504 0.1940 0.1372 0.1415 0.0578 
         290  1 0.0503 0.0715 0.2298 0.1850 0.2364 0.1797 0.0472 
         291  1 0.0463 0.0346 0.1987 0.1698 0.3887 0.1159 0.0459 
         292  1 0.2475 0.1136 0.2193 0.0631 0.0472 0.2581 0.0512 
         293  1 0.0442 0.5932 0.0494 0.0926 0.0540 0.0605 0.1061 
         294  1 0.0552 0.0466 0.1723 0.1705 0.3653 0.1103 0.0797 
         295  1 0.0497 0.0692 0.3249 0.0533 0.0753 0.3603 0.0675 
         296  1 0.1003 0.0541 0.1925 0.1525 0.3002 0.1436 0.0567 
         297  1 0.0533 0.0567 0.3011 0.1106 0.0520 0.3681 0.0583 
         298  1 0.0578 0.3109 0.0493 0.0933 0.0605 0.0580 0.3702 
         299  1 0.0574 0.0615 0.1225 0.2779 0.1298 0.1384 0.2124 
         300  1 0.0496 0.0888 0.0552 0.1395 0.0610 0.0738 0.5321 
         301  1 0.0503 0.1066 0.1648 0.1421 0.1344 0.1704 0.2313 
         302  1 0.0494 0.0601 0.0861 0.1516 0.1235 0.0861 0.4432 
         303  1 0.0553 0.0470 0.1909 0.2739 0.2093 0.1743 0.0493 
         304  1 0.0413 0.3597 0.0797 0.1430 0.0875 0.0980 0.1909 
         305  1 0.1146 0.1495 0.1345 0.1547 0.1446 0.1249 0.1773 
         306  1 0.0516 0.3759 0.0923 0.2025 0.1144 0.1182 0.0451 
         307  1 0.1024 0.0574 0.1395 0.2637 0.2443 0.1331 0.0596 
         308  1 0.1260 0.0787 0.1069 0.1321 0.1428 0.1002 0.3134 
         309  1 0.1034 0.1855 0.1082 0.2418 0.1187 0.1329 0.1095 
         310  1 0.0565 0.5743 0.0611 0.0681 0.0518 0.0648 0.1233 
         311  1 0.0345 0.6386 0.0578 0.0632 0.0572 0.0610 0.0877 
         312  1 0.0313 0.0866 0.0686 0.1051 0.0800 0.0736 0.5549 
         313  1 0.0644 0.0420 0.3075 0.0515 0.0884 0.3102 0.1361 
         314  1 0.0694 0.1167 0.0920 0.0771 0.0657 0.0994 0.4797 
         315  1 0.0358 0.1312 0.0621 0.0751 0.0843 0.0599 0.5515 
         316  1 0.1466 0.4993 0.0769 0.0590 0.0528 0.0888 0.0765 
         317  1 0.2599 0.3797 0.0574 0.0812 0.0903 0.0608 0.0708 
         318  1 0.0538 0.0496 0.1190 0.1531 0.1359 0.1147 0.3739 
         319  1 0.3746 0.3698 0.0454 0.0602 0.0492 0.0469 0.0539 
         320  1 0.0427 0.0361 0.0629 0.0608 0.0983 0.0485 0.6507 
         321  1 0.1000 0.0779 0.2464 0.1225 0.0889 0.2721 0.0922 
         322  1 0.0408 0.1803 0.1388 0.2525 0.1781 0.1533 0.0562 
         323  1 0.0503 0.1580 0.1416 0.1873 0.2625 0.1133 0.0870 
         324  1 0.0577 0.1432 0.0639 0.0726 0.0586 0.0623 0.5417 
         325  1 0.4271 0.2673 0.0507 0.0581 0.0725 0.0481 0.0762 
         326  1 0.0598 0.2089 0.1382 0.1456 0.2514 0.1086 0.0874 
         327  1 0.0496 0.4773 0.1403 0.0615 0.0917 0.1365 0.0432 
         328  1 0.0426 0.0699 0.1433 0.2214 0.3105 0.1007 0.1116 
         329  1 0.0508 0.0537 0.1547 0.2181 0.3163 0.1232 0.0833 
         330  1 0.0423 0.0776 0.1618 0.1868 0.3005 0.1290 0.1019 
         331  1 0.1582 0.0956 0.1655 0.2173 0.1299 0.1709 0.0625 
         332  1 0.0575 0.0597 0.2002 0.1694 0.3378 0.1346 0.0409 
         333  1 0.1210 0.0659 0.1385 0.1007 0.0591 0.1612 0.3536 
         334  1 0.0400 0.7387 0.0451 0.0431 0.0414 0.0467 0.0450 
         335  1 0.5397 0.0480 0.0686 0.1040 0.0695 0.0690 0.1012 
         336  1 0.0644 0.2083 0.1462 0.1952 0.1690 0.1578 0.0591 
         337  1 0.0657 0.0534 0.1087 0.0983 0.1133 0.0961 0.4645 
         338  1 0.0657 0.1155 0.1414 0.2377 0.2647 0.1267 0.0484 
         339  1 0.6628 0.0552 0.0559 0.0560 0.0603 0.0487 0.0611 
         340  1 0.0559 0.1496 0.1840 0.1393 0.2407 0.1524 0.0782 
         341  1 0.0424 0.0603 0.1650 0.1527 0.3909 0.0883 0.1003 
         342  1 0.0529 0.0442 0.3275 0.0811 0.0701 0.3813 0.0429 
         343  1 0.1231 0.0627 0.0555 0.0474 0.0507 0.0529 0.6076 
         344  1 0.1780 0.0442 0.1225 0.2791 0.1727 0.1360 0.0676 
         345  1 0.6767 0.0487 0.0544 0.0531 0.0587 0.0525 0.0559 
         346  1 0.0547 0.0466 0.0695 0.0610 0.0501 0.0782 0.6399 
         347  1 0.3301 0.1122 0.0821 0.2072 0.1015 0.1280 0.0389 
         348  1 0.1692 0.2693 0.1273 0.1294 0.0880 0.1552 0.0616 
         349  1 0.4100 0.0937 0.1063 0.1079 0.0579 0.1355 0.0888 
         350  1 0.0401 0.4741 0.0822 0.0774 0.1112 0.0792 0.1358 
         351  1 0.0791 0.1974 0.1332 0.1870 0.2077 0.1136 0.0820 
         352  1 0.0779 0.1091 0.1794 0.2166 0.2139 0.1676 0.0355 
         353  1 0.0495 0.6771 0.0622 0.0497 0.0467 0.0670 0.0479 
         354  1 0.1073 0.1840 0.1884 0.1298 0.0797 0.2216 0.0891 
         355  1 0.0496 0.5297 0.0911 0.1102 0.0947 0.0939 0.0307 
         356  1 0.0322 0.0421 0.0550 0.0490 0.0550 0.0529 0.7139 
         357  1 0.0534 0.0560 0.3248 0.0652 0.1073 0.3473 0.0460 
         358  1 0.0649 0.2012 0.1209 0.1854 0.1304 0.1457 0.1515 
         359  1 0.0631 0.0603 0.1144 0.1295 0.1165 0.1168 0.3994 
         360  1 0.0466 0.1549 0.2487 0.1109 0.1230 0.2713 0.0447 
         361  1 0.0438 0.1016 0.1411 0.1880 0.1619 0.1517 0.2119 
         362  1 0.0939 0.0514 0.1748 0.2460 0.1795 0.1716 0.0829 
         363  1 0.0471 0.0780 0.1715 0.2736 0.2531 0.1444 0.0324 
         364  1 0.0571 0.1478 0.1518 0.2464 0.0985 0.2266 0.0717 
         365  1 0.4028 0.0459 0.0834 0.1592 0.1164 0.0843 0.1080 
         366  1 0.0552 0.1516 0.1156 0.1460 0.1396 0.1095 0.2825 
         367  1 0.0559 0.3155 0.1058 0.2092 0.1280 0.1373 0.0482 
         368  1 0.2505 0.0833 0.1224 0.2332 0.1495 0.1297 0.0314 
         369  1 0.0595 0.0433 0.2547 0.1601 0.1900 0.2298 0.0626 
         370  1 0.1024 0.3572 0.0953 0.1238 0.1265 0.0948 0.1000 
         371  1 0.1077 0.0619 0.2489 0.1366 0.1319 0.2544 0.0585 
         372  1 0.0851 0.0766 0.2693 0.1404 0.0994 0.2922 0.0370 
         373  1 0.0654 0.0865 0.1294 0.0968 0.2272 0.0768 0.3178 
         374  1 0.1321 0.0808 0.1094 0.1663 0.1150 0.1252 0.2713 
         375  1 0.0469 0.0333 0.3525 0.0770 0.0569 0.3954 0.0381 
         376  1 0.5043 0.0643 0.0893 0.0834 0.1262 0.0699 0.0627 
         377  1 0.0557 0.0388 0.0627 0.0701 0.0804 0.0531 0.6391 
         378  1 0.0806 0.0387 0.0831 0.0597 0.0684 0.0796 0.5899 
         379  1 0.0844 0.5639 0.0802 0.0817 0.0600 0.0947 0.0350 
         380  1 0.1024 0.2213 0.1568 0.1486 0.0850 0.1889 0.0971 
         381  1 0.0710 0.0644 0.1794 0.2236 0.1854 0.1718 0.1044 
         382  1 0.0647 0.0585 0.3304 0.0578 0.0554 0.3901 0.0431 
         383  1 0.1246 0.0440 0.1477 0.2225 0.3108 0.1115 0.0387 
         384  1 0.0947 0.0441 0.1294 0.1263 0.1223 0.1226 0.3605 
         385  1 0.4774 0.0373 0.0596 0.0912 0.0620 0.0708 0.2017 
         386  1 0.1848 0.0478 0.1574 0.1830 0.2528 0.1151 0.0591 
         387  1 0.0365 0.0789 0.1742 0.1967 0.3539 0.1210 0.0387 
         388  1 0.0715 0.0672 0.2741 0.1029 0.1070 0.2811 0.0962 
         389  1 0.3935 0.0732 0.1555 0.0844 0.0568 0.1806 0.0560 
         390  1 0.0826 0.0472 0.2623 0.1543 0.1134 0.2885 0.0518 
         391  1 0.1966 0.0765 0.1829 0.1337 0.2070 0.1402 0.0632 
         392  1 0.0578 0.1322 0.1622 0.1920 0.1734 0.1481 0.1344 
         393  1 0.1471 0.1412 0.1455 0.1317 0.1400 0.1470 0.1475 
         394  1 0.4576 0.1370 0.0831 0.1059 0.0985 0.0724 0.0454 
         395  1 0.0525 0.0549 0.1747 0.3273 0.1543 0.1915 0.0449 
         396  1 0.0574 0.0570 0.2569 0.0604 0.0549 0.2925 0.2209 
         397  1 0.0533 0.0496 0.1899 0.1583 0.3253 0.1136 0.1099 
         398  1 0.0463 0.0519 0.1494 0.2077 0.1829 0.1482 0.2135 
         399  1 0.0487 0.0825 0.2489 0.1742 0.0887 0.3108 0.0463 
         400  1 0.0987 0.0916 0.1652 0.1694 0.2711 0.1164 0.0876 
         401  1 0.0473 0.0468 0.1742 0.2059 0.3344 0.1291 0.0625 
         402  1 0.5662 0.0522 0.0804 0.0654 0.1086 0.0694 0.0577 
         403  1 0.0651 0.1328 0.1124 0.1387 0.2066 0.0898 0.2546 
         404  1 0.2183 0.0796 0.1293 0.2359 0.1368 0.1319 0.0681 
         405  1 0.4169 0.0457 0.1124 0.1086 0.0628 0.1312 0.1224 
         406  1 0.0781 0.0461 0.3211 0.0682 0.0700 0.3473 0.0692 
         407  1 0.0866 0.1370 0.2145 0.1588 0.1438 0.2146 0.0446 
         408  1 0.0860 0.1843 0.0798 0.1572 0.0966 0.1067 0.2894 
         409  1 0.2611 0.1392 0.1320 0.1562 0.1266 0.1318 0.0532 
         410  1 0.0405 0.0555 0.2177 0.1985 0.2883 0.1501 0.0494 
         411  1 0.0808 0.0632 0.1450 0.1318 0.2971 0.0846 0.1976 
         412  1 0.0648 0.2645 0.0977 0.2430 0.0857 0.1625 0.0818 
         413  1 0.4009 0.1209 0.0873 0.1065 0.0843 0.0947 0.1054 
         414  1 0.2162 0.1519 0.1203 0.1480 0.1257 0.1242 0.1137 
         415  1 0.0753 0.0412 0.0578 0.0547 0.0818 0.0502 0.6391 
         416  1 0.7053 0.0577 0.0524 0.0489 0.0429 0.0540 0.0388 
         417  1 0.0722 0.0920 0.1770 0.1748 0.2522 0.1435 0.0882 
         418  1 0.1705 0.2173 0.1217 0.1692 0.1411 0.1275 0.0528 
         419  1 0.0855 0.0913 0.2378 0.1215 0.0763 0.2793 0.1083 
         420  1 0.0574 0.0641 0.1871 0.1976 0.2458 0.1613 0.0867 
         421  1 0.2912 0.0525 0.1163 0.1940 0.1159 0.1385 0.0916 
         422  1 0.1317 0.1587 0.0872 0.2072 0.1173 0.1188 0.1791 
         423  1 0.0446 0.0362 0.1627 0.3540 0.1978 0.1773 0.0275 
         424  1 0.0674 0.0392 0.0650 0.0725 0.0736 0.0588 0.6236 
         425  1 0.0630 0.0652 0.1897 0.1700 0.2102 0.1675 0.1343 
         426  1 0.4178 0.0764 0.0975 0.1113 0.1332 0.0870 0.0768 
         427  1 0.1029 0.3263 0.1250 0.1382 0.1344 0.1346 0.0386 
         428  1 0.0528 0.1323 0.1758 0.1394 0.3297 0.1084 0.0617 
         429  1 0.0750 0.0544 0.1706 0.2485 0.2627 0.1407 0.0482 
         430  1 0.0353 0.1514 0.0981 0.1177 0.1142 0.0921 0.3912 
         431  1 0.0726 0.0653 0.1545 0.3296 0.1542 0.1511 0.0726 
         432  1 0.2240 0.4682 0.0579 0.0742 0.0686 0.0583 0.0488 
         433  1 0.0671 0.0734 0.3116 0.0562 0.0654 0.3511 0.0753 
         434  1 0.3492 0.0678 0.0745 0.0693 0.0679 0.0765 0.2947 
         435  1 0.0531 0.1771 0.1783 0.2233 0.1282 0.2014 0.0384 
         436  1 0.1116 0.1369 0.2386 0.0932 0.0794 0.2739 0.0664 
         437  1 0.0497 0.0696 0.0874 0.0732 0.1094 0.0820 0.5287 
         438  1 0.0672 0.5237 0.0671 0.0948 0.0788 0.0725 0.0959 
         439  1 0.0583 0.0484 0.1820 0.2460 0.2120 0.2004 0.0529 
         440  1 0.0536 0.0782 0.0553 0.0716 0.0646 0.0540 0.6228 
         441  1 0.5810 0.0484 0.0864 0.0766 0.0467 0.1073 0.0535 
         442  1 0.0418 0.1675 0.2425 0.1191 0.0868 0.2733 0.0689 
         443  1 0.0528 0.0406 0.3247 0.0792 0.0655 0.3953 0.0419 
         444  1 0.0644 0.0498 0.1844 0.1612 0.3808 0.1085 0.0509 
         445  1 0.0500 0.0698 0.1767 0.2990 0.1460 0.2232 0.0354 
         446  1 0.6414 0.0867 0.0557 0.0646 0.0587 0.0582 0.0347 
         447  1 0.0407 0.0873 0.2026 0.1805 0.2337 0.1983 0.0570 
         448  1 0.0766 0.2015 0.1243 0.1884 0.1455 0.1245 0.1391 
         449  1 0.0735 0.0446 0.0614 0.0592 0.0473 0.0653 0.6488 
         450  1 0.6101 0.0892 0.0699 0.0456 0.0527 0.0731 0.0594 
         451  1 0.6224 0.0708 0.0580 0.0608 0.0579 0.0609 0.0693 
         452  1 0.0409 0.0553 0.3538 0.0567 0.0711 0.3854 0.0367 
         453  1 0.0636 0.6603 0.0552 0.0491 0.0514 0.0569 0.0635 
         454  1 0.1386 0.2953 0.1245 0.1430 0.1146 0.1222 0.0618 
         455  1 0.0514 0.2313 0.1499 0.1544 0.2660 0.1056 0.0414 
         456  1 0.5947 0.0963 0.0628 0.0646 0.0587 0.0614 0.0614 
         457  1 0.0731 0.0623 0.0629 0.0724 0.0747 0.0544 0.6001 
         458  1 0.0429 0.0356 0.1800 0.1379 0.4351 0.0797 0.0889 
         459  1 0.4573 0.1873 0.0806 0.0657 0.0453 0.1013 0.0626 
         460  1 0.0410 0.0540 0.2060 0.1185 0.4293 0.1084 0.0426 
         461  1 0.0662 0.0711 0.0653 0.0558 0.0552 0.0689 0.6176 
         462  1 0.0755 0.6199 0.0674 0.0475 0.0609 0.0711 0.0577 
         463  1 0.3888 0.0818 0.0793 0.1453 0.0745 0.0909 0.1394 
         464  1 0.0716 0.0693 0.1944 0.1325 0.3259 0.1336 0.0727 
         465  1 0.5361 0.0462 0.0555 0.0745 0.0704 0.0547 0.1627 
         466  1 0.0955 0.1133 0.1876 0.1772 0.2355 0.1428 0.0480 
         467  1 0.0606 0.0588 0.3391 0.0628 0.0740 0.3699 0.0347 
         468  1 0.1494 0.0441 0.1462 0.2760 0.1912 0.1490 0.0441 
         469  1 0.0435 0.0321 0.3404 0.0749 0.1204 0.3605 0.0282 
         470  1 0.1509 0.1656 0.1198 0.2218 0.1396 0.1341 0.0682 
         471  1 0.0797 0.0555 0.1776 0.2294 0.1861 0.2013 0.0704 
         472  1 0.1135 0.1002 0.1410 0.1759 0.2573 0.1145 0.0976 
         473  1 0.1151 0.0670 0.1510 0.2020 0.2789 0.1065 0.0794 
         474  1 0.0838 0.0408 0.2146 0.2133 0.2326 0.1689 0.0461 
         475  1 0.0353 0.0331 0.1399 0.3875 0.1351 0.1969 0.0722 
         476  1 0.4493 0.1135 0.0704 0.1229 0.1049 0.0757 0.0633 
         477  1 0.0573 0.0458 0.1546 0.2822 0.2545 0.1454 0.0602 
         478  1 0.0469 0.0536 0.0537 0.0574 0.0566 0.0529 0.6788 
         479  1 0.0784 0.0683 0.1970 0.1789 0.2674 0.1523 0.0576 
         480  1 0.0430 0.0551 0.3433 0.0575 0.0706 0.3793 0.0512 
         481  1 0.0951 0.1341 0.1493 0.1620 0.1366 0.1403 0.1826 
         482  1 0.0716 0.0692 0.0712 0.0729 0.0602 0.0731 0.5817 
         483  1 0.0764 0.2113 0.1481 0.1586 0.1945 0.1292 0.0819 
         484  1 0.0393 0.0441 0.2264 0.1622 0.2795 0.1574 0.0912 
         485  1 0.0470 0.0334 0.3378 0.0881 0.0871 0.3631 0.0436 
         486  1 0.6978 0.0486 0.0628 0.0389 0.0389 0.0722 0.0407 
         487  1 0.0897 0.0751 0.2689 0.1215 0.1194 0.2641 0.0614 
         488  1 0.0547 0.0374 0.2063 0.2414 0.3034 0.1259 0.0308 
         489  1 0.1003 0.1344 0.1310 0.2298 0.1387 0.1425 0.1233 
         490  1 0.1546 0.0644 0.1802 0.2165 0.1720 0.1599 0.0524 
         491  1 0.0665 0.0588 0.3105 0.0798 0.0654 0.3744 0.0445 
         492  1 0.0374 0.0346 0.3261 0.0958 0.0820 0.3720 0.0521 
