           1  1 0.6479 0.0979 0.0875 0.0566 0.1102 
           2  1 0.1072 0.6844 0.0789 0.0593 0.0703 
           3  1 0.0652 0.1440 0.0611 0.5041 0.2256 
           4  1 0.7345 0.0384 0.0867 0.0729 0.0675 
           5  1 0.7868 0.0459 0.0361 0.0551 0.0760 
           6  1 0.0813 0.1675 0.0860 0.4152 0.2500 
           7  1 0.0671 0.4167 0.0947 0.2017 0.2197 
           8  1 0.7921 0.0396 0.0638 0.0497 0.0548 
           9  1 0.0511 0.0847 0.0404 0.5210 0.3028 
          10  1 0.7392 0.0434 0.0445 0.0749 0.0980 
          11  1 0.0412 0.0631 0.6532 0.1559 0.0865 
          12  1 0.3060 0.4691 0.0717 0.0711 0.0820 
          13  1 0.2973 0.1388 0.2933 0.1196 0.1510 
          14  1 0.2666 0.0723 0.0994 0.3634 0.1983 
          15  1 0.0601 0.1494 0.1483 0.2603 0.3819 
          16  1 0.3769 0.0789 0.2951 0.1241 0.1250 
          17  1 0.0678 0.2539 0.4654 0.1238 0.0892 
          18  1 0.6321 0.1311 0.0787 0.0723 0.0858 
          19  1 0.1063 0.1804 0.1186 0.2930 0.3017 
          20  1 0.4199 0.0702 0.0633 0.2375 0.2091 
          21  1 0.5093 0.0705 0.1606 0.1252 0.1344 
          22  1 0.1065 0.0432 0.1510 0.2310 0.4683 
          23  1 0.0380 0.7526 0.0781 0.0662 0.0651 
          24  1 0.0410 0.2571 0.0644 0.2970 0.3406 
          25  1 0.0881 0.0430 0.6000 0.1457 0.1232 
          26  1 0.0741 0.6116 0.0476 0.1309 0.1358 
          27  1 0.4348 0.0501 0.1981 0.1163 0.2007 
          28  1 0.0485 0.0950 0.2828 0.2155 0.3582 
          29  1 0.1117 0.1428 0.0479 0.4502 0.2474 
          30  1 0.0892 0.1106 0.1552 0.1719 0.4731 
          31  1 0.0802 0.3191 0.2490 0.1694 0.1822 
          32  1 0.0626 0.0785 0.1086 0.2050 0.5452 
          33  1 0.0519 0.1666 0.3532 0.2082 0.2201 
          34  1 0.1044 0.2359 0.2370 0.1506 0.2721 
          35  1 0.5963 0.1280 0.0460 0.1021 0.1277 
          36  1 0.0593 0.1542 0.0747 0.3375 0.3743 
          37  1 0.0972 0.1863 0.4173 0.1928 0.1064 
          38  1 0.0413 0.1833 0.0479 0.1709 0.5565 
          39  1 0.3639 0.0500 0.1202 0.2456 0.2204 
          40  1 0.0554 0.0800 0.7195 0.0657 0.0794 
          41  1 0.1412 0.1200 0.0661 0.3222 0.3503 
          42  1 0.0513 0.1824 0.4095 0.2205 0.1363 
          43  1 0.0221 0.8690 0.0291 0.0409 0.0389 
          44  1 0.0330 0.6927 0.0766 0.1054 0.0923 
          45  1 0.7485 0.0487 0.0659 0.0801 0.0568 
          46  1 0.0375 0.7698 0.0747 0.0627 0.0553 
          47  1 0.7060 0.0666 0.0520 0.0879 0.0874 
          48  1 0.0469 0.1234 0.0859 0.4105 0.3332 
          49  1 0.1446 0.2271 0.1344 0.1618 0.3321 
          50  1 0.4579 0.0626 0.1537 0.1321 0.1938 
          51  1 0.1616 0.0856 0.2809 0.2221 0.2497 
          52  1 0.0751 0.0866 0.6322 0.0891 0.1171 
          53  1 0.0868 0.0534 0.1235 0.2850 0.4514 
          54  1 0.4722 0.1557 0.1311 0.1097 0.1313 
          55  1 0.1185 0.1571 0.4707 0.1483 0.1055 
          56  1 0.0542 0.3017 0.1252 0.2242 0.2946 
          57  1 0.0640 0.4735 0.0528 0.2066 0.2031 
          58  1 0.0435 0.2148 0.0544 0.4428 0.2444 
          59  1 0.0554 0.0715 0.0664 0.4528 0.3540 
          60  1 0.1108 0.2200 0.0876 0.3195 0.2621 
          61  1 0.0651 0.0315 0.7033 0.1430 0.0571 
          62  1 0.0368 0.1758 0.0548 0.5046 0.2280 
          63  1 0.5702 0.0453 0.1378 0.1059 0.1407 
          64  1 0.1504 0.0724 0.1762 0.2591 0.3419 
          65  1 0.0427 0.1016 0.3132 0.2027 0.3398 
          66  1 0.4252 0.0756 0.1119 0.1172 0.2701 
          67  1 0.0576 0.6845 0.0831 0.0922 0.0826 
          68  1 0.0567 0.1879 0.0720 0.4405 0.2429 
          69  1 0.8263 0.0229 0.0543 0.0430 0.0534 
          70  1 0.0269 0.5930 0.0281 0.2205 0.1314 
          71  1 0.1172 0.0655 0.0557 0.4235 0.3382 
          72  1 0.1096 0.2066 0.0504 0.3352 0.2982 
          73  1 0.7132 0.0973 0.0971 0.0448 0.0476 
          74  1 0.1893 0.0498 0.0661 0.2228 0.4720 
          75  1 0.0696 0.0409 0.6553 0.1528 0.0815 
          76  1 0.1189 0.4766 0.0938 0.1546 0.1560 
          77  1 0.0942 0.0769 0.0811 0.5154 0.2323 
          78  1 0.0571 0.1245 0.5488 0.1508 0.1187 
          79  1 0.1510 0.0544 0.6159 0.0999 0.0788 
          80  1 0.0405 0.1378 0.0573 0.4806 0.2838 
          81  1 0.2864 0.0396 0.1357 0.2066 0.3317 
          82  1 0.3191 0.1839 0.2089 0.1242 0.1639 
          83  1 0.1120 0.2252 0.0623 0.3472 0.2533 
          84  1 0.1894 0.1443 0.1223 0.3110 0.2329 
          85  1 0.6551 0.0761 0.0475 0.1132 0.1081 
          86  1 0.1211 0.3495 0.1280 0.2162 0.1851 
          87  1 0.1090 0.2320 0.1481 0.2371 0.2739 
          88  1 0.0785 0.1847 0.1516 0.3245 0.2606 
          89  1 0.0505 0.0509 0.7020 0.1413 0.0553 
          90  1 0.0508 0.7270 0.0783 0.0736 0.0704 
          91  1 0.1301 0.0318 0.4346 0.1346 0.2689 
          92  1 0.1027 0.6799 0.0485 0.0791 0.0898 
          93  1 0.0617 0.1050 0.1404 0.1768 0.5161 
          94  1 0.5037 0.0768 0.0642 0.1417 0.2136 
          95  1 0.0730 0.1802 0.0618 0.2506 0.4344 
          96  1 0.0480 0.0393 0.5573 0.2001 0.1553 
          97  1 0.0354 0.8171 0.0399 0.0598 0.0479 
          98  1 0.0718 0.0845 0.5083 0.1785 0.1568 
          99  1 0.0564 0.1527 0.2344 0.2740 0.2825 
         100  1 0.0644 0.0326 0.7752 0.0790 0.0487 
         101  1 0.0728 0.0909 0.0514 0.4782 0.3067 
         102  1 0.0847 0.0340 0.1476 0.2059 0.5277 
         103  1 0.0784 0.3097 0.0796 0.2811 0.2512 
         104  1 0.0635 0.0713 0.6900 0.1151 0.0601 
         105  1 0.0405 0.0524 0.8066 0.0493 0.0512 
         106  1 0.1099 0.1002 0.0502 0.1577 0.5821 
         107  1 0.7064 0.0884 0.0384 0.0524 0.1144 
         108  1 0.0624 0.0273 0.8316 0.0390 0.0397 
         109  1 0.0676 0.0994 0.5863 0.1522 0.0945 
         110  1 0.1450 0.5049 0.1692 0.1000 0.0809 
         111  1 0.0926 0.0807 0.5450 0.1307 0.1510 
         112  1 0.6051 0.0808 0.0936 0.1113 0.1092 
         113  1 0.0514 0.5808 0.1755 0.0994 0.0930 
         114  1 0.0616 0.4063 0.3596 0.0980 0.0745 
         115  1 0.6433 0.0315 0.0431 0.0678 0.2143 
         116  1 0.6169 0.0397 0.0544 0.0751 0.2139 
         117  1 0.0517 0.2367 0.0709 0.3466 0.2940 
         118  1 0.6255 0.0672 0.0952 0.0971 0.1150 
         119  1 0.0760 0.0482 0.4288 0.2504 0.1965 
         120  1 0.0831 0.1515 0.1540 0.2234 0.3880 
         121  1 0.0503 0.1143 0.0817 0.4442 0.3096 
         122  1 0.0675 0.4700 0.1142 0.1380 0.2103 
         123  1 0.0425 0.8070 0.0372 0.0542 0.0590 
         124  1 0.0448 0.3157 0.0676 0.3190 0.2529 
         125  1 0.1874 0.6397 0.0542 0.0557 0.0630 
         126  1 0.1355 0.0931 0.0676 0.4421 0.2617 
         127  1 0.1022 0.1105 0.1624 0.3202 0.3046 
         128  1 0.1320 0.0813 0.5675 0.0793 0.1399 
         129  1 0.0620 0.4713 0.1401 0.1477 0.1789 
         130  1 0.1539 0.0633 0.0563 0.3638 0.3626 
         131  1 0.0363 0.7562 0.0825 0.0589 0.0661 
         132  1 0.1322 0.0436 0.2269 0.2668 0.3305 
         133  1 0.0540 0.0398 0.7314 0.1296 0.0452 
         134  1 0.0563 0.1794 0.0846 0.2569 0.4228 
         135  1 0.0588 0.0454 0.0418 0.3850 0.4690 
         136  1 0.5439 0.1420 0.0872 0.0877 0.1392 
         137  1 0.1252 0.1268 0.1763 0.1893 0.3825 
         138  1 0.0512 0.1621 0.5945 0.0800 0.1122 
         139  1 0.7190 0.0960 0.0651 0.0549 0.0650 
         140  1 0.0507 0.1204 0.0539 0.4219 0.3531 
         141  1 0.1342 0.0890 0.1331 0.3266 0.3171 
         142  1 0.0967 0.0644 0.3775 0.1981 0.2633 
         143  1 0.1587 0.0659 0.1709 0.3652 0.2393 
         144  1 0.0918 0.0336 0.0955 0.4695 0.3095 
         145  1 0.0880 0.5947 0.0667 0.1168 0.1337 
         146  1 0.0900 0.0685 0.0660 0.4413 0.3341 
         147  1 0.1034 0.5719 0.1217 0.0947 0.1083 
         148  1 0.0485 0.1199 0.0779 0.5063 0.2474 
         149  1 0.0619 0.2001 0.4943 0.1425 0.1013 
         150  1 0.0694 0.0544 0.3013 0.2856 0.2894 
         151  1 0.0832 0.0497 0.6862 0.1287 0.0522 
         152  1 0.0515 0.1685 0.0447 0.3907 0.3445 
         153  1 0.1758 0.0361 0.6592 0.0639 0.0650 
         154  1 0.0671 0.1002 0.1329 0.2490 0.4507 
         155  1 0.0664 0.0859 0.1019 0.3890 0.3567 
         156  1 0.1840 0.0427 0.1699 0.3674 0.2361 
         157  1 0.1030 0.6076 0.1165 0.0957 0.0772 
         158  1 0.1222 0.1358 0.2820 0.2359 0.2241 
         159  1 0.5324 0.1372 0.0777 0.1180 0.1346 
         160  1 0.7567 0.0510 0.0529 0.0633 0.0761 
         161  1 0.6712 0.0809 0.0907 0.0855 0.0717 
         162  1 0.0609 0.0988 0.0800 0.3699 0.3904 
         163  1 0.0496 0.5744 0.1027 0.1093 0.1640 
         164  1 0.7847 0.0517 0.0581 0.0536 0.0519 
         165  1 0.1022 0.1629 0.2105 0.3177 0.2067 
         166  1 0.1107 0.0909 0.4441 0.1389 0.2155 
         167  1 0.0629 0.0809 0.3222 0.2699 0.2642 
         168  1 0.2297 0.0637 0.1107 0.2513 0.3446 
         169  1 0.7989 0.0307 0.0388 0.0647 0.0670 
         170  1 0.5249 0.0708 0.0720 0.1694 0.1630 
         171  1 0.0460 0.5996 0.1054 0.1133 0.1357 
         172  1 0.0624 0.0404 0.7766 0.0558 0.0649 
         173  1 0.0544 0.0294 0.6985 0.0764 0.1414 
         174  1 0.1746 0.2316 0.2256 0.1906 0.1776 
         175  1 0.0852 0.5368 0.1299 0.1116 0.1365 
         176  1 0.6047 0.0718 0.0454 0.1070 0.1712 
         177  1 0.1544 0.3137 0.1358 0.2112 0.1850 
         178  1 0.0628 0.1001 0.6132 0.0992 0.1248 
         179  1 0.0991 0.2296 0.3819 0.1512 0.1382 
         180  1 0.4373 0.0488 0.0667 0.1162 0.3310 
         181  1 0.1061 0.1850 0.0992 0.1648 0.4449 
         182  1 0.1028 0.1490 0.5360 0.1385 0.0738 
         183  1 0.7643 0.0433 0.0905 0.0508 0.0511 
         184  1 0.1331 0.2094 0.2265 0.1852 0.2458 
         185  1 0.3611 0.2503 0.0913 0.0954 0.2019 
         186  1 0.3131 0.0773 0.1651 0.1917 0.2528 
         187  1 0.0436 0.3336 0.0576 0.3065 0.2588 
         188  1 0.8131 0.0315 0.0669 0.0458 0.0426 
         189  1 0.2695 0.1844 0.1087 0.2514 0.1860 
         190  1 0.1248 0.0388 0.1780 0.3956 0.2629 
         191  1 0.0512 0.0632 0.7215 0.0736 0.0905 
         192  1 0.3390 0.4354 0.0733 0.0714 0.0808 
         193  1 0.3157 0.1138 0.1929 0.2057 0.1719 
         194  1 0.0678 0.0758 0.0540 0.4045 0.3979 
         195  1 0.0553 0.1181 0.5197 0.1717 0.1351 
         196  1 0.3619 0.0873 0.0504 0.1232 0.3772 
         197  1 0.0669 0.0831 0.1271 0.4090 0.3139 
         198  1 0.0486 0.0524 0.7525 0.0798 0.0667 
         199  1 0.0485 0.7712 0.0601 0.0588 0.0615 
         200  1 0.0293 0.0634 0.7218 0.1298 0.0558 
         201  1 0.6774 0.0343 0.0542 0.0689 0.1653 
         202  1 0.0829 0.3350 0.0846 0.3348 0.1627 
         203  1 0.0606 0.1189 0.0613 0.3954 0.3637 
         204  1 0.0593 0.2462 0.2620 0.2130 0.2196 
         205  1 0.0396 0.8060 0.0330 0.0694 0.0521 
         206  1 0.0649 0.1370 0.0667 0.4625 0.2690 
         207  1 0.0653 0.1679 0.2126 0.2011 0.3531 
         208  1 0.0349 0.0652 0.7095 0.1283 0.0622 
         209  1 0.1429 0.0797 0.5532 0.1245 0.0997 
         210  1 0.1114 0.1693 0.0894 0.2693 0.3606 
         211  1 0.0799 0.0470 0.6330 0.1310 0.1090 
         212  1 0.0445 0.0496 0.8037 0.0461 0.0561 
         213  1 0.2297 0.0573 0.0661 0.4243 0.2226 
         214  1 0.0563 0.0844 0.0378 0.4092 0.4123 
         215  1 0.0776 0.0708 0.4566 0.1989 0.1962 
         216  1 0.0782 0.0519 0.5652 0.1589 0.1458 
         217  1 0.1252 0.5516 0.0582 0.1166 0.1483 
         218  1 0.0666 0.7145 0.0647 0.0793 0.0749 
         219  1 0.0747 0.0326 0.6034 0.0667 0.2225 
         220  1 0.0693 0.3318 0.2113 0.1761 0.2115 
         221  1 0.0624 0.0776 0.0649 0.4150 0.3802 
         222  1 0.0931 0.1950 0.1526 0.1549 0.4043 
         223  1 0.0619 0.0414 0.0596 0.5600 0.2771 
         224  1 0.1454 0.1456 0.2462 0.2307 0.2320 
         225  1 0.6620 0.0499 0.0773 0.1046 0.1062 
         226  1 0.2488 0.1243 0.2669 0.1619 0.1981 
         227  1 0.0303 0.7486 0.0345 0.1098 0.0768 
         228  1 0.0519 0.5328 0.1108 0.1694 0.1351 
         229  1 0.4783 0.1364 0.1517 0.1051 0.1284 
         230  1 0.0675 0.4035 0.2313 0.1380 0.1596 
         231  1 0.0377 0.0272 0.7413 0.1334 0.0604 
         232  1 0.0656 0.4333 0.3390 0.1028 0.0593 
         233  1 0.0560 0.0568 0.6460 0.0795 0.1617 
         234  1 0.0838 0.0815 0.5769 0.1595 0.0983 
         235  1 0.4056 0.0457 0.0438 0.1615 0.3433 
         236  1 0.0795 0.1540 0.0964 0.2901 0.3800 
         237  1 0.1175 0.1994 0.3698 0.1630 0.1503 
         238  1 0.0721 0.1090 0.0534 0.3390 0.4265 
         239  1 0.4196 0.3981 0.0630 0.0635 0.0558 
         240  1 0.1510 0.1836 0.0568 0.1838 0.4248 
         241  1 0.1259 0.0644 0.1563 0.2345 0.4189 
         242  1 0.6190 0.0905 0.1075 0.0923 0.0907 
         243  1 0.0625 0.1874 0.3146 0.2543 0.1813 
         244  1 0.0296 0.5344 0.0511 0.1611 0.2239 
         245  1 0.2405 0.0436 0.4506 0.1119 0.1534 
         246  1 0.0579 0.3999 0.3249 0.1113 0.1060 
         247  1 0.5283 0.0595 0.0600 0.1275 0.2247 
         248  1 0.4603 0.0812 0.0882 0.1377 0.2325 
         249  1 0.0540 0.0616 0.5610 0.1984 0.1250 
         250  1 0.2392 0.0606 0.2000 0.2141 0.2860 
         251  1 0.0779 0.0686 0.7035 0.1100 0.0399 
         252  1 0.0960 0.0777 0.0885 0.4094 0.3284 
         253  1 0.0412 0.6115 0.0355 0.1736 0.1382 
         254  1 0.1992 0.1132 0.1066 0.2329 0.3481 
         255  1 0.0504 0.3575 0.3286 0.1377 0.1259 
         256  1 0.0451 0.0658 0.0547 0.5109 0.3234 
         257  1 0.3324 0.0652 0.3373 0.0998 0.1653 
         258  1 0.7389 0.0382 0.0450 0.0660 0.1120 
         259  1 0.7982 0.0379 0.0528 0.0434 0.0677 
         260  1 0.1214 0.0843 0.1102 0.2629 0.4212 
         261  1 0.0594 0.6806 0.0747 0.0864 0.0989 
         262  1 0.0915 0.5423 0.0620 0.1340 0.1702 
         263  1 0.0965 0.0553 0.0951 0.3851 0.3681 
         264  1 0.0429 0.5892 0.0351 0.2092 0.1236 
         265  1 0.3932 0.3597 0.0880 0.0731 0.0860 
         266  1 0.2814 0.0735 0.1172 0.2062 0.3217 
         267  1 0.0556 0.0456 0.7196 0.0864 0.0927 
         268  1 0.0637 0.0666 0.5655 0.2040 0.1001 
         269  1 0.4249 0.0718 0.2155 0.1071 0.1807 
         270  1 0.5848 0.0362 0.0557 0.1089 0.2144 
         271  1 0.0383 0.2303 0.0866 0.4361 0.2087 
         272  1 0.0963 0.5339 0.0736 0.1491 0.1471 
         273  1 0.0811 0.0699 0.6044 0.1624 0.0821 
         274  1 0.7355 0.0395 0.0581 0.0790 0.0879 
         275  1 0.0948 0.0846 0.4306 0.2076 0.1824 
         276  1 0.2110 0.0886 0.1465 0.1775 0.3763 
         277  1 0.0770 0.0487 0.0433 0.5717 0.2593 
         278  1 0.1072 0.1239 0.4380 0.1663 0.1646 
         279  1 0.3190 0.1849 0.0304 0.2093 0.2564 
         280  1 0.1470 0.1722 0.1310 0.2662 0.2837 
         281  1 0.1035 0.0482 0.6340 0.1464 0.0679 
         282  1 0.0567 0.1033 0.0344 0.5407 0.2649 
         283  1 0.1005 0.6136 0.1036 0.0768 0.1055 
         284  1 0.1824 0.2255 0.2619 0.1506 0.1796 
         285  1 0.1711 0.1812 0.2704 0.2044 0.1729 
         286  1 0.3555 0.1016 0.0593 0.2921 0.1915 
         287  1 0.0388 0.4353 0.0997 0.2491 0.1772 
         288  1 0.1013 0.0984 0.0930 0.4433 0.2641 
         289  1 0.0829 0.1357 0.1348 0.2535 0.3932 
         290  1 0.0473 0.4921 0.0516 0.2228 0.1863 
         291  1 0.0434 0.1292 0.0329 0.5034 0.2910 
         292  1 0.0492 0.5106 0.3094 0.0741 0.0566 
         293  1 0.1353 0.0421 0.5768 0.0691 0.1767 
         294  1 0.1004 0.0560 0.0481 0.4954 0.3001 
         295  1 0.0700 0.7592 0.0530 0.0638 0.0540 
         296  1 0.0537 0.2101 0.0654 0.4577 0.2132 
         297  1 0.0510 0.7482 0.0570 0.0561 0.0877 
         298  1 0.6505 0.0253 0.1439 0.0700 0.1104 
         299  1 0.3234 0.0869 0.0546 0.1571 0.3779 
         300  1 0.7148 0.0302 0.0587 0.0536 0.1427 
         301  1 0.2843 0.2815 0.0823 0.1675 0.1844 
         302  1 0.7341 0.0265 0.0505 0.0820 0.1069 
         303  1 0.0763 0.1559 0.0437 0.3298 0.3944 
         304  1 0.3832 0.0708 0.1387 0.1244 0.2829 
         305  1 0.2528 0.1676 0.1265 0.2268 0.2263 
         306  1 0.0563 0.0573 0.2423 0.1760 0.4681 
         307  1 0.0556 0.0462 0.0848 0.3873 0.4261 
         308  1 0.4127 0.0690 0.1201 0.2192 0.1789 
         309  1 0.2328 0.0750 0.1908 0.1474 0.3540 
         310  1 0.1238 0.0718 0.6370 0.0687 0.0987 
         311  1 0.1675 0.0640 0.5327 0.0908 0.1450 
         312  1 0.8656 0.0208 0.0270 0.0364 0.0503 
         313  1 0.0955 0.7432 0.0461 0.0647 0.0504 
         314  1 0.6126 0.1204 0.0982 0.0762 0.0926 
         315  1 0.8408 0.0289 0.0444 0.0422 0.0438 
         316  1 0.0509 0.0832 0.7558 0.0553 0.0549 
         317  1 0.0936 0.0375 0.6308 0.1347 0.1035 
         318  1 0.6164 0.0942 0.0428 0.1009 0.1458 
         319  1 0.0456 0.0322 0.7869 0.0902 0.0452 
         320  1 0.7930 0.0318 0.0362 0.0802 0.0588 
         321  1 0.1063 0.6032 0.1019 0.0917 0.0969 
         322  1 0.1018 0.0597 0.1110 0.2404 0.4871 
         323  1 0.1112 0.0779 0.1018 0.4335 0.2757 
         324  1 0.7297 0.0524 0.0846 0.0590 0.0743 
         325  1 0.0678 0.0391 0.6934 0.1347 0.0649 
         326  1 0.1226 0.1118 0.1270 0.3791 0.2595 
         327  1 0.0500 0.1709 0.5780 0.1079 0.0931 
         328  1 0.1109 0.0322 0.0510 0.4660 0.3399 
         329  1 0.1037 0.0405 0.0528 0.4502 0.3528 
         330  1 0.0916 0.1212 0.0598 0.4260 0.3014 
         331  1 0.0931 0.1855 0.1146 0.2222 0.3846 
         332  1 0.0531 0.1248 0.0710 0.4646 0.2864 
         333  1 0.4346 0.2723 0.0975 0.0740 0.1217 
         334  1 0.0538 0.0530 0.7882 0.0505 0.0545 
         335  1 0.1748 0.0584 0.4248 0.1622 0.1798 
         336  1 0.0779 0.1654 0.1426 0.2848 0.3293 
         337  1 0.5546 0.1444 0.0656 0.1244 0.1110 
         338  1 0.0607 0.0332 0.0844 0.4681 0.3536 
         339  1 0.0538 0.0593 0.6435 0.1648 0.0786 
         340  1 0.0862 0.2804 0.0797 0.3324 0.2213 
         341  1 0.1053 0.0617 0.0449 0.5252 0.2628 
         342  1 0.0338 0.8010 0.0443 0.0610 0.0599 
         343  1 0.6584 0.0734 0.1379 0.0727 0.0576 
         344  1 0.1069 0.0395 0.0808 0.2662 0.5067 
         345  1 0.0522 0.0533 0.6678 0.1544 0.0723 
         346  1 0.7402 0.0922 0.0506 0.0556 0.0615 
         347  1 0.0521 0.0542 0.2742 0.2155 0.4040 
         348  1 0.0940 0.1929 0.4862 0.0919 0.1351 
         349  1 0.0952 0.1857 0.4316 0.1262 0.1613 
         350  1 0.1711 0.0927 0.4391 0.1493 0.1479 
         351  1 0.0892 0.0673 0.1650 0.3941 0.2844 
         352  1 0.0378 0.2451 0.1123 0.3293 0.2755 
         353  1 0.0652 0.0822 0.7092 0.0637 0.0796 
         354  1 0.1062 0.4004 0.2531 0.0918 0.1485 
         355  1 0.0328 0.0827 0.5301 0.1482 0.2062 
         356  1 0.8275 0.0477 0.0320 0.0465 0.0463 
         357  1 0.0464 0.7565 0.0495 0.0798 0.0679 
         358  1 0.4898 0.1019 0.1043 0.1157 0.1883 
         359  1 0.5234 0.1981 0.0627 0.1023 0.1136 
         360  1 0.0581 0.6011 0.0918 0.1371 0.1119 
         361  1 0.6334 0.0875 0.0445 0.1024 0.1321 
         362  1 0.0687 0.1878 0.0713 0.2802 0.3920 
         363  1 0.0395 0.0500 0.0507 0.4582 0.4016 
         364  1 0.0768 0.2836 0.1324 0.1301 0.3772 
         365  1 0.1666 0.0309 0.1928 0.2791 0.3306 
         366  1 0.4445 0.1313 0.1002 0.1558 0.1681 
         367  1 0.1178 0.0697 0.1964 0.1916 0.4245 
         368  1 0.0396 0.0615 0.1930 0.2926 0.4133 
         369  1 0.0569 0.5628 0.0521 0.1734 0.1548 
         370  1 0.1108 0.0715 0.4461 0.2019 0.1696 
         371  1 0.0570 0.6199 0.0723 0.1321 0.1186 
         372  1 0.0419 0.6801 0.0744 0.0988 0.1049 
         373  1 0.3497 0.1105 0.0950 0.2940 0.1508 
         374  1 0.5614 0.0741 0.1019 0.1119 0.1508 
         375  1 0.0309 0.8263 0.0328 0.0481 0.0619 
         376  1 0.0674 0.0786 0.5328 0.2008 0.1205 
         377  1 0.7218 0.0678 0.0472 0.0862 0.0769 
         378  1 0.6979 0.1143 0.0574 0.0689 0.0615 
         379  1 0.0357 0.0905 0.7235 0.0625 0.0879 
         380  1 0.1608 0.3489 0.2072 0.1081 0.1751 
         381  1 0.2749 0.1953 0.0733 0.2103 0.2461 
         382  1 0.0471 0.7928 0.0643 0.0464 0.0495 
         383  1 0.0378 0.0446 0.0735 0.5118 0.3323 
         384  1 0.5108 0.1337 0.0652 0.1330 0.1574 
         385  1 0.2554 0.0662 0.3693 0.1420 0.1671 
         386  1 0.0601 0.0738 0.0833 0.4935 0.2893 
         387  1 0.0416 0.0741 0.0411 0.5203 0.3229 
         388  1 0.1950 0.5690 0.0666 0.0759 0.0934 
         389  1 0.0527 0.3886 0.3493 0.1195 0.0900 
         390  1 0.0533 0.6519 0.0658 0.1032 0.1258 
         391  1 0.0753 0.2305 0.1345 0.3096 0.2502 
         392  1 0.3167 0.1715 0.0714 0.2213 0.2190 
         393  1 0.2067 0.2179 0.2041 0.1920 0.1794 
         394  1 0.0651 0.0489 0.5501 0.1938 0.1421 
         395  1 0.0418 0.1412 0.0454 0.2329 0.5387 
         396  1 0.2023 0.6060 0.0676 0.0587 0.0653 
         397  1 0.1088 0.2228 0.0461 0.3890 0.2334 
         398  1 0.3820 0.1026 0.0437 0.1916 0.2801 
         399  1 0.0543 0.5856 0.0592 0.1000 0.2009 
         400  1 0.0881 0.1156 0.1148 0.3985 0.2831 
         401  1 0.0719 0.0619 0.0452 0.4992 0.3218 
         402  1 0.0840 0.0851 0.5612 0.1784 0.0913 
         403  1 0.5086 0.0472 0.0734 0.2144 0.1564 
         404  1 0.0863 0.0924 0.1181 0.2578 0.4454 
         405  1 0.1696 0.1839 0.3314 0.1390 0.1760 
         406  1 0.0614 0.7519 0.0548 0.0666 0.0653 
         407  1 0.0423 0.5518 0.1204 0.1519 0.1337 
         408  1 0.3406 0.0486 0.1435 0.1674 0.2999 
         409  1 0.0779 0.1875 0.2124 0.2431 0.2792 
         410  1 0.0567 0.3440 0.0475 0.3115 0.2403 
         411  1 0.1572 0.0719 0.0689 0.4522 0.2497 
         412  1 0.1334 0.1335 0.2297 0.1167 0.3866 
         413  1 0.1262 0.1478 0.4236 0.1622 0.1402 
         414  1 0.1624 0.1533 0.2524 0.2151 0.2168 
         415  1 0.7331 0.0450 0.0566 0.0958 0.0695 
         416  1 0.0385 0.0688 0.6837 0.1481 0.0609 
         417  1 0.0841 0.1740 0.1001 0.3741 0.2677 
         418  1 0.0558 0.1184 0.2487 0.2803 0.2967 
         419  1 0.1057 0.5837 0.1149 0.0808 0.1150 
         420  1 0.1233 0.1679 0.0584 0.3558 0.2946 
         421  1 0.1115 0.1412 0.2654 0.1787 0.3032 
         422  1 0.1637 0.0586 0.2336 0.2068 0.3373 
         423  1 0.0296 0.0847 0.0389 0.2890 0.5577 
         424  1 0.7984 0.0438 0.0424 0.0561 0.0594 
         425  1 0.1576 0.2905 0.0582 0.2673 0.2264 
         426  1 0.0973 0.0885 0.3704 0.2715 0.1723 
         427  1 0.0572 0.2139 0.2596 0.2398 0.2295 
         428  1 0.0714 0.1310 0.0961 0.4491 0.2523 
         429  1 0.0443 0.0914 0.0587 0.4204 0.3852 
         430  1 0.8177 0.0400 0.0387 0.0466 0.0570 
         431  1 0.0750 0.0690 0.0772 0.2343 0.5445 
         432  1 0.0611 0.0511 0.7077 0.1025 0.0777 
         433  1 0.0680 0.7476 0.0728 0.0605 0.0511 
         434  1 0.3663 0.0814 0.3549 0.1145 0.0829 
         435  1 0.0624 0.2469 0.0794 0.1897 0.4216 
         436  1 0.0794 0.5587 0.1659 0.1078 0.0883 
         437  1 0.7182 0.0730 0.0506 0.0810 0.0771 
         438  1 0.2523 0.0549 0.4472 0.1081 0.1375 
         439  1 0.0758 0.2392 0.0477 0.2489 0.3884 
         440  1 0.7461 0.0362 0.0699 0.0715 0.0763 
         441  1 0.0482 0.2161 0.4687 0.1453 0.1216 
         442  1 0.1778 0.5279 0.0850 0.0763 0.1330 
         443  1 0.0351 0.7870 0.0456 0.0589 0.0735 
         444  1 0.0735 0.0783 0.0535 0.5046 0.2902 
         445  1 0.0547 0.2719 0.0748 0.1616 0.4369 
         446  1 0.0385 0.0439 0.6962 0.1424 0.0790 
         447  1 0.0815 0.2196 0.0541 0.3486 0.2962 
         448  1 0.5082 0.0502 0.1201 0.1279 0.1936 
         449  1 0.7707 0.0702 0.0501 0.0480 0.0610 
         450  1 0.0513 0.0698 0.7179 0.1200 0.0411 
         451  1 0.0542 0.0677 0.6508 0.1516 0.0757 
         452  1 0.0380 0.8202 0.0395 0.0529 0.0494 
         453  1 0.0594 0.0577 0.7738 0.0567 0.0524 
         454  1 0.0814 0.1414 0.3739 0.1776 0.2257 
         455  1 0.0472 0.0900 0.1250 0.4740 0.2638 
         456  1 0.0583 0.0723 0.6366 0.1568 0.0761 
         457  1 0.6621 0.0942 0.0889 0.0811 0.0737 
         458  1 0.0765 0.0628 0.0401 0.5442 0.2764 
         459  1 0.0499 0.1242 0.6529 0.1054 0.0675 
         460  1 0.0489 0.1655 0.0456 0.5125 0.2275 
         461  1 0.7227 0.0772 0.0817 0.0618 0.0566 
         462  1 0.0475 0.0707 0.7787 0.0529 0.0501 
         463  1 0.1743 0.0780 0.3701 0.1628 0.2148 
         464  1 0.0947 0.1924 0.0709 0.4373 0.2048 
         465  1 0.1555 0.0428 0.5261 0.1617 0.1139 
         466  1 0.0599 0.2918 0.1091 0.3189 0.2203 
         467  1 0.0361 0.7716 0.0686 0.0604 0.0633 
         468  1 0.0729 0.0931 0.0723 0.3308 0.4309 
         469  1 0.0235 0.8115 0.0318 0.0781 0.0550 
         470  1 0.1776 0.0713 0.2617 0.1702 0.3191 
         471  1 0.1540 0.1780 0.0662 0.2394 0.3623 
         472  1 0.1270 0.0639 0.1072 0.4447 0.2572 
         473  1 0.0920 0.0449 0.0714 0.4829 0.3088 
         474  1 0.0559 0.2152 0.0479 0.3836 0.2974 
         475  1 0.2164 0.0904 0.0343 0.1351 0.5238 
         476  1 0.0695 0.0319 0.5773 0.1723 0.1490 
         477  1 0.1309 0.0423 0.0466 0.3395 0.4408 
         478  1 0.7982 0.0462 0.0462 0.0557 0.0537 
         479  1 0.0654 0.2933 0.0755 0.3490 0.2168 
         480  1 0.0581 0.7862 0.0445 0.0557 0.0554 
         481  1 0.4930 0.1466 0.0995 0.1172 0.1437 
         482  1 0.6763 0.0925 0.0709 0.0709 0.0894 
         483  1 0.1079 0.1615 0.1610 0.3208 0.2488 
         484  1 0.0701 0.4712 0.0395 0.2558 0.1634 
         485  1 0.0417 0.7854 0.0371 0.0683 0.0675 
         486  1 0.0363 0.0960 0.7054 0.1222 0.0402 
         487  1 0.0652 0.5750 0.0850 0.1523 0.1225 
         488  1 0.0363 0.1126 0.0566 0.3613 0.4331 
         489  1 0.1275 0.0698 0.0995 0.2424 0.4608 
         490  1 0.0851 0.1710 0.0742 0.2619 0.4077 
         491  1 0.0476 0.7696 0.0574 0.0594 0.0661 
         492  1 0.0460 0.7885 0.0297 0.0668 0.0690 
