           1  1 0.0971 0.6739 0.0959 0.0556 0.0776 
           2  1 0.7022 0.1070 0.0677 0.0595 0.0635 
           3  1 0.1228 0.0563 0.1767 0.5956 0.0486 
           4  1 0.0343 0.7588 0.0655 0.0631 0.0782 
           5  1 0.0410 0.8080 0.0682 0.0532 0.0296 
           6  1 0.1471 0.0690 0.2169 0.4875 0.0795 
           7  1 0.4504 0.0642 0.1957 0.2013 0.0884 
           8  1 0.0362 0.8126 0.0493 0.0421 0.0598 
           9  1 0.0821 0.0455 0.2163 0.6226 0.0334 
          10  1 0.0402 0.7506 0.0971 0.0705 0.0416 
          11  1 0.0632 0.0394 0.1103 0.0690 0.7180 
          12  1 0.4794 0.3094 0.0794 0.0731 0.0586 
          13  1 0.1489 0.2916 0.1829 0.0801 0.2965 
          14  1 0.0607 0.2733 0.1781 0.4194 0.0685 
          15  1 0.1552 0.0549 0.3162 0.3369 0.1368 
          16  1 0.0777 0.3828 0.1358 0.0848 0.3189 
          17  1 0.2796 0.0628 0.0870 0.0606 0.5099 
          18  1 0.1157 0.6603 0.0841 0.0736 0.0663 
          19  1 0.1722 0.1068 0.2681 0.3296 0.1233 
          20  1 0.0683 0.4231 0.1707 0.2736 0.0642 
          21  1 0.0651 0.5142 0.1396 0.1182 0.1629 
          22  1 0.0447 0.1032 0.4485 0.2932 0.1104 
          23  1 0.7603 0.0365 0.0706 0.0578 0.0748 
          24  1 0.2270 0.0408 0.4108 0.2695 0.0519 
          25  1 0.0443 0.0819 0.1245 0.0706 0.6788 
          26  1 0.5945 0.0705 0.1512 0.1360 0.0478 
          27  1 0.0496 0.4340 0.2064 0.1147 0.1953 
          28  1 0.0957 0.0453 0.3982 0.1872 0.2736 
          29  1 0.1346 0.1152 0.2004 0.5060 0.0438 
          30  1 0.0952 0.0805 0.4864 0.1937 0.1443 
          31  1 0.3330 0.0737 0.2172 0.1136 0.2625 
          32  1 0.0710 0.0562 0.5277 0.2494 0.0958 
          33  1 0.1723 0.0485 0.2114 0.2207 0.3471 
          34  1 0.2195 0.0964 0.2773 0.1411 0.2657 
          35  1 0.1117 0.6206 0.1191 0.1088 0.0397 
          36  1 0.1543 0.0515 0.3723 0.3662 0.0556 
          37  1 0.1945 0.0973 0.1212 0.1256 0.4614 
          38  1 0.1543 0.0335 0.5993 0.1717 0.0412 
          39  1 0.0459 0.3736 0.2076 0.2562 0.1168 
          40  1 0.0758 0.0527 0.0779 0.0595 0.7341 
          41  1 0.1165 0.1383 0.3222 0.3749 0.0482 
          42  1 0.1964 0.0442 0.1255 0.1790 0.4549 
          43  1 0.8791 0.0207 0.0337 0.0393 0.0271 
          44  1 0.7117 0.0315 0.0803 0.1017 0.0748 
          45  1 0.0436 0.7699 0.0507 0.0704 0.0653 
          46  1 0.7908 0.0342 0.0525 0.0579 0.0645 
          47  1 0.0604 0.7303 0.0835 0.0771 0.0488 
          48  1 0.1118 0.0457 0.3182 0.4432 0.0811 
          49  1 0.2537 0.1517 0.3862 0.1500 0.0585 
          50  1 0.0680 0.4908 0.2192 0.1130 0.1090 
          51  1 0.0885 0.1697 0.2950 0.2227 0.2241 
          52  1 0.0769 0.0669 0.1025 0.0814 0.6722 
          53  1 0.0547 0.0816 0.5089 0.2873 0.0675 
          54  1 0.1499 0.5038 0.1480 0.1037 0.0946 
          55  1 0.1449 0.1216 0.1144 0.0907 0.5284 
          56  1 0.2677 0.0556 0.3364 0.2046 0.1357 
          57  1 0.4370 0.0554 0.2296 0.2379 0.0402 
          58  1 0.1961 0.0408 0.2112 0.5106 0.0413 
          59  1 0.0655 0.0515 0.2984 0.5334 0.0513 
          60  1 0.2270 0.1045 0.2678 0.3342 0.0665 
          61  1 0.0311 0.0616 0.0711 0.0480 0.7882 
          62  1 0.1647 0.0337 0.1698 0.5812 0.0506 
          63  1 0.0416 0.5997 0.1257 0.0956 0.1375 
          64  1 0.0794 0.1585 0.4158 0.2561 0.0902 
          65  1 0.1041 0.0384 0.4103 0.1868 0.2603 
          66  1 0.0754 0.4344 0.2628 0.1248 0.1025 
          67  1 0.7013 0.0505 0.0818 0.0816 0.0847 
          68  1 0.1686 0.0514 0.2104 0.5057 0.0639 
          69  1 0.0211 0.8420 0.0495 0.0373 0.0501 
          70  1 0.5881 0.0250 0.1181 0.2438 0.0251 
          71  1 0.0605 0.1159 0.3067 0.4703 0.0466 
          72  1 0.1806 0.1039 0.2616 0.4089 0.0449 
          73  1 0.0869 0.7362 0.0453 0.0367 0.0949 
          74  1 0.0578 0.1808 0.4834 0.2085 0.0695 
          75  1 0.0379 0.0637 0.0890 0.0684 0.7409 
          76  1 0.4594 0.1186 0.1744 0.1583 0.0894 
          77  1 0.0694 0.0912 0.1820 0.5924 0.0651 
          78  1 0.1209 0.0528 0.1407 0.0686 0.6170 
          79  1 0.0455 0.1442 0.0686 0.0529 0.6888 
          80  1 0.1216 0.0387 0.2515 0.5419 0.0463 
          81  1 0.0377 0.2704 0.4244 0.1916 0.0760 
          82  1 0.1865 0.3310 0.1787 0.1014 0.2024 
          83  1 0.1973 0.1054 0.2293 0.4104 0.0577 
          84  1 0.1439 0.1957 0.2062 0.3475 0.1067 
          85  1 0.0724 0.6779 0.0951 0.1138 0.0409 
          86  1 0.3213 0.1232 0.1929 0.2389 0.1237 
          87  1 0.2224 0.1038 0.3459 0.2412 0.0867 
          88  1 0.1894 0.0718 0.2613 0.3515 0.1260 
          89  1 0.0485 0.0446 0.0522 0.0594 0.7954 
          90  1 0.7276 0.0482 0.0988 0.0711 0.0543 
          91  1 0.0300 0.1222 0.2855 0.1240 0.4384 
          92  1 0.6741 0.0993 0.0933 0.0902 0.0431 
          93  1 0.1093 0.0572 0.6136 0.1487 0.0712 
          94  1 0.0651 0.5288 0.2100 0.1395 0.0565 
          95  1 0.1690 0.0744 0.4763 0.2217 0.0587 
          96  1 0.0383 0.0487 0.1809 0.1330 0.5990 
          97  1 0.8167 0.0335 0.0534 0.0570 0.0394 
          98  1 0.0799 0.0653 0.1406 0.1731 0.5412 
          99  1 0.1644 0.0538 0.2751 0.2557 0.2509 
         100  1 0.0306 0.0570 0.0465 0.0448 0.8211 
         101  1 0.0817 0.0693 0.2378 0.5639 0.0473 
         102  1 0.0303 0.0810 0.5988 0.1858 0.1042 
         103  1 0.2807 0.0732 0.2555 0.3133 0.0772 
         104  1 0.0651 0.0601 0.0509 0.0315 0.7924 
         105  1 0.0474 0.0363 0.0435 0.0369 0.8359 
         106  1 0.0735 0.0969 0.6182 0.1750 0.0365 
         107  1 0.0898 0.7243 0.0974 0.0552 0.0333 
         108  1 0.0245 0.0544 0.0371 0.0288 0.8552 
         109  1 0.0986 0.0613 0.1000 0.0711 0.6691 
         110  1 0.5377 0.1297 0.0781 0.0818 0.1728 
         111  1 0.0832 0.0924 0.1784 0.0725 0.5736 
         112  1 0.0762 0.6185 0.1102 0.1079 0.0871 
         113  1 0.5975 0.0483 0.0888 0.0830 0.1825 
         114  1 0.4386 0.0596 0.0770 0.0451 0.3796 
         115  1 0.0301 0.6716 0.1839 0.0742 0.0402 
         116  1 0.0356 0.6442 0.2028 0.0772 0.0402 
         117  1 0.2195 0.0466 0.2729 0.3943 0.0666 
         118  1 0.0662 0.6377 0.1215 0.0907 0.0839 
         119  1 0.0517 0.0677 0.2086 0.2015 0.4706 
         120  1 0.1595 0.0832 0.4563 0.2228 0.0782 
         121  1 0.1069 0.0445 0.3058 0.4865 0.0562 
         122  1 0.4957 0.0627 0.2391 0.1261 0.0764 
         123  1 0.8155 0.0386 0.0589 0.0532 0.0338 
         124  1 0.2856 0.0413 0.2613 0.3543 0.0575 
         125  1 0.6524 0.1768 0.0677 0.0507 0.0524 
         126  1 0.0836 0.1146 0.2069 0.5363 0.0586 
         127  1 0.1170 0.0936 0.3418 0.3128 0.1347 
         128  1 0.0813 0.1236 0.1381 0.0757 0.5813 
         129  1 0.5054 0.0567 0.2258 0.1283 0.0837 
         130  1 0.0582 0.1546 0.3382 0.3993 0.0496 
         131  1 0.7841 0.0321 0.0643 0.0507 0.0688 
         132  1 0.0434 0.1265 0.3471 0.2644 0.2186 
         133  1 0.0344 0.0461 0.0450 0.0459 0.8286 
         134  1 0.1831 0.0571 0.4539 0.2662 0.0397 
         135  1 0.0418 0.0538 0.3988 0.4660 0.0397 
         136  1 0.1231 0.5718 0.1515 0.0838 0.0698 
         137  1 0.1138 0.1274 0.4581 0.1825 0.1182 
         138  1 0.1501 0.0474 0.1094 0.0731 0.6201 
         139  1 0.0849 0.7497 0.0576 0.0520 0.0558 
         140  1 0.1201 0.0483 0.2697 0.5130 0.0490 
         141  1 0.1019 0.1197 0.3514 0.3369 0.0900 
         142  1 0.0685 0.0952 0.3167 0.1217 0.3979 
         143  1 0.0640 0.1578 0.2753 0.3797 0.1231 
         144  1 0.0315 0.0874 0.2660 0.5360 0.0791 
         145  1 0.5916 0.0860 0.1549 0.1103 0.0572 
         146  1 0.0642 0.0868 0.2769 0.5035 0.0686 
         147  1 0.5925 0.0981 0.1047 0.0950 0.1097 
         148  1 0.1093 0.0423 0.1946 0.5868 0.0670 
         149  1 0.2093 0.0578 0.1088 0.0844 0.5397 
         150  1 0.0512 0.0612 0.3197 0.2563 0.3115 
         151  1 0.0464 0.0770 0.0508 0.0446 0.7811 
         152  1 0.1539 0.0514 0.3465 0.4059 0.0422 
         153  1 0.0330 0.1701 0.0640 0.0605 0.6724 
         154  1 0.0950 0.0631 0.5023 0.2362 0.1034 
         155  1 0.0740 0.0580 0.4311 0.3851 0.0517 
         156  1 0.0381 0.1750 0.2320 0.3923 0.1626 
         157  1 0.6114 0.0972 0.0879 0.0894 0.1141 
         158  1 0.1373 0.1202 0.2325 0.2440 0.2659 
         159  1 0.1293 0.5672 0.1233 0.1092 0.0710 
         160  1 0.0480 0.7735 0.0716 0.0628 0.0441 
         161  1 0.0771 0.6821 0.0668 0.0825 0.0915 
         162  1 0.0859 0.0568 0.3164 0.4735 0.0674 
         163  1 0.5966 0.0424 0.1703 0.0957 0.0950 
         164  1 0.0478 0.7992 0.0500 0.0508 0.0522 
         165  1 0.1728 0.0973 0.2127 0.3059 0.2113 
         166  1 0.0971 0.1153 0.2384 0.1310 0.4182 
         167  1 0.0741 0.0577 0.2407 0.2969 0.3306 
         168  1 0.0581 0.2341 0.3246 0.2721 0.1112 
         169  1 0.0276 0.8142 0.0579 0.0636 0.0367 
         170  1 0.0668 0.5405 0.1556 0.1762 0.0609 
         171  1 0.5974 0.0433 0.1616 0.1055 0.0922 
         172  1 0.0377 0.0584 0.0626 0.0491 0.7922 
         173  1 0.0292 0.0512 0.1295 0.0695 0.7206 
         174  1 0.2288 0.1757 0.1826 0.1866 0.2262 
         175  1 0.5643 0.0844 0.1515 0.1086 0.0913 
         176  1 0.0688 0.6182 0.1615 0.1119 0.0397 
         177  1 0.3172 0.1596 0.1931 0.2181 0.1120 
         178  1 0.0932 0.0545 0.1121 0.1005 0.6398 
         179  1 0.2530 0.0955 0.1599 0.0960 0.3956 
         180  1 0.0451 0.4391 0.3359 0.1201 0.0597 
         181  1 0.1962 0.0997 0.5065 0.1406 0.0571 
         182  1 0.1536 0.1085 0.0737 0.0642 0.6001 
         183  1 0.0422 0.7783 0.0492 0.0503 0.0800 
         184  1 0.2279 0.1289 0.2466 0.1666 0.2300 
         185  1 0.2539 0.3625 0.2006 0.0931 0.0899 
         186  1 0.0741 0.3363 0.2576 0.1841 0.1479 
         187  1 0.3196 0.0416 0.2472 0.3458 0.0458 
         188  1 0.0279 0.8343 0.0386 0.0377 0.0614 
         189  1 0.1755 0.2735 0.1742 0.2713 0.1055 
         190  1 0.0380 0.1209 0.3063 0.4082 0.1266 
         191  1 0.0536 0.0469 0.0856 0.0677 0.7462 
         192  1 0.4120 0.3564 0.0976 0.0705 0.0634 
         193  1 0.1123 0.3112 0.1754 0.1998 0.2012 
         194  1 0.0688 0.0615 0.3590 0.4645 0.0462 
         195  1 0.1377 0.0498 0.1505 0.0918 0.5701 
         196  1 0.0837 0.3600 0.3840 0.1347 0.0377 
         197  1 0.0882 0.0597 0.2831 0.4572 0.1118 
         198  1 0.0440 0.0405 0.0527 0.0603 0.8025 
         199  1 0.7893 0.0446 0.0589 0.0508 0.0564 
         200  1 0.0617 0.0265 0.0541 0.0470 0.8107 
         201  1 0.0302 0.6934 0.1601 0.0752 0.0412 
         202  1 0.3040 0.0789 0.1540 0.3804 0.0827 
         203  1 0.1173 0.0564 0.3046 0.4704 0.0513 
         204  1 0.2561 0.0569 0.2355 0.1930 0.2585 
         205  1 0.8091 0.0360 0.0563 0.0684 0.0302 
         206  1 0.1291 0.0604 0.2174 0.5345 0.0586 
         207  1 0.2126 0.0533 0.3706 0.1527 0.2108 
         208  1 0.0592 0.0355 0.0626 0.0413 0.8014 
         209  1 0.0741 0.1324 0.0922 0.1255 0.5758 
         210  1 0.1590 0.1098 0.3846 0.2610 0.0856 
         211  1 0.0452 0.0794 0.0996 0.1244 0.6514 
         212  1 0.0476 0.0383 0.0518 0.0371 0.8252 
         213  1 0.0566 0.1970 0.1926 0.4942 0.0595 
         214  1 0.0807 0.0503 0.3397 0.5003 0.0290 
         215  1 0.0704 0.0715 0.2350 0.1143 0.5088 
         216  1 0.0568 0.0725 0.1618 0.0879 0.6210 
         217  1 0.5308 0.1204 0.1629 0.1334 0.0526 
         218  1 0.7384 0.0544 0.0722 0.0713 0.0637 
         219  1 0.0330 0.0727 0.2073 0.0750 0.6120 
         220  1 0.3392 0.0716 0.2694 0.1671 0.1526 
         221  1 0.0707 0.0558 0.3888 0.4446 0.0401 
         222  1 0.2108 0.0884 0.4793 0.1457 0.0758 
         223  1 0.0399 0.0554 0.2106 0.6373 0.0568 
         224  1 0.1418 0.1395 0.2453 0.2523 0.2212 
         225  1 0.0478 0.6692 0.1122 0.1035 0.0674 
         226  1 0.1354 0.2404 0.2153 0.1618 0.2470 
         227  1 0.7465 0.0268 0.0794 0.1179 0.0295 
         228  1 0.5548 0.0475 0.1321 0.1581 0.1075 
         229  1 0.1297 0.5008 0.1440 0.0908 0.1346 
         230  1 0.4415 0.0618 0.1608 0.1028 0.2331 
         231  1 0.0252 0.0352 0.0733 0.0428 0.8234 
         232  1 0.4708 0.0619 0.0629 0.0497 0.3547 
         233  1 0.0549 0.0543 0.1438 0.0807 0.6663 
         234  1 0.0784 0.0752 0.1033 0.0867 0.6564 
         235  1 0.0400 0.4249 0.3376 0.1603 0.0372 
         236  1 0.1515 0.0755 0.3586 0.3441 0.0703 
         237  1 0.2166 0.1108 0.1677 0.1039 0.4010 
         238  1 0.1008 0.0656 0.3751 0.4238 0.0347 
         239  1 0.3817 0.4360 0.0610 0.0616 0.0597 
         240  1 0.1688 0.1425 0.4390 0.1969 0.0528 
         241  1 0.0612 0.1214 0.4452 0.2495 0.1227 
         242  1 0.0833 0.6351 0.0921 0.0897 0.0998 
         243  1 0.1912 0.0580 0.1767 0.2253 0.3488 
         244  1 0.5393 0.0285 0.1883 0.1927 0.0513 
         245  1 0.0398 0.2365 0.1606 0.0586 0.5045 
         246  1 0.4234 0.0585 0.1254 0.0636 0.3290 
         247  1 0.0577 0.5350 0.2359 0.1131 0.0583 
         248  1 0.0770 0.4562 0.2486 0.1414 0.0769 
         249  1 0.0656 0.0483 0.1423 0.1167 0.6272 
         250  1 0.0612 0.2515 0.3604 0.1971 0.1297 
         251  1 0.0630 0.0658 0.0360 0.0322 0.8029 
         252  1 0.0728 0.0865 0.3178 0.4465 0.0765 
         253  1 0.6208 0.0390 0.1137 0.1978 0.0288 
         254  1 0.1115 0.1993 0.3810 0.2631 0.0450 
         255  1 0.3696 0.0489 0.1395 0.0885 0.3535 
         256  1 0.0599 0.0402 0.2311 0.6195 0.0492 
         257  1 0.0629 0.3335 0.1919 0.1027 0.3089 
         258  1 0.0363 0.7518 0.1077 0.0647 0.0395 
         259  1 0.0345 0.8158 0.0628 0.0419 0.0450 
         260  1 0.0831 0.1144 0.3943 0.3157 0.0925 
         261  1 0.6807 0.0580 0.1096 0.0915 0.0603 
         262  1 0.5380 0.0895 0.1609 0.1521 0.0595 
         263  1 0.0513 0.0917 0.3660 0.4299 0.0611 
         264  1 0.5894 0.0404 0.1180 0.2211 0.0311 
         265  1 0.3665 0.3890 0.0894 0.0643 0.0907 
         266  1 0.0614 0.2595 0.3672 0.2159 0.0960 
         267  1 0.0422 0.0480 0.0806 0.0827 0.7465 
         268  1 0.0623 0.0610 0.1016 0.1345 0.6406 
         269  1 0.0572 0.4603 0.1788 0.1033 0.2004 
         270  1 0.0338 0.6060 0.2015 0.1053 0.0534 
         271  1 0.2130 0.0361 0.1806 0.4888 0.0815 
         272  1 0.5492 0.0910 0.1325 0.1559 0.0713 
         273  1 0.0629 0.0821 0.0877 0.0737 0.6936 
         274  1 0.0350 0.7411 0.0901 0.0798 0.0541 
         275  1 0.0812 0.0839 0.1608 0.2163 0.4577 
         276  1 0.0881 0.2093 0.3747 0.1901 0.1379 
         277  1 0.0446 0.0727 0.1761 0.6680 0.0386 
         278  1 0.1247 0.1059 0.1778 0.1498 0.4418 
         279  1 0.1765 0.3178 0.2422 0.2366 0.0269 
         280  1 0.1707 0.1476 0.3185 0.2801 0.0832 
         281  1 0.0480 0.1033 0.0789 0.0595 0.7103 
         282  1 0.0964 0.0501 0.1812 0.6399 0.0324 
         283  1 0.6437 0.0882 0.1143 0.0631 0.0907 
         284  1 0.2575 0.1749 0.1953 0.1183 0.2540 
         285  1 0.1871 0.1667 0.1761 0.1978 0.2722 
         286  1 0.0931 0.3612 0.1709 0.3206 0.0542 
         287  1 0.4098 0.0387 0.2078 0.2470 0.0966 
         288  1 0.0937 0.0907 0.2356 0.5117 0.0683 
         289  1 0.1921 0.0701 0.3957 0.1990 0.1431 
         290  1 0.4821 0.0465 0.1905 0.2310 0.0499 
         291  1 0.1082 0.0411 0.2097 0.6099 0.0311 
         292  1 0.5260 0.0461 0.0606 0.0391 0.3283 
         293  1 0.0411 0.1330 0.1599 0.0660 0.6000 
         294  1 0.0571 0.0974 0.2230 0.5773 0.0451 
         295  1 0.7601 0.0671 0.0625 0.0610 0.0493 
         296  1 0.1936 0.0494 0.1786 0.5114 0.0671 
         297  1 0.7725 0.0438 0.0894 0.0474 0.0470 
         298  1 0.0238 0.6861 0.1161 0.0640 0.1100 
         299  1 0.0780 0.3250 0.3689 0.1779 0.0501 
         300  1 0.0276 0.7374 0.1293 0.0550 0.0507 
         301  1 0.2540 0.2960 0.2001 0.1850 0.0650 
         302  1 0.0246 0.7561 0.0936 0.0797 0.0461 
         303  1 0.1411 0.0716 0.4266 0.3289 0.0317 
         304  1 0.0762 0.4009 0.3528 0.1041 0.0660 
         305  1 0.1818 0.2518 0.2546 0.1928 0.1190 
         306  1 0.0583 0.0520 0.5085 0.1930 0.1883 
         307  1 0.0425 0.0557 0.3781 0.4459 0.0778 
         308  1 0.0715 0.3992 0.1830 0.2224 0.1239 
         309  1 0.0706 0.2284 0.3751 0.1497 0.1762 
         310  1 0.0676 0.1222 0.1021 0.0624 0.6457 
         311  1 0.0629 0.1702 0.1311 0.0915 0.5444 
         312  1 0.0192 0.8712 0.0516 0.0349 0.0231 
         313  1 0.7400 0.0911 0.0587 0.0662 0.0439 
         314  1 0.1144 0.6339 0.1001 0.0712 0.0804 
         315  1 0.0256 0.8576 0.0381 0.0404 0.0383 
         316  1 0.0757 0.0413 0.0499 0.0409 0.7922 
         317  1 0.0350 0.0952 0.1000 0.1024 0.6674 
         318  1 0.0897 0.6236 0.1329 0.1156 0.0382 
         319  1 0.0299 0.0384 0.0359 0.0395 0.8563 
         320  1 0.0303 0.8099 0.0513 0.0759 0.0326 
         321  1 0.6240 0.1006 0.1027 0.0760 0.0967 
         322  1 0.0771 0.0884 0.4620 0.2743 0.0981 
         323  1 0.0725 0.1049 0.2294 0.5124 0.0809 
         324  1 0.0506 0.7602 0.0681 0.0562 0.0649 
         325  1 0.0321 0.0627 0.0606 0.0688 0.7757 
         326  1 0.1046 0.1182 0.2303 0.4371 0.1098 
         327  1 0.1609 0.0450 0.0923 0.1093 0.5925 
         328  1 0.0304 0.1121 0.2591 0.5518 0.0465 
         329  1 0.0415 0.0953 0.2732 0.5439 0.0460 
         330  1 0.1054 0.0829 0.2324 0.5271 0.0522 
         331  1 0.2127 0.0868 0.3976 0.1823 0.1206 
         332  1 0.1107 0.0488 0.2470 0.5274 0.0661 
         333  1 0.2698 0.4369 0.1361 0.0619 0.0953 
         334  1 0.0514 0.0515 0.0532 0.0492 0.7947 
         335  1 0.0786 0.1609 0.2009 0.0958 0.4638 
         336  1 0.1624 0.0714 0.3873 0.3020 0.0768 
         337  1 0.1316 0.5890 0.0998 0.1173 0.0623 
         338  1 0.0328 0.0569 0.3201 0.5247 0.0655 
         339  1 0.0592 0.0501 0.0835 0.0767 0.7305 
         340  1 0.2696 0.0833 0.1827 0.3986 0.0659 
         341  1 0.0553 0.0960 0.1920 0.6189 0.0377 
         342  1 0.8185 0.0321 0.0530 0.0553 0.0411 
         343  1 0.0659 0.6912 0.0537 0.0589 0.1302 
         344  1 0.0373 0.0992 0.4805 0.3019 0.0811 
         345  1 0.0560 0.0471 0.0726 0.0663 0.7580 
         346  1 0.0798 0.7665 0.0589 0.0507 0.0441 
         347  1 0.0553 0.0521 0.4365 0.1830 0.2731 
         348  1 0.1789 0.0858 0.1223 0.0696 0.5434 
         349  1 0.1859 0.0878 0.1971 0.0671 0.4621 
         350  1 0.0895 0.1723 0.1506 0.1461 0.4414 
         351  1 0.0673 0.0846 0.2777 0.4443 0.1261 
         352  1 0.2290 0.0342 0.2713 0.3648 0.1007 
         353  1 0.0826 0.0630 0.0744 0.0625 0.7175 
         354  1 0.4026 0.1000 0.1561 0.0848 0.2565 
         355  1 0.0832 0.0317 0.1902 0.1693 0.5257 
         356  1 0.0422 0.8441 0.0449 0.0415 0.0272 
         357  1 0.7671 0.0407 0.0645 0.0854 0.0423 
         358  1 0.1068 0.4987 0.1892 0.1181 0.0872 
         359  1 0.1781 0.5440 0.1176 0.1016 0.0586 
         360  1 0.6134 0.0543 0.0984 0.1442 0.0897 
         361  1 0.0809 0.6594 0.1199 0.1010 0.0387 
         362  1 0.1633 0.0651 0.4052 0.3014 0.0649 
         363  1 0.0463 0.0377 0.3505 0.5224 0.0430 
         364  1 0.3062 0.0799 0.4247 0.1149 0.0743 
         365  1 0.0296 0.1582 0.3706 0.2386 0.2030 
         366  1 0.1206 0.4548 0.1715 0.1678 0.0853 
         367  1 0.0695 0.1198 0.4677 0.2102 0.1330 
         368  1 0.0548 0.0334 0.4385 0.2943 0.1791 
         369  1 0.5556 0.0577 0.1502 0.1855 0.0510 
         370  1 0.0676 0.1070 0.1713 0.1941 0.4600 
         371  1 0.6381 0.0546 0.1172 0.1200 0.0701 
         372  1 0.6778 0.0402 0.1273 0.0869 0.0678 
         373  1 0.1025 0.3595 0.1292 0.3194 0.0894 
         374  1 0.0704 0.5790 0.1454 0.0981 0.1072 
         375  1 0.8411 0.0285 0.0563 0.0478 0.0263 
         376  1 0.0784 0.0629 0.1468 0.1314 0.5805 
         377  1 0.0646 0.7432 0.0676 0.0806 0.0440 
         378  1 0.1018 0.7244 0.0562 0.0610 0.0567 
         379  1 0.0854 0.0330 0.0829 0.0564 0.7423 
         380  1 0.3763 0.1652 0.1793 0.0942 0.1850 
         381  1 0.1856 0.2730 0.2595 0.2083 0.0735 
         382  1 0.8118 0.0417 0.0461 0.0428 0.0576 
         383  1 0.0395 0.0356 0.2745 0.5796 0.0708 
         384  1 0.1262 0.5274 0.1433 0.1373 0.0658 
         385  1 0.0735 0.2610 0.1753 0.0851 0.4051 
         386  1 0.0749 0.0558 0.2844 0.5055 0.0794 
         387  1 0.0692 0.0357 0.2325 0.6291 0.0335 
         388  1 0.5583 0.2072 0.0996 0.0756 0.0592 
         389  1 0.4378 0.0499 0.0984 0.0652 0.3487 
         390  1 0.6543 0.0478 0.1332 0.1003 0.0644 
         391  1 0.2532 0.0686 0.2512 0.2763 0.1507 
         392  1 0.1547 0.3237 0.2539 0.2152 0.0526 
         393  1 0.2228 0.2109 0.1765 0.1875 0.2022 
         394  1 0.0631 0.0564 0.1398 0.1199 0.6207 
         395  1 0.1291 0.0394 0.5835 0.2114 0.0366 
         396  1 0.6113 0.2020 0.0667 0.0597 0.0602 
         397  1 0.2094 0.1057 0.1875 0.4545 0.0428 
         398  1 0.0934 0.3759 0.2791 0.2158 0.0357 
         399  1 0.6151 0.0471 0.1815 0.1110 0.0452 
         400  1 0.1232 0.0798 0.2201 0.4705 0.1064 
         401  1 0.0552 0.0655 0.2590 0.5797 0.0406 
         402  1 0.0789 0.0823 0.0965 0.1037 0.6386 
         403  1 0.0433 0.5010 0.1477 0.2419 0.0661 
         404  1 0.1233 0.0786 0.4589 0.2119 0.1273 
         405  1 0.2087 0.1730 0.1896 0.0864 0.3422 
         406  1 0.7632 0.0552 0.0728 0.0585 0.0502 
         407  1 0.5687 0.0397 0.1327 0.1488 0.1102 
         408  1 0.0504 0.3420 0.3745 0.1421 0.0910 
         409  1 0.1984 0.0749 0.3477 0.1925 0.1865 
         410  1 0.3382 0.0540 0.2296 0.3343 0.0439 
         411  1 0.0637 0.1486 0.1844 0.5405 0.0629 
         412  1 0.1326 0.1317 0.4055 0.1273 0.2028 
         413  1 0.1660 0.1242 0.1617 0.1112 0.4370 
         414  1 0.1485 0.1606 0.2314 0.2063 0.2532 
         415  1 0.0398 0.7538 0.0659 0.0825 0.0580 
         416  1 0.0699 0.0370 0.0715 0.0542 0.7674 
         417  1 0.1636 0.0802 0.2484 0.4156 0.0922 
         418  1 0.1287 0.0533 0.3351 0.2659 0.2170 
         419  1 0.5918 0.1010 0.1268 0.0711 0.1093 
         420  1 0.1487 0.1121 0.2631 0.4256 0.0505 
         421  1 0.1351 0.1146 0.3104 0.1555 0.2844 
         422  1 0.0534 0.1751 0.3299 0.2080 0.2335 
         423  1 0.0742 0.0275 0.4870 0.3748 0.0366 
         424  1 0.0421 0.8121 0.0534 0.0531 0.0393 
         425  1 0.2642 0.1540 0.2082 0.3177 0.0559 
         426  1 0.0908 0.0948 0.1754 0.2185 0.4206 
         427  1 0.2265 0.0556 0.2688 0.2377 0.2114 
         428  1 0.1213 0.0670 0.2159 0.5164 0.0794 
         429  1 0.0911 0.0396 0.3152 0.5034 0.0508 
         430  1 0.0368 0.8335 0.0530 0.0437 0.0329 
         431  1 0.0675 0.0786 0.5695 0.2147 0.0698 
         432  1 0.0458 0.0590 0.0710 0.0706 0.7536 
         433  1 0.7595 0.0640 0.0570 0.0535 0.0660 
         434  1 0.0861 0.3701 0.0898 0.0696 0.3844 
         435  1 0.2990 0.0513 0.4091 0.1818 0.0588 
         436  1 0.5829 0.0803 0.0906 0.0961 0.1500 
         437  1 0.0642 0.7445 0.0691 0.0769 0.0452 
         438  1 0.0511 0.2623 0.1590 0.1027 0.4248 
         439  1 0.2565 0.0701 0.3289 0.3016 0.0428 
         440  1 0.0321 0.7689 0.0688 0.0670 0.0633 
         441  1 0.2363 0.0501 0.1287 0.0674 0.5175 
         442  1 0.5448 0.1765 0.1415 0.0795 0.0577 
         443  1 0.7972 0.0322 0.0680 0.0602 0.0424 
         444  1 0.0727 0.0625 0.2076 0.6104 0.0468 
         445  1 0.2711 0.0520 0.4771 0.1562 0.0436 
         446  1 0.0412 0.0334 0.0791 0.0635 0.7829 
         447  1 0.2287 0.0733 0.2498 0.4089 0.0393 
         448  1 0.0466 0.5289 0.1970 0.1302 0.0973 
         449  1 0.0651 0.7937 0.0537 0.0418 0.0457 
         450  1 0.0653 0.0458 0.0356 0.0391 0.8141 
         451  1 0.0629 0.0557 0.0910 0.0617 0.7286 
         452  1 0.8241 0.0355 0.0600 0.0462 0.0342 
         453  1 0.0571 0.0529 0.0529 0.0480 0.7891 
         454  1 0.1647 0.0750 0.2390 0.1462 0.3751 
         455  1 0.0857 0.0425 0.2331 0.5479 0.0908 
         456  1 0.0731 0.0548 0.0874 0.0809 0.7038 
         457  1 0.0858 0.6891 0.0685 0.0742 0.0824 
         458  1 0.0581 0.0715 0.1919 0.6426 0.0360 
         459  1 0.1322 0.0482 0.0764 0.0457 0.6976 
         460  1 0.1415 0.0442 0.1893 0.5859 0.0390 
         461  1 0.0729 0.7524 0.0542 0.0544 0.0662 
         462  1 0.0664 0.0426 0.0464 0.0454 0.7992 
         463  1 0.0730 0.1761 0.2548 0.1033 0.3928 
         464  1 0.1702 0.0979 0.1853 0.4820 0.0647 
         465  1 0.0424 0.1521 0.1192 0.0932 0.5931 
         466  1 0.2888 0.0541 0.1876 0.3575 0.1121 
         467  1 0.7801 0.0339 0.0652 0.0567 0.0640 
         468  1 0.0902 0.0660 0.4290 0.3491 0.0656 
         469  1 0.8082 0.0226 0.0590 0.0792 0.0309 
         470  1 0.0657 0.1663 0.3286 0.1600 0.2794 
         471  1 0.1673 0.1456 0.3456 0.2828 0.0587 
         472  1 0.0593 0.1262 0.2306 0.4823 0.1016 
         473  1 0.0415 0.0803 0.2490 0.5672 0.0620 
         474  1 0.2131 0.0490 0.2997 0.3951 0.0430 
         475  1 0.0688 0.2115 0.5445 0.1492 0.0259 
         476  1 0.0289 0.0646 0.1389 0.1081 0.6594 
         477  1 0.0378 0.1169 0.3808 0.4265 0.0380 
         478  1 0.0413 0.8138 0.0494 0.0528 0.0427 
         479  1 0.2726 0.0593 0.2042 0.3927 0.0712 
         480  1 0.7974 0.0524 0.0562 0.0559 0.0381 
         481  1 0.1338 0.5129 0.1560 0.1098 0.0875 
         482  1 0.0917 0.7009 0.0864 0.0598 0.0612 
         483  1 0.1604 0.0994 0.2366 0.3687 0.1349 
         484  1 0.4473 0.0675 0.1629 0.2869 0.0354 
         485  1 0.7881 0.0386 0.0714 0.0694 0.0324 
         486  1 0.0949 0.0338 0.0396 0.0362 0.7955 
         487  1 0.5640 0.0599 0.1344 0.1637 0.0780 
         488  1 0.1039 0.0336 0.4149 0.3902 0.0575 
         489  1 0.1050 0.1202 0.4576 0.2212 0.0961 
         490  1 0.1966 0.0716 0.3961 0.2578 0.0779 
         491  1 0.7829 0.0433 0.0659 0.0560 0.0519 
         492  1 0.7979 0.0412 0.0711 0.0641 0.0257 
