           1  1 0.1658 0.1417 0.1780 0.1143 0.1508 0.1239 0.1254 
           2  1 0.1405 0.1868 0.1523 0.1508 0.1762 0.0450 0.1483 
           3  1 0.1631 0.1701 0.1791 0.1246 0.1803 0.0279 0.1548 
           4  1 0.1422 0.1614 0.1561 0.1467 0.1605 0.0890 0.1440 
           5  1 0.1593 0.1834 0.1586 0.1327 0.1934 0.0149 0.1576 
           6  1 0.1410 0.1878 0.1433 0.1766 0.1680 0.0518 0.1315 
           7  1 0.1558 0.1785 0.2162 0.1265 0.1596 0.0136 0.1499 
           8  1 0.0905 0.0857 0.0879 0.0893 0.0862 0.4686 0.0917 
           9  1 0.1483 0.1644 0.1751 0.1608 0.1892 0.0112 0.1510 
          10  1 0.1618 0.1794 0.1611 0.1495 0.1661 0.0260 0.1560 
          11  1 0.1699 0.1711 0.1663 0.1534 0.1578 0.0156 0.1660 
          12  1 0.1670 0.1834 0.1613 0.1371 0.1788 0.0230 0.1494 
          13  1 0.1465 0.1812 0.1388 0.1853 0.1754 0.0242 0.1486 
          14  1 0.1560 0.1772 0.1864 0.1223 0.2059 0.0202 0.1320 
          15  1 0.1355 0.1855 0.1474 0.1536 0.1725 0.0538 0.1518 
          16  1 0.1744 0.1882 0.1661 0.1369 0.1861 0.0207 0.1275 
          17  1 0.1550 0.1565 0.1556 0.1908 0.1611 0.0208 0.1602 
          18  1 0.1215 0.1420 0.1209 0.1382 0.1421 0.2186 0.1166 
          19  1 0.1708 0.1606 0.1541 0.1197 0.1790 0.0596 0.1563 
          20  1 0.1741 0.1697 0.1809 0.1243 0.1800 0.0149 0.1561 
          21  1 0.1617 0.1622 0.1780 0.1482 0.1802 0.0213 0.1483 
          22  1 0.1598 0.1543 0.1480 0.2018 0.1578 0.0131 0.1654 
          23  1 0.1459 0.1727 0.1603 0.1488 0.1680 0.0663 0.1380 
          24  1 0.1449 0.1593 0.1585 0.1657 0.1834 0.0395 0.1486 
          25  1 0.1540 0.1651 0.1769 0.1665 0.1480 0.0204 0.1692 
          26  1 0.1695 0.1692 0.1701 0.1299 0.1874 0.0213 0.1527 
          27  1 0.1743 0.1656 0.1727 0.1219 0.1839 0.0289 0.1527 
          28  1 0.1479 0.1736 0.1487 0.1578 0.1906 0.0266 0.1547 
          29  1 0.1538 0.2021 0.1413 0.1577 0.2007 0.0120 0.1324 
          30  1 0.1522 0.1874 0.1607 0.1518 0.1643 0.0252 0.1585 
          31  1 0.1563 0.1479 0.1564 0.1857 0.1348 0.0614 0.1574 
          32  1 0.1507 0.1970 0.1407 0.1747 0.1746 0.0165 0.1457 
          33  1 0.1356 0.1992 0.1243 0.1823 0.1750 0.0471 0.1365 
          34  1 0.1642 0.1457 0.1641 0.1624 0.1600 0.0324 0.1712 
          35  1 0.1560 0.1548 0.1605 0.1711 0.1590 0.0250 0.1736 
          36  1 0.1368 0.2165 0.1593 0.1607 0.1620 0.0135 0.1512 
          37  1 0.1803 0.1888 0.1457 0.1236 0.1977 0.0156 0.1483 
          38  1 0.1553 0.1751 0.1441 0.1547 0.1823 0.0139 0.1746 
          39  1 0.1509 0.1646 0.1768 0.1452 0.1748 0.0335 0.1541 
          40  1 0.1275 0.1230 0.1261 0.1760 0.1091 0.1962 0.1420 
          41  1 0.1655 0.1723 0.1757 0.1315 0.1592 0.0229 0.1729 
          42  1 0.1545 0.1812 0.1566 0.1694 0.1558 0.0140 0.1686 
          43  1 0.1932 0.1786 0.1567 0.1018 0.1677 0.0456 0.1566 
          44  1 0.1722 0.1793 0.1789 0.1291 0.1764 0.0208 0.1432 
          45  1 0.1303 0.2058 0.1533 0.1645 0.1813 0.0137 0.1511 
          46  1 0.1409 0.1978 0.1449 0.1715 0.1929 0.0287 0.1233 
          47  1 0.1745 0.1523 0.1722 0.1474 0.1791 0.0310 0.1434 
          48  1 0.1470 0.1448 0.1541 0.1623 0.1475 0.0989 0.1454 
          49  1 0.1507 0.1788 0.1505 0.1535 0.1887 0.0231 0.1547 
          50  1 0.1436 0.1960 0.1470 0.1751 0.1936 0.0097 0.1350 
          51  1 0.1558 0.1633 0.1663 0.1655 0.1659 0.0387 0.1444 
          52  1 0.1615 0.1925 0.1747 0.1200 0.1651 0.0178 0.1683 
          53  1 0.1539 0.1691 0.1611 0.1662 0.1781 0.0197 0.1520 
          54  1 0.1624 0.1714 0.1624 0.1282 0.1603 0.0714 0.1440 
          55  1 0.1165 0.1310 0.1137 0.1030 0.1235 0.3091 0.1032 
          56  1 0.1894 0.1672 0.1861 0.1119 0.1771 0.0223 0.1460 
          57  1 0.1342 0.2167 0.1235 0.1854 0.1809 0.0086 0.1507 
          58  1 0.1685 0.1630 0.1344 0.1770 0.2081 0.0214 0.1276 
          59  1 0.1403 0.2051 0.1384 0.1715 0.2042 0.0100 0.1305 
          60  1 0.1538 0.1856 0.1624 0.1465 0.1829 0.0144 0.1544 
          61  1 0.1373 0.1478 0.1536 0.1338 0.1597 0.1321 0.1357 
          62  1 0.1313 0.2095 0.1550 0.1536 0.1946 0.0092 0.1467 
          63  1 0.1638 0.1497 0.1495 0.1758 0.1789 0.0304 0.1518 
          64  1 0.1598 0.1760 0.1631 0.1341 0.1903 0.0183 0.1584 
          65  1 0.1657 0.1853 0.1379 0.1413 0.1863 0.0291 0.1544 
          66  1 0.1495 0.1627 0.1724 0.1616 0.1703 0.0268 0.1568 
          67  1 0.1509 0.1729 0.1638 0.1783 0.1685 0.0143 0.1513 
          68  1 0.1456 0.1968 0.1623 0.1515 0.1724 0.0149 0.1564 
          69  1 0.1527 0.1657 0.1400 0.1716 0.1793 0.0397 0.1510 
          70  1 0.1534 0.1079 0.1437 0.2607 0.1056 0.0385 0.1901 
          71  1 0.1340 0.1378 0.1407 0.1124 0.1499 0.1997 0.1256 
          72  1 0.1495 0.2019 0.1525 0.1683 0.1810 0.0133 0.1336 
          73  1 0.1744 0.1475 0.1777 0.1286 0.1540 0.0554 0.1625 
          74  1 0.1541 0.1695 0.1566 0.1531 0.1576 0.0588 0.1503 
          75  1 0.1572 0.1722 0.1794 0.1421 0.1721 0.0233 0.1536 
          76  1 0.1459 0.1419 0.1490 0.1635 0.1509 0.0851 0.1637 
          77  1 0.1480 0.1597 0.1512 0.1666 0.1331 0.0728 0.1687 
          78  1 0.1900 0.1702 0.1485 0.1072 0.1969 0.0288 0.1584 
          79  1 0.1863 0.1720 0.1801 0.1107 0.1986 0.0116 0.1406 
          80  1 0.1293 0.1723 0.1416 0.1484 0.1482 0.1170 0.1432 
          81  1 0.1577 0.1470 0.1441 0.1462 0.1461 0.1042 0.1547 
          82  1 0.1810 0.1632 0.1630 0.1510 0.1712 0.0274 0.1432 
          83  1 0.1643 0.1561 0.1643 0.1660 0.1487 0.0525 0.1481 
          84  1 0.1502 0.1383 0.1628 0.1883 0.1448 0.0482 0.1675 
          85  1 0.1404 0.2010 0.1346 0.1785 0.1803 0.0283 0.1370 
          86  1 0.1345 0.1327 0.1442 0.1414 0.1373 0.1657 0.1443 
          87  1 0.1425 0.1696 0.1709 0.1429 0.1814 0.0183 0.1745 
          88  1 0.1468 0.1846 0.1494 0.1566 0.1767 0.0427 0.1433 
          89  1 0.1622 0.1495 0.1770 0.1688 0.1438 0.0379 0.1608 
          90  1 0.1411 0.1358 0.1451 0.1239 0.1451 0.1811 0.1279 
          91  1 0.1538 0.1584 0.1610 0.1696 0.1587 0.0482 0.1502 
          92  1 0.1656 0.1734 0.1498 0.1470 0.1832 0.0383 0.1427 
          93  1 0.1471 0.1674 0.1595 0.1575 0.1816 0.0367 0.1501 
          94  1 0.1414 0.1328 0.1327 0.1119 0.1325 0.2181 0.1306 
          95  1 0.1312 0.2124 0.1508 0.1598 0.1720 0.0325 0.1413 
          96  1 0.1552 0.1867 0.1664 0.1173 0.1629 0.0490 0.1626 
          97  1 0.1638 0.1841 0.1735 0.1490 0.1547 0.0165 0.1583 
          98  1 0.1636 0.1120 0.1502 0.2435 0.1307 0.0177 0.1823 
          99  1 0.1704 0.1649 0.1655 0.1585 0.1492 0.0176 0.1740 
         100  1 0.1990 0.1553 0.1226 0.1425 0.1998 0.0266 0.1541 
         101  1 0.1856 0.1667 0.1339 0.1322 0.1816 0.0527 0.1475 
         102  1 0.1304 0.2019 0.1245 0.2018 0.1938 0.0168 0.1308 
         103  1 0.1703 0.1304 0.1457 0.1051 0.1687 0.1651 0.1147 
         104  1 0.1491 0.1496 0.1631 0.1919 0.1499 0.0248 0.1715 
         105  1 0.1550 0.1571 0.1866 0.1288 0.1812 0.0355 0.1559 
         106  1 0.1596 0.1334 0.1481 0.2220 0.1269 0.0410 0.1690 
         107  1 0.1843 0.1603 0.1364 0.1505 0.1981 0.0297 0.1407 
         108  1 0.1452 0.1971 0.1302 0.1710 0.1895 0.0353 0.1317 
         109  1 0.1664 0.1491 0.1776 0.1516 0.1588 0.0368 0.1597 
         110  1 0.1561 0.1724 0.1878 0.1368 0.1594 0.0255 0.1621 
         111  1 0.1658 0.1483 0.1550 0.1881 0.1438 0.0391 0.1598 
         112  1 0.2041 0.1469 0.1511 0.1438 0.1931 0.0294 0.1316 
         113  1 0.1493 0.1963 0.1739 0.1320 0.1709 0.0169 0.1606 
         114  1 0.1532 0.1854 0.1638 0.1264 0.1630 0.0592 0.1489 
         115  1 0.1788 0.1489 0.1563 0.1473 0.1835 0.0410 0.1442 
         116  1 0.1600 0.1596 0.1814 0.1727 0.1637 0.0153 0.1472 
         117  1 0.1727 0.1817 0.1689 0.1126 0.1722 0.0356 0.1563 
         118  1 0.1603 0.1726 0.1557 0.1395 0.1641 0.0455 0.1623 
         119  1 0.1543 0.1008 0.1532 0.2749 0.0975 0.0295 0.1898 
         120  1 0.1360 0.1405 0.1361 0.1348 0.1262 0.1848 0.1416 
         121  1 0.1604 0.1503 0.1641 0.1658 0.1542 0.0382 0.1669 
         122  1 0.1572 0.1230 0.1356 0.2527 0.1281 0.0315 0.1719 
         123  1 0.1540 0.1668 0.1469 0.1725 0.1733 0.0169 0.1696 
         124  1 0.1613 0.1696 0.1538 0.1708 0.1648 0.0186 0.1611 
         125  1 0.1644 0.1054 0.1631 0.2288 0.1132 0.0585 0.1666 
         126  1 0.1420 0.1825 0.1348 0.1863 0.1823 0.0157 0.1563 
         127  1 0.1589 0.1666 0.1698 0.1465 0.1855 0.0294 0.1432 
         128  1 0.1815 0.1623 0.1551 0.1564 0.1665 0.0189 0.1591 
         129  1 0.1379 0.1110 0.1458 0.1191 0.1265 0.2249 0.1348 
         130  1 0.1432 0.1170 0.1626 0.2220 0.1195 0.0684 0.1673 
         131  1 0.1579 0.1740 0.1664 0.1590 0.1721 0.0296 0.1411 
         132  1 0.1517 0.1871 0.1583 0.1487 0.1588 0.0184 0.1770 
         133  1 0.1488 0.1287 0.1823 0.2072 0.1339 0.0154 0.1837 
         134  1 0.1448 0.1969 0.1641 0.1508 0.1734 0.0330 0.1370 
         135  1 0.0891 0.0776 0.0883 0.0730 0.0768 0.5113 0.0839 
         136  1 0.1490 0.1618 0.1516 0.1761 0.1687 0.0383 0.1543 
         137  1 0.1582 0.1435 0.1461 0.1002 0.1524 0.1579 0.1417 
         138  1 0.1506 0.1879 0.1549 0.1558 0.1738 0.0231 0.1539 
         139  1 0.1723 0.1549 0.1715 0.1365 0.1638 0.0306 0.1704 
         140  1 0.1669 0.1740 0.1786 0.1128 0.1739 0.0452 0.1486 
         141  1 0.1534 0.1368 0.1988 0.1226 0.1434 0.0747 0.1703 
         142  1 0.1759 0.1548 0.1424 0.1485 0.1686 0.0597 0.1500 
         143  1 0.1631 0.1587 0.1583 0.1338 0.1676 0.0480 0.1704 
         144  1 0.1536 0.1774 0.1550 0.1692 0.1747 0.0186 0.1515 
         145  1 0.1332 0.2003 0.1176 0.2029 0.1896 0.0139 0.1424 
         146  1 0.1998 0.1673 0.1596 0.1237 0.1642 0.0464 0.1390 
         147  1 0.1481 0.1927 0.1444 0.1591 0.1845 0.0174 0.1538 
         148  1 0.1771 0.1858 0.1628 0.1245 0.1612 0.0192 0.1694 
         149  1 0.1702 0.1565 0.1655 0.1368 0.1594 0.0387 0.1730 
         150  1 0.1663 0.1558 0.1429 0.1193 0.1606 0.1162 0.1388 
         151  1 0.1605 0.1493 0.1735 0.1529 0.1524 0.0471 0.1644 
         152  1 0.1669 0.1620 0.1511 0.1530 0.1687 0.0372 0.1610 
         153  1 0.1739 0.1818 0.1683 0.1263 0.1656 0.0316 0.1525 
         154  1 0.1434 0.1267 0.1618 0.2753 0.0990 0.0132 0.1807 
         155  1 0.1565 0.1600 0.1482 0.1659 0.1557 0.0512 0.1625 
         156  1 0.1527 0.1695 0.2005 0.1192 0.1647 0.0380 0.1554 
         157  1 0.1612 0.1627 0.1626 0.1448 0.1769 0.0300 0.1619 
         158  1 0.1548 0.1357 0.1642 0.1360 0.1402 0.1248 0.1443 
         159  1 0.1478 0.1779 0.1568 0.1590 0.1889 0.0310 0.1387 
         160  1 0.1622 0.1476 0.1708 0.1835 0.1475 0.0253 0.1630 
         161  1 0.1330 0.1346 0.1432 0.1573 0.1293 0.1597 0.1430 
         162  1 0.1675 0.1683 0.1558 0.1668 0.1403 0.0255 0.1757 
         163  1 0.1581 0.1678 0.1546 0.1519 0.1505 0.0646 0.1526 
         164  1 0.1530 0.1461 0.1429 0.1973 0.1452 0.0377 0.1777 
         165  1 0.1540 0.1613 0.1712 0.1673 0.1522 0.0251 0.1690 
         166  1 0.1786 0.1603 0.1816 0.1199 0.1697 0.0427 0.1473 
         167  1 0.1655 0.1302 0.1480 0.2095 0.1498 0.0259 0.1711 
         168  1 0.1442 0.1542 0.1363 0.1380 0.1515 0.1427 0.1331 
         169  1 0.1557 0.1094 0.1495 0.2750 0.0893 0.0290 0.1922 
         170  1 0.1508 0.1512 0.1492 0.2216 0.1303 0.0159 0.1810 
         171  1 0.1721 0.1833 0.1494 0.1627 0.1759 0.0210 0.1356 
         172  1 0.1426 0.1665 0.1403 0.2001 0.1616 0.0244 0.1645 
         173  1 0.1739 0.1771 0.1420 0.1227 0.1868 0.0436 0.1540 
         174  1 0.1585 0.1595 0.1592 0.1611 0.1746 0.0361 0.1510 
         175  1 0.1479 0.1145 0.1258 0.2679 0.1160 0.0323 0.1956 
         176  1 0.1571 0.1609 0.1753 0.1340 0.1685 0.0519 0.1523 
         177  1 0.1475 0.1525 0.1606 0.1382 0.1609 0.0898 0.1504 
         178  1 0.1669 0.1699 0.1685 0.1481 0.1600 0.0307 0.1560 
         179  1 0.1743 0.1636 0.2036 0.1318 0.1631 0.0270 0.1366 
         180  1 0.1392 0.1502 0.2048 0.1852 0.1439 0.0070 0.1696 
         181  1 0.1619 0.1485 0.1619 0.1508 0.1568 0.0559 0.1642 
         182  1 0.1370 0.1206 0.1381 0.1240 0.1355 0.2215 0.1234 
         183  1 0.1341 0.1230 0.1464 0.2029 0.1124 0.1168 0.1646 
         184  1 0.1477 0.1123 0.1540 0.2449 0.1106 0.0518 0.1788 
         185  1 0.1555 0.1541 0.1819 0.1527 0.1521 0.0556 0.1482 
         186  1 0.1380 0.1213 0.1611 0.2606 0.0970 0.0269 0.1950 
         187  1 0.1437 0.1263 0.1524 0.2654 0.0907 0.0187 0.2028 
         188  1 0.1474 0.1188 0.1522 0.2688 0.0997 0.0209 0.1922 
         189  1 0.1636 0.1752 0.1670 0.1342 0.1735 0.0292 0.1572 
         190  1 0.1567 0.1108 0.1444 0.2815 0.0880 0.0331 0.1855 
         191  1 0.1588 0.1726 0.1596 0.1524 0.1844 0.0214 0.1507 
         192  1 0.0688 0.0737 0.0796 0.0627 0.0760 0.5716 0.0676 
         193  1 0.0872 0.0902 0.0922 0.0795 0.0753 0.4972 0.0782 
         194  1 0.1373 0.1028 0.1291 0.2471 0.0848 0.1226 0.1763 
         195  1 0.1495 0.1210 0.1636 0.2127 0.1121 0.0599 0.1812 
         196  1 0.1661 0.1408 0.1810 0.1502 0.1661 0.0186 0.1772 
         197  1 0.1528 0.1663 0.1645 0.1408 0.1749 0.0768 0.1238 
         198  1 0.1689 0.1765 0.1728 0.1378 0.1711 0.0206 0.1522 
         199  1 0.1610 0.1450 0.1733 0.1405 0.1495 0.0779 0.1528 
         200  1 0.1591 0.1445 0.1781 0.1463 0.1579 0.0588 0.1554 
         201  1 0.1422 0.1399 0.1477 0.1422 0.1578 0.1301 0.1402 
         202  1 0.1305 0.1988 0.1642 0.1767 0.1607 0.0091 0.1600 
         203  1 0.1914 0.1710 0.1298 0.1126 0.1893 0.0524 0.1536 
         204  1 0.1542 0.1269 0.1793 0.1942 0.1315 0.0153 0.1986 
         205  1 0.1713 0.1854 0.1505 0.1624 0.1693 0.0128 0.1482 
         206  1 0.1411 0.1784 0.1581 0.1674 0.1546 0.0275 0.1729 
         207  1 0.1440 0.1414 0.2100 0.1650 0.1438 0.0235 0.1722 
         208  1 0.1584 0.1509 0.1661 0.1952 0.1427 0.0119 0.1749 
         209  1 0.1303 0.1230 0.1363 0.1226 0.1294 0.2278 0.1306 
         210  1 0.1579 0.1714 0.1580 0.1488 0.1663 0.0224 0.1752 
         211  1 0.1472 0.1509 0.1528 0.2024 0.1442 0.0292 0.1734 
         212  1 0.1509 0.1141 0.1419 0.2090 0.1280 0.0926 0.1635 
         213  1 0.1906 0.1553 0.1539 0.1322 0.1787 0.0359 0.1536 
         214  1 0.1798 0.1872 0.1376 0.1058 0.1861 0.0448 0.1586 
         215  1 0.1570 0.1493 0.1651 0.1595 0.1453 0.0526 0.1710 
         216  1 0.1583 0.1254 0.1478 0.2183 0.1281 0.0363 0.1858 
         217  1 0.1866 0.1756 0.1516 0.1094 0.1791 0.0280 0.1697 
         218  1 0.1529 0.1285 0.1906 0.1898 0.1211 0.0201 0.1969 
         219  1 0.1607 0.1589 0.1704 0.1749 0.1519 0.0147 0.1685 
         220  1 0.1505 0.1394 0.1664 0.1546 0.1757 0.0691 0.1442 
         221  1 0.1433 0.1696 0.1744 0.1377 0.1804 0.0520 0.1427 
         222  1 0.1512 0.1451 0.1590 0.1430 0.1546 0.0774 0.1698 
         223  1 0.1190 0.1205 0.1234 0.1111 0.1224 0.2790 0.1247 
         224  1 0.1471 0.1620 0.1743 0.1437 0.1884 0.0342 0.1502 
         225  1 0.1582 0.1585 0.1528 0.1787 0.1792 0.0209 0.1516 
         226  1 0.1548 0.1782 0.1490 0.1816 0.1842 0.0205 0.1316 
         227  1 0.1439 0.1334 0.1332 0.1785 0.1403 0.0958 0.1749 
         228  1 0.1486 0.1359 0.1658 0.1808 0.1495 0.0447 0.1747 
         229  1 0.1689 0.1581 0.1843 0.1454 0.1608 0.0162 0.1663 
         230  1 0.1664 0.1536 0.1296 0.1801 0.1525 0.0346 0.1832 
         231  1 0.1505 0.1772 0.1640 0.1761 0.1724 0.0146 0.1453 
         232  1 0.1639 0.1632 0.1746 0.1505 0.1623 0.0196 0.1658 
         233  1 0.1592 0.1661 0.1674 0.1437 0.1763 0.0401 0.1472 
         234  1 0.1509 0.1442 0.1786 0.1928 0.1329 0.0211 0.1795 
         235  1 0.1361 0.1863 0.1357 0.1938 0.1887 0.0164 0.1430 
         236  1 0.1781 0.1534 0.2004 0.1125 0.1835 0.0155 0.1565 
         237  1 0.1480 0.1878 0.1185 0.1897 0.1920 0.0260 0.1379 
         238  1 0.1667 0.1653 0.1653 0.1479 0.1531 0.0499 0.1518 
         239  1 0.1273 0.2184 0.1532 0.1621 0.1907 0.0072 0.1411 
         240  1 0.1344 0.1325 0.1547 0.1147 0.1304 0.1955 0.1377 
         241  1 0.1551 0.1811 0.1805 0.1447 0.1494 0.0187 0.1705 
         242  1 0.1680 0.1681 0.1574 0.1428 0.1814 0.0476 0.1348 
         243  1 0.1418 0.1929 0.1643 0.1654 0.1799 0.0197 0.1360 
         244  1 0.1592 0.1495 0.1654 0.1521 0.1575 0.0399 0.1763 
         245  1 0.1456 0.1529 0.1429 0.2367 0.1298 0.0191 0.1729 
         246  1 0.1517 0.1936 0.1519 0.1526 0.1850 0.0097 0.1555 
         247  1 0.1637 0.1456 0.1661 0.1483 0.1511 0.0626 0.1625 
         248  1 0.1563 0.1604 0.1869 0.1270 0.1733 0.0586 0.1374 
         249  1 0.1371 0.1224 0.1448 0.1752 0.1257 0.1465 0.1482 
         250  1 0.1775 0.1729 0.1391 0.1634 0.1668 0.0238 0.1564 
         251  1 0.1563 0.1649 0.1449 0.1631 0.1556 0.0245 0.1906 
         252  1 0.1658 0.1744 0.1549 0.1551 0.1728 0.0122 0.1649 
         253  1 0.1331 0.1364 0.1422 0.1078 0.1389 0.2067 0.1348 
         254  1 0.0459 0.0383 0.0422 0.0576 0.0341 0.7237 0.0582 
         255  1 0.1586 0.1657 0.1680 0.1513 0.1498 0.0601 0.1465 
         256  1 0.1493 0.1061 0.1468 0.2804 0.0883 0.0246 0.2045 
         257  1 0.1624 0.1447 0.1725 0.1380 0.1589 0.0742 0.1493 
         258  1 0.1480 0.1655 0.1578 0.1538 0.1862 0.0327 0.1561 
         259  1 0.1731 0.1760 0.1536 0.1288 0.1792 0.0378 0.1515 
         260  1 0.1761 0.1502 0.1674 0.1653 0.1579 0.0086 0.1744 
         261  1 0.1674 0.1237 0.1796 0.1911 0.1447 0.0166 0.1768 
         262  1 0.1611 0.1484 0.1657 0.1798 0.1421 0.0200 0.1828 
         263  1 0.1560 0.1473 0.1535 0.1602 0.1630 0.0531 0.1669 
         264  1 0.1581 0.1731 0.1632 0.1509 0.1937 0.0181 0.1430 
         265  1 0.1508 0.1664 0.1369 0.1085 0.1532 0.1523 0.1319 
         266  1 0.1412 0.1736 0.1476 0.1680 0.1884 0.0211 0.1600 
         267  1 0.1667 0.1628 0.1735 0.1439 0.1725 0.0261 0.1545 
         268  1 0.1744 0.1644 0.1390 0.1376 0.1945 0.0270 0.1631 
         269  1 0.1636 0.1630 0.1585 0.1523 0.1656 0.0483 0.1487 
         270  1 0.1132 0.0979 0.1147 0.1858 0.0717 0.2766 0.1401 
         271  1 0.1895 0.1733 0.1516 0.1442 0.1620 0.0238 0.1557 
         272  1 0.1630 0.1510 0.1540 0.2041 0.1360 0.0207 0.1712 
         273  1 0.1837 0.1597 0.1888 0.1237 0.1925 0.0133 0.1383 
         274  1 0.1361 0.2050 0.1423 0.1737 0.2021 0.0133 0.1274 
         275  1 0.1848 0.1675 0.1544 0.1288 0.1766 0.0311 0.1567 
         276  1 0.1921 0.1700 0.1642 0.1260 0.1775 0.0220 0.1482 
         277  1 0.1464 0.1226 0.1290 0.2498 0.0967 0.0693 0.1861 
         278  1 0.1882 0.1570 0.1676 0.1109 0.1695 0.0555 0.1514 
         279  1 0.1830 0.1731 0.1695 0.1464 0.1421 0.0095 0.1764 
         280  1 0.1549 0.1849 0.1556 0.1609 0.1982 0.0185 0.1269 
         281  1 0.1578 0.1460 0.1517 0.1313 0.1552 0.1181 0.1400 
         282  1 0.1468 0.1696 0.1595 0.1655 0.1829 0.0209 0.1547 
         283  1 0.1512 0.1383 0.1535 0.2184 0.1285 0.0119 0.1981 
         284  1 0.1523 0.1168 0.1559 0.2542 0.1097 0.0152 0.1960 
         285  1 0.1643 0.1714 0.1545 0.1497 0.1668 0.0308 0.1625 
         286  1 0.1355 0.1481 0.1225 0.1462 0.1379 0.1700 0.1398 
         287  1 0.1535 0.1564 0.1646 0.1547 0.1766 0.0268 0.1674 
         288  1 0.1671 0.1554 0.1696 0.1489 0.1750 0.0175 0.1666 
         289  1 0.1691 0.1517 0.1589 0.1668 0.1514 0.0300 0.1721 
         290  1 0.1715 0.1564 0.1837 0.1438 0.1588 0.0176 0.1683 
         291  1 0.1473 0.1388 0.1878 0.1718 0.1381 0.0395 0.1767 
         292  1 0.1551 0.0923 0.1460 0.2948 0.0857 0.0279 0.1982 
         293  1 0.1690 0.1652 0.1574 0.1171 0.1884 0.0216 0.1813 
         294  1 0.1751 0.1517 0.1544 0.1758 0.1455 0.0203 0.1772 
         295  1 0.1541 0.1674 0.1688 0.1403 0.1560 0.0320 0.1813 
         296  1 0.1625 0.1434 0.1525 0.1315 0.1563 0.1138 0.1400 
         297  1 0.1502 0.1994 0.1505 0.1557 0.1576 0.0340 0.1525 
         298  1 0.1610 0.1703 0.1726 0.1455 0.1877 0.0122 0.1506 
         299  1 0.1662 0.1463 0.1646 0.1603 0.1569 0.0366 0.1691 
         300  1 0.1420 0.1450 0.1447 0.1573 0.1337 0.1193 0.1581 
         301  1 0.1415 0.1415 0.1457 0.0986 0.1306 0.1894 0.1528 
         302  1 0.1624 0.1540 0.1634 0.1608 0.1563 0.0365 0.1666 
         303  1 0.1530 0.1702 0.1533 0.1551 0.1815 0.0382 0.1487 
         304  1 0.1424 0.1992 0.1210 0.1865 0.1881 0.0294 0.1334 
         305  1 0.1623 0.1479 0.1646 0.1939 0.1518 0.0229 0.1567 
         306  1 0.1895 0.1445 0.1553 0.1267 0.1939 0.0463 0.1438 
         307  1 0.1567 0.1386 0.1633 0.2179 0.1291 0.0169 0.1776 
         308  1 0.1569 0.1786 0.1708 0.1488 0.1773 0.0348 0.1329 
         309  1 0.1373 0.2034 0.1568 0.1510 0.1558 0.0346 0.1612 
         310  1 0.1338 0.0989 0.1376 0.3306 0.0594 0.0277 0.2121 
         311  1 0.1597 0.1685 0.1674 0.1606 0.1627 0.0248 0.1562 
         312  1 0.1541 0.1784 0.1645 0.1542 0.1691 0.0372 0.1425 
         313  1 0.1523 0.1772 0.1706 0.1575 0.1707 0.0183 0.1535 
         314  1 0.1457 0.1930 0.1303 0.1684 0.1936 0.0241 0.1449 
         315  1 0.1463 0.1428 0.2067 0.1850 0.1405 0.0158 0.1629 
         316  1 0.1144 0.1193 0.1072 0.1317 0.1216 0.2897 0.1161 
         317  1 0.1544 0.1340 0.1499 0.2197 0.1264 0.0276 0.1879 
         318  1 0.1656 0.1670 0.1594 0.1501 0.1745 0.0200 0.1634 
         319  1 0.1727 0.1807 0.1723 0.1226 0.1710 0.0261 0.1545 
         320  1 0.1622 0.1563 0.1630 0.1668 0.1727 0.0276 0.1514 
         321  1 0.1035 0.1035 0.1048 0.0911 0.1011 0.3892 0.1068 
         322  1 0.1584 0.1483 0.1658 0.1692 0.1514 0.0428 0.1640 
         323  1 0.1690 0.1835 0.1546 0.1279 0.1890 0.0346 0.1413 
         324  1 0.1570 0.1107 0.1661 0.2051 0.1398 0.0319 0.1894 
         325  1 0.1722 0.1584 0.1714 0.1510 0.1931 0.0133 0.1407 
         326  1 0.1695 0.1855 0.1360 0.1802 0.1416 0.0149 0.1723 
         327  1 0.1563 0.1537 0.1532 0.1300 0.1426 0.1147 0.1494 
         328  1 0.1491 0.1578 0.1551 0.1995 0.1514 0.0104 0.1767 
         329  1 0.1536 0.1931 0.1564 0.1311 0.1678 0.0275 0.1704 
         330  1 0.1456 0.1570 0.1413 0.1600 0.1490 0.0926 0.1547 
         331  1 0.1696 0.1491 0.1745 0.1521 0.1743 0.0381 0.1423 
         332  1 0.1529 0.1459 0.1817 0.1850 0.1463 0.0145 0.1737 
         333  1 0.1702 0.1739 0.1832 0.1294 0.1588 0.0174 0.1671 
         334  1 0.1663 0.1328 0.1592 0.2064 0.1289 0.0247 0.1816 
         335  1 0.1356 0.1399 0.1613 0.1238 0.1362 0.1593 0.1438 
         336  1 0.1668 0.1675 0.1468 0.1333 0.1737 0.0625 0.1494 
         337  1 0.1411 0.0971 0.1382 0.3355 0.0622 0.0094 0.2166 
         338  1 0.1692 0.1483 0.1913 0.1446 0.1550 0.0133 0.1782 
         339  1 0.1310 0.0930 0.1365 0.3446 0.0530 0.0259 0.2159 
         340  1 0.1220 0.1022 0.1160 0.1480 0.1056 0.2700 0.1362 
         341  1 0.1523 0.1496 0.1555 0.1577 0.1432 0.0872 0.1544 
         342  1 0.1555 0.1574 0.1616 0.1910 0.1443 0.0244 0.1658 
         343  1 0.1836 0.1876 0.1398 0.1338 0.1822 0.0191 0.1538 
         344  1 0.1837 0.1698 0.1521 0.1537 0.1457 0.0367 0.1584 
         345  1 0.1793 0.1490 0.1729 0.1399 0.1912 0.0166 0.1511 
         346  1 0.1548 0.1903 0.1548 0.1537 0.1706 0.0268 0.1490 
         347  1 0.2073 0.1911 0.1295 0.1119 0.1960 0.0188 0.1455 
         348  1 0.1508 0.1441 0.1564 0.1618 0.1610 0.0390 0.1868 
         349  1 0.1609 0.1598 0.1782 0.1303 0.1683 0.0422 0.1603 
         350  1 0.1437 0.1509 0.1522 0.1241 0.1337 0.1526 0.1427 
         351  1 0.1495 0.1976 0.1655 0.1256 0.1516 0.0532 0.1571 
         352  1 0.1499 0.1867 0.1859 0.1441 0.1613 0.0139 0.1582 
         353  1 0.0912 0.0700 0.0663 0.0558 0.0874 0.5644 0.0649 
         354  1 0.1615 0.1737 0.1483 0.1564 0.1848 0.0198 0.1555 
         355  1 0.1706 0.1521 0.1980 0.1276 0.1601 0.0159 0.1758 
         356  1 0.1528 0.1660 0.1498 0.1540 0.1615 0.0472 0.1686 
         357  1 0.1948 0.1490 0.1535 0.1245 0.1749 0.0297 0.1736 
         358  1 0.1811 0.1475 0.1768 0.1543 0.1641 0.0216 0.1546 
         359  1 0.1695 0.1519 0.1763 0.1257 0.1515 0.0674 0.1578 
         360  1 0.1933 0.1568 0.1663 0.1133 0.1801 0.0418 0.1484 
         361  1 0.1484 0.1816 0.1700 0.1559 0.1583 0.0267 0.1592 
         362  1 0.1527 0.1257 0.1448 0.1290 0.1327 0.1861 0.1291 
         363  1 0.1533 0.1476 0.1363 0.1551 0.1471 0.1045 0.1561 
         364  1 0.1688 0.1439 0.1632 0.1432 0.1630 0.0480 0.1699 
         365  1 0.1476 0.1252 0.1447 0.1437 0.1498 0.1504 0.1387 
         366  1 0.1612 0.1741 0.1659 0.1192 0.1731 0.0558 0.1506 
         367  1 0.0635 0.0536 0.0628 0.0830 0.0562 0.6158 0.0650 
         368  1 0.1650 0.1558 0.1578 0.1701 0.1462 0.0202 0.1850 
         369  1 0.1523 0.1581 0.1516 0.1942 0.1459 0.0222 0.1757 
         370  1 0.1914 0.1825 0.1285 0.1094 0.1931 0.0433 0.1518 
         371  1 0.1407 0.1701 0.1411 0.1523 0.1711 0.0832 0.1415 
         372  1 0.1522 0.1713 0.1392 0.1781 0.1817 0.0256 0.1519 
         373  1 0.1533 0.1570 0.1401 0.1259 0.1542 0.1139 0.1556 
         374  1 0.1651 0.1457 0.1874 0.1194 0.1709 0.0423 0.1692 
         375  1 0.1600 0.1665 0.1899 0.1061 0.1479 0.0711 0.1584 
         376  1 0.1658 0.1505 0.1738 0.1200 0.1431 0.0706 0.1761 
         377  1 0.1923 0.1554 0.1557 0.1207 0.1883 0.0240 0.1637 
         378  1 0.1605 0.1416 0.1663 0.1880 0.1634 0.0193 0.1608 
         379  1 0.1558 0.1830 0.1689 0.1377 0.1415 0.0562 0.1569 
         380  1 0.1640 0.1398 0.1627 0.1451 0.1468 0.0561 0.1855 
         381  1 0.1647 0.1804 0.1787 0.1247 0.1711 0.0288 0.1516 
         382  1 0.1431 0.1946 0.1654 0.1464 0.1822 0.0224 0.1459 
         383  1 0.1614 0.1722 0.1717 0.1274 0.1779 0.0398 0.1496 
         384  1 0.1572 0.1764 0.1714 0.1427 0.1883 0.0107 0.1534 
         385  1 0.1566 0.1387 0.1414 0.1624 0.1524 0.0809 0.1677 
         386  1 0.1558 0.1604 0.1681 0.1715 0.1556 0.0183 0.1701 
         387  1 0.1412 0.1408 0.1534 0.1755 0.1136 0.1086 0.1669 
         388  1 0.1355 0.1155 0.0958 0.0648 0.1150 0.3726 0.1008 
         389  1 0.1274 0.1188 0.1134 0.0786 0.1122 0.3374 0.1123 
         390  1 0.1429 0.1523 0.1337 0.2184 0.1526 0.0271 0.1730 
         391  1 0.1771 0.1526 0.1786 0.1307 0.1947 0.0279 0.1384 
         392  1 0.1459 0.1277 0.1637 0.1924 0.1254 0.0748 0.1701 
         393  1 0.1689 0.1565 0.1760 0.1460 0.1471 0.0274 0.1780 
         394  1 0.2034 0.1957 0.1250 0.1046 0.1944 0.0330 0.1438 
         395  1 0.1519 0.1099 0.1524 0.2132 0.1269 0.0665 0.1792 
         396  1 0.1397 0.0879 0.1424 0.3348 0.0601 0.0191 0.2160 
         397  1 0.1520 0.1428 0.1553 0.1258 0.1416 0.1445 0.1380 
         398  1 0.1610 0.1737 0.1653 0.1674 0.1537 0.0148 0.1640 
         399  1 0.1649 0.1892 0.1483 0.1413 0.1830 0.0119 0.1613 
         400  1 0.1434 0.1358 0.1623 0.1963 0.1303 0.0562 0.1757 
         401  1 0.1526 0.1563 0.1318 0.1233 0.1483 0.1417 0.1459 
         402  1 0.1600 0.1075 0.1411 0.2605 0.1152 0.0309 0.1848 
         403  1 0.1261 0.1205 0.1208 0.1680 0.1072 0.2099 0.1475 
         404  1 0.1452 0.1728 0.1501 0.1713 0.1765 0.0316 0.1524 
         405  1 0.1648 0.1377 0.1999 0.1489 0.1634 0.0188 0.1665 
         406  1 0.0896 0.0869 0.0809 0.0821 0.0836 0.4872 0.0895 
         407  1 0.1402 0.1381 0.1489 0.1133 0.1423 0.1760 0.1412 
         408  1 0.1596 0.1949 0.1568 0.1557 0.1649 0.0153 0.1528 
         409  1 0.1606 0.1618 0.1691 0.1642 0.1368 0.0444 0.1631 
         410  1 0.1430 0.1160 0.1401 0.1423 0.1176 0.1982 0.1428 
         411  1 0.1568 0.1720 0.1857 0.1341 0.1673 0.0216 0.1625 
         412  1 0.1741 0.1298 0.1762 0.1865 0.1337 0.0252 0.1746 
         413  1 0.1546 0.1678 0.1764 0.1414 0.1797 0.0121 0.1680 
         414  1 0.1606 0.1365 0.1370 0.1461 0.1521 0.1239 0.1437 
         415  1 0.1923 0.1782 0.1454 0.1279 0.1731 0.0234 0.1598 
         416  1 0.1697 0.1611 0.2093 0.1331 0.1722 0.0159 0.1388 
         417  1 0.2164 0.1474 0.1357 0.1270 0.2025 0.0464 0.1245 
         418  1 0.1461 0.1898 0.1624 0.1560 0.1700 0.0165 0.1592 
         419  1 0.1964 0.1484 0.1380 0.1315 0.1929 0.0385 0.1542 
         420  1 0.1053 0.1164 0.0885 0.0893 0.1067 0.3871 0.1067 
         421  1 0.1524 0.1350 0.1389 0.2407 0.1291 0.0293 0.1746 
         422  1 0.1574 0.1851 0.1588 0.1516 0.1840 0.0122 0.1509 
         423  1 0.1805 0.1944 0.1500 0.1142 0.1746 0.0175 0.1688 
         424  1 0.1614 0.1464 0.1774 0.1200 0.1564 0.0898 0.1485 
         425  1 0.1528 0.1238 0.1646 0.1678 0.1500 0.0778 0.1631 
         426  1 0.1602 0.1724 0.1746 0.1297 0.1782 0.0393 0.1456 
         427  1 0.1743 0.1805 0.1554 0.1472 0.1713 0.0134 0.1579 
         428  1 0.1432 0.0844 0.1350 0.3250 0.0731 0.0235 0.2159 
         429  1 0.1192 0.1155 0.1113 0.1024 0.1074 0.3292 0.1150 
         430  1 0.1555 0.1622 0.1636 0.1849 0.1507 0.0273 0.1558 
         431  1 0.1663 0.1821 0.1589 0.1482 0.1680 0.0177 0.1587 
         432  1 0.1876 0.1643 0.1730 0.1101 0.1828 0.0134 0.1687 
         433  1 0.1678 0.1767 0.1651 0.1526 0.1608 0.0114 0.1657 
         434  1 0.1592 0.1387 0.1930 0.1507 0.1416 0.0253 0.1914 
         435  1 0.1621 0.1364 0.1730 0.1890 0.1232 0.0487 0.1678 
         436  1 0.1524 0.1508 0.1447 0.2084 0.1261 0.0305 0.1871 
         437  1 0.1594 0.1710 0.1923 0.1312 0.1604 0.0201 0.1655 
         438  1 0.1597 0.1951 0.1438 0.1187 0.1770 0.0285 0.1770 
         439  1 0.1391 0.0983 0.1377 0.3000 0.0800 0.0517 0.1932 
         440  1 0.1535 0.1858 0.1521 0.1577 0.2062 0.0135 0.1313 
         441  1 0.1690 0.1737 0.1266 0.1222 0.1632 0.0831 0.1621 
         442  1 0.1716 0.1523 0.1374 0.1033 0.1682 0.1426 0.1246 
         443  1 0.1702 0.1913 0.1942 0.1094 0.1691 0.0161 0.1496 
         444  1 0.1470 0.1857 0.1950 0.1283 0.1812 0.0102 0.1527 
         445  1 0.1485 0.1418 0.1631 0.1832 0.1417 0.0312 0.1906 
         446  1 0.1512 0.1711 0.1605 0.1541 0.1763 0.0335 0.1532 
         447  1 0.1485 0.1178 0.1290 0.1186 0.1466 0.2120 0.1275 
         448  1 0.1635 0.1353 0.1637 0.1907 0.1358 0.0281 0.1828 
         449  1 0.1471 0.2008 0.1616 0.1302 0.2002 0.0175 0.1426 
         450  1 0.1128 0.1363 0.1135 0.1392 0.1495 0.2329 0.1158 
         451  1 0.1152 0.0935 0.1165 0.1386 0.0967 0.3149 0.1246 
         452  1 0.1489 0.1989 0.1380 0.1650 0.1703 0.0169 0.1620 
         453  1 0.1550 0.1139 0.1520 0.2588 0.1031 0.0338 0.1833 
         454  1 0.1585 0.1685 0.1338 0.1586 0.1818 0.0314 0.1674 
         455  1 0.1345 0.1964 0.1376 0.1670 0.1846 0.0313 0.1486 
         456  1 0.1707 0.1436 0.1999 0.1236 0.1761 0.0350 0.1512 
         457  1 0.1456 0.1705 0.1381 0.2137 0.1525 0.0139 0.1656 
         458  1 0.1663 0.1726 0.1582 0.1462 0.1762 0.0213 0.1593 
         459  1 0.1393 0.1558 0.1444 0.1271 0.1542 0.1429 0.1362 
         460  1 0.1131 0.1114 0.1063 0.0805 0.1000 0.3900 0.0986 
         461  1 0.1496 0.1655 0.1688 0.1462 0.1639 0.0522 0.1537 
         462  1 0.1698 0.1569 0.1709 0.1635 0.1567 0.0173 0.1649 
         463  1 0.1587 0.1821 0.1669 0.1529 0.1876 0.0169 0.1349 
         464  1 0.1580 0.1782 0.1641 0.1546 0.1629 0.0221 0.1601 
         465  1 0.1683 0.1601 0.1539 0.1487 0.1606 0.0553 0.1531 
         466  1 0.1563 0.1376 0.1376 0.1023 0.1560 0.1873 0.1229 
         467  1 0.1448 0.1664 0.2032 0.1328 0.1615 0.0182 0.1731 
         468  1 0.1530 0.1697 0.1551 0.1582 0.1600 0.0305 0.1735 
         469  1 0.1653 0.1804 0.1411 0.1905 0.1457 0.0114 0.1656 
         470  1 0.1456 0.1486 0.1452 0.1480 0.1630 0.1133 0.1363 
         471  1 0.1587 0.1410 0.1599 0.1374 0.1463 0.1041 0.1525 
         472  1 0.1643 0.1712 0.1646 0.1330 0.1649 0.0511 0.1509 
         473  1 0.1566 0.1767 0.1792 0.1370 0.1631 0.0190 0.1684 
         474  1 0.1525 0.1569 0.1557 0.1762 0.1521 0.0386 0.1681 
         475  1 0.1628 0.1630 0.1876 0.1365 0.1696 0.0088 0.1716 
         476  1 0.1348 0.1145 0.1246 0.1096 0.1183 0.2837 0.1146 
         477  1 0.1504 0.1456 0.1565 0.1653 0.1409 0.0772 0.1640 
         478  1 0.1530 0.1664 0.1771 0.1444 0.1746 0.0460 0.1385 
         479  1 0.1712 0.1647 0.1655 0.1377 0.1550 0.0404 0.1654 
         480  1 0.1779 0.1375 0.1735 0.1458 0.1597 0.0591 0.1464 
         481  1 0.1570 0.1462 0.1326 0.1726 0.1449 0.0927 0.1541 
         482  1 0.1372 0.1200 0.1294 0.1751 0.1325 0.1511 0.1546 
         483  1 0.1686 0.1369 0.1578 0.2076 0.1362 0.0153 0.1777 
         484  1 0.1483 0.1350 0.1486 0.1815 0.1241 0.0864 0.1760 
         485  1 0.1381 0.1377 0.1386 0.1361 0.1564 0.1508 0.1423 
         486  1 0.1453 0.1426 0.1785 0.1337 0.1410 0.0939 0.1650 
         487  1 0.1682 0.1626 0.1635 0.1321 0.1889 0.0311 0.1537 
         488  1 0.1486 0.1415 0.1472 0.1243 0.1658 0.1316 0.1410 
         489  1 0.1630 0.1698 0.1633 0.1475 0.1772 0.0208 0.1583 
         490  1 0.1763 0.1578 0.1562 0.1288 0.1710 0.0489 0.1611 
         491  1 0.1747 0.1536 0.1639 0.1441 0.1617 0.0450 0.1569 
         492  1 0.1712 0.1384 0.1655 0.1372 0.1522 0.0749 0.1606 
         493  1 0.1485 0.1579 0.1401 0.2065 0.1541 0.0134 0.1793 
         494  1 0.1396 0.1727 0.2077 0.1416 0.1511 0.0193 0.1680 
         495  1 0.1635 0.1624 0.1552 0.1367 0.1797 0.0467 0.1558 
         496  1 0.1520 0.1215 0.1411 0.2193 0.1116 0.0770 0.1775 
         497  1 0.1497 0.1819 0.1324 0.1670 0.1755 0.0253 0.1683 
         498  1 0.1606 0.1761 0.1558 0.1505 0.1954 0.0160 0.1457 
         499  1 0.1270 0.1276 0.1309 0.1040 0.1281 0.2611 0.1213 
         500  1 0.1624 0.1803 0.1697 0.1379 0.1790 0.0171 0.1536 
         501  1 0.1405 0.1483 0.1342 0.1493 0.1478 0.1393 0.1406 
         502  1 0.1562 0.1809 0.1528 0.1522 0.1583 0.0229 0.1766 
         503  1 0.1631 0.1368 0.1523 0.2245 0.1309 0.0174 0.1750 
         504  1 0.1261 0.1953 0.1450 0.1825 0.1914 0.0083 0.1514 
         505  1 0.0807 0.0788 0.0805 0.0791 0.0754 0.5156 0.0899 
         506  1 0.0982 0.0854 0.0982 0.1258 0.0814 0.3982 0.1127 
         507  1 0.1550 0.1494 0.1663 0.1208 0.1711 0.1008 0.1367 
         508  1 0.1724 0.1720 0.1493 0.1437 0.1850 0.0256 0.1520 
         509  1 0.0958 0.1071 0.0855 0.1256 0.0968 0.3839 0.1053 
         510  1 0.1591 0.1557 0.1466 0.1758 0.1517 0.0504 0.1607 
         511  1 0.1734 0.1590 0.1567 0.1633 0.1536 0.0236 0.1704 
         512  1 0.1367 0.1114 0.1392 0.1549 0.1193 0.1846 0.1539 
         513  1 0.1522 0.1817 0.1636 0.1461 0.1590 0.0387 0.1587 
         514  1 0.1310 0.1260 0.1237 0.1290 0.1287 0.2257 0.1359 
         515  1 0.1460 0.1597 0.1428 0.1562 0.1500 0.0845 0.1608 
         516  1 0.1546 0.1456 0.1318 0.1286 0.1495 0.1522 0.1377 
         517  1 0.1454 0.2142 0.1719 0.1294 0.1510 0.0244 0.1637 
         518  1 0.1608 0.1611 0.1881 0.1167 0.1698 0.0403 0.1633 
         519  1 0.1453 0.1798 0.1731 0.1468 0.1578 0.0101 0.1871 
         520  1 0.1623 0.1543 0.1576 0.1451 0.1634 0.0500 0.1673 
         521  1 0.1770 0.1820 0.1596 0.1094 0.1764 0.0373 0.1582 
         522  1 0.1245 0.1221 0.1266 0.1085 0.1280 0.2766 0.1137 
         523  1 0.1540 0.1828 0.1541 0.1490 0.1946 0.0152 0.1502 
         524  1 0.1674 0.1716 0.1717 0.1166 0.1424 0.0657 0.1647 
         525  1 0.1616 0.1415 0.1374 0.1077 0.1615 0.1541 0.1362 
         526  1 0.1547 0.1870 0.1657 0.1518 0.1767 0.0137 0.1504 
         527  1 0.1263 0.1348 0.1276 0.1193 0.1303 0.2442 0.1175 
         528  1 0.1425 0.1422 0.1421 0.1597 0.1387 0.1236 0.1513 
         529  1 0.1626 0.1642 0.1346 0.1849 0.1506 0.0362 0.1668 
         530  1 0.1610 0.1456 0.1423 0.1405 0.1672 0.0982 0.1452 
         531  1 0.1639 0.1558 0.1618 0.1550 0.1624 0.0514 0.1498 
         532  1 0.1607 0.1758 0.1664 0.1263 0.1735 0.0349 0.1625 
         533  1 0.1526 0.1485 0.1682 0.1846 0.1464 0.0306 0.1690 
         534  1 0.1475 0.1940 0.1585 0.1499 0.1817 0.0319 0.1366 
         535  1 0.1611 0.1541 0.1703 0.1420 0.1771 0.0549 0.1405 
         536  1 0.1489 0.1597 0.1598 0.1555 0.1535 0.0705 0.1521 
         537  1 0.1559 0.1683 0.1806 0.1535 0.1205 0.0577 0.1633 
         538  1 0.1034 0.0898 0.0935 0.0749 0.0952 0.4591 0.0840 
         539  1 0.1299 0.1434 0.1372 0.1457 0.1594 0.1472 0.1371 
         540  1 0.1369 0.1911 0.1376 0.1669 0.1833 0.0243 0.1599 
         541  1 0.1506 0.1775 0.1397 0.1850 0.1696 0.0166 0.1610 
         542  1 0.1718 0.1614 0.1702 0.1590 0.1429 0.0173 0.1775 
         543  1 0.1410 0.1872 0.1587 0.1714 0.1777 0.0133 0.1508 
         544  1 0.1730 0.1703 0.1679 0.1268 0.1870 0.0233 0.1518 
         545  1 0.1552 0.1627 0.1566 0.1704 0.1564 0.0302 0.1686 
         546  1 0.1308 0.1904 0.1527 0.1785 0.1768 0.0102 0.1605 
         547  1 0.1635 0.1568 0.1839 0.1260 0.1551 0.0383 0.1763 
         548  1 0.1466 0.1923 0.1499 0.1691 0.1801 0.0173 0.1447 
         549  1 0.1772 0.1824 0.1470 0.1327 0.1828 0.0222 0.1556 
         550  1 0.1508 0.1587 0.1676 0.1689 0.1703 0.0115 0.1722 
         551  1 0.1450 0.1746 0.1210 0.2028 0.1913 0.0196 0.1455 
         552  1 0.1314 0.1929 0.1677 0.1484 0.1674 0.0393 0.1528 
         553  1 0.1676 0.1769 0.1589 0.1447 0.1728 0.0352 0.1439 
         554  1 0.1738 0.1882 0.1581 0.1344 0.1774 0.0168 0.1513 
         555  1 0.1591 0.1615 0.1893 0.1153 0.1575 0.0500 0.1674 
         556  1 0.1447 0.1362 0.1509 0.1908 0.1426 0.0617 0.1731 
         557  1 0.1463 0.1274 0.1393 0.1880 0.1316 0.0955 0.1719 
         558  1 0.1412 0.1424 0.1382 0.1754 0.1148 0.1258 0.1621 
         559  1 0.0362 0.0298 0.0388 0.0449 0.0280 0.7780 0.0443 
         560  1 0.1639 0.1511 0.1803 0.1372 0.1557 0.0625 0.1494 
         561  1 0.0624 0.0734 0.0655 0.0428 0.0540 0.6448 0.0570 
         562  1 0.1415 0.1328 0.1339 0.1420 0.1309 0.1791 0.1399 
         563  1 0.0406 0.0345 0.0359 0.0333 0.0404 0.7807 0.0346 
         564  1 0.1143 0.1152 0.1056 0.1074 0.1029 0.3515 0.1031 
         565  1 0.0352 0.0298 0.0306 0.0296 0.0316 0.8154 0.0278 
         566  1 0.1363 0.1307 0.1581 0.1243 0.1402 0.1685 0.1420 
         567  1 0.0927 0.1086 0.1150 0.0965 0.1124 0.3764 0.0983 
         568  1 0.1560 0.1540 0.1540 0.1582 0.1750 0.0493 0.1536 
         569  1 0.1209 0.1348 0.1332 0.0970 0.1352 0.2508 0.1281 
         570  1 0.1449 0.1293 0.1392 0.1827 0.1097 0.1338 0.1605 
         571  1 0.1246 0.1316 0.0999 0.0894 0.1258 0.3025 0.1262 
         572  1 0.0751 0.0802 0.0833 0.0674 0.0776 0.5379 0.0785 
         573  1 0.0322 0.0310 0.0328 0.0289 0.0334 0.8140 0.0277 
         574  1 0.1573 0.1314 0.1354 0.1275 0.1616 0.1525 0.1343 
         575  1 0.1077 0.0931 0.1181 0.0884 0.1040 0.4060 0.0826 
         576  1 0.0894 0.0971 0.0990 0.0806 0.0905 0.4490 0.0945 
         577  1 0.0423 0.0481 0.0412 0.0412 0.0512 0.7330 0.0430 
         578  1 0.1160 0.1001 0.1306 0.1014 0.1114 0.3370 0.1035 
         579  1 0.0770 0.0679 0.0746 0.0824 0.0738 0.5457 0.0786 
         580  1 0.0575 0.0492 0.0461 0.0415 0.0520 0.7055 0.0481 
         581  1 0.0984 0.1112 0.0976 0.1056 0.1180 0.3794 0.0898 
         582  1 0.0581 0.0602 0.0574 0.0493 0.0563 0.6690 0.0498 
         583  1 0.0284 0.0257 0.0287 0.0296 0.0299 0.8298 0.0279 
         584  1 0.0387 0.0334 0.0351 0.0402 0.0280 0.7870 0.0376 
         585  1 0.0478 0.0461 0.0485 0.0379 0.0513 0.7306 0.0378 
         586  1 0.1340 0.1323 0.1128 0.0994 0.1473 0.2499 0.1242 
         587  1 0.1648 0.1351 0.1585 0.1220 0.1515 0.1164 0.1516 
         588  1 0.1435 0.1467 0.1391 0.1448 0.1400 0.1574 0.1285 
         589  1 0.1697 0.1611 0.1744 0.0890 0.1602 0.1087 0.1368 
         590  1 0.0216 0.0192 0.0224 0.0197 0.0205 0.8748 0.0216 
         591  1 0.0815 0.0938 0.0953 0.0940 0.0829 0.4561 0.0963 
         592  1 0.0636 0.0627 0.0652 0.0532 0.0636 0.6294 0.0622 
         593  1 0.0849 0.0725 0.0919 0.1066 0.0745 0.4793 0.0902 
         594  1 0.0200 0.0188 0.0190 0.0179 0.0195 0.8871 0.0177 
         595  1 0.0350 0.0311 0.0336 0.0293 0.0372 0.8028 0.0311 
         596  1 0.0783 0.0730 0.0788 0.0615 0.0802 0.5603 0.0680 
         597  1 0.0537 0.0515 0.0539 0.0519 0.0609 0.6681 0.0599 
         598  1 0.0128 0.0131 0.0140 0.0121 0.0127 0.9228 0.0124 
         599  1 0.0455 0.0449 0.0479 0.0520 0.0388 0.7190 0.0520 
         600  1 0.1524 0.1162 0.1491 0.2472 0.1003 0.0408 0.1941 
         601  1 0.0667 0.0565 0.0624 0.0702 0.0678 0.6115 0.0649 
         602  1 0.0142 0.0141 0.0141 0.0126 0.0135 0.9183 0.0131 
         603  1 0.1139 0.1021 0.1142 0.0777 0.1242 0.3747 0.0931 
         604  1 0.0803 0.0486 0.0718 0.1096 0.0688 0.5292 0.0916 
         605  1 0.0571 0.0499 0.0595 0.0460 0.0605 0.6796 0.0475 
         606  1 0.1714 0.1457 0.1257 0.1020 0.1600 0.1718 0.1234 
