           1  1 0.1807 0.1560 0.3630 0.3003 
           2  1 0.2777 0.3937 0.2323 0.0963 
           3  1 0.2445 0.2460 0.4350 0.0745 
           4  1 0.2615 0.2715 0.2643 0.2028 
           5  1 0.2321 0.1754 0.5567 0.0358 
           6  1 0.2600 0.3857 0.2407 0.1136 
           7  1 0.3196 0.2709 0.3796 0.0299 
           8  1 0.1354 0.1182 0.0949 0.6514 
           9  1 0.3191 0.3152 0.3390 0.0267 
          10  1 0.3716 0.3643 0.2053 0.0587 
          11  1 0.2579 0.2665 0.4415 0.0341 
          12  1 0.2490 0.2795 0.4116 0.0600 
          13  1 0.3178 0.4130 0.2174 0.0518 
          14  1 0.2868 0.2524 0.3994 0.0614 
          15  1 0.2895 0.3968 0.1981 0.1155 
          16  1 0.3100 0.3589 0.2792 0.0520 
          17  1 0.3665 0.4080 0.1771 0.0484 
          18  1 0.2006 0.2680 0.1671 0.3643 
          19  1 0.2070 0.1393 0.5221 0.1317 
          20  1 0.3373 0.3362 0.2910 0.0355 
          21  1 0.3495 0.3924 0.2054 0.0528 
          22  1 0.3731 0.4254 0.1754 0.0262 
          23  1 0.2837 0.3215 0.2411 0.1538 
          24  1 0.2876 0.3610 0.2659 0.0855 
          25  1 0.3290 0.2821 0.3394 0.0495 
          26  1 0.2391 0.1862 0.5248 0.0500 
          27  1 0.2125 0.1692 0.5501 0.0681 
          28  1 0.2953 0.4206 0.2293 0.0547 
          29  1 0.3167 0.4766 0.1816 0.0251 
          30  1 0.3289 0.3848 0.2273 0.0590 
          31  1 0.3531 0.3300 0.1950 0.1219 
          32  1 0.2925 0.3610 0.3040 0.0426 
          33  1 0.2745 0.4282 0.1945 0.1029 
          34  1 0.3414 0.3234 0.2476 0.0875 
          35  1 0.3777 0.3217 0.2341 0.0664 
          36  1 0.3146 0.4420 0.2156 0.0278 
          37  1 0.1922 0.1325 0.6414 0.0339 
          38  1 0.2623 0.2920 0.4171 0.0285 
          39  1 0.3146 0.3347 0.2735 0.0771 
          40  1 0.2356 0.2211 0.1320 0.4114 
          41  1 0.3442 0.3511 0.2543 0.0503 
          42  1 0.3339 0.4159 0.2174 0.0328 
          43  1 0.1829 0.1437 0.5844 0.0890 
          44  1 0.2834 0.2917 0.3683 0.0566 
          45  1 0.3250 0.4656 0.1808 0.0285 
          46  1 0.2902 0.4318 0.2190 0.0589 
          47  1 0.2417 0.2371 0.4405 0.0807 
          48  1 0.2600 0.2609 0.2399 0.2392 
          49  1 0.2630 0.3736 0.3074 0.0560 
          50  1 0.3127 0.4792 0.1855 0.0226 
          51  1 0.3105 0.3865 0.2092 0.0938 
          52  1 0.2901 0.3415 0.3300 0.0385 
          53  1 0.3059 0.3373 0.3088 0.0480 
          54  1 0.1900 0.1976 0.4618 0.1506 
          55  1 0.1539 0.1895 0.1469 0.5097 
          56  1 0.2486 0.2193 0.4744 0.0578 
          57  1 0.2806 0.4640 0.2363 0.0191 
          58  1 0.2526 0.3548 0.3424 0.0501 
          59  1 0.2855 0.4561 0.2375 0.0209 
          60  1 0.2680 0.3129 0.3874 0.0317 
          61  1 0.1998 0.2414 0.2282 0.3306 
          62  1 0.2984 0.4534 0.2267 0.0215 
          63  1 0.2955 0.3886 0.2425 0.0734 
          64  1 0.3607 0.4269 0.1712 0.0411 
          65  1 0.2375 0.1687 0.5296 0.0641 
          66  1 0.2983 0.3185 0.3209 0.0623 
          67  1 0.3306 0.4230 0.2152 0.0312 
          68  1 0.2884 0.3747 0.3022 0.0347 
          69  1 0.2579 0.3543 0.2968 0.0910 
          70  1 0.3901 0.3482 0.1333 0.1284 
          71  1 0.2269 0.2433 0.1741 0.3557 
          72  1 0.3132 0.4621 0.1969 0.0278 
          73  1 0.2591 0.2273 0.3586 0.1550 
          74  1 0.3069 0.3518 0.2280 0.1134 
          75  1 0.2744 0.2867 0.3864 0.0526 
          76  1 0.3146 0.3463 0.1374 0.2016 
          77  1 0.2858 0.3025 0.2416 0.1701 
          78  1 0.1599 0.1402 0.6083 0.0916 
          79  1 0.2145 0.1740 0.5862 0.0253 
          80  1 0.2431 0.2709 0.2768 0.2092 
          81  1 0.2338 0.2192 0.2865 0.2605 
          82  1 0.3107 0.2765 0.3258 0.0871 
          83  1 0.3422 0.3222 0.1989 0.1366 
          84  1 0.3430 0.3728 0.1610 0.1231 
          85  1 0.2757 0.4371 0.2217 0.0655 
          86  1 0.2311 0.2205 0.1788 0.3697 
          87  1 0.3144 0.4077 0.2371 0.0407 
          88  1 0.2770 0.4425 0.2021 0.0783 
          89  1 0.3542 0.2769 0.2633 0.1056 
          90  1 0.2326 0.2222 0.1505 0.3947 
          91  1 0.2819 0.2916 0.2710 0.1555 
          92  1 0.3086 0.4485 0.1628 0.0802 
          93  1 0.3155 0.3728 0.2305 0.0812 
          94  1 0.1927 0.1805 0.1656 0.4612 
          95  1 0.3291 0.4501 0.1618 0.0589 
          96  1 0.3385 0.3493 0.1966 0.1157 
          97  1 0.2742 0.2734 0.4120 0.0403 
          98  1 0.3748 0.4388 0.1462 0.0402 
          99  1 0.3814 0.3818 0.1913 0.0454 
         100  1 0.1758 0.1505 0.6088 0.0649 
         101  1 0.2536 0.1989 0.3972 0.1504 
         102  1 0.2872 0.4887 0.1878 0.0364 
         103  1 0.1443 0.1093 0.3282 0.4182 
         104  1 0.3339 0.3268 0.2816 0.0576 
         105  1 0.3229 0.2688 0.3185 0.0898 
         106  1 0.3943 0.3238 0.1932 0.0887 
         107  1 0.2065 0.2002 0.5128 0.0805 
         108  1 0.2954 0.4386 0.1996 0.0664 
         109  1 0.2895 0.2357 0.3926 0.0822 
         110  1 0.2686 0.2235 0.4456 0.0624 
         111  1 0.3157 0.3630 0.2206 0.1006 
         112  1 0.2259 0.1888 0.4961 0.0892 
         113  1 0.3126 0.3903 0.2601 0.0370 
         114  1 0.2677 0.2868 0.2993 0.1463 
         115  1 0.2459 0.2360 0.4192 0.0989 
         116  1 0.3262 0.3403 0.2894 0.0441 
         117  1 0.2532 0.2255 0.4281 0.0932 
         118  1 0.2518 0.2617 0.3678 0.1186 
         119  1 0.4322 0.3272 0.1576 0.0830 
         120  1 0.1921 0.1945 0.1819 0.4314 
         121  1 0.2774 0.2243 0.4046 0.0937 
         122  1 0.3583 0.4108 0.1590 0.0718 
         123  1 0.3410 0.3948 0.2253 0.0390 
         124  1 0.2851 0.3849 0.2872 0.0428 
         125  1 0.3471 0.2750 0.1810 0.1969 
         126  1 0.2889 0.4850 0.1888 0.0373 
         127  1 0.2682 0.2624 0.3943 0.0751 
         128  1 0.3105 0.2540 0.3957 0.0398 
         129  1 0.2276 0.1652 0.1903 0.4169 
         130  1 0.3688 0.2802 0.2010 0.1499 
         131  1 0.3037 0.3340 0.2816 0.0808 
         132  1 0.2970 0.3135 0.3419 0.0477 
         133  1 0.4098 0.3220 0.2325 0.0357 
         134  1 0.2956 0.3059 0.3175 0.0809 
         135  1 0.0839 0.0673 0.1216 0.7273 
         136  1 0.3167 0.3603 0.2367 0.0862 
         137  1 0.1656 0.1151 0.3817 0.3377 
         138  1 0.2840 0.3795 0.2856 0.0509 
         139  1 0.2465 0.2211 0.4355 0.0969 
         140  1 0.2504 0.1900 0.4596 0.1000 
         141  1 0.2357 0.1969 0.3930 0.1744 
         142  1 0.3088 0.2607 0.2626 0.1679 
         143  1 0.2144 0.1823 0.5054 0.0979 
         144  1 0.3154 0.4733 0.1719 0.0394 
         145  1 0.2859 0.4759 0.2074 0.0308 
         146  1 0.1962 0.1688 0.4925 0.1425 
         147  1 0.2738 0.4069 0.2773 0.0419 
         148  1 0.2747 0.2568 0.4228 0.0456 
         149  1 0.2651 0.2061 0.3939 0.1349 
         150  1 0.2203 0.1735 0.3441 0.2620 
         151  1 0.3212 0.2827 0.2652 0.1308 
         152  1 0.3012 0.2321 0.3642 0.1024 
         153  1 0.2632 0.2561 0.3991 0.0816 
         154  1 0.4404 0.3364 0.1871 0.0362 
         155  1 0.3138 0.2753 0.2927 0.1183 
         156  1 0.2965 0.2229 0.3969 0.0837 
         157  1 0.2879 0.2985 0.3440 0.0696 
         158  1 0.2725 0.2463 0.1812 0.3000 
         159  1 0.3172 0.4169 0.1925 0.0735 
         160  1 0.3447 0.3329 0.2645 0.0579 
         161  1 0.2452 0.2062 0.1815 0.3672 
         162  1 0.2892 0.2487 0.4055 0.0566 
         163  1 0.2753 0.2861 0.2713 0.1673 
         164  1 0.3444 0.4180 0.1537 0.0838 
         165  1 0.3290 0.3323 0.2820 0.0566 
         166  1 0.2682 0.2523 0.3576 0.1218 
         167  1 0.3447 0.4347 0.1599 0.0608 
         168  1 0.1880 0.2393 0.2440 0.3287 
         169  1 0.4223 0.3392 0.1573 0.0812 
         170  1 0.3888 0.4114 0.1620 0.0378 
         171  1 0.3486 0.3835 0.2068 0.0611 
         172  1 0.3145 0.4414 0.1891 0.0550 
         173  1 0.2789 0.2710 0.3446 0.1054 
         174  1 0.3015 0.3756 0.2332 0.0897 
         175  1 0.3584 0.4039 0.1702 0.0675 
         176  1 0.3009 0.2735 0.2362 0.1894 
         177  1 0.2438 0.3031 0.2437 0.2094 
         178  1 0.3142 0.2592 0.3530 0.0737 
         179  1 0.2473 0.2469 0.4309 0.0749 
         180  1 0.4019 0.3332 0.2483 0.0166 
         181  1 0.2729 0.2694 0.2947 0.1630 
         182  1 0.1648 0.1659 0.1946 0.4747 
         183  1 0.3057 0.2434 0.1673 0.2836 
         184  1 0.4053 0.3050 0.1593 0.1304 
         185  1 0.3330 0.2950 0.2352 0.1368 
         186  1 0.4498 0.3205 0.1609 0.0688 
         187  1 0.4738 0.3408 0.1395 0.0459 
         188  1 0.4423 0.3533 0.1530 0.0514 
         189  1 0.2446 0.3044 0.3853 0.0658 
         190  1 0.4477 0.3345 0.1328 0.0850 
         191  1 0.3097 0.4629 0.1825 0.0449 
         192  1 0.0681 0.0614 0.0915 0.7789 
         193  1 0.1038 0.0909 0.1037 0.7017 
         194  1 0.3251 0.2583 0.1317 0.2849 
         195  1 0.3618 0.2638 0.2500 0.1245 
         196  1 0.2869 0.2654 0.4091 0.0385 
         197  1 0.2578 0.2886 0.2590 0.1947 
         198  1 0.2853 0.3578 0.2966 0.0603 
         199  1 0.2587 0.2716 0.2866 0.1830 
         200  1 0.2766 0.2470 0.2880 0.1885 
         201  1 0.2349 0.2703 0.1700 0.3248 
         202  1 0.3412 0.4514 0.1868 0.0206 
         203  1 0.1942 0.1674 0.4948 0.1436 
         204  1 0.3754 0.2694 0.3224 0.0328 
         205  1 0.3143 0.3149 0.3353 0.0355 
         206  1 0.3462 0.3835 0.2134 0.0570 
         207  1 0.3246 0.2522 0.3733 0.0500 
         208  1 0.3781 0.3429 0.2493 0.0297 
         209  1 0.2071 0.1847 0.2000 0.4082 
         210  1 0.2474 0.2208 0.4836 0.0482 
         211  1 0.3416 0.3513 0.2415 0.0657 
         212  1 0.3349 0.3343 0.1329 0.1978 
         213  1 0.2606 0.1840 0.4603 0.0951 
         214  1 0.2069 0.1463 0.5529 0.0939 
         215  1 0.3405 0.2677 0.2629 0.1289 
         216  1 0.3427 0.3720 0.2101 0.0752 
         217  1 0.1645 0.1243 0.6491 0.0621 
         218  1 0.3468 0.2603 0.3520 0.0409 
         219  1 0.3133 0.3044 0.3496 0.0327 
         220  1 0.2853 0.2197 0.2495 0.2454 
         221  1 0.2921 0.3215 0.2722 0.1141 
         222  1 0.2611 0.2825 0.2857 0.1707 
         223  1 0.1534 0.1418 0.2074 0.4973 
         224  1 0.3160 0.3775 0.2207 0.0858 
         225  1 0.2820 0.4047 0.2656 0.0476 
         226  1 0.2683 0.3581 0.3262 0.0474 
         227  1 0.3179 0.2868 0.1640 0.2314 
         228  1 0.3688 0.2940 0.2230 0.1142 
         229  1 0.3173 0.2814 0.3620 0.0393 
         230  1 0.3765 0.3005 0.2447 0.0783 
         231  1 0.3066 0.4085 0.2532 0.0317 
         232  1 0.3149 0.2754 0.3551 0.0546 
         233  1 0.2904 0.3647 0.2519 0.0930 
         234  1 0.3937 0.3273 0.2326 0.0463 
         235  1 0.2945 0.4467 0.2236 0.0352 
         236  1 0.2326 0.2021 0.5273 0.0380 
         237  1 0.2547 0.4321 0.2566 0.0566 
         238  1 0.2857 0.2602 0.2945 0.1595 
         239  1 0.3159 0.4591 0.2086 0.0163 
         240  1 0.2111 0.1625 0.2657 0.3606 
         241  1 0.3543 0.3247 0.2778 0.0431 
         242  1 0.2641 0.2498 0.3621 0.1241 
         243  1 0.2966 0.3996 0.2582 0.0455 
         244  1 0.2271 0.2353 0.4493 0.0883 
         245  1 0.3391 0.4443 0.1790 0.0376 
         246  1 0.3235 0.4270 0.2292 0.0203 
         247  1 0.2488 0.2631 0.3496 0.1385 
         248  1 0.2442 0.2568 0.3515 0.1475 
         249  1 0.2835 0.2350 0.1447 0.3368 
         250  1 0.3145 0.2869 0.3402 0.0584 
         251  1 0.3513 0.2510 0.3388 0.0588 
         252  1 0.2484 0.3073 0.4185 0.0257 
         253  1 0.1790 0.1662 0.2032 0.4516 
         254  1 0.0689 0.0563 0.0464 0.8283 
         255  1 0.3181 0.3509 0.1983 0.1326 
         256  1 0.4456 0.3267 0.1712 0.0565 
         257  1 0.3021 0.2347 0.2563 0.2069 
         258  1 0.3243 0.4146 0.1884 0.0727 
         259  1 0.2075 0.2327 0.4893 0.0705 
         260  1 0.2183 0.2188 0.5437 0.0192 
         261  1 0.3803 0.2910 0.2874 0.0414 
         262  1 0.3314 0.2381 0.3841 0.0464 
         263  1 0.2634 0.3378 0.2710 0.1278 
         264  1 0.2679 0.3598 0.3305 0.0418 
         265  1 0.2272 0.2068 0.2815 0.2845 
         266  1 0.3102 0.4599 0.1742 0.0557 
         267  1 0.2808 0.2367 0.4187 0.0638 
         268  1 0.2398 0.2045 0.4930 0.0628 
         269  1 0.2761 0.3028 0.3099 0.1111 
         270  1 0.2246 0.1580 0.0967 0.5206 
         271  1 0.2554 0.2242 0.4497 0.0707 
         272  1 0.3772 0.3717 0.1956 0.0554 
         273  1 0.2156 0.2096 0.5457 0.0291 
         274  1 0.3041 0.4740 0.1945 0.0274 
         275  1 0.2701 0.2412 0.4092 0.0795 
         276  1 0.2679 0.2401 0.4353 0.0567 
         277  1 0.3649 0.3015 0.2083 0.1252 
         278  1 0.1843 0.1561 0.5325 0.1271 
         279  1 0.3727 0.3400 0.2672 0.0202 
         280  1 0.2964 0.3931 0.2654 0.0451 
         281  1 0.2481 0.1910 0.2817 0.2791 
         282  1 0.3001 0.4114 0.2381 0.0504 
         283  1 0.4234 0.3526 0.1965 0.0275 
         284  1 0.4415 0.3361 0.1893 0.0331 
         285  1 0.2926 0.4054 0.2246 0.0775 
         286  1 0.1849 0.2084 0.2071 0.3997 
         287  1 0.3290 0.3877 0.2218 0.0615 
         288  1 0.2832 0.2513 0.4263 0.0393 
         289  1 0.2996 0.2344 0.3914 0.0747 
         290  1 0.2544 0.2451 0.4570 0.0434 
         291  1 0.3452 0.2669 0.3021 0.0857 
         292  1 0.4320 0.3299 0.1390 0.0991 
         293  1 0.2343 0.1356 0.5890 0.0410 
         294  1 0.3694 0.3488 0.2259 0.0559 
         295  1 0.3220 0.2400 0.3617 0.0762 
         296  1 0.2469 0.2204 0.2414 0.2912 
         297  1 0.2847 0.3496 0.2796 0.0860 
         298  1 0.3334 0.3237 0.3154 0.0275 
         299  1 0.2759 0.2508 0.3808 0.0924 
         300  1 0.2992 0.3171 0.1517 0.2320 
         301  1 0.1990 0.1900 0.2349 0.3761 
         302  1 0.3804 0.3285 0.2019 0.0893 
         303  1 0.2780 0.3620 0.2786 0.0814 
         304  1 0.2625 0.4485 0.2235 0.0656 
         305  1 0.3489 0.3817 0.2171 0.0523 
         306  1 0.2309 0.1988 0.4100 0.1603 
         307  1 0.3708 0.4249 0.1680 0.0362 
         308  1 0.3016 0.3624 0.2548 0.0812 
         309  1 0.3322 0.3741 0.2110 0.0827 
         310  1 0.4655 0.3259 0.1042 0.1044 
         311  1 0.3143 0.3715 0.2598 0.0544 
         312  1 0.2857 0.2868 0.3453 0.0822 
         313  1 0.3461 0.3563 0.2520 0.0455 
         314  1 0.2973 0.4418 0.2100 0.0508 
         315  1 0.3759 0.3119 0.2764 0.0359 
         316  1 0.1590 0.1793 0.1455 0.5162 
         317  1 0.3450 0.4038 0.1827 0.0686 
         318  1 0.2724 0.2580 0.4197 0.0500 
         319  1 0.3230 0.2952 0.3181 0.0637 
         320  1 0.2546 0.3206 0.3613 0.0636 
         321  1 0.1380 0.1398 0.1493 0.5729 
         322  1 0.3635 0.3220 0.2124 0.1020 
         323  1 0.3064 0.3541 0.2572 0.0823 
         324  1 0.3562 0.3266 0.2378 0.0794 
         325  1 0.2803 0.3160 0.3697 0.0341 
         326  1 0.3804 0.2877 0.2970 0.0350 
         327  1 0.2459 0.1887 0.2775 0.2879 
         328  1 0.3190 0.3150 0.3455 0.0205 
         329  1 0.2859 0.2340 0.4208 0.0592 
         330  1 0.2657 0.2752 0.2630 0.1961 
         331  1 0.2783 0.3109 0.3207 0.0901 
         332  1 0.3457 0.2394 0.3811 0.0338 
         333  1 0.3038 0.2705 0.3830 0.0427 
         334  1 0.3946 0.3137 0.2271 0.0646 
         335  1 0.1978 0.1495 0.2732 0.3795 
         336  1 0.2634 0.2815 0.3041 0.1510 
         337  1 0.4894 0.3585 0.1273 0.0248 
         338  1 0.2311 0.2459 0.4889 0.0341 
         339  1 0.4923 0.3365 0.0936 0.0776 
         340  1 0.2040 0.1941 0.1374 0.4645 
         341  1 0.2597 0.2514 0.3020 0.1869 
         342  1 0.3428 0.3383 0.2671 0.0518 
         343  1 0.3250 0.2449 0.3842 0.0459 
         344  1 0.3516 0.2990 0.2652 0.0843 
         345  1 0.2533 0.2101 0.4961 0.0405 
         346  1 0.3079 0.3506 0.2788 0.0627 
         347  1 0.2546 0.1937 0.4984 0.0532 
         348  1 0.3162 0.3830 0.2094 0.0914 
         349  1 0.2577 0.2656 0.3611 0.1156 
         350  1 0.2466 0.2229 0.2471 0.2834 
         351  1 0.2727 0.2413 0.3664 0.1197 
         352  1 0.3114 0.3179 0.3397 0.0310 
         353  1 0.0694 0.0568 0.1397 0.7340 
         354  1 0.2493 0.3198 0.3880 0.0429 
         355  1 0.3019 0.2280 0.4333 0.0369 
         356  1 0.3040 0.2548 0.3299 0.1114 
         357  1 0.2240 0.1559 0.5389 0.0812 
         358  1 0.2533 0.1734 0.5233 0.0499 
         359  1 0.2005 0.1862 0.4368 0.1766 
         360  1 0.1921 0.1278 0.5724 0.1078 
         361  1 0.3110 0.2823 0.3416 0.0652 
         362  1 0.1945 0.1562 0.2615 0.3879 
         363  1 0.2620 0.2425 0.2494 0.2461 
         364  1 0.2800 0.2458 0.3420 0.1323 
         365  1 0.2202 0.2162 0.1752 0.3884 
         366  1 0.2675 0.2676 0.3393 0.1256 
         367  1 0.0899 0.0917 0.0585 0.7599 
         368  1 0.3402 0.2928 0.3144 0.0526 
         369  1 0.3397 0.3929 0.2186 0.0488 
         370  1 0.1929 0.1605 0.5423 0.1042 
         371  1 0.2587 0.3118 0.2310 0.1985 
         372  1 0.3107 0.4045 0.2231 0.0617 
         373  1 0.2015 0.1790 0.4009 0.2186 
         374  1 0.2486 0.1694 0.4964 0.0857 
         375  1 0.2981 0.2819 0.2643 0.1557 
         376  1 0.2579 0.1863 0.3835 0.1723 
         377  1 0.2151 0.1406 0.5901 0.0542 
         378  1 0.3845 0.3478 0.2228 0.0449 
         379  1 0.3244 0.2666 0.2812 0.1278 
         380  1 0.2610 0.1983 0.4178 0.1228 
         381  1 0.2846 0.2844 0.3647 0.0663 
         382  1 0.2856 0.2889 0.3801 0.0454 
         383  1 0.3055 0.3179 0.2816 0.0949 
         384  1 0.3137 0.3974 0.2652 0.0238 
         385  1 0.2801 0.3124 0.2017 0.2057 
         386  1 0.3387 0.3099 0.3014 0.0499 
         387  1 0.3009 0.2472 0.1886 0.2634 
         388  1 0.0926 0.0681 0.2593 0.5799 
         389  1 0.1106 0.0862 0.2528 0.5505 
         390  1 0.3502 0.3738 0.2126 0.0635 
         391  1 0.2500 0.2251 0.4533 0.0716 
         392  1 0.3298 0.2935 0.2101 0.1665 
         393  1 0.3109 0.3334 0.3000 0.0557 
         394  1 0.2525 0.1857 0.4724 0.0895 
         395  1 0.3500 0.3121 0.1785 0.1594 
         396  1 0.4900 0.3346 0.1244 0.0510 
         397  1 0.2089 0.1435 0.2568 0.3908 
         398  1 0.4011 0.3694 0.1984 0.0312 
         399  1 0.2869 0.2937 0.3944 0.0249 
         400  1 0.3479 0.3365 0.1896 0.1260 
         401  1 0.2836 0.1965 0.2952 0.2248 
         402  1 0.3927 0.3922 0.1284 0.0867 
         403  1 0.2796 0.2407 0.1557 0.3240 
         404  1 0.2569 0.3694 0.3032 0.0705 
         405  1 0.3342 0.2254 0.3954 0.0450 
         406  1 0.1014 0.1009 0.1270 0.6707 
         407  1 0.1895 0.1656 0.2323 0.4126 
         408  1 0.3149 0.3322 0.3202 0.0328 
         409  1 0.3763 0.2870 0.2367 0.1000 
         410  1 0.2391 0.2215 0.1770 0.3623 
         411  1 0.3088 0.2918 0.3512 0.0482 
         412  1 0.3820 0.2978 0.2524 0.0678 
         413  1 0.3110 0.3642 0.2966 0.0281 
         414  1 0.2573 0.1748 0.3231 0.2449 
         415  1 0.2982 0.2470 0.3843 0.0705 
         416  1 0.2931 0.2282 0.4358 0.0429 
         417  1 0.1979 0.1273 0.5284 0.1465 
         418  1 0.3460 0.3856 0.2334 0.0350 
         419  1 0.2170 0.2024 0.4628 0.1179 
         420  1 0.1359 0.1213 0.1564 0.5864 
         421  1 0.3843 0.4043 0.1458 0.0656 
         422  1 0.2882 0.3958 0.2852 0.0308 
         423  1 0.2199 0.1813 0.5592 0.0397 
         424  1 0.2105 0.2219 0.2825 0.2851 
         425  1 0.2674 0.2537 0.2426 0.2363 
         426  1 0.3506 0.3335 0.2197 0.0962 
         427  1 0.2905 0.2677 0.4072 0.0346 
         428  1 0.4830 0.3611 0.0979 0.0580 
         429  1 0.1675 0.1702 0.1107 0.5516 
         430  1 0.3613 0.3374 0.2298 0.0715 
         431  1 0.3050 0.3269 0.3258 0.0423 
         432  1 0.1866 0.1507 0.6323 0.0304 
         433  1 0.2610 0.2292 0.4833 0.0265 
         434  1 0.3088 0.2267 0.4071 0.0574 
         435  1 0.3465 0.3330 0.2083 0.1122 
         436  1 0.3637 0.3313 0.2430 0.0621 
         437  1 0.3466 0.2704 0.3383 0.0447 
         438  1 0.2803 0.2922 0.3593 0.0682 
         439  1 0.4391 0.3291 0.1246 0.1072 
         440  1 0.2966 0.4616 0.2125 0.0293 
         441  1 0.2724 0.2250 0.3039 0.1987 
         442  1 0.1631 0.1249 0.4322 0.2798 
         443  1 0.3097 0.2565 0.3965 0.0374 
         444  1 0.2955 0.2291 0.4510 0.0244 
         445  1 0.3678 0.3568 0.1962 0.0792 
         446  1 0.2791 0.3389 0.3102 0.0718 
         447  1 0.1604 0.1636 0.2837 0.3923 
         448  1 0.3809 0.3380 0.2077 0.0734 
         449  1 0.3471 0.4559 0.1598 0.0371 
         450  1 0.1763 0.2451 0.1604 0.4182 
         451  1 0.1996 0.1967 0.1027 0.5010 
         452  1 0.3032 0.3990 0.2605 0.0374 
         453  1 0.4140 0.3343 0.1486 0.1031 
         454  1 0.3005 0.2879 0.3255 0.0861 
         455  1 0.2786 0.4584 0.2019 0.0611 
         456  1 0.2569 0.2175 0.4174 0.1082 
         457  1 0.3370 0.4148 0.2174 0.0309 
         458  1 0.2918 0.3578 0.2980 0.0525 
         459  1 0.2045 0.2254 0.2271 0.3431 
         460  1 0.1196 0.1050 0.1185 0.6569 
         461  1 0.2872 0.3212 0.2669 0.1247 
         462  1 0.3421 0.3065 0.3034 0.0479 
         463  1 0.2799 0.4098 0.2748 0.0356 
         464  1 0.2991 0.3338 0.3164 0.0507 
         465  1 0.2926 0.2888 0.2917 0.1269 
         466  1 0.1986 0.1763 0.2326 0.3924 
         467  1 0.2932 0.2062 0.4609 0.0397 
         468  1 0.3191 0.4109 0.2019 0.0681 
         469  1 0.3712 0.3233 0.2821 0.0234 
         470  1 0.2290 0.2680 0.2347 0.2682 
         471  1 0.2326 0.2108 0.3113 0.2454 
         472  1 0.3326 0.3423 0.2123 0.1128 
         473  1 0.2481 0.2145 0.4985 0.0389 
         474  1 0.2989 0.2738 0.3452 0.0822 
         475  1 0.2068 0.2446 0.5272 0.0214 
         476  1 0.1767 0.1550 0.1772 0.4911 
         477  1 0.2717 0.2759 0.2808 0.1716 
         478  1 0.2860 0.2878 0.3038 0.1224 
         479  1 0.2237 0.2399 0.4321 0.1043 
         480  1 0.2344 0.1913 0.3867 0.1876 
         481  1 0.2741 0.3274 0.1909 0.2076 
         482  1 0.2532 0.3222 0.1296 0.2951 
         483  1 0.4083 0.3319 0.2233 0.0364 
         484  1 0.3071 0.2446 0.2632 0.1851 
         485  1 0.2409 0.2927 0.1606 0.3058 
         486  1 0.2525 0.2229 0.3453 0.1793 
         487  1 0.2801 0.2337 0.3987 0.0875 
         488  1 0.2727 0.2464 0.1636 0.3173 
         489  1 0.3430 0.4077 0.1998 0.0496 
         490  1 0.2550 0.1933 0.4416 0.1102 
         491  1 0.3238 0.2959 0.2598 0.1204 
         492  1 0.2933 0.2214 0.2506 0.2347 
         493  1 0.3311 0.4225 0.2162 0.0302 
         494  1 0.3119 0.2447 0.3953 0.0481 
         495  1 0.2390 0.1765 0.4540 0.1305 
         496  1 0.3546 0.3056 0.1449 0.1949 
         497  1 0.2786 0.3592 0.2968 0.0654 
         498  1 0.3103 0.4381 0.2172 0.0344 
         499  1 0.1617 0.1710 0.1834 0.4839 
         500  1 0.2818 0.3308 0.3483 0.0391 
         501  1 0.2032 0.2737 0.2806 0.2424 
         502  1 0.3142 0.3312 0.2989 0.0558 
         503  1 0.3632 0.3898 0.2068 0.0402 
         504  1 0.2920 0.4930 0.1974 0.0176 
         505  1 0.1233 0.1149 0.0988 0.6629 
         506  1 0.1883 0.1514 0.0931 0.5672 
         507  1 0.2570 0.1932 0.2858 0.2639 
         508  1 0.2968 0.3709 0.2724 0.0598 
         509  1 0.1412 0.1806 0.1138 0.5644 
         510  1 0.2980 0.3317 0.2691 0.1012 
         511  1 0.3066 0.2600 0.3726 0.0608 
         512  1 0.2008 0.1740 0.2702 0.3550 
         513  1 0.2963 0.3883 0.2342 0.0812 
         514  1 0.2133 0.2625 0.1402 0.3841 
         515  1 0.3010 0.2518 0.2756 0.1715 
         516  1 0.2140 0.2162 0.2646 0.3053 
         517  1 0.3440 0.3731 0.2327 0.0502 
         518  1 0.3607 0.2429 0.2679 0.1285 
         519  1 0.3400 0.3839 0.2501 0.0260 
         520  1 0.3129 0.3723 0.1826 0.1322 
         521  1 0.2482 0.2129 0.4592 0.0797 
         522  1 0.1720 0.1636 0.1412 0.5233 
         523  1 0.2580 0.4283 0.2781 0.0356 
         524  1 0.3401 0.3089 0.2241 0.1270 
         525  1 0.1552 0.1103 0.4348 0.2998 
         526  1 0.2804 0.3334 0.3560 0.0302 
         527  1 0.1749 0.2168 0.1493 0.4590 
         528  1 0.2507 0.2505 0.1661 0.3328 
         529  1 0.3552 0.3083 0.2558 0.0808 
         530  1 0.2475 0.2888 0.1932 0.2705 
         531  1 0.2718 0.3158 0.2846 0.1278 
         532  1 0.2392 0.3232 0.3557 0.0818 
         533  1 0.3896 0.2922 0.2560 0.0622 
         534  1 0.3075 0.4229 0.1935 0.0761 
         535  1 0.2767 0.3431 0.2397 0.1406 
         536  1 0.2444 0.2871 0.3058 0.1627 
         537  1 0.4247 0.2862 0.1390 0.1501 
         538  1 0.0891 0.0728 0.1309 0.7073 
         539  1 0.2419 0.3046 0.1684 0.2851 
         540  1 0.2785 0.4079 0.2593 0.0543 
         541  1 0.3002 0.4776 0.1863 0.0359 
         542  1 0.3424 0.2889 0.3245 0.0442 
         543  1 0.2956 0.4180 0.2572 0.0291 
         544  1 0.2370 0.1966 0.5050 0.0614 
         545  1 0.3329 0.3903 0.2034 0.0734 
         546  1 0.2771 0.4314 0.2684 0.0231 
         547  1 0.2618 0.2878 0.3584 0.0919 
         548  1 0.3033 0.4335 0.2308 0.0325 
         549  1 0.2424 0.2037 0.5072 0.0467 
         550  1 0.2880 0.3504 0.3358 0.0257 
         551  1 0.2848 0.4850 0.1883 0.0419 
         552  1 0.2523 0.2232 0.4420 0.0825 
         553  1 0.2931 0.3293 0.2929 0.0847 
         554  1 0.2466 0.2384 0.4747 0.0402 
         555  1 0.3118 0.2499 0.2940 0.1443 
         556  1 0.3422 0.3654 0.1609 0.1316 
         557  1 0.3271 0.2692 0.2241 0.1796 
         558  1 0.3051 0.2272 0.2122 0.2555 
         559  1 0.0536 0.0484 0.0397 0.8583 
         560  1 0.2337 0.2490 0.3448 0.1725 
         561  1 0.0902 0.0661 0.0770 0.7666 
         562  1 0.2137 0.2065 0.2162 0.3636 
         563  1 0.0447 0.0393 0.0641 0.8519 
         564  1 0.1731 0.1635 0.1133 0.5501 
         565  1 0.0442 0.0423 0.0507 0.8628 
         566  1 0.2011 0.2039 0.1954 0.3996 
         567  1 0.1265 0.1346 0.1513 0.5876 
         568  1 0.2440 0.2873 0.3597 0.1090 
         569  1 0.1729 0.1408 0.1234 0.5629 
         570  1 0.2970 0.2596 0.1499 0.2935 
         571  1 0.1480 0.1266 0.2124 0.5130 
         572  1 0.1031 0.0832 0.0973 0.7164 
         573  1 0.0429 0.0473 0.0394 0.8704 
         574  1 0.2086 0.1631 0.2482 0.3800 
         575  1 0.1051 0.0896 0.1872 0.6180 
         576  1 0.1122 0.1247 0.1512 0.6119 
         577  1 0.0607 0.0621 0.0581 0.8192 
         578  1 0.1356 0.1120 0.1444 0.6080 
         579  1 0.1016 0.0950 0.0980 0.7053 
         580  1 0.0506 0.0406 0.0749 0.8339 
         581  1 0.1526 0.2009 0.1039 0.5427 
         582  1 0.0645 0.0714 0.0639 0.8002 
         583  1 0.0429 0.0369 0.0424 0.8778 
         584  1 0.0614 0.0539 0.0446 0.8401 
         585  1 0.0481 0.0508 0.0589 0.8422 
         586  1 0.1589 0.1193 0.2773 0.4445 
         587  1 0.2280 0.1828 0.2971 0.2922 
         588  1 0.2154 0.2642 0.1391 0.3813 
         589  1 0.1818 0.1404 0.3383 0.3395 
         590  1 0.0363 0.0318 0.0300 0.9019 
         591  1 0.1240 0.1203 0.0859 0.6698 
         592  1 0.0755 0.0601 0.1137 0.7507 
         593  1 0.1499 0.1280 0.1076 0.6146 
         594  1 0.0298 0.0321 0.0323 0.9059 
         595  1 0.0464 0.0427 0.0531 0.8578 
         596  1 0.0873 0.0918 0.0886 0.7323 
         597  1 0.0764 0.0811 0.0644 0.7781 
         598  1 0.0215 0.0206 0.0214 0.9366 
         599  1 0.0618 0.0585 0.0492 0.8304 
         600  1 0.3976 0.3366 0.1458 0.1201 
         601  1 0.0874 0.0697 0.1181 0.7249 
         602  1 0.0235 0.0228 0.0218 0.9319 
         603  1 0.1115 0.0883 0.1419 0.6583 
         604  1 0.1124 0.0950 0.0569 0.7357 
         605  1 0.0608 0.0489 0.0560 0.8343 
         606  1 0.1546 0.1264 0.3831 0.3359 
         607  1 0.2679 0.2187 0.2179 0.2955 
         608  1 0.0648 0.0548 0.0743 0.8061 
         609  1 0.2168 0.1533 0.2416 0.3884 
         610  1 0.0412 0.0398 0.0341 0.8849 
         611  1 0.2248 0.2001 0.1964 0.3788 
         612  1 0.0318 0.0289 0.0324 0.9069 
         613  1 0.2289 0.2238 0.1576 0.3897 
         614  1 0.0870 0.0760 0.0701 0.7669 
         615  1 0.1620 0.1111 0.0725 0.6544 
         616  1 0.1488 0.1251 0.0648 0.6613 
         617  1 0.1299 0.1517 0.1111 0.6073 
         618  1 0.0447 0.0409 0.0419 0.8725 
         619  1 0.0290 0.0267 0.0291 0.9152 
         620  1 0.0261 0.0231 0.0255 0.9253 
         621  1 0.0711 0.0593 0.0630 0.8066 
         622  1 0.0506 0.0435 0.0498 0.8562 
         623  1 0.0370 0.0407 0.0419 0.8804 
         624  1 0.0664 0.0671 0.0623 0.8042 
         625  1 0.0409 0.0385 0.0501 0.8705 
         626  1 0.0209 0.0219 0.0214 0.9358 
         627  1 0.0356 0.0294 0.0344 0.9007 
         628  1 0.0252 0.0284 0.0263 0.9201 
         629  1 0.0324 0.0335 0.0284 0.9057 
         630  1 0.0518 0.0501 0.0452 0.8529 
         631  1 0.0305 0.0276 0.0260 0.9160 
         632  1 0.1359 0.0932 0.2766 0.4943 
         633  1 0.0258 0.0255 0.0275 0.9213 
         634  1 0.1535 0.1440 0.2233 0.4792 
         635  1 0.1147 0.1140 0.1453 0.6260 
         636  1 0.1018 0.0850 0.0536 0.7597 
         637  1 0.0237 0.0232 0.0239 0.9292 
         638  1 0.1096 0.0829 0.1722 0.6352 
         639  1 0.0343 0.0277 0.0312 0.9068 
         640  1 0.0460 0.0426 0.0455 0.8660 
         641  1 0.0377 0.0356 0.0518 0.8750 
         642  1 0.0705 0.0619 0.0615 0.8060 
         643  1 0.0377 0.0341 0.0354 0.8927 
         644  1 0.0721 0.0638 0.0501 0.8140 
         645  1 0.0883 0.0686 0.0537 0.7893 
         646  1 0.0510 0.0514 0.0386 0.8591 
         647  1 0.1988 0.1856 0.3193 0.2963 
         648  1 0.1444 0.1258 0.2204 0.5095 
         649  1 0.0438 0.0408 0.0324 0.8830 
         650  1 0.2656 0.2039 0.0652 0.4654 
         651  1 0.0498 0.0474 0.0451 0.8578 
         652  1 0.0676 0.0540 0.0818 0.7966 
         653  1 0.0756 0.0713 0.1004 0.7527 
         654  1 0.0368 0.0347 0.0436 0.8849 
         655  1 0.0387 0.0406 0.0428 0.8779 
         656  1 0.0178 0.0187 0.0212 0.9423 
         657  1 0.0287 0.0267 0.0290 0.9156 
         658  1 0.0573 0.0499 0.0657 0.8270 
         659  1 0.1937 0.1576 0.1195 0.5292 
         660  1 0.0254 0.0238 0.0288 0.9220 
         661  1 0.1948 0.1730 0.1746 0.4576 
         662  1 0.0260 0.0267 0.0251 0.9222 
         663  1 0.0771 0.0715 0.0957 0.7557 
         664  1 0.0842 0.0844 0.0579 0.7735 
         665  1 0.0312 0.0273 0.0316 0.9098 
         666  1 0.0292 0.0296 0.0377 0.9035 
         667  1 0.0638 0.0594 0.0765 0.8002 
         668  1 0.0708 0.0548 0.0585 0.8158 
