           1  1 0.2000 0.1712 0.1832 0.1474 0.1834 0.1148 
           2  1 0.2410 0.0516 0.1715 0.1882 0.1843 0.1635 
           3  1 0.2023 0.0322 0.1967 0.1998 0.2110 0.1580 
           4  1 0.2029 0.1113 0.1755 0.1685 0.1651 0.1766 
           5  1 0.2116 0.0169 0.1876 0.1918 0.2473 0.1448 
           6  1 0.2238 0.0626 0.1650 0.2001 0.1666 0.1818 
           7  1 0.2302 0.0155 0.1802 0.1740 0.2142 0.1859 
           8  1 0.0901 0.5318 0.0874 0.0994 0.0860 0.1052 
           9  1 0.1996 0.0128 0.1775 0.2101 0.2065 0.1935 
          10  1 0.2452 0.0299 0.1771 0.1855 0.1623 0.2000 
          11  1 0.2236 0.0173 0.1977 0.1801 0.2115 0.1699 
          12  1 0.2362 0.0273 0.1657 0.1918 0.2207 0.1583 
          13  1 0.2252 0.0297 0.1763 0.1828 0.1739 0.2120 
          14  1 0.1896 0.0276 0.1739 0.2416 0.2170 0.1503 
          15  1 0.1895 0.0594 0.1713 0.2162 0.1936 0.1700 
          16  1 0.2721 0.0258 0.1710 0.1992 0.1924 0.1394 
          17  1 0.1634 0.0227 0.1695 0.2292 0.1806 0.2345 
          18  1 0.1695 0.2623 0.1433 0.1608 0.1431 0.1211 
          19  1 0.1950 0.0657 0.1986 0.1868 0.2309 0.1230 
          20  1 0.2413 0.0177 0.1908 0.1654 0.1914 0.1933 
          21  1 0.1872 0.0256 0.1736 0.2282 0.1903 0.1951 
          22  1 0.1877 0.0135 0.1879 0.1828 0.1755 0.2525 
          23  1 0.1875 0.0779 0.1744 0.1979 0.1770 0.1853 
          24  1 0.2262 0.0434 0.1742 0.1905 0.1836 0.1821 
          25  1 0.2060 0.0238 0.1914 0.1846 0.1869 0.2075 
          26  1 0.1973 0.0239 0.1904 0.2092 0.2334 0.1459 
          27  1 0.1967 0.0350 0.2017 0.2023 0.2407 0.1236 
          28  1 0.2036 0.0307 0.1641 0.2274 0.1895 0.1846 
          29  1 0.2119 0.0128 0.1600 0.2184 0.2053 0.1916 
          30  1 0.2096 0.0273 0.1769 0.2072 0.1973 0.1817 
          31  1 0.1747 0.0671 0.1813 0.1832 0.1605 0.2331 
          32  1 0.2395 0.0194 0.1843 0.2013 0.1654 0.1901 
          33  1 0.2103 0.0587 0.1643 0.2058 0.1698 0.1912 
          34  1 0.1757 0.0367 0.1973 0.1919 0.1792 0.2193 
          35  1 0.1618 0.0293 0.1775 0.2117 0.1898 0.2298 
          36  1 0.2178 0.0163 0.1618 0.2161 0.2155 0.1725 
          37  1 0.1808 0.0171 0.2116 0.1997 0.2749 0.1159 
          38  1 0.2483 0.0159 0.1738 0.1854 0.2070 0.1697 
          39  1 0.1972 0.0388 0.1625 0.2067 0.2084 0.1865 
          40  1 0.1269 0.2428 0.1418 0.1420 0.1333 0.2132 
          41  1 0.2321 0.0247 0.1653 0.1882 0.2145 0.1753 
          42  1 0.2385 0.0150 0.1679 0.1974 0.1798 0.2013 
          43  1 0.2252 0.0492 0.2062 0.1701 0.2320 0.1172 
          44  1 0.2052 0.0247 0.1955 0.2138 0.2062 0.1546 
          45  1 0.2051 0.0148 0.1545 0.2248 0.2065 0.1943 
          46  1 0.2454 0.0319 0.1618 0.2077 0.1706 0.1826 
          47  1 0.1906 0.0349 0.2085 0.2017 0.2172 0.1470 
          48  1 0.1718 0.1254 0.1851 0.1755 0.1703 0.1720 
          49  1 0.2067 0.0264 0.1836 0.2031 0.2061 0.1740 
          50  1 0.2045 0.0114 0.1662 0.2303 0.1882 0.1994 
          51  1 0.2002 0.0456 0.1642 0.2130 0.1907 0.1862 
          52  1 0.2581 0.0195 0.1668 0.1783 0.2267 0.1507 
          53  1 0.2123 0.0237 0.1833 0.2026 0.1891 0.1889 
          54  1 0.2317 0.0784 0.1879 0.1703 0.1952 0.1364 
          55  1 0.1581 0.3796 0.1230 0.1226 0.1198 0.0969 
          56  1 0.2485 0.0282 0.1913 0.1761 0.2260 0.1300 
          57  1 0.2549 0.0102 0.1724 0.2169 0.1800 0.1656 
          58  1 0.2250 0.0249 0.1823 0.2207 0.1865 0.1607 
          59  1 0.2284 0.0115 0.1745 0.2282 0.1906 0.1667 
          60  1 0.2123 0.0159 0.1911 0.1998 0.2018 0.1791 
          61  1 0.2110 0.1786 0.1576 0.1582 0.1526 0.1420 
          62  1 0.2119 0.0110 0.1682 0.2279 0.2132 0.1677 
          63  1 0.2101 0.0353 0.1823 0.1865 0.1813 0.2045 
          64  1 0.2449 0.0214 0.1631 0.1802 0.2065 0.1838 
          65  1 0.1854 0.0335 0.1871 0.1965 0.2490 0.1485 
          66  1 0.2063 0.0312 0.1856 0.1948 0.1952 0.1870 
          67  1 0.2296 0.0157 0.1832 0.1865 0.1927 0.1923 
          68  1 0.2147 0.0168 0.1994 0.2078 0.1880 0.1733 
          69  1 0.1883 0.0460 0.1906 0.2233 0.1830 0.1688 
          70  1 0.1141 0.0446 0.1938 0.1662 0.1480 0.3333 
          71  1 0.1861 0.2376 0.1417 0.1531 0.1448 0.1368 
          72  1 0.2216 0.0147 0.1595 0.2226 0.1985 0.1831 
          73  1 0.1735 0.0688 0.2065 0.1933 0.2021 0.1559 
          74  1 0.2056 0.0602 0.1807 0.1977 0.1719 0.1838 
          75  1 0.2151 0.0279 0.1930 0.1904 0.2017 0.1718 
          76  1 0.1697 0.1082 0.1512 0.1638 0.1645 0.2425 
          77  1 0.1720 0.0856 0.1903 0.1858 0.1822 0.1842 
          78  1 0.1629 0.0367 0.2216 0.2080 0.2689 0.1018 
          79  1 0.2355 0.0135 0.1933 0.1775 0.2533 0.1269 
          80  1 0.2073 0.1277 0.1588 0.1751 0.1633 0.1678 
          81  1 0.1516 0.1330 0.1785 0.1943 0.1865 0.1560 
          82  1 0.1606 0.0332 0.2045 0.2231 0.2167 0.1620 
          83  1 0.1737 0.0624 0.1845 0.1818 0.1738 0.2238 
          84  1 0.1678 0.0583 0.1759 0.1721 0.1677 0.2583 
          85  1 0.2142 0.0334 0.1771 0.2163 0.1768 0.1822 
          86  1 0.1529 0.2188 0.1680 0.1429 0.1472 0.1702 
          87  1 0.2224 0.0205 0.1962 0.1827 0.1984 0.1797 
          88  1 0.2187 0.0480 0.1691 0.2033 0.1940 0.1667 
          89  1 0.1962 0.0472 0.1984 0.1816 0.1654 0.2111 
          90  1 0.1590 0.2232 0.1571 0.1537 0.1471 0.1599 
          91  1 0.2021 0.0678 0.1821 0.1781 0.1675 0.2024 
          92  1 0.1967 0.0420 0.1831 0.2059 0.1972 0.1751 
          93  1 0.1874 0.0406 0.1755 0.2201 0.1767 0.1997 
          94  1 0.1899 0.2675 0.1315 0.1462 0.1407 0.1242 
          95  1 0.2458 0.0345 0.1756 0.1987 0.1858 0.1596 
          96  1 0.3125 0.0553 0.1611 0.1469 0.1712 0.1531 
          97  1 0.2287 0.0189 0.1980 0.1846 0.1992 0.1706 
          98  1 0.1284 0.0194 0.1900 0.1906 0.1681 0.3034 
          99  1 0.1998 0.0192 0.1766 0.1727 0.1809 0.2508 
         100  1 0.1720 0.0301 0.2175 0.2267 0.2550 0.0987 
         101  1 0.1483 0.0666 0.1827 0.2366 0.2280 0.1377 
         102  1 0.2316 0.0205 0.1647 0.2264 0.1722 0.1846 
         103  1 0.1141 0.2125 0.1805 0.1969 0.2087 0.0873 
         104  1 0.1701 0.0293 0.1893 0.1847 0.1934 0.2332 
         105  1 0.2083 0.0407 0.1779 0.1950 0.1876 0.1905 
         106  1 0.1464 0.0462 0.1784 0.1709 0.1729 0.2852 
         107  1 0.1620 0.0364 0.2104 0.2424 0.2347 0.1142 
         108  1 0.2482 0.0397 0.1769 0.2055 0.1612 0.1684 
         109  1 0.1975 0.0413 0.2033 0.1750 0.2052 0.1776 
         110  1 0.2306 0.0285 0.1976 0.1704 0.2102 0.1626 
         111  1 0.1732 0.0455 0.1914 0.1776 0.1703 0.2420 
         112  1 0.1521 0.0370 0.2138 0.2379 0.2477 0.1114 
         113  1 0.2115 0.0179 0.1595 0.2300 0.2062 0.1749 
         114  1 0.2047 0.0703 0.1889 0.1976 0.1807 0.1577 
         115  1 0.1973 0.0518 0.1981 0.1979 0.1973 0.1576 
         116  1 0.1907 0.0176 0.1994 0.1973 0.1773 0.2177 
         117  1 0.2074 0.0443 0.1973 0.1987 0.2142 0.1382 
         118  1 0.2107 0.0538 0.1855 0.1969 0.1969 0.1563 
         119  1 0.1241 0.0334 0.1985 0.1539 0.1365 0.3537 
         120  1 0.1652 0.2371 0.1545 0.1396 0.1484 0.1553 
         121  1 0.2066 0.0447 0.2077 0.1658 0.2044 0.1707 
         122  1 0.1377 0.0349 0.1936 0.1669 0.1617 0.3051 
         123  1 0.1608 0.0197 0.1937 0.2095 0.1765 0.2399 
         124  1 0.2314 0.0214 0.1923 0.2027 0.1691 0.1832 
         125  1 0.1226 0.0772 0.1764 0.1617 0.1546 0.3074 
         126  1 0.2080 0.0208 0.1739 0.2113 0.1929 0.1932 
         127  1 0.1863 0.0349 0.1897 0.2191 0.1993 0.1708 
         128  1 0.1734 0.0223 0.1901 0.2035 0.2143 0.1964 
         129  1 0.1511 0.2636 0.1603 0.1254 0.1467 0.1528 
         130  1 0.1612 0.0764 0.1805 0.1701 0.1528 0.2589 
         131  1 0.2115 0.0386 0.1826 0.2044 0.1829 0.1800 
         132  1 0.1961 0.0217 0.1904 0.1953 0.2069 0.1896 
         133  1 0.1957 0.0186 0.2045 0.1695 0.1602 0.2516 
         134  1 0.2458 0.0398 0.1911 0.1743 0.1681 0.1808 
         135  1 0.0813 0.5914 0.0844 0.0789 0.0888 0.0752 
         136  1 0.1681 0.0439 0.1961 0.1915 0.1824 0.2180 
         137  1 0.1646 0.1892 0.1843 0.1532 0.1966 0.1120 
         138  1 0.2251 0.0246 0.1660 0.2058 0.2038 0.1746 
         139  1 0.1828 0.0389 0.2073 0.1999 0.2047 0.1664 
         140  1 0.2079 0.0509 0.2030 0.1774 0.2022 0.1587 
         141  1 0.2222 0.0853 0.2201 0.1455 0.1988 0.1280 
         142  1 0.1474 0.0714 0.1828 0.2136 0.1947 0.1901 
         143  1 0.2013 0.0488 0.2067 0.1848 0.2271 0.1314 
         144  1 0.2014 0.0214 0.1759 0.2190 0.1991 0.1832 
         145  1 0.2347 0.0161 0.1756 0.2166 0.1675 0.1895 
         146  1 0.1482 0.0561 0.2222 0.2278 0.2267 0.1190 
         147  1 0.2204 0.0217 0.1751 0.2308 0.1930 0.1591 
         148  1 0.1751 0.0205 0.2047 0.2300 0.2219 0.1478 
         149  1 0.1917 0.0508 0.2272 0.1684 0.1975 0.1644 
         150  1 0.1471 0.1346 0.1781 0.2013 0.2105 0.1284 
         151  1 0.1889 0.0587 0.1925 0.1867 0.1752 0.1980 
         152  1 0.1528 0.0465 0.1956 0.2233 0.2082 0.1737 
         153  1 0.2228 0.0390 0.1987 0.1779 0.2034 0.1581 
         154  1 0.1275 0.0151 0.1738 0.1675 0.1690 0.3471 
         155  1 0.1786 0.0564 0.1849 0.1880 0.1928 0.1993 
         156  1 0.2276 0.0430 0.2046 0.1736 0.1810 0.1702 
         157  1 0.1971 0.0362 0.1898 0.1841 0.1991 0.1936 
         158  1 0.1675 0.1431 0.1752 0.1633 0.1607 0.1902 
         159  1 0.1985 0.0369 0.1783 0.2198 0.1766 0.1899 
         160  1 0.1696 0.0272 0.1901 0.1833 0.1852 0.2446 
         161  1 0.1350 0.2003 0.1528 0.1578 0.1533 0.2007 
         162  1 0.2086 0.0318 0.1904 0.1908 0.1975 0.1809 
         163  1 0.1963 0.0845 0.1876 0.1882 0.1736 0.1698 
         164  1 0.1566 0.0408 0.1975 0.1647 0.1842 0.2561 
         165  1 0.2153 0.0287 0.1802 0.1827 0.1834 0.2096 
         166  1 0.1900 0.0515 0.2059 0.2110 0.2014 0.1402 
         167  1 0.1693 0.0288 0.1885 0.1801 0.1648 0.2684 
         168  1 0.1896 0.1858 0.1592 0.1762 0.1509 0.1384 
         169  1 0.1096 0.0328 0.1777 0.1742 0.1486 0.3571 
         170  1 0.1548 0.0179 0.1825 0.1696 0.1804 0.2948 
         171  1 0.2485 0.0258 0.2090 0.1657 0.1656 0.1854 
         172  1 0.2027 0.0272 0.1822 0.1993 0.1855 0.2031 
         173  1 0.1613 0.0511 0.1970 0.2142 0.2117 0.1647 
         174  1 0.2008 0.0425 0.1739 0.2072 0.1856 0.1900 
         175  1 0.1330 0.0350 0.1866 0.1753 0.1590 0.3110 
         176  1 0.2027 0.0636 0.1932 0.1877 0.1800 0.1728 
         177  1 0.1942 0.1128 0.1700 0.1783 0.1785 0.1662 
         178  1 0.2075 0.0352 0.2040 0.1810 0.1912 0.1812 
         179  1 0.2359 0.0351 0.2106 0.1813 0.2007 0.1365 
         180  1 0.1889 0.0081 0.2210 0.1579 0.1831 0.2409 
         181  1 0.2162 0.0650 0.2017 0.1744 0.1868 0.1559 
         182  1 0.1492 0.2728 0.1552 0.1472 0.1539 0.1218 
         183  1 0.1285 0.1360 0.1686 0.1599 0.1430 0.2640 
         184  1 0.1250 0.0557 0.1838 0.1668 0.1410 0.3278 
         185  1 0.2005 0.0625 0.1797 0.1939 0.1786 0.1848 
         186  1 0.1501 0.0312 0.1762 0.1643 0.1409 0.3374 
         187  1 0.1170 0.0209 0.1796 0.1766 0.1484 0.3574 
         188  1 0.1170 0.0220 0.1853 0.1644 0.1526 0.3586 
         189  1 0.2155 0.0330 0.1907 0.1924 0.2082 0.1602 
         190  1 0.1139 0.0392 0.1777 0.1596 0.1435 0.3662 
         191  1 0.1979 0.0241 0.1844 0.2112 0.2031 0.1793 
         192  1 0.0713 0.6647 0.0713 0.0636 0.0642 0.0649 
         193  1 0.0901 0.5814 0.0783 0.0768 0.0790 0.0943 
         194  1 0.1077 0.1501 0.1592 0.1426 0.1334 0.3072 
         195  1 0.1614 0.0679 0.2009 0.1438 0.1612 0.2648 
         196  1 0.2071 0.0200 0.2122 0.1802 0.2082 0.1722 
         197  1 0.2080 0.0985 0.1755 0.1841 0.1703 0.1637 
         198  1 0.1979 0.0281 0.1844 0.2248 0.1892 0.1755 
         199  1 0.2201 0.0927 0.2010 0.1584 0.1825 0.1454 
         200  1 0.1709 0.0716 0.1952 0.1896 0.1858 0.1868 
         201  1 0.1668 0.1694 0.1687 0.1731 0.1577 0.1643 
         202  1 0.2163 0.0104 0.1662 0.2095 0.2017 0.1959 
         203  1 0.1411 0.0632 0.2054 0.2148 0.2580 0.1174 
         204  1 0.1960 0.0160 0.2120 0.1632 0.1741 0.2387 
         205  1 0.2355 0.0150 0.2216 0.1742 0.1816 0.1721 
         206  1 0.1991 0.0304 0.1820 0.1907 0.1824 0.2154 
         207  1 0.2166 0.0241 0.2286 0.1530 0.1982 0.1795 
         208  1 0.1874 0.0146 0.2107 0.1840 0.1802 0.2231 
         209  1 0.1463 0.2805 0.1501 0.1412 0.1344 0.1474 
         210  1 0.2194 0.0274 0.2071 0.1666 0.2226 0.1568 
         211  1 0.1713 0.0321 0.2068 0.1944 0.1841 0.2113 
         212  1 0.1340 0.1000 0.1881 0.1715 0.1401 0.2664 
         213  1 0.1423 0.0417 0.2065 0.2315 0.2389 0.1390 
         214  1 0.2000 0.0523 0.1962 0.1874 0.2465 0.1176 
         215  1 0.1849 0.0623 0.1963 0.1652 0.1691 0.2221 
         216  1 0.1434 0.0373 0.2024 0.1724 0.1653 0.2793 
         217  1 0.2006 0.0327 0.2142 0.1782 0.2603 0.1141 
         218  1 0.2096 0.0205 0.2233 0.1531 0.1887 0.2049 
         219  1 0.2225 0.0162 0.2077 0.1755 0.1898 0.1884 
         220  1 0.1484 0.1002 0.1863 0.2106 0.1781 0.1764 
         221  1 0.2013 0.0630 0.1695 0.1981 0.2004 0.1677 
         222  1 0.1846 0.0840 0.2067 0.1760 0.1829 0.1658 
         223  1 0.1305 0.3462 0.1367 0.1276 0.1283 0.1307 
         224  1 0.2063 0.0430 0.1818 0.2200 0.1852 0.1637 
         225  1 0.2154 0.0229 0.2010 0.2045 0.1865 0.1697 
         226  1 0.2341 0.0228 0.1868 0.2131 0.1875 0.1557 
         227  1 0.1466 0.1067 0.1694 0.1657 0.1569 0.2546 
         228  1 0.1478 0.0547 0.1942 0.1869 0.1586 0.2579 
         229  1 0.2091 0.0190 0.2139 0.1850 0.2008 0.1723 
         230  1 0.1113 0.0383 0.1925 0.2196 0.1971 0.2412 
         231  1 0.2223 0.0166 0.1785 0.2019 0.1952 0.1855 
         232  1 0.1978 0.0254 0.1964 0.1888 0.1894 0.2023 
         233  1 0.2155 0.0456 0.1890 0.1971 0.1880 0.1649 
         234  1 0.1919 0.0242 0.2043 0.1608 0.1627 0.2560 
         235  1 0.2440 0.0171 0.1856 0.2083 0.1627 0.1824 
         236  1 0.2087 0.0178 0.2256 0.1770 0.2361 0.1348 
         237  1 0.2343 0.0278 0.1915 0.2140 0.1669 0.1655 
         238  1 0.2226 0.0680 0.2023 0.1624 0.1675 0.1772 
         239  1 0.2059 0.0083 0.1609 0.2451 0.2034 0.1764 
         240  1 0.1769 0.2253 0.1607 0.1371 0.1567 0.1433 
         241  1 0.2045 0.0217 0.1998 0.1794 0.1933 0.2014 
         242  1 0.1894 0.0590 0.1993 0.2212 0.1914 0.1397 
         243  1 0.2084 0.0226 0.1866 0.2213 0.1992 0.1619 
         244  1 0.2344 0.0470 0.2084 0.1703 0.1979 0.1420 
         245  1 0.1851 0.0194 0.1894 0.1869 0.1723 0.2469 
         246  1 0.2100 0.0104 0.1723 0.2130 0.2045 0.1898 
         247  1 0.2098 0.0714 0.1985 0.1776 0.1957 0.1470 
         248  1 0.2109 0.0681 0.1859 0.2008 0.1959 0.1384 
         249  1 0.1315 0.1848 0.1461 0.1623 0.1416 0.2337 
         250  1 0.1444 0.0272 0.1980 0.2190 0.2093 0.2021 
         251  1 0.1234 0.0280 0.1819 0.2176 0.2285 0.2206 
         252  1 0.1982 0.0132 0.1997 0.2398 0.2012 0.1480 
         253  1 0.1477 0.2742 0.1587 0.1353 0.1481 0.1359 
         254  1 0.0357 0.7638 0.0495 0.0435 0.0376 0.0699 
         255  1 0.2025 0.0703 0.1778 0.1784 0.1810 0.1900 
         256  1 0.1221 0.0275 0.1750 0.1669 0.1569 0.3515 
         257  1 0.1500 0.0942 0.1884 0.1913 0.1930 0.1832 
         258  1 0.1880 0.0406 0.1835 0.2186 0.1868 0.1825 
         259  1 0.2270 0.0392 0.1792 0.1858 0.2197 0.1491 
         260  1 0.2329 0.0095 0.2244 0.1740 0.2217 0.1375 
         261  1 0.1880 0.0194 0.2041 0.1750 0.1767 0.2368 
         262  1 0.1936 0.0230 0.2244 0.1675 0.1855 0.2060 
         263  1 0.2029 0.0643 0.2007 0.1834 0.1786 0.1701 
         264  1 0.2170 0.0223 0.1971 0.2080 0.1920 0.1637 
         265  1 0.1702 0.1713 0.1596 0.1846 0.1800 0.1343 
         266  1 0.1907 0.0268 0.1806 0.2193 0.1948 0.1878 
         267  1 0.1872 0.0305 0.1901 0.2042 0.2166 0.1713 
         268  1 0.1603 0.0314 0.1958 0.2315 0.2337 0.1474 
         269  1 0.1880 0.0585 0.1795 0.1967 0.2000 0.1772 
         270  1 0.1050 0.3233 0.1202 0.1100 0.1136 0.2279 
         271  1 0.1494 0.0300 0.2052 0.2152 0.2484 0.1518 
         272  1 0.1498 0.0250 0.1855 0.1968 0.1818 0.2611 
         273  1 0.1910 0.0146 0.2107 0.2070 0.2286 0.1480 
         274  1 0.2308 0.0143 0.1598 0.2332 0.1708 0.1910 
         275  1 0.1479 0.0375 0.2052 0.2411 0.2196 0.1487 
         276  1 0.1749 0.0240 0.2162 0.2247 0.2203 0.1398 
         277  1 0.1262 0.0665 0.1852 0.1644 0.1574 0.3004 
         278  1 0.1851 0.0640 0.2006 0.1904 0.2358 0.1241 
         279  1 0.2556 0.0108 0.1919 0.1630 0.1963 0.1822 
         280  1 0.2258 0.0207 0.1730 0.2286 0.1842 0.1677 
         281  1 0.1562 0.1339 0.1719 0.1887 0.1826 0.1667 
         282  1 0.2190 0.0247 0.1933 0.2107 0.1789 0.1735 
         283  1 0.1418 0.0130 0.1920 0.1893 0.1618 0.3021 
         284  1 0.1317 0.0174 0.2031 0.1693 0.1476 0.3309 
         285  1 0.1785 0.0358 0.1904 0.2237 0.1812 0.1904 
         286  1 0.1424 0.2317 0.1628 0.1610 0.1500 0.1522 
         287  1 0.2223 0.0274 0.1679 0.2002 0.2028 0.1794 
         288  1 0.2103 0.0197 0.1936 0.1819 0.2243 0.1702 
         289  1 0.1909 0.0355 0.2132 0.1749 0.2076 0.1778 
         290  1 0.2306 0.0219 0.2253 0.1692 0.2103 0.1427 
         291  1 0.2200 0.0443 0.2045 0.1505 0.1848 0.1959 
         292  1 0.1001 0.0357 0.1732 0.1669 0.1493 0.3747 
         293  1 0.2216 0.0242 0.2103 0.1732 0.2414 0.1293 
         294  1 0.2011 0.0227 0.2105 0.1658 0.1745 0.2255 
         295  1 0.2192 0.0383 0.2055 0.1525 0.2066 0.1779 
         296  1 0.1472 0.1352 0.1867 0.1976 0.1923 0.1410 
         297  1 0.2176 0.0384 0.1829 0.2020 0.2017 0.1573 
         298  1 0.1839 0.0131 0.1843 0.2258 0.2045 0.1885 
         299  1 0.1791 0.0483 0.2085 0.1864 0.1971 0.1806 
         300  1 0.1866 0.1314 0.1891 0.1422 0.1538 0.1969 
         301  1 0.1709 0.2328 0.1744 0.1487 0.1532 0.1201 
         302  1 0.1743 0.0427 0.1770 0.2079 0.1636 0.2344 
         303  1 0.2211 0.0410 0.1805 0.1962 0.1880 0.1733 
         304  1 0.2558 0.0340 0.1837 0.1971 0.1643 0.1651 
         305  1 0.1579 0.0265 0.1884 0.1937 0.1864 0.2471 
         306  1 0.1374 0.0595 0.2082 0.2389 0.2385 0.1175 
         307  1 0.1722 0.0181 0.1770 0.1723 0.1856 0.2749 
         308  1 0.2139 0.0409 0.1704 0.2238 0.1836 0.1676 
         309  1 0.2265 0.0408 0.1831 0.1845 0.1830 0.1820 
         310  1 0.0950 0.0360 0.1670 0.1673 0.1320 0.4027 
         311  1 0.1921 0.0276 0.1648 0.2099 0.2029 0.2027 
         312  1 0.2286 0.0412 0.1920 0.1873 0.1761 0.1748 
         313  1 0.2257 0.0238 0.1764 0.1867 0.1866 0.2008 
         314  1 0.2099 0.0274 0.1718 0.2183 0.1971 0.1755 
         315  1 0.1977 0.0163 0.2065 0.1745 0.1759 0.2291 
         316  1 0.1259 0.3642 0.1264 0.1317 0.1198 0.1320 
         317  1 0.1631 0.0350 0.1837 0.1752 0.1615 0.2814 
         318  1 0.1772 0.0226 0.2061 0.2109 0.2194 0.1638 
         319  1 0.2412 0.0309 0.1946 0.1808 0.2075 0.1450 
         320  1 0.1919 0.0307 0.1969 0.2084 0.1917 0.1804 
         321  1 0.1187 0.4478 0.1121 0.1078 0.1126 0.1010 
         322  1 0.1696 0.0497 0.1825 0.1897 0.1699 0.2387 
         323  1 0.2082 0.0407 0.1664 0.2119 0.1968 0.1761 
         324  1 0.1611 0.0361 0.2050 0.1760 0.1676 0.2542 
         325  1 0.1802 0.0164 0.1891 0.2260 0.2223 0.1660 
         326  1 0.1255 0.0157 0.2060 0.2255 0.2101 0.2172 
         327  1 0.1515 0.1321 0.1933 0.1692 0.1986 0.1554 
         328  1 0.1765 0.0104 0.1971 0.1850 0.2014 0.2295 
         329  1 0.2386 0.0302 0.2014 0.1535 0.2047 0.1716 
         330  1 0.1798 0.1099 0.1769 0.1708 0.1726 0.1901 
         331  1 0.1979 0.0424 0.1985 0.1968 0.2013 0.1631 
         332  1 0.1838 0.0169 0.1931 0.1900 0.2002 0.2160 
         333  1 0.2170 0.0199 0.1826 0.1923 0.1995 0.1887 
         334  1 0.1713 0.0274 0.1876 0.1652 0.1651 0.2834 
         335  1 0.1463 0.2089 0.1700 0.1509 0.1717 0.1523 
         336  1 0.1657 0.0719 0.1857 0.2347 0.1868 0.1552 
         337  1 0.1002 0.0106 0.1720 0.1729 0.1351 0.4092 
         338  1 0.2424 0.0155 0.2311 0.1538 0.2304 0.1268 
         339  1 0.0831 0.0304 0.1677 0.1701 0.1299 0.4188 
         340  1 0.1117 0.3053 0.1418 0.1344 0.1260 0.1808 
         341  1 0.1865 0.1034 0.1886 0.1636 0.1780 0.1799 
         342  1 0.1894 0.0265 0.1820 0.1728 0.1709 0.2583 
         343  1 0.1355 0.0210 0.2093 0.2369 0.2280 0.1692 
         344  1 0.1544 0.0396 0.2091 0.2055 0.1952 0.1962 
         345  1 0.1710 0.0200 0.2005 0.2171 0.2376 0.1538 
         346  1 0.2319 0.0299 0.1953 0.1641 0.1999 0.1788 
         347  1 0.1181 0.0225 0.2110 0.2498 0.2671 0.1315 
         348  1 0.1952 0.0455 0.1883 0.1802 0.1797 0.2112 
         349  1 0.2100 0.0493 0.2064 0.1958 0.1879 0.1506 
         350  1 0.1769 0.1798 0.1635 0.1594 0.1644 0.1561 
         351  1 0.2308 0.0621 0.2013 0.1491 0.1903 0.1664 
         352  1 0.2319 0.0163 0.1989 0.1766 0.1968 0.1796 
         353  1 0.0604 0.6117 0.0807 0.0979 0.0999 0.0493 
         354  1 0.2291 0.0223 0.1839 0.2004 0.2049 0.1595 
         355  1 0.2096 0.0189 0.2387 0.1702 0.1985 0.1641 
         356  1 0.1713 0.0576 0.1985 0.1905 0.1925 0.1894 
         357  1 0.1641 0.0336 0.2193 0.1873 0.2552 0.1405 
         358  1 0.1749 0.0248 0.2035 0.1942 0.2375 0.1650 
         359  1 0.2178 0.0784 0.2032 0.1606 0.2142 0.1258 
         360  1 0.1633 0.0497 0.2154 0.1979 0.2556 0.1180 
         361  1 0.2153 0.0314 0.1906 0.1934 0.1875 0.1818 
         362  1 0.1427 0.2379 0.1617 0.1499 0.1535 0.1543 
         363  1 0.1448 0.1269 0.1733 0.1808 0.1742 0.2001 
         364  1 0.1694 0.0520 0.2008 0.1730 0.2034 0.2014 
         365  1 0.1360 0.1824 0.1716 0.1790 0.1614 0.1696 
         366  1 0.2180 0.0630 0.1940 0.1829 0.1988 0.1432 
         367  1 0.0553 0.6569 0.0678 0.0671 0.0570 0.0960 
         368  1 0.1647 0.0232 0.1925 0.1895 0.2023 0.2279 
         369  1 0.1938 0.0249 0.1804 0.1849 0.1895 0.2264 
         370  1 0.1380 0.0509 0.1876 0.2331 0.2636 0.1268 
         371  1 0.1694 0.1063 0.1697 0.2124 0.1845 0.1577 
         372  1 0.2014 0.0313 0.1770 0.1989 0.1835 0.2078 
         373  1 0.1911 0.1283 0.1816 0.1770 0.1907 0.1312 
         374  1 0.1988 0.0466 0.2201 0.1774 0.2101 0.1470 
         375  1 0.2714 0.0800 0.1921 0.1409 0.1789 0.1367 
         376  1 0.1694 0.0813 0.2117 0.1691 0.2098 0.1588 
         377  1 0.1799 0.0282 0.2119 0.1974 0.2500 0.1326 
         378  1 0.1590 0.0227 0.1867 0.1950 0.1839 0.2527 
         379  1 0.2192 0.0665 0.1994 0.1575 0.1835 0.1739 
         380  1 0.1776 0.0635 0.2040 0.1606 0.2181 0.1762 
         381  1 0.2596 0.0330 0.1881 0.1840 0.1769 0.1585 
         382  1 0.2213 0.0226 0.1925 0.1892 0.1977 0.1767 
         383  1 0.2208 0.0441 0.1757 0.1893 0.1924 0.1777 
         384  1 0.1859 0.0122 0.1831 0.2298 0.1974 0.1916 
         385  1 0.1578 0.1062 0.1761 0.1841 0.1710 0.2047 
         386  1 0.1948 0.0212 0.2112 0.1929 0.1788 0.2011 
         387  1 0.1701 0.1381 0.1802 0.1374 0.1498 0.2244 
         388  1 0.0862 0.4088 0.1219 0.1305 0.1746 0.0779 
         389  1 0.1184 0.3830 0.1370 0.1136 0.1599 0.0881 
         390  1 0.1856 0.0329 0.1733 0.1931 0.1820 0.2331 
         391  1 0.1590 0.0345 0.1990 0.2407 0.2351 0.1317 
         392  1 0.1656 0.0947 0.1991 0.1583 0.1515 0.2310 
         393  1 0.2885 0.0326 0.1789 0.1486 0.1884 0.1630 
         394  1 0.1177 0.0370 0.2150 0.2380 0.2651 0.1272 
         395  1 0.1448 0.0778 0.1886 0.1636 0.1523 0.2730 
         396  1 0.0843 0.0201 0.1685 0.1677 0.1441 0.4154 
         397  1 0.1440 0.1819 0.1895 0.1575 0.1840 0.1432 
         398  1 0.2282 0.0153 0.1814 0.1686 0.1799 0.2266 
         399  1 0.1876 0.0128 0.2031 0.2307 0.2152 0.1506 
         400  1 0.1636 0.0693 0.1768 0.1735 0.1623 0.2545 
         401  1 0.1244 0.1534 0.1786 0.1908 0.1889 0.1640 
         402  1 0.1147 0.0379 0.1802 0.1725 0.1449 0.3498 
         403  1 0.1364 0.2089 0.1485 0.1456 0.1274 0.2332 
         404  1 0.2374 0.0351 0.1795 0.2071 0.1857 0.1552 
         405  1 0.1805 0.0222 0.2291 0.1891 0.1931 0.1859 
         406  1 0.0800 0.5636 0.0936 0.0888 0.0881 0.0858 
         407  1 0.1503 0.2301 0.1636 0.1640 0.1608 0.1311 
         408  1 0.2403 0.0173 0.1884 0.1801 0.1867 0.1873 
         409  1 0.1806 0.0505 0.1719 0.2001 0.1739 0.2230 
         410  1 0.1544 0.2268 0.1615 0.1379 0.1407 0.1786 
         411  1 0.2191 0.0248 0.2065 0.1772 0.2049 0.1675 
         412  1 0.1995 0.0295 0.2266 0.1482 0.1723 0.2239 
         413  1 0.2193 0.0140 0.2008 0.1909 0.2042 0.1708 
         414  1 0.1342 0.1452 0.1713 0.1909 0.1880 0.1704 
         415  1 0.1376 0.0290 0.2025 0.2427 0.2336 0.1545 
         416  1 0.2118 0.0199 0.2093 0.1891 0.2087 0.1612 
         417  1 0.1011 0.0525 0.2153 0.2591 0.2747 0.0973 
         418  1 0.2083 0.0186 0.1949 0.1907 0.1822 0.2053 
         419  1 0.1515 0.0445 0.2087 0.2396 0.2456 0.1100 
         420  1 0.1016 0.4271 0.1182 0.1342 0.1250 0.0939 
         421  1 0.1518 0.0312 0.1870 0.1722 0.1539 0.3039 
         422  1 0.2481 0.0151 0.1740 0.2175 0.1849 0.1604 
         423  1 0.1684 0.0204 0.2232 0.2082 0.2549 0.1248 
         424  1 0.1605 0.1205 0.2080 0.1941 0.1965 0.1204 
         425  1 0.1559 0.0964 0.1959 0.1694 0.1746 0.2078 
         426  1 0.1930 0.0460 0.1711 0.2060 0.1908 0.1931 
         427  1 0.1966 0.0161 0.2046 0.2069 0.2140 0.1617 
         428  1 0.0839 0.0241 0.1787 0.1618 0.1430 0.4085 
         429  1 0.1432 0.3857 0.1420 0.1058 0.1081 0.1153 
         430  1 0.1565 0.0306 0.1994 0.2036 0.1790 0.2309 
         431  1 0.1872 0.0220 0.1988 0.2061 0.2051 0.1809 
         432  1 0.2117 0.0146 0.2113 0.1839 0.2488 0.1297 
         433  1 0.2328 0.0132 0.2060 0.1696 0.2140 0.1644 
         434  1 0.2131 0.0295 0.2184 0.1551 0.1939 0.1899 
         435  1 0.1774 0.0568 0.1966 0.1717 0.1665 0.2310 
         436  1 0.1493 0.0305 0.1906 0.1906 0.1836 0.2554 
         437  1 0.2221 0.0226 0.2102 0.1861 0.1742 0.1848 
         438  1 0.1982 0.0329 0.1828 0.2130 0.2242 0.1489 
         439  1 0.1140 0.0548 0.1782 0.1516 0.1375 0.3640 
         440  1 0.2209 0.0163 0.1535 0.2277 0.2043 0.1771 
         441  1 0.1318 0.1006 0.1874 0.2159 0.2007 0.1636 
         442  1 0.1291 0.1656 0.1772 0.1965 0.2260 0.1056 
         443  1 0.2345 0.0196 0.1942 0.1903 0.2025 0.1588 
         444  1 0.2105 0.0121 0.2128 0.2036 0.1963 0.1649 
         445  1 0.1877 0.0371 0.1945 0.1651 0.1825 0.2331 
         446  1 0.2316 0.0368 0.1906 0.2024 0.1821 0.1566 
         447  1 0.1350 0.2488 0.1587 0.1628 0.1802 0.1146 
         448  1 0.1944 0.0339 0.1896 0.1645 0.1652 0.2526 
         449  1 0.2323 0.0195 0.1534 0.2133 0.2114 0.1701 
         450  1 0.1622 0.3006 0.1320 0.1452 0.1260 0.1339 
         451  1 0.1113 0.3819 0.1144 0.1074 0.1075 0.1775 
         452  1 0.2553 0.0187 0.1966 0.1787 0.1783 0.1723 
         453  1 0.1326 0.0448 0.1834 0.1740 0.1511 0.3142 
         454  1 0.1446 0.0344 0.1968 0.2171 0.2146 0.1925 
         455  1 0.2004 0.0352 0.1791 0.2174 0.1943 0.1735 
         456  1 0.1972 0.0448 0.1981 0.1999 0.2004 0.1597 
         457  1 0.1974 0.0154 0.1764 0.1996 0.1662 0.2450 
         458  1 0.2175 0.0233 0.1778 0.1992 0.2197 0.1625 
         459  1 0.2004 0.1892 0.1565 0.1573 0.1553 0.1413 
         460  1 0.1082 0.4799 0.1204 0.0911 0.1024 0.0980 
         461  1 0.2045 0.0587 0.1815 0.1956 0.1906 0.1692 
         462  1 0.1698 0.0209 0.1749 0.2103 0.2043 0.2199 
         463  1 0.2200 0.0185 0.1828 0.2164 0.1957 0.1665 
         464  1 0.2394 0.0259 0.1917 0.1912 0.1818 0.1699 
         465  1 0.1678 0.0651 0.1797 0.2128 0.1950 0.1797 
         466  1 0.1439 0.2204 0.1529 0.1895 0.1737 0.1196 
         467  1 0.2275 0.0203 0.2241 0.1806 0.1944 0.1532 
         468  1 0.2134 0.0341 0.1813 0.1879 0.1728 0.2106 
         469  1 0.1654 0.0125 0.1994 0.1999 0.1944 0.2285 
         470  1 0.1961 0.1374 0.1706 0.1863 0.1544 0.1552 
         471  1 0.1875 0.1280 0.1859 0.1686 0.1837 0.1463 
         472  1 0.2535 0.0622 0.1610 0.1710 0.1722 0.1801 
         473  1 0.2174 0.0215 0.2097 0.1836 0.2031 0.1648 
         474  1 0.1993 0.0435 0.2054 0.1662 0.1903 0.1951 
         475  1 0.2625 0.0103 0.2144 0.1612 0.2221 0.1294 
         476  1 0.1295 0.3400 0.1376 0.1415 0.1404 0.1111 
         477  1 0.2122 0.0855 0.1829 0.1720 0.1703 0.1771 
         478  1 0.2113 0.0588 0.1687 0.1968 0.2008 0.1636 
         479  1 0.2189 0.0470 0.2182 0.1544 0.1941 0.1675 
         480  1 0.1749 0.0758 0.2033 0.1890 0.1966 0.1603 
         481  1 0.1479 0.1070 0.1751 0.1845 0.1604 0.2251 
         482  1 0.1229 0.1779 0.1651 0.1634 0.1410 0.2297 
         483  1 0.1854 0.0170 0.1793 0.1729 0.1690 0.2764 
         484  1 0.1705 0.1015 0.1849 0.1653 0.1662 0.2116 
         485  1 0.1564 0.1733 0.1524 0.1730 0.1585 0.1864 
         486  1 0.2150 0.0997 0.2015 0.1525 0.1884 0.1428 
         487  1 0.1610 0.0347 0.1970 0.2345 0.2178 0.1551 
         488  1 0.1804 0.1599 0.1549 0.1565 0.1594 0.1889 
         489  1 0.1842 0.0245 0.1648 0.2142 0.2008 0.2115 
         490  1 0.1782 0.0506 0.2108 0.1826 0.2300 0.1478 
         491  1 0.2027 0.0543 0.2059 0.1792 0.1865 0.1714 
         492  1 0.1807 0.0929 0.1886 0.1658 0.1785 0.1935 
         493  1 0.1989 0.0151 0.1959 0.1914 0.1782 0.2203 
         494  1 0.2305 0.0227 0.2274 0.1637 0.2046 0.1510 
         495  1 0.2125 0.0564 0.1858 0.1713 0.2144 0.1596 
         496  1 0.1290 0.0960 0.1692 0.1531 0.1451 0.3076 
         497  1 0.1870 0.0287 0.1936 0.2263 0.1952 0.1691 
         498  1 0.2130 0.0180 0.1633 0.2287 0.2058 0.1711 
         499  1 0.1605 0.3308 0.1225 0.1396 0.1257 0.1209 
         500  1 0.2024 0.0175 0.1969 0.2230 0.2142 0.1459 
         501  1 0.2117 0.1499 0.1651 0.1731 0.1563 0.1439 
         502  1 0.1913 0.0268 0.1826 0.2014 0.2033 0.1946 
         503  1 0.1521 0.0191 0.1982 0.2000 0.1810 0.2497 
         504  1 0.2218 0.0091 0.1637 0.2371 0.1911 0.1770 
         505  1 0.0827 0.5619 0.0854 0.0876 0.0833 0.0991 
         506  1 0.0872 0.4480 0.1089 0.0984 0.1015 0.1560 
         507  1 0.1771 0.1255 0.1711 0.1878 0.1851 0.1535 
         508  1 0.2084 0.0294 0.1798 0.2077 0.2031 0.1716 
         509  1 0.1374 0.4346 0.1069 0.1108 0.0988 0.1115 
         510  1 0.2103 0.0592 0.1999 0.1569 0.1832 0.1905 
         511  1 0.1898 0.0276 0.2062 0.1841 0.1960 0.1963 
         512  1 0.1648 0.2217 0.1638 0.1261 0.1581 0.1655 
         513  1 0.2369 0.0444 0.1881 0.1806 0.1811 0.1691 
         514  1 0.1452 0.2661 0.1420 0.1351 0.1282 0.1835 
         515  1 0.1497 0.0925 0.1833 0.1894 0.1812 0.2039 
         516  1 0.1352 0.1669 0.1756 0.1944 0.1786 0.1493 
         517  1 0.2990 0.0272 0.1845 0.1561 0.1851 0.1481 
         518  1 0.2508 0.0536 0.2018 0.1623 0.1612 0.1703 
         519  1 0.2589 0.0115 0.1841 0.1864 0.1813 0.1778 
         520  1 0.2457 0.0616 0.1804 0.1613 0.1683 0.1826 
         521  1 0.2048 0.0435 0.2001 0.1878 0.2197 0.1440 
         522  1 0.1177 0.3263 0.1338 0.1506 0.1354 0.1362 
         523  1 0.2370 0.0172 0.1781 0.2193 0.1906 0.1578 
         524  1 0.2543 0.0714 0.1903 0.1597 0.1528 0.1714 
         525  1 0.1361 0.1865 0.1860 0.1706 0.2163 0.1045 
         526  1 0.2119 0.0146 0.1938 0.2019 0.2037 0.1742 
         527  1 0.1463 0.3015 0.1390 0.1521 0.1386 0.1226 
         528  1 0.1497 0.1599 0.1512 0.1633 0.1578 0.2181 
         529  1 0.1360 0.0399 0.1816 0.2148 0.1924 0.2354 
         530  1 0.1670 0.1257 0.1690 0.1840 0.1875 0.1667 
         531  1 0.2275 0.0613 0.1934 0.1694 0.1802 0.1682 
         532  1 0.2039 0.0411 0.1824 0.2124 0.2027 0.1576 
         533  1 0.1774 0.0338 0.1952 0.1814 0.1566 0.2556 
         534  1 0.2073 0.0363 0.1744 0.2201 0.2049 0.1570 
         535  1 0.1796 0.0645 0.1708 0.2016 0.2039 0.1796 
         536  1 0.1970 0.0849 0.1890 0.1746 0.1788 0.1757 
         537  1 0.2229 0.0709 0.1805 0.1469 0.1390 0.2398 
         538  1 0.0826 0.5599 0.0919 0.1005 0.0962 0.0690 
         539  1 0.1754 0.1676 0.1443 0.1817 0.1577 0.1733 
         540  1 0.2063 0.0278 0.1900 0.2165 0.1866 0.1727 
         541  1 0.2069 0.0186 0.1884 0.2103 0.1801 0.1957 
         542  1 0.2153 0.0203 0.2014 0.1789 0.1838 0.2003 
         543  1 0.2248 0.0163 0.1679 0.2316 0.1870 0.1724 
         544  1 0.1739 0.0263 0.2036 0.2165 0.2382 0.1416 
         545  1 0.1977 0.0358 0.2006 0.1841 0.1700 0.2119 
         546  1 0.2548 0.0114 0.1864 0.1991 0.1945 0.1538 
         547  1 0.2347 0.0466 0.2036 0.1635 0.2075 0.1440 
         548  1 0.2432 0.0181 0.1662 0.2181 0.1919 0.1625 
         549  1 0.2016 0.0235 0.1872 0.2061 0.2322 0.1494 
         550  1 0.2249 0.0135 0.2153 0.1811 0.1864 0.1789 
         551  1 0.2033 0.0230 0.1831 0.2225 0.1739 0.1943 
         552  1 0.2195 0.0445 0.2008 0.1681 0.1974 0.1697 
         553  1 0.1945 0.0395 0.1908 0.1904 0.1891 0.1956 
         554  1 0.2170 0.0193 0.1917 0.2058 0.2124 0.1539 
         555  1 0.2420 0.0589 0.1847 0.1643 0.1731 0.1770 
         556  1 0.1773 0.0729 0.1715 0.1635 0.1765 0.2384 
         557  1 0.1367 0.1055 0.1684 0.1733 0.1710 0.2450 
         558  1 0.1283 0.1408 0.1731 0.1673 0.1689 0.2216 
         559  1 0.0325 0.8200 0.0397 0.0312 0.0315 0.0452 
         560  1 0.1938 0.0786 0.2084 0.1791 0.1932 0.1469 
         561  1 0.0888 0.6981 0.0565 0.0446 0.0605 0.0515 
         562  1 0.1576 0.2010 0.1700 0.1486 0.1552 0.1676 
         563  1 0.0325 0.8038 0.0380 0.0465 0.0444 0.0348 
         564  1 0.1310 0.4035 0.1264 0.0999 0.1114 0.1277 
         565  1 0.0335 0.8337 0.0300 0.0371 0.0374 0.0283 
         566  1 0.1502 0.2201 0.1659 0.1685 0.1562 0.1391 
         567  1 0.1258 0.4524 0.1068 0.1134 0.1120 0.0897 
         568  1 0.2305 0.0538 0.2039 0.1826 0.1781 0.1510 
         569  1 0.1658 0.3239 0.1530 0.1108 0.1227 0.1238 
         570  1 0.1532 0.1562 0.1591 0.1469 0.1369 0.2476 
         571  1 0.1155 0.3256 0.1338 0.1663 0.1556 0.1034 
         572  1 0.1010 0.6000 0.0830 0.0672 0.0704 0.0785 
         573  1 0.0326 0.8498 0.0285 0.0309 0.0302 0.0280 
         574  1 0.1276 0.1970 0.1689 0.1831 0.1842 0.1392 
         575  1 0.1112 0.4805 0.1123 0.1074 0.1135 0.0750 
         576  1 0.1242 0.5034 0.1047 0.0842 0.0988 0.0847 
         577  1 0.0453 0.7814 0.0437 0.0436 0.0443 0.0418 
         578  1 0.1094 0.4073 0.1238 0.1364 0.1261 0.0969 
         579  1 0.0698 0.5962 0.0810 0.0841 0.0800 0.0890 
         580  1 0.0422 0.7586 0.0514 0.0516 0.0606 0.0356 
         581  1 0.1398 0.4351 0.1062 0.1137 0.0974 0.1078 
         582  1 0.0601 0.7279 0.0545 0.0537 0.0522 0.0516 
         583  1 0.0254 0.8476 0.0284 0.0339 0.0330 0.0316 
         584  1 0.0330 0.8224 0.0357 0.0317 0.0342 0.0430 
         585  1 0.0427 0.7754 0.0446 0.0531 0.0462 0.0380 
         586  1 0.1146 0.2728 0.1526 0.1747 0.1839 0.1014 
         587  1 0.1420 0.1571 0.1740 0.1808 0.2073 0.1389 
         588  1 0.1970 0.2100 0.1673 0.1387 0.1329 0.1541 
         589  1 0.2141 0.1380 0.1962 0.1591 0.1806 0.1119 
         590  1 0.0200 0.8897 0.0217 0.0223 0.0209 0.0254 
         591  1 0.0884 0.5415 0.0867 0.0892 0.0884 0.1058 
         592  1 0.0716 0.6839 0.0639 0.0583 0.0670 0.0553 
         593  1 0.0835 0.5215 0.0872 0.0944 0.0804 0.1329 
         594  1 0.0201 0.9022 0.0190 0.0206 0.0207 0.0175 
         595  1 0.0324 0.8288 0.0365 0.0338 0.0381 0.0304 
         596  1 0.0764 0.6270 0.0734 0.0821 0.0791 0.0620 
         597  1 0.0561 0.7122 0.0612 0.0574 0.0557 0.0574 
         598  1 0.0133 0.9332 0.0134 0.0131 0.0135 0.0134 
         599  1 0.0446 0.7704 0.0480 0.0429 0.0424 0.0517 
         600  1 0.1292 0.0452 0.1828 0.1518 0.1472 0.3439 
         601  1 0.0540 0.6484 0.0721 0.0722 0.0814 0.0719 
         602  1 0.0129 0.9312 0.0146 0.0133 0.0134 0.0145 
         603  1 0.1276 0.4533 0.1049 0.1138 0.1214 0.0790 
         604  1 0.0560 0.5869 0.0883 0.0738 0.0655 0.1296 
         605  1 0.0487 0.7329 0.0563 0.0620 0.0503 0.0498 
         606  1 0.1478 0.2015 0.1635 0.1744 0.2060 0.1067 
         607  1 0.1287 0.1187 0.1854 0.1924 0.1598 0.2150 
         608  1 0.0569 0.7300 0.0594 0.0501 0.0564 0.0472 
         609  1 0.1807 0.1891 0.1651 0.1549 0.1637 0.1465 
         610  1 0.0240 0.8610 0.0294 0.0272 0.0250 0.0334 
         611  1 0.1328 0.1801 0.1805 0.1641 0.1646 0.1780 
         612  1 0.0180 0.9097 0.0198 0.0186 0.0183 0.0156 
         613  1 0.1394 0.1928 0.1672 0.1457 0.1444 0.2106 
         614  1 0.0580 0.6743 0.0612 0.0722 0.0694 0.0650 
         615  1 0.0775 0.5016 0.0819 0.0832 0.0914 0.1644 
         616  1 0.0659 0.4311 0.1100 0.0956 0.0895 0.2080 
         617  1 0.1031 0.5193 0.0996 0.0969 0.0971 0.0841 
         618  1 0.0297 0.8523 0.0281 0.0310 0.0301 0.0287 
         619  1 0.0159 0.9210 0.0159 0.0166 0.0158 0.0149 
         620  1 0.0151 0.9221 0.0156 0.0164 0.0154 0.0154 
         621  1 0.0424 0.7747 0.0456 0.0466 0.0418 0.0490 
         622  1 0.0317 0.8325 0.0336 0.0360 0.0346 0.0317 
         623  1 0.0273 0.8801 0.0243 0.0229 0.0231 0.0223 
         624  1 0.0467 0.7847 0.0430 0.0415 0.0407 0.0434 
         625  1 0.0263 0.8656 0.0289 0.0276 0.0253 0.0263 
         626  1 0.0126 0.9407 0.0120 0.0116 0.0113 0.0118 
         627  1 0.0217 0.8908 0.0208 0.0201 0.0242 0.0223 
         628  1 0.0170 0.9209 0.0162 0.0156 0.0148 0.0156 
         629  1 0.0183 0.9030 0.0231 0.0181 0.0177 0.0197 
         630  1 0.0320 0.8421 0.0349 0.0313 0.0302 0.0295 
         631  1 0.0174 0.9127 0.0179 0.0172 0.0168 0.0180 
         632  1 0.1843 0.3016 0.1496 0.1142 0.1607 0.0896 
         633  1 0.0154 0.9216 0.0165 0.0156 0.0153 0.0157 
         634  1 0.1180 0.2722 0.1623 0.1617 0.1615 0.1243 
         635  1 0.1052 0.4767 0.1143 0.1077 0.1060 0.0901 
         636  1 0.0555 0.6450 0.0659 0.0658 0.0621 0.1057 
         637  1 0.0140 0.9302 0.0142 0.0147 0.0137 0.0132 
         638  1 0.1223 0.4526 0.1242 0.1064 0.1188 0.0758 
         639  1 0.0201 0.8905 0.0223 0.0197 0.0213 0.0261 
         640  1 0.0257 0.8483 0.0295 0.0327 0.0326 0.0313 
         641  1 0.0303 0.8516 0.0301 0.0284 0.0340 0.0256 
         642  1 0.0575 0.7135 0.0601 0.0653 0.0559 0.0477 
         643  1 0.0219 0.8855 0.0228 0.0240 0.0221 0.0236 
         644  1 0.0502 0.7412 0.0462 0.0492 0.0457 0.0675 
         645  1 0.0670 0.6617 0.0623 0.0595 0.0579 0.0916 
         646  1 0.0279 0.8514 0.0279 0.0287 0.0281 0.0360 
         647  1 0.1645 0.1430 0.1872 0.1796 0.1837 0.1420 
         648  1 0.1699 0.3227 0.1596 0.1004 0.1389 0.1084 
         649  1 0.0221 0.8744 0.0268 0.0233 0.0243 0.0291 
         650  1 0.0619 0.2437 0.1355 0.1266 0.1007 0.3315 
         651  1 0.0390 0.8354 0.0351 0.0288 0.0320 0.0297 
         652  1 0.0570 0.7414 0.0521 0.0472 0.0568 0.0457 
         653  1 0.0623 0.7085 0.0634 0.0547 0.0602 0.0510 
         654  1 0.0240 0.8901 0.0206 0.0214 0.0223 0.0216 
         655  1 0.0286 0.8593 0.0277 0.0298 0.0299 0.0246 
         656  1 0.0112 0.9455 0.0107 0.0107 0.0110 0.0109 
         657  1 0.0181 0.9085 0.0162 0.0180 0.0185 0.0207 
         658  1 0.0425 0.7723 0.0483 0.0432 0.0415 0.0521 
         659  1 0.1145 0.3288 0.1249 0.1294 0.1119 0.1905 
         660  1 0.0173 0.9139 0.0176 0.0181 0.0161 0.0170 
         661  1 0.1429 0.3203 0.1318 0.1289 0.1366 0.1396 
         662  1 0.0159 0.9204 0.0165 0.0159 0.0157 0.0155 
         663  1 0.0648 0.6800 0.0661 0.0630 0.0665 0.0596 
         664  1 0.0611 0.6916 0.0667 0.0563 0.0618 0.0625 
         665  1 0.0208 0.9032 0.0182 0.0190 0.0200 0.0189 
         666  1 0.0239 0.8747 0.0239 0.0275 0.0284 0.0216 
         667  1 0.0568 0.7316 0.0547 0.0529 0.0522 0.0517 
         668  1 0.0517 0.7372 0.0526 0.0464 0.0464 0.0657 
