           1  1 0.4165 0.2697 0.3139 
           2  1 0.1868 0.4671 0.3461 
           3  1 0.1838 0.4209 0.3953 
           4  1 0.3064 0.3650 0.3286 
           5  1 0.0869 0.4182 0.4949 
           6  1 0.2138 0.4375 0.3487 
           7  1 0.0784 0.4247 0.4969 
           8  1 0.6944 0.1543 0.1514 
           9  1 0.0663 0.4890 0.4447 
          10  1 0.1337 0.4541 0.4122 
          11  1 0.0767 0.4383 0.4850 
          12  1 0.1261 0.4497 0.4242 
          13  1 0.1170 0.4811 0.4019 
          14  1 0.1621 0.4444 0.3936 
          15  1 0.2346 0.4270 0.3384 
          16  1 0.1219 0.4878 0.3903 
          17  1 0.1113 0.5128 0.3759 
          18  1 0.4610 0.2856 0.2534 
          19  1 0.2755 0.3213 0.4033 
          20  1 0.0805 0.4626 0.4569 
          21  1 0.1301 0.5020 0.3679 
          22  1 0.0645 0.5084 0.4271 
          23  1 0.2617 0.4063 0.3320 
          24  1 0.1621 0.4696 0.3683 
          25  1 0.1152 0.4468 0.4380 
          26  1 0.1246 0.4116 0.4638 
          27  1 0.1700 0.3943 0.4357 
          28  1 0.1268 0.5037 0.3695 
          29  1 0.0658 0.5837 0.3506 
          30  1 0.1247 0.4885 0.3868 
          31  1 0.2490 0.3654 0.3856 
          32  1 0.0984 0.5048 0.3968 
          33  1 0.2032 0.4558 0.3411 
          34  1 0.2097 0.3973 0.3930 
          35  1 0.1628 0.4139 0.4233 
          36  1 0.0683 0.5369 0.3948 
          37  1 0.0874 0.3885 0.5241 
          38  1 0.0711 0.4747 0.4542 
          39  1 0.1626 0.4603 0.3770 
          40  1 0.5331 0.2427 0.2242 
          41  1 0.1144 0.4637 0.4219 
          42  1 0.0775 0.4998 0.4227 
          43  1 0.2076 0.3340 0.4584 
          44  1 0.1306 0.4739 0.3955 
          45  1 0.0702 0.5639 0.3658 
          46  1 0.1134 0.5287 0.3579 
          47  1 0.1872 0.4320 0.3807 
          48  1 0.3942 0.3217 0.2840 
          49  1 0.1200 0.4880 0.3920 
          50  1 0.0571 0.5788 0.3641 
          51  1 0.1967 0.4607 0.3426 
          52  1 0.0908 0.4622 0.4469 
          53  1 0.1152 0.4870 0.3977 
          54  1 0.2751 0.3578 0.3671 
          55  1 0.5650 0.2405 0.1945 
          56  1 0.1353 0.4209 0.4438 
          57  1 0.0476 0.5586 0.3938 
          58  1 0.1172 0.4935 0.3893 
          59  1 0.0542 0.5634 0.3824 
          60  1 0.0810 0.5089 0.4101 
          61  1 0.4378 0.3203 0.2419 
          62  1 0.0522 0.5726 0.3752 
          63  1 0.1702 0.4607 0.3692 
          64  1 0.1051 0.5076 0.3872 
          65  1 0.1539 0.3773 0.4687 
          66  1 0.1302 0.4557 0.4141 
          67  1 0.0754 0.5196 0.4050 
          68  1 0.0831 0.5019 0.4151 
          69  1 0.1899 0.4204 0.3897 
          70  1 0.3136 0.3468 0.3396 
          71  1 0.4234 0.3212 0.2554 
          72  1 0.0713 0.5645 0.3642 
          73  1 0.3054 0.3440 0.3507 
          74  1 0.2208 0.3876 0.3916 
          75  1 0.1157 0.4666 0.4177 
          76  1 0.3280 0.3446 0.3274 
          77  1 0.3173 0.3422 0.3404 
          78  1 0.2420 0.3315 0.4265 
          79  1 0.0672 0.4271 0.5056 
          80  1 0.3186 0.3570 0.3244 
          81  1 0.4168 0.2720 0.3112 
          82  1 0.2177 0.4103 0.3720 
          83  1 0.2773 0.3572 0.3655 
          84  1 0.2462 0.3925 0.3613 
          85  1 0.1495 0.4946 0.3559 
          86  1 0.4620 0.2716 0.2663 
          87  1 0.0977 0.4666 0.4356 
          88  1 0.1816 0.4706 0.3478 
          89  1 0.2093 0.3844 0.4064 
          90  1 0.5132 0.2532 0.2336 
          91  1 0.2603 0.3848 0.3549 
          92  1 0.1871 0.4871 0.3258 
          93  1 0.1751 0.4654 0.3595 
          94  1 0.5639 0.2238 0.2123 
          95  1 0.1245 0.5191 0.3564 
          96  1 0.2093 0.4297 0.3610 
          97  1 0.0966 0.4446 0.4587 
          98  1 0.1136 0.4856 0.4008 
          99  1 0.1177 0.4486 0.4337 
         100  1 0.1746 0.3623 0.4631 
         101  1 0.3053 0.3165 0.3783 
         102  1 0.0863 0.5550 0.3587 
         103  1 0.5897 0.1936 0.2167 
         104  1 0.1403 0.4453 0.4144 
         105  1 0.1789 0.4321 0.3891 
         106  1 0.1945 0.3791 0.4264 
         107  1 0.1936 0.3882 0.4182 
         108  1 0.1666 0.4715 0.3619 
         109  1 0.1794 0.3751 0.4455 
         110  1 0.1346 0.3832 0.4823 
         111  1 0.2151 0.4185 0.3663 
         112  1 0.2384 0.3738 0.3878 
         113  1 0.0858 0.5144 0.3997 
         114  1 0.2895 0.3601 0.3504 
         115  1 0.1906 0.3846 0.4248 
         116  1 0.1104 0.4789 0.4107 
         117  1 0.1988 0.3968 0.4044 
         118  1 0.2320 0.3760 0.3920 
         119  1 0.2090 0.3385 0.4525 
         120  1 0.5427 0.2362 0.2211 
         121  1 0.2065 0.3280 0.4655 
         122  1 0.1738 0.4159 0.4103 
         123  1 0.0977 0.4873 0.4150 
         124  1 0.1032 0.4955 0.4014 
         125  1 0.3673 0.2837 0.3490 
         126  1 0.0945 0.5394 0.3660 
         127  1 0.1699 0.4367 0.3933 
         128  1 0.1022 0.3994 0.4984 
         129  1 0.5554 0.1972 0.2474 
         130  1 0.2746 0.2987 0.4267 
         131  1 0.1622 0.4620 0.3758 
         132  1 0.1226 0.4291 0.4483 
         133  1 0.0901 0.3655 0.5444 
         134  1 0.1745 0.4137 0.4118 
         135  1 0.7342 0.1183 0.1475 
         136  1 0.1948 0.4335 0.3717 
         137  1 0.4827 0.2104 0.3069 
         138  1 0.1151 0.4771 0.4078 
         139  1 0.2246 0.3562 0.4193 
         140  1 0.2081 0.3763 0.4156 
         141  1 0.3117 0.2993 0.3890 
         142  1 0.3490 0.3221 0.3289 
         143  1 0.2134 0.3682 0.4183 
         144  1 0.1019 0.5373 0.3607 
         145  1 0.0748 0.5397 0.3855 
         146  1 0.3246 0.3403 0.3350 
         147  1 0.1005 0.5161 0.3833 
         148  1 0.1177 0.3983 0.4840 
         149  1 0.3009 0.3076 0.3915 
         150  1 0.4502 0.2556 0.2941 
         151  1 0.2544 0.3827 0.3629 
         152  1 0.2261 0.3603 0.4136 
         153  1 0.2022 0.3544 0.4434 
         154  1 0.0967 0.4174 0.4859 
         155  1 0.2315 0.3699 0.3985 
         156  1 0.1744 0.4090 0.4166 
         157  1 0.1476 0.4269 0.4255 
         158  1 0.4686 0.2599 0.2715 
         159  1 0.1532 0.5040 0.3429 
         160  1 0.1374 0.4595 0.4030 
         161  1 0.4715 0.2598 0.2687 
         162  1 0.1225 0.3768 0.5007 
         163  1 0.2776 0.3550 0.3674 
         164  1 0.2053 0.4280 0.3667 
         165  1 0.1235 0.4511 0.4254 
         166  1 0.2683 0.3726 0.3590 
         167  1 0.1398 0.4885 0.3717 
         168  1 0.4269 0.3048 0.2683 
         169  1 0.2002 0.3768 0.4231 
         170  1 0.0942 0.4928 0.4130 
         171  1 0.1449 0.4699 0.3852 
         172  1 0.1245 0.5025 0.3730 
         173  1 0.2361 0.3724 0.3915 
         174  1 0.1849 0.4594 0.3558 
         175  1 0.1497 0.4200 0.4304 
         176  1 0.3280 0.3467 0.3253 
         177  1 0.3458 0.3586 0.2956 
         178  1 0.1589 0.4048 0.4363 
         179  1 0.1589 0.4367 0.4044 
         180  1 0.0453 0.4207 0.5340 
         181  1 0.3026 0.3562 0.3412 
         182  1 0.5930 0.2038 0.2032 
         183  1 0.4123 0.2763 0.3114 
         184  1 0.3081 0.3104 0.3815 
         185  1 0.2829 0.3657 0.3514 
         186  1 0.1569 0.3528 0.4903 
         187  1 0.1204 0.3684 0.5112 
         188  1 0.1480 0.3869 0.4651 
         189  1 0.1362 0.4468 0.4171 
         190  1 0.2397 0.3295 0.4308 
         191  1 0.1156 0.5133 0.3711 
         192  1 0.7688 0.1094 0.1218 
         193  1 0.7051 0.1399 0.1550 
         194  1 0.4304 0.2724 0.2972 
         195  1 0.2554 0.2971 0.4475 
         196  1 0.1016 0.4191 0.4793 
         197  1 0.3044 0.3886 0.3070 
         198  1 0.1445 0.4756 0.3799 
         199  1 0.3068 0.3717 0.3215 
         200  1 0.3258 0.3328 0.3414 
         201  1 0.4409 0.3100 0.2491 
         202  1 0.0493 0.5398 0.4109 
         203  1 0.3135 0.2834 0.4032 
         204  1 0.0838 0.3678 0.5484 
         205  1 0.0912 0.4615 0.4473 
         206  1 0.1312 0.4818 0.3870 
         207  1 0.1371 0.3613 0.5016 
         208  1 0.0792 0.4376 0.4831 
         209  1 0.5195 0.2330 0.2475 
         210  1 0.1024 0.3953 0.5022 
         211  1 0.1585 0.4038 0.4376 
         212  1 0.3760 0.3264 0.2976 
         213  1 0.2242 0.3303 0.4456 
         214  1 0.2055 0.3347 0.4598 
         215  1 0.2559 0.3313 0.4128 
         216  1 0.1697 0.4196 0.4107 
         217  1 0.1620 0.3316 0.5064 
         218  1 0.1041 0.3457 0.5502 
         219  1 0.0850 0.4608 0.4543 
         220  1 0.4028 0.3066 0.2906 
         221  1 0.1964 0.4450 0.3586 
         222  1 0.3200 0.3395 0.3405 
         223  1 0.5772 0.1949 0.2280 
         224  1 0.1862 0.4627 0.3511 
         225  1 0.1184 0.4939 0.3877 
         226  1 0.1064 0.4828 0.4108 
         227  1 0.4015 0.2756 0.3229 
         228  1 0.2362 0.3778 0.3860 
         229  1 0.0930 0.4426 0.4644 
         230  1 0.2007 0.3360 0.4633 
         231  1 0.0746 0.5092 0.4162 
         232  1 0.1250 0.4277 0.4473 
         233  1 0.2036 0.4513 0.3450 
         234  1 0.1100 0.3905 0.4995 
         235  1 0.0827 0.5104 0.4069 
         236  1 0.1070 0.4421 0.4509 
         237  1 0.1274 0.4820 0.3906 
         238  1 0.3066 0.3489 0.3444 
         239  1 0.0398 0.5786 0.3816 
         240  1 0.4879 0.2320 0.2801 
         241  1 0.1084 0.4190 0.4726 
         242  1 0.2439 0.3857 0.3703 
         243  1 0.1078 0.5111 0.3811 
         244  1 0.1851 0.3806 0.4343 
         245  1 0.0934 0.4952 0.4115 
         246  1 0.0528 0.5423 0.4050 
         247  1 0.2705 0.3485 0.3810 
         248  1 0.2666 0.3974 0.3361 
         249  1 0.4987 0.2479 0.2535 
         250  1 0.1465 0.3802 0.4732 
         251  1 0.1540 0.3254 0.5206 
         252  1 0.0629 0.4514 0.4856 
         253  1 0.5551 0.2258 0.2191 
         254  1 0.8100 0.0889 0.1010 
         255  1 0.2500 0.4186 0.3314 
         256  1 0.1509 0.3402 0.5089 
         257  1 0.3701 0.3222 0.3077 
         258  1 0.1666 0.4816 0.3518 
         259  1 0.1507 0.4175 0.4318 
         260  1 0.0529 0.4663 0.4808 
         261  1 0.1217 0.3857 0.4926 
         262  1 0.1127 0.3739 0.5134 
         263  1 0.2678 0.3756 0.3566 
         264  1 0.0992 0.5181 0.3827 
         265  1 0.4125 0.2923 0.2952 
         266  1 0.1341 0.5123 0.3535 
         267  1 0.1518 0.4085 0.4397 
         268  1 0.1518 0.3562 0.4920 
         269  1 0.2066 0.3934 0.4000 
         270  1 0.6250 0.1563 0.2188 
         271  1 0.1913 0.3582 0.4505 
         272  1 0.1344 0.4469 0.4187 
         273  1 0.0749 0.4553 0.4698 
         274  1 0.0675 0.5627 0.3698 
         275  1 0.1831 0.3836 0.4333 
         276  1 0.1529 0.4108 0.4363 
         277  1 0.2561 0.3241 0.4197 
         278  1 0.2954 0.3221 0.3825 
         279  1 0.0517 0.4216 0.5266 
         280  1 0.1048 0.5224 0.3729 
         281  1 0.4623 0.2548 0.2829 
         282  1 0.1144 0.5157 0.3698 
         283  1 0.0721 0.4474 0.4804 
         284  1 0.0989 0.3591 0.5420 
         285  1 0.1839 0.4550 0.3611 
         286  1 0.5028 0.2420 0.2553 
         287  1 0.1360 0.4970 0.3670 
         288  1 0.1058 0.4380 0.4562 
         289  1 0.1699 0.3589 0.4712 
         290  1 0.1036 0.4327 0.4637 
         291  1 0.1945 0.3243 0.4813 
         292  1 0.2710 0.3123 0.4166 
         293  1 0.0957 0.3600 0.5444 
         294  1 0.1392 0.4165 0.4443 
         295  1 0.1810 0.3559 0.4631 
         296  1 0.4693 0.2603 0.2703 
         297  1 0.1649 0.4315 0.4036 
         298  1 0.0683 0.4982 0.4335 
         299  1 0.2097 0.3675 0.4229 
         300  1 0.3615 0.3227 0.3158 
         301  1 0.4856 0.2450 0.2694 
         302  1 0.1960 0.4103 0.3937 
         303  1 0.1664 0.4632 0.3704 
         304  1 0.1387 0.4991 0.3622 
         305  1 0.1250 0.4806 0.3944 
         306  1 0.3234 0.3298 0.3468 
         307  1 0.0854 0.4746 0.4400 
         308  1 0.1716 0.4627 0.3657 
         309  1 0.1642 0.4456 0.3902 
         310  1 0.2397 0.3048 0.4554 
         311  1 0.1190 0.4725 0.4085 
         312  1 0.1831 0.4176 0.3992 
         313  1 0.1019 0.4817 0.4164 
         314  1 0.1181 0.5013 0.3806 
         315  1 0.0945 0.3812 0.5243 
         316  1 0.5562 0.2266 0.2172 
         317  1 0.1463 0.4301 0.4236 
         318  1 0.1202 0.4023 0.4775 
         319  1 0.1455 0.4290 0.4255 
         320  1 0.1430 0.4646 0.3924 
         321  1 0.6130 0.1898 0.1972 
         322  1 0.1947 0.4244 0.3809 
         323  1 0.1744 0.4771 0.3486 
         324  1 0.1988 0.3800 0.4212 
         325  1 0.0888 0.4964 0.4148 
         326  1 0.0966 0.4040 0.4994 
         327  1 0.4610 0.2209 0.3182 
         328  1 0.0504 0.4291 0.5206 
         329  1 0.1252 0.3844 0.4903 
         330  1 0.3063 0.3511 0.3425 
         331  1 0.1940 0.4450 0.3609 
         332  1 0.0760 0.4062 0.5177 
         333  1 0.1102 0.4343 0.4556 
         334  1 0.1663 0.3933 0.4405 
         335  1 0.5146 0.2252 0.2601 
         336  1 0.2889 0.3763 0.3348 
         337  1 0.0738 0.3843 0.5419 
         338  1 0.0886 0.4446 0.4668 
         339  1 0.2167 0.3250 0.4583 
         340  1 0.5903 0.2050 0.2047 
         341  1 0.3086 0.3282 0.3632 
         342  1 0.1207 0.4234 0.4559 
         343  1 0.1179 0.3733 0.5088 
         344  1 0.1965 0.3661 0.4374 
         345  1 0.1085 0.4235 0.4680 
         346  1 0.1235 0.4319 0.4445 
         347  1 0.1617 0.3492 0.4891 
         348  1 0.1952 0.4302 0.3746 
         349  1 0.2426 0.3931 0.3644 
         350  1 0.4077 0.2984 0.2940 
         351  1 0.2047 0.3640 0.4312 
         352  1 0.0724 0.4692 0.4584 
         353  1 0.7775 0.0990 0.1235 
         354  1 0.1059 0.4835 0.4106 
         355  1 0.0998 0.3795 0.5207 
         356  1 0.2156 0.3621 0.4223 
         357  1 0.2227 0.3104 0.4669 
         358  1 0.1243 0.3789 0.4968 
         359  1 0.3214 0.3366 0.3420 
         360  1 0.2734 0.3108 0.4158 
         361  1 0.1451 0.4150 0.4399 
         362  1 0.5200 0.2113 0.2686 
         363  1 0.4231 0.2801 0.2969 
         364  1 0.2856 0.3316 0.3828 
         365  1 0.5431 0.2348 0.2222 
         366  1 0.2475 0.3989 0.3536 
         367  1 0.7747 0.1127 0.1126 
         368  1 0.1250 0.3967 0.4783 
         369  1 0.1084 0.4594 0.4322 
         370  1 0.2462 0.3124 0.4414 
         371  1 0.3336 0.3594 0.3069 
         372  1 0.1463 0.4839 0.3698 
         373  1 0.3532 0.2912 0.3556 
         374  1 0.1853 0.3569 0.4578 
         375  1 0.2780 0.3555 0.3666 
         376  1 0.3480 0.2670 0.3851 
         377  1 0.1473 0.3523 0.5004 
         378  1 0.1180 0.4299 0.4521 
         379  1 0.2328 0.3715 0.3957 
         380  1 0.2437 0.2839 0.4724 
         381  1 0.1451 0.4377 0.4173 
         382  1 0.1047 0.4739 0.4214 
         383  1 0.1833 0.4289 0.3878 
         384  1 0.0629 0.5356 0.4015 
         385  1 0.3461 0.3355 0.3185 
         386  1 0.1204 0.4540 0.4255 
         387  1 0.3773 0.2780 0.3447 
         388  1 0.7234 0.1130 0.1636 
         389  1 0.6410 0.1523 0.2067 
         390  1 0.1333 0.4335 0.4331 
         391  1 0.1817 0.4141 0.4043 
         392  1 0.3061 0.3119 0.3820 
         393  1 0.1008 0.4179 0.4813 
         394  1 0.2495 0.2956 0.4549 
         395  1 0.3178 0.3270 0.3552 
         396  1 0.1417 0.3450 0.5133 
         397  1 0.5470 0.1989 0.2542 
         398  1 0.0728 0.4805 0.4467 
         399  1 0.0629 0.4392 0.4978 
         400  1 0.2486 0.3663 0.3850 
         401  1 0.3955 0.2449 0.3596 
         402  1 0.2106 0.3901 0.3992 
         403  1 0.4601 0.2354 0.3045 
         404  1 0.1537 0.4505 0.3958 
         405  1 0.1143 0.3779 0.5078 
         406  1 0.7165 0.1330 0.1505 
         407  1 0.5494 0.2253 0.2253 
         408  1 0.0737 0.4853 0.4409 
         409  1 0.2005 0.3874 0.4121 
         410  1 0.4775 0.2558 0.2667 
         411  1 0.1092 0.4455 0.4453 
         412  1 0.1780 0.3283 0.4937 
         413  1 0.0685 0.5118 0.4197 
         414  1 0.3998 0.2602 0.3400 
         415  1 0.1982 0.3832 0.4186 
         416  1 0.0989 0.4259 0.4752 
         417  1 0.3486 0.2914 0.3601 
         418  1 0.0828 0.4892 0.4279 
         419  1 0.2752 0.3577 0.3671 
         420  1 0.6313 0.1771 0.1916 
         421  1 0.1504 0.4338 0.4157 
         422  1 0.0762 0.5165 0.4073 
         423  1 0.1069 0.3535 0.5395 
         424  1 0.4572 0.2913 0.2515 
         425  1 0.4236 0.2908 0.2856 
         426  1 0.2144 0.4132 0.3724 
         427  1 0.0879 0.4506 0.4615 
         428  1 0.1744 0.3494 0.4762 
         429  1 0.6318 0.1843 0.1839 
         430  1 0.1633 0.4336 0.4031 
         431  1 0.1081 0.4533 0.4386 
         432  1 0.0797 0.4058 0.5145 
         433  1 0.0681 0.4245 0.5074 
         434  1 0.1299 0.3672 0.5029 
         435  1 0.2584 0.3775 0.3641 
         436  1 0.1544 0.3768 0.4688 
         437  1 0.1109 0.4420 0.4471 
         438  1 0.1580 0.4130 0.4290 
         439  1 0.2527 0.2984 0.4490 
         440  1 0.0693 0.5731 0.3576 
         441  1 0.3737 0.2805 0.3458 
         442  1 0.4745 0.2242 0.3013 
         443  1 0.0967 0.4245 0.4788 
         444  1 0.0596 0.4836 0.4568 
         445  1 0.1497 0.4158 0.4345 
         446  1 0.1527 0.4547 0.3926 
         447  1 0.5059 0.2467 0.2474 
         448  1 0.1664 0.3957 0.4379 
         449  1 0.0911 0.5508 0.3581 
         450  1 0.4924 0.2825 0.2251 
         451  1 0.5748 0.2101 0.2151 
         452  1 0.0887 0.5194 0.3918 
         453  1 0.2518 0.3595 0.3887 
         454  1 0.1996 0.3855 0.4149 
         455  1 0.1415 0.4847 0.3738 
         456  1 0.2207 0.3912 0.3881 
         457  1 0.0728 0.4800 0.4472 
         458  1 0.1212 0.4859 0.3928 
         459  1 0.4721 0.2811 0.2468 
         460  1 0.6973 0.1473 0.1554 
         461  1 0.2243 0.4197 0.3559 
         462  1 0.1173 0.4440 0.4388 
         463  1 0.0867 0.5398 0.3736 
         464  1 0.1045 0.4291 0.4664 
         465  1 0.2593 0.3734 0.3673 
         466  1 0.5353 0.2453 0.2194 
         467  1 0.1041 0.4115 0.4844 
         468  1 0.1465 0.4693 0.3842 
         469  1 0.0655 0.4179 0.5165 
         470  1 0.4015 0.3224 0.2761 
         471  1 0.3968 0.2956 0.3076 
         472  1 0.2135 0.4023 0.3842 
         473  1 0.0976 0.4191 0.4833 
         474  1 0.1776 0.3956 0.4268 
         475  1 0.0540 0.4861 0.4600 
         476  1 0.5805 0.2115 0.2080 
         477  1 0.2899 0.3311 0.3789 
         478  1 0.2259 0.4219 0.3522 
         479  1 0.2314 0.3788 0.3897 
         480  1 0.3557 0.3168 0.3275 
         481  1 0.3639 0.3281 0.3080 
         482  1 0.4633 0.2946 0.2422 
         483  1 0.0922 0.4344 0.4734 
         484  1 0.3251 0.3041 0.3708 
         485  1 0.4470 0.3182 0.2348 
         486  1 0.3009 0.3210 0.3781 
         487  1 0.2130 0.3853 0.4017 
         488  1 0.4442 0.2721 0.2838 
         489  1 0.1261 0.4871 0.3868 
         490  1 0.2431 0.2950 0.4620 
         491  1 0.2385 0.3925 0.3690 
         492  1 0.4339 0.2751 0.2911 
         493  1 0.0779 0.5111 0.4110 
         494  1 0.1130 0.3836 0.5034 
         495  1 0.2491 0.3490 0.4019 
         496  1 0.3472 0.3111 0.3417 
         497  1 0.1518 0.4392 0.4090 
         498  1 0.0859 0.5640 0.3501 
         499  1 0.5437 0.2314 0.2248 
         500  1 0.1019 0.4899 0.4082 
         501  1 0.3538 0.3360 0.3102 
         502  1 0.1233 0.4309 0.4457 
         503  1 0.1085 0.4770 0.4145 
         504  1 0.0444 0.5709 0.3847 
         505  1 0.7070 0.1402 0.1528 
         506  1 0.6153 0.1725 0.2122 
         507  1 0.4122 0.2832 0.3046 
         508  1 0.1337 0.4885 0.3778 
         509  1 0.6184 0.2059 0.1757 
         510  1 0.2067 0.3846 0.4086 
         511  1 0.1424 0.3748 0.4828 
         512  1 0.4423 0.2489 0.3088 
         513  1 0.1606 0.4509 0.3885 
         514  1 0.4801 0.2788 0.2410 
         515  1 0.2877 0.3218 0.3905 
         516  1 0.4780 0.2501 0.2719 
         517  1 0.1101 0.4560 0.4338 
         518  1 0.2588 0.3413 0.3999 
         519  1 0.0576 0.4531 0.4893 
         520  1 0.2235 0.4346 0.3418 
         521  1 0.1777 0.3633 0.4590 
         522  1 0.6221 0.1947 0.1832 
         523  1 0.0858 0.5190 0.3952 
         524  1 0.2609 0.3482 0.3910 
         525  1 0.4600 0.2467 0.2933 
         526  1 0.0785 0.5095 0.4120 
         527  1 0.5624 0.2488 0.1888 
         528  1 0.4561 0.2943 0.2496 
         529  1 0.1786 0.3775 0.4439 
         530  1 0.4224 0.3200 0.2576 
         531  1 0.2403 0.4055 0.3542 
         532  1 0.1841 0.4251 0.3908 
         533  1 0.1485 0.4055 0.4460 
         534  1 0.1787 0.4913 0.3300 
         535  1 0.2769 0.4155 0.3076 
         536  1 0.3073 0.3675 0.3252 
         537  1 0.3325 0.2881 0.3794 
         538  1 0.7370 0.1261 0.1369 
         539  1 0.4170 0.3334 0.2496 
         540  1 0.1345 0.4738 0.3916 
         541  1 0.0860 0.5225 0.3915 
         542  1 0.1010 0.4152 0.4838 
         543  1 0.0697 0.5359 0.3943 
         544  1 0.1427 0.3990 0.4584 
         545  1 0.1680 0.4474 0.3846 
         546  1 0.0574 0.5318 0.4108 
         547  1 0.2015 0.3903 0.4082 
         548  1 0.0783 0.5174 0.4043 
         549  1 0.1149 0.4199 0.4652 
         550  1 0.0682 0.4941 0.4377 
         551  1 0.1064 0.5226 0.3710 
         552  1 0.1761 0.3983 0.4256 
         553  1 0.1831 0.4377 0.3792 
         554  1 0.0994 0.4184 0.4822 
         555  1 0.2567 0.3503 0.3929 
         556  1 0.2291 0.4113 0.3596 
         557  1 0.3233 0.3110 0.3657 
         558  1 0.3997 0.2439 0.3565 
         559  1 0.8432 0.0757 0.0811 
         560  1 0.3095 0.3773 0.3132 
         561  1 0.7637 0.0992 0.1371 
         562  1 0.5081 0.2485 0.2434 
         563  1 0.8320 0.0775 0.0905 
         564  1 0.5830 0.1927 0.2243 
         565  1 0.8308 0.0840 0.0852 
         566  1 0.5248 0.2510 0.2242 
         567  1 0.6077 0.2110 0.1814 
         568  1 0.2101 0.4013 0.3886 
         569  1 0.6425 0.1750 0.1825 
         570  1 0.4226 0.2879 0.2895 
         571  1 0.6250 0.1682 0.2068 
         572  1 0.6933 0.1470 0.1598 
         573  1 0.8277 0.0914 0.0809 
         574  1 0.5243 0.2128 0.2629 
         575  1 0.6611 0.1602 0.1787 
         576  1 0.6449 0.1760 0.1792 
         577  1 0.7831 0.1112 0.1057 
         578  1 0.6637 0.1726 0.1637 
         579  1 0.7078 0.1426 0.1496 
         580  1 0.8304 0.0815 0.0880 
         581  1 0.5750 0.2376 0.1874 
         582  1 0.7748 0.1143 0.1110 
         583  1 0.8510 0.0696 0.0794 
         584  1 0.7947 0.0950 0.1103 
         585  1 0.8180 0.0945 0.0875 
         586  1 0.5804 0.1832 0.2363 
         587  1 0.4682 0.2431 0.2887 
         588  1 0.5094 0.2673 0.2233 
         589  1 0.4812 0.2333 0.2856 
         590  1 0.8644 0.0676 0.0680 
         591  1 0.6691 0.1669 0.1639 
         592  1 0.7360 0.1267 0.1373 
         593  1 0.6505 0.1670 0.1825 
         594  1 0.8689 0.0658 0.0654 
         595  1 0.8332 0.0769 0.0900 
         596  1 0.7311 0.1392 0.1297 
         597  1 0.7806 0.1136 0.1058 
         598  1 0.9004 0.0489 0.0507 
         599  1 0.7853 0.1009 0.1138 
         600  1 0.2708 0.3227 0.4066 
         601  1 0.7421 0.1131 0.1448 
         602  1 0.9004 0.0492 0.0504 
         603  1 0.6843 0.1488 0.1670 
         604  1 0.7845 0.0984 0.1170 
         605  1 0.8214 0.0894 0.0892 
         606  1 0.4792 0.2409 0.2799 
         607  1 0.4993 0.2423 0.2584 
         608  1 0.7988 0.0952 0.1060 
         609  1 0.5249 0.2167 0.2584 
         610  1 0.8485 0.0742 0.0774 
         611  1 0.5377 0.2173 0.2450 
         612  1 0.8675 0.0643 0.0682 
         613  1 0.5129 0.2439 0.2432 
         614  1 0.7705 0.1129 0.1166 
         615  1 0.6656 0.1441 0.1902 
         616  1 0.7527 0.1143 0.1330 
         617  1 0.6415 0.1942 0.1643 
         618  1 0.8365 0.0813 0.0821 
         619  1 0.8723 0.0648 0.0629 
         620  1 0.8981 0.0488 0.0531 
         621  1 0.7838 0.1004 0.1159 
         622  1 0.8152 0.0901 0.0947 
         623  1 0.8371 0.0811 0.0818 
         624  1 0.7767 0.1138 0.1095 
         625  1 0.8252 0.0844 0.0903 
         626  1 0.9021 0.0490 0.0489 
         627  1 0.8622 0.0603 0.0775 
         628  1 0.8807 0.0635 0.0557 
         629  1 0.8678 0.0637 0.0685 
         630  1 0.8079 0.0930 0.0990 
         631  1 0.8788 0.0596 0.0616 
         632  1 0.6079 0.1568 0.2353 
         633  1 0.8819 0.0567 0.0615 
         634  1 0.6194 0.1912 0.1894 
         635  1 0.6675 0.1589 0.1737 
         636  1 0.7821 0.0949 0.1231 
         637  1 0.8935 0.0533 0.0532 
         638  1 0.6933 0.1473 0.1594 
         639  1 0.8640 0.0595 0.0764 
         640  1 0.8306 0.0789 0.0905 
         641  1 0.8375 0.0745 0.0880 
         642  1 0.7912 0.1081 0.1008 
         643  1 0.8496 0.0764 0.0740 
         644  1 0.7693 0.1078 0.1229 
         645  1 0.7736 0.1007 0.1257 
         646  1 0.8076 0.0991 0.0933 
         647  1 0.4104 0.3016 0.2880 
         648  1 0.6207 0.1657 0.2137 
         649  1 0.8541 0.0761 0.0698 
         650  1 0.6539 0.1539 0.1923 
         651  1 0.8122 0.0830 0.1047 
         652  1 0.7594 0.1109 0.1296 
         653  1 0.7362 0.1299 0.1339 
         654  1 0.8382 0.0758 0.0860 
         655  1 0.8356 0.0874 0.0770 
         656  1 0.9058 0.0468 0.0474 
         657  1 0.8824 0.0559 0.0616 
         658  1 0.7997 0.0901 0.1102 
         659  1 0.6069 0.1911 0.2020 
         660  1 0.8940 0.0504 0.0556 
         661  1 0.5064 0.2518 0.2418 
         662  1 0.8849 0.0582 0.0569 
         663  1 0.7465 0.1163 0.1373 
         664  1 0.7652 0.1259 0.1089 
         665  1 0.8648 0.0610 0.0742 
         666  1 0.8731 0.0606 0.0663 
         667  1 0.7813 0.1023 0.1164 
         668  1 0.7878 0.0891 0.1231 
