           1  1 0.1883 0.2066 0.2360 0.1397 0.2295 
           2  1 0.2705 0.2603 0.2204 0.1831 0.0658 
           3  1 0.2218 0.2643 0.2636 0.2048 0.0455 
           4  1 0.2268 0.2212 0.2316 0.1852 0.1351 
           5  1 0.2359 0.2944 0.2637 0.1836 0.0224 
           6  1 0.2527 0.2526 0.2220 0.1956 0.0770 
           7  1 0.2485 0.2297 0.2790 0.2235 0.0193 
           8  1 0.0918 0.0877 0.1070 0.1249 0.5887 
           9  1 0.2355 0.2459 0.2713 0.2312 0.0160 
          10  1 0.2408 0.2240 0.2749 0.2233 0.0371 
          11  1 0.2391 0.2821 0.2611 0.1975 0.0202 
          12  1 0.2381 0.2758 0.2715 0.1777 0.0369 
          13  1 0.2447 0.2533 0.2389 0.2278 0.0354 
          14  1 0.2518 0.2433 0.2716 0.1988 0.0345 
          15  1 0.2412 0.2550 0.2053 0.2226 0.0759 
          16  1 0.2631 0.2623 0.2622 0.1806 0.0318 
          17  1 0.2449 0.2172 0.2212 0.2895 0.0272 
          18  1 0.1846 0.2024 0.1609 0.1453 0.3068 
          19  1 0.2214 0.2747 0.2534 0.1727 0.0778 
          20  1 0.2620 0.2334 0.2536 0.2297 0.0213 
          21  1 0.2588 0.2195 0.2262 0.2638 0.0318 
          22  1 0.2368 0.2224 0.2402 0.2842 0.0165 
          23  1 0.2312 0.2252 0.2421 0.2004 0.1011 
          24  1 0.2344 0.2509 0.2570 0.2026 0.0551 
          25  1 0.2336 0.2238 0.2808 0.2319 0.0299 
          26  1 0.2322 0.2792 0.2701 0.1864 0.0321 
          27  1 0.2272 0.2932 0.2544 0.1829 0.0423 
          28  1 0.2688 0.2747 0.2158 0.2050 0.0356 
          29  1 0.2951 0.2886 0.2013 0.1991 0.0160 
          30  1 0.2509 0.2586 0.2416 0.2134 0.0356 
          31  1 0.2192 0.1852 0.2384 0.2778 0.0793 
          32  1 0.2598 0.2957 0.2461 0.1727 0.0257 
          33  1 0.2547 0.2854 0.2044 0.1873 0.0682 
          34  1 0.2346 0.2091 0.2294 0.2764 0.0506 
          35  1 0.2172 0.1910 0.2334 0.3204 0.0380 
          36  1 0.2722 0.2795 0.2311 0.1992 0.0180 
          37  1 0.2326 0.3097 0.2483 0.1880 0.0213 
          38  1 0.2511 0.2861 0.2405 0.2040 0.0183 
          39  1 0.2331 0.2418 0.2595 0.2201 0.0455 
          40  1 0.1517 0.1286 0.1823 0.2307 0.3067 
          41  1 0.2402 0.2409 0.2603 0.2259 0.0328 
          42  1 0.2659 0.2740 0.2215 0.2189 0.0197 
          43  1 0.2283 0.3030 0.2160 0.1954 0.0572 
          44  1 0.2485 0.2656 0.2683 0.1843 0.0333 
          45  1 0.2812 0.2880 0.2036 0.2079 0.0193 
          46  1 0.2760 0.2839 0.2238 0.1778 0.0385 
          47  1 0.2330 0.2694 0.2581 0.1928 0.0467 
          48  1 0.2008 0.1844 0.2182 0.2350 0.1616 
          49  1 0.2445 0.2843 0.2259 0.2105 0.0348 
          50  1 0.2911 0.2881 0.2048 0.2017 0.0144 
          51  1 0.2481 0.2556 0.2120 0.2243 0.0600 
          52  1 0.2514 0.2832 0.2459 0.1950 0.0245 
          53  1 0.2374 0.2537 0.2495 0.2306 0.0289 
          54  1 0.2238 0.2932 0.2392 0.1417 0.1021 
          55  1 0.1643 0.1525 0.1269 0.1033 0.4530 
          56  1 0.2463 0.2895 0.2711 0.1588 0.0343 
          57  1 0.2933 0.3290 0.2037 0.1621 0.0119 
          58  1 0.2473 0.2996 0.2391 0.1825 0.0315 
          59  1 0.2868 0.3098 0.2156 0.1742 0.0136 
          60  1 0.2762 0.2509 0.2354 0.2180 0.0194 
          61  1 0.1984 0.2210 0.2052 0.1428 0.2326 
          62  1 0.2869 0.3100 0.2077 0.1818 0.0135 
          63  1 0.2537 0.2451 0.2144 0.2396 0.0471 
          64  1 0.2718 0.2672 0.2262 0.2091 0.0256 
          65  1 0.2307 0.2821 0.2241 0.2215 0.0417 
          66  1 0.2392 0.2452 0.2526 0.2237 0.0393 
          67  1 0.2646 0.2583 0.2481 0.2092 0.0199 
          68  1 0.2629 0.2985 0.2209 0.1967 0.0210 
          69  1 0.2555 0.2614 0.2137 0.2100 0.0594 
          70  1 0.2069 0.1356 0.2293 0.3599 0.0683 
          71  1 0.1920 0.1980 0.1812 0.1491 0.2797 
          72  1 0.2914 0.2917 0.2179 0.1801 0.0189 
          73  1 0.2259 0.2398 0.2378 0.1988 0.0978 
          74  1 0.2259 0.2207 0.2362 0.2390 0.0781 
          75  1 0.2602 0.2773 0.2418 0.1865 0.0342 
          76  1 0.1984 0.1855 0.2079 0.2714 0.1368 
          77  1 0.2212 0.2086 0.2160 0.2490 0.1053 
          78  1 0.2214 0.3159 0.2265 0.1853 0.0508 
          79  1 0.2294 0.3184 0.2656 0.1708 0.0159 
          80  1 0.2209 0.2498 0.2055 0.1655 0.1583 
          81  1 0.1929 0.2122 0.2022 0.2117 0.1810 
          82  1 0.2431 0.2260 0.2247 0.2568 0.0494 
          83  1 0.2261 0.1835 0.2119 0.2967 0.0818 
          84  1 0.2161 0.1817 0.2172 0.3092 0.0758 
          85  1 0.2641 0.2740 0.2108 0.2073 0.0438 
          86  1 0.1767 0.1637 0.1912 0.1891 0.2793 
          87  1 0.2446 0.2572 0.2410 0.2317 0.0255 
          88  1 0.2623 0.2692 0.2143 0.1996 0.0547 
          89  1 0.2192 0.2102 0.2717 0.2356 0.0632 
          90  1 0.1831 0.1638 0.1775 0.1911 0.2845 
          91  1 0.2267 0.2169 0.2426 0.2219 0.0919 
          92  1 0.2643 0.2366 0.2004 0.2454 0.0532 
          93  1 0.2393 0.2389 0.2369 0.2326 0.0524 
          94  1 0.1784 0.1766 0.1599 0.1433 0.3418 
          95  1 0.2721 0.2855 0.2066 0.1948 0.0411 
          96  1 0.2575 0.2785 0.2156 0.1714 0.0770 
          97  1 0.2348 0.2661 0.2482 0.2267 0.0243 
          98  1 0.2422 0.1701 0.2165 0.3480 0.0231 
          99  1 0.2237 0.1863 0.2290 0.3356 0.0253 
         100  1 0.2432 0.3137 0.2198 0.1815 0.0418 
         101  1 0.2108 0.2360 0.2259 0.2353 0.0920 
         102  1 0.2823 0.2941 0.2140 0.1855 0.0241 
         103  1 0.1597 0.1997 0.1921 0.1402 0.3083 
         104  1 0.2275 0.2070 0.2336 0.2963 0.0355 
         105  1 0.2242 0.2248 0.2879 0.2069 0.0563 
         106  1 0.1958 0.1672 0.2370 0.3434 0.0566 
         107  1 0.2503 0.2958 0.2226 0.1824 0.0490 
         108  1 0.2748 0.2989 0.2080 0.1703 0.0480 
         109  1 0.2344 0.2315 0.2611 0.2232 0.0499 
         110  1 0.2409 0.2766 0.2480 0.1977 0.0368 
         111  1 0.2400 0.1992 0.2169 0.2819 0.0620 
         112  1 0.2258 0.2799 0.2261 0.2145 0.0538 
         113  1 0.2641 0.2601 0.2431 0.2093 0.0233 
         114  1 0.2392 0.2466 0.2340 0.1859 0.0944 
         115  1 0.2292 0.2659 0.2291 0.2091 0.0668 
         116  1 0.2564 0.2190 0.2419 0.2577 0.0251 
         117  1 0.2368 0.2519 0.2524 0.1979 0.0611 
         118  1 0.2370 0.2564 0.2261 0.2038 0.0767 
         119  1 0.2079 0.1352 0.2595 0.3513 0.0460 
         120  1 0.1745 0.1641 0.1668 0.1801 0.3146 
         121  1 0.2314 0.2526 0.2264 0.2338 0.0558 
         122  1 0.2258 0.1718 0.2325 0.3246 0.0453 
         123  1 0.2434 0.2214 0.2381 0.2726 0.0246 
         124  1 0.2589 0.2708 0.2287 0.2151 0.0264 
         125  1 0.2008 0.1502 0.2245 0.2990 0.1255 
         126  1 0.2694 0.2683 0.2117 0.2254 0.0251 
         127  1 0.2385 0.2607 0.2486 0.2059 0.0463 
         128  1 0.2335 0.2295 0.2424 0.2683 0.0263 
         129  1 0.1501 0.1398 0.2100 0.1743 0.3257 
         130  1 0.2122 0.1656 0.2382 0.2868 0.0973 
         131  1 0.2563 0.2422 0.2558 0.1967 0.0490 
         132  1 0.2340 0.2432 0.2238 0.2688 0.0302 
         133  1 0.2422 0.2036 0.2604 0.2714 0.0224 
         134  1 0.2619 0.2768 0.2536 0.1590 0.0486 
         135  1 0.0836 0.0838 0.0869 0.0774 0.6683 
         136  1 0.2205 0.2207 0.2264 0.2771 0.0553 
         137  1 0.1925 0.2261 0.1866 0.1551 0.2398 
         138  1 0.2556 0.2760 0.2297 0.2064 0.0324 
         139  1 0.2475 0.2516 0.2437 0.2036 0.0537 
         140  1 0.2388 0.2469 0.2770 0.1771 0.0602 
         141  1 0.2202 0.2412 0.2555 0.1731 0.1101 
         142  1 0.2055 0.1923 0.2183 0.2902 0.0936 
         143  1 0.2388 0.2886 0.2217 0.1827 0.0682 
         144  1 0.2789 0.2532 0.2076 0.2342 0.0261 
         145  1 0.2679 0.3112 0.2113 0.1907 0.0189 
         146  1 0.2176 0.2565 0.2317 0.2126 0.0816 
         147  1 0.2787 0.2932 0.2132 0.1891 0.0258 
         148  1 0.2316 0.2377 0.2385 0.2631 0.0291 
         149  1 0.2234 0.2459 0.2423 0.2105 0.0780 
         150  1 0.1931 0.2094 0.1899 0.2226 0.1849 
         151  1 0.2239 0.2066 0.2496 0.2374 0.0824 
         152  1 0.2233 0.2406 0.2304 0.2437 0.0620 
         153  1 0.2441 0.2741 0.2426 0.1886 0.0505 
         154  1 0.2185 0.1599 0.2451 0.3552 0.0213 
         155  1 0.2111 0.2160 0.2481 0.2491 0.0757 
         156  1 0.2400 0.2692 0.2776 0.1621 0.0510 
         157  1 0.2499 0.2524 0.2464 0.2044 0.0469 
         158  1 0.2024 0.1705 0.1937 0.2377 0.1957 
         159  1 0.2660 0.2499 0.2150 0.2192 0.0498 
         160  1 0.2260 0.2097 0.2475 0.2788 0.0380 
         161  1 0.1684 0.1605 0.1948 0.2126 0.2638 
         162  1 0.2358 0.2466 0.2279 0.2521 0.0377 
         163  1 0.2174 0.2302 0.2285 0.2097 0.1142 
         164  1 0.2245 0.1879 0.2305 0.3054 0.0517 
         165  1 0.2394 0.2334 0.2540 0.2364 0.0367 
         166  1 0.2451 0.2552 0.2370 0.1931 0.0696 
         167  1 0.2389 0.2029 0.2230 0.2948 0.0404 
         168  1 0.1953 0.2169 0.1851 0.1467 0.2561 
         169  1 0.1995 0.1301 0.2400 0.3836 0.0469 
         170  1 0.2474 0.2051 0.2295 0.2937 0.0243 
         171  1 0.2631 0.2727 0.2414 0.1880 0.0347 
         172  1 0.2649 0.2499 0.2093 0.2418 0.0340 
         173  1 0.2306 0.2449 0.2177 0.2400 0.0669 
         174  1 0.2515 0.2350 0.2144 0.2441 0.0549 
         175  1 0.2246 0.1649 0.2148 0.3527 0.0430 
         176  1 0.2430 0.2217 0.2342 0.2079 0.0932 
         177  1 0.2137 0.2149 0.2166 0.2159 0.1389 
         178  1 0.2191 0.2489 0.2556 0.2307 0.0457 
         179  1 0.2628 0.2653 0.2623 0.1641 0.0454 
         180  1 0.2342 0.2208 0.2623 0.2727 0.0100 
         181  1 0.2330 0.2412 0.2289 0.2043 0.0926 
         182  1 0.1654 0.1577 0.1551 0.1552 0.3666 
         183  1 0.1801 0.1409 0.2198 0.2644 0.1948 
         184  1 0.2038 0.1319 0.2484 0.3422 0.0737 
         185  1 0.2307 0.2010 0.2409 0.2437 0.0836 
         186  1 0.1906 0.1437 0.2686 0.3554 0.0417 
         187  1 0.1900 0.1398 0.2695 0.3745 0.0261 
         188  1 0.1962 0.1425 0.2497 0.3800 0.0315 
         189  1 0.2519 0.3027 0.2266 0.1739 0.0450 
         190  1 0.1986 0.1178 0.2585 0.3771 0.0480 
         191  1 0.2720 0.2331 0.2124 0.2549 0.0276 
         192  1 0.0694 0.0688 0.0682 0.0598 0.7338 
         193  1 0.0815 0.0799 0.0946 0.0856 0.6585 
         194  1 0.1689 0.1294 0.2094 0.2908 0.2015 
         195  1 0.2142 0.1666 0.2526 0.2843 0.0823 
         196  1 0.2506 0.2530 0.2634 0.2087 0.0243 
         197  1 0.2305 0.2447 0.2360 0.1570 0.1318 
         198  1 0.2808 0.2395 0.2361 0.2063 0.0373 
         199  1 0.2351 0.2453 0.2338 0.1696 0.1162 
         200  1 0.2232 0.2202 0.2272 0.2142 0.1151 
         201  1 0.1962 0.1878 0.1913 0.1888 0.2359 
         202  1 0.2809 0.2786 0.2130 0.2139 0.0136 
         203  1 0.2246 0.2764 0.1876 0.2245 0.0870 
         204  1 0.2211 0.2114 0.2709 0.2757 0.0208 
         205  1 0.2458 0.2867 0.2518 0.1947 0.0210 
         206  1 0.2372 0.2478 0.2506 0.2291 0.0353 
         207  1 0.2456 0.2444 0.2536 0.2252 0.0312 
         208  1 0.2329 0.2088 0.2589 0.2816 0.0178 
         209  1 0.1595 0.1490 0.1824 0.1812 0.3280 
         210  1 0.2413 0.2882 0.2410 0.1976 0.0318 
         211  1 0.2318 0.2092 0.2293 0.2896 0.0401 
         212  1 0.2065 0.1522 0.2080 0.2999 0.1334 
         213  1 0.2204 0.2509 0.2298 0.2416 0.0573 
         214  1 0.2282 0.3073 0.2190 0.1860 0.0595 
         215  1 0.2186 0.1967 0.2342 0.2692 0.0813 
         216  1 0.2270 0.1818 0.2098 0.3310 0.0504 
         217  1 0.2533 0.3159 0.2066 0.1850 0.0393 
         218  1 0.2479 0.2191 0.2414 0.2645 0.0271 
         219  1 0.2530 0.2395 0.2752 0.2112 0.0211 
         220  1 0.2098 0.1966 0.2238 0.2196 0.1502 
         221  1 0.2306 0.2511 0.2512 0.1895 0.0776 
         222  1 0.2271 0.2173 0.2097 0.2312 0.1148 
         223  1 0.1363 0.1379 0.1531 0.1523 0.4203 
         224  1 0.2605 0.2462 0.2312 0.2066 0.0555 
         225  1 0.2616 0.2626 0.2161 0.2309 0.0288 
         226  1 0.2698 0.2754 0.2441 0.1833 0.0274 
         227  1 0.1800 0.1428 0.2100 0.3182 0.1490 
         228  1 0.2082 0.1900 0.2684 0.2587 0.0747 
         229  1 0.2596 0.2546 0.2609 0.2021 0.0227 
         230  1 0.1929 0.1630 0.2277 0.3716 0.0448 
         231  1 0.2703 0.2791 0.2293 0.2009 0.0203 
         232  1 0.2402 0.2256 0.2486 0.2547 0.0309 
         233  1 0.2482 0.2469 0.2303 0.2153 0.0593 
         234  1 0.2284 0.2126 0.2404 0.2882 0.0305 
         235  1 0.2730 0.2995 0.2139 0.1919 0.0216 
         236  1 0.2421 0.2924 0.2639 0.1791 0.0224 
         237  1 0.2809 0.2922 0.2070 0.1849 0.0350 
         238  1 0.2240 0.2392 0.2412 0.1993 0.0963 
         239  1 0.2792 0.2846 0.2171 0.2092 0.0099 
         240  1 0.1747 0.1698 0.2126 0.1586 0.2843 
         241  1 0.2322 0.2370 0.2549 0.2502 0.0258 
         242  1 0.2412 0.2565 0.2306 0.1945 0.0773 
         243  1 0.2591 0.2826 0.2285 0.2011 0.0289 
         244  1 0.2577 0.2840 0.2221 0.1764 0.0598 
         245  1 0.2406 0.2160 0.2258 0.2939 0.0237 
         246  1 0.2646 0.2839 0.2343 0.2035 0.0136 
         247  1 0.2401 0.2612 0.2172 0.1873 0.0942 
         248  1 0.2418 0.2474 0.2420 0.1759 0.0930 
         249  1 0.1632 0.1337 0.1928 0.2933 0.2169 
         250  1 0.2172 0.2092 0.2365 0.3003 0.0367 
         251  1 0.2082 0.1879 0.2301 0.3400 0.0338 
         252  1 0.2587 0.2806 0.2351 0.2093 0.0163 
         253  1 0.1709 0.1775 0.1679 0.1383 0.3455 
         254  1 0.0487 0.0366 0.0512 0.0701 0.7934 
         255  1 0.2311 0.2175 0.2263 0.2384 0.0867 
         256  1 0.1940 0.1309 0.2557 0.3841 0.0352 
         257  1 0.2074 0.1975 0.2179 0.2499 0.1273 
         258  1 0.2578 0.2380 0.2090 0.2469 0.0482 
         259  1 0.2450 0.2871 0.2371 0.1810 0.0498 
         260  1 0.2520 0.2991 0.2616 0.1753 0.0120 
         261  1 0.2380 0.2044 0.2577 0.2747 0.0252 
         262  1 0.2244 0.2413 0.2529 0.2521 0.0293 
         263  1 0.2371 0.2132 0.2265 0.2428 0.0803 
         264  1 0.2659 0.2957 0.2272 0.1862 0.0251 
         265  1 0.2036 0.2087 0.1981 0.1842 0.2054 
         266  1 0.2625 0.2598 0.2009 0.2448 0.0320 
         267  1 0.2266 0.2442 0.2715 0.2153 0.0423 
         268  1 0.2379 0.2669 0.2260 0.2274 0.0418 
         269  1 0.2376 0.2413 0.2313 0.2164 0.0734 
         270  1 0.1320 0.0880 0.1489 0.2240 0.4071 
         271  1 0.2256 0.2462 0.2226 0.2673 0.0383 
         272  1 0.2079 0.1880 0.2375 0.3350 0.0316 
         273  1 0.2521 0.2802 0.2732 0.1767 0.0179 
         274  1 0.2734 0.2767 0.2191 0.2126 0.0182 
         275  1 0.2239 0.2376 0.2440 0.2429 0.0515 
         276  1 0.2374 0.2648 0.2430 0.2200 0.0348 
         277  1 0.2081 0.1435 0.2271 0.3372 0.0841 
         278  1 0.2165 0.2819 0.2413 0.1691 0.0911 
         279  1 0.2414 0.2371 0.2528 0.2554 0.0133 
         280  1 0.2745 0.2765 0.2178 0.2038 0.0274 
         281  1 0.1871 0.1889 0.2193 0.2285 0.1762 
         282  1 0.2694 0.2826 0.2211 0.1967 0.0302 
         283  1 0.2165 0.1615 0.2607 0.3446 0.0168 
         284  1 0.2193 0.1564 0.2307 0.3718 0.0218 
         285  1 0.2582 0.2449 0.2100 0.2403 0.0467 
         286  1 0.1746 0.1753 0.1692 0.1781 0.3029 
         287  1 0.2677 0.2532 0.2226 0.2206 0.0360 
         288  1 0.2421 0.2690 0.2373 0.2259 0.0257 
         289  1 0.2259 0.2328 0.2506 0.2421 0.0487 
         290  1 0.2672 0.2946 0.2549 0.1567 0.0267 
         291  1 0.2471 0.2134 0.2395 0.2451 0.0548 
         292  1 0.1903 0.1196 0.2355 0.4039 0.0506 
         293  1 0.2231 0.3042 0.2722 0.1726 0.0280 
         294  1 0.2351 0.2089 0.2306 0.2925 0.0330 
         295  1 0.2493 0.2558 0.2508 0.1943 0.0499 
         296  1 0.2000 0.1846 0.2012 0.2235 0.1907 
         297  1 0.2438 0.2691 0.2307 0.2036 0.0527 
         298  1 0.2377 0.2505 0.2457 0.2495 0.0166 
         299  1 0.2311 0.2407 0.2416 0.2271 0.0595 
         300  1 0.2198 0.1836 0.1978 0.2362 0.1625 
         301  1 0.1949 0.2059 0.1734 0.1502 0.2757 
         302  1 0.2333 0.1775 0.2560 0.2788 0.0545 
         303  1 0.2383 0.2631 0.2402 0.2043 0.0542 
         304  1 0.2767 0.2871 0.2140 0.1787 0.0435 
         305  1 0.2392 0.2186 0.2266 0.2818 0.0338 
         306  1 0.2078 0.2552 0.2391 0.2059 0.0920 
         307  1 0.2347 0.2126 0.2292 0.3004 0.0230 
         308  1 0.2526 0.2605 0.2496 0.1874 0.0500 
         309  1 0.2405 0.2740 0.2444 0.1890 0.0522 
         310  1 0.1958 0.1028 0.2423 0.4041 0.0550 
         311  1 0.2569 0.2365 0.2292 0.2410 0.0363 
         312  1 0.2554 0.2669 0.2552 0.1678 0.0546 
         313  1 0.2682 0.2579 0.2320 0.2142 0.0276 
         314  1 0.2807 0.2719 0.2024 0.2095 0.0355 
         315  1 0.2401 0.2022 0.2589 0.2767 0.0221 
         316  1 0.1460 0.1361 0.1353 0.1508 0.4318 
         317  1 0.2368 0.1923 0.2219 0.3076 0.0415 
         318  1 0.2411 0.2588 0.2310 0.2391 0.0300 
         319  1 0.2472 0.2538 0.2613 0.1970 0.0407 
         320  1 0.2694 0.2700 0.2143 0.2088 0.0375 
         321  1 0.1276 0.1214 0.1220 0.1175 0.5115 
         322  1 0.2202 0.1949 0.2536 0.2695 0.0618 
         323  1 0.2386 0.2575 0.2491 0.2042 0.0506 
         324  1 0.2293 0.1777 0.2600 0.2855 0.0476 
         325  1 0.2600 0.2766 0.2284 0.2142 0.0208 
         326  1 0.2074 0.1720 0.2396 0.3605 0.0204 
         327  1 0.1990 0.1810 0.1926 0.2437 0.1837 
         328  1 0.2321 0.2532 0.2335 0.2689 0.0123 
         329  1 0.2395 0.2715 0.2674 0.1841 0.0376 
         330  1 0.2256 0.2198 0.2079 0.2166 0.1301 
         331  1 0.2662 0.2467 0.2105 0.2178 0.0588 
         332  1 0.2292 0.2399 0.2658 0.2452 0.0199 
         333  1 0.2367 0.2333 0.2588 0.2445 0.0267 
         334  1 0.2217 0.1581 0.2650 0.3168 0.0383 
         335  1 0.1759 0.1833 0.1944 0.1726 0.2737 
         336  1 0.2300 0.2291 0.2214 0.2251 0.0944 
         337  1 0.1985 0.1074 0.2571 0.4224 0.0145 
         338  1 0.2651 0.2968 0.2481 0.1686 0.0215 
         339  1 0.1867 0.0965 0.2491 0.4254 0.0423 
         340  1 0.1406 0.1195 0.1541 0.2088 0.3769 
         341  1 0.2128 0.2170 0.2305 0.2100 0.1298 
         342  1 0.2281 0.2133 0.2424 0.2827 0.0334 
         343  1 0.2288 0.2098 0.2330 0.3005 0.0279 
         344  1 0.2157 0.1884 0.2228 0.3208 0.0523 
         345  1 0.2436 0.2580 0.2635 0.2106 0.0244 
         346  1 0.2488 0.2771 0.2365 0.1960 0.0416 
         347  1 0.2218 0.2610 0.2277 0.2595 0.0299 
         348  1 0.2399 0.2204 0.2248 0.2583 0.0567 
         349  1 0.2436 0.2753 0.2339 0.1772 0.0699 
         350  1 0.1978 0.1816 0.2072 0.2013 0.2122 
         351  1 0.2356 0.2604 0.2475 0.1773 0.0793 
         352  1 0.2488 0.2719 0.2726 0.1876 0.0191 
         353  1 0.0717 0.0876 0.0756 0.0736 0.6915 
         354  1 0.2796 0.2893 0.2126 0.1897 0.0288 
         355  1 0.2511 0.2677 0.2528 0.2058 0.0226 
         356  1 0.2203 0.2182 0.2379 0.2530 0.0706 
         357  1 0.2301 0.2825 0.2236 0.2128 0.0510 
         358  1 0.2173 0.2771 0.2693 0.2045 0.0318 
         359  1 0.2228 0.2528 0.2449 0.1650 0.1144 
         360  1 0.2204 0.2902 0.2459 0.1760 0.0676 
         361  1 0.2332 0.2608 0.2482 0.2187 0.0391 
         362  1 0.1627 0.1715 0.1876 0.1701 0.3080 
         363  1 0.2024 0.1884 0.2048 0.2416 0.1627 
         364  1 0.2166 0.2222 0.2111 0.2755 0.0745 
         365  1 0.1742 0.1682 0.1730 0.2271 0.2575 
         366  1 0.2482 0.2640 0.2153 0.1919 0.0806 
         367  1 0.0661 0.0532 0.0674 0.0985 0.7148 
         368  1 0.2421 0.1924 0.2299 0.3045 0.0310 
         369  1 0.2513 0.2418 0.2199 0.2558 0.0312 
         370  1 0.2248 0.2867 0.2220 0.1995 0.0670 
         371  1 0.2228 0.2320 0.2006 0.2024 0.1423 
         372  1 0.2512 0.2672 0.2217 0.2200 0.0399 
         373  1 0.2205 0.2504 0.1886 0.1878 0.1526 
         374  1 0.2336 0.2654 0.2787 0.1626 0.0596 
         375  1 0.2324 0.2293 0.2307 0.1995 0.1082 
         376  1 0.2161 0.2365 0.2261 0.2113 0.1100 
         377  1 0.2393 0.2825 0.2446 0.2008 0.0328 
         378  1 0.2284 0.1793 0.2331 0.3318 0.0273 
         379  1 0.2309 0.2233 0.2579 0.1975 0.0904 
         380  1 0.2317 0.2357 0.2166 0.2360 0.0800 
         381  1 0.2496 0.2586 0.2647 0.1870 0.0400 
         382  1 0.2358 0.2814 0.2783 0.1752 0.0294 
         383  1 0.2493 0.2304 0.2404 0.2187 0.0612 
         384  1 0.2437 0.2507 0.2411 0.2492 0.0153 
         385  1 0.2264 0.1802 0.2008 0.2614 0.1312 
         386  1 0.2401 0.2299 0.2679 0.2324 0.0298 
         387  1 0.1944 0.1661 0.2119 0.2415 0.1861 
         388  1 0.1180 0.1634 0.1200 0.1084 0.4902 
         389  1 0.1230 0.1611 0.1309 0.1071 0.4778 
         390  1 0.2330 0.2227 0.2350 0.2681 0.0412 
         391  1 0.2240 0.2516 0.2461 0.2357 0.0426 
         392  1 0.2186 0.1864 0.2287 0.2584 0.1078 
         393  1 0.2484 0.2443 0.2538 0.2117 0.0417 
         394  1 0.2189 0.2630 0.2060 0.2584 0.0537 
         395  1 0.1990 0.1667 0.2346 0.2966 0.1031 
         396  1 0.1823 0.1062 0.2609 0.4221 0.0285 
         397  1 0.1653 0.1956 0.2046 0.1906 0.2440 
         398  1 0.2472 0.2166 0.2535 0.2629 0.0199 
         399  1 0.2593 0.2712 0.2351 0.2189 0.0155 
         400  1 0.2112 0.1767 0.2241 0.3018 0.0861 
         401  1 0.1803 0.1830 0.1941 0.2707 0.1720 
         402  1 0.2181 0.1501 0.2201 0.3586 0.0530 
         403  1 0.1645 0.1349 0.1831 0.2655 0.2520 
         404  1 0.2678 0.2976 0.2078 0.1804 0.0463 
         405  1 0.2247 0.2460 0.2754 0.2238 0.0301 
         406  1 0.0910 0.0999 0.0907 0.0967 0.6218 
         407  1 0.1757 0.1770 0.1931 0.1558 0.2984 
         408  1 0.2372 0.2736 0.2597 0.2086 0.0208 
         409  1 0.2223 0.1964 0.2429 0.2756 0.0628 
         410  1 0.1778 0.1578 0.1818 0.2042 0.2784 
         411  1 0.2414 0.2752 0.2723 0.1791 0.0319 
         412  1 0.2214 0.1976 0.2515 0.2905 0.0389 
         413  1 0.2691 0.2608 0.2460 0.2071 0.0169 
         414  1 0.1900 0.1880 0.1980 0.2421 0.1819 
         415  1 0.2163 0.2180 0.2433 0.2822 0.0401 
         416  1 0.2345 0.2509 0.2920 0.1974 0.0252 
         417  1 0.2010 0.2641 0.2246 0.2208 0.0896 
         418  1 0.2339 0.2716 0.2546 0.2173 0.0226 
         419  1 0.2378 0.2809 0.2147 0.1990 0.0676 
         420  1 0.1201 0.1279 0.1263 0.1347 0.4909 
         421  1 0.2149 0.1773 0.2332 0.3344 0.0402 
         422  1 0.2700 0.2912 0.2329 0.1876 0.0183 
         423  1 0.2313 0.2978 0.2223 0.2231 0.0256 
         424  1 0.2245 0.2248 0.2111 0.1723 0.1672 
         425  1 0.2053 0.1765 0.2068 0.2760 0.1355 
         426  1 0.2351 0.2041 0.2407 0.2582 0.0618 
         427  1 0.2410 0.2466 0.2445 0.2474 0.0206 
         428  1 0.1890 0.1041 0.2450 0.4324 0.0294 
         429  1 0.1384 0.1233 0.1291 0.1362 0.4730 
         430  1 0.2157 0.2037 0.2533 0.2850 0.0423 
         431  1 0.2415 0.2604 0.2286 0.2437 0.0257 
         432  1 0.2374 0.3032 0.2634 0.1774 0.0186 
         433  1 0.2569 0.2577 0.2644 0.2036 0.0175 
         434  1 0.2431 0.2410 0.2597 0.2205 0.0356 
         435  1 0.2011 0.1848 0.2461 0.2971 0.0709 
         436  1 0.2138 0.1705 0.2283 0.3489 0.0385 
         437  1 0.2426 0.2555 0.2599 0.2127 0.0292 
         438  1 0.2461 0.2683 0.2233 0.2232 0.0392 
         439  1 0.1919 0.1069 0.2490 0.3849 0.0674 
         440  1 0.2859 0.2869 0.2167 0.1911 0.0193 
         441  1 0.1926 0.1996 0.2014 0.2758 0.1306 
         442  1 0.1811 0.2174 0.2054 0.1779 0.2183 
         443  1 0.2410 0.2608 0.2760 0.1977 0.0245 
         444  1 0.2412 0.2825 0.3098 0.1521 0.0144 
         445  1 0.2320 0.2054 0.2461 0.2630 0.0535 
         446  1 0.2622 0.2810 0.2319 0.1814 0.0435 
         447  1 0.1664 0.1840 0.1716 0.1639 0.3140 
         448  1 0.2116 0.1958 0.2543 0.2926 0.0457 
         449  1 0.2852 0.2854 0.2186 0.1871 0.0236 
         450  1 0.1787 0.1797 0.1499 0.1458 0.3459 
         451  1 0.1314 0.1125 0.1496 0.1718 0.4348 
         452  1 0.2732 0.2765 0.2461 0.1820 0.0222 
         453  1 0.2036 0.1481 0.2396 0.3539 0.0549 
         454  1 0.2224 0.2205 0.2242 0.2844 0.0485 
         455  1 0.2660 0.2766 0.2007 0.2146 0.0420 
         456  1 0.2440 0.2469 0.2501 0.1963 0.0628 
         457  1 0.2491 0.2373 0.2340 0.2591 0.0204 
         458  1 0.2498 0.2768 0.2213 0.2223 0.0298 
         459  1 0.2025 0.2066 0.1953 0.1507 0.2449 
         460  1 0.1059 0.1056 0.1152 0.1040 0.5693 
         461  1 0.2383 0.2408 0.2262 0.2173 0.0774 
         462  1 0.2512 0.2206 0.2407 0.2596 0.0279 
         463  1 0.2797 0.2868 0.2191 0.1908 0.0237 
         464  1 0.2445 0.2791 0.2433 0.2007 0.0324 
         465  1 0.2247 0.2211 0.2225 0.2493 0.0824 
         466  1 0.1734 0.1758 0.1726 0.1926 0.2856 
         467  1 0.2472 0.2888 0.2818 0.1564 0.0258 
         468  1 0.2407 0.2297 0.2351 0.2519 0.0425 
         469  1 0.2196 0.1976 0.2431 0.3243 0.0155 
         470  1 0.2145 0.2244 0.2019 0.1714 0.1877 
         471  1 0.2020 0.2215 0.2204 0.1923 0.1638 
         472  1 0.2625 0.2333 0.2408 0.1907 0.0726 
         473  1 0.2473 0.2703 0.2621 0.1948 0.0254 
         474  1 0.2417 0.2325 0.2343 0.2367 0.0548 
         475  1 0.2526 0.3095 0.2657 0.1592 0.0129 
         476  1 0.1474 0.1561 0.1333 0.1616 0.4017 
         477  1 0.2285 0.2080 0.2313 0.2153 0.1168 
         478  1 0.2341 0.2554 0.2575 0.1762 0.0768 
         479  1 0.2491 0.2512 0.2358 0.2045 0.0595 
         480  1 0.2140 0.2182 0.2532 0.2031 0.1115 
         481  1 0.2164 0.1852 0.1894 0.2732 0.1358 
         482  1 0.1945 0.1633 0.1692 0.2588 0.2143 
         483  1 0.2309 0.1952 0.2414 0.3102 0.0223 
         484  1 0.2020 0.1737 0.2121 0.2886 0.1237 
         485  1 0.1949 0.1817 0.1763 0.2294 0.2177 
         486  1 0.2140 0.2407 0.2274 0.1844 0.1335 
         487  1 0.2202 0.2389 0.2419 0.2507 0.0483 
         488  1 0.2021 0.1704 0.1749 0.2393 0.2133 
         489  1 0.2423 0.2154 0.2287 0.2824 0.0311 
         490  1 0.2288 0.2555 0.2123 0.2325 0.0708 
         491  1 0.2299 0.2294 0.2375 0.2301 0.0730 
         492  1 0.2049 0.1991 0.2300 0.2292 0.1368 
         493  1 0.2669 0.2226 0.2207 0.2705 0.0192 
         494  1 0.2392 0.2684 0.2598 0.2041 0.0285 
         495  1 0.2106 0.2506 0.2571 0.2031 0.0787 
         496  1 0.1940 0.1399 0.2144 0.3255 0.1262 
         497  1 0.2530 0.2541 0.2050 0.2481 0.0398 
         498  1 0.2660 0.2808 0.2253 0.2064 0.0216 
         499  1 0.1547 0.1599 0.1681 0.1170 0.4003 
         500  1 0.2746 0.2590 0.2442 0.1981 0.0241 
         501  1 0.2186 0.2471 0.1915 0.1686 0.1742 
         502  1 0.2572 0.2257 0.2239 0.2612 0.0320 
         503  1 0.2423 0.2021 0.2105 0.3212 0.0239 
         504  1 0.2853 0.3014 0.2052 0.1968 0.0113 
         505  1 0.0934 0.0858 0.0975 0.1243 0.5989 
         506  1 0.1077 0.0846 0.1260 0.1863 0.4954 
         507  1 0.2026 0.2051 0.2169 0.2125 0.1630 
         508  1 0.2401 0.2717 0.2293 0.2199 0.0390 
         509  1 0.1341 0.1331 0.1135 0.1174 0.5019 
         510  1 0.2387 0.2430 0.2246 0.2237 0.0699 
         511  1 0.2431 0.2441 0.2327 0.2445 0.0357 
         512  1 0.1812 0.1640 0.1809 0.1967 0.2771 
         513  1 0.2576 0.2658 0.2400 0.1807 0.0558 
         514  1 0.1738 0.1549 0.1744 0.1803 0.3166 
         515  1 0.2008 0.1806 0.2228 0.2814 0.1144 
         516  1 0.1751 0.1815 0.1826 0.2390 0.2217 
         517  1 0.2552 0.2760 0.2384 0.1964 0.0341 
         518  1 0.2279 0.2006 0.2549 0.2411 0.0756 
         519  1 0.2473 0.2490 0.2621 0.2260 0.0156 
         520  1 0.2500 0.2460 0.2219 0.1940 0.0880 
         521  1 0.2379 0.2580 0.2360 0.2128 0.0554 
         522  1 0.1369 0.1300 0.1547 0.1703 0.4081 
         523  1 0.2948 0.3044 0.2134 0.1654 0.0220 
         524  1 0.2335 0.2127 0.2408 0.2224 0.0906 
         525  1 0.1836 0.2321 0.2102 0.1416 0.2324 
         526  1 0.2723 0.2722 0.2348 0.2013 0.0194 
         527  1 0.1778 0.1681 0.1382 0.1356 0.3804 
         528  1 0.1802 0.1637 0.2103 0.2252 0.2206 
         529  1 0.2059 0.1799 0.2367 0.3292 0.0483 
         530  1 0.2182 0.2072 0.1836 0.2130 0.1779 
         531  1 0.2429 0.2503 0.2346 0.1938 0.0784 
         532  1 0.2470 0.2757 0.2192 0.2066 0.0514 
         533  1 0.2232 0.1947 0.2733 0.2686 0.0401 
         534  1 0.2794 0.2809 0.2082 0.1869 0.0446 
         535  1 0.2402 0.2092 0.2389 0.2294 0.0822 
         536  1 0.2349 0.2164 0.2331 0.2012 0.1145 
         537  1 0.2136 0.1523 0.2427 0.2894 0.1020 
         538  1 0.0870 0.1074 0.0966 0.0789 0.6301 
         539  1 0.2029 0.2070 0.1815 0.1955 0.2131 
         540  1 0.2605 0.2725 0.2124 0.2194 0.0352 
         541  1 0.2646 0.2699 0.2252 0.2180 0.0224 
         542  1 0.2478 0.2243 0.2522 0.2508 0.0249 
         543  1 0.2817 0.3062 0.2179 0.1751 0.0191 
         544  1 0.2243 0.2723 0.2463 0.2182 0.0389 
         545  1 0.2524 0.2230 0.2345 0.2471 0.0431 
         546  1 0.2879 0.2939 0.2427 0.1609 0.0146 
         547  1 0.2601 0.2620 0.2406 0.1791 0.0582 
         548  1 0.2770 0.2926 0.2268 0.1807 0.0229 
         549  1 0.2304 0.2816 0.2406 0.2169 0.0306 
         550  1 0.2642 0.2700 0.2456 0.2039 0.0163 
         551  1 0.2708 0.2705 0.1978 0.2341 0.0268 
         552  1 0.2344 0.2595 0.2700 0.1836 0.0525 
         553  1 0.2376 0.2467 0.2478 0.2151 0.0528 
         554  1 0.2371 0.2842 0.2595 0.1943 0.0248 
         555  1 0.2524 0.2117 0.2293 0.2165 0.0901 
         556  1 0.2227 0.1968 0.2212 0.2694 0.0900 
         557  1 0.1956 0.1589 0.2156 0.3010 0.1290 
         558  1 0.1730 0.1607 0.2088 0.2890 0.1684 
         559  1 0.0352 0.0312 0.0372 0.0421 0.8543 
         560  1 0.2219 0.2351 0.2382 0.2007 0.1041 
         561  1 0.0595 0.0557 0.0577 0.0617 0.7654 
         562  1 0.1722 0.1688 0.1857 0.2228 0.2504 
         563  1 0.0402 0.0418 0.0371 0.0368 0.8442 
         564  1 0.1346 0.1241 0.1331 0.1261 0.4821 
         565  1 0.0362 0.0325 0.0353 0.0315 0.8646 
         566  1 0.1866 0.1746 0.1790 0.1718 0.2878 
         567  1 0.1214 0.1330 0.1288 0.0958 0.5210 
         568  1 0.2473 0.2894 0.2228 0.1692 0.0713 
         569  1 0.1462 0.1305 0.1443 0.1391 0.4399 
         570  1 0.1841 0.1465 0.2032 0.2469 0.2192 
         571  1 0.1436 0.1477 0.1354 0.1671 0.4062 
         572  1 0.0820 0.0817 0.0901 0.0740 0.6722 
         573  1 0.0344 0.0327 0.0343 0.0342 0.8645 
         574  1 0.1602 0.1718 0.1883 0.2118 0.2680 
         575  1 0.1254 0.1249 0.1361 0.0951 0.5185 
         576  1 0.1157 0.1229 0.1119 0.0980 0.5515 
         577  1 0.0489 0.0538 0.0530 0.0413 0.8030 
         578  1 0.1194 0.1228 0.1217 0.1171 0.5190 
         579  1 0.0848 0.0772 0.0835 0.1011 0.6534 
         580  1 0.0446 0.0539 0.0468 0.0468 0.8078 
         581  1 0.1393 0.1449 0.1198 0.1004 0.4957 
         582  1 0.0577 0.0573 0.0617 0.0613 0.7620 
         583  1 0.0291 0.0281 0.0351 0.0391 0.8686 
         584  1 0.0353 0.0339 0.0434 0.0452 0.8421 
         585  1 0.0459 0.0423 0.0465 0.0409 0.8244 
         586  1 0.1445 0.1802 0.1549 0.1542 0.3663 
         587  1 0.2031 0.2124 0.1855 0.2051 0.1940 
         588  1 0.2008 0.1892 0.1794 0.1539 0.2767 
         589  1 0.1855 0.2204 0.1996 0.1704 0.2241 
         590  1 0.0217 0.0216 0.0257 0.0246 0.9064 
         591  1 0.0983 0.0974 0.1006 0.1043 0.5994 
         592  1 0.0698 0.0750 0.0755 0.0562 0.7235 
         593  1 0.0997 0.0850 0.1109 0.1311 0.5733 
         594  1 0.0221 0.0223 0.0228 0.0211 0.9117 
         595  1 0.0381 0.0331 0.0385 0.0421 0.8482 
         596  1 0.0739 0.0844 0.0810 0.0764 0.6843 
         597  1 0.0599 0.0580 0.0575 0.0794 0.7452 
         598  1 0.0153 0.0154 0.0153 0.0150 0.9389 
         599  1 0.0482 0.0398 0.0491 0.0571 0.8059 
         600  1 0.2029 0.1383 0.2387 0.3583 0.0618 
         601  1 0.0754 0.0676 0.0716 0.0908 0.6945 
         602  1 0.0154 0.0159 0.0158 0.0164 0.9366 
         603  1 0.1170 0.1020 0.1101 0.1012 0.5697 
         604  1 0.0742 0.0563 0.0876 0.1176 0.6643 
         605  1 0.0514 0.0526 0.0532 0.0617 0.7811 
         606  1 0.1842 0.2276 0.1841 0.1517 0.2524 
         607  1 0.1922 0.1621 0.2171 0.2399 0.1889 
         608  1 0.0540 0.0582 0.0567 0.0571 0.7739 
         609  1 0.1831 0.1813 0.1999 0.1746 0.2611 
         610  1 0.0289 0.0274 0.0324 0.0391 0.8721 
         611  1 0.1777 0.1739 0.1751 0.2068 0.2664 
         612  1 0.0210 0.0211 0.0226 0.0197 0.9156 
         613  1 0.1718 0.1503 0.1750 0.2265 0.2764 
         614  1 0.0659 0.0613 0.0645 0.0832 0.7250 
         615  1 0.0932 0.0642 0.1002 0.1262 0.6163 
         616  1 0.0967 0.0657 0.1118 0.1935 0.5323 
         617  1 0.1151 0.1075 0.1036 0.1095 0.5642 
         618  1 0.0332 0.0322 0.0305 0.0333 0.8708 
         619  1 0.0196 0.0195 0.0189 0.0192 0.9228 
         620  1 0.0167 0.0159 0.0167 0.0202 0.9305 
         621  1 0.0464 0.0458 0.0485 0.0578 0.8015 
         622  1 0.0317 0.0323 0.0353 0.0394 0.8613 
         623  1 0.0272 0.0294 0.0270 0.0236 0.8928 
         624  1 0.0534 0.0507 0.0475 0.0539 0.7946 
         625  1 0.0308 0.0324 0.0318 0.0289 0.8761 
         626  1 0.0145 0.0139 0.0138 0.0144 0.9434 
         627  1 0.0223 0.0218 0.0216 0.0253 0.9090 
         628  1 0.0196 0.0188 0.0175 0.0189 0.9252 
         629  1 0.0239 0.0235 0.0239 0.0274 0.9012 
         630  1 0.0353 0.0360 0.0347 0.0405 0.8536 
         631  1 0.0198 0.0189 0.0211 0.0205 0.9196 
         632  1 0.1418 0.1815 0.1522 0.1353 0.3893 
         633  1 0.0191 0.0188 0.0192 0.0166 0.9265 
         634  1 0.1449 0.1580 0.1587 0.1797 0.3587 
         635  1 0.1157 0.1146 0.1065 0.1001 0.5631 
         636  1 0.0618 0.0496 0.0764 0.1039 0.7082 
         637  1 0.0165 0.0157 0.0148 0.0152 0.9378 
         638  1 0.1070 0.1195 0.1563 0.0870 0.5301 
         639  1 0.0216 0.0194 0.0207 0.0245 0.9138 
         640  1 0.0325 0.0297 0.0337 0.0340 0.8701 
         641  1 0.0333 0.0349 0.0319 0.0310 0.8690 
         642  1 0.0534 0.0545 0.0664 0.0536 0.7722 
         643  1 0.0242 0.0252 0.0239 0.0244 0.9024 
         644  1 0.0483 0.0391 0.0508 0.0555 0.8064 
         645  1 0.0606 0.0477 0.0560 0.0693 0.7664 
         646  1 0.0340 0.0340 0.0356 0.0385 0.8578 
         647  1 0.1997 0.2248 0.2115 0.1577 0.2064 
         648  1 0.1562 0.1660 0.1381 0.1273 0.4123 
         649  1 0.0269 0.0247 0.0280 0.0347 0.8857 
         650  1 0.1254 0.0729 0.1625 0.2921 0.3471 
         651  1 0.0355 0.0363 0.0365 0.0368 0.8549 
         652  1 0.0475 0.0501 0.0534 0.0499 0.7991 
         653  1 0.0688 0.0680 0.0740 0.0553 0.7340 
         654  1 0.0260 0.0253 0.0263 0.0262 0.8962 
         655  1 0.0301 0.0330 0.0300 0.0278 0.8791 
         656  1 0.0129 0.0139 0.0128 0.0126 0.9479 
         657  1 0.0198 0.0194 0.0198 0.0216 0.9194 
         658  1 0.0454 0.0465 0.0522 0.0544 0.8015 
         659  1 0.1251 0.1183 0.1532 0.1820 0.4213 
         660  1 0.0200 0.0211 0.0182 0.0181 0.9226 
         661  1 0.1455 0.1464 0.1753 0.1622 0.3706 
         662  1 0.0182 0.0192 0.0184 0.0189 0.9254 
         663  1 0.0683 0.0730 0.0683 0.0693 0.7210 
         664  1 0.0650 0.0613 0.0595 0.0669 0.7473 
         665  1 0.0219 0.0219 0.0229 0.0214 0.9118 
         666  1 0.0265 0.0287 0.0264 0.0248 0.8936 
         667  1 0.0565 0.0525 0.0581 0.0573 0.7756 
         668  1 0.0534 0.0436 0.0566 0.0662 0.7801 
