           1  1 0.2961 0.2897 0.4142 
           2  1 0.3920 0.4153 0.1927 
           3  1 0.4172 0.3977 0.1851 
           4  1 0.3343 0.3536 0.3121 
           5  1 0.4843 0.4248 0.0909 
           6  1 0.3775 0.4030 0.2196 
           7  1 0.4969 0.4202 0.0829 
           8  1 0.1585 0.1572 0.6843 
           9  1 0.4546 0.4766 0.0688 
          10  1 0.4513 0.4073 0.1414 
          11  1 0.4542 0.4651 0.0807 
          12  1 0.4275 0.4344 0.1381 
          13  1 0.4216 0.4597 0.1188 
          14  1 0.4240 0.4013 0.1747 
          15  1 0.3798 0.3823 0.2378 
          16  1 0.4592 0.4163 0.1245 
          17  1 0.4291 0.4507 0.1202 
          18  1 0.2647 0.2777 0.4576 
          19  1 0.3903 0.3230 0.2867 
          20  1 0.4748 0.4418 0.0834 
          21  1 0.4277 0.4333 0.1390 
          22  1 0.4311 0.5025 0.0665 
          23  1 0.3558 0.3741 0.2702 
          24  1 0.3969 0.4340 0.1691 
          25  1 0.4197 0.4563 0.1240 
          26  1 0.4444 0.4242 0.1314 
          27  1 0.4356 0.3846 0.1798 
          28  1 0.4145 0.4557 0.1298 
          29  1 0.4401 0.4922 0.0677 
          30  1 0.4478 0.4169 0.1354 
          31  1 0.3540 0.3836 0.2624 
          32  1 0.4349 0.4647 0.1004 
          33  1 0.3876 0.4017 0.2107 
          34  1 0.3770 0.4089 0.2141 
          35  1 0.4220 0.4101 0.1679 
          36  1 0.4540 0.4723 0.0737 
          37  1 0.4926 0.4145 0.0929 
          38  1 0.4624 0.4612 0.0764 
          39  1 0.4097 0.4221 0.1682 
          40  1 0.2310 0.2421 0.5269 
          41  1 0.4791 0.4005 0.1203 
          42  1 0.4326 0.4854 0.0820 
          43  1 0.4255 0.3644 0.2101 
          44  1 0.4382 0.4254 0.1363 
          45  1 0.4523 0.4752 0.0724 
          46  1 0.4174 0.4627 0.1199 
          47  1 0.3878 0.4124 0.1998 
          48  1 0.2895 0.3206 0.3899 
          49  1 0.4337 0.4386 0.1276 
          50  1 0.4452 0.4947 0.0601 
          51  1 0.3871 0.4102 0.2027 
          52  1 0.4936 0.4130 0.0933 
          53  1 0.4183 0.4608 0.1209 
          54  1 0.3563 0.3570 0.2867 
          55  1 0.2199 0.2271 0.5531 
          56  1 0.4692 0.3922 0.1386 
          57  1 0.4534 0.4958 0.0507 
          58  1 0.4020 0.4748 0.1232 
          59  1 0.4405 0.5010 0.0585 
          60  1 0.4523 0.4632 0.0845 
          61  1 0.2804 0.2737 0.4459 
          62  1 0.4456 0.4980 0.0564 
          63  1 0.3812 0.4419 0.1769 
          64  1 0.4752 0.4165 0.1083 
          65  1 0.4542 0.3890 0.1568 
          66  1 0.4180 0.4486 0.1334 
          67  1 0.4352 0.4848 0.0800 
          68  1 0.4296 0.4839 0.0865 
          69  1 0.3841 0.4235 0.1924 
          70  1 0.3368 0.3425 0.3207 
          71  1 0.2859 0.2971 0.4170 
          72  1 0.4348 0.4887 0.0765 
          73  1 0.3434 0.3517 0.3049 
          74  1 0.3703 0.4051 0.2247 
          75  1 0.4368 0.4411 0.1221 
          76  1 0.3513 0.3126 0.3361 
          77  1 0.3280 0.3513 0.3207 
          78  1 0.3918 0.3635 0.2448 
          79  1 0.5209 0.4069 0.0723 
          80  1 0.3421 0.3389 0.3189 
          81  1 0.2898 0.2938 0.4164 
          82  1 0.3786 0.3970 0.2244 
          83  1 0.3524 0.3672 0.2804 
          84  1 0.3777 0.3639 0.2584 
          85  1 0.3959 0.4486 0.1555 
          86  1 0.2678 0.2715 0.4607 
          87  1 0.4228 0.4732 0.1040 
          88  1 0.3797 0.4402 0.1801 
          89  1 0.3972 0.3810 0.2218 
          90  1 0.2348 0.2497 0.5155 
          91  1 0.3649 0.3747 0.2605 
          92  1 0.3825 0.4257 0.1919 
          93  1 0.3808 0.4351 0.1841 
          94  1 0.2448 0.1937 0.5614 
          95  1 0.4412 0.4297 0.1290 
          96  1 0.4541 0.3449 0.2010 
          97  1 0.4332 0.4620 0.1048 
          98  1 0.4087 0.4710 0.1202 
          99  1 0.4469 0.4339 0.1191 
         100  1 0.4074 0.4077 0.1849 
         101  1 0.3511 0.3339 0.3151 
         102  1 0.4217 0.4865 0.0918 
         103  1 0.1894 0.2029 0.6077 
         104  1 0.4212 0.4301 0.1487 
         105  1 0.4405 0.3781 0.1815 
         106  1 0.4107 0.3886 0.2007 
         107  1 0.3833 0.4082 0.2086 
         108  1 0.4199 0.4085 0.1716 
         109  1 0.3965 0.4168 0.1867 
         110  1 0.4543 0.4120 0.1337 
         111  1 0.3784 0.4040 0.2176 
         112  1 0.3632 0.3884 0.2484 
         113  1 0.4645 0.4474 0.0881 
         114  1 0.3674 0.3347 0.2979 
         115  1 0.3930 0.4111 0.1959 
         116  1 0.4084 0.4747 0.1169 
         117  1 0.4230 0.3795 0.1975 
         118  1 0.3927 0.3818 0.2255 
         119  1 0.4137 0.3817 0.2046 
         120  1 0.2321 0.2367 0.5312 
         121  1 0.3989 0.3989 0.2022 
         122  1 0.3869 0.4364 0.1767 
         123  1 0.4145 0.4830 0.1025 
         124  1 0.4311 0.4652 0.1037 
         125  1 0.3372 0.3012 0.3616 
         126  1 0.4268 0.4710 0.1022 
         127  1 0.3956 0.4307 0.1737 
         128  1 0.4417 0.4539 0.1044 
         129  1 0.2402 0.2158 0.5440 
         130  1 0.3788 0.3524 0.2688 
         131  1 0.4030 0.4243 0.1727 
         132  1 0.4398 0.4344 0.1258 
         133  1 0.4723 0.4357 0.0920 
         134  1 0.4484 0.3724 0.1792 
         135  1 0.1466 0.1360 0.7174 
         136  1 0.3827 0.4141 0.2032 
         137  1 0.2901 0.2517 0.4583 
         138  1 0.4358 0.4467 0.1175 
         139  1 0.3876 0.3847 0.2277 
         140  1 0.4187 0.3688 0.2124 
         141  1 0.3364 0.3425 0.3211 
         142  1 0.3174 0.3255 0.3571 
         143  1 0.4004 0.3807 0.2189 
         144  1 0.4063 0.4882 0.1054 
         145  1 0.4293 0.4909 0.0798 
         146  1 0.3258 0.3324 0.3418 
         147  1 0.4292 0.4687 0.1021 
         148  1 0.4314 0.4448 0.1238 
         149  1 0.3761 0.3345 0.2894 
         150  1 0.2820 0.2713 0.4467 
         151  1 0.3749 0.3600 0.2651 
         152  1 0.3749 0.3988 0.2262 
         153  1 0.4269 0.3709 0.2022 
         154  1 0.4706 0.4281 0.1013 
         155  1 0.3681 0.3894 0.2425 
         156  1 0.4409 0.3755 0.1836 
         157  1 0.4182 0.4290 0.1528 
         158  1 0.2660 0.2663 0.4677 
         159  1 0.4116 0.4301 0.1583 
         160  1 0.4264 0.4307 0.1429 
         161  1 0.2731 0.2571 0.4698 
         162  1 0.4547 0.4182 0.1271 
         163  1 0.3507 0.3617 0.2876 
         164  1 0.3754 0.4135 0.2111 
         165  1 0.4366 0.4388 0.1246 
         166  1 0.3550 0.3742 0.2708 
         167  1 0.4182 0.4351 0.1467 
         168  1 0.2793 0.2845 0.4362 
         169  1 0.4050 0.3894 0.2057 
         170  1 0.4489 0.4505 0.1006 
         171  1 0.4267 0.4250 0.1482 
         172  1 0.4048 0.4636 0.1316 
         173  1 0.3654 0.3852 0.2493 
         174  1 0.3968 0.4109 0.1922 
         175  1 0.4161 0.4271 0.1568 
         176  1 0.3465 0.3181 0.3354 
         177  1 0.3126 0.3374 0.3500 
         178  1 0.4065 0.4357 0.1579 
         179  1 0.4168 0.4185 0.1647 
         180  1 0.4955 0.4569 0.0476 
         181  1 0.3390 0.3606 0.3003 
         182  1 0.1975 0.1973 0.6052 
         183  1 0.3006 0.2849 0.4145 
         184  1 0.3553 0.3326 0.3121 
         185  1 0.3531 0.3592 0.2877 
         186  1 0.4449 0.3911 0.1640 
         187  1 0.4697 0.4088 0.1216 
         188  1 0.4258 0.4187 0.1555 
         189  1 0.4313 0.4228 0.1459 
         190  1 0.3949 0.3690 0.2361 
         191  1 0.4221 0.4539 0.1240 
         192  1 0.1238 0.1128 0.7634 
         193  1 0.1584 0.1503 0.6913 
         194  1 0.2826 0.2811 0.4363 
         195  1 0.3895 0.3568 0.2537 
         196  1 0.4304 0.4656 0.1041 
         197  1 0.3437 0.3370 0.3193 
         198  1 0.4063 0.4485 0.1453 
         199  1 0.3324 0.3557 0.3119 
         200  1 0.3359 0.3342 0.3300 
         201  1 0.2797 0.2744 0.4460 
         202  1 0.4645 0.4818 0.0537 
         203  1 0.3445 0.3388 0.3167 
         204  1 0.4750 0.4373 0.0877 
         205  1 0.4465 0.4577 0.0958 
         206  1 0.4424 0.4195 0.1381 
         207  1 0.4346 0.4216 0.1438 
         208  1 0.4349 0.4836 0.0815 
         209  1 0.2309 0.2483 0.5207 
         210  1 0.4685 0.4244 0.1071 
         211  1 0.3960 0.4397 0.1643 
         212  1 0.2944 0.3242 0.3814 
         213  1 0.3914 0.3782 0.2304 
         214  1 0.4261 0.3695 0.2044 
         215  1 0.3698 0.3728 0.2573 
         216  1 0.3845 0.4360 0.1794 
         217  1 0.4504 0.3818 0.1677 
         218  1 0.4639 0.4327 0.1033 
         219  1 0.4431 0.4700 0.0869 
         220  1 0.3048 0.2960 0.3992 
         221  1 0.3910 0.4027 0.2062 
         222  1 0.3342 0.3468 0.3190 
         223  1 0.2156 0.2075 0.5770 
         224  1 0.3909 0.4130 0.1960 
         225  1 0.4150 0.4664 0.1186 
         226  1 0.4124 0.4750 0.1126 
         227  1 0.3023 0.2908 0.4068 
         228  1 0.3929 0.3681 0.2390 
         229  1 0.4282 0.4772 0.0946 
         230  1 0.4003 0.3886 0.2112 
         231  1 0.4390 0.4795 0.0815 
         232  1 0.4203 0.4520 0.1277 
         233  1 0.3929 0.3971 0.2100 
         234  1 0.4547 0.4317 0.1136 
         235  1 0.4301 0.4849 0.0850 
         236  1 0.4250 0.4645 0.1105 
         237  1 0.3933 0.4729 0.1338 
         238  1 0.3521 0.3460 0.3019 
         239  1 0.4591 0.4998 0.0412 
         240  1 0.2634 0.2522 0.4844 
         241  1 0.4541 0.4317 0.1142 
         242  1 0.3657 0.3791 0.2551 
         243  1 0.4223 0.4624 0.1153 
         244  1 0.3921 0.4143 0.1936 
         245  1 0.4259 0.4769 0.0973 
         246  1 0.4569 0.4895 0.0536 
         247  1 0.3428 0.3812 0.2760 
         248  1 0.3465 0.3746 0.2789 
         249  1 0.2481 0.2471 0.5047 
         250  1 0.4242 0.4229 0.1529 
         251  1 0.4458 0.3950 0.1592 
         252  1 0.4388 0.4923 0.0689 
         253  1 0.2296 0.2187 0.5517 
         254  1 0.1011 0.0960 0.8029 
         255  1 0.3691 0.3780 0.2529 
         256  1 0.4498 0.3979 0.1523 
         257  1 0.3043 0.3142 0.3814 
         258  1 0.3886 0.4369 0.1745 
         259  1 0.4209 0.4226 0.1565 
         260  1 0.4173 0.5248 0.0580 
         261  1 0.4248 0.4511 0.1242 
         262  1 0.4461 0.4395 0.1144 
         263  1 0.3466 0.3870 0.2664 
         264  1 0.4238 0.4729 0.1033 
         265  1 0.2931 0.2946 0.4123 
         266  1 0.4136 0.4456 0.1408 
         267  1 0.4177 0.4229 0.1594 
         268  1 0.4407 0.3998 0.1595 
         269  1 0.3764 0.4139 0.2097 
         270  1 0.2206 0.1756 0.6037 
         271  1 0.3958 0.4034 0.2008 
         272  1 0.4132 0.4414 0.1454 
         273  1 0.4445 0.4760 0.0795 
         274  1 0.4338 0.4953 0.0709 
         275  1 0.3963 0.4160 0.1877 
         276  1 0.4163 0.4258 0.1578 
         277  1 0.3635 0.3769 0.2596 
         278  1 0.3525 0.3382 0.3092 
         279  1 0.4972 0.4491 0.0536 
         280  1 0.4187 0.4709 0.1104 
         281  1 0.2627 0.2696 0.4677 
         282  1 0.4192 0.4617 0.1191 
         283  1 0.4716 0.4547 0.0737 
         284  1 0.4661 0.4339 0.1000 
         285  1 0.3984 0.4187 0.1829 
         286  1 0.2491 0.2495 0.5014 
         287  1 0.4210 0.4373 0.1417 
         288  1 0.4442 0.4449 0.1109 
         289  1 0.4132 0.4121 0.1747 
         290  1 0.4277 0.4645 0.1078 
         291  1 0.4104 0.3957 0.1939 
         292  1 0.3768 0.3504 0.2727 
         293  1 0.5062 0.3955 0.0982 
         294  1 0.4405 0.4184 0.1412 
         295  1 0.4424 0.3777 0.1798 
         296  1 0.2506 0.2756 0.4738 
         297  1 0.4270 0.4078 0.1653 
         298  1 0.4280 0.4994 0.0726 
         299  1 0.3870 0.3956 0.2175 
         300  1 0.3206 0.3150 0.3644 
         301  1 0.2553 0.2634 0.4813 
         302  1 0.4108 0.3917 0.1976 
         303  1 0.3894 0.4362 0.1744 
         304  1 0.3932 0.4649 0.1419 
         305  1 0.4178 0.4525 0.1296 
         306  1 0.3274 0.3340 0.3386 
         307  1 0.4429 0.4676 0.0895 
         308  1 0.4131 0.4069 0.1800 
         309  1 0.4385 0.3902 0.1713 
         310  1 0.4273 0.3505 0.2223 
         311  1 0.4399 0.4396 0.1205 
         312  1 0.4138 0.3979 0.1883 
         313  1 0.4456 0.4473 0.1071 
         314  1 0.4134 0.4662 0.1204 
         315  1 0.4469 0.4509 0.1022 
         316  1 0.2196 0.2174 0.5630 
         317  1 0.4204 0.4275 0.1521 
         318  1 0.4466 0.4351 0.1183 
         319  1 0.4598 0.3872 0.1530 
         320  1 0.4025 0.4471 0.1504 
         321  1 0.1970 0.1942 0.6088 
         322  1 0.4056 0.3979 0.1965 
         323  1 0.4041 0.4149 0.1809 
         324  1 0.3943 0.4025 0.2033 
         325  1 0.4351 0.4702 0.0947 
         326  1 0.4412 0.4548 0.1041 
         327  1 0.2883 0.2534 0.4583 
         328  1 0.4581 0.4888 0.0531 
         329  1 0.4829 0.3896 0.1275 
         330  1 0.3480 0.3399 0.3121 
         331  1 0.3767 0.4238 0.1995 
         332  1 0.4554 0.4633 0.0813 
         333  1 0.4489 0.4360 0.1151 
         334  1 0.4040 0.4262 0.1698 
         335  1 0.2554 0.2399 0.5047 
         336  1 0.3291 0.3784 0.2925 
         337  1 0.4873 0.4357 0.0770 
         338  1 0.4129 0.4946 0.0925 
         339  1 0.4290 0.3593 0.2117 
         340  1 0.1994 0.2111 0.5896 
         341  1 0.3374 0.3529 0.3097 
         342  1 0.4300 0.4430 0.1270 
         343  1 0.4351 0.4429 0.1220 
         344  1 0.4012 0.3972 0.2016 
         345  1 0.4290 0.4583 0.1127 
         346  1 0.4585 0.4215 0.1200 
         347  1 0.4183 0.4188 0.1629 
         348  1 0.3854 0.4176 0.1970 
         349  1 0.3633 0.3841 0.2525 
         350  1 0.2942 0.3051 0.4008 
         351  1 0.4269 0.3716 0.2015 
         352  1 0.4566 0.4670 0.0764 
         353  1 0.1108 0.1031 0.7861 
         354  1 0.4053 0.4829 0.1118 
         355  1 0.4601 0.4345 0.1054 
         356  1 0.3830 0.3962 0.2208 
         357  1 0.3975 0.3798 0.2227 
         358  1 0.4391 0.4324 0.1285 
         359  1 0.3143 0.3509 0.3348 
         360  1 0.3737 0.3462 0.2801 
         361  1 0.4230 0.4264 0.1506 
         362  1 0.2585 0.2312 0.5103 
         363  1 0.2728 0.3046 0.4226 
         364  1 0.3596 0.3452 0.2952 
         365  1 0.2222 0.2339 0.5440 
         366  1 0.3753 0.3707 0.2541 
         367  1 0.1154 0.1144 0.7702 
         368  1 0.4306 0.4417 0.1277 
         369  1 0.4500 0.4402 0.1098 
         370  1 0.3732 0.3687 0.2581 
         371  1 0.3249 0.3310 0.3442 
         372  1 0.4063 0.4480 0.1457 
         373  1 0.3246 0.3245 0.3509 
         374  1 0.4168 0.3876 0.1957 
         375  1 0.3824 0.3434 0.2742 
         376  1 0.3345 0.3187 0.3468 
         377  1 0.4466 0.4003 0.1531 
         378  1 0.4127 0.4617 0.1256 
         379  1 0.4076 0.3621 0.2303 
         380  1 0.4030 0.3538 0.2432 
         381  1 0.4182 0.4320 0.1497 
         382  1 0.4482 0.4413 0.1105 
         383  1 0.4065 0.3991 0.1944 
         384  1 0.4445 0.4905 0.0650 
         385  1 0.3233 0.3173 0.3594 
         386  1 0.4325 0.4409 0.1266 
         387  1 0.3430 0.3006 0.3564 
         388  1 0.1505 0.1393 0.7101 
         389  1 0.1944 0.1710 0.6346 
         390  1 0.4411 0.4241 0.1348 
         391  1 0.4010 0.4090 0.1900 
         392  1 0.3293 0.3571 0.3136 
         393  1 0.4640 0.4364 0.0996 
         394  1 0.3915 0.3638 0.2446 
         395  1 0.3375 0.3375 0.3250 
         396  1 0.4624 0.3960 0.1416 
         397  1 0.2221 0.2259 0.5520 
         398  1 0.4790 0.4447 0.0763 
         399  1 0.4238 0.5081 0.0682 
         400  1 0.3811 0.3667 0.2522 
         401  1 0.3166 0.2979 0.3855 
         402  1 0.3921 0.3858 0.2221 
         403  1 0.2831 0.2678 0.4490 
         404  1 0.4025 0.4339 0.1636 
         405  1 0.4659 0.4110 0.1231 
         406  1 0.1429 0.1396 0.7175 
         407  1 0.2250 0.2316 0.5433 
         408  1 0.4722 0.4479 0.0800 
         409  1 0.4169 0.3748 0.2083 
         410  1 0.2613 0.2749 0.4637 
         411  1 0.4632 0.4222 0.1145 
         412  1 0.4164 0.3997 0.1838 
         413  1 0.4376 0.4897 0.0727 
         414  1 0.3148 0.2894 0.3958 
         415  1 0.3933 0.3981 0.2086 
         416  1 0.4609 0.4386 0.1006 
         417  1 0.3045 0.3059 0.3897 
         418  1 0.4696 0.4425 0.0879 
         419  1 0.3334 0.3777 0.2889 
         420  1 0.1887 0.1897 0.6216 
         421  1 0.4064 0.4397 0.1539 
         422  1 0.4368 0.4832 0.0800 
         423  1 0.4533 0.4368 0.1099 
         424  1 0.2579 0.2790 0.4631 
         425  1 0.2817 0.3016 0.4167 
         426  1 0.4043 0.3740 0.2217 
         427  1 0.4536 0.4531 0.0934 
         428  1 0.4377 0.3864 0.1759 
         429  1 0.1970 0.1898 0.6133 
         430  1 0.4052 0.4256 0.1692 
         431  1 0.4179 0.4740 0.1082 
         432  1 0.4712 0.4452 0.0836 
         433  1 0.4542 0.4738 0.0719 
         434  1 0.4439 0.4232 0.1330 
         435  1 0.3530 0.3818 0.2651 
         436  1 0.4215 0.4206 0.1579 
         437  1 0.4815 0.4027 0.1158 
         438  1 0.4237 0.4127 0.1635 
         439  1 0.3969 0.3493 0.2538 
         440  1 0.4321 0.4934 0.0745 
         441  1 0.3082 0.3177 0.3741 
         442  1 0.2596 0.2599 0.4805 
         443  1 0.4815 0.4168 0.1017 
         444  1 0.4897 0.4458 0.0645 
         445  1 0.4555 0.3984 0.1461 
         446  1 0.3973 0.4466 0.1561 
         447  1 0.2280 0.2536 0.5184 
         448  1 0.4249 0.4111 0.1641 
         449  1 0.4622 0.4404 0.0974 
         450  1 0.2481 0.2646 0.4873 
         451  1 0.2192 0.2091 0.5717 
         452  1 0.4451 0.4607 0.0942 
         453  1 0.3775 0.3680 0.2545 
         454  1 0.3974 0.3992 0.2034 
         455  1 0.4034 0.4529 0.1437 
         456  1 0.3840 0.3869 0.2290 
         457  1 0.4443 0.4792 0.0764 
         458  1 0.4218 0.4499 0.1282 
         459  1 0.2779 0.2631 0.4589 
         460  1 0.1696 0.1578 0.6726 
         461  1 0.3833 0.3878 0.2289 
         462  1 0.4532 0.4229 0.1239 
         463  1 0.4215 0.4851 0.0933 
         464  1 0.4396 0.4489 0.1115 
         465  1 0.3487 0.3914 0.2600 
         466  1 0.2319 0.2313 0.5368 
         467  1 0.4673 0.4222 0.1105 
         468  1 0.4073 0.4414 0.1513 
         469  1 0.4447 0.4871 0.0681 
         470  1 0.2934 0.3023 0.4043 
         471  1 0.2915 0.3131 0.3954 
         472  1 0.4123 0.3629 0.2248 
         473  1 0.4773 0.4217 0.1010 
         474  1 0.3891 0.4242 0.1867 
         475  1 0.4670 0.4763 0.0567 
         476  1 0.2132 0.2210 0.5658 
         477  1 0.3359 0.3652 0.2989 
         478  1 0.3944 0.3698 0.2358 
         479  1 0.3757 0.3907 0.2335 
         480  1 0.3057 0.3245 0.3698 
         481  1 0.3100 0.3248 0.3651 
         482  1 0.2569 0.2907 0.4524 
         483  1 0.4598 0.4455 0.0947 
         484  1 0.3467 0.3228 0.3306 
         485  1 0.2694 0.2830 0.4476 
         486  1 0.3468 0.3433 0.3098 
         487  1 0.3768 0.4058 0.2174 
         488  1 0.2978 0.2619 0.4403 
         489  1 0.4267 0.4371 0.1362 
         490  1 0.3975 0.3570 0.2455 
         491  1 0.3696 0.3834 0.2470 
         492  1 0.3003 0.2764 0.4233 
         493  1 0.4232 0.4956 0.0812 
         494  1 0.4414 0.4395 0.1191 
         495  1 0.4002 0.3412 0.2586 
         496  1 0.3347 0.3095 0.3558 
         497  1 0.4255 0.4234 0.1512 
         498  1 0.4331 0.4768 0.0900 
         499  1 0.2315 0.2290 0.5395 
         500  1 0.4225 0.4724 0.1051 
         501  1 0.3191 0.3284 0.3524 
         502  1 0.4350 0.4395 0.1255 
         503  1 0.4150 0.4685 0.1165 
         504  1 0.4539 0.5005 0.0456 
         505  1 0.1464 0.1530 0.7006 
         506  1 0.2072 0.1852 0.6076 
         507  1 0.3157 0.2839 0.4004 
         508  1 0.4196 0.4369 0.1435 
         509  1 0.1915 0.2056 0.6029 
         510  1 0.3762 0.4144 0.2094 
         511  1 0.4462 0.4114 0.1424 
         512  1 0.2902 0.2791 0.4307 
         513  1 0.4048 0.4319 0.1633 
         514  1 0.2628 0.2584 0.4788 
         515  1 0.3563 0.3439 0.2997 
         516  1 0.2535 0.2684 0.4781 
         517  1 0.4895 0.4001 0.1104 
         518  1 0.4107 0.3414 0.2479 
         519  1 0.4801 0.4609 0.0590 
         520  1 0.3927 0.3879 0.2194 
         521  1 0.4189 0.3996 0.1814 
         522  1 0.1932 0.1886 0.6182 
         523  1 0.4326 0.4819 0.0855 
         524  1 0.3849 0.3640 0.2511 
         525  1 0.2734 0.2479 0.4787 
         526  1 0.4458 0.4728 0.0815 
         527  1 0.2116 0.2265 0.5619 
         528  1 0.2617 0.2703 0.4679 
         529  1 0.3952 0.4142 0.1906 
         530  1 0.2877 0.2982 0.4141 
         531  1 0.3633 0.3921 0.2445 
         532  1 0.4016 0.4104 0.1880 
         533  1 0.4451 0.4032 0.1517 
         534  1 0.3893 0.4285 0.1823 
         535  1 0.3563 0.3674 0.2763 
         536  1 0.3410 0.3513 0.3077 
         537  1 0.3760 0.3052 0.3188 
         538  1 0.1328 0.1335 0.7337 
         539  1 0.2817 0.2949 0.4235 
         540  1 0.4119 0.4520 0.1362 
         541  1 0.4207 0.4879 0.0914 
         542  1 0.4608 0.4382 0.1010 
         543  1 0.4478 0.4766 0.0756 
         544  1 0.4219 0.4253 0.1529 
         545  1 0.3831 0.4480 0.1689 
         546  1 0.4246 0.5148 0.0606 
         547  1 0.3921 0.4003 0.2075 
         548  1 0.4297 0.4880 0.0822 
         549  1 0.4589 0.4214 0.1196 
         550  1 0.4318 0.4963 0.0719 
         551  1 0.4086 0.4777 0.1137 
         552  1 0.4351 0.3849 0.1800 
         553  1 0.3855 0.4242 0.1903 
         554  1 0.4386 0.4525 0.1089 
         555  1 0.4192 0.3327 0.2480 
         556  1 0.3865 0.3804 0.2331 
         557  1 0.3360 0.3352 0.3287 
         558  1 0.3134 0.2923 0.3943 
         559  1 0.0877 0.0812 0.8311 
         560  1 0.3239 0.3559 0.3202 
         561  1 0.1624 0.1071 0.7304 
         562  1 0.2417 0.2578 0.5005 
         563  1 0.0877 0.0832 0.8291 
         564  1 0.2475 0.1992 0.5533 
         565  1 0.0875 0.0887 0.8238 
         566  1 0.2348 0.2421 0.5230 
         567  1 0.1941 0.1860 0.6199 
         568  1 0.3779 0.4063 0.2158 
         569  1 0.2062 0.1724 0.6214 
         570  1 0.3038 0.2946 0.4017 
         571  1 0.2057 0.1828 0.6115 
         572  1 0.1827 0.1480 0.6693 
         573  1 0.0873 0.0871 0.8257 
         574  1 0.2423 0.2355 0.5221 
         575  1 0.1767 0.1752 0.6481 
         576  1 0.1800 0.1814 0.6386 
         577  1 0.1107 0.1106 0.7787 
         578  1 0.1655 0.1723 0.6623 
         579  1 0.1392 0.1424 0.7184 
         580  1 0.0851 0.0882 0.8267 
         581  1 0.2081 0.2258 0.5661 
         582  1 0.1200 0.1148 0.7653 
         583  1 0.0757 0.0740 0.8503 
         584  1 0.1141 0.1003 0.7856 
         585  1 0.0915 0.0929 0.8156 
         586  1 0.2170 0.2032 0.5799 
         587  1 0.2713 0.2670 0.4616 
         588  1 0.2524 0.2551 0.4925 
         589  1 0.2997 0.2513 0.4489 
         590  1 0.0751 0.0689 0.8560 
         591  1 0.1758 0.1596 0.6646 
         592  1 0.1354 0.1224 0.7422 
         593  1 0.1824 0.1766 0.6410 
         594  1 0.0685 0.0696 0.8619 
         595  1 0.0942 0.0825 0.8234 
         596  1 0.1398 0.1361 0.7241 
         597  1 0.1163 0.1115 0.7722 
         598  1 0.0551 0.0508 0.8941 
         599  1 0.1201 0.1109 0.7690 
         600  1 0.3882 0.3451 0.2667 
         601  1 0.1361 0.1170 0.7469 
         602  1 0.0557 0.0521 0.8922 
         603  1 0.1805 0.1495 0.6701 
         604  1 0.1095 0.1082 0.7823 
         605  1 0.0915 0.0946 0.8139 
         606  1 0.2556 0.2539 0.4905 
         607  1 0.2517 0.2495 0.4988 
         608  1 0.1133 0.0977 0.7890 
         609  1 0.2559 0.2198 0.5243 
         610  1 0.0769 0.0748 0.8483 
         611  1 0.2450 0.2207 0.5342 
         612  1 0.0716 0.0662 0.8622 
         613  1 0.2552 0.2467 0.4981 
         614  1 0.1179 0.1175 0.7646 
         615  1 0.2005 0.1493 0.6502 
         616  1 0.1265 0.1235 0.7500 
         617  1 0.1755 0.1909 0.6336 
         618  1 0.0866 0.0821 0.8312 
         619  1 0.0685 0.0641 0.8674 
         620  1 0.0536 0.0530 0.8934 
         621  1 0.1131 0.1042 0.7827 
         622  1 0.0968 0.0948 0.8084 
         623  1 0.0842 0.0833 0.8326 
         624  1 0.1148 0.1167 0.7686 
         625  1 0.0918 0.0879 0.8203 
         626  1 0.0550 0.0505 0.8945 
         627  1 0.0819 0.0673 0.8508 
         628  1 0.0622 0.0648 0.8730 
         629  1 0.0758 0.0721 0.8522 
         630  1 0.1083 0.0965 0.7952 
         631  1 0.0648 0.0630 0.8722 
         632  1 0.2436 0.1776 0.5788 
         633  1 0.0636 0.0610 0.8754 
         634  1 0.1792 0.1974 0.6234 
         635  1 0.1707 0.1665 0.6628 
         636  1 0.1172 0.1062 0.7767 
         637  1 0.0570 0.0543 0.8887 
         638  1 0.1593 0.1533 0.6874 
         639  1 0.0935 0.0666 0.8399 
         640  1 0.0926 0.0827 0.8247 
         641  1 0.0883 0.0860 0.8258 
         642  1 0.1050 0.1041 0.7909 
         643  1 0.0781 0.0798 0.8421 
         644  1 0.1380 0.1084 0.7536 
         645  1 0.1604 0.1067 0.7329 
         646  1 0.0995 0.0950 0.8055 
         647  1 0.2931 0.2864 0.4204 
         648  1 0.2205 0.1914 0.5880 
         649  1 0.0768 0.0767 0.8465 
         650  1 0.1763 0.1639 0.6598 
         651  1 0.1170 0.0908 0.7922 
         652  1 0.1471 0.1156 0.7373 
         653  1 0.1386 0.1404 0.7210 
         654  1 0.0842 0.0812 0.8346 
         655  1 0.0814 0.0835 0.8351 
         656  1 0.0483 0.0472 0.9045 
         657  1 0.0632 0.0598 0.8770 
         658  1 0.1026 0.1033 0.7941 
         659  1 0.2077 0.1911 0.6013 
         660  1 0.0588 0.0555 0.8857 
         661  1 0.2516 0.2392 0.5092 
         662  1 0.0606 0.0598 0.8795 
         663  1 0.1368 0.1337 0.7296 
         664  1 0.1178 0.1240 0.7582 
         665  1 0.0833 0.0666 0.8502 
         666  1 0.0680 0.0652 0.8668 
         667  1 0.1152 0.1082 0.7766 
         668  1 0.1308 0.1040 0.7652 
