           1  1 0.1168 0.1223 0.1168 0.0913 0.0793 0.0885 0.1186 0.0927 0.0796 0.0940 
           2  1 0.1103 0.1091 0.1235 0.1106 0.0389 0.0987 0.1183 0.1072 0.0811 0.1023 
           3  1 0.1032 0.1133 0.1286 0.1070 0.0258 0.0841 0.1204 0.1203 0.0880 0.1094 
           4  1 0.1186 0.1161 0.1019 0.1016 0.0755 0.0794 0.1081 0.1064 0.0952 0.0971 
           5  1 0.1119 0.1346 0.1153 0.1106 0.0150 0.0790 0.1058 0.1260 0.0992 0.1026 
           6  1 0.1192 0.1108 0.1124 0.1107 0.0438 0.0917 0.1031 0.1054 0.1040 0.0988 
           7  1 0.1223 0.1232 0.0917 0.1194 0.0132 0.0743 0.1462 0.0977 0.0985 0.1137 
           8  1 0.0652 0.0654 0.0601 0.0684 0.3620 0.0939 0.0687 0.0671 0.0744 0.0749 
           9  1 0.1393 0.1364 0.1131 0.1072 0.0107 0.0704 0.0987 0.1134 0.1112 0.0997 
          10  1 0.1214 0.1057 0.0915 0.1133 0.0201 0.0886 0.1349 0.1000 0.1122 0.1123 
          11  1 0.1226 0.1132 0.1123 0.1122 0.0159 0.0702 0.1269 0.1172 0.0952 0.1141 
          12  1 0.1198 0.1310 0.1089 0.1082 0.0193 0.0843 0.1026 0.1270 0.0979 0.1010 
          13  1 0.1309 0.1112 0.1061 0.1219 0.0214 0.0909 0.0957 0.1111 0.1137 0.0971 
          14  1 0.1241 0.1233 0.1349 0.1117 0.0169 0.0814 0.1102 0.1173 0.0877 0.0925 
          15  1 0.1141 0.0878 0.1081 0.1202 0.0364 0.1204 0.1076 0.0988 0.1040 0.1026 
          16  1 0.1351 0.1146 0.0955 0.1157 0.0188 0.0826 0.1546 0.0989 0.0921 0.0921 
          17  1 0.1207 0.0963 0.1067 0.0972 0.0173 0.0997 0.0918 0.1325 0.1284 0.1094 
          18  1 0.0967 0.0867 0.0892 0.0951 0.1600 0.1407 0.0761 0.0887 0.0773 0.0895 
          19  1 0.1064 0.1106 0.1103 0.0993 0.0488 0.0851 0.1164 0.1165 0.1036 0.1028 
          20  1 0.1292 0.1065 0.0881 0.1185 0.0145 0.0860 0.1545 0.1051 0.0880 0.1097 
          21  1 0.1268 0.1056 0.1135 0.0978 0.0177 0.0950 0.1284 0.1116 0.1041 0.0996 
          22  1 0.1190 0.1089 0.1034 0.1125 0.0127 0.0793 0.0903 0.1300 0.1246 0.1193 
          23  1 0.1208 0.1179 0.1136 0.0991 0.0529 0.0957 0.0994 0.1061 0.0911 0.1034 
          24  1 0.1390 0.1195 0.1127 0.1002 0.0383 0.0869 0.0923 0.1245 0.0893 0.0973 
          25  1 0.1221 0.1372 0.1084 0.1010 0.0233 0.0694 0.1052 0.1297 0.0948 0.1089 
          26  1 0.1164 0.1297 0.1218 0.1065 0.0203 0.0734 0.1150 0.1119 0.0970 0.1080 
          27  1 0.1091 0.1412 0.1099 0.0977 0.0253 0.0892 0.1159 0.1274 0.0845 0.0998 
          28  1 0.1174 0.1019 0.1184 0.1349 0.0280 0.0820 0.1138 0.1066 0.0934 0.1035 
          29  1 0.1422 0.0918 0.1407 0.1116 0.0109 0.1059 0.0987 0.1215 0.0777 0.0990 
          30  1 0.1153 0.0930 0.1180 0.1084 0.0206 0.0935 0.1296 0.1206 0.0907 0.1103 
          31  1 0.0983 0.0972 0.0972 0.1046 0.0469 0.1043 0.1099 0.1118 0.1235 0.1064 
          32  1 0.1408 0.1239 0.1066 0.1249 0.0141 0.0803 0.0957 0.1103 0.0941 0.1096 
          33  1 0.1123 0.0866 0.1216 0.1360 0.0364 0.1129 0.0820 0.0993 0.1060 0.1070 
          34  1 0.1083 0.1117 0.1053 0.1076 0.0253 0.1074 0.1089 0.1028 0.1109 0.1117 
          35  1 0.0999 0.0976 0.1086 0.1106 0.0213 0.0909 0.1094 0.1134 0.1268 0.1215 
          36  1 0.1224 0.0962 0.1398 0.1151 0.0132 0.0814 0.1198 0.1244 0.0861 0.1017 
          37  1 0.0884 0.1499 0.1294 0.1027 0.0145 0.0722 0.1024 0.1415 0.0923 0.1068 
          38  1 0.1237 0.1173 0.1117 0.1057 0.0131 0.0766 0.1223 0.1317 0.0982 0.0997 
          39  1 0.1330 0.1101 0.1186 0.1035 0.0287 0.0970 0.1050 0.1030 0.0980 0.1031 
          40  1 0.0872 0.0858 0.0782 0.0735 0.1139 0.1404 0.0791 0.1000 0.1307 0.1113 
          41  1 0.1257 0.0982 0.1067 0.1093 0.0235 0.0759 0.1551 0.1122 0.0833 0.1101 
          42  1 0.1219 0.1127 0.1182 0.1083 0.0123 0.0798 0.1204 0.1167 0.0998 0.1099 
          43  1 0.0912 0.1364 0.1113 0.0973 0.0339 0.0741 0.1129 0.1442 0.0930 0.1057 
          44  1 0.1254 0.1152 0.1211 0.1122 0.0184 0.0850 0.1304 0.1100 0.0844 0.0978 
          45  1 0.1353 0.0979 0.1384 0.1202 0.0131 0.0860 0.0984 0.1210 0.0785 0.1110 
          46  1 0.1567 0.1101 0.1143 0.1043 0.0254 0.0964 0.0816 0.1170 0.1010 0.0931 
          47  1 0.1123 0.1383 0.1270 0.1079 0.0316 0.0754 0.1117 0.1150 0.0831 0.0977 
          48  1 0.0988 0.1139 0.1220 0.1018 0.0895 0.0833 0.0929 0.1068 0.0874 0.1035 
          49  1 0.1170 0.1070 0.1061 0.1104 0.0187 0.0977 0.1220 0.1211 0.1001 0.0999 
          50  1 0.1287 0.0918 0.1396 0.1319 0.0100 0.0890 0.0863 0.1188 0.1011 0.1029 
          51  1 0.1207 0.1026 0.1266 0.1100 0.0316 0.0867 0.1138 0.1160 0.0965 0.0955 
          52  1 0.1252 0.0979 0.1002 0.1225 0.0158 0.0796 0.1543 0.1242 0.0745 0.1057 
          53  1 0.1193 0.1118 0.1179 0.1153 0.0173 0.0854 0.1089 0.1142 0.1058 0.1043 
          54  1 0.1082 0.1208 0.1095 0.1018 0.0602 0.0939 0.0961 0.1158 0.0999 0.0937 
          55  1 0.0874 0.0853 0.0890 0.0801 0.1911 0.1518 0.0846 0.0887 0.0623 0.0798 
          56  1 0.1108 0.1078 0.0931 0.1186 0.0247 0.0803 0.1551 0.1176 0.0893 0.1026 
          57  1 0.1292 0.1134 0.1283 0.1369 0.0084 0.0790 0.0926 0.1209 0.0903 0.1010 
          58  1 0.1423 0.1160 0.1197 0.1092 0.0181 0.0919 0.0789 0.1128 0.1150 0.0961 
          59  1 0.1363 0.1106 0.1416 0.1156 0.0096 0.0916 0.0967 0.1231 0.0803 0.0945 
          60  1 0.1134 0.1280 0.1164 0.1211 0.0141 0.0838 0.1054 0.1097 0.1047 0.1035 
          61  1 0.1193 0.1040 0.0970 0.0907 0.0872 0.1243 0.0928 0.1065 0.0840 0.0943 
          62  1 0.1240 0.0944 0.1409 0.1285 0.0095 0.0965 0.1003 0.1147 0.0760 0.1153 
          63  1 0.1133 0.1117 0.1111 0.1152 0.0295 0.0924 0.0982 0.1079 0.1033 0.1174 
          64  1 0.1098 0.1020 0.1054 0.1151 0.0155 0.0917 0.1700 0.1131 0.0738 0.1036 
          65  1 0.0928 0.1503 0.1255 0.0973 0.0282 0.0766 0.1001 0.1274 0.1145 0.0872 
          66  1 0.1189 0.1107 0.1148 0.1098 0.0240 0.0893 0.1099 0.1135 0.1053 0.1037 
          67  1 0.1199 0.1220 0.1246 0.1117 0.0131 0.0852 0.1073 0.1212 0.0899 0.1051 
          68  1 0.1157 0.1002 0.1235 0.1224 0.0137 0.0845 0.1133 0.1085 0.0940 0.1242 
          69  1 0.1138 0.0889 0.1292 0.1329 0.0362 0.0918 0.0915 0.1034 0.1056 0.1066 
          70  1 0.0891 0.0875 0.0697 0.0795 0.0309 0.0935 0.0747 0.1236 0.2039 0.1475 
          71  1 0.1046 0.1041 0.0906 0.0810 0.1955 0.0701 0.1025 0.1002 0.0689 0.0825 
          72  1 0.1296 0.1060 0.1439 0.1075 0.0117 0.0941 0.1009 0.1339 0.0744 0.0981 
          73  1 0.1115 0.1174 0.1200 0.0984 0.0408 0.1044 0.0968 0.0992 0.1046 0.1069 
          74  1 0.1122 0.1094 0.1087 0.1056 0.0459 0.0908 0.1248 0.1031 0.1005 0.0990 
          75  1 0.1215 0.1171 0.1078 0.1114 0.0191 0.0876 0.1168 0.1156 0.1002 0.1029 
          76  1 0.0891 0.0861 0.0923 0.1086 0.0570 0.0950 0.1349 0.1032 0.1191 0.1146 
          77  1 0.1043 0.0960 0.0999 0.1011 0.0574 0.0951 0.1128 0.1074 0.1114 0.1146 
          78  1 0.0888 0.1448 0.1338 0.1102 0.0252 0.0802 0.1131 0.1276 0.0752 0.1012 
          79  1 0.1159 0.1301 0.1041 0.1123 0.0118 0.0770 0.1497 0.1256 0.0808 0.0928 
          80  1 0.1060 0.0989 0.0973 0.1148 0.0830 0.0977 0.1026 0.0984 0.1019 0.0994 
          81  1 0.0883 0.1054 0.1044 0.1065 0.0661 0.1092 0.1033 0.1035 0.1064 0.1069 
          82  1 0.0988 0.1131 0.1274 0.1181 0.0214 0.0989 0.1054 0.1142 0.0911 0.1117 
          83  1 0.1100 0.0975 0.1151 0.1018 0.0405 0.0968 0.1201 0.1077 0.0960 0.1145 
          84  1 0.1067 0.0846 0.0984 0.1243 0.0374 0.0898 0.1110 0.1092 0.1272 0.1112 
          85  1 0.1273 0.0998 0.1113 0.1429 0.0234 0.0931 0.0832 0.1047 0.1078 0.1065 
          86  1 0.0907 0.1000 0.0961 0.1032 0.1195 0.0946 0.1093 0.0885 0.0990 0.0991 
          87  1 0.1154 0.1186 0.1235 0.1208 0.0162 0.0939 0.1102 0.1013 0.0957 0.1044 
          88  1 0.1233 0.0988 0.1310 0.1242 0.0436 0.0919 0.0992 0.0923 0.0975 0.0983 
          89  1 0.1185 0.1078 0.0943 0.1067 0.0284 0.0886 0.1135 0.1046 0.1243 0.1134 
          90  1 0.0988 0.0844 0.0904 0.1029 0.1102 0.1347 0.1023 0.0887 0.0839 0.1037 
          91  1 0.1142 0.1111 0.0984 0.1138 0.0356 0.0922 0.1033 0.1064 0.1160 0.1090 
          92  1 0.1241 0.0912 0.1182 0.1174 0.0358 0.1013 0.1164 0.1027 0.0870 0.1059 
          93  1 0.1269 0.1078 0.1166 0.1048 0.0319 0.0871 0.0977 0.1111 0.1142 0.1020 
          94  1 0.0940 0.0804 0.0810 0.1085 0.1347 0.1238 0.1350 0.0805 0.0764 0.0856 
          95  1 0.1223 0.0905 0.1093 0.1302 0.0335 0.0910 0.1329 0.0981 0.0858 0.1064 
          96  1 0.1088 0.0892 0.0856 0.1235 0.0440 0.0855 0.1836 0.1029 0.0703 0.1064 
          97  1 0.1192 0.1207 0.1079 0.1091 0.0138 0.0749 0.1258 0.1124 0.1028 0.1134 
          98  1 0.0999 0.0871 0.1063 0.1062 0.0209 0.0899 0.0860 0.1065 0.1649 0.1323 
          99  1 0.1021 0.1127 0.0870 0.1132 0.0154 0.0818 0.1432 0.1054 0.1138 0.1254 
         100  1 0.1128 0.1446 0.1417 0.0981 0.0201 0.0888 0.0802 0.1374 0.0997 0.0766 
         101  1 0.1103 0.1116 0.1235 0.1218 0.0434 0.0793 0.0984 0.1273 0.0921 0.0923 
         102  1 0.1373 0.1000 0.1159 0.1361 0.0157 0.0888 0.0750 0.1208 0.1092 0.1011 
         103  1 0.0885 0.1223 0.1275 0.0980 0.1504 0.0913 0.0729 0.1040 0.0757 0.0694 
         104  1 0.1127 0.1182 0.1070 0.1089 0.0288 0.0796 0.1002 0.1258 0.1054 0.1134 
         105  1 0.1238 0.1217 0.0982 0.1049 0.0327 0.0813 0.1218 0.1122 0.0982 0.1052 
         106  1 0.0998 0.0840 0.0820 0.0970 0.0345 0.0931 0.1020 0.1108 0.1656 0.1313 
         107  1 0.1165 0.1438 0.1329 0.1169 0.0242 0.0888 0.0825 0.1189 0.0926 0.0828 
         108  1 0.1196 0.1075 0.1052 0.1357 0.0308 0.1004 0.0972 0.1048 0.1022 0.0966 
         109  1 0.1058 0.1342 0.1122 0.1099 0.0376 0.0775 0.1163 0.0974 0.0984 0.1106 
         110  1 0.1245 0.1222 0.0965 0.1152 0.0214 0.0847 0.1210 0.1173 0.0985 0.0987 
         111  1 0.0965 0.0986 0.1070 0.1201 0.0326 0.0899 0.1017 0.1017 0.1436 0.1084 
         112  1 0.1119 0.1369 0.1495 0.1064 0.0299 0.0806 0.0906 0.1265 0.0835 0.0842 
         113  1 0.1240 0.1103 0.1191 0.1225 0.0158 0.0916 0.1188 0.1111 0.0907 0.0962 
         114  1 0.1151 0.0955 0.0953 0.1178 0.0490 0.0919 0.1198 0.1142 0.0901 0.1113 
         115  1 0.1185 0.1262 0.1100 0.1062 0.0334 0.0914 0.1022 0.1160 0.0992 0.0968 
         116  1 0.1174 0.1236 0.1225 0.1130 0.0150 0.0737 0.1009 0.1146 0.1171 0.1023 
         117  1 0.1126 0.1226 0.1050 0.0961 0.0252 0.0809 0.1343 0.1152 0.0988 0.1093 
         118  1 0.1147 0.1174 0.1034 0.1139 0.0385 0.0797 0.1177 0.1140 0.0983 0.1021 
         119  1 0.0847 0.0930 0.0862 0.0903 0.0201 0.0922 0.0743 0.1129 0.2102 0.1361 
         120  1 0.0916 0.0911 0.0840 0.0822 0.0975 0.1842 0.0931 0.0865 0.0980 0.0918 
         121  1 0.0911 0.1285 0.1184 0.0956 0.0328 0.0917 0.1137 0.1077 0.1092 0.1114 
         122  1 0.0979 0.0794 0.0862 0.0927 0.0255 0.0933 0.0868 0.1173 0.1786 0.1423 
         123  1 0.1068 0.0972 0.1142 0.1389 0.0152 0.0863 0.1048 0.1000 0.1316 0.1049 
         124  1 0.1155 0.1183 0.1088 0.1209 0.0159 0.0822 0.1170 0.1036 0.1104 0.1073 
         125  1 0.0875 0.0924 0.0869 0.0879 0.0369 0.0982 0.0828 0.1035 0.2012 0.1227 
         126  1 0.1220 0.0962 0.1160 0.1388 0.0143 0.0936 0.0940 0.1135 0.1053 0.1064 
         127  1 0.1238 0.1225 0.1257 0.1139 0.0224 0.0830 0.0977 0.1126 0.0976 0.1008 
         128  1 0.1102 0.1228 0.1095 0.1085 0.0185 0.0741 0.0998 0.1323 0.1093 0.1150 
         129  1 0.1011 0.0923 0.0924 0.0936 0.1302 0.0964 0.1092 0.0844 0.0990 0.1015 
         130  1 0.0993 0.0991 0.0970 0.0948 0.0569 0.0907 0.1014 0.0958 0.1450 0.1200 
         131  1 0.1201 0.1201 0.1060 0.1072 0.0231 0.1032 0.1089 0.1115 0.0957 0.1041 
         132  1 0.1022 0.0977 0.1097 0.1278 0.0164 0.0797 0.1244 0.1261 0.1037 0.1122 
         133  1 0.1154 0.1200 0.1029 0.1031 0.0142 0.0825 0.1245 0.0912 0.1341 0.1122 
         134  1 0.1402 0.1167 0.0903 0.1117 0.0269 0.0967 0.1212 0.1063 0.0882 0.1019 
         135  1 0.0640 0.0788 0.0589 0.0598 0.2580 0.1922 0.0774 0.0625 0.0706 0.0778 
         136  1 0.1029 0.1006 0.1091 0.1362 0.0362 0.0809 0.1120 0.1080 0.1066 0.1074 
         137  1 0.0819 0.1246 0.0932 0.0981 0.0965 0.1116 0.1072 0.0993 0.0864 0.1012 
         138  1 0.1120 0.0964 0.1249 0.1253 0.0206 0.0934 0.1094 0.1049 0.1104 0.1027 
         139  1 0.1032 0.1188 0.1082 0.1152 0.0224 0.0894 0.1216 0.1096 0.1007 0.1109 
         140  1 0.1194 0.1201 0.0926 0.1150 0.0407 0.0764 0.1340 0.1071 0.0830 0.1117 
         141  1 0.1071 0.1343 0.1227 0.0911 0.0724 0.0867 0.1067 0.0893 0.0863 0.1033 
         142  1 0.0947 0.1004 0.1057 0.1210 0.0422 0.0944 0.1152 0.1061 0.1163 0.1040 
         143  1 0.0978 0.1411 0.1135 0.0991 0.0358 0.0912 0.1004 0.1224 0.1039 0.0949 
         144  1 0.1186 0.0994 0.1358 0.1068 0.0178 0.0975 0.1047 0.1152 0.1064 0.0977 
         145  1 0.1249 0.1077 0.1237 0.1520 0.0111 0.0838 0.0767 0.1077 0.1158 0.0965 
         146  1 0.1051 0.1213 0.1356 0.1282 0.0603 0.0691 0.0952 0.1119 0.0768 0.0964 
         147  1 0.1245 0.0956 0.1141 0.1303 0.0155 0.1043 0.0990 0.1077 0.0993 0.1098 
         148  1 0.1004 0.1036 0.1252 0.1400 0.0203 0.0700 0.1173 0.1110 0.0920 0.1202 
         149  1 0.0976 0.1049 0.0975 0.0982 0.0252 0.1275 0.1200 0.1117 0.0933 0.1242 
         150  1 0.0924 0.0930 0.1189 0.1096 0.1101 0.0763 0.0985 0.1129 0.0861 0.1022 
         151  1 0.1091 0.1242 0.1018 0.1103 0.0387 0.0817 0.1095 0.1036 0.1052 0.1157 
         152  1 0.1066 0.1173 0.1250 0.1062 0.0268 0.0961 0.0945 0.1093 0.1074 0.1108 
         153  1 0.1019 0.1158 0.0863 0.1214 0.0238 0.0960 0.1447 0.1014 0.0980 0.1107 
         154  1 0.0955 0.0966 0.0788 0.0758 0.0110 0.0882 0.0604 0.1359 0.2157 0.1420 
         155  1 0.1116 0.1169 0.1107 0.1040 0.0359 0.0939 0.0996 0.1064 0.1133 0.1078 
         156  1 0.1199 0.1173 0.0970 0.1173 0.0339 0.0808 0.1330 0.1049 0.0897 0.1062 
         157  1 0.1157 0.1059 0.1109 0.1191 0.0231 0.0881 0.1240 0.1129 0.0963 0.1040 
         158  1 0.0904 0.1048 0.0965 0.0962 0.0823 0.1027 0.1274 0.0838 0.1067 0.1089 
         159  1 0.1298 0.1065 0.1198 0.1186 0.0263 0.1023 0.1053 0.1162 0.0859 0.0893 
         160  1 0.1153 0.1107 0.1050 0.1103 0.0227 0.0794 0.1104 0.1136 0.1166 0.1160 
         161  1 0.0947 0.0963 0.0845 0.0835 0.0787 0.1271 0.0847 0.1069 0.1374 0.1060 
         162  1 0.1026 0.1054 0.0906 0.1028 0.0235 0.0816 0.1210 0.1202 0.1317 0.1207 
         163  1 0.1092 0.1107 0.1033 0.1006 0.0484 0.0868 0.1231 0.1056 0.1063 0.1061 
         164  1 0.1087 0.0963 0.0902 0.1221 0.0308 0.0947 0.1099 0.0986 0.1327 0.1160 
         165  1 0.1127 0.1154 0.1012 0.1102 0.0195 0.0897 0.1098 0.1121 0.1071 0.1224 
         166  1 0.1184 0.1172 0.1063 0.1189 0.0312 0.1001 0.1162 0.0988 0.0902 0.1027 
         167  1 0.1075 0.0865 0.1067 0.1293 0.0320 0.0858 0.0899 0.1113 0.1411 0.1100 
         168  1 0.1064 0.1023 0.0918 0.1128 0.0739 0.1322 0.0890 0.0958 0.0948 0.1009 
         169  1 0.0854 0.0900 0.0703 0.0735 0.0270 0.0871 0.0685 0.1317 0.2210 0.1455 
         170  1 0.1067 0.0942 0.0964 0.1069 0.0149 0.0817 0.0967 0.1320 0.1536 0.1171 
         171  1 0.1216 0.1246 0.1161 0.1207 0.0179 0.0889 0.1068 0.1076 0.0851 0.1108 
         172  1 0.1147 0.0912 0.1173 0.1168 0.0205 0.0909 0.0980 0.1177 0.1135 0.1195 
         173  1 0.1134 0.1004 0.1186 0.1250 0.0339 0.0845 0.1145 0.1192 0.0904 0.1002 
         174  1 0.1191 0.1182 0.1061 0.1006 0.0271 0.0997 0.1041 0.1193 0.1045 0.1014 
         175  1 0.0899 0.0922 0.0782 0.0982 0.0297 0.0839 0.0791 0.1159 0.1946 0.1384 
         176  1 0.1173 0.1172 0.1149 0.1056 0.0348 0.1020 0.1219 0.0995 0.0785 0.1084 
         177  1 0.1120 0.1090 0.1056 0.1027 0.0982 0.0894 0.1046 0.0983 0.0891 0.0912 
         178  1 0.1307 0.1260 0.1066 0.1008 0.0274 0.0756 0.1140 0.1156 0.1043 0.0990 
         179  1 0.1207 0.1304 0.1394 0.0998 0.0272 0.0752 0.1273 0.1000 0.0729 0.1071 
         180  1 0.1153 0.1301 0.1367 0.0974 0.0069 0.0818 0.1092 0.0939 0.1140 0.1148 
         181  1 0.1156 0.0980 0.0987 0.1048 0.0340 0.1535 0.1073 0.0920 0.0884 0.1076 
         182  1 0.0922 0.0967 0.0810 0.0906 0.1167 0.1553 0.0942 0.0877 0.0903 0.0953 
         183  1 0.0930 0.0925 0.0752 0.0870 0.0692 0.0915 0.0879 0.1117 0.1684 0.1237 
         184  1 0.0875 0.0926 0.0790 0.0957 0.0421 0.0933 0.0979 0.1045 0.1791 0.1283 
         185  1 0.1246 0.1111 0.1068 0.0977 0.0441 0.0924 0.1189 0.1001 0.1026 0.1017 
         186  1 0.1057 0.0878 0.0737 0.0876 0.0215 0.0791 0.0917 0.1168 0.2009 0.1353 
         187  1 0.0893 0.0899 0.0718 0.0897 0.0175 0.0839 0.0857 0.1146 0.2178 0.1400 
         188  1 0.0834 0.0838 0.0818 0.0873 0.0182 0.0852 0.0812 0.1212 0.2093 0.1487 
         189  1 0.1206 0.1077 0.1014 0.1208 0.0259 0.0910 0.1208 0.1186 0.0852 0.1080 
         190  1 0.0792 0.0885 0.0832 0.0814 0.0267 0.0914 0.0781 0.1041 0.2257 0.1418 
         191  1 0.1193 0.0980 0.1190 0.1170 0.0190 0.0929 0.1235 0.1135 0.0879 0.1098 
         192  1 0.0557 0.0620 0.0453 0.0481 0.2769 0.2917 0.0547 0.0529 0.0521 0.0605 
         193  1 0.0654 0.0663 0.0568 0.0612 0.2489 0.2310 0.0738 0.0614 0.0660 0.0692 
         194  1 0.0814 0.0777 0.0682 0.0758 0.0666 0.1020 0.0703 0.1122 0.2006 0.1452 
         195  1 0.0927 0.1052 0.1004 0.0923 0.0496 0.0898 0.1075 0.1060 0.1451 0.1115 
         196  1 0.1119 0.1242 0.1319 0.1040 0.0178 0.0732 0.1163 0.1062 0.1050 0.1095 
         197  1 0.1218 0.1133 0.1218 0.0988 0.0625 0.0989 0.0984 0.1014 0.0768 0.1063 
         198  1 0.1142 0.1071 0.1369 0.1234 0.0194 0.0803 0.1075 0.1065 0.1062 0.0985 
         199  1 0.1131 0.1152 0.1102 0.1035 0.0635 0.1015 0.1101 0.1017 0.0774 0.1039 
         200  1 0.1092 0.1063 0.1105 0.1113 0.0415 0.0903 0.1097 0.0996 0.1151 0.1064 
         201  1 0.1065 0.1000 0.1031 0.1064 0.0739 0.1149 0.0976 0.0855 0.1064 0.1058 
         202  1 0.1194 0.0935 0.1262 0.1253 0.0097 0.0846 0.1208 0.1241 0.0889 0.1073 
         203  1 0.0837 0.1404 0.1340 0.1108 0.0504 0.0759 0.0934 0.1409 0.0832 0.0872 
         204  1 0.0979 0.1122 0.0970 0.1028 0.0139 0.0762 0.1232 0.0998 0.1563 0.1206 
         205  1 0.1172 0.1163 0.1220 0.1181 0.0115 0.0864 0.1096 0.1029 0.0965 0.1195 
         206  1 0.1247 0.1044 0.1011 0.1045 0.0230 0.0946 0.1196 0.1110 0.1002 0.1168 
         207  1 0.1101 0.1371 0.1223 0.1027 0.0206 0.0871 0.1160 0.0992 0.0947 0.1101 
         208  1 0.1169 0.1304 0.1100 0.1171 0.0120 0.0771 0.1121 0.1032 0.1155 0.1057 
         209  1 0.0944 0.0954 0.0888 0.0922 0.1598 0.0858 0.1038 0.0836 0.0920 0.1041 
         210  1 0.1075 0.1225 0.1131 0.1141 0.0194 0.0843 0.1182 0.1159 0.1002 0.1048 
         211  1 0.1077 0.1180 0.1313 0.1071 0.0279 0.0861 0.1063 0.0947 0.1137 0.1072 
         212  1 0.0885 0.0899 0.1056 0.1167 0.0802 0.0866 0.0931 0.0926 0.1501 0.0967 
         213  1 0.1037 0.1339 0.1296 0.1032 0.0329 0.0833 0.1066 0.1181 0.0963 0.0924 
         214  1 0.0910 0.1479 0.1134 0.1097 0.0517 0.0666 0.1162 0.1190 0.0946 0.0899 
         215  1 0.1019 0.1070 0.0911 0.1139 0.0384 0.0863 0.1387 0.0987 0.1116 0.1124 
         216  1 0.0895 0.0938 0.0994 0.1117 0.0514 0.0823 0.0876 0.1074 0.1529 0.1240 
         217  1 0.0825 0.1723 0.1223 0.0920 0.0224 0.0776 0.0954 0.1523 0.0956 0.0878 
         218  1 0.1052 0.1182 0.1212 0.0989 0.0179 0.0809 0.1231 0.1013 0.1238 0.1096 
         219  1 0.1098 0.1203 0.1039 0.1104 0.0117 0.0742 0.1284 0.1215 0.1065 0.1133 
         220  1 0.1056 0.1151 0.1267 0.1008 0.0596 0.0865 0.1022 0.1003 0.1088 0.0945 
         221  1 0.1299 0.1043 0.1201 0.0995 0.0656 0.0835 0.1079 0.1131 0.0800 0.0960 
         222  1 0.1054 0.0983 0.1102 0.1110 0.0611 0.1022 0.1112 0.0972 0.0927 0.1106 
         223  1 0.0830 0.0938 0.0813 0.0802 0.1802 0.1276 0.0978 0.0884 0.0820 0.0856 
         224  1 0.1274 0.1137 0.1122 0.1125 0.0286 0.0914 0.1262 0.0987 0.0862 0.1031 
         225  1 0.1149 0.1157 0.1237 0.1282 0.0191 0.0831 0.1047 0.1100 0.1015 0.0990 
         226  1 0.1326 0.1292 0.1304 0.1151 0.0191 0.0864 0.0891 0.1028 0.1001 0.0951 
         227  1 0.0924 0.0867 0.1060 0.1051 0.0544 0.1046 0.1021 0.1081 0.1159 0.1247 
         228  1 0.1139 0.1075 0.0843 0.1037 0.0328 0.0782 0.0996 0.1074 0.1464 0.1263 
         229  1 0.1166 0.1308 0.1165 0.1069 0.0131 0.0823 0.1301 0.1030 0.0875 0.1131 
         230  1 0.1062 0.0798 0.1298 0.1338 0.0350 0.0677 0.0880 0.1229 0.1018 0.1350 
         231  1 0.1284 0.1106 0.1169 0.1223 0.0134 0.0911 0.1060 0.1168 0.0950 0.0996 
         232  1 0.1134 0.1153 0.1120 0.0991 0.0168 0.0912 0.1153 0.1093 0.1146 0.1129 
         233  1 0.1073 0.0941 0.1295 0.1447 0.0394 0.0930 0.1000 0.0964 0.0986 0.0971 
         234  1 0.1096 0.1049 0.0897 0.1239 0.0186 0.0807 0.1212 0.0969 0.1286 0.1259 
         235  1 0.1264 0.0977 0.1191 0.1481 0.0122 0.0867 0.0792 0.1112 0.1127 0.1069 
         236  1 0.1036 0.1482 0.1080 0.1121 0.0142 0.0766 0.1283 0.1100 0.0906 0.1083 
         237  1 0.1346 0.0953 0.1271 0.1410 0.0244 0.0923 0.0669 0.1045 0.1195 0.0943 
         238  1 0.1154 0.1109 0.1115 0.1042 0.0444 0.0951 0.1084 0.1052 0.0931 0.1118 
         239  1 0.1309 0.0960 0.1283 0.1398 0.0066 0.0936 0.0957 0.1152 0.0872 0.1066 
         240  1 0.0926 0.1167 0.0936 0.0888 0.1231 0.1003 0.1043 0.0928 0.0997 0.0880 
         241  1 0.1135 0.1195 0.1033 0.1107 0.0181 0.0795 0.1350 0.1014 0.1014 0.1177 
         242  1 0.1212 0.1179 0.1126 0.1226 0.0385 0.0927 0.0978 0.1109 0.0961 0.0896 
         243  1 0.1275 0.1025 0.1357 0.1348 0.0166 0.0864 0.0877 0.1037 0.0989 0.1060 
         244  1 0.1164 0.1158 0.1269 0.1026 0.0351 0.0861 0.1104 0.1055 0.1058 0.0954 
         245  1 0.1046 0.0955 0.1056 0.1114 0.0180 0.0885 0.0871 0.1187 0.1418 0.1288 
         246  1 0.1338 0.1029 0.1241 0.1129 0.0087 0.0895 0.1178 0.1239 0.0848 0.1018 
         247  1 0.1097 0.0997 0.1130 0.1082 0.0474 0.1211 0.1013 0.0987 0.0949 0.1060 
         248  1 0.1117 0.1177 0.1436 0.1023 0.0545 0.0826 0.1135 0.0932 0.0829 0.0980 
         249  1 0.0835 0.0787 0.0880 0.0901 0.1068 0.1079 0.0989 0.1041 0.1174 0.1248 
         250  1 0.1074 0.0879 0.1167 0.1274 0.0214 0.0712 0.1038 0.1326 0.1064 0.1253 
         251  1 0.0924 0.0987 0.1195 0.1289 0.0220 0.0736 0.1012 0.1221 0.1081 0.1335 
         252  1 0.1253 0.1129 0.1174 0.1273 0.0116 0.0805 0.0918 0.1266 0.1022 0.1043 
         253  1 0.0986 0.0906 0.0824 0.0913 0.0984 0.1719 0.1011 0.0886 0.0758 0.1014 
         254  1 0.0403 0.0421 0.0343 0.0359 0.3923 0.2358 0.0422 0.0504 0.0708 0.0560 
         255  1 0.1134 0.1036 0.0979 0.1084 0.0561 0.0894 0.1182 0.1050 0.1030 0.1049 
         256  1 0.0924 0.0810 0.0774 0.0857 0.0209 0.0919 0.0837 0.1067 0.2130 0.1473 
         257  1 0.0955 0.1056 0.1126 0.1000 0.0655 0.0858 0.1035 0.1173 0.1068 0.1075 
         258  1 0.1194 0.0852 0.1270 0.1233 0.0356 0.0877 0.1078 0.1147 0.0879 0.1113 
         259  1 0.1103 0.1335 0.1114 0.1117 0.0331 0.0759 0.1082 0.1312 0.0901 0.0945 
         260  1 0.1268 0.1692 0.1464 0.0994 0.0080 0.0681 0.0891 0.1106 0.0860 0.0964 
         261  1 0.1165 0.1281 0.1175 0.1064 0.0140 0.0815 0.1088 0.0911 0.1262 0.1098 
         262  1 0.1113 0.1140 0.1066 0.0913 0.0152 0.0848 0.1123 0.1077 0.1332 0.1238 
         263  1 0.1029 0.1052 0.1253 0.1205 0.0532 0.0839 0.1064 0.0928 0.0990 0.1108 
         264  1 0.1428 0.1160 0.1151 0.1092 0.0145 0.0889 0.1009 0.1103 0.0974 0.1049 
         265  1 0.0977 0.1013 0.0941 0.1079 0.1376 0.0810 0.0949 0.0983 0.0880 0.0992 
         266  1 0.1143 0.0837 0.1333 0.1512 0.0197 0.0968 0.0876 0.1002 0.1126 0.1006 
         267  1 0.1231 0.1298 0.1253 0.1054 0.0241 0.0770 0.0968 0.1127 0.0925 0.1134 
         268  1 0.0983 0.1161 0.1236 0.1151 0.0220 0.0739 0.1139 0.1271 0.1098 0.1001 
         269  1 0.1094 0.0974 0.1119 0.1191 0.0332 0.1016 0.0999 0.1046 0.1135 0.1095 
         270  1 0.0728 0.0751 0.0533 0.0646 0.1819 0.1038 0.0712 0.0894 0.1694 0.1186 
         271  1 0.1024 0.1089 0.1283 0.1197 0.0247 0.0784 0.0966 0.1377 0.0933 0.1100 
         272  1 0.1055 0.1021 0.0959 0.1022 0.0187 0.0904 0.1003 0.1112 0.1492 0.1244 
         273  1 0.1111 0.1444 0.1242 0.1071 0.0120 0.0818 0.1097 0.1114 0.0931 0.1051 
         274  1 0.1433 0.0979 0.1239 0.1122 0.0125 0.0948 0.0880 0.1163 0.1133 0.0979 
         275  1 0.1204 0.0998 0.1385 0.1214 0.0263 0.0828 0.1018 0.1180 0.0879 0.1031 
         276  1 0.1102 0.1123 0.1293 0.1178 0.0191 0.0794 0.1129 0.1123 0.0919 0.1146 
         277  1 0.0876 0.0836 0.0769 0.0835 0.0639 0.0812 0.0831 0.1145 0.1813 0.1443 
         278  1 0.1095 0.1271 0.1120 0.1018 0.0424 0.0871 0.1076 0.1265 0.0896 0.0965 
         279  1 0.1091 0.0964 0.0977 0.1155 0.0089 0.0715 0.1828 0.0996 0.0988 0.1198 
         280  1 0.1388 0.1163 0.1226 0.1125 0.0163 0.0911 0.0987 0.1153 0.0966 0.0918 
         281  1 0.1041 0.1020 0.1050 0.0990 0.0831 0.1073 0.0996 0.0971 0.0984 0.1043 
         282  1 0.1178 0.0990 0.1232 0.1380 0.0206 0.0907 0.1004 0.0971 0.1118 0.1014 
         283  1 0.1026 0.1016 0.0882 0.1132 0.0109 0.0765 0.0998 0.1186 0.1587 0.1299 
         284  1 0.0865 0.1004 0.0863 0.0975 0.0147 0.0881 0.0962 0.1025 0.1872 0.1406 
         285  1 0.1103 0.0827 0.1358 0.1555 0.0300 0.0839 0.0942 0.0893 0.1173 0.1010 
         286  1 0.0925 0.0872 0.0846 0.0861 0.0857 0.2075 0.0813 0.0857 0.0942 0.0954 
         287  1 0.1230 0.1041 0.1237 0.1130 0.0232 0.0959 0.1154 0.1244 0.0791 0.0982 
         288  1 0.1024 0.1285 0.1127 0.1151 0.0166 0.0774 0.1182 0.1193 0.0951 0.1149 
         289  1 0.0962 0.1192 0.1188 0.1038 0.0268 0.0899 0.1091 0.1146 0.1055 0.1162 
         290  1 0.1318 0.1284 0.1320 0.1005 0.0161 0.0771 0.1153 0.1025 0.0872 0.1090 
         291  1 0.1044 0.1233 0.1169 0.1014 0.0359 0.0887 0.1266 0.0875 0.1084 0.1069 
         292  1 0.0846 0.0808 0.0740 0.0776 0.0186 0.0927 0.0626 0.1042 0.2513 0.1535 
         293  1 0.1158 0.1370 0.1102 0.1071 0.0204 0.0781 0.1087 0.1284 0.1036 0.0907 
         294  1 0.1151 0.1074 0.1053 0.1000 0.0169 0.0966 0.1257 0.1210 0.0920 0.1200 
         295  1 0.1139 0.0922 0.0871 0.1004 0.0224 0.1170 0.1479 0.1020 0.1048 0.1122 
         296  1 0.0986 0.0906 0.1235 0.1150 0.0874 0.0988 0.0993 0.0937 0.0933 0.0998 
         297  1 0.1196 0.1140 0.1308 0.1263 0.0264 0.0892 0.1041 0.1107 0.0797 0.0992 
         298  1 0.1204 0.1199 0.1296 0.1094 0.0112 0.0854 0.1074 0.1079 0.0958 0.1130 
         299  1 0.1103 0.1274 0.0952 0.1014 0.0264 0.0997 0.1053 0.1084 0.1124 0.1135 
         300  1 0.0929 0.0980 0.0845 0.1115 0.0831 0.1057 0.1111 0.0938 0.1031 0.1162 
         301  1 0.1066 0.0874 0.0875 0.0957 0.1349 0.1263 0.1082 0.0887 0.0703 0.0944 
         302  1 0.1006 0.1038 0.0946 0.1142 0.0342 0.0857 0.1310 0.1039 0.1217 0.1103 
         303  1 0.1265 0.1209 0.1092 0.1247 0.0417 0.0885 0.0951 0.1081 0.0837 0.1016 
         304  1 0.1235 0.0982 0.1266 0.1389 0.0311 0.0874 0.0745 0.1070 0.1052 0.1075 
         305  1 0.1188 0.1061 0.1092 0.1095 0.0251 0.0857 0.0970 0.1134 0.1227 0.1126 
         306  1 0.0992 0.1251 0.1365 0.1285 0.0475 0.0911 0.0951 0.1079 0.0804 0.0886 
         307  1 0.1144 0.0861 0.1071 0.1047 0.0163 0.0848 0.1075 0.1175 0.1310 0.1306 
         308  1 0.1335 0.1027 0.0942 0.1173 0.0277 0.0924 0.1283 0.1066 0.0969 0.1004 
         309  1 0.1167 0.1131 0.1058 0.1187 0.0260 0.0938 0.1212 0.1069 0.0825 0.1154 
         310  1 0.0747 0.0786 0.0535 0.0669 0.0214 0.0856 0.0433 0.1235 0.2827 0.1698 
         311  1 0.1247 0.1024 0.1018 0.1051 0.0203 0.0962 0.1161 0.1078 0.1170 0.1086 
         312  1 0.1234 0.1158 0.1012 0.1128 0.0264 0.0963 0.1092 0.1064 0.1041 0.1045 
         313  1 0.1251 0.1204 0.1202 0.1158 0.0173 0.0842 0.1182 0.1109 0.0790 0.1089 
         314  1 0.1275 0.0915 0.1250 0.1241 0.0220 0.0947 0.1035 0.1104 0.0960 0.1052 
         315  1 0.1168 0.1294 0.1382 0.1007 0.0145 0.0819 0.1071 0.0828 0.1180 0.1107 
         316  1 0.0786 0.0761 0.0770 0.0864 0.1333 0.2154 0.0878 0.0776 0.0834 0.0843 
         317  1 0.1023 0.0953 0.0971 0.1053 0.0245 0.0868 0.1044 0.1081 0.1528 0.1234 
         318  1 0.1079 0.1118 0.1140 0.1146 0.0172 0.0817 0.1256 0.1133 0.0981 0.1158 
         319  1 0.1149 0.0985 0.1000 0.1130 0.0236 0.0815 0.1734 0.1002 0.0862 0.1087 
         320  1 0.1124 0.1208 0.1147 0.1136 0.0284 0.0924 0.0937 0.1158 0.1075 0.1006 
         321  1 0.0726 0.0834 0.0705 0.0761 0.2661 0.1067 0.0918 0.0743 0.0739 0.0846 
         322  1 0.1187 0.1087 0.0895 0.1073 0.0406 0.0913 0.1030 0.1143 0.1160 0.1106 
         323  1 0.1317 0.1059 0.1186 0.1054 0.0281 0.0933 0.1081 0.1131 0.0912 0.1044 
         324  1 0.0986 0.1028 0.1103 0.1233 0.0333 0.0801 0.0880 0.0982 0.1503 0.1151 
         325  1 0.1132 0.1189 0.1263 0.1134 0.0150 0.0858 0.1186 0.1242 0.0884 0.0962 
         326  1 0.1038 0.0800 0.1397 0.1287 0.0135 0.0641 0.0939 0.1302 0.1091 0.1370 
         327  1 0.0836 0.0988 0.1085 0.1056 0.0963 0.0938 0.1202 0.0991 0.0887 0.1055 
         328  1 0.1164 0.1179 0.1023 0.1179 0.0093 0.0763 0.1049 0.1196 0.1286 0.1067 
         329  1 0.1187 0.0995 0.0953 0.1042 0.0216 0.1116 0.1370 0.0998 0.0960 0.1164 
         330  1 0.0963 0.1042 0.0920 0.1059 0.0728 0.1044 0.1123 0.1007 0.1048 0.1065 
         331  1 0.1065 0.1144 0.1327 0.1098 0.0410 0.0818 0.1059 0.1153 0.0828 0.1099 
         332  1 0.1213 0.1344 0.1146 0.1005 0.0135 0.0705 0.0974 0.1155 0.1277 0.1046 
         333  1 0.1106 0.1230 0.1054 0.1095 0.0168 0.0667 0.1308 0.1256 0.0981 0.1134 
         334  1 0.0994 0.1066 0.0979 0.0967 0.0197 0.0914 0.1100 0.1030 0.1618 0.1133 
         335  1 0.0924 0.1029 0.0892 0.0904 0.0756 0.1760 0.0934 0.0971 0.0896 0.0934 
         336  1 0.1119 0.0971 0.1373 0.1136 0.0571 0.0912 0.0964 0.0936 0.1089 0.0930 
         337  1 0.0791 0.0718 0.0596 0.0667 0.0084 0.0880 0.0476 0.1314 0.2720 0.1754 
         338  1 0.1180 0.1500 0.1450 0.0888 0.0128 0.0752 0.1067 0.1031 0.0857 0.1148 
         339  1 0.0732 0.0745 0.0502 0.0640 0.0192 0.0855 0.0324 0.1265 0.3018 0.1727 
         340  1 0.0770 0.0804 0.0787 0.0745 0.1954 0.1452 0.0836 0.0776 0.0923 0.0953 
         341  1 0.1141 0.1062 0.1046 0.1045 0.0656 0.0883 0.1038 0.1038 0.1037 0.1054 
         342  1 0.1092 0.1079 0.1014 0.1187 0.0229 0.0751 0.1085 0.1144 0.1274 0.1144 
         343  1 0.1145 0.0860 0.1475 0.1367 0.0168 0.0655 0.1006 0.1212 0.0895 0.1216 
         344  1 0.1122 0.0804 0.1234 0.1158 0.0330 0.0768 0.1214 0.1095 0.1071 0.1204 
         345  1 0.1126 0.1442 0.1393 0.1092 0.0151 0.0735 0.0985 0.1056 0.0922 0.1099 
         346  1 0.1153 0.1123 0.1029 0.1211 0.0187 0.0988 0.1260 0.0920 0.0921 0.1208 
         347  1 0.1035 0.0925 0.1531 0.1439 0.0177 0.0643 0.0941 0.1470 0.0760 0.1079 
         348  1 0.1110 0.1008 0.1076 0.1397 0.0340 0.0824 0.1146 0.0949 0.1126 0.1024 
         349  1 0.1102 0.1042 0.1171 0.1125 0.0297 0.1055 0.1102 0.1011 0.0957 0.1137 
         350  1 0.0969 0.1074 0.0952 0.0968 0.1253 0.0884 0.1097 0.0929 0.0878 0.0998 
         351  1 0.1097 0.1101 0.0980 0.1120 0.0361 0.1176 0.1170 0.0938 0.0929 0.1128 
         352  1 0.1285 0.1433 0.1252 0.1144 0.0133 0.0710 0.1177 0.1061 0.0770 0.1035 
         353  1 0.0485 0.0650 0.0705 0.0698 0.3753 0.1477 0.0538 0.0674 0.0488 0.0531 
         354  1 0.1277 0.1140 0.1227 0.1004 0.0184 0.0936 0.1093 0.1128 0.0962 0.1050 
         355  1 0.1010 0.1287 0.1116 0.1231 0.0138 0.0771 0.1306 0.0980 0.0994 0.1168 
         356  1 0.1150 0.1118 0.1141 0.1101 0.0384 0.0853 0.1032 0.1091 0.0984 0.1147 
         357  1 0.0934 0.1433 0.1181 0.1019 0.0236 0.0818 0.1147 0.1315 0.0891 0.1026 
         358  1 0.1076 0.1465 0.1259 0.0951 0.0216 0.0760 0.0918 0.1267 0.1080 0.1008 
         359  1 0.1133 0.1259 0.1302 0.0969 0.0551 0.0817 0.1049 0.1003 0.0857 0.1060 
         360  1 0.0961 0.1442 0.1201 0.0930 0.0330 0.0820 0.1110 0.1289 0.0811 0.1106 
         361  1 0.1172 0.1148 0.1156 0.1073 0.0237 0.0738 0.1266 0.1037 0.1094 0.1079 
         362  1 0.0848 0.0994 0.0950 0.0937 0.1019 0.1085 0.1059 0.0972 0.1129 0.1006 
         363  1 0.0916 0.0992 0.0938 0.1099 0.0698 0.0960 0.1075 0.1016 0.1207 0.1099 
         364  1 0.0923 0.1054 0.1005 0.1035 0.0416 0.0813 0.1225 0.1124 0.1282 0.1125 
         365  1 0.0828 0.0982 0.1052 0.1087 0.1547 0.0808 0.0963 0.0893 0.0969 0.0871 
         366  1 0.0998 0.1060 0.1149 0.1103 0.0618 0.0781 0.1381 0.1045 0.0848 0.1017 
         367  1 0.0483 0.0484 0.0507 0.0534 0.4541 0.0921 0.0491 0.0558 0.0860 0.0622 
         368  1 0.1051 0.1017 0.1119 0.1152 0.0197 0.0727 0.1196 0.1101 0.1178 0.1262 
         369  1 0.1159 0.1005 0.1099 0.1127 0.0180 0.1048 0.1022 0.1073 0.1065 0.1222 
         370  1 0.0899 0.1165 0.1299 0.1169 0.0370 0.0841 0.0939 0.1501 0.0840 0.0979 
         371  1 0.1022 0.0992 0.1130 0.1292 0.0649 0.0949 0.1060 0.1049 0.0974 0.0883 
         372  1 0.1216 0.1061 0.1103 0.1063 0.0189 0.1083 0.1017 0.1131 0.1045 0.1090 
         373  1 0.0868 0.1046 0.1034 0.1024 0.1004 0.0917 0.1148 0.1025 0.0955 0.0977 
         374  1 0.1081 0.1322 0.1188 0.1080 0.0328 0.0872 0.1095 0.1046 0.0953 0.1035 
         375  1 0.1112 0.0986 0.0833 0.1131 0.0679 0.0858 0.1539 0.0949 0.0794 0.1120 
         376  1 0.1093 0.0944 0.0990 0.0981 0.0412 0.1437 0.1192 0.1054 0.0810 0.1087 
         377  1 0.0923 0.1637 0.1356 0.0926 0.0240 0.0750 0.0975 0.1222 0.1031 0.0941 
         378  1 0.1087 0.0946 0.1168 0.1101 0.0187 0.0781 0.1108 0.1141 0.1198 0.1283 
         379  1 0.1176 0.1071 0.1016 0.1068 0.0348 0.1268 0.1222 0.0916 0.0821 0.1094 
         380  1 0.0947 0.1176 0.1047 0.0978 0.0383 0.0911 0.1171 0.1201 0.1098 0.1087 
         381  1 0.1255 0.1191 0.1062 0.1165 0.0245 0.0810 0.1260 0.1015 0.0941 0.1055 
         382  1 0.1328 0.1368 0.1330 0.1082 0.0195 0.0698 0.0993 0.1180 0.0836 0.0990 
         383  1 0.1208 0.1127 0.0976 0.1038 0.0292 0.1002 0.1337 0.1033 0.0867 0.1120 
         384  1 0.1166 0.1098 0.1374 0.1474 0.0102 0.0819 0.1010 0.0912 0.1099 0.0947 
         385  1 0.0940 0.0981 0.1078 0.1165 0.0682 0.0858 0.1120 0.1039 0.1035 0.1103 
         386  1 0.1061 0.1178 0.1136 0.1122 0.0164 0.0876 0.1015 0.1119 0.1136 0.1193 
         387  1 0.0877 0.0853 0.0790 0.0917 0.0499 0.1652 0.1065 0.0846 0.1325 0.1177 
         388  1 0.0693 0.0878 0.0871 0.0870 0.1986 0.1691 0.0617 0.0915 0.0683 0.0797 
         389  1 0.0810 0.0892 0.0776 0.0850 0.2060 0.1130 0.0969 0.0977 0.0693 0.0844 
         390  1 0.1086 0.0993 0.1043 0.1063 0.0205 0.0922 0.0933 0.1198 0.1395 0.1162 
         391  1 0.1161 0.1272 0.1389 0.1105 0.0334 0.0709 0.1068 0.1107 0.0817 0.1038 
         392  1 0.0962 0.0894 0.0937 0.0878 0.0501 0.1307 0.0992 0.1039 0.1304 0.1186 
         393  1 0.1100 0.1089 0.1052 0.1241 0.0187 0.0753 0.1627 0.1041 0.0871 0.1040 
         394  1 0.0970 0.0975 0.1479 0.1417 0.0405 0.0566 0.0941 0.1383 0.0733 0.1132 
         395  1 0.0923 0.0998 0.1010 0.1151 0.0571 0.0861 0.0776 0.0971 0.1632 0.1107 
         396  1 0.0810 0.0727 0.0524 0.0635 0.0190 0.0882 0.0486 0.1244 0.2772 0.1728 
         397  1 0.1013 0.0974 0.1183 0.0944 0.0963 0.1029 0.1047 0.0903 0.0941 0.1002 
         398  1 0.1150 0.0950 0.1023 0.1159 0.0135 0.0831 0.1512 0.1086 0.1068 0.1085 
         399  1 0.1203 0.1090 0.1300 0.1237 0.0098 0.0696 0.0996 0.1317 0.0862 0.1202 
         400  1 0.0998 0.0973 0.0940 0.1122 0.0507 0.0913 0.1060 0.0968 0.1374 0.1145 
         401  1 0.0829 0.0809 0.0887 0.1034 0.1536 0.0669 0.1049 0.1091 0.0968 0.1128 
         402  1 0.0830 0.0771 0.0854 0.1119 0.0236 0.0833 0.0684 0.1045 0.2264 0.1363 
         403  1 0.0826 0.0669 0.0738 0.0887 0.1401 0.1412 0.0949 0.0898 0.1158 0.1062 
         404  1 0.1287 0.0985 0.1186 0.1299 0.0275 0.0896 0.0904 0.1003 0.1059 0.1105 
         405  1 0.1141 0.1223 0.1045 0.1206 0.0203 0.0731 0.1197 0.0956 0.1126 0.1173 
         406  1 0.0654 0.0622 0.0666 0.0651 0.2735 0.1961 0.0619 0.0711 0.0676 0.0704 
         407  1 0.0910 0.0971 0.0938 0.0955 0.1054 0.1538 0.0931 0.0915 0.0836 0.0953 
         408  1 0.1361 0.1069 0.1100 0.1232 0.0145 0.0770 0.1187 0.1053 0.0903 0.1178 
         409  1 0.0986 0.0981 0.0940 0.1063 0.0368 0.0863 0.1266 0.1137 0.1224 0.1173 
         410  1 0.0869 0.0898 0.0878 0.0911 0.1317 0.1267 0.0947 0.0917 0.0947 0.1050 
         411  1 0.1274 0.1170 0.1049 0.1126 0.0214 0.0877 0.1345 0.0986 0.0835 0.1125 
         412  1 0.1038 0.1103 0.1034 0.1005 0.0232 0.0884 0.1312 0.1033 0.1155 0.1204 
         413  1 0.1208 0.1222 0.1351 0.1027 0.0114 0.0882 0.1176 0.1053 0.0894 0.1074 
         414  1 0.0716 0.1060 0.1032 0.0913 0.1744 0.0765 0.0791 0.1053 0.1065 0.0861 
         415  1 0.1094 0.0993 0.1345 0.1386 0.0225 0.0681 0.1079 0.1230 0.0926 0.1042 
         416  1 0.1339 0.1364 0.1286 0.1053 0.0158 0.0710 0.1141 0.0966 0.0871 0.1113 
         417  1 0.0908 0.1365 0.1643 0.1121 0.0724 0.0742 0.0616 0.1276 0.0781 0.0824 
         418  1 0.1293 0.1049 0.1074 0.1195 0.0153 0.0866 0.1188 0.1040 0.1016 0.1126 
         419  1 0.0988 0.1397 0.1442 0.1136 0.0383 0.0932 0.0833 0.1232 0.0824 0.0831 
         420  1 0.0663 0.0784 0.0760 0.0820 0.3090 0.0725 0.0874 0.0813 0.0734 0.0738 
         421  1 0.1069 0.0877 0.0906 0.1012 0.0204 0.0932 0.0933 0.1180 0.1525 0.1362 
         422  1 0.1318 0.1138 0.1271 0.1152 0.0117 0.0787 0.1147 0.1183 0.0879 0.1010 
         423  1 0.1083 0.1085 0.1285 0.1253 0.0168 0.0690 0.1255 0.1343 0.0790 0.1048 
         424  1 0.1112 0.1156 0.1203 0.0998 0.0632 0.1082 0.1034 0.0992 0.0818 0.0971 
         425  1 0.0912 0.1144 0.1116 0.1185 0.0927 0.0826 0.0892 0.0908 0.1042 0.1048 
         426  1 0.1140 0.1056 0.1057 0.1063 0.0316 0.0949 0.1248 0.1005 0.1055 0.1111 
         427  1 0.1153 0.0994 0.1281 0.1259 0.0125 0.0790 0.1095 0.1124 0.1012 0.1167 
         428  1 0.0764 0.0710 0.0704 0.0742 0.0180 0.0886 0.0541 0.1082 0.2735 0.1657 
         429  1 0.0737 0.0729 0.0649 0.0740 0.2141 0.2002 0.0936 0.0676 0.0684 0.0707 
         430  1 0.1108 0.1037 0.1010 0.1148 0.0229 0.0838 0.1078 0.1099 0.1244 0.1209 
         431  1 0.1219 0.0998 0.1193 0.1230 0.0161 0.0760 0.1089 0.1236 0.0963 0.1150 
         432  1 0.1184 0.1567 0.1271 0.1028 0.0115 0.0720 0.1021 0.1300 0.0861 0.0932 
         433  1 0.1197 0.1377 0.1098 0.1082 0.0107 0.0731 0.1257 0.1141 0.0973 0.1038 
         434  1 0.1135 0.1238 0.1073 0.1050 0.0223 0.0846 0.1256 0.1072 0.1018 0.1088 
         435  1 0.1045 0.1102 0.0939 0.1075 0.0518 0.0835 0.1171 0.1033 0.1167 0.1116 
         436  1 0.0975 0.1040 0.0896 0.1106 0.0288 0.0736 0.1059 0.1080 0.1473 0.1346 
         437  1 0.1189 0.1144 0.0921 0.1244 0.0177 0.0778 0.1509 0.0999 0.0950 0.1090 
         438  1 0.1096 0.1107 0.1230 0.1190 0.0249 0.0815 0.1204 0.1253 0.0830 0.1027 
         439  1 0.0768 0.0835 0.0735 0.0699 0.0407 0.0987 0.0710 0.1093 0.2225 0.1541 
         440  1 0.1398 0.0989 0.1349 0.1087 0.0134 0.0988 0.0990 0.1264 0.0805 0.0997 
         441  1 0.1005 0.0832 0.1205 0.1087 0.0585 0.1282 0.0968 0.1132 0.0825 0.1080 
         442  1 0.0928 0.1110 0.1277 0.1082 0.0982 0.0955 0.0838 0.1139 0.0800 0.0888 
         443  1 0.1074 0.1066 0.1077 0.1239 0.0136 0.0784 0.1611 0.1024 0.0955 0.1033 
         444  1 0.1348 0.1230 0.1154 0.1145 0.0093 0.0761 0.1230 0.1070 0.0864 0.1106 
         445  1 0.1083 0.0964 0.0926 0.1116 0.0253 0.0769 0.1235 0.1205 0.1216 0.1233 
         446  1 0.1308 0.1110 0.1127 0.1198 0.0287 0.0923 0.1047 0.1069 0.0870 0.1061 
         447  1 0.0820 0.0992 0.1062 0.0915 0.2216 0.0715 0.0780 0.0962 0.0758 0.0778 
         448  1 0.1043 0.1057 0.0888 0.1080 0.0214 0.0839 0.1120 0.1118 0.1431 0.1210 
         449  1 0.1340 0.0915 0.1253 0.1157 0.0150 0.0934 0.1413 0.1290 0.0535 0.1014 
         450  1 0.0965 0.0789 0.0922 0.0995 0.1915 0.1128 0.0771 0.0842 0.0857 0.0817 
         451  1 0.0776 0.0786 0.0660 0.0754 0.1993 0.1076 0.0812 0.0868 0.1288 0.0987 
         452  1 0.1305 0.1132 0.1121 0.1253 0.0141 0.0834 0.1122 0.1099 0.0884 0.1108 
         453  1 0.0870 0.0818 0.0763 0.0846 0.0266 0.0999 0.0826 0.1059 0.2089 0.1464 
         454  1 0.1036 0.0981 0.1139 0.1312 0.0256 0.0781 0.1064 0.1233 0.1060 0.1139 
         455  1 0.1099 0.0911 0.1234 0.1417 0.0319 0.0924 0.0919 0.1023 0.1059 0.1094 
         456  1 0.1043 0.1324 0.1284 0.1014 0.0340 0.0854 0.1072 0.0995 0.1044 0.1030 
         457  1 0.1080 0.1009 0.1145 0.1193 0.0123 0.0842 0.0982 0.1195 0.1353 0.1078 
         458  1 0.1227 0.1074 0.1328 0.1076 0.0195 0.0887 0.1147 0.1116 0.0879 0.1071 
         459  1 0.1095 0.0961 0.0839 0.0977 0.0974 0.1222 0.1099 0.0938 0.0935 0.0960 
