           1  1 0.1729 0.1467 0.1911 0.1882 0.1554 0.1456 
           2  1 0.2125 0.1849 0.1731 0.2064 0.1678 0.0553 
           3  1 0.1928 0.1963 0.1913 0.2032 0.1802 0.0362 
           4  1 0.1777 0.1911 0.1691 0.1816 0.1678 0.1128 
           5  1 0.1778 0.1781 0.2530 0.2077 0.1642 0.0193 
           6  1 0.2122 0.1846 0.1790 0.1865 0.1715 0.0661 
           7  1 0.1775 0.2223 0.2021 0.2081 0.1740 0.0160 
           8  1 0.0934 0.1017 0.0905 0.0882 0.0991 0.5270 
           9  1 0.2097 0.2120 0.1832 0.2041 0.1780 0.0131 
          10  1 0.1923 0.2280 0.1790 0.1974 0.1728 0.0306 
          11  1 0.2029 0.1970 0.2002 0.2260 0.1559 0.0179 
          12  1 0.2042 0.1816 0.2084 0.2028 0.1738 0.0294 
          13  1 0.2075 0.2031 0.1757 0.1954 0.1891 0.0291 
          14  1 0.1953 0.2147 0.1863 0.2018 0.1754 0.0265 
          15  1 0.2027 0.1867 0.1675 0.1956 0.1837 0.0639 
          16  1 0.1791 0.2441 0.1509 0.2445 0.1562 0.0251 
          17  1 0.2105 0.2177 0.1749 0.1566 0.2164 0.0240 
          18  1 0.1673 0.1507 0.1280 0.1600 0.1297 0.2642 
          19  1 0.1697 0.1580 0.2159 0.2195 0.1665 0.0705 
          20  1 0.1884 0.2317 0.1751 0.2150 0.1724 0.0174 
          21  1 0.1877 0.2243 0.1750 0.1881 0.1990 0.0260 
          22  1 0.1956 0.1938 0.2065 0.1771 0.2124 0.0147 
          23  1 0.1885 0.1991 0.1764 0.1835 0.1726 0.0800 
          24  1 0.2147 0.1903 0.1802 0.1908 0.1811 0.0429 
          25  1 0.1851 0.1918 0.2227 0.1933 0.1826 0.0245 
          26  1 0.1910 0.1829 0.2168 0.2106 0.1752 0.0235 
          27  1 0.1742 0.1752 0.2310 0.2159 0.1693 0.0344 
          28  1 0.2043 0.2051 0.1739 0.1999 0.1864 0.0303 
          29  1 0.2118 0.2185 0.1541 0.2023 0.1990 0.0144 
          30  1 0.1968 0.2121 0.1835 0.1936 0.1851 0.0290 
          31  1 0.1782 0.1739 0.2071 0.1659 0.2080 0.0669 
          32  1 0.2029 0.1954 0.1847 0.2158 0.1814 0.0199 
          33  1 0.2231 0.1809 0.1575 0.1997 0.1802 0.0585 
          34  1 0.1899 0.1872 0.2050 0.1752 0.2028 0.0399 
          35  1 0.1903 0.2116 0.1746 0.1763 0.2179 0.0292 
          36  1 0.2182 0.2085 0.1828 0.1834 0.1920 0.0151 
          37  1 0.1968 0.1450 0.2353 0.2150 0.1895 0.0185 
          38  1 0.2054 0.1865 0.2099 0.2011 0.1788 0.0184 
          39  1 0.1975 0.2048 0.1906 0.1774 0.1901 0.0396 
          40  1 0.1467 0.1522 0.1587 0.1192 0.1802 0.2430 
          41  1 0.1667 0.2442 0.1825 0.2078 0.1721 0.0267 
          42  1 0.2174 0.2074 0.1735 0.2006 0.1850 0.0161 
          43  1 0.1702 0.1539 0.2266 0.2308 0.1691 0.0495 
          44  1 0.1971 0.2093 0.1847 0.2093 0.1733 0.0264 
          45  1 0.2076 0.2172 0.1713 0.1934 0.1945 0.0159 
          46  1 0.2249 0.1910 0.1605 0.2081 0.1821 0.0333 
          47  1 0.2024 0.1798 0.2079 0.2083 0.1671 0.0344 
          48  1 0.1878 0.1708 0.1840 0.1660 0.1716 0.1198 
          49  1 0.2113 0.1840 0.1964 0.1893 0.1910 0.0281 
          50  1 0.2238 0.2176 0.1547 0.1924 0.1992 0.0124 
          51  1 0.2111 0.2092 0.1667 0.1817 0.1867 0.0447 
          52  1 0.1846 0.2321 0.1790 0.2181 0.1663 0.0199 
          53  1 0.2089 0.1902 0.1949 0.1966 0.1857 0.0236 
          54  1 0.1915 0.1511 0.2036 0.2050 0.1616 0.0872 
          55  1 0.1293 0.1289 0.1219 0.1359 0.1204 0.3636 
          56  1 0.1733 0.2051 0.2120 0.2161 0.1649 0.0286 
          57  1 0.2556 0.1790 0.1627 0.2179 0.1743 0.0104 
          58  1 0.2231 0.1623 0.1839 0.2199 0.1850 0.0258 
          59  1 0.2195 0.1969 0.1591 0.2164 0.1970 0.0110 
          60  1 0.2015 0.1924 0.1948 0.2125 0.1823 0.0166 
          61  1 0.1734 0.1676 0.1619 0.1695 0.1478 0.1797 
          62  1 0.2251 0.1975 0.1640 0.2148 0.1869 0.0117 
          63  1 0.2185 0.1777 0.2007 0.1754 0.1910 0.0367 
          64  1 0.1966 0.2701 0.1478 0.1990 0.1654 0.0212 
          65  1 0.1803 0.1572 0.2385 0.2004 0.1895 0.0341 
          66  1 0.1883 0.2142 0.1901 0.1892 0.1860 0.0322 
          67  1 0.2178 0.2115 0.1736 0.2011 0.1784 0.0175 
          68  1 0.2127 0.1926 0.1786 0.2174 0.1813 0.0173 
          69  1 0.2180 0.1744 0.1707 0.1923 0.1971 0.0475 
          70  1 0.1630 0.1968 0.2181 0.1240 0.2505 0.0476 
          71  1 0.1590 0.1798 0.1300 0.1592 0.1310 0.2410 
          72  1 0.2111 0.2134 0.1669 0.2033 0.1892 0.0161 
          73  1 0.1862 0.1688 0.1914 0.1891 0.1937 0.0708 
          74  1 0.1945 0.1837 0.1714 0.1952 0.1896 0.0657 
          75  1 0.1911 0.1798 0.2031 0.2150 0.1816 0.0294 
          76  1 0.1712 0.2260 0.1623 0.1607 0.1795 0.1003 
          77  1 0.1949 0.1910 0.1714 0.1604 0.1951 0.0872 
          78  1 0.2045 0.1535 0.1919 0.2327 0.1782 0.0392 
          79  1 0.1774 0.1952 0.2297 0.2250 0.1587 0.0140 
          80  1 0.1769 0.1696 0.1698 0.1874 0.1580 0.1384 
          81  1 0.1814 0.1622 0.1607 0.1711 0.1780 0.1466 
          82  1 0.2023 0.1933 0.1710 0.2041 0.1935 0.0359 
          83  1 0.1783 0.2157 0.1748 0.1726 0.1950 0.0636 
          84  1 0.1848 0.1982 0.1965 0.1603 0.2044 0.0558 
          85  1 0.2268 0.1769 0.1728 0.1950 0.1943 0.0341 
          86  1 0.1555 0.1567 0.1655 0.1540 0.1488 0.2195 
          87  1 0.2079 0.1887 0.2031 0.1981 0.1808 0.0212 
          88  1 0.2130 0.1806 0.1691 0.1946 0.1928 0.0499 
          89  1 0.1827 0.2027 0.1937 0.1913 0.1815 0.0480 
          90  1 0.1517 0.1746 0.1351 0.1672 0.1602 0.2113 
          91  1 0.1841 0.1890 0.1947 0.1847 0.1852 0.0624 
          92  1 0.2109 0.2114 0.1637 0.1849 0.1845 0.0447 
          93  1 0.1957 0.2072 0.1743 0.1900 0.1896 0.0431 
          94  1 0.1354 0.1791 0.1336 0.1737 0.1197 0.2584 
          95  1 0.2047 0.2203 0.1657 0.2137 0.1588 0.0368 
          96  1 0.1657 0.2659 0.1587 0.2244 0.1285 0.0567 
          97  1 0.2033 0.1988 0.1988 0.2107 0.1694 0.0190 
          98  1 0.1822 0.1808 0.2244 0.1419 0.2509 0.0197 
          99  1 0.1709 0.2355 0.1944 0.1878 0.1905 0.0209 
         100  1 0.2216 0.1304 0.2195 0.2111 0.1855 0.0320 
         101  1 0.2074 0.1853 0.1611 0.1929 0.1834 0.0698 
         102  1 0.2327 0.1864 0.1683 0.2015 0.1907 0.0203 
         103  1 0.1843 0.1258 0.1643 0.1646 0.1478 0.2133 
         104  1 0.1895 0.1969 0.1969 0.1879 0.1998 0.0290 
         105  1 0.1786 0.2234 0.1940 0.2059 0.1565 0.0417 
         106  1 0.1843 0.2040 0.1892 0.1473 0.2262 0.0490 
         107  1 0.2208 0.1491 0.1867 0.2324 0.1742 0.0368 
         108  1 0.2203 0.1998 0.1517 0.2188 0.1701 0.0393 
         109  1 0.1848 0.1703 0.2241 0.1986 0.1772 0.0450 
         110  1 0.1862 0.1863 0.2044 0.2215 0.1696 0.0320 
         111  1 0.1745 0.1891 0.1946 0.1726 0.2203 0.0489 
         112  1 0.2154 0.1593 0.1945 0.2070 0.1852 0.0387 
         113  1 0.2008 0.2089 0.1763 0.2072 0.1869 0.0198 
         114  1 0.1785 0.2047 0.1722 0.2133 0.1615 0.0699 
         115  1 0.1869 0.1744 0.1994 0.2033 0.1846 0.0514 
         116  1 0.1841 0.1873 0.2010 0.1990 0.2081 0.0205 
         117  1 0.1756 0.1971 0.1865 0.2139 0.1805 0.0463 
         118  1 0.2060 0.1840 0.1813 0.2055 0.1646 0.0586 
         119  1 0.1751 0.1570 0.2445 0.1224 0.2683 0.0327 
         120  1 0.1395 0.1467 0.1583 0.1520 0.1624 0.2409 
         121  1 0.1728 0.1557 0.2205 0.2047 0.1980 0.0484 
         122  1 0.1961 0.1858 0.2015 0.1319 0.2484 0.0364 
         123  1 0.1977 0.1869 0.1891 0.1863 0.2193 0.0206 
         124  1 0.2117 0.1775 0.1912 0.2104 0.1859 0.0233 
         125  1 0.1611 0.1539 0.2230 0.1421 0.2432 0.0768 
         126  1 0.2283 0.1794 0.1852 0.1849 0.2030 0.0192 
         127  1 0.2038 0.1928 0.1805 0.1991 0.1883 0.0355 
         128  1 0.1956 0.1946 0.1960 0.1918 0.2003 0.0218 
         129  1 0.1380 0.1532 0.1590 0.1319 0.1527 0.2652 
         130  1 0.1613 0.1578 0.2251 0.1562 0.2193 0.0802 
         131  1 0.1987 0.2067 0.1784 0.1967 0.1807 0.0389 
         132  1 0.1900 0.2131 0.1876 0.1982 0.1888 0.0222 
         133  1 0.1795 0.1668 0.2383 0.1755 0.2209 0.0191 
         134  1 0.1769 0.2283 0.1667 0.2338 0.1529 0.0414 
         135  1 0.0789 0.0771 0.0870 0.0871 0.0838 0.5862 
         136  1 0.1990 0.1902 0.1760 0.1781 0.2132 0.0436 
         137  1 0.1594 0.1418 0.1725 0.1958 0.1346 0.1958 
         138  1 0.2134 0.1857 0.1797 0.1983 0.1953 0.0276 
         139  1 0.1923 0.1813 0.1929 0.2078 0.1867 0.0390 
         140  1 0.1942 0.1970 0.1843 0.2211 0.1529 0.0505 
         141  1 0.1773 0.1468 0.2241 0.1834 0.1732 0.0953 
         142  1 0.1977 0.1949 0.1652 0.1798 0.1883 0.0741 
         143  1 0.1870 0.1460 0.2340 0.2043 0.1771 0.0516 
         144  1 0.2109 0.2104 0.1703 0.1784 0.2088 0.0212 
         145  1 0.2340 0.1700 0.1765 0.2050 0.1970 0.0176 
         146  1 0.2114 0.1742 0.1681 0.2150 0.1766 0.0546 
         147  1 0.2317 0.1826 0.1670 0.2025 0.1949 0.0213 
         148  1 0.2035 0.2082 0.1705 0.2120 0.1836 0.0222 
         149  1 0.1857 0.1920 0.1787 0.2087 0.1838 0.0511 
         150  1 0.1728 0.1672 0.1506 0.1980 0.1708 0.1406 
         151  1 0.1885 0.2052 0.1857 0.1972 0.1682 0.0551 
         152  1 0.2055 0.1771 0.1737 0.1896 0.2089 0.0452 
         153  1 0.1640 0.2074 0.1972 0.2254 0.1671 0.0389 
         154  1 0.1759 0.2092 0.2209 0.1443 0.2326 0.0170 
         155  1 0.1952 0.1977 0.1840 0.1841 0.1825 0.0564 
         156  1 0.1840 0.1925 0.1954 0.2158 0.1666 0.0457 
         157  1 0.1885 0.1963 0.1874 0.2017 0.1907 0.0354 
         158  1 0.1506 0.1780 0.1627 0.1761 0.1902 0.1424 
         159  1 0.1993 0.2131 0.1726 0.1811 0.1953 0.0386 
         160  1 0.1881 0.2083 0.1965 0.1933 0.1845 0.0292 
         161  1 0.1651 0.1735 0.1578 0.1428 0.1639 0.1969 
         162  1 0.1776 0.1887 0.2155 0.1959 0.1905 0.0318 
         163  1 0.1775 0.1895 0.1739 0.1940 0.1826 0.0826 
         164  1 0.1934 0.1784 0.2091 0.1636 0.2124 0.0431 
         165  1 0.1902 0.2089 0.1992 0.1841 0.1887 0.0290 
         166  1 0.1919 0.1909 0.1856 0.2058 0.1723 0.0534 
         167  1 0.1969 0.1828 0.2092 0.1555 0.2238 0.0317 
         168  1 0.1715 0.1478 0.1520 0.1816 0.1573 0.1898 
         169  1 0.1667 0.2003 0.2205 0.1393 0.2385 0.0348 
         170  1 0.1823 0.2151 0.2020 0.1749 0.2073 0.0183 
         171  1 0.2024 0.2180 0.1609 0.2111 0.1800 0.0276 
         172  1 0.2243 0.2056 0.1762 0.1735 0.1946 0.0257 
         173  1 0.2030 0.1855 0.1639 0.1992 0.1943 0.0541 
         174  1 0.1936 0.2036 0.1832 0.1858 0.1928 0.0410 
         175  1 0.1852 0.1786 0.2174 0.1366 0.2469 0.0353 
         176  1 0.1745 0.2285 0.1642 0.1939 0.1696 0.0694 
         177  1 0.1817 0.1711 0.1827 0.1774 0.1762 0.1109 
         178  1 0.1853 0.1969 0.1844 0.2260 0.1712 0.0362 
         179  1 0.1803 0.1925 0.1938 0.2294 0.1713 0.0327 
         180  1 0.1765 0.1830 0.2064 0.1903 0.2354 0.0084 
         181  1 0.1907 0.1754 0.1934 0.1816 0.1849 0.0740 
         182  1 0.1471 0.1366 0.1487 0.1509 0.1410 0.2757 
         183  1 0.1542 0.1582 0.1896 0.1336 0.2199 0.1445 
         184  1 0.1801 0.1741 0.2004 0.1338 0.2529 0.0588 
         185  1 0.1868 0.2031 0.1737 0.1816 0.1897 0.0651 
         186  1 0.1785 0.2127 0.2085 0.1374 0.2287 0.0343 
         187  1 0.1779 0.2017 0.2236 0.1208 0.2538 0.0221 
         188  1 0.1793 0.1867 0.2176 0.1274 0.2637 0.0253 
         189  1 0.1942 0.1835 0.1942 0.1988 0.1937 0.0356 
         190  1 0.1805 0.1779 0.2256 0.1141 0.2622 0.0397 
         191  1 0.2064 0.2100 0.1738 0.1924 0.1922 0.0253 
         192  1 0.0676 0.0619 0.0765 0.0661 0.0651 0.6628 
         193  1 0.0788 0.0846 0.0847 0.0844 0.0817 0.5858 
         194  1 0.1685 0.1724 0.1822 0.1115 0.2170 0.1484 
         195  1 0.1638 0.1661 0.2078 0.1598 0.2367 0.0659 
         196  1 0.2007 0.1796 0.2227 0.2012 0.1746 0.0212 
         197  1 0.1974 0.1968 0.1612 0.1896 0.1535 0.1015 
         198  1 0.2035 0.2035 0.1778 0.2065 0.1804 0.0284 
         199  1 0.1886 0.1796 0.1825 0.1890 0.1585 0.1017 
         200  1 0.1764 0.1875 0.1942 0.1850 0.1812 0.0757 
         201  1 0.1656 0.1735 0.1661 0.1678 0.1689 0.1580 
         202  1 0.2154 0.2294 0.1747 0.1882 0.1813 0.0111 
         203  1 0.1984 0.1489 0.1919 0.2097 0.1869 0.0642 
         204  1 0.1696 0.1894 0.2282 0.1804 0.2147 0.0178 
         205  1 0.2116 0.1975 0.1733 0.2195 0.1819 0.0163 
         206  1 0.2020 0.2100 0.1853 0.1969 0.1721 0.0337 
         207  1 0.1885 0.1670 0.2239 0.2000 0.1964 0.0242 
         208  1 0.1841 0.1792 0.2179 0.1909 0.2132 0.0148 
         209  1 0.1368 0.1452 0.1404 0.1454 0.1534 0.2789 
         210  1 0.1857 0.1643 0.2366 0.2041 0.1811 0.0282 
         211  1 0.1882 0.1711 0.2115 0.1859 0.2086 0.0347 
         212  1 0.1671 0.1528 0.2081 0.1383 0.2280 0.1057 
         213  1 0.2074 0.1785 0.1819 0.2110 0.1781 0.0432 
         214  1 0.1827 0.1604 0.2116 0.2099 0.1795 0.0558 
         215  1 0.1555 0.1872 0.1997 0.1893 0.2055 0.0627 
         216  1 0.1807 0.1741 0.2087 0.1633 0.2323 0.0409 
         217  1 0.1754 0.1353 0.2622 0.2124 0.1793 0.0354 
         218  1 0.1657 0.1617 0.2523 0.1838 0.2129 0.0236 
         219  1 0.1992 0.1995 0.2252 0.1867 0.1727 0.0168 
         220  1 0.1672 0.1924 0.1857 0.1718 0.1930 0.0898 
         221  1 0.1889 0.2134 0.1804 0.1954 0.1609 0.0610 
         222  1 0.1920 0.1682 0.1795 0.1781 0.1873 0.0948 
         223  1 0.1292 0.1264 0.1413 0.1281 0.1309 0.3441 
         224  1 0.2065 0.2057 0.1768 0.1936 0.1765 0.0409 
         225  1 0.2090 0.1656 0.1929 0.2105 0.1973 0.0248 
         226  1 0.2274 0.1696 0.1713 0.2175 0.1894 0.0248 
         227  1 0.1775 0.1892 0.1826 0.1360 0.1969 0.1178 
         228  1 0.1645 0.1880 0.2182 0.1687 0.2083 0.0524 
         229  1 0.1910 0.1917 0.2109 0.2017 0.1850 0.0197 
         230  1 0.2095 0.2049 0.1833 0.1260 0.2359 0.0404 
         231  1 0.2073 0.2070 0.1688 0.2108 0.1889 0.0173 
         232  1 0.1933 0.1901 0.2052 0.1978 0.1891 0.0244 
         233  1 0.2038 0.1809 0.1937 0.2008 0.1730 0.0478 
         234  1 0.1805 0.1837 0.2109 0.1731 0.2266 0.0252 
         235  1 0.2244 0.1739 0.1724 0.2224 0.1895 0.0174 
         236  1 0.1874 0.1762 0.2165 0.2138 0.1872 0.0189 
         237  1 0.2267 0.1637 0.1767 0.2189 0.1834 0.0307 
         238  1 0.1871 0.1904 0.1632 0.2060 0.1840 0.0694 
         239  1 0.2090 0.2083 0.1731 0.1975 0.2036 0.0086 
         240  1 0.1469 0.1446 0.1808 0.1609 0.1344 0.2323 
         241  1 0.1770 0.2057 0.1836 0.2108 0.2005 0.0225 
         242  1 0.2010 0.1897 0.1602 0.2096 0.1776 0.0619 
         243  1 0.2183 0.1779 0.1767 0.2057 0.1987 0.0228 
         244  1 0.1847 0.1588 0.2348 0.1933 0.1803 0.0479 
         245  1 0.2041 0.1841 0.2056 0.1639 0.2213 0.0210 
         246  1 0.2096 0.2320 0.1633 0.1986 0.1853 0.0113 
         247  1 0.1999 0.1527 0.1954 0.1961 0.1805 0.0753 
         248  1 0.1887 0.1818 0.1924 0.2012 0.1635 0.0724 
         249  1 0.1535 0.1873 0.1590 0.1342 0.1893 0.1766 
         250  1 0.2164 0.1927 0.1762 0.1731 0.2130 0.0286 
         251  1 0.2055 0.2053 0.1819 0.1591 0.2199 0.0283 
         252  1 0.2072 0.1753 0.2006 0.2171 0.1861 0.0136 
         253  1 0.1338 0.1510 0.1503 0.1552 0.1461 0.2637 
         254  1 0.0417 0.0478 0.0509 0.0394 0.0562 0.7640 
         255  1 0.1832 0.2042 0.1735 0.1851 0.1808 0.0732 
         256  1 0.1898 0.1912 0.2241 0.1080 0.2591 0.0278 
         257  1 0.1796 0.1908 0.1683 0.1831 0.1863 0.0919 
         258  1 0.2082 0.2196 0.1595 0.1919 0.1805 0.0403 
         259  1 0.1943 0.1726 0.2209 0.2129 0.1585 0.0408 
         260  1 0.2141 0.1465 0.2388 0.2205 0.1702 0.0098 
         261  1 0.1860 0.1632 0.2430 0.1777 0.2098 0.0203 
         262  1 0.1793 0.1825 0.2195 0.1961 0.1996 0.0230 
         263  1 0.1992 0.1734 0.1938 0.1844 0.1828 0.0664 
         264  1 0.2190 0.1855 0.1769 0.2130 0.1855 0.0200 
         265  1 0.1649 0.1576 0.1552 0.1686 0.1662 0.1876 
         266  1 0.2116 0.1915 0.1663 0.1892 0.2129 0.0285 
         267  1 0.1955 0.1943 0.2119 0.1868 0.1803 0.0311 
         268  1 0.1890 0.1823 0.1952 0.2159 0.1860 0.0316 
         269  1 0.2157 0.1608 0.1953 0.1827 0.1885 0.0570 
         270  1 0.1174 0.1373 0.1513 0.0983 0.1567 0.3390 
         271  1 0.2157 0.1762 0.1739 0.2100 0.1963 0.0280 
         272  1 0.1882 0.2091 0.1807 0.1696 0.2266 0.0258 
         273  1 0.1884 0.1646 0.2419 0.2099 0.1792 0.0161 
         274  1 0.2221 0.2086 0.1540 0.2035 0.1960 0.0159 
         275  1 0.2257 0.1824 0.1724 0.1822 0.1986 0.0388 
         276  1 0.2116 0.1931 0.1710 0.2040 0.1927 0.0276 
         277  1 0.1723 0.1807 0.2185 0.1250 0.2287 0.0747 
         278  1 0.1892 0.1474 0.2065 0.2156 0.1773 0.0639 
         279  1 0.1799 0.2442 0.1832 0.2109 0.1708 0.0111 
         280  1 0.2099 0.1946 0.1835 0.2068 0.1827 0.0225 
         281  1 0.1787 0.1766 0.1646 0.1719 0.1713 0.1370 
         282  1 0.2021 0.1799 0.1754 0.2257 0.1903 0.0266 
         283  1 0.1626 0.1953 0.2287 0.1582 0.2416 0.0137 
         284  1 0.1784 0.1608 0.2391 0.1322 0.2715 0.0181 
         285  1 0.2045 0.1964 0.1809 0.1910 0.1894 0.0378 
         286  1 0.1622 0.1401 0.1545 0.1474 0.1582 0.2377 
         287  1 0.1973 0.2223 0.1668 0.2000 0.1819 0.0317 
         288  1 0.1865 0.1889 0.2117 0.2007 0.1911 0.0212 
         289  1 0.1846 0.1789 0.2153 0.1940 0.1916 0.0356 
         290  1 0.1902 0.1643 0.2346 0.2127 0.1767 0.0216 
         291  1 0.1631 0.1571 0.2383 0.1931 0.2051 0.0433 
         292  1 0.1787 0.1702 0.2309 0.1117 0.2751 0.0335 
         293  1 0.1557 0.1632 0.2559 0.2328 0.1657 0.0267 
         294  1 0.1828 0.2295 0.1719 0.1802 0.2112 0.0245 
         295  1 0.1721 0.1867 0.2078 0.2082 0.1860 0.0393 
         296  1 0.1840 0.1627 0.1436 0.1714 0.1984 0.1398 
         297  1 0.2041 0.1937 0.1650 0.2117 0.1836 0.0419 
         298  1 0.2023 0.2086 0.1842 0.1996 0.1919 0.0135 
         299  1 0.1931 0.1568 0.2115 0.1921 0.1973 0.0492 
         300  1 0.1717 0.1675 0.1701 0.1634 0.1891 0.1381 
         301  1 0.1544 0.1550 0.1440 0.1669 0.1498 0.2300 
         302  1 0.1784 0.2068 0.1966 0.1749 0.1978 0.0455 
         303  1 0.2038 0.1978 0.1772 0.1992 0.1775 0.0446 
         304  1 0.2248 0.1615 0.1702 0.2107 0.1934 0.0394 
         305  1 0.1945 0.2145 0.1956 0.1729 0.1960 0.0266 
         306  1 0.2072 0.1783 0.1718 0.2051 0.1710 0.0667 
         307  1 0.1956 0.2003 0.1997 0.1605 0.2241 0.0197 
         308  1 0.1964 0.2166 0.1588 0.2016 0.1828 0.0438 
         309  1 0.1868 0.2256 0.1741 0.2083 0.1618 0.0433 
         310  1 0.1645 0.2089 0.2170 0.1018 0.2670 0.0407 
         311  1 0.1893 0.2083 0.1906 0.1826 0.1986 0.0305 
         312  1 0.1908 0.1887 0.1977 0.2133 0.1675 0.0420 
         313  1 0.1885 0.2319 0.1777 0.2065 0.1716 0.0237 
         314  1 0.2259 0.1955 0.1549 0.2008 0.1920 0.0310 
         315  1 0.1776 0.1696 0.2199 0.1783 0.2367 0.0179 
         316  1 0.1319 0.1293 0.1190 0.1267 0.1362 0.3569 
         317  1 0.1862 0.1861 0.2069 0.1586 0.2264 0.0357 
         318  1 0.1983 0.1965 0.1805 0.2092 0.1918 0.0238 
         319  1 0.1870 0.2476 0.1667 0.2031 0.1644 0.0312 
         320  1 0.1973 0.1753 0.1866 0.2224 0.1875 0.0309 
         321  1 0.1133 0.1193 0.1157 0.1112 0.1039 0.4366 
         322  1 0.1699 0.2150 0.1853 0.1773 0.2028 0.0497 
         323  1 0.1980 0.2183 0.1582 0.1916 0.1920 0.0419 
         324  1 0.1768 0.1560 0.2476 0.1510 0.2324 0.0362 
         325  1 0.1977 0.2011 0.2010 0.2114 0.1712 0.0175 
         326  1 0.2322 0.2062 0.1644 0.1456 0.2338 0.0179 
         327  1 0.1594 0.1700 0.1583 0.1908 0.1880 0.1335 
         328  1 0.1923 0.1893 0.2024 0.1887 0.2158 0.0115 
         329  1 0.1637 0.2031 0.1900 0.2454 0.1649 0.0329 
         330  1 0.1725 0.1808 0.1886 0.1678 0.1774 0.1130 
         331  1 0.1799 0.1958 0.1825 0.2081 0.1888 0.0451 
         332  1 0.1883 0.1914 0.2137 0.1924 0.1973 0.0169 
         333  1 0.1799 0.2076 0.1906 0.2205 0.1803 0.0211 
         334  1 0.1705 0.1775 0.2350 0.1561 0.2335 0.0274 
         335  1 0.1430 0.1553 0.1651 0.1638 0.1628 0.2100 
         336  1 0.1953 0.1734 0.1654 0.1940 0.1934 0.0785 
         337  1 0.1716 0.2115 0.2253 0.1049 0.2743 0.0124 
         338  1 0.2047 0.1540 0.2335 0.2059 0.1850 0.0169 
         339  1 0.1691 0.2021 0.2201 0.0924 0.2780 0.0383 
         340  1 0.1262 0.1427 0.1407 0.1201 0.1488 0.3214 
         341  1 0.1738 0.1707 0.1923 0.1785 0.1777 0.1070 
         342  1 0.1948 0.1868 0.1976 0.1814 0.2113 0.0280 
         343  1 0.2308 0.1985 0.1591 0.1699 0.2185 0.0231 
         344  1 0.2035 0.2178 0.1586 0.1669 0.2105 0.0427 
         345  1 0.2086 0.1652 0.2111 0.2102 0.1864 0.0185 
         346  1 0.1919 0.2025 0.1719 0.2284 0.1713 0.0340 
         347  1 0.2427 0.1653 0.1642 0.1898 0.2146 0.0233 
         348  1 0.1958 0.1814 0.2111 0.1742 0.1895 0.0479 
         349  1 0.1966 0.1728 0.1990 0.2087 0.1723 0.0506 
         350  1 0.1531 0.1632 0.1652 0.1794 0.1733 0.1659 
         351  1 0.1850 0.2020 0.1686 0.2270 0.1524 0.0651 
         352  1 0.1818 0.2088 0.2118 0.2206 0.1605 0.0165 
         353  1 0.0839 0.0687 0.0725 0.0798 0.0864 0.6085 
         354  1 0.2150 0.1753 0.1990 0.1983 0.1884 0.0239 
         355  1 0.1832 0.1876 0.2141 0.2074 0.1895 0.0182 
         356  1 0.1783 0.1872 0.1890 0.1996 0.1890 0.0569 
         357  1 0.1898 0.1512 0.2144 0.2071 0.1990 0.0385 
         358  1 0.2007 0.1646 0.2238 0.2051 0.1814 0.0244 
         359  1 0.1907 0.1586 0.2089 0.1908 0.1657 0.0854 
         360  1 0.1900 0.1545 0.1985 0.2235 0.1821 0.0513 
         361  1 0.1823 0.2035 0.1907 0.2110 0.1810 0.0315 
         362  1 0.1534 0.1564 0.1548 0.1472 0.1642 0.2240 
         363  1 0.1749 0.1723 0.1638 0.1588 0.1949 0.1353 
         364  1 0.1837 0.1816 0.1942 0.1787 0.2010 0.0608 
         365  1 0.1509 0.1747 0.1471 0.1635 0.1673 0.1964 
         366  1 0.1855 0.2007 0.1600 0.2236 0.1660 0.0642 
         367  1 0.0601 0.0668 0.0672 0.0544 0.0817 0.6698 
         368  1 0.1932 0.2039 0.1829 0.1764 0.2168 0.0268 
         369  1 0.2031 0.1953 0.1777 0.1860 0.2125 0.0253 
         370  1 0.2023 0.1473 0.1926 0.2027 0.2002 0.0548 
         371  1 0.1947 0.1857 0.1629 0.1786 0.1782 0.0999 
         372  1 0.2170 0.2016 0.1746 0.1805 0.1948 0.0316 
         373  1 0.1608 0.1442 0.1862 0.2061 0.1746 0.1281 
         374  1 0.1707 0.1753 0.2255 0.2109 0.1687 0.0489 
         375  1 0.1585 0.2206 0.1683 0.2396 0.1338 0.0793 
         376  1 0.1856 0.1642 0.1908 0.1809 0.1953 0.0831 
         377  1 0.1902 0.1426 0.2479 0.2111 0.1771 0.0311 
         378  1 0.1851 0.2143 0.1791 0.1693 0.2299 0.0224 
         379  1 0.1722 0.2189 0.1745 0.2095 0.1573 0.0676 
         380  1 0.1551 0.1665 0.2280 0.2046 0.1799 0.0660 
         381  1 0.1866 0.2101 0.1806 0.2226 0.1664 0.0337 
         382  1 0.1956 0.2174 0.1801 0.2270 0.1550 0.0247 
         383  1 0.1766 0.2159 0.1689 0.2113 0.1789 0.0485 
         384  1 0.2009 0.2000 0.1913 0.1987 0.1966 0.0126 
         385  1 0.1766 0.1999 0.1714 0.1658 0.1876 0.0986 
         386  1 0.1947 0.1900 0.2106 0.2028 0.1798 0.0222 
         387  1 0.1617 0.1891 0.1711 0.1632 0.1828 0.1321 
         388  1 0.1241 0.0907 0.1242 0.1252 0.1215 0.4143 
         389  1 0.1199 0.1143 0.1265 0.1451 0.1176 0.3765 
         390  1 0.1940 0.2059 0.1882 0.1856 0.1931 0.0332 
         391  1 0.2004 0.1927 0.1839 0.2187 0.1696 0.0348 
         392  1 0.1746 0.1632 0.1997 0.1493 0.2229 0.0903 
         393  1 0.1858 0.2127 0.1936 0.2153 0.1611 0.0314 
         394  1 0.2353 0.1755 0.1603 0.1940 0.1926 0.0423 
         395  1 0.1866 0.1619 0.2097 0.1360 0.2257 0.0801 
         396  1 0.1757 0.1975 0.2321 0.1048 0.2666 0.0232 
         397  1 0.1597 0.1515 0.1476 0.1673 0.1797 0.1942 
         398  1 0.1879 0.2285 0.1878 0.2086 0.1713 0.0159 
         399  1 0.2378 0.1693 0.1756 0.2122 0.1923 0.0129 
         400  1 0.1803 0.1821 0.2114 0.1507 0.2073 0.0683 
         401  1 0.1738 0.1807 0.1501 0.1588 0.1807 0.1559 
         402  1 0.1858 0.1778 0.2171 0.1116 0.2719 0.0358 
         403  1 0.1479 0.1593 0.1633 0.1215 0.1837 0.2243 
         404  1 0.2140 0.1630 0.1939 0.2089 0.1806 0.0395 
         405  1 0.1786 0.1787 0.2231 0.2159 0.1815 0.0222 
         406  1 0.0950 0.0881 0.0918 0.0863 0.0910 0.5479 
         407  1 0.1614 0.1544 0.1442 0.1628 0.1401 0.2371 
         408  1 0.1976 0.2238 0.1702 0.2149 0.1755 0.0179 
         409  1 0.1670 0.2180 0.1891 0.1874 0.1891 0.0495 
         410  1 0.1490 0.1569 0.1568 0.1473 0.1684 0.2216 
         411  1 0.1868 0.2234 0.1956 0.2091 0.1587 0.0263 
         412  1 0.1860 0.1872 0.2000 0.1753 0.2207 0.0308 
         413  1 0.2047 0.2048 0.2001 0.1993 0.1763 0.0149 
         414  1 0.1775 0.1589 0.1738 0.1766 0.1822 0.1309 
         415  1 0.2182 0.1877 0.1644 0.1933 0.2076 0.0288 
         416  1 0.1836 0.2037 0.2005 0.2235 0.1699 0.0187 
         417  1 0.2349 0.1465 0.1797 0.2071 0.1777 0.0540 
         418  1 0.2000 0.2062 0.1837 0.2012 0.1890 0.0199 
         419  1 0.2029 0.1506 0.1815 0.2234 0.1934 0.0482 
         420  1 0.1111 0.1129 0.1021 0.1217 0.1151 0.4371 
         421  1 0.1948 0.1982 0.1986 0.1391 0.2368 0.0325 
         422  1 0.2094 0.1999 0.1719 0.2207 0.1835 0.0145 
         423  1 0.2202 0.1714 0.1969 0.2126 0.1782 0.0207 
         424  1 0.1797 0.1668 0.1732 0.1866 0.1743 0.1195 
         425  1 0.1758 0.1685 0.2052 0.1585 0.1923 0.0998 
         426  1 0.1728 0.2215 0.1765 0.1983 0.1852 0.0456 
         427  1 0.1991 0.2113 0.1681 0.2094 0.1951 0.0170 
         428  1 0.1832 0.1778 0.2294 0.0793 0.3029 0.0274 
         429  1 0.1230 0.1268 0.1068 0.1282 0.1187 0.3964 
         430  1 0.1982 0.2082 0.1886 0.1768 0.1980 0.0301 
         431  1 0.1936 0.1960 0.1741 0.2096 0.2046 0.0221 
         432  1 0.1891 0.1536 0.2413 0.2331 0.1668 0.0161 
         433  1 0.1758 0.1935 0.2362 0.2190 0.1607 0.0148 
         434  1 0.1619 0.1622 0.2422 0.1993 0.2042 0.0302 
         435  1 0.1741 0.1858 0.2137 0.1769 0.1938 0.0557 
         436  1 0.1758 0.2049 0.2042 0.1536 0.2287 0.0328 
         437  1 0.1843 0.2201 0.1787 0.2210 0.1725 0.0234 
         438  1 0.1900 0.2092 0.1719 0.1946 0.1997 0.0345 
         439  1 0.1692 0.1774 0.2211 0.1012 0.2770 0.0541 
         440  1 0.2172 0.2195 0.1582 0.1940 0.1943 0.0168 
         441  1 0.2041 0.1739 0.1567 0.1670 0.1945 0.1039 
         442  1 0.1878 0.1388 0.1651 0.1762 0.1655 0.1666 
         443  1 0.1882 0.2184 0.1868 0.2166 0.1707 0.0193 
         444  1 0.1950 0.2254 0.1679 0.2349 0.1642 0.0127 
         445  1 0.1759 0.2208 0.1839 0.1750 0.2068 0.0375 
         446  1 0.2097 0.1795 0.1706 0.2284 0.1743 0.0377 
         447  1 0.1615 0.1380 0.1470 0.1544 0.1483 0.2507 
         448  1 0.1885 0.2095 0.1840 0.1843 0.2001 0.0337 
         449  1 0.2095 0.2658 0.1426 0.1977 0.1629 0.0214 
         450  1 0.1606 0.1355 0.1266 0.1443 0.1331 0.2998 
         451  1 0.1282 0.1341 0.1305 0.1077 0.1483 0.3512 
         452  1 0.2225 0.1910 0.1757 0.2227 0.1690 0.0192 
         453  1 0.1764 0.2000 0.2075 0.1321 0.2368 0.0472 
         454  1 0.2070 0.1880 0.1799 0.1715 0.2158 0.0378 
         455  1 0.2216 0.1812 0.1634 0.2015 0.1943 0.0380 
         456  1 0.1846 0.1814 0.2190 0.2021 0.1667 0.0462 
         457  1 0.2129 0.1882 0.2047 0.1659 0.2114 0.0169 
         458  1 0.1994 0.1959 0.1837 0.2087 0.1879 0.0244 
         459  1 0.1643 0.1814 0.1550 0.1859 0.1332 0.1802 
         460  1 0.0998 0.1027 0.1034 0.1127 0.1054 0.4759 
         461  1 0.1914 0.1966 0.1749 0.1944 0.1811 0.0615 
         462  1 0.1826 0.2088 0.1898 0.1898 0.2080 0.0210 
         463  1 0.2117 0.2040 0.1744 0.2049 0.1854 0.0196 
         464  1 0.1849 0.1957 0.2099 0.2163 0.1675 0.0257 
         465  1 0.1962 0.1871 0.1810 0.1761 0.1928 0.0667 
         466  1 0.1677 0.1627 0.1418 0.1574 0.1520 0.2184 
         467  1 0.1952 0.1825 0.2041 0.2157 0.1805 0.0220 
         468  1 0.1949 0.1981 0.1823 0.2011 0.1881 0.0354 
         469  1 0.2170 0.1974 0.1874 0.1683 0.2164 0.0135 
         470  1 0.1841 0.1660 0.1560 0.1862 0.1605 0.1472 
         471  1 0.1779 0.1620 0.1801 0.1832 0.1683 0.1284 
         472  1 0.1878 0.2427 0.1518 0.1952 0.1582 0.0642 
         473  1 0.1820 0.1748 0.2307 0.2144 0.1777 0.0204 
         474  1 0.1904 0.1675 0.2265 0.1971 0.1746 0.0440 
         475  1 0.2026 0.1523 0.2554 0.2171 0.1615 0.0111 
         476  1 0.1309 0.1407 0.1322 0.1355 0.1303 0.3305 
         477  1 0.2038 0.1740 0.1864 0.1699 0.1822 0.0836 
         478  1 0.1934 0.2050 0.1830 0.2032 0.1581 0.0574 
         479  1 0.1918 0.1547 0.2241 0.2155 0.1641 0.0497 
         480  1 0.1827 0.1791 0.2158 0.1808 0.1612 0.0804 
         481  1 0.1830 0.1684 0.1786 0.1538 0.2038 0.1124 
         482  1 0.1673 0.1552 0.1649 0.1266 0.2033 0.1827 
         483  1 0.1711 0.2421 0.1882 0.1727 0.2077 0.0182 
         484  1 0.1606 0.2046 0.1821 0.1609 0.1893 0.1025 
         485  1 0.1765 0.1684 0.1597 0.1567 0.1699 0.1687 
         486  1 0.1718 0.1660 0.2039 0.1711 0.1775 0.1098 
         487  1 0.1959 0.1961 0.1809 0.2012 0.1882 0.0377 
         488  1 0.1455 0.2113 0.1511 0.1834 0.1481 0.1605 
         489  1 0.2093 0.2143 0.1730 0.1816 0.1952 0.0265 
         490  1 0.1834 0.1730 0.1944 0.2021 0.1909 0.0562 
         491  1 0.1897 0.2055 0.1739 0.2072 0.1702 0.0536 
         492  1 0.1824 0.1941 0.1642 0.1879 0.1758 0.0956 
         493  1 0.2141 0.2200 0.1882 0.1672 0.1949 0.0155 
         494  1 0.1731 0.1879 0.2044 0.2334 0.1785 0.0227 
         495  1 0.1821 0.1649 0.2219 0.2046 0.1643 0.0622 
         496  1 0.1567 0.1842 0.1953 0.1387 0.2247 0.1004 
         497  1 0.2086 0.1906 0.1842 0.1962 0.1901 0.0304 
         498  1 0.2241 0.2222 0.1602 0.1852 0.1901 0.0181 
         499  1 0.1391 0.1338 0.1260 0.1511 0.1277 0.3224 
         500  1 0.2051 0.1790 0.1969 0.2222 0.1771 0.0198 
         501  1 0.1812 0.1426 0.1831 0.1773 0.1596 0.1563 
         502  1 0.1870 0.2058 0.1867 0.1954 0.1973 0.0278 
         503  1 0.1943 0.2135 0.1910 0.1507 0.2301 0.0203 
         504  1 0.2353 0.2028 0.1560 0.1869 0.2090 0.0100 
         505  1 0.0905 0.0951 0.0873 0.0863 0.1010 0.5398 
         506  1 0.1063 0.1313 0.1100 0.0825 0.1341 0.4359 
         507  1 0.1490 0.2007 0.1618 0.2016 0.1609 0.1261 
         508  1 0.2152 0.2094 0.1653 0.1931 0.1876 0.0293 
         509  1 0.1258 0.1010 0.1107 0.1102 0.1150 0.4374 
         510  1 0.1926 0.1616 0.2011 0.1860 0.1989 0.0599 
         511  1 0.1821 0.1734 0.2188 0.2101 0.1876 0.0279 
         512  1 0.1432 0.1389 0.1884 0.1496 0.1511 0.2289 
         513  1 0.1897 0.2005 0.1889 0.1983 0.1760 0.0465 
         514  1 0.1530 0.1473 0.1494 0.1369 0.1447 0.2687 
         515  1 0.1725 0.2069 0.1601 0.1594 0.2008 0.1004 
         516  1 0.1776 0.1698 0.1443 0.1570 0.1738 0.1774 
         517  1 0.1899 0.2389 0.1636 0.2353 0.1453 0.0270 
         518  1 0.1574 0.2490 0.1760 0.2151 0.1534 0.0491 
         519  1 0.1881 0.2068 0.2183 0.2020 0.1724 0.0125 
         520  1 0.1938 0.2215 0.1438 0.2125 0.1648 0.0635 
         521  1 0.1818 0.1927 0.1834 0.2155 0.1783 0.0482 
         522  1 0.1186 0.1564 0.1177 0.1340 0.1292 0.3441 
         523  1 0.2350 0.1733 0.1784 0.2132 0.1809 0.0192 
         524  1 0.1714 0.1825 0.1795 0.2171 0.1775 0.0720 
         525  1 0.1585 0.1205 0.1998 0.1842 0.1500 0.1871 
         526  1 0.2213 0.1819 0.1964 0.2012 0.1823 0.0168 
         527  1 0.1549 0.1521 0.1238 0.1342 0.1296 0.3055 
         528  1 0.1556 0.1752 0.1810 0.1472 0.1740 0.1670 
         529  1 0.2030 0.1912 0.1831 0.1560 0.2257 0.0410 
         530  1 0.1794 0.1841 0.1539 0.1725 0.1794 0.1307 
         531  1 0.2060 0.1657 0.1931 0.1876 0.1851 0.0626 
         532  1 0.1946 0.1999 0.1814 0.1977 0.1842 0.0422 
         533  1 0.1910 0.2098 0.1979 0.1832 0.1857 0.0325 
         534  1 0.2027 0.2152 0.1641 0.1961 0.1839 0.0381 
         535  1 0.1869 0.1907 0.1877 0.1775 0.1868 0.0704 
         536  1 0.1966 0.1698 0.1990 0.1861 0.1588 0.0896 
         537  1 0.1489 0.2324 0.1707 0.1653 0.2141 0.0686 
         538  1 0.0973 0.0873 0.0894 0.0920 0.0849 0.5490 
         539  1 0.1858 0.1692 0.1446 0.1588 0.1723 0.1693 
         540  1 0.2189 0.1870 0.1789 0.2023 0.1839 0.0291 
         541  1 0.2255 0.1581 0.1908 0.2010 0.2057 0.0189 
         542  1 0.1784 0.2116 0.1967 0.2090 0.1834 0.0209 
         543  1 0.2245 0.2037 0.1717 0.2029 0.1801 0.0171 
         544  1 0.1943 0.1794 0.2011 0.2195 0.1759 0.0297 
         545  1 0.2024 0.1964 0.1750 0.1844 0.2058 0.0360 
         546  1 0.2334 0.1822 0.1849 0.2149 0.1721 0.0125 
         547  1 0.1871 0.1723 0.2023 0.2176 0.1730 0.0477 
         548  1 0.2223 0.1937 0.1654 0.2111 0.1895 0.0181 
         549  1 0.2008 0.1672 0.2155 0.2098 0.1827 0.0240 
         550  1 0.2007 0.1831 0.2292 0.1965 0.1773 0.0132 
         551  1 0.2377 0.1755 0.1739 0.1915 0.1997 0.0217 
         552  1 0.1746 0.1961 0.2108 0.2147 0.1582 0.0456 
         553  1 0.2023 0.2009 0.1764 0.1855 0.1916 0.0432 
         554  1 0.1986 0.1810 0.2200 0.2175 0.1632 0.0197 
         555  1 0.1519 0.2184 0.1782 0.2271 0.1619 0.0625 
         556  1 0.1806 0.2104 0.1842 0.1505 0.2002 0.0741 
         557  1 0.1769 0.1765 0.1890 0.1440 0.2000 0.1135 
         558  1 0.1593 0.1985 0.1641 0.1395 0.1908 0.1478 
         559  1 0.0342 0.0335 0.0395 0.0329 0.0445 0.8153 
         560  1 0.1867 0.1788 0.1978 0.2031 0.1546 0.0791 
         561  1 0.0530 0.0842 0.0534 0.0707 0.0485 0.6902 
         562  1 0.1466 0.1616 0.1650 0.1582 0.1592 0.2093 
         563  1 0.0432 0.0392 0.0379 0.0413 0.0395 0.7989 
         564  1 0.1124 0.1310 0.1060 0.1266 0.1125 0.4116 
         565  1 0.0364 0.0321 0.0342 0.0342 0.0323 0.8308 
         566  1 0.1632 0.1580 0.1501 0.1576 0.1600 0.2111 
         567  1 0.1168 0.1068 0.1146 0.1116 0.0958 0.4543 
         568  1 0.1891 0.1632 0.1921 0.2040 0.1913 0.0603 
         569  1 0.1184 0.1682 0.1172 0.1555 0.1189 0.3219 
         570  1 0.1526 0.1841 0.1655 0.1463 0.1818 0.1697 
         571  1 0.1209 0.1416 0.1096 0.1388 0.1400 0.3491 
         572  1 0.0719 0.0947 0.0798 0.0907 0.0746 0.5883 
         573  1 0.0316 0.0353 0.0276 0.0325 0.0316 0.8414 
         574  1 0.1726 0.1542 0.1483 0.1619 0.1710 0.1920 
         575  1 0.1158 0.0988 0.1048 0.1313 0.1074 0.4419 
         576  1 0.0978 0.0985 0.1023 0.1069 0.0970 0.4975 
         577  1 0.0478 0.0483 0.0414 0.0509 0.0472 0.7644 
         578  1 0.1240 0.1227 0.1158 0.1288 0.1178 0.3909 
         579  1 0.0820 0.0801 0.0812 0.0759 0.0876 0.5933 
         580  1 0.0516 0.0427 0.0425 0.0509 0.0510 0.7613 
         581  1 0.1197 0.1203 0.0944 0.1247 0.1033 0.4376 
         582  1 0.0530 0.0606 0.0545 0.0632 0.0588 0.7099 
         583  1 0.0287 0.0309 0.0317 0.0269 0.0339 0.8479 
         584  1 0.0363 0.0382 0.0404 0.0331 0.0385 0.8136 
         585  1 0.0426 0.0419 0.0414 0.0436 0.0439 0.7866 
         586  1 0.1536 0.1330 0.1247 0.1461 0.1450 0.2975 
         587  1 0.1679 0.1682 0.1705 0.1797 0.1682 0.1455 
         588  1 0.1641 0.1740 0.1336 0.1704 0.1498 0.2081 
         589  1 0.1380 0.1760 0.1752 0.2239 0.1386 0.1483 
         590  1 0.0215 0.0238 0.0217 0.0229 0.0227 0.8874 
         591  1 0.0933 0.1080 0.0904 0.0954 0.0931 0.5199 
         592  1 0.0616 0.0668 0.0700 0.0676 0.0586 0.6754 
         593  1 0.0957 0.0981 0.1058 0.0856 0.1166 0.4982 
         594  1 0.0211 0.0198 0.0211 0.0207 0.0202 0.8971 
         595  1 0.0371 0.0404 0.0312 0.0375 0.0379 0.8160 
         596  1 0.0758 0.0838 0.0672 0.0766 0.0709 0.6257 
         597  1 0.0593 0.0567 0.0557 0.0545 0.0593 0.7145 
         598  1 0.0135 0.0151 0.0144 0.0139 0.0129 0.9302 
         599  1 0.0452 0.0526 0.0500 0.0450 0.0521 0.7551 
         600  1 0.1814 0.1894 0.1999 0.1291 0.2505 0.0496 
         601  1 0.0770 0.0709 0.0719 0.0728 0.0773 0.6300 
         602  1 0.0151 0.0145 0.0144 0.0155 0.0156 0.9250 
         603  1 0.0912 0.1313 0.0970 0.1341 0.0978 0.4485 
         604  1 0.0808 0.0748 0.0963 0.0540 0.1076 0.5865 
         605  1 0.0604 0.0561 0.0510 0.0546 0.0560 0.7218 
         606  1 0.1736 0.1270 0.1714 0.1758 0.1533 0.1989 
         607  1 0.1731 0.1647 0.1952 0.1525 0.1919 0.1226 
         608  1 0.0578 0.0599 0.0563 0.0601 0.0584 0.7076 
         609  1 0.1293 0.1723 0.1615 0.1879 0.1558 0.1932 
         610  1 0.0294 0.0272 0.0339 0.0258 0.0306 0.8531 
         611  1 0.1521 0.1715 0.1599 0.1666 0.1603 0.1896 
         612  1 0.0187 0.0183 0.0186 0.0204 0.0175 0.9065 
         613  1 0.1507 0.1749 0.1617 0.1413 0.1729 0.1984 
         614  1 0.0650 0.0725 0.0600 0.0720 0.0687 0.6619 
         615  1 0.0855 0.1131 0.1151 0.0920 0.1286 0.4656 
         616  1 0.1009 0.1043 0.1320 0.0702 0.1568 0.4357 
         617  1 0.1014 0.0907 0.0964 0.0979 0.0988 0.5149 
         618  1 0.0288 0.0358 0.0308 0.0321 0.0321 0.8405 
         619  1 0.0174 0.0168 0.0173 0.0165 0.0164 0.9156 
         620  1 0.0144 0.0155 0.0150 0.0132 0.0168 0.9251 
         621  1 0.0459 0.0441 0.0485 0.0402 0.0461 0.7752 
         622  1 0.0334 0.0371 0.0313 0.0336 0.0320 0.8325 
         623  1 0.0235 0.0225 0.0232 0.0244 0.0228 0.8836 
         624  1 0.0457 0.0414 0.0411 0.0394 0.0419 0.7904 
         625  1 0.0266 0.0286 0.0283 0.0295 0.0275 0.8594 
         626  1 0.0122 0.0125 0.0131 0.0125 0.0124 0.9372 
         627  1 0.0218 0.0238 0.0250 0.0237 0.0238 0.8819 
         628  1 0.0182 0.0179 0.0157 0.0184 0.0162 0.9136 
         629  1 0.0209 0.0200 0.0196 0.0194 0.0216 0.8985 
         630  1 0.0323 0.0324 0.0318 0.0337 0.0312 0.8386 
         631  1 0.0191 0.0211 0.0195 0.0193 0.0176 0.9034 
         632  1 0.0948 0.1576 0.1419 0.1647 0.1098 0.3311 
         633  1 0.0165 0.0153 0.0154 0.0157 0.0163 0.9208 
         634  1 0.1512 0.1328 0.1430 0.1472 0.1468 0.2790 
         635  1 0.1022 0.1003 0.0992 0.1101 0.1050 0.4833 
         636  1 0.0598 0.0785 0.0677 0.0591 0.0788 0.6562 
         637  1 0.0145 0.0151 0.0145 0.0146 0.0147 0.9267 
         638  1 0.1080 0.1112 0.1228 0.1275 0.1122 0.4183 
         639  1 0.0221 0.0252 0.0215 0.0245 0.0223 0.8843 
         640  1 0.0315 0.0344 0.0335 0.0313 0.0360 0.8333 
         641  1 0.0316 0.0262 0.0324 0.0309 0.0305 0.8485 
         642  1 0.0617 0.0687 0.0582 0.0696 0.0564 0.6854 
         643  1 0.0225 0.0247 0.0234 0.0248 0.0219 0.8827 
         644  1 0.0491 0.0536 0.0569 0.0531 0.0535 0.7337 
         645  1 0.0592 0.0824 0.0723 0.0764 0.0707 0.6391 
         646  1 0.0300 0.0285 0.0304 0.0246 0.0356 0.8509 
         647  1 0.1665 0.1734 0.1762 0.1854 0.1515 0.1470 
         648  1 0.1226 0.1431 0.1362 0.1512 0.1302 0.3167 
         649  1 0.0227 0.0270 0.0266 0.0232 0.0301 0.8704 
         650  1 0.1248 0.1298 0.1801 0.0703 0.2108 0.2842 
         651  1 0.0324 0.0389 0.0321 0.0366 0.0337 0.8263 
         652  1 0.0468 0.0589 0.0479 0.0632 0.0461 0.7372 
         653  1 0.0538 0.0592 0.0590 0.0633 0.0549 0.7098 
         654  1 0.0220 0.0215 0.0234 0.0235 0.0227 0.8869 
         655  1 0.0294 0.0291 0.0271 0.0301 0.0261 0.8581 
         656  1 0.0111 0.0109 0.0115 0.0114 0.0120 0.9432 
         657  1 0.0183 0.0168 0.0169 0.0175 0.0195 0.9110 
         658  1 0.0446 0.0432 0.0464 0.0440 0.0462 0.7755 
         659  1 0.1286 0.1489 0.1350 0.1118 0.1498 0.3260 
         660  1 0.0171 0.0176 0.0156 0.0182 0.0185 0.9130 
         661  1 0.1214 0.1492 0.1416 0.1402 0.1351 0.3125 
         662  1 0.0163 0.0159 0.0163 0.0167 0.0167 0.9182 
         663  1 0.0630 0.0597 0.0636 0.0664 0.0627 0.6846 
         664  1 0.0597 0.0645 0.0558 0.0618 0.0622 0.6959 
         665  1 0.0194 0.0214 0.0212 0.0224 0.0181 0.8975 
         666  1 0.0215 0.0214 0.0230 0.0232 0.0244 0.8865 
         667  1 0.0540 0.0493 0.0590 0.0562 0.0523 0.7294 
         668  1 0.0494 0.0570 0.0592 0.0494 0.0648 0.7201 
