           1  1 0.0858 0.1317 0.1322 0.1053 0.1257 0.1004 0.0987 0.1030 0.1171 
           2  1 0.0364 0.1097 0.1202 0.1193 0.1203 0.1337 0.1178 0.1205 0.1221 
           3  1 0.0235 0.1340 0.1212 0.1200 0.1360 0.1082 0.1248 0.1093 0.1230 
           4  1 0.0726 0.1148 0.1119 0.1169 0.1246 0.1199 0.1130 0.1151 0.1111 
           5  1 0.0136 0.1407 0.1192 0.1221 0.1291 0.1156 0.1240 0.0943 0.1413 
           6  1 0.0450 0.1059 0.1056 0.1516 0.1095 0.1277 0.1219 0.1236 0.1093 
           7  1 0.0119 0.1429 0.1792 0.1062 0.1117 0.0999 0.1056 0.1069 0.1357 
           8  1 0.4043 0.0768 0.0787 0.0800 0.0670 0.0718 0.0754 0.0787 0.0673 
           9  1 0.0090 0.1139 0.0888 0.1356 0.1203 0.1467 0.1346 0.1206 0.1305 
          10  1 0.0210 0.1474 0.1741 0.1155 0.1098 0.1003 0.0978 0.1083 0.1257 
          11  1 0.0134 0.1329 0.1253 0.1374 0.1247 0.1227 0.1206 0.1041 0.1188 
          12  1 0.0186 0.1384 0.1097 0.1201 0.1345 0.1204 0.1126 0.1120 0.1337 
          13  1 0.0227 0.1054 0.1134 0.1411 0.1166 0.1278 0.1262 0.1308 0.1159 
          14  1 0.0156 0.1168 0.1165 0.1352 0.1290 0.1116 0.1236 0.1096 0.1420 
          15  1 0.0428 0.1050 0.1228 0.1397 0.1122 0.1235 0.1251 0.1080 0.1209 
          16  1 0.0173 0.1330 0.1946 0.0971 0.1119 0.1066 0.1087 0.0910 0.1398 
          17  1 0.0181 0.0884 0.0840 0.1389 0.1060 0.1430 0.1592 0.1371 0.1252 
          18  1 0.1980 0.0974 0.0907 0.1042 0.1039 0.0978 0.1115 0.0991 0.0975 
          19  1 0.0457 0.1529 0.1212 0.1063 0.1288 0.1033 0.1158 0.1030 0.1230 
          20  1 0.0135 0.1458 0.1854 0.1034 0.1121 0.1031 0.1104 0.1047 0.1215 
          21  1 0.0172 0.1040 0.1265 0.1219 0.1051 0.1223 0.1489 0.1344 0.1196 
          22  1 0.0125 0.0975 0.0872 0.1594 0.0972 0.1562 0.1424 0.1418 0.1056 
          23  1 0.0533 0.1084 0.1068 0.1275 0.1122 0.1286 0.1217 0.1154 0.1260 
          24  1 0.0353 0.1110 0.1003 0.1311 0.1219 0.1254 0.1338 0.1143 0.1268 
          25  1 0.0172 0.1149 0.1093 0.1322 0.1204 0.1360 0.1311 0.1375 0.1013 
          26  1 0.0173 0.1367 0.1295 0.1189 0.1420 0.1043 0.1180 0.1006 0.1327 
          27  1 0.0237 0.1425 0.1211 0.1156 0.1372 0.1140 0.1272 0.0931 0.1256 
          28  1 0.0246 0.1091 0.1213 0.1316 0.1051 0.1312 0.1267 0.1162 0.1342 
          29  1 0.0102 0.0857 0.0760 0.1495 0.1093 0.1576 0.1498 0.1365 0.1254 
          30  1 0.0194 0.1141 0.1238 0.1212 0.0995 0.1351 0.1409 0.1278 0.1182 
          31  1 0.0547 0.1105 0.1128 0.1260 0.1048 0.1201 0.1236 0.1374 0.1102 
          32  1 0.0141 0.1130 0.0953 0.1470 0.1235 0.1426 0.1288 0.1198 0.1161 
          33  1 0.0414 0.0991 0.0897 0.1607 0.1176 0.1393 0.1152 0.1247 0.1124 
          34  1 0.0256 0.1201 0.1164 0.1197 0.1178 0.1254 0.1235 0.1335 0.1181 
          35  1 0.0202 0.1260 0.1236 0.1205 0.1012 0.1209 0.1321 0.1214 0.1341 
          36  1 0.0113 0.0940 0.1062 0.1514 0.1067 0.1457 0.1437 0.1204 0.1206 
          37  1 0.0136 0.1545 0.0874 0.1305 0.1454 0.1341 0.1281 0.0862 0.1203 
          38  1 0.0128 0.1343 0.1193 0.1296 0.1208 0.1324 0.1209 0.1120 0.1179 
          39  1 0.0279 0.1181 0.1077 0.1307 0.1135 0.1168 0.1419 0.1178 0.1256 
          40  1 0.1499 0.0836 0.0854 0.1256 0.0922 0.1120 0.1197 0.1400 0.0916 
          41  1 0.0204 0.1238 0.1482 0.1270 0.1072 0.1080 0.1407 0.1055 0.1193 
          42  1 0.0111 0.1095 0.1160 0.1297 0.1123 0.1322 0.1231 0.1345 0.1315 
          43  1 0.0333 0.1746 0.1391 0.0934 0.1338 0.1029 0.1076 0.0954 0.1199 
          44  1 0.0172 0.1231 0.1273 0.1306 0.1279 0.1113 0.1216 0.1090 0.1319 
          45  1 0.0118 0.0839 0.0774 0.1489 0.1084 0.1586 0.1652 0.1358 0.1102 
          46  1 0.0253 0.0922 0.0799 0.1578 0.1357 0.1315 0.1321 0.1220 0.1235 
          47  1 0.0247 0.1184 0.1033 0.1184 0.1450 0.1268 0.1271 0.1096 0.1267 
          48  1 0.0706 0.1147 0.1048 0.1059 0.1118 0.1214 0.1247 0.1194 0.1267 
          49  1 0.0181 0.1331 0.1148 0.1261 0.1148 0.1220 0.1309 0.1227 0.1175 
          50  1 0.0090 0.0814 0.0744 0.1767 0.1072 0.1627 0.1448 0.1257 0.1181 
          51  1 0.0317 0.1126 0.1144 0.1230 0.1120 0.1292 0.1336 0.1259 0.1175 
          52  1 0.0140 0.1353 0.1595 0.1216 0.1052 0.1051 0.1312 0.0952 0.1328 
          53  1 0.0165 0.1082 0.1129 0.1272 0.1185 0.1261 0.1247 0.1275 0.1382 
          54  1 0.0634 0.1311 0.1057 0.1169 0.1454 0.1206 0.1079 0.0973 0.1118 
          55  1 0.2435 0.0964 0.0935 0.0940 0.0950 0.0933 0.0930 0.0965 0.0948 
          56  1 0.0192 0.1486 0.1765 0.1185 0.1263 0.0861 0.0974 0.0993 0.1280 
          57  1 0.0077 0.0902 0.0858 0.1608 0.1184 0.1566 0.1329 0.1217 0.1259 
          58  1 0.0196 0.1003 0.0780 0.1325 0.1580 0.1436 0.1224 0.1126 0.1331 
          59  1 0.0088 0.0896 0.0776 0.1366 0.1348 0.1524 0.1502 0.1238 0.1262 
          60  1 0.0118 0.1300 0.1171 0.1270 0.1124 0.1281 0.1274 0.1192 0.1269 
          61  1 0.1104 0.1114 0.1071 0.1115 0.1206 0.1083 0.1111 0.1047 0.1149 
          62  1 0.0084 0.0877 0.0863 0.1526 0.1080 0.1622 0.1453 0.1276 0.1219 
          63  1 0.0288 0.1080 0.1031 0.1290 0.1224 0.1274 0.1251 0.1276 0.1287 
          64  1 0.0162 0.1189 0.1602 0.1134 0.0995 0.1209 0.1262 0.1247 0.1201 
          65  1 0.0240 0.1462 0.1007 0.1131 0.1247 0.1313 0.1259 0.1086 0.1256 
          66  1 0.0237 0.1211 0.1151 0.1224 0.1203 0.1278 0.1235 0.1174 0.1289 
          67  1 0.0124 0.1118 0.1017 0.1266 0.1172 0.1373 0.1425 0.1315 0.1190 
          68  1 0.0121 0.1180 0.1127 0.1342 0.1156 0.1286 0.1287 0.1252 0.1250 
          69  1 0.0352 0.1055 0.0998 0.1239 0.1356 0.1380 0.1153 0.1072 0.1395 
          70  1 0.0299 0.0914 0.0838 0.1475 0.0981 0.1440 0.1544 0.1658 0.0850 
          71  1 0.1804 0.1009 0.1176 0.0937 0.0999 0.0988 0.1081 0.0922 0.1084 
          72  1 0.0109 0.0876 0.0810 0.1474 0.1020 0.1554 0.1565 0.1424 0.1167 
          73  1 0.0398 0.1290 0.1234 0.1110 0.1411 0.1019 0.1197 0.1118 0.1224 
          74  1 0.0463 0.1276 0.1313 0.1136 0.1071 0.1059 0.1106 0.1174 0.1403 
          75  1 0.0192 0.1290 0.1299 0.1293 0.1269 0.1212 0.1180 0.1093 0.1171 
          76  1 0.0647 0.1247 0.1511 0.1006 0.0978 0.1037 0.1248 0.1072 0.1253 
          77  1 0.0559 0.1070 0.1193 0.1132 0.1212 0.1187 0.1216 0.1232 0.1199 
          78  1 0.0269 0.1402 0.1221 0.1101 0.1551 0.1023 0.1077 0.0940 0.1415 
          79  1 0.0107 0.1656 0.1712 0.1158 0.1225 0.0952 0.1074 0.0856 0.1260 
          80  1 0.0921 0.1124 0.1172 0.1182 0.1186 0.1170 0.1019 0.1109 0.1117 
          81  1 0.0752 0.1307 0.1228 0.1086 0.1225 0.0979 0.1088 0.1068 0.1268 
          82  1 0.0209 0.1223 0.1160 0.1213 0.1335 0.1201 0.1194 0.1184 0.1282 
          83  1 0.0394 0.1335 0.1411 0.1003 0.1076 0.1023 0.1214 0.1179 0.1365 
          84  1 0.0363 0.1068 0.1308 0.1184 0.0956 0.1230 0.1410 0.1291 0.1188 
          85  1 0.0217 0.1017 0.0887 0.1553 0.1311 0.1425 0.1184 0.1145 0.1261 
          86  1 0.1194 0.1068 0.1260 0.1113 0.1015 0.1067 0.1045 0.1118 0.1120 
          87  1 0.0160 0.1195 0.1235 0.1173 0.1149 0.1233 0.1326 0.1191 0.1338 
          88  1 0.0390 0.1049 0.1090 0.1368 0.1104 0.1321 0.1178 0.1213 0.1287 
          89  1 0.0305 0.1297 0.1333 0.1221 0.1216 0.1133 0.1141 0.1159 0.1195 
          90  1 0.1374 0.1151 0.1208 0.0998 0.1046 0.1056 0.0992 0.1031 0.1144 
          91  1 0.0338 0.1132 0.1200 0.1285 0.1126 0.1279 0.1152 0.1287 0.1200 
          92  1 0.0363 0.1157 0.1218 0.1051 0.1097 0.1226 0.1434 0.1185 0.1268 
          93  1 0.0296 0.1034 0.1017 0.1362 0.1146 0.1308 0.1383 0.1183 0.1271 
          94  1 0.1516 0.1292 0.1632 0.0822 0.1006 0.0872 0.0895 0.0814 0.1151 
          95  1 0.0298 0.1192 0.1405 0.1185 0.1024 0.1324 0.1323 0.1090 0.1158 
          96  1 0.0376 0.1630 0.2156 0.0858 0.0883 0.0913 0.0970 0.0996 0.1217 
          97  1 0.0132 0.1344 0.1347 0.1316 0.1236 0.1165 0.1078 0.1089 0.1293 
          98  1 0.0147 0.0855 0.0866 0.1460 0.0966 0.1556 0.1522 0.1676 0.0951 
          99  1 0.0130 0.1417 0.1732 0.1015 0.1046 0.1080 0.1107 0.1121 0.1351 
         100  1 0.0219 0.1416 0.0859 0.1135 0.1743 0.1371 0.1164 0.0874 0.1219 
         101  1 0.0414 0.1315 0.1102 0.1082 0.1508 0.1152 0.1098 0.0849 0.1480 
         102  1 0.0153 0.0848 0.0730 0.1728 0.1206 0.1472 0.1337 0.1308 0.1217 
         103  1 0.1092 0.1061 0.0880 0.0984 0.1713 0.1112 0.1128 0.0908 0.1123 
         104  1 0.0226 0.1126 0.1082 0.1180 0.1235 0.1389 0.1222 0.1421 0.1120 
         105  1 0.0262 0.1233 0.1347 0.1177 0.1095 0.1207 0.1253 0.1083 0.1344 
         106  1 0.0331 0.1333 0.1223 0.1290 0.1033 0.1126 0.1222 0.1206 0.1237 
         107  1 0.0252 0.1314 0.0936 0.1151 0.1655 0.1300 0.1198 0.0865 0.1328 
         108  1 0.0333 0.1118 0.1175 0.1426 0.1263 0.1177 0.1246 0.1036 0.1226 
         109  1 0.0290 0.1298 0.1138 0.1180 0.1358 0.1231 0.1171 0.1166 0.1168 
         110  1 0.0207 0.1417 0.1456 0.1076 0.1329 0.1098 0.1123 0.1038 0.1257 
         111  1 0.0324 0.1162 0.1280 0.1297 0.1061 0.1231 0.1092 0.1461 0.1093 
         112  1 0.0245 0.1250 0.0937 0.1108 0.1663 0.1347 0.1203 0.0909 0.1337 
         113  1 0.0147 0.1161 0.1247 0.1279 0.1066 0.1163 0.1480 0.1129 0.1327 
         114  1 0.0493 0.1380 0.1484 0.1134 0.1200 0.0985 0.1107 0.0972 0.1244 
         115  1 0.0338 0.1340 0.1178 0.1136 0.1276 0.1192 0.1200 0.1074 0.1266 
         116  1 0.0140 0.1125 0.1093 0.1226 0.1278 0.1443 0.1234 0.1307 0.1154 
         117  1 0.0272 0.1410 0.1471 0.1148 0.1144 0.0940 0.1142 0.1098 0.1375 
         118  1 0.0360 0.1436 0.1430 0.0986 0.1267 0.1149 0.1059 0.1027 0.1286 
         119  1 0.0208 0.0872 0.0836 0.1591 0.0901 0.1427 0.1366 0.1981 0.0818 
         120  1 0.1328 0.1063 0.1183 0.1085 0.1041 0.1002 0.1035 0.1192 0.1072 
         121  1 0.0327 0.1395 0.1333 0.1140 0.1249 0.1070 0.1120 0.1198 0.1169 
         122  1 0.0249 0.0950 0.1005 0.1568 0.1020 0.1440 0.1238 0.1583 0.0946 
         123  1 0.0144 0.1148 0.1062 0.1306 0.1126 0.1392 0.1244 0.1327 0.1252 
         124  1 0.0170 0.1181 0.1235 0.1285 0.1271 0.1239 0.1177 0.1222 0.1219 
         125  1 0.0345 0.0937 0.0885 0.1418 0.1021 0.1329 0.1420 0.1801 0.0844 
         126  1 0.0143 0.0987 0.0895 0.1509 0.1181 0.1402 0.1393 0.1366 0.1123 
         127  1 0.0212 0.1200 0.0966 0.1288 0.1298 0.1295 0.1328 0.1124 0.1289 
         128  1 0.0158 0.1310 0.1093 0.1127 0.1373 0.1213 0.1300 0.1177 0.1247 
         129  1 0.1461 0.1199 0.1367 0.0961 0.1145 0.0846 0.0892 0.1061 0.1068 
         130  1 0.0532 0.1058 0.1162 0.1207 0.0994 0.1157 0.1353 0.1553 0.0984 
         131  1 0.0257 0.1197 0.1184 0.1296 0.1196 0.1205 0.1216 0.1263 0.1186 
         132  1 0.0150 0.1214 0.1339 0.1169 0.1217 0.1182 0.1210 0.1169 0.1351 
         133  1 0.0128 0.1259 0.1461 0.1092 0.1152 0.1088 0.1251 0.1491 0.1078 
         134  1 0.0290 0.1379 0.1465 0.1283 0.1143 0.1032 0.1138 0.0990 0.1279 
         135  1 0.3801 0.0964 0.0811 0.0726 0.0832 0.0665 0.0629 0.0792 0.0781 
         136  1 0.0330 0.1191 0.1178 0.1205 0.1115 0.1312 0.1259 0.1183 0.1227 
         137  1 0.1099 0.1505 0.1319 0.0971 0.1194 0.0840 0.0858 0.1002 0.1213 
         138  1 0.0206 0.1238 0.1131 0.1385 0.1124 0.1273 0.1283 0.1123 0.1237 
         139  1 0.0229 0.1424 0.1306 0.1038 0.1341 0.1085 0.1145 0.1179 0.1253 
         140  1 0.0347 0.1502 0.1632 0.1123 0.1177 0.0919 0.1093 0.0962 0.1246 
         141  1 0.0712 0.1307 0.1173 0.0987 0.1425 0.0960 0.1022 0.1205 0.1209 
         142  1 0.0436 0.1289 0.1197 0.1080 0.1168 0.1126 0.1221 0.1109 0.1373 
         143  1 0.0388 0.1330 0.1086 0.1127 0.1511 0.1294 0.1078 0.1011 0.1176 
         144  1 0.0172 0.0921 0.0936 0.1342 0.1077 0.1497 0.1488 0.1390 0.1176 
         145  1 0.0113 0.0826 0.0783 0.1610 0.1170 0.1657 0.1332 0.1264 0.1246 
         146  1 0.0368 0.1247 0.1060 0.1053 0.1535 0.1180 0.1172 0.0933 0.1452 
         147  1 0.0146 0.1082 0.1030 0.1426 0.1302 0.1382 0.1271 0.1159 0.1201 
         148  1 0.0163 0.1325 0.1353 0.1048 0.1356 0.1032 0.1094 0.1069 0.1560 
         149  1 0.0284 0.1427 0.1365 0.1018 0.1307 0.1004 0.1085 0.1188 0.1322 
         150  1 0.0842 0.1272 0.1192 0.0955 0.1247 0.1091 0.1020 0.0974 0.1408 
         151  1 0.0310 0.1210 0.1260 0.1220 0.1187 0.1184 0.1307 0.1273 0.1049 
         152  1 0.0283 0.1196 0.1070 0.1229 0.1236 0.1259 0.1203 0.1152 0.1372 
         153  1 0.0243 0.1537 0.1763 0.1014 0.1172 0.0915 0.1000 0.1027 0.1329 
         154  1 0.0110 0.0643 0.0663 0.1619 0.0952 0.1701 0.1664 0.1929 0.0720 
         155  1 0.0371 0.1141 0.1114 0.1223 0.1218 0.1242 0.1293 0.1227 0.1171 
         156  1 0.0327 0.1293 0.1479 0.1222 0.1320 0.0952 0.1119 0.1057 0.1231 
         157  1 0.0240 0.1311 0.1263 0.1185 0.1218 0.1178 0.1230 0.1177 0.1197 
         158  1 0.0899 0.1306 0.1349 0.1047 0.1011 0.0951 0.1140 0.1179 0.1119 
         159  1 0.0258 0.1091 0.1060 0.1471 0.1116 0.1281 0.1349 0.1225 0.1148 
         160  1 0.0190 0.1174 0.1074 0.1286 0.1220 0.1354 0.1293 0.1304 0.1105 
         161  1 0.0985 0.0977 0.1026 0.1190 0.1023 0.1187 0.1329 0.1266 0.1015 
         162  1 0.0207 0.1215 0.1292 0.1234 0.1193 0.1167 0.1292 0.1265 0.1136 
         163  1 0.0478 0.1262 0.1340 0.1064 0.1312 0.1089 0.1050 0.1096 0.1309 
         164  1 0.0295 0.1179 0.1182 0.1271 0.1067 0.1407 0.1145 0.1310 0.1144 
         165  1 0.0201 0.1278 0.1226 0.1223 0.1098 0.1192 0.1309 0.1319 0.1154 
         166  1 0.0290 0.1313 0.1293 0.1090 0.1414 0.1091 0.1188 0.1077 0.1245 
         167  1 0.0250 0.0916 0.0882 0.1438 0.1050 0.1633 0.1275 0.1523 0.1032 
         168  1 0.0969 0.1090 0.1047 0.1182 0.1235 0.1193 0.1068 0.1001 0.1215 
         169  1 0.0211 0.0688 0.0798 0.1580 0.0903 0.1525 0.1629 0.2009 0.0657 
         170  1 0.0131 0.0942 0.0910 0.1522 0.1066 0.1453 0.1500 0.1635 0.0842 
         171  1 0.0169 0.1081 0.1117 0.1295 0.1081 0.1386 0.1377 0.1243 0.1251 
         172  1 0.0190 0.1051 0.1040 0.1302 0.1126 0.1482 0.1331 0.1349 0.1129 
         173  1 0.0343 0.1400 0.1137 0.1194 0.1266 0.1161 0.1097 0.0963 0.1438 
         174  1 0.0270 0.1089 0.1077 0.1236 0.1105 0.1270 0.1392 0.1351 0.1210 
         175  1 0.0265 0.0959 0.0806 0.1501 0.0864 0.1617 0.1373 0.1722 0.0893 
         176  1 0.0380 0.1226 0.1204 0.1170 0.1174 0.1158 0.1315 0.1167 0.1207 
         177  1 0.0828 0.1213 0.1173 0.1194 0.1100 0.1168 0.1136 0.1087 0.1101 
         178  1 0.0269 0.1275 0.1270 0.1223 0.1318 0.1162 0.1173 0.1092 0.1218 
         179  1 0.0224 0.1343 0.1462 0.1168 0.1370 0.1045 0.1067 0.1028 0.1292 
         180  1 0.0061 0.1157 0.1159 0.1185 0.1176 0.1250 0.1329 0.1403 0.1280 
         181  1 0.0410 0.1315 0.1247 0.1088 0.1355 0.1041 0.1141 0.1220 0.1183 
         182  1 0.1533 0.1180 0.0975 0.1031 0.1046 0.0994 0.1038 0.1088 0.1115 
         183  1 0.0697 0.0893 0.0991 0.1437 0.0973 0.1327 0.1261 0.1541 0.0881 
         184  1 0.0394 0.1051 0.0972 0.1434 0.0966 0.1269 0.1265 0.1688 0.0961 
         185  1 0.0458 0.1227 0.1365 0.1070 0.1069 0.1065 0.1221 0.1193 0.1331 
         186  1 0.0201 0.1097 0.1024 0.1490 0.0916 0.1436 0.1352 0.1558 0.0927 
         187  1 0.0151 0.0989 0.0965 0.1419 0.1066 0.1495 0.1368 0.1748 0.0797 
         188  1 0.0174 0.0970 0.0975 0.1494 0.1032 0.1396 0.1376 0.1675 0.0907 
         189  1 0.0245 0.1432 0.1241 0.1211 0.1209 0.1132 0.1259 0.1051 0.1220 
         190  1 0.0240 0.0942 0.0913 0.1410 0.0952 0.1343 0.1450 0.1823 0.0926 
         191  1 0.0172 0.1192 0.1165 0.1141 0.1043 0.1228 0.1469 0.1278 0.1313 
         192  1 0.4342 0.0812 0.0712 0.0692 0.0719 0.0669 0.0643 0.0733 0.0680 
         193  1 0.3638 0.0881 0.0955 0.0751 0.0765 0.0725 0.0669 0.0778 0.0837 
         194  1 0.0763 0.0781 0.0786 0.1497 0.0933 0.1342 0.1435 0.1729 0.0735 
         195  1 0.0469 0.1192 0.1205 0.1217 0.1061 0.1186 0.1159 0.1517 0.0994 
         196  1 0.0156 0.1246 0.1185 0.1214 0.1487 0.1194 0.1241 0.1119 0.1159 
         197  1 0.0638 0.1211 0.1029 0.1128 0.1240 0.1185 0.1325 0.1076 0.1168 
         198  1 0.0195 0.1220 0.1154 0.1298 0.1148 0.1208 0.1237 0.1286 0.1254 
         199  1 0.0658 0.1240 0.1285 0.1029 0.1342 0.1106 0.1060 0.1100 0.1179 
         200  1 0.0382 0.1252 0.1266 0.1170 0.1211 0.1115 0.1161 0.1257 0.1186 
         201  1 0.0928 0.1113 0.1092 0.1174 0.1138 0.1074 0.1183 0.1195 0.1104 
         202  1 0.0083 0.0999 0.1119 0.1274 0.1047 0.1385 0.1487 0.1412 0.1193 
         203  1 0.0446 0.1543 0.1034 0.1065 0.1478 0.1191 0.0993 0.0888 0.1361 
         204  1 0.0122 0.1467 0.1483 0.1121 0.1221 0.1217 0.1062 0.1272 0.1035 
         205  1 0.0116 0.1195 0.1205 0.1217 0.1281 0.1321 0.1150 0.1234 0.1281 
         206  1 0.0231 0.1232 0.1206 0.1308 0.1113 0.1304 0.1241 0.1255 0.1110 
         207  1 0.0184 0.1358 0.1341 0.1033 0.1375 0.1072 0.1145 0.1320 0.1172 
         208  1 0.0109 0.1225 0.1295 0.1191 0.1177 0.1084 0.1314 0.1390 0.1214 
         209  1 0.1707 0.1201 0.1161 0.0998 0.1021 0.0961 0.0984 0.0989 0.0978 
         210  1 0.0196 0.1410 0.1254 0.1140 0.1273 0.1210 0.1159 0.1046 0.1311 
         211  1 0.0245 0.1232 0.1282 0.1091 0.1249 0.1160 0.1182 0.1342 0.1217 
         212  1 0.0675 0.0975 0.1024 0.1345 0.0985 0.1339 0.1172 0.1494 0.0991 
         213  1 0.0276 0.1387 0.1173 0.1090 0.1424 0.1078 0.1191 0.0929 0.1453 
         214  1 0.0410 0.1643 0.1398 0.0982 0.1204 0.1156 0.0961 0.0958 0.1289 
         215  1 0.0404 0.1424 0.1580 0.1106 0.1049 0.0997 0.1077 0.1188 0.1175 
         216  1 0.0316 0.0923 0.0969 0.1316 0.1026 0.1524 0.1369 0.1613 0.0944 
         217  1 0.0256 0.1748 0.0869 0.1085 0.1460 0.1262 0.1120 0.1038 0.1161 
         218  1 0.0179 0.1342 0.1348 0.1031 0.1249 0.1188 0.1096 0.1356 0.1210 
         219  1 0.0118 0.1224 0.1214 0.1241 0.1350 0.1390 0.1247 0.1163 0.1054 
         220  1 0.0427 0.1020 0.1053 0.1240 0.1317 0.1189 0.1281 0.1283 0.1191 
         221  1 0.0436 0.1097 0.1148 0.1366 0.1143 0.1238 0.1261 0.1147 0.1164 
         222  1 0.0654 0.1252 0.1207 0.0945 0.1210 0.1119 0.1078 0.1125 0.1409 
         223  1 0.2163 0.1048 0.1042 0.0890 0.1033 0.0852 0.0988 0.0955 0.1027 
         224  1 0.0283 0.1114 0.1124 0.1241 0.1249 0.1270 0.1280 0.1182 0.1257 
         225  1 0.0173 0.1169 0.1106 0.1227 0.1192 0.1385 0.1189 0.1320 0.1238 
         226  1 0.0180 0.1007 0.0900 0.1316 0.1494 0.1506 0.1237 0.1114 0.1245 
         227  1 0.0652 0.1190 0.1188 0.1021 0.1034 0.1075 0.1163 0.1231 0.1446 
         228  1 0.0303 0.1076 0.1079 0.1455 0.1118 0.1253 0.1266 0.1440 0.1011 
         229  1 0.0139 0.1355 0.1362 0.1192 0.1255 0.1113 0.1150 0.1196 0.1238 
         230  1 0.0305 0.1322 0.1085 0.1060 0.1127 0.1058 0.1261 0.1111 0.1670 
         231  1 0.0119 0.1082 0.1040 0.1284 0.1274 0.1373 0.1371 0.1246 0.1212 
         232  1 0.0162 0.1282 0.1244 0.1125 0.1214 0.1123 0.1269 0.1255 0.1325 
         233  1 0.0348 0.1091 0.1103 0.1333 0.1128 0.1383 0.1164 0.1228 0.1222 
         234  1 0.0182 0.1200 0.1445 0.1117 0.1204 0.1213 0.1230 0.1340 0.1069 
         235  1 0.0130 0.0853 0.0886 0.1552 0.1219 0.1657 0.1237 0.1242 0.1223 
         236  1 0.0133 0.1418 0.1272 0.1070 0.1445 0.0985 0.1172 0.1210 0.1294 
         237  1 0.0239 0.0888 0.0816 0.1390 0.1351 0.1623 0.1205 0.1164 0.1324 
         238  1 0.0422 0.1320 0.1325 0.0994 0.1326 0.1119 0.1103 0.1188 0.1203 
         239  1 0.0060 0.0937 0.0775 0.1602 0.1078 0.1629 0.1418 0.1300 0.1201 
         240  1 0.1316 0.1191 0.1258 0.1006 0.1074 0.0848 0.0907 0.1159 0.1241 
         241  1 0.0162 0.1431 0.1524 0.1087 0.1074 0.1149 0.1157 0.1116 0.1301 
         242  1 0.0367 0.1189 0.1087 0.1116 0.1430 0.1185 0.1180 0.1073 0.1374 
         243  1 0.0163 0.1014 0.1073 0.1411 0.1330 0.1334 0.1246 0.1227 0.1202 
         244  1 0.0319 0.1298 0.1254 0.1067 0.1456 0.1179 0.1104 0.1124 0.1199 
         245  1 0.0162 0.0827 0.0924 0.1404 0.1010 0.1639 0.1468 0.1571 0.0995 
         246  1 0.0086 0.1120 0.1197 0.1332 0.1215 0.1342 0.1293 0.1165 0.1250 
         247  1 0.0531 0.1255 0.1109 0.1124 0.1376 0.1170 0.1073 0.1193 0.1171 
         248  1 0.0496 0.1176 0.1143 0.1140 0.1427 0.1168 0.1131 0.1133 0.1185 
         249  1 0.1078 0.0982 0.1132 0.1102 0.0924 0.1141 0.1201 0.1268 0.1173 
         250  1 0.0185 0.1247 0.1083 0.1105 0.1365 0.1204 0.1259 0.1058 0.1493 
         251  1 0.0205 0.1445 0.1161 0.1016 0.1227 0.1105 0.1146 0.1111 0.1584 
         252  1 0.0093 0.1188 0.0955 0.1277 0.1529 0.1431 0.1251 0.1035 0.1240 
         253  1 0.1442 0.1146 0.1139 0.1071 0.1083 0.0960 0.1012 0.1117 0.1031 
         254  1 0.6126 0.0466 0.0451 0.0574 0.0399 0.0480 0.0490 0.0616 0.0398 
         255  1 0.0543 0.1185 0.1307 0.1173 0.1119 0.1133 0.1167 0.1175 0.1198 
         256  1 0.0191 0.1044 0.0878 0.1436 0.0837 0.1381 0.1419 0.1784 0.1030 
         257  1 0.0573 0.1120 0.1151 0.1197 0.1139 0.1238 0.1218 0.1180 0.1184 
         258  1 0.0288 0.1119 0.1221 0.1102 0.1141 0.1230 0.1297 0.1198 0.1403 
         259  1 0.0311 0.1440 0.1274 0.1141 0.1259 0.1151 0.1076 0.1025 0.1325 
         260  1 0.0075 0.1149 0.0961 0.1260 0.1647 0.1336 0.1201 0.1253 0.1118 
         261  1 0.0138 0.1265 0.1203 0.1178 0.1257 0.1298 0.1203 0.1488 0.0969 
         262  1 0.0162 0.1208 0.1258 0.1200 0.1197 0.1210 0.1288 0.1337 0.1139 
         263  1 0.0479 0.1192 0.1126 0.1119 0.1221 0.1221 0.1220 0.1096 0.1327 
         264  1 0.0144 0.1138 0.1115 0.1306 0.1380 0.1233 0.1257 0.1201 0.1227 
         265  1 0.1323 0.1212 0.1163 0.1007 0.1128 0.1030 0.0969 0.0946 0.1221 
         266  1 0.0188 0.1005 0.0947 0.1482 0.1215 0.1455 0.1294 0.1210 0.1203 
         267  1 0.0209 0.1210 0.1153 0.1275 0.1302 0.1189 0.1214 0.1171 0.1276 
         268  1 0.0206 0.1380 0.1238 0.1123 0.1504 0.1067 0.1118 0.1004 0.1361 
         269  1 0.0344 0.1228 0.1123 0.1333 0.1211 0.1142 0.1285 0.1174 0.1160 
         270  1 0.2072 0.0774 0.0892 0.1206 0.0745 0.1059 0.1132 0.1464 0.0656 
         271  1 0.0200 0.1380 0.0993 0.1162 0.1421 0.1193 0.1182 0.1037 0.1433 
         272  1 0.0181 0.0967 0.1022 0.1431 0.1085 0.1316 0.1331 0.1433 0.1234 
         273  1 0.0110 0.1374 0.1072 0.1237 0.1526 0.1145 0.1200 0.1037 0.1300 
         274  1 0.0122 0.0851 0.0745 0.1547 0.1211 0.1558 0.1304 0.1316 0.1347 
         275  1 0.0263 0.1276 0.1087 0.1266 0.1415 0.1070 0.1144 0.1068 0.1411 
         276  1 0.0173 0.1269 0.1206 0.1120 0.1317 0.1151 0.1225 0.1082 0.1457 
         277  1 0.0636 0.0867 0.0844 0.1397 0.0865 0.1475 0.1310 0.1775 0.0831 
         278  1 0.0417 0.1458 0.1238 0.0986 0.1364 0.1213 0.1144 0.0950 0.1229 
         279  1 0.0088 0.1461 0.2015 0.1122 0.1045 0.0966 0.1122 0.0911 0.1271 
         280  1 0.0160 0.1039 0.0957 0.1345 0.1269 0.1400 0.1342 0.1201 0.1287 
         281  1 0.0883 0.1244 0.1109 0.1118 0.1199 0.1098 0.1086 0.1052 0.1210 
         282  1 0.0185 0.1096 0.1163 0.1387 0.1202 0.1467 0.1227 0.1054 0.1218 
         283  1 0.0096 0.1024 0.1014 0.1428 0.1105 0.1496 0.1410 0.1503 0.0924 
         284  1 0.0138 0.0942 0.0990 0.1344 0.1049 0.1527 0.1316 0.1784 0.0909 
         285  1 0.0252 0.1077 0.1121 0.1447 0.1275 0.1348 0.1127 0.1227 0.1125 
         286  1 0.1166 0.1102 0.1067 0.1132 0.1137 0.1044 0.1113 0.1113 0.1126 
         287  1 0.0225 0.1083 0.1103 0.1248 0.1142 0.1306 0.1457 0.1261 0.1175 
         288  1 0.0142 0.1288 0.1276 0.1084 0.1361 0.1218 0.1182 0.1149 0.1300 
         289  1 0.0241 0.1318 0.1256 0.1173 0.1256 0.1132 0.1252 0.1163 0.1209 
         290  1 0.0167 0.1325 0.1204 0.1198 0.1625 0.1081 0.1077 0.1151 0.1171 
         291  1 0.0326 0.1291 0.1491 0.1055 0.1266 0.1121 0.1073 0.1351 0.1025 
         292  1 0.0192 0.0862 0.0672 0.1572 0.0922 0.1514 0.1472 0.2054 0.0741 
         293  1 0.0195 0.1694 0.1485 0.0949 0.1249 0.1073 0.1153 0.0913 0.1289 
         294  1 0.0156 0.1283 0.1615 0.0994 0.1085 0.1053 0.1285 0.1200 0.1330 
         295  1 0.0237 0.1570 0.1743 0.0986 0.1186 0.0907 0.1010 0.1079 0.1281 
         296  1 0.0937 0.1136 0.1022 0.1107 0.1272 0.1051 0.1144 0.1028 0.1304 
         297  1 0.0285 0.1097 0.1131 0.1309 0.1210 0.1260 0.1206 0.1230 0.1271 
         298  1 0.0098 0.1147 0.1059 0.1282 0.1244 0.1264 0.1329 0.1231 0.1346 
         299  1 0.0283 0.1336 0.1030 0.1136 0.1355 0.1227 0.1197 0.1307 0.1129 
         300  1 0.1025 0.1119 0.1355 0.1065 0.1039 0.1066 0.1053 0.1158 0.1121 
         301  1 0.1618 0.1153 0.1301 0.0863 0.1207 0.0790 0.0944 0.0941 0.1184 
         302  1 0.0280 0.1228 0.1395 0.1186 0.1045 0.1201 0.1138 0.1331 0.1194 
         303  1 0.0324 0.1104 0.1055 0.1257 0.1273 0.1320 0.1249 0.1136 0.1282 
         304  1 0.0291 0.0811 0.0737 0.1507 0.1370 0.1569 0.1178 0.1286 0.1253 
         305  1 0.0200 0.1005 0.0973 0.1361 0.1046 0.1495 0.1466 0.1260 0.1194 
         306  1 0.0370 0.1155 0.1066 0.1067 0.1524 0.1238 0.1167 0.0923 0.1491 
         307  1 0.0147 0.0951 0.1126 0.1456 0.0947 0.1534 0.1403 0.1405 0.1032 
         308  1 0.0305 0.1170 0.1262 0.1230 0.1271 0.1156 0.1250 0.1102 0.1253 
         309  1 0.0281 0.1149 0.1183 0.1269 0.1082 0.1281 0.1400 0.1217 0.1139 
         310  1 0.0208 0.0461 0.0505 0.1818 0.0756 0.1683 0.1701 0.2336 0.0531 
         311  1 0.0213 0.1172 0.1192 0.1228 0.1064 0.1149 0.1396 0.1370 0.1218 
         312  1 0.0293 0.1403 0.1342 0.1261 0.1174 0.1042 0.1093 0.1198 0.1194 
         313  1 0.0163 0.1130 0.1107 0.1287 0.1088 0.1308 0.1367 0.1302 0.1248 
         314  1 0.0209 0.1019 0.0997 0.1432 0.1195 0.1367 0.1341 0.1211 0.1228 
         315  1 0.0133 0.1214 0.1256 0.1069 0.1238 0.1051 0.1351 0.1475 0.1213 
         316  1 0.2098 0.1073 0.1033 0.0995 0.0887 0.0925 0.0977 0.0932 0.1079 
         317  1 0.0237 0.1116 0.0960 0.1332 0.1073 0.1409 0.1412 0.1472 0.0990 
         318  1 0.0170 0.1318 0.1404 0.1174 0.1323 0.1049 0.1168 0.1042 0.1353 
         319  1 0.0208 0.1540 0.1933 0.0981 0.1162 0.0941 0.1015 0.0922 0.1299 
         320  1 0.0231 0.1144 0.1070 0.1303 0.1378 0.1403 0.1179 0.1182 0.1110 
         321  1 0.3053 0.0899 0.1144 0.0769 0.0833 0.0763 0.0798 0.0846 0.0894 
         322  1 0.0346 0.1065 0.1085 0.1348 0.1167 0.1304 0.1289 0.1352 0.1043 
         323  1 0.0285 0.1094 0.1240 0.1150 0.1169 0.1278 0.1231 0.1170 0.1384 
         324  1 0.0254 0.1116 0.1072 0.1309 0.1197 0.1394 0.1097 0.1592 0.0969 
         325  1 0.0121 0.1119 0.1173 0.1180 0.1290 0.1319 0.1371 0.1163 0.1265 
         326  1 0.0128 0.1260 0.0966 0.1237 0.1278 0.1158 0.1130 0.1203 0.1639 
         327  1 0.0886 0.1366 0.1376 0.0975 0.1182 0.0869 0.1054 0.1104 0.1188 
         328  1 0.0083 0.1143 0.1069 0.1247 0.1111 0.1503 0.1384 0.1262 0.1198 
         329  1 0.0248 0.1578 0.1828 0.1007 0.1128 0.0857 0.1096 0.0970 0.1289 
         330  1 0.0779 0.1202 0.1242 0.1067 0.1086 0.1206 0.1128 0.1134 0.1155 
         331  1 0.0315 0.1042 0.1011 0.1135 0.1263 0.1424 0.1278 0.1262 0.1271 
         332  1 0.0132 0.1105 0.0981 0.1320 0.1275 0.1478 0.1341 0.1374 0.0994 
         333  1 0.0148 0.1357 0.1481 0.1085 0.1215 0.1187 0.1187 0.1053 0.1286 
         334  1 0.0188 0.1142 0.1131 0.1296 0.1174 0.1276 0.1226 0.1555 0.1014 
         335  1 0.1059 0.1213 0.1193 0.1134 0.1191 0.0954 0.0983 0.1100 0.1174 
         336  1 0.0495 0.1137 0.1107 0.1065 0.1384 0.1234 0.1055 0.1122 0.1402 
         337  1 0.0081 0.0526 0.0563 0.1868 0.0778 0.1724 0.1689 0.2237 0.0535 
         338  1 0.0121 0.1397 0.1228 0.1068 0.1637 0.1084 0.1031 0.1168 0.1266 
         339  1 0.0184 0.0385 0.0394 0.1889 0.0730 0.1818 0.1790 0.2400 0.0409 
         340  1 0.2376 0.0916 0.0886 0.1004 0.0939 0.0939 0.1028 0.1022 0.0891 
         341  1 0.0717 0.1258 0.1150 0.1087 0.1209 0.1143 0.1107 0.1103 0.1226 
         342  1 0.0215 0.1094 0.1229 0.1260 0.1181 0.1355 0.1247 0.1340 0.1078 
         343  1 0.0167 0.1311 0.1193 0.1032 0.1451 0.1002 0.1121 0.0973 0.1751 
         344  1 0.0322 0.1337 0.1397 0.1015 0.1247 0.0993 0.1049 0.1096 0.1543 
         345  1 0.0135 0.1310 0.1084 0.1130 0.1414 0.1212 0.1196 0.1193 0.1326 
         346  1 0.0201 0.1410 0.1619 0.1090 0.1047 0.1059 0.1173 0.1095 0.1305 
         347  1 0.0165 0.1345 0.0988 0.1153 0.1593 0.1197 0.1174 0.0848 0.1536 
         348  1 0.0356 0.1105 0.1352 0.1161 0.1170 0.1226 0.1189 0.1266 0.1175 
         349  1 0.0322 0.1267 0.1245 0.1087 0.1428 0.1147 0.1142 0.1200 0.1163 
         350  1 0.1316 0.1234 0.1278 0.1010 0.0995 0.0973 0.1052 0.1067 0.1075 
         351  1 0.0408 0.1649 0.1605 0.0945 0.1074 0.0897 0.1026 0.1052 0.1346 
         352  1 0.0113 0.1279 0.1321 0.1178 0.1229 0.1364 0.1251 0.1182 0.1083 
         353  1 0.4586 0.0740 0.0576 0.0609 0.0922 0.0668 0.0606 0.0551 0.0741 
         354  1 0.0160 0.1230 0.1108 0.1241 0.1225 0.1322 0.1254 0.1204 0.1255 
         355  1 0.0125 0.1387 0.1567 0.1005 0.1366 0.0916 0.1138 0.1207 0.1289 
         356  1 0.0382 0.1291 0.1215 0.1133 0.1241 0.1183 0.1213 0.1126 0.1216 
         357  1 0.0236 0.1477 0.1123 0.1057 0.1593 0.1123 0.1082 0.1063 0.1247 
         358  1 0.0175 0.1263 0.0936 0.1289 0.1451 0.1294 0.1303 0.1154 0.1134 
         359  1 0.0482 0.1227 0.1116 0.1193 0.1494 0.1100 0.1085 0.1178 0.1124 
         360  1 0.0330 0.1424 0.1159 0.1179 0.1522 0.1054 0.1099 0.0993 0.1240 
         361  1 0.0213 0.1408 0.1319 0.1254 0.1218 0.1151 0.1176 0.1130 0.1130 
         362  1 0.1173 0.1280 0.1162 0.0935 0.1119 0.1066 0.1034 0.1141 0.1090 
         363  1 0.0788 0.1168 0.1107 0.1156 0.1168 0.1156 0.1141 0.1159 0.1156 
         364  1 0.0354 0.1352 0.1334 0.1045 0.1271 0.1110 0.1112 0.1182 0.1241 
         365  1 0.1052 0.1122 0.1132 0.0997 0.1117 0.1106 0.1171 0.1090 0.1213 
         366  1 0.0515 0.1356 0.1581 0.0840 0.1190 0.1102 0.1093 0.0948 0.1377 
         367  1 0.5315 0.0514 0.0494 0.0681 0.0520 0.0648 0.0640 0.0650 0.0538 
         368  1 0.0171 0.1351 0.1232 0.1194 0.1180 0.1145 0.1171 0.1248 0.1308 
         369  1 0.0184 0.1091 0.1117 0.1291 0.1023 0.1407 0.1385 0.1331 0.1171 
         370  1 0.0397 0.1407 0.0966 0.1129 0.1566 0.1242 0.1080 0.0881 0.1332 
         371  1 0.0634 0.1098 0.1186 0.1176 0.1237 0.1200 0.1169 0.1048 0.1251 
         372  1 0.0218 0.1074 0.1080 0.1478 0.1142 0.1247 0.1279 0.1327 0.1154 
         373  1 0.0940 0.1325 0.1282 0.1036 0.1301 0.1061 0.0962 0.0944 0.1149 
         374  1 0.0335 0.1432 0.1271 0.1116 0.1498 0.0915 0.1065 0.1115 0.1254 
         375  1 0.0615 0.1469 0.1861 0.0847 0.1104 0.0775 0.1001 0.1019 0.1309 
         376  1 0.0468 0.1368 0.1310 0.1079 0.1384 0.0900 0.1071 0.1104 0.1316 
         377  1 0.0218 0.1536 0.1073 0.1101 0.1597 0.1118 0.1146 0.1037 0.1174 
         378  1 0.0176 0.1273 0.1275 0.1093 0.1071 0.1143 0.1388 0.1199 0.1382 
         379  1 0.0417 0.1513 0.1624 0.1039 0.1070 0.0993 0.1018 0.1131 0.1195 
         380  1 0.0398 0.1440 0.1384 0.1041 0.1228 0.1056 0.1107 0.1231 0.1115 
         381  1 0.0246 0.1399 0.1401 0.1149 0.1255 0.1073 0.1079 0.1069 0.1329 
         382  1 0.0194 0.1239 0.1074 0.1425 0.1190 0.1282 0.1244 0.1101 0.1252 
         383  1 0.0301 0.1308 0.1464 0.1056 0.1115 0.1093 0.1187 0.1138 0.1338 
         384  1 0.0093 0.1217 0.1067 0.1403 0.1107 0.1432 0.1264 0.1219 0.1199 
         385  1 0.0589 0.1286 0.1213 0.1077 0.1043 0.1098 0.1283 0.1165 0.1246 
         386  1 0.0146 0.1068 0.1083 0.1357 0.1253 0.1305 0.1188 0.1385 0.1214 
         387  1 0.0714 0.1280 0.1407 0.1053 0.0974 0.0958 0.1172 0.1392 0.1049 
         388  1 0.2632 0.1124 0.0798 0.0947 0.1089 0.0785 0.0833 0.0799 0.0993 
         389  1 0.2608 0.1175 0.1040 0.0762 0.1100 0.0712 0.0834 0.0816 0.0953 
         390  1 0.0217 0.1008 0.1018 0.1417 0.1088 0.1398 0.1346 0.1511 0.0997 
         391  1 0.0227 0.1194 0.1111 0.1231 0.1375 0.1226 0.1301 0.0996 0.1339 
         392  1 0.0644 0.1174 0.1146 0.1163 0.1184 0.1141 0.1169 0.1301 0.1078 
         393  1 0.0208 0.1351 0.1901 0.0947 0.1234 0.1073 0.1031 0.1061 0.1194 
         394  1 0.0313 0.1286 0.0943 0.1094 0.1491 0.1244 0.1191 0.0854 0.1583 
         395  1 0.0455 0.0937 0.0856 0.1256 0.1101 0.1440 0.1218 0.1632 0.1106 
         396  1 0.0145 0.0622 0.0617 0.1760 0.0813 0.1750 0.1678 0.2148 0.0467 
         397  1 0.1126 0.1159 0.1142 0.1088 0.1240 0.0935 0.1065 0.1033 0.1212 
         398  1 0.0118 0.1398 0.1731 0.1238 0.1083 0.1081 0.1063 0.1127 0.1162 
         399  1 0.0098 0.1215 0.1073 0.1299 0.1436 0.1332 0.1179 0.1010 0.1358 
         400  1 0.0478 0.1122 0.1231 0.1129 0.1057 0.1263 0.1160 0.1396 0.1163 
         401  1 0.1311 0.1289 0.1254 0.0929 0.1122 0.0990 0.0915 0.0977 0.1214 
         402  1 0.0222 0.0925 0.0739 0.1530 0.0957 0.1492 0.1484 0.1753 0.0898 
         403  1 0.1700 0.1090 0.1162 0.1182 0.0923 0.0959 0.0944 0.1107 0.0934 
         404  1 0.0276 0.1091 0.0980 0.1238 0.1465 0.1398 0.1169 0.1183 0.1200 
         405  1 0.0148 0.1259 0.1359 0.1090 0.1340 0.1110 0.1183 0.1201 0.1310 
         406  1 0.3900 0.0841 0.0674 0.0735 0.0876 0.0736 0.0723 0.0750 0.0765 
         407  1 0.1291 0.1236 0.1177 0.0934 0.1239 0.1002 0.1003 0.1001 0.1117 
         408  1 0.0138 0.1250 0.1296 0.1245 0.1135 0.1232 0.1252 0.1095 0.1359 
         409  1 0.0324 0.1206 0.1351 0.1248 0.1013 0.1210 0.1225 0.1239 0.1184 
         410  1 0.1557 0.1080 0.1087 0.1005 0.0995 0.1017 0.1062 0.1183 0.1013 
         411  1 0.0193 0.1331 0.1500 0.1038 0.1261 0.1092 0.1217 0.1030 0.1338 
         412  1 0.0233 0.1423 0.1576 0.0987 0.1192 0.0967 0.1139 0.1136 0.1347 
         413  1 0.0105 0.1200 0.0993 0.1245 0.1216 0.1356 0.1278 0.1212 0.1396 
         414  1 0.0720 0.1077 0.0975 0.1287 0.1194 0.1236 0.1322 0.1122 0.1068 
         415  1 0.0190 0.1236 0.1084 0.1115 0.1430 0.1118 0.1206 0.1050 0.1571 
         416  1 0.0125 0.1369 0.1420 0.1276 0.1218 0.1180 0.1153 0.1072 0.1187 
         417  1 0.0328 0.1147 0.0661 0.1079 0.2030 0.1370 0.1269 0.0801 0.1315 
         418  1 0.0144 0.1296 0.1305 0.1287 0.1170 0.1273 0.1273 0.1011 0.1242 
         419  1 0.0294 0.1188 0.0980 0.1037 0.1701 0.1422 0.1163 0.0974 0.1240 
         420  1 0.3199 0.0826 0.0963 0.0767 0.0897 0.0830 0.0789 0.0748 0.0983 
         421  1 0.0235 0.0879 0.0956 0.1543 0.1055 0.1548 0.1283 0.1539 0.0962 
         422  1 0.0111 0.1050 0.1192 0.1289 0.1186 0.1280 0.1353 0.1257 0.1283 
         423  1 0.0163 0.1292 0.1268 0.1110 0.1551 0.1132 0.1201 0.0928 0.1354 
         424  1 0.0645 0.1119 0.1070 0.1043 0.1621 0.0963 0.1227 0.1070 0.1242 
         425  1 0.0563 0.1139 0.0966 0.1096 0.1190 0.1263 0.1230 0.1387 0.1166 
         426  1 0.0327 0.1312 0.1427 0.1171 0.0955 0.1148 0.1155 0.1122 0.1382 
         427  1 0.0111 0.1418 0.1307 0.1113 0.1225 0.1092 0.1231 0.1140 0.1363 
         428  1 0.0186 0.0863 0.0515 0.1625 0.0789 0.1549 0.1514 0.2023 0.0936 
         429  1 0.2685 0.1141 0.1314 0.0713 0.0855 0.0730 0.0738 0.0784 0.1041 
         430  1 0.0218 0.1136 0.1091 0.1318 0.1124 0.1344 0.1281 0.1305 0.1184 
         431  1 0.0160 0.1246 0.1203 0.1166 0.1278 0.1232 0.1225 0.1097 0.1394 
         432  1 0.0109 0.1599 0.1104 0.1149 0.1422 0.1249 0.1161 0.1018 0.1189 
         433  1 0.0099 0.1296 0.1324 0.1259 0.1295 0.1150 0.1185 0.1183 0.1208 
         434  1 0.0241 0.1418 0.1384 0.0932 0.1348 0.1099 0.1100 0.1230 0.1248 
         435  1 0.0418 0.1291 0.1378 0.1041 0.1126 0.1179 0.1136 0.1219 0.1212 
         436  1 0.0235 0.1139 0.1158 0.1318 0.1006 0.1364 0.1132 0.1523 0.1125 
         437  1 0.0173 0.1305 0.1704 0.1088 0.1105 0.0999 0.1216 0.1078 0.1332 
         438  1 0.0241 0.1309 0.1305 0.1131 0.1181 0.1198 0.1196 0.1091 0.1349 
         439  1 0.0414 0.0863 0.0921 0.1456 0.0813 0.1472 0.1416 0.1888 0.0757 
         440  1 0.0121 0.0897 0.0887 0.1433 0.1094 0.1488 0.1549 0.1339 0.1194 
         441  1 0.0692 0.1299 0.1180 0.1055 0.1318 0.1000 0.1108 0.0888 0.1460 
         442  1 0.1089 0.1338 0.1010 0.1005 0.1328 0.1058 0.1044 0.0838 0.1290 
         443  1 0.0124 0.1499 0.2006 0.0921 0.1183 0.0973 0.1055 0.0934 0.1306 
         444  1 0.0084 0.1332 0.1268 0.1290 0.1190 0.1168 0.1275 0.1039 0.1355 
         445  1 0.0236 0.1115 0.1421 0.1206 0.0975 0.1256 0.1248 0.1326 0.1217 
         446  1 0.0281 0.1177 0.1220 0.1208 0.1315 0.1190 0.1148 0.1124 0.1337 
         447  1 0.1826 0.1058 0.0915 0.0993 0.1229 0.1100 0.1016 0.0878 0.0986 
         448  1 0.0198 0.1194 0.1318 0.1246 0.1052 0.1259 0.1259 0.1360 0.1115 
         449  1 0.0152 0.1100 0.1242 0.1356 0.0998 0.1311 0.1477 0.1264 0.1099 
         450  1 0.2116 0.0937 0.0936 0.1022 0.1104 0.0999 0.0900 0.0909 0.1077 
         451  1 0.2487 0.0900 0.0899 0.1064 0.0783 0.1047 0.0965 0.1051 0.0802 
         452  1 0.0140 0.1143 0.1168 0.1238 0.1392 0.1348 0.1225 0.1073 0.1273 
         453  1 0.0296 0.1017 0.0963 0.1414 0.0952 0.1381 0.1400 0.1602 0.0975 
         454  1 0.0258 0.1292 0.1161 0.1145 0.1181 0.1195 0.1173 0.1128 0.1466 
         455  1 0.0288 0.0955 0.1020 0.1343 0.1102 0.1504 0.1408 0.1191 0.1189 
         456  1 0.0256 0.1264 0.1170 0.1054 0.1449 0.1167 0.1110 0.1256 0.1273 
         457  1 0.0126 0.1008 0.0985 0.1407 0.1127 0.1440 0.1425 0.1307 0.1176 
         458  1 0.0179 0.1126 0.1278 0.1195 0.1202 0.1204 0.1313 0.1220 0.1282 
         459  1 0.1124 0.1299 0.1283 0.0955 0.1076 0.1025 0.0956 0.1071 0.1210 
         460  1 0.2768 0.1034 0.1124 0.0842 0.0843 0.0723 0.0801 0.0922 0.0944 
         461  1 0.0376 0.1179 0.1231 0.1184 0.1213 0.1179 0.1241 0.1189 0.1207 
         462  1 0.0135 0.1255 0.1135 0.1175 0.1122 0.1270 0.1350 0.1319 0.1240 
         463  1 0.0142 0.1038 0.1012 0.1325 0.1174 0.1390 0.1325 0.1309 0.1285 
         464  1 0.0205 0.1305 0.1523 0.1067 0.1190 0.1177 0.1151 0.1056 0.1327 
         465  1 0.0439 0.1155 0.1045 0.1173 0.1168 0.1277 0.1224 0.1231 0.1287 
         466  1 0.1349 0.1151 0.1128 0.0905 0.1234 0.0955 0.1013 0.0967 0.1297 
         467  1 0.0157 0.1277 0.1432 0.1210 0.1327 0.0979 0.1120 0.1079 0.1419 
         468  1 0.0233 0.1274 0.1470 0.1153 0.1089 0.1129 0.1176 0.1259 0.1217 
         469  1 0.0100 0.1101 0.1122 0.1367 0.1243 0.1385 0.1215 0.1285 0.1183 
         470  1 0.1000 0.1140 0.1090 0.1225 0.1143 0.1041 0.1067 0.1123 0.1171 
         471  1 0.0782 0.1190 0.1198 0.1060 0.1257 0.1070 0.1093 0.1171 0.1179 
         472  1 0.0478 0.1278 0.1564 0.1134 0.1030 0.1118 0.1173 0.1089 0.1136 
         473  1 0.0154 0.1421 0.1271 0.1228 0.1279 0.1186 0.1176 0.1031 0.1253 
         474  1 0.0357 0.1236 0.1188 0.1172 0.1238 0.1299 0.1122 0.1243 0.1145 
         475  1 0.0082 0.1326 0.1029 0.1276 0.1625 0.1310 0.1156 0.1098 0.1098 
         476  1 0.2225 0.0988 0.1105 0.0800 0.0945 0.0921 0.0902 0.0990 0.1125 
         477  1 0.0584 0.1125 0.1163 0.1188 0.1300 0.1253 0.1148 0.1154 0.1085 
         478  1 0.0351 0.1072 0.0993 0.1474 0.1215 0.1269 0.1298 0.1157 0.1171 
         479  1 0.0333 0.1370 0.1169 0.1099 0.1326 0.1247 0.1129 0.1137 0.1190 
         480  1 0.0391 0.1355 0.1070 0.1143 0.1491 0.1153 0.1170 0.1103 0.1122 
         481  1 0.0735 0.1103 0.1058 0.1244 0.1070 0.1220 0.1139 0.1213 0.1218 
         482  1 0.1412 0.0881 0.0943 0.1201 0.0929 0.1210 0.1151 0.1255 0.1018 
         483  1 0.0127 0.1178 0.1300 0.1281 0.1057 0.1260 0.1307 0.1487 0.1004 
         484  1 0.0669 0.1235 0.1337 0.1125 0.1070 0.1077 0.1176 0.1242 0.1070 
         485  1 0.1283 0.1028 0.1027 0.1092 0.1001 0.1232 0.1131 0.1138 0.1068 
         486  1 0.0717 0.1278 0.1294 0.0959 0.1454 0.0983 0.1080 0.1032 0.1203 
         487  1 0.0257 0.1303 0.1134 0.1178 0.1408 0.1142 0.1155 0.1059 0.1365 
         488  1 0.0855 0.1388 0.1554 0.0895 0.0938 0.0979 0.1092 0.1052 0.1247 
         489  1 0.0189 0.1221 0.1389 0.1147 0.0985 0.1181 0.1317 0.1217 0.1355 
         490  1 0.0393 0.1323 0.1488 0.0926 0.1381 0.0969 0.1104 0.1065 0.1352 
         491  1 0.0383 0.1174 0.1249 0.1040 0.1233 0.1241 0.1236 0.1172 0.1272 
         492  1 0.0527 0.1305 0.1394 0.1058 0.1114 0.1055 0.1159 0.1188 0.1200 
         493  1 0.0112 0.1032 0.0974 0.1313 0.1129 0.1454 0.1431 0.1478 0.1078 
         494  1 0.0172 0.1391 0.1462 0.0965 0.1264 0.0974 0.1188 0.1261 0.1323 
         495  1 0.0355 0.1508 0.1259 0.1122 0.1127 0.1123 0.1171 0.1058 0.1278 
         496  1 0.0612 0.0951 0.0962 0.1406 0.1032 0.1405 0.1312 0.1555 0.0763 
         497  1 0.0203 0.1133 0.1161 0.1314 0.1192 0.1242 0.1210 0.1233 0.1312 
         498  1 0.0132 0.0945 0.0970 0.1245 0.1144 0.1417 0.1625 0.1321 0.1202 
         499  1 0.1827 0.1226 0.1268 0.0942 0.1017 0.0832 0.0916 0.0956 0.1016 
         500  1 0.0138 0.1064 0.1087 0.1341 0.1392 0.1305 0.1195 0.1206 0.1271 
