           1  1 0.2795 0.1865 0.2242 0.3099 
           2  1 0.3198 0.2559 0.3255 0.0987 
           3  1 0.3624 0.2542 0.3015 0.0818 
           4  1 0.2564 0.2711 0.2710 0.2015 
           5  1 0.4153 0.2374 0.3084 0.0390 
           6  1 0.2969 0.2650 0.3157 0.1224 
           7  1 0.3135 0.3343 0.3200 0.0321 
           8  1 0.1112 0.1317 0.1197 0.6374 
           9  1 0.3092 0.3387 0.3252 0.0269 
          10  1 0.2834 0.3435 0.3086 0.0645 
          11  1 0.3565 0.2811 0.3262 0.0362 
          12  1 0.3795 0.2396 0.3169 0.0640 
          13  1 0.2919 0.3271 0.3247 0.0563 
          14  1 0.3408 0.2956 0.2985 0.0651 
          15  1 0.2989 0.2694 0.3026 0.1290 
          16  1 0.3129 0.3055 0.3257 0.0558 
          17  1 0.2746 0.3563 0.3195 0.0496 
          18  1 0.2158 0.1929 0.2219 0.3693 
          19  1 0.4053 0.1984 0.2637 0.1326 
          20  1 0.3044 0.3269 0.3322 0.0365 
          21  1 0.2944 0.3149 0.3333 0.0575 
          22  1 0.2852 0.3419 0.3442 0.0287 
          23  1 0.2764 0.2764 0.2880 0.1592 
          24  1 0.3040 0.2803 0.3274 0.0883 
          25  1 0.3067 0.3141 0.3272 0.0519 
          26  1 0.3790 0.2495 0.3182 0.0533 
          27  1 0.4016 0.2243 0.3011 0.0730 
          28  1 0.3224 0.2901 0.3271 0.0604 
          29  1 0.3214 0.2938 0.3571 0.0278 
          30  1 0.3176 0.2931 0.3277 0.0617 
          31  1 0.2484 0.3262 0.2974 0.1280 
          32  1 0.3386 0.2914 0.3261 0.0439 
          33  1 0.3074 0.2600 0.3217 0.1109 
          34  1 0.2704 0.3274 0.3091 0.0930 
          35  1 0.2545 0.3850 0.2930 0.0675 
          36  1 0.3297 0.2775 0.3623 0.0305 
          37  1 0.4468 0.2094 0.3084 0.0355 
          38  1 0.3595 0.2703 0.3359 0.0343 
          39  1 0.3112 0.2989 0.3113 0.0786 
          40  1 0.1670 0.2328 0.1954 0.4049 
          41  1 0.3103 0.2970 0.3372 0.0556 
          42  1 0.3007 0.3173 0.3489 0.0331 
          43  1 0.4129 0.2157 0.2755 0.0958 
          44  1 0.3553 0.2657 0.3189 0.0601 
          45  1 0.3192 0.2955 0.3532 0.0321 
          46  1 0.3027 0.2820 0.3545 0.0608 
          47  1 0.3550 0.2548 0.3049 0.0853 
          48  1 0.2407 0.2643 0.2577 0.2374 
          49  1 0.3376 0.2704 0.3351 0.0570 
          50  1 0.3192 0.3125 0.3435 0.0248 
          51  1 0.2829 0.3028 0.3216 0.0926 
          52  1 0.3557 0.2510 0.3510 0.0423 
          53  1 0.3324 0.2923 0.3241 0.0512 
          54  1 0.3731 0.1968 0.2745 0.1556 
          55  1 0.1765 0.1402 0.1642 0.5190 
          56  1 0.3997 0.2410 0.2959 0.0635 
          57  1 0.3681 0.2665 0.3449 0.0205 
          58  1 0.3266 0.2834 0.3356 0.0543 
          59  1 0.3481 0.2718 0.3569 0.0233 
          60  1 0.3662 0.2710 0.3282 0.0346 
          61  1 0.2423 0.1955 0.2353 0.3269 
          62  1 0.3393 0.2718 0.3668 0.0221 
          63  1 0.2820 0.3211 0.3164 0.0805 
          64  1 0.3003 0.2902 0.3614 0.0482 
          65  1 0.3923 0.2528 0.2845 0.0705 
          66  1 0.3105 0.3062 0.3202 0.0632 
          67  1 0.3175 0.2946 0.3544 0.0335 
          68  1 0.3549 0.2705 0.3381 0.0364 
          69  1 0.2988 0.3032 0.3027 0.0952 
          70  1 0.1977 0.3853 0.2848 0.1321 
          71  1 0.2205 0.1971 0.2280 0.3543 
          72  1 0.3242 0.2807 0.3639 0.0312 
          73  1 0.3254 0.2475 0.2768 0.1504 
          74  1 0.2708 0.2953 0.3126 0.1213 
          75  1 0.3455 0.2753 0.3221 0.0570 
          76  1 0.2127 0.3363 0.2619 0.1891 
          77  1 0.2515 0.2888 0.2796 0.1801 
          78  1 0.4254 0.1901 0.2841 0.1004 
          79  1 0.4374 0.2413 0.2923 0.0289 
          80  1 0.2863 0.2316 0.2645 0.2175 
          81  1 0.2520 0.2434 0.2387 0.2658 
          82  1 0.3056 0.3136 0.2907 0.0901 
          83  1 0.2363 0.3430 0.2864 0.1343 
          84  1 0.2356 0.3616 0.2863 0.1165 
          85  1 0.3099 0.2918 0.3259 0.0724 
          86  1 0.1971 0.2273 0.2196 0.3560 
          87  1 0.3166 0.2988 0.3401 0.0445 
          88  1 0.3108 0.2664 0.3317 0.0910 
          89  1 0.2688 0.3332 0.2891 0.1089 
          90  1 0.1870 0.2079 0.2007 0.4045 
          91  1 0.2688 0.3036 0.2780 0.1496 
          92  1 0.2883 0.2987 0.3249 0.0881 
          93  1 0.2845 0.3178 0.3107 0.0870 
          94  1 0.1708 0.1985 0.1905 0.4401 
          95  1 0.2921 0.3029 0.3418 0.0633 
          96  1 0.2667 0.3080 0.3053 0.1199 
          97  1 0.3249 0.3058 0.3253 0.0440 
          98  1 0.2474 0.3722 0.3366 0.0439 
          99  1 0.2442 0.3944 0.3160 0.0455 
         100  1 0.4212 0.2097 0.2947 0.0743 
         101  1 0.2907 0.2894 0.2669 0.1530 
         102  1 0.3160 0.2865 0.3575 0.0400 
         103  1 0.2322 0.1606 0.1882 0.4191 
         104  1 0.2743 0.3547 0.3090 0.0619 
         105  1 0.2867 0.3163 0.3038 0.0933 
         106  1 0.2147 0.4204 0.2741 0.0908 
         107  1 0.3821 0.2411 0.2946 0.0822 
         108  1 0.3105 0.2772 0.3351 0.0772 
         109  1 0.3407 0.2821 0.2924 0.0848 
         110  1 0.3612 0.2883 0.2888 0.0617 
         111  1 0.2704 0.3333 0.2921 0.1043 
         112  1 0.3606 0.2600 0.2813 0.0981 
         113  1 0.3220 0.3091 0.3305 0.0385 
         114  1 0.3016 0.2676 0.2780 0.1528 
         115  1 0.3455 0.2608 0.2913 0.1024 
         116  1 0.3018 0.3318 0.3207 0.0457 
         117  1 0.3599 0.2616 0.2843 0.0942 
         118  1 0.3249 0.2602 0.2944 0.1205 
         119  1 0.2049 0.4181 0.2947 0.0822 
         120  1 0.1855 0.1910 0.1944 0.4291 
         121  1 0.3459 0.2692 0.2839 0.1010 
         122  1 0.2206 0.3888 0.3112 0.0794 
         123  1 0.2898 0.3497 0.3191 0.0414 
         124  1 0.3441 0.2837 0.3258 0.0464 
         125  1 0.2077 0.3452 0.2424 0.2047 
         126  1 0.3097 0.3016 0.3466 0.0421 
         127  1 0.3457 0.2892 0.2867 0.0783 
         128  1 0.3232 0.3384 0.2940 0.0444 
         129  1 0.1904 0.2120 0.1904 0.4072 
         130  1 0.2333 0.3331 0.2814 0.1522 
         131  1 0.3247 0.2795 0.3115 0.0842 
         132  1 0.3271 0.3108 0.3109 0.0512 
         133  1 0.2806 0.3768 0.3039 0.0387 
         134  1 0.3256 0.2752 0.3112 0.0880 
         135  1 0.1037 0.0888 0.0915 0.7160 
         136  1 0.2640 0.3441 0.3013 0.0906 
         137  1 0.2783 0.1830 0.2123 0.3265 
         138  1 0.3469 0.2819 0.3185 0.0527 
         139  1 0.3436 0.2696 0.2875 0.0993 
         140  1 0.3585 0.2582 0.2847 0.0986 
         141  1 0.3350 0.2171 0.2716 0.1762 
         142  1 0.2426 0.3297 0.2553 0.1725 
         143  1 0.3956 0.2068 0.2929 0.1046 
         144  1 0.3011 0.3132 0.3410 0.0447 
         145  1 0.3127 0.2924 0.3607 0.0342 
         146  1 0.3490 0.2354 0.2732 0.1424 
         147  1 0.3417 0.2762 0.3364 0.0457 
         148  1 0.3334 0.3102 0.3046 0.0518 
         149  1 0.3254 0.2630 0.2700 0.1416 
         150  1 0.2615 0.2475 0.2310 0.2600 
         151  1 0.2718 0.3082 0.2878 0.1323 
         152  1 0.3193 0.2924 0.2830 0.1053 
         153  1 0.3518 0.2606 0.3036 0.0839 
         154  1 0.2120 0.4452 0.3032 0.0396 
         155  1 0.2807 0.3099 0.2856 0.1238 
         156  1 0.3335 0.2701 0.3052 0.0912 
         157  1 0.3284 0.2990 0.3009 0.0717 
         158  1 0.2066 0.2642 0.2305 0.2988 
         159  1 0.2828 0.3156 0.3248 0.0768 
         160  1 0.2709 0.3537 0.3140 0.0614 
         161  1 0.1920 0.2337 0.2086 0.3658 
         162  1 0.3239 0.3072 0.3069 0.0621 
         163  1 0.2613 0.2843 0.2812 0.1733 
         164  1 0.2361 0.3559 0.3182 0.0898 
         165  1 0.3027 0.3121 0.3247 0.0605 
         166  1 0.3219 0.2606 0.2913 0.1262 
         167  1 0.2617 0.3546 0.3218 0.0620 
         168  1 0.2335 0.2027 0.2339 0.3299 
         169  1 0.1963 0.4377 0.2820 0.0841 
         170  1 0.2617 0.3752 0.3226 0.0406 
         171  1 0.3021 0.3031 0.3298 0.0650 
         172  1 0.2819 0.3257 0.3344 0.0581 
         173  1 0.3006 0.2954 0.2906 0.1133 
         174  1 0.2832 0.3111 0.3189 0.0868 
         175  1 0.2338 0.3944 0.3011 0.0707 
         176  1 0.2811 0.2707 0.2733 0.1748 
         177  1 0.2571 0.2529 0.2806 0.2094 
         178  1 0.3052 0.3099 0.3064 0.0785 
         179  1 0.3563 0.2568 0.3059 0.0809 
         180  1 0.2926 0.3702 0.3197 0.0175 
         181  1 0.3026 0.2466 0.2844 0.1664 
         182  1 0.1837 0.1764 0.1715 0.4684 
         183  1 0.1917 0.3091 0.2297 0.2694 
         184  1 0.1960 0.3925 0.2775 0.1340 
         185  1 0.2790 0.2964 0.2810 0.1435 
         186  1 0.1975 0.4429 0.2898 0.0697 
         187  1 0.1947 0.4689 0.2890 0.0474 
         188  1 0.2023 0.4498 0.2928 0.0551 
         189  1 0.3685 0.2509 0.3133 0.0672 
         190  1 0.1832 0.4396 0.2833 0.0939 
         191  1 0.2953 0.3367 0.3184 0.0495 
         192  1 0.0821 0.0689 0.0784 0.7706 
         193  1 0.1028 0.1126 0.0993 0.6853 
         194  1 0.1647 0.3178 0.2351 0.2825 
         195  1 0.2592 0.3353 0.2768 0.1287 
         196  1 0.3488 0.2950 0.3146 0.0416 
         197  1 0.2883 0.2309 0.2856 0.1953 
         198  1 0.3242 0.2948 0.3166 0.0645 
         199  1 0.2986 0.2347 0.2809 0.1859 
         200  1 0.2689 0.2823 0.2649 0.1838 
         201  1 0.2218 0.2230 0.2311 0.3242 
         202  1 0.3152 0.2978 0.3648 0.0222 
         203  1 0.3455 0.2475 0.2563 0.1506 
         204  1 0.2989 0.3550 0.3116 0.0345 
         205  1 0.3568 0.2855 0.3196 0.0381 
         206  1 0.2951 0.3019 0.3370 0.0660 
         207  1 0.3574 0.2766 0.3102 0.0558 
         208  1 0.2827 0.3578 0.3279 0.0317 
         209  1 0.1866 0.2132 0.1900 0.4102 
         210  1 0.3767 0.2560 0.3154 0.0519 
         211  1 0.2829 0.3268 0.3141 0.0762 
         212  1 0.1975 0.3279 0.2617 0.2129 
         213  1 0.3153 0.2923 0.2893 0.1031 
         214  1 0.3925 0.2214 0.2823 0.1038 
         215  1 0.2545 0.3328 0.2801 0.1327 
         216  1 0.2448 0.3684 0.3050 0.0818 
         217  1 0.4416 0.2000 0.2916 0.0668 
         218  1 0.3231 0.3175 0.3149 0.0445 
         219  1 0.3352 0.3148 0.3139 0.0361 
         220  1 0.2477 0.2636 0.2516 0.2371 
         221  1 0.3072 0.2687 0.3119 0.1123 
         222  1 0.2743 0.2651 0.2825 0.1781 
         223  1 0.1669 0.1650 0.1679 0.5001 
         224  1 0.3108 0.2854 0.3124 0.0914 
         225  1 0.3231 0.3040 0.3221 0.0508 
         226  1 0.3341 0.2830 0.3345 0.0484 
         227  1 0.1908 0.3533 0.2386 0.2174 
         228  1 0.2514 0.3374 0.2893 0.1219 
         229  1 0.3566 0.2854 0.3167 0.0413 
         230  1 0.2234 0.4316 0.2643 0.0807 
         231  1 0.3151 0.2998 0.3505 0.0346 
         232  1 0.3269 0.3122 0.3061 0.0547 
         233  1 0.3018 0.3035 0.2977 0.0971 
         234  1 0.2675 0.3932 0.2902 0.0492 
         235  1 0.3197 0.2988 0.3421 0.0394 
         236  1 0.4126 0.2406 0.3060 0.0408 
         237  1 0.3274 0.2776 0.3363 0.0586 
         238  1 0.2898 0.2691 0.2805 0.1606 
         239  1 0.3290 0.3041 0.3500 0.0169 
         240  1 0.2192 0.2083 0.2117 0.3608 
         241  1 0.3069 0.3425 0.3054 0.0452 
         242  1 0.2982 0.2755 0.2916 0.1347 
         243  1 0.3279 0.2810 0.3401 0.0511 
         244  1 0.3691 0.2404 0.2985 0.0920 
         245  1 0.2594 0.3622 0.3386 0.0398 
         246  1 0.3195 0.3027 0.3557 0.0221 
         247  1 0.3254 0.2514 0.2758 0.1474 
         248  1 0.3196 0.2318 0.2955 0.1530 
         249  1 0.1697 0.3036 0.2044 0.3223 
         250  1 0.2760 0.3779 0.2851 0.0610 
         251  1 0.2693 0.3986 0.2724 0.0597 
         252  1 0.3559 0.3089 0.3082 0.0271 
         253  1 0.2007 0.1668 0.1813 0.4512 
         254  1 0.0536 0.0756 0.0640 0.8069 
         255  1 0.2665 0.2969 0.3002 0.1364 
         256  1 0.1919 0.4687 0.2794 0.0600 
         257  1 0.2475 0.2929 0.2563 0.2034 
         258  1 0.2903 0.3126 0.3174 0.0797 
         259  1 0.3948 0.2332 0.2979 0.0741 
         260  1 0.4186 0.2326 0.3268 0.0221 
         261  1 0.2933 0.3520 0.3061 0.0486 
         262  1 0.3344 0.3081 0.3080 0.0494 
         263  1 0.2791 0.3031 0.2858 0.1320 
         264  1 0.3399 0.2648 0.3492 0.0462 
         265  1 0.2540 0.2336 0.2286 0.2837 
         266  1 0.2846 0.3219 0.3363 0.0572 
         267  1 0.3316 0.2885 0.3108 0.0691 
         268  1 0.3494 0.2757 0.3042 0.0707 
         269  1 0.3197 0.2766 0.2878 0.1159 
         270  1 0.1129 0.2227 0.1502 0.5142 
         271  1 0.3345 0.3085 0.2823 0.0746 
         272  1 0.2513 0.3854 0.3069 0.0565 
         273  1 0.3998 0.2476 0.3214 0.0312 
         274  1 0.3061 0.3077 0.3560 0.0302 
         275  1 0.3364 0.2930 0.2877 0.0830 
         276  1 0.3591 0.2711 0.3057 0.0641 
         277  1 0.2191 0.3663 0.2730 0.1416 
         278  1 0.3800 0.1997 0.2763 0.1440 
         279  1 0.2862 0.3578 0.3344 0.0216 
         280  1 0.3181 0.2954 0.3412 0.0452 
         281  1 0.2208 0.2597 0.2305 0.2890 
         282  1 0.3247 0.2881 0.3343 0.0529 
         283  1 0.2448 0.4182 0.3087 0.0284 
         284  1 0.2333 0.4177 0.3116 0.0374 
         285  1 0.3082 0.2891 0.3212 0.0815 
         286  1 0.2020 0.2047 0.2035 0.3899 
         287  1 0.3048 0.2969 0.3362 0.0621 
         288  1 0.3490 0.2845 0.3216 0.0449 
         289  1 0.3282 0.2852 0.3066 0.0800 
         290  1 0.4043 0.2314 0.3201 0.0441 
         291  1 0.3133 0.3094 0.2918 0.0855 
         292  1 0.1805 0.4480 0.2787 0.0929 
         293  1 0.4360 0.2205 0.3004 0.0431 
         294  1 0.2651 0.3505 0.3250 0.0595 
         295  1 0.3663 0.2638 0.2860 0.0839 
         296  1 0.2310 0.2550 0.2301 0.2839 
         297  1 0.3135 0.2724 0.3212 0.0928 
         298  1 0.3422 0.3069 0.3229 0.0279 
         299  1 0.3219 0.2816 0.2958 0.1006 
         300  1 0.2124 0.2868 0.2625 0.2382 
         301  1 0.2332 0.1967 0.1986 0.3715 
         302  1 0.2461 0.3728 0.2875 0.0935 
         303  1 0.3160 0.2643 0.3325 0.0871 
         304  1 0.3144 0.2695 0.3429 0.0732 
         305  1 0.2836 0.3256 0.3318 0.0590 
         306  1 0.3219 0.2468 0.2736 0.1577 
         307  1 0.2729 0.3390 0.3487 0.0394 
         308  1 0.2988 0.2977 0.3163 0.0872 
         309  1 0.3010 0.2885 0.3218 0.0887 
         310  1 0.1551 0.4621 0.2795 0.1033 
         311  1 0.2992 0.3254 0.3166 0.0588 
         312  1 0.3480 0.2669 0.2936 0.0916 
         313  1 0.3010 0.3097 0.3419 0.0474 
         314  1 0.3212 0.2865 0.3338 0.0585 
         315  1 0.3062 0.3408 0.3154 0.0376 
         316  1 0.1597 0.1717 0.1620 0.5066 
         317  1 0.2600 0.3390 0.3300 0.0710 
         318  1 0.3342 0.3012 0.3135 0.0511 
         319  1 0.3320 0.2985 0.3029 0.0667 
         320  1 0.3235 0.2936 0.3168 0.0661 
         321  1 0.1609 0.1348 0.1460 0.5583 
         322  1 0.2620 0.3333 0.2993 0.1054 
         323  1 0.3073 0.2920 0.3123 0.0884 
         324  1 0.2544 0.3519 0.3073 0.0864 
         325  1 0.3354 0.2914 0.3369 0.0363 
         326  1 0.2647 0.4065 0.2909 0.0380 
         327  1 0.2298 0.2621 0.2248 0.2832 
         328  1 0.3056 0.3327 0.3391 0.0226 
         329  1 0.3970 0.2507 0.2905 0.0618 
         330  1 0.2800 0.2552 0.2680 0.1968 
         331  1 0.3001 0.2810 0.3241 0.0949 
         332  1 0.3069 0.3457 0.3123 0.0352 
         333  1 0.3341 0.3167 0.3041 0.0450 
         334  1 0.2491 0.3872 0.2992 0.0645 
         335  1 0.2246 0.2002 0.1946 0.3807 
         336  1 0.2942 0.2835 0.2710 0.1514 
         337  1 0.1761 0.4912 0.3057 0.0270 
         338  1 0.4162 0.2256 0.3210 0.0371 
         339  1 0.1478 0.4838 0.2822 0.0862 
         340  1 0.1509 0.1958 0.1738 0.4795 
         341  1 0.2805 0.2616 0.2702 0.1876 
         342  1 0.2689 0.3622 0.3115 0.0574 
         343  1 0.3028 0.3662 0.2833 0.0476 
         344  1 0.2524 0.3807 0.2747 0.0922 
         345  1 0.3944 0.2555 0.3072 0.0429 
         346  1 0.3229 0.2915 0.3186 0.0671 
         347  1 0.3552 0.2999 0.2890 0.0558 
         348  1 0.2742 0.3084 0.3200 0.0974 
         349  1 0.3411 0.2433 0.2954 0.1202 
         350  1 0.2290 0.2342 0.2445 0.2923 
         351  1 0.3300 0.2696 0.2727 0.1277 
         352  1 0.3685 0.2630 0.3371 0.0313 
         353  1 0.1026 0.0762 0.0864 0.7349 
         354  1 0.3769 0.2495 0.3274 0.0461 
         355  1 0.3642 0.2810 0.3127 0.0421 
         356  1 0.2927 0.3070 0.2851 0.1153 
         357  1 0.3717 0.2487 0.2921 0.0875 
         358  1 0.3720 0.2720 0.3039 0.0521 
         359  1 0.3500 0.2056 0.2693 0.1751 
         360  1 0.3880 0.2147 0.2759 0.1214 
         361  1 0.3329 0.2947 0.3072 0.0652 
         362  1 0.2169 0.2047 0.1919 0.3864 
         363  1 0.2253 0.2790 0.2325 0.2632 
         364  1 0.2735 0.3078 0.2879 0.1308 
         365  1 0.1707 0.2317 0.2088 0.3888 
         366  1 0.3301 0.2510 0.2831 0.1358 
         367  1 0.0655 0.0992 0.0802 0.7551 
         368  1 0.2689 0.3792 0.2977 0.0542 
         369  1 0.2881 0.3335 0.3278 0.0506 
         370  1 0.3793 0.2283 0.2773 0.1150 
         371  1 0.2524 0.2642 0.2795 0.2039 
         372  1 0.2973 0.3029 0.3329 0.0668 
         373  1 0.3132 0.2106 0.2549 0.2213 
         374  1 0.3865 0.2354 0.2874 0.0907 
         375  1 0.2841 0.2763 0.2794 0.1602 
         376  1 0.3186 0.2326 0.2770 0.1718 
         377  1 0.4130 0.2272 0.2994 0.0604 
         378  1 0.2411 0.4080 0.3020 0.0489 
         379  1 0.2934 0.2952 0.2722 0.1391 
         380  1 0.3147 0.2878 0.2719 0.1256 
         381  1 0.3296 0.2805 0.3192 0.0707 
         382  1 0.3567 0.2724 0.3236 0.0473 
         383  1 0.2916 0.3064 0.3063 0.0958 
         384  1 0.3137 0.3256 0.3346 0.0262 
         385  1 0.2464 0.2976 0.2583 0.1977 
         386  1 0.3079 0.3211 0.3189 0.0521 
         387  1 0.2063 0.3002 0.2352 0.2583 
         388  1 0.1790 0.1099 0.1296 0.5815 
         389  1 0.1787 0.1247 0.1488 0.5479 
         390  1 0.2672 0.3503 0.3180 0.0645 
         391  1 0.3516 0.2782 0.2938 0.0765 
         392  1 0.2470 0.3241 0.2585 0.1705 
         393  1 0.3274 0.3026 0.3093 0.0607 
         394  1 0.3358 0.2926 0.2749 0.0967 
         395  1 0.2145 0.3696 0.2594 0.1565 
         396  1 0.1672 0.4842 0.2964 0.0521 
         397  1 0.2291 0.1997 0.1887 0.3826 
         398  1 0.2883 0.3538 0.3245 0.0333 
         399  1 0.3594 0.2982 0.3160 0.0263 
         400  1 0.2283 0.3694 0.2721 0.1302 
         401  1 0.2198 0.3002 0.2264 0.2535 
         402  1 0.1991 0.4168 0.2925 0.0915 
         403  1 0.1707 0.2923 0.2144 0.3225 
         404  1 0.3418 0.2709 0.3090 0.0783 
         405  1 0.3282 0.3135 0.3115 0.0468 
         406  1 0.1099 0.1101 0.1110 0.6690 
         407  1 0.2022 0.1973 0.1930 0.4075 
         408  1 0.3370 0.2986 0.3288 0.0355 
         409  1 0.2441 0.3689 0.2896 0.0975 
         410  1 0.1886 0.2345 0.2160 0.3609 
         411  1 0.3855 0.2552 0.3069 0.0524 
         412  1 0.2721 0.3672 0.2875 0.0732 
         413  1 0.3496 0.2680 0.3525 0.0299 
         414  1 0.2498 0.2713 0.2350 0.2440 
         415  1 0.3098 0.3254 0.2884 0.0763 
         416  1 0.3308 0.3093 0.3143 0.0456 
         417  1 0.3462 0.2333 0.2710 0.1495 
         418  1 0.3263 0.3132 0.3226 0.0378 
         419  1 0.3514 0.2327 0.2916 0.1243 
         420  1 0.1424 0.1407 0.1369 0.5799 
         421  1 0.2273 0.3914 0.3160 0.0653 
         422  1 0.3527 0.2750 0.3394 0.0329 
         423  1 0.3989 0.2508 0.3071 0.0431 
         424  1 0.2762 0.2011 0.2524 0.2703 
         425  1 0.2345 0.2973 0.2414 0.2268 
         426  1 0.2545 0.3447 0.3017 0.0990 
         427  1 0.3192 0.3371 0.3087 0.0351 
         428  1 0.1601 0.5022 0.2803 0.0574 
         429  1 0.1382 0.1664 0.1451 0.5503 
         430  1 0.2591 0.3607 0.3070 0.0732 
         431  1 0.3146 0.3145 0.3246 0.0463 
         432  1 0.4458 0.2178 0.3047 0.0316 
         433  1 0.3690 0.2754 0.3266 0.0290 
         434  1 0.3558 0.2802 0.3007 0.0633 
         435  1 0.2335 0.3520 0.2984 0.1162 
         436  1 0.2366 0.4051 0.2928 0.0655 
         437  1 0.3230 0.3264 0.3009 0.0498 
         438  1 0.3424 0.2621 0.3240 0.0715 
         439  1 0.1733 0.4326 0.2768 0.1173 
         440  1 0.3259 0.2887 0.3538 0.0316 
         441  1 0.2532 0.3008 0.2376 0.2083 
         442  1 0.2943 0.1994 0.2169 0.2894 
         443  1 0.3476 0.3015 0.3108 0.0401 
         444  1 0.3793 0.2822 0.3133 0.0253 
         445  1 0.2651 0.3418 0.3159 0.0772 
         446  1 0.3351 0.2711 0.3191 0.0747 
         447  1 0.2201 0.1838 0.2008 0.3954 
         448  1 0.2481 0.3680 0.3076 0.0763 
         449  1 0.3131 0.2768 0.3704 0.0397 
         450  1 0.1965 0.1810 0.2013 0.4212 
         451  1 0.1396 0.2031 0.1704 0.4870 
         452  1 0.3638 0.2705 0.3246 0.0411 
         453  1 0.2015 0.4091 0.2879 0.1015 
         454  1 0.2997 0.3221 0.2898 0.0883 
         455  1 0.3133 0.2759 0.3420 0.0688 
         456  1 0.3285 0.2685 0.2980 0.1050 
         457  1 0.2893 0.3487 0.3295 0.0325 
         458  1 0.3412 0.2777 0.3300 0.0512 
         459  1 0.2369 0.2021 0.2147 0.3463 
         460  1 0.1237 0.1113 0.1202 0.6448 
         461  1 0.3046 0.2788 0.2921 0.1246 
         462  1 0.3089 0.3272 0.3155 0.0484 
         463  1 0.3349 0.2839 0.3428 0.0385 
         464  1 0.3479 0.2702 0.3290 0.0529 
         465  1 0.2870 0.2949 0.2843 0.1337 
         466  1 0.2035 0.2173 0.1872 0.3920 
         467  1 0.3903 0.2596 0.3062 0.0438 
         468  1 0.2943 0.3077 0.3287 0.0693 
         469  1 0.2741 0.3840 0.3137 0.0283 
         470  1 0.2551 0.2274 0.2458 0.2717 
         471  1 0.2687 0.2349 0.2526 0.2438 
         472  1 0.2584 0.2884 0.3350 0.1182 
         473  1 0.3928 0.2455 0.3175 0.0442 
         474  1 0.3156 0.2853 0.3105 0.0886 
         475  1 0.4358 0.2143 0.3276 0.0222 
         476  1 0.1675 0.1790 0.1696 0.4839 
         477  1 0.2734 0.2744 0.2725 0.1797 
         478  1 0.3006 0.2618 0.3143 0.1233 
         479  1 0.3372 0.2554 0.2990 0.1084 
         480  1 0.2908 0.2553 0.2693 0.1846 
         481  1 0.2224 0.3005 0.2601 0.2171 
         482  1 0.1874 0.2764 0.2293 0.3069 
         483  1 0.2469 0.3964 0.3171 0.0396 
         484  1 0.2324 0.3097 0.2648 0.1931 
         485  1 0.2068 0.2561 0.2303 0.3068 
         486  1 0.3145 0.2372 0.2637 0.1846 
         487  1 0.3249 0.3059 0.2758 0.0934 
         488  1 0.1990 0.2867 0.2182 0.2961 
         489  1 0.2822 0.3512 0.3143 0.0524 
         490  1 0.3300 0.2631 0.2902 0.1167 
         491  1 0.2928 0.2767 0.3077 0.1228 
         492  1 0.2422 0.2798 0.2408 0.2372 
         493  1 0.2937 0.3255 0.3470 0.0338 
         494  1 0.3815 0.2569 0.3109 0.0507 
         495  1 0.3398 0.2443 0.2784 0.1375 
         496  1 0.1902 0.3507 0.2527 0.2064 
         497  1 0.3120 0.3068 0.3121 0.0690 
         498  1 0.3367 0.2831 0.3412 0.0390 
         499  1 0.1752 0.1663 0.1766 0.4819 
         500  1 0.3731 0.2765 0.3086 0.0418 
         501  1 0.2833 0.2163 0.2547 0.2457 
         502  1 0.2972 0.3449 0.3013 0.0566 
         503  1 0.2827 0.3440 0.3300 0.0433 
         504  1 0.3333 0.2884 0.3590 0.0193 
         505  1 0.1031 0.1281 0.1155 0.6533 
         506  1 0.1074 0.2061 0.1433 0.5432 
         507  1 0.2402 0.2682 0.2410 0.2507 
         508  1 0.3319 0.2800 0.3232 0.0649 
         509  1 0.1396 0.1388 0.1489 0.5727 
         510  1 0.2977 0.2978 0.2950 0.1095 
         511  1 0.3184 0.3184 0.2980 0.0652 
         512  1 0.2343 0.2079 0.2149 0.3428 
         513  1 0.3323 0.2577 0.3224 0.0876 
         514  1 0.1856 0.2242 0.2195 0.3706 
         515  1 0.2138 0.3544 0.2568 0.1750 
         516  1 0.2154 0.2533 0.2159 0.3155 
         517  1 0.3064 0.3069 0.3324 0.0543 
         518  1 0.2557 0.3362 0.2800 0.1281 
         519  1 0.3134 0.3261 0.3333 0.0272 
         520  1 0.2707 0.2892 0.2980 0.1421 
         521  1 0.3425 0.2769 0.2918 0.0888 
         522  1 0.1508 0.1894 0.1571 0.5026 
         523  1 0.3613 0.2639 0.3362 0.0386 
         524  1 0.2664 0.3173 0.2768 0.1395 
         525  1 0.3096 0.1602 0.2184 0.3117 
         526  1 0.3363 0.2907 0.3400 0.0330 
         527  1 0.1771 0.1664 0.1886 0.4678 
         528  1 0.1958 0.2556 0.2260 0.3226 
         529  1 0.2482 0.3899 0.2779 0.0840 
         530  1 0.2330 0.2428 0.2512 0.2730 
         531  1 0.3004 0.2609 0.3067 0.1320 
         532  1 0.3391 0.2510 0.3287 0.0811 
         533  1 0.2658 0.3726 0.2889 0.0727 
         534  1 0.3121 0.2582 0.3451 0.0846 
         535  1 0.2861 0.2753 0.2945 0.1441 
         536  1 0.2864 0.2516 0.2877 0.1744 
         537  1 0.1923 0.3844 0.2656 0.1576 
         538  1 0.1061 0.0883 0.0977 0.7079 
         539  1 0.2271 0.2347 0.2429 0.2954 
         540  1 0.3226 0.2745 0.3396 0.0633 
         541  1 0.3012 0.3220 0.3391 0.0376 
         542  1 0.3016 0.3368 0.3163 0.0453 
         543  1 0.3409 0.2757 0.3513 0.0321 
         544  1 0.3697 0.2549 0.3120 0.0635 
         545  1 0.2774 0.3128 0.3312 0.0787 
         546  1 0.3648 0.2567 0.3538 0.0247 
         547  1 0.3526 0.2516 0.3004 0.0954 
         548  1 0.3398 0.2735 0.3492 0.0375 
         549  1 0.3859 0.2517 0.3075 0.0549 
         550  1 0.3548 0.2816 0.3347 0.0289 
         551  1 0.3084 0.3068 0.3382 0.0465 
         552  1 0.3578 0.2382 0.3129 0.0911 
         553  1 0.3054 0.2936 0.3085 0.0926 
         554  1 0.3791 0.2668 0.3108 0.0433 
         555  1 0.2943 0.2950 0.2704 0.1403 
         556  1 0.2566 0.3097 0.2968 0.1369 
         557  1 0.2050 0.3509 0.2603 0.1837 
         558  1 0.2006 0.3126 0.2245 0.2623 
         559  1 0.0427 0.0575 0.0460 0.8537 
         560  1 0.3118 0.2372 0.2802 0.1708 
         561  1 0.0759 0.0929 0.0708 0.7604 
         562  1 0.2056 0.2341 0.1990 0.3614 
         563  1 0.0568 0.0481 0.0558 0.8393 
         564  1 0.1348 0.1594 0.1460 0.5597 
         565  1 0.0534 0.0496 0.0492 0.8478 
         566  1 0.2001 0.2041 0.2015 0.3943 
         567  1 0.1570 0.1267 0.1375 0.5789 
         568  1 0.3483 0.2493 0.2921 0.1103 
         569  1 0.1435 0.1529 0.1499 0.5537 
         570  1 0.1778 0.2824 0.2282 0.3116 
         571  1 0.1720 0.1566 0.1590 0.5124 
         572  1 0.0988 0.0998 0.0984 0.7030 
         573  1 0.0470 0.0474 0.0457 0.8598 
         574  1 0.2016 0.2425 0.2011 0.3547 
         575  1 0.1420 0.1220 0.1223 0.6138 
         576  1 0.1443 0.1196 0.1367 0.5994 
         577  1 0.0665 0.0600 0.0641 0.8094 
         578  1 0.1477 0.1270 0.1313 0.5940 
         579  1 0.0903 0.1152 0.0961 0.6984 
         580  1 0.0624 0.0512 0.0588 0.8277 
         581  1 0.1465 0.1453 0.1658 0.5424 
         582  1 0.0704 0.0726 0.0704 0.7866 
         583  1 0.0451 0.0503 0.0471 0.8574 
         584  1 0.0484 0.0594 0.0565 0.8357 
         585  1 0.0553 0.0544 0.0530 0.8373 
         586  1 0.1935 0.1829 0.1731 0.4505 
         587  1 0.2525 0.2242 0.2307 0.2926 
         588  1 0.1927 0.1984 0.2223 0.3866 
         589  1 0.2722 0.1953 0.2065 0.3259 
         590  1 0.0337 0.0376 0.0347 0.8940 
         591  1 0.1052 0.1195 0.1137 0.6616 
         592  1 0.0989 0.0702 0.0860 0.7449 
         593  1 0.1067 0.1527 0.1250 0.6155 
         594  1 0.0362 0.0336 0.0346 0.8956 
         595  1 0.0478 0.0546 0.0492 0.8485 
         596  1 0.0969 0.0923 0.0920 0.7188 
         597  1 0.0744 0.0805 0.0738 0.7714 
         598  1 0.0246 0.0237 0.0238 0.9279 
         599  1 0.0588 0.0692 0.0650 0.8070 
         600  1 0.1919 0.4044 0.2819 0.1218 
         601  1 0.0910 0.1025 0.0935 0.7130 
         602  1 0.0249 0.0247 0.0247 0.9258 
         603  1 0.1250 0.1107 0.1222 0.6421 
         604  1 0.0746 0.1155 0.0864 0.7234 
         605  1 0.0618 0.0645 0.0619 0.8118 
         606  1 0.2912 0.1709 0.2139 0.3241 
         607  1 0.2114 0.2691 0.2278 0.2917 
         608  1 0.0662 0.0687 0.0710 0.7941 
         609  1 0.2113 0.2184 0.2016 0.3688 
         610  1 0.0394 0.0485 0.0445 0.8676 
         611  1 0.1945 0.2295 0.2024 0.3736 
         612  1 0.0342 0.0327 0.0326 0.9005 
         613  1 0.1773 0.2345 0.2004 0.3877 
         614  1 0.0737 0.0869 0.0772 0.7621 
         615  1 0.0850 0.1646 0.1091 0.6414 
         616  1 0.0821 0.1613 0.1060 0.6505 
         617  1 0.1300 0.1325 0.1316 0.6060 
         618  1 0.0427 0.0450 0.0451 0.8671 
         619  1 0.0301 0.0325 0.0311 0.9063 
         620  1 0.0252 0.0276 0.0268 0.9204 
         621  1 0.0605 0.0719 0.0641 0.8036 
         622  1 0.0490 0.0545 0.0541 0.8424 
         623  1 0.0393 0.0393 0.0424 0.8790 
         624  1 0.0685 0.0695 0.0692 0.7928 
         625  1 0.0459 0.0427 0.0459 0.8655 
         626  1 0.0232 0.0229 0.0240 0.9300 
         627  1 0.0350 0.0386 0.0358 0.8905 
         628  1 0.0283 0.0277 0.0290 0.9149 
         629  1 0.0333 0.0385 0.0335 0.8947 
         630  1 0.0499 0.0560 0.0547 0.8394 
         631  1 0.0282 0.0323 0.0299 0.9096 
         632  1 0.1995 0.1493 0.1601 0.4911 
         633  1 0.0282 0.0289 0.0275 0.9154 
         634  1 0.1755 0.1696 0.1713 0.4836 
         635  1 0.1339 0.1141 0.1219 0.6300 
         636  1 0.0612 0.1090 0.0842 0.7455 
         637  1 0.0259 0.0245 0.0255 0.9241 
         638  1 0.1330 0.1116 0.1186 0.6368 
         639  1 0.0308 0.0358 0.0327 0.9007 
         640  1 0.0442 0.0550 0.0460 0.8549 
         641  1 0.0490 0.0390 0.0466 0.8653 
         642  1 0.0675 0.0642 0.0670 0.8013 
         643  1 0.0365 0.0370 0.0380 0.8885 
         644  1 0.0589 0.0754 0.0640 0.8016 
         645  1 0.0652 0.0884 0.0684 0.7781 
         646  1 0.0468 0.0580 0.0504 0.8448 
         647  1 0.2717 0.2066 0.2359 0.2859 
         648  1 0.1838 0.1450 0.1597 0.5115 
         649  1 0.0368 0.0445 0.0409 0.8778 
         650  1 0.0980 0.2730 0.1554 0.4736 
         651  1 0.0480 0.0520 0.0496 0.8504 
         652  1 0.0732 0.0718 0.0765 0.7785 
         653  1 0.0920 0.0809 0.0820 0.7451 
         654  1 0.0427 0.0409 0.0403 0.8761 
         655  1 0.0471 0.0426 0.0445 0.8659 
         656  1 0.0215 0.0209 0.0225 0.9351 
         657  1 0.0303 0.0299 0.0292 0.9105 
         658  1 0.0602 0.0608 0.0582 0.8208 
         659  1 0.1294 0.1946 0.1580 0.5180 
         660  1 0.0287 0.0279 0.0277 0.9157 
         661  1 0.1755 0.1984 0.1801 0.4460 
         662  1 0.0288 0.0293 0.0278 0.9141 
         663  1 0.0939 0.0812 0.0883 0.7367 
         664  1 0.0748 0.0750 0.0782 0.7721 
         665  1 0.0330 0.0326 0.0317 0.9027 
         666  1 0.0366 0.0325 0.0343 0.8966 
         667  1 0.0710 0.0654 0.0713 0.7923 
         668  1 0.0576 0.0728 0.0742 0.7953 
