           1  1 0.3055 0.2683 0.4263 
           2  1 0.3346 0.4798 0.1856 
           3  1 0.4150 0.4041 0.1809 
           4  1 0.3250 0.3722 0.3028 
           5  1 0.5339 0.3795 0.0866 
           6  1 0.3500 0.4408 0.2092 
           7  1 0.4981 0.4265 0.0754 
           8  1 0.1540 0.1509 0.6951 
           9  1 0.4519 0.4847 0.0634 
          10  1 0.4116 0.4496 0.1388 
          11  1 0.4866 0.4380 0.0755 
          12  1 0.4324 0.4358 0.1318 
          13  1 0.3968 0.4899 0.1134 
          14  1 0.4024 0.4332 0.1644 
          15  1 0.3307 0.4387 0.2306 
          16  1 0.3916 0.4855 0.1229 
          17  1 0.3817 0.5057 0.1126 
          18  1 0.2356 0.3073 0.4570 
          19  1 0.4258 0.2954 0.2788 
          20  1 0.4523 0.4702 0.0775 
          21  1 0.3608 0.5092 0.1300 
          22  1 0.4081 0.5302 0.0616 
          23  1 0.3320 0.4030 0.2650 
          24  1 0.3646 0.4729 0.1625 
          25  1 0.4339 0.4522 0.1140 
          26  1 0.4738 0.4029 0.1233 
          27  1 0.4554 0.3707 0.1739 
          28  1 0.3828 0.4943 0.1229 
          29  1 0.3386 0.5985 0.0630 
          30  1 0.3772 0.4962 0.1266 
          31  1 0.3567 0.3954 0.2479 
          32  1 0.3889 0.5141 0.0970 
          33  1 0.3321 0.4631 0.2049 
          34  1 0.3859 0.4075 0.2067 
          35  1 0.4340 0.4029 0.1632 
          36  1 0.3799 0.5548 0.0653 
          37  1 0.5620 0.3522 0.0858 
          38  1 0.4886 0.4397 0.0717 
          39  1 0.3783 0.4553 0.1665 
          40  1 0.2299 0.2453 0.5248 
          41  1 0.4463 0.4421 0.1116 
          42  1 0.4198 0.5054 0.0748 
          43  1 0.4965 0.2993 0.2041 
          44  1 0.3961 0.4745 0.1294 
          45  1 0.3519 0.5806 0.0675 
          46  1 0.3525 0.5311 0.1164 
          47  1 0.3898 0.4232 0.1870 
          48  1 0.2970 0.3165 0.3865 
          49  1 0.4218 0.4597 0.1186 
          50  1 0.3454 0.5992 0.0554 
          51  1 0.3336 0.4706 0.1957 
          52  1 0.4601 0.4492 0.0907 
          53  1 0.3973 0.4898 0.1129 
          54  1 0.3602 0.3577 0.2821 
          55  1 0.1875 0.2515 0.5610 
          56  1 0.4591 0.4057 0.1351 
          57  1 0.3792 0.5729 0.0478 
          58  1 0.3814 0.5004 0.1182 
          59  1 0.3726 0.5745 0.0529 
          60  1 0.4292 0.4906 0.0803 
          61  1 0.2521 0.3077 0.4402 
          62  1 0.3598 0.5871 0.0531 
          63  1 0.3578 0.4764 0.1658 
          64  1 0.3811 0.5129 0.1060 
          65  1 0.5260 0.3255 0.1485 
          66  1 0.4248 0.4470 0.1281 
          67  1 0.3758 0.5518 0.0724 
          68  1 0.4201 0.5009 0.0790 
          69  1 0.3844 0.4270 0.1885 
          70  1 0.3385 0.3455 0.3160 
          71  1 0.2481 0.3188 0.4331 
          72  1 0.3418 0.5869 0.0714 
          73  1 0.3437 0.3594 0.2969 
          74  1 0.3667 0.4091 0.2242 
          75  1 0.4234 0.4594 0.1172 
          76  1 0.3310 0.3339 0.3351 
          77  1 0.3375 0.3531 0.3094 
          78  1 0.4295 0.3232 0.2473 
          79  1 0.5356 0.3985 0.0659 
          80  1 0.3289 0.3541 0.3169 
          81  1 0.3188 0.2736 0.4076 
          82  1 0.3704 0.4126 0.2170 
          83  1 0.3703 0.3558 0.2739 
          84  1 0.3627 0.3903 0.2470 
          85  1 0.3479 0.5021 0.1499 
          86  1 0.2592 0.2859 0.4550 
          87  1 0.3941 0.5102 0.0957 
          88  1 0.3234 0.5003 0.1763 
          89  1 0.3949 0.3881 0.2170 
          90  1 0.2203 0.2646 0.5151 
          91  1 0.3625 0.3762 0.2613 
          92  1 0.3197 0.4999 0.1804 
          93  1 0.3553 0.4675 0.1772 
          94  1 0.2149 0.2149 0.5702 
          95  1 0.3395 0.5396 0.1209 
          96  1 0.3577 0.4367 0.2057 
          97  1 0.4692 0.4354 0.0954 
          98  1 0.3837 0.5030 0.1133 
          99  1 0.4465 0.4368 0.1167 
         100  1 0.4812 0.3401 0.1787 
         101  1 0.3987 0.2981 0.3032 
         102  1 0.3514 0.5616 0.0870 
         103  1 0.2095 0.1892 0.6013 
         104  1 0.4284 0.4316 0.1401 
         105  1 0.4200 0.3987 0.1813 
         106  1 0.4484 0.3526 0.1991 
         107  1 0.4211 0.3805 0.1984 
         108  1 0.3389 0.4956 0.1655 
         109  1 0.4272 0.3938 0.1790 
         110  1 0.4916 0.3756 0.1328 
         111  1 0.3689 0.4206 0.2105 
         112  1 0.3952 0.3699 0.2350 
         113  1 0.4177 0.4969 0.0853 
         114  1 0.3513 0.3560 0.2927 
         115  1 0.4254 0.3836 0.1910 
         116  1 0.3855 0.5067 0.1077 
         117  1 0.4237 0.3797 0.1966 
         118  1 0.4128 0.3547 0.2325 
         119  1 0.4479 0.3510 0.2011 
         120  1 0.2261 0.2437 0.5302 
         121  1 0.4774 0.3230 0.1996 
         122  1 0.4021 0.4295 0.1684 
         123  1 0.4006 0.5027 0.0967 
         124  1 0.3885 0.5097 0.1018 
         125  1 0.3547 0.2799 0.3654 
         126  1 0.3548 0.5476 0.0975 
         127  1 0.4070 0.4266 0.1664 
         128  1 0.5266 0.3755 0.0979 
         129  1 0.2387 0.2044 0.5569 
         130  1 0.4301 0.3038 0.2661 
         131  1 0.3726 0.4622 0.1652 
         132  1 0.4674 0.4117 0.1209 
         133  1 0.5091 0.4014 0.0895 
         134  1 0.4113 0.4140 0.1747 
         135  1 0.1459 0.1150 0.7391 
         136  1 0.3750 0.4324 0.1926 
         137  1 0.3136 0.2124 0.4740 
         138  1 0.4154 0.4755 0.1091 
         139  1 0.4170 0.3592 0.2238 
         140  1 0.4246 0.3699 0.2055 
         141  1 0.3575 0.3355 0.3070 
         142  1 0.3395 0.3191 0.3413 
         143  1 0.4423 0.3425 0.2152 
         144  1 0.3533 0.5503 0.0964 
         145  1 0.3744 0.5526 0.0730 
         146  1 0.3405 0.3218 0.3377 
         147  1 0.3816 0.5207 0.0977 
         148  1 0.4826 0.4012 0.1162 
         149  1 0.4042 0.3046 0.2911 
         150  1 0.3094 0.2484 0.4422 
         151  1 0.3545 0.3940 0.2515 
         152  1 0.4172 0.3678 0.2149 
         153  1 0.4403 0.3611 0.1986 
         154  1 0.5016 0.3992 0.0992 
         155  1 0.4036 0.3665 0.2299 
         156  1 0.4203 0.4034 0.1762 
         157  1 0.4425 0.4105 0.1470 
         158  1 0.2637 0.2626 0.4738 
         159  1 0.3406 0.5080 0.1514 
         160  1 0.3989 0.4663 0.1348 
         161  1 0.2794 0.2518 0.4688 
         162  1 0.5223 0.3563 0.1214 
         163  1 0.3565 0.3665 0.2770 
         164  1 0.3516 0.4446 0.2038 
         165  1 0.4259 0.4540 0.1201 
         166  1 0.3443 0.3959 0.2598 
         167  1 0.3645 0.4993 0.1363 
         168  1 0.2600 0.2981 0.4419 
         169  1 0.4438 0.3523 0.2039 
         170  1 0.4064 0.4969 0.0967 
         171  1 0.3600 0.4953 0.1447 
         172  1 0.3653 0.5116 0.1231 
         173  1 0.3915 0.3714 0.2371 
         174  1 0.3665 0.4480 0.1855 
         175  1 0.4348 0.4100 0.1552 
         176  1 0.3204 0.3580 0.3216 
         177  1 0.2923 0.3664 0.3413 
         178  1 0.4529 0.3967 0.1504 
         179  1 0.3953 0.4433 0.1614 
         180  1 0.5233 0.4321 0.0446 
         181  1 0.3124 0.3878 0.2999 
         182  1 0.1931 0.2060 0.6010 
         183  1 0.3269 0.2659 0.4071 
         184  1 0.3864 0.3098 0.3038 
         185  1 0.3465 0.3755 0.2780 
         186  1 0.4982 0.3465 0.1554 
         187  1 0.5400 0.3434 0.1166 
         188  1 0.4811 0.3755 0.1434 
         189  1 0.4220 0.4388 0.1392 
         190  1 0.4348 0.3262 0.2390 
         191  1 0.3602 0.5270 0.1128 
         192  1 0.1222 0.1080 0.7698 
         193  1 0.1556 0.1363 0.7081 
         194  1 0.3085 0.2725 0.4190 
         195  1 0.4558 0.2961 0.2481 
         196  1 0.4568 0.4446 0.0986 
         197  1 0.2903 0.3966 0.3132 
         198  1 0.3806 0.4862 0.1332 
         199  1 0.3057 0.3860 0.3083 
         200  1 0.3397 0.3402 0.3200 
         201  1 0.2445 0.3220 0.4336 
         202  1 0.4136 0.5381 0.0482 
         203  1 0.4231 0.2626 0.3143 
         204  1 0.5481 0.3699 0.0820 
         205  1 0.4292 0.4795 0.0913 
         206  1 0.3856 0.4851 0.1294 
         207  1 0.4795 0.3850 0.1355 
         208  1 0.4578 0.4646 0.0776 
         209  1 0.2488 0.2329 0.5183 
         210  1 0.5225 0.3745 0.1030 
         211  1 0.4126 0.4193 0.1681 
         212  1 0.2875 0.3416 0.3709 
         213  1 0.4571 0.3227 0.2202 
         214  1 0.5006 0.3002 0.1992 
         215  1 0.4275 0.3236 0.2489 
         216  1 0.4105 0.4138 0.1757 
         217  1 0.5451 0.2943 0.1606 
         218  1 0.5380 0.3620 0.1000 
         219  1 0.4436 0.4741 0.0823 
         220  1 0.2972 0.3025 0.4002 
         221  1 0.3469 0.4558 0.1972 
         222  1 0.3401 0.3468 0.3131 
         223  1 0.2302 0.1881 0.5817 
         224  1 0.3382 0.4803 0.1816 
         225  1 0.3843 0.5021 0.1136 
         226  1 0.3984 0.4958 0.1057 
         227  1 0.3223 0.2685 0.4092 
         228  1 0.3812 0.3827 0.2361 
         229  1 0.4179 0.4906 0.0915 
         230  1 0.4660 0.3331 0.2010 
         231  1 0.3909 0.5352 0.0739 
         232  1 0.4513 0.4260 0.1228 
         233  1 0.3265 0.4774 0.1961 
         234  1 0.5002 0.3902 0.1096 
         235  1 0.3845 0.5348 0.0807 
         236  1 0.4456 0.4493 0.1050 
         237  1 0.3759 0.4997 0.1245 
         238  1 0.3480 0.3464 0.3056 
         239  1 0.3665 0.5960 0.0375 
         240  1 0.2780 0.2367 0.4854 
         241  1 0.4523 0.4407 0.1070 
         242  1 0.3829 0.3686 0.2485 
         243  1 0.3566 0.5370 0.1064 
         244  1 0.4286 0.3858 0.1856 
         245  1 0.3980 0.5082 0.0938 
         246  1 0.4021 0.5463 0.0516 
         247  1 0.3655 0.3722 0.2623 
         248  1 0.3207 0.4102 0.2690 
         249  1 0.2584 0.2432 0.4984 
         250  1 0.4789 0.3766 0.1446 
         251  1 0.5376 0.3083 0.1541 
         252  1 0.4849 0.4515 0.0636 
         253  1 0.2217 0.2280 0.5503 
         254  1 0.1020 0.0868 0.8112 
         255  1 0.3283 0.4307 0.2410 
         256  1 0.5207 0.3290 0.1503 
         257  1 0.3101 0.3208 0.3692 
         258  1 0.3464 0.4814 0.1722 
         259  1 0.4532 0.3979 0.1490 
         260  1 0.4474 0.4988 0.0538 
         261  1 0.4503 0.4322 0.1175 
         262  1 0.5200 0.3686 0.1113 
         263  1 0.3436 0.3948 0.2617 
         264  1 0.3776 0.5232 0.0992 
         265  1 0.3135 0.2906 0.3959 
         266  1 0.3286 0.5416 0.1299 
         267  1 0.4519 0.3984 0.1497 
         268  1 0.5183 0.3358 0.1459 
         269  1 0.3963 0.3969 0.2068 
         270  1 0.2271 0.1528 0.6201 
         271  1 0.4548 0.3496 0.1956 
         272  1 0.4157 0.4466 0.1377 
         273  1 0.4805 0.4447 0.0747 
         274  1 0.3621 0.5702 0.0677 
         275  1 0.4241 0.3943 0.1816 
         276  1 0.4367 0.4106 0.1527 
         277  1 0.4356 0.3138 0.2506 
         278  1 0.3922 0.3029 0.3049 
         279  1 0.5276 0.4227 0.0497 
         280  1 0.3750 0.5226 0.1025 
         281  1 0.2896 0.2576 0.4528 
         282  1 0.3580 0.5296 0.1124 
         283  1 0.4917 0.4374 0.0710 
         284  1 0.5391 0.3671 0.0938 
         285  1 0.3475 0.4766 0.1760 
         286  1 0.2529 0.2388 0.5083 
         287  1 0.3720 0.4974 0.1306 
         288  1 0.4833 0.4157 0.1011 
         289  1 0.4605 0.3667 0.1728 
         290  1 0.4255 0.4721 0.1024 
         291  1 0.4588 0.3484 0.1929 
         292  1 0.4303 0.3060 0.2637 
         293  1 0.5881 0.3178 0.0941 
         294  1 0.4548 0.4119 0.1333 
         295  1 0.4685 0.3546 0.1769 
         296  1 0.2621 0.2687 0.4692 
         297  1 0.3949 0.4419 0.1631 
         298  1 0.4150 0.5162 0.0688 
         299  1 0.4222 0.3693 0.2085 
         300  1 0.2931 0.3575 0.3494 
         301  1 0.2600 0.2586 0.4813 
         302  1 0.4033 0.4088 0.1879 
         303  1 0.3551 0.4783 0.1665 
         304  1 0.3588 0.5051 0.1360 
         305  1 0.3976 0.4772 0.1252 
         306  1 0.3438 0.3303 0.3259 
         307  1 0.4322 0.4826 0.0852 
         308  1 0.3777 0.4493 0.1730 
         309  1 0.3810 0.4566 0.1624 
         310  1 0.4837 0.2834 0.2329 
         311  1 0.4130 0.4720 0.1151 
         312  1 0.3960 0.4206 0.1834 
         313  1 0.4040 0.4959 0.1001 
         314  1 0.3649 0.5213 0.1138 
         315  1 0.4965 0.4085 0.0950 
         316  1 0.2267 0.2111 0.5622 
         317  1 0.4283 0.4216 0.1501 
         318  1 0.5012 0.3855 0.1133 
         319  1 0.4313 0.4270 0.1417 
         320  1 0.3872 0.4708 0.1420 
         321  1 0.1906 0.1947 0.6147 
         322  1 0.3873 0.4202 0.1925 
         323  1 0.3634 0.4616 0.1749 
         324  1 0.4147 0.3887 0.1966 
         325  1 0.4099 0.5019 0.0882 
         326  1 0.5118 0.3931 0.0951 
         327  1 0.3341 0.2092 0.4567 
         328  1 0.5131 0.4375 0.0494 
         329  1 0.5110 0.3647 0.1243 
         330  1 0.3572 0.3372 0.3056 
         331  1 0.3648 0.4446 0.1905 
         332  1 0.5222 0.4024 0.0753 
         333  1 0.4704 0.4198 0.1098 
         334  1 0.4240 0.4099 0.1660 
         335  1 0.2654 0.2190 0.5156 
         336  1 0.3352 0.3786 0.2862 
         337  1 0.5571 0.3681 0.0748 
         338  1 0.4454 0.4670 0.0877 
         339  1 0.4893 0.2985 0.2122 
         340  1 0.2000 0.1983 0.6017 
         341  1 0.3577 0.3379 0.3044 
         342  1 0.4625 0.4149 0.1227 
         343  1 0.5101 0.3760 0.1139 
         344  1 0.4359 0.3728 0.1913 
         345  1 0.4637 0.4311 0.1052 
         346  1 0.4415 0.4418 0.1167 
         347  1 0.4983 0.3442 0.1574 
         348  1 0.3668 0.4458 0.1874 
         349  1 0.3558 0.4039 0.2404 
         350  1 0.3050 0.2889 0.4061 
         351  1 0.4333 0.3639 0.2028 
         352  1 0.4237 0.5058 0.0705 
         353  1 0.1215 0.0986 0.7799 
         354  1 0.4095 0.4836 0.1068 
         355  1 0.5123 0.3877 0.1000 
         356  1 0.4331 0.3540 0.2129 
         357  1 0.4970 0.2914 0.2116 
         358  1 0.5095 0.3675 0.1229 
         359  1 0.3218 0.3418 0.3364 
         360  1 0.4335 0.2883 0.2783 
         361  1 0.4441 0.4073 0.1486 
         362  1 0.2696 0.2071 0.5233 
         363  1 0.3034 0.2792 0.4174 
         364  1 0.3995 0.3169 0.2836 
         365  1 0.2213 0.2342 0.5445 
         366  1 0.3571 0.3985 0.2443 
         367  1 0.1126 0.1115 0.7759 
         368  1 0.4881 0.3888 0.1231 
         369  1 0.4252 0.4697 0.1051 
         370  1 0.4464 0.3089 0.2446 
         371  1 0.3060 0.3582 0.3357 
         372  1 0.3558 0.5015 0.1427 
         373  1 0.3661 0.2869 0.3470 
         374  1 0.4498 0.3676 0.1826 
         375  1 0.3519 0.3736 0.2745 
         376  1 0.3707 0.2856 0.3437 
         377  1 0.5286 0.3289 0.1424 
         378  1 0.4477 0.4326 0.1197 
         379  1 0.3946 0.3785 0.2269 
         380  1 0.4812 0.2761 0.2427 
         381  1 0.4125 0.4460 0.1416 
         382  1 0.4181 0.4835 0.0984 
         383  1 0.3957 0.4209 0.1834 
         384  1 0.3877 0.5531 0.0592 
         385  1 0.3250 0.3175 0.3574 
         386  1 0.4138 0.4694 0.1168 
         387  1 0.3553 0.2717 0.3730 
         388  1 0.1622 0.1127 0.7251 
         389  1 0.2064 0.1443 0.6494 
         390  1 0.4608 0.4080 0.1311 
         391  1 0.4125 0.4098 0.1776 
         392  1 0.3645 0.3301 0.3054 
         393  1 0.4679 0.4326 0.0995 
         394  1 0.4792 0.2928 0.2279 
         395  1 0.3501 0.3411 0.3088 
         396  1 0.5397 0.3236 0.1367 
         397  1 0.2524 0.1992 0.5484 
         398  1 0.4483 0.4809 0.0708 
         399  1 0.4758 0.4618 0.0624 
         400  1 0.3903 0.3690 0.2407 
         401  1 0.3846 0.2424 0.3730 
         402  1 0.3999 0.3814 0.2188 
         403  1 0.3104 0.2334 0.4563 
         404  1 0.3667 0.4817 0.1516 
         405  1 0.5180 0.3676 0.1143 
         406  1 0.1445 0.1311 0.7244 
         407  1 0.2374 0.2282 0.5345 
         408  1 0.4507 0.4743 0.0751 
         409  1 0.4283 0.3716 0.2001 
         410  1 0.2646 0.2656 0.4698 
         411  1 0.4219 0.4729 0.1052 
         412  1 0.4655 0.3525 0.1820 
         413  1 0.4002 0.5321 0.0677 
         414  1 0.3730 0.2379 0.3891 
         415  1 0.4203 0.3802 0.1996 
         416  1 0.4697 0.4303 0.1001 
         417  1 0.3661 0.2698 0.3641 
         418  1 0.4043 0.5144 0.0812 
         419  1 0.3729 0.3438 0.2833 
         420  1 0.1993 0.1703 0.6304 
         421  1 0.3890 0.4607 0.1503 
         422  1 0.4040 0.5208 0.0752 
         423  1 0.5420 0.3530 0.1050 
         424  1 0.2395 0.2985 0.4620 
         425  1 0.2823 0.2933 0.4244 
         426  1 0.3831 0.4023 0.2147 
         427  1 0.4927 0.4204 0.0869 
         428  1 0.4874 0.3334 0.1792 
         429  1 0.1786 0.1913 0.6301 
         430  1 0.4069 0.4364 0.1567 
         431  1 0.4230 0.4716 0.1054 
         432  1 0.5286 0.3939 0.0776 
         433  1 0.5005 0.4351 0.0644 
         434  1 0.4976 0.3698 0.1326 
         435  1 0.3511 0.3840 0.2649 
         436  1 0.4859 0.3639 0.1502 
         437  1 0.4661 0.4231 0.1108 
         438  1 0.4450 0.4016 0.1534 
         439  1 0.4523 0.2945 0.2533 
         440  1 0.3555 0.5752 0.0693 
         441  1 0.3569 0.2789 0.3643 
         442  1 0.3089 0.2098 0.4813 
         443  1 0.5022 0.4002 0.0975 
         444  1 0.4523 0.4884 0.0594 
         445  1 0.4327 0.4183 0.1490 
         446  1 0.3685 0.4807 0.1508 
         447  1 0.2468 0.2409 0.5123 
         448  1 0.4400 0.3950 0.1649 
         449  1 0.3457 0.5664 0.0879 
         450  1 0.2247 0.2790 0.4963 
         451  1 0.2098 0.2103 0.5799 
         452  1 0.3642 0.5465 0.0893 
         453  1 0.3908 0.3613 0.2479 
         454  1 0.4386 0.3626 0.1988 
         455  1 0.3565 0.5068 0.1367 
         456  1 0.3836 0.3958 0.2205 
         457  1 0.4323 0.4955 0.0723 
         458  1 0.3827 0.4995 0.1179 
         459  1 0.2574 0.2643 0.4783 
         460  1 0.1620 0.1460 0.6920 
         461  1 0.3650 0.4109 0.2241 
         462  1 0.4495 0.4339 0.1166 
         463  1 0.3591 0.5565 0.0844 
         464  1 0.4332 0.4603 0.1065 
         465  1 0.3782 0.3726 0.2492 
         466  1 0.2320 0.2360 0.5321 
         467  1 0.4855 0.4126 0.1019 
         468  1 0.3898 0.4631 0.1471 
         469  1 0.5129 0.4238 0.0633 
         470  1 0.2759 0.3123 0.4118 
         471  1 0.2973 0.3011 0.4016 
         472  1 0.3728 0.4226 0.2045 
         473  1 0.4998 0.4026 0.0975 
         474  1 0.4083 0.4137 0.1780 
         475  1 0.4532 0.4943 0.0525 
         476  1 0.2218 0.2043 0.5739 
         477  1 0.3596 0.3461 0.2944 
         478  1 0.3487 0.4299 0.2214 
         479  1 0.3904 0.3835 0.2261 
         480  1 0.3190 0.3178 0.3633 
         481  1 0.3063 0.3288 0.3649 
         482  1 0.2383 0.3054 0.4563 
         483  1 0.4884 0.4219 0.0897 
         484  1 0.3935 0.2857 0.3208 
         485  1 0.2393 0.3185 0.4422 
         486  1 0.3623 0.3324 0.3053 
         487  1 0.4053 0.3876 0.2071 
         488  1 0.2908 0.2608 0.4485 
         489  1 0.3983 0.4786 0.1231 
         490  1 0.4824 0.2820 0.2356 
         491  1 0.3534 0.4040 0.2426 
         492  1 0.3037 0.2724 0.4239 
         493  1 0.4198 0.5050 0.0751 
         494  1 0.4564 0.4308 0.1128 
         495  1 0.4316 0.3109 0.2576 
         496  1 0.3482 0.3003 0.3515 
         497  1 0.4282 0.4247 0.1471 
         498  1 0.3600 0.5536 0.0863 
         499  1 0.2229 0.2203 0.5568 
         500  1 0.3771 0.5269 0.0960 
         501  1 0.3157 0.3261 0.3582 
         502  1 0.4706 0.4098 0.1196 
         503  1 0.4159 0.4752 0.1088 
         504  1 0.3739 0.5826 0.0435 
         505  1 0.1479 0.1424 0.7097 
         506  1 0.2126 0.1716 0.6158 
         507  1 0.3203 0.2813 0.3985 
         508  1 0.3834 0.4784 0.1383 
         509  1 0.1777 0.2033 0.6190 
         510  1 0.4009 0.3993 0.1998 
         511  1 0.4963 0.3600 0.1437 
         512  1 0.3278 0.2331 0.4391 
         513  1 0.3611 0.4806 0.1583 
         514  1 0.2374 0.2779 0.4846 
         515  1 0.4124 0.3049 0.2827 
         516  1 0.2802 0.2501 0.4697 
         517  1 0.4160 0.4794 0.1046 
         518  1 0.4202 0.3322 0.2476 
         519  1 0.4700 0.4717 0.0583 
         520  1 0.3472 0.4253 0.2274 
         521  1 0.4831 0.3451 0.1719 
         522  1 0.1907 0.1951 0.6142 
         523  1 0.3725 0.5484 0.0791 
         524  1 0.3861 0.3625 0.2514 
         525  1 0.3020 0.2142 0.4838 
         526  1 0.4110 0.5142 0.0749 
         527  1 0.1830 0.2589 0.5582 
         528  1 0.2526 0.2854 0.4620 
         529  1 0.4508 0.3679 0.1813 
         530  1 0.2612 0.3218 0.4170 
         531  1 0.3429 0.4173 0.2398 
         532  1 0.4035 0.4165 0.1800 
         533  1 0.4540 0.4008 0.1452 
         534  1 0.3114 0.5162 0.1724 
         535  1 0.3116 0.4163 0.2720 
         536  1 0.3134 0.3749 0.3117 
         537  1 0.3839 0.2886 0.3275 
         538  1 0.1364 0.1287 0.7349 
         539  1 0.2481 0.3330 0.4188 
         540  1 0.3830 0.4893 0.1277 
         541  1 0.3652 0.5510 0.0838 
         542  1 0.4960 0.4081 0.0959 
         543  1 0.3881 0.5418 0.0702 
         544  1 0.4707 0.3858 0.1435 
         545  1 0.3676 0.4688 0.1636 
         546  1 0.3804 0.5643 0.0553 
         547  1 0.3888 0.4141 0.1971 
         548  1 0.3837 0.5392 0.0771 
         549  1 0.4970 0.3890 0.1141 
         550  1 0.4115 0.5200 0.0685 
         551  1 0.3499 0.5441 0.1060 
         552  1 0.4472 0.3834 0.1695 
         553  1 0.3750 0.4475 0.1775 
         554  1 0.4931 0.4070 0.0999 
         555  1 0.4008 0.3452 0.2540 
         556  1 0.3628 0.4126 0.2246 
         557  1 0.3829 0.2978 0.3193 
         558  1 0.3663 0.2364 0.3973 
         559  1 0.0841 0.0743 0.8416 
         560  1 0.2974 0.3862 0.3164 
         561  1 0.1435 0.0956 0.7609 
         562  1 0.2451 0.2473 0.5076 
         563  1 0.0879 0.0767 0.8354 
         564  1 0.2159 0.1935 0.5906 
         565  1 0.0822 0.0828 0.8350 
         566  1 0.2251 0.2502 0.5247 
         567  1 0.1775 0.2036 0.6189 
         568  1 0.3669 0.4212 0.2119 
         569  1 0.1804 0.1758 0.6438 
         570  1 0.2905 0.2898 0.4197 
         571  1 0.2275 0.1600 0.6126 
         572  1 0.1603 0.1411 0.6986 
         573  1 0.0766 0.0872 0.8362 
         574  1 0.2831 0.2027 0.5142 
         575  1 0.1746 0.1492 0.6762 
         576  1 0.1767 0.1760 0.6474 
         577  1 0.1051 0.1054 0.7895 
         578  1 0.1656 0.1685 0.6659 
         579  1 0.1431 0.1358 0.7210 
         580  1 0.0886 0.0842 0.8272 
         581  1 0.1857 0.2314 0.5829 
         582  1 0.1143 0.1148 0.7709 
         583  1 0.0763 0.0650 0.8587 
         584  1 0.1101 0.0931 0.7968 
         585  1 0.0861 0.0907 0.8232 
         586  1 0.2517 0.1740 0.5743 
         587  1 0.2950 0.2420 0.4630 
         588  1 0.2111 0.2863 0.5026 
         589  1 0.3025 0.2291 0.4684 
         590  1 0.0670 0.0654 0.8676 
         591  1 0.1636 0.1624 0.6740 
         592  1 0.1329 0.1228 0.7443 
         593  1 0.1793 0.1596 0.6611 
         594  1 0.0636 0.0655 0.8709 
         595  1 0.0872 0.0764 0.8364 
         596  1 0.1317 0.1367 0.7315 
         597  1 0.1044 0.1123 0.7833 
         598  1 0.0490 0.0493 0.9017 
         599  1 0.1159 0.0999 0.7841 
         600  1 0.4079 0.3197 0.2724 
         601  1 0.1466 0.1074 0.7460 
         602  1 0.0508 0.0472 0.9020 
         603  1 0.1634 0.1444 0.6922 
         604  1 0.1161 0.0944 0.7895 
         605  1 0.0896 0.0910 0.8194 
         606  1 0.2831 0.2278 0.4891 
         607  1 0.2557 0.2453 0.4991 
         608  1 0.1075 0.0932 0.7993 
         609  1 0.2664 0.2038 0.5299 
         610  1 0.0742 0.0707 0.8551 
         611  1 0.2446 0.2084 0.5470 
         612  1 0.0670 0.0632 0.8698 
         613  1 0.2502 0.2396 0.5102 
         614  1 0.1164 0.1131 0.7704 
         615  1 0.1902 0.1340 0.6758 
         616  1 0.1344 0.1086 0.7569 
         617  1 0.1589 0.1968 0.6443 
         618  1 0.0768 0.0784 0.8448 
         619  1 0.0644 0.0596 0.8760 
         620  1 0.0511 0.0475 0.9013 
         621  1 0.1126 0.0967 0.7907 
         622  1 0.0933 0.0858 0.8209 
         623  1 0.0812 0.0820 0.8368 
         624  1 0.1083 0.1147 0.7770 
         625  1 0.0868 0.0828 0.8305 
         626  1 0.0501 0.0474 0.9025 
         627  1 0.0784 0.0608 0.8608 
         628  1 0.0579 0.0595 0.8826 
         629  1 0.0687 0.0631 0.8682 
         630  1 0.0972 0.0896 0.8133 
         631  1 0.0589 0.0590 0.8821 
         632  1 0.2601 0.1476 0.5923 
         633  1 0.0580 0.0556 0.8865 
         634  1 0.1750 0.1887 0.6364 
         635  1 0.1765 0.1562 0.6672 
         636  1 0.1229 0.0960 0.7811 
         637  1 0.0515 0.0532 0.8953 
         638  1 0.1500 0.1483 0.7017 
         639  1 0.0761 0.0567 0.8672 
         640  1 0.0912 0.0775 0.8313 
         641  1 0.0853 0.0730 0.8417 
         642  1 0.0948 0.1056 0.7996 
         643  1 0.0734 0.0749 0.8517 
         644  1 0.1206 0.1051 0.7743 
         645  1 0.1292 0.0970 0.7738 
         646  1 0.0935 0.0923 0.8143 
         647  1 0.2893 0.2970 0.4137 
         648  1 0.2123 0.1772 0.6105 
         649  1 0.0708 0.0722 0.8570 
         650  1 0.1945 0.1417 0.6639 
         651  1 0.1000 0.0827 0.8173 
         652  1 0.1336 0.1025 0.7640 
         653  1 0.1304 0.1304 0.7392 
         654  1 0.0796 0.0733 0.8471 
         655  1 0.0738 0.0818 0.8444 
         656  1 0.0452 0.0437 0.9111 
         657  1 0.0607 0.0557 0.8836 
         658  1 0.1086 0.0905 0.8009 
         659  1 0.2080 0.1870 0.6050 
         660  1 0.0544 0.0507 0.8948 
         661  1 0.2410 0.2440 0.5150 
         662  1 0.0566 0.0561 0.8872 
         663  1 0.1334 0.1193 0.7473 
         664  1 0.1103 0.1240 0.7657 
         665  1 0.0714 0.0587 0.8700 
         666  1 0.0637 0.0609 0.8755 
         667  1 0.1138 0.1008 0.7853 
         668  1 0.1213 0.0908 0.7879 
