           1  1 0.1597 0.1660 0.1500 0.1936 0.1586 0.1721 
           2  1 0.1865 0.0518 0.2295 0.1266 0.2205 0.1851 
           3  1 0.1800 0.0363 0.1761 0.1997 0.1921 0.2157 
           4  1 0.1701 0.1142 0.1758 0.1628 0.1979 0.1790 
           5  1 0.1718 0.0177 0.1628 0.2396 0.1535 0.2546 
           6  1 0.2021 0.0682 0.2066 0.1326 0.2029 0.1875 
           7  1 0.2193 0.0161 0.1728 0.2152 0.1935 0.1831 
           8  1 0.0965 0.5242 0.0824 0.1017 0.1013 0.0939 
           9  1 0.1780 0.0132 0.1922 0.1705 0.2315 0.2146 
          10  1 0.2545 0.0325 0.1672 0.1718 0.2157 0.1583 
          11  1 0.2051 0.0182 0.1801 0.1996 0.1944 0.2026 
          12  1 0.1849 0.0297 0.1762 0.1944 0.1955 0.2192 
          13  1 0.1858 0.0296 0.2096 0.1585 0.2188 0.1977 
          14  1 0.1663 0.0253 0.1895 0.1828 0.2047 0.2314 
          15  1 0.1935 0.0629 0.2010 0.1470 0.2025 0.1932 
          16  1 0.2024 0.0269 0.1895 0.1764 0.2207 0.1840 
          17  1 0.1610 0.0241 0.1991 0.1560 0.2456 0.2142 
          18  1 0.1466 0.2634 0.1616 0.1107 0.1682 0.1495 
          19  1 0.1714 0.0734 0.1557 0.2332 0.1391 0.2271 
          20  1 0.2256 0.0188 0.1886 0.1958 0.2076 0.1635 
          21  1 0.1825 0.0275 0.1965 0.1574 0.2288 0.2074 
          22  1 0.2118 0.0147 0.2089 0.1471 0.2236 0.1940 
          23  1 0.1731 0.0803 0.1890 0.1500 0.2051 0.2026 
          24  1 0.1662 0.0488 0.1985 0.1664 0.2272 0.1929 
          25  1 0.1929 0.0250 0.2224 0.1841 0.1880 0.1877 
          26  1 0.1648 0.0251 0.1824 0.2201 0.1717 0.2358 
          27  1 0.1670 0.0331 0.1669 0.2343 0.1633 0.2355 
          28  1 0.1962 0.0320 0.2023 0.1304 0.2341 0.2049 
          29  1 0.1491 0.0139 0.2575 0.0912 0.2674 0.2209 
          30  1 0.1921 0.0299 0.2021 0.1588 0.2220 0.1951 
          31  1 0.2019 0.0677 0.1886 0.1784 0.1883 0.1750 
          32  1 0.1866 0.0218 0.2080 0.1454 0.2255 0.2126 
          33  1 0.1948 0.0569 0.2182 0.0980 0.2462 0.1857 
          34  1 0.1938 0.0382 0.1976 0.2040 0.1853 0.1810 
          35  1 0.2026 0.0311 0.1707 0.1974 0.2080 0.1903 
          36  1 0.1816 0.0150 0.2361 0.1126 0.2281 0.2266 
          37  1 0.1684 0.0181 0.1593 0.2391 0.1355 0.2796 
          38  1 0.1754 0.0160 0.2027 0.1955 0.1887 0.2217 
          39  1 0.1855 0.0383 0.1853 0.1683 0.2164 0.2063 
          40  1 0.1561 0.2474 0.1372 0.1593 0.1631 0.1370 
          41  1 0.2194 0.0275 0.1792 0.1784 0.2162 0.1794 
          42  1 0.1930 0.0161 0.2157 0.1665 0.2266 0.1822 
          43  1 0.1609 0.0513 0.1474 0.2589 0.1391 0.2424 
          44  1 0.1938 0.0282 0.1871 0.1804 0.2094 0.2011 
          45  1 0.1658 0.0160 0.2410 0.0970 0.2588 0.2215 
          46  1 0.1653 0.0329 0.2366 0.1157 0.2469 0.2027 
          47  1 0.1661 0.0360 0.2068 0.1882 0.1817 0.2212 
          48  1 0.1672 0.1244 0.1992 0.1534 0.1816 0.1741 
          49  1 0.2033 0.0258 0.1955 0.1594 0.2085 0.2075 
          50  1 0.1574 0.0122 0.2442 0.0983 0.2533 0.2346 
          51  1 0.1649 0.0462 0.2260 0.1440 0.2091 0.2098 
          52  1 0.2360 0.0210 0.1826 0.1808 0.2016 0.1780 
          53  1 0.1809 0.0251 0.1941 0.1711 0.2191 0.2098 
          54  1 0.1542 0.0846 0.1714 0.2023 0.1691 0.2183 
          55  1 0.1236 0.3679 0.1401 0.1116 0.1318 0.1249 
          56  1 0.2085 0.0296 0.1512 0.2436 0.1695 0.1977 
          57  1 0.2040 0.0110 0.2436 0.0978 0.2492 0.1945 
          58  1 0.1706 0.0263 0.2186 0.1538 0.2135 0.2172 
          59  1 0.1702 0.0121 0.2548 0.1072 0.2516 0.2042 
          60  1 0.1767 0.0167 0.1977 0.1733 0.1929 0.2426 
          61  1 0.1473 0.1813 0.1778 0.1360 0.1756 0.1821 
          62  1 0.1699 0.0116 0.2424 0.1060 0.2668 0.2033 
          63  1 0.2023 0.0390 0.2058 0.1433 0.2154 0.1943 
          64  1 0.1737 0.0223 0.2358 0.1410 0.2445 0.1828 
          65  1 0.1525 0.0344 0.1619 0.2362 0.1560 0.2590 
          66  1 0.1813 0.0325 0.1865 0.1950 0.2097 0.1950 
          67  1 0.1844 0.0171 0.2340 0.1437 0.2292 0.1916 
          68  1 0.2034 0.0182 0.2173 0.1415 0.2194 0.2001 
          69  1 0.1932 0.0491 0.2010 0.1571 0.2041 0.1954 
          70  1 0.2098 0.0495 0.1892 0.1924 0.2049 0.1543 
          71  1 0.1401 0.2416 0.1695 0.1230 0.1759 0.1498 
          72  1 0.1507 0.0165 0.2450 0.1008 0.2663 0.2207 
          73  1 0.1795 0.0674 0.1866 0.2132 0.1638 0.1895 
          74  1 0.2040 0.0629 0.1876 0.1817 0.1978 0.1659 
          75  1 0.1872 0.0275 0.1804 0.1920 0.2066 0.2064 
          76  1 0.1988 0.1110 0.1729 0.1618 0.2007 0.1549 
          77  1 0.1920 0.0863 0.1960 0.1861 0.1786 0.1609 
          78  1 0.1572 0.0386 0.1836 0.2190 0.1463 0.2554 
          79  1 0.1709 0.0138 0.1617 0.2489 0.1753 0.2294 
          80  1 0.1790 0.1357 0.1718 0.1561 0.1848 0.1726 
          81  1 0.1641 0.1348 0.1584 0.2059 0.1581 0.1787 
          82  1 0.1678 0.0334 0.2035 0.1992 0.1868 0.2092 
          83  1 0.1874 0.0654 0.1732 0.2061 0.2091 0.1587 
          84  1 0.1983 0.0596 0.1925 0.1646 0.2209 0.1641 
          85  1 0.2102 0.0338 0.2162 0.1075 0.2266 0.2057 
          86  1 0.1661 0.2013 0.1682 0.1441 0.1629 0.1574 
          87  1 0.2213 0.0213 0.2087 0.1627 0.2091 0.1769 
          88  1 0.1815 0.0492 0.2325 0.1162 0.2189 0.2018 
          89  1 0.1912 0.0491 0.1802 0.2176 0.1980 0.1640 
          90  1 0.1476 0.2307 0.1678 0.1419 0.1600 0.1520 
          91  1 0.1897 0.0684 0.1800 0.1819 0.1921 0.1880 
          92  1 0.1802 0.0432 0.2072 0.1264 0.2478 0.1952 
          93  1 0.1722 0.0424 0.1837 0.1613 0.2309 0.2095 
          94  1 0.1517 0.2654 0.1500 0.1584 0.1424 0.1322 
          95  1 0.1897 0.0371 0.2222 0.1216 0.2431 0.1862 
          96  1 0.2097 0.0632 0.2054 0.1679 0.2065 0.1472 
          97  1 0.2175 0.0207 0.1826 0.1913 0.1970 0.1908 
          98  1 0.2013 0.0204 0.2264 0.1437 0.2190 0.1892 
          99  1 0.2232 0.0218 0.1709 0.2059 0.2234 0.1548 
         100  1 0.1441 0.0344 0.1851 0.2237 0.1461 0.2666 
         101  1 0.1499 0.0648 0.1768 0.2284 0.1603 0.2198 
         102  1 0.1890 0.0197 0.2404 0.0855 0.2546 0.2107 
         103  1 0.1158 0.2076 0.1678 0.1767 0.1287 0.2033 
         104  1 0.1780 0.0310 0.2096 0.1960 0.2059 0.1795 
         105  1 0.1887 0.0383 0.1702 0.1897 0.2215 0.1916 
         106  1 0.1967 0.0479 0.1691 0.2322 0.1928 0.1613 
         107  1 0.1505 0.0397 0.1950 0.2003 0.1626 0.2518 
         108  1 0.2188 0.0413 0.2268 0.0992 0.2206 0.1933 
         109  1 0.1861 0.0427 0.2015 0.2115 0.1607 0.1975 
         110  1 0.1913 0.0317 0.1670 0.2351 0.1847 0.1901 
         111  1 0.1922 0.0528 0.1881 0.1714 0.1976 0.1979 
         112  1 0.1402 0.0387 0.1904 0.2118 0.1711 0.2478 
         113  1 0.2262 0.0199 0.1683 0.1483 0.2486 0.1887 
         114  1 0.2025 0.0720 0.1613 0.1693 0.1915 0.2035 
         115  1 0.1688 0.0504 0.1876 0.1972 0.1753 0.2208 
         116  1 0.1807 0.0205 0.2271 0.1720 0.1950 0.2048 
         117  1 0.2025 0.0465 0.1544 0.2106 0.1739 0.2122 
         118  1 0.1828 0.0563 0.1674 0.2089 0.1760 0.2087 
         119  1 0.2168 0.0386 0.2022 0.2274 0.1757 0.1394 
         120  1 0.1630 0.2464 0.1454 0.1667 0.1436 0.1348 
         121  1 0.1968 0.0492 0.1677 0.2307 0.1577 0.1980 
         122  1 0.2152 0.0387 0.2124 0.1782 0.1933 0.1622 
         123  1 0.1947 0.0209 0.2081 0.1575 0.1988 0.2200 
         124  1 0.2166 0.0223 0.2026 0.1543 0.2115 0.1927 
         125  1 0.1974 0.0794 0.1886 0.2126 0.1651 0.1569 
         126  1 0.2075 0.0200 0.2370 0.1039 0.2259 0.2057 
         127  1 0.1630 0.0362 0.1826 0.1883 0.1963 0.2336 
         128  1 0.1797 0.0217 0.1766 0.2335 0.1693 0.2191 
         129  1 0.1665 0.2572 0.1430 0.1721 0.1337 0.1275 
         130  1 0.2030 0.0803 0.1896 0.2079 0.1670 0.1523 
         131  1 0.1900 0.0400 0.1941 0.1684 0.2024 0.2052 
         132  1 0.2015 0.0230 0.1846 0.2070 0.1906 0.1933 
         133  1 0.2313 0.0195 0.1973 0.2349 0.1669 0.1500 
         134  1 0.2060 0.0430 0.1866 0.1826 0.2032 0.1786 
         135  1 0.0854 0.5709 0.0788 0.1014 0.0775 0.0861 
         136  1 0.1968 0.0467 0.1999 0.1719 0.2024 0.1824 
         137  1 0.1508 0.1879 0.1414 0.1979 0.1260 0.1960 
         138  1 0.2191 0.0260 0.1839 0.1613 0.2180 0.1917 
         139  1 0.1916 0.0401 0.1920 0.2267 0.1495 0.2001 
         140  1 0.1967 0.0532 0.1641 0.2157 0.1701 0.2002 
         141  1 0.2025 0.0933 0.1820 0.2090 0.1465 0.1667 
         142  1 0.1884 0.0747 0.1815 0.1870 0.1794 0.1891 
         143  1 0.1660 0.0513 0.1619 0.2224 0.1499 0.2486 
         144  1 0.1664 0.0217 0.2393 0.1199 0.2444 0.2082 
         145  1 0.2017 0.0165 0.2297 0.0939 0.2437 0.2145 
         146  1 0.1409 0.0615 0.2054 0.2087 0.1616 0.2218 
         147  1 0.2060 0.0216 0.2118 0.1468 0.2268 0.1871 
         148  1 0.1847 0.0231 0.1754 0.2268 0.1752 0.2147 
         149  1 0.1913 0.0497 0.1796 0.2353 0.1553 0.1888 
         150  1 0.1575 0.1377 0.1630 0.2005 0.1555 0.1858 
         151  1 0.1853 0.0584 0.2038 0.1732 0.1926 0.1866 
         152  1 0.1733 0.0449 0.1909 0.2188 0.1686 0.2035 
         153  1 0.2116 0.0372 0.1795 0.1985 0.1660 0.2072 
         154  1 0.1952 0.0172 0.1914 0.2327 0.1984 0.1652 
         155  1 0.1774 0.0603 0.1779 0.2016 0.2000 0.1828 
         156  1 0.2013 0.0474 0.1847 0.2090 0.1727 0.1848 
         157  1 0.1935 0.0352 0.1868 0.1988 0.1890 0.1968 
         158  1 0.1891 0.1457 0.1618 0.1721 0.1648 0.1665 
         159  1 0.1781 0.0388 0.2133 0.1270 0.2243 0.2186 
         160  1 0.1863 0.0295 0.2018 0.1872 0.2022 0.1930 
         161  1 0.1506 0.1990 0.1473 0.1852 0.1630 0.1550 
         162  1 0.2065 0.0319 0.1703 0.2296 0.1677 0.1940 
         163  1 0.1790 0.0857 0.1798 0.1989 0.1840 0.1725 
         164  1 0.2230 0.0449 0.1957 0.1532 0.2175 0.1657 
         165  1 0.1946 0.0288 0.1998 0.1859 0.2109 0.1799 
         166  1 0.1829 0.0524 0.1959 0.2125 0.1651 0.1912 
         167  1 0.1828 0.0319 0.2260 0.1379 0.2310 0.1904 
         168  1 0.1671 0.1809 0.1696 0.1436 0.1643 0.1745 
         169  1 0.2104 0.0373 0.1963 0.2117 0.1911 0.1532 
         170  1 0.1786 0.0194 0.2306 0.1563 0.2260 0.1890 
         171  1 0.1870 0.0260 0.2432 0.1483 0.2267 0.1688 
         172  1 0.2052 0.0283 0.2378 0.1233 0.2186 0.1869 
         173  1 0.1847 0.0556 0.1701 0.1923 0.1863 0.2109 
         174  1 0.1684 0.0427 0.2030 0.1572 0.2162 0.2125 
         175  1 0.2062 0.0376 0.2088 0.1815 0.1862 0.1797 
         176  1 0.1889 0.0675 0.1972 0.1670 0.1848 0.1946 
         177  1 0.2004 0.1090 0.1858 0.1443 0.1843 0.1763 
         178  1 0.1790 0.0357 0.1779 0.2230 0.2016 0.1828 
         179  1 0.1792 0.0369 0.1909 0.2031 0.1857 0.2041 
         180  1 0.2081 0.0086 0.2075 0.2321 0.1653 0.1783 
         181  1 0.1962 0.0683 0.1804 0.1884 0.1824 0.1842 
         182  1 0.1427 0.2732 0.1471 0.1482 0.1357 0.1532 
         183  1 0.1920 0.1388 0.1619 0.1856 0.1721 0.1495 
         184  1 0.2107 0.0626 0.1727 0.2164 0.1829 0.1547 
         185  1 0.1970 0.0679 0.1711 0.1935 0.1953 0.1752 
         186  1 0.2043 0.0344 0.1795 0.2450 0.1967 0.1400 
         187  1 0.2272 0.0224 0.1766 0.2404 0.1927 0.1407 
         188  1 0.2116 0.0259 0.1848 0.2279 0.1925 0.1572 
         189  1 0.2048 0.0357 0.1837 0.1750 0.1885 0.2122 
         190  1 0.2095 0.0395 0.1851 0.2223 0.1980 0.1456 
         191  1 0.2024 0.0249 0.2092 0.1387 0.2442 0.1806 
         192  1 0.0707 0.6336 0.0761 0.0817 0.0668 0.0710 
         193  1 0.0910 0.5628 0.0801 0.0995 0.0875 0.0790 
         194  1 0.1732 0.1572 0.1713 0.1888 0.1669 0.1426 
         195  1 0.1979 0.0676 0.1699 0.2324 0.1672 0.1649 
         196  1 0.1980 0.0211 0.1912 0.2120 0.1867 0.1910 
         197  1 0.1520 0.1011 0.2051 0.1495 0.1961 0.1962 
         198  1 0.1862 0.0285 0.2026 0.1604 0.2107 0.2117 
         199  1 0.1852 0.0954 0.2028 0.1631 0.1727 0.1809 
         200  1 0.1772 0.0794 0.1802 0.1957 0.1740 0.1934 
         201  1 0.1681 0.1641 0.1786 0.1369 0.1696 0.1828 
         202  1 0.1945 0.0113 0.2419 0.1289 0.2445 0.1790 
         203  1 0.1421 0.0674 0.1657 0.2297 0.1431 0.2520 
         204  1 0.2121 0.0184 0.1936 0.2289 0.1706 0.1764 
         205  1 0.1976 0.0168 0.2126 0.1777 0.2074 0.1878 
         206  1 0.2066 0.0325 0.2037 0.1546 0.2087 0.1939 
         207  1 0.2169 0.0264 0.1861 0.2283 0.1605 0.1819 
         208  1 0.2169 0.0152 0.2041 0.2000 0.1868 0.1771 
         209  1 0.1485 0.2708 0.1488 0.1557 0.1475 0.1287 
         210  1 0.1908 0.0265 0.1759 0.2236 0.1601 0.2231 
         211  1 0.2028 0.0364 0.2035 0.1943 0.1859 0.1772 
         212  1 0.1906 0.1030 0.1917 0.1556 0.1833 0.1757 
         213  1 0.1665 0.0428 0.1821 0.2349 0.1581 0.2155 
         214  1 0.1634 0.0539 0.1372 0.2532 0.1430 0.2493 
         215  1 0.2126 0.0641 0.1543 0.2114 0.1820 0.1757 
         216  1 0.2110 0.0419 0.2007 0.1660 0.1966 0.1839 
         217  1 0.1565 0.0331 0.1518 0.2504 0.1362 0.2720 
         218  1 0.2138 0.0226 0.1856 0.2437 0.1665 0.1678 
         219  1 0.2083 0.0175 0.2124 0.1935 0.1890 0.1793 
         220  1 0.1558 0.0936 0.1872 0.1957 0.1838 0.1840 
         221  1 0.1670 0.0652 0.2000 0.1498 0.2137 0.2044 
         222  1 0.1953 0.0915 0.1897 0.1897 0.1657 0.1680 
         223  1 0.1364 0.3517 0.1150 0.1456 0.1202 0.1311 
         224  1 0.1952 0.0437 0.2169 0.1487 0.1915 0.2040 
         225  1 0.1825 0.0254 0.2217 0.1475 0.2112 0.2118 
         226  1 0.1960 0.0242 0.2108 0.1587 0.2160 0.1942 
         227  1 0.1770 0.1097 0.1633 0.2124 0.1880 0.1495 
         228  1 0.1956 0.0536 0.2036 0.1951 0.1777 0.1745 
         229  1 0.1914 0.0184 0.2091 0.2094 0.1932 0.1784 
         230  1 0.1843 0.0416 0.1656 0.2450 0.1708 0.1926 
         231  1 0.1791 0.0172 0.2367 0.1585 0.2212 0.1873 
         232  1 0.2034 0.0260 0.1827 0.2151 0.1822 0.1905 
         233  1 0.2047 0.0494 0.1931 0.1543 0.1972 0.2014 
         234  1 0.2225 0.0237 0.1808 0.2439 0.1696 0.1595 
         235  1 0.2088 0.0190 0.2263 0.1072 0.2446 0.1941 
         236  1 0.1950 0.0196 0.1846 0.2221 0.1643 0.2145 
         237  1 0.2053 0.0321 0.2207 0.1216 0.2239 0.1965 
         238  1 0.1785 0.0681 0.1930 0.1920 0.1975 0.1708 
         239  1 0.1688 0.0084 0.2299 0.1042 0.2550 0.2337 
         240  1 0.1772 0.2309 0.1462 0.1562 0.1415 0.1481 
         241  1 0.2260 0.0231 0.1793 0.2027 0.1991 0.1699 
         242  1 0.1679 0.0637 0.1836 0.1979 0.1865 0.2004 
         243  1 0.1905 0.0237 0.2229 0.1453 0.2260 0.1916 
         244  1 0.1902 0.0491 0.1756 0.2280 0.1677 0.1894 
         245  1 0.2133 0.0212 0.2293 0.1456 0.2076 0.1830 
         246  1 0.1881 0.0112 0.2082 0.1452 0.2550 0.1923 
         247  1 0.1973 0.0764 0.1872 0.1925 0.1691 0.1775 
         248  1 0.1691 0.0722 0.2040 0.1846 0.1750 0.1951 
         249  1 0.1638 0.1910 0.1546 0.1682 0.1859 0.1364 
         250  1 0.1772 0.0294 0.1821 0.2234 0.1674 0.2204 
         251  1 0.1773 0.0294 0.1742 0.2613 0.1577 0.2002 
         252  1 0.1900 0.0147 0.1842 0.2037 0.1834 0.2240 
         253  1 0.1494 0.2730 0.1486 0.1495 0.1316 0.1479 
         254  1 0.0510 0.7591 0.0462 0.0568 0.0462 0.0407 
         255  1 0.1815 0.0753 0.1924 0.1663 0.2149 0.1696 
         256  1 0.2062 0.0300 0.1831 0.2540 0.1703 0.1564 
         257  1 0.1654 0.0926 0.1724 0.1900 0.1884 0.1912 
         258  1 0.1828 0.0406 0.1981 0.1483 0.2493 0.1808 
         259  1 0.1840 0.0418 0.1635 0.1988 0.1746 0.2372 
         260  1 0.1855 0.0103 0.2109 0.2095 0.1788 0.2049 
         261  1 0.2107 0.0212 0.2094 0.2054 0.1855 0.1679 
         262  1 0.1894 0.0241 0.1841 0.2428 0.1703 0.1892 
         263  1 0.2101 0.0663 0.1967 0.1766 0.1727 0.1777 
         264  1 0.1938 0.0228 0.2097 0.1552 0.2039 0.2146 
         265  1 0.1670 0.1787 0.1467 0.1732 0.1505 0.1839 
         266  1 0.1941 0.0279 0.2149 0.1151 0.2269 0.2211 
         267  1 0.1865 0.0333 0.1935 0.1986 0.1803 0.2078 
         268  1 0.1932 0.0314 0.1698 0.2254 0.1495 0.2308 
         269  1 0.2121 0.0563 0.1821 0.1812 0.1856 0.1827 
         270  1 0.1632 0.3565 0.1095 0.1620 0.1211 0.0877 
         271  1 0.1673 0.0296 0.1801 0.2266 0.1640 0.2324 
         272  1 0.1884 0.0261 0.1855 0.1916 0.2240 0.1844 
         273  1 0.1781 0.0157 0.2021 0.2090 0.1657 0.2294 
         274  1 0.1666 0.0159 0.2229 0.1144 0.2684 0.2117 
         275  1 0.1682 0.0376 0.1824 0.2216 0.1703 0.2200 
         276  1 0.1739 0.0281 0.1976 0.2115 0.1758 0.2131 
         277  1 0.2030 0.0814 0.1928 0.1948 0.1644 0.1636 
         278  1 0.1507 0.0705 0.1608 0.2372 0.1449 0.2359 
         279  1 0.2513 0.0110 0.1715 0.2172 0.1930 0.1562 
         280  1 0.1649 0.0232 0.2289 0.1455 0.2237 0.2139 
         281  1 0.1729 0.1370 0.1636 0.1853 0.1647 0.1764 
         282  1 0.2134 0.0259 0.2104 0.1329 0.2191 0.1982 
         283  1 0.2179 0.0137 0.1917 0.2154 0.1919 0.1695 
         284  1 0.2159 0.0179 0.2040 0.2385 0.1647 0.1590 
         285  1 0.1948 0.0376 0.2035 0.1424 0.2084 0.2133 
         286  1 0.1499 0.2377 0.1496 0.1598 0.1527 0.1503 
         287  1 0.1751 0.0329 0.2281 0.1443 0.2234 0.1962 
         288  1 0.1827 0.0205 0.1828 0.2113 0.1845 0.2182 
         289  1 0.1882 0.0367 0.2011 0.2107 0.1797 0.1835 
         290  1 0.1933 0.0227 0.2041 0.2061 0.1745 0.1993 
         291  1 0.2154 0.0455 0.1836 0.2327 0.1569 0.1658 
         292  1 0.2050 0.0369 0.1894 0.2250 0.1882 0.1555 
         293  1 0.1750 0.0247 0.1651 0.2659 0.1447 0.2246 
         294  1 0.2065 0.0241 0.1962 0.2278 0.1907 0.1548 
         295  1 0.2280 0.0389 0.1551 0.2517 0.1560 0.1703 
         296  1 0.1570 0.1476 0.1693 0.1943 0.1557 0.1761 
         297  1 0.1830 0.0409 0.2202 0.1528 0.2057 0.1973 
         298  1 0.1714 0.0135 0.2088 0.1779 0.2195 0.2090 
         299  1 0.1885 0.0440 0.1920 0.2016 0.1661 0.2077 
         300  1 0.2004 0.1367 0.1716 0.1706 0.1815 0.1392 
         301  1 0.1693 0.2286 0.1339 0.1878 0.1364 0.1439 
         302  1 0.2138 0.0442 0.1910 0.1888 0.1994 0.1627 
         303  1 0.1916 0.0451 0.2048 0.1539 0.2127 0.1919 
         304  1 0.1988 0.0380 0.2351 0.1101 0.2371 0.1809 
         305  1 0.1800 0.0268 0.2136 0.1637 0.2162 0.1997 
         306  1 0.1536 0.0655 0.2053 0.2103 0.1530 0.2123 
         307  1 0.2196 0.0196 0.2224 0.1522 0.2159 0.1703 
         308  1 0.1991 0.0433 0.1908 0.1630 0.2204 0.1834 
         309  1 0.2002 0.0441 0.2208 0.1468 0.2175 0.1705 
         310  1 0.2162 0.0450 0.1670 0.2532 0.1918 0.1268 
         311  1 0.1886 0.0304 0.1964 0.1760 0.2155 0.1930 
         312  1 0.2128 0.0407 0.1810 0.1848 0.1902 0.1906 
         313  1 0.1797 0.0229 0.2246 0.1672 0.2234 0.1822 
         314  1 0.1793 0.0285 0.2356 0.1193 0.2469 0.1904 
         315  1 0.2082 0.0191 0.2081 0.2238 0.1631 0.1777 
         316  1 0.1270 0.3501 0.1282 0.1368 0.1327 0.1253 
         317  1 0.1977 0.0354 0.2118 0.1817 0.1975 0.1760 
         318  1 0.1904 0.0254 0.1667 0.2262 0.1840 0.2073 
         319  1 0.2097 0.0303 0.2044 0.1899 0.1966 0.1691 
         320  1 0.1875 0.0323 0.2036 0.1747 0.1949 0.2071 
         321  1 0.1260 0.4306 0.1078 0.1164 0.1143 0.1049 
         322  1 0.1899 0.0496 0.1894 0.1826 0.2053 0.1832 
         323  1 0.1655 0.0425 0.1852 0.1646 0.2384 0.2038 
         324  1 0.2197 0.0399 0.1992 0.1797 0.1824 0.1790 
         325  1 0.1742 0.0181 0.2127 0.1760 0.2128 0.2063 
         326  1 0.1854 0.0175 0.1814 0.2459 0.1637 0.2061 
         327  1 0.1722 0.1406 0.1526 0.2206 0.1366 0.1774 
         328  1 0.2137 0.0118 0.1993 0.2003 0.1920 0.1828 
         329  1 0.2256 0.0319 0.1569 0.2440 0.1645 0.1772 
         330  1 0.1951 0.1106 0.1687 0.1801 0.1782 0.1674 
         331  1 0.1654 0.0440 0.2083 0.1702 0.2006 0.2115 
         332  1 0.1835 0.0179 0.2028 0.2130 0.1897 0.1930 
         333  1 0.1935 0.0206 0.1704 0.2189 0.2015 0.1951 
         334  1 0.2262 0.0279 0.1835 0.2035 0.1983 0.1606 
         335  1 0.1512 0.2045 0.1568 0.1759 0.1472 0.1643 
         336  1 0.1704 0.0757 0.1935 0.1857 0.1729 0.2020 
         337  1 0.2310 0.0122 0.1868 0.2483 0.1872 0.1345 
         338  1 0.1851 0.0182 0.1792 0.2391 0.1773 0.2011 
         339  1 0.2128 0.0364 0.1825 0.2443 0.1944 0.1296 
         340  1 0.1489 0.3292 0.1262 0.1466 0.1312 0.1179 
         341  1 0.1803 0.1016 0.1803 0.1903 0.1728 0.1746 
         342  1 0.2004 0.0284 0.1936 0.2037 0.1959 0.1779 
         343  1 0.1647 0.0222 0.1738 0.2521 0.1618 0.2254 
         344  1 0.1848 0.0428 0.1704 0.2463 0.1632 0.1925 
         345  1 0.1676 0.0196 0.2126 0.2029 0.1699 0.2275 
         346  1 0.2153 0.0308 0.2158 0.1788 0.2123 0.1469 
         347  1 0.1466 0.0242 0.1790 0.2509 0.1462 0.2532 
         348  1 0.2057 0.0497 0.2073 0.1585 0.1952 0.1836 
         349  1 0.2022 0.0563 0.1946 0.1921 0.1605 0.1943 
         350  1 0.1774 0.1760 0.1546 0.1708 0.1577 0.1635 
         351  1 0.2190 0.0615 0.1619 0.2183 0.1818 0.1575 
         352  1 0.1841 0.0162 0.2284 0.1681 0.2027 0.2004 
         353  1 0.0671 0.6122 0.0751 0.0893 0.0618 0.0945 
         354  1 0.1667 0.0229 0.2085 0.1768 0.2048 0.2203 
         355  1 0.2208 0.0193 0.1854 0.2376 0.1581 0.1789 
         356  1 0.1980 0.0584 0.1775 0.2055 0.1767 0.1840 
         357  1 0.1684 0.0371 0.1551 0.2468 0.1521 0.2405 
         358  1 0.1607 0.0255 0.1882 0.2345 0.1660 0.2251 
         359  1 0.1744 0.0868 0.1783 0.2095 0.1506 0.2005 
         360  1 0.1494 0.0551 0.1658 0.2274 0.1456 0.2567 
         361  1 0.2123 0.0314 0.1856 0.1837 0.1884 0.1987 
         362  1 0.1434 0.2256 0.1397 0.1996 0.1336 0.1581 
         363  1 0.1711 0.1289 0.1682 0.1862 0.1577 0.1878 
         364  1 0.1957 0.0582 0.1597 0.2199 0.1708 0.1957 
         365  1 0.1522 0.1996 0.1702 0.1552 0.1582 0.1645 
         366  1 0.1900 0.0686 0.1720 0.1991 0.1786 0.1917 
         367  1 0.0682 0.6758 0.0765 0.0604 0.0592 0.0600 
         368  1 0.1902 0.0262 0.1896 0.2290 0.1781 0.1869 
         369  1 0.1951 0.0260 0.2157 0.1816 0.2219 0.1597 
         370  1 0.1444 0.0541 0.1598 0.2376 0.1485 0.2555 
         371  1 0.1713 0.1075 0.2057 0.1554 0.1735 0.1866 
         372  1 0.1823 0.0334 0.2100 0.1425 0.2349 0.1969 
         373  1 0.1802 0.1309 0.1421 0.1960 0.1501 0.2007 
         374  1 0.1906 0.0495 0.1805 0.2253 0.1608 0.1933 
         375  1 0.2078 0.0906 0.1728 0.2036 0.1945 0.1307 
         376  1 0.1891 0.0832 0.1639 0.2334 0.1405 0.1899 
         377  1 0.1460 0.0291 0.1716 0.2429 0.1529 0.2575 
         378  1 0.2084 0.0228 0.1668 0.2206 0.2094 0.1720 
         379  1 0.2080 0.0626 0.1749 0.1996 0.1942 0.1606 
         380  1 0.1848 0.0683 0.1551 0.2538 0.1416 0.1964 
         381  1 0.2077 0.0350 0.1776 0.1953 0.2017 0.1828 
         382  1 0.1793 0.0245 0.2053 0.1572 0.2123 0.2213 
         383  1 0.2075 0.0473 0.1712 0.1828 0.2109 0.1802 
         384  1 0.1924 0.0122 0.1990 0.1474 0.2280 0.2210 
         385  1 0.1776 0.1029 0.1789 0.1768 0.1914 0.1723 
         386  1 0.1975 0.0225 0.2128 0.1861 0.1958 0.1853 
         387  1 0.1921 0.1352 0.1580 0.2219 0.1616 0.1312 
         388  1 0.0963 0.4028 0.1092 0.1455 0.0902 0.1561 
         389  1 0.1095 0.3839 0.1131 0.1529 0.0998 0.1408 
         390  1 0.1998 0.0316 0.1974 0.1832 0.2110 0.1770 
         391  1 0.1538 0.0369 0.1978 0.1978 0.1792 0.2345 
         392  1 0.2014 0.0886 0.1763 0.2045 0.1706 0.1586 
         393  1 0.2468 0.0343 0.1779 0.2036 0.1812 0.1561 
         394  1 0.1550 0.0440 0.1638 0.2500 0.1399 0.2473 
         395  1 0.1904 0.0802 0.2063 0.1752 0.1818 0.1660 
         396  1 0.2178 0.0230 0.1831 0.2424 0.1995 0.1342 
         397  1 0.1554 0.1890 0.1503 0.1996 0.1374 0.1682 
         398  1 0.2312 0.0166 0.2051 0.1645 0.2327 0.1499 
         399  1 0.1883 0.0132 0.2003 0.1968 0.1866 0.2147 
         400  1 0.2072 0.0705 0.1847 0.1937 0.1813 0.1626 
         401  1 0.1713 0.1641 0.1534 0.2116 0.1306 0.1690 
         402  1 0.2006 0.0399 0.2116 0.1784 0.1832 0.1863 
         403  1 0.1640 0.2338 0.1471 0.1815 0.1448 0.1288 
         404  1 0.2060 0.0385 0.2161 0.1489 0.2005 0.1899 
         405  1 0.1928 0.0224 0.1953 0.2396 0.1684 0.1814 
         406  1 0.0982 0.5386 0.0884 0.1033 0.0797 0.0917 
         407  1 0.1436 0.2297 0.1508 0.1692 0.1438 0.1629 
         408  1 0.2020 0.0182 0.1931 0.1880 0.2151 0.1836 
         409  1 0.1947 0.0562 0.1837 0.1907 0.1998 0.1749 
         410  1 0.1715 0.2324 0.1442 0.1673 0.1525 0.1321 
         411  1 0.1954 0.0266 0.1895 0.2116 0.1908 0.1861 
         412  1 0.2198 0.0303 0.1783 0.2413 0.1711 0.1591 
         413  1 0.1898 0.0148 0.2122 0.1600 0.2296 0.1936 
         414  1 0.1658 0.1328 0.1658 0.1906 0.1560 0.1890 
         415  1 0.1600 0.0300 0.1866 0.2200 0.1767 0.2265 
         416  1 0.1848 0.0187 0.1780 0.2148 0.1860 0.2177 
         417  1 0.1321 0.0584 0.2016 0.2126 0.1444 0.2510 
         418  1 0.2298 0.0184 0.1871 0.1665 0.2142 0.1840 
         419  1 0.1499 0.0477 0.1888 0.2106 0.1596 0.2435 
         420  1 0.1180 0.4318 0.0941 0.1266 0.1036 0.1258 
         421  1 0.2037 0.0338 0.2048 0.1831 0.2096 0.1651 
         422  1 0.1771 0.0160 0.2321 0.1471 0.2345 0.1932 
         423  1 0.1940 0.0204 0.1629 0.2239 0.1496 0.2491 
         424  1 0.1692 0.1214 0.1764 0.1877 0.1541 0.1912 
         425  1 0.1739 0.0996 0.1952 0.1747 0.1759 0.1806 
         426  1 0.2125 0.0486 0.1605 0.1794 0.2263 0.1728 
         427  1 0.1728 0.0173 0.1809 0.2343 0.1886 0.2061 
         428  1 0.2040 0.0292 0.1900 0.2437 0.1829 0.1502 
         429  1 0.1511 0.3791 0.1190 0.1282 0.1266 0.0960 
         430  1 0.1920 0.0318 0.1961 0.1794 0.2181 0.1826 
         431  1 0.1915 0.0215 0.1845 0.1976 0.1991 0.2058 
         432  1 0.1620 0.0162 0.1698 0.2473 0.1540 0.2506 
         433  1 0.1937 0.0146 0.1844 0.2110 0.1827 0.2137 
         434  1 0.2150 0.0313 0.1668 0.2527 0.1665 0.1676 
         435  1 0.1993 0.0594 0.1972 0.1870 0.1899 0.1671 
         436  1 0.2099 0.0340 0.1795 0.2230 0.1721 0.1815 
         437  1 0.2108 0.0246 0.1789 0.2040 0.1871 0.1947 
         438  1 0.1918 0.0355 0.1771 0.2005 0.1992 0.1959 
         439  1 0.2075 0.0603 0.1820 0.2442 0.1657 0.1403 
         440  1 0.1587 0.0162 0.2264 0.1173 0.2728 0.2085 
         441  1 0.1649 0.1036 0.1605 0.2237 0.1604 0.1868 
         442  1 0.1343 0.1627 0.1470 0.2056 0.1346 0.2157 
         443  1 0.2185 0.0184 0.1743 0.2147 0.1800 0.1939 
         444  1 0.2016 0.0126 0.1877 0.1983 0.1874 0.2123 
         445  1 0.2115 0.0388 0.1965 0.1942 0.2109 0.1481 
         446  1 0.1933 0.0400 0.2167 0.1697 0.2129 0.1673 
         447  1 0.1332 0.2565 0.1473 0.1566 0.1399 0.1665 
         448  1 0.2108 0.0337 0.1843 0.2171 0.1994 0.1547 
         449  1 0.1731 0.0205 0.2509 0.1023 0.2544 0.1989 
         450  1 0.1440 0.2927 0.1499 0.1071 0.1553 0.1510 
         451  1 0.1436 0.3524 0.1328 0.1351 0.1251 0.1110 
         452  1 0.2253 0.0185 0.2150 0.1490 0.2236 0.1685 
         453  1 0.1919 0.0466 0.1932 0.2164 0.1860 0.1658 
         454  1 0.1853 0.0384 0.1748 0.2044 0.1707 0.2263 
         455  1 0.2070 0.0397 0.2191 0.1136 0.2286 0.1920 
         456  1 0.1776 0.0455 0.2002 0.2036 0.1611 0.2119 
         457  1 0.2003 0.0162 0.2013 0.1695 0.2293 0.1834 
         458  1 0.1846 0.0234 0.2127 0.1728 0.2132 0.1934 
         459  1 0.1501 0.1909 0.1480 0.1581 0.1854 0.1675 
         460  1 0.1094 0.4675 0.1015 0.1177 0.1046 0.0994 
         461  1 0.1874 0.0642 0.1773 0.1721 0.2141 0.1849 
         462  1 0.1810 0.0211 0.1943 0.2038 0.1954 0.2044 
         463  1 0.1726 0.0205 0.2194 0.1419 0.2331 0.2125 
         464  1 0.2224 0.0271 0.2099 0.1831 0.1926 0.1649 
         465  1 0.1801 0.0689 0.1811 0.1980 0.1775 0.1945 
         466  1 0.1488 0.2122 0.1603 0.1559 0.1495 0.1732 
         467  1 0.1961 0.0222 0.1656 0.2363 0.1741 0.2057 
         468  1 0.2110 0.0352 0.1819 0.1723 0.2305 0.1691 
         469  1 0.2053 0.0136 0.1906 0.2106 0.1869 0.1931 
         470  1 0.1850 0.1459 0.1700 0.1570 0.1721 0.1699 
         471  1 0.1730 0.1307 0.1722 0.1904 0.1631 0.1705 
         472  1 0.1906 0.0679 0.2097 0.1600 0.2106 0.1612 
         473  1 0.1816 0.0209 0.1873 0.2217 0.1679 0.2206 
         474  1 0.2021 0.0478 0.1917 0.1699 0.1928 0.1958 
         475  1 0.1888 0.0112 0.2032 0.1963 0.1840 0.2165 
         476  1 0.1345 0.3303 0.1270 0.1443 0.1256 0.1382 
         477  1 0.2114 0.0897 0.1699 0.1858 0.1749 0.1682 
         478  1 0.1623 0.0579 0.2317 0.1484 0.1980 0.2017 
         479  1 0.1928 0.0467 0.2048 0.1818 0.1748 0.1990 
         480  1 0.1610 0.0714 0.2076 0.1890 0.1616 0.2094 
         481  1 0.1844 0.1070 0.1828 0.1597 0.1795 0.1865 
         482  1 0.1704 0.1825 0.1741 0.1180 0.1783 0.1767 
         483  1 0.1980 0.0193 0.1852 0.2376 0.2054 0.1544 
         484  1 0.1922 0.1068 0.1680 0.2104 0.1641 0.1585 
         485  1 0.1571 0.1772 0.1768 0.1369 0.1863 0.1658 
         486  1 0.1897 0.1048 0.1709 0.2024 0.1587 0.1734 
         487  1 0.1561 0.0381 0.1916 0.2148 0.1935 0.2059 
         488  1 0.1816 0.1637 0.1426 0.1876 0.1822 0.1424 
         489  1 0.1883 0.0265 0.1814 0.1608 0.2451 0.1979 
         490  1 0.1894 0.0576 0.1462 0.2467 0.1447 0.2155 
         491  1 0.1793 0.0562 0.2183 0.1666 0.1990 0.1806 
         492  1 0.1785 0.0938 0.1861 0.1935 0.1770 0.1712 
         493  1 0.1926 0.0153 0.2234 0.1581 0.2179 0.1927 
         494  1 0.2103 0.0237 0.1952 0.2167 0.1762 0.1779 
         495  1 0.1691 0.0581 0.1566 0.2115 0.1762 0.2285 
         496  1 0.1996 0.1047 0.1671 0.2034 0.1837 0.1415 
         497  1 0.1920 0.0316 0.2047 0.1776 0.2015 0.1926 
         498  1 0.1681 0.0194 0.2178 0.1255 0.2557 0.2135 
         499  1 0.1572 0.3277 0.1223 0.1407 0.1331 0.1190 
         500  1 0.2007 0.0193 0.2094 0.1763 0.1863 0.2079 
         501  1 0.1785 0.1512 0.1701 0.1533 0.1597 0.1872 
         502  1 0.2004 0.0282 0.1586 0.2205 0.1865 0.2059 
         503  1 0.1876 0.0198 0.2059 0.1725 0.2212 0.1929 
         504  1 0.1685 0.0102 0.2473 0.0980 0.2681 0.2079 
         505  1 0.0985 0.5526 0.0846 0.1035 0.0875 0.0733 
         506  1 0.1220 0.4327 0.1031 0.1440 0.1020 0.0963 
         507  1 0.1680 0.1271 0.1582 0.1834 0.1842 0.1791 
         508  1 0.1919 0.0311 0.1988 0.1695 0.2188 0.1899 
         509  1 0.1295 0.4287 0.1193 0.0911 0.1200 0.1113 
         510  1 0.2178 0.0628 0.1849 0.1716 0.1880 0.1750 
         511  1 0.1955 0.0306 0.1641 0.2323 0.1652 0.2122 
         512  1 0.1553 0.2200 0.1463 0.1836 0.1360 0.1587 
         513  1 0.2011 0.0460 0.2212 0.1499 0.2089 0.1728 
         514  1 0.1591 0.2707 0.1460 0.1295 0.1608 0.1339 
         515  1 0.1862 0.0970 0.1755 0.2184 0.1523 0.1707 
         516  1 0.1486 0.1820 0.1617 0.1885 0.1469 0.1723 
         517  1 0.2222 0.0292 0.2063 0.1774 0.2171 0.1478 
         518  1 0.2145 0.0513 0.1618 0.2222 0.1930 0.1571 
         519  1 0.2641 0.0120 0.1881 0.1605 0.2044 0.1709 
         520  1 0.2020 0.0664 0.2114 0.1589 0.2130 0.1483 
         521  1 0.1860 0.0460 0.1542 0.2345 0.1658 0.2135 
         522  1 0.1294 0.3334 0.1159 0.1407 0.1459 0.1347 
         523  1 0.2300 0.0187 0.2045 0.1290 0.2220 0.1957 
         524  1 0.2447 0.0747 0.1615 0.1979 0.1716 0.1496 
         525  1 0.1242 0.1746 0.1432 0.2024 0.1337 0.2219 
         526  1 0.1883 0.0159 0.2048 0.1690 0.1949 0.2270 
         527  1 0.1287 0.2953 0.1692 0.1095 0.1510 0.1465 
         528  1 0.1644 0.1575 0.1695 0.1515 0.1796 0.1776 
         529  1 0.1800 0.0419 0.1773 0.2299 0.1757 0.1952 
         530  1 0.1604 0.1294 0.1920 0.1569 0.1873 0.1740 
         531  1 0.1974 0.0655 0.1927 0.1725 0.1889 0.1831 
         532  1 0.2110 0.0427 0.1906 0.1647 0.1877 0.2034 
         533  1 0.2033 0.0355 0.1736 0.2083 0.1988 0.1804 
         534  1 0.1492 0.0396 0.2420 0.1101 0.2492 0.2099 
         535  1 0.1814 0.0684 0.1894 0.1635 0.2066 0.1907 
         536  1 0.1925 0.0884 0.2006 0.1493 0.1788 0.1904 
         537  1 0.2438 0.0713 0.1433 0.2257 0.1713 0.1446 
         538  1 0.0777 0.5359 0.0945 0.1046 0.0820 0.1053 
         539  1 0.1608 0.1692 0.1736 0.1363 0.1932 0.1668 
         540  1 0.2240 0.0278 0.2070 0.1261 0.2180 0.1972 
         541  1 0.2346 0.0192 0.2125 0.1116 0.2285 0.1937 
         542  1 0.2049 0.0204 0.1670 0.2139 0.2106 0.1832 
         543  1 0.1778 0.0167 0.2437 0.1216 0.2361 0.2041 
         544  1 0.1668 0.0306 0.1848 0.2239 0.1695 0.2243 
         545  1 0.2230 0.0366 0.1920 0.1725 0.2101 0.1659 
         546  1 0.1936 0.0126 0.2644 0.1256 0.2210 0.1829 
         547  1 0.2247 0.0466 0.1825 0.1963 0.1697 0.1802 
         548  1 0.1925 0.0187 0.2360 0.1319 0.2393 0.1817 
         549  1 0.1767 0.0262 0.1655 0.2289 0.1652 0.2374 
         550  1 0.2055 0.0130 0.2150 0.1661 0.2056 0.1948 
         551  1 0.1910 0.0226 0.2339 0.1119 0.2427 0.1980 
         552  1 0.2038 0.0464 0.1728 0.1944 0.1763 0.2064 
         553  1 0.1897 0.0463 0.2000 0.1790 0.1974 0.1877 
         554  1 0.1971 0.0202 0.1724 0.2064 0.1729 0.2309 
         555  1 0.2203 0.0621 0.1511 0.2165 0.1842 0.1657 
         556  1 0.1864 0.0706 0.2065 0.1594 0.2135 0.1635 
         557  1 0.1838 0.1133 0.1794 0.1890 0.1773 0.1572 
         558  1 0.1785 0.1504 0.1474 0.2295 0.1415 0.1527 
         559  1 0.0400 0.8058 0.0402 0.0425 0.0376 0.0340 
         560  1 0.1751 0.0778 0.2015 0.1771 0.1804 0.1881 
         561  1 0.0812 0.6827 0.0440 0.0757 0.0626 0.0539 
         562  1 0.1596 0.2189 0.1633 0.1519 0.1572 0.1490 
         563  1 0.0372 0.7954 0.0415 0.0482 0.0376 0.0400 
         564  1 0.1369 0.4014 0.1186 0.1424 0.1177 0.0831 
         565  1 0.0319 0.8291 0.0347 0.0368 0.0324 0.0352 
         566  1 0.1595 0.2031 0.1802 0.1570 0.1476 0.1525 
         567  1 0.1039 0.4380 0.1277 0.0973 0.1071 0.1259 
         568  1 0.1894 0.0607 0.1830 0.1941 0.1809 0.1919 
         569  1 0.1542 0.3258 0.1240 0.1426 0.1497 0.1038 
         570  1 0.1857 0.1697 0.1653 0.1918 0.1607 0.1268 
         571  1 0.1314 0.3598 0.1065 0.1460 0.1206 0.1357 
         572  1 0.0959 0.5875 0.0772 0.0917 0.0793 0.0685 
         573  1 0.0337 0.8343 0.0331 0.0329 0.0340 0.0319 
         574  1 0.1402 0.1893 0.1616 0.1949 0.1406 0.1734 
         575  1 0.0943 0.4746 0.1002 0.1172 0.0990 0.1148 
         576  1 0.1050 0.4986 0.0950 0.1057 0.0974 0.0983 
         577  1 0.0498 0.7616 0.0486 0.0459 0.0487 0.0454 
         578  1 0.0999 0.4073 0.1281 0.1255 0.1101 0.1291 
         579  1 0.0802 0.5992 0.0726 0.0892 0.0782 0.0806 
         580  1 0.0430 0.7481 0.0450 0.0572 0.0457 0.0610 
         581  1 0.1175 0.4422 0.1246 0.0845 0.1280 0.1032 
         582  1 0.0636 0.7067 0.0502 0.0626 0.0584 0.0586 
         583  1 0.0280 0.8403 0.0313 0.0376 0.0307 0.0321 
         584  1 0.0471 0.8006 0.0378 0.0435 0.0376 0.0334 
         585  1 0.0425 0.7606 0.0503 0.0490 0.0445 0.0532 
         586  1 0.1213 0.2805 0.1263 0.1878 0.1128 0.1714 
         587  1 0.1479 0.1425 0.1560 0.2074 0.1503 0.1959 
         588  1 0.1613 0.2073 0.1893 0.1338 0.1699 0.1384 
         589  1 0.1766 0.1639 0.1457 0.1906 0.1440 0.1792 
         590  1 0.0222 0.8847 0.0209 0.0240 0.0259 0.0223 
         591  1 0.0939 0.5268 0.0995 0.0933 0.1066 0.0799 
         592  1 0.0614 0.6681 0.0664 0.0753 0.0582 0.0707 
         593  1 0.1048 0.4935 0.0949 0.1145 0.1060 0.0863 
         594  1 0.0198 0.8979 0.0206 0.0207 0.0205 0.0205 
         595  1 0.0371 0.8182 0.0344 0.0409 0.0328 0.0366 
         596  1 0.0771 0.6073 0.0749 0.0859 0.0754 0.0794 
         597  1 0.0604 0.6974 0.0589 0.0623 0.0579 0.0631 
         598  1 0.0138 0.9313 0.0140 0.0141 0.0141 0.0127 
         599  1 0.0541 0.7515 0.0441 0.0586 0.0530 0.0387 
         600  1 0.2110 0.0513 0.1882 0.2297 0.1678 0.1520 
         601  1 0.0687 0.6402 0.0718 0.0759 0.0621 0.0813 
         602  1 0.0144 0.9273 0.0139 0.0157 0.0141 0.0146 
         603  1 0.1145 0.4573 0.0938 0.1256 0.1026 0.1062 
         604  1 0.0954 0.5758 0.0803 0.0930 0.0812 0.0744 
         605  1 0.0534 0.7031 0.0606 0.0657 0.0549 0.0623 
         606  1 0.1344 0.2038 0.1325 0.2017 0.1330 0.1945 
         607  1 0.1763 0.1190 0.1923 0.1784 0.1564 0.1775 
         608  1 0.0557 0.7174 0.0501 0.0643 0.0605 0.0520 
         609  1 0.1621 0.2018 0.1360 0.1836 0.1589 0.1575 
         610  1 0.0307 0.8499 0.0292 0.0326 0.0302 0.0273 
         611  1 0.1673 0.1949 0.1655 0.1763 0.1399 0.1560 
         612  1 0.0182 0.9028 0.0181 0.0208 0.0203 0.0199 
         613  1 0.1596 0.2108 0.1456 0.1946 0.1554 0.1340 
         614  1 0.0648 0.6562 0.0722 0.0754 0.0668 0.0646 
         615  1 0.1283 0.4754 0.0823 0.1293 0.1095 0.0752 
         616  1 0.1211 0.4592 0.1042 0.1253 0.1028 0.0874 
         617  1 0.1078 0.5138 0.1036 0.0791 0.1068 0.0889 
         618  1 0.0334 0.8388 0.0306 0.0342 0.0321 0.0309 
         619  1 0.0179 0.9142 0.0163 0.0183 0.0165 0.0169 
         620  1 0.0192 0.9202 0.0144 0.0166 0.0152 0.0144 
         621  1 0.0505 0.7585 0.0484 0.0543 0.0435 0.0449 
         622  1 0.0343 0.8200 0.0347 0.0387 0.0372 0.0351 
         623  1 0.0244 0.8767 0.0246 0.0233 0.0252 0.0258 
         624  1 0.0476 0.7742 0.0469 0.0445 0.0453 0.0415 
         625  1 0.0288 0.8594 0.0256 0.0293 0.0271 0.0298 
         626  1 0.0134 0.9364 0.0119 0.0135 0.0124 0.0125 
         627  1 0.0239 0.8847 0.0234 0.0256 0.0214 0.0211 
         628  1 0.0166 0.9121 0.0178 0.0159 0.0185 0.0191 
         629  1 0.0238 0.8888 0.0218 0.0246 0.0217 0.0193 
         630  1 0.0318 0.8388 0.0315 0.0347 0.0323 0.0310 
         631  1 0.0185 0.9060 0.0185 0.0197 0.0190 0.0183 
         632  1 0.1605 0.3281 0.0882 0.1590 0.1126 0.1515 
         633  1 0.0179 0.9207 0.0145 0.0163 0.0157 0.0149 
         634  1 0.1200 0.2945 0.1585 0.1509 0.1312 0.1449 
         635  1 0.1123 0.4616 0.1014 0.1174 0.1017 0.1056 
         636  1 0.0697 0.6802 0.0633 0.0761 0.0614 0.0493 
         637  1 0.0149 0.9258 0.0156 0.0145 0.0147 0.0146 
         638  1 0.1044 0.4460 0.1086 0.1282 0.0976 0.1152 
         639  1 0.0325 0.8717 0.0224 0.0278 0.0232 0.0225 
         640  1 0.0323 0.8333 0.0314 0.0399 0.0291 0.0340 
         641  1 0.0321 0.8411 0.0311 0.0326 0.0312 0.0320 
         642  1 0.0596 0.6872 0.0631 0.0672 0.0652 0.0578 
         643  1 0.0245 0.8797 0.0245 0.0246 0.0248 0.0220 
         644  1 0.0657 0.7276 0.0515 0.0576 0.0552 0.0423 
         645  1 0.0927 0.6311 0.0586 0.0863 0.0738 0.0575 
         646  1 0.0329 0.8492 0.0297 0.0318 0.0302 0.0262 
         647  1 0.1582 0.1431 0.1720 0.1787 0.1684 0.1797 
         648  1 0.1447 0.3262 0.1158 0.1652 0.1112 0.1369 
         649  1 0.0261 0.8635 0.0283 0.0262 0.0287 0.0273 
         650  1 0.1534 0.2963 0.1414 0.1634 0.1434 0.1022 
         651  1 0.0388 0.8205 0.0325 0.0422 0.0358 0.0303 
         652  1 0.0538 0.7395 0.0459 0.0595 0.0510 0.0502 
         653  1 0.0579 0.7006 0.0630 0.0631 0.0581 0.0573 
         654  1 0.0220 0.8845 0.0232 0.0244 0.0229 0.0230 
         655  1 0.0293 0.8555 0.0285 0.0275 0.0279 0.0312 
         656  1 0.0112 0.9428 0.0118 0.0118 0.0109 0.0114 
         657  1 0.0182 0.9103 0.0185 0.0176 0.0171 0.0183 
         658  1 0.0431 0.7748 0.0432 0.0511 0.0405 0.0475 
         659  1 0.1509 0.3219 0.1149 0.1485 0.1438 0.1200 
         660  1 0.0182 0.9091 0.0180 0.0197 0.0180 0.0171 
         661  1 0.1398 0.3078 0.1268 0.1469 0.1428 0.1359 
         662  1 0.0165 0.9170 0.0176 0.0167 0.0156 0.0165 
         663  1 0.0697 0.6500 0.0642 0.0803 0.0677 0.0681 
         664  1 0.0592 0.6911 0.0653 0.0635 0.0651 0.0558 
         665  1 0.0222 0.8884 0.0223 0.0250 0.0225 0.0196 
         666  1 0.0256 0.8720 0.0271 0.0259 0.0234 0.0258 
         667  1 0.0607 0.7143 0.0554 0.0625 0.0518 0.0553 
         668  1 0.0640 0.7177 0.0481 0.0683 0.0529 0.0491 
