           1  1 0.1645 0.1255 0.1570 0.1179 0.1736 0.1380 0.1236 
           2  1 0.1472 0.0455 0.1437 0.2184 0.1638 0.1132 0.1682 
           3  1 0.1801 0.0295 0.1875 0.1425 0.1774 0.1391 0.1439 
           4  1 0.1580 0.0921 0.1574 0.1570 0.1480 0.1415 0.1461 
           5  1 0.1880 0.0168 0.1760 0.1507 0.1615 0.1649 0.1421 
           6  1 0.1432 0.0571 0.1235 0.1997 0.1601 0.1310 0.1853 
           7  1 0.1573 0.0136 0.1708 0.1380 0.2014 0.1584 0.1605 
           8  1 0.0891 0.4889 0.0952 0.0727 0.0838 0.0845 0.0858 
           9  1 0.1862 0.0119 0.1822 0.1779 0.1425 0.1445 0.1547 
          10  1 0.1505 0.0260 0.1509 0.1410 0.2151 0.1583 0.1581 
          11  1 0.1856 0.0163 0.1754 0.1589 0.1658 0.1584 0.1396 
          12  1 0.1863 0.0235 0.1564 0.1567 0.1762 0.1506 0.1503 
          13  1 0.1302 0.0236 0.1567 0.2109 0.1474 0.1408 0.1904 
          14  1 0.2155 0.0208 0.1866 0.1383 0.1738 0.1162 0.1489 
          15  1 0.1444 0.0543 0.1424 0.1869 0.1774 0.1201 0.1746 
          16  1 0.1531 0.0215 0.1618 0.1755 0.2058 0.1325 0.1499 
          17  1 0.1586 0.0211 0.1631 0.1882 0.1399 0.1424 0.1867 
          18  1 0.1316 0.2329 0.1133 0.1600 0.1267 0.1033 0.1321 
          19  1 0.1826 0.0564 0.1705 0.1327 0.1688 0.1683 0.1207 
          20  1 0.1387 0.0155 0.1640 0.1441 0.2228 0.1548 0.1601 
          21  1 0.1495 0.0213 0.1849 0.1673 0.1677 0.1283 0.1810 
          22  1 0.1395 0.0133 0.1470 0.1918 0.1454 0.1623 0.2006 
          23  1 0.1584 0.0717 0.1680 0.1731 0.1587 0.1231 0.1470 
          24  1 0.1681 0.0410 0.1774 0.1923 0.1492 0.1190 0.1530 
          25  1 0.1540 0.0224 0.1606 0.1760 0.1535 0.1605 0.1730 
          26  1 0.2071 0.0213 0.1814 0.1401 0.1585 0.1536 0.1380 
          27  1 0.1887 0.0302 0.1859 0.1477 0.1594 0.1526 0.1354 
          28  1 0.1430 0.0273 0.1651 0.1856 0.1655 0.1279 0.1856 
          29  1 0.1340 0.0121 0.1812 0.2533 0.1449 0.1098 0.1646 
          30  1 0.1562 0.0241 0.1599 0.1636 0.1900 0.1374 0.1688 
          31  1 0.1477 0.0614 0.1409 0.1526 0.1574 0.1693 0.1707 
          32  1 0.1612 0.0170 0.1539 0.1980 0.1648 0.1374 0.1677 
          33  1 0.1253 0.0502 0.1334 0.2127 0.1539 0.1272 0.1972 
          34  1 0.1546 0.0325 0.1572 0.1476 0.1617 0.1687 0.1778 
          35  1 0.1803 0.0254 0.1806 0.1299 0.1383 0.1813 0.1642 
          36  1 0.1574 0.0134 0.1591 0.2224 0.1717 0.1082 0.1678 
          37  1 0.2090 0.0163 0.1929 0.1608 0.1225 0.1696 0.1290 
          38  1 0.1522 0.0148 0.1667 0.1878 0.1515 0.1607 0.1663 
          39  1 0.1666 0.0335 0.1837 0.1591 0.1585 0.1352 0.1635 
          40  1 0.1156 0.2047 0.1202 0.1310 0.1105 0.1581 0.1598 
          41  1 0.1418 0.0250 0.1842 0.1497 0.2170 0.1277 0.1546 
          42  1 0.1333 0.0138 0.1669 0.2039 0.1568 0.1470 0.1784 
          43  1 0.1811 0.0404 0.1796 0.1313 0.1658 0.1795 0.1223 
          44  1 0.1918 0.0214 0.1841 0.1435 0.1818 0.1292 0.1481 
          45  1 0.1399 0.0134 0.1727 0.2251 0.1630 0.1032 0.1827 
          46  1 0.1518 0.0302 0.1606 0.2401 0.1354 0.1129 0.1691 
          47  1 0.2064 0.0301 0.1708 0.1537 0.1631 0.1399 0.1360 
          48  1 0.1557 0.0979 0.1526 0.1479 0.1576 0.1396 0.1486 
          49  1 0.1529 0.0237 0.1624 0.1876 0.1614 0.1373 0.1747 
          50  1 0.1549 0.0107 0.1628 0.2427 0.1408 0.0979 0.1901 
          51  1 0.1427 0.0404 0.1647 0.2020 0.1499 0.1341 0.1662 
          52  1 0.1380 0.0181 0.1723 0.1516 0.2285 0.1306 0.1608 
          53  1 0.1688 0.0197 0.1623 0.1615 0.1660 0.1512 0.1705 
          54  1 0.1708 0.0737 0.1533 0.1584 0.1504 0.1488 0.1447 
          55  1 0.1070 0.3165 0.1071 0.1411 0.1134 0.0962 0.1187 
          56  1 0.1614 0.0253 0.1719 0.1285 0.2169 0.1638 0.1322 
          57  1 0.1512 0.0084 0.1184 0.2484 0.1542 0.1140 0.2054 
          58  1 0.1904 0.0220 0.1549 0.2121 0.1295 0.1263 0.1649 
          59  1 0.1409 0.0101 0.1404 0.2732 0.1469 0.1092 0.1793 
          60  1 0.1641 0.0144 0.1715 0.1729 0.1590 0.1535 0.1647 
          61  1 0.1500 0.1519 0.1315 0.1533 0.1509 0.1198 0.1426 
          62  1 0.1531 0.0102 0.1563 0.2476 0.1545 0.1067 0.1716 
          63  1 0.1489 0.0352 0.1436 0.1887 0.1655 0.1415 0.1766 
          64  1 0.1125 0.0188 0.1867 0.2015 0.1797 0.1221 0.1787 
          65  1 0.1888 0.0278 0.1789 0.1526 0.1379 0.1820 0.1320 
          66  1 0.1647 0.0274 0.1810 0.1580 0.1550 0.1555 0.1585 
          67  1 0.1321 0.0150 0.1670 0.2232 0.1489 0.1355 0.1784 
          68  1 0.1630 0.0145 0.1614 0.1805 0.1697 0.1399 0.1709 
          69  1 0.1713 0.0390 0.1495 0.1867 0.1390 0.1467 0.1679 
          70  1 0.0952 0.0409 0.1514 0.1557 0.1183 0.2254 0.2131 
          71  1 0.1279 0.2110 0.1331 0.1490 0.1501 0.1008 0.1280 
          72  1 0.1385 0.0132 0.1681 0.2469 0.1590 0.0976 0.1766 
          73  1 0.1932 0.0565 0.1589 0.1335 0.1653 0.1571 0.1354 
          74  1 0.1441 0.0602 0.1593 0.1680 0.1630 0.1506 0.1548 
          75  1 0.1563 0.0223 0.1717 0.1678 0.1667 0.1606 0.1545 
          76  1 0.1139 0.0873 0.1610 0.1425 0.1757 0.1578 0.1619 
          77  1 0.1491 0.0745 0.1466 0.1570 0.1387 0.1719 0.1622 
          78  1 0.2325 0.0344 0.1908 0.1419 0.1425 0.1510 0.1068 
          79  1 0.1713 0.0122 0.1868 0.1350 0.2021 0.1682 0.1244 
          80  1 0.1460 0.1070 0.1367 0.1595 0.1573 0.1359 0.1575 
          81  1 0.1840 0.1038 0.1520 0.1247 0.1443 0.1624 0.1288 
          82  1 0.1937 0.0298 0.1682 0.1444 0.1576 0.1473 0.1591 
          83  1 0.1504 0.0523 0.1719 0.1380 0.1546 0.1849 0.1479 
          84  1 0.1311 0.0494 0.1521 0.1585 0.1554 0.1801 0.1735 
          85  1 0.1508 0.0294 0.1352 0.2109 0.1620 0.1155 0.1963 
          86  1 0.1365 0.1779 0.1257 0.1288 0.1573 0.1323 0.1415 
          87  1 0.1470 0.0175 0.1553 0.2069 0.1810 0.1325 0.1598 
          88  1 0.1460 0.0421 0.1257 0.2359 0.1571 0.1117 0.1815 
          89  1 0.1341 0.0406 0.1615 0.1459 0.1788 0.1790 0.1601 
          90  1 0.1311 0.1836 0.1433 0.1219 0.1538 0.1248 0.1415 
          91  1 0.1574 0.0519 0.1485 0.1515 0.1623 0.1628 0.1656 
          92  1 0.1373 0.0402 0.1633 0.1946 0.1775 0.1228 0.1643 
          93  1 0.1813 0.0352 0.1715 0.1665 0.1423 0.1416 0.1616 
          94  1 0.1203 0.2168 0.1429 0.1046 0.1553 0.1382 0.1218 
          95  1 0.1301 0.0335 0.1508 0.2024 0.1932 0.1207 0.1693 
          96  1 0.1052 0.0509 0.1689 0.1403 0.2281 0.1520 0.1545 
          97  1 0.1725 0.0169 0.1520 0.1511 0.1833 0.1704 0.1537 
          98  1 0.1312 0.0184 0.1280 0.1918 0.1364 0.1749 0.2193 
          99  1 0.1212 0.0163 0.1717 0.1464 0.1787 0.2018 0.1640 
         100  1 0.2134 0.0273 0.1842 0.1685 0.1205 0.1646 0.1216 
         101  1 0.2328 0.0566 0.1798 0.1172 0.1309 0.1755 0.1072 
         102  1 0.1466 0.0178 0.1398 0.2563 0.1385 0.1085 0.1924 
         103  1 0.2150 0.1658 0.1393 0.1328 0.1165 0.1236 0.1069 
         104  1 0.1578 0.0256 0.1694 0.1622 0.1354 0.1871 0.1625 
         105  1 0.1747 0.0342 0.2130 0.1355 0.1685 0.1326 0.1416 
         106  1 0.1343 0.0388 0.1590 0.1256 0.1442 0.2209 0.1772 
         107  1 0.2281 0.0324 0.1721 0.1718 0.1252 0.1525 0.1179 
         108  1 0.1413 0.0329 0.1242 0.2232 0.1847 0.1053 0.1884 
         109  1 0.1825 0.0370 0.1533 0.1575 0.1718 0.1516 0.1463 
         110  1 0.1760 0.0270 0.1706 0.1314 0.1846 0.1686 0.1418 
         111  1 0.1428 0.0410 0.1314 0.1559 0.1636 0.1737 0.1915 
         112  1 0.2256 0.0322 0.1800 0.1517 0.1322 0.1620 0.1164 
         113  1 0.1739 0.0166 0.1702 0.1677 0.1804 0.1190 0.1721 
         114  1 0.1747 0.0632 0.1549 0.1283 0.1935 0.1391 0.1464 
         115  1 0.1782 0.0441 0.1738 0.1681 0.1462 0.1487 0.1409 
         116  1 0.1512 0.0163 0.1555 0.1781 0.1571 0.1631 0.1787 
         117  1 0.1887 0.0352 0.1754 0.1304 0.1826 0.1423 0.1454 
         118  1 0.1755 0.0477 0.1696 0.1397 0.1620 0.1606 0.1450 
         119  1 0.1278 0.0309 0.1168 0.1586 0.1099 0.2387 0.2172 
         120  1 0.1191 0.1891 0.1346 0.1307 0.1351 0.1420 0.1495 
         121  1 0.1586 0.0395 0.1664 0.1766 0.1593 0.1514 0.1481 
         122  1 0.1081 0.0345 0.1261 0.1851 0.1197 0.2180 0.2085 
         123  1 0.1538 0.0182 0.1497 0.1787 0.1552 0.1542 0.1902 
         124  1 0.1380 0.0184 0.1428 0.2112 0.1653 0.1353 0.1889 
         125  1 0.1223 0.0608 0.1370 0.1401 0.1357 0.2003 0.2040 
         126  1 0.1371 0.0169 0.1308 0.2295 0.1657 0.1175 0.2026 
         127  1 0.1899 0.0303 0.1753 0.1594 0.1485 0.1419 0.1546 
         128  1 0.1958 0.0183 0.1746 0.1572 0.1331 0.1766 0.1443 
         129  1 0.1386 0.2216 0.1250 0.1026 0.1588 0.1363 0.1170 
         130  1 0.1414 0.0712 0.1406 0.1520 0.1390 0.1754 0.1805 
         131  1 0.1579 0.0305 0.1551 0.1801 0.1773 0.1406 0.1586 
         132  1 0.1631 0.0186 0.1858 0.1483 0.1737 0.1567 0.1539 
         133  1 0.1428 0.0164 0.1532 0.1554 0.1796 0.1786 0.1741 
         134  1 0.1655 0.0335 0.1406 0.1514 0.2038 0.1500 0.1552 
         135  1 0.0935 0.4941 0.0895 0.0705 0.0847 0.0942 0.0735 
         136  1 0.1659 0.0388 0.1424 0.1626 0.1479 0.1741 0.1683 
         137  1 0.1731 0.1527 0.1629 0.1169 0.1337 0.1568 0.1039 
         138  1 0.1524 0.0241 0.1456 0.1809 0.1742 0.1398 0.1830 
         139  1 0.1645 0.0296 0.1747 0.1516 0.1623 0.1791 0.1383 
         140  1 0.1766 0.0468 0.1589 0.1204 0.2014 0.1622 0.1338 
         141  1 0.1504 0.0798 0.1411 0.1609 0.1915 0.1508 0.1255 
         142  1 0.1861 0.0583 0.1641 0.1295 0.1472 0.1675 0.1473 
         143  1 0.1785 0.0479 0.1578 0.1677 0.1374 0.1637 0.1471 
         144  1 0.1276 0.0188 0.1494 0.2437 0.1557 0.1174 0.1874 
         145  1 0.1536 0.0137 0.1249 0.2538 0.1462 0.1092 0.1986 
         146  1 0.2319 0.0505 0.1836 0.1228 0.1374 0.1508 0.1229 
         147  1 0.1474 0.0186 0.1422 0.2150 0.1636 0.1253 0.1879 
         148  1 0.2099 0.0198 0.1892 0.1270 0.1566 0.1762 0.1214 
         149  1 0.1669 0.0392 0.1717 0.1334 0.1801 0.1621 0.1466 
         150  1 0.1981 0.1225 0.1654 0.1118 0.1395 0.1466 0.1161 
         151  1 0.1425 0.0465 0.1689 0.1562 0.1646 0.1419 0.1793 
         152  1 0.2195 0.0367 0.1669 0.1292 0.1356 0.1753 0.1368 
         153  1 0.1630 0.0298 0.1562 0.1289 0.2067 0.1581 0.1573 
         154  1 0.0885 0.0137 0.1862 0.1760 0.1009 0.2335 0.2012 
         155  1 0.1669 0.0481 0.1697 0.1525 0.1377 0.1626 0.1625 
         156  1 0.1665 0.0367 0.1630 0.1282 0.2055 0.1562 0.1439 
         157  1 0.1560 0.0302 0.1627 0.1640 0.1678 0.1622 0.1571 
         158  1 0.1431 0.1209 0.1464 0.1333 0.1716 0.1427 0.1421 
         159  1 0.1407 0.0308 0.1708 0.2040 0.1562 0.1265 0.1711 
         160  1 0.1388 0.0265 0.1836 0.1683 0.1392 0.1659 0.1777 
         161  1 0.1251 0.1565 0.1453 0.1317 0.1312 0.1539 0.1562 
         162  1 0.1517 0.0259 0.1785 0.1623 0.1552 0.1679 0.1585 
         163  1 0.1499 0.0651 0.1538 0.1479 0.1615 0.1679 0.1538 
         164  1 0.1276 0.0400 0.1373 0.1706 0.1532 0.1762 0.1951 
         165  1 0.1440 0.0253 0.1613 0.1694 0.1660 0.1667 0.1673 
         166  1 0.1921 0.0415 0.1517 0.1421 0.1615 0.1547 0.1563 
         167  1 0.1230 0.0277 0.1357 0.1863 0.1436 0.1814 0.2022 
         168  1 0.1551 0.1376 0.1245 0.1554 0.1572 0.1329 0.1374 
         169  1 0.0782 0.0278 0.1562 0.1716 0.0959 0.2481 0.2221 
         170  1 0.0887 0.0160 0.1671 0.2005 0.1312 0.1918 0.2047 
         171  1 0.1467 0.0223 0.1605 0.1955 0.1732 0.1370 0.1648 
         172  1 0.1323 0.0235 0.1389 0.2199 0.1490 0.1420 0.1945 
         173  1 0.1985 0.0440 0.1721 0.1352 0.1510 0.1693 0.1298 
         174  1 0.1469 0.0341 0.1507 0.1941 0.1469 0.1507 0.1766 
         175  1 0.1060 0.0332 0.1295 0.1911 0.1131 0.2061 0.2210 
         176  1 0.1450 0.0509 0.1809 0.1506 0.1835 0.1301 0.1589 
         177  1 0.1551 0.0943 0.1478 0.1557 0.1713 0.1236 0.1523 
         178  1 0.1607 0.0324 0.1880 0.1450 0.1634 0.1710 0.1395 
         179  1 0.1709 0.0287 0.1790 0.1423 0.1964 0.1360 0.1467 
         180  1 0.1486 0.0075 0.1700 0.1701 0.1807 0.1578 0.1654 
         181  1 0.1641 0.0558 0.1441 0.1589 0.1783 0.1489 0.1500 
         182  1 0.1368 0.2193 0.1272 0.1247 0.1336 0.1301 0.1283 
         183  1 0.1189 0.1089 0.1300 0.1358 0.1257 0.1828 0.1978 
         184  1 0.1340 0.0513 0.1429 0.1551 0.1238 0.1890 0.2039 
         185  1 0.1478 0.0591 0.1674 0.1622 0.1638 0.1457 0.1540 
         186  1 0.0995 0.0264 0.1537 0.1485 0.1318 0.2396 0.2005 
         187  1 0.0953 0.0193 0.1569 0.1533 0.1261 0.2462 0.2030 
         188  1 0.1112 0.0208 0.1530 0.1418 0.1195 0.2424 0.2114 
         189  1 0.1562 0.0302 0.1545 0.1625 0.1901 0.1494 0.1571 
         190  1 0.1102 0.0304 0.1366 0.1494 0.1168 0.2422 0.2143 
         191  1 0.1432 0.0210 0.1430 0.1909 0.1787 0.1465 0.1767 
         192  1 0.0675 0.5645 0.0713 0.0618 0.0775 0.0823 0.0751 
         193  1 0.0860 0.4961 0.0874 0.0675 0.0870 0.0922 0.0837 
         194  1 0.0927 0.1193 0.1443 0.1548 0.0966 0.2013 0.1909 
         195  1 0.1350 0.0602 0.1492 0.1641 0.1324 0.1895 0.1697 
         196  1 0.1819 0.0178 0.1544 0.1674 0.1775 0.1538 0.1472 
         197  1 0.1643 0.0833 0.1619 0.1717 0.1573 0.1178 0.1438 
         198  1 0.1772 0.0241 0.1586 0.1630 0.1631 0.1437 0.1702 
         199  1 0.1416 0.0838 0.1373 0.1729 0.1695 0.1299 0.1650 
         200  1 0.1603 0.0581 0.1589 0.1402 0.1606 0.1664 0.1555 
         201  1 0.1332 0.1358 0.1398 0.1516 0.1541 0.1223 0.1632 
         202  1 0.1148 0.0099 0.1522 0.2343 0.1655 0.1376 0.1858 
         203  1 0.2226 0.0575 0.1917 0.1398 0.1183 0.1676 0.1025 
         204  1 0.1267 0.0157 0.1534 0.1581 0.1715 0.2070 0.1676 
         205  1 0.1831 0.0136 0.1581 0.1647 0.1807 0.1423 0.1576 
         206  1 0.1455 0.0263 0.1637 0.1599 0.1865 0.1400 0.1781 
         207  1 0.1465 0.0231 0.1741 0.1748 0.1673 0.1664 0.1479 
         208  1 0.1464 0.0132 0.1607 0.1720 0.1675 0.1628 0.1775 
         209  1 0.1318 0.2323 0.1373 0.1131 0.1328 0.1266 0.1260 
         210  1 0.1624 0.0242 0.1655 0.1688 0.1632 0.1673 0.1486 
         211  1 0.1505 0.0291 0.1589 0.1753 0.1601 0.1551 0.1710 
         212  1 0.1188 0.0951 0.1212 0.1547 0.1354 0.1744 0.2004 
         213  1 0.2118 0.0355 0.1882 0.1335 0.1350 0.1767 0.1192 
         214  1 0.1986 0.0467 0.1695 0.1327 0.1559 0.1722 0.1245 
         215  1 0.1377 0.0529 0.1600 0.1414 0.1793 0.1646 0.1642 
         216  1 0.1294 0.0363 0.1382 0.1840 0.1278 0.1788 0.2055 
         217  1 0.1986 0.0301 0.1823 0.1592 0.1338 0.1759 0.1201 
         218  1 0.1445 0.0195 0.1619 0.1824 0.1610 0.1749 0.1558 
         219  1 0.1528 0.0151 0.1512 0.1908 0.1658 0.1609 0.1634 
         220  1 0.1866 0.0678 0.1601 0.1322 0.1595 0.1515 0.1423 
         221  1 0.1724 0.0549 0.1851 0.1696 0.1553 0.1140 0.1486 
         222  1 0.1648 0.0817 0.1433 0.1566 0.1621 0.1472 0.1443 
         223  1 0.1128 0.2883 0.1286 0.1070 0.1245 0.1277 0.1110 
         224  1 0.1580 0.0366 0.1386 0.1912 0.1806 0.1277 0.1673 
         225  1 0.1546 0.0209 0.1404 0.1973 0.1691 0.1352 0.1826 
         226  1 0.1678 0.0207 0.1359 0.2238 0.1458 0.1284 0.1776 
         227  1 0.1546 0.0878 0.1478 0.1165 0.1537 0.1943 0.1453 
         228  1 0.1377 0.0460 0.1430 0.1574 0.1600 0.1747 0.1813 
         229  1 0.1727 0.0167 0.1549 0.1663 0.1778 0.1640 0.1476 
         230  1 0.2153 0.0370 0.1492 0.1137 0.1200 0.2310 0.1337 
         231  1 0.1475 0.0151 0.1505 0.2311 0.1484 0.1370 0.1705 
         232  1 0.1599 0.0212 0.1697 0.1556 0.1639 0.1780 0.1517 
         233  1 0.1466 0.0405 0.1588 0.1637 0.1929 0.1256 0.1719 
         234  1 0.1249 0.0212 0.1675 0.1598 0.1702 0.1862 0.1703 
         235  1 0.1383 0.0154 0.1352 0.2535 0.1396 0.1278 0.1901 
         236  1 0.1870 0.0167 0.1651 0.1618 0.1731 0.1518 0.1446 
         237  1 0.1400 0.0275 0.1209 0.2577 0.1423 0.1104 0.2012 
         238  1 0.1566 0.0578 0.1738 0.1410 0.1725 0.1552 0.1430 
         239  1 0.1534 0.0075 0.1821 0.2238 0.1570 0.1015 0.1745 
         240  1 0.1375 0.1843 0.1309 0.1255 0.1599 0.1405 0.1215 
         241  1 0.1607 0.0185 0.1613 0.1463 0.2078 0.1520 0.1535 
         242  1 0.1832 0.0502 0.1697 0.1673 0.1371 0.1516 0.1409 
         243  1 0.1830 0.0200 0.1362 0.1999 0.1721 0.1190 0.1697 
         244  1 0.1703 0.0431 0.1396 0.1798 0.1652 0.1523 0.1497 
         245  1 0.1299 0.0204 0.1260 0.2106 0.1266 0.1833 0.2032 
         246  1 0.1485 0.0097 0.1755 0.2081 0.1628 0.1391 0.1563 
         247  1 0.1539 0.0656 0.1335 0.1711 0.1545 0.1606 0.1608 
         248  1 0.1789 0.0608 0.1471 0.1562 0.1751 0.1335 0.1484 
         249  1 0.1136 0.1561 0.1455 0.1261 0.1223 0.1909 0.1455 
         250  1 0.2246 0.0247 0.1560 0.1201 0.1418 0.2011 0.1315 
         251  1 0.2104 0.0236 0.1694 0.1186 0.1272 0.2344 0.1163 
         252  1 0.1996 0.0122 0.1668 0.1876 0.1318 0.1503 0.1517 
         253  1 0.1252 0.2133 0.1357 0.1256 0.1463 0.1281 0.1258 
         254  1 0.0438 0.7099 0.0407 0.0428 0.0421 0.0654 0.0554 
         255  1 0.1397 0.0658 0.1551 0.1660 0.1708 0.1487 0.1539 
         256  1 0.1283 0.0266 0.1410 0.1378 0.1082 0.2612 0.1969 
         257  1 0.1739 0.0792 0.1772 0.1305 0.1517 0.1412 0.1463 
         258  1 0.1509 0.0345 0.1734 0.1744 0.1701 0.1372 0.1596 
         259  1 0.1908 0.0360 0.1623 0.1549 0.1706 0.1516 0.1338 
         260  1 0.1849 0.0090 0.1612 0.2013 0.1594 0.1407 0.1436 
         261  1 0.1617 0.0162 0.1392 0.1682 0.1660 0.1883 0.1604 
         262  1 0.1599 0.0209 0.1769 0.1576 0.1554 0.1774 0.1518 
         263  1 0.1675 0.0570 0.1445 0.1611 0.1707 0.1437 0.1556 
         264  1 0.1678 0.0175 0.1549 0.2064 0.1577 0.1282 0.1675 
         265  1 0.1799 0.1600 0.1325 0.1225 0.1471 0.1379 0.1201 
         266  1 0.1359 0.0237 0.1421 0.2184 0.1646 0.1060 0.2092 
         267  1 0.1854 0.0273 0.1864 0.1496 0.1649 0.1498 0.1366 
         268  1 0.2090 0.0250 0.1908 0.1448 0.1357 0.1699 0.1249 
         269  1 0.1797 0.0465 0.1511 0.1506 0.1594 0.1512 0.1615 
         270  1 0.0628 0.2666 0.1204 0.1235 0.0998 0.1726 0.1542 
         271  1 0.2157 0.0242 0.1862 0.1394 0.1326 0.1750 0.1269 
         272  1 0.1598 0.0229 0.1707 0.1528 0.1419 0.1708 0.1810 
         273  1 0.2077 0.0131 0.1769 0.1538 0.1612 0.1476 0.1396 
         274  1 0.1664 0.0138 0.1518 0.2468 0.1330 0.1118 0.1766 
         275  1 0.2363 0.0323 0.1776 0.1175 0.1439 0.1631 0.1294 
         276  1 0.2241 0.0223 0.1783 0.1348 0.1465 0.1590 0.1349 
         277  1 0.1074 0.0730 0.1253 0.1755 0.1004 0.2210 0.1975 
         278  1 0.2046 0.0576 0.1728 0.1370 0.1555 0.1541 0.1184 
         279  1 0.1605 0.0099 0.1431 0.1392 0.2363 0.1638 0.1472 
         280  1 0.1691 0.0187 0.1649 0.2274 0.1374 0.1200 0.1625 
         281  1 0.1709 0.1190 0.1532 0.1213 0.1411 0.1582 0.1364 
         282  1 0.1422 0.0226 0.1392 0.2052 0.1762 0.1287 0.1859 
         283  1 0.1109 0.0115 0.1678 0.1558 0.1481 0.2070 0.1989 
         284  1 0.1256 0.0162 0.1335 0.1543 0.1260 0.2330 0.2114 
         285  1 0.1563 0.0314 0.1447 0.1825 0.1733 0.1315 0.1802 
         286  1 0.1414 0.1790 0.1286 0.1388 0.1260 0.1448 0.1413 
         287  1 0.1470 0.0255 0.1739 0.1916 0.1640 0.1311 0.1670 
         288  1 0.1806 0.0185 0.1710 0.1547 0.1504 0.1702 0.1545 
         289  1 0.1854 0.0320 0.1565 0.1572 0.1645 0.1554 0.1491 
         290  1 0.1834 0.0196 0.1525 0.1799 0.1864 0.1509 0.1274 
         291  1 0.1444 0.0387 0.1563 0.1752 0.1769 0.1626 0.1458 
         292  1 0.1094 0.0299 0.1395 0.1500 0.0948 0.2481 0.2284 
         293  1 0.1654 0.0228 0.1783 0.1504 0.1745 0.1737 0.1350 
         294  1 0.1286 0.0210 0.1725 0.1419 0.1717 0.1885 0.1758 
         295  1 0.1438 0.0342 0.1691 0.1304 0.2060 0.1725 0.1440 
         296  1 0.1890 0.1177 0.1551 0.1182 0.1325 0.1535 0.1340 
         297  1 0.1536 0.0343 0.1556 0.2005 0.1545 0.1388 0.1627 
         298  1 0.1888 0.0114 0.1677 0.1729 0.1580 0.1390 0.1622 
         299  1 0.1717 0.0363 0.1548 0.1556 0.1532 0.1792 0.1493 
         300  1 0.1205 0.1224 0.1358 0.1477 0.1555 0.1534 0.1648 
         301  1 0.1519 0.1983 0.1202 0.1208 0.1639 0.1344 0.1104 
         302  1 0.1561 0.0381 0.1644 0.1391 0.1691 0.1621 0.1710 
         303  1 0.1640 0.0378 0.1454 0.1861 0.1728 0.1255 0.1683 
         304  1 0.1447 0.0320 0.1226 0.2545 0.1403 0.1149 0.1911 
         305  1 0.1435 0.0237 0.1731 0.1843 0.1540 0.1384 0.1830 
         306  1 0.2238 0.0507 0.1731 0.1288 0.1398 0.1605 0.1233 
         307  1 0.1220 0.0177 0.1404 0.2019 0.1496 0.1758 0.1926 
         308  1 0.1422 0.0369 0.1609 0.1817 0.1752 0.1294 0.1737 
         309  1 0.1408 0.0364 0.1582 0.1765 0.1938 0.1398 0.1544 
         310  1 0.0631 0.0273 0.1506 0.1775 0.0883 0.2607 0.2324 
         311  1 0.1488 0.0248 0.1736 0.1682 0.1626 0.1497 0.1724 
         312  1 0.1711 0.0365 0.1390 0.1595 0.1814 0.1520 0.1605 
         313  1 0.1359 0.0203 0.1833 0.1917 0.1716 0.1405 0.1566 
         314  1 0.1374 0.0266 0.1525 0.2375 0.1480 0.1230 0.1751 
         315  1 0.1532 0.0149 0.1534 0.1698 0.1737 0.1620 0.1730 
         316  1 0.1157 0.2889 0.1152 0.1176 0.1106 0.1393 0.1127 
         317  1 0.1311 0.0291 0.1430 0.1779 0.1421 0.1775 0.1992 
         318  1 0.1703 0.0201 0.1773 0.1455 0.1630 0.1822 0.1414 
         319  1 0.1511 0.0278 0.1667 0.1278 0.2180 0.1454 0.1631 
         320  1 0.1596 0.0261 0.1614 0.1822 0.1404 0.1626 0.1677 
         321  1 0.1044 0.3909 0.1001 0.0894 0.1216 0.0932 0.1003 
         322  1 0.1197 0.0423 0.1765 0.1752 0.1575 0.1591 0.1697 
         323  1 0.1820 0.0355 0.1751 0.1687 0.1650 0.1327 0.1410 
         324  1 0.1515 0.0328 0.1239 0.1557 0.1604 0.1843 0.1913 
         325  1 0.1813 0.0149 0.1855 0.1664 0.1481 0.1556 0.1481 
         326  1 0.2183 0.0150 0.1469 0.1270 0.1285 0.2191 0.1454 
         327  1 0.1540 0.1147 0.1720 0.1245 0.1469 0.1681 0.1198 
         328  1 0.1464 0.0104 0.1547 0.1771 0.1523 0.1832 0.1760 
         329  1 0.1499 0.0291 0.1786 0.1212 0.2140 0.1676 0.1397 
         330  1 0.1412 0.0943 0.1561 0.1459 0.1600 0.1481 0.1544 
         331  1 0.1598 0.0374 0.1714 0.1637 0.1617 0.1535 0.1525 
         332  1 0.1459 0.0143 0.1811 0.1745 0.1426 0.1811 0.1606 
         333  1 0.1649 0.0180 0.1704 0.1397 0.1823 0.1785 0.1462 
         334  1 0.1512 0.0234 0.1363 0.1554 0.1383 0.1983 0.1971 
         335  1 0.1453 0.1604 0.1486 0.1209 0.1485 0.1469 0.1295 
         336  1 0.1980 0.0638 0.1518 0.1495 0.1518 0.1386 0.1465 
         337  1 0.0675 0.0095 0.1417 0.1858 0.0782 0.2740 0.2432 
         338  1 0.1750 0.0149 0.1478 0.1945 0.1764 0.1545 0.1371 
         339  1 0.0538 0.0239 0.1498 0.1893 0.0672 0.2685 0.2476 
         340  1 0.0968 0.2872 0.1126 0.1090 0.1136 0.1429 0.1379 
         341  1 0.1572 0.0869 0.1546 0.1435 0.1474 0.1609 0.1495 
         342  1 0.1355 0.0246 0.1535 0.1723 0.1463 0.1902 0.1777 
         343  1 0.2439 0.0194 0.1743 0.1112 0.1359 0.1957 0.1197 
         344  1 0.1932 0.0387 0.1554 0.1092 0.1621 0.2067 0.1347 
         345  1 0.2175 0.0160 0.1814 0.1441 0.1534 0.1466 0.1410 
         346  1 0.1483 0.0241 0.1627 0.1541 0.2074 0.1522 0.1512 
         347  1 0.2911 0.0199 0.1871 0.1129 0.1187 0.1741 0.0961 
         348  1 0.1379 0.0405 0.1514 0.1770 0.1757 0.1414 0.1760 
         349  1 0.1646 0.0434 0.1409 0.1642 0.1811 0.1517 0.1541 
         350  1 0.1396 0.1538 0.1546 0.1195 0.1580 0.1360 0.1385 
         351  1 0.1653 0.0498 0.1631 0.1180 0.2173 0.1585 0.1280 
         352  1 0.1492 0.0141 0.1822 0.1807 0.1743 0.1435 0.1561 
         353  1 0.1109 0.5428 0.0803 0.0680 0.0596 0.0797 0.0587 
         354  1 0.1737 0.0209 0.1560 0.2063 0.1472 0.1378 0.1580 
         355  1 0.1751 0.0164 0.1558 0.1372 0.1894 0.1766 0.1495 
         356  1 0.1656 0.0486 0.1754 0.1452 0.1486 0.1680 0.1485 
         357  1 0.2193 0.0311 0.1730 0.1427 0.1391 0.1732 0.1215 
         358  1 0.1913 0.0202 0.1839 0.1668 0.1423 0.1533 0.1422 
         359  1 0.1767 0.0685 0.1580 0.1532 0.1767 0.1407 0.1262 
         360  1 0.2303 0.0412 0.1828 0.1360 0.1374 0.1592 0.1133 
         361  1 0.1547 0.0277 0.1812 0.1550 0.1822 0.1503 0.1489 
         362  1 0.1420 0.1752 0.1458 0.1208 0.1248 0.1610 0.1305 
         363  1 0.1633 0.1081 0.1440 0.1338 0.1319 0.1645 0.1544 
         364  1 0.1574 0.0473 0.1699 0.1364 0.1542 0.1817 0.1533 
         365  1 0.1441 0.1537 0.1499 0.1256 0.1403 0.1457 0.1407 
         366  1 0.1782 0.0562 0.1513 0.1223 0.1951 0.1473 0.1496 
         367  1 0.0520 0.6447 0.0483 0.0533 0.0558 0.0742 0.0717 
         368  1 0.1711 0.0207 0.1671 0.1319 0.1469 0.2015 0.1608 
         369  1 0.1298 0.0226 0.1549 0.1856 0.1576 0.1775 0.1720 
         370  1 0.2337 0.0471 0.1839 0.1422 0.1219 0.1651 0.1062 
         371  1 0.1558 0.0852 0.1477 0.1671 0.1489 0.1394 0.1559 
         372  1 0.1507 0.0258 0.1561 0.1940 0.1535 0.1372 0.1827 
         373  1 0.1631 0.1092 0.1597 0.1406 0.1422 0.1568 0.1284 
         374  1 0.1898 0.0407 0.1528 0.1387 0.1760 0.1671 0.1350 
         375  1 0.1139 0.0719 0.1495 0.1196 0.2453 0.1636 0.1361 
         376  1 0.2020 0.0656 0.1515 0.1294 0.1697 0.1668 0.1151 
         377  1 0.1905 0.0237 0.1821 0.1638 0.1291 0.1803 0.1304 
         378  1 0.1650 0.0195 0.1648 0.1395 0.1393 0.2123 0.1596 
         379  1 0.1725 0.0556 0.1783 0.1083 0.1920 0.1503 0.1432 
         380  1 0.1482 0.0540 0.1789 0.1619 0.1509 0.1685 0.1376 
         381  1 0.1683 0.0284 0.1642 0.1580 0.1901 0.1461 0.1448 
         382  1 0.1977 0.0220 0.1861 0.1614 0.1729 0.1215 0.1384 
         383  1 0.1565 0.0388 0.1914 0.1404 0.1886 0.1423 0.1421 
         384  1 0.1628 0.0110 0.1801 0.1743 0.1780 0.1175 0.1763 
         385  1 0.1387 0.0830 0.1489 0.1487 0.1557 0.1777 0.1473 
         386  1 0.1733 0.0174 0.1677 0.1414 0.1780 0.1631 0.1590 
         387  1 0.1130 0.1024 0.1636 0.1349 0.1530 0.1815 0.1517 
         388  1 0.1588 0.3430 0.1289 0.0915 0.0855 0.1158 0.0766 
         389  1 0.1249 0.3356 0.1231 0.0931 0.1137 0.1213 0.0881 
         390  1 0.1117 0.0277 0.1651 0.2009 0.1341 0.1694 0.1911 
         391  1 0.2142 0.0314 0.1819 0.1407 0.1658 0.1359 0.1301 
         392  1 0.1565 0.0791 0.1312 0.1481 0.1404 0.1807 0.1641 
         393  1 0.1456 0.0278 0.1489 0.1746 0.2127 0.1373 0.1532 
         394  1 0.2768 0.0354 0.1873 0.1043 0.1202 0.1825 0.0936 
         395  1 0.1475 0.0650 0.1352 0.1471 0.1371 0.1885 0.1796 
         396  1 0.0710 0.0182 0.1477 0.1756 0.0749 0.2791 0.2334 
         397  1 0.1665 0.1638 0.1510 0.1095 0.1482 0.1467 0.1143 
         398  1 0.1293 0.0137 0.1368 0.1545 0.2157 0.1683 0.1817 
         399  1 0.2175 0.0110 0.1597 0.1728 0.1402 0.1564 0.1424 
         400  1 0.1354 0.0653 0.1513 0.1388 0.1459 0.1807 0.1827 
         401  1 0.1785 0.1449 0.1377 0.1031 0.1354 0.1824 0.1180 
         402  1 0.1107 0.0314 0.1286 0.1692 0.1130 0.2159 0.2312 
         403  1 0.1243 0.2057 0.1198 0.1085 0.1205 0.1820 0.1391 
         404  1 0.1588 0.0307 0.1229 0.2053 0.1631 0.1266 0.1926 
         405  1 0.1929 0.0188 0.1618 0.1332 0.1913 0.1624 0.1396 
         406  1 0.0958 0.4806 0.0845 0.0797 0.0803 0.0976 0.0816 
         407  1 0.1569 0.1836 0.1363 0.1183 0.1521 0.1339 0.1189 
         408  1 0.1835 0.0158 0.1507 0.1567 0.1820 0.1597 0.1516 
         409  1 0.1401 0.0407 0.1764 0.1477 0.1727 0.1648 0.1577 
         410  1 0.1181 0.2012 0.1384 0.1187 0.1344 0.1468 0.1424 
         411  1 0.1671 0.0233 0.1815 0.1479 0.1913 0.1423 0.1466 
         412  1 0.1482 0.0270 0.1591 0.1505 0.1709 0.1833 0.1609 
         413  1 0.1536 0.0134 0.1719 0.1899 0.1830 0.1383 0.1499 
         414  1 0.1721 0.1166 0.1686 0.1387 0.1197 0.1511 0.1332 
         415  1 0.2481 0.0254 0.1653 0.1133 0.1419 0.1802 0.1258 
         416  1 0.1849 0.0153 0.1888 0.1322 0.1826 0.1596 0.1367 
         417  1 0.2652 0.0427 0.1879 0.1423 0.1012 0.1501 0.1107 
         418  1 0.1437 0.0170 0.1483 0.1717 0.1922 0.1581 0.1690 
         419  1 0.2189 0.0407 0.1747 0.1580 0.1268 0.1612 0.1197 
         420  1 0.1238 0.3762 0.1081 0.0870 0.1000 0.1155 0.0894 
         421  1 0.1265 0.0266 0.1283 0.1837 0.1348 0.1930 0.2072 
         422  1 0.1715 0.0133 0.1624 0.2046 0.1639 0.1260 0.1583 
         423  1 0.2343 0.0189 0.1788 0.1420 0.1606 0.1645 0.1010 
         424  1 0.1848 0.0987 0.1387 0.1377 0.1607 0.1394 0.1400 
         425  1 0.1613 0.0810 0.1348 0.1327 0.1545 0.1683 0.1675 
         426  1 0.1706 0.0418 0.1921 0.1284 0.1834 0.1312 0.1526 
         427  1 0.2110 0.0145 0.1820 0.1339 0.1535 0.1787 0.1263 
         428  1 0.1133 0.0238 0.1257 0.1465 0.0948 0.2711 0.2248 
         429  1 0.0976 0.3433 0.1120 0.0899 0.1342 0.1032 0.1199 
         430  1 0.1548 0.0265 0.1683 0.1602 0.1487 0.1741 0.1674 
         431  1 0.1874 0.0187 0.1735 0.1598 0.1538 0.1563 0.1505 
         432  1 0.1883 0.0137 0.1797 0.1552 0.1625 0.1756 0.1250 
         433  1 0.1686 0.0121 0.1635 0.1670 0.1835 0.1582 0.1471 
         434  1 0.1524 0.0275 0.1544 0.1605 0.1738 0.1826 0.1489 
         435  1 0.1238 0.0516 0.1493 0.1476 0.1651 0.1922 0.1704 
         436  1 0.1558 0.0279 0.1550 0.1433 0.1405 0.2040 0.1734 
         437  1 0.1688 0.0203 0.1621 0.1264 0.2048 0.1632 0.1544 
         438  1 0.1833 0.0282 0.1822 0.1480 0.1666 0.1518 0.1399 
         439  1 0.0980 0.0477 0.1360 0.1611 0.0961 0.2497 0.2115 
         440  1 0.1391 0.0134 0.1822 0.2383 0.1486 0.1039 0.1744 
         441  1 0.2089 0.0849 0.1533 0.1095 0.1469 0.1787 0.1179 
         442  1 0.2189 0.1448 0.1628 0.1123 0.1239 0.1404 0.0968 
         443  1 0.1767 0.0163 0.1856 0.1065 0.2109 0.1579 0.1460 
         444  1 0.2049 0.0107 0.1695 0.1216 0.2011 0.1528 0.1394 
         445  1 0.1198 0.0314 0.1565 0.1561 0.1640 0.1950 0.1772 
         446  1 0.1605 0.0340 0.1501 0.1881 0.1704 0.1386 0.1584 
         447  1 0.1692 0.2130 0.1399 0.1222 0.1175 0.1284 0.1099 
         448  1 0.1287 0.0266 0.1581 0.1484 0.1626 0.2127 0.1629 
         449  1 0.1308 0.0175 0.1627 0.2178 0.1894 0.1053 0.1767 
         450  1 0.1169 0.2486 0.1127 0.1482 0.1325 0.1038 0.1372 
         451  1 0.0860 0.3165 0.1056 0.1153 0.1114 0.1326 0.1326 
         452  1 0.1511 0.0167 0.1455 0.2039 0.1842 0.1295 0.1691 
         453  1 0.1121 0.0376 0.1482 0.1437 0.1293 0.2175 0.2116 
         454  1 0.1945 0.0312 0.1684 0.1474 0.1274 0.1790 0.1521 
         455  1 0.1453 0.0346 0.1240 0.2191 0.1636 0.1145 0.1990 
         456  1 0.1952 0.0354 0.1624 0.1383 0.1759 0.1451 0.1477 
         457  1 0.1370 0.0148 0.1496 0.1982 0.1346 0.1657 0.2000 
         458  1 0.1553 0.0208 0.1708 0.1800 0.1712 0.1435 0.1584 
         459  1 0.1477 0.1548 0.1494 0.1184 0.1590 0.1384 0.1324 
         460  1 0.0948 0.3978 0.1013 0.0847 0.1101 0.1110 0.1004 
         461  1 0.1581 0.0534 0.1667 0.1603 0.1639 0.1422 0.1554 
         462  1 0.1650 0.0179 0.1751 0.1407 0.1574 0.1791 0.1648 
         463  1 0.1555 0.0171 0.1649 0.2094 0.1577 0.1264 0.1690 
         464  1 0.1462 0.0233 0.1581 0.1912 0.1824 0.1357 0.1631 
         465  1 0.1804 0.0580 0.1642 0.1435 0.1379 0.1573 0.1587 
         466  1 0.1838 0.1924 0.1434 0.1073 0.1401 0.1213 0.1118 
         467  1 0.1782 0.0181 0.1625 0.1354 0.1940 0.1671 0.1447 
         468  1 0.1364 0.0290 0.1521 0.1771 0.1738 0.1576 0.1739 
         469  1 0.1906 0.0120 0.1384 0.1641 0.1367 0.1919 0.1663 
         470  1 0.1552 0.1212 0.1271 0.1524 0.1535 0.1366 0.1540 
         471  1 0.1542 0.1043 0.1532 0.1502 0.1551 0.1498 0.1333 
         472  1 0.1254 0.0539 0.1565 0.1794 0.1909 0.1383 0.1556 
         473  1 0.1660 0.0178 0.1631 0.1527 0.1773 0.1730 0.1500 
         474  1 0.1508 0.0404 0.1571 0.1581 0.1594 0.1670 0.1672 
         475  1 0.1669 0.0098 0.1482 0.2126 0.1730 0.1419 0.1476 
         476  1 0.1451 0.2939 0.1137 0.0963 0.1265 0.1165 0.1079 
         477  1 0.1479 0.0749 0.1320 0.1650 0.1641 0.1605 0.1556 
         478  1 0.1875 0.0476 0.1828 0.1522 0.1655 0.1091 0.1552 
         479  1 0.1755 0.0404 0.1453 0.1600 0.1709 0.1544 0.1534 
         480  1 0.1698 0.0620 0.1472 0.1530 0.1564 0.1523 0.1594 
         481  1 0.1384 0.0942 0.1342 0.1558 0.1423 0.1583 0.1768 
         482  1 0.1192 0.1609 0.1098 0.1536 0.1300 0.1425 0.1840 
         483  1 0.1032 0.0159 0.1674 0.1750 0.1371 0.2304 0.1709 
         484  1 0.1248 0.0853 0.1383 0.1497 0.1432 0.2023 0.1562 
         485  1 0.1304 0.1533 0.1440 0.1430 0.1407 0.1282 0.1605 
         486  1 0.1598 0.0893 0.1545 0.1521 0.1737 0.1435 0.1273 
         487  1 0.2044 0.0306 0.1821 0.1324 0.1500 0.1592 0.1412 
         488  1 0.1227 0.1299 0.1712 0.1157 0.1803 0.1591 0.1211 
         489  1 0.1528 0.0231 0.1755 0.1605 0.1658 0.1527 0.1697 
         490  1 0.1832 0.0453 0.1753 0.1491 0.1587 0.1652 0.1231 
         491  1 0.1524 0.0465 0.1896 0.1459 0.1840 0.1250 0.1565 
         492  1 0.1398 0.0765 0.1796 0.1204 0.1729 0.1585 0.1523 
         493  1 0.1277 0.0135 0.1245 0.2194 0.1453 0.1684 0.2012 
         494  1 0.1482 0.0199 0.1763 0.1657 0.1921 0.1499 0.1479 
         495  1 0.1660 0.0484 0.1816 0.1283 0.1598 0.1656 0.1502 
         496  1 0.0844 0.0776 0.1488 0.1649 0.1317 0.2002 0.1926 
         497  1 0.1602 0.0263 0.1688 0.1793 0.1424 0.1416 0.1814 
         498  1 0.1578 0.0154 0.1716 0.2104 0.1663 0.1074 0.1711 
         499  1 0.1159 0.2726 0.1137 0.1195 0.1401 0.1155 0.1226 
         500  1 0.1835 0.0159 0.1501 0.1643 0.1737 0.1329 0.1794 
         501  1 0.1359 0.1362 0.1215 0.1706 0.1379 0.1275 0.1705 
         502  1 0.1905 0.0241 0.1504 0.1488 0.1654 0.1653 0.1554 
         503  1 0.1401 0.0160 0.1368 0.1726 0.1420 0.1888 0.2037 
         504  1 0.1320 0.0084 0.1338 0.2694 0.1408 0.1187 0.1970 
         505  1 0.0768 0.5245 0.0814 0.0701 0.0795 0.0856 0.0820 
         506  1 0.0869 0.3996 0.0931 0.0765 0.1004 0.1372 0.1064 
         507  1 0.1538 0.1009 0.1867 0.1159 0.1640 0.1454 0.1332 
         508  1 0.1476 0.0261 0.1708 0.1758 0.1754 0.1430 0.1614 
         509  1 0.0893 0.3946 0.0892 0.1190 0.1002 0.0828 0.1249 
         510  1 0.1610 0.0524 0.1378 0.1668 0.1649 0.1498 0.1674 
         511  1 0.1647 0.0250 0.1705 0.1556 0.1495 0.1792 0.1555 
         512  1 0.1289 0.1834 0.1257 0.1487 0.1246 0.1547 0.1341 
         513  1 0.1432 0.0393 0.1483 0.2191 0.1727 0.1278 0.1497 
         514  1 0.1124 0.2391 0.1196 0.1408 0.1295 0.1215 0.1371 
         515  1 0.1620 0.0846 0.1533 0.1234 0.1391 0.2015 0.1360 
         516  1 0.1760 0.1581 0.1562 0.1204 0.1205 0.1555 0.1133 
         517  1 0.1283 0.0258 0.1559 0.1511 0.2453 0.1396 0.1541 
         518  1 0.1383 0.0410 0.1594 0.1118 0.2360 0.1711 0.1425 
         519  1 0.1298 0.0098 0.1652 0.1715 0.2175 0.1375 0.1688 
         520  1 0.1172 0.0564 0.1583 0.1713 0.1805 0.1359 0.1804 
         521  1 0.2074 0.0364 0.1703 0.1277 0.1701 0.1704 0.1177 
         522  1 0.1300 0.2866 0.1300 0.0981 0.1288 0.1231 0.1035 
         523  1 0.1472 0.0154 0.1247 0.2225 0.1746 0.1232 0.1924 
         524  1 0.1400 0.0662 0.1566 0.1281 0.2096 0.1468 0.1527 
         525  1 0.1684 0.1656 0.1470 0.1339 0.1264 0.1397 0.1189 
         526  1 0.1665 0.0135 0.1614 0.1821 0.1741 0.1375 0.1648 
         527  1 0.1197 0.2583 0.1303 0.1359 0.1297 0.1005 0.1256 
         528  1 0.1212 0.1265 0.1468 0.1418 0.1349 0.1540 0.1749 
         529  1 0.1844 0.0353 0.1468 0.1235 0.1361 0.1980 0.1758 
         530  1 0.1415 0.1027 0.1585 0.1470 0.1525 0.1449 0.1529 
         531  1 0.1634 0.0552 0.1503 0.1737 0.1679 0.1338 0.1558 
         532  1 0.1738 0.0348 0.1645 0.1525 0.1846 0.1365 0.1533 
         533  1 0.1533 0.0287 0.1562 0.1404 0.1683 0.1841 0.1691 
         534  1 0.1414 0.0333 0.1699 0.2243 0.1557 0.1049 0.1705 
         535  1 0.1589 0.0567 0.1706 0.1541 0.1775 0.1274 0.1548 
         536  1 0.1651 0.0672 0.1411 0.1616 0.1577 0.1362 0.1711 
         537  1 0.1119 0.0576 0.1626 0.1081 0.2210 0.1795 0.1593 
         538  1 0.1094 0.4513 0.0935 0.0769 0.0923 0.0934 0.0831 
         539  1 0.1303 0.1422 0.1367 0.1623 0.1381 0.1232 0.1672 
         540  1 0.1515 0.0251 0.1385 0.2075 0.1610 0.1189 0.1975 
         541  1 0.1433 0.0164 0.1348 0.2342 0.1582 0.1142 0.1988 
         542  1 0.1416 0.0167 0.1869 0.1403 0.1732 0.1775 0.1638 
         543  1 0.1585 0.0137 0.1587 0.2434 0.1428 0.1188 0.1640 
         544  1 0.2028 0.0233 0.1997 0.1426 0.1566 0.1459 0.1291 
         545  1 0.1345 0.0316 0.1365 0.1843 0.1580 0.1650 0.1902 
         546  1 0.1423 0.0107 0.1391 0.2797 0.1266 0.1097 0.1919 
         547  1 0.1647 0.0397 0.1362 0.1642 0.2058 0.1586 0.1308 
         548  1 0.1506 0.0160 0.1456 0.2553 0.1408 0.1179 0.1738 
         549  1 0.1879 0.0210 0.1774 0.1546 0.1500 0.1681 0.1410 
         550  1 0.1542 0.0121 0.1373 0.2041 0.1767 0.1411 0.1744 
         551  1 0.1454 0.0188 0.1286 0.2340 0.1481 0.1250 0.2001 
         552  1 0.1680 0.0396 0.1760 0.1321 0.1863 0.1528 0.1453 
         553  1 0.1644 0.0375 0.1556 0.1675 0.1751 0.1373 0.1626 
         554  1 0.1714 0.0179 0.1784 0.1522 0.1682 0.1625 0.1494 
         555  1 0.1335 0.0458 0.1684 0.1090 0.2179 0.1836 0.1420 
         556  1 0.1168 0.0613 0.1445 0.1689 0.1506 0.1705 0.1875 
         557  1 0.1418 0.0937 0.1544 0.1448 0.1365 0.1710 0.1578 
         558  1 0.1294 0.1212 0.1379 0.1238 0.1314 0.2130 0.1433 
         559  1 0.0365 0.7734 0.0357 0.0379 0.0357 0.0416 0.0391 
         560  1 0.1579 0.0690 0.1504 0.1569 0.1595 0.1430 0.1632 
         561  1 0.0573 0.6203 0.0635 0.0387 0.0876 0.0759 0.0566 
         562  1 0.1408 0.1775 0.1432 0.1225 0.1406 0.1400 0.1353 
         563  1 0.0473 0.7657 0.0436 0.0340 0.0344 0.0399 0.0353 
         564  1 0.0826 0.3486 0.1111 0.0877 0.1380 0.1210 0.1110 
         565  1 0.0366 0.8130 0.0318 0.0274 0.0302 0.0323 0.0287 
         566  1 0.1483 0.1657 0.1393 0.1270 0.1435 0.1312 0.1450 
         567  1 0.1132 0.3980 0.1030 0.1023 0.1062 0.0805 0.0968 
         568  1 0.1564 0.0487 0.1384 0.1872 0.1510 0.1496 0.1687 
         569  1 0.1029 0.2541 0.1385 0.0915 0.1583 0.1344 0.1203 
         570  1 0.0974 0.1330 0.1300 0.1380 0.1415 0.1785 0.1816 
         571  1 0.1430 0.3023 0.1364 0.0797 0.1205 0.1190 0.0992 
         572  1 0.0786 0.5175 0.0780 0.0613 0.1068 0.0826 0.0752 
         573  1 0.0298 0.8259 0.0310 0.0298 0.0297 0.0256 0.0283 
         574  1 0.1891 0.1420 0.1528 0.1153 0.1248 0.1544 0.1217 
         575  1 0.1083 0.4166 0.1126 0.0764 0.1059 0.0905 0.0898 
         576  1 0.0929 0.4541 0.0898 0.0779 0.1044 0.0948 0.0860 
         577  1 0.0448 0.7283 0.0448 0.0469 0.0480 0.0434 0.0437 
         578  1 0.1117 0.3499 0.1108 0.0983 0.1103 0.1103 0.1086 
         579  1 0.0814 0.5482 0.0838 0.0694 0.0689 0.0814 0.0669 
         580  1 0.0645 0.7058 0.0499 0.0420 0.0434 0.0534 0.0410 
         581  1 0.0909 0.3961 0.0878 0.1293 0.1092 0.0819 0.1049 
         582  1 0.0596 0.6605 0.0590 0.0462 0.0613 0.0582 0.0552 
         583  1 0.0317 0.8249 0.0302 0.0273 0.0248 0.0322 0.0288 
         584  1 0.0317 0.7792 0.0339 0.0352 0.0371 0.0405 0.0425 
         585  1 0.0580 0.7309 0.0422 0.0378 0.0450 0.0427 0.0435 
         586  1 0.1855 0.2441 0.1293 0.1003 0.1053 0.1436 0.0919 
         587  1 0.1773 0.1154 0.1501 0.1403 0.1386 0.1552 0.1231 
         588  1 0.1143 0.1869 0.1325 0.1516 0.1461 0.1109 0.1578 
         589  1 0.1518 0.1103 0.1675 0.1029 0.2019 0.1405 0.1251 
         590  1 0.0193 0.8682 0.0239 0.0204 0.0225 0.0216 0.0241 
         591  1 0.0668 0.4608 0.0977 0.0929 0.0925 0.0937 0.0956 
         592  1 0.0616 0.6314 0.0600 0.0593 0.0671 0.0611 0.0595 
         593  1 0.0787 0.4550 0.0958 0.0839 0.0783 0.1071 0.1013 
         594  1 0.0218 0.8788 0.0207 0.0185 0.0202 0.0199 0.0202 
         595  1 0.0432 0.7734 0.0417 0.0310 0.0343 0.0412 0.0353 
         596  1 0.0783 0.5822 0.0710 0.0608 0.0738 0.0671 0.0667 
         597  1 0.0579 0.6754 0.0511 0.0519 0.0561 0.0543 0.0533 
         598  1 0.0128 0.9196 0.0136 0.0126 0.0147 0.0138 0.0129 
         599  1 0.0410 0.7051 0.0485 0.0467 0.0537 0.0527 0.0523 
         600  1 0.1177 0.0402 0.1321 0.1517 0.1228 0.2260 0.2096 
         601  1 0.0792 0.5835 0.0767 0.0624 0.0532 0.0776 0.0673 
         602  1 0.0131 0.9203 0.0136 0.0128 0.0139 0.0129 0.0135 
         603  1 0.1088 0.3807 0.1161 0.0794 0.1183 0.1106 0.0862 
         604  1 0.0770 0.5136 0.0741 0.0700 0.0704 0.0955 0.0993 
         605  1 0.0718 0.6824 0.0510 0.0455 0.0523 0.0509 0.0460 
         606  1 0.1910 0.1768 0.1450 0.1174 0.1270 0.1448 0.0981 
