           1  1 0.3043 0.2832 0.4124 
           2  1 0.4046 0.3945 0.2008 
           3  1 0.4126 0.3959 0.1916 
           4  1 0.3504 0.3352 0.3144 
           5  1 0.4589 0.4458 0.0953 
           6  1 0.3842 0.3835 0.2322 
           7  1 0.4614 0.4497 0.0889 
           8  1 0.1682 0.1610 0.6708 
           9  1 0.4858 0.4435 0.0707 
          10  1 0.4479 0.4062 0.1459 
          11  1 0.4572 0.4559 0.0868 
          12  1 0.4356 0.4219 0.1425 
          13  1 0.4394 0.4310 0.1296 
          14  1 0.4346 0.3915 0.1739 
          15  1 0.3767 0.3813 0.2420 
          16  1 0.4543 0.4132 0.1325 
          17  1 0.4383 0.4367 0.1250 
          18  1 0.2705 0.2742 0.4553 
          19  1 0.3564 0.3461 0.2974 
          20  1 0.4581 0.4521 0.0898 
          21  1 0.4329 0.4245 0.1426 
          22  1 0.4643 0.4632 0.0724 
          23  1 0.3676 0.3514 0.2810 
          24  1 0.4172 0.4076 0.1752 
          25  1 0.4373 0.4333 0.1294 
          26  1 0.4357 0.4239 0.1404 
          27  1 0.4137 0.3992 0.1871 
          28  1 0.4426 0.4170 0.1405 
          29  1 0.4795 0.4479 0.0727 
          30  1 0.4461 0.4151 0.1388 
          31  1 0.3513 0.3738 0.2749 
          32  1 0.4703 0.4235 0.1062 
          33  1 0.4034 0.3783 0.2183 
          34  1 0.3739 0.4073 0.2188 
          35  1 0.4228 0.4020 0.1751 
          36  1 0.4661 0.4567 0.0773 
          37  1 0.4346 0.4679 0.0975 
          38  1 0.4535 0.4664 0.0801 
          39  1 0.4274 0.4028 0.1697 
          40  1 0.2383 0.2388 0.5229 
          41  1 0.4358 0.4342 0.1301 
          42  1 0.4624 0.4517 0.0859 
          43  1 0.3844 0.3920 0.2236 
          44  1 0.4456 0.4128 0.1417 
          45  1 0.4802 0.4419 0.0779 
          46  1 0.4474 0.4234 0.1292 
          47  1 0.4093 0.3886 0.2022 
          48  1 0.3108 0.3036 0.3856 
          49  1 0.4261 0.4387 0.1351 
          50  1 0.4909 0.4452 0.0639 
          51  1 0.4093 0.3921 0.1986 
          52  1 0.4447 0.4512 0.1041 
          53  1 0.4511 0.4200 0.1289 
          54  1 0.3493 0.3532 0.2975 
          55  1 0.2340 0.2298 0.5362 
          56  1 0.4359 0.4188 0.1453 
          57  1 0.4821 0.4631 0.0548 
          58  1 0.4401 0.4287 0.1311 
          59  1 0.4802 0.4574 0.0624 
          60  1 0.4604 0.4496 0.0900 
          61  1 0.2855 0.2696 0.4449 
          62  1 0.4791 0.4610 0.0599 
          63  1 0.4061 0.4069 0.1869 
          64  1 0.4420 0.4381 0.1200 
          65  1 0.4111 0.4290 0.1599 
          66  1 0.4405 0.4181 0.1414 
          67  1 0.4610 0.4548 0.0841 
          68  1 0.4620 0.4430 0.0950 
          69  1 0.3877 0.4076 0.2046 
          70  1 0.3393 0.3526 0.3081 
          71  1 0.3005 0.2802 0.4194 
          72  1 0.4789 0.4428 0.0783 
          73  1 0.3516 0.3494 0.2991 
          74  1 0.3710 0.3889 0.2401 
          75  1 0.4407 0.4288 0.1305 
          76  1 0.3340 0.3311 0.3348 
          77  1 0.3210 0.3455 0.3334 
          78  1 0.3679 0.3869 0.2452 
          79  1 0.4656 0.4583 0.0761 
          80  1 0.3465 0.3333 0.3202 
          81  1 0.2972 0.2990 0.4038 
          82  1 0.3825 0.3900 0.2275 
          83  1 0.3521 0.3643 0.2835 
          84  1 0.3760 0.3649 0.2591 
          85  1 0.4188 0.4179 0.1633 
          86  1 0.2798 0.2723 0.4479 
          87  1 0.4201 0.4704 0.1096 
          88  1 0.4020 0.4088 0.1892 
          89  1 0.3941 0.3839 0.2220 
          90  1 0.2562 0.2477 0.4961 
          91  1 0.3831 0.3519 0.2651 
          92  1 0.4088 0.3952 0.1960 
          93  1 0.4138 0.3993 0.1870 
          94  1 0.2295 0.2058 0.5647 
          95  1 0.4472 0.4148 0.1379 
          96  1 0.4223 0.3606 0.2170 
          97  1 0.4435 0.4493 0.1072 
          98  1 0.4237 0.4518 0.1246 
          99  1 0.4338 0.4418 0.1244 
         100  1 0.3915 0.4168 0.1917 
         101  1 0.3480 0.3362 0.3158 
         102  1 0.4654 0.4377 0.0968 
         103  1 0.2002 0.2031 0.5966 
         104  1 0.4109 0.4370 0.1520 
         105  1 0.4175 0.3964 0.1861 
         106  1 0.4037 0.3973 0.1990 
         107  1 0.3855 0.4023 0.2122 
         108  1 0.4146 0.4059 0.1796 
         109  1 0.3926 0.4165 0.1909 
         110  1 0.4313 0.4244 0.1444 
         111  1 0.3840 0.3894 0.2266 
         112  1 0.3822 0.3711 0.2467 
         113  1 0.4588 0.4485 0.0927 
         114  1 0.3554 0.3417 0.3028 
         115  1 0.3948 0.4001 0.2051 
         116  1 0.4527 0.4276 0.1197 
         117  1 0.4128 0.3793 0.2080 
         118  1 0.3778 0.3838 0.2383 
         119  1 0.3790 0.4052 0.2158 
         120  1 0.2384 0.2319 0.5297 
         121  1 0.3861 0.4062 0.2077 
         122  1 0.3940 0.4194 0.1867 
         123  1 0.4355 0.4545 0.1100 
         124  1 0.4382 0.4482 0.1135 
         125  1 0.3224 0.3191 0.3586 
         126  1 0.4506 0.4406 0.1088 
         127  1 0.4134 0.4029 0.1837 
         128  1 0.4359 0.4523 0.1118 
         129  1 0.2257 0.2323 0.5420 
         130  1 0.3475 0.3713 0.2812 
         131  1 0.4141 0.4037 0.1822 
         132  1 0.4210 0.4463 0.1326 
         133  1 0.4425 0.4578 0.0997 
         134  1 0.4320 0.3814 0.1866 
         135  1 0.1501 0.1527 0.6972 
         136  1 0.3930 0.3956 0.2114 
         137  1 0.2708 0.2730 0.4561 
         138  1 0.4292 0.4454 0.1254 
         139  1 0.3825 0.3914 0.2261 
         140  1 0.3973 0.3767 0.2260 
         141  1 0.3309 0.3405 0.3286 
         142  1 0.3252 0.3185 0.3563 
         143  1 0.3776 0.3955 0.2269 
         144  1 0.4474 0.4425 0.1101 
         145  1 0.4709 0.4429 0.0861 
         146  1 0.3373 0.3299 0.3328 
         147  1 0.4479 0.4421 0.1099 
         148  1 0.4196 0.4537 0.1266 
         149  1 0.3536 0.3567 0.2897 
         150  1 0.2818 0.2811 0.4371 
         151  1 0.3774 0.3557 0.2669 
         152  1 0.3837 0.3861 0.2302 
         153  1 0.3986 0.3861 0.2153 
         154  1 0.4560 0.4385 0.1055 
         155  1 0.3833 0.3688 0.2479 
         156  1 0.4165 0.3879 0.1956 
         157  1 0.4184 0.4208 0.1608 
         158  1 0.2783 0.2729 0.4488 
         159  1 0.4278 0.4084 0.1638 
         160  1 0.4408 0.4122 0.1470 
         161  1 0.2776 0.2667 0.4557 
         162  1 0.4256 0.4356 0.1388 
         163  1 0.3536 0.3595 0.2869 
         164  1 0.3800 0.4061 0.2139 
         165  1 0.4344 0.4293 0.1364 
         166  1 0.3513 0.3665 0.2822 
         167  1 0.4293 0.4168 0.1539 
         168  1 0.2908 0.2821 0.4271 
         169  1 0.4060 0.3874 0.2066 
         170  1 0.4623 0.4285 0.1091 
         171  1 0.4385 0.4084 0.1531 
         172  1 0.4275 0.4343 0.1382 
         173  1 0.3679 0.3841 0.2480 
         174  1 0.4115 0.3933 0.1953 
         175  1 0.4100 0.4251 0.1649 
         176  1 0.3448 0.3297 0.3255 
         177  1 0.3167 0.3347 0.3486 
         178  1 0.4259 0.4094 0.1648 
         179  1 0.4335 0.3950 0.1715 
         180  1 0.4557 0.4922 0.0522 
         181  1 0.3417 0.3552 0.3031 
         182  1 0.2081 0.2083 0.5837 
         183  1 0.2993 0.2969 0.4038 
         184  1 0.3364 0.3485 0.3151 
         185  1 0.3520 0.3558 0.2923 
         186  1 0.4184 0.4206 0.1610 
         187  1 0.4403 0.4358 0.1239 
         188  1 0.4149 0.4268 0.1583 
         189  1 0.4208 0.4242 0.1549 
         190  1 0.3765 0.3898 0.2338 
         191  1 0.4337 0.4351 0.1312 
         192  1 0.1248 0.1244 0.7508 
         193  1 0.1583 0.1598 0.6819 
         194  1 0.2867 0.2943 0.4190 
         195  1 0.3583 0.3837 0.2579 
         196  1 0.4420 0.4462 0.1118 
         197  1 0.3541 0.3347 0.3112 
         198  1 0.4367 0.4149 0.1484 
         199  1 0.3399 0.3402 0.3198 
         200  1 0.3471 0.3288 0.3241 
         201  1 0.2881 0.2833 0.4286 
         202  1 0.4718 0.4717 0.0565 
         203  1 0.3254 0.3601 0.3144 
         204  1 0.4388 0.4705 0.0907 
         205  1 0.4654 0.4337 0.1009 
         206  1 0.4369 0.4176 0.1454 
         207  1 0.4066 0.4424 0.1510 
         208  1 0.4377 0.4736 0.0887 
         209  1 0.2448 0.2499 0.5054 
         210  1 0.4302 0.4523 0.1175 
         211  1 0.3877 0.4387 0.1736 
         212  1 0.3107 0.3105 0.3788 
         213  1 0.3723 0.3905 0.2371 
         214  1 0.3825 0.4053 0.2122 
         215  1 0.3599 0.3819 0.2582 
         216  1 0.3925 0.4186 0.1889 
         217  1 0.3981 0.4273 0.1746 
         218  1 0.4306 0.4591 0.1103 
         219  1 0.4589 0.4480 0.0932 
         220  1 0.3098 0.3005 0.3897 
         221  1 0.4027 0.3891 0.2082 
         222  1 0.3184 0.3536 0.3280 
         223  1 0.2084 0.2102 0.5814 
         224  1 0.4010 0.4024 0.1966 
         225  1 0.4356 0.4364 0.1280 
         226  1 0.4256 0.4532 0.1212 
         227  1 0.2960 0.3025 0.4015 
         228  1 0.3809 0.3706 0.2486 
         229  1 0.4486 0.4477 0.1037 
         230  1 0.3835 0.3974 0.2192 
         231  1 0.4533 0.4599 0.0868 
         232  1 0.4249 0.4423 0.1328 
         233  1 0.3960 0.3825 0.2215 
         234  1 0.4325 0.4464 0.1211 
         235  1 0.4458 0.4606 0.0937 
         236  1 0.4436 0.4394 0.1170 
         237  1 0.4113 0.4435 0.1453 
         238  1 0.3564 0.3357 0.3079 
         239  1 0.5006 0.4550 0.0445 
         240  1 0.2500 0.2522 0.4978 
         241  1 0.4397 0.4381 0.1222 
         242  1 0.3702 0.3753 0.2545 
         243  1 0.4426 0.4402 0.1173 
         244  1 0.3855 0.4131 0.2014 
         245  1 0.4415 0.4537 0.1048 
         246  1 0.4782 0.4642 0.0576 
         247  1 0.3443 0.3636 0.2921 
         248  1 0.3583 0.3526 0.2891 
         249  1 0.2527 0.2548 0.4924 
         250  1 0.4138 0.4296 0.1566 
         251  1 0.4112 0.4247 0.1641 
         252  1 0.4510 0.4753 0.0738 
         253  1 0.2274 0.2304 0.5421 
         254  1 0.0975 0.1043 0.7982 
         255  1 0.3656 0.3678 0.2666 
         256  1 0.4209 0.4247 0.1544 
         257  1 0.3200 0.3073 0.3727 
         258  1 0.4164 0.3952 0.1884 
         259  1 0.4189 0.4205 0.1606 
         260  1 0.4758 0.4632 0.0610 
         261  1 0.4274 0.4466 0.1260 
         262  1 0.4377 0.4405 0.1218 
         263  1 0.3520 0.3709 0.2771 
         264  1 0.4498 0.4409 0.1093 
         265  1 0.2868 0.2930 0.4202 
         266  1 0.4327 0.4186 0.1487 
         267  1 0.4226 0.4133 0.1642 
         268  1 0.4112 0.4290 0.1598 
         269  1 0.3857 0.3951 0.2192 
         270  1 0.2002 0.1949 0.6049 
         271  1 0.3927 0.4053 0.2019 
         272  1 0.4213 0.4292 0.1495 
         273  1 0.4541 0.4616 0.0844 
         274  1 0.4772 0.4448 0.0780 
         275  1 0.3977 0.4123 0.1901 
         276  1 0.4270 0.4087 0.1644 
         277  1 0.3515 0.3730 0.2755 
         278  1 0.3444 0.3476 0.3080 
         279  1 0.4648 0.4772 0.0580 
         280  1 0.4548 0.4293 0.1159 
         281  1 0.2739 0.2597 0.4664 
         282  1 0.4461 0.4253 0.1286 
         283  1 0.4519 0.4678 0.0802 
         284  1 0.4270 0.4647 0.1083 
         285  1 0.3993 0.4078 0.1929 
         286  1 0.2474 0.2548 0.4979 
         287  1 0.4256 0.4280 0.1464 
         288  1 0.4303 0.4555 0.1142 
         289  1 0.3953 0.4216 0.1831 
         290  1 0.4414 0.4442 0.1144 
         291  1 0.3738 0.4180 0.2082 
         292  1 0.3706 0.3748 0.2546 
         293  1 0.4376 0.4542 0.1082 
         294  1 0.4167 0.4382 0.1451 
         295  1 0.3977 0.4064 0.1959 
         296  1 0.2587 0.2742 0.4672 
         297  1 0.4151 0.4105 0.1743 
         298  1 0.4772 0.4458 0.0769 
         299  1 0.3794 0.3998 0.2208 
         300  1 0.3102 0.3217 0.3681 
         301  1 0.2447 0.2646 0.4907 
         302  1 0.3993 0.3924 0.2083 
         303  1 0.4092 0.4067 0.1841 
         304  1 0.4196 0.4232 0.1572 
         305  1 0.4225 0.4439 0.1335 
         306  1 0.3326 0.3390 0.3285 
         307  1 0.4410 0.4622 0.0968 
         308  1 0.4129 0.4002 0.1870 
         309  1 0.4235 0.3964 0.1801 
         310  1 0.3887 0.3852 0.2261 
         311  1 0.4491 0.4262 0.1247 
         312  1 0.4179 0.3833 0.1988 
         313  1 0.4502 0.4382 0.1117 
         314  1 0.4286 0.4435 0.1279 
         315  1 0.4202 0.4746 0.1052 
         316  1 0.2282 0.2251 0.5467 
         317  1 0.4041 0.4366 0.1593 
         318  1 0.4255 0.4447 0.1298 
         319  1 0.4259 0.4102 0.1639 
         320  1 0.4274 0.4207 0.1520 
         321  1 0.1989 0.2094 0.5917 
         322  1 0.3986 0.3922 0.2093 
         323  1 0.4236 0.3919 0.1845 
         324  1 0.3879 0.4025 0.2096 
         325  1 0.4635 0.4383 0.0983 
         326  1 0.4369 0.4506 0.1124 
         327  1 0.2658 0.2882 0.4460 
         328  1 0.4547 0.4877 0.0576 
         329  1 0.4364 0.4225 0.1411 
         330  1 0.3393 0.3452 0.3155 
         331  1 0.4085 0.3852 0.2063 
         332  1 0.4625 0.4493 0.0883 
         333  1 0.4594 0.4188 0.1218 
         334  1 0.4113 0.4122 0.1764 
         335  1 0.2444 0.2512 0.5044 
         336  1 0.3454 0.3547 0.2999 
         337  1 0.4551 0.4650 0.0799 
         338  1 0.4378 0.4661 0.0961 
         339  1 0.3987 0.3909 0.2103 
         340  1 0.2040 0.2114 0.5846 
         341  1 0.3427 0.3464 0.3109 
         342  1 0.4352 0.4314 0.1333 
         343  1 0.4227 0.4480 0.1293 
         344  1 0.3866 0.3997 0.2137 
         345  1 0.4460 0.4353 0.1186 
         346  1 0.4440 0.4262 0.1298 
         347  1 0.4063 0.4178 0.1759 
         348  1 0.3843 0.4089 0.2068 
         349  1 0.3681 0.3744 0.2575 
         350  1 0.3047 0.2955 0.3998 
         351  1 0.4099 0.3725 0.2176 
         352  1 0.4689 0.4511 0.0800 
         353  1 0.1152 0.1175 0.7673 
         354  1 0.4322 0.4466 0.1212 
         355  1 0.4463 0.4407 0.1131 
         356  1 0.3852 0.3819 0.2330 
         357  1 0.3739 0.4064 0.2197 
         358  1 0.4354 0.4300 0.1346 
         359  1 0.3331 0.3328 0.3341 
         360  1 0.3663 0.3519 0.2818 
         361  1 0.4337 0.4096 0.1567 
         362  1 0.2481 0.2458 0.5061 
         363  1 0.2869 0.2921 0.4210 
         364  1 0.3457 0.3681 0.2862 
         365  1 0.2315 0.2472 0.5213 
         366  1 0.3793 0.3518 0.2689 
         367  1 0.1213 0.1188 0.7600 
         368  1 0.4295 0.4378 0.1327 
         369  1 0.4291 0.4510 0.1199 
         370  1 0.3608 0.3819 0.2573 
         371  1 0.3224 0.3340 0.3435 
         372  1 0.4269 0.4199 0.1533 
         373  1 0.3155 0.3257 0.3588 
         374  1 0.3998 0.3957 0.2045 
         375  1 0.3613 0.3493 0.2894 
         376  1 0.3165 0.3334 0.3502 
         377  1 0.4113 0.4326 0.1561 
         378  1 0.4259 0.4429 0.1312 
         379  1 0.4003 0.3546 0.2451 
         380  1 0.3610 0.3861 0.2529 
         381  1 0.4211 0.4226 0.1563 
         382  1 0.4603 0.4257 0.1140 
         383  1 0.4034 0.3984 0.1982 
         384  1 0.4771 0.4562 0.0667 
         385  1 0.3141 0.3291 0.3568 
         386  1 0.4473 0.4215 0.1312 
         387  1 0.3186 0.3225 0.3589 
         388  1 0.1435 0.1489 0.7077 
         389  1 0.1815 0.1906 0.6280 
         390  1 0.4284 0.4272 0.1444 
         391  1 0.4143 0.3977 0.1881 
         392  1 0.3263 0.3516 0.3221 
         393  1 0.4411 0.4519 0.1070 
         394  1 0.3592 0.3827 0.2581 
         395  1 0.3340 0.3455 0.3205 
         396  1 0.4213 0.4392 0.1396 
         397  1 0.2301 0.2272 0.5427 
         398  1 0.4697 0.4487 0.0816 
         399  1 0.4543 0.4716 0.0741 
         400  1 0.3693 0.3754 0.2553 
         401  1 0.2859 0.3080 0.4061 
         402  1 0.3866 0.3945 0.2189 
         403  1 0.2619 0.2841 0.4540 
         404  1 0.4127 0.4164 0.1709 
         405  1 0.4392 0.4336 0.1272 
         406  1 0.1486 0.1532 0.6982 
         407  1 0.2325 0.2246 0.5429 
         408  1 0.4832 0.4322 0.0847 
         409  1 0.3962 0.3868 0.2170 
         410  1 0.2632 0.2697 0.4671 
         411  1 0.4485 0.4298 0.1217 
         412  1 0.3888 0.4190 0.1922 
         413  1 0.4723 0.4482 0.0795 
         414  1 0.3007 0.3088 0.3905 
         415  1 0.3962 0.3955 0.2083 
         416  1 0.4701 0.4220 0.1079 
         417  1 0.3132 0.3159 0.3709 
         418  1 0.4580 0.4462 0.0958 
         419  1 0.3429 0.3690 0.2880 
         420  1 0.1928 0.1936 0.6136 
         421  1 0.4081 0.4241 0.1679 
         422  1 0.4683 0.4474 0.0842 
         423  1 0.4269 0.4567 0.1164 
         424  1 0.2665 0.2758 0.4576 
         425  1 0.3004 0.2953 0.4043 
         426  1 0.3946 0.3773 0.2280 
         427  1 0.4738 0.4302 0.0960 
         428  1 0.4021 0.4126 0.1853 
         429  1 0.1946 0.2036 0.6019 
         430  1 0.4197 0.4053 0.1750 
         431  1 0.4358 0.4451 0.1192 
         432  1 0.4506 0.4593 0.0901 
         433  1 0.4610 0.4634 0.0756 
         434  1 0.4252 0.4308 0.1440 
         435  1 0.3690 0.3652 0.2658 
         436  1 0.3994 0.4340 0.1666 
         437  1 0.4462 0.4321 0.1218 
         438  1 0.4031 0.4285 0.1684 
         439  1 0.3536 0.3774 0.2690 
         440  1 0.4798 0.4416 0.0786 
         441  1 0.3107 0.3184 0.3709 
         442  1 0.2577 0.2644 0.4779 
         443  1 0.4479 0.4408 0.1112 
         444  1 0.4948 0.4351 0.0700 
         445  1 0.4205 0.4212 0.1583 
         446  1 0.4193 0.4135 0.1672 
         447  1 0.2463 0.2531 0.5007 
         448  1 0.4193 0.4146 0.1661 
         449  1 0.4604 0.4400 0.0996 
         450  1 0.2651 0.2530 0.4819 
         451  1 0.2244 0.2243 0.5513 
         452  1 0.4599 0.4404 0.0997 
         453  1 0.3727 0.3759 0.2514 
         454  1 0.3855 0.4071 0.2074 
         455  1 0.4138 0.4320 0.1541 
         456  1 0.3893 0.3797 0.2310 
         457  1 0.4461 0.4720 0.0818 
         458  1 0.4375 0.4255 0.1370 
         459  1 0.2839 0.2648 0.4513 
         460  1 0.1683 0.1666 0.6651 
         461  1 0.3875 0.3783 0.2342 
         462  1 0.4456 0.4295 0.1249 
         463  1 0.4633 0.4393 0.0973 
         464  1 0.4263 0.4527 0.1210 
         465  1 0.3659 0.3664 0.2677 
         466  1 0.2371 0.2310 0.5319 
         467  1 0.4522 0.4296 0.1183 
         468  1 0.4106 0.4294 0.1601 
         469  1 0.4514 0.4745 0.0741 
         470  1 0.2961 0.2929 0.4109 
         471  1 0.3061 0.2901 0.4038 
         472  1 0.3844 0.3782 0.2373 
         473  1 0.4488 0.4426 0.1086 
         474  1 0.3948 0.4101 0.1951 
         475  1 0.4594 0.4805 0.0600 
         476  1 0.2152 0.2229 0.5619 
         477  1 0.3342 0.3544 0.3113 
         478  1 0.4031 0.3671 0.2298 
         479  1 0.3902 0.3707 0.2391 
         480  1 0.3217 0.3202 0.3581 
         481  1 0.3041 0.3253 0.3706 
         482  1 0.2722 0.2719 0.4559 
         483  1 0.4470 0.4515 0.1015 
         484  1 0.3306 0.3400 0.3294 
         485  1 0.2818 0.2796 0.4385 
         486  1 0.3263 0.3586 0.3152 
         487  1 0.3860 0.3981 0.2159 
         488  1 0.2910 0.2828 0.4261 
         489  1 0.4305 0.4298 0.1396 
         490  1 0.3575 0.3938 0.2488 
         491  1 0.3764 0.3709 0.2527 
         492  1 0.3006 0.2871 0.4123 
         493  1 0.4468 0.4637 0.0895 
         494  1 0.4265 0.4482 0.1253 
         495  1 0.3715 0.3695 0.2590 
         496  1 0.3143 0.3256 0.3600 
         497  1 0.4200 0.4211 0.1589 
         498  1 0.4616 0.4395 0.0989 
         499  1 0.2348 0.2329 0.5323 
         500  1 0.4344 0.4527 0.1129 
         501  1 0.3099 0.3247 0.3655 
         502  1 0.4242 0.4407 0.1352 
         503  1 0.4250 0.4576 0.1174 
         504  1 0.4856 0.4647 0.0496 
         505  1 0.1497 0.1626 0.6877 
         506  1 0.2000 0.1989 0.6012 
         507  1 0.3124 0.2918 0.3958 
         508  1 0.4167 0.4333 0.1501 
         509  1 0.2005 0.1992 0.6003 
         510  1 0.3839 0.3938 0.2223 
         511  1 0.4185 0.4332 0.1483 
         512  1 0.2740 0.2877 0.4383 
         513  1 0.4071 0.4177 0.1752 
         514  1 0.2636 0.2622 0.4741 
         515  1 0.3448 0.3473 0.3079 
         516  1 0.2551 0.2706 0.4743 
         517  1 0.4558 0.4202 0.1240 
         518  1 0.3895 0.3567 0.2538 
         519  1 0.4523 0.4838 0.0640 
         520  1 0.3990 0.3735 0.2276 
         521  1 0.4064 0.4020 0.1916 
         522  1 0.2049 0.1971 0.5980 
         523  1 0.4447 0.4599 0.0954 
         524  1 0.3623 0.3659 0.2718 
         525  1 0.2574 0.2602 0.4823 
         526  1 0.4592 0.4530 0.0878 
         527  1 0.2369 0.2224 0.5407 
         528  1 0.2747 0.2646 0.4607 
         529  1 0.3876 0.4093 0.2031 
         530  1 0.3034 0.2921 0.4045 
         531  1 0.3723 0.3769 0.2508 
         532  1 0.3912 0.4165 0.1923 
         533  1 0.4314 0.4094 0.1592 
         534  1 0.4183 0.3972 0.1845 
         535  1 0.3640 0.3546 0.2814 
         536  1 0.3465 0.3435 0.3100 
         537  1 0.3492 0.3211 0.3297 
         538  1 0.1375 0.1374 0.7251 
         539  1 0.2947 0.2851 0.4202 
         540  1 0.4160 0.4350 0.1490 
         541  1 0.4507 0.4513 0.0980 
         542  1 0.4400 0.4531 0.1068 
         543  1 0.4676 0.4543 0.0781 
         544  1 0.4197 0.4258 0.1545 
         545  1 0.4038 0.4161 0.1802 
         546  1 0.4629 0.4716 0.0655 
         547  1 0.3785 0.3961 0.2254 
         548  1 0.4471 0.4623 0.0906 
         549  1 0.4238 0.4494 0.1268 
         550  1 0.4634 0.4576 0.0790 
         551  1 0.4411 0.4386 0.1203 
         552  1 0.4126 0.3933 0.1942 
         553  1 0.4118 0.3936 0.1946 
         554  1 0.4283 0.4607 0.1111 
         555  1 0.3725 0.3673 0.2602 
         556  1 0.3782 0.3787 0.2431 
         557  1 0.3235 0.3472 0.3293 
         558  1 0.2938 0.2989 0.4074 
         559  1 0.0890 0.0916 0.8194 
         560  1 0.3422 0.3402 0.3175 
         561  1 0.1340 0.1241 0.7419 
         562  1 0.2537 0.2561 0.4901 
         563  1 0.0895 0.0932 0.8172 
         564  1 0.2247 0.2221 0.5532 
         565  1 0.0935 0.0926 0.8139 
         566  1 0.2425 0.2442 0.5133 
         567  1 0.2060 0.1979 0.5961 
         568  1 0.3790 0.3896 0.2313 
         569  1 0.1969 0.1917 0.6115 
         570  1 0.2967 0.2986 0.4047 
         571  1 0.1923 0.2066 0.6011 
         572  1 0.1755 0.1650 0.6595 
         573  1 0.0939 0.0944 0.8117 
         574  1 0.2450 0.2575 0.4975 
         575  1 0.1742 0.1710 0.6547 
         576  1 0.1838 0.1883 0.6279 
         577  1 0.1206 0.1168 0.7626 
         578  1 0.1805 0.1765 0.6430 
         579  1 0.1491 0.1468 0.7041 
         580  1 0.0939 0.0981 0.8080 
         581  1 0.2256 0.2215 0.5529 
         582  1 0.1302 0.1245 0.7452 
         583  1 0.0796 0.0827 0.8377 
         584  1 0.1111 0.1149 0.7740 
         585  1 0.0986 0.0994 0.8020 
         586  1 0.2152 0.2244 0.5604 
         587  1 0.2671 0.2784 0.4545 
         588  1 0.2599 0.2545 0.4856 
         589  1 0.2805 0.2751 0.4445 
         590  1 0.0759 0.0754 0.8487 
         591  1 0.1812 0.1691 0.6497 
         592  1 0.1398 0.1388 0.7214 
         593  1 0.1873 0.1750 0.6376 
         594  1 0.0731 0.0767 0.8502 
         595  1 0.0926 0.0923 0.8151 
         596  1 0.1484 0.1479 0.7038 
         597  1 0.1177 0.1239 0.7584 
         598  1 0.0564 0.0559 0.8876 
         599  1 0.1202 0.1180 0.7618 
         600  1 0.3616 0.3690 0.2695 
         601  1 0.1368 0.1361 0.7271 
         602  1 0.0563 0.0561 0.8875 
         603  1 0.1721 0.1696 0.6583 
         604  1 0.1178 0.1245 0.7577 
         605  1 0.0977 0.0972 0.8050 
         606  1 0.2531 0.2675 0.4794 
         607  1 0.2592 0.2546 0.4861 
         608  1 0.1104 0.1102 0.7794 
         609  1 0.2485 0.2443 0.5072 
         610  1 0.0826 0.0833 0.8341 
         611  1 0.2285 0.2494 0.5221 
         612  1 0.0733 0.0737 0.8530 
         613  1 0.2466 0.2554 0.4980 
         614  1 0.1289 0.1262 0.7448 
         615  1 0.1778 0.1793 0.6429 
         616  1 0.1331 0.1360 0.7309 
         617  1 0.1869 0.1868 0.6263 
         618  1 0.0901 0.0903 0.8196 
         619  1 0.0715 0.0715 0.8570 
         620  1 0.0540 0.0563 0.8896 
         621  1 0.1162 0.1189 0.7649 
         622  1 0.1013 0.1011 0.7976 
         623  1 0.0874 0.0887 0.8240 
         624  1 0.1211 0.1215 0.7574 
         625  1 0.0984 0.0960 0.8056 
         626  1 0.0561 0.0555 0.8884 
         627  1 0.0804 0.0786 0.8410 
         628  1 0.0690 0.0665 0.8645 
         629  1 0.0758 0.0732 0.8511 
         630  1 0.1073 0.1059 0.7868 
         631  1 0.0685 0.0696 0.8619 
         632  1 0.2149 0.2143 0.5708 
         633  1 0.0661 0.0650 0.8688 
         634  1 0.1948 0.1982 0.6070 
         635  1 0.1717 0.1786 0.6497 
         636  1 0.1193 0.1249 0.7558 
         637  1 0.0602 0.0604 0.8794 
         638  1 0.1565 0.1544 0.6891 
         639  1 0.0769 0.0781 0.8450 
         640  1 0.0950 0.0950 0.8101 
         641  1 0.0899 0.0940 0.8161 
         642  1 0.1129 0.1112 0.7759 
         643  1 0.0877 0.0828 0.8296 
         644  1 0.1278 0.1261 0.7461 
         645  1 0.1310 0.1322 0.7368 
         646  1 0.1030 0.1045 0.7925 
         647  1 0.2967 0.2831 0.4202 
         648  1 0.2089 0.2133 0.5778 
         649  1 0.0829 0.0808 0.8363 
         650  1 0.1733 0.1924 0.6344 
         651  1 0.1044 0.1030 0.7926 
         652  1 0.1359 0.1279 0.7363 
         653  1 0.1456 0.1418 0.7126 
         654  1 0.0872 0.0895 0.8233 
         655  1 0.0897 0.0886 0.8216 
         656  1 0.0514 0.0512 0.8974 
         657  1 0.0657 0.0656 0.8687 
         658  1 0.1101 0.1117 0.7782 
         659  1 0.2168 0.2098 0.5734 
         660  1 0.0601 0.0600 0.8799 
         661  1 0.2571 0.2451 0.4978 
         662  1 0.0629 0.0638 0.8733 
         663  1 0.1361 0.1421 0.7218 
         664  1 0.1292 0.1256 0.7452 
         665  1 0.0777 0.0750 0.8473 
         666  1 0.0663 0.0742 0.8595 
         667  1 0.1158 0.1196 0.7645 
         668  1 0.1207 0.1232 0.7562 
