           1  1 0.1280 0.1063 0.1376 0.0891 0.1368 0.1151 0.1413 0.1458 
           2  1 0.1265 0.1094 0.1428 0.0420 0.1443 0.1483 0.1351 0.1516 
           3  1 0.1487 0.1445 0.1320 0.0247 0.1365 0.1415 0.1509 0.1212 
           4  1 0.1314 0.1194 0.1347 0.0800 0.1317 0.1326 0.1437 0.1265 
           5  1 0.1477 0.1658 0.1497 0.0152 0.1263 0.1145 0.1406 0.1402 
           6  1 0.1197 0.1112 0.1446 0.0525 0.1470 0.1391 0.1290 0.1569 
           7  1 0.1328 0.1323 0.1267 0.0132 0.1376 0.1265 0.1481 0.1828 
           8  1 0.0887 0.0956 0.0690 0.4344 0.0780 0.0839 0.0783 0.0721 
           9  1 0.1412 0.1480 0.1394 0.0106 0.1375 0.1624 0.1467 0.1142 
          10  1 0.1136 0.1190 0.1377 0.0240 0.1381 0.1341 0.1425 0.1910 
          11  1 0.1228 0.1358 0.1567 0.0147 0.1316 0.1436 0.1505 0.1443 
          12  1 0.1233 0.1315 0.1546 0.0228 0.1368 0.1345 0.1488 0.1477 
          13  1 0.1227 0.1231 0.1494 0.0229 0.1264 0.1673 0.1525 0.1357 
          14  1 0.1560 0.1431 0.1195 0.0185 0.1445 0.1329 0.1605 0.1251 
          15  1 0.1160 0.1250 0.1306 0.0482 0.1460 0.1406 0.1451 0.1486 
          16  1 0.1019 0.0904 0.1551 0.0192 0.1537 0.1368 0.1469 0.1960 
          17  1 0.1376 0.1538 0.1219 0.0190 0.1260 0.1534 0.1782 0.1101 
          18  1 0.1004 0.0891 0.1117 0.2166 0.1293 0.1091 0.1209 0.1229 
          19  1 0.1473 0.1520 0.1415 0.0530 0.1424 0.1107 0.1209 0.1322 
          20  1 0.1073 0.1140 0.1324 0.0149 0.1401 0.1362 0.1563 0.1988 
          21  1 0.1381 0.1291 0.1237 0.0195 0.1276 0.1600 0.1689 0.1330 
          22  1 0.1346 0.1394 0.1458 0.0131 0.1158 0.1861 0.1516 0.1135 
          23  1 0.1365 0.1178 0.1265 0.0628 0.1369 0.1383 0.1529 0.1283 
          24  1 0.1294 0.1192 0.1554 0.0347 0.1367 0.1541 0.1509 0.1196 
          25  1 0.1585 0.1288 0.1340 0.0204 0.1302 0.1477 0.1515 0.1289 
          26  1 0.1478 0.1553 0.1468 0.0200 0.1280 0.1228 0.1454 0.1341 
          27  1 0.1502 0.1551 0.1451 0.0266 0.1379 0.1216 0.1308 0.1327 
          28  1 0.1241 0.1251 0.1305 0.0275 0.1342 0.1595 0.1578 0.1413 
          29  1 0.1265 0.1112 0.1473 0.0121 0.1322 0.1748 0.1794 0.1164 
          30  1 0.1345 0.1302 0.1343 0.0228 0.1334 0.1492 0.1571 0.1385 
          31  1 0.1244 0.1421 0.1386 0.0564 0.1213 0.1373 0.1367 0.1433 
          32  1 0.1179 0.1296 0.1494 0.0156 0.1634 0.1417 0.1463 0.1362 
          33  1 0.1064 0.1077 0.1569 0.0472 0.1476 0.1539 0.1288 0.1515 
          34  1 0.1453 0.1546 0.1379 0.0308 0.1212 0.1407 0.1348 0.1347 
          35  1 0.1378 0.1517 0.1356 0.0223 0.1429 0.1468 0.1502 0.1126 
          36  1 0.1361 0.1065 0.1189 0.0131 0.1527 0.1707 0.1643 0.1377 
          37  1 0.1652 0.1779 0.1534 0.0151 0.1256 0.1103 0.1254 0.1271 
          38  1 0.1304 0.1464 0.1413 0.0136 0.1431 0.1427 0.1378 0.1448 
          39  1 0.1388 0.1375 0.1269 0.0308 0.1349 0.1461 0.1625 0.1224 
          40  1 0.1285 0.1513 0.1072 0.1684 0.0963 0.1396 0.1155 0.0932 
          41  1 0.1291 0.1363 0.1170 0.0230 0.1436 0.1532 0.1473 0.1505 
          42  1 0.1393 0.1226 0.1473 0.0124 0.1289 0.1610 0.1486 0.1398 
          43  1 0.1271 0.1646 0.1590 0.0381 0.1414 0.1094 0.1194 0.1411 
          44  1 0.1208 0.1268 0.1427 0.0199 0.1426 0.1424 0.1590 0.1459 
          45  1 0.1398 0.1265 0.1273 0.0129 0.1266 0.1746 0.1817 0.1104 
          46  1 0.1116 0.0990 0.1643 0.0276 0.1491 0.1611 0.1573 0.1301 
          47  1 0.1683 0.1469 0.1386 0.0266 0.1385 0.1213 0.1421 0.1178 
          48  1 0.1449 0.1279 0.1198 0.0869 0.1254 0.1247 0.1414 0.1291 
          49  1 0.1267 0.1349 0.1385 0.0206 0.1446 0.1410 0.1405 0.1531 
          50  1 0.1316 0.1068 0.1417 0.0102 0.1385 0.1733 0.1774 0.1204 
          51  1 0.1339 0.1246 0.1281 0.0328 0.1459 0.1452 0.1667 0.1229 
          52  1 0.1105 0.1176 0.1276 0.0158 0.1464 0.1500 0.1474 0.1848 
          53  1 0.1350 0.1358 0.1517 0.0172 0.1353 0.1389 0.1514 0.1347 
          54  1 0.1215 0.1292 0.1766 0.0684 0.1380 0.1040 0.1279 0.1344 
          55  1 0.0931 0.0890 0.1044 0.2774 0.1081 0.1078 0.1133 0.1069 
          56  1 0.1153 0.1212 0.1595 0.0219 0.1374 0.1212 0.1439 0.1796 
          57  1 0.1098 0.0990 0.1560 0.0087 0.1562 0.1625 0.1298 0.1780 
          58  1 0.1337 0.1095 0.1784 0.0193 0.1616 0.1230 0.1341 0.1404 
          59  1 0.1338 0.0954 0.1521 0.0101 0.1413 0.1707 0.1547 0.1419 
          60  1 0.1327 0.1351 0.1285 0.0137 0.1454 0.1415 0.1532 0.1499 
          61  1 0.1211 0.1140 0.1380 0.1190 0.1272 0.1249 0.1250 0.1308 
          62  1 0.1227 0.1086 0.1498 0.0090 0.1376 0.1689 0.1683 0.1351 
          63  1 0.1290 0.1277 0.1524 0.0307 0.1347 0.1375 0.1456 0.1423 
          64  1 0.1262 0.1206 0.1233 0.0159 0.1351 0.1536 0.1559 0.1695 
          65  1 0.1607 0.1724 0.1346 0.0268 0.1366 0.1169 0.1204 0.1315 
          66  1 0.1263 0.1401 0.1440 0.0256 0.1266 0.1531 0.1533 0.1310 
          67  1 0.1339 0.1131 0.1426 0.0142 0.1524 0.1669 0.1409 0.1359 
          68  1 0.1161 0.1321 0.1488 0.0140 0.1319 0.1676 0.1432 0.1463 
          69  1 0.1241 0.1110 0.1557 0.0392 0.1589 0.1286 0.1245 0.1580 
          70  1 0.1659 0.1999 0.1064 0.0360 0.1046 0.1612 0.1268 0.0991 
          71  1 0.1018 0.0958 0.1141 0.2019 0.1113 0.1280 0.1246 0.1226 
          72  1 0.1360 0.1023 0.1342 0.0121 0.1467 0.1783 0.1802 0.1102 
          73  1 0.1274 0.1346 0.1381 0.0459 0.1550 0.1229 0.1419 0.1341 
          74  1 0.1109 0.1193 0.1422 0.0529 0.1361 0.1334 0.1445 0.1607 
          75  1 0.1280 0.1410 0.1458 0.0217 0.1368 0.1413 0.1480 0.1374 
          76  1 0.1210 0.1460 0.1112 0.0761 0.1287 0.1405 0.1356 0.1409 
          77  1 0.1425 0.1201 0.1337 0.0646 0.1293 0.1390 0.1337 0.1371 
          78  1 0.1478 0.1610 0.1564 0.0269 0.1691 0.0991 0.1141 0.1256 
          79  1 0.1352 0.1508 0.1421 0.0119 0.1418 0.1094 0.1301 0.1787 
          80  1 0.1082 0.1185 0.1467 0.1039 0.1323 0.1321 0.1154 0.1429 
          81  1 0.1298 0.1279 0.1335 0.0936 0.1399 0.1141 0.1292 0.1321 
          82  1 0.1602 0.1450 0.1336 0.0232 0.1559 0.1273 0.1379 0.1169 
          83  1 0.1266 0.1477 0.1203 0.0464 0.1376 0.1451 0.1375 0.1389 
          84  1 0.1318 0.1474 0.1232 0.0424 0.1221 0.1539 0.1465 0.1327 
          85  1 0.1183 0.1206 0.1575 0.0258 0.1430 0.1464 0.1372 0.1512 
          86  1 0.1261 0.1211 0.1177 0.1404 0.1203 0.1219 0.1253 0.1271 
          87  1 0.1147 0.1202 0.1588 0.0166 0.1416 0.1502 0.1327 0.1651 
          88  1 0.1211 0.1081 0.1479 0.0422 0.1468 0.1527 0.1415 0.1397 
          89  1 0.1352 0.1509 0.1244 0.0358 0.1187 0.1525 0.1369 0.1456 
          90  1 0.1178 0.1163 0.1121 0.1585 0.1116 0.1176 0.1356 0.1306 
          91  1 0.1392 0.1374 0.1332 0.0420 0.1331 0.1478 0.1377 0.1295 
          92  1 0.1233 0.1081 0.1288 0.0372 0.1228 0.1478 0.1788 0.1531 
          93  1 0.1354 0.1264 0.1464 0.0335 0.1306 0.1555 0.1460 0.1262 
          94  1 0.1111 0.1026 0.1088 0.1796 0.1373 0.0996 0.1136 0.1474 
          95  1 0.1198 0.0993 0.1357 0.0293 0.1546 0.1531 0.1523 0.1559 
          96  1 0.1015 0.1024 0.1251 0.0460 0.1551 0.1228 0.1530 0.1942 
          97  1 0.1318 0.1235 0.1558 0.0166 0.1381 0.1307 0.1448 0.1587 
          98  1 0.1456 0.1522 0.1306 0.0163 0.1041 0.1799 0.1600 0.1113 
          99  1 0.1226 0.1430 0.1196 0.0155 0.1260 0.1571 0.1445 0.1718 
         100  1 0.1637 0.1488 0.1718 0.0246 0.1643 0.0957 0.1013 0.1299 
         101  1 0.1771 0.1335 0.1303 0.0493 0.1862 0.1026 0.1088 0.1124 
         102  1 0.1128 0.0940 0.1726 0.0171 0.1483 0.1687 0.1408 0.1457 
         103  1 0.1849 0.1286 0.1193 0.1253 0.1533 0.0915 0.0982 0.0989 
         104  1 0.1568 0.1480 0.1374 0.0245 0.1344 0.1403 0.1434 0.1151 
         105  1 0.1243 0.1446 0.1201 0.0275 0.1377 0.1584 0.1570 0.1304 
         106  1 0.1481 0.1670 0.1169 0.0373 0.1362 0.1510 0.1280 0.1154 
         107  1 0.1553 0.1270 0.1674 0.0268 0.1767 0.0990 0.1099 0.1379 
         108  1 0.0986 0.0990 0.1741 0.0342 0.1690 0.1441 0.1233 0.1576 
         109  1 0.1425 0.1324 0.1598 0.0343 0.1386 0.1151 0.1341 0.1432 
         110  1 0.1250 0.1448 0.1543 0.0236 0.1409 0.1257 0.1340 0.1517 
         111  1 0.1332 0.1407 0.1314 0.0379 0.1265 0.1568 0.1429 0.1306 
         112  1 0.1835 0.1406 0.1387 0.0275 0.1627 0.1066 0.1220 0.1185 
         113  1 0.1200 0.1292 0.1390 0.0171 0.1270 0.1592 0.1701 0.1384 
         114  1 0.1158 0.1184 0.1428 0.0554 0.1638 0.1223 0.1282 0.1532 
         115  1 0.1428 0.1455 0.1431 0.0371 0.1517 0.1197 0.1279 0.1321 
         116  1 0.1572 0.1364 0.1299 0.0159 0.1397 0.1412 0.1561 0.1235 
         117  1 0.1259 0.1378 0.1271 0.0327 0.1487 0.1264 0.1491 0.1523 
         118  1 0.1257 0.1398 0.1394 0.0416 0.1383 0.1262 0.1285 0.1605 
         119  1 0.1542 0.1749 0.1329 0.0275 0.0926 0.1806 0.1254 0.1118 
         120  1 0.1140 0.1261 0.1168 0.1685 0.1099 0.1183 0.1196 0.1268 
         121  1 0.1261 0.1473 0.1650 0.0384 0.1335 0.1256 0.1225 0.1417 
         122  1 0.1456 0.1613 0.1262 0.0298 0.1087 0.1714 0.1442 0.1129 
         123  1 0.1264 0.1291 0.1440 0.0163 0.1392 0.1549 0.1514 0.1387 
         124  1 0.1165 0.1177 0.1560 0.0183 0.1527 0.1275 0.1383 0.1731 
         125  1 0.1580 0.1948 0.1100 0.0434 0.1093 0.1516 0.1269 0.1061 
         126  1 0.1143 0.1252 0.1493 0.0166 0.1341 0.1593 0.1544 0.1468 
         127  1 0.1458 0.1371 0.1421 0.0261 0.1462 0.1335 0.1413 0.1279 
         128  1 0.1565 0.1577 0.1460 0.0180 0.1428 0.1222 0.1286 0.1282 
         129  1 0.1103 0.1088 0.1296 0.1751 0.1095 0.1169 0.1242 0.1255 
         130  1 0.1272 0.1553 0.1480 0.0573 0.1084 0.1405 0.1304 0.1330 
         131  1 0.1273 0.1295 0.1315 0.0299 0.1453 0.1367 0.1487 0.1510 
         132  1 0.1465 0.1469 0.1319 0.0171 0.1456 0.1299 0.1388 0.1434 
         133  1 0.1201 0.1388 0.1676 0.0158 0.1184 0.1488 0.1173 0.1732 
         134  1 0.1040 0.1163 0.1456 0.0315 0.1783 0.1317 0.1266 0.1660 
         135  1 0.0803 0.0871 0.0896 0.4268 0.0881 0.0692 0.0716 0.0873 
         136  1 0.1360 0.1344 0.1329 0.0349 0.1409 0.1472 0.1360 0.1377 
         137  1 0.1201 0.1304 0.1389 0.1288 0.1417 0.0999 0.1092 0.1309 
         138  1 0.1033 0.1342 0.1543 0.0215 0.1265 0.1526 0.1459 0.1618 
         139  1 0.1527 0.1395 0.1397 0.0276 0.1504 0.1173 0.1285 0.1444 
         140  1 0.1276 0.1262 0.1419 0.0407 0.1436 0.1265 0.1278 0.1657 
         141  1 0.1199 0.1043 0.1762 0.0715 0.1311 0.1082 0.1349 0.1540 
         142  1 0.1589 0.1456 0.1128 0.0529 0.1487 0.1211 0.1304 0.1296 
         143  1 0.1441 0.1507 0.1504 0.0449 0.1360 0.1143 0.1228 0.1367 
         144  1 0.1294 0.1142 0.1425 0.0177 0.1269 0.1780 0.1633 0.1280 
         145  1 0.1163 0.1066 0.1591 0.0126 0.1469 0.1646 0.1372 0.1567 
         146  1 0.1808 0.1376 0.1246 0.0407 0.1564 0.1002 0.1257 0.1338 
         147  1 0.1046 0.1146 0.1618 0.0169 0.1466 0.1476 0.1472 0.1608 
         148  1 0.1470 0.1360 0.1405 0.0180 0.1662 0.1188 0.1329 0.1405 
         149  1 0.1401 0.1517 0.1273 0.0311 0.1400 0.1240 0.1418 0.1441 
         150  1 0.1621 0.1233 0.1169 0.0928 0.1443 0.1093 0.1281 0.1232 
         151  1 0.1595 0.1334 0.1154 0.0383 0.1331 0.1474 0.1441 0.1289 
         152  1 0.1425 0.1539 0.1354 0.0340 0.1534 0.1371 0.1274 0.1164 
         153  1 0.1154 0.1162 0.1447 0.0266 0.1696 0.1245 0.1289 0.1741 
         154  1 0.1817 0.2182 0.1019 0.0121 0.0976 0.1890 0.1370 0.0625 
         155  1 0.1473 0.1465 0.1346 0.0414 0.1306 0.1457 0.1353 0.1185 
         156  1 0.1295 0.1298 0.1449 0.0348 0.1338 0.1352 0.1380 0.1540 
         157  1 0.1365 0.1361 0.1341 0.0288 0.1464 0.1346 0.1412 0.1424 
         158  1 0.1185 0.1301 0.1258 0.1050 0.1288 0.1255 0.1229 0.1433 
         159  1 0.1353 0.1227 0.1181 0.0283 0.1407 0.1526 0.1772 0.1251 
         160  1 0.1449 0.1524 0.1331 0.0223 0.1422 0.1501 0.1360 0.1189 
         161  1 0.1332 0.1506 0.1074 0.1153 0.1157 0.1502 0.1242 0.1034 
         162  1 0.1488 0.1715 0.1353 0.0223 0.1229 0.1384 0.1315 0.1293 
         163  1 0.1253 0.1193 0.1483 0.0566 0.1413 0.1288 0.1290 0.1514 
         164  1 0.1356 0.1358 0.1384 0.0350 0.1279 0.1537 0.1364 0.1372 
         165  1 0.1294 0.1438 0.1384 0.0240 0.1311 0.1519 0.1434 0.1378 
         166  1 0.1510 0.1187 0.1381 0.0336 0.1583 0.1217 0.1357 0.1429 
         167  1 0.1398 0.1525 0.1227 0.0271 0.1146 0.1640 0.1534 0.1259 
         168  1 0.1127 0.1113 0.1376 0.1091 0.1540 0.1173 0.1243 0.1336 
         169  1 0.1915 0.2090 0.0988 0.0254 0.0956 0.1718 0.1328 0.0751 
         170  1 0.1640 0.1605 0.1222 0.0138 0.1171 0.1680 0.1537 0.1007 
         171  1 0.1301 0.1100 0.1338 0.0203 0.1459 0.1594 0.1492 0.1513 
         172  1 0.1412 0.1232 0.1310 0.0224 0.1411 0.1553 0.1427 0.1431 
         173  1 0.1453 0.1223 0.1402 0.0399 0.1707 0.1191 0.1287 0.1338 
         174  1 0.1413 0.1327 0.1219 0.0320 0.1428 0.1410 0.1640 0.1241 
         175  1 0.1481 0.1783 0.1215 0.0306 0.0954 0.1676 0.1456 0.1129 
         176  1 0.1388 0.1357 0.1110 0.0428 0.1513 0.1314 0.1537 0.1353 
         177  1 0.1234 0.1334 0.1274 0.0879 0.1245 0.1253 0.1425 0.1356 
         178  1 0.1245 0.1405 0.1434 0.0289 0.1326 0.1515 0.1406 0.1379 
         179  1 0.1462 0.1162 0.1400 0.0229 0.1463 0.1326 0.1526 0.1431 
         180  1 0.1324 0.1672 0.1697 0.0069 0.1194 0.1427 0.1243 0.1374 
         181  1 0.1158 0.1198 0.1573 0.0484 0.1380 0.1297 0.1375 0.1534 
         182  1 0.1282 0.1200 0.1165 0.1806 0.1203 0.1038 0.1144 0.1162 
         183  1 0.1628 0.1734 0.1031 0.0790 0.1012 0.1593 0.1204 0.1008 
         184  1 0.1412 0.1774 0.1253 0.0468 0.1032 0.1632 0.1286 0.1143 
         185  1 0.1206 0.1315 0.1292 0.0561 0.1269 0.1392 0.1480 0.1485 
         186  1 0.1520 0.1937 0.1081 0.0240 0.1021 0.1895 0.1325 0.0981 
         187  1 0.1703 0.1995 0.1010 0.0166 0.0998 0.1853 0.1371 0.0904 
         188  1 0.1669 0.2021 0.1107 0.0197 0.0992 0.1743 0.1292 0.0977 
         189  1 0.1094 0.1228 0.1535 0.0284 0.1380 0.1344 0.1467 0.1669 
         190  1 0.1512 0.2077 0.1164 0.0299 0.0984 0.1738 0.1252 0.0975 
         191  1 0.1165 0.1139 0.1400 0.0205 0.1294 0.1538 0.1746 0.1514 
         192  1 0.0715 0.0827 0.0750 0.5077 0.0729 0.0617 0.0622 0.0663 
         193  1 0.0745 0.0847 0.0790 0.4286 0.0833 0.0816 0.0806 0.0877 
         194  1 0.1472 0.1826 0.0987 0.0950 0.0917 0.1643 0.1326 0.0879 
         195  1 0.1362 0.1521 0.1495 0.0567 0.1114 0.1494 0.1207 0.1240 
         196  1 0.1390 0.1245 0.1701 0.0162 0.1369 0.1268 0.1432 0.1433 
         197  1 0.1278 0.1186 0.1312 0.0742 0.1533 0.1271 0.1467 0.1212 
         198  1 0.1479 0.1298 0.1368 0.0213 0.1410 0.1276 0.1596 0.1360 
         199  1 0.1286 0.1057 0.1344 0.0757 0.1483 0.1162 0.1371 0.1540 
         200  1 0.1460 0.1457 0.1273 0.0455 0.1427 0.1299 0.1354 0.1274 
         201  1 0.1332 0.1215 0.1145 0.1112 0.1251 0.1214 0.1454 0.1277 
         202  1 0.1307 0.1283 0.1290 0.0088 0.1268 0.1709 0.1668 0.1387 
         203  1 0.1621 0.1532 0.1480 0.0455 0.1768 0.0955 0.1046 0.1142 
         204  1 0.1359 0.1464 0.1558 0.0147 0.1179 0.1491 0.1345 0.1457 
         205  1 0.1200 0.1076 0.1516 0.0124 0.1570 0.1475 0.1484 0.1555 
         206  1 0.1295 0.1316 0.1267 0.0247 0.1324 0.1626 0.1521 0.1404 
         207  1 0.1183 0.1284 0.1849 0.0226 0.1230 0.1323 0.1304 0.1600 
         208  1 0.1326 0.1492 0.1488 0.0117 0.1182 0.1404 0.1432 0.1560 
         209  1 0.1174 0.1084 0.1138 0.2071 0.1160 0.1075 0.1087 0.1212 
         210  1 0.1134 0.1496 0.1713 0.0231 0.1269 0.1208 0.1285 0.1664 
         211  1 0.1268 0.1389 0.1521 0.0287 0.1322 0.1386 0.1315 0.1513 
         212  1 0.1416 0.1400 0.1147 0.0814 0.1123 0.1477 0.1405 0.1218 
         213  1 0.1692 0.1513 0.1404 0.0292 0.1648 0.1115 0.1168 0.1169 
         214  1 0.1348 0.1434 0.1423 0.0425 0.1427 0.1121 0.1246 0.1577 
         215  1 0.1224 0.1427 0.1278 0.0453 0.1322 0.1303 0.1334 0.1659 
         216  1 0.1550 0.1626 0.1242 0.0330 0.1022 0.1720 0.1431 0.1079 
         217  1 0.1373 0.1738 0.1763 0.0272 0.1520 0.1063 0.1035 0.1235 
         218  1 0.1231 0.1340 0.1629 0.0187 0.1211 0.1513 0.1333 0.1557 
         219  1 0.1327 0.1310 0.1467 0.0134 0.1498 0.1358 0.1388 0.1518 
         220  1 0.1602 0.1477 0.1179 0.0519 0.1321 0.1356 0.1353 0.1192 
         221  1 0.1395 0.1353 0.1186 0.0502 0.1418 0.1364 0.1563 0.1219 
         222  1 0.1307 0.1189 0.1495 0.0687 0.1339 0.1254 0.1287 0.1443 
         223  1 0.1186 0.1098 0.1046 0.2724 0.1010 0.0939 0.0978 0.1018 
         224  1 0.1371 0.1344 0.1255 0.0338 0.1389 0.1386 0.1484 0.1432 
         225  1 0.1166 0.1216 0.1536 0.0189 0.1403 0.1467 0.1465 0.1557 
         226  1 0.1342 0.1013 0.1821 0.0210 0.1448 0.1360 0.1303 0.1503 
         227  1 0.1351 0.1496 0.1118 0.0725 0.1347 0.1377 0.1292 0.1294 
         228  1 0.1534 0.1596 0.1221 0.0380 0.1234 0.1551 0.1379 0.1104 
         229  1 0.1180 0.1213 0.1720 0.0146 0.1328 0.1386 0.1445 0.1582 
         230  1 0.1681 0.1449 0.1315 0.0315 0.1585 0.1256 0.1347 0.1051 
         231  1 0.1249 0.1144 0.1548 0.0134 0.1455 0.1576 0.1432 0.1463 
         232  1 0.1422 0.1429 0.1426 0.0195 0.1311 0.1373 0.1442 0.1402 
         233  1 0.1289 0.1273 0.1430 0.0376 0.1326 0.1292 0.1483 0.1531 
         234  1 0.1287 0.1538 0.1485 0.0190 0.1234 0.1555 0.1244 0.1468 
         235  1 0.1114 0.1028 0.1720 0.0152 0.1534 0.1525 0.1257 0.1671 
         236  1 0.1348 0.1311 0.1620 0.0158 0.1405 0.1274 0.1344 0.1540 
         237  1 0.1028 0.0963 0.1778 0.0262 0.1680 0.1372 0.1239 0.1678 
         238  1 0.1424 0.1172 0.1348 0.0474 0.1400 0.1359 0.1380 0.1442 
         239  1 0.1239 0.1249 0.1284 0.0067 0.1448 0.1782 0.1710 0.1222 
         240  1 0.1093 0.1105 0.1352 0.1684 0.1087 0.1058 0.1234 0.1387 
         241  1 0.1151 0.1331 0.1440 0.0180 0.1426 0.1371 0.1411 0.1690 
         242  1 0.1490 0.1257 0.1425 0.0438 0.1529 0.1155 0.1336 0.1371 
         243  1 0.1187 0.1116 0.1658 0.0171 0.1459 0.1410 0.1458 0.1542 
         244  1 0.1157 0.1276 0.1913 0.0370 0.1274 0.1082 0.1231 0.1697 
         245  1 0.1505 0.1306 0.1329 0.0177 0.1224 0.1750 0.1482 0.1227 
         246  1 0.1227 0.1107 0.1374 0.0090 0.1468 0.1722 0.1582 0.1428 
         247  1 0.1132 0.1169 0.1715 0.0614 0.1367 0.1204 0.1278 0.1520 
         248  1 0.1456 0.1227 0.1430 0.0523 0.1401 0.1186 0.1347 0.1429 
         249  1 0.1303 0.1506 0.1046 0.1314 0.1137 0.1394 0.1235 0.1066 
         250  1 0.1633 0.1399 0.1418 0.0213 0.1722 0.1094 0.1321 0.1201 
         251  1 0.1795 0.1529 0.1289 0.0220 0.1660 0.1199 0.1284 0.1024 
         252  1 0.1301 0.1364 0.1812 0.0112 0.1618 0.1194 0.1228 0.1370 
         253  1 0.1142 0.1152 0.1201 0.1713 0.1268 0.1121 0.1194 0.1209 
         254  1 0.0503 0.0629 0.0405 0.6682 0.0405 0.0505 0.0473 0.0397 
         255  1 0.1235 0.1233 0.1318 0.0590 0.1333 0.1412 0.1491 0.1388 
         256  1 0.1622 0.1983 0.1095 0.0226 0.1149 0.1664 0.1261 0.1000 
         257  1 0.1547 0.1568 0.1157 0.0642 0.1367 0.1294 0.1396 0.1029 
         258  1 0.1394 0.1120 0.1191 0.0332 0.1342 0.1527 0.1650 0.1444 
         259  1 0.1286 0.1446 0.1664 0.0348 0.1369 0.1207 0.1212 0.1469 
         260  1 0.1327 0.1129 0.1981 0.0080 0.1515 0.1094 0.1286 0.1589 
         261  1 0.1327 0.1464 0.1557 0.0150 0.1217 0.1510 0.1297 0.1478 
         262  1 0.1469 0.1549 0.1465 0.0173 0.1337 0.1442 0.1427 0.1138 
         263  1 0.1369 0.1186 0.1436 0.0507 0.1378 0.1285 0.1332 0.1507 
         264  1 0.1191 0.1141 0.1756 0.0163 0.1485 0.1370 0.1376 0.1518 
         265  1 0.1236 0.1138 0.1266 0.1345 0.1262 0.1181 0.1226 0.1346 
         266  1 0.1226 0.1234 0.1317 0.0206 0.1382 0.1675 0.1635 0.1325 
         267  1 0.1498 0.1460 0.1347 0.0236 0.1445 0.1322 0.1501 0.1191 
         268  1 0.1610 0.1556 0.1468 0.0253 0.1520 0.1077 0.1228 0.1288 
         269  1 0.1179 0.1322 0.1657 0.0409 0.1390 0.1334 0.1393 0.1316 
         270  1 0.1329 0.1613 0.0766 0.2431 0.0760 0.1375 0.0928 0.0798 
         271  1 0.1731 0.1422 0.1380 0.0211 0.1698 0.1120 0.1235 0.1204 
         272  1 0.1349 0.1769 0.1295 0.0202 0.1106 0.1567 0.1569 0.1144 
         273  1 0.1497 0.1382 0.1514 0.0124 0.1527 0.1186 0.1435 0.1334 
         274  1 0.1201 0.0992 0.1662 0.0130 0.1358 0.1720 0.1607 0.1331 
         275  1 0.1438 0.1400 0.1425 0.0298 0.1585 0.1250 0.1308 0.1297 
         276  1 0.1422 0.1375 0.1464 0.0196 0.1596 0.1299 0.1343 0.1304 
         277  1 0.1623 0.1644 0.1109 0.0670 0.0959 0.1678 0.1352 0.0964 
         278  1 0.1419 0.1493 0.1573 0.0500 0.1479 0.1084 0.1221 0.1231 
         279  1 0.1098 0.1252 0.1175 0.0091 0.1529 0.1419 0.1439 0.1997 
         280  1 0.1320 0.1129 0.1595 0.0171 0.1530 0.1513 0.1440 0.1300 
         281  1 0.1405 0.1352 0.1211 0.1001 0.1322 0.1179 0.1297 0.1232 
         282  1 0.1167 0.1217 0.1389 0.0216 0.1388 0.1512 0.1594 0.1516 
         283  1 0.1600 0.1752 0.1194 0.0109 0.1144 0.1534 0.1443 0.1224 
         284  1 0.1573 0.1720 0.1493 0.0151 0.1038 0.1671 0.1193 0.1161 
         285  1 0.1103 0.1333 0.1411 0.0281 0.1572 0.1455 0.1386 0.1460 
         286  1 0.1165 0.1336 0.1288 0.1464 0.1281 0.1044 0.1104 0.1317 
         287  1 0.1386 0.1214 0.1385 0.0243 0.1502 0.1442 0.1537 0.1290 
         288  1 0.1386 0.1407 0.1497 0.0161 0.1347 0.1268 0.1424 0.1511 
         289  1 0.1408 0.1459 0.1501 0.0284 0.1294 0.1334 0.1354 0.1366 
         290  1 0.1197 0.1150 0.1956 0.0168 0.1495 0.1146 0.1318 0.1571 
         291  1 0.1154 0.1324 0.1654 0.0362 0.1194 0.1228 0.1372 0.1712 
         292  1 0.1750 0.2226 0.0947 0.0238 0.1002 0.1786 0.1276 0.0775 
         293  1 0.1372 0.1703 0.1392 0.0225 0.1254 0.1203 0.1311 0.1540 
         294  1 0.1368 0.1342 0.1163 0.0189 0.1412 0.1435 0.1476 0.1615 
         295  1 0.1101 0.1522 0.1466 0.0284 0.1329 0.1312 0.1286 0.1700 
         296  1 0.1509 0.1320 0.1281 0.0944 0.1563 0.1097 0.1214 0.1073 
         297  1 0.1413 0.1226 0.1306 0.0307 0.1598 0.1390 0.1350 0.1409 
         298  1 0.1369 0.1420 0.1422 0.0104 0.1280 0.1494 0.1616 0.1295 
         299  1 0.1399 0.1527 0.1516 0.0304 0.1450 0.1248 0.1209 0.1346 
         300  1 0.1089 0.1110 0.1471 0.1170 0.1156 0.1358 0.1227 0.1418 
         301  1 0.0940 0.1000 0.1361 0.1808 0.1292 0.1017 0.1167 0.1414 
         302  1 0.1371 0.1400 0.1314 0.0321 0.1286 0.1491 0.1443 0.1375 
         303  1 0.1218 0.1161 0.1646 0.0350 0.1329 0.1418 0.1489 0.1389 
         304  1 0.1015 0.0905 0.1852 0.0343 0.1464 0.1595 0.1290 0.1537 
         305  1 0.1480 0.1559 0.1247 0.0193 0.1259 0.1703 0.1533 0.1026 
         306  1 0.1715 0.1431 0.1319 0.0416 0.1644 0.1066 0.1250 0.1159 
         307  1 0.1375 0.1512 0.1276 0.0172 0.1117 0.1847 0.1398 0.1304 
         308  1 0.1266 0.1225 0.1357 0.0317 0.1397 0.1497 0.1425 0.1517 
         309  1 0.1203 0.1232 0.1289 0.0328 0.1582 0.1442 0.1426 0.1497 
         310  1 0.1964 0.2354 0.0847 0.0220 0.0728 0.2214 0.1149 0.0523 
         311  1 0.1257 0.1319 0.1381 0.0225 0.1359 0.1510 0.1626 0.1324 
         312  1 0.1193 0.1196 0.1391 0.0325 0.1548 0.1336 0.1419 0.1592 
         313  1 0.1429 0.1260 0.1371 0.0189 0.1453 0.1493 0.1559 0.1246 
         314  1 0.1179 0.1007 0.1572 0.0234 0.1382 0.1673 0.1495 0.1458 
         315  1 0.1210 0.1459 0.1668 0.0156 0.1229 0.1391 0.1421 0.1466 
         316  1 0.1034 0.1158 0.1043 0.2397 0.1154 0.1067 0.1010 0.1137 
         317  1 0.1426 0.1582 0.1417 0.0285 0.1206 0.1564 0.1305 0.1214 
         318  1 0.1478 0.1426 0.1437 0.0184 0.1518 0.1233 0.1336 0.1389 
         319  1 0.1270 0.1135 0.1188 0.0240 0.1643 0.1160 0.1472 0.1893 
         320  1 0.1341 0.1324 0.1567 0.0240 0.1463 0.1438 0.1325 0.1302 
         321  1 0.0859 0.0887 0.0996 0.3326 0.0888 0.0920 0.0991 0.1134 
         322  1 0.1464 0.1502 0.1118 0.0396 0.1271 0.1632 0.1498 0.1119 
         323  1 0.1138 0.1157 0.1526 0.0324 0.1402 0.1501 0.1587 0.1365 
         324  1 0.1448 0.1445 0.1425 0.0274 0.1080 0.1478 0.1512 0.1338 
         325  1 0.1436 0.1348 0.1453 0.0138 0.1481 0.1424 0.1504 0.1217 
         326  1 0.1528 0.1490 0.1376 0.0144 0.1680 0.1476 0.1308 0.0998 
         327  1 0.1458 0.1378 0.1253 0.0950 0.1360 0.1138 0.1185 0.1279 
         328  1 0.1397 0.1430 0.1549 0.0095 0.1129 0.1653 0.1364 0.1382 
         329  1 0.1053 0.1554 0.1402 0.0269 0.1372 0.1293 0.1248 0.1809 
         330  1 0.1139 0.1393 0.1311 0.0914 0.1216 0.1417 0.1245 0.1365 
         331  1 0.1455 0.1196 0.1412 0.0348 0.1410 0.1348 0.1536 0.1295 
         332  1 0.1549 0.1487 0.1341 0.0132 0.1370 0.1630 0.1393 0.1098 
         333  1 0.1351 0.1283 0.1366 0.0172 0.1471 0.1324 0.1438 0.1595 
         334  1 0.1370 0.1584 0.1406 0.0217 0.1201 0.1617 0.1313 0.1293 
         335  1 0.1347 0.1401 0.1167 0.1318 0.1312 0.1088 0.1199 0.1169 
         336  1 0.1457 0.1237 0.1384 0.0562 0.1364 0.1188 0.1450 0.1358 
         337  1 0.2012 0.2360 0.0825 0.0091 0.0781 0.2113 0.1187 0.0631 
         338  1 0.1272 0.1146 0.1951 0.0133 0.1392 0.1092 0.1390 0.1626 
         339  1 0.2029 0.2426 0.0786 0.0216 0.0691 0.2248 0.1199 0.0403 
         340  1 0.1112 0.1222 0.0975 0.2673 0.0916 0.1114 0.1002 0.0986 
         341  1 0.1334 0.1240 0.1536 0.0814 0.1291 0.1248 0.1232 0.1304 
         342  1 0.1388 0.1518 0.1337 0.0224 0.1218 0.1575 0.1471 0.1270 
         343  1 0.1523 0.1429 0.1485 0.0187 0.1725 0.1166 0.1318 0.1165 
         344  1 0.1449 0.1306 0.1385 0.0350 0.1620 0.1234 0.1299 0.1357 
         345  1 0.1595 0.1547 0.1475 0.0149 0.1416 0.1146 0.1467 0.1204 
         346  1 0.1148 0.1177 0.1449 0.0257 0.1506 0.1415 0.1345 0.1704 
         347  1 0.1721 0.1425 0.1440 0.0194 0.1868 0.1039 0.1170 0.1142 
         348  1 0.1259 0.1392 0.1394 0.0360 0.1321 0.1377 0.1382 0.1515 
         349  1 0.1199 0.1243 0.1614 0.0382 0.1485 0.1227 0.1336 0.1514 
         350  1 0.1053 0.1240 0.1251 0.1502 0.1192 0.1168 0.1267 0.1326 
         351  1 0.1026 0.1260 0.1328 0.0514 0.1478 0.1337 0.1305 0.1751 
         352  1 0.1357 0.1193 0.1496 0.0135 0.1425 0.1317 0.1567 0.1510 
         353  1 0.0990 0.0755 0.0792 0.4797 0.0938 0.0559 0.0558 0.0612 
         354  1 0.1243 0.1198 0.1703 0.0183 0.1410 0.1313 0.1358 0.1592 
         355  1 0.1246 0.1382 0.1768 0.0155 0.1349 0.1314 0.1145 0.1642 
         356  1 0.1419 0.1532 0.1370 0.0442 0.1334 0.1254 0.1335 0.1314 
         357  1 0.1612 0.1542 0.1572 0.0267 0.1552 0.1155 0.1076 0.1223 
         358  1 0.1594 0.1611 0.1450 0.0198 0.1341 0.1349 0.1361 0.1096 
         359  1 0.1351 0.1150 0.1667 0.0546 0.1415 0.1044 0.1367 0.1460 
         360  1 0.1508 0.1590 0.1397 0.0355 0.1644 0.1121 0.1165 0.1220 
         361  1 0.1265 0.1505 0.1417 0.0260 0.1412 0.1408 0.1339 0.1395 
         362  1 0.1317 0.1286 0.1184 0.1480 0.1258 0.1185 0.1096 0.1194 
         363  1 0.1358 0.1377 0.1213 0.0924 0.1360 0.1347 0.1191 0.1230 
         364  1 0.1537 0.1545 0.1175 0.0395 0.1432 0.1290 0.1284 0.1342 
         365  1 0.1414 0.1415 0.1117 0.1294 0.1164 0.1180 0.1245 0.1171 
         366  1 0.1271 0.1072 0.1292 0.0552 0.1540 0.1150 0.1353 0.1769 
         367  1 0.0648 0.0740 0.0567 0.5743 0.0507 0.0658 0.0648 0.0488 
         368  1 0.1686 0.1386 0.1231 0.0194 0.1524 0.1355 0.1380 0.1243 
         369  1 0.1302 0.1337 0.1462 0.0203 0.1291 0.1528 0.1457 0.1421 
         370  1 0.1615 0.1442 0.1602 0.0405 0.1728 0.1005 0.1056 0.1147 
         371  1 0.1450 0.1235 0.1323 0.0719 0.1485 0.1177 0.1293 0.1317 
         372  1 0.1232 0.1273 0.1356 0.0259 0.1482 0.1570 0.1522 0.1305 
         373  1 0.1189 0.1334 0.1396 0.1104 0.1348 0.1074 0.1162 0.1391 
         374  1 0.1347 0.1391 0.1598 0.0349 0.1357 0.1235 0.1285 0.1439 
         375  1 0.1140 0.1055 0.1391 0.0629 0.1359 0.1120 0.1403 0.1903 
         376  1 0.1092 0.1315 0.1544 0.0630 0.1527 0.1273 0.1223 0.1395 
         377  1 0.1554 0.1594 0.1540 0.0222 0.1407 0.1205 0.1247 0.1231 
         378  1 0.1362 0.1506 0.1370 0.0192 0.1512 0.1377 0.1409 0.1272 
         379  1 0.1173 0.1141 0.1312 0.0528 0.1464 0.1358 0.1402 0.1621 
         380  1 0.1335 0.1670 0.1403 0.0476 0.1420 0.1152 0.1171 0.1374 
         381  1 0.1150 0.1252 0.1522 0.0268 0.1401 0.1361 0.1443 0.1602 
         382  1 0.1357 0.1387 0.1337 0.0202 0.1573 0.1343 0.1534 0.1266 
         383  1 0.1119 0.1349 0.1461 0.0357 0.1372 0.1304 0.1517 0.1520 
         384  1 0.1351 0.1489 0.1275 0.0096 0.1367 0.1491 0.1635 0.1297 
         385  1 0.1341 0.1357 0.1217 0.0698 0.1360 0.1342 0.1356 0.1330 
         386  1 0.1456 0.1395 0.1512 0.0158 0.1209 0.1552 0.1466 0.1252 
         387  1 0.1276 0.1463 0.1204 0.0872 0.1198 0.1403 0.1253 0.1331 
         388  1 0.1255 0.1131 0.1133 0.2867 0.1269 0.0738 0.0803 0.0804 
         389  1 0.1013 0.1052 0.1120 0.2982 0.1255 0.0796 0.0798 0.0985 
         390  1 0.1452 0.1625 0.1278 0.0239 0.1212 0.1542 0.1388 0.1264 
         391  1 0.1654 0.1497 0.1254 0.0272 0.1545 0.1193 0.1385 0.1199 
         392  1 0.1276 0.1368 0.1537 0.0719 0.1216 0.1313 0.1286 0.1285 
         393  1 0.1086 0.1134 0.1489 0.0265 0.1219 0.1288 0.1348 0.2171 
         394  1 0.1752 0.1350 0.1412 0.0311 0.1885 0.0963 0.1227 0.1099 
         395  1 0.1496 0.1542 0.1355 0.0528 0.1181 0.1419 0.1339 0.1140 
         396  1 0.1948 0.2400 0.0855 0.0175 0.0746 0.2128 0.1209 0.0539 
         397  1 0.1206 0.1328 0.1299 0.1300 0.1339 0.1087 0.1171 0.1270 
         398  1 0.1147 0.1263 0.1309 0.0134 0.1311 0.1487 0.1486 0.1865 
         399  1 0.1227 0.1239 0.1636 0.0110 0.1655 0.1348 0.1314 0.1471 
         400  1 0.1395 0.1545 0.1253 0.0546 0.1164 0.1383 0.1236 0.1476 
         401  1 0.1515 0.1230 0.1147 0.1364 0.1392 0.1090 0.1089 0.1172 
         402  1 0.1612 0.1840 0.1067 0.0261 0.1102 0.1741 0.1352 0.1025 
         403  1 0.1137 0.1274 0.1138 0.1971 0.1115 0.1210 0.1016 0.1137 
         404  1 0.1095 0.1109 0.1817 0.0310 0.1444 0.1341 0.1278 0.1607 
         405  1 0.1507 0.1424 0.1517 0.0153 0.1396 0.1290 0.1217 0.1495 
         406  1 0.0860 0.0847 0.0871 0.4304 0.0811 0.0712 0.0777 0.0819 
         407  1 0.1321 0.1161 0.1088 0.1497 0.1430 0.1104 0.1213 0.1186 
         408  1 0.1137 0.1185 0.1493 0.0145 0.1638 0.1456 0.1424 0.1521 
         409  1 0.1518 0.1468 0.1200 0.0364 0.1284 0.1546 0.1334 0.1287 
         410  1 0.1227 0.1180 0.1107 0.1825 0.1097 0.1189 0.1186 0.1190 
         411  1 0.1250 0.1257 0.1506 0.0215 0.1450 0.1347 0.1409 0.1566 
         412  1 0.1256 0.1268 0.1446 0.0253 0.1319 0.1292 0.1437 0.1729 
         413  1 0.1378 0.1181 0.1573 0.0123 0.1277 0.1436 0.1695 0.1337 
         414  1 0.1831 0.1570 0.1100 0.0875 0.1225 0.1244 0.1227 0.0928 
         415  1 0.1688 0.1440 0.1306 0.0222 0.1753 0.1204 0.1227 0.1161 
         416  1 0.1461 0.1239 0.1459 0.0142 0.1446 0.1361 0.1526 0.1366 
         417  1 0.2260 0.1505 0.1398 0.0395 0.1548 0.0954 0.0980 0.0960 
         418  1 0.1164 0.1367 0.1523 0.0156 0.1392 0.1502 0.1409 0.1487 
         419  1 0.1857 0.1239 0.1535 0.0358 0.1690 0.0986 0.1110 0.1225 
         420  1 0.0986 0.0878 0.0920 0.3413 0.1056 0.0860 0.0924 0.0963 
         421  1 0.1592 0.1544 0.1131 0.0235 0.1221 0.1788 0.1306 0.1183 
         422  1 0.1302 0.1088 0.1469 0.0122 0.1461 0.1621 0.1449 0.1489 
         423  1 0.1511 0.1332 0.1630 0.0171 0.1699 0.1058 0.1212 0.1387 
         424  1 0.1547 0.1157 0.1406 0.0800 0.1391 0.1083 0.1222 0.1394 
         425  1 0.1673 0.1385 0.1226 0.0681 0.1220 0.1198 0.1331 0.1288 
         426  1 0.1202 0.1278 0.1311 0.0370 0.1262 0.1471 0.1541 0.1565 
         427  1 0.1404 0.1440 0.1402 0.0124 0.1742 0.1291 0.1387 0.1209 
         428  1 0.1877 0.2190 0.1032 0.0198 0.0999 0.1790 0.1233 0.0681 
         429  1 0.0903 0.0852 0.0835 0.3199 0.0987 0.0900 0.0989 0.1335 
         430  1 0.1538 0.1513 0.1254 0.0253 0.1335 0.1572 0.1421 0.1115 
         431  1 0.1344 0.1352 0.1483 0.0168 0.1517 0.1365 0.1388 0.1383 
         432  1 0.1447 0.1492 0.1710 0.0127 0.1481 0.1112 0.1288 0.1342 
         433  1 0.1318 0.1403 0.1527 0.0108 0.1345 0.1417 0.1374 0.1507 
         434  1 0.1222 0.1380 0.1818 0.0244 0.1251 0.1395 0.1142 0.1548 
         435  1 0.1462 0.1416 0.1268 0.0467 0.1216 0.1393 0.1314 0.1463 
         436  1 0.1565 0.1585 0.1340 0.0272 0.1186 0.1474 0.1286 0.1294 
         437  1 0.1087 0.1323 0.1519 0.0188 0.1438 0.1417 0.1305 0.1723 
         438  1 0.1415 0.1323 0.1360 0.0268 0.1526 0.1390 0.1326 0.1393 
         439  1 0.1639 0.1999 0.0963 0.0479 0.0903 0.1766 0.1323 0.0927 
         440  1 0.1264 0.1043 0.1514 0.0134 0.1276 0.1785 0.1760 0.1224 
         441  1 0.1442 0.1411 0.1417 0.0714 0.1612 0.1079 0.1099 0.1226 
         442  1 0.1600 0.1254 0.1332 0.1218 0.1626 0.0887 0.1020 0.1063 
         443  1 0.1418 0.1232 0.1231 0.0142 0.1517 0.1163 0.1425 0.1873 
         444  1 0.1275 0.1283 0.1443 0.0097 0.1598 0.1369 0.1441 0.1495 
         445  1 0.1367 0.1413 0.1235 0.0277 0.1184 0.1610 0.1340 0.1574 
         446  1 0.1209 0.1093 0.1665 0.0319 0.1429 0.1330 0.1408 0.1547 
         447  1 0.1320 0.1208 0.1259 0.1875 0.1303 0.0942 0.1086 0.1007 
         448  1 0.1380 0.1499 0.1323 0.0240 0.1154 0.1685 0.1361 0.1358 
         449  1 0.1327 0.1137 0.1228 0.0168 0.1353 0.1690 0.1678 0.1418 
         450  1 0.1001 0.0951 0.1137 0.2359 0.1195 0.1051 0.1066 0.1241 
         451  1 0.1055 0.1232 0.0950 0.2850 0.0893 0.1118 0.0957 0.0946 
         452  1 0.1060 0.1020 0.1665 0.0154 0.1577 0.1462 0.1298 0.1764 
         453  1 0.1649 0.1967 0.1057 0.0331 0.1071 0.1652 0.1262 0.1011 
         454  1 0.1632 0.1471 0.1331 0.0305 0.1581 0.1196 0.1313 0.1171 
         455  1 0.1026 0.1105 0.1460 0.0305 0.1396 0.1704 0.1420 0.1585 
         456  1 0.1474 0.1418 0.1455 0.0301 0.1605 0.1166 0.1298 0.1285 
         457  1 0.1188 0.1402 0.1445 0.0127 0.1410 0.1612 0.1309 0.1505 
         458  1 0.1330 0.1226 0.1474 0.0205 0.1356 0.1407 0.1538 0.1465 
         459  1 0.1060 0.1195 0.1287 0.1315 0.1279 0.1269 0.1262 0.1333 
         460  1 0.0883 0.0964 0.0955 0.3235 0.0944 0.1000 0.0946 0.1073 
         461  1 0.1203 0.1236 0.1305 0.0438 0.1286 0.1577 0.1564 0.1390 
         462  1 0.1452 0.1545 0.1246 0.0149 0.1427 0.1464 0.1398 0.1319 
         463  1 0.1175 0.1121 0.1524 0.0165 0.1449 0.1626 0.1569 0.1370 
         464  1 0.1192 0.1288 0.1552 0.0202 0.1432 0.1239 0.1396 0.1699 
         465  1 0.1489 0.1353 0.1361 0.0493 0.1329 0.1361 0.1403 0.1212 
         466  1 0.1599 0.1219 0.1055 0.1487 0.1300 0.0945 0.1188 0.1207 
         467  1 0.1279 0.1378 0.1601 0.0164 0.1428 0.1322 0.1266 0.1560 
         468  1 0.1230 0.1345 0.1402 0.0296 0.1306 0.1594 0.1370 0.1455 
         469  1 0.1378 0.1402 0.1439 0.0110 0.1429 0.1560 0.1329 0.1354 
         470  1 0.1088 0.1069 0.1449 0.1143 0.1445 0.1241 0.1161 0.1404 
         471  1 0.1393 0.1190 0.1355 0.0948 0.1214 0.1263 0.1252 0.1385 
         472  1 0.1218 0.1094 0.1237 0.0504 0.1502 0.1521 0.1386 0.1537 
         473  1 0.1246 0.1589 0.1625 0.0167 0.1334 0.1329 0.1256 0.1454 
         474  1 0.1270 0.1315 0.1537 0.0382 0.1298 0.1406 0.1400 0.1393 
         475  1 0.1194 0.1292 0.1738 0.0092 0.1450 0.1140 0.1519 0.1575 
         476  1 0.1249 0.1048 0.0970 0.2368 0.1161 0.0918 0.1061 0.1224 
         477  1 0.1157 0.1199 0.1606 0.0723 0.1249 0.1268 0.1333 0.1465 
         478  1 0.1574 0.1322 0.1151 0.0400 0.1470 0.1423 0.1564 0.1096 
         479  1 0.1401 0.1179 0.1451 0.0381 0.1527 0.1166 0.1320 0.1575 
         480  1 0.1538 0.1385 0.1246 0.0497 0.1609 0.1197 0.1288 0.1239 
         481  1 0.1204 0.1381 0.1267 0.0890 0.1357 0.1395 0.1223 0.1283 
         482  1 0.1266 0.1308 0.1141 0.1466 0.1048 0.1411 0.1284 0.1076 
         483  1 0.1422 0.1760 0.1142 0.0146 0.1239 0.1670 0.1350 0.1272 
         484  1 0.1371 0.1486 0.1179 0.0770 0.1209 0.1337 0.1304 0.1344 
         485  1 0.1220 0.1278 0.1152 0.1371 0.1284 0.1258 0.1338 0.1099 
         486  1 0.1126 0.1166 0.1733 0.0845 0.1268 0.1089 0.1270 0.1503 
         487  1 0.1600 0.1515 0.1401 0.0287 0.1457 0.1181 0.1356 0.1203 
         488  1 0.1092 0.1221 0.1066 0.1071 0.1521 0.1174 0.1382 0.1473 
         489  1 0.1345 0.1350 0.1287 0.0214 0.1297 0.1471 0.1618 0.1419 
         490  1 0.1533 0.1418 0.1392 0.0458 0.1447 0.1144 0.1163 0.1445 
         491  1 0.1474 0.1156 0.1143 0.0404 0.1414 0.1439 0.1646 0.1324 
         492  1 0.1576 0.1385 0.1042 0.0648 0.1375 0.1210 0.1397 0.1366 
         493  1 0.1416 0.1266 0.1237 0.0131 0.1238 0.1586 0.1617 0.1508 
         494  1 0.1228 0.1291 0.1613 0.0198 0.1325 0.1207 0.1520 0.1617 
         495  1 0.1413 0.1710 0.1333 0.0441 0.1264 0.1278 0.1257 0.1303 
         496  1 0.1644 0.1811 0.0946 0.0713 0.0988 0.1539 0.1343 0.1015 
         497  1 0.1474 0.1425 0.1316 0.0248 0.1539 0.1379 0.1295 0.1324 
         498  1 0.1313 0.1094 0.1330 0.0148 0.1331 0.1587 0.1818 0.1379 
         499  1 0.0864 0.1009 0.1249 0.2185 0.1118 0.1100 0.1075 0.1399 
         500  1 0.1263 0.1286 0.1610 0.0152 0.1475 0.1269 0.1444 0.1499 
         501  1 0.1073 0.1116 0.1370 0.1396 0.1157 0.1240 0.1165 0.1482 
         502  1 0.1319 0.1387 0.1336 0.0237 0.1471 0.1371 0.1408 0.1472 
         503  1 0.1557 0.1573 0.1123 0.0152 0.1171 0.1765 0.1497 0.1163 
         504  1 0.1298 0.1048 0.1472 0.0080 0.1245 0.1711 0.1753 0.1394 
         505  1 0.0773 0.0741 0.0720 0.4810 0.0710 0.0751 0.0730 0.0764 
         506  1 0.1077 0.1042 0.0783 0.3462 0.0904 0.0936 0.0871 0.0925 
         507  1 0.1251 0.1541 0.1115 0.0788 0.1302 0.1332 0.1294 0.1378 
         508  1 0.1208 0.1214 0.1477 0.0240 0.1281 0.1470 0.1586 0.1524 
         509  1 0.0776 0.0729 0.1018 0.3830 0.0885 0.0912 0.0833 0.1017 
         510  1 0.1081 0.1349 0.1559 0.0509 0.1235 0.1444 0.1278 0.1544 
         511  1 0.1397 0.1621 0.1372 0.0227 0.1358 0.1301 0.1234 0.1490 
         512  1 0.1328 0.1306 0.1287 0.1532 0.1097 0.1153 0.1132 0.1166 
         513  1 0.1104 0.1170 0.1481 0.0396 0.1523 0.1381 0.1251 0.1693 
         514  1 0.1028 0.1237 0.0999 0.2065 0.1144 0.1223 0.1172 0.1131 
         515  1 0.1464 0.1370 0.1189 0.0793 0.1380 0.1149 0.1337 0.1319 
         516  1 0.1500 0.1174 0.1199 0.1379 0.1369 0.1036 0.1208 0.1135 
         517  1 0.1069 0.1049 0.1221 0.0225 0.1678 0.1306 0.1459 0.1992 
         518  1 0.1188 0.1364 0.1156 0.0347 0.1500 0.1230 0.1283 0.1932 
         519  1 0.0963 0.1284 0.1333 0.0087 0.1569 0.1448 0.1408 0.1907 
         520  1 0.1148 0.0931 0.1221 0.0512 0.1431 0.1420 0.1491 0.1845 
         521  1 0.1312 0.1299 0.1408 0.0349 0.1752 0.1141 0.1169 0.1570 
         522  1 0.1208 0.1157 0.0940 0.2406 0.1088 0.1031 0.1117 0.1054 
         523  1 0.1055 0.1150 0.1619 0.0151 0.1389 0.1458 0.1480 0.1698 
         524  1 0.1084 0.1104 0.1393 0.0586 0.1317 0.1264 0.1335 0.1917 
         525  1 0.1519 0.1443 0.1324 0.1344 0.1233 0.0954 0.1146 0.1037 
         526  1 0.1171 0.1350 0.1575 0.0123 0.1377 0.1427 0.1537 0.1440 
         527  1 0.1198 0.1001 0.1047 0.2047 0.1190 0.1153 0.1276 0.1088 
         528  1 0.1409 0.1539 0.1034 0.1113 0.1240 0.1269 0.1369 0.1027 
         529  1 0.1358 0.1579 0.1350 0.0320 0.1392 0.1401 0.1339 0.1261 
         530  1 0.1284 0.1348 0.1210 0.0843 0.1410 0.1312 0.1424 0.1170 
         531  1 0.1299 0.1104 0.1608 0.0502 0.1323 0.1285 0.1334 0.1545 
         532  1 0.1219 0.1248 0.1434 0.0337 0.1446 0.1406 0.1450 0.1459 
         533  1 0.1359 0.1475 0.1395 0.0279 0.1276 0.1566 0.1316 0.1333 
         534  1 0.1452 0.1083 0.1280 0.0281 0.1369 0.1706 0.1602 0.1227 
         535  1 0.1332 0.1305 0.1173 0.0507 0.1370 0.1502 0.1520 0.1292 
         536  1 0.1378 0.1172 0.1407 0.0661 0.1393 0.1225 0.1341 0.1423 
         537  1 0.1174 0.1325 0.1043 0.0535 0.1311 0.1281 0.1337 0.1994 
         538  1 0.0958 0.0918 0.0864 0.3927 0.0903 0.0801 0.0796 0.0834 
         539  1 0.1129 0.1183 0.1130 0.1376 0.1244 0.1315 0.1394 0.1227 
         540  1 0.1081 0.1170 0.1422 0.0245 0.1519 0.1617 0.1350 0.1595 
         541  1 0.1147 0.1150 0.1538 0.0160 0.1439 0.1668 0.1376 0.1522 
         542  1 0.1227 0.1452 0.1362 0.0154 0.1131 0.1559 0.1575 0.1540 
         543  1 0.1303 0.1076 0.1509 0.0129 0.1493 0.1547 0.1512 0.1430 
         544  1 0.1456 0.1460 0.1502 0.0211 0.1498 0.1157 0.1341 0.1375 
         545  1 0.1372 0.1324 0.1327 0.0281 0.1334 0.1530 0.1409 0.1423 
         546  1 0.1375 0.0918 0.1657 0.0103 0.1577 0.1521 0.1352 0.1497 
         547  1 0.1180 0.1041 0.1684 0.0370 0.1476 0.1146 0.1341 0.1762 
