           1  1 0.2102 0.1758 0.1960 0.2260 0.1920 
           2  1 0.0658 0.2317 0.2266 0.2611 0.2148 
           3  1 0.0474 0.2520 0.2132 0.2471 0.2403 
           4  1 0.1454 0.1959 0.2133 0.2368 0.2085 
           5  1 0.0236 0.2814 0.2031 0.2406 0.2513 
           6  1 0.0796 0.2230 0.2375 0.2462 0.2138 
           7  1 0.0200 0.2161 0.2744 0.2874 0.2021 
           8  1 0.5885 0.0977 0.1012 0.0962 0.1163 
           9  1 0.0172 0.2564 0.2428 0.2437 0.2398 
          10  1 0.0381 0.1873 0.2955 0.2930 0.1861 
          11  1 0.0224 0.2745 0.2131 0.2510 0.2390 
          12  1 0.0388 0.2655 0.2108 0.2596 0.2253 
          13  1 0.0363 0.2226 0.2384 0.2535 0.2492 
          14  1 0.0370 0.2496 0.2262 0.2593 0.2279 
          15  1 0.0793 0.1906 0.2489 0.2677 0.2135 
          16  1 0.0315 0.1995 0.2931 0.3118 0.1641 
          17  1 0.0311 0.2456 0.2298 0.2333 0.2602 
          18  1 0.3069 0.1607 0.1788 0.1875 0.1660 
          19  1 0.0895 0.2404 0.1988 0.2369 0.2344 
          20  1 0.0218 0.1900 0.3022 0.2841 0.2018 
          21  1 0.0338 0.2172 0.2584 0.2572 0.2334 
          22  1 0.0181 0.2449 0.2522 0.2233 0.2615 
          23  1 0.1116 0.2232 0.2212 0.2360 0.2079 
          24  1 0.0575 0.2434 0.2159 0.2413 0.2419 
          25  1 0.0343 0.2682 0.2306 0.2225 0.2444 
          26  1 0.0330 0.2619 0.2163 0.2391 0.2497 
          27  1 0.0450 0.2619 0.2037 0.2487 0.2408 
          28  1 0.0367 0.2293 0.2323 0.2695 0.2322 
          29  1 0.0175 0.2350 0.2284 0.2715 0.2476 
          30  1 0.0378 0.2063 0.2544 0.2742 0.2273 
          31  1 0.0845 0.2169 0.2502 0.2105 0.2379 
          32  1 0.0266 0.2307 0.2398 0.2854 0.2176 
          33  1 0.0733 0.1995 0.2447 0.2743 0.2083 
          34  1 0.0543 0.2413 0.2272 0.2188 0.2584 
          35  1 0.0417 0.2441 0.2493 0.2085 0.2564 
          36  1 0.0189 0.2403 0.2316 0.2772 0.2319 
          37  1 0.0217 0.3124 0.1634 0.2277 0.2748 
          38  1 0.0203 0.2680 0.2190 0.2579 0.2348 
          39  1 0.0490 0.2383 0.2246 0.2484 0.2397 
          40  1 0.3176 0.1703 0.1707 0.1529 0.1885 
          41  1 0.0329 0.2340 0.2715 0.2685 0.1931 
          42  1 0.0203 0.2423 0.2331 0.2769 0.2274 
          43  1 0.0612 0.2691 0.2006 0.2423 0.2268 
          44  1 0.0368 0.2355 0.2389 0.2663 0.2225 
          45  1 0.0196 0.2352 0.2196 0.2771 0.2485 
          46  1 0.0406 0.2252 0.2415 0.2650 0.2278 
          47  1 0.0495 0.2655 0.2048 0.2323 0.2479 
          48  1 0.1585 0.2429 0.1999 0.1878 0.2109 
          49  1 0.0353 0.2434 0.2215 0.2706 0.2292 
          50  1 0.0148 0.2228 0.2296 0.2759 0.2569 
          51  1 0.0570 0.2194 0.2431 0.2541 0.2264 
          52  1 0.0266 0.2242 0.2696 0.2970 0.1826 
          53  1 0.0303 0.2402 0.2344 0.2531 0.2420 
          54  1 0.1062 0.2416 0.1901 0.2448 0.2173 
          55  1 0.4287 0.1385 0.1498 0.1568 0.1263 
          56  1 0.0382 0.1988 0.2568 0.2923 0.2139 
          57  1 0.0129 0.2503 0.2387 0.2895 0.2086 
          58  1 0.0335 0.2653 0.2085 0.2412 0.2514 
          59  1 0.0144 0.2623 0.2273 0.2654 0.2306 
          60  1 0.0214 0.2549 0.2226 0.2448 0.2564 
          61  1 0.2393 0.1892 0.1896 0.2100 0.1718 
          62  1 0.0148 0.2401 0.2278 0.2876 0.2297 
          63  1 0.0481 0.2581 0.2309 0.2231 0.2398 
          64  1 0.0271 0.2288 0.2601 0.2709 0.2131 
          65  1 0.0445 0.2769 0.1759 0.2246 0.2781 
          66  1 0.0379 0.2429 0.2255 0.2534 0.2402 
          67  1 0.0208 0.2377 0.2456 0.2484 0.2475 
          68  1 0.0216 0.2317 0.2552 0.2668 0.2247 
          69  1 0.0583 0.2415 0.2318 0.2286 0.2397 
          70  1 0.0744 0.2430 0.2242 0.1824 0.2760 
          71  1 0.2767 0.1588 0.1934 0.2075 0.1636 
          72  1 0.0190 0.2373 0.2232 0.2861 0.2345 
          73  1 0.0920 0.2322 0.2180 0.2164 0.2413 
          74  1 0.0787 0.2161 0.2448 0.2497 0.2107 
          75  1 0.0350 0.2382 0.2292 0.2646 0.2330 
          76  1 0.1289 0.1901 0.2372 0.2251 0.2187 
          77  1 0.1122 0.2322 0.2162 0.2134 0.2261 
          78  1 0.0542 0.2910 0.1885 0.2205 0.2458 
          79  1 0.0178 0.2383 0.2263 0.2896 0.2280 
          80  1 0.1626 0.2012 0.2194 0.2308 0.1860 
          81  1 0.1783 0.2103 0.2018 0.1943 0.2152 
          82  1 0.0476 0.2518 0.2257 0.2150 0.2598 
          83  1 0.0816 0.2251 0.2427 0.2120 0.2387 
          84  1 0.0758 0.2245 0.2509 0.2154 0.2334 
          85  1 0.0428 0.2311 0.2301 0.2587 0.2373 
          86  1 0.2674 0.1856 0.1891 0.1811 0.1769 
          87  1 0.0260 0.2287 0.2605 0.2528 0.2320 
          88  1 0.0584 0.2287 0.2363 0.2489 0.2277 
          89  1 0.0650 0.2001 0.2689 0.2467 0.2193 
          90  1 0.2751 0.1590 0.1931 0.1997 0.1731 
          91  1 0.0926 0.2188 0.2344 0.2311 0.2232 
          92  1 0.0559 0.2115 0.2453 0.2565 0.2308 
          93  1 0.0541 0.2288 0.2446 0.2279 0.2446 
          94  1 0.3051 0.1394 0.2187 0.2045 0.1324 
          95  1 0.0435 0.1956 0.2674 0.3021 0.1914 
          96  1 0.0648 0.1631 0.3112 0.3073 0.1536 
          97  1 0.0254 0.2556 0.2482 0.2436 0.2272 
          98  1 0.0253 0.2642 0.2288 0.1889 0.2929 
          99  1 0.0258 0.2286 0.2787 0.2280 0.2389 
         100  1 0.0471 0.3079 0.1615 0.2171 0.2665 
         101  1 0.0947 0.2402 0.2103 0.1980 0.2568 
         102  1 0.0253 0.2268 0.2408 0.2703 0.2369 
         103  1 0.3051 0.2013 0.1413 0.1539 0.1983 
         104  1 0.0378 0.2601 0.2219 0.2055 0.2748 
         105  1 0.0572 0.2297 0.2486 0.2485 0.2160 
         106  1 0.0542 0.2218 0.2519 0.2141 0.2580 
         107  1 0.0517 0.2928 0.1872 0.2139 0.2545 
         108  1 0.0511 0.2022 0.2725 0.2884 0.1857 
         109  1 0.0581 0.2618 0.2235 0.2216 0.2351 
         110  1 0.0390 0.2400 0.2322 0.2614 0.2274 
         111  1 0.0626 0.2266 0.2349 0.2185 0.2574 
         112  1 0.0553 0.2725 0.1906 0.2061 0.2756 
         113  1 0.0240 0.2231 0.2380 0.2966 0.2184 
         114  1 0.0953 0.1908 0.2590 0.2672 0.1877 
         115  1 0.0685 0.2492 0.2080 0.2311 0.2432 
         116  1 0.0243 0.2489 0.2319 0.2425 0.2525 
         117  1 0.0575 0.2260 0.2415 0.2591 0.2160 
         118  1 0.0715 0.2375 0.2242 0.2437 0.2231 
         119  1 0.0504 0.2382 0.2570 0.1900 0.2644 
         120  1 0.3073 0.1650 0.1825 0.1802 0.1650 
         121  1 0.0609 0.2489 0.2127 0.2379 0.2396 
         122  1 0.0466 0.2440 0.2331 0.1982 0.2782 
         123  1 0.0258 0.2329 0.2530 0.2284 0.2598 
         124  1 0.0282 0.2394 0.2436 0.2691 0.2197 
         125  1 0.1250 0.2111 0.2302 0.1934 0.2403 
         126  1 0.0254 0.2387 0.2320 0.2654 0.2385 
         127  1 0.0493 0.2527 0.2240 0.2342 0.2398 
         128  1 0.0280 0.2845 0.2049 0.2109 0.2716 
         129  1 0.3176 0.1612 0.1936 0.1678 0.1599 
         130  1 0.1029 0.2303 0.2222 0.1946 0.2500 
         131  1 0.0515 0.2241 0.2443 0.2541 0.2259 
         132  1 0.0297 0.2506 0.2466 0.2448 0.2283 
         133  1 0.0245 0.2424 0.2795 0.2249 0.2286 
         134  1 0.0529 0.1929 0.2935 0.2888 0.1719 
         135  1 0.6466 0.0884 0.0914 0.0875 0.0861 
         136  1 0.0603 0.2357 0.2393 0.2125 0.2523 
         137  1 0.2626 0.1929 0.1723 0.1901 0.1821 
         138  1 0.0334 0.2312 0.2479 0.2705 0.2170 
         139  1 0.0548 0.2573 0.2268 0.2382 0.2229 
         140  1 0.0655 0.2322 0.2477 0.2499 0.2047 
         141  1 0.1191 0.2517 0.2297 0.2116 0.1878 
         142  1 0.1038 0.2248 0.2194 0.1999 0.2520 
         143  1 0.0646 0.2708 0.1763 0.2384 0.2500 
         144  1 0.0281 0.2460 0.2256 0.2489 0.2514 
         145  1 0.0200 0.2238 0.2541 0.2626 0.2396 
         146  1 0.0845 0.2737 0.1957 0.2037 0.2424 
         147  1 0.0267 0.2404 0.2261 0.2746 0.2323 
         148  1 0.0284 0.2672 0.2272 0.2272 0.2501 
         149  1 0.0766 0.2387 0.2350 0.2334 0.2163 
         150  1 0.1791 0.2199 0.1931 0.1862 0.2217 
         151  1 0.0742 0.2273 0.2533 0.2166 0.2287 
         152  1 0.0641 0.2434 0.2184 0.2094 0.2647 
         153  1 0.0487 0.2132 0.2698 0.2563 0.2119 
         154  1 0.0230 0.2472 0.2336 0.2053 0.2910 
         155  1 0.0770 0.2309 0.2261 0.2265 0.2395 
         156  1 0.0576 0.2186 0.2683 0.2622 0.1932 
         157  1 0.0443 0.2318 0.2452 0.2400 0.2386 
         158  1 0.1808 0.1757 0.2281 0.2100 0.2054 
         159  1 0.0489 0.2260 0.2398 0.2519 0.2334 
         160  1 0.0390 0.2271 0.2347 0.2338 0.2655 
         161  1 0.2742 0.1685 0.1906 0.1799 0.1868 
         162  1 0.0373 0.2581 0.2230 0.2291 0.2525 
         163  1 0.1054 0.2040 0.2372 0.2306 0.2228 
         164  1 0.0542 0.2329 0.2539 0.2014 0.2576 
         165  1 0.0369 0.2409 0.2427 0.2420 0.2374 
         166  1 0.0697 0.2353 0.2382 0.2328 0.2241 
         167  1 0.0400 0.2416 0.2355 0.2139 0.2690 
         168  1 0.2430 0.1867 0.2009 0.1958 0.1736 
         169  1 0.0519 0.2370 0.2511 0.1880 0.2720 
         170  1 0.0238 0.2317 0.2376 0.2317 0.2752 
         171  1 0.0351 0.2070 0.2660 0.2777 0.2142 
         172  1 0.0348 0.2336 0.2281 0.2585 0.2451 
         173  1 0.0683 0.2502 0.2351 0.2118 0.2346 
         174  1 0.0566 0.2297 0.2217 0.2533 0.2387 
         175  1 0.0473 0.2468 0.2173 0.1939 0.2947 
         176  1 0.0905 0.2137 0.2348 0.2541 0.2070 
         177  1 0.1457 0.2256 0.2001 0.2157 0.2129 
         178  1 0.0448 0.2311 0.2285 0.2505 0.2450 
         179  1 0.0457 0.2097 0.2529 0.2664 0.2253 
         180  1 0.0107 0.2511 0.2482 0.2393 0.2508 
         181  1 0.0999 0.2172 0.2383 0.2478 0.1967 
         182  1 0.3518 0.1656 0.1601 0.1552 0.1673 
         183  1 0.1963 0.1971 0.2070 0.1793 0.2203 
         184  1 0.0783 0.2304 0.2496 0.1886 0.2531 
         185  1 0.0843 0.2138 0.2335 0.2458 0.2226 
         186  1 0.0430 0.2398 0.2541 0.2060 0.2571 
         187  1 0.0296 0.2273 0.2591 0.2096 0.2743 
         188  1 0.0340 0.2347 0.2536 0.1939 0.2837 
         189  1 0.0454 0.2428 0.2267 0.2637 0.2214 
         190  1 0.0551 0.2154 0.2647 0.1920 0.2729 
         191  1 0.0311 0.2437 0.2443 0.2422 0.2387 
         192  1 0.7273 0.0687 0.0680 0.0736 0.0624 
         193  1 0.6397 0.0899 0.1003 0.0892 0.0809 
         194  1 0.2039 0.2061 0.1879 0.1677 0.2344 
         195  1 0.0853 0.2342 0.2245 0.2035 0.2525 
         196  1 0.0269 0.2850 0.2200 0.2291 0.2390 
         197  1 0.1306 0.2151 0.2185 0.2366 0.1992 
         198  1 0.0355 0.2294 0.2391 0.2569 0.2391 
         199  1 0.1174 0.2266 0.2272 0.2260 0.2027 
         200  1 0.1101 0.2153 0.2289 0.2130 0.2327 
         201  1 0.2244 0.1809 0.1982 0.2113 0.1852 
         202  1 0.0136 0.2381 0.2428 0.2833 0.2222 
         203  1 0.0972 0.2701 0.1857 0.1828 0.2640 
         204  1 0.0231 0.2301 0.2646 0.2353 0.2470 
         205  1 0.0209 0.2309 0.2665 0.2601 0.2216 
         206  1 0.0381 0.2192 0.2583 0.2599 0.2245 
         207  1 0.0340 0.2614 0.2516 0.2281 0.2250 
         208  1 0.0189 0.2501 0.2612 0.2271 0.2428 
         209  1 0.3249 0.1646 0.1765 0.1579 0.1761 
         210  1 0.0325 0.2680 0.2167 0.2490 0.2338 
         211  1 0.0438 0.2622 0.2403 0.2141 0.2396 
         212  1 0.1408 0.2030 0.2276 0.1810 0.2475 
         213  1 0.0598 0.2597 0.2082 0.1920 0.2803 
         214  1 0.0650 0.2580 0.1953 0.2346 0.2471 
         215  1 0.0742 0.2164 0.2558 0.2347 0.2189 
         216  1 0.0480 0.2678 0.2128 0.1836 0.2878 
         217  1 0.0462 0.2918 0.1761 0.2338 0.2521 
         218  1 0.0302 0.2551 0.2498 0.2248 0.2400 
         219  1 0.0218 0.2592 0.2456 0.2534 0.2200 
         220  1 0.1416 0.2170 0.2174 0.2004 0.2236 
         221  1 0.0773 0.2312 0.2199 0.2468 0.2248 
         222  1 0.1201 0.2446 0.2095 0.2029 0.2230 
         223  1 0.4170 0.1536 0.1445 0.1415 0.1434 
         224  1 0.0575 0.2197 0.2410 0.2631 0.2187 
         225  1 0.0313 0.2582 0.2151 0.2506 0.2449 
         226  1 0.0308 0.2606 0.2232 0.2502 0.2352 
         227  1 0.1489 0.2085 0.2330 0.1788 0.2309 
         228  1 0.0705 0.2349 0.2469 0.2085 0.2392 
         229  1 0.0240 0.2384 0.2708 0.2369 0.2299 
         230  1 0.0507 0.2428 0.2391 0.1767 0.2907 
         231  1 0.0197 0.2421 0.2348 0.2725 0.2309 
         232  1 0.0329 0.2486 0.2333 0.2454 0.2398 
         233  1 0.0624 0.2082 0.2504 0.2522 0.2269 
         234  1 0.0291 0.2286 0.2618 0.2301 0.2504 
         235  1 0.0233 0.2409 0.2385 0.2694 0.2280 
         236  1 0.0250 0.2713 0.2166 0.2497 0.2374 
         237  1 0.0387 0.2572 0.2253 0.2533 0.2255 
         238  1 0.0950 0.2059 0.2440 0.2455 0.2096 
         239  1 0.0104 0.2204 0.2412 0.2859 0.2421 
         240  1 0.2815 0.1847 0.1950 0.1767 0.1621 
         241  1 0.0268 0.2038 0.2790 0.2579 0.2326 
         242  1 0.0816 0.2444 0.2163 0.2318 0.2258 
         243  1 0.0317 0.2345 0.2408 0.2689 0.2241 
         244  1 0.0607 0.2664 0.2124 0.2393 0.2211 
         245  1 0.0244 0.2494 0.2399 0.2185 0.2678 
         246  1 0.0142 0.2279 0.2532 0.2724 0.2323 
         247  1 0.0957 0.2286 0.2200 0.2264 0.2294 
         248  1 0.0966 0.2388 0.2199 0.2313 0.2134 
         249  1 0.2427 0.1751 0.2063 0.1642 0.2117 
         250  1 0.0365 0.2751 0.2360 0.1818 0.2707 
         251  1 0.0373 0.2479 0.2374 0.1994 0.2780 
         252  1 0.0175 0.2891 0.2010 0.2356 0.2568 
         253  1 0.3391 0.1573 0.1665 0.1812 0.1559 
         254  1 0.7927 0.0502 0.0526 0.0462 0.0583 
         255  1 0.0906 0.2149 0.2379 0.2418 0.2148 
         256  1 0.0362 0.2328 0.2541 0.1894 0.2875 
         257  1 0.1227 0.2263 0.2153 0.1944 0.2413 
         258  1 0.0489 0.2117 0.2462 0.2563 0.2369 
         259  1 0.0499 0.2677 0.2055 0.2507 0.2263 
         260  1 0.0130 0.2960 0.2023 0.2275 0.2612 
         261  1 0.0267 0.2646 0.2535 0.2076 0.2476 
         262  1 0.0294 0.2575 0.2380 0.2204 0.2547 
         263  1 0.0867 0.2570 0.2189 0.2106 0.2268 
         264  1 0.0268 0.2499 0.2246 0.2670 0.2316 
         265  1 0.2218 0.1958 0.1957 0.1900 0.1967 
         266  1 0.0354 0.2148 0.2429 0.2566 0.2503 
         267  1 0.0420 0.2645 0.2226 0.2260 0.2449 
         268  1 0.0423 0.2728 0.1952 0.2281 0.2617 
         269  1 0.0736 0.2302 0.2357 0.2188 0.2418 
         270  1 0.4174 0.1312 0.1612 0.1346 0.1556 
         271  1 0.0421 0.2760 0.1976 0.2097 0.2746 
         272  1 0.0325 0.2425 0.2406 0.2060 0.2784 
         273  1 0.0197 0.2826 0.1981 0.2464 0.2531 
         274  1 0.0188 0.2309 0.2340 0.2707 0.2456 
         275  1 0.0503 0.2538 0.2210 0.2145 0.2603 
         276  1 0.0355 0.2582 0.2206 0.2264 0.2593 
         277  1 0.0978 0.2548 0.2051 0.1736 0.2688 
         278  1 0.0909 0.2561 0.1949 0.2387 0.2194 
         279  1 0.0141 0.2130 0.2999 0.2718 0.2012 
         280  1 0.0284 0.2554 0.2148 0.2597 0.2416 
         281  1 0.1913 0.2047 0.2056 0.1862 0.2123 
         282  1 0.0323 0.2153 0.2421 0.2719 0.2384 
         283  1 0.0185 0.2470 0.2625 0.2173 0.2547 
         284  1 0.0237 0.2654 0.2385 0.1926 0.2799 
         285  1 0.0478 0.2244 0.2476 0.2496 0.2306 
         286  1 0.3001 0.1808 0.1711 0.1821 0.1659 
         287  1 0.0391 0.2441 0.2306 0.2556 0.2306 
         288  1 0.0280 0.2716 0.2061 0.2468 0.2475 
         289  1 0.0471 0.2665 0.2290 0.2109 0.2466 
         290  1 0.0290 0.2579 0.2385 0.2425 0.2320 
         291  1 0.0553 0.2387 0.2519 0.2314 0.2227 
         292  1 0.0575 0.2404 0.2458 0.1668 0.2895 
         293  1 0.0298 0.2649 0.2201 0.2493 0.2358 
         294  1 0.0313 0.2202 0.2724 0.2458 0.2302 
         295  1 0.0493 0.1957 0.2831 0.2679 0.2040 
         296  1 0.1865 0.2240 0.2109 0.1680 0.2106 
         297  1 0.0530 0.2619 0.2253 0.2569 0.2030 
         298  1 0.0165 0.2393 0.2312 0.2489 0.2641 
         299  1 0.0615 0.2591 0.2119 0.2218 0.2458 
         300  1 0.1685 0.1924 0.2332 0.2027 0.2033 
         301  1 0.2848 0.1655 0.1984 0.1883 0.1630 
         302  1 0.0570 0.2144 0.2665 0.2314 0.2308 
         303  1 0.0531 0.2352 0.2385 0.2417 0.2315 
         304  1 0.0440 0.2397 0.2330 0.2515 0.2318 
         305  1 0.0343 0.2411 0.2321 0.2303 0.2622 
         306  1 0.0994 0.2469 0.1986 0.2048 0.2502 
         307  1 0.0232 0.2544 0.2277 0.2230 0.2717 
         308  1 0.0540 0.2244 0.2519 0.2770 0.1927 
         309  1 0.0545 0.2016 0.2605 0.2905 0.1929 
         310  1 0.0641 0.2177 0.2474 0.1954 0.2754 
         311  1 0.0364 0.2239 0.2431 0.2558 0.2408 
         312  1 0.0570 0.2126 0.2701 0.2710 0.1893 
         313  1 0.0284 0.2426 0.2433 0.2666 0.2191 
         314  1 0.0355 0.2264 0.2347 0.2806 0.2228 
         315  1 0.0231 0.2497 0.2524 0.2338 0.2410 
         316  1 0.4165 0.1412 0.1544 0.1553 0.1325 
         317  1 0.0469 0.2460 0.2238 0.2216 0.2618 
         318  1 0.0312 0.2530 0.2246 0.2463 0.2448 
         319  1 0.0393 0.1857 0.2773 0.2883 0.2094 
         320  1 0.0409 0.2599 0.2236 0.2375 0.2382 
         321  1 0.4781 0.1236 0.1375 0.1360 0.1248 
         322  1 0.0603 0.2164 0.2377 0.2428 0.2428 
         323  1 0.0546 0.2123 0.2548 0.2597 0.2186 
         324  1 0.0522 0.2622 0.2446 0.1845 0.2565 
         325  1 0.0222 0.2522 0.2107 0.2460 0.2689 
         326  1 0.0232 0.2497 0.2399 0.1921 0.2950 
         327  1 0.1881 0.2212 0.2050 0.1825 0.2032 
         328  1 0.0145 0.2712 0.2185 0.2304 0.2654 
         329  1 0.0395 0.1977 0.2803 0.2953 0.1873 
         330  1 0.1359 0.2167 0.2109 0.2242 0.2122 
         331  1 0.0566 0.2430 0.2099 0.2340 0.2565 
         332  1 0.0212 0.2553 0.2224 0.2273 0.2738 
         333  1 0.0275 0.2618 0.2525 0.2331 0.2251 
         334  1 0.0405 0.2440 0.2576 0.2084 0.2495 
         335  1 0.2771 0.1976 0.1749 0.1698 0.1805 
         336  1 0.0970 0.2242 0.2161 0.2217 0.2410 
         337  1 0.0156 0.2414 0.2637 0.1853 0.2941 
         338  1 0.0227 0.2868 0.2143 0.2414 0.2348 
         339  1 0.0586 0.2284 0.2418 0.1756 0.2957 
         340  1 0.3858 0.1543 0.1586 0.1415 0.1599 
         341  1 0.1332 0.2232 0.2066 0.2034 0.2336 
         342  1 0.0357 0.2371 0.2426 0.2203 0.2644 
         343  1 0.0290 0.2493 0.2193 0.2038 0.2985 
         344  1 0.0525 0.2258 0.2555 0.2132 0.2530 
         345  1 0.0269 0.2689 0.2002 0.2213 0.2827 
         346  1 0.0391 0.1966 0.2693 0.2897 0.2053 
         347  1 0.0327 0.2857 0.1956 0.1784 0.3076 
         348  1 0.0612 0.2165 0.2447 0.2347 0.2429 
         349  1 0.0741 0.2415 0.2296 0.2413 0.2134 
         350  1 0.2066 0.1872 0.2113 0.2065 0.1884 
         351  1 0.0793 0.1862 0.2734 0.2841 0.1771 
         352  1 0.0207 0.2501 0.2391 0.2581 0.2320 
         353  1 0.6933 0.0897 0.0647 0.0674 0.0849 
         354  1 0.0290 0.2700 0.2123 0.2502 0.2385 
         355  1 0.0244 0.2371 0.2460 0.2518 0.2407 
         356  1 0.0702 0.2434 0.2311 0.2089 0.2464 
         357  1 0.0535 0.2760 0.1910 0.2077 0.2717 
         358  1 0.0328 0.2898 0.1924 0.2182 0.2668 
         359  1 0.1173 0.2442 0.2010 0.2198 0.2177 
         360  1 0.0779 0.2688 0.1869 0.2120 0.2544 
         361  1 0.0415 0.2306 0.2478 0.2429 0.2372 
         362  1 0.2905 0.1762 0.1808 0.1686 0.1839 
         363  1 0.1711 0.2058 0.2028 0.1894 0.2310 
         364  1 0.0787 0.2461 0.2202 0.2112 0.2438 
         365  1 0.2512 0.1913 0.1902 0.1786 0.1887 
         366  1 0.0830 0.2102 0.2526 0.2551 0.1991 
         367  1 0.7276 0.0660 0.0699 0.0572 0.0792 
         368  1 0.0329 0.2436 0.2353 0.2134 0.2749 
         369  1 0.0324 0.2387 0.2420 0.2448 0.2421 
         370  1 0.0716 0.2819 0.1748 0.2024 0.2693 
         371  1 0.1403 0.2152 0.2094 0.2333 0.2017 
         372  1 0.0445 0.2194 0.2453 0.2523 0.2385 
         373  1 0.1508 0.2272 0.1957 0.2153 0.2110 
         374  1 0.0642 0.2478 0.2300 0.2362 0.2217 
         375  1 0.0953 0.1662 0.3011 0.2639 0.1735 
         376  1 0.1055 0.2486 0.2194 0.2108 0.2156 
         377  1 0.0402 0.2984 0.1788 0.2117 0.2710 
         378  1 0.0289 0.2477 0.2491 0.2056 0.2688 
         379  1 0.0773 0.1817 0.2777 0.2770 0.1863 
         380  1 0.0837 0.2485 0.2155 0.2143 0.2381 
         381  1 0.0431 0.2210 0.2607 0.2696 0.2056 
         382  1 0.0293 0.2377 0.2299 0.2714 0.2316 
         383  1 0.0626 0.2139 0.2439 0.2651 0.2145 
         384  1 0.0153 0.2295 0.2391 0.2638 0.2523 
         385  1 0.1272 0.2157 0.2317 0.2007 0.2247 
         386  1 0.0293 0.2373 0.2531 0.2422 0.2381 
         387  1 0.1722 0.1737 0.2313 0.2311 0.1918 
         388  1 0.5114 0.1429 0.0966 0.1068 0.1423 
         389  1 0.4833 0.1326 0.1172 0.1283 0.1385 
         390  1 0.0414 0.2359 0.2269 0.2484 0.2474 
         391  1 0.0456 0.2580 0.1987 0.2247 0.2730 
         392  1 0.1169 0.2274 0.2380 0.1854 0.2323 
         393  1 0.0378 0.2139 0.2810 0.2715 0.1957 
         394  1 0.0593 0.2890 0.1986 0.1865 0.2667 
         395  1 0.1097 0.2376 0.2306 0.1781 0.2439 
         396  1 0.0317 0.2451 0.2567 0.1811 0.2854 
         397  1 0.2470 0.1842 0.1883 0.1736 0.2069 
         398  1 0.0202 0.1910 0.3054 0.2657 0.2178 
         399  1 0.0165 0.2705 0.2305 0.2218 0.2606 
         400  1 0.0875 0.2183 0.2492 0.1917 0.2533 
         401  1 0.1924 0.2211 0.1998 0.1654 0.2213 
         402  1 0.0552 0.2416 0.2414 0.1774 0.2844 
         403  1 0.2813 0.1714 0.1969 0.1596 0.1908 
         404  1 0.0463 0.2584 0.2259 0.2460 0.2234 
         405  1 0.0297 0.2458 0.2533 0.2337 0.2375 
         406  1 0.6157 0.1031 0.0919 0.0881 0.1012 
         407  1 0.2976 0.1749 0.1815 0.1737 0.1723 
         408  1 0.0211 0.2232 0.2564 0.2825 0.2167 
         409  1 0.0632 0.2180 0.2581 0.2363 0.2244 
         410  1 0.2787 0.1756 0.1902 0.1738 0.1818 
         411  1 0.0320 0.2175 0.2681 0.2641 0.2183 
         412  1 0.0416 0.2364 0.2600 0.2179 0.2441 
         413  1 0.0186 0.2404 0.2385 0.2588 0.2437 
         414  1 0.1832 0.2295 0.1781 0.1694 0.2398 
         415  1 0.0438 0.2538 0.2221 0.1957 0.2846 
         416  1 0.0252 0.2140 0.2552 0.2613 0.2443 
         417  1 0.0993 0.2921 0.1559 0.1796 0.2732 
         418  1 0.0237 0.2050 0.2719 0.2813 0.2181 
         419  1 0.0742 0.2936 0.1818 0.2121 0.2384 
         420  1 0.4907 0.1321 0.1268 0.1259 0.1245 
         421  1 0.0416 0.2524 0.2339 0.1949 0.2772 
         422  1 0.0202 0.2582 0.2311 0.2719 0.2187 
         423  1 0.0266 0.2897 0.2013 0.2238 0.2585 
         424  1 0.1733 0.2187 0.1981 0.2000 0.2099 
         425  1 0.1369 0.2298 0.2178 0.1759 0.2396 
         426  1 0.0634 0.2125 0.2615 0.2527 0.2100 
         427  1 0.0216 0.2390 0.2350 0.2468 0.2576 
         428  1 0.0383 0.2441 0.2462 0.1734 0.2981 
         429  1 0.4410 0.1230 0.1630 0.1572 0.1158 
         430  1 0.0419 0.2256 0.2510 0.2227 0.2587 
         431  1 0.0280 0.2600 0.2349 0.2371 0.2400 
         432  1 0.0202 0.2974 0.1899 0.2301 0.2624 
         433  1 0.0176 0.2687 0.2245 0.2458 0.2434 
         434  1 0.0393 0.2581 0.2383 0.2296 0.2347 
         435  1 0.0694 0.2313 0.2554 0.2169 0.2270 
         436  1 0.0428 0.2563 0.2270 0.1948 0.2791 
         437  1 0.0308 0.2189 0.2759 0.2558 0.2185 
         438  1 0.0437 0.2573 0.2125 0.2558 0.2307 
         439  1 0.0794 0.2287 0.2571 0.1795 0.2553 
         440  1 0.0200 0.2350 0.2327 0.2747 0.2377 
         441  1 0.1335 0.2264 0.2064 0.1871 0.2466 
         442  1 0.2218 0.2437 0.1534 0.1603 0.2208 
         443  1 0.0246 0.2018 0.2914 0.2692 0.2129 
         444  1 0.0156 0.2185 0.2629 0.2999 0.2031 
         445  1 0.0495 0.2226 0.2564 0.2362 0.2354 
         446  1 0.0471 0.2332 0.2435 0.2654 0.2108 
         447  1 0.3148 0.1975 0.1481 0.1573 0.1823 
         448  1 0.0459 0.2237 0.2625 0.2329 0.2349 
         449  1 0.0254 0.2197 0.2502 0.2923 0.2124 
         450  1 0.3498 0.1636 0.1589 0.1652 0.1625 
         451  1 0.4241 0.1423 0.1535 0.1268 0.1534 
         452  1 0.0243 0.2116 0.2698 0.2923 0.2020 
         453  1 0.0689 0.2224 0.2449 0.2071 0.2566 
         454  1 0.0522 0.2495 0.2220 0.2075 0.2688 
         455  1 0.0445 0.2237 0.2390 0.2574 0.2355 
         456  1 0.0615 0.2370 0.2322 0.2329 0.2363 
         457  1 0.0202 0.2352 0.2423 0.2366 0.2656 
         458  1 0.0326 0.2452 0.2338 0.2580 0.2303 
         459  1 0.2313 0.1697 0.2099 0.2216 0.1675 
         460  1 0.5616 0.1050 0.1157 0.1171 0.1006 
         461  1 0.0768 0.2220 0.2239 0.2460 0.2312 
         462  1 0.0294 0.2507 0.2333 0.2261 0.2605 
         463  1 0.0259 0.2352 0.2338 0.2647 0.2404 
         464  1 0.0315 0.2323 0.2638 0.2692 0.2032 
         465  1 0.0871 0.2380 0.2163 0.2019 0.2567 
         466  1 0.2942 0.1905 0.1727 0.1641 0.1786 
         467  1 0.0280 0.2230 0.2650 0.2610 0.2229 
         468  1 0.0463 0.2213 0.2465 0.2631 0.2228 
         469  1 0.0173 0.2671 0.2297 0.1993 0.2866 
         470  1 0.1784 0.2013 0.2135 0.2202 0.1866 
         471  1 0.1674 0.2232 0.2076 0.1954 0.2064 
         472  1 0.0800 0.2098 0.2499 0.2598 0.2005 
         473  1 0.0275 0.2635 0.2156 0.2544 0.2390 
         474  1 0.0579 0.2594 0.2228 0.2134 0.2466 
         475  1 0.0140 0.3010 0.2044 0.2462 0.2344 
         476  1 0.3983 0.1543 0.1515 0.1420 0.1539 
         477  1 0.1186 0.2249 0.2293 0.2197 0.2075 
         478  1 0.0763 0.2414 0.2281 0.2451 0.2091 
         479  1 0.0616 0.2819 0.2093 0.2247 0.2226 
         480  1 0.1060 0.2432 0.2083 0.2056 0.2369 
         481  1 0.1441 0.2155 0.2173 0.1995 0.2237 
         482  1 0.2209 0.1885 0.2011 0.1722 0.2174 
         483  1 0.0231 0.2417 0.2517 0.2262 0.2573 
         484  1 0.1339 0.2161 0.2227 0.2002 0.2271 
         485  1 0.2177 0.1881 0.1996 0.1956 0.1989 
         486  1 0.1353 0.2224 0.2270 0.2185 0.1968 
         487  1 0.0507 0.2504 0.2181 0.2097 0.2711 
         488  1 0.2030 0.1534 0.2397 0.2098 0.1941 
         489  1 0.0309 0.2268 0.2513 0.2390 0.2521 
         490  1 0.0723 0.2519 0.2054 0.2270 0.2433 
         491  1 0.0757 0.2264 0.2399 0.2386 0.2193 
         492  1 0.1281 0.1940 0.2364 0.2211 0.2204 
         493  1 0.0202 0.2569 0.2231 0.2411 0.2588 
         494  1 0.0289 0.2414 0.2593 0.2478 0.2226 
         495  1 0.0802 0.2556 0.1978 0.2405 0.2259 
         496  1 0.1284 0.2030 0.2349 0.1982 0.2356 
         497  1 0.0401 0.2489 0.2250 0.2432 0.2428 
         498  1 0.0248 0.2488 0.2263 0.2692 0.2308 
         499  1 0.3947 0.1382 0.1698 0.1739 0.1234 
         500  1 0.0244 0.2581 0.2199 0.2580 0.2396 
         501  1 0.1695 0.2270 0.1850 0.2261 0.1924 
         502  1 0.0347 0.2494 0.2398 0.2383 0.2379 
         503  1 0.0266 0.2668 0.2287 0.2155 0.2625 
         504  1 0.0119 0.2425 0.2169 0.2863 0.2424 
         505  1 0.6017 0.0940 0.1051 0.0962 0.1030 
         506  1 0.4843 0.1144 0.1482 0.1221 0.1310 
         507  1 0.1561 0.1937 0.2343 0.2106 0.2053 
         508  1 0.0417 0.2269 0.2348 0.2552 0.2414 
         509  1 0.4898 0.1256 0.1367 0.1267 0.1211 
         510  1 0.0741 0.2264 0.2458 0.2195 0.2343 
         511  1 0.0385 0.2530 0.2236 0.2489 0.2360 
         512  1 0.2841 0.2091 0.1504 0.1713 0.1851 
         513  1 0.0559 0.2319 0.2417 0.2641 0.2065 
         514  1 0.3168 0.1566 0.1811 0.1761 0.1694 
         515  1 0.1165 0.2099 0.2399 0.1978 0.2359 
         516  1 0.2184 0.2160 0.1851 0.1655 0.2149 
         517  1 0.0333 0.1799 0.3084 0.3146 0.1638 
         518  1 0.0654 0.1634 0.3259 0.2628 0.1825 
         519  1 0.0155 0.2034 0.2798 0.2947 0.2066 
         520  1 0.0852 0.1700 0.2742 0.2834 0.1871 
         521  1 0.0570 0.2382 0.2330 0.2470 0.2248 
         522  1 0.4060 0.1479 0.1500 0.1446 0.1514 
         523  1 0.0226 0.2337 0.2429 0.2738 0.2270 
         524  1 0.0890 0.1661 0.3090 0.2590 0.1769 
         525  1 0.2444 0.2244 0.1445 0.1764 0.2103 
         526  1 0.0194 0.2514 0.2317 0.2615 0.2360 
         527  1 0.3663 0.1519 0.1631 0.1696 0.1491 
         528  1 0.2325 0.1848 0.1867 0.1920 0.2039 
         529  1 0.0532 0.2387 0.2367 0.1896 0.2818 
         530  1 0.1790 0.1934 0.2030 0.2079 0.2166 
         531  1 0.0829 0.2318 0.2303 0.2314 0.2236 
         532  1 0.0544 0.2523 0.2268 0.2506 0.2159 
         533  1 0.0422 0.2225 0.2706 0.2313 0.2334 
         534  1 0.0529 0.2326 0.2203 0.2636 0.2305 
         535  1 0.0888 0.2244 0.2384 0.2335 0.2150 
         536  1 0.1115 0.2403 0.2184 0.2125 0.2173 
         537  1 0.0943 0.1349 0.3242 0.2580 0.1887 
         538  1 0.6370 0.0918 0.0813 0.0910 0.0989 
         539  1 0.2137 0.1848 0.1996 0.2192 0.1827 
         540  1 0.0360 0.2408 0.2394 0.2559 0.2280 
         541  1 0.0234 0.2262 0.2523 0.2501 0.2480 
         542  1 0.0270 0.2507 0.2442 0.2432 0.2349 
         543  1 0.0205 0.2618 0.2181 0.2764 0.2232 
         544  1 0.0393 0.2596 0.2170 0.2218 0.2623 
         545  1 0.0484 0.2385 0.2503 0.2282 0.2345 
         546  1 0.0159 0.2802 0.2072 0.2604 0.2364 
         547  1 0.0606 0.2331 0.2617 0.2349 0.2096 
         548  1 0.0226 0.2546 0.2287 0.2766 0.2175 
         549  1 0.0325 0.2817 0.1923 0.2330 0.2604 
         550  1 0.0171 0.2667 0.2482 0.2427 0.2253 
         551  1 0.0278 0.2385 0.2422 0.2418 0.2497 
         552  1 0.0570 0.2424 0.2335 0.2652 0.2019 
         553  1 0.0584 0.2202 0.2341 0.2517 0.2356 
         554  1 0.0266 0.2679 0.2153 0.2645 0.2257 
         555  1 0.0833 0.1694 0.2811 0.2697 0.1964 
         556  1 0.0895 0.2213 0.2376 0.2221 0.2295 
         557  1 0.1330 0.2290 0.2226 0.1757 0.2397 
         558  1 0.1908 0.1977 0.2073 0.1861 0.2181 
         559  1 0.8496 0.0360 0.0371 0.0357 0.0415 
         560  1 0.0981 0.2374 0.2245 0.2195 0.2204 
         561  1 0.7052 0.0502 0.1010 0.0935 0.0501 
         562  1 0.2439 0.1920 0.1971 0.1701 0.1969 
         563  1 0.8416 0.0417 0.0364 0.0390 0.0413 
         564  1 0.4584 0.1088 0.1629 0.1618 0.1080 
         565  1 0.8490 0.0413 0.0349 0.0379 0.0369 
         566  1 0.2828 0.1851 0.1820 0.1810 0.1691 
         567  1 0.5160 0.1277 0.1195 0.1251 0.1117 
         568  1 0.0769 0.2366 0.2159 0.2473 0.2234 
         569  1 0.4011 0.1227 0.1768 0.1789 0.1205 
         570  1 0.2112 0.1766 0.2233 0.1958 0.1931 
         571  1 0.4000 0.1597 0.1428 0.1441 0.1534 
         572  1 0.6418 0.0773 0.1046 0.1018 0.0746 
         573  1 0.8568 0.0358 0.0366 0.0378 0.0331 
         574  1 0.2531 0.2000 0.1768 0.1532 0.2169 
         575  1 0.5206 0.1171 0.1202 0.1206 0.1215 
         576  1 0.5354 0.1142 0.1223 0.1220 0.1061 
         577  1 0.7971 0.0492 0.0527 0.0544 0.0466 
         578  1 0.5055 0.1330 0.1209 0.1168 0.1239 
         579  1 0.6598 0.0888 0.0864 0.0699 0.0951 
         580  1 0.8079 0.0527 0.0418 0.0479 0.0497 
         581  1 0.5032 0.1065 0.1373 0.1442 0.1088 
         582  1 0.7485 0.0600 0.0689 0.0667 0.0560 
         583  1 0.8651 0.0346 0.0330 0.0318 0.0355 
         584  1 0.8295 0.0405 0.0464 0.0427 0.0409 
         585  1 0.8047 0.0472 0.0478 0.0490 0.0512 
         586  1 0.3775 0.1770 0.1387 0.1416 0.1651 
         587  1 0.1878 0.2110 0.1932 0.1917 0.2163 
         588  1 0.2682 0.1625 0.1904 0.2120 0.1669 
         589  1 0.1913 0.1743 0.2319 0.2308 0.1717 
         590  1 0.8939 0.0250 0.0277 0.0266 0.0268 
         591  1 0.5938 0.0947 0.1060 0.1112 0.0943 
         592  1 0.7176 0.0747 0.0684 0.0736 0.0657 
         593  1 0.5762 0.1009 0.1076 0.0992 0.1162 
         594  1 0.9013 0.0253 0.0230 0.0255 0.0249 
         595  1 0.8416 0.0374 0.0421 0.0389 0.0400 
         596  1 0.6668 0.0816 0.0875 0.0830 0.0811 
         597  1 0.7486 0.0606 0.0667 0.0603 0.0638 
         598  1 0.9337 0.0157 0.0182 0.0169 0.0155 
         599  1 0.7975 0.0461 0.0530 0.0544 0.0490 
         600  1 0.0715 0.2342 0.2413 0.1912 0.2618 
         601  1 0.7000 0.0851 0.0708 0.0609 0.0831 
         602  1 0.9346 0.0163 0.0162 0.0162 0.0167 
         603  1 0.5473 0.0989 0.1275 0.1287 0.0976 
         604  1 0.6876 0.0774 0.0817 0.0621 0.0912 
         605  1 0.7812 0.0525 0.0579 0.0520 0.0563 
         606  1 0.2579 0.2083 0.1534 0.1840 0.1964 
         607  1 0.1717 0.2133 0.2120 0.1711 0.2319 
         608  1 0.7623 0.0538 0.0684 0.0617 0.0539 
         609  1 0.2468 0.1681 0.2071 0.2091 0.1689 
         610  1 0.8701 0.0341 0.0316 0.0286 0.0356 
         611  1 0.2567 0.1909 0.1994 0.1738 0.1793 
         612  1 0.9086 0.0228 0.0244 0.0226 0.0216 
         613  1 0.2579 0.1844 0.1912 0.1834 0.1831 
         614  1 0.7137 0.0716 0.0760 0.0653 0.0734 
         615  1 0.5813 0.0865 0.1146 0.1059 0.1117 
         616  1 0.5728 0.1089 0.1045 0.0887 0.1251 
         617  1 0.5562 0.1143 0.1161 0.1045 0.1090 
         618  1 0.8622 0.0346 0.0377 0.0335 0.0319 
         619  1 0.9238 0.0180 0.0193 0.0199 0.0190 
         620  1 0.9319 0.0173 0.0169 0.0167 0.0173 
         621  1 0.7988 0.0520 0.0508 0.0480 0.0504 
         622  1 0.8477 0.0372 0.0369 0.0368 0.0414 
         623  1 0.8878 0.0276 0.0295 0.0265 0.0286 
         624  1 0.7946 0.0481 0.0570 0.0511 0.0492 
         625  1 0.8653 0.0341 0.0325 0.0331 0.0350 
         626  1 0.9409 0.0151 0.0149 0.0144 0.0148 
         627  1 0.9019 0.0235 0.0247 0.0249 0.0251 
         628  1 0.9210 0.0196 0.0206 0.0193 0.0196 
         629  1 0.9050 0.0243 0.0239 0.0240 0.0228 
         630  1 0.8451 0.0373 0.0405 0.0413 0.0357 
         631  1 0.9142 0.0197 0.0215 0.0235 0.0211 
         632  1 0.3468 0.1363 0.1945 0.1922 0.1302 
         633  1 0.9233 0.0189 0.0202 0.0190 0.0187 
         634  1 0.3565 0.1895 0.1499 0.1348 0.1694 
         635  1 0.5351 0.1213 0.1138 0.1172 0.1125 
         636  1 0.7154 0.0747 0.0767 0.0576 0.0756 
         637  1 0.9335 0.0169 0.0171 0.0163 0.0162 
         638  1 0.5200 0.1019 0.1280 0.1289 0.1212 
         639  1 0.8904 0.0236 0.0319 0.0283 0.0258 
         640  1 0.8560 0.0369 0.0354 0.0327 0.0389 
         641  1 0.8645 0.0360 0.0298 0.0364 0.0334 
         642  1 0.7480 0.0611 0.0671 0.0663 0.0576 
         643  1 0.8936 0.0245 0.0290 0.0269 0.0261 
         644  1 0.7763 0.0518 0.0556 0.0632 0.0531 
         645  1 0.6925 0.0528 0.1034 0.0826 0.0687 
         646  1 0.8500 0.0343 0.0368 0.0370 0.0419 
         647  1 0.1999 0.1980 0.1952 0.2108 0.1962 
         648  1 0.3998 0.1349 0.1677 0.1574 0.1403 
         649  1 0.8896 0.0272 0.0269 0.0252 0.0311 
         650  1 0.4112 0.1429 0.1550 0.1101 0.1809 
         651  1 0.8340 0.0380 0.0460 0.0471 0.0347 
         652  1 0.7532 0.0549 0.0681 0.0642 0.0597 
         653  1 0.7300 0.0652 0.0678 0.0727 0.0642 
         654  1 0.8826 0.0298 0.0284 0.0287 0.0304 
         655  1 0.8684 0.0325 0.0350 0.0332 0.0309 
         656  1 0.9458 0.0142 0.0141 0.0133 0.0127 
         657  1 0.9191 0.0204 0.0208 0.0194 0.0203 
         658  1 0.8010 0.0507 0.0496 0.0454 0.0532 
         659  1 0.4028 0.1408 0.1639 0.1354 0.1571 
         660  1 0.9207 0.0214 0.0198 0.0190 0.0191 
         661  1 0.3536 0.1570 0.1704 0.1673 0.1517 
         662  1 0.9235 0.0198 0.0197 0.0192 0.0178 
         663  1 0.7025 0.0754 0.0756 0.0742 0.0722 
         664  1 0.7340 0.0639 0.0726 0.0674 0.0621 
         665  1 0.8913 0.0227 0.0303 0.0316 0.0241 
         666  1 0.8961 0.0248 0.0257 0.0266 0.0268 
         667  1 0.7712 0.0571 0.0587 0.0575 0.0555 
         668  1 0.7733 0.0517 0.0593 0.0564 0.0593 
