           1  1 0.1625 0.1669 0.1575 0.1676 0.1725 0.1731 
           2  1 0.0519 0.1743 0.1846 0.1786 0.2010 0.2096 
           3  1 0.0329 0.2042 0.1799 0.1875 0.1941 0.2013 
           4  1 0.1147 0.1668 0.1576 0.1811 0.1955 0.1843 
           5  1 0.0180 0.1904 0.2013 0.1875 0.2097 0.1930 
           6  1 0.0619 0.1646 0.1972 0.1624 0.2207 0.1932 
           7  1 0.0159 0.2099 0.1771 0.2065 0.1639 0.2267 
           8  1 0.5214 0.1000 0.0905 0.1024 0.0981 0.0876 
           9  1 0.0127 0.1943 0.1826 0.1991 0.2318 0.1796 
          10  1 0.0284 0.1980 0.1762 0.1857 0.1924 0.2193 
          11  1 0.0177 0.1934 0.1879 0.1800 0.2209 0.2001 
          12  1 0.0273 0.1863 0.1974 0.1737 0.2154 0.2000 
          13  1 0.0260 0.1803 0.1847 0.2018 0.2175 0.1897 
          14  1 0.0285 0.2095 0.1660 0.1902 0.2106 0.1951 
          15  1 0.0617 0.1810 0.1792 0.1691 0.1998 0.2093 
          16  1 0.0240 0.1982 0.1492 0.1968 0.1909 0.2409 
          17  1 0.0243 0.1944 0.1811 0.2031 0.2351 0.1621 
          18  1 0.2594 0.1430 0.1509 0.1344 0.1644 0.1480 
          19  1 0.0637 0.2110 0.1735 0.1887 0.1719 0.1912 
          20  1 0.0169 0.2246 0.1667 0.1990 0.1657 0.2271 
          21  1 0.0244 0.1892 0.1844 0.1991 0.1904 0.2124 
          22  1 0.0147 0.1783 0.2217 0.1985 0.2043 0.1826 
          23  1 0.0791 0.1874 0.1746 0.1808 0.1972 0.1809 
          24  1 0.0493 0.1740 0.1847 0.1797 0.2143 0.1980 
          25  1 0.0253 0.1970 0.2033 0.1980 0.1934 0.1831 
          26  1 0.0243 0.2035 0.1894 0.1731 0.2125 0.1972 
          27  1 0.0340 0.1973 0.1912 0.1862 0.1969 0.1943 
          28  1 0.0291 0.1849 0.1888 0.1823 0.2084 0.2065 
          29  1 0.0139 0.1673 0.2105 0.1881 0.2221 0.1982 
          30  1 0.0277 0.1912 0.1716 0.1994 0.2029 0.2071 
          31  1 0.0645 0.1879 0.2089 0.1762 0.1814 0.1811 
          32  1 0.0199 0.1902 0.2034 0.1680 0.2312 0.1873 
          33  1 0.0577 0.1790 0.1923 0.1556 0.2284 0.1870 
          34  1 0.0387 0.1921 0.2037 0.1976 0.1827 0.1852 
          35  1 0.0299 0.2044 0.1866 0.1997 0.2053 0.1740 
          36  1 0.0153 0.1769 0.1989 0.1703 0.2256 0.2130 
          37  1 0.0166 0.2055 0.1971 0.1919 0.2137 0.1752 
          38  1 0.0157 0.1894 0.1948 0.1991 0.1943 0.2066 
          39  1 0.0372 0.1987 0.1673 0.1898 0.2092 0.1977 
          40  1 0.2520 0.1484 0.1516 0.1654 0.1459 0.1367 
          41  1 0.0256 0.2061 0.1706 0.2006 0.1722 0.2249 
          42  1 0.0155 0.1811 0.1929 0.2054 0.1951 0.2099 
          43  1 0.0454 0.2032 0.1793 0.1865 0.1875 0.1982 
          44  1 0.0251 0.2026 0.1683 0.1881 0.2080 0.2079 
          45  1 0.0154 0.1942 0.1739 0.1901 0.2288 0.1976 
          46  1 0.0339 0.1689 0.1921 0.1744 0.2454 0.1852 
          47  1 0.0361 0.1935 0.2051 0.1793 0.1947 0.1912 
          48  1 0.1147 0.1609 0.1939 0.1772 0.1738 0.1795 
          49  1 0.0275 0.1797 0.1897 0.1851 0.2123 0.2057 
          50  1 0.0119 0.1710 0.2040 0.1702 0.2471 0.1958 
          51  1 0.0472 0.1789 0.1834 0.1866 0.2036 0.2004 
          52  1 0.0179 0.2069 0.1678 0.1826 0.1794 0.2454 
          53  1 0.0227 0.1794 0.1932 0.1809 0.2178 0.2060 
          54  1 0.0826 0.1814 0.1937 0.1552 0.1956 0.1916 
          55  1 0.3606 0.1295 0.1218 0.1213 0.1315 0.1352 
          56  1 0.0273 0.2050 0.1802 0.1832 0.1634 0.2409 
          57  1 0.0095 0.1695 0.2072 0.1563 0.2492 0.2084 
          58  1 0.0240 0.1680 0.1987 0.1630 0.2754 0.1710 
          59  1 0.0116 0.1700 0.2105 0.1682 0.2489 0.1908 
          60  1 0.0154 0.1883 0.2072 0.1799 0.2089 0.2003 
          61  1 0.1854 0.1543 0.1571 0.1488 0.1832 0.1712 
          62  1 0.0107 0.1881 0.2042 0.1791 0.2142 0.2037 
          63  1 0.0354 0.1621 0.2327 0.1663 0.2179 0.1856 
          64  1 0.0199 0.2113 0.1685 0.2094 0.1714 0.2196 
          65  1 0.0337 0.2028 0.1959 0.1896 0.2090 0.1690 
          66  1 0.0272 0.1867 0.1863 0.1879 0.2180 0.1939 
          67  1 0.0157 0.1889 0.1988 0.1928 0.2047 0.1990 
          68  1 0.0156 0.2001 0.1939 0.1830 0.2014 0.2059 
          69  1 0.0474 0.1684 0.2050 0.1627 0.2464 0.1701 
          70  1 0.0515 0.1754 0.2224 0.2299 0.1659 0.1549 
          71  1 0.2250 0.1596 0.1385 0.1528 0.1445 0.1796 
          72  1 0.0149 0.1793 0.1951 0.1796 0.2247 0.2064 
          73  1 0.0726 0.1969 0.1804 0.1747 0.1829 0.1925 
          74  1 0.0609 0.1911 0.1942 0.1780 0.1856 0.1901 
          75  1 0.0267 0.1996 0.1919 0.1952 0.1840 0.2025 
          76  1 0.1017 0.1857 0.1610 0.1971 0.1647 0.1898 
          77  1 0.0847 0.1809 0.1990 0.1871 0.1706 0.1777 
          78  1 0.0392 0.2077 0.1761 0.1877 0.2055 0.1838 
          79  1 0.0134 0.2152 0.1747 0.1886 0.1820 0.2261 
          80  1 0.1294 0.1636 0.1785 0.1596 0.1905 0.1783 
          81  1 0.1332 0.1915 0.1632 0.1710 0.1734 0.1676 
          82  1 0.0335 0.1991 0.1799 0.2012 0.2053 0.1809 
          83  1 0.0599 0.1858 0.1800 0.2079 0.1745 0.1918 
          84  1 0.0584 0.1797 0.2018 0.1974 0.1795 0.1831 
          85  1 0.0334 0.1595 0.2146 0.1540 0.2510 0.1875 
          86  1 0.2010 0.1600 0.1732 0.1544 0.1455 0.1659 
          87  1 0.0212 0.1849 0.2312 0.1628 0.1849 0.2150 
          88  1 0.0483 0.1709 0.2012 0.1594 0.2138 0.2063 
          89  1 0.0473 0.2075 0.1805 0.2057 0.1622 0.1969 
          90  1 0.2159 0.1641 0.1419 0.1666 0.1430 0.1685 
          91  1 0.0576 0.1808 0.1788 0.1965 0.1883 0.1980 
          92  1 0.0438 0.1677 0.1886 0.1783 0.2074 0.2142 
          93  1 0.0394 0.1897 0.1876 0.1794 0.2305 0.1734 
          94  1 0.2442 0.1732 0.1140 0.1600 0.1286 0.1801 
          95  1 0.0365 0.1761 0.1816 0.1955 0.1955 0.2147 
          96  1 0.0498 0.2013 0.1388 0.2179 0.1535 0.2387 
          97  1 0.0183 0.1957 0.2033 0.1786 0.2026 0.2014 
          98  1 0.0198 0.1642 0.2403 0.2000 0.1985 0.1772 
          99  1 0.0180 0.1901 0.1869 0.2185 0.1850 0.2016 
         100  1 0.0347 0.1900 0.2016 0.1671 0.2397 0.1668 
         101  1 0.0617 0.1961 0.1660 0.1931 0.2185 0.1646 
         102  1 0.0198 0.1650 0.2190 0.1542 0.2532 0.1887 
         103  1 0.2466 0.1637 0.1475 0.1386 0.1654 0.1382 
         104  1 0.0293 0.1834 0.1988 0.2110 0.2054 0.1722 
         105  1 0.0378 0.2032 0.1578 0.2024 0.1973 0.2015 
         106  1 0.0429 0.1843 0.1962 0.2174 0.1961 0.1630 
         107  1 0.0382 0.1909 0.1908 0.1741 0.2328 0.1733 
         108  1 0.0378 0.1681 0.1960 0.1567 0.2284 0.2131 
         109  1 0.0422 0.1930 0.2042 0.1802 0.1917 0.1887 
         110  1 0.0288 0.1992 0.1780 0.1911 0.2000 0.2029 
         111  1 0.0480 0.1854 0.2067 0.1847 0.1946 0.1806 
         112  1 0.0404 0.1952 0.1846 0.1786 0.2325 0.1687 
         113  1 0.0196 0.1989 0.1775 0.1839 0.2094 0.2107 
         114  1 0.0724 0.1783 0.1576 0.1807 0.1972 0.2139 
         115  1 0.0483 0.1934 0.1775 0.1852 0.2154 0.1803 
         116  1 0.0197 0.1934 0.2029 0.1814 0.2110 0.1916 
         117  1 0.0403 0.2185 0.1695 0.1872 0.1776 0.2069 
         118  1 0.0535 0.1864 0.1750 0.1916 0.1912 0.2023 
         119  1 0.0375 0.1809 0.2337 0.2265 0.1572 0.1641 
         120  1 0.2357 0.1563 0.1503 0.1632 0.1393 0.1552 
         121  1 0.0427 0.1963 0.1901 0.1942 0.1822 0.1945 
         122  1 0.0365 0.1598 0.2319 0.2144 0.1925 0.1650 
         123  1 0.0195 0.1984 0.2090 0.1774 0.2173 0.1784 
         124  1 0.0207 0.1788 0.2038 0.1835 0.2238 0.1895 
         125  1 0.0839 0.1906 0.1932 0.2195 0.1537 0.1592 
         126  1 0.0195 0.1635 0.2185 0.1647 0.2266 0.2071 
         127  1 0.0363 0.1858 0.1791 0.1870 0.2396 0.1722 
         128  1 0.0215 0.1843 0.1897 0.2083 0.2121 0.1841 
         129  1 0.2462 0.1563 0.1506 0.1520 0.1259 0.1689 
         130  1 0.0885 0.1817 0.2019 0.1878 0.1530 0.1871 
         131  1 0.0374 0.1939 0.1799 0.1807 0.2205 0.1877 
         132  1 0.0215 0.2024 0.1977 0.1913 0.1850 0.2021 
         133  1 0.0183 0.2006 0.2200 0.2102 0.1505 0.2003 
         134  1 0.0399 0.1930 0.1692 0.1771 0.2104 0.2104 
         135  1 0.5548 0.0935 0.0859 0.0968 0.0779 0.0910 
         136  1 0.0410 0.1755 0.1980 0.1975 0.1959 0.1922 
         137  1 0.1738 0.1770 0.1578 0.1709 0.1516 0.1690 
         138  1 0.0249 0.1891 0.1959 0.1762 0.2073 0.2066 
         139  1 0.0362 0.2112 0.1756 0.1998 0.1864 0.1907 
         140  1 0.0494 0.1932 0.1724 0.1779 0.1899 0.2173 
         141  1 0.0901 0.1809 0.2168 0.1538 0.1471 0.2112 
         142  1 0.0722 0.1894 0.1818 0.2005 0.1885 0.1677 
         143  1 0.0517 0.1958 0.2004 0.1832 0.1879 0.1810 
         144  1 0.0228 0.1789 0.2013 0.1760 0.2216 0.1994 
         145  1 0.0163 0.1594 0.2211 0.1523 0.2668 0.1840 
         146  1 0.0616 0.1911 0.1854 0.1889 0.1920 0.1810 
         147  1 0.0205 0.1768 0.2053 0.1672 0.2258 0.2044 
         148  1 0.0211 0.2012 0.1887 0.1809 0.2154 0.1927 
         149  1 0.0452 0.2027 0.1753 0.2152 0.1686 0.1930 
         150  1 0.1388 0.1726 0.1684 0.1732 0.1785 0.1685 
         151  1 0.0509 0.2031 0.1793 0.2137 0.1631 0.1899 
         152  1 0.0479 0.2030 0.1842 0.1916 0.1970 0.1763 
         153  1 0.0340 0.2011 0.1737 0.1976 0.1712 0.2224 
         154  1 0.0178 0.1808 0.1953 0.2731 0.1800 0.1531 
         155  1 0.0542 0.1881 0.1783 0.2051 0.1949 0.1794 
         156  1 0.0422 0.2091 0.1733 0.1844 0.1754 0.2157 
         157  1 0.0369 0.1955 0.1882 0.1849 0.1977 0.1968 
         158  1 0.1297 0.1891 0.1607 0.1783 0.1441 0.1981 
         159  1 0.0365 0.1853 0.1879 0.1817 0.2184 0.1902 
         160  1 0.0281 0.1842 0.1933 0.2087 0.2002 0.1855 
         161  1 0.1907 0.1663 0.1426 0.1877 0.1586 0.1542 
         162  1 0.0285 0.1922 0.1912 0.2019 0.1824 0.2038 
         163  1 0.0788 0.1904 0.1696 0.1877 0.1794 0.1941 
         164  1 0.0411 0.1719 0.2337 0.1830 0.1816 0.1886 
         165  1 0.0268 0.1869 0.1959 0.1916 0.1920 0.2068 
         166  1 0.0477 0.2136 0.1724 0.1811 0.1824 0.2028 
         167  1 0.0307 0.1779 0.2163 0.1931 0.2096 0.1724 
         168  1 0.1817 0.1638 0.1710 0.1446 0.1811 0.1578 
         169  1 0.0378 0.1761 0.2094 0.2612 0.1634 0.1521 
         170  1 0.0183 0.1928 0.1970 0.2288 0.1812 0.1819 
         171  1 0.0244 0.1826 0.1970 0.1938 0.1979 0.2044 
         172  1 0.0258 0.1613 0.2165 0.1891 0.2141 0.1932 
         173  1 0.0509 0.1955 0.1812 0.1799 0.2116 0.1811 
         174  1 0.0392 0.1848 0.1894 0.1898 0.2050 0.1918 
         175  1 0.0378 0.1715 0.2228 0.2157 0.1886 0.1637 
         176  1 0.0669 0.2019 0.1778 0.1977 0.1547 0.2011 
         177  1 0.1100 0.1614 0.1848 0.1694 0.1830 0.1914 
         178  1 0.0338 0.2025 0.1752 0.2026 0.1942 0.1917 
         179  1 0.0324 0.2058 0.1656 0.1883 0.1981 0.2097 
         180  1 0.0083 0.2172 0.2157 0.1950 0.1583 0.2056 
         181  1 0.0657 0.1790 0.2086 0.1640 0.1839 0.1989 
         182  1 0.2621 0.1514 0.1501 0.1464 0.1438 0.1463 
         183  1 0.1532 0.1693 0.1732 0.1976 0.1568 0.1499 
         184  1 0.0622 0.2029 0.2019 0.2060 0.1631 0.1640 
         185  1 0.0618 0.1888 0.1747 0.2056 0.1651 0.2040 
         186  1 0.0320 0.2035 0.1944 0.2354 0.1659 0.1687 
         187  1 0.0212 0.1959 0.1970 0.2503 0.1748 0.1609 
         188  1 0.0254 0.1934 0.2157 0.2299 0.1796 0.1560 
         189  1 0.0353 0.1918 0.1943 0.1750 0.1920 0.2117 
         190  1 0.0405 0.1782 0.2117 0.2365 0.1723 0.1607 
         191  1 0.0220 0.1780 0.2037 0.1823 0.2043 0.2097 
         192  1 0.6478 0.0727 0.0682 0.0713 0.0679 0.0721 
         193  1 0.5647 0.0895 0.0800 0.0893 0.0887 0.0877 
         194  1 0.1651 0.1596 0.1795 0.2013 0.1591 0.1354 
         195  1 0.0679 0.2000 0.2070 0.2008 0.1485 0.1757 
         196  1 0.0202 0.1796 0.2171 0.1713 0.1994 0.2124 
         197  1 0.1008 0.1777 0.1677 0.1845 0.1876 0.1817 
         198  1 0.0271 0.1837 0.2006 0.1831 0.2004 0.2051 
         199  1 0.0919 0.1678 0.2112 0.1672 0.1705 0.1914 
         200  1 0.0765 0.1926 0.1854 0.1956 0.1688 0.1811 
         201  1 0.1664 0.1583 0.1700 0.1660 0.1702 0.1692 
         202  1 0.0111 0.1763 0.1998 0.2027 0.1884 0.2218 
         203  1 0.0705 0.1976 0.1761 0.1870 0.2050 0.1638 
         204  1 0.0162 0.2133 0.2048 0.2031 0.1553 0.2073 
         205  1 0.0154 0.1851 0.2065 0.1838 0.1963 0.2129 
         206  1 0.0293 0.1920 0.1898 0.1894 0.1926 0.2070 
         207  1 0.0253 0.2058 0.2191 0.1817 0.1463 0.2217 
         208  1 0.0141 0.1919 0.2204 0.1975 0.1747 0.2015 
         209  1 0.2730 0.1479 0.1482 0.1428 0.1428 0.1453 
         210  1 0.0261 0.1975 0.2079 0.1804 0.1891 0.1991 
         211  1 0.0335 0.1877 0.2205 0.1880 0.1803 0.1901 
         212  1 0.1119 0.1727 0.2006 0.1800 0.1712 0.1637 
         213  1 0.0441 0.2149 0.1727 0.1948 0.2028 0.1708 
         214  1 0.0541 0.1943 0.1782 0.1910 0.1809 0.2016 
         215  1 0.0566 0.2060 0.1801 0.2011 0.1537 0.2027 
         216  1 0.0409 0.1671 0.2338 0.1953 0.1960 0.1668 
         217  1 0.0381 0.2065 0.2009 0.1849 0.2011 0.1686 
         218  1 0.0217 0.1955 0.2276 0.2042 0.1525 0.1984 
         219  1 0.0158 0.1944 0.2161 0.1822 0.1924 0.1990 
         220  1 0.0950 0.1833 0.1773 0.1926 0.1736 0.1782 
         221  1 0.0636 0.1907 0.1629 0.1899 0.1976 0.1952 
         222  1 0.0893 0.1754 0.2056 0.1702 0.1704 0.1890 
         223  1 0.3524 0.1355 0.1192 0.1356 0.1285 0.1288 
         224  1 0.0443 0.1961 0.1914 0.1652 0.2039 0.1991 
         225  1 0.0218 0.1635 0.2176 0.1715 0.2238 0.2018 
         226  1 0.0237 0.1732 0.2044 0.1681 0.2543 0.1763 
         227  1 0.1068 0.1758 0.1866 0.2009 0.1767 0.1532 
         228  1 0.0523 0.2026 0.1957 0.2041 0.1649 0.1804 
         229  1 0.0177 0.2070 0.2266 0.1843 0.1676 0.1968 
         230  1 0.0399 0.1845 0.2162 0.1838 0.2330 0.1425 
         231  1 0.0157 0.1805 0.2004 0.1844 0.2225 0.1967 
         232  1 0.0231 0.1996 0.1865 0.2100 0.1884 0.1923 
         233  1 0.0452 0.1854 0.1998 0.1586 0.2094 0.2016 
         234  1 0.0231 0.2038 0.2013 0.2109 0.1610 0.1999 
         235  1 0.0175 0.1783 0.2130 0.1616 0.2369 0.1927 
         236  1 0.0173 0.2186 0.1910 0.1855 0.1767 0.2109 
         237  1 0.0310 0.1549 0.2242 0.1476 0.2597 0.1827 
         238  1 0.0639 0.1823 0.1811 0.1900 0.1829 0.1999 
         239  1 0.0080 0.1817 0.2029 0.1643 0.2443 0.1988 
         240  1 0.2282 0.1535 0.1565 0.1566 0.1378 0.1674 
         241  1 0.0207 0.2057 0.1900 0.1936 0.1782 0.2118 
         242  1 0.0593 0.1963 0.1763 0.1765 0.2074 0.1841 
         243  1 0.0221 0.1753 0.2111 0.1631 0.2304 0.1979 
         244  1 0.0464 0.1837 0.2090 0.1728 0.1942 0.1938 
         245  1 0.0200 0.1698 0.2328 0.1798 0.2083 0.1892 
         246  1 0.0107 0.2002 0.1871 0.1787 0.2172 0.2062 
         247  1 0.0714 0.1742 0.2256 0.1668 0.1866 0.1754 
         248  1 0.0724 0.1933 0.1768 0.1706 0.1975 0.1895 
         249  1 0.1874 0.1661 0.1616 0.1877 0.1513 0.1460 
         250  1 0.0269 0.1820 0.2090 0.2040 0.2210 0.1571 
         251  1 0.0290 0.1989 0.1927 0.2060 0.2186 0.1548 
         252  1 0.0132 0.1794 0.2049 0.1726 0.2506 0.1792 
         253  1 0.2639 0.1541 0.1404 0.1424 0.1376 0.1618 
         254  1 0.7831 0.0430 0.0457 0.0480 0.0398 0.0403 
         255  1 0.0701 0.1885 0.1720 0.1871 0.1828 0.1995 
         256  1 0.0294 0.1958 0.2138 0.2308 0.1806 0.1495 
         257  1 0.0946 0.1878 0.1729 0.1990 0.1786 0.1670 
         258  1 0.0370 0.1796 0.1884 0.1877 0.2053 0.2020 
         259  1 0.0381 0.1890 0.1928 0.1805 0.2020 0.1975 
         260  1 0.0096 0.1780 0.2242 0.1734 0.2270 0.1878 
         261  1 0.0190 0.1981 0.2352 0.1964 0.1646 0.1867 
         262  1 0.0235 0.2102 0.1863 0.2117 0.1850 0.1833 
         263  1 0.0625 0.1689 0.2130 0.1762 0.2028 0.1767 
         264  1 0.0202 0.1945 0.2140 0.1603 0.2130 0.1981 
         265  1 0.1802 0.1610 0.1560 0.1645 0.1667 0.1715 
         266  1 0.0261 0.1740 0.2191 0.1535 0.2331 0.1942 
         267  1 0.0313 0.1862 0.1882 0.1917 0.2218 0.1808 
         268  1 0.0309 0.2088 0.1859 0.1928 0.2043 0.1774 
         269  1 0.0553 0.1909 0.2136 0.1661 0.1882 0.1858 
         270  1 0.3267 0.1345 0.1295 0.1864 0.0920 0.1310 
         271  1 0.0277 0.1972 0.1916 0.1949 0.2140 0.1747 
         272  1 0.0260 0.1815 0.2153 0.2005 0.2013 0.1754 
         273  1 0.0150 0.2055 0.2019 0.1838 0.2089 0.1849 
         274  1 0.0145 0.1714 0.2029 0.1753 0.2563 0.1796 
         275  1 0.0374 0.1999 0.1902 0.1836 0.2141 0.1747 
         276  1 0.0260 0.2017 0.1858 0.2043 0.1977 0.1846 
         277  1 0.0804 0.1662 0.2108 0.2202 0.1728 0.1495 
         278  1 0.0666 0.1972 0.1800 0.1812 0.1887 0.1863 
         279  1 0.0103 0.2003 0.1757 0.2008 0.1724 0.2405 
         280  1 0.0212 0.1791 0.1862 0.1804 0.2394 0.1936 
         281  1 0.1452 0.1831 0.1579 0.1835 0.1734 0.1568 
         282  1 0.0248 0.1802 0.2055 0.1696 0.2246 0.1953 
         283  1 0.0133 0.2036 0.2063 0.2133 0.1821 0.1814 
         284  1 0.0185 0.1930 0.2333 0.2230 0.1533 0.1788 
         285  1 0.0364 0.1789 0.2092 0.1629 0.2162 0.1964 
         286  1 0.2386 0.1479 0.1473 0.1551 0.1640 0.1470 
         287  1 0.0289 0.1862 0.1789 0.2015 0.1943 0.2101 
         288  1 0.0193 0.2041 0.1837 0.2016 0.1859 0.2055 
         289  1 0.0351 0.1918 0.2066 0.1940 0.1839 0.1886 
         290  1 0.0205 0.1826 0.2267 0.1716 0.1874 0.2111 
         291  1 0.0440 0.2185 0.2049 0.1801 0.1502 0.2023 
         292  1 0.0398 0.1808 0.2223 0.2385 0.1750 0.1436 
         293  1 0.0249 0.2057 0.2004 0.1879 0.1718 0.2092 
         294  1 0.0223 0.1988 0.1915 0.2101 0.1712 0.2060 
         295  1 0.0380 0.2166 0.1788 0.1941 0.1510 0.2215 
         296  1 0.1454 0.1699 0.1815 0.1646 0.1854 0.1532 
         297  1 0.0415 0.1818 0.1919 0.1912 0.1978 0.1958 
         298  1 0.0128 0.1969 0.1896 0.1873 0.2249 0.1885 
         299  1 0.0456 0.2052 0.1934 0.1931 0.1886 0.1740 
         300  1 0.1273 0.1699 0.1907 0.1729 0.1577 0.1816 
         301  1 0.2220 0.1589 0.1623 0.1541 0.1347 0.1679 
         302  1 0.0413 0.1967 0.1790 0.2030 0.1838 0.1962 
         303  1 0.0421 0.1742 0.2095 0.1697 0.2131 0.1914 
         304  1 0.0350 0.1646 0.2202 0.1522 0.2449 0.1830 
         305  1 0.0274 0.1826 0.2000 0.1987 0.2041 0.1872 
         306  1 0.0680 0.2006 0.1754 0.1791 0.2015 0.1753 
         307  1 0.0186 0.1818 0.2214 0.2030 0.1715 0.2037 
         308  1 0.0425 0.2006 0.1668 0.1841 0.2026 0.2033 
         309  1 0.0379 0.1974 0.1709 0.1973 0.1928 0.2037 
         310  1 0.0427 0.1807 0.1978 0.2743 0.1414 0.1631 
         311  1 0.0275 0.1933 0.1832 0.1999 0.2003 0.1957 
         312  1 0.0420 0.1844 0.1859 0.1818 0.2200 0.1860 
         313  1 0.0229 0.1919 0.1833 0.2119 0.1853 0.2047 
         314  1 0.0282 0.1712 0.2062 0.1745 0.2209 0.1989 
         315  1 0.0178 0.2084 0.2178 0.1887 0.1590 0.2083 
         316  1 0.3544 0.1348 0.1232 0.1292 0.1318 0.1267 
         317  1 0.0343 0.1825 0.2254 0.1978 0.1740 0.1860 
         318  1 0.0222 0.2059 0.1778 0.1971 0.1945 0.2026 
         319  1 0.0297 0.2059 0.1604 0.1976 0.1625 0.2438 
         320  1 0.0320 0.1883 0.2024 0.1731 0.2100 0.1940 
         321  1 0.4092 0.1213 0.1184 0.1203 0.1110 0.1198 
         322  1 0.0492 0.1966 0.1699 0.2147 0.1808 0.1888 
         323  1 0.0412 0.1985 0.1659 0.1799 0.2101 0.2044 
         324  1 0.0386 0.1822 0.2367 0.1894 0.1790 0.1740 
         325  1 0.0165 0.1981 0.1919 0.2060 0.1973 0.1903 
         326  1 0.0174 0.1988 0.2164 0.1960 0.2237 0.1478 
         327  1 0.1263 0.2017 0.1597 0.1873 0.1592 0.1657 
         328  1 0.0110 0.1820 0.2181 0.2040 0.1982 0.1867 
         329  1 0.0301 0.2030 0.1747 0.1900 0.1780 0.2242 
         330  1 0.0986 0.1778 0.1782 0.1856 0.1749 0.1848 
         331  1 0.0446 0.1757 0.1996 0.1876 0.1967 0.1957 
         332  1 0.0162 0.1989 0.1914 0.2195 0.1935 0.1805 
         333  1 0.0205 0.1992 0.1862 0.1977 0.1915 0.2049 
         334  1 0.0280 0.1821 0.2161 0.2076 0.1748 0.1914 
         335  1 0.1952 0.1751 0.1572 0.1677 0.1486 0.1561 
         336  1 0.0748 0.1824 0.1835 0.1801 0.2052 0.1740 
         337  1 0.0118 0.1840 0.2242 0.2765 0.1473 0.1561 
         338  1 0.0160 0.1857 0.2226 0.1717 0.1844 0.2196 
         339  1 0.0415 0.1699 0.2081 0.2802 0.1488 0.1514 
         340  1 0.3166 0.1286 0.1440 0.1494 0.1312 0.1302 
         341  1 0.1005 0.1803 0.1911 0.1803 0.1807 0.1670 
         342  1 0.0270 0.1766 0.2024 0.2052 0.2042 0.1846 
         343  1 0.0226 0.2169 0.1946 0.1897 0.2171 0.1592 
         344  1 0.0413 0.2082 0.1978 0.1954 0.1836 0.1736 
         345  1 0.0186 0.2069 0.1945 0.1895 0.2066 0.1840 
         346  1 0.0292 0.1880 0.1815 0.1982 0.1799 0.2233 
         347  1 0.0247 0.2084 0.1914 0.1832 0.2261 0.1661 
         348  1 0.0464 0.1881 0.2000 0.1723 0.1837 0.2095 
         349  1 0.0491 0.1853 0.1969 0.1863 0.1884 0.1941 
         350  1 0.1538 0.1769 0.1637 0.1665 0.1504 0.1887 
         351  1 0.0626 0.1921 0.1579 0.1958 0.1740 0.2177 
         352  1 0.0148 0.1949 0.1975 0.1979 0.1777 0.2171 
         353  1 0.6487 0.0803 0.0655 0.0674 0.0764 0.0618 
         354  1 0.0217 0.1828 0.2071 0.1749 0.2131 0.2005 
         355  1 0.0179 0.2223 0.2000 0.1928 0.1525 0.2143 
         356  1 0.0569 0.1901 0.1849 0.1960 0.1909 0.1812 
         357  1 0.0392 0.2226 0.1799 0.1918 0.1864 0.1801 
         358  1 0.0259 0.2045 0.1958 0.1931 0.2072 0.1735 
         359  1 0.0820 0.1807 0.1844 0.1647 0.1873 0.2008 
         360  1 0.0540 0.2071 0.1729 0.2010 0.1921 0.1728 
         361  1 0.0297 0.2176 0.1842 0.1871 0.1811 0.2004 
         362  1 0.2212 0.1613 0.1504 0.1713 0.1449 0.1508 
         363  1 0.1268 0.1758 0.1858 0.1748 0.1746 0.1622 
         364  1 0.0549 0.1931 0.1832 0.2049 0.1719 0.1919 
         365  1 0.2002 0.1605 0.1638 0.1724 0.1473 0.1559 
         366  1 0.0618 0.1918 0.1602 0.1887 0.1877 0.2096 
         367  1 0.7086 0.0578 0.0619 0.0596 0.0601 0.0520 
         368  1 0.0247 0.1920 0.1848 0.2037 0.1992 0.1956 
         369  1 0.0235 0.1924 0.2083 0.1999 0.1808 0.1951 
         370  1 0.0542 0.2053 0.1767 0.1839 0.2193 0.1606 
         371  1 0.1110 0.1665 0.1676 0.1747 0.1934 0.1868 
         372  1 0.0309 0.1807 0.1927 0.1709 0.2257 0.1991 
         373  1 0.1284 0.1823 0.1712 0.1651 0.1744 0.1786 
         374  1 0.0473 0.2035 0.1957 0.1795 0.1776 0.1963 
         375  1 0.0749 0.1998 0.1466 0.2059 0.1482 0.2246 
         376  1 0.0837 0.2014 0.1942 0.1694 0.1620 0.1894 
         377  1 0.0298 0.1937 0.2118 0.1945 0.1970 0.1733 
         378  1 0.0225 0.1917 0.2124 0.1944 0.2072 0.1719 
         379  1 0.0608 0.2007 0.1500 0.1969 0.1794 0.2122 
         380  1 0.0636 0.2024 0.1834 0.2032 0.1633 0.1841 
         381  1 0.0317 0.1993 0.1768 0.1880 0.1970 0.2071 
         382  1 0.0235 0.2037 0.1677 0.1845 0.2212 0.1993 
         383  1 0.0432 0.2136 0.1630 0.1951 0.1787 0.2064 
         384  1 0.0122 0.1874 0.2062 0.1755 0.2189 0.1998 
         385  1 0.0981 0.1690 0.1819 0.1922 0.1752 0.1836 
         386  1 0.0201 0.1887 0.2017 0.2056 0.1822 0.2018 
         387  1 0.1327 0.1819 0.1683 0.2008 0.1359 0.1803 
         388  1 0.4428 0.1257 0.1078 0.1117 0.1135 0.0985 
         389  1 0.3821 0.1426 0.1183 0.1185 0.1184 0.1202 
         390  1 0.0305 0.1842 0.1797 0.2173 0.2066 0.1817 
         391  1 0.0332 0.2078 0.1835 0.1927 0.2021 0.1807 
         392  1 0.0954 0.1931 0.2180 0.1673 0.1591 0.1671 
         393  1 0.0285 0.1959 0.1802 0.1933 0.1659 0.2362 
         394  1 0.0454 0.2081 0.1899 0.1862 0.2076 0.1627 
         395  1 0.0773 0.1746 0.2191 0.1824 0.1749 0.1717 
         396  1 0.0255 0.1960 0.2142 0.2621 0.1632 0.1391 
         397  1 0.1917 0.1866 0.1551 0.1626 0.1402 0.1638 
         398  1 0.0161 0.2029 0.1777 0.2010 0.1751 0.2272 
         399  1 0.0121 0.1931 0.2037 0.1859 0.2320 0.1731 
         400  1 0.0730 0.1779 0.1993 0.1884 0.1747 0.1867 
         401  1 0.1555 0.1788 0.1613 0.1862 0.1638 0.1545 
         402  1 0.0411 0.1757 0.2328 0.2026 0.1865 0.1613 
         403  1 0.2313 0.1538 0.1718 0.1710 0.1453 0.1268 
         404  1 0.0353 0.1638 0.2304 0.1493 0.2339 0.1874 
         405  1 0.0214 0.2099 0.1978 0.1900 0.1772 0.2037 
         406  1 0.5610 0.0934 0.0937 0.0887 0.0836 0.0795 
         407  1 0.2244 0.1612 0.1542 0.1517 0.1553 0.1533 
         408  1 0.0158 0.2092 0.1644 0.1879 0.2107 0.2120 
         409  1 0.0480 0.1947 0.1646 0.2176 0.1798 0.1952 
         410  1 0.2315 0.1548 0.1546 0.1665 0.1340 0.1586 
         411  1 0.0244 0.2122 0.1789 0.1756 0.1866 0.2223 
         412  1 0.0290 0.2077 0.2180 0.2078 0.1532 0.1842 
         413  1 0.0142 0.1987 0.2035 0.1807 0.2003 0.2025 
         414  1 0.1501 0.1657 0.1714 0.1854 0.1741 0.1533 
         415  1 0.0308 0.1993 0.1881 0.1950 0.2115 0.1753 
         416  1 0.0167 0.1953 0.1744 0.2085 0.2006 0.2046 
         417  1 0.0710 0.1941 0.1833 0.1857 0.2181 0.1479 
         418  1 0.0190 0.1982 0.1967 0.1835 0.1991 0.2035 
         419  1 0.0508 0.1933 0.1736 0.1900 0.2170 0.1753 
         420  1 0.4361 0.1197 0.0999 0.1214 0.1132 0.1098 
         421  1 0.0319 0.1687 0.2426 0.2061 0.1774 0.1734 
         422  1 0.0145 0.1945 0.1856 0.1906 0.2004 0.2145 
         423  1 0.0204 0.2079 0.1888 0.1758 0.2186 0.1885 
         424  1 0.1230 0.1789 0.1757 0.1565 0.1754 0.1906 
         425  1 0.0952 0.1640 0.2135 0.1837 0.1712 0.1724 
         426  1 0.0439 0.1985 0.1751 0.1937 0.1936 0.1952 
         427  1 0.0159 0.2222 0.1744 0.1944 0.2007 0.1924 
         428  1 0.0330 0.1881 0.2425 0.2260 0.1860 0.1245 
         429  1 0.3680 0.1156 0.1255 0.1329 0.1139 0.1442 
         430  1 0.0325 0.2007 0.1898 0.2067 0.1975 0.1729 
         431  1 0.0204 0.2030 0.1899 0.1822 0.2125 0.1921 
         432  1 0.0143 0.1962 0.2018 0.1854 0.2017 0.2005 
         433  1 0.0130 0.2012 0.2001 0.1882 0.1954 0.2021 
         434  1 0.0285 0.2119 0.2114 0.1843 0.1668 0.1972 
         435  1 0.0533 0.1880 0.2009 0.2060 0.1641 0.1877 
         436  1 0.0324 0.1853 0.2194 0.2019 0.1862 0.1748 
         437  1 0.0224 0.2128 0.1674 0.1944 0.1844 0.2188 
         438  1 0.0319 0.1992 0.1807 0.1869 0.1985 0.2028 
         439  1 0.0644 0.1814 0.2205 0.2275 0.1542 0.1519 
         440  1 0.0159 0.1823 0.1957 0.1843 0.2195 0.2023 
         441  1 0.0967 0.1880 0.1780 0.1816 0.1986 0.1571 
         442  1 0.1790 0.1767 0.1499 0.1664 0.1806 0.1474 
         443  1 0.0188 0.2005 0.1501 0.1996 0.1846 0.2464 
         444  1 0.0117 0.2185 0.1780 0.1880 0.1960 0.2078 
         445  1 0.0337 0.1898 0.1878 0.2320 0.1535 0.2032 
         446  1 0.0356 0.1799 0.1914 0.1828 0.2054 0.2050 
         447  1 0.2677 0.1434 0.1492 0.1424 0.1660 0.1313 
         448  1 0.0312 0.1878 0.1919 0.2320 0.1666 0.1904 
         449  1 0.0204 0.2007 0.1711 0.1993 0.1873 0.2212 
         450  1 0.2933 0.1186 0.1431 0.1347 0.1677 0.1426 
         451  1 0.3543 0.1260 0.1350 0.1444 0.1162 0.1240 
         452  1 0.0194 0.1816 0.1993 0.1646 0.2256 0.2095 
         453  1 0.0483 0.1945 0.2077 0.2287 0.1759 0.1450 
         454  1 0.0392 0.2021 0.1843 0.1854 0.2149 0.1742 
         455  1 0.0356 0.1750 0.2187 0.1544 0.2220 0.1943 
         456  1 0.0437 0.2025 0.1817 0.1872 0.1884 0.1966 
         457  1 0.0161 0.1857 0.2205 0.1783 0.2211 0.1783 
         458  1 0.0239 0.1870 0.1978 0.1842 0.1948 0.2124 
         459  1 0.1809 0.1666 0.1407 0.1704 0.1756 0.1658 
         460  1 0.4562 0.1146 0.1012 0.1138 0.0952 0.1190 
         461  1 0.0616 0.1899 0.1767 0.1866 0.1876 0.1976 
         462  1 0.0191 0.2086 0.1919 0.2046 0.1844 0.1914 
         463  1 0.0189 0.1746 0.1964 0.1760 0.2247 0.2094 
         464  1 0.0245 0.2126 0.1961 0.1819 0.1758 0.2091 
         465  1 0.0656 0.1933 0.1867 0.1843 0.2009 0.1691 
         466  1 0.2298 0.1697 0.1457 0.1488 0.1638 0.1422 
         467  1 0.0212 0.2054 0.1866 0.1894 0.1880 0.2095 
         468  1 0.0332 0.1797 0.1923 0.1930 0.1834 0.2184 
         469  1 0.0137 0.1848 0.2166 0.1980 0.2206 0.1664 
         470  1 0.1434 0.1562 0.1755 0.1571 0.1890 0.1788 
         471  1 0.1213 0.1759 0.1829 0.1792 0.1624 0.1783 
         472  1 0.0593 0.2021 0.1594 0.1955 0.1765 0.2072 
         473  1 0.0213 0.2119 0.1995 0.1884 0.1865 0.1924 
         474  1 0.0426 0.1811 0.2059 0.1899 0.1908 0.1896 
         475  1 0.0106 0.1957 0.2289 0.1572 0.2047 0.2028 
         476  1 0.3281 0.1363 0.1324 0.1403 0.1236 0.1393 
         477  1 0.0862 0.1732 0.1935 0.1723 0.1895 0.1852 
         478  1 0.0602 0.1862 0.1721 0.1916 0.1975 0.1923 
         479  1 0.0459 0.1817 0.2185 0.1573 0.2025 0.1941 
         480  1 0.0774 0.2001 0.1904 0.1732 0.1810 0.1779 
         481  1 0.1109 0.1684 0.1921 0.1795 0.1865 0.1626 
         482  1 0.1897 0.1469 0.1892 0.1450 0.1726 0.1566 
         483  1 0.0181 0.1964 0.1812 0.2422 0.1753 0.1867 
         484  1 0.1009 0.1831 0.1669 0.2089 0.1628 0.1774 
         485  1 0.1696 0.1560 0.1744 0.1712 0.1718 0.1569 
         486  1 0.1039 0.1862 0.1956 0.1609 0.1631 0.1903 
         487  1 0.0373 0.1965 0.1867 0.2006 0.2015 0.1773 
         488  1 0.1521 0.1834 0.1448 0.1869 0.1520 0.1808 
         489  1 0.0231 0.1786 0.1807 0.1890 0.2143 0.2144 
         490  1 0.0574 0.2149 0.1749 0.1940 0.1703 0.1885 
         491  1 0.0515 0.1883 0.1940 0.1853 0.1730 0.2079 
         492  1 0.0833 0.1956 0.1673 0.2039 0.1556 0.1943 
         493  1 0.0143 0.1660 0.2054 0.2019 0.2135 0.1989 
         494  1 0.0196 0.2140 0.1882 0.1888 0.1616 0.2277 
         495  1 0.0570 0.1966 0.1777 0.1921 0.1912 0.1854 
         496  1 0.0975 0.1887 0.1718 0.2296 0.1465 0.1658 
         497  1 0.0299 0.1899 0.1976 0.1888 0.2044 0.1894 
         498  1 0.0179 0.1842 0.1961 0.1787 0.2082 0.2150 
         499  1 0.3129 0.1310 0.1289 0.1414 0.1352 0.1506 
         500  1 0.0190 0.1911 0.1983 0.1697 0.2155 0.2064 
         501  1 0.1479 0.1385 0.1914 0.1534 0.1892 0.1796 
         502  1 0.0261 0.1930 0.2041 0.1844 0.1852 0.2072 
         503  1 0.0196 0.1748 0.2168 0.2049 0.2021 0.1818 
         504  1 0.0092 0.1649 0.2132 0.1748 0.2380 0.1998 
         505  1 0.5573 0.0913 0.0912 0.0938 0.0790 0.0873 
         506  1 0.4433 0.1196 0.1188 0.1153 0.1035 0.0995 
         507  1 0.1135 0.1976 0.1487 0.1962 0.1632 0.1808 
         508  1 0.0298 0.1917 0.1784 0.1923 0.2081 0.1998 
         509  1 0.4408 0.0965 0.1280 0.1049 0.1213 0.1085 
         510  1 0.0585 0.1858 0.2141 0.1720 0.1839 0.1857 
         511  1 0.0247 0.1912 0.1952 0.2085 0.1909 0.1894 
         512  1 0.2218 0.1475 0.1662 0.1666 0.1473 0.1505 
         513  1 0.0408 0.1852 0.2066 0.1714 0.1965 0.1996 
         514  1 0.2777 0.1448 0.1478 0.1414 0.1520 0.1362 
         515  1 0.0954 0.1835 0.1692 0.1957 0.1905 0.1656 
         516  1 0.1761 0.1614 0.1603 0.1620 0.1827 0.1574 
         517  1 0.0261 0.2113 0.1439 0.2037 0.1771 0.2378 
         518  1 0.0449 0.1965 0.1377 0.2315 0.1545 0.2349 
         519  1 0.0113 0.2080 0.1949 0.1713 0.1830 0.2315 
         520  1 0.0582 0.1834 0.1661 0.2042 0.1659 0.2221 
         521  1 0.0456 0.2058 0.1637 0.1863 0.1962 0.2025 
         522  1 0.3198 0.1435 0.1254 0.1414 0.1381 0.1317 
         523  1 0.0185 0.1772 0.2293 0.1529 0.2145 0.2076 
         524  1 0.0669 0.2006 0.1712 0.1721 0.1568 0.2324 
         525  1 0.1919 0.1688 0.1626 0.1478 0.1693 0.1596 
         526  1 0.0147 0.2070 0.1878 0.1815 0.2168 0.1922 
         527  1 0.2975 0.1409 0.1362 0.1337 0.1413 0.1504 
         528  1 0.1742 0.1645 0.1620 0.1783 0.1722 0.1486 
         529  1 0.0387 0.1792 0.2169 0.1889 0.2206 0.1557 
         530  1 0.1309 0.1695 0.1673 0.1769 0.1714 0.1840 
         531  1 0.0599 0.1733 0.1991 0.1753 0.1969 0.1956 
         532  1 0.0398 0.1832 0.1964 0.1691 0.2066 0.2049 
         533  1 0.0322 0.2022 0.1883 0.2043 0.1851 0.1879 
         534  1 0.0395 0.1843 0.1875 0.1815 0.1921 0.2152 
         535  1 0.0634 0.1801 0.1817 0.1789 0.1947 0.2012 
         536  1 0.0863 0.1718 0.2079 0.1612 0.1903 0.1826 
         537  1 0.0612 0.2026 0.1618 0.2150 0.1483 0.2111 
         538  1 0.5430 0.0955 0.0906 0.0919 0.0920 0.0869 
         539  1 0.1724 0.1614 0.1604 0.1511 0.1923 0.1624 
         540  1 0.0283 0.1806 0.2184 0.1499 0.2200 0.2027 
         541  1 0.0178 0.1594 0.2470 0.1496 0.2338 0.1924 
         542  1 0.0189 0.1854 0.1874 0.2216 0.1815 0.2052 
         543  1 0.0154 0.1805 0.1950 0.1796 0.2347 0.1947 
         544  1 0.0288 0.1945 0.1852 0.2000 0.1902 0.2013 
         545  1 0.0339 0.1734 0.2129 0.1919 0.1943 0.1935 
         546  1 0.0125 0.1558 0.2206 0.1705 0.2410 0.1996 
         547  1 0.0451 0.1873 0.2177 0.1523 0.1777 0.2198 
         548  1 0.0185 0.1767 0.1975 0.1651 0.2450 0.1972 
         549  1 0.0232 0.2131 0.1907 0.1953 0.1979 0.1798 
         550  1 0.0128 0.1858 0.2342 0.1757 0.2002 0.1914 
         551  1 0.0217 0.1676 0.2205 0.1533 0.2504 0.1864 
         552  1 0.0446 0.1934 0.1916 0.1726 0.1990 0.1989 
         553  1 0.0436 0.1900 0.1912 0.1792 0.2087 0.1872 
         554  1 0.0194 0.1991 0.1959 0.1869 0.2068 0.1919 
         555  1 0.0588 0.2150 0.1510 0.2088 0.1438 0.2227 
         556  1 0.0741 0.1728 0.1863 0.2081 0.1729 0.1858 
         557  1 0.1045 0.1702 0.1960 0.1793 0.1871 0.1629 
         558  1 0.1506 0.1794 0.1603 0.1884 0.1602 0.1612 
         559  1 0.8171 0.0356 0.0405 0.0391 0.0326 0.0351 
         560  1 0.0761 0.1820 0.2002 0.1792 0.1834 0.1790 
         561  1 0.6340 0.0778 0.0546 0.0812 0.0544 0.0980 
         562  1 0.2057 0.1618 0.1653 0.1555 0.1539 0.1579 
         563  1 0.8155 0.0401 0.0363 0.0351 0.0408 0.0322 
         564  1 0.4090 0.1252 0.1083 0.1338 0.1004 0.1233 
         565  1 0.8311 0.0346 0.0332 0.0330 0.0340 0.0341 
         566  1 0.2131 0.1574 0.1528 0.1579 0.1590 0.1597 
         567  1 0.4566 0.1120 0.1128 0.1020 0.1044 0.1122 
         568  1 0.0578 0.1853 0.1937 0.1722 0.2075 0.1836 
         569  1 0.2850 0.1504 0.1237 0.1697 0.1144 0.1568 
         570  1 0.1570 0.1637 0.1606 0.2059 0.1367 0.1761 
         571  1 0.3550 0.1389 0.1227 0.1256 0.1341 0.1237 
         572  1 0.5625 0.0856 0.0757 0.0932 0.0731 0.1099 
         573  1 0.8458 0.0341 0.0291 0.0292 0.0323 0.0295 
         574  1 0.1920 0.1771 0.1490 0.1674 0.1660 0.1485 
         575  1 0.4469 0.1076 0.1016 0.1124 0.1182 0.1133 
         576  1 0.4691 0.1047 0.1055 0.1043 0.0977 0.1186 
         577  1 0.7760 0.0457 0.0448 0.0428 0.0459 0.0447 
         578  1 0.4123 0.1222 0.1159 0.1246 0.1153 0.1096 
         579  1 0.6090 0.0768 0.0791 0.0816 0.0818 0.0717 
         580  1 0.7622 0.0571 0.0447 0.0469 0.0449 0.0441 
         581  1 0.4326 0.1068 0.1067 0.1090 0.1153 0.1296 
         582  1 0.6944 0.0663 0.0530 0.0628 0.0555 0.0680 
         583  1 0.8526 0.0311 0.0286 0.0304 0.0315 0.0258 
         584  1 0.8278 0.0364 0.0355 0.0350 0.0327 0.0326 
         585  1 0.7883 0.0459 0.0409 0.0371 0.0413 0.0465 
         586  1 0.3086 0.1481 0.1371 0.1365 0.1481 0.1215 
         587  1 0.1406 0.1907 0.1634 0.1737 0.1577 0.1739 
         588  1 0.1949 0.1469 0.1624 0.1609 0.1501 0.1847 
         589  1 0.1197 0.2046 0.1408 0.1873 0.1360 0.2116 
         590  1 0.8852 0.0219 0.0238 0.0235 0.0213 0.0244 
         591  1 0.5172 0.0999 0.0819 0.1129 0.0896 0.0985 
         592  1 0.6835 0.0672 0.0584 0.0658 0.0591 0.0660 
         593  1 0.5292 0.0886 0.0890 0.1068 0.0971 0.0893 
         594  1 0.9050 0.0195 0.0190 0.0178 0.0196 0.0192 
         595  1 0.8226 0.0367 0.0361 0.0372 0.0331 0.0343 
         596  1 0.6172 0.0814 0.0677 0.0805 0.0737 0.0795 
         597  1 0.7220 0.0562 0.0623 0.0492 0.0521 0.0582 
         598  1 0.9307 0.0141 0.0136 0.0140 0.0131 0.0145 
         599  1 0.7569 0.0506 0.0438 0.0542 0.0454 0.0491 
         600  1 0.0470 0.1827 0.2144 0.2338 0.1640 0.1581 
         601  1 0.6528 0.0671 0.0737 0.0712 0.0724 0.0628 
         602  1 0.9290 0.0141 0.0143 0.0145 0.0139 0.0142 
         603  1 0.4621 0.1212 0.0916 0.1178 0.0889 0.1185 
         604  1 0.6158 0.0815 0.0813 0.0849 0.0702 0.0663 
         605  1 0.7366 0.0544 0.0471 0.0535 0.0561 0.0523 
         606  1 0.2057 0.1709 0.1488 0.1439 0.1728 0.1578 
         607  1 0.1346 0.1814 0.1909 0.1702 0.1684 0.1545 
         608  1 0.7125 0.0590 0.0557 0.0621 0.0503 0.0605 
         609  1 0.1890 0.1799 0.1398 0.1773 0.1349 0.1790 
         610  1 0.8568 0.0271 0.0275 0.0316 0.0286 0.0284 
         611  1 0.1969 0.1737 0.1479 0.1737 0.1452 0.1627 
         612  1 0.9074 0.0193 0.0183 0.0180 0.0166 0.0204 
         613  1 0.1988 0.1724 0.1572 0.1824 0.1337 0.1555 
         614  1 0.6748 0.0644 0.0646 0.0689 0.0648 0.0624 
         615  1 0.5173 0.1077 0.0804 0.1271 0.0770 0.0905 
         616  1 0.5015 0.1021 0.1130 0.1189 0.0847 0.0799 
         617  1 0.5195 0.0859 0.1060 0.0898 0.0988 0.0999 
         618  1 0.8574 0.0298 0.0281 0.0291 0.0259 0.0298 
         619  1 0.9182 0.0166 0.0165 0.0163 0.0159 0.0166 
         620  1 0.9302 0.0135 0.0144 0.0149 0.0135 0.0135 
         621  1 0.7852 0.0422 0.0453 0.0465 0.0405 0.0403 
         622  1 0.8425 0.0304 0.0311 0.0338 0.0317 0.0305 
         623  1 0.8866 0.0226 0.0223 0.0213 0.0240 0.0233 
         624  1 0.7726 0.0473 0.0469 0.0432 0.0449 0.0451 
         625  1 0.8677 0.0272 0.0262 0.0267 0.0254 0.0268 
         626  1 0.9404 0.0126 0.0116 0.0118 0.0111 0.0125 
         627  1 0.8914 0.0218 0.0207 0.0229 0.0212 0.0220 
         628  1 0.9198 0.0156 0.0159 0.0156 0.0168 0.0162 
         629  1 0.9018 0.0207 0.0187 0.0186 0.0209 0.0193 
         630  1 0.8340 0.0344 0.0327 0.0325 0.0328 0.0336 
         631  1 0.9122 0.0166 0.0184 0.0178 0.0169 0.0182 
         632  1 0.2917 0.1615 0.1083 0.1484 0.1160 0.1740 
         633  1 0.9217 0.0160 0.0146 0.0154 0.0156 0.0167 
         634  1 0.2978 0.1369 0.1504 0.1382 0.1524 0.1243 
         635  1 0.4691 0.1110 0.0988 0.1103 0.1055 0.1053 
         636  1 0.6673 0.0689 0.0660 0.0851 0.0590 0.0538 
         637  1 0.9313 0.0142 0.0129 0.0133 0.0139 0.0144 
         638  1 0.4461 0.1091 0.1022 0.1095 0.1101 0.1231 
         639  1 0.8778 0.0269 0.0213 0.0264 0.0213 0.0263 
         640  1 0.8452 0.0296 0.0314 0.0344 0.0305 0.0288 
         641  1 0.8525 0.0293 0.0296 0.0289 0.0310 0.0288 
         642  1 0.6826 0.0666 0.0531 0.0660 0.0661 0.0656 
         643  1 0.8867 0.0237 0.0205 0.0249 0.0211 0.0231 
         644  1 0.7480 0.0557 0.0451 0.0546 0.0420 0.0547 
         645  1 0.6344 0.0853 0.0636 0.0746 0.0551 0.0871 
         646  1 0.8534 0.0282 0.0269 0.0297 0.0333 0.0285 
         647  1 0.1466 0.1820 0.1580 0.1708 0.1593 0.1835 
         648  1 0.2961 0.1525 0.1215 0.1529 0.1201 0.1570 
         649  1 0.8744 0.0253 0.0266 0.0253 0.0256 0.0227 
         650  1 0.3544 0.1260 0.1479 0.1725 0.1145 0.0846 
         651  1 0.8049 0.0401 0.0331 0.0398 0.0381 0.0439 
         652  1 0.7469 0.0504 0.0492 0.0531 0.0464 0.0540 
         653  1 0.6996 0.0630 0.0597 0.0558 0.0593 0.0626 
         654  1 0.8904 0.0213 0.0212 0.0216 0.0223 0.0233 
         655  1 0.8613 0.0281 0.0269 0.0264 0.0288 0.0285 
         656  1 0.9460 0.0108 0.0110 0.0106 0.0112 0.0104 
         657  1 0.9141 0.0167 0.0172 0.0170 0.0172 0.0178 
         658  1 0.7804 0.0459 0.0435 0.0450 0.0430 0.0423 
         659  1 0.3263 0.1368 0.1202 0.1560 0.1284 0.1323 
         660  1 0.9168 0.0178 0.0162 0.0172 0.0151 0.0170 
         661  1 0.3007 0.1468 0.1309 0.1458 0.1302 0.1456 
         662  1 0.9227 0.0150 0.0149 0.0165 0.0160 0.0149 
         663  1 0.6764 0.0653 0.0687 0.0638 0.0641 0.0617 
         664  1 0.6812 0.0648 0.0619 0.0682 0.0580 0.0659 
         665  1 0.8776 0.0243 0.0214 0.0252 0.0237 0.0279 
         666  1 0.8832 0.0248 0.0241 0.0221 0.0245 0.0213 
         667  1 0.7238 0.0609 0.0543 0.0563 0.0499 0.0549 
         668  1 0.7177 0.0521 0.0554 0.0705 0.0466 0.0578 
