           1  1 0.1304 0.1255 0.1162 0.1353 0.1338 0.1178 0.0936 0.1474 
           2  1 0.1199 0.1418 0.1320 0.1358 0.1251 0.1762 0.0431 0.1261 
           3  1 0.1461 0.1572 0.1311 0.1464 0.1173 0.1387 0.0243 0.1390 
           4  1 0.1225 0.1337 0.1242 0.1283 0.1288 0.1488 0.0796 0.1341 
           5  1 0.1895 0.1531 0.1183 0.1380 0.1446 0.1104 0.0168 0.1294 
           6  1 0.1117 0.1203 0.1499 0.1308 0.1417 0.1673 0.0500 0.1284 
           7  1 0.1213 0.1375 0.1338 0.1293 0.1503 0.1237 0.0127 0.1915 
           8  1 0.0811 0.0878 0.0847 0.0729 0.0800 0.0766 0.4326 0.0844 
           9  1 0.1411 0.1396 0.1476 0.1314 0.1436 0.1449 0.0106 0.1411 
          10  1 0.0982 0.1267 0.1377 0.1223 0.1552 0.1437 0.0236 0.1926 
          11  1 0.1341 0.1292 0.1385 0.1516 0.1371 0.1547 0.0151 0.1396 
          12  1 0.1558 0.1422 0.1272 0.1412 0.1348 0.1425 0.0222 0.1342 
          13  1 0.1135 0.1195 0.1580 0.1346 0.1367 0.1742 0.0226 0.1410 
          14  1 0.1643 0.1561 0.1339 0.1222 0.1231 0.1542 0.0189 0.1274 
          15  1 0.1212 0.1381 0.1489 0.1307 0.1203 0.1582 0.0488 0.1340 
          16  1 0.0992 0.1049 0.1311 0.1232 0.1347 0.1653 0.0199 0.2217 
          17  1 0.1398 0.1590 0.1395 0.1276 0.1129 0.1934 0.0191 0.1088 
          18  1 0.0979 0.1045 0.1132 0.0942 0.1198 0.1355 0.2238 0.1111 
          19  1 0.1831 0.1445 0.1191 0.1332 0.1300 0.1064 0.0520 0.1319 
          20  1 0.0988 0.1310 0.1570 0.1223 0.1359 0.1434 0.0148 0.1968 
          21  1 0.1358 0.1552 0.1297 0.1385 0.1180 0.1781 0.0188 0.1259 
          22  1 0.1199 0.1423 0.1604 0.1557 0.1297 0.1620 0.0126 0.1174 
          23  1 0.1342 0.1437 0.1326 0.1219 0.1253 0.1629 0.0597 0.1197 
          24  1 0.1252 0.1318 0.1259 0.1316 0.1412 0.1743 0.0391 0.1308 
          25  1 0.1413 0.1444 0.1382 0.1412 0.1422 0.1344 0.0203 0.1381 
          26  1 0.1762 0.1443 0.1264 0.1400 0.1493 0.1176 0.0191 0.1271 
          27  1 0.1930 0.1522 0.1237 0.1307 0.1334 0.1183 0.0274 0.1213 
          28  1 0.1191 0.1394 0.1458 0.1359 0.1346 0.1732 0.0265 0.1254 
          29  1 0.1156 0.1537 0.1432 0.1301 0.1085 0.2427 0.0115 0.0947 
          30  1 0.1245 0.1424 0.1409 0.1412 0.1216 0.1785 0.0231 0.1279 
          31  1 0.1174 0.1312 0.1476 0.1545 0.1318 0.1380 0.0581 0.1214 
          32  1 0.1312 0.1373 0.1545 0.1323 0.1392 0.1628 0.0160 0.1267 
          33  1 0.1094 0.1218 0.1601 0.1192 0.1380 0.1804 0.0445 0.1266 
          34  1 0.1434 0.1439 0.1436 0.1442 0.1362 0.1303 0.0291 0.1293 
          35  1 0.1447 0.1414 0.1518 0.1303 0.1249 0.1424 0.0237 0.1408 
          36  1 0.1157 0.1519 0.1470 0.1458 0.1180 0.1988 0.0124 0.1103 
          37  1 0.2251 0.1555 0.1212 0.1481 0.1347 0.0961 0.0150 0.1044 
          38  1 0.1521 0.1274 0.1283 0.1374 0.1411 0.1590 0.0135 0.1412 
          39  1 0.1401 0.1440 0.1363 0.1327 0.1245 0.1655 0.0307 0.1262 
          40  1 0.1141 0.1248 0.1130 0.1340 0.1232 0.1206 0.1682 0.1021 
          41  1 0.1109 0.1518 0.1215 0.1327 0.1426 0.1552 0.0223 0.1630 
          42  1 0.1200 0.1250 0.1414 0.1474 0.1446 0.1728 0.0125 0.1362 
          43  1 0.1828 0.1399 0.1142 0.1425 0.1300 0.0971 0.0382 0.1553 
          44  1 0.1409 0.1459 0.1273 0.1358 0.1249 0.1561 0.0206 0.1486 
          45  1 0.1275 0.1651 0.1402 0.1309 0.1161 0.2172 0.0135 0.0896 
          46  1 0.1110 0.1277 0.1502 0.1208 0.1396 0.2002 0.0277 0.1228 
          47  1 0.1687 0.1422 0.1253 0.1450 0.1320 0.1280 0.0268 0.1319 
          48  1 0.1330 0.1345 0.1287 0.1315 0.1294 0.1391 0.0856 0.1182 
          49  1 0.1437 0.1286 0.1265 0.1320 0.1411 0.1631 0.0216 0.1434 
          50  1 0.1202 0.1396 0.1688 0.1235 0.1290 0.2123 0.0102 0.0964 
          51  1 0.1333 0.1399 0.1402 0.1339 0.1273 0.1690 0.0360 0.1204 
          52  1 0.1160 0.1446 0.1192 0.1398 0.1364 0.1483 0.0169 0.1788 
          53  1 0.1394 0.1352 0.1339 0.1403 0.1403 0.1614 0.0178 0.1316 
          54  1 0.1526 0.1206 0.1197 0.1284 0.1447 0.1335 0.0731 0.1274 
          55  1 0.0952 0.0953 0.0961 0.0997 0.1006 0.1302 0.2826 0.1004 
          56  1 0.1324 0.1326 0.1377 0.1315 0.1392 0.1231 0.0218 0.1817 
          57  1 0.1084 0.1117 0.1605 0.1311 0.1483 0.2009 0.0085 0.1306 
          58  1 0.1326 0.1105 0.1390 0.1293 0.1606 0.1806 0.0201 0.1272 
          59  1 0.1150 0.1140 0.1341 0.1471 0.1409 0.2231 0.0098 0.1160 
          60  1 0.1557 0.1468 0.1327 0.1377 0.1390 0.1484 0.0135 0.1263 
          61  1 0.1195 0.1127 0.1174 0.1242 0.1341 0.1430 0.1275 0.1217 
          62  1 0.1238 0.1365 0.1561 0.1270 0.1233 0.2092 0.0091 0.1150 
          63  1 0.1259 0.1236 0.1541 0.1385 0.1457 0.1567 0.0313 0.1241 
          64  1 0.1173 0.1453 0.1392 0.1360 0.1129 0.1880 0.0166 0.1446 
          65  1 0.2021 0.1482 0.1120 0.1396 0.1450 0.1112 0.0255 0.1164 
          66  1 0.1341 0.1498 0.1334 0.1346 0.1289 0.1622 0.0273 0.1296 
          67  1 0.1198 0.1387 0.1377 0.1370 0.1329 0.1885 0.0135 0.1319 
          68  1 0.1298 0.1293 0.1521 0.1286 0.1317 0.1670 0.0142 0.1473 
          69  1 0.1247 0.1144 0.1548 0.1168 0.1469 0.1620 0.0397 0.1409 
          70  1 0.1437 0.1358 0.1492 0.1772 0.1605 0.1045 0.0331 0.0960 
          71  1 0.1028 0.1202 0.0983 0.1061 0.1004 0.1484 0.1928 0.1310 
          72  1 0.1238 0.1494 0.1379 0.1354 0.1151 0.2251 0.0116 0.1016 
          73  1 0.1531 0.1528 0.1372 0.1324 0.1237 0.1284 0.0456 0.1266 
          74  1 0.1228 0.1270 0.1298 0.1308 0.1365 0.1463 0.0531 0.1537 
          75  1 0.1390 0.1361 0.1294 0.1373 0.1447 0.1461 0.0206 0.1469 
          76  1 0.1134 0.1306 0.1272 0.1355 0.1293 0.1405 0.0746 0.1490 
          77  1 0.1319 0.1302 0.1367 0.1354 0.1301 0.1337 0.0637 0.1383 
          78  1 0.1899 0.1527 0.1310 0.1357 0.1369 0.1006 0.0301 0.1232 
          79  1 0.1521 0.1404 0.1278 0.1266 0.1476 0.1153 0.0121 0.1782 
          80  1 0.1248 0.1091 0.1305 0.1273 0.1303 0.1350 0.1014 0.1416 
          81  1 0.1376 0.1344 0.1419 0.1232 0.1192 0.1182 0.0875 0.1380 
          82  1 0.1629 0.1437 0.1393 0.1275 0.1327 0.1345 0.0241 0.1353 
          83  1 0.1285 0.1312 0.1326 0.1331 0.1377 0.1425 0.0474 0.1471 
          84  1 0.1299 0.1319 0.1417 0.1422 0.1367 0.1393 0.0458 0.1324 
          85  1 0.1069 0.1319 0.1614 0.1300 0.1333 0.1759 0.0255 0.1350 
          86  1 0.1181 0.1289 0.1248 0.1257 0.1235 0.1125 0.1495 0.1169 
          87  1 0.1142 0.1354 0.1431 0.1451 0.1336 0.1713 0.0178 0.1395 
          88  1 0.1108 0.1265 0.1489 0.1470 0.1306 0.1762 0.0428 0.1173 
          89  1 0.1268 0.1382 0.1320 0.1346 0.1467 0.1218 0.0350 0.1649 
          90  1 0.1090 0.1278 0.1174 0.1184 0.1127 0.1357 0.1543 0.1246 
          91  1 0.1370 0.1382 0.1370 0.1351 0.1400 0.1414 0.0414 0.1297 
          92  1 0.1224 0.1467 0.1389 0.1224 0.1147 0.1953 0.0381 0.1216 
          93  1 0.1299 0.1377 0.1461 0.1200 0.1341 0.1641 0.0333 0.1349 
          94  1 0.1109 0.1230 0.1212 0.1081 0.1109 0.1096 0.1685 0.1479 
          95  1 0.1080 0.1409 0.1444 0.1296 0.1207 0.1766 0.0324 0.1474 
          96  1 0.1060 0.1171 0.1257 0.1176 0.1310 0.1485 0.0448 0.2092 
          97  1 0.1295 0.1304 0.1400 0.1316 0.1448 0.1498 0.0159 0.1581 
          98  1 0.1313 0.1388 0.1575 0.1797 0.1432 0.1462 0.0167 0.0866 
          99  1 0.1247 0.1251 0.1318 0.1328 0.1580 0.1338 0.0145 0.1793 
         100  1 0.2120 0.1403 0.1221 0.1361 0.1429 0.1127 0.0266 0.1072 
         101  1 0.1726 0.1361 0.1432 0.1042 0.1465 0.1209 0.0484 0.1282 
         102  1 0.0931 0.1253 0.1672 0.1204 0.1363 0.2149 0.0169 0.1260 
         103  1 0.1841 0.1235 0.1191 0.1269 0.1193 0.0958 0.1357 0.0957 
         104  1 0.1471 0.1431 0.1230 0.1488 0.1515 0.1367 0.0261 0.1237 
         105  1 0.1417 0.1541 0.1256 0.1242 0.1312 0.1483 0.0306 0.1442 
         106  1 0.1443 0.1261 0.1453 0.1293 0.1599 0.1169 0.0361 0.1419 
         107  1 0.1780 0.1404 0.1330 0.1258 0.1342 0.1327 0.0298 0.1260 
         108  1 0.0909 0.1183 0.1610 0.1193 0.1346 0.1898 0.0368 0.1492 
         109  1 0.1465 0.1383 0.1341 0.1472 0.1396 0.1131 0.0341 0.1471 
         110  1 0.1480 0.1252 0.1358 0.1270 0.1447 0.1223 0.0233 0.1737 
         111  1 0.1311 0.1249 0.1462 0.1534 0.1253 0.1348 0.0359 0.1484 
         112  1 0.1908 0.1459 0.1314 0.1384 0.1390 0.1189 0.0274 0.1082 
         113  1 0.1118 0.1699 0.1357 0.1281 0.1135 0.1757 0.0176 0.1477 
         114  1 0.1142 0.1281 0.1451 0.1176 0.1321 0.1539 0.0518 0.1572 
         115  1 0.1523 0.1373 0.1187 0.1329 0.1412 0.1404 0.0368 0.1403 
         116  1 0.1469 0.1490 0.1372 0.1508 0.1355 0.1404 0.0152 0.1251 
         117  1 0.1402 0.1431 0.1317 0.1357 0.1164 0.1331 0.0309 0.1689 
         118  1 0.1427 0.1361 0.1388 0.1284 0.1283 0.1298 0.0389 0.1570 
         119  1 0.1277 0.1375 0.1551 0.1901 0.1610 0.0996 0.0253 0.1037 
         120  1 0.1166 0.1201 0.1211 0.1200 0.1199 0.1130 0.1698 0.1195 
         121  1 0.1466 0.1466 0.1278 0.1478 0.1321 0.1183 0.0361 0.1447 
         122  1 0.1197 0.1258 0.1549 0.1618 0.1521 0.1390 0.0276 0.1191 
         123  1 0.1378 0.1431 0.1556 0.1453 0.1205 0.1484 0.0162 0.1331 
         124  1 0.1151 0.1361 0.1327 0.1343 0.1429 0.1677 0.0181 0.1532 
         125  1 0.1478 0.1336 0.1419 0.1716 0.1494 0.0982 0.0443 0.1134 
         126  1 0.1163 0.1426 0.1544 0.1270 0.1390 0.1858 0.0156 0.1192 
         127  1 0.1581 0.1408 0.1378 0.1284 0.1414 0.1429 0.0275 0.1232 
         128  1 0.1620 0.1468 0.1428 0.1402 0.1384 0.1236 0.0178 0.1283 
         129  1 0.1147 0.1182 0.1126 0.1206 0.1248 0.1033 0.1775 0.1282 
         130  1 0.1189 0.1327 0.1504 0.1793 0.1362 0.1081 0.0640 0.1104 
         131  1 0.1318 0.1482 0.1376 0.1317 0.1319 0.1640 0.0279 0.1270 
         132  1 0.1425 0.1472 0.1418 0.1290 0.1419 0.1371 0.0183 0.1422 
         133  1 0.1148 0.1242 0.1411 0.1733 0.1476 0.1211 0.0163 0.1616 
         134  1 0.1118 0.1187 0.1480 0.1178 0.1509 0.1522 0.0322 0.1683 
         135  1 0.0945 0.0793 0.0776 0.0810 0.0806 0.0636 0.4431 0.0802 
         136  1 0.1305 0.1253 0.1448 0.1445 0.1380 0.1413 0.0358 0.1399 
         137  1 0.1563 0.1342 0.1147 0.1207 0.1242 0.0882 0.1290 0.1328 
         138  1 0.1319 0.1350 0.1540 0.1374 0.1231 0.1542 0.0226 0.1417 
         139  1 0.1571 0.1369 0.1419 0.1323 0.1400 0.1176 0.0267 0.1476 
         140  1 0.1333 0.1312 0.1301 0.1318 0.1456 0.1208 0.0418 0.1655 
         141  1 0.1355 0.1278 0.1170 0.1601 0.1322 0.1195 0.0787 0.1292 
         142  1 0.1546 0.1391 0.1381 0.1188 0.1375 0.1218 0.0546 0.1355 
         143  1 0.1843 0.1473 0.1083 0.1508 0.1358 0.1153 0.0427 0.1155 
         144  1 0.1276 0.1442 0.1354 0.1472 0.1242 0.2053 0.0186 0.0976 
         145  1 0.1020 0.1262 0.1723 0.1220 0.1419 0.2026 0.0130 0.1200 
         146  1 0.1762 0.1472 0.1388 0.1298 0.1339 0.1153 0.0426 0.1160 
         147  1 0.1207 0.1268 0.1522 0.1339 0.1341 0.1802 0.0177 0.1344 
         148  1 0.1618 0.1477 0.1281 0.1243 0.1399 0.1357 0.0178 0.1447 
         149  1 0.1591 0.1430 0.1312 0.1313 0.1316 0.1214 0.0311 0.1511 
         150  1 0.1445 0.1445 0.1292 0.1071 0.1196 0.1200 0.1079 0.1272 
         151  1 0.1348 0.1502 0.1417 0.1324 0.1430 0.1235 0.0405 0.1339 
         152  1 0.1662 0.1449 0.1492 0.1285 0.1320 0.1243 0.0345 0.1205 
         153  1 0.1328 0.1309 0.1319 0.1344 0.1386 0.1258 0.0258 0.1797 
         154  1 0.1564 0.1563 0.1394 0.1634 0.1780 0.0967 0.0130 0.0967 
         155  1 0.1432 0.1381 0.1410 0.1304 0.1409 0.1294 0.0411 0.1359 
         156  1 0.1279 0.1269 0.1357 0.1344 0.1455 0.1226 0.0351 0.1718 
         157  1 0.1398 0.1361 0.1289 0.1363 0.1299 0.1427 0.0276 0.1587 
         158  1 0.1110 0.1310 0.1311 0.1401 0.1159 0.1262 0.1029 0.1418 
         159  1 0.1230 0.1508 0.1467 0.1271 0.1219 0.1763 0.0294 0.1247 
         160  1 0.1512 0.1621 0.1364 0.1263 0.1430 0.1265 0.0228 0.1316 
         161  1 0.1362 0.1330 0.1248 0.1290 0.1324 0.1107 0.1200 0.1140 
         162  1 0.1506 0.1407 0.1297 0.1484 0.1447 0.1194 0.0231 0.1435 
         163  1 0.1163 0.1275 0.1380 0.1350 0.1404 0.1350 0.0537 0.1541 
         164  1 0.1205 0.1392 0.1467 0.1368 0.1405 0.1423 0.0361 0.1379 
         165  1 0.1263 0.1451 0.1304 0.1354 0.1446 0.1552 0.0229 0.1400 
         166  1 0.1477 0.1435 0.1519 0.1269 0.1271 0.1218 0.0361 0.1450 
         167  1 0.1285 0.1365 0.1428 0.1583 0.1466 0.1485 0.0271 0.1116 
         168  1 0.1192 0.1147 0.1404 0.1202 0.1399 0.1285 0.1139 0.1232 
         169  1 0.1527 0.1419 0.1304 0.1885 0.1668 0.0964 0.0278 0.0954 
         170  1 0.1402 0.1507 0.1380 0.1445 0.1668 0.1325 0.0147 0.1125 
         171  1 0.1092 0.1354 0.1430 0.1374 0.1348 0.1775 0.0210 0.1417 
         172  1 0.1132 0.1228 0.1599 0.1347 0.1442 0.1778 0.0223 0.1250 
         173  1 0.1396 0.1400 0.1495 0.1224 0.1331 0.1423 0.0395 0.1335 
         174  1 0.1327 0.1489 0.1382 0.1293 0.1254 0.1725 0.0310 0.1219 
         175  1 0.1319 0.1340 0.1435 0.1765 0.1509 0.1232 0.0330 0.1069 
         176  1 0.1217 0.1580 0.1450 0.1296 0.1161 0.1517 0.0394 0.1384 
         177  1 0.1178 0.1433 0.1280 0.1371 0.1167 0.1417 0.0902 0.1253 
         178  1 0.1294 0.1349 0.1299 0.1332 0.1401 0.1448 0.0300 0.1577 
         179  1 0.1372 0.1302 0.1227 0.1467 0.1497 0.1447 0.0235 0.1454 
         180  1 0.1089 0.1521 0.1538 0.1985 0.1239 0.1212 0.0066 0.1352 
         181  1 0.1354 0.1307 0.1364 0.1356 0.1353 0.1401 0.0466 0.1399 
         182  1 0.1290 0.1180 0.1144 0.1100 0.1175 0.1096 0.1830 0.1187 
         183  1 0.1438 0.1316 0.1275 0.1596 0.1353 0.1062 0.0834 0.1127 
         184  1 0.1267 0.1403 0.1469 0.1788 0.1350 0.1120 0.0442 0.1160 
         185  1 0.1281 0.1490 0.1287 0.1424 0.1219 0.1407 0.0520 0.1372 
         186  1 0.1300 0.1316 0.1520 0.1616 0.1735 0.1073 0.0223 0.1218 
         187  1 0.1441 0.1383 0.1467 0.1686 0.1664 0.0959 0.0165 0.1233 
         188  1 0.1406 0.1290 0.1542 0.1695 0.1653 0.1109 0.0188 0.1117 
         189  1 0.1391 0.1396 0.1281 0.1401 0.1303 0.1504 0.0295 0.1430 
         190  1 0.1416 0.1313 0.1493 0.1739 0.1681 0.0990 0.0284 0.1084 
         191  1 0.1183 0.1443 0.1437 0.1404 0.1230 0.1859 0.0204 0.1240 
         192  1 0.0884 0.0781 0.0628 0.0706 0.0709 0.0612 0.4950 0.0730 
         193  1 0.0786 0.0845 0.0849 0.0750 0.0798 0.0803 0.4284 0.0884 
         194  1 0.1296 0.1270 0.1337 0.1660 0.1501 0.1003 0.0979 0.0954 
         195  1 0.1254 0.1304 0.1398 0.1847 0.1363 0.1057 0.0550 0.1227 
         196  1 0.1429 0.1329 0.1335 0.1433 0.1546 0.1413 0.0165 0.1349 
         197  1 0.1281 0.1445 0.1330 0.1222 0.1185 0.1622 0.0707 0.1207 
         198  1 0.1392 0.1408 0.1447 0.1416 0.1243 0.1647 0.0213 0.1233 
         199  1 0.1308 0.1432 0.1165 0.1391 0.1244 0.1358 0.0764 0.1338 
         200  1 0.1413 0.1340 0.1471 0.1384 0.1357 0.1208 0.0475 0.1352 
         201  1 0.1332 0.1468 0.1340 0.1239 0.1138 0.1292 0.1042 0.1149 
         202  1 0.1159 0.1440 0.1374 0.1479 0.1328 0.1916 0.0093 0.1210 
         203  1 0.1855 0.1495 0.1336 0.1304 0.1418 0.0985 0.0494 0.1113 
         204  1 0.1319 0.1324 0.1441 0.1505 0.1657 0.1050 0.0142 0.1563 
         205  1 0.1252 0.1286 0.1420 0.1349 0.1385 0.1712 0.0126 0.1471 
         206  1 0.1244 0.1507 0.1419 0.1398 0.1258 0.1533 0.0248 0.1393 
         207  1 0.1275 0.1414 0.1421 0.1649 0.1482 0.1250 0.0217 0.1292 
         208  1 0.1209 0.1331 0.1540 0.1606 0.1375 0.1429 0.0123 0.1386 
         209  1 0.1126 0.1212 0.1176 0.1069 0.1153 0.1090 0.1872 0.1302 
         210  1 0.1504 0.1273 0.1313 0.1437 0.1463 0.1326 0.0237 0.1448 
         211  1 0.1274 0.1333 0.1378 0.1654 0.1375 0.1476 0.0264 0.1247 
         212  1 0.1267 0.1352 0.1401 0.1566 0.1244 0.1237 0.0794 0.1139 
         213  1 0.1695 0.1469 0.1325 0.1230 0.1471 0.1191 0.0325 0.1295 
         214  1 0.1735 0.1379 0.1242 0.1451 0.1298 0.1023 0.0424 0.1448 
         215  1 0.1150 0.1293 0.1365 0.1560 0.1419 0.1236 0.0452 0.1525 
         216  1 0.1304 0.1363 0.1456 0.1719 0.1404 0.1343 0.0358 0.1052 
         217  1 0.2262 0.1397 0.1111 0.1633 0.1377 0.0979 0.0263 0.0978 
         218  1 0.1276 0.1298 0.1361 0.1641 0.1524 0.1249 0.0189 0.1462 
         219  1 0.1451 0.1305 0.1406 0.1380 0.1485 0.1368 0.0141 0.1463 
         220  1 0.1581 0.1350 0.1262 0.1518 0.1228 0.1279 0.0555 0.1228 
         221  1 0.1270 0.1476 0.1244 0.1330 0.1256 0.1686 0.0492 0.1247 
         222  1 0.1338 0.1339 0.1393 0.1378 0.1230 0.1264 0.0758 0.1300 
         223  1 0.1149 0.1085 0.0987 0.1138 0.1157 0.0936 0.2456 0.1092 
         224  1 0.1276 0.1595 0.1250 0.1361 0.1227 0.1579 0.0314 0.1399 
         225  1 0.1226 0.1309 0.1405 0.1325 0.1382 0.1715 0.0202 0.1435 
         226  1 0.1232 0.1091 0.1417 0.1225 0.1525 0.1888 0.0206 0.1416 
         227  1 0.1396 0.1268 0.1425 0.1146 0.1360 0.1296 0.0757 0.1353 
         228  1 0.1385 0.1513 0.1408 0.1638 0.1298 0.1124 0.0367 0.1267 
         229  1 0.1300 0.1379 0.1370 0.1468 0.1405 0.1502 0.0142 0.1434 
         230  1 0.1622 0.1297 0.1652 0.1094 0.1479 0.1296 0.0323 0.1236 
         231  1 0.1191 0.1290 0.1455 0.1370 0.1352 0.1841 0.0133 0.1368 
         232  1 0.1398 0.1373 0.1359 0.1464 0.1406 0.1429 0.0185 0.1387 
         233  1 0.1193 0.1435 0.1529 0.1291 0.1372 0.1447 0.0390 0.1344 
         234  1 0.1254 0.1398 0.1505 0.1599 0.1353 0.1116 0.0191 0.1584 
         235  1 0.1004 0.1040 0.1569 0.1301 0.1579 0.1903 0.0143 0.1461 
         236  1 0.1604 0.1507 0.1352 0.1525 0.1281 0.1189 0.0144 0.1397 
         237  1 0.1009 0.1003 0.1555 0.1236 0.1447 0.1986 0.0259 0.1505 
         238  1 0.1338 0.1345 0.1348 0.1209 0.1406 0.1470 0.0497 0.1387 
         239  1 0.1182 0.1501 0.1706 0.1323 0.1180 0.1945 0.0065 0.1099 
         240  1 0.1200 0.1208 0.1110 0.1283 0.1135 0.1062 0.1659 0.1344 
         241  1 0.1224 0.1432 0.1450 0.1324 0.1280 0.1493 0.0182 0.1618 
         242  1 0.1432 0.1355 0.1371 0.1137 0.1408 0.1439 0.0466 0.1392 
         243  1 0.1263 0.1172 0.1534 0.1355 0.1380 0.1800 0.0175 0.1321 
         244  1 0.1413 0.1232 0.1206 0.1484 0.1439 0.1395 0.0370 0.1461 
         245  1 0.1098 0.1296 0.1548 0.1605 0.1594 0.1623 0.0182 0.1054 
         246  1 0.1166 0.1453 0.1451 0.1223 0.1280 0.1972 0.0090 0.1365 
         247  1 0.1285 0.1151 0.1391 0.1423 0.1376 0.1271 0.0630 0.1473 
         248  1 0.1433 0.1492 0.1257 0.1397 0.1193 0.1371 0.0523 0.1333 
         249  1 0.1226 0.1197 0.1296 0.1304 0.1285 0.1238 0.1250 0.1205 
         250  1 0.1623 0.1519 0.1594 0.1024 0.1448 0.1243 0.0213 0.1336 
         251  1 0.1519 0.1482 0.1614 0.1225 0.1555 0.1106 0.0233 0.1266 
         252  1 0.1493 0.1295 0.1496 0.1295 0.1475 0.1554 0.0112 0.1280 
         253  1 0.1249 0.1298 0.1160 0.1146 0.1117 0.1094 0.1690 0.1247 
         254  1 0.0499 0.0567 0.0489 0.0573 0.0508 0.0387 0.6548 0.0428 
         255  1 0.1261 0.1395 0.1290 0.1279 0.1277 0.1518 0.0608 0.1371 
         256  1 0.1470 0.1296 0.1669 0.1637 0.1609 0.1019 0.0244 0.1056 
         257  1 0.1484 0.1500 0.1373 0.1173 0.1267 0.1265 0.0657 0.1282 
         258  1 0.1275 0.1298 0.1440 0.1191 0.1242 0.1884 0.0311 0.1359 
         259  1 0.1646 0.1394 0.1211 0.1363 0.1357 0.1257 0.0319 0.1452 
         260  1 0.1573 0.1334 0.1220 0.1587 0.1518 0.1468 0.0082 0.1219 
         261  1 0.1265 0.1375 0.1401 0.1647 0.1548 0.1227 0.0151 0.1387 
         262  1 0.1583 0.1406 0.1384 0.1393 0.1498 0.1235 0.0181 0.1320 
         263  1 0.1332 0.1367 0.1317 0.1372 0.1304 0.1383 0.0543 0.1381 
         264  1 0.1379 0.1460 0.1438 0.1335 0.1325 0.1674 0.0171 0.1219 
         265  1 0.1244 0.1193 0.1297 0.1114 0.1137 0.1202 0.1426 0.1387 
         266  1 0.1307 0.1448 0.1575 0.1306 0.1112 0.1817 0.0230 0.1205 
         267  1 0.1569 0.1453 0.1282 0.1332 0.1376 0.1337 0.0247 0.1404 
         268  1 0.1792 0.1462 0.1365 0.1355 0.1425 0.1085 0.0243 0.1273 
         269  1 0.1393 0.1315 0.1629 0.1311 0.1348 0.1335 0.0398 0.1271 
         270  1 0.1029 0.1070 0.0967 0.1433 0.1290 0.0655 0.2377 0.1180 
         271  1 0.1730 0.1551 0.1406 0.1282 0.1402 0.1189 0.0211 0.1229 
         272  1 0.1365 0.1453 0.1409 0.1551 0.1315 0.1469 0.0198 0.1241 
         273  1 0.1851 0.1582 0.1227 0.1523 0.1276 0.1165 0.0123 0.1253 
         274  1 0.1231 0.1248 0.1590 0.1126 0.1367 0.2108 0.0137 0.1193 
         275  1 0.1684 0.1468 0.1511 0.1022 0.1280 0.1376 0.0285 0.1373 
         276  1 0.1611 0.1612 0.1518 0.1223 0.1261 0.1297 0.0206 0.1271 
         277  1 0.1318 0.1235 0.1415 0.1724 0.1560 0.1078 0.0629 0.1042 
         278  1 0.1707 0.1559 0.1338 0.1332 0.1299 0.1077 0.0490 0.1200 
         279  1 0.1130 0.1274 0.1399 0.1119 0.1586 0.1297 0.0090 0.2103 
         280  1 0.1298 0.1293 0.1376 0.1291 0.1427 0.1975 0.0187 0.1153 
         281  1 0.1398 0.1365 0.1304 0.1180 0.1294 0.1188 0.1021 0.1250 
         282  1 0.1151 0.1333 0.1554 0.1205 0.1469 0.1641 0.0210 0.1436 
         283  1 0.1448 0.1449 0.1452 0.1614 0.1486 0.1152 0.0110 0.1288 
         284  1 0.1399 0.1274 0.1671 0.1923 0.1509 0.0991 0.0145 0.1089 
         285  1 0.1255 0.1343 0.1601 0.1330 0.1296 0.1586 0.0291 0.1299 
         286  1 0.1237 0.1145 0.1121 0.1161 0.1389 0.1247 0.1460 0.1240 
         287  1 0.1265 0.1407 0.1242 0.1385 0.1295 0.1881 0.0237 0.1288 
         288  1 0.1538 0.1361 0.1304 0.1511 0.1353 0.1325 0.0163 0.1444 
         289  1 0.1480 0.1345 0.1355 0.1489 0.1375 0.1201 0.0270 0.1486 
         290  1 0.1429 0.1423 0.1289 0.1504 0.1413 0.1370 0.0176 0.1397 
         291  1 0.1149 0.1481 0.1319 0.1697 0.1458 0.1173 0.0351 0.1373 
         292  1 0.1556 0.1269 0.1682 0.1824 0.1635 0.0951 0.0212 0.0873 
         293  1 0.1863 0.1483 0.1022 0.1492 0.1339 0.1098 0.0225 0.1479 
         294  1 0.1235 0.1380 0.1330 0.1310 0.1499 0.1541 0.0177 0.1528 
         295  1 0.1314 0.1332 0.1172 0.1297 0.1409 0.1303 0.0303 0.1870 
         296  1 0.1555 0.1425 0.1386 0.1232 0.1142 0.1189 0.1028 0.1044 
         297  1 0.1268 0.1263 0.1407 0.1387 0.1391 0.1616 0.0327 0.1341 
         298  1 0.1494 0.1493 0.1410 0.1405 0.1242 0.1634 0.0106 0.1215 
         299  1 0.1616 0.1448 0.1372 0.1407 0.1440 0.1124 0.0333 0.1259 
         300  1 0.1004 0.1138 0.1414 0.1378 0.1285 0.1252 0.1122 0.1407 
         301  1 0.1078 0.1192 0.1163 0.1128 0.1135 0.1028 0.1801 0.1476 
         302  1 0.1240 0.1415 0.1321 0.1423 0.1400 0.1344 0.0306 0.1549 
         303  1 0.1335 0.1374 0.1333 0.1301 0.1337 0.1691 0.0344 0.1285 
         304  1 0.1029 0.1042 0.1522 0.1151 0.1441 0.2086 0.0310 0.1420 
         305  1 0.1327 0.1502 0.1398 0.1518 0.1311 0.1529 0.0215 0.1199 
         306  1 0.1671 0.1486 0.1436 0.1190 0.1330 0.1300 0.0416 0.1171 
         307  1 0.1082 0.1380 0.1467 0.1739 0.1475 0.1537 0.0169 0.1151 
         308  1 0.1204 0.1414 0.1247 0.1255 0.1304 0.1682 0.0313 0.1581 
         309  1 0.1010 0.1492 0.1392 0.1244 0.1419 0.1667 0.0319 0.1458 
         310  1 0.1483 0.1345 0.1534 0.2059 0.1743 0.0715 0.0237 0.0884 
         311  1 0.1304 0.1494 0.1499 0.1322 0.1281 0.1535 0.0231 0.1334 
         312  1 0.1318 0.1418 0.1352 0.1189 0.1464 0.1391 0.0317 0.1551 
         313  1 0.1163 0.1489 0.1346 0.1329 0.1390 0.1712 0.0192 0.1379 
         314  1 0.1147 0.1245 0.1462 0.1213 0.1291 0.2069 0.0237 0.1335 
         315  1 0.1195 0.1460 0.1453 0.1751 0.1343 0.1291 0.0148 0.1358 
         316  1 0.1098 0.0960 0.1127 0.1034 0.1096 0.1185 0.2426 0.1074 
         317  1 0.1350 0.1278 0.1533 0.1578 0.1477 0.1300 0.0282 0.1201 
         318  1 0.1439 0.1431 0.1441 0.1351 0.1371 0.1352 0.0191 0.1423 
         319  1 0.1173 0.1273 0.1281 0.1262 0.1277 0.1428 0.0236 0.2070 
         320  1 0.1459 0.1289 0.1433 0.1458 0.1413 0.1412 0.0252 0.1284 
         321  1 0.0946 0.0934 0.0867 0.0919 0.0934 0.0902 0.3352 0.1146 
         322  1 0.1292 0.1583 0.1351 0.1424 0.1327 0.1317 0.0420 0.1286 
         323  1 0.1284 0.1297 0.1391 0.1191 0.1242 0.1816 0.0327 0.1453 
         324  1 0.1292 0.1250 0.1516 0.1707 0.1341 0.1258 0.0313 0.1323 
         325  1 0.1564 0.1458 0.1326 0.1413 0.1312 0.1537 0.0136 0.1253 
         326  1 0.1616 0.1406 0.1716 0.1053 0.1452 0.1463 0.0135 0.1159 
         327  1 0.1323 0.1538 0.1293 0.1382 0.1181 0.0996 0.0945 0.1342 
         328  1 0.1271 0.1315 0.1369 0.1561 0.1514 0.1557 0.0091 0.1321 
         329  1 0.1560 0.1418 0.1174 0.1313 0.1332 0.1229 0.0258 0.1717 
         330  1 0.1336 0.1246 0.1277 0.1390 0.1308 0.1293 0.0869 0.1279 
         331  1 0.1357 0.1472 0.1282 0.1418 0.1321 0.1575 0.0355 0.1221 
         332  1 0.1465 0.1460 0.1408 0.1536 0.1487 0.1306 0.0137 0.1202 
         333  1 0.1355 0.1508 0.1321 0.1231 0.1397 0.1399 0.0163 0.1626 
         334  1 0.1378 0.1314 0.1466 0.1672 0.1474 0.1199 0.0213 0.1283 
         335  1 0.1448 0.1340 0.1201 0.1270 0.1222 0.1053 0.1243 0.1222 
         336  1 0.1510 0.1303 0.1303 0.1258 0.1288 0.1448 0.0542 0.1348 
         337  1 0.1459 0.1343 0.1581 0.2082 0.1766 0.0794 0.0091 0.0883 
         338  1 0.1644 0.1342 0.1160 0.1621 0.1482 0.1383 0.0132 0.1236 
         339  1 0.1464 0.1421 0.1546 0.2076 0.1790 0.0713 0.0214 0.0777 
         340  1 0.1096 0.1028 0.0996 0.1245 0.1032 0.0943 0.2729 0.0932 
         341  1 0.1298 0.1191 0.1440 0.1344 0.1252 0.1302 0.0794 0.1379 
         342  1 0.1273 0.1319 0.1434 0.1487 0.1538 0.1361 0.0227 0.1360 
         343  1 0.1710 0.1370 0.1717 0.0872 0.1425 0.1356 0.0187 0.1363 
         344  1 0.1525 0.1354 0.1531 0.1078 0.1405 0.1298 0.0351 0.1458 
         345  1 0.1804 0.1472 0.1258 0.1538 0.1383 0.1202 0.0151 0.1191 
         346  1 0.1084 0.1239 0.1321 0.1335 0.1426 0.1602 0.0237 0.1756 
         347  1 0.1923 0.1577 0.1723 0.1012 0.1247 0.1263 0.0200 0.1055 
         348  1 0.1108 0.1358 0.1505 0.1489 0.1333 0.1420 0.0379 0.1409 
         349  1 0.1316 0.1371 0.1436 0.1315 0.1342 0.1332 0.0389 0.1499 
         350  1 0.1122 0.1272 0.1183 0.1321 0.1179 0.1143 0.1451 0.1328 
         351  1 0.1281 0.1171 0.1349 0.1255 0.1344 0.1364 0.0505 0.1731 
         352  1 0.1256 0.1466 0.1422 0.1531 0.1350 0.1455 0.0136 0.1385 
         353  1 0.1009 0.0762 0.0718 0.0661 0.0692 0.0522 0.5044 0.0593 
         354  1 0.1438 0.1290 0.1289 0.1336 0.1444 0.1693 0.0188 0.1321 
         355  1 0.1386 0.1379 0.1433 0.1596 0.1325 0.1142 0.0141 0.1597 
         356  1 0.1386 0.1396 0.1309 0.1432 0.1391 0.1278 0.0427 0.1381 
         357  1 0.1798 0.1490 0.1337 0.1405 0.1444 0.0997 0.0251 0.1278 
         358  1 0.1708 0.1548 0.1320 0.1464 0.1530 0.1068 0.0203 0.1158 
         359  1 0.1471 0.1294 0.1266 0.1435 0.1449 0.1322 0.0585 0.1177 
         360  1 0.1905 0.1431 0.1398 0.1373 0.1361 0.1007 0.0356 0.1170 
         361  1 0.1216 0.1458 0.1393 0.1467 0.1353 0.1393 0.0263 0.1457 
         362  1 0.1327 0.1327 0.1196 0.1200 0.1219 0.0964 0.1453 0.1314 
         363  1 0.1296 0.1318 0.1446 0.1257 0.1307 0.1235 0.0896 0.1245 
         364  1 0.1479 0.1485 0.1200 0.1376 0.1550 0.1139 0.0394 0.1377 
         365  1 0.1376 0.1340 0.1158 0.1245 0.1145 0.1194 0.1333 0.1209 
         366  1 0.1317 0.1255 0.1302 0.1249 0.1278 0.1311 0.0561 0.1727 
         367  1 0.0661 0.0624 0.0713 0.0707 0.0634 0.0555 0.5599 0.0507 
         368  1 0.1300 0.1353 0.1582 0.1331 0.1543 0.1334 0.0191 0.1367 
         369  1 0.1231 0.1206 0.1510 0.1397 0.1518 0.1595 0.0209 0.1334 
         370  1 0.1820 0.1442 0.1384 0.1214 0.1417 0.1181 0.0436 0.1106 
         371  1 0.1286 0.1287 0.1269 0.1302 0.1338 0.1569 0.0745 0.1204 
         372  1 0.1189 0.1372 0.1527 0.1293 0.1368 0.1695 0.0247 0.1310 
         373  1 0.1357 0.1318 0.1113 0.1201 0.1359 0.1228 0.1061 0.1364 
         374  1 0.1649 0.1454 0.1188 0.1525 0.1297 0.1101 0.0380 0.1407 
         375  1 0.1008 0.1237 0.1202 0.1146 0.1466 0.1224 0.0697 0.2019 
         376  1 0.1488 0.1464 0.1373 0.1264 0.1287 0.1164 0.0569 0.1390 
         377  1 0.2104 0.1505 0.1133 0.1569 0.1351 0.1014 0.0240 0.1085 
         378  1 0.1391 0.1490 0.1523 0.1277 0.1475 0.1405 0.0189 0.1250 
         379  1 0.1183 0.1298 0.1316 0.1293 0.1284 0.1446 0.0487 0.1694 
         380  1 0.1571 0.1402 0.1313 0.1474 0.1438 0.0946 0.0476 0.1380 
         381  1 0.1276 0.1304 0.1325 0.1167 0.1443 0.1513 0.0284 0.1689 
         382  1 0.1302 0.1616 0.1328 0.1384 0.1416 0.1487 0.0200 0.1268 
         383  1 0.1316 0.1504 0.1258 0.1340 0.1295 0.1455 0.0329 0.1503 
         384  1 0.1364 0.1673 0.1432 0.1384 0.1189 0.1600 0.0100 0.1258 
         385  1 0.1331 0.1246 0.1236 0.1383 0.1342 0.1381 0.0672 0.1408 
         386  1 0.1489 0.1346 0.1471 0.1454 0.1299 0.1503 0.0169 0.1268 
         387  1 0.1133 0.1181 0.1370 0.1292 0.1378 0.1109 0.0834 0.1704 
         388  1 0.1295 0.1109 0.1073 0.0923 0.0935 0.0705 0.3127 0.0832 
         389  1 0.1106 0.1054 0.1021 0.1013 0.0999 0.0781 0.3003 0.1023 
         390  1 0.1325 0.1398 0.1347 0.1441 0.1605 0.1402 0.0236 0.1246 
         391  1 0.1786 0.1505 0.1350 0.1292 0.1393 0.1181 0.0281 0.1211 
         392  1 0.1309 0.1308 0.1536 0.1455 0.1326 0.1208 0.0648 0.1210 
         393  1 0.1035 0.1111 0.1261 0.1384 0.1367 0.1439 0.0228 0.2175 
         394  1 0.1828 0.1650 0.1670 0.0882 0.1312 0.1123 0.0340 0.1195 
         395  1 0.1371 0.1252 0.1558 0.1519 0.1396 0.1152 0.0569 0.1184 
         396  1 0.1482 0.1449 0.1490 0.1982 0.1753 0.0802 0.0179 0.0862 
         397  1 0.1361 0.1424 0.1334 0.1212 0.1167 0.1104 0.1207 0.1191 
         398  1 0.0979 0.1114 0.1311 0.1502 0.1439 0.1531 0.0138 0.1986 
         399  1 0.1464 0.1303 0.1547 0.1226 0.1454 0.1492 0.0109 0.1405 
         400  1 0.1245 0.1356 0.1291 0.1436 0.1396 0.1332 0.0553 0.1392 
         401  1 0.1274 0.1190 0.1446 0.1034 0.1254 0.0980 0.1433 0.1389 
         402  1 0.1484 0.1360 0.1693 0.1730 0.1507 0.1027 0.0268 0.0931 
         403  1 0.1089 0.1034 0.1280 0.1098 0.1311 0.1060 0.1871 0.1257 
         404  1 0.1171 0.1220 0.1578 0.1329 0.1372 0.1590 0.0301 0.1438 
         405  1 0.1470 0.1441 0.1356 0.1433 0.1437 0.1120 0.0172 0.1572 
         406  1 0.0909 0.0851 0.0776 0.0806 0.0796 0.0748 0.4322 0.0792 
         407  1 0.1307 0.1236 0.1225 0.1139 0.1220 0.1122 0.1500 0.1249 
         408  1 0.1311 0.1237 0.1510 0.1223 0.1425 0.1611 0.0150 0.1533 
         409  1 0.1318 0.1442 0.1307 0.1423 0.1427 0.1140 0.0362 0.1582 
         410  1 0.1070 0.1266 0.1142 0.1213 0.1237 0.1099 0.1777 0.1197 
         411  1 0.1379 0.1429 0.1247 0.1377 0.1428 0.1337 0.0221 0.1582 
         412  1 0.1163 0.1357 0.1521 0.1517 0.1357 0.1248 0.0254 0.1581 
         413  1 0.1389 0.1450 0.1347 0.1388 0.1307 0.1770 0.0119 0.1229 
         414  1 0.1653 0.1481 0.1240 0.1373 0.1267 0.0943 0.0907 0.1136 
         415  1 0.1799 0.1479 0.1681 0.1011 0.1365 0.1248 0.0220 0.1198 
         416  1 0.1388 0.1319 0.1351 0.1433 0.1477 0.1333 0.0152 0.1548 
         417  1 0.2307 0.1592 0.1266 0.1207 0.1390 0.0995 0.0374 0.0869 
         418  1 0.1185 0.1371 0.1438 0.1274 0.1405 0.1563 0.0158 0.1605 
         419  1 0.1783 0.1558 0.1301 0.1348 0.1321 0.1210 0.0326 0.1153 
         420  1 0.0970 0.0918 0.0921 0.0891 0.0943 0.0857 0.3517 0.0983 
         421  1 0.1223 0.1221 0.1686 0.1528 0.1470 0.1449 0.0249 0.1175 
         422  1 0.1220 0.1306 0.1396 0.1307 0.1330 0.1913 0.0114 0.1414 
         423  1 0.1681 0.1435 0.1429 0.1177 0.1452 0.1208 0.0166 0.1452 
         424  1 0.1584 0.1451 0.1324 0.1289 0.1154 0.1246 0.0753 0.1199 
         425  1 0.1622 0.1333 0.1331 0.1293 0.1442 0.1132 0.0732 0.1115 
         426  1 0.1199 0.1429 0.1219 0.1318 0.1330 0.1551 0.0383 0.1571 
         427  1 0.1495 0.1415 0.1511 0.1202 0.1413 0.1461 0.0133 0.1371 
         428  1 0.1611 0.1205 0.1792 0.1754 0.1656 0.0893 0.0221 0.0867 
         429  1 0.0812 0.0905 0.0935 0.0946 0.0975 0.1087 0.3028 0.1310 
         430  1 0.1297 0.1433 0.1461 0.1426 0.1450 0.1363 0.0233 0.1337 
         431  1 0.1302 0.1407 0.1554 0.1256 0.1335 0.1476 0.0176 0.1494 
         432  1 0.1889 0.1435 0.1308 0.1479 0.1291 0.1171 0.0121 0.1305 
         433  1 0.1511 0.1399 0.1232 0.1407 0.1485 0.1378 0.0117 0.1471 
         434  1 0.1429 0.1272 0.1275 0.1671 0.1409 0.1156 0.0252 0.1536 
         435  1 0.1401 0.1246 0.1372 0.1398 0.1548 0.1185 0.0461 0.1389 
         436  1 0.1328 0.1256 0.1507 0.1502 0.1514 0.1298 0.0281 0.1314 
         437  1 0.1123 0.1340 0.1424 0.1323 0.1474 0.1285 0.0194 0.1837 
         438  1 0.1354 0.1469 0.1335 0.1433 0.1291 0.1451 0.0250 0.1416 
         439  1 0.1271 0.1275 0.1566 0.1942 0.1679 0.0906 0.0437 0.0923 
         440  1 0.1234 0.1463 0.1403 0.1259 0.1161 0.2288 0.0137 0.1056 
         441  1 0.1556 0.1407 0.1384 0.1071 0.1355 0.1232 0.0752 0.1241 
         442  1 0.1681 0.1322 0.1321 0.1018 0.1190 0.0995 0.1319 0.1154 
         443  1 0.1247 0.1427 0.1196 0.1153 0.1348 0.1266 0.0149 0.2214 
         444  1 0.1402 0.1475 0.1467 0.1342 0.1429 0.1366 0.0096 0.1421 
         445  1 0.1121 0.1154 0.1347 0.1666 0.1505 0.1321 0.0290 0.1598 
         446  1 0.1224 0.1266 0.1330 0.1359 0.1344 0.1649 0.0295 0.1532 
         447  1 0.1340 0.1243 0.1101 0.1134 0.1136 0.1004 0.2023 0.1019 
         448  1 0.1173 0.1202 0.1479 0.1547 0.1642 0.1229 0.0252 0.1477 
         449  1 0.1145 0.1500 0.1407 0.1335 0.1019 0.2157 0.0163 0.1274 
         450  1 0.0896 0.1076 0.1155 0.0987 0.1170 0.1328 0.2340 0.1048 
         451  1 0.0855 0.0955 0.1018 0.1112 0.1213 0.0904 0.2969 0.0975 
         452  1 0.1077 0.1347 0.1400 0.1179 0.1519 0.1719 0.0157 0.1601 
         453  1 0.1466 0.1362 0.1491 0.1626 0.1530 0.1122 0.0325 0.1080 
         454  1 0.1611 0.1405 0.1487 0.1258 0.1406 0.1217 0.0282 0.1335 
         455  1 0.1061 0.1279 0.1588 0.1293 0.1259 0.1858 0.0333 0.1329 
         456  1 0.1625 0.1391 0.1306 0.1544 0.1330 0.1214 0.0304 0.1286 
         457  1 0.1278 0.1238 0.1435 0.1395 0.1441 0.1720 0.0145 0.1348 
         458  1 0.1368 0.1409 0.1375 0.1457 0.1230 0.1690 0.0214 0.1257 
         459  1 0.1240 0.1250 0.1246 0.1123 0.1267 0.1192 0.1284 0.1398 
         460  1 0.0966 0.0982 0.0971 0.0930 0.0945 0.0858 0.3228 0.1120 
         461  1 0.1308 0.1385 0.1353 0.1269 0.1246 0.1630 0.0462 0.1348 
         462  1 0.1551 0.1393 0.1385 0.1422 0.1375 0.1299 0.0164 0.1411 
         463  1 0.1192 0.1392 0.1415 0.1443 0.1329 0.1813 0.0160 0.1258 
         464  1 0.1136 0.1300 0.1339 0.1460 0.1349 0.1546 0.0217 0.1654 
         465  1 0.1428 0.1374 0.1264 0.1312 0.1346 0.1396 0.0524 0.1356 
         466  1 0.1406 0.1222 0.1217 0.1012 0.1216 0.1078 0.1581 0.1267 
         467  1 0.1336 0.1319 0.1396 0.1407 0.1518 0.1245 0.0171 0.1608 
         468  1 0.1087 0.1355 0.1369 0.1407 0.1407 0.1631 0.0281 0.1462 
         469  1 0.1336 0.1251 0.1682 0.1285 0.1415 0.1497 0.0113 0.1422 
         470  1 0.1184 0.1139 0.1259 0.1105 0.1333 0.1421 0.1136 0.1423 
         471  1 0.1354 0.1313 0.1222 0.1280 0.1370 0.1215 0.0906 0.1340 
         472  1 0.1040 0.1195 0.1280 0.1280 0.1237 0.1707 0.0546 0.1716 
         473  1 0.1547 0.1337 0.1407 0.1387 0.1407 0.1291 0.0170 0.1454 
         474  1 0.1379 0.1265 0.1349 0.1457 0.1447 0.1369 0.0387 0.1345 
         475  1 0.1464 0.1295 0.1318 0.1508 0.1521 0.1378 0.0092 0.1425 
         476  1 0.1019 0.1126 0.1068 0.1037 0.1012 0.1062 0.2531 0.1146 
         477  1 0.1210 0.1181 0.1327 0.1354 0.1497 0.1343 0.0681 0.1406 
         478  1 0.1443 0.1563 0.1372 0.1298 0.1142 0.1560 0.0418 0.1206 
         479  1 0.1406 0.1363 0.1468 0.1352 0.1384 0.1286 0.0381 0.1359 
         480  1 0.1611 0.1393 0.1378 0.1466 0.1363 0.1099 0.0494 0.1197 
         481  1 0.1337 0.1248 0.1356 0.1428 0.1196 0.1292 0.0921 0.1222 
         482  1 0.1163 0.1199 0.1350 0.1337 0.1182 0.1277 0.1524 0.0968 
         483  1 0.1272 0.1390 0.1354 0.1491 0.1667 0.1297 0.0138 0.1392 
         484  1 0.1304 0.1315 0.1272 0.1446 0.1456 0.1095 0.0765 0.1348 
         485  1 0.1239 0.1362 0.1219 0.1175 0.1119 0.1311 0.1438 0.1136 
         486  1 0.1345 0.1289 0.1152 0.1393 0.1387 0.1202 0.0865 0.1367 
         487  1 0.1755 0.1611 0.1304 0.1266 0.1262 0.1322 0.0277 0.1202 
         488  1 0.1186 0.1233 0.1152 0.1092 0.1407 0.1286 0.1010 0.1634 
         489  1 0.1286 0.1422 0.1419 0.1332 0.1309 0.1745 0.0199 0.1288 
         490  1 0.1510 0.1502 0.1266 0.1499 0.1243 0.1108 0.0419 0.1452 
         491  1 0.1324 0.1496 0.1331 0.1191 0.1275 0.1653 0.0422 0.1309 
         492  1 0.1401 0.1347 0.1314 0.1199 0.1363 0.1226 0.0657 0.1493 
         493  1 0.1185 0.1271 0.1398 0.1508 0.1546 0.1823 0.0131 0.1138 
         494  1 0.1204 0.1506 0.1282 0.1743 0.1235 0.1276 0.0179 0.1575 
         495  1 0.1845 0.1438 0.1183 0.1288 0.1406 0.1061 0.0445 0.1334 
         496  1 0.1278 0.1321 0.1218 0.1716 0.1501 0.0983 0.0718 0.1267 
         497  1 0.1427 0.1364 0.1352 0.1227 0.1502 0.1552 0.0254 0.1323 
         498  1 0.1260 0.1521 0.1379 0.1370 0.1106 0.2153 0.0151 0.1059 
         499  1 0.1026 0.1066 0.1081 0.1085 0.1139 0.1160 0.2139 0.1304 
         500  1 0.1361 0.1449 0.1384 0.1489 0.1294 0.1517 0.0161 0.1345 
         501  1 0.1115 0.1123 0.1236 0.1115 0.1337 0.1512 0.1254 0.1308 
         502  1 0.1343 0.1330 0.1461 0.1289 0.1348 0.1424 0.0242 0.1561 
         503  1 0.1387 0.1446 0.1397 0.1596 0.1419 0.1620 0.0154 0.0979 
         504  1 0.1244 0.1403 0.1489 0.1356 0.1325 0.2195 0.0081 0.0907 
         505  1 0.0732 0.0786 0.0701 0.0727 0.0774 0.0692 0.4793 0.0793 
         506  1 0.0918 0.0914 0.1028 0.0916 0.1028 0.0765 0.3456 0.0976 
         507  1 0.1285 0.1367 0.1306 0.1240 0.1268 0.1209 0.0791 0.1535 
         508  1 0.1404 0.1437 0.1208 0.1272 0.1224 0.1764 0.0241 0.1450 
         509  1 0.0687 0.0799 0.0992 0.0829 0.0929 0.1027 0.3790 0.0948 
         510  1 0.1294 0.1169 0.1556 0.1442 0.1257 0.1381 0.0505 0.1397 
         511  1 0.1633 0.1368 0.1256 0.1431 0.1476 0.1175 0.0209 0.1453 
         512  1 0.1419 0.1294 0.1041 0.1379 0.1214 0.0950 0.1515 0.1188 
         513  1 0.1085 0.1217 0.1240 0.1441 0.1410 0.1765 0.0372 0.1471 
         514  1 0.0950 0.1122 0.1181 0.1060 0.1100 0.1174 0.2194 0.1219 
         515  1 0.1254 0.1245 0.1383 0.1176 0.1443 0.1158 0.0843 0.1497 
         516  1 0.1306 0.1255 0.1334 0.1084 0.1293 0.1265 0.1379 0.1084 
         517  1 0.1061 0.1124 0.1478 0.1206 0.1442 0.1450 0.0234 0.2004 
         518  1 0.1138 0.1109 0.1271 0.1152 0.1602 0.1016 0.0341 0.2372 
         519  1 0.1068 0.1378 0.1432 0.1300 0.1543 0.1521 0.0085 0.1674 
         520  1 0.1120 0.1300 0.1158 0.1208 0.1272 0.1697 0.0487 0.1758 
         521  1 0.1538 0.1305 0.1300 0.1119 0.1418 0.1322 0.0357 0.1641 
         522  1 0.1164 0.1170 0.1011 0.1049 0.0960 0.1113 0.2409 0.1124 
         523  1 0.1012 0.1277 0.1769 0.1307 0.1303 0.1778 0.0158 0.1396 
         524  1 0.1036 0.1361 0.1189 0.1281 0.1314 0.1314 0.0575 0.1930 
         525  1 0.1831 0.1371 0.1012 0.1126 0.1214 0.0967 0.1476 0.1002 
         526  1 0.1396 0.1528 0.1378 0.1418 0.1320 0.1462 0.0130 0.1367 
         527  1 0.1165 0.1159 0.1199 0.0986 0.1084 0.1263 0.2099 0.1045 
         528  1 0.1316 0.1413 0.1317 0.1387 0.1272 0.1230 0.1040 0.1025 
         529  1 0.1500 0.1307 0.1584 0.1260 0.1413 0.1338 0.0328 0.1269 
         530  1 0.1346 0.1324 0.1304 0.1199 0.1158 0.1595 0.0825 0.1248 
         531  1 0.1243 0.1250 0.1333 0.1470 0.1385 0.1464 0.0457 0.1398 
         532  1 0.1379 0.1524 0.1359 0.1365 0.1314 0.1389 0.0330 0.1341 
         533  1 0.1142 0.1295 0.1390 0.1517 0.1586 0.1272 0.0265 0.1533 
         534  1 0.1289 0.1529 0.1441 0.1295 0.1152 0.2077 0.0281 0.0936 
         535  1 0.1388 0.1540 0.1243 0.1361 0.1207 0.1510 0.0505 0.1248 
         536  1 0.1332 0.1314 0.1349 0.1273 0.1457 0.1313 0.0670 0.1292 
         537  1 0.0916 0.1320 0.1292 0.1479 0.1454 0.1138 0.0500 0.1901 
         538  1 0.1042 0.0929 0.0867 0.0841 0.0809 0.0824 0.3867 0.0820 
         539  1 0.1213 0.1230 0.1252 0.1119 0.1209 0.1485 0.1336 0.1155 
         540  1 0.1275 0.1411 0.1503 0.1223 0.1297 0.1632 0.0246 0.1414 
         541  1 0.1073 0.1196 0.1744 0.1324 0.1296 0.1822 0.0160 0.1385 
         542  1 0.1344 0.1427 0.1293 0.1331 0.1385 0.1336 0.0152 0.1732 
         543  1 0.1268 0.1292 0.1382 0.1251 0.1439 0.2043 0.0131 0.1194 
         544  1 0.1664 0.1534 0.1222 0.1448 0.1314 0.1214 0.0225 0.1379 
         545  1 0.1211 0.1326 0.1502 0.1413 0.1369 0.1472 0.0283 0.1423 
         546  1 0.1256 0.1173 0.1423 0.1455 0.1418 0.2053 0.0100 0.1122 
         547  1 0.1288 0.1444 0.1327 0.1382 0.1381 0.1304 0.0388 0.1486 
