           1  1 0.1713 0.1494 0.1148 0.1689 0.1182 0.1553 0.1220 
           2  1 0.1601 0.1867 0.1733 0.1542 0.1509 0.1311 0.0436 
           3  1 0.1660 0.1806 0.1324 0.1681 0.1521 0.1731 0.0278 
           4  1 0.1543 0.1560 0.1540 0.1529 0.1495 0.1442 0.0892 
           5  1 0.1918 0.1614 0.1475 0.1641 0.1417 0.1780 0.0156 
           6  1 0.1674 0.1589 0.1961 0.1362 0.1549 0.1325 0.0541 
           7  1 0.1585 0.1719 0.1260 0.2367 0.1435 0.1504 0.0130 
           8  1 0.0833 0.0857 0.0843 0.0895 0.0998 0.0934 0.4640 
           9  1 0.1557 0.1872 0.1570 0.1426 0.1808 0.1654 0.0113 
          10  1 0.1569 0.1514 0.1237 0.2446 0.1607 0.1377 0.0250 
          11  1 0.1767 0.1554 0.1812 0.1661 0.1438 0.1618 0.0150 
          12  1 0.1853 0.1683 0.1676 0.1516 0.1360 0.1698 0.0214 
          13  1 0.1697 0.1693 0.1819 0.1401 0.1745 0.1398 0.0247 
          14  1 0.1443 0.2079 0.1575 0.1556 0.1592 0.1543 0.0211 
          15  1 0.1674 0.1849 0.1425 0.1526 0.1624 0.1354 0.0548 
          16  1 0.1328 0.1749 0.1444 0.2661 0.1320 0.1287 0.0211 
          17  1 0.1379 0.1980 0.1864 0.1226 0.1960 0.1390 0.0200 
          18  1 0.1313 0.1336 0.1537 0.1143 0.1209 0.1157 0.2306 
          19  1 0.2001 0.1560 0.1202 0.1749 0.1204 0.1738 0.0546 
          20  1 0.1677 0.1780 0.1196 0.2373 0.1436 0.1391 0.0147 
          21  1 0.1449 0.2169 0.1339 0.1610 0.1824 0.1419 0.0190 
          22  1 0.1746 0.1725 0.1689 0.1328 0.1844 0.1539 0.0128 
          23  1 0.1508 0.1809 0.1579 0.1529 0.1603 0.1312 0.0658 
          24  1 0.1687 0.1806 0.1757 0.1371 0.1504 0.1451 0.0424 
          25  1 0.1682 0.1468 0.1621 0.1574 0.1760 0.1671 0.0224 
          26  1 0.1797 0.1697 0.1465 0.1659 0.1362 0.1814 0.0208 
          27  1 0.1845 0.1721 0.1324 0.1643 0.1312 0.1865 0.0290 
          28  1 0.1706 0.1877 0.1499 0.1621 0.1671 0.1365 0.0262 
          29  1 0.1406 0.2255 0.1761 0.1242 0.1992 0.1221 0.0121 
          30  1 0.1359 0.2048 0.1490 0.1688 0.1810 0.1372 0.0234 
          31  1 0.1588 0.1451 0.1560 0.1454 0.1744 0.1617 0.0587 
          32  1 0.1735 0.1714 0.1940 0.1280 0.1684 0.1476 0.0171 
          33  1 0.1628 0.1769 0.1955 0.1252 0.1782 0.1153 0.0460 
          34  1 0.1645 0.1684 0.1575 0.1432 0.1660 0.1693 0.0311 
          35  1 0.1279 0.1523 0.1951 0.1539 0.1851 0.1616 0.0241 
          36  1 0.1702 0.2204 0.1567 0.1465 0.1757 0.1162 0.0142 
          37  1 0.2053 0.1660 0.1536 0.1281 0.1289 0.2030 0.0151 
          38  1 0.1769 0.1687 0.1740 0.1615 0.1483 0.1564 0.0142 
          39  1 0.1543 0.1942 0.1568 0.1445 0.1697 0.1500 0.0305 
          40  1 0.1281 0.1284 0.1328 0.1169 0.1715 0.1266 0.1956 
          41  1 0.1642 0.1949 0.1134 0.2043 0.1665 0.1355 0.0212 
          42  1 0.1567 0.1901 0.1596 0.1698 0.1711 0.1392 0.0133 
          43  1 0.1883 0.1540 0.1417 0.1770 0.1105 0.1913 0.0370 
          44  1 0.1665 0.1983 0.1393 0.1753 0.1537 0.1460 0.0208 
          45  1 0.1559 0.2451 0.1575 0.1239 0.2037 0.1015 0.0123 
          46  1 0.1696 0.1749 0.2150 0.1187 0.1638 0.1307 0.0272 
          47  1 0.1664 0.1812 0.1540 0.1400 0.1435 0.1862 0.0287 
          48  1 0.1466 0.1510 0.1492 0.1413 0.1409 0.1730 0.0980 
          49  1 0.1637 0.1847 0.1684 0.1530 0.1579 0.1486 0.0237 
          50  1 0.1502 0.2246 0.1932 0.1116 0.1809 0.1292 0.0105 
          51  1 0.1529 0.1956 0.1608 0.1381 0.1721 0.1429 0.0375 
          52  1 0.1662 0.1970 0.1148 0.2180 0.1358 0.1520 0.0161 
          53  1 0.1699 0.1799 0.1618 0.1516 0.1585 0.1591 0.0191 
          54  1 0.1874 0.1481 0.1577 0.1360 0.1288 0.1733 0.0686 
          55  1 0.1123 0.1365 0.1125 0.1197 0.1082 0.0946 0.3163 
          56  1 0.1782 0.1817 0.1192 0.2196 0.1283 0.1494 0.0236 
          57  1 0.1755 0.1871 0.2175 0.1321 0.1696 0.1098 0.0085 
          58  1 0.1732 0.1474 0.2247 0.1204 0.1501 0.1637 0.0206 
          59  1 0.1557 0.1962 0.2194 0.1259 0.1630 0.1300 0.0097 
          60  1 0.1740 0.1771 0.1602 0.1551 0.1563 0.1641 0.0132 
          61  1 0.1647 0.1509 0.1575 0.1313 0.1296 0.1334 0.1327 
          62  1 0.1620 0.2234 0.1777 0.1229 0.1770 0.1278 0.0092 
          63  1 0.1806 0.1477 0.1850 0.1286 0.1664 0.1612 0.0305 
          64  1 0.1333 0.2180 0.1256 0.2095 0.1646 0.1316 0.0175 
          65  1 0.1731 0.1596 0.1533 0.1392 0.1444 0.2003 0.0300 
          66  1 0.1556 0.1758 0.1549 0.1569 0.1662 0.1653 0.0253 
          67  1 0.1609 0.1822 0.1973 0.1399 0.1744 0.1309 0.0143 
          68  1 0.1703 0.1913 0.1497 0.1644 0.1637 0.1461 0.0146 
          69  1 0.1700 0.1477 0.2096 0.1339 0.1520 0.1447 0.0421 
          70  1 0.1510 0.1227 0.1583 0.1087 0.2423 0.1789 0.0382 
          71  1 0.1344 0.1589 0.1118 0.1463 0.1296 0.1217 0.1973 
          72  1 0.1509 0.2270 0.1879 0.1182 0.1803 0.1227 0.0130 
          73  1 0.1652 0.1590 0.1548 0.1567 0.1318 0.1780 0.0545 
          74  1 0.1736 0.1608 0.1498 0.1560 0.1484 0.1573 0.0541 
          75  1 0.1679 0.1672 0.1602 0.1630 0.1562 0.1622 0.0232 
          76  1 0.1297 0.1581 0.1380 0.1900 0.1720 0.1297 0.0825 
          77  1 0.1597 0.1300 0.1709 0.1435 0.1613 0.1642 0.0704 
          78  1 0.1606 0.1561 0.1811 0.1417 0.1154 0.2151 0.0300 
          79  1 0.1956 0.1608 0.1343 0.2171 0.1268 0.1536 0.0117 
          80  1 0.1680 0.1392 0.1619 0.1561 0.1432 0.1245 0.1071 
          81  1 0.1519 0.1335 0.1662 0.1484 0.1371 0.1587 0.1042 
          82  1 0.1445 0.1638 0.1724 0.1514 0.1557 0.1848 0.0274 
          83  1 0.1376 0.1660 0.1541 0.1675 0.1748 0.1508 0.0492 
          84  1 0.1505 0.1506 0.1555 0.1524 0.1956 0.1501 0.0453 
          85  1 0.1809 0.1784 0.1905 0.1226 0.1633 0.1373 0.0271 
          86  1 0.1354 0.1496 0.1199 0.1454 0.1381 0.1422 0.1694 
          87  1 0.1934 0.1757 0.1403 0.1589 0.1508 0.1628 0.0181 
          88  1 0.1679 0.1805 0.1761 0.1348 0.1617 0.1359 0.0431 
          89  1 0.1644 0.1477 0.1346 0.1886 0.1709 0.1570 0.0368 
          90  1 0.1214 0.1568 0.1265 0.1466 0.1352 0.1349 0.1785 
          91  1 0.1728 0.1635 0.1492 0.1469 0.1652 0.1532 0.0491 
          92  1 0.1509 0.2136 0.1508 0.1509 0.1631 0.1358 0.0349 
          93  1 0.1457 0.1648 0.1665 0.1430 0.1930 0.1544 0.0326 
          94  1 0.1054 0.1335 0.1182 0.1955 0.1224 0.1112 0.2138 
          95  1 0.1436 0.2155 0.1577 0.1701 0.1747 0.1067 0.0316 
          96  1 0.1215 0.1872 0.1050 0.2921 0.1401 0.1093 0.0448 
          97  1 0.1804 0.1470 0.1809 0.1640 0.1422 0.1697 0.0157 
          98  1 0.1655 0.1576 0.1745 0.1143 0.2065 0.1639 0.0178 
          99  1 0.1470 0.1571 0.1299 0.2113 0.1880 0.1510 0.0158 
         100  1 0.1945 0.1409 0.1965 0.1153 0.1192 0.2081 0.0255 
         101  1 0.1402 0.1297 0.2205 0.1391 0.1498 0.1655 0.0553 
         102  1 0.1764 0.1774 0.2199 0.1133 0.1733 0.1219 0.0178 
         103  1 0.1340 0.1302 0.1622 0.1179 0.1137 0.1682 0.1738 
         104  1 0.1615 0.1528 0.1733 0.1450 0.1772 0.1653 0.0249 
         105  1 0.1414 0.1890 0.1262 0.1823 0.1755 0.1518 0.0337 
         106  1 0.1504 0.1272 0.1774 0.1589 0.2032 0.1446 0.0383 
         107  1 0.1736 0.1414 0.2199 0.1174 0.1271 0.1893 0.0313 
         108  1 0.1633 0.1707 0.2082 0.1412 0.1524 0.1298 0.0345 
         109  1 0.1910 0.1466 0.1449 0.1568 0.1395 0.1848 0.0363 
         110  1 0.1637 0.1631 0.1558 0.1891 0.1377 0.1650 0.0257 
         111  1 0.1651 0.1450 0.1526 0.1524 0.1800 0.1670 0.0380 
         112  1 0.1613 0.1552 0.1847 0.1331 0.1383 0.1956 0.0316 
         113  1 0.1498 0.2131 0.1384 0.1830 0.1649 0.1341 0.0167 
         114  1 0.1498 0.1438 0.1753 0.1880 0.1389 0.1459 0.0583 
         115  1 0.1606 0.1624 0.1726 0.1478 0.1390 0.1751 0.0424 
         116  1 0.1562 0.1652 0.1562 0.1531 0.1639 0.1883 0.0171 
         117  1 0.1666 0.1934 0.1211 0.1888 0.1392 0.1580 0.0329 
         118  1 0.1634 0.1686 0.1520 0.1697 0.1370 0.1634 0.0459 
         119  1 0.1676 0.1190 0.1513 0.1226 0.2262 0.1838 0.0296 
         120  1 0.1324 0.1320 0.1335 0.1388 0.1427 0.1395 0.1811 
         121  1 0.1827 0.1502 0.1344 0.1773 0.1374 0.1821 0.0357 
         122  1 0.1607 0.1193 0.1867 0.1304 0.2137 0.1571 0.0320 
         123  1 0.1556 0.1742 0.1682 0.1454 0.1738 0.1657 0.0171 
         124  1 0.1583 0.1597 0.1970 0.1441 0.1754 0.1465 0.0190 
         125  1 0.1488 0.1250 0.1466 0.1294 0.2142 0.1813 0.0548 
         126  1 0.1667 0.1866 0.2033 0.1194 0.1748 0.1327 0.0164 
         127  1 0.1545 0.1729 0.1872 0.1469 0.1515 0.1576 0.0294 
         128  1 0.1606 0.1522 0.2070 0.1368 0.1561 0.1702 0.0172 
         129  1 0.1502 0.1310 0.1005 0.1534 0.1159 0.1412 0.2077 
         130  1 0.1771 0.1227 0.1376 0.1421 0.1773 0.1793 0.0639 
         131  1 0.1754 0.1764 0.1583 0.1565 0.1530 0.1499 0.0304 
         132  1 0.1553 0.1551 0.1691 0.1797 0.1564 0.1670 0.0175 
         133  1 0.1889 0.1505 0.1216 0.1873 0.1667 0.1687 0.0163 
         134  1 0.1630 0.1637 0.1782 0.1817 0.1485 0.1318 0.0331 
         135  1 0.0869 0.0837 0.0762 0.0894 0.0698 0.0984 0.4955 
         136  1 0.1520 0.1548 0.1832 0.1475 0.1655 0.1573 0.0398 
         137  1 0.1520 0.1398 0.1277 0.1562 0.0931 0.1734 0.1578 
         138  1 0.1792 0.1771 0.1635 0.1519 0.1606 0.1455 0.0222 
         139  1 0.1705 0.1520 0.1667 0.1740 0.1307 0.1777 0.0285 
         140  1 0.1785 0.1709 0.1216 0.1927 0.1188 0.1761 0.0415 
         141  1 0.1990 0.1441 0.1121 0.1710 0.1126 0.1863 0.0749 
         142  1 0.1346 0.1373 0.1870 0.1466 0.1613 0.1736 0.0597 
         143  1 0.1883 0.1564 0.1428 0.1532 0.1248 0.1879 0.0466 
         144  1 0.1570 0.2052 0.1707 0.1302 0.1884 0.1311 0.0174 
         145  1 0.1817 0.1706 0.2158 0.1067 0.1830 0.1286 0.0137 
         146  1 0.1359 0.1565 0.1842 0.1500 0.1186 0.2078 0.0470 
         147  1 0.1765 0.1781 0.1896 0.1431 0.1577 0.1371 0.0178 
         148  1 0.1478 0.1495 0.1904 0.1706 0.1399 0.1831 0.0187 
         149  1 0.1565 0.1675 0.1435 0.1875 0.1324 0.1757 0.0370 
         150  1 0.1264 0.1360 0.1773 0.1485 0.1213 0.1711 0.1193 
         151  1 0.1392 0.1614 0.1370 0.1827 0.1679 0.1663 0.0455 
         152  1 0.1409 0.1499 0.1874 0.1449 0.1688 0.1704 0.0378 
         153  1 0.1661 0.1507 0.1479 0.2171 0.1243 0.1614 0.0324 
         154  1 0.1395 0.1330 0.1741 0.1016 0.2755 0.1625 0.0139 
         155  1 0.1481 0.1642 0.1596 0.1475 0.1733 0.1621 0.0451 
         156  1 0.1699 0.1571 0.1231 0.2009 0.1442 0.1669 0.0379 
         157  1 0.1668 0.1731 0.1574 0.1636 0.1536 0.1554 0.0301 
         158  1 0.1581 0.1490 0.1128 0.1770 0.1365 0.1514 0.1152 
         159  1 0.1624 0.1941 0.1668 0.1314 0.1830 0.1300 0.0322 
         160  1 0.1326 0.1780 0.1635 0.1395 0.1976 0.1644 0.0243 
         161  1 0.1227 0.1362 0.1363 0.1335 0.1787 0.1388 0.1538 
         162  1 0.1586 0.1574 0.1498 0.1799 0.1610 0.1695 0.0237 
         163  1 0.1595 0.1550 0.1508 0.1661 0.1533 0.1511 0.0642 
         164  1 0.1716 0.1363 0.1688 0.1451 0.1741 0.1674 0.0368 
         165  1 0.1696 0.1750 0.1558 0.1611 0.1665 0.1488 0.0232 
         166  1 0.1646 0.1696 0.1600 0.1715 0.1305 0.1640 0.0398 
         167  1 0.1595 0.1805 0.1560 0.1225 0.2140 0.1401 0.0274 
         168  1 0.1498 0.1404 0.1655 0.1294 0.1324 0.1383 0.1443 
         169  1 0.1358 0.1235 0.1568 0.1164 0.2662 0.1727 0.0286 
         170  1 0.1406 0.1644 0.1498 0.1331 0.2511 0.1463 0.0147 
         171  1 0.1476 0.1894 0.1802 0.1620 0.1665 0.1325 0.0218 
         172  1 0.1625 0.1670 0.1888 0.1366 0.1907 0.1313 0.0231 
         173  1 0.1584 0.1371 0.2002 0.1549 0.1378 0.1702 0.0414 
         174  1 0.1632 0.1770 0.1676 0.1432 0.1715 0.1442 0.0332 
         175  1 0.1587 0.1384 0.1790 0.1258 0.2076 0.1570 0.0335 
         176  1 0.1525 0.1841 0.1314 0.1764 0.1623 0.1439 0.0493 
         177  1 0.1676 0.1605 0.1273 0.1451 0.1348 0.1681 0.0966 
         178  1 0.1537 0.1696 0.1345 0.1778 0.1527 0.1802 0.0315 
         179  1 0.1639 0.1709 0.1209 0.2041 0.1350 0.1779 0.0273 
         180  1 0.1831 0.1918 0.1200 0.1631 0.1603 0.1749 0.0068 
         181  1 0.1794 0.1640 0.1549 0.1529 0.1392 0.1573 0.0523 
         182  1 0.1362 0.1232 0.1294 0.1294 0.1195 0.1398 0.2224 
         183  1 0.1435 0.1150 0.1383 0.1387 0.1913 0.1649 0.1084 
         184  1 0.1547 0.1226 0.1578 0.1390 0.2101 0.1663 0.0495 
         185  1 0.1555 0.1809 0.1209 0.1827 0.1503 0.1584 0.0512 
         186  1 0.1598 0.1191 0.1544 0.1495 0.2429 0.1501 0.0242 
         187  1 0.1487 0.1248 0.1533 0.1506 0.2471 0.1567 0.0187 
         188  1 0.1471 0.1228 0.1726 0.1323 0.2373 0.1677 0.0203 
         189  1 0.1754 0.1773 0.1534 0.1660 0.1398 0.1593 0.0289 
         190  1 0.1580 0.1154 0.1605 0.1282 0.2465 0.1596 0.0319 
         191  1 0.1552 0.1943 0.1730 0.1539 0.1555 0.1464 0.0217 
         192  1 0.0821 0.0669 0.0683 0.0721 0.0653 0.0756 0.5698 
         193  1 0.0840 0.0795 0.0797 0.1002 0.0834 0.0824 0.4908 
         194  1 0.1239 0.1165 0.1541 0.1064 0.2286 0.1523 0.1181 
         195  1 0.1830 0.1395 0.1315 0.1575 0.1727 0.1583 0.0574 
         196  1 0.1908 0.1514 0.1651 0.1596 0.1468 0.1693 0.0171 
         197  1 0.1452 0.1869 0.1608 0.1451 0.1471 0.1305 0.0845 
         198  1 0.1526 0.1942 0.1488 0.1593 0.1547 0.1678 0.0227 
         199  1 0.1616 0.1529 0.1460 0.1629 0.1385 0.1597 0.0785 
         200  1 0.1518 0.1590 0.1387 0.1687 0.1547 0.1713 0.0558 
         201  1 0.1404 0.1548 0.1430 0.1268 0.1505 0.1516 0.1328 
         202  1 0.1355 0.2215 0.1462 0.1641 0.1962 0.1274 0.0092 
         203  1 0.1633 0.1323 0.1998 0.1378 0.1075 0.2043 0.0550 
         204  1 0.1805 0.1404 0.1241 0.2094 0.1647 0.1653 0.0155 
         205  1 0.1712 0.1839 0.1720 0.1628 0.1448 0.1526 0.0127 
         206  1 0.1632 0.1821 0.1407 0.1635 0.1868 0.1373 0.0263 
         207  1 0.1948 0.1619 0.1177 0.1828 0.1330 0.1887 0.0212 
         208  1 0.1867 0.1530 0.1363 0.1664 0.1595 0.1862 0.0119 
         209  1 0.1392 0.1230 0.1174 0.1372 0.1240 0.1332 0.2260 
         210  1 0.2021 0.1473 0.1508 0.1731 0.1311 0.1722 0.0233 
         211  1 0.1708 0.1524 0.1523 0.1499 0.1650 0.1813 0.0283 
         212  1 0.1543 0.1358 0.1407 0.1324 0.1814 0.1625 0.0929 
         213  1 0.1572 0.1390 0.1859 0.1492 0.1482 0.1849 0.0356 
         214  1 0.1857 0.1510 0.1350 0.1738 0.1200 0.1893 0.0452 
         215  1 0.1689 0.1504 0.1224 0.2009 0.1396 0.1703 0.0475 
         216  1 0.1576 0.1516 0.1554 0.1284 0.1916 0.1790 0.0364 
         217  1 0.2012 0.1600 0.1613 0.1381 0.1018 0.2089 0.0287 
         218  1 0.2007 0.1434 0.1297 0.1769 0.1540 0.1755 0.0199 
         219  1 0.1769 0.1498 0.1803 0.1690 0.1522 0.1577 0.0141 
         220  1 0.1420 0.1781 0.1342 0.1399 0.1749 0.1649 0.0659 
         221  1 0.1475 0.2056 0.1334 0.1555 0.1625 0.1393 0.0563 
         222  1 0.1655 0.1395 0.1594 0.1553 0.1329 0.1707 0.0767 
         223  1 0.1304 0.1150 0.1056 0.1279 0.1090 0.1302 0.2819 
         224  1 0.1661 0.1929 0.1355 0.1664 0.1579 0.1468 0.0344 
         225  1 0.1730 0.1728 0.1859 0.1448 0.1448 0.1578 0.0210 
         226  1 0.1864 0.1535 0.2117 0.1219 0.1511 0.1557 0.0197 
         227  1 0.1462 0.1198 0.1735 0.1488 0.1777 0.1483 0.0858 
         228  1 0.1673 0.1412 0.1305 0.1580 0.1868 0.1744 0.0418 
         229  1 0.1680 0.1709 0.1381 0.1798 0.1478 0.1801 0.0153 
         230  1 0.1372 0.1027 0.2682 0.1267 0.1657 0.1649 0.0346 
         231  1 0.1683 0.1849 0.1980 0.1394 0.1607 0.1347 0.0139 
         232  1 0.1556 0.1709 0.1615 0.1649 0.1483 0.1787 0.0200 
         233  1 0.1831 0.1661 0.1397 0.1548 0.1600 0.1555 0.0409 
         234  1 0.1657 0.1507 0.1410 0.1918 0.1671 0.1632 0.0204 
         235  1 0.1725 0.1641 0.2314 0.1137 0.1674 0.1358 0.0151 
         236  1 0.1783 0.1738 0.1339 0.1710 0.1252 0.2022 0.0156 
         237  1 0.1854 0.1593 0.2307 0.1087 0.1505 0.1386 0.0268 
         238  1 0.1499 0.1835 0.1530 0.1657 0.1406 0.1564 0.0510 
         239  1 0.1681 0.2042 0.1796 0.1212 0.2010 0.1188 0.0072 
         240  1 0.1684 0.1273 0.0977 0.1585 0.1146 0.1419 0.1917 
         241  1 0.1685 0.1569 0.1249 0.2155 0.1628 0.1536 0.0178 
         242  1 0.1519 0.1572 0.1978 0.1383 0.1432 0.1624 0.0492 
         243  1 0.1756 0.1897 0.1762 0.1301 0.1613 0.1477 0.0193 
         244  1 0.2017 0.1471 0.1585 0.1668 0.1199 0.1678 0.0383 
         245  1 0.1573 0.1486 0.2153 0.1202 0.2010 0.1394 0.0183 
         246  1 0.1474 0.1908 0.1848 0.1525 0.1720 0.1425 0.0099 
         247  1 0.1816 0.1383 0.1680 0.1397 0.1432 0.1673 0.0618 
         248  1 0.1693 0.1730 0.1368 0.1593 0.1319 0.1727 0.0571 
         249  1 0.1176 0.1295 0.1538 0.1266 0.1993 0.1326 0.1407 
         250  1 0.1452 0.1210 0.2516 0.1343 0.1475 0.1774 0.0230 
         251  1 0.1251 0.1174 0.2341 0.1437 0.1763 0.1798 0.0235 
         252  1 0.1581 0.1504 0.2194 0.1286 0.1619 0.1705 0.0110 
         253  1 0.1440 0.1387 0.1165 0.1345 0.1247 0.1292 0.2123 
         254  1 0.0463 0.0372 0.0457 0.0416 0.0595 0.0510 0.7188 
         255  1 0.1507 0.1694 0.1468 0.1554 0.1730 0.1437 0.0610 
         256  1 0.1551 0.1061 0.1957 0.1253 0.2371 0.1569 0.0237 
         257  1 0.1281 0.1588 0.1569 0.1401 0.1694 0.1732 0.0736 
         258  1 0.1526 0.2068 0.1522 0.1685 0.1635 0.1238 0.0327 
         259  1 0.1750 0.1680 0.1620 0.1459 0.1303 0.1830 0.0359 
         260  1 0.1953 0.1499 0.1796 0.1405 0.1348 0.1918 0.0081 
         261  1 0.1835 0.1469 0.1241 0.1590 0.1770 0.1940 0.0156 
         262  1 0.1597 0.1531 0.1569 0.1643 0.1709 0.1770 0.0182 
         263  1 0.1808 0.1444 0.1678 0.1426 0.1445 0.1623 0.0576 
         264  1 0.1611 0.1875 0.1783 0.1394 0.1595 0.1565 0.0176 
         265  1 0.1414 0.1282 0.1625 0.1622 0.1180 0.1395 0.1481 
         266  1 0.1745 0.2013 0.1653 0.1264 0.1761 0.1328 0.0235 
         267  1 0.1655 0.1632 0.1559 0.1585 0.1610 0.1687 0.0272 
         268  1 0.1554 0.1494 0.1913 0.1494 0.1318 0.1978 0.0250 
         269  1 0.1732 0.1569 0.1698 0.1535 0.1448 0.1581 0.0437 
         270  1 0.1110 0.0950 0.1064 0.1281 0.1740 0.1182 0.2673 
         271  1 0.1607 0.1380 0.2160 0.1325 0.1352 0.1932 0.0243 
         272  1 0.1418 0.1629 0.1728 0.1361 0.2088 0.1556 0.0221 
         273  1 0.1917 0.1711 0.1473 0.1507 0.1318 0.1952 0.0123 
         274  1 0.1536 0.1958 0.2365 0.1063 0.1703 0.1247 0.0128 
         275  1 0.1490 0.1533 0.2173 0.1430 0.1352 0.1706 0.0317 
         276  1 0.1490 0.1600 0.1723 0.1557 0.1490 0.1919 0.0221 
         277  1 0.1556 0.1110 0.1649 0.1234 0.2192 0.1573 0.0685 
         278  1 0.1883 0.1525 0.1650 0.1469 0.1234 0.1710 0.0529 
         279  1 0.1556 0.1451 0.1483 0.2716 0.1415 0.1286 0.0092 
         280  1 0.1680 0.1783 0.2131 0.1313 0.1568 0.1344 0.0182 
         281  1 0.1529 0.1401 0.1523 0.1448 0.1429 0.1543 0.1127 
         282  1 0.1683 0.1714 0.1647 0.1579 0.1698 0.1458 0.0221 
         283  1 0.1633 0.1334 0.1382 0.1600 0.2125 0.1813 0.0112 
         284  1 0.1618 0.1304 0.1624 0.1307 0.2081 0.1920 0.0146 
         285  1 0.1813 0.1724 0.1454 0.1449 0.1654 0.1595 0.0310 
         286  1 0.1428 0.1175 0.1607 0.1244 0.1349 0.1428 0.1769 
         287  1 0.1528 0.2098 0.1718 0.1452 0.1643 0.1304 0.0256 
         288  1 0.1669 0.1779 0.1549 0.1558 0.1488 0.1777 0.0179 
         289  1 0.1796 0.1504 0.1614 0.1611 0.1431 0.1759 0.0285 
         290  1 0.1923 0.1636 0.1523 0.1672 0.1296 0.1768 0.0183 
         291  1 0.1938 0.1415 0.1117 0.1936 0.1395 0.1825 0.0373 
         292  1 0.1544 0.1067 0.1850 0.0973 0.2459 0.1823 0.0284 
         293  1 0.2047 0.1656 0.1198 0.2030 0.1114 0.1735 0.0218 
         294  1 0.1491 0.1648 0.1629 0.1913 0.1717 0.1426 0.0176 
         295  1 0.1822 0.1614 0.1210 0.2277 0.1261 0.1491 0.0325 
         296  1 0.1483 0.1277 0.1756 0.1316 0.1276 0.1721 0.1170 
         297  1 0.1568 0.1797 0.1900 0.1489 0.1597 0.1317 0.0332 
         298  1 0.1564 0.1891 0.1557 0.1460 0.1673 0.1740 0.0115 
         299  1 0.1792 0.1528 0.1715 0.1348 0.1471 0.1802 0.0344 
         300  1 0.1511 0.1439 0.1359 0.1571 0.1362 0.1522 0.1235 
         301  1 0.1426 0.1217 0.1398 0.1594 0.1144 0.1255 0.1966 
         302  1 0.1455 0.1719 0.1330 0.1795 0.1858 0.1487 0.0356 
         303  1 0.1861 0.1674 0.1529 0.1373 0.1519 0.1666 0.0377 
         304  1 0.1775 0.1566 0.2349 0.1101 0.1625 0.1289 0.0295 
         305  1 0.1427 0.1871 0.1506 0.1297 0.2158 0.1507 0.0233 
         306  1 0.1481 0.1599 0.1947 0.1400 0.1258 0.1804 0.0510 
         307  1 0.1775 0.1637 0.1446 0.1553 0.1932 0.1493 0.0164 
         308  1 0.1441 0.1784 0.1729 0.1735 0.1636 0.1323 0.0353 
         309  1 0.1457 0.1741 0.1572 0.1865 0.1779 0.1261 0.0325 
         310  1 0.1266 0.1201 0.1645 0.1082 0.2955 0.1566 0.0285 
         311  1 0.1514 0.1914 0.1498 0.1625 0.1745 0.1466 0.0238 
         312  1 0.1860 0.1542 0.1705 0.1647 0.1450 0.1467 0.0329 
         313  1 0.1492 0.1980 0.1568 0.1522 0.1821 0.1419 0.0197 
         314  1 0.1524 0.1944 0.1867 0.1377 0.1739 0.1310 0.0238 
         315  1 0.1921 0.1659 0.1228 0.1616 0.1549 0.1875 0.0152 
         316  1 0.1144 0.1123 0.1236 0.1162 0.1318 0.1124 0.2892 
         317  1 0.1647 0.1499 0.1666 0.1373 0.1986 0.1517 0.0312 
         318  1 0.1572 0.1586 0.1702 0.1630 0.1561 0.1756 0.0193 
         319  1 0.1510 0.2002 0.1064 0.2478 0.1405 0.1301 0.0241 
         320  1 0.1722 0.1590 0.1689 0.1351 0.1568 0.1813 0.0268 
         321  1 0.1021 0.1045 0.0880 0.1151 0.0930 0.1045 0.3929 
         322  1 0.1427 0.1765 0.1236 0.1639 0.1891 0.1631 0.0410 
         323  1 0.1490 0.1958 0.1600 0.1591 0.1517 0.1504 0.0340 
         324  1 0.1942 0.1296 0.1422 0.1537 0.1608 0.1871 0.0324 
         325  1 0.1605 0.1835 0.1567 0.1589 0.1525 0.1737 0.0143 
         326  1 0.1342 0.1180 0.2683 0.1377 0.1602 0.1670 0.0147 
         327  1 0.1403 0.1441 0.1575 0.1530 0.1297 0.1658 0.1096 
         328  1 0.1602 0.1514 0.1700 0.1559 0.1751 0.1780 0.0093 
         329  1 0.1675 0.1741 0.1138 0.2464 0.1237 0.1475 0.0269 
         330  1 0.1571 0.1493 0.1327 0.1670 0.1494 0.1528 0.0918 
         331  1 0.1648 0.1732 0.1508 0.1464 0.1516 0.1753 0.0379 
         332  1 0.1509 0.1579 0.1544 0.1495 0.1930 0.1802 0.0140 
         333  1 0.1598 0.1572 0.1551 0.1959 0.1491 0.1657 0.0172 
         334  1 0.1703 0.1309 0.1378 0.1570 0.1917 0.1888 0.0234 
         335  1 0.1395 0.1322 0.1364 0.1491 0.1357 0.1497 0.1574 
         336  1 0.1470 0.1564 0.1845 0.1473 0.1504 0.1516 0.0628 
         337  1 0.1427 0.1152 0.1743 0.1076 0.2886 0.1620 0.0096 
         338  1 0.1969 0.1629 0.1398 0.1651 0.1266 0.1953 0.0134 
         339  1 0.1303 0.1108 0.1795 0.0898 0.3082 0.1547 0.0267 
         340  1 0.1135 0.1015 0.1207 0.1199 0.1346 0.1279 0.2819 
         341  1 0.1675 0.1434 0.1593 0.1512 0.1353 0.1611 0.0822 
         342  1 0.1682 0.1538 0.1613 0.1526 0.1835 0.1586 0.0220 
         343  1 0.1316 0.1350 0.2494 0.1500 0.1375 0.1780 0.0187 
         344  1 0.1410 0.1311 0.2268 0.1665 0.1442 0.1552 0.0352 
         345  1 0.1633 0.1732 0.1661 0.1380 0.1413 0.2031 0.0151 
         346  1 0.1508 0.1784 0.1605 0.2058 0.1521 0.1277 0.0248 
         347  1 0.1464 0.1329 0.2672 0.1162 0.1279 0.1906 0.0188 
         348  1 0.1834 0.1542 0.1365 0.1682 0.1534 0.1637 0.0407 
         349  1 0.1825 0.1556 0.1582 0.1648 0.1410 0.1554 0.0424 
         350  1 0.1549 0.1431 0.1074 0.1637 0.1252 0.1567 0.1489 
         351  1 0.1379 0.1690 0.1297 0.2325 0.1346 0.1416 0.0546 
         352  1 0.1745 0.1789 0.1249 0.1802 0.1543 0.1736 0.0137 
         353  1 0.0733 0.0721 0.0804 0.0642 0.0570 0.0879 0.5652 
         354  1 0.1753 0.1664 0.1940 0.1457 0.1431 0.1553 0.0202 
         355  1 0.1683 0.1629 0.1199 0.2123 0.1292 0.1931 0.0143 
         356  1 0.1564 0.1423 0.1584 0.1562 0.1678 0.1703 0.0486 
         357  1 0.1845 0.1570 0.1718 0.1391 0.1191 0.1990 0.0294 
         358  1 0.1898 0.1619 0.1684 0.1424 0.1401 0.1760 0.0213 
         359  1 0.1851 0.1593 0.1441 0.1432 0.1229 0.1814 0.0641 
         360  1 0.1832 0.1570 0.1633 0.1460 0.1119 0.1958 0.0427 
         361  1 0.1747 0.1801 0.1343 0.1749 0.1487 0.1603 0.0272 
         362  1 0.1448 0.1230 0.1356 0.1394 0.1347 0.1380 0.1845 
         363  1 0.1473 0.1310 0.1612 0.1357 0.1650 0.1570 0.1027 
         364  1 0.1608 0.1412 0.1441 0.1648 0.1593 0.1864 0.0434 
         365  1 0.1335 0.1327 0.1328 0.1404 0.1411 0.1660 0.1534 
         366  1 0.1473 0.1530 0.1404 0.2171 0.1371 0.1542 0.0509 
         367  1 0.0541 0.0465 0.0613 0.0469 0.0715 0.0638 0.6559 
         368  1 0.1463 0.1399 0.1947 0.1626 0.1728 0.1626 0.0211 
         369  1 0.1380 0.1648 0.1828 0.1609 0.1907 0.1415 0.0212 
         370  1 0.1639 0.1295 0.2158 0.1280 0.1324 0.1844 0.0460 
         371  1 0.1440 0.1675 0.1624 0.1443 0.1546 0.1421 0.0852 
         372  1 0.1579 0.1913 0.1731 0.1341 0.1822 0.1358 0.0257 
         373  1 0.1494 0.1367 0.1426 0.1682 0.1229 0.1700 0.1102 
         374  1 0.1847 0.1623 0.1410 0.1783 0.1229 0.1719 0.0390 
         375  1 0.1261 0.1528 0.1126 0.2615 0.1333 0.1432 0.0705 
         376  1 0.1591 0.1395 0.1686 0.1689 0.1270 0.1752 0.0618 
         377  1 0.1844 0.1607 0.1649 0.1452 0.1193 0.2004 0.0253 
         378  1 0.1435 0.1405 0.1942 0.1560 0.1860 0.1604 0.0193 
         379  1 0.1474 0.1646 0.1296 0.2146 0.1536 0.1358 0.0543 
         380  1 0.1764 0.1466 0.1500 0.1656 0.1358 0.1701 0.0556 
         381  1 0.1634 0.1655 0.1554 0.1861 0.1468 0.1542 0.0287 
         382  1 0.1593 0.1834 0.1514 0.1599 0.1630 0.1630 0.0200 
         383  1 0.1479 0.1640 0.1405 0.1890 0.1700 0.1517 0.0369 
         384  1 0.1675 0.1895 0.1413 0.1517 0.1684 0.1709 0.0106 
         385  1 0.1441 0.1491 0.1620 0.1556 0.1649 0.1427 0.0815 
         386  1 0.1551 0.1768 0.1485 0.1550 0.1722 0.1749 0.0175 
         387  1 0.1222 0.1415 0.1442 0.1838 0.1624 0.1398 0.1061 
         388  1 0.1179 0.0979 0.1335 0.0900 0.0748 0.1288 0.3571 
         389  1 0.1145 0.1072 0.1128 0.1083 0.0842 0.1226 0.3503 
         390  1 0.1524 0.1602 0.1672 0.1388 0.2025 0.1532 0.0258 
         391  1 0.1492 0.1803 0.1641 0.1509 0.1398 0.1865 0.0293 
         392  1 0.1689 0.1213 0.1675 0.1461 0.1533 0.1677 0.0751 
         393  1 0.1639 0.1633 0.1193 0.2637 0.1302 0.1329 0.0267 
         394  1 0.1380 0.1244 0.2619 0.1221 0.1250 0.1953 0.0332 
         395  1 0.1603 0.1292 0.1641 0.1276 0.1801 0.1757 0.0630 
         396  1 0.1472 0.1049 0.1631 0.0998 0.2973 0.1690 0.0187 
         397  1 0.1391 0.1377 0.1351 0.1479 0.1414 0.1495 0.1494 
         398  1 0.1538 0.1794 0.1078 0.2420 0.1712 0.1324 0.0135 
         399  1 0.1700 0.1422 0.2288 0.1368 0.1446 0.1667 0.0108 
         400  1 0.1589 0.1428 0.1483 0.1628 0.1753 0.1541 0.0578 
         401  1 0.1188 0.0963 0.1925 0.1657 0.1310 0.1591 0.1366 
         402  1 0.1542 0.1350 0.1851 0.1053 0.2296 0.1601 0.0307 
         403  1 0.1306 0.0951 0.1574 0.1322 0.1564 0.1258 0.2025 
         404  1 0.1883 0.1550 0.1886 0.1280 0.1606 0.1478 0.0317 
         405  1 0.1767 0.1693 0.1342 0.1929 0.1422 0.1673 0.0174 
         406  1 0.0929 0.0739 0.0946 0.0848 0.0863 0.0945 0.4730 
         407  1 0.1440 0.1316 0.1376 0.1463 0.1221 0.1419 0.1765 
         408  1 0.1527 0.1719 0.1815 0.1758 0.1713 0.1318 0.0150 
         409  1 0.1295 0.1544 0.1437 0.1832 0.1967 0.1556 0.0368 
         410  1 0.1361 0.1271 0.1229 0.1424 0.1409 0.1417 0.1889 
         411  1 0.1773 0.1747 0.1260 0.1981 0.1462 0.1561 0.0215 
         412  1 0.1851 0.1359 0.1406 0.1961 0.1570 0.1596 0.0257 
         413  1 0.1713 0.1777 0.1568 0.1658 0.1593 0.1571 0.0120 
         414  1 0.1217 0.1415 0.1601 0.1253 0.1622 0.1735 0.1158 
         415  1 0.1315 0.1413 0.2448 0.1428 0.1396 0.1754 0.0246 
         416  1 0.1682 0.1742 0.1410 0.1896 0.1395 0.1717 0.0159 
         417  1 0.1469 0.1431 0.2094 0.1090 0.1276 0.2195 0.0444 
         418  1 0.1641 0.1616 0.1439 0.1900 0.1839 0.1406 0.0159 
         419  1 0.1533 0.1489 0.2002 0.1332 0.1269 0.1967 0.0409 
         420  1 0.0976 0.0944 0.1137 0.1105 0.0993 0.1107 0.3738 
         421  1 0.1579 0.1479 0.1697 0.1319 0.2104 0.1556 0.0265 
         422  1 0.1633 0.1849 0.1732 0.1546 0.1671 0.1445 0.0124 
         423  1 0.1691 0.1264 0.2186 0.1558 0.1321 0.1805 0.0175 
         424  1 0.1625 0.1546 0.1513 0.1370 0.1324 0.1729 0.0891 
         425  1 0.1514 0.1306 0.1586 0.1386 0.1535 0.1887 0.0786 
         426  1 0.1357 0.1902 0.1434 0.1869 0.1671 0.1369 0.0398 
         427  1 0.1417 0.1687 0.1808 0.1748 0.1491 0.1706 0.0145 
         428  1 0.1559 0.0902 0.2028 0.1021 0.2589 0.1671 0.0231 
         429  1 0.1042 0.1157 0.1013 0.1481 0.0978 0.0982 0.3347 
         430  1 0.1440 0.1573 0.1638 0.1494 0.1925 0.1663 0.0267 
         431  1 0.1579 0.1506 0.2036 0.1512 0.1552 0.1631 0.0184 
         432  1 0.2100 0.1520 0.1709 0.1433 0.1130 0.1968 0.0140 
         433  1 0.1890 0.1519 0.1576 0.1721 0.1400 0.1779 0.0115 
         434  1 0.1952 0.1484 0.1177 0.2032 0.1321 0.1776 0.0258 
         435  1 0.1520 0.1339 0.1463 0.1715 0.1886 0.1617 0.0460 
         436  1 0.1553 0.1255 0.1865 0.1392 0.1839 0.1815 0.0282 
         437  1 0.1530 0.1693 0.1191 0.2271 0.1451 0.1657 0.0208 
         438  1 0.1561 0.1693 0.1535 0.1721 0.1491 0.1729 0.0270 
         439  1 0.1555 0.1049 0.1611 0.1270 0.2353 0.1653 0.0510 
         440  1 0.1453 0.2312 0.1649 0.1350 0.1858 0.1249 0.0129 
         441  1 0.1318 0.1194 0.2103 0.1471 0.1432 0.1692 0.0791 
         442  1 0.1433 0.1277 0.1799 0.1197 0.1070 0.1752 0.1472 
         443  1 0.1354 0.1660 0.1297 0.2732 0.1277 0.1527 0.0154 
         444  1 0.1684 0.1928 0.1315 0.1893 0.1405 0.1674 0.0101 
         445  1 0.1506 0.1638 0.1299 0.1947 0.1776 0.1520 0.0313 
         446  1 0.1650 0.1716 0.1718 0.1562 0.1428 0.1611 0.0315 
         447  1 0.1254 0.1210 0.1418 0.1105 0.1206 0.1596 0.2211 
         448  1 0.1637 0.1463 0.1404 0.1785 0.1901 0.1534 0.0277 
         449  1 0.1219 0.2382 0.1424 0.1805 0.1920 0.1068 0.0182 
         450  1 0.1453 0.1255 0.1568 0.1122 0.1194 0.1052 0.2356 
         451  1 0.1150 0.0993 0.1067 0.1201 0.1332 0.1065 0.3193 
         452  1 0.1603 0.1754 0.1940 0.1582 0.1611 0.1353 0.0157 
         453  1 0.1493 0.1165 0.1708 0.1293 0.2343 0.1638 0.0360 
         454  1 0.1371 0.1429 0.2055 0.1397 0.1683 0.1747 0.0318 
         455  1 0.1752 0.1924 0.1805 0.1341 0.1606 0.1268 0.0304 
         456  1 0.1724 0.1616 0.1485 0.1591 0.1413 0.1801 0.0370 
         457  1 0.1609 0.1711 0.1938 0.1371 0.1902 0.1324 0.0145 
         458  1 0.1702 0.1956 0.1592 0.1562 0.1451 0.1530 0.0207 
         459  1 0.1338 0.1498 0.1199 0.1694 0.1307 0.1444 0.1520 
         460  1 0.1087 0.1058 0.0867 0.1194 0.0986 0.1018 0.3790 
         461  1 0.1450 0.1921 0.1441 0.1611 0.1603 0.1483 0.0492 
         462  1 0.1529 0.1676 0.1551 0.1594 0.1872 0.1615 0.0163 
         463  1 0.1541 0.1916 0.1864 0.1417 0.1675 0.1427 0.0160 
         464  1 0.1826 0.1742 0.1437 0.1760 0.1428 0.1594 0.0213 
         465  1 0.1509 0.1561 0.1727 0.1441 0.1566 0.1633 0.0561 
         466  1 0.1262 0.1301 0.1553 0.1471 0.1220 0.1507 0.1687 
         467  1 0.1768 0.1787 0.1395 0.1825 0.1431 0.1614 0.0180 
         468  1 0.1622 0.1732 0.1420 0.1871 0.1579 0.1488 0.0289 
         469  1 0.1572 0.1251 0.2331 0.1459 0.1746 0.1525 0.0116 
         470  1 0.1535 0.1435 0.1676 0.1338 0.1378 0.1438 0.1201 
         471  1 0.1630 0.1461 0.1357 0.1435 0.1338 0.1720 0.1059 
         472  1 0.1415 0.1839 0.1333 0.2170 0.1494 0.1262 0.0487 
         473  1 0.2019 0.1626 0.1494 0.1736 0.1294 0.1653 0.0178 
         474  1 0.1713 0.1553 0.1548 0.1536 0.1543 0.1723 0.0383 
         475  1 0.2008 0.1543 0.1618 0.1646 0.1308 0.1785 0.0091 
         476  1 0.1131 0.1111 0.1238 0.1288 0.1123 0.1306 0.2804 
         477  1 0.1829 0.1302 0.1718 0.1508 0.1500 0.1425 0.0718 
         478  1 0.1467 0.1980 0.1497 0.1538 0.1563 0.1474 0.0480 
         479  1 0.1667 0.1410 0.1898 0.1620 0.1195 0.1804 0.0405 
         480  1 0.1695 0.1436 0.1532 0.1474 0.1419 0.1841 0.0603 
         481  1 0.1475 0.1452 0.1563 0.1340 0.1644 0.1607 0.0919 
         482  1 0.1496 0.1367 0.1356 0.1156 0.1605 0.1429 0.1591 
         483  1 0.1528 0.1441 0.1453 0.1666 0.2078 0.1683 0.0150 
         484  1 0.1527 0.1325 0.1399 0.1599 0.1661 0.1629 0.0861 
         485  1 0.1429 0.1562 0.1245 0.1332 0.1456 0.1468 0.1508 
         486  1 0.1876 0.1460 0.1241 0.1712 0.1253 0.1554 0.0903 
         487  1 0.1527 0.1649 0.1678 0.1439 0.1544 0.1888 0.0275 
         488  1 0.1260 0.1439 0.1299 0.1990 0.1484 0.1310 0.1218 
         489  1 0.1425 0.1927 0.1540 0.1726 0.1824 0.1337 0.0222 
         490  1 0.1575 0.1485 0.1599 0.1752 0.1312 0.1820 0.0458 
         491  1 0.1535 0.1923 0.1413 0.1700 0.1476 0.1531 0.0423 
         492  1 0.1454 0.1665 0.1232 0.1795 0.1455 0.1681 0.0719 
         493  1 0.1566 0.1665 0.1988 0.1339 0.1909 0.1408 0.0124 
         494  1 0.1729 0.1805 0.1148 0.1911 0.1350 0.1862 0.0196 
         495  1 0.1743 0.1479 0.1290 0.1630 0.1468 0.1897 0.0493 
         496  1 0.1485 0.1329 0.1279 0.1359 0.2144 0.1649 0.0755 
         497  1 0.1650 0.1678 0.1817 0.1441 0.1641 0.1533 0.0241 
         498  1 0.1533 0.2279 0.1643 0.1316 0.1769 0.1310 0.0150 
         499  1 0.1327 0.1333 0.1159 0.1486 0.1037 0.1101 0.2557 
         500  1 0.1682 0.1871 0.1650 0.1443 0.1588 0.1601 0.0165 
         501  1 0.1744 0.1332 0.1625 0.1365 0.1239 0.1376 0.1319 
         502  1 0.1412 0.1481 0.1823 0.1896 0.1500 0.1667 0.0222 
         503  1 0.1475 0.1660 0.1980 0.1217 0.2043 0.1466 0.0158 
         504  1 0.1549 0.2180 0.2076 0.1088 0.1961 0.1064 0.0081 
         505  1 0.0810 0.0684 0.0789 0.0889 0.0802 0.0808 0.5218 
         506  1 0.0927 0.0760 0.1148 0.1097 0.1165 0.1048 0.3856 
         507  1 0.1370 0.1557 0.1318 0.1763 0.1423 0.1652 0.0918 
         508  1 0.1638 0.1977 0.1466 0.1594 0.1548 0.1516 0.0262 
         509  1 0.1211 0.1015 0.1266 0.0876 0.0982 0.0890 0.3760 
         510  1 0.1775 0.1476 0.1691 0.1424 0.1577 0.1578 0.0478 
         511  1 0.1788 0.1515 0.1541 0.1553 0.1571 0.1798 0.0233 
         512  1 0.1635 0.1224 0.1272 0.1409 0.1237 0.1452 0.1772 
         513  1 0.1652 0.1723 0.1729 0.1654 0.1575 0.1302 0.0366 
         514  1 0.1330 0.1250 0.1255 0.1225 0.1355 0.1188 0.2398 
         515  1 0.1335 0.1186 0.1819 0.1773 0.1589 0.1512 0.0787 
         516  1 0.1197 0.1273 0.1917 0.1288 0.1327 0.1542 0.1456 
         517  1 0.1269 0.1764 0.1373 0.2711 0.1505 0.1143 0.0234 
         518  1 0.1171 0.1475 0.0982 0.3081 0.1535 0.1360 0.0396 
         519  1 0.1888 0.1755 0.1176 0.2180 0.1390 0.1511 0.0100 
         520  1 0.1403 0.1999 0.1393 0.2049 0.1486 0.1193 0.0477 
         521  1 0.1613 0.1429 0.1673 0.2024 0.1268 0.1627 0.0365 
         522  1 0.1027 0.1283 0.1272 0.1144 0.1255 0.1190 0.2829 
         523  1 0.1977 0.1761 0.1819 0.1277 0.1513 0.1493 0.0160 
         524  1 0.1714 0.1459 0.1170 0.2407 0.1190 0.1441 0.0618 
         525  1 0.1686 0.1347 0.1435 0.1228 0.1150 0.1590 0.1564 
         526  1 0.1590 0.1786 0.1704 0.1443 0.1685 0.1666 0.0125 
         527  1 0.1173 0.1503 0.1358 0.1151 0.1230 0.1145 0.2440 
         528  1 0.1453 0.1443 0.1298 0.1350 0.1783 0.1386 0.1286 
         529  1 0.1328 0.1333 0.2249 0.1353 0.1697 0.1696 0.0343 
         530  1 0.1382 0.1764 0.1499 0.1409 0.1538 0.1403 0.1005 
         531  1 0.1802 0.1552 0.1498 0.1551 0.1376 0.1702 0.0519 
         532  1 0.1762 0.1564 0.1415 0.1719 0.1451 0.1736 0.0354 
         533  1 0.1504 0.1503 0.1348 0.1850 0.1856 0.1657 0.0283 
         534  1 0.1484 0.2292 0.1528 0.1379 0.1710 0.1301 0.0307 
         535  1 0.1538 0.1849 0.1293 0.1627 0.1630 0.1519 0.0544 
         536  1 0.1606 0.1470 0.1837 0.1264 0.1483 0.1643 0.0697 
         537  1 0.1405 0.1347 0.1021 0.2896 0.1461 0.1354 0.0516 
         538  1 0.0881 0.0783 0.0931 0.0776 0.0904 0.0877 0.4848 
         539  1 0.1375 0.1583 0.1592 0.1203 0.1570 0.1247 0.1429 
         540  1 0.1931 0.1681 0.1769 0.1449 0.1528 0.1400 0.0242 
         541  1 0.1869 0.1588 0.1923 0.1238 0.1804 0.1412 0.0166 
         542  1 0.1586 0.1661 0.1487 0.1812 0.1605 0.1687 0.0163 
         543  1 0.1479 0.1944 0.2152 0.1263 0.1722 0.1315 0.0124 
         544  1 0.1518 0.1744 0.1507 0.1561 0.1433 0.2002 0.0234 
         545  1 0.1675 0.1530 0.1685 0.1502 0.1706 0.1619 0.0283 
         546  1 0.1599 0.1772 0.2204 0.1338 0.1581 0.1406 0.0100 
         547  1 0.1879 0.1454 0.1571 0.1772 0.1277 0.1633 0.0414 
         548  1 0.1761 0.1727 0.2089 0.1288 0.1546 0.1431 0.0158 
         549  1 0.1757 0.1679 0.1525 0.1645 0.1382 0.1801 0.0211 
         550  1 0.1761 0.1492 0.1866 0.1515 0.1574 0.1681 0.0111 
         551  1 0.1717 0.1787 0.2137 0.1127 0.1766 0.1291 0.0175 
         552  1 0.1847 0.1528 0.1513 0.1798 0.1404 0.1532 0.0378 
         553  1 0.1673 0.1753 0.1626 0.1591 0.1552 0.1450 0.0355 
         554  1 0.1855 0.1584 0.1613 0.1635 0.1417 0.1731 0.0165 
         555  1 0.1315 0.1649 0.1029 0.2598 0.1434 0.1524 0.0451 
         556  1 0.1416 0.1742 0.1478 0.1574 0.1866 0.1282 0.0642 
         557  1 0.1391 0.1293 0.1493 0.1440 0.1714 0.1736 0.0932 
         558  1 0.1288 0.1036 0.1706 0.1366 0.1883 0.1510 0.1211 
         559  1 0.0362 0.0315 0.0311 0.0361 0.0426 0.0409 0.7816 
         560  1 0.1527 0.1544 0.1341 0.1521 0.1529 0.1888 0.0650 
         561  1 0.0509 0.0642 0.0421 0.1298 0.0558 0.0619 0.5953 
         562  1 0.1335 0.1228 0.1333 0.1463 0.1354 0.1575 0.1712 
         563  1 0.0329 0.0329 0.0442 0.0342 0.0323 0.0428 0.7808 
         564  1 0.0999 0.1044 0.0941 0.1446 0.1098 0.0985 0.3487 
         565  1 0.0329 0.0299 0.0323 0.0301 0.0278 0.0334 0.8137 
         566  1 0.1372 0.1375 0.1349 0.1354 0.1290 0.1590 0.1671 
         567  1 0.1110 0.1054 0.0934 0.0956 0.0889 0.1020 0.4037 
         568  1 0.1904 0.1472 0.1593 0.1549 0.1320 0.1670 0.0492 
         569  1 0.1021 0.1405 0.0871 0.1786 0.1285 0.1275 0.2358 
         570  1 0.1439 0.1320 0.1177 0.1623 0.1793 0.1398 0.1250 
         571  1 0.1216 0.0942 0.1177 0.1174 0.1027 0.1407 0.3057 
         572  1 0.0717 0.0842 0.0566 0.1139 0.0803 0.0776 0.5157 
         573  1 0.0293 0.0329 0.0293 0.0287 0.0279 0.0268 0.8252 
         574  1 0.1347 0.1239 0.1590 0.1345 0.1388 0.1660 0.1430 
         575  1 0.1065 0.0952 0.0860 0.1143 0.0799 0.1016 0.4165 
         576  1 0.0916 0.0863 0.0865 0.1126 0.0750 0.0985 0.4495 
         577  1 0.0453 0.0467 0.0430 0.0448 0.0449 0.0441 0.7312 
         578  1 0.0955 0.1125 0.1129 0.1044 0.1083 0.1166 0.3497 
         579  1 0.0737 0.0673 0.0855 0.0732 0.0753 0.0782 0.5467 
         580  1 0.0500 0.0411 0.0545 0.0444 0.0368 0.0556 0.7176 
         581  1 0.0949 0.1126 0.1250 0.0983 0.0964 0.0787 0.3942 
         582  1 0.0573 0.0574 0.0504 0.0759 0.0528 0.0543 0.6518 
         583  1 0.0258 0.0236 0.0362 0.0253 0.0274 0.0334 0.8281 
         584  1 0.0331 0.0304 0.0317 0.0385 0.0345 0.0360 0.7958 
         585  1 0.0402 0.0495 0.0381 0.0432 0.0390 0.0466 0.7432 
         586  1 0.1093 0.1003 0.1619 0.1208 0.1048 0.1488 0.2542 
         587  1 0.1359 0.1496 0.1405 0.1673 0.1289 0.1694 0.1085 
         588  1 0.1282 0.1660 0.1467 0.1480 0.1286 0.1169 0.1654 
         589  1 0.1358 0.1487 0.1075 0.2417 0.0974 0.1558 0.1130 
         590  1 0.0191 0.0184 0.0195 0.0213 0.0223 0.0218 0.8776 
         591  1 0.0839 0.0993 0.0830 0.0994 0.1128 0.0876 0.4340 
         592  1 0.0645 0.0630 0.0494 0.0648 0.0590 0.0642 0.6350 
         593  1 0.0878 0.0745 0.0855 0.0821 0.1123 0.0814 0.4764 
         594  1 0.0175 0.0182 0.0193 0.0184 0.0180 0.0170 0.8915 
         595  1 0.0301 0.0311 0.0365 0.0346 0.0288 0.0389 0.8000 
         596  1 0.0700 0.0740 0.0707 0.0767 0.0701 0.0658 0.5727 
         597  1 0.0579 0.0526 0.0493 0.0563 0.0506 0.0529 0.6803 
         598  1 0.0129 0.0119 0.0117 0.0127 0.0120 0.0122 0.9266 
         599  1 0.0440 0.0513 0.0420 0.0568 0.0513 0.0497 0.7049 
         600  1 0.1572 0.1235 0.1582 0.1421 0.2156 0.1659 0.0376 
         601  1 0.0587 0.0587 0.0763 0.0566 0.0630 0.0869 0.5997 
         602  1 0.0125 0.0129 0.0122 0.0135 0.0125 0.0142 0.9222 
         603  1 0.1021 0.1006 0.0852 0.1461 0.0873 0.1117 0.3670 
         604  1 0.0824 0.0586 0.0784 0.0665 0.0929 0.1040 0.5173 
         605  1 0.0494 0.0483 0.0582 0.0529 0.0548 0.0545 0.6819 
         606  1 0.1526 0.1406 0.1437 0.1351 0.1051 0.1598 0.1631 
