           1  1 0.1466 0.1173 0.0974 0.1548 0.1339 0.1171 0.1322 0.1007 
           2  1 0.1163 0.1341 0.1894 0.1309 0.1359 0.1335 0.1174 0.0426 
           3  1 0.1326 0.1277 0.1436 0.1482 0.1495 0.1403 0.1317 0.0263 
           4  1 0.1194 0.1276 0.1409 0.1386 0.1396 0.1266 0.1280 0.0793 
           5  1 0.1401 0.1563 0.1095 0.1128 0.1791 0.1628 0.1244 0.0149 
           6  1 0.1269 0.1399 0.1827 0.1191 0.1349 0.1306 0.1156 0.0503 
           7  1 0.1450 0.1247 0.1328 0.1554 0.1477 0.1309 0.1501 0.0134 
           8  1 0.0779 0.0830 0.0656 0.0751 0.0774 0.0843 0.0915 0.4453 
           9  1 0.1299 0.1315 0.1613 0.1280 0.1381 0.1502 0.1506 0.0104 
          10  1 0.1497 0.1332 0.1438 0.1546 0.1400 0.1148 0.1410 0.0227 
          11  1 0.1470 0.1266 0.1556 0.1370 0.1539 0.1334 0.1310 0.0156 
          12  1 0.1307 0.1516 0.1429 0.1311 0.1577 0.1383 0.1255 0.0221 
          13  1 0.1191 0.1461 0.1804 0.1315 0.1418 0.1346 0.1241 0.0225 
          14  1 0.1255 0.1295 0.1512 0.1376 0.1389 0.1449 0.1527 0.0198 
          15  1 0.1120 0.1331 0.1757 0.1350 0.1526 0.1326 0.1120 0.0470 
          16  1 0.1537 0.1095 0.1704 0.1634 0.1360 0.1103 0.1363 0.0203 
          17  1 0.1094 0.1433 0.1776 0.1164 0.1269 0.1565 0.1495 0.0204 
          18  1 0.1034 0.1125 0.1506 0.1168 0.0989 0.1079 0.0979 0.2119 
          19  1 0.1364 0.1380 0.1016 0.1163 0.1782 0.1609 0.1185 0.0501 
          20  1 0.1527 0.1305 0.1374 0.1604 0.1389 0.1233 0.1424 0.0144 
          21  1 0.1176 0.1385 0.1692 0.1234 0.1438 0.1553 0.1336 0.0185 
          22  1 0.1093 0.1473 0.1490 0.1210 0.1518 0.1637 0.1452 0.0127 
          23  1 0.1199 0.1331 0.1608 0.1330 0.1329 0.1297 0.1284 0.0622 
          24  1 0.1068 0.1315 0.1734 0.1538 0.1429 0.1369 0.1189 0.0357 
          25  1 0.1436 0.1328 0.1290 0.1267 0.1460 0.1633 0.1383 0.0204 
          26  1 0.1547 0.1388 0.1137 0.1389 0.1633 0.1395 0.1325 0.0185 
          27  1 0.1393 0.1427 0.1088 0.1301 0.1640 0.1594 0.1292 0.0264 
          28  1 0.1162 0.1384 0.1898 0.1403 0.1450 0.1311 0.1131 0.0261 
          29  1 0.0876 0.1298 0.2449 0.1361 0.1267 0.1577 0.1057 0.0115 
          30  1 0.1193 0.1330 0.1899 0.1320 0.1320 0.1515 0.1204 0.0219 
          31  1 0.1213 0.1574 0.1323 0.1311 0.1317 0.1273 0.1443 0.0546 
          32  1 0.1277 0.1124 0.2093 0.1343 0.1527 0.1286 0.1197 0.0153 
          33  1 0.1023 0.1288 0.2289 0.1337 0.1351 0.1228 0.1017 0.0466 
          34  1 0.1259 0.1414 0.1333 0.1291 0.1384 0.1492 0.1528 0.0300 
          35  1 0.1371 0.1415 0.1339 0.1353 0.1399 0.1345 0.1543 0.0234 
          36  1 0.1071 0.1188 0.2142 0.1328 0.1491 0.1479 0.1176 0.0125 
          37  1 0.1410 0.1588 0.0966 0.1090 0.1892 0.1692 0.1216 0.0146 
          38  1 0.1374 0.1500 0.1359 0.1294 0.1525 0.1518 0.1297 0.0132 
          39  1 0.1199 0.1379 0.1527 0.1324 0.1436 0.1403 0.1421 0.0311 
          40  1 0.1031 0.1373 0.0954 0.0970 0.1306 0.1376 0.1388 0.1602 
          41  1 0.1320 0.1191 0.1576 0.1545 0.1545 0.1199 0.1405 0.0219 
          42  1 0.1227 0.1274 0.1705 0.1613 0.1378 0.1298 0.1390 0.0116 
          43  1 0.1553 0.1364 0.0947 0.1294 0.1679 0.1476 0.1314 0.0373 
          44  1 0.1244 0.1327 0.1588 0.1521 0.1439 0.1398 0.1278 0.0204 
          45  1 0.0949 0.1188 0.2372 0.1312 0.1350 0.1595 0.1105 0.0129 
          46  1 0.1082 0.1433 0.2276 0.1350 0.1186 0.1285 0.1109 0.0280 
          47  1 0.1445 0.1336 0.1364 0.1293 0.1428 0.1521 0.1352 0.0262 
          48  1 0.1273 0.1302 0.1311 0.1294 0.1329 0.1368 0.1287 0.0838 
          49  1 0.1230 0.1555 0.1709 0.1317 0.1420 0.1425 0.1148 0.0196 
          50  1 0.1015 0.1318 0.2400 0.1350 0.1261 0.1473 0.1086 0.0097 
          51  1 0.1230 0.1293 0.1754 0.1387 0.1328 0.1379 0.1285 0.0344 
          52  1 0.1440 0.1257 0.1590 0.1613 0.1520 0.1151 0.1273 0.0156 
          53  1 0.1240 0.1397 0.1544 0.1373 0.1473 0.1466 0.1331 0.0175 
          54  1 0.1294 0.1342 0.1265 0.1302 0.1558 0.1402 0.1174 0.0664 
          55  1 0.0992 0.1013 0.1230 0.1153 0.1023 0.0997 0.0926 0.2666 
          56  1 0.1542 0.1170 0.1171 0.1570 0.1590 0.1324 0.1404 0.0229 
          57  1 0.1160 0.1318 0.2612 0.1335 0.1277 0.1301 0.0912 0.0085 
          58  1 0.1449 0.1353 0.1801 0.1478 0.1234 0.1351 0.1129 0.0205 
          59  1 0.1011 0.1266 0.2478 0.1472 0.1195 0.1485 0.0989 0.0105 
          60  1 0.1288 0.1449 0.1547 0.1295 0.1549 0.1451 0.1289 0.0133 
          61  1 0.1206 0.1135 0.1474 0.1211 0.1260 0.1272 0.1168 0.1274 
          62  1 0.0948 0.1281 0.2491 0.1359 0.1343 0.1500 0.0985 0.0093 
          63  1 0.1310 0.1464 0.1625 0.1246 0.1303 0.1505 0.1262 0.0287 
          64  1 0.1205 0.1114 0.1904 0.1527 0.1398 0.1423 0.1259 0.0171 
          65  1 0.1328 0.1544 0.0939 0.1098 0.1734 0.1720 0.1364 0.0273 
          66  1 0.1380 0.1336 0.1468 0.1364 0.1420 0.1415 0.1361 0.0255 
          67  1 0.1244 0.1243 0.1954 0.1492 0.1272 0.1380 0.1275 0.0139 
          68  1 0.1157 0.1444 0.1850 0.1502 0.1442 0.1311 0.1153 0.0142 
          69  1 0.1524 0.1502 0.1695 0.1397 0.1139 0.1225 0.1131 0.0386 
          70  1 0.1234 0.1562 0.1010 0.0937 0.1301 0.1851 0.1755 0.0351 
          71  1 0.1070 0.1072 0.1371 0.1257 0.1095 0.1085 0.1158 0.1893 
          72  1 0.0961 0.1180 0.2360 0.1452 0.1294 0.1586 0.1042 0.0126 
          73  1 0.1566 0.1407 0.1194 0.1602 0.1282 0.1281 0.1229 0.0440 
          74  1 0.1281 0.1377 0.1525 0.1503 0.1326 0.1229 0.1261 0.0499 
          75  1 0.1312 0.1385 0.1448 0.1380 0.1516 0.1447 0.1313 0.0200 
          76  1 0.1404 0.1190 0.1360 0.1417 0.1316 0.1205 0.1354 0.0755 
          77  1 0.1386 0.1315 0.1179 0.1381 0.1297 0.1362 0.1462 0.0618 
          78  1 0.1923 0.1430 0.1138 0.1364 0.1236 0.1402 0.1242 0.0265 
          79  1 0.1602 0.1270 0.1153 0.1415 0.1681 0.1434 0.1337 0.0108 
          80  1 0.1289 0.1315 0.1524 0.1240 0.1384 0.1152 0.1093 0.1002 
          81  1 0.1555 0.1301 0.1052 0.1484 0.1222 0.1193 0.1338 0.0856 
          82  1 0.1419 0.1329 0.1297 0.1443 0.1287 0.1544 0.1448 0.0233 
          83  1 0.1421 0.1333 0.1314 0.1606 0.1297 0.1139 0.1435 0.0455 
          84  1 0.1319 0.1301 0.1438 0.1393 0.1372 0.1409 0.1362 0.0405 
          85  1 0.1153 0.1431 0.2148 0.1262 0.1265 0.1368 0.1119 0.0255 
          86  1 0.1234 0.1244 0.1217 0.1287 0.1170 0.1210 0.1261 0.1377 
          87  1 0.1166 0.1509 0.1754 0.1462 0.1391 0.1319 0.1227 0.0172 
          88  1 0.1091 0.1271 0.1985 0.1444 0.1319 0.1412 0.1070 0.0407 
          89  1 0.1569 0.1284 0.1055 0.1413 0.1452 0.1415 0.1467 0.0345 
          90  1 0.1119 0.1155 0.1356 0.1318 0.1111 0.1196 0.1228 0.1517 
          91  1 0.1287 0.1301 0.1493 0.1400 0.1438 0.1298 0.1363 0.0420 
          92  1 0.1169 0.1386 0.1984 0.1398 0.1320 0.1220 0.1136 0.0386 
          93  1 0.1147 0.1372 0.1614 0.1356 0.1299 0.1472 0.1402 0.0338 
          94  1 0.1574 0.0995 0.1081 0.1358 0.1206 0.1000 0.1136 0.1650 
          95  1 0.1176 0.1306 0.2114 0.1414 0.1220 0.1264 0.1167 0.0338 
          96  1 0.1732 0.1098 0.1305 0.1663 0.1393 0.1119 0.1282 0.0408 
          97  1 0.1455 0.1385 0.1458 0.1480 0.1442 0.1297 0.1340 0.0144 
          98  1 0.1042 0.1580 0.1459 0.0966 0.1488 0.1761 0.1542 0.0163 
          99  1 0.1552 0.1409 0.1242 0.1410 0.1325 0.1309 0.1602 0.0152 
         100  1 0.1752 0.1494 0.1096 0.1294 0.1451 0.1540 0.1123 0.0249 
         101  1 0.1662 0.1204 0.1198 0.1614 0.1137 0.1270 0.1421 0.0493 
         102  1 0.1098 0.1443 0.2398 0.1292 0.1158 0.1426 0.1016 0.0169 
         103  1 0.1584 0.1198 0.0972 0.1296 0.1126 0.1294 0.1146 0.1384 
         104  1 0.1378 0.1310 0.1271 0.1352 0.1415 0.1484 0.1544 0.0246 
         105  1 0.1304 0.1354 0.1263 0.1374 0.1355 0.1459 0.1596 0.0295 
         106  1 0.1561 0.1355 0.1066 0.1356 0.1156 0.1374 0.1761 0.0371 
         107  1 0.1780 0.1490 0.1272 0.1355 0.1321 0.1393 0.1121 0.0269 
         108  1 0.1277 0.1398 0.2074 0.1456 0.1229 0.1271 0.0973 0.0324 
         109  1 0.1519 0.1415 0.1154 0.1440 0.1447 0.1403 0.1295 0.0327 
         110  1 0.1376 0.1463 0.1138 0.1498 0.1522 0.1294 0.1478 0.0232 
         111  1 0.1414 0.1380 0.1299 0.1201 0.1467 0.1530 0.1348 0.0362 
         112  1 0.1684 0.1271 0.1189 0.1376 0.1323 0.1493 0.1385 0.0279 
         113  1 0.1151 0.1389 0.1783 0.1506 0.1429 0.1401 0.1183 0.0157 
         114  1 0.1378 0.1323 0.1490 0.1518 0.1301 0.1167 0.1260 0.0563 
         115  1 0.1471 0.1283 0.1327 0.1362 0.1448 0.1363 0.1341 0.0405 
         116  1 0.1471 0.1322 0.1413 0.1279 0.1391 0.1611 0.1350 0.0163 
         117  1 0.1399 0.1309 0.1348 0.1461 0.1357 0.1350 0.1462 0.0315 
         118  1 0.1532 0.1324 0.1344 0.1333 0.1372 0.1259 0.1413 0.0423 
         119  1 0.1243 0.1848 0.0711 0.0963 0.1512 0.1648 0.1820 0.0255 
         120  1 0.1163 0.1209 0.1072 0.1254 0.1355 0.1258 0.1153 0.1537 
         121  1 0.1491 0.1585 0.1061 0.1405 0.1390 0.1358 0.1323 0.0387 
         122  1 0.1202 0.1555 0.1180 0.1020 0.1491 0.1637 0.1648 0.0267 
         123  1 0.1316 0.1449 0.1612 0.1342 0.1415 0.1384 0.1326 0.0156 
         124  1 0.1474 0.1415 0.1797 0.1291 0.1358 0.1328 0.1154 0.0184 
         125  1 0.1315 0.1530 0.0909 0.1010 0.1394 0.1723 0.1685 0.0434 
         126  1 0.1076 0.1498 0.2189 0.1204 0.1280 0.1485 0.1104 0.0163 
         127  1 0.1393 0.1288 0.1571 0.1381 0.1358 0.1338 0.1419 0.0252 
         128  1 0.1521 0.1419 0.1205 0.1387 0.1466 0.1357 0.1470 0.0175 
         129  1 0.1169 0.1228 0.0891 0.1460 0.1135 0.1011 0.1303 0.1803 
         130  1 0.1304 0.1562 0.0999 0.1177 0.1372 0.1414 0.1560 0.0611 
         131  1 0.1254 0.1499 0.1575 0.1344 0.1438 0.1347 0.1261 0.0283 
         132  1 0.1435 0.1313 0.1433 0.1560 0.1436 0.1306 0.1352 0.0165 
         133  1 0.1285 0.1599 0.1008 0.1491 0.1567 0.1317 0.1580 0.0153 
         134  1 0.1433 0.1217 0.1696 0.1477 0.1477 0.1161 0.1240 0.0298 
         135  1 0.0959 0.0823 0.0712 0.0812 0.0833 0.0780 0.0830 0.4252 
         136  1 0.1374 0.1365 0.1448 0.1367 0.1302 0.1427 0.1356 0.0361 
         137  1 0.1559 0.1267 0.0935 0.1318 0.1217 0.1148 0.1270 0.1286 
         138  1 0.1238 0.1360 0.1853 0.1304 0.1473 0.1438 0.1106 0.0227 
         139  1 0.1559 0.1337 0.1179 0.1394 0.1519 0.1388 0.1363 0.0261 
         140  1 0.1481 0.1328 0.1223 0.1603 0.1459 0.1088 0.1411 0.0407 
         141  1 0.1331 0.1447 0.1062 0.1597 0.1329 0.1273 0.1223 0.0739 
         142  1 0.1430 0.1370 0.1285 0.1285 0.1245 0.1353 0.1529 0.0503 
         143  1 0.1392 0.1540 0.1039 0.1101 0.1709 0.1573 0.1245 0.0400 
         144  1 0.1016 0.1339 0.2117 0.1389 0.1292 0.1502 0.1157 0.0188 
         145  1 0.1211 0.1396 0.2421 0.1216 0.1301 0.1358 0.0970 0.0127 
         146  1 0.1854 0.1290 0.1280 0.1435 0.1118 0.1415 0.1218 0.0389 
         147  1 0.1182 0.1372 0.2130 0.1496 0.1302 0.1339 0.1011 0.0168 
         148  1 0.1628 0.1284 0.1343 0.1650 0.1275 0.1131 0.1521 0.0168 
         149  1 0.1482 0.1356 0.1214 0.1452 0.1468 0.1353 0.1376 0.0299 
         150  1 0.1395 0.1195 0.1150 0.1378 0.1212 0.1292 0.1390 0.0988 
         151  1 0.1460 0.1233 0.1419 0.1282 0.1324 0.1523 0.1370 0.0389 
         152  1 0.1499 0.1421 0.1318 0.1485 0.1228 0.1334 0.1386 0.0330 
         153  1 0.1580 0.1373 0.1223 0.1464 0.1601 0.1219 0.1289 0.0251 
         154  1 0.1255 0.1564 0.0956 0.0859 0.1571 0.1800 0.1871 0.0124 
         155  1 0.1279 0.1335 0.1322 0.1348 0.1450 0.1405 0.1450 0.0411 
         156  1 0.1456 0.1197 0.1203 0.1619 0.1539 0.1201 0.1445 0.0340 
         157  1 0.1421 0.1310 0.1347 0.1472 0.1493 0.1347 0.1340 0.0269 
         158  1 0.1385 0.1178 0.1173 0.1430 0.1271 0.1080 0.1469 0.1013 
         159  1 0.1221 0.1335 0.1912 0.1337 0.1304 0.1404 0.1202 0.0285 
         160  1 0.1524 0.1207 0.1387 0.1288 0.1351 0.1619 0.1403 0.0220 
         161  1 0.1189 0.1284 0.1116 0.1035 0.1308 0.1434 0.1393 0.1240 
         162  1 0.1339 0.1505 0.1185 0.1266 0.1611 0.1443 0.1427 0.0223 
         163  1 0.1363 0.1278 0.1289 0.1558 0.1275 0.1271 0.1393 0.0572 
         164  1 0.1309 0.1482 0.1388 0.1229 0.1391 0.1363 0.1484 0.0353 
         165  1 0.1284 0.1311 0.1403 0.1311 0.1506 0.1541 0.1431 0.0213 
         166  1 0.1442 0.1373 0.1232 0.1586 0.1213 0.1478 0.1323 0.0354 
         167  1 0.1101 0.1393 0.1642 0.1159 0.1401 0.1623 0.1407 0.0275 
         168  1 0.1397 0.1256 0.1449 0.1270 0.1220 0.1263 0.1041 0.1105 
         169  1 0.1249 0.1555 0.0805 0.0775 0.1606 0.1908 0.1843 0.0260 
         170  1 0.1286 0.1441 0.1408 0.1031 0.1493 0.1729 0.1460 0.0152 
         171  1 0.1309 0.1128 0.1842 0.1598 0.1172 0.1399 0.1352 0.0200 
         172  1 0.1220 0.1368 0.1889 0.1352 0.1352 0.1385 0.1223 0.0212 
         173  1 0.1555 0.1310 0.1378 0.1636 0.1178 0.1217 0.1342 0.0384 
         174  1 0.1216 0.1424 0.1626 0.1309 0.1388 0.1429 0.1309 0.0300 
         175  1 0.1223 0.1571 0.1067 0.0901 0.1466 0.1757 0.1725 0.0289 
         176  1 0.1172 0.1326 0.1581 0.1523 0.1286 0.1333 0.1360 0.0419 
         177  1 0.1141 0.1344 0.1330 0.1202 0.1371 0.1389 0.1289 0.0935 
         178  1 0.1411 0.1341 0.1294 0.1448 0.1402 0.1345 0.1479 0.0280 
         179  1 0.1548 0.1175 0.1237 0.1685 0.1395 0.1286 0.1451 0.0223 
         180  1 0.1156 0.1412 0.1184 0.1610 0.1503 0.1447 0.1619 0.0068 
         181  1 0.1278 0.1419 0.1387 0.1553 0.1389 0.1231 0.1275 0.0468 
         182  1 0.1218 0.1192 0.1082 0.1225 0.1211 0.1192 0.1158 0.1721 
         183  1 0.1237 0.1424 0.0894 0.0929 0.1531 0.1527 0.1615 0.0843 
         184  1 0.1281 0.1572 0.0891 0.1128 0.1354 0.1507 0.1813 0.0453 
         185  1 0.1239 0.1371 0.1379 0.1489 0.1392 0.1293 0.1323 0.0514 
         186  1 0.1416 0.1549 0.0875 0.1008 0.1419 0.1552 0.1945 0.0236 
         187  1 0.1373 0.1558 0.0771 0.0965 0.1510 0.1705 0.1949 0.0169 
         188  1 0.1360 0.1604 0.0818 0.1019 0.1460 0.1698 0.1856 0.0185 
         189  1 0.1348 0.1457 0.1522 0.1312 0.1419 0.1388 0.1270 0.0283 
         190  1 0.1363 0.1682 0.0750 0.0962 0.1339 0.1726 0.1894 0.0284 
         191  1 0.1218 0.1417 0.1958 0.1334 0.1370 0.1269 0.1227 0.0207 
         192  1 0.0705 0.0778 0.0646 0.0677 0.0801 0.0756 0.0728 0.4911 
         193  1 0.0809 0.0773 0.0720 0.0825 0.0858 0.0790 0.0879 0.4346 
         194  1 0.1192 0.1495 0.0811 0.0817 0.1389 0.1651 0.1643 0.1002 
         195  1 0.1278 0.1588 0.0859 0.1258 0.1420 0.1424 0.1660 0.0513 
         196  1 0.1354 0.1488 0.1238 0.1533 0.1459 0.1343 0.1412 0.0171 
         197  1 0.1188 0.1130 0.1675 0.1444 0.1255 0.1395 0.1223 0.0689 
         198  1 0.1398 0.1282 0.1679 0.1477 0.1299 0.1301 0.1355 0.0207 
         199  1 0.1406 0.1222 0.1406 0.1382 0.1301 0.1335 0.1224 0.0723 
         200  1 0.1389 0.1308 0.1213 0.1388 0.1442 0.1423 0.1379 0.0457 
         201  1 0.1180 0.1137 0.1488 0.1217 0.1316 0.1410 0.1187 0.1065 
         202  1 0.1034 0.1353 0.2138 0.1489 0.1458 0.1326 0.1116 0.0088 
         203  1 0.1825 0.1397 0.1034 0.1270 0.1216 0.1338 0.1406 0.0516 
         204  1 0.1476 0.1559 0.0890 0.1378 0.1502 0.1410 0.1649 0.0136 
         205  1 0.1313 0.1301 0.1666 0.1704 0.1334 0.1232 0.1330 0.0120 
         206  1 0.1268 0.1353 0.1629 0.1305 0.1424 0.1442 0.1329 0.0250 
         207  1 0.1230 0.1497 0.1131 0.1616 0.1504 0.1365 0.1452 0.0205 
         208  1 0.1343 0.1508 0.1245 0.1451 0.1511 0.1429 0.1392 0.0120 
         209  1 0.1301 0.1112 0.1049 0.1212 0.1098 0.1099 0.1169 0.1958 
         210  1 0.1344 0.1594 0.1125 0.1273 0.1646 0.1455 0.1346 0.0218 
         211  1 0.1388 0.1430 0.1402 0.1441 0.1279 0.1449 0.1336 0.0275 
         212  1 0.1273 0.1364 0.1244 0.1152 0.1379 0.1419 0.1414 0.0756 
         213  1 0.1698 0.1360 0.0928 0.1518 0.1265 0.1413 0.1473 0.0345 
         214  1 0.1515 0.1426 0.0998 0.1318 0.1634 0.1323 0.1339 0.0447 
         215  1 0.1406 0.1370 0.1225 0.1394 0.1373 0.1226 0.1571 0.0435 
         216  1 0.1197 0.1612 0.1151 0.0982 0.1489 0.1793 0.1440 0.0337 
         217  1 0.1602 0.1480 0.0943 0.1091 0.1694 0.1652 0.1281 0.0257 
         218  1 0.1425 0.1519 0.0995 0.1541 0.1456 0.1370 0.1518 0.0177 
         219  1 0.1507 0.1314 0.1479 0.1435 0.1458 0.1424 0.1252 0.0132 
         220  1 0.1377 0.1311 0.1204 0.1299 0.1347 0.1589 0.1378 0.0496 
         221  1 0.1152 0.1172 0.1570 0.1427 0.1390 0.1481 0.1263 0.0545 
         222  1 0.1384 0.1410 0.1273 0.1437 0.1239 0.1295 0.1236 0.0727 
         223  1 0.1090 0.1088 0.0897 0.1032 0.1207 0.1083 0.1041 0.2562 
         224  1 0.1304 0.1407 0.1656 0.1361 0.1383 0.1367 0.1202 0.0321 
         225  1 0.1343 0.1476 0.1778 0.1310 0.1430 0.1296 0.1167 0.0199 
         226  1 0.1282 0.1492 0.1865 0.1420 0.1278 0.1277 0.1196 0.0189 
         227  1 0.1456 0.1280 0.1094 0.1463 0.1131 0.1329 0.1515 0.0733 
         228  1 0.1282 0.1364 0.1169 0.1173 0.1577 0.1493 0.1590 0.0352 
         229  1 0.1515 0.1351 0.1467 0.1647 0.1299 0.1305 0.1272 0.0144 
         230  1 0.1629 0.1340 0.1141 0.1753 0.0974 0.1221 0.1612 0.0331 
         231  1 0.1179 0.1346 0.1863 0.1504 0.1326 0.1449 0.1201 0.0132 
         232  1 0.1402 0.1406 0.1324 0.1397 0.1443 0.1384 0.1468 0.0178 
         233  1 0.1401 0.1366 0.1563 0.1482 0.1309 0.1347 0.1151 0.0382 
         234  1 0.1388 0.1539 0.1054 0.1443 0.1506 0.1416 0.1449 0.0205 
         235  1 0.1137 0.1457 0.2354 0.1414 0.1210 0.1293 0.0990 0.0146 
         236  1 0.1517 0.1405 0.1192 0.1531 0.1485 0.1417 0.1306 0.0147 
         237  1 0.1279 0.1513 0.2232 0.1259 0.1152 0.1254 0.1056 0.0255 
         238  1 0.1395 0.1232 0.1411 0.1607 0.1269 0.1263 0.1347 0.0476 
         239  1 0.1033 0.1268 0.2412 0.1343 0.1309 0.1525 0.1040 0.0071 
         240  1 0.1217 0.1242 0.0977 0.1212 0.1289 0.1139 0.1256 0.1669 
         241  1 0.1379 0.1371 0.1426 0.1630 0.1365 0.1253 0.1396 0.0181 
         242  1 0.1529 0.1240 0.1437 0.1505 0.1228 0.1227 0.1393 0.0442 
         243  1 0.1170 0.1318 0.2015 0.1569 0.1278 0.1391 0.1084 0.0175 
         244  1 0.1406 0.1457 0.1277 0.1420 0.1439 0.1325 0.1292 0.0384 
         245  1 0.1060 0.1564 0.1657 0.1040 0.1364 0.1731 0.1407 0.0178 
         246  1 0.1259 0.1294 0.1950 0.1604 0.1277 0.1416 0.1107 0.0093 
         247  1 0.1225 0.1431 0.1345 0.1465 0.1312 0.1393 0.1203 0.0625 
         248  1 0.1241 0.1253 0.1346 0.1528 0.1333 0.1401 0.1347 0.0552 
         249  1 0.1234 0.1224 0.0989 0.1075 0.1247 0.1381 0.1532 0.1318 
         250  1 0.1784 0.1308 0.1152 0.1680 0.1117 0.1325 0.1423 0.0211 
         251  1 0.1674 0.1335 0.1107 0.1493 0.1306 0.1232 0.1612 0.0241 
         252  1 0.1523 0.1538 0.1447 0.1422 0.1276 0.1462 0.1223 0.0109 
         253  1 0.1132 0.1158 0.1094 0.1298 0.1243 0.1139 0.1273 0.1663 
         254  1 0.0501 0.0535 0.0320 0.0390 0.0550 0.0549 0.0574 0.6581 
         255  1 0.1225 0.1392 0.1423 0.1338 0.1402 0.1282 0.1321 0.0617 
         256  1 0.1578 0.1497 0.0750 0.1031 0.1239 0.1686 0.1993 0.0226 
         257  1 0.1358 0.1345 0.1178 0.1321 0.1304 0.1450 0.1396 0.0648 
         258  1 0.1314 0.1300 0.1793 0.1523 0.1368 0.1132 0.1240 0.0330 
         259  1 0.1488 0.1515 0.1356 0.1183 0.1535 0.1296 0.1279 0.0348 
         260  1 0.1516 0.1439 0.1619 0.1432 0.1281 0.1423 0.1213 0.0077 
         261  1 0.1339 0.1564 0.1020 0.1507 0.1491 0.1477 0.1457 0.0145 
         262  1 0.1403 0.1421 0.1134 0.1451 0.1488 0.1450 0.1482 0.0172 
         263  1 0.1349 0.1459 0.1360 0.1411 0.1308 0.1354 0.1269 0.0490 
         264  1 0.1330 0.1455 0.1819 0.1430 0.1276 0.1421 0.1111 0.0158 
         265  1 0.1259 0.1283 0.1210 0.1209 0.1256 0.1141 0.1191 0.1450 
         266  1 0.1126 0.1408 0.2152 0.1338 0.1285 0.1412 0.1060 0.0218 
         267  1 0.1309 0.1378 0.1343 0.1410 0.1534 0.1437 0.1357 0.0232 
         268  1 0.1785 0.1520 0.1176 0.1339 0.1296 0.1270 0.1390 0.0224 
         269  1 0.1281 0.1509 0.1387 0.1456 0.1312 0.1328 0.1278 0.0449 
         270  1 0.1035 0.1218 0.0618 0.0654 0.1324 0.1303 0.1468 0.2382 
         271  1 0.1645 0.1354 0.1239 0.1475 0.1279 0.1343 0.1450 0.0215 
         272  1 0.1202 0.1513 0.1249 0.1158 0.1358 0.1606 0.1719 0.0195 
         273  1 0.1499 0.1395 0.1289 0.1367 0.1530 0.1501 0.1300 0.0118 
         274  1 0.1024 0.1422 0.2335 0.1373 0.1213 0.1484 0.1022 0.0126 
         275  1 0.1616 0.1369 0.1273 0.1637 0.1152 0.1317 0.1355 0.0282 
         276  1 0.1538 0.1289 0.1379 0.1400 0.1282 0.1432 0.1480 0.0200 
         277  1 0.1175 0.1675 0.0868 0.0869 0.1460 0.1745 0.1594 0.0615 
         278  1 0.1495 0.1361 0.1076 0.1389 0.1528 0.1461 0.1211 0.0479 
         279  1 0.1640 0.1307 0.1345 0.1769 0.1334 0.1021 0.1494 0.0090 
         280  1 0.1286 0.1345 0.1936 0.1393 0.1264 0.1363 0.1231 0.0182 
         281  1 0.1305 0.1346 0.1164 0.1302 0.1223 0.1230 0.1426 0.1004 
         282  1 0.1257 0.1422 0.1749 0.1379 0.1456 0.1363 0.1177 0.0198 
         283  1 0.1364 0.1507 0.1038 0.1092 0.1601 0.1718 0.1575 0.0105 
         284  1 0.1262 0.1804 0.0745 0.1045 0.1581 0.1689 0.1727 0.0148 
         285  1 0.1381 0.1385 0.1761 0.1354 0.1365 0.1339 0.1132 0.0282 
         286  1 0.1236 0.1318 0.1288 0.1256 0.1128 0.1108 0.1206 0.1460 
         287  1 0.1079 0.1251 0.1764 0.1491 0.1442 0.1420 0.1325 0.0228 
         288  1 0.1404 0.1379 0.1303 0.1364 0.1540 0.1403 0.1446 0.0161 
         289  1 0.1357 0.1438 0.1159 0.1487 0.1528 0.1364 0.1404 0.0263 
         290  1 0.1353 0.1483 0.1334 0.1821 0.1242 0.1340 0.1254 0.0173 
         291  1 0.1381 0.1416 0.1026 0.1550 0.1537 0.1254 0.1486 0.0350 
         292  1 0.1336 0.1695 0.0757 0.0739 0.1360 0.1880 0.2016 0.0217 
         293  1 0.1483 0.1453 0.0916 0.1221 0.1849 0.1487 0.1372 0.0219 
         294  1 0.1480 0.1335 0.1363 0.1625 0.1293 0.1188 0.1539 0.0176 
         295  1 0.1417 0.1331 0.1148 0.1592 0.1628 0.1254 0.1347 0.0284 
         296  1 0.1572 0.1230 0.1181 0.1463 0.1032 0.1144 0.1416 0.0962 
         297  1 0.1269 0.1332 0.1917 0.1385 0.1313 0.1303 0.1176 0.0306 
         298  1 0.1308 0.1402 0.1640 0.1383 0.1356 0.1427 0.1372 0.0111 
         299  1 0.1412 0.1504 0.1112 0.1323 0.1453 0.1509 0.1365 0.0322 
         300  1 0.1098 0.1377 0.1341 0.1391 0.1224 0.1224 0.1269 0.1074 
         301  1 0.1260 0.1176 0.1131 0.1578 0.1070 0.0901 0.1125 0.1759 
         302  1 0.1266 0.1471 0.1213 0.1321 0.1418 0.1402 0.1571 0.0338 
         303  1 0.1178 0.1354 0.1731 0.1351 0.1308 0.1460 0.1272 0.0345 
         304  1 0.1079 0.1545 0.2398 0.1316 0.1166 0.1238 0.0946 0.0311 
         305  1 0.1154 0.1349 0.1656 0.1165 0.1480 0.1539 0.1435 0.0222 
         306  1 0.1500 0.1376 0.1232 0.1477 0.1187 0.1408 0.1406 0.0415 
         307  1 0.1029 0.1555 0.1413 0.1098 0.1588 0.1708 0.1445 0.0165 
         308  1 0.1166 0.1396 0.1833 0.1473 0.1226 0.1281 0.1300 0.0326 
         309  1 0.1298 0.1248 0.1943 0.1443 0.1263 0.1343 0.1146 0.0316 
         310  1 0.1054 0.1760 0.0553 0.0556 0.1690 0.2037 0.2134 0.0218 
         311  1 0.1273 0.1378 0.1568 0.1294 0.1398 0.1508 0.1346 0.0234 
         312  1 0.1351 0.1391 0.1599 0.1298 0.1561 0.1200 0.1280 0.0318 
         313  1 0.1285 0.1195 0.1784 0.1418 0.1310 0.1443 0.1375 0.0190 
         314  1 0.1048 0.1373 0.2327 0.1438 0.1216 0.1308 0.1057 0.0234 
         315  1 0.1388 0.1420 0.1218 0.1598 0.1363 0.1363 0.1503 0.0147 
         316  1 0.1143 0.1063 0.1105 0.1127 0.1046 0.1022 0.1054 0.2441 
         317  1 0.1159 0.1476 0.1345 0.1180 0.1365 0.1673 0.1534 0.0269 
         318  1 0.1518 0.1462 0.1328 0.1519 0.1336 0.1186 0.1464 0.0186 
         319  1 0.1713 0.1206 0.1453 0.1495 0.1380 0.1050 0.1472 0.0231 
         320  1 0.1506 0.1406 0.1431 0.1260 0.1536 0.1466 0.1172 0.0224 
         321  1 0.0982 0.0941 0.0995 0.0936 0.0966 0.0800 0.0920 0.3459 
         322  1 0.1254 0.1314 0.1216 0.1266 0.1631 0.1482 0.1440 0.0397 
         323  1 0.1175 0.1310 0.1713 0.1607 0.1247 0.1288 0.1344 0.0316 
         324  1 0.1303 0.1592 0.1195 0.1143 0.1482 0.1441 0.1563 0.0281 
         325  1 0.1441 0.1314 0.1466 0.1346 0.1382 0.1500 0.1425 0.0125 
         326  1 0.1545 0.1368 0.1267 0.1869 0.1092 0.1189 0.1536 0.0133 
         327  1 0.1505 0.1264 0.0978 0.1393 0.1190 0.1156 0.1504 0.1010 
         328  1 0.1226 0.1598 0.1347 0.1168 0.1499 0.1565 0.1505 0.0093 
         329  1 0.1351 0.1313 0.1261 0.1498 0.1694 0.1274 0.1344 0.0266 
         330  1 0.1300 0.1369 0.1252 0.1245 0.1329 0.1351 0.1285 0.0869 
         331  1 0.1233 0.1316 0.1563 0.1362 0.1287 0.1533 0.1364 0.0343 
         332  1 0.1379 0.1523 0.1181 0.1233 0.1517 0.1526 0.1511 0.0130 
         333  1 0.1562 0.1306 0.1294 0.1552 0.1505 0.1273 0.1344 0.0162 
         334  1 0.1293 0.1641 0.1032 0.1183 0.1428 0.1546 0.1676 0.0200 
         335  1 0.1285 0.1312 0.1096 0.1262 0.1304 0.1222 0.1243 0.1275 
         336  1 0.1439 0.1294 0.1440 0.1412 0.1150 0.1285 0.1408 0.0572 
         337  1 0.1153 0.1830 0.0575 0.0562 0.1696 0.1969 0.2126 0.0089 
         338  1 0.1497 0.1429 0.1283 0.1589 0.1363 0.1424 0.1284 0.0130 
         339  1 0.1010 0.1821 0.0543 0.0452 0.1684 0.2121 0.2160 0.0209 
         340  1 0.0986 0.1167 0.0810 0.0971 0.1113 0.1159 0.1084 0.2710 
         341  1 0.1216 0.1380 0.1298 0.1323 0.1316 0.1312 0.1397 0.0759 
         342  1 0.1335 0.1510 0.1330 0.1198 0.1498 0.1440 0.1465 0.0224 
         343  1 0.1748 0.1255 0.1242 0.1954 0.1003 0.1086 0.1528 0.0184 
         344  1 0.1704 0.1216 0.1221 0.1799 0.1161 0.1125 0.1427 0.0348 
         345  1 0.1509 0.1497 0.1231 0.1447 0.1362 0.1508 0.1298 0.0150 
         346  1 0.1351 0.1358 0.1706 0.1583 0.1472 0.1085 0.1205 0.0239 
         347  1 0.1756 0.1388 0.1190 0.1850 0.0999 0.1220 0.1417 0.0180 
         348  1 0.1244 0.1423 0.1372 0.1455 0.1461 0.1444 0.1229 0.0372 
         349  1 0.1300 0.1402 0.1348 0.1554 0.1410 0.1423 0.1217 0.0346 
         350  1 0.1289 0.1167 0.1194 0.1358 0.1170 0.1111 0.1326 0.1385 
         351  1 0.1499 0.1280 0.1375 0.1623 0.1381 0.1011 0.1344 0.0487 
         352  1 0.1485 0.1288 0.1576 0.1534 0.1338 0.1376 0.1273 0.0129 
         353  1 0.0920 0.0707 0.0565 0.0686 0.0683 0.0680 0.0678 0.5082 
         354  1 0.1321 0.1420 0.1690 0.1392 0.1396 0.1403 0.1192 0.0185 
         355  1 0.1524 0.1397 0.1082 0.1568 0.1507 0.1403 0.1371 0.0149 
         356  1 0.1404 0.1379 0.1251 0.1496 0.1356 0.1236 0.1448 0.0428 
         357  1 0.1576 0.1505 0.0990 0.1412 0.1397 0.1460 0.1405 0.0254 
         358  1 0.1310 0.1455 0.1067 0.1284 0.1588 0.1605 0.1492 0.0199 
         359  1 0.1357 0.1275 0.1261 0.1528 0.1329 0.1388 0.1301 0.0563 
         360  1 0.1568 0.1415 0.1075 0.1289 0.1410 0.1508 0.1390 0.0346 
         361  1 0.1376 0.1307 0.1415 0.1527 0.1465 0.1279 0.1380 0.0252 
         362  1 0.1334 0.1244 0.0988 0.1227 0.1314 0.1201 0.1302 0.1390 
         363  1 0.1335 0.1389 0.1163 0.1200 0.1277 0.1330 0.1422 0.0883 
         364  1 0.1542 0.1413 0.1085 0.1273 0.1345 0.1464 0.1484 0.0394 
         365  1 0.1286 0.1142 0.1145 0.1333 0.1133 0.1348 0.1357 0.1256 
         366  1 0.1536 0.1225 0.1371 0.1613 0.1302 0.1155 0.1294 0.0504 
         367  1 0.0539 0.0618 0.0513 0.0473 0.0531 0.0677 0.0676 0.5974 
         368  1 0.1487 0.1406 0.1278 0.1513 0.1310 0.1286 0.1521 0.0200 
         369  1 0.1111 0.1446 0.1743 0.1426 0.1316 0.1404 0.1358 0.0196 
         370  1 0.1796 0.1403 0.1059 0.1446 0.1277 0.1282 0.1326 0.0411 
         371  1 0.1423 0.1273 0.1561 0.1437 0.1129 0.1253 0.1185 0.0740 
         372  1 0.1179 0.1364 0.1873 0.1435 0.1320 0.1353 0.1220 0.0256 
         373  1 0.1511 0.1309 0.1167 0.1225 0.1422 0.1146 0.1189 0.1030 
         374  1 0.1420 0.1386 0.1117 0.1541 0.1547 0.1354 0.1270 0.0365 
         375  1 0.1569 0.1113 0.1186 0.1690 0.1363 0.1113 0.1273 0.0693 
         376  1 0.1349 0.1427 0.1080 0.1816 0.1338 0.1182 0.1233 0.0575 
         377  1 0.1485 0.1593 0.0912 0.1141 0.1779 0.1547 0.1317 0.0225 
         378  1 0.1567 0.1430 0.1208 0.1415 0.1215 0.1324 0.1655 0.0186 
         379  1 0.1427 0.1173 0.1432 0.1503 0.1413 0.1197 0.1355 0.0499 
         380  1 0.1526 0.1380 0.0949 0.1337 0.1551 0.1394 0.1417 0.0446 
         381  1 0.1451 0.1404 0.1506 0.1508 0.1313 0.1262 0.1300 0.0256 
         382  1 0.1378 0.1216 0.1695 0.1435 0.1405 0.1398 0.1271 0.0201 
         383  1 0.1349 0.1287 0.1355 0.1527 0.1385 0.1285 0.1464 0.0348 
         384  1 0.1351 0.1381 0.1638 0.1379 0.1472 0.1506 0.1174 0.0098 
         385  1 0.1247 0.1332 0.1300 0.1486 0.1285 0.1303 0.1369 0.0678 
         386  1 0.1253 0.1396 0.1455 0.1449 0.1483 0.1373 0.1437 0.0154 
         387  1 0.1362 0.1354 0.1024 0.1363 0.1369 0.1266 0.1461 0.0801 
         388  1 0.1217 0.1020 0.0756 0.0979 0.0959 0.1007 0.0885 0.3177 
         389  1 0.1139 0.0896 0.0839 0.1166 0.1095 0.0972 0.1069 0.2824 
         390  1 0.1197 0.1515 0.1451 0.1316 0.1390 0.1489 0.1397 0.0244 
         391  1 0.1516 0.1286 0.1342 0.1384 0.1300 0.1476 0.1433 0.0262 
         392  1 0.1304 0.1565 0.1085 0.1389 0.1258 0.1271 0.1413 0.0715 
         393  1 0.1525 0.1419 0.1367 0.1549 0.1367 0.1120 0.1399 0.0253 
         394  1 0.1931 0.1334 0.1165 0.1788 0.0951 0.1206 0.1296 0.0328 
         395  1 0.1207 0.1565 0.1177 0.1046 0.1314 0.1613 0.1567 0.0511 
         396  1 0.1204 0.1707 0.0629 0.0610 0.1624 0.1996 0.2077 0.0154 
         397  1 0.1343 0.1256 0.1028 0.1379 0.1203 0.1218 0.1273 0.1300 
         398  1 0.1429 0.1389 0.1485 0.1448 0.1521 0.1189 0.1407 0.0132 
         399  1 0.1372 0.1454 0.1533 0.1726 0.1234 0.1315 0.1262 0.0104 
         400  1 0.1288 0.1429 0.1130 0.1191 0.1363 0.1468 0.1545 0.0585 
         401  1 0.1584 0.1174 0.0927 0.1392 0.1153 0.1094 0.1242 0.1433 
         402  1 0.1257 0.1520 0.1172 0.0946 0.1259 0.1741 0.1850 0.0254 
         403  1 0.1372 0.1334 0.0815 0.1191 0.1039 0.1142 0.1287 0.1819 
         404  1 0.1223 0.1381 0.2003 0.1355 0.1302 0.1313 0.1130 0.0294 
         405  1 0.1469 0.1502 0.1027 0.1423 0.1579 0.1447 0.1397 0.0156 
         406  1 0.0898 0.0861 0.0693 0.0877 0.0783 0.0836 0.0835 0.4218 
         407  1 0.1354 0.1170 0.1190 0.1363 0.1157 0.1143 0.1153 0.1470 
         408  1 0.1457 0.1179 0.1753 0.1582 0.1384 0.1158 0.1342 0.0145 
         409  1 0.1397 0.1315 0.1115 0.1310 0.1395 0.1508 0.1574 0.0386 
         410  1 0.1159 0.1165 0.1036 0.1270 0.1281 0.1122 0.1220 0.1748 
         411  1 0.1328 0.1266 0.1537 0.1644 0.1475 0.1250 0.1286 0.0216 
         412  1 0.1350 0.1546 0.1035 0.1626 0.1303 0.1291 0.1584 0.0265 
         413  1 0.1335 0.1276 0.1547 0.1487 0.1389 0.1506 0.1346 0.0114 
         414  1 0.1311 0.1390 0.0987 0.1022 0.1339 0.1493 0.1487 0.0972 
         415  1 0.1694 0.1312 0.1282 0.1755 0.1133 0.1208 0.1405 0.0212 
         416  1 0.1543 0.1258 0.1187 0.1565 0.1608 0.1304 0.1397 0.0139 
         417  1 0.1740 0.1383 0.1064 0.1345 0.1137 0.1564 0.1355 0.0413 
         418  1 0.1382 0.1421 0.1648 0.1419 0.1381 0.1337 0.1260 0.0152 
         419  1 0.1736 0.1305 0.1205 0.1395 0.1259 0.1482 0.1284 0.0335 
         420  1 0.1006 0.0966 0.0860 0.1029 0.0941 0.0862 0.0953 0.3383 
         421  1 0.1143 0.1557 0.1365 0.1094 0.1448 0.1522 0.1631 0.0240 
         422  1 0.1176 0.1265 0.2020 0.1495 0.1369 0.1328 0.1234 0.0114 
         423  1 0.1712 0.1510 0.1195 0.1540 0.1422 0.1288 0.1164 0.0169 
         424  1 0.1465 0.1274 0.1208 0.1469 0.1094 0.1460 0.1239 0.0791 
         425  1 0.1614 0.1290 0.1172 0.1186 0.1147 0.1482 0.1404 0.0704 
         426  1 0.1304 0.1387 0.1398 0.1473 0.1367 0.1226 0.1468 0.0377 
         427  1 0.1644 0.1244 0.1455 0.1567 0.1205 0.1299 0.1458 0.0129 
         428  1 0.1383 0.1678 0.0667 0.0813 0.1290 0.1850 0.2124 0.0194 
         429  1 0.1104 0.1005 0.0977 0.1122 0.1002 0.0872 0.0982 0.2936 
         430  1 0.1280 0.1325 0.1397 0.1338 0.1349 0.1475 0.1604 0.0232 
         431  1 0.1370 0.1358 0.1542 0.1612 0.1335 0.1257 0.1355 0.0170 
         432  1 0.1509 0.1468 0.1132 0.1260 0.1665 0.1545 0.1302 0.0119 
         433  1 0.1508 0.1440 0.1278 0.1362 0.1638 0.1318 0.1344 0.0111 
         434  1 0.1421 0.1430 0.1049 0.1439 0.1547 0.1490 0.1382 0.0243 
         435  1 0.1469 0.1382 0.1115 0.1310 0.1335 0.1520 0.1405 0.0465 
         436  1 0.1358 0.1477 0.1114 0.1154 0.1336 0.1535 0.1739 0.0286 
         437  1 0.1626 0.1332 0.1256 0.1623 0.1431 0.1148 0.1396 0.0188 
         438  1 0.1456 0.1321 0.1467 0.1636 0.1290 0.1231 0.1337 0.0262 
         439  1 0.1284 0.1673 0.0639 0.0804 0.1502 0.1725 0.1902 0.0471 
         440  1 0.1101 0.1311 0.2219 0.1448 0.1247 0.1468 0.1074 0.0132 
         441  1 0.1618 0.1342 0.1110 0.1655 0.1077 0.1132 0.1359 0.0707 
         442  1 0.1529 0.1353 0.0979 0.1291 0.1200 0.1203 0.1186 0.1259 
         443  1 0.1819 0.1264 0.1190 0.1652 0.1418 0.1182 0.1330 0.0144 
         444  1 0.1405 0.1275 0.1422 0.1623 0.1487 0.1322 0.1372 0.0095 
         445  1 0.1375 0.1443 0.1245 0.1361 0.1466 0.1383 0.1462 0.0266 
         446  1 0.1295 0.1330 0.1704 0.1696 0.1264 0.1233 0.1168 0.0310 
         447  1 0.1423 0.1129 0.1105 0.1179 0.0951 0.1131 0.1105 0.1977 
         448  1 0.1333 0.1439 0.1216 0.1301 0.1400 0.1370 0.1709 0.0233 
         449  1 0.0975 0.1143 0.2315 0.1461 0.1356 0.1382 0.1207 0.0161 
         450  1 0.0996 0.1126 0.1506 0.0996 0.1126 0.1011 0.0929 0.2310 
         451  1 0.0975 0.1108 0.0845 0.0920 0.1003 0.1060 0.1239 0.2851 
         452  1 0.1347 0.1267 0.2043 0.1566 0.1246 0.1272 0.1108 0.0150 
         453  1 0.1399 0.1579 0.0867 0.1029 0.1293 0.1705 0.1801 0.0326 
         454  1 0.1505 0.1375 0.1334 0.1436 0.1266 0.1314 0.1473 0.0297 
         455  1 0.1019 0.1456 0.2398 0.1348 0.1219 0.1327 0.0916 0.0317 
         456  1 0.1389 0.1288 0.1346 0.1319 0.1491 0.1440 0.1424 0.0302 
         457  1 0.1190 0.1570 0.1700 0.1259 0.1394 0.1394 0.1353 0.0140 
         458  1 0.1198 0.1300 0.1617 0.1548 0.1367 0.1488 0.1281 0.0201 
         459  1 0.1295 0.1130 0.1300 0.1352 0.1172 0.1214 0.1246 0.1292 
         460  1 0.0951 0.0991 0.0872 0.1011 0.1047 0.0986 0.1099 0.3041 
         461  1 0.1187 0.1312 0.1660 0.1494 0.1329 0.1277 0.1303 0.0438 
         462  1 0.1517 0.1311 0.1401 0.1284 0.1401 0.1499 0.1431 0.0157 
         463  1 0.1239 0.1313 0.1975 0.1339 0.1370 0.1386 0.1218 0.0160 
         464  1 0.1276 0.1485 0.1536 0.1571 0.1425 0.1250 0.1249 0.0207 
         465  1 0.1433 0.1329 0.1302 0.1345 0.1353 0.1279 0.1450 0.0508 
         466  1 0.1322 0.1153 0.1137 0.1279 0.1137 0.1225 0.1216 0.1532 
         467  1 0.1441 0.1399 0.1195 0.1676 0.1507 0.1255 0.1349 0.0177 
         468  1 0.1264 0.1434 0.1561 0.1421 0.1462 0.1273 0.1317 0.0268 
         469  1 0.1381 0.1541 0.1303 0.1473 0.1370 0.1380 0.1439 0.0114 
         470  1 0.1205 0.1312 0.1455 0.1407 0.1197 0.1141 0.1166 0.1116 
         471  1 0.1268 0.1266 0.1220 0.1370 0.1344 0.1340 0.1280 0.0910 
         472  1 0.1318 0.1202 0.1610 0.1426 0.1435 0.1254 0.1258 0.0498 
         473  1 0.1420 0.1300 0.1193 0.1436 0.1694 0.1531 0.1256 0.0170 
         474  1 0.1340 0.1506 0.1341 0.1311 0.1464 0.1380 0.1291 0.0368 
         475  1 0.1559 0.1461 0.1437 0.1336 0.1436 0.1519 0.1163 0.0089 
         476  1 0.1103 0.0958 0.1017 0.1139 0.1033 0.1145 0.1034 0.2571 
         477  1 0.1284 0.1454 0.1352 0.1312 0.1328 0.1279 0.1283 0.0708 
         478  1 0.1273 0.1134 0.1581 0.1442 0.1389 0.1514 0.1219 0.0447 
         479  1 0.1621 0.1398 0.1466 0.1316 0.1290 0.1344 0.1210 0.0356 
         480  1 0.1592 0.1342 0.1202 0.1280 0.1360 0.1500 0.1257 0.0467 
         481  1 0.1288 0.1326 0.1423 0.1279 0.1209 0.1260 0.1331 0.0884 
         482  1 0.1064 0.1289 0.1425 0.1013 0.1181 0.1245 0.1201 0.1582 
         483  1 0.1268 0.1413 0.1155 0.1156 0.1520 0.1600 0.1753 0.0135 
         484  1 0.1303 0.1362 0.1037 0.1134 0.1366 0.1474 0.1540 0.0784 
         485  1 0.1258 0.1171 0.1327 0.1051 0.1145 0.1391 0.1262 0.1396 
         486  1 0.1313 0.1326 0.1200 0.1485 0.1367 0.1204 0.1258 0.0847 
         487  1 0.1654 0.1372 0.1238 0.1382 0.1109 0.1402 0.1572 0.0272 
         488  1 0.1532 0.1088 0.1140 0.1442 0.1141 0.1092 0.1478 0.1088 
         489  1 0.1247 0.1371 0.1678 0.1447 0.1370 0.1294 0.1387 0.0205 
         490  1 0.1570 0.1464 0.1007 0.1374 0.1492 0.1270 0.1385 0.0439 
         491  1 0.1254 0.1294 0.1511 0.1331 0.1368 0.1427 0.1395 0.0419 
         492  1 0.1356 0.1270 0.1127 0.1405 0.1349 0.1430 0.1447 0.0615 
         493  1 0.1269 0.1504 0.1605 0.1180 0.1531 0.1522 0.1264 0.0126 
         494  1 0.1508 0.1250 0.1233 0.1813 0.1312 0.1275 0.1436 0.0173 
         495  1 0.1365 0.1404 0.0984 0.1167 0.1642 0.1557 0.1492 0.0389 
         496  1 0.1248 0.1455 0.0937 0.0977 0.1648 0.1602 0.1447 0.0687 
         497  1 0.1421 0.1401 0.1747 0.1418 0.1275 0.1228 0.1271 0.0240 
         498  1 0.1018 0.1422 0.2168 0.1295 0.1306 0.1492 0.1143 0.0156 
         499  1 0.1094 0.1181 0.1028 0.1268 0.1135 0.0975 0.1072 0.2248 
         500  1 0.1393 0.1395 0.1710 0.1345 0.1375 0.1453 0.1178 0.0152 
         501  1 0.1209 0.1354 0.1431 0.1052 0.1347 0.1342 0.0960 0.1306 
         502  1 0.1428 0.1348 0.1446 0.1430 0.1343 0.1347 0.1427 0.0231 
         503  1 0.1146 0.1548 0.1517 0.1051 0.1461 0.1653 0.1464 0.0160 
         504  1 0.0917 0.1418 0.2472 0.1250 0.1341 0.1513 0.1012 0.0078 
         505  1 0.0761 0.0762 0.0695 0.0802 0.0788 0.0714 0.0774 0.4704 
         506  1 0.1196 0.0871 0.0741 0.0957 0.0787 0.0921 0.1056 0.3471 
         507  1 0.1411 0.1170 0.1141 0.1388 0.1196 0.1312 0.1518 0.0864 
         508  1 0.1196 0.1414 0.1753 0.1306 0.1326 0.1463 0.1307 0.0236 
         509  1 0.0906 0.0918 0.1200 0.0822 0.0807 0.0847 0.0740 0.3761 
         510  1 0.1339 0.1430 0.1367 0.1351 0.1371 0.1350 0.1290 0.0502 
         511  1 0.1415 0.1495 0.1024 0.1350 0.1478 0.1565 0.1458 0.0214 
         512  1 0.1203 0.1297 0.0932 0.0954 0.1547 0.1437 0.1146 0.1484 
         513  1 0.1286 0.1307 0.1927 0.1482 0.1268 0.1230 0.1134 0.0366 
         514  1 0.1075 0.1174 0.1181 0.1072 0.1065 0.1115 0.1141 0.2177 
         515  1 0.1541 0.1295 0.1098 0.1413 0.1237 0.1134 0.1480 0.0802 
         516  1 0.1417 0.1164 0.1026 0.1387 0.1058 0.1242 0.1326 0.1380 
         517  1 0.1574 0.1165 0.1605 0.1672 0.1314 0.1169 0.1276 0.0226 
         518  1 0.1998 0.1140 0.1143 0.1515 0.1455 0.1035 0.1391 0.0323 
         519  1 0.1658 0.1435 0.1317 0.1537 0.1523 0.1158 0.1282 0.0090 
         520  1 0.1343 0.1264 0.1636 0.1628 0.1357 0.1022 0.1298 0.0452 
         521  1 0.1638 0.1247 0.1292 0.1627 0.1277 0.1167 0.1378 0.0374 
         522  1 0.1057 0.0988 0.0990 0.1157 0.0994 0.1072 0.1230 0.2512 
         523  1 0.1189 0.1556 0.2126 0.1382 0.1311 0.1231 0.1052 0.0154 
         524  1 0.1502 0.1254 0.1152 0.1696 0.1389 0.1018 0.1338 0.0651 
         525  1 0.1258 0.1282 0.0861 0.1180 0.1519 0.1468 0.1120 0.1314 
         526  1 0.1330 0.1387 0.1814 0.1291 0.1446 0.1393 0.1216 0.0123 
         527  1 0.1051 0.1021 0.1447 0.1205 0.1031 0.1125 0.1078 0.2042 
         528  1 0.1099 0.1321 0.1223 0.1047 0.1374 0.1469 0.1361 0.1106 
         529  1 0.1366 0.1535 0.1137 0.1455 0.1287 0.1285 0.1623 0.0312 
         530  1 0.1191 0.1284 0.1527 0.1434 0.1193 0.1219 0.1338 0.0814 
         531  1 0.1230 0.1332 0.1427 0.1523 0.1380 0.1385 0.1230 0.0491 
         532  1 0.1415 0.1409 0.1377 0.1383 0.1466 0.1333 0.1292 0.0325 
         533  1 0.1463 0.1403 0.1145 0.1416 0.1403 0.1280 0.1626 0.0263 
         534  1 0.0949 0.1190 0.2383 0.1479 0.1242 0.1427 0.1071 0.0260 
         535  1 0.1309 0.1361 0.1470 0.1330 0.1380 0.1392 0.1262 0.0496 
         536  1 0.1439 0.1389 0.1479 0.1292 0.1322 0.1344 0.1088 0.0649 
         537  1 0.1590 0.1235 0.0949 0.1640 0.1397 0.1130 0.1521 0.0538 
         538  1 0.0920 0.0883 0.0762 0.0972 0.0864 0.0843 0.0869 0.3887 
         539  1 0.1123 0.1232 0.1504 0.1276 0.1241 0.1179 0.1116 0.1329 
         540  1 0.1272 0.1532 0.1943 0.1381 0.1309 0.1247 0.1087 0.0228 
         541  1 0.1136 0.1534 0.2102 0.1423 0.1239 0.1352 0.1055 0.0158 
         542  1 0.1316 0.1441 0.1279 0.1330 0.1532 0.1358 0.1587 0.0155 
         543  1 0.1080 0.1238 0.2352 0.1468 0.1201 0.1504 0.1032 0.0125 
         544  1 0.1545 0.1419 0.1299 0.1406 0.1253 0.1376 0.1490 0.0212 
         545  1 0.1235 0.1393 0.1625 0.1370 0.1358 0.1415 0.1335 0.0270 
         546  1 0.1189 0.1243 0.2202 0.1457 0.1260 0.1534 0.1018 0.0098 
         547  1 0.1481 0.1536 0.1254 0.1623 0.1274 0.1271 0.1181 0.0380 
