           1  1 0.1278 0.1323 0.1376 0.1232 0.1561 0.1955 0.1275 
           2  1 0.1854 0.1227 0.1515 0.1487 0.1721 0.1747 0.0449 
           3  1 0.1448 0.1478 0.1520 0.1464 0.1883 0.1948 0.0260 
           4  1 0.1442 0.1347 0.1561 0.1530 0.1499 0.1687 0.0933 
           5  1 0.1574 0.1527 0.1722 0.1436 0.1709 0.1874 0.0157 
           6  1 0.2009 0.1288 0.1649 0.1459 0.1610 0.1464 0.0522 
           7  1 0.1468 0.1553 0.1890 0.1471 0.1529 0.1953 0.0135 
           8  1 0.0742 0.0977 0.0920 0.0936 0.0831 0.0847 0.4746 
           9  1 0.1646 0.1454 0.1778 0.1673 0.1667 0.1676 0.0106 
          10  1 0.1381 0.1426 0.1511 0.1662 0.1664 0.2117 0.0239 
          11  1 0.1640 0.1350 0.1751 0.1516 0.1687 0.1912 0.0144 
          12  1 0.1578 0.1389 0.1839 0.1569 0.1693 0.1692 0.0240 
          13  1 0.1816 0.1554 0.1569 0.1577 0.1651 0.1584 0.0247 
          14  1 0.1563 0.1326 0.1535 0.1657 0.1918 0.1794 0.0206 
          15  1 0.1637 0.1372 0.1426 0.1593 0.1765 0.1686 0.0522 
          16  1 0.1648 0.1137 0.1602 0.1353 0.1685 0.2359 0.0217 
          17  1 0.1686 0.1772 0.1316 0.1955 0.1718 0.1360 0.0193 
          18  1 0.1472 0.1063 0.1179 0.1342 0.1320 0.1291 0.2333 
          19  1 0.1306 0.1388 0.1760 0.1555 0.1622 0.1808 0.0560 
          20  1 0.1395 0.1478 0.1797 0.1503 0.1543 0.2136 0.0148 
          21  1 0.1502 0.1470 0.1395 0.1801 0.1842 0.1780 0.0209 
          22  1 0.1677 0.1652 0.1469 0.1962 0.1672 0.1445 0.0123 
          23  1 0.1535 0.1358 0.1388 0.1615 0.1710 0.1716 0.0678 
          24  1 0.1726 0.1311 0.1635 0.1522 0.1737 0.1693 0.0377 
          25  1 0.1657 0.1599 0.1790 0.1653 0.1553 0.1551 0.0197 
          26  1 0.1482 0.1449 0.1701 0.1540 0.1795 0.1836 0.0196 
          27  1 0.1578 0.1518 0.1746 0.1454 0.1617 0.1813 0.0274 
          28  1 0.1888 0.1346 0.1344 0.1622 0.1719 0.1824 0.0257 
          29  1 0.1998 0.1232 0.1372 0.1576 0.2094 0.1616 0.0113 
          30  1 0.1491 0.1561 0.1473 0.1729 0.1809 0.1694 0.0243 
          31  1 0.1491 0.1732 0.1373 0.1660 0.1532 0.1628 0.0584 
          32  1 0.1825 0.1101 0.1789 0.1716 0.1651 0.1757 0.0160 
          33  1 0.1904 0.1281 0.1497 0.1513 0.1842 0.1492 0.0471 
          34  1 0.1456 0.1720 0.1647 0.1766 0.1633 0.1465 0.0312 
          35  1 0.1664 0.1801 0.1510 0.1791 0.1531 0.1465 0.0238 
          36  1 0.1732 0.1306 0.1527 0.1666 0.1963 0.1673 0.0132 
          37  1 0.1804 0.1724 0.1703 0.1289 0.1676 0.1663 0.0141 
          38  1 0.1734 0.1493 0.1813 0.1581 0.1667 0.1575 0.0137 
          39  1 0.1493 0.1534 0.1531 0.1686 0.1815 0.1623 0.0318 
          40  1 0.1152 0.1533 0.1373 0.1582 0.1297 0.1128 0.1935 
          41  1 0.1406 0.1645 0.1422 0.1562 0.1636 0.2106 0.0222 
          42  1 0.1845 0.1436 0.1543 0.1539 0.1718 0.1792 0.0126 
          43  1 0.1439 0.1598 0.1833 0.1383 0.1612 0.1756 0.0379 
          44  1 0.1417 0.1356 0.1535 0.1628 0.1855 0.1986 0.0222 
          45  1 0.1808 0.1417 0.1331 0.1735 0.2034 0.1545 0.0130 
          46  1 0.1951 0.1164 0.1619 0.1636 0.1717 0.1642 0.0271 
          47  1 0.1563 0.1481 0.1697 0.1549 0.1751 0.1671 0.0288 
          48  1 0.1548 0.1463 0.1503 0.1587 0.1578 0.1385 0.0935 
          49  1 0.1599 0.1464 0.1687 0.1564 0.1867 0.1599 0.0219 
          50  1 0.1976 0.1348 0.1397 0.1660 0.2032 0.1486 0.0101 
          51  1 0.1812 0.1483 0.1471 0.1561 0.1641 0.1682 0.0350 
          52  1 0.1531 0.1562 0.1522 0.1399 0.1683 0.2141 0.0163 
          53  1 0.1530 0.1380 0.1594 0.1858 0.1837 0.1629 0.0171 
          54  1 0.1514 0.1307 0.1925 0.1343 0.1648 0.1566 0.0697 
          55  1 0.1275 0.0955 0.1124 0.1082 0.1274 0.1177 0.3112 
          56  1 0.1235 0.1432 0.1897 0.1467 0.1545 0.2188 0.0236 
          57  1 0.2253 0.1150 0.1691 0.1471 0.1836 0.1516 0.0084 
          58  1 0.2163 0.1357 0.1709 0.1297 0.1689 0.1582 0.0202 
          59  1 0.2207 0.1219 0.1444 0.1456 0.1984 0.1601 0.0089 
          60  1 0.1789 0.1498 0.1773 0.1536 0.1630 0.1638 0.0135 
          61  1 0.1425 0.1042 0.1583 0.1382 0.1517 0.1636 0.1415 
          62  1 0.1974 0.1256 0.1564 0.1583 0.2011 0.1524 0.0089 
          63  1 0.1885 0.1415 0.1727 0.1620 0.1577 0.1486 0.0291 
          64  1 0.1694 0.1553 0.1340 0.1613 0.1786 0.1834 0.0180 
          65  1 0.1738 0.1855 0.1665 0.1534 0.1537 0.1426 0.0245 
          66  1 0.1613 0.1429 0.1615 0.1658 0.1752 0.1686 0.0247 
          67  1 0.1964 0.1366 0.1616 0.1674 0.1687 0.1553 0.0142 
          68  1 0.1808 0.1428 0.1517 0.1610 0.1843 0.1653 0.0142 
          69  1 0.1987 0.1714 0.1460 0.1408 0.1633 0.1404 0.0395 
          70  1 0.1489 0.2302 0.1595 0.2046 0.1291 0.0907 0.0370 
          71  1 0.1157 0.1215 0.1174 0.1363 0.1363 0.1594 0.2134 
          72  1 0.2046 0.1197 0.1383 0.1555 0.1962 0.1734 0.0124 
          73  1 0.1492 0.1456 0.1493 0.1637 0.1657 0.1726 0.0538 
          74  1 0.1598 0.1451 0.1458 0.1531 0.1641 0.1772 0.0548 
          75  1 0.1717 0.1375 0.1735 0.1576 0.1717 0.1660 0.0220 
          76  1 0.1406 0.1676 0.1397 0.1536 0.1528 0.1618 0.0839 
          77  1 0.1595 0.1652 0.1600 0.1509 0.1497 0.1494 0.0652 
          78  1 0.1633 0.1794 0.1532 0.1429 0.1616 0.1685 0.0310 
          79  1 0.1503 0.1531 0.1955 0.1401 0.1466 0.2034 0.0110 
          80  1 0.1604 0.1216 0.1626 0.1413 0.1551 0.1512 0.1079 
          81  1 0.1429 0.1578 0.1570 0.1449 0.1443 0.1504 0.1029 
          82  1 0.1769 0.1701 0.1484 0.1567 0.1675 0.1551 0.0253 
          83  1 0.1555 0.1750 0.1376 0.1595 0.1624 0.1608 0.0491 
          84  1 0.1580 0.1844 0.1439 0.1753 0.1542 0.1370 0.0472 
          85  1 0.1940 0.1215 0.1646 0.1570 0.1910 0.1464 0.0255 
          86  1 0.1269 0.1233 0.1347 0.1495 0.1334 0.1517 0.1806 
          87  1 0.1613 0.1445 0.1454 0.1721 0.1759 0.1840 0.0167 
          88  1 0.1920 0.1406 0.1497 0.1397 0.1785 0.1580 0.0415 
          89  1 0.1453 0.1623 0.1683 0.1651 0.1490 0.1715 0.0385 
          90  1 0.1339 0.1293 0.1218 0.1425 0.1449 0.1485 0.1792 
          91  1 0.1502 0.1537 0.1649 0.1671 0.1606 0.1546 0.0488 
          92  1 0.1629 0.1442 0.1396 0.1597 0.1888 0.1676 0.0373 
          93  1 0.1665 0.1457 0.1490 0.1595 0.1722 0.1734 0.0337 
          94  1 0.1173 0.1290 0.1398 0.1190 0.1312 0.1571 0.2067 
          95  1 0.1863 0.1323 0.1354 0.1556 0.1949 0.1642 0.0313 
          96  1 0.1319 0.1234 0.1576 0.1496 0.1709 0.2214 0.0451 
          97  1 0.1581 0.1398 0.1818 0.1544 0.1745 0.1754 0.0159 
          98  1 0.1625 0.2131 0.1396 0.1931 0.1534 0.1211 0.0171 
          99  1 0.1586 0.1745 0.1664 0.1601 0.1487 0.1758 0.0161 
         100  1 0.1861 0.1688 0.1735 0.1374 0.1691 0.1401 0.0250 
         101  1 0.1770 0.1874 0.1587 0.1336 0.1491 0.1379 0.0564 
         102  1 0.2159 0.1159 0.1610 0.1556 0.1860 0.1481 0.0174 
         103  1 0.1508 0.1546 0.1236 0.1233 0.1375 0.1272 0.1829 
         104  1 0.1778 0.1926 0.1575 0.1691 0.1462 0.1330 0.0237 
         105  1 0.1600 0.1419 0.1586 0.1613 0.1636 0.1837 0.0309 
         106  1 0.1396 0.2186 0.1647 0.1619 0.1323 0.1449 0.0379 
         107  1 0.1963 0.1769 0.1531 0.1429 0.1672 0.1343 0.0294 
         108  1 0.1979 0.1114 0.1580 0.1498 0.1790 0.1702 0.0337 
         109  1 0.1442 0.1500 0.1818 0.1661 0.1593 0.1625 0.0360 
         110  1 0.1456 0.1520 0.1897 0.1588 0.1495 0.1787 0.0256 
         111  1 0.1724 0.1784 0.1584 0.1673 0.1415 0.1456 0.0364 
         112  1 0.1903 0.1793 0.1620 0.1396 0.1555 0.1445 0.0288 
         113  1 0.1636 0.1420 0.1473 0.1682 0.1836 0.1791 0.0162 
         114  1 0.1451 0.1299 0.1557 0.1341 0.1680 0.2074 0.0599 
         115  1 0.1698 0.1477 0.1736 0.1528 0.1553 0.1590 0.0419 
         116  1 0.1782 0.1575 0.1590 0.1766 0.1649 0.1482 0.0157 
         117  1 0.1238 0.1504 0.1664 0.1530 0.1642 0.2076 0.0346 
         118  1 0.1549 0.1569 0.1782 0.1434 0.1458 0.1768 0.0439 
         119  1 0.1464 0.2336 0.1576 0.2046 0.1348 0.0958 0.0272 
         120  1 0.1334 0.1373 0.1393 0.1313 0.1423 0.1349 0.1816 
         121  1 0.1313 0.1632 0.1743 0.1516 0.1657 0.1755 0.0384 
         122  1 0.1699 0.2007 0.1717 0.1867 0.1327 0.1078 0.0305 
         123  1 0.1774 0.1661 0.1436 0.1688 0.1623 0.1653 0.0165 
         124  1 0.1893 0.1374 0.1710 0.1525 0.1694 0.1617 0.0186 
         125  1 0.1338 0.2092 0.1609 0.1855 0.1327 0.1208 0.0571 
         126  1 0.1977 0.1324 0.1604 0.1582 0.1962 0.1397 0.0154 
         127  1 0.1690 0.1385 0.1495 0.1676 0.1801 0.1674 0.0279 
         128  1 0.1764 0.2043 0.1689 0.1519 0.1433 0.1367 0.0185 
         129  1 0.1115 0.1242 0.1345 0.1335 0.1271 0.1491 0.2200 
         130  1 0.1333 0.1943 0.1431 0.1780 0.1393 0.1453 0.0667 
         131  1 0.1547 0.1307 0.1663 0.1680 0.1780 0.1709 0.0313 
         132  1 0.1688 0.1656 0.1478 0.1489 0.1654 0.1851 0.0185 
         133  1 0.1362 0.1898 0.1780 0.1769 0.1375 0.1653 0.0163 
         134  1 0.1445 0.1135 0.1731 0.1604 0.1664 0.2084 0.0338 
         135  1 0.0690 0.0792 0.0887 0.0811 0.0761 0.0882 0.5177 
         136  1 0.1809 0.1617 0.1555 0.1691 0.1545 0.1423 0.0360 
         137  1 0.1213 0.1447 0.1431 0.1282 0.1420 0.1610 0.1598 
         138  1 0.1767 0.1514 0.1687 0.1500 0.1694 0.1608 0.0230 
         139  1 0.1550 0.1672 0.1751 0.1628 0.1488 0.1636 0.0275 
         140  1 0.1176 0.1335 0.1705 0.1561 0.1813 0.1979 0.0432 
         141  1 0.1336 0.1212 0.1688 0.1625 0.1587 0.1787 0.0765 
         142  1 0.1706 0.1822 0.1373 0.1647 0.1453 0.1431 0.0567 
         143  1 0.1540 0.1558 0.1856 0.1415 0.1607 0.1584 0.0441 
         144  1 0.2055 0.1527 0.1424 0.1433 0.1811 0.1571 0.0179 
         145  1 0.2216 0.1168 0.1683 0.1629 0.1826 0.1342 0.0135 
         146  1 0.1709 0.1636 0.1674 0.1368 0.1685 0.1478 0.0450 
         147  1 0.1879 0.1293 0.1697 0.1497 0.1861 0.1596 0.0178 
         148  1 0.1693 0.1910 0.1446 0.1473 0.1615 0.1687 0.0175 
         149  1 0.1293 0.1631 0.1657 0.1577 0.1652 0.1830 0.0359 
         150  1 0.1592 0.1696 0.1403 0.1293 0.1494 0.1427 0.1095 
         151  1 0.1603 0.1631 0.1571 0.1605 0.1487 0.1664 0.0438 
         152  1 0.1651 0.1615 0.1566 0.1586 0.1653 0.1550 0.0380 
         153  1 0.1327 0.1457 0.1792 0.1419 0.1663 0.2050 0.0293 
         154  1 0.1644 0.2364 0.1584 0.2144 0.1246 0.0879 0.0140 
         155  1 0.1531 0.1598 0.1511 0.1673 0.1610 0.1626 0.0452 
         156  1 0.1269 0.1307 0.1830 0.1614 0.1692 0.1926 0.0362 
         157  1 0.1629 0.1529 0.1640 0.1573 0.1676 0.1669 0.0286 
         158  1 0.1308 0.1434 0.1308 0.1491 0.1479 0.1849 0.1130 
         159  1 0.1721 0.1330 0.1575 0.1555 0.1915 0.1584 0.0320 
         160  1 0.1668 0.1801 0.1601 0.1759 0.1543 0.1391 0.0238 
         161  1 0.1141 0.1569 0.1392 0.1608 0.1412 0.1340 0.1537 
         162  1 0.1487 0.1825 0.1716 0.1494 0.1558 0.1656 0.0263 
         163  1 0.1446 0.1543 0.1595 0.1488 0.1586 0.1715 0.0627 
         164  1 0.1807 0.1745 0.1509 0.1686 0.1518 0.1392 0.0343 
         165  1 0.1515 0.1442 0.1766 0.1730 0.1629 0.1686 0.0231 
         166  1 0.1446 0.1524 0.1620 0.1550 0.1705 0.1766 0.0388 
         167  1 0.1793 0.1861 0.1611 0.1782 0.1478 0.1198 0.0279 
         168  1 0.1528 0.1234 0.1551 0.1265 0.1557 0.1467 0.1397 
         169  1 0.1358 0.2347 0.1666 0.2239 0.1243 0.0861 0.0286 
         170  1 0.1848 0.1958 0.1553 0.1745 0.1531 0.1217 0.0148 
         171  1 0.1867 0.1357 0.1465 0.1612 0.1566 0.1908 0.0225 
         172  1 0.1883 0.1559 0.1599 0.1700 0.1658 0.1364 0.0236 
         173  1 0.1790 0.1728 0.1475 0.1513 0.1512 0.1532 0.0449 
         174  1 0.1662 0.1592 0.1534 0.1648 0.1608 0.1621 0.0334 
         175  1 0.1612 0.2244 0.1594 0.1991 0.1348 0.0901 0.0310 
         176  1 0.1508 0.1240 0.1408 0.1811 0.1669 0.1865 0.0499 
         177  1 0.1528 0.1296 0.1418 0.1502 0.1711 0.1642 0.0904 
         178  1 0.1620 0.1503 0.1686 0.1561 0.1529 0.1817 0.0284 
         179  1 0.1489 0.1435 0.1537 0.1298 0.1791 0.2178 0.0272 
         180  1 0.1346 0.1771 0.1715 0.1561 0.1646 0.1893 0.0069 
         181  1 0.1472 0.1266 0.1680 0.1676 0.1617 0.1758 0.0532 
         182  1 0.1312 0.1245 0.1309 0.1312 0.1317 0.1275 0.2230 
         183  1 0.1308 0.1849 0.1522 0.1910 0.1269 0.1096 0.1046 
         184  1 0.1417 0.2116 0.1512 0.1883 0.1332 0.1249 0.0490 
         185  1 0.1329 0.1495 0.1482 0.1609 0.1603 0.1945 0.0537 
         186  1 0.1337 0.2223 0.1793 0.2037 0.1182 0.1179 0.0249 
         187  1 0.1387 0.2505 0.1758 0.2016 0.1186 0.0971 0.0177 
         188  1 0.1473 0.2362 0.1669 0.2099 0.1276 0.0930 0.0191 
         189  1 0.1466 0.1543 0.1732 0.1548 0.1672 0.1738 0.0301 
         190  1 0.1362 0.2473 0.1595 0.1945 0.1299 0.1041 0.0285 
         191  1 0.1745 0.1564 0.1474 0.1568 0.1856 0.1588 0.0205 
         192  1 0.0664 0.0659 0.0736 0.0725 0.0646 0.0750 0.5820 
         193  1 0.0758 0.0831 0.0878 0.0816 0.0775 0.0902 0.5040 
         194  1 0.1320 0.2215 0.1482 0.1873 0.1091 0.0897 0.1123 
         195  1 0.1266 0.1937 0.1775 0.1709 0.1474 0.1278 0.0560 
         196  1 0.1645 0.1582 0.1698 0.1652 0.1566 0.1695 0.0162 
         197  1 0.1602 0.1180 0.1394 0.1582 0.1684 0.1759 0.0798 
         198  1 0.1717 0.1357 0.1488 0.1515 0.1806 0.1899 0.0218 
         199  1 0.1576 0.1223 0.1509 0.1519 0.1695 0.1668 0.0811 
         200  1 0.1444 0.1602 0.1577 0.1551 0.1571 0.1667 0.0588 
         201  1 0.1482 0.1368 0.1391 0.1495 0.1511 0.1425 0.1329 
         202  1 0.1945 0.1531 0.1387 0.1561 0.1853 0.1633 0.0091 
         203  1 0.1819 0.1904 0.1645 0.1386 0.1453 0.1271 0.0522 
         204  1 0.1415 0.1966 0.1852 0.1674 0.1398 0.1549 0.0147 
         205  1 0.1757 0.1355 0.1568 0.1625 0.1649 0.1916 0.0129 
         206  1 0.1587 0.1456 0.1555 0.1739 0.1656 0.1737 0.0270 
         207  1 0.1278 0.1513 0.1772 0.1626 0.1609 0.1990 0.0212 
         208  1 0.1533 0.1751 0.1614 0.1752 0.1568 0.1661 0.0121 
         209  1 0.1208 0.1279 0.1344 0.1296 0.1291 0.1326 0.2256 
         210  1 0.1606 0.1426 0.1965 0.1562 0.1572 0.1647 0.0222 
         211  1 0.1672 0.1769 0.1471 0.1640 0.1570 0.1601 0.0277 
         212  1 0.1574 0.1774 0.1384 0.1795 0.1348 0.1317 0.0809 
         213  1 0.1647 0.1890 0.1626 0.1427 0.1576 0.1484 0.0350 
         214  1 0.1776 0.1690 0.1773 0.1187 0.1485 0.1652 0.0438 
         215  1 0.1251 0.1747 0.1695 0.1576 0.1469 0.1777 0.0484 
         216  1 0.1810 0.2046 0.1552 0.1880 0.1334 0.1058 0.0320 
         217  1 0.1668 0.1595 0.1938 0.1359 0.1625 0.1536 0.0279 
         218  1 0.1386 0.1821 0.1745 0.1690 0.1525 0.1653 0.0180 
         219  1 0.1710 0.1349 0.1725 0.1638 0.1762 0.1677 0.0138 
         220  1 0.1485 0.1515 0.1421 0.1621 0.1581 0.1694 0.0684 
         221  1 0.1608 0.1295 0.1373 0.1705 0.1808 0.1699 0.0511 
         222  1 0.1577 0.1553 0.1530 0.1416 0.1551 0.1618 0.0755 
         223  1 0.1152 0.1194 0.1268 0.1136 0.1185 0.1240 0.2824 
         224  1 0.1702 0.1365 0.1531 0.1576 0.1799 0.1667 0.0360 
         225  1 0.1962 0.1405 0.1611 0.1547 0.1758 0.1530 0.0188 
         226  1 0.2044 0.1315 0.1880 0.1325 0.1734 0.1501 0.0202 
         227  1 0.1410 0.1833 0.1435 0.1610 0.1397 0.1428 0.0887 
         228  1 0.1387 0.1755 0.1600 0.1862 0.1509 0.1472 0.0415 
         229  1 0.1452 0.1419 0.1632 0.1706 0.1693 0.1945 0.0153 
         230  1 0.1665 0.2256 0.1435 0.1706 0.1423 0.1181 0.0334 
         231  1 0.1970 0.1441 0.1639 0.1583 0.1732 0.1495 0.0140 
         232  1 0.1498 0.1606 0.1679 0.1731 0.1690 0.1605 0.0190 
         233  1 0.1693 0.1378 0.1452 0.1635 0.1719 0.1710 0.0414 
         234  1 0.1396 0.1971 0.1643 0.1667 0.1422 0.1706 0.0196 
         235  1 0.2233 0.1189 0.1786 0.1519 0.1735 0.1395 0.0143 
         236  1 0.1428 0.1493 0.1734 0.1599 0.1775 0.1818 0.0152 
         237  1 0.2316 0.1282 0.1658 0.1432 0.1718 0.1346 0.0249 
         238  1 0.1504 0.1409 0.1484 0.1621 0.1643 0.1830 0.0509 
         239  1 0.2012 0.1277 0.1612 0.1617 0.1942 0.1474 0.0068 
         240  1 0.1106 0.1181 0.1427 0.1350 0.1436 0.1568 0.1932 
         241  1 0.1295 0.1522 0.1389 0.1693 0.1788 0.2131 0.0183 
         242  1 0.1790 0.1529 0.1654 0.1462 0.1561 0.1507 0.0498 
         243  1 0.1753 0.1237 0.1578 0.1550 0.1995 0.1688 0.0199 
         244  1 0.1664 0.1369 0.1924 0.1531 0.1500 0.1611 0.0402 
         245  1 0.1799 0.1921 0.1668 0.1782 0.1511 0.1139 0.0180 
         246  1 0.1930 0.1364 0.1551 0.1564 0.1828 0.1672 0.0091 
         247  1 0.1639 0.1334 0.1664 0.1445 0.1633 0.1621 0.0664 
         248  1 0.1582 0.1325 0.1507 0.1474 0.1728 0.1802 0.0582 
         249  1 0.1349 0.1800 0.1283 0.1635 0.1349 0.1134 0.1451 
         250  1 0.1762 0.2035 0.1707 0.1516 0.1434 0.1324 0.0222 
         251  1 0.1756 0.2357 0.1493 0.1596 0.1399 0.1171 0.0228 
         252  1 0.1996 0.1575 0.1671 0.1498 0.1674 0.1470 0.0116 
         253  1 0.1193 0.1151 0.1385 0.1438 0.1341 0.1393 0.2099 
         254  1 0.0448 0.0598 0.0522 0.0570 0.0390 0.0367 0.7104 
         255  1 0.1608 0.1580 0.1511 0.1528 0.1517 0.1660 0.0596 
         256  1 0.1406 0.2562 0.1689 0.1865 0.1283 0.0969 0.0228 
         257  1 0.1466 0.1679 0.1484 0.1586 0.1531 0.1475 0.0778 
         258  1 0.1703 0.1483 0.1464 0.1656 0.1816 0.1528 0.0350 
         259  1 0.1705 0.1329 0.1778 0.1482 0.1585 0.1777 0.0345 
         260  1 0.1872 0.1198 0.1832 0.1585 0.1925 0.1508 0.0080 
         261  1 0.1513 0.1534 0.1590 0.1865 0.1630 0.1705 0.0163 
         262  1 0.1412 0.1687 0.1766 0.1702 0.1639 0.1604 0.0191 
         263  1 0.1729 0.1549 0.1517 0.1472 0.1636 0.1542 0.0555 
         264  1 0.1802 0.1421 0.1612 0.1671 0.1777 0.1545 0.0172 
         265  1 0.1495 0.1428 0.1395 0.1289 0.1397 0.1368 0.1628 
         266  1 0.1949 0.1485 0.1357 0.1648 0.1848 0.1483 0.0229 
         267  1 0.1514 0.1502 0.1630 0.1705 0.1738 0.1660 0.0251 
         268  1 0.1711 0.1895 0.1654 0.1387 0.1544 0.1550 0.0259 
         269  1 0.1623 0.1472 0.1651 0.1643 0.1609 0.1559 0.0443 
         270  1 0.0910 0.1757 0.1373 0.1618 0.0881 0.0861 0.2600 
         271  1 0.1857 0.1969 0.1618 0.1499 0.1525 0.1296 0.0235 
         272  1 0.1522 0.1763 0.1541 0.2027 0.1568 0.1379 0.0199 
         273  1 0.1569 0.1410 0.1724 0.1607 0.1813 0.1755 0.0122 
         274  1 0.2064 0.1321 0.1533 0.1586 0.1877 0.1488 0.0131 
         275  1 0.1682 0.1775 0.1448 0.1459 0.1711 0.1602 0.0324 
         276  1 0.1603 0.1773 0.1665 0.1482 0.1561 0.1708 0.0209 
         277  1 0.1416 0.2217 0.1660 0.1952 0.1225 0.0883 0.0648 
         278  1 0.1506 0.1468 0.1766 0.1393 0.1660 0.1703 0.0504 
         279  1 0.1308 0.1840 0.1565 0.1599 0.1363 0.2231 0.0093 
         280  1 0.1986 0.1283 0.1680 0.1590 0.1676 0.1603 0.0182 
         281  1 0.1530 0.1434 0.1435 0.1475 0.1561 0.1502 0.1064 
         282  1 0.1886 0.1430 0.1425 0.1535 0.1735 0.1774 0.0216 
         283  1 0.1418 0.2206 0.1575 0.1976 0.1385 0.1333 0.0108 
         284  1 0.1492 0.2340 0.1765 0.1980 0.1253 0.1018 0.0152 
         285  1 0.1794 0.1581 0.1521 0.1452 0.1745 0.1621 0.0285 
         286  1 0.1445 0.1315 0.1470 0.1428 0.1374 0.1264 0.1704 
         287  1 0.1869 0.1364 0.1488 0.1592 0.1804 0.1621 0.0262 
         288  1 0.1563 0.1622 0.1713 0.1634 0.1724 0.1576 0.0168 
         289  1 0.1562 0.1638 0.1727 0.1682 0.1600 0.1487 0.0303 
         290  1 0.1582 0.1290 0.1775 0.1694 0.1718 0.1774 0.0168 
         291  1 0.1302 0.1757 0.1670 0.1667 0.1437 0.1802 0.0364 
         292  1 0.1372 0.2614 0.1631 0.2129 0.1230 0.0787 0.0237 
         293  1 0.1486 0.1553 0.1946 0.1313 0.1576 0.1909 0.0216 
         294  1 0.1517 0.1931 0.1510 0.1509 0.1549 0.1783 0.0201 
         295  1 0.1224 0.1485 0.1917 0.1697 0.1506 0.1883 0.0288 
         296  1 0.1547 0.1699 0.1357 0.1385 0.1448 0.1514 0.1051 
         297  1 0.1954 0.1372 0.1540 0.1465 0.1779 0.1541 0.0349 
         298  1 0.1698 0.1473 0.1433 0.1731 0.1771 0.1786 0.0107 
         299  1 0.1518 0.1637 0.1790 0.1612 0.1630 0.1468 0.0346 
         300  1 0.1408 0.1616 0.1460 0.1416 0.1508 0.1481 0.1110 
         301  1 0.1295 0.1313 0.1444 0.1238 0.1324 0.1499 0.1888 
         302  1 0.1472 0.1603 0.1570 0.1800 0.1603 0.1605 0.0348 
         303  1 0.1661 0.1266 0.1614 0.1496 0.1859 0.1754 0.0350 
         304  1 0.2268 0.1172 0.1671 0.1349 0.1775 0.1453 0.0312 
         305  1 0.1687 0.1691 0.1368 0.1864 0.1736 0.1430 0.0222 
         306  1 0.1852 0.1791 0.1357 0.1409 0.1641 0.1473 0.0477 
         307  1 0.1604 0.1870 0.1625 0.1888 0.1507 0.1336 0.0170 
         308  1 0.1590 0.1311 0.1703 0.1524 0.1758 0.1783 0.0332 
         309  1 0.1562 0.1299 0.1449 0.1759 0.1769 0.1820 0.0342 
         310  1 0.1177 0.2800 0.1822 0.2338 0.1059 0.0530 0.0274 
         311  1 0.1654 0.1571 0.1608 0.1642 0.1660 0.1616 0.0250 
         312  1 0.1510 0.1216 0.1806 0.1661 0.1740 0.1738 0.0329 
         313  1 0.1833 0.1470 0.1483 0.1746 0.1622 0.1647 0.0198 
         314  1 0.1957 0.1473 0.1574 0.1436 0.1920 0.1404 0.0235 
         315  1 0.1357 0.1823 0.1558 0.1632 0.1570 0.1905 0.0155 
         316  1 0.1228 0.1275 0.1176 0.1092 0.1103 0.1143 0.2984 
         317  1 0.1692 0.1953 0.1631 0.1738 0.1509 0.1200 0.0278 
         318  1 0.1696 0.1667 0.1678 0.1537 0.1593 0.1634 0.0195 
         319  1 0.1408 0.1424 0.1440 0.1625 0.1592 0.2279 0.0233 
         320  1 0.1854 0.1529 0.1685 0.1516 0.1702 0.1458 0.0257 
         321  1 0.0905 0.0939 0.1041 0.0987 0.1057 0.1077 0.3994 
         322  1 0.1608 0.1591 0.1412 0.1940 0.1485 0.1553 0.0411 
         323  1 0.1612 0.1309 0.1463 0.1606 0.1793 0.1867 0.0351 
         324  1 0.1533 0.1867 0.1689 0.1907 0.1488 0.1208 0.0310 
         325  1 0.1886 0.1620 0.1534 0.1452 0.1659 0.1712 0.0136 
         326  1 0.1725 0.2190 0.1528 0.1609 0.1491 0.1320 0.0137 
         327  1 0.1317 0.1832 0.1518 0.1281 0.1428 0.1541 0.1082 
         328  1 0.1633 0.1783 0.1798 0.1745 0.1447 0.1500 0.0093 
         329  1 0.1322 0.1326 0.1820 0.1556 0.1610 0.2113 0.0252 
         330  1 0.1486 0.1567 0.1555 0.1413 0.1503 0.1525 0.0952 
         331  1 0.1841 0.1440 0.1617 0.1426 0.1703 0.1614 0.0360 
         332  1 0.1725 0.1714 0.1668 0.1783 0.1559 0.1416 0.0135 
         333  1 0.1560 0.1574 0.1736 0.1517 0.1624 0.1827 0.0162 
         334  1 0.1470 0.1866 0.1625 0.2021 0.1461 0.1325 0.0232 
         335  1 0.1422 0.1399 0.1367 0.1423 0.1478 0.1391 0.1520 
         336  1 0.1803 0.1746 0.1438 0.1361 0.1534 0.1501 0.0617 
         337  1 0.1274 0.2796 0.1778 0.2468 0.1052 0.0539 0.0092 
         338  1 0.1497 0.1247 0.1923 0.1588 0.1849 0.1765 0.0132 
         339  1 0.1217 0.2914 0.1802 0.2430 0.1001 0.0410 0.0226 
         340  1 0.1168 0.1422 0.1218 0.1424 0.1046 0.1037 0.2686 
         341  1 0.1503 0.1485 0.1729 0.1577 0.1414 0.1411 0.0882 
         342  1 0.1602 0.1766 0.1639 0.1762 0.1522 0.1484 0.0224 
         343  1 0.1805 0.2129 0.1458 0.1410 0.1577 0.1440 0.0180 
         344  1 0.1668 0.2110 0.1386 0.1396 0.1389 0.1690 0.0361 
         345  1 0.1561 0.1520 0.1600 0.1685 0.1761 0.1714 0.0159 
         346  1 0.1654 0.1417 0.1471 0.1605 0.1676 0.1917 0.0260 
         347  1 0.1876 0.2044 0.1513 0.1370 0.1623 0.1386 0.0188 
         348  1 0.1567 0.1536 0.1485 0.1702 0.1625 0.1643 0.0441 
         349  1 0.1413 0.1380 0.1706 0.1661 0.1775 0.1663 0.0403 
         350  1 0.1267 0.1450 0.1359 0.1314 0.1360 0.1748 0.1502 
         351  1 0.1431 0.1264 0.1501 0.1581 0.1620 0.2093 0.0510 
         352  1 0.1553 0.1330 0.1635 0.1768 0.1800 0.1780 0.0134 
         353  1 0.0851 0.0819 0.0705 0.0605 0.0721 0.0679 0.5621 
         354  1 0.1798 0.1402 0.1792 0.1565 0.1726 0.1533 0.0185 
         355  1 0.1263 0.1548 0.1756 0.1630 0.1665 0.1985 0.0152 
         356  1 0.1519 0.1675 0.1595 0.1598 0.1522 0.1629 0.0462 
         357  1 0.1538 0.1855 0.1753 0.1404 0.1545 0.1619 0.0286 
         358  1 0.1486 0.1674 0.1778 0.1618 0.1687 0.1547 0.0210 
         359  1 0.1471 0.1186 0.1680 0.1463 0.1728 0.1827 0.0645 
         360  1 0.1352 0.1689 0.1738 0.1496 0.1682 0.1630 0.0414 
         361  1 0.1422 0.1428 0.1685 0.1602 0.1793 0.1819 0.0250 
         362  1 0.1281 0.1454 0.1457 0.1323 0.1295 0.1338 0.1851 
         363  1 0.1505 0.1651 0.1496 0.1580 0.1447 0.1362 0.0959 
         364  1 0.1421 0.1912 0.1585 0.1553 0.1552 0.1532 0.0446 
         365  1 0.1529 0.1619 0.1307 0.1289 0.1324 0.1436 0.1495 
         366  1 0.1538 0.1596 0.1455 0.1408 0.1564 0.1922 0.0516 
         367  1 0.0556 0.0753 0.0572 0.0680 0.0542 0.0497 0.6401 
         368  1 0.1625 0.1937 0.1680 0.1667 0.1520 0.1382 0.0190 
         369  1 0.1777 0.1668 0.1628 0.1683 0.1639 0.1382 0.0222 
         370  1 0.1854 0.1845 0.1544 0.1346 0.1517 0.1460 0.0435 
         371  1 0.1768 0.1621 0.1372 0.1361 0.1598 0.1420 0.0860 
         372  1 0.1688 0.1405 0.1571 0.1784 0.1796 0.1501 0.0256 
         373  1 0.1556 0.1525 0.1480 0.1336 0.1395 0.1602 0.1107 
         374  1 0.1243 0.1419 0.1795 0.1672 0.1719 0.1756 0.0396 
         375  1 0.1213 0.1246 0.1653 0.1443 0.1608 0.2122 0.0715 
         376  1 0.1447 0.1569 0.1617 0.1493 0.1500 0.1731 0.0642 
         377  1 0.1758 0.1589 0.1829 0.1480 0.1602 0.1512 0.0231 
         378  1 0.1704 0.1932 0.1621 0.1605 0.1530 0.1429 0.0179 
         379  1 0.1314 0.1329 0.1487 0.1496 0.1666 0.2173 0.0535 
         380  1 0.1243 0.1770 0.1775 0.1604 0.1466 0.1568 0.0574 
         381  1 0.1536 0.1344 0.1700 0.1620 0.1677 0.1865 0.0258 
         382  1 0.1589 0.1281 0.1547 0.1721 0.1783 0.1878 0.0201 
         383  1 0.1552 0.1454 0.1651 0.1560 0.1657 0.1739 0.0386 
         384  1 0.1849 0.1425 0.1438 0.1797 0.1685 0.1706 0.0100 
         385  1 0.1602 0.1755 0.1459 0.1588 0.1497 0.1313 0.0785 
         386  1 0.1640 0.1406 0.1659 0.1804 0.1699 0.1617 0.0174 
         387  1 0.1338 0.1724 0.1469 0.1500 0.1348 0.1539 0.1080 
         388  1 0.1147 0.1196 0.1072 0.0982 0.1053 0.0956 0.3594 
         389  1 0.0898 0.1107 0.1212 0.0971 0.1075 0.1159 0.3578 
         390  1 0.1721 0.1832 0.1594 0.1719 0.1476 0.1390 0.0268 
         391  1 0.1761 0.1640 0.1490 0.1566 0.1644 0.1608 0.0291 
         392  1 0.1524 0.1696 0.1544 0.1623 0.1474 0.1431 0.0708 
         393  1 0.1438 0.1414 0.1629 0.1583 0.1506 0.2155 0.0275 
         394  1 0.1877 0.2090 0.1378 0.1346 0.1686 0.1304 0.0318 
         395  1 0.1575 0.1874 0.1535 0.1852 0.1332 0.1217 0.0614 
         396  1 0.1359 0.2734 0.1729 0.2362 0.1067 0.0586 0.0162 
         397  1 0.1187 0.1393 0.1476 0.1312 0.1488 0.1679 0.1465 
         398  1 0.1558 0.1453 0.1612 0.1730 0.1525 0.1996 0.0127 
         399  1 0.1854 0.1627 0.1534 0.1563 0.1750 0.1567 0.0106 
         400  1 0.1341 0.1853 0.1591 0.1871 0.1441 0.1326 0.0577 
         401  1 0.1584 0.1929 0.1366 0.1365 0.1203 0.1151 0.1401 
         402  1 0.1686 0.2427 0.1502 0.1781 0.1384 0.0931 0.0289 
         403  1 0.1243 0.1732 0.1409 0.1392 0.1002 0.1219 0.2002 
         404  1 0.1996 0.1283 0.1767 0.1457 0.1709 0.1477 0.0312 
         405  1 0.1345 0.1659 0.1923 0.1580 0.1570 0.1750 0.0172 
         406  1 0.0866 0.1018 0.0917 0.0836 0.0855 0.0806 0.4703 
         407  1 0.1240 0.1319 0.1305 0.1349 0.1415 0.1518 0.1853 
         408  1 0.1487 0.1405 0.1682 0.1616 0.1740 0.1926 0.0144 
         409  1 0.1374 0.1844 0.1564 0.1809 0.1467 0.1543 0.0399 
         410  1 0.1227 0.1334 0.1337 0.1416 0.1370 0.1354 0.1963 
         411  1 0.1429 0.1307 0.1654 0.1704 0.1700 0.1985 0.0221 
         412  1 0.1415 0.1810 0.1740 0.1642 0.1510 0.1653 0.0231 
         413  1 0.1644 0.1329 0.1553 0.1770 0.1821 0.1765 0.0118 
         414  1 0.1504 0.1910 0.1375 0.1518 0.1410 0.1149 0.1134 
         415  1 0.1772 0.1951 0.1528 0.1374 0.1630 0.1494 0.0251 
         416  1 0.1491 0.1437 0.1566 0.1431 0.1750 0.2165 0.0160 
         417  1 0.1949 0.2069 0.1463 0.1316 0.1505 0.1245 0.0453 
         418  1 0.1572 0.1386 0.1569 0.1769 0.1749 0.1798 0.0155 
         419  1 0.1989 0.1819 0.1577 0.1374 0.1586 0.1267 0.0388 
         420  1 0.1141 0.1199 0.0989 0.0972 0.0933 0.1016 0.3750 
         421  1 0.1618 0.1784 0.1757 0.1994 0.1447 0.1141 0.0259 
         422  1 0.1926 0.1348 0.1496 0.1510 0.1800 0.1792 0.0128 
         423  1 0.1744 0.1616 0.1603 0.1481 0.1631 0.1750 0.0175 
         424  1 0.1588 0.1463 0.1367 0.1364 0.1639 0.1734 0.0845 
         425  1 0.1642 0.1712 0.1583 0.1618 0.1480 0.1218 0.0748 
         426  1 0.1569 0.1394 0.1440 0.1776 0.1674 0.1785 0.0363 
         427  1 0.1636 0.1747 0.1529 0.1504 0.1692 0.1760 0.0133 
         428  1 0.1455 0.2883 0.1701 0.1950 0.1209 0.0612 0.0190 
         429  1 0.1105 0.1067 0.1009 0.1006 0.1127 0.1311 0.3374 
         430  1 0.1612 0.1814 0.1481 0.1831 0.1456 0.1556 0.0251 
         431  1 0.1831 0.1638 0.1560 0.1531 0.1606 0.1647 0.0186 
         432  1 0.1692 0.1543 0.1948 0.1365 0.1691 0.1638 0.0124 
         433  1 0.1688 0.1292 0.1787 0.1631 0.1684 0.1809 0.0109 
         434  1 0.1404 0.1653 0.1829 0.1573 0.1562 0.1734 0.0246 
         435  1 0.1531 0.1816 0.1632 0.1600 0.1550 0.1426 0.0445 
         436  1 0.1585 0.2288 0.1651 0.1700 0.1356 0.1161 0.0259 
         437  1 0.1310 0.1421 0.1713 0.1559 0.1702 0.2105 0.0190 
         438  1 0.1804 0.1705 0.1369 0.1436 0.1723 0.1717 0.0244 
         439  1 0.1382 0.2651 0.1698 0.1957 0.1103 0.0781 0.0429 
         440  1 0.1942 0.1299 0.1361 0.1598 0.1977 0.1695 0.0129 
         441  1 0.1591 0.1899 0.1368 0.1459 0.1452 0.1408 0.0823 
         442  1 0.1557 0.1544 0.1412 0.1208 0.1480 0.1386 0.1413 
         443  1 0.1369 0.1563 0.1539 0.1391 0.1748 0.2238 0.0151 
         444  1 0.1279 0.1149 0.1768 0.1713 0.1906 0.2084 0.0100 
         445  1 0.1521 0.1776 0.1692 0.1758 0.1379 0.1570 0.0303 
         446  1 0.1813 0.1227 0.1594 0.1553 0.1809 0.1699 0.0306 
         447  1 0.1428 0.1403 0.1347 0.1150 0.1353 0.1261 0.2059 
         448  1 0.1393 0.1715 0.1878 0.1738 0.1485 0.1543 0.0248 
         449  1 0.1758 0.1414 0.1321 0.1559 0.1932 0.1847 0.0168 
         450  1 0.1396 0.0990 0.1288 0.1187 0.1302 0.1263 0.2574 
         451  1 0.1006 0.1304 0.1153 0.1247 0.1043 0.0972 0.3275 
         452  1 0.1834 0.1178 0.1590 0.1519 0.1976 0.1754 0.0149 
         453  1 0.1409 0.2272 0.1692 0.1846 0.1342 0.1090 0.0348 
         454  1 0.1775 0.1976 0.1528 0.1517 0.1613 0.1293 0.0299 
         455  1 0.1949 0.1385 0.1490 0.1490 0.1914 0.1442 0.0330 
         456  1 0.1412 0.1410 0.1702 0.1545 0.1822 0.1764 0.0344 
         457  1 0.1723 0.1701 0.1773 0.1750 0.1610 0.1302 0.0141 
         458  1 0.1714 0.1456 0.1638 0.1620 0.1762 0.1617 0.0192 
         459  1 0.1363 0.1168 0.1487 0.1293 0.1487 0.1804 0.1399 
         460  1 0.0819 0.0980 0.1086 0.1018 0.0952 0.1092 0.4052 
         461  1 0.1456 0.1438 0.1476 0.1644 0.1695 0.1830 0.0461 
         462  1 0.1586 0.1625 0.1542 0.1613 0.1652 0.1821 0.0162 
         463  1 0.1955 0.1322 0.1612 0.1448 0.1906 0.1602 0.0157 
         464  1 0.1595 0.1415 0.1659 0.1576 0.1671 0.1872 0.0212 
         465  1 0.1654 0.1778 0.1523 0.1533 0.1540 0.1407 0.0565 
         466  1 0.1510 0.1557 0.1233 0.1214 0.1358 0.1337 0.1793 
         467  1 0.1263 0.1218 0.1849 0.1650 0.1865 0.1983 0.0171 
         468  1 0.1741 0.1472 0.1474 0.1681 0.1658 0.1682 0.0293 
         469  1 0.1831 0.1882 0.1623 0.1693 0.1486 0.1370 0.0113 
         470  1 0.1498 0.1248 0.1597 0.1404 0.1558 0.1518 0.1177 
         471  1 0.1388 0.1306 0.1662 0.1470 0.1578 0.1605 0.0991 
         472  1 0.1654 0.1387 0.1492 0.1472 0.1602 0.1852 0.0541 
         473  1 0.1539 0.1401 0.1994 0.1505 0.1726 0.1668 0.0168 
         474  1 0.1732 0.1417 0.1524 0.1679 0.1631 0.1656 0.0361 
         475  1 0.1759 0.1250 0.1952 0.1505 0.1757 0.1689 0.0089 
         476  1 0.1212 0.1256 0.1105 0.1091 0.1192 0.1194 0.2950 
         477  1 0.1555 0.1430 0.1628 0.1530 0.1548 0.1546 0.0763 
         478  1 0.1684 0.1217 0.1458 0.1618 0.1734 0.1804 0.0485 
         479  1 0.1717 0.1401 0.1838 0.1570 0.1650 0.1462 0.0362 
         480  1 0.1589 0.1402 0.1748 0.1577 0.1614 0.1488 0.0582 
         481  1 0.1709 0.1766 0.1402 0.1452 0.1487 0.1278 0.0907 
         482  1 0.1564 0.1609 0.1142 0.1554 0.1333 0.1224 0.1574 
         483  1 0.1602 0.2036 0.1764 0.1708 0.1297 0.1451 0.0142 
         484  1 0.1365 0.1954 0.1714 0.1636 0.1227 0.1298 0.0806 
         485  1 0.1592 0.1407 0.1362 0.1398 0.1419 0.1365 0.1456 
         486  1 0.1335 0.1291 0.1709 0.1501 0.1639 0.1648 0.0878 
         487  1 0.1732 0.1663 0.1478 0.1469 0.1711 0.1652 0.0295 
         488  1 0.1366 0.1508 0.1471 0.1344 0.1432 0.1675 0.1204 
         489  1 0.1722 0.1596 0.1414 0.1770 0.1616 0.1665 0.0217 
         490  1 0.1476 0.1825 0.1765 0.1394 0.1457 0.1634 0.0449 
         491  1 0.1629 0.1465 0.1456 0.1601 0.1650 0.1760 0.0439 
         492  1 0.1356 0.1670 0.1439 0.1566 0.1533 0.1768 0.0667 
         493  1 0.1760 0.1727 0.1674 0.1739 0.1645 0.1330 0.0126 
         494  1 0.1281 0.1489 0.1539 0.1614 0.1715 0.2186 0.0175 
         495  1 0.1346 0.1486 0.1726 0.1568 0.1696 0.1732 0.0446 
         496  1 0.1431 0.2092 0.1473 0.1921 0.1242 0.1100 0.0742 
         497  1 0.2025 0.1784 0.1540 0.1397 0.1621 0.1382 0.0251 
         498  1 0.1778 0.1332 0.1557 0.1691 0.1829 0.1663 0.0151 
         499  1 0.1149 0.0976 0.1376 0.1187 0.1228 0.1460 0.2624 
         500  1 0.1734 0.1426 0.1652 0.1606 0.1781 0.1646 0.0155 
         501  1 0.1694 0.1289 0.1670 0.1253 0.1424 0.1334 0.1336 
         502  1 0.1776 0.1801 0.1660 0.1533 0.1453 0.1543 0.0234 
         503  1 0.1581 0.1974 0.1528 0.1949 0.1570 0.1239 0.0160 
         504  1 0.2087 0.1329 0.1580 0.1621 0.2051 0.1252 0.0080 
         505  1 0.0768 0.0941 0.0836 0.0869 0.0779 0.0794 0.5012 
         506  1 0.0920 0.1293 0.0972 0.1111 0.0859 0.0817 0.4028 
         507  1 0.1419 0.1411 0.1537 0.1378 0.1461 0.1821 0.0972 
         508  1 0.1655 0.1438 0.1477 0.1612 0.1978 0.1595 0.0245 
         509  1 0.1203 0.0856 0.1072 0.0875 0.1066 0.1023 0.3904 
         510  1 0.1746 0.1398 0.1597 0.1604 0.1557 0.1614 0.0484 
         511  1 0.1504 0.1584 0.1950 0.1611 0.1529 0.1585 0.0236 
         512  1 0.1175 0.1498 0.1518 0.1489 0.1328 0.1179 0.1813 
         513  1 0.1772 0.1251 0.1585 0.1535 0.1814 0.1671 0.0372 
         514  1 0.1265 0.1342 0.1218 0.1292 0.1259 0.1284 0.2339 
         515  1 0.1506 0.2020 0.1486 0.1512 0.1322 0.1316 0.0837 
         516  1 0.1629 0.1768 0.1277 0.1246 0.1375 0.1176 0.1529 
         517  1 0.1344 0.1462 0.1484 0.1611 0.1753 0.2113 0.0233 
         518  1 0.1310 0.1452 0.1606 0.1504 0.1345 0.2411 0.0372 
         519  1 0.1471 0.1367 0.1638 0.1625 0.1592 0.2217 0.0089 
         520  1 0.1476 0.1445 0.1517 0.1449 0.1643 0.1964 0.0507 
         521  1 0.1514 0.1665 0.1719 0.1464 0.1580 0.1719 0.0340 
         522  1 0.1171 0.1235 0.1078 0.1205 0.1250 0.1263 0.2798 
         523  1 0.1995 0.1248 0.1601 0.1590 0.1692 0.1717 0.0156 
         524  1 0.1313 0.1434 0.1440 0.1475 0.1454 0.2334 0.0549 
         525  1 0.1336 0.1403 0.1644 0.1244 0.1425 0.1360 0.1589 
         526  1 0.1859 0.1306 0.1610 0.1539 0.1879 0.1682 0.0124 
         527  1 0.1410 0.1073 0.1121 0.1239 0.1286 0.1335 0.2537 
         528  1 0.1339 0.1483 0.1349 0.1725 0.1501 0.1419 0.1184 
         529  1 0.1605 0.1979 0.1494 0.1730 0.1466 0.1385 0.0341 
         530  1 0.1577 0.1484 0.1459 0.1396 0.1605 0.1497 0.0983 
         531  1 0.1580 0.1246 0.1705 0.1470 0.1823 0.1684 0.0491 
         532  1 0.1699 0.1648 0.1619 0.1267 0.1715 0.1736 0.0315 
         533  1 0.1279 0.1764 0.1664 0.1853 0.1444 0.1701 0.0296 
         534  1 0.1769 0.1339 0.1317 0.1528 0.2036 0.1731 0.0280 
         535  1 0.1552 0.1480 0.1368 0.1611 0.1689 0.1811 0.0489 
         536  1 0.1626 0.1333 0.1718 0.1575 0.1663 0.1422 0.0663 
         537  1 0.1080 0.1655 0.1450 0.1433 0.1383 0.2458 0.0541 
         538  1 0.0844 0.0823 0.0899 0.0920 0.0851 0.0825 0.4839 
         539  1 0.1582 0.1382 0.1381 0.1384 0.1469 0.1371 0.1430 
         540  1 0.1917 0.1379 0.1567 0.1427 0.1805 0.1656 0.0250 
         541  1 0.2073 0.1331 0.1479 0.1588 0.1808 0.1572 0.0149 
         542  1 0.1471 0.1470 0.1802 0.1673 0.1594 0.1825 0.0165 
         543  1 0.2000 0.1236 0.1575 0.1562 0.1878 0.1621 0.0128 
         544  1 0.1622 0.1644 0.1550 0.1509 0.1667 0.1769 0.0240 
         545  1 0.1838 0.1424 0.1662 0.1626 0.1549 0.1596 0.0304 
         546  1 0.2255 0.1105 0.1621 0.1505 0.1895 0.1513 0.0105 
         547  1 0.1614 0.1333 0.1689 0.1519 0.1528 0.1952 0.0365 
         548  1 0.2045 0.1278 0.1609 0.1508 0.1846 0.1558 0.0155 
         549  1 0.1685 0.1761 0.1623 0.1457 0.1618 0.1647 0.0209 
         550  1 0.1872 0.1328 0.1905 0.1587 0.1657 0.1539 0.0111 
         551  1 0.2222 0.1446 0.1569 0.1483 0.1799 0.1295 0.0186 
         552  1 0.1396 0.1306 0.1672 0.1478 0.1761 0.2005 0.0382 
         553  1 0.1687 0.1447 0.1483 0.1587 0.1714 0.1756 0.0326 
         554  1 0.1690 0.1423 0.1853 0.1406 0.1684 0.1778 0.0166 
         555  1 0.1199 0.1497 0.1646 0.1543 0.1581 0.2100 0.0435 
         556  1 0.1522 0.1837 0.1316 0.1757 0.1563 0.1373 0.0631 
         557  1 0.1538 0.1833 0.1518 0.1600 0.1384 0.1228 0.0898 
         558  1 0.1362 0.1931 0.1510 0.1568 0.1191 0.1210 0.1228 
         559  1 0.0340 0.0379 0.0352 0.0387 0.0334 0.0319 0.7888 
         560  1 0.1549 0.1337 0.1556 0.1471 0.1790 0.1629 0.0668 
         561  1 0.0377 0.0603 0.0554 0.0489 0.0543 0.0932 0.6503 
         562  1 0.1325 0.1434 0.1407 0.1462 0.1347 0.1321 0.1705 
         563  1 0.0451 0.0432 0.0343 0.0343 0.0385 0.0292 0.7754 
         564  1 0.1020 0.1028 0.1030 0.1089 0.1005 0.1323 0.3504 
         565  1 0.0349 0.0347 0.0303 0.0288 0.0316 0.0316 0.8081 
         566  1 0.1379 0.1383 0.1375 0.1296 0.1412 0.1474 0.1681 
         567  1 0.1000 0.0738 0.1050 0.0953 0.1050 0.1062 0.4146 
         568  1 0.1735 0.1308 0.1726 0.1568 0.1615 0.1547 0.0500 
         569  1 0.0959 0.1201 0.1257 0.1153 0.1257 0.1665 0.2507 
         570  1 0.1263 0.1565 0.1574 0.1699 0.1330 0.1231 0.1339 
         571  1 0.1246 0.1375 0.1055 0.1037 0.1137 0.1115 0.3035 
         572  1 0.0586 0.0664 0.0776 0.0810 0.0797 0.0993 0.5375 
         573  1 0.0256 0.0267 0.0279 0.0276 0.0307 0.0311 0.8304 
         574  1 0.1438 0.1718 0.1370 0.1317 0.1373 0.1362 0.1421 
         575  1 0.0971 0.0968 0.0861 0.0789 0.0975 0.1136 0.4299 
         576  1 0.0864 0.0782 0.0955 0.0884 0.0961 0.1038 0.4515 
         577  1 0.0397 0.0374 0.0422 0.0388 0.0428 0.0426 0.7566 
         578  1 0.1161 0.1122 0.1043 0.1106 0.0986 0.1179 0.3403 
         579  1 0.0769 0.0842 0.0774 0.0743 0.0781 0.0671 0.5419 
         580  1 0.0506 0.0453 0.0395 0.0464 0.0420 0.0450 0.7311 
         581  1 0.1058 0.0787 0.1008 0.0994 0.1065 0.1115 0.3973 
         582  1 0.0526 0.0515 0.0559 0.0575 0.0559 0.0648 0.6617 
         583  1 0.0297 0.0313 0.0276 0.0292 0.0268 0.0215 0.8338 
         584  1 0.0343 0.0388 0.0319 0.0350 0.0345 0.0299 0.7956 
         585  1 0.0444 0.0431 0.0406 0.0428 0.0470 0.0453 0.7368 
         586  1 0.1447 0.1648 0.1286 0.1028 0.1183 0.1033 0.2376 
         587  1 0.1362 0.1723 0.1379 0.1430 0.1322 0.1659 0.1125 
         588  1 0.1469 0.1232 0.1321 0.1260 0.1475 0.1591 0.1653 
         589  1 0.0977 0.1434 0.1601 0.1234 0.1465 0.2044 0.1244 
         590  1 0.0201 0.0242 0.0206 0.0207 0.0192 0.0219 0.8733 
         591  1 0.0834 0.0959 0.0757 0.0955 0.0813 0.0895 0.4786 
         592  1 0.0555 0.0536 0.0638 0.0590 0.0579 0.0688 0.6414 
         593  1 0.0824 0.1123 0.0952 0.0981 0.0815 0.0762 0.4542 
         594  1 0.0184 0.0178 0.0178 0.0168 0.0186 0.0192 0.8914 
         595  1 0.0406 0.0399 0.0329 0.0326 0.0344 0.0332 0.7864 
         596  1 0.0669 0.0679 0.0636 0.0644 0.0695 0.0794 0.5882 
         597  1 0.0564 0.0588 0.0479 0.0514 0.0549 0.0588 0.6719 
         598  1 0.0107 0.0123 0.0116 0.0121 0.0116 0.0128 0.9287 
         599  1 0.0411 0.0494 0.0461 0.0485 0.0451 0.0522 0.7177 
         600  1 0.1351 0.2353 0.1651 0.1873 0.1354 0.1058 0.0360 
         601  1 0.0745 0.0926 0.0734 0.0678 0.0666 0.0462 0.5789 
         602  1 0.0127 0.0131 0.0129 0.0131 0.0127 0.0134 0.9220 
         603  1 0.1024 0.0997 0.1112 0.0881 0.0998 0.1306 0.3682 
         604  1 0.0822 0.1047 0.0771 0.1014 0.0699 0.0625 0.5022 
         605  1 0.0541 0.0496 0.0466 0.0496 0.0607 0.0542 0.6852 
         606  1 0.1212 0.1448 0.1433 0.1293 0.1426 0.1493 0.1695 
