           1  1 0.1645 0.2167 0.2999 0.3188 
           2  1 0.3438 0.3022 0.0915 0.2625 
           3  1 0.2719 0.3096 0.0704 0.3481 
           4  1 0.2990 0.2580 0.1931 0.2499 
           5  1 0.2178 0.2838 0.0323 0.4662 
           6  1 0.3390 0.2757 0.1087 0.2767 
           7  1 0.3090 0.3306 0.0280 0.3324 
           8  1 0.1269 0.1153 0.6522 0.1056 
           9  1 0.3453 0.3285 0.0256 0.3006 
          10  1 0.3699 0.3068 0.0539 0.2694 
          11  1 0.2819 0.3114 0.0306 0.3761 
          12  1 0.2676 0.2958 0.0554 0.3812 
          13  1 0.3870 0.3033 0.0488 0.2609 
          14  1 0.3203 0.2900 0.0614 0.3283 
          15  1 0.3334 0.2931 0.1157 0.2578 
          16  1 0.3487 0.3058 0.0478 0.2977 
          17  1 0.4082 0.3299 0.0424 0.2195 
          18  1 0.2337 0.2011 0.3814 0.1837 
          19  1 0.1697 0.2850 0.1152 0.4300 
          20  1 0.3398 0.3377 0.0329 0.2896 
          21  1 0.3736 0.3187 0.0502 0.2575 
          22  1 0.3847 0.3273 0.0245 0.2635 
          23  1 0.3311 0.2750 0.1493 0.2446 
          24  1 0.3449 0.3044 0.0780 0.2727 
          25  1 0.3194 0.3107 0.0454 0.3245 
          26  1 0.2454 0.3023 0.0477 0.4046 
          27  1 0.2046 0.2854 0.0633 0.4467 
          28  1 0.3631 0.3245 0.0497 0.2627 
          29  1 0.4318 0.3335 0.0240 0.2107 
          30  1 0.3818 0.3210 0.0551 0.2421 
          31  1 0.3359 0.2914 0.1191 0.2536 
          32  1 0.3664 0.2924 0.0374 0.3038 
          33  1 0.3575 0.3003 0.0987 0.2435 
          34  1 0.3193 0.3070 0.0831 0.2906 
          35  1 0.3521 0.3272 0.0590 0.2616 
          36  1 0.3856 0.3360 0.0262 0.2522 
          37  1 0.1780 0.2982 0.0306 0.4932 
          38  1 0.2923 0.3060 0.0292 0.3726 
          39  1 0.3409 0.3038 0.0705 0.2848 
          40  1 0.2189 0.1920 0.4179 0.1711 
          41  1 0.3269 0.3484 0.0464 0.2784 
          42  1 0.3783 0.3299 0.0288 0.2630 
          43  1 0.1663 0.2915 0.0814 0.4609 
          44  1 0.3062 0.2973 0.0513 0.3452 
          45  1 0.4268 0.3286 0.0257 0.2189 
          46  1 0.3955 0.3069 0.0518 0.2458 
          47  1 0.2482 0.2979 0.0755 0.3785 
          48  1 0.2555 0.2625 0.2317 0.2504 
          49  1 0.3287 0.3074 0.0522 0.3117 
          50  1 0.4191 0.3319 0.0217 0.2273 
          51  1 0.3638 0.3118 0.0873 0.2371 
          52  1 0.2939 0.3440 0.0364 0.3257 
          53  1 0.3318 0.3018 0.0444 0.3219 
          54  1 0.2004 0.2553 0.1385 0.4058 
          55  1 0.1685 0.1454 0.5329 0.1532 
          56  1 0.2169 0.3199 0.0532 0.4100 
          57  1 0.3706 0.3125 0.0174 0.2995 
          58  1 0.3433 0.2759 0.0451 0.3357 
          59  1 0.4027 0.3088 0.0201 0.2685 
          60  1 0.3048 0.3203 0.0293 0.3456 
          61  1 0.2280 0.2060 0.3393 0.2266 
          62  1 0.3870 0.3257 0.0194 0.2678 
          63  1 0.3282 0.3109 0.0688 0.2920 
          64  1 0.3828 0.3361 0.0394 0.2418 
          65  1 0.2165 0.3077 0.0605 0.4153 
          66  1 0.3281 0.3172 0.0574 0.2973 
          67  1 0.3962 0.3282 0.0288 0.2468 
          68  1 0.3323 0.3245 0.0305 0.3127 
          69  1 0.3118 0.2926 0.0853 0.3104 
          70  1 0.3317 0.3163 0.1266 0.2254 
          71  1 0.2363 0.2151 0.3598 0.1888 
          72  1 0.4155 0.3334 0.0251 0.2260 
          73  1 0.2338 0.2913 0.1514 0.3235 
          74  1 0.3219 0.3048 0.1086 0.2647 
          75  1 0.2957 0.3056 0.0523 0.3464 
          76  1 0.3121 0.3026 0.1759 0.2094 
          77  1 0.2893 0.2937 0.1609 0.2561 
          78  1 0.1688 0.2842 0.0879 0.4592 
          79  1 0.2065 0.3081 0.0230 0.4624 
          80  1 0.2706 0.2436 0.2041 0.2817 
          81  1 0.2334 0.2530 0.2641 0.2495 
          82  1 0.3086 0.3106 0.0794 0.3013 
          83  1 0.3194 0.3294 0.1266 0.2246 
          84  1 0.3225 0.3251 0.1060 0.2463 
          85  1 0.3612 0.2995 0.0657 0.2736 
          86  1 0.2205 0.2171 0.3690 0.1933 
          87  1 0.3304 0.3258 0.0379 0.3059 
          88  1 0.3538 0.3169 0.0803 0.2490 
          89  1 0.3218 0.3011 0.0962 0.2810 
          90  1 0.2285 0.2021 0.4023 0.1672 
          91  1 0.2944 0.2747 0.1453 0.2856 
          92  1 0.3657 0.3394 0.0740 0.2209 
          93  1 0.3656 0.3142 0.0720 0.2482 
          94  1 0.1888 0.1892 0.4593 0.1627 
          95  1 0.4154 0.3173 0.0534 0.2139 
          96  1 0.3568 0.3014 0.1081 0.2337 
          97  1 0.3144 0.3001 0.0371 0.3484 
          98  1 0.3615 0.3456 0.0394 0.2536 
          99  1 0.3523 0.3593 0.0399 0.2485 
         100  1 0.1814 0.2845 0.0602 0.4738 
         101  1 0.2678 0.2830 0.1473 0.3019 
         102  1 0.4195 0.3154 0.0327 0.2323 
         103  1 0.1417 0.1790 0.4182 0.2611 
         104  1 0.3410 0.3223 0.0507 0.2860 
         105  1 0.2980 0.3204 0.0860 0.2955 
         106  1 0.3507 0.3343 0.0795 0.2354 
         107  1 0.2390 0.2707 0.0751 0.4153 
         108  1 0.3829 0.3031 0.0673 0.2467 
         109  1 0.2426 0.2838 0.0769 0.3967 
         110  1 0.2469 0.3077 0.0556 0.3898 
         111  1 0.3243 0.2984 0.0932 0.2841 
         112  1 0.2297 0.2835 0.0884 0.3983 
         113  1 0.3411 0.3376 0.0328 0.2885 
         114  1 0.2911 0.2786 0.1401 0.2902 
         115  1 0.2697 0.2842 0.0910 0.3551 
         116  1 0.3450 0.3150 0.0406 0.2994 
         117  1 0.2499 0.2983 0.0912 0.3605 
         118  1 0.2594 0.2948 0.1192 0.3267 
         119  1 0.3407 0.3220 0.0749 0.2623 
         120  1 0.1850 0.1893 0.4456 0.1801 
         121  1 0.2244 0.2868 0.0903 0.3985 
         122  1 0.3557 0.3242 0.0655 0.2546 
         123  1 0.3635 0.3385 0.0353 0.2627 
         124  1 0.3532 0.2989 0.0397 0.3083 
         125  1 0.2820 0.2847 0.1935 0.2398 
         126  1 0.3905 0.3270 0.0369 0.2456 
         127  1 0.3099 0.3043 0.0717 0.3141 
         128  1 0.3050 0.3082 0.0373 0.3495 
         129  1 0.1633 0.1905 0.4342 0.2121 
         130  1 0.2815 0.3029 0.1471 0.2685 
         131  1 0.3378 0.3004 0.0769 0.2850 
         132  1 0.3024 0.3562 0.0436 0.2978 
         133  1 0.3037 0.3294 0.0338 0.3331 
         134  1 0.3225 0.2860 0.0747 0.3168 
         135  1 0.0673 0.0909 0.7332 0.1086 
         136  1 0.3331 0.3188 0.0804 0.2677 
         137  1 0.1225 0.2219 0.3473 0.3083 
         138  1 0.3256 0.3060 0.0438 0.3246 
         139  1 0.2435 0.3116 0.0874 0.3575 
         140  1 0.2382 0.2822 0.0911 0.3885 
         141  1 0.1840 0.2620 0.1563 0.3977 
         142  1 0.3069 0.2863 0.1621 0.2447 
         143  1 0.2152 0.2698 0.0902 0.4248 
         144  1 0.3983 0.3354 0.0361 0.2302 
         145  1 0.3907 0.3138 0.0298 0.2658 
         146  1 0.2097 0.2758 0.1311 0.3834 
         147  1 0.3430 0.3097 0.0393 0.3080 
         148  1 0.2800 0.3357 0.0424 0.3419 
         149  1 0.2345 0.2985 0.1381 0.3289 
         150  1 0.2216 0.2509 0.2531 0.2744 
         151  1 0.3206 0.2815 0.1255 0.2724 
         152  1 0.2834 0.2979 0.1016 0.3171 
         153  1 0.2407 0.3215 0.0780 0.3599 
         154  1 0.3817 0.3313 0.0330 0.2540 
         155  1 0.3129 0.2758 0.1134 0.2979 
         156  1 0.2643 0.2976 0.0756 0.3625 
         157  1 0.3000 0.3091 0.0670 0.3238 
         158  1 0.2580 0.2487 0.2859 0.2074 
         159  1 0.3788 0.3125 0.0691 0.2395 
         160  1 0.3548 0.3086 0.0489 0.2877 
         161  1 0.2251 0.2151 0.3658 0.1940 
         162  1 0.2759 0.3130 0.0538 0.3573 
         163  1 0.2918 0.2692 0.1657 0.2734 
         164  1 0.3608 0.3167 0.0752 0.2474 
         165  1 0.3342 0.3158 0.0533 0.2966 
         166  1 0.2648 0.2935 0.1137 0.3280 
         167  1 0.3723 0.3151 0.0539 0.2587 
         168  1 0.2132 0.2163 0.3413 0.2292 
         169  1 0.3639 0.3248 0.0729 0.2384 
         170  1 0.3705 0.3336 0.0357 0.2602 
         171  1 0.3941 0.3057 0.0580 0.2421 
         172  1 0.3895 0.3194 0.0486 0.2424 
         173  1 0.2836 0.2991 0.1019 0.3154 
         174  1 0.3522 0.3173 0.0835 0.2470 
         175  1 0.3737 0.3031 0.0620 0.2611 
         176  1 0.3068 0.2828 0.1714 0.2390 
         177  1 0.2676 0.2751 0.1962 0.2611 
         178  1 0.3141 0.2985 0.0708 0.3166 
         179  1 0.2590 0.2929 0.0689 0.3792 
         180  1 0.3324 0.3437 0.0146 0.3094 
         181  1 0.2584 0.2688 0.1598 0.3130 
         182  1 0.1690 0.1750 0.4699 0.1861 
         183  1 0.2580 0.2299 0.2870 0.2252 
         184  1 0.3359 0.3053 0.1254 0.2334 
         185  1 0.3162 0.2923 0.1327 0.2588 
         186  1 0.3578 0.3247 0.0614 0.2561 
         187  1 0.3824 0.3335 0.0377 0.2465 
         188  1 0.3780 0.3267 0.0471 0.2483 
         189  1 0.2698 0.3082 0.0597 0.3624 
         190  1 0.3564 0.3203 0.0820 0.2413 
         191  1 0.3736 0.3387 0.0428 0.2450 
         192  1 0.0595 0.0687 0.7947 0.0771 
         193  1 0.0897 0.0989 0.7133 0.0981 
         194  1 0.2776 0.2383 0.2847 0.1994 
         195  1 0.2736 0.3023 0.1221 0.3020 
         196  1 0.2700 0.2952 0.0379 0.3970 
         197  1 0.3078 0.2568 0.1927 0.2426 
         198  1 0.3412 0.3374 0.0557 0.2657 
         199  1 0.2716 0.2551 0.1796 0.2937 
         200  1 0.2635 0.2881 0.1779 0.2705 
         201  1 0.2500 0.2251 0.3193 0.2056 
         202  1 0.4009 0.3351 0.0183 0.2458 
         203  1 0.1919 0.2921 0.1397 0.3764 
         204  1 0.2808 0.3309 0.0303 0.3579 
         205  1 0.3358 0.3087 0.0339 0.3215 
         206  1 0.3728 0.3121 0.0528 0.2624 
         207  1 0.2418 0.3111 0.0459 0.4012 
         208  1 0.3374 0.3377 0.0265 0.2985 
         209  1 0.1994 0.1924 0.4090 0.1992 
         210  1 0.2277 0.2915 0.0457 0.4350 
         211  1 0.3183 0.3144 0.0590 0.3082 
         212  1 0.3156 0.2704 0.1898 0.2242 
         213  1 0.2479 0.3130 0.0919 0.3471 
         214  1 0.1795 0.3039 0.0915 0.4251 
         215  1 0.2873 0.3089 0.1212 0.2826 
         216  1 0.3338 0.3019 0.0695 0.2948 
         217  1 0.1489 0.2943 0.0594 0.4973 
         218  1 0.2668 0.3192 0.0390 0.3750 
         219  1 0.3123 0.3151 0.0306 0.3420 
         220  1 0.2461 0.2532 0.2418 0.2589 
         221  1 0.3253 0.3053 0.1029 0.2666 
         222  1 0.2560 0.2777 0.1666 0.2997 
         223  1 0.1417 0.1604 0.5156 0.1824 
         224  1 0.3597 0.3129 0.0832 0.2442 
         225  1 0.3404 0.3105 0.0445 0.3046 
         226  1 0.3354 0.2907 0.0411 0.3328 
         227  1 0.2852 0.2925 0.2083 0.2140 
         228  1 0.3136 0.2997 0.1139 0.2728 
         229  1 0.2958 0.3136 0.0358 0.3547 
         230  1 0.3458 0.3461 0.0644 0.2437 
         231  1 0.3799 0.3148 0.0301 0.2752 
         232  1 0.3112 0.3162 0.0489 0.3238 
         233  1 0.3145 0.3104 0.0878 0.2873 
         234  1 0.3243 0.3295 0.0415 0.3046 
         235  1 0.3729 0.3064 0.0311 0.2896 
         236  1 0.2151 0.3183 0.0372 0.4294 
         237  1 0.3397 0.2956 0.0527 0.3120 
         238  1 0.2691 0.2831 0.1576 0.2902 
         239  1 0.4213 0.3290 0.0140 0.2356 
         240  1 0.1767 0.2040 0.3661 0.2532 
         241  1 0.3288 0.3351 0.0380 0.2981 
         242  1 0.2838 0.2827 0.1237 0.3098 
         243  1 0.3693 0.3046 0.0415 0.2846 
         244  1 0.2122 0.2704 0.0839 0.4335 
         245  1 0.3659 0.3313 0.0342 0.2686 
         246  1 0.4084 0.3298 0.0184 0.2435 
         247  1 0.2459 0.2672 0.1245 0.3623 
         248  1 0.2675 0.2653 0.1442 0.3230 
         249  1 0.2670 0.2444 0.3099 0.1786 
         250  1 0.3199 0.3192 0.0532 0.3077 
         251  1 0.3223 0.3469 0.0467 0.2842 
         252  1 0.2858 0.3154 0.0239 0.3750 
         253  1 0.1698 0.1737 0.4578 0.1987 
         254  1 0.0560 0.0590 0.8349 0.0501 
         255  1 0.3496 0.2935 0.1230 0.2339 
         256  1 0.3593 0.3484 0.0527 0.2396 
         257  1 0.2777 0.2809 0.1851 0.2563 
         258  1 0.3639 0.3385 0.0718 0.2258 
         259  1 0.2469 0.2931 0.0655 0.3945 
         260  1 0.2371 0.2781 0.0172 0.4677 
         261  1 0.2914 0.3163 0.0396 0.3527 
         262  1 0.2720 0.3142 0.0466 0.3672 
         263  1 0.2948 0.2892 0.1185 0.2975 
         264  1 0.3222 0.3250 0.0404 0.3124 
         265  1 0.2430 0.2242 0.2718 0.2611 
         266  1 0.3963 0.3074 0.0518 0.2444 
         267  1 0.2899 0.2971 0.0609 0.3521 
         268  1 0.2382 0.3194 0.0620 0.3804 
         269  1 0.2875 0.3004 0.1059 0.3061 
         270  1 0.1750 0.1660 0.5196 0.1393 
         271  1 0.2667 0.3053 0.0656 0.3624 
         272  1 0.3754 0.3203 0.0498 0.2545 
         273  1 0.2404 0.2998 0.0262 0.4336 
         274  1 0.4403 0.3004 0.0259 0.2335 
         275  1 0.2768 0.3048 0.0774 0.3409 
         276  1 0.2768 0.3260 0.0537 0.3436 
         277  1 0.3268 0.2833 0.1158 0.2742 
         278  1 0.1726 0.2782 0.1291 0.4201 
         279  1 0.3329 0.3432 0.0183 0.3055 
         280  1 0.3783 0.3150 0.0383 0.2685 
         281  1 0.2389 0.2380 0.2765 0.2466 
         282  1 0.3487 0.3201 0.0468 0.2844 
         283  1 0.3501 0.3308 0.0249 0.2942 
         284  1 0.3309 0.3420 0.0321 0.2949 
         285  1 0.3394 0.3069 0.0720 0.2818 
         286  1 0.1951 0.2000 0.4077 0.1971 
         287  1 0.3733 0.3236 0.0555 0.2476 
         288  1 0.2748 0.3141 0.0401 0.3710 
         289  1 0.2490 0.2917 0.0717 0.3876 
         290  1 0.2354 0.2919 0.0376 0.4352 
         291  1 0.2409 0.3022 0.0787 0.3782 
         292  1 0.3467 0.3258 0.0905 0.2369 
         293  1 0.1688 0.3105 0.0386 0.4821 
         294  1 0.3451 0.3491 0.0527 0.2530 
         295  1 0.2296 0.3207 0.0742 0.3755 
         296  1 0.2320 0.2404 0.2903 0.2373 
         297  1 0.3500 0.2918 0.0839 0.2743 
         298  1 0.3509 0.3387 0.0246 0.2858 
         299  1 0.2529 0.2927 0.0919 0.3625 
         300  1 0.2970 0.2625 0.2235 0.2171 
         301  1 0.1911 0.2071 0.3658 0.2360 
         302  1 0.3469 0.3058 0.0816 0.2657 
         303  1 0.3275 0.3016 0.0732 0.2978 
         304  1 0.3587 0.2930 0.0595 0.2888 
         305  1 0.3599 0.3353 0.0479 0.2568 
         306  1 0.2292 0.2794 0.1551 0.3364 
         307  1 0.3618 0.3452 0.0326 0.2604 
         308  1 0.3565 0.3023 0.0786 0.2625 
         309  1 0.3872 0.3015 0.0753 0.2360 
         310  1 0.3649 0.3070 0.1031 0.2250 
         311  1 0.3499 0.3276 0.0518 0.2708 
         312  1 0.3114 0.2829 0.0793 0.3264 
         313  1 0.3833 0.3113 0.0446 0.2607 
         314  1 0.3808 0.3043 0.0471 0.2678 
         315  1 0.3076 0.3420 0.0333 0.3171 
         316  1 0.1669 0.1651 0.5212 0.1468 
         317  1 0.3530 0.3206 0.0622 0.2642 
         318  1 0.2848 0.3268 0.0485 0.3399 
         319  1 0.2947 0.3421 0.0545 0.3087 
         320  1 0.2936 0.3146 0.0598 0.3319 
         321  1 0.1284 0.1389 0.5899 0.1428 
         322  1 0.3493 0.2985 0.0958 0.2564 
         323  1 0.3608 0.2973 0.0788 0.2631 
         324  1 0.2965 0.3015 0.0767 0.3253 
         325  1 0.3259 0.3309 0.0316 0.3116 
         326  1 0.3534 0.3603 0.0329 0.2534 
         327  1 0.2227 0.2629 0.2647 0.2496 
         328  1 0.3268 0.3093 0.0192 0.3448 
         329  1 0.2510 0.3237 0.0539 0.3714 
         330  1 0.2663 0.2787 0.1811 0.2739 
         331  1 0.3049 0.3101 0.0824 0.3026 
         332  1 0.3165 0.2970 0.0294 0.3571 
         333  1 0.2930 0.3223 0.0408 0.3440 
         334  1 0.3345 0.3003 0.0597 0.3054 
         335  1 0.1705 0.2130 0.3915 0.2250 
         336  1 0.2891 0.2802 0.1408 0.2899 
         337  1 0.3851 0.3416 0.0229 0.2503 
         338  1 0.2231 0.2964 0.0323 0.4482 
         339  1 0.3763 0.3245 0.0789 0.2204 
         340  1 0.1901 0.1707 0.4741 0.1651 
         341  1 0.2652 0.2646 0.1812 0.2889 
         342  1 0.3499 0.3067 0.0481 0.2953 
         343  1 0.3239 0.3403 0.0452 0.2906 
         344  1 0.3374 0.3350 0.0775 0.2501 
         345  1 0.2458 0.3095 0.0340 0.4106 
         346  1 0.3493 0.3043 0.0613 0.2851 
         347  1 0.2580 0.3211 0.0479 0.3730 
         348  1 0.3254 0.3055 0.0829 0.2862 
         349  1 0.2549 0.2844 0.1040 0.3566 
         350  1 0.2396 0.2445 0.2846 0.2312 
         351  1 0.2853 0.2965 0.1153 0.3029 
         352  1 0.3147 0.3225 0.0286 0.3342 
         353  1 0.0627 0.0797 0.7488 0.1088 
         354  1 0.3032 0.3054 0.0391 0.3524 
         355  1 0.2202 0.3414 0.0339 0.4044 
         356  1 0.2884 0.3002 0.1035 0.3079 
         357  1 0.1865 0.3184 0.0799 0.4152 
         358  1 0.2082 0.3055 0.0438 0.4426 
         359  1 0.1961 0.2485 0.1672 0.3882 
         360  1 0.1745 0.2932 0.1050 0.4273 
         361  1 0.3084 0.2970 0.0595 0.3351 
         362  1 0.1830 0.1985 0.3912 0.2272 
         363  1 0.2523 0.2497 0.2530 0.2449 
         364  1 0.2644 0.3034 0.1217 0.3104 
         365  1 0.2242 0.2149 0.3729 0.1880 
         366  1 0.2776 0.2941 0.1192 0.3090 
         367  1 0.0896 0.0811 0.7679 0.0614 
         368  1 0.3381 0.3261 0.0517 0.2840 
         369  1 0.3523 0.3256 0.0441 0.2781 
         370  1 0.1992 0.2952 0.1046 0.4010 
         371  1 0.2881 0.2696 0.2024 0.2399 
         372  1 0.3724 0.3098 0.0613 0.2565 
         373  1 0.1834 0.2538 0.2118 0.3510 
         374  1 0.2101 0.2830 0.0823 0.4246 
         375  1 0.2579 0.3004 0.1500 0.2917 
         376  1 0.2042 0.2862 0.1751 0.3346 
         377  1 0.1777 0.3070 0.0492 0.4661 
         378  1 0.3376 0.3674 0.0413 0.2538 
         379  1 0.3343 0.2950 0.1221 0.2486 
         380  1 0.2144 0.3042 0.1149 0.3665 
         381  1 0.3205 0.2853 0.0621 0.3321 
         382  1 0.3334 0.3080 0.0419 0.3167 
         383  1 0.3127 0.3059 0.0943 0.2872 
         384  1 0.3585 0.3452 0.0230 0.2734 
         385  1 0.2875 0.2933 0.1808 0.2384 
         386  1 0.3218 0.3149 0.0424 0.3208 
         387  1 0.2731 0.2718 0.2524 0.2027 
         388  1 0.0896 0.1353 0.5845 0.1906 
         389  1 0.0989 0.1487 0.5533 0.1990 
         390  1 0.3627 0.3087 0.0596 0.2690 
         391  1 0.2684 0.3180 0.0671 0.3465 
         392  1 0.2901 0.2729 0.1658 0.2712 
         393  1 0.2664 0.3210 0.0572 0.3554 
         394  1 0.2400 0.3120 0.0823 0.3658 
         395  1 0.3045 0.2776 0.1451 0.2728 
         396  1 0.3859 0.3312 0.0445 0.2384 
         397  1 0.1870 0.2087 0.3755 0.2288 
         398  1 0.3381 0.3365 0.0290 0.2964 
         399  1 0.3181 0.3131 0.0227 0.3461 
         400  1 0.3210 0.2906 0.1150 0.2733 
         401  1 0.2506 0.2752 0.2159 0.2582 
         402  1 0.3712 0.3106 0.0807 0.2376 
         403  1 0.2512 0.2467 0.3006 0.2014 
         404  1 0.3039 0.2850 0.0640 0.3471 
         405  1 0.2453 0.3002 0.0405 0.4141 
         406  1 0.0901 0.1074 0.6923 0.1103 
         407  1 0.1961 0.1937 0.3989 0.2112 
         408  1 0.3729 0.3153 0.0301 0.2817 
         409  1 0.3386 0.3063 0.0891 0.2660 
         410  1 0.2200 0.2158 0.3653 0.1989 
         411  1 0.2990 0.3125 0.0435 0.3450 
         412  1 0.3038 0.3339 0.0650 0.2973 
         413  1 0.3441 0.3320 0.0260 0.2979 
         414  1 0.2150 0.2470 0.2487 0.2893 
         415  1 0.2876 0.3220 0.0698 0.3206 
         416  1 0.2764 0.3013 0.0383 0.3840 
         417  1 0.1992 0.2562 0.1490 0.3957 
         418  1 0.3710 0.3126 0.0334 0.2831 
         419  1 0.2260 0.2768 0.1174 0.3798 
         420  1 0.1285 0.1330 0.5966 0.1418 
         421  1 0.3714 0.3175 0.0567 0.2544 
         422  1 0.3543 0.3208 0.0267 0.2981 
         423  1 0.2181 0.3007 0.0377 0.4435 
         424  1 0.2152 0.2423 0.2754 0.2670 
         425  1 0.2520 0.2658 0.2101 0.2721 
         426  1 0.3287 0.3199 0.0904 0.2611 
         427  1 0.3259 0.3412 0.0315 0.3014 
         428  1 0.3819 0.3514 0.0485 0.2182 
         429  1 0.1653 0.1437 0.5752 0.1158 
         430  1 0.3892 0.3014 0.0647 0.2447 
         431  1 0.3495 0.3182 0.0403 0.2920 
         432  1 0.1914 0.3024 0.0283 0.4779 
         433  1 0.2697 0.3026 0.0256 0.4020 
         434  1 0.2276 0.2983 0.0534 0.4207 
         435  1 0.3233 0.2947 0.1035 0.2785 
         436  1 0.3435 0.3242 0.0534 0.2789 
         437  1 0.3077 0.3143 0.0444 0.3336 
         438  1 0.2892 0.3394 0.0639 0.3076 
         439  1 0.3476 0.3171 0.0935 0.2418 
         440  1 0.4033 0.3327 0.0275 0.2366 
         441  1 0.2591 0.2882 0.2024 0.2503 
         442  1 0.1751 0.2293 0.2760 0.3197 
         443  1 0.2766 0.3242 0.0364 0.3628 
         444  1 0.3030 0.3077 0.0213 0.3680 
         445  1 0.3348 0.3118 0.0800 0.2733 
         446  1 0.3267 0.2962 0.0642 0.3129 
         447  1 0.1674 0.1888 0.4060 0.2378 
         448  1 0.3459 0.3132 0.0731 0.2678 
         449  1 0.4144 0.3331 0.0342 0.2183 
         450  1 0.2161 0.1880 0.4166 0.1794 
         451  1 0.1895 0.1713 0.5014 0.1378 
         452  1 0.3610 0.3099 0.0350 0.2942 
         453  1 0.3486 0.3281 0.0931 0.2302 
         454  1 0.3142 0.3220 0.0774 0.2863 
         455  1 0.3681 0.3111 0.0611 0.2597 
         456  1 0.2607 0.2911 0.0969 0.3513 
         457  1 0.3735 0.3171 0.0268 0.2826 
         458  1 0.3269 0.3321 0.0484 0.2926 
         459  1 0.2184 0.2060 0.3605 0.2150 
         460  1 0.0968 0.1082 0.6859 0.1091 
         461  1 0.3082 0.3034 0.1189 0.2695 
         462  1 0.3130 0.3440 0.0443 0.2988 
         463  1 0.3687 0.3085 0.0328 0.2900 
         464  1 0.2987 0.3196 0.0454 0.3363 
         465  1 0.2953 0.2923 0.1224 0.2899 
         466  1 0.2073 0.2049 0.3729 0.2149 
         467  1 0.2374 0.3180 0.0362 0.4084 
         468  1 0.3363 0.3402 0.0601 0.2634 
         469  1 0.3616 0.3254 0.0232 0.2897 
         470  1 0.2596 0.2350 0.2634 0.2420 
         471  1 0.2152 0.2415 0.2384 0.3050 
         472  1 0.3316 0.3113 0.1035 0.2537 
         473  1 0.2198 0.2979 0.0373 0.4450 
         474  1 0.2728 0.2925 0.0751 0.3595 
         475  1 0.2353 0.2890 0.0190 0.4567 
         476  1 0.1586 0.1700 0.4974 0.1740 
         477  1 0.2759 0.2606 0.1703 0.2932 
         478  1 0.3159 0.2945 0.1149 0.2746 
         479  1 0.2426 0.2796 0.0898 0.3880 
         480  1 0.2269 0.2605 0.1710 0.3416 
         481  1 0.2992 0.2710 0.2005 0.2293 
         482  1 0.2865 0.2222 0.2958 0.1955 
         483  1 0.3542 0.3395 0.0346 0.2717 
         484  1 0.2716 0.2751 0.1877 0.2657 
         485  1 0.2574 0.2578 0.2907 0.1941 
         486  1 0.2206 0.2475 0.1723 0.3596 
         487  1 0.2862 0.3138 0.0856 0.3144 
         488  1 0.2451 0.2723 0.2953 0.1873 
         489  1 0.3697 0.3429 0.0457 0.2418 
         490  1 0.2109 0.2969 0.1134 0.3788 
         491  1 0.2915 0.3121 0.1188 0.2776 
         492  1 0.2550 0.2660 0.2310 0.2480 
         493  1 0.3816 0.3396 0.0277 0.2510 
         494  1 0.2492 0.3165 0.0427 0.3916 
         495  1 0.2154 0.2745 0.1280 0.3821 
         496  1 0.3222 0.2712 0.1819 0.2246 
         497  1 0.3290 0.3313 0.0597 0.2800 
         498  1 0.3891 0.3335 0.0328 0.2446 
         499  1 0.1588 0.1568 0.5030 0.1814 
         500  1 0.3176 0.3103 0.0350 0.3370 
         501  1 0.2363 0.2405 0.2231 0.3001 
         502  1 0.3281 0.3268 0.0464 0.2987 
         503  1 0.3450 0.3504 0.0381 0.2665 
         504  1 0.4045 0.3269 0.0167 0.2519 
         505  1 0.1078 0.1108 0.6819 0.0995 
         506  1 0.1763 0.1683 0.5355 0.1199 
         507  1 0.2458 0.2463 0.2586 0.2493 
         508  1 0.3443 0.3185 0.0596 0.2776 
         509  1 0.1513 0.1339 0.5909 0.1239 
         510  1 0.3053 0.2834 0.0967 0.3145 
         511  1 0.2707 0.3146 0.0558 0.3590 
         512  1 0.1718 0.1984 0.3589 0.2709 
         513  1 0.3476 0.2933 0.0770 0.2821 
         514  1 0.2307 0.2123 0.3863 0.1707 
         515  1 0.3138 0.2937 0.1532 0.2393 
         516  1 0.2405 0.2386 0.2999 0.2210 
         517  1 0.3706 0.3249 0.0468 0.2576 
         518  1 0.2797 0.3162 0.1171 0.2870 
         519  1 0.3183 0.3454 0.0240 0.3124 
         520  1 0.3291 0.3061 0.1343 0.2305 
         521  1 0.2651 0.3101 0.0819 0.3428 
         522  1 0.1599 0.1623 0.5383 0.1395 
         523  1 0.3093 0.3266 0.0330 0.3312 
         524  1 0.2751 0.3036 0.1254 0.2959 
         525  1 0.1450 0.2113 0.2956 0.3481 
         526  1 0.3416 0.3123 0.0290 0.3171 
         527  1 0.1991 0.1757 0.4831 0.1421 
         528  1 0.2619 0.2283 0.3158 0.1939 
         529  1 0.3472 0.3125 0.0724 0.2679 
         530  1 0.2662 0.2642 0.2732 0.1965 
         531  1 0.2856 0.2828 0.1232 0.3083 
         532  1 0.2666 0.3314 0.0747 0.3274 
         533  1 0.3348 0.3113 0.0599 0.2940 
         534  1 0.3745 0.3306 0.0770 0.2180 
         535  1 0.3077 0.2945 0.1394 0.2584 
         536  1 0.2639 0.2644 0.1575 0.3142 
         537  1 0.3127 0.3101 0.1481 0.2291 
         538  1 0.0819 0.0908 0.7251 0.1022 
         539  1 0.2855 0.2361 0.2959 0.1825 
         540  1 0.3349 0.3186 0.0507 0.2959 
         541  1 0.3708 0.3210 0.0325 0.2757 
         542  1 0.3194 0.3337 0.0387 0.3082 
         543  1 0.3821 0.3175 0.0279 0.2726 
         544  1 0.2476 0.3061 0.0603 0.3860 
         545  1 0.3583 0.3092 0.0695 0.2630 
         546  1 0.3571 0.3123 0.0220 0.3086 
         547  1 0.2526 0.2842 0.0807 0.3824 
         548  1 0.3696 0.3101 0.0326 0.2877 
         549  1 0.2498 0.3079 0.0456 0.3967 
         550  1 0.3079 0.3125 0.0243 0.3552 
         551  1 0.3854 0.3114 0.0420 0.2612 
         552  1 0.2529 0.2905 0.0729 0.3838 
         553  1 0.3295 0.3062 0.0812 0.2832 
         554  1 0.2577 0.3135 0.0379 0.3910 
         555  1 0.2480 0.3377 0.1346 0.2796 
         556  1 0.3441 0.3073 0.1285 0.2201 
         557  1 0.2807 0.2779 0.1717 0.2696 
         558  1 0.2680 0.2691 0.2412 0.2217 
         559  1 0.0460 0.0469 0.8613 0.0459 
         560  1 0.2408 0.2704 0.1619 0.3268 
         561  1 0.0589 0.0808 0.7874 0.0729 
         562  1 0.2145 0.2177 0.3415 0.2264 
         563  1 0.0373 0.0465 0.8601 0.0560 
         564  1 0.1603 0.1360 0.5813 0.1224 
         565  1 0.0403 0.0445 0.8679 0.0473 
         566  1 0.1977 0.2045 0.4013 0.1965 
         567  1 0.1286 0.1347 0.5902 0.1466 
         568  1 0.2697 0.2640 0.1039 0.3624 
         569  1 0.1347 0.1436 0.6020 0.1197 
         570  1 0.2491 0.2391 0.3106 0.2012 
         571  1 0.1342 0.1816 0.5054 0.1788 
         572  1 0.0811 0.0851 0.7469 0.0868 
         573  1 0.0463 0.0395 0.8764 0.0378 
         574  1 0.1791 0.2166 0.3776 0.2267 
         575  1 0.0998 0.1209 0.6188 0.1605 
         576  1 0.1135 0.1264 0.6216 0.1385 
         577  1 0.0571 0.0529 0.8396 0.0504 
         578  1 0.1227 0.1282 0.6141 0.1351 
         579  1 0.0946 0.1002 0.7074 0.0979 
         580  1 0.0421 0.0511 0.8465 0.0603 
         581  1 0.1760 0.1406 0.5600 0.1234 
         582  1 0.0650 0.0603 0.8109 0.0639 
         583  1 0.0373 0.0432 0.8788 0.0407 
         584  1 0.0502 0.0521 0.8487 0.0491 
         585  1 0.0478 0.0487 0.8478 0.0558 
         586  1 0.1320 0.1816 0.4622 0.2242 
         587  1 0.1945 0.2375 0.3044 0.2637 
         588  1 0.2278 0.2017 0.4031 0.1674 
         589  1 0.1444 0.2314 0.3637 0.2605 
         590  1 0.0317 0.0325 0.9066 0.0292 
         591  1 0.1213 0.1045 0.6784 0.0959 
         592  1 0.0629 0.0778 0.7702 0.0891 
         593  1 0.1325 0.1244 0.6200 0.1232 
         594  1 0.0269 0.0265 0.9163 0.0303 
         595  1 0.0405 0.0475 0.8656 0.0464 
         596  1 0.0898 0.0856 0.7453 0.0794 
         597  1 0.0702 0.0703 0.7925 0.0670 
         598  1 0.0197 0.0195 0.9407 0.0201 
         599  1 0.0579 0.0545 0.8359 0.0517 
         600  1 0.3410 0.3162 0.1144 0.2285 
         601  1 0.0743 0.0893 0.7370 0.0995 
         602  1 0.0204 0.0210 0.9379 0.0208 
         603  1 0.1017 0.1122 0.6666 0.1195 
         604  1 0.0870 0.0915 0.7432 0.0783 
         605  1 0.0625 0.0550 0.8270 0.0555 
         606  1 0.1513 0.2132 0.3369 0.2985 
         607  1 0.2337 0.2327 0.2843 0.2492 
         608  1 0.0577 0.0655 0.8052 0.0717 
         609  1 0.1770 0.2073 0.3908 0.2249 
         610  1 0.0355 0.0421 0.8864 0.0359 
         611  1 0.1967 0.2333 0.3610 0.2090 
         612  1 0.0270 0.0291 0.9147 0.0293 
         613  1 0.2149 0.2063 0.3971 0.1816 
         614  1 0.0829 0.0783 0.7718 0.0671 
         615  1 0.1126 0.1334 0.6546 0.0994 
         616  1 0.1362 0.1238 0.6404 0.0996 
         617  1 0.1274 0.1296 0.6243 0.1187 
         618  1 0.0373 0.0386 0.8872 0.0369 
         619  1 0.0255 0.0262 0.9220 0.0262 
         620  1 0.0226 0.0229 0.9314 0.0232 
         621  1 0.0554 0.0636 0.8176 0.0634 
         622  1 0.0472 0.0474 0.8586 0.0468 
         623  1 0.0369 0.0350 0.8913 0.0369 
         624  1 0.0617 0.0602 0.8165 0.0616 
         625  1 0.0342 0.0376 0.8891 0.0391 
         626  1 0.0200 0.0200 0.9408 0.0192 
         627  1 0.0292 0.0338 0.9047 0.0323 
         628  1 0.0270 0.0237 0.9244 0.0248 
         629  1 0.0320 0.0297 0.9113 0.0271 
         630  1 0.0453 0.0473 0.8637 0.0438 
         631  1 0.0271 0.0262 0.9217 0.0251 
         632  1 0.0975 0.1759 0.5144 0.2121 
         633  1 0.0227 0.0253 0.9273 0.0248 
         634  1 0.1480 0.1657 0.4756 0.2107 
         635  1 0.1114 0.1233 0.6322 0.1332 
         636  1 0.0823 0.0966 0.7510 0.0701 
         637  1 0.0211 0.0213 0.9375 0.0200 
         638  1 0.0989 0.1142 0.6379 0.1489 
         639  1 0.0238 0.0298 0.9184 0.0280 
         640  1 0.0409 0.0452 0.8697 0.0442 
         641  1 0.0332 0.0398 0.8827 0.0443 
         642  1 0.0644 0.0599 0.8144 0.0614 
         643  1 0.0324 0.0339 0.9020 0.0318 
         644  1 0.0553 0.0618 0.8284 0.0545 
         645  1 0.0612 0.0807 0.7994 0.0588 
         646  1 0.0521 0.0451 0.8627 0.0401 
         647  1 0.2111 0.2259 0.2905 0.2725 
         648  1 0.1162 0.1636 0.5422 0.1780 
         649  1 0.0390 0.0378 0.8886 0.0345 
         650  1 0.1986 0.1943 0.4665 0.1407 
         651  1 0.0431 0.0455 0.8685 0.0430 
         652  1 0.0535 0.0653 0.8127 0.0686 
         653  1 0.0697 0.0801 0.7594 0.0909 
         654  1 0.0337 0.0371 0.8908 0.0384 
         655  1 0.0381 0.0345 0.8926 0.0348 
         656  1 0.0170 0.0188 0.9463 0.0179 
         657  1 0.0258 0.0260 0.9228 0.0254 
         658  1 0.0554 0.0584 0.8253 0.0609 
         659  1 0.1790 0.1593 0.5280 0.1336 
         660  1 0.0209 0.0257 0.9268 0.0266 
         661  1 0.1966 0.1801 0.4494 0.1739 
         662  1 0.0246 0.0237 0.9285 0.0232 
         663  1 0.0664 0.0788 0.7734 0.0814 
         664  1 0.0763 0.0698 0.7916 0.0623 
         665  1 0.0269 0.0282 0.9142 0.0306 
         666  1 0.0288 0.0329 0.9042 0.0341 
         667  1 0.0527 0.0633 0.8153 0.0687 
         668  1 0.0483 0.0637 0.8334 0.0545 
