           1  1 0.2205 0.1689 0.2026 0.2401 0.1680 
           2  1 0.0725 0.2356 0.2689 0.2058 0.2171 
           3  1 0.0476 0.2483 0.2208 0.2703 0.2130 
           4  1 0.1402 0.2377 0.2071 0.2177 0.1973 
           5  1 0.0236 0.2565 0.2405 0.3014 0.1780 
           6  1 0.0823 0.2275 0.2627 0.2114 0.2160 
           7  1 0.0207 0.2284 0.2291 0.2734 0.2484 
           8  1 0.5842 0.1031 0.0927 0.0991 0.1208 
           9  1 0.0176 0.2733 0.2313 0.2456 0.2323 
          10  1 0.0411 0.2303 0.2387 0.2309 0.2590 
          11  1 0.0228 0.2460 0.2696 0.2664 0.1952 
          12  1 0.0381 0.2535 0.2514 0.2747 0.1823 
          13  1 0.0375 0.2567 0.2455 0.2204 0.2398 
          14  1 0.0386 0.2526 0.2204 0.2730 0.2154 
          15  1 0.0801 0.2295 0.2532 0.2185 0.2188 
          16  1 0.0351 0.2235 0.2250 0.2535 0.2630 
          17  1 0.0324 0.2640 0.2150 0.2105 0.2780 
          18  1 0.3126 0.1623 0.1963 0.1675 0.1613 
          19  1 0.0906 0.2315 0.2144 0.3028 0.1606 
          20  1 0.0230 0.2190 0.2691 0.2488 0.2401 
          21  1 0.0370 0.2649 0.2224 0.2262 0.2494 
          22  1 0.0188 0.2681 0.2732 0.1919 0.2480 
          23  1 0.1086 0.2499 0.2106 0.2110 0.2199 
          24  1 0.0594 0.2628 0.2422 0.2275 0.2081 
          25  1 0.0328 0.2424 0.2559 0.2347 0.2341 
          26  1 0.0342 0.2575 0.2284 0.2952 0.1848 
          27  1 0.0469 0.2549 0.2268 0.3044 0.1669 
          28  1 0.0386 0.2546 0.2435 0.2273 0.2360 
          29  1 0.0180 0.3009 0.2387 0.2011 0.2412 
          30  1 0.0396 0.2416 0.2449 0.2359 0.2381 
          31  1 0.0880 0.2170 0.2573 0.1982 0.2395 
          32  1 0.0270 0.2616 0.2706 0.2341 0.2067 
          33  1 0.0740 0.2369 0.2737 0.1972 0.2181 
          34  1 0.0534 0.2366 0.2401 0.2246 0.2453 
          35  1 0.0411 0.2245 0.2194 0.2094 0.3056 
          36  1 0.0201 0.2706 0.2620 0.2307 0.2166 
          37  1 0.0227 0.2671 0.2340 0.3180 0.1582 
          38  1 0.0210 0.2559 0.2738 0.2457 0.2036 
          39  1 0.0495 0.2594 0.2245 0.2375 0.2291 
          40  1 0.3161 0.1768 0.1607 0.1393 0.2071 
          41  1 0.0330 0.2307 0.2339 0.2506 0.2518 
          42  1 0.0222 0.2491 0.2557 0.2305 0.2425 
          43  1 0.0621 0.2365 0.2379 0.3071 0.1564 
          44  1 0.0350 0.2591 0.2397 0.2565 0.2097 
          45  1 0.0205 0.2920 0.2478 0.2039 0.2357 
          46  1 0.0424 0.2752 0.2511 0.2156 0.2157 
          47  1 0.0482 0.2610 0.2345 0.2798 0.1765 
          48  1 0.1619 0.2001 0.2198 0.1985 0.2197 
          49  1 0.0358 0.2451 0.2633 0.2264 0.2294 
          50  1 0.0159 0.2875 0.2594 0.2061 0.2311 
          51  1 0.0614 0.2647 0.2082 0.2213 0.2443 
          52  1 0.0270 0.2278 0.2501 0.2543 0.2408 
          53  1 0.0316 0.2587 0.2565 0.2339 0.2193 
          54  1 0.1058 0.2248 0.2560 0.2650 0.1484 
          55  1 0.4476 0.1469 0.1463 0.1336 0.1257 
          56  1 0.0382 0.2253 0.2533 0.2886 0.1945 
          57  1 0.0128 0.2540 0.3116 0.2083 0.2132 
          58  1 0.0346 0.2581 0.2655 0.2407 0.2011 
          59  1 0.0153 0.2737 0.2814 0.2062 0.2234 
          60  1 0.0221 0.2499 0.2511 0.2563 0.2206 
          61  1 0.2387 0.1922 0.2099 0.1991 0.1603 
          62  1 0.0151 0.2782 0.2775 0.2048 0.2244 
          63  1 0.0522 0.2403 0.2740 0.2008 0.2326 
          64  1 0.0288 0.2632 0.2252 0.2315 0.2512 
          65  1 0.0458 0.2520 0.2156 0.2964 0.1902 
          66  1 0.0396 0.2524 0.2329 0.2443 0.2308 
          67  1 0.0207 0.2436 0.2644 0.2250 0.2463 
          68  1 0.0225 0.2257 0.2805 0.2507 0.2206 
          69  1 0.0612 0.2102 0.2802 0.2163 0.2321 
          70  1 0.0745 0.2426 0.1842 0.1671 0.3317 
          71  1 0.2917 0.1914 0.1732 0.1778 0.1658 
          72  1 0.0199 0.2913 0.2460 0.2173 0.2254 
          73  1 0.0983 0.2299 0.2283 0.2535 0.1899 
          74  1 0.0824 0.2175 0.2448 0.2126 0.2428 
          75  1 0.0369 0.2465 0.2488 0.2499 0.2179 
          76  1 0.1275 0.2067 0.1818 0.1875 0.2965 
          77  1 0.1179 0.2221 0.2125 0.2052 0.2423 
          78  1 0.0587 0.2277 0.2401 0.3210 0.1526 
          79  1 0.0180 0.2478 0.2418 0.3192 0.1732 
          80  1 0.1633 0.2057 0.2310 0.2002 0.1998 
          81  1 0.1728 0.1878 0.2104 0.2248 0.2042 
          82  1 0.0498 0.2476 0.2177 0.2497 0.2353 
          83  1 0.0878 0.2111 0.2007 0.2050 0.2955 
          84  1 0.0821 0.2264 0.2128 0.1867 0.2920 
          85  1 0.0460 0.2459 0.2793 0.2000 0.2288 
          86  1 0.2805 0.1814 0.1865 0.1691 0.1825 
          87  1 0.0287 0.2279 0.3137 0.2278 0.2018 
          88  1 0.0607 0.2458 0.2782 0.2049 0.2104 
          89  1 0.0692 0.2304 0.2141 0.2307 0.2556 
          90  1 0.2911 0.1723 0.1731 0.1823 0.1812 
          91  1 0.0962 0.2396 0.2176 0.2081 0.2385 
          92  1 0.0531 0.2577 0.2487 0.1982 0.2423 
          93  1 0.0519 0.2595 0.2250 0.2129 0.2507 
          94  1 0.3382 0.1487 0.1500 0.1772 0.1860 
          95  1 0.0462 0.2605 0.2385 0.2078 0.2470 
          96  1 0.0819 0.2165 0.1878 0.2333 0.2805 
          97  1 0.0265 0.2507 0.2624 0.2492 0.2112 
          98  1 0.0260 0.2481 0.2451 0.1760 0.3047 
          99  1 0.0278 0.2327 0.2209 0.1985 0.3200 
         100  1 0.0448 0.2651 0.2490 0.3032 0.1380 
         101  1 0.0991 0.2146 0.2072 0.2547 0.2244 
         102  1 0.0259 0.2702 0.2878 0.1902 0.2259 
         103  1 0.2937 0.1831 0.1708 0.2275 0.1248 
         104  1 0.0398 0.2515 0.2237 0.2192 0.2658 
         105  1 0.0580 0.2406 0.2068 0.2593 0.2353 
         106  1 0.0598 0.2138 0.1924 0.1913 0.3428 
         107  1 0.0512 0.2553 0.2528 0.2814 0.1593 
         108  1 0.0531 0.2393 0.2831 0.2051 0.2194 
         109  1 0.0564 0.2388 0.2650 0.2519 0.1879 
         110  1 0.0406 0.2279 0.2511 0.2815 0.1989 
         111  1 0.0635 0.2290 0.2351 0.2030 0.2694 
         112  1 0.0561 0.2478 0.2304 0.2928 0.1729 
         113  1 0.0254 0.2326 0.2549 0.2521 0.2351 
         114  1 0.0953 0.2167 0.2381 0.2323 0.2176 
         115  1 0.0674 0.2328 0.2332 0.2718 0.1948 
         116  1 0.0266 0.2646 0.2431 0.2167 0.2490 
         117  1 0.0634 0.2206 0.2301 0.2753 0.2106 
         118  1 0.0781 0.2285 0.2391 0.2494 0.2049 
         119  1 0.0498 0.2558 0.2053 0.1769 0.3122 
         120  1 0.3132 0.1680 0.1724 0.1726 0.1739 
         121  1 0.0616 0.2424 0.2365 0.2693 0.1902 
         122  1 0.0499 0.2394 0.2253 0.1796 0.3059 
         123  1 0.0264 0.2466 0.2381 0.2127 0.2762 
         124  1 0.0294 0.2256 0.2868 0.2368 0.2214 
         125  1 0.1199 0.2267 0.1771 0.1919 0.2844 
         126  1 0.0267 0.2657 0.2882 0.1871 0.2323 
         127  1 0.0523 0.2508 0.2288 0.2666 0.2015 
         128  1 0.0290 0.2435 0.2316 0.2551 0.2407 
         129  1 0.3258 0.1529 0.1733 0.1719 0.1761 
         130  1 0.1019 0.2209 0.2203 0.2105 0.2464 
         131  1 0.0518 0.2434 0.2418 0.2562 0.2069 
         132  1 0.0312 0.2221 0.2191 0.2566 0.2710 
         133  1 0.0259 0.2412 0.2478 0.2245 0.2606 
         134  1 0.0558 0.2235 0.2504 0.2598 0.2104 
         135  1 0.6516 0.0862 0.0856 0.0996 0.0770 
         136  1 0.0618 0.2165 0.2491 0.2002 0.2723 
         137  1 0.2504 0.1861 0.1685 0.2513 0.1437 
         138  1 0.0338 0.2366 0.2831 0.2329 0.2136 
         139  1 0.0560 0.2377 0.2386 0.2677 0.1999 
         140  1 0.0666 0.2218 0.2485 0.2806 0.1824 
         141  1 0.1213 0.2007 0.2666 0.2545 0.1568 
         142  1 0.1023 0.2214 0.2020 0.2261 0.2483 
         143  1 0.0692 0.2427 0.2349 0.2961 0.1571 
         144  1 0.0289 0.2714 0.2514 0.1973 0.2510 
         145  1 0.0212 0.2549 0.3081 0.1919 0.2240 
         146  1 0.0813 0.2109 0.2470 0.2926 0.1682 
         147  1 0.0291 0.2454 0.2987 0.2182 0.2087 
         148  1 0.0298 0.2098 0.2352 0.2871 0.2381 
         149  1 0.0748 0.2176 0.2154 0.2801 0.2122 
         150  1 0.1785 0.1938 0.1978 0.2268 0.2030 
         151  1 0.0807 0.2169 0.2165 0.2249 0.2610 
         152  1 0.0661 0.2195 0.2197 0.2660 0.2288 
         153  1 0.0512 0.2138 0.2449 0.2848 0.2052 
         154  1 0.0244 0.2596 0.1759 0.1972 0.3429 
         155  1 0.0785 0.2274 0.2229 0.2421 0.2291 
         156  1 0.0620 0.2202 0.2562 0.2623 0.1992 
         157  1 0.0485 0.2431 0.2291 0.2498 0.2295 
         158  1 0.1943 0.2034 0.1853 0.1958 0.2211 
         159  1 0.0524 0.2701 0.2368 0.2077 0.2329 
         160  1 0.0396 0.2436 0.2161 0.2233 0.2773 
         161  1 0.2645 0.1907 0.1608 0.1795 0.2045 
         162  1 0.0415 0.2428 0.2181 0.2546 0.2430 
         163  1 0.1142 0.2186 0.2263 0.2242 0.2167 
         164  1 0.0573 0.2260 0.2509 0.1788 0.2870 
         165  1 0.0387 0.2598 0.2393 0.2323 0.2298 
         166  1 0.0714 0.2255 0.2461 0.2520 0.2050 
         167  1 0.0412 0.2433 0.2420 0.1831 0.2904 
         168  1 0.2465 0.1906 0.2073 0.1902 0.1653 
         169  1 0.0498 0.2504 0.1762 0.1904 0.3333 
         170  1 0.0252 0.2453 0.2087 0.2024 0.3184 
         171  1 0.0390 0.2490 0.2519 0.2217 0.2383 
         172  1 0.0372 0.2374 0.2621 0.1996 0.2637 
         173  1 0.0706 0.2234 0.2301 0.2535 0.2224 
         174  1 0.0576 0.2453 0.2248 0.2260 0.2462 
         175  1 0.0485 0.2402 0.2153 0.1901 0.3058 
         176  1 0.1033 0.2379 0.1995 0.2338 0.2255 
         177  1 0.1479 0.2119 0.2441 0.2016 0.1945 
         178  1 0.0502 0.2498 0.2216 0.2479 0.2305 
         179  1 0.0478 0.2225 0.2470 0.2777 0.2049 
         180  1 0.0110 0.2335 0.2623 0.2458 0.2473 
         181  1 0.0978 0.2149 0.2661 0.2241 0.1972 
         182  1 0.3568 0.1637 0.1592 0.1672 0.1532 
         183  1 0.1947 0.2134 0.1699 0.1792 0.2428 
         184  1 0.0816 0.2312 0.1992 0.1914 0.2967 
         185  1 0.0877 0.2373 0.2229 0.2180 0.2341 
         186  1 0.0440 0.2588 0.1862 0.1822 0.3289 
         187  1 0.0290 0.2404 0.1711 0.1993 0.3602 
         188  1 0.0329 0.2529 0.1937 0.1798 0.3407 
         189  1 0.0468 0.2342 0.2657 0.2569 0.1963 
         190  1 0.0528 0.2508 0.1888 0.1687 0.3389 
         191  1 0.0312 0.2402 0.2766 0.2050 0.2470 
         192  1 0.7153 0.0743 0.0648 0.0779 0.0677 
         193  1 0.6316 0.0872 0.0882 0.0918 0.1013 
         194  1 0.1996 0.2148 0.1660 0.1569 0.2627 
         195  1 0.0878 0.2325 0.2156 0.2125 0.2517 
         196  1 0.0278 0.2489 0.2739 0.2596 0.1898 
         197  1 0.1304 0.2491 0.2158 0.2220 0.1827 
         198  1 0.0372 0.2456 0.2521 0.2353 0.2297 
         199  1 0.1251 0.2098 0.2457 0.2255 0.1939 
         200  1 0.1134 0.2243 0.2020 0.2434 0.2169 
         201  1 0.2247 0.1977 0.2007 0.1813 0.1956 
         202  1 0.0143 0.2704 0.2299 0.2256 0.2597 
         203  1 0.0939 0.2195 0.2213 0.2765 0.1888 
         204  1 0.0218 0.2547 0.2417 0.2211 0.2607 
         205  1 0.0232 0.2374 0.2837 0.2413 0.2144 
         206  1 0.0434 0.2483 0.2482 0.2181 0.2420 
         207  1 0.0349 0.2338 0.2593 0.2621 0.2099 
         208  1 0.0201 0.2490 0.2627 0.2172 0.2510 
         209  1 0.3258 0.1682 0.1688 0.1649 0.1724 
         210  1 0.0331 0.2302 0.2758 0.2749 0.1860 
         211  1 0.0443 0.2467 0.2486 0.2110 0.2494 
         212  1 0.1439 0.2188 0.2075 0.1628 0.2670 
         213  1 0.0633 0.2297 0.2309 0.2725 0.2036 
         214  1 0.0717 0.2324 0.2186 0.3068 0.1706 
         215  1 0.0855 0.2235 0.2100 0.2232 0.2578 
         216  1 0.0516 0.2487 0.2188 0.1913 0.2896 
         217  1 0.0464 0.2564 0.2354 0.3261 0.1356 
         218  1 0.0301 0.2480 0.2515 0.2372 0.2332 
         219  1 0.0227 0.2410 0.2659 0.2527 0.2177 
         220  1 0.1414 0.2348 0.1911 0.2229 0.2098 
         221  1 0.0775 0.2487 0.2299 0.2329 0.2109 
         222  1 0.1220 0.2084 0.2401 0.2164 0.2131 
         223  1 0.4170 0.1464 0.1368 0.1498 0.1500 
         224  1 0.0585 0.2601 0.2440 0.2245 0.2129 
         225  1 0.0316 0.2362 0.2759 0.2177 0.2386 
         226  1 0.0315 0.2484 0.2845 0.2424 0.1931 
         227  1 0.1481 0.2010 0.1776 0.1761 0.2972 
         228  1 0.0722 0.2547 0.2115 0.2076 0.2540 
         229  1 0.0245 0.2407 0.2760 0.2484 0.2104 
         230  1 0.0501 0.2134 0.1940 0.2138 0.3288 
         231  1 0.0225 0.2552 0.2657 0.2180 0.2386 
         232  1 0.0334 0.2445 0.2425 0.2487 0.2308 
         233  1 0.0635 0.2247 0.2651 0.2230 0.2237 
         234  1 0.0323 0.2224 0.2390 0.2338 0.2725 
         235  1 0.0242 0.2451 0.2965 0.2028 0.2314 
         236  1 0.0237 0.2484 0.2615 0.2928 0.1737 
         237  1 0.0413 0.2191 0.3165 0.2059 0.2171 
         238  1 0.1009 0.2112 0.2355 0.2279 0.2244 
         239  1 0.0109 0.2826 0.2573 0.2142 0.2350 
         240  1 0.2812 0.1771 0.1861 0.1956 0.1601 
         241  1 0.0292 0.2400 0.2479 0.2439 0.2390 
         242  1 0.0857 0.2312 0.2388 0.2497 0.1947 
         243  1 0.0317 0.2667 0.2801 0.2234 0.1981 
         244  1 0.0594 0.2411 0.2732 0.2529 0.1733 
         245  1 0.0266 0.2399 0.2603 0.1962 0.2770 
         246  1 0.0144 0.2754 0.2476 0.2233 0.2393 
         247  1 0.0932 0.2197 0.2704 0.2283 0.1885 
         248  1 0.1004 0.2351 0.2321 0.2580 0.1744 
         249  1 0.2426 0.1839 0.1552 0.1651 0.2533 
         250  1 0.0370 0.2186 0.2418 0.2247 0.2778 
         251  1 0.0373 0.2205 0.2037 0.2264 0.3121 
         252  1 0.0183 0.2423 0.2769 0.2634 0.1991 
         253  1 0.3588 0.1641 0.1653 0.1717 0.1400 
         254  1 0.7894 0.0535 0.0451 0.0481 0.0638 
         255  1 0.0967 0.2317 0.2222 0.2085 0.2409 
         256  1 0.0389 0.2391 0.1852 0.1784 0.3584 
         257  1 0.1297 0.2099 0.1985 0.2246 0.2374 
         258  1 0.0545 0.2390 0.2267 0.2129 0.2669 
         259  1 0.0518 0.2536 0.2315 0.2854 0.1777 
         260  1 0.0133 0.2324 0.3101 0.2798 0.1645 
         261  1 0.0275 0.2533 0.2532 0.2266 0.2394 
         262  1 0.0319 0.2302 0.2429 0.2651 0.2299 
         263  1 0.0863 0.2272 0.2476 0.2163 0.2225 
         264  1 0.0261 0.2538 0.2755 0.2384 0.2061 
         265  1 0.2197 0.1765 0.1974 0.2106 0.1958 
         266  1 0.0358 0.2680 0.2649 0.1958 0.2355 
         267  1 0.0399 0.2489 0.2295 0.2747 0.2070 
         268  1 0.0431 0.2311 0.2150 0.2888 0.2220 
         269  1 0.0764 0.2147 0.2644 0.2306 0.2140 
         270  1 0.4155 0.1446 0.1116 0.1254 0.2030 
         271  1 0.0406 0.2251 0.2302 0.2736 0.2304 
         272  1 0.0341 0.2569 0.2268 0.2003 0.2819 
         273  1 0.0201 0.2678 0.2542 0.2925 0.1653 
         274  1 0.0199 0.2853 0.2566 0.1965 0.2418 
         275  1 0.0542 0.2309 0.2380 0.2631 0.2137 
         276  1 0.0349 0.2221 0.2474 0.2854 0.2101 
         277  1 0.0914 0.2538 0.1886 0.1791 0.2871 
         278  1 0.0932 0.2414 0.2238 0.2928 0.1487 
         279  1 0.0141 0.1997 0.2524 0.2420 0.2918 
         280  1 0.0305 0.2647 0.2459 0.2296 0.2293 
         281  1 0.1950 0.2004 0.1860 0.2207 0.1980 
         282  1 0.0327 0.2363 0.2972 0.2134 0.2204 
         283  1 0.0185 0.2554 0.2152 0.1948 0.3162 
         284  1 0.0228 0.2437 0.2314 0.1890 0.3130 
         285  1 0.0508 0.2335 0.2578 0.2133 0.2446 
         286  1 0.2989 0.1746 0.1831 0.1682 0.1753 
         287  1 0.0409 0.2570 0.2320 0.2272 0.2429 
         288  1 0.0271 0.2537 0.2449 0.2581 0.2162 
         289  1 0.0493 0.2544 0.2394 0.2501 0.2068 
         290  1 0.0287 0.2351 0.2910 0.2754 0.1698 
         291  1 0.0595 0.2283 0.2392 0.2373 0.2357 
         292  1 0.0561 0.2370 0.1813 0.1695 0.3562 
         293  1 0.0304 0.2361 0.2375 0.3092 0.1868 
         294  1 0.0327 0.2350 0.2251 0.2285 0.2788 
         295  1 0.0557 0.2048 0.2460 0.2650 0.2285 
         296  1 0.1941 0.1893 0.1956 0.2081 0.2130 
         297  1 0.0574 0.2415 0.2454 0.2433 0.2124 
         298  1 0.0185 0.2640 0.2408 0.2523 0.2243 
         299  1 0.0636 0.2354 0.2507 0.2519 0.1983 
         300  1 0.1771 0.1934 0.2230 0.1757 0.2308 
         301  1 0.2892 0.1532 0.2065 0.1825 0.1685 
         302  1 0.0587 0.2385 0.2066 0.2185 0.2777 
         303  1 0.0569 0.2558 0.2652 0.2199 0.2022 
         304  1 0.0474 0.2354 0.3129 0.2017 0.2026 
         305  1 0.0343 0.2722 0.2218 0.2088 0.2628 
         306  1 0.0922 0.2293 0.2231 0.2743 0.1812 
         307  1 0.0257 0.2579 0.2459 0.1980 0.2725 
         308  1 0.0574 0.2528 0.2297 0.2259 0.2343 
         309  1 0.0583 0.2385 0.2306 0.2376 0.2350 
         310  1 0.0567 0.2393 0.1584 0.1881 0.3575 
         311  1 0.0414 0.2573 0.2332 0.2291 0.2390 
         312  1 0.0581 0.2180 0.2539 0.2671 0.2029 
         313  1 0.0321 0.2668 0.2223 0.2368 0.2420 
         314  1 0.0364 0.2496 0.2640 0.2232 0.2267 
         315  1 0.0249 0.2358 0.2534 0.2488 0.2370 
         316  1 0.4222 0.1378 0.1342 0.1472 0.1586 
         317  1 0.0481 0.2468 0.2250 0.1947 0.2854 
         318  1 0.0330 0.2295 0.2348 0.2663 0.2364 
         319  1 0.0416 0.2196 0.2231 0.2638 0.2519 
         320  1 0.0412 0.2593 0.2448 0.2413 0.2134 
         321  1 0.5086 0.1202 0.1216 0.1285 0.1211 
         322  1 0.0713 0.2595 0.1988 0.2173 0.2531 
         323  1 0.0555 0.2418 0.2475 0.2327 0.2226 
         324  1 0.0505 0.2421 0.2558 0.1961 0.2555 
         325  1 0.0223 0.2669 0.2304 0.2575 0.2229 
         326  1 0.0225 0.2200 0.2154 0.2216 0.3206 
         327  1 0.1859 0.1942 0.1777 0.2346 0.2077 
         328  1 0.0142 0.2566 0.2558 0.2330 0.2404 
         329  1 0.0434 0.2047 0.2318 0.2897 0.2303 
         330  1 0.1346 0.2106 0.2192 0.2175 0.2182 
         331  1 0.0614 0.2441 0.2327 0.2415 0.2203 
         332  1 0.0221 0.2611 0.2213 0.2575 0.2380 
         333  1 0.0275 0.2318 0.2433 0.2589 0.2385 
         334  1 0.0408 0.2548 0.2309 0.1990 0.2745 
         335  1 0.2818 0.1894 0.1590 0.2019 0.1680 
         336  1 0.1025 0.2172 0.2302 0.2323 0.2177 
         337  1 0.0153 0.2567 0.1678 0.1912 0.3690 
         338  1 0.0229 0.2404 0.2917 0.2741 0.1708 
         339  1 0.0525 0.2451 0.1513 0.1877 0.3634 
         340  1 0.3883 0.1584 0.1410 0.1328 0.1796 
         341  1 0.1318 0.2116 0.2344 0.2133 0.2090 
         342  1 0.0383 0.2626 0.2204 0.2184 0.2605 
         343  1 0.0293 0.2087 0.2276 0.2683 0.2662 
         344  1 0.0567 0.1984 0.2072 0.2383 0.2994 
         345  1 0.0266 0.2475 0.2305 0.3167 0.1788 
         346  1 0.0451 0.2190 0.2473 0.2392 0.2495 
         347  1 0.0337 0.2126 0.2374 0.2898 0.2266 
         348  1 0.0630 0.2279 0.2681 0.2045 0.2365 
         349  1 0.0723 0.2234 0.2666 0.2554 0.1823 
         350  1 0.2136 0.1890 0.2032 0.1978 0.1964 
         351  1 0.0869 0.1937 0.2281 0.2618 0.2294 
         352  1 0.0216 0.2412 0.2685 0.2610 0.2078 
         353  1 0.6709 0.0822 0.0791 0.0984 0.0694 
         354  1 0.0303 0.2554 0.2800 0.2393 0.1951 
         355  1 0.0242 0.2209 0.2613 0.2857 0.2080 
         356  1 0.0809 0.2314 0.2185 0.2396 0.2295 
         357  1 0.0536 0.2434 0.2201 0.3022 0.1807 
         358  1 0.0345 0.2558 0.2340 0.3102 0.1655 
         359  1 0.1181 0.2093 0.2566 0.2689 0.1471 
         360  1 0.0737 0.2353 0.2116 0.3267 0.1528 
         361  1 0.0413 0.2413 0.2324 0.2552 0.2299 
         362  1 0.2914 0.1722 0.1598 0.2050 0.1716 
         363  1 0.1741 0.2046 0.1964 0.1933 0.2315 
         364  1 0.0815 0.2199 0.2089 0.2363 0.2534 
         365  1 0.2663 0.1762 0.1683 0.1802 0.2090 
         366  1 0.0918 0.2177 0.2163 0.2514 0.2228 
         367  1 0.7052 0.0728 0.0686 0.0612 0.0922 
         368  1 0.0343 0.2276 0.2093 0.2463 0.2825 
         369  1 0.0353 0.2381 0.2514 0.2175 0.2577 
         370  1 0.0755 0.2282 0.2368 0.2938 0.1658 
         371  1 0.1475 0.2131 0.2077 0.2127 0.2189 
         372  1 0.0436 0.2631 0.2492 0.2062 0.2379 
         373  1 0.1624 0.1980 0.2280 0.2356 0.1760 
         374  1 0.0665 0.2277 0.2444 0.2837 0.1777 
         375  1 0.1105 0.1790 0.2201 0.2305 0.2599 
         376  1 0.1166 0.2037 0.2277 0.2539 0.1982 
         377  1 0.0377 0.2540 0.2295 0.3224 0.1563 
         378  1 0.0298 0.2256 0.2173 0.1995 0.3279 
         379  1 0.0922 0.2000 0.2169 0.2477 0.2432 
         380  1 0.0857 0.2369 0.2084 0.2723 0.1967 
         381  1 0.0445 0.2288 0.2650 0.2547 0.2070 
         382  1 0.0312 0.2546 0.2369 0.2767 0.2006 
         383  1 0.0667 0.2294 0.2146 0.2447 0.2446 
         384  1 0.0164 0.2609 0.2630 0.2241 0.2357 
         385  1 0.1356 0.2120 0.2036 0.1893 0.2594 
         386  1 0.0329 0.2458 0.2430 0.2394 0.2389 
         387  1 0.1872 0.1757 0.1750 0.1972 0.2649 
         388  1 0.4895 0.1280 0.1271 0.1649 0.0904 
         389  1 0.4562 0.1324 0.1330 0.1655 0.1129 
         390  1 0.0409 0.2377 0.2228 0.2210 0.2775 
         391  1 0.0439 0.2439 0.2354 0.2847 0.1920 
         392  1 0.1178 0.2114 0.2342 0.1880 0.2486 
         393  1 0.0377 0.2157 0.2732 0.2419 0.2316 
         394  1 0.0596 0.1951 0.2381 0.2764 0.2307 
         395  1 0.1032 0.2287 0.2318 0.1744 0.2619 
         396  1 0.0343 0.2622 0.1650 0.1627 0.3757 
         397  1 0.2656 0.1723 0.1702 0.2142 0.1777 
         398  1 0.0207 0.2181 0.2514 0.2218 0.2879 
         399  1 0.0174 0.2299 0.2815 0.2550 0.2162 
         400  1 0.0873 0.2328 0.2141 0.1988 0.2671 
         401  1 0.1846 0.1934 0.1709 0.2013 0.2498 
         402  1 0.0549 0.2434 0.2025 0.1746 0.3246 
         403  1 0.2652 0.1720 0.1568 0.1465 0.2595 
         404  1 0.0496 0.2272 0.3225 0.2150 0.1857 
         405  1 0.0289 0.2527 0.2387 0.2657 0.2140 
         406  1 0.6113 0.0963 0.0980 0.0977 0.0968 
         407  1 0.2899 0.1610 0.1804 0.1957 0.1730 
         408  1 0.0233 0.2439 0.2335 0.2581 0.2413 
         409  1 0.0668 0.2281 0.1917 0.2315 0.2818 
         410  1 0.2864 0.1744 0.1740 0.1626 0.2026 
         411  1 0.0327 0.2364 0.2538 0.2708 0.2063 
         412  1 0.0437 0.2291 0.2342 0.2148 0.2782 
         413  1 0.0195 0.2571 0.2556 0.2390 0.2288 
         414  1 0.1716 0.2092 0.1680 0.2373 0.2139 
         415  1 0.0422 0.2145 0.2349 0.2621 0.2463 
         416  1 0.0274 0.2303 0.2347 0.2890 0.2186 
         417  1 0.0843 0.2350 0.2161 0.3015 0.1631 
         418  1 0.0254 0.2390 0.2721 0.2256 0.2379 
         419  1 0.0699 0.2326 0.2416 0.2786 0.1774 
         420  1 0.5099 0.1191 0.1189 0.1248 0.1273 
         421  1 0.0460 0.2587 0.2189 0.1760 0.3004 
         422  1 0.0202 0.2706 0.2520 0.2338 0.2235 
         423  1 0.0273 0.2288 0.2758 0.2886 0.1795 
         424  1 0.1730 0.2053 0.2140 0.2349 0.1728 
         425  1 0.1411 0.2007 0.2176 0.2007 0.2398 
         426  1 0.0630 0.2229 0.2230 0.2146 0.2764 
         427  1 0.0225 0.2332 0.2315 0.2653 0.2475 
         428  1 0.0373 0.2474 0.1783 0.1546 0.3823 
         429  1 0.4593 0.1203 0.1291 0.1305 0.1608 
         430  1 0.0440 0.2496 0.2186 0.2134 0.2745 
         431  1 0.0293 0.2331 0.2471 0.2474 0.2431 
         432  1 0.0196 0.2423 0.2613 0.3262 0.1506 
         433  1 0.0188 0.2518 0.2506 0.2774 0.2013 
         434  1 0.0413 0.2415 0.2604 0.2537 0.2030 
         435  1 0.0750 0.2240 0.2155 0.2004 0.2851 
         436  1 0.0436 0.2415 0.2079 0.2035 0.3035 
         437  1 0.0312 0.2166 0.2617 0.2517 0.2388 
         438  1 0.0441 0.2344 0.2304 0.2551 0.2360 
         439  1 0.0737 0.2530 0.1685 0.1620 0.3429 
         440  1 0.0199 0.2947 0.2391 0.2094 0.2369 
         441  1 0.1341 0.1893 0.1993 0.2242 0.2530 
         442  1 0.2042 0.1881 0.1907 0.2602 0.1568 
         443  1 0.0256 0.2210 0.2228 0.2861 0.2445 
         444  1 0.0158 0.2412 0.2594 0.2795 0.2040 
         445  1 0.0515 0.2316 0.2192 0.2250 0.2727 
         446  1 0.0499 0.2296 0.2759 0.2410 0.2036 
         447  1 0.3052 0.1731 0.1777 0.1970 0.1470 
         448  1 0.0437 0.2401 0.2190 0.2181 0.2791 
         449  1 0.0257 0.2852 0.2205 0.2257 0.2429 
         450  1 0.3398 0.1576 0.1903 0.1567 0.1556 
         451  1 0.4228 0.1401 0.1351 0.1229 0.1791 
         452  1 0.0257 0.2266 0.3138 0.2192 0.2147 
         453  1 0.0688 0.2352 0.1805 0.1800 0.3355 
         454  1 0.0525 0.2262 0.2173 0.2333 0.2707 
         455  1 0.0471 0.2323 0.3075 0.1927 0.2205 
         456  1 0.0679 0.2429 0.2234 0.2739 0.1919 
         457  1 0.0213 0.2441 0.2643 0.2006 0.2697 
         458  1 0.0331 0.2531 0.2478 0.2380 0.2281 
         459  1 0.2436 0.1884 0.1815 0.2033 0.1833 
         460  1 0.5553 0.1050 0.1107 0.1172 0.1118 
         461  1 0.0799 0.2312 0.2378 0.2292 0.2219 
         462  1 0.0292 0.2410 0.2126 0.2539 0.2633 
         463  1 0.0244 0.2656 0.2735 0.2228 0.2137 
         464  1 0.0342 0.2316 0.2735 0.2546 0.2061 
         465  1 0.0890 0.2326 0.2258 0.2257 0.2268 
         466  1 0.2858 0.1666 0.1707 0.1897 0.1871 
         467  1 0.0266 0.2238 0.2818 0.2737 0.1940 
         468  1 0.0465 0.2379 0.2635 0.2103 0.2417 
         469  1 0.0174 0.2451 0.2438 0.2206 0.2732 
         470  1 0.2024 0.1995 0.2240 0.1998 0.1742 
         471  1 0.1650 0.2163 0.2180 0.2227 0.1780 
         472  1 0.0803 0.2322 0.2231 0.2270 0.2373 
         473  1 0.0280 0.2423 0.2591 0.2752 0.1954 
         474  1 0.0577 0.2310 0.2611 0.2382 0.2119 
         475  1 0.0148 0.2406 0.3129 0.2908 0.1409 
         476  1 0.3952 0.1410 0.1446 0.1576 0.1616 
         477  1 0.1262 0.2117 0.2484 0.2073 0.2064 
         478  1 0.0800 0.2437 0.2296 0.2439 0.2029 
         479  1 0.0625 0.1994 0.2883 0.2605 0.1892 
         480  1 0.1094 0.2273 0.2208 0.2570 0.1855 
         481  1 0.1412 0.2049 0.2131 0.1951 0.2456 
         482  1 0.2217 0.1906 0.2061 0.1466 0.2350 
         483  1 0.0235 0.2404 0.2060 0.2191 0.3110 
         484  1 0.1309 0.2226 0.1879 0.1993 0.2593 
         485  1 0.2204 0.1969 0.1791 0.1759 0.2277 
         486  1 0.1350 0.2114 0.2450 0.2363 0.1723 
         487  1 0.0530 0.2292 0.2284 0.2767 0.2127 
         488  1 0.2094 0.1619 0.1577 0.2029 0.2681 
         489  1 0.0330 0.2465 0.2385 0.2100 0.2721 
         490  1 0.0757 0.2409 0.1998 0.2659 0.2177 
         491  1 0.0777 0.2294 0.2378 0.2332 0.2219 
         492  1 0.1372 0.1997 0.1848 0.2345 0.2438 
         493  1 0.0212 0.2589 0.2485 0.2075 0.2639 
         494  1 0.0307 0.2313 0.2664 0.2636 0.2080 
         495  1 0.0840 0.2409 0.2106 0.2795 0.1850 
         496  1 0.1375 0.2344 0.1734 0.1707 0.2840 
         497  1 0.0427 0.2249 0.2363 0.2376 0.2585 
         498  1 0.0236 0.2731 0.2529 0.2221 0.2282 
         499  1 0.4016 0.1420 0.1626 0.1557 0.1381 
         500  1 0.0255 0.2449 0.2696 0.2674 0.1926 
         501  1 0.1834 0.1877 0.2583 0.1948 0.1757 
         502  1 0.0357 0.2179 0.2354 0.2370 0.2740 
         503  1 0.0257 0.2619 0.2257 0.2146 0.2722 
         504  1 0.0120 0.2616 0.2915 0.1987 0.2362 
         505  1 0.5951 0.0905 0.1006 0.0923 0.1214 
         506  1 0.4927 0.1137 0.1033 0.1023 0.1881 
         507  1 0.1715 0.1972 0.1812 0.2346 0.2155 
         508  1 0.0398 0.2647 0.2396 0.2270 0.2289 
         509  1 0.4875 0.1261 0.1564 0.1097 0.1202 
         510  1 0.0736 0.2031 0.2809 0.2160 0.2264 
         511  1 0.0389 0.2389 0.2312 0.2567 0.2344 
         512  1 0.2551 0.2019 0.1800 0.2004 0.1626 
         513  1 0.0590 0.2351 0.2670 0.2144 0.2245 
         514  1 0.3144 0.1646 0.1829 0.1474 0.1907 
         515  1 0.1210 0.2035 0.1908 0.2091 0.2756 
         516  1 0.2249 0.1739 0.1863 0.1969 0.2179 
         517  1 0.0368 0.2173 0.2282 0.2391 0.2785 
         518  1 0.0758 0.1948 0.1899 0.2524 0.2871 
         519  1 0.0164 0.2160 0.2819 0.2443 0.2414 
         520  1 0.0959 0.2230 0.2254 0.2127 0.2429 
         521  1 0.0598 0.2091 0.2471 0.2679 0.2161 
         522  1 0.4147 0.1363 0.1341 0.1489 0.1660 
         523  1 0.0230 0.2378 0.3230 0.2213 0.1949 
         524  1 0.0949 0.1852 0.2550 0.2169 0.2480 
         525  1 0.2371 0.2116 0.1816 0.2501 0.1196 
         526  1 0.0208 0.2540 0.2628 0.2530 0.2094 
         527  1 0.3803 0.1638 0.1606 0.1423 0.1530 
         528  1 0.2235 0.2153 0.1650 0.1764 0.2198 
         529  1 0.0572 0.2286 0.2096 0.2106 0.2940 
         530  1 0.1752 0.2053 0.1968 0.2037 0.2190 
         531  1 0.0862 0.2273 0.2653 0.2285 0.1926 
         532  1 0.0528 0.2270 0.2466 0.2594 0.2142 
         533  1 0.0456 0.2267 0.2290 0.2235 0.2751 
         534  1 0.0505 0.2743 0.2451 0.2100 0.2201 
         535  1 0.0885 0.2478 0.2241 0.2186 0.2208 
         536  1 0.1118 0.2122 0.2695 0.2172 0.1893 
         537  1 0.1014 0.1961 0.1788 0.2019 0.3217 
         538  1 0.6370 0.0878 0.0922 0.1051 0.0779 
         539  1 0.2202 0.2025 0.2020 0.1773 0.1979 
         540  1 0.0383 0.2153 0.3122 0.2091 0.2251 
         541  1 0.0259 0.2397 0.3122 0.1951 0.2271 
         542  1 0.0289 0.2286 0.2218 0.2659 0.2548 
         543  1 0.0208 0.2796 0.2548 0.2211 0.2237 
         544  1 0.0414 0.2393 0.2278 0.2952 0.1963 
         545  1 0.0485 0.2500 0.2511 0.2028 0.2477 
         546  1 0.0166 0.2431 0.3190 0.2174 0.2040 
         547  1 0.0622 0.2063 0.2976 0.2481 0.1857 
         548  1 0.0240 0.2584 0.2875 0.2198 0.2103 
         549  1 0.0324 0.2525 0.2369 0.2891 0.1891 
         550  1 0.0168 0.2161 0.3116 0.2454 0.2101 
         551  1 0.0304 0.2472 0.2804 0.1976 0.2444 
         552  1 0.0614 0.2280 0.2471 0.2802 0.1834 
         553  1 0.0595 0.2418 0.2384 0.2359 0.2244 
         554  1 0.0271 0.2481 0.2403 0.2923 0.1921 
         555  1 0.0902 0.1914 0.1932 0.2645 0.2607 
         556  1 0.0938 0.2417 0.2062 0.1935 0.2648 
         557  1 0.1308 0.2250 0.1924 0.1849 0.2669 
         558  1 0.1817 0.1872 0.1672 0.1974 0.2665 
         559  1 0.8359 0.0376 0.0381 0.0395 0.0488 
         560  1 0.1037 0.2147 0.2464 0.2490 0.1862 
         561  1 0.7288 0.0527 0.0558 0.0778 0.0850 
         562  1 0.2670 0.1630 0.1936 0.1771 0.1994 
         563  1 0.8308 0.0419 0.0432 0.0445 0.0396 
         564  1 0.4867 0.1221 0.1150 0.1297 0.1466 
         565  1 0.8410 0.0382 0.0409 0.0410 0.0388 
         566  1 0.2740 0.1829 0.1759 0.1928 0.1745 
         567  1 0.5140 0.1296 0.1270 0.1304 0.0990 
         568  1 0.0775 0.2257 0.2731 0.2404 0.1834 
         569  1 0.4250 0.1367 0.1256 0.1515 0.1612 
         570  1 0.2260 0.1986 0.1722 0.1625 0.2407 
         571  1 0.4112 0.1291 0.1358 0.1647 0.1592 
         572  1 0.6568 0.0759 0.0805 0.0964 0.0903 
         573  1 0.8543 0.0385 0.0336 0.0359 0.0377 
         574  1 0.2611 0.1698 0.1699 0.2031 0.1960 
         575  1 0.5297 0.1062 0.1239 0.1382 0.1020 
         576  1 0.5560 0.1017 0.1152 0.1229 0.1042 
         577  1 0.7983 0.0532 0.0496 0.0512 0.0478 
         578  1 0.5053 0.1271 0.1122 0.1410 0.1144 
         579  1 0.6416 0.0894 0.0893 0.0861 0.0936 
         580  1 0.7896 0.0515 0.0529 0.0628 0.0432 
         581  1 0.5041 0.1291 0.1329 0.1102 0.1238 
         582  1 0.7474 0.0631 0.0603 0.0649 0.0643 
         583  1 0.8635 0.0338 0.0349 0.0340 0.0338 
         584  1 0.8187 0.0450 0.0427 0.0418 0.0518 
         585  1 0.8038 0.0497 0.0489 0.0551 0.0424 
         586  1 0.3535 0.1534 0.1499 0.1779 0.1655 
         587  1 0.1845 0.1872 0.2015 0.2420 0.1848 
         588  1 0.2850 0.1821 0.1903 0.1588 0.1837 
         589  1 0.2141 0.1586 0.1788 0.2600 0.1885 
         590  1 0.8922 0.0249 0.0271 0.0271 0.0286 
         591  1 0.5910 0.1031 0.0822 0.1070 0.1168 
         592  1 0.7217 0.0695 0.0680 0.0801 0.0607 
         593  1 0.5456 0.1227 0.0932 0.1029 0.1356 
         594  1 0.9030 0.0246 0.0239 0.0246 0.0239 
         595  1 0.8262 0.0403 0.0412 0.0427 0.0496 
         596  1 0.6685 0.0824 0.0799 0.0851 0.0840 
         597  1 0.7357 0.0646 0.0696 0.0630 0.0671 
         598  1 0.9321 0.0171 0.0163 0.0178 0.0167 
         599  1 0.7909 0.0514 0.0481 0.0507 0.0589 
         600  1 0.0706 0.2309 0.1885 0.1762 0.3339 
         601  1 0.6717 0.0823 0.0722 0.0837 0.0901 
         602  1 0.9299 0.0170 0.0177 0.0173 0.0180 
         603  1 0.5446 0.1066 0.0986 0.1348 0.1153 
         604  1 0.6445 0.0870 0.0816 0.0712 0.1157 
         605  1 0.7750 0.0543 0.0529 0.0598 0.0580 
         606  1 0.2601 0.1809 0.1832 0.2438 0.1319 
         607  1 0.1772 0.2035 0.2001 0.1860 0.2332 
         608  1 0.7568 0.0583 0.0595 0.0644 0.0611 
         609  1 0.2722 0.1749 0.1653 0.2042 0.1833 
         610  1 0.8666 0.0357 0.0315 0.0313 0.0350 
         611  1 0.2541 0.1794 0.1662 0.1870 0.2132 
         612  1 0.9043 0.0227 0.0224 0.0250 0.0256 
         613  1 0.2736 0.1815 0.1541 0.1743 0.2165 
         614  1 0.6982 0.0709 0.0698 0.0724 0.0887 
         615  1 0.5701 0.1092 0.0776 0.0931 0.1499 
         616  1 0.5275 0.1235 0.0863 0.0853 0.1775 
         617  1 0.5531 0.1045 0.1272 0.1041 0.1111 
         618  1 0.8595 0.0363 0.0347 0.0350 0.0345 
         619  1 0.9141 0.0218 0.0210 0.0221 0.0210 
         620  1 0.9265 0.0178 0.0174 0.0190 0.0193 
         621  1 0.7867 0.0517 0.0494 0.0524 0.0599 
         622  1 0.8426 0.0376 0.0383 0.0414 0.0401 
         623  1 0.8808 0.0324 0.0315 0.0270 0.0283 
         624  1 0.7911 0.0479 0.0601 0.0530 0.0479 
         625  1 0.8691 0.0333 0.0335 0.0341 0.0300 
         626  1 0.9371 0.0164 0.0156 0.0152 0.0158 
         627  1 0.8976 0.0248 0.0230 0.0273 0.0272 
         628  1 0.9196 0.0200 0.0211 0.0204 0.0189 
         629  1 0.8987 0.0246 0.0257 0.0240 0.0270 
         630  1 0.8453 0.0368 0.0394 0.0362 0.0423 
         631  1 0.9114 0.0203 0.0227 0.0217 0.0239 
         632  1 0.3920 0.1202 0.1338 0.2007 0.1533 
         633  1 0.9215 0.0198 0.0199 0.0197 0.0191 
         634  1 0.3646 0.1533 0.1662 0.1640 0.1519 
         635  1 0.5434 0.0962 0.1198 0.1262 0.1145 
         636  1 0.7011 0.0725 0.0599 0.0604 0.1060 
         637  1 0.9290 0.0180 0.0167 0.0185 0.0179 
         638  1 0.5299 0.1069 0.1236 0.1416 0.0979 
         639  1 0.8949 0.0236 0.0245 0.0274 0.0297 
         640  1 0.8466 0.0396 0.0333 0.0378 0.0427 
         641  1 0.8551 0.0348 0.0354 0.0414 0.0333 
         642  1 0.7546 0.0593 0.0572 0.0657 0.0632 
         643  1 0.8882 0.0279 0.0274 0.0293 0.0272 
         644  1 0.7682 0.0530 0.0489 0.0551 0.0748 
         645  1 0.7153 0.0599 0.0553 0.0752 0.0943 
         646  1 0.8534 0.0362 0.0331 0.0332 0.0441 
         647  1 0.2025 0.2109 0.1792 0.2314 0.1760 
         648  1 0.4125 0.1301 0.1325 0.1801 0.1448 
         649  1 0.8769 0.0323 0.0278 0.0287 0.0343 
         650  1 0.3660 0.1710 0.1086 0.1023 0.2522 
         651  1 0.8417 0.0380 0.0380 0.0415 0.0408 
         652  1 0.7695 0.0527 0.0552 0.0658 0.0569 
         653  1 0.7320 0.0684 0.0716 0.0687 0.0593 
         654  1 0.8857 0.0297 0.0278 0.0287 0.0282 
         655  1 0.8688 0.0332 0.0314 0.0357 0.0310 
         656  1 0.9434 0.0143 0.0142 0.0143 0.0138 
         657  1 0.9110 0.0223 0.0213 0.0222 0.0231 
         658  1 0.7935 0.0498 0.0484 0.0556 0.0527 
         659  1 0.4026 0.1515 0.1212 0.1418 0.1829 
         660  1 0.9156 0.0210 0.0217 0.0214 0.0203 
         661  1 0.3698 0.1542 0.1465 0.1715 0.1580 
         662  1 0.9181 0.0202 0.0198 0.0195 0.0223 
         663  1 0.7193 0.0669 0.0745 0.0746 0.0647 
         664  1 0.7313 0.0657 0.0646 0.0637 0.0747 
         665  1 0.9000 0.0236 0.0222 0.0293 0.0248 
         666  1 0.8889 0.0281 0.0254 0.0290 0.0285 
         667  1 0.7717 0.0555 0.0583 0.0583 0.0562 
         668  1 0.7653 0.0562 0.0547 0.0578 0.0660 
