           1  1 0.1109 0.1073 0.1040 0.0986 0.0995 0.0775 0.1301 0.1234 0.1487 
           2  1 0.0942 0.1181 0.1330 0.1254 0.1200 0.0412 0.1257 0.1314 0.1109 
           3  1 0.1098 0.1266 0.1153 0.1165 0.1193 0.0240 0.1366 0.1200 0.1319 
           4  1 0.1029 0.1086 0.1252 0.1222 0.1149 0.0717 0.1268 0.1200 0.1076 
           5  1 0.1137 0.1431 0.1173 0.1102 0.1121 0.0150 0.1488 0.1127 0.1271 
           6  1 0.0953 0.1159 0.1489 0.1454 0.1189 0.0499 0.1097 0.1200 0.0961 
           7  1 0.1323 0.1148 0.1248 0.1067 0.1266 0.0132 0.1418 0.1203 0.1196 
           8  1 0.0821 0.0819 0.0676 0.0762 0.0815 0.3803 0.0753 0.0805 0.0745 
           9  1 0.1150 0.1159 0.1278 0.1281 0.1166 0.0106 0.1314 0.1290 0.1256 
          10  1 0.1225 0.1059 0.1367 0.1265 0.1316 0.0242 0.1226 0.1178 0.1122 
          11  1 0.1184 0.1348 0.1312 0.1111 0.1191 0.0154 0.1277 0.1255 0.1168 
          12  1 0.1015 0.1244 0.1502 0.1194 0.1065 0.0210 0.1559 0.1144 0.1068 
          13  1 0.1067 0.1085 0.1455 0.1623 0.1266 0.0241 0.1177 0.1140 0.0947 
          14  1 0.1043 0.1289 0.1205 0.1143 0.1076 0.0176 0.1348 0.1365 0.1355 
          15  1 0.1028 0.1103 0.1364 0.1391 0.1237 0.0462 0.1173 0.1084 0.1159 
          16  1 0.1184 0.1122 0.1309 0.1235 0.1441 0.0194 0.1267 0.1301 0.0947 
          17  1 0.1208 0.1330 0.1142 0.1219 0.1220 0.0181 0.1172 0.1193 0.1335 
          18  1 0.0795 0.0982 0.1058 0.0999 0.1044 0.1981 0.1064 0.1122 0.0957 
          19  1 0.1122 0.1313 0.1134 0.1088 0.1125 0.0497 0.1434 0.0977 0.1309 
          20  1 0.1323 0.1083 0.1218 0.1158 0.1281 0.0141 0.1293 0.1226 0.1277 
          21  1 0.1146 0.1187 0.1209 0.1190 0.1220 0.0194 0.1337 0.1083 0.1434 
          22  1 0.1233 0.1166 0.1322 0.1463 0.1269 0.0124 0.1105 0.1222 0.1097 
          23  1 0.1037 0.1187 0.1244 0.1155 0.1147 0.0553 0.1205 0.1299 0.1173 
          24  1 0.0963 0.1171 0.1273 0.1299 0.1093 0.0390 0.1283 0.1466 0.1063 
          25  1 0.1285 0.1278 0.1152 0.1204 0.1289 0.0206 0.1118 0.1217 0.1251 
          26  1 0.1154 0.1356 0.1205 0.1002 0.1160 0.0188 0.1464 0.1206 0.1264 
          27  1 0.1224 0.1318 0.1150 0.1038 0.1077 0.0245 0.1511 0.1165 0.1272 
          28  1 0.0972 0.1138 0.1280 0.1474 0.1245 0.0264 0.1245 0.1232 0.1150 
          29  1 0.0917 0.1225 0.1388 0.1335 0.1259 0.0119 0.1219 0.1385 0.1153 
          30  1 0.0969 0.1220 0.1126 0.1254 0.1338 0.0211 0.1301 0.1229 0.1353 
          31  1 0.1278 0.1015 0.1150 0.1162 0.1302 0.0565 0.1065 0.1336 0.1127 
          32  1 0.0926 0.1183 0.1510 0.1534 0.1250 0.0153 0.1142 0.1200 0.1102 
          33  1 0.0803 0.1200 0.1528 0.1662 0.1290 0.0455 0.1040 0.1052 0.0970 
          34  1 0.1206 0.1169 0.1151 0.1200 0.1312 0.0289 0.1259 0.1158 0.1255 
          35  1 0.1351 0.1261 0.1154 0.1176 0.1225 0.0225 0.1141 0.1217 0.1249 
          36  1 0.0850 0.1186 0.1302 0.1391 0.1249 0.0124 0.1249 0.1303 0.1347 
          37  1 0.1140 0.1387 0.1226 0.1076 0.1031 0.0150 0.1578 0.1153 0.1258 
          38  1 0.1211 0.1252 0.1267 0.1232 0.1131 0.0141 0.1384 0.1275 0.1108 
          39  1 0.1135 0.1234 0.1296 0.1127 0.1187 0.0299 0.1229 0.1187 0.1306 
          40  1 0.1240 0.1187 0.0933 0.1174 0.1175 0.1434 0.0984 0.0873 0.1000 
          41  1 0.1286 0.1159 0.1128 0.1109 0.1297 0.0230 0.1292 0.1243 0.1256 
          42  1 0.1079 0.1219 0.1308 0.1489 0.1284 0.0125 0.1242 0.1210 0.1044 
          43  1 0.1302 0.1223 0.1361 0.1088 0.0944 0.0403 0.1422 0.1163 0.1094 
          44  1 0.0998 0.1309 0.1263 0.1155 0.1089 0.0195 0.1454 0.1197 0.1341 
          45  1 0.0867 0.1167 0.1285 0.1484 0.1198 0.0136 0.1141 0.1281 0.1441 
          46  1 0.0849 0.1103 0.1579 0.1448 0.1244 0.0286 0.1173 0.1390 0.0928 
          47  1 0.1105 0.1317 0.1154 0.1044 0.1116 0.0249 0.1451 0.1119 0.1443 
          48  1 0.1135 0.1208 0.1196 0.1099 0.1031 0.0756 0.1239 0.1166 0.1169 
          49  1 0.1090 0.1239 0.1307 0.1323 0.1236 0.0207 0.1342 0.1096 0.1160 
          50  1 0.0727 0.1187 0.1416 0.1778 0.1275 0.0100 0.1107 0.1220 0.1190 
          51  1 0.1025 0.1161 0.1221 0.1367 0.1225 0.0312 0.1185 0.1310 0.1195 
          52  1 0.1226 0.1186 0.1282 0.1114 0.1276 0.0178 0.1347 0.1227 0.1163 
          53  1 0.1101 0.1255 0.1304 0.1266 0.1209 0.0172 0.1331 0.1172 0.1191 
          54  1 0.1005 0.1152 0.1355 0.1214 0.1083 0.0635 0.1403 0.1054 0.1097 
          55  1 0.0798 0.0936 0.0940 0.0905 0.0931 0.2514 0.0997 0.1054 0.0926 
          56  1 0.1280 0.1096 0.1390 0.1143 0.1177 0.0221 0.1339 0.1167 0.1186 
          57  1 0.0688 0.1329 0.1664 0.1577 0.1227 0.0084 0.1127 0.1321 0.0983 
          58  1 0.0931 0.1171 0.1461 0.1329 0.1188 0.0197 0.1296 0.1385 0.1041 
          59  1 0.0782 0.1196 0.1504 0.1362 0.1175 0.0101 0.1302 0.1444 0.1136 
          60  1 0.0980 0.1246 0.1334 0.1335 0.1179 0.0141 0.1296 0.1228 0.1262 
          61  1 0.0916 0.1026 0.1241 0.1174 0.1120 0.1096 0.1255 0.1151 0.1020 
          62  1 0.0817 0.1351 0.1437 0.1480 0.1159 0.0092 0.1192 0.1194 0.1278 
          63  1 0.1031 0.1227 0.1399 0.1376 0.1169 0.0309 0.1242 0.1226 0.1020 
          64  1 0.1092 0.1221 0.1245 0.1110 0.1314 0.0178 0.1193 0.1309 0.1339 
          65  1 0.1310 0.1299 0.1138 0.1095 0.1126 0.0271 0.1420 0.1127 0.1214 
          66  1 0.1145 0.1210 0.1265 0.1222 0.1159 0.0235 0.1385 0.1220 0.1159 
          67  1 0.0989 0.1151 0.1267 0.1271 0.1338 0.0149 0.1207 0.1405 0.1224 
          68  1 0.1031 0.1285 0.1366 0.1361 0.1211 0.0142 0.1239 0.1190 0.1173 
          69  1 0.0951 0.1175 0.1409 0.1317 0.1128 0.0380 0.1148 0.1444 0.1048 
          70  1 0.1695 0.1074 0.1108 0.1583 0.1323 0.0308 0.0838 0.0882 0.1191 
          71  1 0.1076 0.0937 0.1042 0.0975 0.0970 0.1801 0.1078 0.1084 0.1036 
          72  1 0.0819 0.1194 0.1389 0.1398 0.1201 0.0129 0.1175 0.1398 0.1296 
          73  1 0.1205 0.1247 0.1138 0.0947 0.1086 0.0432 0.1255 0.1320 0.1371 
          74  1 0.1220 0.1099 0.1140 0.1121 0.1239 0.0504 0.1193 0.1302 0.1183 
          75  1 0.1176 0.1227 0.1320 0.1284 0.1195 0.0203 0.1318 0.1113 0.1162 
          76  1 0.1277 0.1163 0.1122 0.1184 0.1298 0.0668 0.1154 0.1031 0.1102 
          77  1 0.1260 0.1136 0.1126 0.1155 0.1267 0.0600 0.1153 0.1199 0.1105 
          78  1 0.1188 0.1480 0.1094 0.0897 0.1028 0.0284 0.1236 0.1461 0.1331 
          79  1 0.1374 0.1242 0.1455 0.1069 0.1038 0.0120 0.1400 0.1097 0.1205 
          80  1 0.1007 0.1118 0.1243 0.1298 0.1185 0.0963 0.1151 0.1055 0.0979 
          81  1 0.1111 0.1228 0.1037 0.1059 0.1170 0.0794 0.1109 0.1248 0.1243 
          82  1 0.1287 0.1274 0.1089 0.1067 0.1171 0.0216 0.1186 0.1421 0.1290 
          83  1 0.1207 0.1240 0.1056 0.1138 0.1206 0.0452 0.1183 0.1297 0.1220 
          84  1 0.1299 0.1179 0.1215 0.1330 0.1233 0.0393 0.1016 0.1099 0.1237 
          85  1 0.0842 0.1206 0.1684 0.1735 0.1197 0.0254 0.1044 0.1100 0.0937 
          86  1 0.1054 0.1066 0.1054 0.1081 0.1156 0.1224 0.1015 0.1101 0.1250 
          87  1 0.1101 0.1104 0.1226 0.1148 0.1295 0.0179 0.1292 0.1491 0.1164 
          88  1 0.0947 0.1133 0.1273 0.1518 0.1148 0.0428 0.1144 0.1217 0.1192 
          89  1 0.1405 0.1199 0.1145 0.1203 0.1192 0.0331 0.1188 0.1125 0.1211 
          90  1 0.1143 0.1050 0.0958 0.1072 0.1052 0.1379 0.1077 0.1151 0.1118 
          91  1 0.1088 0.1209 0.1279 0.1384 0.1186 0.0366 0.1268 0.1068 0.1152 
          92  1 0.0967 0.1159 0.1238 0.1292 0.1253 0.0375 0.1221 0.1226 0.1270 
          93  1 0.1002 0.1255 0.1287 0.1191 0.1191 0.0317 0.1222 0.1329 0.1207 
          94  1 0.1150 0.0956 0.0979 0.1001 0.1038 0.1588 0.0985 0.1122 0.1181 
          95  1 0.0978 0.1144 0.1209 0.1400 0.1355 0.0319 0.1045 0.1283 0.1267 
          96  1 0.1418 0.1107 0.1065 0.1063 0.1281 0.0461 0.1236 0.1101 0.1267 
          97  1 0.1139 0.1240 0.1320 0.1243 0.1187 0.0145 0.1320 0.1213 0.1193 
          98  1 0.1402 0.1113 0.1172 0.1583 0.1439 0.0175 0.0859 0.1112 0.1145 
          99  1 0.1366 0.1247 0.1270 0.1229 0.1197 0.0147 0.1206 0.1184 0.1153 
         100  1 0.1191 0.1146 0.1318 0.1072 0.0950 0.0249 0.1602 0.1430 0.1041 
         101  1 0.1198 0.1316 0.1030 0.0938 0.0946 0.0457 0.1154 0.1650 0.1311 
         102  1 0.0664 0.1224 0.1749 0.1745 0.1200 0.0169 0.1100 0.1175 0.0974 
         103  1 0.1028 0.1178 0.0998 0.0790 0.0853 0.0998 0.1263 0.1468 0.1424 
         104  1 0.1389 0.1241 0.1140 0.1306 0.1189 0.0258 0.1151 0.1135 0.1191 
         105  1 0.1282 0.1254 0.1176 0.1184 0.1151 0.0276 0.1279 0.1118 0.1280 
         106  1 0.1357 0.1182 0.1064 0.1332 0.1353 0.0371 0.0955 0.1145 0.1242 
         107  1 0.1139 0.1260 0.1257 0.1049 0.0997 0.0271 0.1385 0.1529 0.1113 
         108  1 0.0774 0.1140 0.1567 0.1639 0.1332 0.0325 0.1102 0.1180 0.0941 
         109  1 0.1292 0.1215 0.1173 0.0935 0.1186 0.0323 0.1326 0.1190 0.1360 
         110  1 0.1192 0.1211 0.1274 0.1204 0.1238 0.0243 0.1373 0.1118 0.1146 
         111  1 0.1209 0.1126 0.1282 0.1454 0.1249 0.0354 0.1112 0.1052 0.1160 
         112  1 0.1197 0.1208 0.1168 0.1046 0.0966 0.0272 0.1322 0.1584 0.1237 
         113  1 0.1078 0.1170 0.1453 0.1160 0.1186 0.0160 0.1368 0.1179 0.1247 
         114  1 0.1032 0.1255 0.1242 0.1145 0.1261 0.0530 0.1241 0.1140 0.1153 
         115  1 0.1229 0.1224 0.1240 0.1170 0.1075 0.0371 0.1326 0.1220 0.1145 
         116  1 0.1131 0.1239 0.1251 0.1329 0.1149 0.0152 0.1182 0.1149 0.1418 
         117  1 0.1120 0.1285 0.1242 0.1131 0.1155 0.0284 0.1234 0.1259 0.1290 
         118  1 0.1161 0.1107 0.1234 0.1235 0.1160 0.0419 0.1280 0.1250 0.1154 
         119  1 0.1664 0.1119 0.1198 0.1480 0.1506 0.0224 0.0829 0.0898 0.1082 
         120  1 0.1069 0.1120 0.1095 0.1113 0.1120 0.1371 0.1200 0.0933 0.0979 
         121  1 0.1287 0.1224 0.1168 0.1126 0.1217 0.0380 0.1300 0.1189 0.1109 
         122  1 0.1381 0.1207 0.1218 0.1598 0.1371 0.0295 0.0979 0.0979 0.0973 
         123  1 0.1083 0.1156 0.1314 0.1430 0.1284 0.0168 0.1149 0.1152 0.1263 
         124  1 0.1056 0.1224 0.1337 0.1425 0.1355 0.0179 0.1150 0.1194 0.1081 
         125  1 0.1467 0.1198 0.1103 0.1397 0.1360 0.0360 0.0967 0.0903 0.1246 
         126  1 0.0826 0.1183 0.1566 0.1771 0.1242 0.0159 0.1133 0.1126 0.0993 
         127  1 0.1094 0.1267 0.1244 0.1137 0.1104 0.0254 0.1365 0.1394 0.1141 
         128  1 0.1341 0.1219 0.1188 0.1208 0.1110 0.0178 0.1253 0.1343 0.1160 
         129  1 0.1134 0.0977 0.1021 0.0921 0.1051 0.1561 0.1054 0.1093 0.1189 
         130  1 0.1390 0.1067 0.1070 0.1195 0.1434 0.0528 0.1044 0.1092 0.1179 
         131  1 0.1069 0.1223 0.1381 0.1152 0.1215 0.0275 0.1325 0.1189 0.1171 
         132  1 0.1195 0.1239 0.1314 0.1159 0.1242 0.0171 0.1268 0.1216 0.1195 
         133  1 0.1491 0.1103 0.1142 0.1188 0.1463 0.0154 0.1184 0.1128 0.1146 
         134  1 0.1110 0.1111 0.1363 0.1323 0.1285 0.0317 0.1257 0.1116 0.1117 
         135  1 0.0795 0.0810 0.0800 0.0713 0.0748 0.3809 0.0798 0.0721 0.0806 
         136  1 0.1160 0.1241 0.1203 0.1231 0.1239 0.0345 0.1155 0.1266 0.1159 
         137  1 0.1212 0.1147 0.1121 0.0884 0.0990 0.1264 0.1108 0.1115 0.1158 
         138  1 0.0920 0.1171 0.1352 0.1400 0.1357 0.0226 0.1287 0.1195 0.1092 
         139  1 0.1251 0.1264 0.1165 0.1181 0.1125 0.0252 0.1296 0.1216 0.1251 
         140  1 0.1173 0.1280 0.1309 0.1050 0.1179 0.0442 0.1187 0.1131 0.1250 
         141  1 0.1221 0.1077 0.1116 0.0890 0.1002 0.0719 0.1345 0.1204 0.1426 
         142  1 0.1230 0.1280 0.1082 0.1041 0.1100 0.0447 0.1149 0.1491 0.1180 
         143  1 0.1260 0.1247 0.1199 0.1059 0.1171 0.0409 0.1412 0.1128 0.1115 
         144  1 0.0915 0.1203 0.1257 0.1389 0.1179 0.0178 0.1122 0.1462 0.1295 
         145  1 0.0722 0.1145 0.1758 0.1803 0.1259 0.0138 0.1095 0.1133 0.0947 
         146  1 0.1063 0.1382 0.1184 0.0859 0.0939 0.0375 0.1222 0.1488 0.1488 
         147  1 0.0863 0.1214 0.1410 0.1503 0.1227 0.0164 0.1270 0.1232 0.1117 
         148  1 0.1094 0.1444 0.1104 0.0949 0.1158 0.0185 0.1323 0.1515 0.1229 
         149  1 0.1213 0.1313 0.1170 0.1052 0.1265 0.0286 0.1285 0.1103 0.1313 
         150  1 0.1140 0.1317 0.1053 0.0839 0.0973 0.0915 0.1190 0.1350 0.1224 
         151  1 0.1392 0.1245 0.1148 0.1170 0.1146 0.0338 0.1006 0.1216 0.1339 
         152  1 0.1222 0.1331 0.1091 0.1061 0.1116 0.0302 0.1220 0.1425 0.1233 
         153  1 0.1315 0.1171 0.1256 0.1083 0.1253 0.0236 0.1431 0.1086 0.1170 
         154  1 0.1842 0.1339 0.1057 0.1774 0.1380 0.0114 0.0856 0.0600 0.1038 
         155  1 0.1276 0.1289 0.1119 0.1211 0.1154 0.0391 0.1214 0.1155 0.1190 
         156  1 0.1219 0.1174 0.1406 0.1061 0.1184 0.0356 0.1229 0.1130 0.1242 
         157  1 0.1221 0.1171 0.1222 0.1158 0.1229 0.0269 0.1286 0.1197 0.1247 
         158  1 0.1214 0.1104 0.1101 0.0966 0.1260 0.0959 0.1008 0.1210 0.1178 
         159  1 0.0981 0.1178 0.1315 0.1356 0.1277 0.0267 0.1099 0.1254 0.1273 
         160  1 0.1276 0.1207 0.1220 0.1463 0.1176 0.0221 0.1064 0.1157 0.1215 
         161  1 0.1246 0.1225 0.1026 0.1200 0.1234 0.0947 0.1028 0.0931 0.1162 
         162  1 0.1314 0.1286 0.1215 0.1256 0.1303 0.0224 0.1186 0.1054 0.1163 
         163  1 0.1225 0.1111 0.1178 0.1086 0.1262 0.0521 0.1275 0.1118 0.1223 
         164  1 0.1208 0.1133 0.1194 0.1516 0.1381 0.0333 0.0988 0.1129 0.1118 
         165  1 0.1304 0.1203 0.1214 0.1245 0.1225 0.0224 0.1259 0.1109 0.1218 
         166  1 0.1169 0.1125 0.1249 0.1017 0.1225 0.0335 0.1175 0.1341 0.1366 
         167  1 0.1232 0.1079 0.1319 0.1554 0.1310 0.0273 0.0918 0.1024 0.1292 
         168  1 0.0931 0.1110 0.1304 0.1270 0.1098 0.0876 0.1128 0.1136 0.1147 
         169  1 0.1875 0.1256 0.1039 0.1692 0.1353 0.0236 0.0815 0.0670 0.1065 
         170  1 0.1430 0.1242 0.1250 0.1627 0.1331 0.0139 0.0866 0.0937 0.1178 
         171  1 0.1107 0.1224 0.1321 0.1274 0.1282 0.0195 0.1135 0.1301 0.1159 
         172  1 0.1008 0.1268 0.1372 0.1510 0.1309 0.0220 0.1085 0.1142 0.1087 
         173  1 0.1170 0.1285 0.1173 0.0993 0.1096 0.0405 0.1246 0.1499 0.1132 
         174  1 0.1047 0.1258 0.1160 0.1277 0.1258 0.0285 0.1235 0.1288 0.1192 
         175  1 0.1367 0.1173 0.1231 0.1695 0.1443 0.0306 0.0878 0.0841 0.1066 
         176  1 0.1219 0.1193 0.1148 0.1021 0.1217 0.0383 0.1139 0.1247 0.1433 
         177  1 0.0968 0.1109 0.1172 0.1172 0.1119 0.0841 0.1261 0.1164 0.1193 
         178  1 0.1370 0.1233 0.1175 0.1129 0.1150 0.0277 0.1196 0.1258 0.1212 
         179  1 0.1166 0.1242 0.1078 0.1104 0.1146 0.0227 0.1265 0.1322 0.1451 
         180  1 0.1447 0.1059 0.1038 0.1152 0.1505 0.0066 0.1246 0.1211 0.1277 
         181  1 0.1034 0.1139 0.1248 0.1189 0.1126 0.0458 0.1318 0.1206 0.1282 
         182  1 0.1057 0.1047 0.1041 0.0973 0.1074 0.1453 0.1148 0.1052 0.1154 
         183  1 0.1413 0.1160 0.1113 0.1458 0.1224 0.0649 0.0959 0.0851 0.1173 
         184  1 0.1532 0.1144 0.1078 0.1323 0.1423 0.0425 0.0899 0.1012 0.1163 
         185  1 0.1221 0.1175 0.1103 0.1064 0.1244 0.0532 0.1167 0.1233 0.1261 
         186  1 0.1674 0.1206 0.1104 0.1460 0.1354 0.0211 0.0842 0.0956 0.1192 
         187  1 0.1716 0.1288 0.1015 0.1481 0.1504 0.0161 0.0821 0.0858 0.1157 
         188  1 0.1684 0.1201 0.1007 0.1521 0.1441 0.0184 0.0949 0.0841 0.1171 
         189  1 0.1045 0.1241 0.1200 0.1254 0.1153 0.0264 0.1494 0.1083 0.1265 
         190  1 0.1624 0.1190 0.1077 0.1484 0.1375 0.0266 0.0884 0.0894 0.1205 
         191  1 0.0986 0.1225 0.1334 0.1297 0.1211 0.0217 0.1150 0.1311 0.1268 
         192  1 0.0727 0.0758 0.0757 0.0694 0.0717 0.4120 0.0808 0.0684 0.0735 
         193  1 0.0785 0.0772 0.0865 0.0788 0.0821 0.3680 0.0783 0.0783 0.0723 
         194  1 0.1522 0.1199 0.0999 0.1557 0.1339 0.0726 0.0782 0.0775 0.1102 
         195  1 0.1421 0.1097 0.1186 0.1215 0.1334 0.0525 0.1122 0.1041 0.1058 
         196  1 0.1207 0.1121 0.1205 0.1073 0.1067 0.0163 0.1391 0.1421 0.1353 
         197  1 0.0951 0.1143 0.1268 0.1138 0.1090 0.0628 0.1295 0.1314 0.1173 
         198  1 0.1019 0.1194 0.1277 0.1294 0.1195 0.0212 0.1177 0.1301 0.1332 
         199  1 0.1022 0.1096 0.1138 0.0987 0.1148 0.0743 0.1240 0.1334 0.1291 
         200  1 0.1251 0.1142 0.1187 0.1076 0.1230 0.0392 0.1246 0.1139 0.1335 
         201  1 0.1094 0.1058 0.1091 0.1212 0.1230 0.0861 0.1049 0.1174 0.1233 
         202  1 0.1016 0.1175 0.1390 0.1465 0.1230 0.0092 0.1198 0.1206 0.1227 
         203  1 0.1261 0.1335 0.1139 0.1070 0.0942 0.0525 0.1168 0.1515 0.1045 
         204  1 0.1558 0.1196 0.1156 0.1116 0.1351 0.0146 0.1236 0.1061 0.1180 
         205  1 0.1093 0.1158 0.1311 0.1279 0.1331 0.0126 0.1313 0.1240 0.1149 
         206  1 0.1209 0.1208 0.1117 0.1323 0.1381 0.0253 0.1154 0.1121 0.1234 
         207  1 0.1363 0.1147 0.1184 0.0978 0.1307 0.0211 0.1264 0.1290 0.1258 
         208  1 0.1306 0.1165 0.1221 0.1116 0.1305 0.0126 0.1238 0.1322 0.1200 
         209  1 0.1101 0.1018 0.0944 0.0954 0.1009 0.1685 0.1054 0.1119 0.1116 
         210  1 0.1197 0.1119 0.1265 0.1212 0.1166 0.0244 0.1556 0.1149 0.1092 
         211  1 0.1295 0.1265 0.1150 0.1132 0.1223 0.0268 0.1219 0.1271 0.1178 
         212  1 0.1206 0.1013 0.1142 0.1430 0.1350 0.0770 0.0883 0.0965 0.1240 
         213  1 0.1321 0.1315 0.1051 0.1007 0.1045 0.0334 0.1154 0.1547 0.1227 
         214  1 0.1319 0.1279 0.1147 0.1079 0.1094 0.0443 0.1389 0.1081 0.1169 
         215  1 0.1311 0.1140 0.1140 0.1144 0.1301 0.0446 0.1127 0.1163 0.1228 
         216  1 0.1370 0.1213 0.1299 0.1480 0.1291 0.0355 0.0918 0.0963 0.1113 
         217  1 0.1282 0.1403 0.1224 0.1057 0.0937 0.0279 0.1576 0.1081 0.1161 
         218  1 0.1472 0.1164 0.1171 0.1118 0.1154 0.0178 0.1324 0.1261 0.1157 
         219  1 0.1071 0.1317 0.1244 0.1100 0.1317 0.0142 0.1201 0.1294 0.1314 
         220  1 0.1224 0.1140 0.1169 0.1046 0.1095 0.0425 0.1207 0.1254 0.1441 
         221  1 0.1186 0.1131 0.1217 0.1169 0.1086 0.0485 0.1209 0.1268 0.1249 
         222  1 0.1145 0.1118 0.1214 0.1055 0.1099 0.0681 0.1200 0.1227 0.1263 
         223  1 0.1041 0.1000 0.0922 0.0967 0.0934 0.2192 0.1037 0.0976 0.0932 
         224  1 0.1060 0.1171 0.1265 0.1211 0.1201 0.0305 0.1212 0.1276 0.1300 
         225  1 0.0952 0.1226 0.1382 0.1482 0.1255 0.0198 0.1203 0.1162 0.1140 
         226  1 0.0908 0.1075 0.1477 0.1320 0.1184 0.0201 0.1384 0.1481 0.0970 
         227  1 0.1315 0.1161 0.1027 0.1141 0.1087 0.0692 0.1200 0.1214 0.1162 
         228  1 0.1459 0.1235 0.1127 0.1366 0.1193 0.0315 0.1047 0.0953 0.1305 
         229  1 0.1196 0.1156 0.1210 0.1071 0.1286 0.0155 0.1338 0.1221 0.1366 
         230  1 0.1174 0.1284 0.1109 0.1103 0.1081 0.0319 0.1150 0.1510 0.1271 
         231  1 0.0978 0.1269 0.1373 0.1359 0.1275 0.0133 0.1189 0.1271 0.1151 
         232  1 0.1222 0.1353 0.1143 0.1189 0.1230 0.0183 0.1394 0.1184 0.1103 
         233  1 0.0902 0.1109 0.1400 0.1371 0.1177 0.0389 0.1197 0.1134 0.1320 
         234  1 0.1442 0.1197 0.1224 0.1289 0.1265 0.0188 0.1146 0.1138 0.1111 
         235  1 0.0790 0.1290 0.1625 0.1454 0.1332 0.0137 0.1161 0.1292 0.0919 
         236  1 0.1157 0.1224 0.1306 0.0993 0.1194 0.0159 0.1349 0.1252 0.1367 
         237  1 0.0764 0.1036 0.1671 0.1649 0.1237 0.0265 0.1121 0.1392 0.0866 
         238  1 0.1151 0.1222 0.1168 0.1167 0.1213 0.0443 0.1192 0.1206 0.1238 
         239  1 0.0788 0.1240 0.1512 0.1623 0.1273 0.0071 0.1124 0.1152 0.1217 
         240  1 0.1111 0.1087 0.1124 0.0901 0.1018 0.1436 0.1120 0.1132 0.1072 
         241  1 0.1255 0.1217 0.1126 0.1107 0.1308 0.0180 0.1315 0.1286 0.1205 
         242  1 0.1104 0.1216 0.1278 0.1118 0.1041 0.0391 0.1302 0.1413 0.1137 
         243  1 0.0941 0.1084 0.1471 0.1331 0.1271 0.0171 0.1296 0.1186 0.1250 
         244  1 0.1196 0.1129 0.1303 0.1162 0.1111 0.0386 0.1426 0.1193 0.1094 
         245  1 0.1224 0.1250 0.1263 0.1634 0.1384 0.0177 0.0977 0.1014 0.1077 
         246  1 0.1046 0.1210 0.1322 0.1274 0.1265 0.0097 0.1180 0.1376 0.1230 
         247  1 0.1138 0.1127 0.1277 0.1131 0.1222 0.0594 0.1358 0.1158 0.0995 
         248  1 0.1102 0.1220 0.1160 0.1052 0.1037 0.0528 0.1342 0.1220 0.1339 
         249  1 0.1222 0.1202 0.1024 0.1130 0.1077 0.1151 0.0997 0.1123 0.1075 
         250  1 0.1106 0.1326 0.1226 0.1114 0.1021 0.0212 0.1116 0.1562 0.1316 
         251  1 0.1196 0.1317 0.1119 0.1101 0.1097 0.0236 0.1208 0.1492 0.1233 
         252  1 0.1003 0.1104 0.1530 0.1217 0.1123 0.0115 0.1345 0.1452 0.1111 
         253  1 0.1116 0.1060 0.1080 0.0965 0.1095 0.1307 0.1189 0.1022 0.1166 
         254  1 0.0620 0.0544 0.0460 0.0543 0.0579 0.5834 0.0457 0.0435 0.0529 
         255  1 0.1215 0.1123 0.1252 0.1134 0.1146 0.0599 0.1234 0.1206 0.1090 
         256  1 0.1499 0.1084 0.1076 0.1557 0.1498 0.0223 0.0896 0.0929 0.1237 
         257  1 0.1363 0.1216 0.0980 0.1067 0.1102 0.0593 0.1114 0.1228 0.1337 
         258  1 0.1027 0.1269 0.1272 0.1219 0.1160 0.0331 0.1247 0.1199 0.1275 
         259  1 0.1144 0.1305 0.1213 0.1165 0.1081 0.0344 0.1500 0.1128 0.1120 
         260  1 0.1109 0.1269 0.1225 0.1080 0.1177 0.0082 0.1420 0.1368 0.1271 
         261  1 0.1269 0.1182 0.1194 0.1064 0.1242 0.0147 0.1377 0.1188 0.1337 
         262  1 0.1394 0.1270 0.1132 0.1223 0.1287 0.0161 0.1215 0.1082 0.1234 
         263  1 0.1092 0.1108 0.1262 0.1171 0.1129 0.0511 0.1279 0.1272 0.1177 
         264  1 0.0987 0.1141 0.1429 0.1234 0.1194 0.0166 0.1264 0.1338 0.1246 
         265  1 0.1098 0.1159 0.1095 0.0902 0.1074 0.1366 0.1093 0.1221 0.0992 
         266  1 0.0843 0.1123 0.1380 0.1708 0.1259 0.0209 0.1088 0.1175 0.1215 
         267  1 0.1161 0.1264 0.1175 0.1071 0.1218 0.0216 0.1326 0.1276 0.1294 
         268  1 0.1166 0.1330 0.1222 0.1070 0.1050 0.0231 0.1269 0.1474 0.1188 
         269  1 0.1030 0.1234 0.1308 0.1265 0.1270 0.0381 0.1145 0.1177 0.1188 
         270  1 0.1591 0.1017 0.0834 0.1394 0.1072 0.2023 0.0630 0.0552 0.0886 
         271  1 0.1189 0.1319 0.1193 0.0965 0.1029 0.0206 0.1284 0.1512 0.1303 
         272  1 0.1368 0.1264 0.1049 0.1340 0.1260 0.0194 0.1143 0.1129 0.1253 
         273  1 0.1078 0.1211 0.1248 0.1130 0.1184 0.0123 0.1515 0.1179 0.1334 
         274  1 0.0818 0.1223 0.1556 0.1453 0.1230 0.0132 0.1178 0.1344 0.1065 
         275  1 0.1086 0.1322 0.1164 0.0974 0.1043 0.0267 0.1232 0.1467 0.1443 
         276  1 0.1162 0.1367 0.1148 0.0996 0.1134 0.0204 0.1245 0.1470 0.1275 
         277  1 0.1624 0.1109 0.1145 0.1366 0.1365 0.0650 0.0927 0.0881 0.0933 
         278  1 0.1152 0.1223 0.1269 0.1067 0.0966 0.0487 0.1564 0.1134 0.1140 
         279  1 0.1364 0.1200 0.1111 0.1019 0.1399 0.0095 0.1165 0.1456 0.1191 
         280  1 0.0929 0.1133 0.1339 0.1397 0.1212 0.0178 0.1195 0.1507 0.1109 
         281  1 0.1076 0.1196 0.1145 0.1000 0.1104 0.0916 0.1132 0.1319 0.1111 
         282  1 0.0991 0.1181 0.1470 0.1464 0.1174 0.0206 0.1237 0.1117 0.1160 
         283  1 0.1478 0.1246 0.1159 0.1450 0.1198 0.0107 0.1122 0.1013 0.1227 
         284  1 0.1491 0.1082 0.1175 0.1573 0.1566 0.0154 0.1012 0.0882 0.1066 
         285  1 0.0908 0.1178 0.1308 0.1569 0.1208 0.0289 0.1190 0.1181 0.1171 
         286  1 0.1036 0.1195 0.1153 0.1126 0.1058 0.1282 0.1088 0.1053 0.1010 
         287  1 0.1096 0.1206 0.1237 0.1296 0.1167 0.0244 0.1170 0.1356 0.1229 
         288  1 0.1229 0.1255 0.1194 0.1147 0.1132 0.0165 0.1387 0.1197 0.1295 
         289  1 0.1304 0.1231 0.1190 0.0966 0.1227 0.0264 0.1396 0.1113 0.1310 
         290  1 0.1108 0.1117 0.1152 0.1113 0.1155 0.0173 0.1560 0.1369 0.1253 
         291  1 0.1489 0.1102 0.1104 0.0986 0.1289 0.0375 0.1234 0.1226 0.1196 
         292  1 0.1623 0.1190 0.1085 0.1665 0.1506 0.0202 0.0742 0.0792 0.1196 
         293  1 0.1323 0.1208 0.1288 0.1012 0.1209 0.0223 0.1576 0.0996 0.1166 
         294  1 0.1283 0.1215 0.1219 0.1202 0.1295 0.0180 0.1135 0.1280 0.1190 
         295  1 0.1244 0.1138 0.1282 0.1069 0.1288 0.0268 0.1416 0.1068 0.1227 
         296  1 0.1080 0.1285 0.1006 0.0884 0.0994 0.0879 0.1048 0.1445 0.1379 
         297  1 0.0989 0.1200 0.1266 0.1164 0.1280 0.0283 0.1275 0.1389 0.1155 
         298  1 0.1120 0.1307 0.1226 0.1107 0.1205 0.0115 0.1274 0.1342 0.1303 
         299  1 0.1183 0.1182 0.1173 0.1210 0.1262 0.0275 0.1241 0.1224 0.1249 
         300  1 0.1108 0.1054 0.1044 0.1225 0.1236 0.1094 0.1050 0.1169 0.1021 
         301  1 0.1032 0.0920 0.1043 0.0947 0.1069 0.1677 0.1080 0.1164 0.1067 
         302  1 0.1426 0.1208 0.1188 0.1120 0.1197 0.0301 0.1282 0.1103 0.1175 
         303  1 0.1058 0.1104 0.1276 0.1168 0.1217 0.0355 0.1394 0.1192 0.1236 
         304  1 0.0689 0.1171 0.1686 0.1606 0.1206 0.0321 0.1054 0.1394 0.0873 
         305  1 0.1247 0.1304 0.1217 0.1270 0.1293 0.0202 0.1063 0.1180 0.1223 
         306  1 0.1117 0.1355 0.1116 0.0875 0.0926 0.0363 0.1220 0.1641 0.1387 
         307  1 0.1330 0.1132 0.1171 0.1418 0.1413 0.0168 0.1102 0.1117 0.1148 
         308  1 0.1048 0.1259 0.1295 0.1180 0.1224 0.0311 0.1245 0.1243 0.1195 
         309  1 0.1093 0.1141 0.1107 0.1198 0.1331 0.0295 0.1182 0.1256 0.1396 
         310  1 0.2101 0.1213 0.1031 0.1946 0.1456 0.0200 0.0577 0.0408 0.1068 
         311  1 0.1189 0.1222 0.1213 0.1289 0.1236 0.0222 0.1254 0.1105 0.1270 
         312  1 0.1036 0.1153 0.1387 0.1261 0.1209 0.0327 0.1399 0.1098 0.1131 
         313  1 0.1159 0.1265 0.1232 0.1221 0.1231 0.0182 0.1164 0.1294 0.1252 
         314  1 0.0931 0.1195 0.1434 0.1408 0.1162 0.0243 0.1194 0.1294 0.1138 
         315  1 0.1431 0.1135 0.1128 0.0874 0.1333 0.0146 0.1296 0.1348 0.1309 
         316  1 0.0970 0.1033 0.0983 0.1031 0.0992 0.1971 0.1015 0.1028 0.0977 
         317  1 0.1233 0.1099 0.1110 0.1460 0.1539 0.0266 0.1102 0.1054 0.1138 
         318  1 0.1182 0.1307 0.1163 0.1131 0.1126 0.0175 0.1356 0.1336 0.1225 
         319  1 0.1442 0.1118 0.1220 0.1065 0.1195 0.0225 0.1215 0.1305 0.1213 
         320  1 0.1173 0.1166 0.1322 0.1385 0.1118 0.0262 0.1207 0.1147 0.1220 
         321  1 0.0906 0.0878 0.0822 0.0771 0.0863 0.3057 0.0919 0.0854 0.0931 
         322  1 0.1486 0.1178 0.1180 0.1256 0.1163 0.0399 0.1087 0.1013 0.1240 
         323  1 0.1018 0.1219 0.1211 0.1246 0.1203 0.0303 0.1269 0.1302 0.1230 
         324  1 0.1323 0.1129 0.1275 0.1383 0.1176 0.0280 0.1172 0.1019 0.1244 
         325  1 0.1141 0.1329 0.1240 0.1116 0.1065 0.0138 0.1163 0.1392 0.1417 
         326  1 0.1140 0.1278 0.1050 0.1111 0.1270 0.0141 0.1097 0.1601 0.1312 
         327  1 0.1263 0.1215 0.1128 0.0893 0.1032 0.0908 0.1083 0.1289 0.1190 
         328  1 0.1233 0.1221 0.1248 0.1358 0.1292 0.0102 0.1262 0.1242 0.1041 
         329  1 0.1126 0.1240 0.1218 0.1052 0.1293 0.0288 0.1624 0.0995 0.1165 
         330  1 0.1128 0.1236 0.1138 0.1163 0.1209 0.0817 0.1142 0.1086 0.1082 
         331  1 0.1117 0.1281 0.1175 0.1168 0.0957 0.0337 0.1297 0.1311 0.1355 
         332  1 0.1481 0.1287 0.1167 0.1295 0.1153 0.0137 0.1217 0.1090 0.1172 
         333  1 0.1212 0.1337 0.1227 0.1149 0.1147 0.0163 0.1326 0.1244 0.1195 
         334  1 0.1392 0.1243 0.1194 0.1294 0.1265 0.0200 0.1133 0.0993 0.1286 
         335  1 0.1142 0.1186 0.1067 0.0933 0.1102 0.1063 0.1148 0.1146 0.1214 
         336  1 0.1048 0.1235 0.1141 0.1145 0.1090 0.0532 0.1135 0.1456 0.1218 
         337  1 0.2068 0.1255 0.1052 0.1915 0.1444 0.0090 0.0637 0.0481 0.1056 
         338  1 0.1141 0.1260 0.1189 0.1040 0.1081 0.0131 0.1552 0.1294 0.1313 
         339  1 0.2131 0.1212 0.0945 0.2021 0.1546 0.0193 0.0515 0.0388 0.1048 
         340  1 0.1119 0.0925 0.0961 0.0984 0.0973 0.2353 0.0885 0.0884 0.0917 
         341  1 0.1046 0.1161 0.1253 0.1182 0.1212 0.0747 0.1144 0.1190 0.1066 
         342  1 0.1299 0.1261 0.1251 0.1354 0.1331 0.0242 0.1281 0.0987 0.0994 
         343  1 0.1078 0.1379 0.1104 0.0966 0.1008 0.0192 0.1236 0.1739 0.1299 
         344  1 0.1207 0.1269 0.1083 0.0926 0.1206 0.0348 0.1052 0.1558 0.1352 
         345  1 0.1053 0.1427 0.1121 0.1025 0.1123 0.0154 0.1400 0.1322 0.1375 
         346  1 0.1186 0.1198 0.1221 0.1151 0.1364 0.0237 0.1384 0.1214 0.1045 
         347  1 0.1104 0.1470 0.1118 0.0849 0.0948 0.0173 0.1175 0.1852 0.1310 
         348  1 0.1131 0.1095 0.1266 0.1311 0.1244 0.0355 0.1192 0.1274 0.1131 
         349  1 0.1101 0.1132 0.1306 0.1067 0.1212 0.0358 0.1413 0.1190 0.1221 
         350  1 0.1090 0.1088 0.1039 0.0958 0.1081 0.1394 0.1085 0.1183 0.1081 
         351  1 0.1203 0.1244 0.1120 0.1011 0.1282 0.0476 0.1398 0.1202 0.1065 
         352  1 0.1190 0.1256 0.1122 0.1121 0.1269 0.0129 0.1227 0.1305 0.1382 
         353  1 0.0715 0.0683 0.0627 0.0520 0.0577 0.4572 0.0674 0.0855 0.0779 
         354  1 0.1061 0.1310 0.1305 0.1215 0.1178 0.0190 0.1332 0.1248 0.1163 
         355  1 0.1379 0.1143 0.1230 0.0971 0.1280 0.0149 0.1368 0.1227 0.1254 
         356  1 0.1203 0.1245 0.1230 0.1111 0.1246 0.0412 0.1218 0.1259 0.1076 
         357  1 0.1337 0.1321 0.1094 0.1048 0.1091 0.0256 0.1232 0.1364 0.1257 
         358  1 0.1251 0.1283 0.1198 0.1175 0.1046 0.0185 0.1471 0.1122 0.1271 
         359  1 0.1035 0.1135 0.1096 0.0991 0.1133 0.0531 0.1532 0.1193 0.1354 
         360  1 0.1193 0.1326 0.1127 0.0946 0.1038 0.0334 0.1385 0.1366 0.1286 
         361  1 0.1232 0.1213 0.1236 0.1218 0.1209 0.0247 0.1204 0.1145 0.1295 
         362  1 0.1187 0.1116 0.1103 0.1165 0.1082 0.1125 0.1110 0.1056 0.1056 
         363  1 0.1180 0.1120 0.1165 0.1150 0.1222 0.0770 0.1099 0.1140 0.1153 
         364  1 0.1393 0.1257 0.1070 0.1172 0.1117 0.0391 0.1199 0.1168 0.1234 
         365  1 0.1143 0.1169 0.1068 0.0993 0.1067 0.1136 0.1041 0.1174 0.1210 
         366  1 0.1104 0.1252 0.1111 0.1097 0.1269 0.0568 0.1160 0.1166 0.1274 
         367  1 0.0613 0.0600 0.0556 0.0710 0.0674 0.5115 0.0484 0.0580 0.0669 
         368  1 0.1356 0.1234 0.1160 0.1182 0.1306 0.0188 0.1159 0.1285 0.1130 
         369  1 0.1179 0.1265 0.1336 0.1312 0.1391 0.0200 0.1168 0.1119 0.1030 
         370  1 0.1189 0.1316 0.1172 0.0951 0.0882 0.0410 0.1356 0.1664 0.1060 
         371  1 0.0992 0.1171 0.1187 0.1096 0.1142 0.0662 0.1110 0.1429 0.1210 
         372  1 0.1004 0.1187 0.1282 0.1455 0.1284 0.0242 0.1267 0.1163 0.1117 
         373  1 0.1099 0.1279 0.1155 0.1014 0.1023 0.1085 0.1219 0.1171 0.0956 
         374  1 0.1143 0.1120 0.1256 0.0984 0.1179 0.0353 0.1542 0.1109 0.1314 
         375  1 0.1362 0.1131 0.1102 0.0920 0.1103 0.0667 0.1277 0.1199 0.1238 
         376  1 0.1191 0.1118 0.1130 0.0886 0.1229 0.0511 0.1291 0.1269 0.1376 
         377  1 0.1264 0.1277 0.1301 0.0983 0.1035 0.0234 0.1525 0.1191 0.1190 
         378  1 0.1186 0.1321 0.1154 0.1210 0.1135 0.0184 0.1190 0.1357 0.1262 
         379  1 0.1143 0.1283 0.1056 0.1024 0.1407 0.0488 0.1308 0.1122 0.1168 
         380  1 0.1371 0.1261 0.1133 0.1078 0.1181 0.0429 0.1287 0.1145 0.1115 
         381  1 0.1065 0.1214 0.1287 0.1018 0.1350 0.0281 0.1289 0.1286 0.1209 
         382  1 0.1014 0.1260 0.1206 0.1153 0.1243 0.0202 0.1338 0.1208 0.1376 
         383  1 0.1226 0.1314 0.1237 0.1097 0.1158 0.0318 0.1275 0.1138 0.1239 
         384  1 0.0945 0.1158 0.1304 0.1379 0.1145 0.0102 0.1437 0.1206 0.1324 
         385  1 0.1172 0.1209 0.1113 0.1150 0.1198 0.0606 0.1194 0.1207 0.1151 
         386  1 0.1146 0.1252 0.1191 0.1209 0.1207 0.0157 0.1343 0.1219 0.1277 
         387  1 0.1415 0.1196 0.1027 0.1165 0.1228 0.0753 0.1195 0.0993 0.1028 
         388  1 0.0858 0.0996 0.0852 0.0767 0.0707 0.2757 0.0910 0.1161 0.0993 
         389  1 0.0983 0.0995 0.0917 0.0712 0.0827 0.2538 0.1060 0.0976 0.0994 
         390  1 0.1334 0.1287 0.1219 0.1573 0.1284 0.0233 0.1078 0.1001 0.0991 
         391  1 0.1172 0.1342 0.1089 0.1007 0.0989 0.0253 0.1323 0.1444 0.1381 
         392  1 0.1237 0.1092 0.1106 0.1115 0.1223 0.0692 0.1125 0.1214 0.1197 
         393  1 0.1353 0.1147 0.1270 0.1079 0.1237 0.0230 0.1274 0.1283 0.1127 
         394  1 0.1079 0.1524 0.1067 0.0792 0.0880 0.0349 0.1172 0.1846 0.1291 
         395  1 0.1239 0.1131 0.1192 0.1408 0.1283 0.0493 0.1034 0.0958 0.1262 
         396  1 0.2067 0.1247 0.0970 0.1830 0.1460 0.0141 0.0575 0.0562 0.1148 
         397  1 0.1169 0.1154 0.0946 0.0919 0.1094 0.1073 0.1163 0.1270 0.1212 
         398  1 0.1425 0.1276 0.1229 0.1200 0.1366 0.0139 0.1160 0.1181 0.1024 
         399  1 0.1040 0.1281 0.1299 0.1087 0.1195 0.0108 0.1214 0.1542 0.1233 
         400  1 0.1343 0.1057 0.1151 0.1241 0.1314 0.0536 0.1149 0.0976 0.1234 
         401  1 0.1186 0.1062 0.0919 0.0819 0.1138 0.1512 0.0991 0.1326 0.1047 
         402  1 0.1375 0.1120 0.1303 0.1818 0.1564 0.0239 0.0686 0.0811 0.1084 
         403  1 0.1103 0.0957 0.0943 0.1134 0.1126 0.1872 0.0896 0.1014 0.0954 
         404  1 0.0795 0.1172 0.1669 0.1486 0.1135 0.0299 0.1242 0.1199 0.1003 
         405  1 0.1423 0.1165 0.1123 0.1052 0.1162 0.0147 0.1382 0.1164 0.1382 
         406  1 0.0788 0.0761 0.0776 0.0758 0.0752 0.3815 0.0829 0.0776 0.0745 
         407  1 0.1030 0.1120 0.1065 0.0971 0.1056 0.1249 0.1161 0.1214 0.1134 
         408  1 0.1159 0.1222 0.1192 0.1306 0.1278 0.0149 0.1216 0.1244 0.1234 
         409  1 0.1529 0.1239 0.1099 0.1254 0.1225 0.0327 0.1041 0.1152 0.1133 
         410  1 0.1196 0.1001 0.0989 0.1065 0.1091 0.1565 0.1015 0.1032 0.1047 
         411  1 0.1096 0.1158 0.1173 0.1150 0.1276 0.0226 0.1361 0.1266 0.1293 
         412  1 0.1354 0.1164 0.1294 0.1108 0.1296 0.0247 0.1172 0.1231 0.1133 
         413  1 0.1074 0.1146 0.1316 0.1108 0.1133 0.0116 0.1331 0.1416 0.1360 
         414  1 0.1478 0.1239 0.1040 0.1094 0.1085 0.0770 0.0975 0.1099 0.1221 
         415  1 0.1137 0.1302 0.1133 0.0946 0.1033 0.0210 0.1113 0.1756 0.1371 
         416  1 0.1191 0.1277 0.1033 0.1124 0.1175 0.0139 0.1388 0.1258 0.1415 
         417  1 0.1244 0.1397 0.0932 0.0757 0.0761 0.0318 0.1281 0.1785 0.1524 
         418  1 0.1224 0.1254 0.1173 0.1226 0.1245 0.0149 0.1260 0.1220 0.1250 
         419  1 0.1163 0.1252 0.1139 0.0951 0.1030 0.0351 0.1310 0.1542 0.1262 
         420  1 0.0885 0.0874 0.0801 0.0775 0.0817 0.3234 0.0830 0.0956 0.0829 
         421  1 0.1389 0.1147 0.1202 0.1536 0.1370 0.0250 0.1003 0.1063 0.1038 
         422  1 0.0928 0.1275 0.1403 0.1308 0.1260 0.0119 0.1269 0.1270 0.1169 
         423  1 0.1211 0.1356 0.1167 0.0928 0.1056 0.0185 0.1369 0.1523 0.1204 
         424  1 0.0999 0.1155 0.1133 0.0929 0.1064 0.0664 0.1203 0.1362 0.1490 
         425  1 0.1153 0.1267 0.1143 0.1158 0.1064 0.0633 0.1020 0.1137 0.1425 
         426  1 0.1221 0.1213 0.1164 0.1175 0.1145 0.0334 0.1342 0.1175 0.1230 
         427  1 0.1110 0.1343 0.1156 0.1148 0.1173 0.0126 0.1226 0.1354 0.1363 
         428  1 0.1587 0.1141 0.1027 0.1777 0.1540 0.0216 0.0670 0.0856 0.1185 
         429  1 0.0891 0.0901 0.0857 0.0825 0.0952 0.2965 0.0881 0.0908 0.0820 
         430  1 0.1222 0.1280 0.1160 0.1305 0.1309 0.0229 0.1095 0.1259 0.1141 
         431  1 0.1145 0.1325 0.1213 0.1235 0.1132 0.0175 0.1249 0.1396 0.1129 
         432  1 0.1230 0.1325 0.1354 0.1075 0.0999 0.0120 0.1526 0.1199 0.1172 
         433  1 0.1275 0.1366 0.1174 0.1136 0.1164 0.0118 0.1366 0.1205 0.1196 
         434  1 0.1364 0.1162 0.1234 0.1121 0.1149 0.0246 0.1403 0.1083 0.1240 
         435  1 0.1278 0.1210 0.1166 0.1169 0.1185 0.0454 0.1172 0.1140 0.1225 
         436  1 0.1371 0.1190 0.1216 0.1346 0.1277 0.0285 0.1064 0.1101 0.1149 
         437  1 0.1272 0.1279 0.1241 0.1160 0.1289 0.0202 0.1153 0.1196 0.1207 
         438  1 0.1226 0.1234 0.1198 0.1140 0.1089 0.0273 0.1292 0.1302 0.1246 
         439  1 0.1716 0.1182 0.1048 0.1586 0.1464 0.0460 0.0741 0.0764 0.1039 
         440  1 0.0941 0.1308 0.1348 0.1287 0.1099 0.0133 0.1276 0.1356 0.1252 
         441  1 0.1054 0.1288 0.0989 0.0950 0.1112 0.0708 0.1137 0.1553 0.1209 
         442  1 0.1106 0.1255 0.1038 0.0901 0.0852 0.1158 0.1198 0.1419 0.1072 
         443  1 0.1485 0.1092 0.1148 0.0988 0.1328 0.0139 0.1315 0.1244 0.1260 
         444  1 0.1145 0.1263 0.1385 0.1142 0.1231 0.0100 0.1318 0.1088 0.1328 
         445  1 0.1218 0.1130 0.1296 0.1279 0.1417 0.0264 0.1137 0.1113 0.1146 
         446  1 0.0978 0.1225 0.1272 0.1314 0.1137 0.0310 0.1262 0.1345 0.1156 
         447  1 0.0995 0.1060 0.0949 0.0850 0.0938 0.1802 0.1060 0.1201 0.1144 
         448  1 0.1290 0.1091 0.1314 0.1433 0.1342 0.0220 0.1170 0.1034 0.1106 
         449  1 0.1028 0.1241 0.1241 0.1225 0.1234 0.0169 0.1151 0.1340 0.1371 
         450  1 0.0725 0.0906 0.1241 0.1207 0.0935 0.2141 0.0986 0.1046 0.0812 
         451  1 0.1016 0.0872 0.0918 0.1088 0.1115 0.2511 0.0786 0.0817 0.0876 
         452  1 0.0961 0.1260 0.1229 0.1189 0.1373 0.0158 0.1305 0.1405 0.1120 
         453  1 0.1546 0.1213 0.1140 0.1512 0.1324 0.0315 0.0829 0.0872 0.1249 
         454  1 0.1216 0.1273 0.1139 0.1125 0.1166 0.0285 0.1176 0.1531 0.1089 
         455  1 0.0823 0.1167 0.1425 0.1500 0.1187 0.0323 0.1125 0.1286 0.1164 
         456  1 0.1095 0.1200 0.1211 0.1057 0.1192 0.0284 0.1390 0.1161 0.1411 
         457  1 0.1164 0.1298 0.1321 0.1352 0.1472 0.0132 0.1023 0.1186 0.1051 
         458  1 0.1139 0.1285 0.1209 0.1190 0.1232 0.0197 0.1299 0.1169 0.1280 
         459  1 0.1043 0.1083 0.1153 0.1199 0.1108 0.1194 0.1179 0.1001 0.1039 
         460  1 0.0946 0.0905 0.0902 0.0817 0.0928 0.2623 0.0996 0.0874 0.1009 
         461  1 0.1117 0.1190 0.1164 0.1188 0.1187 0.0428 0.1234 0.1213 0.1280 
         462  1 0.1325 0.1226 0.1245 0.1196 0.1200 0.0147 0.1189 0.1165 0.1306 
         463  1 0.0918 0.1162 0.1362 0.1459 0.1195 0.0169 0.1259 0.1305 0.1171 
         464  1 0.1223 0.1172 0.1166 0.1101 0.1233 0.0224 0.1307 0.1320 0.1253 
         465  1 0.1166 0.1180 0.1173 0.1101 0.1106 0.0516 0.1172 0.1293 0.1293 
         466  1 0.1124 0.1128 0.1011 0.0934 0.0954 0.1380 0.0948 0.1282 0.1239 
         467  1 0.1186 0.1188 0.1364 0.1124 0.1293 0.0170 0.1316 0.1172 0.1186 
         468  1 0.1195 0.1208 0.1280 0.1272 0.1174 0.0276 0.1224 0.1296 0.1075 
         469  1 0.1243 0.1268 0.1190 0.1150 0.1327 0.0115 0.1113 0.1433 0.1161 
         470  1 0.1018 0.1044 0.1223 0.1236 0.1071 0.1060 0.1168 0.1161 0.1017 
         471  1 0.1163 0.1163 0.1165 0.0996 0.1112 0.0847 0.1337 0.1070 0.1147 
         472  1 0.1157 0.1031 0.1199 0.1110 0.1354 0.0499 0.1213 0.1296 0.1141 
         473  1 0.1214 0.1147 0.1335 0.1212 0.1177 0.0167 0.1466 0.1070 0.1211 
         474  1 0.1198 0.1321 0.1180 0.1158 0.1233 0.0379 0.1198 0.1166 0.1166 
         475  1 0.1089 0.1102 0.1261 0.1092 0.1212 0.0094 0.1457 0.1368 0.1324 
         476  1 0.1047 0.1015 0.0905 0.0873 0.0906 0.2168 0.0947 0.1056 0.1084 
         477  1 0.1141 0.1163 0.1233 0.1052 0.1186 0.0687 0.1274 0.1164 0.1101 
         478  1 0.1027 0.1141 0.1129 0.1056 0.1171 0.0383 0.1243 0.1400 0.1452 
         479  1 0.1067 0.1299 0.1288 0.1092 0.1091 0.0346 0.1344 0.1192 0.1281 
         480  1 0.1175 0.1262 0.1138 0.0966 0.1151 0.0427 0.1185 0.1300 0.1395 
         481  1 0.1109 0.1197 0.1147 0.1298 0.1247 0.0832 0.1022 0.1080 0.1068 
         482  1 0.0895 0.1011 0.1132 0.1446 0.1202 0.1470 0.0840 0.0921 0.1082 
         483  1 0.1621 0.1285 0.1010 0.1457 0.1284 0.0135 0.1053 0.1071 0.1086 
         484  1 0.1437 0.1202 0.1083 0.1153 0.1227 0.0758 0.1091 0.0967 0.1082 
         485  1 0.1040 0.1018 0.1106 0.1145 0.1125 0.1304 0.1080 0.1021 0.1161 
         486  1 0.1157 0.1034 0.1126 0.0990 0.1161 0.0836 0.1275 0.1157 0.1264 
         487  1 0.1225 0.1366 0.1141 0.0982 0.1035 0.0274 0.1229 0.1389 0.1360 
         488  1 0.1420 0.1168 0.0960 0.1016 0.1119 0.0923 0.1159 0.1108 0.1128 
         489  1 0.1232 0.1176 0.1208 0.1347 0.1182 0.0218 0.1171 0.1249 0.1215 
         490  1 0.1360 0.1259 0.1141 0.1019 0.1097 0.0432 0.1273 0.1314 0.1105 
         491  1 0.1198 0.1234 0.1189 0.1150 0.1144 0.0426 0.1151 0.1233 0.1275 
         492  1 0.1328 0.1151 0.1160 0.1064 0.1125 0.0566 0.1168 0.1162 0.1276 
         493  1 0.1213 0.1335 0.1291 0.1347 0.1218 0.0125 0.1142 0.1223 0.1105 
         494  1 0.1363 0.1190 0.1084 0.0935 0.1220 0.0195 0.1308 0.1434 0.1271 
         495  1 0.1233 0.1297 0.1159 0.1145 0.1165 0.0380 0.1377 0.1036 0.1207 
         496  1 0.1611 0.1181 0.1008 0.1463 0.1234 0.0668 0.0973 0.0791 0.1071 
         497  1 0.1096 0.1280 0.1343 0.1330 0.1248 0.0237 0.1157 0.1163 0.1146 
         498  1 0.1019 0.1234 0.1353 0.1238 0.1145 0.0154 0.1295 0.1274 0.1288 
         499  1 0.0933 0.0960 0.1197 0.1029 0.1027 0.1782 0.1118 0.1028 0.0927 
         500  1 0.0985 0.1149 0.1327 0.1298 0.1264 0.0154 0.1331 0.1272 0.1219 
