           1  1 0.1068 0.0933 0.0963 0.1102 0.1556 0.1453 0.1473 0.1452 
           2  1 0.1414 0.0423 0.1280 0.1243 0.1482 0.1247 0.1370 0.1540 
           3  1 0.1260 0.0237 0.1313 0.1382 0.1463 0.1433 0.1377 0.1536 
           4  1 0.1399 0.0797 0.1177 0.1159 0.1334 0.1241 0.1441 0.1452 
           5  1 0.1294 0.0154 0.1483 0.1629 0.1364 0.1287 0.1284 0.1506 
           6  1 0.1309 0.0493 0.1450 0.1407 0.1405 0.1326 0.1377 0.1234 
           7  1 0.1158 0.0122 0.1210 0.1194 0.1991 0.1442 0.1365 0.1518 
           8  1 0.1075 0.4177 0.0844 0.0866 0.0764 0.0759 0.0784 0.0730 
           9  1 0.1547 0.0101 0.1245 0.1420 0.1341 0.1414 0.1450 0.1481 
          10  1 0.1316 0.0236 0.1140 0.1241 0.1772 0.1396 0.1463 0.1436 
          11  1 0.1300 0.0137 0.1423 0.1283 0.1490 0.1399 0.1379 0.1590 
          12  1 0.1449 0.0210 0.1345 0.1364 0.1382 0.1345 0.1386 0.1520 
          13  1 0.1624 0.0225 0.1401 0.1431 0.1338 0.1186 0.1483 0.1310 
          14  1 0.1315 0.0197 0.1138 0.1309 0.1513 0.1459 0.1405 0.1664 
          15  1 0.1258 0.0442 0.1285 0.1381 0.1435 0.1437 0.1336 0.1426 
          16  1 0.0984 0.0202 0.1118 0.1309 0.2066 0.1413 0.1371 0.1537 
          17  1 0.1906 0.0178 0.1551 0.1355 0.1156 0.1264 0.1205 0.1384 
          18  1 0.1056 0.2255 0.1028 0.1066 0.1074 0.1158 0.1091 0.1271 
          19  1 0.1323 0.0490 0.1345 0.1485 0.1455 0.1175 0.1280 0.1448 
          20  1 0.1156 0.0142 0.1025 0.1197 0.1936 0.1447 0.1404 0.1693 
          21  1 0.1576 0.0193 0.1281 0.1276 0.1441 0.1344 0.1332 0.1558 
          22  1 0.1914 0.0116 0.1636 0.1229 0.1189 0.1153 0.1308 0.1455 
          23  1 0.1465 0.0600 0.1211 0.1199 0.1380 0.1330 0.1330 0.1485 
          24  1 0.1568 0.0371 0.1242 0.1331 0.1280 0.1309 0.1324 0.1575 
          25  1 0.1607 0.0194 0.1335 0.1182 0.1457 0.1361 0.1390 0.1474 
          26  1 0.1157 0.0178 0.1296 0.1404 0.1576 0.1482 0.1429 0.1478 
          27  1 0.1238 0.0280 0.1342 0.1572 0.1443 0.1263 0.1349 0.1513 
          28  1 0.1263 0.0255 0.1253 0.1479 0.1510 0.1527 0.1304 0.1408 
          29  1 0.1571 0.0109 0.1211 0.1560 0.1362 0.1217 0.1361 0.1609 
          30  1 0.1672 0.0205 0.1270 0.1264 0.1382 0.1372 0.1293 0.1543 
          31  1 0.1511 0.0521 0.1448 0.1162 0.1278 0.1366 0.1322 0.1393 
          32  1 0.1407 0.0149 0.1247 0.1410 0.1416 0.1365 0.1473 0.1533 
          33  1 0.1366 0.0424 0.1365 0.1496 0.1330 0.1396 0.1241 0.1380 
          34  1 0.1528 0.0277 0.1421 0.1378 0.1253 0.1369 0.1501 0.1274 
          35  1 0.1548 0.0224 0.1493 0.1499 0.1268 0.1524 0.1254 0.1190 
          36  1 0.1369 0.0115 0.1304 0.1364 0.1344 0.1429 0.1375 0.1701 
          37  1 0.1337 0.0134 0.1692 0.1882 0.1155 0.1084 0.1214 0.1502 
          38  1 0.1410 0.0128 0.1493 0.1540 0.1408 0.1195 0.1274 0.1552 
          39  1 0.1603 0.0282 0.1314 0.1262 0.1467 0.1223 0.1329 0.1520 
          40  1 0.1821 0.1590 0.1497 0.1191 0.0962 0.0876 0.1151 0.0911 
          41  1 0.1257 0.0206 0.1264 0.1084 0.1620 0.1584 0.1295 0.1691 
          42  1 0.1566 0.0117 0.1380 0.1273 0.1342 0.1294 0.1460 0.1568 
          43  1 0.1116 0.0373 0.1541 0.1562 0.1393 0.1316 0.1202 0.1497 
          44  1 0.1389 0.0184 0.1208 0.1302 0.1550 0.1387 0.1396 0.1586 
          45  1 0.1632 0.0122 0.1317 0.1373 0.1353 0.1290 0.1272 0.1640 
          46  1 0.1473 0.0271 0.1404 0.1466 0.1361 0.1238 0.1347 0.1440 
          47  1 0.1350 0.0254 0.1154 0.1327 0.1421 0.1569 0.1454 0.1473 
          48  1 0.1315 0.0857 0.1186 0.1200 0.1314 0.1384 0.1338 0.1405 
          49  1 0.1270 0.0206 0.1410 0.1559 0.1431 0.1322 0.1413 0.1388 
          50  1 0.1500 0.0092 0.1316 0.1689 0.1335 0.1359 0.1282 0.1428 
          51  1 0.1309 0.0333 0.1277 0.1389 0.1422 0.1423 0.1354 0.1492 
          52  1 0.1064 0.0145 0.1155 0.1243 0.1851 0.1470 0.1269 0.1803 
          53  1 0.1683 0.0174 0.1255 0.1376 0.1423 0.1240 0.1380 0.1470 
          54  1 0.1241 0.0657 0.1273 0.1524 0.1409 0.1140 0.1374 0.1382 
          55  1 0.1032 0.2762 0.0925 0.0996 0.1090 0.0926 0.1084 0.1184 
          56  1 0.1114 0.0213 0.1153 0.1340 0.1772 0.1333 0.1431 0.1644 
          57  1 0.1407 0.0078 0.1469 0.1364 0.1337 0.1530 0.1396 0.1420 
          58  1 0.1282 0.0201 0.1383 0.1745 0.1151 0.1544 0.1287 0.1407 
          59  1 0.1489 0.0092 0.1402 0.1510 0.1216 0.1173 0.1346 0.1772 
          60  1 0.1375 0.0136 0.1282 0.1640 0.1379 0.1379 0.1287 0.1521 
          61  1 0.1270 0.1215 0.1216 0.1139 0.1327 0.1175 0.1284 0.1374 
          62  1 0.1527 0.0087 0.1244 0.1518 0.1458 0.1249 0.1394 0.1523 
          63  1 0.1373 0.0305 0.1417 0.1421 0.1294 0.1459 0.1436 0.1293 
          64  1 0.1463 0.0158 0.1274 0.1109 0.1656 0.1256 0.1439 0.1646 
          65  1 0.1339 0.0267 0.1647 0.1826 0.1161 0.1136 0.1305 0.1320 
          66  1 0.1415 0.0246 0.1346 0.1358 0.1539 0.1295 0.1406 0.1394 
          67  1 0.1564 0.0132 0.1266 0.1244 0.1318 0.1382 0.1398 0.1696 
          68  1 0.1394 0.0129 0.1267 0.1415 0.1510 0.1538 0.1279 0.1468 
          69  1 0.1098 0.0367 0.1398 0.1621 0.1223 0.1643 0.1357 0.1294 
          70  1 0.2032 0.0323 0.2036 0.1592 0.0832 0.0833 0.1477 0.0877 
          71  1 0.1120 0.1959 0.1008 0.1028 0.1402 0.1093 0.1167 0.1223 
          72  1 0.1556 0.0115 0.1310 0.1417 0.1327 0.1252 0.1375 0.1648 
          73  1 0.1107 0.0436 0.1063 0.1368 0.1511 0.1522 0.1566 0.1427 
          74  1 0.1180 0.0499 0.1270 0.1253 0.1455 0.1481 0.1361 0.1501 
          75  1 0.1366 0.0202 0.1291 0.1453 0.1443 0.1341 0.1371 0.1533 
          76  1 0.1283 0.0743 0.1200 0.1444 0.1555 0.1273 0.1239 0.1264 
          77  1 0.1287 0.0647 0.1493 0.1395 0.1242 0.1348 0.1291 0.1296 
          78  1 0.0903 0.0268 0.1389 0.1651 0.1385 0.1610 0.1215 0.1579 
          79  1 0.1122 0.0107 0.1357 0.1568 0.1755 0.1352 0.1174 0.1564 
          80  1 0.1248 0.1014 0.1304 0.1247 0.1344 0.1278 0.1230 0.1334 
          81  1 0.1068 0.0858 0.1254 0.1457 0.1206 0.1496 0.1388 0.1275 
          82  1 0.1195 0.0223 0.1286 0.1508 0.1304 0.1662 0.1459 0.1363 
          83  1 0.1366 0.0455 0.1242 0.1452 0.1388 0.1485 0.1248 0.1364 
          84  1 0.1353 0.0422 0.1463 0.1355 0.1463 0.1408 0.1344 0.1193 
          85  1 0.1303 0.0232 0.1405 0.1517 0.1348 0.1575 0.1412 0.1208 
          86  1 0.1146 0.1417 0.1100 0.1041 0.1353 0.1335 0.1268 0.1340 
          87  1 0.1275 0.0167 0.1171 0.1322 0.1442 0.1420 0.1508 0.1694 
          88  1 0.1270 0.0375 0.1373 0.1386 0.1329 0.1472 0.1352 0.1443 
          89  1 0.1539 0.0316 0.1267 0.1216 0.1591 0.1189 0.1438 0.1445 
          90  1 0.1234 0.1502 0.1022 0.1137 0.1290 0.1243 0.1291 0.1281 
          91  1 0.1503 0.0422 0.1330 0.1311 0.1362 0.1318 0.1335 0.1420 
          92  1 0.1433 0.0358 0.1156 0.1494 0.1518 0.1305 0.1271 0.1465 
          93  1 0.1562 0.0314 0.1241 0.1321 0.1303 0.1472 0.1344 0.1443 
          94  1 0.0893 0.1735 0.1085 0.1043 0.1619 0.1342 0.1138 0.1145 
          95  1 0.1316 0.0303 0.1207 0.1448 0.1622 0.1282 0.1285 0.1537 
          96  1 0.1085 0.0435 0.1070 0.1142 0.2074 0.1470 0.1262 0.1462 
          97  1 0.1341 0.0147 0.1376 0.1254 0.1453 0.1377 0.1498 0.1554 
          98  1 0.1737 0.0158 0.1937 0.1455 0.1025 0.1068 0.1357 0.1263 
          99  1 0.1288 0.0146 0.1440 0.1365 0.1739 0.1318 0.1372 0.1331 
         100  1 0.1107 0.0225 0.1608 0.1959 0.1049 0.1270 0.1340 0.1440 
         101  1 0.0955 0.0467 0.1323 0.1669 0.1070 0.1935 0.1275 0.1305 
         102  1 0.1360 0.0165 0.1420 0.1531 0.1355 0.1317 0.1340 0.1512 
         103  1 0.0864 0.1291 0.1075 0.1472 0.1194 0.1547 0.1356 0.1201 
         104  1 0.1482 0.0233 0.1585 0.1393 0.1194 0.1312 0.1527 0.1273 
         105  1 0.1459 0.0286 0.1266 0.1217 0.1593 0.1386 0.1275 0.1517 
         106  1 0.1639 0.0356 0.1661 0.1503 0.1122 0.1208 0.1401 0.1110 
         107  1 0.0960 0.0261 0.1448 0.1846 0.1102 0.1606 0.1284 0.1493 
         108  1 0.1128 0.0334 0.1462 0.1417 0.1481 0.1468 0.1313 0.1398 
         109  1 0.1295 0.0306 0.1191 0.1327 0.1534 0.1325 0.1566 0.1456 
         110  1 0.1150 0.0225 0.1403 0.1331 0.1630 0.1364 0.1340 0.1556 
         111  1 0.1530 0.0345 0.1506 0.1510 0.1233 0.1244 0.1455 0.1177 
         112  1 0.1081 0.0245 0.1311 0.1760 0.1240 0.1713 0.1338 0.1312 
         113  1 0.1369 0.0156 0.1302 0.1321 0.1527 0.1343 0.1266 0.1716 
         114  1 0.1131 0.0548 0.1227 0.1244 0.1645 0.1591 0.1273 0.1342 
         115  1 0.1231 0.0369 0.1436 0.1483 0.1347 0.1325 0.1401 0.1410 
         116  1 0.1318 0.0150 0.1301 0.1503 0.1503 0.1435 0.1502 0.1288 
         117  1 0.1256 0.0310 0.1212 0.1221 0.1648 0.1428 0.1344 0.1582 
         118  1 0.1130 0.0391 0.1418 0.1409 0.1497 0.1478 0.1220 0.1457 
         119  1 0.2221 0.0232 0.2079 0.1510 0.0882 0.0831 0.1279 0.0965 
         120  1 0.1260 0.1540 0.1223 0.1147 0.1177 0.1117 0.1291 0.1244 
         121  1 0.1341 0.0363 0.1524 0.1194 0.1402 0.1333 0.1401 0.1443 
         122  1 0.1906 0.0274 0.1952 0.1419 0.1057 0.0931 0.1435 0.1026 
         123  1 0.1350 0.0160 0.1391 0.1422 0.1369 0.1560 0.1405 0.1342 
         124  1 0.1366 0.0174 0.1354 0.1372 0.1455 0.1442 0.1309 0.1528 
         125  1 0.1965 0.0426 0.1838 0.1584 0.0982 0.0933 0.1318 0.0954 
         126  1 0.1303 0.0144 0.1472 0.1466 0.1366 0.1490 0.1425 0.1334 
         127  1 0.1315 0.0247 0.1253 0.1487 0.1336 0.1528 0.1428 0.1407 
         128  1 0.1400 0.0166 0.1619 0.1523 0.1211 0.1408 0.1289 0.1384 
         129  1 0.1217 0.1766 0.1015 0.1001 0.1326 0.1275 0.1223 0.1175 
         130  1 0.1506 0.0600 0.1613 0.1315 0.1126 0.1210 0.1327 0.1304 
         131  1 0.1483 0.0279 0.1258 0.1248 0.1471 0.1315 0.1493 0.1454 
         132  1 0.1207 0.0157 0.1454 0.1356 0.1542 0.1523 0.1371 0.1389 
         133  1 0.1452 0.0153 0.1472 0.1135 0.1423 0.1265 0.1495 0.1605 
         134  1 0.1260 0.0288 0.1137 0.1142 0.1667 0.1394 0.1567 0.1545 
         135  1 0.0707 0.4479 0.0757 0.0728 0.0923 0.0868 0.0765 0.0772 
         136  1 0.1330 0.0350 0.1458 0.1483 0.1298 0.1350 0.1415 0.1315 
         137  1 0.0957 0.1229 0.1207 0.1243 0.1434 0.1406 0.1249 0.1275 
         138  1 0.1202 0.0213 0.1341 0.1366 0.1487 0.1479 0.1346 0.1566 
         139  1 0.1143 0.0266 0.1441 0.1430 0.1486 0.1420 0.1459 0.1353 
         140  1 0.1194 0.0386 0.1107 0.1071 0.1759 0.1464 0.1457 0.1560 
         141  1 0.1227 0.0723 0.1012 0.1184 0.1471 0.1290 0.1635 0.1457 
         142  1 0.1331 0.0483 0.1322 0.1431 0.1288 0.1557 0.1324 0.1263 
         143  1 0.1319 0.0391 0.1657 0.1646 0.1237 0.1146 0.1262 0.1341 
         144  1 0.1363 0.0166 0.1515 0.1367 0.1318 0.1398 0.1328 0.1547 
         145  1 0.1259 0.0119 0.1428 0.1625 0.1342 0.1372 0.1442 0.1413 
         146  1 0.0998 0.0386 0.1189 0.1438 0.1317 0.1876 0.1377 0.1420 
         147  1 0.1169 0.0154 0.1397 0.1462 0.1430 0.1524 0.1326 0.1539 
         148  1 0.0955 0.0176 0.1432 0.1440 0.1425 0.1832 0.1358 0.1382 
         149  1 0.1314 0.0323 0.1186 0.1246 0.1583 0.1387 0.1494 0.1467 
         150  1 0.1054 0.0998 0.1343 0.1255 0.1263 0.1628 0.1223 0.1237 
         151  1 0.1550 0.0377 0.1202 0.1184 0.1504 0.1341 0.1386 0.1456 
         152  1 0.1320 0.0322 0.1328 0.1381 0.1244 0.1751 0.1284 0.1370 
         153  1 0.1135 0.0241 0.1211 0.1204 0.1681 0.1588 0.1445 0.1495 
         154  1 0.2521 0.0115 0.1976 0.1693 0.0713 0.0695 0.1413 0.0875 
         155  1 0.1499 0.0418 0.1338 0.1237 0.1334 0.1365 0.1447 0.1362 
         156  1 0.1309 0.0348 0.1115 0.1128 0.1661 0.1378 0.1478 0.1584 
         157  1 0.1198 0.0254 0.1311 0.1355 0.1448 0.1351 0.1528 0.1555 
         158  1 0.1154 0.1003 0.1247 0.1055 0.1470 0.1476 0.1322 0.1273 
         159  1 0.1393 0.0273 0.1231 0.1353 0.1442 0.1465 0.1395 0.1449 
         160  1 0.1672 0.0224 0.1343 0.1336 0.1302 0.1318 0.1453 0.1353 
         161  1 0.1794 0.1190 0.1348 0.1273 0.1065 0.0991 0.1250 0.1090 
         162  1 0.1432 0.0248 0.1503 0.1426 0.1329 0.1270 0.1409 0.1383 
         163  1 0.1148 0.0532 0.1332 0.1374 0.1473 0.1353 0.1383 0.1405 
         164  1 0.1560 0.0323 0.1524 0.1403 0.1283 0.1359 0.1276 0.1272 
         165  1 0.1574 0.0226 0.1395 0.1280 0.1448 0.1276 0.1381 0.1421 
         166  1 0.0966 0.0346 0.1073 0.1365 0.1582 0.1631 0.1544 0.1493 
         167  1 0.1676 0.0273 0.1780 0.1505 0.1238 0.1104 0.1251 0.1174 
         168  1 0.1041 0.1145 0.1176 0.1364 0.1289 0.1336 0.1305 0.1345 
         169  1 0.2460 0.0234 0.2095 0.1599 0.0740 0.0693 0.1411 0.0769 
         170  1 0.2152 0.0144 0.1621 0.1429 0.1116 0.1102 0.1376 0.1061 
         171  1 0.1709 0.0193 0.1225 0.1185 0.1458 0.1222 0.1433 0.1574 
         172  1 0.1504 0.0214 0.1526 0.1376 0.1356 0.1303 0.1363 0.1358 
         173  1 0.1092 0.0370 0.1385 0.1555 0.1261 0.1629 0.1366 0.1342 
         174  1 0.1438 0.0303 0.1390 0.1449 0.1380 0.1203 0.1403 0.1435 
         175  1 0.1982 0.0300 0.2093 0.1537 0.0908 0.0931 0.1276 0.0973 
         176  1 0.1271 0.0428 0.1225 0.1057 0.1664 0.1476 0.1400 0.1479 
         177  1 0.1148 0.0863 0.1145 0.1259 0.1411 0.1523 0.1342 0.1308 
         178  1 0.1473 0.0269 0.1236 0.1258 0.1395 0.1466 0.1435 0.1468 
         179  1 0.1010 0.0223 0.1058 0.1233 0.1848 0.1671 0.1468 0.1490 
         180  1 0.1324 0.0065 0.1523 0.1049 0.1463 0.1359 0.1465 0.1752 
         181  1 0.1191 0.0477 0.1177 0.1252 0.1495 0.1498 0.1599 0.1311 
         182  1 0.1059 0.1808 0.1045 0.1223 0.1210 0.1288 0.1264 0.1104 
         183  1 0.1913 0.0851 0.1711 0.1341 0.1036 0.0870 0.1261 0.1017 
         184  1 0.1935 0.0438 0.1984 0.1381 0.1011 0.1038 0.1239 0.0975 
         185  1 0.1479 0.0501 0.1168 0.1111 0.1584 0.1387 0.1311 0.1457 
         186  1 0.2210 0.0208 0.1853 0.1370 0.0950 0.0962 0.1397 0.1050 
         187  1 0.2220 0.0163 0.1929 0.1524 0.0947 0.0790 0.1453 0.0973 
         188  1 0.2115 0.0173 0.2071 0.1598 0.0894 0.0802 0.1400 0.0946 
         189  1 0.1147 0.0271 0.1312 0.1468 0.1614 0.1297 0.1407 0.1484 
         190  1 0.2279 0.0260 0.2102 0.1555 0.0770 0.0841 0.1335 0.0858 
         191  1 0.1320 0.0198 0.1288 0.1431 0.1467 0.1468 0.1276 0.1552 
         192  1 0.0718 0.5039 0.0652 0.0730 0.0728 0.0660 0.0784 0.0688 
         193  1 0.0828 0.4286 0.0756 0.0732 0.0951 0.0790 0.0860 0.0798 
         194  1 0.2179 0.0958 0.1899 0.1482 0.0747 0.0750 0.1235 0.0750 
         195  1 0.1651 0.0512 0.1703 0.1268 0.1244 0.1030 0.1409 0.1183 
         196  1 0.1412 0.0165 0.1194 0.1349 0.1391 0.1498 0.1455 0.1536 
         197  1 0.1442 0.0714 0.1148 0.1142 0.1385 0.1262 0.1345 0.1563 
         198  1 0.1140 0.0195 0.1127 0.1440 0.1503 0.1628 0.1456 0.1512 
         199  1 0.1416 0.0734 0.1057 0.1140 0.1522 0.1320 0.1332 0.1479 
         200  1 0.1323 0.0431 0.1214 0.1330 0.1401 0.1519 0.1427 0.1355 
         201  1 0.1304 0.1061 0.1107 0.1269 0.1297 0.1256 0.1284 0.1423 
         202  1 0.1415 0.0089 0.1318 0.1288 0.1406 0.1306 0.1490 0.1688 
         203  1 0.0890 0.0478 0.1659 0.1868 0.1020 0.1581 0.1187 0.1316 
         204  1 0.1464 0.0138 0.1510 0.1247 0.1458 0.1324 0.1501 0.1359 
         205  1 0.1402 0.0114 0.1114 0.1279 0.1503 0.1354 0.1531 0.1702 
         206  1 0.1631 0.0265 0.1325 0.1246 0.1497 0.1231 0.1432 0.1373 
         207  1 0.1284 0.0195 0.1250 0.1195 0.1675 0.1299 0.1490 0.1612 
         208  1 0.1481 0.0109 0.1328 0.1269 0.1388 0.1253 0.1674 0.1497 
         209  1 0.1136 0.1827 0.1048 0.1130 0.1289 0.1208 0.1164 0.1199 
         210  1 0.1378 0.0224 0.1419 0.1545 0.1418 0.1085 0.1416 0.1515 
         211  1 0.1308 0.0251 0.1540 0.1265 0.1341 0.1399 0.1409 0.1489 
         212  1 0.1616 0.0749 0.1639 0.1358 0.1156 0.1130 0.1310 0.1042 
         213  1 0.1104 0.0296 0.1366 0.1637 0.1280 0.1680 0.1285 0.1352 
         214  1 0.1051 0.0390 0.1462 0.1609 0.1312 0.1366 0.1399 0.1411 
         215  1 0.1343 0.0439 0.1458 0.1258 0.1515 0.1349 0.1361 0.1277 
         216  1 0.1841 0.0318 0.1815 0.1505 0.0968 0.1134 0.1381 0.1038 
         217  1 0.1129 0.0258 0.1710 0.1898 0.1150 0.1167 0.1215 0.1473 
         218  1 0.1443 0.0184 0.1399 0.1326 0.1387 0.1205 0.1526 0.1532 
         219  1 0.1420 0.0126 0.1290 0.1237 0.1610 0.1456 0.1365 0.1495 
         220  1 0.1319 0.0526 0.1150 0.1222 0.1473 0.1678 0.1387 0.1245 
         221  1 0.1401 0.0502 0.1185 0.1246 0.1452 0.1283 0.1230 0.1701 
         222  1 0.1159 0.0693 0.1209 0.1326 0.1360 0.1440 0.1472 0.1340 
         223  1 0.1075 0.2477 0.1094 0.1072 0.1095 0.1033 0.1113 0.1040 
         224  1 0.1208 0.0275 0.1255 0.1238 0.1517 0.1487 0.1452 0.1567 
         225  1 0.1299 0.0188 0.1440 0.1529 0.1409 0.1469 0.1325 0.1341 
         226  1 0.1393 0.0195 0.1490 0.1430 0.1262 0.1397 0.1397 0.1437 
         227  1 0.1352 0.0737 0.1438 0.1434 0.1208 0.1431 0.1235 0.1165 
         228  1 0.1789 0.0341 0.1632 0.1268 0.1363 0.1118 0.1241 0.1249 
         229  1 0.1284 0.0146 0.1159 0.1250 0.1505 0.1417 0.1695 0.1543 
         230  1 0.1189 0.0307 0.1539 0.1727 0.0959 0.1829 0.1315 0.1134 
         231  1 0.1348 0.0128 0.1429 0.1469 0.1309 0.1354 0.1401 0.1563 
         232  1 0.1500 0.0182 0.1360 0.1235 0.1497 0.1385 0.1464 0.1378 
         233  1 0.1189 0.0374 0.1137 0.1406 0.1497 0.1522 0.1478 0.1397 
         234  1 0.1580 0.0192 0.1413 0.1270 0.1392 0.1256 0.1524 0.1374 
         235  1 0.1271 0.0148 0.1468 0.1529 0.1367 0.1372 0.1296 0.1549 
         236  1 0.1067 0.0135 0.1212 0.1332 0.1642 0.1463 0.1593 0.1556 
         237  1 0.1212 0.0253 0.1484 0.1657 0.1174 0.1525 0.1263 0.1432 
         238  1 0.1512 0.0482 0.1172 0.1194 0.1423 0.1480 0.1388 0.1350 
         239  1 0.1422 0.0066 0.1242 0.1682 0.1393 0.1336 0.1288 0.1571 
         240  1 0.1178 0.1515 0.1068 0.1026 0.1307 0.1161 0.1367 0.1380 
         241  1 0.1428 0.0168 0.1214 0.1216 0.1529 0.1456 0.1426 0.1563 
         242  1 0.1123 0.0427 0.1316 0.1547 0.1253 0.1498 0.1362 0.1473 
         243  1 0.1297 0.0178 0.1178 0.1476 0.1537 0.1402 0.1410 0.1524 
         244  1 0.1193 0.0373 0.1393 0.1402 0.1271 0.1383 0.1408 0.1577 
         245  1 0.1722 0.0178 0.1943 0.1346 0.1096 0.1134 0.1270 0.1312 
         246  1 0.1383 0.0085 0.1305 0.1459 0.1473 0.1412 0.1305 0.1577 
         247  1 0.1089 0.0586 0.1283 0.1368 0.1358 0.1295 0.1471 0.1550 
         248  1 0.1123 0.0530 0.1087 0.1263 0.1562 0.1466 0.1512 0.1457 
         249  1 0.1629 0.1312 0.1407 0.1337 0.1029 0.1169 0.1155 0.0962 
         250  1 0.0958 0.0203 0.1551 0.1614 0.1230 0.1838 0.1334 0.1272 
         251  1 0.1166 0.0229 0.1637 0.1660 0.1015 0.1717 0.1359 0.1217 
         252  1 0.1139 0.0103 0.1596 0.1720 0.1159 0.1523 0.1277 0.1484 
         253  1 0.1164 0.1655 0.1095 0.0979 0.1381 0.1225 0.1226 0.1274 
         254  1 0.0674 0.6482 0.0655 0.0551 0.0399 0.0396 0.0465 0.0378 
         255  1 0.1313 0.0563 0.1292 0.1249 0.1447 0.1274 0.1334 0.1528 
         256  1 0.2041 0.0225 0.2049 0.1612 0.0803 0.0931 0.1435 0.0905 
         257  1 0.1365 0.0644 0.1231 0.1265 0.1359 0.1459 0.1408 0.1269 
         258  1 0.1383 0.0311 0.1177 0.1467 0.1588 0.1381 0.1259 0.1435 
         259  1 0.1163 0.0311 0.1398 0.1407 0.1482 0.1344 0.1267 0.1628 
         260  1 0.1366 0.0075 0.1178 0.1370 0.1241 0.1618 0.1459 0.1693 
         261  1 0.1475 0.0141 0.1328 0.1309 0.1432 0.1388 0.1634 0.1292 
         262  1 0.1622 0.0157 0.1456 0.1314 0.1290 0.1280 0.1551 0.1329 
         263  1 0.1212 0.0478 0.1330 0.1351 0.1352 0.1515 0.1355 0.1407 
         264  1 0.1257 0.0164 0.1348 0.1412 0.1429 0.1380 0.1508 0.1502 
         265  1 0.1084 0.1346 0.1195 0.1227 0.1200 0.1511 0.1216 0.1222 
         266  1 0.1256 0.0204 0.1305 0.1829 0.1329 0.1458 0.1351 0.1269 
         267  1 0.1418 0.0231 0.1229 0.1332 0.1348 0.1479 0.1351 0.1611 
         268  1 0.0991 0.0229 0.1464 0.1731 0.1406 0.1530 0.1366 0.1283 
         269  1 0.1245 0.0413 0.1374 0.1360 0.1284 0.1558 0.1384 0.1382 
         270  1 0.1881 0.2305 0.1452 0.1239 0.0756 0.0558 0.1177 0.0633 
         271  1 0.1112 0.0212 0.1516 0.1682 0.1163 0.1685 0.1352 0.1278 
         272  1 0.1910 0.0182 0.1674 0.1498 0.1130 0.1098 0.1269 0.1239 
         273  1 0.1231 0.0118 0.1137 0.1450 0.1448 0.1274 0.1749 0.1593 
         274  1 0.1518 0.0118 0.1378 0.1622 0.1226 0.1279 0.1336 0.1522 
         275  1 0.1036 0.0255 0.1276 0.1475 0.1360 0.1840 0.1332 0.1425 
         276  1 0.1175 0.0188 0.1259 0.1407 0.1297 0.1645 0.1429 0.1600 
         277  1 0.2037 0.0605 0.1916 0.1416 0.0863 0.0858 0.1286 0.1019 
         278  1 0.1125 0.0458 0.1382 0.1458 0.1502 0.1275 0.1268 0.1532 
         279  1 0.0944 0.0087 0.1259 0.1185 0.1821 0.1728 0.1330 0.1646 
         280  1 0.1309 0.0165 0.1389 0.1578 0.1260 0.1397 0.1452 0.1450 
         281  1 0.1249 0.0928 0.1217 0.1165 0.1351 0.1504 0.1358 0.1228 
         282  1 0.1231 0.0194 0.1233 0.1590 0.1530 0.1469 0.1448 0.1305 
         283  1 0.1966 0.0101 0.1677 0.1488 0.1114 0.1008 0.1520 0.1125 
         284  1 0.1911 0.0142 0.2052 0.1395 0.0913 0.1004 0.1383 0.1201 
         285  1 0.1138 0.0263 0.1273 0.1572 0.1439 0.1629 0.1389 0.1295 
         286  1 0.1128 0.1412 0.1345 0.1241 0.1121 0.1274 0.1256 0.1224 
         287  1 0.1326 0.0233 0.1330 0.1326 0.1410 0.1370 0.1354 0.1651 
         288  1 0.1381 0.0155 0.1434 0.1464 0.1398 0.1352 0.1442 0.1373 
         289  1 0.1298 0.0268 0.1332 0.1328 0.1372 0.1462 0.1461 0.1479 
         290  1 0.1337 0.0162 0.1149 0.1297 0.1442 0.1427 0.1576 0.1609 
         291  1 0.1423 0.0353 0.1433 0.1162 0.1536 0.1204 0.1401 0.1488 
         292  1 0.2385 0.0206 0.2229 0.1774 0.0554 0.0704 0.1407 0.0740 
         293  1 0.1187 0.0203 0.1504 0.1607 0.1491 0.1003 0.1367 0.1639 
         294  1 0.1480 0.0176 0.1494 0.1343 0.1495 0.1343 0.1337 0.1333 
         295  1 0.1206 0.0257 0.1285 0.1307 0.1682 0.1263 0.1516 0.1484 
         296  1 0.0905 0.0938 0.1159 0.1450 0.1172 0.1729 0.1358 0.1290 
         297  1 0.1394 0.0296 0.1284 0.1348 0.1264 0.1411 0.1328 0.1675 
         298  1 0.1377 0.0107 0.1147 0.1255 0.1482 0.1581 0.1527 0.1524 
         299  1 0.1285 0.0309 0.1455 0.1417 0.1378 0.1272 0.1497 0.1386 
         300  1 0.1407 0.1107 0.1225 0.1070 0.1240 0.1250 0.1291 0.1410 
         301  1 0.0890 0.1648 0.0973 0.1065 0.1318 0.1407 0.1289 0.1410 
         302  1 0.1509 0.0333 0.1365 0.1206 0.1476 0.1335 0.1350 0.1426 
         303  1 0.1467 0.0347 0.1364 0.1247 0.1385 0.1362 0.1482 0.1346 
         304  1 0.1266 0.0301 0.1545 0.1542 0.1218 0.1439 0.1205 0.1485 
         305  1 0.1735 0.0209 0.1530 0.1360 0.1298 0.1275 0.1315 0.1278 
         306  1 0.0974 0.0413 0.1227 0.1493 0.1346 0.1837 0.1370 0.1340 
         307  1 0.1678 0.0155 0.1779 0.1271 0.1099 0.1194 0.1385 0.1439 
         308  1 0.1226 0.0314 0.1217 0.1322 0.1608 0.1407 0.1309 0.1597 
         309  1 0.1465 0.0300 0.1145 0.1137 0.1515 0.1408 0.1360 0.1670 
         310  1 0.2988 0.0226 0.2395 0.1645 0.0427 0.0399 0.1395 0.0525 
         311  1 0.1536 0.0208 0.1403 0.1379 0.1440 0.1207 0.1341 0.1485 
         312  1 0.1373 0.0308 0.1206 0.1221 0.1555 0.1327 0.1480 0.1530 
         313  1 0.1566 0.0171 0.1270 0.1172 0.1490 0.1300 0.1431 0.1600 
         314  1 0.1225 0.0231 0.1363 0.1447 0.1436 0.1474 0.1355 0.1468 
         315  1 0.1354 0.0133 0.1396 0.1090 0.1504 0.1405 0.1439 0.1680 
         316  1 0.1027 0.2571 0.1099 0.1175 0.1072 0.1039 0.1032 0.0985 
         317  1 0.1602 0.0272 0.1819 0.1435 0.1133 0.1074 0.1386 0.1279 
         318  1 0.1164 0.0180 0.1342 0.1458 0.1427 0.1496 0.1477 0.1456 
         319  1 0.0962 0.0228 0.1064 0.1149 0.2065 0.1497 0.1500 0.1535 
         320  1 0.1368 0.0241 0.1450 0.1609 0.1280 0.1409 0.1374 0.1270 
         321  1 0.0855 0.3393 0.0876 0.0855 0.1069 0.1017 0.0948 0.0987 
         322  1 0.1766 0.0375 0.1415 0.1242 0.1433 0.1073 0.1443 0.1252 
         323  1 0.1330 0.0308 0.1267 0.1333 0.1328 0.1347 0.1425 0.1662 
         324  1 0.1657 0.0285 0.1436 0.1335 0.1238 0.1267 0.1490 0.1293 
         325  1 0.1276 0.0129 0.1203 0.1493 0.1448 0.1534 0.1460 0.1456 
         326  1 0.1137 0.0128 0.1571 0.1684 0.0951 0.1948 0.1315 0.1265 
         327  1 0.1094 0.1002 0.1276 0.1324 0.1322 0.1453 0.1255 0.1275 
         328  1 0.1558 0.0087 0.1557 0.1510 0.1188 0.1095 0.1536 0.1468 
         329  1 0.1117 0.0237 0.1162 0.1310 0.1836 0.1235 0.1480 0.1623 
         330  1 0.1272 0.0827 0.1325 0.1228 0.1401 0.1267 0.1383 0.1296 
         331  1 0.1433 0.0337 0.1253 0.1406 0.1333 0.1507 0.1310 0.1422 
         332  1 0.1699 0.0126 0.1475 0.1311 0.1181 0.1319 0.1454 0.1435 
         333  1 0.1303 0.0158 0.1289 0.1363 0.1590 0.1483 0.1302 0.1511 
         334  1 0.1769 0.0197 0.1546 0.1362 0.1280 0.1228 0.1433 0.1185 
         335  1 0.1151 0.1214 0.1153 0.1173 0.1389 0.1359 0.1323 0.1239 
         336  1 0.1144 0.0533 0.1311 0.1452 0.1245 0.1677 0.1301 0.1337 
         337  1 0.2936 0.0087 0.2409 0.1740 0.0434 0.0430 0.1389 0.0576 
         338  1 0.1325 0.0124 0.1216 0.1289 0.1329 0.1516 0.1555 0.1646 
         339  1 0.3090 0.0193 0.2525 0.1703 0.0289 0.0317 0.1416 0.0466 
         340  1 0.1271 0.2434 0.1205 0.1188 0.0971 0.0947 0.1068 0.0916 
         341  1 0.1452 0.0772 0.1299 0.1237 0.1230 0.1324 0.1402 0.1284 
         342  1 0.1791 0.0214 0.1569 0.1431 0.1204 0.1046 0.1530 0.1214 
         343  1 0.0944 0.0170 0.1355 0.1613 0.1025 0.2069 0.1430 0.1394 
         344  1 0.0994 0.0322 0.1397 0.1489 0.1238 0.1806 0.1378 0.1376 
         345  1 0.1204 0.0140 0.1092 0.1434 0.1463 0.1732 0.1507 0.1429 
         346  1 0.1166 0.0236 0.1186 0.1304 0.1572 0.1364 0.1515 0.1659 
         347  1 0.0803 0.0169 0.1381 0.1792 0.0910 0.2289 0.1307 0.1349 
         348  1 0.1348 0.0363 0.1354 0.1327 0.1478 0.1331 0.1373 0.1427 
         349  1 0.1071 0.0362 0.1233 0.1378 0.1633 0.1459 0.1393 0.1470 
         350  1 0.1218 0.1336 0.1205 0.1027 0.1355 0.1334 0.1183 0.1343 
         351  1 0.1223 0.0490 0.1075 0.1156 0.1549 0.1336 0.1430 0.1740 
         352  1 0.1346 0.0121 0.1094 0.1107 0.1584 0.1595 0.1467 0.1685 
         353  1 0.0508 0.5080 0.0752 0.0879 0.0619 0.0707 0.0718 0.0738 
         354  1 0.1291 0.0190 0.1473 0.1459 0.1395 0.1359 0.1309 0.1524 
         355  1 0.1126 0.0138 0.1055 0.1112 0.1742 0.1540 0.1627 0.1660 
         356  1 0.1365 0.0407 0.1352 0.1266 0.1361 0.1410 0.1381 0.1457 
         357  1 0.1117 0.0242 0.1532 0.1677 0.1283 0.1455 0.1370 0.1324 
         358  1 0.1488 0.0176 0.1374 0.1562 0.1194 0.1334 0.1356 0.1516 
         359  1 0.1269 0.0547 0.1020 0.1253 0.1346 0.1545 0.1532 0.1489 
         360  1 0.1098 0.0355 0.1308 0.1438 0.1414 0.1610 0.1291 0.1485 
         361  1 0.1392 0.0240 0.1290 0.1157 0.1580 0.1464 0.1314 0.1565 
         362  1 0.1354 0.1482 0.1223 0.1135 0.1191 0.1162 0.1279 0.1175 
         363  1 0.1415 0.0887 0.1484 0.1355 0.1082 0.1289 0.1346 0.1142 
         364  1 0.1276 0.0411 0.1513 0.1576 0.1381 0.1276 0.1407 0.1158 
         365  1 0.1105 0.1201 0.1202 0.1315 0.1385 0.1400 0.1275 0.1116 
         366  1 0.1062 0.0506 0.1237 0.1245 0.1573 0.1606 0.1369 0.1403 
         367  1 0.0877 0.5479 0.0777 0.0693 0.0479 0.0591 0.0582 0.0523 
         368  1 0.1424 0.0188 0.1627 0.1375 0.1275 0.1513 0.1363 0.1235 
         369  1 0.1399 0.0194 0.1541 0.1361 0.1370 0.1232 0.1479 0.1424 
         370  1 0.0925 0.0418 0.1600 0.1858 0.1071 0.1687 0.1095 0.1346 
         371  1 0.0998 0.0694 0.1348 0.1430 0.1404 0.1444 0.1365 0.1316 
         372  1 0.1540 0.0239 0.1376 0.1457 0.1333 0.1366 0.1355 0.1334 
         373  1 0.0923 0.1035 0.1426 0.1444 0.1353 0.1372 0.1208 0.1238 
         374  1 0.1085 0.0338 0.1155 0.1160 0.1619 0.1372 0.1597 0.1674 
         375  1 0.1005 0.0678 0.1008 0.1037 0.1987 0.1487 0.1231 0.1568 
         376  1 0.0941 0.0542 0.1111 0.1396 0.1463 0.1648 0.1438 0.1460 
         377  1 0.1202 0.0221 0.1514 0.1765 0.1200 0.1254 0.1458 0.1387 
         378  1 0.1327 0.0179 0.1542 0.1512 0.1246 0.1513 0.1421 0.1260 
         379  1 0.1353 0.0474 0.0964 0.1148 0.1712 0.1324 0.1400 0.1626 
         380  1 0.1255 0.0462 0.1472 0.1452 0.1401 0.1211 0.1259 0.1488 
         381  1 0.1174 0.0256 0.1148 0.1344 0.1643 0.1428 0.1368 0.1640 
         382  1 0.1481 0.0188 0.1171 0.1177 0.1481 0.1468 0.1360 0.1674 
         383  1 0.1236 0.0341 0.1205 0.1165 0.1732 0.1475 0.1396 0.1450 
         384  1 0.1307 0.0091 0.1099 0.1549 0.1497 0.1554 0.1433 0.1471 
         385  1 0.1244 0.0683 0.1407 0.1464 0.1322 0.1364 0.1265 0.1250 
         386  1 0.1489 0.0149 0.1189 0.1227 0.1421 0.1524 0.1505 0.1496 
         387  1 0.1510 0.0873 0.1374 0.1286 0.1338 0.1097 0.1349 0.1173 
         388  1 0.0757 0.2903 0.1087 0.1257 0.0901 0.1203 0.0887 0.1006 
         389  1 0.0810 0.2993 0.0981 0.1088 0.1130 0.1035 0.0904 0.1059 
         390  1 0.1799 0.0224 0.1594 0.1499 0.1192 0.1131 0.1340 0.1221 
         391  1 0.1048 0.0269 0.1200 0.1375 0.1517 0.1780 0.1436 0.1378 
         392  1 0.1447 0.0670 0.1502 0.1110 0.1204 0.1294 0.1451 0.1324 
         393  1 0.1172 0.0237 0.1196 0.1138 0.1908 0.1561 0.1319 0.1468 
         394  1 0.0748 0.0308 0.1378 0.1789 0.0983 0.2236 0.1232 0.1327 
         395  1 0.1569 0.0515 0.1594 0.1391 0.1166 0.1299 0.1365 0.1102 
         396  1 0.2739 0.0152 0.2422 0.1685 0.0544 0.0421 0.1398 0.0640 
         397  1 0.1153 0.1254 0.1149 0.1181 0.1262 0.1515 0.1281 0.1205 
         398  1 0.1243 0.0128 0.1209 0.1184 0.1884 0.1389 0.1492 0.1471 
         399  1 0.1013 0.0104 0.1333 0.1555 0.1359 0.1796 0.1299 0.1540 
         400  1 0.1546 0.0538 0.1652 0.1240 0.1311 0.1230 0.1309 0.1174 
         401  1 0.1019 0.1307 0.1332 0.1366 0.1062 0.1610 0.1233 0.1072 
         402  1 0.2059 0.0248 0.2065 0.1561 0.0957 0.0897 0.1273 0.0940 
         403  1 0.1249 0.1910 0.1358 0.1318 0.0989 0.1077 0.1162 0.0936 
         404  1 0.1167 0.0285 0.1374 0.1454 0.1433 0.1558 0.1373 0.1355 
         405  1 0.1222 0.0162 0.1210 0.1291 0.1646 0.1506 0.1338 0.1626 
         406  1 0.0765 0.4290 0.0828 0.0862 0.0753 0.0842 0.0867 0.0793 
         407  1 0.1093 0.1514 0.1101 0.1104 0.1237 0.1447 0.1252 0.1252 
         408  1 0.1268 0.0146 0.1255 0.1282 0.1552 0.1447 0.1431 0.1620 
         409  1 0.1616 0.0381 0.1407 0.1261 0.1449 0.1309 0.1323 0.1255 
         410  1 0.1346 0.1700 0.1116 0.1159 0.1177 0.1113 0.1249 0.1140 
         411  1 0.1433 0.0210 0.1059 0.1144 0.1588 0.1431 0.1497 0.1638 
         412  1 0.1368 0.0239 0.1445 0.1149 0.1546 0.1396 0.1411 0.1447 
         413  1 0.1573 0.0112 0.1261 0.1370 0.1396 0.1335 0.1372 0.1582 
         414  1 0.1369 0.0972 0.1494 0.1455 0.1035 0.1279 0.1262 0.1135 
         415  1 0.0996 0.0203 0.1269 0.1599 0.1256 0.2043 0.1300 0.1334 
         416  1 0.1277 0.0138 0.1060 0.1243 0.1674 0.1615 0.1519 0.1473 
         417  1 0.1029 0.0405 0.1337 0.1845 0.1001 0.1827 0.1374 0.1182 
         418  1 0.1530 0.0144 0.1216 0.1379 0.1642 0.1255 0.1448 0.1386 
         419  1 0.1089 0.0341 0.1508 0.1825 0.1028 0.1585 0.1290 0.1335 
         420  1 0.0783 0.3496 0.0981 0.0997 0.0907 0.1106 0.0855 0.0874 
         421  1 0.1963 0.0226 0.1819 0.1417 0.1055 0.1011 0.1475 0.1034 
         422  1 0.1438 0.0118 0.1280 0.1327 0.1490 0.1430 0.1370 0.1546 
         423  1 0.0902 0.0164 0.1405 0.1760 0.1276 0.1812 0.1236 0.1445 
         424  1 0.0945 0.0722 0.1125 0.1247 0.1550 0.1442 0.1504 0.1465 
         425  1 0.1388 0.0665 0.1275 0.1269 0.1230 0.1591 0.1393 0.1189 
         426  1 0.1352 0.0340 0.1174 0.1317 0.1622 0.1530 0.1290 0.1375 
         427  1 0.1160 0.0127 0.1408 0.1444 0.1371 0.1567 0.1425 0.1500 
         428  1 0.2358 0.0184 0.2445 0.1707 0.0439 0.0669 0.1427 0.0772 
         429  1 0.0890 0.3112 0.0872 0.0893 0.1194 0.1036 0.0983 0.1021 
         430  1 0.1594 0.0223 0.1455 0.1413 0.1330 0.1300 0.1459 0.1226 
         431  1 0.1193 0.0164 0.1327 0.1461 0.1358 0.1666 0.1437 0.1394 
         432  1 0.1246 0.0118 0.1474 0.1616 0.1377 0.1262 0.1413 0.1494 
         433  1 0.1285 0.0105 0.1410 0.1311 0.1555 0.1392 0.1432 0.1509 
         434  1 0.1381 0.0229 0.1324 0.1184 0.1600 0.1314 0.1524 0.1444 
         435  1 0.1515 0.0403 0.1367 0.1295 0.1420 0.1411 0.1334 0.1256 
         436  1 0.1583 0.0266 0.1823 0.1467 0.1098 0.1193 0.1347 0.1223 
         437  1 0.1284 0.0189 0.1061 0.1109 0.1799 0.1476 0.1397 0.1685 
         438  1 0.1169 0.0251 0.1412 0.1352 0.1524 0.1469 0.1345 0.1478 
         439  1 0.2253 0.0422 0.2129 0.1574 0.0702 0.0626 0.1437 0.0857 
         440  1 0.1496 0.0125 0.1264 0.1462 0.1306 0.1372 0.1290 0.1684 
         441  1 0.1051 0.0693 0.1254 0.1518 0.1134 0.1839 0.1305 0.1205 
         442  1 0.0866 0.1339 0.1228 0.1446 0.1067 0.1628 0.1131 0.1295 
         443  1 0.1023 0.0143 0.1147 0.1322 0.2028 0.1433 0.1481 0.1423 
         444  1 0.1378 0.0094 0.0975 0.1156 0.1842 0.1382 0.1507 0.1666 
         445  1 0.1614 0.0269 0.1576 0.1220 0.1452 0.1183 0.1362 0.1324 
         446  1 0.1190 0.0312 0.1242 0.1204 0.1444 0.1583 0.1347 0.1678 
         447  1 0.0894 0.1821 0.1178 0.1276 0.1119 0.1425 0.1143 0.1145 
         448  1 0.1805 0.0224 0.1551 0.1307 0.1359 0.1130 0.1395 0.1230 
         449  1 0.1503 0.0145 0.1216 0.1198 0.1556 0.1272 0.1399 0.1711 
         450  1 0.0999 0.2288 0.1088 0.1183 0.1152 0.1151 0.1075 0.1064 
         451  1 0.1302 0.2777 0.1277 0.1023 0.0910 0.0860 0.0967 0.0884 
         452  1 0.1382 0.0151 0.1245 0.1284 0.1460 0.1554 0.1245 0.1678 
         453  1 0.2080 0.0291 0.1929 0.1623 0.0890 0.0853 0.1433 0.0901 
         454  1 0.1193 0.0267 0.1535 0.1633 0.1203 0.1634 0.1308 0.1229 
         455  1 0.1272 0.0295 0.1309 0.1383 0.1384 0.1513 0.1329 0.1515 
         456  1 0.1131 0.0301 0.1181 0.1308 0.1636 0.1508 0.1558 0.1378 
         457  1 0.1592 0.0130 0.1655 0.1272 0.1214 0.1352 0.1310 0.1475 
         458  1 0.1276 0.0187 0.1364 0.1370 0.1456 0.1394 0.1423 0.1529 
         459  1 0.1230 0.1309 0.1217 0.1112 0.1462 0.1222 0.1181 0.1268 
         460  1 0.1002 0.3296 0.0897 0.0901 0.1106 0.0891 0.1026 0.0881 
         461  1 0.1376 0.0439 0.1224 0.1268 0.1399 0.1413 0.1390 0.1492 
         462  1 0.1432 0.0152 0.1464 0.1342 0.1470 0.1456 0.1387 0.1296 
         463  1 0.1311 0.0145 0.1289 0.1642 0.1463 0.1373 0.1351 0.1425 
         464  1 0.1140 0.0196 0.1283 0.1271 0.1690 0.1363 0.1408 0.1648 
         465  1 0.1482 0.0520 0.1357 0.1383 0.1287 0.1479 0.1185 0.1308 
         466  1 0.0965 0.1552 0.1090 0.1264 0.1179 0.1549 0.1215 0.1186 
         467  1 0.1317 0.0172 0.1097 0.1112 0.1636 0.1408 0.1584 0.1674 
         468  1 0.1375 0.0263 0.1354 0.1235 0.1524 0.1282 0.1440 0.1527 
         469  1 0.1521 0.0110 0.1519 0.1510 0.1188 0.1599 0.1306 0.1248 
         470  1 0.1142 0.1107 0.1181 0.1239 0.1305 0.1321 0.1363 0.1341 
         471  1 0.1269 0.0878 0.1153 0.1235 0.1275 0.1371 0.1475 0.1343 
         472  1 0.1421 0.0506 0.1271 0.1057 0.1700 0.1261 0.1381 0.1404 
         473  1 0.1468 0.0161 0.1308 0.1380 0.1499 0.1219 0.1447 0.1518 
         474  1 0.1360 0.0355 0.1429 0.1234 0.1323 0.1443 0.1480 0.1376 
         475  1 0.1358 0.0084 0.1284 0.1459 0.1444 0.1457 0.1248 0.1668 
         476  1 0.1001 0.2466 0.1090 0.0985 0.1057 0.1300 0.1032 0.1070 
         477  1 0.1409 0.0706 0.1263 0.1108 0.1369 0.1300 0.1430 0.1415 
         478  1 0.1637 0.0377 0.1085 0.1095 0.1349 0.1454 0.1328 0.1675 
         479  1 0.1264 0.0354 0.1248 0.1347 0.1330 0.1571 0.1322 0.1563 
         480  1 0.1280 0.0464 0.1121 0.1349 0.1391 0.1501 0.1468 0.1426 
         481  1 0.1224 0.0864 0.1451 0.1436 0.1162 0.1415 0.1292 0.1158 
         482  1 0.1379 0.1324 0.1408 0.1409 0.1020 0.1263 0.1217 0.0980 
         483  1 0.1754 0.0139 0.1598 0.1467 0.1358 0.1121 0.1364 0.1200 
         484  1 0.1480 0.0729 0.1538 0.1432 0.1300 0.1127 0.1312 0.1082 
         485  1 0.1330 0.1343 0.1213 0.1270 0.1192 0.1306 0.1304 0.1043 
         486  1 0.1103 0.0840 0.1202 0.1236 0.1372 0.1397 0.1465 0.1385 
         487  1 0.1154 0.0252 0.1167 0.1339 0.1460 0.1770 0.1480 0.1377 
         488  1 0.1043 0.1109 0.1167 0.1359 0.1578 0.1481 0.1142 0.1121 
         489  1 0.1501 0.0189 0.1331 0.1387 0.1465 0.1393 0.1234 0.1501 
         490  1 0.1060 0.0421 0.1634 0.1426 0.1332 0.1335 0.1329 0.1464 
         491  1 0.1514 0.0397 0.1155 0.1088 0.1546 0.1437 0.1387 0.1475 
         492  1 0.1443 0.0643 0.1141 0.1193 0.1531 0.1412 0.1391 0.1246 
         493  1 0.1800 0.0125 0.1490 0.1395 0.1235 0.1184 0.1332 0.1440 
         494  1 0.1246 0.0169 0.1231 0.1146 0.1638 0.1418 0.1488 0.1664 
         495  1 0.1377 0.0404 0.1409 0.1549 0.1439 0.1076 0.1313 0.1433 
         496  1 0.1990 0.0668 0.1723 0.1468 0.1063 0.0828 0.1393 0.0867 
         497  1 0.1167 0.0238 0.1481 0.1574 0.1298 0.1429 0.1314 0.1500 
         498  1 0.1605 0.0134 0.1227 0.1333 0.1472 0.1249 0.1406 0.1574 
         499  1 0.1005 0.2139 0.1004 0.1004 0.1323 0.1065 0.1290 0.1170 
         500  1 0.1127 0.0147 0.1314 0.1390 0.1498 0.1608 0.1472 0.1444 
         501  1 0.1218 0.1179 0.1445 0.1377 0.1209 0.1198 0.1151 0.1222 
         502  1 0.1101 0.0214 0.1502 0.1493 0.1331 0.1636 0.1302 0.1422 
         503  1 0.2006 0.0148 0.1723 0.1477 0.0982 0.1212 0.1215 0.1238 
         504  1 0.1509 0.0074 0.1483 0.1507 0.1334 0.1302 0.1236 0.1555 
         505  1 0.0790 0.4665 0.0785 0.0792 0.0716 0.0761 0.0794 0.0698 
         506  1 0.0921 0.3532 0.1137 0.0915 0.0875 0.0898 0.0964 0.0758 
         507  1 0.1200 0.0787 0.1108 0.1202 0.1553 0.1501 0.1264 0.1385 
         508  1 0.1450 0.0236 0.1287 0.1410 0.1461 0.1278 0.1477 0.1402 
         509  1 0.0851 0.3597 0.0974 0.0945 0.0878 0.0943 0.0972 0.0841 
         510  1 0.1357 0.0475 0.1375 0.1354 0.1257 0.1280 0.1458 0.1443 
         511  1 0.1340 0.0224 0.1443 0.1494 0.1476 0.1330 0.1366 0.1327 
         512  1 0.1353 0.1480 0.1385 0.1177 0.1121 0.1024 0.1267 0.1193 
         513  1 0.1363 0.0360 0.1245 0.1164 0.1556 0.1431 0.1253 0.1628 
         514  1 0.1227 0.2150 0.1125 0.1115 0.1140 0.1084 0.1126 0.1033 
         515  1 0.1127 0.0756 0.1443 0.1416 0.1239 0.1482 0.1357 0.1180 
         516  1 0.1066 0.1353 0.1191 0.1329 0.1147 0.1563 0.1154 0.1196 
         517  1 0.1075 0.0235 0.1137 0.1246 0.1964 0.1475 0.1312 0.1556 
         518  1 0.1116 0.0307 0.1161 0.1112 0.2214 0.1605 0.1196 0.1290 
         519  1 0.1071 0.0084 0.1209 0.1264 0.1756 0.1442 0.1551 0.1622 
         520  1 0.1384 0.0481 0.1209 0.1146 0.1696 0.1272 0.1369 0.1443 
         521  1 0.0994 0.0324 0.1330 0.1316 0.1567 0.1562 0.1407 0.1500 
         522  1 0.1111 0.2545 0.1009 0.1061 0.1117 0.1132 0.1033 0.0991 
         523  1 0.1151 0.0148 0.1296 0.1476 0.1433 0.1520 0.1408 0.1568 
         524  1 0.0970 0.0585 0.1123 0.1167 0.1735 0.1618 0.1320 0.1481 
         525  1 0.1149 0.1293 0.1375 0.1467 0.1139 0.1071 0.1146 0.1361 
         526  1 0.1320 0.0117 0.1131 0.1375 0.1519 0.1492 0.1474 0.1571 
         527  1 0.1019 0.1991 0.0951 0.1124 0.1167 0.1299 0.1229 0.1220 
         528  1 0.1524 0.1041 0.1413 0.1301 0.1148 0.1099 0.1344 0.1131 
         529  1 0.1437 0.0318 0.1587 0.1448 0.1131 0.1539 0.1351 0.1189 
         530  1 0.1257 0.0771 0.1216 0.1340 0.1311 0.1427 0.1358 0.1319 
         531  1 0.1331 0.0472 0.1224 0.1236 0.1451 0.1370 0.1517 0.1399 
         532  1 0.1075 0.0305 0.1353 0.1447 0.1633 0.1395 0.1316 0.1476 
         533  1 0.1705 0.0252 0.1378 0.1207 0.1441 0.1296 0.1404 0.1317 
         534  1 0.1493 0.0274 0.1251 0.1274 0.1342 0.1362 0.1284 0.1720 
         535  1 0.1394 0.0468 0.1190 0.1254 0.1514 0.1485 0.1293 0.1401 
         536  1 0.1300 0.0658 0.1197 0.1220 0.1333 0.1506 0.1368 0.1418 
         537  1 0.1446 0.0499 0.1278 0.1205 0.1789 0.1299 0.1349 0.1135 
         538  1 0.0836 0.4033 0.0799 0.0890 0.0886 0.0929 0.0823 0.0804 
         539  1 0.1227 0.1255 0.1255 0.1310 0.1183 0.1282 0.1287 0.1202 
         540  1 0.1120 0.0225 0.1399 0.1597 0.1428 0.1550 0.1332 0.1350 
         541  1 0.1298 0.0153 0.1389 0.1609 0.1199 0.1612 0.1258 0.1482 
         542  1 0.1503 0.0153 0.1311 0.1204 0.1601 0.1373 0.1373 0.1481 
         543  1 0.1426 0.0122 0.1347 0.1416 0.1309 0.1388 0.1346 0.1646 
         544  1 0.1072 0.0211 0.1287 0.1383 0.1612 0.1633 0.1368 0.1432 
         545  1 0.1593 0.0252 0.1515 0.1280 0.1325 0.1332 0.1406 0.1297 
         546  1 0.1513 0.0092 0.1323 0.1351 0.1217 0.1474 0.1279 0.1751 
         547  1 0.1065 0.0342 0.1107 0.1322 0.1576 0.1550 0.1469 0.1570 
