           1  1 0.4011 0.2944 0.3046 
           2  1 0.1980 0.4125 0.3895 
           3  1 0.1915 0.3983 0.4102 
           4  1 0.3121 0.3504 0.3375 
           5  1 0.0986 0.4457 0.4557 
           6  1 0.2363 0.3939 0.3698 
           7  1 0.0885 0.4534 0.4581 
           8  1 0.6751 0.1641 0.1608 
           9  1 0.0726 0.4651 0.4623 
          10  1 0.1535 0.4220 0.4245 
          11  1 0.0859 0.4556 0.4585 
          12  1 0.1452 0.4263 0.4285 
          13  1 0.1266 0.4480 0.4253 
          14  1 0.1721 0.4149 0.4130 
          15  1 0.2441 0.3904 0.3656 
          16  1 0.1341 0.4458 0.4201 
          17  1 0.1221 0.4574 0.4205 
          18  1 0.4511 0.2821 0.2668 
          19  1 0.2927 0.3430 0.3644 
          20  1 0.0906 0.4614 0.4480 
          21  1 0.1422 0.4435 0.4143 
          22  1 0.0726 0.4819 0.4455 
          23  1 0.2812 0.3645 0.3543 
          24  1 0.1718 0.4291 0.3991 
          25  1 0.1282 0.4306 0.4412 
          26  1 0.1341 0.4248 0.4411 
          27  1 0.1781 0.3996 0.4223 
          28  1 0.1408 0.4504 0.4088 
          29  1 0.0724 0.4964 0.4313 
          30  1 0.1406 0.4477 0.4117 
          31  1 0.2731 0.3625 0.3644 
          32  1 0.1069 0.4606 0.4325 
          33  1 0.2227 0.4065 0.3708 
          34  1 0.2220 0.3904 0.3876 
          35  1 0.1764 0.4249 0.3987 
          36  1 0.0749 0.4855 0.4396 
          37  1 0.1001 0.4408 0.4591 
          38  1 0.0814 0.4697 0.4489 
          39  1 0.1732 0.4314 0.3954 
          40  1 0.5264 0.2373 0.2363 
          41  1 0.1225 0.4391 0.4384 
          42  1 0.0885 0.4569 0.4545 
          43  1 0.2195 0.3621 0.4183 
          44  1 0.1394 0.4304 0.4302 
          45  1 0.0774 0.4932 0.4294 
          46  1 0.1293 0.4589 0.4118 
          47  1 0.1963 0.3972 0.4065 
          48  1 0.3936 0.3009 0.3055 
          49  1 0.1348 0.4416 0.4236 
          50  1 0.0638 0.5079 0.4283 
          51  1 0.2020 0.4192 0.3787 
          52  1 0.1029 0.4513 0.4458 
          53  1 0.1286 0.4419 0.4295 
          54  1 0.2990 0.3519 0.3490 
          55  1 0.5415 0.2343 0.2242 
          56  1 0.1495 0.4238 0.4267 
          57  1 0.0553 0.4958 0.4489 
          58  1 0.1301 0.4520 0.4179 
          59  1 0.0613 0.4896 0.4491 
          60  1 0.0917 0.4731 0.4352 
          61  1 0.4419 0.2811 0.2770 
          62  1 0.0590 0.4974 0.4436 
          63  1 0.1869 0.4102 0.4029 
          64  1 0.1180 0.4556 0.4264 
          65  1 0.1613 0.4033 0.4355 
          66  1 0.1380 0.4335 0.4286 
          67  1 0.0847 0.4727 0.4426 
          68  1 0.0920 0.4619 0.4461 
          69  1 0.2054 0.4136 0.3810 
          70  1 0.3165 0.3393 0.3442 
          71  1 0.4123 0.3012 0.2864 
          72  1 0.0793 0.4898 0.4309 
          73  1 0.3002 0.3401 0.3597 
          74  1 0.2367 0.3785 0.3848 
          75  1 0.1289 0.4364 0.4346 
          76  1 0.3369 0.3367 0.3264 
          77  1 0.3349 0.3343 0.3308 
          78  1 0.2449 0.3596 0.3954 
          79  1 0.0753 0.4550 0.4697 
          80  1 0.3248 0.3500 0.3252 
          81  1 0.4087 0.2838 0.3075 
          82  1 0.2259 0.3909 0.3833 
          83  1 0.2836 0.3577 0.3586 
          84  1 0.2577 0.3770 0.3653 
          85  1 0.1622 0.4372 0.4006 
          86  1 0.4496 0.2729 0.2775 
          87  1 0.1136 0.4451 0.4413 
          88  1 0.1884 0.4271 0.3845 
          89  1 0.2327 0.3799 0.3874 
          90  1 0.5139 0.2464 0.2397 
          91  1 0.2620 0.3645 0.3736 
          92  1 0.1920 0.4289 0.3791 
          93  1 0.1931 0.4187 0.3882 
          94  1 0.5532 0.2243 0.2225 
          95  1 0.1382 0.4620 0.3998 
          96  1 0.2181 0.4041 0.3779 
          97  1 0.1118 0.4357 0.4525 
          98  1 0.1258 0.4463 0.4279 
          99  1 0.1254 0.4342 0.4405 
         100  1 0.1874 0.3969 0.4157 
         101  1 0.3047 0.3463 0.3490 
         102  1 0.0987 0.4740 0.4273 
         103  1 0.5799 0.2032 0.2169 
         104  1 0.1571 0.4214 0.4215 
         105  1 0.1837 0.4013 0.4150 
         106  1 0.2089 0.3948 0.3962 
         107  1 0.2043 0.3913 0.4044 
         108  1 0.1801 0.4309 0.3890 
         109  1 0.1920 0.3919 0.4161 
         110  1 0.1406 0.4171 0.4423 
         111  1 0.2293 0.3980 0.3727 
         112  1 0.2401 0.3762 0.3837 
         113  1 0.0979 0.4623 0.4398 
         114  1 0.3063 0.3562 0.3375 
         115  1 0.2036 0.3958 0.4006 
         116  1 0.1235 0.4469 0.4296 
         117  1 0.2072 0.3884 0.4044 
         118  1 0.2380 0.3717 0.3904 
         119  1 0.2152 0.3724 0.4124 
         120  1 0.5302 0.2350 0.2348 
         121  1 0.2103 0.3678 0.4218 
         122  1 0.1896 0.4176 0.3928 
         123  1 0.1090 0.4678 0.4233 
         124  1 0.1107 0.4490 0.4403 
         125  1 0.3657 0.3095 0.3248 
         126  1 0.1093 0.4668 0.4239 
         127  1 0.1796 0.4212 0.3991 
         128  1 0.1097 0.4264 0.4639 
         129  1 0.5354 0.2222 0.2424 
         130  1 0.2848 0.3388 0.3764 
         131  1 0.1789 0.4173 0.4038 
         132  1 0.1368 0.4327 0.4305 
         133  1 0.0999 0.4232 0.4769 
         134  1 0.1861 0.4192 0.3947 
         135  1 0.7063 0.1411 0.1526 
         136  1 0.2061 0.4081 0.3858 
         137  1 0.4616 0.2510 0.2875 
         138  1 0.1262 0.4472 0.4266 
         139  1 0.2291 0.3784 0.3925 
         140  1 0.2248 0.3901 0.3851 
         141  1 0.3244 0.3173 0.3583 
         142  1 0.3513 0.3171 0.3316 
         143  1 0.2299 0.3723 0.3978 
         144  1 0.1085 0.4734 0.4181 
         145  1 0.0869 0.4850 0.4280 
         146  1 0.3276 0.3241 0.3484 
         147  1 0.1104 0.4659 0.4237 
         148  1 0.1313 0.4305 0.4382 
         149  1 0.2901 0.3418 0.3681 
         150  1 0.4390 0.2745 0.2865 
         151  1 0.2627 0.3692 0.3681 
         152  1 0.2275 0.3904 0.3821 
         153  1 0.2134 0.3828 0.4037 
         154  1 0.1087 0.4332 0.4582 
         155  1 0.2427 0.3772 0.3801 
         156  1 0.1911 0.4181 0.3908 
         157  1 0.1585 0.4145 0.4270 
         158  1 0.4543 0.2642 0.2815 
         159  1 0.1670 0.4475 0.3855 
         160  1 0.1454 0.4274 0.4272 
         161  1 0.4566 0.2677 0.2757 
         162  1 0.1340 0.4202 0.4458 
         163  1 0.2845 0.3562 0.3593 
         164  1 0.2188 0.3994 0.3818 
         165  1 0.1318 0.4374 0.4308 
         166  1 0.2735 0.3613 0.3653 
         167  1 0.1558 0.4383 0.4060 
         168  1 0.4270 0.2923 0.2807 
         169  1 0.2105 0.3845 0.4051 
         170  1 0.1090 0.4492 0.4418 
         171  1 0.1525 0.4362 0.4113 
         172  1 0.1376 0.4465 0.4159 
         173  1 0.2499 0.3737 0.3764 
         174  1 0.1901 0.4156 0.3943 
         175  1 0.1672 0.4204 0.4125 
         176  1 0.3239 0.3336 0.3424 
         177  1 0.3522 0.3260 0.3217 
         178  1 0.1590 0.4043 0.4367 
         179  1 0.1688 0.4190 0.4122 
         180  1 0.0513 0.4511 0.4976 
         181  1 0.2984 0.3486 0.3530 
         182  1 0.5795 0.2088 0.2117 
         183  1 0.4088 0.2895 0.3017 
         184  1 0.3107 0.3383 0.3510 
         185  1 0.2903 0.3464 0.3633 
         186  1 0.1647 0.4061 0.4293 
         187  1 0.1325 0.4144 0.4532 
         188  1 0.1669 0.4166 0.4165 
         189  1 0.1484 0.4340 0.4176 
         190  1 0.2491 0.3577 0.3932 
         191  1 0.1304 0.4621 0.4076 
         192  1 0.7472 0.1233 0.1295 
         193  1 0.6821 0.1578 0.1601 
         194  1 0.4239 0.2822 0.2939 
         195  1 0.2531 0.3477 0.3993 
         196  1 0.1104 0.4350 0.4546 
         197  1 0.3116 0.3502 0.3383 
         198  1 0.1471 0.4420 0.4109 
         199  1 0.3181 0.3382 0.3436 
         200  1 0.3206 0.3397 0.3398 
         201  1 0.4323 0.2947 0.2730 
         202  1 0.0568 0.4870 0.4562 
         203  1 0.3110 0.3206 0.3684 
         204  1 0.0929 0.4212 0.4859 
         205  1 0.1040 0.4589 0.4370 
         206  1 0.1420 0.4461 0.4119 
         207  1 0.1498 0.3990 0.4512 
         208  1 0.0895 0.4388 0.4717 
         209  1 0.5076 0.2401 0.2523 
         210  1 0.1165 0.4327 0.4508 
         211  1 0.1752 0.3966 0.4282 
         212  1 0.3816 0.3129 0.3055 
         213  1 0.2213 0.3651 0.4136 
         214  1 0.2149 0.3689 0.4162 
         215  1 0.2537 0.3518 0.3946 
         216  1 0.1870 0.4118 0.4012 
         217  1 0.1738 0.3829 0.4433 
         218  1 0.1116 0.4101 0.4782 
         219  1 0.0943 0.4445 0.4612 
         220  1 0.3810 0.3055 0.3134 
         221  1 0.2091 0.4086 0.3823 
         222  1 0.3297 0.3314 0.3390 
         223  1 0.5675 0.2076 0.2248 
         224  1 0.1970 0.4046 0.3984 
         225  1 0.1313 0.4518 0.4169 
         226  1 0.1181 0.4516 0.4303 
         227  1 0.4066 0.2872 0.3062 
         228  1 0.2430 0.3754 0.3815 
         229  1 0.1027 0.4464 0.4509 
         230  1 0.2171 0.3909 0.3919 
         231  1 0.0858 0.4800 0.4342 
         232  1 0.1371 0.4174 0.4454 
         233  1 0.2180 0.4066 0.3754 
         234  1 0.1243 0.4217 0.4540 
         235  1 0.0944 0.4639 0.4417 
         236  1 0.1160 0.4168 0.4671 
         237  1 0.1435 0.4474 0.4090 
         238  1 0.3028 0.3451 0.3521 
         239  1 0.0446 0.5122 0.4432 
         240  1 0.4865 0.2453 0.2682 
         241  1 0.1214 0.4368 0.4418 
         242  1 0.2494 0.3707 0.3800 
         243  1 0.1179 0.4638 0.4183 
         244  1 0.2010 0.3946 0.4044 
         245  1 0.1063 0.4632 0.4305 
         246  1 0.0587 0.4909 0.4505 
         247  1 0.2871 0.3589 0.3540 
         248  1 0.2845 0.3586 0.3570 
         249  1 0.4976 0.2541 0.2484 
         250  1 0.1571 0.4129 0.4300 
         251  1 0.1629 0.3969 0.4402 
         252  1 0.0738 0.4690 0.4572 
         253  1 0.5323 0.2363 0.2314 
         254  1 0.7955 0.1004 0.1041 
         255  1 0.2626 0.3819 0.3555 
         256  1 0.1584 0.4030 0.4386 
         257  1 0.3750 0.3113 0.3137 
         258  1 0.1835 0.4264 0.3901 
         259  1 0.1640 0.4120 0.4240 
         260  1 0.0622 0.4513 0.4865 
         261  1 0.1289 0.4112 0.4599 
         262  1 0.1201 0.4135 0.4664 
         263  1 0.2749 0.3681 0.3570 
         264  1 0.1090 0.4539 0.4371 
         265  1 0.4162 0.2947 0.2891 
         266  1 0.1463 0.4634 0.3903 
         267  1 0.1647 0.4104 0.4249 
         268  1 0.1598 0.4005 0.4397 
         269  1 0.2198 0.3997 0.3805 
         270  1 0.6056 0.1907 0.2037 
         271  1 0.2020 0.3828 0.4152 
         272  1 0.1478 0.4360 0.4162 
         273  1 0.0835 0.4555 0.4610 
         274  1 0.0759 0.4956 0.4285 
         275  1 0.1891 0.4059 0.4051 
         276  1 0.1614 0.4124 0.4262 
         277  1 0.2772 0.3510 0.3719 
         278  1 0.3067 0.3383 0.3549 
         279  1 0.0598 0.4696 0.4706 
         280  1 0.1145 0.4685 0.4171 
         281  1 0.4569 0.2628 0.2803 
         282  1 0.1269 0.4631 0.4100 
         283  1 0.0812 0.4531 0.4657 
         284  1 0.1096 0.4216 0.4688 
         285  1 0.1961 0.4196 0.3843 
         286  1 0.4985 0.2514 0.2501 
         287  1 0.1442 0.4384 0.4175 
         288  1 0.1153 0.4244 0.4603 
         289  1 0.1866 0.3853 0.4281 
         290  1 0.1128 0.4413 0.4459 
         291  1 0.2101 0.3695 0.4204 
         292  1 0.2626 0.3574 0.3800 
         293  1 0.1045 0.4107 0.4847 
         294  1 0.1466 0.4264 0.4270 
         295  1 0.1982 0.3915 0.4103 
         296  1 0.4565 0.2711 0.2724 
         297  1 0.1743 0.4226 0.4031 
         298  1 0.0774 0.4581 0.4645 
         299  1 0.2200 0.3721 0.4079 
         300  1 0.3735 0.3202 0.3063 
         301  1 0.4794 0.2555 0.2651 
         302  1 0.2020 0.3935 0.4045 
         303  1 0.1821 0.4184 0.3995 
         304  1 0.1542 0.4407 0.4052 
         305  1 0.1374 0.4546 0.4080 
         306  1 0.3185 0.3322 0.3493 
         307  1 0.0985 0.4610 0.4405 
         308  1 0.1843 0.4125 0.4031 
         309  1 0.1802 0.4144 0.4054 
         310  1 0.2319 0.3718 0.3963 
         311  1 0.1283 0.4549 0.4168 
         312  1 0.1960 0.4046 0.3995 
         313  1 0.1142 0.4385 0.4473 
         314  1 0.1272 0.4554 0.4174 
         315  1 0.1037 0.4170 0.4793 
         316  1 0.5480 0.2314 0.2206 
         317  1 0.1632 0.4238 0.4130 
         318  1 0.1260 0.4194 0.4546 
         319  1 0.1614 0.4221 0.4165 
         320  1 0.1594 0.4312 0.4093 
         321  1 0.5976 0.2011 0.2012 
         322  1 0.2088 0.3966 0.3946 
         323  1 0.1827 0.4213 0.3961 
         324  1 0.2090 0.3839 0.4071 
         325  1 0.0978 0.4669 0.4353 
         326  1 0.1123 0.4435 0.4442 
         327  1 0.4531 0.2555 0.2914 
         328  1 0.0562 0.4664 0.4774 
         329  1 0.1417 0.4188 0.4395 
         330  1 0.3181 0.3345 0.3474 
         331  1 0.2124 0.3981 0.3895 
         332  1 0.0836 0.4361 0.4804 
         333  1 0.1224 0.4277 0.4499 
         334  1 0.1777 0.3947 0.4277 
         335  1 0.5072 0.2373 0.2555 
         336  1 0.2991 0.3634 0.3375 
         337  1 0.0816 0.4467 0.4718 
         338  1 0.0961 0.4402 0.4636 
         339  1 0.2153 0.3767 0.4080 
         340  1 0.5896 0.2086 0.2018 
         341  1 0.3144 0.3407 0.3450 
         342  1 0.1343 0.4297 0.4360 
         343  1 0.1268 0.4342 0.4390 
         344  1 0.2153 0.3897 0.3950 
         345  1 0.1150 0.4279 0.4570 
         346  1 0.1335 0.4431 0.4234 
         347  1 0.1753 0.4071 0.4175 
         348  1 0.2079 0.4012 0.3910 
         349  1 0.2582 0.3743 0.3675 
         350  1 0.4038 0.2900 0.3061 
         351  1 0.2122 0.3915 0.3963 
         352  1 0.0835 0.4422 0.4744 
         353  1 0.7607 0.1170 0.1223 
         354  1 0.1191 0.4397 0.4411 
         355  1 0.1140 0.4233 0.4627 
         356  1 0.2249 0.3744 0.4007 
         357  1 0.2179 0.3544 0.4276 
         358  1 0.1271 0.4199 0.4531 
         359  1 0.3295 0.3284 0.3420 
         360  1 0.2680 0.3448 0.3872 
         361  1 0.1539 0.4038 0.4422 
         362  1 0.4971 0.2429 0.2600 
         363  1 0.4169 0.2865 0.2966 
         364  1 0.2926 0.3393 0.3681 
         365  1 0.5267 0.2320 0.2413 
         366  1 0.2640 0.3676 0.3684 
         367  1 0.7547 0.1229 0.1225 
         368  1 0.1349 0.4304 0.4346 
         369  1 0.1202 0.4558 0.4240 
         370  1 0.2523 0.3645 0.3832 
         371  1 0.3334 0.3412 0.3254 
         372  1 0.1531 0.4423 0.4045 
         373  1 0.3628 0.3078 0.3294 
         374  1 0.1911 0.3849 0.4240 
         375  1 0.2937 0.3452 0.3610 
         376  1 0.3512 0.3124 0.3364 
         377  1 0.1521 0.3947 0.4531 
         378  1 0.1305 0.4326 0.4370 
         379  1 0.2423 0.3877 0.3700 
         380  1 0.2570 0.3401 0.4029 
         381  1 0.1600 0.4102 0.4298 
         382  1 0.1181 0.4464 0.4355 
         383  1 0.2000 0.3918 0.4082 
         384  1 0.0681 0.4780 0.4538 
         385  1 0.3528 0.3282 0.3190 
         386  1 0.1295 0.4361 0.4344 
         387  1 0.3760 0.3048 0.3192 
         388  1 0.7002 0.1438 0.1560 
         389  1 0.6147 0.1851 0.2001 
         390  1 0.1458 0.4242 0.4299 
         391  1 0.1904 0.4006 0.4090 
         392  1 0.3248 0.3285 0.3467 
         393  1 0.1095 0.4348 0.4556 
         394  1 0.2604 0.3507 0.3889 
         395  1 0.3190 0.3325 0.3486 
         396  1 0.1490 0.4086 0.4424 
         397  1 0.5285 0.2269 0.2446 
         398  1 0.0823 0.4552 0.4624 
         399  1 0.0725 0.4695 0.4580 
         400  1 0.2623 0.3699 0.3678 
         401  1 0.4003 0.2843 0.3154 
         402  1 0.2268 0.3921 0.3810 
         403  1 0.4639 0.2626 0.2735 
         404  1 0.1727 0.4252 0.4021 
         405  1 0.1223 0.4204 0.4573 
         406  1 0.7034 0.1466 0.1500 
         407  1 0.5409 0.2267 0.2325 
         408  1 0.0847 0.4724 0.4429 
         409  1 0.2105 0.3871 0.4024 
         410  1 0.4694 0.2658 0.2647 
         411  1 0.1215 0.4469 0.4316 
         412  1 0.1860 0.3834 0.4306 
         413  1 0.0780 0.4733 0.4487 
         414  1 0.3876 0.2962 0.3162 
         415  1 0.2081 0.3965 0.3954 
         416  1 0.1027 0.4548 0.4425 
         417  1 0.3576 0.3099 0.3325 
         418  1 0.0936 0.4659 0.4405 
         419  1 0.2879 0.3516 0.3605 
         420  1 0.6119 0.1966 0.1915 
         421  1 0.1683 0.4302 0.4015 
         422  1 0.0847 0.4609 0.4545 
         423  1 0.1183 0.4216 0.4601 
         424  1 0.4459 0.2696 0.2845 
         425  1 0.4171 0.2876 0.2953 
         426  1 0.2319 0.3890 0.3791 
         427  1 0.0939 0.4494 0.4568 
         428  1 0.1972 0.3880 0.4147 
         429  1 0.6087 0.1993 0.1920 
         430  1 0.1738 0.4148 0.4113 
         431  1 0.1174 0.4443 0.4382 
         432  1 0.0887 0.4427 0.4686 
         433  1 0.0755 0.4558 0.4687 
         434  1 0.1448 0.3918 0.4634 
         435  1 0.2730 0.3552 0.3717 
         436  1 0.1681 0.3990 0.4329 
         437  1 0.1240 0.4451 0.4309 
         438  1 0.1722 0.4112 0.4167 
         439  1 0.2780 0.3458 0.3763 
         440  1 0.0781 0.4943 0.4276 
         441  1 0.3863 0.3018 0.3119 
         442  1 0.4694 0.2514 0.2793 
         443  1 0.1073 0.4450 0.4477 
         444  1 0.0694 0.4777 0.4530 
         445  1 0.1563 0.4143 0.4294 
         446  1 0.1675 0.4158 0.4167 
         447  1 0.4999 0.2458 0.2543 
         448  1 0.1738 0.3974 0.4287 
         449  1 0.1029 0.4787 0.4184 
         450  1 0.4809 0.2647 0.2544 
         451  1 0.5559 0.2211 0.2230 
         452  1 0.0997 0.4646 0.4356 
         453  1 0.2684 0.3613 0.3703 
         454  1 0.2112 0.4053 0.3835 
         455  1 0.1562 0.4456 0.3982 
         456  1 0.2320 0.3784 0.3896 
         457  1 0.0825 0.4684 0.4491 
         458  1 0.1321 0.4394 0.4285 
         459  1 0.4590 0.2682 0.2728 
         460  1 0.6674 0.1685 0.1641 
         461  1 0.2390 0.3816 0.3794 
         462  1 0.1260 0.4309 0.4431 
         463  1 0.0987 0.4719 0.4294 
         464  1 0.1153 0.4281 0.4566 
         465  1 0.2669 0.3727 0.3604 
         466  1 0.5208 0.2399 0.2392 
         467  1 0.1183 0.4420 0.4397 
         468  1 0.1614 0.4298 0.4087 
         469  1 0.0737 0.4679 0.4584 
         470  1 0.4099 0.2973 0.2928 
         471  1 0.4037 0.2866 0.3097 
         472  1 0.2361 0.3910 0.3728 
         473  1 0.1063 0.4411 0.4526 
         474  1 0.1970 0.4021 0.4010 
         475  1 0.0594 0.4608 0.4798 
         476  1 0.5611 0.2160 0.2229 
         477  1 0.3120 0.3405 0.3475 
         478  1 0.2357 0.3873 0.3770 
         479  1 0.2444 0.3693 0.3863 
         480  1 0.3589 0.3066 0.3344 
         481  1 0.3696 0.3164 0.3139 
         482  1 0.4553 0.2823 0.2624 
         483  1 0.1002 0.4329 0.4669 
         484  1 0.3204 0.3210 0.3586 
         485  1 0.4420 0.2842 0.2738 
         486  1 0.3094 0.3330 0.3576 
         487  1 0.2121 0.3801 0.4078 
         488  1 0.4377 0.2862 0.2761 
         489  1 0.1375 0.4466 0.4159 
         490  1 0.2423 0.3526 0.4051 
         491  1 0.2489 0.3754 0.3756 
         492  1 0.4169 0.2856 0.2975 
         493  1 0.0874 0.4731 0.4395 
         494  1 0.1274 0.4149 0.4577 
         495  1 0.2644 0.3520 0.3837 
         496  1 0.3608 0.3169 0.3224 
         497  1 0.1595 0.4264 0.4141 
         498  1 0.0961 0.4714 0.4325 
         499  1 0.5263 0.2427 0.2310 
         500  1 0.1143 0.4494 0.4363 
         501  1 0.3666 0.3210 0.3123 
         502  1 0.1370 0.4270 0.4360 
         503  1 0.1221 0.4521 0.4258 
         504  1 0.0503 0.5025 0.4471 
         505  1 0.6964 0.1503 0.1533 
         506  1 0.6049 0.1968 0.1983 
         507  1 0.3984 0.2867 0.3149 
         508  1 0.1512 0.4349 0.4139 
         509  1 0.5983 0.2006 0.2011 
         510  1 0.2254 0.3857 0.3889 
         511  1 0.1505 0.4010 0.4485 
         512  1 0.4338 0.2690 0.2972 
         513  1 0.1691 0.4220 0.4089 
         514  1 0.4777 0.2680 0.2544 
         515  1 0.3024 0.3414 0.3562 
         516  1 0.4672 0.2621 0.2706 
         517  1 0.1219 0.4578 0.4202 
         518  1 0.2566 0.3606 0.3828 
         519  1 0.0642 0.4640 0.4718 
         520  1 0.2261 0.3965 0.3774 
         521  1 0.1872 0.3979 0.4148 
         522  1 0.5977 0.2014 0.2009 
         523  1 0.0958 0.4698 0.4344 
         524  1 0.2796 0.3534 0.3671 
         525  1 0.4736 0.2569 0.2695 
         526  1 0.0857 0.4584 0.4559 
         527  1 0.5367 0.2426 0.2206 
         528  1 0.4595 0.2695 0.2709 
         529  1 0.1958 0.4048 0.3994 
         530  1 0.4105 0.3063 0.2832 
         531  1 0.2483 0.3762 0.3755 
         532  1 0.1901 0.4049 0.4049 
         533  1 0.1648 0.4266 0.4085 
         534  1 0.1844 0.4291 0.3865 
         535  1 0.2854 0.3712 0.3434 
         536  1 0.3103 0.3497 0.3400 
         537  1 0.3472 0.3099 0.3428 
         538  1 0.7118 0.1444 0.1437 
         539  1 0.4224 0.3017 0.2759 
         540  1 0.1478 0.4482 0.4040 
         541  1 0.0977 0.4700 0.4323 
         542  1 0.1064 0.4316 0.4620 
         543  1 0.0808 0.4814 0.4378 
         544  1 0.1533 0.3971 0.4496 
         545  1 0.1775 0.4201 0.4024 
         546  1 0.0662 0.4813 0.4525 
         547  1 0.2166 0.3858 0.3976 
         548  1 0.0907 0.4739 0.4354 
         549  1 0.1278 0.4317 0.4405 
         550  1 0.0780 0.4546 0.4674 
         551  1 0.1218 0.4709 0.4073 
         552  1 0.1919 0.3978 0.4103 
         553  1 0.1945 0.4090 0.3965 
         554  1 0.1110 0.4325 0.4565 
         555  1 0.2633 0.3623 0.3743 
         556  1 0.2385 0.3904 0.3711 
         557  1 0.3245 0.3248 0.3507 
         558  1 0.3980 0.2835 0.3186 
         559  1 0.8213 0.0887 0.0900 
         560  1 0.3185 0.3336 0.3478 
         561  1 0.7356 0.1289 0.1355 
         562  1 0.4930 0.2461 0.2609 
         563  1 0.8134 0.0914 0.0952 
         564  1 0.5576 0.2231 0.2192 
         565  1 0.8090 0.0961 0.0950 
         566  1 0.5174 0.2419 0.2408 
         567  1 0.5999 0.1996 0.2005 
         568  1 0.2331 0.3813 0.3856 
         569  1 0.6175 0.1880 0.1945 
         570  1 0.4087 0.2950 0.2963 
         571  1 0.6027 0.1934 0.2038 
         572  1 0.6623 0.1655 0.1721 
         573  1 0.8107 0.0964 0.0928 
         574  1 0.4924 0.2446 0.2630 
         575  1 0.6389 0.1808 0.1803 
         576  1 0.6267 0.1830 0.1903 
         577  1 0.7620 0.1164 0.1215 
         578  1 0.6405 0.1787 0.1808 
         579  1 0.6970 0.1511 0.1519 
         580  1 0.8091 0.0954 0.0955 
         581  1 0.5524 0.2265 0.2211 
         582  1 0.7514 0.1257 0.1229 
         583  1 0.8346 0.0825 0.0829 
         584  1 0.7737 0.1109 0.1154 
         585  1 0.8018 0.0972 0.1010 
         586  1 0.5630 0.2103 0.2267 
         587  1 0.4526 0.2624 0.2850 
         588  1 0.4905 0.2646 0.2450 
         589  1 0.4516 0.2609 0.2875 
         590  1 0.8434 0.0778 0.0789 
         591  1 0.6513 0.1759 0.1729 
         592  1 0.7190 0.1382 0.1428 
         593  1 0.6333 0.1844 0.1823 
         594  1 0.8516 0.0732 0.0752 
         595  1 0.8125 0.0919 0.0956 
         596  1 0.7019 0.1495 0.1486 
         597  1 0.7639 0.1207 0.1154 
         598  1 0.8866 0.0563 0.0571 
         599  1 0.7649 0.1198 0.1154 
         600  1 0.2821 0.3511 0.3668 
         601  1 0.7151 0.1429 0.1420 
         602  1 0.8875 0.0559 0.0566 
         603  1 0.6585 0.1687 0.1728 
         604  1 0.7652 0.1167 0.1181 
         605  1 0.8006 0.0998 0.0995 
         606  1 0.4772 0.2519 0.2709 
         607  1 0.4903 0.2552 0.2545 
         608  1 0.7724 0.1111 0.1166 
         609  1 0.4994 0.2393 0.2613 
         610  1 0.8331 0.0819 0.0850 
         611  1 0.5259 0.2339 0.2402 
         612  1 0.8505 0.0735 0.0760 
         613  1 0.4885 0.2564 0.2551 
         614  1 0.7467 0.1256 0.1276 
         615  1 0.6499 0.1743 0.1758 
         616  1 0.7362 0.1307 0.1331 
         617  1 0.6286 0.1885 0.1829 
         618  1 0.8181 0.0897 0.0922 
         619  1 0.8573 0.0703 0.0724 
         620  1 0.8865 0.0556 0.0579 
         621  1 0.7656 0.1170 0.1174 
         622  1 0.7961 0.1018 0.1022 
         623  1 0.8219 0.0900 0.0881 
         624  1 0.7622 0.1206 0.1172 
         625  1 0.8036 0.0949 0.1016 
         626  1 0.8887 0.0563 0.0551 
         627  1 0.8416 0.0783 0.0801 
         628  1 0.8591 0.0714 0.0695 
         629  1 0.8492 0.0760 0.0748 
         630  1 0.7900 0.1065 0.1035 
         631  1 0.8617 0.0696 0.0687 
         632  1 0.5827 0.1956 0.2217 
         633  1 0.8659 0.0671 0.0670 
         634  1 0.6094 0.1919 0.1987 
         635  1 0.6423 0.1755 0.1822 
         636  1 0.7657 0.1157 0.1186 
         637  1 0.8783 0.0598 0.0619 
         638  1 0.6723 0.1615 0.1662 
         639  1 0.8433 0.0773 0.0794 
         640  1 0.8089 0.0931 0.0980 
         641  1 0.8156 0.0920 0.0924 
         642  1 0.7770 0.1107 0.1123 
         643  1 0.8307 0.0846 0.0847 
         644  1 0.7518 0.1246 0.1235 
         645  1 0.7402 0.1278 0.1320 
         646  1 0.7887 0.1076 0.1036 
         647  1 0.4066 0.2968 0.2966 
         648  1 0.5829 0.2059 0.2112 
         649  1 0.8358 0.0821 0.0821 
         650  1 0.6512 0.1712 0.1776 
         651  1 0.7899 0.1043 0.1058 
         652  1 0.7300 0.1315 0.1385 
         653  1 0.7151 0.1405 0.1445 
         654  1 0.8249 0.0870 0.0880 
         655  1 0.8178 0.0915 0.0907 
         656  1 0.8974 0.0509 0.0517 
         657  1 0.8671 0.0663 0.0666 
         658  1 0.7773 0.1106 0.1121 
         659  1 0.5795 0.2049 0.2156 
         660  1 0.8799 0.0598 0.0603 
         661  1 0.5072 0.2444 0.2484 
         662  1 0.8715 0.0642 0.0643 
         663  1 0.7268 0.1344 0.1388 
         664  1 0.7448 0.1286 0.1266 
         665  1 0.8476 0.0740 0.0785 
         666  1 0.8616 0.0689 0.0695 
         667  1 0.7682 0.1148 0.1171 
         668  1 0.7577 0.1189 0.1234 
