1:    0.329 0.210 0.460 1    
2:    0.214 0.169 0.617 1    
3:    0.333 0.278 0.389 1    
4:    0.315 0.361 0.324 1    
5:    0.341 0.295 0.364 1    
6:    0.326 0.270 0.404 1    
7:    0.349 0.379 0.272 1    
8:    0.305 0.264 0.431 1    
9:    0.339 0.288 0.373 1    
10:   0.329 0.284 0.387 1    
11:   0.334 0.389 0.277 1    
12:   0.331 0.365 0.304 1    
13:   0.291 0.325 0.385 1    
14:   0.361 0.495 0.144 1    
15:   0.336 0.354 0.310 1    
16:   0.326 0.306 0.368 1    
17:   0.359 0.454 0.187 1    
18:   0.332 0.308 0.360 1    
19:   0.322 0.418 0.261 1    
20:   0.340 0.365 0.295 1    
21:   0.365 0.455 0.179 1    
22:   0.318 0.344 0.338 1    
23:   0.316 0.285 0.399 1    
24:   0.359 0.309 0.332 1    
25:   0.305 0.264 0.431 1    
26:   0.351 0.373 0.276 1    
27:   0.327 0.293 0.380 1    
28:   0.333 0.330 0.337 1    
29:   0.315 0.381 0.304 1    
30:   0.380 0.331 0.290 1    
31:   0.287 0.289 0.424 1    
32:   0.295 0.398 0.307 1    
33:   0.327 0.349 0.324 1    
34:   0.284 0.303 0.413 1    
35:   0.276 0.244 0.479 1    
36:   0.347 0.372 0.281 1    
37:   0.344 0.337 0.319 1    
38:   0.327 0.353 0.321 1    
39:   0.337 0.340 0.323 1    
40:   0.368 0.496 0.136 1    
41:   0.328 0.297 0.375 1    
42:   0.333 0.264 0.403 1    
43:   0.300 0.311 0.388 1    
44:   0.348 0.327 0.325 1    
45:   0.297 0.307 0.396 1    
46:   0.325 0.338 0.337 1    
47:   0.330 0.387 0.283 1    
48:   0.351 0.330 0.319 1    
49:   0.364 0.307 0.328 1    
50:   0.293 0.280 0.427 1    
51:   0.350 0.350 0.300 1    
52:   0.354 0.332 0.314 1    
53:   0.317 0.255 0.428 1    
54:   0.317 0.381 0.302 1    
55:   0.336 0.425 0.240 1    
56:   0.344 0.301 0.354 1    
57:   0.341 0.306 0.353 1    
58:   0.318 0.353 0.329 1    
59:   0.297 0.310 0.393 1    
60:   0.320 0.393 0.287 1    
61:   0.370 0.309 0.321 1    
62:   0.340 0.331 0.329 1    
63:   0.344 0.298 0.358 1    
64:   0.357 0.418 0.225 1    
65:   0.329 0.294 0.377 1    
66:   0.354 0.316 0.330 1    
67:   0.314 0.251 0.434 1    
68:   0.349 0.301 0.350 1    
69:   0.315 0.266 0.420 1    
70:   0.406 0.309 0.284 1    
71:   0.321 0.268 0.411 1    
72:   0.326 0.385 0.289 1    
73:   0.282 0.275 0.443 1    
74:   0.321 0.259 0.419 1    
75:   0.338 0.269 0.393 1    
76:   0.369 0.312 0.319 1    
77:   0.319 0.360 0.320 1    
78:   0.325 0.245 0.430 1    
79:   0.326 0.317 0.357 1    
80:   0.364 0.302 0.333 1    
81:   0.360 0.261 0.380 1    
82:   0.365 0.487 0.148 1    
83:   0.322 0.290 0.388 1    
84:   0.369 0.474 0.157 1    
85:   0.330 0.355 0.314 1    
86:   0.328 0.256 0.417 1    
87:   0.342 0.309 0.349 1    
88:   0.298 0.176 0.526 1    
89:   0.368 0.445 0.188 1    
90:   0.348 0.222 0.430 1    
91:   0.292 0.323 0.384 1    
92:   0.344 0.431 0.225 1    
93:   0.341 0.310 0.349 1    
94:   0.355 0.207 0.438 1    
95:   0.383 0.256 0.362 1    
96:   0.361 0.216 0.423 1    
97:   0.344 0.247 0.409 1    
98:   0.301 0.200 0.500 1    
99:   0.355 0.442 0.204 1    
100:  0.324 0.461 0.215 1    
101:  0.383 0.344 0.273 1    
102:  0.298 0.334 0.368 1    
103:  0.363 0.300 0.337 1    
104:  0.357 0.197 0.447 1    
105:  0.317 0.370 0.312 1    
106:  0.299 0.308 0.393 1    
107:  0.345 0.287 0.368 1    
108:  0.348 0.317 0.335 1    
109:  0.349 0.334 0.317 1    
110:  0.338 0.372 0.290 1    
111:  0.346 0.229 0.424 1    
112:  0.317 0.236 0.447 1    
113:  0.363 0.475 0.162 1    
114:  0.340 0.320 0.339 1    
115:  0.337 0.329 0.335 1    
116:  0.329 0.323 0.348 1    
117:  0.301 0.304 0.395 1    
118:  0.328 0.296 0.376 1    
119:  0.338 0.396 0.265 1    
120:  0.353 0.453 0.194 1    
121:  0.373 0.519 0.108 1    
122:  0.358 0.345 0.297 1    
123:  0.336 0.426 0.238 1    
124:  0.354 0.291 0.354 1    
125:  0.356 0.251 0.393 1    
126:  0.370 0.334 0.296 1    
127:  0.340 0.395 0.265 1    
128:  0.333 0.299 0.368 1    
129:  0.342 0.319 0.338 1    
130:  0.317 0.271 0.412 1    
131:  0.331 0.324 0.345 1    
132:  0.313 0.321 0.367 1    
133:  0.366 0.466 0.168 1    
134:  0.277 0.183 0.540 1    
135:  0.235 0.210 0.556 1    
136:  0.342 0.399 0.259 1    
137:  0.330 0.376 0.295 1    
138:  0.337 0.245 0.419 1    
139:  0.357 0.303 0.339 1    
140:  0.358 0.299 0.343 1    
141:  0.361 0.489 0.150 1    
142:  0.345 0.370 0.285 1    
143:  0.356 0.308 0.336 1    
144:  0.240 0.218 0.542 1    
145:  0.357 0.248 0.394 1    
146:  0.335 0.245 0.420 1    
147:  0.342 0.269 0.389 1    
148:  0.299 0.272 0.429 1    
149:  0.335 0.378 0.288 1    
150:  0.325 0.365 0.310 1    
151:  0.356 0.467 0.177 1    
152:  0.367 0.312 0.322 1    
153:  0.337 0.424 0.239 1    
154:  0.334 0.336 0.330 1    
155:  0.337 0.452 0.210 1    
156:  0.296 0.241 0.463 1    
157:  0.284 0.255 0.460 1    
158:  0.348 0.281 0.371 1    
159:  0.345 0.310 0.345 1    
160:  0.362 0.450 0.189 1    
161:  0.309 0.257 0.433 1    
162:  0.339 0.391 0.269 1    
163:  0.340 0.316 0.344 1    
164:  0.334 0.172 0.494 1    
165:  0.331 0.301 0.368 1    
166:  0.363 0.485 0.152 1    
167:  0.379 0.326 0.296 1    
168:  0.337 0.416 0.247 1    
169:  0.354 0.286 0.360 1    
170:  0.375 0.507 0.117 1    
171:  0.334 0.290 0.376 1    
172:  0.340 0.359 0.301 1    
173:  0.369 0.481 0.150 1    
174:  0.350 0.317 0.333 1    
175:  0.327 0.302 0.371 1    
176:  0.297 0.275 0.427 1    
177:  0.349 0.329 0.322 1    
178:  0.300 0.322 0.378 1    
179:  0.376 0.358 0.265 1    
180:  0.323 0.378 0.298 1    
181:  0.339 0.407 0.254 1    
182:  0.318 0.250 0.431 1    
183:  0.361 0.479 0.160 1    
184:  0.362 0.309 0.329 1    
185:  0.366 0.458 0.176 1    
186:  0.372 0.500 0.127 1    
187:  0.320 0.286 0.394 1    
188:  0.326 0.284 0.390 1    
189:  0.339 0.395 0.265 1    
190:  0.251 0.275 0.475 1    
191:  0.320 0.386 0.294 1    
192:  0.218 0.199 0.582 1    
193:  0.338 0.290 0.372 1    
194:  0.332 0.331 0.337 1    
195:  0.275 0.300 0.425 1    
196:  0.382 0.474 0.144 1    
197:  0.343 0.310 0.347 1    
198:  0.356 0.420 0.224 1    
199:  0.360 0.255 0.385 1    
200:  0.378 0.273 0.349 1    
201:  0.342 0.338 0.320 1    
202:  0.245 0.175 0.580 1    
203:  0.341 0.297 0.362 1    
204:  0.362 0.348 0.290 1    
205:  0.292 0.352 0.355 1    
206:  0.314 0.343 0.343 1    
207:  0.270 0.271 0.459 1    
208:  0.351 0.465 0.185 1    
209:  0.286 0.302 0.412 1    
210:  0.313 0.261 0.426 1    
211:  0.346 0.449 0.206 1    
212:  0.353 0.453 0.194 1    
213:  0.339 0.384 0.277 1    
214:  0.344 0.231 0.425 1    
215:  0.317 0.254 0.428 1    
216:  0.364 0.474 0.161 1    
217:  0.350 0.343 0.308 1    
218:  0.304 0.366 0.330 1    
219:  0.302 0.286 0.412 1    
220:  0.246 0.246 0.507 1    
221:  0.319 0.372 0.309 1    
222:  0.274 0.299 0.427 1    
223:  0.314 0.272 0.414 1    
224:  0.361 0.282 0.357 1    
              
              
1:    0.382 0.257 0.361 1    
2:    0.503 0.298 0.199 1    
3:    0.346 0.342 0.312 1    
4:    0.343 0.395 0.261 1    
5:    0.378 0.316 0.306 1    
6:    0.356 0.285 0.359 1    
7:    0.285 0.402 0.313 1    
8:    0.405 0.285 0.310 1    
9:    0.344 0.324 0.332 1    
10:   0.349 0.236 0.416 1    
11:   0.308 0.419 0.273 1    
12:   0.335 0.418 0.248 1    
13:   0.367 0.394 0.239 1    
14:   0.236 0.535 0.229 1    
15:   0.348 0.387 0.266 1    
16:   0.356 0.297 0.347 1    
17:   0.270 0.470 0.260 1    
18:   0.348 0.304 0.348 1    
19:   0.299 0.454 0.247 1    
20:   0.296 0.421 0.283 1    
21:   0.256 0.460 0.284 1    
22:   0.363 0.365 0.272 1    
23:   0.400 0.295 0.305 1    
24:   0.311 0.280 0.409 1    
25:   0.369 0.334 0.297 1    
26:   0.295 0.249 0.456 1    
27:   0.364 0.265 0.371 1    
28:   0.345 0.219 0.436 1    
29:   0.325 0.418 0.257 1    
30:   0.306 0.257 0.438 1    
31:   0.389 0.301 0.310 1    
32:   0.340 0.341 0.318 1    
33:   0.318 0.231 0.451 1    
34:   0.379 0.384 0.237 1    
35:   0.447 0.246 0.307 1    
36:   0.301 0.326 0.372 1    
37:   0.344 0.203 0.453 1    
38:   0.322 0.332 0.346 1    
39:   0.344 0.253 0.403 1    
40:   0.237 0.520 0.243 1    
41:   0.368 0.273 0.359 1    
42:   0.365 0.268 0.368 1    
43:   0.366 0.211 0.423 1    
44:   0.334 0.280 0.386 1    
45:   0.377 0.216 0.407 1    
46:   0.323 0.273 0.404 1    
47:   0.306 0.329 0.365 1    
48:   0.330 0.333 0.337 1    
49:   0.330 0.228 0.442 1    
50:   0.372 0.301 0.327 1    
51:   0.307 0.293 0.400 1    
52:   0.313 0.328 0.358 1    
53:   0.387 0.271 0.343 1    
54:   0.322 0.353 0.325 1    
55:   0.269 0.424 0.308 1    
56:   0.333 0.276 0.391 1    
57:   0.344 0.339 0.318 1    
58:   0.329 0.398 0.273 1    
59:   0.360 0.228 0.412 1    
60:   0.301 0.303 0.396 1    
61:   0.315 0.219 0.466 1    
62:   0.322 0.215 0.462 1    
63:   0.325 0.231 0.444 1    
64:   0.273 0.450 0.276 1    
65:   0.367 0.285 0.348 1    
66:   0.319 0.206 0.475 1    
67:   0.383 0.278 0.339 1    
68:   0.329 0.335 0.336 1    
69:   0.363 0.268 0.370 1    
70:   0.304 0.179 0.516 1    
71:   0.373 0.242 0.385 1    
72:   0.320 0.364 0.316 1    
73:   0.410 0.275 0.315 1    
74:   0.388 0.319 0.293 1    
75:   0.389 0.320 0.291 1    
76:   0.299 0.219 0.482 1    
77:   0.329 0.386 0.285 1    
78:   0.364 0.246 0.390 1    
79:   0.361 0.221 0.418 1    
80:   0.319 0.217 0.464 1    
81:   0.336 0.277 0.387 1    
82:   0.239 0.525 0.236 1    
83:   0.366 0.356 0.278 1    
84:   0.248 0.512 0.239 1    
85:   0.307 0.240 0.454 1    
86:   0.374 0.316 0.311 1    
87:   0.335 0.217 0.448 1    
88:   0.425 0.274 0.301 1    
89:   0.249 0.498 0.253 1    
90:   0.363 0.275 0.362 1    
91:   0.385 0.290 0.324 1    
92:   0.277 0.465 0.258 1    
93:   0.317 0.297 0.386 1    
94:   0.376 0.271 0.353 1    
95:   0.337 0.247 0.415 1    
96:   0.368 0.279 0.353 1    
97:   0.361 0.302 0.337 1    
98:   0.408 0.262 0.330 1    
99:   0.267 0.487 0.245 1    
100:  0.271 0.463 0.267 1    
101:  0.278 0.257 0.465 1    
102:  0.367 0.349 0.284 1    
103:  0.351 0.251 0.397 1    
104:  0.384 0.229 0.387 1    
105:  0.330 0.254 0.416 1    
106:  0.385 0.346 0.269 1    
107:  0.324 0.308 0.368 1    
108:  0.325 0.303 0.372 1    
109:  0.323 0.354 0.323 1    
110:  0.298 0.407 0.296 1    
111:  0.370 0.295 0.335 1    
112:  0.393 0.306 0.301 1    
113:  0.247 0.518 0.235 1    
114:  0.353 0.239 0.408 1    
115:  0.343 0.357 0.301 1    
116:  0.337 0.316 0.348 1    
117:  0.366 0.255 0.379 1    
118:  0.347 0.239 0.414 1    
119:  0.287 0.405 0.307 1    
120:  0.272 0.468 0.260 1    
121:  0.217 0.549 0.234 1    
122:  0.302 0.260 0.437 1    
123:  0.295 0.458 0.247 1    
124:  0.327 0.356 0.316 1    
125:  0.350 0.304 0.347 1    
126:  0.314 0.204 0.482 1    
127:  0.304 0.441 0.255 1    
128:  0.346 0.297 0.357 1    
129:  0.315 0.386 0.299 1    
130:  0.374 0.261 0.365 1    
131:  0.347 0.344 0.308 1    
132:  0.343 0.247 0.410 1    
133:  0.261 0.479 0.260 1    
134:  0.468 0.264 0.268 1    
135:  0.487 0.281 0.232 1    
136:  0.304 0.408 0.288 1    
137:  0.317 0.372 0.311 1    
138:  0.382 0.230 0.388 1    
139:  0.339 0.276 0.386 1    
140:  0.322 0.261 0.417 1    
141:  0.240 0.515 0.244 1    
142:  0.307 0.342 0.351 1    
143:  0.324 0.284 0.393 1    
144:  0.460 0.292 0.248 1    
145:  0.359 0.245 0.396 1    
146:  0.362 0.317 0.321 1    
147:  0.361 0.301 0.338 1    
148:  0.393 0.299 0.308 1    
149:  0.314 0.395 0.290 1    
150:  0.321 0.420 0.259 1    
151:  0.234 0.526 0.240 1    
152:  0.340 0.188 0.472 1    
153:  0.287 0.478 0.235 1    
154:  0.334 0.361 0.306 1    
155:  0.286 0.486 0.228 1    
156:  0.413 0.275 0.312 1    
157:  0.414 0.290 0.296 1    
158:  0.332 0.294 0.374 1    
159:  0.332 0.292 0.376 1    
160:  0.273 0.496 0.231 1    
161:  0.378 0.260 0.362 1    
162:  0.292 0.422 0.286 1    
163:  0.314 0.262 0.424 1    
164:  0.411 0.276 0.313 1    
165:  0.344 0.375 0.281 1    
166:  0.242 0.509 0.248 1    
167:  0.297 0.224 0.479 1    
168:  0.275 0.341 0.384 1    
169:  0.333 0.283 0.384 1    
170:  0.211 0.552 0.237 1    
171:  0.347 0.257 0.396 1    
172:  0.306 0.275 0.419 1    
173:  0.230 0.533 0.237 1    
174:  0.339 0.317 0.343 1    
175:  0.344 0.271 0.385 1    
176:  0.400 0.258 0.342 1    
177:  0.317 0.236 0.447 1    
178:  0.380 0.334 0.286 1    
179:  0.293 0.207 0.500 1    
180:  0.306 0.336 0.358 1    
181:  0.298 0.458 0.244 1    
182:  0.363 0.275 0.362 1    
183:  0.252 0.507 0.240 1    
184:  0.325 0.323 0.352 1    
185:  0.249 0.513 0.238 1    
186:  0.224 0.527 0.249 1    
187:  0.379 0.249 0.372 1    
188:  0.347 0.360 0.293 1    
189:  0.286 0.432 0.282 1    
190:  0.438 0.332 0.231 1    
191:  0.319 0.409 0.272 1    
192:  0.481 0.296 0.223 1    
193:  0.343 0.332 0.325 1    
194:  0.354 0.339 0.307 1    
195:  0.393 0.251 0.356 1    
196:  0.234 0.518 0.248 1    
197:  0.337 0.242 0.421 1    
198:  0.286 0.463 0.251 1    
199:  0.337 0.242 0.421 1    
200:  0.317 0.275 0.408 1    
201:  0.339 0.248 0.413 1    
202:  0.472 0.292 0.237 1    
203:  0.376 0.305 0.319 1    
204:  0.291 0.231 0.478 1    
205:  0.355 0.272 0.373 1    
206:  0.355 0.289 0.356 1    
207:  0.411 0.292 0.298 1    
208:  0.257 0.451 0.291 1    
209:  0.409 0.283 0.308 1    
210:  0.408 0.277 0.316 1    
211:  0.290 0.444 0.266 1    
212:  0.261 0.491 0.248 1    
213:  0.298 0.297 0.404 1    
214:  0.385 0.257 0.358 1    
215:  0.375 0.289 0.336 1    
216:  0.251 0.519 0.231 1    
217:  0.311 0.376 0.313 1    
218:  0.335 0.355 0.310 1    
219:  0.402 0.210 0.388 1    
220:  0.461 0.255 0.284 1    
221:  0.320 0.401 0.279 1    
222:  0.398 0.246 0.356 1    
223:  0.347 0.368 0.285 1    
224:  0.337 0.201 0.462 1    
              
              
1:    0.373 0.275 0.351 1    
2:    0.487 0.245 0.267 1    
3:    0.355 0.293 0.352 1    
4:    0.358 0.319 0.323 1    
5:    0.340 0.327 0.333 1    
6:    0.348 0.299 0.352 1    
7:    0.320 0.316 0.364 1    
8:    0.364 0.319 0.317 1    
9:    0.360 0.303 0.337 1    
10:   0.312 0.352 0.336 1    
11:   0.381 0.331 0.289 1    
12:   0.387 0.283 0.330 1    
13:   0.374 0.315 0.311 1    
14:   0.370 0.339 0.291 1    
15:   0.420 0.309 0.272 1    
16:   0.356 0.319 0.325 1    
17:   0.384 0.331 0.285 1    
18:   0.323 0.329 0.349 1    
19:   0.326 0.326 0.348 1    
20:   0.348 0.292 0.360 1    
21:   0.351 0.341 0.308 1    
22:   0.355 0.310 0.335 1    
23:   0.355 0.314 0.331 1    
24:   0.289 0.345 0.366 1    
25:   0.366 0.279 0.356 1    
26:   0.234 0.408 0.359 1    
27:   0.310 0.352 0.338 1    
28:   0.254 0.402 0.344 1    
29:   0.379 0.335 0.285 1    
30:   0.274 0.377 0.349 1    
31:   0.347 0.324 0.329 1    
32:   0.316 0.355 0.329 1    
33:   0.233 0.410 0.357 1    
34:   0.408 0.308 0.284 1    
35:   0.357 0.325 0.318 1    
36:   0.287 0.370 0.343 1    
37:   0.234 0.411 0.356 1    
38:   0.320 0.361 0.319 1    
39:   0.270 0.387 0.343 1    
40:   0.361 0.350 0.289 1    
41:   0.315 0.354 0.332 1    
42:   0.321 0.318 0.361 1    
43:   0.261 0.384 0.355 1    
44:   0.335 0.331 0.334 1    
45:   0.267 0.379 0.354 1    
46:   0.295 0.365 0.340 1    
47:   0.276 0.374 0.351 1    
48:   0.358 0.316 0.326 1    
49:   0.260 0.369 0.371 1    
50:   0.350 0.314 0.336 1    
51:   0.279 0.382 0.339 1    
52:   0.315 0.354 0.331 1    
53:   0.356 0.307 0.337 1    
54:   0.327 0.362 0.312 1    
55:   0.290 0.362 0.348 1    
56:   0.293 0.342 0.365 1    
57:   0.349 0.316 0.335 1    
58:   0.358 0.323 0.319 1    
59:   0.259 0.387 0.353 1    
60:   0.274 0.382 0.345 1    
61:   0.257 0.396 0.347 1    
62:   0.235 0.408 0.357 1    
63:   0.272 0.368 0.360 1    
64:   0.348 0.337 0.315 1    
65:   0.323 0.344 0.334 1    
66:   0.233 0.404 0.363 1    
67:   0.355 0.296 0.349 1    
68:   0.338 0.316 0.346 1    
69:   0.340 0.320 0.341 1    
70:   0.230 0.405 0.364 1    
71:   0.309 0.341 0.350 1    
72:   0.346 0.351 0.303 1    
73:   0.347 0.342 0.312 1    
74:   0.378 0.285 0.337 1    
75:   0.383 0.281 0.336 1    
76:   0.255 0.379 0.366 1    
77:   0.333 0.331 0.337 1    
78:   0.339 0.314 0.347 1    
79:   0.253 0.391 0.357 1    
80:   0.262 0.367 0.371 1    
81:   0.333 0.305 0.363 1    
82:   0.358 0.337 0.305 1    
83:   0.380 0.293 0.327 1    
84:   0.380 0.338 0.282 1    
85:   0.219 0.416 0.365 1    
86:   0.373 0.278 0.349 1    
87:   0.242 0.393 0.364 1    
88:   0.409 0.239 0.352 1    
89:   0.357 0.314 0.330 1    
90:   0.372 0.271 0.357 1    
91:   0.305 0.364 0.331 1    
92:   0.358 0.326 0.316 1    
93:   0.316 0.326 0.359 1    
94:   0.370 0.260 0.370 1    
95:   0.321 0.294 0.385 1    
96:   0.358 0.268 0.374 1    
97:   0.336 0.286 0.377 1    
98:   0.385 0.265 0.350 1    
99:   0.330 0.337 0.334 1    
100:  0.312 0.372 0.317 1    
101:  0.257 0.373 0.370 1    
102:  0.343 0.338 0.319 1    
103:  0.292 0.367 0.340 1    
104:  0.359 0.275 0.366 1    
105:  0.254 0.395 0.351 1    
106:  0.388 0.307 0.306 1    
107:  0.330 0.327 0.343 1    
108:  0.331 0.343 0.326 1    
109:  0.339 0.308 0.354 1    
110:  0.317 0.318 0.365 1    
111:  0.368 0.263 0.369 1    
112:  0.365 0.268 0.366 1    
113:  0.364 0.340 0.296 1    
114:  0.267 0.384 0.349 1    
115:  0.334 0.323 0.344 1    
116:  0.348 0.339 0.313 1    
117:  0.310 0.351 0.339 1    
118:  0.275 0.369 0.356 1    
119:  0.320 0.336 0.344 1    
120:  0.362 0.337 0.301 1    
121:  0.351 0.358 0.291 1    
122:  0.268 0.388 0.344 1    
123:  0.379 0.333 0.288 1    
124:  0.334 0.291 0.375 1    
125:  0.370 0.278 0.352 1    
126:  0.222 0.413 0.365 1    
127:  0.393 0.309 0.299 1    
128:  0.334 0.314 0.352 1    
129:  0.332 0.298 0.369 1    
130:  0.330 0.333 0.337 1    
131:  0.386 0.316 0.298 1    
132:  0.277 0.373 0.351 1    
133:  0.365 0.341 0.294 1    
134:  0.422 0.258 0.320 1    
135:  0.427 0.293 0.280 1    
136:  0.368 0.320 0.312 1    
137:  0.315 0.343 0.342 1    
138:  0.312 0.325 0.363 1    
139:  0.296 0.364 0.339 1    
140:  0.287 0.342 0.371 1    
141:  0.369 0.342 0.289 1    
142:  0.320 0.354 0.326 1    
143:  0.323 0.340 0.337 1    
144:  0.423 0.287 0.290 1    
145:  0.334 0.292 0.374 1    
146:  0.375 0.285 0.340 1    
147:  0.354 0.305 0.341 1    
148:  0.363 0.315 0.323 1    
149:  0.339 0.329 0.331 1    
150:  0.365 0.292 0.343 1    
151:  0.317 0.340 0.343 1    
152:  0.233 0.410 0.357 1    
153:  0.339 0.326 0.334 1    
154:  0.343 0.319 0.338 1    
155:  0.386 0.339 0.275 1    
156:  0.378 0.282 0.340 1    
157:  0.370 0.304 0.326 1    
158:  0.318 0.331 0.351 1    
159:  0.318 0.351 0.332 1    
160:  0.403 0.326 0.272 1    
161:  0.327 0.329 0.345 1    
162:  0.341 0.320 0.339 1    
163:  0.273 0.372 0.355 1    
164:  0.403 0.236 0.361 1    
165:  0.380 0.264 0.356 1    
166:  0.355 0.339 0.306 1    
167:  0.233 0.407 0.360 1    
168:  0.286 0.382 0.332 1    
169:  0.309 0.346 0.345 1    
170:  0.350 0.346 0.304 1    
171:  0.313 0.346 0.341 1    
172:  0.275 0.382 0.342 1    
173:  0.362 0.337 0.301 1    
174:  0.321 0.322 0.356 1    
175:  0.311 0.344 0.345 1    
176:  0.343 0.333 0.324 1    
177:  0.252 0.396 0.352 1    
178:  0.333 0.336 0.330 1    
179:  0.212 0.425 0.363 1    
180:  0.318 0.350 0.332 1    
181:  0.354 0.308 0.337 1    
182:  0.346 0.306 0.348 1    
183:  0.382 0.327 0.290 1    
184:  0.321 0.307 0.372 1    
185:  0.382 0.336 0.281 1    
186:  0.345 0.353 0.302 1    
187:  0.304 0.359 0.338 1    
188:  0.353 0.276 0.371 1    
189:  0.327 0.332 0.341 1    
190:  0.405 0.286 0.309 1    
191:  0.372 0.319 0.309 1    
192:  0.453 0.267 0.280 1    
193:  0.348 0.298 0.355 1    
194:  0.353 0.333 0.314 1    
195:  0.298 0.360 0.341 1    
196:  0.356 0.334 0.310 1    
197:  0.304 0.353 0.343 1    
198:  0.388 0.315 0.297 1    
199:  0.316 0.337 0.346 1    
200:  0.320 0.302 0.377 1    
201:  0.259 0.392 0.349 1    
202:  0.439 0.241 0.320 1    
203:  0.338 0.341 0.321 1    
204:  0.245 0.396 0.358 1    
205:  0.301 0.370 0.329 1    
206:  0.324 0.357 0.319 1    
207:  0.367 0.310 0.323 1    
208:  0.341 0.350 0.309 1    
209:  0.350 0.345 0.305 1    
210:  0.355 0.314 0.331 1    
211:  0.368 0.342 0.290 1    
212:  0.368 0.337 0.295 1    
213:  0.255 0.395 0.351 1    
214:  0.351 0.293 0.356 1    
215:  0.363 0.287 0.350 1    
216:  0.377 0.330 0.293 1    
217:  0.320 0.333 0.347 1    
218:  0.325 0.344 0.330 1    
219:  0.287 0.367 0.346 1    
220:  0.352 0.338 0.310 1    
221:  0.331 0.335 0.334 1    
222:  0.315 0.360 0.325 1    
223:  0.368 0.262 0.369 1    
224:  0.279 0.377 0.344 1    
              
              
1:    0.302 0.326 0.372 1    
2:    0.295 0.341 0.364 1    
3:    0.327 0.333 0.340 1    
4:    0.358 0.334 0.308 1    
5:    0.340 0.322 0.338 1    
6:    0.328 0.327 0.346 1    
7:    0.362 0.333 0.306 1    
8:    0.309 0.328 0.363 1    
9:    0.329 0.326 0.345 1    
10:   0.306 0.322 0.372 1    
11:   0.352 0.353 0.294 1    
12:   0.334 0.346 0.320 1    
13:   0.334 0.356 0.309 1    
14:   0.377 0.367 0.256 1    
15:   0.337 0.350 0.313 1    
16:   0.335 0.325 0.341 1    
17:   0.356 0.357 0.286 1    
18:   0.322 0.331 0.347 1    
19:   0.354 0.355 0.292 1    
20:   0.357 0.333 0.309 1    
21:   0.361 0.355 0.284 1    
22:   0.335 0.348 0.317 1    
23:   0.317 0.335 0.348 1    
24:   0.338 0.315 0.346 1    
25:   0.322 0.339 0.339 1    
26:   0.332 0.324 0.344 1    
27:   0.328 0.323 0.349 1    
28:   0.311 0.317 0.372 1    
29:   0.352 0.350 0.297 1    
30:   0.337 0.317 0.346 1    
31:   0.304 0.333 0.363 1    
32:   0.340 0.336 0.324 1    
33:   0.316 0.322 0.362 1    
34:   0.336 0.346 0.318 1    
35:   0.305 0.326 0.369 1    
36:   0.353 0.331 0.317 1    
37:   0.310 0.315 0.375 1    
38:   0.341 0.333 0.326 1    
39:   0.323 0.320 0.356 1    
40:   0.380 0.360 0.261 1    
41:   0.319 0.332 0.349 1    
42:   0.324 0.323 0.353 1    
43:   0.300 0.324 0.376 1    
44:   0.316 0.328 0.357 1    
45:   0.295 0.321 0.384 1    
46:   0.323 0.333 0.345 1    
47:   0.333 0.335 0.332 1    
48:   0.331 0.332 0.337 1    
49:   0.323 0.319 0.358 1    
50:   0.315 0.341 0.344 1    
51:   0.345 0.329 0.326 1    
52:   0.345 0.333 0.322 1    
53:   0.306 0.325 0.369 1    
54:   0.346 0.333 0.320 1    
55:   0.363 0.342 0.295 1    
56:   0.321 0.325 0.353 1    
57:   0.339 0.333 0.328 1    
58:   0.346 0.351 0.303 1    
59:   0.297 0.324 0.379 1    
60:   0.335 0.327 0.338 1    
61:   0.333 0.311 0.356 1    
62:   0.318 0.312 0.370 1    
63:   0.329 0.317 0.355 1    
64:   0.354 0.353 0.293 1    
65:   0.333 0.326 0.341 1    
66:   0.321 0.313 0.366 1    
67:   0.318 0.329 0.353 1    
68:   0.339 0.330 0.331 1    
69:   0.314 0.332 0.354 1    
70:   0.330 0.301 0.370 1    
71:   0.303 0.324 0.374 1    
72:   0.330 0.344 0.326 1    
73:   0.316 0.326 0.358 1    
74:   0.324 0.329 0.346 1    
75:   0.338 0.329 0.334 1    
76:   0.320 0.314 0.366 1    
77:   0.347 0.343 0.309 1    
78:   0.307 0.322 0.371 1    
79:   0.314 0.316 0.371 1    
80:   0.320 0.311 0.370 1    
81:   0.329 0.320 0.352 1    
82:   0.377 0.360 0.263 1    
83:   0.322 0.339 0.339 1    
84:   0.362 0.363 0.275 1    
85:   0.319 0.312 0.368 1    
86:   0.326 0.325 0.348 1    
87:   0.304 0.314 0.382 1    
88:   0.291 0.329 0.381 1    
89:   0.362 0.353 0.285 1    
90:   0.322 0.314 0.365 1    
91:   0.313 0.332 0.355 1    
92:   0.363 0.350 0.287 1    
93:   0.328 0.325 0.348 1    
94:   0.329 0.314 0.358 1    
95:   0.338 0.309 0.353 1    
96:   0.332 0.310 0.358 1    
97:   0.325 0.320 0.354 1    
98:   0.308 0.314 0.379 1    
99:   0.382 0.348 0.270 1    
100:  0.360 0.356 0.283 1    
101:  0.336 0.320 0.344 1    
102:  0.343 0.326 0.332 1    
103:  0.330 0.314 0.356 1    
104:  0.313 0.312 0.375 1    
105:  0.319 0.327 0.354 1    
106:  0.316 0.349 0.336 1    
107:  0.330 0.325 0.345 1    
108:  0.344 0.331 0.325 1    
109:  0.341 0.341 0.318 1    
110:  0.356 0.338 0.306 1    
111:  0.327 0.318 0.355 1    
112:  0.317 0.328 0.355 1    
113:  0.363 0.366 0.272 1    
114:  0.323 0.319 0.358 1    
115:  0.352 0.332 0.317 1    
116:  0.322 0.333 0.345 1    
117:  0.310 0.326 0.364 1    
118:  0.319 0.321 0.360 1    
119:  0.358 0.341 0.301 1    
120:  0.364 0.355 0.281 1    
121:  0.388 0.365 0.247 1    
122:  0.332 0.324 0.343 1    
123:  0.351 0.357 0.292 1    
124:  0.342 0.325 0.333 1    
125:  0.324 0.326 0.350 1    
126:  0.319 0.314 0.368 1    
127:  0.350 0.354 0.296 1    
128:  0.339 0.317 0.345 1    
129:  0.350 0.331 0.318 1    
130:  0.303 0.327 0.370 1    
131:  0.331 0.337 0.332 1    
132:  0.316 0.319 0.365 1    
133:  0.354 0.360 0.285 1    
134:  0.291 0.331 0.378 1    
135:  0.303 0.336 0.360 1    
136:  0.343 0.349 0.308 1    
137:  0.360 0.334 0.306 1    
138:  0.303 0.320 0.378 1    
139:  0.335 0.323 0.342 1    
140:  0.330 0.319 0.351 1    
141:  0.363 0.365 0.272 1    
142:  0.346 0.329 0.325 1    
143:  0.311 0.335 0.354 1    
144:  0.299 0.334 0.367 1    
145:  0.321 0.320 0.359 1    
146:  0.323 0.329 0.349 1    
147:  0.341 0.320 0.339 1    
148:  0.308 0.338 0.354 1    
149:  0.336 0.342 0.322 1    
150:  0.348 0.341 0.311 1    
151:  0.388 0.352 0.260 1    
152:  0.309 0.308 0.383 1    
153:  0.369 0.345 0.287 1    
154:  0.337 0.340 0.323 1    
155:  0.364 0.362 0.274 1    
156:  0.304 0.334 0.362 1    
157:  0.306 0.329 0.365 1    
158:  0.326 0.325 0.349 1    
159:  0.328 0.328 0.344 1    
160:  0.359 0.366 0.275 1    
161:  0.310 0.320 0.369 1    
162:  0.359 0.343 0.298 1    
163:  0.318 0.321 0.361 1    
164:  0.314 0.314 0.372 1    
165:  0.328 0.333 0.339 1    
166:  0.376 0.356 0.268 1    
167:  0.340 0.310 0.350 1    
168:  0.344 0.337 0.319 1    
169:  0.333 0.321 0.346 1    
170:  0.394 0.360 0.246 1    
171:  0.319 0.325 0.356 1    
172:  0.330 0.321 0.350 1    
173:  0.377 0.360 0.263 1    
174:  0.340 0.322 0.337 1    
175:  0.335 0.319 0.346 1    
176:  0.308 0.329 0.363 1    
177:  0.333 0.317 0.350 1    
178:  0.329 0.335 0.336 1    
179:  0.325 0.312 0.363 1    
180:  0.336 0.333 0.331 1    
181:  0.354 0.347 0.299 1    
182:  0.324 0.324 0.352 1    
183:  0.357 0.366 0.277 1    
184:  0.333 0.327 0.341 1    
185:  0.368 0.362 0.270 1    
186:  0.393 0.352 0.255 1    
187:  0.308 0.323 0.370 1    
188:  0.334 0.331 0.335 1    
189:  0.357 0.352 0.291 1    
190:  0.314 0.346 0.340 1    
191:  0.362 0.340 0.298 1    
192:  0.304 0.336 0.360 1    
193:  0.342 0.322 0.336 1    
194:  0.336 0.337 0.327 1    
195:  0.289 0.333 0.378 1    
196:  0.375 0.354 0.271 1    
197:  0.314 0.324 0.362 1    
198:  0.344 0.363 0.293 1    
199:  0.314 0.319 0.367 1    
200:  0.333 0.322 0.345 1    
201:  0.329 0.311 0.360 1    
202:  0.286 0.339 0.376 1    
203:  0.323 0.330 0.348 1    
204:  0.315 0.317 0.368 1    
205:  0.310 0.326 0.364 1    
206:  0.330 0.328 0.341 1    
207:  0.318 0.330 0.352 1    
208:  0.351 0.355 0.294 1    
209:  0.323 0.320 0.357 1    
210:  0.322 0.322 0.355 1    
211:  0.352 0.351 0.297 1    
212:  0.359 0.360 0.281 1    
213:  0.344 0.320 0.336 1    
214:  0.306 0.324 0.370 1    
215:  0.313 0.332 0.354 1    
216:  0.359 0.366 0.275 1    
217:  0.356 0.330 0.315 1    
218:  0.346 0.334 0.320 1    
219:  0.296 0.321 0.383 1    
220:  0.279 0.337 0.384 1    
221:  0.347 0.345 0.308 1    
222:  0.300 0.329 0.371 1    
223:  0.328 0.339 0.333 1    
224:  0.310 0.315 0.375 1    
              
              
1:    0.436 0.349 0.215 1    
2:    0.294 0.442 0.264 1    
3:    0.383 0.294 0.323 1    
4:    0.291 0.302 0.407 1    
5:    0.354 0.357 0.288 1    
6:    0.398 0.339 0.262 1    
7:    0.326 0.254 0.419 1    
8:    0.347 0.399 0.254 1    
9:    0.381 0.312 0.307 1    
10:   0.365 0.421 0.214 1    
11:   0.241 0.277 0.482 1    
12:   0.302 0.263 0.435 1    
13:   0.263 0.326 0.411 1    
14:   0.174 0.202 0.623 1    
15:   0.263 0.297 0.440 1    
16:   0.347 0.351 0.302 1    
17:   0.219 0.240 0.542 1    
18:   0.362 0.355 0.284 1    
19:   0.251 0.279 0.470 1    
20:   0.310 0.255 0.434 1    
21:   0.242 0.235 0.523 1    
22:   0.281 0.338 0.381 1    
23:   0.330 0.383 0.288 1    
24:   0.409 0.313 0.278 1    
25:   0.375 0.338 0.287 1    
26:   0.350 0.411 0.239 1    
27:   0.353 0.407 0.240 1    
28:   0.355 0.456 0.189 1    
29:   0.229 0.314 0.458 1    
30:   0.388 0.349 0.262 1    
31:   0.326 0.408 0.266 1    
32:   0.273 0.379 0.348 1    
33:   0.348 0.444 0.208 1    
34:   0.256 0.327 0.417 1    
35:   0.341 0.453 0.206 1    
36:   0.329 0.331 0.340 1    
37:   0.363 0.452 0.186 1    
38:   0.307 0.358 0.335 1    
39:   0.356 0.419 0.226 1    
40:   0.195 0.200 0.605 1    
41:   0.351 0.392 0.257 1    
42:   0.413 0.351 0.237 1    
43:   0.350 0.470 0.181 1    
44:   0.383 0.323 0.294 1    
45:   0.347 0.484 0.169 1    
46:   0.351 0.393 0.256 1    
47:   0.304 0.383 0.313 1    
48:   0.373 0.291 0.336 1    
49:   0.408 0.388 0.204 1    
50:   0.352 0.368 0.280 1    
51:   0.337 0.366 0.296 1    
52:   0.338 0.328 0.334 1    
53:   0.397 0.374 0.229 1    
54:   0.275 0.347 0.378 1    
55:   0.271 0.283 0.446 1    
56:   0.394 0.357 0.248 1    
57:   0.342 0.322 0.337 1    
58:   0.267 0.314 0.418 1    
59:   0.345 0.473 0.181 1    
60:   0.325 0.370 0.306 1    
61:   0.409 0.386 0.205 1    
62:   0.370 0.442 0.188 1    
63:   0.402 0.386 0.213 1    
64:   0.265 0.239 0.496 1    
65:   0.342 0.397 0.261 1    
66:   0.377 0.442 0.181 1    
67:   0.421 0.339 0.240 1    
68:   0.359 0.322 0.318 1    
69:   0.400 0.369 0.231 1    
70:   0.459 0.359 0.182 1    
71:   0.399 0.393 0.208 1    
72:   0.270 0.338 0.392 1    
73:   0.313 0.437 0.250 1    
74:   0.381 0.318 0.300 1    
75:   0.377 0.320 0.302 1    
76:   0.416 0.382 0.201 1    
77:   0.278 0.323 0.398 1    
78:   0.424 0.349 0.227 1    
79:   0.359 0.447 0.194 1    
80:   0.418 0.372 0.211 1    
81:   0.445 0.309 0.246 1    
82:   0.194 0.202 0.604 1    
83:   0.339 0.319 0.342 1    
84:   0.196 0.219 0.584 1    
85:   0.361 0.433 0.206 1    
86:   0.409 0.293 0.298 1    
87:   0.398 0.418 0.185 1    
88:   0.449 0.335 0.216 1    
89:   0.259 0.204 0.537 1    
90:   0.463 0.307 0.230 1    
91:   0.300 0.451 0.249 1    
92:   0.235 0.254 0.511 1    
93:   0.415 0.312 0.273 1    
94:   0.471 0.303 0.226 1    
95:   0.483 0.296 0.220 1    
96:   0.483 0.282 0.235 1    
97:   0.452 0.287 0.261 1    
98:   0.451 0.338 0.211 1    
99:   0.236 0.223 0.541 1    
100:  0.221 0.289 0.489 1    
101:  0.423 0.313 0.264 1    
102:  0.291 0.383 0.325 1    
103:  0.410 0.366 0.223 1    
104:  0.479 0.313 0.207 1    
105:  0.334 0.422 0.245 1    
106:  0.305 0.368 0.327 1    
107:  0.399 0.300 0.301 1    
108:  0.357 0.331 0.312 1    
109:  0.360 0.287 0.353 1    
110:  0.316 0.258 0.426 1    
111:  0.454 0.292 0.254 1    
112:  0.418 0.315 0.267 1    
113:  0.203 0.209 0.587 1    
114:  0.352 0.441 0.208 1    
115:  0.317 0.308 0.374 1    
116:  0.330 0.339 0.331 1    
117:  0.355 0.431 0.214 1    
118:  0.379 0.410 0.211 1    
119:  0.303 0.284 0.413 1    
120:  0.229 0.243 0.528 1    
121:  0.182 0.180 0.638 1    
122:  0.380 0.362 0.258 1    
123:  0.211 0.263 0.526 1    
124:  0.402 0.266 0.332 1    
125:  0.417 0.308 0.275 1    
126:  0.409 0.401 0.190 1    
127:  0.254 0.267 0.479 1    
128:  0.378 0.352 0.270 1    
129:  0.358 0.287 0.355 1    
130:  0.357 0.427 0.216 1    
131:  0.309 0.332 0.359 1    
132:  0.357 0.422 0.221 1    
133:  0.224 0.229 0.547 1    
134:  0.394 0.396 0.210 1    
135:  0.298 0.455 0.247 1    
136:  0.294 0.262 0.444 1    
137:  0.302 0.306 0.392 1    
138:  0.463 0.354 0.184 1    
139:  0.355 0.384 0.262 1    
140:  0.410 0.334 0.256 1    
141:  0.201 0.214 0.585 1    
142:  0.305 0.325 0.370 1    
143:  0.387 0.332 0.281 1    
144:  0.310 0.431 0.259 1    
145:  0.446 0.329 0.225 1    
146:  0.409 0.303 0.288 1    
147:  0.400 0.314 0.285 1    
148:  0.330 0.409 0.261 1    
149:  0.280 0.294 0.426 1    
150:  0.309 0.270 0.421 1    
151:  0.221 0.209 0.570 1    
152:  0.394 0.440 0.167 1    
153:  0.238 0.259 0.502 1    
154:  0.320 0.325 0.355 1    
155:  0.202 0.241 0.557 1    
156:  0.369 0.390 0.241 1    
157:  0.339 0.418 0.243 1    
158:  0.385 0.344 0.272 1    
159:  0.357 0.367 0.276 1    
160:  0.195 0.222 0.583 1    
161:  0.392 0.388 0.219 1    
162:  0.298 0.267 0.435 1    
163:  0.383 0.370 0.247 1    
164:  0.467 0.310 0.223 1    
165:  0.364 0.293 0.343 1    
166:  0.203 0.211 0.586 1    
167:  0.415 0.366 0.219 1    
168:  0.310 0.322 0.368 1    
169:  0.381 0.361 0.259 1    
170:  0.177 0.183 0.639 1    
171:  0.384 0.375 0.241 1    
172:  0.348 0.374 0.279 1    
173:  0.198 0.202 0.600 1    
174:  0.376 0.310 0.314 1    
175:  0.355 0.389 0.256 1    
176:  0.325 0.457 0.218 1    
177:  0.393 0.366 0.241 1    
178:  0.310 0.380 0.310 1    
179:  0.392 0.411 0.197 1    
180:  0.318 0.337 0.345 1    
181:  0.261 0.239 0.499 1    
182:  0.398 0.360 0.242 1    
183:  0.202 0.216 0.581 1    
184:  0.396 0.304 0.300 1    
185:  0.198 0.209 0.593 1    
186:  0.196 0.190 0.614 1    
187:  0.369 0.416 0.215 1    
188:  0.380 0.272 0.348 1    
189:  0.272 0.271 0.457 1    
190:  0.278 0.394 0.328 1    
191:  0.255 0.275 0.471 1    
192:  0.308 0.434 0.258 1    
193:  0.383 0.312 0.306 1    
194:  0.314 0.331 0.355 1    
195:  0.331 0.473 0.195 1    
196:  0.208 0.201 0.592 1    
197:  0.399 0.380 0.221 1    
198:  0.237 0.233 0.530 1    
199:  0.437 0.345 0.218 1    
200:  0.452 0.298 0.250 1    
201:  0.373 0.407 0.220 1    
202:  0.384 0.395 0.220 1    
203:  0.341 0.356 0.304 1    
204:  0.391 0.385 0.224 1    
205:  0.304 0.442 0.254 1    
206:  0.310 0.394 0.296 1    
207:  0.332 0.402 0.265 1    
208:  0.246 0.242 0.512 1    
209:  0.303 0.428 0.268 1    
210:  0.365 0.385 0.250 1    
211:  0.234 0.256 0.510 1    
212:  0.210 0.241 0.548 1    
213:  0.336 0.357 0.308 1    
214:  0.449 0.342 0.209 1    
215:  0.405 0.323 0.272 1    
216:  0.191 0.208 0.600 1    
217:  0.332 0.285 0.383 1    
218:  0.284 0.364 0.352 1    
219:  0.351 0.467 0.182 1    
220:  0.314 0.494 0.193 1    
221:  0.278 0.315 0.407 1    
222:  0.307 0.479 0.214 1    
223:  0.382 0.295 0.323 1    
224:  0.429 0.392 0.179 1    
