  1:   0.0180  0.0100  0.3420  0.2920  0.3380  1
  2:   0.0330  0.0140  0.3180  0.3300  0.3050  1
  3:   0.2182  0.0350  0.2452  0.2513  0.2503  1
  4:   0.0130  0.0090  0.3457  0.3307  0.3017  1
  5:   0.0170  0.0230  0.3413  0.3093  0.3093  1
  6:   0.0070  0.0120  0.2930  0.3700  0.3180  1
  7:   0.0090  0.0100  0.2890  0.3640  0.3280  1
  8:   0.0120  0.0080  0.3110  0.3090  0.3600  1
  9:   0.0280  0.0090  0.3630  0.2980  0.3020  1
 10:   0.0150  0.0210  0.3480  0.3030  0.3130  1
 11:   0.0140  0.0140  0.3367  0.3197  0.3157  1
 12:   0.0200  0.0090  0.2983  0.3213  0.3514  1
 13:   0.0110  0.0130  0.2990  0.3650  0.3120  1
 14:   0.0170  0.0130  0.3170  0.3260  0.3270  1
 15:   0.0210  0.0250  0.3233  0.2923  0.3383  1
 16:   0.0360  0.0150  0.2710  0.3270  0.3510  1
 17:   0.0150  0.0180  0.3450  0.3130  0.3090  1
 18:   0.0250  0.0160  0.2960  0.3610  0.3020  1
 19:   0.0420  0.0130  0.3040  0.3440  0.2970  1
 20:   0.0570  0.0350  0.3020  0.3240  0.2820  1
 21:   0.0190  0.0090  0.3030  0.3570  0.3120  1
 22:   0.0340  0.0190  0.2750  0.3350  0.3370  1
 23:   0.0210  0.0350  0.3000  0.3420  0.3020  1
 24:   0.2362  0.0370  0.2472  0.2292  0.2503  1
 25:   0.0649  0.0490  0.3227  0.2787  0.2847  1
 26:   0.4100  0.1120  0.1570  0.1540  0.1670  1
 27:   0.2827  0.6783  0.0130  0.0130  0.0130  1
 28:   0.8440  0.0590  0.0340  0.0320  0.0310  1
 29:   0.7748  0.0380  0.0681  0.0591  0.0601  1
 30:   0.8550  0.0970  0.0170  0.0150  0.0160  1
 31:   0.8300  0.1390  0.0100  0.0100  0.0110  1
 32:   0.9430  0.0250  0.0100  0.0110  0.0110  1
 33:   0.8520  0.0120  0.0410  0.0470  0.0480  1
 34:   0.8252  0.0370  0.0500  0.0460  0.0420  1
 35:   0.7233  0.0360  0.0789  0.0859  0.0759  1
 36:   0.0400  0.9360  0.0080  0.0080  0.0080  1
 37:   0.8028  0.1231  0.0240  0.0260  0.0240  1
 38:   0.2710  0.2440  0.1670  0.1530  0.1650  1
 39:   0.7280  0.1320  0.0450  0.0500  0.0450  1
 40:   0.3060  0.2730  0.1410  0.1380  0.1420  1
 41:   0.2232  0.0511  0.2653  0.2332  0.2272  1
 42:   0.0480  0.8100  0.0460  0.0490  0.0470  1
 43:   0.0729  0.6484  0.0939  0.0889  0.0959  1
 44:   0.2300  0.4690  0.1040  0.0940  0.1030  1
 45:   0.0260  0.9360  0.0130  0.0120  0.0130  1
 46:   0.0340  0.8730  0.0300  0.0310  0.0320  1
 47:   0.0200  0.9490  0.0110  0.0100  0.0100  1
 48:   0.0140  0.9650  0.0070  0.0070  0.0070  1
 49:   0.1250  0.8300  0.0150  0.0140  0.0160  1
 50:   0.0080  0.9210  0.0240  0.0230  0.0240  1
 51:   0.0220  0.9409  0.0120  0.0120  0.0130  1
 52:   0.1862  0.7307  0.0290  0.0270  0.0270  1
 53:   0.3776  0.4795  0.0500  0.0509  0.0420  1
 54:   0.6610  0.2800  0.0200  0.0200  0.0190  1
 55:   0.8000  0.1100  0.0300  0.0290  0.0310  1
 56:   0.1828  0.6653  0.0509  0.0549  0.0460  1
 57:   0.3844  0.4044  0.0731  0.0721  0.0661  1
 58:   0.0780  0.6890  0.0770  0.0740  0.0820  1
 59:   0.0090  0.9700  0.0070  0.0070  0.0070  1
 60:   0.0579  0.8611  0.0270  0.0270  0.0270  1
 61:   0.6500  0.1910  0.0530  0.0540  0.0520  1
 62:   0.1800  0.6610  0.0510  0.0550  0.0530  1
 63:   0.6860  0.1470  0.0540  0.0560  0.0570  1
 64:   0.6190  0.0840  0.0980  0.0910  0.1080  1
 65:   0.9050  0.0440  0.0180  0.0160  0.0170  1
 66:   0.0240  0.9111  0.0230  0.0210  0.0210  1
 67:   0.1910  0.5670  0.0810  0.0790  0.0820  1
 68:   0.2382  0.6166  0.0490  0.0470  0.0490  1
 69:   0.8430  0.0540  0.0330  0.0360  0.0340  1
 70:   0.1830  0.3420  0.1690  0.1460  0.1600  1
 71:   0.0380  0.9400  0.0080  0.0070  0.0070  1
 72:   0.3836  0.5055  0.0370  0.0370  0.0370  1
 73:   0.1060  0.8350  0.0190  0.0200  0.0200  1
 74:   0.0390  0.0170  0.3180  0.2820  0.3440  1
 75:   0.0130  0.0060  0.3160  0.3380  0.3270  1
 76:   0.0100  0.0080  0.3297  0.3227  0.3297  1
 77:   0.0180  0.0070  0.2803  0.3964  0.2983  1
 78:   0.0070  0.0060  0.3480  0.3220  0.3170  1
 79:   0.0160  0.0430  0.3260  0.3000  0.3150  1
 80:   0.0210  0.0170  0.3140  0.3160  0.3320  1
 81:   0.0120  0.0080  0.3540  0.3480  0.2780  1
 82:   0.0801  0.0140  0.3183  0.2913  0.2963  1
 83:   0.0070  0.0070  0.3320  0.3240  0.3300  1
 84:   0.3580  0.0150  0.2170  0.1950  0.2150  1
 85:   0.0170  0.0070  0.3290  0.3380  0.3090  1
 86:   0.0350  0.0320  0.2987  0.3077  0.3267  1
 87:   0.0400  0.0110  0.3383  0.3193  0.2913  1
 88:   0.0180  0.0100  0.3263  0.3473  0.2983  1
 89:   0.0080  0.0070  0.3900  0.2980  0.2970  1
 90:   0.0120  0.0160  0.3360  0.2920  0.3440  1
 91:   0.0230  0.0160  0.3257  0.3057  0.3297  1
 92:   0.1320  0.0680  0.2710  0.2600  0.2690  1
 93:   0.0480  0.0100  0.3207  0.3207  0.3007  1
 94:   0.0390  0.0150  0.3093  0.2863  0.3504  1
 95:   0.0150  0.0100  0.2993  0.3433  0.3323  1
 96:   0.0460  0.0290  0.3133  0.3353  0.2763  1
 97:   0.0080  0.0130  0.3310  0.3030  0.3450  1
 98:   0.0130  0.0080  0.3403  0.2853  0.3534  1
 99:   0.0110  0.0150  0.3240  0.3440  0.3060  1
100:   0.1059  0.0869  0.2977  0.2637  0.2458  1
101:   0.0090  0.0150  0.3343  0.2953  0.3463  1
102:   0.6150  0.3510  0.0110  0.0120  0.0110  1
103:   0.0280  0.9409  0.0100  0.0110  0.0100  1
104:   0.0140  0.9650  0.0070  0.0070  0.0070  1
105:   0.5996  0.3754  0.0080  0.0090  0.0080  1
106:   0.0640  0.7910  0.0490  0.0470  0.0490  1
107:   0.0280  0.9440  0.0090  0.0100  0.0090  1
108:   0.0540  0.9250  0.0070  0.0070  0.0070  1
109:   0.0200  0.8180  0.0540  0.0540  0.0540  1
110:   0.0110  0.9710  0.0060  0.0060  0.0060  1
111:   0.1270  0.8120  0.0200  0.0210  0.0200  1
112:   0.3400  0.5970  0.0210  0.0210  0.0210  1
113:   0.0689  0.8911  0.0140  0.0130  0.0130  1
114:   0.0220  0.9600  0.0060  0.0060  0.0060  1
115:   0.0170  0.9620  0.0070  0.0070  0.0070  1
116:   0.0180  0.9570  0.0090  0.0080  0.0080  1
117:   0.4895  0.4645  0.0150  0.0150  0.0160  1
118:   0.1410  0.8290  0.0100  0.0100  0.0100  1
119:   0.0230  0.9570  0.0070  0.0070  0.0060  1

  1:   0.0190  0.0110  0.3317  0.3117  0.3267  1
  2:   0.0420  0.0150  0.3200  0.2810  0.3420  1
  3:   0.2230  0.0380  0.2320  0.2680  0.2390  1
  4:   0.0140  0.0100  0.2827  0.3676  0.3257  1
  5:   0.0170  0.0260  0.3200  0.3080  0.3290  1
  6:   0.0070  0.0130  0.3260  0.3410  0.3130  1
  7:   0.0090  0.0110  0.3350  0.3440  0.3010  1
  8:   0.0130  0.0080  0.3143  0.3524  0.3123  1
  9:   0.0320  0.0100  0.3260  0.3050  0.3270  1
 10:   0.0160  0.0230  0.3240  0.2890  0.3480  1
 11:   0.0150  0.0150  0.3197  0.3397  0.3107  1
 12:   0.0210  0.0090  0.2823  0.3994  0.2883  1
 13:   0.0120  0.0140  0.2780  0.3800  0.3160  1
 14:   0.0190  0.0150  0.3160  0.3070  0.3430  1
 15:   0.0230  0.0240  0.3620  0.2790  0.3120  1
 16:   0.0390  0.0160  0.3060  0.3350  0.3040  1
 17:   0.0170  0.0190  0.3177  0.3047  0.3417  1
 18:   0.0270  0.0170  0.2800  0.3770  0.2990  1
 19:   0.0460  0.0130  0.3110  0.3130  0.3170  1
 20:   0.0521  0.0340  0.2983  0.2913  0.3243  1
 21:   0.0200  0.0090  0.2720  0.4020  0.2970  1
 22:   0.0370  0.0180  0.2840  0.3670  0.2940  1
 23:   0.0240  0.0360  0.2940  0.3570  0.2890  1
 24:   0.2593  0.0380  0.2382  0.2192  0.2452  1
 25:   0.0599  0.0460  0.3297  0.2647  0.2997  1
 26:   0.4190  0.1170  0.1530  0.1670  0.1440  1
 27:   0.2770  0.6830  0.0130  0.0140  0.0130  1
 28:   0.8040  0.0800  0.0370  0.0390  0.0400  1
 29:   0.7762  0.0420  0.0629  0.0589  0.0599  1
 30:   0.8208  0.1231  0.0170  0.0190  0.0200  1
 31:   0.7978  0.1692  0.0120  0.0100  0.0110  1
 32:   0.9259  0.0390  0.0110  0.0120  0.0120  1
 33:   0.8430  0.0120  0.0500  0.0450  0.0500  1
 34:   0.8050  0.0430  0.0500  0.0510  0.0510  1
 35:   0.7150  0.0400  0.0790  0.0790  0.0870  1
 36:   0.0420  0.9320  0.0080  0.0090  0.0090  1
 37:   0.7928  0.1281  0.0260  0.0270  0.0260  1
 38:   0.2540  0.2440  0.1750  0.1570  0.1700  1
 39:   0.6840  0.1590  0.0520  0.0550  0.0500  1
 40:   0.2773  0.2833  0.1512  0.1421  0.1461  1
 41:   0.1980  0.0540  0.2550  0.2380  0.2550  1
 42:   0.0470  0.8010  0.0490  0.0550  0.0480  1
 43:   0.0860  0.6400  0.0940  0.0870  0.0930  1
 44:   0.2150  0.4590  0.1170  0.0970  0.1120  1
 45:   0.0350  0.9260  0.0130  0.0130  0.0130  1
 46:   0.0450  0.8580  0.0320  0.0320  0.0330  1
 47:   0.0230  0.9430  0.0110  0.0110  0.0120  1
 48:   0.0150  0.9610  0.0080  0.0080  0.0080  1
 49:   0.1431  0.8048  0.0170  0.0170  0.0180  1
 50:   0.0110  0.9120  0.0260  0.0260  0.0250  1
 51:   0.0250  0.9320  0.0160  0.0130  0.0140  1
 52:   0.2038  0.7063  0.0310  0.0290  0.0300  1
 53:   0.3696  0.4775  0.0500  0.0500  0.0529  1
 54:   0.6240  0.3130  0.0210  0.0210  0.0210  1
 55:   0.7570  0.1310  0.0410  0.0350  0.0360  1
 56:   0.1690  0.6810  0.0510  0.0490  0.0500  1
 57:   0.4094  0.3884  0.0671  0.0681  0.0671  1
 58:   0.0861  0.6747  0.0831  0.0711  0.0851  1
 59:   0.0110  0.9680  0.0070  0.0070  0.0070  1
 60:   0.0581  0.8569  0.0280  0.0280  0.0290  1
 61:   0.6570  0.1800  0.0580  0.0500  0.0550  1
 62:   0.1978  0.6374  0.0539  0.0539  0.0569  1
 63:   0.6116  0.1852  0.0731  0.0591  0.0711  1
 64:   0.5834  0.0959  0.1159  0.0959  0.1089  1
 65:   0.8920  0.0520  0.0190  0.0170  0.0200  1
 66:   0.0240  0.8940  0.0260  0.0260  0.0300  1
 67:   0.2060  0.5440  0.0840  0.0830  0.0830  1
 68:   0.2092  0.6236  0.0601  0.0521  0.0551  1
 69:   0.8210  0.0600  0.0390  0.0430  0.0370  1
 70:   0.1940  0.3220  0.1720  0.1440  0.1680  1
 71:   0.0420  0.9340  0.0080  0.0080  0.0080  1
 72:   0.3313  0.5536  0.0380  0.0380  0.0390  1
 73:   0.1091  0.8278  0.0200  0.0210  0.0220  1
 74:   0.0430  0.0190  0.3666  0.2687  0.3027  1
 75:   0.0150  0.0070  0.2990  0.3850  0.2940  1
 76:   0.0100  0.0080  0.3520  0.3130  0.3170  1
 77:   0.0180  0.0080  0.2920  0.3430  0.3390  1
 78:   0.0070  0.0070  0.3710  0.2900  0.3250  1
 79:   0.0150  0.0440  0.3433  0.2723  0.3253  1
 80:   0.0200  0.0170  0.3670  0.3040  0.2920  1
 81:   0.0130  0.0090  0.2757  0.3856  0.3167  1
 82:   0.0820  0.0160  0.2980  0.2790  0.3250  1
 83:   0.0080  0.0080  0.3590  0.2810  0.3440  1
 84:   0.3210  0.0160  0.2410  0.2030  0.2190  1
 85:   0.0180  0.0080  0.3077  0.3556  0.3107  1
 86:   0.0390  0.0320  0.3460  0.2690  0.3140  1
 87:   0.0420  0.0130  0.3160  0.3150  0.3140  1
 88:   0.0200  0.0110  0.3253  0.3213  0.3223  1
 89:   0.0090  0.0080  0.3267  0.3207  0.3357  1
 90:   0.0120  0.0160  0.3744  0.2773  0.3203  1
 91:   0.0250  0.0160  0.2940  0.3340  0.3310  1
 92:   0.1380  0.0720  0.2580  0.2810  0.2510  1
 93:   0.0530  0.0110  0.3180  0.2950  0.3230  1
 94:   0.0400  0.0170  0.3350  0.2890  0.3190  1
 95:   0.0170  0.0120  0.2637  0.3946  0.3127  1
 96:   0.0520  0.0290  0.2600  0.3550  0.3040  1
 97:   0.0090  0.0130  0.3057  0.3516  0.3207  1
 98:   0.0150  0.0090  0.3370  0.2880  0.3510  1
 99:   0.0120  0.0150  0.3360  0.3180  0.3190  1
100:   0.1071  0.0881  0.2492  0.2643  0.2913  1
101:   0.0100  0.0140  0.3403  0.2843  0.3514  1
102:   0.5754  0.3866  0.0130  0.0120  0.0130  1
103:   0.0330  0.9330  0.0110  0.0120  0.0110  1
104:   0.0130  0.9630  0.0080  0.0080  0.0080  1
105:   0.5850  0.3870  0.0100  0.0090  0.0090  1
106:   0.0630  0.7830  0.0490  0.0530  0.0520  1
107:   0.0350  0.9331  0.0110  0.0100  0.0110  1
108:   0.0650  0.9110  0.0080  0.0080  0.0080  1
109:   0.0200  0.8042  0.0619  0.0529  0.0609  1
110:   0.0120  0.9670  0.0070  0.0070  0.0070  1
111:   0.1121  0.8228  0.0220  0.0230  0.0200  1
112:   0.3330  0.6030  0.0220  0.0210  0.0210  1
113:   0.0660  0.8930  0.0140  0.0130  0.0140  1
114:   0.0230  0.9580  0.0070  0.0060  0.0060  1
115:   0.0170  0.9590  0.0080  0.0080  0.0080  1
116:   0.0200  0.9500  0.0100  0.0100  0.0100  1
117:   0.4850  0.4690  0.0160  0.0140  0.0160  1
118:   0.1550  0.8150  0.0100  0.0110  0.0090  1
119:   0.0230  0.9560  0.0070  0.0070  0.0070  1

  1:   0.0170  0.0100  0.3260  0.3410  0.3060  1
  2:   0.0360  0.0140  0.3090  0.3060  0.3350  1
  3:   0.2110  0.0400  0.2380  0.2570  0.2540  1
  4:   0.0130  0.0090  0.3137  0.3307  0.3337  1
  5:   0.0170  0.0240  0.3510  0.2950  0.3130  1
  6:   0.0070  0.0120  0.3267  0.3427  0.3117  1
  7:   0.0090  0.0110  0.3310  0.3340  0.3150  1
  8:   0.0110  0.0080  0.3160  0.3360  0.3290  1
  9:   0.0290  0.0100  0.3260  0.3380  0.2970  1
 10:   0.0150  0.0220  0.3347  0.3107  0.3177  1
 11:   0.0130  0.0150  0.2967  0.3357  0.3397  1
 12:   0.0200  0.0090  0.2713  0.3544  0.3453  1
 13:   0.0100  0.0120  0.3207  0.3367  0.3207  1
 14:   0.0170  0.0130  0.3380  0.3270  0.3050  1
 15:   0.0240  0.0240  0.3606  0.2757  0.3157  1
 16:   0.0360  0.0140  0.3090  0.3260  0.3150  1
 17:   0.0140  0.0180  0.3350  0.3250  0.3080  1
 18:   0.0240  0.0140  0.2660  0.3400  0.3560  1
 19:   0.0460  0.0130  0.3340  0.2880  0.3190  1
 20:   0.0591  0.0350  0.3153  0.2893  0.3013  1
 21:   0.0180  0.0090  0.2550  0.3810  0.3370  1
 22:   0.0360  0.0170  0.2600  0.3550  0.3320  1
 23:   0.0230  0.0320  0.3030  0.3230  0.3190  1
 24:   0.2492  0.0370  0.2402  0.2342  0.2392  1
 25:   0.0580  0.0490  0.3350  0.2940  0.2640  1
 26:   0.4160  0.1100  0.1390  0.1760  0.1590  1
 27:   0.3083  0.6547  0.0120  0.0120  0.0130  1
 28:   0.8630  0.0470  0.0300  0.0300  0.0300  1
 29:   0.7850  0.0380  0.0590  0.0600  0.0580  1
 30:   0.8830  0.0700  0.0150  0.0160  0.0160  1
 31:   0.8710  0.1010  0.0100  0.0090  0.0090  1
 32:   0.9491  0.0180  0.0110  0.0110  0.0110  1
 33:   0.8599  0.0090  0.0420  0.0440  0.0450  1
 34:   0.8202  0.0400  0.0480  0.0450  0.0470  1
 35:   0.7440  0.0350  0.0750  0.0710  0.0750  1
 36:   0.0430  0.9330  0.0080  0.0080  0.0080  1
 37:   0.8020  0.1240  0.0240  0.0260  0.0240  1
 38:   0.2747  0.2348  0.1708  0.1658  0.1538  1
 39:   0.7333  0.1269  0.0460  0.0480  0.0460  1
 40:   0.2850  0.2690  0.1510  0.1440  0.1510  1
 41:   0.2240  0.0530  0.2380  0.2200  0.2650  1
 42:   0.0460  0.8150  0.0430  0.0490  0.0470  1
 43:   0.0831  0.6476  0.0891  0.0941  0.0861  1
 44:   0.2380  0.4750  0.0960  0.0930  0.0980  1
 45:   0.0200  0.9440  0.0120  0.0120  0.0120  1
 46:   0.0310  0.8850  0.0300  0.0260  0.0280  1
 47:   0.0200  0.9481  0.0100  0.0110  0.0110  1
 48:   0.0140  0.9640  0.0070  0.0070  0.0080  1
 49:   0.1050  0.8490  0.0160  0.0150  0.0150  1
 50:   0.0070  0.9259  0.0220  0.0230  0.0220  1
 51:   0.0230  0.9429  0.0120  0.0110  0.0110  1
 52:   0.1640  0.7530  0.0270  0.0280  0.0280  1
 53:   0.3850  0.4720  0.0510  0.0450  0.0470  1
 54:   0.6533  0.2897  0.0190  0.0190  0.0190  1
 55:   0.7802  0.1169  0.0330  0.0340  0.0360  1
 56:   0.1520  0.6920  0.0520  0.0510  0.0530  1
 57:   0.3497  0.4296  0.0729  0.0729  0.0749  1
 58:   0.0750  0.6920  0.0860  0.0710  0.0760  1
 59:   0.0090  0.9710  0.0060  0.0070  0.0070  1
 60:   0.0470  0.8740  0.0270  0.0280  0.0240  1
 61:   0.6390  0.2120  0.0500  0.0480  0.0510  1
 62:   0.1590  0.6800  0.0530  0.0540  0.0540  1
 63:   0.6730  0.1550  0.0600  0.0530  0.0590  1
 64:   0.6270  0.0880  0.0940  0.0950  0.0960  1
 65:   0.9029  0.0470  0.0170  0.0160  0.0170  1
 66:   0.0240  0.9050  0.0250  0.0230  0.0230  1
 67:   0.2108  0.5475  0.0789  0.0839  0.0789  1
 68:   0.2320  0.6290  0.0500  0.0410  0.0480  1
 69:   0.8348  0.0521  0.0360  0.0410  0.0360  1
 70:   0.1820  0.3420  0.1540  0.1500  0.1720  1
 71:   0.0410  0.9351  0.0080  0.0080  0.0080  1
 72:   0.3690  0.5170  0.0380  0.0360  0.0400  1
 73:   0.1010  0.8410  0.0200  0.0190  0.0190  1
 74:   0.0430  0.0180  0.3110  0.3110  0.3170  1
 75:   0.0130  0.0060  0.2930  0.3650  0.3230  1
 76:   0.0100  0.0070  0.3480  0.3280  0.3070  1
 77:   0.0180  0.0080  0.3240  0.3380  0.3120  1
 78:   0.0070  0.0060  0.3510  0.3050  0.3310  1
 79:   0.0160  0.0430  0.3736  0.2737  0.2937  1
 80:   0.0190  0.0170  0.3330  0.2980  0.3330  1
 81:   0.0110  0.0080  0.3090  0.3260  0.3460  1
 82:   0.0790  0.0150  0.3200  0.3000  0.2860  1
 83:   0.0080  0.0070  0.3690  0.2990  0.3170  1
 84:   0.3584  0.0150  0.2392  0.1942  0.1932  1
 85:   0.0160  0.0080  0.3267  0.3107  0.3387  1
 86:   0.0360  0.0310  0.2950  0.3270  0.3110  1
 87:   0.0400  0.0110  0.3327  0.3027  0.3137  1
 88:   0.0180  0.0100  0.3260  0.3220  0.3240  1
 89:   0.0080  0.0070  0.3313  0.3223  0.3313  1
 90:   0.0130  0.0150  0.3540  0.2660  0.3520  1
 91:   0.0240  0.0150  0.2963  0.3423  0.3223  1
 92:   0.1370  0.0620  0.2440  0.2800  0.2770  1
 93:   0.0460  0.0100  0.3280  0.3050  0.3110  1
 94:   0.0390  0.0150  0.3080  0.3270  0.3110  1
 95:   0.0140  0.0100  0.2723  0.3514  0.3524  1
 96:   0.0440  0.0280  0.2970  0.3270  0.3040  1
 97:   0.0080  0.0120  0.3210  0.3160  0.3430  1
 98:   0.0130  0.0080  0.3453  0.3063  0.3273  1
 99:   0.0120  0.0150  0.3640  0.3070  0.3020  1
100:   0.1050  0.0750  0.2710  0.2610  0.2880  1
101:   0.0090  0.0150  0.3760  0.2840  0.3160  1
102:   0.6200  0.3470  0.0110  0.0110  0.0110  1
103:   0.0300  0.9380  0.0100  0.0110  0.0110  1
104:   0.0130  0.9660  0.0070  0.0070  0.0070  1
105:   0.5870  0.3870  0.0090  0.0080  0.0090  1
106:   0.0649  0.7872  0.0470  0.0480  0.0529  1
107:   0.0310  0.9420  0.0090  0.0090  0.0090  1
108:   0.0520  0.9260  0.0080  0.0070  0.0070  1
109:   0.0210  0.8250  0.0570  0.0480  0.0490  1
110:   0.0130  0.9690  0.0060  0.0060  0.0060  1
111:   0.1170  0.8230  0.0200  0.0200  0.0200  1
112:   0.3560  0.5850  0.0210  0.0190  0.0190  1
113:   0.0650  0.8970  0.0130  0.0120  0.0130  1
114:   0.0210  0.9610  0.0060  0.0060  0.0060  1
115:   0.0150  0.9640  0.0070  0.0070  0.0070  1
116:   0.0170  0.9570  0.0090  0.0090  0.0080  1
117:   0.5210  0.4340  0.0150  0.0150  0.0150  1
118:   0.1470  0.8250  0.0100  0.0090  0.0090  1
119:   0.0260  0.9550  0.0060  0.0060  0.0070  1

  1:   0.0180  0.0100  0.3150  0.3370  0.3200  1
  2:   0.0360  0.0150  0.2837  0.3367  0.3287  1
  3:   0.2120  0.0380  0.2250  0.2730  0.2520  1
  4:   0.0140  0.0090  0.3113  0.3323  0.3333  1
  5:   0.0170  0.0260  0.3546  0.3077  0.2947  1
  6:   0.0070  0.0120  0.3720  0.2770  0.3320  1
  7:   0.0090  0.0100  0.3764  0.2633  0.3413  1
  8:   0.0120  0.0080  0.3203  0.3213  0.3383  1
  9:   0.0290  0.0100  0.3300  0.3160  0.3150  1
 10:   0.0160  0.0230  0.3240  0.3020  0.3350  1
 11:   0.0140  0.0150  0.2803  0.3584  0.3323  1
 12:   0.0200  0.0090  0.2750  0.3680  0.3280  1
 13:   0.0120  0.0130  0.3210  0.3350  0.3190  1
 14:   0.0180  0.0140  0.3253  0.3163  0.3263  1
 15:   0.0230  0.0240  0.3213  0.3103  0.3213  1
 16:   0.0380  0.0140  0.3120  0.3080  0.3280  1
 17:   0.0160  0.0190  0.3170  0.3230  0.3250  1
 18:   0.0280  0.0160  0.2620  0.3780  0.3160  1
 19:   0.0450  0.0130  0.3103  0.3383  0.2933  1
 20:   0.0531  0.0340  0.3373  0.2773  0.2983  1
 21:   0.0200  0.0090  0.2557  0.3756  0.3397  1
 22:   0.0360  0.0190  0.2580  0.3610  0.3260  1
 23:   0.0230  0.0320  0.2970  0.3300  0.3180  1
 24:   0.2340  0.0370  0.2400  0.2410  0.2480  1
 25:   0.0640  0.0460  0.3000  0.2970  0.2930  1
 26:   0.4070  0.1160  0.1380  0.1750  0.1640  1
 27:   0.2863  0.6747  0.0130  0.0130  0.0130  1
 28:   0.8550  0.0490  0.0320  0.0310  0.0330  1
 29:   0.7840  0.0320  0.0580  0.0620  0.0640  1
 30:   0.8740  0.0770  0.0150  0.0180  0.0160  1
 31:   0.8370  0.1310  0.0110  0.0100  0.0110  1
 32:   0.9520  0.0170  0.0090  0.0110  0.0110  1
 33:   0.8530  0.0090  0.0490  0.0410  0.0480  1
 34:   0.8188  0.0380  0.0450  0.0490  0.0490  1
 35:   0.7330  0.0380  0.0680  0.0830  0.0780  1
 36:   0.0420  0.9329  0.0080  0.0080  0.0090  1
 37:   0.8128  0.1161  0.0230  0.0230  0.0250  1
 38:   0.2690  0.2310  0.1610  0.1660  0.1730  1
 39:   0.7183  0.1369  0.0450  0.0519  0.0480  1
 40:   0.2927  0.2737  0.1389  0.1469  0.1479  1
 41:   0.2240  0.0510  0.2240  0.2600  0.2410  1
 42:   0.0520  0.8000  0.0460  0.0530  0.0490  1
 43:   0.0831  0.6466  0.0921  0.0851  0.0931  1
 44:   0.2292  0.4525  0.1081  0.1021  0.1081  1
 45:   0.0340  0.9271  0.0130  0.0130  0.0130  1
 46:   0.0360  0.8681  0.0320  0.0310  0.0330  1
 47:   0.0220  0.9450  0.0110  0.0110  0.0110  1
 48:   0.0150  0.9610  0.0080  0.0080  0.0080  1
 49:   0.1490  0.8010  0.0170  0.0170  0.0160  1
 50:   0.0090  0.9170  0.0260  0.0230  0.0250  1
 51:   0.0250  0.9340  0.0140  0.0130  0.0140  1
 52:   0.2208  0.6933  0.0300  0.0280  0.0280  1
 53:   0.3780  0.4760  0.0490  0.0510  0.0460  1
 54:   0.6340  0.3040  0.0230  0.0190  0.0200  1
 55:   0.7810  0.1140  0.0390  0.0330  0.0330  1
 56:   0.1690  0.6730  0.0500  0.0540  0.0540  1
 57:   0.3940  0.3970  0.0710  0.0690  0.0690  1
 58:   0.0781  0.6827  0.0801  0.0821  0.0771  1
 59:   0.0100  0.9690  0.0070  0.0070  0.0070  1
 60:   0.0550  0.8620  0.0260  0.0300  0.0270  1
 61:   0.6294  0.2048  0.0589  0.0500  0.0569  1
 62:   0.1962  0.6517  0.0501  0.0511  0.0511  1
 63:   0.6370  0.1680  0.0700  0.0650  0.0600  1
 64:   0.6130  0.0910  0.1030  0.1000  0.0930  1
 65:   0.8960  0.0470  0.0190  0.0190  0.0190  1
 66:   0.0270  0.8991  0.0250  0.0250  0.0240  1
 67:   0.1940  0.5610  0.0810  0.0810  0.0830  1
 68:   0.2332  0.6186  0.0531  0.0480  0.0470  1
 69:   0.8280  0.0540  0.0410  0.0380  0.0390  1
 70:   0.1818  0.3337  0.1608  0.1528  0.1708  1
 71:   0.0410  0.9350  0.0080  0.0080  0.0080  1
 72:   0.3616  0.5225  0.0380  0.0370  0.0410  1
 73:   0.1060  0.8350  0.0190  0.0200  0.0200  1
 74:   0.0400  0.0180  0.3097  0.3247  0.3077  1
 75:   0.0140  0.0070  0.2887  0.3576  0.3327  1
 76:   0.0100  0.0080  0.3594  0.2823  0.3403  1
 77:   0.0180  0.0080  0.3470  0.3160  0.3110  1
 78:   0.0070  0.0060  0.3770  0.2850  0.3250  1
 79:   0.0160  0.0430  0.3470  0.2930  0.3010  1
 80:   0.0220  0.0160  0.3590  0.2890  0.3140  1
 81:   0.0130  0.0090  0.3070  0.3450  0.3260  1
 82:   0.0789  0.0160  0.2957  0.2957  0.3137  1
 83:   0.0070  0.0080  0.3500  0.3300  0.3050  1
 84:   0.3600  0.0160  0.2390  0.1980  0.1870  1
 85:   0.0170  0.0080  0.3180  0.3430  0.3140  1
 86:   0.0360  0.0310  0.2770  0.3370  0.3190  1
 87:   0.0420  0.0120  0.3343  0.3163  0.2953  1
 88:   0.0190  0.0100  0.3770  0.2810  0.3130  1
 89:   0.0090  0.0070  0.3210  0.3060  0.3570  1
 90:   0.0130  0.0160  0.3566  0.3057  0.3087  1
 91:   0.0260  0.0160  0.2793  0.3423  0.3363  1
 92:   0.1359  0.0649  0.2468  0.2917  0.2607  1
 93:   0.0480  0.0100  0.3630  0.2770  0.3020  1
 94:   0.0400  0.0160  0.2990  0.3240  0.3210  1
 95:   0.0160  0.0110  0.2900  0.3490  0.3340  1
 96:   0.0460  0.0280  0.2733  0.3363  0.3163  1
 97:   0.0090  0.0120  0.3273  0.3183  0.3333  1
 98:   0.0130  0.0090  0.3764  0.2833  0.3183  1
 99:   0.0110  0.0160  0.3400  0.3400  0.2930  1
100:   0.1189  0.0799  0.2378  0.2927  0.2707  1
101:   0.0090  0.0150  0.3390  0.3280  0.3090  1
102:   0.6110  0.3530  0.0120  0.0120  0.0120  1
103:   0.0320  0.9351  0.0110  0.0110  0.0110  1
104:   0.0140  0.9650  0.0070  0.0070  0.0070  1
105:   0.5566  0.4164  0.0090  0.0090  0.0090  1
106:   0.0731  0.7798  0.0490  0.0480  0.0501  1
107:   0.0320  0.9390  0.0100  0.0090  0.0100  1
108:   0.0440  0.9330  0.0080  0.0070  0.0080  1
109:   0.0230  0.8028  0.0611  0.0581  0.0551  1
110:   0.0110  0.9690  0.0070  0.0060  0.0070  1
111:   0.1360  0.8000  0.0200  0.0220  0.0220  1
112:   0.3640  0.5730  0.0210  0.0210  0.0210  1
113:   0.0671  0.8939  0.0120  0.0140  0.0130  1
114:   0.0200  0.9620  0.0060  0.0060  0.0060  1
115:   0.0150  0.9640  0.0070  0.0070  0.0070  1
116:   0.0180  0.9550  0.0090  0.0090  0.0090  1
117:   0.4960  0.4580  0.0160  0.0150  0.0150  1
118:   0.1680  0.8020  0.0100  0.0100  0.0100  1
119:   0.0230  0.9560  0.0070  0.0070  0.0070  1

  1:   0.0180  0.0110  0.3540  0.3120  0.3050  1
  2:   0.0420  0.0150  0.3180  0.3040  0.3210  1
  3:   0.2202  0.0400  0.2132  0.2573  0.2693  1
  4:   0.0130  0.0100  0.2990  0.3640  0.3140  1
  5:   0.0170  0.0250  0.3380  0.3100  0.3100  1
  6:   0.0080  0.0130  0.3470  0.2800  0.3520  1
  7:   0.0090  0.0110  0.3544  0.2793  0.3463  1
  8:   0.0130  0.0080  0.2840  0.3390  0.3560  1
  9:   0.0290  0.0100  0.3540  0.3270  0.2800  1
 10:   0.0150  0.0240  0.3243  0.3243  0.3123  1
 11:   0.0150  0.0160  0.3000  0.3500  0.3190  1
 12:   0.0210  0.0100  0.2388  0.3616  0.3686  1
 13:   0.0130  0.0130  0.2860  0.3540  0.3340  1
 14:   0.0190  0.0150  0.3100  0.3460  0.3100  1
 15:   0.0230  0.0230  0.3968  0.2595  0.2976  1
 16:   0.0380  0.0160  0.2870  0.3190  0.3400  1
 17:   0.0170  0.0190  0.3040  0.3620  0.2980  1
 18:   0.0280  0.0160  0.2410  0.3650  0.3500  1
 19:   0.0470  0.0140  0.3140  0.3110  0.3140  1
 20:   0.0539  0.0330  0.3277  0.2867  0.2987  1
 21:   0.0200  0.0090  0.1992  0.4134  0.3584  1
 22:   0.0350  0.0190  0.2322  0.3554  0.3584  1
 23:   0.0240  0.0330  0.2943  0.3534  0.2953  1
 24:   0.2430  0.0400  0.2440  0.2350  0.2380  1
 25:   0.0591  0.0480  0.3453  0.2673  0.2803  1
 26:   0.4116  0.1219  0.1419  0.1618  0.1628  1
 27:   0.3167  0.6424  0.0140  0.0140  0.0130  1
 28:   0.8130  0.0740  0.0380  0.0370  0.0380  1
 29:   0.7672  0.0400  0.0599  0.0689  0.0639  1
 30:   0.8418  0.1071  0.0170  0.0170  0.0170  1
 31:   0.7952  0.1708  0.0120  0.0110  0.0110  1
 32:   0.9321  0.0330  0.0120  0.0110  0.0120  1
 33:   0.8390  0.0120  0.0520  0.0480  0.0490  1
 34:   0.8060  0.0430  0.0510  0.0540  0.0460  1
 35:   0.7383  0.0320  0.0739  0.0809  0.0749  1
 36:   0.0480  0.9250  0.0090  0.0090  0.0090  1
 37:   0.7770  0.1450  0.0260  0.0250  0.0270  1
 38:   0.2430  0.2580  0.1820  0.1530  0.1640  1
 39:   0.6930  0.1550  0.0490  0.0510  0.0520  1
 40:   0.2860  0.2800  0.1430  0.1430  0.1480  1
 41:   0.2130  0.0550  0.2350  0.2630  0.2340  1
 42:   0.0490  0.7918  0.0501  0.0571  0.0521  1
 43:   0.0850  0.6460  0.0950  0.0840  0.0900  1
 44:   0.2078  0.4625  0.1219  0.1029  0.1049  1
 45:   0.0310  0.9310  0.0130  0.0130  0.0120  1
 46:   0.0400  0.8700  0.0310  0.0290  0.0300  1
 47:   0.0210  0.9440  0.0110  0.0120  0.0120  1
 48:   0.0160  0.9590  0.0080  0.0080  0.0090  1
 49:   0.1490  0.8030  0.0160  0.0150  0.0170  1
 50:   0.0100  0.9140  0.0250  0.0260  0.0250  1
 51:   0.0260  0.9300  0.0160  0.0130  0.0150  1
 52:   0.2030  0.7120  0.0280  0.0290  0.0280  1
 53:   0.3626  0.4875  0.0519  0.0500  0.0480  1
 54:   0.5856  0.3504  0.0220  0.0210  0.0210  1
 55:   0.7397  0.1371  0.0460  0.0370  0.0400  1
 56:   0.1702  0.6807  0.0501  0.0521  0.0470  1
 57:   0.3950  0.4010  0.0680  0.0690  0.0670  1
 58:   0.0760  0.6930  0.0840  0.0700  0.0770  1
 59:   0.0110  0.9680  0.0070  0.0070  0.0070  1
 60:   0.0660  0.8490  0.0280  0.0300  0.0270  1
 61:   0.6380  0.1920  0.0620  0.0500  0.0580  1
 62:   0.1948  0.6364  0.0579  0.0579  0.0529  1
 63:   0.5838  0.1976  0.0828  0.0629  0.0729  1
 64:   0.5756  0.0921  0.1241  0.1051  0.1031  1
 65:   0.8940  0.0500  0.0200  0.0190  0.0170  1
 66:   0.0260  0.8970  0.0270  0.0240  0.0260  1
 67:   0.1968  0.5554  0.0889  0.0809  0.0779  1
 68:   0.2020  0.6370  0.0580  0.0490  0.0540  1
 69:   0.8090  0.0640  0.0410  0.0430  0.0430  1
 70:   0.1712  0.3383  0.1802  0.1602  0.1502  1
 71:   0.0380  0.9371  0.0090  0.0080  0.0080  1
 72:   0.3147  0.5624  0.0450  0.0400  0.0380  1
 73:   0.1120  0.8230  0.0210  0.0220  0.0220  1
 74:   0.0430  0.0190  0.3904  0.2452  0.3023  1
 75:   0.0150  0.0060  0.2420  0.3730  0.3640  1
 76:   0.0100  0.0090  0.3870  0.2770  0.3170  1
 77:   0.0200  0.0080  0.2950  0.3360  0.3410  1
 78:   0.0070  0.0060  0.4114  0.2713  0.3043  1
 79:   0.0160  0.0470  0.3660  0.2690  0.3020  1
 80:   0.0200  0.0170  0.3430  0.2810  0.3390  1
 81:   0.0120  0.0090  0.2580  0.4140  0.3070  1
 82:   0.0840  0.0160  0.3200  0.2880  0.2920  1
 83:   0.0080  0.0080  0.3620  0.2920  0.3300  1
 84:   0.3253  0.0170  0.2543  0.1952  0.2082  1
 85:   0.0170  0.0070  0.2610  0.3540  0.3610  1
 86:   0.0390  0.0320  0.3120  0.2920  0.3250  1
 87:   0.0390  0.0120  0.3080  0.3360  0.3050  1
 88:   0.0190  0.0100  0.3694  0.3053  0.2963  1
 89:   0.0090  0.0080  0.3467  0.3576  0.2787  1
 90:   0.0120  0.0170  0.4126  0.2308  0.3277  1
 91:   0.0270  0.0160  0.2750  0.3640  0.3180  1
 92:   0.1360  0.0650  0.2690  0.2590  0.2710  1
 93:   0.0460  0.0110  0.3217  0.3257  0.2957  1
 94:   0.0410  0.0160  0.3087  0.3197  0.3147  1
 95:   0.0160  0.0120  0.2340  0.3720  0.3660  1
 96:   0.0490  0.0290  0.2720  0.3490  0.3010  1
 97:   0.0090  0.0130  0.2937  0.3317  0.3526  1
 98:   0.0140  0.0090  0.3544  0.3003  0.3223  1
 99:   0.0120  0.0160  0.3556  0.3027  0.3137  1
100:   0.1181  0.0841  0.2342  0.2893  0.2743  1
101:   0.0100  0.0150  0.3463  0.3303  0.2983  1
102:   0.5540  0.4080  0.0130  0.0130  0.0120  1
103:   0.0320  0.9341  0.0120  0.0110  0.0110  1
104:   0.0140  0.9630  0.0080  0.0070  0.0080  1
105:   0.5570  0.4150  0.0090  0.0100  0.0090  1
106:   0.0800  0.7680  0.0540  0.0480  0.0500  1
107:   0.0340  0.9359  0.0110  0.0090  0.0100  1
108:   0.0690  0.9080  0.0080  0.0070  0.0080  1
109:   0.0210  0.8020  0.0680  0.0560  0.0530  1
110:   0.0110  0.9680  0.0070  0.0070  0.0070  1
111:   0.1180  0.8170  0.0210  0.0220  0.0220  1
112:   0.3250  0.6110  0.0210  0.0220  0.0210  1
113:   0.0769  0.8841  0.0130  0.0130  0.0130  1
114:   0.0230  0.9580  0.0070  0.0060  0.0060  1
115:   0.0160  0.9620  0.0080  0.0070  0.0070  1
116:   0.0200  0.9510  0.0100  0.0100  0.0090  1
117:   0.4700  0.4820  0.0180  0.0150  0.0150  1
118:   0.1440  0.8250  0.0110  0.0100  0.0100  1
119:   0.0230  0.9560  0.0070  0.0070  0.0070  1

