  1:   0.0992  0.0918  0.0752  0.7337  1
  2:   0.1172  0.0924  0.6674  0.1230  1
  3:   0.0630  0.2880  0.5438  0.1052  1
  4:   0.0958  0.0608  0.0376  0.8057  1
  5:   0.0358  0.0654  0.0436  0.8552  1
  6:   0.0966  0.3458  0.4504  0.1072  1
  7:   0.1616  0.2385  0.5351  0.0648  1
  8:   0.0846  0.0488  0.0372  0.8293  1
  9:   0.0374  0.5851  0.2967  0.0808  1
 10:   0.0430  0.0834  0.0400  0.8336  1
 11:   0.8278  0.0750  0.0534  0.0438  1
 12:   0.0882  0.0904  0.4534  0.3680  1
 13:   0.4158  0.1660  0.0970  0.3212  1
 14:   0.0814  0.2278  0.1762  0.5145  1
 15:   0.2005  0.4984  0.2205  0.0806  1
 16:   0.4226  0.1204  0.0716  0.3854  1
 17:   0.6791  0.0800  0.1758  0.0650  1
 18:   0.0846  0.0762  0.1464  0.6928  1
 19:   0.1816  0.3584  0.3196  0.1404  1
 20:   0.0946  0.2509  0.1134  0.5411  1
 21:   0.1320  0.1260  0.0670  0.6751  1
 22:   0.1256  0.6571  0.0652  0.1521  1
 23:   0.0744  0.0680  0.8182  0.0394  1
 24:   0.0566  0.4727  0.4195  0.0512  1
 25:   0.7660  0.1068  0.0492  0.0780  1
 26:   0.0600  0.1540  0.6905  0.0954  1
 27:   0.2368  0.2268  0.0438  0.4926  1
 28:   0.3597  0.4601  0.1150  0.0652  1
 29:   0.0516  0.2922  0.4200  0.2362  1
 30:   0.2010  0.5979  0.0950  0.1060  1
 31:   0.5059  0.1974  0.2162  0.0804  1
 32:   0.1432  0.6695  0.1092  0.0782  1
 33:   0.4524  0.2769  0.2031  0.0676  1
 34:   0.3447  0.2818  0.2569  0.1166  1
 35:   0.0400  0.1056  0.1180  0.7364  1
 36:   0.0646  0.5748  0.2901  0.0704  1
 37:   0.6270  0.0973  0.1785  0.0971  1
 38:   0.0502  0.7011  0.2006  0.0480  1
 39:   0.1578  0.2885  0.0696  0.4841  1
 40:   0.7764  0.0692  0.0718  0.0826  1
 41:   0.0604  0.5243  0.2115  0.2039  1
 42:   0.6098  0.1216  0.2155  0.0532  1
 43:   0.0306  0.0454  0.9014  0.0226  1
 44:   0.0774  0.0696  0.8228  0.0302  1
 45:   0.0928  0.0590  0.0488  0.7994  1
 46:   0.1030  0.0780  0.7774  0.0416  1
 47:   0.0796  0.0878  0.0680  0.7646  1
 48:   0.1090  0.4864  0.3308  0.0738  1
 49:   0.0744  0.4398  0.2515  0.2343  1
 50:   0.1138  0.1732  0.0630  0.6499  1
 51:   0.2164  0.3057  0.1380  0.3399  1
 52:   0.7500  0.0912  0.0744  0.0844  1
 53:   0.0790  0.6995  0.0716  0.1498  1
 54:   0.1128  0.1348  0.1712  0.5811  1
 55:   0.5857  0.0938  0.1560  0.1646  1
 56:   0.1429  0.3918  0.4042  0.0610  1
 57:   0.0404  0.1931  0.6919  0.0746  1
 58:   0.0422  0.3111  0.5908  0.0558  1
 59:   0.0592  0.6307  0.2177  0.0924  1
 60:   0.0892  0.4270  0.3383  0.1455  1
 61:   0.8660  0.0508  0.0280  0.0552  1
 62:   0.0508  0.2775  0.6236  0.0480  1
 63:   0.1386  0.1300  0.0464  0.6851  1
 64:   0.1054  0.4805  0.1206  0.2935  1
 65:   0.3031  0.4463  0.1676  0.0830  1
 66:   0.1098  0.2448  0.0786  0.5668  1
 67:   0.1256  0.0928  0.7236  0.0580  1
 68:   0.0632  0.3170  0.5484  0.0714  1
 69:   0.0738  0.0492  0.0206  0.8564  1
 70:   0.0256  0.0980  0.8504  0.0260  1
 71:   0.0580  0.6343  0.1214  0.1862  1
 72:   0.0504  0.3288  0.4678  0.1530  1
 73:   0.1131  0.0426  0.0764  0.7679  1
 74:   0.1222  0.5882  0.0504  0.2392  1
 75:   0.8222  0.0724  0.0376  0.0678  1
 76:   0.0986  0.1858  0.5871  0.1286  1
 77:   0.1000  0.4150  0.2892  0.1958  1
 78:   0.7732  0.0898  0.0832  0.0538  1
 79:   0.7222  0.0712  0.0516  0.1550  1
 80:   0.0526  0.4310  0.4588  0.0576  1
 81:   0.0778  0.4062  0.0520  0.4640  1
 82:   0.2905  0.1938  0.1400  0.3757  1
 83:   0.0616  0.2482  0.5448  0.1454  1
 84:   0.1286  0.2947  0.2629  0.3139  1
 85:   0.0676  0.1114  0.0856  0.7354  1
 86:   0.1338  0.2138  0.4929  0.1596  1
 87:   0.1022  0.4080  0.3244  0.1654  1
 88:   0.1453  0.3724  0.3664  0.1159  1
 89:   0.8519  0.0472  0.0520  0.0488  1
 90:   0.0706  0.0994  0.7722  0.0578  1
 91:   0.5657  0.2585  0.0302  0.1456  1
 92:   0.0480  0.0814  0.7725  0.0980  1
 93:   0.0982  0.6411  0.1479  0.1127  1
 94:   0.0680  0.1836  0.0666  0.6818  1
 95:   0.0678  0.6598  0.1814  0.0910  1
 96:   0.7020  0.1878  0.0474  0.0628  1
 97:   0.0386  0.0426  0.8856  0.0332  1
 98:   0.6346  0.1670  0.0996  0.0988  1
 99:   0.3753  0.3695  0.1818  0.0734  1
100:   0.8390  0.0436  0.0340  0.0834  1
101:   0.0558  0.4678  0.3654  0.1110  1
102:   0.1150  0.7010  0.0390  0.1450  1
103:   0.0978  0.3285  0.4616  0.1120  1
104:   0.8440  0.0458  0.0506  0.0596  1
105:   0.8534  0.0376  0.0454  0.0636  1
106:   0.0432  0.6933  0.0890  0.1746  1
107:   0.0420  0.0920  0.0672  0.7988  1
108:   0.8566  0.0346  0.0254  0.0834  1
109:   0.7784  0.0718  0.0854  0.0644  1
110:   0.2473  0.0990  0.5130  0.1407  1
111:   0.7215  0.1102  0.0624  0.1059  1
112:   0.0996  0.1098  0.0844  0.7061  1
113:   0.2414  0.1080  0.5962  0.0544  1
114:   0.5787  0.0692  0.2941  0.0580  1
115:   0.0504  0.1670  0.0322  0.7504  1
116:   0.0630  0.1712  0.0404  0.7254  1
117:   0.0706  0.2825  0.5897  0.0572  1
118:   0.1234  0.1092  0.0710  0.6965  1
119:   0.6777  0.1782  0.0590  0.0850  1
120:   0.0838  0.5097  0.2424  0.1642  1
121:   0.0672  0.5571  0.3062  0.0694  1
122:   0.1134  0.2863  0.5120  0.0882  1
123:   0.0372  0.0650  0.8558  0.0420  1
124:   0.0698  0.3908  0.4836  0.0558  1
125:   0.0866  0.0754  0.6563  0.1816  1
126:   0.0842  0.4096  0.3022  0.2040  1
127:   0.1696  0.4585  0.2056  0.1664  1
128:   0.6744  0.1124  0.0658  0.1474  1
129:   0.1290  0.2657  0.5105  0.0948  1
130:   0.0572  0.6006  0.1072  0.2349  1
131:   0.1462  0.1012  0.7090  0.0436  1
132:   0.2455  0.5093  0.0586  0.1866  1
133:   0.8669  0.0418  0.0376  0.0538  1
134:   0.0438  0.5581  0.3121  0.0860  1
135:   0.0466  0.7788  0.1026  0.0720  1
136:   0.0856  0.1338  0.1284  0.6522  1
137:   0.1486  0.4933  0.1424  0.2156  1
138:   0.6895  0.1108  0.1244  0.0752  1
139:   0.0838  0.0590  0.0834  0.7738  1
140:   0.0524  0.5251  0.3591  0.0634  1
141:   0.1332  0.5202  0.1426  0.2040  1
142:   0.6224  0.2127  0.0572  0.1078  1
143:   0.1350  0.4656  0.1308  0.2686  1
144:   0.1050  0.6677  0.0600  0.1672  1
145:   0.0742  0.1891  0.6535  0.0832  1
146:   0.0908  0.6287  0.1384  0.1420  1
147:   0.1620  0.1230  0.6074  0.1076  1
148:   0.0938  0.3466  0.4658  0.0938  1
149:   0.6998  0.0912  0.1442  0.0648  1
150:   0.4165  0.4171  0.0730  0.0934  1
151:   0.8442  0.0430  0.0446  0.0682  1
152:   0.0420  0.6077  0.2866  0.0638  1
153:   0.7202  0.0626  0.0340  0.1832  1
154:   0.1380  0.5963  0.1582  0.1076  1
155:   0.0616  0.6619  0.1591  0.1174  1
156:   0.2034  0.4196  0.0790  0.2980  1
157:   0.1222  0.0842  0.6923  0.1012  1
158:   0.2870  0.2968  0.2276  0.1886  1
159:   0.0724  0.1191  0.1254  0.6831  1
160:   0.0774  0.0662  0.0486  0.8078  1
161:   0.1142  0.0632  0.0806  0.7420  1
162:   0.0754  0.5845  0.2620  0.0782  1
163:   0.1502  0.2195  0.5793  0.0510  1
164:   0.0812  0.0512  0.0496  0.8180  1
165:   0.3265  0.2472  0.2949  0.1314  1
166:   0.4929  0.2340  0.1046  0.1686  1
167:   0.4433  0.3533  0.1162  0.0872  1
168:   0.1374  0.4454  0.0958  0.3214  1
169:   0.0618  0.0620  0.0366  0.8396  1
170:   0.0584  0.1598  0.0756  0.7061  1
171:   0.1206  0.1752  0.6513  0.0528  1
172:   0.8188  0.0566  0.0396  0.0850  1
173:   0.7771  0.1088  0.0304  0.0838  1
174:   0.2778  0.2250  0.2808  0.2164  1
175:   0.1089  0.1659  0.6085  0.1167  1
176:   0.0432  0.1527  0.0688  0.7353  1
177:   0.1493  0.2341  0.3954  0.2213  1
178:   0.7240  0.1032  0.0904  0.0824  1
179:   0.5549  0.1490  0.1924  0.1038  1
180:   0.0616  0.3038  0.0476  0.5870  1
181:   0.0978  0.5423  0.1866  0.1734  1
182:   0.6955  0.0662  0.1481  0.0902  1
183:   0.1068  0.0520  0.0420  0.7992  1
184:   0.3176  0.3042  0.2146  0.1636  1
185:   0.1505  0.2428  0.2101  0.3966  1
186:   0.1450  0.2396  0.0912  0.5242  1
187:   0.0546  0.3575  0.5340  0.0538  1
188:   0.0882  0.0426  0.0294  0.8398  1
189:   0.1360  0.2212  0.2925  0.3503  1
190:   0.1638  0.5304  0.0680  0.2378  1
191:   0.7910  0.0728  0.0594  0.0768  1
192:   0.0840  0.0916  0.4143  0.4101  1
193:   0.2524  0.2276  0.1492  0.3708  1
194:   0.0538  0.7121  0.1506  0.0834  1
195:   0.7590  0.1008  0.0858  0.0544  1
196:   0.0476  0.3292  0.0920  0.5312  1
197:   0.1603  0.5562  0.1951  0.0884  1
198:   0.8260  0.0534  0.0540  0.0666  1
199:   0.0794  0.0732  0.7974  0.0500  1
200:   0.8604  0.0498  0.0576  0.0322  1
201:   0.0416  0.1328  0.0318  0.7938  1
202:   0.0922  0.1552  0.6501  0.1026  1
203:   0.0610  0.6170  0.2446  0.0774  1
204:   0.3213  0.2911  0.3037  0.0838  1
205:   0.0318  0.0484  0.8816  0.0382  1
206:   0.0666  0.4067  0.4291  0.0976  1
207:   0.4682  0.3362  0.1178  0.0778  1
208:   0.8699  0.0470  0.0480  0.0350  1
209:   0.6466  0.0915  0.1059  0.1561  1
210:   0.0918  0.4891  0.2687  0.1504  1
211:   0.7476  0.0958  0.0524  0.1042  1
212:   0.8474  0.0468  0.0420  0.0638  1
213:   0.0910  0.3912  0.1532  0.3646  1
214:   0.0330  0.7147  0.1867  0.0656  1
215:   0.6841  0.1800  0.0552  0.0808  1
216:   0.7566  0.1174  0.0496  0.0764  1
217:   0.0506  0.1234  0.6746  0.1514  1
218:   0.0726  0.0766  0.7902  0.0606  1
219:   0.6976  0.1736  0.0290  0.0998  1
220:   0.1634  0.2830  0.4271  0.1266  1
221:   0.0440  0.7336  0.1355  0.0869  1
222:   0.0928  0.5095  0.2446  0.1532  1
223:   0.0836  0.6722  0.1312  0.1130  1
224:   0.2642  0.3028  0.2346  0.1984  1
225:   0.0626  0.0894  0.0506  0.7974  1
226:   0.3139  0.2393  0.1413  0.3055  1
227:   0.0296  0.0628  0.8780  0.0296  1
228:   0.1542  0.1612  0.6239  0.0606  1
229:   0.1838  0.1430  0.1200  0.5531  1
230:   0.4373  0.1594  0.3313  0.0720  1
231:   0.8694  0.0594  0.0274  0.0438  1
232:   0.5108  0.0608  0.3625  0.0660  1
233:   0.7575  0.1160  0.0476  0.0788  1
234:   0.7562  0.0800  0.0866  0.0772  1
235:   0.0482  0.3188  0.0488  0.5842  1
236:   0.0684  0.4420  0.3850  0.1046  1
237:   0.6318  0.1360  0.1290  0.1032  1
238:   0.0420  0.6219  0.2349  0.1012  1
239:   0.0854  0.0550  0.3967  0.4629  1
240:   0.0636  0.5607  0.2012  0.1744  1
241:   0.1442  0.5589  0.0782  0.2188  1
242:   0.1186  0.0838  0.1092  0.6885  1
243:   0.4243  0.2098  0.2979  0.0680  1
244:   0.0538  0.2326  0.6846  0.0290  1
245:   0.6202  0.1220  0.0384  0.2194  1
246:   0.5093  0.1162  0.3087  0.0658  1
247:   0.0802  0.2582  0.0578  0.6038  1
248:   0.0808  0.2061  0.0800  0.6331  1
249:   0.7926  0.1098  0.0506  0.0470  1
250:   0.1329  0.3388  0.0762  0.4521  1
251:   0.8526  0.0326  0.0528  0.0620  1
252:   0.1104  0.5930  0.1616  0.1350  1
253:   0.0336  0.1412  0.7814  0.0438  1
254:   0.0496  0.4258  0.2064  0.3182  1
255:   0.5723  0.1197  0.2516  0.0564  1
256:   0.0592  0.6171  0.2425  0.0812  1
257:   0.3844  0.1740  0.0630  0.3786  1
258:   0.0604  0.0970  0.0364  0.8062  1
259:   0.0764  0.0608  0.0314  0.8314  1
260:   0.1008  0.5265  0.1528  0.2200  1
261:   0.0572  0.0928  0.7832  0.0668  1
262:   0.0664  0.1425  0.7070  0.0840  1
263:   0.0766  0.7067  0.0726  0.1440  1
264:   0.0362  0.1102  0.8110  0.0426  1
265:   0.1070  0.0908  0.3529  0.4494  1
266:   0.0974  0.3585  0.1000  0.4441  1
267:   0.8120  0.0728  0.0412  0.0740  1
268:   0.7654  0.0910  0.0768  0.0668  1
269:   0.1713  0.1433  0.0786  0.6068  1
270:   0.0586  0.1664  0.0382  0.7368  1
271:   0.0918  0.2366  0.6261  0.0456  1
272:   0.0892  0.1434  0.6812  0.0862  1
273:   0.7907  0.0734  0.0588  0.0770  1
274:   0.0500  0.0820  0.0370  0.8310  1
275:   0.5549  0.2052  0.1172  0.1228  1
276:   0.1693  0.4446  0.1018  0.2843  1
277:   0.0574  0.5396  0.2076  0.1954  1
278:   0.5063  0.1974  0.1550  0.1412  1
279:   0.0324  0.2947  0.2741  0.3987  1
280:   0.0972  0.4093  0.2704  0.2232  1
281:   0.8132  0.0612  0.0432  0.0824  1
282:   0.0432  0.4219  0.4353  0.0996  1
283:   0.1842  0.1258  0.5907  0.0992  1
284:   0.3874  0.1877  0.2219  0.2031  1
285:   0.3149  0.1762  0.2917  0.2172  1
286:   0.0736  0.2261  0.2133  0.4870  1
287:   0.0916  0.1986  0.6624  0.0474  1
288:   0.0852  0.5078  0.2425  0.1645  1
289:   0.3304  0.4610  0.1010  0.1076  1
290:   0.0560  0.2074  0.6818  0.0548  1
291:   0.0370  0.4099  0.4887  0.0644  1
292:   0.4846  0.0526  0.4106  0.0522  1
293:   0.6617  0.1516  0.0370  0.1497  1
294:   0.0620  0.5875  0.1562  0.1944  1
295:   0.0650  0.0648  0.7924  0.0778  1
296:   0.0790  0.3168  0.5344  0.0698  1
297:   0.0969  0.1561  0.6944  0.0526  1
298:   0.1154  0.0952  0.0234  0.7659  1
299:   0.0682  0.4423  0.1038  0.3857  1
300:   0.0626  0.1447  0.0290  0.7637  1
301:   0.0758  0.2129  0.3443  0.3671  1
302:   0.0566  0.1028  0.0262  0.8144  1
303:   0.0398  0.6139  0.2439  0.1024  1
304:   0.0726  0.3160  0.0808  0.5306  1
305:   0.2040  0.2978  0.1882  0.3100  1
306:   0.2527  0.5947  0.0606  0.0920  1
307:   0.1104  0.7428  0.0808  0.0660  1
308:   0.1698  0.2701  0.0762  0.4839  1
309:   0.2079  0.4108  0.0841  0.2972  1
310:   0.7390  0.0750  0.0520  0.1340  1
311:   0.6167  0.1254  0.0654  0.1924  1
312:   0.0302  0.0452  0.0186  0.9060  1
313:   0.0478  0.0454  0.8251  0.0818  1
314:   0.1102  0.0904  0.1004  0.6989  1
315:   0.0448  0.0420  0.0282  0.8850  1
316:   0.8220  0.0462  0.0662  0.0656  1
317:   0.7253  0.0978  0.0498  0.1272  1
318:   0.0618  0.1504  0.0816  0.7061  1
319:   0.8752  0.0368  0.0322  0.0558  1
320:   0.0598  0.0606  0.0350  0.8446  1
321:   0.1499  0.1217  0.6262  0.1023  1
322:   0.1706  0.6138  0.0662  0.1494  1
323:   0.0886  0.4712  0.2542  0.1860  1
324:   0.0912  0.0640  0.0510  0.7938  1
325:   0.8348  0.0526  0.0374  0.0752  1
326:   0.1246  0.3565  0.3133  0.2055  1
327:   0.6899  0.0878  0.1486  0.0736  1
328:   0.0542  0.6963  0.0788  0.1706  1
329:   0.0480  0.6624  0.1133  0.1763  1
330:   0.0602  0.4852  0.3356  0.1190  1
331:   0.2971  0.4193  0.1482  0.1354  1
332:   0.0804  0.4644  0.3738  0.0814  1
333:   0.1456  0.1402  0.2142  0.5001  1
334:   0.8268  0.0474  0.0468  0.0790  1
335:   0.6684  0.1306  0.0518  0.1492  1
336:   0.0870  0.4796  0.2937  0.1397  1
337:   0.0942  0.1104  0.1568  0.6385  1
338:   0.0800  0.7672  0.0578  0.0950  1
339:   0.8312  0.0660  0.0540  0.0488  1
340:   0.0878  0.2714  0.5114  0.1294  1
341:   0.0510  0.5032  0.2334  0.2124  1
342:   0.0520  0.0670  0.8478  0.0332  1
343:   0.1480  0.0490  0.0712  0.7318  1
344:   0.1190  0.7035  0.0556  0.1220  1
345:   0.8491  0.0562  0.0486  0.0460  1
346:   0.0700  0.0604  0.0788  0.7908  1
347:   0.3686  0.4660  0.0798  0.0856  1
348:   0.6235  0.1094  0.1568  0.1102  1
349:   0.6272  0.1360  0.1396  0.0972  1
350:   0.5692  0.1396  0.0940  0.1972  1
351:   0.1857  0.5319  0.1427  0.1397  1
352:   0.1160  0.3766  0.4520  0.0554  1
353:   0.7748  0.0624  0.0728  0.0900  1
354:   0.3725  0.1542  0.3683  0.1050  1
355:   0.5690  0.2612  0.1058  0.0640  1
356:   0.0576  0.0482  0.0400  0.8541  1
357:   0.0434  0.0610  0.8516  0.0440  1
358:   0.0968  0.1728  0.0906  0.6398  1
359:   0.0696  0.1174  0.2291  0.5840  1
360:   0.0970  0.1144  0.7259  0.0626  1
361:   0.0398  0.1102  0.0928  0.7572  1
362:   0.0766  0.5932  0.2464  0.0838  1
363:   0.0436  0.8351  0.0750  0.0462  1
364:   0.1318  0.4772  0.2822  0.1088  1
365:   0.3063  0.4675  0.0374  0.1888  1
366:   0.0842  0.1756  0.1734  0.5667  1
367:   0.1674  0.4857  0.0940  0.2530  1
368:   0.2552  0.6066  0.0814  0.0568  1
369:   0.0512  0.1574  0.7348  0.0566  1
370:   0.5580  0.2126  0.0870  0.1424  1
371:   0.0826  0.1342  0.7233  0.0600  1
372:   0.0854  0.1424  0.7242  0.0480  1
373:   0.1110  0.1464  0.2506  0.4920  1
374:   0.1218  0.1292  0.0640  0.6851  1
375:   0.0324  0.0774  0.8596  0.0306  1
376:   0.7323  0.1048  0.0930  0.0700  1
377:   0.0798  0.0728  0.0716  0.7758  1
378:   0.0866  0.0568  0.1040  0.7525  1
379:   0.7830  0.0756  0.0790  0.0624  1
380:   0.2937  0.1896  0.3529  0.1638  1
381:   0.0790  0.3045  0.2310  0.3855  1
382:   0.0764  0.0530  0.8226  0.0480  1
383:   0.0852  0.7424  0.1184  0.0540  1
384:   0.0902  0.1578  0.1434  0.6087  1
385:   0.5854  0.1272  0.0572  0.2302  1
386:   0.1200  0.6363  0.1582  0.0856  1
387:   0.0388  0.6060  0.2930  0.0622  1
388:   0.0698  0.0910  0.5747  0.2645  1
389:   0.5423  0.0998  0.3049  0.0530  1
390:   0.0670  0.1194  0.7626  0.0510  1
391:   0.3059  0.3297  0.2577  0.1068  1
392:   0.0558  0.2598  0.2072  0.4771  1
393:   0.2529  0.2196  0.2733  0.2543  1
394:   0.7510  0.1284  0.0460  0.0746  1
395:   0.0424  0.7575  0.1535  0.0466  1
396:   0.0778  0.0748  0.6171  0.2302  1
397:   0.0456  0.2340  0.5787  0.1416  1
398:   0.0522  0.3144  0.1256  0.5078  1
399:   0.0568  0.2535  0.6325  0.0572  1
400:   0.1384  0.4293  0.3062  0.1260  1
401:   0.0492  0.6834  0.1503  0.1171  1
402:   0.7713  0.0728  0.0800  0.0760  1
403:   0.0702  0.1713  0.0754  0.6831  1
404:   0.2843  0.5141  0.0886  0.1130  1
405:   0.5682  0.1475  0.1246  0.1597  1
406:   0.0604  0.0726  0.8055  0.0614  1
407:   0.1024  0.1380  0.7154  0.0442  1
408:   0.1256  0.3764  0.0494  0.4486  1
409:   0.2730  0.3588  0.2519  0.1163  1
410:   0.0436  0.2738  0.6193  0.0634  1
411:   0.0890  0.3967  0.2480  0.2662  1
412:   0.3002  0.4052  0.1204  0.1742  1
413:   0.5580  0.1587  0.1381  0.1453  1
414:   0.3180  0.2808  0.1920  0.2092  1
415:   0.0866  0.0714  0.0472  0.7947  1
416:   0.8572  0.0510  0.0532  0.0386  1
417:   0.1082  0.3861  0.3909  0.1148  1
418:   0.2877  0.4359  0.1882  0.0882  1
419:   0.1518  0.1382  0.6001  0.1100  1
420:   0.0604  0.4394  0.3203  0.1799  1
421:   0.4448  0.2936  0.1454  0.1162  1
422:   0.3113  0.4029  0.0792  0.2066  1
423:   0.0356  0.8120  0.1192  0.0332  1
424:   0.0694  0.0514  0.0418  0.8374  1
425:   0.0540  0.2319  0.5478  0.1663  1
426:   0.5584  0.1990  0.1268  0.1158  1
427:   0.2116  0.2750  0.4070  0.1064  1
428:   0.0950  0.3453  0.4467  0.1130  1
429:   0.0606  0.6538  0.2302  0.0554  1
430:   0.0348  0.0504  0.0350  0.8798  1
431:   0.0694  0.7542  0.0858  0.0906  1
432:   0.7888  0.0674  0.0578  0.0860  1
433:   0.0750  0.0538  0.8065  0.0646  1
434:   0.4831  0.0824  0.0684  0.3661  1
435:   0.1686  0.5301  0.2015  0.0998  1
436:   0.1904  0.1134  0.6083  0.0878  1
437:   0.0674  0.0680  0.0704  0.7942  1
438:   0.4407  0.1329  0.0580  0.3684  1
439:   0.0716  0.5140  0.3176  0.0968  1
440:   0.0816  0.0722  0.0364  0.8098  1
441:   0.6975  0.1022  0.1551  0.0452  1
442:   0.0772  0.1423  0.5188  0.2617  1
443:   0.0536  0.0894  0.8223  0.0348  1
444:   0.0682  0.5785  0.2084  0.1448  1
445:   0.0624  0.5524  0.3074  0.0778  1
446:   0.8527  0.0630  0.0408  0.0434  1
447:   0.0540  0.4750  0.3612  0.1098  1
448:   0.1026  0.1805  0.0492  0.6677  1
449:   0.0866  0.0574  0.0520  0.8040  1
450:   0.8640  0.0338  0.0558  0.0464  1
451:   0.8318  0.0620  0.0552  0.0510  1
452:   0.0396  0.0542  0.8650  0.0412  1
453:   0.8136  0.0492  0.0538  0.0834  1
454:   0.5700  0.2115  0.1140  0.1045  1
455:   0.1224  0.5097  0.2800  0.0880  1
456:   0.8148  0.0678  0.0624  0.0550  1
457:   0.1103  0.0592  0.1083  0.7222  1
458:   0.0488  0.5085  0.2881  0.1546  1
459:   0.7782  0.0636  0.1038  0.0544  1
460:   0.0480  0.2637  0.6095  0.0788  1
461:   0.1026  0.0540  0.0676  0.7758  1
462:   0.8140  0.0424  0.0714  0.0722  1
463:   0.5357  0.2160  0.0604  0.1878  1
464:   0.0786  0.2467  0.5280  0.1467  1
465:   0.7188  0.1067  0.0396  0.1349  1
466:   0.1166  0.2889  0.5163  0.0782  1
467:   0.0612  0.0576  0.8456  0.0356  1
468:   0.0876  0.6407  0.1731  0.0986  1
469:   0.0280  0.0402  0.9092  0.0226  1
470:   0.3842  0.3085  0.0664  0.2409  1
471:   0.0698  0.4508  0.2301  0.2493  1
472:   0.1354  0.5065  0.1364  0.2218  1
473:   0.0896  0.6459  0.1060  0.1586  1
474:   0.0552  0.5013  0.3771  0.0664  1
475:   0.0302  0.5300  0.1010  0.3388  1
476:   0.7669  0.1261  0.0338  0.0732  1
477:   0.0446  0.6791  0.0702  0.2062  1
478:   0.0708  0.0528  0.0450  0.8314  1
479:   0.0696  0.2452  0.6109  0.0742  1
480:   0.0552  0.0592  0.8228  0.0628  1
481:   0.0944  0.1334  0.1494  0.6229  1
482:   0.1018  0.0914  0.0770  0.7298  1
483:   0.1602  0.3499  0.3439  0.1460  1
484:   0.0392  0.1648  0.7249  0.0712  1
485:   0.0394  0.0958  0.8222  0.0426  1
486:   0.8585  0.0340  0.0714  0.0362  1
487:   0.0824  0.1349  0.7127  0.0700  1
488:   0.0796  0.6249  0.2415  0.0540  1
489:   0.2030  0.5727  0.0600  0.1644  1
490:   0.1866  0.5255  0.1664  0.1214  1
491:   0.0844  0.0900  0.7713  0.0544  1
492:   0.0342  0.0962  0.8256  0.0440  1
