  1:   0.2700  0.3140  0.4160  1
  2:   0.4670  0.3460  0.1870  1
  3:   0.4210  0.3950  0.1840  1
  4:   0.3650  0.3290  0.3060  1
  5:   0.4180  0.4950  0.0870  1
  6:   0.4370  0.3490  0.2140  1
  7:   0.4250  0.4970  0.0780  1
  8:   0.1542  0.1512  0.6947  1
  9:   0.4890  0.4450  0.0660  1
 10:   0.4540  0.4120  0.1340  1
 11:   0.4380  0.4850  0.0770  1
 12:   0.4500  0.4240  0.1260  1
 13:   0.4810  0.4020  0.1170  1
 14:   0.4440  0.3940  0.1620  1
 15:   0.4270  0.3380  0.2350  1
 16:   0.4880  0.3900  0.1220  1
 17:   0.5130  0.3760  0.1110  1
 18:   0.2860  0.2530  0.4610  1
 19:   0.3213  0.4034  0.2753  1
 20:   0.4625  0.4565  0.0809  1
 21:   0.5020  0.3680  0.1300  1
 22:   0.5080  0.4270  0.0650  1
 23:   0.4060  0.3320  0.2620  1
 24:   0.4700  0.3680  0.1620  1
 25:   0.4470  0.4380  0.1150  1
 26:   0.4116  0.4635  0.1249  1
 27:   0.3940  0.4360  0.1700  1
 28:   0.5035  0.3696  0.1269  1
 29:   0.5834  0.3506  0.0659  1
 30:   0.4885  0.3866  0.1249  1
 31:   0.3650  0.3860  0.2490  1
 32:   0.5050  0.3970  0.0980  1
 33:   0.4560  0.3410  0.2030  1
 34:   0.3970  0.3930  0.2100  1
 35:   0.4140  0.4230  0.1630  1
 36:   0.5370  0.3950  0.0680  1
 37:   0.3884  0.5245  0.0871  1
 38:   0.4750  0.4540  0.0710  1
 39:   0.4600  0.3770  0.1630  1
 40:   0.2430  0.2240  0.5330  1
 41:   0.4640  0.4220  0.1140  1
 42:   0.5000  0.4230  0.0770  1
 43:   0.3340  0.4580  0.2080  1
 44:   0.4740  0.3950  0.1310  1
 45:   0.5640  0.3660  0.0700  1
 46:   0.5290  0.3580  0.1130  1
 47:   0.4320  0.3810  0.1870  1
 48:   0.3220  0.2840  0.3940  1
 49:   0.4880  0.3920  0.1200  1
 50:   0.5790  0.3640  0.0570  1
 51:   0.4605  0.3427  0.1968  1
 52:   0.4620  0.4470  0.0910  1
 53:   0.4870  0.3980  0.1150  1
 54:   0.3580  0.3670  0.2750  1
 55:   0.2400  0.1950  0.5650  1
 56:   0.4210  0.4440  0.1350  1
 57:   0.5584  0.3936  0.0480  1
 58:   0.4940  0.3890  0.1170  1
 59:   0.5636  0.3824  0.0541  1
 60:   0.5090  0.4100  0.0810  1
 61:   0.3200  0.2420  0.4380  1
 62:   0.5730  0.3750  0.0520  1
 63:   0.4610  0.3690  0.1700  1
 64:   0.5080  0.3870  0.1050  1
 65:   0.3770  0.4690  0.1540  1
 66:   0.4560  0.4140  0.1300  1
 67:   0.5200  0.4050  0.0750  1
 68:   0.5020  0.4150  0.0830  1
 69:   0.4200  0.3900  0.1900  1
 70:   0.3467  0.3397  0.3137  1
 71:   0.3213  0.2553  0.4234  1
 72:   0.5650  0.3640  0.0710  1
 73:   0.3440  0.3510  0.3050  1
 74:   0.3876  0.3916  0.2208  1
 75:   0.4665  0.4176  0.1159  1
 76:   0.3450  0.3270  0.3280  1
 77:   0.3423  0.3403  0.3173  1
 78:   0.3317  0.4266  0.2418  1
 79:   0.4270  0.5060  0.0670  1
 80:   0.3570  0.3240  0.3190  1
 81:   0.2720  0.3110  0.4170  1
 82:   0.4100  0.3720  0.2180  1
 83:   0.3570  0.3660  0.2770  1
 84:   0.3930  0.3610  0.2460  1
 85:   0.4945  0.3556  0.1499  1
 86:   0.2720  0.2660  0.4620  1
 87:   0.4665  0.4356  0.0979  1
 88:   0.4705  0.3477  0.1818  1
 89:   0.3844  0.4064  0.2092  1
 90:   0.2530  0.2340  0.5130  1
 91:   0.3850  0.3550  0.2600  1
 92:   0.4870  0.3260  0.1870  1
 93:   0.4655  0.3594  0.1752  1
 94:   0.2240  0.2120  0.5640  1
 95:   0.5195  0.3564  0.1241  1
 96:   0.4300  0.3610  0.2090  1
 97:   0.4446  0.4585  0.0969  1
 98:   0.4855  0.4006  0.1139  1
 99:   0.4486  0.4336  0.1179  1
100:   0.3620  0.4630  0.1750  1
101:   0.3163  0.3784  0.3053  1
102:   0.5550  0.3590  0.0860  1
103:   0.1938  0.2168  0.5894  1
104:   0.4454  0.4144  0.1401  1
105:   0.4320  0.3890  0.1790  1
106:   0.3790  0.4260  0.1950  1
107:   0.3880  0.4180  0.1940  1
108:   0.4715  0.3616  0.1668  1
109:   0.3754  0.4454  0.1792  1
110:   0.3830  0.4820  0.1350  1
111:   0.4190  0.3660  0.2150  1
112:   0.3740  0.3880  0.2380  1
113:   0.5140  0.4000  0.0860  1
114:   0.3600  0.3500  0.2900  1
115:   0.3846  0.4246  0.1908  1
116:   0.4790  0.4110  0.1100  1
117:   0.3970  0.4040  0.1990  1
118:   0.3760  0.3920  0.2320  1
119:   0.3380  0.4530  0.2090  1
120:   0.2360  0.2210  0.5430  1
121:   0.3280  0.4660  0.2060  1
122:   0.4160  0.4100  0.1740  1
123:   0.4870  0.4150  0.0980  1
124:   0.4955  0.4014  0.1031  1
125:   0.2840  0.3490  0.3670  1
126:   0.5390  0.3660  0.0950  1
127:   0.4370  0.3930  0.1700  1
128:   0.3994  0.4985  0.1021  1
129:   0.1972  0.2472  0.5556  1
130:   0.2987  0.4266  0.2747  1
131:   0.4620  0.3760  0.1620  1
132:   0.4290  0.4480  0.1230  1
133:   0.3654  0.5445  0.0901  1
134:   0.4140  0.4120  0.1740  1
135:   0.1181  0.1471  0.7347  1
136:   0.4336  0.3716  0.1948  1
137:   0.2100  0.3070  0.4830  1
138:   0.4770  0.4080  0.1150  1
139:   0.3560  0.4190  0.2250  1
140:   0.3760  0.4160  0.2080  1
141:   0.2990  0.3890  0.3120  1
142:   0.3220  0.3290  0.3490  1
143:   0.3684  0.4184  0.2132  1
144:   0.5370  0.3610  0.1020  1
145:   0.5400  0.3850  0.0750  1
146:   0.3400  0.3350  0.3250  1
147:   0.5160  0.3830  0.1010  1
148:   0.3980  0.4840  0.1180  1
149:   0.3080  0.3910  0.3010  1
150:   0.2560  0.2940  0.4500  1
151:   0.3830  0.3630  0.2540  1
152:   0.3600  0.4140  0.2260  1
153:   0.3544  0.4434  0.2022  1
154:   0.4170  0.4860  0.0970  1
155:   0.3696  0.3986  0.2318  1
156:   0.4090  0.4170  0.1740  1
157:   0.4270  0.4250  0.1480  1
158:   0.2597  0.2717  0.4685  1
159:   0.5040  0.3430  0.1530  1
160:   0.4600  0.4030  0.1370  1
161:   0.2600  0.2690  0.4710  1
162:   0.3770  0.5010  0.1220  1
163:   0.3550  0.3670  0.2780  1
164:   0.4280  0.3670  0.2050  1
165:   0.4510  0.4250  0.1240  1
166:   0.3730  0.3590  0.2680  1
167:   0.4885  0.3716  0.1399  1
168:   0.3050  0.2680  0.4270  1
169:   0.3770  0.4230  0.2000  1
170:   0.4930  0.4130  0.0940  1
171:   0.4700  0.3850  0.1450  1
172:   0.5020  0.3730  0.1250  1
173:   0.3720  0.3920  0.2360  1
174:   0.4590  0.3560  0.1850  1
175:   0.4200  0.4300  0.1500  1
176:   0.3470  0.3250  0.3280  1
177:   0.3586  0.2957  0.3457  1
178:   0.4050  0.4360  0.1590  1
179:   0.4370  0.4040  0.1590  1
180:   0.4210  0.5340  0.0450  1
181:   0.3560  0.3410  0.3030  1
182:   0.2040  0.2030  0.5930  1
183:   0.2763  0.3113  0.4124  1
184:   0.3100  0.3820  0.3080  1
185:   0.3660  0.3510  0.2830  1
186:   0.3530  0.4900  0.1570  1
187:   0.3684  0.5115  0.1201  1
188:   0.3870  0.4650  0.1480  1
189:   0.4470  0.4170  0.1360  1
190:   0.3290  0.4310  0.2400  1
191:   0.5130  0.3710  0.1160  1
192:   0.1090  0.1220  0.7690  1
193:   0.1400  0.1550  0.7050  1
194:   0.2723  0.2973  0.4304  1
195:   0.2973  0.4474  0.2553  1
196:   0.4190  0.4790  0.1020  1
197:   0.3890  0.3070  0.3040  1
198:   0.4755  0.3796  0.1449  1
199:   0.3716  0.3217  0.3067  1
200:   0.3330  0.3410  0.3260  1
201:   0.3100  0.2490  0.4410  1
202:   0.5400  0.4110  0.0490  1
203:   0.2833  0.4034  0.3133  1
204:   0.3680  0.5480  0.0840  1
205:   0.4620  0.4470  0.0910  1
206:   0.4820  0.3870  0.1310  1
207:   0.3610  0.5020  0.1370  1
208:   0.4380  0.4830  0.0790  1
209:   0.2330  0.2470  0.5200  1
210:   0.3954  0.5025  0.1021  1
211:   0.4036  0.4376  0.1588  1
212:   0.3260  0.2980  0.3760  1
213:   0.3300  0.4460  0.2240  1
214:   0.3350  0.4600  0.2050  1
215:   0.3310  0.4130  0.2560  1
216:   0.4196  0.4106  0.1698  1
217:   0.3320  0.5060  0.1620  1
218:   0.3460  0.5500  0.1040  1
219:   0.4610  0.4540  0.0850  1
220:   0.3067  0.2907  0.4026  1
221:   0.4450  0.3590  0.1960  1
222:   0.3390  0.3410  0.3200  1
223:   0.1950  0.2280  0.5770  1
224:   0.4630  0.3510  0.1860  1
225:   0.4940  0.3880  0.1180  1
226:   0.4830  0.4110  0.1060  1
227:   0.2760  0.3230  0.4010  1
228:   0.3780  0.3860  0.2360  1
229:   0.4430  0.4640  0.0930  1
230:   0.3360  0.4630  0.2010  1
231:   0.5090  0.4160  0.0750  1
232:   0.4280  0.4470  0.1250  1
233:   0.4510  0.3450  0.2040  1
234:   0.3910  0.4990  0.1100  1
235:   0.5100  0.4070  0.0830  1
236:   0.4420  0.4510  0.1070  1
237:   0.4820  0.3910  0.1270  1
238:   0.3490  0.3440  0.3070  1
239:   0.5784  0.3816  0.0400  1
240:   0.2320  0.2800  0.4880  1
241:   0.4190  0.4730  0.1080  1
242:   0.3860  0.3700  0.2440  1
243:   0.5110  0.3810  0.1080  1
244:   0.3810  0.4340  0.1850  1
245:   0.4955  0.4114  0.0931  1
246:   0.5420  0.4050  0.0530  1
247:   0.3490  0.3810  0.2700  1
248:   0.3970  0.3360  0.2670  1
249:   0.2480  0.2530  0.4990  1
250:   0.3800  0.4730  0.1470  1
251:   0.3250  0.5210  0.1540  1
252:   0.4510  0.4860  0.0630  1
253:   0.2260  0.2190  0.5550  1
254:   0.0890  0.1010  0.8100  1
255:   0.4190  0.3310  0.2500  1
256:   0.3400  0.5090  0.1510  1
257:   0.3220  0.3080  0.3700  1
258:   0.4815  0.3516  0.1668  1
259:   0.4170  0.4320  0.1510  1
260:   0.4660  0.4810  0.0530  1
261:   0.3856  0.4925  0.1219  1
262:   0.3740  0.5130  0.1130  1
263:   0.3756  0.3566  0.2677  1
264:   0.5180  0.3830  0.0990  1
265:   0.2920  0.2950  0.4130  1
266:   0.5120  0.3540  0.1340  1
267:   0.4086  0.4396  0.1518  1
268:   0.3560  0.4920  0.1520  1
269:   0.3930  0.4000  0.2070  1
270:   0.1560  0.2190  0.6250  1
271:   0.3584  0.4505  0.1912  1
272:   0.4470  0.4190  0.1340  1
273:   0.4550  0.4700  0.0750  1
274:   0.5630  0.3700  0.0670  1
275:   0.3840  0.4330  0.1830  1
276:   0.4110  0.4360  0.1530  1
277:   0.3240  0.4200  0.2560  1
278:   0.3220  0.3830  0.2950  1
279:   0.4216  0.5265  0.0519  1
280:   0.5220  0.3730  0.1050  1
281:   0.2550  0.2830  0.4620  1
282:   0.5160  0.3700  0.1140  1
283:   0.4474  0.4805  0.0721  1
284:   0.3590  0.5420  0.0990  1
285:   0.4550  0.3610  0.1840  1
286:   0.2420  0.2550  0.5030  1
287:   0.4970  0.3670  0.1360  1
288:   0.4380  0.4560  0.1060  1
289:   0.3590  0.4710  0.1700  1
290:   0.4326  0.4635  0.1039  1
291:   0.3243  0.4815  0.1942  1
292:   0.3120  0.4170  0.2710  1
293:   0.3600  0.5440  0.0960  1
294:   0.4164  0.4444  0.1391  1
295:   0.3560  0.4630  0.1810  1
296:   0.2603  0.2703  0.4695  1
297:   0.4316  0.4036  0.1648  1
298:   0.4980  0.4340  0.0680  1
299:   0.3670  0.4230  0.2100  1
300:   0.3227  0.3157  0.3616  1
301:   0.2450  0.2690  0.4860  1
302:   0.4100  0.3940  0.1960  1
303:   0.4635  0.3704  0.1662  1
304:   0.4990  0.3620  0.1390  1
305:   0.4810  0.3940  0.1250  1
306:   0.3300  0.3470  0.3230  1
307:   0.4750  0.4400  0.0850  1
308:   0.4625  0.3656  0.1718  1
309:   0.4460  0.3900  0.1640  1
310:   0.3050  0.4550  0.2400  1
311:   0.4730  0.4080  0.1190  1
312:   0.4180  0.3990  0.1830  1
313:   0.4820  0.4160  0.1020  1
314:   0.5010  0.3810  0.1180  1
315:   0.3810  0.5240  0.0950  1
316:   0.2270  0.2170  0.5560  1
317:   0.4300  0.4240  0.1460  1
318:   0.4020  0.4780  0.1200  1
319:   0.4290  0.4260  0.1450  1
320:   0.4650  0.3920  0.1430  1
321:   0.1900  0.1970  0.6130  1
322:   0.4240  0.3810  0.1950  1
323:   0.4770  0.3490  0.1740  1
324:   0.3800  0.4210  0.1990  1
325:   0.4960  0.4150  0.0890  1
326:   0.4040  0.4990  0.0970  1
327:   0.2210  0.3180  0.4610  1
328:   0.4290  0.5210  0.0500  1
329:   0.3844  0.4905  0.1251  1
330:   0.3510  0.3430  0.3060  1
331:   0.4450  0.3610  0.1940  1
332:   0.4060  0.5180  0.0760  1
333:   0.4340  0.4560  0.1100  1
334:   0.3934  0.4404  0.1662  1
335:   0.2250  0.2600  0.5150  1
336:   0.3760  0.3350  0.2890  1
337:   0.3840  0.5420  0.0740  1
338:   0.4446  0.4665  0.0889  1
339:   0.3250  0.4580  0.2170  1
340:   0.2050  0.2050  0.5900  1
341:   0.3280  0.3630  0.3090  1
342:   0.4230  0.4560  0.1210  1
343:   0.3730  0.5090  0.1180  1
344:   0.3664  0.4374  0.1962  1
345:   0.4230  0.4680  0.1090  1
346:   0.4316  0.4446  0.1239  1
347:   0.3490  0.4890  0.1620  1
348:   0.4300  0.3750  0.1950  1
349:   0.3930  0.3640  0.2430  1
350:   0.2980  0.2940  0.4080  1
351:   0.3640  0.4310  0.2050  1
352:   0.4695  0.4585  0.0721  1
353:   0.0991  0.1231  0.7778  1
354:   0.4830  0.4110  0.1060  1
355:   0.3790  0.5210  0.1000  1
356:   0.3620  0.4220  0.2160  1
357:   0.3100  0.4670  0.2230  1
358:   0.3790  0.4970  0.1240  1
359:   0.3370  0.3420  0.3210  1
360:   0.3110  0.4160  0.2730  1
361:   0.4150  0.4400  0.1450  1
362:   0.2110  0.2690  0.5200  1
363:   0.2800  0.2970  0.4230  1
364:   0.3317  0.3826  0.2857  1
365:   0.2350  0.2220  0.5430  1
366:   0.3986  0.3536  0.2478  1
367:   0.1129  0.1129  0.7742  1
368:   0.3970  0.4780  0.1250  1
369:   0.4595  0.4324  0.1081  1
370:   0.3123  0.4414  0.2462  1
371:   0.3590  0.3070  0.3340  1
372:   0.4840  0.3700  0.1460  1
373:   0.2910  0.3560  0.3530  1
374:   0.3570  0.4580  0.1850  1
375:   0.3550  0.3670  0.2780  1
376:   0.2670  0.3850  0.3480  1
377:   0.3524  0.5005  0.1471  1
378:   0.4300  0.4520  0.1180  1
379:   0.3710  0.3960  0.2330  1
380:   0.2840  0.4720  0.2440  1
381:   0.4380  0.4170  0.1450  1
382:   0.4740  0.4210  0.1050  1
383:   0.4290  0.3880  0.1830  1
384:   0.5355  0.4016  0.0629  1
385:   0.3353  0.3183  0.3463  1
386:   0.4540  0.4260  0.1200  1
387:   0.2780  0.3450  0.3770  1
388:   0.1130  0.1640  0.7230  1
389:   0.1520  0.2070  0.6410  1
390:   0.4340  0.4330  0.1330  1
391:   0.4140  0.4040  0.1820  1
392:   0.3120  0.3820  0.3060  1
393:   0.4180  0.4810  0.1010  1
394:   0.2957  0.4545  0.2498  1
395:   0.3270  0.3550  0.3180  1
396:   0.3450  0.5130  0.1420  1
397:   0.1990  0.2540  0.5470  1
398:   0.4800  0.4470  0.0730  1
399:   0.4390  0.4980  0.0630  1
400:   0.3660  0.3850  0.2490  1
401:   0.2448  0.3596  0.3956  1
402:   0.3900  0.3990  0.2110  1
403:   0.2352  0.3043  0.4605  1
404:   0.4505  0.3956  0.1538  1
405:   0.3780  0.5080  0.1140  1
406:   0.1330  0.1510  0.7160  1
407:   0.2252  0.2252  0.5495  1
408:   0.4850  0.4410  0.0740  1
409:   0.3874  0.4124  0.2002  1
410:   0.2560  0.2670  0.4770  1
411:   0.4454  0.4454  0.1091  1
412:   0.3280  0.4940  0.1780  1
413:   0.5115  0.4196  0.0689  1
414:   0.2600  0.3400  0.4000  1
415:   0.3830  0.4190  0.1980  1
416:   0.4260  0.4750  0.0990  1
417:   0.2910  0.3600  0.3490  1
418:   0.4890  0.4280  0.0830  1
419:   0.3580  0.3670  0.2750  1
420:   0.1770  0.1920  0.6310  1
421:   0.4340  0.4160  0.1500  1
422:   0.5170  0.4070  0.0760  1
423:   0.3536  0.5395  0.1069  1
424:   0.2910  0.2520  0.4570  1
425:   0.2907  0.2857  0.4236  1
426:   0.4134  0.3724  0.2142  1
427:   0.4510  0.4610  0.0880  1
428:   0.3493  0.4765  0.1742  1
429:   0.1840  0.1840  0.6320  1
430:   0.4340  0.4030  0.1630  1
431:   0.4530  0.4390  0.1080  1
432:   0.4056  0.5145  0.0799  1
433:   0.4244  0.5075  0.0681  1
434:   0.3670  0.5030  0.1300  1
435:   0.3780  0.3640  0.2580  1
436:   0.3770  0.4690  0.1540  1
437:   0.4420  0.4470  0.1110  1
438:   0.4130  0.4290  0.1580  1
439:   0.2980  0.4490  0.2530  1
440:   0.5730  0.3580  0.0690  1
441:   0.2807  0.3457  0.3736  1
442:   0.2240  0.3010  0.4750  1
443:   0.4246  0.4785  0.0969  1
444:   0.4835  0.4565  0.0599  1
445:   0.4160  0.4340  0.1500  1
446:   0.4545  0.3926  0.1528  1
447:   0.2470  0.2470  0.5060  1
448:   0.3960  0.4380  0.1660  1
449:   0.5510  0.3580  0.0910  1
450:   0.2830  0.2250  0.4920  1
451:   0.2100  0.2150  0.5750  1
452:   0.5190  0.3920  0.0890  1
453:   0.3596  0.3886  0.2517  1
454:   0.3850  0.4150  0.2000  1
455:   0.4845  0.3736  0.1419  1
456:   0.3910  0.3880  0.2210  1
457:   0.4800  0.4470  0.0730  1
458:   0.4860  0.3930  0.1210  1
459:   0.2810  0.2470  0.4720  1
460:   0.1471  0.1552  0.6977  1
461:   0.4200  0.3560  0.2240  1
462:   0.4440  0.4390  0.1170  1
463:   0.5395  0.3736  0.0869  1
464:   0.4294  0.4665  0.1041  1
465:   0.3734  0.3674  0.2593  1
466:   0.2452  0.2192  0.5355  1
467:   0.4114  0.4845  0.1041  1
468:   0.4695  0.3844  0.1461  1
469:   0.4176  0.5165  0.0659  1
470:   0.3223  0.2763  0.4014  1
471:   0.2957  0.3077  0.3966  1
472:   0.4020  0.3840  0.2140  1
473:   0.4190  0.4830  0.0980  1
474:   0.3956  0.4266  0.1778  1
475:   0.4860  0.4600  0.0540  1
476:   0.2120  0.2080  0.5800  1
477:   0.3310  0.3790  0.2900  1
478:   0.4220  0.3520  0.2260  1
479:   0.3790  0.3900  0.2310  1
480:   0.3170  0.3270  0.3560  1
481:   0.3280  0.3080  0.3640  1
482:   0.2950  0.2420  0.4630  1
483:   0.4344  0.4735  0.0921  1
484:   0.3040  0.3710  0.3250  1
485:   0.3180  0.2350  0.4470  1
486:   0.3210  0.3780  0.3010  1
487:   0.3850  0.4020  0.2130  1
488:   0.2720  0.2840  0.4440  1
489:   0.4870  0.3870  0.1260  1
490:   0.2950  0.4620  0.2430  1
491:   0.3920  0.3690  0.2390  1
492:   0.2750  0.2910  0.4340  1
493:   0.5110  0.4110  0.0780  1
494:   0.3840  0.5030  0.1130  1
495:   0.3490  0.4020  0.2490  1
496:   0.3110  0.3420  0.3470  1
497:   0.4390  0.4090  0.1520  1
498:   0.5640  0.3500  0.0860  1
499:   0.2310  0.2250  0.5440  1
500:   0.4900  0.4080  0.1020  1
501:   0.3360  0.3100  0.3540  1
502:   0.4310  0.4460  0.1230  1
503:   0.4770  0.4150  0.1080  1
504:   0.5710  0.3850  0.0440  1
505:   0.1400  0.1530  0.7070  1
506:   0.1730  0.2120  0.6150  1
507:   0.2830  0.3050  0.4120  1
508:   0.4885  0.3776  0.1339  1
509:   0.2060  0.1760  0.6180  1
510:   0.3846  0.4086  0.2068  1
511:   0.3750  0.4830  0.1420  1
512:   0.2490  0.3090  0.4420  1
513:   0.4510  0.3880  0.1610  1
514:   0.2790  0.2410  0.4800  1
515:   0.3220  0.3900  0.2880  1
516:   0.2500  0.2720  0.4780  1
517:   0.4560  0.4340  0.1100  1
518:   0.3410  0.4000  0.2590  1
519:   0.4530  0.4890  0.0580  1
520:   0.4346  0.3417  0.2238  1
521:   0.3630  0.4590  0.1780  1
522:   0.1950  0.1830  0.6220  1
523:   0.5190  0.3950  0.0860  1
524:   0.3480  0.3910  0.2610  1
525:   0.2470  0.2930  0.4600  1
526:   0.5100  0.4120  0.0780  1
527:   0.2490  0.1890  0.5620  1
528:   0.2940  0.2500  0.4560  1
529:   0.3776  0.4436  0.1788  1
530:   0.3200  0.2580  0.4220  1
531:   0.4054  0.3544  0.2402  1
532:   0.4250  0.3910  0.1840  1
533:   0.4060  0.4460  0.1480  1
534:   0.4910  0.3300  0.1790  1
535:   0.4156  0.3077  0.2767  1
536:   0.3680  0.3250  0.3070  1
537:   0.2880  0.3790  0.3330  1
538:   0.1260  0.1370  0.7370  1
539:   0.3330  0.2500  0.4170  1
540:   0.4735  0.3916  0.1349  1
541:   0.5225  0.3916  0.0859  1
542:   0.4150  0.4840  0.1010  1
543:   0.5360  0.3940  0.0700  1
544:   0.3990  0.4580  0.1430  1
545:   0.4470  0.3850  0.1680  1
546:   0.5320  0.4110  0.0570  1
547:   0.3900  0.4080  0.2020  1
548:   0.5175  0.4044  0.0781  1
549:   0.4200  0.4650  0.1150  1
550:   0.4940  0.4380  0.0680  1
551:   0.5230  0.3710  0.1060  1
552:   0.3980  0.4260  0.1760  1
553:   0.4380  0.3790  0.1830  1
554:   0.4184  0.4825  0.0991  1
555:   0.3500  0.3930  0.2570  1
556:   0.4110  0.3600  0.2290  1
557:   0.3110  0.3660  0.3230  1
558:   0.2440  0.3560  0.4000  1
559:   0.0760  0.0810  0.8430  1
560:   0.3774  0.3133  0.3093  1
561:   0.0990  0.1370  0.7640  1
562:   0.2482  0.2432  0.5085  1
563:   0.0771  0.0901  0.8328  1
564:   0.1930  0.2240  0.5830  1
565:   0.0840  0.0850  0.8310  1
566:   0.2510  0.2240  0.5250  1
567:   0.2110  0.1810  0.6080  1
568:   0.4010  0.3890  0.2100  1
569:   0.1750  0.1830  0.6420  1
570:   0.2877  0.2897  0.4226  1
571:   0.1680  0.2070  0.6250  1
572:   0.1470  0.1600  0.6930  1
573:   0.0910  0.0810  0.8280  1
574:   0.2130  0.2630  0.5240  1
575:   0.1600  0.1790  0.6610  1
576:   0.1760  0.1790  0.6450  1
577:   0.1110  0.1060  0.7830  1
578:   0.1728  0.1638  0.6633  1
579:   0.1429  0.1499  0.7073  1
580:   0.0820  0.0880  0.8300  1
581:   0.2380  0.1870  0.5750  1
582:   0.1140  0.1110  0.7750  1
583:   0.0700  0.0790  0.8510  1
584:   0.0950  0.1100  0.7950  1
585:   0.0949  0.0879  0.8172  1
586:   0.1832  0.2362  0.5806  1
587:   0.2430  0.2890  0.4680  1
588:   0.2673  0.2232  0.5095  1
589:   0.2330  0.2860  0.4810  1
590:   0.0680  0.0680  0.8640  1
591:   0.1670  0.1640  0.6690  1
592:   0.1270  0.1370  0.7360  1
593:   0.1672  0.1822  0.6507  1
594:   0.0660  0.0650  0.8690  1
595:   0.0770  0.0900  0.8330  1
596:   0.1390  0.1300  0.7310  1
597:   0.1139  0.1059  0.7802  1
598:   0.0490  0.0510  0.9000  1
599:   0.1010  0.1140  0.7850  1
600:   0.3227  0.4066  0.2707  1
601:   0.1130  0.1450  0.7420  1
602:   0.0490  0.0501  0.9009  1
603:   0.1490  0.1670  0.6840  1
604:   0.0980  0.1170  0.7850  1
605:   0.0891  0.0891  0.8218  1
606:   0.2410  0.2800  0.4790  1
607:   0.2422  0.2583  0.4995  1
608:   0.0950  0.1060  0.7990  1
609:   0.2170  0.2580  0.5250  1
610:   0.0741  0.0771  0.8488  1
611:   0.2170  0.2450  0.5380  1
612:   0.0640  0.0680  0.8680  1
613:   0.2440  0.2430  0.5130  1
614:   0.1130  0.1170  0.7700  1
615:   0.1440  0.1900  0.6660  1
616:   0.1140  0.1330  0.7530  1
617:   0.1942  0.1642  0.6416  1
618:   0.0810  0.0820  0.8370  1
619:   0.0650  0.0630  0.8720  1
620:   0.0490  0.0530  0.8980  1
621:   0.1000  0.1160  0.7840  1
622:   0.0900  0.0950  0.8150  1
623:   0.0810  0.0820  0.8370  1
624:   0.1140  0.1090  0.7770  1
625:   0.0841  0.0901  0.8258  1
626:   0.0490  0.0490  0.9020  1
627:   0.0600  0.0780  0.8620  1
628:   0.0639  0.0559  0.8801  1
629:   0.0640  0.0680  0.8680  1
630:   0.0930  0.0990  0.8080  1
631:   0.0599  0.0619  0.8781  1
632:   0.1570  0.2350  0.6080  1
633:   0.0570  0.0610  0.8820  1
634:   0.1912  0.1892  0.6196  1
635:   0.1590  0.1740  0.6670  1
636:   0.0950  0.1230  0.7820  1
637:   0.0531  0.0531  0.8939  1
638:   0.1471  0.1592  0.6937  1
639:   0.0600  0.0760  0.8640  1
640:   0.0790  0.0900  0.8310  1
641:   0.0740  0.0880  0.8380  1
642:   0.1080  0.1010  0.7910  1
643:   0.0760  0.0740  0.8500  1
644:   0.1080  0.1230  0.7690  1
645:   0.1009  0.1259  0.7732  1
646:   0.0990  0.0930  0.8080  1
647:   0.3020  0.2880  0.4100  1
648:   0.1658  0.2138  0.6204  1
649:   0.0760  0.0700  0.8540  1
650:   0.1540  0.1920  0.6540  1
651:   0.0830  0.1050  0.8120  1
652:   0.1110  0.1300  0.7590  1
653:   0.1300  0.1340  0.7360  1
654:   0.0760  0.0860  0.8380  1
655:   0.0870  0.0770  0.8360  1
656:   0.0470  0.0470  0.9060  1
657:   0.0560  0.0620  0.8820  1
658:   0.0900  0.1100  0.8000  1
659:   0.1910  0.2020  0.6070  1
660:   0.0500  0.0560  0.8940  1
661:   0.2520  0.2420  0.5060  1
662:   0.0580  0.0570  0.8850  1
663:   0.1161  0.1371  0.7467  1
664:   0.1260  0.1090  0.7650  1
665:   0.0610  0.0740  0.8650  1
666:   0.0610  0.0660  0.8730  1
667:   0.1021  0.1161  0.7818  1
668:   0.0890  0.1230  0.7880  1

  1:   0.2900  0.2960  0.4140  1
  2:   0.4150  0.3920  0.1930  1
  3:   0.3980  0.4170  0.1850  1
  4:   0.3540  0.3340  0.3120  1
  5:   0.4250  0.4840  0.0910  1
  6:   0.4030  0.3770  0.2200  1
  7:   0.4200  0.4970  0.0830  1
  8:   0.1570  0.1590  0.6840  1
  9:   0.4765  0.4545  0.0689  1
 10:   0.4074  0.4515  0.1411  1
 11:   0.4650  0.4540  0.0810  1
 12:   0.4344  0.4274  0.1381  1
 13:   0.4595  0.4216  0.1189  1
 14:   0.4010  0.4240  0.1750  1
 15:   0.3820  0.3800  0.2380  1
 16:   0.4164  0.4595  0.1241  1
 17:   0.4510  0.4290  0.1200  1
 18:   0.2777  0.2647  0.4575  1
 19:   0.3230  0.3900  0.2870  1
 20:   0.4420  0.4750  0.0830  1
 21:   0.4330  0.4280  0.1390  1
 22:   0.5025  0.4314  0.0661  1
 23:   0.3740  0.3560  0.2700  1
 24:   0.4340  0.3970  0.1690  1
 25:   0.4560  0.4200  0.1240  1
 26:   0.4244  0.4444  0.1311  1
 27:   0.3846  0.4356  0.1798  1
 28:   0.4560  0.4140  0.1300  1
 29:   0.4920  0.4400  0.0680  1
 30:   0.4170  0.4480  0.1350  1
 31:   0.3840  0.3540  0.2620  1
 32:   0.4650  0.4350  0.1000  1
 33:   0.4016  0.3876  0.2108  1
 34:   0.4090  0.3770  0.2140  1
 35:   0.4100  0.4220  0.1680  1
 36:   0.4720  0.4540  0.0740  1
 37:   0.4146  0.4925  0.0929  1
 38:   0.4615  0.4625  0.0761  1
 39:   0.4220  0.4100  0.1680  1
 40:   0.2420  0.2310  0.5270  1
 41:   0.4010  0.4790  0.1200  1
 42:   0.4850  0.4330  0.0820  1
 43:   0.3644  0.4254  0.2102  1
 44:   0.4254  0.4384  0.1361  1
 45:   0.4755  0.4525  0.0721  1
 46:   0.4630  0.4170  0.1200  1
 47:   0.4120  0.3880  0.2000  1
 48:   0.3210  0.2890  0.3900  1
 49:   0.4386  0.4336  0.1279  1
 50:   0.4950  0.4450  0.0600  1
 51:   0.4100  0.3870  0.2030  1
 52:   0.4130  0.4940  0.0930  1
 53:   0.4610  0.4180  0.1210  1
 54:   0.3570  0.3560  0.2870  1
 55:   0.2270  0.2200  0.5530  1
 56:   0.3920  0.4690  0.1390  1
 57:   0.4960  0.4530  0.0510  1
 58:   0.4750  0.4020  0.1230  1
 59:   0.5005  0.4406  0.0589  1
 60:   0.4635  0.4525  0.0841  1
 61:   0.2740  0.2800  0.4460  1
 62:   0.4980  0.4460  0.0560  1
 63:   0.4420  0.3810  0.1770  1
 64:   0.4170  0.4750  0.1080  1
 65:   0.3890  0.4540  0.1570  1
 66:   0.4490  0.4180  0.1330  1
 67:   0.4850  0.4350  0.0800  1
 68:   0.4840  0.4300  0.0860  1
 69:   0.4240  0.3840  0.1920  1
 70:   0.3420  0.3370  0.3210  1
 71:   0.2970  0.2860  0.4170  1
 72:   0.4885  0.4346  0.0769  1
 73:   0.3520  0.3430  0.3050  1
 74:   0.4050  0.3700  0.2250  1
 75:   0.4410  0.4370  0.1220  1
 76:   0.3130  0.3510  0.3360  1
 77:   0.3510  0.3280  0.3210  1
 78:   0.3630  0.3920  0.2450  1
 79:   0.4070  0.5210  0.0720  1
 80:   0.3390  0.3420  0.3190  1
 81:   0.2940  0.2900  0.4160  1
 82:   0.3970  0.3790  0.2240  1
 83:   0.3674  0.3524  0.2803  1
 84:   0.3640  0.3780  0.2580  1
 85:   0.4486  0.3956  0.1558  1
 86:   0.2710  0.2680  0.4610  1
 87:   0.4730  0.4230  0.1040  1
 88:   0.4400  0.3800  0.1800  1
 89:   0.3810  0.3970  0.2220  1
 90:   0.2498  0.2348  0.5155  1
 91:   0.3750  0.3650  0.2600  1
 92:   0.4260  0.3820  0.1920  1
 93:   0.4350  0.3810  0.1840  1
 94:   0.1940  0.2450  0.5610  1
 95:   0.4300  0.4410  0.1290  1
 96:   0.3450  0.4540  0.2010  1
 97:   0.4620  0.4330  0.1050  1
 98:   0.4710  0.4090  0.1200  1
 99:   0.4340  0.4470  0.1190  1
100:   0.4080  0.4070  0.1850  1
101:   0.3340  0.3510  0.3150  1
102:   0.4865  0.4216  0.0919  1
103:   0.2030  0.1890  0.6080  1
104:   0.4300  0.4210  0.1490  1
105:   0.3784  0.4404  0.1812  1
106:   0.3886  0.4106  0.2008  1
107:   0.4080  0.3830  0.2090  1
108:   0.4086  0.4196  0.1718  1
109:   0.4170  0.3960  0.1870  1
110:   0.4120  0.4540  0.1340  1
111:   0.4040  0.3780  0.2180  1
112:   0.3884  0.3634  0.2482  1
113:   0.4470  0.4650  0.0880  1
114:   0.3350  0.3670  0.2980  1
115:   0.4110  0.3930  0.1960  1
116:   0.4750  0.4080  0.1170  1
117:   0.3790  0.4230  0.1980  1
118:   0.3816  0.3926  0.2258  1
119:   0.3816  0.4136  0.2048  1
120:   0.2370  0.2320  0.5310  1
121:   0.3990  0.3990  0.2020  1
122:   0.4360  0.3870  0.1770  1
123:   0.4830  0.4140  0.1030  1
124:   0.4650  0.4310  0.1040  1
125:   0.3010  0.3370  0.3620  1
126:   0.4710  0.4270  0.1020  1
127:   0.4306  0.3956  0.1738  1
128:   0.4540  0.4420  0.1040  1
129:   0.2160  0.2400  0.5440  1
130:   0.3520  0.3790  0.2690  1
131:   0.4240  0.4030  0.1730  1
132:   0.4340  0.4400  0.1260  1
133:   0.4360  0.4720  0.0920  1
134:   0.3724  0.4484  0.1792  1
135:   0.1360  0.1470  0.7170  1
136:   0.4140  0.3830  0.2030  1
137:   0.2520  0.2900  0.4580  1
138:   0.4466  0.4356  0.1179  1
139:   0.3846  0.3876  0.2278  1
140:   0.3690  0.4190  0.2120  1
141:   0.3430  0.3360  0.3210  1
142:   0.3260  0.3170  0.3570  1
143:   0.3810  0.4000  0.2190  1
144:   0.4885  0.4064  0.1051  1
145:   0.4910  0.4290  0.0800  1
146:   0.3320  0.3260  0.3420  1
147:   0.4690  0.4290  0.1020  1
148:   0.4450  0.4310  0.1240  1
149:   0.3350  0.3760  0.2890  1
150:   0.2710  0.2820  0.4470  1
151:   0.3600  0.3750  0.2650  1
152:   0.3990  0.3750  0.2260  1
153:   0.3710  0.4270  0.2020  1
154:   0.4280  0.4710  0.1010  1
155:   0.3890  0.3680  0.2430  1
156:   0.3750  0.4410  0.1840  1
157:   0.4290  0.4180  0.1530  1
158:   0.2660  0.2660  0.4680  1
159:   0.4300  0.4120  0.1580  1
160:   0.4310  0.4260  0.1430  1
161:   0.2570  0.2730  0.4700  1
162:   0.4180  0.4550  0.1270  1
163:   0.3616  0.3506  0.2877  1
164:   0.4134  0.3754  0.2112  1
165:   0.4386  0.4366  0.1249  1
166:   0.3740  0.3550  0.2710  1
167:   0.4350  0.4180  0.1470  1
168:   0.2843  0.2793  0.4364  1
169:   0.3890  0.4050  0.2060  1
170:   0.4500  0.4490  0.1010  1
171:   0.4250  0.4270  0.1480  1
172:   0.4635  0.4046  0.1319  1
173:   0.3854  0.3654  0.2492  1
174:   0.4110  0.3970  0.1920  1
175:   0.4270  0.4160  0.1570  1
176:   0.3183  0.3463  0.3353  1
177:   0.3370  0.3130  0.3500  1
178:   0.4360  0.4060  0.1580  1
179:   0.4186  0.4166  0.1648  1
180:   0.4565  0.4955  0.0480  1
181:   0.3610  0.3390  0.3000  1
182:   0.1970  0.1980  0.6050  1
183:   0.2847  0.3007  0.4146  1
184:   0.3330  0.3550  0.3120  1
185:   0.3590  0.3530  0.2880  1
186:   0.3910  0.4450  0.1640  1
187:   0.4086  0.4695  0.1219  1
188:   0.4186  0.4256  0.1558  1
189:   0.4230  0.4310  0.1460  1
190:   0.3690  0.3950  0.2360  1
191:   0.4540  0.4220  0.1240  1
192:   0.1130  0.1240  0.7630  1
193:   0.1502  0.1582  0.6917  1
194:   0.2810  0.2830  0.4360  1
195:   0.3566  0.3896  0.2537  1
196:   0.4660  0.4300  0.1040  1
197:   0.3370  0.3440  0.3190  1
198:   0.4484  0.4064  0.1451  1
199:   0.3560  0.3320  0.3120  1
200:   0.3340  0.3360  0.3300  1
201:   0.2740  0.2800  0.4460  1
202:   0.4815  0.4645  0.0539  1
203:   0.3390  0.3440  0.3170  1
204:   0.4370  0.4750  0.0880  1
205:   0.4580  0.4460  0.0960  1
206:   0.4200  0.4420  0.1380  1
207:   0.4216  0.4346  0.1439  1
208:   0.4840  0.4350  0.0810  1
209:   0.2480  0.2310  0.5210  1
210:   0.4240  0.4690  0.1070  1
211:   0.4400  0.3960  0.1640  1
212:   0.3243  0.2943  0.3814  1
213:   0.3784  0.3914  0.2302  1
214:   0.3694  0.4264  0.2042  1
215:   0.3730  0.3700  0.2570  1
216:   0.4360  0.3850  0.1790  1
217:   0.3820  0.4500  0.1680  1
218:   0.4330  0.4640  0.1030  1
219:   0.4700  0.4430  0.0870  1
220:   0.2960  0.3050  0.3990  1
221:   0.4030  0.3910  0.2060  1
222:   0.3470  0.3340  0.3190  1
223:   0.2070  0.2160  0.5770  1
224:   0.4130  0.3910  0.1960  1
225:   0.4660  0.4150  0.1190  1
226:   0.4750  0.4120  0.1130  1
227:   0.2910  0.3020  0.4070  1
228:   0.3680  0.3930  0.2390  1
229:   0.4770  0.4280  0.0950  1
230:   0.3890  0.4000  0.2110  1
231:   0.4790  0.4390  0.0820  1
232:   0.4520  0.4200  0.1280  1
233:   0.3970  0.3930  0.2100  1
234:   0.4316  0.4545  0.1139  1
235:   0.4850  0.4300  0.0850  1
236:   0.4640  0.4250  0.1110  1
237:   0.4730  0.3930  0.1340  1
238:   0.3460  0.3520  0.3020  1
239:   0.5000  0.4590  0.0410  1
240:   0.2523  0.2633  0.4845  1
241:   0.4320  0.4540  0.1140  1
242:   0.3790  0.3660  0.2550  1
243:   0.4625  0.4224  0.1151  1
244:   0.4140  0.3920  0.1940  1
245:   0.4770  0.4260  0.0970  1
246:   0.4890  0.4570  0.0540  1
247:   0.3810  0.3430  0.2760  1
248:   0.3746  0.3467  0.2787  1
249:   0.2470  0.2480  0.5050  1
250:   0.4230  0.4240  0.1530  1
251:   0.3950  0.4460  0.1590  1
252:   0.4920  0.4390  0.0690  1
253:   0.2188  0.2298  0.5514  1
254:   0.0960  0.1010  0.8030  1
255:   0.3780  0.3690  0.2530  1
256:   0.3980  0.4500  0.1520  1
257:   0.3143  0.3043  0.3814  1
258:   0.4366  0.3886  0.1748  1
259:   0.4230  0.4210  0.1560  1
260:   0.5250  0.4170  0.0580  1
261:   0.4510  0.4250  0.1240  1
262:   0.4394  0.4464  0.1141  1
263:   0.3870  0.3470  0.2660  1
264:   0.4730  0.4240  0.1030  1
265:   0.2950  0.2930  0.4120  1
266:   0.4456  0.4136  0.1409  1
267:   0.4230  0.4180  0.1590  1
268:   0.3996  0.4406  0.1598  1
269:   0.4140  0.3760  0.2100  1
270:   0.1758  0.2208  0.6034  1
271:   0.4030  0.3960  0.2010  1
272:   0.4414  0.4134  0.1451  1
273:   0.4755  0.4446  0.0799  1
274:   0.4950  0.4340  0.0710  1
275:   0.4160  0.3960  0.1880  1
276:   0.4260  0.4160  0.1580  1
277:   0.3770  0.3630  0.2600  1
278:   0.3380  0.3530  0.3090  1
279:   0.4490  0.4970  0.0540  1
280:   0.4710  0.4190  0.1100  1
281:   0.2697  0.2627  0.4675  1
282:   0.4620  0.4190  0.1190  1
283:   0.4545  0.4715  0.0739  1
284:   0.4340  0.4660  0.1000  1
285:   0.4190  0.3980  0.1830  1
286:   0.2492  0.2492  0.5015  1
287:   0.4370  0.4210  0.1420  1
288:   0.4450  0.4440  0.1110  1
289:   0.4120  0.4130  0.1750  1
290:   0.4640  0.4280  0.1080  1
291:   0.3960  0.4100  0.1940  1
292:   0.3500  0.3770  0.2730  1
293:   0.3960  0.5060  0.0980  1
294:   0.4184  0.4404  0.1411  1
295:   0.3780  0.4420  0.1800  1
296:   0.2757  0.2507  0.4735  1
297:   0.4080  0.4270  0.1650  1
298:   0.4990  0.4280  0.0730  1
299:   0.3960  0.3870  0.2170  1
300:   0.3150  0.3210  0.3640  1
301:   0.2633  0.2553  0.4815  1
302:   0.3916  0.4106  0.1978  1
303:   0.4364  0.3894  0.1742  1
304:   0.4650  0.3930  0.1420  1
305:   0.4525  0.4176  0.1299  1
306:   0.3340  0.3270  0.3390  1
307:   0.4675  0.4426  0.0899  1
308:   0.4070  0.4130  0.1800  1
309:   0.3904  0.4384  0.1712  1
310:   0.3504  0.4274  0.2222  1
311:   0.4400  0.4400  0.1200  1
312:   0.3980  0.4140  0.1880  1
313:   0.4470  0.4460  0.1070  1
314:   0.4665  0.4134  0.1201  1
315:   0.4510  0.4470  0.1020  1
316:   0.2170  0.2200  0.5630  1
317:   0.4280  0.4200  0.1520  1
318:   0.4350  0.4470  0.1180  1
319:   0.3870  0.4600  0.1530  1
320:   0.4470  0.4030  0.1500  1
321:   0.1940  0.1970  0.6090  1
322:   0.3980  0.4060  0.1960  1
323:   0.4150  0.4040  0.1810  1
324:   0.4024  0.3944  0.2032  1
325:   0.4700  0.4350  0.0950  1
326:   0.4550  0.4410  0.1040  1
327:   0.2533  0.2883  0.4585  1
328:   0.4890  0.4580  0.0530  1
329:   0.3900  0.4830  0.1270  1
330:   0.3400  0.3480  0.3120  1
331:   0.4236  0.3766  0.1998  1
332:   0.4635  0.4555  0.0811  1
333:   0.4360  0.4490  0.1150  1
334:   0.4260  0.4040  0.1700  1
335:   0.2400  0.2550  0.5050  1
336:   0.3784  0.3293  0.2923  1
337:   0.4360  0.4870  0.0770  1
338:   0.4950  0.4130  0.0920  1
339:   0.3590  0.4290  0.2120  1
340:   0.2110  0.1990  0.5900  1
341:   0.3530  0.3370  0.3100  1
342:   0.4430  0.4300  0.1270  1
343:   0.4430  0.4350  0.1220  1
344:   0.3970  0.4010  0.2020  1
345:   0.4580  0.4290  0.1130  1
346:   0.4220  0.4580  0.1200  1
347:   0.4190  0.4180  0.1630  1
348:   0.4180  0.3850  0.1970  1
349:   0.3840  0.3630  0.2530  1
350:   0.3050  0.2940  0.4010  1
351:   0.3716  0.4266  0.2018  1
352:   0.4670  0.4570  0.0760  1
353:   0.1030  0.1110  0.7860  1
354:   0.4830  0.4050  0.1120  1
355:   0.4344  0.4605  0.1051  1
356:   0.3960  0.3830  0.2210  1
357:   0.3796  0.3976  0.2228  1
358:   0.4320  0.4390  0.1290  1
359:   0.3510  0.3140  0.3350  1
360:   0.3460  0.3740  0.2800  1
361:   0.4260  0.4230  0.1510  1
362:   0.2312  0.2583  0.5105  1
363:   0.3047  0.2727  0.4226  1
364:   0.3450  0.3600  0.2950  1
365:   0.2340  0.2220  0.5440  1
366:   0.3710  0.3750  0.2540  1
367:   0.1141  0.1151  0.7708  1
368:   0.4416  0.4306  0.1279  1
369:   0.4400  0.4500  0.1100  1
370:   0.3690  0.3730  0.2580  1
371:   0.3310  0.3250  0.3440  1
372:   0.4480  0.4060  0.1460  1
373:   0.3247  0.3247  0.3506  1
374:   0.3876  0.4166  0.1958  1
375:   0.3433  0.3824  0.2743  1
376:   0.3187  0.3347  0.3467  1
377:   0.4000  0.4470  0.1530  1
378:   0.4615  0.4126  0.1259  1
379:   0.3620  0.4080  0.2300  1
380:   0.3540  0.4030  0.2430  1
381:   0.4320  0.4180  0.1500  1
382:   0.4414  0.4484  0.1101  1
383:   0.3990  0.4070  0.1940  1
384:   0.4910  0.4440  0.0650  1
385:   0.3173  0.3233  0.3594  1
386:   0.4406  0.4326  0.1269  1
387:   0.3010  0.3430  0.3560  1
388:   0.1390  0.1510  0.7100  1
389:   0.1710  0.1940  0.6350  1
390:   0.4240  0.4410  0.1350  1
391:   0.4090  0.4010  0.1900  1
392:   0.3570  0.3290  0.3140  1
393:   0.4360  0.4640  0.1000  1
394:   0.3636  0.3916  0.2448  1
395:   0.3370  0.3380  0.3250  1
396:   0.3960  0.4620  0.1420  1
397:   0.2260  0.2220  0.5520  1
398:   0.4450  0.4790  0.0760  1
399:   0.5080  0.4240  0.0680  1
400:   0.3670  0.3810  0.2520  1
401:   0.2977  0.3167  0.3856  1
402:   0.3860  0.3920  0.2220  1
403:   0.2680  0.2830  0.4490  1
404:   0.4340  0.4020  0.1640  1
405:   0.4110  0.4660  0.1230  1
406:   0.1399  0.1429  0.7173  1
407:   0.2320  0.2250  0.5430  1
408:   0.4480  0.4720  0.0800  1
409:   0.3750  0.4170  0.2080  1
410:   0.2750  0.2610  0.4640  1
411:   0.4220  0.4630  0.1150  1
412:   0.4000  0.4160  0.1840  1
413:   0.4895  0.4376  0.0729  1
414:   0.2890  0.3150  0.3960  1
415:   0.3980  0.3930  0.2090  1
416:   0.4386  0.4605  0.1009  1
417:   0.3060  0.3040  0.3900  1
418:   0.4426  0.4695  0.0879  1
419:   0.3780  0.3330  0.2890  1
420:   0.1898  0.1888  0.6214  1
421:   0.4400  0.4060  0.1540  1
422:   0.4830  0.4370  0.0800  1
423:   0.4370  0.4530  0.1100  1
424:   0.2790  0.2580  0.4630  1
425:   0.3017  0.2817  0.4166  1
426:   0.3740  0.4040  0.2220  1
427:   0.4530  0.4540  0.0930  1
428:   0.3860  0.4380  0.1760  1
429:   0.1900  0.1970  0.6130  1
430:   0.4260  0.4050  0.1690  1
431:   0.4740  0.4180  0.1080  1
432:   0.4450  0.4710  0.0840  1
433:   0.4740  0.4540  0.0720  1
434:   0.4230  0.4440  0.1330  1
435:   0.3820  0.3530  0.2650  1
436:   0.4210  0.4210  0.1580  1
437:   0.4026  0.4815  0.1159  1
438:   0.4126  0.4236  0.1638  1
439:   0.3490  0.3970  0.2540  1
440:   0.4930  0.4320  0.0750  1
441:   0.3180  0.3080  0.3740  1
442:   0.2597  0.2597  0.4805  1
443:   0.4170  0.4810  0.1020  1
444:   0.4456  0.4895  0.0649  1
445:   0.3984  0.4555  0.1461  1
446:   0.4470  0.3970  0.1560  1
447:   0.2540  0.2280  0.5180  1
448:   0.4110  0.4250  0.1640  1
449:   0.4404  0.4625  0.0971  1
450:   0.2650  0.2480  0.4870  1
451:   0.2090  0.2190  0.5720  1
452:   0.4610  0.4450  0.0940  1
453:   0.3676  0.3776  0.2547  1
454:   0.3994  0.3974  0.2032  1
455:   0.4530  0.4030  0.1440  1
456:   0.3870  0.3840  0.2290  1
457:   0.4795  0.4444  0.0761  1
458:   0.4500  0.4220  0.1280  1
459:   0.2630  0.2780  0.4590  1
460:   0.1578  0.1698  0.6723  1
461:   0.3880  0.3830  0.2290  1
462:   0.4230  0.4530  0.1240  1
463:   0.4850  0.4220  0.0930  1
464:   0.4490  0.4400  0.1110  1
465:   0.3910  0.3490  0.2600  1
466:   0.2310  0.2320  0.5370  1
467:   0.4220  0.4670  0.1110  1
468:   0.4414  0.4074  0.1512  1
469:   0.4870  0.4450  0.0680  1
470:   0.3023  0.2933  0.4044  1
471:   0.3130  0.2920  0.3950  1
472:   0.3630  0.4120  0.2250  1
473:   0.4220  0.4770  0.1010  1
474:   0.4240  0.3890  0.1870  1
475:   0.4760  0.4670  0.0570  1
476:   0.2210  0.2130  0.5660  1
477:   0.3650  0.3360  0.2990  1
478:   0.3700  0.3940  0.2360  1
479:   0.3906  0.3756  0.2338  1
480:   0.3247  0.3057  0.3696  1
481:   0.3250  0.3100  0.3650  1
482:   0.2910  0.2570  0.4520  1
483:   0.4450  0.4600  0.0950  1
484:   0.3227  0.3467  0.3307  1
485:   0.2830  0.2690  0.4480  1
486:   0.3430  0.3470  0.3100  1
487:   0.4060  0.3770  0.2170  1
488:   0.2620  0.2980  0.4400  1
489:   0.4370  0.4270  0.1360  1
490:   0.3574  0.3974  0.2452  1
491:   0.3830  0.3700  0.2470  1
492:   0.2763  0.3003  0.4234  1
493:   0.4960  0.4230  0.0810  1
494:   0.4394  0.4414  0.1191  1
495:   0.3410  0.4000  0.2590  1
496:   0.3097  0.3347  0.3556  1
497:   0.4234  0.4254  0.1512  1
498:   0.4770  0.4330  0.0900  1
499:   0.2290  0.2310  0.5400  1
500:   0.4720  0.4230  0.1050  1
501:   0.3283  0.3193  0.3524  1
502:   0.4394  0.4354  0.1251  1
503:   0.4690  0.4150  0.1160  1
504:   0.5005  0.4535  0.0460  1
505:   0.1530  0.1460  0.7010  1
506:   0.1850  0.2070  0.6080  1
507:   0.2840  0.3160  0.4000  1
508:   0.4370  0.4200  0.1430  1
509:   0.2060  0.1910  0.6030  1
510:   0.4144  0.3764  0.2092  1
511:   0.4114  0.4464  0.1421  1
512:   0.2790  0.2900  0.4310  1
513:   0.4320  0.4050  0.1630  1
514:   0.2580  0.2630  0.4790  1
515:   0.3440  0.3560  0.3000  1
516:   0.2680  0.2540  0.4780  1
517:   0.4004  0.4895  0.1101  1
518:   0.3410  0.4110  0.2480  1
519:   0.4610  0.4800  0.0590  1
520:   0.3880  0.3930  0.2190  1
521:   0.4000  0.4190  0.1810  1
522:   0.1890  0.1930  0.6180  1
523:   0.4815  0.4326  0.0859  1
524:   0.3640  0.3850  0.2510  1
525:   0.2480  0.2730  0.4790  1
526:   0.4730  0.4460  0.0810  1
527:   0.2260  0.2120  0.5620  1
528:   0.2700  0.2620  0.4680  1
529:   0.4140  0.3950  0.1910  1
530:   0.2980  0.2880  0.4140  1
531:   0.3920  0.3630  0.2450  1
532:   0.4100  0.4020  0.1880  1
533:   0.4030  0.4450  0.1520  1
534:   0.4284  0.3894  0.1822  1
535:   0.3674  0.3564  0.2763  1
536:   0.3510  0.3410  0.3080  1
537:   0.3050  0.3760  0.3190  1
538:   0.1339  0.1329  0.7333  1
539:   0.2950  0.2820  0.4230  1
540:   0.4520  0.4120  0.1360  1
541:   0.4880  0.4210  0.0910  1
542:   0.4380  0.4610  0.1010  1
543:   0.4765  0.4476  0.0759  1
544:   0.4250  0.4220  0.1530  1
