1:    0.416 0.270 0.314 1    
2:    0.187 0.467 0.346 1    
3:    0.184 0.421 0.395 1    
4:    0.306 0.365 0.329 1    
5:    0.087 0.418 0.495 1    
6:    0.214 0.437 0.349 1    
7:    0.078 0.425 0.497 1    
8:    0.694 0.154 0.151 1    
9:    0.066 0.489 0.445 1    
10:   0.134 0.454 0.412 1    
11:   0.077 0.438 0.485 1    
12:   0.126 0.450 0.424 1    
13:   0.117 0.481 0.402 1    
14:   0.162 0.444 0.394 1    
15:   0.235 0.427 0.338 1    
16:   0.122 0.488 0.390 1    
17:   0.111 0.513 0.376 1    
18:   0.461 0.286 0.253 1    
19:   0.275 0.321 0.403 1    
20:   0.081 0.463 0.457 1    
21:   0.130 0.502 0.368 1    
22:   0.065 0.508 0.427 1    
23:   0.262 0.406 0.332 1    
24:   0.162 0.470 0.368 1    
25:   0.115 0.447 0.438 1    
26:   0.125 0.412 0.464 1    
27:   0.170 0.394 0.436 1    
28:   0.127 0.504 0.370 1    
29:   0.066 0.584 0.351 1    
30:   0.125 0.489 0.387 1    
31:   0.249 0.365 0.386 1    
32:   0.098 0.505 0.397 1    
33:   0.203 0.456 0.341 1    
34:   0.210 0.397 0.393 1    
35:   0.163 0.414 0.423 1    
36:   0.068 0.537 0.395 1    
37:   0.087 0.388 0.524 1    
38:   0.071 0.475 0.454 1    
39:   0.163 0.460 0.377 1    
40:   0.533 0.243 0.224 1    
41:   0.114 0.464 0.422 1    
42:   0.077 0.500 0.423 1    
43:   0.208 0.334 0.458 1    
44:   0.131 0.474 0.395 1    
45:   0.070 0.564 0.366 1    
46:   0.113 0.529 0.358 1    
47:   0.187 0.432 0.381 1    
48:   0.394 0.322 0.284 1    
49:   0.120 0.488 0.392 1    
50:   0.057 0.579 0.364 1    
51:   0.197 0.461 0.343 1    
52:   0.091 0.462 0.447 1    
53:   0.115 0.487 0.398 1    
54:   0.275 0.358 0.367 1    
55:   0.565 0.240 0.195 1    
56:   0.135 0.421 0.444 1    
57:   0.048 0.559 0.394 1    
58:   0.117 0.494 0.389 1    
59:   0.054 0.563 0.382 1    
60:   0.081 0.509 0.410 1    
61:   0.438 0.320 0.242 1    
62:   0.052 0.573 0.375 1    
63:   0.170 0.461 0.369 1    
64:   0.105 0.508 0.387 1    
65:   0.154 0.377 0.469 1    
66:   0.130 0.456 0.414 1    
67:   0.075 0.520 0.405 1    
68:   0.083 0.502 0.415 1    
69:   0.190 0.420 0.390 1    
70:   0.314 0.347 0.340 1    
71:   0.423 0.321 0.255 1    
72:   0.071 0.565 0.364 1    
73:   0.305 0.344 0.351 1    
74:   0.221 0.388 0.392 1    
75:   0.116 0.467 0.418 1    
76:   0.328 0.345 0.327 1    
77:   0.317 0.342 0.340 1    
78:   0.242 0.332 0.427 1    
79:   0.067 0.427 0.506 1    
80:   0.319 0.357 0.324 1    
81:   0.417 0.272 0.311 1    
82:   0.218 0.410 0.372 1    
83:   0.277 0.357 0.366 1    
84:   0.246 0.393 0.361 1    
85:   0.150 0.495 0.356 1    
86:   0.462 0.272 0.266 1    
87:   0.098 0.467 0.436 1    
88:   0.182 0.471 0.348 1    
89:   0.209 0.384 0.406 1    
90:   0.513 0.253 0.234 1    
91:   0.260 0.385 0.355 1    
92:   0.187 0.487 0.326 1    
93:   0.175 0.465 0.359 1    
94:   0.564 0.224 0.212 1    
95:   0.124 0.519 0.356 1    
96:   0.209 0.430 0.361 1    
97:   0.097 0.445 0.459 1    
98:   0.114 0.486 0.401 1    
99:   0.118 0.449 0.434 1    
100:  0.175 0.362 0.463 1    
101:  0.305 0.316 0.378 1    
102:  0.086 0.555 0.359 1    
103:  0.590 0.194 0.217 1    
104:  0.140 0.445 0.414 1    
105:  0.179 0.432 0.389 1    
106:  0.195 0.379 0.426 1    
107:  0.194 0.388 0.418 1    
108:  0.167 0.472 0.362 1    
109:  0.179 0.375 0.445 1    
110:  0.135 0.383 0.482 1    
111:  0.215 0.419 0.366 1    
112:  0.238 0.374 0.388 1    
113:  0.086 0.514 0.400 1    
114:  0.290 0.360 0.350 1    
115:  0.191 0.385 0.425 1    
116:  0.110 0.479 0.411 1    
117:  0.199 0.397 0.404 1    
118:  0.232 0.376 0.392 1    
119:  0.209 0.338 0.453 1    
120:  0.543 0.236 0.221 1    
121:  0.206 0.328 0.466 1    
122:  0.174 0.416 0.410 1    
123:  0.098 0.487 0.415 1    
124:  0.103 0.495 0.401 1    
125:  0.367 0.284 0.349 1    
126:  0.095 0.539 0.366 1    
127:  0.170 0.437 0.393 1    
128:  0.102 0.399 0.498 1    
129:  0.555 0.197 0.247 1    
130:  0.275 0.299 0.427 1    
131:  0.162 0.462 0.376 1    
132:  0.123 0.429 0.448 1    
133:  0.090 0.365 0.544 1    
134:  0.174 0.414 0.412 1    
135:  0.734 0.118 0.147 1    
136:  0.195 0.434 0.372 1    
137:  0.483 0.210 0.307 1    
138:  0.115 0.477 0.408 1    
139:  0.225 0.356 0.419 1    
140:  0.208 0.376 0.416 1    
141:  0.312 0.299 0.389 1    
142:  0.349 0.322 0.329 1    
143:  0.213 0.368 0.418 1    
144:  0.102 0.537 0.361 1    
145:  0.075 0.540 0.385 1    
146:  0.325 0.340 0.335 1    
147:  0.101 0.516 0.383 1    
148:  0.118 0.398 0.484 1    
149:  0.301 0.308 0.391 1    
150:  0.450 0.256 0.294 1    
151:  0.254 0.383 0.363 1    
152:  0.226 0.360 0.414 1    
153:  0.202 0.354 0.443 1    
154:  0.097 0.417 0.486 1    
155:  0.232 0.370 0.399 1    
156:  0.174 0.409 0.417 1    
157:  0.148 0.427 0.425 1    
158:  0.469 0.260 0.272 1    
159:  0.153 0.504 0.343 1    
160:  0.137 0.460 0.403 1    
161:  0.471 0.260 0.269 1    
162:  0.122 0.377 0.501 1    
163:  0.278 0.355 0.367 1    
164:  0.205 0.428 0.367 1    
165:  0.124 0.451 0.425 1    
166:  0.268 0.373 0.359 1    
167:  0.140 0.489 0.372 1    
168:  0.427 0.305 0.268 1    
169:  0.200 0.377 0.423 1    
170:  0.094 0.493 0.413 1    
171:  0.145 0.470 0.385 1    
172:  0.125 0.502 0.373 1    
173:  0.236 0.372 0.392 1    
174:  0.185 0.459 0.356 1    
175:  0.150 0.420 0.430 1    
176:  0.328 0.347 0.325 1    
177:  0.346 0.359 0.296 1    
178:  0.159 0.405 0.436 1    
179:  0.159 0.437 0.404 1    
180:  0.045 0.421 0.534 1    
181:  0.303 0.356 0.341 1    
182:  0.593 0.204 0.203 1    
183:  0.412 0.276 0.311 1    
184:  0.308 0.310 0.382 1    
185:  0.283 0.366 0.351 1    
186:  0.157 0.353 0.490 1    
187:  0.120 0.368 0.511 1    
188:  0.148 0.387 0.465 1    
189:  0.136 0.447 0.417 1    
190:  0.240 0.329 0.431 1    
191:  0.116 0.513 0.371 1    
192:  0.769 0.109 0.122 1    
193:  0.705 0.140 0.155 1    
194:  0.430 0.272 0.297 1    
195:  0.255 0.297 0.447 1    
196:  0.102 0.419 0.479 1    
197:  0.304 0.389 0.307 1    
198:  0.145 0.476 0.380 1    
199:  0.307 0.372 0.322 1    
200:  0.326 0.333 0.341 1    
201:  0.441 0.310 0.249 1    
202:  0.049 0.540 0.411 1    
203:  0.313 0.283 0.403 1    
204:  0.084 0.368 0.548 1    
205:  0.091 0.462 0.447 1    
206:  0.131 0.482 0.387 1    
207:  0.137 0.361 0.502 1    
208:  0.079 0.438 0.483 1    
209:  0.520 0.233 0.247 1    
210:  0.102 0.395 0.502 1    
211:  0.159 0.404 0.438 1    
212:  0.376 0.326 0.298 1    
213:  0.224 0.330 0.446 1    
214:  0.205 0.335 0.460 1    
215:  0.256 0.331 0.413 1    
216:  0.170 0.420 0.411 1    
217:  0.162 0.332 0.506 1    
218:  0.104 0.346 0.550 1    
219:  0.085 0.461 0.454 1    
220:  0.403 0.307 0.291 1    
221:  0.196 0.445 0.359 1    
222:  0.320 0.339 0.341 1    
223:  0.577 0.195 0.228 1    
224:  0.186 0.463 0.351 1    
225:  0.118 0.494 0.388 1    
226:  0.106 0.483 0.411 1    
227:  0.401 0.276 0.323 1    
228:  0.236 0.378 0.386 1    
229:  0.093 0.443 0.464 1    
230:  0.201 0.336 0.463 1    
231:  0.075 0.509 0.416 1    
232:  0.125 0.428 0.447 1    
233:  0.204 0.451 0.345 1    
234:  0.110 0.391 0.499 1    
235:  0.083 0.510 0.407 1    
236:  0.107 0.442 0.451 1    
237:  0.127 0.482 0.391 1    
238:  0.307 0.349 0.344 1    
239:  0.040 0.579 0.382 1    
240:  0.488 0.232 0.280 1    
241:  0.108 0.419 0.473 1    
242:  0.244 0.386 0.370 1    
243:  0.108 0.511 0.381 1    
244:  0.185 0.381 0.434 1    
245:  0.093 0.495 0.411 1    
246:  0.053 0.542 0.405 1    
247:  0.270 0.349 0.381 1    
248:  0.267 0.397 0.336 1    
249:  0.499 0.248 0.253 1    
250:  0.147 0.380 0.473 1    
251:  0.154 0.325 0.521 1    
252:  0.063 0.451 0.486 1    
253:  0.555 0.226 0.219 1    
254:  0.810 0.089 0.101 1    
255:  0.250 0.419 0.331 1    
256:  0.151 0.340 0.509 1    
257:  0.370 0.322 0.308 1    
258:  0.167 0.482 0.352 1    
259:  0.151 0.417 0.432 1    
260:  0.053 0.466 0.481 1    
261:  0.122 0.386 0.493 1    
262:  0.113 0.374 0.513 1    
263:  0.268 0.376 0.357 1    
264:  0.099 0.518 0.383 1    
265:  0.413 0.292 0.295 1    
266:  0.134 0.512 0.354 1    
267:  0.152 0.409 0.440 1    
268:  0.152 0.356 0.492 1    
269:  0.207 0.393 0.400 1    
270:  0.625 0.156 0.219 1    
271:  0.191 0.358 0.450 1    
272:  0.134 0.447 0.419 1    
273:  0.075 0.455 0.470 1    
274:  0.067 0.563 0.370 1    
275:  0.183 0.384 0.433 1    
276:  0.153 0.411 0.436 1    
277:  0.256 0.324 0.420 1    
278:  0.295 0.322 0.383 1    
279:  0.052 0.422 0.527 1    
280:  0.105 0.522 0.373 1    
281:  0.462 0.255 0.283 1    
282:  0.114 0.516 0.370 1    
283:  0.072 0.447 0.480 1    
284:  0.099 0.359 0.542 1    
285:  0.184 0.455 0.361 1    
286:  0.503 0.242 0.255 1    
287:  0.136 0.497 0.367 1    
288:  0.106 0.438 0.456 1    
289:  0.170 0.359 0.471 1    
290:  0.104 0.433 0.464 1    
291:  0.194 0.324 0.481 1    
292:  0.271 0.312 0.417 1    
293:  0.096 0.360 0.544 1    
294:  0.139 0.416 0.444 1    
295:  0.181 0.356 0.463 1    
296:  0.469 0.260 0.270 1    
297:  0.165 0.432 0.404 1    
298:  0.068 0.498 0.434 1    
299:  0.210 0.367 0.423 1    
300:  0.362 0.323 0.316 1    
301:  0.486 0.245 0.269 1    
302:  0.196 0.410 0.394 1    
303:  0.166 0.463 0.370 1    
304:  0.139 0.499 0.362 1    
305:  0.125 0.481 0.394 1    
306:  0.323 0.330 0.347 1    
307:  0.085 0.475 0.440 1    
308:  0.172 0.463 0.366 1    
309:  0.164 0.446 0.390 1    
310:  0.240 0.305 0.455 1    
311:  0.119 0.473 0.408 1    
312:  0.183 0.418 0.399 1    
313:  0.102 0.482 0.416 1    
314:  0.118 0.501 0.381 1    
315:  0.095 0.381 0.524 1    
316:  0.556 0.227 0.217 1    
317:  0.146 0.430 0.424 1    
318:  0.120 0.402 0.478 1    
319:  0.145 0.429 0.426 1    
320:  0.143 0.465 0.392 1    
321:  0.613 0.190 0.197 1    
322:  0.195 0.424 0.381 1    
323:  0.174 0.477 0.349 1    
324:  0.199 0.380 0.421 1    
325:  0.089 0.496 0.415 1    
326:  0.097 0.404 0.499 1    
327:  0.461 0.221 0.318 1    
328:  0.050 0.429 0.521 1    
329:  0.125 0.384 0.490 1    
330:  0.306 0.351 0.343 1    
331:  0.194 0.445 0.361 1    
332:  0.076 0.406 0.518 1    
333:  0.110 0.434 0.456 1    
334:  0.166 0.393 0.440 1    
335:  0.515 0.225 0.260 1    
336:  0.289 0.376 0.335 1    
337:  0.074 0.384 0.542 1    
338:  0.089 0.445 0.467 1    
339:  0.217 0.325 0.458 1    
340:  0.590 0.205 0.205 1    
341:  0.309 0.328 0.363 1    
342:  0.121 0.423 0.456 1    
343:  0.118 0.373 0.509 1    
344:  0.196 0.366 0.437 1    
345:  0.109 0.423 0.468 1    
346:  0.124 0.432 0.445 1    
347:  0.162 0.349 0.489 1    
348:  0.195 0.430 0.375 1    
349:  0.243 0.393 0.364 1    
350:  0.408 0.298 0.294 1    
351:  0.205 0.364 0.431 1    
352:  0.072 0.469 0.458 1    
353:  0.777 0.099 0.123 1    
354:  0.106 0.483 0.411 1    
355:  0.100 0.379 0.521 1    
356:  0.216 0.362 0.422 1    
357:  0.223 0.310 0.467 1    
358:  0.124 0.379 0.497 1    
359:  0.321 0.337 0.342 1    
360:  0.273 0.311 0.416 1    
361:  0.145 0.415 0.440 1    
362:  0.520 0.211 0.269 1    
363:  0.423 0.280 0.297 1    
364:  0.286 0.332 0.383 1    
365:  0.543 0.235 0.222 1    
366:  0.248 0.399 0.354 1    
367:  0.775 0.113 0.113 1    
368:  0.125 0.397 0.478 1    
369:  0.108 0.459 0.432 1    
370:  0.246 0.312 0.441 1    
371:  0.334 0.359 0.307 1    
372:  0.146 0.484 0.370 1    
373:  0.353 0.291 0.356 1    
374:  0.185 0.357 0.458 1    
375:  0.278 0.355 0.367 1    
376:  0.348 0.267 0.385 1    
377:  0.147 0.352 0.500 1    
378:  0.118 0.430 0.452 1    
379:  0.233 0.371 0.396 1    
380:  0.244 0.284 0.472 1    
381:  0.145 0.438 0.417 1    
382:  0.105 0.474 0.421 1    
383:  0.183 0.429 0.388 1    
384:  0.063 0.536 0.402 1    
385:  0.346 0.335 0.318 1    
386:  0.120 0.454 0.426 1    
387:  0.377 0.278 0.345 1    
388:  0.723 0.113 0.164 1    
389:  0.641 0.152 0.207 1    
390:  0.133 0.434 0.433 1    
391:  0.182 0.414 0.404 1    
392:  0.306 0.312 0.382 1    
393:  0.101 0.418 0.481 1    
394:  0.250 0.296 0.455 1    
395:  0.318 0.327 0.355 1    
396:  0.142 0.345 0.513 1    
397:  0.547 0.199 0.254 1    
398:  0.073 0.480 0.447 1    
399:  0.063 0.439 0.498 1    
400:  0.249 0.366 0.385 1    
401:  0.396 0.245 0.360 1    
402:  0.211 0.390 0.399 1    
403:  0.460 0.235 0.304 1    
404:  0.154 0.451 0.396 1    
405:  0.114 0.378 0.508 1    
406:  0.716 0.133 0.151 1    
407:  0.549 0.225 0.225 1    
408:  0.074 0.485 0.441 1    
409:  0.200 0.387 0.412 1    
410:  0.477 0.256 0.267 1    
411:  0.109 0.445 0.445 1    
412:  0.178 0.328 0.494 1    
413:  0.069 0.512 0.420 1    
414:  0.400 0.260 0.340 1    
415:  0.198 0.383 0.419 1    
416:  0.099 0.426 0.475 1    
417:  0.349 0.291 0.360 1    
418:  0.083 0.489 0.428 1    
419:  0.275 0.358 0.367 1    
420:  0.631 0.177 0.192 1    
421:  0.150 0.434 0.416 1    
422:  0.076 0.517 0.407 1    
423:  0.107 0.354 0.540 1    
424:  0.457 0.291 0.252 1    
425:  0.424 0.291 0.286 1    
426:  0.214 0.413 0.372 1    
427:  0.088 0.451 0.461 1    
428:  0.174 0.349 0.476 1    
429:  0.632 0.184 0.184 1    
430:  0.163 0.434 0.403 1    
431:  0.108 0.453 0.439 1    
432:  0.080 0.406 0.515 1    
433:  0.068 0.424 0.507 1    
434:  0.130 0.367 0.503 1    
435:  0.258 0.378 0.364 1    
436:  0.154 0.377 0.469 1    
437:  0.111 0.442 0.447 1    
438:  0.158 0.413 0.429 1    
439:  0.253 0.298 0.449 1    
440:  0.069 0.573 0.358 1    
441:  0.374 0.281 0.346 1    
442:  0.475 0.224 0.301 1    
443:  0.097 0.425 0.479 1    
444:  0.060 0.484 0.457 1    
445:  0.150 0.416 0.434 1    
446:  0.153 0.455 0.393 1    
447:  0.506 0.247 0.247 1    
448:  0.166 0.396 0.438 1    
449:  0.091 0.551 0.358 1    
450:  0.492 0.283 0.225 1    
451:  0.575 0.210 0.215 1    
452:  0.089 0.519 0.392 1    
453:  0.252 0.360 0.389 1    
454:  0.200 0.385 0.415 1    
455:  0.142 0.485 0.374 1    
456:  0.221 0.391 0.388 1    
457:  0.073 0.480 0.447 1    
458:  0.121 0.486 0.393 1    
459:  0.472 0.281 0.247 1    
460:  0.697 0.147 0.155 1    
461:  0.224 0.420 0.356 1    
462:  0.117 0.444 0.439 1    
463:  0.087 0.540 0.374 1    
464:  0.104 0.429 0.466 1    
465:  0.259 0.373 0.367 1    
466:  0.535 0.245 0.219 1    
467:  0.104 0.411 0.484 1    
468:  0.146 0.469 0.384 1    
469:  0.066 0.418 0.517 1    
470:  0.401 0.322 0.276 1    
471:  0.397 0.296 0.308 1    
472:  0.214 0.402 0.384 1    
473:  0.098 0.419 0.483 1    
474:  0.178 0.396 0.427 1    
475:  0.054 0.486 0.460 1    
476:  0.580 0.212 0.208 1    
477:  0.290 0.331 0.379 1    
478:  0.226 0.422 0.352 1    
479:  0.231 0.379 0.390 1    
480:  0.356 0.317 0.327 1    
481:  0.364 0.328 0.308 1    
482:  0.463 0.295 0.242 1    
483:  0.092 0.434 0.473 1    
484:  0.325 0.304 0.371 1    
485:  0.447 0.318 0.235 1    
486:  0.301 0.321 0.378 1    
487:  0.213 0.385 0.402 1    
488:  0.444 0.272 0.284 1    
489:  0.126 0.487 0.387 1    
490:  0.243 0.295 0.462 1    
491:  0.239 0.392 0.369 1    
492:  0.434 0.275 0.291 1    
493:  0.078 0.511 0.411 1    
494:  0.113 0.384 0.503 1    
495:  0.249 0.349 0.402 1    
496:  0.347 0.311 0.342 1    
497:  0.152 0.439 0.409 1    
498:  0.086 0.564 0.350 1    
499:  0.544 0.231 0.225 1    
500:  0.102 0.490 0.408 1    
501:  0.354 0.336 0.310 1    
502:  0.123 0.431 0.446 1    
503:  0.108 0.477 0.415 1    
504:  0.044 0.571 0.385 1    
505:  0.707 0.140 0.153 1    
506:  0.615 0.173 0.212 1    
507:  0.412 0.283 0.305 1    
508:  0.134 0.489 0.378 1    
509:  0.618 0.206 0.176 1    
510:  0.207 0.385 0.409 1    
511:  0.142 0.375 0.483 1    
512:  0.442 0.249 0.309 1    
513:  0.161 0.451 0.388 1    
514:  0.480 0.279 0.241 1    
515:  0.288 0.322 0.390 1    
516:  0.478 0.250 0.272 1    
517:  0.110 0.456 0.434 1    
518:  0.259 0.341 0.400 1    
519:  0.058 0.453 0.489 1    
520:  0.224 0.435 0.342 1    
521:  0.178 0.363 0.459 1    
522:  0.622 0.195 0.183 1    
523:  0.086 0.519 0.395 1    
524:  0.261 0.348 0.391 1    
525:  0.460 0.247 0.293 1    
526:  0.078 0.510 0.412 1    
527:  0.562 0.249 0.189 1    
528:  0.456 0.294 0.250 1    
529:  0.179 0.378 0.444 1    
530:  0.422 0.320 0.258 1    
531:  0.240 0.405 0.354 1    
532:  0.184 0.425 0.391 1    
533:  0.148 0.406 0.446 1    
534:  0.179 0.491 0.330 1    
535:  0.277 0.416 0.308 1    
536:  0.307 0.368 0.325 1    
537:  0.333 0.288 0.379 1    
538:  0.737 0.126 0.137 1    
539:  0.417 0.333 0.250 1    
540:  0.135 0.474 0.392 1    
541:  0.086 0.523 0.392 1    
542:  0.101 0.415 0.484 1    
543:  0.070 0.536 0.394 1    
544:  0.143 0.399 0.458 1    
545:  0.168 0.447 0.385 1    
546:  0.057 0.532 0.411 1    
547:  0.202 0.390 0.408 1    
548:  0.078 0.517 0.404 1    
549:  0.115 0.420 0.465 1    
550:  0.068 0.494 0.438 1    
551:  0.106 0.523 0.371 1    
552:  0.176 0.398 0.426 1    
553:  0.183 0.438 0.379 1    
554:  0.099 0.418 0.482 1    
555:  0.257 0.350 0.393 1    
556:  0.229 0.411 0.360 1    
557:  0.323 0.311 0.366 1    
558:  0.400 0.244 0.356 1    
559:  0.843 0.076 0.081 1    
560:  0.309 0.377 0.313 1    
561:  0.764 0.099 0.137 1    
562:  0.508 0.248 0.243 1    
563:  0.832 0.077 0.090 1    
564:  0.583 0.193 0.224 1    
565:  0.831 0.084 0.085 1    
566:  0.525 0.251 0.224 1    
567:  0.608 0.211 0.181 1    
568:  0.210 0.401 0.389 1    
569:  0.642 0.175 0.183 1    
570:  0.423 0.288 0.290 1    
571:  0.625 0.168 0.207 1    
572:  0.693 0.147 0.160 1    
573:  0.828 0.091 0.081 1    
574:  0.524 0.213 0.263 1    
575:  0.661 0.160 0.179 1    
576:  0.645 0.176 0.179 1    
577:  0.783 0.111 0.106 1    
578:  0.664 0.173 0.164 1    
579:  0.708 0.143 0.150 1    
580:  0.830 0.082 0.088 1    
581:  0.575 0.238 0.187 1    
582:  0.775 0.114 0.111 1    
583:  0.851 0.070 0.079 1    
584:  0.795 0.095 0.110 1    
585:  0.818 0.095 0.088 1    
586:  0.580 0.183 0.236 1    
587:  0.468 0.243 0.289 1    
588:  0.509 0.267 0.223 1    
589:  0.481 0.233 0.286 1    
590:  0.864 0.068 0.068 1    
591:  0.669 0.167 0.164 1    
592:  0.736 0.127 0.137 1    
593:  0.650 0.167 0.182 1    
594:  0.869 0.066 0.065 1    
595:  0.833 0.077 0.090 1    
596:  0.731 0.139 0.130 1    
597:  0.781 0.114 0.106 1    
598:  0.900 0.049 0.051 1    
599:  0.785 0.101 0.114 1    
600:  0.271 0.323 0.407 1    
601:  0.742 0.113 0.145 1    
602:  0.900 0.049 0.050 1    
603:  0.684 0.149 0.167 1    
604:  0.785 0.098 0.117 1    
605:  0.821 0.089 0.089 1    
606:  0.479 0.241 0.280 1    
607:  0.499 0.242 0.258 1    
608:  0.799 0.095 0.106 1    
609:  0.525 0.217 0.258 1    
610:  0.848 0.074 0.077 1    
611:  0.538 0.217 0.245 1    
612:  0.868 0.064 0.068 1    
613:  0.513 0.244 0.243 1    
614:  0.770 0.113 0.117 1    
615:  0.666 0.144 0.190 1    
616:  0.753 0.114 0.133 1    
617:  0.641 0.194 0.164 1    
618:  0.837 0.081 0.082 1    
619:  0.872 0.065 0.063 1    
620:  0.898 0.049 0.053 1    
621:  0.784 0.100 0.116 1    
622:  0.815 0.090 0.095 1    
623:  0.837 0.081 0.082 1    
624:  0.777 0.114 0.109 1    
625:  0.825 0.084 0.090 1    
626:  0.902 0.049 0.049 1    
627:  0.862 0.060 0.078 1    
628:  0.881 0.064 0.056 1    
629:  0.868 0.064 0.068 1    
630:  0.808 0.093 0.099 1    
631:  0.879 0.060 0.062 1    
632:  0.608 0.157 0.235 1    
633:  0.882 0.057 0.061 1    
634:  0.619 0.191 0.189 1    
635:  0.667 0.159 0.174 1    
636:  0.782 0.095 0.123 1    
637:  0.893 0.053 0.053 1    
638:  0.693 0.147 0.159 1    
639:  0.864 0.060 0.076 1    
640:  0.831 0.079 0.090 1    
641:  0.838 0.074 0.088 1    
642:  0.791 0.108 0.101 1    
643:  0.850 0.076 0.074 1    
644:  0.769 0.108 0.123 1    
645:  0.774 0.101 0.126 1    
646:  0.808 0.099 0.093 1    
647:  0.410 0.302 0.288 1    
648:  0.621 0.166 0.214 1    
649:  0.854 0.076 0.070 1    
650:  0.654 0.154 0.192 1    
651:  0.812 0.083 0.105 1    
652:  0.759 0.111 0.130 1    
653:  0.736 0.130 0.134 1    
654:  0.838 0.076 0.086 1    
655:  0.836 0.087 0.077 1    
656:  0.906 0.047 0.047 1    
657:  0.882 0.056 0.062 1    
658:  0.800 0.090 0.110 1    
659:  0.607 0.191 0.202 1    
660:  0.894 0.050 0.056 1    
661:  0.506 0.252 0.242 1    
662:  0.885 0.058 0.057 1    
663:  0.746 0.116 0.137 1    
664:  0.765 0.126 0.109 1    
665:  0.865 0.061 0.074 1    
666:  0.873 0.061 0.066 1    
667:  0.781 0.102 0.116 1    
668:  0.788 0.089 0.123 1    
              
              
1:    0.296 0.290 0.414 1    
2:    0.392 0.415 0.193 1    
3:    0.417 0.398 0.185 1    
4:    0.334 0.354 0.312 1    
5:    0.484 0.425 0.091 1    
6:    0.377 0.403 0.220 1    
7:    0.497 0.420 0.083 1    
8:    0.159 0.157 0.684 1    
9:    0.455 0.477 0.069 1    
10:   0.451 0.407 0.141 1    
11:   0.454 0.465 0.081 1    
12:   0.427 0.434 0.138 1    
13:   0.422 0.460 0.119 1    
14:   0.424 0.401 0.175 1    
15:   0.380 0.382 0.238 1    
16:   0.459 0.416 0.124 1    
17:   0.429 0.451 0.120 1    
18:   0.265 0.278 0.458 1    
19:   0.390 0.323 0.287 1    
20:   0.475 0.442 0.083 1    
21:   0.428 0.433 0.139 1    
22:   0.431 0.502 0.066 1    
23:   0.356 0.374 0.270 1    
24:   0.397 0.434 0.169 1    
25:   0.420 0.456 0.124 1    
26:   0.444 0.424 0.131 1    
27:   0.436 0.385 0.180 1    
28:   0.414 0.456 0.130 1    
29:   0.440 0.492 0.068 1    
30:   0.448 0.417 0.135 1    
31:   0.354 0.384 0.262 1    
32:   0.435 0.465 0.100 1    
33:   0.388 0.402 0.211 1    
34:   0.377 0.409 0.214 1    
35:   0.422 0.410 0.168 1    
36:   0.454 0.472 0.074 1    
37:   0.493 0.415 0.093 1    
38:   0.462 0.461 0.076 1    
39:   0.410 0.422 0.168 1    
40:   0.231 0.242 0.527 1    
41:   0.479 0.401 0.120 1    
42:   0.433 0.485 0.082 1    
43:   0.425 0.364 0.210 1    
44:   0.438 0.425 0.136 1    
45:   0.452 0.475 0.072 1    
46:   0.417 0.463 0.120 1    
47:   0.388 0.412 0.200 1    
48:   0.289 0.321 0.390 1    
49:   0.434 0.439 0.128 1    
50:   0.445 0.495 0.060 1    
51:   0.387 0.410 0.203 1    
52:   0.494 0.413 0.093 1    
53:   0.418 0.461 0.121 1    
54:   0.356 0.357 0.287 1    
55:   0.220 0.227 0.553 1    
56:   0.469 0.392 0.139 1    
57:   0.453 0.496 0.051 1    
58:   0.402 0.475 0.123 1    
59:   0.441 0.501 0.059 1    
60:   0.452 0.463 0.084 1    
61:   0.280 0.274 0.446 1    
62:   0.446 0.498 0.056 1    
63:   0.381 0.442 0.177 1    
64:   0.475 0.417 0.108 1    
65:   0.454 0.389 0.157 1    
66:   0.418 0.449 0.133 1    
67:   0.435 0.485 0.080 1    
68:   0.430 0.484 0.086 1    
69:   0.384 0.424 0.192 1    
70:   0.337 0.342 0.321 1    
71:   0.286 0.297 0.417 1    
72:   0.435 0.489 0.077 1    
73:   0.343 0.352 0.305 1    
74:   0.370 0.405 0.225 1    
75:   0.437 0.441 0.122 1    
76:   0.351 0.313 0.336 1    
77:   0.328 0.351 0.321 1    
78:   0.392 0.363 0.245 1    
79:   0.521 0.407 0.072 1    
80:   0.342 0.339 0.319 1    
81:   0.290 0.294 0.416 1    
82:   0.379 0.397 0.224 1    
83:   0.352 0.367 0.280 1    
84:   0.378 0.364 0.258 1    
85:   0.396 0.449 0.156 1    
86:   0.268 0.271 0.461 1    
87:   0.423 0.473 0.104 1    
88:   0.380 0.440 0.180 1    
89:   0.397 0.381 0.222 1    
90:   0.235 0.250 0.516 1    
91:   0.365 0.375 0.260 1    
92:   0.382 0.426 0.192 1    
93:   0.381 0.435 0.184 1    
94:   0.245 0.194 0.561 1    
95:   0.441 0.430 0.129 1    
96:   0.454 0.345 0.201 1    
97:   0.433 0.462 0.105 1    
98:   0.409 0.471 0.120 1    
99:   0.447 0.434 0.119 1    
100:  0.407 0.408 0.185 1    
101:  0.351 0.334 0.315 1    
102:  0.422 0.487 0.092 1    
103:  0.189 0.203 0.608 1    
104:  0.421 0.430 0.149 1    
105:  0.440 0.378 0.181 1    
106:  0.411 0.389 0.201 1    
107:  0.383 0.408 0.209 1    
108:  0.420 0.409 0.172 1    
109:  0.396 0.417 0.187 1    
110:  0.454 0.412 0.134 1    
111:  0.378 0.404 0.218 1    
112:  0.363 0.388 0.248 1    
113:  0.465 0.447 0.088 1    
114:  0.367 0.335 0.298 1    
115:  0.393 0.411 0.196 1    
116:  0.408 0.475 0.117 1    
117:  0.423 0.379 0.198 1    
118:  0.393 0.382 0.226 1    
119:  0.414 0.382 0.205 1    
120:  0.232 0.237 0.531 1    
121:  0.399 0.399 0.202 1    
122:  0.387 0.436 0.177 1    
123:  0.414 0.483 0.103 1    
124:  0.431 0.465 0.104 1    
125:  0.337 0.301 0.362 1    
126:  0.427 0.471 0.102 1    
127:  0.396 0.431 0.174 1    
128:  0.442 0.454 0.104 1    
129:  0.240 0.216 0.544 1    
130:  0.379 0.352 0.269 1    
131:  0.403 0.424 0.173 1    
132:  0.440 0.434 0.126 1    
133:  0.472 0.436 0.092 1    
134:  0.448 0.372 0.179 1    
135:  0.147 0.136 0.717 1    
136:  0.383 0.414 0.203 1    
137:  0.290 0.252 0.458 1    
138:  0.436 0.447 0.118 1    
139:  0.388 0.385 0.228 1    
140:  0.419 0.369 0.212 1    
141:  0.336 0.343 0.321 1    
142:  0.317 0.326 0.357 1    
143:  0.400 0.381 0.219 1    
144:  0.406 0.488 0.105 1    
145:  0.429 0.491 0.080 1    
146:  0.326 0.332 0.342 1    
147:  0.429 0.469 0.102 1    
148:  0.431 0.445 0.124 1    
149:  0.376 0.335 0.289 1    
150:  0.282 0.271 0.447 1    
151:  0.375 0.360 0.265 1    
152:  0.375 0.399 0.226 1    
153:  0.427 0.371 0.202 1    
154:  0.471 0.428 0.101 1    
155:  0.368 0.389 0.243 1    
156:  0.441 0.375 0.184 1    
157:  0.418 0.429 0.153 1    
158:  0.266 0.266 0.468 1    
159:  0.412 0.430 0.158 1    
160:  0.426 0.431 0.143 1    
161:  0.273 0.257 0.470 1    
162:  0.455 0.418 0.127 1    
163:  0.351 0.362 0.288 1    
164:  0.375 0.413 0.211 1    
165:  0.437 0.439 0.125 1    
166:  0.355 0.374 0.271 1    
167:  0.418 0.435 0.147 1    
168:  0.279 0.284 0.436 1    
169:  0.405 0.389 0.206 1    
170:  0.449 0.450 0.101 1    
171:  0.427 0.425 0.148 1    
172:  0.405 0.464 0.132 1    
173:  0.365 0.385 0.249 1    
174:  0.397 0.411 0.192 1    
175:  0.416 0.427 0.157 1    
176:  0.346 0.318 0.335 1    
177:  0.313 0.337 0.350 1    
178:  0.406 0.436 0.158 1    
179:  0.417 0.419 0.165 1    
180:  0.496 0.457 0.048 1    
181:  0.339 0.361 0.300 1    
182:  0.198 0.197 0.605 1    
183:  0.301 0.285 0.415 1    
184:  0.355 0.333 0.312 1    
185:  0.353 0.359 0.288 1    
186:  0.445 0.391 0.164 1    
187:  0.470 0.409 0.122 1    
188:  0.426 0.419 0.156 1    
189:  0.431 0.423 0.146 1    
190:  0.395 0.369 0.236 1    
191:  0.422 0.454 0.124 1    
192:  0.124 0.113 0.763 1    
193:  0.158 0.150 0.691 1    
194:  0.283 0.281 0.436 1    
195:  0.390 0.357 0.254 1    
196:  0.430 0.466 0.104 1    
197:  0.344 0.337 0.319 1    
198:  0.406 0.448 0.145 1    
199:  0.332 0.356 0.312 1    
200:  0.336 0.334 0.330 1    
201:  0.280 0.274 0.446 1    
202:  0.465 0.482 0.054 1    
203:  0.344 0.339 0.317 1    
204:  0.475 0.437 0.088 1    
205:  0.446 0.458 0.096 1    
206:  0.442 0.420 0.138 1    
207:  0.435 0.422 0.144 1    
208:  0.435 0.484 0.081 1    
209:  0.231 0.248 0.521 1    
210:  0.469 0.424 0.107 1    
211:  0.396 0.440 0.164 1    
212:  0.294 0.324 0.381 1    
213:  0.391 0.378 0.230 1    
214:  0.426 0.369 0.204 1    
215:  0.370 0.373 0.257 1    
216:  0.385 0.436 0.179 1    
217:  0.450 0.382 0.168 1    
218:  0.464 0.433 0.103 1    
219:  0.443 0.470 0.087 1    
220:  0.305 0.296 0.399 1    
221:  0.391 0.403 0.206 1    
222:  0.334 0.347 0.319 1    
223:  0.216 0.207 0.577 1    
224:  0.391 0.413 0.196 1    
225:  0.415 0.466 0.119 1    
226:  0.412 0.475 0.113 1    
227:  0.302 0.291 0.407 1    
228:  0.393 0.368 0.239 1    
229:  0.428 0.477 0.095 1    
230:  0.400 0.389 0.211 1    
231:  0.439 0.479 0.082 1    
232:  0.420 0.452 0.128 1    
233:  0.393 0.397 0.210 1    
234:  0.455 0.432 0.114 1    
235:  0.430 0.485 0.085 1    
236:  0.425 0.464 0.111 1    
237:  0.393 0.473 0.134 1    
238:  0.352 0.346 0.302 1    
239:  0.459 0.500 0.041 1    
240:  0.263 0.252 0.484 1    
241:  0.454 0.432 0.114 1    
242:  0.366 0.379 0.255 1    
243:  0.422 0.462 0.115 1    
244:  0.392 0.414 0.194 1    
245:  0.426 0.477 0.097 1    
246:  0.457 0.489 0.054 1    
247:  0.343 0.381 0.276 1    
248:  0.347 0.375 0.279 1    
249:  0.248 0.247 0.505 1    
250:  0.424 0.423 0.153 1    
251:  0.446 0.395 0.159 1    
252:  0.439 0.492 0.069 1    
253:  0.230 0.219 0.552 1    
254:  0.101 0.096 0.803 1    
255:  0.369 0.378 0.253 1    
256:  0.450 0.398 0.152 1    
257:  0.304 0.314 0.381 1    
258:  0.389 0.437 0.175 1    
259:  0.421 0.423 0.156 1    
260:  0.417 0.525 0.058 1    
261:  0.425 0.451 0.124 1    
262:  0.446 0.439 0.114 1    
263:  0.347 0.387 0.266 1    
264:  0.424 0.473 0.103 1    
265:  0.293 0.295 0.412 1    
266:  0.414 0.446 0.141 1    
267:  0.418 0.423 0.159 1    
268:  0.441 0.400 0.160 1    
269:  0.376 0.414 0.210 1    
270:  0.221 0.176 0.604 1    
271:  0.396 0.403 0.201 1    
272:  0.413 0.441 0.145 1    
273:  0.445 0.476 0.080 1    
274:  0.434 0.495 0.071 1    
275:  0.396 0.416 0.188 1    
276:  0.416 0.426 0.158 1    
277:  0.363 0.377 0.260 1    
278:  0.353 0.338 0.309 1    
279:  0.497 0.449 0.054 1    
280:  0.419 0.471 0.110 1    
281:  0.263 0.270 0.468 1    
282:  0.419 0.462 0.119 1    
283:  0.472 0.455 0.074 1    
284:  0.466 0.434 0.100 1    
285:  0.398 0.419 0.183 1    
286:  0.249 0.249 0.501 1    
287:  0.421 0.437 0.142 1    
288:  0.444 0.445 0.111 1    
289:  0.413 0.412 0.175 1    
290:  0.428 0.464 0.108 1    
291:  0.410 0.396 0.194 1    
292:  0.377 0.350 0.273 1    
293:  0.506 0.396 0.098 1    
294:  0.440 0.418 0.141 1    
295:  0.442 0.378 0.180 1    
296:  0.251 0.276 0.474 1    
297:  0.427 0.408 0.165 1    
298:  0.428 0.499 0.073 1    
299:  0.387 0.396 0.217 1    
300:  0.321 0.315 0.364 1    
301:  0.255 0.263 0.481 1    
302:  0.411 0.392 0.198 1    
303:  0.389 0.436 0.174 1    
304:  0.393 0.465 0.142 1    
305:  0.418 0.453 0.130 1    
306:  0.327 0.334 0.339 1    
307:  0.443 0.468 0.090 1    
308:  0.413 0.407 0.180 1    
309:  0.438 0.390 0.171 1    
310:  0.427 0.350 0.222 1    
311:  0.440 0.440 0.120 1    
312:  0.414 0.398 0.188 1    
313:  0.446 0.447 0.107 1    
314:  0.413 0.466 0.120 1    
315:  0.447 0.451 0.102 1    
316:  0.220 0.217 0.563 1    
317:  0.420 0.428 0.152 1    
318:  0.447 0.435 0.118 1    
319:  0.460 0.387 0.153 1    
320:  0.403 0.447 0.150 1    
321:  0.197 0.194 0.609 1    
322:  0.406 0.398 0.196 1    
323:  0.404 0.415 0.181 1    
324:  0.394 0.402 0.203 1    
325:  0.435 0.470 0.095 1    
326:  0.441 0.455 0.104 1    
327:  0.288 0.253 0.458 1    
328:  0.458 0.489 0.053 1    
329:  0.483 0.390 0.127 1    
330:  0.348 0.340 0.312 1    
331:  0.377 0.424 0.200 1    
332:  0.455 0.463 0.081 1    
333:  0.449 0.436 0.115 1    
334:  0.404 0.426 0.170 1    
335:  0.255 0.240 0.505 1    
336:  0.329 0.378 0.292 1    
337:  0.487 0.436 0.077 1    
338:  0.413 0.495 0.092 1    
339:  0.429 0.359 0.212 1    
340:  0.199 0.211 0.590 1    
341:  0.337 0.353 0.310 1    
342:  0.430 0.443 0.127 1    
343:  0.435 0.443 0.122 1    
344:  0.401 0.397 0.202 1    
345:  0.429 0.458 0.113 1    
346:  0.458 0.422 0.120 1    
347:  0.418 0.419 0.163 1    
348:  0.385 0.418 0.197 1    
349:  0.363 0.384 0.253 1    
350:  0.294 0.305 0.401 1    
351:  0.427 0.372 0.202 1    
352:  0.457 0.467 0.076 1    
353:  0.111 0.103 0.786 1    
354:  0.405 0.483 0.112 1    
355:  0.460 0.434 0.105 1    
356:  0.383 0.396 0.221 1    
357:  0.398 0.380 0.223 1    
358:  0.439 0.432 0.129 1    
359:  0.314 0.351 0.335 1    
360:  0.374 0.346 0.280 1    
361:  0.423 0.426 0.151 1    
362:  0.258 0.231 0.510 1    
363:  0.273 0.305 0.423 1    
364:  0.360 0.345 0.295 1    
365:  0.222 0.234 0.544 1    
366:  0.375 0.371 0.254 1    
367:  0.115 0.114 0.770 1    
368:  0.431 0.442 0.128 1    
369:  0.450 0.440 0.110 1    
370:  0.373 0.369 0.258 1    
371:  0.325 0.331 0.344 1    
372:  0.406 0.448 0.146 1    
373:  0.325 0.325 0.351 1    
374:  0.417 0.388 0.196 1    
375:  0.382 0.343 0.274 1    
376:  0.335 0.319 0.347 1    
377:  0.447 0.400 0.153 1    
378:  0.413 0.462 0.126 1    
379:  0.408 0.362 0.230 1    
380:  0.403 0.354 0.243 1    
381:  0.418 0.432 0.150 1    
382:  0.448 0.441 0.110 1    
383:  0.407 0.399 0.194 1    
384:  0.444 0.491 0.065 1    
385:  0.323 0.317 0.359 1    
386:  0.433 0.441 0.127 1    
387:  0.343 0.301 0.356 1    
388:  0.151 0.139 0.710 1    
389:  0.194 0.171 0.635 1    
390:  0.441 0.424 0.135 1    
391:  0.401 0.409 0.190 1    
392:  0.329 0.357 0.314 1    
393:  0.464 0.436 0.100 1    
394:  0.392 0.364 0.245 1    
395:  0.338 0.337 0.325 1    
396:  0.462 0.396 0.142 1    
397:  0.222 0.226 0.552 1    
398:  0.479 0.445 0.076 1    
399:  0.424 0.508 0.068 1    
400:  0.381 0.367 0.252 1    
401:  0.317 0.298 0.386 1    
402:  0.392 0.386 0.222 1    
403:  0.283 0.268 0.449 1    
404:  0.402 0.434 0.164 1    
405:  0.466 0.411 0.123 1    
406:  0.143 0.140 0.718 1    
407:  0.225 0.232 0.543 1    
408:  0.472 0.448 0.080 1    
409:  0.417 0.375 0.208 1    
410:  0.261 0.275 0.464 1    
411:  0.463 0.422 0.115 1    
412:  0.416 0.400 0.184 1    
413:  0.438 0.490 0.073 1    
414:  0.315 0.289 0.396 1    
415:  0.393 0.398 0.209 1    
416:  0.461 0.439 0.101 1    
417:  0.304 0.306 0.390 1    
418:  0.470 0.443 0.088 1    
419:  0.333 0.378 0.289 1    
420:  0.189 0.190 0.622 1    
421:  0.406 0.440 0.154 1    
422:  0.437 0.483 0.080 1    
423:  0.453 0.437 0.110 1    
424:  0.258 0.279 0.463 1    
425:  0.282 0.302 0.417 1    
426:  0.404 0.374 0.222 1    
427:  0.454 0.453 0.093 1    
428:  0.438 0.386 0.176 1    
429:  0.197 0.190 0.613 1    
430:  0.405 0.426 0.169 1    
431:  0.418 0.474 0.108 1    
432:  0.471 0.445 0.084 1    
433:  0.454 0.474 0.072 1    
434:  0.444 0.423 0.133 1    
435:  0.353 0.382 0.265 1    
436:  0.421 0.421 0.158 1    
437:  0.482 0.403 0.116 1    
438:  0.424 0.413 0.164 1    
439:  0.397 0.349 0.254 1    
440:  0.432 0.493 0.075 1    
441:  0.308 0.318 0.374 1    
442:  0.260 0.260 0.481 1    
443:  0.481 0.417 0.102 1    
444:  0.490 0.446 0.065 1    
445:  0.455 0.398 0.146 1    
446:  0.397 0.447 0.156 1    
447:  0.228 0.254 0.518 1    
448:  0.425 0.411 0.164 1    
449:  0.462 0.440 0.097 1    
450:  0.248 0.265 0.487 1    
451:  0.219 0.209 0.572 1    
452:  0.445 0.461 0.094 1    
453:  0.378 0.368 0.255 1    
454:  0.397 0.399 0.203 1    
455:  0.403 0.453 0.144 1    
456:  0.384 0.387 0.229 1    
457:  0.444 0.479 0.076 1    
458:  0.422 0.450 0.128 1    
459:  0.278 0.263 0.459 1    
460:  0.170 0.158 0.673 1    
461:  0.383 0.388 0.229 1    
462:  0.453 0.423 0.124 1    
463:  0.422 0.485 0.093 1    
464:  0.440 0.449 0.111 1    
465:  0.349 0.391 0.260 1    
466:  0.232 0.231 0.537 1    
467:  0.467 0.422 0.111 1    
468:  0.407 0.441 0.151 1    
469:  0.445 0.487 0.068 1    
470:  0.293 0.302 0.404 1    
471:  0.292 0.313 0.395 1    
472:  0.412 0.363 0.225 1    
473:  0.477 0.422 0.101 1    
474:  0.389 0.424 0.187 1    
475:  0.467 0.476 0.057 1    
476:  0.213 0.221 0.566 1    
477:  0.336 0.365 0.299 1    
478:  0.394 0.370 0.236 1    
479:  0.376 0.391 0.234 1    
480:  0.306 0.325 0.370 1    
481:  0.310 0.325 0.365 1    
482:  0.257 0.291 0.452 1    
483:  0.460 0.445 0.095 1    
484:  0.347 0.323 0.331 1    
485:  0.269 0.283 0.448 1    
486:  0.347 0.343 0.310 1    
487:  0.377 0.406 0.217 1    
488:  0.298 0.262 0.440 1    
489:  0.427 0.437 0.136 1    
490:  0.397 0.357 0.245 1    
491:  0.370 0.383 0.247 1    
492:  0.300 0.276 0.423 1    
493:  0.423 0.496 0.081 1    
494:  0.441 0.439 0.119 1    
495:  0.400 0.341 0.259 1    
496:  0.335 0.310 0.356 1    
497:  0.425 0.423 0.151 1    
498:  0.433 0.477 0.090 1    
499:  0.231 0.229 0.540 1    
500:  0.423 0.472 0.105 1    
501:  0.319 0.328 0.352 1    
502:  0.435 0.439 0.125 1    
503:  0.415 0.469 0.116 1    
504:  0.454 0.501 0.046 1    
505:  0.146 0.153 0.701 1    
506:  0.207 0.185 0.608 1    
507:  0.316 0.284 0.400 1    
508:  0.420 0.437 0.143 1    
509:  0.191 0.206 0.603 1    
510:  0.376 0.414 0.209 1    
511:  0.446 0.411 0.142 1    
512:  0.290 0.279 0.431 1    
513:  0.405 0.432 0.163 1    
514:  0.263 0.258 0.479 1    
515:  0.356 0.344 0.300 1    
516:  0.254 0.268 0.478 1    
517:  0.489 0.400 0.110 1    
518:  0.411 0.341 0.248 1    
519:  0.480 0.461 0.059 1    
520:  0.393 0.388 0.219 1    
521:  0.419 0.400 0.181 1    
522:  0.193 0.189 0.618 1    
523:  0.433 0.482 0.086 1    
524:  0.385 0.364 0.251 1    
525:  0.273 0.248 0.479 1    
526:  0.446 0.473 0.081 1    
527:  0.212 0.226 0.562 1    
528:  0.262 0.270 0.468 1    
529:  0.395 0.414 0.191 1    
530:  0.288 0.298 0.414 1    
531:  0.363 0.392 0.245 1    
532:  0.402 0.410 0.188 1    
533:  0.445 0.403 0.152 1    
534:  0.389 0.428 0.182 1    
535:  0.356 0.367 0.276 1    
536:  0.341 0.351 0.308 1    
537:  0.376 0.305 0.319 1    
538:  0.133 0.134 0.734 1    
539:  0.282 0.295 0.423 1    
540:  0.412 0.452 0.136 1    
541:  0.421 0.488 0.091 1    
542:  0.461 0.438 0.101 1    
543:  0.448 0.477 0.076 1    
544:  0.422 0.425 0.153 1    
545:  0.383 0.448 0.169 1    
546:  0.425 0.515 0.061 1    
547:  0.392 0.400 0.208 1    
548:  0.430 0.488 0.082 1    
549:  0.459 0.421 0.120 1    
550:  0.432 0.496 0.072 1    
551:  0.409 0.478 0.114 1    
552:  0.435 0.385 0.180 1    
553:  0.385 0.424 0.190 1    
554:  0.439 0.452 0.109 1    
555:  0.419 0.333 0.248 1    
556:  0.387 0.380 0.233 1    
557:  0.336 0.335 0.329 1    
558:  0.313 0.292 0.394 1    
559:  0.088 0.081 0.831 1    
560:  0.324 0.356 0.320 1    
561:  0.162 0.107 0.730 1    
562:  0.242 0.258 0.500 1    
563:  0.088 0.083 0.829 1    
564:  0.247 0.199 0.553 1    
565:  0.088 0.089 0.824 1    
566:  0.235 0.242 0.523 1    
567:  0.194 0.186 0.620 1    
568:  0.378 0.406 0.216 1    
569:  0.206 0.172 0.621 1    
570:  0.304 0.295 0.402 1    
571:  0.206 0.183 0.611 1    
572:  0.183 0.148 0.669 1    
573:  0.087 0.087 0.826 1    
574:  0.242 0.236 0.522 1    
575:  0.177 0.175 0.648 1    
576:  0.180 0.181 0.639 1    
577:  0.111 0.111 0.779 1    
578:  0.165 0.172 0.662 1    
579:  0.139 0.142 0.718 1    
580:  0.085 0.088 0.827 1    
581:  0.208 0.226 0.566 1    
582:  0.120 0.115 0.765 1    
583:  0.076 0.074 0.850 1    
584:  0.114 0.100 0.786 1    
585:  0.091 0.093 0.816 1    
586:  0.217 0.203 0.580 1    
587:  0.271 0.267 0.462 1    
588:  0.252 0.255 0.493 1    
589:  0.300 0.251 0.449 1    
590:  0.075 0.069 0.856 1    
591:  0.176 0.160 0.665 1    
592:  0.135 0.122 0.742 1    
593:  0.182 0.177 0.641 1    
594:  0.068 0.070 0.862 1    
595:  0.094 0.082 0.823 1    
596:  0.140 0.136 0.724 1    
597:  0.116 0.112 0.772 1    
598:  0.055 0.051 0.894 1    
599:  0.120 0.111 0.769 1    
600:  0.388 0.345 0.267 1    
601:  0.136 0.117 0.747 1    
602:  0.056 0.052 0.892 1    
603:  0.180 0.149 0.670 1    
604:  0.109 0.108 0.782 1    
605:  0.092 0.095 0.814 1    
606:  0.256 0.254 0.491 1    
607:  0.252 0.250 0.499 1    
608:  0.113 0.098 0.789 1    
609:  0.256 0.220 0.524 1    
610:  0.077 0.075 0.848 1    
611:  0.245 0.221 0.534 1    
612:  0.072 0.066 0.862 1    
613:  0.255 0.247 0.498 1    
614:  0.118 0.117 0.765 1    
615:  0.200 0.149 0.650 1    
616:  0.126 0.124 0.750 1    
617:  0.175 0.191 0.634 1    
618:  0.087 0.082 0.831 1    
619:  0.068 0.064 0.867 1    
620:  0.054 0.053 0.893 1    
621:  0.113 0.104 0.783 1    
622:  0.097 0.095 0.808 1    
623:  0.084 0.083 0.833 1    
624:  0.115 0.117 0.769 1    
625:  0.092 0.088 0.820 1    
626:  0.055 0.051 0.894 1    
627:  0.082 0.067 0.851 1    
628:  0.062 0.065 0.873 1    
629:  0.076 0.072 0.852 1    
630:  0.108 0.096 0.795 1    
631:  0.065 0.063 0.872 1    
632:  0.244 0.178 0.579 1    
633:  0.064 0.061 0.875 1    
634:  0.179 0.197 0.623 1    
635:  0.171 0.167 0.663 1    
636:  0.117 0.106 0.777 1    
637:  0.057 0.054 0.889 1    
638:  0.159 0.153 0.687 1    
639:  0.094 0.067 0.840 1    
640:  0.093 0.083 0.825 1    
641:  0.088 0.086 0.826 1    
642:  0.105 0.104 0.791 1    
643:  0.078 0.080 0.842 1    
644:  0.138 0.108 0.754 1    
645:  0.160 0.107 0.733 1    
646:  0.100 0.095 0.805 1    
647:  0.293 0.286 0.420 1    
648:  0.221 0.191 0.588 1    
649:  0.077 0.077 0.847 1    
650:  0.176 0.164 0.660 1    
651:  0.117 0.091 0.792 1    
652:  0.147 0.116 0.737 1    
653:  0.139 0.140 0.721 1    
654:  0.084 0.081 0.835 1    
655:  0.081 0.083 0.835 1    
656:  0.048 0.047 0.905 1    
657:  0.063 0.060 0.877 1    
658:  0.103 0.103 0.794 1    
659:  0.208 0.191 0.601 1    
660:  0.059 0.056 0.886 1    
661:  0.252 0.239 0.509 1    
662:  0.061 0.060 0.880 1    
663:  0.137 0.134 0.730 1    
664:  0.118 0.124 0.758 1    
