1:    0.222 0.233 0.232 0.049 0.040 0.224 1    
2:    0.249 0.209 0.231 0.012 0.023 0.276 1    
3:    0.225 0.255 0.253 0.051 0.012 0.204 1    
4:    0.279 0.214 0.229 0.011 0.009 0.257 1    
5:    0.232 0.252 0.263 0.037 0.014 0.203 1    
6:    0.128 0.109 0.129 0.042 0.464 0.127 1    
7:    0.221 0.213 0.235 0.013 0.073 0.245 1    
8:    0.227 0.281 0.286 0.013 0.010 0.182 1    
9:    0.145 0.166 0.164 0.303 0.055 0.167 1    
10:   0.210 0.265 0.277 0.015 0.044 0.189 1    
11:   0.137 0.190 0.168 0.129 0.156 0.220 1    
12:   0.203 0.268 0.223 0.024 0.034 0.247 1    
13:   0.129 0.113 0.119 0.089 0.434 0.116 1    
14:   0.217 0.197 0.204 0.036 0.120 0.227 1    
15:   0.222 0.225 0.244 0.025 0.033 0.250 1    
16:   0.224 0.238 0.211 0.031 0.029 0.267 1    
17:   0.241 0.239 0.251 0.015 0.015 0.238 1    
18:   0.191 0.177 0.192 0.234 0.049 0.157 1    
19:   0.239 0.252 0.223 0.014 0.035 0.237 1    
20:   0.232 0.214 0.238 0.048 0.021 0.248 1    
21:   0.258 0.169 0.197 0.024 0.134 0.218 1    
22:   0.203 0.230 0.171 0.011 0.031 0.355 1    
23:   0.238 0.253 0.271 0.029 0.010 0.199 1    
24:   0.295 0.167 0.207 0.031 0.048 0.252 1    
25:   0.262 0.247 0.260 0.032 0.013 0.185 1    
26:   0.151 0.173 0.177 0.021 0.310 0.168 1    
27:   0.197 0.232 0.245 0.019 0.026 0.282 1    
28:   0.197 0.247 0.305 0.026 0.043 0.182 1    
29:   0.246 0.235 0.249 0.025 0.043 0.203 1    
30:   0.185 0.218 0.212 0.158 0.063 0.164 1    
31:   0.226 0.222 0.218 0.152 0.025 0.158 1    
32:   0.243 0.228 0.266 0.023 0.026 0.214 1    
33:   0.241 0.218 0.244 0.023 0.049 0.225 1    
34:   0.224 0.236 0.224 0.109 0.014 0.193 1    
35:   0.291 0.232 0.252 0.024 0.022 0.178 1    
36:   0.153 0.136 0.151 0.204 0.220 0.136 1    
37:   0.183 0.230 0.225 0.016 0.012 0.334 1    
38:   0.214 0.240 0.224 0.049 0.054 0.218 1    
39:   0.205 0.227 0.173 0.041 0.059 0.295 1    
40:   0.283 0.229 0.259 0.064 0.014 0.151 1    
41:   0.103 0.107 0.103 0.452 0.131 0.104 1    
42:   0.214 0.219 0.241 0.063 0.095 0.168 1    
43:   0.249 0.214 0.223 0.012 0.034 0.268 1    
44:   0.243 0.268 0.254 0.031 0.024 0.180 1    
45:   0.219 0.226 0.261 0.021 0.025 0.248 1    
46:   0.295 0.192 0.231 0.031 0.023 0.228 1    
47:   0.207 0.243 0.234 0.094 0.025 0.198 1    
48:   0.239 0.181 0.202 0.018 0.049 0.312 1    
49:   0.229 0.217 0.241 0.038 0.051 0.224 1    
50:   0.225 0.231 0.198 0.030 0.042 0.274 1    
51:   0.180 0.235 0.182 0.057 0.049 0.297 1    
52:   0.249 0.258 0.235 0.027 0.012 0.218 1    
53:   0.227 0.252 0.229 0.039 0.028 0.225 1    
54:   0.158 0.191 0.161 0.082 0.204 0.203 1    
55:   0.235 0.268 0.274 0.026 0.031 0.166 1    
56:   0.175 0.267 0.184 0.049 0.020 0.306 1    
57:   0.265 0.232 0.218 0.060 0.021 0.204 1    
58:   0.212 0.254 0.260 0.029 0.018 0.228 1    
59:   0.170 0.232 0.240 0.027 0.157 0.174 1    
60:   0.286 0.252 0.248 0.017 0.013 0.184 1    
61:   0.229 0.174 0.209 0.064 0.115 0.208 1    
62:   0.219 0.244 0.227 0.040 0.017 0.252 1    
63:   0.269 0.216 0.244 0.012 0.020 0.238 1    
64:   0.207 0.243 0.204 0.023 0.028 0.295 1    
65:   0.222 0.243 0.213 0.098 0.069 0.155 1    
66:   0.269 0.219 0.222 0.019 0.034 0.237 1    
67:   0.061 0.063 0.058 0.512 0.239 0.068 1    
68:   0.269 0.204 0.211 0.030 0.041 0.244 1    
69:   0.244 0.257 0.259 0.021 0.015 0.203 1    
70:   0.246 0.252 0.276 0.019 0.030 0.178 1    
71:   0.206 0.205 0.221 0.021 0.047 0.300 1    
72:   0.166 0.161 0.163 0.110 0.136 0.265 1    
73:   0.197 0.243 0.194 0.025 0.044 0.297 1    
74:   0.250 0.219 0.215 0.012 0.030 0.273 1    
75:   0.179 0.208 0.210 0.063 0.082 0.259 1    
76:   0.242 0.203 0.227 0.028 0.019 0.281 1    
77:   0.254 0.249 0.243 0.012 0.012 0.230 1    
78:   0.210 0.232 0.254 0.012 0.043 0.249 1    
79:   0.243 0.212 0.235 0.017 0.011 0.280 1    
80:   0.221 0.228 0.228 0.014 0.019 0.290 1    
81:   0.204 0.211 0.218 0.040 0.070 0.256 1    
82:   0.211 0.227 0.200 0.029 0.030 0.303 1    
83:   0.233 0.209 0.224 0.024 0.099 0.212 1    
84:   0.245 0.219 0.249 0.036 0.023 0.228 1    
85:   0.217 0.271 0.240 0.032 0.013 0.227 1    
86:   0.185 0.270 0.227 0.051 0.016 0.251 1    
87:   0.161 0.221 0.176 0.030 0.110 0.302 1    
88:   0.240 0.233 0.243 0.014 0.027 0.243 1    
89:   0.203 0.236 0.192 0.018 0.024 0.327 1    
90:   0.254 0.253 0.252 0.031 0.027 0.184 1    
91:   0.212 0.232 0.294 0.030 0.015 0.217 1    
92:   0.257 0.270 0.245 0.044 0.016 0.169 1    
93:   0.213 0.227 0.220 0.028 0.100 0.212 1    
94:   0.203 0.274 0.216 0.019 0.015 0.272 1    
95:   0.224 0.227 0.244 0.011 0.037 0.256 1    
96:   0.155 0.164 0.177 0.261 0.100 0.142 1    
97:   0.266 0.213 0.196 0.017 0.013 0.295 1    
98:   0.237 0.235 0.241 0.027 0.042 0.218 1    
99:   0.259 0.274 0.251 0.023 0.028 0.164 1    
100:  0.256 0.244 0.251 0.051 0.022 0.176 1    
101:  0.204 0.247 0.268 0.016 0.012 0.252 1    
102:  0.190 0.260 0.240 0.009 0.019 0.281 1    
103:  0.187 0.286 0.180 0.010 0.017 0.320 1    
104:  0.208 0.227 0.242 0.016 0.016 0.290 1    
105:  0.202 0.160 0.170 0.209 0.052 0.207 1    
106:  0.235 0.271 0.262 0.013 0.012 0.207 1    
107:  0.195 0.208 0.198 0.106 0.140 0.152 1    
108:  0.237 0.245 0.266 0.019 0.036 0.197 1    
109:  0.239 0.248 0.252 0.015 0.011 0.235 1    
110:  0.191 0.246 0.226 0.011 0.011 0.315 1    
111:  0.225 0.222 0.224 0.009 0.080 0.241 1    
112:  0.235 0.247 0.280 0.028 0.016 0.194 1    
113:  0.234 0.247 0.230 0.016 0.013 0.260 1    
114:  0.175 0.185 0.199 0.037 0.162 0.242 1    
115:  0.241 0.232 0.247 0.038 0.030 0.212 1    
116:  0.247 0.236 0.265 0.044 0.022 0.186 1    
117:  0.294 0.220 0.230 0.024 0.027 0.205 1    
118:  0.280 0.236 0.237 0.017 0.012 0.218 1    
119:  0.206 0.204 0.210 0.072 0.092 0.216 1    
120:  0.195 0.230 0.185 0.027 0.050 0.312 1    
121:  0.244 0.259 0.224 0.026 0.013 0.233 1    
122:  0.213 0.237 0.227 0.091 0.029 0.202 1    
123:  0.180 0.182 0.211 0.113 0.136 0.178 1    
124:  0.210 0.238 0.231 0.041 0.029 0.252 1    
125:  0.267 0.221 0.226 0.019 0.013 0.252 1    
126:  0.166 0.208 0.181 0.071 0.095 0.278 1    
127:  0.226 0.238 0.223 0.081 0.018 0.215 1    
128:  0.275 0.222 0.233 0.023 0.032 0.215 1    
129:  0.195 0.172 0.181 0.018 0.233 0.201 1    
130:  0.054 0.057 0.060 0.206 0.575 0.049 1    
131:  0.209 0.250 0.249 0.016 0.025 0.251 1    
132:  0.265 0.249 0.235 0.024 0.021 0.206 1    
133:  0.253 0.200 0.227 0.090 0.044 0.186 1    
134:  0.241 0.242 0.255 0.024 0.018 0.221 1    
135:  0.181 0.240 0.232 0.012 0.024 0.311 1    
136:  0.261 0.265 0.257 0.036 0.033 0.148 1    
137:  0.278 0.170 0.209 0.036 0.034 0.273 1    
138:  0.240 0.182 0.198 0.159 0.019 0.204 1    
139:  0.288 0.184 0.219 0.033 0.017 0.259 1    
140:  0.168 0.147 0.169 0.266 0.090 0.159 1    
141:  0.035 0.039 0.040 0.085 0.765 0.037 1    
142:  0.220 0.264 0.279 0.034 0.032 0.171 1    
143:  0.113 0.104 0.097 0.398 0.160 0.127 1    
144:  0.201 0.304 0.239 0.013 0.033 0.210 1    
145:  0.208 0.284 0.216 0.026 0.030 0.236 1    
146:  0.207 0.256 0.260 0.024 0.062 0.191 1    
147:  0.219 0.185 0.214 0.061 0.114 0.207 1    
148:  0.193 0.312 0.230 0.016 0.025 0.223 1    
149:  0.202 0.235 0.285 0.037 0.039 0.202 1    
150:  0.197 0.318 0.266 0.011 0.012 0.196 1    
151:  0.285 0.225 0.240 0.041 0.021 0.188 1    
152:  0.268 0.184 0.221 0.028 0.032 0.267 1    
153:  0.185 0.178 0.200 0.247 0.036 0.153 1    
154:  0.282 0.260 0.262 0.017 0.015 0.164 1    
155:  0.255 0.242 0.225 0.031 0.027 0.220 1    
156:  0.209 0.247 0.223 0.079 0.047 0.195 1    
157:  0.230 0.258 0.234 0.021 0.027 0.229 1    
158:  0.242 0.232 0.234 0.023 0.054 0.214 1    
159:  0.253 0.260 0.279 0.030 0.010 0.167 1    
160:  0.247 0.225 0.253 0.038 0.025 0.211 1    
161:  0.283 0.247 0.271 0.024 0.016 0.160 1    
162:  0.241 0.226 0.211 0.027 0.043 0.253 1    
163:  0.305 0.175 0.222 0.027 0.022 0.249 1    
164:  0.315 0.173 0.219 0.013 0.015 0.264 1    
165:  0.205 0.252 0.205 0.054 0.012 0.273 1    
166:  0.197 0.209 0.180 0.120 0.060 0.234 1    
167:  0.287 0.186 0.220 0.025 0.014 0.268 1    
168:  0.281 0.236 0.225 0.018 0.035 0.205 1    
169:  0.239 0.201 0.220 0.099 0.040 0.201 1    
170:  0.163 0.165 0.174 0.333 0.034 0.130 1    
171:  0.262 0.193 0.216 0.067 0.014 0.248 1    
172:  0.235 0.175 0.183 0.058 0.137 0.212 1    
173:  0.292 0.178 0.225 0.014 0.036 0.255 1    
174:  0.311 0.179 0.231 0.014 0.015 0.251 1    
175:  0.258 0.221 0.221 0.032 0.063 0.205 1    
176:  0.256 0.201 0.225 0.099 0.044 0.174 1    
177:  0.040 0.046 0.048 0.657 0.174 0.035 1    
178:  0.071 0.064 0.057 0.655 0.072 0.081 1    
179:  0.027 0.028 0.027 0.879 0.014 0.024 1    
180:  0.187 0.264 0.185 0.034 0.012 0.319 1    
181:  0.027 0.027 0.027 0.872 0.024 0.023 1    
182:  0.033 0.040 0.037 0.775 0.079 0.036 1    
183:  0.078 0.077 0.077 0.605 0.092 0.070 1    
184:  0.088 0.093 0.096 0.490 0.162 0.072 1    
185:  0.071 0.062 0.066 0.518 0.216 0.068 1    
186:  0.066 0.080 0.064 0.569 0.135 0.086 1    
187:  0.158 0.150 0.167 0.083 0.290 0.153 1    
188:  0.140 0.210 0.157 0.110 0.184 0.199 1    
189:  0.018 0.021 0.020 0.896 0.021 0.024 1    
190:  0.123 0.152 0.148 0.430 0.012 0.135 1    
191:  0.114 0.139 0.110 0.164 0.265 0.208 1    
192:  0.012 0.012 0.012 0.932 0.021 0.012 1    
193:  0.011 0.011 0.011 0.941 0.015 0.011 1    
194:  0.017 0.016 0.016 0.908 0.023 0.020 1    
195:  0.016 0.014 0.015 0.927 0.014 0.014 1    
196:  0.025 0.023 0.024 0.816 0.088 0.023 1    
197:  0.013 0.012 0.013 0.938 0.013 0.011 1    
198:  0.046 0.045 0.040 0.818 0.016 0.034 1    
199:  0.024 0.028 0.026 0.881 0.012 0.030 1    
200:  0.067 0.068 0.073 0.652 0.082 0.057 1    
201:  0.134 0.144 0.137 0.084 0.354 0.147 1    
202:  0.019 0.016 0.019 0.919 0.011 0.015 1    
203:  0.043 0.038 0.036 0.792 0.055 0.037 1    
204:  0.013 0.013 0.012 0.922 0.028 0.012 1    
205:  0.027 0.027 0.027 0.872 0.021 0.026 1    
206:  0.037 0.038 0.043 0.727 0.122 0.033 1    
207:  0.069 0.087 0.078 0.190 0.455 0.121 1    
208:  0.012 0.012 0.012 0.010 0.943 0.011 1    
209:  0.090 0.101 0.102 0.111 0.497 0.099 1    
210:  0.016 0.015 0.016 0.130 0.807 0.016 1    
211:  0.038 0.035 0.035 0.018 0.842 0.032 1    
212:  0.038 0.046 0.048 0.777 0.049 0.042 1    
213:  0.022 0.025 0.024 0.022 0.880 0.026 1    
214:  0.027 0.028 0.029 0.143 0.742 0.031 1    
215:  0.013 0.014 0.013 0.874 0.072 0.015 1    
216:  0.046 0.040 0.040 0.487 0.349 0.038 1    
217:  0.027 0.027 0.029 0.686 0.207 0.025 1    
218:  0.027 0.027 0.027 0.878 0.019 0.023 1    
219:  0.023 0.028 0.021 0.176 0.719 0.032 1    
220:  0.044 0.051 0.047 0.130 0.673 0.056 1    
221:  0.129 0.106 0.124 0.042 0.474 0.125 1    
222:  0.021 0.016 0.020 0.039 0.884 0.019 1    
223:  0.019 0.018 0.019 0.893 0.031 0.021 1    
224:  0.175 0.223 0.215 0.114 0.069 0.205 1    
225:  0.087 0.116 0.099 0.521 0.086 0.090 1    
226:  0.020 0.019 0.019 0.892 0.031 0.019 1    
227:  0.076 0.084 0.089 0.519 0.124 0.108 1    
228:  0.041 0.043 0.045 0.795 0.033 0.043 1    
229:  0.019 0.017 0.020 0.020 0.906 0.018 1    
230:  0.026 0.025 0.024 0.018 0.881 0.025 1    
231:  0.020 0.019 0.021 0.860 0.059 0.020 1    
232:  0.015 0.015 0.016 0.025 0.915 0.014 1    
233:  0.022 0.024 0.024 0.027 0.881 0.023 1    
234:  0.284 0.198 0.211 0.036 0.034 0.237 1    
235:  0.050 0.051 0.054 0.036 0.764 0.044 1    
236:  0.024 0.031 0.030 0.015 0.865 0.034 1    
237:  0.034 0.040 0.035 0.058 0.789 0.044 1    
238:  0.039 0.037 0.040 0.352 0.494 0.039 1    
239:  0.041 0.062 0.055 0.025 0.777 0.040 1    
240:  0.043 0.051 0.055 0.031 0.776 0.043 1    
241:  0.247 0.236 0.234 0.069 0.049 0.165 1    
242:  0.080 0.092 0.086 0.141 0.524 0.076 1    
243:  0.022 0.025 0.022 0.018 0.883 0.028 1    
244:  0.146 0.126 0.133 0.171 0.281 0.143 1    
245:  0.011 0.011 0.012 0.025 0.928 0.012 1    
246:  0.056 0.056 0.062 0.169 0.594 0.062 1    
247:  0.048 0.056 0.058 0.077 0.720 0.042 1    
248:  0.034 0.035 0.040 0.065 0.787 0.039 1    
249:  0.068 0.084 0.078 0.035 0.633 0.103 1    
250:  0.174 0.139 0.143 0.110 0.244 0.190 1    
251:  0.017 0.016 0.016 0.052 0.883 0.016 1    
252:  0.016 0.016 0.017 0.013 0.921 0.017 1    
253:  0.039 0.036 0.041 0.162 0.685 0.037 1    
254:  0.053 0.072 0.061 0.073 0.651 0.089 1    
255:  0.016 0.016 0.017 0.121 0.814 0.016 1    
256:  0.013 0.013 0.013 0.022 0.928 0.012 1    
257:  0.015 0.014 0.015 0.062 0.877 0.017 1    
258:  0.049 0.047 0.055 0.068 0.729 0.052 1    
259:  0.040 0.040 0.038 0.081 0.761 0.040 1    
                       
                       
1:    0.053 0.249 0.192 0.210 0.040 0.256 1    
2:    0.012 0.257 0.255 0.223 0.023 0.229 1    
3:    0.047 0.178 0.197 0.315 0.013 0.250 1    
4:    0.011 0.202 0.273 0.282 0.010 0.221 1    
5:    0.033 0.188 0.191 0.322 0.014 0.252 1    
6:    0.042 0.092 0.127 0.161 0.456 0.122 1    
7:    0.014 0.197 0.234 0.260 0.073 0.221 1    
8:    0.014 0.167 0.176 0.348 0.010 0.285 1    
9:    0.313 0.191 0.139 0.152 0.058 0.147 1    
10:   0.017 0.170 0.194 0.303 0.041 0.276 1    
11:   0.127 0.210 0.172 0.178 0.152 0.161 1    
12:   0.025 0.246 0.191 0.257 0.035 0.245 1    
13:   0.092 0.108 0.135 0.124 0.429 0.112 1    
14:   0.037 0.203 0.232 0.204 0.120 0.204 1    
15:   0.026 0.280 0.227 0.211 0.031 0.226 1    
16:   0.032 0.290 0.230 0.195 0.028 0.226 1    
17:   0.016 0.290 0.223 0.175 0.015 0.282 1    
18:   0.232 0.160 0.165 0.199 0.054 0.190 1    
19:   0.016 0.231 0.216 0.245 0.037 0.255 1    
20:   0.049 0.285 0.206 0.198 0.022 0.239 1    
21:   0.026 0.191 0.259 0.191 0.139 0.194 1    
22:   0.012 0.339 0.246 0.184 0.027 0.191 1    
23:   0.030 0.216 0.196 0.291 0.010 0.257 1    
24:   0.034 0.198 0.322 0.202 0.057 0.187 1    
25:   0.034 0.189 0.213 0.275 0.014 0.277 1    
26:   0.021 0.162 0.144 0.185 0.313 0.173 1    
27:   0.019 0.300 0.247 0.165 0.027 0.243 1    
28:   0.028 0.162 0.165 0.350 0.045 0.250 1    
29:   0.027 0.223 0.261 0.210 0.043 0.237 1    
30:   0.163 0.187 0.164 0.216 0.064 0.206 1    
31:   0.150 0.192 0.214 0.187 0.026 0.231 1    
32:   0.023 0.218 0.230 0.249 0.027 0.254 1    
33:   0.023 0.203 0.282 0.216 0.054 0.222 1    
34:   0.116 0.216 0.198 0.230 0.014 0.226 1    
35:   0.022 0.223 0.253 0.196 0.021 0.284 1    
36:   0.202 0.135 0.146 0.154 0.218 0.146 1    
37:   0.016 0.342 0.271 0.142 0.012 0.217 1    
38:   0.049 0.243 0.214 0.209 0.050 0.234 1    
39:   0.045 0.279 0.230 0.214 0.057 0.175 1    
40:   0.074 0.211 0.255 0.172 0.014 0.273 1    
41:   0.467 0.104 0.098 0.102 0.128 0.101 1    
42:   0.055 0.182 0.207 0.219 0.099 0.239 1    
43:   0.011 0.257 0.292 0.184 0.037 0.219 1    
44:   0.031 0.221 0.214 0.246 0.024 0.264 1    
45:   0.020 0.296 0.225 0.186 0.027 0.246 1    
46:   0.034 0.225 0.281 0.207 0.023 0.231 1    
47:   0.101 0.202 0.192 0.257 0.025 0.223 1    
48:   0.018 0.254 0.289 0.199 0.054 0.186 1    
49:   0.036 0.213 0.228 0.235 0.050 0.238 1    
50:   0.028 0.271 0.256 0.201 0.050 0.196 1    
51:   0.060 0.300 0.195 0.212 0.049 0.185 1    
52:   0.027 0.272 0.212 0.235 0.014 0.240 1    
53:   0.038 0.254 0.226 0.191 0.026 0.265 1    
54:   0.082 0.199 0.165 0.161 0.204 0.188 1    
55:   0.027 0.190 0.206 0.265 0.033 0.279 1    
56:   0.049 0.300 0.202 0.237 0.019 0.194 1    
57:   0.066 0.226 0.234 0.197 0.022 0.255 1    
58:   0.030 0.206 0.223 0.273 0.017 0.250 1    
59:   0.026 0.146 0.170 0.298 0.152 0.209 1    
60:   0.017 0.209 0.245 0.231 0.012 0.286 1    
61:   0.066 0.181 0.249 0.193 0.114 0.197 1    
62:   0.034 0.288 0.212 0.216 0.018 0.232 1    
63:   0.012 0.227 0.242 0.251 0.018 0.250 1    
64:   0.023 0.281 0.281 0.179 0.028 0.209 1    
65:   0.105 0.172 0.212 0.214 0.072 0.226 1    
66:   0.019 0.214 0.291 0.205 0.033 0.238 1    
67:   0.475 0.078 0.061 0.071 0.252 0.063 1    
68:   0.027 0.199 0.306 0.214 0.044 0.210 1    
69:   0.023 0.215 0.254 0.249 0.015 0.244 1    
70:   0.018 0.230 0.242 0.213 0.029 0.268 1    
71:   0.019 0.303 0.200 0.222 0.046 0.210 1    
72:   0.105 0.243 0.184 0.166 0.141 0.160 1    
73:   0.025 0.288 0.214 0.232 0.044 0.197 1    
74:   0.012 0.255 0.268 0.210 0.029 0.226 1    
75:   0.064 0.282 0.198 0.152 0.088 0.216 1    
76:   0.028 0.217 0.281 0.239 0.019 0.216 1    
77:   0.011 0.269 0.227 0.216 0.012 0.264 1    
78:   0.012 0.188 0.187 0.335 0.044 0.233 1    
79:   0.017 0.291 0.239 0.207 0.011 0.236 1    
80:   0.014 0.330 0.241 0.175 0.021 0.218 1    
81:   0.046 0.290 0.203 0.167 0.073 0.222 1    
82:   0.029 0.313 0.210 0.209 0.029 0.209 1    
83:   0.023 0.224 0.208 0.227 0.099 0.219 1    
84:   0.039 0.201 0.222 0.267 0.022 0.249 1    
85:   0.033 0.208 0.187 0.316 0.013 0.242 1    
86:   0.059 0.244 0.166 0.303 0.016 0.212 1    
87:   0.031 0.286 0.225 0.185 0.112 0.160 1    
88:   0.016 0.271 0.218 0.210 0.028 0.257 1    
89:   0.018 0.316 0.204 0.237 0.025 0.199 1    
90:   0.028 0.220 0.243 0.213 0.029 0.267 1    
91:   0.027 0.265 0.205 0.223 0.015 0.266 1    
92:   0.046 0.227 0.257 0.196 0.017 0.257 1    
93:   0.028 0.203 0.171 0.253 0.104 0.241 1    
94:   0.020 0.288 0.195 0.271 0.015 0.211 1    
95:   0.013 0.240 0.212 0.237 0.042 0.257 1    
96:   0.241 0.132 0.104 0.240 0.098 0.185 1    
97:   0.018 0.218 0.343 0.215 0.013 0.192 1    
98:   0.029 0.201 0.244 0.258 0.044 0.224 1    
99:   0.023 0.205 0.220 0.230 0.029 0.293 1    
100:  0.047 0.204 0.219 0.231 0.022 0.276 1    
101:  0.016 0.221 0.207 0.297 0.012 0.247 1    
102:  0.009 0.271 0.207 0.236 0.018 0.259 1    
103:  0.011 0.316 0.231 0.232 0.016 0.194 1    
104:  0.016 0.301 0.248 0.175 0.016 0.243 1    
105:  0.197 0.169 0.210 0.201 0.054 0.167 1    
106:  0.013 0.249 0.201 0.242 0.011 0.284 1    
107:  0.114 0.174 0.182 0.176 0.144 0.209 1    
108:  0.019 0.192 0.208 0.293 0.041 0.247 1    
109:  0.016 0.260 0.220 0.230 0.012 0.262 1    
110:  0.012 0.343 0.245 0.153 0.011 0.236 1    
111:  0.009 0.213 0.202 0.268 0.077 0.232 1    
112:  0.030 0.254 0.227 0.207 0.015 0.266 1    
113:  0.017 0.223 0.178 0.322 0.013 0.248 1    
114:  0.039 0.262 0.182 0.147 0.175 0.195 1    
115:  0.041 0.234 0.227 0.219 0.031 0.248 1    
116:  0.042 0.210 0.221 0.252 0.026 0.248 1    
117:  0.026 0.229 0.268 0.191 0.028 0.257 1    
118:  0.019 0.271 0.236 0.197 0.014 0.264 1    
119:  0.075 0.214 0.193 0.213 0.096 0.209 1    
120:  0.028 0.309 0.217 0.196 0.044 0.206 1    
121:  0.029 0.283 0.221 0.199 0.013 0.255 1    
122:  0.089 0.257 0.194 0.207 0.028 0.225 1    
123:  0.095 0.206 0.160 0.186 0.154 0.198 1    
124:  0.039 0.255 0.237 0.196 0.028 0.245 1    
125:  0.019 0.242 0.247 0.232 0.014 0.246 1    
126:  0.074 0.273 0.187 0.187 0.093 0.185 1    
127:  0.079 0.238 0.227 0.190 0.018 0.248 1    
128:  0.024 0.224 0.256 0.190 0.038 0.268 1    
129:  0.018 0.189 0.195 0.183 0.243 0.171 1    
130:  0.213 0.056 0.050 0.055 0.569 0.057 1    
131:  0.014 0.274 0.235 0.180 0.024 0.274 1    
132:  0.024 0.244 0.249 0.184 0.020 0.279 1    
133:  0.090 0.176 0.261 0.206 0.046 0.220 1    
134:  0.023 0.205 0.203 0.293 0.021 0.255 1    
135:  0.012 0.279 0.240 0.205 0.024 0.241 1    
136:  0.033 0.224 0.226 0.189 0.034 0.293 1    
137:  0.040 0.187 0.342 0.214 0.037 0.180 1    
138:  0.155 0.174 0.269 0.201 0.022 0.180 1    
139:  0.033 0.195 0.350 0.210 0.019 0.193 1    
140:  0.260 0.142 0.186 0.167 0.096 0.149 1    
141:  0.087 0.035 0.034 0.048 0.754 0.042 1    
142:  0.036 0.196 0.194 0.289 0.035 0.250 1    
143:  0.386 0.124 0.108 0.123 0.157 0.102 1    
144:  0.014 0.196 0.177 0.335 0.035 0.243 1    
145:  0.027 0.229 0.189 0.289 0.031 0.236 1    
146:  0.029 0.165 0.193 0.301 0.058 0.253 1    
147:  0.067 0.166 0.262 0.211 0.113 0.181 1    
148:  0.016 0.239 0.169 0.312 0.028 0.235 1    
149:  0.035 0.213 0.196 0.251 0.039 0.266 1    
150:  0.011 0.213 0.166 0.357 0.013 0.240 1    
151:  0.049 0.212 0.244 0.213 0.023 0.259 1    
152:  0.029 0.180 0.332 0.229 0.033 0.195 1    
153:  0.270 0.149 0.180 0.191 0.036 0.174 1    
154:  0.016 0.228 0.255 0.186 0.013 0.302 1    
155:  0.033 0.241 0.230 0.217 0.028 0.251 1    
156:  0.079 0.199 0.199 0.251 0.047 0.225 1    
157:  0.020 0.231 0.204 0.295 0.027 0.223 1    
158:  0.022 0.213 0.292 0.211 0.056 0.206 1    
159:  0.033 0.233 0.205 0.227 0.010 0.291 1    
160:  0.044 0.182 0.235 0.265 0.028 0.246 1    
161:  0.023 0.222 0.281 0.177 0.017 0.279 1    
162:  0.029 0.243 0.231 0.225 0.043 0.228 1    
163:  0.030 0.200 0.326 0.206 0.024 0.214 1    
164:  0.015 0.211 0.339 0.207 0.015 0.213 1    
165:  0.042 0.320 0.200 0.205 0.011 0.222 1    
166:  0.118 0.238 0.201 0.196 0.059 0.188 1    
167:  0.027 0.197 0.345 0.215 0.016 0.201 1    
168:  0.019 0.219 0.232 0.251 0.035 0.244 1    
169:  0.116 0.185 0.240 0.206 0.041 0.212 1    
170:  0.310 0.146 0.137 0.193 0.036 0.179 1    
171:  0.060 0.198 0.334 0.207 0.014 0.186 1    
172:  0.059 0.172 0.256 0.174 0.150 0.189 1    
173:  0.014 0.225 0.312 0.187 0.036 0.225 1    
174:  0.014 0.223 0.312 0.196 0.016 0.239 1    
175:  0.035 0.191 0.284 0.212 0.068 0.210 1    
176:  0.092 0.217 0.211 0.204 0.043 0.233 1    
177:  0.655 0.037 0.033 0.052 0.181 0.042 1    
178:  0.639 0.087 0.069 0.066 0.074 0.064 1    
179:  0.880 0.027 0.026 0.024 0.015 0.028 1    
180:  0.040 0.317 0.192 0.244 0.012 0.195 1    
181:  0.872 0.026 0.025 0.025 0.025 0.027 1    
182:  0.775 0.039 0.034 0.039 0.073 0.040 1    
183:  0.592 0.074 0.077 0.082 0.097 0.079 1    
184:  0.514 0.085 0.075 0.085 0.164 0.078 1    
185:  0.518 0.055 0.079 0.073 0.216 0.059 1    
186:  0.593 0.093 0.065 0.073 0.112 0.064 1    
187:  0.080 0.160 0.167 0.146 0.283 0.163 1    
188:  0.125 0.208 0.125 0.195 0.187 0.159 1    
189:  0.891 0.021 0.023 0.022 0.021 0.021 1    
190:  0.439 0.124 0.119 0.161 0.013 0.144 1    
191:  0.158 0.220 0.142 0.106 0.261 0.112 1    
192:  0.931 0.012 0.012 0.011 0.022 0.012 1    
193:  0.938 0.011 0.011 0.012 0.017 0.010 1    
194:  0.909 0.018 0.017 0.017 0.022 0.018 1    
195:  0.926 0.014 0.014 0.015 0.016 0.015 1    
196:  0.816 0.024 0.025 0.026 0.083 0.024 1    
197:  0.938 0.012 0.013 0.013 0.012 0.013 1    
198:  0.806 0.041 0.049 0.043 0.016 0.045 1    
199:  0.884 0.027 0.024 0.026 0.013 0.026 1    
200:  0.610 0.061 0.056 0.105 0.084 0.084 1    
201:  0.076 0.142 0.133 0.145 0.365 0.139 1    
202:  0.915 0.017 0.019 0.018 0.012 0.019 1    
203:  0.790 0.034 0.045 0.036 0.056 0.039 1    
204:  0.922 0.012 0.013 0.012 0.029 0.013 1    
205:  0.866 0.029 0.028 0.027 0.022 0.028 1    
206:  0.731 0.034 0.040 0.041 0.121 0.033 1    
207:  0.193 0.113 0.084 0.079 0.454 0.077 1    
208:  0.011 0.012 0.012 0.011 0.940 0.014 1    
209:  0.112 0.087 0.081 0.123 0.493 0.103 1    
210:  0.133 0.015 0.016 0.018 0.802 0.016 1    
211:  0.020 0.034 0.032 0.042 0.831 0.041 1    
212:  0.779 0.044 0.040 0.041 0.046 0.049 1    
213:  0.020 0.028 0.025 0.029 0.872 0.026 1    
214:  0.160 0.035 0.033 0.032 0.709 0.030 1    
215:  0.862 0.015 0.014 0.014 0.082 0.013 1    
216:  0.484 0.040 0.037 0.046 0.348 0.045 1    
217:  0.688 0.026 0.030 0.029 0.198 0.029 1    
218:  0.877 0.024 0.027 0.026 0.018 0.028 1    
219:  0.182 0.032 0.024 0.026 0.711 0.025 1    
220:  0.135 0.047 0.045 0.071 0.641 0.061 1    
221:  0.042 0.106 0.136 0.123 0.459 0.134 1    
222:  0.041 0.018 0.022 0.021 0.883 0.017 1    
223:  0.889 0.019 0.020 0.020 0.033 0.020 1    
224:  0.123 0.203 0.165 0.224 0.066 0.220 1    
225:  0.552 0.103 0.077 0.104 0.075 0.088 1    
226:  0.895 0.018 0.019 0.018 0.032 0.018 1    
227:  0.507 0.112 0.092 0.080 0.126 0.084 1    
228:  0.786 0.051 0.039 0.043 0.034 0.047 1    
229:  0.019 0.017 0.018 0.019 0.909 0.018 1    
230:  0.019 0.027 0.027 0.024 0.878 0.025 1    
231:  0.857 0.019 0.021 0.021 0.063 0.020 1    
232:  0.023 0.013 0.015 0.017 0.916 0.016 1    
233:  0.022 0.023 0.022 0.024 0.887 0.023 1    
234:  0.040 0.222 0.292 0.180 0.034 0.232 1    
235:  0.034 0.048 0.046 0.048 0.775 0.049 1    
236:  0.017 0.038 0.030 0.028 0.862 0.025 1    
237:  0.067 0.047 0.034 0.040 0.778 0.034 1    
238:  0.349 0.037 0.044 0.036 0.496 0.038 1    
239:  0.029 0.043 0.045 0.069 0.759 0.055 1    
240:  0.035 0.040 0.039 0.088 0.733 0.066 1    
241:  0.065 0.184 0.218 0.236 0.049 0.248 1    
242:  0.134 0.080 0.084 0.080 0.527 0.096 1    
243:  0.020 0.030 0.025 0.024 0.877 0.025 1    
244:  0.164 0.130 0.155 0.131 0.295 0.126 1    
245:  0.027 0.012 0.013 0.013 0.923 0.012 1    
246:  0.170 0.066 0.065 0.060 0.587 0.052 1    
247:  0.077 0.049 0.054 0.064 0.707 0.049 1    
248:  0.067 0.035 0.038 0.039 0.788 0.034 1    
249:  0.037 0.087 0.084 0.119 0.576 0.096 1    
250:  0.102 0.153 0.202 0.152 0.256 0.136 1    
251:  0.059 0.016 0.018 0.017 0.874 0.016 1    
252:  0.014 0.018 0.017 0.019 0.915 0.017 1    
253:  0.156 0.036 0.040 0.042 0.690 0.037 1    
254:  0.069 0.086 0.070 0.072 0.636 0.067 1    
255:  0.112 0.016 0.016 0.017 0.820 0.018 1    
256:  0.022 0.012 0.012 0.012 0.930 0.012 1    
257:  0.074 0.015 0.016 0.014 0.866 0.015 1    
258:  0.073 0.050 0.044 0.063 0.716 0.054 1    
259:  0.086 0.036 0.042 0.043 0.755 0.039 1    
                       
                       
1:    0.218 0.240 0.042 0.206 0.051 0.243 1    
2:    0.210 0.253 0.023 0.305 0.012 0.197 1    
3:    0.213 0.205 0.012 0.189 0.048 0.334 1    
4:    0.237 0.231 0.010 0.259 0.012 0.250 1    
5:    0.241 0.190 0.014 0.174 0.037 0.344 1    
6:    0.124 0.111 0.466 0.111 0.045 0.142 1    
7:    0.204 0.229 0.077 0.252 0.014 0.224 1    
8:    0.234 0.191 0.011 0.187 0.015 0.363 1    
9:    0.133 0.152 0.056 0.187 0.320 0.151 1    
10:   0.240 0.197 0.040 0.170 0.016 0.338 1    
11:   0.159 0.175 0.162 0.199 0.133 0.172 1    
12:   0.210 0.236 0.039 0.262 0.024 0.228 1    
13:   0.119 0.111 0.446 0.123 0.085 0.116 1    
14:   0.213 0.210 0.123 0.234 0.039 0.181 1    
15:   0.212 0.253 0.033 0.287 0.026 0.189 1    
16:   0.203 0.246 0.030 0.307 0.032 0.182 1    
17:   0.236 0.269 0.018 0.289 0.015 0.172 1    
18:   0.185 0.175 0.049 0.150 0.224 0.217 1    
19:   0.250 0.250 0.037 0.213 0.015 0.235 1    
20:   0.197 0.258 0.024 0.301 0.050 0.170 1    
21:   0.207 0.227 0.149 0.212 0.026 0.178 1    
22:   0.170 0.275 0.031 0.358 0.012 0.154 1    
23:   0.246 0.219 0.011 0.204 0.032 0.289 1    
24:   0.227 0.235 0.054 0.255 0.035 0.194 1    
25:   0.259 0.213 0.014 0.192 0.032 0.290 1    
26:   0.181 0.160 0.291 0.157 0.022 0.188 1    
27:   0.222 0.276 0.028 0.300 0.019 0.156 1    
28:   0.210 0.197 0.042 0.173 0.027 0.351 1    
29:   0.274 0.224 0.041 0.208 0.025 0.228 1    
30:   0.216 0.185 0.061 0.169 0.164 0.205 1    
31:   0.229 0.212 0.026 0.179 0.146 0.208 1    
32:   0.268 0.241 0.026 0.204 0.021 0.241 1    
33:   0.293 0.211 0.052 0.198 0.024 0.222 1    
34:   0.235 0.222 0.013 0.198 0.104 0.228 1    
35:   0.268 0.256 0.023 0.218 0.022 0.213 1    
36:   0.142 0.146 0.211 0.134 0.208 0.159 1    
37:   0.200 0.296 0.011 0.337 0.015 0.141 1    
38:   0.239 0.216 0.048 0.229 0.051 0.216 1    
39:   0.191 0.223 0.063 0.288 0.045 0.190 1    
40:   0.266 0.245 0.015 0.194 0.069 0.212 1    
41:   0.103 0.105 0.130 0.099 0.457 0.106 1    
42:   0.231 0.201 0.096 0.183 0.058 0.231 1    
43:   0.234 0.256 0.039 0.282 0.012 0.178 1    
44:   0.264 0.223 0.024 0.210 0.028 0.251 1    
45:   0.234 0.257 0.028 0.277 0.023 0.182 1    
46:   0.251 0.252 0.024 0.249 0.037 0.187 1    
47:   0.223 0.210 0.025 0.189 0.102 0.251 1    
48:   0.197 0.249 0.053 0.310 0.017 0.174 1    
49:   0.245 0.240 0.050 0.197 0.035 0.233 1    
50:   0.218 0.236 0.049 0.288 0.029 0.179 1    
51:   0.197 0.232 0.052 0.246 0.061 0.212 1    
52:   0.242 0.237 0.013 0.274 0.028 0.207 1    
53:   0.237 0.254 0.029 0.251 0.039 0.190 1    
54:   0.169 0.177 0.209 0.198 0.084 0.163 1    
55:   0.243 0.228 0.033 0.190 0.026 0.280 1    
56:   0.202 0.243 0.021 0.263 0.051 0.220 1    
57:   0.246 0.252 0.020 0.215 0.061 0.206 1    
58:   0.264 0.217 0.017 0.199 0.029 0.273 1    
59:   0.223 0.174 0.144 0.127 0.026 0.306 1    
60:   0.254 0.257 0.013 0.201 0.018 0.258 1    
61:   0.215 0.210 0.116 0.207 0.066 0.187 1    
62:   0.227 0.244 0.018 0.263 0.035 0.212 1    
63:   0.235 0.237 0.019 0.254 0.013 0.241 1    
64:   0.217 0.245 0.029 0.314 0.024 0.171 1    
65:   0.224 0.201 0.063 0.174 0.106 0.231 1    
66:   0.244 0.249 0.033 0.238 0.019 0.218 1    
67:   0.057 0.062 0.242 0.076 0.498 0.065 1    
68:   0.262 0.234 0.041 0.244 0.030 0.189 1    
69:   0.263 0.247 0.016 0.209 0.023 0.242 1    
70:   0.278 0.233 0.028 0.219 0.019 0.222 1    
71:   0.198 0.245 0.054 0.276 0.024 0.204 1    
72:   0.135 0.202 0.160 0.252 0.107 0.143 1    
73:   0.207 0.261 0.046 0.249 0.025 0.212 1    
74:   0.249 0.246 0.030 0.259 0.012 0.204 1    
75:   0.179 0.242 0.093 0.264 0.066 0.156 1    
76:   0.204 0.257 0.020 0.256 0.029 0.234 1    
77:   0.259 0.258 0.013 0.247 0.012 0.211 1    
78:   0.204 0.220 0.046 0.219 0.011 0.300 1    
79:   0.206 0.257 0.011 0.308 0.018 0.201 1    
80:   0.213 0.266 0.020 0.301 0.015 0.185 1    
81:   0.196 0.235 0.074 0.267 0.048 0.179 1    
82:   0.211 0.235 0.031 0.290 0.029 0.203 1    
83:   0.221 0.207 0.095 0.235 0.025 0.216 1    
84:   0.216 0.230 0.023 0.226 0.038 0.267 1    
85:   0.218 0.234 0.013 0.208 0.034 0.294 1    
86:   0.214 0.213 0.016 0.193 0.049 0.315 1    
87:   0.174 0.228 0.114 0.259 0.029 0.196 1    
88:   0.232 0.258 0.028 0.281 0.016 0.184 1    
89:   0.203 0.251 0.026 0.285 0.018 0.216 1    
90:   0.259 0.256 0.029 0.194 0.032 0.229 1    
91:   0.227 0.247 0.015 0.238 0.028 0.245 1    
92:   0.259 0.250 0.016 0.196 0.044 0.234 1    
93:   0.197 0.202 0.104 0.210 0.030 0.258 1    
94:   0.222 0.234 0.016 0.244 0.020 0.263 1    
95:   0.261 0.250 0.041 0.221 0.011 0.215 1    
96:   0.159 0.144 0.094 0.123 0.225 0.255 1    
97:   0.220 0.259 0.013 0.303 0.019 0.184 1    
98:   0.242 0.250 0.043 0.196 0.028 0.240 1    
99:   0.276 0.216 0.027 0.198 0.025 0.258 1    
100:  0.254 0.227 0.023 0.191 0.052 0.253 1    
101:  0.227 0.241 0.013 0.213 0.017 0.289 1    
102:  0.224 0.253 0.019 0.244 0.010 0.250 1    
103:  0.211 0.242 0.017 0.296 0.012 0.221 1    
104:  0.213 0.290 0.018 0.286 0.017 0.176 1    
105:  0.183 0.188 0.054 0.185 0.207 0.184 1    
106:  0.273 0.251 0.012 0.212 0.013 0.239 1    
107:  0.212 0.186 0.144 0.168 0.109 0.182 1    
108:  0.265 0.219 0.037 0.177 0.019 0.284 1    
109:  0.258 0.263 0.012 0.228 0.015 0.223 1    
110:  0.218 0.290 0.011 0.330 0.012 0.139 1    
111:  0.220 0.224 0.072 0.211 0.009 0.264 1    
112:  0.240 0.261 0.016 0.219 0.030 0.234 1    
113:  0.218 0.219 0.014 0.207 0.018 0.322 1    
114:  0.176 0.218 0.183 0.233 0.044 0.146 1    
115:  0.254 0.229 0.033 0.226 0.040 0.218 1    
116:  0.284 0.242 0.023 0.159 0.043 0.249 1    
117:  0.260 0.232 0.028 0.249 0.025 0.206 1    
118:  0.263 0.248 0.013 0.252 0.019 0.206 1    
119:  0.206 0.201 0.089 0.211 0.072 0.221 1    
120:  0.192 0.253 0.052 0.295 0.030 0.179 1    
121:  0.249 0.265 0.014 0.247 0.028 0.197 1    
122:  0.213 0.221 0.030 0.245 0.091 0.199 1    
123:  0.199 0.192 0.143 0.179 0.109 0.179 1    
124:  0.234 0.244 0.027 0.267 0.038 0.189 1    
125:  0.254 0.240 0.013 0.226 0.019 0.248 1    
126:  0.195 0.208 0.100 0.240 0.077 0.179 1    
127:  0.245 0.247 0.019 0.225 0.078 0.186 1    
128:  0.232 0.269 0.039 0.218 0.024 0.218 1    
129:  0.205 0.178 0.252 0.188 0.019 0.158 1    
130:  0.054 0.060 0.583 0.050 0.194 0.058 1    
131:  0.247 0.270 0.026 0.273 0.015 0.169 1    
132:  0.261 0.262 0.022 0.230 0.022 0.203 1    
133:  0.246 0.216 0.048 0.188 0.088 0.215 1    
134:  0.251 0.234 0.021 0.189 0.026 0.280 1    
135:  0.218 0.269 0.023 0.273 0.012 0.204 1    
136:  0.254 0.246 0.037 0.196 0.036 0.231 1    
137:  0.234 0.245 0.041 0.252 0.047 0.181 1    
138:  0.211 0.183 0.020 0.210 0.170 0.206 1    
139:  0.229 0.261 0.019 0.247 0.033 0.211 1    
140:  0.162 0.171 0.099 0.147 0.261 0.160 1    
141:  0.041 0.039 0.748 0.035 0.087 0.050 1    
142:  0.267 0.205 0.031 0.170 0.037 0.291 1    
143:  0.098 0.101 0.150 0.122 0.406 0.122 1    
144:  0.262 0.193 0.032 0.184 0.013 0.316 1    
145:  0.242 0.212 0.030 0.230 0.028 0.258 1    
146:  0.229 0.204 0.056 0.170 0.028 0.313 1    
147:  0.209 0.203 0.112 0.199 0.070 0.207 1    
148:  0.262 0.202 0.028 0.191 0.016 0.301 1    
149:  0.233 0.241 0.039 0.191 0.037 0.259 1    
150:  0.270 0.188 0.011 0.179 0.011 0.339 1    
151:  0.246 0.242 0.022 0.212 0.047 0.230 1    
152:  0.240 0.246 0.036 0.234 0.032 0.212 1    
153:  0.175 0.164 0.034 0.144 0.269 0.213 1    
154:  0.276 0.262 0.013 0.210 0.017 0.222 1    
155:  0.247 0.243 0.027 0.219 0.030 0.234 1    
156:  0.223 0.198 0.046 0.204 0.080 0.249 1    
157:  0.214 0.209 0.025 0.232 0.020 0.300 1    
158:  0.258 0.224 0.049 0.239 0.022 0.208 1    
159:  0.265 0.228 0.010 0.197 0.033 0.267 1    
160:  0.231 0.233 0.029 0.210 0.037 0.260 1    
161:  0.280 0.255 0.015 0.213 0.027 0.210 1    
162:  0.237 0.236 0.044 0.238 0.027 0.217 1    
163:  0.256 0.249 0.025 0.237 0.033 0.200 1    
164:  0.262 0.267 0.016 0.243 0.015 0.197 1    
165:  0.231 0.246 0.012 0.270 0.047 0.194 1    
166:  0.189 0.207 0.061 0.240 0.110 0.193 1    
167:  0.241 0.261 0.015 0.251 0.028 0.204 1    
168:  0.248 0.228 0.030 0.224 0.020 0.249 1    
169:  0.220 0.215 0.039 0.196 0.115 0.215 1    
170:  0.166 0.146 0.035 0.137 0.324 0.193 1    
171:  0.228 0.222 0.015 0.253 0.075 0.207 1    
172:  0.209 0.210 0.164 0.194 0.057 0.166 1    
173:  0.239 0.265 0.040 0.242 0.016 0.197 1    
174:  0.262 0.264 0.017 0.241 0.015 0.201 1    
175:  0.244 0.207 0.066 0.230 0.035 0.217 1    
176:  0.230 0.216 0.044 0.202 0.097 0.212 1    
177:  0.047 0.039 0.169 0.035 0.647 0.063 1    
178:  0.063 0.075 0.082 0.077 0.643 0.060 1    
179:  0.030 0.027 0.015 0.026 0.874 0.029 1    
180:  0.235 0.229 0.012 0.268 0.042 0.213 1    
181:  0.027 0.027 0.025 0.025 0.870 0.026 1    
182:  0.039 0.039 0.077 0.037 0.762 0.046 1    
183:  0.084 0.082 0.094 0.070 0.581 0.089 1    
184:  0.092 0.084 0.144 0.083 0.506 0.091 1    
185:  0.066 0.065 0.218 0.073 0.512 0.067 1    
186:  0.063 0.079 0.121 0.085 0.585 0.068 1    
187:  0.150 0.169 0.293 0.149 0.080 0.159 1    
188:  0.165 0.166 0.184 0.184 0.118 0.183 1    
189:  0.021 0.023 0.022 0.023 0.890 0.021 1    
190:  0.146 0.128 0.012 0.114 0.431 0.168 1    
191:  0.097 0.149 0.297 0.189 0.168 0.100 1    
192:  0.012 0.013 0.023 0.012 0.928 0.013 1    
193:  0.011 0.012 0.016 0.012 0.938 0.011 1    
194:  0.019 0.017 0.022 0.018 0.906 0.018 1    
195:  0.016 0.015 0.015 0.013 0.924 0.017 1    
196:  0.026 0.027 0.097 0.029 0.796 0.025 1    
197:  0.013 0.013 0.013 0.013 0.935 0.012 1    
198:  0.048 0.039 0.017 0.039 0.816 0.042 1    
199:  0.025 0.028 0.012 0.030 0.880 0.024 1    
200:  0.071 0.068 0.081 0.060 0.599 0.122 1    
201:  0.139 0.139 0.360 0.140 0.082 0.139 1    
202:  0.019 0.020 0.011 0.017 0.911 0.022 1    
203:  0.041 0.034 0.047 0.034 0.807 0.038 1    
204:  0.013 0.013 0.029 0.013 0.919 0.014 1    
205:  0.027 0.029 0.023 0.029 0.864 0.029 1    
206:  0.039 0.035 0.131 0.040 0.710 0.044 1    
207:  0.071 0.091 0.479 0.100 0.185 0.073 1    
208:  0.013 0.012 0.938 0.013 0.011 0.012 1    
209:  0.099 0.106 0.457 0.089 0.112 0.138 1    
210:  0.016 0.016 0.809 0.016 0.123 0.019 1    
211:  0.036 0.036 0.833 0.036 0.019 0.039 1    
212:  0.041 0.048 0.048 0.047 0.777 0.040 1    
213:  0.024 0.026 0.872 0.028 0.021 0.029 1    
214:  0.029 0.027 0.725 0.034 0.156 0.028 1    
215:  0.013 0.014 0.084 0.015 0.860 0.014 1    
216:  0.038 0.042 0.378 0.044 0.457 0.040 1    
217:  0.030 0.028 0.198 0.026 0.687 0.030 1    
218:  0.027 0.027 0.017 0.025 0.875 0.029 1    
219:  0.023 0.028 0.740 0.033 0.151 0.024 1    
220:  0.052 0.047 0.624 0.055 0.154 0.068 1    
221:  0.120 0.129 0.469 0.118 0.040 0.123 1    
222:  0.019 0.019 0.879 0.019 0.045 0.019 1    
223:  0.020 0.020 0.035 0.020 0.888 0.018 1    
224:  0.201 0.195 0.060 0.176 0.119 0.248 1    
225:  0.082 0.089 0.075 0.093 0.563 0.098 1    
226:  0.019 0.020 0.038 0.019 0.885 0.019 1    
227:  0.077 0.095 0.117 0.101 0.532 0.078 1    
228:  0.043 0.046 0.036 0.046 0.781 0.048 1    
229:  0.021 0.019 0.902 0.019 0.021 0.019 1    
230:  0.025 0.028 0.878 0.025 0.018 0.025 1    
231:  0.022 0.021 0.069 0.020 0.848 0.020 1    
232:  0.017 0.016 0.906 0.016 0.026 0.020 1    
233:  0.023 0.024 0.877 0.023 0.025 0.027 1    
234:  0.245 0.244 0.034 0.237 0.039 0.202 1    
235:  0.051 0.052 0.771 0.042 0.035 0.048 1    
236:  0.025 0.028 0.873 0.037 0.016 0.022 1    
237:  0.033 0.035 0.792 0.042 0.064 0.035 1    
238:  0.041 0.038 0.480 0.038 0.362 0.040 1    
239:  0.055 0.048 0.746 0.046 0.028 0.077 1    
240:  0.051 0.051 0.721 0.040 0.037 0.101 1    
241:  0.232 0.204 0.049 0.192 0.070 0.253 1    
242:  0.090 0.084 0.526 0.079 0.138 0.084 1    
243:  0.025 0.025 0.876 0.030 0.021 0.023 1    
244:  0.145 0.130 0.291 0.131 0.174 0.128 1    
245:  0.012 0.012 0.926 0.013 0.023 0.014 1    
246:  0.055 0.060 0.614 0.063 0.154 0.055 1    
247:  0.061 0.055 0.682 0.046 0.090 0.066 1    
248:  0.036 0.039 0.775 0.037 0.071 0.042 1    
249:  0.079 0.088 0.574 0.100 0.043 0.117 1    
250:  0.157 0.159 0.276 0.171 0.102 0.135 1    
251:  0.018 0.016 0.878 0.017 0.055 0.017 1    
252:  0.018 0.017 0.916 0.018 0.014 0.017 1    
253:  0.042 0.041 0.671 0.039 0.165 0.042 1    
254:  0.065 0.070 0.648 0.083 0.067 0.067 1    
255:  0.017 0.018 0.815 0.017 0.116 0.018 1    
256:  0.013 0.012 0.929 0.013 0.021 0.013 1    
257:  0.014 0.016 0.871 0.015 0.069 0.015 1    
258:  0.061 0.053 0.694 0.047 0.079 0.067 1    
259:  0.043 0.040 0.748 0.042 0.089 0.038 1    
                       
                       
1:    0.049 0.043 0.226 0.223 0.241 0.219 1    
2:    0.012 0.021 0.250 0.235 0.264 0.218 1    
3:    0.049 0.012 0.267 0.309 0.204 0.160 1    
4:    0.011 0.010 0.257 0.267 0.227 0.228 1    
5:    0.038 0.014 0.288 0.288 0.206 0.167 1    
6:    0.043 0.469 0.131 0.136 0.092 0.128 1    
7:    0.015 0.073 0.256 0.259 0.203 0.195 1    
8:    0.013 0.010 0.316 0.314 0.213 0.134 1    
9:    0.316 0.059 0.163 0.157 0.171 0.134 1    
10:   0.017 0.040 0.263 0.296 0.210 0.175 1    
11:   0.120 0.162 0.197 0.187 0.187 0.146 1    
12:   0.025 0.039 0.270 0.262 0.246 0.157 1    
13:   0.091 0.427 0.114 0.121 0.117 0.128 1    
14:   0.036 0.121 0.185 0.191 0.214 0.253 1    
15:   0.026 0.034 0.229 0.255 0.261 0.195 1    
16:   0.033 0.030 0.226 0.225 0.271 0.214 1    
17:   0.015 0.016 0.175 0.192 0.301 0.300 1    
18:   0.234 0.047 0.174 0.199 0.177 0.169 1    
19:   0.015 0.039 0.243 0.267 0.224 0.212 1    
20:   0.050 0.023 0.210 0.224 0.280 0.213 1    
21:   0.024 0.129 0.171 0.184 0.220 0.271 1    
22:   0.012 0.032 0.239 0.219 0.267 0.232 1    
23:   0.034 0.010 0.235 0.291 0.243 0.187 1    
24:   0.032 0.053 0.194 0.171 0.240 0.310 1    
25:   0.030 0.014 0.257 0.269 0.235 0.195 1    
26:   0.020 0.304 0.172 0.183 0.166 0.155 1    
27:   0.018 0.026 0.220 0.209 0.292 0.235 1    
28:   0.027 0.036 0.298 0.315 0.168 0.156 1    
29:   0.026 0.044 0.212 0.225 0.262 0.231 1    
30:   0.156 0.059 0.205 0.228 0.196 0.156 1    
31:   0.143 0.028 0.145 0.183 0.227 0.274 1    
32:   0.023 0.025 0.232 0.260 0.258 0.204 1    
33:   0.022 0.055 0.218 0.228 0.248 0.229 1    
34:   0.107 0.014 0.221 0.229 0.220 0.210 1    
35:   0.022 0.021 0.149 0.193 0.270 0.344 1    
36:   0.207 0.226 0.145 0.147 0.129 0.147 1    
37:   0.016 0.011 0.225 0.215 0.295 0.239 1    
38:   0.049 0.049 0.219 0.226 0.252 0.205 1    
39:   0.047 0.066 0.234 0.215 0.237 0.201 1    
40:   0.074 0.015 0.131 0.180 0.271 0.328 1    
41:   0.451 0.134 0.105 0.105 0.103 0.103 1    
42:   0.060 0.093 0.218 0.232 0.212 0.184 1    
43:   0.012 0.036 0.202 0.188 0.246 0.315 1    
44:   0.028 0.025 0.245 0.260 0.242 0.199 1    
45:   0.023 0.025 0.207 0.196 0.290 0.259 1    
46:   0.033 0.023 0.172 0.176 0.265 0.331 1    
47:   0.110 0.024 0.221 0.259 0.203 0.184 1    
48:   0.018 0.053 0.217 0.194 0.258 0.260 1    
49:   0.038 0.050 0.238 0.250 0.218 0.207 1    
50:   0.028 0.045 0.222 0.198 0.268 0.240 1    
51:   0.056 0.050 0.234 0.227 0.225 0.209 1    
52:   0.029 0.013 0.245 0.252 0.269 0.193 1    
53:   0.042 0.027 0.221 0.194 0.267 0.249 1    
