  1:   0.0490  0.2240  0.2220  0.2330  0.0400  0.2320  1
  2:   0.0120  0.2760  0.2490  0.2090  0.0230  0.2310  1
  3:   0.0510  0.2040  0.2250  0.2550  0.0120  0.2530  1
  4:   0.0110  0.2573  0.2793  0.2142  0.0090  0.2292  1
  5:   0.0370  0.2028  0.2318  0.2517  0.0140  0.2627  1
  6:   0.0420  0.1271  0.1281  0.1091  0.4645  0.1291  1
  7:   0.0130  0.2450  0.2210  0.2130  0.0730  0.2350  1
  8:   0.0130  0.1822  0.2272  0.2813  0.0100  0.2863  1
  9:   0.3030  0.1670  0.1450  0.1660  0.0550  0.1640  1
 10:   0.0150  0.1890  0.2100  0.2650  0.0440  0.2770  1
 11:   0.1290  0.2200  0.1370  0.1900  0.1560  0.1680  1
 12:   0.0240  0.2472  0.2032  0.2683  0.0340  0.2232  1
 13:   0.0890  0.1160  0.1290  0.1130  0.4340  0.1190  1
 14:   0.0360  0.2268  0.2168  0.1968  0.1199  0.2038  1
 15:   0.0250  0.2503  0.2222  0.2252  0.0330  0.2442  1
 16:   0.0310  0.2670  0.2240  0.2380  0.0290  0.2110  1
 17:   0.0150  0.2382  0.2412  0.2392  0.0150  0.2513  1
 18:   0.2340  0.1570  0.1910  0.1770  0.0490  0.1920  1
 19:   0.0140  0.2370  0.2390  0.2520  0.0350  0.2230  1
 20:   0.0480  0.2478  0.2318  0.2138  0.0210  0.2378  1
 21:   0.0240  0.2180  0.2580  0.1690  0.1340  0.1970  1
 22:   0.0110  0.3546  0.2028  0.2298  0.0310  0.1708  1
 23:   0.0290  0.1990  0.2380  0.2530  0.0100  0.2710  1
 24:   0.0310  0.2520  0.2950  0.1670  0.0480  0.2070  1
 25:   0.0320  0.1852  0.2623  0.2472  0.0130  0.2603  1
 26:   0.0210  0.1680  0.1510  0.1730  0.3100  0.1770  1
 27:   0.0190  0.2817  0.1968  0.2318  0.0260  0.2448  1
 28:   0.0260  0.1820  0.1970  0.2470  0.0430  0.3050  1
 29:   0.0250  0.2028  0.2458  0.2348  0.0430  0.2488  1
 30:   0.1580  0.1640  0.1850  0.2180  0.0630  0.2120  1
 31:   0.1518  0.1578  0.2258  0.2218  0.0250  0.2178  1
 32:   0.0230  0.2140  0.2430  0.2280  0.0260  0.2660  1
 33:   0.0230  0.2250  0.2410  0.2180  0.0490  0.2440  1
 34:   0.1090  0.1930  0.2240  0.2360  0.0140  0.2240  1
 35:   0.0240  0.1782  0.2913  0.2322  0.0220  0.2523  1
 36:   0.2040  0.1360  0.1530  0.1360  0.2200  0.1510  1
 37:   0.0160  0.3340  0.1830  0.2300  0.0120  0.2250  1
 38:   0.0490  0.2182  0.2142  0.2402  0.0541  0.2242  1
 39:   0.0410  0.2950  0.2050  0.2270  0.0590  0.1730  1
 40:   0.0640  0.1510  0.2830  0.2290  0.0140  0.2590  1
 41:   0.4520  0.1040  0.1030  0.1070  0.1310  0.1030  1
 42:   0.0630  0.1680  0.2140  0.2190  0.0950  0.2410  1
 43:   0.0120  0.2680  0.2490  0.2140  0.0340  0.2230  1
 44:   0.0310  0.1800  0.2430  0.2680  0.0240  0.2540  1
 45:   0.0210  0.2480  0.2190  0.2260  0.0250  0.2610  1
 46:   0.0310  0.2280  0.2950  0.1920  0.0230  0.2310  1
 47:   0.0939  0.1978  0.2068  0.2428  0.0250  0.2338  1
 48:   0.0180  0.3117  0.2388  0.1808  0.0490  0.2018  1
 49:   0.0380  0.2240  0.2290  0.2170  0.0510  0.2410  1
 50:   0.0300  0.2740  0.2250  0.2310  0.0420  0.1980  1
 51:   0.0570  0.2970  0.1800  0.2350  0.0490  0.1820  1
 52:   0.0270  0.2182  0.2492  0.2583  0.0120  0.2352  1
 53:   0.0390  0.2250  0.2270  0.2520  0.0280  0.2290  1
 54:   0.0821  0.2032  0.1582  0.1912  0.2042  0.1612  1
 55:   0.0260  0.1660  0.2350  0.2680  0.0310  0.2740  1
 56:   0.0490  0.3057  0.1748  0.2667  0.0200  0.1838  1
 57:   0.0600  0.2040  0.2650  0.2320  0.0210  0.2180  1
 58:   0.0290  0.2278  0.2118  0.2537  0.0180  0.2597  1
 59:   0.0270  0.1740  0.1700  0.2320  0.1570  0.2400  1
 60:   0.0170  0.1840  0.2860  0.2520  0.0130  0.2480  1
 61:   0.0641  0.2082  0.2292  0.1742  0.1151  0.2092  1
 62:   0.0400  0.2523  0.2192  0.2442  0.0170  0.2272  1
 63:   0.0120  0.2382  0.2693  0.2162  0.0200  0.2442  1
 64:   0.0230  0.2950  0.2070  0.2430  0.0280  0.2040  1
 65:   0.0980  0.1550  0.2220  0.2430  0.0690  0.2130  1
 66:   0.0190  0.2370  0.2690  0.2190  0.0340  0.2220  1
 67:   0.5115  0.0679  0.0609  0.0629  0.2388  0.0579  1
 68:   0.0300  0.2442  0.2693  0.2042  0.0410  0.2112  1
 69:   0.0210  0.2032  0.2442  0.2573  0.0150  0.2593  1
 70:   0.0190  0.1778  0.2458  0.2517  0.0300  0.2757  1
 71:   0.0210  0.3000  0.2060  0.2050  0.0470  0.2210  1
 72:   0.1099  0.2647  0.1658  0.1608  0.1359  0.1628  1
 73:   0.0250  0.2970  0.1970  0.2430  0.0440  0.1940  1
 74:   0.0120  0.2733  0.2503  0.2192  0.0300  0.2152  1
 75:   0.0629  0.2587  0.1788  0.2078  0.0819  0.2098  1
 76:   0.0280  0.2810  0.2420  0.2030  0.0190  0.2270  1
 77:   0.0120  0.2300  0.2540  0.2490  0.0120  0.2430  1
 78:   0.0120  0.2490  0.2100  0.2320  0.0430  0.2540  1
 79:   0.0170  0.2806  0.2435  0.2124  0.0110  0.2355  1
 80:   0.0140  0.2900  0.2210  0.2280  0.0190  0.2280  1
 81:   0.0400  0.2563  0.2042  0.2112  0.0701  0.2182  1
 82:   0.0290  0.3030  0.2110  0.2270  0.0300  0.2000  1
 83:   0.0240  0.2118  0.2328  0.2088  0.0989  0.2238  1
 84:   0.0360  0.2280  0.2450  0.2190  0.0230  0.2490  1
 85:   0.0320  0.2270  0.2170  0.2710  0.0130  0.2400  1
 86:   0.0510  0.2510  0.1850  0.2700  0.0160  0.2270  1
 87:   0.0300  0.3020  0.1610  0.2210  0.1100  0.1760  1
 88:   0.0140  0.2430  0.2400  0.2330  0.0270  0.2430  1
 89:   0.0180  0.3270  0.2030  0.2360  0.0240  0.1920  1
 90:   0.0310  0.1838  0.2537  0.2527  0.0270  0.2517  1
 91:   0.0300  0.2170  0.2120  0.2320  0.0150  0.2940  1
 92:   0.0440  0.1688  0.2567  0.2697  0.0160  0.2448  1
 93:   0.0280  0.2120  0.2130  0.2270  0.1000  0.2200  1
 94:   0.0190  0.2723  0.2032  0.2743  0.0150  0.2162  1
 95:   0.0110  0.2563  0.2242  0.2272  0.0370  0.2442  1
 96:   0.2613  0.1421  0.1552  0.1642  0.1001  0.1772  1
 97:   0.0170  0.2950  0.2660  0.2130  0.0130  0.1960  1
 98:   0.0270  0.2180  0.2370  0.2350  0.0420  0.2410  1
 99:   0.0230  0.1642  0.2593  0.2743  0.0280  0.2513  1
100:   0.0510  0.1760  0.2560  0.2440  0.0220  0.2510  1
101:   0.0160  0.2523  0.2042  0.2472  0.0120  0.2683  1
102:   0.0090  0.2813  0.1902  0.2603  0.0190  0.2402  1
103:   0.0100  0.3200  0.1870  0.2860  0.0170  0.1800  1
104:   0.0160  0.2903  0.2082  0.2272  0.0160  0.2422  1
105:   0.2090  0.2070  0.2020  0.1600  0.0520  0.1700  1
106:   0.0130  0.2070  0.2350  0.2710  0.0120  0.2620  1
107:   0.1061  0.1522  0.1952  0.2082  0.1401  0.1982  1
108:   0.0190  0.1970  0.2370  0.2450  0.0360  0.2660  1
109:   0.0150  0.2350  0.2390  0.2480  0.0110  0.2520  1
110:   0.0110  0.3150  0.1910  0.2460  0.0110  0.2260  1
111:   0.0090  0.2408  0.2248  0.2218  0.0799  0.2238  1
112:   0.0280  0.1940  0.2350  0.2470  0.0160  0.2800  1
113:   0.0160  0.2600  0.2340  0.2470  0.0130  0.2300  1
114:   0.0370  0.2420  0.1750  0.1850  0.1620  0.1990  1
115:   0.0380  0.2120  0.2410  0.2320  0.0300  0.2470  1
116:   0.0440  0.1860  0.2470  0.2360  0.0220  0.2650  1
117:   0.0240  0.2050  0.2940  0.2200  0.0270  0.2300  1
118:   0.0170  0.2180  0.2800  0.2360  0.0120  0.2370  1
119:   0.0720  0.2160  0.2060  0.2040  0.0920  0.2100  1
120:   0.0270  0.3123  0.1952  0.2302  0.0501  0.1852  1
121:   0.0260  0.2332  0.2442  0.2593  0.0130  0.2242  1
122:   0.0911  0.2022  0.2132  0.2372  0.0290  0.2272  1
123:   0.1130  0.1780  0.1800  0.1820  0.1360  0.2110  1
124:   0.0410  0.2517  0.2098  0.2378  0.0290  0.2308  1
125:   0.0190  0.2525  0.2675  0.2214  0.0130  0.2265  1
126:   0.0711  0.2783  0.1662  0.2082  0.0951  0.1812  1
127:   0.0809  0.2148  0.2258  0.2378  0.0180  0.2228  1
128:   0.0230  0.2150  0.2750  0.2220  0.0320  0.2330  1
129:   0.0180  0.2010  0.1950  0.1720  0.2330  0.1810  1
130:   0.2058  0.0490  0.0539  0.0569  0.5744  0.0599  1
131:   0.0160  0.2510  0.2090  0.2500  0.0250  0.2490  1
132:   0.0240  0.2060  0.2650  0.2490  0.0210  0.2350  1
133:   0.0900  0.1860  0.2530  0.2000  0.0440  0.2270  1
134:   0.0240  0.2208  0.2408  0.2418  0.0180  0.2547  1
135:   0.0120  0.3110  0.1810  0.2400  0.0240  0.2320  1
136:   0.0360  0.1480  0.2610  0.2650  0.0330  0.2570  1
137:   0.0360  0.2730  0.2780  0.1700  0.0340  0.2090  1
138:   0.1587  0.2036  0.2395  0.1816  0.0190  0.1976  1
139:   0.0330  0.2590  0.2880  0.1840  0.0170  0.2190  1
140:   0.2663  0.1592  0.1682  0.1471  0.0901  0.1692  1
141:   0.0849  0.0370  0.0350  0.0390  0.7642  0.0400  1
142:   0.0340  0.1710  0.2200  0.2640  0.0320  0.2790  1
143:   0.3984  0.1271  0.1131  0.1041  0.1602  0.0971  1
144:   0.0130  0.2100  0.2010  0.3040  0.0330  0.2390  1
145:   0.0260  0.2360  0.2080  0.2840  0.0300  0.2160  1
146:   0.0240  0.1910  0.2070  0.2560  0.0620  0.2600  1
147:   0.0610  0.2070  0.2190  0.1850  0.1140  0.2140  1
148:   0.0160  0.2232  0.1932  0.3123  0.0250  0.2302  1
149:   0.0370  0.2020  0.2020  0.2350  0.0390  0.2850  1
150:   0.0110  0.1960  0.1970  0.3180  0.0120  0.2660  1
151:   0.0410  0.1880  0.2850  0.2250  0.0210  0.2400  1
152:   0.0280  0.2670  0.2680  0.1840  0.0320  0.2210  1
153:   0.2472  0.1532  0.1852  0.1782  0.0360  0.2002  1
154:   0.0170  0.1640  0.2820  0.2600  0.0150  0.2620  1
155:   0.0310  0.2200  0.2550  0.2420  0.0270  0.2250  1
156:   0.0790  0.1950  0.2090  0.2470  0.0470  0.2230  1
157:   0.0210  0.2292  0.2302  0.2583  0.0270  0.2342  1
158:   0.0230  0.2142  0.2422  0.2322  0.0541  0.2342  1
159:   0.0300  0.1672  0.2533  0.2603  0.0100  0.2793  1
160:   0.0380  0.2112  0.2472  0.2252  0.0250  0.2533  1
161:   0.0240  0.1598  0.2827  0.2468  0.0160  0.2707  1
162:   0.0270  0.2527  0.2408  0.2258  0.0430  0.2108  1
163:   0.0270  0.2490  0.3050  0.1750  0.0220  0.2220  1
164:   0.0130  0.2643  0.3153  0.1732  0.0150  0.2192  1
165:   0.0539  0.2727  0.2048  0.2517  0.0120  0.2048  1
166:   0.1200  0.2340  0.1970  0.2090  0.0600  0.1800  1
167:   0.0250  0.2680  0.2870  0.1860  0.0140  0.2200  1
168:   0.0180  0.2050  0.2810  0.2360  0.0350  0.2250  1
169:   0.0990  0.2010  0.2390  0.2010  0.0400  0.2200  1
170:   0.3333  0.1301  0.1632  0.1652  0.0340  0.1742  1
171:   0.0670  0.2480  0.2620  0.1930  0.0140  0.2160  1
172:   0.0580  0.2120  0.2350  0.1750  0.1370  0.1830  1
173:   0.0140  0.2550  0.2920  0.1780  0.0360  0.2250  1
174:   0.0140  0.2507  0.3107  0.1788  0.0150  0.2308  1
175:   0.0320  0.2050  0.2580  0.2210  0.0630  0.2210  1
176:   0.0991  0.1742  0.2563  0.2012  0.0440  0.2252  1
177:   0.6570  0.0350  0.0400  0.0460  0.1740  0.0480  1
178:   0.6550  0.0810  0.0710  0.0640  0.0720  0.0570  1
179:   0.8799  0.0240  0.0270  0.0280  0.0140  0.0270  1
180:   0.0340  0.3187  0.1868  0.2637  0.0120  0.1848  1
181:   0.8720  0.0230  0.0270  0.0270  0.0240  0.0270  1
182:   0.7750  0.0360  0.0330  0.0400  0.0790  0.0370  1
183:   0.6056  0.0701  0.0781  0.0771  0.0921  0.0771  1
184:   0.4895  0.0719  0.0879  0.0929  0.1618  0.0959  1
185:   0.5175  0.0679  0.0709  0.0619  0.2158  0.0659  1
186:   0.5690  0.0860  0.0660  0.0800  0.1350  0.0640  1
187:   0.0829  0.1528  0.1578  0.1499  0.2897  0.1668  1
188:   0.1100  0.1990  0.1400  0.2100  0.1840  0.1570  1
189:   0.8960  0.0240  0.0180  0.0210  0.0210  0.0200  1
190:   0.4300  0.1350  0.1230  0.1520  0.0120  0.1480  1
191:   0.1640  0.2080  0.1140  0.1390  0.2650  0.1100  1
192:   0.9311  0.0120  0.0120  0.0120  0.0210  0.0120  1
193:   0.9410  0.0110  0.0110  0.0110  0.0150  0.0110  1
194:   0.9080  0.0200  0.0170  0.0160  0.0230  0.0160  1
195:   0.9270  0.0140  0.0160  0.0140  0.0140  0.0150  1
196:   0.8168  0.0230  0.0250  0.0230  0.0881  0.0240  1
197:   0.9380  0.0110  0.0130  0.0120  0.0130  0.0130  1
198:   0.8188  0.0340  0.0460  0.0450  0.0160  0.0400  1
199:   0.8801  0.0300  0.0240  0.0280  0.0120  0.0260  1
200:   0.6527  0.0571  0.0671  0.0681  0.0821  0.0731  1
201:   0.0840  0.1470  0.1340  0.1440  0.3540  0.1370  1
202:   0.9199  0.0150  0.0190  0.0160  0.0110  0.0190  1
203:   0.7912  0.0370  0.0430  0.0380  0.0549  0.0360  1
204:   0.9220  0.0120  0.0130  0.0130  0.0280  0.0120  1
205:   0.8720  0.0260  0.0270  0.0270  0.0210  0.0270  1
206:   0.7270  0.0330  0.0370  0.0380  0.1220  0.0430  1
207:   0.1900  0.1210  0.0690  0.0870  0.4550  0.0780  1
208:   0.0100  0.0110  0.0120  0.0120  0.9430  0.0120  1
209:   0.1110  0.0990  0.0900  0.1010  0.4970  0.1020  1
210:   0.1300  0.0160  0.0160  0.0150  0.8070  0.0160  1
211:   0.0180  0.0320  0.0380  0.0350  0.8420  0.0350  1
212:   0.7770  0.0420  0.0380  0.0460  0.0490  0.0480  1
213:   0.0220  0.0260  0.0220  0.0250  0.8809  0.0240  1
214:   0.1430  0.0310  0.0270  0.0280  0.7420  0.0290  1
215:   0.8731  0.0150  0.0130  0.0140  0.0719  0.0130  1
216:   0.4870  0.0380  0.0460  0.0400  0.3490  0.0400  1
217:   0.6853  0.0250  0.0270  0.0270  0.2068  0.0290  1
218:   0.8771  0.0230  0.0270  0.0270  0.0190  0.0270  1
219:   0.1762  0.0320  0.0230  0.0280  0.7197  0.0210  1
220:   0.1299  0.0559  0.0440  0.0509  0.6723  0.0470  1
221:   0.0420  0.1250  0.1290  0.1060  0.4740  0.1240  1
222:   0.0390  0.0190  0.0210  0.0160  0.8849  0.0200  1
223:   0.8921  0.0210  0.0190  0.0180  0.0310  0.0190  1
224:   0.1139  0.2048  0.1748  0.2228  0.0689  0.2148  1
225:   0.5215  0.0901  0.0871  0.1161  0.0861  0.0991  1
226:   0.8920  0.0190  0.0200  0.0190  0.0310  0.0190  1
227:   0.5190  0.1080  0.0760  0.0840  0.1240  0.0890  1
228:   0.7950  0.0430  0.0410  0.0430  0.0330  0.0450  1
229:   0.0200  0.0180  0.0190  0.0170  0.9060  0.0200  1
230:   0.0180  0.0250  0.0260  0.0250  0.8819  0.0240  1
231:   0.8609  0.0200  0.0200  0.0190  0.0591  0.0210  1
232:   0.0250  0.0140  0.0150  0.0150  0.9150  0.0160  1
233:   0.0270  0.0230  0.0220  0.0240  0.8801  0.0240  1
234:   0.0360  0.2370  0.2840  0.1980  0.0340  0.2110  1
235:   0.0360  0.0440  0.0501  0.0511  0.7648  0.0541  1
236:   0.0150  0.0340  0.0240  0.0310  0.8659  0.0300  1
237:   0.0580  0.0440  0.0340  0.0400  0.7890  0.0350  1
238:   0.3516  0.0390  0.0390  0.0370  0.4935  0.0400  1
239:   0.0250  0.0400  0.0410  0.0620  0.7770  0.0550  1
240:   0.0310  0.0430  0.0430  0.0511  0.7768  0.0551  1
241:   0.0690  0.1650  0.2470  0.2360  0.0490  0.2340  1
242:   0.1411  0.0761  0.0801  0.0921  0.5245  0.0861  1
243:   0.0180  0.0281  0.0220  0.0251  0.8848  0.0220  1
244:   0.1710  0.1430  0.1460  0.1260  0.2810  0.1330  1
245:   0.0250  0.0120  0.0110  0.0110  0.9289  0.0120  1
246:   0.1692  0.0621  0.0561  0.0561  0.5946  0.0621  1
247:   0.0769  0.0420  0.0480  0.0559  0.7193  0.0579  1
248:   0.0650  0.0390  0.0340  0.0350  0.7870  0.0400  1
249:   0.0350  0.1029  0.0679  0.0839  0.6324  0.0779  1
250:   0.1100  0.1900  0.1740  0.1390  0.2440  0.1430  1
251:   0.0520  0.0160  0.0170  0.0160  0.8830  0.0160  1
252:   0.0130  0.0170  0.0160  0.0160  0.9210  0.0170  1
253:   0.1620  0.0370  0.0390  0.0360  0.6850  0.0410  1
254:   0.0731  0.0891  0.0531  0.0721  0.6517  0.0611  1
255:   0.1210  0.0160  0.0160  0.0160  0.8140  0.0170  1
256:   0.0220  0.0120  0.0130  0.0130  0.9271  0.0130  1
257:   0.0620  0.0170  0.0150  0.0140  0.8770  0.0150  1
258:   0.0680  0.0520  0.0490  0.0470  0.7290  0.0550  1
259:   0.0810  0.0400  0.0400  0.0400  0.7610  0.0380  1

  1:   0.0530  0.2490  0.1920  0.2100  0.0400  0.2560  1
  2:   0.0120  0.2573  0.2553  0.2232  0.0230  0.2292  1
  3:   0.0470  0.1780  0.1970  0.3150  0.0130  0.2500  1
  4:   0.0110  0.2022  0.2733  0.2823  0.0100  0.2212  1
  5:   0.0330  0.1880  0.1910  0.3220  0.0140  0.2520  1
  6:   0.0420  0.0920  0.1270  0.1610  0.4560  0.1220  1
  7:   0.0140  0.1972  0.2342  0.2603  0.0731  0.2212  1
  8:   0.0140  0.1670  0.1760  0.3480  0.0100  0.2850  1
  9:   0.3130  0.1910  0.1390  0.1520  0.0580  0.1470  1
 10:   0.0170  0.1698  0.1938  0.3027  0.0410  0.2757  1
 11:   0.1270  0.2100  0.1720  0.1780  0.1520  0.1610  1
 12:   0.0250  0.2462  0.1912  0.2573  0.0350  0.2452  1
 13:   0.0920  0.1080  0.1350  0.1240  0.4290  0.1120  1
 14:   0.0370  0.2030  0.2320  0.2040  0.1200  0.2040  1
 15:   0.0260  0.2797  0.2268  0.2108  0.0310  0.2258  1
 16:   0.0320  0.2897  0.2298  0.1948  0.0280  0.2258  1
 17:   0.0160  0.2897  0.2228  0.1748  0.0150  0.2817  1
 18:   0.2320  0.1600  0.1650  0.1990  0.0540  0.1900  1
 19:   0.0160  0.2310  0.2160  0.2450  0.0370  0.2550  1
 20:   0.0490  0.2853  0.2062  0.1982  0.0220  0.2392  1
 21:   0.0260  0.1910  0.2590  0.1910  0.1390  0.1940  1
 22:   0.0120  0.3393  0.2462  0.1842  0.0270  0.1912  1
 23:   0.0300  0.2160  0.1960  0.2910  0.0100  0.2570  1
 24:   0.0340  0.1980  0.3220  0.2020  0.0570  0.1870  1
 25:   0.0339  0.1886  0.2126  0.2745  0.0140  0.2764  1
 26:   0.0210  0.1623  0.1443  0.1854  0.3136  0.1733  1
 27:   0.0190  0.2997  0.2468  0.1648  0.0270  0.2428  1
 28:   0.0280  0.1620  0.1650  0.3500  0.0450  0.2500  1
 29:   0.0270  0.2228  0.2607  0.2098  0.0430  0.2368  1
 30:   0.1630  0.1870  0.1640  0.2160  0.0640  0.2060  1
 31:   0.1500  0.1920  0.2140  0.1870  0.0260  0.2310  1
 32:   0.0230  0.2178  0.2298  0.2488  0.0270  0.2537  1
 33:   0.0230  0.2030  0.2820  0.2160  0.0540  0.2220  1
 34:   0.1160  0.2160  0.1980  0.2300  0.0140  0.2260  1
 35:   0.0220  0.2232  0.2533  0.1962  0.0210  0.2843  1
 36:   0.2018  0.1349  0.1459  0.1538  0.2178  0.1459  1
 37:   0.0160  0.3420  0.2710  0.1420  0.0120  0.2170  1
 38:   0.0490  0.2432  0.2142  0.2092  0.0501  0.2342  1
 39:   0.0450  0.2790  0.2300  0.2140  0.0570  0.1750  1
 40:   0.0741  0.2112  0.2553  0.1722  0.0140  0.2733  1
 41:   0.4670  0.1040  0.0980  0.1020  0.1280  0.1010  1
 42:   0.0549  0.1818  0.2068  0.2188  0.0989  0.2388  1
 43:   0.0110  0.2570  0.2920  0.1840  0.0370  0.2190  1
 44:   0.0310  0.2210  0.2140  0.2460  0.0240  0.2640  1
 45:   0.0200  0.2960  0.2250  0.1860  0.0270  0.2460  1
 46:   0.0340  0.2248  0.2807  0.2068  0.0230  0.2308  1
 47:   0.1010  0.2020  0.1920  0.2570  0.0250  0.2230  1
 48:   0.0180  0.2540  0.2890  0.1990  0.0540  0.1860  1
 49:   0.0360  0.2130  0.2280  0.2350  0.0500  0.2380  1
 50:   0.0279  0.2705  0.2555  0.2006  0.0499  0.1956  1
 51:   0.0599  0.2997  0.1948  0.2118  0.0490  0.1848  1
 52:   0.0270  0.2720  0.2120  0.2350  0.0140  0.2400  1
 53:   0.0380  0.2540  0.2260  0.1910  0.0260  0.2650  1
 54:   0.0821  0.1992  0.1652  0.1612  0.2042  0.1882  1
 55:   0.0270  0.1900  0.2060  0.2650  0.0330  0.2790  1
 56:   0.0490  0.2997  0.2018  0.2368  0.0190  0.1938  1
 57:   0.0660  0.2260  0.2340  0.1970  0.0220  0.2550  1
 58:   0.0300  0.2062  0.2232  0.2733  0.0170  0.2503  1
 59:   0.0260  0.1459  0.1698  0.2977  0.1518  0.2088  1
 60:   0.0170  0.2090  0.2450  0.2310  0.0120  0.2860  1
 61:   0.0660  0.1810  0.2490  0.1930  0.1140  0.1970  1
 62:   0.0340  0.2880  0.2120  0.2160  0.0180  0.2320  1
 63:   0.0120  0.2270  0.2420  0.2510  0.0180  0.2500  1
 64:   0.0230  0.2807  0.2807  0.1788  0.0280  0.2088  1
 65:   0.1049  0.1718  0.2118  0.2138  0.0719  0.2258  1
 66:   0.0190  0.2140  0.2910  0.2050  0.0330  0.2380  1
 67:   0.4750  0.0780  0.0610  0.0710  0.2520  0.0630  1
 68:   0.0270  0.1990  0.3060  0.2140  0.0440  0.2100  1
 69:   0.0230  0.2150  0.2540  0.2490  0.0150  0.2440  1
 70:   0.0180  0.2300  0.2420  0.2130  0.0290  0.2680  1
 71:   0.0190  0.3030  0.2000  0.2220  0.0460  0.2100  1
 72:   0.1051  0.2432  0.1842  0.1662  0.1411  0.1602  1
 73:   0.0250  0.2880  0.2140  0.2320  0.0440  0.1970  1
 74:   0.0120  0.2550  0.2680  0.2100  0.0290  0.2260  1
 75:   0.0640  0.2820  0.1980  0.1520  0.0880  0.2160  1
 76:   0.0280  0.2170  0.2810  0.2390  0.0190  0.2160  1
 77:   0.0110  0.2693  0.2272  0.2162  0.0120  0.2643  1
 78:   0.0120  0.1882  0.1872  0.3353  0.0440  0.2332  1
 79:   0.0170  0.2907  0.2388  0.2068  0.0110  0.2358  1
 80:   0.0140  0.3303  0.2412  0.1752  0.0210  0.2182  1
 81:   0.0460  0.2897  0.2028  0.1668  0.0729  0.2218  1
 82:   0.0290  0.3133  0.2102  0.2092  0.0290  0.2092  1
 83:   0.0230  0.2240  0.2080  0.2270  0.0990  0.2190  1
 84:   0.0390  0.2010  0.2220  0.2670  0.0220  0.2490  1
 85:   0.0330  0.2082  0.1872  0.3163  0.0130  0.2422  1
 86:   0.0590  0.2440  0.1660  0.3030  0.0160  0.2120  1
 87:   0.0310  0.2863  0.2252  0.1852  0.1121  0.1602  1
 88:   0.0160  0.2710  0.2180  0.2100  0.0280  0.2570  1
 89:   0.0180  0.3163  0.2042  0.2372  0.0250  0.1992  1
 90:   0.0280  0.2200  0.2430  0.2130  0.0290  0.2670  1
 91:   0.0270  0.2647  0.2048  0.2228  0.0150  0.2657  1
 92:   0.0460  0.2270  0.2570  0.1960  0.0170  0.2570  1
 93:   0.0280  0.2030  0.1710  0.2530  0.1040  0.2410  1
 94:   0.0200  0.2880  0.1950  0.2710  0.0150  0.2110  1
 95:   0.0130  0.2398  0.2118  0.2368  0.0420  0.2567  1
 96:   0.2410  0.1320  0.1040  0.2400  0.0980  0.1850  1
 97:   0.0180  0.2182  0.3433  0.2152  0.0130  0.1922  1
 98:   0.0290  0.2010  0.2440  0.2580  0.0440  0.2240  1
 99:   0.0230  0.2050  0.2200  0.2300  0.0290  0.2930  1
100:   0.0470  0.2042  0.2192  0.2312  0.0220  0.2763  1
101:   0.0160  0.2210  0.2070  0.2970  0.0120  0.2470  1
102:   0.0090  0.2710  0.2070  0.2360  0.0180  0.2590  1
103:   0.0110  0.3160  0.2310  0.2320  0.0160  0.1940  1
104:   0.0160  0.3013  0.2482  0.1752  0.0160  0.2432  1
105:   0.1974  0.1693  0.2104  0.2014  0.0541  0.1673  1
106:   0.0130  0.2490  0.2010  0.2420  0.0110  0.2840  1
107:   0.1141  0.1742  0.1822  0.1762  0.1441  0.2092  1
108:   0.0190  0.1920  0.2080  0.2930  0.0410  0.2470  1
109:   0.0160  0.2600  0.2200  0.2300  0.0120  0.2620  1
110:   0.0120  0.3430  0.2450  0.1530  0.0110  0.2360  1
111:   0.0090  0.2128  0.2018  0.2677  0.0769  0.2318  1
112:   0.0300  0.2543  0.2272  0.2072  0.0150  0.2663  1
113:   0.0170  0.2228  0.1778  0.3217  0.0130  0.2478  1
114:   0.0390  0.2620  0.1820  0.1470  0.1750  0.1950  1
115:   0.0410  0.2340  0.2270  0.2190  0.0310  0.2480  1
116:   0.0420  0.2102  0.2212  0.2523  0.0260  0.2482  1
117:   0.0260  0.2292  0.2683  0.1912  0.0280  0.2573  1
118:   0.0190  0.2707  0.2358  0.1968  0.0140  0.2637  1
119:   0.0750  0.2140  0.1930  0.2130  0.0960  0.2090  1
120:   0.0280  0.3090  0.2170  0.1960  0.0440  0.2060  1
121:   0.0290  0.2830  0.2210  0.1990  0.0130  0.2550  1
122:   0.0890  0.2570  0.1940  0.2070  0.0280  0.2250  1
123:   0.0951  0.2062  0.1602  0.1862  0.1542  0.1982  1
124:   0.0390  0.2550  0.2370  0.1960  0.0280  0.2450  1
125:   0.0190  0.2420  0.2470  0.2320  0.0140  0.2460  1
126:   0.0741  0.2733  0.1872  0.1872  0.0931  0.1852  1
127:   0.0790  0.2380  0.2270  0.1900  0.0180  0.2480  1
128:   0.0240  0.2240  0.2560  0.1900  0.0380  0.2680  1
129:   0.0180  0.1892  0.1952  0.1832  0.2432  0.1712  1
130:   0.2130  0.0560  0.0500  0.0550  0.5690  0.0570  1
131:   0.0140  0.2737  0.2348  0.1798  0.0240  0.2737  1
132:   0.0240  0.2440  0.2490  0.1840  0.0200  0.2790  1
133:   0.0901  0.1762  0.2613  0.2062  0.0460  0.2202  1
134:   0.0230  0.2050  0.2030  0.2930  0.0210  0.2550  1
135:   0.0120  0.2787  0.2398  0.2048  0.0240  0.2408  1
136:   0.0330  0.2242  0.2262  0.1892  0.0340  0.2933  1
137:   0.0400  0.1870  0.3420  0.2140  0.0370  0.1800  1
138:   0.1548  0.1738  0.2687  0.2008  0.0220  0.1798  1
139:   0.0330  0.1950  0.3500  0.2100  0.0190  0.1930  1
140:   0.2600  0.1420  0.1860  0.1670  0.0960  0.1490  1
141:   0.0870  0.0350  0.0340  0.0480  0.7540  0.0420  1
142:   0.0360  0.1960  0.1940  0.2890  0.0350  0.2500  1
143:   0.3860  0.1240  0.1080  0.1230  0.1570  0.1020  1
144:   0.0140  0.1960  0.1770  0.3350  0.0350  0.2430  1
145:   0.0270  0.2288  0.1888  0.2887  0.0310  0.2358  1
146:   0.0290  0.1652  0.1932  0.3013  0.0581  0.2533  1
147:   0.0670  0.1660  0.2620  0.2110  0.1130  0.1810  1
148:   0.0160  0.2392  0.1692  0.3123  0.0280  0.2352  1
149:   0.0350  0.2130  0.1960  0.2510  0.0390  0.2660  1
150:   0.0110  0.2130  0.1660  0.3570  0.0130  0.2400  1
151:   0.0490  0.2120  0.2440  0.2130  0.0230  0.2590  1
152:   0.0291  0.1804  0.3327  0.2295  0.0331  0.1954  1
153:   0.2700  0.1490  0.1800  0.1910  0.0360  0.1740  1
154:   0.0160  0.2280  0.2550  0.1860  0.0130  0.3020  1
155:   0.0330  0.2410  0.2300  0.2170  0.0280  0.2510  1
156:   0.0790  0.1990  0.1990  0.2510  0.0470  0.2250  1
157:   0.0200  0.2310  0.2040  0.2950  0.0270  0.2230  1
158:   0.0220  0.2130  0.2920  0.2110  0.0560  0.2060  1
159:   0.0330  0.2332  0.2052  0.2272  0.0100  0.2913  1
160:   0.0440  0.1820  0.2350  0.2650  0.0280  0.2460  1
161:   0.0230  0.2222  0.2813  0.1772  0.0170  0.2793  1
162:   0.0290  0.2432  0.2312  0.2252  0.0430  0.2282  1
163:   0.0300  0.2000  0.3260  0.2060  0.0240  0.2140  1
164:   0.0150  0.2110  0.3390  0.2070  0.0150  0.2130  1
165:   0.0420  0.3200  0.2000  0.2050  0.0110  0.2220  1
166:   0.1180  0.2380  0.2010  0.1960  0.0590  0.1880  1
167:   0.0270  0.1968  0.3447  0.2148  0.0160  0.2008  1
168:   0.0190  0.2190  0.2320  0.2510  0.0350  0.2440  1
169:   0.1160  0.1850  0.2400  0.2060  0.0410  0.2120  1
170:   0.3097  0.1459  0.1369  0.1928  0.0360  0.1788  1
171:   0.0601  0.1982  0.3343  0.2072  0.0140  0.1862  1
172:   0.0590  0.1720  0.2560  0.1740  0.1500  0.1890  1
173:   0.0140  0.2252  0.3123  0.1872  0.0360  0.2252  1
174:   0.0140  0.2230  0.3120  0.1960  0.0160  0.2390  1
175:   0.0350  0.1910  0.2840  0.2120  0.0680  0.2100  1
176:   0.0920  0.2170  0.2110  0.2040  0.0430  0.2330  1
177:   0.6550  0.0370  0.0330  0.0520  0.1810  0.0420  1
178:   0.6396  0.0871  0.0691  0.0661  0.0741  0.0641  1
179:   0.8800  0.0270  0.0260  0.0240  0.0150  0.0280  1
180:   0.0400  0.3170  0.1920  0.2440  0.0120  0.1950  1
181:   0.8720  0.0260  0.0250  0.0250  0.0250  0.0270  1
182:   0.7750  0.0390  0.0340  0.0390  0.0730  0.0400  1
183:   0.5914  0.0739  0.0769  0.0819  0.0969  0.0789  1
184:   0.5135  0.0849  0.0749  0.0849  0.1638  0.0779  1
185:   0.5180  0.0550  0.0790  0.0730  0.2160  0.0590  1
186:   0.5930  0.0930  0.0650  0.0730  0.1120  0.0640  1
187:   0.0801  0.1602  0.1672  0.1461  0.2833  0.1632  1
188:   0.1251  0.2082  0.1251  0.1952  0.1872  0.1592  1
189:   0.8919  0.0210  0.0230  0.0220  0.0210  0.0210  1
190:   0.4390  0.1240  0.1190  0.1610  0.0130  0.1440  1
191:   0.1582  0.2202  0.1421  0.1061  0.2613  0.1121  1
192:   0.9310  0.0120  0.0120  0.0110  0.0220  0.0120  1
193:   0.9389  0.0110  0.0110  0.0120  0.0170  0.0100  1
194:   0.9081  0.0180  0.0170  0.0170  0.0220  0.0180  1
195:   0.9260  0.0140  0.0140  0.0150  0.0160  0.0150  1
196:   0.8176  0.0240  0.0251  0.0261  0.0832  0.0240  1
197:   0.9371  0.0120  0.0130  0.0130  0.0120  0.0130  1
198:   0.8060  0.0410  0.0490  0.0430  0.0160  0.0450  1
199:   0.8840  0.0270  0.0240  0.0260  0.0130  0.0260  1
200:   0.6100  0.0610  0.0560  0.1050  0.0840  0.0840  1
201:   0.0760  0.1420  0.1330  0.1450  0.3650  0.1390  1
202:   0.9150  0.0170  0.0190  0.0180  0.0120  0.0190  1
203:   0.7900  0.0340  0.0450  0.0360  0.0560  0.0390  1
204:   0.9211  0.0120  0.0130  0.0120  0.0290  0.0130  1
205:   0.8660  0.0290  0.0280  0.0270  0.0220  0.0280  1
206:   0.7310  0.0340  0.0400  0.0410  0.1210  0.0330  1
207:   0.1930  0.1130  0.0840  0.0790  0.4540  0.0770  1
208:   0.0110  0.0120  0.0120  0.0110  0.9400  0.0140  1
209:   0.1121  0.0871  0.0811  0.1231  0.4935  0.1031  1
210:   0.1330  0.0150  0.0160  0.0180  0.8020  0.0160  1
211:   0.0200  0.0340  0.0320  0.0420  0.8310  0.0410  1
212:   0.7798  0.0440  0.0400  0.0410  0.0460  0.0490  1
213:   0.0200  0.0280  0.0250  0.0290  0.8720  0.0260  1
214:   0.1602  0.0350  0.0330  0.0320  0.7097  0.0300  1
215:   0.8620  0.0150  0.0140  0.0140  0.0820  0.0130  1
216:   0.4840  0.0400  0.0370  0.0460  0.3480  0.0450  1
217:   0.6880  0.0260  0.0300  0.0290  0.1980  0.0290  1
218:   0.8770  0.0240  0.0270  0.0260  0.0180  0.0280  1
219:   0.1820  0.0320  0.0240  0.0260  0.7110  0.0250  1
220:   0.1350  0.0470  0.0450  0.0710  0.6410  0.0610  1
221:   0.0420  0.1060  0.1360  0.1230  0.4590  0.1340  1
222:   0.0409  0.0180  0.0220  0.0210  0.8812  0.0170  1
223:   0.8881  0.0190  0.0200  0.0200  0.0330  0.0200  1
224:   0.1229  0.2028  0.1648  0.2238  0.0659  0.2198  1
225:   0.5526  0.1031  0.0771  0.1041  0.0751  0.0881  1
226:   0.8950  0.0180  0.0190  0.0180  0.0320  0.0180  1
227:   0.5065  0.1119  0.0919  0.0799  0.1259  0.0839  1
228:   0.7860  0.0510  0.0390  0.0430  0.0340  0.0470  1
229:   0.0190  0.0170  0.0180  0.0190  0.9090  0.0180  1
230:   0.0190  0.0270  0.0270  0.0240  0.8780  0.0250  1
231:   0.8561  0.0190  0.0210  0.0210  0.0629  0.0200  1
232:   0.0230  0.0130  0.0150  0.0170  0.9160  0.0160  1
233:   0.0220  0.0230  0.0220  0.0240  0.8861  0.0230  1
234:   0.0400  0.2220  0.2920  0.1800  0.0340  0.2320  1
235:   0.0340  0.0480  0.0460  0.0480  0.7750  0.0490  1
236:   0.0170  0.0380  0.0300  0.0280  0.8620  0.0250  1
237:   0.0670  0.0470  0.0340  0.0400  0.7780  0.0340  1
238:   0.3490  0.0370  0.0440  0.0360  0.4960  0.0380  1
239:   0.0290  0.0430  0.0450  0.0690  0.7590  0.0550  1
240:   0.0350  0.0400  0.0390  0.0879  0.7323  0.0659  1
241:   0.0650  0.1840  0.2180  0.2360  0.0490  0.2480  1
242:   0.1339  0.0799  0.0839  0.0799  0.5265  0.0959  1
243:   0.0200  0.0300  0.0250  0.0240  0.8761  0.0250  1
244:   0.1638  0.1299  0.1548  0.1309  0.2947  0.1259  1
245:   0.0270  0.0120  0.0130  0.0130  0.9230  0.0120  1
246:   0.1700  0.0660  0.0650  0.0600  0.5870  0.0520  1
247:   0.0770  0.0490  0.0540  0.0640  0.7070  0.0490  1
248:   0.0669  0.0350  0.0380  0.0390  0.7872  0.0340  1
249:   0.0370  0.0871  0.0841  0.1191  0.5766  0.0961  1
250:   0.1019  0.1528  0.2018  0.1518  0.2557  0.1359  1
251:   0.0590  0.0160  0.0180  0.0170  0.8740  0.0160  1
252:   0.0140  0.0180  0.0170  0.0190  0.9150  0.0170  1
253:   0.1558  0.0360  0.0400  0.0420  0.6893  0.0370  1
254:   0.0690  0.0860  0.0700  0.0720  0.6360  0.0670  1
255:   0.1121  0.0160  0.0160  0.0170  0.8208  0.0180  1
256:   0.0220  0.0120  0.0120  0.0120  0.9300  0.0120  1
257:   0.0740  0.0150  0.0160  0.0140  0.8660  0.0150  1
258:   0.0730  0.0500  0.0440  0.0630  0.7160  0.0540  1
259:   0.0859  0.0360  0.0420  0.0430  0.7542  0.0390  1

  1:   0.0510  0.2060  0.2400  0.2430  0.0420  0.2180  1
  2:   0.0120  0.3050  0.2530  0.1970  0.0230  0.2100  1
  3:   0.0480  0.1888  0.2048  0.3337  0.0120  0.2128  1
  4:   0.0120  0.2593  0.2312  0.2503  0.0100  0.2372  1
  5:   0.0370  0.1740  0.1900  0.3440  0.0140  0.2410  1
  6:   0.0450  0.1111  0.1111  0.1421  0.4665  0.1241  1
  7:   0.0140  0.2520  0.2290  0.2240  0.0770  0.2040  1
  8:   0.0150  0.1868  0.1908  0.3626  0.0110  0.2338  1
  9:   0.3203  0.1872  0.1522  0.1512  0.0561  0.1331  1
 10:   0.0160  0.1698  0.1968  0.3377  0.0400  0.2398  1
 11:   0.1330  0.1990  0.1750  0.1720  0.1620  0.1590  1
 12:   0.0240  0.2623  0.2362  0.2282  0.0390  0.2102  1
 13:   0.0850  0.1230  0.1110  0.1160  0.4460  0.1190  1
 14:   0.0390  0.2340  0.2100  0.1810  0.1230  0.2130  1
 15:   0.0260  0.2870  0.2530  0.1890  0.0330  0.2120  1
 16:   0.0320  0.3070  0.2460  0.1820  0.0300  0.2030  1
 17:   0.0150  0.2893  0.2693  0.1722  0.0180  0.2362  1
 18:   0.2240  0.1500  0.1750  0.2170  0.0490  0.1850  1
 19:   0.0150  0.2130  0.2500  0.2350  0.0370  0.2500  1
 20:   0.0500  0.3010  0.2580  0.1700  0.0240  0.1970  1
 21:   0.0260  0.2122  0.2272  0.1782  0.1491  0.2072  1
 22:   0.0120  0.3580  0.2750  0.1540  0.0310  0.1700  1
 23:   0.0320  0.2038  0.2188  0.2887  0.0110  0.2458  1
 24:   0.0350  0.2550  0.2350  0.1940  0.0540  0.2270  1
 25:   0.0320  0.1920  0.2130  0.2900  0.0140  0.2590  1
 26:   0.0220  0.1572  0.1602  0.1882  0.2913  0.1812  1
 27:   0.0190  0.2997  0.2757  0.1558  0.0280  0.2218  1
 28:   0.0270  0.1730  0.1970  0.3510  0.0420  0.2100  1
 29:   0.0250  0.2080  0.2240  0.2280  0.0410  0.2740  1
 30:   0.1640  0.1690  0.1850  0.2050  0.0610  0.2160  1
 31:   0.1460  0.1790  0.2120  0.2080  0.0260  0.2290  1
 32:   0.0210  0.2038  0.2408  0.2408  0.0260  0.2677  1
 33:   0.0240  0.1980  0.2110  0.2220  0.0520  0.2930  1
 34:   0.1040  0.1980  0.2220  0.2280  0.0130  0.2350  1
 35:   0.0220  0.2180  0.2560  0.2130  0.0230  0.2680  1
 36:   0.2080  0.1340  0.1460  0.1590  0.2110  0.1420  1
 37:   0.0150  0.3370  0.2960  0.1410  0.0110  0.2000  1
 38:   0.0511  0.2292  0.2162  0.2162  0.0480  0.2392  1
 39:   0.0450  0.2880  0.2230  0.1900  0.0630  0.1910  1
 40:   0.0689  0.1938  0.2448  0.2118  0.0150  0.2657  1
 41:   0.4570  0.0990  0.1050  0.1060  0.1300  0.1030  1
 42:   0.0580  0.1830  0.2010  0.2310  0.0960  0.2310  1
 43:   0.0120  0.2817  0.2557  0.1778  0.0390  0.2338  1
 44:   0.0280  0.2100  0.2230  0.2510  0.0240  0.2640  1
 45:   0.0230  0.2767  0.2567  0.1818  0.0280  0.2338  1
 46:   0.0370  0.2490  0.2520  0.1870  0.0240  0.2510  1
 47:   0.1020  0.1890  0.2100  0.2510  0.0250  0.2230  1
 48:   0.0170  0.3100  0.2490  0.1740  0.0530  0.1970  1
 49:   0.0350  0.1970  0.2400  0.2330  0.0500  0.2450  1
 50:   0.0290  0.2883  0.2362  0.1792  0.0490  0.2182  1
 51:   0.0610  0.2460  0.2320  0.2120  0.0520  0.1970  1
 52:   0.0280  0.2737  0.2368  0.2068  0.0130  0.2418  1
 53:   0.0390  0.2510  0.2540  0.1900  0.0290  0.2370  1
 54:   0.0840  0.1980  0.1770  0.1630  0.2090  0.1690  1
 55:   0.0260  0.1900  0.2280  0.2800  0.0330  0.2430  1
 56:   0.0510  0.2630  0.2430  0.2200  0.0210  0.2020  1
 57:   0.0610  0.2150  0.2520  0.2060  0.0200  0.2460  1
 58:   0.0290  0.1992  0.2172  0.2733  0.0170  0.2643  1
 59:   0.0260  0.1270  0.1740  0.3060  0.1440  0.2230  1
 60:   0.0180  0.2008  0.2567  0.2577  0.0130  0.2537  1
 61:   0.0659  0.2068  0.2098  0.1868  0.1159  0.2148  1
 62:   0.0350  0.2633  0.2442  0.2122  0.0180  0.2272  1
 63:   0.0130  0.2543  0.2372  0.2412  0.0190  0.2352  1
 64:   0.0240  0.3140  0.2450  0.1710  0.0290  0.2170  1
 65:   0.1061  0.1742  0.2012  0.2312  0.0631  0.2242  1
 66:   0.0190  0.2378  0.2488  0.2178  0.0330  0.2438  1
 67:   0.4980  0.0760  0.0620  0.0650  0.2420  0.0570  1
 68:   0.0300  0.2440  0.2340  0.1890  0.0410  0.2620  1
 69:   0.0230  0.2090  0.2470  0.2420  0.0160  0.2630  1
 70:   0.0190  0.2192  0.2332  0.2222  0.0280  0.2783  1
 71:   0.0240  0.2757  0.2448  0.2038  0.0539  0.1978  1
 72:   0.1071  0.2523  0.2022  0.1431  0.1602  0.1351  1
 73:   0.0250  0.2490  0.2610  0.2120  0.0460  0.2070  1
 74:   0.0120  0.2590  0.2460  0.2040  0.0300  0.2490  1
 75:   0.0660  0.2640  0.2420  0.1560  0.0930  0.1790  1
 76:   0.0290  0.2560  0.2570  0.2340  0.0200  0.2040  1
 77:   0.0120  0.2470  0.2580  0.2110  0.0130  0.2590  1
 78:   0.0110  0.2190  0.2200  0.3000  0.0460  0.2040  1
 79:   0.0180  0.3077  0.2567  0.2008  0.0110  0.2058  1
 80:   0.0150  0.3010  0.2660  0.1850  0.0200  0.2130  1
 81:   0.0480  0.2673  0.2352  0.1792  0.0741  0.1962  1
 82:   0.0290  0.2903  0.2352  0.2032  0.0310  0.2112  1
 83:   0.0250  0.2352  0.2072  0.2162  0.0951  0.2212  1
 84:   0.0380  0.2260  0.2300  0.2670  0.0230  0.2160  1
 85:   0.0340  0.2078  0.2338  0.2937  0.0130  0.2178  1
 86:   0.0490  0.1930  0.2130  0.3150  0.0160  0.2140  1
 87:   0.0290  0.2590  0.2280  0.1960  0.1140  0.1740  1
 88:   0.0160  0.2813  0.2583  0.1842  0.0280  0.2322  1
 89:   0.0180  0.2853  0.2513  0.2162  0.0260  0.2032  1
 90:   0.0320  0.1942  0.2563  0.2292  0.0290  0.2593  1
 91:   0.0280  0.2380  0.2470  0.2450  0.0150  0.2270  1
 92:   0.0440  0.1962  0.2503  0.2342  0.0160  0.2593  1
 93:   0.0300  0.2098  0.2018  0.2577  0.1039  0.1968  1
 94:   0.0200  0.2442  0.2342  0.2633  0.0160  0.2222  1
 95:   0.0110  0.2212  0.2503  0.2152  0.0410  0.2613  1
 96:   0.2250  0.1230  0.1440  0.2550  0.0940  0.1590  1
 97:   0.0190  0.3036  0.2595  0.1844  0.0130  0.2204  1
 98:   0.0280  0.1962  0.2503  0.2402  0.0430  0.2422  1
 99:   0.0250  0.1980  0.2160  0.2580  0.0270  0.2760  1
100:   0.0520  0.1910  0.2270  0.2530  0.0230  0.2540  1
101:   0.0170  0.2130  0.2410  0.2890  0.0130  0.2270  1
102:   0.0100  0.2440  0.2530  0.2500  0.0190  0.2240  1
103:   0.0120  0.2963  0.2422  0.2212  0.0170  0.2112  1
104:   0.0170  0.2860  0.2900  0.1760  0.0180  0.2130  1
105:   0.2068  0.1848  0.1878  0.1838  0.0539  0.1828  1
106:   0.0130  0.2120  0.2510  0.2390  0.0120  0.2730  1
107:   0.1089  0.1678  0.1858  0.1818  0.1439  0.2118  1
108:   0.0190  0.1768  0.2188  0.2837  0.0370  0.2647  1
109:   0.0150  0.2282  0.2633  0.2232  0.0120  0.2583  1
110:   0.0120  0.3300  0.2900  0.1390  0.0110  0.2180  1
111:   0.0090  0.2110  0.2240  0.2640  0.0720  0.2200  1
112:   0.0300  0.2190  0.2610  0.2340  0.0160  0.2400  1
113:   0.0180  0.2074  0.2194  0.3226  0.0140  0.2184  1
114:   0.0440  0.2330  0.2180  0.1460  0.1830  0.1760  1
115:   0.0400  0.2260  0.2290  0.2180  0.0330  0.2540  1
116:   0.0430  0.1590  0.2420  0.2490  0.0230  0.2840  1
117:   0.0250  0.2490  0.2320  0.2060  0.0280  0.2600  1
118:   0.0190  0.2517  0.2478  0.2058  0.0130  0.2627  1
119:   0.0720  0.2110  0.2010  0.2210  0.0890  0.2060  1
120:   0.0300  0.2947  0.2527  0.1788  0.0519  0.1918  1
121:   0.0280  0.2470  0.2650  0.1970  0.0140  0.2490  1
122:   0.0911  0.2452  0.2212  0.1992  0.0300  0.2132  1
123:   0.1089  0.1788  0.1918  0.1788  0.1429  0.1988  1
124:   0.0380  0.2673  0.2442  0.1892  0.0270  0.2342  1
125:   0.0190  0.2260  0.2400  0.2480  0.0130  0.2540  1
126:   0.0771  0.2402  0.2082  0.1792  0.1001  0.1952  1
127:   0.0780  0.2250  0.2470  0.1860  0.0190  0.2450  1
128:   0.0240  0.2180  0.2690  0.2180  0.0390  0.2320  1
129:   0.0190  0.1880  0.1780  0.1580  0.2520  0.2050  1
130:   0.1942  0.0501  0.0601  0.0581  0.5836  0.0541  1
131:   0.0150  0.2730  0.2700  0.1690  0.0260  0.2470  1
132:   0.0220  0.2300  0.2620  0.2030  0.0220  0.2610  1
133:   0.0879  0.1878  0.2158  0.2148  0.0480  0.2458  1
134:   0.0260  0.1888  0.2338  0.2797  0.0210  0.2507  1
135:   0.0120  0.2733  0.2693  0.2042  0.0230  0.2182  1
136:   0.0360  0.1960  0.2460  0.2310  0.0370  0.2540  1
137:   0.0470  0.2520  0.2450  0.1810  0.0410  0.2340  1
138:   0.1700  0.2100  0.1830  0.2060  0.0200  0.2110  1
139:   0.0330  0.2470  0.2610  0.2110  0.0190  0.2290  1
140:   0.2610  0.1470  0.1710  0.1600  0.0990  0.1620  1
141:   0.0870  0.0350  0.0390  0.0500  0.7480  0.0410  1
142:   0.0370  0.1698  0.2048  0.2907  0.0310  0.2667  1
143:   0.4064  0.1221  0.1011  0.1221  0.1502  0.0981  1
144:   0.0130  0.1840  0.1930  0.3160  0.0320  0.2620  1
145:   0.0280  0.2300  0.2120  0.2580  0.0300  0.2420  1
146:   0.0280  0.1700  0.2040  0.3130  0.0560  0.2290  1
147:   0.0700  0.1990  0.2030  0.2070  0.1120  0.2090  1
148:   0.0160  0.1910  0.2020  0.3010  0.0280  0.2620  1
149:   0.0370  0.1910  0.2410  0.2590  0.0390  0.2330  1
150:   0.0110  0.1794  0.1884  0.3397  0.0110  0.2705  1
151:   0.0470  0.2122  0.2422  0.2302  0.0220  0.2462  1
152:   0.0320  0.2340  0.2460  0.2120  0.0360  0.2400  1
153:   0.2693  0.1441  0.1642  0.2132  0.0340  0.1752  1
154:   0.0170  0.2100  0.2620  0.2220  0.0130  0.2760  1
155:   0.0300  0.2190  0.2430  0.2340  0.0270  0.2470  1
156:   0.0800  0.2040  0.1980  0.2490  0.0460  0.2230  1
157:   0.0200  0.2320  0.2090  0.3000  0.0250  0.2140  1
158:   0.0220  0.2390  0.2240  0.2080  0.0490  0.2580  1
159:   0.0330  0.1970  0.2280  0.2670  0.0100  0.2650  1
160:   0.0370  0.2100  0.2330  0.2600  0.0290  0.2310  1
161:   0.0270  0.2130  0.2550  0.2100  0.0150  0.2800  1
162:   0.0270  0.2382  0.2362  0.2172  0.0440  0.2372  1
163:   0.0330  0.2370  0.2490  0.2000  0.0250  0.2560  1
164:   0.0150  0.2430  0.2670  0.1970  0.0160  0.2620  1
165:   0.0470  0.2700  0.2460  0.1940  0.0120  0.2310  1
166:   0.1100  0.2400  0.2070  0.1930  0.0610  0.1890  1
167:   0.0280  0.2510  0.2610  0.2040  0.0150  0.2410  1
168:   0.0200  0.2242  0.2282  0.2492  0.0300  0.2482  1
169:   0.1150  0.1960  0.2150  0.2150  0.0390  0.2200  1
170:   0.3237  0.1369  0.1459  0.1928  0.0350  0.1658  1
171:   0.0750  0.2530  0.2220  0.2070  0.0150  0.2280  1
172:   0.0570  0.1940  0.2100  0.1660  0.1640  0.2090  1
173:   0.0160  0.2422  0.2653  0.1972  0.0400  0.2392  1
174:   0.0150  0.2410  0.2640  0.2010  0.0170  0.2620  1
175:   0.0350  0.2302  0.2072  0.2172  0.0661  0.2442  1
176:   0.0969  0.2018  0.2158  0.2118  0.0440  0.2298  1
177:   0.6470  0.0350  0.0390  0.0630  0.1690  0.0470  1
178:   0.6430  0.0770  0.0750  0.0600  0.0820  0.0630  1
179:   0.8731  0.0260  0.0270  0.0290  0.0150  0.0300  1
180:   0.0420  0.2683  0.2292  0.2132  0.0120  0.2352  1
181:   0.8700  0.0250  0.0270  0.0260  0.0250  0.0270  1
182:   0.7620  0.0370  0.0390  0.0460  0.0770  0.0390  1
183:   0.5810  0.0700  0.0820  0.0890  0.0940  0.0840  1
