  1:   0.0504  0.2338  0.2152  0.2234  0.0416  0.2358  1
  2:   0.0122  0.2678  0.2496  0.2114  0.0228  0.2362  1
  3:   0.0496  0.1883  0.1951  0.3179  0.0122  0.2369  1
  4:   0.0114  0.2309  0.2559  0.2571  0.0098  0.2349  1
  5:   0.0366  0.1873  0.1969  0.3209  0.0142  0.2441  1
  6:   0.0426  0.1047  0.1223  0.1481  0.4617  0.1207  1
  7:   0.0142  0.2228  0.2154  0.2443  0.0750  0.2282  1
  8:   0.0138  0.1794  0.1868  0.3494  0.0102  0.2604  1
  9:   0.3121  0.1750  0.1446  0.1588  0.0574  0.1520  1
 10:   0.0164  0.1837  0.1933  0.3174  0.0420  0.2472  1
 11:   0.1274  0.2013  0.1569  0.1823  0.1589  0.1733  1
 12:   0.0246  0.2410  0.2014  0.2634  0.0374  0.2322  1
 13:   0.0888  0.1142  0.1279  0.1190  0.4366  0.1134  1
 14:   0.0370  0.2206  0.2282  0.1892  0.1222  0.2030  1
 15:   0.0256  0.2572  0.2304  0.2242  0.0328  0.2298  1
 16:   0.0322  0.2754  0.2350  0.2052  0.0298  0.2224  1
 17:   0.0154  0.2829  0.2611  0.1785  0.0160  0.2461  1
 18:   0.2298  0.1586  0.1728  0.2040  0.0498  0.1848  1
 19:   0.0148  0.2288  0.2240  0.2525  0.0370  0.2430  1
 20:   0.0494  0.2683  0.2350  0.1992  0.0226  0.2254  1
 21:   0.0250  0.2114  0.2494  0.1775  0.1391  0.1976  1
 22:   0.0118  0.3205  0.2386  0.1869  0.0306  0.2116  1
 23:   0.0318  0.2112  0.2100  0.2934  0.0102  0.2434  1
 24:   0.0326  0.2376  0.2916  0.1760  0.0524  0.2098  1
 25:   0.0316  0.2006  0.2246  0.2720  0.0136  0.2576  1
 26:   0.0212  0.1633  0.1505  0.1911  0.3002  0.1737  1
 27:   0.0188  0.2867  0.2443  0.1813  0.0262  0.2427  1
 28:   0.0264  0.1644  0.1716  0.3576  0.0410  0.2390  1
 29:   0.0260  0.2257  0.2451  0.2169  0.0426  0.2437  1
 30:   0.1616  0.1784  0.1748  0.2192  0.0618  0.2040  1
 31:   0.1484  0.1974  0.2270  0.1882  0.0262  0.2130  1
 32:   0.0224  0.2200  0.2298  0.2476  0.0260  0.2542  1
 33:   0.0234  0.2192  0.2471  0.2128  0.0520  0.2455  1
 34:   0.1102  0.2101  0.2135  0.2301  0.0138  0.2223  1
 35:   0.0222  0.2342  0.2803  0.1902  0.0218  0.2513  1
 36:   0.2041  0.1341  0.1463  0.1503  0.2199  0.1453  1
 37:   0.0156  0.3203  0.2500  0.1676  0.0114  0.2352  1
 38:   0.0494  0.2325  0.2189  0.2195  0.0500  0.2295  1
 39:   0.0438  0.2741  0.2166  0.2052  0.0620  0.1982  1
 40:   0.0698  0.2169  0.2713  0.1802  0.0146  0.2472  1
 41:   0.4541  0.1040  0.1012  0.1050  0.1314  0.1044  1
 42:   0.0592  0.1902  0.2018  0.2230  0.0966  0.2292  1
 43:   0.0118  0.2646  0.2806  0.1786  0.0370  0.2274  1
 44:   0.0296  0.2129  0.2165  0.2600  0.0242  0.2568  1
 45:   0.0220  0.2751  0.2451  0.1900  0.0262  0.2416  1
 46:   0.0340  0.2462  0.2889  0.1768  0.0232  0.2310  1
 47:   0.1023  0.1979  0.2005  0.2576  0.0250  0.2167  1
 48:   0.0178  0.2777  0.2612  0.1810  0.0536  0.2088  1
 49:   0.0364  0.2131  0.2251  0.2351  0.0508  0.2395  1
 50:   0.0284  0.2707  0.2444  0.1960  0.0466  0.2140  1
 51:   0.0584  0.2686  0.2036  0.2143  0.0492  0.2060  1
 52:   0.0276  0.2510  0.2310  0.2396  0.0128  0.2380  1
 53:   0.0392  0.2538  0.2392  0.1950  0.0274  0.2454  1
 54:   0.0818  0.1928  0.1670  0.1772  0.2050  0.1760  1
 55:   0.0264  0.1960  0.2196  0.2709  0.0326  0.2544  1
 56:   0.0516  0.2689  0.2058  0.2415  0.0206  0.2116  1
 57:   0.0604  0.2336  0.2547  0.1938  0.0218  0.2356  1
 58:   0.0298  0.2144  0.2120  0.2744  0.0176  0.2518  1
 59:   0.0258  0.1461  0.1621  0.3009  0.1477  0.2173  1
 60:   0.0174  0.2192  0.2648  0.2300  0.0124  0.2562  1
 61:   0.0664  0.2014  0.2340  0.1794  0.1160  0.2028  1
 62:   0.0366  0.2667  0.2269  0.2165  0.0176  0.2357  1
 63:   0.0120  0.2349  0.2566  0.2369  0.0186  0.2409  1
 64:   0.0234  0.2901  0.2503  0.1856  0.0278  0.2228  1
 65:   0.1032  0.1860  0.2120  0.2150  0.0672  0.2164  1
 66:   0.0192  0.2397  0.2787  0.1985  0.0338  0.2301  1
 67:   0.4843  0.0718  0.0592  0.0688  0.2518  0.0642  1
 68:   0.0294  0.2336  0.2765  0.1928  0.0424  0.2252  1
 69:   0.0228  0.2156  0.2566  0.2417  0.0154  0.2479  1
 70:   0.0182  0.2349  0.2454  0.2102  0.0292  0.2620  1
 71:   0.0206  0.2741  0.2142  0.2116  0.0508  0.2288  1
 72:   0.1072  0.2306  0.1796  0.1614  0.1486  0.1724  1
 73:   0.0246  0.2632  0.2212  0.2280  0.0452  0.2178  1
 74:   0.0120  0.2651  0.2609  0.2043  0.0296  0.2281  1
 75:   0.0634  0.2588  0.2074  0.1694  0.0886  0.2124  1
 76:   0.0296  0.2394  0.2538  0.2276  0.0200  0.2297  1
 77:   0.0114  0.2617  0.2569  0.2099  0.0122  0.2479  1
 78:   0.0118  0.2006  0.1860  0.3243  0.0440  0.2332  1
 79:   0.0172  0.2784  0.2468  0.2141  0.0110  0.2325  1
 80:   0.0140  0.2979  0.2402  0.1938  0.0202  0.2338  1
 81:   0.0448  0.2607  0.2196  0.1842  0.0718  0.2188  1
 82:   0.0296  0.2856  0.2191  0.2159  0.0316  0.2181  1
 83:   0.0238  0.2254  0.2207  0.2172  0.0964  0.2166  1
 84:   0.0374  0.2134  0.2204  0.2679  0.0226  0.2384  1
 85:   0.0326  0.2064  0.1936  0.3183  0.0132  0.2360  1
 86:   0.0518  0.2100  0.1688  0.3280  0.0160  0.2254  1
 87:   0.0308  0.2620  0.2014  0.1970  0.1138  0.1951  1
 88:   0.0154  0.2637  0.2448  0.2106  0.0274  0.2380  1
 89:   0.0184  0.2817  0.2149  0.2453  0.0256  0.2141  1
 90:   0.0310  0.2232  0.2478  0.2210  0.0284  0.2486  1
 91:   0.0286  0.2423  0.2178  0.2358  0.0152  0.2603  1
 92:   0.0448  0.2177  0.2483  0.2219  0.0166  0.2507  1
 93:   0.0284  0.1958  0.1788  0.2726  0.1028  0.2216  1
 94:   0.0196  0.2487  0.2025  0.2874  0.0158  0.2260  1
 95:   0.0118  0.2336  0.2199  0.2424  0.0400  0.2522  1
 96:   0.2206  0.1286  0.1176  0.2646  0.0964  0.1722  1
 97:   0.0182  0.2659  0.3015  0.1849  0.0130  0.2165  1
 98:   0.0278  0.2039  0.2367  0.2505  0.0426  0.2385  1
 99:   0.0238  0.2101  0.2331  0.2469  0.0278  0.2583  1
100:   0.0502  0.2132  0.2356  0.2342  0.0224  0.2444  1
101:   0.0166  0.2129  0.1973  0.3077  0.0124  0.2531  1
102:   0.0092  0.2548  0.2187  0.2524  0.0192  0.2457  1
103:   0.0114  0.2865  0.2256  0.2428  0.0172  0.2164  1
104:   0.0168  0.2884  0.2487  0.1817  0.0170  0.2474  1
105:   0.2020  0.1830  0.2054  0.1774  0.0544  0.1778  1
106:   0.0138  0.2381  0.2374  0.2392  0.0116  0.2598  1
107:   0.1128  0.1772  0.1900  0.1792  0.1420  0.1988  1
108:   0.0188  0.1871  0.2051  0.2986  0.0376  0.2528  1
109:   0.0154  0.2464  0.2362  0.2304  0.0118  0.2598  1
110:   0.0118  0.3179  0.2507  0.1708  0.0112  0.2375  1
111:   0.0090  0.2128  0.2086  0.2712  0.0742  0.2244  1
112:   0.0298  0.2343  0.2342  0.2236  0.0156  0.2625  1
113:   0.0172  0.2112  0.1854  0.3433  0.0136  0.2293  1
114:   0.0402  0.2384  0.1940  0.1584  0.1722  0.1970  1
115:   0.0392  0.2339  0.2423  0.2161  0.0314  0.2371  1
116:   0.0436  0.1952  0.2194  0.2636  0.0242  0.2540  1
117:   0.0252  0.2433  0.2793  0.1889  0.0278  0.2355  1
118:   0.0182  0.2584  0.2694  0.1957  0.0128  0.2456  1
119:   0.0730  0.2110  0.1990  0.2178  0.0920  0.2074  1
120:   0.0288  0.2896  0.2234  0.1990  0.0492  0.2100  1
121:   0.0266  0.2648  0.2486  0.2040  0.0134  0.2426  1
122:   0.0911  0.2355  0.2107  0.2153  0.0288  0.2185  1
123:   0.1014  0.1880  0.1728  0.1904  0.1484  0.1990  1
124:   0.0390  0.2601  0.2337  0.2004  0.0270  0.2399  1
125:   0.0188  0.2403  0.2465  0.2375  0.0134  0.2435  1
126:   0.0744  0.2507  0.1909  0.1913  0.0956  0.1971  1
127:   0.0782  0.2441  0.2413  0.1833  0.0186  0.2345  1
128:   0.0236  0.2341  0.2783  0.1924  0.0356  0.2359  1
129:   0.0180  0.1896  0.1838  0.1792  0.2416  0.1876  1
130:   0.2012  0.0516  0.0530  0.0560  0.5826  0.0556  1
131:   0.0150  0.2731  0.2446  0.1884  0.0254  0.2535  1
132:   0.0228  0.2437  0.2609  0.1969  0.0214  0.2543  1
133:   0.0908  0.1992  0.2426  0.2020  0.0454  0.2200  1
134:   0.0244  0.2016  0.2117  0.2940  0.0196  0.2488  1
135:   0.0122  0.2771  0.2280  0.2202  0.0236  0.2389  1
136:   0.0358  0.2231  0.2465  0.2053  0.0344  0.2549  1
137:   0.0412  0.2366  0.3092  0.1642  0.0380  0.2108  1
138:   0.1641  0.1983  0.2389  0.1865  0.0210  0.1913  1
139:   0.0330  0.2362  0.3124  0.1814  0.0184  0.2186  1
140:   0.2614  0.1494  0.1748  0.1560  0.0966  0.1618  1
141:   0.0792  0.0360  0.0356  0.0494  0.7581  0.0418  1
142:   0.0354  0.1799  0.1931  0.3031  0.0330  0.2555  1
143:   0.3908  0.1193  0.1055  0.1203  0.1581  0.1061  1
144:   0.0132  0.1890  0.1866  0.3359  0.0322  0.2431  1
145:   0.0272  0.2252  0.2048  0.2790  0.0308  0.2330  1
146:   0.0274  0.1740  0.1928  0.3108  0.0570  0.2379  1
147:   0.0668  0.1966  0.2351  0.1914  0.1122  0.1980  1
148:   0.0160  0.2079  0.1906  0.3201  0.0272  0.2382  1
149:   0.0362  0.2021  0.2083  0.2631  0.0384  0.2519  1
150:   0.0112  0.1864  0.1774  0.3589  0.0120  0.2540  1
151:   0.0454  0.2217  0.2735  0.2027  0.0222  0.2345  1
152:   0.0314  0.2260  0.2902  0.1978  0.0340  0.2206  1
153:   0.2694  0.1449  0.1713  0.2048  0.0354  0.1741  1
154:   0.0166  0.2365  0.2789  0.1914  0.0138  0.2628  1
155:   0.0314  0.2358  0.2522  0.2186  0.0278  0.2342  1
156:   0.0792  0.2000  0.2012  0.2524  0.0464  0.2210  1
157:   0.0204  0.2214  0.2086  0.2928  0.0264  0.2303  1
158:   0.0224  0.2299  0.2569  0.2087  0.0532  0.2289  1
159:   0.0332  0.2174  0.2352  0.2470  0.0100  0.2572  1
160:   0.0376  0.2021  0.2327  0.2640  0.0270  0.2365  1
161:   0.0246  0.2295  0.2879  0.1854  0.0162  0.2565  1
162:   0.0272  0.2469  0.2331  0.2235  0.0428  0.2265  1
163:   0.0300  0.2332  0.3061  0.1808  0.0244  0.2256  1
164:   0.0146  0.2457  0.3211  0.1786  0.0156  0.2244  1
165:   0.0468  0.2743  0.2218  0.2187  0.0116  0.2268  1
166:   0.1176  0.2293  0.2023  0.1967  0.0608  0.1933  1
167:   0.0272  0.2402  0.3141  0.1836  0.0152  0.2198  1
168:   0.0188  0.2166  0.2460  0.2508  0.0338  0.2340  1
169:   0.1094  0.1986  0.2362  0.2052  0.0402  0.2104  1
170:   0.3147  0.1427  0.1435  0.1925  0.0356  0.1709  1
171:   0.0700  0.2354  0.2910  0.1768  0.0146  0.2122  1
172:   0.0568  0.1996  0.2406  0.1614  0.1496  0.1920  1
173:   0.0152  0.2437  0.3004  0.1743  0.0368  0.2295  1
174:   0.0140  0.2447  0.3139  0.1734  0.0162  0.2378  1
175:   0.0342  0.2196  0.2590  0.2036  0.0640  0.2195  1
176:   0.0954  0.2114  0.2356  0.1918  0.0442  0.2216  1
177:   0.6428  0.0360  0.0356  0.0602  0.1776  0.0478  1
178:   0.6366  0.0802  0.0696  0.0658  0.0780  0.0698  1
179:   0.8774  0.0266  0.0274  0.0266  0.0148  0.0272  1
180:   0.0404  0.2808  0.2091  0.2412  0.0122  0.2163  1
181:   0.8710  0.0252  0.0268  0.0254  0.0252  0.0264  1
182:   0.7672  0.0372  0.0350  0.0438  0.0776  0.0392  1
183:   0.5904  0.0746  0.0780  0.0822  0.0940  0.0808  1
184:   0.5065  0.0800  0.0822  0.0924  0.1530  0.0860  1
185:   0.5160  0.0638  0.0718  0.0672  0.2177  0.0636  1
186:   0.5859  0.0818  0.0682  0.0744  0.1230  0.0668  1
187:   0.0812  0.1550  0.1630  0.1476  0.2944  0.1588  1
188:   0.1200  0.1834  0.1432  0.2046  0.1862  0.1626  1
189:   0.8928  0.0226  0.0214  0.0214  0.0210  0.0208  1
190:   0.4317  0.1262  0.1248  0.1670  0.0124  0.1378  1
191:   0.1585  0.1887  0.1311  0.1152  0.2819  0.1247  1
192:   0.9304  0.0120  0.0120  0.0122  0.0216  0.0118  1
193:   0.9386  0.0114  0.0114  0.0114  0.0162  0.0110  1
194:   0.9069  0.0186  0.0170  0.0170  0.0226  0.0180  1
195:   0.9258  0.0142  0.0150  0.0152  0.0150  0.0148  1
196:   0.8098  0.0252  0.0258  0.0252  0.0886  0.0254  1
197:   0.9368  0.0126  0.0128  0.0124  0.0130  0.0124  1
198:   0.8124  0.0420  0.0446  0.0418  0.0168  0.0424  1
199:   0.8812  0.0284  0.0252  0.0262  0.0128  0.0262  1
200:   0.6072  0.0584  0.0578  0.1159  0.0847  0.0761  1
201:   0.0802  0.1424  0.1330  0.1432  0.3617  0.1394  1
202:   0.9158  0.0166  0.0192  0.0186  0.0116  0.0182  1
203:   0.7968  0.0370  0.0406  0.0362  0.0528  0.0366  1
204:   0.9192  0.0126  0.0132  0.0130  0.0292  0.0128  1
205:   0.8685  0.0278  0.0280  0.0268  0.0216  0.0274  1
206:   0.7257  0.0344  0.0366  0.0412  0.1236  0.0384  1
207:   0.1877  0.1068  0.0790  0.0774  0.4672  0.0818  1
208:   0.0106  0.0120  0.0122  0.0122  0.9406  0.0124  1
209:   0.1100  0.0902  0.0902  0.1256  0.4804  0.1036  1
210:   0.1178  0.0158  0.0162  0.0184  0.8156  0.0162  1
211:   0.0190  0.0336  0.0356  0.0410  0.8329  0.0378  1
212:   0.7748  0.0450  0.0420  0.0434  0.0484  0.0464  1
213:   0.0208  0.0270  0.0244  0.0276  0.8745  0.0256  1
214:   0.1489  0.0316  0.0282  0.0290  0.7324  0.0298  1
215:   0.8635  0.0146  0.0136  0.0146  0.0802  0.0136  1
216:   0.4645  0.0398  0.0416  0.0426  0.3700  0.0414  1
217:   0.6825  0.0264  0.0280  0.0290  0.2056  0.0286  1
218:   0.8770  0.0254  0.0270  0.0262  0.0182  0.0262  1
219:   0.1659  0.0308  0.0250  0.0256  0.7279  0.0248  1
220:   0.1414  0.0510  0.0440  0.0672  0.6408  0.0556  1
221:   0.0416  0.1190  0.1332  0.1170  0.4653  0.1238  1
222:   0.0410  0.0188  0.0208  0.0188  0.8816  0.0190  1
223:   0.8899  0.0196  0.0196  0.0186  0.0328  0.0196  1
224:   0.1204  0.1884  0.1760  0.2454  0.0630  0.2070  1
225:   0.5457  0.0933  0.0836  0.1069  0.0784  0.0921  1
226:   0.8908  0.0190  0.0194  0.0188  0.0332  0.0188  1
227:   0.5145  0.1046  0.0876  0.0790  0.1244  0.0900  1
228:   0.7867  0.0464  0.0434  0.0442  0.0344  0.0448  1
229:   0.0198  0.0182  0.0188  0.0192  0.9047  0.0194  1
230:   0.0184  0.0254  0.0258  0.0254  0.8798  0.0252  1
231:   0.8534  0.0200  0.0208  0.0202  0.0648  0.0208  1
232:   0.0244  0.0142  0.0152  0.0178  0.9122  0.0162  1
233:   0.0262  0.0242  0.0232  0.0250  0.8770  0.0244  1
234:   0.0368  0.2447  0.2851  0.1747  0.0338  0.2249  1
235:   0.0350  0.0460  0.0486  0.0498  0.7700  0.0506  1
236:   0.0156  0.0338  0.0278  0.0252  0.8700  0.0276  1
237:   0.0626  0.0424  0.0336  0.0390  0.7887  0.0338  1
238:   0.3533  0.0376  0.0402  0.0350  0.4961  0.0378  1
239:   0.0272  0.0438  0.0446  0.0738  0.7541  0.0564  1
240:   0.0342  0.0388  0.0398  0.0932  0.7354  0.0586  1
241:   0.0690  0.1948  0.2272  0.2306  0.0498  0.2286  1
242:   0.1352  0.0816  0.0828  0.0838  0.5277  0.0890  1
243:   0.0200  0.0278  0.0252  0.0246  0.8772  0.0252  1
244:   0.1678  0.1368  0.1480  0.1212  0.2894  0.1368  1
245:   0.0234  0.0124  0.0122  0.0132  0.9264  0.0124  1
246:   0.1608  0.0630  0.0602  0.0570  0.6021  0.0570  1
247:   0.0800  0.0478  0.0536  0.0644  0.6991  0.0552  1
248:   0.0664  0.0358  0.0364  0.0394  0.7858  0.0362  1
249:   0.0396  0.0908  0.0748  0.1144  0.5895  0.0910  1
250:   0.1048  0.1658  0.1814  0.1366  0.2616  0.1498  1
251:   0.0550  0.0164  0.0178  0.0162  0.8780  0.0166  1
252:   0.0134  0.0168  0.0166  0.0176  0.9190  0.0166  1
253:   0.1636  0.0378  0.0402  0.0406  0.6783  0.0396  1
254:   0.0704  0.0812  0.0656  0.0702  0.6443  0.0682  1
255:   0.1102  0.0166  0.0164  0.0172  0.8224  0.0172  1
256:   0.0216  0.0124  0.0126  0.0124  0.9284  0.0126  1
257:   0.0662  0.0154  0.0158  0.0150  0.8726  0.0150  1
258:   0.0750  0.0498  0.0468  0.0632  0.7083  0.0570  1
259:   0.0875  0.0380  0.0400  0.0418  0.7522  0.0406  1
