  1:   0.2330  0.2220  0.0400  0.2320  0.2240  0.0490  1
  2:   0.2090  0.2490  0.0230  0.2310  0.2760  0.0120  1
  3:   0.2550  0.2250  0.0120  0.2530  0.2040  0.0510  1
  4:   0.2142  0.2793  0.0090  0.2292  0.2573  0.0110  1
  5:   0.2517  0.2318  0.0140  0.2627  0.2028  0.0370  1
  6:   0.1091  0.1281  0.4645  0.1291  0.1271  0.0420  1
  7:   0.2130  0.2210  0.0730  0.2350  0.2450  0.0130  1
  8:   0.2813  0.2272  0.0100  0.2863  0.1822  0.0130  1
  9:   0.1660  0.1450  0.0550  0.1640  0.1670  0.3030  1
 10:   0.2650  0.2100  0.0440  0.2770  0.1890  0.0150  1
 11:   0.1900  0.1370  0.1560  0.1680  0.2200  0.1290  1
 12:   0.2683  0.2032  0.0340  0.2232  0.2472  0.0240  1
 13:   0.1130  0.1290  0.4340  0.1190  0.1160  0.0890  1
 14:   0.1968  0.2168  0.1199  0.2038  0.2268  0.0360  1
 15:   0.2252  0.2222  0.0330  0.2442  0.2503  0.0250  1
 16:   0.2380  0.2240  0.0290  0.2110  0.2670  0.0310  1
 17:   0.2392  0.2412  0.0150  0.2513  0.2382  0.0150  1
 18:   0.1770  0.1910  0.0490  0.1920  0.1570  0.2340  1
 19:   0.2520  0.2390  0.0350  0.2230  0.2370  0.0140  1
 20:   0.2138  0.2318  0.0210  0.2378  0.2478  0.0480  1
 21:   0.1690  0.2580  0.1340  0.1970  0.2180  0.0240  1
 22:   0.2298  0.2028  0.0310  0.1708  0.3546  0.0110  1
 23:   0.2530  0.2380  0.0100  0.2710  0.1990  0.0290  1
 24:   0.1670  0.2950  0.0480  0.2070  0.2520  0.0310  1
 25:   0.2472  0.2623  0.0130  0.2603  0.1852  0.0320  1
 26:   0.1730  0.1510  0.3100  0.1770  0.1680  0.0210  1
 27:   0.2318  0.1968  0.0260  0.2448  0.2817  0.0190  1
 28:   0.2470  0.1970  0.0430  0.3050  0.1820  0.0260  1
 29:   0.2348  0.2458  0.0430  0.2488  0.2028  0.0250  1
 30:   0.2180  0.1850  0.0630  0.2120  0.1640  0.1580  1
 31:   0.2218  0.2258  0.0250  0.2178  0.1578  0.1518  1
 32:   0.2280  0.2430  0.0260  0.2660  0.2140  0.0230  1
 33:   0.2180  0.2410  0.0490  0.2440  0.2250  0.0230  1
 34:   0.2360  0.2240  0.0140  0.2240  0.1930  0.1090  1
 35:   0.2322  0.2913  0.0220  0.2523  0.1782  0.0240  1
 36:   0.1360  0.1530  0.2200  0.1510  0.1360  0.2040  1
 37:   0.2300  0.1830  0.0120  0.2250  0.3340  0.0160  1
 38:   0.2402  0.2142  0.0541  0.2242  0.2182  0.0490  1
 39:   0.2270  0.2050  0.0590  0.1730  0.2950  0.0410  1
 40:   0.2290  0.2830  0.0140  0.2590  0.1510  0.0640  1
 41:   0.1070  0.1030  0.1310  0.1030  0.1040  0.4520  1
 42:   0.2190  0.2140  0.0950  0.2410  0.1680  0.0630  1
 43:   0.2140  0.2490  0.0340  0.2230  0.2680  0.0120  1
 44:   0.2680  0.2430  0.0240  0.2540  0.1800  0.0310  1
 45:   0.2260  0.2190  0.0250  0.2610  0.2480  0.0210  1
 46:   0.1920  0.2950  0.0230  0.2310  0.2280  0.0310  1
 47:   0.2428  0.2068  0.0250  0.2338  0.1978  0.0939  1
 48:   0.1808  0.2388  0.0490  0.2018  0.3117  0.0180  1
 49:   0.2170  0.2290  0.0510  0.2410  0.2240  0.0380  1
 50:   0.2310  0.2250  0.0420  0.1980  0.2740  0.0300  1
 51:   0.2350  0.1800  0.0490  0.1820  0.2970  0.0570  1
 52:   0.2583  0.2492  0.0120  0.2352  0.2182  0.0270  1
 53:   0.2520  0.2270  0.0280  0.2290  0.2250  0.0390  1
 54:   0.1912  0.1582  0.2042  0.1612  0.2032  0.0821  1
 55:   0.2680  0.2350  0.0310  0.2740  0.1660  0.0260  1
 56:   0.2667  0.1748  0.0200  0.1838  0.3057  0.0490  1
 57:   0.2320  0.2650  0.0210  0.2180  0.2040  0.0600  1
 58:   0.2537  0.2118  0.0180  0.2597  0.2278  0.0290  1
 59:   0.2320  0.1700  0.1570  0.2400  0.1740  0.0270  1
 60:   0.2520  0.2860  0.0130  0.2480  0.1840  0.0170  1
 61:   0.1742  0.2292  0.1151  0.2092  0.2082  0.0641  1
 62:   0.2442  0.2192  0.0170  0.2272  0.2523  0.0400  1
 63:   0.2162  0.2693  0.0200  0.2442  0.2382  0.0120  1
 64:   0.2430  0.2070  0.0280  0.2040  0.2950  0.0230  1
 65:   0.2430  0.2220  0.0690  0.2130  0.1550  0.0980  1
 66:   0.2190  0.2690  0.0340  0.2220  0.2370  0.0190  1
 67:   0.0629  0.0609  0.2388  0.0579  0.0679  0.5115  1
 68:   0.2042  0.2693  0.0410  0.2112  0.2442  0.0300  1
 69:   0.2573  0.2442  0.0150  0.2593  0.2032  0.0210  1
 70:   0.2517  0.2458  0.0300  0.2757  0.1778  0.0190  1
 71:   0.2050  0.2060  0.0470  0.2210  0.3000  0.0210  1
 72:   0.1608  0.1658  0.1359  0.1628  0.2647  0.1099  1
 73:   0.2430  0.1970  0.0440  0.1940  0.2970  0.0250  1
 74:   0.2192  0.2503  0.0300  0.2152  0.2733  0.0120  1
 75:   0.2078  0.1788  0.0819  0.2098  0.2587  0.0629  1
 76:   0.2030  0.2420  0.0190  0.2270  0.2810  0.0280  1
 77:   0.2490  0.2540  0.0120  0.2430  0.2300  0.0120  1
 78:   0.2320  0.2100  0.0430  0.2540  0.2490  0.0120  1
 79:   0.2124  0.2435  0.0110  0.2355  0.2806  0.0170  1
 80:   0.2280  0.2210  0.0190  0.2280  0.2900  0.0140  1
 81:   0.2112  0.2042  0.0701  0.2182  0.2563  0.0400  1
 82:   0.2270  0.2110  0.0300  0.2000  0.3030  0.0290  1
 83:   0.2088  0.2328  0.0989  0.2238  0.2118  0.0240  1
 84:   0.2190  0.2450  0.0230  0.2490  0.2280  0.0360  1
 85:   0.2710  0.2170  0.0130  0.2400  0.2270  0.0320  1
 86:   0.2700  0.1850  0.0160  0.2270  0.2510  0.0510  1
 87:   0.2210  0.1610  0.1100  0.1760  0.3020  0.0300  1
 88:   0.2330  0.2400  0.0270  0.2430  0.2430  0.0140  1
 89:   0.2360  0.2030  0.0240  0.1920  0.3270  0.0180  1
 90:   0.2527  0.2537  0.0270  0.2517  0.1838  0.0310  1
 91:   0.2320  0.2120  0.0150  0.2940  0.2170  0.0300  1
 92:   0.2697  0.2567  0.0160  0.2448  0.1688  0.0440  1
 93:   0.2270  0.2130  0.1000  0.2200  0.2120  0.0280  1
 94:   0.2743  0.2032  0.0150  0.2162  0.2723  0.0190  1
 95:   0.2272  0.2242  0.0370  0.2442  0.2563  0.0110  1
 96:   0.1642  0.1552  0.1001  0.1772  0.1421  0.2613  1
 97:   0.2130  0.2660  0.0130  0.1960  0.2950  0.0170  1
 98:   0.2350  0.2370  0.0420  0.2410  0.2180  0.0270  1
 99:   0.2743  0.2593  0.0280  0.2513  0.1642  0.0230  1
100:   0.2440  0.2560  0.0220  0.2510  0.1760  0.0510  1
101:   0.2472  0.2042  0.0120  0.2683  0.2523  0.0160  1
102:   0.2603  0.1902  0.0190  0.2402  0.2813  0.0090  1
103:   0.2860  0.1870  0.0170  0.1800  0.3200  0.0100  1
104:   0.2272  0.2082  0.0160  0.2422  0.2903  0.0160  1
105:   0.1600  0.2020  0.0520  0.1700  0.2070  0.2090  1
106:   0.2710  0.2350  0.0120  0.2620  0.2070  0.0130  1
107:   0.2082  0.1952  0.1401  0.1982  0.1522  0.1061  1
108:   0.2450  0.2370  0.0360  0.2660  0.1970  0.0190  1
109:   0.2480  0.2390  0.0110  0.2520  0.2350  0.0150  1
110:   0.2460  0.1910  0.0110  0.2260  0.3150  0.0110  1
111:   0.2218  0.2248  0.0799  0.2238  0.2408  0.0090  1
112:   0.2470  0.2350  0.0160  0.2800  0.1940  0.0280  1
113:   0.2470  0.2340  0.0130  0.2300  0.2600  0.0160  1
114:   0.1850  0.1750  0.1620  0.1990  0.2420  0.0370  1
115:   0.2320  0.2410  0.0300  0.2470  0.2120  0.0380  1
116:   0.2360  0.2470  0.0220  0.2650  0.1860  0.0440  1
117:   0.2200  0.2940  0.0270  0.2300  0.2050  0.0240  1
118:   0.2360  0.2800  0.0120  0.2370  0.2180  0.0170  1
119:   0.2040  0.2060  0.0920  0.2100  0.2160  0.0720  1
120:   0.2302  0.1952  0.0501  0.1852  0.3123  0.0270  1
121:   0.2593  0.2442  0.0130  0.2242  0.2332  0.0260  1
122:   0.2372  0.2132  0.0290  0.2272  0.2022  0.0911  1
123:   0.1820  0.1800  0.1360  0.2110  0.1780  0.1130  1
124:   0.2378  0.2098  0.0290  0.2308  0.2517  0.0410  1
125:   0.2214  0.2675  0.0130  0.2265  0.2525  0.0190  1
126:   0.2082  0.1662  0.0951  0.1812  0.2783  0.0711  1
127:   0.2378  0.2258  0.0180  0.2228  0.2148  0.0809  1
128:   0.2220  0.2750  0.0320  0.2330  0.2150  0.0230  1
129:   0.1720  0.1950  0.2330  0.1810  0.2010  0.0180  1
130:   0.0569  0.0539  0.5744  0.0599  0.0490  0.2058  1
131:   0.2500  0.2090  0.0250  0.2490  0.2510  0.0160  1
132:   0.2490  0.2650  0.0210  0.2350  0.2060  0.0240  1
133:   0.2000  0.2530  0.0440  0.2270  0.1860  0.0900  1
134:   0.2418  0.2408  0.0180  0.2547  0.2208  0.0240  1
135:   0.2400  0.1810  0.0240  0.2320  0.3110  0.0120  1
136:   0.2650  0.2610  0.0330  0.2570  0.1480  0.0360  1
137:   0.1700  0.2780  0.0340  0.2090  0.2730  0.0360  1
138:   0.1816  0.2395  0.0190  0.1976  0.2036  0.1587  1
139:   0.1840  0.2880  0.0170  0.2190  0.2590  0.0330  1
140:   0.1471  0.1682  0.0901  0.1692  0.1592  0.2663  1
141:   0.0390  0.0350  0.7642  0.0400  0.0370  0.0849  1
142:   0.2640  0.2200  0.0320  0.2790  0.1710  0.0340  1
143:   0.1041  0.1131  0.1602  0.0971  0.1271  0.3984  1
144:   0.3040  0.2010  0.0330  0.2390  0.2100  0.0130  1
145:   0.2840  0.2080  0.0300  0.2160  0.2360  0.0260  1
146:   0.2560  0.2070  0.0620  0.2600  0.1910  0.0240  1
147:   0.1850  0.2190  0.1140  0.2140  0.2070  0.0610  1
148:   0.3123  0.1932  0.0250  0.2302  0.2232  0.0160  1
149:   0.2350  0.2020  0.0390  0.2850  0.2020  0.0370  1
150:   0.3180  0.1970  0.0120  0.2660  0.1960  0.0110  1
151:   0.2250  0.2850  0.0210  0.2400  0.1880  0.0410  1
152:   0.1840  0.2680  0.0320  0.2210  0.2670  0.0280  1
153:   0.1782  0.1852  0.0360  0.2002  0.1532  0.2472  1
154:   0.2600  0.2820  0.0150  0.2620  0.1640  0.0170  1
155:   0.2420  0.2550  0.0270  0.2250  0.2200  0.0310  1
156:   0.2470  0.2090  0.0470  0.2230  0.1950  0.0790  1
157:   0.2583  0.2302  0.0270  0.2342  0.2292  0.0210  1
158:   0.2322  0.2422  0.0541  0.2342  0.2142  0.0230  1
159:   0.2603  0.2533  0.0100  0.2793  0.1672  0.0300  1
160:   0.2252  0.2472  0.0250  0.2533  0.2112  0.0380  1
161:   0.2468  0.2827  0.0160  0.2707  0.1598  0.0240  1
162:   0.2258  0.2408  0.0430  0.2108  0.2527  0.0270  1
163:   0.1750  0.3050  0.0220  0.2220  0.2490  0.0270  1
164:   0.1732  0.3153  0.0150  0.2192  0.2643  0.0130  1
165:   0.2517  0.2048  0.0120  0.2048  0.2727  0.0539  1
166:   0.2090  0.1970  0.0600  0.1800  0.2340  0.1200  1
167:   0.1860  0.2870  0.0140  0.2200  0.2680  0.0250  1
168:   0.2360  0.2810  0.0350  0.2250  0.2050  0.0180  1
169:   0.2010  0.2390  0.0400  0.2200  0.2010  0.0990  1
170:   0.1652  0.1632  0.0340  0.1742  0.1301  0.3333  1
171:   0.1930  0.2620  0.0140  0.2160  0.2480  0.0670  1
172:   0.1750  0.2350  0.1370  0.1830  0.2120  0.0580  1
173:   0.1780  0.2920  0.0360  0.2250  0.2550  0.0140  1
174:   0.1788  0.3107  0.0150  0.2308  0.2507  0.0140  1
175:   0.2210  0.2580  0.0630  0.2210  0.2050  0.0320  1
176:   0.2012  0.2563  0.0440  0.2252  0.1742  0.0991  1
177:   0.0460  0.0400  0.1740  0.0480  0.0350  0.6570  1
178:   0.0640  0.0710  0.0720  0.0570  0.0810  0.6550  1
179:   0.0280  0.0270  0.0140  0.0270  0.0240  0.8799  1
180:   0.2637  0.1868  0.0120  0.1848  0.3187  0.0340  1
181:   0.0270  0.0270  0.0240  0.0270  0.0230  0.8720  1
182:   0.0400  0.0330  0.0790  0.0370  0.0360  0.7750  1
183:   0.0771  0.0781  0.0921  0.0771  0.0701  0.6056  1
184:   0.0929  0.0879  0.1618  0.0959  0.0719  0.4895  1
185:   0.0619  0.0709  0.2158  0.0659  0.0679  0.5175  1
186:   0.0800  0.0660  0.1350  0.0640  0.0860  0.5690  1
187:   0.1499  0.1578  0.2897  0.1668  0.1528  0.0829  1
188:   0.2100  0.1400  0.1840  0.1570  0.1990  0.1100  1
189:   0.0210  0.0180  0.0210  0.0200  0.0240  0.8960  1
190:   0.1520  0.1230  0.0120  0.1480  0.1350  0.4300  1
191:   0.1390  0.1140  0.2650  0.1100  0.2080  0.1640  1
192:   0.0120  0.0120  0.0210  0.0120  0.0120  0.9311  1
193:   0.0110  0.0110  0.0150  0.0110  0.0110  0.9410  1
194:   0.0160  0.0170  0.0230  0.0160  0.0200  0.9080  1
195:   0.0140  0.0160  0.0140  0.0150  0.0140  0.9270  1
196:   0.0230  0.0250  0.0881  0.0240  0.0230  0.8168  1
197:   0.0120  0.0130  0.0130  0.0130  0.0110  0.9380  1
198:   0.0450  0.0460  0.0160  0.0400  0.0340  0.8188  1
199:   0.0280  0.0240  0.0120  0.0260  0.0300  0.8801  1
200:   0.0681  0.0671  0.0821  0.0731  0.0571  0.6527  1
201:   0.1440  0.1340  0.3540  0.1370  0.1470  0.0840  1
202:   0.0160  0.0190  0.0110  0.0190  0.0150  0.9199  1
203:   0.0380  0.0430  0.0549  0.0360  0.0370  0.7912  1
204:   0.0130  0.0130  0.0280  0.0120  0.0120  0.9220  1
205:   0.0270  0.0270  0.0210  0.0270  0.0260  0.8720  1
206:   0.0380  0.0370  0.1220  0.0430  0.0330  0.7270  1
207:   0.0870  0.0690  0.4550  0.0780  0.1210  0.1900  1
208:   0.0120  0.0120  0.9430  0.0120  0.0110  0.0100  1
209:   0.1010  0.0900  0.4970  0.1020  0.0990  0.1110  1
210:   0.0150  0.0160  0.8070  0.0160  0.0160  0.1300  1
211:   0.0350  0.0380  0.8420  0.0350  0.0320  0.0180  1
212:   0.0460  0.0380  0.0490  0.0480  0.0420  0.7770  1
213:   0.0250  0.0220  0.8809  0.0240  0.0260  0.0220  1
214:   0.0280  0.0270  0.7420  0.0290  0.0310  0.1430  1
215:   0.0140  0.0130  0.0719  0.0130  0.0150  0.8731  1
216:   0.0400  0.0460  0.3490  0.0400  0.0380  0.4870  1
217:   0.0270  0.0270  0.2068  0.0290  0.0250  0.6853  1
218:   0.0270  0.0270  0.0190  0.0270  0.0230  0.8771  1
219:   0.0280  0.0230  0.7197  0.0210  0.0320  0.1762  1
220:   0.0509  0.0440  0.6723  0.0470  0.0559  0.1299  1
221:   0.1060  0.1290  0.4740  0.1240  0.1250  0.0420  1
222:   0.0160  0.0210  0.8849  0.0200  0.0190  0.0390  1
223:   0.0180  0.0190  0.0310  0.0190  0.0210  0.8921  1
224:   0.2228  0.1748  0.0689  0.2148  0.2048  0.1139  1
225:   0.1161  0.0871  0.0861  0.0991  0.0901  0.5215  1
226:   0.0190  0.0200  0.0310  0.0190  0.0190  0.8920  1
227:   0.0840  0.0760  0.1240  0.0890  0.1080  0.5190  1
228:   0.0430  0.0410  0.0330  0.0450  0.0430  0.7950  1
229:   0.0170  0.0190  0.9060  0.0200  0.0180  0.0200  1
230:   0.0250  0.0260  0.8819  0.0240  0.0250  0.0180  1
231:   0.0190  0.0200  0.0591  0.0210  0.0200  0.8609  1
232:   0.0150  0.0150  0.9150  0.0160  0.0140  0.0250  1
233:   0.0240  0.0220  0.8801  0.0240  0.0230  0.0270  1
234:   0.1980  0.2840  0.0340  0.2110  0.2370  0.0360  1
235:   0.0511  0.0501  0.7648  0.0541  0.0440  0.0360  1
236:   0.0310  0.0240  0.8659  0.0300  0.0340  0.0150  1
237:   0.0400  0.0340  0.7890  0.0350  0.0440  0.0580  1
238:   0.0370  0.0390  0.4935  0.0400  0.0390  0.3516  1
239:   0.0620  0.0410  0.7770  0.0550  0.0400  0.0250  1
240:   0.0511  0.0430  0.7768  0.0551  0.0430  0.0310  1
241:   0.2360  0.2470  0.0490  0.2340  0.1650  0.0690  1
242:   0.0921  0.0801  0.5245  0.0861  0.0761  0.1411  1
243:   0.0251  0.0220  0.8848  0.0220  0.0281  0.0180  1
244:   0.1260  0.1460  0.2810  0.1330  0.1430  0.1710  1
245:   0.0110  0.0110  0.9289  0.0120  0.0120  0.0250  1
246:   0.0561  0.0561  0.5946  0.0621  0.0621  0.1692  1
247:   0.0559  0.0480  0.7193  0.0579  0.0420  0.0769  1
248:   0.0350  0.0340  0.7870  0.0400  0.0390  0.0650  1
249:   0.0839  0.0679  0.6324  0.0779  0.1029  0.0350  1
250:   0.1390  0.1740  0.2440  0.1430  0.1900  0.1100  1
251:   0.0160  0.0170  0.8830  0.0160  0.0160  0.0520  1
252:   0.0160  0.0160  0.9210  0.0170  0.0170  0.0130  1
253:   0.0360  0.0390  0.6850  0.0410  0.0370  0.1620  1
254:   0.0721  0.0531  0.6517  0.0611  0.0891  0.0731  1
255:   0.0160  0.0160  0.8140  0.0170  0.0160  0.1210  1
256:   0.0130  0.0130  0.9271  0.0130  0.0120  0.0220  1
257:   0.0140  0.0150  0.8770  0.0150  0.0170  0.0620  1
258:   0.0470  0.0490  0.7290  0.0550  0.0520  0.0680  1
259:   0.0400  0.0400  0.7610  0.0380  0.0400  0.0810  1

  1:   0.2100  0.1920  0.0400  0.2560  0.2490  0.0530  1
  2:   0.2232  0.2553  0.0230  0.2292  0.2573  0.0120  1
  3:   0.3150  0.1970  0.0130  0.2500  0.1780  0.0470  1
  4:   0.2823  0.2733  0.0100  0.2212  0.2022  0.0110  1
  5:   0.3220  0.1910  0.0140  0.2520  0.1880  0.0330  1
  6:   0.1610  0.1270  0.4560  0.1220  0.0920  0.0420  1
  7:   0.2603  0.2342  0.0731  0.2212  0.1972  0.0140  1
  8:   0.3480  0.1760  0.0100  0.2850  0.1670  0.0140  1
  9:   0.1520  0.1390  0.0580  0.1470  0.1910  0.3130  1
 10:   0.3027  0.1938  0.0410  0.2757  0.1698  0.0170  1
 11:   0.1780  0.1720  0.1520  0.1610  0.2100  0.1270  1
 12:   0.2573  0.1912  0.0350  0.2452  0.2462  0.0250  1
 13:   0.1240  0.1350  0.4290  0.1120  0.1080  0.0920  1
 14:   0.2040  0.2320  0.1200  0.2040  0.2030  0.0370  1
 15:   0.2108  0.2268  0.0310  0.2258  0.2797  0.0260  1
 16:   0.1948  0.2298  0.0280  0.2258  0.2897  0.0320  1
 17:   0.1748  0.2228  0.0150  0.2817  0.2897  0.0160  1
 18:   0.1990  0.1650  0.0540  0.1900  0.1600  0.2320  1
 19:   0.2450  0.2160  0.0370  0.2550  0.2310  0.0160  1
 20:   0.1982  0.2062  0.0220  0.2392  0.2853  0.0490  1
 21:   0.1910  0.2590  0.1390  0.1940  0.1910  0.0260  1
 22:   0.1842  0.2462  0.0270  0.1912  0.3393  0.0120  1
 23:   0.2910  0.1960  0.0100  0.2570  0.2160  0.0300  1
 24:   0.2020  0.3220  0.0570  0.1870  0.1980  0.0340  1
 25:   0.2745  0.2126  0.0140  0.2764  0.1886  0.0339  1
 26:   0.1854  0.1443  0.3136  0.1733  0.1623  0.0210  1
 27:   0.1648  0.2468  0.0270  0.2428  0.2997  0.0190  1
 28:   0.3500  0.1650  0.0450  0.2500  0.1620  0.0280  1
 29:   0.2098  0.2607  0.0430  0.2368  0.2228  0.0270  1
 30:   0.2160  0.1640  0.0640  0.2060  0.1870  0.1630  1
 31:   0.1870  0.2140  0.0260  0.2310  0.1920  0.1500  1
 32:   0.2488  0.2298  0.0270  0.2537  0.2178  0.0230  1
 33:   0.2160  0.2820  0.0540  0.2220  0.2030  0.0230  1
 34:   0.2300  0.1980  0.0140  0.2260  0.2160  0.1160  1
 35:   0.1962  0.2533  0.0210  0.2843  0.2232  0.0220  1
 36:   0.1538  0.1459  0.2178  0.1459  0.1349  0.2018  1
 37:   0.1420  0.2710  0.0120  0.2170  0.3420  0.0160  1
 38:   0.2092  0.2142  0.0501  0.2342  0.2432  0.0490  1
 39:   0.2140  0.2300  0.0570  0.1750  0.2790  0.0450  1
 40:   0.1722  0.2553  0.0140  0.2733  0.2112  0.0741  1
 41:   0.1020  0.0980  0.1280  0.1010  0.1040  0.4670  1
 42:   0.2188  0.2068  0.0989  0.2388  0.1818  0.0549  1
 43:   0.1840  0.2920  0.0370  0.2190  0.2570  0.0110  1
 44:   0.2460  0.2140  0.0240  0.2640  0.2210  0.0310  1
 45:   0.1860  0.2250  0.0270  0.2460  0.2960  0.0200  1
 46:   0.2068  0.2807  0.0230  0.2308  0.2248  0.0340  1
 47:   0.2570  0.1920  0.0250  0.2230  0.2020  0.1010  1
 48:   0.1990  0.2890  0.0540  0.1860  0.2540  0.0180  1
 49:   0.2350  0.2280  0.0500  0.2380  0.2130  0.0360  1
 50:   0.2006  0.2555  0.0499  0.1956  0.2705  0.0279  1
 51:   0.2118  0.1948  0.0490  0.1848  0.2997  0.0599  1
 52:   0.2350  0.2120  0.0140  0.2400  0.2720  0.0270  1
 53:   0.1910  0.2260  0.0260  0.2650  0.2540  0.0380  1
 54:   0.1612  0.1652  0.2042  0.1882  0.1992  0.0821  1
 55:   0.2650  0.2060  0.0330  0.2790  0.1900  0.0270  1
 56:   0.2368  0.2018  0.0190  0.1938  0.2997  0.0490  1
 57:   0.1970  0.2340  0.0220  0.2550  0.2260  0.0660  1
 58:   0.2733  0.2232  0.0170  0.2503  0.2062  0.0300  1
 59:   0.2977  0.1698  0.1518  0.2088  0.1459  0.0260  1
 60:   0.2310  0.2450  0.0120  0.2860  0.2090  0.0170  1
 61:   0.1930  0.2490  0.1140  0.1970  0.1810  0.0660  1
 62:   0.2160  0.2120  0.0180  0.2320  0.2880  0.0340  1
 63:   0.2510  0.2420  0.0180  0.2500  0.2270  0.0120  1
 64:   0.1788  0.2807  0.0280  0.2088  0.2807  0.0230  1
 65:   0.2138  0.2118  0.0719  0.2258  0.1718  0.1049  1
 66:   0.2050  0.2910  0.0330  0.2380  0.2140  0.0190  1
 67:   0.0710  0.0610  0.2520  0.0630  0.0780  0.4750  1
 68:   0.2140  0.3060  0.0440  0.2100  0.1990  0.0270  1
 69:   0.2490  0.2540  0.0150  0.2440  0.2150  0.0230  1
 70:   0.2130  0.2420  0.0290  0.2680  0.2300  0.0180  1
 71:   0.2220  0.2000  0.0460  0.2100  0.3030  0.0190  1
 72:   0.1662  0.1842  0.1411  0.1602  0.2432  0.1051  1
 73:   0.2320  0.2140  0.0440  0.1970  0.2880  0.0250  1
 74:   0.2100  0.2680  0.0290  0.2260  0.2550  0.0120  1
 75:   0.1520  0.1980  0.0880  0.2160  0.2820  0.0640  1
 76:   0.2390  0.2810  0.0190  0.2160  0.2170  0.0280  1
 77:   0.2162  0.2272  0.0120  0.2643  0.2693  0.0110  1
 78:   0.3353  0.1872  0.0440  0.2332  0.1882  0.0120  1
 79:   0.2068  0.2388  0.0110  0.2358  0.2907  0.0170  1
 80:   0.1752  0.2412  0.0210  0.2182  0.3303  0.0140  1
 81:   0.1668  0.2028  0.0729  0.2218  0.2897  0.0460  1
 82:   0.2092  0.2102  0.0290  0.2092  0.3133  0.0290  1
 83:   0.2270  0.2080  0.0990  0.2190  0.2240  0.0230  1
 84:   0.2670  0.2220  0.0220  0.2490  0.2010  0.0390  1
 85:   0.3163  0.1872  0.0130  0.2422  0.2082  0.0330  1
 86:   0.3030  0.1660  0.0160  0.2120  0.2440  0.0590  1
 87:   0.1852  0.2252  0.1121  0.1602  0.2863  0.0310  1
 88:   0.2100  0.2180  0.0280  0.2570  0.2710  0.0160  1
 89:   0.2372  0.2042  0.0250  0.1992  0.3163  0.0180  1
 90:   0.2130  0.2430  0.0290  0.2670  0.2200  0.0280  1
 91:   0.2228  0.2048  0.0150  0.2657  0.2647  0.0270  1
 92:   0.1960  0.2570  0.0170  0.2570  0.2270  0.0460  1
 93:   0.2530  0.1710  0.1040  0.2410  0.2030  0.0280  1
 94:   0.2710  0.1950  0.0150  0.2110  0.2880  0.0200  1
 95:   0.2368  0.2118  0.0420  0.2567  0.2398  0.0130  1
 96:   0.2400  0.1040  0.0980  0.1850  0.1320  0.2410  1
 97:   0.2152  0.3433  0.0130  0.1922  0.2182  0.0180  1
 98:   0.2580  0.2440  0.0440  0.2240  0.2010  0.0290  1
 99:   0.2300  0.2200  0.0290  0.2930  0.2050  0.0230  1
100:   0.2312  0.2192  0.0220  0.2763  0.2042  0.0470  1
101:   0.2970  0.2070  0.0120  0.2470  0.2210  0.0160  1
102:   0.2360  0.2070  0.0180  0.2590  0.2710  0.0090  1
103:   0.2320  0.2310  0.0160  0.1940  0.3160  0.0110  1
104:   0.1752  0.2482  0.0160  0.2432  0.3013  0.0160  1
105:   0.2014  0.2104  0.0541  0.1673  0.1693  0.1974  1
106:   0.2420  0.2010  0.0110  0.2840  0.2490  0.0130  1
107:   0.1762  0.1822  0.1441  0.2092  0.1742  0.1141  1
108:   0.2930  0.2080  0.0410  0.2470  0.1920  0.0190  1
109:   0.2300  0.2200  0.0120  0.2620  0.2600  0.0160  1
110:   0.1530  0.2450  0.0110  0.2360  0.3430  0.0120  1
111:   0.2677  0.2018  0.0769  0.2318  0.2128  0.0090  1
112:   0.2072  0.2272  0.0150  0.2663  0.2543  0.0300  1
113:   0.3217  0.1778  0.0130  0.2478  0.2228  0.0170  1
114:   0.1470  0.1820  0.1750  0.1950  0.2620  0.0390  1
115:   0.2190  0.2270  0.0310  0.2480  0.2340  0.0410  1
116:   0.2523  0.2212  0.0260  0.2482  0.2102  0.0420  1
117:   0.1912  0.2683  0.0280  0.2573  0.2292  0.0260  1
118:   0.1968  0.2358  0.0140  0.2637  0.2707  0.0190  1
119:   0.2130  0.1930  0.0960  0.2090  0.2140  0.0750  1
120:   0.1960  0.2170  0.0440  0.2060  0.3090  0.0280  1
121:   0.1990  0.2210  0.0130  0.2550  0.2830  0.0290  1
122:   0.2070  0.1940  0.0280  0.2250  0.2570  0.0890  1
123:   0.1862  0.1602  0.1542  0.1982  0.2062  0.0951  1
124:   0.1960  0.2370  0.0280  0.2450  0.2550  0.0390  1
125:   0.2320  0.2470  0.0140  0.2460  0.2420  0.0190  1
126:   0.1872  0.1872  0.0931  0.1852  0.2733  0.0741  1
127:   0.1900  0.2270  0.0180  0.2480  0.2380  0.0790  1
128:   0.1900  0.2560  0.0380  0.2680  0.2240  0.0240  1
129:   0.1832  0.1952  0.2432  0.1712  0.1892  0.0180  1
130:   0.0550  0.0500  0.5690  0.0570  0.0560  0.2130  1
131:   0.1798  0.2348  0.0240  0.2737  0.2737  0.0140  1
132:   0.1840  0.2490  0.0200  0.2790  0.2440  0.0240  1
133:   0.2062  0.2613  0.0460  0.2202  0.1762  0.0901  1
134:   0.2930  0.2030  0.0210  0.2550  0.2050  0.0230  1
135:   0.2048  0.2398  0.0240  0.2408  0.2787  0.0120  1
136:   0.1892  0.2262  0.0340  0.2933  0.2242  0.0330  1
137:   0.2140  0.3420  0.0370  0.1800  0.1870  0.0400  1
138:   0.2008  0.2687  0.0220  0.1798  0.1738  0.1548  1
139:   0.2100  0.3500  0.0190  0.1930  0.1950  0.0330  1
140:   0.1670  0.1860  0.0960  0.1490  0.1420  0.2600  1
141:   0.0480  0.0340  0.7540  0.0420  0.0350  0.0870  1
142:   0.2890  0.1940  0.0350  0.2500  0.1960  0.0360  1
143:   0.1230  0.1080  0.1570  0.1020  0.1240  0.3860  1
144:   0.3350  0.1770  0.0350  0.2430  0.1960  0.0140  1
145:   0.2887  0.1888  0.0310  0.2358  0.2288  0.0270  1
146:   0.3013  0.1932  0.0581  0.2533  0.1652  0.0290  1
147:   0.2110  0.2620  0.1130  0.1810  0.1660  0.0670  1
148:   0.3123  0.1692  0.0280  0.2352  0.2392  0.0160  1
149:   0.2510  0.1960  0.0390  0.2660  0.2130  0.0350  1
150:   0.3570  0.1660  0.0130  0.2400  0.2130  0.0110  1
151:   0.2130  0.2440  0.0230  0.2590  0.2120  0.0490  1
152:   0.2295  0.3327  0.0331  0.1954  0.1804  0.0291  1
153:   0.1910  0.1800  0.0360  0.1740  0.1490  0.2700  1
154:   0.1860  0.2550  0.0130  0.3020  0.2280  0.0160  1
155:   0.2170  0.2300  0.0280  0.2510  0.2410  0.0330  1
156:   0.2510  0.1990  0.0470  0.2250  0.1990  0.0790  1
157:   0.2950  0.2040  0.0270  0.2230  0.2310  0.0200  1
158:   0.2110  0.2920  0.0560  0.2060  0.2130  0.0220  1
159:   0.2272  0.2052  0.0100  0.2913  0.2332  0.0330  1
160:   0.2650  0.2350  0.0280  0.2460  0.1820  0.0440  1
161:   0.1772  0.2813  0.0170  0.2793  0.2222  0.0230  1
162:   0.2252  0.2312  0.0430  0.2282  0.2432  0.0290  1
163:   0.2060  0.3260  0.0240  0.2140  0.2000  0.0300  1
164:   0.2070  0.3390  0.0150  0.2130  0.2110  0.0150  1
165:   0.2050  0.2000  0.0110  0.2220  0.3200  0.0420  1
166:   0.1960  0.2010  0.0590  0.1880  0.2380  0.1180  1
167:   0.2148  0.3447  0.0160  0.2008  0.1968  0.0270  1
168:   0.2510  0.2320  0.0350  0.2440  0.2190  0.0190  1
169:   0.2060  0.2400  0.0410  0.2120  0.1850  0.1160  1
170:   0.1928  0.1369  0.0360  0.1788  0.1459  0.3097  1
171:   0.2072  0.3343  0.0140  0.1862  0.1982  0.0601  1
172:   0.1740  0.2560  0.1500  0.1890  0.1720  0.0590  1
173:   0.1872  0.3123  0.0360  0.2252  0.2252  0.0140  1
174:   0.1960  0.3120  0.0160  0.2390  0.2230  0.0140  1
175:   0.2120  0.2840  0.0680  0.2100  0.1910  0.0350  1
176:   0.2040  0.2110  0.0430  0.2330  0.2170  0.0920  1
177:   0.0520  0.0330  0.1810  0.0420  0.0370  0.6550  1
178:   0.0661  0.0691  0.0741  0.0641  0.0871  0.6396  1
179:   0.0240  0.0260  0.0150  0.0280  0.0270  0.8800  1
180:   0.2440  0.1920  0.0120  0.1950  0.3170  0.0400  1
181:   0.0250  0.0250  0.0250  0.0270  0.0260  0.8720  1
182:   0.0390  0.0340  0.0730  0.0400  0.0390  0.7750  1
183:   0.0819  0.0769  0.0969  0.0789  0.0739  0.5914  1
184:   0.0849  0.0749  0.1638  0.0779  0.0849  0.5135  1
185:   0.0730  0.0790  0.2160  0.0590  0.0550  0.5180  1
186:   0.0730  0.0650  0.1120  0.0640  0.0930  0.5930  1
187:   0.1461  0.1672  0.2833  0.1632  0.1602  0.0801  1
188:   0.1952  0.1251  0.1872  0.1592  0.2082  0.1251  1
189:   0.0220  0.0230  0.0210  0.0210  0.0210  0.8919  1
190:   0.1610  0.1190  0.0130  0.1440  0.1240  0.4390  1
191:   0.1061  0.1421  0.2613  0.1121  0.2202  0.1582  1
192:   0.0110  0.0120  0.0220  0.0120  0.0120  0.9310  1
193:   0.0120  0.0110  0.0170  0.0100  0.0110  0.9389  1
194:   0.0170  0.0170  0.0220  0.0180  0.0180  0.9081  1
195:   0.0150  0.0140  0.0160  0.0150  0.0140  0.9260  1
196:   0.0261  0.0251  0.0832  0.0240  0.0240  0.8176  1
197:   0.0130  0.0130  0.0120  0.0130  0.0120  0.9371  1
198:   0.0430  0.0490  0.0160  0.0450  0.0410  0.8060  1
199:   0.0260  0.0240  0.0130  0.0260  0.0270  0.8840  1
200:   0.1050  0.0560  0.0840  0.0840  0.0610  0.6100  1
201:   0.1450  0.1330  0.3650  0.1390  0.1420  0.0760  1
202:   0.0180  0.0190  0.0120  0.0190  0.0170  0.9150  1
203:   0.0360  0.0450  0.0560  0.0390  0.0340  0.7900  1
204:   0.0120  0.0130  0.0290  0.0130  0.0120  0.9211  1
205:   0.0270  0.0280  0.0220  0.0280  0.0290  0.8660  1
206:   0.0410  0.0400  0.1210  0.0330  0.0340  0.7310  1
207:   0.0790  0.0840  0.4540  0.0770  0.1130  0.1930  1
208:   0.0110  0.0120  0.9400  0.0140  0.0120  0.0110  1
209:   0.1231  0.0811  0.4935  0.1031  0.0871  0.1121  1
210:   0.0180  0.0160  0.8020  0.0160  0.0150  0.1330  1
211:   0.0420  0.0320  0.8310  0.0410  0.0340  0.0200  1
212:   0.0410  0.0400  0.0460  0.0490  0.0440  0.7798  1
213:   0.0290  0.0250  0.8720  0.0260  0.0280  0.0200  1
214:   0.0320  0.0330  0.7097  0.0300  0.0350  0.1602  1
215:   0.0140  0.0140  0.0820  0.0130  0.0150  0.8620  1
216:   0.0460  0.0370  0.3480  0.0450  0.0400  0.4840  1
217:   0.0290  0.0300  0.1980  0.0290  0.0260  0.6880  1
218:   0.0260  0.0270  0.0180  0.0280  0.0240  0.8770  1
219:   0.0260  0.0240  0.7110  0.0250  0.0320  0.1820  1
220:   0.0710  0.0450  0.6410  0.0610  0.0470  0.1350  1
221:   0.1230  0.1360  0.4590  0.1340  0.1060  0.0420  1
222:   0.0210  0.0220  0.8812  0.0170  0.0180  0.0409  1
223:   0.0200  0.0200  0.0330  0.0200  0.0190  0.8881  1
224:   0.2238  0.1648  0.0659  0.2198  0.2028  0.1229  1
225:   0.1041  0.0771  0.0751  0.0881  0.1031  0.5526  1
226:   0.0180  0.0190  0.0320  0.0180  0.0180  0.8950  1
227:   0.0799  0.0919  0.1259  0.0839  0.1119  0.5065  1
228:   0.0430  0.0390  0.0340  0.0470  0.0510  0.7860  1
229:   0.0190  0.0180  0.9090  0.0180  0.0170  0.0190  1
230:   0.0240  0.0270  0.8780  0.0250  0.0270  0.0190  1
231:   0.0210  0.0210  0.0629  0.0200  0.0190  0.8561  1
232:   0.0170  0.0150  0.9160  0.0160  0.0130  0.0230  1
233:   0.0240  0.0220  0.8861  0.0230  0.0230  0.0220  1
234:   0.1800  0.2920  0.0340  0.2320  0.2220  0.0400  1
235:   0.0480  0.0460  0.7750  0.0490  0.0480  0.0340  1
236:   0.0280  0.0300  0.8620  0.0250  0.0380  0.0170  1
237:   0.0400  0.0340  0.7780  0.0340  0.0470  0.0670  1
238:   0.0360  0.0440  0.4960  0.0380  0.0370  0.3490  1
239:   0.0690  0.0450  0.7590  0.0550  0.0430  0.0290  1
240:   0.0879  0.0390  0.7323  0.0659  0.0400  0.0350  1
241:   0.2360  0.2180  0.0490  0.2480  0.1840  0.0650  1
242:   0.0799  0.0839  0.5265  0.0959  0.0799  0.1339  1
243:   0.0240  0.0250  0.8761  0.0250  0.0300  0.0200  1
244:   0.1309  0.1548  0.2947  0.1259  0.1299  0.1638  1
245:   0.0130  0.0130  0.9230  0.0120  0.0120  0.0270  1
246:   0.0600  0.0650  0.5870  0.0520  0.0660  0.1700  1
247:   0.0640  0.0540  0.7070  0.0490  0.0490  0.0770  1
248:   0.0390  0.0380  0.7872  0.0340  0.0350  0.0669  1
249:   0.1191  0.0841  0.5766  0.0961  0.0871  0.0370  1
250:   0.1518  0.2018  0.2557  0.1359  0.1528  0.1019  1
251:   0.0170  0.0180  0.8740  0.0160  0.0160  0.0590  1
252:   0.0190  0.0170  0.9150  0.0170  0.0180  0.0140  1
253:   0.0420  0.0400  0.6893  0.0370  0.0360  0.1558  1
254:   0.0720  0.0700  0.6360  0.0670  0.0860  0.0690  1
255:   0.0170  0.0160  0.8208  0.0180  0.0160  0.1121  1
256:   0.0120  0.0120  0.9300  0.0120  0.0120  0.0220  1
257:   0.0140  0.0160  0.8660  0.0150  0.0150  0.0740  1
258:   0.0630  0.0440  0.7160  0.0540  0.0500  0.0730  1
259:   0.0430  0.0420  0.7542  0.0390  0.0360  0.0859  1

  1:   0.2430  0.2400  0.0420  0.2180  0.2060  0.0510  1
  2:   0.1970  0.2530  0.0230  0.2100  0.3050  0.0120  1
  3:   0.3337  0.2048  0.0120  0.2128  0.1888  0.0480  1
  4:   0.2503  0.2312  0.0100  0.2372  0.2593  0.0120  1
  5:   0.3440  0.1900  0.0140  0.2410  0.1740  0.0370  1
  6:   0.1421  0.1111  0.4665  0.1241  0.1111  0.0450  1
  7:   0.2240  0.2290  0.0770  0.2040  0.2520  0.0140  1
  8:   0.3626  0.1908  0.0110  0.2338  0.1868  0.0150  1
  9:   0.1512  0.1522  0.0561  0.1331  0.1872  0.3203  1
 10:   0.3377  0.1968  0.0400  0.2398  0.1698  0.0160  1
 11:   0.1720  0.1750  0.1620  0.1590  0.1990  0.1330  1
 12:   0.2282  0.2362  0.0390  0.2102  0.2623  0.0240  1
 13:   0.1160  0.1110  0.4460  0.1190  0.1230  0.0850  1
 14:   0.1810  0.2100  0.1230  0.2130  0.2340  0.0390  1
 15:   0.1890  0.2530  0.0330  0.2120  0.2870  0.0260  1
 16:   0.1820  0.2460  0.0300  0.2030  0.3070  0.0320  1
 17:   0.1722  0.2693  0.0180  0.2362  0.2893  0.0150  1
 18:   0.2170  0.1750  0.0490  0.1850  0.1500  0.2240  1
 19:   0.2350  0.2500  0.0370  0.2500  0.2130  0.0150  1
 20:   0.1700  0.2580  0.0240  0.1970  0.3010  0.0500  1
 21:   0.1782  0.2272  0.1491  0.2072  0.2122  0.0260  1
 22:   0.1540  0.2750  0.0310  0.1700  0.3580  0.0120  1
 23:   0.2887  0.2188  0.0110  0.2458  0.2038  0.0320  1
 24:   0.1940  0.2350  0.0540  0.2270  0.2550  0.0350  1
 25:   0.2900  0.2130  0.0140  0.2590  0.1920  0.0320  1
 26:   0.1882  0.1602  0.2913  0.1812  0.1572  0.0220  1
 27:   0.1558  0.2757  0.0280  0.2218  0.2997  0.0190  1
 28:   0.3510  0.1970  0.0420  0.2100  0.1730  0.0270  1
 29:   0.2280  0.2240  0.0410  0.2740  0.2080  0.0250  1
 30:   0.2050  0.1850  0.0610  0.2160  0.1690  0.1640  1
 31:   0.2080  0.2120  0.0260  0.2290  0.1790  0.1460  1
 32:   0.2408  0.2408  0.0260  0.2677  0.2038  0.0210  1
 33:   0.2220  0.2110  0.0520  0.2930  0.1980  0.0240  1
 34:   0.2280  0.2220  0.0130  0.2350  0.1980  0.1040  1
 35:   0.2130  0.2560  0.0230  0.2680  0.2180  0.0220  1
 36:   0.1590  0.1460  0.2110  0.1420  0.1340  0.2080  1
 37:   0.1410  0.2960  0.0110  0.2000  0.3370  0.0150  1
 38:   0.2162  0.2162  0.0480  0.2392  0.2292  0.0511  1
 39:   0.1900  0.2230  0.0630  0.1910  0.2880  0.0450  1
 40:   0.2118  0.2448  0.0150  0.2657  0.1938  0.0689  1
 41:   0.1060  0.1050  0.1300  0.1030  0.0990  0.4570  1
 42:   0.2310  0.2010  0.0960  0.2310  0.1830  0.0580  1
 43:   0.1778  0.2557  0.0390  0.2338  0.2817  0.0120  1
 44:   0.2510  0.2230  0.0240  0.2640  0.2100  0.0280  1
 45:   0.1818  0.2567  0.0280  0.2338  0.2767  0.0230  1
 46:   0.1870  0.2520  0.0240  0.2510  0.2490  0.0370  1
 47:   0.2510  0.2100  0.0250  0.2230  0.1890  0.1020  1
 48:   0.1740  0.2490  0.0530  0.1970  0.3100  0.0170  1
 49:   0.2330  0.2400  0.0500  0.2450  0.1970  0.0350  1
 50:   0.1792  0.2362  0.0490  0.2182  0.2883  0.0290  1
 51:   0.2120  0.2320  0.0520  0.1970  0.2460  0.0610  1
 52:   0.2068  0.2368  0.0130  0.2418  0.2737  0.0280  1
 53:   0.1900  0.2540  0.0290  0.2370  0.2510  0.0390  1
 54:   0.1630  0.1770  0.2090  0.1690  0.1980  0.0840  1
 55:   0.2800  0.2280  0.0330  0.2430  0.1900  0.0260  1
 56:   0.2200  0.2430  0.0210  0.2020  0.2630  0.0510  1
 57:   0.2060  0.2520  0.0200  0.2460  0.2150  0.0610  1
 58:   0.2733  0.2172  0.0170  0.2643  0.1992  0.0290  1
 59:   0.3060  0.1740  0.1440  0.2230  0.1270  0.0260  1
 60:   0.2577  0.2567  0.0130  0.2537  0.2008  0.0180  1
 61:   0.1868  0.2098  0.1159  0.2148  0.2068  0.0659  1
 62:   0.2122  0.2442  0.0180  0.2272  0.2633  0.0350  1
 63:   0.2412  0.2372  0.0190  0.2352  0.2543  0.0130  1
 64:   0.1710  0.2450  0.0290  0.2170  0.3140  0.0240  1
 65:   0.2312  0.2012  0.0631  0.2242  0.1742  0.1061  1
 66:   0.2178  0.2488  0.0330  0.2438  0.2378  0.0190  1
 67:   0.0650  0.0620  0.2420  0.0570  0.0760  0.4980  1
 68:   0.1890  0.2340  0.0410  0.2620  0.2440  0.0300  1
 69:   0.2420  0.2470  0.0160  0.2630  0.2090  0.0230  1
 70:   0.2222  0.2332  0.0280  0.2783  0.2192  0.0190  1
 71:   0.2038  0.2448  0.0539  0.1978  0.2757  0.0240  1
 72:   0.1431  0.2022  0.1602  0.1351  0.2523  0.1071  1
 73:   0.2120  0.2610  0.0460  0.2070  0.2490  0.0250  1
 74:   0.2040  0.2460  0.0300  0.2490  0.2590  0.0120  1
 75:   0.1560  0.2420  0.0930  0.1790  0.2640  0.0660  1
 76:   0.2340  0.2570  0.0200  0.2040  0.2560  0.0290  1
 77:   0.2110  0.2580  0.0130  0.2590  0.2470  0.0120  1
 78:   0.3000  0.2200  0.0460  0.2040  0.2190  0.0110  1
 79:   0.2008  0.2567  0.0110  0.2058  0.3077  0.0180  1
 80:   0.1850  0.2660  0.0200  0.2130  0.3010  0.0150  1
 81:   0.1792  0.2352  0.0741  0.1962  0.2673  0.0480  1
 82:   0.2032  0.2352  0.0310  0.2112  0.2903  0.0290  1
 83:   0.2162  0.2072  0.0951  0.2212  0.2352  0.0250  1
 84:   0.2670  0.2300  0.0230  0.2160  0.2260  0.0380  1
 85:   0.2937  0.2338  0.0130  0.2178  0.2078  0.0340  1
 86:   0.3150  0.2130  0.0160  0.2140  0.1930  0.0490  1
 87:   0.1960  0.2280  0.1140  0.1740  0.2590  0.0290  1
 88:   0.1842  0.2583  0.0280  0.2322  0.2813  0.0160  1
 89:   0.2162  0.2513  0.0260  0.2032  0.2853  0.0180  1
 90:   0.2292  0.2563  0.0290  0.2593  0.1942  0.0320  1
 91:   0.2450  0.2470  0.0150  0.2270  0.2380  0.0280  1
 92:   0.2342  0.2503  0.0160  0.2593  0.1962  0.0440  1
 93:   0.2577  0.2018  0.1039  0.1968  0.2098  0.0300  1
 94:   0.2633  0.2342  0.0160  0.2222  0.2442  0.0200  1
 95:   0.2152  0.2503  0.0410  0.2613  0.2212  0.0110  1
 96:   0.2550  0.1440  0.0940  0.1590  0.1230  0.2250  1
 97:   0.1844  0.2595  0.0130  0.2204  0.3036  0.0190  1
 98:   0.2402  0.2503  0.0430  0.2422  0.1962  0.0280  1
 99:   0.2580  0.2160  0.0270  0.2760  0.1980  0.0250  1
100:   0.2530  0.2270  0.0230  0.2540  0.1910  0.0520  1
101:   0.2890  0.2410  0.0130  0.2270  0.2130  0.0170  1
102:   0.2500  0.2530  0.0190  0.2240  0.2440  0.0100  1
103:   0.2212  0.2422  0.0170  0.2112  0.2963  0.0120  1
104:   0.1760  0.2900  0.0180  0.2130  0.2860  0.0170  1
105:   0.1838  0.1878  0.0539  0.1828  0.1848  0.2068  1
106:   0.2390  0.2510  0.0120  0.2730  0.2120  0.0130  1
107:   0.1818  0.1858  0.1439  0.2118  0.1678  0.1089  1
108:   0.2837  0.2188  0.0370  0.2647  0.1768  0.0190  1
109:   0.2232  0.2633  0.0120  0.2583  0.2282  0.0150  1
110:   0.1390  0.2900  0.0110  0.2180  0.3300  0.0120  1
111:   0.2640  0.2240  0.0720  0.2200  0.2110  0.0090  1
112:   0.2340  0.2610  0.0160  0.2400  0.2190  0.0300  1
113:   0.3226  0.2194  0.0140  0.2184  0.2074  0.0180  1
114:   0.1460  0.2180  0.1830  0.1760  0.2330  0.0440  1
115:   0.2180  0.2290  0.0330  0.2540  0.2260  0.0400  1
116:   0.2490  0.2420  0.0230  0.2840  0.1590  0.0430  1
117:   0.2060  0.2320  0.0280  0.2600  0.2490  0.0250  1
118:   0.2058  0.2478  0.0130  0.2627  0.2517  0.0190  1
119:   0.2210  0.2010  0.0890  0.2060  0.2110  0.0720  1
120:   0.1788  0.2527  0.0519  0.1918  0.2947  0.0300  1
121:   0.1970  0.2650  0.0140  0.2490  0.2470  0.0280  1
122:   0.1992  0.2212  0.0300  0.2132  0.2452  0.0911  1
123:   0.1788  0.1918  0.1429  0.1988  0.1788  0.1089  1
124:   0.1892  0.2442  0.0270  0.2342  0.2673  0.0380  1
125:   0.2480  0.2400  0.0130  0.2540  0.2260  0.0190  1
126:   0.1792  0.2082  0.1001  0.1952  0.2402  0.0771  1
127:   0.1860  0.2470  0.0190  0.2450  0.2250  0.0780  1
128:   0.2180  0.2690  0.0390  0.2320  0.2180  0.0240  1
129:   0.1580  0.1780  0.2520  0.2050  0.1880  0.0190  1
130:   0.0581  0.0601  0.5836  0.0541  0.0501  0.1942  1
131:   0.1690  0.2700  0.0260  0.2470  0.2730  0.0150  1
132:   0.2030  0.2620  0.0220  0.2610  0.2300  0.0220  1
133:   0.2148  0.2158  0.0480  0.2458  0.1878  0.0879  1
134:   0.2797  0.2338  0.0210  0.2507  0.1888  0.0260  1
135:   0.2042  0.2693  0.0230  0.2182  0.2733  0.0120  1
136:   0.2310  0.2460  0.0370  0.2540  0.1960  0.0360  1
137:   0.1810  0.2450  0.0410  0.2340  0.2520  0.0470  1
138:   0.2060  0.1830  0.0200  0.2110  0.2100  0.1700  1
139:   0.2110  0.2610  0.0190  0.2290  0.2470  0.0330  1
140:   0.1600  0.1710  0.0990  0.1620  0.1470  0.2610  1
141:   0.0500  0.0390  0.7480  0.0410  0.0350  0.0870  1
142:   0.2907  0.2048  0.0310  0.2667  0.1698  0.0370  1
143:   0.1221  0.1011  0.1502  0.0981  0.1221  0.4064  1
144:   0.3160  0.1930  0.0320  0.2620  0.1840  0.0130  1
145:   0.2580  0.2120  0.0300  0.2420  0.2300  0.0280  1
146:   0.3130  0.2040  0.0560  0.2290  0.1700  0.0280  1
147:   0.2070  0.2030  0.1120  0.2090  0.1990  0.0700  1
148:   0.3010  0.2020  0.0280  0.2620  0.1910  0.0160  1
149:   0.2590  0.2410  0.0390  0.2330  0.1910  0.0370  1
150:   0.3397  0.1884  0.0110  0.2705  0.1794  0.0110  1
151:   0.2302  0.2422  0.0220  0.2462  0.2122  0.0470  1
152:   0.2120  0.2460  0.0360  0.2400  0.2340  0.0320  1
153:   0.2132  0.1642  0.0340  0.1752  0.1441  0.2693  1
154:   0.2220  0.2620  0.0130  0.2760  0.2100  0.0170  1
155:   0.2340  0.2430  0.0270  0.2470  0.2190  0.0300  1
156:   0.2490  0.1980  0.0460  0.2230  0.2040  0.0800  1
157:   0.3000  0.2090  0.0250  0.2140  0.2320  0.0200  1
158:   0.2080  0.2240  0.0490  0.2580  0.2390  0.0220  1
159:   0.2670  0.2280  0.0100  0.2650  0.1970  0.0330  1
160:   0.2600  0.2330  0.0290  0.2310  0.2100  0.0370  1
161:   0.2100  0.2550  0.0150  0.2800  0.2130  0.0270  1
162:   0.2172  0.2362  0.0440  0.2372  0.2382  0.0270  1
163:   0.2000  0.2490  0.0250  0.2560  0.2370  0.0330  1
164:   0.1970  0.2670  0.0160  0.2620  0.2430  0.0150  1
165:   0.1940  0.2460  0.0120  0.2310  0.2700  0.0470  1
166:   0.1930  0.2070  0.0610  0.1890  0.2400  0.1100  1
167:   0.2040  0.2610  0.0150  0.2410  0.2510  0.0280  1
168:   0.2492  0.2282  0.0300  0.2482  0.2242  0.0200  1
169:   0.2150  0.2150  0.0390  0.2200  0.1960  0.1150  1
170:   0.1928  0.1459  0.0350  0.1658  0.1369  0.3237  1
171:   0.2070  0.2220  0.0150  0.2280  0.2530  0.0750  1
172:   0.1660  0.2100  0.1640  0.2090  0.1940  0.0570  1
173:   0.1972  0.2653  0.0400  0.2392  0.2422  0.0160  1
174:   0.2010  0.2640  0.0170  0.2620  0.2410  0.0150  1
175:   0.2172  0.2072  0.0661  0.2442  0.2302  0.0350  1
176:   0.2118  0.2158  0.0440  0.2298  0.2018  0.0969  1
177:   0.0630  0.0390  0.1690  0.0470  0.0350  0.6470  1
178:   0.0600  0.0750  0.0820  0.0630  0.0770  0.6430  1
179:   0.0290  0.0270  0.0150  0.0300  0.0260  0.8731  1
180:   0.2132  0.2292  0.0120  0.2352  0.2683  0.0420  1
181:   0.0260  0.0270  0.0250  0.0270  0.0250  0.8700  1
182:   0.0460  0.0390  0.0770  0.0390  0.0370  0.7620  1
183:   0.0890  0.0820  0.0940  0.0840  0.0700  0.5810  1
