           1  1 0.2450 0.2345 0.1569 0.3636 
           2  1 0.2825 0.2755 0.1690 0.2730 
           3  1 0.2657 0.1729 0.3507 0.2107 
           4  1 0.4365 0.1519 0.1614 0.2502 
           5  1 0.1545 0.4324 0.1668 0.2463 
           6  1 0.2155 0.2705 0.1978 0.3162 
           7  1 0.2205 0.2665 0.3214 0.1915 
           8  1 0.1730 0.2178 0.3213 0.2879 
           9  1 0.4627 0.1534 0.1998 0.1840 
          10  1 0.1226 0.1068 0.4050 0.3657 
          11  1 0.1738 0.2744 0.3115 0.2402 
          12  1 0.2543 0.2114 0.2647 0.2696 
          13  1 0.2224 0.1724 0.3868 0.2185 
          14  1 0.4626 0.2162 0.1432 0.1780 
          15  1 0.1491 0.6049 0.1243 0.1217 
          16  1 0.1431 0.2205 0.3706 0.2659 
          17  1 0.4023 0.1826 0.2234 0.1917 
          18  1 0.3461 0.2525 0.1020 0.2994 
          19  1 0.3620 0.1819 0.1520 0.3041 
          20  1 0.3546 0.1335 0.3135 0.1985 
          21  1 0.1357 0.2086 0.2047 0.4509 
          22  1 0.3379 0.1706 0.1909 0.3006 
          23  1 0.1575 0.4117 0.2312 0.1997 
          24  1 0.2638 0.1666 0.3398 0.2298 
          25  1 0.2057 0.2104 0.1916 0.3923 
          26  1 0.2748 0.2855 0.1785 0.2612 
          27  1 0.2768 0.2030 0.3144 0.2058 
          28  1 0.1477 0.3473 0.2788 0.2261 
          29  1 0.3486 0.2328 0.1402 0.2784 
          30  1 0.3490 0.1865 0.2238 0.2407 
          31  1 0.2426 0.1660 0.3368 0.2547 
          32  1 0.1663 0.5072 0.1506 0.1758 
          33  1 0.2586 0.3834 0.1747 0.1833 
          34  1 0.3269 0.2622 0.1499 0.2610 
          35  1 0.3701 0.2832 0.1417 0.2051 
          36  1 0.2542 0.3587 0.1822 0.2049 
          37  1 0.2698 0.3050 0.2131 0.2120 
          38  1 0.2555 0.2039 0.2520 0.2886 
          39  1 0.2275 0.2526 0.1979 0.3220 
          40  1 0.1386 0.2476 0.1986 0.4152 
          41  1 0.2008 0.1633 0.3630 0.2729 
          42  1 0.1403 0.4056 0.2792 0.1750 
          43  1 0.3554 0.1359 0.1476 0.3611 
          44  1 0.2983 0.1891 0.2885 0.2241 
          45  1 0.1497 0.3906 0.2166 0.2430 
          46  1 0.1710 0.2865 0.2630 0.2795 
          47  1 0.2562 0.1426 0.2311 0.3702 
          48  1 0.1491 0.5996 0.1119 0.1393 
          49  1 0.4003 0.0937 0.3127 0.1933 
          50  1 0.3289 0.1991 0.2419 0.2301 
          51  1 0.3309 0.1576 0.1752 0.3364 
          52  1 0.1463 0.1416 0.4990 0.2131 
          53  1 0.2550 0.1854 0.2147 0.3450 
          54  1 0.3516 0.2139 0.1933 0.2413 
          55  1 0.1413 0.4232 0.1551 0.2804 
          56  1 0.1181 0.5451 0.1481 0.1886 
          57  1 0.2456 0.1845 0.3025 0.2675 
          58  1 0.1032 0.6550 0.0827 0.1591 
          59  1 0.1527 0.3654 0.2316 0.2503 
          60  1 0.2866 0.2003 0.2829 0.2302 
          61  1 0.2324 0.1582 0.3376 0.2718 
          62  1 0.1090 0.2470 0.3221 0.3219 
          63  1 0.1853 0.1811 0.4221 0.2116 
          64  1 0.2027 0.1568 0.2745 0.3660 
          65  1 0.2315 0.1906 0.2548 0.3231 
          66  1 0.3130 0.1786 0.2535 0.2550 
          67  1 0.2034 0.1352 0.3990 0.2624 
          68  1 0.2291 0.2072 0.3711 0.1926 
          69  1 0.1232 0.1637 0.3955 0.3176 
          70  1 0.2202 0.3306 0.2256 0.2237 
          71  1 0.2314 0.2134 0.2620 0.2932 
          72  1 0.2299 0.1870 0.3210 0.2621 
          73  1 0.2778 0.3321 0.1660 0.2241 
          74  1 0.2691 0.1660 0.2861 0.2788 
          75  1 0.3275 0.2262 0.2589 0.1875 
          76  1 0.2187 0.1579 0.2884 0.3349 
          77  1 0.2303 0.3077 0.2344 0.2276 
          78  1 0.2418 0.1330 0.2564 0.3687 
          79  1 0.2040 0.3554 0.2414 0.1992 
          80  1 0.2136 0.2034 0.3578 0.2252 
          81  1 0.1508 0.1150 0.4872 0.2470 
          82  1 0.1429 0.3534 0.2405 0.2632 
          83  1 0.1437 0.1173 0.6050 0.1339 
          84  1 0.2039 0.2463 0.3195 0.2303 
          85  1 0.1914 0.3122 0.2651 0.2313 
          86  1 0.1309 0.3371 0.1958 0.3362 
          87  1 0.1762 0.1149 0.4319 0.2770 
          88  1 0.2271 0.3653 0.1681 0.2395 
          89  1 0.3175 0.1597 0.2514 0.2714 
          90  1 0.1398 0.2602 0.2957 0.3043 
          91  1 0.2356 0.2525 0.2632 0.2487 
          92  1 0.1213 0.3324 0.3106 0.2357 
          93  1 0.2200 0.1439 0.4207 0.2154 
          94  1 0.3340 0.1260 0.1885 0.3516 
          95  1 0.1930 0.2919 0.2096 0.3056 
          96  1 0.3328 0.2302 0.2357 0.2013 
          97  1 0.1813 0.1775 0.4114 0.2298 
          98  1 0.2625 0.1933 0.3335 0.2107 
          99  1 0.1976 0.1588 0.4090 0.2346 
         100  1 0.3000 0.2222 0.2879 0.1898 
         101  1 0.2654 0.1719 0.3204 0.2424 
         102  1 0.1816 0.4501 0.1788 0.1895 
         103  1 0.3280 0.3835 0.1308 0.1577 
         104  1 0.1985 0.2458 0.3103 0.2454 
         105  1 0.3488 0.1957 0.2632 0.1923 
         106  1 0.2394 0.2168 0.2654 0.2783 
         107  1 0.1284 0.2571 0.2763 0.3382 
         108  1 0.1336 0.2960 0.3360 0.2344 
         109  1 0.3059 0.1859 0.3158 0.1925 
         110  1 0.5539 0.1520 0.1271 0.1670 
         111  1 0.2255 0.2769 0.1867 0.3109 
         112  1 0.4034 0.2301 0.1566 0.2099 
         113  1 0.1605 0.2872 0.1879 0.3644 
         114  1 0.3903 0.1844 0.2012 0.2241 
         115  1 0.1596 0.2536 0.3214 0.2654 
         116  1 0.1698 0.2795 0.2571 0.2936 
         117  1 0.1484 0.5373 0.1276 0.1867 
         118  1 0.4808 0.1583 0.1933 0.1675 
         119  1 0.2194 0.4184 0.1454 0.2168 
         120  1 0.2298 0.4918 0.1091 0.1692 
         121  1 0.3153 0.1749 0.3070 0.2028 
         122  1 0.2112 0.1153 0.4079 0.2657 
         123  1 0.1668 0.4815 0.1560 0.1956 
         124  1 0.1744 0.1593 0.3452 0.3211 
         125  1 0.1152 0.4872 0.2266 0.1710 
         126  1 0.2072 0.2044 0.1740 0.4144 
         127  1 0.2065 0.3057 0.2099 0.2780 
         128  1 0.1181 0.4029 0.2197 0.2592 
         129  1 0.1305 0.1860 0.4204 0.2631 
         130  1 0.3274 0.1391 0.1805 0.3531 
         131  1 0.1476 0.1591 0.2968 0.3965 
         132  1 0.1339 0.5628 0.1108 0.1924 
         133  1 0.3670 0.2969 0.1246 0.2115 
         134  1 0.1971 0.2297 0.2461 0.3271 
         135  1 0.5631 0.1092 0.1181 0.2096 
         136  1 0.2038 0.3015 0.2533 0.2414 
         137  1 0.1601 0.2100 0.2092 0.4207 
         138  1 0.2076 0.3041 0.1585 0.3298 
         139  1 0.2991 0.3489 0.1379 0.2140 
         140  1 0.1538 0.1503 0.4249 0.2710 
         141  1 0.3773 0.2475 0.1695 0.2056 
         142  1 0.1403 0.5264 0.1527 0.1806 
         143  1 0.1380 0.1640 0.3783 0.3197 
         144  1 0.2614 0.2477 0.2583 0.2325 
         145  1 0.3300 0.2699 0.1517 0.2484 
         146  1 0.3404 0.1413 0.2382 0.2801 
         147  1 0.2909 0.2377 0.2437 0.2277 
         148  1 0.3473 0.1834 0.2859 0.1835 
         149  1 0.1531 0.4629 0.1855 0.1985 
         150  1 0.4787 0.1151 0.1975 0.2088 
         151  1 0.3789 0.1471 0.2825 0.1915 
         152  1 0.2311 0.1913 0.2666 0.3111 
         153  1 0.2536 0.1993 0.3583 0.1888 
         154  1 0.2138 0.2819 0.2721 0.2322 
         155  1 0.1269 0.5350 0.1785 0.1595 
         156  1 0.2861 0.1924 0.3137 0.2078 
         157  1 0.1692 0.2454 0.1961 0.3893 
         158  1 0.1362 0.2080 0.2037 0.4521 
         159  1 0.1869 0.4153 0.2167 0.1811 
         160  1 0.1827 0.3655 0.1615 0.2903 
         161  1 0.2605 0.2909 0.1029 0.3457 
         162  1 0.4000 0.2344 0.1704 0.1952 
         163  1 0.3716 0.2123 0.2003 0.2158 
         164  1 0.0934 0.5141 0.2410 0.1515 
         165  1 0.2423 0.2194 0.2517 0.2866 
         166  1 0.1962 0.2245 0.2375 0.3418 
         167  1 0.1397 0.6070 0.1013 0.1520 
         168  1 0.2792 0.2568 0.2405 0.2234 
         169  1 0.2220 0.1839 0.2431 0.3510 
         170  1 0.4720 0.1109 0.2256 0.1915 
         171  1 0.2285 0.3378 0.2267 0.2069 
         172  1 0.4754 0.1485 0.2020 0.1741 
         173  1 0.2143 0.3721 0.1548 0.2588 
         174  1 0.1875 0.2089 0.3228 0.2808 
         175  1 0.3186 0.1447 0.2390 0.2977 
         176  1 0.4946 0.1279 0.1861 0.1913 
         177  1 0.1388 0.1317 0.5528 0.1766 
         178  1 0.2346 0.1990 0.2715 0.2949 
         179  1 0.1814 0.3292 0.2272 0.2622 
         180  1 0.3057 0.1564 0.3265 0.2114 
         181  1 0.2201 0.4369 0.1475 0.1956 
         182  1 0.0892 0.1236 0.6780 0.1091 
         183  1 0.3962 0.1825 0.1143 0.3070 
         184  1 0.3018 0.1832 0.2828 0.2323 
         185  1 0.2462 0.2846 0.1834 0.2858 
         186  1 0.3171 0.2626 0.2058 0.2145 
         187  1 0.4001 0.1758 0.1620 0.2621 
         188  1 0.2282 0.4112 0.1727 0.1880 
         189  1 0.3126 0.1640 0.2436 0.2797 
         190  1 0.3566 0.1887 0.2714 0.1833 
         191  1 0.2313 0.2467 0.1631 0.3589 
         192  1 0.1355 0.1946 0.3104 0.3595 
         193  1 0.3019 0.2130 0.2075 0.2775 
         194  1 0.1719 0.3953 0.1763 0.2565 
         195  1 0.1841 0.1598 0.3190 0.3371 
         196  1 0.3204 0.2076 0.1621 0.3099 
         197  1 0.1953 0.4301 0.1969 0.1777 
         198  1 0.3774 0.2434 0.1454 0.2338 
         199  1 0.1085 0.2040 0.4893 0.1982 
         200  1 0.2640 0.3500 0.1587 0.2272 
         201  1 0.1862 0.1352 0.4614 0.2172 
         202  1 0.2807 0.2124 0.2800 0.2269 
         203  1 0.1661 0.2263 0.3797 0.2279 
         204  1 0.3356 0.1617 0.3059 0.1969 
         205  1 0.1843 0.1911 0.3448 0.2798 
         206  1 0.1812 0.1825 0.3428 0.2936 
         207  1 0.1407 0.2632 0.2698 0.3263 
         208  1 0.3560 0.1451 0.2806 0.2183 
         209  1 0.1422 0.2537 0.2315 0.3726 
         210  1 0.3152 0.1936 0.2399 0.2513 
         211  1 0.1741 0.1122 0.3636 0.3501 
         212  1 0.3776 0.2510 0.1322 0.2392 
         213  1 0.2035 0.3484 0.1980 0.2501 
         214  1 0.1776 0.1380 0.2876 0.3968 
         215  1 0.2447 0.3541 0.1874 0.2138 
         216  1 0.2105 0.2548 0.2754 0.2593 
         217  1 0.2662 0.2891 0.1457 0.2991 
         218  1 0.1617 0.4873 0.1414 0.2096 
         219  1 0.4482 0.1738 0.2083 0.1697 
         220  1 0.1600 0.2030 0.2900 0.3470 
         221  1 0.1293 0.1551 0.5520 0.1636 
         222  1 0.2191 0.2715 0.1784 0.3309 
         223  1 0.1757 0.3511 0.1568 0.3164 
         224  1 0.1955 0.1848 0.3212 0.2985 
         225  1 0.1607 0.1295 0.2915 0.4183 
         226  1 0.3675 0.2659 0.1511 0.2155 
         227  1 0.1838 0.2382 0.3267 0.2514 
         228  1 0.2565 0.2745 0.2443 0.2247 
         229  1 0.2342 0.2284 0.2898 0.2476 
         230  1 0.5627 0.1722 0.1210 0.1441 
         231  1 0.2928 0.2157 0.1778 0.3137 
         232  1 0.1158 0.2803 0.3452 0.2587 
         233  1 0.4450 0.1593 0.1307 0.2650 
         234  1 0.2511 0.2542 0.1903 0.3044 
         235  1 0.3254 0.1895 0.2242 0.2609 
         236  1 0.2260 0.3689 0.2140 0.1911 
         237  1 0.1479 0.2215 0.3360 0.2946 
         238  1 0.2960 0.1817 0.1788 0.3434 
         239  1 0.4177 0.1692 0.2503 0.1628 
         240  1 0.2796 0.2411 0.2529 0.2264 
         241  1 0.2199 0.1771 0.3182 0.2848 
         242  1 0.1718 0.2236 0.3687 0.2359 
         243  1 0.1782 0.3656 0.2292 0.2270 
         244  1 0.1711 0.1476 0.3580 0.3234 
         245  1 0.3253 0.2792 0.2202 0.1753 
         246  1 0.2445 0.3919 0.1961 0.1675 
         247  1 0.3493 0.1737 0.2246 0.2525 
         248  1 0.3248 0.1673 0.1503 0.3576 
         249  1 0.3426 0.1901 0.2046 0.2626 
         250  1 0.1909 0.4708 0.1611 0.1772 
         251  1 0.2295 0.2876 0.1484 0.3345 
         252  1 0.1658 0.1613 0.3255 0.3475 
         253  1 0.1803 0.3149 0.3123 0.1925 
         254  1 0.4239 0.2123 0.1347 0.2290 
         255  1 0.2298 0.1918 0.3981 0.1803 
         256  1 0.1475 0.3890 0.1822 0.2814 
         257  1 0.2982 0.2098 0.2595 0.2325 
         258  1 0.2812 0.2337 0.2665 0.2186 
         259  1 0.3259 0.1507 0.2824 0.2410 
         260  1 0.1662 0.2690 0.3753 0.1895 
         261  1 0.3666 0.1697 0.2044 0.2593 
         262  1 0.2708 0.2458 0.2530 0.2304 
         263  1 0.3303 0.1385 0.2107 0.3205 
         264  1 0.1977 0.2309 0.3192 0.2522 
         265  1 0.2417 0.1327 0.2439 0.3817 
         266  1 0.1953 0.3324 0.1813 0.2910 
         267  1 0.2126 0.1707 0.2977 0.3190 
         268  1 0.4537 0.1631 0.1359 0.2473 
         269  1 0.3323 0.1235 0.3848 0.1593 
         270  1 0.3279 0.1319 0.2714 0.2688 
         271  1 0.2239 0.2382 0.2285 0.3093 
         272  1 0.3099 0.1555 0.2736 0.2609 
         273  1 0.1921 0.2364 0.2749 0.2966 
         274  1 0.6000 0.1145 0.1367 0.1489 
         275  1 0.3467 0.1430 0.3239 0.1864 
         276  1 0.1174 0.4313 0.2213 0.2300 
         277  1 0.1803 0.1300 0.5646 0.1251 
         278  1 0.2747 0.0924 0.4587 0.1743 
         279  1 0.1962 0.3554 0.2331 0.2153 
         280  1 0.2396 0.3247 0.2259 0.2098 
         281  1 0.2647 0.1186 0.2600 0.3567 
         282  1 0.4014 0.1852 0.2153 0.1980 
         283  1 0.2173 0.3537 0.2398 0.1891 
         284  1 0.1304 0.2316 0.4580 0.1801 
         285  1 0.2205 0.2489 0.2070 0.3236 
         286  1 0.2389 0.1462 0.3408 0.2742 
         287  1 0.2159 0.4618 0.1607 0.1615 
         288  1 0.1104 0.1103 0.6445 0.1348 
         289  1 0.2884 0.2566 0.2186 0.2364 
         290  1 0.2707 0.1985 0.1614 0.3694 
         291  1 0.2675 0.3341 0.1099 0.2885 
         292  1 0.1550 0.3002 0.2966 0.2482 
         293  1 0.4776 0.2121 0.1443 0.1660 
         294  1 0.2507 0.1885 0.3056 0.2552 
         295  1 0.0903 0.6746 0.1041 0.1310 
         296  1 0.2058 0.2387 0.3952 0.1603 
         297  1 0.3689 0.2022 0.2241 0.2048 
         298  1 0.2559 0.3342 0.1892 0.2208 
         299  1 0.1035 0.6330 0.1212 0.1423 
         300  1 0.3744 0.2278 0.2117 0.1861 
         301  1 0.2332 0.3290 0.2246 0.2132 
         302  1 0.1453 0.5864 0.1042 0.1640 
         303  1 0.3166 0.1567 0.1790 0.3478 
         304  1 0.2492 0.2416 0.2803 0.2288 
         305  1 0.2700 0.2768 0.1794 0.2738 
         306  1 0.1215 0.3791 0.3360 0.1634 
         307  1 0.2386 0.2460 0.2909 0.2244 
         308  1 0.1934 0.2165 0.3163 0.2739 
         309  1 0.2722 0.1423 0.3855 0.2000 
         310  1 0.2737 0.1424 0.2935 0.2904 
         311  1 0.1399 0.2743 0.4002 0.1856 
         312  1 0.3951 0.1368 0.2961 0.1720 
         313  1 0.2259 0.2704 0.2837 0.2200 
         314  1 0.1323 0.2874 0.2967 0.2836 
         315  1 0.1433 0.3211 0.3398 0.1958 
         316  1 0.2700 0.2228 0.2528 0.2544 
         317  1 0.4026 0.1343 0.2990 0.1641 
         318  1 0.5046 0.1251 0.1712 0.1991 
         319  1 0.2447 0.3084 0.1635 0.2834 
         320  1 0.1307 0.4578 0.2613 0.1502 
         321  1 0.3733 0.2012 0.1283 0.2973 
         322  1 0.2360 0.1863 0.2466 0.3310 
         323  1 0.2209 0.2652 0.3480 0.1659 
         324  1 0.2094 0.1401 0.2371 0.4134 
         325  1 0.3991 0.1896 0.2034 0.2079 
         326  1 0.1819 0.1529 0.5046 0.1606 
         327  1 0.3383 0.2440 0.1914 0.2264 
         328  1 0.2764 0.2106 0.2001 0.3129 
         329  1 0.1834 0.2028 0.3648 0.2490 
         330  1 0.1290 0.1498 0.3464 0.3748 
         331  1 0.1913 0.1981 0.3363 0.2742 
         332  1 0.3676 0.1403 0.2535 0.2386 
         333  1 0.2127 0.1760 0.3974 0.2140 
         334  1 0.4173 0.1430 0.2351 0.2046 
         335  1 0.2161 0.2611 0.3100 0.2128 
         336  1 0.1981 0.2270 0.3299 0.2450 
         337  1 0.4085 0.2120 0.1892 0.1904 
         338  1 0.1653 0.1806 0.4454 0.2086 
         339  1 0.1599 0.3650 0.2213 0.2538 
         340  1 0.4140 0.1545 0.1820 0.2495 
         341  1 0.1541 0.4353 0.1898 0.2208 
         342  1 0.1989 0.1823 0.3644 0.2544 
         343  1 0.1988 0.1325 0.5081 0.1606 
         344  1 0.4662 0.1418 0.2165 0.1755 
         345  1 0.2213 0.1711 0.4326 0.1750 
         346  1 0.2699 0.2753 0.2022 0.2525 
         347  1 0.1474 0.2465 0.2103 0.3958 
         348  1 0.2749 0.3340 0.1880 0.2032 
         349  1 0.2569 0.2074 0.3455 0.1901 
         350  1 0.2669 0.2549 0.2066 0.2717 
         351  1 0.3019 0.2834 0.1876 0.2271 
         352  1 0.2903 0.2579 0.2673 0.1845 
         353  1 0.1348 0.4111 0.2401 0.2139 
         354  1 0.1832 0.1870 0.4217 0.2081 
         355  1 0.2884 0.1800 0.2959 0.2357 
         356  1 0.2647 0.2926 0.2474 0.1953 
         357  1 0.2056 0.2561 0.2488 0.2895 
         358  1 0.1926 0.2328 0.3739 0.2006 
         359  1 0.1808 0.4746 0.1543 0.1903 
         360  1 0.3213 0.2810 0.1530 0.2447 
         361  1 0.1591 0.3848 0.2486 0.2075 
         362  1 0.3348 0.2031 0.2392 0.2229 
         363  1 0.4187 0.1397 0.2045 0.2371 
         364  1 0.3584 0.1736 0.2925 0.1756 
         365  1 0.3194 0.2893 0.1748 0.2165 
         366  1 0.2126 0.3881 0.2117 0.1875 
         367  1 0.2584 0.2721 0.2208 0.2487 
         368  1 0.1723 0.2712 0.1363 0.4201 
         369  1 0.1380 0.3523 0.2724 0.2372 
         370  1 0.1423 0.3611 0.2614 0.2352 
         371  1 0.1495 0.3274 0.3726 0.1505 
         372  1 0.1778 0.4121 0.1940 0.2161 
         373  1 0.2146 0.3131 0.2491 0.2232 
         374  1 0.2504 0.2207 0.2370 0.2919 
         375  1 0.2423 0.1771 0.3290 0.2516 
         376  1 0.3313 0.2292 0.1881 0.2514 
         377  1 0.1725 0.3053 0.1149 0.4073 
         378  1 0.2095 0.2050 0.1742 0.4113 
         379  1 0.1735 0.5371 0.1266 0.1628 
         380  1 0.1269 0.3461 0.1357 0.3912 
         381  1 0.2660 0.2665 0.2313 0.2362 
         382  1 0.2126 0.2350 0.3148 0.2377 
         383  1 0.1546 0.2828 0.3669 0.1956 
         384  1 0.3559 0.3513 0.1086 0.1842 
         385  1 0.3419 0.1279 0.2543 0.2759 
         386  1 0.0960 0.6471 0.1018 0.1552 
         387  1 0.2239 0.2271 0.1826 0.3665 
         388  1 0.2122 0.4511 0.1233 0.2134 
         389  1 0.2412 0.2088 0.3867 0.1634 
         390  1 0.1434 0.1923 0.3498 0.3145 
         391  1 0.1962 0.4469 0.1351 0.2218 
         392  1 0.1437 0.2424 0.4295 0.1845 
         393  1 0.3329 0.3786 0.1063 0.1822 
         394  1 0.1487 0.0999 0.4680 0.2833 
         395  1 0.3041 0.2136 0.2909 0.1915 
         396  1 0.4216 0.1489 0.2097 0.2197 
         397  1 0.4305 0.1157 0.2957 0.1581 
         398  1 0.2398 0.2906 0.2001 0.2695 
         399  1 0.2511 0.3424 0.1759 0.2306 
         400  1 0.1643 0.3992 0.2520 0.1845 
         401  1 0.2995 0.2621 0.1467 0.2917 
         402  1 0.3118 0.2265 0.2123 0.2494 
         403  1 0.3047 0.1037 0.3828 0.2088 
         404  1 0.1927 0.2085 0.3499 0.2488 
         405  1 0.3382 0.1576 0.2339 0.2702 
         406  1 0.1616 0.2257 0.2831 0.3296 
         407  1 0.2428 0.4690 0.1141 0.1741 
         408  1 0.2763 0.1997 0.1918 0.3322 
         409  1 0.3084 0.2426 0.2097 0.2393 
         410  1 0.2788 0.2060 0.2649 0.2502 
         411  1 0.3484 0.1091 0.3114 0.2310 
         412  1 0.2672 0.2567 0.1220 0.3541 
         413  1 0.2725 0.1013 0.4181 0.2081 
         414  1 0.2106 0.2949 0.1370 0.3575 
         415  1 0.1290 0.2910 0.1447 0.4353 
         416  1 0.5979 0.1155 0.1226 0.1640 
         417  1 0.1931 0.2543 0.2065 0.3460 
         418  1 0.2263 0.2297 0.1990 0.3449 
         419  1 0.1479 0.2180 0.3100 0.3241 
         420  1 0.4269 0.1235 0.1967 0.2530 
         421  1 0.2376 0.1486 0.2972 0.3165 
         422  1 0.1870 0.1838 0.3239 0.3052 
         423  1 0.2791 0.1782 0.2105 0.3323 
         424  1 0.4014 0.1343 0.2476 0.2167 
         425  1 0.1945 0.2592 0.2321 0.3142 
         426  1 0.1385 0.3818 0.1687 0.3111 
         427  1 0.1727 0.3087 0.1752 0.3434 
         428  1 0.2313 0.2550 0.2240 0.2896 
         429  1 0.1345 0.3964 0.3113 0.1578 
         430  1 0.1784 0.2112 0.1931 0.4173 
         431  1 0.3536 0.1376 0.2387 0.2701 
         432  1 0.2608 0.3372 0.1752 0.2268 
         433  1 0.2572 0.3065 0.1400 0.2962 
         434  1 0.3715 0.1877 0.2089 0.2319 
         435  1 0.3618 0.2058 0.2266 0.2057 
         436  1 0.1820 0.1949 0.2005 0.4226 
         437  1 0.3241 0.3146 0.1485 0.2128 
         438  1 0.1551 0.4856 0.1220 0.2373 
         439  1 0.1775 0.2048 0.2390 0.3787 
         440  1 0.1722 0.1545 0.4947 0.1787 
         441  1 0.2238 0.3389 0.1885 0.2488 
         442  1 0.3808 0.1364 0.2426 0.2402 
         443  1 0.2727 0.2457 0.2732 0.2084 
         444  1 0.2131 0.3784 0.2126 0.1959 
         445  1 0.1143 0.2122 0.3852 0.2883 
         446  1 0.2162 0.2002 0.2996 0.2840 
         447  1 0.4668 0.1772 0.1645 0.1915 
         448  1 0.2638 0.3195 0.1906 0.2260 
         449  1 0.3098 0.2426 0.2723 0.1752 
         450  1 0.2372 0.1409 0.3885 0.2335 
         451  1 0.1590 0.2980 0.3425 0.2006 
         452  1 0.1576 0.1659 0.5278 0.1487 
         453  1 0.3375 0.2379 0.1984 0.2262 
         454  1 0.3385 0.1092 0.3428 0.2095 
         455  1 0.1673 0.2103 0.2373 0.3852 
         456  1 0.1607 0.3093 0.2814 0.2487 
         457  1 0.1681 0.3333 0.1437 0.3549 
         458  1 0.1021 0.2500 0.4849 0.1630 
         459  1 0.1536 0.3928 0.2030 0.2506 
         460  1 0.3051 0.2248 0.2616 0.2085 
         461  1 0.6484 0.1003 0.1210 0.1303 
         462  1 0.2108 0.1104 0.2801 0.3987 
         463  1 0.1318 0.3734 0.1903 0.3045 
         464  1 0.2098 0.3104 0.2172 0.2626 
         465  1 0.1698 0.1991 0.3487 0.2824 
         466  1 0.1856 0.3851 0.1356 0.2938 
         467  1 0.1737 0.1842 0.3914 0.2507 
         468  1 0.2027 0.2928 0.3175 0.1869 
         469  1 0.2007 0.3274 0.2059 0.2660 
         470  1 0.2310 0.3672 0.1346 0.2672 
         471  1 0.1478 0.1342 0.5969 0.1212 
         472  1 0.3006 0.4149 0.1134 0.1712 
         473  1 0.2658 0.1912 0.1305 0.4124 
         474  1 0.3929 0.1726 0.2516 0.1828 
         475  1 0.1631 0.2386 0.2944 0.3039 
         476  1 0.1235 0.2967 0.3620 0.2178 
         477  1 0.2200 0.1842 0.2414 0.3544 
         478  1 0.4921 0.1591 0.1285 0.2203 
         479  1 0.1772 0.1582 0.3623 0.3023 
         480  1 0.4334 0.2244 0.1254 0.2168 
         481  1 0.1907 0.2070 0.2960 0.3064 
         482  1 0.2339 0.4147 0.1340 0.2174 
         483  1 0.1610 0.2543 0.3997 0.1850 
         484  1 0.2396 0.1079 0.2092 0.4433 
         485  1 0.1609 0.1519 0.3623 0.3249 
         486  1 0.2889 0.2149 0.2602 0.2360 
         487  1 0.2549 0.3459 0.1820 0.2172 
         488  1 0.1361 0.3127 0.2364 0.3147 
         489  1 0.3458 0.2032 0.2254 0.2255 
         490  1 0.2323 0.3357 0.1618 0.2701 
         491  1 0.2035 0.4980 0.1167 0.1817 
         492  1 0.1716 0.2503 0.2828 0.2953 
         493  1 0.2070 0.2372 0.1836 0.3722 
         494  1 0.1626 0.3622 0.2169 0.2583 
         495  1 0.1707 0.1193 0.5560 0.1540 
         496  1 0.3638 0.1276 0.2972 0.2114 
         497  1 0.4112 0.1501 0.1377 0.3010 
         498  1 0.4625 0.1550 0.1988 0.1836 
         499  1 0.2887 0.3816 0.1311 0.1986 
         500  1 0.1533 0.3671 0.2627 0.2169 
         501  1 0.3041 0.1646 0.2886 0.2427 
         502  1 0.1998 0.2253 0.3087 0.2662 
         503  1 0.4048 0.2059 0.1693 0.2200 
         504  1 0.3538 0.1393 0.1652 0.3417 
         505  1 0.1443 0.3652 0.2776 0.2128 
         506  1 0.2160 0.1901 0.2870 0.3069 
         507  1 0.2599 0.2763 0.2905 0.1733 
         508  1 0.5336 0.0946 0.2097 0.1621 
         509  1 0.1550 0.2121 0.3847 0.2482 
         510  1 0.3963 0.1207 0.2126 0.2704 
         511  1 0.2109 0.4080 0.1685 0.2127 
         512  1 0.6092 0.1051 0.1054 0.1803 
         513  1 0.2973 0.1058 0.3296 0.2673 
         514  1 0.4609 0.1650 0.1741 0.2001 
         515  1 0.1807 0.5901 0.1009 0.1283 
         516  1 0.1421 0.2267 0.4245 0.2068 
         517  1 0.1238 0.1844 0.4271 0.2647 
         518  1 0.4777 0.1331 0.1719 0.2173 
         519  1 0.2081 0.1574 0.1896 0.4448 
         520  1 0.1957 0.3341 0.2331 0.2371 
         521  1 0.2885 0.2174 0.1685 0.3256 
         522  1 0.2153 0.1627 0.2879 0.3340 
         523  1 0.2241 0.2901 0.2047 0.2811 
         524  1 0.1049 0.1326 0.5844 0.1781 
         525  1 0.1986 0.3386 0.1963 0.2666 
         526  1 0.3896 0.2644 0.1880 0.1579 
         527  1 0.3125 0.2199 0.1994 0.2681 
         528  1 0.1597 0.4767 0.1331 0.2305 
         529  1 0.2299 0.2194 0.2187 0.3320 
         530  1 0.1902 0.3365 0.1723 0.3010 
         531  1 0.1510 0.3224 0.3059 0.2208 
         532  1 0.1466 0.0915 0.5778 0.1841 
         533  1 0.6101 0.1310 0.1098 0.1490 
         534  1 0.1880 0.3533 0.1959 0.2628 
         535  1 0.2604 0.3176 0.1998 0.2222 
         536  1 0.3296 0.1849 0.2435 0.2421 
         537  1 0.2444 0.3634 0.1511 0.2411 
         538  1 0.1909 0.2238 0.3433 0.2420 
         539  1 0.3129 0.2845 0.1789 0.2237 
         540  1 0.2107 0.3337 0.2807 0.1749 
         541  1 0.1591 0.2735 0.2779 0.2894 
         542  1 0.1562 0.5272 0.1395 0.1771 
         543  1 0.0990 0.5423 0.1177 0.2410 
         544  1 0.1556 0.4312 0.1554 0.2577 
         545  1 0.2846 0.2750 0.2291 0.2113 
         546  1 0.1940 0.4824 0.1650 0.1586 
         547  1 0.1930 0.1949 0.3136 0.2985 
         548  1 0.2784 0.2484 0.2308 0.2424 
         549  1 0.2565 0.2206 0.2724 0.2505 
         550  1 0.3517 0.2245 0.1893 0.2345 
         551  1 0.1841 0.4626 0.1552 0.1981 
         552  1 0.3871 0.2283 0.1867 0.1979 
         553  1 0.2592 0.1653 0.3297 0.2457 
         554  1 0.1749 0.5299 0.0884 0.2067 
         555  1 0.2320 0.1783 0.3348 0.2549 
         556  1 0.4760 0.1157 0.2149 0.1934 
         557  1 0.2073 0.1943 0.2087 0.3898 
         558  1 0.1183 0.4022 0.3146 0.1648 
         559  1 0.2737 0.2390 0.2545 0.2327 
         560  1 0.1675 0.4576 0.1340 0.2410 
         561  1 0.1900 0.1978 0.3702 0.2420 
         562  1 0.2469 0.3965 0.1714 0.1851 
         563  1 0.1634 0.2323 0.2712 0.3331 
         564  1 0.3275 0.2198 0.2254 0.2272 
         565  1 0.2228 0.2647 0.2407 0.2718 
         566  1 0.2887 0.1989 0.3005 0.2119 
         567  1 0.1490 0.2984 0.3131 0.2395 
         568  1 0.3289 0.2311 0.1248 0.3151 
         569  1 0.3417 0.1465 0.3332 0.1787 
         570  1 0.2703 0.2679 0.2611 0.2006 
         571  1 0.2506 0.2534 0.2416 0.2544 
         572  1 0.5334 0.1523 0.1431 0.1713 
         573  1 0.1636 0.3219 0.2844 0.2301 
         574  1 0.1947 0.1643 0.3781 0.2628 
         575  1 0.1345 0.2528 0.4677 0.1450 
         576  1 0.1887 0.2838 0.2060 0.3215 
         577  1 0.3572 0.1773 0.2616 0.2040 
         578  1 0.1374 0.2429 0.3568 0.2629 
         579  1 0.2422 0.2422 0.3228 0.1929 
         580  1 0.3235 0.1417 0.2066 0.3283 
         581  1 0.1577 0.3916 0.2202 0.2305 
         582  1 0.2116 0.1439 0.2942 0.3502 
         583  1 0.1827 0.3248 0.2235 0.2691 
         584  1 0.1780 0.2729 0.1990 0.3501 
         585  1 0.2653 0.1827 0.3330 0.2190 
         586  1 0.1460 0.2954 0.3325 0.2261 
         587  1 0.3262 0.1284 0.2597 0.2858 
         588  1 0.2399 0.1455 0.4170 0.1976 
         589  1 0.1986 0.3079 0.1996 0.2939 
         590  1 0.2454 0.1955 0.3467 0.2124 
         591  1 0.1671 0.2674 0.2239 0.3415 
         592  1 0.3657 0.1519 0.2518 0.2305 
         593  1 0.1522 0.3238 0.2469 0.2771 
         594  1 0.2193 0.3716 0.1532 0.2559 
         595  1 0.2692 0.3108 0.1919 0.2281 
         596  1 0.3082 0.1889 0.1730 0.3299 
         597  1 0.2751 0.2782 0.1930 0.2537 
         598  1 0.2032 0.4011 0.2337 0.1620 
         599  1 0.1157 0.3994 0.2945 0.1904 
         600  1 0.2769 0.2216 0.2300 0.2716 
         601  1 0.2769 0.1686 0.2678 0.2867 
         602  1 0.3212 0.1547 0.3000 0.2241 
         603  1 0.3093 0.1983 0.1760 0.3164 
         604  1 0.2633 0.2728 0.1404 0.3234 
         605  1 0.5021 0.1050 0.1633 0.2296 
         606  1 0.1459 0.4022 0.2030 0.2488 
         607  1 0.2503 0.1647 0.2807 0.3042 
         608  1 0.2810 0.2094 0.1654 0.3441 
         609  1 0.2173 0.2867 0.2238 0.2722 
         610  1 0.1323 0.1750 0.5116 0.1812 
         611  1 0.1543 0.1911 0.3601 0.2945 
         612  1 0.2114 0.2418 0.3402 0.2067 
         613  1 0.2759 0.1779 0.2631 0.2831 
         614  1 0.2481 0.3345 0.1753 0.2421 
         615  1 0.4529 0.1002 0.1823 0.2646 
         616  1 0.1938 0.1643 0.3613 0.2807 
         617  1 0.2428 0.2237 0.1917 0.3418 
         618  1 0.2068 0.1033 0.4979 0.1920 
         619  1 0.1258 0.2207 0.2844 0.3691 
         620  1 0.1513 0.4727 0.1644 0.2116 
         621  1 0.2788 0.2622 0.1868 0.2722 
         622  1 0.2819 0.1681 0.2554 0.2947 
         623  1 0.2222 0.1796 0.3423 0.2558 
         624  1 0.2663 0.1299 0.3683 0.2355 
         625  1 0.2465 0.3194 0.2354 0.1986 
         626  1 0.1802 0.1257 0.5229 0.1712 
         627  1 0.3710 0.2922 0.1252 0.2117 
         628  1 0.4248 0.1744 0.1494 0.2513 
         629  1 0.2144 0.1936 0.3529 0.2392 
         630  1 0.3219 0.2698 0.1964 0.2120 
         631  1 0.2606 0.3369 0.1592 0.2433 
         632  1 0.1662 0.4754 0.1477 0.2108 
         633  1 0.2740 0.2147 0.2581 0.2533 
         634  1 0.2301 0.1261 0.3940 0.2498 
         635  1 0.4460 0.1591 0.2147 0.1802 
         636  1 0.2938 0.2419 0.2641 0.2003 
         637  1 0.3245 0.2563 0.1920 0.2272 
         638  1 0.2348 0.1201 0.4750 0.1701 
         639  1 0.2439 0.2026 0.1699 0.3836 
         640  1 0.3027 0.2433 0.2340 0.2200 
         641  1 0.2203 0.2244 0.2625 0.2928 
         642  1 0.1603 0.1866 0.3884 0.2647 
         643  1 0.4592 0.1985 0.1337 0.2086 
         644  1 0.1479 0.0901 0.5503 0.2117 
         645  1 0.1942 0.3925 0.1739 0.2395 
         646  1 0.2529 0.2160 0.3513 0.1797 
         647  1 0.4154 0.2773 0.1447 0.1626 
         648  1 0.2033 0.1725 0.1419 0.4822 
         649  1 0.1133 0.3614 0.3518 0.1735 
         650  1 0.1509 0.2725 0.3162 0.2603 
         651  1 0.0802 0.0964 0.0677 0.7557 
         652  1 0.1436 0.5789 0.1082 0.1693 
         653  1 0.1476 0.5462 0.1440 0.1622 
         654  1 0.2651 0.2428 0.2130 0.2791 
         655  1 0.2709 0.1618 0.2045 0.3627 
         656  1 0.6596 0.0902 0.1219 0.1283 
         657  1 0.2415 0.2071 0.2187 0.3328 
         658  1 0.1535 0.3791 0.2138 0.2536 
         659  1 0.2545 0.3131 0.2043 0.2282 
         660  1 0.3079 0.2701 0.1799 0.2422 
         661  1 0.2375 0.1007 0.3394 0.3225 
         662  1 0.1874 0.1251 0.4690 0.2185 
         663  1 0.3312 0.1888 0.1834 0.2966 
         664  1 0.2385 0.3139 0.2246 0.2230 
         665  1 0.2489 0.3693 0.1466 0.2352 
         666  1 0.2018 0.2789 0.1273 0.3919 
         667  1 0.1146 0.2758 0.3802 0.2295 
         668  1 0.2206 0.1621 0.2093 0.4080 
         669  1 0.1791 0.3079 0.2085 0.3045 
         670  1 0.2844 0.2859 0.2411 0.1886 
         671  1 0.5857 0.1252 0.1488 0.1403 
         672  1 0.1376 0.5446 0.1397 0.1781 
         673  1 0.3466 0.1816 0.2236 0.2482 
         674  1 0.3663 0.1881 0.1931 0.2525 
         675  1 0.4936 0.1568 0.1052 0.2443 
         676  1 0.1970 0.1112 0.3926 0.2992 
         677  1 0.1503 0.1918 0.4649 0.1930 
         678  1 0.2537 0.2493 0.2707 0.2264 
         679  1 0.3490 0.2076 0.1889 0.2545 
         680  1 0.1745 0.1878 0.3968 0.2409 
         681  1 0.3684 0.2378 0.1394 0.2544 
         682  1 0.3031 0.0985 0.2760 0.3224 
         683  1 0.2484 0.1755 0.3484 0.2277 
         684  1 0.2038 0.3900 0.1023 0.3039 
         685  1 0.3462 0.2060 0.2141 0.2336 
         686  1 0.2748 0.2745 0.1776 0.2731 
         687  1 0.3861 0.1722 0.1409 0.3008 
         688  1 0.1325 0.2223 0.2495 0.3957 
         689  1 0.6585 0.0855 0.1014 0.1546 
         690  1 0.2455 0.2643 0.1893 0.3009 
         691  1 0.3207 0.2955 0.1239 0.2599 
         692  1 0.1576 0.2472 0.4171 0.1782 
         693  1 0.1820 0.1386 0.3050 0.3744 
         694  1 0.1897 0.3877 0.2182 0.2044 
         695  1 0.5139 0.1238 0.1634 0.1988 
         696  1 0.1510 0.2992 0.3100 0.2398 
         697  1 0.1788 0.3692 0.2622 0.1899 
         698  1 0.4455 0.1830 0.1592 0.2124 
         699  1 0.4963 0.1374 0.1266 0.2398 
         700  1 0.1217 0.2212 0.4561 0.2011 
         701  1 0.2707 0.2257 0.2091 0.2945 
         702  1 0.2322 0.3110 0.2251 0.2317 
         703  1 0.1108 0.2463 0.3137 0.3291 
         704  1 0.2182 0.1436 0.4432 0.1950 
         705  1 0.1571 0.4199 0.2151 0.2080 
         706  1 0.1947 0.2516 0.3189 0.2348 
         707  1 0.1992 0.1888 0.3031 0.3088 
         708  1 0.1773 0.3715 0.2374 0.2138 
         709  1 0.3113 0.1702 0.2672 0.2513 
         710  1 0.1881 0.3251 0.2778 0.2090 
         711  1 0.1933 0.3404 0.2163 0.2500 
         712  1 0.4776 0.1160 0.1473 0.2591 
         713  1 0.2825 0.2622 0.2205 0.2348 
         714  1 0.1682 0.2427 0.3076 0.2815 
         715  1 0.2342 0.2464 0.2137 0.3058 
         716  1 0.4609 0.1615 0.1603 0.2174 
         717  1 0.1638 0.3651 0.1446 0.3265 
         718  1 0.2109 0.2752 0.3436 0.1703 
         719  1 0.2036 0.1133 0.4449 0.2382 
         720  1 0.1716 0.4542 0.1876 0.1866 
         721  1 0.3827 0.1578 0.2649 0.1946 
         722  1 0.1061 0.3201 0.2410 0.3328 
         723  1 0.2245 0.1979 0.3550 0.2226 
         724  1 0.5373 0.1952 0.1119 0.1556 
         725  1 0.3407 0.1612 0.2900 0.2082 
         726  1 0.2771 0.2161 0.2855 0.2213 
         727  1 0.2815 0.3219 0.1972 0.1995 
         728  1 0.1690 0.2638 0.2428 0.3245 
         729  1 0.2914 0.1479 0.2101 0.3506 
         730  1 0.1295 0.4647 0.2141 0.1917 
         731  1 0.2318 0.3501 0.1665 0.2516 
         732  1 0.1705 0.3803 0.2263 0.2229 
         733  1 0.4159 0.2302 0.1473 0.2066 
         734  1 0.1963 0.2253 0.2379 0.3405 
         735  1 0.1645 0.2511 0.3275 0.2568 
         736  1 0.1763 0.2585 0.2611 0.3040 
         737  1 0.5718 0.1520 0.1383 0.1379 
         738  1 0.2022 0.2540 0.2721 0.2718 
         739  1 0.1826 0.3695 0.1587 0.2892 
         740  1 0.2344 0.3360 0.1908 0.2388 
         741  1 0.2011 0.2505 0.1925 0.3560 
         742  1 0.1528 0.1583 0.3664 0.3225 
         743  1 0.5704 0.1309 0.0962 0.2025 
         744  1 0.4899 0.1926 0.1407 0.1768 
         745  1 0.1887 0.1852 0.4337 0.1925 
         746  1 0.1470 0.1301 0.5569 0.1659 
         747  1 0.1691 0.4725 0.2108 0.1477 
         748  1 0.3627 0.2364 0.2174 0.1835 
         749  1 0.3881 0.2576 0.1731 0.1812 
         750  1 0.2266 0.2243 0.2811 0.2681 
         751  1 0.1898 0.3294 0.2111 0.2697 
         752  1 0.4331 0.1423 0.2213 0.2034 
         753  1 0.3058 0.3516 0.1730 0.1696 
         754  1 0.1213 0.3391 0.3660 0.1736 
         755  1 0.3289 0.2690 0.1795 0.2226 
         756  1 0.1214 0.2809 0.3782 0.2196 
         757  1 0.1775 0.2586 0.2259 0.3379 
         758  1 0.1282 0.5113 0.1870 0.1734 
         759  1 0.2889 0.1861 0.3213 0.2037 
         760  1 0.4766 0.1180 0.2347 0.1708 
         761  1 0.1986 0.2191 0.3462 0.2361 
         762  1 0.1322 0.6042 0.1058 0.1577 
         763  1 0.3270 0.1651 0.2475 0.2604 
         764  1 0.1978 0.2156 0.3251 0.2615 
         765  1 0.1560 0.1407 0.5305 0.1728 
         766  1 0.2032 0.3696 0.1586 0.2686 
         767  1 0.2182 0.4858 0.1278 0.1681 
         768  1 0.1794 0.3167 0.1987 0.3053 
         769  1 0.1363 0.2053 0.4674 0.1910 
         770  1 0.4560 0.1154 0.2535 0.1751 
         771  1 0.3587 0.1525 0.2527 0.2360 
         772  1 0.2145 0.1463 0.3820 0.2573 
         773  1 0.1240 0.4846 0.1667 0.2248 
         774  1 0.1861 0.4221 0.2199 0.1720 
         775  1 0.1585 0.1644 0.4608 0.2164 
         776  1 0.2255 0.1733 0.3131 0.2882 
         777  1 0.2565 0.2522 0.2570 0.2343 
         778  1 0.2254 0.1950 0.2527 0.3269 
         779  1 0.2857 0.2184 0.2411 0.2548 
         780  1 0.4702 0.1374 0.2382 0.1542 
         781  1 0.1566 0.2832 0.2907 0.2696 
