           1  1 0.0928 0.1505 0.3034 0.1066 0.0661 0.1253 0.1554 
           2  1 0.0836 0.1580 0.1599 0.2207 0.0696 0.1511 0.1571 
           3  1 0.0832 0.1658 0.1230 0.1348 0.2441 0.0804 0.1688 
           4  1 0.1219 0.2570 0.1203 0.1162 0.0573 0.0569 0.2704 
           5  1 0.0725 0.1011 0.1513 0.1839 0.1202 0.2907 0.0804 
           6  1 0.2626 0.0934 0.2386 0.0690 0.0704 0.1680 0.0980 
           7  1 0.0624 0.0888 0.0971 0.0548 0.3924 0.2048 0.0997 
           8  1 0.1769 0.1109 0.1859 0.1731 0.1433 0.1101 0.0998 
           9  1 0.0857 0.2464 0.0997 0.0857 0.1405 0.0747 0.2672 
          10  1 0.2914 0.0950 0.1309 0.2968 0.0598 0.0395 0.0866 
          11  1 0.2226 0.1245 0.1253 0.1998 0.0970 0.1177 0.1131 
          12  1 0.2978 0.1154 0.1243 0.1828 0.0582 0.0871 0.1344 
          13  1 0.3119 0.1448 0.1022 0.0872 0.1409 0.0667 0.1463 
          14  1 0.0539 0.2671 0.1019 0.0617 0.1106 0.1293 0.2755 
          15  1 0.0399 0.0654 0.0565 0.0410 0.0855 0.6453 0.0664 
          16  1 0.1001 0.0823 0.1479 0.1517 0.3156 0.1328 0.0696 
          17  1 0.0982 0.2210 0.1066 0.1724 0.1157 0.0725 0.2136 
          18  1 0.0425 0.2348 0.1557 0.1809 0.0437 0.1235 0.2188 
          19  1 0.0535 0.2091 0.2442 0.0812 0.0947 0.0983 0.2190 
          20  1 0.0944 0.1845 0.1146 0.1154 0.2172 0.0642 0.2097 
          21  1 0.1407 0.0866 0.2604 0.2815 0.0637 0.0968 0.0704 
          22  1 0.0665 0.1656 0.2790 0.0603 0.1687 0.0825 0.1774 
          23  1 0.2283 0.0859 0.1137 0.1385 0.0732 0.2848 0.0755 
          24  1 0.3570 0.1120 0.1185 0.1179 0.0907 0.0700 0.1338 
          25  1 0.0635 0.1701 0.2337 0.1869 0.1101 0.0831 0.1527 
          26  1 0.1040 0.1724 0.1620 0.1438 0.0816 0.1661 0.1700 
          27  1 0.0993 0.1824 0.1254 0.0848 0.2454 0.0932 0.1695 
          28  1 0.2885 0.0821 0.1023 0.1958 0.0788 0.1817 0.0707 
          29  1 0.0494 0.2237 0.1704 0.1323 0.0695 0.1235 0.2312 
          30  1 0.0954 0.2015 0.1558 0.1324 0.1069 0.0895 0.2186 
          31  1 0.2140 0.1315 0.1263 0.2160 0.1226 0.0650 0.1247 
          32  1 0.0880 0.0775 0.0895 0.0582 0.0752 0.5315 0.0801 
          33  1 0.0875 0.1278 0.1105 0.1188 0.0927 0.3352 0.1275 
          34  1 0.1116 0.1705 0.1398 0.2013 0.0619 0.1494 0.1655 
          35  1 0.0583 0.2088 0.1135 0.0980 0.0781 0.1935 0.2497 
          36  1 0.0492 0.1854 0.1147 0.0993 0.1567 0.2186 0.1761 
          37  1 0.1641 0.1469 0.1455 0.1430 0.0941 0.1626 0.1439 
          38  1 0.1045 0.1376 0.2585 0.0884 0.1420 0.1296 0.1394 
          39  1 0.1221 0.1355 0.1055 0.3469 0.0534 0.1041 0.1324 
          40  1 0.0412 0.0932 0.3366 0.1218 0.2046 0.1237 0.0789 
          41  1 0.3869 0.1207 0.1129 0.1106 0.0635 0.0693 0.1362 
          42  1 0.0873 0.0892 0.0990 0.1154 0.2196 0.3054 0.0842 
          43  1 0.0630 0.1830 0.1438 0.3400 0.0561 0.0488 0.1653 
          44  1 0.1414 0.1631 0.1493 0.1108 0.1880 0.0888 0.1587 
          45  1 0.1946 0.1050 0.1362 0.2284 0.0661 0.1839 0.0858 
          46  1 0.0693 0.1185 0.1630 0.1861 0.1897 0.1650 0.1084 
          47  1 0.0729 0.1958 0.1997 0.1610 0.1293 0.0577 0.1836 
          48  1 0.0442 0.0839 0.0727 0.0730 0.0570 0.5879 0.0812 
          49  1 0.1752 0.1898 0.1208 0.0562 0.2044 0.0394 0.2141 
          50  1 0.0676 0.1764 0.1567 0.0946 0.2171 0.1061 0.1815 
          51  1 0.1422 0.2064 0.1605 0.1309 0.0652 0.0658 0.2290 
          52  1 0.4579 0.0654 0.0836 0.0606 0.2155 0.0537 0.0634 
          53  1 0.1148 0.1506 0.2368 0.1366 0.1434 0.0792 0.1387 
          54  1 0.1406 0.1938 0.1321 0.1461 0.0875 0.1026 0.1973 
          55  1 0.0650 0.1563 0.1453 0.1639 0.0897 0.2478 0.1321 
          56  1 0.1000 0.0691 0.0982 0.1005 0.0752 0.4923 0.0647 
          57  1 0.2336 0.1229 0.1760 0.1161 0.1405 0.0888 0.1222 
          58  1 0.0472 0.0503 0.0718 0.0495 0.0343 0.6977 0.0492 
          59  1 0.0536 0.1019 0.1242 0.2159 0.2298 0.1946 0.0801 
          60  1 0.1105 0.1744 0.1261 0.0823 0.2023 0.1103 0.1941 
          61  1 0.0953 0.1353 0.1781 0.0977 0.2898 0.0652 0.1386 
          62  1 0.2799 0.0723 0.1567 0.1579 0.1244 0.1460 0.0628 
          63  1 0.1689 0.1041 0.1331 0.1214 0.2857 0.0886 0.0983 
          64  1 0.2560 0.1135 0.1759 0.1969 0.0969 0.0628 0.0979 
          65  1 0.0659 0.1577 0.1787 0.2273 0.1386 0.0838 0.1480 
          66  1 0.1100 0.1943 0.1259 0.1817 0.1018 0.0703 0.2161 
          67  1 0.5077 0.0866 0.0826 0.1275 0.0680 0.0398 0.0878 
          68  1 0.0778 0.1948 0.0927 0.0785 0.3097 0.0690 0.1774 
          69  1 0.3370 0.0677 0.2193 0.0791 0.1737 0.0630 0.0602 
          70  1 0.1830 0.1255 0.1305 0.0562 0.1103 0.2628 0.1317 
          71  1 0.3337 0.1176 0.1275 0.1445 0.0690 0.0807 0.1271 
          72  1 0.4645 0.0919 0.1067 0.1015 0.0723 0.0680 0.0952 
          73  1 0.0838 0.1778 0.1287 0.1920 0.0687 0.1740 0.1750 
          74  1 0.1485 0.1494 0.1645 0.0750 0.2326 0.0751 0.1549 
          75  1 0.1448 0.1839 0.1189 0.1081 0.1105 0.1133 0.2205 
          76  1 0.0640 0.1432 0.1165 0.3818 0.1343 0.0542 0.1061 
          77  1 0.1040 0.1795 0.1202 0.2079 0.0808 0.1460 0.1616 
          78  1 0.1324 0.1471 0.1786 0.2650 0.0795 0.0544 0.1430 
          79  1 0.3839 0.0780 0.0824 0.0938 0.0516 0.2328 0.0775 
          80  1 0.1612 0.1106 0.1389 0.1254 0.2397 0.1013 0.1228 
          81  1 0.3178 0.0832 0.1278 0.1475 0.1865 0.0506 0.0866 
          82  1 0.1589 0.0889 0.1714 0.1285 0.1077 0.2591 0.0855 
          83  1 0.0430 0.0481 0.0455 0.0397 0.7298 0.0415 0.0523 
          84  1 0.0794 0.1199 0.1363 0.1495 0.2989 0.1064 0.1096 
          85  1 0.1526 0.1210 0.1512 0.1954 0.1056 0.1590 0.1152 
          86  1 0.0709 0.1029 0.1854 0.2316 0.1181 0.2011 0.0899 
          87  1 0.2571 0.1049 0.1210 0.2580 0.1220 0.0414 0.0956 
          88  1 0.0655 0.1422 0.1302 0.2728 0.0697 0.1912 0.1283 
          89  1 0.0566 0.1671 0.1810 0.1145 0.2209 0.0871 0.1728 
          90  1 0.1148 0.0959 0.1807 0.0854 0.2705 0.1631 0.0897 
          91  1 0.1203 0.1307 0.1217 0.2437 0.1311 0.1340 0.1185 
          92  1 0.2667 0.0697 0.1243 0.0861 0.1501 0.2420 0.0611 
          93  1 0.0954 0.1132 0.1072 0.3352 0.1847 0.0610 0.1034 
          94  1 0.0897 0.2105 0.2004 0.1690 0.0824 0.0504 0.1977 
          95  1 0.2118 0.1080 0.2050 0.0948 0.0950 0.1826 0.1028 
          96  1 0.0962 0.1861 0.1175 0.1692 0.1005 0.1240 0.2065 
          97  1 0.3612 0.0957 0.1191 0.1402 0.1101 0.0793 0.0943 
          98  1 0.1857 0.1295 0.1338 0.1083 0.2095 0.0823 0.1511 
          99  1 0.2914 0.1046 0.1411 0.1409 0.1477 0.0718 0.1025 
         100  1 0.2383 0.1535 0.1115 0.0948 0.1329 0.1068 0.1623 
         101  1 0.1751 0.1382 0.1461 0.1195 0.2042 0.0754 0.1415 
         102  1 0.0553 0.1131 0.1006 0.0910 0.1448 0.3882 0.1069 
         103  1 0.0602 0.1875 0.1102 0.0884 0.0982 0.2654 0.1899 
         104  1 0.1061 0.1344 0.1112 0.3184 0.0993 0.0992 0.1314 
         105  1 0.1797 0.1839 0.1187 0.1353 0.1071 0.0887 0.1865 
         106  1 0.1404 0.1449 0.2257 0.0897 0.1382 0.1111 0.1500 
         107  1 0.2020 0.0722 0.2428 0.1223 0.1310 0.1657 0.0640 
         108  1 0.3570 0.0666 0.1229 0.1049 0.1394 0.1475 0.0616 
         109  1 0.0950 0.1747 0.1119 0.1193 0.2405 0.0814 0.1771 
         110  1 0.0837 0.2851 0.0976 0.0718 0.0560 0.0789 0.3269 
         111  1 0.0638 0.1276 0.2356 0.0867 0.1507 0.2128 0.1227 
         112  1 0.0767 0.2101 0.1450 0.1060 0.0972 0.1468 0.2182 
         113  1 0.1601 0.1101 0.2273 0.2180 0.0673 0.1119 0.1052 
         114  1 0.0692 0.2640 0.1055 0.0771 0.1459 0.0738 0.2645 
         115  1 0.3070 0.0783 0.1562 0.1026 0.1425 0.1394 0.0740 
         116  1 0.1475 0.0935 0.1926 0.0757 0.2038 0.1946 0.0923 
         117  1 0.1140 0.0960 0.1164 0.0996 0.0564 0.4278 0.0898 
         118  1 0.1092 0.2426 0.0957 0.1000 0.0961 0.0709 0.2853 
         119  1 0.0480 0.2042 0.1127 0.1264 0.0795 0.2493 0.1799 
         120  1 0.0648 0.1566 0.1046 0.1166 0.0537 0.3530 0.1507 
         121  1 0.1297 0.1713 0.1337 0.0907 0.2240 0.0676 0.1830 
         122  1 0.2579 0.1172 0.1161 0.2063 0.1401 0.0432 0.1192 
         123  1 0.0963 0.0884 0.1023 0.0832 0.0617 0.4811 0.0869 
         124  1 0.2004 0.0963 0.1665 0.2468 0.1425 0.0659 0.0816 
         125  1 0.1531 0.0755 0.1145 0.0947 0.1060 0.3886 0.0676 
         126  1 0.1214 0.1313 0.2830 0.1300 0.1096 0.1077 0.1171 
         127  1 0.2483 0.0970 0.0937 0.2612 0.0576 0.1603 0.0818 
         128  1 0.1301 0.0637 0.1370 0.1094 0.0956 0.4052 0.0589 
         129  1 0.4918 0.0674 0.0991 0.1038 0.1017 0.0766 0.0596 
         130  1 0.1647 0.2172 0.1302 0.1288 0.0510 0.0581 0.2499 
         131  1 0.1047 0.1142 0.2191 0.2570 0.1324 0.0708 0.1018 
         132  1 0.0542 0.0801 0.0948 0.1119 0.0522 0.5336 0.0733 
         133  1 0.0554 0.2135 0.1342 0.1316 0.0544 0.1818 0.2291 
         134  1 0.1213 0.2026 0.1610 0.0984 0.1396 0.0888 0.1883 
         135  1 0.0908 0.2813 0.1125 0.0673 0.0424 0.0531 0.3526 
         136  1 0.0648 0.1419 0.1434 0.1354 0.2379 0.1504 0.1262 
         137  1 0.0687 0.1067 0.1183 0.4411 0.1046 0.0916 0.0690 
         138  1 0.0827 0.1398 0.1919 0.2502 0.0780 0.1345 0.1228 
         139  1 0.1526 0.1534 0.1350 0.1725 0.0523 0.1839 0.1502 
         140  1 0.1825 0.0892 0.1275 0.1811 0.2819 0.0621 0.0758 
         141  1 0.1474 0.2238 0.1094 0.1141 0.0543 0.1249 0.2262 
         142  1 0.0546 0.0755 0.0850 0.0713 0.1002 0.5432 0.0703 
         143  1 0.2215 0.0841 0.2633 0.1068 0.1787 0.0671 0.0785 
         144  1 0.0655 0.1505 0.1358 0.1466 0.2497 0.1086 0.1432 
         145  1 0.0736 0.2302 0.1475 0.1431 0.0790 0.1171 0.2094 
         146  1 0.1634 0.1822 0.1821 0.1181 0.1159 0.0594 0.1791 
         147  1 0.0708 0.1615 0.1407 0.0756 0.2755 0.1111 0.1649 
         148  1 0.1330 0.1701 0.1165 0.1241 0.1943 0.0842 0.1776 
         149  1 0.1142 0.1218 0.1170 0.1738 0.0811 0.2850 0.1072 
         150  1 0.1309 0.2461 0.1229 0.0957 0.0689 0.0509 0.2845 
         151  1 0.2042 0.1860 0.1253 0.0672 0.1217 0.0715 0.2240 
         152  1 0.1338 0.1218 0.2446 0.1438 0.1640 0.0785 0.1134 
         153  1 0.1077 0.1513 0.1170 0.0889 0.2758 0.0890 0.1703 
         154  1 0.1735 0.1256 0.1603 0.1563 0.1408 0.1286 0.1149 
         155  1 0.0806 0.0947 0.0947 0.0931 0.1077 0.4476 0.0815 
         156  1 0.2729 0.1651 0.1086 0.0832 0.1043 0.0848 0.1809 
         157  1 0.1376 0.1194 0.2507 0.1863 0.1009 0.1025 0.1026 
         158  1 0.0801 0.1029 0.1014 0.5448 0.0544 0.0603 0.0562 
         159  1 0.1652 0.1085 0.1118 0.1180 0.0945 0.2853 0.1168 
         160  1 0.1082 0.1100 0.1705 0.2183 0.0801 0.2279 0.0850 
         161  1 0.0516 0.1403 0.3121 0.0824 0.0487 0.2115 0.1534 
         162  1 0.1072 0.2222 0.1173 0.1329 0.0747 0.1015 0.2443 
         163  1 0.1380 0.2080 0.1407 0.0839 0.0863 0.1089 0.2342 
         164  1 0.0626 0.0596 0.0696 0.1323 0.1577 0.4729 0.0453 
         165  1 0.1020 0.1415 0.1643 0.2139 0.1581 0.0876 0.1325 
         166  1 0.2854 0.0956 0.2419 0.0816 0.0902 0.1039 0.1013 
         167  1 0.1216 0.0623 0.0687 0.0493 0.0393 0.5973 0.0615 
         168  1 0.1465 0.1840 0.1296 0.1264 0.0955 0.1191 0.1989 
         169  1 0.2600 0.1350 0.2146 0.0809 0.0755 0.0996 0.1344 
         170  1 0.1874 0.2060 0.1151 0.0848 0.0805 0.0459 0.2803 
         171  1 0.1583 0.1232 0.1323 0.0898 0.1478 0.2069 0.1418 
         172  1 0.0994 0.2560 0.0999 0.1110 0.1084 0.0557 0.2697 
         173  1 0.2225 0.1591 0.1295 0.1127 0.0601 0.1738 0.1423 
         174  1 0.0921 0.1504 0.1722 0.1544 0.2184 0.0850 0.1274 
         175  1 0.0963 0.1726 0.1730 0.2368 0.0914 0.0601 0.1697 
         176  1 0.0700 0.2625 0.0980 0.0908 0.0924 0.0573 0.3290 
         177  1 0.0980 0.0857 0.0769 0.2718 0.3319 0.0539 0.0818 
         178  1 0.1368 0.1250 0.1562 0.3017 0.0978 0.0770 0.1056 
         179  1 0.1360 0.1327 0.1482 0.2222 0.0912 0.1534 0.1162 
         180  1 0.2143 0.1657 0.1155 0.1177 0.1484 0.0673 0.1711 
         181  1 0.1088 0.1290 0.1253 0.1219 0.0686 0.3174 0.1290 
         182  1 0.0457 0.0341 0.0372 0.0390 0.7717 0.0395 0.0327 
         183  1 0.0631 0.2150 0.2651 0.0679 0.0665 0.0940 0.2285 
         184  1 0.1453 0.1852 0.1403 0.1057 0.1574 0.0846 0.1816 
         185  1 0.0964 0.1760 0.2023 0.1053 0.0897 0.1594 0.1709 
         186  1 0.0838 0.1796 0.1504 0.0877 0.1558 0.1630 0.1798 
         187  1 0.1028 0.2100 0.1312 0.1906 0.0619 0.0793 0.2243 
         188  1 0.0734 0.1486 0.1147 0.0787 0.1087 0.3271 0.1488 
         189  1 0.1128 0.1798 0.1825 0.0706 0.1783 0.0837 0.1923 
         190  1 0.2964 0.1601 0.0953 0.1025 0.0930 0.0815 0.1711 
         191  1 0.1226 0.1719 0.2162 0.1394 0.0646 0.1242 0.1610 
         192  1 0.2208 0.1141 0.1990 0.1010 0.1847 0.0837 0.0966 
         193  1 0.1281 0.2271 0.1452 0.1016 0.1009 0.0827 0.2144 
         194  1 0.0586 0.1305 0.1511 0.1307 0.0900 0.3031 0.1360 
         195  1 0.1985 0.1023 0.1291 0.3476 0.0803 0.0541 0.0881 
         196  1 0.0838 0.2019 0.1970 0.1348 0.0869 0.1059 0.1897 
         197  1 0.0705 0.0966 0.1005 0.0658 0.1706 0.3975 0.0986 
         198  1 0.1459 0.2632 0.1160 0.0542 0.0509 0.1065 0.2632 
         199  1 0.1081 0.0661 0.1060 0.1034 0.4622 0.0968 0.0575 
         200  1 0.1520 0.1647 0.1591 0.0921 0.0582 0.2114 0.1625 
         201  1 0.1215 0.1037 0.0971 0.2536 0.2708 0.0546 0.0987 
         202  1 0.0862 0.1584 0.1486 0.1208 0.2131 0.1079 0.1650 
         203  1 0.1965 0.1273 0.1545 0.1295 0.1627 0.1074 0.1220 
         204  1 0.1427 0.1673 0.1149 0.1424 0.2044 0.0587 0.1696 
         205  1 0.1157 0.1113 0.1661 0.1780 0.2213 0.0981 0.1094 
         206  1 0.3159 0.0969 0.1402 0.1764 0.1077 0.0759 0.0871 
         207  1 0.1002 0.1420 0.2244 0.1413 0.1724 0.1057 0.1141 
         208  1 0.1039 0.1823 0.1410 0.1548 0.1642 0.0622 0.1917 
         209  1 0.1495 0.1014 0.1936 0.2952 0.0654 0.1094 0.0855 
         210  1 0.1580 0.2010 0.1285 0.1152 0.0829 0.0879 0.2266 
         211  1 0.0982 0.1172 0.1594 0.3248 0.1305 0.0465 0.1234 
         212  1 0.0452 0.2700 0.1260 0.0700 0.0794 0.1245 0.2848 
         213  1 0.1247 0.1399 0.1499 0.1517 0.0806 0.2177 0.1356 
         214  1 0.4916 0.0742 0.1483 0.0786 0.0852 0.0499 0.0723 
         215  1 0.0919 0.1406 0.1490 0.1133 0.1329 0.2388 0.1334 
         216  1 0.1768 0.1298 0.1180 0.2897 0.0667 0.0990 0.1200 
         217  1 0.0637 0.1953 0.1642 0.1929 0.0610 0.1571 0.1658 
         218  1 0.1467 0.0916 0.1187 0.0752 0.0554 0.4224 0.0899 
         219  1 0.1119 0.2133 0.1061 0.0919 0.1358 0.0857 0.2553 
         220  1 0.1541 0.1375 0.2213 0.1785 0.1252 0.0704 0.1129 
         221  1 0.1333 0.0656 0.0706 0.0611 0.5485 0.0586 0.0623 
         222  1 0.1007 0.1754 0.2055 0.1664 0.0638 0.1241 0.1642 
         223  1 0.0956 0.1090 0.2012 0.1976 0.1067 0.1949 0.0950 
         224  1 0.1792 0.1206 0.1761 0.1694 0.1630 0.0702 0.1216 
         225  1 0.1740 0.0980 0.2028 0.3088 0.0884 0.0474 0.0806 
         226  1 0.0796 0.1888 0.1147 0.2020 0.0642 0.1356 0.2151 
         227  1 0.2256 0.1051 0.1189 0.2872 0.0839 0.0918 0.0875 
         228  1 0.0915 0.1429 0.1159 0.2972 0.1064 0.1336 0.1125 
         229  1 0.1082 0.1329 0.1681 0.1123 0.2137 0.1349 0.1299 
         230  1 0.0449 0.3275 0.0724 0.0643 0.0596 0.0729 0.3584 
         231  1 0.0764 0.1626 0.1553 0.2293 0.0892 0.0987 0.1885 
         232  1 0.0760 0.0846 0.1061 0.2683 0.2849 0.1081 0.0721 
         233  1 0.0514 0.2674 0.1250 0.1565 0.0526 0.0661 0.2811 
         234  1 0.0971 0.1418 0.1525 0.3222 0.0686 0.1060 0.1119 
         235  1 0.0755 0.1828 0.1555 0.1038 0.1702 0.0994 0.2127 
         236  1 0.0551 0.1694 0.0973 0.1033 0.1468 0.2708 0.1574 
         237  1 0.0793 0.1104 0.1462 0.2682 0.1994 0.1068 0.0896 
         238  1 0.1055 0.1443 0.3060 0.0898 0.1021 0.0996 0.1527 
         239  1 0.1279 0.2023 0.1018 0.1409 0.1203 0.0905 0.2163 
         240  1 0.0801 0.1654 0.1342 0.1506 0.1526 0.1469 0.1701 
         241  1 0.2114 0.1097 0.1347 0.2646 0.1086 0.0635 0.1074 
         242  1 0.2719 0.0998 0.1403 0.0673 0.2179 0.1032 0.0996 
         243  1 0.2315 0.0977 0.1102 0.0748 0.1062 0.2821 0.0974 
         244  1 0.0818 0.1003 0.1214 0.3177 0.2440 0.0580 0.0768 
         245  1 0.1249 0.1782 0.0993 0.1085 0.0942 0.2082 0.1867 
         246  1 0.1315 0.1752 0.1033 0.0925 0.1048 0.2254 0.1673 
         247  1 0.0995 0.1986 0.0988 0.2842 0.0730 0.0587 0.1873 
         248  1 0.0857 0.1870 0.1169 0.3450 0.0576 0.0581 0.1497 
         249  1 0.1567 0.1711 0.1725 0.0938 0.0987 0.1060 0.2012 
         250  1 0.0625 0.1020 0.1124 0.0791 0.0959 0.4490 0.0991 
         251  1 0.0862 0.1372 0.2556 0.1152 0.0859 0.1658 0.1542 
         252  1 0.2409 0.1164 0.1779 0.1742 0.0928 0.0751 0.1227 
         253  1 0.2431 0.0855 0.1098 0.1022 0.1195 0.2531 0.0868 
         254  1 0.0948 0.2400 0.1447 0.0881 0.0581 0.1115 0.2628 
         255  1 0.0834 0.1035 0.0850 0.0956 0.4471 0.0850 0.1005 
         256  1 0.1136 0.0902 0.1933 0.1611 0.0976 0.2679 0.0763 
         257  1 0.5253 0.0989 0.0783 0.0684 0.0414 0.0704 0.1173 
         258  1 0.1036 0.1460 0.1326 0.1330 0.2169 0.1257 0.1421 
         259  1 0.3740 0.1426 0.1055 0.1020 0.0738 0.0570 0.1450 
         260  1 0.1877 0.1177 0.1184 0.1970 0.1625 0.1143 0.1024 
         261  1 0.1570 0.1816 0.1276 0.2259 0.0596 0.0723 0.1760 
         262  1 0.0872 0.1593 0.1315 0.1372 0.1808 0.1341 0.1700 
         263  1 0.1407 0.1739 0.1962 0.1624 0.1001 0.0559 0.1707 
         264  1 0.0992 0.1412 0.1340 0.1463 0.2323 0.1060 0.1408 
         265  1 0.0833 0.1344 0.2500 0.1948 0.1660 0.0545 0.1170 
         266  1 0.1220 0.1271 0.1590 0.1048 0.0664 0.2796 0.1410 
         267  1 0.0674 0.1034 0.2299 0.0701 0.3456 0.0753 0.1082 
         268  1 0.1102 0.2861 0.1043 0.0771 0.0509 0.0656 0.3059 
         269  1 0.1617 0.1869 0.0904 0.1052 0.1942 0.0564 0.2053 
         270  1 0.0882 0.1750 0.1609 0.1570 0.1855 0.0495 0.1838 
         271  1 0.1107 0.1413 0.2065 0.1596 0.1217 0.1293 0.1309 
         272  1 0.2586 0.1779 0.1157 0.1449 0.0686 0.0515 0.1828 
         273  1 0.0940 0.1073 0.1653 0.1990 0.2304 0.1149 0.0890 
         274  1 0.0566 0.3161 0.0878 0.0730 0.0787 0.0451 0.3427 
         275  1 0.0730 0.1636 0.0980 0.1163 0.2855 0.0673 0.1963 
         276  1 0.1850 0.0717 0.1144 0.1965 0.0834 0.2898 0.0593 
         277  1 0.0665 0.0719 0.0544 0.0474 0.6365 0.0474 0.0759 
         278  1 0.2184 0.1135 0.0959 0.1184 0.2886 0.0392 0.1261 
         279  1 0.0665 0.1428 0.1393 0.1365 0.1919 0.1947 0.1283 
         280  1 0.0822 0.1936 0.1034 0.1904 0.1192 0.1342 0.1770 
         281  1 0.1764 0.1262 0.3258 0.0733 0.1075 0.0560 0.1348 
         282  1 0.3858 0.1451 0.0886 0.0731 0.0553 0.0697 0.1824 
         283  1 0.0833 0.1211 0.1227 0.1147 0.2106 0.2339 0.1137 
         284  1 0.0626 0.0701 0.0861 0.1046 0.5080 0.1036 0.0650 
         285  1 0.1576 0.1280 0.1405 0.2974 0.0644 0.0966 0.1154 
         286  1 0.2132 0.1311 0.1471 0.0606 0.2531 0.0577 0.1372 
         287  1 0.0729 0.1203 0.1021 0.0641 0.1264 0.3915 0.1226 
         288  1 0.0332 0.0391 0.0408 0.0457 0.7676 0.0354 0.0381 
         289  1 0.0836 0.1854 0.1410 0.1600 0.1005 0.1410 0.1885 
         290  1 0.0529 0.2105 0.1083 0.3225 0.0535 0.0606 0.1915 
         291  1 0.0691 0.1540 0.2296 0.0795 0.0524 0.2610 0.1544 
         292  1 0.2757 0.0864 0.1493 0.1009 0.1413 0.1634 0.0831 
         293  1 0.1239 0.2497 0.1021 0.0640 0.0607 0.1178 0.2818 
         294  1 0.1553 0.1321 0.1457 0.2284 0.1388 0.0744 0.1251 
         295  1 0.1114 0.0515 0.0659 0.0628 0.0357 0.6242 0.0486 
         296  1 0.0646 0.1001 0.0840 0.0951 0.4605 0.1055 0.0901 
         297  1 0.0880 0.1847 0.1204 0.1290 0.1800 0.0882 0.2097 
         298  1 0.4597 0.1027 0.0884 0.0942 0.0386 0.1136 0.1029 
         299  1 0.0732 0.0569 0.0646 0.0809 0.0497 0.6180 0.0568 
         300  1 0.1617 0.1834 0.1164 0.0737 0.1320 0.1151 0.2177 
         301  1 0.1837 0.1270 0.1228 0.0881 0.1339 0.2092 0.1353 
         302  1 0.0421 0.0659 0.0722 0.0507 0.0496 0.6504 0.0690 
         303  1 0.0922 0.1953 0.2483 0.1462 0.0684 0.0631 0.1865 
         304  1 0.4292 0.1276 0.0923 0.0649 0.0680 0.0833 0.1347 
         305  1 0.0574 0.1773 0.1529 0.2867 0.0791 0.0967 0.1498 
         306  1 0.0623 0.0555 0.0753 0.0579 0.3935 0.3002 0.0554 
         307  1 0.2152 0.1273 0.1507 0.1375 0.1059 0.1320 0.1314 
         308  1 0.1827 0.1440 0.1697 0.1355 0.1383 0.1047 0.1250 
         309  1 0.2338 0.1256 0.1262 0.1045 0.2116 0.0648 0.1335 
         310  1 0.0717 0.1492 0.1627 0.0885 0.3014 0.0710 0.1555 
         311  1 0.1510 0.0782 0.1150 0.1020 0.2820 0.1939 0.0780 
         312  1 0.1075 0.1903 0.1076 0.0908 0.2187 0.0697 0.2154 
         313  1 0.1308 0.1123 0.1257 0.1422 0.1848 0.1977 0.1065 
         314  1 0.2159 0.0839 0.1881 0.1163 0.1867 0.1335 0.0756 
         315  1 0.1356 0.0984 0.1217 0.2039 0.1852 0.1662 0.0890 
         316  1 0.2400 0.1341 0.1697 0.0760 0.1131 0.1173 0.1496 
         317  1 0.1082 0.2017 0.0944 0.1165 0.1928 0.0527 0.2336 
         318  1 0.0742 0.2772 0.1100 0.0835 0.0658 0.0642 0.3251 
         319  1 0.0888 0.1683 0.1910 0.1222 0.0879 0.1810 0.1606 
         320  1 0.1049 0.0802 0.0841 0.1300 0.1628 0.3660 0.0720 
         321  1 0.0463 0.1896 0.1501 0.2776 0.0742 0.0919 0.1703 
         322  1 0.1425 0.1313 0.1788 0.2584 0.1002 0.0796 0.1091 
         323  1 0.1067 0.1162 0.0877 0.0766 0.3433 0.1501 0.1195 
         324  1 0.1094 0.1466 0.1899 0.2803 0.0672 0.0601 0.1465 
         325  1 0.1158 0.2339 0.1202 0.1026 0.0870 0.0886 0.2519 
         326  1 0.1249 0.0950 0.0956 0.0896 0.4415 0.0586 0.0949 
         327  1 0.0836 0.1817 0.1153 0.2191 0.0769 0.1199 0.2036 
         328  1 0.2679 0.1530 0.1538 0.1349 0.0686 0.0777 0.1442 
         329  1 0.1325 0.1088 0.1076 0.3650 0.1194 0.0842 0.0824 
         330  1 0.1338 0.0918 0.0876 0.5167 0.0645 0.0455 0.0601 
         331  1 0.0973 0.1467 0.1756 0.1518 0.1683 0.1067 0.1537 
         332  1 0.2308 0.1689 0.1634 0.0859 0.0801 0.0656 0.2053 
         333  1 0.1099 0.1580 0.1121 0.1663 0.2022 0.0786 0.1729 
         334  1 0.1667 0.2101 0.1148 0.0875 0.1312 0.0568 0.2329 
         335  1 0.2072 0.1713 0.1303 0.0798 0.1385 0.1073 0.1656 
         336  1 0.1390 0.1342 0.1429 0.1652 0.2025 0.0982 0.1180 
         337  1 0.0751 0.2086 0.1318 0.1115 0.1292 0.1290 0.2149 
         338  1 0.3741 0.0847 0.1031 0.1781 0.1110 0.0734 0.0756 
         339  1 0.3279 0.0788 0.1204 0.1351 0.0616 0.1987 0.0775 
         340  1 0.0991 0.2375 0.1340 0.1279 0.0870 0.0628 0.2518 
         341  1 0.0658 0.1128 0.1709 0.0833 0.1374 0.3281 0.1019 
         342  1 0.5111 0.0901 0.0886 0.1013 0.0538 0.0630 0.0920 
         343  1 0.4904 0.0809 0.0748 0.0667 0.1559 0.0486 0.0827 
         344  1 0.1635 0.2336 0.0940 0.0832 0.1008 0.0539 0.2710 
         345  1 0.1968 0.1097 0.1120 0.1047 0.2672 0.0857 0.1239 
         346  1 0.1213 0.1676 0.1564 0.1813 0.0845 0.1457 0.1432 
         347  1 0.1638 0.0962 0.1401 0.3703 0.0609 0.0973 0.0714 
         348  1 0.1548 0.1637 0.1434 0.0874 0.0920 0.1973 0.1613 
         349  1 0.0720 0.1272 0.1052 0.0852 0.3987 0.0849 0.1266 
         350  1 0.1510 0.1597 0.1814 0.1178 0.0855 0.1540 0.1506 
         351  1 0.0936 0.2013 0.1458 0.0892 0.1218 0.1467 0.2016 
         352  1 0.1915 0.1616 0.1031 0.0658 0.1634 0.1467 0.1678 
         353  1 0.0623 0.0977 0.1108 0.2584 0.1713 0.2227 0.0767 
         354  1 0.3287 0.0910 0.0968 0.2284 0.1055 0.0711 0.0784 
         355  1 0.1578 0.1387 0.1520 0.0912 0.1976 0.1124 0.1502 
         356  1 0.2790 0.1092 0.1069 0.0851 0.1010 0.2002 0.1188 
         357  1 0.1452 0.1801 0.1803 0.0981 0.1170 0.1102 0.1691 
         358  1 0.1147 0.1161 0.1175 0.1150 0.2996 0.1300 0.1071 
         359  1 0.1326 0.1109 0.1203 0.1491 0.0808 0.3021 0.1041 
         360  1 0.0949 0.2205 0.1424 0.0650 0.0891 0.1506 0.2376 
         361  1 0.3395 0.0795 0.1004 0.0720 0.0874 0.2400 0.0813 
         362  1 0.1165 0.1774 0.1494 0.1404 0.1327 0.1108 0.1728 
         363  1 0.0955 0.2423 0.1308 0.1134 0.0895 0.0614 0.2672 
         364  1 0.1086 0.1699 0.1128 0.1321 0.1825 0.0868 0.2074 
         365  1 0.1247 0.1678 0.1324 0.1424 0.0961 0.1666 0.1700 
         366  1 0.1329 0.1844 0.1120 0.0842 0.1124 0.2040 0.1700 
         367  1 0.1107 0.1309 0.1659 0.1227 0.1534 0.1921 0.1243 
         368  1 0.0760 0.1112 0.0806 0.5080 0.0400 0.1147 0.0695 
         369  1 0.0753 0.1192 0.1480 0.1947 0.2008 0.1625 0.0995 
         370  1 0.0831 0.0902 0.1302 0.2111 0.2173 0.1936 0.0746 
         371  1 0.1512 0.0890 0.0923 0.0832 0.2874 0.2137 0.0832 
         372  1 0.0879 0.0959 0.1227 0.0944 0.0968 0.4107 0.0916 
         373  1 0.1116 0.1294 0.1587 0.1037 0.1533 0.2013 0.1421 
         374  1 0.0945 0.1651 0.1409 0.1484 0.1944 0.1075 0.1493 
         375  1 0.3056 0.1478 0.1303 0.0792 0.1213 0.0737 0.1422 
         376  1 0.0813 0.1950 0.1555 0.1718 0.1264 0.0913 0.1787 
         377  1 0.0600 0.1157 0.3034 0.1923 0.0492 0.1770 0.1024 
         378  1 0.0850 0.1241 0.3632 0.1071 0.0931 0.1121 0.1155 
         379  1 0.0631 0.0816 0.0766 0.0478 0.0637 0.5792 0.0880 
         380  1 0.0872 0.1090 0.2629 0.1912 0.0652 0.1927 0.0918 
         381  1 0.0972 0.1461 0.1455 0.1734 0.1575 0.1369 0.1435 
         382  1 0.1543 0.1224 0.1524 0.1154 0.1732 0.1431 0.1393 
         383  1 0.1922 0.0919 0.1119 0.1550 0.2064 0.1598 0.0829 
         384  1 0.0998 0.1739 0.1149 0.0440 0.0403 0.3343 0.1927 
         385  1 0.1899 0.1671 0.1487 0.1258 0.0899 0.0489 0.2298 
         386  1 0.0616 0.0562 0.0760 0.0607 0.0447 0.6500 0.0508 
         387  1 0.0830 0.1449 0.1416 0.3704 0.0548 0.0903 0.1150 
         388  1 0.0990 0.1481 0.1136 0.0590 0.0533 0.3733 0.1537 
         389  1 0.0924 0.1210 0.0931 0.0870 0.3998 0.0822 0.1245 
         390  1 0.3326 0.0848 0.1258 0.2428 0.0680 0.0761 0.0699 
         391  1 0.1284 0.1060 0.1247 0.1485 0.0487 0.3490 0.0946 
         392  1 0.2534 0.0974 0.1096 0.1052 0.2233 0.1221 0.0891 
         393  1 0.0748 0.2316 0.0903 0.0575 0.0407 0.2691 0.2359 
         394  1 0.4421 0.0844 0.1166 0.1349 0.1070 0.0346 0.0803 
         395  1 0.1290 0.1550 0.1194 0.1328 0.1987 0.1048 0.1603 
         396  1 0.1147 0.2177 0.1316 0.0988 0.0893 0.0674 0.2806 
         397  1 0.0889 0.1969 0.0906 0.0955 0.2213 0.0483 0.2584 
         398  1 0.2664 0.1264 0.1565 0.1423 0.0525 0.1208 0.1351 
         399  1 0.1574 0.1485 0.1428 0.1094 0.0743 0.2255 0.1422 
         400  1 0.0711 0.0911 0.1091 0.0825 0.2452 0.3149 0.0861 
         401  1 0.0800 0.1784 0.1460 0.2266 0.0496 0.1483 0.1710 
         402  1 0.0849 0.1940 0.1427 0.1233 0.1282 0.1082 0.2188 
         403  1 0.1641 0.1548 0.1228 0.0733 0.2654 0.0468 0.1728 
         404  1 0.4125 0.0958 0.1158 0.1019 0.1020 0.0711 0.1009 
         405  1 0.1612 0.2205 0.1307 0.1175 0.0848 0.0601 0.2252 
         406  1 0.2504 0.0803 0.2531 0.0784 0.1358 0.1238 0.0782 
         407  1 0.0440 0.1727 0.0868 0.0610 0.0779 0.3847 0.1730 
         408  1 0.0996 0.1821 0.2062 0.1756 0.0767 0.0788 0.1811 
         409  1 0.1615 0.1561 0.1610 0.1761 0.0756 0.1225 0.1472 
         410  1 0.1973 0.1465 0.1563 0.1249 0.1266 0.0986 0.1497 
         411  1 0.1038 0.1772 0.1143 0.1924 0.1692 0.0415 0.2016 
         412  1 0.1514 0.1342 0.2531 0.1873 0.0357 0.1152 0.1231 
         413  1 0.0851 0.1794 0.0991 0.1050 0.2951 0.0404 0.1959 
         414  1 0.0920 0.1759 0.2352 0.1127 0.0709 0.1516 0.1616 
         415  1 0.0990 0.0968 0.1452 0.4236 0.0402 0.1364 0.0589 
         416  1 0.0397 0.3175 0.0811 0.0730 0.0673 0.0517 0.3698 
         417  1 0.3531 0.1014 0.1457 0.1440 0.0585 0.1008 0.0965 
         418  1 0.1039 0.1468 0.1687 0.2781 0.0993 0.0905 0.1127 
         419  1 0.1561 0.1081 0.1524 0.2873 0.1169 0.0873 0.0920 
         420  1 0.0785 0.2399 0.1376 0.1040 0.1271 0.0564 0.2564 
         421  1 0.1413 0.1311 0.1310 0.3202 0.0885 0.0588 0.1291 
         422  1 0.1937 0.1206 0.1995 0.1538 0.1284 0.0918 0.1121 
         423  1 0.0660 0.1833 0.2043 0.0827 0.1498 0.1090 0.2049 
         424  1 0.0932 0.2145 0.1158 0.1513 0.1282 0.0541 0.2428 
         425  1 0.0451 0.1186 0.1288 0.3678 0.1457 0.1113 0.0827 
         426  1 0.1211 0.1045 0.1681 0.2625 0.0753 0.1889 0.0796 
         427  1 0.2729 0.1182 0.1465 0.1842 0.0442 0.1188 0.1152 
         428  1 0.3276 0.1182 0.1345 0.0795 0.0911 0.1342 0.1149 
         429  1 0.1009 0.0707 0.0774 0.0555 0.3457 0.2806 0.0694 
         430  1 0.2026 0.1068 0.2711 0.1302 0.0896 0.1000 0.0998 
         431  1 0.1553 0.1840 0.1644 0.0831 0.1274 0.0543 0.2316 
         432  1 0.0698 0.1742 0.1645 0.0831 0.1268 0.2164 0.1652 
         433  1 0.0661 0.1405 0.1983 0.0946 0.0701 0.2801 0.1504 
         434  1 0.1961 0.2269 0.1159 0.0976 0.0742 0.0708 0.2186 
         435  1 0.1177 0.1983 0.1068 0.2085 0.0823 0.0834 0.2028 
         436  1 0.0536 0.1153 0.2972 0.1148 0.2153 0.0970 0.1069 
         437  1 0.0939 0.1781 0.1337 0.1071 0.0670 0.2169 0.2033 
         438  1 0.0954 0.0866 0.1442 0.0824 0.0447 0.4650 0.0817 
         439  1 0.0793 0.1183 0.1295 0.4004 0.1115 0.0814 0.0796 
         440  1 0.0906 0.0826 0.0834 0.0841 0.5125 0.0682 0.0785 
         441  1 0.0703 0.1456 0.1379 0.2739 0.0913 0.1465 0.1345 
         442  1 0.1270 0.2276 0.1086 0.1259 0.0929 0.0531 0.2650 
         443  1 0.0927 0.1526 0.1208 0.0939 0.2133 0.1697 0.1569 
         444  1 0.1478 0.1200 0.1219 0.0911 0.0916 0.3056 0.1222 
         445  1 0.2547 0.0669 0.1440 0.1285 0.2304 0.1150 0.0605 
         446  1 0.3698 0.1135 0.1309 0.1080 0.0815 0.0793 0.1171 
         447  1 0.1324 0.2445 0.1077 0.1065 0.0608 0.0857 0.2624 
         448  1 0.1956 0.1423 0.1315 0.1676 0.0735 0.1589 0.1305 
         449  1 0.0508 0.1496 0.0885 0.0765 0.3527 0.1302 0.1517 
         450  1 0.0991 0.1409 0.1345 0.0946 0.3324 0.0581 0.1404 
         451  1 0.0934 0.1058 0.1229 0.1158 0.3000 0.1673 0.0948 
         452  1 0.2224 0.0887 0.0894 0.0912 0.3275 0.0849 0.0960 
         453  1 0.0823 0.2051 0.1274 0.1210 0.1366 0.1246 0.2030 
         454  1 0.0796 0.1649 0.1212 0.0777 0.3181 0.0469 0.1916 
         455  1 0.2355 0.0965 0.2329 0.1791 0.0584 0.0946 0.1030 
         456  1 0.4654 0.0799 0.1054 0.1212 0.0664 0.0930 0.0687 
         457  1 0.0501 0.1564 0.2477 0.1465 0.0764 0.1825 0.1404 
         458  1 0.0538 0.0533 0.0643 0.0718 0.5853 0.1213 0.0502 
         459  1 0.1043 0.1035 0.1383 0.3060 0.0722 0.1950 0.0808 
         460  1 0.3146 0.1311 0.1273 0.0702 0.0882 0.1107 0.1579 
         461  1 0.0567 0.3332 0.0648 0.0576 0.0650 0.0423 0.3805 
         462  1 0.2902 0.1220 0.1652 0.1945 0.0715 0.0407 0.1159 
         463  1 0.1057 0.0968 0.2406 0.0753 0.1238 0.2572 0.1006 
         464  1 0.1095 0.1474 0.1396 0.1609 0.0902 0.1797 0.1727 
         465  1 0.2319 0.0942 0.1217 0.3016 0.1011 0.0724 0.0771 
         466  1 0.0804 0.1206 0.2594 0.0948 0.0626 0.2658 0.1164 
         467  1 0.0608 0.0881 0.1422 0.0839 0.4354 0.1043 0.0852 
         468  1 0.0983 0.1259 0.1265 0.1250 0.2061 0.2003 0.1180 
         469  1 0.0646 0.1302 0.1055 0.4022 0.0790 0.1286 0.0900 
         470  1 0.0821 0.1232 0.1771 0.1441 0.0639 0.2767 0.1329 
         471  1 0.0669 0.0529 0.0507 0.0504 0.6731 0.0518 0.0543 
         472  1 0.0785 0.1529 0.0963 0.0680 0.0496 0.3886 0.1661 
         473  1 0.0779 0.1316 0.4239 0.0525 0.0719 0.1069 0.1353 
         474  1 0.1250 0.1844 0.1056 0.2297 0.1041 0.0644 0.1868 
         475  1 0.1409 0.1192 0.1900 0.2456 0.0833 0.1111 0.1100 
         476  1 0.3220 0.0721 0.1144 0.1220 0.1405 0.1652 0.0637 
         477  1 0.1079 0.1633 0.1938 0.1656 0.1634 0.0634 0.1425 
         478  1 0.0697 0.2487 0.1377 0.1397 0.0572 0.0694 0.2774 
         479  1 0.1789 0.0998 0.1582 0.2100 0.1899 0.0716 0.0916 
         480  1 0.0486 0.2468 0.1328 0.0997 0.0611 0.1234 0.2876 
         481  1 0.0781 0.1528 0.1548 0.2440 0.1309 0.0920 0.1475 
         482  1 0.0667 0.1331 0.1282 0.1502 0.0642 0.3333 0.1243 
         483  1 0.2884 0.0917 0.1104 0.1195 0.1635 0.1361 0.0905 
         484  1 0.4021 0.1315 0.1557 0.0731 0.0420 0.0411 0.1545 
         485  1 0.5351 0.0725 0.1161 0.0732 0.0787 0.0531 0.0714 
         486  1 0.0884 0.1854 0.1356 0.1747 0.1327 0.0965 0.1868 
         487  1 0.1402 0.1384 0.1434 0.1184 0.1010 0.2129 0.1458 
         488  1 0.3318 0.0817 0.1801 0.0885 0.0901 0.1507 0.0771 
         489  1 0.1904 0.1718 0.1382 0.0954 0.0991 0.0982 0.2069 
         490  1 0.0976 0.1242 0.1975 0.1127 0.0769 0.2719 0.1192 
         491  1 0.0670 0.1482 0.1074 0.0792 0.0622 0.3924 0.1437 
         492  1 0.0985 0.1134 0.1471 0.2501 0.1962 0.0986 0.0962 
         493  1 0.1123 0.1449 0.2623 0.1525 0.0712 0.1125 0.1442 
         494  1 0.1831 0.0958 0.1339 0.1646 0.0722 0.2595 0.0910 
         495  1 0.0322 0.0548 0.0566 0.0456 0.7047 0.0463 0.0598 
         496  1 0.1605 0.1622 0.0987 0.2820 0.0788 0.0462 0.1715 
         497  1 0.0390 0.1987 0.1375 0.2195 0.1120 0.0737 0.2197 
         498  1 0.0835 0.2705 0.0913 0.0791 0.1120 0.0719 0.2917 
         499  1 0.0815 0.1510 0.1218 0.0685 0.0586 0.3561 0.1625 
         500  1 0.0525 0.1015 0.1262 0.1651 0.2595 0.2114 0.0837 
         501  1 0.1256 0.1660 0.1459 0.1784 0.1445 0.0770 0.1626 
         502  1 0.1640 0.1354 0.1770 0.1453 0.1496 0.1011 0.1277 
         503  1 0.0652 0.2314 0.1205 0.1675 0.0777 0.0957 0.2421 
         504  1 0.0825 0.1681 0.1142 0.3453 0.0642 0.0494 0.1764 
         505  1 0.1134 0.0915 0.1352 0.1533 0.1843 0.2360 0.0863 
         506  1 0.1138 0.1386 0.1751 0.2540 0.1210 0.0809 0.1166 
         507  1 0.2036 0.1256 0.1017 0.0755 0.1620 0.1932 0.1384 
         508  1 0.1523 0.2527 0.0879 0.0871 0.0818 0.0386 0.2995 
         509  1 0.1445 0.0919 0.1274 0.2162 0.2537 0.0837 0.0826 
         510  1 0.1882 0.2145 0.1489 0.0547 0.1001 0.0467 0.2469 
         511  1 0.0863 0.1293 0.1321 0.1343 0.0813 0.3119 0.1249 
         512  1 0.0509 0.3231 0.0836 0.1030 0.0475 0.0421 0.3498 
         513  1 0.1154 0.1435 0.1994 0.0716 0.2532 0.0614 0.1555 
         514  1 0.1360 0.2511 0.0991 0.0654 0.0720 0.0822 0.2943 
         515  1 0.0454 0.0818 0.0638 0.0535 0.0517 0.6195 0.0844 
         516  1 0.2834 0.0904 0.1127 0.0817 0.2485 0.1036 0.0796 
         517  1 0.1859 0.0706 0.1404 0.1887 0.2657 0.0843 0.0644 
         518  1 0.1633 0.2356 0.1147 0.1092 0.0536 0.0514 0.2723 
         519  1 0.0909 0.1242 0.1999 0.3112 0.1044 0.0720 0.0975 
         520  1 0.0747 0.1233 0.1410 0.2246 0.1727 0.1697 0.0940 
         521  1 0.1421 0.1444 0.2419 0.1079 0.0812 0.1110 0.1715 
         522  1 0.0819 0.1241 0.1276 0.4151 0.0904 0.0566 0.1043 
         523  1 0.0747 0.1381 0.1944 0.1649 0.1293 0.1733 0.1254 
         524  1 0.0905 0.0522 0.0767 0.0716 0.6049 0.0547 0.0494 
         525  1 0.1160 0.1515 0.1700 0.1760 0.0826 0.1701 0.1337 
         526  1 0.1130 0.2436 0.0922 0.0695 0.1015 0.1305 0.2498 
         527  1 0.1170 0.1896 0.1559 0.1195 0.1023 0.1129 0.2026 
         528  1 0.1655 0.0878 0.1315 0.0750 0.0466 0.4095 0.0840 
         529  1 0.1116 0.1435 0.2303 0.1287 0.1510 0.1072 0.1277 
         530  1 0.1843 0.1107 0.2196 0.0920 0.0732 0.2158 0.1044 
         531  1 0.3300 0.0828 0.1146 0.1085 0.0909 0.1958 0.0774 
         532  1 0.0402 0.0535 0.0671 0.0570 0.6980 0.0317 0.0526 
         533  1 0.0383 0.3240 0.0733 0.0722 0.0598 0.0611 0.3713 
         534  1 0.1900 0.1098 0.1476 0.1765 0.0705 0.2037 0.1018 
         535  1 0.0537 0.1473 0.1456 0.1025 0.1900 0.2182 0.1426 
         536  1 0.0531 0.1861 0.1296 0.2061 0.1626 0.0733 0.1891 
         537  1 0.1722 0.1465 0.1511 0.1303 0.0666 0.2041 0.1290 
         538  1 0.1747 0.1142 0.1741 0.1572 0.1742 0.0977 0.1080 
         539  1 0.1400 0.1688 0.1554 0.0731 0.1298 0.1634 0.1694 
         540  1 0.1704 0.1080 0.1046 0.0953 0.1786 0.2375 0.1058 
         541  1 0.1893 0.0889 0.2445 0.1183 0.1243 0.1440 0.0908 
         542  1 0.0761 0.1118 0.1088 0.1835 0.0816 0.3415 0.0967 
         543  1 0.0827 0.0756 0.1361 0.1746 0.0541 0.4138 0.0632 
         544  1 0.0740 0.0922 0.1412 0.1391 0.0820 0.3777 0.0938 
         545  1 0.1774 0.1389 0.1315 0.1058 0.0851 0.2205 0.1408 
         546  1 0.0913 0.1194 0.1045 0.0875 0.0919 0.3912 0.1142 
         547  1 0.2204 0.1020 0.1954 0.0817 0.2014 0.1002 0.0989 
         548  1 0.1783 0.1459 0.1367 0.1520 0.0988 0.1368 0.1514 
         549  1 0.1838 0.1577 0.1493 0.1602 0.1210 0.0842 0.1438 
         550  1 0.1576 0.2451 0.1247 0.0974 0.0591 0.0778 0.2383 
         551  1 0.0754 0.1240 0.1156 0.1510 0.0927 0.3298 0.1114 
         552  1 0.1439 0.2389 0.1236 0.0629 0.0878 0.1030 0.2399 
         553  1 0.1742 0.1423 0.1369 0.1891 0.1498 0.0711 0.1366 
         554  1 0.0529 0.0932 0.1068 0.1088 0.0435 0.5076 0.0871 
         555  1 0.3093 0.1256 0.1321 0.1314 0.1107 0.0669 0.1240 
         556  1 0.0633 0.2472 0.1090 0.1487 0.1112 0.0514 0.2693 
         557  1 0.2138 0.1183 0.2475 0.0975 0.0900 0.1187 0.1142 
         558  1 0.1469 0.0820 0.0978 0.1397 0.1669 0.2934 0.0735 
         559  1 0.2354 0.1372 0.1389 0.1566 0.0840 0.1057 0.1422 
         560  1 0.1132 0.1756 0.1255 0.1513 0.0499 0.2354 0.1491 
         561  1 0.1845 0.1150 0.1268 0.2242 0.1530 0.0807 0.1158 
         562  1 0.0824 0.1567 0.1218 0.0956 0.0985 0.2964 0.1487 
         563  1 0.1354 0.1022 0.2094 0.2475 0.1155 0.1072 0.0828 
         564  1 0.2150 0.1669 0.1492 0.1072 0.0838 0.0913 0.1867 
         565  1 0.1164 0.1505 0.1753 0.1585 0.1074 0.1279 0.1639 
         566  1 0.3992 0.1223 0.1046 0.0694 0.0833 0.0716 0.1495 
         567  1 0.1188 0.0986 0.1452 0.2250 0.2137 0.1231 0.0756 
         568  1 0.0661 0.1740 0.2655 0.0790 0.0648 0.1895 0.1610 
         569  1 0.1024 0.1590 0.1033 0.1042 0.2924 0.0586 0.1801 
         570  1 0.0600 0.1366 0.1215 0.0634 0.3190 0.1514 0.1480 
         571  1 0.1104 0.1498 0.1254 0.2717 0.0994 0.1033 0.1401 
         572  1 0.0681 0.3074 0.0883 0.0740 0.0558 0.0696 0.3368 
         573  1 0.2827 0.1008 0.1278 0.1268 0.1205 0.1493 0.0921 
         574  1 0.1759 0.1262 0.1764 0.1547 0.1765 0.0688 0.1215 
         575  1 0.2110 0.0771 0.0858 0.0865 0.2925 0.1694 0.0777 
         576  1 0.2736 0.1101 0.1785 0.1704 0.0570 0.1118 0.0986 
         577  1 0.1124 0.2051 0.1026 0.1457 0.1436 0.0807 0.2101 
         578  1 0.0788 0.0939 0.1536 0.0888 0.3631 0.1401 0.0818 
         579  1 0.1612 0.1457 0.1291 0.1347 0.1586 0.1277 0.1431 
         580  1 0.2181 0.1668 0.1803 0.1380 0.0732 0.0531 0.1705 
         581  1 0.0491 0.0804 0.1450 0.0618 0.2719 0.3158 0.0759 
         582  1 0.0992 0.1217 0.2813 0.0717 0.2350 0.0675 0.1236 
         583  1 0.1394 0.1197 0.1678 0.1583 0.0842 0.2165 0.1140 
         584  1 0.1177 0.1135 0.2284 0.2493 0.0696 0.1278 0.0937 
         585  1 0.2534 0.1288 0.1181 0.1111 0.1847 0.0722 0.1316 
         586  1 0.1942 0.0896 0.1204 0.2181 0.1521 0.1462 0.0793 
         587  1 0.0654 0.1673 0.1101 0.2535 0.2042 0.0538 0.1457 
         588  1 0.1940 0.1253 0.1107 0.1876 0.1936 0.0655 0.1232 
         589  1 0.1257 0.1283 0.1827 0.1697 0.1146 0.1613 0.1178 
         590  1 0.1458 0.1341 0.1457 0.1371 0.2116 0.0992 0.1264 
         591  1 0.0953 0.1259 0.1781 0.2924 0.1057 0.1061 0.0965 
         592  1 0.0992 0.1875 0.1360 0.1614 0.1744 0.0558 0.1857 
         593  1 0.1401 0.0965 0.2004 0.0998 0.1953 0.1789 0.0890 
         594  1 0.0765 0.1641 0.1609 0.1524 0.0617 0.2344 0.1499 
         595  1 0.0909 0.1603 0.1621 0.1452 0.1027 0.1718 0.1670 
         596  1 0.0567 0.1941 0.2427 0.0827 0.1259 0.0952 0.2026 
         597  1 0.1235 0.1558 0.1783 0.1185 0.0977 0.1567 0.1695 
         598  1 0.1772 0.1046 0.0911 0.0856 0.1152 0.3161 0.1102 
         599  1 0.0910 0.0749 0.1156 0.1265 0.2341 0.2956 0.0623 
         600  1 0.0917 0.1698 0.1666 0.1300 0.1417 0.1271 0.1730 
         601  1 0.1585 0.1422 0.1269 0.3234 0.0747 0.0560 0.1183 
         602  1 0.0765 0.1754 0.1458 0.1128 0.2380 0.0665 0.1851 
         603  1 0.1199 0.1697 0.1864 0.1597 0.0618 0.1197 0.1828 
         604  1 0.0739 0.1524 0.2974 0.1144 0.0749 0.1508 0.1361 
         605  1 0.1692 0.2478 0.1227 0.0850 0.0611 0.0433 0.2710 
         606  1 0.1829 0.0809 0.1489 0.0799 0.0827 0.3442 0.0804 
