           1  1 0.3577 0.2576 0.3847 
           2  1 0.3705 0.2641 0.3655 
           3  1 0.2687 0.3980 0.3333 
           4  1 0.2541 0.2765 0.4695 
           5  1 0.5159 0.2370 0.2471 
           6  1 0.3282 0.3436 0.3282 
           7  1 0.3424 0.3531 0.3045 
           8  1 0.3024 0.4279 0.2697 
           9  1 0.2016 0.2667 0.5317 
          10  1 0.2049 0.6125 0.1826 
          11  1 0.3524 0.4152 0.2324 
          12  1 0.2905 0.4230 0.2866 
          13  1 0.2505 0.4601 0.2893 
          14  1 0.2624 0.1799 0.5577 
          15  1 0.5966 0.1699 0.2335 
          16  1 0.3009 0.4570 0.2421 
          17  1 0.2634 0.2818 0.4548 
          18  1 0.3606 0.1685 0.4709 
          19  1 0.2951 0.2177 0.4873 
          20  1 0.1852 0.3670 0.4478 
          21  1 0.3707 0.3903 0.2391 
          22  1 0.2565 0.2635 0.4800 
          23  1 0.4459 0.3332 0.2209 
          24  1 0.2300 0.4576 0.3123 
          25  1 0.4140 0.2601 0.3259 
          26  1 0.3715 0.2908 0.3376 
          27  1 0.2988 0.3363 0.3649 
          28  1 0.4209 0.3742 0.2049 
          29  1 0.3331 0.1973 0.4696 
          30  1 0.2664 0.3073 0.4263 
          31  1 0.2519 0.4480 0.3001 
          32  1 0.5115 0.2319 0.2566 
          33  1 0.4125 0.2374 0.3502 
          34  1 0.3426 0.2356 0.4218 
          35  1 0.3575 0.2060 0.4366 
          36  1 0.4361 0.2187 0.3452 
          37  1 0.3669 0.2886 0.3445 
          38  1 0.2938 0.3395 0.3667 
          39  1 0.3779 0.3157 0.3064 
          40  1 0.4493 0.2734 0.2773 
          41  1 0.2313 0.4961 0.2725 
          42  1 0.4637 0.3218 0.2144 
          43  1 0.2499 0.2481 0.5020 
          44  1 0.2525 0.3491 0.3984 
          45  1 0.4719 0.3221 0.2060 
          46  1 0.4271 0.2990 0.2739 
          47  1 0.2442 0.3310 0.4248 
          48  1 0.6097 0.1600 0.2303 
          49  1 0.1431 0.3998 0.4571 
          50  1 0.2891 0.2900 0.4209 
          51  1 0.2674 0.3021 0.4306 
          52  1 0.1973 0.5861 0.2165 
          53  1 0.2914 0.3177 0.3909 
          54  1 0.3000 0.2928 0.4072 
          55  1 0.5697 0.2095 0.2207 
          56  1 0.5659 0.2530 0.1812 
          57  1 0.2502 0.4117 0.3381 
          58  1 0.6758 0.1458 0.1784 
          59  1 0.4704 0.2872 0.2424 
          60  1 0.2601 0.3445 0.3955 
          61  1 0.2544 0.3960 0.3496 
          62  1 0.3652 0.4605 0.1743 
          63  1 0.2527 0.4957 0.2515 
          64  1 0.2775 0.4219 0.3006 
          65  1 0.3153 0.3304 0.3543 
          66  1 0.2866 0.3332 0.3802 
          67  1 0.2126 0.5259 0.2615 
          68  1 0.3172 0.3705 0.3123 
          69  1 0.2417 0.5672 0.1911 
          70  1 0.3770 0.3289 0.2941 
          71  1 0.2855 0.3871 0.3274 
          72  1 0.2453 0.4743 0.2805 
          73  1 0.4139 0.2324 0.3537 
          74  1 0.2391 0.3834 0.3775 
          75  1 0.2893 0.3344 0.3763 
          76  1 0.3033 0.3542 0.3425 
          77  1 0.4138 0.2918 0.2944 
          78  1 0.2344 0.4128 0.3529 
          79  1 0.3645 0.3735 0.2619 
          80  1 0.2915 0.4216 0.2869 
          81  1 0.1792 0.6058 0.2150 
          82  1 0.4262 0.3629 0.2108 
          83  1 0.1818 0.5776 0.2406 
          84  1 0.3294 0.3532 0.3175 
          85  1 0.3945 0.3427 0.2628 
          86  1 0.5086 0.2787 0.2127 
          87  1 0.1952 0.5503 0.2545 
          88  1 0.4629 0.2314 0.3057 
          89  1 0.2497 0.2958 0.4545 
          90  1 0.3589 0.3954 0.2456 
          91  1 0.3405 0.3441 0.3154 
          92  1 0.3824 0.4255 0.1921 
          93  1 0.2108 0.4971 0.2921 
          94  1 0.2016 0.2990 0.4994 
          95  1 0.3759 0.3481 0.2761 
          96  1 0.2967 0.3009 0.4024 
          97  1 0.2427 0.5271 0.2302 
          98  1 0.2744 0.4028 0.3228 
          99  1 0.2181 0.5129 0.2690 
         100  1 0.2804 0.3670 0.3526 
         101  1 0.2465 0.4047 0.3488 
         102  1 0.4989 0.2445 0.2566 
         103  1 0.4152 0.1736 0.4112 
         104  1 0.3320 0.4066 0.2614 
         105  1 0.2605 0.3244 0.4151 
         106  1 0.3139 0.3473 0.3389 
         107  1 0.3859 0.4025 0.2115 
         108  1 0.3586 0.4475 0.1939 
         109  1 0.2634 0.3329 0.4037 
         110  1 0.2077 0.1950 0.5973 
         111  1 0.3862 0.2628 0.3510 
         112  1 0.2814 0.2228 0.4958 
         113  1 0.4504 0.3056 0.2441 
         114  1 0.2730 0.2565 0.4705 
         115  1 0.3206 0.4555 0.2239 
         116  1 0.3707 0.3634 0.2658 
         117  1 0.5861 0.2001 0.2137 
         118  1 0.2331 0.2726 0.4943 
         119  1 0.5122 0.1881 0.2996 
         120  1 0.5525 0.1541 0.2933 
         121  1 0.2523 0.3564 0.3913 
         122  1 0.1839 0.5402 0.2760 
         123  1 0.5212 0.2300 0.2488 
         124  1 0.2516 0.4851 0.2633 
         125  1 0.5102 0.3024 0.1874 
         126  1 0.3350 0.3046 0.3603 
         127  1 0.3640 0.3452 0.2908 
         128  1 0.4663 0.3429 0.1908 
         129  1 0.2411 0.5692 0.1897 
         130  1 0.2274 0.3353 0.4373 
         131  1 0.2857 0.4568 0.2575 
         132  1 0.6173 0.1752 0.2075 
         133  1 0.3793 0.1891 0.4316 
         134  1 0.3834 0.3178 0.2988 
         135  1 0.1727 0.2077 0.6196 
         136  1 0.4034 0.2791 0.3175 
         137  1 0.3475 0.3563 0.2962 
         138  1 0.4521 0.2335 0.3143 
         139  1 0.4190 0.2246 0.3564 
         140  1 0.2373 0.5169 0.2458 
         141  1 0.3122 0.2697 0.4181 
         142  1 0.5694 0.2037 0.2269 
         143  1 0.2786 0.4920 0.2294 
         144  1 0.3462 0.2951 0.3587 
         145  1 0.3523 0.2108 0.4368 
         146  1 0.2274 0.3194 0.4532 
         147  1 0.3230 0.2761 0.4009 
         148  1 0.2369 0.3351 0.4280 
         149  1 0.5008 0.2829 0.2163 
         150  1 0.1698 0.2985 0.5317 
         151  1 0.2053 0.3585 0.4362 
         152  1 0.2966 0.3390 0.3643 
         153  1 0.2764 0.3972 0.3264 
         154  1 0.3650 0.3452 0.2897 
         155  1 0.5688 0.2372 0.1939 
         156  1 0.2471 0.3991 0.3538 
         157  1 0.4123 0.3191 0.2686 
         158  1 0.3919 0.3673 0.2409 
         159  1 0.4450 0.3072 0.2478 
         160  1 0.4680 0.2578 0.2742 
         161  1 0.4270 0.1735 0.3995 
         162  1 0.3060 0.2506 0.4434 
         163  1 0.2937 0.2753 0.4310 
         164  1 0.5517 0.2924 0.1559 
         165  1 0.3262 0.3392 0.3346 
         166  1 0.3223 0.3756 0.3021 
         167  1 0.5918 0.1819 0.2263 
         168  1 0.3330 0.3098 0.3572 
         169  1 0.3079 0.3908 0.3013 
         170  1 0.1756 0.3355 0.4889 
         171  1 0.3928 0.3216 0.2856 
         172  1 0.2262 0.2781 0.4958 
         173  1 0.4816 0.2377 0.2806 
         174  1 0.3377 0.3496 0.3127 
         175  1 0.2299 0.3335 0.4366 
         176  1 0.1929 0.2569 0.5502 
         177  1 0.2108 0.5725 0.2167 
         178  1 0.2879 0.3736 0.3385 
         179  1 0.4384 0.3097 0.2519 
         180  1 0.2172 0.3996 0.3832 
         181  1 0.4683 0.2240 0.3077 
         182  1 0.2152 0.6109 0.1739 
         183  1 0.2724 0.1733 0.5543 
         184  1 0.2641 0.3529 0.3830 
         185  1 0.3891 0.2698 0.3411 
         186  1 0.3374 0.2581 0.4045 
         187  1 0.2690 0.2486 0.4824 
         188  1 0.4568 0.2247 0.3185 
         189  1 0.2484 0.3333 0.4183 
         190  1 0.2416 0.3625 0.3959 
         191  1 0.3948 0.2531 0.3521 
         192  1 0.3506 0.4293 0.2201 
         193  1 0.3318 0.2821 0.3862 
         194  1 0.5036 0.2332 0.2631 
         195  1 0.2710 0.4655 0.2635 
         196  1 0.3116 0.2623 0.4260 
         197  1 0.4588 0.2415 0.2998 
         198  1 0.3353 0.2461 0.4186 
         199  1 0.2985 0.5256 0.1759 
         200  1 0.4014 0.2503 0.3484 
         201  1 0.2145 0.5125 0.2729 
         202  1 0.2981 0.3284 0.3735 
         203  1 0.3182 0.4328 0.2490 
         204  1 0.2332 0.3691 0.3977 
         205  1 0.2952 0.4307 0.2741 
         206  1 0.2601 0.4811 0.2588 
         207  1 0.4531 0.3291 0.2178 
         208  1 0.2117 0.3586 0.4297 
         209  1 0.4075 0.3700 0.2225 
         210  1 0.2696 0.3387 0.3918 
         211  1 0.2074 0.5111 0.2814 
         212  1 0.3614 0.1795 0.4591 
         213  1 0.4180 0.3023 0.2796 
         214  1 0.2165 0.5231 0.2604 
         215  1 0.4040 0.2631 0.3329 
         216  1 0.3364 0.3902 0.2734 
         217  1 0.3849 0.2245 0.3906 
         218  1 0.5096 0.2509 0.2395 
         219  1 0.2436 0.2681 0.4882 
         220  1 0.3499 0.3893 0.2608 
         221  1 0.2402 0.5477 0.2121 
         222  1 0.4065 0.2876 0.3059 
         223  1 0.4698 0.2599 0.2703 
         224  1 0.3091 0.4191 0.2718 
         225  1 0.2618 0.4886 0.2496 
         226  1 0.3406 0.2286 0.4308 
         227  1 0.3167 0.4496 0.2337 
         228  1 0.3529 0.3095 0.3375 
         229  1 0.2965 0.3546 0.3489 
         230  1 0.2484 0.1733 0.5783 
         231  1 0.3382 0.2765 0.3853 
         232  1 0.4127 0.4020 0.1853 
         233  1 0.2566 0.2194 0.5240 
         234  1 0.3527 0.2962 0.3511 
         235  1 0.2714 0.3075 0.4211 
         236  1 0.4210 0.2651 0.3139 
         237  1 0.3631 0.3981 0.2388 
         238  1 0.2857 0.2834 0.4309 
         239  1 0.2204 0.3329 0.4466 
         240  1 0.3169 0.3084 0.3748 
         241  1 0.2741 0.4651 0.2608 
         242  1 0.3071 0.4602 0.2327 
         243  1 0.4121 0.3240 0.2639 
         244  1 0.2642 0.4680 0.2678 
         245  1 0.3145 0.2875 0.3980 
         246  1 0.4209 0.2685 0.3106 
         247  1 0.2761 0.3250 0.3989 
         248  1 0.3000 0.2445 0.4554 
         249  1 0.2639 0.3284 0.4077 
         250  1 0.4981 0.2189 0.2830 
         251  1 0.4398 0.2366 0.3236 
         252  1 0.2583 0.4763 0.2654 
         253  1 0.3512 0.4059 0.2429 
         254  1 0.2784 0.2109 0.5107 
         255  1 0.2696 0.3979 0.3325 
         256  1 0.4836 0.2802 0.2362 
         257  1 0.2698 0.4120 0.3183 
         258  1 0.2958 0.3278 0.3764 
         259  1 0.2064 0.4226 0.3711 
         260  1 0.3622 0.4192 0.2186 
         261  1 0.2528 0.3196 0.4276 
         262  1 0.3285 0.3160 0.3555 
         263  1 0.2160 0.3450 0.4389 
         264  1 0.3450 0.3999 0.2551 
         265  1 0.2460 0.3540 0.4000 
         266  1 0.4223 0.2856 0.2921 
         267  1 0.2785 0.3710 0.3505 
         268  1 0.2602 0.2388 0.5010 
         269  1 0.1747 0.4308 0.3945 
         270  1 0.2165 0.3512 0.4323 
         271  1 0.3394 0.3157 0.3449 
         272  1 0.2390 0.4150 0.3460 
         273  1 0.3424 0.3647 0.2929 
         274  1 0.1790 0.1863 0.6347 
         275  1 0.2154 0.3672 0.4174 
         276  1 0.4941 0.3266 0.1793 
         277  1 0.2118 0.5047 0.2835 
         278  1 0.1478 0.5317 0.3205 
         279  1 0.4442 0.2757 0.2801 
         280  1 0.4112 0.2868 0.3020 
         281  1 0.1994 0.3926 0.4081 
         282  1 0.2381 0.3441 0.4178 
         283  1 0.4020 0.2736 0.3243 
         284  1 0.3355 0.4477 0.2168 
         285  1 0.3583 0.3426 0.2991 
         286  1 0.2130 0.4756 0.3114 
         287  1 0.4764 0.2116 0.3120 
         288  1 0.2022 0.5951 0.2027 
         289  1 0.3470 0.2901 0.3629 
         290  1 0.3617 0.2703 0.3681 
         291  1 0.4434 0.1846 0.3720 
         292  1 0.3656 0.3924 0.2420 
         293  1 0.2775 0.2107 0.5117 
         294  1 0.2797 0.4036 0.3167 
         295  1 0.6847 0.1757 0.1396 
         296  1 0.3131 0.3854 0.3015 
         297  1 0.2637 0.2810 0.4553 
         298  1 0.3677 0.3265 0.3058 
         299  1 0.6350 0.2019 0.1632 
         300  1 0.2872 0.2827 0.4300 
         301  1 0.3840 0.3040 0.3120 
         302  1 0.6073 0.1540 0.2388 
         303  1 0.2777 0.2841 0.4382 
         304  1 0.3117 0.3999 0.2884 
         305  1 0.4043 0.2347 0.3609 
         306  1 0.4292 0.3582 0.2126 
         307  1 0.3151 0.3810 0.3039 
         308  1 0.3187 0.3991 0.2822 
         309  1 0.2172 0.4496 0.3332 
         310  1 0.2087 0.3651 0.4262 
         311  1 0.3331 0.4443 0.2226 
         312  1 0.1896 0.3526 0.4578 
         313  1 0.3269 0.3655 0.3075 
         314  1 0.4073 0.3966 0.1961 
         315  1 0.3974 0.3878 0.2148 
         316  1 0.2891 0.3755 0.3354 
         317  1 0.1939 0.3516 0.4545 
         318  1 0.1846 0.2429 0.5725 
         319  1 0.3918 0.2492 0.3590 
         320  1 0.4789 0.3224 0.1987 
         321  1 0.3007 0.2086 0.4907 
         322  1 0.2968 0.3648 0.3384 
         323  1 0.3221 0.3564 0.3215 
         324  1 0.2549 0.4123 0.3328 
         325  1 0.2618 0.2945 0.4437 
         326  1 0.2131 0.5132 0.2737 
         327  1 0.3259 0.2960 0.3781 
         328  1 0.3041 0.3123 0.3836 
         329  1 0.2990 0.4337 0.2673 
         330  1 0.2796 0.5268 0.1936 
         331  1 0.2980 0.4078 0.2941 
         332  1 0.2259 0.3756 0.3985 
         333  1 0.2619 0.4397 0.2984 
         334  1 0.2020 0.3136 0.4843 
         335  1 0.3498 0.3738 0.2765 
         336  1 0.3221 0.3932 0.2847 
         337  1 0.2735 0.2305 0.4960 
         338  1 0.2422 0.5416 0.2162 
         339  1 0.4326 0.3411 0.2262 
         340  1 0.2547 0.2696 0.4757 
         341  1 0.4934 0.2495 0.2571 
         342  1 0.2543 0.4908 0.2549 
         343  1 0.1800 0.5899 0.2301 
         344  1 0.2195 0.3184 0.4622 
         345  1 0.2344 0.4827 0.2829 
         346  1 0.3694 0.2655 0.3651 
         347  1 0.3889 0.3828 0.2283 
         348  1 0.3860 0.2636 0.3504 
         349  1 0.2937 0.3484 0.3579 
         350  1 0.3336 0.2942 0.3722 
         351  1 0.3643 0.2476 0.3881 
         352  1 0.3112 0.3252 0.3637 
         353  1 0.4980 0.2894 0.2125 
         354  1 0.2528 0.5091 0.2380 
         355  1 0.2398 0.3834 0.3768 
         356  1 0.3232 0.3405 0.3363 
         357  1 0.3751 0.3244 0.3005 
         358  1 0.3147 0.4057 0.2796 
         359  1 0.5243 0.2282 0.2475 
         360  1 0.3698 0.2299 0.4003 
         361  1 0.4134 0.3648 0.2218 
         362  1 0.2725 0.2936 0.4339 
         363  1 0.2019 0.2832 0.5149 
         364  1 0.2440 0.3663 0.3898 
         365  1 0.3381 0.2629 0.3991 
         366  1 0.4606 0.2720 0.2674 
         367  1 0.3609 0.2894 0.3497 
         368  1 0.4493 0.2790 0.2717 
         369  1 0.4934 0.3066 0.1999 
         370  1 0.4346 0.3365 0.2288 
         371  1 0.3786 0.4082 0.2132 
         372  1 0.4544 0.2826 0.2630 
         373  1 0.3804 0.3075 0.3120 
         374  1 0.3144 0.3166 0.3690 
         375  1 0.2554 0.4428 0.3018 
         376  1 0.3198 0.2597 0.4205 
         377  1 0.5033 0.1984 0.2983 
         378  1 0.3505 0.2970 0.3525 
         379  1 0.5408 0.1916 0.2676 
         380  1 0.5607 0.2122 0.2271 
         381  1 0.3412 0.3016 0.3572 
         382  1 0.3205 0.3921 0.2874 
         383  1 0.3419 0.4379 0.2202 
         384  1 0.3834 0.1744 0.4422 
         385  1 0.2213 0.3939 0.3848 
         386  1 0.6849 0.1620 0.1531 
         387  1 0.3604 0.3106 0.3290 
         388  1 0.5068 0.2008 0.2925 
         389  1 0.2910 0.3747 0.3344 
         390  1 0.2935 0.5013 0.2051 
         391  1 0.4811 0.2463 0.2726 
         392  1 0.3132 0.4911 0.1957 
         393  1 0.4450 0.1727 0.3823 
         394  1 0.1615 0.6307 0.2078 
         395  1 0.2869 0.3485 0.3647 
         396  1 0.2303 0.2969 0.4728 
         397  1 0.1791 0.3572 0.4637 
         398  1 0.3832 0.3343 0.2826 
         399  1 0.4015 0.2690 0.3295 
         400  1 0.4327 0.3033 0.2641 
         401  1 0.3518 0.2389 0.4094 
         402  1 0.3052 0.2932 0.4015 
         403  1 0.1561 0.4574 0.3865 
         404  1 0.2737 0.4795 0.2468 
         405  1 0.2512 0.3579 0.3909 
         406  1 0.3146 0.4375 0.2479 
         407  1 0.5101 0.1622 0.3277 
         408  1 0.3160 0.2827 0.4013 
         409  1 0.3140 0.3130 0.3730 
         410  1 0.2873 0.3471 0.3656 
         411  1 0.1784 0.3735 0.4481 
         412  1 0.3956 0.2443 0.3601 
         413  1 0.1673 0.4499 0.3828 
         414  1 0.4316 0.2243 0.3441 
         415  1 0.5042 0.2651 0.2307 
         416  1 0.1781 0.1711 0.6508 
         417  1 0.3783 0.3414 0.2803 
         418  1 0.3616 0.2942 0.3442 
         419  1 0.3540 0.4268 0.2191 
         420  1 0.1811 0.2716 0.5473 
         421  1 0.2437 0.4454 0.3109 
         422  1 0.2933 0.4159 0.2908 
         423  1 0.2725 0.2928 0.4347 
         424  1 0.2136 0.3213 0.4651 
         425  1 0.3778 0.2861 0.3361 
         426  1 0.5041 0.2825 0.2134 
         427  1 0.4449 0.3079 0.2472 
         428  1 0.3206 0.3525 0.3270 
         429  1 0.4378 0.3406 0.2216 
         430  1 0.3103 0.3738 0.3159 
         431  1 0.2212 0.3531 0.4257 
         432  1 0.4213 0.2377 0.3410 
         433  1 0.4240 0.2162 0.3598 
         434  1 0.2666 0.2969 0.4366 
         435  1 0.2886 0.3067 0.4047 
         436  1 0.3508 0.2989 0.3503 
         437  1 0.3772 0.2286 0.3941 
         438  1 0.5566 0.2012 0.2421 
         439  1 0.3171 0.3712 0.3117 
         440  1 0.2295 0.4988 0.2716 
         441  1 0.4376 0.2530 0.3093 
         442  1 0.2050 0.3308 0.4642 
         443  1 0.3024 0.3230 0.3746 
         444  1 0.4450 0.2777 0.2773 
         445  1 0.3023 0.5139 0.1838 
         446  1 0.2439 0.4540 0.3021 
         447  1 0.2467 0.2600 0.4933 
         448  1 0.3765 0.2849 0.3387 
         449  1 0.2949 0.2702 0.4349 
         450  1 0.2386 0.4143 0.3471 
         451  1 0.3880 0.3799 0.2321 
         452  1 0.2340 0.5446 0.2214 
         453  1 0.3219 0.2505 0.4276 
         454  1 0.1809 0.3975 0.4216 
         455  1 0.3616 0.4019 0.2365 
         456  1 0.3594 0.4148 0.2257 
         457  1 0.5047 0.1975 0.2978 
         458  1 0.3494 0.4771 0.1735 
         459  1 0.4700 0.3133 0.2167 
         460  1 0.2758 0.3536 0.3706 
         461  1 0.1601 0.1811 0.6588 
         462  1 0.1877 0.5072 0.3051 
         463  1 0.4939 0.2874 0.2187 
         464  1 0.3815 0.3181 0.3004 
         465  1 0.2737 0.4832 0.2431 
         466  1 0.4968 0.2089 0.2943 
         467  1 0.2753 0.4225 0.3021 
         468  1 0.3687 0.3502 0.2811 
         469  1 0.4380 0.2668 0.2952 
         470  1 0.4469 0.2348 0.3183 
         471  1 0.2233 0.5328 0.2439 
         472  1 0.4365 0.1839 0.3796 
         473  1 0.3046 0.2207 0.4747 
         474  1 0.2499 0.3221 0.4280 
         475  1 0.3526 0.3960 0.2514 
         476  1 0.3431 0.4761 0.1808 
         477  1 0.3502 0.3367 0.3132 
         478  1 0.2367 0.2118 0.5515 
         479  1 0.2414 0.5082 0.2504 
         480  1 0.3215 0.1800 0.4986 
         481  1 0.3225 0.3651 0.3125 
         482  1 0.4598 0.2037 0.3366 
         483  1 0.3139 0.4618 0.2243 
         484  1 0.1855 0.4252 0.3892 
         485  1 0.2272 0.5477 0.2251 
         486  1 0.3053 0.3157 0.3789 
         487  1 0.3880 0.2682 0.3438 
         488  1 0.4005 0.3881 0.2115 
         489  1 0.2759 0.3353 0.3888 
         490  1 0.3981 0.2591 0.3428 
         491  1 0.5481 0.1735 0.2784 
         492  1 0.3981 0.3459 0.2560 
         493  1 0.3861 0.2944 0.3195 
         494  1 0.4454 0.3282 0.2264 
         495  1 0.1998 0.5127 0.2875 
         496  1 0.1876 0.4127 0.3997 
         497  1 0.2465 0.2214 0.5321 
         498  1 0.2145 0.2650 0.5204 
         499  1 0.4254 0.1896 0.3850 
         500  1 0.4547 0.3053 0.2400 
         501  1 0.2505 0.3614 0.3881 
         502  1 0.3322 0.3742 0.2936 
         503  1 0.2945 0.2482 0.4573 
         504  1 0.2727 0.2953 0.4320 
         505  1 0.4340 0.3511 0.2149 
         506  1 0.2802 0.3874 0.3324 
         507  1 0.3044 0.3572 0.3384 
         508  1 0.1530 0.3044 0.5426 
         509  1 0.3182 0.4428 0.2389 
         510  1 0.1932 0.3389 0.4678 
         511  1 0.4662 0.2361 0.2977 
         512  1 0.1613 0.1637 0.6751 
         513  1 0.1667 0.4352 0.3981 
         514  1 0.2197 0.2668 0.5136 
         515  1 0.5807 0.1468 0.2725 
         516  1 0.2999 0.5028 0.1973 
         517  1 0.2618 0.5484 0.1898 
         518  1 0.2028 0.2826 0.5146 
         519  1 0.2961 0.3414 0.3625 
         520  1 0.4186 0.3008 0.2806 
         521  1 0.3078 0.2849 0.4072 
         522  1 0.2667 0.4236 0.3097 
         523  1 0.4073 0.2671 0.3257 
         524  1 0.2221 0.5956 0.1823 
         525  1 0.4423 0.2735 0.2842 
         526  1 0.3187 0.2519 0.4294 
         527  1 0.3080 0.2948 0.3972 
         528  1 0.5445 0.2232 0.2322 
         529  1 0.3627 0.2946 0.3427 
         530  1 0.4549 0.2670 0.2781 
         531  1 0.3712 0.4249 0.2039 
         532  1 0.1722 0.5671 0.2607 
         533  1 0.2038 0.1514 0.6447 
         534  1 0.4323 0.2919 0.2757 
         535  1 0.3851 0.2383 0.3766 
         536  1 0.3065 0.2769 0.4166 
         537  1 0.4318 0.2349 0.3333 
         538  1 0.3088 0.4088 0.2823 
         539  1 0.3345 0.2364 0.4291 
         540  1 0.3482 0.3456 0.3062 
         541  1 0.3506 0.4032 0.2461 
         542  1 0.5745 0.1915 0.2340 
         543  1 0.6406 0.1967 0.1627 
         544  1 0.5198 0.2311 0.2491 
         545  1 0.3260 0.3161 0.3579 
         546  1 0.5086 0.2217 0.2697 
         547  1 0.2776 0.4306 0.2918 
         548  1 0.2976 0.3302 0.3722 
         549  1 0.3330 0.3532 0.3137 
         550  1 0.3174 0.2654 0.4172 
         551  1 0.5152 0.2141 0.2707 
         552  1 0.2946 0.2619 0.4435 
         553  1 0.2401 0.4364 0.3234 
         554  1 0.6067 0.1344 0.2589 
         555  1 0.2728 0.4336 0.2935 
         556  1 0.1812 0.2773 0.5415 
         557  1 0.2906 0.3757 0.3337 
         558  1 0.4512 0.3686 0.1802 
         559  1 0.3020 0.3601 0.3379 
         560  1 0.5694 0.1944 0.2363 
         561  1 0.2829 0.4576 0.2595 
         562  1 0.4551 0.2360 0.3089 
         563  1 0.3370 0.4071 0.2558 
         564  1 0.2976 0.3121 0.3903 
         565  1 0.3675 0.3141 0.3184 
         566  1 0.2628 0.4137 0.3236 
         567  1 0.3709 0.3867 0.2423 
         568  1 0.3482 0.1995 0.4524 
         569  1 0.2188 0.3682 0.4130 
         570  1 0.3509 0.2855 0.3636 
         571  1 0.3382 0.3414 0.3204 
         572  1 0.2193 0.2126 0.5681 
         573  1 0.3911 0.3770 0.2319 
         574  1 0.2496 0.4726 0.2778 
         575  1 0.3157 0.4931 0.1912 
         576  1 0.3925 0.3468 0.2607 
         577  1 0.2478 0.3408 0.4113 
         578  1 0.3629 0.3982 0.2389 
         579  1 0.3117 0.3732 0.3151 
         580  1 0.2375 0.3484 0.4141 
         581  1 0.4754 0.2568 0.2678 
         582  1 0.2626 0.3908 0.3466 
         583  1 0.4214 0.3154 0.2632 
         584  1 0.4039 0.3132 0.2828 
         585  1 0.2467 0.4103 0.3430 
         586  1 0.3796 0.4241 0.1964 
         587  1 0.2106 0.3234 0.4660 
         588  1 0.2204 0.4808 0.2988 
         589  1 0.4228 0.3072 0.2700 
         590  1 0.2582 0.4005 0.3413 
         591  1 0.4306 0.3060 0.2633 
         592  1 0.2407 0.3072 0.4521 
         593  1 0.4307 0.3290 0.2403 
         594  1 0.4602 0.2235 0.3163 
         595  1 0.4026 0.2577 0.3397 
         596  1 0.3024 0.2404 0.4572 
         597  1 0.3649 0.2705 0.3646 
         598  1 0.4162 0.3108 0.2730 
         599  1 0.4581 0.3599 0.1819 
         600  1 0.3015 0.3086 0.3899 
         601  1 0.2528 0.3714 0.3758 
         602  1 0.2515 0.3401 0.4084 
         603  1 0.3104 0.3010 0.3886 
         604  1 0.3782 0.2158 0.4060 
         605  1 0.1700 0.2840 0.5460 
         606  1 0.4836 0.2981 0.2183 
         607  1 0.2510 0.4119 0.3371 
         608  1 0.3060 0.2699 0.4241 
         609  1 0.3648 0.3462 0.2890 
         610  1 0.2408 0.5661 0.1931 
         611  1 0.2755 0.5004 0.2241 
         612  1 0.2980 0.4012 0.3008 
         613  1 0.2701 0.3558 0.3741 
         614  1 0.4154 0.2530 0.3316 
         615  1 0.1763 0.2959 0.5278 
         616  1 0.2576 0.5011 0.2413 
         617  1 0.3447 0.2614 0.3939 
         618  1 0.1643 0.5440 0.2917 
         619  1 0.3470 0.4467 0.2063 
         620  1 0.5145 0.2619 0.2236 
         621  1 0.3695 0.2508 0.3797 
         622  1 0.2567 0.4182 0.3251 
         623  1 0.2449 0.4695 0.2856 
         624  1 0.2242 0.4379 0.3379 
         625  1 0.3825 0.3399 0.2776 
         626  1 0.1920 0.5469 0.2612 
         627  1 0.3669 0.1937 0.4394 
         628  1 0.2679 0.2237 0.5084 
         629  1 0.2677 0.4364 0.2959 
         630  1 0.3621 0.2721 0.3658 
         631  1 0.4542 0.2111 0.3347 
         632  1 0.5409 0.2334 0.2256 
         633  1 0.2972 0.3564 0.3464 
         634  1 0.2082 0.4652 0.3266 
         635  1 0.2149 0.3482 0.4369 
         636  1 0.3086 0.3456 0.3458 
         637  1 0.3410 0.2517 0.4073 
         638  1 0.1912 0.4864 0.3223 
         639  1 0.3735 0.2803 0.3462 
         640  1 0.3239 0.2979 0.3781 
         641  1 0.3366 0.3597 0.3037 
         642  1 0.2922 0.4532 0.2546 
         643  1 0.2844 0.1985 0.5171 
         644  1 0.1429 0.6375 0.2197 
         645  1 0.5009 0.2198 0.2794 
         646  1 0.2819 0.3900 0.3280 
         647  1 0.3210 0.2190 0.4600 
         648  1 0.3587 0.3023 0.3390 
         649  1 0.4299 0.4003 0.1698 
         650  1 0.3504 0.4253 0.2243 
         651  1 0.4817 0.2177 0.3006 
         652  1 0.5955 0.1810 0.2236 
         653  1 0.5730 0.1825 0.2445 
         654  1 0.3220 0.3289 0.3491 
         655  1 0.2557 0.3776 0.3668 
         656  1 0.1422 0.2045 0.6533 
         657  1 0.3821 0.2953 0.3226 
         658  1 0.4396 0.3392 0.2213 
         659  1 0.3965 0.2805 0.3231 
         660  1 0.3377 0.2134 0.4489 
         661  1 0.2038 0.3905 0.4057 
         662  1 0.2085 0.5235 0.2680 
         663  1 0.2798 0.3026 0.4176 
         664  1 0.3684 0.3099 0.3218 
         665  1 0.4294 0.2211 0.3495 
         666  1 0.4804 0.2180 0.3017 
         667  1 0.3601 0.4603 0.1796 
         668  1 0.2886 0.3829 0.3285 
         669  1 0.4089 0.3262 0.2649 
         670  1 0.3698 0.2587 0.3716 
         671  1 0.1815 0.1992 0.6193 
         672  1 0.6043 0.1898 0.2059 
         673  1 0.2692 0.2924 0.4384 
         674  1 0.2849 0.2462 0.4689 
         675  1 0.2268 0.1636 0.6096 
         676  1 0.2063 0.4624 0.3313 
         677  1 0.2738 0.5192 0.2071 
         678  1 0.3274 0.3424 0.3302 
         679  1 0.3062 0.2440 0.4498 
         680  1 0.2776 0.4660 0.2563 
         681  1 0.3510 0.2092 0.4397 
         682  1 0.1567 0.4255 0.4178 
         683  1 0.2479 0.4431 0.3090 
         684  1 0.5213 0.1722 0.3065 
         685  1 0.3016 0.2979 0.4006 
         686  1 0.4010 0.2464 0.3526 
         687  1 0.2719 0.2190 0.5091 
         688  1 0.3438 0.4565 0.1997 
         689  1 0.1385 0.1685 0.6930 
         690  1 0.3425 0.3019 0.3555 
         691  1 0.3577 0.1863 0.4560 
         692  1 0.3076 0.4445 0.2479 
         693  1 0.2333 0.4732 0.2935 
         694  1 0.4333 0.2856 0.2811 
         695  1 0.1839 0.2401 0.5760 
         696  1 0.3861 0.3785 0.2354 
         697  1 0.4270 0.3166 0.2564 
         698  1 0.2612 0.2604 0.4784 
         699  1 0.2334 0.1919 0.5746 
         700  1 0.2787 0.5549 0.1664 
         701  1 0.3178 0.3279 0.3544 
         702  1 0.3791 0.3164 0.3046 
         703  1 0.3885 0.4220 0.1895 
         704  1 0.2061 0.5263 0.2676 
         705  1 0.4848 0.2890 0.2262 
         706  1 0.3225 0.4117 0.2658 
         707  1 0.2889 0.4491 0.2620 
         708  1 0.4332 0.3136 0.2532 
         709  1 0.2680 0.3019 0.4301 
         710  1 0.3785 0.3278 0.2937 
         711  1 0.4384 0.2889 0.2727 
         712  1 0.2054 0.2161 0.5785 
         713  1 0.3351 0.3330 0.3320 
         714  1 0.3218 0.4346 0.2436 
         715  1 0.3651 0.3294 0.3055 
         716  1 0.2401 0.2267 0.5332 
         717  1 0.5090 0.2318 0.2592 
         718  1 0.3190 0.3949 0.2861 
         719  1 0.1656 0.5781 0.2563 
         720  1 0.4693 0.2698 0.2609 
         721  1 0.2367 0.3227 0.4406 
         722  1 0.4605 0.3554 0.1841 
         723  1 0.2685 0.4319 0.2996 
         724  1 0.2826 0.1732 0.5442 
         725  1 0.2293 0.3349 0.4358 
         726  1 0.2793 0.3347 0.3861 
         727  1 0.3904 0.2549 0.3548 
         728  1 0.3732 0.4139 0.2129 
         729  1 0.2578 0.3445 0.3977 
         730  1 0.5132 0.2952 0.1915 
         731  1 0.4372 0.2530 0.3097 
         732  1 0.4310 0.3211 0.2479 
         733  1 0.3032 0.2301 0.4667 
         734  1 0.3144 0.3590 0.3266 
         735  1 0.3340 0.4319 0.2340 
         736  1 0.3508 0.4090 0.2402 
         737  1 0.2015 0.1903 0.6082 
         738  1 0.3484 0.3495 0.3022 
         739  1 0.4982 0.2310 0.2709 
         740  1 0.4183 0.2933 0.2884 
         741  1 0.3908 0.2844 0.3248 
         742  1 0.2574 0.5040 0.2386 
         743  1 0.2072 0.1439 0.6489 
         744  1 0.2752 0.2103 0.5145 
         745  1 0.2357 0.5278 0.2365 
         746  1 0.1850 0.6023 0.2127 
         747  1 0.4809 0.2750 0.2441 
         748  1 0.2855 0.2851 0.4293 
         749  1 0.3132 0.2656 0.4212 
         750  1 0.3247 0.3638 0.3115 
         751  1 0.4246 0.3228 0.2526 
         752  1 0.2141 0.3259 0.4600 
         753  1 0.3935 0.2360 0.3704 
         754  1 0.3991 0.4093 0.1916 
         755  1 0.3587 0.2264 0.4149 
         756  1 0.3174 0.5204 0.1622 
         757  1 0.4138 0.3202 0.2660 
         758  1 0.5655 0.2343 0.2002 
         759  1 0.2510 0.3905 0.3586 
         760  1 0.1711 0.3046 0.5243 
         761  1 0.3286 0.3879 0.2835 
         762  1 0.6234 0.1602 0.2164 
         763  1 0.2370 0.3298 0.4332 
         764  1 0.2990 0.4222 0.2788 
         765  1 0.2211 0.5484 0.2305 
         766  1 0.4392 0.2488 0.3120 
         767  1 0.5192 0.1814 0.2994 
         768  1 0.4562 0.2649 0.2789 
         769  1 0.2918 0.5117 0.1965 
         770  1 0.1755 0.3610 0.4635 
         771  1 0.2193 0.3513 0.4294 
         772  1 0.2228 0.4678 0.3094 
         773  1 0.5739 0.2218 0.2043 
         774  1 0.4577 0.2796 0.2627 
         775  1 0.2470 0.5264 0.2266 
         776  1 0.2811 0.3818 0.3371 
         777  1 0.3288 0.3064 0.3648 
         778  1 0.3014 0.3427 0.3560 
         779  1 0.3105 0.3064 0.3831 
         780  1 0.1942 0.3098 0.4960 
         781  1 0.3906 0.3653 0.2441 
