           1  1 0.1821 0.0876 0.0476 0.0289 0.0938 0.2407 0.1232 0.0758 0.0567 0.0635 
           2  1 0.1391 0.0958 0.0716 0.0377 0.1047 0.1383 0.1311 0.1166 0.0932 0.0720 
           3  1 0.0831 0.0684 0.1982 0.2217 0.0766 0.0923 0.0626 0.0352 0.0917 0.0703 
           4  1 0.0775 0.0509 0.5061 0.0258 0.0784 0.0688 0.0582 0.0238 0.0512 0.0592 
           5  1 0.0395 0.0921 0.0611 0.0632 0.1103 0.1317 0.1392 0.1451 0.1453 0.0726 
           6  1 0.0880 0.0721 0.0557 0.0327 0.0638 0.2301 0.0923 0.2123 0.0661 0.0868 
           7  1 0.0585 0.0477 0.0347 0.4910 0.0479 0.0534 0.0553 0.1512 0.0258 0.0347 
           8  1 0.1008 0.0832 0.0547 0.0776 0.1193 0.1668 0.0902 0.0702 0.1122 0.1251 
           9  1 0.0489 0.0781 0.4095 0.0802 0.0565 0.0670 0.0749 0.0417 0.0873 0.0559 
          10  1 0.1632 0.0660 0.0208 0.0192 0.1742 0.0681 0.0439 0.0181 0.1085 0.3181 
          11  1 0.0896 0.1166 0.1125 0.0395 0.1384 0.0945 0.0956 0.0607 0.0962 0.1564 
          12  1 0.2998 0.0684 0.0350 0.0249 0.1018 0.0706 0.1471 0.0390 0.0742 0.1391 
          13  1 0.1526 0.0949 0.1382 0.0670 0.1080 0.0552 0.0521 0.0330 0.0353 0.2636 
          14  1 0.0689 0.1254 0.3276 0.0602 0.0806 0.0741 0.0837 0.0958 0.0290 0.0547 
          15  1 0.0206 0.0271 0.0274 0.0415 0.0260 0.0244 0.0252 0.7698 0.0170 0.0209 
          16  1 0.0403 0.0622 0.0343 0.3148 0.0723 0.0892 0.0977 0.1024 0.1218 0.0651 
          17  1 0.0855 0.1361 0.2114 0.0530 0.1593 0.0717 0.0815 0.0283 0.0863 0.0868 
          18  1 0.0265 0.0348 0.6049 0.0173 0.0331 0.0673 0.0319 0.0549 0.1050 0.0243 
          19  1 0.0849 0.0915 0.2178 0.0524 0.0871 0.2401 0.0633 0.0545 0.0472 0.0612 
          20  1 0.1902 0.0976 0.0569 0.1774 0.1200 0.0780 0.1109 0.0451 0.0599 0.0638 
          21  1 0.0507 0.0469 0.0266 0.0284 0.0499 0.1461 0.0515 0.0555 0.4834 0.0608 
          22  1 0.0672 0.1101 0.1041 0.1076 0.0987 0.2453 0.1328 0.0374 0.0305 0.0663 
          23  1 0.0839 0.0914 0.0330 0.0377 0.1205 0.0960 0.1586 0.1484 0.1093 0.1212 
          24  1 0.2332 0.0852 0.0561 0.0398 0.1041 0.0764 0.0898 0.0367 0.0484 0.2304 
          25  1 0.0596 0.2289 0.0428 0.0486 0.1977 0.1098 0.0536 0.0314 0.0838 0.1438 
          26  1 0.0455 0.0600 0.4112 0.0339 0.0734 0.0898 0.0757 0.0730 0.0830 0.0546 
          27  1 0.0680 0.1410 0.1565 0.1634 0.1027 0.0985 0.0624 0.0574 0.0502 0.0998 
          28  1 0.1087 0.0791 0.0297 0.0482 0.0723 0.0707 0.0614 0.1415 0.2156 0.1729 
          29  1 0.1479 0.1442 0.1044 0.0302 0.1596 0.1168 0.1196 0.0622 0.0542 0.0607 
          30  1 0.1653 0.1482 0.0730 0.0508 0.1436 0.1167 0.1093 0.0321 0.0739 0.0871 
          31  1 0.1164 0.0992 0.0669 0.0707 0.1076 0.0975 0.1471 0.0325 0.1527 0.1094 
          32  1 0.0419 0.0367 0.0329 0.0279 0.0341 0.0375 0.0292 0.6992 0.0241 0.0364 
          33  1 0.0891 0.0583 0.0372 0.0476 0.0595 0.0616 0.0779 0.4374 0.0883 0.0430 
          34  1 0.1824 0.0935 0.0706 0.0294 0.0910 0.1070 0.1484 0.0778 0.1399 0.0600 
          35  1 0.2061 0.0896 0.0614 0.0423 0.1446 0.0704 0.1297 0.1767 0.0422 0.0370 
          36  1 0.0559 0.0949 0.2505 0.1192 0.0690 0.0758 0.0445 0.1658 0.0610 0.0635 
          37  1 0.1078 0.1152 0.0995 0.0482 0.1170 0.1286 0.1143 0.1095 0.0633 0.0967 
          38  1 0.0507 0.0589 0.2375 0.0765 0.0570 0.2414 0.0789 0.0939 0.0513 0.0539 
          39  1 0.1324 0.0778 0.0411 0.0252 0.1392 0.0676 0.0582 0.0512 0.3222 0.0851 
          40  1 0.0316 0.0678 0.0620 0.1759 0.0680 0.3577 0.0646 0.0571 0.0694 0.0460 
          41  1 0.2117 0.0821 0.0275 0.0237 0.1532 0.0546 0.0710 0.0352 0.0386 0.3024 
          42  1 0.0654 0.0969 0.0266 0.1703 0.0808 0.0717 0.0716 0.2478 0.0846 0.0844 
          43  1 0.0946 0.0846 0.2490 0.0233 0.1246 0.1051 0.0845 0.0198 0.1562 0.0582 
          44  1 0.1068 0.0966 0.1117 0.1118 0.1167 0.1310 0.1088 0.0565 0.0508 0.1094 
          45  1 0.0767 0.1129 0.0710 0.0292 0.1346 0.1067 0.1787 0.0758 0.1088 0.1057 
          46  1 0.0612 0.0969 0.0293 0.1926 0.1073 0.1237 0.0572 0.1108 0.1351 0.0858 
          47  1 0.1130 0.1855 0.0373 0.0702 0.1468 0.1202 0.1203 0.0247 0.0937 0.0884 
          48  1 0.0284 0.0827 0.0563 0.0282 0.0419 0.0423 0.0822 0.5463 0.0380 0.0536 
          49  1 0.1107 0.1015 0.2983 0.1268 0.0812 0.0775 0.0880 0.0243 0.0262 0.0655 
          50  1 0.0726 0.0927 0.1578 0.1732 0.0929 0.1219 0.1007 0.0610 0.0572 0.0699 
          51  1 0.2358 0.1750 0.0250 0.0246 0.0983 0.0672 0.2144 0.0297 0.0523 0.0778 
          52  1 0.1680 0.0778 0.0354 0.1213 0.1157 0.0565 0.0745 0.0283 0.0308 0.2917 
          53  1 0.0821 0.0863 0.0983 0.0857 0.0947 0.2089 0.1140 0.0435 0.1065 0.0802 
          54  1 0.1302 0.0798 0.1405 0.0533 0.0812 0.0967 0.0813 0.0767 0.1871 0.0732 
          55  1 0.0485 0.1737 0.0819 0.0464 0.1306 0.0921 0.0743 0.1007 0.1126 0.1392 
          56  1 0.0403 0.0716 0.0478 0.0452 0.0592 0.0712 0.0985 0.3966 0.0975 0.0721 
          57  1 0.1189 0.0954 0.0486 0.0735 0.1165 0.1572 0.1261 0.0710 0.0472 0.1456 
          58  1 0.0208 0.0285 0.0201 0.0137 0.0244 0.0319 0.0272 0.7875 0.0212 0.0248 
          59  1 0.0484 0.1588 0.0448 0.1339 0.1138 0.1005 0.1090 0.0576 0.1225 0.1105 
          60  1 0.1633 0.1396 0.0335 0.1061 0.1044 0.0946 0.1842 0.0636 0.0335 0.0771 
          61  1 0.0865 0.0794 0.0609 0.2876 0.1266 0.1243 0.0995 0.0393 0.0469 0.0490 
          62  1 0.1459 0.0758 0.0291 0.0608 0.1081 0.1024 0.0532 0.1071 0.0608 0.2568 
          63  1 0.0656 0.0656 0.0905 0.2746 0.0841 0.0984 0.0842 0.0504 0.0961 0.0905 
          64  1 0.1178 0.0683 0.0645 0.0542 0.0862 0.1368 0.0776 0.0266 0.2094 0.1586 
          65  1 0.0572 0.1046 0.1645 0.0702 0.1325 0.1466 0.0633 0.0397 0.1418 0.0795 
          66  1 0.1546 0.1228 0.0809 0.0489 0.1347 0.0892 0.0977 0.0373 0.1487 0.0851 
          67  1 0.2437 0.0864 0.0262 0.0296 0.0922 0.0511 0.0912 0.0164 0.0653 0.2979 
          68  1 0.0536 0.1674 0.1832 0.2101 0.1001 0.0596 0.0461 0.0309 0.0368 0.1122 
          69  1 0.0381 0.1413 0.0208 0.0526 0.1352 0.0839 0.3135 0.0222 0.0273 0.1652 
          70  1 0.0733 0.0777 0.1433 0.0681 0.0660 0.0991 0.0722 0.2591 0.0311 0.1101 
          71  1 0.1870 0.0826 0.0261 0.0359 0.1008 0.0919 0.0799 0.0656 0.1249 0.2054 
          72  1 0.2087 0.0952 0.0422 0.0317 0.0911 0.0694 0.0943 0.0342 0.0445 0.2889 
          73  1 0.0993 0.1391 0.0798 0.0271 0.1675 0.1008 0.0910 0.1094 0.1020 0.0838 
          74  1 0.1199 0.1122 0.0630 0.2006 0.0877 0.1350 0.1248 0.0385 0.0362 0.0821 
          75  1 0.2020 0.1139 0.0749 0.0517 0.1623 0.0748 0.1345 0.0512 0.0356 0.0992 
          76  1 0.0485 0.0805 0.0437 0.0679 0.0796 0.0684 0.0506 0.0185 0.4824 0.0598 
          77  1 0.0957 0.2144 0.0346 0.0300 0.1915 0.0614 0.0651 0.0570 0.0889 0.1614 
          78  1 0.0490 0.0536 0.0900 0.0360 0.1276 0.0963 0.0607 0.0272 0.4098 0.0496 
          79  1 0.1436 0.0719 0.0393 0.0220 0.0608 0.0499 0.0724 0.3210 0.0565 0.1625 
          80  1 0.1229 0.0770 0.0582 0.1909 0.1093 0.0995 0.0796 0.0648 0.0787 0.1191 
          81  1 0.2203 0.0481 0.0366 0.0696 0.1274 0.0374 0.0259 0.0234 0.0309 0.3804 
          82  1 0.1169 0.0752 0.0269 0.0574 0.0744 0.1133 0.1158 0.2467 0.0830 0.0904 
          83  1 0.0207 0.0180 0.0181 0.8345 0.0195 0.0188 0.0191 0.0169 0.0154 0.0191 
          84  1 0.0734 0.0899 0.0723 0.2551 0.1047 0.1222 0.0711 0.0576 0.0700 0.0836 
          85  1 0.0882 0.1321 0.0524 0.0535 0.1170 0.1152 0.1380 0.0596 0.1104 0.1336 
          86  1 0.0743 0.0718 0.0235 0.0816 0.1047 0.0990 0.0726 0.0996 0.3027 0.0703 
          87  1 0.1598 0.0863 0.0267 0.0523 0.1287 0.0645 0.0609 0.0165 0.1369 0.2673 
          88  1 0.0644 0.0978 0.0807 0.0299 0.0978 0.0899 0.0831 0.0875 0.2850 0.0838 
          89  1 0.1205 0.0956 0.1129 0.1555 0.0757 0.1610 0.1014 0.0517 0.0709 0.0548 
          90  1 0.0312 0.1436 0.0207 0.1183 0.1246 0.0511 0.2827 0.0648 0.0289 0.1342 
          91  1 0.0626 0.0720 0.0948 0.0770 0.0688 0.1005 0.0810 0.0912 0.2921 0.0599 
          92  1 0.0916 0.0756 0.0253 0.0923 0.0909 0.0744 0.0787 0.2803 0.0313 0.1596 
          93  1 0.1038 0.0699 0.0764 0.1130 0.1387 0.0858 0.0806 0.0334 0.1673 0.1312 
          94  1 0.1243 0.1665 0.0579 0.0369 0.1317 0.1508 0.1299 0.0205 0.0907 0.0907 
          95  1 0.0244 0.1528 0.0247 0.0185 0.1535 0.0340 0.3700 0.0280 0.0200 0.1742 
          96  1 0.1858 0.1162 0.0651 0.0461 0.1399 0.0904 0.1286 0.0763 0.0698 0.0818 
          97  1 0.1712 0.0765 0.0553 0.0585 0.0936 0.0707 0.0512 0.0479 0.0792 0.2959 
          98  1 0.1218 0.1169 0.0620 0.1486 0.1464 0.1064 0.0869 0.0419 0.0570 0.1121 
          99  1 0.1796 0.0838 0.0334 0.0668 0.1143 0.0778 0.0642 0.0405 0.0573 0.2823 
         100  1 0.1034 0.1089 0.1520 0.0633 0.0869 0.0832 0.1396 0.0781 0.0582 0.1263 
         101  1 0.0860 0.1044 0.0990 0.1454 0.0779 0.1201 0.1402 0.0356 0.0968 0.0945 
         102  1 0.0346 0.0350 0.1616 0.1069 0.0348 0.0522 0.0299 0.4641 0.0510 0.0299 
         103  1 0.0977 0.1212 0.1426 0.0536 0.1135 0.0872 0.1238 0.1315 0.0502 0.0788 
         104  1 0.0856 0.0966 0.0508 0.0485 0.2017 0.0782 0.0754 0.0460 0.1991 0.1181 
         105  1 0.1210 0.1177 0.1278 0.0581 0.1034 0.1094 0.1147 0.0533 0.0785 0.1161 
         106  1 0.1491 0.1203 0.0564 0.0714 0.1045 0.1830 0.0874 0.0551 0.0545 0.1184 
         107  1 0.0749 0.0776 0.0397 0.0934 0.0917 0.2369 0.0958 0.1029 0.0603 0.1268 
         108  1 0.0857 0.1129 0.0410 0.0717 0.1305 0.1069 0.1615 0.0546 0.0501 0.1851 
         109  1 0.1057 0.1648 0.0767 0.1380 0.1626 0.0811 0.1005 0.0362 0.0506 0.0838 
         110  1 0.1555 0.1059 0.3106 0.0249 0.0867 0.0653 0.1124 0.0558 0.0412 0.0419 
         111  1 0.0406 0.0507 0.2295 0.1005 0.0660 0.1839 0.0671 0.1647 0.0552 0.0417 
         112  1 0.0739 0.0802 0.2789 0.0492 0.0779 0.1010 0.0799 0.1225 0.0926 0.0440 
         113  1 0.0697 0.0849 0.0339 0.0292 0.1386 0.1671 0.0786 0.0601 0.2338 0.1041 
         114  1 0.0267 0.0516 0.5451 0.0960 0.0450 0.0626 0.0407 0.0333 0.0600 0.0390 
         115  1 0.0522 0.1081 0.0431 0.0858 0.1303 0.0898 0.2390 0.0493 0.0770 0.1254 
         116  1 0.0432 0.1002 0.0624 0.1449 0.0838 0.1289 0.1443 0.1750 0.0437 0.0736 
         117  1 0.0500 0.0812 0.0553 0.0290 0.0687 0.0777 0.0880 0.4283 0.0478 0.0740 
         118  1 0.1477 0.0733 0.3334 0.0526 0.1000 0.0636 0.0752 0.0377 0.0554 0.0612 
         119  1 0.0421 0.1491 0.1904 0.0405 0.1028 0.0781 0.0928 0.1302 0.0693 0.1048 
         120  1 0.1007 0.2207 0.0465 0.0218 0.1389 0.0595 0.0649 0.1447 0.0515 0.1509 
         121  1 0.1199 0.1104 0.0948 0.1944 0.0952 0.1076 0.1236 0.0309 0.0397 0.0835 
         122  1 0.2318 0.0600 0.0308 0.0640 0.1108 0.0544 0.0557 0.0197 0.0654 0.3075 
         123  1 0.0561 0.0897 0.0426 0.0273 0.0531 0.0563 0.0883 0.4733 0.0313 0.0820 
         124  1 0.0672 0.0844 0.0586 0.0711 0.1051 0.1193 0.1684 0.0288 0.1649 0.1322 
         125  1 0.0675 0.1288 0.0303 0.0426 0.1218 0.0888 0.1125 0.2204 0.0460 0.1413 
         126  1 0.0619 0.1552 0.0422 0.0570 0.0966 0.2025 0.1122 0.0527 0.1182 0.1015 
         127  1 0.0752 0.0519 0.0317 0.0245 0.0517 0.0541 0.0662 0.1488 0.4172 0.0787 
         128  1 0.0373 0.0523 0.0216 0.0478 0.0564 0.0575 0.0531 0.5680 0.0619 0.0442 
         129  1 0.1680 0.0930 0.0374 0.0537 0.0999 0.0614 0.0922 0.0414 0.0775 0.2755 
         130  1 0.2870 0.1686 0.0215 0.0207 0.1059 0.0646 0.1874 0.0313 0.0519 0.0610 
         131  1 0.0910 0.1168 0.0371 0.0516 0.1403 0.1677 0.0871 0.0295 0.1193 0.1596 
         132  1 0.0346 0.0491 0.0277 0.0266 0.0484 0.0436 0.0396 0.6131 0.0725 0.0448 
         133  1 0.1187 0.0838 0.2637 0.0254 0.0848 0.1136 0.0806 0.1126 0.0749 0.0418 
         134  1 0.0660 0.2302 0.0791 0.0777 0.1368 0.0901 0.0513 0.0552 0.0534 0.1602 
         135  1 0.3706 0.1157 0.0581 0.0195 0.1271 0.0603 0.1510 0.0315 0.0302 0.0362 
         136  1 0.0634 0.1732 0.0646 0.1700 0.1208 0.0858 0.0483 0.0628 0.1019 0.1092 
         137  1 0.0296 0.0382 0.0263 0.0493 0.0380 0.0563 0.0305 0.0460 0.6503 0.0356 
         138  1 0.0490 0.0721 0.1331 0.0555 0.0773 0.1601 0.0826 0.0883 0.2252 0.0569 
         139  1 0.1577 0.0786 0.0646 0.0221 0.0895 0.0861 0.1559 0.0921 0.1841 0.0693 
         140  1 0.1080 0.0572 0.0438 0.2338 0.0970 0.0868 0.0601 0.0275 0.1124 0.1734 
         141  1 0.0624 0.0590 0.4337 0.0261 0.0488 0.0738 0.0585 0.0805 0.1040 0.0532 
         142  1 0.0321 0.0493 0.0363 0.0500 0.0443 0.0519 0.0492 0.5943 0.0539 0.0387 
         143  1 0.1368 0.0700 0.0428 0.0852 0.1246 0.1849 0.0457 0.0338 0.0411 0.2350 
         144  1 0.0782 0.0921 0.0892 0.2182 0.0872 0.1128 0.0748 0.0440 0.1380 0.0654 
         145  1 0.0321 0.0994 0.3535 0.0303 0.1116 0.0787 0.1323 0.0424 0.0489 0.0708 
         146  1 0.1281 0.1642 0.0481 0.0753 0.1178 0.1283 0.1198 0.0289 0.0850 0.1045 
         147  1 0.0694 0.1564 0.0891 0.2316 0.1060 0.0889 0.0601 0.0504 0.0440 0.1042 
         148  1 0.1109 0.1216 0.1039 0.1384 0.0996 0.0923 0.1375 0.0482 0.0783 0.0694 
         149  1 0.0669 0.1167 0.0583 0.0421 0.0978 0.0927 0.0727 0.2100 0.1408 0.1020 
         150  1 0.2317 0.1151 0.1230 0.0292 0.1285 0.0752 0.1436 0.0286 0.0501 0.0752 
         151  1 0.1831 0.1003 0.1221 0.0803 0.0995 0.0997 0.0727 0.0660 0.0314 0.1447 
         152  1 0.0742 0.0858 0.0679 0.1083 0.0842 0.2243 0.0896 0.0328 0.1521 0.0807 
         153  1 0.1403 0.1249 0.0756 0.2070 0.1285 0.0743 0.0805 0.0423 0.0368 0.0897 
         154  1 0.1100 0.1080 0.0407 0.0846 0.0979 0.1395 0.1181 0.0823 0.1217 0.0972 
         155  1 0.0330 0.1110 0.0724 0.0566 0.0585 0.0663 0.0941 0.3777 0.0514 0.0791 
         156  1 0.1449 0.1946 0.0338 0.0502 0.0919 0.0629 0.2201 0.0534 0.0352 0.1130 
         157  1 0.0509 0.1097 0.0832 0.0480 0.1238 0.2199 0.0956 0.0525 0.1127 0.1037 
         158  1 0.0249 0.0415 0.0313 0.0203 0.0453 0.0429 0.0446 0.0225 0.6801 0.0464 
         159  1 0.1375 0.0867 0.0692 0.0435 0.1013 0.0941 0.1174 0.1985 0.0502 0.1016 
         160  1 0.0573 0.0892 0.0315 0.0396 0.0962 0.1556 0.1315 0.1210 0.2007 0.0773 
         161  1 0.1221 0.0891 0.0447 0.0214 0.0769 0.2985 0.0899 0.1649 0.0459 0.0466 
         162  1 0.1683 0.1963 0.0870 0.0269 0.1673 0.0689 0.0893 0.0389 0.0463 0.1108 
         163  1 0.0930 0.0999 0.2330 0.0489 0.1058 0.1215 0.0983 0.0773 0.0400 0.0824 
         164  1 0.0285 0.0899 0.0181 0.0980 0.0497 0.0417 0.0839 0.4565 0.0779 0.0558 
         165  1 0.0558 0.0842 0.0597 0.0841 0.0893 0.1018 0.0733 0.0409 0.3455 0.0654 
         166  1 0.0944 0.0859 0.0613 0.0539 0.0747 0.2592 0.0958 0.0941 0.0590 0.1217 
         167  1 0.0259 0.0401 0.0303 0.0147 0.0317 0.0330 0.0425 0.7305 0.0221 0.0291 
         168  1 0.1523 0.1634 0.0723 0.0405 0.1429 0.0948 0.0931 0.0568 0.0471 0.1370 
         169  1 0.0974 0.0755 0.2777 0.0311 0.0709 0.1439 0.0436 0.0692 0.0336 0.1572 
         170  1 0.3742 0.0717 0.0773 0.0384 0.1016 0.0512 0.1385 0.0220 0.0426 0.0825 
         171  1 0.1596 0.0953 0.0388 0.1092 0.1312 0.0941 0.1484 0.0932 0.0444 0.0858 
         172  1 0.0822 0.0586 0.4589 0.0614 0.0642 0.0590 0.0763 0.0252 0.0636 0.0505 
         173  1 0.1017 0.2231 0.0596 0.0219 0.1418 0.0650 0.0618 0.0764 0.0514 0.1972 
         174  1 0.0617 0.1945 0.1100 0.1007 0.1175 0.1104 0.0446 0.0344 0.0875 0.1388 
         175  1 0.1592 0.0946 0.0527 0.0429 0.1178 0.1467 0.0898 0.0354 0.1394 0.1216 
         176  1 0.3544 0.1085 0.0391 0.0411 0.1508 0.0491 0.1528 0.0275 0.0441 0.0328 
         177  1 0.0755 0.0575 0.0202 0.3006 0.0879 0.0519 0.0691 0.0287 0.2275 0.0812 
         178  1 0.0789 0.0730 0.0677 0.0455 0.0985 0.1162 0.0785 0.0368 0.2840 0.1208 
         179  1 0.0606 0.1085 0.1086 0.0454 0.1088 0.1190 0.0884 0.0964 0.1635 0.1007 
         180  1 0.1326 0.1490 0.0714 0.0753 0.1209 0.0784 0.1558 0.0292 0.0646 0.1227 
         181  1 0.0869 0.1194 0.0509 0.0313 0.1324 0.0965 0.1811 0.1481 0.0561 0.0972 
         182  1 0.0151 0.0201 0.0136 0.8430 0.0180 0.0164 0.0201 0.0177 0.0169 0.0192 
         183  1 0.1308 0.1720 0.0922 0.0292 0.0983 0.1881 0.1551 0.0447 0.0340 0.0557 
         184  1 0.1236 0.1603 0.0780 0.0829 0.1299 0.0956 0.1244 0.0455 0.0492 0.1107 
         185  1 0.0859 0.1346 0.0869 0.0369 0.1364 0.1620 0.1209 0.1068 0.0365 0.0931 
         186  1 0.1041 0.1266 0.0875 0.0915 0.1118 0.1295 0.1412 0.1036 0.0369 0.0673 
         187  1 0.1409 0.0841 0.2117 0.0325 0.0837 0.0925 0.1040 0.0542 0.1512 0.0452 
         188  1 0.0389 0.1100 0.1409 0.0601 0.0660 0.0830 0.0869 0.2888 0.0492 0.0762 
         189  1 0.0462 0.1381 0.1747 0.0767 0.1011 0.0930 0.1947 0.0301 0.0361 0.1094 
         190  1 0.1331 0.0955 0.1940 0.0433 0.0903 0.0700 0.0695 0.0597 0.0844 0.1602 
         191  1 0.0852 0.1435 0.0702 0.0295 0.1165 0.1753 0.0893 0.0712 0.1040 0.1154 
         192  1 0.0832 0.2053 0.0306 0.0978 0.1504 0.0830 0.0739 0.0372 0.0321 0.2066 
         193  1 0.0873 0.1690 0.1595 0.0484 0.1263 0.1080 0.0740 0.0393 0.0807 0.1076 
         194  1 0.1096 0.1098 0.0353 0.0402 0.1739 0.0908 0.0928 0.2430 0.0439 0.0607 
         195  1 0.1352 0.0765 0.0478 0.0373 0.1550 0.0734 0.0591 0.0231 0.1117 0.2810 
         196  1 0.0488 0.0502 0.4077 0.0493 0.0619 0.1373 0.0612 0.0533 0.0827 0.0475 
         197  1 0.0439 0.0567 0.0413 0.1088 0.0529 0.0581 0.0507 0.5126 0.0308 0.0441 
         198  1 0.0602 0.0830 0.5078 0.0232 0.0509 0.0638 0.0581 0.0510 0.0254 0.0766 
         199  1 0.0366 0.0644 0.0207 0.5172 0.0624 0.0587 0.0738 0.0467 0.0662 0.0534 
         200  1 0.0687 0.1292 0.1527 0.0249 0.0835 0.1123 0.1364 0.1321 0.0531 0.1072 
         201  1 0.0964 0.0687 0.0292 0.2050 0.1180 0.0659 0.0895 0.0252 0.2219 0.0801 
         202  1 0.1259 0.1134 0.0598 0.1463 0.1173 0.1293 0.1037 0.0674 0.0625 0.0744 
         203  1 0.0971 0.2287 0.0303 0.0473 0.1360 0.0789 0.1009 0.0436 0.0476 0.1895 
         204  1 0.1295 0.0971 0.1530 0.1339 0.1002 0.0881 0.1179 0.0232 0.0745 0.0826 
         205  1 0.0783 0.0696 0.0822 0.1746 0.1022 0.1241 0.0651 0.0754 0.1420 0.0866 
         206  1 0.1115 0.1039 0.0367 0.0534 0.0692 0.0861 0.1448 0.0402 0.1976 0.1565 
         207  1 0.0701 0.2489 0.0480 0.0673 0.1410 0.1056 0.0557 0.0337 0.0447 0.1851 
         208  1 0.1378 0.1135 0.0816 0.0961 0.1276 0.1037 0.1461 0.0270 0.0898 0.0768 
         209  1 0.1298 0.0919 0.0268 0.0282 0.0939 0.1393 0.1208 0.0497 0.1987 0.1210 
         210  1 0.2451 0.1308 0.0322 0.0353 0.1386 0.0885 0.1470 0.0529 0.0498 0.0799 
         211  1 0.0785 0.0680 0.0379 0.0544 0.2056 0.0839 0.0690 0.0209 0.2755 0.1062 
         212  1 0.0328 0.0501 0.6304 0.0336 0.0425 0.0531 0.0332 0.0574 0.0283 0.0384 
         213  1 0.0723 0.0950 0.1309 0.0422 0.1192 0.1052 0.0812 0.1390 0.1080 0.1071 
         214  1 0.1812 0.0861 0.0421 0.0576 0.0760 0.1321 0.0856 0.0383 0.0568 0.2442 
         215  1 0.0529 0.1064 0.1762 0.0757 0.0939 0.1120 0.1264 0.1267 0.0664 0.0635 
         216  1 0.0824 0.0843 0.1044 0.0244 0.1291 0.0818 0.0888 0.0416 0.1951 0.1681 
         217  1 0.0454 0.0809 0.2321 0.0290 0.0724 0.1205 0.0443 0.1200 0.1981 0.0572 
         218  1 0.0441 0.0922 0.0755 0.0243 0.0788 0.0699 0.1336 0.3367 0.0439 0.1011 
         219  1 0.1794 0.1030 0.1142 0.0762 0.1386 0.0740 0.1602 0.0450 0.0465 0.0628 
         220  1 0.0723 0.1522 0.0491 0.0567 0.1503 0.1621 0.0924 0.0341 0.1252 0.1055 
         221  1 0.0369 0.0508 0.0380 0.6169 0.0414 0.0416 0.0632 0.0324 0.0294 0.0493 
         222  1 0.0679 0.1681 0.0870 0.0238 0.1388 0.1199 0.1204 0.0458 0.0727 0.1555 
         223  1 0.0750 0.0719 0.0929 0.0795 0.0849 0.1804 0.0989 0.0725 0.1728 0.0713 
         224  1 0.2155 0.0862 0.0308 0.1183 0.0873 0.0948 0.1135 0.0245 0.1082 0.1211 
         225  1 0.1208 0.0701 0.0248 0.0465 0.1139 0.1859 0.0790 0.0214 0.1951 0.1426 
         226  1 0.2122 0.0853 0.0579 0.0308 0.1437 0.0783 0.1264 0.0809 0.1412 0.0434 
         227  1 0.1050 0.0893 0.0549 0.0360 0.1128 0.0840 0.0819 0.0486 0.1919 0.1957 
         228  1 0.0829 0.0898 0.1002 0.0543 0.1056 0.0976 0.0932 0.0800 0.2279 0.0685 
         229  1 0.0467 0.0977 0.1020 0.1632 0.0814 0.1213 0.0997 0.1273 0.0963 0.0643 
         230  1 0.0628 0.0490 0.6344 0.0312 0.0455 0.0418 0.0460 0.0287 0.0261 0.0346 
         231  1 0.1520 0.0616 0.0305 0.0449 0.1736 0.0747 0.0831 0.0489 0.2890 0.0417 
         232  1 0.0396 0.0687 0.0245 0.2708 0.1081 0.0706 0.0857 0.0494 0.1924 0.0901 
         233  1 0.0404 0.0490 0.5960 0.0197 0.0614 0.0600 0.0364 0.0365 0.0612 0.0393 
         234  1 0.0777 0.1075 0.0462 0.0376 0.1253 0.1286 0.1132 0.0557 0.2162 0.0920 
         235  1 0.1856 0.1326 0.0462 0.1021 0.1253 0.1043 0.1511 0.0416 0.0443 0.0668 
         236  1 0.0265 0.0613 0.4231 0.0617 0.0570 0.0549 0.0677 0.1509 0.0484 0.0485 
         237  1 0.0676 0.0772 0.0377 0.1242 0.0806 0.0991 0.0515 0.0577 0.3124 0.0920 
         238  1 0.0762 0.0894 0.1211 0.0534 0.0902 0.2592 0.1331 0.0564 0.0546 0.0665 
         239  1 0.1202 0.0773 0.2524 0.0678 0.0940 0.0726 0.0880 0.0666 0.0734 0.0878 
         240  1 0.1175 0.1000 0.0578 0.0950 0.1658 0.1082 0.0982 0.1006 0.0895 0.0674 
         241  1 0.1851 0.0573 0.0806 0.0646 0.1091 0.0919 0.1067 0.0251 0.1319 0.1476 
         242  1 0.0926 0.0846 0.1065 0.2327 0.0632 0.1123 0.1052 0.0646 0.0378 0.1005 
         243  1 0.0862 0.1134 0.0490 0.0612 0.0831 0.0895 0.0975 0.2559 0.0378 0.1264 
         244  1 0.0380 0.0526 0.0384 0.1826 0.0836 0.0748 0.0884 0.0239 0.3649 0.0529 
         245  1 0.1593 0.1011 0.0609 0.0442 0.1016 0.0705 0.1162 0.2167 0.0557 0.0739 
         246  1 0.0556 0.1096 0.2663 0.0541 0.0836 0.0752 0.0955 0.1282 0.0413 0.0907 
         247  1 0.0587 0.0633 0.2529 0.0323 0.0930 0.0613 0.0541 0.0260 0.2732 0.0851 
         248  1 0.0503 0.0806 0.0653 0.0242 0.0590 0.0522 0.0392 0.0245 0.5552 0.0496 
         249  1 0.2104 0.1310 0.0709 0.0474 0.0938 0.1202 0.1504 0.0378 0.0526 0.0855 
         250  1 0.0437 0.0996 0.0951 0.0438 0.0729 0.0721 0.1230 0.3505 0.0315 0.0678 
         251  1 0.1855 0.0798 0.0433 0.0496 0.1406 0.1395 0.1239 0.0612 0.1129 0.0638 
         252  1 0.1875 0.0979 0.0191 0.0367 0.1223 0.0950 0.0738 0.0436 0.0656 0.2586 
         253  1 0.0983 0.0954 0.0369 0.0672 0.0791 0.0880 0.1167 0.2073 0.0641 0.1469 
         254  1 0.0666 0.0873 0.3699 0.0219 0.0601 0.0956 0.0946 0.0877 0.0640 0.0522 
         255  1 0.0561 0.0649 0.0492 0.4833 0.0620 0.0553 0.0829 0.0394 0.0492 0.0576 
         256  1 0.0495 0.1225 0.0305 0.0356 0.1310 0.1303 0.1830 0.0934 0.0946 0.1295 
         257  1 0.2532 0.0850 0.0530 0.0200 0.0854 0.0621 0.1239 0.0543 0.0487 0.2144 
         258  1 0.0723 0.1255 0.0538 0.1116 0.1169 0.0804 0.2070 0.0569 0.0630 0.1127 
         259  1 0.1014 0.0678 0.2509 0.0406 0.0782 0.0868 0.0865 0.0345 0.1061 0.1471 
         260  1 0.1493 0.1064 0.0434 0.0978 0.1025 0.0724 0.1193 0.0440 0.1290 0.1359 
         261  1 0.1154 0.0747 0.0963 0.0243 0.0838 0.0876 0.0789 0.0361 0.3428 0.0601 
         262  1 0.1229 0.1063 0.0458 0.1201 0.1383 0.1017 0.1422 0.0556 0.0950 0.0721 
         263  1 0.0682 0.1471 0.0487 0.0351 0.1253 0.0729 0.2668 0.0229 0.0783 0.1347 
         264  1 0.0544 0.0451 0.1669 0.2721 0.0638 0.0723 0.0513 0.0517 0.1666 0.0558 
         265  1 0.0612 0.1099 0.0401 0.1133 0.1161 0.1824 0.1430 0.0256 0.1310 0.0773 
         266  1 0.1497 0.0966 0.0229 0.0295 0.0884 0.1240 0.1362 0.2333 0.0548 0.0645 
         267  1 0.0694 0.0760 0.0522 0.3300 0.0825 0.1636 0.1017 0.0210 0.0338 0.0697 
         268  1 0.0488 0.0351 0.6521 0.0205 0.0343 0.0524 0.0320 0.0335 0.0415 0.0497 
         269  1 0.1848 0.1229 0.0580 0.1293 0.1132 0.0616 0.1245 0.0345 0.0631 0.1082 
         270  1 0.1246 0.1326 0.1091 0.1109 0.1035 0.1220 0.1219 0.0219 0.0788 0.0747 
         271  1 0.0805 0.0931 0.0677 0.0682 0.1075 0.1666 0.0718 0.1224 0.1301 0.0922 
         272  1 0.0925 0.0565 0.3610 0.0312 0.0746 0.0681 0.0537 0.0257 0.1257 0.1111 
         273  1 0.0588 0.0546 0.1490 0.1953 0.0740 0.1259 0.0720 0.0632 0.1453 0.0619 
         274  1 0.0713 0.0529 0.5862 0.0399 0.0581 0.0463 0.0581 0.0223 0.0355 0.0295 
         275  1 0.1589 0.0750 0.0807 0.2233 0.1338 0.0683 0.0854 0.0407 0.0881 0.0458 
         276  1 0.0578 0.0909 0.0287 0.0463 0.0854 0.0844 0.0941 0.2151 0.1812 0.1161 
         277  1 0.0443 0.0378 0.0277 0.7201 0.0317 0.0283 0.0360 0.0234 0.0204 0.0303 
         278  1 0.1326 0.0624 0.0576 0.2591 0.1113 0.0674 0.0652 0.0191 0.0660 0.1594 
         279  1 0.0527 0.1304 0.0781 0.1521 0.1112 0.1129 0.1012 0.0906 0.0694 0.1013 
         280  1 0.0355 0.0829 0.3233 0.0541 0.0816 0.0710 0.0919 0.0573 0.1303 0.0721 
         281  1 0.1176 0.1162 0.0731 0.0643 0.0840 0.2920 0.0883 0.0340 0.0415 0.0890 
         282  1 0.2606 0.1133 0.0684 0.0275 0.0811 0.0620 0.2069 0.0353 0.0353 0.1095 
         283  1 0.0674 0.0900 0.0535 0.1601 0.0829 0.1064 0.0894 0.2102 0.0736 0.0664 
         284  1 0.0301 0.0441 0.0384 0.5968 0.0508 0.0493 0.0381 0.0402 0.0699 0.0423 
         285  1 0.0542 0.0517 0.0724 0.0334 0.0768 0.0909 0.0633 0.0483 0.4419 0.0671 
         286  1 0.0630 0.0905 0.1536 0.2065 0.0669 0.1374 0.1185 0.0289 0.0409 0.0937 
         287  1 0.0573 0.1235 0.1036 0.1010 0.0909 0.0782 0.1035 0.2120 0.0378 0.0923 
         288  1 0.0140 0.0151 0.0142 0.8628 0.0158 0.0152 0.0158 0.0142 0.0181 0.0148 
         289  1 0.1278 0.1094 0.1377 0.0423 0.1297 0.1111 0.0926 0.0836 0.0736 0.0922 
         290  1 0.0476 0.0920 0.1747 0.0246 0.1205 0.0542 0.0338 0.0237 0.3396 0.0893 
         291  1 0.0807 0.0672 0.0866 0.0269 0.0837 0.1644 0.1047 0.2913 0.0500 0.0445 
         292  1 0.1034 0.0843 0.0393 0.0961 0.0875 0.1674 0.1076 0.1390 0.0564 0.1189 
         293  1 0.1099 0.0729 0.4020 0.0303 0.0636 0.0743 0.0762 0.0797 0.0316 0.0595 
         294  1 0.1328 0.0922 0.0600 0.0806 0.1039 0.1215 0.1331 0.0342 0.1167 0.1251 
         295  1 0.0437 0.0819 0.0211 0.0154 0.0441 0.0429 0.0642 0.5875 0.0322 0.0671 
         296  1 0.0449 0.0640 0.0489 0.4870 0.0614 0.0552 0.0804 0.0484 0.0596 0.0502 
         297  1 0.1663 0.1085 0.0448 0.1411 0.1330 0.0954 0.1088 0.0366 0.1034 0.0622 
         298  1 0.1623 0.0850 0.0851 0.0167 0.0749 0.0699 0.0769 0.1135 0.0892 0.2265 
         299  1 0.0398 0.0426 0.0273 0.0232 0.0430 0.0413 0.0439 0.6533 0.0409 0.0446 
         300  1 0.1783 0.1480 0.0722 0.0778 0.1042 0.0927 0.1308 0.0687 0.0458 0.0816 
         301  1 0.1074 0.1100 0.0487 0.0830 0.1087 0.1155 0.1283 0.1666 0.0484 0.0835 
         302  1 0.0192 0.0408 0.0285 0.0199 0.0254 0.0296 0.0373 0.7531 0.0200 0.0263 
         303  1 0.0701 0.0816 0.2508 0.0330 0.0897 0.2335 0.0512 0.0256 0.0926 0.0719 
         304  1 0.1516 0.1058 0.1330 0.0351 0.0854 0.0861 0.0880 0.0532 0.0443 0.2174 
         305  1 0.0669 0.1542 0.0590 0.0370 0.1815 0.1069 0.1332 0.0300 0.1213 0.1100 
         306  1 0.0278 0.0592 0.0287 0.3732 0.0380 0.0458 0.0692 0.2893 0.0263 0.0426 
         307  1 0.1096 0.0848 0.1036 0.0650 0.0985 0.1296 0.0650 0.1136 0.1016 0.1287 
         308  1 0.0627 0.1697 0.0638 0.0636 0.1380 0.1167 0.1474 0.0435 0.0708 0.1238 
         309  1 0.1236 0.0698 0.0803 0.2260 0.0690 0.0944 0.0632 0.0504 0.0774 0.1459 
         310  1 0.0911 0.1508 0.0465 0.2513 0.0733 0.1134 0.1041 0.0504 0.0613 0.0577 
         311  1 0.0865 0.0745 0.0281 0.2522 0.0831 0.0830 0.0913 0.1597 0.0418 0.0998 
         312  1 0.1870 0.1025 0.0933 0.1524 0.1053 0.0851 0.1229 0.0435 0.0491 0.0587 
         313  1 0.0640 0.0678 0.0886 0.1410 0.0749 0.1031 0.0822 0.1774 0.1321 0.0689 
         314  1 0.0574 0.0817 0.0490 0.1674 0.0985 0.1416 0.1691 0.0524 0.0769 0.1061 
         315  1 0.0980 0.1003 0.0211 0.1224 0.1345 0.0953 0.1605 0.0569 0.1085 0.1025 
         316  1 0.0597 0.1218 0.0868 0.0397 0.1404 0.0724 0.2789 0.0431 0.0281 0.1291 
         317  1 0.1645 0.1505 0.0756 0.0856 0.1464 0.0673 0.1647 0.0213 0.0462 0.0778 
         318  1 0.3403 0.1368 0.0378 0.0266 0.1320 0.0539 0.1704 0.0330 0.0335 0.0357 
         319  1 0.0854 0.1687 0.0536 0.0456 0.1331 0.1343 0.0792 0.1212 0.0964 0.0825 
         320  1 0.0457 0.0881 0.0399 0.1109 0.0844 0.0621 0.0867 0.3098 0.0892 0.0832 
         321  1 0.1369 0.0796 0.1310 0.0526 0.0933 0.1164 0.1116 0.0280 0.2020 0.0485 
         322  1 0.0505 0.0649 0.1199 0.0645 0.0711 0.1313 0.0901 0.0422 0.2930 0.0724 
         323  1 0.0787 0.1703 0.0357 0.2565 0.1060 0.0534 0.0647 0.0967 0.0345 0.1035 
         324  1 0.1177 0.0958 0.0332 0.0305 0.1744 0.1479 0.1046 0.0301 0.1462 0.1196 
         325  1 0.0517 0.0511 0.5021 0.0388 0.0554 0.0661 0.0737 0.0488 0.0622 0.0502 
         326  1 0.0758 0.0904 0.0580 0.3549 0.1066 0.0699 0.0590 0.0279 0.0410 0.1165 
         327  1 0.1832 0.0864 0.1398 0.0342 0.1443 0.0802 0.0997 0.0584 0.0899 0.0841 
         328  1 0.1489 0.1250 0.0303 0.0299 0.1181 0.1144 0.2070 0.0301 0.0746 0.1216 
         329  1 0.1199 0.0832 0.0447 0.0668 0.0981 0.0899 0.0976 0.0439 0.2070 0.1488 
         330  1 0.0567 0.0595 0.0243 0.0252 0.0849 0.0558 0.0898 0.0196 0.4792 0.1050 
         331  1 0.1497 0.1304 0.0614 0.0753 0.1379 0.1322 0.0734 0.0578 0.0540 0.1278 
         332  1 0.2042 0.0945 0.1147 0.0370 0.1313 0.1206 0.0939 0.0358 0.0314 0.1366 
         333  1 0.1543 0.1133 0.0310 0.1222 0.1740 0.0801 0.1047 0.0433 0.0691 0.1079 
         334  1 0.1839 0.1523 0.0828 0.0775 0.0957 0.0929 0.1732 0.0292 0.0395 0.0729 
         335  1 0.1140 0.2213 0.0684 0.0694 0.1185 0.0718 0.0375 0.0547 0.0399 0.2045 
         336  1 0.0612 0.1194 0.0721 0.1292 0.1010 0.1045 0.0932 0.0490 0.1654 0.1051 
         337  1 0.1463 0.1061 0.1274 0.0855 0.1046 0.1100 0.1097 0.0650 0.0822 0.0632 
         338  1 0.1046 0.0949 0.0424 0.0598 0.0968 0.0771 0.1264 0.0462 0.1959 0.1560 
         339  1 0.0935 0.0757 0.0346 0.0318 0.0721 0.0871 0.0683 0.2119 0.2013 0.1238 
         340  1 0.0959 0.0811 0.2438 0.0511 0.1244 0.1048 0.0755 0.0369 0.1200 0.0668 
         341  1 0.0448 0.1554 0.1013 0.0584 0.0910 0.1449 0.0941 0.1886 0.0351 0.0864 
         342  1 0.2205 0.0881 0.0229 0.0173 0.1269 0.0422 0.0641 0.0264 0.0377 0.3537 
         343  1 0.1278 0.1146 0.0676 0.0741 0.1077 0.0441 0.2013 0.0204 0.0265 0.2159 
         344  1 0.2127 0.0935 0.2372 0.0519 0.0811 0.0637 0.0930 0.0281 0.0593 0.0796 
         345  1 0.1587 0.0789 0.0675 0.1965 0.0926 0.0862 0.0964 0.0457 0.0548 0.1227 
         346  1 0.0861 0.1318 0.0511 0.0413 0.1659 0.1241 0.1456 0.0671 0.0888 0.0981 
         347  1 0.0683 0.0539 0.0483 0.0252 0.0769 0.0876 0.0744 0.0376 0.4174 0.1106 
         348  1 0.0840 0.1797 0.0749 0.0389 0.1077 0.1181 0.1102 0.1270 0.0546 0.1050 
         349  1 0.0615 0.1020 0.0973 0.3657 0.0940 0.0794 0.0569 0.0403 0.0378 0.0652 
         350  1 0.1143 0.1061 0.0719 0.0368 0.1230 0.1463 0.0923 0.1236 0.0703 0.1155 
         351  1 0.0508 0.0943 0.2986 0.0685 0.0687 0.1066 0.0961 0.0962 0.0545 0.0658 
         352  1 0.0788 0.0832 0.2171 0.1192 0.0712 0.0922 0.0822 0.1042 0.0557 0.0963 
         353  1 0.0576 0.1023 0.0303 0.1076 0.1059 0.1000 0.0921 0.1250 0.2198 0.0594 
         354  1 0.1320 0.0774 0.0309 0.0662 0.0825 0.0730 0.1037 0.0423 0.2383 0.1536 
         355  1 0.0880 0.0919 0.0830 0.1645 0.0672 0.1249 0.0715 0.1442 0.0936 0.0713 
         356  1 0.1076 0.1094 0.0755 0.0500 0.0967 0.1042 0.1389 0.1385 0.0585 0.1206 
         357  1 0.0987 0.2555 0.0435 0.0385 0.1521 0.0736 0.0598 0.0487 0.0461 0.1834 
         358  1 0.0634 0.0662 0.1551 0.2445 0.0661 0.0944 0.0514 0.1019 0.0684 0.0887 
         359  1 0.0886 0.1074 0.0445 0.0476 0.0900 0.0933 0.1327 0.2308 0.0788 0.0862 
         360  1 0.0827 0.1251 0.2315 0.0547 0.1057 0.1033 0.1087 0.0689 0.0394 0.0800 
         361  1 0.0822 0.0978 0.0489 0.0437 0.0679 0.0727 0.0980 0.3256 0.0402 0.1229 
         362  1 0.1327 0.1018 0.0556 0.0809 0.0920 0.1199 0.1001 0.0895 0.1472 0.0804 
         363  1 0.1640 0.1202 0.1766 0.0416 0.1272 0.0923 0.1339 0.0327 0.0531 0.0583 
         364  1 0.2216 0.0708 0.0674 0.1229 0.1395 0.0758 0.1156 0.0398 0.0860 0.0606 
         365  1 0.1012 0.0926 0.1014 0.0499 0.0923 0.1015 0.1294 0.0831 0.1793 0.0693 
         366  1 0.0711 0.1995 0.1402 0.0436 0.1086 0.0646 0.0743 0.1020 0.0345 0.1613 
         367  1 0.0809 0.0878 0.0746 0.1117 0.0925 0.1559 0.1165 0.1207 0.0847 0.0747 
         368  1 0.0439 0.0340 0.0275 0.0163 0.0368 0.0345 0.0345 0.0495 0.6850 0.0380 
         369  1 0.0784 0.2225 0.0339 0.0910 0.1457 0.0776 0.0603 0.0478 0.0688 0.1740 
         370  1 0.0661 0.0890 0.0350 0.1943 0.0928 0.1066 0.0875 0.0862 0.1487 0.0939 
         371  1 0.0590 0.0961 0.0756 0.1932 0.0921 0.0742 0.0988 0.1703 0.0393 0.1014 
         372  1 0.0397 0.0474 0.0676 0.0429 0.0532 0.0571 0.0451 0.5645 0.0389 0.0437 
         373  1 0.1004 0.1069 0.0885 0.0863 0.0910 0.1422 0.0870 0.1406 0.0699 0.0871 
         374  1 0.0432 0.0378 0.3892 0.1582 0.0437 0.0782 0.0346 0.0535 0.1053 0.0563 
         375  1 0.0890 0.1000 0.1925 0.0651 0.0886 0.1212 0.1165 0.0455 0.0474 0.1341 
         376  1 0.0488 0.1100 0.1555 0.0689 0.1450 0.1148 0.1398 0.0355 0.0961 0.0857 
         377  1 0.0393 0.0791 0.0823 0.0221 0.1122 0.2738 0.0830 0.1092 0.1315 0.0677 
         378  1 0.0619 0.0940 0.0493 0.0370 0.0954 0.3627 0.0989 0.0711 0.0550 0.0746 
         379  1 0.0248 0.0334 0.0474 0.0251 0.0248 0.0319 0.0287 0.7369 0.0200 0.0270 
         380  1 0.0884 0.2325 0.0215 0.0260 0.1577 0.0946 0.0526 0.0545 0.0783 0.1939 
         381  1 0.0994 0.1002 0.0439 0.1088 0.1178 0.1259 0.1155 0.0774 0.1357 0.0754 
         382  1 0.1126 0.1111 0.0533 0.0876 0.1360 0.1148 0.0990 0.0922 0.0719 0.1214 
         383  1 0.0904 0.0884 0.0447 0.1429 0.1009 0.0937 0.1035 0.1158 0.1121 0.1078 
         384  1 0.0605 0.0535 0.1606 0.0196 0.0385 0.0632 0.0464 0.5006 0.0211 0.0359 
         385  1 0.3500 0.0716 0.0335 0.0415 0.1465 0.0746 0.1417 0.0239 0.0543 0.0624 
         386  1 0.0326 0.1058 0.0226 0.0192 0.0463 0.0467 0.0884 0.5235 0.0288 0.0860 
         387  1 0.0431 0.0615 0.0960 0.0243 0.0799 0.0948 0.0523 0.0381 0.4409 0.0691 
         388  1 0.0346 0.0662 0.1864 0.0231 0.0495 0.0795 0.0527 0.4253 0.0351 0.0474 
         389  1 0.0826 0.0915 0.0541 0.4253 0.0715 0.0639 0.0665 0.0363 0.0385 0.0698 
         390  1 0.1783 0.0828 0.0312 0.0253 0.1148 0.0601 0.0589 0.0362 0.0980 0.3145 
         391  1 0.0502 0.1076 0.0512 0.0205 0.1057 0.0765 0.1598 0.2506 0.0856 0.0924 
         392  1 0.1217 0.1147 0.0386 0.1266 0.1236 0.0736 0.0807 0.0506 0.0483 0.2217 
         393  1 0.0426 0.0717 0.3464 0.0167 0.0553 0.0540 0.0377 0.2729 0.0361 0.0666 
         394  1 0.2115 0.0662 0.0404 0.0346 0.1367 0.0430 0.0328 0.0157 0.0402 0.3789 
         395  1 0.1024 0.0775 0.1573 0.1520 0.0878 0.0958 0.0922 0.0649 0.0966 0.0736 
         396  1 0.3403 0.1146 0.0540 0.0402 0.1079 0.0711 0.1519 0.0302 0.0408 0.0490 
         397  1 0.2542 0.0844 0.0689 0.1514 0.1622 0.0507 0.1083 0.0221 0.0512 0.0465 
         398  1 0.1466 0.1037 0.0914 0.0206 0.1268 0.1086 0.1570 0.0519 0.0708 0.1227 
         399  1 0.0834 0.1067 0.1526 0.0361 0.0750 0.1199 0.1181 0.1390 0.0839 0.0853 
         400  1 0.0393 0.1187 0.0435 0.1236 0.0966 0.0708 0.1440 0.2245 0.0443 0.0947 
         401  1 0.1490 0.1035 0.0433 0.0198 0.1064 0.1010 0.1399 0.0889 0.1895 0.0587 
         402  1 0.2474 0.1261 0.0313 0.0679 0.1205 0.1081 0.1413 0.0443 0.0481 0.0650 
         403  1 0.1419 0.1270 0.0384 0.2329 0.0738 0.0867 0.1320 0.0342 0.0494 0.0837 
         404  1 0.1114 0.1447 0.0345 0.0540 0.0971 0.0877 0.2197 0.0334 0.0702 0.1474 
         405  1 0.0567 0.0354 0.6054 0.0329 0.0527 0.0487 0.0347 0.0220 0.0361 0.0754 
         406  1 0.1046 0.0852 0.0474 0.0974 0.0611 0.2779 0.0665 0.0804 0.0685 0.1110 
         407  1 0.0284 0.0530 0.4479 0.0409 0.0438 0.0594 0.0405 0.2087 0.0316 0.0457 
         408  1 0.0901 0.1542 0.0949 0.0309 0.1854 0.1389 0.1233 0.0327 0.0536 0.0961 
         409  1 0.0771 0.1092 0.0750 0.0341 0.1533 0.1078 0.1906 0.0417 0.1091 0.1020 
         410  1 0.0823 0.1106 0.1343 0.0714 0.1392 0.1192 0.1174 0.0532 0.0574 0.1151 
         411  1 0.0992 0.1367 0.0690 0.0778 0.1970 0.0737 0.0861 0.0182 0.1606 0.0817 
         412  1 0.0738 0.0542 0.1799 0.0149 0.0583 0.2365 0.0801 0.0620 0.1674 0.0730 
         413  1 0.1662 0.1407 0.0270 0.2129 0.0973 0.0570 0.1601 0.0168 0.0456 0.0764 
         414  1 0.0810 0.2140 0.0450 0.0271 0.1204 0.1335 0.0820 0.0435 0.1268 0.1267 
         415  1 0.0364 0.0517 0.0271 0.0165 0.0530 0.0830 0.0414 0.0644 0.5648 0.0618 
         416  1 0.2856 0.1474 0.1051 0.0278 0.1321 0.0418 0.1816 0.0304 0.0250 0.0232 
         417  1 0.1539 0.1136 0.0351 0.0301 0.1092 0.1034 0.0759 0.0501 0.1080 0.2208 
         418  1 0.0567 0.1124 0.0423 0.0458 0.0917 0.0872 0.0481 0.0341 0.4006 0.0811 
         419  1 0.0817 0.0900 0.0462 0.0575 0.1303 0.1187 0.0583 0.0363 0.2261 0.1549 
         420  1 0.0694 0.1261 0.2699 0.0830 0.0700 0.1160 0.0699 0.0341 0.1031 0.0585 
         421  1 0.0814 0.0567 0.0558 0.0420 0.2001 0.0764 0.0665 0.0274 0.3018 0.0919 
         422  1 0.1185 0.1051 0.0447 0.0668 0.1224 0.1528 0.1226 0.0505 0.0951 0.1214 
         423  1 0.1529 0.1393 0.0581 0.0838 0.1101 0.1396 0.1068 0.1079 0.0282 0.0732 
         424  1 0.1856 0.1207 0.1405 0.0764 0.0981 0.0921 0.1213 0.0268 0.0617 0.0769 
         425  1 0.0326 0.0779 0.0683 0.1023 0.1210 0.0897 0.0984 0.0621 0.2951 0.0527 
         426  1 0.0398 0.0840 0.0364 0.0518 0.1079 0.1144 0.0865 0.1151 0.2590 0.1051 
         427  1 0.1795 0.1409 0.0269 0.0186 0.1309 0.0896 0.1017 0.0580 0.0876 0.1664 
         428  1 0.0950 0.1125 0.0461 0.0449 0.1362 0.1003 0.2096 0.0583 0.0387 0.1583 
         429  1 0.0307 0.0651 0.0375 0.2830 0.0480 0.0458 0.0841 0.3121 0.0297 0.0641 
         430  1 0.0393 0.1498 0.0413 0.0342 0.1302 0.0984 0.2736 0.0370 0.0537 0.1425 
         431  1 0.2520 0.1036 0.0410 0.0814 0.1750 0.1045 0.1315 0.0229 0.0313 0.0568 
         432  1 0.0377 0.0972 0.2539 0.0547 0.1238 0.0877 0.1470 0.0909 0.0313 0.0758 
         433  1 0.1209 0.1004 0.0453 0.0338 0.0854 0.1835 0.1076 0.2027 0.0579 0.0626 
         434  1 0.0643 0.0747 0.3933 0.0396 0.0665 0.0921 0.0544 0.0440 0.0861 0.0850 
         435  1 0.1131 0.1033 0.1981 0.0409 0.1485 0.0741 0.0954 0.0420 0.0950 0.0896 
         436  1 0.0506 0.1290 0.0282 0.1437 0.0902 0.2370 0.1369 0.0431 0.0677 0.0736 
         437  1 0.2032 0.0883 0.0721 0.0330 0.1130 0.0917 0.1153 0.1531 0.0619 0.0684 
         438  1 0.0633 0.0888 0.0335 0.0187 0.0566 0.0812 0.0941 0.4470 0.0304 0.0864 
         439  1 0.0348 0.0507 0.0235 0.0498 0.0483 0.0575 0.0440 0.0409 0.6128 0.0377 
         440  1 0.0470 0.0445 0.0427 0.5666 0.0483 0.0524 0.0548 0.0512 0.0470 0.0455 
         441  1 0.0737 0.1918 0.0383 0.0341 0.1905 0.0906 0.1175 0.0614 0.0889 0.1132 
         442  1 0.2778 0.1636 0.0297 0.0437 0.1166 0.0642 0.1847 0.0247 0.0410 0.0541 
         443  1 0.0972 0.1151 0.0947 0.1073 0.1006 0.0978 0.1517 0.1059 0.0538 0.0761 
         444  1 0.1293 0.1226 0.0354 0.0443 0.1000 0.0869 0.0854 0.2213 0.0367 0.1380 
         445  1 0.1014 0.0799 0.0211 0.1740 0.0938 0.1075 0.1017 0.0953 0.0713 0.1541 
         446  1 0.0425 0.1745 0.0216 0.0222 0.1325 0.0352 0.3387 0.0236 0.0329 0.1764 
         447  1 0.1147 0.0495 0.4167 0.0291 0.0911 0.0631 0.0859 0.0425 0.0484 0.0589 
         448  1 0.0449 0.1210 0.0708 0.0281 0.1664 0.0672 0.2475 0.0532 0.0768 0.1241 
         449  1 0.0383 0.0583 0.2596 0.3076 0.0601 0.0526 0.0548 0.0921 0.0426 0.0340 
         450  1 0.0929 0.1977 0.0453 0.1767 0.1389 0.0840 0.0662 0.0242 0.0392 0.1349 
         451  1 0.0752 0.1754 0.0390 0.1911 0.1150 0.1040 0.0572 0.0671 0.0523 0.1236 
         452  1 0.1640 0.0585 0.0456 0.2851 0.0806 0.0530 0.0712 0.0511 0.0327 0.1580 
         453  1 0.1055 0.1903 0.0535 0.0658 0.1956 0.0758 0.1006 0.0564 0.0478 0.1086 
         454  1 0.1448 0.0854 0.0798 0.3348 0.0823 0.0801 0.0956 0.0222 0.0328 0.0421 
         455  1 0.2381 0.0811 0.0288 0.0231 0.0785 0.1390 0.1136 0.0455 0.0889 0.1634 
         456  1 0.0694 0.1085 0.0357 0.0251 0.1525 0.0610 0.2973 0.0412 0.0629 0.1464 
         457  1 0.0819 0.2309 0.0280 0.0334 0.1724 0.1282 0.0791 0.0539 0.0560 0.1363 
         458  1 0.0244 0.0345 0.0319 0.6792 0.0349 0.0380 0.0365 0.0500 0.0351 0.0353 
         459  1 0.0471 0.1134 0.0408 0.0275 0.1707 0.0994 0.1910 0.0757 0.1247 0.1097 
