           1  1 0.1607 0.3053 0.2193 0.1199 0.1948 
           2  1 0.1717 0.2505 0.2252 0.1190 0.2335 
           3  1 0.1454 0.1846 0.2228 0.3063 0.1409 
           4  1 0.2155 0.2099 0.3514 0.1055 0.1178 
           5  1 0.1240 0.2090 0.1232 0.1766 0.3672 
           6  1 0.2979 0.2087 0.1577 0.1217 0.2140 
           7  1 0.0976 0.1305 0.1602 0.3773 0.2344 
           8  1 0.2518 0.2203 0.1333 0.2278 0.1667 
           9  1 0.1425 0.1350 0.4230 0.1849 0.1145 
          10  1 0.4183 0.2935 0.0755 0.1410 0.0717 
          11  1 0.3033 0.1960 0.1167 0.1941 0.1899 
          12  1 0.4121 0.1924 0.1461 0.1065 0.1429 
          13  1 0.3135 0.1492 0.1879 0.2227 0.1268 
          14  1 0.0840 0.1255 0.4528 0.1639 0.1739 
          15  1 0.0654 0.0862 0.1126 0.1349 0.6009 
          16  1 0.1637 0.1972 0.1079 0.3546 0.1766 
          17  1 0.1583 0.1837 0.3139 0.2147 0.1293 
          18  1 0.0895 0.2501 0.3607 0.0854 0.2142 
          19  1 0.0875 0.2408 0.3762 0.1418 0.1537 
          20  1 0.1753 0.1659 0.2793 0.2798 0.0997 
          21  1 0.2701 0.3642 0.0933 0.1178 0.1545 
          22  1 0.1005 0.2180 0.3084 0.2389 0.1343 
          23  1 0.2778 0.1519 0.1084 0.1210 0.3409 
          24  1 0.4422 0.1508 0.1457 0.1442 0.1171 
          25  1 0.1104 0.3824 0.1657 0.1901 0.1515 
          26  1 0.1713 0.2100 0.2375 0.1376 0.2436 
          27  1 0.1376 0.1665 0.2343 0.3123 0.1493 
          28  1 0.3552 0.1738 0.0965 0.1267 0.2478 
          29  1 0.0892 0.2473 0.3379 0.1323 0.1933 
          30  1 0.1539 0.2149 0.2886 0.1965 0.1461 
          31  1 0.3412 0.1884 0.1717 0.1836 0.1150 
          32  1 0.1289 0.1305 0.1234 0.1236 0.4935 
          33  1 0.1525 0.1583 0.2067 0.1428 0.3397 
          34  1 0.1991 0.2152 0.2662 0.1106 0.2089 
          35  1 0.1118 0.1794 0.3260 0.1328 0.2500 
          36  1 0.0802 0.1628 0.2488 0.2083 0.3000 
          37  1 0.2211 0.1876 0.2071 0.1512 0.2331 
          38  1 0.1625 0.2161 0.2350 0.2080 0.1785 
          39  1 0.2562 0.3060 0.1404 0.1133 0.1840 
          40  1 0.0765 0.3223 0.1254 0.2722 0.2036 
          41  1 0.4229 0.1834 0.1428 0.1355 0.1153 
          42  1 0.1373 0.1485 0.1003 0.2688 0.3451 
          43  1 0.1375 0.3171 0.3249 0.1202 0.1002 
          44  1 0.1824 0.1756 0.2361 0.2681 0.1378 
          45  1 0.2733 0.1791 0.1227 0.1169 0.3080 
          46  1 0.1183 0.2605 0.1338 0.2602 0.2271 
          47  1 0.1268 0.3228 0.2067 0.2326 0.1112 
          48  1 0.0769 0.1112 0.1314 0.0932 0.5874 
          49  1 0.2172 0.1304 0.3169 0.2679 0.0675 
          50  1 0.1077 0.1788 0.2787 0.2704 0.1644 
          51  1 0.2347 0.2714 0.2515 0.1218 0.1206 
          52  1 0.4064 0.1180 0.0962 0.2876 0.0918 
          53  1 0.1683 0.2700 0.2175 0.2038 0.1404 
          54  1 0.2219 0.2028 0.2716 0.1404 0.1633 
          55  1 0.1002 0.2610 0.1258 0.1476 0.3654 
          56  1 0.1505 0.1481 0.0853 0.1102 0.5058 
          57  1 0.2701 0.1909 0.1905 0.2153 0.1333 
          58  1 0.0813 0.1199 0.0808 0.0641 0.6538 
          59  1 0.0993 0.2157 0.1095 0.2945 0.2811 
          60  1 0.1658 0.1733 0.2344 0.2698 0.1566 
          61  1 0.1314 0.2088 0.1876 0.3588 0.1135 
          62  1 0.3199 0.2189 0.0769 0.1888 0.1955 
          63  1 0.2098 0.1670 0.1330 0.3456 0.1446 
          64  1 0.2891 0.2810 0.1617 0.1548 0.1134 
          65  1 0.1254 0.3017 0.1849 0.2409 0.1471 
          66  1 0.2076 0.2496 0.2232 0.1919 0.1278 
          67  1 0.5439 0.1524 0.1081 0.1189 0.0767 
          68  1 0.1130 0.1469 0.2077 0.3920 0.1405 
          69  1 0.3471 0.2050 0.0834 0.2534 0.1111 
          70  1 0.2069 0.1489 0.1746 0.1654 0.3042 
          71  1 0.4074 0.1908 0.1595 0.1177 0.1246 
          72  1 0.4841 0.1434 0.1284 0.1280 0.1161 
          73  1 0.1335 0.2305 0.2196 0.1437 0.2727 
          74  1 0.1926 0.1855 0.2224 0.2789 0.1206 
          75  1 0.2085 0.1570 0.2602 0.1930 0.1813 
          76  1 0.1584 0.3195 0.1687 0.2393 0.1140 
          77  1 0.1785 0.2348 0.1660 0.1685 0.2523 
          78  1 0.2216 0.3332 0.1806 0.1640 0.1007 
          79  1 0.4090 0.1201 0.1179 0.0927 0.2603 
          80  1 0.2286 0.1815 0.1529 0.2841 0.1528 
          81  1 0.3779 0.1850 0.1015 0.2514 0.0843 
          82  1 0.2305 0.2063 0.1004 0.1601 0.3027 
          83  1 0.0738 0.0774 0.0954 0.6801 0.0733 
          84  1 0.1355 0.1923 0.1614 0.3432 0.1676 
          85  1 0.2294 0.2034 0.1401 0.1793 0.2478 
          86  1 0.1384 0.3064 0.0943 0.1726 0.2883 
          87  1 0.3823 0.2247 0.1106 0.2054 0.0770 
          88  1 0.1379 0.2420 0.1776 0.1390 0.3035 
          89  1 0.1019 0.2056 0.2868 0.2820 0.1238 
          90  1 0.1446 0.2040 0.1118 0.3178 0.2219 
          91  1 0.2096 0.2112 0.1808 0.1989 0.1995 
          92  1 0.2626 0.1579 0.0949 0.2086 0.2760 
          93  1 0.2213 0.2006 0.1700 0.2983 0.1098 
          94  1 0.1634 0.2908 0.2996 0.1574 0.0889 
          95  1 0.2293 0.2078 0.1469 0.1596 0.2564 
          96  1 0.1734 0.1818 0.2770 0.1798 0.1880 
          97  1 0.4083 0.1683 0.1202 0.1737 0.1295 
          98  1 0.2119 0.1820 0.1883 0.2741 0.1438 
          99  1 0.3588 0.1729 0.1422 0.2097 0.1164 
         100  1 0.2757 0.1428 0.2200 0.1987 0.1628 
         101  1 0.2325 0.1736 0.2069 0.2640 0.1230 
         102  1 0.0942 0.1372 0.1556 0.1878 0.4252 
         103  1 0.0890 0.1350 0.3049 0.1436 0.3275 
         104  1 0.2230 0.2618 0.1373 0.2022 0.1757 
         105  1 0.2476 0.1512 0.2899 0.1672 0.1440 
         106  1 0.1891 0.2299 0.1935 0.2125 0.1750 
         107  1 0.2312 0.2579 0.0904 0.1922 0.2283 
         108  1 0.3383 0.1533 0.0859 0.2015 0.2209 
         109  1 0.1461 0.1537 0.2355 0.3334 0.1314 
         110  1 0.1318 0.1355 0.5099 0.1019 0.1209 
         111  1 0.0995 0.2406 0.1884 0.2089 0.2626 
         112  1 0.1188 0.1738 0.3488 0.1648 0.1938 
         113  1 0.2226 0.3366 0.1090 0.1307 0.2011 
         114  1 0.1145 0.1680 0.3520 0.2233 0.1421 
         115  1 0.3217 0.1754 0.1061 0.1941 0.2026 
         116  1 0.1709 0.2047 0.1270 0.2541 0.2433 
         117  1 0.1435 0.1552 0.1161 0.0960 0.4892 
         118  1 0.1655 0.1486 0.4103 0.1551 0.1205 
         119  1 0.0929 0.1898 0.2100 0.1433 0.3640 
         120  1 0.1029 0.1666 0.1935 0.0946 0.4424 
         121  1 0.1791 0.1622 0.2580 0.2764 0.1243 
         122  1 0.3882 0.1994 0.1339 0.2011 0.0773 
         123  1 0.1427 0.1413 0.1356 0.1091 0.4713 
         124  1 0.3104 0.2316 0.1228 0.2211 0.1141 
         125  1 0.1846 0.1374 0.0858 0.1719 0.4203 
         126  1 0.1567 0.3472 0.1567 0.1711 0.1683 
         127  1 0.3380 0.2000 0.1399 0.1019 0.2203 
         128  1 0.1844 0.1875 0.0804 0.1614 0.3863 
         129  1 0.4824 0.1480 0.0869 0.1607 0.1221 
         130  1 0.3000 0.2639 0.2284 0.1050 0.1026 
         131  1 0.2048 0.3223 0.1066 0.2436 0.1226 
         132  1 0.0930 0.1650 0.1076 0.0900 0.5444 
         133  1 0.1108 0.1878 0.3555 0.0926 0.2533 
         134  1 0.1536 0.2703 0.1677 0.2249 0.1835 
         135  1 0.1535 0.1527 0.5309 0.0767 0.0862 
         136  1 0.1141 0.2028 0.1596 0.2977 0.2258 
         137  1 0.1697 0.3696 0.1197 0.1881 0.1529 
         138  1 0.1590 0.2861 0.1772 0.1347 0.2430 
         139  1 0.2358 0.1811 0.2232 0.0873 0.2725 
         140  1 0.2431 0.1995 0.1121 0.3394 0.1058 
         141  1 0.2279 0.1660 0.3121 0.0980 0.1961 
         142  1 0.0906 0.1314 0.1107 0.1562 0.5111 
         143  1 0.2459 0.2537 0.1036 0.2774 0.1195 
         144  1 0.1087 0.1991 0.2024 0.3109 0.1790 
         145  1 0.1132 0.1979 0.3275 0.1447 0.2168 
         146  1 0.2248 0.2239 0.2697 0.1757 0.1059 
         147  1 0.1122 0.1702 0.2272 0.3149 0.1755 
         148  1 0.2025 0.1436 0.2676 0.2559 0.1304 
         149  1 0.1899 0.1771 0.1111 0.1377 0.3843 
         150  1 0.2055 0.1556 0.4171 0.1363 0.0855 
         151  1 0.2401 0.1356 0.3427 0.1729 0.1088 
         152  1 0.1837 0.2511 0.1951 0.2351 0.1350 
         153  1 0.1512 0.1538 0.2033 0.3429 0.1488 
         154  1 0.2386 0.1829 0.1771 0.1962 0.2051 
         155  1 0.1274 0.1278 0.1022 0.1592 0.4833 
         156  1 0.3256 0.1512 0.1903 0.1981 0.1348 
         157  1 0.1836 0.3248 0.1374 0.1751 0.1790 
         158  1 0.2240 0.4098 0.0967 0.1272 0.1423 
         159  1 0.2262 0.1522 0.1289 0.1524 0.3402 
         160  1 0.1762 0.2475 0.1401 0.1363 0.2999 
         161  1 0.0972 0.2707 0.2613 0.0889 0.2819 
         162  1 0.1673 0.1754 0.3400 0.1382 0.1791 
         163  1 0.1746 0.1715 0.3336 0.1462 0.1742 
         164  1 0.1103 0.1248 0.0686 0.2257 0.4705 
         165  1 0.1822 0.2602 0.1694 0.2330 0.1551 
         166  1 0.3185 0.2330 0.1440 0.1443 0.1602 
         167  1 0.1390 0.1020 0.1054 0.0738 0.5797 
         168  1 0.2222 0.1912 0.2007 0.1898 0.1961 
         169  1 0.3120 0.2323 0.1565 0.1459 0.1532 
         170  1 0.2763 0.1547 0.3557 0.1282 0.0851 
         171  1 0.1845 0.1656 0.1772 0.1938 0.2789 
         172  1 0.1648 0.1454 0.4151 0.1682 0.1065 
         173  1 0.2328 0.2077 0.1746 0.1050 0.2799 
         174  1 0.1386 0.2343 0.1608 0.3165 0.1498 
         175  1 0.1913 0.2584 0.2816 0.1585 0.1102 
         176  1 0.1347 0.1575 0.4496 0.1615 0.0966 
         177  1 0.2146 0.1749 0.0911 0.4268 0.0926 
         178  1 0.2600 0.2472 0.1801 0.1744 0.1383 
         179  1 0.1839 0.2436 0.1508 0.1626 0.2591 
         180  1 0.2593 0.1601 0.2321 0.2340 0.1145 
         181  1 0.1665 0.1634 0.1739 0.1158 0.3805 
         182  1 0.0776 0.0644 0.0538 0.7310 0.0731 
         183  1 0.1034 0.2515 0.3779 0.1135 0.1537 
         184  1 0.2023 0.1780 0.2428 0.2382 0.1387 
         185  1 0.1358 0.2318 0.2160 0.1775 0.2390 
         186  1 0.1202 0.1652 0.2722 0.2272 0.2152 
         187  1 0.1829 0.2324 0.3406 0.1133 0.1308 
         188  1 0.1096 0.1460 0.2016 0.1717 0.3711 
         189  1 0.1520 0.1990 0.2753 0.2394 0.1343 
         190  1 0.3285 0.1398 0.2487 0.1528 0.1302 
         191  1 0.1709 0.2993 0.2033 0.1238 0.2026 
         192  1 0.2411 0.2550 0.0982 0.2609 0.1449 
         193  1 0.1789 0.2281 0.2696 0.1628 0.1606 
         194  1 0.1062 0.2453 0.1429 0.1592 0.3464 
         195  1 0.3415 0.2719 0.1271 0.1541 0.1055 
         196  1 0.1630 0.2442 0.2829 0.1389 0.1709 
         197  1 0.0995 0.1314 0.1601 0.2279 0.3811 
         198  1 0.2158 0.1621 0.3320 0.0895 0.2006 
         199  1 0.1383 0.1544 0.0780 0.4740 0.1553 
         200  1 0.2090 0.1701 0.2171 0.1085 0.2953 
         201  1 0.2297 0.1907 0.1202 0.3652 0.0941 
         202  1 0.1323 0.1879 0.2389 0.2738 0.1671 
         203  1 0.2338 0.1851 0.1200 0.2880 0.1731 
         204  1 0.2295 0.1556 0.2470 0.2623 0.1056 
         205  1 0.1890 0.2304 0.1384 0.2909 0.1513 
         206  1 0.4120 0.1957 0.1120 0.1623 0.1180 
         207  1 0.1554 0.2893 0.1134 0.2465 0.1954 
         208  1 0.1894 0.1739 0.2959 0.2358 0.1049 
         209  1 0.2685 0.3093 0.1017 0.1268 0.1937 
         210  1 0.2388 0.2073 0.2434 0.1628 0.1478 
         211  1 0.2045 0.3406 0.1213 0.2446 0.0889 
         212  1 0.0762 0.1781 0.3924 0.1366 0.2167 
         213  1 0.1906 0.2113 0.1553 0.1374 0.3054 
         214  1 0.4915 0.1840 0.1166 0.1224 0.0855 
         215  1 0.1381 0.1673 0.2164 0.1788 0.2994 
         216  1 0.3070 0.2286 0.1524 0.1329 0.1791 
         217  1 0.1286 0.2692 0.2391 0.1178 0.2453 
         218  1 0.1714 0.1480 0.1325 0.0978 0.4503 
         219  1 0.1602 0.1458 0.3650 0.1909 0.1381 
         220  1 0.2120 0.2805 0.1294 0.2415 0.1365 
         221  1 0.1542 0.1069 0.0926 0.5466 0.0996 
         222  1 0.1689 0.2906 0.1879 0.1295 0.2229 
         223  1 0.1569 0.2715 0.1349 0.1461 0.2906 
         224  1 0.2626 0.2444 0.1469 0.2104 0.1358 
         225  1 0.3062 0.3437 0.0988 0.1623 0.0889 
         226  1 0.1563 0.2076 0.2982 0.1172 0.2207 
         227  1 0.3818 0.1981 0.1128 0.1466 0.1607 
         228  1 0.1726 0.2034 0.2145 0.1841 0.2253 
         229  1 0.1610 0.1857 0.1847 0.2805 0.1880 
         230  1 0.0842 0.1131 0.5602 0.1067 0.1358 
         231  1 0.1509 0.3180 0.2111 0.1591 0.1609 
         232  1 0.1346 0.2417 0.0797 0.3568 0.1872 
         233  1 0.1145 0.2323 0.4218 0.1033 0.1282 
         234  1 0.1922 0.2750 0.2083 0.1361 0.1884 
         235  1 0.1383 0.2025 0.2426 0.2630 0.1535 
         236  1 0.0964 0.1534 0.2110 0.2188 0.3204 
         237  1 0.1731 0.2577 0.1208 0.2724 0.1760 
         238  1 0.1578 0.2730 0.2579 0.1629 0.1484 
         239  1 0.2172 0.1383 0.3401 0.1712 0.1333 
         240  1 0.1247 0.2049 0.2199 0.2458 0.2048 
         241  1 0.3487 0.2321 0.1327 0.1674 0.1191 
         242  1 0.2689 0.1657 0.1223 0.2703 0.1728 
         243  1 0.2272 0.1544 0.1295 0.1691 0.3199 
         244  1 0.1697 0.2765 0.1191 0.3295 0.1052 
         245  1 0.1996 0.1402 0.2660 0.1558 0.2383 
         246  1 0.1775 0.1294 0.2010 0.1646 0.3275 
         247  1 0.2062 0.2505 0.2769 0.1449 0.1215 
         248  1 0.1825 0.3089 0.2818 0.1091 0.1177 
         249  1 0.2287 0.2058 0.2627 0.1469 0.1559 
         250  1 0.0997 0.1318 0.1623 0.1466 0.4596 
         251  1 0.1411 0.3056 0.1720 0.1242 0.2571 
         252  1 0.3427 0.2602 0.1138 0.1618 0.1215 
         253  1 0.3037 0.1412 0.1196 0.1652 0.2703 
         254  1 0.1583 0.1797 0.3947 0.1006 0.1667 
         255  1 0.1317 0.1309 0.1626 0.4483 0.1266 
         256  1 0.1837 0.2178 0.1183 0.1435 0.3368 
         257  1 0.5031 0.1222 0.1722 0.0796 0.1229 
         258  1 0.1526 0.1675 0.2058 0.2937 0.1805 
         259  1 0.4199 0.1519 0.1988 0.1302 0.0992 
         260  1 0.2866 0.1698 0.1198 0.2216 0.2023 
         261  1 0.2677 0.2207 0.2690 0.1159 0.1267 
         262  1 0.1419 0.1995 0.2097 0.2486 0.2002 
         263  1 0.2285 0.2335 0.2751 0.1658 0.0972 
         264  1 0.1534 0.2286 0.1660 0.2646 0.1874 
         265  1 0.1622 0.2929 0.1961 0.2521 0.0967 
         266  1 0.2068 0.2266 0.1475 0.1204 0.2988 
         267  1 0.1020 0.2192 0.1832 0.3604 0.1353 
         268  1 0.1662 0.1687 0.4495 0.0874 0.1282 
         269  1 0.2389 0.1344 0.2503 0.2842 0.0922 
         270  1 0.1593 0.2156 0.2535 0.2777 0.0940 
         271  1 0.1755 0.2551 0.1926 0.1918 0.1849 
         272  1 0.3428 0.1959 0.2262 0.1307 0.1045 
         273  1 0.1526 0.2455 0.1445 0.2733 0.1842 
         274  1 0.0933 0.1184 0.5762 0.1277 0.0843 
         275  1 0.1253 0.1517 0.2613 0.3560 0.1058 
         276  1 0.2488 0.1780 0.0826 0.1375 0.3530 
         277  1 0.1145 0.0837 0.1165 0.6011 0.0842 
         278  1 0.2729 0.1537 0.1776 0.3280 0.0678 
         279  1 0.0987 0.1815 0.1762 0.2510 0.2926 
         280  1 0.1488 0.1900 0.2185 0.1926 0.2501 
         281  1 0.2484 0.2571 0.2236 0.1772 0.0936 
         282  1 0.4236 0.1243 0.2409 0.0956 0.1156 
         283  1 0.1172 0.1591 0.1662 0.2798 0.2776 
         284  1 0.0982 0.1363 0.0902 0.5096 0.1657 
         285  1 0.2779 0.2807 0.1583 0.1130 0.1700 
         286  1 0.2473 0.1727 0.1812 0.2956 0.1031 
         287  1 0.1005 0.1247 0.1620 0.1823 0.4305 
         288  1 0.0635 0.0764 0.0656 0.7281 0.0664 
         289  1 0.1432 0.2269 0.2394 0.1788 0.2116 
         290  1 0.1331 0.3929 0.2148 0.1198 0.1394 
         291  1 0.1096 0.2277 0.2491 0.0903 0.3233 
         292  1 0.2645 0.1855 0.1129 0.2081 0.2289 
         293  1 0.1619 0.1297 0.4348 0.1013 0.1723 
         294  1 0.2608 0.2205 0.1793 0.2068 0.1326 
         295  1 0.1498 0.0960 0.0660 0.0644 0.6237 
         296  1 0.1104 0.1207 0.1507 0.4529 0.1654 
         297  1 0.1489 0.1842 0.2760 0.2432 0.1476 
         298  1 0.4539 0.1353 0.1489 0.0767 0.1851 
         299  1 0.1264 0.1153 0.0713 0.0830 0.6039 
         300  1 0.2017 0.1414 0.3002 0.1830 0.1736 
         301  1 0.2074 0.1697 0.1692 0.1897 0.2640 
         302  1 0.0682 0.1161 0.1207 0.0923 0.6028 
         303  1 0.1629 0.3168 0.2810 0.1225 0.1168 
         304  1 0.3987 0.1454 0.1759 0.1237 0.1563 
         305  1 0.1121 0.2832 0.2214 0.1767 0.2066 
         306  1 0.0991 0.1069 0.0834 0.4099 0.3006 
         307  1 0.2635 0.1900 0.1763 0.1740 0.1962 
         308  1 0.2114 0.2228 0.1554 0.2432 0.1672 
         309  1 0.2760 0.1630 0.2056 0.2487 0.1067 
         310  1 0.1223 0.2110 0.2253 0.3308 0.1106 
         311  1 0.2083 0.1379 0.0988 0.3250 0.2299 
         312  1 0.1720 0.1386 0.3121 0.2748 0.1026 
         313  1 0.1919 0.1742 0.1610 0.2444 0.2285 
         314  1 0.2345 0.2190 0.0943 0.2348 0.2174 
         315  1 0.2154 0.1770 0.0965 0.2661 0.2451 
         316  1 0.2432 0.1832 0.2057 0.1883 0.1796 
         317  1 0.1634 0.1359 0.3155 0.2945 0.0906 
         318  1 0.1391 0.1502 0.4898 0.1202 0.1007 
         319  1 0.1414 0.2563 0.2025 0.1453 0.2544 
         320  1 0.1456 0.1292 0.0947 0.2201 0.4104 
         321  1 0.1065 0.2685 0.3491 0.1158 0.1600 
         322  1 0.2186 0.2911 0.1883 0.1590 0.1429 
         323  1 0.1285 0.1269 0.1598 0.3939 0.1909 
         324  1 0.2234 0.3697 0.1557 0.1431 0.1081 
         325  1 0.1749 0.1565 0.3742 0.1428 0.1517 
         326  1 0.1702 0.1214 0.1233 0.4842 0.1010 
         327  1 0.1745 0.2055 0.2832 0.1368 0.2000 
         328  1 0.3216 0.2189 0.1904 0.1288 0.1403 
         329  1 0.2846 0.2232 0.1347 0.2084 0.1491 
         330  1 0.3435 0.3203 0.0897 0.1487 0.0978 
         331  1 0.1693 0.2246 0.1668 0.2765 0.1627 
         332  1 0.2843 0.2018 0.2604 0.1401 0.1134 
         333  1 0.1877 0.2018 0.1529 0.3265 0.1310 
         334  1 0.2221 0.1450 0.3467 0.1873 0.0989 
         335  1 0.2443 0.1711 0.1760 0.2025 0.2062 
         336  1 0.2191 0.2016 0.1485 0.2674 0.1634 
         337  1 0.1147 0.1608 0.3696 0.1785 0.1764 
         338  1 0.4329 0.1536 0.1007 0.1893 0.1235 
         339  1 0.3380 0.1879 0.1027 0.1115 0.2600 
         340  1 0.1698 0.2227 0.3536 0.1381 0.1158 
         341  1 0.0968 0.1709 0.1324 0.2047 0.3951 
         342  1 0.5253 0.1412 0.1207 0.1031 0.1097 
         343  1 0.4446 0.1012 0.1178 0.2484 0.0881 
         344  1 0.2456 0.1345 0.3707 0.1481 0.1011 
         345  1 0.2675 0.1417 0.1574 0.3036 0.1299 
         346  1 0.1740 0.2228 0.2180 0.1558 0.2294 
         347  1 0.3087 0.3094 0.1032 0.1134 0.1653 
         348  1 0.1950 0.1663 0.2217 0.1500 0.2670 
         349  1 0.1078 0.1330 0.1933 0.4316 0.1344 
         350  1 0.1899 0.2101 0.2311 0.1559 0.2130 
         351  1 0.1338 0.1838 0.2761 0.1854 0.2210 
         352  1 0.2044 0.1328 0.2443 0.2172 0.2013 
         353  1 0.1148 0.2060 0.0995 0.2537 0.3259 
         354  1 0.4441 0.1497 0.1150 0.1718 0.1194 
         355  1 0.2072 0.1772 0.2269 0.2433 0.1453 
         356  1 0.2895 0.1373 0.1859 0.1551 0.2322 
         357  1 0.1839 0.2460 0.1670 0.2027 0.2004 
         358  1 0.1648 0.1481 0.1555 0.3492 0.1824 
         359  1 0.1914 0.1569 0.1481 0.1220 0.3816 
         360  1 0.1238 0.1810 0.2949 0.1415 0.2589 
         361  1 0.3127 0.1357 0.1105 0.1449 0.2962 
         362  1 0.1717 0.1773 0.3045 0.1874 0.1592 
         363  1 0.1636 0.1797 0.3935 0.1586 0.1045 
         364  1 0.1855 0.1598 0.2783 0.2363 0.1401 
         365  1 0.1958 0.1705 0.2611 0.1473 0.2253 
         366  1 0.1704 0.1503 0.1804 0.1838 0.3151 
         367  1 0.1483 0.1950 0.2115 0.2080 0.2372 
         368  1 0.2159 0.3790 0.1188 0.0826 0.2037 
         369  1 0.1301 0.2363 0.0982 0.2704 0.2651 
         370  1 0.1565 0.2057 0.1046 0.2624 0.2708 
         371  1 0.1864 0.1137 0.1066 0.3288 0.2644 
         372  1 0.1371 0.1597 0.1440 0.1555 0.4037 
         373  1 0.1544 0.1850 0.1884 0.2076 0.2645 
         374  1 0.1363 0.2260 0.2235 0.2438 0.1705 
         375  1 0.3153 0.1747 0.1802 0.1996 0.1302 
         376  1 0.1331 0.2216 0.2766 0.2059 0.1628 
         377  1 0.1073 0.3942 0.1424 0.0942 0.2619 
         378  1 0.1374 0.3279 0.1792 0.1817 0.1737 
         379  1 0.0954 0.1132 0.1388 0.1102 0.5425 
         380  1 0.1337 0.3771 0.0965 0.1122 0.2806 
         381  1 0.1622 0.2034 0.1847 0.2471 0.2026 
         382  1 0.2031 0.1929 0.1587 0.2439 0.2014 
         383  1 0.2443 0.1525 0.1111 0.2704 0.2218 
         384  1 0.1338 0.1294 0.3353 0.0693 0.3322 
         385  1 0.3134 0.2236 0.2253 0.1517 0.0860 
         386  1 0.0921 0.1136 0.0752 0.0780 0.6411 
         387  1 0.1948 0.3509 0.1633 0.1186 0.1725 
         388  1 0.1284 0.1537 0.1852 0.0937 0.4389 
         389  1 0.1401 0.1242 0.1826 0.4120 0.1411 
         390  1 0.4250 0.2070 0.1011 0.1251 0.1418 
         391  1 0.2112 0.1710 0.1397 0.0884 0.3896 
         392  1 0.2606 0.1461 0.1082 0.2986 0.1866 
         393  1 0.1136 0.1426 0.3094 0.0747 0.3597 
         394  1 0.4667 0.1707 0.0977 0.1996 0.0654 
         395  1 0.1831 0.1553 0.2443 0.2572 0.1601 
         396  1 0.2138 0.1856 0.3375 0.1470 0.1161 
         397  1 0.1484 0.1369 0.3357 0.2927 0.0863 
         398  1 0.3322 0.2009 0.1495 0.1006 0.2167 
         399  1 0.2146 0.1797 0.2003 0.1209 0.2845 
         400  1 0.1085 0.1289 0.1164 0.3167 0.3295 
         401  1 0.1749 0.2527 0.2578 0.0991 0.2155 
         402  1 0.1659 0.2151 0.2424 0.2042 0.1724 
         403  1 0.2403 0.1488 0.2316 0.3026 0.0767 
         404  1 0.4508 0.1520 0.1145 0.1608 0.1219 
         405  1 0.2394 0.2060 0.2871 0.1482 0.1194 
         406  1 0.3033 0.2246 0.1132 0.1844 0.1745 
         407  1 0.0741 0.1344 0.2215 0.1258 0.4442 
         408  1 0.1635 0.2893 0.2362 0.1591 0.1519 
         409  1 0.2305 0.1942 0.2361 0.1417 0.1975 
         410  1 0.2370 0.2062 0.1890 0.2091 0.1587 
         411  1 0.1589 0.2069 0.2544 0.3016 0.0782 
         412  1 0.2524 0.2750 0.2138 0.0671 0.1918 
         413  1 0.1735 0.1582 0.2002 0.3951 0.0730 
         414  1 0.1481 0.2989 0.1885 0.1178 0.2467 
         415  1 0.2019 0.3989 0.0935 0.0833 0.2225 
         416  1 0.0797 0.1327 0.5799 0.1174 0.0904 
         417  1 0.3764 0.2369 0.1199 0.1022 0.1645 
         418  1 0.1707 0.2982 0.1882 0.1769 0.1660 
         419  1 0.2403 0.3018 0.1030 0.2035 0.1513 
         420  1 0.1202 0.1918 0.4023 0.1927 0.0930 
         421  1 0.2483 0.3146 0.1605 0.1699 0.1067 
         422  1 0.2747 0.2326 0.1453 0.2046 0.1428 
         423  1 0.1141 0.2550 0.2732 0.2061 0.1516 
         424  1 0.1720 0.1737 0.3615 0.1955 0.0972 
         425  1 0.0914 0.2895 0.1491 0.2700 0.2000 
         426  1 0.1749 0.3043 0.1004 0.1293 0.2911 
         427  1 0.3485 0.2515 0.1117 0.0875 0.2008 
         428  1 0.2809 0.1874 0.1886 0.1446 0.1985 
         429  1 0.1250 0.1058 0.0982 0.3737 0.2972 
         430  1 0.2634 0.2814 0.1437 0.1509 0.1605 
         431  1 0.2084 0.2119 0.2714 0.2079 0.1004 
         432  1 0.0987 0.1771 0.2376 0.1938 0.2928 
         433  1 0.1184 0.2262 0.2351 0.1156 0.3046 
         434  1 0.2706 0.1694 0.2912 0.1374 0.1314 
         435  1 0.2127 0.2024 0.2698 0.1593 0.1557 
         436  1 0.0982 0.3114 0.1290 0.3106 0.1508 
         437  1 0.1469 0.1901 0.2716 0.1114 0.2800 
         438  1 0.1406 0.1781 0.1325 0.0799 0.4689 
         439  1 0.1929 0.3389 0.1225 0.2038 0.1419 
         440  1 0.1252 0.1265 0.1298 0.5101 0.1084 
         441  1 0.1368 0.2568 0.1699 0.1792 0.2573 
         442  1 0.2477 0.1947 0.2713 0.1891 0.0971 
         443  1 0.1368 0.1526 0.2363 0.2752 0.1991 
         444  1 0.1912 0.1619 0.1675 0.1383 0.3410 
         445  1 0.2817 0.1960 0.0828 0.2798 0.1597 
         446  1 0.4175 0.1666 0.1445 0.1455 0.1258 
         447  1 0.2128 0.1566 0.3845 0.1074 0.1387 
         448  1 0.2340 0.1810 0.2100 0.1249 0.2501 
         449  1 0.0804 0.1263 0.2370 0.3806 0.1757 
         450  1 0.1342 0.1692 0.1775 0.4192 0.0998 
         451  1 0.1294 0.1538 0.1191 0.3628 0.2349 
         452  1 0.2700 0.1216 0.1163 0.3617 0.1304 
         453  1 0.1207 0.2081 0.2654 0.2171 0.1887 
         454  1 0.1287 0.1652 0.2769 0.3471 0.0820 
         455  1 0.3596 0.2716 0.1072 0.1071 0.1545 
         456  1 0.4553 0.1459 0.1005 0.1232 0.1751 
         457  1 0.0890 0.3382 0.1280 0.1546 0.2901 
         458  1 0.0889 0.1130 0.0672 0.5536 0.1773 
         459  1 0.2036 0.2282 0.1119 0.1397 0.3167 
         460  1 0.3340 0.1454 0.2232 0.1360 0.1614 
         461  1 0.0970 0.0973 0.6249 0.1058 0.0750 
         462  1 0.4034 0.2578 0.1431 0.1203 0.0754 
         463  1 0.1402 0.2323 0.1068 0.1824 0.3383 
         464  1 0.2172 0.2413 0.1329 0.1515 0.2570 
         465  1 0.3679 0.2149 0.1078 0.1824 0.1270 
         466  1 0.1222 0.2470 0.1678 0.1123 0.3506 
         467  1 0.1042 0.1701 0.1320 0.4536 0.1400 
         468  1 0.1510 0.1585 0.1816 0.2571 0.2517 
         469  1 0.1350 0.2690 0.1652 0.1698 0.2610 
         470  1 0.1490 0.2333 0.1800 0.1095 0.3282 
         471  1 0.1045 0.0840 0.0943 0.6286 0.0887 
         472  1 0.1256 0.1370 0.2521 0.0873 0.3980 
         473  1 0.1197 0.3229 0.2629 0.1280 0.1665 
         474  1 0.2308 0.1618 0.3113 0.1745 0.1216 
         475  1 0.2561 0.2660 0.1340 0.1622 0.1817 
         476  1 0.3402 0.1461 0.0878 0.2012 0.2248 
         477  1 0.1654 0.3102 0.1706 0.2311 0.1228 
         478  1 0.1251 0.1766 0.4693 0.1055 0.1234 
         479  1 0.2593 0.2398 0.1303 0.2514 0.1192 
         480  1 0.0902 0.1978 0.4093 0.1183 0.1845 
         481  1 0.1519 0.2887 0.1423 0.2587 0.1584 
         482  1 0.1246 0.1942 0.1913 0.1174 0.3725 
         483  1 0.3250 0.1463 0.1074 0.2333 0.1881 
         484  1 0.4554 0.2267 0.1595 0.0862 0.0721 
         485  1 0.5134 0.1591 0.1051 0.1289 0.0936 
         486  1 0.1459 0.2148 0.2529 0.2258 0.1607 
         487  1 0.2029 0.1785 0.1824 0.1607 0.2755 
         488  1 0.2905 0.2123 0.0982 0.1476 0.2514 
         489  1 0.2433 0.1775 0.2614 0.1656 0.1522 
         490  1 0.1590 0.2004 0.1928 0.1322 0.3157 
         491  1 0.1040 0.1482 0.1797 0.0997 0.4685 
         492  1 0.1754 0.2606 0.1190 0.2715 0.1734 
         493  1 0.2054 0.3210 0.1524 0.1343 0.1869 
         494  1 0.2489 0.2042 0.1109 0.1330 0.3031 
         495  1 0.0611 0.0927 0.1122 0.6560 0.0780 
         496  1 0.3181 0.1866 0.2591 0.1490 0.0872 
         497  1 0.0858 0.2742 0.3551 0.1633 0.1215 
         498  1 0.1250 0.1394 0.4345 0.1852 0.1159 
         499  1 0.1254 0.1582 0.2427 0.1029 0.3708 
         500  1 0.0898 0.1791 0.1187 0.3252 0.2871 
         501  1 0.2069 0.2074 0.2399 0.2167 0.1290 
         502  1 0.2250 0.2102 0.1556 0.2448 0.1644 
         503  1 0.1295 0.2158 0.3636 0.1347 0.1563 
         504  1 0.1969 0.3115 0.2791 0.1116 0.1009 
         505  1 0.1703 0.1801 0.1089 0.2337 0.3071 
         506  1 0.1970 0.2625 0.1682 0.2293 0.1430 
         507  1 0.2494 0.1290 0.1925 0.2017 0.2275 
         508  1 0.2091 0.1316 0.4606 0.1305 0.0682 
         509  1 0.2151 0.2221 0.1050 0.3152 0.1426 
         510  1 0.2132 0.1772 0.3541 0.1677 0.0878 
         511  1 0.1362 0.1755 0.1840 0.1383 0.3661 
         512  1 0.0894 0.1396 0.6086 0.0850 0.0773 
         513  1 0.1655 0.1914 0.2286 0.3299 0.0846 
         514  1 0.2145 0.1535 0.3609 0.1364 0.1346 
         515  1 0.0780 0.1002 0.1524 0.0872 0.5821 
         516  1 0.2756 0.1453 0.1015 0.3106 0.1670 
         517  1 0.2712 0.1916 0.0833 0.3264 0.1275 
         518  1 0.2509 0.1717 0.3833 0.1022 0.0919 
         519  1 0.1767 0.3554 0.1776 0.1670 0.1234 
         520  1 0.1201 0.1972 0.1583 0.2593 0.2650 
         521  1 0.2303 0.2486 0.2277 0.1192 0.1741 
         522  1 0.2287 0.3183 0.1672 0.1750 0.1108 
         523  1 0.1405 0.2550 0.1857 0.1867 0.2321 
         524  1 0.1164 0.1171 0.0676 0.6067 0.0922 
         525  1 0.1817 0.2417 0.1564 0.1432 0.2771 
         526  1 0.1446 0.1255 0.3542 0.1721 0.2035 
         527  1 0.1741 0.2181 0.2640 0.1772 0.1666 
         528  1 0.1898 0.1683 0.1186 0.0781 0.4452 
         529  1 0.1462 0.2718 0.1984 0.2177 0.1659 
         530  1 0.2395 0.2249 0.1543 0.1164 0.2648 
         531  1 0.3560 0.1500 0.0964 0.1457 0.2520 
         532  1 0.0747 0.1096 0.0904 0.6656 0.0597 
         533  1 0.0682 0.1150 0.6104 0.1029 0.1035 
         534  1 0.2269 0.2322 0.1386 0.1310 0.2713 
         535  1 0.0891 0.1658 0.2212 0.2686 0.2553 
         536  1 0.1083 0.2325 0.2775 0.2414 0.1403 
         537  1 0.1846 0.1978 0.2007 0.1119 0.3049 
         538  1 0.2501 0.2041 0.1390 0.2492 0.1575 
         539  1 0.1529 0.1641 0.2801 0.1791 0.2238 
         540  1 0.2208 0.1303 0.1457 0.2431 0.2602 
         541  1 0.2704 0.2268 0.1081 0.1874 0.2074 
         542  1 0.1213 0.1797 0.1183 0.1365 0.4442 
         543  1 0.1306 0.2088 0.0743 0.0917 0.4947 
         544  1 0.1146 0.2310 0.1096 0.1444 0.4004 
         545  1 0.2084 0.1552 0.2275 0.1575 0.2513 
         546  1 0.1225 0.1402 0.1595 0.1421 0.4357 
         547  1 0.2361 0.2084 0.1400 0.2685 0.1470 
         548  1 0.2645 0.1822 0.2064 0.1615 0.1855 
         549  1 0.2632 0.2116 0.1804 0.1848 0.1599 
         550  1 0.2195 0.2004 0.2944 0.1178 0.1679 
         551  1 0.1308 0.1803 0.1515 0.1422 0.3951 
         552  1 0.1744 0.1442 0.3578 0.1492 0.1744 
         553  1 0.2587 0.1897 0.1964 0.2364 0.1188 
         554  1 0.0876 0.1728 0.1538 0.0719 0.5139 
         555  1 0.3568 0.1918 0.1524 0.1778 0.1212 
         556  1 0.1200 0.1715 0.4168 0.2036 0.0881 
         557  1 0.2413 0.2570 0.1668 0.1579 0.1770 
         558  1 0.2021 0.1413 0.0828 0.2394 0.3344 
         559  1 0.3481 0.1741 0.1788 0.1365 0.1624 
         560  1 0.1768 0.2303 0.1300 0.0902 0.3727 
         561  1 0.3126 0.1900 0.1286 0.2390 0.1298 
         562  1 0.1151 0.1541 0.1988 0.1586 0.3734 
         563  1 0.2503 0.2650 0.1271 0.1767 0.1809 
         564  1 0.2761 0.1823 0.2421 0.1404 0.1592 
         565  1 0.1965 0.2482 0.1781 0.1806 0.1965 
         566  1 0.4311 0.1368 0.1747 0.1308 0.1266 
         567  1 0.1886 0.1989 0.1076 0.2979 0.2069 
         568  1 0.1146 0.2371 0.2959 0.1183 0.2341 
         569  1 0.1525 0.1541 0.2427 0.3457 0.1050 
         570  1 0.0967 0.1501 0.2127 0.3184 0.2220 
         571  1 0.2233 0.2369 0.1797 0.1745 0.1856 
         572  1 0.1102 0.1271 0.5298 0.1136 0.1194 
         573  1 0.2985 0.1781 0.1097 0.1856 0.2281 
         574  1 0.2289 0.2104 0.1454 0.2977 0.1176 
         575  1 0.2369 0.1097 0.1025 0.3384 0.2124 
         576  1 0.3541 0.2191 0.1301 0.1065 0.1902 
         577  1 0.1933 0.1728 0.3009 0.1962 0.1367 
         578  1 0.1164 0.1790 0.0986 0.4200 0.1860 
         579  1 0.2020 0.1752 0.1913 0.2423 0.1891 
         580  1 0.3010 0.2440 0.2377 0.1227 0.0946 
         581  1 0.0786 0.1590 0.1212 0.3064 0.3348 
         582  1 0.1530 0.2512 0.1822 0.2934 0.1202 
         583  1 0.2061 0.2144 0.1372 0.1517 0.2907 
         584  1 0.2132 0.3011 0.1522 0.1260 0.2075 
         585  1 0.2696 0.1570 0.1905 0.2574 0.1256 
         586  1 0.2845 0.1878 0.0965 0.2106 0.2206 
         587  1 0.1347 0.2330 0.2599 0.2843 0.0882 
         588  1 0.2781 0.1765 0.1517 0.2856 0.1081 
         589  1 0.1739 0.2598 0.1572 0.1596 0.2495 
         590  1 0.2128 0.1619 0.1847 0.2859 0.1547 
         591  1 0.1714 0.3202 0.1185 0.1922 0.1977 
         592  1 0.1618 0.1965 0.3006 0.2348 0.1063 
         593  1 0.1720 0.2030 0.1199 0.2489 0.2562 
         594  1 0.1284 0.2289 0.1904 0.1211 0.3312 
         595  1 0.1467 0.1984 0.2292 0.1691 0.2565 
         596  1 0.0973 0.2533 0.2917 0.1946 0.1631 
         597  1 0.1753 0.2107 0.2158 0.1687 0.2295 
         598  1 0.2169 0.1281 0.1442 0.1713 0.3395 
         599  1 0.1369 0.1469 0.0859 0.2858 0.3445 
         600  1 0.1450 0.2219 0.2248 0.2246 0.1837 
         601  1 0.3182 0.2355 0.1920 0.1487 0.1056 
         602  1 0.1291 0.1950 0.2643 0.3004 0.1112 
         603  1 0.2004 0.2688 0.2508 0.1104 0.1695 
         604  1 0.1206 0.2559 0.2615 0.1272 0.2348 
         605  1 0.2270 0.1686 0.4171 0.1087 0.0786 
         606  1 0.2138 0.1747 0.1008 0.1396 0.3710 
         607  1 0.4582 0.2026 0.1440 0.1052 0.0899 
         608  1 0.1281 0.2569 0.2634 0.1637 0.1879 
         609  1 0.2758 0.2232 0.1609 0.1073 0.2328 
         610  1 0.3104 0.1370 0.0844 0.3448 0.1234 
         611  1 0.3197 0.2096 0.1015 0.2327 0.1366 
         612  1 0.2239 0.1621 0.1577 0.2772 0.1790 
         613  1 0.1815 0.2458 0.2049 0.2314 0.1364 
         614  1 0.1988 0.2197 0.1897 0.1415 0.2504 
         615  1 0.2037 0.1926 0.4147 0.1164 0.0727 
         616  1 0.3896 0.2119 0.1326 0.1573 0.1087 
         617  1 0.1082 0.2723 0.2018 0.2372 0.1805 
         618  1 0.2565 0.1497 0.1700 0.3437 0.0801 
         619  1 0.2338 0.2461 0.0914 0.2437 0.1851 
         620  1 0.3271 0.1368 0.1067 0.0799 0.3494 
         621  1 0.1385 0.2374 0.2168 0.1797 0.2277 
         622  1 0.4371 0.1965 0.1591 0.1117 0.0956 
         623  1 0.3555 0.1829 0.1587 0.1616 0.1413 
         624  1 0.1466 0.2188 0.1838 0.3595 0.0913 
         625  1 0.3746 0.1409 0.1501 0.1029 0.2315 
         626  1 0.2516 0.1352 0.1356 0.3867 0.0910 
         627  1 0.1398 0.1867 0.3271 0.0968 0.2496 
         628  1 0.1247 0.2596 0.3537 0.1292 0.1328 
         629  1 0.2706 0.1913 0.1627 0.2356 0.1398 
         630  1 0.1910 0.1890 0.2821 0.1367 0.2011 
         631  1 0.1059 0.2172 0.2337 0.1526 0.2906 
         632  1 0.1568 0.1854 0.1200 0.1107 0.4271 
         633  1 0.2533 0.2197 0.2102 0.1454 0.1714 
         634  1 0.1294 0.1851 0.1664 0.4269 0.0921 
         635  1 0.3474 0.1352 0.2934 0.1131 0.1109 
         636  1 0.2221 0.1777 0.2121 0.2059 0.1822 
         637  1 0.1271 0.1845 0.2948 0.1743 0.2193 
         638  1 0.1362 0.1272 0.1971 0.4495 0.0900 
         639  1 0.1720 0.3528 0.2088 0.1199 0.1465 
         640  1 0.2238 0.2023 0.2104 0.1846 0.1789 
         641  1 0.2320 0.2938 0.1577 0.1584 0.1581 
         642  1 0.1393 0.1814 0.1205 0.4308 0.1279 
         643  1 0.1248 0.1832 0.4370 0.1124 0.1426 
         644  1 0.3095 0.1474 0.1050 0.3751 0.0630 
         645  1 0.1204 0.2289 0.1722 0.1647 0.3138 
         646  1 0.1850 0.1479 0.1917 0.3143 0.1611 
         647  1 0.1460 0.1367 0.3746 0.1122 0.2304 
         648  1 0.2116 0.4536 0.1351 0.0845 0.1152 
         649  1 0.2533 0.1475 0.0831 0.2569 0.2592 
         650  1 0.3053 0.1711 0.0973 0.2469 0.1794 
         651  1 0.0695 0.7333 0.0704 0.0484 0.0784 
         652  1 0.1260 0.1256 0.1093 0.0819 0.5572 
         653  1 0.0792 0.1269 0.1146 0.1722 0.5070 
         654  1 0.2175 0.2329 0.2159 0.1365 0.1972 
         655  1 0.4181 0.1888 0.1987 0.0856 0.1087 
         656  1 0.1437 0.0917 0.6227 0.0793 0.0627 
         657  1 0.1055 0.3345 0.1929 0.2107 0.1565 
         658  1 0.2960 0.1802 0.1023 0.1134 0.3082 
         659  1 0.2072 0.1952 0.2005 0.1373 0.2598 
         660  1 0.0746 0.1742 0.2599 0.2829 0.2084 
         661  1 0.0896 0.2197 0.1844 0.4322 0.0743 
         662  1 0.2160 0.1676 0.1345 0.3932 0.0886 
         663  1 0.1918 0.2833 0.2324 0.1484 0.1442 
         664  1 0.2862 0.1680 0.1821 0.1428 0.2210 
         665  1 0.1498 0.1916 0.2142 0.1149 0.3294 
         666  1 0.1310 0.4024 0.1490 0.0978 0.2199 
         667  1 0.2559 0.1847 0.0848 0.2562 0.2185 
         668  1 0.3124 0.3111 0.1570 0.1056 0.1138 
         669  1 0.2208 0.2417 0.1311 0.1585 0.2480 
         670  1 0.1117 0.1545 0.2528 0.2716 0.2094 
         671  1 0.0955 0.1007 0.5691 0.1426 0.0921 
         672  1 0.1058 0.1552 0.1173 0.1174 0.5043 
         673  1 0.1173 0.1652 0.3046 0.2760 0.1369 
         674  1 0.1394 0.2170 0.3246 0.1705 0.1486 
         675  1 0.1159 0.1794 0.5028 0.0813 0.1207 
         676  1 0.1454 0.2677 0.1292 0.3807 0.0770 
         677  1 0.2656 0.1407 0.1032 0.3562 0.1343 
         678  1 0.1736 0.2169 0.1946 0.2246 0.1903 
         679  1 0.1154 0.2267 0.3188 0.1722 0.1670 
         680  1 0.1907 0.1861 0.1269 0.3371 0.1593 
         681  1 0.1415 0.2244 0.3620 0.0955 0.1767 
         682  1 0.3539 0.2074 0.2475 0.1263 0.0649 
         683  1 0.3881 0.1500 0.1939 0.1468 0.1212 
         684  1 0.1333 0.2531 0.1884 0.0783 0.3468 
         685  1 0.1903 0.1940 0.2914 0.1554 0.1689 
         686  1 0.1863 0.2324 0.2332 0.1389 0.2091 
         687  1 0.1189 0.2760 0.3373 0.1276 0.1402 
         688  1 0.3333 0.2844 0.0913 0.1305 0.1606 
         689  1 0.1122 0.1188 0.6320 0.0742 0.0629 
         690  1 0.2096 0.2358 0.2113 0.1203 0.2231 
         691  1 0.0897 0.1875 0.3192 0.1375 0.2661 
         692  1 0.1325 0.1158 0.1078 0.4677 0.1762 
         693  1 0.2172 0.3647 0.1174 0.2077 0.0929 
         694  1 0.1750 0.1589 0.1516 0.1993 0.3152 
         695  1 0.1702 0.1489 0.4728 0.1193 0.0888 
         696  1 0.2052 0.1992 0.1175 0.2339 0.2441 
         697  1 0.1859 0.1494 0.1424 0.2289 0.2935 
         698  1 0.2649 0.1695 0.3519 0.0889 0.1248 
         699  1 0.1256 0.1920 0.4735 0.1068 0.1021 
         700  1 0.4698 0.1182 0.0821 0.1788 0.1511 
         701  1 0.2062 0.2274 0.2429 0.1374 0.1861 
         702  1 0.2451 0.2006 0.1637 0.1563 0.2343 
         703  1 0.1444 0.2634 0.0829 0.3017 0.2076 
         704  1 0.4371 0.1529 0.1280 0.1907 0.0913 
         705  1 0.1770 0.1674 0.1237 0.1656 0.3663 
         706  1 0.3280 0.1846 0.1337 0.1827 0.1710 
         707  1 0.3800 0.2224 0.1428 0.1294 0.1254 
         708  1 0.1817 0.1659 0.1312 0.2217 0.2996 
         709  1 0.0979 0.1831 0.2537 0.3414 0.1239 
         710  1 0.1226 0.1504 0.1460 0.3150 0.2659 
         711  1 0.1403 0.2356 0.1586 0.1757 0.2898 
         712  1 0.0987 0.2226 0.4645 0.1302 0.0840 
         713  1 0.3296 0.1807 0.1877 0.1190 0.1830 
         714  1 0.3175 0.2124 0.1236 0.1564 0.1900 
         715  1 0.2026 0.2968 0.1806 0.1357 0.1844 
         716  1 0.1467 0.1811 0.4009 0.1477 0.1236 
         717  1 0.1336 0.2945 0.1206 0.1106 0.3407 
         718  1 0.2624 0.1280 0.1422 0.2673 0.2001 
         719  1 0.4478 0.1461 0.1252 0.2046 0.0762 
         720  1 0.1800 0.1448 0.1296 0.1446 0.4010 
         721  1 0.1488 0.1655 0.3306 0.2423 0.1127 
         722  1 0.1351 0.2555 0.0800 0.2174 0.3120 
         723  1 0.2505 0.1920 0.1710 0.2415 0.1450 
         724  1 0.1212 0.1285 0.5118 0.0830 0.1555 
         725  1 0.1578 0.1702 0.2708 0.2813 0.1198 
         726  1 0.1700 0.1798 0.2136 0.2728 0.1638 
         727  1 0.1164 0.1618 0.2572 0.1964 0.2682 
         728  1 0.4449 0.2084 0.0880 0.0896 0.1691 
         729  1 0.2046 0.3245 0.2271 0.1368 0.1070 
         730  1 0.1793 0.1571 0.1009 0.1582 0.4045 
         731  1 0.1719 0.2077 0.1738 0.1241 0.3225 
         732  1 0.1961 0.1706 0.1272 0.1576 0.3485 
         733  1 0.1522 0.1750 0.3840 0.1071 0.1817 
         734  1 0.1854 0.2614 0.1671 0.2132 0.1728 
         735  1 0.3895 0.1882 0.1113 0.1518 0.1591 
         736  1 0.2763 0.2214 0.1235 0.1507 0.2281 
         737  1 0.1076 0.1080 0.5457 0.1175 0.1213 
         738  1 0.2413 0.2190 0.1419 0.2086 0.1892 
         739  1 0.1494 0.2516 0.1356 0.1358 0.3276 
         740  1 0.2277 0.1864 0.1752 0.1261 0.2847 
         741  1 0.1687 0.3211 0.1672 0.1371 0.2059 
         742  1 0.4177 0.2127 0.1136 0.1498 0.1062 
         743  1 0.0675 0.1528 0.5896 0.0892 0.1009 
         744  1 0.1554 0.1418 0.4567 0.1003 0.1458 
         745  1 0.4720 0.1257 0.1109 0.1819 0.1095 
         746  1 0.4239 0.1258 0.1161 0.2451 0.0891 
         747  1 0.1423 0.1218 0.1342 0.1808 0.4210 
         748  1 0.1651 0.1613 0.3072 0.1771 0.1893 
         749  1 0.2338 0.1482 0.2936 0.1153 0.2091 
         750  1 0.1789 0.2417 0.1747 0.2270 0.1776 
         751  1 0.2183 0.1877 0.1492 0.1673 0.2775 
         752  1 0.2927 0.1492 0.3485 0.1102 0.0994 
         753  1 0.1455 0.1451 0.2600 0.1436 0.3058 
         754  1 0.1499 0.1470 0.0941 0.3291 0.2799 
         755  1 0.1332 0.2070 0.2532 0.1960 0.2107 
         756  1 0.6020 0.0944 0.0655 0.0818 0.1563 
         757  1 0.1633 0.3649 0.1165 0.1647 0.1906 
         758  1 0.1051 0.1533 0.0986 0.1846 0.4584 
         759  1 0.2445 0.1689 0.2360 0.2030 0.1476 
         760  1 0.1752 0.1291 0.3824 0.2282 0.0851 
         761  1 0.2113 0.1849 0.1556 0.2732 0.1750 
         762  1 0.0962 0.1321 0.1100 0.1071 0.5547 
         763  1 0.2534 0.2022 0.2300 0.1989 0.1155 
         764  1 0.3297 0.2018 0.1268 0.1930 0.1486 
         765  1 0.2051 0.1426 0.1116 0.4351 0.1055 
         766  1 0.1907 0.2064 0.1602 0.1212 0.3214 
         767  1 0.1020 0.1298 0.1891 0.1176 0.4615 
         768  1 0.1617 0.2887 0.1393 0.1545 0.2559 
         769  1 0.2543 0.1669 0.0996 0.3268 0.1524 
