           1  1 0.3457 0.1292 0.1235 0.1506 0.0852 0.1658 
           2  1 0.1946 0.1234 0.2441 0.1761 0.0914 0.1704 
           3  1 0.1454 0.1084 0.1790 0.1012 0.2682 0.1979 
           4  1 0.1692 0.1668 0.1799 0.0813 0.0766 0.3261 
           5  1 0.1808 0.0923 0.1649 0.3192 0.1501 0.0928 
           6  1 0.2424 0.2894 0.0819 0.1758 0.0946 0.1158 
           7  1 0.1179 0.0803 0.0684 0.2083 0.3946 0.1304 
           8  1 0.1963 0.2011 0.2037 0.1272 0.1712 0.1004 
           9  1 0.1187 0.1098 0.0981 0.0934 0.1663 0.4137 
          10  1 0.1628 0.3151 0.3339 0.0505 0.0842 0.0536 
          11  1 0.1420 0.2400 0.2512 0.1453 0.1306 0.0909 
          12  1 0.1406 0.3461 0.2079 0.1085 0.0716 0.1251 
          13  1 0.1256 0.3044 0.1175 0.0983 0.1900 0.1642 
          14  1 0.1207 0.0699 0.0784 0.1573 0.1379 0.4357 
          15  1 0.0703 0.0507 0.0533 0.6339 0.1079 0.0838 
          16  1 0.1723 0.1200 0.1523 0.1439 0.3332 0.0783 
          17  1 0.1160 0.1183 0.2463 0.0961 0.1504 0.2729 
          18  1 0.1886 0.0602 0.2368 0.1552 0.0569 0.3024 
          19  1 0.2483 0.0673 0.1028 0.1265 0.1140 0.3411 
          20  1 0.1384 0.1420 0.1465 0.0796 0.2550 0.2386 
          21  1 0.2801 0.1792 0.2636 0.1202 0.0872 0.0698 
          22  1 0.2667 0.0787 0.0726 0.1027 0.2177 0.2615 
          23  1 0.1413 0.2508 0.1425 0.2878 0.0917 0.0859 
          24  1 0.1313 0.4139 0.1407 0.0872 0.1133 0.1136 
          25  1 0.2997 0.0825 0.2324 0.1144 0.1475 0.1235 
          26  1 0.1770 0.1255 0.1743 0.2052 0.1080 0.2101 
          27  1 0.1517 0.1167 0.1202 0.1209 0.2899 0.2006 
          28  1 0.1174 0.3150 0.1905 0.2072 0.0974 0.0726 
          29  1 0.2079 0.0684 0.1912 0.1488 0.0950 0.2888 
          30  1 0.1907 0.1263 0.1651 0.1175 0.1522 0.2482 
          31  1 0.1557 0.2592 0.2090 0.0827 0.1468 0.1465 
          32  1 0.1083 0.1087 0.0707 0.5207 0.0944 0.0972 
          33  1 0.1322 0.1202 0.1327 0.3340 0.1144 0.1665 
          34  1 0.1772 0.1562 0.2055 0.1755 0.0844 0.2011 
          35  1 0.1598 0.0854 0.1350 0.2256 0.1012 0.2930 
          36  1 0.1335 0.0617 0.1377 0.2711 0.1808 0.2153 
          37  1 0.1580 0.1953 0.1794 0.1837 0.1162 0.1674 
          38  1 0.2689 0.1205 0.0987 0.1422 0.1705 0.1992 
          39  1 0.1194 0.1726 0.4110 0.1361 0.0679 0.0930 
          40  1 0.3354 0.0545 0.1561 0.1431 0.2230 0.0879 
          41  1 0.1484 0.4003 0.1575 0.0883 0.0932 0.1123 
          42  1 0.1154 0.1115 0.1486 0.3194 0.2291 0.0761 
          43  1 0.1623 0.0884 0.4034 0.0639 0.0744 0.2076 
          44  1 0.1706 0.1621 0.1310 0.1063 0.2373 0.1928 
          45  1 0.1690 0.2126 0.2058 0.2335 0.0834 0.0956 
          46  1 0.1889 0.0902 0.2185 0.1868 0.2172 0.0984 
          47  1 0.2550 0.0983 0.2272 0.0880 0.1814 0.1501 
          48  1 0.0894 0.0577 0.0919 0.5897 0.0725 0.0988 
          49  1 0.1259 0.1917 0.0700 0.0504 0.2618 0.3003 
          50  1 0.1768 0.0840 0.1111 0.1323 0.2571 0.2387 
          51  1 0.2506 0.2083 0.1660 0.0863 0.0887 0.2002 
          52  1 0.1075 0.4216 0.0847 0.0678 0.2454 0.0730 
          53  1 0.2686 0.1354 0.1476 0.1014 0.1698 0.1772 
          54  1 0.1576 0.1840 0.1665 0.1329 0.1115 0.2475 
          55  1 0.1998 0.0763 0.2082 0.3108 0.1107 0.0941 
          56  1 0.1192 0.1167 0.1129 0.4965 0.0879 0.0668 
          57  1 0.1925 0.2389 0.1400 0.1013 0.1717 0.1556 
          58  1 0.0956 0.0607 0.0619 0.6775 0.0464 0.0578 
          59  1 0.1413 0.0723 0.2422 0.2282 0.2389 0.0771 
          60  1 0.1828 0.1403 0.1116 0.1264 0.2406 0.1985 
          61  1 0.2009 0.1064 0.1374 0.0850 0.3240 0.1463 
          62  1 0.1712 0.2807 0.1890 0.1627 0.1408 0.0555 
          63  1 0.1481 0.1791 0.1402 0.1107 0.3139 0.1080 
          64  1 0.2208 0.2491 0.2118 0.0800 0.1165 0.1218 
          65  1 0.1881 0.0900 0.3226 0.1071 0.1673 0.1248 
          66  1 0.1641 0.1688 0.2505 0.0952 0.1365 0.1850 
          67  1 0.1048 0.5287 0.1445 0.0542 0.0878 0.0801 
          68  1 0.1256 0.0927 0.1159 0.1084 0.3740 0.1834 
          69  1 0.2382 0.3022 0.0976 0.0829 0.2150 0.0642 
          70  1 0.1509 0.1870 0.0728 0.2963 0.1420 0.1510 
          71  1 0.1512 0.3878 0.1535 0.0960 0.0883 0.1231 
          72  1 0.1213 0.4834 0.1187 0.0847 0.0955 0.0964 
          73  1 0.1496 0.1109 0.2744 0.2125 0.0921 0.1605 
          74  1 0.1855 0.1700 0.0969 0.0937 0.2630 0.1910 
          75  1 0.1391 0.1895 0.1491 0.1458 0.1507 0.2258 
          76  1 0.1567 0.1001 0.3971 0.0721 0.1643 0.1098 
          77  1 0.1457 0.1393 0.2820 0.1931 0.1146 0.1253 
          78  1 0.2131 0.1598 0.3068 0.0703 0.1061 0.1439 
          79  1 0.0956 0.3982 0.1096 0.2379 0.0699 0.0887 
          80  1 0.1586 0.2050 0.1428 0.1250 0.2439 0.1247 
          81  1 0.1400 0.3453 0.1677 0.0624 0.2065 0.0781 
          82  1 0.1903 0.1871 0.1415 0.2743 0.1284 0.0784 
          83  1 0.0580 0.0557 0.0527 0.0531 0.7083 0.0722 
          84  1 0.1544 0.1041 0.1925 0.1290 0.2993 0.1205 
          85  1 0.1591 0.1806 0.2279 0.1898 0.1366 0.1059 
          86  1 0.2145 0.0987 0.2522 0.2327 0.1342 0.0677 
          87  1 0.1423 0.3017 0.2733 0.0551 0.1462 0.0814 
          88  1 0.1520 0.0922 0.3132 0.2206 0.0932 0.1288 
          89  1 0.2078 0.0786 0.1382 0.0987 0.2509 0.2258 
          90  1 0.2187 0.1172 0.1021 0.1861 0.2929 0.0831 
          91  1 0.1424 0.1496 0.2502 0.1510 0.1595 0.1473 
          92  1 0.1450 0.2450 0.1051 0.2501 0.1862 0.0686 
          93  1 0.1217 0.1306 0.3400 0.0749 0.2139 0.1188 
          94  1 0.2482 0.1198 0.2246 0.0664 0.1179 0.2233 
          95  1 0.2389 0.2020 0.1104 0.2049 0.1297 0.1141 
          96  1 0.1442 0.1404 0.2331 0.1410 0.1287 0.2126 
          97  1 0.1339 0.3800 0.1520 0.1036 0.1348 0.0958 
          98  1 0.1467 0.2049 0.1458 0.1119 0.2337 0.1570 
          99  1 0.1484 0.3182 0.1587 0.0877 0.1775 0.1093 
         100  1 0.1251 0.2623 0.1169 0.1330 0.1687 0.1941 
         101  1 0.1596 0.2034 0.1360 0.0907 0.2340 0.1763 
         102  1 0.1152 0.0685 0.1107 0.4114 0.1642 0.1300 
         103  1 0.1221 0.0719 0.1152 0.2982 0.1177 0.2749 
         104  1 0.1249 0.1340 0.4030 0.1160 0.1261 0.0959 
         105  1 0.1359 0.2115 0.1540 0.1128 0.1380 0.2478 
         106  1 0.2504 0.1686 0.1077 0.1428 0.1705 0.1601 
         107  1 0.2691 0.1970 0.1421 0.1768 0.1516 0.0634 
         108  1 0.1419 0.3258 0.1170 0.1755 0.1748 0.0649 
         109  1 0.1355 0.1218 0.1602 0.1004 0.2893 0.1929 
         110  1 0.1200 0.1121 0.0922 0.0969 0.0788 0.5000 
         111  1 0.2545 0.0783 0.1139 0.2226 0.1761 0.1546 
         112  1 0.1592 0.0984 0.1355 0.1682 0.1368 0.3019 
         113  1 0.2504 0.1781 0.2511 0.1512 0.0879 0.0812 
         114  1 0.1671 0.0982 0.1084 0.1126 0.1857 0.3280 
         115  1 0.1810 0.2939 0.1139 0.1530 0.1742 0.0840 
         116  1 0.2113 0.1528 0.0889 0.2066 0.2408 0.0996 
         117  1 0.1279 0.1216 0.1179 0.4710 0.0723 0.0892 
         118  1 0.1082 0.1353 0.1325 0.0927 0.1207 0.4106 
         119  1 0.1553 0.0665 0.1758 0.3163 0.1159 0.1703 
         120  1 0.1200 0.0848 0.1501 0.4140 0.0707 0.1604 
         121  1 0.1594 0.1538 0.1043 0.0925 0.2629 0.2270 
         122  1 0.1398 0.3323 0.2104 0.0560 0.1564 0.1050 
         123  1 0.1280 0.1138 0.0994 0.4746 0.0820 0.1022 
         124  1 0.1874 0.2338 0.2353 0.0812 0.1721 0.0903 
         125  1 0.1279 0.1629 0.1140 0.3987 0.1307 0.0659 
         126  1 0.3208 0.1404 0.1498 0.1307 0.1408 0.1175 
         127  1 0.1156 0.2844 0.2450 0.1810 0.0766 0.0974 
         128  1 0.1687 0.1597 0.1192 0.3600 0.1328 0.0595 
         129  1 0.1233 0.4593 0.1310 0.0910 0.1283 0.0671 
         130  1 0.2142 0.2813 0.1670 0.0775 0.0778 0.1821 
         131  1 0.2394 0.1462 0.2869 0.0912 0.1604 0.0760 
         132  1 0.1140 0.0708 0.1320 0.5368 0.0683 0.0782 
         133  1 0.1550 0.0817 0.1681 0.2073 0.0669 0.3210 
         134  1 0.2407 0.1402 0.1303 0.1493 0.1964 0.1432 
         135  1 0.1448 0.1244 0.0870 0.0671 0.0568 0.5198 
         136  1 0.1702 0.0864 0.1606 0.1962 0.2612 0.1254 
         137  1 0.1574 0.1013 0.4209 0.1132 0.1286 0.0787 
         138  1 0.2396 0.1171 0.2290 0.1864 0.0999 0.1280 
         139  1 0.1583 0.1920 0.1549 0.2340 0.0680 0.1927 
         140  1 0.1481 0.1950 0.2130 0.0817 0.2779 0.0844 
         141  1 0.1378 0.1872 0.1416 0.1677 0.0761 0.2897 
         142  1 0.1085 0.0704 0.0869 0.5301 0.1201 0.0840 
         143  1 0.2640 0.2203 0.1325 0.0882 0.2180 0.0771 
         144  1 0.1567 0.0839 0.1734 0.1439 0.2714 0.1707 
         145  1 0.1896 0.0891 0.1901 0.1558 0.1158 0.2596 
         146  1 0.2184 0.2021 0.1346 0.0803 0.1445 0.2202 
         147  1 0.1624 0.0970 0.0912 0.1457 0.3069 0.1968 
         148  1 0.1357 0.1675 0.1309 0.0981 0.2339 0.2338 
         149  1 0.1211 0.1354 0.2045 0.3508 0.1030 0.0852 
         150  1 0.1452 0.1674 0.1233 0.0658 0.0948 0.4034 
         151  1 0.1284 0.2285 0.0787 0.0871 0.1441 0.3332 
         152  1 0.2503 0.1481 0.1525 0.1014 0.1932 0.1545 
         153  1 0.1358 0.1312 0.1287 0.1199 0.3080 0.1763 
         154  1 0.1794 0.1932 0.1483 0.1641 0.1634 0.1515 
         155  1 0.1101 0.0955 0.1095 0.4702 0.1329 0.0817 
         156  1 0.1454 0.3313 0.1000 0.1047 0.1625 0.1562 
         157  1 0.2717 0.1472 0.2164 0.1339 0.1300 0.1007 
         158  1 0.1352 0.1139 0.5330 0.0822 0.0780 0.0578 
         159  1 0.1281 0.2004 0.1554 0.2996 0.1131 0.1034 
         160  1 0.2003 0.1311 0.2236 0.2420 0.1053 0.0976 
         161  1 0.3276 0.0733 0.0951 0.2372 0.0645 0.2023 
         162  1 0.1348 0.1337 0.1832 0.1392 0.1000 0.3091 
         163  1 0.1633 0.1589 0.1058 0.1413 0.1190 0.3117 
         164  1 0.0907 0.0808 0.1485 0.4527 0.1782 0.0492 
         165  1 0.1900 0.1393 0.2382 0.1162 0.1834 0.1329 
         166  1 0.2593 0.2968 0.1004 0.1224 0.1105 0.1105 
         167  1 0.0876 0.1295 0.0593 0.5873 0.0563 0.0800 
         168  1 0.1600 0.2016 0.1757 0.1606 0.1387 0.1633 
         169  1 0.2480 0.2793 0.1174 0.1212 0.1070 0.1272 
         170  1 0.1362 0.2477 0.1013 0.0614 0.1018 0.3516 
         171  1 0.1540 0.1692 0.1184 0.2377 0.1720 0.1487 
         172  1 0.1169 0.1199 0.1385 0.0739 0.1347 0.4162 
         173  1 0.1596 0.2238 0.1475 0.2412 0.0788 0.1492 
         174  1 0.1882 0.1113 0.2058 0.1140 0.2578 0.1228 
         175  1 0.1945 0.1329 0.2738 0.0772 0.1137 0.2079 
         176  1 0.1401 0.1056 0.1383 0.0766 0.1294 0.4100 
         177  1 0.0927 0.1405 0.3008 0.0655 0.3393 0.0613 
         178  1 0.1758 0.1783 0.2836 0.0970 0.1348 0.1305 
         179  1 0.1703 0.1444 0.2589 0.1960 0.1153 0.1151 
         180  1 0.1415 0.2383 0.1414 0.0885 0.1929 0.1974 
         181  1 0.1529 0.1386 0.1585 0.3223 0.0917 0.1360 
         182  1 0.0493 0.0584 0.0508 0.0523 0.7498 0.0393 
         183  1 0.3109 0.0855 0.0842 0.1189 0.0935 0.3070 
         184  1 0.1698 0.1767 0.1332 0.1081 0.2063 0.2060 
         185  1 0.2325 0.1078 0.1459 0.2006 0.1307 0.1824 
         186  1 0.1801 0.0969 0.1018 0.1819 0.2022 0.2372 
         187  1 0.1625 0.1445 0.2284 0.1008 0.0837 0.2802 
         188  1 0.1394 0.0896 0.0923 0.3605 0.1474 0.1708 
         189  1 0.2246 0.1281 0.0780 0.1009 0.2157 0.2526 
         190  1 0.1128 0.3243 0.1250 0.1021 0.1146 0.2212 
         191  1 0.2763 0.1454 0.1888 0.1581 0.0875 0.1439 
         192  1 0.2320 0.2284 0.1258 0.1129 0.2237 0.0772 
         193  1 0.2006 0.1559 0.1464 0.1232 0.1348 0.2391 
         194  1 0.1854 0.0777 0.1925 0.3229 0.1179 0.1036 
         195  1 0.1426 0.2262 0.3698 0.0730 0.1022 0.0862 
         196  1 0.2413 0.1153 0.1641 0.1342 0.1068 0.2384 
         197  1 0.1136 0.0826 0.0821 0.3955 0.1990 0.1272 
         198  1 0.1618 0.1918 0.0785 0.1615 0.0702 0.3362 
         199  1 0.1262 0.1166 0.1182 0.1179 0.4612 0.0599 
         200  1 0.1815 0.1755 0.0999 0.2673 0.0859 0.1899 
         201  1 0.1164 0.1575 0.2914 0.0672 0.2812 0.0863 
         202  1 0.1657 0.1048 0.1612 0.1304 0.2426 0.1952 
         203  1 0.1589 0.2108 0.1721 0.1430 0.2197 0.0956 
         204  1 0.1355 0.1862 0.1536 0.0761 0.2205 0.2281 
         205  1 0.1829 0.1403 0.1904 0.1206 0.2588 0.1070 
         206  1 0.1541 0.3600 0.1765 0.0905 0.1349 0.0840 
         207  1 0.2605 0.1181 0.1767 0.1486 0.2095 0.0866 
         208  1 0.1616 0.1379 0.1557 0.0789 0.2044 0.2615 
         209  1 0.2277 0.1933 0.2912 0.1315 0.0839 0.0725 
         210  1 0.1853 0.2235 0.1633 0.1133 0.1156 0.1991 
         211  1 0.1738 0.1337 0.3967 0.0637 0.1494 0.0826 
         212  1 0.1580 0.0593 0.1020 0.1824 0.1046 0.3937 
         213  1 0.1647 0.1510 0.1927 0.2699 0.0990 0.1227 
         214  1 0.1673 0.4788 0.0946 0.0612 0.1035 0.0946 
         215  1 0.1588 0.1059 0.1280 0.2626 0.1571 0.1876 
         216  1 0.1375 0.2139 0.3357 0.1161 0.0843 0.1126 
         217  1 0.1953 0.0873 0.2397 0.2105 0.0847 0.1825 
         218  1 0.1371 0.1496 0.0885 0.4431 0.0747 0.1069 
         219  1 0.1332 0.1412 0.1222 0.1094 0.1580 0.3360 
         220  1 0.2386 0.1681 0.2255 0.0948 0.1775 0.0955 
         221  1 0.0816 0.1345 0.0747 0.0732 0.5673 0.0685 
         222  1 0.2456 0.1204 0.2190 0.1732 0.0907 0.1511 
         223  1 0.2235 0.1126 0.2144 0.2413 0.1116 0.0966 
         224  1 0.2063 0.2221 0.1704 0.0988 0.1802 0.1222 
         225  1 0.2426 0.2207 0.2995 0.0607 0.1069 0.0697 
         226  1 0.1446 0.1204 0.2629 0.1658 0.0822 0.2241 
         227  1 0.1309 0.2625 0.2941 0.1161 0.1093 0.0870 
         228  1 0.1361 0.1262 0.2964 0.1570 0.1376 0.1467 
         229  1 0.1783 0.1289 0.1226 0.1559 0.2658 0.1485 
         230  1 0.0980 0.0634 0.0951 0.1014 0.0810 0.5611 
         231  1 0.1792 0.1149 0.3079 0.1229 0.1117 0.1634 
         232  1 0.1331 0.0968 0.3047 0.1316 0.2790 0.0548 
         233  1 0.1466 0.0713 0.2361 0.0936 0.0682 0.3842 
         234  1 0.1868 0.1410 0.3011 0.1290 0.0926 0.1495 
         235  1 0.1908 0.1075 0.1449 0.1228 0.2263 0.2077 
         236  1 0.1247 0.0699 0.1645 0.2810 0.1827 0.1772 
         237  1 0.1683 0.1100 0.2632 0.1376 0.2271 0.0939 
         238  1 0.3234 0.1275 0.1029 0.1095 0.1243 0.2125 
         239  1 0.1149 0.1747 0.1553 0.1060 0.1352 0.3138 
         240  1 0.1573 0.0999 0.2143 0.1648 0.1941 0.1696 
         241  1 0.1499 0.2538 0.2879 0.0807 0.1233 0.1044 
         242  1 0.1586 0.2613 0.0883 0.1345 0.2567 0.1005 
         243  1 0.1346 0.2226 0.0988 0.3029 0.1436 0.0976 
         244  1 0.1468 0.1052 0.3232 0.0703 0.2706 0.0840 
         245  1 0.1244 0.1683 0.1314 0.2215 0.1241 0.2302 
         246  1 0.1208 0.1524 0.1153 0.2891 0.1394 0.1831 
         247  1 0.1220 0.1343 0.3520 0.0816 0.0907 0.2195 
         248  1 0.1685 0.1245 0.3234 0.0866 0.0822 0.2149 
         249  1 0.2099 0.1980 0.1079 0.1205 0.1268 0.2369 
         250  1 0.1371 0.0763 0.0954 0.4437 0.1211 0.1263 
         251  1 0.2905 0.1156 0.1470 0.2092 0.0996 0.1382 
         252  1 0.2163 0.3046 0.1851 0.0920 0.1175 0.0845 
         253  1 0.1246 0.2762 0.1142 0.2478 0.1428 0.0944 
         254  1 0.1721 0.1235 0.1036 0.1405 0.0801 0.3802 
         255  1 0.1094 0.1045 0.1081 0.1012 0.4523 0.1245 
         256  1 0.2200 0.1427 0.1497 0.2872 0.1145 0.0859 
         257  1 0.0953 0.5188 0.0950 0.0908 0.0560 0.1440 
         258  1 0.1551 0.1273 0.1514 0.1444 0.2637 0.1581 
         259  1 0.1295 0.4031 0.1330 0.0728 0.0977 0.1639 
         260  1 0.1350 0.2295 0.1927 0.1577 0.1869 0.0982 
         261  1 0.1581 0.2003 0.2448 0.0919 0.0800 0.2250 
         262  1 0.1567 0.1168 0.1910 0.1588 0.2116 0.1650 
         263  1 0.2296 0.1674 0.1671 0.0719 0.1350 0.2290 
         264  1 0.1699 0.1198 0.1859 0.1413 0.2343 0.1488 
         265  1 0.2959 0.1101 0.1785 0.0678 0.2088 0.1389 
         266  1 0.2332 0.1891 0.1282 0.2570 0.0863 0.1063 
         267  1 0.2428 0.0785 0.0873 0.0941 0.3471 0.1502 
         268  1 0.1425 0.1303 0.0954 0.0957 0.0683 0.4678 
         269  1 0.1114 0.2209 0.1249 0.0718 0.2534 0.2175 
         270  1 0.1874 0.1213 0.1890 0.0671 0.2212 0.2139 
         271  1 0.2218 0.1397 0.1856 0.1508 0.1537 0.1483 
         272  1 0.1424 0.2888 0.2015 0.0765 0.0935 0.1974 
         273  1 0.1762 0.1155 0.2234 0.1390 0.2403 0.1056 
         274  1 0.0936 0.0739 0.0971 0.0615 0.1002 0.5736 
         275  1 0.1136 0.0964 0.1624 0.0830 0.3063 0.2382 
         276  1 0.1358 0.2068 0.1854 0.3096 0.1038 0.0585 
         277  1 0.0698 0.0914 0.0602 0.0625 0.6215 0.0946 
         278  1 0.1111 0.2411 0.1525 0.0488 0.2996 0.1469 
         279  1 0.1528 0.0785 0.1650 0.2395 0.2257 0.1385 
         280  1 0.1364 0.1046 0.2500 0.1836 0.1434 0.1820 
         281  1 0.3124 0.2173 0.0876 0.0682 0.1446 0.1699 
         282  1 0.1082 0.4382 0.0919 0.0857 0.0753 0.2007 
         283  1 0.1397 0.0997 0.1317 0.2469 0.2531 0.1289 
         284  1 0.1063 0.0757 0.1208 0.1288 0.5006 0.0678 
         285  1 0.1686 0.1981 0.3082 0.1240 0.0816 0.1195 
         286  1 0.1740 0.2226 0.0818 0.0759 0.2809 0.1648 
         287  1 0.1215 0.0860 0.0804 0.4254 0.1571 0.1297 
         288  1 0.0534 0.0464 0.0608 0.0466 0.7459 0.0469 
         289  1 0.1736 0.1209 0.2173 0.1688 0.1321 0.1873 
         290  1 0.1413 0.0810 0.4547 0.0993 0.0688 0.1548 
         291  1 0.2511 0.0874 0.0915 0.2802 0.0707 0.2192 
         292  1 0.1682 0.2662 0.1329 0.1820 0.1728 0.0780 
         293  1 0.1210 0.1521 0.0742 0.1501 0.0804 0.4222 
         294  1 0.1620 0.1991 0.2478 0.0950 0.1620 0.1341 
         295  1 0.0804 0.1246 0.0689 0.6291 0.0476 0.0493 
         296  1 0.1035 0.0808 0.1061 0.1282 0.4618 0.1196 
         297  1 0.1490 0.1275 0.1701 0.1178 0.2032 0.2323 
         298  1 0.1026 0.4567 0.1167 0.1491 0.0544 0.1205 
         299  1 0.0837 0.0989 0.1038 0.5996 0.0623 0.0515 
         300  1 0.1321 0.1916 0.0952 0.1462 0.1624 0.2725 
         301  1 0.1445 0.2106 0.1140 0.2369 0.1583 0.1358 
         302  1 0.0888 0.0518 0.0678 0.6344 0.0671 0.0900 
         303  1 0.2696 0.1152 0.2107 0.0861 0.0881 0.2302 
         304  1 0.1214 0.4152 0.0960 0.1205 0.0958 0.1511 
         305  1 0.1738 0.0779 0.3419 0.1290 0.1154 0.1620 
         306  1 0.0980 0.0789 0.0705 0.2845 0.4073 0.0608 
         307  1 0.1605 0.2363 0.1636 0.1603 0.1339 0.1452 
         308  1 0.2047 0.1886 0.1717 0.1250 0.1928 0.1172 
         309  1 0.1417 0.2560 0.1138 0.0825 0.2280 0.1781 
         310  1 0.1958 0.0981 0.1048 0.0915 0.3270 0.1828 
         311  1 0.1321 0.1837 0.1102 0.1993 0.3021 0.0726 
         312  1 0.1303 0.1393 0.1156 0.0809 0.2498 0.2841 
         313  1 0.1428 0.1573 0.1629 0.1994 0.2095 0.1281 
         314  1 0.2159 0.2192 0.1251 0.1599 0.2044 0.0755 
         315  1 0.1479 0.1776 0.2062 0.1843 0.2155 0.0686 
         316  1 0.2014 0.2334 0.1005 0.1326 0.1562 0.1759 
         317  1 0.1133 0.1291 0.1494 0.0666 0.2529 0.2887 
         318  1 0.1448 0.1109 0.1076 0.0792 0.0899 0.4676 
         319  1 0.2248 0.1181 0.1617 0.2272 0.1124 0.1558 
         320  1 0.0972 0.1171 0.1613 0.3667 0.1862 0.0715 
         321  1 0.1733 0.0694 0.2826 0.1203 0.0877 0.2666 
         322  1 0.2084 0.1698 0.2569 0.1009 0.1260 0.1379 
         323  1 0.1054 0.1196 0.0934 0.1757 0.3828 0.1231 
         324  1 0.2325 0.1471 0.3482 0.0753 0.0924 0.1045 
         325  1 0.1387 0.1364 0.1214 0.1141 0.1151 0.3743 
         326  1 0.1049 0.1475 0.1119 0.0739 0.4612 0.1006 
         327  1 0.1325 0.1139 0.2683 0.1497 0.0960 0.2395 
         328  1 0.1974 0.3166 0.1559 0.0974 0.0969 0.1358 
         329  1 0.1284 0.1846 0.3511 0.1017 0.1469 0.0873 
         330  1 0.1170 0.1832 0.4970 0.0584 0.0854 0.0589 
         331  1 0.2003 0.1280 0.1994 0.1276 0.2095 0.1352 
         332  1 0.1895 0.2693 0.1129 0.0868 0.1049 0.2366 
         333  1 0.1396 0.1488 0.2437 0.0989 0.2508 0.1182 
         334  1 0.1403 0.1960 0.1034 0.0727 0.1600 0.3277 
         335  1 0.1485 0.2296 0.1035 0.1887 0.1801 0.1496 
         336  1 0.1732 0.1730 0.1806 0.1266 0.2282 0.1185 
         337  1 0.1503 0.0968 0.1253 0.1512 0.1548 0.3215 
         338  1 0.1148 0.3853 0.1769 0.0902 0.1551 0.0777 
         339  1 0.1403 0.3298 0.1442 0.2258 0.0822 0.0778 
         340  1 0.1771 0.1324 0.1681 0.0872 0.1093 0.3258 
         341  1 0.1828 0.0798 0.1131 0.3560 0.1696 0.0987 
         342  1 0.1085 0.5149 0.1291 0.0821 0.0716 0.0939 
         343  1 0.0902 0.4478 0.0983 0.0635 0.2021 0.0981 
         344  1 0.1066 0.2035 0.0970 0.0759 0.1223 0.3947 
         345  1 0.1251 0.2418 0.1167 0.0976 0.2899 0.1289 
         346  1 0.1972 0.1474 0.2175 0.1682 0.1107 0.1590 
         347  1 0.1814 0.2147 0.3300 0.1254 0.0766 0.0718 
         348  1 0.1577 0.1830 0.1103 0.2349 0.1214 0.1928 
         349  1 0.1258 0.0857 0.1143 0.1064 0.4084 0.1594 
         350  1 0.2108 0.1687 0.1414 0.1811 0.1168 0.1812 
         351  1 0.1831 0.1125 0.1165 0.1868 0.1574 0.2437 
         352  1 0.1261 0.1910 0.0877 0.1727 0.1930 0.2295 
         353  1 0.1358 0.0870 0.2795 0.2355 0.1915 0.0708 
         354  1 0.1158 0.3669 0.2060 0.0860 0.1345 0.0908 
         355  1 0.1649 0.1800 0.1027 0.1261 0.2247 0.2015 
         356  1 0.1263 0.2941 0.1035 0.2007 0.1269 0.1484 
         357  1 0.2211 0.1698 0.1315 0.1814 0.1614 0.1348 
         358  1 0.1315 0.1320 0.1330 0.1481 0.3265 0.1288 
         359  1 0.1368 0.1561 0.1380 0.3471 0.0998 0.1223 
         360  1 0.1810 0.1111 0.0932 0.2184 0.1171 0.2792 
         361  1 0.1206 0.3110 0.0902 0.2744 0.1134 0.0902 
         362  1 0.1686 0.1441 0.1441 0.1318 0.1653 0.2460 
         363  1 0.1656 0.1257 0.1454 0.0801 0.1198 0.3635 
         364  1 0.1281 0.1444 0.1699 0.1046 0.2059 0.2470 
         365  1 0.1611 0.1559 0.1362 0.1941 0.1255 0.2272 
         366  1 0.1365 0.1480 0.1021 0.2924 0.1522 0.1688 
         367  1 0.1836 0.1212 0.1438 0.2011 0.1788 0.1715 
         368  1 0.1106 0.1160 0.5083 0.1392 0.0508 0.0751 
         369  1 0.1656 0.0963 0.2194 0.2155 0.2257 0.0775 
         370  1 0.1447 0.1082 0.2226 0.2354 0.2162 0.0728 
         371  1 0.1063 0.1589 0.0972 0.2346 0.3151 0.0880 
         372  1 0.1491 0.1136 0.1137 0.3841 0.1254 0.1142 
         373  1 0.1743 0.1291 0.1218 0.2344 0.1792 0.1612 
         374  1 0.1667 0.1038 0.2068 0.1359 0.2141 0.1727 
         375  1 0.1632 0.3038 0.1125 0.1003 0.1675 0.1527 
         376  1 0.1712 0.1005 0.2369 0.1169 0.1621 0.2126 
         377  1 0.3250 0.0792 0.2345 0.1986 0.0636 0.0991 
         378  1 0.3778 0.1016 0.1270 0.1290 0.1318 0.1329 
         379  1 0.0964 0.0776 0.0602 0.5770 0.0836 0.1052 
         380  1 0.2815 0.1115 0.2070 0.2467 0.0822 0.0711 
         381  1 0.1585 0.1307 0.2099 0.1646 0.1963 0.1401 
         382  1 0.1746 0.1802 0.1381 0.1712 0.2035 0.1324 
         383  1 0.1264 0.2116 0.1618 0.1809 0.2337 0.0856 
         384  1 0.1252 0.1200 0.0527 0.3465 0.0526 0.3031 
         385  1 0.1875 0.2588 0.1687 0.0643 0.1150 0.2057 
         386  1 0.0938 0.0724 0.0699 0.6513 0.0573 0.0553 
         387  1 0.1689 0.1163 0.4060 0.1211 0.0782 0.1095 
         388  1 0.1408 0.1123 0.0805 0.4391 0.0682 0.1591 
         389  1 0.1101 0.1135 0.0982 0.1101 0.4165 0.1515 
         390  1 0.1501 0.3415 0.2395 0.1034 0.0884 0.0771 
         391  1 0.1536 0.1671 0.1462 0.3514 0.0664 0.1153 
         392  1 0.1286 0.2387 0.1280 0.1588 0.2580 0.0880 
         393  1 0.1179 0.0902 0.0826 0.3726 0.0544 0.2823 
         394  1 0.1269 0.4404 0.1619 0.0465 0.1462 0.0781 
         395  1 0.1359 0.1513 0.1456 0.1245 0.2163 0.2264 
         396  1 0.1746 0.1790 0.1270 0.0866 0.1222 0.3107 
         397  1 0.1013 0.1140 0.1374 0.0641 0.2672 0.3160 
         398  1 0.1670 0.2958 0.1799 0.1621 0.0703 0.1249 
         399  1 0.1693 0.1786 0.1229 0.2600 0.1020 0.1672 
         400  1 0.1257 0.0852 0.0946 0.3083 0.2956 0.0906 
         401  1 0.1873 0.1218 0.2675 0.1644 0.0652 0.1939 
         402  1 0.2036 0.1415 0.1639 0.1389 0.1558 0.1964 
         403  1 0.1479 0.2201 0.0830 0.0592 0.2936 0.1962 
         404  1 0.1311 0.4567 0.1102 0.0862 0.1293 0.0866 
         405  1 0.1716 0.1856 0.1730 0.0882 0.1109 0.2707 
         406  1 0.2513 0.2679 0.0874 0.1400 0.1626 0.0909 
         407  1 0.1177 0.0554 0.0887 0.4452 0.0975 0.1956 
         408  1 0.2430 0.1196 0.2429 0.1059 0.1120 0.1765 
         409  1 0.1949 0.1942 0.1729 0.1402 0.1067 0.1912 
         410  1 0.1815 0.2215 0.1681 0.1228 0.1576 0.1485 
         411  1 0.1341 0.1348 0.2593 0.0566 0.2147 0.2006 
         412  1 0.2735 0.1849 0.1794 0.1431 0.0487 0.1704 
         413  1 0.1421 0.1352 0.1429 0.0527 0.3674 0.1597 
         414  1 0.3102 0.1236 0.1186 0.1965 0.0952 0.1559 
         415  1 0.1881 0.1356 0.4010 0.1648 0.0534 0.0571 
         416  1 0.1203 0.0658 0.1004 0.0704 0.0904 0.5527 
         417  1 0.1664 0.3712 0.1647 0.1331 0.0744 0.0902 
         418  1 0.1965 0.1254 0.2796 0.1252 0.1328 0.1406 
         419  1 0.1687 0.1798 0.3312 0.1074 0.1364 0.0765 
         420  1 0.1724 0.0975 0.1273 0.0714 0.1662 0.3653 
         421  1 0.1490 0.1675 0.3928 0.0710 0.1074 0.1122 
         422  1 0.2226 0.2353 0.1637 0.1042 0.1598 0.1145 
         423  1 0.2566 0.0888 0.1074 0.1332 0.1804 0.2337 
         424  1 0.1370 0.1238 0.1711 0.0704 0.1547 0.3430 
         425  1 0.1465 0.0705 0.4014 0.1231 0.1772 0.0814 
         426  1 0.1957 0.1384 0.2722 0.2285 0.0920 0.0732 
         427  1 0.1645 0.3276 0.2118 0.1542 0.0582 0.0838 
         428  1 0.1775 0.2850 0.1125 0.1561 0.1132 0.1558 
         429  1 0.0918 0.1077 0.0696 0.2907 0.3649 0.0753 
         430  1 0.3105 0.2079 0.1354 0.1224 0.1178 0.1061 
         431  1 0.2007 0.1872 0.1313 0.0740 0.1699 0.2369 
         432  1 0.1738 0.0778 0.1167 0.2605 0.1589 0.2122 
         433  1 0.2385 0.0886 0.1165 0.2739 0.0899 0.1925 
         434  1 0.1543 0.2460 0.1334 0.0987 0.1058 0.2618 
         435  1 0.1248 0.1555 0.2795 0.1142 0.1099 0.2162 
         436  1 0.3210 0.0755 0.1445 0.1093 0.2615 0.0881 
         437  1 0.1650 0.1262 0.1421 0.2459 0.0818 0.2391 
         438  1 0.1698 0.1164 0.0959 0.4624 0.0575 0.0981 
         439  1 0.1607 0.1197 0.4006 0.0969 0.1406 0.0814 
         440  1 0.1036 0.1002 0.0961 0.0834 0.5172 0.0995 
         441  1 0.1505 0.0929 0.3501 0.1785 0.1138 0.1143 
         442  1 0.1684 0.2294 0.1668 0.0727 0.1427 0.2201 
         443  1 0.1501 0.1104 0.1139 0.1802 0.2464 0.1990 
         444  1 0.1437 0.1796 0.1144 0.3188 0.1108 0.1328 
         445  1 0.1734 0.2454 0.1387 0.1263 0.2562 0.0600 
         446  1 0.1591 0.3947 0.1228 0.0954 0.1201 0.1080 
         447  1 0.1375 0.1773 0.1402 0.1082 0.0800 0.3569 
         448  1 0.1614 0.2011 0.1940 0.1854 0.0946 0.1636 
         449  1 0.1068 0.0633 0.0997 0.1496 0.3823 0.1983 
         450  1 0.1580 0.1146 0.1219 0.0795 0.3714 0.1546 
         451  1 0.1267 0.1065 0.1423 0.2103 0.3174 0.0968 
         452  1 0.1002 0.2550 0.1111 0.1017 0.3383 0.0937 
         453  1 0.1637 0.1026 0.1778 0.1650 0.1706 0.2203 
         454  1 0.1506 0.1010 0.1046 0.0623 0.3351 0.2464 
         455  1 0.2592 0.2894 0.1796 0.1161 0.0741 0.0816 
         456  1 0.1328 0.4331 0.1355 0.1272 0.0934 0.0780 
         457  1 0.2908 0.0727 0.2083 0.2262 0.1117 0.0903 
         458  1 0.0853 0.0658 0.0899 0.1488 0.5587 0.0515 
         459  1 0.1575 0.1354 0.3064 0.2252 0.0939 0.0816 
         460  1 0.1359 0.3430 0.0895 0.1301 0.1112 0.1903 
         461  1 0.0762 0.0729 0.0726 0.0539 0.0785 0.6459 
         462  1 0.1940 0.3276 0.2176 0.0545 0.0908 0.1156 
         463  1 0.2621 0.1183 0.0874 0.3098 0.1367 0.0856 
         464  1 0.1820 0.1704 0.2184 0.2191 0.1121 0.0980 
         465  1 0.1428 0.2706 0.2803 0.0915 0.1387 0.0762 
         466  1 0.2679 0.1010 0.1152 0.3007 0.0854 0.1297 
         467  1 0.1681 0.0776 0.0957 0.1150 0.4459 0.0976 
         468  1 0.1478 0.1160 0.1473 0.2111 0.2279 0.1499 
         469  1 0.1255 0.0934 0.4169 0.1612 0.1081 0.0949 
         470  1 0.1891 0.1112 0.1720 0.3023 0.0806 0.1448 
         471  1 0.0666 0.0860 0.0654 0.0685 0.6452 0.0682 
         472  1 0.1181 0.1056 0.0865 0.4125 0.0662 0.2110 
         473  1 0.4201 0.0974 0.0650 0.1245 0.1015 0.1916 
         474  1 0.1225 0.1616 0.2265 0.0852 0.1314 0.2728 
         475  1 0.1989 0.1788 0.2809 0.1356 0.1107 0.0950 
         476  1 0.1439 0.3051 0.1251 0.1820 0.1744 0.0694 
         477  1 0.2357 0.1307 0.2142 0.0904 0.1911 0.1380 
         478  1 0.1455 0.0918 0.1676 0.0892 0.0747 0.4311 
         479  1 0.1709 0.1844 0.2397 0.0898 0.2159 0.0993 
         480  1 0.1693 0.0690 0.1390 0.1567 0.0888 0.3773 
         481  1 0.1944 0.1047 0.3238 0.1120 0.1703 0.0947 
         482  1 0.1597 0.0960 0.1763 0.3379 0.0843 0.1458 
         483  1 0.1200 0.3115 0.1383 0.1549 0.1953 0.0800 
         484  1 0.2200 0.4407 0.0941 0.0534 0.0612 0.1306 
         485  1 0.1455 0.5101 0.0927 0.0687 0.1003 0.0827 
         486  1 0.1543 0.1059 0.2385 0.1201 0.1758 0.2054 
         487  1 0.1696 0.1843 0.1403 0.2352 0.1268 0.1438 
         488  1 0.2215 0.2846 0.1053 0.1919 0.1203 0.0765 
         489  1 0.1559 0.2124 0.1257 0.1272 0.1298 0.2490 
         490  1 0.2184 0.1263 0.1241 0.2729 0.1071 0.1511 
         491  1 0.1290 0.0844 0.0991 0.4526 0.0798 0.1550 
         492  1 0.1839 0.1338 0.2557 0.1286 0.2139 0.0840 
         493  1 0.2961 0.1588 0.1923 0.1434 0.0945 0.1149 
         494  1 0.1709 0.2226 0.1872 0.2420 0.0964 0.0808 
         495  1 0.0705 0.0446 0.0611 0.0582 0.6851 0.0806 
         496  1 0.1088 0.2081 0.3070 0.0612 0.1021 0.2128 
         497  1 0.1468 0.0598 0.2760 0.0918 0.1190 0.3067 
         498  1 0.1219 0.1011 0.1058 0.0935 0.1596 0.4181 
         499  1 0.1584 0.1159 0.0804 0.3688 0.0807 0.1958 
         500  1 0.1394 0.0682 0.2000 0.2447 0.2626 0.0850 
         501  1 0.1703 0.1634 0.1821 0.1073 0.1732 0.2037 
         502  1 0.1914 0.1989 0.1617 0.1255 0.1977 0.1247 
         503  1 0.1450 0.0895 0.2265 0.1171 0.0991 0.3227 
         504  1 0.1323 0.1206 0.3780 0.0647 0.0788 0.2256 
         505  1 0.1615 0.1310 0.1571 0.2589 0.2056 0.0859 
         506  1 0.1956 0.1484 0.2846 0.0984 0.1604 0.1126 
         507  1 0.1178 0.2312 0.0908 0.2113 0.1868 0.1622 
         508  1 0.0993 0.1752 0.1091 0.0507 0.0996 0.4662 
         509  1 0.1392 0.1630 0.2617 0.1034 0.2610 0.0716 
         510  1 0.1769 0.1914 0.0758 0.0645 0.1304 0.3610 
         511  1 0.1621 0.1083 0.1557 0.3156 0.1085 0.1498 
         512  1 0.1025 0.0685 0.1253 0.0585 0.0628 0.5824 
         513  1 0.2023 0.1372 0.0887 0.0619 0.3157 0.1941 
         514  1 0.1600 0.2106 0.0847 0.1077 0.1087 0.3283 
         515  1 0.0827 0.0610 0.0644 0.6026 0.0684 0.1210 
         516  1 0.1373 0.2606 0.0969 0.1308 0.2927 0.0817 
         517  1 0.1518 0.1996 0.1978 0.0959 0.2918 0.0631 
         518  1 0.1457 0.2215 0.1475 0.0664 0.0730 0.3459 
         519  1 0.2397 0.1217 0.2885 0.0904 0.1291 0.1307 
         520  1 0.1558 0.0881 0.2545 0.1885 0.1975 0.1156 
         521  1 0.2629 0.1916 0.1250 0.1372 0.0956 0.1878 
         522  1 0.1476 0.1221 0.4327 0.0755 0.1122 0.1099 
         523  1 0.2124 0.1026 0.1816 0.2028 0.1524 0.1481 
         524  1 0.0949 0.0955 0.0921 0.0690 0.5980 0.0506 
         525  1 0.1818 0.1374 0.2159 0.2398 0.1046 0.1205 
         526  1 0.1120 0.1270 0.0884 0.1778 0.1422 0.3524 
         527  1 0.2003 0.1412 0.1520 0.1360 0.1378 0.2327 
         528  1 0.1633 0.1761 0.0913 0.4143 0.0622 0.0929 
         529  1 0.2515 0.1199 0.1533 0.1350 0.1770 0.1633 
         530  1 0.2312 0.2032 0.1039 0.2396 0.0924 0.1298 
         531  1 0.1336 0.3376 0.1267 0.2089 0.1171 0.0760 
         532  1 0.0824 0.0535 0.0714 0.0420 0.6830 0.0677 
         533  1 0.0854 0.0518 0.1090 0.0760 0.0734 0.6044 
         534  1 0.1675 0.1977 0.2210 0.2216 0.0896 0.1027 
         535  1 0.1546 0.0663 0.1373 0.2371 0.2252 0.1794 
         536  1 0.1504 0.0801 0.2605 0.0974 0.1830 0.2286 
         537  1 0.1800 0.1751 0.1638 0.2433 0.0830 0.1548 
         538  1 0.1704 0.2100 0.1908 0.1210 0.2017 0.1061 
         539  1 0.1757 0.1417 0.0862 0.1951 0.1559 0.2454 
         540  1 0.1142 0.1900 0.1162 0.2444 0.2196 0.1156 
         541  1 0.2357 0.2361 0.1365 0.1648 0.1445 0.0825 
         542  1 0.1191 0.0983 0.2273 0.3738 0.0997 0.0819 
         543  1 0.1738 0.0987 0.1666 0.4399 0.0669 0.0541 
         544  1 0.1542 0.0935 0.1872 0.3887 0.0979 0.0784 
         545  1 0.1474 0.1841 0.1340 0.2272 0.1157 0.1915 
         546  1 0.1172 0.1021 0.1116 0.4307 0.1082 0.1303 
         547  1 0.2048 0.2148 0.0971 0.1204 0.2508 0.1121 
         548  1 0.1616 0.2275 0.1608 0.1532 0.1326 0.1643 
         549  1 0.1797 0.2148 0.1881 0.1163 0.1498 0.1513 
         550  1 0.1644 0.2055 0.1449 0.1416 0.0904 0.2533 
         551  1 0.1228 0.1039 0.1717 0.3773 0.1090 0.1154 
         552  1 0.1468 0.1579 0.0779 0.1377 0.1234 0.3563 
         553  1 0.1668 0.1983 0.2032 0.0865 0.1919 0.1533 
         554  1 0.1337 0.0705 0.1159 0.5089 0.0555 0.1155 
         555  1 0.1551 0.3406 0.1636 0.0889 0.1375 0.1144 
         556  1 0.1235 0.0881 0.2119 0.0663 0.1465 0.3637 
         557  1 0.3099 0.2047 0.1085 0.1328 0.1250 0.1191 
         558  1 0.1170 0.1703 0.1538 0.3012 0.1926 0.0651 
         559  1 0.1489 0.3127 0.1738 0.1211 0.1036 0.1399 
         560  1 0.1451 0.1513 0.1864 0.3515 0.0661 0.0996 
         561  1 0.1431 0.2375 0.2427 0.0958 0.1846 0.0962 
         562  1 0.1404 0.0929 0.1286 0.3360 0.1299 0.1722 
         563  1 0.2676 0.1707 0.2031 0.1242 0.1415 0.0929 
         564  1 0.1695 0.2571 0.1280 0.1226 0.1142 0.2086 
         565  1 0.2069 0.1475 0.2131 0.1570 0.1385 0.1370 
         566  1 0.1178 0.4470 0.0872 0.0949 0.1035 0.1496 
         567  1 0.1474 0.1434 0.2474 0.1456 0.2411 0.0751 
         568  1 0.2918 0.0850 0.1035 0.1916 0.0883 0.2398 
         569  1 0.1334 0.1356 0.1313 0.0777 0.3237 0.1982 
         570  1 0.1451 0.0777 0.0779 0.1887 0.3215 0.1891 
         571  1 0.1404 0.1428 0.3238 0.1327 0.1223 0.1380 
         572  1 0.1089 0.0865 0.1012 0.0896 0.0799 0.5339 
         573  1 0.1416 0.2801 0.1598 0.1889 0.1452 0.0845 
         574  1 0.1845 0.1913 0.1872 0.0868 0.2331 0.1171 
         575  1 0.1015 0.2145 0.0961 0.1823 0.3218 0.0838 
         576  1 0.1946 0.3201 0.1748 0.1361 0.0732 0.1012 
         577  1 0.1213 0.1424 0.1948 0.1060 0.1600 0.2756 
         578  1 0.1790 0.0926 0.1043 0.1594 0.3884 0.0762 
         579  1 0.1373 0.1835 0.1715 0.1536 0.1986 0.1555 
         580  1 0.1989 0.2550 0.1731 0.0712 0.0926 0.2093 
         581  1 0.1665 0.0634 0.0717 0.3086 0.2983 0.0915 
         582  1 0.3017 0.1252 0.0827 0.0853 0.2618 0.1432 
         583  1 0.1943 0.1718 0.1852 0.2446 0.1041 0.1001 
         584  1 0.2405 0.1466 0.2640 0.1536 0.0851 0.1101 
         585  1 0.1435 0.2570 0.1239 0.0933 0.2253 0.1569 
         586  1 0.1353 0.2242 0.2270 0.1705 0.1710 0.0719 
         587  1 0.1388 0.0939 0.2892 0.0667 0.2346 0.1767 
         588  1 0.1278 0.2265 0.2342 0.0811 0.2176 0.1127 
         589  1 0.2106 0.1431 0.1806 0.2060 0.1304 0.1293 
         590  1 0.1598 0.1670 0.1332 0.1201 0.2780 0.1418 
         591  1 0.1992 0.1321 0.3202 0.1363 0.1333 0.0788 
         592  1 0.1602 0.1265 0.1747 0.0761 0.2016 0.2608 
         593  1 0.2101 0.1448 0.1025 0.2167 0.2288 0.0972 
         594  1 0.1735 0.0992 0.2015 0.3048 0.0826 0.1384 
         595  1 0.1819 0.1121 0.1710 0.2124 0.1280 0.1946 
         596  1 0.2936 0.0763 0.1093 0.1278 0.1541 0.2389 
         597  1 0.2000 0.1510 0.1548 0.1876 0.1319 0.1747 
         598  1 0.1112 0.2016 0.1062 0.3243 0.1372 0.1194 
         599  1 0.1347 0.1034 0.1362 0.2922 0.2647 0.0688 
         600  1 0.2088 0.1258 0.1696 0.1495 0.1797 0.1666 
         601  1 0.1590 0.2237 0.3013 0.0739 0.1118 0.1303 
         602  1 0.1661 0.1001 0.1544 0.0835 0.2740 0.2218 
         603  1 0.2202 0.1603 0.1917 0.1358 0.0809 0.2111 
         604  1 0.2993 0.0910 0.1224 0.1787 0.1013 0.2073 
         605  1 0.1444 0.2003 0.1064 0.0577 0.0812 0.4102 
         606  1 0.1788 0.1964 0.0965 0.3409 0.1100 0.0774 
         607  1 0.1176 0.3698 0.2737 0.0659 0.0758 0.0972 
         608  1 0.3041 0.1054 0.0857 0.1511 0.1336 0.2202 
         609  1 0.1690 0.2220 0.2187 0.1845 0.0776 0.1282 
         610  1 0.1179 0.2919 0.1196 0.0958 0.3100 0.0647 
         611  1 0.2197 0.3090 0.1100 0.0975 0.1856 0.0781 
         612  1 0.1380 0.1955 0.1396 0.1478 0.2543 0.1249 
         613  1 0.1818 0.1396 0.2375 0.1039 0.1700 0.1673 
         614  1 0.1763 0.1575 0.2071 0.2010 0.1102 0.1479 
         615  1 0.1749 0.1813 0.1023 0.0524 0.0896 0.3994 
         616  1 0.1430 0.3146 0.2529 0.0725 0.1148 0.1022 
         617  1 0.2565 0.0818 0.1788 0.1436 0.1825 0.1568 
         618  1 0.1418 0.2368 0.0891 0.0607 0.3244 0.1471 
         619  1 0.2812 0.2148 0.0906 0.1363 0.2080 0.0692 
         620  1 0.1214 0.3315 0.0863 0.3183 0.0607 0.0818 
         621  1 0.2170 0.1280 0.1377 0.1904 0.1601 0.1668 
         622  1 0.1240 0.3303 0.2914 0.0621 0.0736 0.1186 
         623  1 0.1616 0.3083 0.1560 0.1113 0.1259 0.1369 
         624  1 0.1286 0.1002 0.2898 0.0606 0.2731 0.1478 
         625  1 0.1181 0.3478 0.1159 0.2097 0.0785 0.1299 
         626  1 0.1155 0.1955 0.1397 0.0662 0.3710 0.1121 
         627  1 0.1606 0.1146 0.1578 0.2110 0.0721 0.2838 
         628  1 0.1386 0.0869 0.3174 0.0915 0.0858 0.2798 
         629  1 0.1621 0.2199 0.1858 0.1091 0.1935 0.1296 
         630  1 0.1449 0.1477 0.1727 0.1667 0.1071 0.2609 
         631  1 0.1748 0.0919 0.1265 0.2760 0.1259 0.2050 
         632  1 0.1374 0.1215 0.1465 0.4102 0.0866 0.0978 
         633  1 0.1658 0.2120 0.2046 0.1373 0.1090 0.1713 
         634  1 0.1642 0.0965 0.1468 0.0684 0.3889 0.1352 
         635  1 0.1045 0.3023 0.1356 0.0844 0.0855 0.2878 
         636  1 0.1282 0.1800 0.2049 0.1502 0.1638 0.1729 
         637  1 0.1879 0.0988 0.1093 0.1845 0.1438 0.2757 
         638  1 0.1093 0.1174 0.0837 0.0666 0.4432 0.1797 
         639  1 0.1782 0.1035 0.3742 0.0975 0.0837 0.1629 
         640  1 0.1607 0.2028 0.1923 0.1342 0.1419 0.1680 
         641  1 0.1268 0.1280 0.4548 0.0969 0.0915 0.1020 
         642  1 0.1534 0.1077 0.1475 0.0951 0.3966 0.0998 
         643  1 0.1424 0.0977 0.1678 0.1037 0.0826 0.4058 
         644  1 0.1187 0.2770 0.1171 0.0459 0.3606 0.0807 
         645  1 0.1632 0.0879 0.2090 0.2748 0.1272 0.1380 
         646  1 0.1309 0.1552 0.1303 0.1303 0.2910 0.1624 
         647  1 0.1115 0.1197 0.1492 0.1971 0.0855 0.3369 
         648  1 0.1390 0.1075 0.5520 0.0694 0.0518 0.0803 
         649  1 0.1152 0.2110 0.1670 0.2223 0.2211 0.0634 
         650  1 0.1567 0.2794 0.1471 0.1399 0.2050 0.0720 
         651  1 0.7788 0.0449 0.0494 0.0511 0.0322 0.0436 
         652  1 0.1131 0.1009 0.0875 0.5561 0.0615 0.0809 
         653  1 0.1144 0.0640 0.0882 0.5067 0.1420 0.0847 
         654  1 0.1604 0.1397 0.3090 0.1374 0.0932 0.1604 
         655  1 0.1614 0.4288 0.0886 0.0849 0.0624 0.1739 
         656  1 0.0715 0.1190 0.0613 0.0442 0.0577 0.6463 
         657  1 0.2180 0.0783 0.2488 0.1215 0.1662 0.1672 
         658  1 0.1593 0.2766 0.1125 0.2862 0.0868 0.0785 
         659  1 0.1611 0.1885 0.1309 0.2381 0.1086 0.1729 
         660  1 0.1971 0.0599 0.0930 0.1877 0.2449 0.2175 
         661  1 0.2202 0.0690 0.1276 0.0527 0.3996 0.1310 
         662  1 0.1514 0.1825 0.1286 0.0660 0.3644 0.1070 
         663  1 0.2034 0.1572 0.2554 0.1036 0.0972 0.1832 
         664  1 0.1547 0.2725 0.1257 0.1810 0.1153 0.1508 
         665  1 0.1998 0.1224 0.1256 0.2847 0.0878 0.1797 
         666  1 0.2569 0.1091 0.2705 0.1800 0.0656 0.1179 
         667  1 0.1537 0.2229 0.1671 0.1826 0.2078 0.0659 
         668  1 0.2707 0.2610 0.1835 0.0818 0.0774 0.1254 
         669  1 0.2506 0.1788 0.1440 0.2024 0.1265 0.0977 
         670  1 0.1244 0.0855 0.1648 0.1756 0.2355 0.2141 
         671  1 0.0804 0.0758 0.0753 0.0707 0.1137 0.5841 
         672  1 0.1121 0.0852 0.1201 0.5086 0.0873 0.0867 
         673  1 0.1562 0.0895 0.0853 0.1080 0.2777 0.2833 
         674  1 0.1930 0.1038 0.1567 0.1144 0.1466 0.2855 
         675  1 0.1732 0.0888 0.1078 0.0935 0.0616 0.4750 
         676  1 0.1450 0.1024 0.3302 0.0539 0.2849 0.0836 
         677  1 0.1251 0.2058 0.1666 0.1004 0.3222 0.0799 
