           1  1 0.3321 0.1932 0.1249 0.1930 0.1567 
           2  1 0.2401 0.2366 0.1215 0.2233 0.1785 
           3  1 0.1829 0.1432 0.3097 0.2172 0.1470 
           4  1 0.1929 0.1232 0.1113 0.3327 0.2399 
           5  1 0.2157 0.3541 0.1638 0.1293 0.1371 
           6  1 0.2473 0.1973 0.1187 0.1532 0.2835 
           7  1 0.1537 0.2318 0.3375 0.1714 0.1056 
           8  1 0.2320 0.1618 0.2316 0.1338 0.2407 
           9  1 0.1477 0.1118 0.1792 0.4146 0.1467 
          10  1 0.2490 0.0825 0.1683 0.0850 0.4152 
          11  1 0.1727 0.1913 0.2073 0.1246 0.3042 
          12  1 0.1744 0.1572 0.1177 0.1583 0.3923 
          13  1 0.1560 0.1363 0.2267 0.1957 0.2852 
          14  1 0.1410 0.1743 0.1593 0.4352 0.0903 
          15  1 0.1007 0.5637 0.1397 0.1241 0.0719 
          16  1 0.2138 0.1765 0.3177 0.1208 0.1711 
          17  1 0.1487 0.1422 0.2276 0.3116 0.1699 
          18  1 0.2543 0.2140 0.0905 0.3406 0.1005 
          19  1 0.2681 0.1572 0.1398 0.3416 0.0933 
          20  1 0.1626 0.1051 0.2842 0.2752 0.1729 
          21  1 0.3489 0.1554 0.1290 0.1017 0.2651 
          22  1 0.2663 0.1364 0.1974 0.2960 0.1038 
          23  1 0.1616 0.3227 0.1275 0.1155 0.2726 
          24  1 0.1559 0.1210 0.1554 0.1451 0.4227 
          25  1 0.3367 0.1706 0.1925 0.1718 0.1285 
          26  1 0.2082 0.2463 0.1304 0.2343 0.1808 
          27  1 0.1696 0.1586 0.3027 0.2293 0.1397 
          28  1 0.1483 0.2607 0.1422 0.1064 0.3424 
          29  1 0.2506 0.1925 0.1447 0.3171 0.0952 
          30  1 0.2148 0.1524 0.1933 0.2797 0.1599 
          31  1 0.1922 0.1211 0.1911 0.1735 0.3221 
          32  1 0.1476 0.4431 0.1326 0.1391 0.1376 
          33  1 0.1570 0.3158 0.1496 0.2165 0.1610 
          34  1 0.2110 0.2138 0.1115 0.2579 0.2057 
          35  1 0.1921 0.2508 0.1369 0.3064 0.1138 
          36  1 0.1612 0.3065 0.2033 0.2411 0.0880 
          37  1 0.1808 0.2319 0.1544 0.2098 0.2232 
          38  1 0.2523 0.1733 0.2083 0.2129 0.1532 
          39  1 0.2334 0.2005 0.1343 0.1533 0.2784 
          40  1 0.3389 0.2100 0.2491 0.1201 0.0818 
          41  1 0.1887 0.1218 0.1584 0.1533 0.3778 
          42  1 0.1328 0.3401 0.2830 0.1050 0.1392 
          43  1 0.2915 0.1095 0.1242 0.3204 0.1544 
          44  1 0.1820 0.1401 0.2547 0.2444 0.1787 
          45  1 0.1746 0.3049 0.1275 0.1208 0.2722 
          46  1 0.2260 0.2393 0.2705 0.1385 0.1257 
          47  1 0.3197 0.1145 0.2236 0.2134 0.1288 
          48  1 0.1122 0.5606 0.1038 0.1379 0.0854 
          49  1 0.1694 0.0710 0.2309 0.3086 0.2200 
          50  1 0.1936 0.1658 0.2534 0.2766 0.1105 
          51  1 0.2809 0.1249 0.1182 0.2404 0.2356 
          52  1 0.1421 0.0968 0.2863 0.1054 0.3695 
          53  1 0.2895 0.1398 0.1953 0.2164 0.1591 
          54  1 0.1924 0.1643 0.1385 0.2694 0.2354 
          55  1 0.2332 0.3791 0.1529 0.1263 0.1085 
          56  1 0.1520 0.4733 0.1132 0.0939 0.1676 
          57  1 0.2101 0.1308 0.2080 0.1935 0.2576 
          58  1 0.1342 0.6170 0.0699 0.0901 0.0888 
          59  1 0.1839 0.2941 0.2949 0.1196 0.1075 
          60  1 0.1849 0.1542 0.2721 0.2225 0.1663 
          61  1 0.2225 0.1240 0.3254 0.1894 0.1387 
          62  1 0.2112 0.2034 0.2031 0.0816 0.3007 
          63  1 0.1810 0.1484 0.3165 0.1414 0.2128 
          64  1 0.2797 0.1204 0.1649 0.1682 0.2669 
          65  1 0.2668 0.1552 0.2584 0.1843 0.1354 
          66  1 0.2131 0.1414 0.2089 0.2230 0.2136 
          67  1 0.1353 0.0839 0.1301 0.1176 0.5331 
          68  1 0.1444 0.1506 0.3823 0.2030 0.1197 
          69  1 0.2503 0.1139 0.2344 0.0901 0.3113 
          70  1 0.1832 0.2759 0.1542 0.1818 0.2049 
          71  1 0.1841 0.1273 0.1301 0.1649 0.3935 
          72  1 0.1494 0.1207 0.1337 0.1355 0.4607 
          73  1 0.2010 0.2858 0.1539 0.2208 0.1385 
          74  1 0.2071 0.1267 0.2488 0.2166 0.2008 
          75  1 0.1508 0.1820 0.2088 0.2524 0.2059 
          76  1 0.2564 0.1268 0.2694 0.1747 0.1728 
          77  1 0.1821 0.2708 0.1955 0.1738 0.1779 
          78  1 0.3258 0.1063 0.1657 0.1875 0.2147 
          79  1 0.1236 0.2557 0.0985 0.1208 0.4015 
          80  1 0.1806 0.1535 0.2880 0.1563 0.2216 
          81  1 0.1850 0.0885 0.2701 0.1093 0.3470 
          82  1 0.2067 0.2917 0.1697 0.1095 0.2225 
          83  1 0.0896 0.0799 0.6444 0.1064 0.0797 
          84  1 0.1855 0.1736 0.3375 0.1622 0.1412 
          85  1 0.1843 0.2488 0.1953 0.1453 0.2263 
          86  1 0.2709 0.2925 0.1901 0.0998 0.1467 
          87  1 0.2022 0.0851 0.2383 0.1194 0.3550 
          88  1 0.2066 0.3066 0.1483 0.1856 0.1529 
          89  1 0.2221 0.1254 0.2818 0.2678 0.1029 
          90  1 0.2522 0.2092 0.2878 0.1180 0.1328 
          91  1 0.1949 0.2037 0.2088 0.1855 0.2071 
          92  1 0.1829 0.2698 0.1904 0.1012 0.2557 
          93  1 0.1745 0.1176 0.3259 0.1699 0.2121 
          94  1 0.2836 0.0987 0.1626 0.2960 0.1591 
          95  1 0.2481 0.2289 0.1489 0.1543 0.2197 
          96  1 0.1741 0.1912 0.2071 0.2615 0.1661 
          97  1 0.1659 0.1371 0.1838 0.1270 0.3862 
          98  1 0.1659 0.1500 0.2679 0.1948 0.2213 
          99  1 0.1758 0.1207 0.2154 0.1496 0.3385 
         100  1 0.1458 0.1662 0.1943 0.2214 0.2723 
         101  1 0.1782 0.1272 0.2634 0.2057 0.2256 
         102  1 0.1466 0.4141 0.1786 0.1587 0.1020 
         103  1 0.1394 0.3165 0.1469 0.3013 0.0958 
         104  1 0.1886 0.1993 0.2200 0.1490 0.2432 
         105  1 0.1469 0.1503 0.1737 0.2852 0.2440 
         106  1 0.2617 0.1717 0.2065 0.1934 0.1666 
         107  1 0.2734 0.2182 0.1918 0.0961 0.2205 
         108  1 0.1644 0.2214 0.1960 0.0933 0.3249 
         109  1 0.1496 0.1385 0.3393 0.2275 0.1451 
         110  1 0.1459 0.1202 0.1038 0.4936 0.1364 
         111  1 0.2791 0.2266 0.1977 0.1940 0.1026 
         112  1 0.1868 0.1860 0.1580 0.3422 0.1269 
         113  1 0.3034 0.2014 0.1376 0.1176 0.2399 
         114  1 0.1861 0.1517 0.2127 0.3344 0.1151 
         115  1 0.2056 0.1848 0.1858 0.1115 0.3124 
         116  1 0.2642 0.2328 0.2058 0.1310 0.1662 
         117  1 0.1578 0.4716 0.0938 0.1240 0.1527 
         118  1 0.1363 0.1273 0.1711 0.3926 0.1727 
         119  1 0.1865 0.3586 0.1477 0.2069 0.1003 
         120  1 0.1407 0.4459 0.1015 0.1992 0.1126 
         121  1 0.1834 0.1323 0.2554 0.2527 0.1762 
         122  1 0.1760 0.0860 0.2193 0.1450 0.3737 
         123  1 0.1562 0.4436 0.1163 0.1411 0.1428 
         124  1 0.2416 0.1162 0.2260 0.1235 0.2927 
         125  1 0.1443 0.3953 0.1812 0.0931 0.1861 
         126  1 0.3714 0.1644 0.1535 0.1623 0.1484 
         127  1 0.1897 0.2243 0.1118 0.1443 0.3299 
         128  1 0.2293 0.3436 0.1499 0.0889 0.1883 
         129  1 0.1598 0.1282 0.1721 0.0970 0.4429 
         130  1 0.2636 0.1069 0.1071 0.2303 0.2921 
         131  1 0.3001 0.1233 0.2614 0.1126 0.2025 
         132  1 0.1556 0.5298 0.0967 0.1185 0.0994 
         133  1 0.1826 0.2629 0.1044 0.3328 0.1172 
         134  1 0.2770 0.1870 0.2107 0.1689 0.1564 
         135  1 0.1806 0.0865 0.0836 0.4893 0.1601 
         136  1 0.1860 0.2347 0.2922 0.1646 0.1224 
         137  1 0.3161 0.1665 0.2044 0.1340 0.1790 
         138  1 0.2637 0.2559 0.1343 0.1760 0.1702 
         139  1 0.1687 0.2664 0.0913 0.2293 0.2443 
         140  1 0.1802 0.1128 0.3611 0.1182 0.2276 
         141  1 0.1632 0.1990 0.1002 0.3014 0.2361 
         142  1 0.1459 0.4731 0.1668 0.1157 0.0984 
         143  1 0.2746 0.1252 0.2763 0.1080 0.2158 
         144  1 0.1802 0.1861 0.3102 0.2024 0.1210 
         145  1 0.1970 0.2261 0.1348 0.3202 0.1218 
         146  1 0.2392 0.1074 0.1644 0.2670 0.2221 
         147  1 0.1964 0.1822 0.2647 0.2380 0.1187 
         148  1 0.1466 0.1305 0.2581 0.2639 0.2009 
         149  1 0.1539 0.3785 0.1470 0.1183 0.2023 
         150  1 0.1720 0.0899 0.1387 0.3936 0.2058 
         151  1 0.1623 0.1093 0.1744 0.3348 0.2192 
         152  1 0.2674 0.1347 0.2295 0.1861 0.1823 
         153  1 0.1598 0.1570 0.3252 0.2043 0.1538 
         154  1 0.2002 0.1932 0.1972 0.1745 0.2349 
         155  1 0.1368 0.4568 0.1641 0.1066 0.1357 
         156  1 0.1696 0.1407 0.1857 0.2035 0.3005 
         157  1 0.3063 0.1922 0.1738 0.1428 0.1849 
         158  1 0.3327 0.1737 0.1443 0.1086 0.2407 
         159  1 0.1466 0.3263 0.1655 0.1349 0.2267 
         160  1 0.2286 0.3029 0.1220 0.1514 0.1950 
         161  1 0.3164 0.2520 0.0947 0.2379 0.0991 
         162  1 0.1674 0.1878 0.1388 0.3324 0.1736 
         163  1 0.1825 0.1738 0.1512 0.3181 0.1743 
         164  1 0.1163 0.4499 0.2432 0.0729 0.1177 
         165  1 0.2290 0.1589 0.2375 0.1798 0.1948 
         166  1 0.2628 0.1525 0.1386 0.1409 0.3052 
         167  1 0.1196 0.5412 0.0751 0.1188 0.1454 
         168  1 0.1776 0.1966 0.1997 0.2010 0.2251 
         169  1 0.2767 0.1409 0.1377 0.1499 0.2949 
         170  1 0.1646 0.0891 0.1370 0.3540 0.2552 
         171  1 0.1726 0.2768 0.1788 0.1806 0.1911 
         172  1 0.1442 0.1120 0.1736 0.4000 0.1701 
         173  1 0.1934 0.2811 0.1139 0.1786 0.2329 
         174  1 0.2189 0.1578 0.3274 0.1516 0.1443 
         175  1 0.2398 0.1202 0.1703 0.2731 0.1966 
         176  1 0.1632 0.1041 0.1778 0.4178 0.1371 
         177  1 0.1284 0.0993 0.4723 0.0958 0.2043 
         178  1 0.2246 0.1479 0.1801 0.1906 0.2569 
         179  1 0.2105 0.2692 0.1760 0.1558 0.1885 
         180  1 0.1641 0.1183 0.2313 0.2316 0.2547 
         181  1 0.1551 0.3597 0.1220 0.1795 0.1836 
         182  1 0.0708 0.0785 0.7075 0.0589 0.0843 
         183  1 0.2901 0.1528 0.1064 0.3422 0.1085 
         184  1 0.1854 0.1471 0.2182 0.2430 0.2063 
         185  1 0.2410 0.2334 0.1682 0.2183 0.1392 
         186  1 0.1813 0.2222 0.2091 0.2639 0.1234 
         187  1 0.2088 0.1385 0.1235 0.3327 0.1966 
         188  1 0.1587 0.3568 0.1624 0.2063 0.1158 
         189  1 0.2381 0.1302 0.2226 0.2670 0.1421 
         190  1 0.1413 0.1326 0.1556 0.2509 0.3196 
         191  1 0.2978 0.2149 0.1273 0.1973 0.1627 
         192  1 0.2811 0.1498 0.2285 0.1063 0.2344 
         193  1 0.2280 0.1663 0.1702 0.2514 0.1841 
         194  1 0.2213 0.3612 0.1653 0.1370 0.1151 
         195  1 0.2291 0.1164 0.1678 0.1349 0.3519 
         196  1 0.2504 0.1710 0.1400 0.2630 0.1756 
         197  1 0.1429 0.3573 0.2242 0.1662 0.1094 
         198  1 0.1943 0.1881 0.0910 0.3138 0.2127 
         199  1 0.1685 0.1587 0.4471 0.0847 0.1410 
         200  1 0.1900 0.2771 0.1071 0.2233 0.2025 
         201  1 0.1463 0.0990 0.4049 0.1216 0.2282 
         202  1 0.1845 0.1751 0.2710 0.2312 0.1382 
         203  1 0.1843 0.1675 0.2958 0.1276 0.2247 
         204  1 0.1523 0.1120 0.2606 0.2421 0.2331 
         205  1 0.2311 0.1533 0.2838 0.1383 0.1935 
         206  1 0.1935 0.1241 0.1705 0.1223 0.3896 
         207  1 0.2815 0.2090 0.2387 0.1116 0.1592 
         208  1 0.1791 0.1084 0.2379 0.2929 0.1817 
         209  1 0.2862 0.2099 0.1415 0.1074 0.2550 
         210  1 0.2109 0.1526 0.1663 0.2378 0.2324 
         211  1 0.2955 0.0899 0.2831 0.1317 0.1998 
         212  1 0.1975 0.2146 0.1415 0.3619 0.0846 
         213  1 0.2028 0.2913 0.1469 0.1632 0.1958 
         214  1 0.2221 0.0860 0.1113 0.1214 0.4592 
         215  1 0.1806 0.2854 0.1729 0.2140 0.1471 
         216  1 0.1913 0.1877 0.1505 0.1608 0.3098 
         217  1 0.2649 0.2362 0.1217 0.2432 0.1339 
         218  1 0.1675 0.4208 0.1022 0.1403 0.1692 
         219  1 0.1418 0.1432 0.1972 0.3516 0.1662 
         220  1 0.2671 0.1467 0.2383 0.1264 0.2216 
         221  1 0.1229 0.1095 0.5019 0.1040 0.1617 
         222  1 0.2639 0.2502 0.1405 0.1916 0.1539 
         223  1 0.2507 0.2937 0.1454 0.1361 0.1742 
         224  1 0.2359 0.1452 0.2122 0.1459 0.2607 
         225  1 0.2958 0.0982 0.1844 0.1047 0.3168 
         226  1 0.1840 0.2267 0.1280 0.2945 0.1667 
         227  1 0.1718 0.1719 0.1661 0.1242 0.3660 
         228  1 0.1960 0.2330 0.1926 0.2119 0.1664 
         229  1 0.2136 0.1865 0.2519 0.1952 0.1529 
         230  1 0.1279 0.1418 0.1104 0.5292 0.0907 
         231  1 0.2729 0.1762 0.1668 0.2209 0.1633 
         232  1 0.1899 0.2113 0.3670 0.0865 0.1454 
         233  1 0.2179 0.1391 0.1096 0.4061 0.1273 
         234  1 0.2426 0.2003 0.1417 0.2122 0.2032 
         235  1 0.2130 0.1559 0.2390 0.2483 0.1439 
         236  1 0.1562 0.3099 0.2240 0.2076 0.1022 
         237  1 0.2348 0.1822 0.2988 0.1233 0.1610 
         238  1 0.3103 0.1423 0.1484 0.2397 0.1592 
         239  1 0.1352 0.1387 0.1769 0.3381 0.2111 
         240  1 0.1949 0.2166 0.2390 0.2229 0.1266 
         241  1 0.1953 0.1287 0.1775 0.1389 0.3597 
         242  1 0.2047 0.1770 0.2316 0.1263 0.2604 
         243  1 0.1593 0.3233 0.1662 0.1344 0.2168 
         244  1 0.2610 0.1139 0.3265 0.1276 0.1710 
         245  1 0.1414 0.2355 0.1668 0.2670 0.1893 
         246  1 0.1376 0.3158 0.1584 0.2017 0.1865 
         247  1 0.1918 0.1362 0.1648 0.2860 0.2212 
         248  1 0.2844 0.1271 0.1172 0.2771 0.1942 
         249  1 0.2240 0.1569 0.1393 0.2601 0.2198 
         250  1 0.1459 0.4276 0.1532 0.1685 0.1048 
         251  1 0.2898 0.2502 0.1294 0.1751 0.1554 
         252  1 0.2645 0.1225 0.1780 0.1202 0.3148 
         253  1 0.1492 0.2539 0.1765 0.1311 0.2893 
         254  1 0.1960 0.1654 0.1020 0.3841 0.1525 
         255  1 0.1313 0.1366 0.4237 0.1737 0.1347 
         256  1 0.2439 0.3030 0.1436 0.1196 0.1900 
         257  1 0.1297 0.1295 0.0826 0.1795 0.4787 
         258  1 0.1760 0.1778 0.2767 0.2057 0.1639 
         259  1 0.1547 0.0998 0.1335 0.1947 0.4173 
         260  1 0.1476 0.2178 0.2384 0.1228 0.2734 
         261  1 0.1968 0.1358 0.1216 0.2716 0.2742 
         262  1 0.1835 0.2025 0.2532 0.2078 0.1530 
         263  1 0.2581 0.1031 0.1588 0.2763 0.2036 
         264  1 0.2181 0.1978 0.2600 0.1660 0.1581 
         265  1 0.3077 0.1020 0.2397 0.1965 0.1542 
         266  1 0.2432 0.2655 0.1320 0.1489 0.2105 
         267  1 0.2613 0.1301 0.3328 0.1740 0.1018 
         268  1 0.1950 0.1310 0.0888 0.4192 0.1661 
         269  1 0.1336 0.0957 0.2968 0.2519 0.2221 
         270  1 0.2168 0.0995 0.2707 0.2460 0.1671 
         271  1 0.2485 0.1920 0.1904 0.1951 0.1740 
         272  1 0.1788 0.1122 0.1313 0.2250 0.3527 
         273  1 0.2370 0.1797 0.2656 0.1500 0.1676 
         274  1 0.1267 0.0927 0.1360 0.5436 0.1010 
         275  1 0.1408 0.1111 0.3626 0.2583 0.1271 
         276  1 0.1709 0.3437 0.1419 0.0885 0.2550 
         277  1 0.0923 0.0903 0.5830 0.1215 0.1129 
         278  1 0.1522 0.0723 0.3236 0.1883 0.2636 
         279  1 0.1717 0.3035 0.2390 0.1776 0.1082 
         280  1 0.1687 0.2586 0.2002 0.2151 0.1574 
         281  1 0.3225 0.0900 0.1496 0.1990 0.2388 
         282  1 0.1325 0.1183 0.0945 0.2410 0.4136 
         283  1 0.1561 0.2808 0.2577 0.1801 0.1253 
         284  1 0.1326 0.1759 0.4906 0.0966 0.1043 
         285  1 0.2284 0.1827 0.1188 0.1681 0.3020 
         286  1 0.2176 0.1056 0.2483 0.1852 0.2432 
         287  1 0.1371 0.4054 0.1773 0.1735 0.1067 
         288  1 0.0818 0.0722 0.7023 0.0740 0.0697 
         289  1 0.2075 0.2178 0.1937 0.2328 0.1482 
         290  1 0.2998 0.1667 0.1407 0.2381 0.1547 
         291  1 0.2706 0.2842 0.0897 0.2448 0.1106 
         292  1 0.1943 0.2254 0.2088 0.1205 0.2510 
         293  1 0.1371 0.1777 0.1012 0.4192 0.1648 
         294  1 0.1958 0.1406 0.2100 0.1819 0.2717 
         295  1 0.1034 0.5950 0.0681 0.0707 0.1629 
         296  1 0.1242 0.1743 0.4327 0.1546 0.1142 
         297  1 0.1758 0.1516 0.2331 0.2794 0.1601 
         298  1 0.1344 0.1847 0.0808 0.1572 0.4428 
         299  1 0.1148 0.5702 0.0960 0.0778 0.1411 
         300  1 0.1527 0.1740 0.1688 0.2971 0.2073 
         301  1 0.1632 0.2633 0.1916 0.1741 0.2079 
         302  1 0.1399 0.5535 0.0981 0.1320 0.0765 
         303  1 0.2990 0.1266 0.1329 0.2700 0.1714 
         304  1 0.1516 0.1623 0.1224 0.1818 0.3819 
         305  1 0.2362 0.2303 0.1855 0.2300 0.1181 
         306  1 0.1227 0.2844 0.4006 0.0872 0.1051 
         307  1 0.1879 0.1944 0.1759 0.1801 0.2617 
         308  1 0.2259 0.1768 0.2271 0.1541 0.2161 
         309  1 0.1742 0.1119 0.2340 0.2129 0.2670 
         310  1 0.2276 0.1083 0.3123 0.2264 0.1254 
         311  1 0.1463 0.2257 0.3311 0.1043 0.1926 
         312  1 0.1445 0.1055 0.2730 0.3027 0.1743 
         313  1 0.1734 0.2177 0.2353 0.1668 0.2068 
         314  1 0.2358 0.2090 0.2146 0.0994 0.2412 
         315  1 0.1551 0.2499 0.2784 0.1036 0.2130 
         316  1 0.2075 0.1682 0.1658 0.2150 0.2434 
         317  1 0.1314 0.0983 0.2886 0.3114 0.1703 
         318  1 0.1832 0.0995 0.1275 0.4532 0.1366 
         319  1 0.2522 0.2492 0.1429 0.2061 0.1497 
         320  1 0.1168 0.3983 0.2300 0.1045 0.1503 
         321  1 0.2491 0.1729 0.1162 0.3403 0.1215 
         322  1 0.2874 0.1390 0.1668 0.1901 0.2168 
         323  1 0.1318 0.1898 0.3760 0.1701 0.1324 
         324  1 0.3511 0.1173 0.1659 0.1589 0.2068 
         325  1 0.1651 0.1511 0.1559 0.3501 0.1778 
         326  1 0.1357 0.1066 0.4617 0.1304 0.1656 
         327  1 0.1729 0.2078 0.1472 0.2815 0.1906 
         328  1 0.2080 0.1455 0.1305 0.1982 0.3178 
         329  1 0.1858 0.1644 0.2331 0.1422 0.2745 
         330  1 0.2536 0.1155 0.1833 0.0971 0.3505 
         331  1 0.2278 0.1659 0.2917 0.1526 0.1620 
         332  1 0.2136 0.1122 0.1479 0.2615 0.2648 
         333  1 0.1671 0.1408 0.3384 0.1581 0.1955 
         334  1 0.1554 0.1034 0.1893 0.3366 0.2153 
         335  1 0.1783 0.2123 0.1990 0.1821 0.2283 
         336  1 0.1863 0.1643 0.2764 0.1489 0.2241 
         337  1 0.1673 0.1802 0.1809 0.3535 0.1180 
         338  1 0.1478 0.1328 0.1956 0.1106 0.4132 
         339  1 0.1857 0.2579 0.1129 0.1133 0.3302 
         340  1 0.2041 0.1201 0.1401 0.3473 0.1882 
         341  1 0.2029 0.3657 0.1931 0.1350 0.1032 
         342  1 0.1430 0.1205 0.1238 0.1349 0.4778 
         343  1 0.1118 0.0930 0.2394 0.1253 0.4305 
         344  1 0.1382 0.1068 0.1539 0.3540 0.2473 
         345  1 0.1501 0.1355 0.3028 0.1625 0.2492 
         346  1 0.2107 0.2328 0.1726 0.2136 0.1703 
         347  1 0.2600 0.1756 0.1266 0.1132 0.3247 
         348  1 0.1732 0.2576 0.1436 0.2280 0.1976 
         349  1 0.1385 0.1411 0.4180 0.1912 0.1112 
         350  1 0.2236 0.2122 0.1461 0.2304 0.1876 
         351  1 0.2036 0.2234 0.1792 0.2611 0.1328 
         352  1 0.1457 0.2002 0.2173 0.2429 0.1939 
         353  1 0.1721 0.3341 0.2649 0.1031 0.1259 
         354  1 0.1367 0.1244 0.1903 0.1200 0.4286 
         355  1 0.1993 0.1443 0.2207 0.2319 0.2039 
         356  1 0.1441 0.2265 0.1513 0.1935 0.2846 
         357  1 0.2382 0.2021 0.2058 0.1663 0.1877 
         358  1 0.1596 0.1851 0.3254 0.1586 0.1714 
         359  1 0.1560 0.3690 0.1226 0.1528 0.1996 
         360  1 0.2029 0.2460 0.1340 0.2870 0.1301 
         361  1 0.1503 0.2868 0.1475 0.1162 0.2992 
         362  1 0.1868 0.1645 0.1908 0.2876 0.1702 
         363  1 0.1930 0.1059 0.1713 0.3578 0.1720 
         364  1 0.1523 0.1443 0.2364 0.2838 0.1831 
         365  1 0.1694 0.2199 0.1473 0.2617 0.2019 
         366  1 0.1531 0.3158 0.1769 0.1832 0.1709 
         367  1 0.2011 0.2347 0.1965 0.2189 0.1488 
         368  1 0.2921 0.2370 0.0965 0.1333 0.2411 
         369  1 0.1840 0.2917 0.2791 0.1030 0.1423 
         370  1 0.1764 0.2786 0.2659 0.1114 0.1677 
         371  1 0.1221 0.2677 0.3177 0.1114 0.1810 
         372  1 0.1932 0.3558 0.1602 0.1516 0.1391 
         373  1 0.1929 0.2558 0.2138 0.1763 0.1612 
         374  1 0.2180 0.1883 0.2330 0.2236 0.1370 
         375  1 0.1936 0.1296 0.1834 0.1793 0.3141 
         376  1 0.2026 0.1724 0.1974 0.2790 0.1486 
         377  1 0.3709 0.2706 0.0983 0.1422 0.1181 
         378  1 0.3689 0.1656 0.1616 0.1763 0.1276 
         379  1 0.1341 0.5047 0.1111 0.1484 0.1018 
         380  1 0.3399 0.2965 0.1192 0.1052 0.1391 
         381  1 0.1842 0.2090 0.2330 0.1957 0.1781 
         382  1 0.1961 0.1900 0.2537 0.1603 0.1999 
         383  1 0.1573 0.2236 0.2715 0.1149 0.2327 
         384  1 0.1588 0.3102 0.0696 0.3250 0.1364 
         385  1 0.2184 0.0929 0.1580 0.2231 0.3076 
         386  1 0.1287 0.6054 0.0841 0.0786 0.1031 
         387  1 0.2849 0.1859 0.1280 0.1762 0.2250 
         388  1 0.1777 0.4048 0.0933 0.1883 0.1360 
         389  1 0.1310 0.1525 0.3823 0.1891 0.1452 
         390  1 0.2010 0.1529 0.1393 0.1067 0.4001 
         391  1 0.1778 0.3633 0.0885 0.1504 0.2200 
         392  1 0.1478 0.1962 0.2929 0.1158 0.2473 
         393  1 0.1514 0.3506 0.0782 0.3002 0.1196 
         394  1 0.1777 0.0716 0.2105 0.1062 0.4341 
         395  1 0.1547 0.1617 0.2562 0.2383 0.1891 
         396  1 0.1955 0.1223 0.1534 0.3172 0.2116 
         397  1 0.1291 0.0927 0.2933 0.3337 0.1512 
         398  1 0.1896 0.2074 0.1038 0.1543 0.3449 
         399  1 0.1843 0.2789 0.1190 0.1953 0.2225 
         400  1 0.1448 0.3072 0.3060 0.1252 0.1167 
         401  1 0.2590 0.1965 0.1109 0.2532 0.1805 
         402  1 0.2072 0.1800 0.2100 0.2356 0.1671 
         403  1 0.1873 0.0808 0.2797 0.2413 0.2109 
         404  1 0.1630 0.1246 0.1646 0.1203 0.4275 
         405  1 0.2137 0.1226 0.1519 0.2690 0.2427 
         406  1 0.2583 0.1720 0.1699 0.1131 0.2867 
         407  1 0.1475 0.4240 0.1273 0.2194 0.0818 
         408  1 0.2737 0.1642 0.1600 0.2319 0.1701 
         409  1 0.1978 0.1996 0.1328 0.2408 0.2290 
         410  1 0.2101 0.1595 0.2082 0.1883 0.2340 
         411  1 0.1860 0.0808 0.3147 0.2537 0.1647 
         412  1 0.2738 0.1887 0.0699 0.2025 0.2652 
         413  1 0.1572 0.0784 0.4117 0.2005 0.1522 
         414  1 0.3201 0.2334 0.1210 0.1741 0.1513 
         415  1 0.3512 0.2308 0.0958 0.1015 0.2208 
         416  1 0.1465 0.0957 0.1258 0.5475 0.0845 
         417  1 0.2218 0.1765 0.1079 0.1277 0.3661 
         418  1 0.2899 0.1761 0.1702 0.1925 0.1714 
         419  1 0.2440 0.1686 0.2264 0.1119 0.2492 
         420  1 0.1983 0.0947 0.1949 0.3866 0.1255 
         421  1 0.2625 0.1195 0.1858 0.1733 0.2590 
         422  1 0.2472 0.1292 0.2233 0.1424 0.2578 
         423  1 0.2908 0.1448 0.1999 0.2466 0.1179 
         424  1 0.1720 0.1051 0.2048 0.3443 0.1739 
         425  1 0.2606 0.2067 0.2775 0.1562 0.0990 
         426  1 0.2581 0.3055 0.1344 0.1114 0.1906 
         427  1 0.2009 0.2180 0.0970 0.1184 0.3657 
         428  1 0.2063 0.1949 0.1407 0.1950 0.2631 
         429  1 0.1200 0.2995 0.3446 0.1051 0.1308 
         430  1 0.3212 0.1638 0.1470 0.1489 0.2191 
         431  1 0.2415 0.1060 0.1753 0.2684 0.2088 
         432  1 0.1948 0.2835 0.1871 0.2293 0.1052 
         433  1 0.2636 0.2732 0.1245 0.2177 0.1210 
         434  1 0.1837 0.1350 0.1403 0.2766 0.2644 
         435  1 0.1626 0.1648 0.1714 0.2718 0.2294 
         436  1 0.3410 0.1515 0.2648 0.1357 0.1071 
         437  1 0.1848 0.2739 0.1215 0.2733 0.1465 
         438  1 0.2084 0.4278 0.0871 0.1380 0.1387 
         439  1 0.2942 0.1519 0.2218 0.1336 0.1985 
         440  1 0.1463 0.1132 0.4648 0.1404 0.1353 
         441  1 0.2076 0.2767 0.1904 0.1772 0.1481 
         442  1 0.1915 0.1019 0.1893 0.2689 0.2484 
         443  1 0.1549 0.1987 0.2804 0.2253 0.1407 
         444  1 0.1576 0.3325 0.1487 0.1702 0.1909 
         445  1 0.2219 0.1665 0.2635 0.0869 0.2613 
         446  1 0.1903 0.1298 0.1416 0.1529 0.3855 
         447  1 0.1554 0.1438 0.1143 0.3633 0.2232 
         448  1 0.1743 0.2479 0.1306 0.2146 0.2326 
         449  1 0.1320 0.1777 0.3558 0.2465 0.0879 
         450  1 0.1791 0.1054 0.4075 0.1758 0.1322 
         451  1 0.1445 0.2396 0.3596 0.1222 0.1342 
         452  1 0.1240 0.1354 0.3738 0.1179 0.2489 
         453  1 0.1938 0.1982 0.2158 0.2623 0.1299 
         454  1 0.1880 0.0897 0.3253 0.2666 0.1304 
         455  1 0.2741 0.1625 0.1234 0.1080 0.3319 
         456  1 0.1509 0.1727 0.1221 0.1093 0.4451 
         457  1 0.3209 0.2898 0.1620 0.1308 0.0965 
         458  1 0.1134 0.1888 0.5264 0.0733 0.0981 
         459  1 0.2043 0.3302 0.1462 0.1154 0.2039 
         460  1 0.1609 0.1630 0.1397 0.2227 0.3137 
         461  1 0.1103 0.0821 0.1126 0.5881 0.1069 
         462  1 0.2445 0.0814 0.1316 0.1447 0.3979 
         463  1 0.2566 0.3152 0.1749 0.1051 0.1482 
         464  1 0.2171 0.2413 0.1713 0.1407 0.2295 
         465  1 0.1938 0.1326 0.1892 0.1165 0.3679 
         466  1 0.2661 0.3240 0.1160 0.1639 0.1299 
         467  1 0.1961 0.1428 0.4198 0.1333 0.1080 
         468  1 0.1637 0.2464 0.2721 0.1760 0.1418 
         469  1 0.2133 0.2826 0.1914 0.1726 0.1401 
         470  1 0.2255 0.3144 0.1154 0.1832 0.1615 
         471  1 0.0901 0.0950 0.6082 0.1016 0.1050 
         472  1 0.1449 0.3766 0.0908 0.2573 0.1305 
         473  1 0.3895 0.1565 0.1146 0.2206 0.1188 
         474  1 0.1457 0.1264 0.1881 0.3091 0.2306 
         475  1 0.2548 0.1946 0.1771 0.1310 0.2425 
         476  1 0.1589 0.2216 0.1929 0.0944 0.3322 
         477  1 0.2877 0.1375 0.2211 0.1772 0.1764 
         478  1 0.1859 0.1271 0.1085 0.4455 0.1329 
         479  1 0.2356 0.1270 0.2264 0.1350 0.2759 
         480  1 0.1983 0.1931 0.1221 0.3875 0.0990 
         481  1 0.2463 0.1713 0.2829 0.1431 0.1564 
         482  1 0.1911 0.3552 0.1220 0.1993 0.1324 
         483  1 0.1422 0.1909 0.2387 0.1151 0.3131 
         484  1 0.2719 0.0736 0.0897 0.1583 0.4064 
         485  1 0.1808 0.1030 0.1351 0.1101 0.4710 
         486  1 0.1938 0.1790 0.2342 0.2448 0.1481 
         487  1 0.1774 0.2659 0.1613 0.1828 0.2126 
         488  1 0.2538 0.2305 0.1314 0.1055 0.2789 
         489  1 0.1834 0.1577 0.1589 0.2597 0.2403 
         490  1 0.2364 0.2817 0.1309 0.1958 0.1552 
         491  1 0.1539 0.4413 0.1025 0.1902 0.1121 
         492  1 0.2177 0.1844 0.2814 0.1260 0.1905 
         493  1 0.3186 0.1867 0.1455 0.1540 0.1953 
         494  1 0.2068 0.2781 0.1399 0.1146 0.2607 
         495  1 0.1038 0.0845 0.6240 0.1205 0.0672 
         496  1 0.1542 0.0937 0.1674 0.2668 0.3179 
         497  1 0.2648 0.1195 0.1643 0.3569 0.0944 
         498  1 0.1436 0.1241 0.1742 0.4263 0.1318 
         499  1 0.1838 0.3358 0.1100 0.2432 0.1271 
         500  1 0.1682 0.2882 0.3252 0.1214 0.0970 
         501  1 0.1965 0.1279 0.2179 0.2435 0.2142 
         502  1 0.2223 0.1603 0.2481 0.1588 0.2105 
         503  1 0.1856 0.1696 0.1435 0.3612 0.1400 
         504  1 0.2759 0.1130 0.1206 0.2838 0.2066 
         505  1 0.1878 0.3005 0.2327 0.1145 0.1645 
         506  1 0.2443 0.1522 0.2377 0.1755 0.1903 
         507  1 0.1426 0.2170 0.1994 0.1978 0.2432 
         508  1 0.1350 0.0717 0.1377 0.4425 0.2131 
         509  1 0.1881 0.1549 0.3242 0.1119 0.2209 
         510  1 0.2175 0.0887 0.1563 0.3313 0.2061 
         511  1 0.1766 0.3494 0.1430 0.1850 0.1460 
         512  1 0.1415 0.0830 0.0899 0.5851 0.1005 
         513  1 0.2512 0.0780 0.2793 0.2264 0.1651 
         514  1 0.1767 0.1338 0.1277 0.3502 0.2116 
         515  1 0.1089 0.5483 0.0921 0.1665 0.0841 
         516  1 0.1625 0.1732 0.2778 0.1103 0.2762 
         517  1 0.1913 0.1332 0.3269 0.0880 0.2606 
         518  1 0.1704 0.0977 0.1096 0.3642 0.2581 
         519  1 0.3745 0.1288 0.1621 0.1752 0.1593 
         520  1 0.1871 0.2660 0.2515 0.1637 0.1317 
         521  1 0.2682 0.1660 0.1163 0.2108 0.2387 
         522  1 0.2565 0.1290 0.1964 0.1793 0.2388 
         523  1 0.2458 0.2361 0.1829 0.1915 0.1436 
         524  1 0.1376 0.1044 0.5561 0.0756 0.1263 
         525  1 0.2141 0.2817 0.1555 0.1658 0.1829 
         526  1 0.1382 0.2014 0.1695 0.3420 0.1489 
         527  1 0.2179 0.1739 0.1713 0.2584 0.1784 
         528  1 0.1858 0.4104 0.0835 0.1284 0.1920 
         529  1 0.2694 0.1757 0.2173 0.1981 0.1395 
         530  1 0.2548 0.2501 0.1088 0.1576 0.2287 
         531  1 0.1523 0.2378 0.1500 0.1027 0.3572 
         532  1 0.1282 0.0642 0.6296 0.0997 0.0784 
         533  1 0.1241 0.1119 0.1141 0.5761 0.0738 
         534  1 0.2074 0.2774 0.1431 0.1521 0.2201 
         535  1 0.1761 0.2557 0.2491 0.2264 0.0927 
         536  1 0.1988 0.1497 0.2643 0.2724 0.1148 
         537  1 0.1965 0.3036 0.1138 0.2021 0.1841 
         538  1 0.1967 0.1590 0.2628 0.1402 0.2413 
         539  1 0.1913 0.2128 0.1662 0.2746 0.1550 
         540  1 0.1341 0.2527 0.2328 0.1572 0.2232 
         541  1 0.2326 0.2003 0.1971 0.1132 0.2568 
         542  1 0.1483 0.4443 0.1463 0.1259 0.1353 
         543  1 0.1950 0.4842 0.0959 0.0801 0.1447 
         544  1 0.2345 0.3769 0.1498 0.1174 0.1213 
         545  1 0.1767 0.2279 0.1566 0.2308 0.2081 
         546  1 0.1362 0.4208 0.1512 0.1676 0.1242 
         547  1 0.2528 0.1524 0.2095 0.1444 0.2409 
         548  1 0.1860 0.1834 0.1554 0.2202 0.2550 
         549  1 0.1926 0.1695 0.1830 0.1797 0.2753 
         550  1 0.1907 0.1733 0.1251 0.2897 0.2212 
         551  1 0.1673 0.3862 0.1418 0.1586 0.1461 
         552  1 0.1785 0.1733 0.1420 0.3343 0.1720 
         553  1 0.1922 0.1225 0.2425 0.1922 0.2506 
         554  1 0.1804 0.4831 0.0751 0.1632 0.0981 
         555  1 0.1830 0.1296 0.1864 0.1522 0.3488 
         556  1 0.1677 0.0922 0.2171 0.3931 0.1299 
         557  1 0.3211 0.1656 0.1386 0.1671 0.2076 
         558  1 0.1301 0.3270 0.2603 0.0880 0.1946 
         559  1 0.1661 0.1673 0.1487 0.1792 0.3387 
         560  1 0.1903 0.3844 0.0989 0.1380 0.1883 
         561  1 0.1768 0.1382 0.2568 0.1314 0.2968 
         562  1 0.1591 0.3566 0.1551 0.2058 0.1234 
         563  1 0.2873 0.1823 0.1796 0.1314 0.2194 
         564  1 0.1864 0.1575 0.1487 0.2361 0.2714 
         565  1 0.2398 0.2049 0.1862 0.1731 0.1960 
         566  1 0.1422 0.1282 0.1390 0.1758 0.4147 
         567  1 0.1964 0.2136 0.2797 0.1146 0.1956 
         568  1 0.2940 0.2021 0.1178 0.2702 0.1158 
         569  1 0.1543 0.1126 0.3323 0.2470 0.1539 
         570  1 0.1741 0.2205 0.2853 0.2175 0.1026 
         571  1 0.1932 0.1965 0.1840 0.1859 0.2405 
         572  1 0.1458 0.1261 0.1176 0.4964 0.1141 
         573  1 0.1652 0.2266 0.1888 0.1189 0.3005 
         574  1 0.2219 0.1229 0.2803 0.1500 0.2250 
         575  1 0.1187 0.2068 0.3450 0.1055 0.2239 
         576  1 0.2148 0.2003 0.1149 0.1349 0.3351 
         577  1 0.1492 0.1434 0.2086 0.2944 0.2043 
         578  1 0.2101 0.1903 0.3805 0.1048 0.1143 
         579  1 0.1639 0.1946 0.2480 0.1957 0.1978 
         580  1 0.2440 0.0983 0.1205 0.2383 0.2989 
         581  1 0.1883 0.3298 0.2713 0.1283 0.0823 
         582  1 0.3221 0.1142 0.2555 0.1632 0.1450 
         583  1 0.2184 0.2823 0.1775 0.1326 0.1892 
         584  1 0.2851 0.2009 0.1390 0.1587 0.2163 
         585  1 0.1615 0.1296 0.2371 0.1941 0.2777 
         586  1 0.1650 0.2283 0.2155 0.1010 0.2902 
         587  1 0.2178 0.0959 0.2753 0.2652 0.1458 
         588  1 0.1503 0.1141 0.3006 0.1563 0.2786 
         589  1 0.2319 0.2515 0.1638 0.1634 0.1894 
         590  1 0.1792 0.1608 0.2645 0.1919 0.2036 
         591  1 0.2806 0.2093 0.2021 0.1274 0.1806 
         592  1 0.1908 0.1122 0.2237 0.3053 0.1681 
         593  1 0.2227 0.2564 0.2243 0.1238 0.1727 
         594  1 0.2217 0.3224 0.1334 0.1871 0.1353 
         595  1 0.1851 0.2608 0.1806 0.2255 0.1478 
         596  1 0.2888 0.1640 0.1790 0.2697 0.0985 
         597  1 0.2192 0.2268 0.1708 0.2028 0.1804 
         598  1 0.1305 0.3256 0.1776 0.1515 0.2147 
         599  1 0.1519 0.3329 0.2863 0.0910 0.1377 
         600  1 0.2263 0.1860 0.2229 0.2174 0.1473 
         601  1 0.1985 0.1165 0.1555 0.2003 0.3292 
         602  1 0.1867 0.1206 0.2902 0.2647 0.1378 
         603  1 0.2691 0.1601 0.1148 0.2517 0.2044 
         604  1 0.2919 0.2202 0.1260 0.2411 0.1208 
         605  1 0.1839 0.0816 0.1137 0.3972 0.2236 
         606  1 0.2035 0.3322 0.1374 0.1080 0.2190 
         607  1 0.1755 0.0971 0.1179 0.1551 0.4545 
         608  1 0.3185 0.1730 0.1415 0.2455 0.1214 
         609  1 0.2128 0.2269 0.1216 0.1678 0.2709 
         610  1 0.1345 0.1221 0.3530 0.0885 0.3018 
         611  1 0.2269 0.1380 0.2294 0.1082 0.2975 
         612  1 0.1600 0.1786 0.2778 0.1583 0.2253 
         613  1 0.2267 0.1383 0.2359 0.2165 0.1826 
         614  1 0.1937 0.2568 0.1467 0.1972 0.2057 
         615  1 0.2298 0.0773 0.1174 0.3836 0.1919 
         616  1 0.1925 0.1226 0.1747 0.1432 0.3670 
         617  1 0.2833 0.1796 0.2110 0.2081 0.1179 
         618  1 0.1747 0.0829 0.3293 0.1717 0.2414 
         619  1 0.2917 0.1756 0.2253 0.0928 0.2146 
         620  1 0.1520 0.3311 0.0858 0.1137 0.3174 
         621  1 0.2366 0.2250 0.1726 0.2157 0.1502 
         622  1 0.1639 0.1040 0.1202 0.1640 0.4479 
         623  1 0.2007 0.1480 0.1783 0.1641 0.3088 
         624  1 0.1745 0.0978 0.3786 0.1938 0.1553 
         625  1 0.1370 0.2353 0.1096 0.1550 0.3630 
         626  1 0.1413 0.0981 0.3944 0.1475 0.2188 
         627  1 0.1731 0.2542 0.1066 0.3139 0.1522 
         628  1 0.2095 0.1440 0.1415 0.3628 0.1422 
         629  1 0.1881 0.1479 0.2496 0.1673 0.2471 
         630  1 0.1718 0.2151 0.1383 0.2771 0.1976 
         631  1 0.2108 0.2882 0.1537 0.2339 0.1134 
         632  1 0.1668 0.4135 0.1158 0.1303 0.1736 
         633  1 0.2033 0.1756 0.1563 0.2118 0.2531 
         634  1 0.1936 0.0962 0.4113 0.1666 0.1323 
         635  1 0.1311 0.1150 0.1160 0.2908 0.3471 
         636  1 0.1565 0.1895 0.2115 0.2158 0.2267 
         637  1 0.2034 0.2104 0.1851 0.2700 0.1311 
         638  1 0.1439 0.0948 0.4308 0.1912 0.1393 
         639  1 0.3118 0.1662 0.1318 0.2130 0.1772 
         640  1 0.1709 0.1822 0.1973 0.2136 0.2360 
         641  1 0.2165 0.1818 0.1887 0.1673 0.2457 
         642  1 0.1993 0.1404 0.3889 0.1301 0.1414 
         643  1 0.1819 0.1442 0.1185 0.4197 0.1358 
         644  1 0.1553 0.0679 0.3677 0.1102 0.2989 
         645  1 0.1976 0.3266 0.1695 0.1733 0.1329 
         646  1 0.1402 0.1648 0.3200 0.1903 0.1847 
         647  1 0.1376 0.2278 0.1177 0.3647 0.1523 
         648  1 0.3801 0.1338 0.0954 0.1503 0.2404 
         649  1 0.1350 0.2603 0.2669 0.0890 0.2489 
         650  1 0.1740 0.1831 0.2213 0.1063 0.3152 
         651  1 0.7284 0.0826 0.0522 0.0684 0.0684 
         652  1 0.1418 0.5093 0.0874 0.1191 0.1424 
         653  1 0.1402 0.4817 0.1716 0.1224 0.0840 
         654  1 0.2210 0.1988 0.1502 0.2201 0.2099 
         655  1 0.2062 0.1110 0.0868 0.2011 0.3948 
         656  1 0.1011 0.0675 0.0865 0.5949 0.1500 
         657  1 0.2937 0.1791 0.2120 0.1960 0.1192 
         658  1 0.1819 0.3046 0.1206 0.1070 0.2858 
         659  1 0.1904 0.2557 0.1433 0.1983 0.2123 
         660  1 0.1988 0.2117 0.2416 0.2672 0.0807 
         661  1 0.2356 0.0770 0.3987 0.1948 0.0940 
         662  1 0.1832 0.0963 0.3677 0.1467 0.2061 
         663  1 0.2477 0.1451 0.1555 0.2377 0.2140 
         664  1 0.1633 0.2195 0.1411 0.1840 0.2921 
         665  1 0.2110 0.3064 0.1241 0.2050 0.1535 
         666  1 0.3641 0.2358 0.1023 0.1580 0.1399 
         667  1 0.1793 0.2137 0.2600 0.0888 0.2583 
         668  1 0.3125 0.1154 0.1035 0.1647 0.3039 
         669  1 0.2598 0.2430 0.1324 0.1366 0.2282 
         670  1 0.1461 0.2157 0.2719 0.2460 0.1203 
         671  1 0.1126 0.0971 0.1410 0.5461 0.1032 
         672  1 0.1468 0.4970 0.1245 0.1200 0.1117 
         673  1 0.1902 0.1465 0.2449 0.2900 0.1284 
         674  1 0.2244 0.1426 0.1662 0.3191 0.1477 
         675  1 0.2131 0.1233 0.0889 0.4517 0.1230 
         676  1 0.2290 0.0829 0.4033 0.1295 0.1553 
         677  1 0.1462 0.1431 0.3566 0.1054 0.2487 
         678  1 0.1787 0.1988 0.2374 0.2072 0.1779 
         679  1 0.2215 0.1709 0.1808 0.3034 0.1234 
         680  1 0.2066 0.1435 0.3294 0.1302 0.1904 
         681  1 0.1928 0.1955 0.1024 0.3462 0.1631 
         682  1 0.2185 0.0713 0.1416 0.2591 0.3096 
         683  1 0.1645 0.1313 0.1616 0.1967 0.3458 
         684  1 0.2643 0.3343 0.0838 0.1761 0.1416 
         685  1 0.2061 0.1727 0.1550 0.2734 0.1928 
         686  1 0.2349 0.2115 0.1416 0.2251 0.1870 
         687  1 0.2643 0.1383 0.1307 0.3392 0.1275 
         688  1 0.2799 0.1709 0.1438 0.0995 0.3059 
         689  1 0.1371 0.0687 0.0810 0.5944 0.1188 
         690  1 0.2408 0.2189 0.1269 0.2140 0.1993 
         691  1 0.2323 0.2384 0.1253 0.3063 0.0977 
         692  1 0.1399 0.1812 0.4163 0.1159 0.1467 
         693  1 0.2902 0.1073 0.2351 0.1288 0.2386 
         694  1 0.1697 0.3023 0.1901 0.1550 0.1828 
         695  1 0.1629 0.0950 0.1230 0.4626 0.1565 
         696  1 0.1962 0.2431 0.2425 0.1239 0.1943 
         697  1 0.1550 0.2921 0.2180 0.1414 0.1935 
         698  1 0.1573 0.1333 0.0950 0.3420 0.2724 
         699  1 0.2072 0.1104 0.1151 0.4352 0.1321 
         700  1 0.1270 0.1594 0.1918 0.0880 0.4338 
         701  1 0.2442 0.1775 0.1359 0.2330 0.2093 
         702  1 0.1875 0.2415 0.1523 0.1711 0.2476 
         703  1 0.2713 0.2082 0.2865 0.0871 0.1469 
         704  1 0.1294 0.0990 0.2154 0.1366 0.4196 
         705  1 0.1645 0.3573 0.1639 0.1286 0.1856 
         706  1 0.1746 0.1821 0.1813 0.1416 0.3204 
         707  1 0.2102 0.1427 0.1459 0.1501 0.3510 
         708  1 0.1859 0.2831 0.2166 0.1321 0.1824 
         709  1 0.1856 0.1357 0.3185 0.2515 0.1087 
         710  1 0.1646 0.2615 0.2874 0.1582 0.1283 
         711  1 0.2072 0.2968 0.1825 0.1675 0.1459 
         712  1 0.2125 0.0905 0.1474 0.4454 0.1042 
         713  1 0.1653 0.1807 0.1246 0.1959 0.3335 
         714  1 0.2032 0.1965 0.1670 0.1300 0.3034 
         715  1 0.2343 0.2031 0.1495 0.1882 0.2249 
         716  1 0.1856 0.1296 0.1410 0.3906 0.1532 
         717  1 0.2600 0.3406 0.1263 0.1283 0.1448 
         718  1 0.1338 0.1951 0.2595 0.1495 0.2621 
         719  1 0.1518 0.0792 0.2189 0.1312 0.4189 
         720  1 0.1544 0.3710 0.1478 0.1407 0.1862 
         721  1 0.1503 0.1213 0.2478 0.3186 0.1620 
         722  1 0.2978 0.2694 0.2100 0.0858 0.1370 
         723  1 0.1769 0.1503 0.2457 0.1762 0.2509 
         724  1 0.1336 0.1622 0.0880 0.4836 0.1326 
         725  1 0.1813 0.1215 0.2562 0.2836 0.1574 
         726  1 0.1754 0.1660 0.2806 0.2064 0.1716 
         727  1 0.1731 0.2562 0.1918 0.2528 0.1261 
         728  1 0.1734 0.1834 0.1032 0.0924 0.4475 
         729  1 0.3007 0.1126 0.1401 0.2394 0.2072 
         730  1 0.1554 0.3938 0.1559 0.1051 0.1898 
         731  1 0.2183 0.3020 0.1323 0.1750 0.1725 
         732  1 0.1710 0.3380 0.1612 0.1316 0.1983 
         733  1 0.1695 0.1890 0.1171 0.3669 0.1575 
         734  1 0.2923 0.1728 0.1928 0.1594 0.1826 
         735  1 0.1705 0.1625 0.1708 0.1156 0.3807 
         736  1 0.2272 0.2162 0.1584 0.1296 0.2686 
         737  1 0.1203 0.1290 0.1243 0.5168 0.1095 
         738  1 0.2018 0.1886 0.2182 0.1439 0.2476 
         739  1 0.2621 0.3165 0.1298 0.1458 0.1458 
         740  1 0.2033 0.2702 0.1243 0.1791 0.2232 
         741  1 0.3089 0.2000 0.1502 0.1669 0.1740 
         742  1 0.2107 0.1159 0.1721 0.1188 0.3825 
         743  1 0.1653 0.1108 0.0969 0.5518 0.0751 
         744  1 0.1453 0.1489 0.1061 0.4327 0.1670 
         745  1 0.1285 0.1184 0.1763 0.1208 0.4561 
         746  1 0.1267 0.0950 0.2822 0.1231 0.3729 
         747  1 0.1259 0.4041 0.1847 0.1381 0.1471 
         748  1 0.1472 0.1956 0.1833 0.3038 0.1701 
         749  1 0.1503 0.2051 0.1191 0.2896 0.2358 
         750  1 0.2199 0.1812 0.2447 0.1725 0.1818 
         751  1 0.2150 0.2704 0.1486 0.1536 0.2124 
         752  1 0.1647 0.1067 0.1181 0.3270 0.2835 
         753  1 0.1454 0.2947 0.1464 0.2611 0.1525 
         754  1 0.1388 0.2815 0.3373 0.0968 0.1456 
         755  1 0.1924 0.2228 0.1900 0.2587 0.1360 
         756  1 0.1035 0.1661 0.0903 0.0731 0.5671 
         757  1 0.2717 0.2194 0.1969 0.1317 0.1803 
         758  1 0.1441 0.4544 0.1902 0.1031 0.1082 
         759  1 0.1643 0.1498 0.2134 0.2334 0.2392 
         760  1 0.1554 0.0898 0.2048 0.3725 0.1775 
         761  1 0.2075 0.1771 0.2553 0.1584 0.2018 
         762  1 0.1409 0.5317 0.1042 0.1181 0.1051 
         763  1 0.1877 0.1227 0.1968 0.2340 0.2589 
         764  1 0.2049 0.1488 0.1958 0.1345 0.3160 
         765  1 0.1488 0.1109 0.4197 0.1177 0.2029 
         766  1 0.2232 0.2894 0.1280 0.1618 0.1976 
         767  1 0.1523 0.4341 0.1118 0.1973 0.1045 
         768  1 0.2565 0.2576 0.1712 0.1427 0.1720 
         769  1 0.1537 0.1641 0.3341 0.1045 0.2436 
