           1  1 0.3248 0.1568 0.1290 0.0913 0.1702 0.1279 
           2  1 0.1943 0.1826 0.2467 0.0869 0.1755 0.1141 
           3  1 0.1485 0.1087 0.1785 0.2709 0.1848 0.1087 
           4  1 0.1743 0.0852 0.1892 0.0794 0.2977 0.1742 
           5  1 0.1901 0.3103 0.1643 0.1466 0.0940 0.0948 
           6  1 0.2349 0.1695 0.0817 0.0935 0.1163 0.3042 
           7  1 0.1247 0.2083 0.0731 0.3738 0.1353 0.0848 
           8  1 0.1933 0.1290 0.2039 0.1759 0.1036 0.1943 
           9  1 0.1220 0.0937 0.1038 0.1630 0.4004 0.1172 
          10  1 0.1687 0.0521 0.3541 0.0860 0.0552 0.2839 
          11  1 0.1406 0.1442 0.2475 0.1325 0.0897 0.2455 
          12  1 0.1402 0.1130 0.2132 0.0772 0.1180 0.3385 
          13  1 0.1286 0.1008 0.1150 0.1941 0.1646 0.2968 
          14  1 0.1184 0.1577 0.0826 0.1418 0.4257 0.0739 
          15  1 0.0736 0.6070 0.0592 0.1135 0.0906 0.0561 
          16  1 0.1759 0.1477 0.1589 0.3142 0.0846 0.1187 
          17  1 0.1234 0.1035 0.2309 0.1570 0.2650 0.1201 
          18  1 0.1930 0.1644 0.2385 0.0610 0.2840 0.0591 
          19  1 0.2465 0.1299 0.1062 0.1192 0.3296 0.0687 
          20  1 0.1399 0.0843 0.1544 0.2526 0.2365 0.1322 
          21  1 0.2876 0.1203 0.2508 0.0888 0.0706 0.1819 
          22  1 0.2542 0.1070 0.0761 0.2004 0.2738 0.0885 
          23  1 0.1336 0.2941 0.1404 0.0954 0.0891 0.2475 
          24  1 0.1324 0.0918 0.1411 0.1143 0.1160 0.4044 
          25  1 0.2913 0.1157 0.2396 0.1465 0.1250 0.0820 
          26  1 0.1759 0.2078 0.1723 0.1057 0.2040 0.1343 
          27  1 0.1523 0.1223 0.1212 0.2810 0.1995 0.1239 
          28  1 0.1214 0.2050 0.1909 0.1004 0.0756 0.3066 
          29  1 0.2025 0.1580 0.1866 0.0988 0.2891 0.0650 
          30  1 0.1914 0.1254 0.1676 0.1503 0.2445 0.1208 
          31  1 0.1536 0.0871 0.2131 0.1463 0.1470 0.2528 
          32  1 0.1122 0.4881 0.0807 0.1012 0.1014 0.1163 
          33  1 0.1389 0.3054 0.1377 0.1216 0.1747 0.1217 
          34  1 0.1688 0.1813 0.2101 0.0854 0.2008 0.1536 
          35  1 0.1554 0.2291 0.1376 0.1060 0.2843 0.0876 
          36  1 0.1358 0.2732 0.1339 0.1864 0.2097 0.0611 
          37  1 0.1593 0.1839 0.1774 0.1181 0.1705 0.1908 
          38  1 0.2595 0.1451 0.0989 0.1704 0.1963 0.1299 
          39  1 0.1239 0.1395 0.4074 0.0760 0.0954 0.1578 
          40  1 0.3294 0.1543 0.1462 0.2266 0.0887 0.0548 
          41  1 0.1465 0.0914 0.1647 0.0973 0.1186 0.3815 
          42  1 0.1151 0.3095 0.1458 0.2402 0.0771 0.1123 
          43  1 0.1702 0.0697 0.3930 0.0789 0.2078 0.0804 
          44  1 0.1674 0.1103 0.1295 0.2281 0.2020 0.1628 
          45  1 0.1616 0.2413 0.2004 0.0885 0.0951 0.2131 
          46  1 0.1916 0.1903 0.2099 0.2121 0.1059 0.0902 
          47  1 0.2474 0.0902 0.2394 0.1731 0.1565 0.0935 
          48  1 0.0921 0.5707 0.0934 0.0760 0.1068 0.0610 
          49  1 0.1311 0.0523 0.0729 0.2315 0.3033 0.2089 
          50  1 0.1764 0.1369 0.1139 0.2372 0.2471 0.0885 
          51  1 0.2331 0.0905 0.1875 0.0885 0.2058 0.1946 
          52  1 0.1087 0.0716 0.0760 0.2449 0.0765 0.4223 
          53  1 0.2595 0.1066 0.1472 0.1740 0.1772 0.1354 
          54  1 0.1551 0.1324 0.1682 0.1105 0.2415 0.1922 
          55  1 0.1984 0.3125 0.1965 0.1188 0.0970 0.0768 
          56  1 0.1192 0.4811 0.1165 0.0917 0.0667 0.1248 
          57  1 0.1864 0.1061 0.1413 0.1737 0.1556 0.2369 
          58  1 0.1000 0.6554 0.0654 0.0503 0.0622 0.0668 
          59  1 0.1377 0.2321 0.2328 0.2514 0.0781 0.0680 
          60  1 0.1700 0.1321 0.1111 0.2446 0.1939 0.1483 
          61  1 0.1972 0.0879 0.1417 0.3141 0.1466 0.1124 
          62  1 0.1750 0.1681 0.1925 0.1473 0.0561 0.2610 
          63  1 0.1500 0.1154 0.1390 0.2991 0.1100 0.1864 
          64  1 0.2165 0.0859 0.1976 0.1244 0.1318 0.2438 
          65  1 0.1961 0.1095 0.3130 0.1751 0.1215 0.0848 
          66  1 0.1684 0.0974 0.2524 0.1418 0.1818 0.1582 
          67  1 0.1081 0.0571 0.1534 0.0929 0.0850 0.5036 
          68  1 0.1280 0.1115 0.1190 0.3698 0.1759 0.0958 
          69  1 0.2263 0.0840 0.0948 0.2119 0.0657 0.3173 
          70  1 0.1516 0.2831 0.0716 0.1381 0.1541 0.2016 
          71  1 0.1614 0.0976 0.1638 0.0951 0.1253 0.3569 
          72  1 0.1234 0.0885 0.1173 0.0997 0.0991 0.4721 
          73  1 0.1533 0.2175 0.2588 0.0975 0.1631 0.1097 
          74  1 0.1855 0.0969 0.0984 0.2553 0.1905 0.1734 
          75  1 0.1311 0.1521 0.1508 0.1563 0.2261 0.1836 
          76  1 0.1614 0.0788 0.3909 0.1731 0.1077 0.0881 
          77  1 0.1404 0.2000 0.2721 0.1185 0.1325 0.1366 
          78  1 0.2311 0.0751 0.2813 0.1060 0.1427 0.1639 
          79  1 0.0983 0.2346 0.1051 0.0703 0.0906 0.4011 
          80  1 0.1561 0.1246 0.1498 0.2513 0.1263 0.1919 
          81  1 0.1458 0.0673 0.1907 0.2150 0.0797 0.3016 
          82  1 0.1863 0.2653 0.1480 0.1357 0.0814 0.1834 
          83  1 0.0609 0.0582 0.0565 0.6901 0.0767 0.0576 
          84  1 0.1513 0.1312 0.1985 0.2993 0.1242 0.0956 
          85  1 0.1588 0.1904 0.2232 0.1392 0.1073 0.1811 
          86  1 0.2127 0.2415 0.2390 0.1397 0.0713 0.0958 
          87  1 0.1511 0.0578 0.2939 0.1534 0.0840 0.2599 
          88  1 0.1558 0.2270 0.2951 0.0974 0.1335 0.0912 
          89  1 0.1989 0.1036 0.1405 0.2548 0.2237 0.0785 
          90  1 0.2097 0.1867 0.1091 0.2839 0.0900 0.1206 
          91  1 0.1471 0.1566 0.2330 0.1606 0.1479 0.1548 
          92  1 0.1541 0.2435 0.1095 0.1770 0.0737 0.2423 
          93  1 0.1249 0.0801 0.3410 0.2148 0.1187 0.1205 
          94  1 0.2460 0.0703 0.2246 0.1174 0.2285 0.1132 
          95  1 0.2183 0.2113 0.1093 0.1213 0.1201 0.2198 
          96  1 0.1475 0.1475 0.2304 0.1380 0.2065 0.1301 
          97  1 0.1367 0.1055 0.1611 0.1369 0.0962 0.3636 
          98  1 0.1443 0.1133 0.1478 0.2355 0.1563 0.2027 
          99  1 0.1493 0.0907 0.1624 0.1806 0.1113 0.3058 
         100  1 0.1245 0.1334 0.1127 0.1688 0.1857 0.2748 
         101  1 0.1554 0.0957 0.1346 0.2315 0.1744 0.2083 
         102  1 0.1174 0.4041 0.1127 0.1673 0.1263 0.0722 
         103  1 0.1184 0.2986 0.1110 0.1225 0.2760 0.0736 
         104  1 0.1285 0.1208 0.3969 0.1294 0.0942 0.1303 
         105  1 0.1330 0.1157 0.1536 0.1354 0.2527 0.2096 
         106  1 0.2377 0.1431 0.1082 0.1759 0.1666 0.1685 
         107  1 0.2590 0.1810 0.1421 0.1525 0.0677 0.1976 
         108  1 0.1414 0.1791 0.1135 0.1650 0.0673 0.3337 
         109  1 0.1266 0.1063 0.1580 0.2910 0.1944 0.1237 
         110  1 0.1168 0.0981 0.0997 0.0782 0.4943 0.1129 
         111  1 0.2514 0.2222 0.1150 0.1751 0.1558 0.0804 
         112  1 0.1527 0.1691 0.1356 0.1308 0.3059 0.1059 
         113  1 0.2515 0.1473 0.2410 0.0925 0.0827 0.1849 
         114  1 0.1627 0.1174 0.1052 0.1896 0.3191 0.1060 
         115  1 0.1740 0.1559 0.1112 0.1626 0.0850 0.3113 
         116  1 0.2190 0.2066 0.0879 0.2169 0.1032 0.1664 
         117  1 0.1376 0.4423 0.1203 0.0748 0.0940 0.1309 
         118  1 0.1099 0.0963 0.1378 0.1266 0.3892 0.1401 
         119  1 0.1543 0.3147 0.1770 0.1166 0.1704 0.0670 
         120  1 0.1242 0.4062 0.1472 0.0750 0.1624 0.0850 
         121  1 0.1598 0.0956 0.1096 0.2507 0.2293 0.1550 
         122  1 0.1460 0.0601 0.2417 0.1653 0.1073 0.2796 
         123  1 0.1309 0.4543 0.1040 0.0853 0.1094 0.1162 
         124  1 0.1868 0.0843 0.2288 0.1739 0.0909 0.2353 
         125  1 0.1262 0.3923 0.1140 0.1407 0.0670 0.1598 
         126  1 0.3269 0.1357 0.1426 0.1309 0.1229 0.1409 
         127  1 0.1194 0.1796 0.2294 0.0802 0.1006 0.2908 
         128  1 0.1845 0.3385 0.1249 0.1226 0.0637 0.1659 
         129  1 0.1264 0.0941 0.1249 0.1296 0.0695 0.4556 
         130  1 0.2080 0.0804 0.1930 0.0786 0.1950 0.2451 
         131  1 0.2344 0.0954 0.2984 0.1678 0.0762 0.1278 
         132  1 0.1149 0.5238 0.1393 0.0707 0.0827 0.0687 
         133  1 0.1532 0.2148 0.1729 0.0730 0.3084 0.0777 
         134  1 0.2420 0.1482 0.1361 0.1929 0.1397 0.1411 
         135  1 0.1409 0.0687 0.0910 0.0608 0.5096 0.1289 
         136  1 0.1726 0.1926 0.1586 0.2650 0.1239 0.0873 
         137  1 0.1711 0.1203 0.3992 0.1391 0.0807 0.0896 
         138  1 0.2355 0.1905 0.2293 0.1047 0.1285 0.1114 
         139  1 0.1545 0.2280 0.1625 0.0685 0.1880 0.1985 
         140  1 0.1442 0.0857 0.2100 0.2962 0.0847 0.1792 
         141  1 0.1403 0.1692 0.1409 0.0746 0.2751 0.1999 
         142  1 0.1116 0.5048 0.0915 0.1309 0.0866 0.0746 
         143  1 0.2603 0.0933 0.1288 0.2198 0.0833 0.2146 
         144  1 0.1580 0.1451 0.1736 0.2737 0.1660 0.0836 
         145  1 0.1873 0.1675 0.1822 0.1099 0.2607 0.0923 
         146  1 0.2049 0.0822 0.1379 0.1346 0.2355 0.2049 
         147  1 0.1664 0.1459 0.0971 0.2941 0.1935 0.1031 
         148  1 0.1341 0.1030 0.1311 0.2206 0.2367 0.1745 
         149  1 0.1312 0.3372 0.2011 0.1066 0.0838 0.1402 
         150  1 0.1436 0.0676 0.1312 0.0983 0.3821 0.1772 
         151  1 0.1329 0.0892 0.0849 0.1436 0.3278 0.2215 
         152  1 0.2469 0.1026 0.1460 0.1976 0.1561 0.1507 
         153  1 0.1317 0.1226 0.1316 0.3064 0.1699 0.1378 
         154  1 0.1782 0.1573 0.1491 0.1705 0.1516 0.1932 
         155  1 0.1176 0.4402 0.1113 0.1410 0.0841 0.1058 
         156  1 0.1391 0.1076 0.1024 0.1490 0.1666 0.3354 
         157  1 0.2702 0.1364 0.2031 0.1317 0.1068 0.1518 
         158  1 0.1483 0.0912 0.5190 0.0785 0.0601 0.1029 
         159  1 0.1231 0.2926 0.1540 0.1207 0.1062 0.2033 
         160  1 0.1931 0.2469 0.2165 0.1031 0.1071 0.1334 
         161  1 0.3085 0.2447 0.0980 0.0672 0.2072 0.0745 
         162  1 0.1332 0.1448 0.1818 0.1041 0.2979 0.1383 
         163  1 0.1655 0.1446 0.1076 0.1168 0.3042 0.1612 
         164  1 0.0946 0.4308 0.1557 0.1869 0.0513 0.0808 
         165  1 0.1825 0.1180 0.2338 0.1931 0.1340 0.1386 
         166  1 0.2514 0.1202 0.0991 0.1099 0.1108 0.3087 
         167  1 0.0921 0.5607 0.0617 0.0555 0.0832 0.1467 
         168  1 0.1575 0.1611 0.1771 0.1422 0.1671 0.1950 
         169  1 0.2480 0.1215 0.1163 0.1060 0.1259 0.2823 
         170  1 0.1337 0.0651 0.1084 0.1053 0.3395 0.2481 
         171  1 0.1506 0.2393 0.1220 0.1675 0.1495 0.1711 
         172  1 0.1102 0.0794 0.1454 0.1389 0.3926 0.1335 
         173  1 0.1612 0.2285 0.1530 0.0824 0.1484 0.2265 
         174  1 0.1878 0.1151 0.2028 0.2666 0.1163 0.1114 
         175  1 0.2019 0.0803 0.2807 0.1156 0.2017 0.1197 
         176  1 0.1415 0.0801 0.1355 0.1373 0.3986 0.1070 
         177  1 0.0968 0.0685 0.3035 0.3384 0.0640 0.1287 
         178  1 0.1775 0.1023 0.2829 0.1311 0.1351 0.1711 
         179  1 0.1645 0.2007 0.2504 0.1212 0.1151 0.1480 
         180  1 0.1369 0.0915 0.1465 0.1876 0.2000 0.2375 
         181  1 0.1418 0.3277 0.1580 0.0933 0.1384 0.1407 
         182  1 0.0522 0.0570 0.0538 0.7315 0.0413 0.0642 
         183  1 0.2860 0.1251 0.0921 0.0892 0.3188 0.0888 
         184  1 0.1671 0.1156 0.1382 0.1937 0.2100 0.1754 
         185  1 0.2261 0.1979 0.1502 0.1229 0.1885 0.1144 
         186  1 0.1685 0.1869 0.1059 0.1935 0.2482 0.0971 
         187  1 0.1529 0.1024 0.2379 0.0860 0.2780 0.1428 
         188  1 0.1425 0.3438 0.0949 0.1432 0.1793 0.0963 
         189  1 0.2098 0.1047 0.0820 0.2198 0.2510 0.1327 
         190  1 0.1135 0.1067 0.1271 0.1170 0.2158 0.3198 
         191  1 0.2669 0.1661 0.1877 0.0877 0.1464 0.1452 
         192  1 0.2286 0.1168 0.1364 0.2185 0.0799 0.2198 
         193  1 0.1954 0.1276 0.1478 0.1374 0.2292 0.1626 
         194  1 0.1877 0.3150 0.1940 0.1209 0.1036 0.0788 
         195  1 0.1543 0.0758 0.3866 0.1052 0.0885 0.1897 
         196  1 0.2328 0.1363 0.1716 0.1096 0.2283 0.1214 
         197  1 0.1166 0.3706 0.0877 0.2027 0.1349 0.0875 
         198  1 0.1654 0.1625 0.0786 0.0719 0.3130 0.2086 
         199  1 0.1339 0.1205 0.1202 0.4463 0.0627 0.1164 
         200  1 0.1704 0.2588 0.1033 0.0840 0.1935 0.1900 
         201  1 0.1151 0.0722 0.2807 0.2964 0.0872 0.1485 
         202  1 0.1700 0.1339 0.1543 0.2397 0.1947 0.1074 
         203  1 0.1636 0.1382 0.1685 0.2220 0.0964 0.2113 
         204  1 0.1288 0.0796 0.1568 0.2213 0.2229 0.1907 
         205  1 0.1935 0.1208 0.1991 0.2394 0.1073 0.1399 
         206  1 0.1533 0.0926 0.1764 0.1350 0.0858 0.3569 
         207  1 0.2606 0.1469 0.1747 0.2087 0.0891 0.1200 
         208  1 0.1558 0.0799 0.1656 0.1955 0.2697 0.1334 
         209  1 0.2268 0.1398 0.2839 0.0902 0.0739 0.1854 
         210  1 0.1851 0.1177 0.1678 0.1201 0.1977 0.2116 
         211  1 0.1811 0.0671 0.3841 0.1643 0.0848 0.1186 
         212  1 0.1622 0.1853 0.1067 0.1113 0.3727 0.0619 
         213  1 0.1560 0.2752 0.1931 0.1056 0.1242 0.1458 
         214  1 0.1768 0.0629 0.0896 0.1013 0.0949 0.4745 
         215  1 0.1606 0.2548 0.1280 0.1547 0.1852 0.1168 
         216  1 0.1385 0.1209 0.3380 0.0894 0.1119 0.2012 
         217  1 0.2017 0.2053 0.2337 0.0868 0.1847 0.0879 
         218  1 0.1362 0.4290 0.0934 0.0770 0.1093 0.1550 
         219  1 0.1210 0.1142 0.1247 0.1611 0.3354 0.1436 
         220  1 0.2448 0.0961 0.2176 0.1771 0.0950 0.1693 
         221  1 0.0908 0.0795 0.0778 0.5314 0.0735 0.1470 
         222  1 0.2437 0.1764 0.2137 0.0949 0.1520 0.1192 
         223  1 0.2149 0.2417 0.2145 0.1205 0.0954 0.1131 
         224  1 0.2041 0.1023 0.1805 0.1850 0.1222 0.2059 
         225  1 0.2377 0.0647 0.3108 0.1130 0.0724 0.2014 
         226  1 0.1497 0.1662 0.2569 0.0874 0.2186 0.1212 
         227  1 0.1385 0.1179 0.2934 0.1093 0.0886 0.2522 
         228  1 0.1409 0.1724 0.2728 0.1442 0.1521 0.1177 
         229  1 0.1779 0.1581 0.1253 0.2448 0.1578 0.1361 
         230  1 0.1020 0.1085 0.0982 0.0858 0.5380 0.0676 
         231  1 0.1914 0.1232 0.2886 0.1177 0.1655 0.1136 
         232  1 0.1359 0.1398 0.2913 0.2841 0.0592 0.0897 
         233  1 0.1607 0.0985 0.2330 0.0730 0.3639 0.0709 
         234  1 0.1849 0.1351 0.2966 0.0938 0.1606 0.1290 
         235  1 0.1923 0.1236 0.1477 0.2165 0.2088 0.1111 
         236  1 0.1248 0.2858 0.1625 0.1864 0.1687 0.0718 
         237  1 0.1691 0.1421 0.2530 0.2374 0.0948 0.1037 
         238  1 0.3108 0.1112 0.1055 0.1280 0.2073 0.1373 
         239  1 0.1128 0.1088 0.1597 0.1367 0.3103 0.1718 
         240  1 0.1567 0.1709 0.2063 0.1883 0.1766 0.1012 
         241  1 0.1552 0.0836 0.2966 0.1260 0.1006 0.2382 
         242  1 0.1633 0.1390 0.0881 0.2289 0.0993 0.2814 
         243  1 0.1329 0.3011 0.1017 0.1362 0.1014 0.2267 
         244  1 0.1533 0.0767 0.3033 0.2719 0.0894 0.1054 
         245  1 0.1196 0.2181 0.1356 0.1270 0.2302 0.1695 
         246  1 0.1204 0.2848 0.1125 0.1399 0.1750 0.1674 
         247  1 0.1292 0.0860 0.3477 0.0957 0.2180 0.1234 
         248  1 0.1781 0.0914 0.3199 0.0819 0.2085 0.1202 
         249  1 0.2028 0.1274 0.1164 0.1211 0.2360 0.1962 
         250  1 0.1287 0.4350 0.0985 0.1256 0.1322 0.0800 
         251  1 0.2761 0.2167 0.1498 0.1018 0.1352 0.1203 
         252  1 0.2154 0.0926 0.2139 0.1233 0.0902 0.2646 
         253  1 0.1295 0.2408 0.1169 0.1397 0.0972 0.2759 
         254  1 0.1766 0.1386 0.1048 0.0803 0.3639 0.1357 
         255  1 0.1036 0.1047 0.1119 0.4390 0.1347 0.1062 
         256  1 0.2182 0.2756 0.1551 0.1213 0.0890 0.1409 
         257  1 0.0947 0.0917 0.0877 0.0564 0.1447 0.5248 
         258  1 0.1514 0.1446 0.1534 0.2554 0.1600 0.1350 
         259  1 0.1204 0.0761 0.1218 0.0956 0.1601 0.4260 
         260  1 0.1348 0.1629 0.1920 0.1905 0.0957 0.2241 
         261  1 0.1572 0.0959 0.2379 0.0815 0.2174 0.2101 
         262  1 0.1545 0.1661 0.1848 0.2139 0.1684 0.1122 
         263  1 0.2185 0.0761 0.1671 0.1308 0.2385 0.1690 
         264  1 0.1826 0.1470 0.1738 0.2377 0.1395 0.1195 
         265  1 0.2735 0.0731 0.1841 0.2069 0.1526 0.1098 
         266  1 0.2280 0.2552 0.1354 0.0942 0.1138 0.1734 
         267  1 0.2297 0.1022 0.0900 0.3459 0.1517 0.0805 
         268  1 0.1468 0.1015 0.0957 0.0696 0.4441 0.1423 
         269  1 0.1133 0.0745 0.1298 0.2478 0.2285 0.2061 
         270  1 0.1796 0.0701 0.1978 0.2201 0.2117 0.1207 
         271  1 0.2209 0.1489 0.1856 0.1565 0.1536 0.1345 
         272  1 0.1457 0.0797 0.1967 0.0940 0.1831 0.3008 
         273  1 0.1745 0.1428 0.2271 0.2413 0.1040 0.1103 
         274  1 0.0974 0.0649 0.0989 0.1087 0.5552 0.0749 
         275  1 0.1167 0.0849 0.1593 0.3180 0.2253 0.0958 
         276  1 0.1423 0.2962 0.1883 0.1059 0.0616 0.2057 
         277  1 0.0715 0.0650 0.0629 0.6116 0.0966 0.0924 
         278  1 0.1167 0.0537 0.1584 0.2908 0.1508 0.2296 
         279  1 0.1573 0.2466 0.1629 0.2152 0.1406 0.0776 
         280  1 0.1407 0.1894 0.2350 0.1536 0.1727 0.1086 
         281  1 0.3077 0.0709 0.0885 0.1289 0.1711 0.2328 
         282  1 0.1085 0.0892 0.0895 0.0717 0.2007 0.4403 
         283  1 0.1405 0.2425 0.1326 0.2490 0.1338 0.1015 
         284  1 0.1071 0.1361 0.1179 0.4892 0.0713 0.0784 
         285  1 0.1834 0.1268 0.2894 0.0832 0.1196 0.1976 
         286  1 0.1756 0.0793 0.0808 0.2599 0.1590 0.2453 
         287  1 0.1147 0.4182 0.0800 0.1594 0.1383 0.0895 
         288  1 0.0571 0.0499 0.0680 0.7266 0.0500 0.0484 
         289  1 0.1672 0.1755 0.2201 0.1380 0.1892 0.1100 
         290  1 0.1549 0.0991 0.4488 0.0746 0.1507 0.0719 
         291  1 0.2459 0.2738 0.0966 0.0707 0.2210 0.0921 
         292  1 0.1620 0.1824 0.1294 0.1729 0.0850 0.2683 
         293  1 0.1191 0.1544 0.0781 0.0832 0.4107 0.1545 
         294  1 0.1606 0.0981 0.2527 0.1644 0.1389 0.1852 
         295  1 0.0859 0.6009 0.0733 0.0502 0.0511 0.1386 
         296  1 0.1028 0.1334 0.1074 0.4494 0.1219 0.0850 
         297  1 0.1457 0.1209 0.1704 0.2067 0.2320 0.1243 
         298  1 0.1068 0.1412 0.1104 0.0573 0.1200 0.4644 
         299  1 0.0858 0.5794 0.1100 0.0664 0.0539 0.1045 
         300  1 0.1231 0.1429 0.0946 0.1601 0.2747 0.2046 
         301  1 0.1466 0.2290 0.1174 0.1609 0.1393 0.2068 
         302  1 0.0993 0.6064 0.0719 0.0708 0.0953 0.0564 
         303  1 0.2653 0.0905 0.2103 0.0920 0.2268 0.1150 
         304  1 0.1227 0.1195 0.0898 0.0935 0.1483 0.4262 
         305  1 0.1747 0.1384 0.3244 0.1163 0.1716 0.0746 
         306  1 0.0979 0.2751 0.0746 0.4056 0.0649 0.0820 
         307  1 0.1596 0.1641 0.1666 0.1348 0.1418 0.2331 
         308  1 0.2001 0.1292 0.1722 0.1865 0.1191 0.1928 
         309  1 0.1407 0.0840 0.1212 0.2131 0.1795 0.2614 
         310  1 0.1948 0.0920 0.1142 0.3149 0.1882 0.0959 
         311  1 0.1289 0.2028 0.1159 0.2995 0.0780 0.1749 
         312  1 0.1235 0.0811 0.1194 0.2478 0.2820 0.1462 
         313  1 0.1449 0.1973 0.1598 0.2044 0.1313 0.1624 
         314  1 0.2134 0.1596 0.1228 0.2014 0.0762 0.2267 
         315  1 0.1442 0.1904 0.2027 0.2246 0.0726 0.1655 
         316  1 0.1838 0.1368 0.1014 0.1481 0.1778 0.2521 
         317  1 0.1089 0.0700 0.1459 0.2461 0.2919 0.1373 
         318  1 0.1419 0.0835 0.1109 0.0963 0.4640 0.1035 
         319  1 0.2113 0.2301 0.1630 0.1160 0.1633 0.1162 
         320  1 0.0986 0.3621 0.1598 0.1851 0.0732 0.1213 
         321  1 0.1779 0.1314 0.2776 0.0920 0.2584 0.0627 
         322  1 0.2122 0.1049 0.2402 0.1245 0.1408 0.1773 
         323  1 0.1051 0.1692 0.0977 0.3763 0.1336 0.1180 
         324  1 0.2330 0.0812 0.3465 0.0944 0.1058 0.1392 
         325  1 0.1393 0.1228 0.1238 0.1139 0.3514 0.1488 
         326  1 0.1095 0.0792 0.1169 0.4478 0.1015 0.1451 
         327  1 0.1327 0.1570 0.2722 0.1019 0.2285 0.1078 
         328  1 0.1915 0.1015 0.1562 0.0984 0.1464 0.3059 
         329  1 0.1344 0.1064 0.3561 0.1516 0.0900 0.1616 
         330  1 0.1267 0.0624 0.4927 0.0898 0.0607 0.1678 
         331  1 0.1952 0.1285 0.2042 0.2199 0.1309 0.1214 
         332  1 0.1810 0.0892 0.1157 0.1088 0.2441 0.2612 
         333  1 0.1398 0.1050 0.2431 0.2520 0.1177 0.1425 
         334  1 0.1359 0.0747 0.1015 0.1587 0.3243 0.2051 
         335  1 0.1588 0.1789 0.1037 0.1729 0.1510 0.2346 
         336  1 0.1652 0.1272 0.1840 0.2361 0.1175 0.1700 
         337  1 0.1421 0.1527 0.1264 0.1547 0.3273 0.0969 
         338  1 0.1197 0.0949 0.1738 0.1406 0.0794 0.3916 
         339  1 0.1484 0.2095 0.1354 0.0823 0.0813 0.3430 
         340  1 0.1776 0.0893 0.1764 0.1125 0.3086 0.1356 
         341  1 0.1717 0.3582 0.1144 0.1717 0.1022 0.0818 
         342  1 0.1124 0.0852 0.1315 0.0787 0.0980 0.4943 
         343  1 0.0909 0.0650 0.0913 0.1985 0.0987 0.4556 
         344  1 0.1088 0.0753 0.1023 0.1288 0.3652 0.2196 
         345  1 0.1228 0.1042 0.1249 0.2742 0.1297 0.2442 
         346  1 0.1880 0.1798 0.2093 0.1132 0.1693 0.1403 
         347  1 0.1794 0.1292 0.3358 0.0828 0.0738 0.1990 
         348  1 0.1561 0.2234 0.1074 0.1207 0.1966 0.1958 
         349  1 0.1181 0.1088 0.1129 0.4103 0.1609 0.0889 
         350  1 0.2094 0.1844 0.1398 0.1175 0.1865 0.1623 
         351  1 0.1852 0.1853 0.1175 0.1535 0.2376 0.1209 
         352  1 0.1192 0.1726 0.0851 0.1949 0.2254 0.2027 
         353  1 0.1382 0.2526 0.2475 0.2061 0.0739 0.0816 
         354  1 0.1190 0.0888 0.2064 0.1351 0.0914 0.3592 
         355  1 0.1703 0.1260 0.1063 0.2041 0.1994 0.1939 
         356  1 0.1246 0.1954 0.1008 0.1221 0.1537 0.3034 
         357  1 0.2217 0.1707 0.1366 0.1643 0.1357 0.1710 
         358  1 0.1314 0.1530 0.1330 0.3180 0.1296 0.1349 
         359  1 0.1454 0.3193 0.1378 0.0999 0.1254 0.1721 
         360  1 0.1806 0.2230 0.0923 0.1168 0.2688 0.1185 
         361  1 0.1191 0.2596 0.0889 0.1145 0.0902 0.3276 
         362  1 0.1622 0.1354 0.1451 0.1623 0.2508 0.1441 
         363  1 0.1653 0.0824 0.1521 0.1227 0.3465 0.1311 
         364  1 0.1299 0.1060 0.1720 0.2001 0.2451 0.1468 
         365  1 0.1545 0.1971 0.1385 0.1228 0.2232 0.1640 
         366  1 0.1359 0.2784 0.1048 0.1551 0.1650 0.1607 
         367  1 0.1765 0.2040 0.1390 0.1793 0.1770 0.1243 
         368  1 0.1182 0.1517 0.4886 0.0562 0.0759 0.1094 
         369  1 0.1658 0.2159 0.2120 0.2325 0.0785 0.0952 
         370  1 0.1441 0.2295 0.2218 0.2286 0.0748 0.1012 
         371  1 0.1058 0.2303 0.0960 0.3097 0.0888 0.1694 
         372  1 0.1542 0.3722 0.1172 0.1271 0.1149 0.1143 
         373  1 0.1672 0.2275 0.1269 0.1866 0.1581 0.1337 
         374  1 0.1726 0.1476 0.1992 0.2090 0.1663 0.1053 
         375  1 0.1690 0.1009 0.1082 0.1566 0.1501 0.3153 
         376  1 0.1708 0.1191 0.2244 0.1604 0.2217 0.1036 
         377  1 0.3242 0.2073 0.2195 0.0657 0.1032 0.0801 
         378  1 0.3631 0.1331 0.1276 0.1290 0.1419 0.1053 
         379  1 0.1032 0.5507 0.0650 0.0857 0.1102 0.0852 
         380  1 0.2866 0.2395 0.2044 0.0875 0.0729 0.1091 
         381  1 0.1593 0.1628 0.2096 0.1953 0.1440 0.1290 
         382  1 0.1699 0.1734 0.1370 0.2124 0.1291 0.1782 
         383  1 0.1279 0.1820 0.1554 0.2399 0.0858 0.2090 
         384  1 0.1263 0.3268 0.0554 0.0543 0.3090 0.1283 
         385  1 0.1817 0.0654 0.1705 0.1220 0.1933 0.2670 
         386  1 0.0985 0.6261 0.0744 0.0628 0.0590 0.0792 
         387  1 0.1781 0.1290 0.3969 0.0783 0.1128 0.1048 
         388  1 0.1412 0.4269 0.0823 0.0712 0.1589 0.1195 
         389  1 0.1119 0.1131 0.1015 0.3997 0.1542 0.1196 
         390  1 0.1657 0.1089 0.2327 0.0945 0.0766 0.3216 
         391  1 0.1552 0.3359 0.1526 0.0673 0.1163 0.1726 
         392  1 0.1288 0.1596 0.1295 0.2615 0.0895 0.2312 
         393  1 0.1221 0.3541 0.0865 0.0565 0.2816 0.0992 
         394  1 0.1375 0.0496 0.1702 0.1503 0.0797 0.4128 
         395  1 0.1321 0.1285 0.1491 0.2196 0.2170 0.1537 
         396  1 0.1770 0.0911 0.1393 0.1257 0.2958 0.1712 
         397  1 0.1047 0.0680 0.1366 0.2699 0.3011 0.1197 
         398  1 0.1615 0.1657 0.1730 0.0747 0.1200 0.3051 
         399  1 0.1616 0.2547 0.1243 0.0967 0.1654 0.1973 
         400  1 0.1232 0.3002 0.0968 0.2946 0.0934 0.0918 
         401  1 0.1851 0.1652 0.2659 0.0709 0.1958 0.1171 
         402  1 0.1933 0.1432 0.1669 0.1695 0.1976 0.1295 
         403  1 0.1480 0.0618 0.0865 0.2744 0.2093 0.2201 
         404  1 0.1327 0.0870 0.1108 0.1283 0.0917 0.4495 
         405  1 0.1697 0.0945 0.1813 0.1141 0.2496 0.1908 
         406  1 0.2430 0.1390 0.0899 0.1567 0.0903 0.2811 
         407  1 0.1216 0.4368 0.0905 0.1026 0.1890 0.0595 
         408  1 0.2408 0.1108 0.2365 0.1078 0.1779 0.1262 
         409  1 0.1835 0.1463 0.1702 0.1017 0.1973 0.2010 
         410  1 0.1815 0.1269 0.1617 0.1552 0.1470 0.2277 
         411  1 0.1352 0.0590 0.2412 0.2262 0.2018 0.1366 
         412  1 0.2647 0.1437 0.1833 0.0507 0.1651 0.1925 
         413  1 0.1361 0.0567 0.1484 0.3646 0.1646 0.1296 
         414  1 0.2984 0.1995 0.1292 0.0961 0.1541 0.1226 
         415  1 0.2016 0.1682 0.3813 0.0572 0.0605 0.1313 
         416  1 0.1145 0.0740 0.1068 0.0946 0.5479 0.0622 
         417  1 0.1782 0.1321 0.1706 0.0754 0.0951 0.3487 
         418  1 0.2071 0.1316 0.2563 0.1360 0.1442 0.1248 
         419  1 0.1748 0.1106 0.3155 0.1444 0.0807 0.1740 
         420  1 0.1746 0.0734 0.1332 0.1614 0.3602 0.0971 
         421  1 0.1532 0.0790 0.3821 0.1109 0.1152 0.1596 
         422  1 0.2224 0.1035 0.1736 0.1622 0.1196 0.2187 
         423  1 0.2506 0.1304 0.1156 0.1797 0.2364 0.0873 
         424  1 0.1365 0.0731 0.1790 0.1573 0.3337 0.1205 
         425  1 0.1553 0.1374 0.3776 0.1793 0.0899 0.0606 
         426  1 0.2029 0.2304 0.2540 0.0954 0.0771 0.1402 
         427  1 0.1670 0.1508 0.2268 0.0622 0.0854 0.3078 
         428  1 0.1582 0.1631 0.1092 0.1168 0.1612 0.2914 
         429  1 0.0936 0.2812 0.0715 0.3551 0.0781 0.1204 
         430  1 0.2923 0.1261 0.1366 0.1235 0.1087 0.2128 
         431  1 0.2072 0.0764 0.1307 0.1558 0.2253 0.2046 
         432  1 0.1733 0.2647 0.1138 0.1578 0.2114 0.0789 
         433  1 0.2326 0.2685 0.1188 0.0943 0.1949 0.0909 
         434  1 0.1561 0.1019 0.1260 0.1064 0.2485 0.2611 
         435  1 0.1263 0.1190 0.2777 0.1153 0.2138 0.1479 
         436  1 0.3113 0.1143 0.1479 0.2531 0.0952 0.0782 
         437  1 0.1591 0.2453 0.1450 0.0894 0.2373 0.1240 
         438  1 0.1764 0.4385 0.1021 0.0618 0.1097 0.1116 
         439  1 0.1747 0.1020 0.3797 0.1472 0.0859 0.1105 
         440  1 0.1070 0.0868 0.1064 0.4892 0.1077 0.1029 
         441  1 0.1535 0.1809 0.3397 0.1216 0.1176 0.0866 
         442  1 0.1625 0.0762 0.1812 0.1460 0.2284 0.2056 
         443  1 0.1437 0.1802 0.1189 0.2436 0.1973 0.1163 
         444  1 0.1446 0.3135 0.1165 0.1144 0.1372 0.1738 
         445  1 0.1799 0.1317 0.1376 0.2458 0.0613 0.2436 
         446  1 0.1554 0.0973 0.1247 0.1075 0.1154 0.3997 
         447  1 0.1329 0.1151 0.1470 0.0826 0.3387 0.1838 
         448  1 0.1489 0.1904 0.1874 0.0939 0.1726 0.2068 
         449  1 0.1060 0.1539 0.1041 0.3695 0.1998 0.0666 
         450  1 0.1532 0.0817 0.1246 0.3744 0.1525 0.1135 
         451  1 0.1276 0.2051 0.1348 0.3336 0.0959 0.1030 
         452  1 0.1036 0.1079 0.1170 0.3320 0.0958 0.2437 
         453  1 0.1595 0.1656 0.1698 0.1736 0.2308 0.1007 
         454  1 0.1503 0.0657 0.1103 0.3197 0.2481 0.1059 
         455  1 0.2452 0.1188 0.1909 0.0793 0.0824 0.2834 
         456  1 0.1265 0.1242 0.1259 0.0924 0.0788 0.4522 
         457  1 0.2864 0.2303 0.2084 0.1103 0.0968 0.0677 
         458  1 0.0863 0.1543 0.0914 0.5456 0.0532 0.0692 
         459  1 0.1647 0.2366 0.2898 0.0985 0.0843 0.1261 
         460  1 0.1390 0.1334 0.0880 0.1092 0.1950 0.3354 
         461  1 0.0798 0.0576 0.0781 0.0859 0.6172 0.0814 
         462  1 0.1962 0.0572 0.2344 0.0948 0.1146 0.3027 
         463  1 0.2487 0.3013 0.0896 0.1469 0.0849 0.1286 
         464  1 0.1759 0.2165 0.2218 0.1196 0.1006 0.1656 
         465  1 0.1536 0.0978 0.2757 0.1297 0.0800 0.2632 
         466  1 0.2645 0.2944 0.1195 0.0861 0.1319 0.1036 
         467  1 0.1678 0.1203 0.0999 0.4285 0.1017 0.0818 
         468  1 0.1514 0.2115 0.1475 0.2267 0.1485 0.1143 
         469  1 0.1336 0.1730 0.3884 0.1173 0.1014 0.0864 
         470  1 0.1868 0.2955 0.1727 0.0862 0.1437 0.1151 
         471  1 0.0692 0.0692 0.0684 0.6355 0.0727 0.0849 
         472  1 0.1254 0.3842 0.0915 0.0705 0.2146 0.1138 
         473  1 0.4135 0.1288 0.0688 0.0940 0.1952 0.0997 
         474  1 0.1219 0.0894 0.2249 0.1354 0.2619 0.1665 
         475  1 0.2067 0.1406 0.2832 0.1140 0.0917 0.1638 
         476  1 0.1449 0.1783 0.1255 0.1668 0.0712 0.3133 
         477  1 0.2370 0.0905 0.2076 0.1962 0.1372 0.1316 
         478  1 0.1493 0.0926 0.1765 0.0801 0.4080 0.0935 
         479  1 0.1785 0.0958 0.2532 0.2092 0.0973 0.1660 
         480  1 0.1685 0.1563 0.1454 0.0899 0.3701 0.0698 
         481  1 0.1991 0.1162 0.3142 0.1743 0.0956 0.1006 
         482  1 0.1649 0.3279 0.1712 0.0907 0.1480 0.0973 
         483  1 0.1187 0.1541 0.1355 0.1897 0.0838 0.3182 
         484  1 0.2092 0.0547 0.0921 0.0631 0.1357 0.4453 
         485  1 0.1435 0.0728 0.0918 0.1066 0.0836 0.5017 
         486  1 0.1539 0.1283 0.2338 0.1716 0.2064 0.1059 
         487  1 0.1645 0.2368 0.1375 0.1354 0.1425 0.1833 
         488  1 0.2094 0.1970 0.1019 0.1123 0.0790 0.3004 
         489  1 0.1562 0.1243 0.1273 0.1291 0.2331 0.2299 
         490  1 0.2138 0.2618 0.1252 0.1021 0.1592 0.1379 
         491  1 0.1325 0.4355 0.1047 0.0830 0.1576 0.0867 
         492  1 0.1778 0.1291 0.2494 0.2228 0.0905 0.1305 
         493  1 0.2900 0.1421 0.1967 0.0981 0.1191 0.1541 
         494  1 0.1716 0.2354 0.1830 0.0974 0.0851 0.2275 
         495  1 0.0762 0.0620 0.0662 0.6620 0.0869 0.0468 
         496  1 0.1095 0.0650 0.3151 0.1069 0.2083 0.1952 
         497  1 0.1533 0.0990 0.2617 0.1288 0.3034 0.0538 
         498  1 0.1209 0.0968 0.1108 0.1473 0.4099 0.1143 
         499  1 0.1557 0.3500 0.0869 0.0833 0.2120 0.1121 
         500  1 0.1413 0.2422 0.1867 0.2810 0.0872 0.0616 
         501  1 0.1640 0.1063 0.1898 0.1742 0.2045 0.1613 
         502  1 0.1914 0.1260 0.1654 0.1981 0.1313 0.1877 
         503  1 0.1463 0.1192 0.2267 0.0993 0.3208 0.0877 
         504  1 0.1463 0.0708 0.3597 0.0836 0.2202 0.1194 
         505  1 0.1530 0.2684 0.1494 0.2084 0.0878 0.1330 
         506  1 0.1976 0.1062 0.2802 0.1597 0.1215 0.1349 
         507  1 0.1144 0.2058 0.0892 0.1818 0.1606 0.2482 
         508  1 0.1002 0.0523 0.1181 0.1051 0.4491 0.1753 
         509  1 0.1433 0.1082 0.2572 0.2666 0.0741 0.1507 
         510  1 0.1751 0.0658 0.0724 0.1384 0.3316 0.2166 
         511  1 0.1546 0.3193 0.1563 0.1083 0.1509 0.1104 
         512  1 0.1087 0.0613 0.1306 0.0662 0.5639 0.0693 
         513  1 0.2161 0.0653 0.0927 0.2778 0.2028 0.1452 
         514  1 0.1456 0.1096 0.0858 0.1043 0.3420 0.2127 
         515  1 0.0885 0.5754 0.0682 0.0710 0.1327 0.0641 
         516  1 0.1332 0.1343 0.0987 0.2761 0.0834 0.2743 
         517  1 0.1506 0.1001 0.1920 0.2947 0.0622 0.2004 
         518  1 0.1389 0.0702 0.1580 0.0751 0.3468 0.2110 
         519  1 0.2455 0.0962 0.2738 0.1339 0.1350 0.1156 
         520  1 0.1524 0.1963 0.2402 0.2073 0.1194 0.0844 
         521  1 0.2566 0.1394 0.1341 0.0981 0.1828 0.1890 
         522  1 0.1617 0.0799 0.4230 0.1180 0.1142 0.1032 
         523  1 0.2135 0.1940 0.1853 0.1557 0.1506 0.1009 
         524  1 0.1059 0.0731 0.0960 0.5699 0.0530 0.1021 
         525  1 0.1901 0.2294 0.2122 0.1092 0.1208 0.1384 
         526  1 0.1157 0.1734 0.0890 0.1412 0.3427 0.1380 
         527  1 0.1927 0.1378 0.1524 0.1397 0.2287 0.1487 
         528  1 0.1595 0.3982 0.0940 0.0630 0.0983 0.1870 
         529  1 0.2431 0.1336 0.1474 0.1876 0.1678 0.1205 
         530  1 0.2395 0.2248 0.1077 0.0946 0.1355 0.1980 
         531  1 0.1320 0.2111 0.1241 0.1132 0.0745 0.3450 
         532  1 0.0893 0.0450 0.0738 0.6643 0.0714 0.0561 
         533  1 0.0898 0.0830 0.1133 0.0797 0.5808 0.0534 
         534  1 0.1749 0.2204 0.2075 0.0963 0.1078 0.1931 
         535  1 0.1608 0.2340 0.1324 0.2261 0.1788 0.0680 
         536  1 0.1499 0.0997 0.2535 0.1927 0.2294 0.0748 
         537  1 0.1703 0.2508 0.1539 0.0867 0.1650 0.1733 
         538  1 0.1735 0.1200 0.1907 0.2113 0.1056 0.1988 
         539  1 0.1679 0.1894 0.0890 0.1546 0.2502 0.1489 
         540  1 0.1144 0.2294 0.1181 0.2090 0.1172 0.2118 
         541  1 0.2354 0.1650 0.1365 0.1549 0.0837 0.2246 
         542  1 0.1247 0.3695 0.2116 0.1064 0.0862 0.1017 
         543  1 0.1728 0.4370 0.1631 0.0719 0.0558 0.0993 
         544  1 0.1694 0.3750 0.1719 0.1049 0.0810 0.0978 
         545  1 0.1447 0.2192 0.1269 0.1196 0.1941 0.1954 
         546  1 0.1138 0.4145 0.1143 0.1166 0.1352 0.1056 
         547  1 0.2146 0.1196 0.0987 0.2201 0.1117 0.2352 
         548  1 0.1653 0.1496 0.1668 0.1277 0.1690 0.2216 
         549  1 0.1672 0.1230 0.1917 0.1481 0.1521 0.2179 
         550  1 0.1672 0.1339 0.1467 0.0907 0.2573 0.2041 
         551  1 0.1251 0.3592 0.1779 0.1179 0.1195 0.1005 
         552  1 0.1404 0.1387 0.0791 0.1222 0.3497 0.1700 
         553  1 0.1593 0.0864 0.2099 0.1834 0.1590 0.2020 
         554  1 0.1430 0.4850 0.1173 0.0580 0.1232 0.0736 
         555  1 0.1499 0.0919 0.1593 0.1420 0.1165 0.3403 
         556  1 0.1269 0.0696 0.2008 0.1549 0.3593 0.0884 
         557  1 0.2859 0.1404 0.1095 0.1191 0.1256 0.2195 
         558  1 0.1115 0.2937 0.1588 0.2044 0.0659 0.1657 
         559  1 0.1525 0.1271 0.1756 0.1100 0.1427 0.2921 
         560  1 0.1576 0.3315 0.1891 0.0705 0.1043 0.1469 
         561  1 0.1456 0.0928 0.2436 0.1884 0.0994 0.2301 
         562  1 0.1389 0.3370 0.1263 0.1295 0.1748 0.0934 
         563  1 0.2437 0.1341 0.2088 0.1500 0.0974 0.1660 
         564  1 0.1681 0.1234 0.1262 0.1149 0.1991 0.2682 
         565  1 0.2035 0.1533 0.2227 0.1419 0.1351 0.1435 
         566  1 0.1171 0.0946 0.0832 0.1039 0.1458 0.4553 
         567  1 0.1534 0.1501 0.2453 0.2364 0.0796 0.1352 
         568  1 0.2738 0.1952 0.1076 0.0915 0.2446 0.0872 
         569  1 0.1313 0.0835 0.1354 0.3024 0.2093 0.1382 
         570  1 0.1445 0.1891 0.0841 0.3119 0.1890 0.0816 
         571  1 0.1416 0.1341 0.3155 0.1275 0.1354 0.1459 
         572  1 0.1142 0.0982 0.1059 0.0846 0.5063 0.0908 
         573  1 0.1513 0.1851 0.1618 0.1513 0.0852 0.2653 
         574  1 0.1884 0.0897 0.1813 0.2247 0.1181 0.1978 
         575  1 0.0999 0.1819 0.0983 0.3110 0.0832 0.2258 
         576  1 0.1918 0.1415 0.1764 0.0792 0.1049 0.3061 
         577  1 0.1280 0.1107 0.2003 0.1621 0.2590 0.1399 
         578  1 0.1750 0.1626 0.1111 0.3775 0.0788 0.0950 
         579  1 0.1354 0.1551 0.1689 0.2025 0.1600 0.1781 
         580  1 0.2014 0.0718 0.1747 0.0944 0.2078 0.2499 
         581  1 0.1617 0.3094 0.0761 0.2909 0.0954 0.0665 
         582  1 0.2903 0.0905 0.0888 0.2549 0.1492 0.1264 
         583  1 0.1849 0.2543 0.1826 0.1130 0.1029 0.1623 
         584  1 0.2462 0.1514 0.2635 0.0911 0.1131 0.1347 
         585  1 0.1366 0.0980 0.1210 0.2192 0.1608 0.2644 
         586  1 0.1379 0.1730 0.2147 0.1754 0.0733 0.2256 
         587  1 0.1369 0.0685 0.2862 0.2354 0.1869 0.0862 
         588  1 0.1239 0.0837 0.2336 0.2215 0.1181 0.2191 
         589  1 0.2112 0.2077 0.1770 0.1314 0.1262 0.1466 
         590  1 0.1581 0.1264 0.1397 0.2415 0.1566 0.1776 
         591  1 0.2058 0.1384 0.3081 0.1382 0.0856 0.1239 
         592  1 0.1568 0.0808 0.1818 0.1971 0.2574 0.1260 
         593  1 0.2131 0.2154 0.1009 0.2141 0.0989 0.1576 
         594  1 0.1777 0.2952 0.1985 0.0883 0.1387 0.1016 
         595  1 0.1792 0.2094 0.1698 0.1333 0.1934 0.1149 
         596  1 0.2881 0.1304 0.1173 0.1553 0.2313 0.0776 
         597  1 0.1950 0.1900 0.1522 0.1313 0.1740 0.1575 
         598  1 0.1080 0.3152 0.1073 0.1449 0.1166 0.2080 
         599  1 0.1354 0.2933 0.1350 0.2595 0.0697 0.1072 
         600  1 0.2034 0.1529 0.1720 0.1824 0.1672 0.1220 
         601  1 0.1659 0.0766 0.3018 0.1054 0.1375 0.2129 
         602  1 0.1675 0.0858 0.1568 0.2656 0.2231 0.1011 
         603  1 0.2190 0.1353 0.2040 0.0849 0.2098 0.1470 
         604  1 0.2929 0.1864 0.1173 0.1007 0.2102 0.0925 
         605  1 0.1502 0.0604 0.1064 0.0841 0.3837 0.2152 
         606  1 0.1710 0.3284 0.0959 0.1083 0.0809 0.2154 
         607  1 0.1184 0.0676 0.2853 0.0787 0.1025 0.3475 
         608  1 0.2990 0.1524 0.0817 0.1348 0.2241 0.1080 
         609  1 0.1628 0.1899 0.2338 0.0826 0.1253 0.2056 
         610  1 0.1168 0.0956 0.1169 0.3117 0.0644 0.2946 
         611  1 0.2180 0.1017 0.1042 0.1857 0.0782 0.3122 
         612  1 0.1375 0.1488 0.1429 0.2448 0.1264 0.1996 
         613  1 0.1809 0.1067 0.2313 0.1725 0.1694 0.1392 
         614  1 0.1728 0.1947 0.2021 0.1100 0.1521 0.1682 
         615  1 0.1687 0.0558 0.1083 0.0967 0.4019 0.1686 
         616  1 0.1495 0.0772 0.2483 0.1173 0.1053 0.3024 
         617  1 0.2632 0.1457 0.1793 0.1699 0.1580 0.0838 
         618  1 0.1490 0.0640 0.0944 0.3068 0.1458 0.2400 
         619  1 0.2501 0.1466 0.0978 0.2105 0.0722 0.2228 
         620  1 0.1285 0.3013 0.0857 0.0633 0.0861 0.3351 
         621  1 0.2092 0.1923 0.1459 0.1545 0.1757 0.1224 
         622  1 0.1276 0.0669 0.2832 0.0762 0.1193 0.3268 
         623  1 0.1710 0.1133 0.1668 0.1268 0.1338 0.2883 
         624  1 0.1305 0.0635 0.2813 0.2882 0.1437 0.0927 
         625  1 0.1189 0.1976 0.1162 0.0822 0.1273 0.3578 
         626  1 0.1150 0.0705 0.1461 0.3624 0.1181 0.1880 
         627  1 0.1517 0.2170 0.1681 0.0747 0.2805 0.1081 
         628  1 0.1480 0.0968 0.3103 0.0887 0.2725 0.0838 
         629  1 0.1576 0.1106 0.1859 0.1988 0.1315 0.2156 
         630  1 0.1494 0.1635 0.1722 0.1115 0.2519 0.1515 
         631  1 0.1773 0.2608 0.1349 0.1276 0.2091 0.0903 
         632  1 0.1421 0.3989 0.1470 0.0896 0.0976 0.1247 
         633  1 0.1646 0.1388 0.2043 0.1096 0.1710 0.2117 
         634  1 0.1572 0.0714 0.1502 0.3964 0.1296 0.0952 
         635  1 0.1062 0.0867 0.1380 0.0850 0.2602 0.3240 
         636  1 0.1301 0.1497 0.2061 0.1667 0.1677 0.1797 
         637  1 0.1806 0.1786 0.1136 0.1511 0.2728 0.1033 
         638  1 0.1133 0.0705 0.0858 0.4326 0.1733 0.1246 
         639  1 0.2002 0.1033 0.3497 0.0928 0.1557 0.0983 
         640  1 0.1556 0.1396 0.1969 0.1468 0.1676 0.1935 
         641  1 0.1323 0.1074 0.4437 0.0987 0.1050 0.1129 
         642  1 0.1565 0.0975 0.1455 0.3862 0.1006 0.1137 
         643  1 0.1419 0.1067 0.1717 0.0894 0.3926 0.0978 
         644  1 0.1282 0.0488 0.1379 0.3607 0.0840 0.2403 
         645  1 0.1673 0.2761 0.2023 0.1329 0.1340 0.0873 
         646  1 0.1279 0.1309 0.1372 0.2893 0.1624 0.1523 
         647  1 0.1113 0.1949 0.1498 0.0857 0.3342 0.1241 
         648  1 0.1450 0.0768 0.5404 0.0541 0.0845 0.0992 
         649  1 0.1185 0.2139 0.1620 0.2229 0.0652 0.2175 
         650  1 0.1532 0.1392 0.1447 0.1972 0.0749 0.2908 
         651  1 0.7579 0.0564 0.0556 0.0352 0.0476 0.0473 
         652  1 0.1208 0.5253 0.0917 0.0648 0.0871 0.1103 
         653  1 0.1160 0.4913 0.0876 0.1500 0.0920 0.0630 
         654  1 0.1669 0.1468 0.2958 0.1004 0.1618 0.1283 
         655  1 0.1631 0.0845 0.0832 0.0659 0.1709 0.4324 
         656  1 0.0753 0.0468 0.0638 0.0627 0.6210 0.1303 
         657  1 0.2269 0.1243 0.2363 0.1764 0.1584 0.0776 
         658  1 0.1549 0.2803 0.1237 0.0891 0.0824 0.2697 
         659  1 0.1568 0.2316 0.1366 0.1123 0.1662 0.1964 
         660  1 0.1842 0.1916 0.0966 0.2307 0.2317 0.0652 
         661  1 0.2163 0.0574 0.1299 0.3832 0.1430 0.0703 
         662  1 0.1544 0.0683 0.1349 0.3486 0.1124 0.1814 
         663  1 0.2002 0.1074 0.2498 0.1037 0.1864 0.1525 
         664  1 0.1522 0.1748 0.1167 0.1120 0.1494 0.2949 
         665  1 0.1916 0.2826 0.1296 0.0887 0.1849 0.1226 
         666  1 0.2638 0.1793 0.2589 0.0701 0.1205 0.1074 
         667  1 0.1559 0.1868 0.1634 0.2097 0.0655 0.2187 
         668  1 0.2711 0.0829 0.1835 0.0764 0.1243 0.2618 
         669  1 0.2478 0.2056 0.1401 0.1160 0.1016 0.1890 
         670  1 0.1257 0.1769 0.1618 0.2435 0.2063 0.0858 
         671  1 0.0833 0.0746 0.0807 0.1153 0.5654 0.0807 
         672  1 0.1241 0.4839 0.1149 0.0919 0.0939 0.0913 
         673  1 0.1590 0.1111 0.0876 0.2675 0.2763 0.0985 
         674  1 0.1919 0.1130 0.1588 0.1458 0.2914 0.0990 
         675  1 0.1721 0.0950 0.1159 0.0640 0.4640 0.0890 
         676  1 0.1486 0.0584 0.3111 0.2927 0.0898 0.0996 
         677  1 0.1228 0.1042 0.1632 0.3185 0.0812 0.2102 
